Barcode,Topic 1,Topic 2to3,Topic 4,Topic 5,Topic 6to7,Topic 8,Topic 9to10
AAACAAGTATCTCCCA-1,0.000565,0.150546,0.104123,0.099555,0.00113,0.64295,0.00113
AAACACCAATAACTGC-1,0.00069,0.16232,0.00069,0.146263,0.00138,0.446373,0.242285
AAACAGAGCGACTCCT-1,0.000232,0.221146,0.000232,0.000232,0.000463,0.000232,0.777464
AAACAGCTTTCAGAAG-1,0.000102,0.105275,0.000102,0.000102,0.000205,0.894007,0.000205
AAACAGGGTCTATATT-1,0.000369,0.254267,0.112623,0.000369,0.014606,0.1906,0.427165
AAACATGGTGAGAGGA-1,0.000035,0.437772,0.006335,0.040707,0.07459,0.026129,0.414432
AAACATTTCCCGGATT-1,0.00002,0.177199,0.000541,0.018851,0.13138,0.125488,0.546521
AAACCGGAAATGTTAA-1,0.000971,0.001942,0.000971,0.783843,0.001942,0.000971,0.209359
AAACCGGGTAGGTACC-1,0.000047,0.205952,0.18729,0.032603,0.008078,0.42227,0.143761
AAACCGTTCGTCCAGG-1,0.000009,0.0539,0.828674,0.032808,0.000017,0.084571,0.000022
AAACCTAAGCAGCCGG-1,0.000026,0.133002,0.086004,0.12818,0.026907,0.10719,0.518692
AAACGAAGAACATACC-1,0.000042,0.000084,0.000042,0.000042,0.182296,0.082791,0.734704
AAACGAAGATGGAGTA-1,0.000105,0.308584,0.000105,0.000105,0.137613,0.157879,0.39561
AAACGGGCGTACGGGT-1,0.000032,0.244939,0.001041,0.200175,0.000064,0.026628,0.527121
AAACGGTTGCGAACTG-1,0.000006,0.376064,0.000938,0.574753,0.048219,0.000006,0.000013
AAACGTGTTCGCCCTA-1,0.000083,0.017442,0.000083,0.000083,0.125006,0.381665,0.475638
AAACTAACGTGGCGAC-1,0.00017,0.223385,0.053889,0.00017,0.00034,0.163413,0.558633
AAACTCGGTTCGCAAT-1,0.000046,0.144309,0.004396,0.109531,0.060252,0.222008,0.459458
AAACTCGTGATATAAG-1,0.000047,0.147779,0.044741,0.000047,0.136098,0.549276,0.122012
AAACTGCTGGCTCCAA-1,0.000022,0.186356,0.017435,0.000022,0.000045,0.627909,0.168211
AAACTTAATTGCACGC-1,0.000236,0.543788,0.000236,0.073115,0.000472,0.081225,0.300929
AAACTTGCAAACGTAT-1,0.000087,0.088587,0.060249,0.13144,0.076941,0.494271,0.148426
AAAGAATGACCTTAGA-1,0.000017,0.366749,0.000017,0.164387,0.000033,0.000017,0.46878
AAAGACCCAAGTCGCG-1,0.00002,0.283601,0.061324,0.12155,0.000041,0.026592,0.506872
AAAGACTGGGCGCTTT-1,0.000013,0.679626,0.010568,0.116173,0.000026,0.006036,0.187557
AAAGGCCCTATAATAC-1,0.000028,0.000056,0.052948,0.000028,0.000056,0.003731,0.943153
AAAGGCTACGGACCAT-1,0.00073,0.00146,0.00073,0.00073,0.00146,0.993429,0.00146
AAAGGCTCTCGCGCCG-1,0.000052,0.087874,0.541072,0.011042,0.000103,0.26771,0.092146
AAAGGGATGTAGCAAG-1,0.000008,0.007674,0.85567,0.123419,0.000017,0.000008,0.013203
AAAGGGCAGCTTGAAT-1,0.000018,0.677455,0.052915,0.075416,0.061043,0.03846,0.094692
AAAGGTAAGCTGTACC-1,0.000433,0.847969,0.000433,0.000433,0.103733,0.000433,0.046566
AAAGTAGCATTGCTCA-1,0.000265,0.64391,0.017198,0.022968,0.238212,0.076917,0.000531
AAAGTCACTGATGTAA-1,0.000026,0.000053,0.000026,0.000026,0.63952,0.082323,0.278026
AAAGTGCCATCAATTA-1,0.00003,0.436968,0.006951,0.00003,0.012277,0.339082,0.204663
AAAGTGTGATTTATCT-1,0.000365,0.146011,0.000365,0.102651,0.193351,0.556527,0.00073
AAATAACCATACGGGA-1,0.000028,0.05706,0.000028,0.000028,0.007799,0.113703,0.821355
AAATACCTATAAGCAT-1,0.000028,0.612281,0.065276,0.022294,0.000056,0.180983,0.119081
AAATAGGGTGCTATTG-1,0.000087,0.488796,0.000087,0.098616,0.064608,0.195652,0.152156
AAATCCGATACACGCC-1,0.000051,0.105949,0.001297,0.005275,0.095235,0.079884,0.712309
AAATCGCGGAAGGAGT-1,0.000524,0.330488,0.000524,0.000524,0.001047,0.1878,0.479093
AAATCGTGTACCACAA-1,0.000028,0.174798,0.066971,0.000028,0.000056,0.489612,0.268508
AAATCTAGCCCTGCTA-1,0.000575,0.355136,0.000575,0.170626,0.150904,0.000575,0.32161
AAATGATTCGATCAGC-1,0.00003,0.456372,0.077827,0.051422,0.071684,0.018172,0.324492
AAATGCTCGTTACGTT-1,0.000014,0.426222,0.165803,0.231131,0.000027,0.002291,0.174512
AAATGGCATGTCTTGT-1,0.000023,0.002079,0.005142,0.050382,0.399747,0.104165,0.438463
AAATGGCCCGTGCCCT-1,0.001613,0.307405,0.094021,0.001613,0.133363,0.001613,0.460371
AAATGGTCAATGTGCC-1,0.000029,0.571077,0.08891,0.011707,0.000059,0.24632,0.081898
AAATGTATCTTATCCC-1,0.000021,0.646064,0.00512,0.041329,0.000042,0.018063,0.289361
AAATTACACGACTCTG-1,0.001064,0.002128,0.255422,0.001064,0.002128,0.001064,0.737129
AAATTACCTATCGATG-1,0.000225,0.099127,0.000225,0.000225,0.239816,0.389416,0.270966
AAATTGATAGTCCTTT-1,0.000495,0.128968,0.468495,0.000495,0.136244,0.264312,0.00099
AAATTGCGGCGGTTCT-1,0.000075,0.00015,0.000075,0.000075,0.156143,0.170118,0.673363
AAATTGGTGAGAAGCA-1,0.000016,0.000031,0.000016,0.000016,0.999249,0.000641,0.000031
AAATTTACCGAAATCC-1,0.002128,0.443334,0.002128,0.002128,0.004257,0.002128,0.543896
AAATTTGCGGGTGTGG-1,0.000036,0.211038,0.022316,0.000036,0.000072,0.706866,0.059635
AACAACTGGTAGTTGC-1,0.000028,0.319018,0.165457,0.01661,0.000056,0.212939,0.285891
AACAATACATTGTCGA-1,0.000018,0.001324,0.768671,0.102718,0.000037,0.000018,0.127214
AACAATTACTCTACGC-1,0.000021,0.367504,0.027466,0.013263,0.014069,0.2748,0.302878
AACACACGCTCGCCGC-1,0.000102,0.150195,0.000102,0.151908,0.000205,0.441706,0.255781
AACACGACTGTACTGA-1,0.00005,0.0001,0.00005,0.00005,0.108078,0.195238,0.696434
AACACGAGACGCGGCC-1,0.000069,0.000137,0.056952,0.000069,0.738056,0.20458,0.000137
AACACGCGGCCGCGAA-1,0.000714,0.242051,0.000715,0.000715,0.001429,0.752948,0.001429
AACAGCTGTGTGGCAA-1,0.000027,0.078476,0.09575,0.000027,0.195382,0.290589,0.33975
AACAGGAAATCGAATA-1,0.000017,0.276646,0.061565,0.027177,0.091405,0.023947,0.519243
AACAGGATGGGCCGCG-1,0.000018,0.698544,0.013186,0.010255,0.038544,0.092837,0.146616
AACAGGTAGTATGGAT-1,0.000103,0.291625,0.080628,0.056805,0.000206,0.327512,0.243122
AACATATCAACTGGTG-1,0.000752,0.001504,0.073629,0.000752,0.001504,0.09168,0.830179
AACATCGATACGTCTA-1,0.000048,0.039732,0.067099,0.000048,0.024868,0.273504,0.594703
AACATTGAAGTTGATC-1,0.000031,0.000062,0.02293,0.000031,0.02576,0.000031,0.951154
AACATTGTGACTCGAG-1,0.000045,0.00009,0.024707,0.000045,0.015422,0.527781,0.431911
AACCAGTATCACTCTT-1,0.000479,0.313869,0.034892,0.024441,0.311329,0.000479,0.314512
AACCATAGGGTTGAAC-1,0.000027,0.457742,0.000027,0.095961,0.000054,0.000027,0.446161
AACCATGGGATCGCTA-1,0.000032,0.005739,0.054125,0.010605,0.093237,0.023281,0.81298
AACCCAGAGACGGAGA-1,0.000018,0.009551,0.504525,0.186063,0.008774,0.000693,0.290376
AACCCATCCCATGATC-1,0.000042,0.605413,0.002561,0.017813,0.000084,0.161504,0.212583
AACCCGACAACCCGTG-1,0.000043,0.000086,0.015601,0.000043,0.421235,0.141322,0.421669
AACCCGAGCAGAATCG-1,0.000032,0.000064,0.000032,0.014911,0.600475,0.094488,0.289998
AACCCGATAGGGCTTC-1,0.001563,0.003126,0.001563,0.001563,0.32281,0.66625,0.003126
AACCCTGGTGGAACCA-1,0.000029,0.090336,0.000063,0.006654,0.006875,0.110047,0.785995
AACCGAGCTTGGTCAT-1,0.000124,0.331367,0.266306,0.017396,0.000248,0.215537,0.169023
AACCGCTAAGGGATGC-1,0.000048,0.471412,0.03593,0.000048,0.018297,0.288409,0.185856
AACCGTTGTGTTTGCT-1,0.000037,0.002294,0.007447,0.000037,0.040517,0.265404,0.684265
AACCTCGCTTTAGCCC-1,0.000079,0.174715,0.028224,0.350521,0.000157,0.090718,0.355585
AACCTTTAAATACGGT-1,0.000119,0.172305,0.203931,0.000119,0.000238,0.382272,0.241017
AACCTTTACGACGTCT-1,0.000364,0.86276,0.000364,0.020158,0.000728,0.000364,0.115263
AACGAAAGTCGTCCCA-1,0.000625,0.686907,0.000625,0.000625,0.00125,0.000625,0.309342
AACGATAATGCCGTAG-1,0.000044,0.697887,0.063516,0.120244,0.000089,0.104311,0.013909
AACGATAGAAGGGCCG-1,0.000027,0.036583,0.225846,0.02886,0.029183,0.15309,0.526411
AACGATATGTCAACTG-1,0.00032,0.225101,0.224421,0.001158,0.000639,0.26334,0.285021
AACGCATGATCTGGGT-1,0.000013,0.037493,0.359149,0.023079,0.40804,0.157715,0.014511
AACGCGAACGGCAACA-1,0.000037,0.101979,0.000037,0.007595,0.014191,0.044396,0.831766
AACGCGACCTTGGGCG-1,0.000042,0.101641,0.010346,0.002342,0.0118,0.471565,0.402265
AACGCGGTCTCCAGCC-1,0.000071,0.164656,0.756481,0.060549,0.018029,0.000071,0.000142
AACGCTGTTGCTGAAA-1,0.00244,0.004879,0.00244,0.00244,0.544042,0.00244,0.441319
AACGGACGTACGTATA-1,0.00006,0.00012,0.00006,0.078773,0.323103,0.49585,0.102035
AACGGCCATCTCCGGT-1,0.000016,0.782678,0.064078,0.12609,0.018472,0.008635,0.000032
AACGTACTGTGGGTAC-1,0.000035,0.37018,0.241743,0.000159,0.00007,0.301146,0.086668
AACGTCAGACTAGTGG-1,0.000015,0.082685,0.600755,0.006105,0.000031,0.173575,0.136835
AACGTGATGAAGGACA-1,0.000115,0.516072,0.01126,0.061124,0.00023,0.005605,0.405595
AACGTTATCAGCACCT-1,0.000082,0.000165,0.030558,0.031164,0.019927,0.253585,0.664519
AACTACCCGTTTGTCA-1,0.000071,0.652088,0.000071,0.024244,0.000141,0.095963,0.227424
AACTAGCGTATCGCAC-1,0.000187,0.048421,0.174151,0.073998,0.199329,0.373421,0.130492
AACTAGGCTTGGGTGT-1,0.000064,0.146464,0.37876,0.004951,0.098715,0.140108,0.230938
AACTCCAGAGCGTGTT-1,0.000077,0.000154,0.000077,0.000077,0.000154,0.186046,0.813416
AACTCCTAATCCCATG-1,0.000071,0.369673,0.001326,0.171511,0.067992,0.000071,0.389357
AACTCGATGGCGCAGT-1,0.00003,0.073868,0.013559,0.017758,0.020374,0.022665,0.851745
AACTCTCAGTGTGCTC-1,0.000006,0.008635,0.871923,0.119405,0.000012,0.000006,0.000012
AACTGAGGTCAGCGTC-1,0.000034,0.562394,0.087341,0.174137,0.000068,0.000034,0.175992
AACTGAGTTATACTGA-1,0.000243,0.137685,0.069908,0.000243,0.346911,0.179391,0.265618
AACTGATATTAGGCCT-1,0.000033,0.02919,0.243564,0.003837,0.000066,0.212663,0.510648
AACTGGGTCCCGACGT-1,0.000031,0.01259,0.390559,0.008279,0.031703,0.361724,0.195113
AACTGGTGTGGGCCTT-1,0.000131,0.000262,0.000131,0.000131,0.000262,0.005421,0.993664
AACTTCTGCGTCTATC-1,0.000021,0.590265,0.048073,0.007629,0.06391,0.031144,0.258957
AACTTGCCCGTATGCA-1,0.000024,0.310094,0.03732,0.000946,0.00695,0.43051,0.214156
AACTTGCGTTCTCGCG-1,0.000032,0.188134,0.007489,0.120023,0.009013,0.050112,0.625196
AACTTTACGGGAGCTT-1,0.000055,0.314648,0.008402,0.076572,0.014068,0.208478,0.377777
AACTTTAGCTGCTGAG-1,0.000483,0.065497,0.000483,0.086133,0.27484,0.571597,0.000966
AAGAAATCACCAGATT-1,0.000159,0.058911,0.000159,0.000159,0.237533,0.434912,0.268168
AAGAAGGATCAGTTAG-1,0.000031,0.087218,0.063706,0.076654,0.004187,0.006992,0.761212
AAGACATACGTGGTTT-1,0.000024,0.315109,0.000024,0.228426,0.000047,0.000024,0.456348
AAGACCAAATAACTCA-1,0.000033,0.3781,0.002892,0.132706,0.199531,0.001871,0.284867
AAGACCCAACTGAACA-1,0.000079,0.152861,0.095247,0.000079,0.161303,0.295105,0.295326
AAGACTAACCCGTTGT-1,0.00022,0.00044,0.00022,0.00022,0.488738,0.095176,0.414987
AAGAGATGAATCGGTA-1,0.000063,0.288062,0.01183,0.000063,0.000127,0.462811,0.237044
AAGAGGCCCTTTGGAA-1,0.000037,0.092258,0.000131,0.022677,0.173251,0.317042,0.394603
AAGATGGCACCGGACC-1,0.000258,0.000517,0.022744,0.000258,0.635597,0.338145,0.002481
AAGATTGGCGGAACGT-1,0.000102,0.103155,0.015531,0.000102,0.000203,0.263018,0.61789
AAGCACCCTGCGTATC-1,0.000195,0.370666,0.021755,0.45745,0.149351,0.000195,0.000389
AAGCATACTCTCCTGA-1,0.000022,0.048923,0.426727,0.073617,0.000044,0.000024,0.450641
AAGCCGAAGCGGTTTA-1,0.000119,0.621341,0.091733,0.036494,0.000238,0.153105,0.096969
AAGCCGCCGTGAAATC-1,0.000049,0.21991,0.183934,0.003173,0.000098,0.077789,0.515047
AAGCCGCTTTACCTTG-1,0.000073,0.000146,0.000073,0.000073,0.546921,0.353569,0.099145
AAGCCGGAGAGCAGGA-1,0.000008,0.000017,0.006152,0.170718,0.532822,0.077269,0.213014
AAGCGCAGGGCTTTGA-1,0.000024,0.014153,0.018685,0.000024,0.748925,0.147819,0.07037
AAGCGGAGTGCGCGCA-1,0.000022,0.000044,0.000022,0.000022,0.920223,0.079622,0.000044
AAGCGGCGTCATGGGT-1,0.000028,0.580802,0.00592,0.015039,0.011082,0.012104,0.375025
AAGCGTCCCTCATCGA-1,0.000243,0.203544,0.235546,0.000243,0.000486,0.406627,0.153312
AAGCTAGATCGAGTAA-1,0.000029,0.313364,0.213063,0.039394,0.000058,0.276402,0.15769
AAGCTCTTTCATGGTG-1,0.000547,0.248717,0.104692,0.000547,0.643857,0.000547,0.001093
AAGGAGCGGTTGGTGC-1,0.000058,0.102748,0.25721,0.031693,0.000115,0.330633,0.277543
AAGGATGAGGGACCTC-1,0.000343,0.108082,0.045346,0.000343,0.116164,0.46004,0.269683
AAGGCGCGTAAAGCTT-1,0.000011,0.108576,0.589407,0.020156,0.000023,0.191232,0.090594
AAGGCTGTGCTCATCG-1,0.00006,0.14272,0.164673,0.061513,0.000119,0.293953,0.336963
AAGGGAACGACTGGCT-1,0.001021,0.002041,0.278744,0.001021,0.002041,0.234048,0.481084
AAGGGACAGATTCTGT-1,0.000228,0.085988,0.000228,0.000228,0.000457,0.453515,0.459355
AAGGGACTATGCATTC-1,0.000287,0.737322,0.111666,0.001303,0.000573,0.000287,0.148562
AAGGGTTTGATTTCAG-1,0.00016,0.722798,0.092189,0.00016,0.044175,0.00016,0.14036
AAGGTATCCTAATATA-1,0.000256,0.477051,0.170112,0.000256,0.000512,0.157965,0.193849
AAGGTGATAAACCAGC-1,0.000184,0.45921,0.000184,0.039516,0.000368,0.310942,0.189595
AAGTAGAAGACCGGGT-1,0.000177,0.000353,0.541913,0.000177,0.000353,0.076108,0.380919
AAGTAGTGACGCGAGG-1,0.000141,0.308525,0.091501,0.04003,0.000282,0.171435,0.388085
AAGTCAATTGTCGTCA-1,0.000395,0.194846,0.000395,0.000395,0.000791,0.463246,0.339931
AAGTCTAGTAGCTGCC-1,0.000147,0.20867,0.045851,0.000147,0.258045,0.222052,0.265088
AAGTGAGTCGGGTTTA-1,0.00021,0.000419,0.153289,0.00021,0.282295,0.267837,0.29574
AAGTGCAAAGGTAGAC-1,0.000024,0.571559,0.001155,0.153974,0.052972,0.007568,0.212748
AAGTGCCTTGACTGTA-1,0.00011,0.175929,0.062352,0.00011,0.027813,0.452123,0.281564
AAGTGCGTTAGAATCT-1,0.000269,0.000538,0.000269,0.000269,0.997849,0.000269,0.000538
AAGTGCTTCTCTATTG-1,0.000062,0.000125,0.000062,0.000062,0.229472,0.215126,0.555089
AAGTGTTTGGAGACGG-1,0.000061,0.519694,0.005807,0.007134,0.000121,0.322288,0.144895
AAGTTCACTCCAAGCT-1,0.000072,0.000145,0.085142,0.007104,0.774488,0.093804,0.039246
AAGTTCAGTCTGCGTA-1,0.000047,0.022676,0.006223,0.000047,0.040032,0.201972,0.729003
AAGTTCGGCCAACAGG-1,0.000026,0.542012,0.084064,0.069345,0.01088,0.291191,0.002481
AAGTTGTGATGTTATA-1,0.000086,0.000172,0.000086,0.000086,0.025084,0.344584,0.629903
AAGTTTACTAATGGCA-1,0.000167,0.118021,0.134543,0.114666,0.237743,0.148957,0.245903
AAGTTTATGGGCCCAA-1,0.000039,0.270458,0.000039,0.06697,0.000077,0.004786,0.657631
AATAACACTAGAACAA-1,0.000008,0.08168,0.761953,0.091653,0.000016,0.06349,0.001199
AATAATCTTCGTATCG-1,0.002942,0.005884,0.002942,0.002942,0.005884,0.680509,0.298897
AATACAATGTTTCAGG-1,0.000044,0.576822,0.070263,0.064157,0.007827,0.105254,0.175633
AATACCGGAGGGCTGT-1,0.000032,0.02894,0.005745,0.000032,0.339304,0.159923,0.466024
AATAGAACAGAGTGGC-1,0.000017,0.058875,0.724226,0.004846,0.000034,0.116732,0.09527
AATAGAATCTGTTTCA-1,0.000018,0.530308,0.021894,0.29024,0.052776,0.103796,0.000967
AATAGCTACCGCGTGC-1,0.000057,0.123564,0.016131,0.000057,0.000114,0.305649,0.55443
AATAGTCCGTCCCGAC-1,0.000076,0.081684,0.394784,0.000076,0.000219,0.24788,0.27528
AATAGTCGCGAGTCGG-1,0.000073,0.193203,0.010086,0.02753,0.017562,0.161455,0.590091
AATATCAAGGTCGGAT-1,0.000033,0.239863,0.000033,0.099708,0.024679,0.000033,0.63565
AATATCCTAGCAAACT-1,0.000207,0.082593,0.047482,0.000207,0.000414,0.312086,0.557011
AATATCGAATCAATGC-1,0.000142,0.540866,0.000142,0.000142,0.221081,0.104789,0.132838
AATATCGAGGGTTCTC-1,0.000541,0.877073,0.000541,0.057897,0.062326,0.000541,0.001081
AATCAGACTGCAGGAC-1,0.000032,0.008509,0.029629,0.000032,0.175036,0.332906,0.453856
AATCAGGTTTCATTTA-1,0.000082,0.000163,0.000082,0.000082,0.000163,0.000082,0.999347
AATCATGTAAAGACTC-1,0.000178,0.261877,0.142702,0.000178,0.0373,0.199018,0.358748
AATCCAAGGGCCTGAG-1,0.000038,0.000076,0.000038,0.000038,0.200328,0.05107,0.748413
AATCCATGCAAGGGTG-1,0.000032,0.184293,0.007289,0.118717,0.000064,0.000032,0.689573
AATCGGGACACTACGA-1,0.000073,0.000146,0.000073,0.000073,0.067745,0.094366,0.837523
AATCGTGAGCCGAGCA-1,0.000041,0.002515,0.000041,0.000041,0.26083,0.36377,0.372761
AATCTAGGTTTACTTG-1,0.000156,0.905493,0.000156,0.000156,0.000312,0.091204,0.002525
AATCTATGCCGGAGCC-1,0.000208,0.000417,0.000208,0.074761,0.000417,0.698179,0.225809
AATCTGCGTTGGGACG-1,0.000111,0.000223,0.000111,0.000111,0.000223,0.930627,0.068594
AATCTGGCTTTCTAGT-1,0.000175,0.637733,0.016845,0.00727,0.000351,0.133075,0.20455
AATGACAGCAATGTCT-1,0.000433,0.219935,0.000433,0.000433,0.000866,0.358231,0.419669
AATGACGTAGGATGTC-1,0.000032,0.166597,0.000032,0.000032,0.000063,0.832431,0.000813
AATGACTGTCAGCCGG-1,0.000036,0.069751,0.68839,0.028592,0.000073,0.019904,0.193254
AATGAGTTCGCATATG-1,0.000023,0.557647,0.028403,0.126732,0.000045,0.000023,0.287128
AATGATGATACGCTAT-1,0.000051,0.573077,0.026348,0.062019,0.033045,0.10706,0.1984
AATGATGCGACTCCTG-1,0.003031,0.006062,0.003031,0.003031,0.410823,0.003031,0.57099
AATGCAACCGGGTACC-1,0.000009,0.026605,0.815499,0.157841,0.000019,0.000009,0.000019
AATGCACCAAGCAATG-1,0.000521,0.418849,0.181152,0.000521,0.001042,0.237471,0.160444
AATGGTCCACCGTTCA-1,0.000011,0.841153,0.00863,0.009703,0.025228,0.059645,0.05563
AATGGTTCTCACAAGC-1,0.000019,0.123323,0.25923,0.131658,0.000386,0.262183,0.223202
AATGTATGGCACTGTA-1,0.000037,0.361266,0.000037,0.052267,0.000073,0.000037,0.586284
AATGTGCCCGAGGTGT-1,0.000138,0.415964,0.000138,0.000138,0.06969,0.315497,0.198435
AATGTGCTAATCTGAG-1,0.000045,0.000089,0.023877,0.000045,0.080462,0.291808,0.603675
AATGTTGTCGTGAGAC-1,0.000037,0.000074,0.000037,0.000037,0.000074,0.000037,0.999705
AATTAACGGATTTCCA-1,0.000245,0.002382,0.117483,0.179436,0.000489,0.654259,0.045706
AATTACGAGACCCATC-1,0.000658,0.628416,0.000658,0.000658,0.001316,0.000658,0.367635
AATTACTCGTACGCTC-1,0.000024,0.000048,0.000024,0.000024,0.277488,0.123136,0.599256
AATTAGCGCTGCAGCG-1,0.000016,0.020528,0.637732,0.015201,0.044451,0.131929,0.150143
AATTCATAAGGGATCT-1,0.000054,0.556557,0.044253,0.023286,0.000108,0.117745,0.257997
AATTCATTGTCATGCA-1,0.000312,0.000623,0.172561,0.000312,0.005213,0.144617,0.676363
AATTCCAAGCATGTAC-1,0.000067,0.170143,0.028563,0.000779,0.000134,0.354551,0.445763
AATTCGATTCGAGGAT-1,0.000046,0.215833,0.068277,0.010328,0.172785,0.057195,0.475535
AATTCTAGAGTTAGGC-1,0.000038,0.235603,0.354836,0.040655,0.000076,0.25005,0.118742
AATTGAACGCTCTGGT-1,0.000035,0.415419,0.007868,0.000035,0.00007,0.349556,0.227017
AATTGCAGCAATCGAC-1,0.000025,0.158317,0.049122,0.034529,0.12939,0.317785,0.310832
AATTGCGTGGATTACA-1,0.000064,0.006762,0.000064,0.000064,0.000128,0.000064,0.992855
AATTGTGGTTGCCAAA-1,0.000224,0.272417,0.000224,0.000224,0.368374,0.103015,0.255523
AATTTGGGACATAGTA-1,0.000827,0.001653,0.000827,0.000827,0.001653,0.099931,0.894283
AATTTGGTTCCAAAGA-1,0.000034,0.14862,0.036373,0.00829,0.010756,0.07745,0.718477
ACAAACCATGCGTCCT-1,0.00082,0.00164,0.00082,0.00082,0.53958,0.00082,0.455501
ACAAAGAAGGTAGGCC-1,0.000065,0.053864,0.007752,0.000065,0.241399,0.379909,0.316946
ACAAAGCATGACCTAG-1,0.000081,0.099218,0.039792,0.092798,0.089464,0.225211,0.453437
ACAAATCGCACCGAAT-1,0.000024,0.795877,0.009528,0.04211,0.000049,0.053714,0.098697
ACAAATGGTAGTGTTT-1,0.000045,0.36843,0.025422,0.007603,0.000089,0.381925,0.216486
ACAAATTCAGATCTGA-1,0.000124,0.610097,0.040009,0.000124,0.000248,0.08019,0.269208
ACAACAGCATGAGCTA-1,0.000065,0.170054,0.207362,0.000065,0.000131,0.418411,0.203911
ACAACGGTCCCTGCGA-1,0.000044,0.598368,0.018491,0.155497,0.013226,0.018512,0.195862
ACAAGCAGTGCCTAGC-1,0.000016,0.196984,0.015594,0.000016,0.000033,0.361138,0.426219
ACAAGGAAATCCGCCC-1,0.000031,0.421276,0.073864,0.000047,0.000061,0.331615,0.173107
ACAAGGACAAGAGGTT-1,0.000043,0.285879,0.181746,0.000043,0.000086,0.234812,0.297391
ACAAGGATGCTTTAGG-1,0.000026,0.214539,0.022882,0.018263,0.148022,0.120996,0.475271
ACAAGGGCAGGCTCTG-1,0.000038,0.209097,0.201056,0.014215,0.000077,0.518515,0.057002
ACAATAGTCGTACGTT-1,0.00008,0.250082,0.024487,0.00008,0.134426,0.279025,0.311821
ACAATGAATACGGAGA-1,0.00003,0.197217,0.055182,0.00003,0.03434,0.322751,0.39045
ACAATGATTCTTCTAC-1,0.000143,0.447907,0.000143,0.000143,0.089116,0.030496,0.432051
ACAATTGTGTCTCTTT-1,0.000071,0.362426,0.000071,0.088772,0.026534,0.435544,0.086581
ACAATTTAGGAGGCTC-1,0.000081,0.454837,0.035388,0.000081,0.000162,0.288074,0.221376
ACAATTTGAGCAGTGG-1,0.000073,0.000146,0.040587,0.000073,0.000146,0.743001,0.215975
ACACAAAGACGGGTGG-1,0.000057,0.008824,0.702066,0.000057,0.015079,0.167563,0.106354
ACACAAATATTCCTAG-1,0.000041,0.05622,0.000565,0.000041,0.821715,0.066105,0.055313
ACACACCAGGACCAGT-1,0.000101,0.236077,0.000101,0.000101,0.000203,0.36455,0.398866
ACACACTTTCTACACG-1,0.000053,0.000107,0.046988,0.000053,0.015794,0.047101,0.889903
ACACATGATCAAATCT-1,0.000529,0.398856,0.000529,0.000529,0.001059,0.232289,0.366209
ACACATTGACGCAACA-1,0.000017,0.152784,0.000026,0.313465,0.035911,0.046104,0.451692
ACACCCAGCATGCAGC-1,0.000006,0.043094,0.872637,0.084231,0.000013,0.000006,0.000013
ACACCCGAGAAATCCG-1,0.000019,0.209406,0.232565,0.030626,0.341657,0.003707,0.182019
ACACCGAGCGCTCTTT-1,0.000047,0.013702,0.023707,0.000047,0.121835,0.137135,0.703528
ACACCGGTCTGACCGC-1,0.000047,0.704128,0.006324,0.109394,0.000095,0.000047,0.179964
ACACCTTAAGTAGGGC-1,0.000016,0.06687,0.557614,0.002682,0.000032,0.092003,0.280783
ACACGAGACTCCTTCT-1,0.000021,0.219149,0.350336,0.030116,0.008318,0.20545,0.186611
ACACGGCACTATGCAT-1,0.000036,0.000073,0.000036,0.000036,0.595655,0.080786,0.323377
ACACGGGAACTTAGGG-1,0.00007,0.052732,0.14128,0.026787,0.009362,0.561264,0.208506
ACACGTAGGCCACAAG-1,0.000054,0.000108,0.009939,0.000054,0.163669,0.299743,0.526433
ACACTCCAATGTCACT-1,0.000027,0.415044,0.000027,0.031594,0.000053,0.105257,0.447998
ACACTGATCAAGGTGT-1,0.000031,0.102596,0.556516,0.015643,0.000063,0.28434,0.04081
ACACTGGGACAGTCGT-1,0.00009,0.00018,0.09544,0.018001,0.246489,0.171258,0.468541
ACAGAACTGAGAACAA-1,0.00027,0.669167,0.064484,0.00027,0.000541,0.191792,0.073475
ACAGATTAGGTTAGTG-1,0.000038,0.145179,0.000038,0.074249,0.019376,0.000038,0.761082
ACAGCATAGAGCCAGT-1,0.000057,0.011304,0.023986,0.000057,0.080169,0.166687,0.717738
ACAGCGACATTCTCAT-1,0.00028,0.217824,0.074212,0.00028,0.00056,0.64034,0.066502
ACAGCGCACCCGCAGC-1,0.000097,0.000194,0.758292,0.067587,0.000194,0.000097,0.173539
ACAGGCACGGATCCTT-1,0.000023,0.14654,0.000023,0.116901,0.000046,0.000023,0.736444
ACAGGCTTGCCCGACT-1,0.000068,0.524381,0.055947,0.136712,0.017295,0.069922,0.195675
ACAGGTGGAGGTGAGG-1,0.000023,0.044495,0.622514,0.000023,0.000045,0.126009,0.206892
ACAGTAATACAACTTG-1,0.000188,0.000377,0.0586,0.145334,0.136782,0.40242,0.256299
ACAGTATACCGTGGGA-1,0.000029,0.376897,0.020735,0.000113,0.271007,0.207038,0.12418
ACATAAGTCGTGGTGA-1,0.000253,0.416174,0.000253,0.000253,0.000505,0.121309,0.461255
ACATAATAAGGCGGTG-1,0.000041,0.023266,0.731231,0.17845,0.06689,0.000041,0.000082
ACATCCCGGCCATACG-1,0.00012,0.005381,0.425805,0.082019,0.000239,0.303079,0.183358
ACATCGTATGCAATGG-1,0.000043,0.416662,0.046655,0.007502,0.000086,0.378058,0.150992
ACATCGTTAACCTAGT-1,0.000054,0.055756,0.041672,0.047598,0.000109,0.008961,0.845851
ACATGGCTCAATTTAG-1,0.000028,0.171266,0.000028,0.221241,0.029034,0.07157,0.506834
ACATTAGTTTATATCC-1,0.000024,0.092577,0.577846,0.049464,0.000049,0.259579,0.02046
ACCAAACACCCAGCGA-1,0.000067,0.000134,0.000067,0.000067,0.100765,0.208285,0.690615
ACCAACACCACACACT-1,0.000021,0.300249,0.031889,0.005735,0.274543,0.238544,0.149018
ACCAACCGCACTCCAC-1,0.000024,0.015894,0.000024,0.000024,0.430099,0.128468,0.425468
ACCAACGCTTATTTAT-1,0.000023,0.063436,0.665333,0.01937,0.010106,0.133258,0.108474
ACCAAGAACGCGTGTC-1,0.000029,0.209276,0.056204,0.125738,0.032357,0.111045,0.465351
ACCAAGTCATCGGCAG-1,0.000094,0.145986,0.000094,0.000094,0.397414,0.24084,0.215477
ACCAATATGCAAGTTA-1,0.000764,0.25996,0.000764,0.415057,0.001527,0.320401,0.001527
ACCACAACTCAGAACA-1,0.000089,0.000177,0.000089,0.000089,0.000177,0.000089,0.999292
ACCACAAGTTTCTATC-1,0.000118,0.167051,0.063532,0.000118,0.000236,0.535035,0.233911
ACCACCCTCTCTTCTA-1,0.000158,0.191781,0.032045,0.000158,0.24382,0.156578,0.375461
ACCACGTGCAGCTATA-1,0.000032,0.458787,0.068151,0.000032,0.000064,0.429342,0.043592
ACCACTGTTCAAGAAG-1,0.000024,0.000048,0.003312,0.000024,0.109042,0.017356,0.870193
ACCAGTGCCCGGTCAA-1,0.000019,0.446769,0.024058,0.116215,0.082604,0.047184,0.283151
ACCAGTGCGGGAGACG-1,0.0002,0.405337,0.0002,0.0002,0.000401,0.346732,0.246929
ACCATCCGCCAACTAG-1,0.000208,0.131878,0.048799,0.000208,0.000415,0.5971,0.221393
ACCATCGTATATGGTA-1,0.000095,0.388606,0.155061,0.058492,0.063067,0.200057,0.134622
ACCATTAAGGGTGTCA-1,0.000027,0.020271,0.02386,0.000027,0.171665,0.195294,0.588858
ACCCAACGCCCGTGGC-1,0.000101,0.000202,0.000101,0.000101,0.32733,0.533996,0.138169
ACCCACCTACATGCTC-1,0.000029,0.460804,0.050597,0.002622,0.000058,0.205302,0.280588
ACCCATTTGTCCCTCT-1,0.000018,0.072605,0.027374,0.025083,0.758899,0.07348,0.042541
ACCCGAGCGAAATTAC-1,0.000076,0.008086,0.068964,0.000076,0.15843,0.287544,0.476825
ACCCGATTGGTTCCGA-1,0.000035,0.000071,0.000035,0.000035,0.444957,0.080801,0.474064
ACCCGGAAACTCCCAG-1,0.000048,0.188023,0.236837,0.574851,0.000097,0.000048,0.000097
ACCCGGAGCACCACAA-1,0.000018,0.002048,0.004065,0.503138,0.000035,0.047246,0.443449
ACCCGGTTACACTTCC-1,0.000106,0.368574,0.168159,0.046852,0.000212,0.375098,0.041
ACCCGTAGTCTAGTTG-1,0.000027,0.082053,0.00248,0.008212,0.000053,0.000027,0.907149
ACCCGTGTCATCAGTA-1,0.002041,0.004083,0.429407,0.002041,0.004083,0.279215,0.27913
ACCCTATAGGACTGAG-1,0.000034,0.000069,0.051197,0.000034,0.022046,0.038898,0.887721
ACCCTATGCCATATCG-1,0.000029,0.023776,0.774431,0.103177,0.039669,0.026132,0.032786
ACCCTCCCGTCAGGGC-1,0.00003,0.010447,0.00003,0.015316,0.000059,0.00003,0.974089
ACCCTCCCTTGCTATT-1,0.000036,0.479436,0.05317,0.012109,0.000071,0.360474,0.094704
ACCCTGGTAACGCCCT-1,0.00007,0.008465,0.00007,0.00007,0.453207,0.407787,0.13033
ACCCTTCATCTGCGAA-1,0.000037,0.433509,0.025321,0.004059,0.000073,0.000037,0.536964
ACCCTTGCCTGGGTCG-1,0.000056,0.237803,0.024811,0.000056,0.497372,0.221272,0.018631
ACCCTTTAGTTCTCCA-1,0.000214,0.298983,0.000214,0.064922,0.187373,0.000214,0.44808
ACCGAAAGGGCCCTGC-1,0.000069,0.000138,0.000069,0.000069,0.028247,0.03798,0.933428
ACCGAAGAGTCTGGTT-1,0.000128,0.312531,0.04041,0.000128,0.000256,0.059069,0.587477
ACCGACACATCTCCCA-1,0.002565,0.00513,0.002565,0.385786,0.005129,0.441536,0.157289
ACCGACTGAGTCCCAC-1,0.000083,0.129025,0.197838,0.000083,0.000167,0.325257,0.347548
ACCGAGTCTCCTTATT-1,0.00011,0.175534,0.00011,0.00011,0.297877,0.114095,0.412165
ACCGATAGGCATAACC-1,0.000039,0.000077,0.000039,0.001904,0.715815,0.126958,0.155169
ACCGATATTTAATCAT-1,0.00101,0.002021,0.00101,0.00101,0.002021,0.854787,0.13814
ACCGCAATAACTGCCT-1,0.000021,0.68721,0.03972,0.110475,0.003398,0.121354,0.037823
ACCGCGGTGGAAGTCG-1,0.000159,0.347342,0.064215,0.022769,0.000318,0.220023,0.345175
ACCGGGCCTTTGTTGA-1,0.000377,0.238371,0.000377,0.000377,0.000755,0.647556,0.112185
ACCGGTCAGGTACACC-1,0.000565,0.544574,0.072549,0.000565,0.076303,0.000565,0.304879
ACCGTCCACTGGGCCC-1,0.000032,0.291811,0.000032,0.003613,0.000063,0.288821,0.415628
ACCGTGACCACGTGGG-1,0.000081,0.03829,0.807596,0.047065,0.000163,0.000081,0.106722
ACCTAAGTACCTTTCA-1,0.000424,0.210512,0.000424,0.077736,0.000848,0.532903,0.177154
ACCTAATCGACTTCCT-1,0.000117,0.457906,0.058955,0.006141,0.019627,0.144621,0.312633
ACCTACTATAAATCTA-1,0.000037,0.000073,0.004873,0.000037,0.372476,0.125361,0.497144
ACCTCCGCCCTCGCTG-1,0.001471,0.173247,0.107536,0.309278,0.404055,0.001471,0.002942
ACCTCGAACTTATGCT-1,0.000146,0.349365,0.000146,0.042444,0.032493,0.062982,0.512425
ACCTGCGTGTCATGTT-1,0.0004,0.048308,0.071071,0.0004,0.07641,0.582256,0.221154
ACGAAATGGGCGGCAC-1,0.00013,0.422713,0.051144,0.00013,0.000259,0.325786,0.199839
ACGACCCATGAGTTGC-1,0.000018,0.044471,0.013645,0.598435,0.019131,0.029213,0.295087
ACGACTGGTCATACTC-1,0.000037,0.215543,0.053831,0.07874,0.403794,0.162459,0.085595
ACGAGAACCCATCACG-1,0.000036,0.000072,0.004074,0.000036,0.084659,0.054566,0.856556
ACGAGATATTTGCTTA-1,0.000355,0.635111,0.000355,0.000355,0.000709,0.000355,0.362761
ACGAGGATACCACTCT-1,0.001205,0.397043,0.001205,0.001205,0.157871,0.439061,0.00241
ACGAGGTTTACAACGT-1,0.000275,0.491433,0.068838,0.000275,0.00055,0.15821,0.280419
ACGAGTACGGATGCCC-1,0.002326,0.004652,0.002326,0.138212,0.004653,0.002326,0.845504
ACGATACATAGAACTA-1,0.00024,0.325658,0.096716,0.00024,0.000481,0.234301,0.342363
ACGATCATACATAGAG-1,0.000307,0.004264,0.645904,0.000307,0.045749,0.138834,0.164636
ACGATGGATCCGATGC-1,0.000047,0.000095,0.000047,0.000047,0.000095,0.000047,0.999621
ACGCAAACTAATAGAT-1,0.000695,0.367823,0.000695,0.399457,0.001389,0.228552,0.001389
ACGCAATCACTACAGC-1,0.000061,0.071368,0.003701,0.000061,0.175711,0.419641,0.329456
ACGCATACGTTTACTA-1,0.000054,0.532085,0.015282,0.222363,0.060571,0.070428,0.099217
ACGCATTCGTGAGTAC-1,0.000061,0.481496,0.044651,0.061355,0.006347,0.293129,0.11296
ACGCCAGATGATTTCT-1,0.00007,0.340391,0.048521,0.041125,0.000238,0.149875,0.419781
ACGCCGCTAGACGACC-1,0.000046,0.274009,0.108497,0.027752,0.000091,0.491307,0.0983
ACGCGAAGTCAGACGA-1,0.000033,0.115732,0.40136,0.003655,0.008064,0.352749,0.118407
ACGCGTTTCTTAAGAG-1,0.000015,0.44002,0.010665,0.004895,0.00003,0.019283,0.525092
ACGCTAGTGATACACT-1,0.001389,0.353449,0.001389,0.001389,0.002779,0.001389,0.638216
ACGGAATTTAGCAAAT-1,0.00004,0.016837,0.02593,0.112006,0.052248,0.01227,0.780669
ACGGACTCTCAAAGCG-1,0.000389,0.500427,0.000389,0.075969,0.103709,0.000389,0.318727
ACGGAGCGCAAATTAC-1,0.00003,0.589061,0.021058,0.01362,0.013268,0.038171,0.324793
ACGGATGGTGCGGATA-1,0.000435,0.754905,0.000435,0.000435,0.00087,0.141577,0.101343
ACGGCACTTGCTTGGG-1,0.000017,0.113387,0.689032,0.00762,0.000034,0.11028,0.079632
ACGGCCAACATGGACT-1,0.000014,0.040949,0.709257,0.018099,0.000028,0.117356,0.114296
ACGGCGACGATGGGAA-1,0.000016,0.81012,0.029245,0.011239,0.000066,0.142751,0.006563
ACGGCGGGTTGCCCTG-1,0.00125,0.002501,0.00125,0.314711,0.304222,0.373565,0.002501
ACGGCTGGATGTAGAA-1,0.000962,0.590989,0.000962,0.000962,0.001924,0.151243,0.25296
ACGGGAGTGTCGGCCC-1,0.000443,0.315054,0.000443,0.000443,0.072298,0.363324,0.247996
ACGGGCGTATGCGACA-1,0.000239,0.118743,0.120698,0.000239,0.103074,0.379235,0.27777
ACGGGTCATGTGACTT-1,0.000037,0.061042,0.000037,0.003234,0.011146,0.121814,0.802688
ACGTACAGATTTCTCT-1,0.000043,0.000086,0.000043,0.000043,0.261143,0.232089,0.506553
ACGTACTTTGGCACGG-1,0.00008,0.154376,0.006609,0.00008,0.346583,0.235693,0.256581
ACGTAGGAGAGTCGCT-1,0.000054,0.000107,0.000054,0.000054,0.000107,0.000054,0.999571
ACGTCGGGCAACTCGG-1,0.000072,0.255059,0.01472,0.014862,0.103666,0.010672,0.600948
ACGTCTCGTTCCGGGA-1,0.000208,0.143503,0.007305,0.000208,0.180984,0.667375,0.000417
ACGTGACAAAGTAAGT-1,0.00026,0.518643,0.054606,0.061706,0.00052,0.059764,0.304501
ACGTGCGCCTCGTGCA-1,0.002084,0.004168,0.002084,0.312974,0.004168,0.10915,0.565373
ACGTTATTGGTCACTC-1,0.00002,0.481713,0.011245,0.192028,0.150789,0.002512,0.161693
ACGTTCCGCGCTCCGT-1,0.000075,0.010237,0.000075,0.000075,0.118762,0.025893,0.844884
ACGTTCGTTCAGGAAA-1,0.001111,0.749827,0.001111,0.001111,0.002223,0.001111,0.243504
ACGTTCTGTACAAGTC-1,0.000033,0.083833,0.000033,0.020183,0.234971,0.148525,0.512421
ACGTTTAGTTGTGATC-1,0.000021,0.106487,0.11239,0.20906,0.250241,0.006554,0.315247
ACTAAGGACGCACACC-1,0.00003,0.00006,0.00003,0.00003,0.700021,0.29977,0.00006
ACTAATACGTCAGGCG-1,0.000008,0.607936,0.049987,0.043846,0.221151,0.028851,0.048221
ACTACAAAGAGAGGTG-1,0.000055,0.041676,0.020224,0.000055,0.350962,0.245498,0.341528
ACTACATCCCGACAAG-1,0.000364,0.383899,0.000364,0.000364,0.000727,0.221805,0.392478
ACTACCAGCTCTCTGG-1,0.000007,0.021052,0.815316,0.092441,0.000568,0.000233,0.070383
ACTACGCGTTAGAATT-1,0.000348,0.000697,0.000349,0.000349,0.500017,0.352961,0.145279
ACTAGTTGCGATCGTC-1,0.000327,0.409883,0.000327,0.000327,0.000654,0.587828,0.000654
ACTATATGCTGTGTTC-1,0.000086,0.019634,0.000086,0.000086,0.049236,0.111628,0.819245
ACTATCGCCGGCTAAA-1,0.00002,0.000039,0.00002,0.00002,0.003126,0.14592,0.850855
ACTATCTGCCCGCGTA-1,0.001613,0.003227,0.001613,0.216879,0.003227,0.361783,0.411659
ACTATGTCCAGCTGCC-1,0.000971,0.001942,0.000971,0.378144,0.001942,0.000971,0.615058
ACTATTCGTCCGTGGT-1,0.00002,0.058221,0.481606,0.152341,0.023267,0.033961,0.250584
ACTATTTCCGGGCCCA-1,0.000588,0.001177,0.658092,0.000588,0.001177,0.337201,0.001177
ACTCAACGAATGTATT-1,0.000699,0.172428,0.103837,0.064413,0.386617,0.0007,0.271306
ACTCAAGTGCAAGGCT-1,0.000062,0.328634,0.016961,0.00921,0.000125,0.07855,0.566458
ACTCAATAAAGGCACG-1,0.000051,0.052892,0.31691,0.000201,0.009417,0.396179,0.22435
ACTCAGACCTGCTTCT-1,0.000049,0.029025,0.062873,0.000049,0.323239,0.125738,0.459029
ACTCATGGCAGCCTTC-1,0.00004,0.02419,0.002332,0.023713,0.00008,0.00004,0.949605
ACTCCAATATCATCAT-1,0.000096,0.577251,0.060673,0.000096,0.084783,0.106868,0.170233
ACTCCCATTCCTAAAG-1,0.000232,0.000464,0.000232,0.000232,0.701875,0.296501,0.000464
ACTCCCGTAGACTAGG-1,0.000073,0.050045,0.000073,0.090982,0.104971,0.353254,0.400603
ACTCCCTAATGCTAAA-1,0.000246,0.000493,0.058504,0.249691,0.000493,0.69008,0.000493
ACTCCCTAGAATAGTA-1,0.000041,0.264312,0.124997,0.000041,0.000082,0.315805,0.294722
ACTCCGGCCGACCACT-1,0.000036,0.033611,0.000036,0.040453,0.227197,0.041227,0.657438
ACTCGATGTATTTCAT-1,0.000027,0.207427,0.016262,0.141143,0.192014,0.110511,0.332615
ACTCGCCGTTCGATAA-1,0.00003,0.221425,0.010744,0.011559,0.184522,0.03027,0.54145
ACTCGTAACCCGTCCT-1,0.001087,0.237062,0.001087,0.001087,0.002175,0.63642,0.121082
ACTCTAAACCTGGGAT-1,0.000012,0.303578,0.006118,0.005665,0.000024,0.07131,0.613292
ACTCTCTTATACACGA-1,0.000085,0.005545,0.167846,0.140602,0.00017,0.000085,0.685667
ACTCTGACCTAATAGA-1,0.000013,0.421049,0.000013,0.266034,0.000025,0.000013,0.312853
ACTGAAACGCCGTTAG-1,0.000048,0.05463,0.029484,0.011628,0.000095,0.24928,0.654836
ACTGAATGGCGAAAGT-1,0.000028,0.523694,0.010134,0.023842,0.006187,0.37867,0.057444
ACTGCCCGCCATTCTC-1,0.000065,0.050345,0.000065,0.000065,0.380361,0.215866,0.353233
ACTGCCGTCGTAACTC-1,0.00002,0.108747,0.47223,0.053625,0.00004,0.025505,0.339833
ACTGCTCGGAAGGATG-1,0.000078,0.840184,0.034731,0.065417,0.059356,0.000078,0.000156
ACTGGCGAACCTGCGT-1,0.000053,0.000105,0.000053,0.000053,0.471212,0.224959,0.303566
ACTGTACGATACACAT-1,0.000037,0.000073,0.015097,0.000037,0.781188,0.203494,0.000073
ACTGTAGCACTTTGGA-1,0.000046,0.244665,0.211038,0.001607,0.000093,0.144384,0.398167
ACTGTATACGCGAGCA-1,0.000042,0.051214,0.000042,0.001739,0.000083,0.01856,0.92832
ACTGTCCAGGATTATA-1,0.000062,0.290752,0.130653,0.000062,0.000123,0.393554,0.184794
ACTGTCTTCTTTAGAA-1,0.000016,0.574183,0.246277,0.104088,0.003186,0.051029,0.021221
ACTGTGCTAGTAGATC-1,0.000021,0.454164,0.013871,0.015323,0.150082,0.005612,0.360928
ACTTACCGGGCGCGCA-1,0.000524,0.490575,0.076373,0.000524,0.001047,0.000524,0.430433
ACTTACGCATCCACGC-1,0.000603,0.243089,0.000603,0.000603,0.419153,0.024045,0.311905
ACTTAGTACGACAAGA-1,0.000025,0.316981,0.002023,0.18186,0.000049,0.000025,0.499037
ACTTATTTATGTGCCA-1,0.000153,0.22914,0.000153,0.000153,0.000306,0.380994,0.389101
ACTTCAGGCTGATCCC-1,0.000058,0.36252,0.096695,0.000058,0.000116,0.458374,0.08218
ACTTCCAGTGGAAGCT-1,0.000058,0.661701,0.000412,0.000058,0.003224,0.081198,0.253349
ACTTCCATGCGGGACA-1,0.000021,0.473028,0.008259,0.159787,0.146282,0.023997,0.188626
ACTTCGCCATACGCAC-1,0.000041,0.142463,0.17813,0.113609,0.000082,0.313779,0.251898
ACTTGGGACCCGGTGG-1,0.000052,0.15598,0.10453,0.01822,0.000103,0.490121,0.230994
ACTTGTAGTCCCTTCA-1,0.000758,0.001516,0.205855,0.000758,0.001516,0.577919,0.211679
ACTTGTGGATGGAACG-1,0.00073,0.071216,0.189295,0.00073,0.00146,0.198459,0.53811
ACTTTCCTATAGCTTC-1,0.000122,0.242718,0.334409,0.000122,0.000243,0.417865,0.004522
ACTTTGGTCGTGCTCC-1,0.001299,0.002598,0.322718,0.001299,0.002598,0.001299,0.668188
ACTTTGTCGACGCACT-1,0.000202,0.000404,0.000202,0.34184,0.149851,0.061648,0.445853
AGAAATTATGACTCGC-1,0.001111,0.002223,0.31174,0.001111,0.002223,0.103893,0.577699
AGAACCCTCAATTGGG-1,0.000242,0.363772,0.000242,0.22063,0.000484,0.200235,0.214395
AGAACGTGGTACATTC-1,0.000049,0.000099,0.14846,0.000049,0.809431,0.041813,0.000099
AGAAGGTACACTTCAC-1,0.000126,0.884387,0.063531,0.050089,0.001489,0.000126,0.000252
AGAAGGTTGCCGAATT-1,0.000116,0.456961,0.159436,0.006487,0.059551,0.119522,0.197927
AGAAGGTTGTAGGTCG-1,0.000057,0.031371,0.026907,0.029156,0.000115,0.242613,0.669781
AGAAGTGATTCGTGAT-1,0.000592,0.161476,0.000592,0.000592,0.001184,0.378876,0.456688
AGAATGCGGGTTCGGA-1,0.000057,0.281357,0.026684,0.013066,0.000114,0.000995,0.677727
AGAATTGTTTGACATA-1,0.000025,0.127378,0.029036,0.015137,0.335528,0.096337,0.396559
AGACAGCTCAGAATCC-1,0.000019,0.145922,0.161407,0.163929,0.029063,0.199949,0.299711
AGACAGGCATCTCAGC-1,0.002858,0.005716,0.384122,0.002858,0.382892,0.002858,0.218696
AGACATAGATCCTTCC-1,0.000101,0.237538,0.000101,0.046341,0.000201,0.098918,0.6168
AGACCAAACCACACCT-1,0.000091,0.546884,0.050252,0.056687,0.345812,0.000091,0.000182
AGACCATGGGATACAA-1,0.000027,0.09349,0.044821,0.008542,0.139825,0.308764,0.404532
AGACCCACCGCTGATC-1,0.000056,0.268531,0.197247,0.036729,0.000113,0.227766,0.269558
AGACCCGCCCTCCTCG-1,0.000013,0.093187,0.792444,0.022038,0.000025,0.061212,0.031081
AGACCGCTCCGCGGTT-1,0.000625,0.419594,0.000625,0.000625,0.00125,0.247912,0.329368
AGACGAAGTGCCGGTC-1,0.000097,0.195014,0.000097,0.000097,0.000195,0.609943,0.194557
AGACGACGATGCCGCT-1,0.000044,0.144811,0.484908,0.056216,0.000087,0.140948,0.172986
AGACGCCCACTTCGCC-1,0.000041,0.019175,0.000041,0.413267,0.000081,0.294117,0.273279
AGACGGGCCGATTTAA-1,0.000013,0.384262,0.03583,0.101081,0.028706,0.043252,0.406857
AGACTAGCCTTCCAGA-1,0.000025,0.622784,0.197746,0.106284,0.000295,0.072814,0.000051
AGACTGTTACCGGGTC-1,0.001429,0.002858,0.001429,0.001429,0.5384,0.001429,0.453026
AGAGAAACACCAGAAA-1,0.000033,0.210721,0.003868,0.048352,0.074674,0.19872,0.463633
AGAGAACCGTCTAGGA-1,0.000052,0.43345,0.033553,0.000052,0.054481,0.238383,0.24003
AGAGAAGGAGTACAAT-1,0.000101,0.447925,0.279785,0.000101,0.024565,0.124096,0.123426
AGAGCAGTTATGAGAC-1,0.000018,0.652739,0.04785,0.000018,0.000036,0.102769,0.19657
AGAGCCGCCGAGATTT-1,0.000083,0.026017,0.000083,0.000083,0.181093,0.247397,0.545244
AGAGCGCTTGTAACGG-1,0.000063,0.000126,0.000063,0.000063,0.678845,0.168692,0.15215
AGAGCGGGCTAATCAT-1,0.000019,0.390315,0.14388,0.054107,0.103506,0.014491,0.293682
AGAGCGTACAAGCTCG-1,0.000044,0.425541,0.084516,0.009627,0.081108,0.193269,0.205895
AGAGCTACGAAAGCAT-1,0.00003,0.00006,0.00003,0.00003,0.001004,0.033721,0.965125
AGAGGCTTCGGAAACC-1,0.000156,0.497243,0.000156,0.049133,0.000312,0.367214,0.085785
AGAGTAAACTTCACTA-1,0.000338,0.416805,0.000338,0.000338,0.000676,0.32576,0.255745
AGAGTTGCAGGCCTCC-1,0.000033,0.000067,0.000033,0.000033,0.880581,0.084901,0.034351
AGATAACTTCAGGGCC-1,0.000027,0.422849,0.035353,0.004089,0.000055,0.263045,0.274582
AGATACCAATAGAACC-1,0.000039,0.340266,0.019916,0.124988,0.003736,0.083436,0.427617
AGATACCAGCACTTCA-1,0.000026,0.202844,0.02916,0.000026,0.257587,0.215746,0.29461
AGATACGACTTCATAT-1,0.000019,0.444495,0.01077,0.241174,0.000038,0.000019,0.303484
AGATACTCAAGATCGA-1,0.000023,0.554072,0.007921,0.010706,0.000045,0.379628,0.047605
AGATATAATACGACTA-1,0.000034,0.035142,0.061668,0.015303,0.000281,0.340442,0.54713
AGATCGTGCATAAGAT-1,0.000827,0.001653,0.000827,0.000827,0.136704,0.000827,0.858336
AGATCTCAGGTGTGAT-1,0.000072,0.000145,0.24803,0.000072,0.059351,0.41796,0.27437
AGATGACTCGCCCACG-1,0.000018,0.031494,0.809881,0.045771,0.013244,0.018033,0.081559
AGATGAGGGTTGCGAT-1,0.000109,0.240388,0.000109,0.080197,0.000219,0.000109,0.678869
AGATGCAAGACGTGCA-1,0.000063,0.202834,0.023191,0.000063,0.03123,0.316654,0.425966
AGATGCATCCTGTGTC-1,0.000426,0.151352,0.072249,0.000426,0.000851,0.260753,0.513943
AGATGCTATAACGAGC-1,0.000011,0.165522,0.002747,0.015054,0.164353,0.03829,0.614022
AGATTCACAACCGATA-1,0.000083,0.34366,0.00139,0.000083,0.146813,0.240124,0.267845
AGCAAAGGCCGCTAGT-1,0.000538,0.611945,0.02472,0.024363,0.310388,0.000538,0.027508
AGCAACCGAAAGTAAT-1,0.000023,0.369307,0.000164,0.008397,0.322302,0.25803,0.041777
AGCACACGTTTAGACT-1,0.000026,0.25088,0.000026,0.030218,0.030237,0.445881,0.242732
AGCACCAGTACTCACG-1,0.000139,0.047663,0.292514,0.073208,0.000279,0.374475,0.211722
AGCACTACCTCACCAG-1,0.000041,0.747406,0.002183,0.138087,0.067966,0.044235,0.000082
AGCACTTAAGGACGCC-1,0.000027,0.375476,0.010875,0.004317,0.000053,0.338539,0.270712
AGCAGAAGGAGAAAGA-1,0.000035,0.000071,0.000035,0.000035,0.08296,0.22497,0.691893
AGCAGCCAGATGAATA-1,0.000031,0.035108,0.623658,0.084214,0.000062,0.186025,0.070904
AGCATATCAATATGCT-1,0.000175,0.023587,0.018112,0.158482,0.033552,0.641547,0.124544
AGCATCATTTCGAAAG-1,0.001,0.351049,0.001,0.001,0.264772,0.379178,0.002001
