Barcode,Topic 1,Topic 2,Topic 3to4,Topic 5to6,Topic 7to8,Topic 9,Topic 10
AAACAACGAATAGTTC-1,0.000495,0.000495,0.595145,0.259165,0.00099,0.143215,0.000495
AAACAAGTATCTCCCA-1,0.000072,0.153061,0.431393,0.269847,0.142067,0.003487,0.000072
AAACACCAATAACTGC-1,0.000008,0.01275,0.001325,0.662042,0.323859,0.000008,0.000008
AAACAGAGCGACTCCT-1,0.000041,0.040858,0.501913,0.000083,0.457022,0.000041,0.000041
AAACAGCTTTCAGAAG-1,0.000087,0.000087,0.999304,0.000174,0.000174,0.000087,0.000087
AAACAGGGTCTATATT-1,0.000038,0.007612,0.832825,0.000075,0.004089,0.000038,0.155324
AAACATGGTGAGAGGA-1,0.000029,0.006889,0.607208,0.000058,0.248138,0.02681,0.110868
AAACATTTCCCGGATT-1,0.000794,0.000794,0.622417,0.001588,0.001588,0.372026,0.000794
AAACCACTACACAGAT-1,0.000038,0.03385,0.627208,0.079683,0.259145,0.000038,0.000038
AAACCCGAACGAAATC-1,0.000058,0.089751,0.642819,0.029645,0.23093,0.00674,0.000058
AAACCGGAAATGTTAA-1,0.000085,0.000085,0.679701,0.068391,0.251565,0.000085,0.000086
AAACCGGGTAGGTACC-1,0.000029,0.006262,0.637123,0.030664,0.282261,0.009848,0.033814
AAACCGTTCGTCCAGG-1,0.000041,0.108927,0.723495,0.025683,0.136494,0.005317,0.000041
AAACCTCATGAAGTTG-1,0.000077,0.013931,0.415101,0.197265,0.340305,0.000168,0.033152
AAACGAAGATGGAGTA-1,0.00003,0.00003,0.716038,0.00048,0.220056,0.00003,0.063336
AAACGACAGTCTTGCC-1,0.000068,0.01258,0.965434,0.000135,0.000135,0.000068,0.02158
AAACGAGACGGTTGAT-1,0.000095,0.000095,0.391824,0.079017,0.067623,0.461251,0.000095
AAACGCCCGAGATCGG-1,0.000039,0.043464,0.109639,0.186338,0.655683,0.004798,0.000039
AAACGGGCGTACGGGT-1,0.000467,0.000467,0.432501,0.000935,0.000935,0.564227,0.000467
AAACGGGTTGGTATCC-1,0.000209,0.000209,0.672968,0.313602,0.000418,0.012386,0.000209
AAACGTGTTCGCCCTA-1,0.000035,0.000035,0.560451,0.00067,0.3411,0.000035,0.097674
AAACTAACGTGGCGAC-1,0.000037,0.000037,0.802949,0.070414,0.126487,0.000037,0.000037
AAACTCGTGATATAAG-1,0.000045,0.02688,0.506955,0.021545,0.444485,0.000045,0.000045
AAACTTAATTGCACGC-1,0.000067,0.000067,0.999464,0.000134,0.000134,0.000067,0.000067
AAACTTGCAAACGTAT-1,0.000026,0.08751,0.846498,0.000051,0.008797,0.000026,0.057092
AAAGAATGACCTTAGA-1,0.000026,0.101315,0.367931,0.03065,0.485253,0.007395,0.007431
AAAGACATGAAGTTTA-1,0.000118,0.139115,0.72219,0.033241,0.105102,0.000118,0.000118
AAAGACTGGGCGCTTT-1,0.000005,0.000005,0.023166,0.732931,0.243533,0.000005,0.000356
AAAGCTTGCCTACATA-1,0.000481,0.145031,0.851603,0.000962,0.000962,0.000481,0.000481
AAAGGCCCTATAATAC-1,0.0001,0.0001,0.650975,0.092296,0.18001,0.0001,0.076419
AAAGGCTCTCGCGCCG-1,0.000047,0.044584,0.926827,0.000094,0.028355,0.000047,0.000047
AAAGGGCAGCTTGAAT-1,0.000035,0.000035,0.254018,0.551133,0.187117,0.007628,0.000035
AAAGGTAAGCTGTACC-1,0.000048,0.000048,0.953916,0.000097,0.045794,0.000048,0.000048
AAAGGTCAACGACATG-1,0.000275,0.000276,0.793572,0.179325,0.000551,0.000276,0.025725
AAAGTAGCATTGCTCA-1,0.000042,0.008019,0.835373,0.000085,0.156395,0.000042,0.000042
AAAGTCGACCCTCAGT-1,0.00006,0.015787,0.607461,0.00012,0.150082,0.22643,0.00006
AAAGTGCCATCAATTA-1,0.000267,0.000267,0.852327,0.000535,0.005195,0.141141,0.000267
AAAGTGTGATTTATCT-1,0.000556,0.000556,0.558421,0.001111,0.438244,0.000556,0.000556
AAAGTTGACTCCCGTA-1,0.000051,0.000051,0.63212,0.182379,0.173806,0.011542,0.000051
AAATAACCATACGGGA-1,0.000041,0.027319,0.725908,0.056963,0.130775,0.058952,0.000041
AAATAAGGTAGTGCCC-1,0.00002,0.032512,0.241002,0.126594,0.551296,0.048556,0.00002
AAATAGCTTAGACTTT-1,0.000012,0.000417,0.055595,0.703239,0.18303,0.052053,0.005653
AAATCACTCCTAAACG-1,0.00001,0.003022,0.06267,0.378342,0.555932,0.00001,0.000015
AAATCCGATACACGCC-1,0.000346,0.000346,0.798735,0.000692,0.000692,0.151158,0.04803
AAATCGCGGAAGGAGT-1,0.000025,0.001537,0.731731,0.00005,0.178992,0.000025,0.087639
AAATCTAGCCCTGCTA-1,0.000111,0.013514,0.829871,0.053642,0.094769,0.000111,0.007982
AAATGATTCGATCAGC-1,0.000047,0.006756,0.83282,0.000095,0.160187,0.000047,0.000047
AAATGCTCGTTACGTT-1,0.000364,0.000364,0.99709,0.000727,0.000727,0.000364,0.000364
AAATGGCCCGTGCCCT-1,0.00002,0.015365,0.45758,0.090205,0.43679,0.00002,0.00002
AAATGGTCAATGTGCC-1,0.000075,0.000075,0.451529,0.004123,0.167547,0.368878,0.007773
AAATGTATCTTATCCC-1,0.000952,0.000953,0.821614,0.001905,0.001905,0.171718,0.000953
AAATTAATAAGCGCGA-1,0.000136,0.000136,0.977235,0.000273,0.000273,0.021809,0.000136
AAATTACACGACTCTG-1,0.000046,0.01759,0.468545,0.028841,0.059317,0.425616,0.000046
AAATTACCTATCGATG-1,0.00005,0.083223,0.544202,0.05669,0.229896,0.085889,0.00005
AAATTCCAGGTCCAAA-1,0.00003,0.00003,0.344937,0.248655,0.403504,0.00003,0.002814
AAATTGATAGTCCTTT-1,0.000063,0.000063,0.679928,0.003822,0.279491,0.000063,0.036571
AAATTGCGGCGGTTCT-1,0.000472,0.000472,0.996225,0.000944,0.000944,0.000472,0.000472
AAATTGGTGAGAAGCA-1,0.000034,0.024185,0.658195,0.195051,0.118045,0.000034,0.004455
AAATTTACCGAAATCC-1,0.000057,0.000057,0.999541,0.000115,0.000115,0.000057,0.000057
AAATTTGCGGGTGTGG-1,0.000037,0.000054,0.957109,0.000074,0.013364,0.023282,0.00608
AACAACTGGTAGTTGC-1,0.000095,0.000095,0.690085,0.00019,0.02071,0.288731,0.000095
AACAATACATTGTCGA-1,0.000074,0.000074,0.953591,0.004109,0.031332,0.000074,0.010745
AACAATTACTCTACGC-1,0.000014,0.000014,0.212426,0.417083,0.369255,0.000014,0.001194
AACACACGCTCGCCGC-1,0.000251,0.000251,0.736635,0.000501,0.261861,0.000251,0.000251
AACACGAGACGCGGCC-1,0.000021,0.054542,0.591162,0.060334,0.292012,0.000021,0.001907
AACACGCGGCCGCGAA-1,0.00037,0.00037,0.443117,0.000741,0.361471,0.19356,0.00037
AACAGCTGTGTGGCAA-1,0.000041,0.000041,0.540862,0.015656,0.443319,0.000041,0.000041
AACAGGATGGGCCGCG-1,0.000011,0.000011,0.126633,0.683954,0.189368,0.000011,0.000011
AACAGGTAGTATGGAT-1,0.00102,0.001021,0.9846,0.002041,0.002041,0.008255,0.001021
AACATATCAACTGGTG-1,0.00003,0.170502,0.598213,0.141893,0.083501,0.00003,0.005831
AACATCGATACGTCTA-1,0.000049,0.046359,0.718344,0.072603,0.162546,0.000049,0.000049
AACATTGGTCAGCCGT-1,0.000094,0.000094,0.542842,0.040729,0.023758,0.000094,0.392388
AACCAAGACTTCTCTG-1,0.000005,0.000404,0.004001,0.277456,0.718125,0.000005,0.000005
AACCAGTATCACTCTT-1,0.000073,0.089287,0.823147,0.000147,0.006143,0.08113,0.000073
AACCATAGGGTTGAAC-1,0.000033,0.063809,0.641481,0.021244,0.273366,0.000033,0.000033
AACCATGGGATCGCTA-1,0.000351,0.000351,0.989608,0.000702,0.000702,0.000351,0.007935
AACCCAGAGACGGAGA-1,0.000055,0.000055,0.707996,0.101461,0.190323,0.000055,0.000055
AACCCATCCCATGATC-1,0.000045,0.094317,0.702386,0.008096,0.195064,0.000046,0.000046
AACCCGACAACCCGTG-1,0.000188,0.000188,0.730822,0.199247,0.055619,0.000188,0.013748
AACCCGAGCAGAATCG-1,0.000158,0.000158,0.793198,0.000317,0.000317,0.205694,0.000158
AACCCGATAGGGCTTC-1,0.000057,0.025466,0.942514,0.000115,0.017139,0.000057,0.014651
AACCCTACTGTCAATA-1,0.000015,0.016467,0.102505,0.230697,0.650286,0.000015,0.000015
AACCGCTAAGGGATGC-1,0.00021,0.00021,0.729051,0.208162,0.032796,0.00021,0.029361
AACCTGTCACGGAATT-1,0.000022,0.000022,0.381883,0.518859,0.099169,0.000022,0.000022
AACCTTTACGACGTCT-1,0.00006,0.103731,0.79885,0.056319,0.029936,0.00006,0.011045
AACGAAAGTCGTCCCA-1,0.000026,0.000026,0.602081,0.002457,0.39052,0.000026,0.004863
AACGATATGTCAACTG-1,0.000046,0.728663,0.085914,0.07938,0.021495,0.038657,0.045844
AACGCATGATCTGGGT-1,0.000056,0.090987,0.90086,0.000113,0.007871,0.000056,0.000056
AACGCGAACGGCAACA-1,0.000229,0.000229,0.155973,0.090585,0.527761,0.224993,0.000229
AACGCTGTTGCTGAAA-1,0.000052,0.000052,0.677554,0.163641,0.106609,0.052038,0.000052
AACGGACGTACGTATA-1,0.000167,0.000167,0.373406,0.388406,0.237521,0.000167,0.000167
AACGGCCATCTCCGGT-1,0.000049,0.010468,0.988637,0.000099,0.000099,0.000599,0.000049
AACGTACTGTGGGTAC-1,0.000045,0.106373,0.838256,0.010215,0.008544,0.036521,0.000045
AACGTAGTCTACCCAT-1,0.000694,0.000695,0.621201,0.17593,0.001389,0.199396,0.000695
AACGTCAGACTAGTGG-1,0.00007,0.036959,0.742145,0.202113,0.016285,0.00007,0.002358
AACGTGATGAAGGACA-1,0.000034,0.03673,0.098717,0.015051,0.704676,0.144757,0.000034
AACGTGCGAAAGTCTC-1,0.000676,0.000676,0.559493,0.001352,0.052482,0.362354,0.022967
AACGTTATCAGCACCT-1,0.000342,0.000343,0.35913,0.033211,0.525383,0.081248,0.000343
AACTACCCGTTTGTCA-1,0.00036,0.00036,0.66286,0.00072,0.334981,0.00036,0.00036
AACTAGGCTTGGGTGT-1,0.000253,0.000253,0.864409,0.000506,0.000506,0.11822,0.015851
AACTCAAGTTAATTGC-1,0.000028,0.045193,0.331672,0.159411,0.435497,0.028171,0.000028
AACTCCAGAGCGTGTT-1,0.000633,0.000633,0.78093,0.001266,0.001266,0.160233,0.055038
AACTCCTAATCCCATG-1,0.000052,0.006728,0.294381,0.157208,0.495621,0.042847,0.003163
AACTCGATAAACACGT-1,0.000267,0.000267,0.713695,0.000533,0.284705,0.000267,0.000267
AACTCGATGGCGCAGT-1,0.000244,0.057881,0.470962,0.253942,0.022517,0.194209,0.000245
AACTCTCAATAGAGCG-1,0.000032,0.010906,0.016922,0.324459,0.27464,0.000032,0.373008
AACTCTCAGTGTGCTC-1,0.000061,0.017888,0.692214,0.011929,0.277718,0.000128,0.000061
AACTGAGGTCAGCGTC-1,0.00004,0.03855,0.582844,0.183602,0.17236,0.022563,0.00004
AACTGAGTTATACTGA-1,0.000068,0.043134,0.611424,0.273757,0.042464,0.029085,0.000068
AACTGGGTTCGAGCCG-1,0.000103,0.142362,0.770554,0.054516,0.032258,0.000103,0.000103
AACTTCTGCGTCTATC-1,0.000901,0.000901,0.827905,0.001802,0.166688,0.000901,0.000901
AACTTGCCCGTATGCA-1,0.00001,0.00001,0.015397,0.898031,0.079121,0.00742,0.00001
AACTTGCGTTCTCGCG-1,0.000212,0.000212,0.923815,0.000424,0.074914,0.000212,0.000212
AACTTTACGGGAGCTT-1,0.000056,0.030456,0.486844,0.067327,0.173543,0.241717,0.000056
AACTTTCTCGATCATG-1,0.000104,0.000104,0.895094,0.000208,0.104281,0.000104,0.000104
AAGAAATCACCAGATT-1,0.000112,0.000112,0.999102,0.000225,0.000225,0.000112,0.000112
AAGAAGGATCAGTTAG-1,0.000212,0.000212,0.52491,0.364331,0.000425,0.109697,0.000212
AAGACCAAATAACTCA-1,0.000018,0.017023,0.260396,0.086675,0.605411,0.000744,0.029733
AAGACTAACCCGTTGT-1,0.000398,0.000399,0.985977,0.000797,0.000797,0.000399,0.011233
AAGACTCACGCCCACT-1,0.000282,0.000282,0.485739,0.000564,0.049831,0.446641,0.016662
AAGAGATGAATCGGTA-1,0.000007,0.00597,0.029466,0.953951,0.001886,0.008714,0.000007
AAGAGCTCTTTATCGG-1,0.000089,0.000089,0.947734,0.000177,0.000177,0.049142,0.002593
AAGAGGATGTACGCGA-1,0.000019,0.034859,0.250405,0.280034,0.428443,0.000525,0.005715
AAGAGGCATGGATCGC-1,0.000108,0.000108,0.339242,0.002248,0.179548,0.472429,0.006316
AAGAGGCCCTTTGGAA-1,0.000312,0.000312,0.334214,0.000623,0.663916,0.000312,0.000312
AAGATGGCACCGGACC-1,0.000042,0.020916,0.858758,0.000085,0.000085,0.016384,0.10373
AAGATTGGCGGAACGT-1,0.000053,0.039567,0.573877,0.190182,0.196215,0.000053,0.000053
AAGCCGAAGCGGTTTA-1,0.000161,0.000161,0.352846,0.268366,0.378144,0.000161,0.000161
AAGCCGCCGTGAAATC-1,0.000086,0.000086,0.821846,0.045218,0.073845,0.053945,0.004973
AAGCCGCTTTACCTTG-1,0.000069,0.030082,0.895956,0.000138,0.073617,0.000069,0.000069
AAGCCGGAGAGCAGGA-1,0.000249,0.000249,0.862656,0.000498,0.000498,0.135602,0.000249
AAGCGGAGTGCGCGCA-1,0.000033,0.076488,0.104573,0.000066,0.000066,0.000285,0.818489
AAGCGGCGTCATGGGT-1,0.000057,0.000057,0.817023,0.000115,0.126233,0.000057,0.056458
AAGCGTCCCTCATCGA-1,0.000029,0.043753,0.220431,0.464711,0.252556,0.000029,0.018492
AAGCTCGTGCCAAGTC-1,0.000355,0.000355,0.265591,0.36872,0.183498,0.181127,0.000355
AAGGAGCGGTTGGTGC-1,0.000503,0.000503,0.001005,0.001005,0.213859,0.782623,0.000503
AAGGATCGATCGCTTG-1,0.000014,0.000014,0.031039,0.330974,0.636543,0.000014,0.001402
AAGGATGAGGGACCTC-1,0.000059,0.089274,0.651967,0.182886,0.069874,0.000059,0.005881
AAGGCAGGCTGTCTCC-1,0.000422,0.000422,0.822814,0.000844,0.117244,0.000422,0.057832
AAGGCGCGTAAAGCTT-1,0.000029,0.002289,0.599367,0.334431,0.063826,0.000029,0.000029
AAGGCTGTGCTCATCG-1,0.000082,0.004251,0.416569,0.000165,0.072099,0.502798,0.004036
AAGGGAACGACTGGCT-1,0.000037,0.07347,0.705216,0.000074,0.142628,0.078538,0.000037
AAGGGACAGATTCTGT-1,0.000054,0.045256,0.404832,0.203016,0.317377,0.029411,0.000054
AAGGGACTATGCATTC-1,0.000071,0.001201,0.882812,0.01209,0.092539,0.011217,0.000071
AAGGGTTTGATTTCAG-1,0.000092,0.021263,0.711623,0.019277,0.213653,0.015009,0.019083
AAGGTATCCTAATATA-1,0.000014,0.888909,0.028208,0.063748,0.019095,0.000014,0.000014
AAGGTGATAAACCAGC-1,0.000173,0.017612,0.186817,0.644503,0.022862,0.127859,0.000173
AAGTAAGCTTCCAAAC-1,0.000386,0.000386,0.275704,0.166849,0.231847,0.296731,0.028097
AAGTAGAAGACCGGGT-1,0.000066,0.000066,0.747211,0.115289,0.137235,0.000066,0.000066
AAGTAGTGACGCGAGG-1,0.000005,0.000824,0.006578,0.597681,0.386838,0.000005,0.008069
AAGTCAATTGTCGTCA-1,0.000178,0.000178,0.588485,0.410447,0.000356,0.000178,0.000178
AAGTCTAGTAGCTGCC-1,0.000332,0.000332,0.997342,0.000665,0.000665,0.000332,0.000332
AAGTCTTCTGTGGCCT-1,0.000118,0.000118,0.999049,0.000235,0.000235,0.000118,0.000128
AAGTGACGACCGAATT-1,0.000023,0.040163,0.508326,0.126124,0.291487,0.014828,0.019048
AAGTGAGTCGGGTTTA-1,0.000157,0.050827,0.94807,0.000315,0.000315,0.000158,0.000158
AAGTGCAAAGGTAGAC-1,0.000048,0.058321,0.817472,0.04743,0.062147,0.014535,0.000048
AAGTGCCTTGACTGTA-1,0.000238,0.103369,0.894964,0.000476,0.000476,0.000238,0.000238
AAGTGCGTTAGAATCT-1,0.00004,0.001638,0.421135,0.113098,0.464009,0.00004,0.00004
AAGTTCACTCCAAGCT-1,0.000199,0.000199,0.491579,0.305459,0.164548,0.037817,0.000199
AAGTTCAGTCTGCGTA-1,0.000077,0.000077,0.72286,0.006947,0.264069,0.000077,0.005893
AAGTTCGGCCAACAGG-1,0.000036,0.064932,0.764775,0.000116,0.163685,0.000036,0.00642
AAGTTGTGATGTTATA-1,0.000312,0.000312,0.82779,0.000623,0.000623,0.170028,0.000312
AATAACAACGCTCGGC-1,0.000017,0.021708,0.242336,0.146861,0.588501,0.000017,0.000561
AATAACACTAGAACAA-1,0.000027,0.043822,0.334038,0.019009,0.600221,0.002857,0.000027
AATAATCTTCGTATCG-1,0.000127,0.041185,0.537905,0.081372,0.339155,0.000127,0.000127
AATACAATGTTTCAGG-1,0.00002,0.00002,0.112137,0.00004,0.887744,0.00002,0.00002
AATACCGGAGGGCTGT-1,0.000063,0.028169,0.541086,0.084806,0.18588,0.034258,0.125737
AATAGAACAGAGTGGC-1,0.000095,0.007512,0.791048,0.079881,0.110655,0.010714,0.000095
AATAGAATCTGTTTCA-1,0.000139,0.000139,0.731401,0.057652,0.084438,0.093502,0.032729
AATAGCAAGCCTCCTG-1,0.000036,0.008887,0.297888,0.26376,0.429358,0.000036,0.000036
AATAGCTACCGCGTGC-1,0.000046,0.000046,0.654985,0.016807,0.325219,0.000046,0.002852
AATAGTCCGTCCCGAC-1,0.000286,0.000286,0.99765,0.000572,0.000635,0.000286,0.000286
AATAGTCGCGAGTCGG-1,0.00031,0.00031,0.586843,0.348892,0.000619,0.062716,0.00031
AATATCAAGGTCGGAT-1,0.000292,0.000292,0.989576,0.000585,0.000585,0.000292,0.008376
AATATCCTAGCAAACT-1,0.000446,0.000447,0.996428,0.000893,0.000893,0.000447,0.000447
AATATCGAATCAATGC-1,0.000308,0.000308,0.827001,0.006059,0.16571,0.000308,0.000308
AATATCGAGGGTTCTC-1,0.000048,0.000048,0.549874,0.242893,0.164878,0.002218,0.04004
AATATTGGAGTATTGA-1,0.000007,0.001321,0.025298,0.963047,0.010311,0.000007,0.000007
AATCAGACTGCAGGAC-1,0.000658,0.000658,0.886297,0.001316,0.001316,0.109096,0.000658
AATCATGTAAAGACTC-1,0.000241,0.000241,0.376,0.622554,0.000482,0.000241,0.000241
AATCCATGCAAGGGTG-1,0.000578,0.000578,0.739546,0.256985,0.001156,0.000578,0.000578
AATCGCCTCAGCGCCA-1,0.000266,0.085708,0.158027,0.000532,0.141584,0.613617,0.000266
AATCGCGCAGAGGACT-1,0.000036,0.000036,0.504639,0.145432,0.349784,0.000036,0.000036
AATCTAGGTTTACTTG-1,0.000035,0.018499,0.693572,0.00007,0.287754,0.000035,0.000035
AATCTATGCCGGAGCC-1,0.000043,0.000043,0.388303,0.079482,0.528763,0.000043,0.003324
AATCTCTACTGTGGTT-1,0.000847,0.000848,0.796493,0.001695,0.198421,0.000848,0.000848
AATCTGCGTTGGGACG-1,0.000035,0.010334,0.305093,0.339735,0.301967,0.000035,0.0428
AATCTGGCTTTCTAGT-1,0.000029,0.000029,0.439049,0.013788,0.547045,0.000029,0.000029
AATCTGGGTAGACCCT-1,0.00013,0.00013,0.993616,0.00026,0.00026,0.005474,0.00013
AATGACAGCAATGTCT-1,0.000036,0.063504,0.321435,0.051612,0.563341,0.000036,0.000036
AATGACGTAGGATGTC-1,0.000304,0.000304,0.762858,0.119206,0.000608,0.116416,0.000304
AATGACTGTCAGCCGG-1,0.000379,0.000379,0.793007,0.175538,0.02994,0.000379,0.000379
AATGAGTTCGCATATG-1,0.00098,0.000981,0.992155,0.001961,0.001961,0.000981,0.000981
AATGATGATACGCTAT-1,0.000041,0.051135,0.753514,0.000082,0.000082,0.007589,0.187556
AATGATGCGACTCCTG-1,0.000047,0.187884,0.667469,0.004924,0.068428,0.000047,0.071201
AATGCACCAAGCAATG-1,0.000034,0.006449,0.268418,0.064836,0.660194,0.000034,0.000034
AATGGCCGCCAATGCG-1,0.000049,0.010002,0.988703,0.000098,0.001051,0.000049,0.000049
AATGGTCCACCGTTCA-1,0.000006,0.000006,0.000012,0.742126,0.257839,0.000006,0.000006
AATGGTTCTCACAAGC-1,0.000465,0.000465,0.718743,0.000931,0.278466,0.000465,0.000465
AATGTATGGCACTGTA-1,0.000043,0.016147,0.723772,0.006495,0.171898,0.081602,0.000043
AATGTGCCCGAGGTGT-1,0.000063,0.027957,0.678968,0.089313,0.074149,0.000063,0.129487
AATGTGCTAATCTGAG-1,0.000094,0.000094,0.781438,0.035938,0.128013,0.047875,0.00655
AATTAAAGGTCGGCGT-1,0.000029,0.529592,0.16248,0.095906,0.189762,0.005896,0.016336
AATTACGAGACCCATC-1,0.000026,0.000026,0.129472,0.413775,0.45665,0.000026,0.000026
AATTACTCGTACGCTC-1,0.000157,0.000157,0.774762,0.215737,0.008873,0.000157,0.000157
AATTCATAAGGGATCT-1,0.00007,0.030117,0.901201,0.00014,0.013772,0.044439,0.01026
AATTCATTGTCATGCA-1,0.00006,0.00006,0.99867,0.00012,0.000868,0.000162,0.00006
AATTCCAACTTGGTGA-1,0.000699,0.0007,0.901421,0.001399,0.094382,0.0007,0.000699
AATTGAACGCTCTGGT-1,0.000119,0.006965,0.46085,0.192532,0.323025,0.016392,0.000119
AATTGCAGCAATCGAC-1,0.000426,0.000426,0.015367,0.000851,0.000851,0.981653,0.000426
AATTGCGTGGATTACA-1,0.000046,0.059998,0.931114,0.000091,0.00866,0.000046,0.000046
AATTGTGGTTGCCAAA-1,0.000676,0.000676,0.8001,0.001352,0.001352,0.195169,0.000676
AATTTGGGACATAGTA-1,0.000088,0.000088,0.853969,0.054128,0.076181,0.015459,0.000088
ACAAACCATGCGTCCT-1,0.000029,0.033433,0.653529,0.065669,0.218238,0.029074,0.000029
ACAAAGAAGGTAGGCC-1,0.00009,0.102172,0.510849,0.120983,0.265727,0.00009,0.00009
ACAAAGCATGACCTAG-1,0.000725,0.000725,0.741376,0.00145,0.00145,0.25355,0.000725
ACAAATCGCACCGAAT-1,0.00006,0.00006,0.550904,0.266583,0.104447,0.077884,0.00006
ACAAATGGTAGTGTTT-1,0.000166,0.037176,0.387904,0.364929,0.194204,0.015456,0.000166
ACAAATTCAGATCTGA-1,0.000037,0.035646,0.381707,0.022678,0.54619,0.013704,0.000037
ACAACGGTCCCTGCGA-1,0.000181,0.00909,0.69535,0.196853,0.098165,0.000181,0.000181
ACAAGCAGTGCCTAGC-1,0.000007,0.006551,0.000635,0.872476,0.116687,0.002909,0.000734
ACAAGCTATATGGAAG-1,0.000103,0.000103,0.865506,0.057305,0.023464,0.053416,0.000103
ACAAGGACAAGAGGTT-1,0.000013,0.029969,0.139195,0.240063,0.346524,0.014392,0.229845
ACAAGGATGCTTTAGG-1,0.000324,0.000324,0.467983,0.530075,0.000647,0.000324,0.000324
ACAAGGCCTACCAGCC-1,0.000058,0.031256,0.766614,0.017718,0.157648,0.026647,0.000058
ACAAGGGCAGGCTCTG-1,0.000175,0.000175,0.901836,0.000349,0.085092,0.012199,0.000175
ACAATAGTCGTACGTT-1,0.000034,0.019974,0.689748,0.020899,0.269275,0.000034,0.000034
ACAATCCATTTAAACC-1,0.000016,0.098299,0.355697,0.236675,0.300519,0.005715,0.003078
ACAATGAATACGGAGA-1,0.00004,0.117441,0.519009,0.000094,0.247442,0.055899,0.060075
ACAATGATTCTTCTAC-1,0.000062,0.022938,0.805924,0.030155,0.140798,0.000062,0.000062
ACAATTGTGTCTCTTT-1,0.000279,0.000279,0.611677,0.014754,0.372455,0.000279,0.000279
ACAATTTAGGAGGCTC-1,0.000087,0.000087,0.674778,0.166164,0.142876,0.015922,0.000087
ACAATTTGAGCAGTGG-1,0.00008,0.033487,0.341323,0.441183,0.120055,0.063792,0.00008
ACAATTTGGCCATATT-1,0.000855,0.000855,0.754194,0.00171,0.240677,0.000855,0.000855
ACACAAATATTCCTAG-1,0.000035,0.016443,0.896762,0.00007,0.08662,0.000035,0.000035
ACACACCAGGACCAGT-1,0.000321,0.000321,0.826526,0.083728,0.000641,0.088143,0.000321
ACACATGATCAAATCT-1,0.000035,0.042252,0.945839,0.000071,0.008155,0.003613,0.000035
ACACATTGACGCAACA-1,0.000265,0.000265,0.441781,0.092835,0.324837,0.058806,0.08121
ACACCACATAATTAGC-1,0.000009,0.001363,0.001053,0.696266,0.301292,0.000009,0.000009
ACACCCAGCATGCAGC-1,0.000125,0.031252,0.564555,0.178548,0.0546,0.170793,0.000125
ACACCCGAGAAATCCG-1,0.000114,0.000114,0.673072,0.074793,0.251679,0.000114,0.000114
ACACCCGTAAATCTGT-1,0.000046,0.000046,0.786697,0.010739,0.187875,0.014551,0.000046
ACACCGAGCGCTCTTT-1,0.000296,0.000296,0.766301,0.165162,0.067353,0.000296,0.000296
ACACCGGTCTGACCGC-1,0.000044,0.003852,0.899661,0.015881,0.073449,0.00707,0.000044
ACACCTTAAGTAGGGC-1,0.000012,0.000012,0.008021,0.299775,0.675801,0.016367,0.000012
ACACCTTACTACTTGC-1,0.000033,0.000033,0.501278,0.268207,0.230381,0.000033,0.000033
ACACGGGAACTTAGGG-1,0.000084,0.265381,0.515983,0.047814,0.062773,0.070548,0.037416
ACACGTAGGCCACAAG-1,0.000389,0.000389,0.89072,0.000778,0.000778,0.106556,0.000389
ACACTCCAATGTCACT-1,0.000256,0.000256,0.53882,0.122399,0.337755,0.000256,0.000256
ACACTGATCAAGGTGT-1,0.000154,0.033327,0.786695,0.000307,0.15804,0.021323,0.000154
ACACTGGGACAGTCGT-1,0.000238,0.000238,0.998095,0.000476,0.000476,0.000238,0.000238
ACAGAACTGAGAACAA-1,0.000029,0.034387,0.811713,0.005593,0.148221,0.000029,0.000029
ACAGCGACATTCTCAT-1,0.00101,0.00101,0.991917,0.002021,0.002021,0.00101,0.00101
ACAGCGCACCCGCAGC-1,0.000077,0.200848,0.770949,0.000155,0.000155,0.027739,0.000077
ACAGGAGGCGCAGCCG-1,0.000334,0.000335,0.271519,0.086561,0.23563,0.405287,0.000335
ACAGGCTTGCCCGACT-1,0.000054,0.000054,0.520449,0.158012,0.321321,0.000054,0.000054
ACAGGTGGAGGTGAGG-1,0.000055,0.112055,0.632077,0.000109,0.043289,0.21236,0.000055
ACAGGTGTGTTGTTGC-1,0.000167,0.000167,0.411462,0.000335,0.587534,0.000167,0.000167
ACAGTAATACAACTTG-1,0.000035,0.019474,0.577291,0.00007,0.00007,0.000035,0.403024
ACAGTATACCGTGGGA-1,0.00006,0.024107,0.711003,0.000121,0.048295,0.00006,0.216355
ACAGTGCAGCGCATTT-1,0.000483,0.133952,0.424416,0.000966,0.439216,0.000483,0.000483
ACATAAGTCGTGGTGA-1,0.000043,0.000043,0.997086,0.000086,0.002655,0.000043,0.000043
ACATCAGCTGGGACGC-1,0.000018,0.000018,0.238262,0.451487,0.092037,0.000018,0.21816
ACATCCCGGCCATACG-1,0.000037,0.099325,0.203296,0.004993,0.692276,0.000037,0.000037
ACATCCTGGTAACTGT-1,0.000147,0.000147,0.652504,0.174945,0.083077,0.085399,0.003781
ACATCGGTCAGCCGCG-1,0.000034,0.044464,0.748328,0.068446,0.042191,0.000034,0.096502
ACATCGTATGCAATGG-1,0.000361,0.000361,0.819171,0.168114,0.000722,0.010909,0.000361
ACATGGCGCCAAAGTA-1,0.000008,0.000008,0.042265,0.802478,0.140382,0.014851,0.000008
ACATGGCTCAATTTAG-1,0.000228,0.000228,0.300965,0.604736,0.093388,0.000228,0.000228
ACCAAACACCCAGCGA-1,0.000052,0.000052,0.791963,0.000104,0.203685,0.000052,0.004093
ACCAACACCACACACT-1,0.00004,0.062371,0.772803,0.01858,0.146126,0.00004,0.00004
ACCAACCGCACTCCAC-1,0.000476,0.000476,0.676052,0.000953,0.16029,0.161277,0.000476
ACCACAACTCAGAACA-1,0.000037,0.000037,0.559744,0.000647,0.411698,0.02355,0.004288
ACCACAAGTTTCTATC-1,0.000073,0.000073,0.369797,0.26469,0.224909,0.134739,0.00572
ACCACCAATGTAACAA-1,0.000022,0.000022,0.232141,0.547139,0.220631,0.000022,0.000022
ACCACCCTCTCTTCTA-1,0.00005,0.00005,0.944418,0.0001,0.055282,0.00005,0.00005
ACCACTGTTCAAGAAG-1,0.000209,0.000209,0.862221,0.000418,0.044999,0.091735,0.000209
ACCAGACCATAACAAC-1,0.000185,0.000185,0.783951,0.00037,0.21494,0.000185,0.000185
ACCAGTGCCCGGTCAA-1,0.000065,0.000065,0.987546,0.000129,0.012066,0.000065,0.000065
ACCAGTGCGGGAGACG-1,0.000125,0.068952,0.38702,0.454293,0.014475,0.000125,0.075009
ACCATCCGCCAACTAG-1,0.000071,0.022074,0.865932,0.02972,0.063763,0.010539,0.007901
ACCATCGTATATGGTA-1,0.000057,0.040726,0.654572,0.103902,0.190069,0.010617,0.000057
ACCATTAAGGGTGTCA-1,0.000242,0.032453,0.568828,0.157118,0.240876,0.000242,0.000242
ACCCAACGCCCGTGGC-1,0.000047,0.08742,0.54941,0.29291,0.050112,0.013675,0.006425
ACCCACCTACATGCTC-1,0.000026,0.006393,0.235099,0.749227,0.003508,0.005723,0.000026
ACCCATCTTGAGGGTA-1,0.000043,0.013355,0.438611,0.243196,0.273915,0.030837,0.000043
ACCCATTTGTCCCTCT-1,0.000649,0.00065,0.918727,0.001299,0.001299,0.076727,0.00065
ACCCGAGCGAAATTAC-1,0.000054,0.000054,0.645267,0.059759,0.294758,0.000054,0.000054
ACCCGGAGCACCACAA-1,0.000344,0.000344,0.874363,0.000688,0.000687,0.114243,0.009332
ACCCGGATGACGCATC-1,0.000015,0.000015,0.189458,0.653311,0.157171,0.000015,0.000015
ACCCGGTTACACTTCC-1,0.000021,0.590637,0.291587,0.032436,0.065797,0.000021,0.0195
ACCCTATAGGACTGAG-1,0.000885,0.000885,0.992919,0.00177,0.00177,0.000885,0.000885
ACCCTATGCCATATCG-1,0.000061,0.05686,0.722992,0.000121,0.091408,0.128497,0.000061
ACCCTCCCTTGCTATT-1,0.000235,0.000235,0.570831,0.019648,0.35896,0.049857,0.000235
ACCCTGGTAACGCCCT-1,0.000056,0.000056,0.916729,0.000111,0.058485,0.000056,0.024508
ACCCTTGCCTGGGTCG-1,0.000061,0.015163,0.771875,0.173343,0.039435,0.000061,0.000061
ACCCTTTAGTTCTCCA-1,0.000209,0.104625,0.812935,0.000418,0.004802,0.04404,0.032971
ACCGAAGAGTCTGGTT-1,0.000052,0.024951,0.732606,0.000105,0.242182,0.000052,0.000052
ACCGATAGGCATAACC-1,0.000376,0.000376,0.528647,0.316227,0.033402,0.120597,0.000376
ACCGATATTTAATCAT-1,0.000565,0.000565,0.904343,0.00113,0.00113,0.091702,0.000565
ACCGATGGTAGCATCG-1,0.000032,0.000032,0.063708,0.388004,0.23634,0.013733,0.298151
ACCGCGGTGGAAGTCG-1,0.000154,0.054608,0.738248,0.170989,0.035692,0.000154,0.000154
ACCGGGCCTTTGTTGA-1,0.000199,0.000199,0.946261,0.004491,0.048451,0.000199,0.000199
ACCGGTCAGGTACACC-1,0.00004,0.04375,0.95167,0.00008,0.00008,0.004339,0.00004
ACCGGTCTGAGTACGG-1,0.000033,0.029832,0.03434,0.331468,0.60426,0.000033,0.000033
ACCGTCCACTGGGCCC-1,0.000062,0.000062,0.946349,0.000124,0.018916,0.028307,0.00618
ACCGTGACCACGTGGG-1,0.000069,0.000069,0.755056,0.066053,0.178614,0.000069,0.000069
ACCTAAGTACCTTTCA-1,0.000069,0.001586,0.825098,0.015401,0.096671,0.061106,0.000069
ACCTAATCGACTTCCT-1,0.00001,0.00009,0.109906,0.519659,0.329737,0.037242,0.003355
ACCTACAGTATGTGGT-1,0.000024,0.028224,0.208041,0.408038,0.272429,0.083219,0.000024
ACCTCCGCCCTCGCTG-1,0.00051,0.00051,0.849063,0.117319,0.031577,0.00051,0.00051
ACCTCCGTTATTCACC-1,0.000026,0.000026,0.189945,0.339828,0.470124,0.000026,0.000026
ACCTCGAACTTATGCT-1,0.000056,0.054288,0.804929,0.000111,0.0617,0.005545,0.073371
ACCTGCGTGTCATGTT-1,0.000033,0.05008,0.804165,0.003765,0.14189,0.000033,0.000033
ACGAAATGGGCGGCAC-1,0.000006,0.000006,0.0417,0.607564,0.350712,0.000006,0.000006
ACGACCCATGAGTTGC-1,0.000279,0.000279,0.997771,0.000557,0.000557,0.000279,0.000279
ACGACTGGTCATACTC-1,0.000063,0.000063,0.358188,0.07358,0.326852,0.241192,0.000063
ACGAGAACCCATCACG-1,0.000144,0.016614,0.491205,0.054311,0.437438,0.000144,0.000144
ACGAGATATTTGCTTA-1,0.000097,0.030762,0.899467,0.000193,0.004379,0.065006,0.000097
ACGAGGATACCACTCT-1,0.000027,0.099743,0.307729,0.070151,0.502288,0.020035,0.000027
ACGAGGTTTACAACGT-1,0.000043,0.045585,0.392164,0.004133,0.557988,0.000043,0.000043
ACGAGTACGGATGCCC-1,0.000019,0.056949,0.190942,0.284738,0.456156,0.009908,0.001288
ACGAGTCGCCGGCGTT-1,0.000178,0.000178,0.768189,0.217681,0.013418,0.000178,0.000178
ACGATACATAGAACTA-1,0.000043,0.243031,0.724777,0.000086,0.017347,0.008059,0.006656
ACGATACCTATCCTGA-1,0.000341,0.000341,0.700919,0.25414,0.043575,0.000341,0.000341
ACGATCATCTTGTAAA-1,0.000011,0.000015,0.015662,0.524958,0.455732,0.002028,0.001594
ACGATGCATATGTTAT-1,0.000029,0.030735,0.363772,0.468826,0.122761,0.013846,0.000029
ACGCAAACTAATAGAT-1,0.000062,0.001134,0.87185,0.000123,0.000132,0.126638,0.000062
ACGCAATCACTACAGC-1,0.000044,0.000044,0.543918,0.042162,0.413745,0.000044,0.000044
ACGCATAAATGACATG-1,0.000041,0.042587,0.589499,0.105193,0.262598,0.000041,0.000041
ACGCATACGTTTACTA-1,0.000053,0.001132,0.458196,0.528922,0.000105,0.008723,0.002869
ACGCCTGACACGCGCT-1,0.001124,0.001124,0.542277,0.339448,0.002248,0.112656,0.001124
ACGCGCTACACAGGGT-1,0.000025,0.042347,0.286795,0.277312,0.389961,0.000025,0.003536
ACGCGTTTCTTAAGAG-1,0.000149,0.000149,0.056318,0.226009,0.717078,0.000149,0.000149
ACGCTAGTATCAGTGC-1,0.00007,0.111718,0.869947,0.00014,0.017985,0.00007,0.00007
ACGCTAGTGATACACT-1,0.000045,0.026555,0.424013,0.260314,0.28677,0.000045,0.002258
ACGCTGTGAGGCGTAG-1,0.000041,0.000041,0.316972,0.000083,0.667424,0.015397,0.000041
ACGGAATTTAGCAAAT-1,0.000461,0.000461,0.499312,0.423967,0.000922,0.074416,0.000461
ACGGAGCGCAAATTAC-1,0.000052,0.000052,0.993668,0.000105,0.006017,0.000052,0.000052
ACGGCCAACATGGACT-1,0.000026,0.501484,0.44991,0.000052,0.000052,0.048449,0.000026
ACGGCGGGTTGCCCTG-1,0.000515,0.000516,0.706689,0.001031,0.001031,0.289702,0.000516
ACGGCTGGATGTAGAA-1,0.000057,0.000057,0.869828,0.000113,0.129832,0.000057,0.000057
ACGGGAGTGTCGGCCC-1,0.000051,0.043105,0.881254,0.000102,0.075384,0.000051,0.000051
ACGGGCGTATGCGACA-1,0.000064,0.000064,0.860107,0.000128,0.139508,0.000064,0.000064
ACGGGTCATGTGACTT-1,0.000083,0.034726,0.491379,0.257035,0.216609,0.000083,0.000083
ACGTATTACTCCGATC-1,0.000014,0.009829,0.019663,0.678197,0.29227,0.000014,0.000014
ACGTCGGGCAACTCGG-1,0.000019,0.012056,0.18994,0.178872,0.615631,0.000019,0.003463
ACGTCTCGTTCCGGGA-1,0.000417,0.000417,0.814701,0.000834,0.182798,0.000417,0.000417
ACGTGACAAAGTAAGT-1,0.000061,0.000061,0.943698,0.000123,0.055933,0.000061,0.000061
ACGTTAGATTTGCCCG-1,0.000037,0.060795,0.23044,0.314575,0.335333,0.058784,0.000037
ACGTTATTGGTCACTC-1,0.000617,0.000617,0.635543,0.001235,0.156969,0.2044,0.000617
ACGTTCGCAATCAATT-1,0.000035,0.000035,0.272985,0.336667,0.246529,0.143712,0.000035
ACGTTCGTTCAGGAAA-1,0.000062,0.04818,0.940307,0.000123,0.001902,0.009364,0.000062
ACGTTCTGTACAAGTC-1,0.000599,0.000599,0.870927,0.001198,0.031167,0.094911,0.000599
ACTAAGGACGCACACC-1,0.000053,0.02921,0.872593,0.000106,0.012443,0.000053,0.085541
ACTAATACGTCAGGCG-1,0.000032,0.029285,0.255577,0.195897,0.424631,0.094546,0.000033
ACTACATCCCGACAAG-1,0.000033,0.002651,0.692996,0.000065,0.30419,0.000033,0.000033
ACTACCAGCTCTCTGG-1,0.000026,0.000026,0.377405,0.606602,0.015888,0.000026,0.000026
ACTAGTTGCGATCGTC-1,0.000806,0.17101,0.823343,0.001613,0.001613,0.000807,0.000807
ACTATATGCTGTGTTC-1,0.000067,0.000067,0.857355,0.000133,0.131921,0.000067,0.010391
ACTATCCAGGGCATGG-1,0.00001,0.00001,0.028147,0.752235,0.216354,0.000133,0.003112
ACTATCGCCGGCTAAA-1,0.000402,0.000402,0.711065,0.216743,0.000803,0.070184,0.000402
ACTATCTGCCCGCGTA-1,0.000397,0.000397,0.996825,0.000794,0.000794,0.000397,0.000397
ACTATGTCCAGCTGCC-1,0.000054,0.000054,0.964396,0.000108,0.03528,0.000054,0.000054
ACTATTTCCGGGCCCA-1,0.000095,0.000095,0.909852,0.000189,0.077246,0.012429,0.000095
ACTCAACGAATGTATT-1,0.000173,0.000173,0.21972,0.314224,0.038446,0.031056,0.396208
ACTCAAGTGCAAGGCT-1,0.000117,0.000117,0.268786,0.332895,0.363745,0.024883,0.009456
ACTCAGACCTGCTTCT-1,0.000139,0.00014,0.43026,0.527992,0.03316,0.00014,0.008169
ACTCCAATATCATCAT-1,0.00006,0.214513,0.713518,0.000121,0.059386,0.012341,0.00006
ACTCCCATTCCTAAAG-1,0.000032,0.000032,0.691701,0.043821,0.258501,0.000032,0.005882
ACTCCCGAATTCGTTT-1,0.000016,0.000016,0.03531,0.48077,0.483856,0.000016,0.000016
ACTCCCGTAGACTAGG-1,0.000054,0.000054,0.991815,0.000108,0.007862,0.000054,0.000054
ACTCGATGTATTTCAT-1,0.000265,0.000265,0.997877,0.000531,0.000531,0.000265,0.000265
ACTCGCGATCTGACGC-1,0.000571,0.000572,0.579426,0.001143,0.152222,0.265495,0.000572
ACTCGTAACCCGTCCT-1,0.00003,0.00003,0.668187,0.010541,0.321153,0.00003,0.00003
ACTCGTCAGTAATCCC-1,0.000115,0.000115,0.339086,0.025568,0.03061,0.604391,0.000115
ACTCTAAACCTGGGAT-1,0.000465,0.000465,0.897022,0.000931,0.000931,0.099721,0.000465
ACTCTCTGACTTAGGT-1,0.000541,0.000541,0.613293,0.339407,0.02716,0.000541,0.018518
ACTCTCTTATACACGA-1,0.000103,0.022521,0.911309,0.000205,0.031358,0.034402,0.000103
ACTCTTCAGCTCCCGC-1,0.000034,0.002043,0.621956,0.220345,0.155556,0.000034,0.000034
ACTGAAACGCCGTTAG-1,0.000546,0.000547,0.479976,0.001093,0.516744,0.000547,0.000547
ACTGAATGGCGAAAGT-1,0.000182,0.000182,0.858831,0.140076,0.000364,0.000182,0.000182
ACTGCCCGCCATTCTC-1,0.000412,0.000412,0.986909,0.000823,0.000823,0.000412,0.01021
ACTGCGGACACACCGT-1,0.000027,0.000027,0.270343,0.500544,0.229004,0.000027,0.000027
ACTGCTCGGAAGGATG-1,0.000043,0.032704,0.521115,0.026039,0.416114,0.000043,0.003941
ACTGGCGAACCTGCGT-1,0.000055,0.054572,0.856003,0.000109,0.063081,0.000055,0.026126
ACTGTACGATACACAT-1,0.000096,0.000096,0.253763,0.439816,0.253548,0.052583,0.000096
ACTGTAGCACTTTGGA-1,0.000134,0.000134,0.50624,0.053121,0.346575,0.046903,0.046893
ACTGTATACGCGAGCA-1,0.00017,0.00017,0.998637,0.000341,0.000341,0.00017,0.00017
ACTGTGCTAGTAGATC-1,0.000178,0.047384,0.130485,0.821064,0.000533,0.000178,0.000178
ACTTACCGGGCGCGCA-1,0.000198,0.000198,0.998415,0.000396,0.000396,0.000198,0.000198
ACTTAGTACGACAAGA-1,0.000131,0.000131,0.522724,0.030312,0.44644,0.000131,0.000131
ACTTATACTTACCCGG-1,0.000043,0.000043,0.119907,0.315583,0.317986,0.052879,0.19356
ACTTATCTGATCTATA-1,0.000538,0.000538,0.787171,0.209602,0.001076,0.000538,0.000538
ACTTATTTATGTGCCA-1,0.000337,0.000337,0.87703,0.000674,0.120949,0.000337,0.000337
ACTTCAGGCTGATCCC-1,0.000209,0.000209,0.368219,0.078029,0.552915,0.000209,0.000209
ACTTCCAGTGGAAGCT-1,0.000037,0.0375,0.588623,0.000074,0.084324,0.001923,0.287519
ACTTCCATGCGGGACA-1,0.000309,0.000309,0.821061,0.000617,0.119823,0.026576,0.031305
ACTTCCTGTCGTGCGA-1,0.000122,0.000122,0.839627,0.000245,0.096044,0.045408,0.018431
ACTTCGCCATACGCAC-1,0.000082,0.17099,0.768947,0.000164,0.059655,0.000082,0.000082
ACTTCGCTAGCGAGTG-1,0.000056,0.000056,0.438601,0.029456,0.531717,0.000056,0.000056
ACTTGGGACCCGGTGG-1,0.000893,0.000893,0.857939,0.001786,0.001786,0.13581,0.000893
ACTTGTAGTCCCTTCA-1,0.000056,0.000056,0.997911,0.000112,0.001754,0.000056,0.000056
ACTTGTGGATGGAACG-1,0.000467,0.000467,0.996261,0.000935,0.000935,0.000467,0.000467
ACTTTACCCTCATGAA-1,0.00001,0.00001,0.029261,0.257352,0.712583,0.00001,0.000774
ACTTTGACTGCATCCT-1,0.000106,0.000106,0.951943,0.000212,0.047422,0.000106,0.000106
ACTTTGGTCGTGCTCC-1,0.000063,0.000063,0.999492,0.000127,0.000127,0.000063,0.000063
ACTTTGTCGACGCACT-1,0.000379,0.000379,0.530627,0.000758,0.427968,0.03951,0.000379
AGAAATTATGACTCGC-1,0.00021,0.00021,0.998319,0.00042,0.00042,0.00021,0.00021
AGAACCCAGCGTGACA-1,0.000826,0.000827,0.65202,0.319441,0.001653,0.000827,0.024407
AGAACCCTCAATTGGG-1,0.000037,0.000037,0.963967,0.000074,0.035812,0.000037,0.000037
AGAACGTGGTACATTC-1,0.000056,0.135573,0.798104,0.000113,0.012409,0.000056,0.053688
AGAAGAGCGCCGTTCC-1,0.000621,0.000621,0.441267,0.001243,0.394321,0.072072,0.089856
AGAAGGTACACTTCAC-1,0.000045,0.084473,0.895897,0.000089,0.019407,0.000045,0.000045
AGAAGGTTGCCGAATT-1,0.000036,0.105534,0.464333,0.073221,0.123899,0.232942,0.000036
AGAAGTGATTCGTGAT-1,0.000053,0.078469,0.802231,0.056737,0.062404,0.000053,0.000053
AGAATAAATCTTCAGG-1,0.00003,0.00003,0.473424,0.124849,0.401609,0.00003,0.00003
AGAATGCGGGTTCGGA-1,0.000051,0.000051,0.999591,0.000102,0.000102,0.000051,0.000051
AGAATTATGGATTCGA-1,0.000024,0.031445,0.28949,0.08844,0.572251,0.018326,0.000024
AGAATTGTTTGACATA-1,0.0001,0.006419,0.114255,0.701161,0.177866,0.0001,0.0001
AGACAGCTCAGAATCC-1,0.000176,0.061986,0.871318,0.000352,0.000352,0.065641,0.000176
AGACAGGCATCTCAGC-1,0.000055,0.000055,0.27356,0.080716,0.645506,0.000055,0.000055
AGACCAAACCACACCT-1,0.000019,0.008596,0.498095,0.007849,0.485404,0.000019,0.000019
AGACCATGGGATACAA-1,0.000205,0.000205,0.720443,0.17316,0.043776,0.062005,0.000205
AGACCGCTCCGCGGTT-1,0.000231,0.000231,0.762713,0.145672,0.09069,0.000231,0.000231
AGACCGGGAAACCCTG-1,0.000024,0.000024,0.734674,0.001866,0.263366,0.000024,0.000024
AGACGAAGTGCCGGTC-1,0.000581,0.000582,0.995348,0.001163,0.001163,0.000582,0.000582
AGACGACGATGCCGCT-1,0.000056,0.000056,0.719378,0.000112,0.280285,0.000056,0.000056
AGACGCCCACTTCGCC-1,0.000209,0.021383,0.977153,0.000419,0.000419,0.000209,0.000209
AGACGGGCCGATTTAA-1,0.000086,0.000086,0.924655,0.000171,0.074831,0.000086,0.000086
AGACTAGCCTTCCAGA-1,0.000526,0.000526,0.216942,0.001053,0.096258,0.684168,0.000526
AGACTGTTACCGGGTC-1,0.000078,0.000079,0.423099,0.000157,0.344063,0.232446,0.000079
AGAGAACCGTCTAGGA-1,0.000071,0.061901,0.651667,0.078186,0.123713,0.084391,0.000071
AGAGAAGGAGTACAAT-1,0.000046,0.04051,0.677676,0.000092,0.224109,0.000046,0.057521
AGAGATCTCTAAAGCG-1,0.000008,0.004065,0.109175,0.402604,0.484131,0.000008,0.000008
AGAGCAGTTATGAGAC-1,0.000015,0.012336,0.128373,0.612341,0.150283,0.001913,0.094738
AGAGCCGCCGAGATTT-1,0.000806,0.000807,0.797889,0.001613,0.001613,0.196465,0.000807
AGAGCGCTTGTAACGG-1,0.000137,0.000137,0.8011,0.012305,0.186046,0.000137,0.000137
AGAGCGTACAAGCTCG-1,0.000185,0.000185,0.301815,0.658482,0.038961,0.000185,0.000185
AGAGCTACGAAAGCAT-1,0.000039,0.017467,0.18288,0.48271,0.234313,0.082553,0.000039
AGAGGCTTCGGAAACC-1,0.00029,0.00029,0.507754,0.00058,0.490507,0.00029,0.00029
AGAGGGACAATTGTCC-1,0.000073,0.065406,0.903646,0.000147,0.000373,0.030281,0.000073
AGAGTAAACTTCACTA-1,0.000233,0.000233,0.532666,0.000465,0.197149,0.269022,0.000233
AGAGTATAGTGTTACG-1,0.001471,0.001471,0.762253,0.228922,0.002942,0.001471,0.001471
AGAGTGAACAGACACC-1,0.000053,0.027168,0.868867,0.000106,0.016842,0.08691,0.000053
AGAGTTAGAGACCGAT-1,0.000062,0.000062,0.397491,0.110872,0.277682,0.213768,0.000062
AGAGTTGCAGGCCTCC-1,0.000054,0.006451,0.825528,0.000108,0.015626,0.11182,0.040413
AGATAACTTCAGGGCC-1,0.000072,0.000072,0.63487,0.065017,0.062892,0.237005,0.000072
AGATACCAATAGAACC-1,0.000133,0.079052,0.000267,0.84699,0.000267,0.073158,0.000133
AGATACCAGCACTTCA-1,0.000061,0.084252,0.915322,0.000122,0.000122,0.000061,0.000061
AGATACCGGTGTTCAC-1,0.000039,0.017209,0.610055,0.157315,0.159905,0.000039,0.055438
AGATACGACTTCATAT-1,0.000109,0.000109,0.818577,0.000218,0.180768,0.000109,0.000109
AGATACTCAAGATCGA-1,0.000053,0.03566,0.404736,0.464732,0.094713,0.000053,0.000053
AGATCGTGCATAAGAT-1,0.000045,0.032229,0.910327,0.010306,0.047002,0.000045,0.000045
AGATCTCAGGTGTGAT-1,0.000136,0.047215,0.399002,0.210387,0.342989,0.000136,0.000136
AGATGAGGGTTGCGAT-1,0.000055,0.000055,0.405251,0.000111,0.594417,0.000055,0.000055
AGATGATGGAGTCTGG-1,0.000009,0.000009,0.01022,0.628426,0.361316,0.000009,0.000009
AGATGCAAGACGTGCA-1,0.000025,0.095104,0.261168,0.304366,0.339288,0.000025,0.000025
AGATGCATCCTGTGTC-1,0.00005,0.016182,0.983466,0.0001,0.0001,0.00005,0.00005
AGATGCTATAACGAGC-1,0.000054,0.037946,0.064895,0.720933,0.158488,0.01763,0.000054
AGATTCAAGCGGGTCG-1,0.000065,0.033591,0.87739,0.042317,0.046507,0.000065,0.000065
AGATTCACAACCGATA-1,0.000023,0.049826,0.853216,0.000046,0.096842,0.000023,0.000023
AGCAACATATCTTATT-1,0.000019,0.000019,0.24869,0.553938,0.183926,0.013387,0.000019
AGCAACCGAAAGTAAT-1,0.00005,0.00005,0.508388,0.106565,0.384845,0.00005,0.00005
AGCACACGTTTAGACT-1,0.000386,0.043797,0.75705,0.000772,0.197221,0.000386,0.000386
AGCACTACCGGCCTGT-1,0.00001,0.00001,0.014353,0.530156,0.455453,0.00001,0.00001
AGCACTTAAGGACGCC-1,0.000025,0.018492,0.026145,0.414605,0.244873,0.000629,0.295232
AGCAGCCAGATGAATA-1,0.000078,0.000078,0.999378,0.000156,0.000156,0.000078,0.000078
AGCATATCAATATGCT-1,0.000448,0.000449,0.871756,0.000897,0.056342,0.06966,0.000449
AGCATCATTTCGAAAG-1,0.000022,0.002839,0.310602,0.003183,0.68331,0.000022,0.000022
AGCATCGTCGATAATT-1,0.000159,0.000159,0.473403,0.341438,0.164416,0.020265,0.000159
AGCCACAGGTTACCCG-1,0.000377,0.000377,0.895834,0.054953,0.000755,0.037324,0.010379
AGCCACTCCCGTGCTT-1,0.000045,0.253356,0.583526,0.000981,0.14961,0.000045,0.012438
AGCCCATACATGTAAG-1,0.000018,0.073369,0.185485,0.168916,0.567698,0.000018,0.004495
AGCCCGGCATTAGAGG-1,0.000051,0.027574,0.129716,0.253417,0.589141,0.000051,0.000051
AGCCCGGTAGCCTGTA-1,0.000155,0.000155,0.936649,0.00031,0.002886,0.05969,0.000155
AGCCCTCCCTGGTGGC-1,0.000146,0.014819,0.807585,0.000293,0.054746,0.000146,0.122264
AGCCCTGTCGCACCGT-1,0.000113,0.000113,0.094918,0.336595,0.530776,0.037373,0.000113
AGCCCTTCTAATCCGA-1,0.000057,0.000057,0.648988,0.022137,0.328646,0.000057,0.000057
AGCCCTTGGACATCCC-1,0.000407,0.000407,0.987379,0.000813,0.000813,0.009775,0.000407
AGCCGCAAATTCAAAT-1,0.00019,0.00019,0.815359,0.032385,0.151495,0.00019,0.00019
AGCCGCTTGATTAGCG-1,0.000311,0.048921,0.380591,0.057406,0.512151,0.000311,0.000311
AGCCGTGGCTAAATGT-1,0.000028,0.004798,0.571842,0.000056,0.423221,0.000028,0.000028
AGCCTAATACCCACGT-1,0.000033,0.000033,0.53587,0.018956,0.445041,0.000033,0.000033
AGCCTTAAAGCGGAAG-1,0.000165,0.000165,0.998677,0.000331,0.000331,0.000165,0.000165
