Barcode,Topic 1,Topic 2,Topic 3to4,Topic 5,Topic 6to7
AAACAAGTATCTCCCA-1,0.003247,0.003262,0.565121,0.209866,0.218504
AAACACCAATAACTGC-1,0.005291,0.005312,0.468206,0.005316,0.515874
AAACAGAGCGACTCCT-1,0.001401,0.001407,0.002813,0.001406,0.992973
AAACAGCTTTCAGAAG-1,0.00085,0.000854,0.001708,0.994879,0.001709
AAACAGGGTCTATATT-1,0.003484,0.003497,0.007004,0.381986,0.604027
AAACATGGTGAGAGGA-1,0.000284,0.364309,0.000571,0.085345,0.549491
AAACATTTCCCGGATT-1,0.000168,0.088917,0.106625,0.107289,0.697
AAACCGGAAATGTTAA-1,0.006211,0.006243,0.256191,0.006238,0.725117
AAACCGGGTAGGTACC-1,0.000284,0.085793,0.107115,0.707103,0.099705
AAACCGTTCGTCCAGG-1,0.000066,0.008176,0.834319,0.13397,0.023469
AAACCTAAGCAGCCGG-1,0.000177,0.000178,0.233316,0.00537,0.76096
AAACGAAGAACATACC-1,0.000308,0.000309,0.000618,0.000309,0.998455
AAACGAAGATGGAGTA-1,0.000733,0.061853,0.001472,0.26912,0.666822
AAACGGGCGTACGGGT-1,0.000219,0.101847,0.130806,0.00022,0.766908
AAACGGTTGCGAACTG-1,0.000051,0.594894,0.404901,0.000051,0.000103
AAACGTGTTCGCCCTA-1,0.000516,0.000518,0.001036,0.256328,0.741602
AAACTAACGTGGCGAC-1,0.000999,0.001003,0.002007,0.001004,0.994987
AAACTCGGTTCGCAAT-1,0.000334,0.000335,0.199985,0.095146,0.7042
AAACTCGTGATATAAG-1,0.000376,0.000378,0.093601,0.639908,0.265737
AAACTGCTGGCTCCAA-1,0.000179,0.011534,0.000359,0.785682,0.202247
AAACTTAATTGCACGC-1,0.002132,0.367309,0.004281,0.002142,0.624135
AAACTTGCAAACGTAT-1,0.000677,0.00068,0.353942,0.330177,0.314524
AAAGAATGACCTTAGA-1,0.000143,0.374865,0.000287,0.000143,0.624561
AAAGACCCAAGTCGCG-1,0.000139,0.091059,0.237794,0.00014,0.670868
AAAGACTGGGCGCTTT-1,0.000111,0.465375,0.10204,0.12536,0.307114
AAAGGCCCTATAATAC-1,0.000194,0.000194,0.031566,0.000194,0.967852
AAAGGCTACGGACCAT-1,0.005291,0.005307,0.010624,0.766573,0.212205
AAAGGCTCTCGCGCCG-1,0.000371,0.000373,0.391968,0.402699,0.204589
AAAGGGATGTAGCAAG-1,0.000064,0.041289,0.910669,0.000064,0.047913
AAAGGGCAGCTTGAAT-1,0.000132,0.439979,0.186164,0.167957,0.205768
AAAGGTAAGCTGTACC-1,0.003663,0.547461,0.007359,0.42874,0.012778
AAAGTAGCATTGCTCA-1,0.00304,0.407695,0.33514,0.003055,0.251071
AAAGTCACTGATGTAA-1,0.000209,0.000209,0.224114,0.027347,0.748121
AAAGTGCCATCAATTA-1,0.000239,0.218191,0.080056,0.282507,0.419008
AAAGTGTGATTTATCT-1,0.002857,0.002869,0.005742,0.788441,0.200092
AAATAACCATACGGGA-1,0.00019,0.000191,0.000381,0.06788,0.931359
AAATACCTATAAGCAT-1,0.000235,0.247174,0.189371,0.369674,0.193547
AAATAGGGTGCTATTG-1,0.000756,0.278758,0.001518,0.000759,0.718208
AAATCCGATACACGCC-1,0.000354,0.000356,0.000712,0.000356,0.998221
AAATCGCGGAAGGAGT-1,0.002646,0.002658,0.215287,0.002658,0.776751
AAATCGTGTACCACAA-1,0.000233,0.119489,0.000467,0.519498,0.360313
AAATCTAGCCCTGCTA-1,0.005102,0.394312,0.010251,0.005126,0.585209
AAATGATTCGATCAGC-1,0.000252,0.450396,0.074485,0.008875,0.465991
AAATGCTCGTTACGTT-1,0.000107,0.104362,0.50801,0.000108,0.387413
AAATGGCATGTCTTGT-1,0.000184,0.000185,0.118087,0.000185,0.881359
AAATGGCCCGTGCCCT-1,0.010204,0.010244,0.300801,0.010261,0.668489
AAATGGTCAATGTGCC-1,0.000215,0.308145,0.066507,0.469391,0.155743
AAATGTATCTTATCCC-1,0.000173,0.451097,0.110602,0.058376,0.379752
AAATTACACGACTCTG-1,0.010989,0.011026,0.022092,0.011034,0.944859
AAATTACCTATCGATG-1,0.001855,0.001864,0.003726,0.924409,0.068145
AAATTGATAGTCCTTT-1,0.005102,0.005124,0.680402,0.005123,0.304249
AAATTGCGGCGGTTCT-1,0.000562,0.000565,0.00113,0.000565,0.997178
AAATTGGTGAGAAGCA-1,0.000125,0.000126,0.462767,0.004532,0.53245
AAATTTACCGAAATCC-1,0.008403,0.008442,0.016877,0.00844,0.957838
AAATTTGCGGGTGTGG-1,0.000296,0.000297,0.000594,0.876324,0.12249
AACAACTGGTAGTTGC-1,0.000189,0.020781,0.188005,0.341209,0.449816
AACAATACATTGTCGA-1,0.000156,0.000157,0.737754,0.000157,0.261775
AACAATTACTCTACGC-1,0.000156,0.082374,0.028459,0.351237,0.537774
AACACACGCTCGCCGC-1,0.000733,0.000736,0.001472,0.573347,0.423712
AACACGACTGTACTGA-1,0.000345,0.000346,0.000694,0.010112,0.988503
AACACGAGACGCGGCC-1,0.000488,0.000489,0.475715,0.253781,0.269527
AACACGCGGCCGCGAA-1,0.005291,0.005317,0.010632,0.496488,0.482271
AACAGCTGTGTGGCAA-1,0.000178,0.000179,0.148665,0.236267,0.61471
AACAGGAAATCGAATA-1,0.000125,0.149096,0.034925,0.000126,0.815728
AACAGGATGGGCCGCG-1,0.000133,0.392713,0.112279,0.272759,0.222116
AACAGGTAGTATGGAT-1,0.00085,0.12268,0.162901,0.407833,0.305735
AACATATCAACTGGTG-1,0.004202,0.004216,0.141945,0.004219,0.845418
AACATCGATACGTCTA-1,0.000295,0.000296,0.000592,0.039372,0.959445
AACATTGAAGTTGATC-1,0.000263,0.000264,0.000528,0.000264,0.998682
AACATTGTGACTCGAG-1,0.000319,0.00032,0.000641,0.326148,0.672572
AACCAGTATCACTCTT-1,0.004082,0.004101,0.337815,0.004102,0.649901
AACCATAGGGTTGAAC-1,0.000217,0.309828,0.000437,0.000218,0.689299
AACCATGGGATCGCTA-1,0.00023,0.000231,0.000463,0.000231,0.998844
AACCCAGAGACGGAGA-1,0.000125,0.021912,0.647582,0.000126,0.330255
AACCCATCCCATGATC-1,0.000327,0.338224,0.000657,0.16139,0.499402
AACCCGACAACCCGTG-1,0.00027,0.000271,0.163318,0.000271,0.83587
AACCCGAGCAGAATCG-1,0.000232,0.000233,0.212033,0.091897,0.695605
AACCCGATAGGGCTTC-1,0.010989,0.011024,0.944841,0.011044,0.022101
AACCCTGGTGGAACCA-1,0.000176,0.050904,0.000353,0.04209,0.906477
AACCGAGCTTGGTCAT-1,0.000904,0.000908,0.270562,0.256014,0.471612
AACCGCTAAGGGATGC-1,0.00039,0.475688,0.000785,0.118415,0.404722
AACCGTTGTGTTTGCT-1,0.000289,0.00029,0.00058,0.15936,0.839482
AACCTCGCTTTAGCCC-1,0.000603,0.400308,0.158607,0.130453,0.310029
AACCTTTAAATACGGT-1,0.000904,0.000909,0.001817,0.530319,0.466051
AACCTTTACGACGTCT-1,0.003484,0.425493,0.006999,0.0035,0.560524
AACGAAAGTCGTCCCA-1,0.003663,0.413699,0.007358,0.00368,0.5716
AACGATAATGCCGTAG-1,0.000364,0.313398,0.299329,0.21014,0.17677
AACGATAGAAGGGCCG-1,0.000173,0.000174,0.259573,0.008132,0.731949
AACGATATGTCAACTG-1,0.002597,0.002611,0.005221,0.806678,0.182893
AACGCATGATCTGGGT-1,0.000101,0.007054,0.578718,0.078658,0.335469
AACGCGAACGGCAACA-1,0.000225,0.028752,0.000453,0.000226,0.970344
AACGCGACCTTGGGCG-1,0.000281,0.000282,0.029725,0.393135,0.576577
AACGCGGTCTCCAGCC-1,0.000486,0.133919,0.755659,0.108959,0.000976
AACGCTGTTGCTGAAA-1,0.010989,0.011028,0.022058,0.496688,0.459236
AACGGACGTACGTATA-1,0.000501,0.000503,0.236726,0.439531,0.322739
AACGGCCATCTCCGGT-1,0.000124,0.701332,0.201999,0.094907,0.001637
AACGTACTGTGGGTAC-1,0.000262,0.264422,0.164638,0.270109,0.300569
AACGTCAGACTAGTGG-1,0.000104,0.000111,0.5598,0.128234,0.311751
AACGTGATGAAGGACA-1,0.000816,0.260036,0.00164,0.219555,0.517952
AACGTTATCAGCACCT-1,0.000571,0.000574,0.001148,0.034293,0.963413
AACTACCCGTTTGTCA-1,0.000632,0.293538,0.00127,0.170655,0.533905
AACTAGCGTATCGCAC-1,0.001264,0.007682,0.353387,0.086276,0.551391
AACTAGGCTTGGGTGT-1,0.000491,0.148545,0.450305,0.000493,0.400165
AACTCCAGAGCGTGTT-1,0.000518,0.00052,0.001039,0.00052,0.997404
AACTCCTAATCCCATG-1,0.000552,0.496903,0.001108,0.000554,0.500884
AACTCGATGGCGCAGT-1,0.000198,0.000199,0.000397,0.006513,0.992694
AACTCTCAGTGTGCTC-1,0.000051,0.006894,0.989199,0.003753,0.000103
AACTGAGGTCAGCGTC-1,0.000321,0.514127,0.141205,0.000322,0.344025
AACTGAGTTATACTGA-1,0.001931,0.001939,0.236944,0.302059,0.457127
AACTGATATTAGGCCT-1,0.000225,0.000226,0.075106,0.133441,0.791003
AACTGGGTCCCGACGT-1,0.000219,0.00022,0.311007,0.286007,0.402546
AACTGGTGTGGGCCTT-1,0.00084,0.000844,0.001686,0.000844,0.995786
AACTTCTGCGTCTATC-1,0.000162,0.264237,0.206611,0.000165,0.528825
AACTTGCCCGTATGCA-1,0.000173,0.172314,0.022803,0.352937,0.451773
AACTTGCGTTCTCGCG-1,0.000231,0.130688,0.043975,0.000232,0.824874
AACTTTACGGGAGCTT-1,0.000458,0.006406,0.05824,0.186026,0.748871
AACTTTAGCTGCTGAG-1,0.004762,0.004782,0.00957,0.440684,0.540202
AAGAAATCACCAGATT-1,0.001335,0.048347,0.002682,0.560426,0.38721
AAGAAGGATCAGTTAG-1,0.000222,0.000223,0.000446,0.000223,0.998887
AAGACATACGTGGTTT-1,0.000209,0.192563,0.00042,0.00021,0.806598
AAGACCAAATAACTCA-1,0.000245,0.378036,0.17344,0.000247,0.448032
AAGACCCAACTGAACA-1,0.000558,0.070144,0.068569,0.37987,0.480858
AAGACTAACCCGTTGT-1,0.001721,0.001729,0.277935,0.001729,0.716886
AAGAGATGAATCGGTA-1,0.000486,0.000488,0.000976,0.418566,0.579484
AAGAGGCCCTTTGGAA-1,0.000271,0.152138,0.028439,0.201477,0.617676
AAGATGGCACCGGACC-1,0.002421,0.002431,0.375664,0.235842,0.383641
AAGATTGGCGGAACGT-1,0.000736,0.000739,0.001479,0.26397,0.733076
AAGCACCCTGCGTATC-1,0.001605,0.915221,0.078338,0.001613,0.003223
AAGCATACTCTCCTGA-1,0.000166,0.000167,0.321494,0.000167,0.678007
AAGCCGAAGCGGTTTA-1,0.000855,0.399904,0.140483,0.278414,0.180343
AAGCCGCCGTGAAATC-1,0.000329,0.155018,0.000661,0.094512,0.749479
AAGCCGCTTTACCTTG-1,0.000518,0.00052,0.020131,0.231394,0.747438
AAGCCGGAGAGCAGGA-1,0.000059,0.000406,0.404151,0.036626,0.558758
AAGCGCAGGGCTTTGA-1,0.000191,0.000192,0.373351,0.148265,0.478001
AAGCGGAGTGCGCGCA-1,0.000159,0.00016,0.399831,0.00094,0.59891
AAGCGGCGTCATGGGT-1,0.0002,0.227547,0.080125,0.109714,0.582414
AAGCGTCCCTCATCGA-1,0.002132,0.002141,0.30192,0.398195,0.295611
AAGCTAGATCGAGTAA-1,0.000209,0.085803,0.301157,0.468165,0.144667
AAGCTCTTTCATGGTG-1,0.006211,0.868969,0.012487,0.00624,0.106094
AAGGAGCGGTTGGTGC-1,0.00042,0.000422,0.258003,0.182106,0.559048
AAGGATGAGGGACCTC-1,0.002101,0.00211,0.255434,0.55325,0.187105
AAGGCGCGTAAAGCTT-1,0.000077,0.000111,0.592087,0.203651,0.204075
AAGGCTGTGCTCATCG-1,0.000409,0.146844,0.000823,0.431434,0.42049
AAGGGAACGACTGGCT-1,0.008404,0.008441,0.661764,0.008432,0.312959
AAGGGACAGATTCTGT-1,0.001504,0.00151,0.003023,0.421177,0.572787
AAGGGACTATGCATTC-1,0.001957,0.501548,0.003932,0.286186,0.206377
AAGGGTTTGATTTCAG-1,0.001553,0.00156,0.679075,0.001559,0.316253
AAGGTATCCTAATATA-1,0.002198,0.183524,0.004414,0.30545,0.504414
AAGGTGATAAACCAGC-1,0.001414,0.270698,0.002842,0.042992,0.682054
AAGTAGAAGACCGGGT-1,0.001211,0.001216,0.326705,0.229516,0.441351
AAGTAGTGACGCGAGG-1,0.001107,0.257747,0.002225,0.245209,0.493711
AAGTCAATTGTCGTCA-1,0.00304,0.266491,0.006105,0.109214,0.615151
AAGTCTAGTAGCTGCC-1,0.001125,0.00113,0.00226,0.556823,0.438662
AAGTGAGTCGGGTTTA-1,0.001832,0.00184,0.264272,0.335512,0.396545
AAGTGCAAAGGTAGAC-1,0.000173,0.530196,0.000347,0.088992,0.380292
AAGTGCCTTGACTGTA-1,0.000794,0.000797,0.001594,0.728577,0.268238
AAGTGCGTTAGAATCT-1,0.002232,0.002241,0.509001,0.002243,0.484282
AAGTGCTTCTCTATTG-1,0.000465,0.000467,0.000935,0.29327,0.704862
AAGTGTTTGGAGACGG-1,0.000505,0.000507,0.323098,0.039734,0.636156
AAGTTCACTCCAAGCT-1,0.000595,0.000598,0.380202,0.000598,0.618007
AAGTTCAGTCTGCGTA-1,0.000343,0.000345,0.00069,0.004477,0.994145
AAGTTCGGCCAACAGG-1,0.000213,0.30363,0.192172,0.320073,0.183912
AAGTTGTGATGTTATA-1,0.000684,0.000686,0.001373,0.000687,0.99657
AAGTTTACTAATGGCA-1,0.001443,0.001449,0.344217,0.137008,0.515883
AAGTTTATGGGCCCAA-1,0.0003,0.170609,0.000603,0.000301,0.828187
AATAACACTAGAACAA-1,0.000069,0.021343,0.842183,0.110517,0.025887
AATAATCTTCGTATCG-1,0.015873,0.015955,0.525589,0.01596,0.426623
AATACAATGTTTCAGG-1,0.00037,0.493955,0.05634,0.270139,0.179196
AATACCGGAGGGCTGT-1,0.00025,0.000251,0.186847,0.146354,0.666299
AATAGAACAGAGTGGC-1,0.000131,0.012753,0.584263,0.293127,0.109725
AATAGAATCTGTTTCA-1,0.00017,0.399349,0.353291,0.207678,0.039512
AATAGCTACCGCGTGC-1,0.000386,0.000388,0.000776,0.345476,0.652975
AATAGTCCGTCCCGAC-1,0.000501,0.000504,0.462027,0.206759,0.330209
AATAGTCGCGAGTCGG-1,0.000514,0.100653,0.001033,0.000516,0.897284
AATATCAAGGTCGGAT-1,0.000271,0.241024,0.000544,0.000272,0.75789
AATATCCTAGCAAACT-1,0.001473,0.001479,0.002958,0.241384,0.752706
AATATCGAATCAATGC-1,0.001429,0.001435,0.313254,0.319583,0.364299
AATATCGAGGGTTCTC-1,0.004608,0.004627,0.829557,0.004628,0.15658
AATCAGACTGCAGGAC-1,0.000221,0.000222,0.161244,0.1016,0.736713
AATCAGGTTTCATTTA-1,0.000627,0.000629,0.001257,0.000629,0.996859
AATCATGTAAAGACTC-1,0.001488,0.209587,0.174635,0.113088,0.501201
AATCCAAGGGCCTGAG-1,0.000252,0.000253,0.000507,0.000254,0.998734
AATCCATGCAAGGGTG-1,0.000217,0.114869,0.000437,0.000218,0.884258
AATCGGGACACTACGA-1,0.000484,0.000486,0.000974,0.000486,0.997569
AATCGTGAGCCGAGCA-1,0.000299,0.000301,0.021784,0.294146,0.683469
AATCTAGGTTTACTTG-1,0.001361,0.456656,0.251546,0.001367,0.289071
AATCTATGCCGGAGCC-1,0.001335,0.001341,0.002682,0.735185,0.259457
AATCTGCGTTGGGACG-1,0.000798,0.000801,0.001603,0.782,0.214798
AATCTGGCTTTCTAGT-1,0.00152,0.174378,0.003053,0.488442,0.332607
AATGACAGCAATGTCT-1,0.004329,0.004347,0.008705,0.341597,0.641022
AATGACGTAGGATGTC-1,0.00026,0.000261,0.026437,0.78258,0.190461
AATGACTGTCAGCCGG-1,0.000264,0.00027,0.675105,0.068308,0.256053
AATGAGTTCGCATATG-1,0.000191,0.414221,0.040153,0.000192,0.545244
AATGATGATACGCTAT-1,0.000441,0.36498,0.018914,0.302346,0.313319
AATGATGCGACTCCTG-1,0.017857,0.017912,0.035802,0.017923,0.910506
AATGCAACCGGGTACC-1,0.000068,0.046193,0.953534,0.000068,0.000136
AATGCACCAAGCAATG-1,0.003322,0.281918,0.006676,0.296888,0.411197
AATGGTCCACCGTTCA-1,0.000087,0.531438,0.15217,0.100399,0.215905
AATGGTTCTCACAAGC-1,0.000148,0.093214,0.217413,0.206184,0.483041
AATGTATGGCACTGTA-1,0.000295,0.110947,0.000593,0.000296,0.887868
AATGTGCCCGAGGTGT-1,0.000978,0.199067,0.001966,0.386526,0.411463
AATGTGCTAATCTGAG-1,0.000323,0.000325,0.000649,0.301067,0.697636
AATGTTGTCGTGAGAC-1,0.000264,0.000265,0.000529,0.000265,0.998678
AATTAACGGATTTCCA-1,0.002506,0.002518,0.501189,0.190408,0.303379
AATTACGAGACCCATC-1,0.005953,0.00598,0.409377,0.00598,0.572711
AATTACTCGTACGCTC-1,0.000176,0.000176,0.09416,0.054935,0.850553
AATTAGCGCTGCAGCG-1,0.000114,0.000115,0.529788,0.108912,0.361071
AATTCATAAGGGATCT-1,0.000464,0.273975,0.211059,0.000466,0.514036
AATTCATTGTCATGCA-1,0.002268,0.002278,0.004557,0.002279,0.988619
AATTCCAAGCATGTAC-1,0.00047,0.000472,0.081365,0.200537,0.717156
AATTCGATTCGAGGAT-1,0.000354,0.149048,0.000712,0.199447,0.650438
AATTCTAGAGTTAGGC-1,0.000319,0.00032,0.462605,0.302083,0.234672
AATTGAACGCTCTGGT-1,0.000298,0.128231,0.000598,0.457151,0.413723
AATTGCAGCAATCGAC-1,0.0002,0.157405,0.091129,0.28065,0.470616
AATTGCGTGGATTACA-1,0.00051,0.000512,0.001024,0.000512,0.997442
AATTGTGGTTGCCAAA-1,0.001786,0.001794,0.247364,0.243599,0.505457
AATTTGGGACATAGTA-1,0.009524,0.009561,0.019127,0.00957,0.952218
AATTTGGTTCCAAAGA-1,0.000262,0.077696,0.000526,0.008194,0.913322
ACAAACCATGCGTCCT-1,0.005714,0.00574,0.011475,0.005744,0.971326
ACAAAGAAGGTAGGCC-1,0.000468,0.000471,0.000941,0.487586,0.510534
ACAAAGCATGACCTAG-1,0.000539,0.247377,0.001083,0.000541,0.750459
ACAAATCGCACCGAAT-1,0.0002,0.586251,0.066138,0.058912,0.288499
ACAAATGGTAGTGTTT-1,0.000347,0.074407,0.000697,0.295152,0.629397
ACAAATTCAGATCTGA-1,0.001161,0.306554,0.114131,0.402805,0.175348
ACAACAGCATGAGCTA-1,0.000481,0.000483,0.116887,0.63827,0.243878
ACAACGGTCCCTGCGA-1,0.000317,0.362459,0.241677,0.139678,0.25587
ACAAGCAGTGCCTAGC-1,0.000107,0.000108,0.000215,0.360939,0.638631
ACAAGGAAATCCGCCC-1,0.000215,0.186287,0.065655,0.402414,0.345429
ACAAGGACAAGAGGTT-1,0.000285,0.000286,0.193702,0.332909,0.472817
ACAAGGATGCTTTAGG-1,0.000209,0.176107,0.016665,0.005734,0.801285
ACAAGGGCAGGCTCTG-1,0.000298,0.00825,0.143134,0.59402,0.254298
ACAATAGTCGTACGTT-1,0.000598,0.131533,0.068976,0.2194,0.579493
ACAATGAATACGGAGA-1,0.000204,0.032118,0.044358,0.285231,0.638089
ACAATGATTCTTCTAC-1,0.001143,0.085947,0.201004,0.169168,0.542739
ACAATTGTGTCTCTTT-1,0.000598,0.000601,0.2651,0.415185,0.318516
ACAATTTAGGAGGCTC-1,0.000616,0.000619,0.133494,0.377404,0.487867
ACAATTTGAGCAGTGG-1,0.000529,0.000531,0.001063,0.378608,0.619269
ACACAAAGACGGGTGG-1,0.000412,0.000413,0.710325,0.000414,0.288436
ACACAAATATTCCTAG-1,0.000367,0.000369,0.318399,0.000369,0.680496
ACACACCAGGACCAGT-1,0.000764,0.000768,0.072891,0.173815,0.751762
ACACACTTTCTACACG-1,0.000364,0.000366,0.000732,0.000366,0.998172
ACACATGATCAAATCT-1,0.003861,0.508757,0.007756,0.471865,0.007761
ACACATTGACGCAACA-1,0.00012,0.252942,0.1781,0.00012,0.568718
ACACCCAGCATGCAGC-1,0.000045,0.015032,0.98233,0.000045,0.002548
ACACCCGAGAAATCCG-1,0.000131,0.000412,0.36175,0.258642,0.379065
ACACCGAGCGCTCTTT-1,0.000293,0.000294,0.000588,0.055517,0.943309
ACACCGGTCTGACCGC-1,0.000444,0.610735,0.157506,0.000446,0.23087
ACACCTTAAGTAGGGC-1,0.000112,0.000112,0.392892,0.158176,0.448707
ACACGAGACTCCTTCT-1,0.00016,0.179098,0.345089,0.166796,0.308857
ACACGGCACTATGCAT-1,0.000238,0.000239,0.156375,0.057821,0.785328
ACACGGGAACTTAGGG-1,0.000446,0.000448,0.024094,0.624658,0.350354
ACACGTAGGCCACAAG-1,0.000343,0.000344,0.000688,0.177757,0.820869
ACACTCCAATGTCACT-1,0.000202,0.215465,0.000405,0.217755,0.566173
ACACTGATCAAGGTGT-1,0.000236,0.000237,0.486861,0.36411,0.148556
ACACTGGGACAGTCGT-1,0.000598,0.0006,0.223066,0.000619,0.775117
ACAGAACTGAGAACAA-1,0.002381,0.472382,0.197111,0.010013,0.318113
ACAGATTAGGTTAGTG-1,0.000309,0.176941,0.00062,0.00031,0.821821
ACAGCATAGAGCCAGT-1,0.000438,0.00044,0.133881,0.00044,0.8648
ACAGCGACATTCTCAT-1,0.002012,0.002021,0.187324,0.395114,0.413529
ACAGCGCACCCGCAGC-1,0.000598,0.017049,0.634711,0.0006,0.347042
ACAGGCACGGATCCTT-1,0.000163,0.000163,0.000326,0.000163,0.999185
ACAGGCTTGCCCGACT-1,0.000518,0.339508,0.440959,0.00052,0.218496
ACAGGTGGAGGTGAGG-1,0.000169,0.00017,0.516358,0.1527,0.330603
ACAGTAATACAACTTG-1,0.001221,0.001226,0.308764,0.498608,0.190181
ACAGTATACCGTGGGA-1,0.000215,0.086782,0.274024,0.280606,0.358373
ACATAAGTCGTGGTGA-1,0.001931,0.00194,0.003879,0.00194,0.990311
ACATAATAAGGCGGTG-1,0.000335,0.061765,0.936889,0.000337,0.000674
ACATCCCGGCCATACG-1,0.000798,0.000801,0.536265,0.223286,0.238849
ACATCGTATGCAATGG-1,0.000328,0.111364,0.09652,0.256174,0.535614
ACATCGTTAACCTAGT-1,0.000389,0.000391,0.000782,0.000391,0.998047
ACATGGCTCAATTTAG-1,0.000216,0.115322,0.162755,0.000217,0.72149
ACATTAGTTTATATCC-1,0.000195,0.000196,0.630698,0.305483,0.063428
ACCAAACACCCAGCGA-1,0.000373,0.000374,0.000749,0.224786,0.773718
ACCAACACCACACACT-1,0.000147,0.178667,0.121236,0.306527,0.393423
ACCAACCGCACTCCAC-1,0.000163,0.000164,0.1782,0.063789,0.757684
ACCAACGCTTATTTAT-1,0.000169,0.04154,0.61058,0.169525,0.178186
ACCAAGAACGCGTGTC-1,0.00018,0.102566,0.243536,0.00018,0.653538
ACCAAGTCATCGGCAG-1,0.000768,0.2827,0.001543,0.144594,0.570395
ACCAATATGCAAGTTA-1,0.005714,0.329322,0.011482,0.410466,0.243016
ACCACAACTCAGAACA-1,0.000535,0.000537,0.001075,0.000537,0.997316
ACCACAAGTTTCTATC-1,0.000978,0.000983,0.001965,0.300502,0.695571
ACCACCCTCTCTTCTA-1,0.001171,0.001176,0.302683,0.001176,0.693794
ACCACGTGCAGCTATA-1,0.000237,0.306039,0.000477,0.54356,0.149686
ACCACTGTTCAAGAAG-1,0.000153,0.000154,0.000308,0.000154,0.99923
ACCAGTGCCCGGTCAA-1,0.000147,0.292656,0.143253,0.013641,0.550303
ACCAGTGCGGGAGACG-1,0.001414,0.283678,0.002842,0.001421,0.710645
ACCATCCGCCAACTAG-1,0.001623,0.00163,0.003262,0.990222,0.003263
ACCATCGTATATGGTA-1,0.000718,0.000721,0.46486,0.532259,0.001442
ACCATTAAGGGTGTCA-1,0.000191,0.000192,0.089536,0.12197,0.788111
ACCCAACGCCCGTGGC-1,0.000646,0.000649,0.057822,0.302188,0.638694
ACCCACCTACATGCTC-1,0.000184,0.183554,0.10253,0.079856,0.633875
ACCCATTTGTCCCTCT-1,0.00015,0.000151,0.503009,0.000159,0.496532
ACCCGAGCGAAATTAC-1,0.000473,0.000475,0.130767,0.185014,0.683271
ACCCGATTGGTTCCGA-1,0.000261,0.000262,0.133749,0.002283,0.863446
ACCCGGAAACTCCCAG-1,0.000352,0.153826,0.844762,0.000353,0.000707
ACCCGGAGCACCACAA-1,0.000112,0.066999,0.323561,0.000113,0.609215
ACCCGGTTACACTTCC-1,0.000812,0.000815,0.352171,0.411154,0.235048
ACCCGTAGTCTAGTTG-1,0.000194,0.000195,0.000389,0.000195,0.999028
ACCCGTGTCATCAGTA-1,0.010989,0.011034,0.02208,0.60006,0.355837
ACCCTATAGGACTGAG-1,0.000256,0.000257,0.000514,0.000257,0.998715
ACCCTATGCCATATCG-1,0.000218,0.000219,0.880879,0.023827,0.094858
ACCCTCCCGTCAGGGC-1,0.0002,0.000201,0.000402,0.000201,0.998995
ACCCTCCCTTGCTATT-1,0.000281,0.315303,0.013246,0.555078,0.116092
ACCCTGGTAACGCCCT-1,0.00044,0.000441,0.000883,0.552495,0.445741
ACCCTTCATCTGCGAA-1,0.000262,0.245723,0.014022,0.000263,0.739731
ACCCTTGCCTGGGTCG-1,0.000407,0.000409,0.354185,0.104215,0.540784
ACCCTTTAGTTCTCCA-1,0.001623,0.154654,0.003261,0.001631,0.83883
ACCGAAAGGGCCCTGC-1,0.000412,0.000413,0.000827,0.000413,0.997935
ACCGAAGAGTCTGGTT-1,0.000934,0.000938,0.052725,0.000938,0.944465
ACCGACACATCTCCCA-1,0.015873,0.904378,0.031888,0.015945,0.031916
ACCGACTGAGTCCCAC-1,0.000486,0.000488,0.063192,0.508745,0.42709
ACCGAGTCTCCTTATT-1,0.000821,0.069974,0.13473,0.164777,0.629698
ACCGATAGGCATAACC-1,0.000312,0.000313,0.388289,0.000313,0.610772
ACCGATATTTAATCAT-1,0.005953,0.005981,0.305108,0.67099,0.011968
ACCGCAATAACTGCCT-1,0.000158,0.349482,0.295336,0.303726,0.051297
ACCGCGGTGGAAGTCG-1,0.001211,0.0855,0.002433,0.001216,0.90964
ACCGGGCCTTTGTTGA-1,0.002857,0.002872,0.005741,0.595659,0.392871
ACCGGTCAGGTACACC-1,0.005291,0.39828,0.01063,0.005315,0.580484
ACCGTCCACTGGGCCC-1,0.000226,0.050561,0.000455,0.246963,0.701795
ACCGTGACCACGTGGG-1,0.000603,0.000605,0.820572,0.000605,0.177615
ACCTAAGTACCTTTCA-1,0.003759,0.003777,0.173715,0.811193,0.007555
ACCTAATCGACTTCCT-1,0.000904,0.059728,0.380258,0.142896,0.416214
ACCTACTATAAATCTA-1,0.00027,0.000271,0.132506,0.110654,0.756299
ACCTCCGCCCTCGCTG-1,0.008404,0.008433,0.317251,0.008445,0.657468
ACCTCGAACTTATGCT-1,0.001221,0.220283,0.002452,0.001226,0.774818
ACCTGCGTGTCATGTT-1,0.002597,0.002609,0.182874,0.002609,0.80931
ACGAAATGGGCGGCAC-1,0.000768,0.1244,0.001543,0.434576,0.438713
ACGACCCATGAGTTGC-1,0.00012,0.23194,0.391158,0.000121,0.376661
ACGACTGGTCATACTC-1,0.000286,0.065166,0.380495,0.18915,0.364903
ACGAGAACCCATCACG-1,0.000223,0.000224,0.000448,0.000224,0.998882
ACGAGATATTTGCTTA-1,0.002646,0.253799,0.005317,0.002657,0.735582
ACGAGGATACCACTCT-1,0.007519,0.007559,0.414096,0.555716,0.01511
ACGAGGTTTACAACGT-1,0.002342,0.002353,0.158263,0.415663,0.421379
ACGAGTACGGATGCCC-1,0.012987,0.013059,0.026151,0.013043,0.934761
ACGATACATAGAACTA-1,0.00207,0.00208,0.217594,0.774095,0.004161
ACGATCATACATAGAG-1,0.002381,0.002391,0.678236,0.100218,0.216773
ACGATGGATCCGATGC-1,0.000306,0.000307,0.000614,0.000307,0.998466
ACGCAAACTAATAGAT-1,0.005495,0.966904,0.011042,0.005519,0.01104
ACGCAATCACTACAGC-1,0.000367,0.000369,0.000738,0.294534,0.703992
ACGCATACGTTTACTA-1,0.000452,0.0897,0.564284,0.086885,0.258679
ACGCATTCGTGAGTAC-1,0.000483,0.363456,0.045435,0.330738,0.259888
ACGCCAGATGATTTCT-1,0.000527,0.00053,0.149241,0.433546,0.416156
ACGCCGCTAGACGACC-1,0.000298,0.000299,0.18176,0.601953,0.215691
ACGCGAAGTCAGACGA-1,0.000216,0.000217,0.300084,0.429873,0.269609
ACGCGTTTCTTAAGAG-1,0.000106,0.181229,0.000212,0.021871,0.796582
ACGCTAGTGATACACT-1,0.009524,0.009571,0.492068,0.009563,0.479274
ACGGAATTTAGCAAAT-1,0.000278,0.000279,0.000558,0.000279,0.998605
ACGGACTCTCAAAGCG-1,0.003401,0.627873,0.006836,0.355053,0.006836
ACGGAGCGCAAATTAC-1,0.000211,0.256174,0.100137,0.085641,0.557837
ACGGATGGTGCGGATA-1,0.002976,0.48945,0.005983,0.002992,0.4986
ACGGCACTTGCTTGGG-1,0.000118,0.00511,0.680867,0.141702,0.172203
ACGGCCAACATGGACT-1,0.000095,0.000095,0.641272,0.142898,0.21564
ACGGCGACGATGGGAA-1,0.000114,0.482695,0.099462,0.39571,0.022019
ACGGCGGGTTGCCCTG-1,0.008403,0.008441,0.957822,0.008451,0.016883
ACGGCTGGATGTAGAA-1,0.005952,0.365674,0.011959,0.005981,0.610433
ACGGGAGTGTCGGCCC-1,0.003175,0.278735,0.006378,0.00319,0.708522
ACGGGCGTATGCGACA-1,0.001681,0.001688,0.16403,0.309624,0.522978
ACGGGTCATGTGACTT-1,0.000235,0.000236,0.000471,0.059344,0.939715
ACGTACAGATTTCTCT-1,0.000334,0.000335,0.093389,0.103684,0.802258
ACGTACTTTGGCACGG-1,0.000624,0.000627,0.33821,0.000627,0.659912
ACGTAGGAGAGTCGCT-1,0.000416,0.000418,0.000835,0.000418,0.997912
ACGTCGGGCAACTCGG-1,0.00056,0.116406,0.001126,0.000563,0.881346
ACGTCTCGTTCCGGGA-1,0.001701,0.001708,0.083595,0.646094,0.266902
ACGTGACAAAGTAAGT-1,0.001808,0.55332,0.003632,0.001816,0.439424
ACGTGCGCCTCGTGCA-1,0.010204,0.393342,0.020488,0.010257,0.565709
ACGTTATTGGTCACTC-1,0.000164,0.229554,0.34796,0.000165,0.422157
ACGTTCCGCGCTCCGT-1,0.00047,0.000472,0.000944,0.088093,0.91002
ACGTTCGTTCAGGAAA-1,0.006211,0.006241,0.968836,0.006239,0.012473
ACGTTCTGTACAAGTC-1,0.000259,0.051609,0.132449,0.025167,0.790516
ACGTTTAGTTGTGATC-1,0.000177,0.286991,0.242586,0.000178,0.470068
ACTAAGGACGCACACC-1,0.000243,0.000244,0.263959,0.184902,0.550651
ACTAATACGTCAGGCG-1,0.000076,0.413715,0.198818,0.120501,0.266891
ACTACAAAGAGAGGTG-1,0.000374,0.056915,0.000751,0.339617,0.602342
ACTACATCCCGACAAG-1,0.003484,0.0035,0.110892,0.396296,0.485828
ACTACCAGCTCTCTGG-1,0.000057,0.017905,0.795866,0.016722,0.16945
ACTACGCGTTAGAATT-1,0.002747,0.002761,0.303756,0.002763,0.687972
ACTAGTTGCGATCGTC-1,0.003175,0.003188,0.397278,0.035772,0.560587
ACTATATGCTGTGTTC-1,0.000583,0.000586,0.001171,0.000585,0.997075
ACTATCGCCGGCTAAA-1,0.000121,0.000122,0.000243,0.000123,0.99939
ACTATCTGCCCGCGTA-1,0.010204,0.010239,0.020471,0.010249,0.948837
ACTATGTCCAGCTGCC-1,0.006211,0.00624,0.468754,0.006242,0.512554
ACTATTCGTCCGTGGT-1,0.000159,0.040903,0.545019,0.00016,0.41376
ACTATTTCCGGGCCCA-1,0.004082,0.004099,0.738727,0.0041,0.248992
ACTCAACGAATGTATT-1,0.005102,0.141199,0.41382,0.005126,0.434754
ACTCAAGTGCAAGGCT-1,0.00044,0.005189,0.000883,0.061849,0.931639
ACTCAATAAAGGCACG-1,0.000357,0.000359,0.265806,0.250759,0.482719
ACTCAGACCTGCTTCT-1,0.000344,0.000346,0.000692,0.000346,0.998272
ACTCATGGCAGCCTTC-1,0.000319,0.00032,0.00064,0.00032,0.9984
ACTCCAATATCATCAT-1,0.000704,0.243604,0.385968,0.090669,0.279055
ACTCCCATTCCTAAAG-1,0.001742,0.001749,0.495298,0.215514,0.285697
ACTCCCGTAGACTAGG-1,0.000516,0.000518,0.102534,0.290328,0.606105
ACTCCCTAATGCTAAA-1,0.001984,0.001993,0.003988,0.801014,0.191021
ACTCCCTAGAATAGTA-1,0.000338,0.000339,0.186278,0.097592,0.715453
ACTCCGGCCGACCACT-1,0.000277,0.085395,0.043522,0.000279,0.870527
ACTCGATGTATTTCAT-1,0.000229,0.248194,0.135456,0.074082,0.54204
ACTCGCCGTTCGATAA-1,0.000232,0.20261,0.006041,0.01032,0.780798
ACTCGTAACCCGTCCT-1,0.010204,0.01025,0.020501,0.938536,0.020508
ACTCTAAACCTGGGAT-1,0.000092,0.076035,0.000184,0.096571,0.827118
ACTCTCTTATACACGA-1,0.000697,0.0007,0.109956,0.0007,0.887947
ACTCTGACCTAATAGA-1,0.000123,0.440641,0.000247,0.000124,0.558865
ACTGAAACGCCGTTAG-1,0.000288,0.000289,0.000579,0.138729,0.860115
ACTGAATGGCGAAAGT-1,0.000218,0.288551,0.157403,0.352033,0.201795
ACTGCCCGCCATTCTC-1,0.000539,0.000541,0.195845,0.000542,0.802533
ACTGCCGTCGTAACTC-1,0.000139,0.018047,0.428983,0.007444,0.545386
ACTGCTCGGAAGGATG-1,0.000736,0.831488,0.030861,0.00074,0.136175
ACTGGCGAACCTGCGT-1,0.000415,0.000417,0.000834,0.073339,0.924994
ACTGTACGATACACAT-1,0.000263,0.000264,0.553427,0.064734,0.381312
ACTGTAGCACTTTGGA-1,0.000336,0.000338,0.229603,0.187512,0.582211
ACTGTATACGCGAGCA-1,0.000289,0.00029,0.000579,0.00029,0.998552
ACTGTCCAGGATTATA-1,0.00047,0.035235,0.020109,0.631919,0.312267
ACTGTCTTCTTTAGAA-1,0.00014,0.401442,0.494235,0.048443,0.055739
ACTGTGCTAGTAGATC-1,0.000168,0.30105,0.123984,0.000169,0.574629
ACTTACCGGGCGCGCA-1,0.003861,0.003879,0.484565,0.003878,0.503818
ACTTACGCATCCACGC-1,0.006211,0.006239,0.81931,0.006244,0.161996
ACTTAGTACGACAAGA-1,0.000195,0.320956,0.019345,0.000196,0.659309
ACTTATTTATGTGCCA-1,0.00157,0.349519,0.003154,0.472822,0.172935
ACTTCAGGCTGATCCC-1,0.000464,0.000466,0.121896,0.671768,0.205406
ACTTCCAGTGGAAGCT-1,0.000444,0.038123,0.269463,0.381359,0.310611
ACTTCCATGCGGGACA-1,0.000159,0.419538,0.191002,0.098504,0.290796
ACTTCGCCATACGCAC-1,0.000283,0.041481,0.156571,0.286452,0.515213
ACTTGGGACCCGGTGG-1,0.000366,0.000368,0.114488,0.504185,0.380593
ACTTGTAGTCCCTTCA-1,0.004464,0.004481,0.28234,0.699742,0.008972
ACTTGTGGATGGAACG-1,0.004762,0.004786,0.009567,0.644169,0.336716
ACTTTCCTATAGCTTC-1,0.001028,0.126101,0.29691,0.573894,0.002067
ACTTTGGTCGTGCTCC-1,0.010989,0.011037,0.022077,0.542927,0.412969
ACTTTGTCGACGCACT-1,0.001504,0.001511,0.265304,0.00151,0.730172
AGAAATTATGACTCGC-1,0.005952,0.005983,0.399212,0.19577,0.393082
AGAACCCTCAATTGGG-1,0.001764,0.229975,0.1807,0.145182,0.442379
AGAACGTGGTACATTC-1,0.000382,0.000383,0.594359,0.047731,0.357145
AGAAGGTACACTTCAC-1,0.000992,0.945333,0.050687,0.000996,0.001992
AGAAGGTTGCCGAATT-1,0.000876,0.000881,0.348701,0.169156,0.480386
AGAAGGTTGTAGGTCG-1,0.000387,0.000389,0.000778,0.05402,0.944426
AGAAGTGATTCGTGAT-1,0.004464,0.004485,0.008974,0.456684,0.525392
AGAATGCGGGTTCGGA-1,0.000411,0.011394,0.000825,0.000412,0.986958
AGAATTGTTTGACATA-1,0.000224,0.000225,0.171116,0.203849,0.624585
AGACAGCTCAGAATCC-1,0.000127,0.116051,0.276736,0.10643,0.500657
AGACAGGCATCTCAGC-1,0.014286,0.014358,0.028723,0.014364,0.928268
AGACATAGATCCTTCC-1,0.000722,0.273353,0.001449,0.029758,0.694719
AGACCAAACCACACCT-1,0.000649,0.17636,0.692509,0.000652,0.129829
AGACCATGGGATACAA-1,0.00019,0.000191,0.003258,0.445162,0.551198
AGACCCACCGCTGATC-1,0.000392,0.084674,0.070073,0.369487,0.475374
AGACCCGCCCTCCTCG-1,0.000085,0.001738,0.732381,0.139007,0.126788
AGACCGCTCCGCGGTT-1,0.005714,0.00574,0.287198,0.107946,0.593402
AGACGAAGTGCCGGTC-1,0.000693,0.198648,0.001393,0.557555,0.24171
AGACGACGATGCCGCT-1,0.000362,0.005767,0.632722,0.093848,0.267302
AGACGCCCACTTCGCC-1,0.000281,0.183675,0.255513,0.226028,0.334503
AGACGGGCCGATTTAA-1,0.000091,0.263684,0.037421,0.047665,0.65114
AGACTAGCCTTCCAGA-1,0.000207,0.370217,0.463027,0.166001,0.000546
AGACTGTTACCGGGTC-1,0.008403,0.008438,0.016885,0.008432,0.957842
AGAGAAACACCAGAAA-1,0.000238,0.22592,0.000478,0.143306,0.630058
AGAGAACCGTCTAGGA-1,0.000397,0.111087,0.20228,0.225511,0.460724
AGAGAAGGAGTACAAT-1,0.000866,0.170206,0.148605,0.593613,0.08671
AGAGCAGTTATGAGAC-1,0.000141,0.291487,0.02957,0.27431,0.404491
AGAGCCGCCGAGATTT-1,0.000554,0.000556,0.001112,0.37696,0.620818
AGAGCGCTTGTAACGG-1,0.000426,0.000428,0.274117,0.082479,0.64255
AGAGCGGGCTAATCAT-1,0.000131,0.321333,0.206193,0.000132,0.472211
AGAGCGTACAAGCTCG-1,0.000325,0.000327,0.232792,0.203053,0.563503
AGAGCTACGAAAGCAT-1,0.000209,0.00021,0.00042,0.00021,0.99895
AGAGGCTTCGGAAACC-1,0.001181,0.54527,0.002371,0.448806,0.002372
AGAGTAAACTTCACTA-1,0.002916,0.002929,0.414164,0.574131,0.00586
AGAGTTGCAGGCCTCC-1,0.000329,0.000331,0.315488,0.000331,0.683522
AGATAACTTCAGGGCC-1,0.000212,0.000213,0.035552,0.402834,0.561189
AGATACCAATAGAACC-1,0.00028,0.306177,0.059755,0.049049,0.584739
AGATACCAGCACTTCA-1,0.000201,0.077609,0.130035,0.188678,0.603477
AGATACGACTTCATAT-1,0.000166,0.438146,0.035143,0.000167,0.526379
AGATACTCAAGATCGA-1,0.000198,0.381101,0.005451,0.401738,0.211512
AGATATAATACGACTA-1,0.000292,0.000293,0.000586,0.106361,0.892469
AGATCGTGCATAAGAT-1,0.006211,0.006235,0.012467,0.006235,0.968851
AGATCTCAGGTGTGAT-1,0.000521,0.000524,0.22623,0.289804,0.48292
AGATGACTCGCCCACG-1,0.000131,0.000131,0.764421,0.106529,0.128788
AGATGAGGGTTGCGAT-1,0.000845,0.000849,0.001698,0.000849,0.995758
AGATGCAAGACGTGCA-1,0.000444,0.019743,0.040679,0.177247,0.761888
AGATGCATCCTGTGTC-1,0.002976,0.002992,0.005982,0.513101,0.474949
AGATGCTATAACGAGC-1,0.00008,0.100582,0.085927,0.003594,0.809817
AGATTCACAACCGATA-1,0.000624,0.130505,0.191621,0.000627,0.676623
AGCAAAGGCCGCTAGT-1,0.003968,0.003988,0.673213,0.003986,0.314845
AGCAACCGAAAGTAAT-1,0.000185,0.114631,0.22578,0.283081,0.376322
AGCACACGTTTAGACT-1,0.000285,0.052511,0.021711,0.24813,0.677363
AGCACCAGTACTCACG-1,0.000882,0.000886,0.206949,0.358629,0.432654
AGCACTACCTCACCAG-1,0.000317,0.696135,0.102413,0.200497,0.000638
AGCACTTAAGGACGCC-1,0.000176,0.098711,0.023079,0.335439,0.542595
AGCAGAAGGAGAAAGA-1,0.000245,0.000247,0.000493,0.229134,0.769881
AGCAGCCAGATGAATA-1,0.000211,0.000212,0.635882,0.21218,0.151515
AGCATATCAATATGCT-1,0.001348,0.001354,0.002708,0.358613,0.635977
AGCATCATTTCGAAAG-1,0.007519,0.549816,0.015096,0.412462,0.015107
AGCATCGTCGATAATT-1,0.000153,0.022981,0.651403,0.128408,0.197056
AGCATTACGAGGCAAG-1,0.000328,0.000329,0.000658,0.000329,0.998356
AGCCAAGCTTTGTGTC-1,0.000507,0.000509,0.091954,0.108054,0.798976
AGCCACAGGTTACCCG-1,0.000256,0.297589,0.171665,0.066143,0.464346
AGCCACTCCCGTGCTT-1,0.001701,0.001707,0.660824,0.332351,0.003417
AGCCATATAGTATGTG-1,0.000404,0.000405,0.000811,0.88962,0.10876
AGCCCATACATGTAAG-1,0.000452,0.114927,0.032547,0.611318,0.240755
AGCCCGCAACAAGCAG-1,0.000199,0.0002,0.078085,0.142073,0.779443
AGCCCGGCATTAGAGG-1,0.00084,0.000844,0.001689,0.534372,0.462255
AGCCCGGTAGCCTGTA-1,0.000444,0.000446,0.000891,0.407586,0.590633
AGCCCTAAGCGAAGTT-1,0.000136,0.239638,0.334787,0.074823,0.350616
AGCCCTCCCTGGTGGC-1,0.000406,0.000408,0.000815,0.036072,0.962299
AGCCCTTCTAATCCGA-1,0.000331,0.486814,0.354322,0.000332,0.158201
AGCCCTTGGACATCCC-1,0.000098,0.515052,0.334243,0.15041,0.000197
AGCCGCTTGATTAGCG-1,0.000139,0.000139,0.000279,0.000139,0.999304
AGCCGTGGCTAAATGT-1,0.009524,0.009565,0.698621,0.009585,0.272705
AGCCTAATACCCACGT-1,0.000402,0.193353,0.001173,0.481379,0.323693
AGCCTTAAAGCGGAAG-1,0.000163,0.201002,0.239937,0.093566,0.465332
AGCGACAGGAACGGTC-1,0.000402,0.000404,0.365925,0.285182,0.348086
AGCGACATCCCATTCA-1,0.005102,0.005129,0.341966,0.00513,0.642672
AGCGACCAACGATATT-1,0.000283,0.000285,0.27693,0.363996,0.358505
AGCGAGACGTGAAGGC-1,0.000207,0.181263,0.000416,0.000208,0.817906
AGCGATGCGCCTAATA-1,0.000332,0.000334,0.000667,0.20116,0.797507
AGCGCATAATGAATCG-1,0.000232,0.429552,0.526982,0.042769,0.000465
AGCGCGGGTGCCAATG-1,0.000336,0.461112,0.000675,0.294496,0.243381
AGCGCTTATGGGCAAG-1,0.000109,0.048076,0.401282,0.085521,0.465011
AGCGGACACTTCGTAG-1,0.000212,0.345084,0.654064,0.000213,0.000426
AGCGGCGGTTAGCGGT-1,0.000518,0.500706,0.00104,0.326532,0.171205
AGCGGGAAGGGTCCAT-1,0.000153,0.000154,0.373423,0.000154,0.626115
AGCGGGTCTGACACTC-1,0.000287,0.000289,0.000578,0.000289,0.998558
AGCGGTTGCCGCTCTG-1,0.000297,0.000298,0.089453,0.245638,0.664314
AGCGTACGAGAGCTAG-1,0.00015,0.541985,0.078638,0.00015,0.379077
AGCGTCTGAACCCGCA-1,0.015873,0.491008,0.031856,0.429341,0.031922
AGCGTGGTATTCTACT-1,0.000246,0.19449,0.116527,0.449558,0.239178
AGCTAACAAGCAATGT-1,0.000816,0.272738,0.121675,0.00082,0.603951
AGCTAAGTACGCAGGC-1,0.000215,0.03444,0.181471,0.001819,0.782054
AGCTAGAAGCAGAAGT-1,0.015873,0.015936,0.920325,0.015945,0.03192
AGCTATTTAATCCAAC-1,0.000292,0.000293,0.13854,0.232343,0.628531
AGCTCCATATATGTTC-1,0.000268,0.000269,0.252741,0.193456,0.553268
AGCTCCTTCGCACATC-1,0.000383,0.089201,0.374578,0.158276,0.377563
AGCTCGTTGATGGAAA-1,0.000671,0.000674,0.001347,0.325538,0.671771
AGCTCTTCCCAGTGCA-1,0.001931,0.60466,0.003877,0.001939,0.387594
AGCTGAAGTAAACCAA-1,0.001035,0.00104,0.00208,0.243612,0.752233
AGCTGTAACCTCAATC-1,0.00085,0.000854,0.654846,0.176157,0.167292
AGCTTATAGAGACCTG-1,0.001742,0.112709,0.171696,0.050708,0.663145
AGCTTCTTCTCGAGCA-1,0.000358,0.00036,0.000719,0.00036,0.998203
AGGAAAGCCTCTGATG-1,0.002132,0.297392,0.004284,0.110879,0.585312
AGGAACGAACGACTTC-1,0.000143,0.020576,0.728519,0.000144,0.250618
AGGAAGCTGTCCGCCG-1,0.008404,0.231244,0.016888,0.189363,0.554102
AGGACAGTCGAATCCC-1,0.000434,0.000436,0.000872,0.997385,0.000873
AGGACATCGCACGTCG-1,0.000255,0.08651,0.411519,0.042719,0.458998
AGGACATCGGCACACT-1,0.000409,0.000411,0.000822,0.000411,0.997947
AGGACGACCCATTAGA-1,0.000377,0.02277,0.154671,0.464123,0.35806
AGGACGCTCGATGTTG-1,0.015873,0.015934,0.031912,0.015944,0.920336
AGGACTTATAGGAGAA-1,0.000159,0.00016,0.016852,0.077254,0.905575
AGGAGGCCTTCGCGCG-1,0.000789,0.038062,0.001586,0.499707,0.459856
AGGATAAAGTCGGGAT-1,0.000286,0.000287,0.338677,0.273887,0.386863
AGGATATAGGGATTTA-1,0.001931,0.001939,0.003877,0.988376,0.003878
AGGATCACGCGATCTG-1,0.004464,0.004482,0.445649,0.536431,0.008973
AGGCACGTGACTGTCC-1,0.000185,0.000186,0.306089,0.000186,0.693355
AGGCAGATGCGTAAAC-1,0.000245,0.000246,0.359737,0.245824,0.393949
AGGCAGGGAGCGTACT-1,0.000343,0.113728,0.487993,0.000345,0.397591
AGGCATTGTCGTAGGG-1,0.001414,0.001421,0.164268,0.830055,0.002842
AGGCCACCCGTTATGA-1,0.000298,0.0003,0.195606,0.241548,0.562248
AGGCCCAGTGACTGGT-1,0.000148,0.000149,0.000298,0.056373,0.943031
AGGCCCATTGTACAGG-1,0.000313,0.000315,0.000629,0.000315,0.998428
AGGCCCTAGAACGCCA-1,0.000341,0.033067,0.375896,0.279448,0.311248
AGGCCTATCATACCAA-1,0.003247,0.00326,0.270728,0.316826,0.405939
AGGCCTGAGAATCTCG-1,0.000096,0.777949,0.073666,0.024729,0.12356
AGGCGATAACTGGCGT-1,0.000336,0.000338,0.135782,0.000338,0.863207
AGGCGGTTTGTCCCGC-1,0.002976,0.00299,0.005981,0.437175,0.550878
AGGCGTCTATGGACGG-1,0.000248,0.065497,0.000497,0.000249,0.933509
AGGCTATGGTTAGCTT-1,0.000345,0.371539,0.301221,0.244019,0.082875
AGGCTTCCCGAAGAAG-1,0.000143,0.040063,0.795764,0.150392,0.013638
AGGCTTGCTAGACACC-1,0.000539,0.322681,0.001083,0.259723,0.415974
AGGGAAACGAGGTACT-1,0.000273,0.000274,0.000548,0.000274,0.99863
AGGGACAGCACGGCGG-1,0.001201,0.007416,0.259695,0.354056,0.377633
AGGGACTCTACGCGAC-1,0.000104,0.000104,0.772817,0.000104,0.226871
AGGGCAGCGGCGTGGT-1,0.000484,0.039433,0.000972,0.000486,0.958625
AGGGCCCTAATGTTCT-1,0.00023,0.000231,0.313446,0.126117,0.559975
AGGGCGAGCAGCTGAT-1,0.000501,0.000503,0.001007,0.705876,0.292112
AGGGCGTGATCGGCTA-1,0.00013,0.003784,0.210812,0.256639,0.528635
AGGGTCAGAGCACTCG-1,0.000348,0.000349,0.000698,0.147553,0.851052
AGGGTCAGTAACCCTA-1,0.000228,0.000229,0.437784,0.000229,0.561531
AGGGTCTGGACGCAGT-1,0.000405,0.000406,0.000812,0.000406,0.997972
AGGGTGCCGTTCTTTA-1,0.000812,0.000815,0.001631,0.271363,0.725379
AGGGTGGATAGTGCAT-1,0.000232,0.011061,0.000466,0.209394,0.778847
AGGGTTCAGACGGTCC-1,0.000307,0.000309,0.000617,0.328668,0.670099
AGGGTTCCCTTTGGTT-1,0.001066,0.001071,0.002142,0.423494,0.572227
AGGGTTTAGTTCGGGA-1,0.000621,0.000624,0.341978,0.336913,0.319864
AGGTAACCTCCTATTC-1,0.000185,0.07417,0.038943,0.000186,0.886517
AGGTACGATATTGCCA-1,0.006803,0.006839,0.013676,0.682947,0.289736
AGGTAGATCGAGATAT-1,0.000189,0.00019,0.272821,0.228517,0.498283
AGGTCAGGTGAGAGTG-1,0.001661,0.001668,0.177885,0.311192,0.507593
AGGTCGCCTCCCAACA-1,0.000126,0.000126,0.000253,0.000126,0.999369
AGGTCGCGGAGTTACT-1,0.035716,0.036131,0.071956,0.035897,0.8203
AGGTGCACGTCCACAT-1,0.002551,0.468956,0.005126,0.518242,0.005126
AGGTGGTGACCTTCGC-1,0.014286,0.014352,0.028717,0.913935,0.02871
AGGTGTTGCCGACCAC-1,0.000244,0.122687,0.14114,0.06663,0.669299
AGGTTCTCCTTTCCGG-1,0.000687,0.092787,0.001379,0.00069,0.904457
AGGTTGAGGCACGCTT-1,0.002551,0.002561,0.005127,0.453584,0.536176
AGTAATGTCTTGCCGC-1,0.000309,0.000311,0.136189,0.031628,0.831563
AGTAATTTGCAAGCGT-1,0.001287,0.318953,0.13034,0.001293,0.548127
AGTACAGAAGCTTATA-1,0.000641,0.205843,0.001287,0.448549,0.34368
AGTACCTTCGAGTGCT-1,0.002132,0.511333,0.004284,0.116571,0.365679
AGTACGGGCACCTGGC-1,0.000812,0.000816,0.001631,0.260864,0.735878
AGTACGTGGCCTGTCT-1,0.002916,0.404711,0.005855,0.00293,0.583588
AGTACTCTTATGCCCA-1,0.000364,0.000365,0.338036,0.112346,0.548889
AGTAGAAGGCGCCTCA-1,0.000291,0.000292,0.000584,0.050975,0.947858
AGTAGGAAGGAAGTTG-1,0.000608,0.55126,0.001221,0.000611,0.4463
AGTAGGTAACATACAT-1,0.000153,0.359445,0.158757,0.000153,0.481492
AGTATAATACTAGGCA-1,0.000182,0.12638,0.416145,0.104917,0.352375
AGTATACACAGCGACA-1,0.000349,0.000351,0.032443,0.34033,0.626527
AGTATGCTGGAGACCA-1,0.000512,0.000514,0.001029,0.244148,0.753797
AGTATTTGGCACGACC-1,0.002976,0.745918,0.242135,0.002991,0.00598
AGTCAAATGATGTGAT-1,0.000248,0.000249,0.184365,0.073016,0.742123
AGTCAAGATGACACTT-1,0.00018,0.617947,0.262337,0.119175,0.000361
AGTCACTAGCTCTCGA-1,0.000959,0.000963,0.53789,0.000963,0.459225
AGTCACTCCGCCTCAT-1,0.017858,0.017939,0.03591,0.017942,0.910352
AGTCAGCCACCGCCTG-1,0.000184,0.270968,0.044676,0.000185,0.683987
AGTCCCGCCTTTAATT-1,0.008929,0.328028,0.01794,0.008979,0.636125
AGTCGGCCCAAACGAC-1,0.000032,0.010675,0.914684,0.000032,0.074577
AGTCGGCTCAACTTTA-1,0.001832,0.001839,0.003678,0.724186,0.268465
AGTCGTATAAAGCAGA-1,0.0007,0.000703,0.001407,0.000703,0.996486
AGTCGTCGACCACCAA-1,0.000256,0.065499,0.227558,0.200537,0.50615
AGTCGTGGGCATTACG-1,0.000722,0.000725,0.340584,0.536693,0.121277
AGTCTCACAAGACTAC-1,0.000752,0.169545,0.001511,0.587569,0.240624
AGTCTGGACATCCTTG-1,0.000311,0.06786,0.000625,0.103851,0.827352
AGTCTTCTCCTCAAAT-1,0.00015,0.005678,0.679973,0.036708,0.27749
AGTCTTTAAAGTGTCC-1,0.000464,0.000466,0.000932,0.157711,0.840427
AGTGAACAAACTTCTC-1,0.000368,0.147048,0.106987,0.723823,0.021774
AGTGAAGATGGTGTCC-1,0.000629,0.000632,0.001264,0.28094,0.716535
AGTGACCTACTTTACG-1,0.000375,0.046699,0.067112,0.495087,0.390728
AGTGACTGTGACACAA-1,0.000826,0.17257,0.098713,0.109271,0.61862
