Barcode,Topic 1,Topic 2,Topic 3,Topic 4,Topic 5,Topic 6,Topic 7,Topic 8
AAACAACGAATAGTTC-1,0.000057,0.000057,0.079973,0.191631,0.000057,0.000057,0.728109,0.000057
AAACAAGTATCTCCCA-1,0.000038,0.126005,0.000038,0.086486,0.148585,0.010509,0.1303,0.498038
AAACAATCTACTAGCA-1,0.000136,0.247764,0.091437,0.234873,0.000136,0.000136,0.375492,0.050026
AAACACCAATAACTGC-1,0.000051,0.02117,0.491825,0.107568,0.271063,0.000051,0.017622,0.09065
AAACAGAGCGACTCCT-1,0.000065,0.000065,0.000065,0.441427,0.238407,0.000065,0.000242,0.319665
AAACAGCTTTCAGAAG-1,0.000288,0.000289,0.174498,0.400779,0.019185,0.000289,0.158108,0.246564
AAACAGGGTCTATATT-1,0.057488,0.003913,0.003913,0.216953,0.334231,0.003913,0.003914,0.375674
AAACAGTGTTCCTGGG-1,0.000035,0.429406,0.048655,0.016718,0.04886,0.16217,0.203142,0.091013
AAACATTTCCCGGATT-1,0.001722,0.038623,0.00973,0.056743,0.160326,0.000059,0.687949,0.044848
AAACCGGGTAGGTACC-1,0.00003,0.003949,0.23605,0.109808,0.422648,0.031276,0.039465,0.156774
AAACCGTTCGTCCAGG-1,0.000031,0.415043,0.007997,0.08941,0.080231,0.069388,0.089391,0.248511
AAACCTAAGCAGCCGG-1,0.000056,0.06165,0.076477,0.235963,0.036602,0.000056,0.319546,0.269651
AAACCTCATGAAGTTG-1,0.001528,0.001527,0.001527,0.081377,0.51584,0.143462,0.001527,0.253212
AAACGAAGAACATACC-1,0.000129,0.252421,0.000129,0.255354,0.49158,0.000129,0.000129,0.000129
AAACGAGACGGTTGAT-1,0.000279,0.000279,0.07077,0.314484,0.134893,0.078995,0.022357,0.377943
AAACGCCCGAGATCGG-1,0.000067,0.347854,0.000067,0.189119,0.000067,0.000067,0.221955,0.240804
AAACGGGCGTACGGGT-1,0.000059,0.255084,0.041154,0.091388,0.140484,0.086719,0.139463,0.24565
AAACGGGTTGGTATCC-1,0.000732,0.000732,0.000732,0.994874,0.000732,0.000732,0.000732,0.000732
AAACTAACGTGGCGAC-1,0.00016,0.075572,0.006184,0.458125,0.00016,0.074998,0.254247,0.130554
AAACTCGGTTCGCAAT-1,0.000444,0.000444,0.144378,0.17984,0.304602,0.000444,0.055401,0.314448
AAACTGCTGGCTCCAA-1,0.000241,0.000241,0.000241,0.350499,0.131256,0.000241,0.000241,0.517041
AAACTTGCAAACGTAT-1,0.000256,0.000256,0.067909,0.122637,0.598392,0.000256,0.000256,0.21004
AAAGACATGAAGTTTA-1,0.000072,0.156373,0.038716,0.293902,0.002605,0.051802,0.259961,0.196569
AAAGACTGGGCGCTTT-1,0.633264,0.000138,0.000138,0.279307,0.086737,0.000138,0.000138,0.000138
AAAGGCCCTATAATAC-1,0.000319,0.154093,0.257749,0.157985,0.371623,0.057593,0.000319,0.000319
AAAGGGATGTAGCAAG-1,0.037164,0.0001,0.0001,0.840617,0.12172,0.0001,0.0001,0.0001
AAAGGGCAGCTTGAAT-1,0.003803,0.003795,0.003794,0.973431,0.003795,0.003794,0.003795,0.003794
AAAGGTAAGCTGTACC-1,0.000032,0.518827,0.061955,0.175796,0.002623,0.01559,0.141443,0.083735
AAAGTAGCATTGCTCA-1,0.000017,0.031467,0.770045,0.003009,0.164865,0.003318,0.011106,0.016173
AAAGTCGACCCTCAGT-1,0.003476,0.003479,0.00348,0.975652,0.003479,0.003477,0.003478,0.003478
AAAGTGTGATTTATCT-1,0.000075,0.004523,0.066962,0.299964,0.174198,0.078442,0.065046,0.31079
AAAGTTGACTCCCGTA-1,0.000046,0.000046,0.000046,0.139243,0.063096,0.077606,0.070949,0.648969
AAATAACCATACGGGA-1,0.00007,0.18672,0.04166,0.124726,0.285336,0.074566,0.00455,0.282371
AAATACCTATAAGCAT-1,0.000095,0.162149,0.08583,0.239153,0.206157,0.059388,0.015614,0.231615
AAATAGCTTAGACTTT-1,0.000034,0.000034,0.000034,0.036838,0.003709,0.351851,0.186423,0.421076
AAATAGGGTGCTATTG-1,0.000053,0.0302,0.377982,0.250526,0.140246,0.000053,0.095425,0.105515
AAATCCGATACACGCC-1,0.000053,0.200809,0.06051,0.141064,0.053343,0.057835,0.106027,0.38036
AAATCTAGCCCTGCTA-1,0.00005,0.00005,0.00005,0.093566,0.00005,0.069555,0.097326,0.739352
AAATGCTCGTTACGTT-1,0.019486,0.00019,0.00019,0.020147,0.569336,0.037758,0.048998,0.303895
AAATGGCATGTCTTGT-1,0.000086,0.3802,0.049166,0.380607,0.083519,0.000086,0.106249,0.000086
AAATGGCCCGTGCCCT-1,0.000172,0.44903,0.050858,0.000172,0.418043,0.000172,0.000172,0.081379
AAATTACACGACTCTG-1,0.000076,0.174253,0.041235,0.263303,0.233611,0.000076,0.03603,0.251416
AAATTACCTATCGATG-1,0.000054,0.1179,0.002753,0.278077,0.218344,0.018883,0.068022,0.295968
AAATTGATAGTCCTTT-1,0.007149,0.000038,0.075678,0.038461,0.537183,0.001201,0.262422,0.077869
AAATTGCGGCGGTTCT-1,0.000103,0.220706,0.187874,0.423627,0.019871,0.000103,0.147612,0.000103
AAATTTACCGAAATCC-1,0.000065,0.110164,0.000065,0.383143,0.077131,0.000065,0.006004,0.423362
AAATTTGCGGGTGTGG-1,0.003368,0.02828,0.136073,0.065511,0.593719,0.000034,0.035244,0.137771
AACAACTGGTAGTTGC-1,0.000051,0.14007,0.057525,0.222165,0.042762,0.005797,0.228974,0.302656
AACAATACATTGTCGA-1,0.000019,0.488903,0.102249,0.029759,0.10483,0.096805,0.005684,0.171752
AACAATTACTCTACGC-1,0.073842,0.000209,0.000209,0.606451,0.265369,0.053503,0.000209,0.000209
AACACACGCTCGCCGC-1,0.000048,0.018048,0.164307,0.129114,0.035969,0.029801,0.067328,0.555385
AACACGACTGTACTGA-1,0.000052,0.000052,0.000052,0.824538,0.175149,0.000052,0.000052,0.000052
AACACGAGACGCGGCC-1,0.002121,0.002122,0.35898,0.002123,0.628286,0.002122,0.002123,0.002122
AACACGCGGCCGCGAA-1,0.000073,0.007041,0.000073,0.363269,0.272773,0.060262,0.052371,0.244138
AACAGCTGTGTGGCAA-1,0.005906,0.22649,0.508545,0.018373,0.173783,0.008876,0.025432,0.032595
AACAGGAAATCGAATA-1,0.00016,0.00016,0.00016,0.97058,0.000208,0.00016,0.02841,0.00016
AACAGGATGGGCCGCG-1,0.000443,0.000442,0.000442,0.537498,0.459848,0.000442,0.000442,0.000442
AACATAGCGTGTATCG-1,0.000185,0.051164,0.069147,0.292846,0.004599,0.000185,0.368802,0.213072
AACATATCAACTGGTG-1,0.000071,0.000071,0.000071,0.416718,0.000071,0.000071,0.206451,0.376475
AACATTGAAGTTGATC-1,0.004639,0.004639,0.00464,0.004639,0.967526,0.004639,0.00464,0.004638
AACATTGGTCAGCCGT-1,0.000282,0.000282,0.000282,0.990853,0.007455,0.000282,0.000282,0.000282
AACCAAGACTTCTCTG-1,0.001473,0.001474,0.001473,0.496135,0.495026,0.001473,0.001473,0.001474
AACCAGTATCACTCTT-1,0.000055,0.302813,0.000055,0.303915,0.167014,0.000055,0.008827,0.217264
AACCATGGGATCGCTA-1,0.000035,0.47603,0.000035,0.014955,0.479579,0.000035,0.000035,0.029294
AACCCAGAGACGGAGA-1,0.000073,0.000073,0.000073,0.543806,0.182411,0.000073,0.000073,0.273419
AACCCATCCCATGATC-1,0.034433,0.000344,0.222316,0.597031,0.003175,0.031551,0.000344,0.110805
AACCCGACAACCCGTG-1,0.000042,0.230638,0.004931,0.168553,0.101571,0.099979,0.152064,0.242223
AACCCTACTGTCAATA-1,0.000057,0.026913,0.041932,0.405101,0.047097,0.000059,0.137489,0.341352
AACCCTGGTGGAACCA-1,0.00008,0.099101,0.116598,0.548004,0.217442,0.004076,0.00008,0.01462
AACCGAGCTTGGTCAT-1,0.000103,0.099253,0.000217,0.641923,0.069289,0.000103,0.183433,0.005679
AACCGCTAAGGGATGC-1,0.000071,0.000071,0.096724,0.172336,0.333705,0.001148,0.046909,0.349036
AACCGTTGTGTTTGCT-1,0.000089,0.000089,0.000089,0.920179,0.079289,0.000089,0.000089,0.000089
AACCTAAAGCCGTCCG-1,0.003363,0.012575,0.058966,0.41075,0.000061,0.002331,0.511893,0.000061
AACCTCGCTTTAGCCC-1,0.000144,0.080429,0.055312,0.501922,0.000144,0.000144,0.335384,0.026519
AACCTTTAAATACGGT-1,0.000308,0.310645,0.000308,0.243744,0.262492,0.000308,0.000308,0.181889
AACCTTTACGACGTCT-1,0.01381,0.000092,0.000092,0.353424,0.029479,0.000092,0.000092,0.602919
AACGATAATGCCGTAG-1,0.000013,0.018397,0.945554,0.022237,0.001508,0.000495,0.002269,0.009526
AACGATATGTCAACTG-1,0.000405,0.000405,0.000405,0.896143,0.101426,0.000405,0.000405,0.000405
AACGCATGATCTGGGT-1,0.000073,0.013829,0.000073,0.424882,0.000073,0.001253,0.270956,0.288859
AACGCGAACGGCAACA-1,0.00018,0.00018,0.00018,0.980823,0.00018,0.00018,0.0181,0.00018
AACGCGGTCTCCAGCC-1,0.000066,0.000066,0.000066,0.782292,0.217312,0.000066,0.000066,0.000066
AACGCTGTTGCTGAAA-1,0.005886,0.173309,0.208967,0.157003,0.079818,0.000049,0.12087,0.254098
AACGGACGTACGTATA-1,0.000041,0.360906,0.066913,0.060724,0.224792,0.066015,0.065365,0.155245
AACGGCCATCTCCGGT-1,0.000023,0.402123,0.020907,0.06243,0.217722,0.045191,0.062087,0.189517
AACGTACTGTGGGTAC-1,0.001824,0.000044,0.004465,0.231492,0.10241,0.036048,0.152339,0.471377
AACGTAGTCTACCCAT-1,0.000104,0.32447,0.068454,0.309253,0.000104,0.000104,0.290704,0.006808
AACGTCAGACTAGTGG-1,0.000104,0.243021,0.000104,0.115289,0.265369,0.02699,0.26251,0.086612
AACGTGATGAAGGACA-1,0.000101,0.000101,0.000101,0.542362,0.185731,0.000101,0.03485,0.236651
AACGTGCGAAAGTCTC-1,0.000914,0.055271,0.000914,0.400608,0.322356,0.000914,0.000914,0.218109
AACGTTATCAGCACCT-1,0.002158,0.373775,0.002159,0.613272,0.002159,0.002159,0.002159,0.002159
AACTAGGCTTGGGTGT-1,0.003383,0.33454,0.003383,0.003385,0.64516,0.003383,0.003384,0.003384
AACTCAAGTTAATTGC-1,0.000046,0.072862,0.005115,0.120859,0.238729,0.017231,0.121981,0.423177
AACTCCAGAGCGTGTT-1,0.000042,0.233953,0.114416,0.134123,0.126894,0.009898,0.256141,0.124534
AACTCCTAATCCCATG-1,0.000051,0.061193,0.000051,0.107227,0.541054,0.012057,0.153203,0.125165
AACTCGATAAACACGT-1,0.001764,0.001763,0.001764,0.987655,0.001764,0.001763,0.001764,0.001763
AACTCGATGGCGCAGT-1,0.000085,0.235162,0.000308,0.057354,0.60038,0.006134,0.100491,0.000085
AACTCTCAATAGAGCG-1,0.000082,0.019628,0.000082,0.383911,0.099409,0.000082,0.107764,0.389042
AACTCTCAGTGTGCTC-1,0.000053,0.000053,0.000053,0.14953,0.225613,0.020494,0.215285,0.388917
AACTGATATTAGGCCT-1,0.000138,0.000138,0.000138,0.834941,0.164229,0.000138,0.000138,0.000138
AACTGGGTCCCGACGT-1,0.000083,0.000083,0.000083,0.960297,0.039207,0.000083,0.000083,0.000083
AACTGGGTTCGAGCCG-1,0.000094,0.019173,0.038112,0.235887,0.1884,0.00675,0.023025,0.488558
AACTTCTGCGTCTATC-1,0.001331,0.001332,0.001332,0.001332,0.001332,0.001332,0.990677,0.001332
AACTTGCCCGTATGCA-1,0.000787,0.000787,0.000787,0.299708,0.695568,0.000787,0.000787,0.000788
AACTTGCGTTCTCGCG-1,0.000511,0.000511,0.000511,0.886769,0.000511,0.000511,0.110164,0.000511
AACTTTACGGGAGCTT-1,0.001625,0.001627,0.203634,0.331917,0.456319,0.001626,0.001626,0.001626
AAGAAGGATCAGTTAG-1,0.000559,0.000559,0.000559,0.944531,0.052116,0.000559,0.000559,0.000559
AAGACTAACCCGTTGT-1,0.003212,0.003211,0.249481,0.731251,0.003211,0.003211,0.003212,0.00321
AAGACTCACGCCCACT-1,0.000028,0.645643,0.033219,0.022756,0.149585,0.063525,0.042145,0.043099
AAGACTGCAAGCTACT-1,0.000376,0.000376,0.001267,0.529303,0.327217,0.110312,0.000376,0.030773
AAGAGATGAATCGGTA-1,0.001438,0.001439,0.001439,0.037993,0.953371,0.001439,0.00144,0.001439
AAGAGCTCTTTATCGG-1,0.000666,0.000666,0.000666,0.840662,0.000666,0.155342,0.000666,0.000666
AAGAGGATGTACGCGA-1,0.000076,0.000076,0.000076,0.453526,0.422813,0.000076,0.108374,0.014984
AAGAGGCATGGATCGC-1,0.000105,0.102464,0.062883,0.322182,0.152813,0.000105,0.094357,0.26509
AAGATGGCACCGGACC-1,0.000027,0.382907,0.027258,0.02084,0.192207,0.032251,0.182584,0.161925
AAGATTGGCGGAACGT-1,0.000421,0.368389,0.000422,0.083094,0.014824,0.000422,0.284008,0.24842
AAGCACCCTGCGTATC-1,0.004037,0.00404,0.375034,0.004039,0.26353,0.00404,0.00404,0.34124
AAGCATACTCTCCTGA-1,0.000109,0.049965,0.555473,0.131287,0.18989,0.000109,0.007457,0.065711
AAGCCACTTGCAGGTA-1,0.000272,0.000272,0.000272,0.466789,0.000272,0.000272,0.313972,0.217878
AAGCCGAAGCGGTTTA-1,0.002926,0.000057,0.000057,0.066199,0.000057,0.019737,0.538498,0.372469
AAGCCGCCGTGAAATC-1,0.00014,0.002992,0.774593,0.000141,0.221712,0.000141,0.000141,0.000141
AAGCGCAGGGCTTTGA-1,0.000073,0.612894,0.050531,0.088844,0.091025,0.058215,0.061819,0.0366
AAGCGGCGTCATGGGT-1,0.002526,0.286525,0.000595,0.096554,0.089632,0.022926,0.083845,0.417396
AAGCGTCCCTCATCGA-1,0.000033,0.462207,0.005448,0.057854,0.279483,0.008454,0.04336,0.143161
AAGCTAGATCGAGTAA-1,0.003146,0.125394,0.040879,0.099039,0.472532,0.147077,0.000153,0.111781
AAGCTCGTGCCAAGTC-1,0.000955,0.000956,0.310913,0.238514,0.000956,0.000956,0.000956,0.445794
AAGCTCTTTCATGGTG-1,0.000049,0.000049,0.248034,0.169136,0.114349,0.020096,0.121937,0.326349
AAGGAGCGGTTGGTGC-1,0.000046,0.488223,0.021,0.126574,0.116835,0.10255,0.028822,0.115952
AAGGATGAGGGACCTC-1,0.012133,0.10796,0.109479,0.225352,0.16952,0.000245,0.000245,0.375066
AAGGCGCGTAAAGCTT-1,0.000083,0.000591,0.000083,0.527363,0.075858,0.10209,0.069469,0.224465
AAGGCTGTGCTCATCG-1,0.000037,0.41239,0.027272,0.109709,0.124461,0.105926,0.079493,0.14071
AAGGGAACGACTGGCT-1,0.000234,0.000235,0.197415,0.521132,0.217114,0.000235,0.000235,0.0634
AAGGGACAGATTCTGT-1,0.00503,0.197075,0.000057,0.144293,0.120834,0.056581,0.231973,0.244156
AAGGGACTATGCATTC-1,0.000007,0.054878,0.902579,0.000074,0.042443,0.000007,0.000007,0.000007
AAGGTATCCTAATATA-1,0.013953,0.000399,0.000399,0.412615,0.176753,0.000399,0.131104,0.264378
AAGGTGATAAACCAGC-1,0.000035,0.251329,0.307386,0.072832,0.169273,0.005419,0.038015,0.155711
AAGTAAGCTTCCAAAC-1,0.000037,0.273759,0.121224,0.167186,0.002054,0.02558,0.410123,0.000037
AAGTAGAAGACCGGGT-1,0.000086,0.040688,0.005612,0.377157,0.060231,0.030062,0.227456,0.258708
AAGTAGTGACGCGAGG-1,0.000048,0.286695,0.018485,0.101072,0.370409,0.023152,0.009783,0.190356
AAGTCAATTGTCGTCA-1,0.000039,0.096156,0.002611,0.055423,0.081382,0.154414,0.376313,0.233662
AAGTGACGACCGAATT-1,0.000035,0.269709,0.012986,0.046331,0.409191,0.052769,0.024866,0.184113
AAGTGAGTCGGGTTTA-1,0.000088,0.000088,0.031926,0.241522,0.000088,0.000088,0.279344,0.446854
AAGTGCAAAGGTAGAC-1,0.009628,0.009627,0.009627,0.009633,0.009631,0.009632,0.009631,0.932592
AAGTGCCTTGACTGTA-1,0.000047,0.000047,0.009938,0.130402,0.037938,0.015624,0.486642,0.319362
AAGTGCGTTAGAATCT-1,0.000026,0.09247,0.224831,0.054779,0.485301,0.002817,0.05162,0.088157
AAGTGCTTCTCTATTG-1,0.000042,0.162492,0.008122,0.000981,0.06987,0.133985,0.024111,0.600397
AAGTGTTTGGAGACGG-1,0.000248,0.242443,0.711016,0.000012,0.000012,0.045865,0.000393,0.000012
AAGTTCACTCCAAGCT-1,0.00005,0.024446,0.180039,0.110163,0.216896,0.021587,0.118701,0.328117
AAGTTCAGTCTGCGTA-1,0.000041,0.495202,0.009627,0.102967,0.000041,0.010962,0.286427,0.094734
AAGTTCGGCCAACAGG-1,0.000041,0.049255,0.03943,0.171133,0.452158,0.002961,0.198132,0.08689
AAGTTGTGATGTTATA-1,0.000135,0.000135,0.000135,0.297773,0.000135,0.641062,0.017976,0.04265
AAGTTTATGGGCCCAA-1,0.001149,0.001149,0.001149,0.104376,0.619606,0.001149,0.001149,0.270274
AATAACAACGCTCGGC-1,0.000147,0.000147,0.000147,0.539188,0.45993,0.000147,0.000147,0.000147
AATAACACTAGAACAA-1,0.000026,0.011613,0.031439,0.100806,0.117616,0.17709,0.08246,0.47895
AATAAGTCCTCGAGAC-1,0.000118,0.000118,0.062011,0.818509,0.000118,0.000118,0.118891,0.000118
AATACAATGTTTCAGG-1,0.001605,0.001606,0.001605,0.165341,0.825026,0.001606,0.001606,0.001606
AATACCGGAGGGCTGT-1,0.000043,0.088277,0.093826,0.27968,0.101335,0.01546,0.185254,0.236124
AATACCTGATGTGAAC-1,0.001425,0.015896,0.012659,0.122619,0.031661,0.166539,0.342985,0.306216
AATAGAACAGAGTGGC-1,0.000048,0.000048,0.000048,0.082652,0.088536,0.078176,0.312073,0.438419
AATAGAATCTGTTTCA-1,0.000044,0.002708,0.398373,0.132953,0.364105,0.04331,0.02988,0.028628
AATAGCTACCGCGTGC-1,0.000187,0.023736,0.000187,0.375058,0.000187,0.025606,0.320165,0.254873
AATAGGCACGACCCTT-1,0.000029,0.728446,0.003057,0.000029,0.000029,0.136652,0.131727,0.000029
AATAGTCGCGAGTCGG-1,0.010431,0.010429,0.010431,0.551287,0.386131,0.01043,0.010427,0.010434
AATATCAAGGTCGGAT-1,0.000068,0.000068,0.000068,0.475859,0.004378,0.000068,0.483207,0.036286
AATATCGAGGGTTCTC-1,0.000065,0.215483,0.000064,0.271103,0.001803,0.037295,0.087213,0.386974
AATATTGGAGTATTGA-1,0.003915,0.003913,0.003913,0.003914,0.655149,0.003912,0.003914,0.32137
AATCAGACTGCAGGAC-1,0.000132,0.000133,0.04151,0.388324,0.000133,0.000133,0.569503,0.000132
AATCAGGTTTCATTTA-1,0.000044,0.400256,0.056449,0.048514,0.295194,0.057905,0.038905,0.102734
AATCATGTAAAGACTC-1,0.000036,0.268909,0.046502,0.095023,0.102308,0.043821,0.066255,0.377145
AATCCAAGGGCCTGAG-1,0.000211,0.000211,0.087721,0.366739,0.000211,0.000211,0.358546,0.18615
AATCCATGCAAGGGTG-1,0.001407,0.001407,0.001407,0.364512,0.468431,0.001407,0.001407,0.160022
AATCGAGGTCTCAAGG-1,0.000065,0.387646,0.012734,0.127952,0.028293,0.016676,0.422573,0.00406
AATCGCCTCAGCGCCA-1,0.000022,0.047119,0.720411,0.026953,0.059233,0.024966,0.020032,0.101262
AATCGTGAGCCGAGCA-1,0.000177,0.130987,0.032033,0.29039,0.000177,0.000177,0.184008,0.362052
AATCTAGGTTTACTTG-1,0.000399,0.322641,0.190869,0.170987,0.313907,0.000399,0.000399,0.000399
AATCTCTACTGTGGTT-1,0.008938,0.008944,0.008942,0.008955,0.937404,0.008937,0.008942,0.008939
AATCTGCGTTGGGACG-1,0.000046,0.435557,0.000046,0.070082,0.206211,0.000046,0.142222,0.145789
AATCTGGCTTTCTAGT-1,0.004172,0.004176,0.004175,0.004176,0.60432,0.370631,0.004177,0.004174
AATCTGGGTAGACCCT-1,0.000059,0.150719,0.000059,0.338711,0.081429,0.02044,0.015957,0.392626
AATGACAGCAATGTCT-1,0.000035,0.000035,0.079465,0.11562,0.804249,0.000035,0.000035,0.000526
AATGACGTAGGATGTC-1,0.000046,0.012475,0.314783,0.201168,0.226636,0.004121,0.173927,0.066845
AATGACTGTCAGCCGG-1,0.000053,0.043679,0.025555,0.378375,0.020774,0.462719,0.04288,0.025967
AATGAGTTCGCATATG-1,0.000296,0.000295,0.000295,0.844569,0.153659,0.000295,0.000295,0.000295
AATGATGATACGCTAT-1,0.000085,0.006997,0.000085,0.420035,0.026215,0.00868,0.0001,0.537803
AATGATGCGACTCCTG-1,0.000066,0.000066,0.000066,0.302396,0.000066,0.000066,0.184964,0.512312
AATGCACCAAGCAATG-1,0.000073,0.064529,0.01373,0.667487,0.006435,0.000073,0.205414,0.042261
AATGGTCCACCGTTCA-1,0.151664,0.000265,0.055988,0.521814,0.016077,0.000265,0.253662,0.000265
AATGGTTCTCACAAGC-1,0.000093,0.000093,0.000093,0.708746,0.172449,0.000093,0.060116,0.058317
AATGTGCCCGAGGTGT-1,0.0229,0.005753,0.388229,0.046888,0.369364,0.001568,0.144011,0.021287
AATGTGCTAATCTGAG-1,0.000017,0.516004,0.077248,0.00936,0.231247,0.072145,0.074721,0.019257
AATGTTAAGACCCTGA-1,0.000149,0.045929,0.025521,0.303633,0.000149,0.000149,0.56875,0.055719
AATTAAAGGTCGGCGT-1,0.001395,0.002426,0.01621,0.109795,0.087906,0.556374,0.097969,0.127924
AATTAACGGATTTCCA-1,0.001317,0.477112,0.001318,0.342137,0.158608,0.001318,0.001318,0.016871
AATTACTCGTACGCTC-1,0.201768,0.000288,0.000289,0.074604,0.000289,0.000289,0.722185,0.000289
AATTAGCGCTGCAGCG-1,0.000901,0.000901,0.138311,0.724377,0.132807,0.000901,0.000901,0.000901
AATTATACCCAGCAAG-1,0.000048,0.301185,0.032168,0.000048,0.000048,0.028095,0.636586,0.001823
AATTCATAAGGGATCT-1,0.00007,0.00007,0.00007,0.233156,0.235139,0.087814,0.006742,0.436938
AATTCCAACTTGGTGA-1,0.001043,0.001043,0.001044,0.992696,0.001044,0.001043,0.001044,0.001043
AATTCGATTCGAGGAT-1,0.000148,0.174219,0.504898,0.112062,0.122951,0.000148,0.085427,0.000148
AATTCTAGAGTTAGGC-1,0.000517,0.000517,0.000517,0.808452,0.188444,0.000517,0.000517,0.000517
AATTGAACGCTCTGGT-1,0.000015,0.102046,0.858119,0.000015,0.000015,0.01886,0.011038,0.009893
AATTGCAGCAATCGAC-1,0.000074,0.000074,0.000074,0.090687,0.0262,0.15152,0.366574,0.364798
AATTTGGGACATAGTA-1,0.000042,0.580249,0.003234,0.12585,0.120759,0.040298,0.004996,0.124572
AATTTGGTTCCAAAGA-1,0.000058,0.000058,0.002231,0.103839,0.893638,0.000058,0.000058,0.000058
ACAAACCATGCGTCCT-1,0.002319,0.002319,0.002319,0.556826,0.275785,0.002319,0.002319,0.155793
ACAAACCGACAAGGCG-1,0.042488,0.089983,0.076677,0.349509,0.400092,0.000053,0.041146,0.000053
ACAAACTCCATCAGAG-1,0.000036,0.45551,0.022767,0.032511,0.004957,0.055989,0.320554,0.107675
ACAAAGCATGACCTAG-1,0.003823,0.027967,0.087671,0.228441,0.009436,0.017853,0.138573,0.486236
ACAAATCGCACCGAAT-1,0.000986,0.046791,0.684271,0.029938,0.199714,0.00088,0.028606,0.008813
ACAAATGGTAGTGTTT-1,0.000015,0.061084,0.784555,0.043134,0.030095,0.025706,0.000749,0.054662
ACAAATTCAGATCTGA-1,0.000035,0.421293,0.006193,0.089431,0.080113,0.011591,0.166348,0.224996
ACAACAGCATGAGCTA-1,0.001669,0.245881,0.00167,0.568026,0.00167,0.00167,0.00167,0.177746
ACAACGGTCCCTGCGA-1,0.000113,0.000113,0.000113,0.711144,0.267988,0.000113,0.000113,0.020302
ACAAGCAGTGCCTAGC-1,0.061685,0.000649,0.000649,0.552877,0.382194,0.000649,0.000649,0.000649
ACAAGGAAATCCGCCC-1,0.000017,0.227196,0.58131,0.031459,0.108079,0.008906,0.016395,0.026638
ACAAGGACAAGAGGTT-1,0.012115,0.000093,0.004916,0.267248,0.276072,0.000094,0.190609,0.248853
ACAAGGATGCTTTAGG-1,0.000052,0.231288,0.101694,0.145205,0.167341,0.006178,0.089942,0.258301
ACAAGGCCTACCAGCC-1,0.000084,0.000084,0.000084,0.426855,0.000084,0.000084,0.162749,0.409976
ACAAGGGCAGGCTCTG-1,0.001483,0.000108,0.365589,0.23842,0.307742,0.000108,0.078227,0.008322
ACAAGTAATTGTAAGG-1,0.00404,0.00404,0.00404,0.004039,0.426018,0.549734,0.004049,0.00404
ACAATAGTCGTACGTT-1,0.007362,0.007361,0.007361,0.19031,0.765522,0.007358,0.007362,0.007364
ACAATCCATTTAAACC-1,0.000067,0.348478,0.012086,0.12371,0.32452,0.01978,0.000067,0.171293
ACAATGAATACGGAGA-1,0.000034,0.040488,0.227014,0.119494,0.454106,0.000034,0.112934,0.045897
ACAATTGTGTCTCTTT-1,0.000048,0.186818,0.03163,0.035045,0.063573,0.005322,0.282868,0.394697
ACAATTTAGGAGGCTC-1,0.005214,0.005218,0.005217,0.005218,0.551811,0.005218,0.005219,0.416885
ACAATTTGAGCAGTGG-1,0.000212,0.000212,0.000212,0.432085,0.133945,0.000212,0.130834,0.302289
ACACACCAGGACCAGT-1,0.000056,0.000056,0.119167,0.288044,0.244277,0.000056,0.000153,0.34819
ACACACTTTCTACACG-1,0.000081,0.063073,0.002686,0.726973,0.206943,0.000081,0.000081,0.000081
ACACATGATCAAATCT-1,0.002844,0.002846,0.255601,0.002846,0.727324,0.002846,0.002846,0.002846
ACACATTGACGCAACA-1,0.00184,0.001841,0.001842,0.001842,0.987111,0.001841,0.001842,0.001842
ACACATTTCCGTAGAC-1,0.00658,0.089893,0.000296,0.220961,0.582279,0.000296,0.000296,0.099399
ACACCCGAGAAATCCG-1,0.002826,0.089628,0.000064,0.396252,0.163656,0.000064,0.104432,0.243076
ACACCGAGCGCTCTTT-1,0.000941,0.000942,0.025633,0.268387,0.224963,0.000942,0.000942,0.477251
ACACCGGTCTGACCGC-1,0.001089,0.136904,0.001099,0.330575,0.527067,0.001089,0.001089,0.001089
ACACCTTAAGTAGGGC-1,0.000059,0.361228,0.004659,0.200072,0.019062,0.009726,0.153443,0.251751
ACACGAGACTCCTTCT-1,0.000519,0.00052,0.11937,0.557259,0.287824,0.00052,0.00052,0.033469
ACACGGCACTATGCAT-1,0.000076,0.103262,0.013104,0.665774,0.167078,0.000076,0.050555,0.000076
ACACGGGAACTTAGGG-1,0.004172,0.004173,0.004173,0.836074,0.004174,0.138886,0.004174,0.004174
ACACTCCAATGTCACT-1,0.002454,0.002456,0.002456,0.028018,0.663153,0.002455,0.296553,0.002455
ACACTGATCAAGGTGT-1,0.000039,0.022766,0.000039,0.01862,0.116555,0.321442,0.328778,0.19176
ACAGAACTGAGAACAA-1,0.000022,0.022115,0.465046,0.007368,0.402995,0.045262,0.00459,0.052602
ACAGCGACATTCTCAT-1,0.000074,0.066829,0.001432,0.269566,0.011605,0.016192,0.281477,0.352826
ACAGCGCACCCGCAGC-1,0.002197,0.002197,0.002197,0.002197,0.450809,0.002197,0.536009,0.002197
ACAGGCACGGATCCTT-1,0.000074,0.089272,0.071831,0.016306,0.001942,0.000074,0.399129,0.421372
ACAGGCTTGCCCGACT-1,0.000022,0.30353,0.452148,0.011375,0.125024,0.001371,0.042746,0.063784
ACAGGTGGAGGTGAGG-1,0.000031,0.173532,0.023911,0.087872,0.192281,0.103212,0.023965,0.395197
ACAGTAATACAACTTG-1,0.001346,0.32023,0.001347,0.543451,0.129587,0.001347,0.001346,0.001347
ACATAATAAGGCGGTG-1,0.00787,0.000046,0.000046,0.507249,0.484649,0.000046,0.000046,0.000046
ACATACAATCAAGCGG-1,0.000063,0.199543,0.024247,0.000476,0.000063,0.194762,0.281592,0.299254
ACATCAGCTGGGACGC-1,0.002019,0.409454,0.00202,0.00202,0.578427,0.002019,0.00202,0.00202
ACATCCTGGTAACTGT-1,0.000063,0.000063,0.000063,0.204354,0.023682,0.009263,0.439676,0.322835
ACATCGATCGTTTACC-1,0.00007,0.032475,0.095452,0.674965,0.196828,0.00007,0.00007,0.00007
ACATCGCAATATTCGG-1,0.000127,0.003275,0.073866,0.000127,0.000127,0.000127,0.922226,0.000127
ACATCGGTCAGCCGCG-1,0.000046,0.199682,0.023198,0.250095,0.306383,0.002476,0.039766,0.178354
ACATCGTATGCAATGG-1,0.00003,0.016454,0.561764,0.091787,0.161691,0.012392,0.036189,0.119693
ACATCGTTAACCTAGT-1,0.000252,0.000252,0.000252,0.77961,0.000252,0.000252,0.218875,0.000252
ACATCTCAACGCGTAA-1,0.000086,0.000086,0.000086,0.237706,0.761779,0.000086,0.000086,0.000086
ACATGCTTACGGCAGC-1,0.000539,0.00054,0.265867,0.625027,0.00054,0.00054,0.106407,0.00054
ACATGGCGCCAAAGTA-1,0.000021,0.411879,0.030838,0.003706,0.047449,0.065127,0.198383,0.242597
ACATGGCTCAATTTAG-1,0.000143,0.253507,0.085592,0.250018,0.41031,0.000143,0.000143,0.000143
ACATTAGTTTATATCC-1,0.001625,0.001626,0.001626,0.382656,0.60759,0.001626,0.001626,0.001626
ACATTCGCGCGGAATA-1,0.000526,0.000526,0.000526,0.423615,0.000526,0.000526,0.573228,0.000526
ACATTTGAAACCTAAC-1,0.000083,0.188109,0.000083,0.032291,0.000083,0.010858,0.466167,0.302325
ACCAAACTAGAAATCC-1,0.000037,0.109933,0.000037,0.429297,0.460587,0.000037,0.000037,0.000037
ACCAACACCACACACT-1,0.00011,0.022746,0.00011,0.254346,0.00011,0.00011,0.348011,0.374456
ACCAACCGCACTCCAC-1,0.000066,0.002442,0.055358,0.087416,0.000066,0.089948,0.187879,0.576824
ACCAACGCTTATTTAT-1,0.000046,0.000046,0.000046,0.175786,0.001535,0.594727,0.133502,0.094311
ACCAATATGCAAGTTA-1,0.000025,0.435395,0.2937,0.069399,0.017341,0.009118,0.17152,0.003503
ACCACAACTCAGAACA-1,0.003477,0.003478,0.003478,0.602396,0.376733,0.003479,0.003479,0.003479
ACCACACGGTTGATGG-1,0.00014,0.112961,0.012475,0.433406,0.00014,0.00014,0.440599,0.00014
ACCACCAATGTAACAA-1,0.000036,0.000036,0.000036,0.00228,0.000036,0.257846,0.336034,0.403694
ACCACGTGCAGCTATA-1,0.000028,0.036521,0.509993,0.104168,0.162474,0.000604,0.037348,0.148864
ACCACTGTTCAAGAAG-1,0.002122,0.002123,0.002123,0.641181,0.002123,0.002123,0.346083,0.002122
ACCAGCCCGGTCTTTG-1,0.000193,0.000193,0.000193,0.872804,0.000193,0.000193,0.126041,0.000193
ACCAGTGCCCGGTCAA-1,0.000061,0.061468,0.000061,0.493445,0.008628,0.000144,0.237791,0.198404
ACCAGTGCGGGAGACG-1,0.000043,0.416895,0.049728,0.100209,0.267542,0.078081,0.050699,0.036803
ACCATCCGCCAACTAG-1,0.001089,0.383876,0.001089,0.001089,0.381412,0.001089,0.001089,0.229266
ACCATCGTATATGGTA-1,0.000068,0.113944,0.000068,0.185617,0.305664,0.006445,0.096879,0.291315
ACCATTAAGGGTGTCA-1,0.023169,0.000724,0.12463,0.848582,0.000724,0.000724,0.000724,0.000724
ACCCAACGCCCGTGGC-1,0.000075,0.01566,0.047637,0.31904,0.145159,0.000075,0.02691,0.445445
ACCCACCTACATGCTC-1,0.00291,0.002912,0.002912,0.790017,0.192514,0.002911,0.002912,0.002912
ACCCATCTTGAGGGTA-1,0.000047,0.480872,0.021923,0.167013,0.077585,0.001969,0.062156,0.188435
ACCCATTTGTCCCTCT-1,0.000055,0.242398,0.000055,0.152229,0.005197,0.039487,0.324179,0.2364
ACCCGAGCGAAATTAC-1,0.000016,0.021109,0.654848,0.026025,0.17729,0.024167,0.094542,0.002002
ACCCGATTGGTTCCGA-1,0.000024,0.601102,0.075006,0.017281,0.081333,0.037327,0.03439,0.153536
ACCCGGAAACTCCCAG-1,0.002721,0.002723,0.142024,0.56749,0.002723,0.002722,0.002722,0.276876
ACCCGGATGACGCATC-1,0.00007,0.092154,0.033858,0.178991,0.024911,0.0139,0.178792,0.477324
ACCCGGTTACACTTCC-1,0.00005,0.00005,0.004655,0.03997,0.011524,0.18971,0.196921,0.557121
ACCCTATAGGACTGAG-1,0.001692,0.001692,0.001692,0.549442,0.310181,0.131916,0.001692,0.001692
ACCCTATGCCATATCG-1,0.000065,0.000065,0.06258,0.201425,0.201942,0.082737,0.031584,0.419601
ACCCTCCCGTCAGGGC-1,0.000089,0.175073,0.04482,0.042166,0.000823,0.032681,0.33685,0.367498
ACCCTCCCTTGCTATT-1,0.005661,0.038309,0.49086,0.12303,0.161019,0.000302,0.032327,0.148491
ACCCTTCATCTGCGAA-1,0.000057,0.000057,0.000057,0.629778,0.36988,0.000057,0.000057,0.000057
ACCCTTTAGTTCTCCA-1,0.000279,0.678984,0.000279,0.000279,0.209499,0.035263,0.075139,0.000279
ACCGACACATCTCCCA-1,0.003211,0.003212,0.003212,0.585262,0.395467,0.003212,0.003212,0.003211
ACCGACTGAGTCCCAC-1,0.027313,0.000257,0.000257,0.804203,0.000257,0.000257,0.000257,0.1672
ACCGAGTCTCCTTATT-1,0.000652,0.000652,0.000652,0.322352,0.000652,0.000652,0.673735,0.000652
ACCGATGGTAGCATCG-1,0.000089,0.069074,0.000089,0.407147,0.255271,0.004466,0.067869,0.195995
ACCGCAATAACTGCCT-1,0.000033,0.020652,0.516903,0.145407,0.204461,0.007992,0.016323,0.08823
ACCGCGGTGGAAGTCG-1,0.000026,0.003647,0.000026,0.00417,0.013811,0.188359,0.34636,0.4436
ACCGCTAGTCATTGGT-1,0.000064,0.151114,0.022922,0.168154,0.240763,0.064874,0.136919,0.215189
ACCGGGCCTTTGTTGA-1,0.000052,0.169351,0.056843,0.152034,0.106624,0.01586,0.050773,0.448464
ACCGGTCAGGTACACC-1,0.022741,0.308904,0.095719,0.003996,0.418281,0.149678,0.00034,0.00034
ACCGGTCTGAGTACGG-1,0.000063,0.141383,0.000063,0.309699,0.025103,0.039875,0.028369,0.455445
ACCGTGACCACGTGGG-1,0.000039,0.068309,0.060261,0.202894,0.20763,0.027029,0.089577,0.344259
ACCGTTCCCGCTCTGA-1,0.000105,0.000105,0.000105,0.999262,0.000105,0.000105,0.000105,0.000105
ACCTAAGTACCTTTCA-1,0.000035,0.136773,0.070905,0.027337,0.678411,0.042615,0.015324,0.028599
ACCTAATCGACTTCCT-1,0.000058,0.244297,0.001331,0.132671,0.384871,0.002938,0.086616,0.147217
ACCTCCGCCCTCGCTG-1,0.000083,0.000083,0.000083,0.146547,0.000083,0.162018,0.49588,0.195224
ACCTCGAACTTATGCT-1,0.00037,0.00037,0.284413,0.501509,0.150733,0.00037,0.057674,0.004561
ACCTGCGTGTCATGTT-1,0.000282,0.455187,0.015393,0.016043,0.266622,0.000282,0.079752,0.166438
ACCTTTCCTTTAGAAG-1,0.000037,0.478599,0.076591,0.171264,0.181163,0.010987,0.081323,0.000037
ACGAAATGGGCGGCAC-1,0.000763,0.000764,0.000764,0.266,0.554625,0.175557,0.000764,0.000764
ACGACTCTAGGGCCGA-1,0.000048,0.310558,0.007298,0.012514,0.035789,0.108482,0.099558,0.425753
ACGACTGGTCATACTC-1,0.000025,0.347616,0.078035,0.045339,0.204906,0.018349,0.196111,0.109619
ACGAGAACCCATCACG-1,0.000104,0.000104,0.000104,0.715914,0.12363,0.000104,0.092771,0.067268
ACGAGATATTTGCTTA-1,0.001108,0.001108,0.001108,0.191748,0.294843,0.001108,0.507868,0.001108
ACGAGGATACCACTCT-1,0.000174,0.000174,0.047393,0.348689,0.242061,0.116562,0.000174,0.244773
ACGAGGTTTACAACGT-1,0.011291,0.000473,0.000473,0.38591,0.468855,0.132054,0.000473,0.000473
ACGAGTACGGATGCCC-1,0.006404,0.099879,0.000049,0.10205,0.033827,0.003634,0.407597,0.346559
ACGAGTCGCCGGCGTT-1,0.002362,0.002362,0.002361,0.614967,0.002362,0.370859,0.002363,0.002362
ACGATACATAGAACTA-1,0.002663,0.002664,0.002664,0.768967,0.002664,0.002664,0.002665,0.215049
ACGATCATACATAGAG-1,0.000082,0.000082,0.000082,0.737889,0.26162,0.000082,0.000082,0.000082
ACGATCATCTTGTAAA-1,0.000031,0.05118,0.010401,0.018155,0.023517,0.112215,0.198752,0.585749
ACGATGCATATGTTAT-1,0.000043,0.349176,0.015714,0.180851,0.082637,0.015736,0.165352,0.19049
ACGATGGATCCGATGC-1,0.000051,0.443779,0.268327,0.097505,0.190186,0.000051,0.000051,0.000051
ACGCAATCACTACAGC-1,0.00503,0.126105,0.000259,0.441114,0.000259,0.000259,0.07755,0.349424
ACGCATACGTTTACTA-1,0.000059,0.084876,0.020481,0.074965,0.075828,0.056175,0.297495,0.39012
ACGCATTCGTGAGTAC-1,0.00003,0.246007,0.548396,0.075429,0.049375,0.040442,0.00003,0.040291
ACGCCACTCGAAACAG-1,0.000349,0.000349,0.000349,0.350399,0.543336,0.104521,0.000349,0.000349
ACGCCAGATGATTTCT-1,0.001181,0.001181,0.001181,0.808747,0.184168,0.001181,0.001181,0.001181
ACGCCAGTGCGTTTGC-1,0.000069,0.000069,0.000069,0.000069,0.000069,0.139858,0.470498,0.389297
ACGCCCAGCTGTCGAT-1,0.000038,0.293882,0.094288,0.169441,0.373738,0.000038,0.068538,0.000038
ACGCCGCTAGACGACC-1,0.000226,0.405147,0.000226,0.411199,0.068327,0.000226,0.000226,0.114422
ACGCGAAGTCAGACGA-1,0.010379,0.166635,0.169937,0.232163,0.000491,0.048451,0.000491,0.371453
ACGCGCTACACAGGGT-1,0.000035,0.178088,0.019164,0.038749,0.46209,0.044061,0.230637,0.027176
ACGCGGGCCAAGGACA-1,0.000039,0.000039,0.000039,0.404035,0.409613,0.186159,0.000039,0.000039
ACGCGTTTCTTAAGAG-1,0.000433,0.152003,0.095643,0.599038,0.085081,0.000433,0.000433,0.066935
ACGCTAGTGATACACT-1,0.001925,0.003461,0.00007,0.234874,0.00007,0.00007,0.180061,0.579467
ACGCTGTGAGGCGTAG-1,0.003129,0.00313,0.003128,0.978092,0.003132,0.003129,0.003131,0.00313
ACGCTTAGTGTCTCTC-1,0.001422,0.001422,0.001422,0.990042,0.001423,0.001422,0.001423,0.001423
ACGGAACACGAGTGCC-1,0.000064,0.023193,0.005533,0.000064,0.000064,0.210418,0.231761,0.528904
ACGGAATTTAGCAAAT-1,0.002574,0.000079,0.000079,0.336064,0.660966,0.000079,0.000079,0.000079
ACGGACTCTCAAAGCG-1,0.000227,0.165595,0.164582,0.115201,0.46285,0.000227,0.000227,0.09109
ACGGAGCGCAAATTAC-1,0.000076,0.04856,0.000076,0.262769,0.000076,0.026867,0.189097,0.472479
ACGGATGGTGCGGATA-1,0.000091,0.009393,0.389602,0.280782,0.067213,0.000091,0.092692,0.160136
ACGGCACTTGCTTGGG-1,0.000719,0.00072,0.00072,0.460736,0.433537,0.00072,0.00072,0.102129
ACGGCGACGATGGGAA-1,0.000029,0.013111,0.495873,0.165632,0.114662,0.007645,0.187763,0.015283
ACGGCGGGTTGCCCTG-1,0.000045,0.423258,0.003347,0.229918,0.132902,0.028102,0.032227,0.1502
ACGGGAGTGTCGGCCC-1,0.000033,0.075938,0.336034,0.035047,0.43959,0.003057,0.012721,0.09758
ACGGGTCATGTGACTT-1,0.003211,0.312162,0.003211,0.66857,0.003211,0.003211,0.003211,0.003211
ACGGTACAGTTCAATG-1,0.000076,0.385101,0.000251,0.126212,0.080668,0.000076,0.198341,0.209274
ACGTACAGATTTCTCT-1,0.000097,0.000097,0.000097,0.973329,0.026089,0.000097,0.000097,0.000097
ACGTACTTTGGCACGG-1,0.000048,0.419115,0.049914,0.004009,0.31018,0.004377,0.003571,0.208786
ACGTAGATTGCTGATG-1,0.003292,0.003294,0.003294,0.486146,0.003295,0.003296,0.494087,0.003296
ACGTAGGAGAGTCGCT-1,0.000688,0.000688,0.000688,0.316826,0.679046,0.000688,0.000688,0.000688
ACGTATTACTCCGATC-1,0.000055,0.105766,0.031094,0.106679,0.12598,0.032907,0.156822,0.440696
ACGTGCGCCTCGTGCA-1,0.001287,0.175073,0.000054,0.109922,0.332645,0.000054,0.380909,0.000054
ACGTGGTCGAATGTGC-1,0.000099,0.000099,0.070687,0.482524,0.000099,0.000099,0.446295,0.000099
ACGTTAATGTCGAAGA-1,0.005155,0.43302,0.097369,0.073887,0.299595,0.000252,0.061064,0.029659
ACGTTAGATTTGCCCG-1,0.00005,0.351108,0.001965,0.220058,0.168215,0.00564,0.086611,0.166353
ACGTTATTGGTCACTC-1,0.003576,0.003577,0.003577,0.675821,0.302717,0.003577,0.003577,0.003577
ACGTTCACTATGCCGC-1,0.000047,0.411907,0.073382,0.009858,0.012778,0.047105,0.138963,0.305961
ACGTTCGTTCAGGAAA-1,0.000053,0.02417,0.000053,0.142066,0.136492,0.002332,0.390487,0.304347
ACGTTCTGTACAAGTC-1,0.007012,0.198183,0.069632,0.017666,0.031701,0.026846,0.634264,0.014696
ACGTTGTCGTTGAAAG-1,0.000085,0.182793,0.026648,0.010406,0.326732,0.000085,0.453167,0.000085
ACGTTTAGTTGTGATC-1,0.000127,0.220359,0.359036,0.271788,0.14831,0.000127,0.000127,0.000127
ACTAATACGTCAGGCG-1,0.000041,0.451387,0.000041,0.073706,0.167476,0.013189,0.051977,0.242183
ACTACAAAGAGAGGTG-1,0.000159,0.000159,0.072602,0.279456,0.000159,0.643177,0.000159,0.004128
ACTACATCCCGACAAG-1,0.079763,0.00321,0.003209,0.17566,0.728524,0.003212,0.003211,0.003211
ACTACCAGCTCTCTGG-1,0.000089,0.020438,0.012206,0.316639,0.007752,0.025981,0.200934,0.415961
ACTACCATCCGAGGGC-1,0.000324,0.000324,0.000324,0.227739,0.000324,0.000324,0.770315,0.000324
ACTAGTTGCGATCGTC-1,0.000054,0.085492,0.000054,0.092662,0.025098,0.100683,0.25463,0.441327
ACTATATGCTGTGTTC-1,0.000074,0.114241,0.000074,0.302182,0.000074,0.000074,0.153196,0.430086
ACTATGTCCAGCTGCC-1,0.000215,0.097143,0.238226,0.174393,0.489379,0.000215,0.000215,0.000215
ACTATTCGTCCGTGGT-1,0.000184,0.000184,0.000184,0.955307,0.04359,0.000184,0.000184,0.000184
ACTATTTCCGGGCCCA-1,0.00004,0.322718,0.042426,0.048205,0.133623,0.083646,0.219429,0.149913
ACTCAACGAATGTATT-1,0.000076,0.007573,0.000076,0.444312,0.079769,0.000076,0.170123,0.297995
ACTCAAGTGCAAGGCT-1,0.00027,0.784365,0.082964,0.004385,0.019552,0.051906,0.029934,0.026625
ACTCAATAAAGGCACG-1,0.000141,0.000141,0.000141,0.999014,0.000141,0.000141,0.000141,0.000141
ACTCAGACCTGCTTCT-1,0.000076,0.000076,0.000076,0.412046,0.036337,0.000076,0.551226,0.000086
ACTCATGGCAGCCTTC-1,0.001869,0.001869,0.001869,0.001869,0.582143,0.001869,0.001869,0.406643
ACTCCAATATCATCAT-1,0.000022,0.240642,0.246428,0.021925,0.174887,0.053,0.002982,0.260114
ACTCCCATTCCTAAAG-1,0.00031,0.194955,0.008473,0.174417,0.46772,0.00031,0.00031,0.153506
ACTCCCGAATTCGTTT-1,0.000019,0.537302,0.003581,0.000019,0.000019,0.078507,0.373711,0.006841
ACTCCCTAATGCTAAA-1,0.003233,0.525348,0.073986,0.208371,0.0906,0.000208,0.048531,0.049723
ACTCCCTAGAATAGTA-1,0.000107,0.409037,0.06367,0.067482,0.367543,0.068054,0.01216,0.011947
ACTCCGGCCGACCACT-1,0.000059,0.110447,0.00006,0.053619,0.000284,0.111256,0.034741,0.689533
ACTCGATGTATTTCAT-1,0.001896,0.001898,0.001897,0.40415,0.584467,0.001897,0.001897,0.001897
ACTCGTAACCCGTCCT-1,0.000134,0.110046,0.520406,0.15523,0.21378,0.000135,0.000135,0.000135
ACTCGTCAGTAATCCC-1,0.000544,0.000544,0.147918,0.848815,0.000544,0.000544,0.000545,0.000544
ACTCTCTGACTTAGGT-1,0.000197,0.000197,0.351299,0.308017,0.293692,0.000197,0.019807,0.026593
ACTCTCTTATACACGA-1,0.000096,0.194905,0.01716,0.497805,0.10341,0.000096,0.022176,0.164353
ACTCTGACCTAATAGA-1,0.000075,0.067375,0.098083,0.095588,0.000648,0.000075,0.489711,0.248446
ACTCTTGTATAGTAAC-1,0.000941,0.000941,0.30272,0.224352,0.468222,0.000942,0.000941,0.000942
ACTGAAACGCCGTTAG-1,0.004966,0.632141,0.104127,0.022993,0.025033,0.018184,0.185972,0.006583
ACTGAATGGCGAAAGT-1,0.018063,0.073912,0.85708,0.015702,0.00251,0.000508,0.014739,0.017485
ACTGATTTAGTGATTC-1,0.002782,0.002782,0.002782,0.002783,0.286752,0.416516,0.28282,0.002783
ACTGCCCGCCATTCTC-1,0.000039,0.144888,0.10981,0.070594,0.387458,0.044836,0.155096,0.087279
ACTGCCGTCGTAACTC-1,0.000579,0.214416,0.00058,0.00058,0.782106,0.00058,0.00058,0.00058
ACTGTACGATACACAT-1,0.001869,0.001869,0.001869,0.652069,0.001869,0.001869,0.001869,0.336718
ACTGTAGCACTTTGGA-1,0.004777,0.15842,0.000097,0.391065,0.27571,0.000097,0.146479,0.023355
ACTGTATACGCGAGCA-1,0.000057,0.33177,0.000057,0.329939,0.045528,0.031565,0.110115,0.150969
ACTGTCTTCTTTAGAA-1,0.000136,0.000136,0.000136,0.775673,0.223514,0.000136,0.000136,0.000136
ACTGTGCTAGTAGATC-1,0.000057,0.000057,0.000057,0.321363,0.473284,0.000057,0.000057,0.205067
ACTTACCGGGCGCGCA-1,0.001961,0.005985,0.000059,0.408634,0.085287,0.000059,0.14004,0.357975
ACTTACGCATCCACGC-1,0.000031,0.109194,0.572569,0.009542,0.19529,0.002968,0.042947,0.06746
ACTTAGTACGACAAGA-1,0.000037,0.101986,0.000037,0.116172,0.477537,0.000037,0.16846,0.135735
ACTTATACTTACCCGG-1,0.000067,0.026827,0.065746,0.207366,0.138472,0.01837,0.070918,0.472234
ACTTATCTGATCTATA-1,0.002136,0.736365,0.136926,0.001503,0.007329,0.066637,0.041344,0.007761
ACTTATTTATGTGCCA-1,0.000057,0.038811,0.006154,0.045376,0.419321,0.130602,0.001795,0.357885
ACTTCAGGCTGATCCC-1,0.000011,0.054126,0.875229,0.000011,0.003022,0.019247,0.002477,0.045876
ACTTCCATGCGGGACA-1,0.000016,0.179167,0.727646,0.002265,0.01524,0.003618,0.035271,0.036777
ACTTCGCCATACGCAC-1,0.000669,0.445595,0.367487,0.00067,0.183571,0.00067,0.00067,0.00067
ACTTGACTCCCTCTTT-1,0.000379,0.023654,0.161353,0.193063,0.524272,0.00038,0.080894,0.016006
ACTTGGGACCCGGTGG-1,0.000069,0.000069,0.000069,0.17343,0.053479,0.207851,0.174741,0.390292
ACTTGGGCTTTCGCCA-1,0.00006,0.653072,0.04113,0.00006,0.00006,0.152216,0.153344,0.00006
ACTTGTAGTCCCTTCA-1,0.000741,0.030163,0.215896,0.000741,0.366755,0.000741,0.384222,0.000741
ACTTGTGGATGGAACG-1,0.000118,0.000118,0.000118,0.296816,0.000118,0.01165,0.467712,0.223348
ACTTTACCCTCATGAA-1,0.000053,0.166416,0.018146,0.054956,0.000356,0.036272,0.436918,0.286884
ACTTTCCTATAGCTTC-1,0.000113,0.000113,0.000113,0.673532,0.32579,0.000113,0.000113,0.000113
ACTTTGACTGCATCCT-1,0.004315,0.004319,0.004317,0.363966,0.004319,0.004317,0.004317,0.61013
ACTTTGGTCGTGCTCC-1,0.000605,0.000605,0.436252,0.528304,0.000605,0.000605,0.000605,0.03242
AGAACGTGGTACATTC-1,0.000319,0.000319,0.000319,0.745045,0.099183,0.154175,0.000319,0.000319
AGAACTGTACTTTGTA-1,0.000059,0.257953,0.011062,0.000059,0.000059,0.04115,0.34316,0.346498
AGAAGAGCGCCGTTCC-1,0.093738,0.011029,0.000266,0.115501,0.455964,0.069773,0.137416,0.116313
AGAAGGTACACTTCAC-1,0.002665,0.002664,0.002665,0.338974,0.378578,0.002664,0.002665,0.269126
AGAAGGTTGCCGAATT-1,0.00003,0.419344,0.01583,0.076605,0.092947,0.062307,0.093263,0.239674
AGAAGGTTGTAGGTCG-1,0.001026,0.001027,0.18475,0.639099,0.001026,0.001026,0.17102,0.001026
AGAAGTGATTCGTGAT-1,0.000034,0.000034,0.190045,0.017004,0.615016,0.009349,0.000034,0.168484
AGAATAAATCTTCAGG-1,0.004316,0.004313,0.004314,0.96979,0.004318,0.004316,0.004316,0.004317
AGAATACAGGCTATCC-1,0.001649,0.11093,0.043335,0.209565,0.000146,0.000146,0.447636,0.186592
AGAATGCGGGTTCGGA-1,0.000055,0.272933,0.000472,0.229396,0.023209,0.028909,0.236439,0.208587
AGAATTATGGATTCGA-1,0.000059,0.16985,0.000992,0.19966,0.031508,0.009788,0.123518,0.464625
AGAATTGTTTGACATA-1,0.000103,0.000103,0.000103,0.000103,0.999278,0.000103,0.000103,0.000103
AGACAGCTCAGAATCC-1,0.003209,0.003209,0.003209,0.97753,0.00321,0.00321,0.003212,0.003211
AGACCATGGGATACAA-1,0.000978,0.000077,0.000077,0.260886,0.618279,0.039241,0.000077,0.080385
AGACCCACCGCTGATC-1,0.000184,0.000184,0.000184,0.086807,0.377373,0.000184,0.460011,0.075074
AGACCGGGAAACCCTG-1,0.000797,0.000798,0.173911,0.63236,0.000798,0.000798,0.000798,0.189741
