Barcode,Topic 1,Topic 2to3,Topic 4to10
AAACAAGTATCTCCCA-1,0.000194,0.000388,0.999419
AAACACCAATAACTGC-1,0.000139,0.000277,0.999584
AAACAGCTTTCAGAAG-1,0.039999,0.000128,0.959874
AAACAGGGTCTATATT-1,0.000093,0.000185,0.999722
AAACATGGTGAGAGGA-1,0.004348,0.008696,0.986956
AAACATTTCCCGGATT-1,0.000275,0.000549,0.999176
AAACCCGAACGAAATC-1,0.000086,0.000172,0.999742
AAACCGGAAATGTTAA-1,0.010896,0.000177,0.988927
AAACCGGGTAGGTACC-1,0.058714,0.00018,0.941106
AAACCGTTCGTCCAGG-1,0.00122,0.002439,0.996341
AAACCTAAGCAGCCGG-1,0.002703,0.005405,0.991891
AAACCTCATGAAGTTG-1,0.000091,0.000182,0.999727
AAACGAAGATGGAGTA-1,0.000087,0.000173,0.99974
AAACGAGACGGTTGAT-1,0.000135,0.00027,0.999596
AAACGGGCGTACGGGT-1,0.123253,0.003175,0.873572
AAACTCGGTTCGCAAT-1,0.000224,0.000448,0.999327
AAACTCGTGATATAAG-1,0.003449,0.006897,0.989654
AAACTGCTGGCTCCAA-1,0.000053,0.000107,0.99984
AAACTTAATTGCACGC-1,0.000909,0.001818,0.997272
AAACTTGCAAACGTAT-1,0.00011,0.000221,0.999669
AAAGAATGACCTTAGA-1,0.000535,0.00107,0.998396
AAAGACTGGGCGCTTT-1,0.019994,0.000227,0.979779
AAAGCTTGCCTACATA-1,0.002041,0.004082,0.993877
AAAGGGATGTAGCAAG-1,0.000241,0.000482,0.999277
AAAGGGCAGCTTGAAT-1,0.000157,0.000314,0.999528
AAAGTAGCATTGCTCA-1,0.000122,0.000245,0.999633
AAAGTCACTGATGTAA-1,0.00014,0.000279,0.999582
AAAGTCGACCCTCAGT-1,0.000093,0.000186,0.999721
AAAGTGCCATCAATTA-1,0.03502,0.000514,0.964466
AAAGTGTGATTTATCT-1,0.007144,0.014286,0.978571
AAAGTTGACTCCCGTA-1,0.002779,0.005556,0.991666
AAATAAGGTAGTGCCC-1,0.000093,0.000186,0.999721
AAATACCTATAAGCAT-1,0.000068,0.000136,0.999795
AAATAGCTTAGACTTT-1,0.057484,0.006452,0.936065
AAATAGGGTGCTATTG-1,0.015985,0.000185,0.98383
AAATCCGATACACGCC-1,0.000918,0.001835,0.997247
AAATCGCGGAAGGAGT-1,0.000166,0.000331,0.999503
AAATCGTGTACCACAA-1,0.054315,0.000213,0.945473
AAATCTAGCCCTGCTA-1,0.000147,0.000294,0.999559
AAATGATTCGATCAGC-1,0.102768,0.003704,0.893528
AAATGCTCGTTACGTT-1,0.099473,0.001418,0.899109
AAATGGCATGTCTTGT-1,0.001429,0.002857,0.995714
AAATGGCCCGTGCCCT-1,0.00008,0.00016,0.999761
AAATGGTCAATGTGCC-1,0.000685,0.00137,0.997945
AAATGTATCTTATCCC-1,0.000095,0.000189,0.999716
AAATTAACGGGTAGCT-1,0.000295,0.00059,0.999115
AAATTAATAAGCGCGA-1,0.000083,0.000166,0.999752
AAATTACCTATCGATG-1,0.000273,0.000545,0.999182
AAATTCCAGGTCCAAA-1,0.0001,0.000199,0.999701
AAATTGATAGTCCTTT-1,0.000424,0.000847,0.998729
AAATTTGCGGGTGTGG-1,0.000098,0.000195,0.999707
AACAACTGGTAGTTGC-1,0.000122,0.000245,0.999633
AACAATACATTGTCGA-1,0.074816,0.0003,0.924884
AACAATTACTCTACGC-1,0.01561,0.00028,0.98411
AACACACGCTCGCCGC-1,0.007828,0.00117,0.991002
AACACGACTGTACTGA-1,0.000328,0.000656,0.999016
AACACGAGACGCGGCC-1,0.000143,0.000287,0.99957
AACAGCTGTGTGGCAA-1,0.070774,0.000526,0.9287
AACAGGAAATCGAATA-1,0.005,0.01,0.985
AACAGGATGGGCCGCG-1,0.000111,0.000221,0.999668
AACAGGTAGTATGGAT-1,0.000234,0.000468,0.999297
AACATATCAACTGGTG-1,0.000403,0.000806,0.99879
AACCAAGACTTCTCTG-1,0.000138,0.000275,0.999587
AACCCAGAGACGGAGA-1,0.000073,0.000147,0.99978
AACCCATCCCATGATC-1,0.013634,0.000254,0.986112
AACCCGAGCAGAATCG-1,0.000166,0.000331,0.999503
AACCCTACTGTCAATA-1,0.003336,0.006667,0.989997
AACCGAGCTTGGTCAT-1,0.000273,0.000545,0.999182
AACCGCTAAGGGATGC-1,0.001282,0.002564,0.996153
AACCGTTGTGTTTGCT-1,0.003334,0.006667,0.99
AACCTCGCTTTAGCCC-1,0.00051,0.00102,0.998469
AACCTGTCACGGAATT-1,0.010186,0.000171,0.989643
AACCTTTAAATACGGT-1,0.000357,0.000714,0.998928
AACGAAAGTCGTCCCA-1,0.000123,0.000246,0.99963
AACGATAATGCCGTAG-1,0.000033,0.000067,0.9999
AACGATAGAAGGGCCG-1,0.110452,0.003846,0.885702
AACGATATGTCAACTG-1,0.000124,0.000249,0.999627
AACGCATGATCTGGGT-1,0.222113,0.000211,0.777676
AACGCGGTCTCCAGCC-1,0.012578,0.000427,0.986994
AACGCTGTTGCTGAAA-1,0.000276,0.000551,0.999173
AACGGACGTACGTATA-1,0.006251,0.0125,0.981249
AACGGCCATCTCCGGT-1,0.030681,0.00068,0.968639
AACGTACTGTGGGTAC-1,0.116256,0.000514,0.88323
AACGTCAGACTAGTGG-1,0.000113,0.000226,0.999661
AACGTGCGAAAGTCTC-1,0.000099,0.000197,0.999704
AACGTTATCAGCACCT-1,0.00022,0.00044,0.999341
AACTACCCGTTTGTCA-1,0.00042,0.00084,0.998739
AACTAGGCTTGGGTGT-1,0.000134,0.000268,0.999598
AACTCAAGTTAATTGC-1,0.010963,0.00036,0.988677
AACTCCAGAGCGTGTT-1,0.001588,0.003175,0.995237
AACTCTCAATAGAGCG-1,0.002174,0.004348,0.993478
AACTCTCAGTGTGCTC-1,0.000424,0.000847,0.998729
AACTGAGTTATACTGA-1,0.000092,0.000184,0.999724
AACTGATATTAGGCCT-1,0.004168,0.008334,0.987498
AACTGGGTCCCGACGT-1,0.000453,0.000905,0.998642
AACTTCTGCGTCTATC-1,0.000841,0.001681,0.997479
AACTTGCCCGTATGCA-1,0.00014,0.000281,0.999579
AACTTTACGGGAGCTT-1,0.032716,0.000174,0.96711
AACTTTCTCGATCATG-1,0.006668,0.013334,0.979998
AAGAAATCACCAGATT-1,0.002274,0.004546,0.993181
AAGACCAAATAACTCA-1,0.000244,0.000488,0.999268
AAGAGATGAATCGGTA-1,0.302312,0.00014,0.697548
AAGAGCTCTTTATCGG-1,0.000288,0.000576,0.999135
AAGAGGATGTACGCGA-1,0.088728,0.000286,0.910985
AAGAGGCATGGATCGC-1,0.000179,0.000357,0.999464
AAGAGGCCCTTTGGAA-1,0.000155,0.00031,0.999536
AAGATGGCACCGGACC-1,0.029036,0.000328,0.970636
AAGATTGGCGGAACGT-1,0.000474,0.000948,0.998578
AAGCACCCTGCGTATC-1,0.000099,0.000197,0.999704
AAGCATACTCTCCTGA-1,0.000189,0.000379,0.999432
AAGCCGAAGCGGTTTA-1,0.000271,0.000542,0.999187
AAGCCGCTTTACCTTG-1,0.007694,0.015385,0.976922
AAGCCGGAGAGCAGGA-1,0.026722,0.000119,0.973159
AAGCGCAGGGCTTTGA-1,0.00007,0.000141,0.999789
AAGCGTCCCTCATCGA-1,0.027901,0.000588,0.971511
AAGCTAGATCGAGTAA-1,0.000036,0.000072,0.999893
AAGCTCGTGCCAAGTC-1,0.000099,0.000197,0.999704
AAGCTCTTTCATGGTG-1,0.000415,0.00083,0.998755
AAGGAGCGGTTGGTGC-1,0.01282,0.000676,0.986505
AAGGATCGATCGCTTG-1,0.003449,0.006897,0.989654
AAGGATGAGGGACCTC-1,0.000311,0.000621,0.999068
AAGGCAGGCTGTCTCC-1,0.099117,0.00021,0.900674
AAGGCGCGTAAAGCTT-1,0.000095,0.00019,0.999715
AAGGCTGTGCTCATCG-1,0.000257,0.000514,0.999229
AAGGGAACGACTGGCT-1,0.003704,0.007408,0.988888
AAGGGACAGATTCTGT-1,0.000172,0.000343,0.999485
AAGGGACTATGCATTC-1,0.003705,0.007407,0.988888
AAGGGTTTGATTTCAG-1,0.000199,0.000398,0.999404
AAGGTATCCTAATATA-1,0.000266,0.000532,0.999202
AAGGTGATAAACCAGC-1,0.016757,0.001064,0.982179
AAGTAGAAGACCGGGT-1,0.001539,0.003077,0.995384
AAGTAGTGACGCGAGG-1,0.010714,0.00035,0.988936
AAGTCAATTGTCGTCA-1,0.007144,0.014286,0.978571
AAGTCTAGTAGCTGCC-1,0.002223,0.004445,0.993333
AAGTCTTCTGTGGCCT-1,0.000147,0.000294,0.999559
AAGTGACGACCGAATT-1,0.201394,0.00016,0.798446
AAGTGCAAAGGTAGAC-1,0.000115,0.000229,0.999656
AAGTGCCTTGACTGTA-1,0.003847,0.007692,0.988461
AAGTGCGTTAGAATCT-1,0.036678,0.000177,0.963145
AAGTGTTTGGAGACGG-1,0.000207,0.000414,0.999379
AAGTTCACTCCAAGCT-1,0.003031,0.006061,0.990908
AAGTTCAGTCTGCGTA-1,0.036866,0.001212,0.961922
AAGTTCGGCCAACAGG-1,0.00011,0.00022,0.999671
AAGTTGTGATGTTATA-1,0.035135,0.00042,0.964444
AAGTTTATGGGCCCAA-1,0.027649,0.000485,0.971866
AATAACAACGCTCGGC-1,0.001731,0.000202,0.998067
AATAACACTAGAACAA-1,0.000215,0.00043,0.999355
AATAATCTTCGTATCG-1,0.116914,0.000206,0.88288
AATACAATGTTTCAGG-1,0.000101,0.000202,0.999697
AATAGAACAGAGTGGC-1,0.016121,0.000281,0.983598
AATAGAATCTGTTTCA-1,0.00024,0.000481,0.999279
AATAGCTACCGCGTGC-1,0.061645,0.001105,0.93725
AATAGTCGCGAGTCGG-1,0.000085,0.00017,0.999745
AATATCCTAGCAAACT-1,0.000115,0.00023,0.999656
AATATCGAATCAATGC-1,0.000565,0.00113,0.998305
AATATCGAGGGTTCTC-1,0.001205,0.00241,0.996385
AATATTGGAGTATTGA-1,0.000132,0.000265,0.999603
AATCATGTAAAGACTC-1,0.000166,0.000331,0.999503
AATCCAAGGGCCTGAG-1,0.000526,0.001053,0.998421
AATCGCCTCAGCGCCA-1,0.000136,0.000272,0.999591
AATCGCGCAGAGGACT-1,0.063569,0.000228,0.936203
AATCGGGACACTACGA-1,0.000212,0.000424,0.999364
AATCGTGAGCCGAGCA-1,0.000472,0.000943,0.998585
AATCTAGGTTTACTTG-1,0.000167,0.000334,0.999499
AATCTATGCCGGAGCC-1,0.004001,0.008,0.987999
AATCTCTACTGTGGTT-1,0.118499,0.000145,0.881356
AATCTGCGTTGGGACG-1,0.028918,0.000631,0.970452
AATCTGGCTTTCTAGT-1,0.000184,0.000368,0.999447
AATGACAGCAATGTCT-1,0.00014,0.00028,0.99958
AATGACGTAGGATGTC-1,0.00004,0.00008,0.99988
AATGACTGTCAGCCGG-1,0.000565,0.00113,0.998305
AATGATGATACGCTAT-1,0.000422,0.000844,0.998734
AATGATGCGACTCCTG-1,0.022874,0.00087,0.976257
AATGCAACCGGGTACC-1,0.000228,0.000456,0.999317
AATGCACCAAGCAATG-1,0.000306,0.000612,0.999082
AATGGTCCACCGTTCA-1,0.000155,0.00031,0.999536
AATGGTTCTCACAAGC-1,0.050819,0.000231,0.94895
AATGTGCCCGAGGTGT-1,0.000476,0.000952,0.998571
AATGTTAAGACCCTGA-1,0.000439,0.000877,0.998684
AATTAAAGGTCGGCGT-1,0.050434,0.000435,0.949131
AATTAACGGATTTCCA-1,0.00065,0.001299,0.998052
AATTACGAGACCCATC-1,0.01589,0.00027,0.98384
AATTAGCGCTGCAGCG-1,0.000187,0.000374,0.999439
AATTCATAAGGGATCT-1,0.060354,0.003636,0.93601
AATTCATTGTCATGCA-1,0.016667,0.033336,0.949997
AATTCGATTCGAGGAT-1,0.000071,0.000142,0.999787
AATTCTAGAGTTAGGC-1,0.000199,0.000398,0.999402
AATTGAACGCTCTGGT-1,0.000061,0.000122,0.999817
AATTGCAGCAATCGAC-1,0.000137,0.000275,0.999588
AATTTGGTTCCAAAGA-1,0.000234,0.000467,0.999299
ACAAACCATGCGTCCT-1,0.000704,0.001408,0.997887
ACAAAGAAGGTAGGCC-1,0.013507,0.000142,0.986351
ACAAAGCATGACCTAG-1,0.000257,0.000513,0.999231
ACAAATCGCACCGAAT-1,0.055492,0.000254,0.944254
ACAAATGGTAGTGTTT-1,0.000516,0.001031,0.998453
ACAACAGCATGAGCTA-1,0.000063,0.000125,0.999812
ACAACGGTCCCTGCGA-1,0.000155,0.000309,0.999536
ACAAGCAGTGCCTAGC-1,0.023086,0.000311,0.976603
ACAAGCTATATGGAAG-1,0.000057,0.000115,0.999828
ACAAGGAAATCCGCCC-1,0.000091,0.000181,0.999728
ACAAGGACAAGAGGTT-1,0.000116,0.000232,0.999652
ACAAGGATGCTTTAGG-1,0.066513,0.011111,0.922376
ACAAGGGCAGGCTCTG-1,0.016277,0.000117,0.983606
ACAATAGTCGTACGTT-1,0.000143,0.000285,0.999572
ACAATCCATTTAAACC-1,0.000113,0.000225,0.999663
ACAATGAATACGGAGA-1,0.098517,0.001786,0.899697
ACAATTGTGTCTCTTT-1,0.00345,0.006897,0.989654
ACAATTTAGGAGGCTC-1,0.15629,0.000147,0.843562
ACAATTTGAGCAGTGG-1,0.000617,0.001235,0.998148
ACAATTTGGCCATATT-1,0.016691,0.000174,0.983135
ACACAAAGACGGGTGG-1,0.000685,0.00137,0.997945
ACACACCAGGACCAGT-1,0.000441,0.000881,0.998678
ACACACTTTCTACACG-1,0.004764,0.009524,0.985712
ACACATGATCAAATCT-1,0.000072,0.000144,0.999784
ACACCACATAATTAGC-1,0.000158,0.000315,0.999528
ACACCCAGCATGCAGC-1,0.002273,0.004546,0.993181
ACACCCGAGAAATCCG-1,0.08467,0.000333,0.914997
ACACCTTAAGTAGGGC-1,0.000181,0.000361,0.999458
ACACCTTACTACTTGC-1,0.002041,0.004082,0.993877
ACACGAGACTCCTTCT-1,0.000062,0.000124,0.999814
ACACGTAGGCCACAAG-1,0.081258,0.000315,0.918427
ACACTGATCAAGGTGT-1,0.013381,0.000306,0.986313
ACACTGGGACAGTCGT-1,0.015338,0.000398,0.984264
ACAGAACTGAGAACAA-1,0.000102,0.000205,0.999693
ACAGCATAGAGCCAGT-1,0.064499,0.005128,0.930373
ACAGCGACATTCTCAT-1,0.181528,0.000184,0.818288
ACAGGCACGGATCCTT-1,0.000394,0.000787,0.998819
ACAGGCTTGCCCGACT-1,0.036104,0.001183,0.962713
ACAGGTGGAGGTGAGG-1,0.054136,0.003175,0.942689
ACAGGTGTGTTGTTGC-1,0.066061,0.000199,0.93374
ACAGTAATACAACTTG-1,0.000155,0.00031,0.999536
ACAGTATACCGTGGGA-1,0.007144,0.014286,0.97857
ACATAAGTCGTGGTGA-1,0.000128,0.000256,0.999615
ACATAATAAGGCGGTG-1,0.02746,0.000885,0.971655
ACATCAGCTGGGACGC-1,0.037898,0.000141,0.961961
ACATCCTGGTAACTGT-1,0.070717,0.002985,0.926298
ACATCGATCGTTTACC-1,0.000226,0.000451,0.999323
ACATCGGTCAGCCGCG-1,0.000208,0.000416,0.999376
ACATCGTATGCAATGG-1,0.013615,0.00022,0.986165
ACATGGCGCCAAAGTA-1,0.007693,0.015385,0.976922
ACATTAGTTTATATCC-1,0.021561,0.000283,0.978156
ACCAACACCACACACT-1,0.091147,0.004545,0.904308
ACCAACCGCACTCCAC-1,0.001266,0.002532,0.996202
ACCAACGCTTATTTAT-1,0.000134,0.000268,0.999598
ACCAAGAACGCGTGTC-1,0.001819,0.003637,0.994544
ACCAATATGCAAGTTA-1,0.000132,0.000264,0.999605
ACCACAAGTTTCTATC-1,0.001316,0.002632,0.996052
ACCACACGGTTGATGG-1,0.000119,0.000237,0.999644
ACCACCAATGTAACAA-1,0.002858,0.005715,0.991427
ACCACCCTCTCTTCTA-1,0.005557,0.011111,0.983332
ACCACGTGCAGCTATA-1,0.02831,0.000559,0.971131
ACCAGACCATAACAAC-1,0.000065,0.000131,0.999804
ACCAGTGCGGGAGACG-1,0.000775,0.00155,0.997674
ACCATATCCGCAATAA-1,0.000214,0.000428,0.999358
ACCATCCGCCAACTAG-1,0.000105,0.000211,0.999684
ACCATCGTATATGGTA-1,0.000287,0.000575,0.999138
ACCCAACGCCCGTGGC-1,0.000383,0.000766,0.99885
ACCCACCTACATGCTC-1,0.000161,0.000321,0.999518
ACCCATCTTGAGGGTA-1,0.035154,0.000251,0.964595
ACCCATTTGTCCCTCT-1,0.015016,0.000353,0.984631
ACCCGAGCGAAATTAC-1,0.191116,0.005715,0.80317
ACCCGGAAACTCCCAG-1,0.000184,0.000368,0.999448
ACCCGGAGCACCACAA-1,0.120203,0.000147,0.87965
ACCCGGATGACGCATC-1,0.003126,0.00625,0.990624
ACCCGGTTACACTTCC-1,0.000143,0.000286,0.999571
ACCCTATGCCATATCG-1,0.000187,0.000375,0.999438
ACCCTCCCGTCAGGGC-1,0.000132,0.000265,0.999603
ACCCTCCCTTGCTATT-1,0.000114,0.000229,0.999657
ACCCTGGTAACGCCCT-1,0.001724,0.003448,0.994827
ACCCTTCATCTGCGAA-1,0.005883,0.011765,0.982352
ACCGAAAGGGCCCTGC-1,0.000355,0.000709,0.998936
ACCGAAGAGTCTGGTT-1,0.018644,0.000241,0.981115
ACCGACACATCTCCCA-1,0.000926,0.001852,0.997222
ACCGACTGAGTCCCAC-1,0.076848,0.000451,0.9227
ACCGAGTCTCCTTATT-1,0.048218,0.000749,0.951033
ACCGATAGGCATAACC-1,0.000086,0.000171,0.999743
ACCGATATTTAATCAT-1,0.000147,0.000294,0.999559
ACCGATGGTAGCATCG-1,0.015828,0.000294,0.983878
ACCGCAATAACTGCCT-1,0.010463,0.000166,0.989371
ACCGCGGTGGAAGTCG-1,0.00087,0.001739,0.997391
ACCGGGCCTTTGTTGA-1,0.005557,0.011111,0.983332
ACCGGTCAGGTACACC-1,0.000164,0.000327,0.999509
ACCGTCCACTGGGCCC-1,0.263529,0.004762,0.731709
ACCGTGACCACGTGGG-1,0.126668,0.000211,0.873121
ACCTAAGTACCTTTCA-1,0.02994,0.000361,0.969699
ACCTAATCGACTTCCT-1,0.00017,0.00034,0.99949
ACCTACAGTATGTGGT-1,0.00014,0.00028,0.99958
ACCTCCGCCCTCGCTG-1,0.00023,0.000461,0.999309
ACCTCCGTTATTCACC-1,0.000625,0.00125,0.998125
ACCTGCGTGTCATGTT-1,0.011883,0.000216,0.9879
ACGAAATGGGCGGCAC-1,0.000135,0.00027,0.999595
ACGACCCATGAGTTGC-1,0.000104,0.000208,0.999688
ACGACTCTAGGGCCGA-1,0.000376,0.000752,0.998872
ACGACTGGTCATACTC-1,0.000588,0.001177,0.998235
ACGAGGATACCACTCT-1,0.000117,0.000235,0.999648
ACGAGGTTTACAACGT-1,0.022481,0.000325,0.977194
ACGAGTACGGATGCCC-1,0.00122,0.002439,0.996341
ACGATACATAGAACTA-1,0.001667,0.003333,0.995
ACGATACCTATCCTGA-1,0.000086,0.000173,0.999741
ACGATCATACATAGAG-1,0.045511,0.000398,0.954091
ACGATCATCTTGTAAA-1,0.005002,0.01,0.984998
ACGATGCATATGTTAT-1,0.000165,0.000329,0.999507
ACGATGGATCCGATGC-1,0.000503,0.001005,0.998492
ACGCAATCACTACAGC-1,0.188393,0.006897,0.80471
ACGCATACGTTTACTA-1,0.000238,0.000475,0.999287
ACGCATTCGTGAGTAC-1,0.000241,0.000482,0.999277
ACGCCACTCGAAACAG-1,0.000455,0.000909,0.998636
ACGCCGCTAGACGACC-1,0.008508,0.00013,0.991362
ACGCGAAGTCAGACGA-1,0.000121,0.000243,0.999636
ACGCGCTACACAGGGT-1,0.026137,0.000285,0.973578
ACGCGGGCCAAGGACA-1,0.020862,0.000146,0.978992
ACGCGTTTCTTAAGAG-1,0.000067,0.000133,0.999801
ACGCTAGTGATACACT-1,0.003126,0.00625,0.990624
ACGCTGTGAGGCGTAG-1,0.000187,0.000373,0.99944
ACGGACTCTCAAAGCG-1,0.054494,0.000094,0.945412
ACGGAGCGCAAATTAC-1,0.077349,0.000939,0.921712
ACGGATGGTGCGGATA-1,0.000135,0.000271,0.999594
ACGGCACTTGCTTGGG-1,0.000192,0.000384,0.999424
ACGGCGACGATGGGAA-1,0.000172,0.000344,0.999484
ACGGCTGGATGTAGAA-1,0.000147,0.000294,0.999559
ACGGGAGTGTCGGCCC-1,0.000085,0.000169,0.999746
ACGGGCGTATGCGACA-1,0.035523,0.002817,0.96166
ACGTACAGATTTCTCT-1,0.000311,0.000621,0.999068
ACGTAGATTGCTGATG-1,0.000193,0.000387,0.99942
ACGTAGGAGAGTCGCT-1,0.000063,0.000126,0.999811
ACGTATTACTCCGATC-1,0.01667,0.033333,0.949996
ACGTCTCGTTCCGGGA-1,0.00014,0.000281,0.999579
ACGTGACAAAGTAAGT-1,0.010878,0.000165,0.988956
ACGTGCGCCTCGTGCA-1,0.002273,0.004546,0.993181
ACGTTAATGTCGAAGA-1,0.018934,0.000334,0.980732
ACGTTAGATTTGCCCG-1,0.000235,0.00047,0.999296
ACGTTATTGGTCACTC-1,0.03843,0.001342,0.960228
ACGTTCGCAATCAATT-1,0.062054,0.000207,0.937738
ACGTTCGTTCAGGAAA-1,0.000339,0.000678,0.998983
ACGTTCTGTACAAGTC-1,0.003449,0.006897,0.989654
ACGTTTAGTTGTGATC-1,0.003334,0.006667,0.989999
ACTACATCCCGACAAG-1,0.004001,0.008001,0.987997
ACTACCAGCTCTCTGG-1,0.000153,0.000306,0.999541
ACTAGTTGCGATCGTC-1,0.037857,0.000722,0.961421
ACTATCCAGGGCATGG-1,0.00099,0.00198,0.997029
ACTATCTGCCCGCGTA-1,0.000154,0.000309,0.999537
ACTATGTCCAGCTGCC-1,0.001191,0.002381,0.996428
ACTATTTCCGGGCCCA-1,0.000195,0.00039,0.999415
ACTCAAGTGCAAGGCT-1,0.001471,0.002941,0.995588
ACTCAATAAAGGCACG-1,0.000234,0.000468,0.999297
ACTCCAATATCATCAT-1,0.001696,0.00339,0.994915
ACTCCCATTCCTAAAG-1,0.000091,0.000181,0.999728
ACTCCCGAATTCGTTT-1,0.001111,0.002222,0.996666
ACTCCCGTAGACTAGG-1,0.005556,0.011111,0.983332
ACTCCCTAATGCTAAA-1,0.000524,0.001047,0.998429
ACTCCCTAGAATAGTA-1,0.000154,0.000307,0.999539
ACTCCGGCCGACCACT-1,0.001021,0.002041,0.996939
ACTCGCGATCTGACGC-1,0.000277,0.000554,0.999169
ACTCGTAACCCGTCCT-1,0.000129,0.000258,0.999613
ACTCGTCAGTAATCCC-1,0.098473,0.000256,0.901271
ACTCTAAACCTGGGAT-1,0.000037,0.000074,0.99989
ACTCTCTGACTTAGGT-1,0.018564,0.000299,0.981137
ACTCTGACCTAATAGA-1,0.013469,0.000455,0.986076
ACTCTTCAGCTCCCGC-1,0.000126,0.000251,0.999623
ACTGAAACGCCGTTAG-1,0.029974,0.00099,0.969036
ACTGAATGGCGAAAGT-1,0.000096,0.000192,0.999712
ACTGCCGTCGTAACTC-1,0.002779,0.005556,0.991666
ACTGCGGACACACCGT-1,0.000144,0.000289,0.999567
ACTGCTCGGAAGGATG-1,0.000143,0.000286,0.999571
ACTGTACGATACACAT-1,0.000293,0.000587,0.99912
ACTGTAGCACTTTGGA-1,0.000131,0.000262,0.999606
ACTGTCCAGGATTATA-1,0.018369,0.000563,0.981067
ACTGTCTTCTTTAGAA-1,0.000095,0.00019,0.999715
ACTTACGCATCCACGC-1,0.000193,0.000387,0.99942
ACTTATACTTACCCGG-1,0.000148,0.000295,0.999557
ACTTATTAGGATCGGT-1,0.000144,0.000288,0.999568
ACTTATTTATGTGCCA-1,0.076833,0.007407,0.915759
ACTTCAGGCTGATCCC-1,0.031389,0.000225,0.968386
ACTTCCAGTGGAAGCT-1,0.009116,0.000334,0.990549
ACTTCCATGCGGGACA-1,0.004546,0.009091,0.986363
ACTTCGCCATACGCAC-1,0.000168,0.000336,0.999497
ACTTCGCTAGCGAGTG-1,0.000309,0.000617,0.999074
ACTTGACTCCCTCTTT-1,0.000054,0.000107,0.999839
ACTTGGGACCCGGTGG-1,0.000286,0.000571,0.999143
ACTTGTAGTCCCTTCA-1,0.076897,0.000283,0.92282
ACTTGTGGATGGAACG-1,0.031567,0.000461,0.967972
ACTTTACCCTCATGAA-1,0.007695,0.015385,0.97692
ACTTTCCTATAGCTTC-1,0.000099,0.000197,0.999704
ACTTTGACTGCATCCT-1,0.013249,0.000394,0.986357
ACTTTGGTCGTGCTCC-1,0.021799,0.00042,0.977781
ACTTTGTCGACGCACT-1,0.000153,0.000306,0.999541
AGAAATTATGACTCGC-1,0.022447,0.000196,0.977357
AGAACCCAGCGTGACA-1,0.000112,0.000224,0.999664
AGAACCCTCAATTGGG-1,0.063015,0.000305,0.93668
AGAAGAGCGCCGTTCC-1,0.025001,0.05,0.924999
AGAAGGTACACTTCAC-1,0.000122,0.000244,0.999634
AGAAGGTTGCCGAATT-1,0.000327,0.000654,0.999019
AGAAGGTTGTAGGTCG-1,0.065052,0.0016,0.933348
AGAAGTGATTCGTGAT-1,0.009985,0.000422,0.989593
AGAATAAATCTTCAGG-1,0.080201,0.000124,0.919675
AGAATTATGGATTCGA-1,0.00073,0.00146,0.99781
AGAATTGTTTGACATA-1,0.000617,0.001235,0.998148
AGACAGCTCAGAATCC-1,0.114249,0.000236,0.885515
AGACAGGCATCTCAGC-1,0.000111,0.000222,0.999667
AGACCAAACCACACCT-1,0.000132,0.000263,0.999605
AGACCATGGGATACAA-1,0.018028,0.000257,0.981715
AGACCCACCGCTGATC-1,0.000132,0.000263,0.999605
AGACCCGCCCTCCTCG-1,0.000331,0.000662,0.999007
AGACCGCTCCGCGGTT-1,0.000231,0.000462,0.999307
AGACCGGGAAACCCTG-1,0.000066,0.000131,0.999803
AGACGAAGTGCCGGTC-1,0.006668,0.013334,0.979998
AGACGACGATGCCGCT-1,0.000318,0.000635,0.999048
AGACGCCCACTTCGCC-1,0.000129,0.000258,0.999612
AGACTAGCCTTCCAGA-1,0.000283,0.000565,0.999152
AGACTGTTACCGGGTC-1,0.022201,0.000593,0.977206
AGAGAACCGTCTAGGA-1,0.000237,0.000474,0.999289
AGAGAAGGAGTACAAT-1,0.000157,0.000313,0.99953
AGAGATCTCTAAAGCG-1,0.034564,0.000165,0.965271
AGAGCAGTTATGAGAC-1,0.000115,0.000231,0.999654
AGAGCCGCCGAGATTT-1,0.000267,0.000533,0.9992
AGAGCGCTTGTAACGG-1,0.061828,0.003448,0.934724
AGAGCGGGCTAATCAT-1,0.002501,0.005001,0.992499
AGAGCGTACAAGCTCG-1,0.000099,0.000198,0.999702
AGAGGCTTCGGAAACC-1,0.019498,0.000256,0.980247
AGAGTAAACTTCACTA-1,0.085339,0.00056,0.914101
AGAGTATAGTGTTACG-1,0.007145,0.014286,0.978569
AGATAACTTCAGGGCC-1,0.00008,0.00016,0.99976
AGATACCAATAGAACC-1,0.000106,0.000212,0.999682
AGATACCGGTGTTCAC-1,0.000163,0.000327,0.99951
AGATACGACTTCATAT-1,0.019563,0.000371,0.980066
AGATACTCAAGATCGA-1,0.011559,0.000207,0.988234
AGATATAATACGACTA-1,0.018358,0.000131,0.981512
AGATCGTGCATAAGAT-1,0.00034,0.00068,0.998979
AGATCTCAGGTGTGAT-1,0.00015,0.000301,0.999549
AGATGACTCGCCCACG-1,0.003847,0.007692,0.98846
AGATGATGGAGTCTGG-1,0.005884,0.011765,0.982352
AGATGCAAGACGTGCA-1,0.000172,0.000344,0.999484
AGATGCATCCTGTGTC-1,0.000105,0.00021,0.999685
AGATTATAGGACGTTT-1,0.000193,0.000385,0.999422
AGATTCACAACCGATA-1,0.021646,0.000176,0.978178
AGCAAAGGCCGCTAGT-1,0.000112,0.000225,0.999663
AGCAACATATCTTATT-1,0.203556,0.001439,0.795005
AGCAACCGAAAGTAAT-1,0.065791,0.000141,0.934068
AGCACCAGTACTCACG-1,0.000827,0.609826,0.389348
AGCACTACCGGCCTGT-1,0.000212,0.000425,0.999363
AGCACTACCTCACCAG-1,0.000159,0.000318,0.999522
AGCACTTAAGGACGCC-1,0.00013,0.000259,0.999611
AGCAGTCGAAGCATGC-1,0.048622,0.000917,0.95046
AGCATATCAATATGCT-1,0.010003,0.02,0.969997
AGCATCATTTCGAAAG-1,0.000118,0.000235,0.999647
AGCATCGTCGATAATT-1,0.001614,0.003226,0.99516
AGCATTACGAGGCAAG-1,0.000073,0.000146,0.999781
AGCCACAGGTTACCCG-1,0.003704,0.007407,0.988889
AGCCACTCCCGTGCTT-1,0.033138,0.000685,0.966177
AGCCCATACATGTAAG-1,0.000137,0.000273,0.99959
AGCCCGGCATTAGAGG-1,0.00068,0.001361,0.997959
AGCCCTAAGCGAAGTT-1,0.185714,0.003448,0.810838
AGCCCTGTCGCACCGT-1,0.000191,0.000382,0.999427
AGCCCTTGGACATCCC-1,0.000148,0.000295,0.999557
AGCCGCAAATTCAAAT-1,0.00009,0.00018,0.99973
AGCCGTGGCTAAATGT-1,0.022176,0.000205,0.977619
AGCCTAATACCCACGT-1,0.000151,0.000301,0.999548
AGCCTTAAAGCGGAAG-1,0.000067,0.000133,0.9998
AGCGACAGGAACGGTC-1,0.000781,0.001563,0.997656
AGCGACATCCCATTCA-1,0.003125,0.00625,0.990624
AGCGACCAACGATATT-1,0.000547,0.001093,0.99836
AGCGATGCGCCTAATA-1,0.000118,0.000236,0.999647
AGCGCGGGTGCCAATG-1,0.008279,0.000489,0.991232
AGCGCTAGAGCGATGT-1,0.018655,0.000291,0.981053
AGCGGACACTTCGTAG-1,0.422101,0.000784,0.577115
AGCGGCGGTTAGCGGT-1,0.042182,0.000185,0.957632
AGCGGTTGCCGCTCTG-1,0.001266,0.002532,0.996202
AGCGTGGTATTCTACT-1,0.00007,0.00014,0.99979
AGCTAACAAGCAATGT-1,0.000085,0.00017,0.999746
AGCTAAGTACGCAGGC-1,0.004349,0.008696,0.986955
AGCTAGAAGCAGAAGT-1,0.083228,0.000633,0.916139
AGCTCCATATATGTTC-1,0.000212,0.000425,0.999363
AGCTCCTTCGCACATC-1,0.056052,0.001724,0.942223
AGCTCTAGACGTTCCA-1,0.000156,0.000311,0.999533
AGCTCTTCGTAACCTT-1,0.005264,0.010527,0.984209
AGCTCTTTACTCAGTT-1,0.053221,0.000833,0.945945
AGCTGAAGTAAACCAA-1,0.000162,0.000324,0.999515
AGCTGTAACCTCAATC-1,0.014465,0.000621,0.984913
AGCTTCTTCTCGAGCA-1,0.000055,0.00011,0.999836
AGCTTGATCTTAACTT-1,0.020943,0.000182,0.978875
AGGAACGAACGACTTC-1,0.000391,0.000781,0.998828
AGGAAGCTGTCCGCCG-1,0.000297,0.000593,0.99911
AGGACAGTCGAATCCC-1,0.000205,0.00041,0.999385
AGGACATCGCACGTCG-1,0.017665,0.000181,0.982154
AGGACGACCCATTAGA-1,0.000435,0.00087,0.998696
AGGAGACATCCACAGT-1,0.002501,0.005,0.992499
AGGAGAGTCTGGCTAC-1,0.004764,0.009524,0.985712
AGGAGGCCTTCGCGCG-1,0.004001,0.008001,0.987998
AGGATAAAGTCGGGAT-1,0.000048,0.000096,0.999855
AGGATATAGGGATTTA-1,0.007696,0.015385,0.976919
AGGATATCCGACTGCA-1,0.000317,0.000633,0.999051
AGGATCACGCGATCTG-1,0.025841,0.000281,0.973878
AGGATTGCTTACGACA-1,0.003705,0.007407,0.988888
AGGCACGTGACTGTCC-1,0.044785,0.000355,0.95486
AGGCAGATGCGTAAAC-1,0.000559,0.001117,0.998324
AGGCATTGTCGTAGGG-1,0.000312,0.000623,0.999065
AGGCCACATTGGTTAC-1,0.07321,0.000299,0.926491
AGGCCACCCGTTATGA-1,0.000124,0.000249,0.999627
AGGCCCATTGTACAGG-1,0.002223,0.004445,0.993333
AGGCCCTAGAACGCCA-1,0.000084,0.000169,0.999747
AGGCCTGAGAATCTCG-1,0.005883,0.011765,0.982352
AGGCGATAACTGGCGT-1,0.000097,0.000194,0.99971
AGGCGGTTTGTCCCGC-1,0.000175,0.00035,0.999475
AGGCTATGGTTAGCTT-1,0.000148,0.000295,0.999557
AGGCTTCCCGAAGAAG-1,0.000429,0.000858,0.998712
AGGCTTGCTAGACACC-1,0.000138,0.000277,0.999585
AGGGACCGGCTGCGTT-1,0.004001,0.008,0.987999
AGGGAGACATACTTCG-1,0.00069,0.001379,0.997931
AGGGCGAGCAGCTGAT-1,0.000114,0.000228,0.999658
AGGGCGTGATCGGCTA-1,0.001725,0.003448,0.994827
AGGGCTGCAGTTACAG-1,0.098675,0.000297,0.901028
AGGGTCGATGCGAACT-1,0.000535,0.00107,0.998396
AGGGTGCTCTCGAGGG-1,0.000175,0.00035,0.999475
AGGGTGGATAGTGCAT-1,0.000121,0.000243,0.999636
AGGGTTCCCTTTGGTT-1,0.000303,0.000606,0.999091
AGGGTTTAGTTCGGGA-1,0.019452,0.000219,0.980329
AGGTAACCTCCTATTC-1,0.000595,0.001191,0.998214
AGGTAGATCGAGATAT-1,0.019373,0.000549,0.980078
AGGTAGGTACAAAGCT-1,0.000113,0.000226,0.999661
AGGTATAATTGATAGT-1,0.003126,0.00625,0.990624
AGGTATGCGGACATTA-1,0.048506,0.00019,0.951304
AGGTCAGGTGAGAGTG-1,0.000125,0.00025,0.999625
AGGTCGCCTCCCAACA-1,0.000093,0.000186,0.999721
AGGTCGCGGAGTTACT-1,0.10918,0.016667,0.874153
AGGTGTATCGCCATGA-1,0.000159,0.000317,0.999524
AGGTTACACCATGCCG-1,0.023066,0.000217,0.976717
AGGTTTCACACACCTT-1,0.044355,0.000185,0.95546
AGTAATGTCTTGCCGC-1,0.003226,0.006452,0.990322
AGTACAGAAGCTTATA-1,0.071789,0.000082,0.92813
AGTACATCATTTATCA-1,0.003449,0.006897,0.989654
AGTACGGCCCGTATCG-1,0.016636,0.000173,0.983191
AGTACGGGCACCTGGC-1,0.000426,0.000851,0.998723
AGTACTCTTATGCCCA-1,0.000568,0.001136,0.998295
AGTAGGTAACATACAT-1,0.032139,0.002564,0.965297
AGTATAATACTAGGCA-1,0.000165,0.000329,0.999506
AGTATGCTGGAGACCA-1,0.000276,0.000553,0.999171
AGTCAACACCACCATC-1,0.147243,0.000217,0.85254
AGTCAAGATGACACTT-1,0.001472,0.002941,0.995587
AGTCACTAGCTCTCGA-1,0.000142,0.000283,0.999575
AGTCAGCCACCGCCTG-1,0.045429,0.001681,0.95289
AGTCCATTGGCTGATG-1,0.004764,0.009524,0.985712
AGTCCCTCGCAGAAAG-1,0.002175,0.004348,0.993478
AGTCGACGGTCTCAAG-1,0.041479,0.00198,0.956541
AGTCGGCCCAAACGAC-1,0.000107,0.000215,0.999678
AGTCGGCTCAACTTTA-1,0.032113,0.000229,0.967659
AGTCGGTTGCGTGAGA-1,0.00014,0.000281,0.999579
AGTCGTATAAAGCAGA-1,0.001053,0.002105,0.996842
AGTCGTCGACCACCAA-1,0.003573,0.007143,0.989284
AGTCGTGGGCATTACG-1,0.000135,0.000271,0.999594
AGTCTAAAGTATACTC-1,0.015807,0.003226,0.980967
AGTCTCACAAGACTAC-1,0.000211,0.000423,0.999366
AGTCTGGACATCCTTG-1,0.018205,0.001342,0.980452
AGTCTTCTCCTCAAAT-1,0.02433,0.001026,0.974644
AGTCTTTAAAGTGTCC-1,0.000092,0.000185,0.999723
AGTGAACAAACTTCTC-1,0.002858,0.005714,0.991427
AGTGAAGATGGTGTCC-1,0.0025,0.005,0.992499
AGTGACCTACTTTACG-1,0.000493,0.000985,0.998522
AGTGAGACTTCCAGTA-1,0.000179,0.000358,0.999462
AGTGAGCCTCGCCGCC-1,0.004546,0.009091,0.986363
AGTGATAACCTGCGCG-1,0.034295,0.003226,0.962479
AGTGATATGAGTAGTT-1,0.022653,0.000356,0.976991
AGTGATTCAAGCAGGA-1,0.000132,0.000264,0.999605
AGTGCACGCTTAAGAA-1,0.000291,0.000581,0.999128
AGTGCGTAGCTCGTAA-1,0.013706,0.000504,0.98579
AGTGCTAAACACAGCA-1,0.152834,0.000641,0.846525
AGTGCTTGCACGAATA-1,0.00115,0.002299,0.996551
AGTGGCGGCAATTTGA-1,0.068095,0.000881,0.931024
AGTGGCGTCTGAAGGT-1,0.004763,0.009524,0.985713
AGTGGCTCCGTCGGCC-1,0.000158,0.000315,0.999528
AGTGGTGTTACCCGTG-1,0.000185,0.00037,0.999445
AGTGGTTGCGTATAGG-1,0.032563,0.000191,0.967246
AGTGTGGTCTATTGTG-1,0.000165,0.00033,0.999506
AGTTAAACACTTGCGA-1,0.000101,0.000202,0.999696
AGTTAAGTCAACCGCT-1,0.000157,0.000313,0.99953
AGTTACCCTTAAGACT-1,0.000097,0.000193,0.99971
AGTTACCGCACATGGT-1,0.030304,0.000189,0.969507
AGTTCCTACAGAATTA-1,0.10313,0.001869,0.895
AGTTCCTATTTATGTT-1,0.033203,0.000295,0.966502
AGTTTATGTAAAGACA-1,0.002381,0.004762,0.992857
AGTTTCGCAGGTCGGA-1,0.005885,0.011765,0.982351
AGTTTGCACCTGCCTC-1,0.000088,0.000177,0.999735
AGTTTGGCACGGGTTG-1,0.001316,0.002632,0.996052
AGTTTGGCCAGACCTA-1,0.00013,0.00026,0.99961
ATAAACGGACCCGTAA-1,0.073086,0.000171,0.926744
ATAAACGTTGCACCAC-1,0.043806,0.000184,0.95601
ATAAAGGCTCGGTCGT-1,0.01024,0.00066,0.9891
ATAAATATTAGCAGCT-1,0.023635,0.000151,0.976214
ATAACGCCGGAGGGTC-1,0.000191,0.000381,0.999429
ATAACGGAGTCCAACG-1,0.028786,0.000147,0.971067
ATAAGGTGGAGAACAT-1,0.022577,0.000126,0.977297
ATAAGTAGGATTCAGA-1,0.002565,0.005128,0.992307
ATAAGTAGGGCGACTC-1,0.007693,0.015385,0.976922
ATAAGTTACCGCGACG-1,0.000101,0.000202,0.999697
ATAATAGCTGTTGAAT-1,0.007804,0.000256,0.99194
ATAATAGTGTAGGGAC-1,0.000092,0.000184,0.999724
ATAATCTTGGAGAACC-1,0.000361,0.000722,0.998917
ATAATTAGCTAAGTAG-1,0.000568,0.001136,0.998295
ATACAGGCCCTCCAAT-1,0.000074,0.000149,0.999777
ATACCACGGGCAACTT-1,0.000115,0.00023,0.999655
ATACCAGGCTAATAGA-1,0.000204,0.000408,0.999388
ATACCTAACCAAGAAA-1,0.000142,0.000285,0.999573
ATACGAAGGCTTTCCA-1,0.000151,0.000303,0.999546
ATACGCCGGCGAAACC-1,0.000071,0.000143,0.999786
ATACGGAACGTCGTTT-1,0.000147,0.000295,0.999558
ATACGGGTTTCGATTG-1,0.000662,0.001325,0.998013
ATACGGTGAAGATGCA-1,0.009986,0.000182,0.989832
ATACGTACTTAGCCAC-1,0.000157,0.000314,0.999529
ATACGTCCACTCCTGT-1,0.000637,0.001274,0.998089
ATACGTTATGCACGGA-1,0.298609,0.000592,0.7008
ATACTACCCGTACCAC-1,0.000186,0.000372,0.999442
ATACTAGCATGACCCT-1,0.000794,0.001587,0.997619
ATACTGCCTTACACCG-1,0.005883,0.011765,0.982352
ATACTTGTTCTCGAGC-1,0.010877,0.000235,0.988888
ATAGACAACGGGACCT-1,0.000212,0.000425,0.999363
ATAGACGAAGAGAAAG-1,0.000097,0.000193,0.99971
ATAGAGTACTGGGACA-1,0.000369,0.000738,0.998893
ATAGAGTTATCAACTT-1,0.000236,0.000473,0.999291
ATAGCAACTAGGGAAG-1,0.000172,0.000344,0.999484
ATAGGCGGCTATAGAA-1,0.00013,0.000259,0.999611
ATAGGCTAGCTTCGCA-1,0.00023,0.000461,0.999309
ATAGGGATATCCTTGA-1,0.114277,0.002817,0.882906
ATAGGTTGGGCAGATG-1,0.061838,0.001005,0.937157
ATAGTCTTTGACGTGC-1,0.000589,0.001177,0.998235
ATAGTGAAGCGTTCTC-1,0.000066,0.000131,0.999803
ATAGTTCCACCCACTC-1,0.040971,0.004082,0.954947
ATATAAAGCGCTCGTG-1,0.000764,0.001527,0.99771
ATATAAATGTAGCTGC-1,0.001429,0.002857,0.995714
ATATAACACGGGCGCA-1,0.002041,0.004082,0.993877
ATATACATGTATGGTA-1,0.000154,0.000309,0.999537
ATATACGCTCGTGACG-1,0.000101,0.000201,0.999698
ATATAGAGTATTGGTC-1,0.005264,0.010526,0.984209
ATATCAACCTACAGAG-1,0.231818,0.007692,0.76049
ATATCAATTCCAGCCT-1,0.000144,0.000288,0.999568
ATATCGGTAGGGAGAT-1,0.074166,0.00202,0.923814
ATATCGTTCCTCGAAC-1,0.005268,0.010526,0.984206
ATATCTTAGGGCCTTC-1,0.007711,0.000203,0.992085
ATATGTCTCCCTAGCC-1,0.112092,0.003571,0.884336
ATATTCAGTTAAACCT-1,0.000163,0.000327,0.99951
ATATTCCACATAGTGA-1,0.012273,0.001156,0.986571
ATATTCCCACAGGTCA-1,0.005886,0.011765,0.982349
ATATTGCTGTCAAAGT-1,0.000114,0.000227,0.999659
ATATTGGAGAGGCCTT-1,0.000103,0.000205,0.999692
ATATTTAACCCTCAAG-1,0.000099,0.000199,0.999702
ATCAAACACTGTTCCA-1,0.0499,0.000654,0.949446
ATCAAACGAAGGTTTG-1,0.020119,0.000228,0.979653
ATCAATCTGGGCTGCA-1,0.000353,0.000707,0.99894
ATCAATGCCGTGGCTG-1,0.000202,0.000405,0.999393
ATCACATTAGAATATC-1,0.016374,0.000847,0.982778
ATCACGTGCTAATTAA-1,0.000097,0.000195,0.999708
ATCACTTCATCCTCGC-1,0.002564,0.005128,0.992307
ATCAGACGGCACGCCG-1,0.000429,0.000858,0.998712
ATCAGCCTCATGCTGC-1,0.128395,0.010526,0.861078
ATCAGCTCGTCCACTA-1,0.000158,0.000315,0.999527
ATCAGGTAGCTGACAG-1,0.000136,0.000271,0.999593
ATCAGTAGGCAGGGAT-1,0.000582,0.001163,0.998256
ATCATAGCCCTATGTA-1,0.104161,0.000445,0.895393
ATCATCCAATATTTGT-1,0.000066,0.000133,0.999801
ATCATGGACTACCGAC-1,0.156987,0.000224,0.842789
ATCATTGTACCGCATT-1,0.001352,0.002703,0.995946
ATCCAACGCAGTCATA-1,0.000122,0.000244,0.999634
ATCCAATGGAGGGTCC-1,0.000142,0.000284,0.999574
ATCCAATGGTACCGAA-1,0.000083,0.000167,0.99975
ATCCACATCGACAGAA-1,0.000109,0.000218,0.999674
ATCCAGAGCAACAACC-1,0.000226,0.000451,0.999323
ATCCAGGATTCGTGAA-1,0.000582,0.001163,0.998256
ATCCCATCCACAGCGC-1,0.001852,0.003704,0.994444
ATCCTACCTAAGCTCT-1,0.000144,0.000289,0.999567
ATCCTGAATCGCTGCG-1,0.000107,0.000213,0.99968
ATCCTGCGTGGAATGG-1,0.000227,0.000454,0.99932
ATCCTTCTGAAAGAAC-1,0.000145,0.00029,0.999565
ATCGACCCAATACAGA-1,0.000152,0.000304,0.999544
ATCGACTCTTTCCGTT-1,0.000343,0.000685,0.998972
ATCGCACGCCGGGAGA-1,0.13857,0.000826,0.860603
ATCGCCAGTCAACATT-1,0.002383,0.004762,0.992855
ATCGCTGCGTGCAGCA-1,0.003572,0.007143,0.989285
ATCGCTTTACGTCTCA-1,0.000127,0.000255,0.999618
ATCGGAGACAGACGGC-1,0.000725,0.001449,0.997826
ATCGGCAAGCAGTCCA-1,0.000243,0.000485,0.999272
ATCGGTTACCTAGTAA-1,0.049929,0.000327,0.949745
ATCGTATTCCGAGAAC-1,0.018008,0.000138,0.981854
ATCGTGGAAAGTCTGG-1,0.001515,0.00303,0.995454
ATCGTTAGCTAGCGGA-1,0.000163,0.000326,0.999511
ATCTAATATCCTACGG-1,0.000144,0.000287,0.999569
ATCTACCATCTGCTCC-1,0.003704,0.007408,0.988888
ATCTCCCACGGAATAT-1,0.000154,0.000308,0.999538
ATCTCCCTGCAATCTA-1,0.011597,0.000855,0.987549
ATCTCGTGAGCGAAAC-1,0.00972,0.000342,0.989938
ATCTGACATGGAAGGA-1,0.000268,0.000536,0.999196
ATCTGCACCTCTGCGA-1,0.065798,0.012501,0.921701
ATCTGGGCTGTTCTTG-1,0.017078,0.001105,0.981817
ATCTGGTTAAGACTGT-1,0.000154,0.000307,0.999539
ATCTGTAATTGTACCC-1,0.104605,0.000714,0.894681
ATCTTATCGCACACCC-1,0.000165,0.000329,0.999507
ATCTTGACCTGCAACG-1,0.000125,0.00025,0.999625
ATCTTGACTTGTCCAA-1,0.002778,0.005556,0.991666
ATCTTTCGTATAACCA-1,0.002041,0.004082,0.993877
ATGAAGCCAAGGAGCC-1,0.001163,0.002326,0.996511
ATGAAGTGGACCCAGC-1,0.000078,0.000157,0.999765
ATGACGCCGGCTCTAA-1,0.000953,0.001905,0.997143
ATGACGCGTTCTATCC-1,0.000318,0.000635,0.999048
ATGACTATCAGCTGTG-1,0.018354,0.000505,0.981141
ATGACTATGCGACATT-1,0.117588,0.00303,0.879381
ATGAGGAGTGTTAATC-1,0.008957,0.000309,0.990734
ATGAGGGCAGCGGCTA-1,0.0001,0.000199,0.999701
ATGATCGGGAATAGAC-1,0.002942,0.005882,0.991175
ATGATGCAATGGTACA-1,0.015812,0.000403,0.983785
ATGCACGCGCTGTTCA-1,0.000165,0.000331,0.999504
ATGCACTACCGCATTG-1,0.000181,0.000362,0.999457
ATGCATGATCCAGGAT-1,0.000323,0.000645,0.999032
ATGCCATTTGCGACCA-1,0.000568,0.001136,0.998295
ATGCCGGTCTTGCATA-1,0.000131,0.000263,0.999606
ATGCCGGTTGATGGGA-1,0.020781,0.001258,0.977961
ATGCGACAGTCCCATT-1,0.000055,0.00011,0.999835
ATGCGAGTCCCACCAC-1,0.028466,0.002,0.969534
ATGCTCAGTGTTGCAT-1,0.000232,0.000464,0.999304
ATGCTCTGGCGCGGTA-1,0.000088,0.000175,0.999737
ATGCTTAGGAGTTGAT-1,0.000198,0.000395,0.999407
ATGGAAATTTAAGGAG-1,0.000121,0.000242,0.999637
ATGGAACCTTTGCACA-1,0.04814,0.000225,0.951635
ATGGAGCAGGCCGTGA-1,0.000127,0.000253,0.99962
ATGGATCCGGCGTCCG-1,0.000788,0.001575,0.997637
ATGGATTGACCAAACG-1,0.000159,0.000318,0.999522
ATGGCAGCATTACGAT-1,0.000848,0.001695,0.997457
ATGGCAGCCGAGAAAC-1,0.013862,0.000145,0.985993
ATGGCGGAATAGTCGC-1,0.000163,0.000327,0.99951
ATGGGACCTGCTGAAC-1,0.002942,0.005882,0.991176
ATGGGCCTCGGCCTCT-1,0.010006,0.02,0.969994
ATGGGTGTATACCTCC-1,0.001493,0.002985,0.995522
ATGGTCGCGTGGTTTC-1,0.034484,0.000517,0.964999
ATGTAAGGCTGCTCTT-1,0.000463,0.000926,0.998611
ATGTACATGCGGTGAG-1,0.044044,0.000131,0.955825
ATGTAGCGCGCGTAGG-1,0.000087,0.000173,0.99974
ATGTGAAAGCCTAATG-1,0.000129,0.000257,0.999614
ATGTGCATCCGACGCA-1,0.000427,0.000855,0.998718
ATGTGGACATCTTGAT-1,0.15159,0.000099,0.848311
ATGTTCGTCGACCCAC-1,0.000136,0.000272,0.999592
ATGTTGATTAGAGACT-1,0.004348,0.008696,0.986956
ATGTTTCGGCCCGGAG-1,0.039524,0.00029,0.960186
ATTAAACATGCGGACC-1,0.012116,0.000231,0.987652
ATTAATACTACGCGGG-1,0.000621,0.001242,0.998136
ATTAATGAACCAGTCG-1,0.000709,0.001418,0.997872
ATTAATTCGGTCACTC-1,0.001613,0.003226,0.995161
ATTACATGTCAGTCTT-1,0.000395,0.000791,0.998814
ATTACCACACTGCCTG-1,0.036202,0.000358,0.963441
ATTACGACTCCACAGT-1,0.02,0.04,0.94
ATTACGCGCTGGCAGG-1,0.000126,0.000252,0.999623
ATTACTAGCCTCTTGC-1,0.004,0.008,0.988
ATTACTTACTGGGCAT-1,0.000633,0.001266,0.998101
ATTAGATTCCTCAGCA-1,0.002942,0.005882,0.991176
ATTAGATTGATAGCGG-1,0.000885,0.00177,0.997345
ATTAGGCGATGCTTTC-1,0.067948,0.000154,0.931898
ATTATACTTTGCTCGT-1,0.000649,0.001299,0.998052
ATTATAGCTACTTTAC-1,0.000149,0.000297,0.999554
ATTATCTCGACAGATC-1,0.00055,0.001099,0.998351
ATTATGCCATAGGGAG-1,0.002778,0.005556,0.991666
ATTATTATGTCCGTCA-1,0.00023,0.000461,0.999309
ATTATTCAGAGTCACT-1,0.004763,0.009524,0.985713
ATTCAACCATTTAAGG-1,0.000231,0.000462,0.999307
ATTCACTGATGTTGGA-1,0.094876,0.001587,0.903536
ATTCAGGACCTATTTC-1,0.000431,0.000862,0.998707
ATTCAGTAGCAGGGTC-1,0.000152,0.000303,0.999545
ATTCATATACTGTCCA-1,0.185478,0.000204,0.814317
ATTCATCGTTGAGGCA-1,0.007144,0.014286,0.978571
ATTCCCACATAAACAA-1,0.000126,0.000251,0.999623
ATTCCCGAAGGTACAG-1,0.000181,0.000362,0.999456
ATTCCTCCGCCAGTGC-1,0.000182,0.000364,0.999454
ATTCGACGCCGGGCCT-1,0.081722,0.000238,0.91804
ATTCGCGCCTTGAGAG-1,0.096526,0.000196,0.903278
ATTCGTGCTATCTCTT-1,0.005263,0.010526,0.98421
ATTCTCGTCTCTTTAG-1,0.002943,0.005882,0.991175
ATTGAAGATCTTAGTG-1,0.003572,0.007144,0.989284
ATTGACCGGCGATGAC-1,0.082719,0.001064,0.916217
ATTGATCACCACATTT-1,0.036292,0.000425,0.963284
ATTGATGAGTCCTAAC-1,0.001389,0.002778,0.995833
ATTGCCTTTATGTTTG-1,0.001515,0.00303,0.995454
ATTGCGATCAGTAACT-1,0.000234,0.000468,0.999297
ATTGCTGCTCCTCCAT-1,0.020076,0.000538,0.979386
ATTGGATTACAGCGTA-1,0.000234,0.000468,0.999297
ATTGGGAATATCTTGG-1,0.002858,0.005714,0.991428
ATTGGTAGGATCCGCT-1,0.000063,0.000127,0.99981
ATTGTACAACTCGGCT-1,0.001887,0.003774,0.994339
ATTGTTCAACGATCCG-1,0.000095,0.00019,0.999715
ATTTAACTCGTATTAC-1,0.004168,0.008333,0.987499
ATTTACAGTTTACTGG-1,0.016212,0.000407,0.983381
ATTTACTAAGTCCATT-1,0.002084,0.004167,0.993749
ATTTATACTGGTAAAG-1,0.013733,0.000095,0.986173
ATTTCCGGGTTCTGCG-1,0.059462,0.000518,0.94002
ATTTGCGCGAGTAGCT-1,0.000265,0.000531,0.999204
ATTTGGAGATTGCGGT-1,0.000214,0.000428,0.999358
ATTTGTCTTGGGAGCT-1,0.000918,0.001835,0.997247
ATTTGTTCCAGGGCTC-1,0.081729,0.002083,0.916188
CAAACCAGGTCTGCAT-1,0.000033,0.000067,0.9999
CAAACCCTCCGGCGGG-1,0.000699,0.001399,0.997902
CAAACGAGTATCGCAG-1,0.013423,0.000422,0.986155
CAAACGGTCGCACTTT-1,0.000107,0.000215,0.999678
CAAACTCGCGACGCCG-1,0.002223,0.004444,0.993333
CAAAGATTATTGGGCC-1,0.05988,0.000368,0.939751
CAAAGGTCATCTGAAA-1,0.095692,0.000137,0.90417
CAAATCTCTCACAAGG-1,0.000116,0.000231,0.999653
CAAATGTCCTTCCGTG-1,0.000168,0.000337,0.999495
CAAATTGGATTATGCC-1,0.001588,0.003175,0.995238
CAAATTGTCAGCAAGC-1,0.003125,0.00625,0.990625
CAACACATCTCCTGCC-1,0.000182,0.000364,0.999453
CAACCAGTGGCCTACC-1,0.023415,0.000215,0.97637
CAACCTACCGAGCAGT-1,0.000206,0.000412,0.999383
CAACCTGAACCTGCCA-1,0.106294,0.010527,0.883179
CAACGACCCGTTTACA-1,0.000472,0.000943,0.998585
CAACGGTTCTTGATAC-1,0.000112,0.000223,0.999666
CAACGTGGTGGAGTCT-1,0.000182,0.000363,0.999455
CAACTCCTTGATCCCG-1,0.068988,0.002273,0.928739
CAAGACTCAGAAGCGC-1,0.000276,0.000551,0.999173
CAAGAGGGCGGAGTAC-1,0.000047,0.000095,0.999858
CAAGATATTATAACGT-1,0.000807,0.001613,0.99758
CAAGCAACGTCGGAGT-1,0.03567,0.00033,0.964
CAAGCACCAAATGCCT-1,0.004167,0.008333,0.987499
CAAGCGGCACATAATT-1,0.072828,0.000123,0.927049
CAAGGATCGCATGTTC-1,0.000143,0.000286,0.999571
CAAGGCCAGTGGTGCA-1,0.148432,0.000224,0.851343
CAAGGTCCTATAGGCT-1,0.089174,0.008334,0.902493
CAAGTGTGGTTGCAAA-1,0.001755,0.003509,0.994737
CAATAAACCTTGGCCC-1,0.000152,0.000303,0.999545
CAATACGAGAGTCTGA-1,0.000145,0.00029,0.999565
CAATACGCTCTGAGGC-1,0.120509,0.00017,0.879321
CAATATTCTTGACCTA-1,0.003126,0.00625,0.990624
CAATGAGGTTCGACTA-1,0.002941,0.005882,0.991176
CAATGCGAGAAGTATC-1,0.000188,0.000377,0.999435
CAATGGATCTCTACCA-1,0.000736,0.001471,0.997794
CAATGTGCCAACCCTT-1,0.00015,0.000301,0.999549
CAATTAAGGGTGATGA-1,0.000063,0.000126,0.999811
CAATTGGGCCGCACTC-1,0.058399,0.000178,0.941423
CAATTTCGTATAAGGG-1,0.000151,0.000303,0.999546
CACAATGAGCTGCTAT-1,0.00022,0.000441,0.999339
CACACACGCTAACGAG-1,0.000121,0.000243,0.999636
CACACAGCTTGCGCTC-1,0.00014,0.000281,0.999579
CACACAGGGATAGATT-1,0.000151,0.000303,0.999546
CACACGCGCTGTCTTA-1,0.000145,0.000289,0.999566
CACAGAGACGAGGACG-1,0.083202,0.002174,0.914624
CACAGCACCCACGGCA-1,0.007619,0.000155,0.992226
CACAGCTAGGGAGTGA-1,0.001515,0.00303,0.995454
CACAGGGCCATATAGT-1,0.066589,0.000326,0.933084
CACAGTCCCGCTTCGC-1,0.00019,0.00038,0.99943
CACAGTTCGCTTCCCA-1,0.291797,0.000171,0.708033
CACATATTAGCAGGAT-1,0.01887,0.000098,0.981032
CACATCGTGCACGCGC-1,0.030664,0.000399,0.968937
CACATCTCACCGACGA-1,0.000121,0.000241,0.999639
CACATGATTCAGCAAC-1,0.053134,0.000372,0.946494
CACATTTCTTGTCAGA-1,0.002381,0.004762,0.992856
CACCAATCATCCGTCT-1,0.0001,0.000199,0.999701
CACCACGCCACACAGA-1,0.000096,0.000191,0.999713
CACCAGTCAGCATGCA-1,0.000212,0.000424,0.999364
CACCATCGGAGGAGAC-1,0.002223,0.004445,0.993333
CACCCAAATCTTATGT-1,0.004547,0.009091,0.986362
CACCCACACGTCACCC-1,0.000203,0.000406,0.999391
CACCCACGAGGCAATT-1,0.00047,0.000939,0.998591
CACCCGGTTTGTGACT-1,0.000848,0.001695,0.997457
CACCCTAACAAGATCT-1,0.000108,0.000217,0.999675
CACCCTTGGTGAGACC-1,0.000103,0.000206,0.999691
