Barcode,Topic 1,Topic 2,Topic 3,Topic 4to13
AAACAACGAATAGTTC-1,0.000228,0.000228,0.000228,0.999317
AAACAAGTATCTCCCA-1,0.00002,0.00002,0.022102,0.977858
AAACAATCTACTAGCA-1,0.000675,0.000675,0.000675,0.997976
AAACACCAATAACTGC-1,0.000011,0.000011,0.040522,0.959456
AAACAGAGCGACTCCT-1,0.000047,0.000047,0.000047,0.999858
AAACAGCTTTCAGAAG-1,0.000345,0.143871,0.000345,0.855439
AAACAGGGTCTATATT-1,0.000016,0.000016,0.027955,0.972013
AAACATTTCCCGGATT-1,0.000006,0.000006,0.045251,0.954737
AAACCCGAACGAAATC-1,0.000015,0.000015,0.367514,0.632455
AAACCGGAAATGTTAA-1,0.000021,0.015715,0.494935,0.489329
AAACCGGGTAGGTACC-1,0.000014,0.000014,0.000082,0.99989
AAACCGTTCGTCCAGG-1,0.000034,0.000034,0.148647,0.851286
AAACCTAAGCAGCCGG-1,0.000004,0.000004,0.028071,0.971921
AAACCTCATGAAGTTG-1,0.00002,0.00002,0.008993,0.990967
AAACGAAGAACATACC-1,0.000037,0.000037,0.000037,0.999889
AAACGAAGATGGAGTA-1,0.000051,0.000051,0.008334,0.991563
AAACGAGACGGTTGAT-1,0.000044,0.000044,0.000044,0.999867
AAACGGGCGTACGGGT-1,0.000009,0.000009,0.051362,0.948621
AAACGGGTTGGTATCC-1,0.000025,0.000025,0.066771,0.933179
AAACGGTTGCGAACTG-1,0.000027,0.000027,0.000027,0.99992
AAACGTGTTCGCCCTA-1,0.000016,0.000016,0.020757,0.979212
AAACTAACGTGGCGAC-1,0.000024,0.000024,0.003476,0.996475
AAACTCGGTTCGCAAT-1,0.000014,0.000014,0.000395,0.999577
AAACTCGTGATATAAG-1,0.000022,0.000022,0.047131,0.952825
AAACTGCTGGCTCCAA-1,0.000018,0.000018,0.02285,0.977115
AAACTTGCAAACGTAT-1,0.000022,0.000022,0.02706,0.972896
AAAGACCCAAGTCGCG-1,0.000021,0.000021,0.000021,0.999938
AAAGACTGGGCGCTTT-1,0.000024,0.000024,0.021546,0.978406
AAAGCTTGCCTACATA-1,0.000015,0.000015,0.048135,0.951836
AAAGGCTACGGACCAT-1,0.000003,0.000003,0.016646,0.983349
AAAGGCTCTCGCGCCG-1,0.000015,0.000015,0.000751,0.999218
AAAGGGATGTAGCAAG-1,0.000042,0.000042,0.000042,0.999875
AAAGGGCAGCTTGAAT-1,0.000028,0.000028,0.000028,0.999915
AAAGGTAAGCTGTACC-1,0.000025,0.000025,0.000025,0.999926
AAAGTAGCATTGCTCA-1,0.000015,0.000015,0.012106,0.987863
AAAGTCACTGATGTAA-1,0.000019,0.000019,0.019321,0.98064
AAAGTCGACCCTCAGT-1,0.000025,0.000025,0.075686,0.924264
AAAGTGTGATTTATCT-1,0.00001,0.00001,0.00001,0.999969
AAAGTTGACTCCCGTA-1,0.000005,0.000005,0.016462,0.983527
AAATAACCATACGGGA-1,0.000022,0.000022,0.001865,0.998091
AAATAAGGTAGTGCCC-1,0.000032,0.000032,0.010436,0.9895
AAATACCTATAAGCAT-1,0.000024,0.000024,0.000024,0.999929
AAATAGCTTAGACTTT-1,0.000013,0.000013,0.002196,0.997777
AAATAGGGTGCTATTG-1,0.00003,0.00003,0.00003,0.999909
AAATCCGATACACGCC-1,0.000013,0.000013,0.083794,0.91618
AAATCGCGGAAGGAGT-1,0.000062,0.000062,0.000062,0.999815
AAATCGTGTACCACAA-1,0.000012,0.000012,0.002143,0.997833
AAATCTAGCCCTGCTA-1,0.000016,0.000016,0.010455,0.989513
AAATGATTCGATCAGC-1,0.000027,0.000027,0.007177,0.992769
AAATGCTCGTTACGTT-1,0.00011,0.00011,0.00011,0.999669
AAATGGCATGTCTTGT-1,0.000048,0.000048,0.000048,0.999857
AAATGGCCCGTGCCCT-1,0.000025,0.000025,0.047632,0.952318
AAATGGTCAATGTGCC-1,0.000072,0.000072,0.551534,0.448322
AAATGTATCTTATCCC-1,0.000011,0.000011,0.000011,0.999967
AAATGTGGGTGCTCCT-1,0.000074,0.000074,0.000074,0.999778
AAATTAACGGGTAGCT-1,0.000034,0.000034,0.000034,0.999899
AAATTAATAAGCGCGA-1,0.000014,0.000014,0.004877,0.995095
AAATTACACGACTCTG-1,0.000081,0.000081,0.000081,0.999756
AAATTACCTATCGATG-1,0.000026,0.000026,0.006777,0.993171
AAATTCCAGGTCCAAA-1,0.000017,0.000017,0.087504,0.912462
AAATTGATAGTCCTTT-1,0.000016,0.000016,0.517777,0.482191
AAATTGCGGCGGTTCT-1,0.000039,0.000039,0.000039,0.999883
AAATTGGTGAGAAGCA-1,0.00002,0.00002,0.013752,0.986208
AAATTTACCGAAATCC-1,0.000036,0.000036,0.018919,0.981009
AAATTTGCGGGTGTGG-1,0.000031,0.000031,0.007084,0.992855
AACAACTGGTAGTTGC-1,0.000024,0.000024,0.054012,0.945939
AACAATTACTCTACGC-1,0.000005,0.000005,0.000005,0.999986
AACACACGCTCGCCGC-1,0.000005,0.000005,0.000747,0.999244
AACACGACTGTACTGA-1,0.000027,0.000027,0.010237,0.989709
AACACGAGACGCGGCC-1,0.000013,0.000013,0.044405,0.955568
AACACGCGGCCGCGAA-1,0.000006,0.000006,0.000006,0.999982
AACAGCTGTGTGGCAA-1,0.000023,0.035946,0.07409,0.889941
AACAGGAAATCGAATA-1,0.000026,0.000026,0.000026,0.999921
AACAGGATGGGCCGCG-1,0.000021,0.000021,0.000021,0.999936
AACAGGTAGTATGGAT-1,0.000015,0.000015,0.102327,0.897643
AACATAGCGTGTATCG-1,0.000032,0.000032,0.000032,0.999905
AACATATCAACTGGTG-1,0.000014,0.000014,0.001313,0.99866
AACATCGATACGTCTA-1,0.000021,0.000021,0.00173,0.998227
AACATTGGTCAGCCGT-1,0.000033,0.000033,0.014246,0.985687
AACATTGTGACTCGAG-1,0.000029,0.000029,0.02067,0.979272
AACCAAGACTTCTCTG-1,0.000015,0.000015,0.000015,0.999956
AACCAGTATCACTCTT-1,0.000078,0.000078,0.000078,0.999765
AACCATGGGATCGCTA-1,0.000065,0.000065,0.091859,0.908011
AACCCAGAGACGGAGA-1,0.000049,0.000049,0.000049,0.999853
AACCCATCCCATGATC-1,0.000012,0.000012,0.03297,0.967006
AACCCGAGCAGAATCG-1,0.000024,0.000024,0.13362,0.866333
AACCCTACTGTCAATA-1,0.00001,0.00001,0.010353,0.989627
AACCCTGGTGGAACCA-1,0.000032,0.000032,0.03388,0.966056
AACCGAGCTTGGTCAT-1,0.000027,0.000027,0.000027,0.99992
AACCGCTAAGGGATGC-1,0.000011,0.000011,0.013036,0.986942
AACCGTTGTGTTTGCT-1,0.000051,0.000051,0.011697,0.988201
AACCTCGCTTTAGCCC-1,0.000007,0.000007,0.009326,0.990661
AACCTGTCACGGAATT-1,0.000061,0.008821,0.000061,0.991058
AACCTTTAAATACGGT-1,0.000023,0.000023,0.000023,0.99993
AACCTTTACGACGTCT-1,0.000061,0.000061,0.000061,0.999817
AACGAAAGTCGTCCCA-1,0.00033,0.00033,0.00033,0.99901
AACGATAATGCCGTAG-1,0.00003,0.00003,0.005533,0.994407
AACGATAGAAGGGCCG-1,0.000019,0.000019,0.027322,0.97264
AACGATATGTCAACTG-1,0.000013,0.000013,0.010013,0.989961
AACGCATGATCTGGGT-1,0.000137,0.000137,0.000137,0.999588
AACGCGAACGGCAACA-1,0.000035,0.000035,0.000035,0.999896
AACGCGACCTTGGGCG-1,0.000179,0.430466,0.000179,0.569176
AACGCGGTCTCCAGCC-1,0.000046,0.000046,0.001125,0.998783
AACGCTGTTGCTGAAA-1,0.00002,0.00002,0.023808,0.976153
AACGGACGTACGTATA-1,0.000011,0.000011,0.012132,0.987845
AACGGCCATCTCCGGT-1,0.000023,0.000023,0.040885,0.959069
AACGTACTGTGGGTAC-1,0.000027,0.000027,0.016444,0.983503
AACGTAGTCTACCCAT-1,0.000079,0.000079,0.001162,0.99868
AACGTCAGACTAGTGG-1,0.000014,0.000014,0.021449,0.978523
AACGTGATGAAGGACA-1,0.000049,0.000049,0.000049,0.999854
AACGTGCGAAAGTCTC-1,0.000022,0.000022,0.003183,0.996774
AACGTTATCAGCACCT-1,0.00021,0.00021,0.00021,0.999371
AACTACCCGTTTGTCA-1,0.000025,0.001809,0.110115,0.888052
AACTAGCGTATCGCAC-1,0.000156,0.000156,0.000156,0.999533
AACTAGGCTTGGGTGT-1,0.000031,0.000031,0.000031,0.999906
AACTCAAGTTAATTGC-1,0.000018,0.000018,0.036457,0.963508
AACTCCAGAGCGTGTT-1,0.000012,0.000012,0.013608,0.986368
AACTCCTAATCCCATG-1,0.000163,0.000163,0.00756,0.992114
AACTCGATAAACACGT-1,0.000028,0.000028,0.013696,0.986248
AACTCGATGGCGCAGT-1,0.000065,0.000065,0.036197,0.963674
AACTCTCAATAGAGCG-1,0.000013,0.000013,0.031424,0.96855
AACTCTCAGTGTGCTC-1,0.000042,0.000042,0.158805,0.841112
AACTGAGGTCAGCGTC-1,0.000015,0.000015,0.024561,0.975408
AACTGAGTTATACTGA-1,0.000037,0.234312,0.460925,0.304726
AACTGATATTAGGCCT-1,0.000037,0.000037,0.000037,0.99989
AACTGGGTCCCGACGT-1,0.000034,0.000034,0.000034,0.999897
AACTGGTGTGGGCCTT-1,0.000055,0.000055,0.000055,0.999835
AACTTCTGCGTCTATC-1,0.000044,0.000044,0.000044,0.999869
AACTTGCCCGTATGCA-1,0.000015,0.000015,0.007592,0.992378
AACTTGCGTTCTCGCG-1,0.000157,0.000157,0.000157,0.999528
AACTTTACGGGAGCTT-1,0.000038,0.000038,0.000038,0.999886
AACTTTAGCTGCTGAG-1,0.000278,0.000278,0.000278,0.999167
AACTTTCTCGATCATG-1,0.000028,0.000028,0.035324,0.964619
AAGAAGGATCAGTTAG-1,0.000022,0.000022,0.000022,0.999935
AAGACCAAATAACTCA-1,0.000191,0.000191,0.000191,0.999427
AAGACCCAACTGAACA-1,0.000004,0.000004,0.007828,0.992165
AAGACTAACCCGTTGT-1,0.000025,0.000025,0.000025,0.999925
AAGACTGCAAGCTACT-1,0.000019,0.000019,0.000019,0.999944
AAGAGATGAATCGGTA-1,0.000016,0.000016,0.000016,0.999953
AAGAGCTCTTTATCGG-1,0.000225,0.000225,0.000225,0.999325
AAGAGGATGTACGCGA-1,0.000036,0.000036,0.000036,0.999893
AAGAGGCATGGATCGC-1,0.000013,0.000013,0.007632,0.992342
AAGAGGCCCTTTGGAA-1,0.000024,0.000024,0.034933,0.965019
AAGATTGGCGGAACGT-1,0.000021,0.000021,0.000021,0.999937
AAGCACCCTGCGTATC-1,0.000016,0.000016,0.020999,0.978969
AAGCATACTCTCCTGA-1,0.000049,0.000049,0.013854,0.986049
AAGCCGAAGCGGTTTA-1,0.000023,0.000023,0.04026,0.959694
AAGCCGCTTTACCTTG-1,0.000046,0.000046,0.022273,0.977634
AAGCGCAGGGCTTTGA-1,0.000015,0.000015,0.007139,0.99283
AAGCGGCGTCATGGGT-1,0.000128,0.038319,0.000128,0.961424
AAGCGTCCCTCATCGA-1,0.000028,0.013859,0.18319,0.802922
AAGCTAGATCGAGTAA-1,0.000018,0.000018,0.000018,0.999945
AAGCTCGTGCCAAGTC-1,0.000052,0.000052,0.008664,0.991232
AAGCTCTTTCATGGTG-1,0.000019,0.000019,0.001521,0.998442
AAGGAGAACTTATAAG-1,0.000133,0.000133,0.014892,0.984842
AAGGAGCGGTTGGTGC-1,0.000015,0.000015,0.135925,0.864045
AAGGATCGATCGCTTG-1,0.000022,0.000022,0.037001,0.962954
AAGGATGAGGGACCTC-1,0.00009,0.00009,0.03867,0.96115
AAGGCAGGCTGTCTCC-1,0.000008,0.000008,0.778109,0.221876
AAGGCGCGTAAAGCTT-1,0.000013,0.000013,0.000013,0.999962
AAGGCTGTGCTCATCG-1,0.000021,0.000021,0.025904,0.974053
AAGGGAACGACTGGCT-1,0.000009,0.000009,0.026051,0.973931
AAGGGACAGATTCTGT-1,0.000016,0.000016,0.000016,0.999952
AAGGGACTATGCATTC-1,0.000024,0.000024,0.011806,0.988147
AAGGGTTTGATTTCAG-1,0.000248,0.087349,0.06396,0.848443
AAGGTATCCTAATATA-1,0.00005,0.00005,0.00005,0.999849
AAGGTGATAAACCAGC-1,0.000007,0.000007,0.011864,0.988123
AAGTAAGCTTCCAAAC-1,0.000175,0.000175,0.000175,0.999476
AAGTAGAAGACCGGGT-1,0.000014,0.000014,0.017941,0.982031
AAGTAGTGACGCGAGG-1,0.000011,0.000011,0.000011,0.999966
AAGTCAATTGTCGTCA-1,0.000014,0.000014,0.021066,0.978906
AAGTCTAGTAGCTGCC-1,0.000052,0.000052,0.024582,0.975314
AAGTCTTCTGTGGCCT-1,0.000108,0.000108,0.023534,0.97625
AAGTGACGACCGAATT-1,0.00002,0.00002,0.001971,0.997989
AAGTGCAAAGGTAGAC-1,0.000129,0.000129,0.121376,0.878367
AAGTGCCTTGACTGTA-1,0.000019,0.000019,0.015681,0.984282
AAGTGCGTTAGAATCT-1,0.000022,0.000022,0.057342,0.942614
AAGTGTTTGGAGACGG-1,0.000024,0.000024,0.014445,0.985508
AAGTTCACTCCAAGCT-1,0.00002,0.00002,0.026383,0.973578
AAGTTCAGTCTGCGTA-1,0.000056,0.000056,0.000056,0.999833
AAGTTCGGCCAACAGG-1,0.000025,0.000025,0.053025,0.946925
AAGTTGTGATGTTATA-1,0.000019,0.004577,0.595995,0.399409
AAGTTTACTAATGGCA-1,0.000038,0.000038,0.000038,0.999885
AAGTTTATGGGCCCAA-1,0.00003,0.00003,0.001891,0.99805
AATAACAACGCTCGGC-1,0.00002,0.00002,0.020087,0.979873
AATAACACTAGAACAA-1,0.000021,0.000021,0.05375,0.946209
AATAAGTCCTCGAGAC-1,0.000039,0.000039,0.000039,0.999884
AATACAATGTTTCAGG-1,0.000088,0.000088,0.000088,0.999736
AATAGAACAGAGTGGC-1,0.00002,0.00002,0.18101,0.818949
AATAGAATCTGTTTCA-1,0.000014,0.000014,0.026656,0.973317
AATAGCAAGCCTCCTG-1,0.000019,0.000019,0.008623,0.991339
AATAGCTACCGCGTGC-1,0.000017,0.000017,0.030817,0.96915
AATAGTCCGTCCCGAC-1,0.000015,0.000015,0.013298,0.986672
AATAGTCGCGAGTCGG-1,0.000025,0.000025,0.000025,0.999924
AATATCAAGGTCGGAT-1,0.00011,0.00011,0.014078,0.985703
AATATCCTAGCAAACT-1,0.000041,0.000041,0.007534,0.992384
AATATCGAATCAATGC-1,0.000014,0.000014,0.00473,0.995242
AATATCGAGGGTTCTC-1,0.000023,0.000023,0.011398,0.988556
AATATTGGAGTATTGA-1,0.000028,0.000028,0.000028,0.999915
AATCAGACTGCAGGAC-1,0.000021,0.000021,0.000021,0.999938
AATCATGTAAAGACTC-1,0.000011,0.000011,0.026995,0.972983
AATCCAAGGGCCTGAG-1,0.000014,0.000014,0.000014,0.999958
AATCCATGCAAGGGTG-1,0.000038,0.000038,0.000038,0.999885
AATCGCCTCAGCGCCA-1,0.000027,0.000027,0.000027,0.999919
AATCGCGCAGAGGACT-1,0.00002,0.00002,0.182549,0.817412
AATCGGGACACTACGA-1,0.000042,0.000042,0.000042,0.999875
AATCGTGAGCCGAGCA-1,0.000011,0.000011,0.020433,0.979544
AATCTAGGTTTACTTG-1,0.000017,0.000017,0.012568,0.987398
AATCTATGCCGGAGCC-1,0.000015,0.000015,0.022166,0.977805
AATCTCTACTGTGGTT-1,0.000029,0.000029,0.000029,0.999913
AATCTGCGTTGGGACG-1,0.000011,0.000011,0.0168,0.983178
AATCTGGCTTTCTAGT-1,0.000014,0.000014,0.021892,0.978081
AATCTGGGTAGACCCT-1,0.000145,0.000145,0.000145,0.999564
AATGACAGCAATGTCT-1,0.000021,0.000021,0.048777,0.95118
AATGACGTAGGATGTC-1,0.000035,0.000035,0.001874,0.998055
AATGACTGTCAGCCGG-1,0.000011,0.000011,0.059442,0.940537
AATGAGTTCGCATATG-1,0.000045,0.000045,0.000045,0.999866
AATGATGATACGCTAT-1,0.00011,0.00011,0.00011,0.99967
AATGATGCGACTCCTG-1,0.00001,0.00001,0.000216,0.999764
AATGCAACCGGGTACC-1,0.000008,0.000008,0.000008,0.999976
AATGCACCAAGCAATG-1,0.000012,0.000012,0.000012,0.999965
AATGGTCCACCGTTCA-1,0.000025,0.000025,0.022268,0.977681
AATGGTTCTCACAAGC-1,0.000011,0.000011,0.002242,0.997737
AATGTGCCCGAGGTGT-1,0.000024,0.000024,0.141829,0.858124
AATTAAAGGTCGGCGT-1,0.000012,0.000012,0.570222,0.429755
AATTAACGGATTTCCA-1,0.00003,0.00003,0.00003,0.999911
AATTACGAGACCCATC-1,0.000055,0.000055,0.000055,0.999834
AATTACTCGTACGCTC-1,0.000121,0.000121,0.000121,0.999636
AATTAGCGCTGCAGCG-1,0.000022,0.000022,0.030907,0.96905
AATTCATAAGGGATCT-1,0.000068,0.000068,0.000068,0.999796
AATTCATTGTCATGCA-1,0.000257,0.000257,0.000257,0.999228
AATTCCAACTTGGTGA-1,0.000038,0.000038,0.000038,0.999887
AATTCCAAGCATGTAC-1,0.000027,0.000027,0.011778,0.988168
AATTCGATTCGAGGAT-1,0.000014,0.000014,0.002255,0.997718
AATTCTAGAGTTAGGC-1,0.000014,0.000014,0.000014,0.999959
AATTGAACGCTCTGGT-1,0.000009,0.000009,0.001491,0.998491
AATTGCAGCAATCGAC-1,0.000019,0.007431,0.097682,0.894868
AATTGTGGTTGCCAAA-1,0.000014,0.040085,0.292665,0.667236
AATTTGGGACATAGTA-1,0.000024,0.000024,0.000024,0.999929
AATTTGGTTCCAAAGA-1,0.000016,0.000016,0.000016,0.999953
ACAAAGAAGGTAGGCC-1,0.00001,0.00001,0.001631,0.998349
ACAAAGCATGACCTAG-1,0.000013,0.000013,0.078731,0.921243
ACAAATCGCACCGAAT-1,0.000009,0.000009,0.005047,0.994934
ACAAATGGTAGTGTTT-1,0.000008,0.000008,0.01498,0.985003
ACAAATTCAGATCTGA-1,0.000014,0.000014,0.003565,0.996408
ACAACAGCATGAGCTA-1,0.00004,0.00004,0.00004,0.999881
ACAACGGTCCCTGCGA-1,0.000014,0.000014,0.005689,0.994282
ACAAGCAGTGCCTAGC-1,0.000019,0.000019,0.012266,0.987697
ACAAGCTATATGGAAG-1,0.000058,0.000058,0.000058,0.999826
ACAAGGAAATCCGCCC-1,0.000022,0.000022,0.006321,0.993635
ACAAGGACAAGAGGTT-1,0.000016,0.000016,0.002471,0.997497
ACAAGGATGCTTTAGG-1,0.000004,0.000004,0.017689,0.982304
ACAAGGGCAGGCTCTG-1,0.000055,0.000055,0.000055,0.999836
ACAATAGTCGTACGTT-1,0.000044,0.000044,0.023606,0.976305
ACAATCCATTTAAACC-1,0.000015,0.000015,0.000015,0.999955
ACAATGAATACGGAGA-1,0.000018,0.000018,0.044464,0.955501
ACAATGATTCTTCTAC-1,0.000022,0.000022,0.000215,0.999742
ACAATTGTGTCTCTTT-1,0.000018,0.000018,0.000107,0.999857
ACAATTTAGGAGGCTC-1,0.000048,0.000048,0.000048,0.999856
ACAATTTGAGCAGTGG-1,0.000014,0.000014,0.000014,0.999959
ACAATTTGGCCATATT-1,0.000145,0.000145,0.348345,0.651366
ACACAAAGACGGGTGG-1,0.000015,0.000015,0.000015,0.999955
ACACAAATATTCCTAG-1,0.000011,0.000011,0.02619,0.973788
ACACACCAGGACCAGT-1,0.000008,0.000008,0.013677,0.986308
ACACACTTTCTACACG-1,0.000039,0.000039,0.060246,0.939676
ACACATGATCAAATCT-1,0.000017,0.000017,0.00274,0.997226
ACACATTGACGCAACA-1,0.000026,0.000026,0.000026,0.999921
ACACATTTCCGTAGAC-1,0.000028,0.000028,0.012222,0.987721
ACACCACATAATTAGC-1,0.000015,0.000015,0.021498,0.978472
ACACCCAGCATGCAGC-1,0.000071,0.000071,0.086831,0.913027
ACACCCGAGAAATCCG-1,0.000013,0.000013,0.099045,0.900928
ACACCGAGCGCTCTTT-1,0.00004,0.00004,0.00004,0.99988
ACACCTTAAGTAGGGC-1,0.000017,0.000017,0.013431,0.986535
ACACCTTACTACTTGC-1,0.00002,0.00002,0.066782,0.933177
ACACGAGACTCCTTCT-1,0.000035,0.000035,0.000035,0.999895
ACACGGCACTATGCAT-1,0.000022,0.000022,0.000022,0.999933
ACACGGGAACTTAGGG-1,0.000033,0.000033,0.000033,0.999902
ACACGTAGGCCACAAG-1,0.000026,0.000026,0.021671,0.978276
ACACTCCAATGTCACT-1,0.00062,0.00062,0.00062,0.998139
ACACTGATCAAGGTGT-1,0.00003,0.00003,0.319268,0.680673
ACACTGGGACAGTCGT-1,0.000014,0.000014,0.691828,0.308144
ACAGAACTGAGAACAA-1,0.000012,0.000012,0.110524,0.889452
ACAGATTAGGTTAGTG-1,0.000455,0.000455,0.059983,0.939107
ACAGCATAGAGCCAGT-1,0.00002,0.00002,0.00002,0.999939
ACAGCGACATTCTCAT-1,0.000019,0.001327,0.013815,0.98484
ACAGCGCACCCGCAGC-1,0.000035,0.000035,0.000035,0.999894
ACAGGAGGCGCAGCCG-1,0.000152,0.000152,0.000152,0.999544
ACAGGCACGGATCCTT-1,0.000022,0.093781,0.048243,0.857954
ACAGGCTTGCCCGACT-1,0.000015,0.000015,0.028399,0.971572
ACAGGTGGAGGTGAGG-1,0.000025,0.000025,0.056051,0.943899
ACAGGTGTGTTGTTGC-1,0.000029,0.000029,0.000029,0.999914
ACAGTAATACAACTTG-1,0.000044,0.000044,0.175975,0.823936
ACAGTATACCGTGGGA-1,0.000022,0.000022,0.058785,0.941172
ACATAAGTCGTGGTGA-1,0.000372,0.000372,0.000372,0.998885
ACATAATAAGGCGGTG-1,0.000026,0.000026,0.005284,0.994665
ACATCAGCTGGGACGC-1,0.000057,0.000057,0.000057,0.99983
ACATCCCGGCCATACG-1,0.000018,0.000018,0.012233,0.98773
ACATCCTGGTAACTGT-1,0.000009,0.000009,0.0001,0.999882
ACATCGATCGTTTACC-1,0.000035,0.000035,0.000035,0.999894
ACATCGGTCAGCCGCG-1,0.000045,0.000045,0.070189,0.929721
ACATCGTATGCAATGG-1,0.000012,0.000012,0.003853,0.996124
ACATCGTTAACCTAGT-1,0.000061,0.000061,0.047023,0.952856
ACATCTCAACGCGTAA-1,0.000175,0.069614,0.000175,0.930036
ACATGGCGCCAAAGTA-1,0.000016,0.000016,0.004891,0.995077
ACATGGCTCAATTTAG-1,0.000043,0.000043,0.005278,0.994635
ACATTAGTTTATATCC-1,0.000032,0.000032,0.000032,0.999904
ACCAAACACCCAGCGA-1,0.000016,0.000016,0.022048,0.977921
ACCAACACCACACACT-1,0.000027,0.000027,0.016963,0.982984
ACCAACCGCACTCCAC-1,0.000007,0.000007,0.924147,0.075839
ACCAACGCTTATTTAT-1,0.000031,0.000031,0.472243,0.527696
ACCAAGAACGCGTGTC-1,0.000017,0.000017,0.016223,0.983743
ACCAATATGCAAGTTA-1,0.000028,0.000028,0.000458,0.999486
ACCACAACTCAGAACA-1,0.000027,0.000027,0.000027,0.999919
ACCACAAGTTTCTATC-1,0.000015,0.000015,0.0452,0.954769
ACCACCAATGTAACAA-1,0.000017,0.000017,0.023003,0.976963
ACCACCCTCTCTTCTA-1,0.00002,0.00002,0.088281,0.91168
ACCACGTGCAGCTATA-1,0.000025,0.000025,0.052684,0.947267
ACCACTGTTCAAGAAG-1,0.000026,0.000026,0.000026,0.999923
ACCAGACCATAACAAC-1,0.000043,0.000043,0.000043,0.99987
ACCAGCCCGGTCTTTG-1,0.000227,0.025137,0.000227,0.974409
ACCAGGAGTGTGATCT-1,0.295269,0.000106,0.012481,0.692144
ACCAGTGCCCGGTCAA-1,0.000053,0.000053,0.058483,0.941411
ACCAGTGCGGGAGACG-1,0.000014,0.000014,0.004291,0.99568
ACCATATCCGCAATAA-1,0.000023,0.000023,0.000023,0.99993
ACCATCCGCCAACTAG-1,0.000027,0.000027,0.000027,0.99992
ACCATCGTATATGGTA-1,0.000043,0.000043,0.031177,0.968738
ACCATTAAGGGTGTCA-1,0.000052,0.000052,0.000052,0.999845
ACCCAACGCCCGTGGC-1,0.000253,0.000253,0.000253,0.999241
ACCCACCTACATGCTC-1,0.000021,0.000021,0.000021,0.999936
ACCCATCTTGAGGGTA-1,0.000031,0.000031,0.025164,0.974774
ACCCATTTGTCCCTCT-1,0.000022,0.000022,0.027514,0.972442
ACCCGGAAACTCCCAG-1,0.000026,0.000026,0.000026,0.999922
ACCCGGAGCACCACAA-1,0.000024,0.009477,0.29291,0.697589
ACCCGGATGACGCATC-1,0.000015,0.000015,0.016077,0.983892
ACCCGGTTACACTTCC-1,0.00003,0.00003,0.076401,0.923538
ACCCGTGTCATCAGTA-1,0.000012,0.000012,0.012046,0.98793
ACCCTATAGGACTGAG-1,0.000127,0.000127,0.000127,0.999619
ACCCTATGCCATATCG-1,0.000013,0.000013,0.959594,0.040379
ACCCTCCCTTGCTATT-1,0.000015,0.000015,0.022126,0.977844
ACCCTGGTAACGCCCT-1,0.000033,0.000033,0.061044,0.938889
ACCCTTCATCTGCGAA-1,0.00002,0.00002,0.00002,0.999941
ACCCTTGCCTGGGTCG-1,0.000051,0.003934,0.026255,0.96976
ACCCTTTAGTTCTCCA-1,0.000029,0.000029,0.000029,0.999913
ACCGAAAGGGCCCTGC-1,0.000038,0.000038,0.000038,0.999885
ACCGAAGAGTCTGGTT-1,0.000027,0.000027,0.012467,0.987479
ACCGACACATCTCCCA-1,0.00001,0.00001,0.01407,0.98591
ACCGACTGAGTCCCAC-1,0.000019,0.000019,0.008303,0.991658
ACCGAGTCTCCTTATT-1,0.00001,0.00001,0.010303,0.989676
ACCGATAGGCATAACC-1,0.000012,0.000012,0.77608,0.223897
ACCGATGGTAGCATCG-1,0.000004,0.000004,0.00001,0.999983
ACCGCAATAACTGCCT-1,0.00002,0.00002,0.00002,0.999939
ACCGCGGTGGAAGTCG-1,0.000021,0.000021,0.001532,0.998427
ACCGGGCCTTTGTTGA-1,0.000011,0.000011,0.005582,0.994397
ACCGGTCAGGTACACC-1,0.000018,0.000018,0.022766,0.977199
ACCGTTCCCGCTCTGA-1,0.000095,0.000095,0.000095,0.999716
ACCTAAGTACCTTTCA-1,0.00002,0.00002,0.064069,0.935892
ACCTAATCGACTTCCT-1,0.000016,0.000016,0.071977,0.927991
ACCTACAGTATGTGGT-1,0.000026,0.000026,0.098647,0.901301
ACCTACTATAAATCTA-1,0.000029,0.000029,0.049475,0.950467
ACCTCCGCCCTCGCTG-1,0.00002,0.008346,0.014533,0.9771
ACCTCCGTTATTCACC-1,0.000017,0.000017,0.026511,0.973456
ACCTGCGTGTCATGTT-1,0.000031,0.000031,0.006046,0.993892
ACGAAATGGGCGGCAC-1,0.000017,0.000017,0.000017,0.99995
ACGACCCATGAGTTGC-1,0.000054,0.062876,0.320977,0.616093
ACGACTCTAGGGCCGA-1,0.000036,0.022698,0.061101,0.916166
ACGAGAACCCATCACG-1,0.000037,0.000037,0.000037,0.99989
ACGAGATATTTGCTTA-1,0.000028,0.000028,0.000028,0.999915
ACGAGGATACCACTCT-1,0.000024,0.000024,0.035603,0.964349
ACGAGGTTTACAACGT-1,0.000009,0.000009,0.003312,0.99667
ACGAGTACGGATGCCC-1,0.000017,0.000017,0.003958,0.996007
ACGAGTCGCCGGCGTT-1,0.00004,0.00004,0.00004,0.99988
ACGATACATAGAACTA-1,0.000013,0.000013,0.001595,0.998379
ACGATACCTATCCTGA-1,0.000053,0.000053,0.004376,0.995518
ACGATCATACATAGAG-1,0.000025,0.000025,0.009487,0.990463
ACGATCATCTTGTAAA-1,0.000014,0.000014,0.003487,0.996485
ACGATGCATATGTTAT-1,0.000033,0.000033,0.044913,0.955021
ACGATGGATCCGATGC-1,0.000031,0.000031,0.000031,0.999906
ACGCAATCACTACAGC-1,0.000008,0.000008,0.009832,0.990151
ACGCATAAATGACATG-1,0.000031,0.000031,0.058307,0.94163
ACGCATACGTTTACTA-1,0.000023,0.001664,0.009008,0.989305
ACGCATTCGTGAGTAC-1,0.000014,0.000014,0.000014,0.999957
ACGCCACTCGAAACAG-1,0.000057,0.000057,0.027225,0.972661
ACGCCAGATGATTTCT-1,0.000035,0.000035,0.000035,0.999895
ACGCCGCTAGACGACC-1,0.000029,0.000029,0.000029,0.999912
ACGCCTGACACGCGCT-1,0.000466,0.000466,0.000466,0.998601
ACGCGAAGTCAGACGA-1,0.000018,0.000018,0.013156,0.986808
ACGCGCTACACAGGGT-1,0.000012,0.000012,0.00248,0.997496
ACGCGGGCCAAGGACA-1,0.000014,0.000014,0.000014,0.999957
ACGCGTTTCTTAAGAG-1,0.000036,0.000036,0.002062,0.997866
ACGCTAGTGATACACT-1,0.000015,0.000015,0.017066,0.982905
ACGCTGTGAGGCGTAG-1,0.000042,0.000042,0.068814,0.931101
ACGGAATTTAGCAAAT-1,0.000015,0.000015,0.000015,0.999955
ACGGACTCTCAAAGCG-1,0.000015,0.000015,0.032504,0.967466
ACGGAGCGCAAATTAC-1,0.000021,0.000021,0.000275,0.999683
ACGGATGGTGCGGATA-1,0.000018,0.000018,0.015158,0.984806
ACGGCACTTGCTTGGG-1,0.000031,0.000031,0.020317,0.979622
ACGGCCAACATGGACT-1,0.000016,0.000016,0.000016,0.999952
ACGGCGACGATGGGAA-1,0.000023,0.000023,0.006159,0.993796
ACGGCGGGTTGCCCTG-1,0.000042,0.000042,0.000042,0.999875
ACGGCTGGATGTAGAA-1,0.000065,0.000065,0.036484,0.963387
ACGGGAGTGTCGGCCC-1,0.00003,0.00003,0.067916,0.932025
ACGGGCGTATGCGACA-1,0.000039,0.000039,0.005348,0.994575
ACGGGTCATGTGACTT-1,0.00004,0.00004,0.000222,0.999697
ACGTACAGATTTCTCT-1,0.00002,0.00002,0.006591,0.993369
ACGTAGATTGCTGATG-1,0.000028,0.000028,0.000028,0.999916
ACGTAGGAGAGTCGCT-1,0.000023,0.000023,0.000023,0.999932
ACGTATTACTCCGATC-1,0.000018,0.000018,0.026152,0.973812
ACGTCTCGTTCCGGGA-1,0.000019,0.000019,0.000019,0.999942
ACGTGACAAAGTAAGT-1,0.000006,0.000006,0.018614,0.981374
ACGTGCGCCTCGTGCA-1,0.000072,0.000072,0.000072,0.999785
ACGTTAATGTCGAAGA-1,0.000037,0.000037,0.019529,0.980397
ACGTTAGATTTGCCCG-1,0.000047,0.000047,0.053156,0.946751
ACGTTATTGGTCACTC-1,0.000058,0.000058,0.000058,0.999826
ACGTTCCGCGCTCCGT-1,0.000785,0.000785,0.000785,0.997645
ACGTTCGCAATCAATT-1,0.000021,0.000021,0.012115,0.987843
ACGTTCTGTACAAGTC-1,0.000007,0.000007,0.984316,0.015671
ACGTTTAGTTGTGATC-1,0.000069,0.000069,0.000069,0.999794
ACTAATACGTCAGGCG-1,0.000207,0.000207,0.047403,0.952184
ACTACATCCCGACAAG-1,0.000032,0.000032,0.051818,0.948119
ACTACCAGCTCTCTGG-1,0.000019,0.000019,0.035032,0.96493
ACTACGCGTTAGAATT-1,0.000008,0.000008,0.012072,0.987912
ACTAGTTGCGATCGTC-1,0.000007,0.000007,0.000007,0.999979
ACTATATGCTGTGTTC-1,0.000043,0.000043,0.017235,0.982678
ACTATCCAGGGCATGG-1,0.00002,0.00002,0.01078,0.989181
ACTATCGCCGGCTAAA-1,0.000013,0.000013,0.006275,0.993699
ACTATCTGCCCGCGTA-1,0.000025,0.000025,0.106167,0.893783
ACTATGTCCAGCTGCC-1,0.00005,0.00005,0.057509,0.94239
ACTATTCGTCCGTGGT-1,0.000068,0.000068,0.000068,0.999795
ACTCAACGAATGTATT-1,0.000033,0.000033,0.016185,0.983748
ACTCAAGTGCAAGGCT-1,0.000006,0.000006,0.037,0.962988
ACTCAATAAAGGCACG-1,0.000028,0.000028,0.000028,0.999916
ACTCAGACCTGCTTCT-1,0.000088,0.000088,0.029974,0.96985
ACTCCCATTCCTAAAG-1,0.000029,0.000029,0.017516,0.982425
ACTCCCGAATTCGTTT-1,0.000016,0.000016,0.0222,0.977767
ACTCCCGTAGACTAGG-1,0.000012,0.000012,0.022339,0.977637
ACTCCCTAATGCTAAA-1,0.000016,0.000016,0.025838,0.97413
ACTCCCTAGAATAGTA-1,0.000041,0.000041,0.000041,0.999877
ACTCCGGCCGACCACT-1,0.000023,0.02304,0.017844,0.959093
ACTCGATGTATTTCAT-1,0.000389,0.000389,0.114561,0.884662
ACTCGTAACCCGTCCT-1,0.000026,0.000026,0.012815,0.987133
ACTCGTCAGTAATCCC-1,0.000024,0.000024,0.000024,0.999927
ACTCTAAACCTGGGAT-1,0.000015,0.000015,0.000015,0.999954
ACTCTCTGACTTAGGT-1,0.00003,0.00003,0.00003,0.999909
ACTCTCTTATACACGA-1,0.000044,0.000044,0.000044,0.999867
ACTCTGACCTAATAGA-1,0.00002,0.018836,0.088247,0.892898
ACTCTTGTATAGTAAC-1,0.000017,0.000017,0.000017,0.999948
ACTGAAACGCCGTTAG-1,0.000026,0.000026,0.016927,0.983022
ACTGAATGGCGAAAGT-1,0.000015,0.000015,0.005756,0.994215
ACTGATTTAGTGATTC-1,0.00019,0.00019,0.00019,0.999429
ACTGCCGTCGTAACTC-1,0.000032,0.000032,0.000032,0.999905
ACTGCGGACACACCGT-1,0.000055,0.000055,0.006119,0.993772
ACTGCTCGGAAGGATG-1,0.000018,0.000018,0.017657,0.982307
ACTGTACGATACACAT-1,0.000036,0.000036,0.000036,0.999891
ACTGTAGCACTTTGGA-1,0.000034,0.000034,0.000034,0.999898
ACTGTATACGCGAGCA-1,0.000024,0.000024,0.000024,0.999929
ACTGTCCAGGATTATA-1,0.000013,0.000013,0.037057,0.962917
ACTGTCTTCTTTAGAA-1,0.000027,0.000027,0.000027,0.999919
ACTGTGCTAGTAGATC-1,0.000195,0.000195,0.000195,0.999414
ACTTACCGGGCGCGCA-1,0.000068,0.000068,0.000068,0.999797
ACTTACGCATCCACGC-1,0.000022,0.000022,0.088552,0.911405
ACTTAGTACGACAAGA-1,0.000086,0.000086,0.000086,0.999742
ACTTATACTTACCCGG-1,0.000004,0.000004,0.000039,0.999954
ACTTATCTGATCTATA-1,0.000067,0.000067,0.011085,0.988782
ACTTATTAGGATCGGT-1,0.000247,0.000247,0.313179,0.686328
ACTTATTTATGTGCCA-1,0.000012,0.000012,0.018334,0.981642
ACTTCAGGCTGATCCC-1,0.00004,0.00004,0.014528,0.985393
ACTTCCAGTGGAAGCT-1,0.000063,0.000063,0.101065,0.898809
ACTTCCATGCGGGACA-1,0.000017,0.000017,0.055759,0.944206
ACTTCGCCATACGCAC-1,0.000061,0.000061,0.000061,0.999816
ACTTGACTCCCTCTTT-1,0.000124,0.000124,0.000124,0.999627
ACTTGCCATATTGTAC-1,0.00023,0.00023,0.00023,0.999311
ACTTGGGACCCGGTGG-1,0.00001,0.00001,0.396653,0.603328
ACTTGTAGTCCCTTCA-1,0.000054,0.000054,0.055856,0.944036
ACTTGTGGATGGAACG-1,0.000017,0.000017,0.005354,0.994612
ACTTTACCCTCATGAA-1,0.000014,0.000014,0.022495,0.977477
ACTTTCCTATAGCTTC-1,0.000041,0.000041,0.000041,0.999878
ACTTTGACTGCATCCT-1,0.000062,0.000062,0.000062,0.999814
ACTTTGGTCGTGCTCC-1,0.000334,0.000334,0.000334,0.998997
AGAAATTATGACTCGC-1,0.000008,0.000008,0.945434,0.05455
AGAACCCTCAATTGGG-1,0.000077,0.000077,0.000077,0.999768
AGAACGTGGTACATTC-1,0.000048,0.000048,0.000048,0.999857
AGAAGAGCGCCGTTCC-1,0.000053,0.000053,0.000053,0.999841
AGAAGGTACACTTCAC-1,0.000007,0.000007,0.014291,0.985696
AGAAGGTTGCCGAATT-1,0.00003,0.00003,0.048509,0.951431
AGAAGGTTGTAGGTCG-1,0.000007,0.000007,0.021392,0.978594
AGAAGTGATTCGTGAT-1,0.000024,0.000024,0.02728,0.972671
AGAATAAATCTTCAGG-1,0.000027,0.000027,0.000027,0.999919
AGAATGCGGGTTCGGA-1,0.000015,0.000015,0.003737,0.996234
AGAATTATGGATTCGA-1,0.000005,0.000005,0.000005,0.999985
AGAATTGTTTGACATA-1,0.00008,0.00008,0.00008,0.99976
AGACAGCTCAGAATCC-1,0.000006,0.000006,0.000006,0.999983
AGACAGGCATCTCAGC-1,0.000021,0.023559,0.643028,0.333393
AGACATAGATCCTTCC-1,0.000111,0.000111,0.08292,0.916857
AGACCAAACCACACCT-1,0.000006,0.000006,0.031585,0.968402
AGACCATGGGATACAA-1,0.000021,0.000021,0.000021,0.999937
AGACCCACCGCTGATC-1,0.000009,0.000009,0.000009,0.999973
AGACCCGCCCTCCTCG-1,0.000021,0.000021,0.000021,0.999938
AGACCGCTCCGCGGTT-1,0.000025,0.000025,0.085056,0.914894
AGACCGGGAAACCCTG-1,0.000034,0.000034,0.000034,0.999897
AGACGAAGTGCCGGTC-1,0.000018,0.000018,0.007694,0.99227
AGACGACGATGCCGCT-1,0.000022,0.000022,0.132439,0.867518
AGACGCCCACTTCGCC-1,0.000068,0.000068,0.409591,0.590272
AGACGGGCCGATTTAA-1,0.000041,0.000041,0.002388,0.99753
AGACTAGCCTTCCAGA-1,0.000016,0.000016,0.04419,0.955778
AGAGAACCGTCTAGGA-1,0.000011,0.000011,0.00362,0.996357
AGAGAAGGAGTACAAT-1,0.000012,0.000232,0.055301,0.944456
AGAGATCTCTAAAGCG-1,0.000019,0.000019,0.00101,0.998952
AGAGCAGTTATGAGAC-1,0.000023,0.000023,0.000023,0.99993
AGAGCCGCCGAGATTT-1,0.000032,0.000032,0.097709,0.902226
AGAGCGGGCTAATCAT-1,0.000035,0.000035,0.000035,0.999895
AGAGCGTACAAGCTCG-1,0.000028,0.000028,0.058065,0.94188
AGAGCTACGAAAGCAT-1,0.000046,0.000046,0.042777,0.957132
AGAGGCTTCGGAAACC-1,0.000016,0.000016,0.029148,0.97082
AGAGGGACAATTGTCC-1,0.000039,0.000039,0.047779,0.952143
AGAGGTATCTCGGTCC-1,0.000031,0.000031,0.004521,0.995416
AGAGTAAACTTCACTA-1,0.000016,0.000016,0.017103,0.982865
AGAGTATAGTGTTACG-1,0.000015,0.000015,0.075157,0.924812
AGAGTTAGAGACCGAT-1,0.000232,0.000232,0.000232,0.999303
AGAGTTGCAGGCCTCC-1,0.000031,0.003551,0.013331,0.983087
AGATAACTTCAGGGCC-1,0.000024,0.000024,0.067661,0.932291
AGATACCAATAGAACC-1,0.000018,0.000018,0.216554,0.783409
AGATACCAGCACTTCA-1,0.000026,0.000026,0.012383,0.987565
AGATACCGGTGTTCAC-1,0.000039,0.000039,0.023856,0.976066
AGATACGACTTCATAT-1,0.000061,0.000061,0.000061,0.999816
AGATACTCAAGATCGA-1,0.000014,0.000014,0.00875,0.991222
AGATATAATACGACTA-1,0.000008,0.000008,0.037671,0.962312
AGATCGTGCATAAGAT-1,0.000111,0.000111,0.000111,0.999667
AGATCTCAGGTGTGAT-1,0.000061,0.000061,0.000061,0.999818
AGATGACTCGCCCACG-1,0.000033,0.000033,0.020057,0.979878
AGATGAGGGTTGCGAT-1,0.000164,0.303654,0.000164,0.696018
AGATGATGGAGTCTGG-1,0.000012,0.000012,0.018248,0.981728
AGATGCAAGACGTGCA-1,0.000009,0.000009,0.020498,0.979484
AGATGCATCCTGTGTC-1,0.00024,0.00024,0.00024,0.999279
AGATGCTATAACGAGC-1,0.000167,0.000167,0.000167,0.999499
AGATTATAGGACGTTT-1,0.000024,0.000024,0.191271,0.808682
AGATTCACAACCGATA-1,0.000005,0.000005,0.018723,0.981266
AGCAAAGGCCGCTAGT-1,0.000011,0.000011,0.000107,0.999871
AGCAACATATCTTATT-1,0.000012,0.000012,0.00839,0.991587
AGCAACCGAAAGTAAT-1,0.00001,0.00001,0.04405,0.95593
AGCACCAGTACTCACG-1,0.000036,0.000036,0.000036,0.999892
AGCACTACCGGCCTGT-1,0.000022,0.000022,0.000022,0.999933
AGCACTACCTCACCAG-1,0.000051,0.000051,0.000051,0.999846
AGCACTTAAGGACGCC-1,0.000017,0.000017,0.002443,0.997523
AGCAGAAGGAGAAAGA-1,0.000006,0.000006,0.011841,0.988146
AGCAGCCAGATGAATA-1,0.000046,0.000046,0.000046,0.999863
AGCAGTCGAAGCATGC-1,0.000011,0.000011,0.005089,0.994888
AGCATATCAATATGCT-1,0.000012,0.000012,0.007125,0.992852
AGCATCATTTCGAAAG-1,0.000011,0.000011,0.085294,0.914684
AGCATCGTCGATAATT-1,0.233903,0.001399,0.001399,0.763299
AGCATTACGAGGCAAG-1,0.000023,0.026233,0.426106,0.547638
AGCCAAGCTTTGTGTC-1,0.000026,0.000026,0.013287,0.986661
AGCCACAGGTTACCCG-1,0.000012,0.000012,0.072212,0.927763
AGCCACTCCCGTGCTT-1,0.000043,0.000043,0.000043,0.999872
AGCCATATAGTATGTG-1,0.00003,0.00003,0.028892,0.971048
AGCCCATACATGTAAG-1,0.000008,0.000008,0.011476,0.988507
AGCCCGCAACAAGCAG-1,0.000111,0.009383,0.039396,0.95111
AGCCCTAAGCGAAGTT-1,0.00003,0.00003,0.00003,0.999909
AGCCCTGTCGCACCGT-1,0.000037,0.000037,0.223921,0.776006
AGCCCTTCTAATCCGA-1,0.000055,0.000055,0.030014,0.969877
AGCCCTTGGACATCCC-1,0.000017,0.00978,0.591204,0.398999
AGCCGCAAATTCAAAT-1,0.000021,0.000021,0.004108,0.995849
AGCCGCTTGATTAGCG-1,0.000014,0.000014,0.013424,0.986548
AGCCGTGGCTAAATGT-1,0.000019,0.000019,0.064351,0.935611
AGCCTAATACCCACGT-1,0.000017,0.000017,0.025086,0.974881
AGCCTTAAAGCGGAAG-1,0.000348,0.000348,0.113668,0.885636
AGCGACAGGAACGGTC-1,0.000012,0.000012,0.046459,0.953516
AGCGACATCCCATTCA-1,0.000027,0.000027,0.000027,0.999918
AGCGACCAACGATATT-1,0.000008,0.000008,0.002245,0.997739
AGCGATGCGCCTAATA-1,0.00002,0.00002,0.24821,0.75175
AGCGCATAATGAATCG-1,0.000015,0.000015,0.046246,0.953725
AGCGCGGGTGCCAATG-1,0.000215,0.000215,0.000215,0.999354
AGCGCTAGAGCGATGT-1,0.000195,0.000195,0.24264,0.756971
AGCGCTTATGGGCAAG-1,0.000067,0.000067,0.00799,0.991877
AGCGGACACTTCGTAG-1,0.000011,0.000011,0.010277,0.9897
AGCGGCGGTTAGCGGT-1,0.000013,0.000013,0.060419,0.939556
AGCGGGAAGGGTCCAT-1,0.000418,0.000418,0.000418,0.998746
AGCGGGTCTGACACTC-1,0.000017,0.000017,0.006645,0.993321
AGCGGTTGCCGCTCTG-1,0.000019,0.000019,0.018469,0.981493
AGCGTACGAGAGCTAG-1,0.000045,0.000045,0.000045,0.999866
AGCGTAGCGCTAGACC-1,0.000033,0.000033,0.000033,0.999902
AGCGTCTGAACCCGCA-1,0.000011,0.000011,0.000011,0.999968
AGCGTGGTATTCTACT-1,0.000076,0.000076,0.000076,0.999773
AGCTAAGTACGCAGGC-1,0.000011,0.000011,0.05908,0.940898
AGCTAGAAGCAGAAGT-1,0.000042,0.000042,0.000042,0.999873
AGCTATTTAATCCAAC-1,0.000019,0.000019,0.000019,0.999944
AGCTCCATATATGTTC-1,0.000032,0.000032,0.02431,0.975625
AGCTCCTTCGCACATC-1,0.00001,0.00001,0.041888,0.958092
AGCTCGTTGATGGAAA-1,0.000008,0.000008,0.043695,0.956289
AGCTCTAGACGTTCCA-1,0.000022,0.000022,0.003015,0.996941
AGCTCTTCCCAGTGCA-1,0.000153,0.000153,0.000153,0.99954
AGCTCTTCGTAACCTT-1,0.000021,0.000021,0.004556,0.995402
AGCTCTTTACTCAGTT-1,0.000031,0.000031,0.000031,0.999908
AGCTGAAGTAAACCAA-1,0.000038,0.000038,0.000038,0.999885
AGCTGTAACCTCAATC-1,0.000022,0.000022,0.220647,0.779309
AGCTTATAGAGACCTG-1,0.000793,0.000793,0.000793,0.997621
AGCTTCTTCTCGAGCA-1,0.000038,0.029581,0.250568,0.719812
AGCTTGATCTTAACTT-1,0.000029,0.000029,0.000029,0.999914
AGGAAAGCCTCTGATG-1,0.000024,0.000024,0.000024,0.999928
AGGAACGAACGACTTC-1,0.000024,0.250045,0.361665,0.388266
AGGAAGCTGTCCGCCG-1,0.000027,0.000027,0.000027,0.99992
AGGACAGTCGAATCCC-1,0.000007,0.000007,0.01932,0.980667
AGGACATCGCACGTCG-1,0.000066,0.000066,0.000066,0.999802
AGGACGACCCATTAGA-1,0.000025,0.000025,0.04132,0.958631
AGGACGCTCGATGTTG-1,0.000172,0.000172,0.000172,0.999484
AGGACTTATAGGAGAA-1,0.00002,0.00002,0.00002,0.999939
AGGAGACATCCACAGT-1,0.000012,0.000012,0.080518,0.919458
AGGAGGCCTTCGCGCG-1,0.000013,0.000013,0.029439,0.970534
AGGATAAAGTCGGGAT-1,0.000018,0.000018,0.000018,0.999946
AGGATATAGGGATTTA-1,0.000009,0.000009,0.006076,0.993907
AGGATCACGCGATCTG-1,0.000039,0.000039,0.137274,0.862647
AGGATTGCTTACGACA-1,0.000019,0.000019,0.087589,0.912373
AGGCAAAGAGGAATCA-1,0.000065,0.000065,0.009346,0.990525
AGGCAATACGGAGGAC-1,0.00004,0.00004,0.00004,0.999879
AGGCACGTGACTGTCC-1,0.000011,0.000011,0.784332,0.215646
AGGCAGATGCGTAAAC-1,0.000013,0.000013,0.000013,0.999961
AGGCATTGTCGTAGGG-1,0.000021,0.000021,0.004327,0.995631
AGGCCACCCGTTATGA-1,0.000016,0.000016,0.04067,0.959297
AGGCCCAGTGACTGGT-1,0.000035,0.000035,0.000035,0.999894
AGGCCCATTGTACAGG-1,0.000097,0.000097,0.000097,0.99971
AGGCCCTAGAACGCCA-1,0.000029,0.000029,0.015953,0.983989
AGGCCTGAGAATCTCG-1,0.000004,0.000004,0.024477,0.975516
AGGCGATAACTGGCGT-1,0.000136,0.000136,0.505645,0.494082
AGGCGGTTTGTCCCGC-1,0.000021,0.000021,0.042452,0.957507
AGGCGTCTATGGACGG-1,0.000018,0.000018,0.020437,0.979527
AGGCTATGGTTAGCTT-1,0.000026,0.000026,0.000026,0.999922
AGGCTTCCCGAAGAAG-1,0.00001,0.00001,0.0351,0.964879
AGGCTTGCTAGACACC-1,0.000068,0.000068,0.002964,0.996901
AGGGAAACGAGGTACT-1,0.000029,0.000029,0.000029,0.999912
AGGGACAGCACGGCGG-1,0.000351,0.000351,0.000351,0.998946
AGGGACCGGCTGCGTT-1,0.000018,0.000018,0.042198,0.957765
AGGGACTCTACGCGAC-1,0.000022,0.000022,0.004451,0.995505
AGGGAGACATACTTCG-1,0.000013,0.000013,0.000024,0.999951
AGGGCAGCGGCGTGGT-1,0.000066,0.000066,0.000066,0.999802
AGGGCGAGCAGCTGAT-1,0.00006,0.00006,0.025585,0.974295
AGGGCGTGATCGGCTA-1,0.000007,0.000007,0.000007,0.999979
AGGGCTGCAGTTACAG-1,0.000023,0.000023,0.000031,0.999924
AGGGTCAGTAACCCTA-1,0.000011,0.000011,0.009409,0.99057
AGGGTCGATGCGAACT-1,0.000004,0.000004,0.00004,0.999952
AGGGTGCTCTCGAGGG-1,0.000006,0.000006,0.003418,0.996571
AGGGTGGATAGTGCAT-1,0.00005,0.00005,0.00005,0.999851
AGGGTTCCCTTTGGTT-1,0.000227,0.000227,0.000227,0.999319
AGGGTTTAGTTCGGGA-1,0.000039,0.000039,0.000039,0.999884
AGGTAACCTCCTATTC-1,0.000036,0.000036,0.029965,0.969963
AGGTACGATATTGCCA-1,0.000027,0.000027,0.000027,0.999918
AGGTAGGTACAAAGCT-1,0.00001,0.00001,0.028786,0.971195
AGGTATAATTGATAGT-1,0.000019,0.000019,0.008135,0.991827
AGGTATGCGGACATTA-1,0.000118,0.000118,0.115042,0.884723
AGGTCAGGTGAGAGTG-1,0.00002,0.00002,0.027892,0.972068
AGGTCGCCACTTCGGT-1,0.000011,0.000011,0.000011,0.999967
AGGTCGCCTCCCAACA-1,0.000039,0.011019,0.485933,0.503009
AGGTCGCGGAGTTACT-1,0.000019,0.000019,0.000562,0.999399
AGGTGGTGACCTTCGC-1,0.000011,0.000011,0.042359,0.95762
AGGTGTATCGCCATGA-1,0.000032,0.000032,0.031156,0.96878
AGGTTACACCATGCCG-1,0.000017,0.000017,0.394378,0.605588
AGGTTGAGGCACGCTT-1,0.000022,0.000022,0.000022,0.999934
AGGTTTCACACACCTT-1,0.00004,0.00004,0.00004,0.99988
AGTAACGTTCATCCTG-1,0.00018,0.00018,0.00018,0.99946
AGTAATGTCTTGCCGC-1,0.000056,0.000056,0.000056,0.999831
AGTACAGAAGCTTATA-1,0.000031,0.000031,0.016591,0.983346
AGTACATCATTTATCA-1,0.000012,0.000012,0.07857,0.921407
AGTACCTTCGAGTGCT-1,0.000032,0.000032,0.023156,0.97678
AGTACGGCCCGTATCG-1,0.000021,0.000021,0.003297,0.996661
AGTACGGGCACCTGGC-1,0.000046,0.000046,0.000046,0.999861
AGTACGTGGCCTGTCT-1,0.000031,0.000031,0.000031,0.999908
AGTACTCTTATGCCCA-1,0.000022,0.000022,0.015651,0.984306
AGTAGAAGGCGCCTCA-1,0.000027,0.000027,0.068918,0.931027
AGTAGGAAGGAAGTTG-1,0.000159,0.000159,0.000159,0.999523
AGTAGGTAACATACAT-1,0.000017,0.000017,0.035033,0.964933
AGTATAATACTAGGCA-1,0.000024,0.000024,0.039896,0.960056
AGTATCCATAATAACG-1,0.000022,0.000022,0.000022,0.999933
AGTATGCTGGAGACCA-1,0.000015,0.000015,0.044476,0.955495
AGTATTTGGCACGACC-1,0.000013,0.000013,0.043641,0.956332
AGTCAACACCACCATC-1,0.000023,0.000023,0.126409,0.873546
AGTCAAGATGACACTT-1,0.000012,0.000012,0.004174,0.995803
AGTCACTAGCTCTCGA-1,0.000026,0.000026,0.000026,0.999921
AGTCACTCCGCCTCAT-1,0.000052,0.000052,0.000052,0.999845
AGTCAGCCACCGCCTG-1,0.000082,0.000082,0.000082,0.999753
AGTCCAGCGGGTACGT-1,0.000029,0.000029,0.008449,0.991493
AGTCCATTGGCTGATG-1,0.000018,0.000018,0.029729,0.970234
AGTCCCGCCTTTAATT-1,0.000038,0.000038,0.000038,0.999885
AGTCCCTCGCAGAAAG-1,0.000018,0.000018,0.093653,0.90631
AGTCGACGGTCTCAAG-1,0.00001,0.00001,0.014719,0.985262
AGTCGGCCCAAACGAC-1,0.000013,0.000013,0.008133,0.991841
AGTCGGCTCAACTTTA-1,0.000026,0.000026,0.012619,0.987328
AGTCGGTTGCGTGAGA-1,0.000013,0.000013,0.098727,0.901246
AGTCGTATAAAGCAGA-1,0.000004,0.000004,0.017913,0.98208
AGTCGTCGACCACCAA-1,0.000022,0.000022,0.02554,0.974416
AGTCGTGGGCATTACG-1,0.000016,0.084005,0.036772,0.879207
AGTCTAAAGTATACTC-1,0.000008,0.000008,0.017233,0.982752
AGTCTCACAAGACTAC-1,0.000015,0.000015,0.522064,0.477905
AGTCTGGACATCCTTG-1,0.000606,0.000606,0.000606,0.998183
AGTCTTCTCCTCAAAT-1,0.000037,0.000037,0.000037,0.999889
AGTCTTTAAAGTGTCC-1,0.000011,0.000011,0.016448,0.98353
AGTGAACAAACTTCTC-1,0.000004,0.000004,0.003673,0.996319
AGTGAAGATGGTGTCC-1,0.000022,0.000022,0.042381,0.957575
AGTGACCTACTTTACG-1,0.198589,0.000039,0.09751,0.703862
AGTGAGACTTCCAGTA-1,0.000007,0.000007,0.007026,0.99296
AGTGAGCCTCGCCGCC-1,0.000018,0.000018,0.006863,0.993101
AGTGAGGGTTTCTGAC-1,0.000039,0.000039,0.000039,0.999882
AGTGAGTCGAATTAAC-1,0.000046,0.027585,0.33234,0.64003
AGTGATAACCTGCGCG-1,0.000008,0.000008,0.049108,0.950876
AGTGATATGAGTAGTT-1,0.000036,0.000036,0.339215,0.660713
AGTGATTCAAGCAGGA-1,0.000025,0.000025,0.013301,0.986649
AGTGCACGCTTAAGAA-1,0.000011,0.000011,0.013152,0.986826
AGTGCGTAGCTCGTAA-1,0.000023,0.000023,0.090608,0.909345
AGTGCTAAACACAGCA-1,0.000006,0.000006,0.027702,0.972286
AGTGCTTGCACGAATA-1,0.000014,0.000014,0.014606,0.985367
AGTGGCGGCAATTTGA-1,0.00016,0.00016,0.00016,0.999519
AGTGGCGTCTGAAGGT-1,0.000006,0.000006,0.092955,0.907032
AGTGGCTCCGTCGGCC-1,0.00005,0.00005,0.141536,0.858363
AGTGGGAGTATACACG-1,0.000028,0.000028,0.002872,0.997072
AGTGGTGTTACCCGTG-1,0.000022,0.000022,0.019127,0.980829
AGTGGTTGCGTATAGG-1,0.000044,0.000044,0.000044,0.999869
AGTGTATTGCGCATTG-1,0.000224,0.000224,0.056122,0.943429
AGTGTGCTAAGATCGC-1,0.000009,0.000009,0.000009,0.999973
AGTGTGGTCTATTGTG-1,0.00074,0.00074,0.00074,0.997781
AGTTAAACACTTGCGA-1,0.000031,0.000031,0.061501,0.938437
AGTTAAGCGGTCCCGG-1,0.000024,0.000024,0.000024,0.999928
