Barcode,Topic 1,Topic 2,Topic 3,Topic 4,Topic 5,Topic 6,Topic 7,Topic 8
AAACAACGAATAGTTC-1,0.000288,0.000289,0.808703,0.000289,0.000289,0.000289,0.000289,0.189566
AAACAAGTATCTCCCA-1,0.002319,0.556452,0.002319,0.002319,0.002319,0.002319,0.429634,0.002319
AAACAATCTACTAGCA-1,0.055551,0.438156,0.449464,0.000533,0.000533,0.000533,0.000533,0.054698
AAACACCAATAACTGC-1,0.056142,0.452234,0.294491,0.022416,0.044254,0.013735,0.00959,0.107138
AAACAGCTTTCAGAAG-1,0.16449,0.50606,0.328807,0.000129,0.000129,0.000129,0.000129,0.000129
AAACAGGGTCTATATT-1,0.002556,0.002556,0.98211,0.002555,0.002556,0.002556,0.002555,0.002556
AAACAGTGTTCCTGGG-1,0.000294,0.522314,0.342012,0.000294,0.000294,0.000294,0.000294,0.134203
AAACATGGTGAGAGGA-1,0.000025,0.534245,0.465586,0.000045,0.000025,0.000025,0.000025,0.000025
AAACATTTCCCGGATT-1,0.004318,0.004318,0.969773,0.004318,0.004317,0.004318,0.004318,0.00432
AAACCCGAACGAAATC-1,0.000398,0.000397,0.000397,0.000397,0.401974,0.581965,0.000398,0.014073
AAACCGGAAATGTTAA-1,0.002364,0.98346,0.002362,0.002363,0.002363,0.002363,0.002363,0.002363
AAACCGGGTAGGTACC-1,0.035826,0.349736,0.169394,0.28474,0.109158,0.000079,0.000079,0.050988
AAACCTAAGCAGCCGG-1,0.100057,0.000307,0.161848,0.363548,0.000307,0.12471,0.044557,0.204666
AAACCTCATGAAGTTG-1,0.001204,0.001204,0.45503,0.350118,0.001204,0.001204,0.001204,0.188832
AAACGAAGAACATACC-1,0.000642,0.599683,0.18449,0.000642,0.000642,0.212616,0.000642,0.000642
AAACGAAGATGGAGTA-1,0.000259,0.000259,0.251483,0.051247,0.000259,0.138017,0.004636,0.553842
AAACGAGACGGTTGAT-1,0.000105,0.022212,0.975434,0.001828,0.000105,0.000105,0.000105,0.000105
AAACGCTGGGCACGAC-1,0.000159,0.20476,0.62016,0.133345,0.000159,0.031993,0.000159,0.009266
AAACGGGCGTACGGGT-1,0.001149,0.001149,0.82783,0.001149,0.001149,0.001149,0.165276,0.001149
AAACGGGTTGGTATCC-1,0.06399,0.022384,0.001421,0.008165,0.382755,0.028027,0.112569,0.380688
AAACGGTTGCGAACTG-1,0.241534,0.445181,0.31225,0.000207,0.000207,0.000207,0.000207,0.000207
AAACGTGTTCGCCCTA-1,0.002723,0.002723,0.002723,0.202922,0.002723,0.002722,0.002723,0.780742
AAACTCGGTTCGCAAT-1,0.002408,0.983143,0.002409,0.002408,0.002408,0.002408,0.002408,0.002408
AAACTCGTGATATAAG-1,0.100152,0.402577,0.344649,0.000241,0.000241,0.034748,0.000241,0.11715
AAACTGCTGGCTCCAA-1,0.188433,0.165367,0.284768,0.210003,0.010142,0.141072,0.000108,0.000108
AAACTTAATTGCACGC-1,0.186426,0.000217,0.530732,0.136712,0.140975,0.000214,0.00451,0.000214
AAACTTGCAAACGTAT-1,0.000474,0.036075,0.464438,0.145776,0.000474,0.043075,0.037178,0.272509
AAAGAATGACCTTAGA-1,0.000559,0.115156,0.474153,0.407896,0.000559,0.000559,0.000559,0.000559
AAAGAATGTGGACTAA-1,0.000388,0.000388,0.620383,0.000388,0.000388,0.000388,0.195492,0.182186
AAAGACCCAAGTCGCG-1,0.003913,0.518799,0.003914,0.003913,0.003914,0.003913,0.003913,0.457721
AAAGACTGGGCGCTTT-1,0.001216,0.001216,0.857118,0.135589,0.001216,0.001216,0.001216,0.001215
AAAGCTTGCCTACATA-1,0.001669,0.367467,0.622516,0.001669,0.001669,0.001669,0.001669,0.001669
AAAGGCTACGGACCAT-1,0.205308,0.461091,0.310794,0.020744,0.00118,0.000056,0.000056,0.00077
AAAGGCTCTCGCGCCG-1,0.396764,0.222181,0.109962,0.177409,0.000105,0.000233,0.000105,0.093242
AAAGGGCAGCTTGAAT-1,0.001984,0.079138,0.086144,0.279311,0.002952,0.400009,0.11116,0.039304
AAAGTAGCATTGCTCA-1,0.00013,0.594807,0.353527,0.00013,0.00013,0.00013,0.00013,0.051014
AAAGTCACTGATGTAA-1,0.003913,0.003913,0.697622,0.003913,0.003913,0.278899,0.003914,0.003913
AAAGTCGACCCTCAGT-1,0.008937,0.008941,0.937392,0.008945,0.008941,0.008947,0.008952,0.008944
AAAGTGCCATCAATTA-1,0.00027,0.17271,0.82567,0.00027,0.00027,0.00027,0.00027,0.00027
AAAGTGTGATTTATCT-1,0.000934,0.993459,0.000935,0.000934,0.000934,0.000934,0.000934,0.000934
AAAGTTGACTCCCGTA-1,0.136236,0.001361,0.855598,0.001361,0.001361,0.001361,0.001361,0.001361
AAATAAGGTAGTGCCC-1,0.000473,0.000473,0.000473,0.000473,0.306752,0.441608,0.000473,0.249277
AAATACCTATAAGCAT-1,0.255455,0.119608,0.181627,0.0134,0.174552,0.00942,0.030736,0.215201
AAATAGCTTAGACTTT-1,0.004814,0.004818,0.729077,0.004817,0.004815,0.004817,0.242026,0.004817
AAATAGGGTGCTATTG-1,0.00429,0.099712,0.11553,0.466142,0.013884,0.101784,0.070671,0.127986
AAATCCGATACACGCC-1,0.001788,0.001789,0.669329,0.319938,0.001789,0.001789,0.001789,0.001789
AAATCGCGGAAGGAGT-1,0.000684,0.148057,0.337829,0.508303,0.000684,0.000684,0.000684,0.003073
AAATCTAGCCCTGCTA-1,0.130239,0.634321,0.002556,0.002556,0.22266,0.002555,0.002556,0.002556
AAATGACTGATCAAAC-1,0.000493,0.268494,0.680243,0.048797,0.000493,0.000493,0.000493,0.000493
AAATGATTCGATCAGC-1,0.000374,0.872839,0.124918,0.000374,0.000374,0.000374,0.000374,0.000374
AAATGCTCGTTACGTT-1,0.004009,0.506323,0.077067,0.410954,0.000412,0.000412,0.000412,0.000412
AAATGGCATGTCTTGT-1,0.040792,0.93431,0.001083,0.000085,0.000085,0.023476,0.000085,0.000085
AAATGGCCCGTGCCCT-1,0.003384,0.003384,0.721905,0.003385,0.257788,0.003384,0.003385,0.003385
AAATGTATCTTATCCC-1,0.001585,0.658386,0.055192,0.001585,0.001585,0.001585,0.001585,0.278495
AAATGTGGGTGCTCCT-1,0.000684,0.000684,0.424366,0.333303,0.000684,0.000684,0.000684,0.238909
AAATTAATAAGCGCGA-1,0.061821,0.511867,0.34429,0.000177,0.000177,0.000177,0.000177,0.081314
AAATTACCTATCGATG-1,0.000328,0.122048,0.737483,0.058011,0.000328,0.000328,0.000328,0.081147
AAATTCCAGGTCCAAA-1,0.003794,0.973435,0.003795,0.003795,0.003795,0.003794,0.003795,0.003795
AAATTGATAGTCCTTT-1,0.039675,0.089473,0.253641,0.150722,0.111197,0.01705,0.008161,0.33008
AAATTGCGGCGGTTCT-1,0.000515,0.000515,0.000515,0.000515,0.849377,0.14753,0.000515,0.000515
AAATTGGTGAGAAGCA-1,0.000439,0.000439,0.465271,0.532093,0.000439,0.000439,0.000439,0.000439
AAATTTGCGGGTGTGG-1,0.000069,0.197326,0.716378,0.042512,0.00727,0.000069,0.000218,0.036159
AACAACTGGTAGTTGC-1,0.098623,0.294773,0.088899,0.21752,0.026795,0.13812,0.057843,0.077426
AACAATTACTCTACGC-1,0.000022,0.036481,0.000022,0.06369,0.000022,0.765288,0.132949,0.001525
AACACACGCTCGCCGC-1,0.000773,0.000773,0.374713,0.108263,0.000773,0.000773,0.513159,0.000773
AACACGACTGTACTGA-1,0.252856,0.654696,0.001491,0.001491,0.084995,0.001491,0.001491,0.001491
AACACGAGACGCGGCC-1,0.038992,0.282981,0.060044,0.113552,0.040869,0.188,0.000133,0.275429
AACACGCGGCCGCGAA-1,0.001987,0.001987,0.986087,0.001988,0.001989,0.001987,0.001987,0.001987
AACAGGAAATCGAATA-1,0.124995,0.380076,0.332318,0.011671,0.000096,0.011849,0.138226,0.000769
AACAGGATGGGCCGCG-1,0.00001,0.002267,0.002355,0.046037,0.030148,0.79061,0.102687,0.025887
AACAGGTAGTATGGAT-1,0.001456,0.001456,0.001456,0.001456,0.157978,0.25123,0.501001,0.083968
AACATAGCGTGTATCG-1,0.038128,0.135625,0.500055,0.007137,0.000128,0.000128,0.103858,0.21494
AACATATCAACTGGTG-1,0.006588,0.006592,0.692341,0.006589,0.006592,0.006591,0.00659,0.268117
AACATCGATACGTCTA-1,0.001789,0.724899,0.001789,0.001789,0.001789,0.264367,0.001789,0.001789
AACATTGGTCAGCCGT-1,0.001252,0.001252,0.991235,0.001252,0.001252,0.001252,0.001252,0.001252
AACATTGTGACTCGAG-1,0.130675,0.21544,0.284181,0.091905,0.001646,0.127169,0.029082,0.1199
AACCAAGACTTCTCTG-1,0.070338,0.394967,0.382902,0.14904,0.000688,0.000688,0.000688,0.000688
AACCATAGGGTTGAAC-1,0.232668,0.000894,0.593063,0.000895,0.000895,0.169797,0.000894,0.000895
AACCATGGGATCGCTA-1,0.000429,0.000429,0.266134,0.000429,0.000429,0.000429,0.296369,0.435352
AACCCAGAGACGGAGA-1,0.00084,0.70224,0.00084,0.00084,0.00084,0.00084,0.292718,0.00084
AACCCATCCCATGATC-1,0.001474,0.407736,0.511415,0.073482,0.001473,0.001473,0.001473,0.001473
AACCCGACAACCCGTG-1,0.034603,0.568225,0.171102,0.224348,0.00043,0.00043,0.00043,0.00043
AACCCGAGCAGAATCG-1,0.000656,0.265171,0.000656,0.000656,0.190661,0.408269,0.133276,0.000656
AACCCGCTGTATTCCA-1,0.013139,0.309915,0.589899,0.000222,0.086159,0.000222,0.000222,0.000222
AACCCTACTGTCAATA-1,0.000076,0.000076,0.000076,0.00974,0.178846,0.644546,0.050363,0.116277
AACCCTGGTGGAACCA-1,0.000216,0.689053,0.309649,0.000216,0.000216,0.000216,0.000216,0.000216
AACCGCTAAGGGATGC-1,0.002362,0.584071,0.401751,0.002363,0.002363,0.002363,0.002363,0.002363
AACCGTTGTGTTTGCT-1,0.000882,0.587073,0.000882,0.000882,0.000882,0.407636,0.000882,0.000882
AACCTCGCTTTAGCCC-1,0.000125,0.015698,0.156846,0.387332,0.000125,0.147266,0.113103,0.179504
AACCTGTCACGGAATT-1,0.002555,0.480325,0.50434,0.002556,0.002556,0.002556,0.002556,0.002556
AACCTTTAAATACGGT-1,0.096247,0.187173,0.610804,0.087623,0.016697,0.000052,0.001352,0.000052
AACCTTTACGACGTCT-1,0.263892,0.060953,0.098117,0.470626,0.062335,0.000238,0.000238,0.043601
AACGAAAGTCGTCCCA-1,0.046843,0.000146,0.000146,0.000146,0.42596,0.4309,0.055334,0.040525
AACGACCTCCTAGCCG-1,0.000438,0.183385,0.813988,0.000438,0.000438,0.000438,0.000438,0.000438
AACGATAATGCCGTAG-1,0.206918,0.267034,0.287422,0.158164,0.028856,0.000067,0.017088,0.03445
AACGATAGAAGGGCCG-1,0.163391,0.176465,0.379118,0.063121,0.066533,0.00005,0.012156,0.139167
AACGCATGATCTGGGT-1,0.001987,0.468407,0.481424,0.04023,0.001987,0.001988,0.001988,0.001988
AACGCGAACGGCAACA-1,0.001018,0.001018,0.992872,0.001019,0.001018,0.001018,0.001018,0.001018
AACGCGACCTTGGGCG-1,0.000882,0.394249,0.451875,0.000882,0.149466,0.000882,0.000882,0.000882
AACGCTGTTGCTGAAA-1,0.000321,0.614545,0.04288,0.176383,0.000321,0.101726,0.063503,0.000321
AACGGACGTACGTATA-1,0.000783,0.000783,0.276663,0.658616,0.000783,0.060807,0.000783,0.000783
AACGGCCATCTCCGGT-1,0.089922,0.162725,0.311371,0.410356,0.003747,0.014347,0.00745,0.000082
AACGTAGTCTACCCAT-1,0.000118,0.000118,0.999175,0.000118,0.000118,0.000118,0.000118,0.000118
AACGTCAGACTAGTGG-1,0.070551,0.144477,0.188596,0.255817,0.131329,0.098224,0.09199,0.019014
AACGTCATCCGGCTTG-1,0.033343,0.277334,0.392876,0.001933,0.146827,0.035285,0.072946,0.039456
AACGTCGCTGCACTTC-1,0.257359,0.040392,0.672308,0.027588,0.000588,0.000588,0.000588,0.000588
AACGTGCGAAAGTCTC-1,0.030335,0.076461,0.677162,0.214274,0.000074,0.000074,0.001545,0.000074
AACGTTATCAGCACCT-1,0.000847,0.313927,0.000846,0.000846,0.000846,0.000846,0.000846,0.680996
AACGTTCTACCATTGT-1,0.00101,0.457436,0.536506,0.00101,0.00101,0.00101,0.00101,0.00101
AACTACCCGTTTGTCA-1,0.003479,0.003479,0.975644,0.003479,0.003481,0.003479,0.003478,0.00348
AACTAGCGTATCGCAC-1,0.052383,0.01234,0.933283,0.000399,0.000399,0.000399,0.000399,0.000399
AACTAGGCTTGGGTGT-1,0.474833,0.202518,0.32234,0.000062,0.000062,0.000062,0.000062,0.000062
AACTCCAGAGCGTGTT-1,0.00068,0.000681,0.098072,0.000681,0.483541,0.358994,0.056671,0.000681
AACTCGATAAACACGT-1,0.093259,0.00033,0.133804,0.00033,0.33645,0.047388,0.00033,0.388109
AACTCGATGGCGCAGT-1,0.001692,0.001692,0.688093,0.208263,0.095184,0.001692,0.001692,0.001692
AACTCTCAATAGAGCG-1,0.001988,0.365298,0.065208,0.559554,0.001988,0.001988,0.001988,0.001988
AACTGAGTTATACTGA-1,0.001252,0.991235,0.001252,0.001252,0.001252,0.001252,0.001252,0.001252
AACTGATATTAGGCCT-1,0.278365,0.194662,0.51299,0.000091,0.013618,0.000091,0.000091,0.000091
AACTGGGTCCCGACGT-1,0.384672,0.080629,0.521631,0.012821,0.000062,0.000062,0.000062,0.000062
AACTGGTGTGGGCCTT-1,0.168923,0.002277,0.817418,0.002277,0.002277,0.002276,0.002276,0.002277
AACTTCTGCGTCTATC-1,0.001474,0.001473,0.191791,0.001473,0.185698,0.001473,0.001474,0.615143
AACTTGCCCGTATGCA-1,0.009766,0.089285,0.075508,0.310244,0.005736,0.47527,0.03414,0.000053
AACTTGCGTTCTCGCG-1,0.00107,0.00107,0.63429,0.00107,0.00107,0.00107,0.00107,0.359288
AACTTTACGGGAGCTT-1,0.003053,0.800958,0.180718,0.003054,0.003055,0.003054,0.003053,0.003055
AACTTTAGCTGCTGAG-1,0.000544,0.000544,0.674245,0.000544,0.322488,0.000544,0.000545,0.000544
AACTTTCTCGATCATG-1,0.00072,0.530408,0.00072,0.00072,0.00072,0.089884,0.00072,0.37611
AAGAAATCACCAGATT-1,0.002722,0.002722,0.343188,0.640476,0.002724,0.002723,0.002723,0.002723
AAGAAGGATCAGTTAG-1,0.000895,0.216874,0.777759,0.000894,0.000894,0.000895,0.000894,0.000894
AAGACATACGTGGTTT-1,0.065288,0.278409,0.119904,0.000978,0.000978,0.000979,0.000978,0.532484
AAGACCAAATAACTCA-1,0.047051,0.000399,0.018477,0.278477,0.015734,0.084105,0.000399,0.555359
AAGACCCAACTGAACA-1,0.131271,0.702642,0.156745,0.009179,0.000041,0.000041,0.000041,0.000041
AAGACTAACCCGTTGT-1,0.117482,0.00031,0.880658,0.00031,0.00031,0.00031,0.00031,0.00031
AAGAGATGAATCGGTA-1,0.000027,0.018737,0.015609,0.088592,0.010361,0.779637,0.078506,0.008531
AAGAGCTCTTTATCGG-1,0.050642,0.438878,0.465119,0.043688,0.000093,0.000093,0.000093,0.001394
AAGAGGATGTACGCGA-1,0.014782,0.143348,0.281852,0.155234,0.055482,0.000047,0.005827,0.343429
AAGAGGCATGGATCGC-1,0.00011,0.047024,0.868409,0.001816,0.065537,0.00011,0.00011,0.016884
AAGAGGCCCTTTGGAA-1,0.002319,0.983768,0.002319,0.002319,0.002319,0.002319,0.002319,0.002319
AAGATTGGCGGAACGT-1,0.06172,0.467616,0.000211,0.010929,0.075963,0.003365,0.027273,0.352922
AAGCACCCTGCGTATC-1,0.073245,0.136894,0.174134,0.312039,0.022127,0.0438,0.203612,0.034148
AAGCATACTCTCCTGA-1,0.038957,0.493511,0.002013,0.008891,0.284502,0.05426,0.015956,0.10191
AAGCCGAAGCGGTTTA-1,0.00321,0.003211,0.977525,0.003212,0.00321,0.00321,0.003211,0.00321
AAGCCGCTTTACCTTG-1,0.001842,0.127241,0.685516,0.001841,0.178034,0.001842,0.001842,0.001842
AAGCCGGAGAGCAGGA-1,0.000315,0.290946,0.707161,0.000315,0.000315,0.000315,0.000315,0.000315
AAGCGCAGGGCTTTGA-1,0.000212,0.039456,0.623671,0.208788,0.000212,0.000212,0.127238,0.000212
AAGCGGAGTGCGCGCA-1,0.020006,0.06353,0.384727,0.185672,0.081492,0.025027,0.091091,0.148456
AAGCTAGATCGAGTAA-1,0.350802,0.262078,0.255105,0.058643,0.053492,0.01058,0.001614,0.007686
AAGCTCGTGCCAAGTC-1,0.071892,0.336449,0.488147,0.040916,0.000184,0.062043,0.000184,0.000184
AAGCTCTTTCATGGTG-1,0.000017,0.000017,0.000017,0.000017,0.002585,0.99719,0.00014,0.000017
AAGGAGAACTTATAAG-1,0.000244,0.114905,0.66761,0.060077,0.057825,0.000244,0.000244,0.098851
AAGGAGCGGTTGGTGC-1,0.702228,0.016622,0.068344,0.071777,0.000046,0.045934,0.082229,0.012818
AAGGATCGATCGCTTG-1,0.002277,0.761298,0.225041,0.002277,0.002277,0.002277,0.002276,0.002276
AAGGATGAGGGACCTC-1,0.000339,0.660468,0.337495,0.000339,0.000339,0.000339,0.000339,0.000339
AAGGCAGGCTGTCTCC-1,0.002608,0.002609,0.529685,0.002609,0.002609,0.454663,0.002609,0.002609
AAGGCGCGTAAAGCTT-1,0.031453,0.133728,0.041956,0.062645,0.117389,0.168148,0.23508,0.209601
AAGGCTGTGCTCATCG-1,0.489636,0.148027,0.165861,0.100088,0.016238,0.062261,0.014575,0.003313
AAGGGAACGACTGGCT-1,0.206734,0.131743,0.350575,0.036456,0.067574,0.004457,0.175052,0.02741
AAGGGACAGATTCTGT-1,0.171835,0.000233,0.627312,0.101229,0.000233,0.000233,0.000233,0.098693
AAGGGACTATGCATTC-1,0.00016,0.963153,0.03589,0.00016,0.00016,0.00016,0.00016,0.00016
AAGGGTTAGCCATGCG-1,0.000295,0.727608,0.190496,0.000295,0.000295,0.08042,0.000295,0.000295
AAGGGTTTGATTTCAG-1,0.000552,0.72263,0.27406,0.000552,0.000552,0.000552,0.000552,0.000552
AAGGTATCCTAATATA-1,0.322369,0.08969,0.522808,0.05589,0.000053,0.000053,0.008874,0.000264
AAGGTGATAAACCAGC-1,0.00033,0.00033,0.409124,0.00033,0.00033,0.010965,0.578263,0.00033
AAGTAAGCTTCCAAAC-1,0.011367,0.051021,0.699688,0.087519,0.079228,0.000062,0.06855,0.002564
AAGTAGAAGACCGGGT-1,0.046321,0.316162,0.349973,0.160022,0.089395,0.000681,0.0257,0.011746
AAGTAGTGACGCGAGG-1,0.023515,0.05026,0.143938,0.209873,0.00275,0.076265,0.245873,0.247525
AAGTCAATTGTCGTCA-1,0.001391,0.274401,0.389419,0.001391,0.001391,0.001391,0.001392,0.329224
AAGTCTAGTAGCTGCC-1,0.001376,0.618409,0.373333,0.001376,0.001376,0.001377,0.001377,0.001376
AAGTCTTCTGTGGCCT-1,0.002782,0.087948,0.895356,0.002783,0.002783,0.002782,0.002783,0.002783
AAGTGACGACCGAATT-1,0.041163,0.175081,0.607878,0.058804,0.000178,0.000178,0.000178,0.116539
AAGTGAGTCGGGTTTA-1,0.000852,0.653606,0.000852,0.000852,0.341283,0.000852,0.000852,0.000852
AAGTGCAAAGGTAGAC-1,0.002912,0.691754,0.290772,0.002912,0.002912,0.002913,0.002912,0.002912
AAGTGCCTTGACTGTA-1,0.001509,0.202434,0.001509,0.001509,0.497719,0.001509,0.001508,0.292303
AAGTGCGTTAGAATCT-1,0.000224,0.369188,0.557744,0.058961,0.000224,0.000224,0.000224,0.01321
AAGTGCTTCTCTATTG-1,0.001766,0.458942,0.530468,0.001764,0.001764,0.001767,0.001765,0.001764
AAGTGTTTGGAGACGG-1,0.012407,0.003687,0.060929,0.086335,0.000069,0.556304,0.274177,0.006091
AAGTTCACTCCAAGCT-1,0.000261,0.105888,0.000261,0.267168,0.000261,0.160735,0.178854,0.286573
AAGTTCAGTCTGCGTA-1,0.000813,0.220683,0.000813,0.000813,0.104892,0.256704,0.414468,0.000813
AAGTTCGGCCAACAGG-1,0.046379,0.069988,0.679248,0.015585,0.016505,0.01492,0.002086,0.155289
AAGTTGTGATGTTATA-1,0.002019,0.00202,0.632395,0.355486,0.00202,0.00202,0.00202,0.00202
AAGTTTACTAATGGCA-1,0.001376,0.533107,0.274679,0.001376,0.185333,0.001376,0.001376,0.001376
AAGTTTATGGGCCCAA-1,0.089571,0.324864,0.457602,0.001876,0.000449,0.000449,0.124741,0.000449
AATAACAACGCTCGGC-1,0.000086,0.004285,0.008481,0.055346,0.021496,0.736594,0.146002,0.027709
AATAACGTCGCGCCCA-1,0.000313,0.389304,0.608818,0.000313,0.000313,0.000313,0.000313,0.000313
AATAAGTCCTCGAGAC-1,0.000206,0.000206,0.789222,0.167931,0.041817,0.000206,0.000206,0.000206
AATAATCTTCGTATCG-1,0.000732,0.000732,0.000732,0.575381,0.000732,0.174494,0.000732,0.246463
AATACAATGTTTCAGG-1,0.00072,0.051811,0.00072,0.524904,0.00072,0.388553,0.031853,0.00072
AATACCGGAGGGCTGT-1,0.167598,0.282417,0.314169,0.021355,0.123359,0.000168,0.001438,0.089497
AATACCTGATGTGAAC-1,0.000157,0.15434,0.754065,0.052094,0.000157,0.000157,0.035131,0.003897
AATAGAATCTGTTTCA-1,0.000112,0.000112,0.000112,0.000112,0.000112,0.995016,0.004312,0.000112
AATAGCTACCGCGTGC-1,0.001304,0.001304,0.53906,0.001304,0.001304,0.001304,0.001304,0.453114
AATAGGCACGACCCTT-1,0.002122,0.525619,0.461646,0.002123,0.002123,0.002122,0.002122,0.002123
AATAGTCCGTCCCGAC-1,0.485324,0.362481,0.149077,0.002945,0.000043,0.000043,0.000043,0.000043
AATAGTCGCGAGTCGG-1,0.004317,0.004317,0.004318,0.004318,0.004319,0.004318,0.969774,0.004319
AATATCAAGGTCGGAT-1,0.003296,0.003297,0.976935,0.003295,0.003294,0.003294,0.003294,0.003295
AATATCCTAGCAAACT-1,0.001669,0.00167,0.988313,0.00167,0.001669,0.001669,0.00167,0.00167
AATATCGAATCAATGC-1,0.002981,0.002982,0.979136,0.002981,0.00298,0.00298,0.00298,0.00298
AATATCGAGGGTTCTC-1,0.00072,0.024742,0.970941,0.00072,0.00072,0.00072,0.00072,0.00072
AATATTGGAGTATTGA-1,0.000537,0.681565,0.315211,0.000537,0.000538,0.000537,0.000537,0.000538
AATCAGACTGCAGGAC-1,0.001605,0.001605,0.988763,0.001606,0.001605,0.001605,0.001605,0.001605
AATCATGTAAAGACTC-1,0.000632,0.590243,0.126707,0.279887,0.000632,0.000632,0.000632,0.000633
AATCCAAGGGCCTGAG-1,0.098639,0.215943,0.573662,0.000244,0.000244,0.000244,0.000244,0.110779
AATCCATGCAAGGGTG-1,0.002556,0.002556,0.98211,0.002556,0.002557,0.002555,0.002555,0.002555
AATCCCGCTCAGAGCC-1,0.101827,0.05854,0.25096,0.000533,0.458595,0.000533,0.000533,0.12848
AATCGAGGTCTCAAGG-1,0.000076,0.000076,0.928555,0.045847,0.000076,0.000076,0.02522,0.000076
AATCGCCTCAGCGCCA-1,0.00012,0.312339,0.505512,0.18155,0.00012,0.00012,0.00012,0.00012
AATCGCGCAGAGGACT-1,0.000348,0.581462,0.063396,0.186714,0.073827,0.093558,0.000348,0.000348
AATCGGGACACTACGA-1,0.094772,0.351773,0.551203,0.00045,0.000451,0.000451,0.00045,0.000451
AATCGGTATAGCCCTC-1,0.000365,0.493143,0.347868,0.028325,0.000365,0.000365,0.000365,0.129203
AATCGTGAGCCGAGCA-1,0.001715,0.086829,0.902878,0.001716,0.001715,0.001716,0.001716,0.001716
AATCTAGGTTTACTTG-1,0.000599,0.000599,0.195691,0.000599,0.619257,0.000599,0.182056,0.000599
AATCTATGCCGGAGCC-1,0.015655,0.015655,0.890388,0.015654,0.015654,0.015669,0.015656,0.01567
AATCTCTACTGTGGTT-1,0.003129,0.003131,0.003131,0.978087,0.00313,0.003132,0.003131,0.00313
AATCTGCGTTGGGACG-1,0.100868,0.000206,0.003905,0.000206,0.000206,0.0858,0.01177,0.797038
AATCTGGCTTTCTAGT-1,0.003577,0.003579,0.52432,0.003578,0.003578,0.003579,0.003579,0.45421
AATGACAGCAATGTCT-1,0.001121,0.388383,0.382635,0.171507,0.000103,0.031349,0.000103,0.024799
AATGACGTAGGATGTC-1,0.000098,0.000098,0.625733,0.366694,0.000098,0.000098,0.007083,0.000098
AATGACTGTCAGCCGG-1,0.170493,0.150781,0.270303,0.052891,0.074138,0.00522,0.142005,0.134168
AATGAGTTCGCATATG-1,0.001318,0.284267,0.707823,0.001318,0.001318,0.001318,0.001318,0.001318
AATGATGATACGCTAT-1,0.025401,0.111355,0.529663,0.164279,0.129851,0.038912,0.000269,0.000269
AATGATGCGACTCCTG-1,0.000533,0.000533,0.000533,0.000533,0.389739,0.607063,0.000533,0.000533
AATGCACCAAGCAATG-1,0.013025,0.099641,0.79173,0.082925,0.00012,0.00012,0.012319,0.00012
AATGGTCCACCGTTCA-1,0.001228,0.240122,0.001228,0.752511,0.001228,0.001228,0.001228,0.001228
AATGGTTCTCACAAGC-1,0.000058,0.066138,0.129396,0.078217,0.000058,0.208817,0.50871,0.008605
AATGTATGGCACTGTA-1,0.00108,0.377918,0.185479,0.001079,0.001079,0.001079,0.001079,0.431206
AATGTGCCCGAGGTGT-1,0.095409,0.222113,0.171904,0.149042,0.155652,0.000391,0.000391,0.205098
AATGTTAAGACCCTGA-1,0.082821,0.000177,0.502241,0.030369,0.000177,0.000177,0.320889,0.06315
AATGTTGTCGTGAGAC-1,0.002052,0.569772,0.417914,0.002052,0.002052,0.002052,0.002052,0.002052
AATTAACGGATTTCCA-1,0.163727,0.391922,0.193602,0.154914,0.092167,0.00082,0.00004,0.002808
AATTACGAGACCCATC-1,0.000309,0.076058,0.000309,0.17167,0.119273,0.0958,0.236782,0.299798
AATTACTCGTACGCTC-1,0.001605,0.553283,0.437083,0.001606,0.001606,0.001606,0.001606,0.001605
AATTAGCGCTGCAGCG-1,0.628558,0.16118,0.182006,0.000087,0.019698,0.000087,0.00195,0.006434
AATTATACCCAGCAAG-1,0.00017,0.109522,0.524189,0.10672,0.042759,0.00017,0.125275,0.091194
AATTCATAAGGGATCT-1,0.000291,0.000291,0.455718,0.412769,0.000291,0.000291,0.000291,0.130056
AATTCATTGTCATGCA-1,0.221961,0.073889,0.26904,0.031686,0.025035,0.000294,0.065127,0.312969
AATTCCAACTTGGTGA-1,0.001841,0.001842,0.716932,0.272018,0.001842,0.001842,0.001842,0.001842
AATTCCAAGCATGTAC-1,0.216738,0.328469,0.375801,0.078557,0.000109,0.000109,0.000109,0.000109
AATTCGATTCGAGGAT-1,0.000121,0.000121,0.000121,0.000121,0.325116,0.254556,0.187187,0.232657
AATTGAACGCTCTGGT-1,0.000022,0.031731,0.000022,0.001198,0.039616,0.623864,0.098284,0.205263
AATTGCAGCAATCGAC-1,0.001026,0.001026,0.547951,0.001026,0.001026,0.44589,0.001026,0.001027
AATTGTGGTTGCCAAA-1,0.001227,0.646041,0.346595,0.001228,0.001227,0.001227,0.001228,0.001227
AATTTGGTTCCAAAGA-1,0.006572,0.065917,0.239644,0.385485,0.115469,0.135987,0.050714,0.000212
ACAAACCATGCGTCCT-1,0.226523,0.021905,0.473863,0.004435,0.000149,0.000149,0.000214,0.272762
ACAAACCGACAAGGCG-1,0.000239,0.998327,0.000239,0.000239,0.000239,0.000239,0.000239,0.000239
ACAAACTCCATCAGAG-1,0.001138,0.992033,0.001138,0.001138,0.001138,0.001138,0.001138,0.001138
ACAAAGAAGGTAGGCC-1,0.001089,0.001089,0.883799,0.001089,0.001089,0.001089,0.001089,0.109668
ACAAAGCATGACCTAG-1,0.1278,0.350678,0.518763,0.000552,0.000552,0.000552,0.000552,0.000552
ACAAATCGCACCGAAT-1,0.049085,0.012582,0.002379,0.011946,0.00669,0.812539,0.089177,0.015603
ACAAATGGTAGTGTTT-1,0.001581,0.000076,0.16103,0.156543,0.002567,0.002078,0.296585,0.37954
ACAACGGTCCCTGCGA-1,0.018395,0.054385,0.02243,0.060711,0.040534,0.617484,0.121615,0.064445
ACAAGCAGTGCCTAGC-1,0.003031,0.000023,0.000023,0.071209,0.000023,0.851705,0.068129,0.005857
ACAAGCTATATGGAAG-1,0.003055,0.003055,0.978614,0.003055,0.003056,0.003055,0.003055,0.003055
ACAAGGAAATCCGCCC-1,0.131296,0.458859,0.358553,0.035048,0.000064,0.000064,0.01605,0.000064
ACAAGGACAAGAGGTT-1,0.037811,0.1788,0.205288,0.167833,0.06161,0.101158,0.17171,0.075791
ACAAGGATGCTTTAGG-1,0.000118,0.010297,0.025162,0.205159,0.000118,0.168736,0.551739,0.03867
ACAAGGGCAGGCTCTG-1,0.003798,0.244583,0.597564,0.079806,0.032771,0.023337,0.000075,0.018065
ACAATAGTCGTACGTT-1,0.001407,0.001407,0.990151,0.001407,0.001407,0.001407,0.001407,0.001407
ACAATCCATTTAAACC-1,0.00703,0.175469,0.226344,0.263498,0.000038,0.117969,0.139711,0.069942
ACAATCGATCTTTATA-1,0.000684,0.193647,0.802247,0.000684,0.000684,0.000684,0.000684,0.000684
ACAATGAATACGGAGA-1,0.00013,0.176299,0.319506,0.287519,0.00013,0.040693,0.051174,0.124548
ACAATTGTGTCTCTTT-1,0.005215,0.005219,0.34775,0.005218,0.005217,0.005218,0.005218,0.620945
ACAATTTAGGAGGCTC-1,0.002455,0.002456,0.630056,0.002455,0.002455,0.355211,0.002456,0.002455
ACAATTTGAGCAGTGG-1,0.049969,0.033335,0.386878,0.442676,0.014756,0.000185,0.041196,0.031006
ACAATTTGGCCATATT-1,0.002087,0.985391,0.002088,0.002087,0.002086,0.002087,0.002087,0.002087
ACACAAAGACGGGTGG-1,0.340036,0.213215,0.265901,0.023466,0.000055,0.14043,0.002912,0.013984
ACACAAATATTCCTAG-1,0.001869,0.001869,0.745486,0.243301,0.001869,0.001869,0.001869,0.001869
ACACACCAGGACCAGT-1,0.000533,0.549422,0.000533,0.000533,0.000533,0.263971,0.183942,0.000533
ACACACTTTCTACACG-1,0.025318,0.026431,0.263906,0.089733,0.000054,0.38472,0.005223,0.204616
ACACATGATCAAATCT-1,0.000057,0.03447,0.565918,0.34818,0.000196,0.000057,0.000057,0.051066
ACACATTGACGCAACA-1,0.001898,0.001897,0.691776,0.001897,0.29684,0.001897,0.001897,0.001897
ACACATTTCCGTAGAC-1,0.151703,0.515832,0.331122,0.000269,0.000269,0.000269,0.000269,0.000269
ACACCACATAATTAGC-1,0.000489,0.000489,0.000489,0.000489,0.175786,0.399031,0.000489,0.422736
ACACCCAGCATGCAGC-1,0.398991,0.136544,0.379493,0.036118,0.000036,0.000118,0.048664,0.000036
ACACCCGAGAAATCCG-1,0.011553,0.009019,0.206718,0.620559,0.000024,0.046873,0.086246,0.019009
ACACCGAGCGCTCTTT-1,0.004815,0.004817,0.004818,0.966293,0.004813,0.004816,0.004815,0.004814
ACACCGGTCTGACCGC-1,0.08479,0.255695,0.318005,0.149816,0.0278,0.087763,0.013762,0.06237
ACACCTTAAGTAGGGC-1,0.029261,0.30033,0.321111,0.129721,0.017775,0.030795,0.053936,0.117071
ACACCTTACTACTTGC-1,0.002362,0.423526,0.349747,0.002363,0.002363,0.002362,0.002363,0.214914
ACACGGCACTATGCAT-1,0.003654,0.024324,0.795388,0.059855,0.000235,0.000235,0.000235,0.116073
ACACGTAGGCCACAAG-1,0.001816,0.707228,0.001815,0.281883,0.001815,0.001815,0.001815,0.001815
ACACTCCAATGTCACT-1,0.001305,0.072738,0.571233,0.001304,0.001305,0.001304,0.001305,0.349506
ACACTGGGACAGTCGT-1,0.001738,0.987825,0.001739,0.001739,0.001739,0.001739,0.00174,0.001739
ACAGAACTGAGAACAA-1,0.000048,0.41125,0.458841,0.005449,0.044243,0.008834,0.000816,0.070518
ACAGATTAGGTTAGTG-1,0.000293,0.449094,0.155828,0.244383,0.149523,0.000293,0.000293,0.000293
ACAGCATAGAGCCAGT-1,0.00084,0.618346,0.376612,0.00084,0.00084,0.00084,0.00084,0.00084
ACAGCGACATTCTCAT-1,0.004638,0.004638,0.967531,0.004638,0.004639,0.004639,0.00464,0.004639
ACAGGAGGCGCAGCCG-1,0.000471,0.000471,0.990662,0.006513,0.000471,0.000471,0.000471,0.000471
ACAGGCACGGATCCTT-1,0.000788,0.000788,0.750934,0.000788,0.000788,0.24434,0.000788,0.000788
ACAGGCTTGCCCGACT-1,0.026706,0.043125,0.097136,0.362203,0.005152,0.424663,0.024245,0.016769
ACAGGTGTGTTGTTGC-1,0.00391,0.003912,0.972621,0.003913,0.00391,0.003911,0.003912,0.003911
ACAGTAATACAACTTG-1,0.003212,0.003211,0.699526,0.003211,0.003211,0.003211,0.003211,0.281207
ACAGTATACCGTGGGA-1,0.000381,0.000381,0.812882,0.000381,0.000381,0.023613,0.161602,0.000381
ACATAAGTCGTGGTGA-1,0.002846,0.002847,0.980077,0.002845,0.002846,0.002846,0.002846,0.002846
ACATAATAAGGCGGTG-1,0.650853,0.256802,0.089621,0.002575,0.000037,0.000037,0.000037,0.000037
ACATACAATCAAGCGG-1,0.00022,0.049791,0.820288,0.027057,0.00022,0.00022,0.00022,0.101982
ACATCAGCTGGGACGC-1,0.001605,0.001605,0.211506,0.189726,0.001605,0.001605,0.001605,0.59074
ACATCCCGGCCATACG-1,0.873144,0.015343,0.064579,0.021774,0.008903,0.016169,0.000044,0.000044
ACATCCTGGTAACTGT-1,0.002783,0.002783,0.468208,0.002783,0.002782,0.515095,0.002783,0.002783
ACATCGGTCAGCCGCG-1,0.047716,0.319051,0.263642,0.163976,0.009409,0.000215,0.074105,0.121886
ACATCGTATGCAATGG-1,0.013051,0.095218,0.622747,0.268735,0.000062,0.000062,0.000062,0.000062
ACATCGTTAACCTAGT-1,0.000237,0.347079,0.529074,0.122664,0.000237,0.000237,0.000237,0.000237
ACATCTCAACGCGTAA-1,0.000971,0.086863,0.69382,0.000971,0.214463,0.000971,0.000971,0.000971
ACATGGCGCCAAAGTA-1,0.167806,0.361501,0.297816,0.170458,0.000605,0.000605,0.000605,0.000605
ACATGGCTCAATTTAG-1,0.004318,0.00432,0.969778,0.004318,0.004315,0.004316,0.004317,0.004317
ACATTTGAAACCTAAC-1,0.000209,0.113395,0.371663,0.432979,0.000209,0.000209,0.000209,0.081129
ACCAAACACCCAGCGA-1,0.000517,0.000517,0.534783,0.000517,0.000517,0.000518,0.026811,0.435819
ACCAAACTAGAAATCC-1,0.001815,0.490545,0.360718,0.001815,0.001815,0.001815,0.139663,0.001815
ACCAACACCACACACT-1,0.002319,0.002319,0.002319,0.002319,0.201934,0.002319,0.002319,0.78415
ACCAACCGCACTCCAC-1,0.000562,0.000562,0.000562,0.000562,0.160402,0.000562,0.18052,0.65627
ACCAAGAACGCGTGTC-1,0.0601,0.422076,0.166765,0.14912,0.022031,0.000036,0.027463,0.152409
ACCAAGTCATCGGCAG-1,0.000688,0.000688,0.711146,0.000688,0.0626,0.222814,0.000688,0.000688
ACCAATATGCAAGTTA-1,0.023076,0.578356,0.013654,0.056713,0.039448,0.093344,0.15276,0.042649
ACCACACGGTTGATGG-1,0.000288,0.000289,0.844154,0.154115,0.000289,0.000289,0.000289,0.000289
ACCACCAATGTAACAA-1,0.00075,0.424834,0.199073,0.067068,0.00075,0.00075,0.00075,0.306025
ACCACCCTCTCTTCTA-1,0.049792,0.001193,0.507784,0.001192,0.001193,0.001192,0.001193,0.436461
ACCACGTGCAGCTATA-1,0.000159,0.326749,0.516093,0.156361,0.000159,0.000159,0.000159,0.000159
ACCACTGTTCAAGAAG-1,0.099237,0.073326,0.818171,0.000372,0.000372,0.000372,0.000372,0.00778
ACCAGACCATAACAAC-1,0.001692,0.134618,0.730126,0.001692,0.126795,0.001692,0.001692,0.001692
ACCAGCCCGGTCTTTG-1,0.001149,0.957047,0.03606,0.001149,0.001149,0.001149,0.001149,0.001149
ACCAGGAGTGTGATCT-1,0.000302,0.085974,0.438851,0.000302,0.283353,0.000302,0.000302,0.190614
ACCAGTGCGGGAGACG-1,0.00202,0.00202,0.323324,0.664557,0.00202,0.00202,0.00202,0.00202
ACCATCCGCCAACTAG-1,0.003478,0.335321,0.643804,0.003478,0.003479,0.00348,0.00348,0.003479
ACCATTAAGGGTGTCA-1,0.00447,0.651648,0.004473,0.004473,0.004472,0.004471,0.32152,0.004473
ACCCAACGCCCGTGGC-1,0.019202,0.000858,0.975652,0.000858,0.000858,0.000858,0.000858,0.000858
ACCCACCTACATGCTC-1,0.017118,0.078009,0.02946,0.052913,0.003205,0.511253,0.2916,0.016443
ACCCATCTTGAGGGTA-1,0.00292,0.316793,0.202048,0.435763,0.00007,0.011234,0.00007,0.031102
ACCCATTTGTCCCTCT-1,0.000994,0.497901,0.496137,0.000994,0.000994,0.000994,0.000994,0.000994
ACCCGGAAACTCCCAG-1,0.01216,0.800072,0.071817,0.04436,0.001492,0.014837,0.050179,0.005082
ACCCGGAGCACCACAA-1,0.000099,0.383778,0.615628,0.000099,0.000099,0.000099,0.000099,0.000099
ACCCGGATGACGCATC-1,0.000221,0.000221,0.924689,0.023352,0.000221,0.000221,0.015787,0.035288
ACCCGTAGTCTAGTTG-1,0.000214,0.074149,0.281789,0.000214,0.455672,0.061576,0.074068,0.052319
ACCCGTGTCATCAGTA-1,0.397983,0.320735,0.277822,0.003156,0.000076,0.000076,0.000076,0.000076
ACCCTATAGGACTGAG-1,0.067528,0.000768,0.14407,0.261455,0.118077,0.000768,0.406564,0.000768
ACCCTCCCGTCAGGGC-1,0.000745,0.301263,0.465844,0.074288,0.000745,0.000745,0.155622,0.000745
ACCCTCCCTTGCTATT-1,0.000037,0.021386,0.026728,0.077173,0.022987,0.408177,0.401295,0.042217
ACCCTGGTAACGCCCT-1,0.001508,0.460468,0.418212,0.001509,0.113778,0.001508,0.001508,0.001509
ACCCTTCATCTGCGAA-1,0.000106,0.187724,0.078395,0.000106,0.000106,0.56121,0.001826,0.170527
ACCCTTGCCTGGGTCG-1,0.000971,0.000971,0.993205,0.000971,0.000971,0.000971,0.000971,0.000971
ACCGAAAGGGCCCTGC-1,0.004474,0.218641,0.754529,0.004472,0.004472,0.004471,0.004471,0.004471
ACCGAAGAGTCTGGTT-1,0.003131,0.649686,0.003131,0.003131,0.00313,0.33153,0.003131,0.00313
ACCGACACATCTCCCA-1,0.142141,0.213756,0.364569,0.054356,0.171576,0.019085,0.031857,0.00266
ACCGAGTCTCCTTATT-1,0.000459,0.000459,0.880436,0.116811,0.000459,0.000459,0.000459,0.000459
ACCGATAGGCATAACC-1,0.181017,0.003914,0.202676,0.003913,0.003914,0.003912,0.003912,0.596742
ACCGATATTTAATCAT-1,0.002722,0.002722,0.526526,0.002722,0.293881,0.165982,0.002723,0.002723
ACCGATGGTAGCATCG-1,0.001473,0.001473,0.784112,0.001473,0.001473,0.001473,0.207048,0.001473
ACCGCAATAACTGCCT-1,0.189311,0.191876,0.199197,0.250901,0.000038,0.088786,0.079853,0.000038
ACCGCGGTGGAAGTCG-1,0.002555,0.982108,0.002556,0.002556,0.002556,0.002556,0.002556,0.002556
ACCGGGCCTTTGTTGA-1,0.135828,0.124549,0.002456,0.400677,0.002455,0.002455,0.002455,0.329125
ACCGGTCAGGTACACC-1,0.156935,0.00418,0.644624,0.078334,0.000219,0.000219,0.000219,0.115271
ACCGTCCACTGGGCCC-1,0.001035,0.498772,0.495018,0.001035,0.001035,0.001035,0.001035,0.001035
ACCGTGACCACGTGGG-1,0.100568,0.012739,0.631005,0.161804,0.016738,0.066517,0.010468,0.000161
ACCGTTCCCGCTCTGA-1,0.001842,0.331696,0.490845,0.001842,0.001842,0.001841,0.001842,0.16825
ACCTAAGTACCTTTCA-1,0.000104,0.260921,0.445834,0.198915,0.000885,0.009675,0.000104,0.083561
ACCTAATCGACTTCCT-1,0.000016,0.041445,0.002599,0.02483,0.009153,0.741306,0.164091,0.01656
ACCTACAGTATGTGGT-1,0.002505,0.002504,0.982466,0.002505,0.002504,0.002505,0.002505,0.002505
ACCTACTATAAATCTA-1,0.001869,0.389357,0.59943,0.001869,0.001869,0.001869,0.001869,0.001869
ACCTCAGCGAGGCGCA-1,0.000106,0.033016,0.84273,0.123726,0.000106,0.000106,0.000106,0.000106
ACCTCCGCCCTCGCTG-1,0.000895,0.000895,0.000895,0.000895,0.993738,0.000894,0.000895,0.000894
ACCTCCGTTATTCACC-1,0.003212,0.003211,0.709267,0.003211,0.003212,0.003211,0.271465,0.003211
ACCTCGAACTTATGCT-1,0.093649,0.04833,0.478051,0.147656,0.076698,0.074901,0.011213,0.069502
ACCTGCGTGTCATGTT-1,0.000385,0.4654,0.000385,0.002715,0.000385,0.000386,0.000386,0.529959
ACCTTTCCTTTAGAAG-1,0.001491,0.001491,0.989565,0.001491,0.001491,0.00149,0.00149,0.001491
ACGAAATGGGCGGCAC-1,0.000163,0.361459,0.283236,0.296109,0.000163,0.032367,0.000163,0.026341
ACGACCCATGAGTTGC-1,0.040821,0.220303,0.725071,0.010678,0.000092,0.002852,0.000092,0.000092
ACGACTCTAGGGCCGA-1,0.000646,0.000646,0.519903,0.378537,0.000645,0.098332,0.000646,0.000646
ACGAGAACCCATCACG-1,0.001053,0.001052,0.603607,0.39008,0.001052,0.001052,0.001052,0.001052
ACGAGGATACCACTCT-1,0.000111,0.000111,0.170219,0.136339,0.017234,0.154149,0.234223,0.287615
ACGAGGTTTACAACGT-1,0.003385,0.976306,0.003386,0.003385,0.003385,0.003384,0.003385,0.003385
ACGAGTACGGATGCCC-1,0.002407,0.576956,0.408596,0.002408,0.002408,0.002408,0.002408,0.002408
ACGAGTCGCCGGCGTT-1,0.001956,0.001957,0.624435,0.001956,0.363826,0.001957,0.001956,0.001957
ACGATACATAGAACTA-1,0.066669,0.158722,0.004721,0.768375,0.000378,0.000378,0.000378,0.000378
ACGATACCTATCCTGA-1,0.001278,0.001278,0.001278,0.532103,0.46023,0.001278,0.001278,0.001278
ACGATCATCTTGTAAA-1,0.003054,0.27187,0.709805,0.003054,0.003054,0.003054,0.003055,0.003054
ACGATGGATCCGATGC-1,0.09279,0.000403,0.904794,0.000403,0.000403,0.000403,0.000403,0.000403
ACGCAAACTAATAGAT-1,0.147673,0.158851,0.253897,0.001376,0.001376,0.001376,0.001376,0.434074
ACGCAATCACTACAGC-1,0.002087,0.752246,0.002087,0.002087,0.002087,0.235233,0.002087,0.002087
ACGCATACGTTTACTA-1,0.315253,0.002087,0.27889,0.002087,0.002087,0.395422,0.002087,0.002087
ACGCCACTCGAAACAG-1,0.000442,0.000442,0.996903,0.000443,0.000442,0.000442,0.000442,0.000443
ACGCCAGATGATTTCT-1,0.000636,0.995551,0.000636,0.000636,0.000636,0.000636,0.000636,0.000636
ACGCCAGTGCGTTTGC-1,0.000787,0.111176,0.884098,0.000788,0.000788,0.000788,0.000788,0.000788
ACGCCCAGCTGTCGAT-1,0.001546,0.001546,0.98918,0.001546,0.001546,0.001545,0.001545,0.001546
ACGCCGCTAGACGACC-1,0.105144,0.319732,0.205044,0.009779,0.30478,0.052245,0.000054,0.003222
ACGCCTGACACGCGCT-1,0.050225,0.228942,0.484175,0.000204,0.184902,0.000204,0.000204,0.051143
ACGCGCTACACAGGGT-1,0.022435,0.382438,0.252102,0.227952,0.000641,0.079163,0.029005,0.006264
ACGCGTTTCTTAAGAG-1,0.00298,0.200548,0.78156,0.002982,0.002982,0.002983,0.002982,0.002982
ACGCTACTGAATGGGC-1,0.044393,0.055599,0.420249,0.431606,0.000441,0.000441,0.000441,0.046831
ACGCTAGTGATACACT-1,0.001278,0.001278,0.001278,0.001278,0.001278,0.001278,0.001278,0.991056
ACGCTGTGAGGCGTAG-1,0.003793,0.003795,0.854072,0.003795,0.003793,0.003794,0.003793,0.123164
ACGGAACACGAGTGCC-1,0.000373,0.150259,0.730133,0.000373,0.000373,0.000373,0.000373,0.117745
ACGGAATTTAGCAAAT-1,0.000435,0.157846,0.37326,0.440634,0.000435,0.000435,0.02652,0.000435
ACGGACTCTCAAAGCG-1,0.027674,0.130949,0.009935,0.029876,0.170144,0.237632,0.279513,0.114277
ACGGAGCGCAAATTAC-1,0.000517,0.601687,0.172214,0.000517,0.000517,0.223512,0.000517,0.000517
ACGGATGGTGCGGATA-1,0.011265,0.020183,0.093911,0.008815,0.023597,0.609103,0.162935,0.070191
ACGGCGACGATGGGAA-1,0.000055,0.056938,0.663399,0.279388,0.000055,0.000055,0.000055,0.000055
ACGGCGGGTTGCCCTG-1,0.000154,0.000154,0.998921,0.000154,0.000154,0.000154,0.000154,0.000154
ACGGCTGGATGTAGAA-1,0.000617,0.000617,0.188019,0.000617,0.000617,0.000617,0.000617,0.80828
ACGGGAGTGTCGGCCC-1,0.042644,0.520521,0.296505,0.010514,0.000089,0.000089,0.000089,0.12955
ACGGGCGTATGCGACA-1,0.000265,0.161693,0.332248,0.336788,0.039881,0.000265,0.000265,0.128593
ACGGGTCATGTGACTT-1,0.003478,0.534776,0.444356,0.003478,0.003478,0.003478,0.003478,0.003478
ACGGTACAGTTCAATG-1,0.000659,0.000659,0.839137,0.000659,0.000659,0.000659,0.156908,0.000659
ACGTACAGATTTCTCT-1,0.001692,0.988155,0.001692,0.001692,0.001692,0.001692,0.001692,0.001692
ACGTAGGAGAGTCGCT-1,0.000174,0.000174,0.998781,0.000174,0.000174,0.000174,0.000174,0.000174
ACGTATTACTCCGATC-1,0.00167,0.161357,0.308374,0.32642,0.001669,0.00167,0.00167,0.197171
ACGTCCTAAACGAGAT-1,0.001455,0.001456,0.710528,0.280736,0.001456,0.001456,0.001456,0.001456
ACGTCTCGTTCCGGGA-1,0.001841,0.001841,0.825634,0.001841,0.163318,0.001841,0.001842,0.001841
ACGTGACAAAGTAAGT-1,0.001565,0.275975,0.714635,0.001565,0.001565,0.001565,0.001565,0.001565
ACGTGCGCCTCGTGCA-1,0.011879,0.477192,0.252777,0.19338,0.000102,0.000102,0.000102,0.064466
ACGTGGTCGAATGTGC-1,0.000127,0.721909,0.216677,0.059681,0.000127,0.001224,0.000127,0.000127
ACGTTAGATTTGCCCG-1,0.117759,0.255199,0.252753,0.278223,0.001896,0.058794,0.006028,0.029348
ACGTTATTGGTCACTC-1,0.745882,0.006592,0.214568,0.006593,0.00659,0.006593,0.006592,0.00659
ACGTTCACTATGCCGC-1,0.002982,0.731765,0.250349,0.002981,0.002981,0.002981,0.002981,0.002981
ACGTTCCGCGCTCCGT-1,0.001627,0.860745,0.129497,0.001627,0.001626,0.001626,0.001627,0.001627
ACGTTCGCAATCAATT-1,0.001035,0.252906,0.001035,0.001035,0.628316,0.113604,0.001035,0.001035
ACGTTCGTTCAGGAAA-1,0.152425,0.099807,0.675313,0.071772,0.000171,0.000171,0.000171,0.000171
ACGTTCTGTACAAGTC-1,0.00101,0.00101,0.760156,0.00101,0.00101,0.233784,0.00101,0.00101
ACGTTTAGTTGTGATC-1,0.19765,0.238734,0.556335,0.001456,0.001456,0.001456,0.001456,0.001456
ACGTTTCGGTGCACTT-1,0.000474,0.000474,0.99668,0.000474,0.000474,0.000474,0.000474,0.000474
ACTAAGGACGCACACC-1,0.000073,0.181847,0.375064,0.15353,0.027692,0.065606,0.022715,0.173473
ACTACAAAGAGAGGTG-1,0.048482,0.016907,0.573077,0.1063,0.022985,0.062038,0.000158,0.170054
ACTACATCCCGACAAG-1,0.158627,0.074336,0.344653,0.211485,0.039978,0.001327,0.026388,0.143206
ACTACCAGCTCTCTGG-1,0.066069,0.206362,0.221476,0.242636,0.039529,0.103859,0.064834,0.055235
ACTACGCGTTAGAATT-1,0.277125,0.431935,0.17007,0.027503,0.085672,0.000054,0.000054,0.007586
ACTAGTTGCGATCGTC-1,0.003054,0.003054,0.003055,0.97862,0.003054,0.003055,0.003055,0.003054
ACTATATGCTGTGTTC-1,0.115852,0.186906,0.443113,0.076968,0.097142,0.000329,0.047166,0.032524
ACTATCCAGGGCATGG-1,0.005008,0.005008,0.964942,0.00501,0.005007,0.005008,0.005009,0.005007
ACTATCGCCGGCTAAA-1,0.011495,0.102645,0.239232,0.011901,0.083714,0.030883,0.17977,0.340359
ACTATCTGCCCGCGTA-1,0.005007,0.005009,0.96495,0.005009,0.005006,0.005006,0.005007,0.005007
ACTATGTCCAGCTGCC-1,0.125179,0.14462,0.396151,0.148719,0.000126,0.060579,0.075543,0.049083
ACTATTCGTCCGTGGT-1,0.000914,0.903126,0.09139,0.000914,0.000914,0.000914,0.000914,0.000914
ACTATTTCCGGGCCCA-1,0.035113,0.190379,0.502014,0.12753,0.123689,0.000178,0.000178,0.02092
ACTCAACGAATGTATT-1,0.001098,0.001099,0.992312,0.001098,0.001098,0.001098,0.001098,0.001098
ACTCAAGTGCAAGGCT-1,0.000305,0.351931,0.087086,0.000305,0.117401,0.000305,0.442361,0.000305
ACTCAGACCTGCTTCT-1,0.002363,0.98346,0.002363,0.002363,0.002363,0.002363,0.002363,0.002363
ACTCCCATTCCTAAAG-1,0.170637,0.353789,0.003479,0.003479,0.003478,0.003479,0.003478,0.458181
ACTCCCGAATTCGTTT-1,0.005009,0.00501,0.964932,0.00501,0.005011,0.005009,0.005009,0.005009
ACTCCCGTAGACTAGG-1,0.000716,0.121447,0.561922,0.000716,0.000716,0.000716,0.000716,0.313053
ACTCCCTAATGCTAAA-1,0.145251,0.412265,0.364212,0.077892,0.000072,0.000072,0.000072,0.000165
ACTCCCTAGAATAGTA-1,0.20042,0.726073,0.019002,0.000044,0.035899,0.007027,0.000505,0.01103
