Barcode,Topic 1,Topic 2to5,Topic 6,Topic 7
AAACAACGAATAGTTC-1,0.000107,0.811443,0.188344,0.000107
AAACAAGTATCTCCCA-1,0.000063,0.725773,0.244504,0.02966
AAACAGAGCGACTCCT-1,0.000039,0.76708,0.232843,0.000039
AAACAGCTTTCAGAAG-1,0.001554,0.709315,0.287568,0.001563
AAACAGGGTCTATATT-1,0.444011,0.008084,0.278638,0.269266
AAACCCGAACGAAATC-1,0.000087,0.572967,0.401096,0.02585
AAACCGGGTAGGTACC-1,0.001627,0.620164,0.376578,0.001631
AAACCGTTCGTCCAGG-1,0.000249,0.981293,0.00025,0.018208
AAACCTCATGAAGTTG-1,0.003175,0.089167,0.820564,0.087093
AAACGAGACGGTTGAT-1,0.000076,0.891331,0.097963,0.01063
AAACGCCCGAGATCGG-1,0.000332,0.851564,0.034988,0.113116
AAACGGGTTGGTATCC-1,0.000092,0.778447,0.192645,0.028816
AAACGTGTTCGCCCTA-1,0.001301,0.92516,0.072237,0.001303
AAACTAACGTGGCGAC-1,0.002236,0.527973,0.467546,0.002245
AAACTCGTGATATAAG-1,0.002073,0.125106,0.870743,0.002079
AAACTTGCAAACGTAT-1,0.005963,0.023958,0.68103,0.289048
AAAGACTGGGCGCTTT-1,0.002699,0.123268,0.640188,0.233845
AAAGCTTGCCTACATA-1,0.002012,0.254095,0.741872,0.002021
AAAGGGCAGCTTGAAT-1,0.000877,0.130278,0.867965,0.00088
AAAGGTAAGCTGTACC-1,0.001059,0.798538,0.199339,0.001064
AAAGTCGACCCTCAGT-1,0.000049,0.39042,0.49798,0.111551
AAAGTGTGATTTATCT-1,0.000112,0.825006,0.15038,0.024502
AAAGTTGACTCCCGTA-1,0.000062,0.999814,0.000062,0.000062
AAATAACCATACGGGA-1,0.000872,0.57345,0.291564,0.134114
AAATAAGGTAGTGCCC-1,0.000067,0.057656,0.942211,0.000067
AAATAGCTTAGACTTT-1,0.000115,0.154655,0.82504,0.02019
AAATCGTGTACCACAA-1,0.000748,0.761459,0.237042,0.000751
AAATGATTCGATCAGC-1,0.001833,0.220968,0.775357,0.001843
AAATGCTCGTTACGTT-1,0.000228,0.339769,0.659775,0.000228
AAATGGCATGTCTTGT-1,0.000134,0.793779,0.205952,0.000135
AAATGGCCCGTGCCCT-1,0.000112,0.798622,0.123488,0.077778
AAATGGTCAATGTGCC-1,0.000182,0.600549,0.399086,0.000183
AAATGTATCTTATCCC-1,0.000039,0.093053,0.904558,0.00235
AAATTAACGGGTAGCT-1,0.00011,0.74546,0.227593,0.026838
AAATTAATAAGCGCGA-1,0.000044,0.119248,0.880664,0.000044
AAATTACACGACTCTG-1,0.001416,0.48633,0.414896,0.097359
AAATTACCTATCGATG-1,0.000056,0.579924,0.419965,0.000056
AAATTCCAGGTCCAAA-1,0.001287,0.062367,0.847881,0.088464
AAATTGCGGCGGTTCT-1,0.000136,0.444891,0.535769,0.019204
AAATTGGTGAGAAGCA-1,0.004335,0.386745,0.604579,0.004341
AAATTTACCGAAATCC-1,0.001276,0.776564,0.091509,0.130651
AAATTTGCGGGTGTGG-1,0.000372,0.851478,0.120914,0.027236
AACAACTGGTAGTTGC-1,0.00007,0.03462,0.965241,0.00007
AACAATTACTCTACGC-1,0.000307,0.001233,0.927519,0.07094
AACACACGCTCGCCGC-1,0.00009,0.794103,0.174322,0.031485
AACACGAGACGCGGCC-1,0.001809,0.007262,0.319781,0.671148
AACACGCGGCCGCGAA-1,0.000146,0.749282,0.145003,0.105569
AACAGGAAATCGAATA-1,0.000176,0.680769,0.274277,0.044778
AACAGGATGGGCCGCG-1,0.000256,0.278777,0.72071,0.000257
AACAGGTAGTATGGAT-1,0.000124,0.423191,0.513148,0.063537
AACATATCAACTGGTG-1,0.000298,0.200218,0.776817,0.022667
AACATCGATACGTCTA-1,0.003178,0.455293,0.318202,0.223328
AACATTGGTCAGCCGT-1,0.00007,0.997479,0.002381,0.00007
AACCAAGACTTCTCTG-1,0.001662,0.379182,0.617486,0.00167
AACCAGTATCACTCTT-1,0.000379,0.99886,0.000381,0.00038
AACCATGGGATCGCTA-1,0.000123,0.512395,0.487359,0.000123
AACCCAGAGACGGAGA-1,0.00014,0.466137,0.529849,0.003874
AACCCTACTGTCAATA-1,0.000088,0.744384,0.253268,0.002259
AACCCTGGTGGAACCA-1,0.000979,0.411679,0.450226,0.137116
AACCGAGCTTGGTCAT-1,0.000037,0.994755,0.005172,0.000037
AACCGCTAAGGGATGC-1,0.000111,0.821833,0.078101,0.099955
AACCTGTCACGGAATT-1,0.002383,0.009553,0.985671,0.002393
AACCTTTACGACGTCT-1,0.000922,0.378017,0.580921,0.040139
AACGATAGAAGGGCCG-1,0.000058,0.975055,0.024829,0.000058
AACGATATGTCAACTG-1,0.000127,0.75744,0.242306,0.000127
AACGCATGATCTGGGT-1,0.000831,0.421032,0.577302,0.000835
AACGCGAACGGCAACA-1,0.000079,0.42612,0.573722,0.000079
AACGGACGTACGTATA-1,0.000115,0.821718,0.102795,0.075372
AACGGCCATCTCCGGT-1,0.000705,0.690955,0.224473,0.083868
AACGTACTGTGGGTAC-1,0.001212,0.792048,0.205525,0.001215
AACGTCAGACTAGTGG-1,0.000081,0.317628,0.682209,0.000081
AACGTGATGAAGGACA-1,0.000198,0.717856,0.281747,0.000199
AACGTGCGAAAGTCTC-1,0.000071,0.999786,0.000071,0.000071
AACGTTATCAGCACCT-1,0.004929,0.18742,0.802693,0.004958
AACTACCCGTTTGTCA-1,0.00012,0.528101,0.471659,0.00012
AACTCAAGTTAATTGC-1,0.000548,0.597724,0.301925,0.099803
AACTCCTAATCCCATG-1,0.001932,0.394802,0.492305,0.110961
AACTCGATAAACACGT-1,0.001091,0.369558,0.606101,0.02325
AACTCGATGGCGCAGT-1,0.000087,0.013774,0.986051,0.000088
AACTCTCAATAGAGCG-1,0.00009,0.802957,0.196863,0.00009
AACTCTCAGTGTGCTC-1,0.000273,0.727843,0.140972,0.130912
AACTGAGGTCAGCGTC-1,0.002343,0.708611,0.286695,0.002351
AACTGAGTTATACTGA-1,0.001214,0.93526,0.062309,0.001216
AACTGATATTAGGCCT-1,0.000262,0.84914,0.058162,0.092436
AACTGGGTCCCGACGT-1,0.000232,0.920351,0.000233,0.079184
AACTGGGTTCGAGCCG-1,0.000934,0.59858,0.303435,0.097051
AACTTCTGCGTCTATC-1,0.002233,0.820115,0.175415,0.002237
AACTTGCCCGTATGCA-1,0.000383,0.282006,0.717226,0.000384
AACTTGCGTTCTCGCG-1,0.000339,0.324146,0.675176,0.00034
AACTTTACGGGAGCTT-1,0.000062,0.08362,0.846547,0.069771
AACTTTCTCGATCATG-1,0.00149,0.358985,0.571057,0.068468
AAGAAATCACCAGATT-1,0.001986,0.42603,0.569989,0.001994
AAGAAGGATCAGTTAG-1,0.00021,0.165923,0.833656,0.000211
AAGACTAACCCGTTGT-1,0.000314,0.625688,0.286653,0.087345
AAGAGATGAATCGGTA-1,0.000627,0.04943,0.949313,0.00063
AAGAGCTCTTTATCGG-1,0.000081,0.93746,0.043404,0.019056
AAGAGGATGTACGCGA-1,0.002465,0.630152,0.364906,0.002476
AAGAGGCATGGATCGC-1,0.000085,0.816946,0.151409,0.03156
AAGATTGGCGGAACGT-1,0.000147,0.427045,0.572662,0.000147
AAGCCGAAGCGGTTTA-1,0.000093,0.6373,0.328436,0.034172
AAGCCGCTTTACCTTG-1,0.000794,0.547655,0.450754,0.000798
AAGCGGAGTGCGCGCA-1,0.001959,0.584416,0.293168,0.120457
AAGCGGCGTCATGGGT-1,0.002166,0.657822,0.283046,0.056966
AAGCTCGTGCCAAGTC-1,0.000118,0.822917,0.082521,0.094444
AAGGAGCGGTTGGTGC-1,0.000147,0.575725,0.402551,0.021577
AAGGATCGATCGCTTG-1,0.000115,0.446098,0.553671,0.000116
AAGGATGAGGGACCTC-1,0.000159,0.287933,0.651268,0.060639
AAGGCAGGCTGTCTCC-1,0.000243,0.421682,0.543151,0.034925
AAGGCGCGTAAAGCTT-1,0.000096,0.279259,0.698648,0.021997
AAGGCTGTGCTCATCG-1,0.000227,0.410826,0.58872,0.000227
AAGGGACAGATTCTGT-1,0.000118,0.351224,0.648539,0.000119
AAGGTATCCTAATATA-1,0.000142,0.659267,0.340449,0.000142
AAGGTGATAAACCAGC-1,0.000063,0.9385,0.061374,0.000063
AAGTAGAAGACCGGGT-1,0.000098,0.824688,0.175116,0.000098
AAGTAGTGACGCGAGG-1,0.001232,0.561594,0.435936,0.001238
AAGTCAATTGTCGTCA-1,0.000104,0.810071,0.17638,0.013444
AAGTCTAGTAGCTGCC-1,0.003402,0.349831,0.643348,0.003419
AAGTCTTCTGTGGCCT-1,0.000309,0.46589,0.53349,0.00031
AAGTGACGACCGAATT-1,0.003251,0.197779,0.433642,0.365329
AAGTGCAAAGGTAGAC-1,0.000108,0.331161,0.58491,0.083821
AAGTGCCTTGACTGTA-1,0.000045,0.764409,0.2355,0.000046
AAGTGCGTTAGAATCT-1,0.002697,0.918812,0.00271,0.075781
AAGTTCAGTCTGCGTA-1,0.001473,0.38309,0.583799,0.031638
AAGTTCGGCCAACAGG-1,0.001537,0.995379,0.001544,0.00154
AATAACAACGCTCGGC-1,0.001522,0.415115,0.581835,0.001528
AATAACACTAGAACAA-1,0.000041,0.755955,0.182872,0.061133
AATAATCTTCGTATCG-1,0.00006,0.579109,0.399615,0.021216
AATACAATGTTTCAGG-1,0.003249,0.095012,0.898478,0.003262
AATAGCAAGCCTCCTG-1,0.001349,0.781964,0.001354,0.215332
AATAGCTACCGCGTGC-1,0.001666,0.32752,0.628463,0.042351
AATAGTCGCGAGTCGG-1,0.000076,0.000306,0.900133,0.099484
AATATCCTAGCAAACT-1,0.003485,0.819714,0.003502,0.173299
AATATCGAATCAATGC-1,0.000094,0.53237,0.449823,0.017713
AATATCGAGGGTTCTC-1,0.001222,0.139695,0.666499,0.192584
AATATTGGAGTATTGA-1,0.000488,0.440459,0.50631,0.052743
AATCAGACTGCAGGAC-1,0.000195,0.521032,0.448042,0.030731
AATCCAAGGGCCTGAG-1,0.000046,0.99986,0.000047,0.000047
AATCCATGCAAGGGTG-1,0.000603,0.323831,0.642511,0.033055
AATCGCCTCAGCGCCA-1,0.000078,0.916603,0.08324,0.000079
AATCGCGCAGAGGACT-1,0.000121,0.284055,0.695296,0.020528
AATCTATGCCGGAGCC-1,0.009534,0.038247,0.942614,0.009605
AATCTCTACTGTGGTT-1,0.000096,0.174801,0.531253,0.29385
AATCTGCGTTGGGACG-1,0.000149,0.307166,0.667453,0.025233
AATCTGGGTAGACCCT-1,0.000665,0.746074,0.188077,0.065185
AATGACAGCAATGTCT-1,0.001682,0.994944,0.001689,0.001685
AATGACTGTCAGCCGG-1,0.000114,0.635678,0.342419,0.021789
AATGAGTTCGCATATG-1,0.000327,0.135165,0.822172,0.042337
AATGATGATACGCTAT-1,0.000115,0.459215,0.540555,0.000115
AATGATGCGACTCCTG-1,0.000326,0.645575,0.353772,0.000327
AATGCAACCGGGTACC-1,0.000045,0.892772,0.088519,0.018664
AATGCACCAAGCAATG-1,0.000239,0.433721,0.5658,0.00024
AATGGTCCACCGTTCA-1,0.003107,0.201084,0.792688,0.003121
AATGGTTCTCACAAGC-1,0.000147,0.508438,0.491267,0.000148
AATTAAAGGTCGGCGT-1,0.000253,0.999241,0.000253,0.000253
AATTACTCGTACGCTC-1,0.002233,0.149603,0.796034,0.05213
AATTCATAAGGGATCT-1,0.000063,0.37066,0.629214,0.000063
AATTCCAACTTGGTGA-1,0.000134,0.355696,0.622562,0.021608
AATTTGGGACATAGTA-1,0.000439,0.533871,0.427769,0.037922
ACAAAGAAGGTAGGCC-1,0.000132,0.999603,0.000132,0.000133
ACAAATGGTAGTGTTT-1,0.000434,0.621634,0.133699,0.244233
ACAAATTCAGATCTGA-1,0.0003,0.86154,0.079469,0.058691
ACAACAGCATGAGCTA-1,0.000136,0.805054,0.122947,0.071863
ACAACGGTCCCTGCGA-1,0.000081,0.315733,0.684105,0.000081
ACAAGCAGTGCCTAGC-1,0.002234,0.008977,0.986542,0.002247
ACAAGCTATATGGAAG-1,0.000307,0.493449,0.505937,0.000308
ACAAGGACAAGAGGTT-1,0.000041,0.603861,0.396057,0.000041
ACAAGGCCTACCAGCC-1,0.000581,0.860302,0.110232,0.028885
ACAATAGTCGTACGTT-1,0.001521,0.542167,0.260223,0.196089
ACAATCCATTTAAACC-1,0.000681,0.368126,0.63051,0.000684
ACAATGATTCTTCTAC-1,0.000362,0.965519,0.033756,0.000363
ACAATTTAGGAGGCTC-1,0.000059,0.06483,0.778652,0.156458
ACAATTTGAGCAGTGG-1,0.00012,0.659419,0.340341,0.00012
ACAATTTGGCCATATT-1,0.0004,0.215521,0.726576,0.057503
ACACAAAGACGGGTGG-1,0.000037,0.964255,0.021393,0.014315
ACACAAATATTCCTAG-1,0.002465,0.409441,0.585615,0.002479
ACACACCAGGACCAGT-1,0.000107,0.846419,0.100021,0.053454
ACACATTGACGCAACA-1,0.000947,0.484015,0.447873,0.067166
ACACCACATAATTAGC-1,0.001905,0.354135,0.642046,0.001914
ACACCCAGCATGCAGC-1,0.000137,0.704314,0.269877,0.025672
ACACCCGAGAAATCCG-1,0.000069,0.744619,0.255242,0.000069
ACACCGAGCGCTCTTT-1,0.002858,0.01145,0.840484,0.145208
ACACCTTAAGTAGGGC-1,0.000104,0.661877,0.337914,0.000105
ACACCTTACTACTTGC-1,0.00019,0.279138,0.647923,0.072749
ACACGAGACTCCTTCT-1,0.000104,0.868551,0.078357,0.052988
ACACGGCACTATGCAT-1,0.00069,0.544235,0.330491,0.124583
ACACGGGAACTTAGGG-1,0.000106,0.926761,0.053686,0.019447
ACACTCCAATGTCACT-1,0.000846,0.420156,0.578148,0.000849
ACAGCGCACCCGCAGC-1,0.000274,0.599805,0.313972,0.08595
ACAGGAGGCGCAGCCG-1,0.001312,0.584794,0.412579,0.001316
ACAGGTGGAGGTGAGG-1,0.003975,0.688431,0.226865,0.080729
ACAGGTGTGTTGTTGC-1,0.000268,0.200545,0.000269,0.798918
ACAGTAATACAACTTG-1,0.002599,0.380586,0.559481,0.057334
ACAGTATACCGTGGGA-1,0.001474,0.538439,0.279198,0.18089
ACATCAGCTGGGACGC-1,0.000087,0.161973,0.690821,0.147119
ACATCCTGGTAACTGT-1,0.0001,0.599906,0.39348,0.006514
ACATCGGTCAGCCGCG-1,0.00157,0.435738,0.479824,0.082867
ACATCGTTAACCTAGT-1,0.001014,0.503737,0.49423,0.001018
ACATGGCGCCAAAGTA-1,0.000083,0.57722,0.399898,0.022799
ACATGGCTCAATTTAG-1,0.000221,0.217265,0.782292,0.000222
ACCAAACACCCAGCGA-1,0.002507,0.410574,0.460768,0.126151
ACCAACACCACACACT-1,0.002074,0.288487,0.571243,0.138196
ACCAAGAACGCGTGTC-1,0.000055,0.966784,0.033106,0.000055
ACCACAACTCAGAACA-1,0.000158,0.709362,0.241266,0.049214
ACCACAAGTTTCTATC-1,0.000081,0.762289,0.23755,0.000081
ACCACCAATGTAACAA-1,0.000097,0.135684,0.832511,0.031708
ACCACCCTCTCTTCTA-1,0.005104,0.471127,0.00513,0.518638
ACCACTGTTCAAGAAG-1,0.00275,0.093771,0.900721,0.002758
ACCAGACCATAACAAC-1,0.0001,0.420463,0.579337,0.0001
ACCAGTGCCCGGTCAA-1,0.000337,0.751471,0.219259,0.028934
ACCAGTGCGGGAGACG-1,0.000119,0.833617,0.10582,0.060444
ACCATATCCGCAATAA-1,0.000318,0.497101,0.49413,0.008452
ACCATCCGCCAACTAG-1,0.002469,0.764979,0.143587,0.088965
ACCATCGTATATGGTA-1,0.000507,0.368134,0.63085,0.000509
ACCATTAAGGGTGTCA-1,0.003968,0.174247,0.48518,0.336605
ACCCAACGCCCGTGGC-1,0.00013,0.468793,0.473365,0.057713
ACCCACCTACATGCTC-1,0.001126,0.004518,0.969766,0.02459
ACCCATCTTGAGGGTA-1,0.000103,0.003713,0.954301,0.041882
ACCCGGATGACGCATC-1,0.000162,0.296958,0.660255,0.042624
ACCCGGTTACACTTCC-1,0.006858,0.716695,0.269613,0.006834
ACCCTATAGGACTGAG-1,0.00069,0.330386,0.668229,0.000694
ACCCTGGTAACGCCCT-1,0.004202,0.396251,0.595332,0.004214
ACCCTTGCCTGGGTCG-1,0.000851,0.899993,0.098301,0.000855
ACCCTTTAGTTCTCCA-1,0.000195,0.760758,0.215928,0.023119
ACCGATATTTAATCAT-1,0.000339,0.603571,0.326054,0.070036
ACCGATGGTAGCATCG-1,0.000205,0.48612,0.484058,0.029617
ACCGCGGTGGAAGTCG-1,0.00011,0.390239,0.561049,0.048601
ACCGGGCCTTTGTTGA-1,0.000062,0.906953,0.070305,0.02268
ACCGGTCTGAGTACGG-1,0.000207,0.939222,0.060364,0.000207
ACCTAAGTACCTTTCA-1,0.000072,0.766452,0.171205,0.062271
ACCTAATCGACTTCCT-1,0.000591,0.170904,0.827913,0.000593
ACCTACAGTATGTGGT-1,0.000129,0.704623,0.295119,0.000129
ACCTCCGTTATTCACC-1,0.000154,0.801152,0.185438,0.013256
ACCTGCGTGTCATGTT-1,0.000156,0.764625,0.212868,0.022351
ACGAAATGGGCGGCAC-1,0.002553,0.791066,0.203816,0.002565
ACGAGAACCCATCACG-1,0.000075,0.798979,0.183319,0.017628
ACGAGATATTTGCTTA-1,0.000362,0.709122,0.245722,0.044794
ACGAGGATACCACTCT-1,0.000073,0.844286,0.103373,0.052268
ACGAGTACGGATGCCC-1,0.002132,0.094855,0.778877,0.124136
ACGAGTCGCCGGCGTT-1,0.000678,0.107931,0.890711,0.00068
ACGATACATAGAACTA-1,0.000381,0.408627,0.494269,0.096723
ACGATACCTATCCTGA-1,0.000069,0.448466,0.511969,0.039496
ACGATCATCTTGTAAA-1,0.000116,0.355084,0.602935,0.041865
ACGATGCATATGTTAT-1,0.000326,0.768792,0.230554,0.000328
ACGATGGATCCGATGC-1,0.003175,0.474238,0.345295,0.177292
ACGCAATCACTACAGC-1,0.000773,0.487259,0.511193,0.000776
ACGCATAAATGACATG-1,0.000141,0.999578,0.000141,0.000141
ACGCATTCGTGAGTAC-1,0.000075,0.805055,0.194794,0.000076
ACGCCAGATGATTTCT-1,0.00022,0.582427,0.346935,0.070418
ACGCCTGACACGCGCT-1,0.002804,0.231474,0.602424,0.163298
ACGCGCTACACAGGGT-1,0.002697,0.254814,0.739777,0.002712
ACGCGGGCCAAGGACA-1,0.000051,0.919391,0.07994,0.000618
ACGCGTTTCTTAAGAG-1,0.000082,0.054811,0.871004,0.074103
ACGCTAGTGATACACT-1,0.000224,0.000901,0.99865,0.000225
ACGCTGTGAGGCGTAG-1,0.000039,0.796678,0.150239,0.053044
ACGCTTAGTGTCTCTC-1,0.000087,0.999738,0.000088,0.000088
ACGGAATTTAGCAAAT-1,0.000129,0.37817,0.621572,0.000129
ACGGAGCGCAAATTAC-1,0.003177,0.504569,0.489061,0.003194
ACGGCGGGTTGCCCTG-1,0.000104,0.952101,0.04769,0.000105
ACGGGAGTGTCGGCCC-1,0.001212,0.921936,0.001216,0.075636
ACGGGCGTATGCGACA-1,0.000257,0.620326,0.379159,0.000258
ACGGGTCATGTGACTT-1,0.004762,0.129624,0.86083,0.004785
ACGTATTACTCCGATC-1,0.000137,0.698932,0.294588,0.006342
ACGTCTCGTTCCGGGA-1,0.000791,0.472788,0.525628,0.000793
ACGTTAGATTTGCCCG-1,0.000382,0.465228,0.50454,0.02985
ACGTTATTGGTCACTC-1,0.001661,0.204559,0.792113,0.001667
ACGTTCGCAATCAATT-1,0.000992,0.003984,0.994027,0.000996
ACGTTTAGTTGTGATC-1,0.00026,0.645622,0.310744,0.043374
ACTAAGGACGCACACC-1,0.002102,0.764449,0.231338,0.002111
ACTAATACGTCAGGCG-1,0.000593,0.872644,0.126167,0.000595
ACTACCAGCTCTCTGG-1,0.000121,0.40088,0.598878,0.000121
ACTAGTTGCGATCGTC-1,0.00003,0.999909,0.000031,0.000031
ACTATATGCTGTGTTC-1,0.00035,0.646318,0.286518,0.066814
ACTATCCAGGGCATGG-1,0.000092,0.159802,0.840015,0.000092
ACTATCGCCGGCTAAA-1,0.003106,0.193475,0.800298,0.003122
ACTATCTGCCCGCGTA-1,0.000082,0.537346,0.433373,0.0292
ACTATTCGTCCGTGGT-1,0.000487,0.199038,0.799987,0.000488
ACTCAACGAATGTATT-1,0.000132,0.707046,0.249344,0.043478
ACTCAATAAAGGCACG-1,0.000069,0.97064,0.01545,0.01384
ACTCAGACCTGCTTCT-1,0.000118,0.892856,0.06433,0.042697
ACTCCCATTCCTAAAG-1,0.000621,0.696646,0.107318,0.195416
ACTCCCGAATTCGTTT-1,0.000119,0.087801,0.91196,0.00012
ACTCCCGTAGACTAGG-1,0.00304,0.780032,0.213874,0.003055
ACTCGATGTATTTCAT-1,0.001743,0.045511,0.847826,0.104921
ACTCGCGATCTGACGC-1,0.001555,0.386307,0.473436,0.138702
ACTCGTAACCCGTCCT-1,0.001415,0.688131,0.253217,0.057236
ACTCGTCAGTAATCCC-1,0.000094,0.947398,0.028102,0.024406
ACTCTAAACCTGGGAT-1,0.000058,0.125793,0.865491,0.008658
ACTCTCTGACTTAGGT-1,0.000729,0.582828,0.178343,0.2381
ACTCTCTTATACACGA-1,0.000463,0.627583,0.320417,0.051538
ACTCTTCAGCTCCCGC-1,0.001182,0.130186,0.867446,0.001186
ACTGATTTAGTGATTC-1,0.000439,0.712918,0.224619,0.062025
ACTGCCGTCGTAACTC-1,0.000178,0.653019,0.315837,0.030966
ACTGCGGACACACCGT-1,0.000262,0.585415,0.41406,0.000263
ACTGGCGAACCTGCGT-1,0.002464,0.582848,0.364477,0.050211
ACTGTACGATACACAT-1,0.000068,0.941316,0.031576,0.02704
ACTGTAGCACTTTGGA-1,0.000139,0.422705,0.577018,0.000139
ACTGTATACGCGAGCA-1,0.000138,0.725897,0.252754,0.021212
ACTGTCCAGGATTATA-1,0.00019,0.586317,0.413302,0.000191
ACTGTCTTCTTTAGAA-1,0.00012,0.745082,0.149449,0.105349
ACTGTGCTAGTAGATC-1,0.000309,0.43925,0.56013,0.000311
ACTTACCGGGCGCGCA-1,0.001786,0.596428,0.334657,0.067129
ACTTAGTACGACAAGA-1,0.000158,0.562156,0.437527,0.000159
ACTTATACTTACCCGG-1,0.000139,0.708064,0.243702,0.048094
ACTTATTAGGATCGGT-1,0.000558,0.556422,0.442459,0.000561
ACTTATTTATGTGCCA-1,0.000187,0.799057,0.090636,0.11012
ACTTCGCCATACGCAC-1,0.000112,0.911534,0.059278,0.029076
ACTTCGCTAGCGAGTG-1,0.000332,0.591879,0.407455,0.000334
ACTTGGGACCCGGTGG-1,0.000205,0.415812,0.564781,0.019203
ACTTGTAGTCCCTTCA-1,0.005505,0.166331,0.456438,0.371726
ACTTGTGGATGGAACG-1,0.000054,0.907563,0.092329,0.000054
ACTTTACCCTCATGAA-1,0.000148,0.271874,0.727829,0.000149
ACTTTCCTATAGCTTC-1,0.00017,0.794518,0.06301,0.142302
ACTTTGACTGCATCCT-1,0.00013,0.077154,0.595402,0.327313
AGAAATTATGACTCGC-1,0.000081,0.436716,0.507442,0.055761
AGAACCCAGCGTGACA-1,0.002271,0.305058,0.58449,0.108181
AGAACGTGGTACATTC-1,0.000083,0.880474,0.097787,0.021656
AGAAGAGCGCCGTTCC-1,0.000495,0.998513,0.000497,0.000496
AGAAGGTTGCCGAATT-1,0.000397,0.509393,0.458116,0.032095
AGAAGTGATTCGTGAT-1,0.002233,0.752162,0.14628,0.099325
AGAATAAATCTTCAGG-1,0.000078,0.075222,0.566227,0.358474
AGAATGCGGGTTCGGA-1,0.001172,0.600354,0.380321,0.018153
AGAATTATGGATTCGA-1,0.000095,0.392598,0.581823,0.025484
AGAATTGTTTGACATA-1,0.000104,0.039306,0.960486,0.000104
AGACAGCTCAGAATCC-1,0.002165,0.008701,0.828302,0.160833
AGACCATGGGATACAA-1,0.000154,0.159746,0.839945,0.000155
AGACCCGCCCTCCTCG-1,0.000034,0.982947,0.016984,0.000035
AGACCGCTCCGCGGTT-1,0.000107,0.521737,0.433957,0.044199
AGACCGGGAAACCCTG-1,0.000136,0.392056,0.560781,0.047027
AGACGGGCCGATTTAA-1,0.000189,0.816464,0.169847,0.0135
AGACTAGCCTTCCAGA-1,0.00013,0.516098,0.483641,0.000131
AGAGAACCGTCTAGGA-1,0.000103,0.30946,0.690333,0.000104
AGAGATCTCTAAAGCG-1,0.003973,0.286532,0.506951,0.202545
AGAGCAGTTATGAGAC-1,0.000037,0.585748,0.40889,0.005325
AGAGCGCTTGTAACGG-1,0.001337,0.458627,0.453762,0.086273
AGAGCGTACAAGCTCG-1,0.000345,0.050992,0.914937,0.033727
AGAGCTACGAAAGCAT-1,0.000467,0.376763,0.591628,0.031141
AGAGGCTTCGGAAACC-1,0.000098,0.78911,0.164823,0.04597
AGAGGGACAATTGTCC-1,0.000228,0.921895,0.077647,0.000229
AGAGTAAACTTCACTA-1,0.000086,0.700519,0.299309,0.000086
AGAGTATAGTGTTACG-1,0.002166,0.008697,0.986959,0.002178
AGAGTTAGAGACCGAT-1,0.002555,0.905383,0.002565,0.089498
AGAGTTGCAGGCCTCC-1,0.002343,0.992956,0.002353,0.002347
AGATAACTTCAGGGCC-1,0.000087,0.501779,0.498046,0.000088
AGATACCAGCACTTCA-1,0.004766,0.391583,0.598852,0.004799
AGATACCGGTGTTCAC-1,0.000095,0.240959,0.75885,0.000095
AGATACGACTTCATAT-1,0.000353,0.46491,0.519654,0.015083
AGATCGTGCATAAGAT-1,0.000799,0.426145,0.506662,0.066394
AGATCTCAGGTGTGAT-1,0.000131,0.823394,0.139197,0.037279
AGATGACTCGCCCACG-1,0.00008,0.934849,0.057153,0.007918
AGATGAGGGTTGCGAT-1,0.000593,0.446842,0.404973,0.147592
AGATGATGGAGTCTGG-1,0.000143,0.096483,0.878886,0.024488
AGATGCATCCTGTGTC-1,0.000167,0.858191,0.076488,0.065153
AGATGCTATAACGAGC-1,0.004202,0.113726,0.625281,0.256791
AGATTATAGGACGTTT-1,0.001458,0.668298,0.328779,0.001464
AGCAACATATCTTATT-1,0.000092,0.720591,0.252531,0.026786
AGCACTACCGGCCTGT-1,0.00227,0.366057,0.629393,0.00228
AGCACTTAAGGACGCC-1,0.00004,0.597194,0.402726,0.00004
AGCATATCAATATGCT-1,0.000117,0.853454,0.101944,0.044485
AGCATCGTCGATAATT-1,0.000119,0.819707,0.160861,0.019313
AGCCACTCCCGTGCTT-1,0.000212,0.550264,0.374055,0.07547
AGCCCATACATGTAAG-1,0.003405,0.337473,0.655704,0.003418
AGCCCTGTCGCACCGT-1,0.000647,0.333747,0.587967,0.077638
AGCCCTTCTAATCCGA-1,0.000761,0.608722,0.389752,0.000764
AGCCGCAAATTCAAAT-1,0.000087,0.38612,0.613706,0.000087
AGCCGCTTGATTAGCG-1,0.003485,0.22716,0.76585,0.003505
AGCCGTGGCTAAATGT-1,0.000249,0.854286,0.047681,0.097784
AGCCTTAAAGCGGAAG-1,0.004203,0.369042,0.622523,0.004232
AGCGACAGGAACGGTC-1,0.005113,0.849171,0.14058,0.005136
AGCGACCAACGATATT-1,0.000061,0.870558,0.12147,0.007911
AGCGCGGGTGCCAATG-1,0.000102,0.393342,0.606454,0.000102
AGCGCTAGAGCGATGT-1,0.000745,0.508201,0.360427,0.130627
AGCGCTTATGGGCAAG-1,0.000367,0.998898,0.000368,0.000368
AGCGGGAAGGGTCCAT-1,0.000106,0.758908,0.24088,0.000106
AGCGGTTGCCGCTCTG-1,0.002101,0.411702,0.584084,0.002112
AGCGTACGAGAGCTAG-1,0.00044,0.427014,0.572104,0.000442
AGCGTAGCGCTAGACC-1,0.000117,0.872568,0.127197,0.000118
AGCGTCTGAACCCGCA-1,0.000253,0.735846,0.142978,0.120924
AGCTAGAAGCAGAAGT-1,0.000299,0.628956,0.370444,0.0003
AGCTATTTAATCCAAC-1,0.000258,0.55621,0.392297,0.051235
AGCTCGTTGATGGAAA-1,0.002167,0.459562,0.385047,0.153224
AGCTCTAGACGTTCCA-1,0.000097,0.970324,0.00082,0.028759
AGCTCTTCCCAGTGCA-1,0.002647,0.502707,0.491988,0.002657
AGCTCTTCGTAACCTT-1,0.000139,0.459308,0.51863,0.021923
AGCTCTTTACTCAGTT-1,0.002382,0.315648,0.679574,0.002396
AGCTGAAGTAAACCAA-1,0.000191,0.414868,0.551475,0.033465
AGCTTGATCTTAACTT-1,0.003665,0.468976,0.253024,0.274336
AGGAAAGCCTCTGATG-1,0.00008,0.608817,0.384548,0.006555
AGGACAGTCGAATCCC-1,0.00018,0.751256,0.128193,0.120371
AGGACATCGCACGTCG-1,0.000126,0.628878,0.346737,0.024259
AGGACGACCCATTAGA-1,0.00157,0.496364,0.405611,0.096455
AGGACGCTCGATGTTG-1,0.000656,0.374358,0.613616,0.01137
AGGACTTATAGGAGAA-1,0.005495,0.402337,0.586655,0.005514
AGGAGACATCCACAGT-1,0.001475,0.220263,0.776781,0.001481
AGGAGAGTCTGGCTAC-1,0.000552,0.218339,0.780555,0.000554
AGGATATAGGGATTTA-1,0.000061,0.951185,0.048693,0.000061
AGGATCACGCGATCTG-1,0.000077,0.784233,0.189959,0.025731
AGGATTGCTTACGACA-1,0.000608,0.388165,0.560907,0.050319
AGGCAATACGGAGGAC-1,0.001433,0.726602,0.270531,0.001434
AGGCAGATGCGTAAAC-1,0.000196,0.413037,0.558619,0.028148
AGGCATTGTCGTAGGG-1,0.000306,0.648279,0.100371,0.251044
AGGCCACATTGGTTAC-1,0.003106,0.223855,0.640223,0.132815
AGGCCACCCGTTATGA-1,0.000088,0.58032,0.419504,0.000088
AGGCCCAGTGACTGGT-1,0.000233,0.312722,0.68681,0.000234
AGGCCCATTGTACAGG-1,0.000437,0.754001,0.211315,0.034246
AGGCCCTAGAACGCCA-1,0.001935,0.694421,0.301706,0.001938
AGGCGTCTATGGACGG-1,0.001607,0.419479,0.577303,0.001611
AGGCTATGGTTAGCTT-1,0.000433,0.074906,0.924225,0.000435
AGGCTTCCCGAAGAAG-1,0.000443,0.833811,0.165302,0.000444
AGGCTTGCTAGACACC-1,0.004085,0.016407,0.782193,0.197315
AGGGAAACGAGGTACT-1,0.00004,0.695581,0.304339,0.00004
AGGGACCGGCTGCGTT-1,0.000111,0.000446,0.999332,0.000111
AGGGAGACATACTTCG-1,0.001722,0.171992,0.82456,0.001726
AGGGCAGCGGCGTGGT-1,0.001786,0.367413,0.462934,0.167867
AGGGCGAGCAGCTGAT-1,0.001764,0.654585,0.205018,0.138633
AGGGCGTGATCGGCTA-1,0.000086,0.766437,0.206504,0.026973
AGGGTCAGTAACCCTA-1,0.002202,0.683553,0.312036,0.00221
AGGGTCGATGCGAACT-1,0.000146,0.442244,0.50619,0.05142
AGGGTGCTCTCGAGGG-1,0.000142,0.552246,0.425291,0.022321
AGGGTGGATAGTGCAT-1,0.000084,0.093021,0.717041,0.189854
AGGGTTCCCTTTGGTT-1,0.000308,0.391487,0.607896,0.000309
AGGGTTTAGTTCGGGA-1,0.00012,0.852723,0.091791,0.055367
AGGTAACCTCCTATTC-1,0.00009,0.818194,0.181626,0.00009
AGGTACGATATTGCCA-1,0.001324,0.730813,0.266533,0.00133
AGGTAGGTACAAAGCT-1,0.000234,0.400409,0.584145,0.015212
AGGTATAATTGATAGT-1,0.000181,0.033365,0.926177,0.040278
AGGTATGCGGACATTA-1,0.00014,0.000561,0.999159,0.00014
AGGTCAGGTGAGAGTG-1,0.002982,0.29253,0.565478,0.13901
AGGTCGCCACTTCGGT-1,0.000089,0.87773,0.122091,0.00009
AGGTCGCGGAGTTACT-1,0.002977,0.294217,0.699819,0.002987
AGGTGTATCGCCATGA-1,0.001327,0.397117,0.600226,0.00133
AGGTTACACCATGCCG-1,0.000378,0.227955,0.729194,0.042472
AGGTTGAGGCACGCTT-1,0.000163,0.845542,0.154131,0.000164
AGTAACGTTCATCCTG-1,0.001489,0.882618,0.114396,0.001497
AGTACATCATTTATCA-1,0.003324,0.101335,0.892001,0.00334
AGTACCTTCGAGTGCT-1,0.001134,0.798966,0.19876,0.001139
AGTACGGCCCGTATCG-1,0.000059,0.083052,0.721715,0.195174
AGTACGGGCACCTGGC-1,0.000111,0.761336,0.227793,0.01076
AGTACGTGGCCTGTCT-1,0.000711,0.723277,0.275298,0.000715
AGTAGCTAGACGCCGA-1,0.000911,0.824975,0.089542,0.084572
AGTAGGAAGGAAGTTG-1,0.000109,0.10451,0.895272,0.000109
AGTAGGTAACATACAT-1,0.000109,0.9279,0.066833,0.005157
AGTATAATACTAGGCA-1,0.000226,0.342948,0.6566,0.000226
AGTATCCATAATAACG-1,0.000224,0.519265,0.452647,0.027863
AGTCAACACCACCATC-1,0.000511,0.804785,0.194192,0.000513
AGTCACTCCGCCTCAT-1,0.000303,0.68139,0.274079,0.044228
AGTCAGCCACCGCCTG-1,0.000139,0.465796,0.533925,0.00014
AGTCCAGCGGGTACGT-1,0.000141,0.600092,0.392095,0.007672
AGTCCATTGGCTGATG-1,0.000108,0.689416,0.310369,0.000108
AGTCCCGCCTTTAATT-1,0.00045,0.654929,0.34417,0.000451
AGTCCCTCGCAGAAAG-1,0.001108,0.240049,0.603377,0.155465
AGTCGACGGTCTCAAG-1,0.000084,0.808187,0.191644,0.000085
AGTCGGCCCAAACGAC-1,0.000076,0.323065,0.676089,0.00077
AGTCGGCTCAACTTTA-1,0.000719,0.968018,0.000721,0.030542
AGTCGGTTGCGTGAGA-1,0.000074,0.279456,0.720395,0.000075
AGTCTAAAGTATACTC-1,0.000922,0.003702,0.994449,0.000926
AGTCTGGACATCCTTG-1,0.00023,0.376038,0.623501,0.000231
AGTGAACAAACTTCTC-1,0.000102,0.558086,0.44171,0.000102
AGTGAAGATGGTGTCC-1,0.003493,0.014009,0.769672,0.212826
AGTGACCTACTTTACG-1,0.002507,0.381711,0.413801,0.201981
AGTGAGACTTCCAGTA-1,0.00004,0.996596,0.00004,0.003324
AGTGAGCCTCGCCGCC-1,0.000421,0.167048,0.751112,0.081419
AGTGAGGGTTTCTGAC-1,0.001643,0.593188,0.403519,0.001651
AGTGATATGAGTAGTT-1,0.001445,0.480045,0.517062,0.001448
AGTGATTCAAGCAGGA-1,0.00016,0.488496,0.44835,0.062994
AGTGCGTAGCTCGTAA-1,0.000528,0.804839,0.194104,0.000529
AGTGCTTGCACGAATA-1,0.000081,0.936142,0.038581,0.025196
AGTGGCGGCAATTTGA-1,0.000096,0.126706,0.873102,0.000096
AGTGGCTCCGTCGGCC-1,0.000117,0.270429,0.541709,0.187746
AGTGGGAGTATACACG-1,0.336778,0.567891,0.047697,0.047634
AGTGGTGTTACCCGTG-1,0.000119,0.899291,0.057765,0.042825
AGTGGTTGCGTATAGG-1,0.000058,0.614462,0.313832,0.071648
AGTGTATTGCGCATTG-1,0.001201,0.704061,0.293531,0.001207
AGTGTGCTAAGATCGC-1,0.003175,0.270644,0.52282,0.203361
AGTGTGGTCTATTGTG-1,0.000133,0.776979,0.222755,0.000133
AGTTAAACACTTGCGA-1,0.00052,0.714531,0.234043,0.050906
AGTTAAGCGGTCCCGG-1,0.001224,0.243163,0.652107,0.103506
AGTTACCCTTAAGACT-1,0.000953,0.003827,0.890049,0.10517
AGTTACCGCACATGGT-1,0.001832,0.184111,0.812219,0.001838
AGTTACTCTATCGTGG-1,0.00052,0.59218,0.329162,0.078138
AGTTCACCGGTTGGAC-1,0.000565,0.255134,0.743734,0.000567
AGTTCCTACAGAATTA-1,0.000118,0.58916,0.402337,0.008384
AGTTCTGCGTTGTATC-1,0.000069,0.517921,0.48194,0.00007
AGTTGACATCGGCTGG-1,0.000224,0.683164,0.316386,0.000225
AGTTGCTGACTGATAT-1,0.000097,0.482846,0.51696,0.000097
AGTTTATGTAAAGACA-1,0.001192,0.184331,0.813279,0.001197
AGTTTGGCACGGGTTG-1,0.000116,0.732466,0.221002,0.046416
AGTTTGGCCAGACCTA-1,0.003487,0.476206,0.264772,0.255534
ATAAAGGCTCGGTCGT-1,0.000211,0.501158,0.472078,0.026554
ATAAAGGTCAAGTACG-1,0.00029,0.883698,0.069849,0.046164
ATAAATATTAGCAGCT-1,0.000063,0.823296,0.176578,0.000063
ATAACGCCGGAGGGTC-1,0.000107,0.820571,0.129623,0.049699
ATAACGGAGTCCAACG-1,0.000125,0.729888,0.222242,0.047745
ATAACGTTACCTCCAC-1,0.002167,0.597441,0.398218,0.002174
ATAAGCAAACACCGAG-1,0.002603,0.469823,0.337682,0.189892
ATAAGTACCCGATTGT-1,0.001985,0.684579,0.31144,0.001996
ATAAGTAGGATTCAGA-1,0.004202,0.229332,0.730051,0.036416
ATAAGTAGGGCGACTC-1,0.000115,0.205142,0.794627,0.000115
ATAAGTTACCGCGACG-1,0.002343,0.337635,0.657668,0.002354
ATAATACCGTTAGCCG-1,0.000745,0.002991,0.995517,0.000747
ATAATAGTGTAGGGAC-1,0.000089,0.72125,0.278572,0.000089
ATACCACGGGCAACTT-1,0.002552,0.393955,0.600932,0.00256
ATACCCTGGCTCAAAT-1,0.000267,0.595282,0.404182,0.000268
ATACCGTCATCCATAA-1,0.001663,0.683305,0.202103,0.11293
ATACGAAGGCTTTCCA-1,0.003401,0.013682,0.979493,0.003424
ATACGCCGGCGAAACC-1,0.000086,0.876938,0.097678,0.025298
ATACGGGTTTCGATTG-1,0.000361,0.342541,0.558289,0.098808
ATACGGTGAAGATGCA-1,0.000072,0.000289,0.733333,0.266306
ATACGTCCACTCCTGT-1,0.000092,0.795401,0.179601,0.024907
ATACTCTCGCCACTCT-1,0.000278,0.503889,0.495555,0.000279
ATACTTGTTCTCGAGC-1,0.000083,0.017022,0.814529,0.168365
ATAGACAACGGGACCT-1,0.00016,0.274629,0.708887,0.016324
ATAGACGAAGAGAAAG-1,0.00027,0.348717,0.611981,0.039033
ATAGAGTACTGGGACA-1,0.000105,0.737763,0.262026,0.000106
ATAGAGTTATCAACTT-1,0.000205,0.373808,0.54691,0.079077
ATAGCCTCAGTACCCA-1,0.001278,0.547401,0.450041,0.00128
ATAGCTGCTCTTGTTA-1,0.002597,0.151497,0.770768,0.075137
ATAGGAATCTAAGCTT-1,0.000127,0.75385,0.192929,0.053094
ATAGGCGGCTATAGAA-1,0.005105,0.205311,0.557356,0.232228
ATAGGCTAGCTTCGCA-1,0.000447,0.28183,0.717275,0.000448
ATAGGGATATCCTTGA-1,0.000211,0.596195,0.374259,0.029335
ATAGTCTTTGACGTGC-1,0.000477,0.815824,0.034269,0.14943
ATAGTGAAGCGTTCTC-1,0.000113,0.678013,0.321761,0.000113
ATAGTTCCACCCACTC-1,0.000099,0.430017,0.545731,0.024153
ATATCAACCTACAGAG-1,0.000115,0.26438,0.64551,0.089996
ATATCGGTAGGGAGAT-1,0.000142,0.110943,0.881048,0.007867
ATATCGTGCCAGACCC-1,0.000246,0.852186,0.000247,0.147321
ATATCTCCCTCGTTAA-1,0.000785,0.722042,0.276383,0.000789
ATATCTTAGGGCCTTC-1,0.000078,0.88677,0.113074,0.000078
ATATGTCTCCCTAGCC-1,0.000174,0.312443,0.614265,0.073117
ATATGTGCACAAACCA-1,0.002072,0.600308,0.233842,0.163778
ATATTATCCCGTATTT-1,0.004926,0.563706,0.42643,0.004937
ATATTCAGTTAAACCT-1,0.004762,0.019135,0.773853,0.20225
ATATTGCTGTCAAAGT-1,0.000132,0.396383,0.603353,0.000132
ATATTTAACCCTCAAG-1,0.000057,0.832506,0.167381,0.000057
ATCAAACACTGTTCCA-1,0.000134,0.574472,0.386757,0.038638
ATCAAACGAAGGTTTG-1,0.002978,0.670532,0.217633,0.108857
ATCACATTAGAATATC-1,0.000194,0.46583,0.457284,0.076691
ATCACGTGCTAATTAA-1,0.002552,0.764437,0.230448,0.002563
ATCACTTCATCCTCGC-1,0.000254,0.747104,0.227664,0.024978
ATCAGACGGCACGCCG-1,0.000718,0.802852,0.195709,0.000721
ATCAGGTAGCTGACAG-1,0.000761,0.003057,0.99542,0.000763
ATCAGGTCGCCATTGC-1,0.001325,0.876073,0.121272,0.00133
ATCAGTAGGCAGGGAT-1,0.000117,0.331294,0.668472,0.000117
ATCATCCAATATTTGT-1,0.000314,0.904768,0.094602,0.000315
ATCATCTGCCCAGTGT-1,0.000121,0.90354,0.071423,0.024917
ATCATGGACTACCGAC-1,0.002423,0.381418,0.613725,0.002435
ATCCAACGCAGTCATA-1,0.000023,0.656743,0.343211,0.000023
ATCCAATGGAGGGTCC-1,0.005102,0.529153,0.314734,0.151011
ATCCAATGGTACCGAA-1,0.00004,0.421531,0.493223,0.085207
ATCCACGCTAAATGTT-1,0.000234,0.604026,0.269824,0.125916
ATCCACTTTCAGACTA-1,0.001444,0.728908,0.268199,0.001449
ATCCAGAGCAACAACC-1,0.000228,0.828133,0.070555,0.101084
ATCCAGGATTCGTGAA-1,0.000852,0.471375,0.407059,0.120715
ATCCTACCTAAGCTCT-1,0.000402,0.853009,0.146186,0.000403
ATCCTGAATCGCTGCG-1,0.003181,0.206838,0.410405,0.379575
ATCCTGCGTGGAATGG-1,0.000253,0.570049,0.386504,0.043195
ATCCTTCTGAAAGAAC-1,0.000888,0.576134,0.303435,0.119544
ATCGCACGATTGTTCA-1,0.000174,0.323318,0.676334,0.000174
ATCGCACGCCGGGAGA-1,0.000054,0.964307,0.035585,0.000054
ATCGCCAGTCAACATT-1,0.000117,0.423945,0.546922,0.029015
ATCGCTGCGTGCAGCA-1,0.002272,0.225859,0.769589,0.002279
ATCGCTTTACGTCTCA-1,0.002167,0.274478,0.642063,0.081292
ATCGGCAAGCAGTCCA-1,0.001684,0.417753,0.578873,0.00169
ATCGGTTACCTAGTAA-1,0.000035,0.662642,0.317677,0.019646
ATCGTATTCCGAGAAC-1,0.000051,0.198174,0.797881,0.003895
ATCGTCCAATCGAGTC-1,0.001044,0.321282,0.676625,0.001049
ATCGTTCACTTTCGCC-1,0.002552,0.646279,0.348605,0.002564
ATCTAACGTCCCTATG-1,0.001932,0.513488,0.48264,0.00194
ATCTATCGATGATCAA-1,0.000761,0.377443,0.257064,0.364733
ATCTCCCTGCAATCTA-1,0.000194,0.718484,0.252005,0.029317
ATCTCGTGAGCGAAAC-1,0.000095,0.581363,0.36391,0.054632
ATCTGATAGTGTCTTA-1,0.002858,0.107469,0.8868,0.002873
ATCTGCACCTCTGCGA-1,0.000193,0.083794,0.863194,0.052819
ATCTGGTTAAGACTGT-1,0.000097,0.771112,0.207921,0.020869
ATCTTGACCTGCAACG-1,0.000176,0.339775,0.625881,0.034168
ATCTTGACTTGTCCAA-1,0.000111,0.70898,0.290799,0.000111
ATCTTTCGTATAACCA-1,0.002647,0.120788,0.873908,0.002658
ATGAAGCCAAGGAGCC-1,0.000057,0.819444,0.17522,0.005279
ATGAAGTGGACCCAGC-1,0.00006,0.344431,0.649441,0.006068
ATGAGGAGTGTTAATC-1,0.000066,0.000265,0.999603,0.000066
ATGAGGGCAGCGGCTA-1,0.000165,0.492815,0.506854,0.000165
ATGATCGGGAATAGAC-1,0.000112,0.893387,0.071936,0.034565
ATGATGCAATGGTACA-1,0.002749,0.63838,0.35611,0.002761
ATGCACCTTCCTTAAT-1,0.002978,0.150179,0.843854,0.002989
ATGCACTACCGCATTG-1,0.00027,0.555819,0.44364,0.000271
ATGCCAATCGCTCTGC-1,0.001264,0.553051,0.444414,0.00127
ATGCCATTTGCGACCA-1,0.000084,0.837875,0.12411,0.037932
ATGCCGGTCTTGCATA-1,0.000098,0.88242,0.099132,0.018349
ATGCCGGTTGATGGGA-1,0.000357,0.607709,0.362441,0.029493
ATGCGACAATTGGTCC-1,0.000827,0.471891,0.436581,0.090701
ATGCGACAGTCCCATT-1,0.000226,0.615577,0.089409,0.294789
ATGCGAGTCCCACCAC-1,0.000069,0.920315,0.079546,0.00007
ATGCTCAGTGTTGCAT-1,0.000153,0.150081,0.849613,0.000153
ATGGAACCTTTGCACA-1,0.004764,0.159145,0.831312,0.004779
ATGGATCCGGCGTCCG-1,0.000214,0.439019,0.560552,0.000215
ATGGATTGACCAAACG-1,0.000097,0.903346,0.043809,0.052748
ATGGCAGCCGAGAAAC-1,0.00003,0.164644,0.806599,0.028726
ATGGCGGAATAGTCGC-1,0.000817,0.088529,0.909834,0.00082
ATGGCTGGAAATGGCC-1,0.003401,0.560063,0.003417,0.433119
ATGGGAACGGAAGCGG-1,0.000729,0.997806,0.000732,0.000732
ATGGGCCTCGGCCTCT-1,0.000042,0.990098,0.000042,0.009818
ATGGTCGCGTGGTTTC-1,0.000093,0.999721,0.000093,0.000093
ATGGTTACGAAACATG-1,0.001007,0.706512,0.291471,0.00101
ATGTAAGGCTGCTCTT-1,0.000369,0.001483,0.935238,0.062909
ATGTCATTTCCCATTG-1,0.002555,0.062495,0.86775,0.0672
ATGTGAAAGCCTAATG-1,0.000959,0.510277,0.453246,0.035518
ATGTGCATCCGACGCA-1,0.000071,0.91581,0.073712,0.010408
ATGTTACGAGCAATAC-1,0.000146,0.300292,0.699416,0.000146
ATGTTCCTGCCCACCT-1,0.000922,0.249226,0.748926,0.000925
ATGTTCGTCGACCCAC-1,0.000115,0.038234,0.618612,0.34304
ATGTTTCGGCCCGGAG-1,0.000507,0.135228,0.863757,0.000508
ATTAAACATGCGGACC-1,0.000178,0.757849,0.201625,0.040348
ATTAAAGCGGACGAGC-1,0.006807,0.979541,0.006837,0.006814
ATTAACACCTGAGATA-1,0.015892,0.063794,0.904373,0.015942
ATTAATACTACGCGGG-1,0.00039,0.842017,0.000391,0.157202
ATTAATGAACCAGTCG-1,0.000149,0.557531,0.409293,0.033027
ATTACAACTACCGGCC-1,0.000473,0.42291,0.576142,0.000475
ATTACATGTCAGTCTT-1,0.000099,0.726614,0.273187,0.000099
ATTACCACACTGCCTG-1,0.000175,0.365932,0.550253,0.083639
ATTACGACTCCACAGT-1,0.000718,0.264873,0.575201,0.159208
ATTACGCGCTGGCAGG-1,0.00325,0.424821,0.332632,0.239297
ATTACTAGCCTCTTGC-1,0.00015,0.614886,0.332685,0.052279
ATTACTTACTGGGCAT-1,0.001153,0.362364,0.635327,0.001156
ATTAGATTCCTCAGCA-1,0.001126,0.33994,0.592733,0.066202
ATTAGATTGATAGCGG-1,0.000112,0.882766,0.085981,0.031141
ATTATACTTTGCTCGT-1,0.000223,0.604622,0.394931,0.000224
ATTATAGCTACTTTAC-1,0.000432,0.051778,0.947356,0.000434
ATTATGCCATAGGGAG-1,0.000078,0.999764,0.000079,0.000079
ATTCAAAGTACCTGTT-1,0.002165,0.22956,0.766101,0.002174
ATTCAGGACCTATTTC-1,0.000042,0.95633,0.037665,0.005963
ATTCAGTAGCAGGGTC-1,0.000338,0.001356,0.846613,0.151693
ATTCATATACTGTCCA-1,0.000412,0.565571,0.328814,0.105203
ATTCCCACATAAACAA-1,0.000488,0.001959,0.997063,0.00049
ATTCCTAAGACGTGGA-1,0.003663,0.45922,0.533439,0.003678
ATTCCTCCGCCAGTGC-1,0.000107,0.421397,0.528438,0.050059
ATTCCTTCCAGGCGGT-1,0.00038,0.563014,0.436225,0.000381
ATTCGACGCCGGGCCT-1,0.000189,0.696162,0.30346,0.000189
ATTCGCAGAGGACACT-1,0.00397,0.784708,0.003985,0.207336
ATTCGTGCTATCTCTT-1,0.000159,0.208326,0.778121,0.013394
ATTCTGAGTATGAACT-1,0.000455,0.829069,0.13591,0.034566
ATTCTTCGTACTTATG-1,0.000407,0.850496,0.148688,0.000409
ATTGAAGATCTTAGTG-1,0.000165,0.648856,0.350813,0.000166
ATTGACCGGCGATGAC-1,0.001489,0.344459,0.652558,0.001494
ATTGACGTAACTCGGT-1,0.000406,0.639383,0.222458,0.137753
ATTGATAGCAACGAGA-1,0.000376,0.163939,0.835307,0.000378
ATTGATGAGTCCTAAC-1,0.00017,0.351454,0.590744,0.057631
ATTGCTGCTCCTCCAT-1,0.000532,0.529448,0.446194,0.023826
ATTGGGAGTTCTGTAA-1,0.000227,0.999318,0.000227,0.000228
ATTGGTAGGATCCGCT-1,0.000049,0.009397,0.932064,0.05849
ATTGTACAACTCGGCT-1,0.000061,0.531802,0.468075,0.000061
ATTGTCGCAATACCTT-1,0.001173,0.403611,0.439108,0.156108
ATTGTGACTTCGCTGC-1,0.000613,0.690984,0.165575,0.142828
ATTGTTCAACGATCCG-1,0.000088,0.550339,0.449484,0.000089
ATTTAACTCGTATTAC-1,0.000094,0.999717,0.000094,0.000095
ATTTACAGTTTACTGG-1,0.000071,0.425831,0.574026,0.000071
ATTTACTAAGTCCATT-1,0.000836,0.003357,0.951827,0.04398
ATTTCATTATTTCGCG-1,0.000318,0.999045,0.000319,0.000319
ATTTGTCTTGGGAGCT-1,0.000079,0.907649,0.080601,0.011672
ATTTGTTCCAGGGCTC-1,0.000272,0.616161,0.306197,0.07737
CAAACCAGGTCTGCAT-1,0.00014,0.579495,0.403036,0.017329
CAAACGAGTATCGCAG-1,0.000158,0.756324,0.243359,0.000159
CAAACGGTCGCACTTT-1,0.00004,0.498902,0.501017,0.000041
CAAACGTGGTCTTGCG-1,0.000148,0.82297,0.110613,0.066269
CAAACTACGATAGAGA-1,0.000211,0.760335,0.237965,0.001489
CAAACTATTGAGCTTC-1,0.001537,0.419791,0.57713,0.001542
CAAACTCGCGACGCCG-1,0.000083,0.436445,0.536108,0.027364
CAAAGGTCATCTGAAA-1,0.000487,0.199614,0.722091,0.077808
CAAAGGTTAAATTCAG-1,0.00034,0.872854,0.041231,0.085574
CAAAGTCAGGTTAGCT-1,0.000428,0.14924,0.849903,0.000429
CAAATCTCTCACAAGG-1,0.002646,0.010617,0.231437,0.755301
CAAATGTCCTTCCGTG-1,0.000463,0.532461,0.466612,0.000465
CAAATTGGATTATGCC-1,0.002805,0.475168,0.36307,0.158958
CAAATTGTCAGCAAGC-1,0.000726,0.834669,0.066252,0.098353
CAACACATCTCCTGCC-1,0.004204,0.138186,0.853379,0.004231
CAACATGGCCTGATAA-1,0.000598,0.472994,0.48309,0.043318
CAACCGCACCTAGACA-1,0.001289,0.391854,0.605564,0.001294
CAACCTGAACCTGCCA-1,0.002468,0.175903,0.660342,0.161287
CAACGACCCGTTTACA-1,0.000081,0.93384,0.065999,0.000081
CAACGGTTCTTGATAC-1,0.000265,0.463465,0.513968,0.022301
CAACGTGGTGGAGTCT-1,0.000311,0.496903,0.385325,0.117462
CAACTATATCGAATGC-1,0.000287,0.713954,0.285471,0.000288
CAACTCCAACGTTTAG-1,0.000192,0.999423,0.000192,0.000192
CAACTCCGTAACTTGC-1,0.001491,0.466416,0.530598,0.001495
CAACTCCTTGATCCCG-1,0.000115,0.700016,0.299754,0.000116
CAACTGAGGGTATGAC-1,0.002383,0.470411,0.524814,0.002392
CAACTTGTAGTGGGCA-1,0.000129,0.835511,0.116307,0.048053
CAAGAAACCCTAAACT-1,0.000641,0.902975,0.071996,0.024388
CAAGACTCAGAAGCGC-1,0.002013,0.329795,0.666169,0.002023
CAAGCAACGTCGGAGT-1,0.000053,0.159564,0.840329,0.000053
CAAGCACCAAATGCCT-1,0.000318,0.668572,0.097552,0.233558
CAAGGGAGTGTATTTG-1,0.000237,0.636396,0.363129,0.000238
CAAGGTCCTATAGGCT-1,0.000116,0.024431,0.975337,0.000116
CAAGTGTGGTTGCAAA-1,0.000091,0.746154,0.236637,0.017117
CAATAAACCTTGGCCC-1,0.000079,0.869673,0.099181,0.031067
CAATACGAGAGTCTGA-1,0.000195,0.197616,0.676879,0.12531
CAATACGCTCTGAGGC-1,0.000083,0.500389,0.276423,0.223105
CAATATGTAGATTTAC-1,0.000258,0.928166,0.000259,0.071318
CAATATTGGACTAGTG-1,0.000231,0.412442,0.541924,0.045403
CAATCCCTATACCAGC-1,0.000185,0.085295,0.914334,0.000186
CAATCCTGCCGTGGAG-1,0.000452,0.250944,0.706619,0.041985
CAATGAGGTTCGACTA-1,0.000309,0.512694,0.486687,0.00031
CAATGGAATCTACATA-1,0.001703,0.61799,0.378599,0.001708
CAATGGATCTCTACCA-1,0.000143,0.141918,0.715864,0.142074
CAATGTGCCAACCCTT-1,0.000135,0.253095,0.746635,0.000135
CAATTTGACCGGGAAG-1,0.001764,0.351898,0.644565,0.001773
CACAAGAAAGATATTA-1,0.001376,0.591619,0.405623,0.001382
CACAATGAGCTGCTAT-1,0.000856,0.676371,0.282684,0.040088
CACACAGCTTGCGCTC-1,0.000135,0.442499,0.420405,0.136961
CACACAGGGATAGATT-1,0.001043,0.004189,0.838473,0.156294
CACACGCGCTGTCTTA-1,0.00016,0.382407,0.581786,0.035646
CACACGTTTCAATGGG-1,0.000278,0.996395,0.003049,0.000279
CACACTTGTATTGCGA-1,0.002467,0.538221,0.456839,0.002473
CACAGCACCCACGGCA-1,0.000052,0.9086,0.091296,0.000052
CACAGTTCGCTTCCCA-1,0.000099,0.412364,0.551124,0.036413
CACATAAGGCGACCGT-1,0.000157,0.732338,0.173327,0.094178
CACATGTTTGGACATG-1,0.000314,0.496789,0.502583,0.000314
CACATTCTTTCGATGG-1,0.002599,0.429556,0.565239,0.002607
CACATTTCTTGTCAGA-1,0.000123,0.381083,0.618671,0.000123
CACCACGCCACACAGA-1,0.000059,0.454597,0.34971,0.195633
