Barcode,Topic 1,Topic 2,Topic 3,Topic 4,Topic 5,Topic 6,Topic 7to8
AAACAACGAATAGTTC-1,0.000121,0.167752,0.190938,0.000121,0.144337,0.32843,0.168299
AAACAAGTATCTCCCA-1,0.000048,0.00252,0.589891,0.006259,0.132784,0.000048,0.268452
AAACACCAATAACTGC-1,0.000029,0.002381,0.178033,0.003912,0.369146,0.041022,0.405478
AAACAGAGCGACTCCT-1,0.000239,0.120825,0.212948,0.000239,0.000239,0.000239,0.665269
AAACAGCTTTCAGAAG-1,0.000033,0.057943,0.029435,0.024199,0.594345,0.03547,0.258575
AAACAGGGTCTATATT-1,0.000041,0.000041,0.020338,0.000041,0.000041,0.135419,0.844079
AAACATGGTGAGAGGA-1,0.000083,0.000083,0.071127,0.000083,0.000083,0.817563,0.110978
AAACATTTCCCGGATT-1,0.002458,0.02883,0.210354,0.00012,0.00012,0.163468,0.59465
AAACCACTACACAGAT-1,0.000034,0.333865,0.125288,0.031762,0.16661,0.039367,0.303074
AAACCCGAACGAAATC-1,0.000023,0.023639,0.166521,0.010215,0.438249,0.008537,0.352816
AAACCGGAAATGTTAA-1,0.00003,0.157211,0.365686,0.033601,0.074091,0.015711,0.35367
AAACCGGGTAGGTACC-1,0.000026,0.081789,0.139425,0.010606,0.448007,0.036662,0.283485
AAACCGTTCGTCCAGG-1,0.012873,0.35252,0.063846,0.000051,0.032758,0.017369,0.520584
AAACCTAAGCAGCCGG-1,0.000054,0.000054,0.000054,0.000054,0.000054,0.606426,0.393303
AAACCTCATGAAGTTG-1,0.000084,0.607392,0.099883,0.000084,0.000084,0.071657,0.220816
AAACGAAGATGGAGTA-1,0.000434,0.004454,0.001836,0.042676,0.719606,0.16748,0.063514
AAACGACAGTCTTGCC-1,0.000042,0.418028,0.0692,0.001662,0.141669,0.000152,0.369248
AAACGAGACGGTTGAT-1,0.000034,0.000034,0.000034,0.000034,0.000034,0.000034,0.999794
AAACGCCCGAGATCGG-1,0.000242,0.000241,0.706278,0.000241,0.061709,0.099992,0.131296
AAACGGGCGTACGGGT-1,0.000031,0.064304,0.077259,0.062194,0.131761,0.468513,0.195939
AAACGGGTTGGTATCC-1,0.009143,0.163612,0.060575,0.003051,0.256886,0.17387,0.332863
AAACGTGTTCGCCCTA-1,0.000329,0.129598,0.399966,0.00033,0.00033,0.052593,0.416855
AAACTAACGTGGCGAC-1,0.000723,0.000724,0.68317,0.000724,0.000724,0.000724,0.313211
AAACTCGTGATATAAG-1,0.000027,0.052387,0.015023,0.496712,0.003948,0.000027,0.431876
AAACTGCTGGCTCCAA-1,0.013739,0.178514,0.266473,0.000141,0.035594,0.154615,0.350925
AAACTTAATTGCACGC-1,0.000259,0.085153,0.000259,0.000259,0.000259,0.026307,0.887503
AAACTTGCAAACGTAT-1,0.000093,0.128141,0.220448,0.000093,0.005214,0.000093,0.645917
AAAGAATGACCTTAGA-1,0.000025,0.003557,0.005783,0.011413,0.210371,0.69661,0.072241
AAAGAATGTGGACTAA-1,0.000077,0.324287,0.149607,0.024116,0.161233,0.057767,0.282913
AAAGACATGAAGTTTA-1,0.001181,0.001181,0.001182,0.265262,0.125324,0.044883,0.560987
AAAGACTGGGCGCTTT-1,0.032034,0.064549,0.000158,0.085274,0.817513,0.000158,0.000315
AAAGGCCCTATAATAC-1,0.00001,0.201983,0.029734,0.162938,0.5192,0.023427,0.062707
AAAGGCTACGGACCAT-1,0.000049,0.068867,0.016459,0.000787,0.071325,0.686781,0.155732
AAAGGCTCTCGCGCCG-1,0.000076,0.089024,0.000076,0.000077,0.000076,0.422168,0.488502
AAAGGGCAGCTTGAAT-1,0.000147,0.046457,0.379246,0.157552,0.004922,0.07915,0.332526
AAAGGTAAGCTGTACC-1,0.014899,0.033571,0.000411,0.000411,0.51618,0.150899,0.283629
AAAGGTCAACGACATG-1,0.053135,0.3954,0.113168,0.001662,0.023884,0.023304,0.389447
AAAGTAGCATTGCTCA-1,0.000043,0.083067,0.071533,0.018336,0.058955,0.145312,0.622753
AAAGTCGACCCTCAGT-1,0.000599,0.198638,0.149594,0.000599,0.07739,0.044554,0.528626
AAAGTGCCATCAATTA-1,0.00002,0.14288,0.57607,0.016161,0.023395,0.011703,0.229769
AAAGTGTGATTTATCT-1,0.000505,0.092984,0.000505,0.000505,0.000505,0.000505,0.904492
AAAGTTGACTCCCGTA-1,0.000238,0.265757,0.080331,0.024505,0.591429,0.037033,0.000707
AAATAACCATACGGGA-1,0.000026,0.076314,0.094317,0.080612,0.21589,0.146704,0.386136
AAATAAGGTAGTGCCC-1,0.000007,0.129548,0.052469,0.713961,0.011389,0.027495,0.06513
AAATACCTATAAGCAT-1,0.006669,0.3691,0.010328,0.002726,0.076328,0.141329,0.393519
AAATAGCTTAGACTTT-1,0.000004,0.006393,0.009036,0.901016,0.083197,0.000004,0.000351
AAATAGGGTGCTATTG-1,0.000018,0.004036,0.012015,0.052506,0.282847,0.064869,0.583709
AAATCCGATACACGCC-1,0.000015,0.000152,0.000945,0.129294,0.413755,0.451482,0.004356
AAATCGCGGAAGGAGT-1,0.00003,0.01427,0.015682,0.130902,0.353079,0.105456,0.380582
AAATCGTGTACCACAA-1,0.000099,0.106229,0.109746,0.000099,0.000099,0.502638,0.281089
AAATCTAGCCCTGCTA-1,0.000039,0.000039,0.344646,0.001358,0.008196,0.000039,0.645682
AAATCTGCCCGCGTCC-1,0.000026,0.08765,0.405744,0.008471,0.172524,0.029664,0.295921
AAATGATTCGATCAGC-1,0.000036,0.061587,0.021899,0.388521,0.016916,0.075501,0.435539
AAATGCTCGTTACGTT-1,0.000042,0.054737,0.30316,0.11405,0.128407,0.023569,0.376035
AAATGGCCCGTGCCCT-1,0.000138,0.000139,0.157895,0.000139,0.000139,0.233272,0.608279
AAATGTATCTTATCCC-1,0.000194,0.030968,0.025053,0.350242,0.324951,0.094121,0.174471
AAATTAATAAGCGCGA-1,0.000029,0.000029,0.000029,0.000029,0.000029,0.013521,0.986336
AAATTACACGACTCTG-1,0.000049,0.001394,0.004453,0.008539,0.222289,0.187522,0.575754
AAATTACCTATCGATG-1,0.000124,0.000124,0.000155,0.000124,0.021332,0.002338,0.975805
AAATTCCAGGTCCAAA-1,0.000018,0.209524,0.065201,0.134419,0.193333,0.007431,0.390074
AAATTGATAGTCCTTT-1,0.00007,0.016183,0.377072,0.004074,0.038569,0.00007,0.563963
AAATTGCGGCGGTTCT-1,0.000184,0.000183,0.41521,0.014297,0.000183,0.102254,0.467688
AAATTGGTGAGAAGCA-1,0.000235,0.002763,0.243922,0.010695,0.107119,0.600034,0.035232
AAATTTACCGAAATCC-1,0.001439,0.158748,0.001439,0.127588,0.001439,0.001439,0.707907
AAATTTGCGGGTGTGG-1,0.000042,0.080865,0.098109,0.061191,0.664841,0.050033,0.044919
AACAATACATTGTCGA-1,0.000026,0.209465,0.136394,0.013956,0.288557,0.012366,0.339235
AACAATTACTCTACGC-1,0.000044,0.068666,0.35351,0.153101,0.000045,0.155707,0.268927
AACACACGCTCGCCGC-1,0.000045,0.007557,0.266728,0.001872,0.000072,0.419789,0.303937
AACACGAGACGCGGCC-1,0.000064,0.004626,0.410547,0.000064,0.000064,0.000064,0.58457
AACAGCTGTGTGGCAA-1,0.000014,0.077673,0.066524,0.330625,0.391719,0.00632,0.127125
AACAGGATGGGCCGCG-1,0.000007,0.017037,0.023882,0.919774,0.039278,0.000007,0.000015
AACAGGTAGTATGGAT-1,0.000061,0.058447,0.353269,0.014445,0.338409,0.153693,0.081677
AACATAGCGTGTATCG-1,0.000067,0.081907,0.297666,0.020154,0.000067,0.261806,0.338333
AACATATCAACTGGTG-1,0.037904,0.122957,0.077926,0.53094,0.188827,0.041364,0.000083
AACATCGATACGTCTA-1,0.000593,0.182946,0.350412,0.075994,0.224724,0.164144,0.001187
AACATTGAAGTTGATC-1,0.000028,0.180309,0.243188,0.120239,0.096217,0.016814,0.343206
AACATTGGTCAGCCGT-1,0.000204,0.104262,0.377799,0.000204,0.082576,0.019841,0.415114
AACATTGTGACTCGAG-1,0.020461,0.038875,0.470745,0.000441,0.000441,0.227539,0.241497
AACCAAGACTTCTCTG-1,0.000244,0.072536,0.28247,0.037071,0.000244,0.046416,0.561019
AACCAGTATCACTCTT-1,0.000515,0.132021,0.35262,0.000515,0.16618,0.239543,0.108606
AACCATAGGGTTGAAC-1,0.000137,0.034534,0.171202,0.000137,0.000137,0.430299,0.363554
AACCATGGGATCGCTA-1,0.000128,0.23101,0.235724,0.000128,0.000128,0.018439,0.514442
AACCCATCCCATGATC-1,0.000238,0.090633,0.000239,0.000239,0.000239,0.000238,0.908175
AACCCGACAACCCGTG-1,0.003232,0.309901,0.444357,0.000019,0.000019,0.072114,0.170357
AACCCGAGCAGAATCG-1,0.000042,0.002171,0.077396,0.025511,0.40671,0.002701,0.485469
AACCCGATAGGGCTTC-1,0.002246,0.573291,0.032335,0.013759,0.132617,0.062508,0.183244
AACCCTACTGTCAATA-1,0.000759,0.000759,0.426441,0.000759,0.000759,0.000759,0.569764
AACCGCTAAGGGATGC-1,0.000108,0.000108,0.000108,0.000108,0.000108,0.136717,0.862744
AACCTAAAGCCGTCCG-1,0.00301,0.07335,0.006108,0.009746,0.211398,0.07643,0.619959
AACCTCGCTTTAGCCC-1,0.000007,0.00078,0.000007,0.428377,0.548581,0.020389,0.001858
AACCTGTCACGGAATT-1,0.000028,0.217489,0.281209,0.024089,0.000028,0.000468,0.47669
AACCTTTAAATACGGT-1,0.005393,0.055473,0.006364,0.002339,0.000023,0.930363,0.000046
AACCTTTACGACGTCT-1,0.000074,0.000074,0.317728,0.000074,0.000074,0.000074,0.681902
AACGAAAGTCGTCCCA-1,0.000031,0.010385,0.02425,0.032778,0.082106,0.249555,0.600894
AACGACCTCCTAGCCG-1,0.000408,0.000408,0.608211,0.000408,0.277259,0.000408,0.112899
AACGATATGTCAACTG-1,0.00003,0.00003,0.002363,0.00003,0.003947,0.240697,0.752904
AACGCATGATCTGGGT-1,0.000107,0.024787,0.098227,0.278976,0.170988,0.053151,0.373765
AACGCGAACGGCAACA-1,0.000107,0.299344,0.153196,0.000107,0.000107,0.000107,0.547031
AACGCGACCTTGGGCG-1,0.000131,0.411107,0.098745,0.000374,0.06975,0.157844,0.262048
AACGCTGTTGCTGAAA-1,0.00043,0.124394,0.318156,0.00043,0.00043,0.051667,0.504492
AACGGACGTACGTATA-1,0.000057,0.068371,0.016954,0.000522,0.026529,0.265501,0.622065
AACGGCCATCTCCGGT-1,0.001681,0.06099,0.223214,0.020585,0.078971,0.000137,0.614422
AACGTACTGTGGGTAC-1,0.000056,0.461941,0.048272,0.006018,0.003773,0.001985,0.477954
AACGTCAGACTAGTGG-1,0.033466,0.056864,0.000049,0.479054,0.107245,0.000116,0.323206
AACGTGATGAAGGACA-1,0.000026,0.001642,0.009063,0.032085,0.059964,0.486496,0.410724
AACGTGCGAAAGTCTC-1,0.00003,0.00003,0.00003,0.00003,0.027013,0.018395,0.954472
AACGTTATCAGCACCT-1,0.000032,0.000032,0.003449,0.000032,0.000032,0.00914,0.987283
AACTACCCGTTTGTCA-1,0.000051,0.212223,0.39179,0.000051,0.000051,0.009417,0.386417
AACTAGGCTTGGGTGT-1,0.00006,0.00006,0.00006,0.00006,0.00006,0.617364,0.382337
AACTCCAGAGCGTGTT-1,0.000072,0.080897,0.078511,0.000072,0.023496,0.313427,0.503525
AACTCCTAATCCCATG-1,0.000051,0.002435,0.000358,0.037716,0.727081,0.022455,0.209904
AACTCGATAAACACGT-1,0.001223,0.038249,0.228423,0.019677,0.197423,0.183177,0.331828
AACTCGATGGCGCAGT-1,0.000144,0.357222,0.210947,0.000144,0.000144,0.001687,0.42971
AACTCTCAATAGAGCG-1,0.000835,0.171398,0.000835,0.100881,0.000835,0.000835,0.724381
AACTCTCAGTGTGCTC-1,0.005232,0.011421,0.331451,0.000073,0.000073,0.000073,0.651676
AACTGAGGTCAGCGTC-1,0.001018,0.675104,0.001018,0.001018,0.055235,0.001018,0.265589
AACTGAGTTATACTGA-1,0.015858,0.495314,0.094709,0.000104,0.0013,0.001895,0.39082
AACTGGGTTCGAGCCG-1,0.001159,0.00116,0.457416,0.144886,0.00116,0.219806,0.174414
AACTTCTGCGTCTATC-1,0.000031,0.150967,0.161203,0.040397,0.447816,0.074762,0.124825
AACTTGCCCGTATGCA-1,0.000078,0.110405,0.330909,0.212727,0.002684,0.057178,0.286019
AACTTGCGTTCTCGCG-1,0.000023,0.129232,0.084079,0.033821,0.557235,0.073733,0.121877
AACTTTACGGGAGCTT-1,0.000135,0.000136,0.107086,0.000136,0.000136,0.000136,0.892236
AAGAAAGTTTGATGGG-1,0.000145,0.007301,0.000145,0.116182,0.005176,0.243316,0.627735
AAGAAATCACCAGATT-1,0.120767,0.358942,0.105776,0.096163,0.009095,0.007184,0.302074
AAGAAGGATCAGTTAG-1,0.000048,0.217886,0.0851,0.129327,0.106504,0.063289,0.397846
AAGACATACGTGGTTT-1,0.000012,0.185628,0.199636,0.201056,0.315164,0.02869,0.069814
AAGACCAAATAACTCA-1,0.000086,0.037645,0.041371,0.000086,0.06319,0.299724,0.557897
AAGACCCAACTGAACA-1,0.000048,0.000048,0.000048,0.000048,0.000048,0.388653,0.611107
AAGACTAACCCGTTGT-1,0.000111,0.136662,0.098496,0.077308,0.152472,0.067067,0.467883
AAGACTCACGCCCACT-1,0.000611,0.000611,0.000611,0.090184,0.350949,0.000611,0.556423
AAGAGATGAATCGGTA-1,0.000009,0.002165,0.000054,0.879985,0.071424,0.000009,0.046354
AAGAGCTCTTTATCGG-1,0.000017,0.000017,0.000302,0.011148,0.288999,0.012584,0.686933
AAGAGGATGTACGCGA-1,0.00003,0.163664,0.120112,0.123458,0.002799,0.005035,0.584902
AAGAGGCATGGATCGC-1,0.000036,0.000036,0.004575,0.000036,0.000036,0.000036,0.995244
AAGAGGCCCTTTGGAA-1,0.000037,0.025841,0.519332,0.000037,0.000037,0.000037,0.45468
AAGATGGCACCGGACC-1,0.000034,0.075496,0.296412,0.0013,0.164592,0.005071,0.457094
AAGATTGGCGGAACGT-1,0.000058,0.003111,0.205247,0.000058,0.000058,0.089775,0.701692
AAGCATACTCTCCTGA-1,0.008438,0.070645,0.001018,0.000372,0.005464,0.902362,0.011702
AAGCCGAAGCGGTTTA-1,0.000057,0.065194,0.099912,0.012705,0.117986,0.000057,0.70409
AAGCCGCCGTGAAATC-1,0.000018,0.322769,0.178246,0.055564,0.146571,0.002012,0.29482
AAGCCGCTTTACCTTG-1,0.368516,0.300245,0.10008,0.00002,0.00002,0.06139,0.169729
AAGCCGGAGAGCAGGA-1,0.000031,0.154983,0.451158,0.013574,0.011707,0.005458,0.36309
AAGCGGAGTGCGCGCA-1,0.029754,0.21296,0.337826,0.000608,0.000608,0.202748,0.215497
AAGCGGCGTCATGGGT-1,0.000313,0.442625,0.009736,0.000313,0.000313,0.000313,0.546387
AAGCGTCCCTCATCGA-1,0.021925,0.477851,0.104839,0.000049,0.00881,0.029119,0.357407
AAGCTAGATCGAGTAA-1,0.010964,0.266707,0.018273,0.014377,0.01802,0.274815,0.396844
AAGCTATGGATTGACC-1,0.008325,0.042672,0.008448,0.133263,0.151725,0.263222,0.392346
AAGCTCGTGCCAAGTC-1,0.000072,0.135498,0.032039,0.056892,0.017783,0.062162,0.695553
AAGCTCTTTCATGGTG-1,0.000031,0.001125,0.023591,0.027853,0.100943,0.062118,0.784339
AAGGATCGATCGCTTG-1,0.000029,0.049115,0.195094,0.035431,0.299649,0.063357,0.357325
AAGGATGAGGGACCTC-1,0.000085,0.000085,0.000085,0.000085,0.000085,0.439298,0.560276
AAGGCAGGCTGTCTCC-1,0.006821,0.178736,0.274452,0.016399,0.186612,0.039046,0.297934
AAGGCGCGTAAAGCTT-1,0.493307,0.000368,0.000012,0.368731,0.000197,0.000012,0.137372
AAGGGAACGACTGGCT-1,0.000039,0.134682,0.178389,0.000039,0.000039,0.028781,0.658032
AAGGGACAGATTCTGT-1,0.000062,0.021378,0.190559,0.040778,0.100452,0.034245,0.612526
AAGGGACTATGCATTC-1,0.000037,0.079786,0.06045,0.03192,0.180597,0.001737,0.645475
AAGGGTTAGCCATGCG-1,0.004994,0.245327,0.053621,0.016418,0.088428,0.031169,0.560044
AAGGGTTTGATTTCAG-1,0.00004,0.033921,0.004444,0.128942,0.329889,0.4263,0.076463
AAGGTATCCTAATATA-1,0.00003,0.000966,0.025364,0.006026,0.248732,0.127646,0.591236
AAGGTGATAAACCAGC-1,0.000137,0.030975,0.34548,0.000137,0.000137,0.182331,0.440803
AAGTAGTGACGCGAGG-1,0.000024,0.160776,0.1474,0.202481,0.052466,0.030166,0.406686
AAGTCAATTGTCGTCA-1,0.000041,0.088459,0.358802,0.010663,0.047544,0.043259,0.451233
AAGTCTAGTAGCTGCC-1,0.036531,0.156508,0.022768,0.397829,0.006724,0.022087,0.357553
AAGTCTTCTGTGGCCT-1,0.000152,0.009795,0.000152,0.038414,0.135653,0.000152,0.815682
AAGTGACGACCGAATT-1,0.000042,0.062759,0.363512,0.018901,0.023505,0.004652,0.526629
AAGTGAGTCGGGTTTA-1,0.000171,0.201425,0.037896,0.024189,0.000171,0.14701,0.589139
AAGTGCAAAGGTAGAC-1,0.000033,0.000033,0.077415,0.005645,0.003905,0.002865,0.910104
AAGTGCCTTGACTGTA-1,0.000035,0.114534,0.209685,0.022065,0.015612,0.001172,0.636898
AAGTGCGTTAGAATCT-1,0.000036,0.083531,0.329491,0.011216,0.126546,0.000036,0.449144
AAGTGTTTGGAGACGG-1,0.000017,0.044194,0.00748,0.101054,0.543353,0.047502,0.2564
AAGTTCACTCCAAGCT-1,0.000031,0.016122,0.207332,0.000031,0.001374,0.390957,0.384154
AAGTTCAGTCTGCGTA-1,0.000386,0.2105,0.000387,0.138276,0.167889,0.000386,0.482176
AAGTTCGGCCAACAGG-1,0.000959,0.123052,0.141886,0.000042,0.006119,0.000149,0.727792
AAGTTGTGATGTTATA-1,0.000014,0.167231,0.079571,0.271327,0.464499,0.000019,0.017339
AATAACAACGCTCGGC-1,0.000009,0.038552,0.12242,0.707184,0.007739,0.020257,0.103839
AATAACACTAGAACAA-1,0.002695,0.010301,0.284696,0.000058,0.009581,0.000058,0.692612
AATAATCTTCGTATCG-1,0.000033,0.157948,0.317292,0.000033,0.004257,0.091968,0.428468
AATACAATGTTTCAGG-1,0.000072,0.000072,0.437501,0.000072,0.000072,0.006071,0.556142
AATACCGGAGGGCTGT-1,0.00004,0.385473,0.184102,0.004492,0.011283,0.000842,0.413767
AATAGAACAGAGTGGC-1,0.001239,0.438018,0.091318,0.000078,0.008316,0.010057,0.450974
AATAGAATCTGTTTCA-1,0.000035,0.055121,0.026214,0.027161,0.128153,0.004107,0.759209
AATAGCAAGCCTCCTG-1,0.000614,0.299401,0.074253,0.000614,0.165053,0.108215,0.35185
AATAGCTACCGCGTGC-1,0.000154,0.155994,0.300261,0.118681,0.250464,0.125626,0.048821
AATAGTCCGTCCCGAC-1,0.00006,0.225183,0.00006,0.00006,0.00006,0.520593,0.253984
AATAGTCGCGAGTCGG-1,0.000026,0.040761,0.003969,0.007176,0.110685,0.025287,0.812095
AATATCCTAGCAAACT-1,0.000035,0.000037,0.046241,0.020373,0.601484,0.060384,0.271447
AATATCGAATCAATGC-1,0.000049,0.119709,0.253959,0.003927,0.075981,0.027367,0.519007
AATATCGAGGGTTCTC-1,0.000028,0.000028,0.000028,0.819662,0.18017,0.000028,0.000056
AATATTGGAGTATTGA-1,0.000441,0.000441,0.5444,0.000441,0.091573,0.000441,0.362263
AATCAGACTGCAGGAC-1,0.000059,0.307507,0.060077,0.007868,0.143839,0.020036,0.460614
AATCATGTAAAGACTC-1,0.000039,0.000885,0.016659,0.014666,0.296807,0.054438,0.616505
AATCCATGCAAGGGTG-1,0.000026,0.192444,0.059664,0.104575,0.443587,0.043204,0.1565
AATCGAGGTCTCAAGG-1,0.050838,0.210098,0.062261,0.000074,0.000074,0.13336,0.543296
AATCGCCTCAGCGCCA-1,0.000045,0.000045,0.000045,0.000045,0.000045,0.000045,0.999731
AATCGCGCAGAGGACT-1,0.000437,0.122494,0.350095,0.057004,0.103997,0.039293,0.32668
AATCGTGAGCCGAGCA-1,0.000067,0.043344,0.098809,0.000066,0.000066,0.282381,0.575267
AATCTAGGTTTACTTG-1,0.000054,0.006172,0.283774,0.000054,0.119999,0.000054,0.589893
AATCTATGCCGGAGCC-1,0.000017,0.303555,0.085387,0.432334,0.009276,0.016924,0.152508
AATCTCTACTGTGGTT-1,0.000362,0.000362,0.271214,0.004726,0.237452,0.074844,0.411041
AATCTGCGTTGGGACG-1,0.000105,0.816695,0.002257,0.000105,0.000105,0.000105,0.18063
AATCTGGCTTTCTAGT-1,0.000095,0.000095,0.024986,0.016734,0.079112,0.000095,0.878882
AATCTGGGTAGACCCT-1,0.001118,0.299022,0.001118,0.001118,0.001118,0.001118,0.695388
AATGACAGCAATGTCT-1,0.000059,0.021467,0.314954,0.000059,0.000059,0.000059,0.663343
AATGACGTAGGATGTC-1,0.000019,0.000019,0.017057,0.020157,0.321468,0.000019,0.641261
AATGAGTTCGCATATG-1,0.000033,0.000462,0.204047,0.01109,0.000033,0.413165,0.371169
AATGATGATACGCTAT-1,0.000102,0.189478,0.040834,0.000102,0.000102,0.077821,0.691563
AATGATGCGACTCCTG-1,0.000151,0.198504,0.000151,0.165206,0.536797,0.093194,0.005998
AATGCACCAAGCAATG-1,0.00018,0.196105,0.344356,0.00018,0.080059,0.064115,0.315004
AATGGCCGCCAATGCG-1,0.000096,0.573971,0.077507,0.02596,0.086058,0.041465,0.194942
AATGGTCCACCGTTCA-1,0.000253,0.237109,0.000253,0.097302,0.17137,0.000253,0.493459
AATGGTTCTCACAAGC-1,0.000072,0.0982,0.265257,0.074097,0.000072,0.064054,0.498247
AATGTATGGCACTGTA-1,0.000129,0.018126,0.002157,0.000129,0.000129,0.291323,0.688009
AATGTGCCCGAGGTGT-1,0.000062,0.096627,0.216815,0.007941,0.168001,0.000062,0.510492
AATGTGCTAATCTGAG-1,0.000023,0.503042,0.244757,0.004393,0.012203,0.041095,0.194487
AATGTTAAGACCCTGA-1,0.000096,0.496817,0.075642,0.02244,0.000096,0.046094,0.358815
AATGTTGTCGTGAGAC-1,0.000013,0.298984,0.067078,0.049575,0.55091,0.030823,0.002618
AATTAACGGATTTCCA-1,0.000076,0.000076,0.000076,0.000076,0.000076,0.99947,0.000151
AATTACGAGACCCATC-1,0.000051,0.001518,0.013551,0.000051,0.073955,0.355459,0.555415
AATTACTCGTACGCTC-1,0.00003,0.109143,0.003507,0.016861,0.146805,0.020813,0.702842
AATTAGCGCTGCAGCG-1,0.009485,0.018693,0.002042,0.003189,0.000034,0.663791,0.302765
AATTATACCCAGCAAG-1,0.000027,0.026359,0.324341,0.01457,0.009237,0.126062,0.499402
AATTCATAAGGGATCT-1,0.000095,0.050131,0.000096,0.01723,0.000096,0.001235,0.931117
AATTCATTGTCATGCA-1,0.000051,0.007783,0.188771,0.042032,0.099954,0.618621,0.042789
AATTCCAACTTGGTGA-1,0.000394,0.000394,0.000394,0.030079,0.025843,0.000394,0.942503
AATTCGATTCGAGGAT-1,0.004376,0.306464,0.087623,0.000045,0.008049,0.141488,0.451956
AATTCTAGAGTTAGGC-1,0.008573,0.038742,0.015381,0.000046,0.000046,0.594048,0.343165
AATTGAACGCTCTGGT-1,0.000284,0.000285,0.139579,0.000285,0.27394,0.000285,0.585343
AATTGCAGCAATCGAC-1,0.000041,0.085232,0.254615,0.091327,0.02206,0.131377,0.415348
AATTGCGTGGATTACA-1,0.000121,0.215288,0.204223,0.002006,0.02463,0.069566,0.484165
AATTGTGGTTGCCAAA-1,0.000009,0.005456,0.005024,0.151875,0.650747,0.034332,0.152556
AATTTGGGACATAGTA-1,0.000096,0.150352,0.036027,0.000096,0.014486,0.022435,0.776508
ACAAACCATGCGTCCT-1,0.00002,0.039916,0.461253,0.000999,0.072237,0.023991,0.401583
ACAAACCGACAAGGCG-1,0.000028,0.047996,0.070132,0.003518,0.061104,0.102981,0.714241
ACAAAGAAGGTAGGCC-1,0.000021,0.000021,0.082943,0.001245,0.017408,0.323793,0.57457
ACAAAGCATGACCTAG-1,0.000023,0.032341,0.28541,0.028637,0.544613,0.024576,0.084401
ACAAATCGCACCGAAT-1,0.000019,0.000772,0.193836,0.000024,0.040528,0.313432,0.451388
ACAAATGGTAGTGTTT-1,0.000547,0.000547,0.569925,0.000547,0.000547,0.079486,0.348401
ACAAATTCAGATCTGA-1,0.000662,0.204064,0.307282,0.000662,0.000663,0.000662,0.486004
ACAACGGTCCCTGCGA-1,0.000028,0.13431,0.019765,0.288451,0.026454,0.000028,0.530963
ACAAGCAGTGCCTAGC-1,0.000171,0.100399,0.499354,0.086123,0.000172,0.216539,0.097241
ACAAGCTATATGGAAG-1,0.000016,0.000016,0.000687,0.05578,0.139955,0.051404,0.752141
ACAAGGAAATCCGCCC-1,0.000024,0.034118,0.091289,0.194338,0.169203,0.096437,0.41459
ACAAGGACAAGAGGTT-1,0.000015,0.111025,0.020363,0.53027,0.11125,0.00422,0.222856
ACAAGGATGCTTTAGG-1,0.000038,0.017749,0.431458,0.000038,0.000038,0.307835,0.242844
ACAAGGCCTACCAGCC-1,0.000375,0.268148,0.145392,0.110724,0.000375,0.125954,0.349033
ACAAGGGCAGGCTCTG-1,0.000013,0.006711,0.036516,0.034744,0.348468,0.042857,0.530691
ACAATAGTCGTACGTT-1,0.000125,0.000146,0.123536,0.037782,0.017978,0.029787,0.790646
ACAATCCATTTAAACC-1,0.000026,0.043927,0.104809,0.122614,0.000601,0.048978,0.679044
ACAATGAATACGGAGA-1,0.000043,0.072253,0.263808,0.000043,0.072215,0.019326,0.572313
ACAATGATTCTTCTAC-1,0.000169,0.482829,0.011749,0.000169,0.063223,0.092532,0.349328
ACAATTGTGTCTCTTT-1,0.000058,0.056728,0.1039,0.030349,0.235891,0.185687,0.387387
ACAATTTAGGAGGCTC-1,0.000058,0.000058,0.247278,0.000058,0.000058,0.308527,0.443963
ACAATTTGAGCAGTGG-1,0.000045,0.000045,0.000045,0.000045,0.000045,0.053964,0.945811
ACACAAATATTCCTAG-1,0.026983,0.19358,0.214191,0.000436,0.000436,0.000436,0.563937
ACACACCAGGACCAGT-1,0.00018,0.121693,0.512468,0.00018,0.00018,0.016203,0.349097
ACACATGATCAAATCT-1,0.00005,0.00498,0.125572,0.040581,0.563859,0.00005,0.264908
ACACATTGACGCAACA-1,0.00002,0.004879,0.04161,0.007864,0.318497,0.23916,0.387969
ACACCACATAATTAGC-1,0.000006,0.042331,0.031448,0.825307,0.040806,0.020845,0.039256
ACACCCGAGAAATCCG-1,0.03639,0.362137,0.304511,0.016499,0.02111,0.016208,0.243144
ACACCGAGCGCTCTTT-1,0.000066,0.076947,0.031206,0.08982,0.338166,0.172541,0.291255
ACACCGGTCTGACCGC-1,0.000014,0.062872,0.312871,0.026529,0.555437,0.000943,0.041334
ACACCTTACTACTTGC-1,0.002105,0.180933,0.308341,0.105208,0.27566,0.046719,0.081033
ACACGTAGGCCACAAG-1,0.000025,0.093795,0.601328,0.000941,0.052497,0.020658,0.230756
ACACTCCAATGTCACT-1,0.000044,0.021471,0.079019,0.000044,0.144262,0.268298,0.486862
ACACTGATCAAGGTGT-1,0.015434,0.000097,0.095103,0.000097,0.059611,0.164513,0.665146
ACACTGGGACAGTCGT-1,0.000013,0.068794,0.032196,0.275441,0.623489,0.000013,0.000054
ACAGAACTGAGAACAA-1,0.00003,0.011728,0.226794,0.007568,0.387917,0.004146,0.361816
ACAGCGACATTCTCAT-1,0.000041,0.074037,0.186879,0.009545,0.343528,0.000041,0.38593
ACAGCGCACCCGCAGC-1,0.0001,0.130826,0.153541,0.010938,0.085127,0.242978,0.376492
ACAGGAGGCGCAGCCG-1,0.000049,0.000049,0.000049,0.01734,0.466229,0.000049,0.516234
ACAGGCACGGATCCTT-1,0.000037,0.055673,0.5194,0.000041,0.000037,0.046159,0.378653
ACAGGCTTGCCCGACT-1,0.000031,0.114686,0.123736,0.112765,0.112602,0.164898,0.371282
ACAGGTGGAGGTGAGG-1,0.013129,0.03094,0.020791,0.000116,0.000116,0.026148,0.90876
ACAGGTGTGTTGTTGC-1,0.000043,0.000043,0.000043,0.046625,0.172943,0.088059,0.692244
ACAGTAATACAACTTG-1,0.000294,0.168446,0.069693,0.000294,0.030612,0.069461,0.661199
ACAGTATACCGTGGGA-1,0.012236,0.28187,0.162533,0.164521,0.003776,0.006298,0.368766
ACATAAGTCGTGGTGA-1,0.230198,0.000058,0.038157,0.000058,0.000058,0.437661,0.293811
ACATCAGCTGGGACGC-1,0.000511,0.000511,0.000511,0.000511,0.000511,0.000511,0.996934
ACATCCCGGCCATACG-1,0.000046,0.000046,0.000046,0.000046,0.000046,0.866936,0.132836
ACATCCTGGTAACTGT-1,0.000049,0.070494,0.130049,0.017163,0.269641,0.11433,0.398274
ACATCGATCGTTTACC-1,0.003808,0.234805,0.053125,0.014495,0.190627,0.13776,0.36538
ACATCGGTCAGCCGCG-1,0.00774,0.064202,0.338221,0.018546,0.059702,0.000902,0.510687
ACATCGTATGCAATGG-1,0.000031,0.004361,0.002921,0.02134,0.441281,0.000031,0.530035
ACATCGTTAACCTAGT-1,0.000028,0.000028,0.000028,0.008833,0.27344,0.178739,0.538903
ACATCTCAACGCGTAA-1,0.000087,0.159508,0.016133,0.046635,0.165782,0.045573,0.566282
ACATGCTTACGGCAGC-1,0.000062,0.146327,0.046627,0.02067,0.087558,0.014062,0.684694
ACATGGCGCCAAAGTA-1,0.000027,0.01174,0.825011,0.005973,0.017692,0.000041,0.139516
ACATGGCTCAATTTAG-1,0.000032,0.003918,0.67577,0.000032,0.000032,0.082453,0.237764
ACATTAGTTTATATCC-1,0.001562,0.000025,0.001345,0.000025,0.004349,0.87915,0.113544
ACCAAACACCCAGCGA-1,0.000239,0.019678,0.719251,0.085883,0.009365,0.078997,0.086587
ACCAACACCACACACT-1,0.000041,0.198235,0.115026,0.285648,0.134319,0.000041,0.26669
ACCAACCGCACTCCAC-1,0.000036,0.534017,0.080507,0.000036,0.000036,0.148404,0.236965
ACCAACGCTTATTTAT-1,0.000024,0.068903,0.161582,0.012188,0.271415,0.261131,0.224756
ACCAAGTCATCGGCAG-1,0.00007,0.304428,0.041067,0.11081,0.26285,0.0619,0.218875
ACCAATATGCAAGTTA-1,0.001767,0.057461,0.000132,0.034834,0.060311,0.287145,0.55835
ACCACAACTCAGAACA-1,0.000029,0.06778,0.075673,0.03193,0.23751,0.192452,0.394627
ACCACACGGTTGATGG-1,0.019062,0.254841,0.013915,0.050652,0.131398,0.113729,0.416402
ACCACCAATGTAACAA-1,0.000028,0.146058,0.265241,0.107342,0.010189,0.015315,0.455827
ACCACCCTCTCTTCTA-1,0.028871,0.168613,0.024316,0.418785,0.05061,0.016601,0.292205
ACCACGTGCAGCTATA-1,0.000019,0.000019,0.005419,0.038065,0.02426,0.353354,0.578863
ACCACTGTTCAAGAAG-1,0.000024,0.00502,0.048468,0.000024,0.047679,0.203258,0.695527
ACCAGACCATAACAAC-1,0.000089,0.000384,0.4009,0.032595,0.2747,0.086479,0.204854
ACCAGTGCCCGGTCAA-1,0.000688,0.000688,0.375666,0.000688,0.309193,0.111537,0.20154
ACCAGTGCGGGAGACG-1,0.000403,0.000403,0.412243,0.049625,0.000403,0.076634,0.460291
ACCATCCGCCAACTAG-1,0.000054,0.000054,0.367185,0.000054,0.000054,0.082079,0.550519
ACCATTAAGGGTGTCA-1,0.000058,0.084896,0.038791,0.07235,0.353594,0.179873,0.270438
ACCCAACGCCCGTGGC-1,0.000057,0.000057,0.000057,0.032133,0.100965,0.000057,0.866675
ACCCACCTACATGCTC-1,0.000115,0.076776,0.227359,0.217178,0.220781,0.055271,0.202519
ACCCATCTTGAGGGTA-1,0.000079,0.006274,0.220607,0.116322,0.146423,0.040973,0.469322
ACCCATTTGTCCCTCT-1,0.000035,0.085742,0.193609,0.00484,0.156461,0.000283,0.559029
ACCCGAGCGAAATTAC-1,0.000029,0.030843,0.289902,0.035789,0.253273,0.088988,0.301176
ACCCGGAAACTCCCAG-1,0.000054,0.002514,0.000054,0.000054,0.000054,0.721318,0.275954
ACCCGGAGCACCACAA-1,0.000027,0.192087,0.486728,0.000027,0.000111,0.018192,0.302827
ACCCGGATGACGCATC-1,0.005681,0.000324,0.017838,0.000324,0.23622,0.279071,0.460542
ACCCGTAGCAGAGAAT-1,0.000114,0.064284,0.098818,0.000114,0.193888,0.169397,0.473384
ACCCGTAGTCTAGTTG-1,0.000028,0.360231,0.173771,0.04103,0.10535,0.021153,0.298436
ACCCGTGTCATCAGTA-1,0.005506,0.018627,0.000106,0.000106,0.000106,0.441212,0.534336
ACCCTATAGGACTGAG-1,0.000049,0.292157,0.091979,0.011701,0.017709,0.000049,0.586357
ACCCTATGCCATATCG-1,0.00006,0.010728,0.556725,0.00006,0.231343,0.048125,0.152959
ACCCTCCCGTCAGGGC-1,0.000023,0.092041,0.447875,0.001826,0.031593,0.059553,0.367088
ACCCTCCCTTGCTATT-1,0.000029,0.004989,0.004104,0.009053,0.02298,0.614773,0.344072
ACCCTGGTAACGCCCT-1,0.002267,0.19273,0.03332,0.397506,0.339855,0.022504,0.011818
ACCCTTGCCTGGGTCG-1,0.040871,0.32179,0.024434,0.164565,0.009067,0.074599,0.364675
ACCCTTTAGTTCTCCA-1,0.000127,0.272602,0.000127,0.149576,0.080947,0.156756,0.339866
ACCGAAGAGTCTGGTT-1,0.00019,0.028832,0.049945,0.00019,0.310094,0.221569,0.389179
ACCGACACATCTCCCA-1,0.000052,0.018737,0.000052,0.050858,0.034035,0.803585,0.09268
ACCGAGTCTCCTTATT-1,0.000012,0.054285,0.095158,0.010168,0.09043,0.19534,0.554607
ACCGATAGGCATAACC-1,0.00003,0.180744,0.136274,0.016835,0.201943,0.00003,0.464145
ACCGATATTTAATCAT-1,0.000061,0.163357,0.088498,0.000061,0.232625,0.058372,0.457026
ACCGATGGTAGCATCG-1,0.000178,0.010132,0.715903,0.000178,0.000178,0.058115,0.215316
ACCGCAATAACTGCCT-1,0.000016,0.002251,0.088038,0.011629,0.206829,0.001865,0.689372
ACCGCGGTGGAAGTCG-1,0.00003,0.011418,0.111608,0.017444,0.249447,0.14435,0.465702
ACCGGGCCTTTGTTGA-1,0.000149,0.127678,0.239809,0.000149,0.125487,0.000149,0.506579
ACCGGTCAGGTACACC-1,0.000194,0.000194,0.000194,0.000194,0.207015,0.100498,0.691709
ACCGGTCTGAGTACGG-1,0.00107,0.00107,0.00107,0.311115,0.00107,0.00107,0.683534
ACCGTCCACTGGGCCC-1,0.000647,0.022438,0.043833,0.083433,0.282298,0.362103,0.205247
ACCGTGACCACGTGGG-1,0.000018,0.255676,0.166225,0.050912,0.5122,0.001634,0.013334
ACCTAAGTACCTTTCA-1,0.000076,0.015441,0.300178,0.00583,0.039316,0.000076,0.639084
ACCTAATCGACTTCCT-1,0.000021,0.043985,0.110661,0.454137,0.017742,0.005858,0.367596
ACCTACAGTATGTGGT-1,0.000028,0.033636,0.436804,0.023163,0.00101,0.058482,0.446876
ACCTCCGCCCTCGCTG-1,0.000054,0.185358,0.02437,0.022161,0.272268,0.000054,0.495734
ACCTCCGTTATTCACC-1,0.000014,0.114621,0.080088,0.629381,0.054797,0.007651,0.113449
ACCTCGAACTTATGCT-1,0.000022,0.019528,0.504401,0.020531,0.243513,0.020834,0.191172
ACCTGCGTGTCATGTT-1,0.000132,0.002839,0.236737,0.000132,0.433921,0.082963,0.243275
ACGAAATGGGCGGCAC-1,0.000042,0.122453,0.179116,0.223862,0.474402,0.000042,0.000084
ACGACCCATGAGTTGC-1,0.000034,0.162035,0.30488,0.010541,0.135764,0.012035,0.374711
ACGACTCTAGGGCCGA-1,0.00002,0.13603,0.174964,0.026117,0.335425,0.042009,0.285435
ACGACTGGTCATACTC-1,0.000022,0.263973,0.188773,0.036444,0.132778,0.056313,0.321696
ACGAGATATTTGCTTA-1,0.000028,0.200731,0.067963,0.082696,0.341701,0.249476,0.057406
ACGAGGATACCACTCT-1,0.000046,0.012453,0.002353,0.011887,0.670505,0.000046,0.302711
ACGAGGTTTACAACGT-1,0.000577,0.27473,0.058554,0.000577,0.000577,0.000577,0.664408
ACGAGTACGGATGCCC-1,0.000012,0.035454,0.001906,0.781842,0.174375,0.006387,0.000025
ACGAGTCGCCGGCGTT-1,0.000014,0.005091,0.303062,0.004146,0.439708,0.007717,0.240261
ACGATACATAGAACTA-1,0.000163,0.020518,0.070534,0.000163,0.297351,0.382628,0.228643
ACGATACCTATCCTGA-1,0.000962,0.000027,0.000027,0.088085,0.227768,0.026418,0.656714
ACGATCATCTTGTAAA-1,0.000787,0.000788,0.000788,0.35785,0.00079,0.637423,0.001575
ACGCAAACTAATAGAT-1,0.000045,0.054908,0.344801,0.009428,0.0664,0.118258,0.40616
ACGCAATCACTACAGC-1,0.000022,0.252336,0.059231,0.39087,0.001023,0.027548,0.26897
ACGCATAAATGACATG-1,0.000101,0.210056,0.132837,0.058841,0.421659,0.012739,0.163767
ACGCATACGTTTACTA-1,0.00003,0.044098,0.343195,0.002172,0.094508,0.00003,0.515967
ACGCCTGACACGCGCT-1,0.000046,0.000046,0.000046,0.001284,0.146991,0.000046,0.851539
ACGCGAAGTCAGACGA-1,0.000065,0.000065,0.000065,0.000065,0.000065,0.358889,0.640787
ACGCGCTACACAGGGT-1,0.000032,0.021311,0.435035,0.002191,0.020121,0.015503,0.505807
ACGCGTTTCTTAAGAG-1,0.000023,0.000023,0.000278,0.063505,0.243632,0.012929,0.679609
ACGCTACTGAATGGGC-1,0.003973,0.158358,0.185765,0.0237,0.065782,0.040264,0.522159
ACGCTAGTGATACACT-1,0.002027,0.028682,0.183427,0.304511,0.321543,0.000532,0.159279
ACGCTGTGAGGCGTAG-1,0.001108,0.001108,0.001108,0.082004,0.001108,0.284201,0.629364
ACGCTTAGTGTCTCTC-1,0.001568,0.086633,0.122002,0.036264,0.182142,0.054476,0.516915
ACGGAATTTAGCAAAT-1,0.000054,0.130088,0.318981,0.094246,0.132025,0.013671,0.310935
ACGGACGCAGCGACAA-1,0.000039,0.168932,0.107952,0.04294,0.098177,0.014408,0.567551
ACGGACTCTCAAAGCG-1,0.000059,0.143349,0.016052,0.143373,0.104167,0.173021,0.419979
ACGGAGCGCAAATTAC-1,0.000232,0.016414,0.254041,0.042392,0.000232,0.05104,0.635649
ACGGATGGTGCGGATA-1,0.000013,0.007516,0.03322,0.024118,0.311713,0.166719,0.4567
ACGGCACTTGCTTGGG-1,0.000065,0.000065,0.000065,0.000065,0.000065,0.707286,0.292389
ACGGCCAACATGGACT-1,0.000028,0.17959,0.011826,0.000028,0.000028,0.772041,0.036461
ACGGCGACGATGGGAA-1,0.000003,0.000543,0.001458,0.310367,0.614411,0.030097,0.043122
ACGGCTGGATGTAGAA-1,0.004112,0.029512,0.000035,0.006791,0.753077,0.206404,0.000069
ACGGGAGTGTCGGCCC-1,0.000045,0.000045,0.272945,0.000045,0.000045,0.011376,0.715499
ACGGGCGTATGCGACA-1,0.019868,0.420662,0.038923,0.213129,0.007196,0.010638,0.289584
ACGGGTCATGTGACTT-1,0.000019,0.004003,0.004018,0.127524,0.216557,0.054485,0.593395
ACGGGTTGTGACCTGT-1,0.000078,0.000078,0.393049,0.000078,0.000078,0.090141,0.516499
ACGGTACAGTTCAATG-1,0.000032,0.160279,0.128414,0.003035,0.102455,0.044819,0.560966
ACGGTCACCGAGAACA-1,0.006412,0.069461,0.234494,0.015988,0.135221,0.024849,0.513576
ACGTATTACTCCGATC-1,0.000118,0.327608,0.108019,0.038613,0.3955,0.129908,0.000235
ACGTCGGGCAACTCGG-1,0.000028,0.029183,0.119333,0.031641,0.227124,0.084481,0.50821
ACGTCTCGTTCCGGGA-1,0.00002,0.00002,0.001447,0.001778,0.274576,0.004861,0.717298
ACGTGACAAAGTAAGT-1,0.000008,0.046263,0.066806,0.101886,0.342117,0.261676,0.181245
ACGTGGTCGAATGTGC-1,0.000083,0.066556,0.097111,0.009108,0.525043,0.076763,0.225337
ACGTTATTGGTCACTC-1,0.000018,0.007434,0.015061,0.030859,0.795917,0.032872,0.117838
ACGTTCGCAATCAATT-1,0.000013,0.198363,0.024937,0.413286,0.200359,0.005563,0.157479
ACGTTCGTTCAGGAAA-1,0.000062,0.319572,0.170914,0.000062,0.003336,0.202414,0.30364
ACGTTCTGTACAAGTC-1,0.006022,0.025569,0.421626,0.038385,0.000104,0.246142,0.262152
ACGTTTCGGTGCACTT-1,0.000569,0.000569,0.242149,0.050161,0.000569,0.000569,0.705414
ACTAAGGACGCACACC-1,0.001361,0.128547,0.33696,0.001362,0.186058,0.34299,0.002723
ACTAATACGTCAGGCG-1,0.001626,0.250948,0.001626,0.001626,0.001626,0.001626,0.740921
ACTACATCCCGACAAG-1,0.000022,0.033913,0.190321,0.051679,0.375683,0.037168,0.311213
ACTACGCGTTAGAATT-1,0.000057,0.000057,0.000057,0.019742,0.027659,0.6805,0.271928
ACTAGTTGCGATCGTC-1,0.000051,0.057378,0.431834,0.021711,0.169737,0.000051,0.319238
ACTATATGCTGTGTTC-1,0.010272,0.000623,0.683285,0.000623,0.000623,0.000623,0.303951
ACTATCCAGGGCATGG-1,0.000027,0.194566,0.248821,0.009235,0.001434,0.064057,0.481859
ACTATCGCCGGCTAAA-1,0.000086,0.051057,0.01239,0.026304,0.210613,0.192669,0.506882
ACTATCTGCCCGCGTA-1,0.000069,0.15506,0.090762,0.009682,0.480239,0.178415,0.085772
ACTATGTCCAGCTGCC-1,0.000012,0.174669,0.096656,0.250049,0.3468,0.000567,0.131247
ACTATTTCCGGGCCCA-1,0.000041,0.03517,0.588036,0.029186,0.042414,0.03581,0.269343
ACTCAAGTGCAAGGCT-1,0.000043,0.20856,0.029545,0.001191,0.007235,0.321444,0.431983
ACTCATGGCAGCCTTC-1,0.000029,0.079175,0.401335,0.016262,0.128999,0.069469,0.304732
ACTCCAATATCATCAT-1,0.002134,0.172079,0.149945,0.05245,0.253355,0.076003,0.294034
ACTCCCATTCCTAAAG-1,0.00022,0.00022,0.251082,0.00022,0.328441,0.011715,0.408103
ACTCCCGAATTCGTTT-1,0.000072,0.390104,0.120964,0.079952,0.082608,0.001547,0.324752
ACTCCCGTAGACTAGG-1,0.021383,0.31965,0.001066,0.311797,0.002468,0.00259,0.341046
ACTCCCTAATGCTAAA-1,0.00012,0.296318,0.00996,0.006942,0.027287,0.628024,0.03135
ACTCCCTAGAATAGTA-1,0.007117,0.470784,0.000143,0.018387,0.005022,0.15201,0.346538
ACTCCGGCCGACCACT-1,0.000034,0.063409,0.394869,0.010511,0.033654,0.141265,0.356258
ACTCGATGTATTTCAT-1,0.000043,0.000043,0.086462,0.000043,0.000043,0.350052,0.563313
ACTCGCCGTTCGATAA-1,0.000024,0.18799,0.298869,0.031633,0.079008,0.1179,0.284575
ACTCGTAACCCGTCCT-1,0.001225,0.065282,0.090179,0.00007,0.016705,0.00007,0.82647
ACTCGTCAGTAATCCC-1,0.000054,0.000054,0.000054,0.000054,0.000054,0.000054,0.999674
ACTCTAAACCTGGGAT-1,0.000079,0.000181,0.000079,0.062669,0.32162,0.145519,0.469852
ACTCTCTGACTTAGGT-1,0.000024,0.000024,0.000024,0.013394,0.512882,0.000024,0.473627
ACTCTCTTATACACGA-1,0.000042,0.000042,0.000042,0.00962,0.040852,0.526847,0.422554
ACTCTGACCTAATAGA-1,0.000024,0.05059,0.48407,0.016023,0.172129,0.064835,0.212328
ACTGAAACGCCGTTAG-1,0.000476,0.000476,0.000476,0.000476,0.38303,0.000476,0.614589
ACTGAATGGCGAAAGT-1,0.000033,0.004927,0.102593,0.000033,0.100295,0.004876,0.787244
ACTGATTTAGTGATTC-1,0.000149,0.107051,0.086243,0.000149,0.215455,0.489848,0.101106
ACTGCCCGCCATTCTC-1,0.00005,0.274757,0.23202,0.031426,0.07275,0.008025,0.380972
ACTGCGGACACACCGT-1,0.00003,0.131296,0.470213,0.043427,0.011818,0.008564,0.334653
ACTGCTCGGAAGGATG-1,0.0001,0.0001,0.0001,0.036249,0.000101,0.000101,0.963249
ACTGGCGAACCTGCGT-1,0.000863,0.000864,0.529024,0.000864,0.263122,0.000864,0.2044
ACTGTACGATACACAT-1,0.000085,0.000085,0.000085,0.002337,0.289305,0.375297,0.332807
ACTGTAGCACTTTGGA-1,0.001516,0.018501,0.000043,0.641226,0.035767,0.000808,0.302139
ACTGTGCTAGTAGATC-1,0.006926,0.19491,0.063811,0.058625,0.427736,0.145246,0.102748
ACTTACCGGGCGCGCA-1,0.000692,0.445826,0.000692,0.000692,0.116829,0.000692,0.434578
ACTTACGCATCCACGC-1,0.00115,0.135709,0.052917,0.120732,0.425936,0.131572,0.131984
ACTTAGTACGACAAGA-1,0.000068,0.461947,0.052954,0.058661,0.157894,0.137424,0.131052
ACTTATACTTACCCGG-1,0.000116,0.000116,0.000116,0.305089,0.378242,0.000116,0.316205
ACTTATTTATGTGCCA-1,0.000073,0.119472,0.320516,0.000073,0.000073,0.074241,0.485552
ACTTCAGGCTGATCCC-1,0.000026,0.000026,0.000678,0.069304,0.068321,0.038707,0.822936
ACTTCCAGTGGAAGCT-1,0.000025,0.001161,0.072506,0.132523,0.129911,0.585856,0.078017
ACTTCCATGCGGGACA-1,0.000082,0.066603,0.000082,0.000082,0.000082,0.463461,0.469608
ACTTCGCCATACGCAC-1,0.000083,0.071917,0.053526,0.007894,0.296142,0.102944,0.467494
ACTTGCTCTATCTACC-1,0.000057,0.061264,0.133978,0.034336,0.383266,0.034577,0.352523
ACTTGTAGTCCCTTCA-1,0.000035,0.002866,0.403028,0.000035,0.000035,0.000035,0.593966
ACTTGTGGATGGAACG-1,0.000067,0.15678,0.11209,0.000067,0.003853,0.000067,0.727077
ACTTTACCCTCATGAA-1,0.000194,0.062799,0.231978,0.269281,0.000194,0.057637,0.377916
ACTTTATACACCACTT-1,0.000349,0.000349,0.391891,0.096268,0.004861,0.257803,0.248479
ACTTTGACTGCATCCT-1,0.000768,0.000768,0.088039,0.000768,0.354354,0.553766,0.001537
ACTTTGGTCGTGCTCC-1,0.001346,0.260458,0.001346,0.001347,0.001347,0.412583,0.321574
ACTTTGTCGACGCACT-1,0.00005,0.205078,0.121428,0.002989,0.304355,0.034153,0.331948
AGAAATTATGACTCGC-1,0.000034,0.132318,0.090831,0.017106,0.261239,0.000034,0.498439
AGAACACGGCGATGGT-1,0.014664,0.051936,0.020833,0.042098,0.154265,0.06121,0.654994
AGAACCCTCAATTGGG-1,0.000086,0.097847,0.05259,0.000086,0.029484,0.312395,0.507512
AGAACTGTACTTTGTA-1,0.000059,0.064594,0.278363,0.026636,0.196826,0.079003,0.354518
AGAAGAGCGCCGTTCC-1,0.003576,0.003578,0.003578,0.336825,0.003578,0.003578,0.645287
AGAAGGTACACTTCAC-1,0.00059,0.095524,0.000591,0.000591,0.061402,0.000591,0.840711
AGAAGGTTGTAGGTCG-1,0.000075,0.128303,0.367408,0.046122,0.110544,0.211144,0.136403
AGAAGTGATTCGTGAT-1,0.000052,0.080453,0.041063,0.000052,0.018929,0.000052,0.859398
AGAATAAATCTTCAGG-1,0.000285,0.000285,0.303782,0.034816,0.63736,0.022901,0.00057
AGAATGCGGGTTCGGA-1,0.000808,0.000808,0.000808,0.000808,0.26393,0.000808,0.732031
AGAATTATGGATTCGA-1,0.000077,0.523723,0.050138,0.000077,0.229025,0.000077,0.196882
AGAATTGTTTGACATA-1,0.000024,0.053225,0.163102,0.035552,0.491537,0.065665,0.190895
AGACAGCTCAGAATCC-1,0.000031,0.006212,0.074192,0.000031,0.000031,0.302201,0.617303
AGACAGGCATCTCAGC-1,0.000037,0.190599,0.338115,0.007206,0.153228,0.040427,0.270389
AGACCAAACCACACCT-1,0.000019,0.009363,0.048943,0.045879,0.60645,0.220407,0.068939
AGACCATGGGATACAA-1,0.00002,0.048134,0.090144,0.287184,0.426619,0.013015,0.134885
AGACCCACCGCTGATC-1,0.009031,0.054605,0.084574,0.000083,0.000083,0.214991,0.636633
AGACCGCTCCGCGGTT-1,0.001425,0.004261,0.840379,0.002482,0.067857,0.023147,0.060449
AGACCGGGAAACCCTG-1,0.000142,0.039893,0.218998,0.000142,0.58868,0.135338,0.016806
AGACGAAGTGCCGGTC-1,0.000112,0.240239,0.049942,0.009439,0.365322,0.132564,0.202382
AGACGACGATGCCGCT-1,0.000066,0.015655,0.027901,0.000066,0.202252,0.000066,0.753993
AGACGCCCACTTCGCC-1,0.000033,0.034078,0.726003,0.000033,0.000033,0.001552,0.238269
AGACGGGATTGGTATA-1,0.000052,0.001313,0.010332,0.020699,0.137357,0.828598,0.001649
AGACGGGCCGATTTAA-1,0.000632,0.171398,0.000632,0.000632,0.475754,0.000633,0.350318
AGACTGTTACCGGGTC-1,0.004038,0.203964,0.342742,0.004448,0.198029,0.081625,0.165155
AGAGAACCGTCTAGGA-1,0.000042,0.066613,0.215865,0.008296,0.000042,0.162442,0.546699
AGAGAAGGAGTACAAT-1,0.000028,0.019831,0.49465,0.00003,0.298334,0.003733,0.183395
AGAGATCTCTAAAGCG-1,0.000107,0.025287,0.449543,0.004914,0.354538,0.000107,0.165504
AGAGCAGTTATGAGAC-1,0.000464,0.075202,0.180549,0.000464,0.000464,0.154903,0.587955
AGAGCCGCCGAGATTT-1,0.000038,0.012829,0.363875,0.032216,0.245824,0.01009,0.335129
AGAGCGCTTGTAACGG-1,0.050318,0.171085,0.100643,0.048205,0.000066,0.047713,0.581969
AGAGCGTACAAGCTCG-1,0.000032,0.051681,0.154366,0.2528,0.000032,0.024395,0.516695
AGAGCTACGAAAGCAT-1,0.002609,0.122421,0.023123,0.030969,0.351811,0.13649,0.332578
AGAGGCTTCGGAAACC-1,0.000045,0.323813,0.08804,0.029157,0.282851,0.002337,0.273757
AGAGGGACAATTGTCC-1,0.002772,0.146448,0.123617,0.057469,0.123328,0.266982,0.279384
AGAGTAAACTTCACTA-1,0.00004,0.051045,0.02392,0.015166,0.08773,0.00004,0.822058
AGAGTCTTAATGAAAG-1,0.0039,0.246622,0.062586,0.001328,0.01719,0.062834,0.60554
