Barcode,Topic 1,Topic 2,Topic 3,Topic 4to9,Topic 10to13
AAACAACGAATAGTTC-1,0.000228,0.000228,0.000228,0.030288,0.96903
AAACAAGTATCTCCCA-1,0.00002,0.00002,0.022102,0.51173,0.466129
AAACAATCTACTAGCA-1,0.000675,0.000675,0.000675,0.296497,0.701478
AAACACCAATAACTGC-1,0.000011,0.000011,0.040522,0.847623,0.111833
AAACAGAGCGACTCCT-1,0.000047,0.000047,0.000047,0.060447,0.93941
AAACAGCTTTCAGAAG-1,0.000345,0.143871,0.000345,0.575873,0.279566
AAACAGGGTCTATATT-1,0.000016,0.000016,0.027955,0.898172,0.073841
AAACATTTCCCGGATT-1,0.000006,0.000006,0.045251,0.939963,0.014774
AAACCCGAACGAAATC-1,0.000015,0.000015,0.367514,0.353324,0.279131
AAACCGGAAATGTTAA-1,0.000021,0.015715,0.494935,0.417018,0.072311
AAACCGGGTAGGTACC-1,0.000014,0.000014,0.000082,0.722309,0.27758
AAACCGTTCGTCCAGG-1,0.000034,0.000034,0.148647,0.222406,0.62888
AAACCTAAGCAGCCGG-1,0.000004,0.000004,0.028071,0.971284,0.000637
AAACCTCATGAAGTTG-1,0.00002,0.00002,0.008993,0.546688,0.444279
AAACGAAGAACATACC-1,0.000037,0.000037,0.000037,0.002592,0.997297
AAACGAAGATGGAGTA-1,0.000051,0.000051,0.008334,0.05954,0.932022
AAACGAGACGGTTGAT-1,0.000044,0.000044,0.000044,0.454897,0.544969
AAACGGGCGTACGGGT-1,0.000009,0.000009,0.051362,0.845607,0.103014
AAACGGGTTGGTATCC-1,0.000025,0.000025,0.066771,0.038262,0.894917
AAACGGTTGCGAACTG-1,0.000027,0.000027,0.000027,0.000159,0.999761
AAACGTGTTCGCCCTA-1,0.000016,0.000016,0.020757,0.825733,0.153479
AAACTAACGTGGCGAC-1,0.000024,0.000024,0.003476,0.589616,0.40686
AAACTCGGTTCGCAAT-1,0.000014,0.000014,0.000395,0.574444,0.425133
AAACTCGTGATATAAG-1,0.000022,0.000022,0.047131,0.535445,0.41738
AAACTGCTGGCTCCAA-1,0.000018,0.000018,0.02285,0.387886,0.589229
AAACTTGCAAACGTAT-1,0.000022,0.000022,0.02706,0.644393,0.328502
AAAGACCCAAGTCGCG-1,0.000021,0.000021,0.000021,0.242103,0.757836
AAAGACTGGGCGCTTT-1,0.000024,0.000024,0.021546,0.650317,0.328089
AAAGCTTGCCTACATA-1,0.000015,0.000015,0.048135,0.74132,0.210516
AAAGGCTACGGACCAT-1,0.000003,0.000003,0.016646,0.917049,0.0663
AAAGGCTCTCGCGCCG-1,0.000015,0.000015,0.000751,0.286768,0.71245
AAAGGGATGTAGCAAG-1,0.000042,0.000042,0.000042,0.138361,0.861514
AAAGGGCAGCTTGAAT-1,0.000028,0.000028,0.000028,0.299331,0.700584
AAAGGTAAGCTGTACC-1,0.000025,0.000025,0.000025,0.562837,0.43709
AAAGTAGCATTGCTCA-1,0.000015,0.000015,0.012106,0.795218,0.192645
AAAGTCACTGATGTAA-1,0.000019,0.000019,0.019321,0.633975,0.346665
AAAGTCGACCCTCAGT-1,0.000025,0.000025,0.075686,0.412428,0.511836
AAAGTGTGATTTATCT-1,0.00001,0.00001,0.00001,0.809295,0.190674
AAAGTTGACTCCCGTA-1,0.000005,0.000005,0.016462,0.974188,0.009339
AAATAACCATACGGGA-1,0.000022,0.000022,0.001865,0.364664,0.633426
AAATAAGGTAGTGCCC-1,0.000032,0.000032,0.010436,0.628955,0.360545
AAATACCTATAAGCAT-1,0.000024,0.000024,0.000024,0.785267,0.214662
AAATAGCTTAGACTTT-1,0.000013,0.000013,0.002196,0.739884,0.257892
AAATAGGGTGCTATTG-1,0.00003,0.00003,0.00003,0.560945,0.438964
AAATCCGATACACGCC-1,0.000013,0.000013,0.083794,0.79085,0.125331
AAATCGCGGAAGGAGT-1,0.000062,0.000062,0.000062,0.008323,0.991493
AAATCGTGTACCACAA-1,0.000012,0.000012,0.002143,0.53946,0.458373
AAATCTAGCCCTGCTA-1,0.000016,0.000016,0.010455,0.562798,0.426715
AAATGATTCGATCAGC-1,0.000027,0.000027,0.007177,0.660448,0.332321
AAATGCTCGTTACGTT-1,0.00011,0.00011,0.00011,0.480725,0.518944
AAATGGCATGTCTTGT-1,0.000048,0.000048,0.000048,0.000287,0.99957
AAATGGCCCGTGCCCT-1,0.000025,0.000025,0.047632,0.582856,0.369462
AAATGGTCAATGTGCC-1,0.000072,0.000072,0.551534,0.292687,0.155636
AAATGTATCTTATCCC-1,0.000011,0.000011,0.000011,0.17316,0.826808
AAATGTGGGTGCTCCT-1,0.000074,0.000074,0.000074,0.589632,0.410146
AAATTAACGGGTAGCT-1,0.000034,0.000034,0.000034,0.018324,0.981575
AAATTAATAAGCGCGA-1,0.000014,0.000014,0.004877,0.247148,0.747947
AAATTACACGACTCTG-1,0.000081,0.000081,0.000081,0.000487,0.999269
AAATTACCTATCGATG-1,0.000026,0.000026,0.006777,0.570217,0.422954
AAATTCCAGGTCCAAA-1,0.000017,0.000017,0.087504,0.489343,0.423119
AAATTGATAGTCCTTT-1,0.000016,0.000016,0.517777,0.465361,0.01683
AAATTGCGGCGGTTCT-1,0.000039,0.000039,0.000039,0.110265,0.889619
AAATTGGTGAGAAGCA-1,0.00002,0.00002,0.013752,0.83883,0.147378
AAATTTACCGAAATCC-1,0.000036,0.000036,0.018919,0.218913,0.762097
AAATTTGCGGGTGTGG-1,0.000031,0.000031,0.007084,0.277915,0.71494
AACAACTGGTAGTTGC-1,0.000024,0.000024,0.054012,0.581036,0.364903
AACAATTACTCTACGC-1,0.000005,0.000005,0.000005,0.98419,0.015796
AACACACGCTCGCCGC-1,0.000005,0.000005,0.000747,0.914065,0.085179
AACACGACTGTACTGA-1,0.000027,0.000027,0.010237,0.126066,0.863643
AACACGAGACGCGGCC-1,0.000013,0.000013,0.044405,0.604781,0.350788
AACACGCGGCCGCGAA-1,0.000006,0.000006,0.000006,0.938219,0.061764
AACAGCTGTGTGGCAA-1,0.000023,0.035946,0.07409,0.720763,0.169179
AACAGGAAATCGAATA-1,0.000026,0.000026,0.000026,0.008901,0.99102
AACAGGATGGGCCGCG-1,0.000021,0.000021,0.000021,0.280944,0.718992
AACAGGTAGTATGGAT-1,0.000015,0.000015,0.102327,0.725727,0.171915
AACATAGCGTGTATCG-1,0.000032,0.000032,0.000032,0.623406,0.376499
AACATATCAACTGGTG-1,0.000014,0.000014,0.001313,0.717799,0.280861
AACATCGATACGTCTA-1,0.000021,0.000021,0.00173,0.706503,0.291724
AACATTGGTCAGCCGT-1,0.000033,0.000033,0.014246,0.161488,0.824199
AACATTGTGACTCGAG-1,0.000029,0.000029,0.02067,0.388742,0.590531
AACCAAGACTTCTCTG-1,0.000015,0.000015,0.000015,0.59606,0.403896
AACCAGTATCACTCTT-1,0.000078,0.000078,0.000078,0.117811,0.881954
AACCATGGGATCGCTA-1,0.000065,0.000065,0.091859,0.162868,0.745144
AACCCAGAGACGGAGA-1,0.000049,0.000049,0.000049,0.319148,0.680705
AACCCATCCCATGATC-1,0.000012,0.000012,0.03297,0.949668,0.017338
AACCCGAGCAGAATCG-1,0.000024,0.000024,0.13362,0.467379,0.398953
AACCCTACTGTCAATA-1,0.00001,0.00001,0.010353,0.557249,0.432378
AACCCTGGTGGAACCA-1,0.000032,0.000032,0.03388,0.043553,0.922503
AACCGAGCTTGGTCAT-1,0.000027,0.000027,0.000027,0.057878,0.942042
AACCGCTAAGGGATGC-1,0.000011,0.000011,0.013036,0.781208,0.205734
AACCGTTGTGTTTGCT-1,0.000051,0.000051,0.011697,0.006252,0.981949
AACCTCGCTTTAGCCC-1,0.000007,0.000007,0.009326,0.917516,0.073145
AACCTGTCACGGAATT-1,0.000061,0.008821,0.000061,0.169724,0.821333
AACCTTTAAATACGGT-1,0.000023,0.000023,0.000023,0.050062,0.949868
AACCTTTACGACGTCT-1,0.000061,0.000061,0.000061,0.163424,0.836393
AACGAAAGTCGTCCCA-1,0.00033,0.00033,0.00033,0.135023,0.863987
AACGATAATGCCGTAG-1,0.00003,0.00003,0.005533,0.245975,0.748432
AACGATAGAAGGGCCG-1,0.000019,0.000019,0.027322,0.153695,0.818945
AACGATATGTCAACTG-1,0.000013,0.000013,0.010013,0.630476,0.359485
AACGCATGATCTGGGT-1,0.000137,0.000137,0.000137,0.41281,0.586778
AACGCGAACGGCAACA-1,0.000035,0.000035,0.000035,0.16765,0.832246
AACGCGACCTTGGGCG-1,0.000179,0.430466,0.000179,0.047756,0.52142
AACGCGGTCTCCAGCC-1,0.000046,0.000046,0.001125,0.08013,0.918653
AACGCTGTTGCTGAAA-1,0.00002,0.00002,0.023808,0.526864,0.449289
AACGGACGTACGTATA-1,0.000011,0.000011,0.012132,0.827426,0.160418
AACGGCCATCTCCGGT-1,0.000023,0.000023,0.040885,0.4365,0.522569
AACGTACTGTGGGTAC-1,0.000027,0.000027,0.016444,0.650166,0.333337
AACGTAGTCTACCCAT-1,0.000079,0.000079,0.001162,0.776427,0.222253
AACGTCAGACTAGTGG-1,0.000014,0.000014,0.021449,0.875797,0.102726
AACGTGATGAAGGACA-1,0.000049,0.000049,0.000049,0.000292,0.999563
AACGTGCGAAAGTCTC-1,0.000022,0.000022,0.003183,0.179683,0.817091
AACGTTATCAGCACCT-1,0.00021,0.00021,0.00021,0.216033,0.783338
AACTACCCGTTTGTCA-1,0.000025,0.001809,0.110115,0.381149,0.506903
AACTAGCGTATCGCAC-1,0.000156,0.000156,0.000156,0.919169,0.080364
AACTAGGCTTGGGTGT-1,0.000031,0.000031,0.000031,0.000188,0.999718
AACTCAAGTTAATTGC-1,0.000018,0.000018,0.036457,0.561514,0.401994
AACTCCAGAGCGTGTT-1,0.000012,0.000012,0.013608,0.95943,0.026938
AACTCCTAATCCCATG-1,0.000163,0.000163,0.00756,0.617344,0.37477
AACTCGATAAACACGT-1,0.000028,0.000028,0.013696,0.079767,0.90648
AACTCGATGGCGCAGT-1,0.000065,0.000065,0.036197,0.031162,0.932512
AACTCTCAATAGAGCG-1,0.000013,0.000013,0.031424,0.536093,0.432457
AACTCTCAGTGTGCTC-1,0.000042,0.000042,0.158805,0.522584,0.318528
AACTGAGGTCAGCGTC-1,0.000015,0.000015,0.024561,0.901761,0.073648
AACTGAGTTATACTGA-1,0.000037,0.234312,0.460925,0.229444,0.075282
AACTGATATTAGGCCT-1,0.000037,0.000037,0.000037,0.000219,0.999671
AACTGGGTCCCGACGT-1,0.000034,0.000034,0.000034,0.000207,0.99969
AACTGGTGTGGGCCTT-1,0.000055,0.000055,0.000055,0.47243,0.527405
AACTTCTGCGTCTATC-1,0.000044,0.000044,0.000044,0.724854,0.275015
AACTTGCCCGTATGCA-1,0.000015,0.000015,0.007592,0.58828,0.404097
AACTTGCGTTCTCGCG-1,0.000157,0.000157,0.000157,0.709305,0.290223
AACTTTACGGGAGCTT-1,0.000038,0.000038,0.000038,0.13362,0.866266
AACTTTAGCTGCTGAG-1,0.000278,0.000278,0.000278,0.652802,0.346365
AACTTTCTCGATCATG-1,0.000028,0.000028,0.035324,0.810623,0.153997
AAGAAGGATCAGTTAG-1,0.000022,0.000022,0.000022,0.972057,0.027878
AAGACCAAATAACTCA-1,0.000191,0.000191,0.000191,0.479873,0.519554
AAGACCCAACTGAACA-1,0.000004,0.000004,0.007828,0.455689,0.536476
AAGACTAACCCGTTGT-1,0.000025,0.000025,0.000025,0.133409,0.866516
AAGACTGCAAGCTACT-1,0.000019,0.000019,0.000019,0.335204,0.66474
AAGAGATGAATCGGTA-1,0.000016,0.000016,0.000016,0.794985,0.204968
AAGAGCTCTTTATCGG-1,0.000225,0.000225,0.000225,0.453082,0.546243
AAGAGGATGTACGCGA-1,0.000036,0.000036,0.000036,0.413198,0.586695
AAGAGGCATGGATCGC-1,0.000013,0.000013,0.007632,0.946677,0.045665
AAGAGGCCCTTTGGAA-1,0.000024,0.000024,0.034933,0.687779,0.277239
AAGATTGGCGGAACGT-1,0.000021,0.000021,0.000021,0.805607,0.19433
AAGCACCCTGCGTATC-1,0.000016,0.000016,0.020999,0.638896,0.340073
AAGCATACTCTCCTGA-1,0.000049,0.000049,0.013854,0.060664,0.925385
AAGCCGAAGCGGTTTA-1,0.000023,0.000023,0.04026,0.468909,0.490785
AAGCCGCTTTACCTTG-1,0.000046,0.000046,0.022273,0.753743,0.223891
AAGCGCAGGGCTTTGA-1,0.000015,0.000015,0.007139,0.522926,0.469904
AAGCGGCGTCATGGGT-1,0.000128,0.038319,0.000128,0.081963,0.879461
AAGCGTCCCTCATCGA-1,0.000028,0.013859,0.18319,0.682635,0.120287
AAGCTAGATCGAGTAA-1,0.000018,0.000018,0.000018,0.518123,0.481823
AAGCTCGTGCCAAGTC-1,0.000052,0.000052,0.008664,0.561668,0.429563
AAGCTCTTTCATGGTG-1,0.000019,0.000019,0.001521,0.82844,0.170002
AAGGAGAACTTATAAG-1,0.000133,0.000133,0.014892,0.503348,0.481494
AAGGAGCGGTTGGTGC-1,0.000015,0.000015,0.135925,0.43202,0.432025
AAGGATCGATCGCTTG-1,0.000022,0.000022,0.037001,0.45465,0.508304
AAGGATGAGGGACCTC-1,0.00009,0.00009,0.03867,0.408614,0.552536
AAGGCAGGCTGTCTCC-1,0.000008,0.000008,0.778109,0.221845,0.00003
AAGGCGCGTAAAGCTT-1,0.000013,0.000013,0.000013,0.814838,0.185124
AAGGCTGTGCTCATCG-1,0.000021,0.000021,0.025904,0.653898,0.320156
AAGGGAACGACTGGCT-1,0.000009,0.000009,0.026051,0.609534,0.364397
AAGGGACAGATTCTGT-1,0.000016,0.000016,0.000016,0.996478,0.003475
AAGGGACTATGCATTC-1,0.000024,0.000024,0.011806,0.465845,0.522302
AAGGGTTTGATTTCAG-1,0.000248,0.087349,0.06396,0.286847,0.561596
AAGGTATCCTAATATA-1,0.00005,0.00005,0.00005,0.267942,0.731907
AAGGTGATAAACCAGC-1,0.000007,0.000007,0.011864,0.918463,0.069659
AAGTAAGCTTCCAAAC-1,0.000175,0.000175,0.000175,0.459107,0.540368
AAGTAGAAGACCGGGT-1,0.000014,0.000014,0.017941,0.771009,0.211022
AAGTAGTGACGCGAGG-1,0.000011,0.000011,0.000011,0.925418,0.074548
AAGTCAATTGTCGTCA-1,0.000014,0.000014,0.021066,0.675329,0.303578
AAGTCTAGTAGCTGCC-1,0.000052,0.000052,0.024582,0.710976,0.264338
AAGTCTTCTGTGGCCT-1,0.000108,0.000108,0.023534,0.481665,0.494585
AAGTGACGACCGAATT-1,0.00002,0.00002,0.001971,0.50327,0.494719
AAGTGCAAAGGTAGAC-1,0.000129,0.000129,0.121376,0.006394,0.871972
AAGTGCCTTGACTGTA-1,0.000019,0.000019,0.015681,0.586121,0.39816
AAGTGCGTTAGAATCT-1,0.000022,0.000022,0.057342,0.663071,0.279543
AAGTGTTTGGAGACGG-1,0.000024,0.000024,0.014445,0.905104,0.080405
AAGTTCACTCCAAGCT-1,0.00002,0.00002,0.026383,0.750385,0.223193
AAGTTCAGTCTGCGTA-1,0.000056,0.000056,0.000056,0.301017,0.698817
AAGTTCGGCCAACAGG-1,0.000025,0.000025,0.053025,0.634946,0.311979
AAGTTGTGATGTTATA-1,0.000019,0.004577,0.595995,0.2121,0.187309
AAGTTTACTAATGGCA-1,0.000038,0.000038,0.000038,0.725215,0.27467
AAGTTTATGGGCCCAA-1,0.00003,0.00003,0.001891,0.481995,0.516055
AATAACAACGCTCGGC-1,0.00002,0.00002,0.020087,0.419082,0.56079
AATAACACTAGAACAA-1,0.000021,0.000021,0.05375,0.59021,0.355999
AATAAGTCCTCGAGAC-1,0.000039,0.000039,0.000039,0.000233,0.999651
AATACAATGTTTCAGG-1,0.000088,0.000088,0.000088,0.648873,0.350863
AATAGAACAGAGTGGC-1,0.00002,0.00002,0.18101,0.425395,0.393554
AATAGAATCTGTTTCA-1,0.000014,0.000014,0.026656,0.590149,0.383168
AATAGCAAGCCTCCTG-1,0.000019,0.000019,0.008623,0.591132,0.400206
AATAGCTACCGCGTGC-1,0.000017,0.000017,0.030817,0.939238,0.029912
AATAGTCCGTCCCGAC-1,0.000015,0.000015,0.013298,0.099126,0.887546
AATAGTCGCGAGTCGG-1,0.000025,0.000025,0.000025,0.227918,0.772006
AATATCAAGGTCGGAT-1,0.00011,0.00011,0.014078,0.607087,0.378615
AATATCCTAGCAAACT-1,0.000041,0.000041,0.007534,0.180294,0.812091
AATATCGAATCAATGC-1,0.000014,0.000014,0.00473,0.812719,0.182522
AATATCGAGGGTTCTC-1,0.000023,0.000023,0.011398,0.541401,0.447156
AATATTGGAGTATTGA-1,0.000028,0.000028,0.000028,0.593093,0.406822
AATCAGACTGCAGGAC-1,0.000021,0.000021,0.000021,0.450611,0.549328
AATCATGTAAAGACTC-1,0.000011,0.000011,0.026995,0.736407,0.236576
AATCCAAGGGCCTGAG-1,0.000014,0.000014,0.000014,0.720667,0.279291
AATCCATGCAAGGGTG-1,0.000038,0.000038,0.000038,0.00023,0.999656
AATCGCCTCAGCGCCA-1,0.000027,0.000027,0.000027,0.495059,0.50486
AATCGCGCAGAGGACT-1,0.00002,0.00002,0.182549,0.567015,0.250396
AATCGGGACACTACGA-1,0.000042,0.000042,0.000042,0.040547,0.959328
AATCGTGAGCCGAGCA-1,0.000011,0.000011,0.020433,0.792371,0.187173
AATCTAGGTTTACTTG-1,0.000017,0.000017,0.012568,0.904623,0.082775
AATCTATGCCGGAGCC-1,0.000015,0.000015,0.022166,0.790682,0.187123
AATCTCTACTGTGGTT-1,0.000029,0.000029,0.000029,0.833797,0.166116
AATCTGCGTTGGGACG-1,0.000011,0.000011,0.0168,0.811617,0.171561
AATCTGGCTTTCTAGT-1,0.000014,0.000014,0.021892,0.943911,0.034171
AATCTGGGTAGACCCT-1,0.000145,0.000145,0.000145,0.499609,0.499955
AATGACAGCAATGTCT-1,0.000021,0.000021,0.048777,0.609826,0.341354
AATGACGTAGGATGTC-1,0.000035,0.000035,0.001874,0.305515,0.69254
AATGACTGTCAGCCGG-1,0.000011,0.000011,0.059442,0.808767,0.131769
AATGAGTTCGCATATG-1,0.000045,0.000045,0.000045,0.953114,0.046752
AATGATGATACGCTAT-1,0.00011,0.00011,0.00011,0.458948,0.540722
AATGATGCGACTCCTG-1,0.00001,0.00001,0.000216,0.874295,0.12547
AATGCAACCGGGTACC-1,0.000008,0.000008,0.000008,0.938715,0.06126
AATGCACCAAGCAATG-1,0.000012,0.000012,0.000012,0.976679,0.023286
AATGGTCCACCGTTCA-1,0.000025,0.000025,0.022268,0.454237,0.523445
AATGGTTCTCACAAGC-1,0.000011,0.000011,0.002242,0.820959,0.176778
AATGTGCCCGAGGTGT-1,0.000024,0.000024,0.141829,0.66701,0.191114
AATTAAAGGTCGGCGT-1,0.000012,0.000012,0.570222,0.12562,0.304135
AATTAACGGATTTCCA-1,0.00003,0.00003,0.00003,0.220941,0.77897
AATTACGAGACCCATC-1,0.000055,0.000055,0.000055,0.000331,0.999503
AATTACTCGTACGCTC-1,0.000121,0.000121,0.000121,0.449701,0.549935
AATTAGCGCTGCAGCG-1,0.000022,0.000022,0.030907,0.105048,0.864002
AATTCATAAGGGATCT-1,0.000068,0.000068,0.000068,0.175535,0.82426
AATTCATTGTCATGCA-1,0.000257,0.000257,0.000257,0.132064,0.867164
AATTCCAACTTGGTGA-1,0.000038,0.000038,0.000038,0.220201,0.779686
AATTCCAAGCATGTAC-1,0.000027,0.000027,0.011778,0.000162,0.988006
AATTCGATTCGAGGAT-1,0.000014,0.000014,0.002255,0.866225,0.131493
AATTCTAGAGTTAGGC-1,0.000014,0.000014,0.000014,0.769171,0.230788
AATTGAACGCTCTGGT-1,0.000009,0.000009,0.001491,0.822573,0.175918
AATTGCAGCAATCGAC-1,0.000019,0.007431,0.097682,0.669818,0.225051
AATTGTGGTTGCCAAA-1,0.000014,0.040085,0.292665,0.369735,0.297501
AATTTGGGACATAGTA-1,0.000024,0.000024,0.000024,0.918154,0.081776
AATTTGGTTCCAAAGA-1,0.000016,0.000016,0.000016,0.139682,0.860271
ACAAAGAAGGTAGGCC-1,0.00001,0.00001,0.001631,0.905586,0.092762
ACAAAGCATGACCTAG-1,0.000013,0.000013,0.078731,0.705118,0.216125
ACAAATCGCACCGAAT-1,0.000009,0.000009,0.005047,0.963174,0.031761
ACAAATGGTAGTGTTT-1,0.000008,0.000008,0.01498,0.939696,0.045307
ACAAATTCAGATCTGA-1,0.000014,0.000014,0.003565,0.996354,0.000054
ACAACAGCATGAGCTA-1,0.00004,0.00004,0.00004,0.000237,0.999644
ACAACGGTCCCTGCGA-1,0.000014,0.000014,0.005689,0.671785,0.322497
ACAAGCAGTGCCTAGC-1,0.000019,0.000019,0.012266,0.202511,0.785186
ACAAGCTATATGGAAG-1,0.000058,0.000058,0.000058,0.221117,0.778709
ACAAGGAAATCCGCCC-1,0.000022,0.000022,0.006321,0.597609,0.396025
ACAAGGACAAGAGGTT-1,0.000016,0.000016,0.002471,0.411507,0.58599
ACAAGGATGCTTTAGG-1,0.000004,0.000004,0.017689,0.976199,0.006105
ACAAGGGCAGGCTCTG-1,0.000055,0.000055,0.000055,0.314128,0.685708
ACAATAGTCGTACGTT-1,0.000044,0.000044,0.023606,0.344155,0.63215
ACAATCCATTTAAACC-1,0.000015,0.000015,0.000015,0.616032,0.383923
ACAATGAATACGGAGA-1,0.000018,0.000018,0.044464,0.680269,0.275232
ACAATGATTCTTCTAC-1,0.000022,0.000022,0.000215,0.818909,0.180833
ACAATTGTGTCTCTTT-1,0.000018,0.000018,0.000107,0.531272,0.468585
ACAATTTAGGAGGCTC-1,0.000048,0.000048,0.000048,0.842839,0.157017
ACAATTTGAGCAGTGG-1,0.000014,0.000014,0.000014,0.967093,0.032866
ACAATTTGGCCATATT-1,0.000145,0.000145,0.348345,0.351976,0.29939
ACACAAAGACGGGTGG-1,0.000015,0.000015,0.000015,0.239103,0.760852
ACACAAATATTCCTAG-1,0.000011,0.000011,0.02619,0.842258,0.131531
ACACACCAGGACCAGT-1,0.000008,0.000008,0.013677,0.846419,0.139889
ACACACTTTCTACACG-1,0.000039,0.000039,0.060246,0.109142,0.830534
ACACATGATCAAATCT-1,0.000017,0.000017,0.00274,0.518563,0.478663
ACACATTGACGCAACA-1,0.000026,0.000026,0.000026,0.360025,0.639897
ACACATTTCCGTAGAC-1,0.000028,0.000028,0.012222,0.73458,0.253141
ACACCACATAATTAGC-1,0.000015,0.000015,0.021498,0.767216,0.211256
ACACCCAGCATGCAGC-1,0.000071,0.000071,0.086831,0.155613,0.757414
ACACCCGAGAAATCCG-1,0.000013,0.000013,0.099045,0.468443,0.432485
ACACCGAGCGCTCTTT-1,0.00004,0.00004,0.00004,0.00024,0.999641
ACACCTTAAGTAGGGC-1,0.000017,0.000017,0.013431,0.847752,0.138783
ACACCTTACTACTTGC-1,0.00002,0.00002,0.066782,0.647539,0.285638
ACACGAGACTCCTTCT-1,0.000035,0.000035,0.000035,0.000211,0.999684
ACACGGCACTATGCAT-1,0.000022,0.000022,0.000022,0.005532,0.994402
ACACGGGAACTTAGGG-1,0.000033,0.000033,0.000033,0.034277,0.965625
ACACGTAGGCCACAAG-1,0.000026,0.000026,0.021671,0.63937,0.338906
ACACTCCAATGTCACT-1,0.00062,0.00062,0.00062,0.190755,0.807384
ACACTGATCAAGGTGT-1,0.00003,0.00003,0.319268,0.275813,0.40486
ACACTGGGACAGTCGT-1,0.000014,0.000014,0.691828,0.286024,0.02212
ACAGAACTGAGAACAA-1,0.000012,0.000012,0.110524,0.782557,0.106895
ACAGATTAGGTTAGTG-1,0.000455,0.000455,0.059983,0.002731,0.936376
ACAGCATAGAGCCAGT-1,0.00002,0.00002,0.00002,0.066643,0.933296
ACAGCGACATTCTCAT-1,0.000019,0.001327,0.013815,0.660085,0.324754
ACAGCGCACCCGCAGC-1,0.000035,0.000035,0.000035,0.000212,0.999681
ACAGGAGGCGCAGCCG-1,0.000152,0.000152,0.000152,0.000912,0.998632
ACAGGCACGGATCCTT-1,0.000022,0.093781,0.048243,0.67654,0.181415
ACAGGCTTGCCCGACT-1,0.000015,0.000015,0.028399,0.655597,0.315975
ACAGGTGGAGGTGAGG-1,0.000025,0.000025,0.056051,0.359326,0.584573
ACAGGTGTGTTGTTGC-1,0.000029,0.000029,0.000029,0.797282,0.202632
ACAGTAATACAACTTG-1,0.000044,0.000044,0.175975,0.509312,0.314624
ACAGTATACCGTGGGA-1,0.000022,0.000022,0.058785,0.659295,0.281877
ACATAAGTCGTGGTGA-1,0.000372,0.000372,0.000372,0.262142,0.736743
ACATAATAAGGCGGTG-1,0.000026,0.000026,0.005284,0.038965,0.955699
ACATCAGCTGGGACGC-1,0.000057,0.000057,0.000057,0.464586,0.535244
ACATCCCGGCCATACG-1,0.000018,0.000018,0.012233,0.016415,0.971316
ACATCCTGGTAACTGT-1,0.000009,0.000009,0.0001,0.874673,0.125209
ACATCGATCGTTTACC-1,0.000035,0.000035,0.000035,0.219781,0.780113
ACATCGGTCAGCCGCG-1,0.000045,0.000045,0.070189,0.184683,0.745038
ACATCGTATGCAATGG-1,0.000012,0.000012,0.003853,0.738252,0.257873
ACATCGTTAACCTAGT-1,0.000061,0.000061,0.047023,0.011097,0.941759
ACATCTCAACGCGTAA-1,0.000175,0.069614,0.000175,0.15387,0.776165
ACATGGCGCCAAAGTA-1,0.000016,0.000016,0.004891,0.560022,0.435055
ACATGGCTCAATTTAG-1,0.000043,0.000043,0.005278,0.144082,0.850553
ACATTAGTTTATATCC-1,0.000032,0.000032,0.000032,0.634899,0.365005
ACCAAACACCCAGCGA-1,0.000016,0.000016,0.022048,0.74551,0.232411
ACCAACACCACACACT-1,0.000027,0.000027,0.016963,0.510298,0.472685
ACCAACCGCACTCCAC-1,0.000007,0.000007,0.924147,0.073746,0.002094
ACCAACGCTTATTTAT-1,0.000031,0.000031,0.472243,0.141709,0.385987
ACCAAGAACGCGTGTC-1,0.000017,0.000017,0.016223,0.37671,0.607033
ACCAATATGCAAGTTA-1,0.000028,0.000028,0.000458,0.564013,0.435473
ACCACAACTCAGAACA-1,0.000027,0.000027,0.000027,0.000161,0.999758
ACCACAAGTTTCTATC-1,0.000015,0.000015,0.0452,0.240464,0.714305
ACCACCAATGTAACAA-1,0.000017,0.000017,0.023003,0.498623,0.47834
ACCACCCTCTCTTCTA-1,0.00002,0.00002,0.088281,0.506348,0.405332
ACCACGTGCAGCTATA-1,0.000025,0.000025,0.052684,0.439522,0.507745
ACCACTGTTCAAGAAG-1,0.000026,0.000026,0.000026,0.114078,0.885845
ACCAGACCATAACAAC-1,0.000043,0.000043,0.000043,0.145513,0.854357
ACCAGCCCGGTCTTTG-1,0.000227,0.025137,0.000227,0.2556,0.71881
ACCAGGAGTGTGATCT-1,0.295269,0.000106,0.012481,0.263562,0.428582
ACCAGTGCCCGGTCAA-1,0.000053,0.000053,0.058483,0.360788,0.580623
ACCAGTGCGGGAGACG-1,0.000014,0.000014,0.004291,0.786495,0.209185
ACCATATCCGCAATAA-1,0.000023,0.000023,0.000023,0.143952,0.855978
ACCATCCGCCAACTAG-1,0.000027,0.000027,0.000027,0.886624,0.113295
ACCATCGTATATGGTA-1,0.000043,0.000043,0.031177,0.2221,0.746638
ACCATTAAGGGTGTCA-1,0.000052,0.000052,0.000052,0.00031,0.999535
ACCCAACGCCCGTGGC-1,0.000253,0.000253,0.000253,0.091568,0.907672
ACCCACCTACATGCTC-1,0.000021,0.000021,0.000021,0.423684,0.576252
ACCCATCTTGAGGGTA-1,0.000031,0.000031,0.025164,0.503874,0.4709
ACCCATTTGTCCCTCT-1,0.000022,0.000022,0.027514,0.693358,0.279083
ACCCGGAAACTCCCAG-1,0.000026,0.000026,0.000026,0.480713,0.51921
ACCCGGAGCACCACAA-1,0.000024,0.009477,0.29291,0.360726,0.336862
ACCCGGATGACGCATC-1,0.000015,0.000015,0.016077,0.638812,0.34508
ACCCGGTTACACTTCC-1,0.00003,0.00003,0.076401,0.521645,0.401893
ACCCGTGTCATCAGTA-1,0.000012,0.000012,0.012046,0.494796,0.493134
ACCCTATAGGACTGAG-1,0.000127,0.000127,0.000127,0.309179,0.69044
ACCCTATGCCATATCG-1,0.000013,0.000013,0.959594,0.040326,0.000053
ACCCTCCCTTGCTATT-1,0.000015,0.000015,0.022126,0.704804,0.27304
ACCCTGGTAACGCCCT-1,0.000033,0.000033,0.061044,0.688905,0.249984
ACCCTTCATCTGCGAA-1,0.00002,0.00002,0.00002,0.778159,0.221782
ACCCTTGCCTGGGTCG-1,0.000051,0.003934,0.026255,0.732936,0.236824
ACCCTTTAGTTCTCCA-1,0.000029,0.000029,0.000029,0.237228,0.762685
ACCGAAAGGGCCCTGC-1,0.000038,0.000038,0.000038,0.00023,0.999655
ACCGAAGAGTCTGGTT-1,0.000027,0.000027,0.012467,0.533486,0.453993
ACCGACACATCTCCCA-1,0.00001,0.00001,0.01407,0.783612,0.202298
ACCGACTGAGTCCCAC-1,0.000019,0.000019,0.008303,0.000117,0.991541
ACCGAGTCTCCTTATT-1,0.00001,0.00001,0.010303,0.837448,0.152229
ACCGATAGGCATAACC-1,0.000012,0.000012,0.77608,0.148462,0.075435
ACCGATGGTAGCATCG-1,0.000004,0.000004,0.00001,0.9251,0.074883
ACCGCAATAACTGCCT-1,0.00002,0.00002,0.00002,0.911968,0.087971
ACCGCGGTGGAAGTCG-1,0.000021,0.000021,0.001532,0.667861,0.330566
ACCGGGCCTTTGTTGA-1,0.000011,0.000011,0.005582,0.785363,0.209034
ACCGGTCAGGTACACC-1,0.000018,0.000018,0.022766,0.663472,0.313727
ACCGTTCCCGCTCTGA-1,0.000095,0.000095,0.000095,0.000568,0.999147
ACCTAAGTACCTTTCA-1,0.00002,0.00002,0.064069,0.727722,0.20817
ACCTAATCGACTTCCT-1,0.000016,0.000016,0.071977,0.533472,0.394519
ACCTACAGTATGTGGT-1,0.000026,0.000026,0.098647,0.62476,0.276541
ACCTACTATAAATCTA-1,0.000029,0.000029,0.049475,0.107195,0.843272
ACCTCCGCCCTCGCTG-1,0.00002,0.008346,0.014533,0.774309,0.202791
ACCTCCGTTATTCACC-1,0.000017,0.000017,0.026511,0.768556,0.204899
ACCTGCGTGTCATGTT-1,0.000031,0.000031,0.006046,0.684878,0.309014
ACGAAATGGGCGGCAC-1,0.000017,0.000017,0.000017,0.50553,0.49442
ACGACCCATGAGTTGC-1,0.000054,0.062876,0.320977,0.399384,0.216709
ACGACTCTAGGGCCGA-1,0.000036,0.022698,0.061101,0.702979,0.213187
ACGAGAACCCATCACG-1,0.000037,0.000037,0.000037,0.003065,0.996825
ACGAGATATTTGCTTA-1,0.000028,0.000028,0.000028,0.00017,0.999745
ACGAGGATACCACTCT-1,0.000024,0.000024,0.035603,0.730546,0.233803
ACGAGGTTTACAACGT-1,0.000009,0.000009,0.003312,0.892251,0.104419
ACGAGTACGGATGCCC-1,0.000017,0.000017,0.003958,0.780782,0.215225
ACGAGTCGCCGGCGTT-1,0.00004,0.00004,0.00004,0.00024,0.99964
ACGATACATAGAACTA-1,0.000013,0.000013,0.001595,0.793856,0.204524
ACGATACCTATCCTGA-1,0.000053,0.000053,0.004376,0.229787,0.765731
ACGATCATACATAGAG-1,0.000025,0.000025,0.009487,0.127791,0.862673
ACGATCATCTTGTAAA-1,0.000014,0.000014,0.003487,0.690401,0.306084
ACGATGCATATGTTAT-1,0.000033,0.000033,0.044913,0.385121,0.569899
ACGATGGATCCGATGC-1,0.000031,0.000031,0.000031,0.023742,0.976164
ACGCAATCACTACAGC-1,0.000008,0.000008,0.009832,0.968878,0.021274
ACGCATAAATGACATG-1,0.000031,0.000031,0.058307,0.532203,0.409427
ACGCATACGTTTACTA-1,0.000023,0.001664,0.009008,0.507685,0.48162
ACGCATTCGTGAGTAC-1,0.000014,0.000014,0.000014,0.670898,0.329058
ACGCCACTCGAAACAG-1,0.000057,0.000057,0.027225,0.35285,0.619811
ACGCCAGATGATTTCT-1,0.000035,0.000035,0.000035,0.218056,0.781839
ACGCCGCTAGACGACC-1,0.000029,0.000029,0.000029,0.151417,0.848494
ACGCCTGACACGCGCT-1,0.000466,0.000466,0.000466,0.002797,0.995804
ACGCGAAGTCAGACGA-1,0.000018,0.000018,0.013156,0.320851,0.665957
ACGCGCTACACAGGGT-1,0.000012,0.000012,0.00248,0.839395,0.158102
ACGCGGGCCAAGGACA-1,0.000014,0.000014,0.000014,0.889248,0.110709
ACGCGTTTCTTAAGAG-1,0.000036,0.000036,0.002062,0.167396,0.83047
ACGCTAGTGATACACT-1,0.000015,0.000015,0.017066,0.670585,0.312319
ACGCTGTGAGGCGTAG-1,0.000042,0.000042,0.068814,0.284656,0.646446
ACGGAATTTAGCAAAT-1,0.000015,0.000015,0.000015,0.93094,0.069015
ACGGACTCTCAAAGCG-1,0.000015,0.000015,0.032504,0.639957,0.327509
ACGGAGCGCAAATTAC-1,0.000021,0.000021,0.000275,0.740042,0.25964
ACGGATGGTGCGGATA-1,0.000018,0.000018,0.015158,0.561117,0.423688
ACGGCACTTGCTTGGG-1,0.000031,0.000031,0.020317,0.08419,0.895432
ACGGCCAACATGGACT-1,0.000016,0.000016,0.000016,0.340472,0.65948
ACGGCGACGATGGGAA-1,0.000023,0.000023,0.006159,0.475982,0.517814
ACGGCGGGTTGCCCTG-1,0.000042,0.000042,0.000042,0.000251,0.999624
ACGGCTGGATGTAGAA-1,0.000065,0.000065,0.036484,0.654679,0.308708
ACGGGAGTGTCGGCCC-1,0.00003,0.00003,0.067916,0.766935,0.16509
ACGGGCGTATGCGACA-1,0.000039,0.000039,0.005348,0.508054,0.486521
ACGGGTCATGTGACTT-1,0.00004,0.00004,0.000222,0.175721,0.823976
ACGTACAGATTTCTCT-1,0.00002,0.00002,0.006591,0.362585,0.630785
ACGTAGATTGCTGATG-1,0.000028,0.000028,0.000028,0.002818,0.997098
ACGTAGGAGAGTCGCT-1,0.000023,0.000023,0.000023,0.000135,0.999797
ACGTATTACTCCGATC-1,0.000018,0.000018,0.026152,0.507217,0.466595
ACGTCTCGTTCCGGGA-1,0.000019,0.000019,0.000019,0.769041,0.230901
ACGTGACAAAGTAAGT-1,0.000006,0.000006,0.018614,0.960391,0.020983
ACGTGCGCCTCGTGCA-1,0.000072,0.000072,0.000072,0.000429,0.999356
ACGTTAATGTCGAAGA-1,0.000037,0.000037,0.019529,0.078446,0.90195
ACGTTAGATTTGCCCG-1,0.000047,0.000047,0.053156,0.459964,0.486786
ACGTTATTGGTCACTC-1,0.000058,0.000058,0.000058,0.1249,0.874926
ACGTTCCGCGCTCCGT-1,0.000785,0.000785,0.000785,0.00471,0.992936
ACGTTCGCAATCAATT-1,0.000021,0.000021,0.012115,0.543256,0.444587
ACGTTCTGTACAAGTC-1,0.000007,0.000007,0.984316,0.015643,0.000028
ACGTTTAGTTGTGATC-1,0.000069,0.000069,0.000069,0.000412,0.999382
ACTAATACGTCAGGCG-1,0.000207,0.000207,0.047403,0.320041,0.632143
ACTACATCCCGACAAG-1,0.000032,0.000032,0.051818,0.491959,0.456159
ACTACCAGCTCTCTGG-1,0.000019,0.000019,0.035032,0.915511,0.04942
ACTACGCGTTAGAATT-1,0.000008,0.000008,0.012072,0.649712,0.338199
ACTAGTTGCGATCGTC-1,0.000007,0.000007,0.000007,0.870861,0.129118
ACTATATGCTGTGTTC-1,0.000043,0.000043,0.017235,0.959529,0.023149
ACTATCCAGGGCATGG-1,0.00002,0.00002,0.01078,0.448061,0.54112
ACTATCGCCGGCTAAA-1,0.000013,0.000013,0.006275,0.417602,0.576097
ACTATCTGCCCGCGTA-1,0.000025,0.000025,0.106167,0.520112,0.373671
ACTATGTCCAGCTGCC-1,0.00005,0.00005,0.057509,0.505982,0.436408
ACTATTCGTCCGTGGT-1,0.000068,0.000068,0.000068,0.00041,0.999385
ACTCAACGAATGTATT-1,0.000033,0.000033,0.016185,0.135781,0.847968
ACTCAAGTGCAAGGCT-1,0.000006,0.000006,0.037,0.958082,0.004906
ACTCAATAAAGGCACG-1,0.000028,0.000028,0.000028,0.004867,0.99505
ACTCAGACCTGCTTCT-1,0.000088,0.000088,0.029974,0.580212,0.389638
ACTCCCATTCCTAAAG-1,0.000029,0.000029,0.017516,0.456126,0.526299
ACTCCCGAATTCGTTT-1,0.000016,0.000016,0.0222,0.669086,0.308681
ACTCCCGTAGACTAGG-1,0.000012,0.000012,0.022339,0.7935,0.184137
ACTCCCTAATGCTAAA-1,0.000016,0.000016,0.025838,0.62027,0.353861
ACTCCCTAGAATAGTA-1,0.000041,0.000041,0.000041,0.31237,0.687507
ACTCCGGCCGACCACT-1,0.000023,0.02304,0.017844,0.755528,0.203564
ACTCGATGTATTTCAT-1,0.000389,0.000389,0.114561,0.202295,0.682367
ACTCGTAACCCGTCCT-1,0.000026,0.000026,0.012815,0.726725,0.260408
ACTCGTCAGTAATCCC-1,0.000024,0.000024,0.000024,0.592406,0.407521
ACTCTAAACCTGGGAT-1,0.000015,0.000015,0.000015,0.413676,0.586278
ACTCTCTGACTTAGGT-1,0.00003,0.00003,0.00003,0.493238,0.50667
ACTCTCTTATACACGA-1,0.000044,0.000044,0.000044,0.00543,0.994438
ACTCTGACCTAATAGA-1,0.00002,0.018836,0.088247,0.854626,0.038272
ACTCTTGTATAGTAAC-1,0.000017,0.000017,0.000017,0.73282,0.267129
ACTGAAACGCCGTTAG-1,0.000026,0.000026,0.016927,0.491095,0.491927
ACTGAATGGCGAAAGT-1,0.000015,0.000015,0.005756,0.425375,0.56884
ACTGATTTAGTGATTC-1,0.00019,0.00019,0.00019,0.230132,0.769297
ACTGCCGTCGTAACTC-1,0.000032,0.000032,0.000032,0.000191,0.999714
ACTGCGGACACACCGT-1,0.000055,0.000055,0.006119,0.233002,0.76077
ACTGCTCGGAAGGATG-1,0.000018,0.000018,0.017657,0.618335,0.363971
ACTGTACGATACACAT-1,0.000036,0.000036,0.000036,0.215568,0.784323
ACTGTAGCACTTTGGA-1,0.000034,0.000034,0.000034,0.46793,0.531967
ACTGTATACGCGAGCA-1,0.000024,0.000024,0.000024,0.479095,0.520835
ACTGTCCAGGATTATA-1,0.000013,0.000013,0.037057,0.166582,0.796334
ACTGTCTTCTTTAGAA-1,0.000027,0.000027,0.000027,0.211122,0.788797
ACTGTGCTAGTAGATC-1,0.000195,0.000195,0.000195,0.367388,0.632026
ACTTACCGGGCGCGCA-1,0.000068,0.000068,0.000068,0.171419,0.828378
ACTTACGCATCCACGC-1,0.000022,0.000022,0.088552,0.53724,0.374165
ACTTAGTACGACAAGA-1,0.000086,0.000086,0.000086,0.444334,0.555409
ACTTATACTTACCCGG-1,0.000004,0.000004,0.000039,0.98688,0.013074
ACTTATCTGATCTATA-1,0.000067,0.000067,0.011085,0.262698,0.726084
ACTTATTAGGATCGGT-1,0.000247,0.000247,0.313179,0.293568,0.39276
ACTTATTTATGTGCCA-1,0.000012,0.000012,0.018334,0.633563,0.348079
ACTTCAGGCTGATCCC-1,0.00004,0.00004,0.014528,0.283448,0.701945
ACTTCCAGTGGAAGCT-1,0.000063,0.000063,0.101065,0.027885,0.870924
ACTTCCATGCGGGACA-1,0.000017,0.000017,0.055759,0.654927,0.289279
ACTTCGCCATACGCAC-1,0.000061,0.000061,0.000061,0.381711,0.618104
ACTTGACTCCCTCTTT-1,0.000124,0.000124,0.000124,0.348465,0.651162
ACTTGCCATATTGTAC-1,0.00023,0.00023,0.00023,0.001378,0.997933
ACTTGGGACCCGGTGG-1,0.00001,0.00001,0.396653,0.259384,0.343943
ACTTGTAGTCCCTTCA-1,0.000054,0.000054,0.055856,0.652646,0.29139
ACTTGTGGATGGAACG-1,0.000017,0.000017,0.005354,0.722288,0.272324
ACTTTACCCTCATGAA-1,0.000014,0.000014,0.022495,0.733053,0.244423
ACTTTCCTATAGCTTC-1,0.000041,0.000041,0.000041,0.000245,0.999633
ACTTTGACTGCATCCT-1,0.000062,0.000062,0.000062,0.345339,0.654475
ACTTTGGTCGTGCTCC-1,0.000334,0.000334,0.000334,0.400089,0.598908
AGAAATTATGACTCGC-1,0.000008,0.000008,0.945434,0.021714,0.032836
AGAACCCTCAATTGGG-1,0.000077,0.000077,0.000077,0.230459,0.769309
AGAACGTGGTACATTC-1,0.000048,0.000048,0.000048,0.425431,0.574426
AGAAGAGCGCCGTTCC-1,0.000053,0.000053,0.000053,0.789287,0.210554
AGAAGGTACACTTCAC-1,0.000007,0.000007,0.014291,0.974065,0.011631
AGAAGGTTGCCGAATT-1,0.00003,0.00003,0.048509,0.359901,0.591531
AGAAGGTTGTAGGTCG-1,0.000007,0.000007,0.021392,0.886627,0.091967
AGAAGTGATTCGTGAT-1,0.000024,0.000024,0.02728,0.803632,0.169039
AGAATAAATCTTCAGG-1,0.000027,0.000027,0.000027,0.785693,0.214226
AGAATGCGGGTTCGGA-1,0.000015,0.000015,0.003737,0.945615,0.050619
AGAATTATGGATTCGA-1,0.000005,0.000005,0.000005,0.838257,0.161728
AGAATTGTTTGACATA-1,0.00008,0.00008,0.00008,0.435371,0.564389
AGACAGCTCAGAATCC-1,0.000006,0.000006,0.000006,0.861543,0.13844
AGACAGGCATCTCAGC-1,0.000021,0.023559,0.643028,0.21295,0.120442
AGACATAGATCCTTCC-1,0.000111,0.000111,0.08292,0.089083,0.827774
AGACCAAACCACACCT-1,0.000006,0.000006,0.031585,0.968377,0.000025
AGACCATGGGATACAA-1,0.000021,0.000021,0.000021,0.299047,0.70089
AGACCCACCGCTGATC-1,0.000009,0.000009,0.000009,0.889904,0.110069
AGACCCGCCCTCCTCG-1,0.000021,0.000021,0.000021,0.180816,0.819122
AGACCGCTCCGCGGTT-1,0.000025,0.000025,0.085056,0.726021,0.188873
AGACCGGGAAACCCTG-1,0.000034,0.000034,0.000034,0.58703,0.412867
AGACGAAGTGCCGGTC-1,0.000018,0.000018,0.007694,0.623497,0.368773
AGACGACGATGCCGCT-1,0.000022,0.000022,0.132439,0.591037,0.276481
AGACGCCCACTTCGCC-1,0.000068,0.000068,0.409591,0.257058,0.333215
AGACGGGCCGATTTAA-1,0.000041,0.000041,0.002388,0.537289,0.460241
AGACTAGCCTTCCAGA-1,0.000016,0.000016,0.04419,0.637524,0.318254
AGAGAACCGTCTAGGA-1,0.000011,0.000011,0.00362,0.886797,0.10956
AGAGAAGGAGTACAAT-1,0.000012,0.000232,0.055301,0.922218,0.022238
AGAGATCTCTAAAGCG-1,0.000019,0.000019,0.00101,0.88242,0.116533
AGAGCAGTTATGAGAC-1,0.000023,0.000023,0.000023,0.603473,0.396457
AGAGCCGCCGAGATTT-1,0.000032,0.000032,0.097709,0.533658,0.368568
AGAGCGGGCTAATCAT-1,0.000035,0.000035,0.000035,0.377594,0.622301
AGAGCGTACAAGCTCG-1,0.000028,0.000028,0.058065,0.174709,0.767171
AGAGCTACGAAAGCAT-1,0.000046,0.000046,0.042777,0.071989,0.885143
AGAGGCTTCGGAAACC-1,0.000016,0.000016,0.029148,0.624029,0.346791
AGAGGGACAATTGTCC-1,0.000039,0.000039,0.047779,0.626166,0.325977
AGAGGTATCTCGGTCC-1,0.000031,0.000031,0.004521,0.94062,0.054797
AGAGTAAACTTCACTA-1,0.000016,0.000016,0.017103,0.646298,0.336567
AGAGTATAGTGTTACG-1,0.000015,0.000015,0.075157,0.752915,0.171897
AGAGTTAGAGACCGAT-1,0.000232,0.000232,0.000232,0.522295,0.477008
AGAGTTGCAGGCCTCC-1,0.000031,0.003551,0.013331,0.852614,0.130473
AGATAACTTCAGGGCC-1,0.000024,0.000024,0.067661,0.405356,0.526935
AGATACCAATAGAACC-1,0.000018,0.000018,0.216554,0.615698,0.167711
AGATACCAGCACTTCA-1,0.000026,0.000026,0.012383,0.6084,0.379164
AGATACCGGTGTTCAC-1,0.000039,0.000039,0.023856,0.239426,0.736639
AGATACGACTTCATAT-1,0.000061,0.000061,0.000061,0.749965,0.24985
AGATACTCAAGATCGA-1,0.000014,0.000014,0.00875,0.622143,0.369079
AGATATAATACGACTA-1,0.000008,0.000008,0.037671,0.86584,0.096472
AGATCGTGCATAAGAT-1,0.000111,0.000111,0.000111,0.325261,0.674406
AGATCTCAGGTGTGAT-1,0.000061,0.000061,0.000061,0.004667,0.995151
AGATGACTCGCCCACG-1,0.000033,0.000033,0.020057,0.781584,0.198293
AGATGAGGGTTGCGAT-1,0.000164,0.303654,0.000164,0.243739,0.452279
AGATGATGGAGTCTGG-1,0.000012,0.000012,0.018248,0.89394,0.087788
AGATGCAAGACGTGCA-1,0.000009,0.000009,0.020498,0.960894,0.01859
AGATGCATCCTGTGTC-1,0.00024,0.00024,0.00024,0.195467,0.803811
AGATGCTATAACGAGC-1,0.000167,0.000167,0.000167,0.001001,0.998498
AGATTATAGGACGTTT-1,0.000024,0.000024,0.191271,0.202302,0.60638
AGATTCACAACCGATA-1,0.000005,0.000005,0.018723,0.934338,0.046928
AGCAAAGGCCGCTAGT-1,0.000011,0.000011,0.000107,0.616931,0.38294
AGCAACATATCTTATT-1,0.000012,0.000012,0.00839,0.699288,0.292299
AGCAACCGAAAGTAAT-1,0.00001,0.00001,0.04405,0.920136,0.035794
AGCACCAGTACTCACG-1,0.000036,0.000036,0.000036,0.070026,0.929866
AGCACTACCGGCCTGT-1,0.000022,0.000022,0.000022,0.552507,0.447427
AGCACTACCTCACCAG-1,0.000051,0.000051,0.000051,0.54828,0.451566
AGCACTTAAGGACGCC-1,0.000017,0.000017,0.002443,0.54535,0.452173
AGCAGAAGGAGAAAGA-1,0.000006,0.000006,0.011841,0.890156,0.09799
AGCAGCCAGATGAATA-1,0.000046,0.000046,0.000046,0.004505,0.995358
AGCAGTCGAAGCATGC-1,0.000011,0.000011,0.005089,0.633189,0.361699
AGCATATCAATATGCT-1,0.000012,0.000012,0.007125,0.812013,0.180839
AGCATCATTTCGAAAG-1,0.000011,0.000011,0.085294,0.848844,0.06584
AGCATCGTCGATAATT-1,0.233903,0.001399,0.001399,0.008392,0.754908
AGCATTACGAGGCAAG-1,0.000023,0.026233,0.426106,0.504719,0.042918
AGCCAAGCTTTGTGTC-1,0.000026,0.000026,0.013287,0.777579,0.209082
AGCCACAGGTTACCCG-1,0.000012,0.000012,0.072212,0.70168,0.226083
AGCCACTCCCGTGCTT-1,0.000043,0.000043,0.000043,0.612707,0.387165
AGCCATATAGTATGTG-1,0.00003,0.00003,0.028892,0.087203,0.883844
AGCCCATACATGTAAG-1,0.000008,0.000008,0.011476,0.988474,0.000033
AGCCCGCAACAAGCAG-1,0.000111,0.009383,0.039396,0.363583,0.587528
AGCCCTAAGCGAAGTT-1,0.00003,0.00003,0.00003,0.10372,0.896189
AGCCCTGTCGCACCGT-1,0.000037,0.000037,0.223921,0.379024,0.396981
AGCCCTTCTAATCCGA-1,0.000055,0.000055,0.030014,0.961208,0.008669
AGCCCTTGGACATCCC-1,0.000017,0.00978,0.591204,0.289806,0.109193
AGCCGCAAATTCAAAT-1,0.000021,0.000021,0.004108,0.193079,0.802771
AGCCGCTTGATTAGCG-1,0.000014,0.000014,0.013424,0.206997,0.779551
AGCCGTGGCTAAATGT-1,0.000019,0.000019,0.064351,0.845411,0.0902
AGCCTAATACCCACGT-1,0.000017,0.000017,0.025086,0.701838,0.273042
AGCCTTAAAGCGGAAG-1,0.000348,0.000348,0.113668,0.002088,0.883548
AGCGACAGGAACGGTC-1,0.000012,0.000012,0.046459,0.886208,0.067308
AGCGACATCCCATTCA-1,0.000027,0.000027,0.000027,0.023909,0.976009
AGCGACCAACGATATT-1,0.000008,0.000008,0.002245,0.656711,0.341028
AGCGATGCGCCTAATA-1,0.00002,0.00002,0.24821,0.575083,0.176667
AGCGCATAATGAATCG-1,0.000015,0.000015,0.046246,0.13045,0.823275
AGCGCGGGTGCCAATG-1,0.000215,0.000215,0.000215,0.70944,0.289913
AGCGCTAGAGCGATGT-1,0.000195,0.000195,0.24264,0.007896,0.749075
AGCGCTTATGGGCAAG-1,0.000067,0.000067,0.00799,0.99161,0.000267
AGCGGACACTTCGTAG-1,0.000011,0.000011,0.010277,0.887814,0.101886
AGCGGCGGTTAGCGGT-1,0.000013,0.000013,0.060419,0.85837,0.081186
AGCGGGAAGGGTCCAT-1,0.000418,0.000418,0.000418,0.057436,0.941309
AGCGGGTCTGACACTC-1,0.000017,0.000017,0.006645,0.601937,0.391384
AGCGGTTGCCGCTCTG-1,0.000019,0.000019,0.018469,0.729432,0.252061
AGCGTACGAGAGCTAG-1,0.000045,0.000045,0.000045,0.000272,0.999593
AGCGTAGCGCTAGACC-1,0.000033,0.000033,0.000033,0.141282,0.85862
AGCGTCTGAACCCGCA-1,0.000011,0.000011,0.000011,0.917817,0.082151
AGCGTGGTATTCTACT-1,0.000076,0.000076,0.000076,0.500578,0.499195
AGCTAAGTACGCAGGC-1,0.000011,0.000011,0.05908,0.708875,0.232022
AGCTAGAAGCAGAAGT-1,0.000042,0.000042,0.000042,0.602375,0.397498
AGCTATTTAATCCAAC-1,0.000019,0.000019,0.000019,0.340874,0.65907
AGCTCCATATATGTTC-1,0.000032,0.000032,0.02431,0.515245,0.460381
AGCTCCTTCGCACATC-1,0.00001,0.00001,0.041888,0.863989,0.094104
AGCTCGTTGATGGAAA-1,0.000008,0.000008,0.043695,0.864766,0.091523
AGCTCTAGACGTTCCA-1,0.000022,0.000022,0.003015,0.768702,0.228239
AGCTCTTCCCAGTGCA-1,0.000153,0.000153,0.000153,0.1632,0.83634
AGCTCTTCGTAACCTT-1,0.000021,0.000021,0.004556,0.43667,0.558732
AGCTCTTTACTCAGTT-1,0.000031,0.000031,0.000031,0.52976,0.470147
AGCTGAAGTAAACCAA-1,0.000038,0.000038,0.000038,0.405557,0.594328
AGCTGTAACCTCAATC-1,0.000022,0.000022,0.220647,0.645706,0.133603
AGCTTATAGAGACCTG-1,0.000793,0.000793,0.000793,0.694262,0.303358
AGCTTCTTCTCGAGCA-1,0.000038,0.029581,0.250568,0.56803,0.151782
AGCTTGATCTTAACTT-1,0.000029,0.000029,0.000029,0.349101,0.650813
AGGAAAGCCTCTGATG-1,0.000024,0.000024,0.000024,0.23172,0.768209
AGGAACGAACGACTTC-1,0.000024,0.250045,0.361665,0.296501,0.091765
AGGAAGCTGTCCGCCG-1,0.000027,0.000027,0.000027,0.48947,0.510449
AGGACAGTCGAATCCC-1,0.000007,0.000007,0.01932,0.915824,0.064843
AGGACATCGCACGTCG-1,0.000066,0.000066,0.000066,0.025245,0.974557
AGGACGACCCATTAGA-1,0.000025,0.000025,0.04132,0.510561,0.44807
AGGACGCTCGATGTTG-1,0.000172,0.000172,0.000172,0.021179,0.978305
AGGACTTATAGGAGAA-1,0.00002,0.00002,0.00002,0.268941,0.730999
AGGAGACATCCACAGT-1,0.000012,0.000012,0.080518,0.780018,0.139439
AGGAGGCCTTCGCGCG-1,0.000013,0.000013,0.029439,0.620891,0.349642
AGGATAAAGTCGGGAT-1,0.000018,0.000018,0.000018,0.015753,0.984193
AGGATATAGGGATTTA-1,0.000009,0.000009,0.006076,0.925093,0.068814
AGGATCACGCGATCTG-1,0.000039,0.000039,0.137274,0.369599,0.493048
AGGATTGCTTACGACA-1,0.000019,0.000019,0.087589,0.765038,0.147335
AGGCAAAGAGGAATCA-1,0.000065,0.000065,0.009346,0.902736,0.087789
AGGCAATACGGAGGAC-1,0.00004,0.00004,0.00004,0.000242,0.999637
AGGCACGTGACTGTCC-1,0.000011,0.000011,0.784332,0.099957,0.11569
AGGCAGATGCGTAAAC-1,0.000013,0.000013,0.000013,0.95212,0.04784
AGGCATTGTCGTAGGG-1,0.000021,0.000021,0.004327,0.521532,0.4741
AGGCCACCCGTTATGA-1,0.000016,0.000016,0.04067,0.841269,0.118028
AGGCCCAGTGACTGGT-1,0.000035,0.000035,0.000035,0.213308,0.786586
AGGCCCATTGTACAGG-1,0.000097,0.000097,0.000097,0.010485,0.989225
AGGCCCTAGAACGCCA-1,0.000029,0.000029,0.015953,0.352645,0.631343
