Barcode,Topic 1,Topic 2,Topic 3to10
AAACAAGTATCTCCCA-1,0.000049,0.025852,0.974099
AAACACCAATAACTGC-1,0.012599,0.123977,0.863424
AAACAGAGCGACTCCT-1,0.000062,0.000062,0.999876
AAACAGCTTTCAGAAG-1,0.000029,0.002911,0.99706
AAACAGGGTCTATATT-1,0.000089,0.03696,0.96295
AAACATGGTGAGAGGA-1,0.055987,0.026744,0.917269
AAACATTTCCCGGATT-1,0.018518,0.045883,0.935599
AAACCCGAACGAAATC-1,0.000043,0.014966,0.984991
AAACCGGAAATGTTAA-1,0.000026,0.282497,0.717478
AAACCGGGTAGGTACC-1,0.00003,0.010782,0.989189
AAACCGTTCGTCCAGG-1,0.000045,0.074175,0.925779
AAACCTAAGCAGCCGG-1,0.003821,0.012132,0.984048
AAACCTCATGAAGTTG-1,0.000035,0.012434,0.987531
AAACGAAGATGGAGTA-1,0.000039,0.030517,0.969444
AAACGAGACGGTTGAT-1,0.000019,0.000019,0.999962
AAACGGGCGTACGGGT-1,0.000042,0.026058,0.973901
AAACGGTTGCGAACTG-1,0.020001,0.819968,0.160032
AAACGTGTTCGCCCTA-1,0.000033,0.000033,0.999934
AAACTAACGTGGCGAC-1,0.000035,0.039178,0.960786
AAACTCGTGATATAAG-1,0.000258,0.243344,0.756398
AAACTGCTGGCTCCAA-1,0.000339,0.000339,0.999322
AAACTTAATTGCACGC-1,0.000048,0.000048,0.999904
AAACTTGCAAACGTAT-1,0.10551,0.000107,0.894383
AAAGAATGACCTTAGA-1,0.000118,0.000544,0.999338
AAAGACCCAAGTCGCG-1,0.000216,0.000216,0.999568
AAAGACTGGGCGCTTT-1,0.00001,0.015358,0.984633
AAAGCTTGCCTACATA-1,0.000018,0.006859,0.993123
AAAGGCCCTATAATAC-1,0.07252,0.017106,0.910374
AAAGGCTACGGACCAT-1,0.000294,0.41148,0.588225
AAAGGGATGTAGCAAG-1,0.000113,0.044369,0.955518
AAAGGGCAGCTTGAAT-1,0.000019,0.011148,0.988833
AAAGGTAAGCTGTACC-1,0.014583,0.048181,0.937235
AAAGTAGCATTGCTCA-1,0.000029,0.014207,0.985763
AAAGTCACTGATGTAA-1,0.000345,0.110244,0.889411
AAAGTCGACCCTCAGT-1,0.000055,0.014383,0.985562
AAAGTGCCATCAATTA-1,0.000035,0.065743,0.934222
AAAGTGTGATTTATCT-1,0.000081,0.000081,0.999837
AAAGTTGACTCCCGTA-1,0.000066,0.000066,0.999868
AAATAACCATACGGGA-1,0.000023,0.003422,0.996555
AAATAAGGTAGTGCCC-1,0.000023,0.005332,0.994645
AAATACCTATAAGCAT-1,0.00029,0.00029,0.99942
AAATAGCTTAGACTTT-1,0.000055,0.000055,0.999891
AAATAGGGTGCTATTG-1,0.000332,0.000332,0.999335
AAATCCGATACACGCC-1,0.013462,0.000109,0.986429
AAATCGCGGAAGGAGT-1,0.041988,0.037948,0.920063
AAATCTAGCCCTGCTA-1,0.00098,0.043097,0.955924
AAATGATTCGATCAGC-1,0.000048,0.034309,0.965643
AAATGCTCGTTACGTT-1,0.000107,0.000107,0.999786
AAATGGCATGTCTTGT-1,0.000266,0.000266,0.999468
AAATGGCCCGTGCCCT-1,0.000102,0.015205,0.984694
AAATGGTCAATGTGCC-1,0.000032,0.004884,0.995085
AAATGTATCTTATCCC-1,0.000083,0.000083,0.999835
AAATTAATAAGCGCGA-1,0.000009,0.006555,0.993436
AAATTACACGACTCTG-1,0.000046,0.000357,0.999597
AAATTACCTATCGATG-1,0.000008,0.014794,0.985198
AAATTCCAGGTCCAAA-1,0.000038,0.031928,0.968034
AAATTGATAGTCCTTT-1,0.000049,0.032646,0.967305
AAATTGCGGCGGTTCT-1,0.00006,0.00006,0.99988
AAATTGGTGAGAAGCA-1,0.000044,0.072165,0.927791
AAATTTGCGGGTGTGG-1,0.000046,0.013279,0.986675
AACAACTGGTAGTTGC-1,0.000019,0.007302,0.992679
AACAATACATTGTCGA-1,0.000041,0.077365,0.922594
AACAATTACTCTACGC-1,0.050294,0.040256,0.90945
AACACACGCTCGCCGC-1,0.000093,0.000093,0.999815
AACACGACTGTACTGA-1,0.000538,0.000538,0.998924
AACACGAGACGCGGCC-1,0.000068,0.019899,0.980034
AACACGCGGCCGCGAA-1,0.000031,0.000031,0.999939
AACAGCTGTGTGGCAA-1,0.000041,0.024705,0.975254
AACAGGAAATCGAATA-1,0.000197,0.000197,0.999607
AACAGGATGGGCCGCG-1,0.000033,0.01323,0.986737
AACAGGTAGTATGGAT-1,0.000046,0.009875,0.990079
AACATATCAACTGGTG-1,0.000017,0.013818,0.986165
AACATCGATACGTCTA-1,0.000034,0.014287,0.985679
AACATTGAAGTTGATC-1,0.286618,0.294649,0.418733
AACATTGGTCAGCCGT-1,0.000141,0.047118,0.952741
AACATTGTGACTCGAG-1,0.00004,0.450285,0.549676
AACCAAGACTTCTCTG-1,0.089986,0.002077,0.907938
AACCATAGGGTTGAAC-1,0.000029,0.011034,0.988937
AACCATGGGATCGCTA-1,0.00006,0.00006,0.99988
AACCCAGAGACGGAGA-1,0.00004,0.006455,0.993505
AACCCATCCCATGATC-1,0.000116,0.000116,0.999769
AACCCGAGCAGAATCG-1,0.00005,0.068645,0.931305
AACCCTACTGTCAATA-1,0.000064,0.056631,0.943305
AACCCTGGTGGAACCA-1,0.000209,0.000209,0.999581
AACCGAGCTTGGTCAT-1,0.000086,0.000086,0.999828
AACCGCTAAGGGATGC-1,0.015563,0.023011,0.961426
AACCGTTGTGTTTGCT-1,0.000488,0.140738,0.858774
AACCTCGCTTTAGCCC-1,0.000068,0.049815,0.950117
AACCTGTCACGGAATT-1,0.000037,0.034155,0.965809
AACCTTTAAATACGGT-1,0.000562,0.000562,0.998876
AACCTTTACGACGTCT-1,0.000046,0.011646,0.988307
AACGAAAGTCGTCCCA-1,0.000045,0.000045,0.99991
AACGATAATGCCGTAG-1,0.000151,0.007451,0.992397
AACGATAGAAGGGCCG-1,0.034892,0.000229,0.964878
AACGATATGTCAACTG-1,0.000073,0.000073,0.999853
AACGCATGATCTGGGT-1,0.000036,0.011628,0.988336
AACGCGAACGGCAACA-1,0.000169,0.000169,0.999662
AACGCGGTCTCCAGCC-1,0.000085,0.000085,0.999831
AACGCTGTTGCTGAAA-1,0.00011,0.000415,0.999475
AACGGACGTACGTATA-1,0.000038,0.000038,0.999924
AACGGCCATCTCCGGT-1,0.000016,0.013274,0.98671
AACGTACTGTGGGTAC-1,0.000035,0.089363,0.910602
AACGTCAGACTAGTGG-1,0.00008,0.00008,0.999841
AACGTGATGAAGGACA-1,0.000089,0.000089,0.999821
AACGTGCGAAAGTCTC-1,0.000035,0.000035,0.999931
AACGTTATCAGCACCT-1,0.000022,0.000322,0.999655
AACTACCCGTTTGTCA-1,0.000039,0.067033,0.932928
AACTCAAGTTAATTGC-1,0.000041,0.123177,0.876782
AACTCCAGAGCGTGTT-1,0.069388,0.022994,0.907618
AACTCCTAATCCCATG-1,0.000058,0.005583,0.994359
AACTCGATAAACACGT-1,0.00011,0.00011,0.999781
AACTCGATGGCGCAGT-1,0.000029,0.005015,0.994956
AACTCTCAATAGAGCG-1,0.000039,0.032103,0.967858
AACTCTCAGTGTGCTC-1,0.000058,0.026735,0.973207
AACTGAGGTCAGCGTC-1,0.000032,0.017477,0.982491
AACTGAGTTATACTGA-1,0.000024,0.315886,0.68409
AACTGATATTAGGCCT-1,0.000082,0.034056,0.965861
AACTGGGTCCCGACGT-1,0.000064,0.000064,0.999872
AACTGGTGTGGGCCTT-1,0.000397,0.000397,0.999206
AACTTCTGCGTCTATC-1,0.000083,0.000083,0.999834
AACTTGCCCGTATGCA-1,0.000034,0.003387,0.996579
AACTTGCGTTCTCGCG-1,0.000028,0.000028,0.999943
AACTTTACGGGAGCTT-1,0.000014,0.007195,0.992791
AACTTTCTCGATCATG-1,0.000034,0.007402,0.992564
AAGAAATCACCAGATT-1,0.000045,0.003183,0.996771
AAGAAGGATCAGTTAG-1,0.00005,0.025721,0.974229
AAGACATACGTGGTTT-1,0.432083,0.144831,0.423086
AAGACCAAATAACTCA-1,0.007001,0.008381,0.984618
AAGACCCAACTGAACA-1,0.000165,0.61439,0.385445
AAGACTGCAAGCTACT-1,0.000158,0.017891,0.981951
AAGAGATGAATCGGTA-1,0.000013,0.020986,0.979001
AAGAGCTCTTTATCGG-1,0.000032,0.000032,0.999936
AAGAGGATGTACGCGA-1,0.000043,0.002357,0.9976
AAGAGGCATGGATCGC-1,0.012999,0.025124,0.961877
AAGAGGCCCTTTGGAA-1,0.000052,0.008837,0.991111
AAGATGGCACCGGACC-1,0.000042,0.019352,0.980606
AAGATTGGCGGAACGT-1,0.000011,0.000759,0.99923
AAGCATACTCTCCTGA-1,0.000606,0.000606,0.998788
AAGCCGAAGCGGTTTA-1,0.000059,0.027841,0.9721
AAGCCGCCGTGAAATC-1,0.000028,0.002592,0.99738
AAGCCGCTTTACCTTG-1,0.000032,0.019614,0.980354
AAGCCGGAGAGCAGGA-1,0.000027,0.265615,0.734358
AAGCGGAGTGCGCGCA-1,0.000273,0.212828,0.786899
AAGCGGCGTCATGGGT-1,0.000326,0.000326,0.999348
AAGCGTCCCTCATCGA-1,0.000034,0.026564,0.973402
AAGCTAGATCGAGTAA-1,0.000633,0.000633,0.998734
AAGCTCGTGCCAAGTC-1,0.000031,0.000031,0.999939
AAGCTCTTTCATGGTG-1,0.000089,0.000089,0.999823
AAGGAGCGGTTGGTGC-1,0.000076,0.000076,0.999848
AAGGATCGATCGCTTG-1,0.000072,0.051173,0.948756
AAGGATGAGGGACCTC-1,0.000014,0.007207,0.992779
AAGGCAGGCTGTCTCC-1,0.000038,0.022685,0.977277
AAGGCGCGTAAAGCTT-1,0.000041,0.000041,0.999918
AAGGCTGTGCTCATCG-1,0.000025,0.058045,0.94193
AAGGGAACGACTGGCT-1,0.00081,0.011617,0.987574
AAGGGACAGATTCTGT-1,0.000011,0.038293,0.961696
AAGGGACTATGCATTC-1,0.000035,0.035574,0.964392
AAGGGTTTGATTTCAG-1,0.00006,0.021235,0.978705
AAGGTATCCTAATATA-1,0.000013,0.015529,0.984458
AAGGTGATAAACCAGC-1,0.000063,0.029521,0.970416
AAGTAGAAGACCGGGT-1,0.000153,0.000153,0.999693
AAGTAGTGACGCGAGG-1,0.000047,0.022176,0.977778
AAGTCAATTGTCGTCA-1,0.000071,0.051855,0.948074
AAGTCTAGTAGCTGCC-1,0.000053,0.015169,0.984779
AAGTCTTCTGTGGCCT-1,0.000041,0.000041,0.999917
AAGTGACGACCGAATT-1,0.000039,0.00775,0.992211
AAGTGAGTCGGGTTTA-1,0.000057,0.417504,0.582439
AAGTGCAAAGGTAGAC-1,0.00001,0.004073,0.995917
AAGTGCCTTGACTGTA-1,0.000124,0.000124,0.999752
AAGTGCGTTAGAATCT-1,0.000106,0.070787,0.929107
AAGTGTTTGGAGACGG-1,0.00018,0.00018,0.99964
AAGTTCACTCCAAGCT-1,0.029743,0.000039,0.970218
AAGTTCAGTCTGCGTA-1,0.000029,0.033313,0.966658
AAGTTCGGCCAACAGG-1,0.004798,0.0031,0.992102
AAGTTGTGATGTTATA-1,0.000058,0.063462,0.936481
AATAACAACGCTCGGC-1,0.014269,0.008159,0.977572
AATAACACTAGAACAA-1,0.000026,0.057235,0.942738
AATAATCTTCGTATCG-1,0.000024,0.093454,0.906522
AATACAATGTTTCAGG-1,0.000022,0.000022,0.999957
AATAGAACAGAGTGGC-1,0.000033,0.14245,0.857517
AATAGAATCTGTTTCA-1,0.042001,0.000051,0.957948
AATAGCAAGCCTCCTG-1,0.000078,0.000078,0.999843
AATAGCTACCGCGTGC-1,0.031057,0.018645,0.950299
AATAGTCGCGAGTCGG-1,0.000008,0.000008,0.999984
AATATCAAGGTCGGAT-1,0.00007,0.026096,0.973835
AATATCCTAGCAAACT-1,0.04526,0.003995,0.950744
AATATCGAATCAATGC-1,0.000058,0.062526,0.937416
AATATCGAGGGTTCTC-1,0.00002,0.000721,0.999259
AATATTGGAGTATTGA-1,0.000058,0.087685,0.912257
AATCAGACTGCAGGAC-1,0.000275,0.000275,0.99945
AATCATGTAAAGACTC-1,0.000106,0.000106,0.999788
AATCCAAGGGCCTGAG-1,0.000195,0.000195,0.999609
AATCCATGCAAGGGTG-1,0.000203,0.013116,0.98668
AATCGCCTCAGCGCCA-1,0.023727,0.000076,0.976197
AATCGCGCAGAGGACT-1,0.000036,0.03948,0.960484
AATCGGTATAGCCCTC-1,0.005774,0.112545,0.881681
AATCGTGAGCCGAGCA-1,0.000077,0.063654,0.936268
AATCTAGGTTTACTTG-1,0.000057,0.063258,0.936685
AATCTATGCCGGAGCC-1,0.024519,0.049055,0.926426
AATCTCTACTGTGGTT-1,0.000032,0.000032,0.999936
AATCTGCGTTGGGACG-1,0.000023,0.001072,0.998905
AATCTGGCTTTCTAGT-1,0.00012,0.00012,0.99976
AATGACAGCAATGTCT-1,0.000067,0.021743,0.978189
AATGACGTAGGATGTC-1,0.040303,0.036557,0.92314
AATGACTGTCAGCCGG-1,0.000071,0.000071,0.999857
AATGAGTTCGCATATG-1,0.000087,0.024739,0.975173
AATGATGATACGCTAT-1,0.001736,0.031099,0.967165
AATGATGCGACTCCTG-1,0.000036,0.019114,0.98085
AATGCACCAAGCAATG-1,0.000026,0.039609,0.960364
AATGGTCCACCGTTCA-1,0.000024,0.021347,0.978629
AATGGTTCTCACAAGC-1,0.000361,0.000361,0.999278
AATGTATGGCACTGTA-1,0.000071,0.007157,0.992772
AATGTGCCCGAGGTGT-1,0.00006,0.035973,0.963967
AATGTGCTAATCTGAG-1,0.182865,0.227969,0.589166
AATGTTGTCGTGAGAC-1,0.004824,0.047906,0.94727
AATTAAAGGTCGGCGT-1,0.000089,0.093736,0.906174
AATTAACGGATTTCCA-1,0.002084,0.002084,0.995832
AATTACGAGACCCATC-1,0.00004,0.00004,0.99992
AATTACTCGTACGCTC-1,0.00009,0.00009,0.999819
AATTAGCGCTGCAGCG-1,0.00021,0.200392,0.799398
AATTCATAAGGGATCT-1,0.000012,0.017069,0.982919
AATTCATTGTCATGCA-1,0.00005,0.022717,0.977233
AATTCCAACTTGGTGA-1,0.000174,0.000174,0.999653
AATTCCAAGCATGTAC-1,0.012503,0.012503,0.974994
AATTCGATTCGAGGAT-1,0.000238,0.01619,0.983572
AATTCTAGAGTTAGGC-1,0.00026,0.079526,0.920214
AATTGAACGCTCTGGT-1,0.000072,0.000072,0.999856
AATTGCAGCAATCGAC-1,0.000042,0.054997,0.944961
AATTGCGTGGATTACA-1,0.382007,0.276373,0.341619
AATTGTGGTTGCCAAA-1,0.000024,0.103076,0.8969
AATTTGGGACATAGTA-1,0.000069,0.051751,0.948181
AATTTGGTTCCAAAGA-1,0.000109,0.062686,0.937205
ACAAACCATGCGTCCT-1,0.000052,0.002784,0.997164
ACAAAGAAGGTAGGCC-1,0.000034,0.000034,0.999932
ACAAAGCATGACCTAG-1,0.000038,0.055636,0.944326
ACAAATCGCACCGAAT-1,0.000261,0.000261,0.999478
ACAAATGGTAGTGTTT-1,0.000043,0.000043,0.999913
ACAAATTCAGATCTGA-1,0.00003,0.00003,0.99994
ACAACAGCATGAGCTA-1,0.000042,0.000042,0.999916
ACAACGGTCCCTGCGA-1,0.000009,0.000009,0.999983
ACAAGCAGTGCCTAGC-1,0.000029,0.026963,0.973007
ACAAGCTATATGGAAG-1,0.000024,0.048276,0.9517
ACAAGGAAATCCGCCC-1,0.000172,0.000172,0.999657
ACAAGGACAAGAGGTT-1,0.000018,0.035987,0.963996
ACAAGGATGCTTTAGG-1,0.000294,0.000294,0.999412
ACAAGGGCAGGCTCTG-1,0.000542,0.05762,0.941838
ACAATAGTCGTACGTT-1,0.000039,0.010245,0.989716
ACAATCCATTTAAACC-1,0.000037,0.051273,0.94869
ACAATGAATACGGAGA-1,0.000035,0.022499,0.977465
ACAATGATTCTTCTAC-1,0.000034,0.000034,0.999931
ACAATTGTGTCTCTTT-1,0.000088,0.060143,0.939769
ACAATTTAGGAGGCTC-1,0.000031,0.000031,0.999937
ACAATTTGAGCAGTGG-1,0.000028,0.000028,0.999944
ACAATTTGGCCATATT-1,0.000029,0.108612,0.89136
ACACAAATATTCCTAG-1,0.00004,0.109412,0.890548
ACACACCAGGACCAGT-1,0.000055,0.000055,0.999891
ACACACTTTCTACACG-1,0.000614,0.000614,0.998773
ACACATGATCAAATCT-1,0.000044,0.064682,0.935274
ACACATTGACGCAACA-1,0.000078,0.000078,0.999844
ACACCACATAATTAGC-1,0.000023,0.037997,0.96198
ACACCCAGCATGCAGC-1,0.000042,0.005784,0.994175
ACACCCGAGAAATCCG-1,0.005637,0.066319,0.928045
ACACCGAGCGCTCTTT-1,0.000067,0.000067,0.999867
ACACCGGTCTGACCGC-1,0.000075,0.000075,0.999851
ACACCTTAAGTAGGGC-1,0.00009,0.063404,0.936506
ACACCTTACTACTTGC-1,0.000072,0.000072,0.999857
ACACGAGACTCCTTCT-1,0.03748,0.000054,0.962466
ACACGGGAACTTAGGG-1,0.000105,0.000105,0.999789
ACACGTAGGCCACAAG-1,0.000046,0.084832,0.915122
ACACTCCAATGTCACT-1,0.00004,0.000446,0.999514
ACACTGATCAAGGTGT-1,0.000008,0.983158,0.016833
ACACTGGGACAGTCGT-1,0.000039,0.017601,0.98236
ACAGAACTGAGAACAA-1,0.000045,0.005548,0.994408
ACAGCGACATTCTCAT-1,0.04418,0.000155,0.955665
ACAGCGCACCCGCAGC-1,0.000188,0.029618,0.970193
ACAGGAGGCGCAGCCG-1,0.000313,0.000313,0.999375
ACAGGCTTGCCCGACT-1,0.060768,0.000045,0.939186
ACAGGTGGAGGTGAGG-1,0.000033,0.055775,0.944192
ACAGGTGTGTTGTTGC-1,0.000032,0.025119,0.974849
ACAGTAATACAACTTG-1,0.000065,0.006127,0.993807
ACAGTATACCGTGGGA-1,0.00003,0.029734,0.970237
ACATAAGTCGTGGTGA-1,0.000046,0.04783,0.952123
ACATAATAAGGCGGTG-1,0.000121,0.000121,0.999758
ACATCAGCTGGGACGC-1,0.000055,0.009752,0.990193
ACATCCTGGTAACTGT-1,0.000122,0.000122,0.999756
ACATCGGTCAGCCGCG-1,0.000036,0.061951,0.938013
ACATCGTATGCAATGG-1,0.000064,0.000064,0.999872
ACATCGTTAACCTAGT-1,0.000106,0.000106,0.999788
ACATGGCGCCAAAGTA-1,0.000188,0.083763,0.916049
ACATGGCTCAATTTAG-1,0.000153,0.000153,0.999694
ACCAAACACCCAGCGA-1,0.000033,0.034259,0.965708
ACCAACACCACACACT-1,0.000026,0.03927,0.960704
ACCAACCGCACTCCAC-1,0.000089,0.112307,0.887603
ACCAACGCTTATTTAT-1,0.000011,0.941682,0.058307
ACCAAGAACGCGTGTC-1,0.000399,0.000399,0.999203
ACCAAGTCATCGGCAG-1,0.000059,0.05439,0.945551
ACCAATATGCAAGTTA-1,0.000056,0.000056,0.999889
ACCACAAGTTTCTATC-1,0.00006,0.037655,0.962285
ACCACCAATGTAACAA-1,0.000016,0.018356,0.981628
ACCACCCTCTCTTCTA-1,0.000057,0.067214,0.932729
ACCACGTGCAGCTATA-1,0.008752,0.00003,0.991218
ACCACTGTTCAAGAAG-1,0.000036,0.052489,0.947475
ACCAGACCATAACAAC-1,0.000061,0.000061,0.999878
ACCAGTGCCCGGTCAA-1,0.000035,0.000046,0.999919
ACCAGTGCGGGAGACG-1,0.000148,0.000148,0.999705
ACCATCCGCCAACTAG-1,0.054467,0.000099,0.945434
ACCATCGTATATGGTA-1,0.000051,0.042812,0.957136
ACCATTAAGGGTGTCA-1,0.000076,0.024976,0.974948
ACCCAACGCCCGTGGC-1,0.000012,0.005296,0.994692
ACCCACCTACATGCTC-1,0.000017,0.018825,0.981158
ACCCATCTTGAGGGTA-1,0.000044,0.039096,0.96086
ACCCATTTGTCCCTCT-1,0.000116,0.099952,0.899932
ACCCGAGCGAAATTAC-1,0.000051,0.004038,0.99591
ACCCGGAAACTCCCAG-1,0.127191,0.002223,0.870586
ACCCGGAGCACCACAA-1,0.000021,0.254652,0.745327
ACCCGGATGACGCATC-1,0.000032,0.059614,0.940353
ACCCGGTTACACTTCC-1,0.000453,0.578025,0.421522
ACCCGTAGTCTAGTTG-1,0.000021,0.118938,0.881041
ACCCGTGTCATCAGTA-1,0.000097,0.579997,0.419906
ACCCTATAGGACTGAG-1,0.000021,0.000021,0.999958
ACCCTATGCCATATCG-1,0.000049,0.05774,0.942211
ACCCTCCCTTGCTATT-1,0.05282,0.000086,0.947094
ACCCTGGTAACGCCCT-1,0.000022,0.272556,0.727422
ACCCTTCATCTGCGAA-1,0.000152,0.000152,0.999696
ACCCTTGCCTGGGTCG-1,0.000067,0.00345,0.996482
ACCGAAGAGTCTGGTT-1,0.000092,0.000092,0.999817
ACCGACACATCTCCCA-1,0.000606,0.044573,0.95482
ACCGACTGAGTCCCAC-1,0.002277,0.000056,0.997668
ACCGATAGGCATAACC-1,0.000021,0.153363,0.846617
ACCGATATTTAATCAT-1,0.000028,0.126315,0.873657
ACCGATGGTAGCATCG-1,0.000045,0.014497,0.985458
ACCGCAATAACTGCCT-1,0.000055,0.03296,0.966986
ACCGCGGTGGAAGTCG-1,0.000049,0.034669,0.965282
ACCGGGCCTTTGTTGA-1,0.00005,0.044913,0.955037
ACCGGTCAGGTACACC-1,0.000104,0.000104,0.999791
ACCGTCCACTGGGCCC-1,0.02851,0.000023,0.971467
ACCGTGACCACGTGGG-1,0.000056,0.087755,0.91219
ACCTAAGTACCTTTCA-1,0.000054,0.061942,0.938004
ACCTAATCGACTTCCT-1,0.000027,0.047974,0.952
ACCTACAGTATGTGGT-1,0.000048,0.019232,0.98072
ACCTACTATAAATCTA-1,0.000044,0.159247,0.840709
ACCTCCGCCCTCGCTG-1,0.0002,0.062048,0.937752
ACCTCCGTTATTCACC-1,0.006539,0.030688,0.962772
ACCTCGAACTTATGCT-1,0.000053,0.000053,0.999894
ACCTGCGTGTCATGTT-1,0.000048,0.039843,0.960109
ACGAAATGGGCGGCAC-1,0.000028,0.015087,0.984885
ACGACCCATGAGTTGC-1,0.000028,0.336356,0.663616
ACGACTGGTCATACTC-1,0.000023,0.073626,0.926351
ACGAGAACCCATCACG-1,0.000027,0.000027,0.999946
ACGAGATATTTGCTTA-1,0.000353,0.000353,0.999293
ACGAGGATACCACTCT-1,0.000088,0.000088,0.999825
ACGAGGTTTACAACGT-1,0.000094,0.121087,0.878819
ACGAGTACGGATGCCC-1,0.000029,0.017284,0.982688
ACGAGTCGCCGGCGTT-1,0.0204,0.000064,0.979536
ACGATACATAGAACTA-1,0.000042,0.000044,0.999913
ACGATACCTATCCTGA-1,0.000016,0.041966,0.958018
ACGATCATACATAGAG-1,0.000221,0.000221,0.999558
ACGATCATCTTGTAAA-1,0.000067,0.010767,0.989166
ACGATGCATATGTTAT-1,0.000035,0.190132,0.809833
ACGATGGATCCGATGC-1,0.000077,0.000077,0.999846
ACGCAAACTAATAGAT-1,0.000008,0.872507,0.127485
ACGCAATCACTACAGC-1,0.014603,0.075627,0.90977
ACGCATACGTTTACTA-1,0.000095,0.000095,0.99981
ACGCCAGATGATTTCT-1,0.000126,0.000126,0.999748
ACGCCGCTAGACGACC-1,0.000079,0.000079,0.999842
ACGCCTGACACGCGCT-1,0.028287,0.023576,0.948137
ACGCGCTACACAGGGT-1,0.000032,0.053436,0.946532
ACGCGTTTCTTAAGAG-1,0.000008,0.013836,0.986157
ACGCTAGTGATACACT-1,0.000033,0.000033,0.999933
ACGCTGTGAGGCGTAG-1,0.000102,0.097903,0.901995
ACGGAATTTAGCAAAT-1,0.000026,0.070319,0.929655
ACGGAGCGCAAATTAC-1,0.000035,0.024628,0.975338
ACGGATGGTGCGGATA-1,0.000298,0.000298,0.999405
ACGGCGACGATGGGAA-1,0.02074,0.064022,0.915237
ACGGCGGGTTGCCCTG-1,0.00004,0.00004,0.999921
ACGGCTGGATGTAGAA-1,0.000027,0.02768,0.972293
ACGGGAGTGTCGGCCC-1,0.023785,0.007341,0.968874
ACGGGCGTATGCGACA-1,0.000025,0.122773,0.877202
ACGGGTCATGTGACTT-1,0.00005,0.000834,0.999115
ACGTACAGATTTCTCT-1,0.000292,0.000292,0.999417
ACGTAGATTGCTGATG-1,0.000255,0.000255,0.999491
ACGTATTACTCCGATC-1,0.000054,0.000054,0.999893
ACGTCGGGCAACTCGG-1,0.000217,0.097485,0.902298
ACGTCTCGTTCCGGGA-1,0.000036,0.087242,0.912722
ACGTGACAAAGTAAGT-1,0.032283,0.074221,0.893496
ACGTGCGCCTCGTGCA-1,0.003031,0.003031,0.993938
ACGTTAATGTCGAAGA-1,0.000101,0.000101,0.999799
ACGTTAGATTTGCCCG-1,0.000044,0.15166,0.848296
ACGTTATTGGTCACTC-1,0.00895,0.010497,0.980553
ACGTTCGCAATCAATT-1,0.000028,0.040784,0.959189
ACGTTCGTTCAGGAAA-1,0.000054,0.083559,0.916387
ACGTTTAGTTGTGATC-1,0.000197,0.000197,0.999605
ACTAAGGACGCACACC-1,0.000328,0.138863,0.860809
ACTAATACGTCAGGCG-1,0.000074,0.000074,0.999852
ACTACATCCCGACAAG-1,0.000069,0.005115,0.994816
ACTACCAGCTCTCTGG-1,0.000073,0.0164,0.983527
ACTAGTTGCGATCGTC-1,0.000069,0.000069,0.999862
ACTATATGCTGTGTTC-1,0.000058,0.036072,0.96387
ACTATCCAGGGCATGG-1,0.000058,0.059618,0.940324
ACTATCGCCGGCTAAA-1,0.000578,0.000578,0.998844
ACTATCTGCCCGCGTA-1,0.000034,0.049053,0.950912
ACTATGTCCAGCTGCC-1,0.000048,0.007432,0.99252
ACTATTCGTCCGTGGT-1,0.000199,0.000199,0.999601
ACTATTTCCGGGCCCA-1,0.000056,0.042545,0.957399
ACTCAACGAATGTATT-1,0.000032,0.000032,0.999935
ACTCAAGTGCAAGGCT-1,0.000061,0.067644,0.932296
ACTCAATAAAGGCACG-1,0.000054,0.035545,0.964401
ACTCAGACCTGCTTCT-1,0.000051,0.000051,0.999898
ACTCATGGCAGCCTTC-1,0.238444,0.191649,0.569907
ACTCCAATATCATCAT-1,0.000065,0.075616,0.924319
ACTCCCATTCCTAAAG-1,0.000181,0.000181,0.999639
ACTCCCGAATTCGTTT-1,0.000055,0.005794,0.99415
ACTCCCGTAGACTAGG-1,0.000048,0.021474,0.978478
ACTCCCTAATGCTAAA-1,0.000424,0.000424,0.999152
ACTCCCTAGAATAGTA-1,0.000316,0.125589,0.874095
ACTCGATGTATTTCAT-1,0.000025,0.008176,0.9918
ACTCGCCGTTCGATAA-1,0.000055,0.152301,0.847644
ACTCGCGATCTGACGC-1,0.000033,0.065187,0.93478
ACTCGTAACCCGTCCT-1,0.000083,0.000083,0.999833
ACTCGTCAGTAATCCC-1,0.00829,0.000039,0.991671
ACTCTAAACCTGGGAT-1,0.00003,0.015592,0.984378
ACTCTCTGACTTAGGT-1,0.00419,0.020413,0.975396
ACTCTCTTATACACGA-1,0.000337,0.081627,0.918036
ACTCTTCAGCTCCCGC-1,0.000061,0.005933,0.994006
ACTCTTGTATAGTAAC-1,0.000061,0.033828,0.966111
ACTGAAACGCCGTTAG-1,0.000207,0.074645,0.925149
ACTGAATGGCGAAAGT-1,0.00007,0.00007,0.999859
ACTGCCGTCGTAACTC-1,0.000092,0.000092,0.999815
ACTGCGGACACACCGT-1,0.000036,0.030096,0.969868
ACTGCTCGGAAGGATG-1,0.009133,0.041397,0.949469
ACTGGCGAACCTGCGT-1,0.000284,0.000284,0.999432
ACTGTACGATACACAT-1,0.000035,0.013632,0.986333
ACTGTAGCACTTTGGA-1,0.00003,0.010111,0.989859
ACTGTATACGCGAGCA-1,0.000039,0.000039,0.999922
ACTGTCTTCTTTAGAA-1,0.000138,0.000138,0.999725
ACTGTGCTAGTAGATC-1,0.000124,0.000124,0.999752
ACTTACCGGGCGCGCA-1,0.000035,0.01054,0.989425
ACTTACGCATCCACGC-1,0.000267,0.000267,0.999467
ACTTAGTACGACAAGA-1,0.020686,0.013341,0.965973
ACTTATACTTACCCGG-1,0.00006,0.047607,0.952333
ACTTATTAGGATCGGT-1,0.000056,0.03974,0.960204
ACTTATTTATGTGCCA-1,0.033651,0.000043,0.966306
ACTTCAGGCTGATCCC-1,0.01704,0.018523,0.964437
ACTTCCAGTGGAAGCT-1,0.000056,0.056404,0.94354
ACTTCCATGCGGGACA-1,0.000045,0.017072,0.982883
ACTTCGCCATACGCAC-1,0.000027,0.025052,0.974921
ACTTCGCTAGCGAGTG-1,0.000158,0.000158,0.999684
ACTTGACTCCCTCTTT-1,0.000097,0.000097,0.999807
ACTTGGGACCCGGTGG-1,0.048929,0.000085,0.950986
ACTTGTAGTCCCTTCA-1,0.000095,0.000095,0.999811
ACTTGTGGATGGAACG-1,0.000316,0.000316,0.999369
ACTTTACCCTCATGAA-1,0.00004,0.014798,0.985162
ACTTTCCTATAGCTTC-1,0.001299,0.001299,0.997402
ACTTTGACTGCATCCT-1,0.000071,0.000071,0.999858
ACTTTGGTCGTGCTCC-1,0.000053,0.000053,0.999893
ACTTTGTCGACGCACT-1,0.000036,0.163581,0.836383
AGAAATTATGACTCGC-1,0.000029,0.043973,0.955998
AGAACCCAGCGTGACA-1,0.000027,0.141312,0.858661
AGAACCCTCAATTGGG-1,0.000049,0.000049,0.999902
AGAACGTGGTACATTC-1,0.000061,0.000061,0.999877
AGAAGAGCGCCGTTCC-1,0.000422,0.000422,0.999156
AGAAGGTACACTTCAC-1,0.000081,0.000081,0.999838
AGAAGGTTGCCGAATT-1,0.000026,0.359481,0.640492
AGAAGGTTGTAGGTCG-1,0.127989,0.192057,0.679953
AGAAGTGATTCGTGAT-1,0.000088,0.000088,0.999823
AGAATAAATCTTCAGG-1,0.000067,0.000067,0.999867
AGAATGCGGGTTCGGA-1,0.000018,0.017063,0.98292
AGAATTATGGATTCGA-1,0.00471,0.000042,0.995247
AGAATTGTTTGACATA-1,0.00006,0.070228,0.929712
AGACAGCTCAGAATCC-1,0.000004,0.000004,0.999992
AGACAGGCATCTCAGC-1,0.000031,0.289549,0.710421
AGACATAGATCCTTCC-1,0.000277,0.240773,0.75895
AGACCAAACCACACCT-1,0.000039,0.000039,0.999922
AGACCATGGGATACAA-1,0.000015,0.017071,0.982914
AGACCCACCGCTGATC-1,0.001409,0.001409,0.997182
AGACCGCTCCGCGGTT-1,0.000131,0.056887,0.942982
AGACCGGGAAACCCTG-1,0.000079,0.024907,0.975013
AGACGAAGTGCCGGTC-1,0.000243,0.000243,0.999513
AGACGACGATGCCGCT-1,0.000048,0.000048,0.999903
AGACGCCCACTTCGCC-1,0.000028,0.138827,0.861145
AGACGGGCCGATTTAA-1,0.000026,0.034654,0.965321
AGACTAGCCTTCCAGA-1,0.000081,0.035435,0.964483
AGACTGTTACCGGGTC-1,0.022254,0.302191,0.675556
AGAGAACCGTCTAGGA-1,0.000015,0.03043,0.969555
AGAGAAGGAGTACAAT-1,0.021422,0.008753,0.969825
AGAGATCTCTAAAGCG-1,0.000071,0.008689,0.99124
AGAGCAGTTATGAGAC-1,0.000027,0.033358,0.966615
AGAGCCGCCGAGATTT-1,0.000318,0.041056,0.958627
AGAGCGCTTGTAACGG-1,0.000027,0.072333,0.92764
AGAGCGGGCTAATCAT-1,0.000223,0.000223,0.999554
AGAGCGTACAAGCTCG-1,0.00002,0.01276,0.98722
AGAGCTACGAAAGCAT-1,0.000101,0.000101,0.999799
AGAGGCTTCGGAAACC-1,0.000133,0.001258,0.998609
AGAGGGACAATTGTCC-1,0.000216,0.020159,0.979625
AGAGTAAACTTCACTA-1,0.000122,0.000122,0.999755
AGAGTATAGTGTTACG-1,0.000146,0.000146,0.999708
AGAGTTGCAGGCCTCC-1,0.000465,0.000465,0.99907
AGATAACTTCAGGGCC-1,0.000033,0.004016,0.99595
AGATACCAATAGAACC-1,0.000043,0.028682,0.971275
AGATACCAGCACTTCA-1,0.000046,0.042716,0.957239
AGATACCGGTGTTCAC-1,0.000031,0.143352,0.856617
AGATACGACTTCATAT-1,0.000029,0.001137,0.998835
AGATACTCAAGATCGA-1,0.000085,0.007401,0.992514
AGATCGTGCATAAGAT-1,0.000029,0.044707,0.955264
AGATCTCAGGTGTGAT-1,0.000057,0.000057,0.999886
AGATGAGGGTTGCGAT-1,0.00005,0.011543,0.988407
AGATGATGGAGTCTGG-1,0.000025,0.014584,0.985391
AGATGCAAGACGTGCA-1,0.000081,0.069086,0.930833
AGATGCATCCTGTGTC-1,0.000067,0.000067,0.999867
AGATGCTATAACGAGC-1,0.000059,0.00352,0.996421
AGATTATAGGACGTTT-1,0.000087,0.055128,0.944785
AGATTCACAACCGATA-1,0.000044,0.008196,0.99176
AGCAACATATCTTATT-1,0.000099,0.009143,0.990758
AGCAACCGAAAGTAAT-1,0.000072,0.02601,0.973917
AGCACCAGTACTCACG-1,0.026952,0.000047,0.973001
AGCACTACCGGCCTGT-1,0.000032,0.016118,0.98385
AGCACTACCTCACCAG-1,0.000637,0.000637,0.998726
AGCACTTAAGGACGCC-1,0.000022,0.036249,0.963729
AGCAGAAGGAGAAAGA-1,0.000117,0.101318,0.898565
AGCATATCAATATGCT-1,0.000077,0.004244,0.995679
AGCATCATTTCGAAAG-1,0.00009,0.00009,0.999819
AGCATCGTCGATAATT-1,0.000115,0.000115,0.99977
AGCATTACGAGGCAAG-1,0.000043,0.012738,0.987219
AGCCAAGCTTTGTGTC-1,0.000096,0.052659,0.947245
AGCCACAGGTTACCCG-1,0.027193,0.000017,0.972789
AGCCACTCCCGTGCTT-1,0.000042,0.000042,0.999916
AGCCCATACATGTAAG-1,0.000041,0.000485,0.999474
AGCCCGGCATTAGAGG-1,0.000046,0.014727,0.985227
AGCCCGGTAGCCTGTA-1,0.000123,0.891886,0.10799
AGCCCTAAGCGAAGTT-1,0.000205,0.000205,0.999591
AGCCCTCCCTGGTGGC-1,0.121524,0.235772,0.642704
AGCCCTGTCGCACCGT-1,0.000041,0.003308,0.996651
AGCCCTTCTAATCCGA-1,0.000039,0.000761,0.9992
AGCCCTTGGACATCCC-1,0.000043,0.053563,0.946394
AGCCGCAAATTCAAAT-1,0.00002,0.071876,0.928104
AGCCGCTTGATTAGCG-1,0.000248,0.028182,0.97157
AGCCGTGGCTAAATGT-1,0.000035,0.01681,0.983155
AGCCTAATACCCACGT-1,0.000077,0.000077,0.999845
AGCCTTAAAGCGGAAG-1,0.000009,0.000796,0.999195
AGCGACAGGAACGGTC-1,0.000039,0.028401,0.971559
AGCGAGACGTGAAGGC-1,0.000142,0.163306,0.836551
AGCGATGCGCCTAATA-1,0.000138,0.000138,0.999724
AGCGCATAATGAATCG-1,0.000063,0.78768,0.212258
AGCGCGGGTGCCAATG-1,0.000155,0.006173,0.993672
AGCGCTAGAGCGATGT-1,0.000049,0.11024,0.88971
AGCGGACACTTCGTAG-1,0.000196,0.057875,0.941928
AGCGGCGGTTAGCGGT-1,0.00006,0.000418,0.999522
AGCGGGAAGGGTCCAT-1,0.000064,0.000064,0.999871
AGCGGGTCTGACACTC-1,0.000161,0.097314,0.902526
AGCGGTTGCCGCTCTG-1,0.000187,0.000187,0.999625
AGCGTACGAGAGCTAG-1,0.000059,0.004821,0.99512
AGCGTCTGAACCCGCA-1,0.000062,0.000062,0.999877
AGCGTGGTATTCTACT-1,0.033993,0.00862,0.957387
AGCTAACAAGCAATGT-1,0.000029,0.04641,0.953561
AGCTAAGTACGCAGGC-1,0.000023,0.000023,0.999955
AGCTAGAAGCAGAAGT-1,0.000045,0.117077,0.882878
AGCTATTTAATCCAAC-1,0.000074,0.000074,0.999852
AGCTCCATATATGTTC-1,0.000101,0.101442,0.898458
AGCTCCTTCGCACATC-1,0.000033,0.039674,0.960293
AGCTCGTTGATGGAAA-1,0.000031,0.049992,0.949977
AGCTCTAGACGTTCCA-1,0.014715,0.015774,0.96951
AGCTCTTCCCAGTGCA-1,0.000045,0.000045,0.99991
AGCTCTTCGTAACCTT-1,0.000062,0.0151,0.984838
AGCTCTTTACTCAGTT-1,0.000033,0.297257,0.70271
AGCTGAAGTAAACCAA-1,0.000026,0.003431,0.996544
AGCTGTAACCTCAATC-1,0.023306,0.085825,0.89087
AGCTTATAGAGACCTG-1,0.000339,0.071929,0.927732
AGCTTGATCTTAACTT-1,0.000052,0.048907,0.95104
AGGAAAGCCTCTGATG-1,0.000074,0.000074,0.999852
AGGAACGAACGACTTC-1,0.000029,0.135757,0.864214
AGGAAGCTGTCCGCCG-1,0.009093,0.009092,0.981815
AGGACAGTCGAATCCC-1,0.000038,0.012607,0.987355
AGGACATCGCACGTCG-1,0.000054,0.00056,0.999387
AGGACATCGGCACACT-1,0.028813,0.321538,0.649648
AGGACGACCCATTAGA-1,0.000032,0.249408,0.75056
AGGACGCTCGATGTTG-1,0.000052,0.000052,0.999895
AGGACTTATAGGAGAA-1,0.000062,0.020962,0.978976
AGGAGACATCCACAGT-1,0.000025,0.018481,0.981494
AGGAGAGTCTGGCTAC-1,0.000064,0.000064,0.999873
AGGAGGCCTTCGCGCG-1,0.000033,0.000065,0.999902
AGGATAAAGTCGGGAT-1,0.000788,0.000788,0.998425
AGGATATAGGGATTTA-1,0.000059,0.011526,0.988415
AGGATCACGCGATCTG-1,0.000147,0.000147,0.999705
AGGATTGCTTACGACA-1,0.000044,0.058213,0.941743
AGGCAATACGGAGGAC-1,0.181515,0.000234,0.818251
AGGCACGTGACTGTCC-1,0.000038,0.097362,0.902599
AGGCAGATGCGTAAAC-1,0.000006,0.000439,0.999555
AGGCAGGGAGCGTACT-1,0.000014,0.913339,0.086647
AGGCATTGTCGTAGGG-1,0.00011,0.00011,0.99978
AGGCCACATTGGTTAC-1,0.000026,0.32616,0.673814
AGGCCACCCGTTATGA-1,0.000017,0.049144,0.950839
AGGCCCAGTGACTGGT-1,0.000172,0.061942,0.937886
AGGCCCTAGAACGCCA-1,0.000032,0.008366,0.991602
AGGCCTGAGAATCTCG-1,0.049622,0.000062,0.950316
AGGCGATAACTGGCGT-1,0.000027,0.20009,0.799883
AGGCGGTTTGTCCCGC-1,0.000127,0.000127,0.999746
AGGCGTCTATGGACGG-1,0.000039,0.000039,0.999922
AGGCTATGGTTAGCTT-1,0.000018,0.044955,0.955028
AGGCTTCCCGAAGAAG-1,0.000034,0.024312,0.975653
AGGCTTGCTAGACACC-1,0.000018,0.000698,0.999283
AGGGAAACGAGGTACT-1,0.000068,0.000068,0.999864
AGGGACCGGCTGCGTT-1,0.000036,0.038148,0.961816
AGGGACTCTACGCGAC-1,0.000068,0.626557,0.373375
AGGGAGACATACTTCG-1,0.000033,0.030683,0.969284
AGGGCAGCGGCGTGGT-1,0.000175,0.000175,0.99965
AGGGCCCTAATGTTCT-1,0.000036,0.046404,0.95356
AGGGCGAGCAGCTGAT-1,0.0213,0.000181,0.978519
AGGGCGTGATCGGCTA-1,0.00006,0.00006,0.999881
AGGGCTGCAGTTACAG-1,0.000229,0.073507,0.926264
AGGGTCAGTAACCCTA-1,0.000033,0.014711,0.985256
AGGGTCGATGCGAACT-1,0.000063,0.009613,0.990324
AGGGTCTGGACGCAGT-1,0.00008,0.088431,0.91149
AGGGTGCCGTTCTTTA-1,0.000027,0.112414,0.887559
AGGGTGCTCTCGAGGG-1,0.000022,0.000022,0.999955
AGGGTGGATAGTGCAT-1,0.000013,0.003747,0.99624
AGGGTTCCCTTTGGTT-1,0.000016,0.034679,0.965304
AGGTAACCTCCTATTC-1,0.00005,0.024263,0.975686
AGGTACGATATTGCCA-1,0.000345,0.000345,0.99931
AGGTAGATCGAGATAT-1,0.000031,0.035237,0.964733
AGGTAGGTACAAAGCT-1,0.000019,0.042318,0.957663
AGGTATAATTGATAGT-1,0.000043,0.040056,0.959901
AGGTATGCGGACATTA-1,0.000051,0.064294,0.935655
AGGTCAGGTGAGAGTG-1,0.000081,0.000081,0.999838
AGGTCGCCACTTCGGT-1,0.000042,0.000042,0.999917
AGGTCGCCTCCCAACA-1,0.000027,0.106317,0.893656
AGGTCGCGGAGTTACT-1,0.00004,0.012104,0.987857
AGGTGTATCGCCATGA-1,0.000079,0.000079,0.999841
AGGTGTTGCCGACCAC-1,0.000019,0.446198,0.553783
AGGTTACACCATGCCG-1,0.000043,0.013049,0.986908
AGGTTCTCCTTTCCGG-1,0.000171,0.000171,0.999657
AGGTTGAGGCACGCTT-1,0.000055,0.000055,0.999889
AGGTTTCACACACCTT-1,0.000686,0.042606,0.956709
AGTAATGTCTTGCCGC-1,0.00032,0.00032,0.999361
AGTACATCATTTATCA-1,0.000048,0.026263,0.973689
AGTACCTTCGAGTGCT-1,0.000031,0.000031,0.999937
AGTACGGCCCGTATCG-1,0.000069,0.027595,0.972336
AGTACGGGCACCTGGC-1,0.000044,0.005353,0.994603
AGTACTCTTATGCCCA-1,0.141401,0.003346,0.855254
AGTAGGAAGGAAGTTG-1,0.000078,0.059774,0.940148
AGTAGGTAACATACAT-1,0.000076,0.158156,0.841768
AGTATAATACTAGGCA-1,0.000016,0.040507,0.959476
AGTATACACAGCGACA-1,0.012609,0.818042,0.169349
AGTATGCTGGAGACCA-1,0.000059,0.013571,0.98637
AGTATTTGGCACGACC-1,0.00003,0.564361,0.435608
AGTCAAATGATGTGAT-1,0.000078,0.192201,0.807721
AGTCAACACCACCATC-1,0.00001,0.969639,0.030351
AGTCAAGATGACACTT-1,0.00014,0.00014,0.99972
AGTCACTAGCTCTCGA-1,0.00007,0.00007,0.999861
AGTCACTCCGCCTCAT-1,0.024611,0.000144,0.975246
AGTCAGCCACCGCCTG-1,0.000056,0.000598,0.999345
AGTCCAGCGGGTACGT-1,0.000106,0.000518,0.999376
AGTCCATTGGCTGATG-1,0.00016,0.00016,0.999681
AGTCCCGCCTTTAATT-1,0.000057,0.022977,0.976966
AGTCCCTCGCAGAAAG-1,0.000037,0.014195,0.985767
AGTCGACGGTCTCAAG-1,0.000077,0.01869,0.981233
AGTCGGCCCAAACGAC-1,0.000031,0.019689,0.980281
AGTCGGCTCAACTTTA-1,0.006485,0.000092,0.993424
AGTCGGTTGCGTGAGA-1,0.000069,0.023388,0.976543
AGTCGTATAAAGCAGA-1,0.00002,0.022509,0.977471
AGTCGTCGACCACCAA-1,0.000069,0.000069,0.999862
AGTCGTGGGCATTACG-1,0.000098,0.024812,0.97509
AGTCTAAAGTATACTC-1,0.000023,0.01942,0.980556
AGTCTCACAAGACTAC-1,0.000093,0.012619,0.987288
AGTCTGGACATCCTTG-1,0.000048,0.037163,0.96279
AGTCTTCTCCTCAAAT-1,0.000029,0.000142,0.99983
AGTGAACAAACTTCTC-1,0.000081,0.01107,0.988849
AGTGAAGATGGTGTCC-1,0.000029,0.153681,0.846289
AGTGACCTACTTTACG-1,0.000039,0.327641,0.67232
AGTGACTGTGACACAA-1,0.134235,0.184149,0.681616
AGTGAGACTTCCAGTA-1,0.000014,0.032254,0.967732
AGTGAGCCTCGCCGCC-1,0.000033,0.006248,0.993718
AGTGAGGGTTTCTGAC-1,0.000162,0.030005,0.969832
AGTGAGTCGAATTAAC-1,0.000136,0.055959,0.943905
AGTGATAACCTGCGCG-1,0.000038,0.000038,0.999925
AGTGATATGAGTAGTT-1,0.000021,0.571364,0.428615
AGTGATTCAAGCAGGA-1,0.000007,0.007783,0.99221
AGTGCACGCTTAAGAA-1,0.011174,0.00006,0.988765
AGTGCGTAGCTCGTAA-1,0.000028,0.024931,0.975041
AGTGCTAAACACAGCA-1,0.008895,0.011319,0.979786
AGTGCTTGCACGAATA-1,0.000086,0.00124,0.998674
AGTGGCGGCAATTTGA-1,0.000028,0.000028,0.999945
AGTGGCGTCTGAAGGT-1,0.000085,0.005412,0.994503
AGTGGCTCCGTCGGCC-1,0.000098,0.000098,0.999804
AGTGGGAGTATACACG-1,0.000186,0.069971,0.929843
AGTGGTGTTACCCGTG-1,0.000054,0.029616,0.97033
AGTGGTTGCGTATAGG-1,0.000031,0.026293,0.973676
AGTGTATTGCGCATTG-1,0.000052,0.020716,0.979231
AGTGTGCTAAGATCGC-1,0.000017,0.016764,0.983219
AGTGTGGTCTATTGTG-1,0.000041,0.008451,0.991508
AGTTAAACACTTGCGA-1,0.000042,0.079732,0.920225
AGTTAAGCGGTCCCGG-1,0.000063,0.012382,0.987556
AGTTAAGTCAACCGCT-1,0.008882,0.025808,0.965309
AGTTACCCTTAAGACT-1,0.000007,0.012967,0.987026
AGTTACCGCACATGGT-1,0.00001,0.003301,0.996689
AGTTACTCTATCGTGG-1,0.000047,0.000047,0.999906
AGTTCACCGGTTGGAC-1,0.000004,0.000004,0.999991
AGTTCCTACAGAATTA-1,0.007061,0.014162,0.978777
AGTTCCTATTTATGTT-1,0.000109,0.000109,0.999782
AGTTCTGCGTTGTATC-1,0.000097,0.000097,0.999806
AGTTGACATCGGCTGG-1,0.000267,0.000267,0.999467
AGTTGACGGTCCTTGC-1,0.000065,0.073197,0.926738
AGTTGCTGACTGATAT-1,0.000024,0.038198,0.961778
AGTTGGCAAGGCTAGA-1,0.000065,0.000065,0.999869
AGTTTATGTAAAGACA-1,0.000027,0.021483,0.97849
AGTTTCGCAGGTCGGA-1,0.000827,0.000827,0.998347
AGTTTGGCACGGGTTG-1,0.000188,0.027499,0.972313
AGTTTGGCCAGACCTA-1,0.000035,0.107525,0.89244
ATAAACGTTGCACCAC-1,0.000228,0.000228,0.999543
ATAAAGGCTCGGTCGT-1,0.000354,0.001737,0.99791
ATAAATATTAGCAGCT-1,0.000037,0.029575,0.970387
ATAACGCCGGAGGGTC-1,0.000022,0.000022,0.999957
ATAACGGAGTCCAACG-1,0.000083,0.000083,0.999835
ATAACGTTACCTCCAC-1,0.000065,0.000065,0.99987
ATAAGGTGGAGAACAT-1,0.003263,0.009082,0.987655
ATAAGTACCCGATTGT-1,0.000033,0.000033,0.999933
ATAAGTAGGATTCAGA-1,0.000034,0.063534,0.936432
ATAAGTAGGGCGACTC-1,0.000064,0.000064,0.999872
ATAAGTTACCGCGACG-1,0.000038,0.59122,0.408742
ATAATACCGTTAGCCG-1,0.00001,0.00001,0.99998
ATAATAGCTGTTGAAT-1,0.00018,0.144994,0.854826
ATAATAGTGTAGGGAC-1,0.000154,0.000154,0.999692
ATAATTAGCTAAGTAG-1,0.000544,0.000544,0.998913
ATACAGGCCCTCCAAT-1,0.000541,0.000541,0.998919
ATACCACGGGCAACTT-1,0.000044,0.042176,0.95778
ATACCGTCATCCATAA-1,0.005249,0.011449,0.983301
ATACCTAACCAAGAAA-1,0.000062,0.020989,0.978949
ATACGAAGGCTTTCCA-1,0.000089,0.000089,0.999822
ATACGCCGGCGAAACC-1,0.000059,0.000059,0.999882
ATACGGAACGTCGTTT-1,0.000046,0.002154,0.9978
ATACGGGTTTCGATTG-1,0.000072,0.000038,0.99989
ATACGGTGAAGATGCA-1,0.000059,0.006369,0.993572
ATACGTACTTAGCCAC-1,0.131808,0.046465,0.821726
ATACGTCCACTCCTGT-1,0.000073,0.000073,0.999854
ATACGTTATGCACGGA-1,0.012503,0.012504,0.974993
ATACTACCCGTACCAC-1,0.000104,0.084556,0.91534
ATACTAGCATGACCCT-1,0.00018,0.00018,0.999641
ATACTCTCGCCACTCT-1,0.000099,0.000099,0.999803
ATACTGCCTTACACCG-1,0.010622,0.056125,0.933253
ATACTTGTTCTCGAGC-1,0.00003,0.00003,0.99994
ATAGACAACGGGACCT-1,0.014609,0.001768,0.983623
ATAGACGAAGAGAAAG-1,0.000031,0.06298,0.93699
ATAGAGTACTGGGACA-1,0.000107,0.000107,0.999786
ATAGAGTTATCAACTT-1,0.00002,0.018852,0.981127
ATAGCAACTAGGGAAG-1,0.000144,0.030672,0.969184
ATAGCCTCAGTACCCA-1,0.000013,0.012939,0.987048
ATAGCTGCTCTTGTTA-1,0.000041,0.008331,0.991628
ATAGGAATCTAAGCTT-1,0.000136,0.000136,0.999728
ATAGGCGGCTATAGAA-1,0.000036,0.017073,0.982891
ATAGGCTAGCTTCGCA-1,0.000022,0.000796,0.999182
ATAGGGATATCCTTGA-1,0.000086,0.000086,0.999828
ATAGGTTGGGCAGATG-1,0.000145,0.044046,0.955809
ATAGTTCCACCCACTC-1,0.045236,0.000076,0.954688
ATATAAAGCGCTCGTG-1,0.000671,0.000671,0.998657
ATATAAATGTAGCTGC-1,0.000578,0.03646,0.962962
ATATACATGTATGGTA-1,0.019787,0.031234,0.948979
ATATACGCTCGTGACG-1,0.00006,0.00006,0.999881
ATATAGAGTATTGGTC-1,0.000039,0.00048,0.99948
ATATCAACCTACAGAG-1,0.000061,0.049064,0.950875
ATATCAATTCCAGCCT-1,0.015715,0.000097,0.984188
ATATCGGTAGGGAGAT-1,0.00006,0.027756,0.972185
ATATCGTTCCTCGAAC-1,0.000118,0.000118,0.999765
ATATCTCCCTCGTTAA-1,0.008217,0.001851,0.989932
ATATGTCTCCCTAGCC-1,0.000046,0.067261,0.932693
ATATGTGCACAAACCA-1,0.000085,0.000085,0.99983
ATATTATCCCGTATTT-1,0.008336,0.008337,0.983328
ATATTCAGTTAAACCT-1,0.000052,0.011434,0.988513
ATATTCCACATAGTGA-1,0.000379,0.096022,0.903599
ATATTGCTGTCAAAGT-1,0.000093,0.016394,0.983512
ATATTGGAGAGGCCTT-1,0.000027,0.191421,0.808552
ATCAAACACTGTTCCA-1,0.000065,0.000065,0.99987
ATCAAACGAAGGTTTG-1,0.000042,0.041249,0.958709
ATCAATCTGGGCTGCA-1,0.000147,0.073597,0.926256
ATCAATGCCGTGGCTG-1,0.000067,0.000067,0.999867
ATCACATTAGAATATC-1,0.000041,0.019301,0.980659
ATCACGTGCTAATTAA-1,0.000023,0.033381,0.966596
ATCACTTCATCCTCGC-1,0.000057,0.000057,0.999885
ATCAGACGGCACGCCG-1,0.000055,0.033085,0.96686
ATCAGCCTCATGCTGC-1,0.026227,0.001407,0.972365
ATCAGCTCGTCCACTA-1,0.000129,0.000129,0.999742
ATCAGGTAGCTGACAG-1,0.00004,0.011114,0.988845
ATCAGTAGGCAGGGAT-1,0.000025,0.006641,0.993334
ATCATAGCCCTATGTA-1,0.000112,0.067646,0.932242
ATCATGGACTACCGAC-1,0.000026,0.2935,0.706474
ATCATTGTACCGCATT-1,0.000042,0.052247,0.947711
ATCCAACGCAGTCATA-1,0.000023,0.066784,0.933193
ATCCAATGGAGGGTCC-1,0.000041,0.031905,0.968053
ATCCAATGGTACCGAA-1,0.000019,0.015676,0.984305
ATCCACTTTCAGACTA-1,0.003573,0.035665,0.960762
ATCCAGAGCAACAACC-1,0.000029,0.554711,0.44526
ATCCAGGATTCGTGAA-1,0.000035,0.180455,0.81951
ATCCCATCCACAGCGC-1,0.000024,0.070763,0.929213
ATCCTACCTAAGCTCT-1,0.000012,0.895899,0.104089
ATCCTGAATCGCTGCG-1,0.000053,0.001302,0.998645
ATCCTGCGTGGAATGG-1,0.000012,0.914787,0.085201
ATCCTGCTGCAGATAG-1,0.000112,0.140342,0.859546
ATCCTTCTGAAAGAAC-1,0.000025,0.302836,0.697139
ATCGACTCTTTCCGTT-1,0.000167,0.050363,0.949471
ATCGCACGATTGTTCA-1,0.000195,0.000195,0.999609
ATCGCCAGTCAACATT-1,0.000077,0.011084,0.988838
ATCGCTGCGTGCAGCA-1,0.000408,0.228656,0.770936
ATCGCTTTACGTCTCA-1,0.000037,0.034855,0.965107
ATCGGAGACAGACGGC-1,0.000376,0.000376,0.999248
ATCGGCAAGCAGTCCA-1,0.000029,0.013602,0.986369
ATCGGTTACCTAGTAA-1,0.000036,0.027968,0.971996
ATCGTATTCCGAGAAC-1,0.000008,0.007052,0.99294
ATCGTCCAATCGAGTC-1,0.000107,0.052098,0.947795
ATCGTGGAAAGTCTGG-1,0.000077,0.027515,0.972407
ATCGTTAGCTAGCGGA-1,0.000087,0.054164,0.945749
ATCGTTCACTTTCGCC-1,0.000075,0.000075,0.999849
ATCTAACGTCCCTATG-1,0.000158,0.013926,0.985916
ATCTAATATCCTACGG-1,0.003573,0.260506,0.735921
ATCTATCGATGATCAA-1,0.116098,0.000236,0.883666
ATCTCCCACGGAATAT-1,0.000102,0.041715,0.958183
ATCTCCCTGCAATCTA-1,0.000086,0.000086,0.999828
ATCTCGTGAGCGAAAC-1,0.000031,0.051415,0.948554
ATCTGACATGGAAGGA-1,0.00003,0.177944,0.822026
ATCTGATAGTGTCTTA-1,0.000075,0.010049,0.989875
ATCTGCACCTCTGCGA-1,0.000038,0.003103,0.99686
ATCTGCTGTTATCGCC-1,0.014288,0.014288,0.971424
ATCTGGGCTGTTCTTG-1,0.000057,0.065968,0.933975
ATCTGGTTAAGACTGT-1,0.000061,0.013034,0.986906
ATCTTATCGCACACCC-1,0.000272,0.000272,0.999456
ATCTTGACCTGCAACG-1,0.000098,0.002645,0.997257
ATCTTGACTTGTCCAA-1,0.000031,0.014316,0.985653
ATCTTTCGTATAACCA-1,0.000043,0.000043,0.999914
ATGAAGCCAAGGAGCC-1,0.00003,0.00003,0.999939
ATGAAGTGGACCCAGC-1,0.000006,0.018149,0.981844
ATGACGCGTTCTATCC-1,0.000051,0.005221,0.994728
ATGACTATCAGCTGTG-1,0.000149,0.389599,0.610252
ATGACTATGCGACATT-1,0.000139,0.000139,0.999723
ATGAGGAGTGTTAATC-1,0.000027,0.038324,0.961649
ATGAGGGCAGCGGCTA-1,0.000032,0.18528,0.814687
ATGATGCAATGGTACA-1,0.000031,0.217539,0.78243
ATGCACCTTCCTTAAT-1,0.000012,0.030669,0.96932
ATGCACGCGCTGTTCA-1,0.000077,0.007173,0.99275
ATGCACTACCGCATTG-1,0.000056,0.05444,0.945505
ATGCATGATCCAGGAT-1,0.000048,0.065741,0.934211
ATGCCAATCGCTCTGC-1,0.000041,0.063519,0.93644
ATGCCATTTGCGACCA-1,0.000076,0.000076,0.999848
ATGCCGGTCTTGCATA-1,0.000055,0.000055,0.99989
ATGCCGGTTGATGGGA-1,0.00003,0.004457,0.995514
ATGCGACAATTGGTCC-1,0.000026,0.013463,0.986511
ATGCGACAGTCCCATT-1,0.000026,0.000026,0.999949
ATGCGAGTCCCACCAC-1,0.000106,0.000106,0.999789
ATGCTCAGTGTTGCAT-1,0.000026,0.069,0.930975
ATGCTTAGGAGTTGAT-1,0.000136,0.094326,0.905538
ATGGAAATTTAAGGAG-1,0.000052,0.028613,0.971335
ATGGAACCTTTGCACA-1,0.000078,0.027446,0.972476
ATGGAGCAGGCCGTGA-1,0.0003,0.093986,0.905713
ATGGATCCGGCGTCCG-1,0.000082,0.00378,0.996138
ATGGATTGACCAAACG-1,0.000236,0.000236,0.999527
ATGGCAGCATTACGAT-1,0.000053,0.009135,0.990813
ATGGCAGCCGAGAAAC-1,0.000044,0.000044,0.999912
ATGGCGGAATAGTCGC-1,0.000059,0.03995,0.959992
ATGGCTGGAAATGGCC-1,0.000097,0.046446,0.953458
ATGGGACCTGCTGAAC-1,0.000053,0.004807,0.99514
