Barcode,Topic 1,Topic 2,Topic 3,Topic 4,Topic 5,Topic 6,Topic 7,Topic 8to9,Topic 10,Topic 11to12
AAACAACGAATAGTTC-1,0.000208,0.000208,0.051329,0.037677,0.000208,0.000208,0.909124,0.000416,0.000208,0.000416
AAACAAGTATCTCCCA-1,0.000053,0.000053,0.005592,0.000053,0.30925,0.035042,0.151332,0.449651,0.010422,0.038553
AAACAATCTACTAGCA-1,0.000086,0.000086,0.268295,0.000086,0.000086,0.000086,0.000086,0.73093,0.000086,0.000172
AAACAGCTTTCAGAAG-1,0.000116,0.000116,0.000116,0.000116,0.000116,0.096205,0.262037,0.351891,0.022289,0.266999
AAACAGGGTCTATATT-1,0.00007,0.00007,0.00007,0.00007,0.00007,0.00007,0.253306,0.431634,0.00184,0.312803
AAACATTTCCCGGATT-1,0.000098,0.000098,0.091155,0.000098,0.000098,0.002869,0.589851,0.174171,0.000098,0.141466
AAACCCGAACGAAATC-1,0.000022,0.000022,0.000022,0.000022,0.000022,0.123484,0.015276,0.277708,0.001361,0.582061
AAACCGGAAATGTTAA-1,0.000111,0.000111,0.000111,0.000111,0.018385,0.026064,0.117898,0.774343,0.004526,0.05834
AAACCGGGTAGGTACC-1,0.000036,0.000036,0.006235,0.000036,0.000036,0.175021,0.050484,0.141178,0.236686,0.390254
AAACCGTTCGTCCAGG-1,0.000082,0.000082,0.000082,0.000082,0.486032,0.128988,0.034572,0.282314,0.063576,0.00419
AAACCTAAGCAGCCGG-1,0.000051,0.000051,0.038164,0.000051,0.000051,0.000051,0.093103,0.494777,0.180766,0.192933
AAACCTCATGAAGTTG-1,0.000041,0.000041,0.000041,0.000041,0.000041,0.197096,0.107429,0.209221,0.042076,0.443973
AAACGAAGAACATACC-1,0.000049,0.000049,0.029438,0.003242,0.006247,0.119222,0.139041,0.232734,0.207604,0.262375
AAACGAGACGGTTGAT-1,0.000066,0.000066,0.000066,0.528797,0.024565,0.041156,0.000066,0.335471,0.042268,0.027478
AAACGCTGGGCACGAC-1,0.000158,0.000158,0.181944,0.000158,0.019993,0.000158,0.796643,0.000316,0.000158,0.000316
AAACGGGCGTACGGGT-1,0.000125,0.000125,0.000125,0.033126,0.07446,0.000125,0.693018,0.106222,0.019391,0.073284
AAACGGGTTGGTATCC-1,0.000308,0.000308,0.000308,0.000308,0.000308,0.000308,0.996617,0.000615,0.000308,0.000615
AAACGGTTGCGAACTG-1,0.00007,0.00007,0.390513,0.00007,0.00007,0.00007,0.159054,0.449876,0.00007,0.000139
AAACGTGTTCGCCCTA-1,0.000015,0.000015,0.000015,0.671836,0.004288,0.000015,0.000015,0.310265,0.007862,0.005671
AAACTCGGTTCGCAAT-1,0.00005,0.00005,0.019146,0.00005,0.00005,0.162631,0.087037,0.057973,0.180176,0.492837
AAACTCGTGATATAAG-1,0.000048,0.000048,0.000048,0.000048,0.000048,0.046379,0.226017,0.520964,0.015548,0.190855
AAACTGCTGGCTCCAA-1,0.000039,0.000039,0.055607,0.000039,0.000039,0.04468,0.019765,0.57135,0.176827,0.131613
AAACTTGCAAACGTAT-1,0.000064,0.000064,0.000064,0.000064,0.000064,0.019196,0.102334,0.406835,0.058045,0.413267
AAAGAATGTGGACTAA-1,0.000061,0.000061,0.36273,0.01067,0.165334,0.000061,0.421269,0.000123,0.039567,0.000123
AAAGACCCAAGTCGCG-1,0.000204,0.000204,0.039286,0.000204,0.030111,0.099521,0.392822,0.000409,0.253237,0.184001
AAAGACTGGGCGCTTT-1,0.000064,0.000064,0.037034,0.000064,0.041442,0.000064,0.162226,0.758853,0.000064,0.000127
AAAGCTTGCCTACATA-1,0.000035,0.000035,0.000035,0.000035,0.000035,0.000688,0.135377,0.660643,0.087195,0.115921
AAAGGGATGTAGCAAG-1,0.000054,0.000054,0.021918,0.000054,0.000054,0.000054,0.000054,0.890679,0.019905,0.067175
AAAGGGCAGCTTGAAT-1,0.000045,0.000045,0.000045,0.000045,0.044231,0.130074,0.063435,0.69043,0.001037,0.070616
AAAGTAGCATTGCTCA-1,0.000116,0.000116,0.000116,0.000116,0.000116,0.251304,0.154365,0.159736,0.229619,0.204396
AAAGTCACTGATGTAA-1,0.000116,0.000116,0.072414,0.000116,0.000116,0.11452,0.381829,0.288067,0.000116,0.142589
AAAGTCGACCCTCAGT-1,0.000042,0.000042,0.000042,0.000042,0.005612,0.024061,0.126142,0.393364,0.091138,0.359515
AAAGTGCCATCAATTA-1,0.000317,0.000317,0.033573,0.000317,0.000317,0.023249,0.672021,0.000634,0.000317,0.268939
AAAGTGTGATTTATCT-1,0.000072,0.000072,0.001286,0.000072,0.002392,0.035527,0.151542,0.343044,0.120961,0.345032
AAAGTTGACTCCCGTA-1,0.000055,0.000055,0.047721,0.014384,0.000055,0.090325,0.037422,0.461458,0.126824,0.2217
AAATAAGGTAGTGCCC-1,0.000028,0.000028,0.000028,0.000028,0.000028,0.193158,0.043266,0.305977,0.016482,0.440978
AAATACCTATAAGCAT-1,0.000045,0.000045,0.000045,0.000056,0.000045,0.032552,0.058493,0.658983,0.243685,0.00605
AAATAGCTTAGACTTT-1,0.000032,0.000032,0.000032,0.034081,0.000032,0.273013,0.09905,0.308442,0.035262,0.250026
AAATAGGGTGCTATTG-1,0.000051,0.000051,0.000051,0.000051,0.000051,0.034154,0.152446,0.29375,0.275751,0.243643
AAATCCGATACACGCC-1,0.000036,0.000036,0.065446,0.000036,0.00662,0.040945,0.018837,0.224174,0.011695,0.632175
AAATCTAGCCCTGCTA-1,0.000048,0.000048,0.000048,0.000048,0.094766,0.066286,0.212887,0.591496,0.000517,0.033859
AAATGATTCGATCAGC-1,0.000043,0.000043,0.000043,0.011738,0.000043,0.106279,0.168958,0.374928,0.072237,0.265688
AAATGCTCGTTACGTT-1,0.000048,0.000048,0.032129,0.000048,0.000048,0.138751,0.183363,0.547676,0.000048,0.09784
AAATGGCATGTCTTGT-1,0.000133,0.000133,0.14377,0.000133,0.000133,0.06373,0.18799,0.44129,0.000133,0.162554
AAATGGCCCGTGCCCT-1,0.00006,0.00006,0.00006,0.00006,0.011366,0.062307,0.12468,0.486374,0.182384,0.13265
AAATGGTCAATGTGCC-1,0.00005,0.00005,0.023089,0.00005,0.052797,0.060453,0.00005,0.527222,0.161711,0.174528
AAATGTATCTTATCCC-1,0.000079,0.000079,0.000079,0.000079,0.000079,0.013283,0.208726,0.493338,0.000079,0.284178
AAATGTGGGTGCTCCT-1,0.000078,0.000078,0.000078,0.000078,0.000078,0.000078,0.188981,0.121582,0.483087,0.205881
AAATTAACGGGTAGCT-1,0.000069,0.000069,0.000069,0.276298,0.000069,0.023511,0.138126,0.381482,0.054923,0.125383
AAATTAATAAGCGCGA-1,0.000201,0.000201,0.000201,0.000201,0.000201,0.000201,0.602272,0.33878,0.000201,0.057542
AAATTACCTATCGATG-1,0.000053,0.000053,0.023527,0.033071,0.000053,0.000053,0.023129,0.907829,0.000053,0.012177
AAATTCCAGGTCCAAA-1,0.000031,0.000031,0.000031,0.000031,0.000031,0.121645,0.087516,0.550141,0.05068,0.189864
AAATTGATAGTCCTTT-1,0.000109,0.000109,0.000109,0.566917,0.029192,0.060063,0.000109,0.229775,0.059489,0.054128
AAATTGCGGCGGTTCT-1,0.000253,0.000253,0.000253,0.000253,0.000253,0.000253,0.997214,0.000507,0.000253,0.000507
AAATTGGTGAGAAGCA-1,0.000028,0.000028,0.018537,0.162996,0.000028,0.081821,0.071119,0.519135,0.064766,0.081543
AAATTTGCGGGTGTGG-1,0.000174,0.000174,0.000174,0.000174,0.000174,0.000174,0.156897,0.841538,0.000174,0.000348
AACAACTGGTAGTTGC-1,0.000034,0.000034,0.000034,0.000034,0.003714,0.111143,0.011267,0.03389,0.000034,0.839816
AACAATTACTCTACGC-1,0.000025,0.000025,0.000025,0.00529,0.000025,0.364389,0.000025,0.300213,0.000246,0.329739
AACACACGCTCGCCGC-1,0.00002,0.00002,0.00002,0.00002,0.00002,0.166368,0.00002,0.151114,0.124966,0.557434
AACACGACTGTACTGA-1,0.000099,0.000099,0.000099,0.000099,0.010609,0.000099,0.319336,0.421611,0.025555,0.222393
AACACGAGACGCGGCC-1,0.000092,0.000092,0.000092,0.000092,0.020678,0.000092,0.232487,0.555851,0.166146,0.024378
AACACGCGGCCGCGAA-1,0.000101,0.000101,0.116927,0.005169,0.148077,0.000101,0.729019,0.000202,0.000101,0.000202
AACAGGAAATCGAATA-1,0.000092,0.000092,0.000092,0.000092,0.000092,0.048474,0.265962,0.351026,0.196937,0.13714
AACAGGATGGGCCGCG-1,0.000012,0.000012,0.000012,0.000012,0.000012,0.367397,0.000012,0.000024,0.009848,0.622658
AACAGGTAGTATGGAT-1,0.000038,0.000038,0.043275,0.000038,0.000038,0.173169,0.043236,0.721358,0.00077,0.018041
AACATATCAACTGGTG-1,0.000045,0.000045,0.000045,0.000116,0.012971,0.025756,0.097226,0.381218,0.09221,0.390368
AACATCGATACGTCTA-1,0.000025,0.000025,0.031059,0.027777,0.000025,0.361364,0.03816,0.05677,0.14614,0.338655
AACATTGGTCAGCCGT-1,0.000152,0.000152,0.638716,0.000152,0.000152,0.000152,0.359761,0.000305,0.000152,0.000305
AACCAAGACTTCTCTG-1,0.000027,0.000027,0.000027,0.005187,0.011331,0.428193,0.009071,0.346813,0.019023,0.180302
AACCATGGGATCGCTA-1,0.00005,0.00005,0.010983,0.00005,0.04919,0.25324,0.06187,0.48891,0.000118,0.13554
AACCCAGAGACGGAGA-1,0.000035,0.000035,0.000035,0.000035,0.01622,0.190167,0.089892,0.049456,0.002837,0.651285
AACCCATCCCATGATC-1,0.000166,0.000166,0.000166,0.066852,0.000166,0.129151,0.242793,0.051029,0.500695,0.008816
AACCCGAGCAGAATCG-1,0.00008,0.00008,0.098285,0.00008,0.02733,0.377537,0.295247,0.19775,0.003449,0.000161
AACCCTACTGTCAATA-1,0.000046,0.000046,0.000046,0.000046,0.000046,0.054658,0.048189,0.733621,0.019087,0.144214
AACCCTGGTGGAACCA-1,0.000061,0.000061,0.12633,0.000061,0.000061,0.000061,0.163978,0.709203,0.000061,0.000122
AACCGAGCTTGGTCAT-1,0.000059,0.000059,0.020031,0.00016,0.024457,0.000059,0.141046,0.354405,0.188186,0.271537
AACCGCTAAGGGATGC-1,0.000064,0.000064,0.000064,0.000064,0.02725,0.000064,0.185772,0.639504,0.125744,0.021407
AACCGTTGTGTTTGCT-1,0.000119,0.000119,0.000119,0.000119,0.220113,0.000119,0.26982,0.316633,0.066167,0.126675
AACCTCGCTTTAGCCC-1,0.000073,0.000073,0.024848,0.000073,0.008042,0.000073,0.183082,0.197855,0.262406,0.323476
AACCTGTCACGGAATT-1,0.000037,0.000037,0.000037,0.000037,0.002218,0.029986,0.120758,0.654192,0.192622,0.000074
AACCTTTAAATACGGT-1,0.000037,0.000037,0.011934,0.000037,0.000037,0.06795,0.008048,0.119926,0.436726,0.355267
AACCTTTACGACGTCT-1,0.000342,0.000342,0.000342,0.068422,0.039697,0.227338,0.228735,0.155266,0.278834,0.000683
AACGACCTCCTAGCCG-1,0.000332,0.000332,0.175284,0.000332,0.000332,0.000332,0.821395,0.000664,0.000332,0.000664
AACGATAATGCCGTAG-1,0.000024,0.000024,0.028917,0.000024,0.000024,0.242476,0.003834,0.030303,0.184037,0.510338
AACGATAGAAGGGCCG-1,0.000126,0.000126,0.027793,0.000126,0.077251,0.000126,0.041897,0.292923,0.017477,0.542157
AACGCATGATCTGGGT-1,0.000044,0.000044,0.000044,0.000044,0.000044,0.119592,0.208064,0.580173,0.064897,0.027054
AACGCGAACGGCAACA-1,0.000085,0.000085,0.012474,0.000085,0.000085,0.03976,0.66405,0.108903,0.000297,0.174176
AACGCGGTCTCCAGCC-1,0.000218,0.000218,0.339779,0.000218,0.000218,0.000218,0.658045,0.000435,0.000218,0.000435
AACGCTGTTGCTGAAA-1,0.000033,0.000033,0.137518,0.020755,0.000033,0.084585,0.000033,0.045054,0.198271,0.513685
AACGGACGTACGTATA-1,0.000031,0.000031,0.016303,0.000031,0.000031,0.005243,0.03223,0.558666,0.010672,0.376761
AACGGCCATCTCCGGT-1,0.000051,0.000051,0.000051,0.000051,0.000051,0.000051,0.13315,0.198081,0.247143,0.421319
AACGTACTGTGGGTAC-1,0.000086,0.000086,0.000086,0.034231,0.000086,0.006275,0.127658,0.6904,0.015599,0.125492
AACGTAGTCTACCCAT-1,0.00011,0.00011,0.351096,0.00011,0.00011,0.00011,0.647809,0.000219,0.00011,0.000219
AACGTCAGACTAGTGG-1,0.000058,0.000058,0.000058,0.000058,0.010746,0.236379,0.024299,0.600881,0.000058,0.127404
AACGTCGCTGCACTTC-1,0.00019,0.00019,0.00019,0.00019,0.00019,0.00019,0.687722,0.034742,0.26375,0.012644
AACGTGCGAAAGTCTC-1,0.000031,0.000031,0.028531,0.047068,0.038008,0.067855,0.001935,0.476308,0.130459,0.209774
AACGTTATCAGCACCT-1,0.000101,0.000101,0.000101,0.000101,0.000101,0.000101,0.143293,0.845869,0.000101,0.010128
AACTACCCGTTTGTCA-1,0.000052,0.000052,0.000052,0.000052,0.000052,0.077433,0.086556,0.502336,0.000052,0.333362
AACTAGCGTATCGCAC-1,0.000202,0.000202,0.50487,0.000202,0.000202,0.000202,0.294432,0.057031,0.000202,0.142453
AACTAGGCTTGGGTGT-1,0.00009,0.00009,0.623576,0.00009,0.00009,0.00009,0.338502,0.037202,0.00009,0.00018
AACTCAAGTTAATTGC-1,0.000023,0.000023,0.000023,0.000759,0.000023,0.163066,0.000023,0.006285,0.004952,0.824823
AACTCCAGAGCGTGTT-1,0.000159,0.000159,0.119427,0.000159,0.000159,0.000159,0.729362,0.149936,0.000159,0.000319
AACTCGATAAACACGT-1,0.000059,0.000059,0.458225,0.000059,0.000059,0.252256,0.106304,0.000117,0.000059,0.182805
AACTCGATGGCGCAGT-1,0.00003,0.00003,0.00003,0.00003,0.00003,0.269205,0.130688,0.147197,0.042916,0.409844
AACTCTCAATAGAGCG-1,0.000059,0.000059,0.000059,0.037035,0.000059,0.000059,0.04167,0.900938,0.019944,0.000118
AACTCTCAGTGTGCTC-1,0.000104,0.000104,0.000104,0.116909,0.0226,0.009921,0.272528,0.291472,0.0944,0.191859
AACTGAGTTATACTGA-1,0.000045,0.000045,0.022328,0.000045,0.000045,0.139016,0.204097,0.415168,0.017197,0.202013
AACTGATATTAGGCCT-1,0.00006,0.00006,0.00006,0.00006,0.00006,0.058851,0.00006,0.260768,0.335011,0.345008
AACTGGGTCCCGACGT-1,0.000031,0.000031,0.000031,0.000031,0.000031,0.148875,0.014854,0.206882,0.241576,0.387659
AACTGGTGTGGGCCTT-1,0.000305,0.000305,0.000305,0.000305,0.000305,0.000305,0.680732,0.046469,0.010597,0.260371
AACTTCTGCGTCTATC-1,0.000035,0.000035,0.000035,0.000035,0.000035,0.215394,0.088877,0.328569,0.000035,0.366948
AACTTGCCCGTATGCA-1,0.000031,0.000031,0.000031,0.000031,0.045535,0.436732,0.012308,0.163318,0.007659,0.334324
AACTTGCGTTCTCGCG-1,0.000083,0.000083,0.000083,0.000083,0.096912,0.038505,0.361783,0.496655,0.000298,0.005514
AACTTTACGGGAGCTT-1,0.000083,0.000083,0.000083,0.043221,0.000083,0.054397,0.455866,0.39291,0.000083,0.05319
AACTTTAGCTGCTGAG-1,0.000405,0.000405,0.013173,0.000405,0.000405,0.000405,0.924669,0.000809,0.000405,0.058921
AACTTTCTCGATCATG-1,0.000042,0.000042,0.000042,0.000042,0.000042,0.000803,0.164778,0.50763,0.005064,0.321514
AAGAAATCACCAGATT-1,0.000032,0.000032,0.000032,0.000032,0.000032,0.030131,0.169304,0.655449,0.09979,0.045165
AAGAAGGATCAGTTAG-1,0.000048,0.000048,0.035553,0.000048,0.183697,0.203873,0.072482,0.335096,0.000144,0.169009
AAGACATACGTGGTTT-1,0.000147,0.000147,0.462404,0.008615,0.000147,0.000147,0.527656,0.000294,0.000147,0.000294
AAGACTAACCCGTTGT-1,0.000154,0.000154,0.622574,0.000154,0.000154,0.000154,0.375885,0.000308,0.000154,0.000308
AAGACTGCAAGCTACT-1,0.00009,0.00009,0.011246,0.121757,0.054866,0.119337,0.210179,0.354618,0.022858,0.10496
AAGAGATGAATCGGTA-1,0.000061,0.000061,0.000061,0.000061,0.000061,0.161496,0.048503,0.622643,0.131702,0.03535
AAGAGCTCTTTATCGG-1,0.000014,0.000014,0.000014,0.305223,0.000015,0.000014,0.000014,0.694647,0.000014,0.000029
AAGAGGATGTACGCGA-1,0.00004,0.00004,0.00004,0.00004,0.038756,0.124034,0.009784,0.086116,0.181664,0.559485
AAGAGGCATGGATCGC-1,0.000102,0.000102,0.000102,0.324209,0.000102,0.000102,0.062975,0.396672,0.063273,0.152361
AAGAGGCCCTTTGGAA-1,0.000146,0.000146,0.133281,0.000146,0.008495,0.083159,0.691934,0.055824,0.000146,0.026721
AAGATTGGCGGAACGT-1,0.000042,0.000042,0.000042,0.007086,0.69607,0.000042,0.059787,0.236764,0.000042,0.000084
AAGCACCCTGCGTATC-1,0.000043,0.000043,0.018348,0.000043,0.000043,0.035511,0.002163,0.000087,0.189137,0.75458
AAGCATACTCTCCTGA-1,0.000075,0.000075,0.000075,0.000075,0.000075,0.000075,0.514484,0.16604,0.013135,0.305889
AAGCCGAAGCGGTTTA-1,0.000038,0.000038,0.000038,0.000039,0.000038,0.209512,0.050525,0.115429,0.120782,0.50356
AAGCCGCTTTACCTTG-1,0.000042,0.000042,0.000042,0.000042,0.000042,0.005031,0.072864,0.729616,0.002595,0.189685
AAGCCGGAGAGCAGGA-1,0.000271,0.000271,0.000271,0.000271,0.000271,0.115334,0.534322,0.348179,0.000271,0.000541
AAGCGCAGGGCTTTGA-1,0.000017,0.000017,0.000017,0.001479,0.000017,0.809202,0.000017,0.047293,0.035512,0.106431
AAGCTAGATCGAGTAA-1,0.000044,0.000044,0.000044,0.000044,0.000044,0.162823,0.087522,0.134618,0.466366,0.148453
AAGCTCGTGCCAAGTC-1,0.000065,0.000065,0.000065,0.016908,0.162956,0.066459,0.241615,0.374115,0.029968,0.107783
AAGCTCTTTCATGGTG-1,0.000048,0.000048,0.000048,0.001745,0.000048,0.010919,0.036419,0.035606,0.103849,0.811271
AAGGAGAACTTATAAG-1,0.000027,0.000027,0.059721,0.003053,0.001454,0.130538,0.015321,0.07616,0.366364,0.347334
AAGGAGCGGTTGGTGC-1,0.000072,0.000072,0.000072,0.000072,0.325466,0.088338,0.000857,0.273543,0.183759,0.127749
AAGGATCGATCGCTTG-1,0.000041,0.000041,0.000041,0.000041,0.075072,0.01151,0.000327,0.724875,0.038577,0.149475
AAGGATGAGGGACCTC-1,0.000061,0.000061,0.000061,0.035766,0.000061,0.000061,0.088673,0.771138,0.03584,0.068278
AAGGCAGGCTGTCTCC-1,0.000032,0.000032,0.000032,0.000032,0.077679,0.125937,0.002934,0.364186,0.02037,0.408767
AAGGCGCGTAAAGCTT-1,0.000042,0.000042,0.059867,0.000042,0.000042,0.465619,0.123012,0.27687,0.007266,0.0672
AAGGCTGTGCTCATCG-1,0.00007,0.00007,0.00007,0.00007,0.00007,0.031991,0.060117,0.564251,0.00007,0.34322
AAGGGACAGATTCTGT-1,0.000071,0.000071,0.015106,0.000071,0.000071,0.000071,0.206435,0.777894,0.000071,0.000141
AAGGTGATAAACCAGC-1,0.000051,0.000051,0.000051,0.000051,0.000051,0.000051,0.043776,0.703141,0.026791,0.225988
AAGTAAGCTTCCAAAC-1,0.000026,0.000026,0.823831,0.000026,0.000026,0.030249,0.020327,0.002091,0.004898,0.1185
AAGTAGAAGACCGGGT-1,0.000035,0.000035,0.035575,0.000035,0.000035,0.030267,0.090573,0.18959,0.093127,0.560726
AAGTAGTGACGCGAGG-1,0.000029,0.000029,0.000029,0.000029,0.000029,0.552688,0.059917,0.207287,0.000029,0.179936
AAGTCAATTGTCGTCA-1,0.000021,0.000021,0.002757,0.000021,0.000021,0.810201,0.033853,0.038455,0.058417,0.056235
AAGTCTAGTAGCTGCC-1,0.000028,0.000028,0.000028,0.000028,0.000028,0.000451,0.083404,0.335203,0.048359,0.532441
AAGTCTTCTGTGGCCT-1,0.000187,0.000187,0.114869,0.000187,0.000187,0.000187,0.532535,0.351101,0.000187,0.000374
AAGTGACGACCGAATT-1,0.000069,0.000069,0.000069,0.000069,0.002249,0.091224,0.216183,0.370162,0.026456,0.293449
AAGTGCAAAGGTAGAC-1,0.00009,0.00009,0.128776,0.00009,0.00009,0.120295,0.49286,0.245929,0.00009,0.011688
AAGTGCCTTGACTGTA-1,0.000057,0.000057,0.010094,0.007229,0.000057,0.151741,0.260422,0.322755,0.09815,0.149438
AAGTGCGTTAGAATCT-1,0.000085,0.000085,0.000085,0.000085,0.000085,0.070552,0.307553,0.434781,0.175531,0.011159
AAGTGTTTGGAGACGG-1,0.000036,0.000036,0.025608,0.000036,0.000036,0.099874,0.023193,0.186696,0.413362,0.251123
AAGTTCACTCCAAGCT-1,0.000112,0.000112,0.000112,0.000112,0.000112,0.000112,0.453581,0.343599,0.005424,0.196723
AAGTTCAGTCTGCGTA-1,0.000042,0.000042,0.000042,0.000042,0.000042,0.108098,0.072771,0.733662,0.063432,0.021824
AAGTTCGGCCAACAGG-1,0.000054,0.000054,0.000054,0.000054,0.000054,0.178135,0.093141,0.084191,0.000282,0.643982
AAGTTGTGATGTTATA-1,0.000216,0.000216,0.000216,0.000216,0.000216,0.000216,0.749237,0.089283,0.159753,0.000432
AAGTTTACTAATGGCA-1,0.000103,0.000103,0.000103,0.021433,0.000103,0.103067,0.261093,0.326868,0.286921,0.000206
AAGTTTATGGGCCCAA-1,0.000091,0.000091,0.000091,0.000091,0.000091,0.000153,0.343764,0.306589,0.167647,0.181394
AATAACAACGCTCGGC-1,0.000008,0.000008,0.000008,0.000008,0.000008,0.754433,0.000008,0.000557,0.00035,0.244609
AATAACACTAGAACAA-1,0.000035,0.000035,0.000035,0.002492,0.00368,0.299522,0.042742,0.336682,0.069786,0.244991
AATAAGTCCTCGAGAC-1,0.000052,0.000052,0.100113,0.000052,0.000052,0.226709,0.142266,0.141987,0.347208,0.041507
AATAATCTTCGTATCG-1,0.000121,0.000121,0.000121,0.000121,0.09174,0.128711,0.159464,0.273669,0.003404,0.342528
AATACAATGTTTCAGG-1,0.000016,0.000016,0.000016,0.000016,0.115786,0.355451,0.000016,0.011256,0.000016,0.517412
AATACCTGATGTGAAC-1,0.000042,0.000042,0.002829,0.000042,0.107946,0.022527,0.072435,0.123112,0.037297,0.633728
AATAGAATCTGTTTCA-1,0.000115,0.000115,0.037653,0.000115,0.085448,0.000115,0.603151,0.272941,0.000115,0.00023
AATAGCTACCGCGTGC-1,0.000018,0.000018,0.000018,0.000018,0.000018,0.582294,0.000018,0.150807,0.014116,0.252673
AATAGTCGCGAGTCGG-1,0.000151,0.000151,0.000151,0.000151,0.000151,0.000151,0.470286,0.528353,0.000151,0.000302
AATATCAAGGTCGGAT-1,0.000122,0.000122,0.052833,0.000122,0.000122,0.042947,0.480864,0.000243,0.000122,0.422504
AATATCCTAGCAAACT-1,0.000042,0.000042,0.894693,0.000042,0.000042,0.0012,0.00029,0.103522,0.000042,0.000084
AATATCGAATCAATGC-1,0.000015,0.000015,0.000015,0.000015,0.001899,0.242261,0.000015,0.044316,0.009182,0.702269
AATATCGAGGGTTCTC-1,0.000059,0.000059,0.152536,0.000059,0.000059,0.000059,0.100291,0.598534,0.010563,0.137782
AATATTGGAGTATTGA-1,0.000047,0.000047,0.000047,0.028057,0.018292,0.115233,0.041831,0.727039,0.000047,0.069359
AATCAGACTGCAGGAC-1,0.000331,0.000331,0.000331,0.000331,0.000331,0.000331,0.996362,0.000661,0.000331,0.000661
AATCATGTAAAGACTC-1,0.000063,0.000063,0.000063,0.000063,0.000063,0.099601,0.221321,0.209449,0.428083,0.041231
AATCCAAGGGCCTGAG-1,0.000154,0.000154,0.219621,0.000154,0.000154,0.000154,0.370906,0.000308,0.131906,0.27649
AATCCATGCAAGGGTG-1,0.000168,0.000168,0.000168,0.000168,0.000168,0.054534,0.734085,0.020078,0.023956,0.166505
AATCGCCTCAGCGCCA-1,0.000038,0.000038,0.006183,0.67795,0.114116,0.000038,0.000038,0.185377,0.003674,0.012549
AATCGCGCAGAGGACT-1,0.000016,0.000016,0.000016,0.000016,0.000016,0.662606,0.034049,0.273387,0.00299,0.026887
AATCGGGACACTACGA-1,0.000091,0.000091,0.000218,0.000091,0.000091,0.000091,0.218111,0.693438,0.000091,0.087688
AATCGGTATAGCCCTC-1,0.000233,0.000233,0.000233,0.014567,0.072571,0.000233,0.910767,0.000466,0.000233,0.000466
AATCGTGAGCCGAGCA-1,0.000108,0.000108,0.039245,0.000108,0.000108,0.035878,0.244683,0.615358,0.015925,0.048477
AATCTAGGTTTACTTG-1,0.000074,0.000074,0.000074,0.000074,0.034491,0.038928,0.029616,0.403759,0.407256,0.085654
AATCTATGCCGGAGCC-1,0.000051,0.000051,0.000051,0.000051,0.000051,0.000051,0.108285,0.733406,0.089246,0.068757
AATCTCTACTGTGGTT-1,0.000067,0.000067,0.000067,0.000067,0.016786,0.03523,0.252533,0.673741,0.000067,0.021378
AATCTGCGTTGGGACG-1,0.000065,0.000065,0.000065,0.000065,0.044741,0.010429,0.221373,0.307404,0.216544,0.199251
AATCTGGCTTTCTAGT-1,0.000051,0.000051,0.013176,0.018129,0.000051,0.106332,0.050961,0.345535,0.029919,0.435793
AATGACAGCAATGTCT-1,0.000156,0.000156,0.000156,0.000156,0.000156,0.000156,0.077347,0.804844,0.000156,0.116715
AATGACGTAGGATGTC-1,0.000064,0.000064,0.067105,0.000064,0.019854,0.009959,0.102311,0.442792,0.107532,0.250257
AATGACTGTCAGCCGG-1,0.000059,0.000059,0.000059,0.008634,0.087258,0.145284,0.042217,0.682121,0.022273,0.012035
AATGAGTTCGCATATG-1,0.000064,0.000065,0.000065,0.000065,0.053812,0.042877,0.326865,0.397765,0.139818,0.038605
AATGATGATACGCTAT-1,0.000079,0.000079,0.000079,0.000079,0.004182,0.054089,0.060534,0.537944,0.018196,0.32474
AATGATGCGACTCCTG-1,0.000049,0.000049,0.024754,0.000049,0.689912,0.019118,0.158575,0.070927,0.030227,0.00634
AATGCAACCGGGTACC-1,0.000059,0.000059,0.000059,0.000059,0.059024,0.008381,0.013082,0.658006,0.131855,0.129415
AATGCACCAAGCAATG-1,0.000142,0.000142,0.081917,0.000142,0.103322,0.000142,0.106821,0.270461,0.436627,0.000284
AATGGTCCACCGTTCA-1,0.00006,0.00006,0.005212,0.00006,0.140037,0.00006,0.060068,0.791653,0.00006,0.002731
AATGGTTCTCACAAGC-1,0.000223,0.000223,0.000223,0.000223,0.000223,0.211386,0.211496,0.128164,0.283809,0.164031
AATGTTGTCGTGAGAC-1,0.00007,0.00007,0.974781,0.00007,0.013412,0.00007,0.011176,0.00014,0.00007,0.00014
AATTAAAGGTCGGCGT-1,0.000048,0.000048,0.031573,0.000048,0.02969,0.068623,0.036046,0.000095,0.063263,0.770567
AATTAACGGATTTCCA-1,0.000045,0.000045,0.01821,0.000045,0.000045,0.15757,0.023495,0.133069,0.083931,0.583545
AATTACTCGTACGCTC-1,0.000374,0.000374,0.000374,0.000374,0.000374,0.000374,0.813317,0.18332,0.000374,0.000747
AATTAGCGCTGCAGCG-1,0.000019,0.000019,0.013055,0.000019,0.265181,0.053235,0.001871,0.160119,0.210664,0.295817
AATTCATAAGGGATCT-1,0.000063,0.000063,0.085708,0.000063,0.000063,0.000063,0.077064,0.447449,0.051986,0.337478
AATTCCAACTTGGTGA-1,0.000111,0.000111,0.641043,0.000111,0.000111,0.000111,0.357851,0.000221,0.000111,0.000221
AATTCCAAGCATGTAC-1,0.000228,0.000228,0.113451,0.000228,0.000228,0.000228,0.884266,0.000457,0.000228,0.000457
AATTCGATTCGAGGAT-1,0.00005,0.00005,0.00005,0.002107,0.094992,0.058326,0.05713,0.426823,0.06643,0.294041
AATTCTAGAGTTAGGC-1,0.000054,0.000054,0.000054,0.000054,0.004383,0.000054,0.19338,0.7504,0.051458,0.000108
AATTGAACGCTCTGGT-1,0.000067,0.000067,0.000067,0.000067,0.000067,0.000067,0.031545,0.838708,0.129207,0.000135
AATTGCAGCAATCGAC-1,0.000081,0.000081,0.604611,0.000081,0.000081,0.000081,0.394578,0.000162,0.000081,0.000162
AATTGTGGTTGCCAAA-1,0.000382,0.000382,0.000382,0.000382,0.000382,0.000382,0.995795,0.000765,0.000382,0.000765
AATTTGGTTCCAAAGA-1,0.000069,0.000069,0.068402,0.000069,0.000069,0.000069,0.027201,0.731936,0.000069,0.172047
ACAAACCGACAAGGCG-1,0.000136,0.000136,0.103739,0.000136,0.000136,0.080734,0.2658,0.129266,0.419644,0.000272
ACAAAGAAGGTAGGCC-1,0.000249,0.000249,0.000249,0.000249,0.000249,0.000249,0.848898,0.026936,0.000249,0.122425
ACAAAGCATGACCTAG-1,0.000052,0.000052,0.104448,0.000052,0.022619,0.070563,0.285427,0.12102,0.001468,0.3943
ACAAATCGCACCGAAT-1,0.000124,0.000124,0.000124,0.000124,0.000124,0.000124,0.749229,0.249654,0.000124,0.000248
ACAAATGGTAGTGTTT-1,0.000056,0.000056,0.000056,0.117024,0.010947,0.000056,0.00154,0.794216,0.030039,0.04601
ACAACGGTCCCTGCGA-1,0.000052,0.000052,0.000052,0.000052,0.028116,0.028189,0.000052,0.789279,0.000052,0.154105
ACAAGCAGTGCCTAGC-1,0.000055,0.000055,0.000055,0.000055,0.034917,0.174169,0.123526,0.407231,0.037375,0.222561
ACAAGCTATATGGAAG-1,0.000092,0.000092,0.430083,0.000092,0.000092,0.138394,0.403541,0.02734,0.000092,0.000183
ACAAGGAAATCCGCCC-1,0.000104,0.000104,0.000104,0.000104,0.000104,0.086851,0.354877,0.458405,0.000104,0.099245
ACAAGGACAAGAGGTT-1,0.000059,0.000059,0.000059,0.000059,0.031712,0.141804,0.088983,0.659192,0.003688,0.074384
ACAAGGATGCTTTAGG-1,0.000439,0.000439,0.000439,0.091727,0.000439,0.000439,0.555617,0.000877,0.181827,0.167758
ACAAGGGCAGGCTCTG-1,0.00005,0.00005,0.064796,0.028713,0.006619,0.093147,0.011106,0.363015,0.239447,0.193057
ACAATAGTCGTACGTT-1,0.000131,0.000131,0.004386,0.000131,0.000131,0.000131,0.357202,0.16596,0.000131,0.471669
ACAATCCATTTAAACC-1,0.000046,0.000046,0.020985,0.009136,0.007385,0.10964,0.007539,0.64939,0.014008,0.181823
ACAATCGATCTTTATA-1,0.000028,0.000028,0.148685,0.000028,0.000028,0.019109,0.020643,0.047218,0.147557,0.616677
ACAATTGTGTCTCTTT-1,0.000032,0.000032,0.030167,0.000032,0.686105,0.035587,0.027877,0.168147,0.000032,0.051991
ACAATTTAGGAGGCTC-1,0.00007,0.00007,0.00007,0.043701,0.034347,0.085657,0.169915,0.554344,0.00007,0.111755
ACAATTTGAGCAGTGG-1,0.000211,0.000211,0.000211,0.062096,0.000211,0.187065,0.070127,0.431829,0.000211,0.247828
ACAATTTGGCCATATT-1,0.000041,0.000041,0.000041,0.047661,0.009734,0.133942,0.128341,0.458673,0.028691,0.192836
ACACAAAGACGGGTGG-1,0.000093,0.000093,0.000093,0.000093,0.028033,0.000093,0.105913,0.444257,0.407996,0.013338
ACACAAATATTCCTAG-1,0.00004,0.00004,0.012058,0.053333,0.00004,0.003774,0.088075,0.734913,0.042172,0.065555
ACACACCAGGACCAGT-1,0.00005,0.00005,0.02033,0.010101,0.018696,0.028349,0.081237,0.656012,0.095411,0.089764
ACACACTTTCTACACG-1,0.000096,0.000096,0.000096,0.000096,0.000096,0.000096,0.185066,0.405503,0.301768,0.107086
ACACATTGACGCAACA-1,0.000098,0.000098,0.135444,0.000098,0.000098,0.120126,0.190666,0.01911,0.000098,0.534163
ACACATTTCCGTAGAC-1,0.000062,0.000062,0.026835,0.000062,0.000062,0.059962,0.170721,0.207138,0.43392,0.101175
ACACCACATAATTAGC-1,0.000023,0.000023,0.000023,0.00505,0.009379,0.019239,0.000023,0.645875,0.000775,0.319587
ACACCCAGCATGCAGC-1,0.00004,0.00004,0.00004,0.00004,0.004843,0.137416,0.00004,0.127603,0.385826,0.34411
ACACCCGAGAAATCCG-1,0.000065,0.000065,0.000065,0.000065,0.184418,0.080706,0.156363,0.251017,0.035533,0.291701
ACACCGAGCGCTCTTT-1,0.000095,0.000095,0.000095,0.049252,0.000095,0.000095,0.417081,0.246195,0.000095,0.286904
ACACCTTAAGTAGGGC-1,0.00008,0.00008,0.00008,0.00008,0.00008,0.276001,0.114678,0.443526,0.141716,0.023682
ACACCTTACTACTTGC-1,0.00002,0.00002,0.00002,0.00002,0.000466,0.215975,0.013562,0.178985,0.056361,0.534571
ACACGGCACTATGCAT-1,0.000034,0.000034,0.929612,0.000034,0.000034,0.028849,0.000034,0.020268,0.021035,0.000067
ACACGTAGGCCACAAG-1,0.000099,0.000099,0.029268,0.000099,0.000099,0.088804,0.183745,0.279535,0.04608,0.372173
ACACTCCAATGTCACT-1,0.000053,0.000053,0.000053,0.000053,0.000053,0.179556,0.265756,0.158734,0.028663,0.367027
ACACTGGGACAGTCGT-1,0.000064,0.000064,0.036504,0.000064,0.081833,0.176901,0.000064,0.087203,0.000064,0.617239
ACAGAACTGAGAACAA-1,0.000053,0.000053,0.000053,0.010824,0.000053,0.102735,0.064027,0.529297,0.182366,0.11054
ACAGATTAGGTTAGTG-1,0.000055,0.000055,0.000055,0.008353,0.020828,0.058947,0.005767,0.251239,0.180609,0.474092
ACAGCATAGAGCCAGT-1,0.000097,0.000097,0.123653,0.000097,0.000097,0.000097,0.33848,0.189559,0.314942,0.032882
ACAGCGACATTCTCAT-1,0.000213,0.000213,0.196068,0.000213,0.000213,0.000213,0.681175,0.015252,0.000213,0.106226
ACAGGAGGCGCAGCCG-1,0.000134,0.000134,0.454121,0.000134,0.000134,0.000134,0.489663,0.055141,0.000134,0.000269
ACAGGCACGGATCCTT-1,0.00009,0.00009,0.00009,0.00009,0.001104,0.074924,0.233132,0.082583,0.009576,0.59832
ACAGGCTTGCCCGACT-1,0.000053,0.000053,0.000053,0.000053,0.055749,0.067912,0.199955,0.329144,0.053128,0.293899
ACAGGTGGAGGTGAGG-1,0.000056,0.000056,0.000056,0.000056,0.000056,0.209237,0.173804,0.566102,0.015211,0.035367
ACAGGTGTGTTGTTGC-1,0.000216,0.000216,0.000216,0.000216,0.000216,0.000216,0.890954,0.107103,0.000216,0.000432
ACAGTAATACAACTTG-1,0.000074,0.000074,0.000074,0.000074,0.000074,0.000074,0.330555,0.4106,0.238785,0.019616
ACAGTATACCGTGGGA-1,0.000022,0.000022,0.067077,0.001368,0.000022,0.085441,0.093925,0.162744,0.065612,0.523768
ACATAATAAGGCGGTG-1,0.000078,0.000078,0.160247,0.000078,0.417874,0.000078,0.242549,0.178782,0.000078,0.000156
ACATCAGCTGGGACGC-1,0.000064,0.000064,0.000064,0.000064,0.000064,0.073764,0.074949,0.825492,0.000064,0.025409
ACATCCTGGTAACTGT-1,0.000058,0.000058,0.000058,0.000058,0.000058,0.005468,0.084021,0.782444,0.0958,0.031978
ACATCGGTCAGCCGCG-1,0.000055,0.000055,0.000055,0.000055,0.000055,0.006398,0.137592,0.142866,0.048823,0.664046
ACATCGTATGCAATGG-1,0.000068,0.000068,0.000068,0.000068,0.000068,0.057956,0.117074,0.372388,0.401089,0.051151
ACATCGTTAACCTAGT-1,0.000332,0.000332,0.000332,0.000332,0.000332,0.000332,0.996348,0.000664,0.000332,0.000664
ACATCTCAACGCGTAA-1,0.00005,0.00005,0.294476,0.00005,0.00005,0.077128,0.183753,0.398149,0.041961,0.00433
ACATGGCGCCAAAGTA-1,0.000047,0.000047,0.000047,0.000047,0.028695,0.09395,0.136312,0.675233,0.002775,0.062849
ACATGGCTCAATTTAG-1,0.000089,0.000089,0.225001,0.026482,0.106429,0.038576,0.405775,0.088204,0.000089,0.109266
ACATTAGTTTATATCC-1,0.000116,0.000116,0.000116,0.000116,0.062851,0.043993,0.251779,0.309278,0.167544,0.164091
ACATTTGAAACCTAAC-1,0.000031,0.000031,0.000031,0.000031,0.062602,0.024288,0.060032,0.020783,0.027365,0.804807
ACCAAACACCCAGCGA-1,0.000017,0.000017,0.013872,0.004785,0.000017,0.323531,0.015158,0.073195,0.150869,0.418541
ACCAAACTAGAAATCC-1,0.000059,0.000059,0.074705,0.000059,0.161458,0.000059,0.299291,0.182161,0.175454,0.106696
ACCAACACCACACACT-1,0.000023,0.000023,0.000023,0.000023,0.021447,0.388911,0.073661,0.153073,0.061162,0.301652
ACCAACCGCACTCCAC-1,0.000061,0.000061,0.755462,0.000061,0.000061,0.000061,0.243928,0.000122,0.000061,0.000122
ACCAAGAACGCGTGTC-1,0.000049,0.000049,0.106841,0.014039,0.000049,0.000049,0.062357,0.522896,0.035574,0.258098
ACCAAGTCATCGGCAG-1,0.000166,0.000166,0.165575,0.000166,0.000166,0.000166,0.832764,0.000332,0.000166,0.000332
ACCAATATGCAAGTTA-1,0.000094,0.000094,0.000094,0.000094,0.000094,0.000094,0.251658,0.272179,0.049598,0.426001
ACCACAAGTTTCTATC-1,0.000047,0.000047,0.000047,0.004502,0.000047,0.023912,0.000047,0.728389,0.048942,0.19402
ACCACACGGTTGATGG-1,0.00022,0.00022,0.00022,0.00022,0.172968,0.00022,0.267791,0.012734,0.186351,0.359053
ACCACCAATGTAACAA-1,0.000036,0.000036,0.000036,0.024349,0.285557,0.074136,0.021601,0.486699,0.030939,0.076609
ACCACCCTCTCTTCTA-1,0.000045,0.000045,0.000045,0.000045,0.000045,0.001082,0.089606,0.654957,0.112292,0.141836
ACCACGTGCAGCTATA-1,0.000156,0.000156,0.136109,0.000156,0.000156,0.091649,0.615591,0.15556,0.000156,0.000312
ACCACTGTTCAAGAAG-1,0.000129,0.000129,0.000129,0.000129,0.031767,0.000129,0.548791,0.326394,0.000129,0.092272
ACCAGACCATAACAAC-1,0.000216,0.000216,0.000216,0.000216,0.000216,0.000216,0.752008,0.113903,0.132357,0.000433
ACCAGCCCGGTCTTTG-1,0.000035,0.000035,0.006523,0.000035,0.000035,0.176223,0.075907,0.231846,0.044043,0.465317
ACCAGGAGTGTGATCT-1,0.000075,0.000075,0.000075,0.000075,0.028867,0.00668,0.10013,0.056005,0.024587,0.783433
ACCAGTGCGGGAGACG-1,0.000028,0.000028,0.000028,0.000028,0.000028,0.033643,0.000028,0.089129,0.040942,0.836116
ACCATATCCGCAATAA-1,0.000076,0.000076,0.000076,0.000076,0.011913,0.081143,0.113582,0.657069,0.125068,0.010919
ACCATCCGCCAACTAG-1,0.000086,0.000086,0.000086,0.000086,0.000086,0.045949,0.429655,0.283454,0.058652,0.181861
ACCATCGTATATGGTA-1,0.000044,0.000044,0.021497,0.000044,0.000044,0.44106,0.112924,0.177026,0.000044,0.24727
ACCATTAAGGGTGTCA-1,0.000152,0.000152,0.000152,0.000152,0.008225,0.064533,0.604105,0.306986,0.000152,0.01539
ACCCAACGCCCGTGGC-1,0.000054,0.000054,0.039752,0.027019,0.000054,0.033082,0.000161,0.615915,0.089632,0.194279
ACCCACCTACATGCTC-1,0.000052,0.000052,0.037979,0.000052,0.016146,0.177541,0.09681,0.548105,0.017022,0.106243
ACCCATCTTGAGGGTA-1,0.000071,0.000071,0.000071,0.000071,0.000071,0.084373,0.000071,0.678502,0.047554,0.189143
ACCCATTTGTCCCTCT-1,0.00021,0.00021,0.00021,0.00021,0.00021,0.00021,0.997685,0.000421,0.00021,0.000421
ACCCGGAAACTCCCAG-1,0.000054,0.000054,0.339565,0.000054,0.000054,0.104242,0.047083,0.227362,0.155907,0.125627
ACCCGGAGCACCACAA-1,0.000102,0.000102,0.000102,0.000102,0.069341,0.199515,0.253695,0.209577,0.130114,0.137351
ACCCGGATGACGCATC-1,0.000059,0.000059,0.000059,0.002386,0.000059,0.289912,0.045867,0.388487,0.09164,0.181474
ACCCGGTTACACTTCC-1,0.000092,0.000092,0.037812,0.000092,0.000092,0.002928,0.060591,0.503095,0.395024,0.000184
ACCCGTAGTCTAGTTG-1,0.000305,0.000305,0.138757,0.000305,0.000305,0.000305,0.85819,0.000611,0.000305,0.000611
ACCCTATAGGACTGAG-1,0.000029,0.000029,0.000684,0.000029,0.006774,0.360777,0.080164,0.031688,0.000029,0.519796
ACCCTCCCGTCAGGGC-1,0.000063,0.000063,0.102954,0.000063,0.000063,0.012527,0.180551,0.043466,0.069773,0.590479
ACCCTCCCTTGCTATT-1,0.000068,0.000068,0.734077,0.000068,0.000068,0.000068,0.197992,0.067389,0.000068,0.000136
ACCCTGGTAACGCCCT-1,0.000037,0.000037,0.000037,0.000037,0.097643,0.095304,0.260744,0.380612,0.052371,0.113178
ACCCTTCATCTGCGAA-1,0.000096,0.000096,0.000096,0.000096,0.000096,0.000096,0.078412,0.526578,0.299229,0.095205
ACCCTTGCCTGGGTCG-1,0.000039,0.000039,0.000039,0.000039,0.000039,0.017319,0.116504,0.565871,0.1912,0.108911
ACCGAAAGGGCCCTGC-1,0.00009,0.00009,0.00009,0.00009,0.059715,0.00009,0.304789,0.634774,0.00009,0.00018
ACCGACACATCTCCCA-1,0.000093,0.000093,0.000093,0.000093,0.000093,0.112219,0.118472,0.425733,0.302198,0.040914
ACCGACTGAGTCCCAC-1,0.000064,0.000064,0.000064,0.000064,0.064035,0.002503,0.025564,0.882237,0.001263,0.024142
ACCGAGTCTCCTTATT-1,0.000026,0.000026,0.000026,0.000026,0.045033,0.296768,0.000711,0.000699,0.097811,0.558874
ACCGATAGGCATAACC-1,0.000294,0.000294,0.000294,0.000294,0.000294,0.207337,0.789718,0.000589,0.000294,0.000589
ACCGATATTTAATCAT-1,0.000102,0.000102,0.044581,0.000102,0.131841,0.139656,0.101688,0.483247,0.000102,0.098578
ACCGATGGTAGCATCG-1,0.000076,0.000076,0.000076,0.025038,0.000076,0.000076,0.25867,0.656458,0.004478,0.054975
ACCGCAATAACTGCCT-1,0.000014,0.000014,0.009167,0.007808,0.000014,0.114436,0.000014,0.000028,0.077616,0.790887
ACCGCGGTGGAAGTCG-1,0.000032,0.000032,0.000032,0.000032,0.000032,0.026015,0.032867,0.925915,0.008121,0.006922
ACCGGGCCTTTGTTGA-1,0.00003,0.00003,0.063912,0.00003,0.00003,0.194764,0.00003,0.052941,0.012779,0.675455
ACCGTTCCCGCTCTGA-1,0.000131,0.000131,0.000131,0.000131,0.000131,0.000131,0.618452,0.197917,0.025346,0.157501
ACCTAAGTACCTTTCA-1,0.000075,0.000075,0.039954,0.000075,0.000075,0.1634,0.400477,0.300352,0.071881,0.023637
ACCTAATCGACTTCCT-1,0.000073,0.000073,0.000073,0.000073,0.000073,0.105166,0.158395,0.679074,0.000073,0.056925
ACCTACAGTATGTGGT-1,0.000034,0.000034,0.000034,0.000034,0.041481,0.337866,0.050136,0.301323,0.043263,0.225796
ACCTACTATAAATCTA-1,0.000218,0.000218,0.010877,0.000218,0.000218,0.126645,0.489355,0.221583,0.056313,0.094356
ACCTCCGCCCTCGCTG-1,0.00002,0.00002,0.00002,0.007186,0.001443,0.825725,0.016888,0.039051,0.00002,0.109626
ACCTCCGTTATTCACC-1,0.000029,0.000029,0.000029,0.000031,0.045219,0.210544,0.030617,0.429362,0.000426,0.283714
ACCTGCGTGTCATGTT-1,0.000073,0.000073,0.000073,0.000073,0.000073,0.004494,0.105763,0.634088,0.029072,0.22622
ACCTTTCCTTTAGAAG-1,0.00008,0.00008,0.00008,0.00008,0.00008,0.030713,0.313749,0.401144,0.153165,0.100831
ACGAAATGGGCGGCAC-1,0.000057,0.000057,0.01234,0.000057,0.000057,0.121101,0.030576,0.571042,0.008611,0.256101
ACGACCCATGAGTTGC-1,0.000256,0.000256,0.000256,0.000256,0.000256,0.188491,0.617661,0.000513,0.000256,0.191797
ACGACTCTAGGGCCGA-1,0.000025,0.000025,0.000025,0.000025,0.008564,0.013186,0.00127,0.048458,0.231279,0.697143
ACGAGAACCCATCACG-1,0.000185,0.000185,0.000185,0.000185,0.013724,0.000185,0.794028,0.190767,0.000185,0.00037
ACGAGGATACCACTCT-1,0.000034,0.000034,0.000034,0.000034,0.000034,0.223764,0.047903,0.139069,0.10365,0.485442
ACGAGTACGGATGCCC-1,0.000077,0.000077,0.047378,0.000077,0.000077,0.000077,0.2363,0.690421,0.00883,0.016686
ACGAGTCGCCGGCGTT-1,0.000153,0.000153,0.000153,0.000153,0.000153,0.057212,0.941259,0.000306,0.000153,0.000306
ACGATACCTATCCTGA-1,0.000229,0.000229,0.000229,0.000229,0.000229,0.000229,0.568843,0.429097,0.000229,0.000458
ACGATCATACATAGAG-1,0.000028,0.000028,0.02748,0.001323,0.00614,0.01333,0.000028,0.213814,0.276767,0.461062
ACGATCATCTTGTAAA-1,0.000048,0.000048,0.000048,0.009783,0.000048,0.126666,0.207664,0.416666,0.033577,0.205452
ACGATGCATATGTTAT-1,0.000061,0.000061,0.013465,0.000061,0.000061,0.182011,0.12139,0.153263,0.192544,0.337082
ACGATGGATCCGATGC-1,0.000034,0.000034,0.015252,0.017539,0.008992,0.119659,0.001695,0.023411,0.122105,0.691278
ACGCAATCACTACAGC-1,0.000071,0.000071,0.000071,0.000071,0.000071,0.000071,0.189572,0.713802,0.002846,0.093355
ACGCATACGTTTACTA-1,0.000054,0.000054,0.085791,0.000054,0.006009,0.141196,0.111337,0.208159,0.058883,0.388462
ACGCATTCGTGAGTAC-1,0.000018,0.000018,0.000018,0.619024,0.000018,0.000018,0.000018,0.380813,0.000018,0.000036
ACGCCACTCGAAACAG-1,0.000129,0.000129,0.000129,0.000129,0.000129,0.00013,0.091681,0.245688,0.660085,0.00177
ACGCCAGATGATTTCT-1,0.000147,0.000147,0.000147,0.000147,0.039406,0.000147,0.272433,0.119844,0.567291,0.000293
ACGCCAGTGCGTTTGC-1,0.000054,0.000054,0.152247,0.000054,0.473428,0.000054,0.120754,0.065007,0.004687,0.18366
ACGCCCAGCTGTCGAT-1,0.000037,0.000037,0.000037,0.000037,0.000037,0.134709,0.075399,0.054245,0.272127,0.463335
ACGCCGCTAGACGACC-1,0.000041,0.000041,0.096142,0.000041,0.000041,0.045778,0.034035,0.442145,0.304288,0.077449
ACGCCTGACACGCGCT-1,0.00003,0.00003,0.130844,0.00003,0.00003,0.461307,0.054366,0.004282,0.00003,0.349049
ACGCGCTACACAGGGT-1,0.000073,0.000073,0.000073,0.000073,0.070754,0.020062,0.211122,0.580071,0.098746,0.018951
ACGCGGGCCAAGGACA-1,0.000024,0.000024,0.028626,0.460809,0.022541,0.086389,0.036111,0.350335,0.006387,0.008753
ACGCGTTTCTTAAGAG-1,0.000117,0.000117,0.000117,0.000117,0.000117,0.056365,0.472355,0.464093,0.00637,0.000233
ACGCTACTGAATGGGC-1,0.000192,0.000192,0.209658,0.000192,0.000192,0.000192,0.267074,0.463741,0.053866,0.004703
ACGCTAGTGATACACT-1,0.000069,0.000069,0.000069,0.036236,0.000069,0.000069,0.13299,0.759632,0.028964,0.041831
ACGCTGTGAGGCGTAG-1,0.000021,0.000021,0.002324,0.003995,0.006275,0.642707,0.005417,0.140425,0.001863,0.196952
ACGGAACACGAGTGCC-1,0.000035,0.000035,0.034256,0.000035,0.055443,0.000035,0.132291,0.541727,0.001011,0.235134
ACGGAATTTAGCAAAT-1,0.000035,0.000035,0.11659,0.000035,0.000035,0.111265,0.046211,0.217353,0.012265,0.496178
ACGGACTCTCAAAGCG-1,0.000064,0.000064,0.003962,0.000064,0.000064,0.005047,0.016218,0.669983,0.075878,0.228656
ACGGAGCGCAAATTAC-1,0.00004,0.00004,0.00004,0.005416,0.00004,0.079673,0.130977,0.541813,0.117118,0.124842
ACGGATGGTGCGGATA-1,0.000057,0.000057,0.000057,0.000057,0.005093,0.028663,0.100683,0.201562,0.015937,0.647833
ACGGCGACGATGGGAA-1,0.00012,0.00012,0.095138,0.00012,0.010819,0.00012,0.428353,0.003836,0.461135,0.00024
ACGGCGGGTTGCCCTG-1,0.000119,0.000119,0.000119,0.000119,0.016653,0.000119,0.646027,0.336366,0.000119,0.000238
ACGGGAGTGTCGGCCC-1,0.000062,0.000062,0.015812,0.000062,0.000062,0.014987,0.060685,0.098739,0.27606,0.533468
ACGGGCGTATGCGACA-1,0.000025,0.000025,0.000025,0.000025,0.000025,0.010347,0.026307,0.141407,0.004144,0.817671
ACGGGTCATGTGACTT-1,0.000113,0.000113,0.000113,0.000113,0.00827,0.053931,0.648219,0.288789,0.000113,0.000226
ACGGTACAGTTCAATG-1,0.000029,0.000029,0.000029,0.000029,0.088891,0.060126,0.056954,0.098657,0.020234,0.675022
ACGTACAGATTTCTCT-1,0.000105,0.000105,0.100666,0.000105,0.000105,0.000105,0.181204,0.524356,0.06336,0.129887
