Barcode,Topic 1,Topic 2,Topic 3to7
AAACAAGTATCTCCCA-1,0.49367,0.001792,0.504538
AAACAATCTACTAGCA-1,0.000213,0.000213,0.999573
AAACACCAATAACTGC-1,0.178851,0.000346,0.820804
AAACAGAGCGACTCCT-1,0.156628,0.000414,0.842958
AAACAGCTTTCAGAAG-1,0.971933,0.000409,0.027658
AAACAGGGTCTATATT-1,0.785773,0.186675,0.027552
AAACATGGTGAGAGGA-1,0.785001,0.03578,0.179219
AAACATTTCCCGGATT-1,0.134043,0.001003,0.864954
AAACCCGAACGAAATC-1,0.312464,0.000184,0.687351
AAACCGGGTAGGTACC-1,0.959054,0.006829,0.034117
AAACCTAAGCAGCCGG-1,0.962617,0.006237,0.031145
AAACCTCATGAAGTTG-1,0.754869,0.003122,0.242009
AAACGAAGATGGAGTA-1,0.988524,0.001913,0.009563
AAACGAGACGGTTGAT-1,0.53654,0.001176,0.462284
AAACGGGCGTACGGGT-1,0.607048,0.002988,0.389965
AAACGTGTTCGCCCTA-1,0.108866,0.000264,0.890869
AAACTAACGTGGCGAC-1,0.035991,0.000213,0.963796
AAACTCGGTTCGCAAT-1,0.754346,0.000697,0.244957
AAACTCGTGATATAAG-1,0.374301,0.000374,0.625325
AAACTGCTGGCTCCAA-1,0.949819,0.000136,0.050045
AAACTTAATTGCACGC-1,0.735704,0.236727,0.027569
AAACTTGCAAACGTAT-1,0.98435,0.002614,0.013036
AAAGAATGACCTTAGA-1,0.915066,0.004358,0.080576
AAAGACTGGGCGCTTT-1,0.798495,0.187977,0.013527
AAAGCTTGCCTACATA-1,0.26264,0.041068,0.696292
AAAGGCCCTATAATAC-1,0.779588,0.003586,0.216826
AAAGGGCAGCTTGAAT-1,0.728685,0.001687,0.269628
AAAGGTAAGCTGTACC-1,0.180247,0.030137,0.789616
AAAGTAGCATTGCTCA-1,0.530972,0.007157,0.461871
AAAGTCGACCCTCAGT-1,0.989513,0.001748,0.008739
AAAGTGTGATTTATCT-1,0.921903,0.073929,0.004168
AAAGTTGACTCCCGTA-1,0.821628,0.000618,0.177754
AAATAACCATACGGGA-1,0.220908,0.000362,0.778729
AAATAAGGTAGTGCCC-1,0.600403,0.000487,0.39911
AAATACCTATAAGCAT-1,0.940661,0.033943,0.025395
AAATAGCTTAGACTTT-1,0.475454,0.000284,0.524262
AAATAGGGTGCTATTG-1,0.885617,0.039218,0.075165
AAATCCGATACACGCC-1,0.982791,0.002865,0.014344
AAATCGCGGAAGGAGT-1,0.792161,0.003774,0.204065
AAATCTAGCCCTGCTA-1,0.647842,0.003878,0.348281
AAATCTGCCCGCGTCC-1,0.883415,0.00163,0.114955
AAATGACTGATCAAAC-1,0.997531,0.000412,0.002058
AAATGATTCGATCAGC-1,0.056867,0.000198,0.942934
AAATGCTCGTTACGTT-1,0.466032,0.000632,0.533336
AAATGGCCCGTGCCCT-1,0.020547,0.020466,0.958987
AAATTAATAAGCGCGA-1,0.928265,0.011941,0.059795
AAATTACACGACTCTG-1,0.250303,0.000364,0.749333
AAATTACCTATCGATG-1,0.717568,0.001086,0.281346
AAATTCCAGGTCCAAA-1,0.198081,0.000212,0.801706
AAATTGATAGTCCTTT-1,0.570432,0.002352,0.427216
AAATTGGTGAGAAGCA-1,0.21348,0.000226,0.786294
AAATTTGCGGGTGTGG-1,0.890789,0.075046,0.034165
AACAACTGGTAGTTGC-1,0.783396,0.001111,0.215493
AACAATTACTCTACGC-1,0.983128,0.002813,0.014059
AACACACGCTCGCCGC-1,0.809289,0.000829,0.189882
AACACGAGACGCGGCC-1,0.499683,0.001729,0.498588
AACACGCGGCCGCGAA-1,0.135964,0.07774,0.786295
AACAGCTGTGTGGCAA-1,0.835468,0.001012,0.163521
AACAGGATGGGCCGCG-1,0.571923,0.086465,0.341612
AACAGGTAGTATGGAT-1,0.791745,0.000332,0.207924
AACATATCAACTGGTG-1,0.428333,0.000646,0.571021
AACATCGATACGTCTA-1,0.27793,0.000295,0.721775
AACCAAGACTTCTCTG-1,0.934111,0.05487,0.011019
AACCATAGGGTTGAAC-1,0.85681,0.023812,0.119377
AACCATGGGATCGCTA-1,0.643988,0.000956,0.355057
AACCCAGAGACGGAGA-1,0.475931,0.000143,0.523926
AACCCATCCCATGATC-1,0.892535,0.017898,0.089568
AACCCGAGCAGAATCG-1,0.443834,0.001526,0.55464
AACCCGCTGTATTCCA-1,0.989955,0.008394,0.00165
AACCCTACTGTCAATA-1,0.498693,0.00043,0.500878
AACCGAGCTTGGTCAT-1,0.25426,0.00016,0.745581
AACCGCTAAGGGATGC-1,0.88604,0.000811,0.11315
AACCTCGCTTTAGCCC-1,0.928377,0.011915,0.059708
AACCTGTCACGGAATT-1,0.627429,0.000554,0.372016
AACCTTTAAATACGGT-1,0.59057,0.000585,0.408845
AACCTTTACGACGTCT-1,0.153846,0.023557,0.822597
AACGAAAGTCGTCCCA-1,0.756043,0.004096,0.239861
AACGATAATGCCGTAG-1,0.849012,0.000421,0.150567
AACGATATGTCAACTG-1,0.498259,0.004338,0.497402
AACGCATGATCTGGGT-1,0.518667,0.000547,0.480786
AACGCGAACGGCAACA-1,0.04681,0.619714,0.333476
AACGCTGTTGCTGAAA-1,0.891076,0.000901,0.108023
AACGGACGTACGTATA-1,0.555692,0.000478,0.44383
AACGGCCATCTCCGGT-1,0.717984,0.00133,0.280686
AACGTAGTCTACCCAT-1,0.094819,0.175383,0.729798
AACGTCAGACTAGTGG-1,0.998019,0.00033,0.001651
AACGTGCGAAAGTCTC-1,0.500197,0.054096,0.445707
AACGTTATCAGCACCT-1,0.904545,0.015886,0.079569
AACTACCCGTTTGTCA-1,0.769542,0.000493,0.229966
AACTCCAGAGCGTGTT-1,0.302135,0.007169,0.690696
AACTCCTAATCCCATG-1,0.45653,0.000426,0.543045
AACTCGATGGCGCAGT-1,0.316418,0.019119,0.664463
AACTCTCAATAGAGCG-1,0.513389,0.00065,0.485962
AACTGAGGTCAGCGTC-1,0.147205,0.000242,0.852553
AACTTCTGCGTCTATC-1,0.673994,0.127103,0.198903
AACTTGCCCGTATGCA-1,0.689764,0.001351,0.308885
AACTTGCGTTCTCGCG-1,0.236137,0.000509,0.763354
AACTTTACGGGAGCTT-1,0.570953,0.071454,0.357593
AACTTTCTCGATCATG-1,0.10207,0.000194,0.897735
AAGAAATCACCAGATT-1,0.000072,0.02585,0.974078
AAGAAGGATCAGTTAG-1,0.283011,0.000293,0.716696
AAGACCAAATAACTCA-1,0.946243,0.008957,0.0448
AAGACTAACCCGTTGT-1,0.389259,0.145665,0.465077
AAGACTGCAAGCTACT-1,0.731427,0.109744,0.158829
AAGAGATGAATCGGTA-1,0.960959,0.00651,0.03253
AAGAGCTCTTTATCGG-1,0.578481,0.000839,0.42068
AAGAGGATGTACGCGA-1,0.990647,0.001558,0.007795
AAGAGGCATGGATCGC-1,0.523365,0.026302,0.450333
AAGAGGCCCTTTGGAA-1,0.356238,0.004102,0.63966
AAGATTGGCGGAACGT-1,0.37569,0.000779,0.62353
AAGCACCCTGCGTATC-1,0.467107,0.003585,0.529308
AAGCATACTCTCCTGA-1,0.674649,0.000395,0.324956
AAGCCGAAGCGGTTTA-1,0.550097,0.056589,0.393314
AAGCCGCCGTGAAATC-1,0.877164,0.020448,0.102388
AAGCCGCTTTACCTTG-1,0.000097,0.000097,0.999807
AAGCGCAGGGCTTTGA-1,0.788626,0.001447,0.209927
AAGCGGCGTCATGGGT-1,0.13838,0.0004,0.86122
AAGCTAGATCGAGTAA-1,0.802441,0.072442,0.125117
AAGCTCGTGCCAAGTC-1,0.874087,0.117273,0.00864
AAGCTCTTTCATGGTG-1,0.850513,0.000995,0.148491
AAGGATCGATCGCTTG-1,0.686241,0.000474,0.313286
AAGGATGAGGGACCTC-1,0.836017,0.001094,0.162889
AAGGCAGGCTGTCTCC-1,0.689226,0.00038,0.310394
AAGGCGCGTAAAGCTT-1,0.992715,0.001214,0.006071
AAGGGAACGACTGGCT-1,0.76533,0.004956,0.229714
AAGGGACAGATTCTGT-1,0.93348,0.00167,0.06485
AAGGGACTATGCATTC-1,0.883782,0.004771,0.111447
AAGGGTTTGATTTCAG-1,0.685445,0.023887,0.290668
AAGGTATCCTAATATA-1,0.323595,0.000576,0.675828
AAGGTGATAAACCAGC-1,0.804174,0.000811,0.195016
AAGTAAGCTTCCAAAC-1,0.181257,0.290655,0.528088
AAGTAGTGACGCGAGG-1,0.453956,0.001011,0.545033
AAGTCAATTGTCGTCA-1,0.62572,0.13974,0.234541
AAGTCTAGTAGCTGCC-1,0.018759,0.000129,0.981112
AAGTCTTCTGTGGCCT-1,0.831548,0.019473,0.148979
AAGTGACGACCGAATT-1,0.910876,0.001393,0.087731
AAGTGCAAAGGTAGAC-1,0.693798,0.001865,0.304337
AAGTGCCTTGACTGTA-1,0.926451,0.000605,0.072944
AAGTGCGTTAGAATCT-1,0.942687,0.009553,0.04776
AAGTGTTTGGAGACGG-1,0.80162,0.002469,0.195911
AAGTTCACTCCAAGCT-1,0.923517,0.000607,0.075876
AAGTTCAGTCTGCGTA-1,0.41204,0.000593,0.587367
AAGTTCGGCCAACAGG-1,0.820564,0.008437,0.171
AAGTTTATGGGCCCAA-1,0.968142,0.005313,0.026545
AATAACAACGCTCGGC-1,0.912127,0.000897,0.086976
AATAACACTAGAACAA-1,0.856484,0.001246,0.14227
AATACAATGTTTCAGG-1,0.753685,0.002927,0.243388
AATAGAATCTGTTTCA-1,0.213258,0.003049,0.783693
AATAGCAAGCCTCCTG-1,0.000107,0.013631,0.986261
AATAGCTACCGCGTGC-1,0.12753,0.00029,0.87218
AATAGTCGCGAGTCGG-1,0.761005,0.00623,0.232765
AATATCCTAGCAAACT-1,0.775527,0.000792,0.223681
AATATCGAATCAATGC-1,0.698245,0.000482,0.301273
AATATCGAGGGTTCTC-1,0.582168,0.001815,0.416017
AATATTGGAGTATTGA-1,0.982087,0.002989,0.014924
AATCATGTAAAGACTC-1,0.529156,0.001961,0.468883
AATCCATGCAAGGGTG-1,0.151723,0.249876,0.5984
AATCGCCTCAGCGCCA-1,0.594681,0.000724,0.404595
AATCGCGCAGAGGACT-1,0.606545,0.037403,0.356053
AATCGTGAGCCGAGCA-1,0.966921,0.005543,0.027536
AATCTAGGTTTACTTG-1,0.960847,0.006523,0.032629
AATCTATGCCGGAGCC-1,0.519682,0.060767,0.41955
AATCTCTACTGTGGTT-1,0.991808,0.001366,0.006826
AATCTGCGTTGGGACG-1,0.691177,0.002707,0.306116
AATCTGGCTTTCTAGT-1,0.466649,0.007186,0.526165
AATGACAGCAATGTCT-1,0.914134,0.0143,0.071566
AATGACGTAGGATGTC-1,0.789907,0.000829,0.209264
AATGAGTTCGCATATG-1,0.205803,0.000379,0.793818
AATGATGATACGCTAT-1,0.379094,0.00108,0.619825
AATGATGCGACTCCTG-1,0.785695,0.001004,0.213301
AATGCACCAAGCAATG-1,0.473804,0.000748,0.525448
AATGGTCCACCGTTCA-1,0.977363,0.003772,0.018865
AATGGTTCTCACAAGC-1,0.9821,0.002982,0.014918
AATGTATGGCACTGTA-1,0.857022,0.023814,0.119164
AATGTGCCCGAGGTGT-1,0.892561,0.017874,0.089565
AATTAACGGATTTCCA-1,0.778057,0.000512,0.221431
AATTACGAGACCCATC-1,0.988373,0.001941,0.009686
AATTACTCGTACGCTC-1,0.010033,0.212687,0.77728
AATTAGCGCTGCAGCG-1,0.804956,0.000305,0.194739
AATTCATAAGGGATCT-1,0.101299,0.000296,0.898405
AATTCATTGTCATGCA-1,0.952147,0.007995,0.039858
AATTCGATTCGAGGAT-1,0.75821,0.001463,0.240326
AATTCTAGAGTTAGGC-1,0.997296,0.000451,0.002254
AATTGAACGCTCTGGT-1,0.900544,0.001709,0.097746
AATTGCAGCAATCGAC-1,0.71837,0.000713,0.280917
AATTGCGTGGATTACA-1,0.956984,0.007168,0.035848
AATTTGGGACATAGTA-1,0.343083,0.000497,0.65642
ACAAACCATGCGTCCT-1,0.785522,0.035723,0.178754
ACAAAGAAGGTAGGCC-1,0.714016,0.047631,0.238353
ACAAAGCATGACCTAG-1,0.774653,0.011003,0.214344
ACAAATCGCACCGAAT-1,0.946195,0.000744,0.053061
ACAAATGGTAGTGTTT-1,0.891166,0.000797,0.108037
ACAAATTCAGATCTGA-1,0.000206,0.093912,0.905882
ACAACAGCATGAGCTA-1,0.580986,0.000988,0.418026
ACAACGGTCCCTGCGA-1,0.600444,0.000744,0.398812
ACAAGCAGTGCCTAGC-1,0.841709,0.018794,0.139496
ACAAGGAAATCCGCCC-1,0.764488,0.037071,0.198441
ACAAGGACAAGAGGTT-1,0.807012,0.000569,0.192418
ACAAGGATGCTTTAGG-1,0.877501,0.088386,0.034113
ACAAGGGCAGGCTCTG-1,0.412129,0.000505,0.587366
ACAATAGTCGTACGTT-1,0.638344,0.001542,0.360114
ACAATCCATTTAAACC-1,0.992704,0.001219,0.006078
ACAATGAATACGGAGA-1,0.55459,0.00574,0.43967
ACAATGATTCTTCTAC-1,0.067855,0.035645,0.896499
ACAATTGTGTCTCTTT-1,0.825589,0.000956,0.173455
ACAATTTAGGAGGCTC-1,0.901872,0.001179,0.096949
ACAATTTGAGCAGTGG-1,0.705035,0.00145,0.293514
ACAATTTGGCCATATT-1,0.670389,0.000469,0.329142
ACACAAATATTCCTAG-1,0.130436,0.000403,0.869161
ACACACCAGGACCAGT-1,0.855228,0.001185,0.143587
ACACATGATCAAATCT-1,0.731365,0.002562,0.266073
ACACATTGACGCAACA-1,0.036108,0.163104,0.800788
ACACATTTCCGTAGAC-1,0.660755,0.010231,0.329014
ACACCACATAATTAGC-1,0.446074,0.000295,0.553631
ACACCCGAGAAATCCG-1,0.754097,0.000567,0.245336
ACACCGAGCGCTCTTT-1,0.30757,0.00101,0.69142
ACACCGGTCTGACCGC-1,0.543701,0.142089,0.314211
ACACCTTAAGTAGGGC-1,0.603158,0.001148,0.395694
ACACCTTACTACTTGC-1,0.443271,0.015361,0.541367
ACACGAGACTCCTTCT-1,0.828227,0.028652,0.143121
ACACGGGAACTTAGGG-1,0.216923,0.004107,0.77897
ACACGTAGGCCACAAG-1,0.377423,0.000854,0.621724
ACACTCCAATGTCACT-1,0.743812,0.001817,0.254372
ACAGAACTGAGAACAA-1,0.968171,0.005303,0.026526
ACAGCGACATTCTCAT-1,0.9642,0.005958,0.029842
ACAGGCTTGCCCGACT-1,0.447217,0.000634,0.552149
ACAGTAATACAACTTG-1,0.582233,0.000989,0.416778
ACAGTATACCGTGGGA-1,0.193979,0.000258,0.805763
ACATAAGTCGTGGTGA-1,0.904626,0.015876,0.079499
ACATCAGCTGGGACGC-1,0.789969,0.000798,0.209233
ACATCCTGGTAACTGT-1,0.739813,0.000443,0.259745
ACATCGGTCAGCCGCG-1,0.863442,0.001292,0.135266
ACATCGTATGCAATGG-1,0.874656,0.115519,0.009824
ACATGGCGCCAAAGTA-1,0.665201,0.000341,0.334459
ACATGGCTCAATTTAG-1,0.000269,0.193481,0.806251
ACCAAACACCCAGCGA-1,0.247272,0.000224,0.752504
ACCAACACCACACACT-1,0.06087,0.000203,0.938927
ACCAACCGCACTCCAC-1,0.828444,0.00071,0.170846
ACCAATATGCAAGTTA-1,0.528855,0.000626,0.470518
ACCACCAATGTAACAA-1,0.76708,0.017081,0.215839
ACCACCCTCTCTTCTA-1,0.029288,0.002144,0.968568
ACCACGTGCAGCTATA-1,0.937468,0.001728,0.060804
ACCACTGTTCAAGAAG-1,0.000102,0.291266,0.708632
ACCAGACCATAACAAC-1,0.491489,0.003336,0.505176
ACCAGTGCCCGGTCAA-1,0.230681,0.000339,0.768981
ACCAGTGCGGGAGACG-1,0.684414,0.001366,0.31422
ACCATCCGCCAACTAG-1,0.894133,0.001861,0.104006
ACCATCGTATATGGTA-1,0.888476,0.00175,0.109774
ACCCAACGCCCGTGGC-1,0.759069,0.002812,0.238119
ACCCACCTACATGCTC-1,0.897902,0.086854,0.015244
ACCCATCTTGAGGGTA-1,0.99131,0.001449,0.007241
ACCCATTTGTCCCTCT-1,0.00359,0.003587,0.992823
ACCCGAGCGAAATTAC-1,0.946738,0.000571,0.05269
ACCCGGAAACTCCCAG-1,0.881839,0.002653,0.115508
ACCCGGATGACGCATC-1,0.639825,0.000472,0.359703
ACCCTATAGGACTGAG-1,0.240641,0.000398,0.758962
ACCCTCCCTTGCTATT-1,0.858914,0.030685,0.110401
ACCCTGGTAACGCCCT-1,0.114859,0.000161,0.88498
ACCCTTGCCTGGGTCG-1,0.000134,0.008943,0.990924
ACCGAAGAGTCTGGTT-1,0.828421,0.028577,0.143002
ACCGACACATCTCCCA-1,0.996929,0.000512,0.002558
ACCGACTGAGTCCCAC-1,0.225818,0.002867,0.771315
ACCGAGTCTCCTTATT-1,0.938489,0.010277,0.051234
ACCGATGGTAGCATCG-1,0.722923,0.000976,0.276101
ACCGCAATAACTGCCT-1,0.758412,0.002811,0.238777
ACCGCGGTGGAAGTCG-1,0.667292,0.000496,0.332212
ACCGGGCCTTTGTTGA-1,0.805503,0.000696,0.193801
ACCGGTCAGGTACACC-1,0.904657,0.015878,0.079465
ACCGTCCACTGGGCCC-1,0.921849,0.01303,0.065121
ACCTAAGTACCTTTCA-1,0.002207,0.002206,0.995587
ACCTAATCGACTTCCT-1,0.81465,0.001706,0.183644
ACCTACAGTATGTGGT-1,0.641521,0.000413,0.358067
ACCTCCGCCCTCGCTG-1,0.748973,0.00165,0.249377
ACCTCCGTTATTCACC-1,0.549175,0.00078,0.450045
ACCTCGAACTTATGCT-1,0.834306,0.008455,0.157239
ACCTGCGTGTCATGTT-1,0.418241,0.010253,0.571506
ACGAAATGGGCGGCAC-1,0.870288,0.125369,0.004343
ACGAGAACCCATCACG-1,0.390157,0.049111,0.560733
ACGAGGATACCACTCT-1,0.0041,0.004098,0.991802
ACGAGGTTTACAACGT-1,0.56654,0.290245,0.143215
ACGAGTACGGATGCCC-1,0.378147,0.001055,0.620798
ACGATACATAGAACTA-1,0.488751,0.034154,0.477095
ACGATCATCTTGTAAA-1,0.528941,0.139749,0.33131
ACGCAATCACTACAGC-1,0.385512,0.000478,0.61401
ACGCATACGTTTACTA-1,0.424872,0.004786,0.570342
ACGCCACTCGAAACAG-1,0.789218,0.000616,0.210166
ACGCCAGATGATTTCT-1,0.212104,0.045563,0.742333
ACGCCGCTAGACGACC-1,0.802166,0.000963,0.196871
ACGCGCTACACAGGGT-1,0.572706,0.003777,0.423517
ACGCGTTTCTTAAGAG-1,0.035851,0.035821,0.928328
ACGCTAGTGATACACT-1,0.569607,0.003053,0.427339
ACGCTGTGAGGCGTAG-1,0.814096,0.000418,0.185486
ACGGAATTTAGCAAAT-1,0.407707,0.000683,0.591609
ACGGACTCTCAAAGCG-1,0.972232,0.004637,0.023131
ACGGAGCGCAAATTAC-1,0.283683,0.000363,0.715954
ACGGATGGTGCGGATA-1,0.443167,0.000308,0.556524
ACGGCGACGATGGGAA-1,0.639284,0.036831,0.323885
ACGGCGGGTTGCCCTG-1,0.22741,0.317105,0.455486
ACGGCTGGATGTAGAA-1,0.828413,0.028575,0.143012
ACGGGAGTGTCGGCCC-1,0.913939,0.014388,0.071674
ACGGGCGTATGCGACA-1,0.304632,0.000307,0.695061
ACGGGTCATGTGACTT-1,0.1876,0.000387,0.812013
ACGTAGATTGCTGATG-1,0.735746,0.002814,0.26144
ACGTAGGAGAGTCGCT-1,0.807119,0.002928,0.189954
ACGTATTACTCCGATC-1,0.778577,0.000516,0.220907
ACGTCGGGCAACTCGG-1,0.933738,0.011078,0.055184
ACGTCTCGTTCCGGGA-1,0.956963,0.0072,0.035837
ACGTGACAAAGTAAGT-1,0.530469,0.028607,0.440924
ACGTTAATGTCGAAGA-1,0.800656,0.00083,0.198514
ACGTTAGATTTGCCCG-1,0.996714,0.000548,0.002738
ACGTTATTGGTCACTC-1,0.415144,0.000536,0.58432
ACGTTCGCAATCAATT-1,0.514892,0.00071,0.484398
ACGTTCTGTACAAGTC-1,0.912427,0.001196,0.086377
ACTAATACGTCAGGCG-1,0.150974,0.063638,0.785388
ACTACATCCCGACAAG-1,0.928264,0.011928,0.059808
ACTACCAGCTCTCTGG-1,0.773872,0.001017,0.22511
ACTAGTTGCGATCGTC-1,0.451074,0.000932,0.547994
ACTATATGCTGTGTTC-1,0.258728,0.000914,0.740358
ACTATCCAGGGCATGG-1,0.5568,0.000466,0.442734
ACTATCTGCCCGCGTA-1,0.807975,0.000486,0.191539
ACTATGTCCAGCTGCC-1,0.938621,0.010216,0.051163
ACTATTCGTCCGTGGT-1,0.158065,0.179918,0.662016
ACTCAACGAATGTATT-1,0.087777,0.029243,0.882981
ACTCAAGTGCAAGGCT-1,0.708407,0.007536,0.284057
ACTCAATAAAGGCACG-1,0.442086,0.002113,0.555802
ACTCATGGCAGCCTTC-1,0.892768,0.017861,0.089371
ACTCCAATATCATCAT-1,0.964352,0.001579,0.034068
ACTCCCATTCCTAAAG-1,0.982817,0.002862,0.014321
ACTCCCGAATTCGTTT-1,0.618202,0.000921,0.380877
ACTCCCGTAGACTAGG-1,0.000223,0.00022,0.999557
ACTCCCTAATGCTAAA-1,0.37364,0.000599,0.625761
ACTCCCTAGAATAGTA-1,0.910233,0.000677,0.089091
ACTCGATGTATTTCAT-1,0.335498,0.000703,0.663798
ACTCGTAACCCGTCCT-1,0.962638,0.006222,0.03114
ACTCGTCAGTAATCCC-1,0.54793,0.00087,0.451201
ACTCTCTGACTTAGGT-1,0.843871,0.000949,0.15518
ACTCTTGTATAGTAAC-1,0.383438,0.043228,0.573333
ACTGAAACGCCGTTAG-1,0.6363,0.000492,0.363209
ACTGAATGGCGAAAGT-1,0.847992,0.001238,0.15077
ACTGCGGACACACCGT-1,0.610732,0.024243,0.365025
ACTGCTCGGAAGGATG-1,0.008459,0.008438,0.983103
ACTGTACGATACACAT-1,0.504678,0.002082,0.49324
ACTGTAGCACTTTGGA-1,0.983766,0.000307,0.015927
ACTGTATACGCGAGCA-1,0.208914,0.000314,0.790771
ACTGTGCTAGTAGATC-1,0.729634,0.000681,0.269685
ACTTACCGGGCGCGCA-1,0.19941,0.000372,0.800219
ACTTACGCATCCACGC-1,0.362848,0.000743,0.63641
ACTTAGTACGACAAGA-1,0.669663,0.000909,0.329427
ACTTATACTTACCCGG-1,0.585697,0.001072,0.413231
ACTTATTTATGTGCCA-1,0.575967,0.000646,0.423386
ACTTCAGGCTGATCCC-1,0.753303,0.002706,0.243991
ACTTCCAGTGGAAGCT-1,0.828401,0.028572,0.143027
ACTTCCATGCGGGACA-1,0.970351,0.004939,0.02471
ACTTCGCCATACGCAC-1,0.632291,0.015954,0.351754
ACTTGACTCCCTCTTT-1,0.726846,0.002355,0.2708
ACTTGCTCTATCTACC-1,0.785517,0.035719,0.178764
ACTTGTAGTCCCTTCA-1,0.995657,0.000724,0.003619
ACTTGTGGATGGAACG-1,0.900312,0.000686,0.099002
ACTTTACCCTCATGAA-1,0.559748,0.001018,0.439234
ACTTTGACTGCATCCT-1,0.849855,0.000637,0.149508
ACTTTGGTCGTGCTCC-1,0.985879,0.002355,0.011766
AGAAATTATGACTCGC-1,0.782232,0.000289,0.217479
AGAACCCAGCGTGACA-1,0.880206,0.000613,0.119182
AGAACCCTCAATTGGG-1,0.829319,0.007545,0.163136
AGAACGTGGTACATTC-1,0.46634,0.005972,0.527688
AGAAGAGCGCCGTTCC-1,0.478628,0.003497,0.517875
AGAAGGTACACTTCAC-1,0.614438,0.011945,0.373618
AGAAGGTTGTAGGTCG-1,0.964138,0.005999,0.029863
AGAAGTGATTCGTGAT-1,0.481729,0.199598,0.318673
AGAATAAATCTTCAGG-1,0.84922,0.036272,0.114507
AGAATGCGGGTTCGGA-1,0.158507,0.000179,0.841315
AGAATTATGGATTCGA-1,0.759474,0.001449,0.239078
AGAATTGTTTGACATA-1,0.45423,0.000646,0.545123
AGACAGCTCAGAATCC-1,0.789006,0.002314,0.20868
AGACCAAACCACACCT-1,0.000216,0.000216,0.999568
AGACCATGGGATACAA-1,0.529523,0.059108,0.411369
AGACCCACCGCTGATC-1,0.947872,0.000234,0.051894
AGACCGCTCCGCGGTT-1,0.994481,0.000922,0.004597
AGACCGGGAAACCCTG-1,0.802949,0.000864,0.196186
AGACGAAGTGCCGGTC-1,0.980461,0.003257,0.016282
AGACGACGATGCCGCT-1,0.955426,0.001594,0.04298
AGACGGGCCGATTTAA-1,0.044076,0.00019,0.955735
AGAGAACCGTCTAGGA-1,0.641968,0.001495,0.356538
AGAGAAGGAGTACAAT-1,0.852248,0.002016,0.145736
AGAGATCTCTAAAGCG-1,0.985688,0.002386,0.011926
AGAGCAGTTATGAGAC-1,0.772177,0.006529,0.221294
AGAGCCGCCGAGATTT-1,0.548711,0.000699,0.45059
AGAGCGCTTGTAACGG-1,0.000081,0.000081,0.999838
AGAGCGTACAAGCTCG-1,0.773494,0.002869,0.223637
AGAGCTACGAAAGCAT-1,0.067065,0.523597,0.409338
AGAGGCTTCGGAAACC-1,0.704614,0.000505,0.294881
AGAGTAAACTTCACTA-1,0.680741,0.000487,0.318772
AGAGTATAGTGTTACG-1,0.284678,0.000328,0.714994
AGAGTTAGAGACCGAT-1,0.000247,0.335623,0.66413
AGATACCAGCACTTCA-1,0.168587,0.000185,0.831228
AGATACCGGTGTTCAC-1,0.892536,0.001365,0.106099
AGATACGACTTCATAT-1,0.383233,0.000844,0.615923
AGATACTCAAGATCGA-1,0.651694,0.001317,0.346989
AGATATAATACGACTA-1,0.970325,0.004938,0.024736
AGATCGTGCATAAGAT-1,0.513024,0.000483,0.486493
AGATCTCAGGTGTGAT-1,0.949486,0.00841,0.042103
AGATGAGGGTTGCGAT-1,0.456016,0.054454,0.48953
AGATGATGGAGTCTGG-1,0.617036,0.000624,0.38234
AGATGCAAGACGTGCA-1,0.817385,0.006503,0.176112
AGATGCATCCTGTGTC-1,0.570912,0.071429,0.357659
AGATGCTATAACGAGC-1,0.125209,0.064353,0.810438
AGATTCACAACCGATA-1,0.771301,0.126263,0.102436
AGCAAAGGCCGCTAGT-1,0.972214,0.000701,0.027085
AGCAACATATCTTATT-1,0.727243,0.043985,0.228772
AGCAACCGAAAGTAAT-1,0.904414,0.015908,0.079679
AGCACTACCGGCCTGT-1,0.981687,0.003048,0.015266
AGCACTACCTCACCAG-1,0.795169,0.00081,0.204021
AGCACTTAAGGACGCC-1,0.895229,0.001063,0.103708
AGCAGAAGGAGAAAGA-1,0.904835,0.086927,0.008238
AGCATATCAATATGCT-1,0.631721,0.002392,0.365887
AGCATCATTTCGAAAG-1,0.63952,0.017861,0.342619
AGCCACAGGTTACCCG-1,0.42383,0.005117,0.571053
AGCCACTCCCGTGCTT-1,0.376984,0.000834,0.622181
AGCCATATAGTATGTG-1,0.814046,0.005974,0.17998
AGCCCATACATGTAAG-1,0.007189,0.007174,0.985637
AGCCCGGCATTAGAGG-1,0.983469,0.002752,0.013779
AGCCCTGTCGCACCGT-1,0.686366,0.000356,0.313278
AGCCCTTCTAATCCGA-1,0.322879,0.00035,0.676772
AGCCGCAAATTCAAAT-1,0.826911,0.002176,0.170913
AGCCGTGGCTAAATGT-1,0.634106,0.009539,0.356355
AGCCTAATACCCACGT-1,0.511,0.007176,0.481823
AGCCTTAAAGCGGAAG-1,0.492919,0.002241,0.50484
AGCCTTGTCACTGATA-1,0.974678,0.004215,0.021107
AGCGACAGGAACGGTC-1,0.811023,0.003183,0.185795
AGCGCGGGTGCCAATG-1,0.527582,0.000565,0.471853
AGCGCTAGAGCGATGT-1,0.356181,0.000229,0.64359
AGCGCTTATGGGCAAG-1,0.041756,0.025988,0.932256
AGCGGACACTTCGTAG-1,0.784755,0.036186,0.179059
AGCGGCGGTTAGCGGT-1,0.713256,0.003981,0.282763
AGCGGGAAGGGTCCAT-1,0.618492,0.014309,0.367199
AGCGGGTCTGACACTC-1,0.655092,0.003978,0.340929
AGCGGTTGCCGCTCTG-1,0.209604,0.000395,0.79
AGCGTACGAGAGCTAG-1,0.029347,0.223203,0.74745
AGCGTCTGAACCCGCA-1,0.219751,0.000298,0.779951
AGCGTGGTATTCTACT-1,0.758631,0.001096,0.240274
AGCTAAGTACGCAGGC-1,0.469085,0.005516,0.525399
AGCTAGAAGCAGAAGT-1,0.452979,0.000696,0.546325
AGCTATTTAATCCAAC-1,0.172877,0.0217,0.805423
AGCTCCATATATGTTC-1,0.005321,0.005298,0.989381
AGCTCCTTCGCACATC-1,0.657887,0.00299,0.339123
AGCTCGTTGATGGAAA-1,0.156707,0.000152,0.843141
AGCTCTAGACGTTCCA-1,0.634781,0.001121,0.364098
AGCTCTTCCCAGTGCA-1,0.337198,0.000518,0.662284
AGCTCTTCGTAACCTT-1,0.724402,0.042489,0.23311
AGCTGAAGTAAACCAA-1,0.343109,0.038039,0.618852
AGCTGTAACCTCAATC-1,0.921844,0.013027,0.065129
AGCTTGATCTTAACTT-1,0.670547,0.001594,0.327859
AGGAAGCTGTCCGCCG-1,0.630726,0.00717,0.362103
AGGACAGTCGAATCCC-1,0.811315,0.001071,0.187614
AGGACATCGCACGTCG-1,0.808249,0.165212,0.026538
AGGACGCTCGATGTTG-1,0.28504,0.000806,0.714154
AGGAGACATCCACAGT-1,0.075144,0.000118,0.924738
AGGAGAGTCTGGCTAC-1,0.076872,0.000346,0.922782
AGGAGGCCTTCGCGCG-1,0.796826,0.004092,0.199082
AGGATAAAGTCGGGAT-1,0.333268,0.047769,0.618963
AGGATATAGGGATTTA-1,0.763494,0.000743,0.235763
AGGATCACGCGATCTG-1,0.78647,0.134003,0.079527
AGGATTGCTTACGACA-1,0.480952,0.000402,0.518646
AGGCAAAGAGGAATCA-1,0.065199,0.443208,0.491593
AGGCAGATGCGTAAAC-1,0.374777,0.001463,0.62376
AGGCATTGTCGTAGGG-1,0.66942,0.001011,0.32957
AGGCCACCCGTTATGA-1,0.663465,0.001271,0.335265
AGGCCCAGTGACTGGT-1,0.180588,0.16833,0.651082
AGGCCCTAGAACGCCA-1,0.482332,0.004781,0.512887
AGGCCTGAGAATCTCG-1,0.958993,0.006858,0.034149
AGGCGGTTTGTCCCGC-1,0.877278,0.020451,0.102271
AGGCGTCTATGGACGG-1,0.119425,0.000338,0.880236
AGGCTATGGTTAGCTT-1,0.942325,0.002275,0.0554
AGGCTTGCTAGACACC-1,0.6887,0.007553,0.303746
AGGGAAACGAGGTACT-1,0.13078,0.000278,0.868942
AGGGACCGGCTGCGTT-1,0.586175,0.000532,0.413293
AGGGAGACATACTTCG-1,0.536915,0.000875,0.46221
AGGGCGAGCAGCTGAT-1,0.464268,0.000469,0.535263
AGGGCTGCAGTTACAG-1,0.437072,0.001259,0.561669
AGGGTCAGTAACCCTA-1,0.196832,0.042766,0.760403
AGGGTCGATGCGAACT-1,0.445899,0.000545,0.553555
AGGGTGCTCTCGAGGG-1,0.717161,0.000644,0.282195
AGGGTGGATAGTGCAT-1,0.960859,0.006533,0.032608
AGGGTTCCCTTTGGTT-1,0.972231,0.004642,0.023127
AGGTAACCTCCTATTC-1,0.532493,0.000732,0.466775
AGGTAGGTACAAAGCT-1,0.800148,0.001991,0.197862
AGGTATAATTGATAGT-1,0.497374,0.000572,0.502055
AGGTATGCGGACATTA-1,0.492815,0.000387,0.506799
AGGTCAGGTGAGAGTG-1,0.907952,0.004784,0.087264
AGGTCGCCACTTCGGT-1,0.176106,0.128599,0.695295
AGGTCGCGGAGTTACT-1,0.400277,0.000806,0.598917
AGGTGTATCGCCATGA-1,0.972258,0.00462,0.023122
AGGTTACACCATGCCG-1,0.653841,0.000362,0.345796
AGGTTCTCCTTTCCGG-1,0.904532,0.015875,0.079594
AGGTTGAGGCACGCTT-1,0.395304,0.002518,0.602178
AGGTTTCACACACCTT-1,0.950212,0.001592,0.048196
AGTAATTTGCAAGCGT-1,0.872616,0.062593,0.064791
AGTACAGAAGCTTATA-1,0.014349,0.014377,0.971274
AGTACATCATTTATCA-1,0.368123,0.001139,0.630739
AGTACCTTCGAGTGCT-1,0.214096,0.000416,0.785489
AGTACGGCCCGTATCG-1,0.926303,0.000767,0.07293
AGTACGGGCACCTGGC-1,0.593467,0.002275,0.404259
AGTACTCTTATGCCCA-1,0.678184,0.000994,0.320822
AGTAGAAGGCGCCTCA-1,0.992309,0.000347,0.007344
AGTAGGAAGGAAGTTG-1,0.329307,0.000443,0.67025
AGTATAATACTAGGCA-1,0.95703,0.007157,0.035813
AGTATGCTGGAGACCA-1,0.315122,0.505926,0.178952
AGTCAAGATGACACTT-1,0.990747,0.001543,0.00771
AGTCACTAGCTCTCGA-1,0.356881,0.006835,0.636284
AGTCACTCCGCCTCAT-1,0.266655,0.141211,0.592134
AGTCAGCCACCGCCTG-1,0.554133,0.000789,0.445078
AGTCCATTGGCTGATG-1,0.521513,0.000393,0.478094
AGTCCCGCCTTTAATT-1,0.091663,0.000434,0.907904
AGTCCCTCGCAGAAAG-1,0.034242,0.020301,0.945458
AGTCGAAACGATTCAG-1,0.946246,0.008978,0.044776
AGTCGACGGTCTCAAG-1,0.510872,0.00045,0.488679
AGTCGGCCCAAACGAC-1,0.957056,0.000269,0.042675
AGTCGGCTCAACTTTA-1,0.954733,0.007545,0.037721
AGTCGGTTGCGTGAGA-1,0.633106,0.031687,0.335207
AGTCGTATAAAGCAGA-1,0.957023,0.007173,0.035804
AGTCGTCGACCACCAA-1,0.606509,0.000525,0.392966
AGTCGTGGGCATTACG-1,0.447727,0.023856,0.528417
AGTCTAAAGTATACTC-1,0.329703,0.000619,0.669678
AGTCTCACAAGACTAC-1,0.360936,0.005733,0.633331
AGTCTGGACATCCTTG-1,0.56046,0.092609,0.346931
AGTCTTTAAAGTGTCC-1,0.921827,0.013054,0.065119
AGTGAACAAACTTCTC-1,0.574219,0.064503,0.361278
AGTGAAGATGGTGTCC-1,0.09045,0.000266,0.909284
AGTGACTGTGACACAA-1,0.899029,0.086632,0.014339
AGTGAGACTTCCAGTA-1,0.725237,0.001685,0.273078
AGTGAGCCTCGCCGCC-1,0.600752,0.0007,0.398548
AGTGAGGGTTTCTGAC-1,0.000518,0.185937,0.813545
AGTGATAACCTGCGCG-1,0.985159,0.002482,0.012359
AGTGATTCAAGCAGGA-1,0.923283,0.065862,0.010856
AGTGCACGCTTAAGAA-1,0.816258,0.153895,0.029846
AGTGCTAAACACAGCA-1,0.938609,0.010221,0.05117
AGTGCTTGCACGAATA-1,0.720256,0.000649,0.279095
AGTGGCGGCAATTTGA-1,0.291971,0.000632,0.707397
AGTGGCGTCTGAAGGT-1,0.502605,0.010222,0.487173
AGTGGCTCCGTCGGCC-1,0.967699,0.000579,0.031722
AGTGGTGTTACCCGTG-1,0.622664,0.002808,0.374528
AGTGGTTGCGTATAGG-1,0.796419,0.017955,0.185626
AGTGTATTGCGCATTG-1,0.190813,0.000428,0.808759
AGTGTGCTAAGATCGC-1,0.093884,0.000237,0.905879
AGTGTGGTCTATTGTG-1,0.724396,0.001966,0.273638
AGTTAAGCGGTCCCGG-1,0.001307,0.060476,0.938217
AGTTAAGTCAACCGCT-1,0.952296,0.007944,0.03976
AGTTACCCTTAAGACT-1,0.372837,0.028628,0.598536
AGTTACCGCACATGGT-1,0.47605,0.000667,0.523283
AGTTACTCTATCGTGG-1,0.156517,0.000432,0.843051
AGTTCACCGGTTGGAC-1,0.73579,0.004484,0.259725
AGTTCCTATTTATGTT-1,0.995498,0.000751,0.003751
AGTTCTGCGTTGTATC-1,0.253019,0.000694,0.746287
AGTTGACATCGGCTGG-1,0.105527,0.063484,0.830989
AGTTGACGGTCCTTGC-1,0.071604,0.570326,0.358069
AGTTGCGGTCCTCAAC-1,0.959777,0.032905,0.007317
AGTTGCTGACTGATAT-1,0.578982,0.000892,0.420126
AGTTTATGTAAAGACA-1,0.173478,0.000209,0.826313
AGTTTGCACCTGCCTC-1,0.647396,0.00113,0.351474
AGTTTGGCACGGGTTG-1,0.835947,0.001303,0.16275
AGTTTGGCCAGACCTA-1,0.828038,0.028613,0.143349
ATAAACCATTGGACGG-1,0.233627,0.000811,0.765562
ATAAACGTTGCACCAC-1,0.470878,0.005121,0.524001
ATAAATATTAGCAGCT-1,0.987727,0.002047,0.010226
ATAACGCCGGAGGGTC-1,0.221029,0.000824,0.778147
ATAACGGAGTCCAACG-1,0.486552,0.015894,0.497554
ATAACGTTACCTCCAC-1,0.090709,0.038362,0.87093
ATAAGGTGGAGAACAT-1,0.961721,0.001104,0.037175
ATAAGTACCCGATTGT-1,0.174118,0.000305,0.825577
ATAAGTAGGATTCAGA-1,0.456359,0.000629,0.543012
ATAAGTAGGGCGACTC-1,0.567708,0.000548,0.431744
ATAATACCGTTAGCCG-1,0.481189,0.001056,0.517755
ATAATAGCTGTTGAAT-1,0.995169,0.000805,0.004026
ATAATAGTGTAGGGAC-1,0.61573,0.001463,0.382807
ATAATCTTGGAGAACC-1,0.572528,0.003685,0.423788
ATAATTAGCTAAGTAG-1,0.570683,0.071439,0.357878
ATACAGGCCCTCCAAT-1,0.612789,0.000961,0.38625
ATACCACGGGCAACTT-1,0.982438,0.002928,0.014634
ATACCGTCATCCATAA-1,0.35682,0.000321,0.642859
ATACCTAACCAAGAAA-1,0.874742,0.001991,0.123268
ATACGAAGGCTTTCCA-1,0.418846,0.003111,0.578043
ATACGCCGATCTACCG-1,0.091833,0.183905,0.724262
ATACGCCGGCGAAACC-1,0.400226,0.0005,0.599274
ATACGGAACGTCGTTT-1,0.284863,0.011012,0.704125
ATACGGGTTTCGATTG-1,0.445033,0.000886,0.554081
ATACGGTGAAGATGCA-1,0.951781,0.000662,0.047557
ATACGTACTTAGCCAC-1,0.656963,0.000666,0.342371
ATACGTCCACTCCTGT-1,0.701182,0.00199,0.296827
ATACGTTATGCACGGA-1,0.142857,0.142857,0.714286
ATACTACCCGTACCAC-1,0.01106,0.011022,0.977918
ATACTCTCGCCACTCT-1,0.031912,0.0003,0.967788
ATACTGCCTTACACCG-1,0.989758,0.001707,0.008535
ATACTTGTTCTCGAGC-1,0.6209,0.000612,0.378488
ATAGACAACGGGACCT-1,0.314812,0.00064,0.684548
ATAGAGTTATCAACTT-1,0.628634,0.001095,0.370271
ATAGCAACTAGGGAAG-1,0.979977,0.003343,0.01668
ATAGCCTCAGTACCCA-1,0.565961,0.000896,0.433144
ATAGCTGCTCTTGTTA-1,0.374209,0.000442,0.625349
ATAGGCGGCTATAGAA-1,0.9747,0.004221,0.021079
ATAGGCTAGCTTCGCA-1,0.575201,0.000854,0.423945
ATAGGGATATCCTTGA-1,0.235471,0.001217,0.763313
ATAGTTCCACCCACTC-1,0.611729,0.062963,0.325308
ATATAAAGCGCTCGTG-1,0.994559,0.000906,0.004535
ATATAAATGTAGCTGC-1,0.622694,0.000554,0.376753
ATATACATGTATGGTA-1,0.582417,0.000788,0.416795
ATATAGAGTATTGGTC-1,0.87745,0.020412,0.102138
ATATCAACCTACAGAG-1,0.471867,0.066933,0.4612
ATATCAATTCCAGCCT-1,0.969315,0.005107,0.025578
ATATCGGTAGGGAGAT-1,0.79465,0.000407,0.204943
ATATCGTTCCTCGAAC-1,0.920652,0.001365,0.077983
ATATCTCCCTCGTTAA-1,0.210123,0.000502,0.789376
ATATGTCTAGAGCGTG-1,0.957021,0.007176,0.035803
ATATGTCTCCCTAGCC-1,0.924777,0.00074,0.074483
ATATTCAGTTAAACCT-1,0.985424,0.00243,0.012146
ATATTCCACATAGTGA-1,0.911221,0.001479,0.087301
ATATTGCTGTCAAAGT-1,0.593761,0.001167,0.405072
ATCAAACACTGTTCCA-1,0.754479,0.000943,0.244578
ATCAAACGAAGGTTTG-1,0.010271,0.010213,0.979516
ATCAAAGAGCCGTGGT-1,0.994884,0.000853,0.004263
ATCAATCTGGGCTGCA-1,0.593906,0.003678,0.402416
ATCAATGCCGTGGCTG-1,0.837421,0.003674,0.158905
ATCACATTAGAATATC-1,0.27611,0.000404,0.723485
ATCACGTGCTAATTAA-1,0.610132,0.002871,0.386997
ATCAGACGGCACGCCG-1,0.813077,0.001861,0.185062
ATCAGCCTCATGCTGC-1,0.668891,0.000885,0.330224
ATCAGCTCGTCCACTA-1,0.386872,0.015892,0.597236
ATCAGGTCGCCATTGC-1,0.000215,0.076074,0.923711
ATCAGTAGGCAGGGAT-1,0.36622,0.000664,0.633116
ATCATAGCCCTATGTA-1,0.702929,0.001018,0.296052
ATCATTGTACCGCATT-1,0.857023,0.023815,0.119162
ATCCAACGCAGTCATA-1,0.634419,0.001773,0.363809
ATCCAATGGAGGGTCC-1,0.742786,0.003504,0.25371
ATCCAATGGTACCGAA-1,0.92842,0.011932,0.059648
ATCCACATCGACAGAA-1,0.898831,0.002516,0.098653
ATCCACTTTCAGACTA-1,0.135553,0.000611,0.863836
ATCCCATCCACAGCGC-1,0.980454,0.003255,0.016292
ATCCTGAATCGCTGCG-1,0.988228,0.001962,0.00981
ATCGACCCAATACAGA-1,0.989512,0.001747,0.008741
ATCGCACGATTGTTCA-1,0.149539,0.119841,0.73062
ATCGCCAGTCAACATT-1,0.535175,0.000375,0.46445
ATCGCTGCGTGCAGCA-1,0.253278,0.039177,0.707545
ATCGCTTTACGTCTCA-1,0.441965,0.000489,0.557546
ATCGGAGACAGACGGC-1,0.161209,0.00039,0.838401
ATCGGCAAGCAGTCCA-1,0.07772,0.000515,0.921765
ATCGGTTACCTAGTAA-1,0.989884,0.001688,0.008428
ATCGTATTCCGAGAAC-1,0.750873,0.054347,0.19478
ATCGTCCAATCGAGTC-1,0.119823,0.212553,0.667624
ATCGTGGAAAGTCTGG-1,0.913968,0.014388,0.071644
ATCGTTAGCTAGCGGA-1,0.354714,0.002517,0.642769
ATCGTTCACTTTCGCC-1,0.124985,0.000314,0.874701
ATCTAATATCCTACGG-1,0.20453,0.107404,0.688066
ATCTAGCTTGTGAGGG-1,0.994875,0.000855,0.00427
ATCTCCCACGGAATAT-1,0.695542,0.001543,0.302915
ATCTCCCTGCAATCTA-1,0.233886,0.000422,0.765692
ATCTCGTGAGCGAAAC-1,0.565539,0.000342,0.43412
ATCTGATAGTGTCTTA-1,0.500624,0.004346,0.495031
ATCTGCACCTCTGCGA-1,0.658193,0.00085,0.340957
ATCTGGGCTGTTCTTG-1,0.83977,0.000854,0.159376
ATCTGGTTAAGACTGT-1,0.433793,0.167543,0.398664
ATCTTAGGGCATTAAT-1,0.983768,0.002712,0.01352
ATCTTGACTTGTCCAA-1,0.595026,0.002515,0.402459
ATCTTTCGTATAACCA-1,0.377977,0.000327,0.621696
ATGAAGTGGACCCAGC-1,0.883548,0.089925,0.026527
ATGACGCGTTCTATCC-1,0.928258,0.01197,0.059772
ATGACTATGCGACATT-1,0.444115,0.001353,0.554532
ATGAGGAGTGTTAATC-1,0.980445,0.003254,0.016301
ATGAGGGCAGCGGCTA-1,0.768636,0.000335,0.231029
ATGCACCTTCCTTAAT-1,0.252475,0.010229,0.737296
ATGCACGCGCTGTTCA-1,0.938629,0.010232,0.051139
ATGCCAATCGCTCTGC-1,0.146479,0.000365,0.853156
ATGCCATTTGCGACCA-1,0.689069,0.00139,0.309541
ATGCCGGTCTTGCATA-1,0.894563,0.001352,0.104085
ATGCCGGTTGATGGGA-1,0.279878,0.000436,0.719686
ATGCGACAATTGGTCC-1,0.000267,0.000261,0.999472
ATGCGACAGTCCCATT-1,0.466215,0.00069,0.533095
ATGCGAGTCCCACCAC-1,0.819743,0.00085,0.179408
ATGCTCAGTGTTGCAT-1,0.957575,0.002473,0.039952
ATGCTCTGGCGCGGTA-1,0.853311,0.002392,0.144298
ATGCTTAGGAGTTGAT-1,0.672235,0.010223,0.317542
ATGGAAATTTAAGGAG-1,0.928076,0.00059,0.071334
ATGGAACCTTTGCACA-1,0.420517,0.0003,0.579184
ATGGAGCAGGCCGTGA-1,0.858383,0.00104,0.140577
ATGGATCCGGCGTCCG-1,0.261899,0.142741,0.59536
ATGGCAGCATTACGAT-1,0.857023,0.023814,0.119164
ATGGCAGCCGAGAAAC-1,0.844121,0.048792,0.107087
ATGGCGGAATAGTCGC-1,0.427562,0.000266,0.572172
ATGGCTGGAAATGGCC-1,0.244735,0.053791,0.701474
ATGGGACCTGCTGAAC-1,0.987876,0.002024,0.0101
ATGGGCCTCGGCCTCT-1,0.97795,0.003674,0.018376
ATGGGTGTATACCTCC-1,0.364494,0.004943,0.630563
ATGGTATTGGGAACCG-1,0.99271,0.001214,0.006076
ATGGTATTTACTGATT-1,0.965012,0.030141,0.004847
ATGGTCGCGTGGTTTC-1,0.986139,0.002312,0.011548
ATGTAAGGCTGCTCTT-1,0.399812,0.000655,0.599533
ATGTACGATGACGTCG-1,0.928134,0.011992,0.059875
ATGTAGCGCGCGTAGG-1,0.989385,0.001769,0.008846
ATGTCATAATAAACGA-1,0.851489,0.001796,0.146715
ATGTCATTTCCCATTG-1,0.326702,0.048386,0.624912
ATGTGAAAGCCTAATG-1,0.959061,0.006815,0.034124
ATGTGGACATCTTGAT-1,0.46054,0.000527,0.538933
ATGTTACGAGCAATAC-1,0.259184,0.000419,0.740397
ATGTTCCTGCCCACCT-1,0.240824,0.000571,0.758605
ATGTTCGTCGACCCAC-1,0.766837,0.0007,0.232463
ATGTTTCGGCCCGGAG-1,0.582968,0.0005,0.416532
ATTAACACCTGAGATA-1,0.275626,0.000671,0.723703
ATTAATGAACCAGTCG-1,0.427142,0.003776,0.569082
ATTACAACTACCGGCC-1,0.104008,0.00019,0.895802
ATTACATGTCAGTCTT-1,0.794439,0.000539,0.205021
ATTACCACACTGCCTG-1,0.871947,0.000428,0.127624
ATTACGACTCCACAGT-1,0.190189,0.000204,0.809607
ATTACGCGCTGGCAGG-1,0.93375,0.011006,0.055244
ATTACGGGCTACGGTT-1,0.92846,0.011906,0.059634
ATTACTTACTGGGCAT-1,0.386345,0.000758,0.612897
ATTAGATTCCTCAGCA-1,0.504576,0.000743,0.494681
ATTAGGCGATGCTTTC-1,0.812508,0.001086,0.186405
ATTATACTTTGCTCGT-1,0.201202,0.316782,0.482015
ATTATAGCTACTTTAC-1,0.377224,0.000593,0.622183
ATTATGAGACCCAATT-1,0.649385,0.007156,0.343459
ATTCAACCATTTAAGG-1,0.379955,0.002654,0.617391
ATTCACTGATGTTGGA-1,0.709674,0.000487,0.289838
ATTCAGGACCTATTTC-1,0.298922,0.000943,0.700135
ATTCAGTAGCAGGGTC-1,0.792347,0.004488,0.203166
ATTCATCGTTGAGGCA-1,0.977352,0.003777,0.018871
ATTCCCACATAAACAA-1,0.713319,0.00163,0.285051
ATTCCCGAAGGTACAG-1,0.82826,0.028584,0.143156
ATTCCTAAGACGTGGA-1,0.339462,0.000315,0.660223
ATTCCTCCGCCAGTGC-1,0.98128,0.000307,0.018413
ATTCCTTCCAGGCGGT-1,0.13647,0.031755,0.831775
ATTCGACGCCGGGCCT-1,0.756907,0.001995,0.241098
ATTCGCAGAGGACACT-1,0.006804,0.000132,0.993064
ATTCGTGCTATCTCTT-1,0.735333,0.000603,0.264064
ATTCTTCGTACTTATG-1,0.037813,0.413844,0.548342
ATTGACCGGCGATGAC-1,0.174744,0.000263,0.824993
ATTGATAGCAACGAGA-1,0.303695,0.058469,0.637836
ATTGATCACCACATTT-1,0.781963,0.057447,0.16059
ATTGATGAGTCCTAAC-1,0.682398,0.001225,0.316377
ATTGCCTTTATGTTTG-1,0.630625,0.007152,0.362223
ATTGCGATCAGTAACT-1,0.820704,0.000548,0.178749
ATTGGATTACAGCGTA-1,0.93385,0.011008,0.055142
ATTGGGAGTTCTGTAA-1,0.017664,0.10863,0.873706
ATTGTACAACTCGGCT-1,0.507523,0.00048,0.491997
ATTGTCGCAATACCTT-1,0.259344,0.0286,0.712056
ATTGTGACTTCGCTGC-1,0.193868,0.00045,0.805682
ATTTACAGTTTACTGG-1,0.997814,0.000364,0.001822
ATTTACTAAGTCCATT-1,0.530049,0.000833,0.469118
ATTTATACTGGTAAAG-1,0.838228,0.001096,0.160676
ATTTCATTATTTCGCG-1,0.000278,0.130646,0.869076
ATTTCCGGGTTCTGCG-1,0.521293,0.001463,0.477244
ATTTGCGCGAGTAGCT-1,0.754994,0.003774,0.241232
ATTTGGAGATTGCGGT-1,0.756986,0.004094,0.23892
ATTTGTCTTGGGAGCT-1,0.675811,0.000718,0.323471
ATTTGTTCCAGGGCTC-1,0.152367,0.000632,0.847001
CAAACCCTCCGGCGGG-1,0.946224,0.008963,0.044812
CAAACGGTCGCACTTT-1,0.996778,0.000537,0.002685
CAAACTACGATAGAGA-1,0.000151,0.079117,0.920733
CAAACTCGCGACGCCG-1,0.83285,0.107932,0.059218
CAAAGATTATTGGGCC-1,0.913932,0.014377,0.071692
CAAAGGTCATCTGAAA-1,0.891158,0.023123,0.085719
CAAAGTCAGGTTAGCT-1,0.240044,0.172957,0.586999
CAAATCTCTCACAAGG-1,0.154208,0.000776,0.845017
CAAATTGGATTATGCC-1,0.157281,0.000281,0.842437
CAACACATCTCCTGCC-1,0.440694,0.027288,0.532018
CAACATGGCCTGATAA-1,0.1423,0.190137,0.667563
CAACCGCACCTAGACA-1,0.24083,0.133136,0.626034
CAACCTACCGAGCAGT-1,0.928239,0.011923,0.059837
CAACCTGAACCTGCCA-1,0.05375,0.000105,0.946146
CAACGGTTCTTGATAC-1,0.725,0.064018,0.210982
CAACGTGGTGGAGTCT-1,0.01436,0.014303,0.971338
CAACTATATCGAATGC-1,0.000201,0.194812,0.804987
CAACTCCGTAACTTGC-1,0.216598,0.000415,0.782987
CAACTTGTAGTGGGCA-1,0.393413,0.040595,0.565992
CAAGAGGGCGGAGTAC-1,0.866879,0.001206,0.131915
CAAGATATTATAACGT-1,0.651858,0.001542,0.3466
CAAGCAACGTCGGAGT-1,0.767743,0.000249,0.232008
CAAGCGGCACATAATT-1,0.700695,0.000613,0.298692
CAAGGATCGCATGTTC-1,0.346896,0.000975,0.652128
CAAGGTCCTATAGGCT-1,0.474395,0.000913,0.524693
CAAGTGTGGTTGCAAA-1,0.734908,0.000422,0.26467
CAATAAACCTTGGCCC-1,0.249111,0.010228,0.740661
CAATACGAGAGTCTGA-1,0.738137,0.00042,0.261443
CAATACGCTCTGAGGC-1,0.992586,0.001236,0.006178
CAATATTGGACTAGTG-1,0.00029,0.214583,0.785127
CAATCCCTATACCAGC-1,0.179979,0.000354,0.819667
CAATCCTGCCGTGGAG-1,0.337974,0.000574,0.661452
CAATGAGGTTCGACTA-1,0.272003,0.000331,0.727665
CAATGCGAGAAGTATC-1,0.716385,0.000455,0.283159
CAATGGAATCTACATA-1,0.1255,0.021104,0.853396
CAATGGATCTCTACCA-1,0.701631,0.001352,0.297017
CAATGTGCCAACCCTT-1,0.571081,0.025971,0.402948
CAATTAAGGGTGATGA-1,0.521913,0.000897,0.477191
CAATTGGGCCGCACTC-1,0.790229,0.010224,0.199547
CAATTTCGTATAAGGG-1,0.644554,0.107317,0.248129
CAATTTGACCGGGAAG-1,0.013615,0.244373,0.742012
CACAAGAAAGATATTA-1,0.46283,0.000358,0.536812
CACAAGCTAAGAAAGG-1,0.824678,0.135524,0.039798
CACACACGCTAACGAG-1,0.565566,0.005728,0.428705
CACACAGCTTGCGCTC-1,0.790127,0.000485,0.209389
CACACAGGGATAGATT-1,0.986342,0.002277,0.011381
CACACGCGCTGTCTTA-1,0.656361,0.00462,0.33902
CACACTTGTATTGCGA-1,0.086745,0.000195,0.91306
CACAGAGACGAGGACG-1,0.87732,0.020417,0.102264
CACAGGGCCATATAGT-1,0.665708,0.001071,0.333221
CACAGTTCGCTTCCCA-1,0.934405,0.00148,0.064115
CACATAAGGCGACCGT-1,0.000338,0.096882,0.902781
CACATATTAGCAGGAT-1,0.986107,0.002317,0.011576
CACATCTCACCGACGA-1,0.909965,0.000767,0.089269
CACATGATTCAGCAAC-1,0.783153,0.002046,0.214801
CACATGTTTGGACATG-1,0.029273,0.163144,0.807583
CACATTCTTTCGATGG-1,0.181999,0.054481,0.76352
CACATTTCTTGTCAGA-1,0.652615,0.000655,0.34673
CACCAATCATCCGTCT-1,0.856705,0.023822,0.119473
CACCACGCCACACAGA-1,0.817961,0.000601,0.181439
CACCAGTCAGCATGCA-1,0.895739,0.001464,0.102798
CACCATGATCGCAAAG-1,0.102524,0.000187,0.897289
CACCCAAATCTTATGT-1,0.548424,0.00053,0.451046
CACCCACGAGGCAATT-1,0.626781,0.000577,0.372643
CACCCTAACAAGATCT-1,0.791669,0.000516,0.207815
CACCCTTGGTGAGACC-1,0.856813,0.02381,0.119377
CACCCTTTCCTCGCTC-1,0.281775,0.04996,0.668266
CACCGATACACCGAGC-1,0.113709,0.089902,0.796389
CACCGCGTCCACTCTA-1,0.516888,0.014945,0.468167
CACCGGAGATATCTCC-1,0.011771,0.534396,0.453832
CACCGGTAGAGACATT-1,0.015949,0.016021,0.968031
CACCGTATCCCATCCG-1,0.978837,0.000538,0.020625
CACCGTTAGGGATCAC-1,0.920824,0.070538,0.008638
CACCGTTGCGCGATAT-1,0.892369,0.017909,0.089722
CACCTAATAGAGTCGT-1,0.450006,0.000664,0.54933
CACCTAATCAGTTTAC-1,0.001967,0.001965,0.996069
CACCTCGATGGTGGAC-1,0.355512,0.002355,0.642132
CACCTTGCGAAACTCG-1,0.391928,0.000569,0.607502
CACCTTGGCGCCTTTG-1,0.618889,0.000382,0.38073
CACGAAAGTTAGTCCC-1,0.991727,0.001379,0.006894
CACGACGTAATAGTAA-1,0.000134,0.486421,0.513445
CACGCACAGCGCAGCT-1,0.351544,0.000556,0.6479
CACGCGGAACTGTTGC-1,0.511918,0.000456,0.487626
CACGGACGTGGATGGC-1,0.203853,0.014356,0.781791
CACGGCGCGCCAAAGG-1,0.419036,0.061506,0.519457
CACGGGATTGAGGGTT-1,0.995374,0.000772,0.003854
CACGTCGGCAACCTCT-1,0.007968,0.007961,0.984072
CACGTCTATGATGTGG-1,0.013448,0.460482,0.52607
CACGTTCGTGCTCTAG-1,0.609724,0.000653,0.389623
CACGTTTCGTACACAC-1,0.097448,0.000547,0.902005
CACTACGGGAGCTGCC-1,0.63152,0.006821,0.361659
CACTCCTCTCGGTCGG-1,0.198658,0.00028,0.801062
CACTCGAGCTGAACAA-1,0.757868,0.007538,0.234594
CACTCGGTTAGGAGGA-1,0.992647,0.001229,0.006124
CACTCTTCTGCTAGCC-1,0.959028,0.006827,0.034145
CACTTCGCCACAGGCT-1,0.645657,0.120635,0.233708
CACTTCGTCTTATCTC-1,0.459138,0.00449,0.536372
CAGAACTTAGCCCTCT-1,0.71489,0.000503,0.284607
CAGAATAACACACGGA-1,0.980446,0.003258,0.016296
CAGACCTGTAAGTGTT-1,0.543502,0.001104,0.455395
CAGAGCATGAGCTTGC-1,0.29383,0.00076,0.70541
CAGATATGAAGATGAC-1,0.942768,0.009529,0.047703
CAGATCATTTAAAGTC-1,0.250939,0.043123,0.705938
CAGATCCTGGTTTGAA-1,0.82816,0.028619,0.143221
