Barcode,Topic 1,Topic 2,Topic 3,Topic 4to7
AAACAAGTATCTCCCA-1,0.000815,0.000813,0.000815,0.997556
AAACACCAATAACTGC-1,0.00044,0.000439,0.00044,0.998681
AAACAGCTTTCAGAAG-1,0.000183,0.002537,0.000183,0.997098
AAACAGGGTCTATATT-1,0.000432,0.000434,0.042346,0.956788
AAACATGGTGAGAGGA-1,0.013028,0.013015,0.013071,0.960887
AAACATTTCCCGGATT-1,0.000952,0.000948,0.000952,0.997149
AAACCCGAACGAAATC-1,0.000278,0.00028,0.000278,0.999164
AAACCGGAAATGTTAA-1,0.000259,0.000259,0.00026,0.999223
AAACCGGGTAGGTACC-1,0.000312,0.031502,0.000312,0.967875
AAACCGTTCGTCCAGG-1,0.005316,0.0053,0.124462,0.864922
AAACCTAAGCAGCCGG-1,0.014304,0.138462,0.014363,0.832871
AAACCTCATGAAGTTG-1,0.000346,0.000346,0.021747,0.977561
AAACGAAGATGGAGTA-1,0.000368,0.000367,0.000368,0.998897
AAACGAGACGGTTGAT-1,0.061694,0.078333,0.000664,0.859308
AAACGGGCGTACGGGT-1,0.081254,0.005964,0.005973,0.90681
AAACTCGGTTCGCAAT-1,0.000885,0.000884,0.000886,0.997346
AAACTCGTGATATAAG-1,0.011935,0.011934,0.41977,0.556361
AAACTGCTGGCTCCAA-1,0.050254,0.000284,0.000284,0.949179
AAACTTAATTGCACGC-1,0.005123,0.005113,0.005137,0.984628
AAACTTGCAAACGTAT-1,0.000476,0.000474,0.000475,0.998575
AAAGAATGACCTTAGA-1,0.052709,0.025832,0.00252,0.918939
AAAGACTGGGCGCTTT-1,0.000432,0.000431,0.000432,0.998704
AAAGCTTGCCTACATA-1,0.005999,0.005963,0.005982,0.982056
AAAGGGATGTAGCAAG-1,0.000824,0.000822,0.000824,0.99753
AAAGGGCAGCTTGAAT-1,0.000588,0.000587,0.000588,0.998237
AAAGTAGCATTGCTCA-1,0.000497,0.000495,0.000496,0.998512
AAAGTCACTGATGTAA-1,0.000581,0.028107,0.000581,0.970732
AAAGTCGACCCTCAGT-1,0.000317,0.000316,0.000317,0.999051
AAAGTGCCATCAATTA-1,0.021857,0.000994,0.000997,0.976152
AAAGTGTGATTTATCT-1,0.142857,0.142857,0.142857,0.571429
AAAGTTGACTCCCGTA-1,0.010219,0.010236,0.010248,0.969296
AAATAAGGTAGTGCCC-1,0.048357,0.000332,0.000333,0.950977
AAATACCTATAAGCAT-1,0.062183,0.013742,0.000395,0.92368
AAATAGCTTAGACTTT-1,0.017862,0.017896,0.017931,0.946312
AAATAGGGTGCTATTG-1,0.071843,0.063561,0.000433,0.864162
AAATCCGATACACGCC-1,0.004216,0.004209,0.004219,0.987356
AAATCGCGGAAGGAGT-1,0.000547,0.000546,0.000548,0.998359
AAATCGTGTACCACAA-1,0.032123,0.000446,0.000447,0.966984
AAATCTAGCCCTGCTA-1,0.000498,0.000497,0.124949,0.874056
AAATGATTCGATCAGC-1,0.008978,0.008949,0.008984,0.973089
AAATGCTCGTTACGTT-1,0.002814,0.036506,0.002811,0.957869
AAATGGCATGTCTTGT-1,0.004789,0.00477,0.004775,0.985666
AAATGGCCCGTGCCCT-1,0.034008,0.000287,0.040003,0.925701
AAATGGTCAATGTGCC-1,0.003331,0.003329,0.253403,0.739937
AAATGTATCTTATCCC-1,0.000414,0.028008,0.000414,0.971165
AAATTAACGGGTAGCT-1,0.001186,0.001183,0.001186,0.996445
AAATTAATAAGCGCGA-1,0.000278,0.000277,0.000277,0.999168
AAATTACCTATCGATG-1,0.025462,0.124304,0.001079,0.849155
AAATTCCAGGTCCAAA-1,0.000288,0.000292,0.000288,0.999132
AAATTGATAGTCCTTT-1,0.001667,0.001665,0.001668,0.995
AAATTTGCGGGTGTGG-1,0.000475,0.000476,0.000475,0.998573
AACAACTGGTAGTTGC-1,0.000453,0.000452,0.054797,0.944299
AACAATACATTGTCGA-1,0.000598,0.095062,0.000598,0.903742
AACAATTACTCTACGC-1,0.000503,0.000507,0.000504,0.998486
AACACACGCTCGCCGC-1,0.002396,0.002385,0.002392,0.992827
AACACGACTGTACTGA-1,0.001271,0.001267,0.001271,0.996191
AACACGAGACGCGGCC-1,0.000478,0.000477,0.000478,0.998566
AACAGCTGTGTGGCAA-1,0.000739,0.016467,0.000739,0.982054
AACAGGAAATCGAATA-1,0.018016,0.017905,0.017912,0.946168
AACAGGATGGGCCGCG-1,0.000383,0.000382,0.000383,0.998853
AACAGGTAGTATGGAT-1,0.000759,0.000757,0.000759,0.997724
AACATATCAACTGGTG-1,0.001283,0.027725,0.00128,0.969712
AACCAAGACTTCTCTG-1,0.000502,0.000501,0.000502,0.998496
AACCCAGAGACGGAGA-1,0.000377,0.000377,0.000378,0.998868
AACCCATCCCATGATC-1,0.000418,0.009039,0.000417,0.990125
AACCCGAGCAGAATCG-1,0.00049,0.000489,0.00049,0.998532
AACCCTACTGTCAATA-1,0.012239,0.011942,0.011931,0.963888
AACCGAGCTTGGTCAT-1,0.001121,0.001119,0.001122,0.996639
AACCGCTAAGGGATGC-1,0.004623,0.004617,0.004628,0.986133
AACCGTTGTGTTTGCT-1,0.014333,0.014323,0.014348,0.956996
AACCTCGCTTTAGCCC-1,0.001795,0.001789,0.001796,0.99462
AACCTGTCACGGAATT-1,0.000256,0.000255,0.000256,0.999233
AACCTTTAAATACGGT-1,0.00208,0.002074,0.002081,0.993764
AACGAAAGTCGTCCCA-1,0.028323,0.000471,0.000472,0.970734
AACGATAATGCCGTAG-1,0.007783,0.000109,0.000109,0.991999
AACGATAGAAGGGCCG-1,0.139234,0.006825,0.006833,0.847108
AACGATATGTCAACTG-1,0.000643,0.0112,0.000643,0.987513
AACGCATGATCTGGGT-1,0.04069,0.113022,0.000563,0.845725
AACGCGGTCTCCAGCC-1,0.00078,0.00778,0.000779,0.990661
AACGCTGTTGCTGAAA-1,0.001119,0.001119,0.00112,0.996643
AACGGACGTACGTATA-1,0.028697,0.028607,0.028666,0.91403
AACGGCCATCTCCGGT-1,0.001214,0.223783,0.001216,0.773786
AACGTACTGTGGGTAC-1,0.001095,0.035548,0.001094,0.962263
AACGTCAGACTAGTGG-1,0.000446,0.000449,0.000445,0.998661
AACGTGCGAAAGTCTC-1,0.116706,0.000453,0.000453,0.882389
AACGTTATCAGCACCT-1,0.00097,0.047781,0.000969,0.95028
AACTACCCGTTTGTCA-1,0.001435,0.001432,0.001437,0.995697
AACTAGGCTTGGGTGT-1,0.000633,0.086254,0.000632,0.912481
AACTCAAGTTAATTGC-1,0.000717,0.000716,0.000718,0.99785
AACTCCAGAGCGTGTT-1,0.184966,0.004774,0.004782,0.805477
AACTCTCAATAGAGCG-1,0.014327,0.014328,0.014372,0.956972
AACTCTCAGTGTGCTC-1,0.001934,0.023706,0.001939,0.972422
AACTGAGTTATACTGA-1,0.000328,0.000327,0.000327,0.999018
AACTGATATTAGGCCT-1,0.02383,0.023867,0.023963,0.92834
AACTGGGTCCCGACGT-1,0.001792,0.001789,0.001795,0.994624
AACTTCTGCGTCTATC-1,0.002925,0.002922,0.002932,0.991222
AACTTGCCCGTATGCA-1,0.000439,0.000438,0.000439,0.998684
AACTTTACGGGAGCTT-1,0.000308,0.00627,0.000309,0.993113
AACTTTCTCGATCATG-1,0.016144,0.015899,0.015915,0.952043
AAGAAATCACCAGATT-1,0.006245,0.006223,0.006233,0.981298
AAGACCAAATAACTCA-1,0.000839,0.000837,0.023306,0.975018
AAGAGATGAATCGGTA-1,0.000364,0.000363,0.000364,0.998909
AAGAGCTCTTTATCGG-1,0.00142,0.001418,0.001422,0.99574
AAGAGGATGTACGCGA-1,0.00048,0.066189,0.00048,0.932852
AAGAGGCATGGATCGC-1,0.000789,0.025917,0.000789,0.972504
AAGAGGCCCTTTGGAA-1,0.000495,0.000494,0.000495,0.998516
AAGATGGCACCGGACC-1,0.000756,0.069981,0.000755,0.928507
AAGATTGGCGGAACGT-1,0.002562,0.240463,0.00256,0.754415
AAGCACCCTGCGTATC-1,0.000361,0.000361,0.000361,0.998917
AAGCATACTCTCCTGA-1,0.063838,0.001061,0.001055,0.934046
AAGCCGAAGCGGTTTA-1,0.000826,0.000823,0.032943,0.965408
AAGCCGCTTTACCTTG-1,0.020417,0.020446,0.020438,0.938699
AAGCCGGAGAGCAGGA-1,0.000167,0.004788,0.000167,0.994878
AAGCGCAGGGCTTTGA-1,0.000248,0.000247,0.000248,0.999257
AAGCGTCCCTCATCGA-1,0.001102,0.001102,0.001104,0.996693
AAGCTAGATCGAGTAA-1,0.18164,0.019974,0.000218,0.798167
AAGCTCGTGCCAAGTC-1,0.09825,0.000489,0.000488,0.900773
AAGCTCTTTCATGGTG-1,0.00184,0.001835,0.00184,0.994484
AAGGAGCGGTTGGTGC-1,0.001279,0.001278,0.001282,0.996161
AAGGATCGATCGCTTG-1,0.015916,0.015904,0.015956,0.952224
AAGGATGAGGGACCTC-1,0.001316,0.008672,0.001316,0.988696
AAGGCAGGCTGTCTCC-1,0.000325,0.000325,0.000325,0.999025
AAGGCGCGTAAAGCTT-1,0.000353,0.000353,0.000353,0.998941
AAGGCTGTGCTCATCG-1,0.001046,0.001045,0.001046,0.996863
AAGGGAACGACTGGCT-1,0.017895,0.017881,0.017918,0.946306
AAGGGACAGATTCTGT-1,0.00068,0.121133,0.00068,0.877507
AAGGGACTATGCATTC-1,0.011911,0.011924,0.011948,0.964217
AAGGGTTTGATTTCAG-1,0.00082,0.000818,0.119428,0.878934
AAGGTATCCTAATATA-1,0.075465,0.249919,0.001393,0.673224
AAGGTGATAAACCAGC-1,0.002182,0.002169,0.228325,0.767324
AAGTAGAAGACCGGGT-1,0.006835,0.006816,0.00683,0.979519
AAGTAGTGACGCGAGG-1,0.000674,0.006795,0.000674,0.991857
AAGTCAATTGTCGTCA-1,0.028599,0.028702,0.827923,0.114776
AAGTCTAGTAGCTGCC-1,0.013029,0.013013,0.921785,0.052173
AAGTCTTCTGTGGCCT-1,0.000546,0.023743,0.000546,0.975165
AAGTGACGACCGAATT-1,0.000357,0.000358,0.000357,0.998928
AAGTGCAAAGGTAGAC-1,0.000356,0.000355,0.000356,0.998932
AAGTGCCTTGACTGTA-1,0.154893,0.020441,0.020509,0.804157
AAGTGCGTTAGAATCT-1,0.000354,0.004328,0.000354,0.994965
AAGTGTTTGGAGACGG-1,0.000849,0.000847,0.000849,0.997455
AAGTTCACTCCAAGCT-1,0.011938,0.152525,0.011943,0.823594
AAGTTCAGTCTGCGTA-1,0.002313,0.00231,0.002314,0.993064
AAGTTCGGCCAACAGG-1,0.000383,0.000382,0.000383,0.998853
AAGTTGTGATGTTATA-1,0.000845,0.000842,0.000844,0.997469
AAGTTTATGGGCCCAA-1,0.00107,0.022114,0.001071,0.975746
AATAACAACGCTCGGC-1,0.0004,0.000399,0.000399,0.998802
AATAACACTAGAACAA-1,0.001041,0.001037,0.001039,0.996883
AATAATCTTCGTATCG-1,0.000349,0.000348,0.000349,0.998953
AATACAATGTTTCAGG-1,0.000402,0.000401,0.000402,0.998795
AATAGAACAGAGTGGC-1,0.000576,0.109365,0.000576,0.889483
AATAGAATCTGTTTCA-1,0.000957,0.000954,0.000956,0.997133
AATAGCTACCGCGTGC-1,0.001963,0.019572,0.001964,0.976502
AATAGTCGCGAGTCGG-1,0.000284,0.000283,0.000283,0.99915
AATATCCTAGCAAACT-1,0.000388,0.000388,0.000389,0.998835
AATATCGAATCAATGC-1,0.002078,0.002074,0.00208,0.993768
AATATCGAGGGTTCTC-1,0.004482,0.004477,0.00449,0.986551
AATATTGGAGTATTGA-1,0.000573,0.000578,0.000574,0.998275
AATCATGTAAAGACTC-1,0.000647,0.000653,0.000646,0.998054
AATCCAAGGGCCTGAG-1,0.001941,0.001934,0.001938,0.994187
AATCGCCTCAGCGCCA-1,0.034381,0.000588,0.000585,0.964446
AATCGCGCAGAGGACT-1,0.000388,0.000387,0.000388,0.998837
AATCGGGACACTACGA-1,0.000892,0.017296,0.000891,0.980921
AATCGTGAGCCGAGCA-1,0.001751,0.001746,0.001748,0.994754
AATCTAGGTTTACTTG-1,0.000602,0.000599,0.0006,0.998198
AATCTATGCCGGAGCC-1,0.198997,0.011921,0.011961,0.77712
AATCTCTACTGTGGTT-1,0.000345,0.000344,0.000345,0.998966
AATCTGCGTTGGGACG-1,0.001527,0.034012,0.001527,0.962935
AATCTGGCTTTCTAGT-1,0.04004,0.014888,0.000643,0.944429
AATGACAGCAATGTCT-1,0.00049,0.000488,0.00049,0.998531
AATGACGTAGGATGTC-1,0.08619,0.000177,0.000175,0.913459
AATGACTGTCAGCCGG-1,0.00194,0.001935,0.001941,0.994185
AATGATGATACGCTAT-1,0.002243,0.024715,0.002243,0.9708
AATGATGCGACTCCTG-1,0.001847,0.221502,0.001838,0.774813
AATGCAACCGGGTACC-1,0.000773,0.000769,0.000772,0.997686
AATGCACCAAGCAATG-1,0.001155,0.001155,0.001158,0.996532
AATGGTCCACCGTTCA-1,0.000554,0.000553,0.000554,0.99834
AATGGTTCTCACAAGC-1,0.000483,0.016997,0.000483,0.982037
AATGTGCCCGAGGTGT-1,0.001629,0.01542,0.263678,0.719273
AATGTTAAGACCCTGA-1,0.001886,0.0208,0.001887,0.975426
AATTAAAGGTCGGCGT-1,0.000937,0.006081,0.000938,0.992044
AATTAACGGATTTCCA-1,0.160854,0.002982,0.219405,0.616759
AATTACGAGACCCATC-1,0.000584,0.000587,0.000583,0.998246
AATTAGCGCTGCAGCG-1,0.000855,0.000852,0.029596,0.968697
AATTCATAAGGGATCT-1,0.006816,0.081753,0.006843,0.904588
AATTCATTGTCATGCA-1,0.024111,0.023876,0.023929,0.928084
AATTCGATTCGAGGAT-1,0.018558,0.000277,0.000278,0.980886
AATTCTAGAGTTAGGC-1,0.000933,0.019654,0.000931,0.978482
AATTGAACGCTCTGGT-1,0.009567,0.000232,0.000232,0.989969
AATTGCAGCAATCGAC-1,0.000472,0.000471,0.000472,0.998585
AATTTGGTTCCAAAGA-1,0.001033,0.001038,0.001032,0.996897
ACAAACCATGCGTCCT-1,0.003985,0.003977,0.003985,0.988053
ACAAAGAAGGTAGGCC-1,0.000265,0.000267,0.054945,0.944523
ACAAAGCATGACCTAG-1,0.000763,0.007564,0.000764,0.99091
ACAAATCGCACCGAAT-1,0.000439,0.000438,0.000439,0.998685
ACAAATGGTAGTGTTT-1,0.001702,0.001683,0.001685,0.994929
ACAACAGCATGAGCTA-1,0.181514,0.000398,0.000396,0.817692
ACAACGGTCCCTGCGA-1,0.000582,0.000579,0.049381,0.949458
ACAAGCAGTGCCTAGC-1,0.000535,0.00054,0.000536,0.99839
ACAAGCTATATGGAAG-1,0.000182,0.03517,0.040641,0.924007
ACAAGGAAATCCGCCC-1,0.063889,0.000436,0.000438,0.935237
ACAAGGACAAGAGGTT-1,0.011684,0.000474,0.000475,0.987367
ACAAGGATGCTTTAGG-1,0.028599,0.028659,0.02864,0.914102
ACAAGGGCAGGCTCTG-1,0.033621,0.000266,0.000266,0.965847
ACAATAGTCGTACGTT-1,0.000494,0.000494,0.000495,0.998517
ACAATCCATTTAAACC-1,0.000452,0.009018,0.000451,0.990079
ACAATGAATACGGAGA-1,0.093809,0.002702,0.002704,0.900785
ACAATTGTGTCTCTTT-1,0.013002,0.013016,0.013038,0.960944
ACAATTTAGGAGGCTC-1,0.000276,0.000276,0.000276,0.999172
ACAATTTGAGCAGTGG-1,0.003334,0.003328,0.227755,0.765584
ACAATTTGGCCATATT-1,0.000255,0.000255,0.000256,0.999234
ACACAAAGACGGGTGG-1,0.002431,0.002425,0.00243,0.992714
ACACACCAGGACCAGT-1,0.001237,0.001234,0.001237,0.996292
ACACACTTTCTACACG-1,0.036036,0.035727,0.035714,0.892523
ACACATGATCAAATCT-1,0.052548,0.000273,0.000274,0.946905
ACACCACATAATTAGC-1,0.000415,0.000414,0.044595,0.954576
ACACCCAGCATGCAGC-1,0.008956,0.008944,0.008969,0.973131
ACACCCGAGAAATCCG-1,0.000644,0.000649,0.000643,0.998065
ACACCTTAAGTAGGGC-1,0.000735,0.000734,0.000736,0.997795
ACACCTTACTACTTGC-1,0.007958,0.007948,0.00796,0.976135
ACACGAGACTCCTTCT-1,0.261793,0.000437,0.000435,0.737335
ACACGTAGGCCACAAG-1,0.000631,0.000636,0.000632,0.9981
ACACTGATCAAGGTGT-1,0.000635,0.256069,0.061865,0.68143
ACACTGGGACAGTCGT-1,0.000706,0.000705,0.000707,0.997882
ACAGAACTGAGAACAA-1,0.026102,0.000345,0.000343,0.97321
ACAGCATAGAGCCAGT-1,0.009615,0.009539,0.009548,0.971298
ACAGCGACATTCTCAT-1,0.000499,0.000499,0.0005,0.998502
ACAGGCACGGATCCTT-1,0.001772,0.001767,0.00177,0.994691
ACAGGCTTGCCCGACT-1,0.002111,0.002105,0.045627,0.950157
ACAGGTGGAGGTGAGG-1,0.005314,0.005304,0.005314,0.984068
ACAGGTGTGTTGTTGC-1,0.000359,0.011142,0.00036,0.988139
ACAGTAATACAACTTG-1,0.000461,0.003701,0.090146,0.905692
ACAGTATACCGTGGGA-1,0.023819,0.023861,0.02394,0.92838
ACATAAGTCGTGGTGA-1,0.000441,0.000445,0.000441,0.998672
ACATAATAAGGCGGTG-1,0.001732,0.001724,0.00173,0.994813
ACATCAGCTGGGACGC-1,0.000241,0.000242,0.025781,0.973736
ACATCCTGGTAACTGT-1,0.007955,0.007956,0.007968,0.97612
ACATCGATCGTTTACC-1,0.001017,0.03853,0.001018,0.959435
ACATCGGTCAGCCGCG-1,0.00069,0.007329,0.00069,0.991291
ACATCGTATGCAATGG-1,0.039711,0.00756,0.000409,0.95232
ACATGGCGCCAAAGTA-1,0.035743,0.035762,0.035843,0.892651
ACATTAGTTTATATCC-1,0.00092,0.000918,0.000919,0.997243
ACCAACACCACACACT-1,0.007157,0.007157,0.007175,0.978511
ACCAACCGCACTCCAC-1,0.003985,0.003979,0.217367,0.774669
ACCAACGCTTATTTAT-1,0.000635,0.174926,0.000635,0.823804
ACCAAGAACGCGTGTC-1,0.005727,0.005728,0.005732,0.982814
ACCAATATGCAAGTTA-1,0.035211,0.000477,0.057255,0.907057
ACCACAAGTTTCTATC-1,0.005307,0.005302,0.005315,0.984076
ACCACACGGTTGATGG-1,0.000492,0.053336,0.000492,0.945681
ACCACCAATGTAACAA-1,0.009544,0.009546,0.942621,0.038289
ACCACCCTCTCTTCTA-1,0.047671,0.047717,0.713384,0.191227
ACCACGTGCAGCTATA-1,0.001528,0.001523,0.001527,0.995423
ACCAGACCATAACAAC-1,0.037928,0.000208,0.000207,0.961657
ACCAGTGCGGGAGACG-1,0.002988,0.113447,0.084112,0.799452
ACCATATCCGCAATAA-1,0.000901,0.0009,0.000902,0.997297
ACCATCCGCCAACTAG-1,0.000372,0.000373,0.000371,0.998883
ACCATCGTATATGGTA-1,0.001366,0.001363,0.001367,0.995904
ACCCAACGCCCGTGGC-1,0.001561,0.202751,0.00156,0.794129
ACCCACCTACATGCTC-1,0.000556,0.000555,0.000556,0.998333
ACCCATCTTGAGGGTA-1,0.000509,0.000508,0.000509,0.998474
ACCCATTTGTCCCTCT-1,0.000657,0.000657,0.000658,0.998028
ACCCGAGCGAAATTAC-1,0.011003,0.334155,0.01106,0.643782
ACCCGGAAACTCCCAG-1,0.000798,0.196109,0.000798,0.802296
ACCCGGAGCACCACAA-1,0.000239,0.00421,0.000239,0.995312
ACCCGGATGACGCATC-1,0.013038,0.013013,0.013039,0.96091
ACCCGGTTACACTTCC-1,0.000527,0.152788,0.000527,0.846158
ACCCTATGCCATATCG-1,0.000706,0.09009,0.000706,0.908498
ACCCTCCCGTCAGGGC-1,0.000389,0.022827,0.000389,0.976395
ACCCTCCCTTGCTATT-1,0.000359,0.000358,0.000359,0.998925
ACCCTGGTAACGCCCT-1,0.00448,0.386711,0.004481,0.604328
ACCCTTCATCTGCGAA-1,0.035733,0.035764,0.035866,0.892637
ACCGAAAGGGCCCTGC-1,0.001268,0.033769,0.00127,0.963693
ACCGAAGAGTCTGGTT-1,0.000428,0.000427,0.000428,0.998716
ACCGACACATCTCCCA-1,0.003495,0.003492,0.003501,0.989513
ACCGACTGAGTCCCAC-1,0.000926,0.00586,0.000925,0.992289
ACCGAGTCTCCTTATT-1,0.001381,0.001377,0.001381,0.995861
ACCGATAGGCATAACC-1,0.000291,0.000291,0.00029,0.999128
ACCGATATTTAATCAT-1,0.000442,0.000442,0.035258,0.963858
ACCGATGGTAGCATCG-1,0.000588,0.162705,0.000588,0.836119
ACCGCAATAACTGCCT-1,0.058053,0.000393,0.000394,0.94116
ACCGCGGTGGAAGTCG-1,0.002866,0.002864,0.002869,0.991401
ACCGGGCCTTTGTTGA-1,0.023826,0.02385,0.0239,0.928424
ACCGGTCAGGTACACC-1,0.000486,0.000485,0.000487,0.998542
ACCGTCCACTGGGCCC-1,0.01588,0.015902,0.015907,0.952311
ACCGTGACCACGTGGG-1,0.000416,0.376398,0.000416,0.62277
ACCTAAGTACCTTTCA-1,0.021813,0.000703,0.000697,0.976788
ACCTAATCGACTTCCT-1,0.035756,0.005092,0.000649,0.958502
ACCTACAGTATGTGGT-1,0.025518,0.004475,0.000522,0.969485
ACCTCCGCCCTCGCTG-1,0.000848,0.009862,0.000849,0.988441
ACCTCCGTTATTCACC-1,0.002425,0.002427,0.095569,0.89958
ACCTGCGTGTCATGTT-1,0.000356,0.000359,0.000356,0.998929
ACGAAATGGGCGGCAC-1,0.000464,0.000463,0.000464,0.998608
ACGACCCATGAGTTGC-1,0.000278,0.000277,0.023473,0.975972
ACGACTCTAGGGCCGA-1,0.001464,0.065393,0.034429,0.898714
ACGACTGGTCATACTC-1,0.002395,0.085285,0.00239,0.909931
ACGAGGATACCACTCT-1,0.033567,0.000409,0.00041,0.965614
ACGAGGTTTACAACGT-1,0.000556,0.005022,0.101911,0.89251
ACGAGTACGGATGCCC-1,0.004937,0.004937,0.004946,0.98518
ACGATACATAGAACTA-1,0.009615,0.009537,0.226121,0.754727
ACGATACCTATCCTGA-1,0.046382,0.000287,0.000288,0.953043
ACGATCATACATAGAG-1,0.000819,0.000818,0.00082,0.997543
ACGATCATCTTGTAAA-1,0.028584,0.028624,0.028731,0.914061
ACGATGCATATGTTAT-1,0.000623,0.000627,0.000624,0.998126
ACGATGGATCCGATGC-1,0.001911,0.001909,0.001911,0.994269
ACGCAATCACTACAGC-1,0.011964,0.011934,0.011955,0.964147
ACGCATACGTTTACTA-1,0.00087,0.000868,0.000869,0.997393
ACGCATTCGTGAGTAC-1,0.000932,0.000929,0.000932,0.997207
ACGCCACTCGAAACAG-1,0.002022,0.002016,0.066867,0.929095
ACGCCGCTAGACGACC-1,0.000416,0.000249,0.035976,0.963359
ACGCGAAGTCAGACGA-1,0.000442,0.063969,0.000442,0.935148
ACGCGCTACACAGGGT-1,0.000453,0.000452,0.000452,0.998643
ACGCGGGCCAAGGACA-1,0.030926,0.006568,0.000283,0.962223
ACGCGTTTCTTAAGAG-1,0.000233,0.000233,0.011102,0.988432
ACGCTAGTGATACACT-1,0.020427,0.020446,0.02048,0.938647
ACGCTGTGAGGCGTAG-1,0.000523,0.000522,0.000524,0.998431
ACGGACTCTCAAAGCG-1,0.000174,0.000174,0.000174,0.999479
ACGGAGCGCAAATTAC-1,0.001993,0.040131,0.001991,0.955885
ACGGATGGTGCGGATA-1,0.088679,0.004694,0.000518,0.906109
ACGGCACTTGCTTGGG-1,0.076344,0.016298,0.023946,0.883412
ACGGCGACGATGGGAA-1,0.041596,0.000578,0.000574,0.957253
ACGGCTGGATGTAGAA-1,0.000466,0.000468,0.048844,0.950222
ACGGGAGTGTCGGCCC-1,0.000325,0.000325,0.000325,0.999025
ACGGGCGTATGCGACA-1,0.124603,0.003767,0.003785,0.867845
ACGTACAGATTTCTCT-1,0.001078,0.001077,0.001078,0.996767
ACGTAGATTGCTGATG-1,0.00078,0.000784,0.000779,0.997657
ACGTAGGAGAGTCGCT-1,0.000219,0.000219,0.000219,0.999342
ACGTATTACTCCGATC-1,0.071441,0.07156,0.071664,0.785335
ACGTCTCGTTCCGGGA-1,0.00049,0.000489,0.045126,0.953896
ACGTGACAAAGTAAGT-1,0.000262,0.004985,0.000262,0.99449
ACGTGCGCCTCGTGCA-1,0.008964,0.008947,0.008962,0.973127
ACGTTAATGTCGAAGA-1,0.000793,0.000791,0.100853,0.897563
ACGTTAGATTTGCCCG-1,0.000868,0.000868,0.116829,0.881435
ACGTTATTGGTCACTC-1,0.002109,0.020897,0.002109,0.974885
ACGTTCGCAATCAATT-1,0.000392,0.006978,0.000392,0.992238
ACGTTCGTTCAGGAAA-1,0.001225,0.100137,0.001226,0.897412
ACGTTCTGTACAAGTC-1,0.010252,0.010223,0.010253,0.969272
ACGTTTAGTTGTGATC-1,0.014298,0.014317,0.014327,0.957058
ACTACATCCCGACAAG-1,0.015903,0.015902,0.015983,0.952212
ACTACCAGCTCTCTGG-1,0.000592,0.000591,0.000593,0.998223
ACTAGTTGCGATCGTC-1,0.001435,0.013432,0.001434,0.983699
ACTATCCAGGGCATGG-1,0.003417,0.003407,0.003414,0.989762
ACTATCTGCCCGCGTA-1,0.000538,0.000536,0.000538,0.998389
ACTATGTCCAGCTGCC-1,0.005323,0.005301,0.293832,0.695544
ACTATTTCCGGGCCCA-1,0.000782,0.241851,0.062462,0.694905
ACTCAAGTGCAAGGCT-1,0.004626,0.053483,0.004632,0.937259
ACTCAATAAAGGCACG-1,0.000891,0.008008,0.000891,0.990209
ACTCCAATATCATCAT-1,0.006816,0.006818,0.006819,0.979547
ACTCCCATTCCTAAAG-1,0.01271,0.000358,0.000358,0.986574
ACTCCCGAATTCGTTT-1,0.003765,0.003767,0.003771,0.988696
ACTCCCGTAGACTAGG-1,0.020427,0.020477,0.02049,0.938607
ACTCCCTAATGCTAAA-1,0.003507,0.003492,0.263289,0.729713
ACTCCCTAGAATAGTA-1,0.000865,0.000862,0.000864,0.997408
ACTCCGGCCGACCACT-1,0.076008,0.003045,0.396931,0.524016
ACTCGCGATCTGACGC-1,0.000823,0.000822,0.000824,0.997531
ACTCGTAACCCGTCCT-1,0.000509,0.000508,0.000509,0.998475
ACTCGTCAGTAATCCC-1,0.000619,0.247937,0.000618,0.750826
ACTCTAAACCTGGGAT-1,0.000135,0.010264,0.000135,0.989465
ACTCTCTGACTTAGGT-1,0.000665,0.000663,0.000664,0.998008
ACTCTGACCTAATAGA-1,0.00074,0.000738,0.000739,0.997783
ACTCTTCAGCTCCCGC-1,0.019715,0.000443,0.000444,0.979398
ACTGAAACGCCGTTAG-1,0.001405,0.013439,0.001406,0.98375
ACTGAATGGCGAAAGT-1,0.000343,0.005974,0.000343,0.993339
ACTGCCGTCGTAACTC-1,0.011047,0.011017,0.011044,0.966893
ACTGCGGACACACCGT-1,0.038594,0.000408,0.000409,0.960589
ACTGCTCGGAAGGATG-1,0.000461,0.00046,0.000461,0.998617
ACTGTACGATACACAT-1,0.001293,0.010239,0.001293,0.987175
ACTGTAGCACTTTGGA-1,0.035474,0.000583,0.000579,0.963365
ACTGTCCAGGATTATA-1,0.000996,0.000994,0.000996,0.997015
ACTGTCTTCTTTAGAA-1,0.000481,0.312251,0.000481,0.686786
ACTTACGCATCCACGC-1,0.000743,0.000742,0.000744,0.997772
ACTTATACTTACCCGG-1,0.000637,0.616654,0.000638,0.382071
ACTTATTAGGATCGGT-1,0.000681,0.000678,0.00068,0.997961
ACTTATTTATGTGCCA-1,0.013013,0.01302,0.013033,0.960934
ACTTCAGGCTGATCCC-1,0.000485,0.000488,0.000485,0.998543
ACTTCCAGTGGAAGCT-1,0.00055,0.005332,0.00055,0.993568
ACTTCCATGCGGGACA-1,0.028996,0.028608,0.028639,0.913757
ACTTCGCCATACGCAC-1,0.036425,0.000854,0.000849,0.961872
ACTTCGCTAGCGAGTG-1,0.00092,0.010239,0.00092,0.98792
ACTTGACTCCCTCTTT-1,0.000279,0.000278,0.032819,0.966623
ACTTGGGACCCGGTGG-1,0.000982,0.000981,0.224975,0.773062
ACTTGTAGTCCCTTCA-1,0.000617,0.000614,0.000615,0.998154
ACTTGTGGATGGAACG-1,0.000826,0.000823,0.028256,0.970095
ACTTTACCCTCATGAA-1,0.020602,0.02048,0.020494,0.938424
ACTTTCCTATAGCTTC-1,0.071706,0.000487,0.000488,0.92732
ACTTTGACTGCATCCT-1,0.000697,0.000695,0.000696,0.997912
ACTTTGGTCGTGCTCC-1,0.000746,0.037167,0.000747,0.961341
ACTTTGTCGACGCACT-1,0.000389,0.000389,0.00039,0.998832
AGAAATTATGACTCGC-1,0.000334,0.018434,0.000334,0.980899
AGAACCCAGCGTGACA-1,0.000316,0.000316,0.000317,0.999051
AGAACCCTCAATTGGG-1,0.000591,0.000589,0.000591,0.99823
AGAAGAGCGCCGTTCC-1,0.071441,0.07156,0.071664,0.785335
AGAAGGTACACTTCAC-1,0.000463,0.030715,0.000463,0.968359
AGAAGGTTGCCGAATT-1,0.001339,0.001353,0.001341,0.995966
AGAAGGTTGTAGGTCG-1,0.003978,0.053066,0.003987,0.93897
AGAAGTGATTCGTGAT-1,0.000763,0.007259,0.088513,0.903465
AGAATAAATCTTCAGG-1,0.016255,0.000286,0.000286,0.983173
AGAATTATGGATTCGA-1,0.127932,0.003672,0.003677,0.864719
AGAATTGTTTGACATA-1,0.00261,0.06708,0.002607,0.927703
AGACAGCTCAGAATCC-1,0.000489,0.000489,0.00049,0.998532
AGACAGGCATCTCAGC-1,0.000292,0.005485,0.000292,0.993931
AGACCAAACCACACCT-1,0.000452,0.000452,0.051538,0.947559
AGACCATGGGATACAA-1,0.000448,0.000447,0.000449,0.998656
AGACCCACCGCTGATC-1,0.000551,0.037647,0.000552,0.961249
AGACCCGCCCTCCTCG-1,0.001149,0.011497,0.001147,0.986206
AGACCGCTCCGCGGTT-1,0.00107,0.001068,0.00107,0.996791
AGACCGGGAAACCCTG-1,0.000252,0.000252,0.000252,0.999244
AGACGAAGTGCCGGTC-1,0.017913,0.01789,0.892457,0.071741
AGACGACGATGCCGCT-1,0.001292,0.011566,0.001294,0.985848
AGACGCCCACTTCGCC-1,0.000408,0.000407,0.000408,0.998778
AGACTAGCCTTCCAGA-1,0.001195,0.001193,0.001195,0.996417
AGACTGTTACCGGGTC-1,0.001217,0.389383,0.001215,0.608184
AGAGAACCGTCTAGGA-1,0.000956,0.1423,0.000956,0.855787
AGAGAAGGAGTACAAT-1,0.000649,0.000648,0.000649,0.998054
AGAGATCTCTAAAGCG-1,0.000348,0.000347,0.000348,0.998956
AGAGCAGTTATGAGAC-1,0.000427,0.000426,0.000427,0.998721
AGAGCCGCCGAGATTT-1,0.000816,0.000813,0.000816,0.997555
AGAGCGCTTGTAACGG-1,0.005503,0.005505,0.005517,0.983476
AGAGCGGGCTAATCAT-1,0.007529,0.007533,0.007537,0.977401
AGAGCGTACAAGCTCG-1,0.000381,0.00038,0.00038,0.998859
AGAGGCTTCGGAAACC-1,0.000386,0.003746,0.000386,0.995482
AGAGTAAACTTCACTA-1,0.001327,0.001325,0.001328,0.996019
AGAGTATAGTGTTACG-1,0.023833,0.023846,0.023866,0.928455
AGATAACTTCAGGGCC-1,0.000387,0.011596,0.000387,0.98763
AGATACCAATAGAACC-1,0.000415,0.000414,0.000415,0.998757
AGATACCGGTGTTCAC-1,0.062854,0.000596,0.000598,0.935951
AGATACGACTTCATAT-1,0.000743,0.025781,0.000743,0.972733
AGATACTCAAGATCGA-1,0.000421,0.00042,0.000421,0.998738
AGATATAATACGACTA-1,0.076049,0.000302,0.000301,0.923349
AGATCGTGCATAAGAT-1,0.001544,0.080165,0.001543,0.916748
AGATCTCAGGTGTGAT-1,0.023985,0.00073,0.000732,0.974553
AGATGACTCGCCCACG-1,0.01101,0.011022,0.011026,0.966943
AGATGATGGAGTCTGG-1,0.023851,0.023843,0.023886,0.92842
AGATGCAAGACGTGCA-1,0.000613,0.01994,0.050123,0.929324
AGATGCATCCTGTGTC-1,0.000401,0.058432,0.000401,0.940767
AGATTATAGGACGTTT-1,0.000859,0.000857,0.000859,0.997425
AGATTCACAACCGATA-1,0.000305,0.000307,0.086011,0.913377
AGCAAAGGCCGCTAGT-1,0.000423,0.013203,0.000423,0.985951
AGCAACATATCTTATT-1,0.003188,0.035084,0.003192,0.958535
AGCAACCGAAAGTAAT-1,0.000294,0.000293,0.000293,0.99912
AGCACCAGTACTCACG-1,0.055073,0.002651,0.237563,0.704713
AGCACTACCGGCCTGT-1,0.000627,0.000625,0.030348,0.9684
AGCACTACCTCACCAG-1,0.093719,0.004482,0.000569,0.901229
AGCACTTAAGGACGCC-1,0.000551,0.000551,0.000552,0.998346
AGCAGTCGAAGCATGC-1,0.002177,0.002169,0.002173,0.993481
AGCATATCAATATGCT-1,0.03574,0.371182,0.035847,0.557232
AGCATCATTTCGAAAG-1,0.000438,0.000436,0.000437,0.998688
AGCATCGTCGATAATT-1,0.005971,0.005972,0.456924,0.531134
AGCATTACGAGGCAAG-1,0.000253,0.000252,0.000253,0.999242
AGCCACAGGTTACCCG-1,0.010239,0.010223,0.010242,0.969296
AGCCACTCCCGTGCTT-1,0.00214,0.041402,0.002142,0.954317
AGCCCATACATGTAAG-1,0.000453,0.000452,0.075696,0.9234
AGCCCGGCATTAGAGG-1,0.002655,0.026526,0.002659,0.96816
AGCCCTAAGCGAAGTT-1,0.004934,0.004937,0.00495,0.985179
AGCCCTGTCGCACCGT-1,0.000605,0.000604,0.000606,0.998185
AGCCCTTGGACATCCC-1,0.000414,0.000414,0.000415,0.998757
AGCCGCAAATTCAAAT-1,0.000369,0.000368,0.000369,0.998894
AGCCGTGGCTAAATGT-1,0.00032,0.000319,0.00032,0.999042
AGCCTAATACCCACGT-1,0.000494,0.004448,0.064805,0.930252
AGCCTTAAAGCGGAAG-1,0.000234,0.000233,0.000234,0.999299
AGCGACAGGAACGGTC-1,0.055452,0.002864,0.090835,0.850849
AGCGACATCCCATTCA-1,0.011933,0.011926,0.467631,0.50851
AGCGACCAACGATATT-1,0.002605,0.002602,0.002612,0.992181
AGCGATGCGCCTAATA-1,0.000483,0.000482,0.000484,0.998552
AGCGCGGGTGCCAATG-1,0.001103,0.151956,0.001104,0.845837
AGCGCTAGAGCGATGT-1,0.000478,0.003591,0.000478,0.995453
AGCGGACACTTCGTAG-1,0.001962,0.001962,0.001967,0.99411
AGCGGCGGTTAGCGGT-1,0.000338,0.000337,0.03568,0.963646
AGCGGTTGCCGCTCTG-1,0.006523,0.006506,0.006522,0.980449
AGCGTGGTATTCTACT-1,0.045442,0.000304,0.000305,0.95395
AGCTAACAAGCAATGT-1,0.053635,0.013758,0.000327,0.93228
AGCTAAGTACGCAGGC-1,0.017877,0.017875,0.017946,0.946302
AGCTAGAAGCAGAAGT-1,0.002315,0.320038,0.002321,0.675327
AGCTCCATATATGTTC-1,0.025042,0.007842,0.000865,0.966252
AGCTCCTTCGCACATC-1,0.003501,0.00349,0.056299,0.93671
AGCTCTAGACGTTCCA-1,0.056603,0.000807,0.000801,0.941789
AGCTCTTCGTAACCTT-1,0.011015,0.011011,0.109096,0.868878
AGCTCTTTACTCAGTT-1,0.001727,0.001725,0.13266,0.863888
AGCTGAAGTAAACCAA-1,0.000797,0.000795,0.000797,0.99761
AGCTGTAACCTCAATC-1,0.001228,0.095885,0.001226,0.901661
AGCTTCTTCTCGAGCA-1,0.000137,0.000137,0.000137,0.999589
AGCTTGATCTTAACTT-1,0.025898,0.000353,0.000351,0.973398
AGGAACGAACGACTTC-1,0.001908,0.001909,0.691081,0.305101
AGGAAGCTGTCCGCCG-1,0.001146,0.001157,0.001148,0.99655
AGGACAGTCGAATCCC-1,0.000784,0.000782,0.000784,0.99765
AGGACATCGCACGTCG-1,0.000277,0.000276,0.000277,0.99917
AGGACGACCCATTAGA-1,0.001749,0.001746,0.16796,0.828545
AGGAGACATCCACAGT-1,0.01792,0.0179,0.017952,0.946228
AGGAGAGTCTGGCTAC-1,0.011919,0.011933,0.011948,0.964199
AGGAGGCCTTCGCGCG-1,0.008942,0.008949,0.008962,0.973148
AGGATAAAGTCGGGAT-1,0.027765,0.023339,0.000324,0.948572
AGGATATAGGGATTTA-1,0.035889,0.035749,0.035758,0.892604
AGGATATCCGACTGCA-1,0.001216,0.001213,0.001216,0.996355
AGGATCACGCGATCTG-1,0.000421,0.00042,0.000422,0.998738
AGGATTGCTTACGACA-1,0.02384,0.023872,0.023871,0.928417
AGGCACGTGACTGTCC-1,0.000604,0.020886,0.000603,0.977907
AGGCAGATGCGTAAAC-1,0.002928,0.002922,0.002928,0.991222
AGGCATTGTCGTAGGG-1,0.001176,0.001174,0.175455,0.822196
AGGCCACATTGGTTAC-1,0.000543,0.012307,0.000544,0.986606
AGGCCACCCGTTATGA-1,0.00055,0.000548,0.00055,0.998352
AGGCCCATTGTACAGG-1,0.215514,0.007156,0.007165,0.770164
AGGCCCTAGAACGCCA-1,0.000274,0.004412,0.050419,0.944894
AGGCCTGAGAATCTCG-1,0.017867,0.017886,0.017918,0.946329
AGGCGATAACTGGCGT-1,0.000261,0.00026,0.031282,0.968197
AGGCGGTTTGTCCCGC-1,0.000566,0.01279,0.000567,0.986076
AGGCTATGGTTAGCTT-1,0.000557,0.012171,0.000556,0.986716
AGGCTTCCCGAAGAAG-1,0.001885,0.001883,0.001888,0.994344
AGGCTTGCTAGACACC-1,0.000432,0.014429,0.000431,0.984707
AGGGACCGGCTGCGTT-1,0.020424,0.020464,0.020497,0.938616
AGGGAGACATACTTCG-1,0.002241,0.002237,0.002244,0.993278
AGGGCGAGCAGCTGAT-1,0.000331,0.000333,0.00033,0.999005
AGGGCGTGATCGGCTA-1,0.005974,0.005963,0.005969,0.982094
AGGGCTGCAGTTACAG-1,0.000671,0.025065,0.00067,0.973594
AGGGTCGATGCGAACT-1,0.001633,0.001626,0.045517,0.951224
AGGGTGCTCTCGAGGG-1,0.000829,0.235787,0.02652,0.736864
AGGGTGGATAGTGCAT-1,0.00046,0.000462,0.00046,0.998618
AGGGTTCCCTTTGGTT-1,0.107793,0.178164,0.001317,0.712725
AGGGTTTAGTTCGGGA-1,0.000504,0.000506,0.000503,0.998487
AGGTAACCTCCTATTC-1,0.150249,0.092128,0.002611,0.755012
AGGTAGATCGAGATAT-1,0.001147,0.179643,0.001147,0.818062
AGGTAGGTACAAAGCT-1,0.000457,0.024963,0.000457,0.974123
AGGTATAATTGATAGT-1,0.271488,0.013012,0.013031,0.702469
AGGTATGCGGACATTA-1,0.01853,0.000353,0.000354,0.980762
AGGTCAGGTGAGAGTG-1,0.00042,0.000419,0.000419,0.998742
AGGTCGCCTCCCAACA-1,0.000324,0.000323,0.000324,0.999029
AGGTCGCGGAGTTACT-1,0.011914,0.011931,0.011972,0.964183
AGGTGTATCGCCATGA-1,0.000598,0.000597,0.000598,0.998208
AGGTTACACCATGCCG-1,0.000319,0.000318,0.000319,0.999044
AGGTTTCACACACCTT-1,0.000491,0.000492,0.000492,0.998525
AGTAATGTCTTGCCGC-1,0.345906,0.017877,0.017921,0.618296
AGTACAGAAGCTTATA-1,0.000149,0.000149,0.000149,0.999554
AGTACATCATTTATCA-1,0.011022,0.011005,0.011038,0.966936
AGTACGGCCCGTATCG-1,0.000342,0.000342,0.000342,0.998974
AGTACGGGCACCTGGC-1,0.132531,0.153793,0.134956,0.578721
AGTACTCTTATGCCCA-1,0.002171,0.052207,0.002173,0.943448
AGTAGGTAACATACAT-1,0.005324,0.005302,0.005316,0.984058
AGTATAATACTAGGCA-1,0.000605,0.000604,0.032036,0.966754
AGTATGCTGGAGACCA-1,0.000897,0.000895,0.000897,0.997311
AGTCAACACCACCATC-1,0.000526,0.000527,0.000525,0.998422
AGTCAAGATGACACTT-1,0.006824,0.006817,0.006827,0.979532
AGTCACTAGCTCTCGA-1,0.000535,0.000539,0.000535,0.998391
AGTCAGCCACCGCCTG-1,0.003675,0.003671,0.003679,0.988975
AGTCCATTGGCTGATG-1,0.020505,0.02047,0.020483,0.938542
AGTCCCTCGCAGAAAG-1,0.007163,0.007157,0.00717,0.97851
AGTCGACGGTCTCAAG-1,0.111228,0.00409,0.0041,0.880582
AGTCGGCCCAAACGAC-1,0.000382,0.000385,0.000383,0.99885
AGTCGGCTCAACTTTA-1,0.000392,0.012337,0.000391,0.986881
AGTCGGTTGCGTGAGA-1,0.000561,0.000559,0.000561,0.998319
AGTCGTATAAAGCAGA-1,0.003779,0.003769,0.003777,0.988675
AGTCGTCGACCACCAA-1,0.009545,0.00956,0.391636,0.589259
AGTCGTGGGCATTACG-1,0.000532,0.00053,0.000532,0.998407
AGTCTAAAGTATACTC-1,0.006822,0.006821,0.006828,0.979529
AGTCTCACAAGACTAC-1,0.000937,0.000935,0.000938,0.99719
AGTCTGGACATCCTTG-1,0.002879,0.070275,0.002867,0.923979
AGTCTTCTCCTCAAAT-1,0.00224,0.002237,0.002242,0.993281
AGTCTTTAAAGTGTCC-1,0.000328,0.000328,0.000328,0.999016
AGTGAACAAACTTCTC-1,0.008934,0.008948,0.008986,0.973131
AGTGAAGATGGTGTCC-1,0.017885,0.017894,0.017984,0.946237
AGTGACCTACTTTACG-1,0.001814,0.021011,0.13085,0.846325
AGTGAGACTTCCAGTA-1,0.000845,0.238139,0.000845,0.760171
AGTGAGCCTCGCCGCC-1,0.020413,0.020439,0.020485,0.938663
AGTGATAACCTGCGCG-1,0.004111,0.004089,0.004092,0.987708
AGTGATATGAGTAGTT-1,0.000934,0.619919,0.000932,0.378215
AGTGATTCAAGCAGGA-1,0.020542,0.073315,0.000641,0.905502
AGTGCACGCTTAAGAA-1,0.001039,0.010666,0.00104,0.987255
AGTGCGTAGCTCGTAA-1,0.001176,0.001173,0.001177,0.996474
AGTGCTAAACACAGCA-1,0.001327,0.067484,0.001329,0.92986
AGTGCTTGCACGAATA-1,0.006247,0.006221,0.006241,0.981291
AGTGGCGGCAATTTGA-1,0.002278,0.082142,0.002279,0.913301
AGTGGCGTCTGAAGGT-1,0.013059,0.01301,0.013032,0.9609
AGTGGCTCCGTCGGCC-1,0.000631,0.000631,0.000633,0.998106
AGTGGTGTTACCCGTG-1,0.0006,0.000599,0.0006,0.998201
AGTGGTTGCGTATAGG-1,0.000337,0.000336,0.000337,0.998991
AGTGTGGTCTATTGTG-1,0.000595,0.000594,0.000596,0.998215
AGTTAAACACTTGCGA-1,0.091559,0.000429,0.00043,0.907583
AGTTAAGTCAACCGCT-1,0.000543,0.000542,0.000543,0.998371
AGTTACCCTTAAGACT-1,0.000431,0.00043,0.000431,0.998709
AGTTACCGCACATGGT-1,0.000363,0.000362,0.000363,0.998911
AGTTCCTACAGAATTA-1,0.003786,0.038665,0.003777,0.953772
AGTTCCTATTTATGTT-1,0.00081,0.000809,0.151339,0.847042
AGTTTATGTAAAGACA-1,0.018008,0.017888,0.017908,0.946196
AGTTTCGCAGGTCGGA-1,0.013061,0.013025,0.013051,0.960862
AGTTTGCACCTGCCTC-1,0.000336,0.000337,0.000336,0.998991
AGTTTGGCACGGGTTG-1,0.005498,0.005509,0.00551,0.983483
AGTTTGGCCAGACCTA-1,0.000432,0.019771,0.01961,0.960188
ATAAACGGACCCGTAA-1,0.000368,0.014097,0.000368,0.985167
ATAAACGTTGCACCAC-1,0.000408,0.266278,0.000408,0.732906
ATAAAGGCTCGGTCGT-1,0.001496,0.015489,0.001496,0.98152
ATAAATATTAGCAGCT-1,0.000314,0.005495,0.000314,0.993876
ATAACGCCGGAGGGTC-1,0.000897,0.000895,0.000896,0.997313
ATAACGGAGTCCAACG-1,0.032377,0.056522,0.000416,0.910685
ATAAGGTGGAGAACAT-1,0.000233,0.000233,0.000233,0.999302
ATAAGTAGGATTCAGA-1,0.014295,0.014309,0.014334,0.957061
ATAAGTAGGGCGACTC-1,0.023828,0.023844,0.023882,0.928446
ATAAGTTACCGCGACG-1,0.000434,0.246887,0.000433,0.752246
ATAATAGCTGTTGAAT-1,0.000627,0.006442,0.143447,0.849484
ATAATAGTGTAGGGAC-1,0.022481,0.000402,0.000403,0.976714
ATAATCTTGGAGAACC-1,0.001708,0.001704,0.001707,0.994881
ATAATTAGCTAAGTAG-1,0.003497,0.044542,0.189355,0.762606
ATACAGGCCCTCCAAT-1,0.00024,0.000241,0.00024,0.999279
ATACCACGGGCAACTT-1,0.000459,0.0091,0.000459,0.989982
ATACCAGGCTAATAGA-1,0.000811,0.01458,0.000811,0.983798
ATACCTAACCAAGAAA-1,0.027075,0.074528,0.052029,0.846368
ATACGAAGGCTTTCCA-1,0.000512,0.000511,0.02563,0.973346
ATACGCCGGCGAAACC-1,0.03888,0.000331,0.000332,0.960457
ATACGGAACGTCGTTT-1,0.000524,0.000528,0.000523,0.998425
ATACGGGTTTCGATTG-1,0.003678,0.042416,0.003678,0.950228
ATACGGTGAAGATGCA-1,0.000308,0.000309,0.000308,0.999075
ATACGTACTTAGCCAC-1,0.000793,0.000791,0.000793,0.997624
ATACGTCCACTCCTGT-1,0.002109,0.002105,0.002107,0.993678
ATACGTTATGCACGGA-1,0.001492,0.039459,0.001495,0.957555
ATACTACCCGTACCAC-1,0.00062,0.005994,0.060945,0.93244
ATACTAGCATGACCCT-1,0.003123,0.003112,0.003114,0.990651
ATACTGCCTTACACCG-1,0.023819,0.023842,0.023868,0.928471
ATACTTGTTCTCGAGC-1,0.00047,0.000474,0.00047,0.998585
ATAGACAACGGGACCT-1,0.000886,0.197147,0.000885,0.801082
ATAGACGAAGAGAAAG-1,0.000369,0.00037,0.000369,0.998892
ATAGAGTACTGGGACA-1,0.001493,0.001491,0.001495,0.995521
ATAGAGTTATCAACTT-1,0.001177,0.270666,0.001177,0.726979
ATAGCAACTAGGGAAG-1,0.026799,0.00062,0.000621,0.97196
ATAGGCGGCTATAGAA-1,0.000594,0.011893,0.000596,0.986917
ATAGGCTAGCTTCGCA-1,0.001087,0.553157,0.014471,0.431285
ATAGGGATATCCTTGA-1,0.007547,0.007535,0.007543,0.977375
ATAGGTTGGGCAGATG-1,0.002022,0.002017,0.002022,0.99394
ATAGTCTTTGACGTGC-1,0.002386,0.053675,0.002396,0.941543
ATAGTGAAGCGTTCTC-1,0.050234,0.00032,0.000319,0.949126
ATAGTTCCACCCACTC-1,0.008479,0.008413,0.23235,0.750758
ATATAAAGCGCTCGTG-1,0.002924,0.034635,0.002927,0.959515
ATATAAATGTAGCTGC-1,0.013062,0.013015,0.499064,0.474859
ATATAACACGGGCGCA-1,0.102884,0.007533,0.007536,0.882047
ATATACATGTATGGTA-1,0.000578,0.000577,0.000578,0.998267
ATATACGCTCGTGACG-1,0.000466,0.000465,0.000466,0.998603
ATATAGAGTATTGGTC-1,0.02395,0.023844,0.023879,0.928328
ATATCAACCTACAGAG-1,0.015956,0.015902,0.015915,0.952228
ATATCAATTCCAGCCT-1,0.029372,0.000636,0.000638,0.969354
ATATCGGTAGGGAGAT-1,0.00552,0.005504,0.005511,0.983465
ATATCGTTCCTCGAAC-1,0.028667,0.028634,0.028758,0.913941
ATATCTTAGGGCCTTC-1,0.000487,0.009058,0.000486,0.989968
ATATGTCTCCCTAGCC-1,0.009584,0.009543,0.009555,0.971318
ATATTCAGTTAAACCT-1,0.000768,0.000766,0.000767,0.9977
ATATTCCACATAGTGA-1,0.002938,0.00292,0.002927,0.991215
ATATTCCCACAGGTCA-1,0.035839,0.035863,0.035882,0.892415
ATATTGCTGTCAAAGT-1,0.000485,0.000484,0.000485,0.998547
ATATTGGAGAGGCCTT-1,0.000343,0.000342,0.000343,0.998971
ATATTTAACCCTCAAG-1,0.041919,0.00046,0.000461,0.95716
ATCAAACACTGTTCCA-1,0.001317,0.001313,0.001316,0.996054
ATCAAACGAAGGTTTG-1,0.000529,0.015942,0.00053,0.982999
ATCAATCTGGGCTGCA-1,0.00165,0.001645,0.001648,0.995057
ATCAATGCCGTGGCTG-1,0.000714,0.005846,0.000714,0.992726
ATCACATTAGAATATC-1,0.002608,0.002602,0.16069,0.8341
ATCACGTGCTAATTAA-1,0.006992,0.00044,0.000439,0.99213
ATCACTTCATCCTCGC-1,0.01592,0.015935,0.015952,0.952193
ATCAGACGGCACGCCG-1,0.001748,0.001746,0.001751,0.994755
ATCAGCCTCATGCTGC-1,0.028663,0.028639,0.82779,0.114908
ATCAGCTCGTCCACTA-1,0.000575,0.000572,0.000574,0.998279
ATCAGGTAGCTGACAG-1,0.000434,0.000432,0.000433,0.9987
ATCAGTAGGCAGGGAT-1,0.002863,0.036798,0.948859,0.01148
ATCATAGCCCTATGTA-1,0.001245,0.001245,0.001248,0.996263
ATCATCCAATATTTGT-1,0.000275,0.000276,0.000275,0.999174
ATCATGGACTACCGAC-1,0.000495,0.000494,0.000494,0.998517
ATCATTGTACCGCATT-1,0.006565,0.006507,0.006525,0.980402
ATCCAACGCAGTCATA-1,0.00049,0.000494,0.00049,0.998527
ATCCAATGGAGGGTCC-1,0.000567,0.000566,0.000567,0.9983
ATCCAATGGTACCGAA-1,0.000261,0.00026,0.000261,0.999218
ATCCACATCGACAGAA-1,0.054295,0.000451,0.035566,0.909687
ATCCAGAGCAACAACC-1,0.001095,0.277408,0.001096,0.720402
ATCCAGGATTCGTGAA-1,0.002138,0.002136,0.002144,0.993583
ATCCCATCCACAGCGC-1,0.006503,0.006507,0.006519,0.98047
ATCCTACCTAAGCTCT-1,0.000635,0.099711,0.000635,0.899018
ATCCTGAATCGCTGCG-1,0.000329,0.000328,0.000329,0.999014
ATCCTGCGTGGAATGG-1,0.000965,0.022617,0.000963,0.975456
ATCCTTCTGAAAGAAC-1,0.000423,0.000422,0.000423,0.998732
ATCGACCCAATACAGA-1,0.000684,0.000687,0.000683,0.997946
ATCGACTCTTTCCGTT-1,0.156236,0.001363,0.001366,0.841035
ATCGCACGCCGGGAGA-1,0.001477,0.001476,0.070094,0.926953
ATCGCCAGTCAACATT-1,0.047072,0.004618,0.004636,0.943673
ATCGCTGCGTGCAGCA-1,0.009535,0.114506,0.009573,0.866386
ATCGCTTTACGTCTCA-1,0.000586,0.000584,0.000586,0.998244
ATCGGAGACAGACGGC-1,0.003507,0.00349,0.003495,0.989508
ATCGGCAAGCAGTCCA-1,0.001047,0.001045,0.001047,0.996862
ATCGGTTACCTAGTAA-1,0.000553,0.004273,0.029876,0.965298
ATCGTATTCCGAGAAC-1,0.000253,0.000253,0.000253,0.999241
ATCGTGGAAAGTCTGG-1,0.006825,0.006818,0.006843,0.979514
ATCGTTAGCTAGCGGA-1,0.000518,0.004451,0.000518,0.994512
ATCTAATATCCTACGG-1,0.00078,0.033693,0.00078,0.964747
ATCTACCATCTGCTCC-1,0.451493,0.020458,0.020588,0.507461
ATCTCCCACGGAATAT-1,0.00056,0.000564,0.00056,0.998315
ATCTCCCTGCAATCTA-1,0.00187,0.00186,0.001861,0.99441
ATCTCGTGAGCGAAAC-1,0.000529,0.000528,0.000529,0.998414
ATCTGACATGGAAGGA-1,0.00134,0.145981,0.00134,0.851339
ATCTGCACCTCTGCGA-1,0.047665,0.047711,0.047737,0.856888
ATCTGGGCTGTTCTTG-1,0.00306,0.003046,0.003056,0.990838
ATCTGGTTAAGACTGT-1,0.000717,0.021536,0.000718,0.97703
ATCTGTAATTGTACCC-1,0.001575,0.034883,0.001576,0.961966
ATCTTATCGCACACCC-1,0.000632,0.00063,0.000632,0.998106
ATCTTGACCTGCAACG-1,0.000514,0.000513,0.000514,0.998458
ATCTTGACTTGTCCAA-1,0.008436,0.008419,0.008434,0.974712
ATCTTTCGTATAACCA-1,0.010264,0.010229,0.010241,0.969266
ATGAAGCCAAGGAGCC-1,0.003782,0.003768,0.003772,0.988678
ATGAAGTGGACCCAGC-1,0.000278,0.000277,0.000278,0.999166
ATGACGCCGGCTCTAA-1,0.002991,0.002982,0.002996,0.991032
ATGACGCGTTCTATCC-1,0.001003,0.001001,0.001003,0.996992
ATGACTATCAGCTGTG-1,0.001122,0.315076,0.00112,0.682682
ATGACTATGCGACATT-1,0.006821,0.006814,0.006829,0.979537
ATGAGGAGTGTTAATC-1,0.05919,0.01429,0.000603,0.925917
ATGAGGGCAGCGGCTA-1,0.000336,0.000335,0.000336,0.998993
ATGATCGGGAATAGAC-1,0.008975,0.008947,0.00897,0.973108
ATGATGCAATGGTACA-1,0.000775,0.133791,0.000776,0.864658
ATGCACGCGCTGTTCA-1,0.070234,0.005285,0.000593,0.923888
ATGCACTACCGCATTG-1,0.000638,0.000636,0.000638,0.998088
ATGCATGATCCAGGAT-1,0.001316,0.001313,0.001316,0.996055
ATGCCATTTGCGACCA-1,0.071623,0.002016,0.00202,0.924341
ATGCCGGTCTTGCATA-1,0.063997,0.000669,0.000667,0.934667
ATGCCGGTTGATGGGA-1,0.002272,0.002273,0.002277,0.993178
ATGCGACAGTCCCATT-1,0.151049,0.000333,0.019727,0.828892
ATGCGAGTCCCACCAC-1,0.0041,0.004091,0.004099,0.98771
ATGCTCAGTGTTGCAT-1,0.000975,0.000974,0.000976,0.997075
ATGCTCTGGCGCGGTA-1,0.010383,0.0003,0.0003,0.989017
ATGCTTAGGAGTTGAT-1,0.000608,0.000606,0.000608,0.998178
ATGGAAATTTAAGGAG-1,0.000454,0.009466,0.000454,0.989626
