Barcode,Topic 1,Topic 2to4,Topic 5,Topic 6,Topic 7,Topic 8,Topic 9,Topic 10
AAACAACGAATAGTTC-1,0.40189,0.018756,0.006252,0.006252,0.006252,0.006252,0.548095,0.006252
AAACAAGTATCTCCCA-1,0.038718,0.332704,0.003969,0.228629,0.13884,0.253278,0.001006,0.002858
AAACAATCTACTAGCA-1,0.000023,0.00007,0.110337,0.047698,0.16519,0.000023,0.000023,0.676635
AAACACCAATAACTGC-1,0.025582,0.758218,0.003967,0.057717,0.005854,0.102495,0.031069,0.015098
AAACAGAGCGACTCCT-1,0.009988,0.365705,0.000051,0.019592,0.06008,0.028574,0.381676,0.134335
AAACAGCTTTCAGAAG-1,0.057526,0.051456,0.020435,0.325148,0.048354,0.369119,0.046344,0.081617
AAACAGGGTCTATATT-1,0.000052,0.036196,0.143056,0.292228,0.08027,0.419602,0.028,0.000596
AAACATGGTGAGAGGA-1,0.028296,0.218697,0.041771,0.081906,0.097043,0.463446,0.03472,0.034121
AAACATTTCCCGGATT-1,0.057806,0.189523,0.026711,0.253817,0.323793,0.148231,0.000032,0.000087
AAACCACTACACAGAT-1,0.007199,0.408497,0.001238,0.198074,0.048157,0.050221,0.213361,0.073253
AAACCCGAACGAAATC-1,0.013457,0.32593,0.024975,0.067565,0.139406,0.397602,0.013173,0.017892
AAACCGGAAATGTTAA-1,0.327611,0.00047,0.102467,0.088463,0.139512,0.031092,0.000053,0.310332
AAACCGGGTAGGTACC-1,0.000031,0.236111,0.23664,0.076689,0.031065,0.419401,0.000031,0.000031
AAACCGTTCGTCCAGG-1,0.002068,0.000026,0.05214,0.060912,0.049312,0.014898,0.820344,0.0003
AAACCTCATGAAGTTG-1,0.101609,0.410575,0.024725,0.038999,0.163755,0.260304,0.000016,0.000016
AAACGAAGAACATACC-1,0.0592,0.195621,0.028574,0.232228,0.073997,0.341751,0.001927,0.066703
AAACGAAGATGGAGTA-1,0.000014,0.036273,0.006426,0.005429,0.863929,0.060899,0.027017,0.000014
AAACGACAGTCTTGCC-1,0.002024,0.28035,0.000703,0.283452,0.087874,0.12447,0.075261,0.145866
AAACGAGACGGTTGAT-1,0.012796,0.117425,0.015513,0.141218,0.427072,0.037594,0.086892,0.161491
AAACGCTGGGCACGAC-1,0.126784,0.001159,0.423798,0.000386,0.098087,0.000386,0.000386,0.349014
AAACGGGTTGGTATCC-1,0.000078,0.000235,0.999294,0.000078,0.000078,0.000078,0.000078,0.000078
AAACGTGTTCGCCCTA-1,0.009326,0.256305,0.009763,0.333213,0.008523,0.329244,0.035394,0.018233
AAACTAACGTGGCGAC-1,0.014761,0.041846,0.010719,0.409316,0.011311,0.007591,0.480032,0.024425
AAACTCGTGATATAAG-1,0.000016,0.518123,0.03338,0.041873,0.001119,0.269051,0.023721,0.112716
AAACTTAATTGCACGC-1,0.062445,0.527525,0.002164,0.10293,0.006752,0.245108,0.031026,0.022051
AAACTTGCAAACGTAT-1,0.033353,0.221405,0.025935,0.074541,0.077849,0.552623,0.010089,0.004203
AAAGAATGACCTTAGA-1,0.032196,0.229574,0.001882,0.008902,0.347529,0.370852,0.009058,0.000007
AAAGAATGTGGACTAA-1,0.000122,0.000365,0.389463,0.253025,0.047912,0.000122,0.000122,0.308871
AAAGACCCAAGTCGCG-1,0.316214,0.292926,0.01933,0.112108,0.059465,0.15868,0.018714,0.022564
AAAGACTGGGCGCTTT-1,0.520642,0.25284,0.009505,0.089916,0.019396,0.104576,0.000009,0.003116
AAAGCTTGCCTACATA-1,0.00524,0.055179,0.014927,0.287826,0.030764,0.550549,0.030639,0.024877
AAAGGGATGTAGCAAG-1,0.01506,0.077975,0.100981,0.617637,0.067721,0.116911,0.000041,0.003674
AAAGGGCAGCTTGAAT-1,0.206006,0.159161,0.036281,0.220951,0.030944,0.311449,0.010771,0.024436
AAAGGTAAGCTGTACC-1,0.004982,0.075612,0.000019,0.381268,0.008626,0.005759,0.442248,0.081485
AAAGTAGCATTGCTCA-1,0.054244,0.325428,0.006667,0.222724,0.081211,0.286751,0.012843,0.010132
AAAGTCACTGATGTAA-1,0.3236,0.406363,0.014578,0.083793,0.00002,0.116017,0.049501,0.006129
AAAGTCGACCCTCAGT-1,0.019082,0.316151,0.062598,0.05864,0.098808,0.421986,0.017601,0.005134
AAAGTGCCATCAATTA-1,0.000603,0.001808,0.816008,0.04976,0.000603,0.000603,0.130013,0.000603
AAAGTGTGATTTATCT-1,0.000017,0.338616,0.074737,0.038798,0.002823,0.269739,0.128792,0.146479
AAAGTTGACTCCCGTA-1,0.066828,0.023414,0.009091,0.532555,0.262262,0.10061,0.000034,0.005207
AAATAACCATACGGGA-1,0.007442,0.00009,0.122372,0.643725,0.033693,0.046024,0.105622,0.041032
AAATAAGGTAGTGCCC-1,0.040445,0.05304,0.054035,0.234734,0.176497,0.439585,0.000019,0.001644
AAATAGCTTAGACTTT-1,0.179332,0.814814,0.000009,0.000009,0.000009,0.000009,0.000009,0.005808
AAATCACTCCTAAACG-1,0.00003,0.061144,0.249468,0.561687,0.00003,0.008317,0.119295,0.00003
AAATCGCGGAAGGAGT-1,0.000012,0.000037,0.029569,0.000406,0.94923,0.020721,0.000012,0.000012
AAATCGTGTACCACAA-1,0.000024,0.02045,0.160294,0.735091,0.016381,0.000024,0.053827,0.013909
AAATCTAGCCCTGCTA-1,0.00905,0.389503,0.17889,0.17166,0.12811,0.116523,0.000016,0.006248
AAATCTGCCCGCGTCC-1,0.035486,0.039091,0.000015,0.20695,0.642726,0.075701,0.000018,0.000015
AAATGATTCGATCAGC-1,0.028103,0.083328,0.102807,0.37874,0.201775,0.196721,0.000041,0.008486
AAATGCTCGTTACGTT-1,0.072489,0.071988,0.27628,0.23004,0.160632,0.182786,0.00008,0.005705
AAATGGCATGTCTTGT-1,0.000046,0.018082,0.017125,0.00607,0.377499,0.004215,0.064627,0.512335
AAATGGCCCGTGCCCT-1,0.028764,0.06204,0.060464,0.150722,0.252264,0.386909,0.002337,0.056501
AAATGGTCAATGTGCC-1,0.104291,0.374227,0.003951,0.162227,0.216791,0.138467,0.000023,0.000023
AAATGTATCTTATCCC-1,0.100244,0.040663,0.124223,0.000116,0.44542,0.289101,0.000116,0.000116
AAATGTGGGTGCTCCT-1,0.000184,0.000553,0.403066,0.37722,0.126029,0.03342,0.059344,0.000184
AAATTAACGGGTAGCT-1,0.056924,0.071614,0.018651,0.528328,0.271792,0.04496,0.00763,0.000102
AAATTAATAAGCGCGA-1,0.028287,0.237745,0.116916,0.000092,0.507635,0.109301,0.000012,0.000012
AAATTACACGACTCTG-1,0.000057,0.038041,0.062555,0.728686,0.114762,0.008296,0.044176,0.003427
AAATTACCTATCGATG-1,0.025212,0.005937,0.031048,0.704597,0.209677,0.023441,0.000045,0.000045
AAATTCCAGGTCCAAA-1,0.040733,0.035484,0.147629,0.230858,0.281131,0.248109,0.000015,0.01604
AAATTGATAGTCCTTT-1,0.031983,0.48948,0.046553,0.295985,0.086871,0.044556,0.002364,0.002209
AAATTGCGGCGGTTCT-1,0.000032,0.000095,0.89081,0.000032,0.000032,0.000032,0.000032,0.108936
AAATTGGTGAGAAGCA-1,0.096425,0.839005,0.027228,0.011277,0.01349,0.005012,0.007551,0.000012
AAATTTGCGGGTGTGG-1,0.005011,0.123516,0.298075,0.117652,0.277251,0.17353,0.000021,0.004943
AACAACTGGTAGTTGC-1,0.089971,0.165575,0.021506,0.495407,0.083856,0.131219,0.000023,0.012444
AACAATTACTCTACGC-1,0.034929,0.261186,0.030141,0.164612,0.127384,0.369601,0.011408,0.00074
AACACACGCTCGCCGC-1,0.001982,0.284036,0.017798,0.393966,0.028153,0.240043,0.000025,0.033997
AACACGACTGTACTGA-1,0.032581,0.131102,0.016117,0.261228,0.130534,0.405962,0.001199,0.021275
AACACGAGACGCGGCC-1,0.028222,0.159737,0.037587,0.147221,0.112669,0.485547,0.000022,0.028997
AACACGCGGCCGCGAA-1,0.000021,0.001879,0.993722,0.000021,0.000021,0.000021,0.004294,0.000021
AACAGCTGTGTGGCAA-1,0.027979,0.383047,0.045918,0.256553,0.181479,0.060163,0.035389,0.009472
AACAGGAAATCGAATA-1,0.02266,0.02247,0.003282,0.618442,0.218404,0.039818,0.069549,0.005375
AACAGGATGGGCCGCG-1,0.024603,0.025377,0.393666,0.213062,0.030239,0.300639,0.011611,0.000804
AACAGGTAGTATGGAT-1,0.152352,0.662952,0.000043,0.04225,0.033585,0.052742,0.018141,0.037935
AACATATCAACTGGTG-1,0.000038,0.037628,0.15725,0.412685,0.234169,0.158153,0.000038,0.000038
AACATCGATACGTCTA-1,0.006079,0.138794,0.089214,0.30054,0.031132,0.164548,0.000033,0.269659
AACATTGGTCAGCCGT-1,0.00009,0.315517,0.655336,0.00009,0.00009,0.028697,0.00009,0.00009
AACCAAGACTTCTCTG-1,0.034491,0.416997,0.04425,0.042883,0.040846,0.4126,0.005466,0.002467
AACCATAGGGTTGAAC-1,0.049997,0.9393,0.000004,0.000004,0.000004,0.00142,0.007295,0.001977
AACCATGGGATCGCTA-1,0.209725,0.175866,0.125888,0.236111,0.022338,0.040883,0.000023,0.189166
AACCCAGAGACGGAGA-1,0.558257,0.408442,0.00025,0.015646,0.000007,0.00199,0.000172,0.015235
AACCCATCCCATGATC-1,0.000138,0.012228,0.032679,0.167,0.000138,0.552921,0.046232,0.188665
AACCCGAGCAGAATCG-1,0.367951,0.097192,0.112945,0.256717,0.010981,0.150337,0.001715,0.002162
AACCCGATAGGGCTTC-1,0.025556,0.303124,0.036279,0.285636,0.059733,0.115613,0.063952,0.110107
AACCCTACTGTCAATA-1,0.022484,0.130592,0.176922,0.487511,0.030768,0.086995,0.000022,0.064706
AACCCTGGTGGAACCA-1,0.000023,0.13556,0.035408,0.074764,0.407383,0.029301,0.02797,0.289591
AACCGAGCTTGGTCAT-1,0.006444,0.000063,0.061155,0.251331,0.64066,0.014676,0.019519,0.006152
AACCGCTAAGGGATGC-1,0.005541,0.103197,0.087412,0.407618,0.130655,0.24353,0.000031,0.022016
AACCGTTGTGTTTGCT-1,0.001767,0.146582,0.073438,0.482316,0.171085,0.046107,0.020661,0.058044
AACCTAAAGCCGTCCG-1,0.777693,0.043581,0.075477,0.004329,0.008115,0.004957,0.011471,0.074376
AACCTGTCACGGAATT-1,0.037282,0.245902,0.019995,0.193018,0.123181,0.377809,0.000971,0.001843
AACCTTTACGACGTCT-1,0.000014,0.002206,0.005577,0.001191,0.038703,0.010219,0.919454,0.022635
AACGAAAGTCGTCCCA-1,0.021421,0.140707,0.087455,0.064775,0.47714,0.126412,0.04202,0.040069
AACGACCTCCTAGCCG-1,0.000088,0.003709,0.846886,0.048286,0.000088,0.000088,0.000088,0.100769
AACGATAGAAGGGCCG-1,0.003233,0.453347,0.018947,0.074897,0.052562,0.33613,0.025313,0.035571
AACGATATGTCAACTG-1,0.000032,0.017363,0.123603,0.013441,0.404252,0.001793,0.097693,0.341824
AACGCATGATCTGGGT-1,0.095679,0.011434,0.045171,0.593773,0.161238,0.092585,0.000059,0.000061
AACGCGAACGGCAACA-1,0.00003,0.000091,0.39254,0.00003,0.532484,0.00003,0.00003,0.074763
AACGCGGTCTCCAGCC-1,0.000032,0.0373,0.000032,0.759497,0.000032,0.000032,0.19911,0.003964
AACGCTGTTGCTGAAA-1,0.000021,0.242994,0.281192,0.244808,0.005665,0.11832,0.048665,0.058335
AACGGACGTACGTATA-1,0.000336,0.346694,0.364931,0.176,0.001133,0.057049,0.007799,0.046057
AACGGCCATCTCCGGT-1,0.007203,0.193141,0.048307,0.267167,0.247896,0.217325,0.010003,0.008959
AACGTACTGTGGGTAC-1,0.009687,0.034038,0.008945,0.379224,0.332052,0.235974,0.00004,0.00004
AACGTAGTCTACCCAT-1,0.051783,0.000157,0.495418,0.289784,0.078373,0.035839,0.000052,0.048593
AACGTCAGACTAGTGG-1,0.026611,0.423731,0.043836,0.201737,0.018044,0.245727,0.002264,0.038051
AACGTCGCTGCACTTC-1,0.000179,0.000537,0.607047,0.000179,0.000179,0.000179,0.000179,0.391522
AACGTGCGAAAGTCTC-1,0.015088,0.02932,0.021346,0.048146,0.827075,0.018484,0.004958,0.035584
AACGTTATCAGCACCT-1,0.189952,0.241711,0.114628,0.188498,0.077887,0.144083,0.025118,0.018122
AACGTTCTACCATTGT-1,0.090871,0.000445,0.63567,0.166469,0.103345,0.000148,0.000148,0.002903
AACTACCCGTTTGTCA-1,0.103017,0.187346,0.024033,0.280896,0.147748,0.251746,0.000016,0.005197
AACTAGCGTATCGCAC-1,0.032968,0.000207,0.499753,0.056814,0.410051,0.000069,0.000069,0.000069
AACTCAAGTTAATTGC-1,0.104821,0.32998,0.016132,0.261294,0.15965,0.126878,0.000016,0.00123
AACTCCAGAGCGTGTT-1,0.018269,0.194726,0.113282,0.234715,0.296059,0.140767,0.00005,0.002132
AACTCCTAATCCCATG-1,0.053629,0.21331,0.018137,0.5204,0.092638,0.060864,0.040988,0.000035
AACTCGATAAACACGT-1,0.012529,0.025351,0.866867,0.000037,0.000037,0.000037,0.000037,0.095105
AACTCGATGGCGCAGT-1,0.036294,0.000171,0.245312,0.25532,0.449089,0.0137,0.000057,0.000057
AACTCTCAATAGAGCG-1,0.029578,0.026032,0.006001,0.408124,0.307653,0.222542,0.000035,0.000035
AACTCTCAGTGTGCTC-1,0.013003,0.027326,0.043206,0.290645,0.21127,0.005977,0.338788,0.069786
AACTGAGGTCAGCGTC-1,0.032964,0.081404,0.061973,0.565491,0.041697,0.041668,0.129122,0.045682
AACTGAGTTATACTGA-1,0.124997,0.673831,0.179985,0.001306,0.000055,0.000055,0.000055,0.019716
AACTGATATTAGGCCT-1,0.001998,0.107374,0.132582,0.632059,0.069022,0.038633,0.003065,0.015266
AACTGGGTCCCGACGT-1,0.000027,0.00008,0.000027,0.785269,0.000027,0.003479,0.208064,0.003028
AACTGGTGTGGGCCTT-1,0.104249,0.002721,0.089723,0.314537,0.058943,0.002502,0.000026,0.4273
AACTTCTGCGTCTATC-1,0.297477,0.256827,0.016806,0.016257,0.04931,0.056014,0.000439,0.30687
AACTTGCCCGTATGCA-1,0.016446,0.246522,0.080753,0.05401,0.134871,0.46737,0.000014,0.000014
AACTTGCGTTCTCGCG-1,0.075449,0.026408,0.373367,0.080955,0.394536,0.046645,0.000041,0.002599
AACTTTACGGGAGCTT-1,0.047298,0.352363,0.250785,0.035492,0.045932,0.254043,0.011288,0.002799
AACTTTAGCTGCTGAG-1,0.03436,0.018003,0.562031,0.167084,0.172937,0.034539,0.006309,0.004736
AACTTTCTCGATCATG-1,0.005137,0.068913,0.163751,0.300493,0.053975,0.321982,0.000027,0.08572
AAGAAATCACCAGATT-1,0.009138,0.020311,0.015282,0.158822,0.240326,0.491132,0.023283,0.041706
AAGAAGGATCAGTTAG-1,0.000017,0.447892,0.160729,0.031429,0.070265,0.271057,0.003716,0.014895
AAGACATACGTGGTTT-1,0.000112,0.245222,0.235609,0.169093,0.349483,0.000256,0.000112,0.000112
AAGACCAAATAACTCA-1,0.001649,0.067117,0.004854,0.007292,0.783826,0.110824,0.024425,0.000011
AAGACTAACCCGTTGT-1,0.000055,0.000164,0.890035,0.066216,0.043366,0.000055,0.000055,0.000055
AAGACTGCAAGCTACT-1,0.013984,0.05625,0.085118,0.265579,0.367292,0.097249,0.078534,0.035993
AAGAGATGAATCGGTA-1,0.161443,0.37122,0.013398,0.064341,0.095271,0.290741,0.002683,0.000902
AAGAGGATGTACGCGA-1,0.11474,0.168443,0.058703,0.280216,0.080011,0.295224,0.000022,0.002642
AAGAGGCATGGATCGC-1,0.001081,0.115909,0.012266,0.162134,0.328757,0.038332,0.121271,0.220249
AAGAGGCCCTTTGGAA-1,0.681376,0.144418,0.039671,0.051817,0.006312,0.009453,0.000011,0.066942
AAGATTGGCGGAACGT-1,0.000027,0.00008,0.000027,0.793589,0.006873,0.047595,0.14723,0.004579
AAGCCGAAGCGGTTTA-1,0.000011,0.588703,0.070129,0.055239,0.01784,0.24871,0.012955,0.006413
AAGCCGCTTTACCTTG-1,0.000017,0.001559,0.034899,0.289961,0.027069,0.585523,0.060205,0.000767
AAGCCGGAGAGCAGGA-1,0.185983,0.019671,0.538016,0.192508,0.001599,0.038221,0.000122,0.02388
AAGCGGAGTGCGCGCA-1,0.000014,0.463544,0.082683,0.101127,0.022578,0.223924,0.017931,0.088199
AAGCGGCGTCATGGGT-1,0.000016,0.526222,0.122128,0.027973,0.030482,0.257242,0.025222,0.010715
AAGCGTCCCTCATCGA-1,0.014142,0.002866,0.029909,0.120315,0.057437,0.048547,0.695175,0.031608
AAGCTATGGATTGACC-1,0.040027,0.711488,0.000014,0.028845,0.063687,0.02414,0.020961,0.11084
AAGCTCGTGCCAAGTC-1,0.064448,0.01372,0.125877,0.015138,0.728127,0.046722,0.005943,0.000024
AAGGAGAACTTATAAG-1,0.00014,0.00042,0.35451,0.107826,0.49459,0.042234,0.00014,0.00014
AAGGAGCGGTTGGTGC-1,0.006015,0.240948,0.028095,0.265128,0.046506,0.369171,0.031965,0.012171
AAGGATCGATCGCTTG-1,0.14059,0.165171,0.044311,0.172712,0.188309,0.277634,0.004962,0.006312
AAGGATGAGGGACCTC-1,0.000035,0.000104,0.015719,0.741553,0.181862,0.026699,0.033994,0.000035
AAGGCAGGCTGTCTCC-1,0.07777,0.213497,0.008395,0.082958,0.068017,0.410612,0.012261,0.12649
AAGGCGCGTAAAGCTT-1,0.057017,0.01093,0.004824,0.399468,0.078199,0.439294,0.010251,0.000016
AAGGCTGTGCTCATCG-1,0.026987,0.239466,0.033474,0.257671,0.11991,0.313756,0.000022,0.008715
AAGGGAACGACTGGCT-1,0.048137,0.728061,0.044511,0.110817,0.036234,0.020627,0.004953,0.006658
AAGGGACAGATTCTGT-1,0.031955,0.000142,0.007454,0.63566,0.266126,0.058567,0.000047,0.000047
AAGGGACTATGCATTC-1,0.016708,0.643203,0.03228,0.204478,0.002951,0.051582,0.015042,0.033755
AAGGGTTAGCCATGCG-1,0.0001,0.06209,0.550354,0.312919,0.01222,0.0001,0.0001,0.062116
AAGGGTTTGATTTCAG-1,0.016286,0.001386,0.01823,0.03757,0.335122,0.587204,0.004177,0.000024
AAGGTATCCTAATATA-1,0.002,0.076489,0.028513,0.212761,0.278694,0.012268,0.256172,0.133104
AAGGTGATAAACCAGC-1,0.050196,0.023072,0.034294,0.42609,0.208191,0.190918,0.014786,0.052453
AAGTAAGCTTCCAAAC-1,0.000033,0.229137,0.684211,0.010072,0.000033,0.000033,0.000033,0.076449
AAGTAGAAGACCGGGT-1,0.043823,0.128209,0.036898,0.349626,0.093969,0.325955,0.001865,0.019654
AAGTAGTGACGCGAGG-1,0.028251,0.181196,0.037302,0.113797,0.146919,0.471737,0.005333,0.015465
AAGTCAATTGTCGTCA-1,0.000166,0.687683,0.000166,0.000166,0.000166,0.228886,0.022001,0.060765
AAGTCTAGTAGCTGCC-1,0.004537,0.083573,0.124711,0.250105,0.0808,0.411762,0.032406,0.012107
AAGTCTTCTGTGGCCT-1,0.163452,0.111259,0.186372,0.043219,0.391044,0.10082,0.000012,0.003822
AAGTGACGACCGAATT-1,0.003324,0.316944,0.003098,0.097398,0.099627,0.452373,0.000044,0.027191
AAGTGCAAAGGTAGAC-1,0.119678,0.000111,0.231774,0.27929,0.287973,0.0811,0.000037,0.000037
AAGTGCCTTGACTGTA-1,0.017354,0.184345,0.187689,0.373909,0.025254,0.172943,0.000036,0.038471
AAGTGCGTTAGAATCT-1,0.000016,0.45685,0.031266,0.085228,0.055872,0.35591,0.002565,0.012293
AAGTTCAGTCTGCGTA-1,0.001179,0.384628,0.03289,0.261195,0.106624,0.164107,0.024852,0.024525
AAGTTCGGCCAACAGG-1,0.031478,0.038538,0.045644,0.245715,0.027072,0.577377,0.034155,0.000021
AAGTTGTGATGTTATA-1,0.017768,0.326006,0.372246,0.210012,0.000191,0.000195,0.04275,0.030833
AAGTTTACTAATGGCA-1,0.000105,0.167206,0.107851,0.02825,0.227007,0.465463,0.000105,0.004013
AATAACAACGCTCGGC-1,0.07004,0.142515,0.029472,0.149473,0.065303,0.528247,0.000014,0.014936
AATAACACTAGAACAA-1,0.014017,0.804823,0.046308,0.029205,0.066403,0.019016,0.01357,0.006658
AATAACGTCGCGCCCA-1,0.000102,0.000305,0.587581,0.168461,0.000102,0.000102,0.000102,0.243248
AATAAGTCCTCGAGAC-1,0.000027,0.089538,0.097293,0.002173,0.387669,0.009982,0.002096,0.411222
AATAATCTTCGTATCG-1,0.079387,0.225107,0.113218,0.038541,0.189314,0.214909,0.000025,0.139499
AATACAATGTTTCAGG-1,0.107208,0.000277,0.233218,0.382441,0.217231,0.05944,0.000092,0.000092
AATAGAACAGAGTGGC-1,0.000012,0.000037,0.002752,0.445481,0.018423,0.001814,0.530691,0.000789
AATAGAATCTGTTTCA-1,0.000042,0.028039,0.000042,0.628319,0.242912,0.100561,0.000042,0.000042
AATAGCAAGCCTCCTG-1,0.008575,0.017854,0.022888,0.14187,0.095392,0.023905,0.536721,0.152794
AATAGCTACCGCGTGC-1,0.000025,0.518004,0.085815,0.07177,0.008026,0.30149,0.005191,0.009678
AATAGTCGCGAGTCGG-1,0.006455,0.424991,0.272438,0.015159,0.120077,0.139819,0.021052,0.000008
AATATCAAGGTCGGAT-1,0.00002,0.629315,0.266251,0.01749,0.001491,0.037046,0.00002,0.048367
AATATCCTAGCAAACT-1,0.000096,0.372814,0.489619,0.048523,0.000096,0.08866,0.000096,0.000096
AATATCGAATCAATGC-1,0.044385,0.144751,0.014952,0.080009,0.195322,0.514004,0.005873,0.000704
AATATCGAGGGTTCTC-1,0.000032,0.454981,0.036361,0.12304,0.086222,0.28161,0.01508,0.002674
AATATTGGAGTATTGA-1,0.158773,0.239373,0.023579,0.046592,0.071302,0.460346,0.000013,0.000023
AATCAGACTGCAGGAC-1,0.005191,0.542808,0.319196,0.000014,0.084572,0.040439,0.007766,0.000014
AATCATGTAAAGACTC-1,0.027968,0.282104,0.022153,0.188742,0.04278,0.411064,0.022687,0.002502
AATCCAAGGGCCTGAG-1,0.545081,0.312012,0.015006,0.001269,0.089455,0.037165,0.000006,0.000006
AATCCATGCAAGGGTG-1,0.000033,0.320728,0.454136,0.000033,0.224972,0.000033,0.000033,0.000033
AATCGCGCAGAGGACT-1,0.047471,0.067405,0.002904,0.165413,0.201005,0.489661,0.012982,0.013159
AATCGGGACACTACGA-1,0.010895,0.177157,0.070132,0.142694,0.079849,0.439468,0.039119,0.040685
AATCGGTATAGCCCTC-1,0.000885,0.002656,0.235432,0.555221,0.20315,0.000885,0.000885,0.000885
AATCTAGGTTTACTTG-1,0.001617,0.001874,0.040366,0.29795,0.110869,0.530172,0.000022,0.017131
AATCTATGCCGGAGCC-1,0.006934,0.221335,0.047379,0.162571,0.12733,0.421863,0.010902,0.001686
AATCTCTACTGTGGTT-1,0.017948,0.196116,0.054881,0.071492,0.200753,0.406278,0.000048,0.052484
AATCTGCGTTGGGACG-1,0.006085,0.085006,0.114838,0.449453,0.197118,0.147408,0.00004,0.000052
AATCTGGCTTTCTAGT-1,0.025443,0.038572,0.031856,0.180785,0.151539,0.381101,0.00666,0.184044
AATGACAGCAATGTCT-1,0.018669,0.154276,0.102449,0.337706,0.075574,0.30307,0.000025,0.008229
AATGACTGTCAGCCGG-1,0.048645,0.110884,0.036223,0.486679,0.070072,0.247409,0.000022,0.000065
AATGAGTTCGCATATG-1,0.5454,0.255473,0.090251,0.010851,0.0757,0.002679,0.000015,0.019632
AATGATGATACGCTAT-1,0.011395,0.001066,0.000049,0.816739,0.112268,0.024685,0.018076,0.015722
AATGATGCGACTCCTG-1,0.009252,0.297224,0.055656,0.353563,0.071133,0.185704,0.015998,0.011469
AATGCAACCGGGTACC-1,0.087624,0.03624,0.008937,0.652213,0.123109,0.084874,0.00697,0.000033
AATGCACCAAGCAATG-1,0.010304,0.019445,0.022599,0.805098,0.061237,0.062546,0.018727,0.000044
AATGGCCGCCAATGCG-1,0.008461,0.257944,0.00419,0.22593,0.001358,0.004325,0.206837,0.290955
AATGGTCCACCGTTCA-1,0.413188,0.232521,0.016591,0.030396,0.003339,0.057007,0.024915,0.222043
AATGGTTCTCACAAGC-1,0.120892,0.125841,0.062798,0.189121,0.12569,0.368763,0.000018,0.006877
AATGTATGGCACTGTA-1,0.09738,0.309679,0.041247,0.152505,0.05583,0.134031,0.006752,0.202575
AATGTGCCCGAGGTGT-1,0.030734,0.681438,0.077973,0.074189,0.013881,0.042748,0.00199,0.077047
AATGTTGTCGTGAGAC-1,0.039078,0.055082,0.227675,0.169469,0.508018,0.000226,0.000226,0.000226
AATTAAAGGTCGGCGT-1,0.054298,0.036978,0.0217,0.367537,0.356053,0.16336,0.000037,0.000037
AATTACGAGACCCATC-1,0.007048,0.051971,0.018238,0.003038,0.54114,0.010762,0.033402,0.334401
AATTACTCGTACGCTC-1,0.022739,0.000086,0.746833,0.000029,0.230213,0.000043,0.000029,0.000029
AATTCATAAGGGATCT-1,0.000041,0.000122,0.049723,0.816438,0.001966,0.007481,0.122411,0.001819
AATTCATTGTCATGCA-1,0.060215,0.409176,0.015571,0.142601,0.17419,0.186727,0.011488,0.000033
AATTCCAACTTGGTGA-1,0.000187,0.000561,0.830872,0.019973,0.000187,0.000187,0.000187,0.147846
AATTGAACGCTCTGGT-1,0.000056,0.000168,0.000067,0.793672,0.183691,0.021856,0.000056,0.000433
AATTGCAGCAATCGAC-1,0.778912,0.086301,0.000009,0.000009,0.129737,0.005016,0.000009,0.000009
AATTGCGTGGATTACA-1,0.00004,0.140046,0.187901,0.483125,0.064663,0.01409,0.007489,0.102644
AATTGTGGTTGCCAAA-1,0.006117,0.000101,0.331443,0.306887,0.34226,0.013125,0.000034,0.000034
AATTTGGGACATAGTA-1,0.024506,0.126056,0.000046,0.516,0.150916,0.075647,0.064172,0.042657
AATTTGGTTCCAAAGA-1,0.010524,0.068073,0.013134,0.251305,0.250345,0.053419,0.036361,0.316838
ACAAACCATGCGTCCT-1,0.084865,0.708114,0.007416,0.0407,0.00336,0.007953,0.007763,0.139828
ACAAACCGACAAGGCG-1,0.060191,0.000092,0.511387,0.038409,0.131731,0.000031,0.002822,0.255338
ACAAAGAAGGTAGGCC-1,0.005076,0.020974,0.244229,0.099606,0.462205,0.167751,0.000147,0.000012
ACAAAGCATGACCTAG-1,0.000035,0.595834,0.000225,0.09918,0.028543,0.276115,0.000035,0.000035
ACAAATGGTAGTGTTT-1,0.022683,0.000199,0.016673,0.614541,0.297443,0.048328,0.000066,0.000066
ACAAATTCAGATCTGA-1,0.023556,0.101104,0.00094,0.392833,0.343373,0.138135,0.000029,0.000029
ACAACAGCATGAGCTA-1,0.00875,0.000232,0.024164,0.030227,0.865709,0.027826,0.043077,0.000016
ACAACGGTCCCTGCGA-1,0.332775,0.387826,0.002956,0.081322,0.018271,0.176832,0.000009,0.000009
ACAAGCAGTGCCTAGC-1,0.004389,0.463556,0.19505,0.042791,0.010712,0.275893,0.002873,0.004736
ACAAGCTATATGGAAG-1,0.147216,0.068464,0.162144,0.055534,0.280693,0.267563,0.008341,0.010044
ACAAGGACAAGAGGTT-1,0.066496,0.026028,0.0443,0.297134,0.141657,0.417423,0.006946,0.000016
ACAATAGTCGTACGTT-1,0.000012,0.561559,0.0045,0.007948,0.025057,0.374827,0.008723,0.017374
ACAATCCATTTAAACC-1,0.005334,0.266572,0.010317,0.081267,0.021012,0.563493,0.02779,0.024216
ACAATCGATCTTTATA-1,0.000303,0.000909,0.877494,0.000303,0.000303,0.000303,0.071209,0.049175
ACAATGAATACGGAGA-1,0.02575,0.314533,0.02139,0.11187,0.167758,0.100958,0.131679,0.126062
ACAATGATTCTTCTAC-1,0.00188,0.108489,0.000027,0.542444,0.024689,0.008932,0.227165,0.086375
ACAATTGTGTCTCTTT-1,0.006155,0.269277,0.051963,0.172095,0.088426,0.411867,0.000026,0.000192
ACAATTTAGGAGGCTC-1,0.239374,0.410007,0.131388,0.070951,0.055142,0.093026,0.000056,0.000056
ACAATTTGAGCAGTGG-1,0.007335,0.000165,0.004307,0.745264,0.019435,0.044382,0.145376,0.033735
ACAATTTGGCCATATT-1,0.309383,0.674456,0.000007,0.000091,0.000007,0.000484,0.007849,0.007724
ACACAAAGACGGGTGG-1,0.012289,0.079915,0.078548,0.540344,0.14028,0.148564,0.00003,0.00003
ACACAAATATTCCTAG-1,0.000787,0.425454,0.059769,0.096564,0.009959,0.312625,0.061506,0.033337
ACACACCAGGACCAGT-1,0.000039,0.000117,0.028607,0.622046,0.313893,0.035221,0.000039,0.000039
ACACACTTTCTACACG-1,0.016216,0.000149,0.090723,0.623364,0.143538,0.025894,0.00005,0.100067
ACACATGATCAAATCT-1,0.000918,0.41381,0.030663,0.075511,0.002769,0.375198,0.003015,0.098116
ACACATTGACGCAACA-1,0.006585,0.000083,0.88683,0.000028,0.106392,0.000028,0.000028,0.000028
ACACCACATAATTAGC-1,0.018112,0.114638,0.065793,0.220723,0.177625,0.402122,0.000019,0.000968
ACACCCAGCATGCAGC-1,0.000019,0.313379,0.034146,0.199006,0.148437,0.273416,0.000062,0.031534
ACACCCGAGAAATCCG-1,0.625746,0.361255,0.000006,0.004726,0.000006,0.000182,0.003592,0.004489
ACACCCGTAAATCTGT-1,0.006194,0.773102,0.037059,0.077149,0.023758,0.018207,0.028837,0.035695
ACACCGAGCGCTCTTT-1,0.096736,0.0007,0.213454,0.002222,0.668112,0.018718,0.00003,0.00003
ACACCGGTCTGACCGC-1,0.016704,0.21368,0.003772,0.485868,0.0103,0.023068,0.151003,0.095604
ACACCTTAAGTAGGGC-1,0.001739,0.450159,0.152866,0.042222,0.115902,0.16121,0.000014,0.075888
ACACCTTACTACTTGC-1,0.049966,0.002053,0.016064,0.277845,0.402697,0.249979,0.000025,0.00137
ACACGAGACTCCTTCT-1,0.075504,0.240433,0.000642,0.000015,0.606906,0.004513,0.060879,0.011108
ACACGGCACTATGCAT-1,0.017992,0.083287,0.050077,0.135719,0.360129,0.077403,0.040538,0.234856
ACACGGGAACTTAGGG-1,0.052459,0.142716,0.080927,0.042085,0.571253,0.073447,0.03704,0.000072
ACACGTAGGCCACAAG-1,0.507889,0.328925,0.00154,0.118593,0.000711,0.033898,0.000007,0.008437
ACACTCCAATGTCACT-1,0.159789,0.523133,0.059165,0.018281,0.08563,0.149548,0.004443,0.000012
ACACTGATCAAGGTGT-1,0.002563,0.000056,0.000019,0.524189,0.00002,0.012851,0.460283,0.000019
ACACTGGGACAGTCGT-1,0.209704,0.000428,0.153803,0.075758,0.013982,0.546039,0.000143,0.000143
ACAGAACTGAGAACAA-1,0.006292,0.389173,0.034084,0.106792,0.053018,0.407372,0.003246,0.000022
ACAGATTAGGTTAGTG-1,0.012393,0.468917,0.10679,0.156008,0.051905,0.200288,0.000418,0.00328
ACAGCATAGAGCCAGT-1,0.065477,0.003639,0.025201,0.469018,0.03407,0.395606,0.003185,0.003804
ACAGCGACATTCTCAT-1,0.162821,0.047329,0.026509,0.186698,0.220857,0.195217,0.00003,0.160538
ACAGGAGGCGCAGCCG-1,0.004349,0.013048,0.960857,0.004349,0.004349,0.004349,0.004349,0.004349
ACAGGCTTGCCCGACT-1,0.02174,0.065284,0.018461,0.803626,0.054322,0.036464,0.000051,0.000051
ACAGGTGGAGGTGAGG-1,0.009518,0.051393,0.000035,0.527252,0.300079,0.111651,0.000035,0.000035
ACAGGTGTGTTGTTGC-1,0.182852,0.705809,0.109814,0.000305,0.000305,0.000305,0.000305,0.000305
ACAGTAATACAACTTG-1,0.000034,0.000102,0.024132,0.29886,0.155015,0.49309,0.028732,0.000034
ACAGTATACCGTGGGA-1,0.01099,0.870898,0.021689,0.014711,0.003129,0.06701,0.010176,0.001396
ACATAAGTCGTGGTGA-1,0.000028,0.330625,0.078128,0.014254,0.400322,0.06406,0.098271,0.014311
ACATAATAAGGCGGTG-1,0.000033,0.011313,0.095504,0.761262,0.000033,0.001901,0.043606,0.086348
ACATCAGCTGGGACGC-1,0.076485,0.131387,0.047039,0.243838,0.020387,0.458921,0.015121,0.006822
ACATCCTGGTAACTGT-1,0.00456,0.394445,0.08991,0.142254,0.120541,0.230779,0.000027,0.017485
ACATCGGTCAGCCGCG-1,0.00379,0.000151,0.058457,0.370151,0.166738,0.400612,0.00005,0.00005
ACATCGTATGCAATGG-1,0.008899,0.157376,0.066191,0.523444,0.113633,0.070038,0.047416,0.013001
ACATCGTTAACCTAGT-1,0.034164,0.056784,0.023804,0.017996,0.407298,0.008436,0.040761,0.410758
ACATCTCAACGCGTAA-1,0.006244,0.157482,0.084966,0.006727,0.338856,0.063237,0.014975,0.327513
ACATGGCGCCAAAGTA-1,0.014147,0.147546,0.000017,0.00447,0.36796,0.097788,0.000017,0.368056
ACATGGCTCAATTTAG-1,0.000046,0.000137,0.32464,0.000265,0.674775,0.000046,0.000046,0.000046
ACCAAACACCCAGCGA-1,0.001048,0.120197,0.03232,0.355554,0.06713,0.403429,0.017652,0.002669
ACCAAACTAGAAATCC-1,0.394018,0.000089,0.135137,0.045746,0.284314,0.108163,0.032503,0.00003
ACCAACACCACACACT-1,0.000027,0.14752,0.226739,0.203851,0.02077,0.315008,0.004769,0.081316
ACCAACCGCACTCCAC-1,0.000493,0.160763,0.000493,0.225225,0.564225,0.000493,0.047816,0.000493
ACCAAGAACGCGTGTC-1,0.026433,0.134339,0.279815,0.414609,0.065736,0.039971,0.000033,0.039063
ACCAAGTCATCGGCAG-1,0.005041,0.00121,0.586908,0.28693,0.1187,0.000403,0.000403,0.000403
ACCACAAGTTTCTATC-1,0.012859,0.785444,0.056322,0.105158,0.013164,0.020473,0.000016,0.006564
ACCACCAATGTAACAA-1,0.006862,0.333936,0.009846,0.12021,0.024007,0.484044,0.015416,0.005679
ACCACCCTCTCTTCTA-1,0.011195,0.044103,0.066765,0.386428,0.196968,0.293276,0.000035,0.00123
ACCACTGTTCAAGAAG-1,0.000062,0.000187,0.230695,0.009722,0.759148,0.000062,0.000062,0.000062
ACCAGACCATAACAAC-1,0.103189,0.126278,0.140179,0.121508,0.117099,0.159799,0.015207,0.216741
ACCAGCCCGGTCTTTG-1,0.000038,0.030819,0.104958,0.001269,0.448151,0.000991,0.014763,0.39901
ACCAGGAGTGTGATCT-1,0.000422,0.001266,0.68444,0.000422,0.045061,0.267544,0.000422,0.000422
ACCAGTGCCCGGTCAA-1,0.007666,0.177195,0.00164,0.518307,0.039205,0.047186,0.123398,0.085404
ACCAGTGCGGGAGACG-1,0.005231,0.238436,0.059937,0.325994,0.11562,0.253598,0.000028,0.001156
ACCATATCCGCAATAA-1,0.073914,0.068739,0.018471,0.399407,0.217146,0.125591,0.039333,0.057399
ACCATCCGCCAACTAG-1,0.010519,0.63897,0.029045,0.055179,0.022298,0.196708,0.000024,0.047258
ACCATCGTATATGGTA-1,0.017183,0.268351,0.057112,0.147483,0.09036,0.406156,0.000033,0.013322
ACCATTAAGGGTGTCA-1,0.00701,0.524837,0.144669,0.000016,0.259586,0.030049,0.000016,0.033816
ACCCAACGCCCGTGGC-1,0.003636,0.010065,0.178413,0.478145,0.125481,0.106551,0.097499,0.000209
ACCCACCTACATGCTC-1,0.396932,0.446733,0.004117,0.050464,0.049677,0.045509,0.002386,0.004182
ACCCATCTTGAGGGTA-1,0.005613,0.275414,0.177981,0.113303,0.022378,0.400657,0.002476,0.002178
ACCCATTTGTCCCTCT-1,0.134127,0.825987,0.017527,0.000005,0.013103,0.003733,0.005512,0.000005
ACCCGAGCGAAATTAC-1,0.022619,0.275467,0.047718,0.413141,0.125902,0.109488,0.001478,0.004188
ACCCGGAGCACCACAA-1,0.109673,0.055462,0.32851,0.179223,0.007676,0.319076,0.00019,0.00019
ACCCGGATGACGCATC-1,0.003059,0.504786,0.026739,0.142126,0.06604,0.177721,0.00002,0.07951
ACCCGGTTACACTTCC-1,0.017577,0.176069,0.061059,0.24249,0.260393,0.200436,0.000036,0.041939
ACCCGTAGTCTAGTTG-1,0.00006,0.00018,0.328404,0.479353,0.191825,0.00006,0.00006,0.00006
ACCCTATAGGACTGAG-1,0.005379,0.811699,0.054717,0.000009,0.116669,0.003543,0.007975,0.000009
ACCCTATGCCATATCG-1,0.000012,0.000036,0.029908,0.176508,0.041462,0.00741,0.736472,0.008192
ACCCTCCCTTGCTATT-1,0.00004,0.000119,0.00004,0.806495,0.00004,0.00004,0.00004,0.193187
ACCCTGGTAACGCCCT-1,0.000311,0.221856,0.025286,0.138203,0.07554,0.439977,0.002979,0.095849
ACCCTTCATCTGCGAA-1,0.043236,0.112578,0.050774,0.461825,0.13363,0.144977,0.000029,0.052951
ACCCTTGCCTGGGTCG-1,0.001557,0.053672,0.043606,0.250612,0.009449,0.565567,0.067259,0.008279
ACCCTTTAGTTCTCCA-1,0.003044,0.097753,0.072992,0.101465,0.337633,0.015491,0.101388,0.270234
ACCGAAAGGGCCCTGC-1,0.319032,0.11149,0.072078,0.24224,0.145095,0.052077,0.000044,0.057944
ACCGAAGAGTCTGGTT-1,0.000202,0.260225,0.187371,0.000202,0.415505,0.091955,0.044339,0.000202
ACCGACTGAGTCCCAC-1,0.000032,0.024673,0.000032,0.717097,0.000032,0.000032,0.182662,0.075442
ACCGATAGGCATAACC-1,0.00007,0.53762,0.449474,0.00007,0.00007,0.00007,0.009831,0.002796
ACCGATATTTAATCAT-1,0.19092,0.808993,0.000014,0.000014,0.000014,0.000014,0.000014,0.000014
ACCGATGGTAGCATCG-1,0.000013,0.681109,0.014163,0.06228,0.030824,0.165406,0.017526,0.028677
ACCGCGGTGGAAGTCG-1,0.109135,0.021778,0.023488,0.239212,0.29827,0.307954,0.000082,0.000082
ACCGGGCCTTTGTTGA-1,0.032521,0.017715,0.019942,0.34834,0.039972,0.405527,0.135901,0.000082
ACCGGTCAGGTACACC-1,0.002253,0.10953,0.023332,0.246931,0.172716,0.380425,0.042794,0.02202
ACCGTCCACTGGGCCC-1,0.047112,0.179381,0.001948,0.054156,0.522469,0.040605,0.031332,0.122997
ACCGTTCCCGCTCTGA-1,0.094731,0.061701,0.054523,0.353797,0.105347,0.087164,0.005176,0.237561
ACCTAAGTACCTTTCA-1,0.00002,0.122308,0.030719,0.03228,0.11708,0.260802,0.43677,0.00002
ACCTAATCGACTTCCT-1,0.034399,0.156912,0.108295,0.184756,0.157865,0.354112,0.00002,0.003641
ACCTACAGTATGTGGT-1,0.000012,0.417746,0.079698,0.042827,0.013471,0.428392,0.012501,0.005352
ACCTCCGCCCTCGCTG-1,0.043801,0.246118,0.010126,0.161858,0.149908,0.182313,0.003564,0.202313
ACCTCCGTTATTCACC-1,0.002312,0.259977,0.07104,0.094228,0.033806,0.501755,0.01131,0.025572
ACCTCGAACTTATGCT-1,0.009253,0.314803,0.128079,0.262467,0.008962,0.155796,0.033011,0.087628
ACCTGCGTGTCATGTT-1,0.00049,0.35127,0.260046,0.029294,0.014329,0.277482,0.010556,0.056533
ACCTTTCCTTTAGAAG-1,0.011009,0.017661,0.694262,0.117893,0.002612,0.053503,0.081998,0.021063
ACGAAATGGGCGGCAC-1,0.058118,0.142984,0.029204,0.183826,0.125907,0.458234,0.001713,0.000014
ACGACCCATGAGTTGC-1,0.000143,0.389566,0.592233,0.000143,0.000143,0.017484,0.000143,0.000143
ACGAGAACCCATCACG-1,0.000036,0.040327,0.366616,0.009908,0.565613,0.017429,0.000036,0.000036
ACGAGGATACCACTCT-1,0.001328,0.250936,0.0399,0.13961,0.034804,0.50726,0.0111,0.015062
ACGAGGTTTACAACGT-1,0.000788,0.002363,0.176881,0.13931,0.265666,0.413417,0.000788,0.000788
ACGAGTACGGATGCCC-1,0.060947,0.295219,0.040192,0.189909,0.182547,0.23112,0.000033,0.000033
ACGAGTCGCCGGCGTT-1,0.045733,0.0001,0.669394,0.053953,0.218636,0.012117,0.000033,0.000033
ACGATACCTATCCTGA-1,0.139511,0.496303,0.236369,0.020269,0.013052,0.079757,0.000621,0.014119
ACGATCATACATAGAG-1,0.01423,0.020747,0.005915,0.903896,0.012359,0.020519,0.004945,0.017388
ACGATCATCTTGTAAA-1,0.000014,0.404633,0.004772,0.061048,0.008588,0.423942,0.066846,0.030156
ACGATGCATATGTTAT-1,0.070881,0.11188,0.128862,0.270891,0.181627,0.234784,0.000023,0.001052
ACGATGGATCCGATGC-1,0.006939,0.06469,0.000148,0.067508,0.328029,0.002926,0.002697,0.527064
ACGCAATCACTACAGC-1,0.008897,0.091531,0.012199,0.141895,0.337565,0.360471,0.00005,0.047392
ACGCATAAATGACATG-1,0.01453,0.355048,0.014778,0.483353,0.035276,0.081274,0.004736,0.011005
ACGCATACGTTTACTA-1,0.086217,0.16405,0.232749,0.264,0.07538,0.168211,0.000023,0.00937
ACGCATTCGTGAGTAC-1,0.038223,0.108015,0.011754,0.666204,0.036386,0.020776,0.05923,0.059411
ACGCCAGATGATTTCT-1,0.000029,0.000087,0.075562,0.35271,0.494897,0.003562,0.026357,0.046797
ACGCCAGTGCGTTTGC-1,0.000148,0.009446,0.545263,0.098692,0.346004,0.000148,0.000148,0.000148
ACGCCCAGCTGTCGAT-1,0.000039,0.660001,0.142801,0.010893,0.085545,0.074879,0.025803,0.000039
ACGCCGCTAGACGACC-1,0.00004,0.000119,0.00004,0.00004,0.216155,0.00004,0.126899,0.656669
ACGCCTGACACGCGCT-1,0.005002,0.015005,0.954986,0.005001,0.005002,0.005002,0.005001,0.005001
ACGCGCTACACAGGGT-1,0.000019,0.642524,0.153217,0.036723,0.025524,0.118249,0.016007,0.007737
ACGCGGGCCAAGGACA-1,0.011199,0.157716,0.001226,0.599644,0.092261,0.053961,0.065136,0.018858
ACGCGTTTCTTAAGAG-1,0.00002,0.000061,0.210937,0.007603,0.776401,0.004937,0.00002,0.00002
ACGCTACTGAATGGGC-1,0.158211,0.008912,0.293283,0.1968,0.32885,0.0136,0.000172,0.000172
ACGCTAGTATCAGTGC-1,0.043031,0.314187,0.056331,0.420242,0.042879,0.050394,0.007548,0.065388
ACGCTAGTGATACACT-1,0.06624,0.09993,0.03799,0.271691,0.195564,0.328504,0.000041,0.000041
ACGCTGTGAGGCGTAG-1,0.120619,0.000446,0.270635,0.081057,0.275116,0.25183,0.000149,0.000149
ACGCTTAGTGTCTCTC-1,0.048923,0.006101,0.055721,0.448596,0.25633,0.051792,0.013041,0.119496
ACGGAACACGAGTGCC-1,0.001205,0.300378,0.151104,0.075501,0.468196,0.001205,0.001205,0.001205
ACGGAATTTAGCAAAT-1,0.126135,0.040917,0.355378,0.266447,0.02494,0.158924,0.013472,0.013788
ACGGAGCGCAAATTAC-1,0.030395,0.040321,0.006087,0.51419,0.13208,0.01437,0.000041,0.262515
ACGGCGGGTTGCCCTG-1,0.000108,0.000325,0.534108,0.051507,0.413626,0.000108,0.000108,0.000108
ACGGCTGGATGTAGAA-1,0.000057,0.408731,0.04632,0.046937,0.027513,0.344945,0.034653,0.090843
ACGGGAGTGTCGGCCC-1,0.008568,0.47653,0.060383,0.104811,0.025768,0.318431,0.000017,0.005492
ACGGGCGTATGCGACA-1,0.012584,0.075283,0.28759,0.132175,0.051484,0.440823,0.00003,0.00003
ACGGGTCATGTGACTT-1,0.263681,0.334305,0.109084,0.001348,0.21345,0.006189,0.001742,0.070202
ACGGGTTGTGACCTGT-1,0.003925,0.117757,0.019996,0.09492,0.396509,0.247443,0.116971,0.00248
ACGTACAGATTTCTCT-1,0.029033,0.137526,0.093251,0.271066,0.168196,0.256622,0.001901,0.042404
ACGTAGATTGCTGATG-1,0.064742,0.06764,0.011595,0.040701,0.314345,0.022727,0.113087,0.365162
ACGTATTACTCCGATC-1,0.007258,0.232752,0.141312,0.151672,0.096294,0.369828,0.000221,0.000663
ACGTCCTAAACGAGAT-1,0.000155,0.430509,0.449411,0.000155,0.022476,0.042026,0.055114,0.000155
ACGTCGGGCAACTCGG-1,0.129492,0.798312,0.001557,0.000903,0.033178,0.031495,0.005059,0.000003
ACGTCTCGTTCCGGGA-1,0.044067,0.28088,0.063318,0.081312,0.218145,0.280911,0.000987,0.030381
ACGTGACAAAGTAAGT-1,0.024274,0.009044,0.112761,0.03692,0.434615,0.334952,0.01183,0.035604
ACGTGCGCCTCGTGCA-1,0.036704,0.001967,0.07209,0.736814,0.081422,0.064006,0.000053,0.006943
ACGTGGTCGAATGTGC-1,0.016428,0.048016,0.000037,0.000013,0.032184,0.002518,0.012983,0.887822
ACGTTAATGTCGAAGA-1,0.05552,0.034025,0.002248,0.221539,0.435872,0.102447,0.054805,0.093545
ACGTTAGATTTGCCCG-1,0.014555,0.443608,0.000517,0.16632,0.081896,0.281593,0.000024,0.011487
ACGTTATTGGTCACTC-1,0.374517,0.616066,0.002308,0.000009,0.006348,0.000732,0.000009,0.000009
ACGTTCCGCGCTCCGT-1,0.006153,0.62137,0.104498,0.070495,0.015993,0.149165,0.001556,0.030769
ACGTTCGCAATCAATT-1,0.048862,0.093599,0.057086,0.36233,0.138135,0.24578,0.000022,0.054186
ACGTTTAGTTGTGATC-1,0.005248,0.100933,0.020391,0.535059,0.172137,0.036308,0.074168,0.055756
ACGTTTCGGTGCACTT-1,0.0002,0.022028,0.696027,0.280944,0.0002,0.0002,0.0002,0.0002
ACTAAGGACGCACACC-1,0.002725,0.452293,0.067783,0.137265,0.027852,0.27351,0.007033,0.031539
ACTAATACGTCAGGCG-1,0.014987,0.137957,0.02587,0.303654,0.300408,0.154391,0.005156,0.057576
ACTACATCCCGACAAG-1,0.060192,0.801872,0.014476,0.052916,0.002081,0.038181,0.025592,0.004689
ACTACCAGCTCTCTGG-1,0.054857,0.129321,0.056633,0.174942,0.197802,0.386324,0.000099,0.000021
ACTAGTTGCGATCGTC-1,0.00337,0.261259,0.085081,0.159143,0.018648,0.449167,0.01659,0.006742
ACTATATGCTGTGTTC-1,0.000056,0.10814,0.074808,0.679185,0.001069,0.000056,0.034942,0.101744
ACTATCCAGGGCATGG-1,0.008918,0.059324,0.280594,0.264235,0.196433,0.186478,0.000028,0.003991
ACTATCGCCGGCTAAA-1,0.223023,0.050445,0.37133,0.000023,0.347654,0.007479,0.000023,0.000023
ACTATCTGCCCGCGTA-1,0.221424,0.087934,0.00653,0.19837,0.15472,0.330844,0.000159,0.000018
ACTATTCGTCCGTGGT-1,0.000014,0.287205,0.386447,0.03219,0.012932,0.07851,0.064843,0.137858
ACTCAACGAATGTATT-1,0.000069,0.000207,0.217268,0.023965,0.758284,0.000069,0.000069,0.000069
ACTCAATAAAGGCACG-1,0.000022,0.000067,0.452897,0.205944,0.194789,0.000872,0.090779,0.05463
ACTCAGACCTGCTTCT-1,0.119078,0.000199,0.329117,0.237706,0.284101,0.029666,0.000066,0.000066
ACTCCAATATCATCAT-1,0.000029,0.307398,0.000029,0.448062,0.085257,0.025466,0.109743,0.024016
ACTCCCATTCCTAAAG-1,0.001933,0.160089,0.094398,0.107529,0.094108,0.524246,0.0027,0.014998
ACTCCCGAATTCGTTT-1,0.000077,0.037421,0.000077,0.151728,0.418,0.298871,0.000077,0.093749
ACTCCCGTAGACTAGG-1,0.000023,0.387362,0.059729,0.034149,0.01852,0.472078,0.018536,0.009604
ACTCGATGTATTTCAT-1,0.078008,0.003384,0.361798,0.028599,0.471332,0.056816,0.000031,0.000031
ACTCGCCGTTCGATAA-1,0.006426,0.038912,0.55461,0.250953,0.022706,0.092886,0.000079,0.033427
ACTCGCGATCTGACGC-1,0.156817,0.160407,0.086078,0.134165,0.140682,0.319763,0.000017,0.00207
ACTCGTAACCCGTCCT-1,0.017659,0.349097,0.033289,0.228478,0.017577,0.300973,0.000023,0.052903
ACTCTAAACCTGGGAT-1,0.261962,0.733251,0.001087,0.000003,0.003586,0.000104,0.000003,0.000003
ACTCTTCAGCTCCCGC-1,0.045714,0.152126,0.004077,0.076919,0.116777,0.118188,0.000978,0.485222
ACTCTTGTATAGTAAC-1,0.000041,0.090105,0.008977,0.000031,0.890248,0.010535,0.000031,0.000031
ACTGAAACGCCGTTAG-1,0.002787,0.256315,0.116815,0.212425,0.128556,0.211993,0.000033,0.071075
ACTGAATGGCGAAAGT-1,0.000031,0.000092,0.564709,0.294004,0.000031,0.000031,0.137459,0.003645
ACTGATTTAGTGATTC-1,0.000019,0.411392,0.012347,0.083356,0.010874,0.236107,0.028064,0.217842
ACTGCCGTCGTAACTC-1,0.003813,0.087594,0.006395,0.135007,0.435296,0.090576,0.105674,0.135645
ACTGCGGACACACCGT-1,0.050618,0.480811,0.009997,0.036464,0.094268,0.296182,0.021136,0.010524
ACTGCTCGGAAGGATG-1,0.000114,0.072823,0.000114,0.000114,0.627829,0.298779,0.000114,0.000114
ACTGGCGAACCTGCGT-1,0.00527,0.458748,0.06434,0.213781,0.005494,0.203213,0.017895,0.031259
ACTGTAGCACTTTGGA-1,0.010781,0.160042,0.073697,0.175599,0.031288,0.512769,0.015665,0.020159
ACTGTATACGCGAGCA-1,0.053394,0.000161,0.147749,0.149351,0.648587,0.000652,0.000054,0.000054
ACTGTCCAGGATTATA-1,0.094704,0.088131,0.019899,0.329392,0.300846,0.16693,0.000049,0.000049
ACTGTCTTCTTTAGAA-1,0.012035,0.006777,0.014173,0.695832,0.067064,0.002934,0.100556,0.100629
ACTGTGCTAGTAGATC-1,0.093236,0.00021,0.378057,0.258105,0.215075,0.055176,0.00007,0.00007
ACTGTTTAGTGTAGGC-1,0.000171,0.006984,0.397948,0.263438,0.261154,0.069963,0.000171,0.000171
ACTTACCGGGCGCGCA-1,0.037966,0.000604,0.127825,0.562981,0.144253,0.040941,0.036302,0.049126
ACTTAGTACGACAAGA-1,0.539227,0.450872,0.002967,0.003606,0.000007,0.000494,0.002821,0.000007
ACTTATACTTACCCGG-1,0.066764,0.010894,0.058413,0.32058,0.431347,0.078304,0.033658,0.000039
