Barcode,Topic 1to2,Topic 3to5,Topic 6,Topic 7
AAACAACGAATAGTTC-1,0.163594,0.835178,0.000614,0.000614
AAACAAGTATCTCCCA-1,0.44017,0.559307,0.000261,0.000261
AAACACCAATAACTGC-1,0.298766,0.700929,0.000152,0.000152
AAACAGAGCGACTCCT-1,0.022097,0.955908,0.010989,0.011006
AAACAGCTTTCAGAAG-1,0.000221,0.999558,0.00011,0.00011
AAACAGGGTCTATATT-1,0.135903,0.863725,0.000186,0.000186
AAACATTTCCCGGATT-1,0.43438,0.564343,0.000639,0.000639
AAACCGGGTAGGTACC-1,0.031879,0.936373,0.015873,0.015874
AAACCGTTCGTCCAGG-1,0.480823,0.518847,0.000165,0.000165
AAACCTAAGCAGCCGG-1,0.311476,0.687859,0.000332,0.000333
AAACCTCATGAAGTTG-1,0.000712,0.998578,0.000355,0.000355
AAACGAAGATGGAGTA-1,0.54081,0.458708,0.000241,0.000241
AAACGAGACGGTTGAT-1,0.00319,0.993633,0.001587,0.001589
AAACGGGTTGGTATCC-1,0.118623,0.879713,0.000831,0.000833
AAACGGTTGCGAACTG-1,0.108072,0.891093,0.000417,0.000418
AAACTAACGTGGCGAC-1,0.279603,0.719532,0.000432,0.000433
AAACTCGGTTCGCAAT-1,0.80925,0.190483,0.000134,0.000134
AAACTGCTGGCTCCAA-1,0.003224,0.993559,0.001606,0.00161
AAACTTAATTGCACGC-1,0.377219,0.622323,0.000229,0.000229
AAACTTGCAAACGTAT-1,0.326785,0.667607,0.002801,0.002807
AAAGACTGGGCGCTTT-1,0.094574,0.902318,0.001554,0.001554
AAAGGGATGTAGCAAG-1,0.159271,0.840406,0.000161,0.000162
AAAGGGCAGCTTGAAT-1,0.085611,0.912005,0.001192,0.001192
AAAGGTAAGCTGTACC-1,0.006111,0.987809,0.00304,0.003041
AAAGTAGCATTGCTCA-1,0.002497,0.995017,0.001242,0.001244
AAAGTCGACCCTCAGT-1,0.128767,0.869994,0.000619,0.00062
AAAGTGTGATTTATCT-1,0.12437,0.873247,0.001191,0.001192
AAAGTTGACTCCCGTA-1,0.001063,0.997877,0.000529,0.00053
AAATAACCATACGGGA-1,0.007549,0.98493,0.003759,0.003762
AAATACCTATAAGCAT-1,0.193658,0.800938,0.002695,0.002708
AAATAGCTTAGACTTT-1,0.379658,0.619819,0.000261,0.000262
AAATAGGGTGCTATTG-1,0.229663,0.768604,0.000867,0.000866
AAATCCGATACACGCC-1,0.001216,0.997571,0.000606,0.000606
AAATCGCGGAAGGAGT-1,0.656748,0.343022,0.000115,0.000115
AAATCTAGCCCTGCTA-1,0.51296,0.485204,0.000917,0.00092
AAATGCTCGTTACGTT-1,0.426349,0.573133,0.000259,0.000259
AAATGGCATGTCTTGT-1,0.211226,0.781794,0.00349,0.00349
AAATGGCCCGTGCCCT-1,0.12229,0.871491,0.00311,0.003109
AAATGTATCTTATCCC-1,0.213873,0.785716,0.000205,0.000206
AAATTAATAAGCGCGA-1,0.011508,0.988271,0.000111,0.000111
AAATTACACGACTCTG-1,0.015123,0.969836,0.007519,0.007522
AAATTACCTATCGATG-1,0.174973,0.824064,0.000481,0.000482
AAATTGATAGTCCTTT-1,0.204778,0.790952,0.002132,0.002138
AAATTGCGGCGGTTCT-1,0.131384,0.868235,0.00019,0.00019
AAATTTACCGAAATCC-1,0.190923,0.806673,0.001201,0.001203
AAATTTGCGGGTGTGG-1,0.241149,0.757052,0.000899,0.0009
AACAACTGGTAGTTGC-1,0.434865,0.560291,0.002421,0.002422
AACAATTACTCTACGC-1,0.395227,0.602073,0.00135,0.001349
AACACACGCTCGCCGC-1,0.344379,0.645763,0.004926,0.004931
AACACGACTGTACTGA-1,0.00319,0.993632,0.00159,0.001588
AACACGAGACGCGGCC-1,0.1497,0.846765,0.001764,0.001771
AACACGCGGCCGCGAA-1,0.184719,0.813568,0.000856,0.000857
AACAGCTGTGTGGCAA-1,0.212822,0.785762,0.000707,0.000709
AACAGGAAATCGAATA-1,0.15829,0.84073,0.00049,0.00049
AACAGGATGGGCCGCG-1,0.105527,0.894185,0.000144,0.000144
AACAGGTAGTATGGAT-1,0.493748,0.504952,0.00065,0.00065
AACATATCAACTGGTG-1,0.272494,0.726397,0.000554,0.000555
AACATTGGTCAGCCGT-1,0.001112,0.997779,0.000554,0.000555
AACCAAGACTTCTCTG-1,0.209507,0.777501,0.006494,0.006498
AACCAGTATCACTCTT-1,0.007172,0.98567,0.003577,0.003581
AACCATAGGGTTGAAC-1,0.294595,0.704808,0.000298,0.000299
AACCATGGGATCGCTA-1,0.022074,0.955922,0.010991,0.011013
AACCCAGAGACGGAGA-1,0.572661,0.426306,0.000516,0.000517
AACCCATCCCATGATC-1,0.435217,0.564639,0.000072,0.000072
AACCCTACTGTCAATA-1,0.146688,0.852543,0.000384,0.000385
AACCGAGCTTGGTCAT-1,0.035424,0.963932,0.000322,0.000322
AACCGCTAAGGGATGC-1,0.251953,0.726023,0.010989,0.011034
AACCGTTGTGTTTGCT-1,0.117117,0.882437,0.000223,0.000223
AACCTCGCTTTAGCCC-1,0.29244,0.70707,0.000245,0.000245
AACCTTTAAATACGGT-1,0.103291,0.895521,0.000593,0.000594
AACCTTTACGACGTCT-1,0.940257,0.03588,0.011905,0.011958
AACGAAAGTCGTCCCA-1,0.379919,0.619679,0.000201,0.000201
AACGATAATGCCGTAG-1,0.104152,0.894417,0.000716,0.000716
AACGATATGTCAACTG-1,0.208433,0.789661,0.000953,0.000954
AACGCATGATCTGGGT-1,0.331927,0.666401,0.000836,0.000836
AACGCGAACGGCAACA-1,0.489199,0.510577,0.000112,0.000112
AACGCGGTCTCCAGCC-1,0.332904,0.666579,0.000258,0.000258
AACGCTGTTGCTGAAA-1,0.405659,0.59338,0.00048,0.000481
AACGGACGTACGTATA-1,0.201785,0.792499,0.002858,0.002858
AACGGCCATCTCCGGT-1,0.002111,0.995785,0.001052,0.001052
AACGTACTGTGGGTAC-1,0.064333,0.932719,0.001473,0.001474
AACGTCAGACTAGTGG-1,0.559822,0.434091,0.003041,0.003045
AACGTGATGAAGGACA-1,0.369573,0.62149,0.00447,0.004468
AACGTGCGAAAGTCTC-1,0.001134,0.997735,0.000566,0.000565
AACGTTATCAGCACCT-1,0.191559,0.808052,0.000195,0.000195
AACTACCCGTTTGTCA-1,0.543671,0.455475,0.000427,0.000427
AACTAGGCTTGGGTGT-1,0.191448,0.808284,0.000133,0.000134
AACTCAAGTTAATTGC-1,0.437669,0.559684,0.001323,0.001324
AACTCCAGAGCGTGTT-1,0.288966,0.708798,0.001117,0.001118
AACTCCTAATCCCATG-1,0.057389,0.885463,0.028572,0.028576
AACTCGATAAACACGT-1,0.035463,0.963875,0.000331,0.000332
AACTCGATGGCGCAGT-1,0.205518,0.781426,0.006494,0.006563
AACTCTCAATAGAGCG-1,0.047206,0.952316,0.000239,0.000239
AACTCTCAGTGTGCTC-1,0.260116,0.733528,0.003175,0.003182
AACTGAGGTCAGCGTC-1,0.488347,0.510461,0.000596,0.000596
AACTGATATTAGGCCT-1,0.004946,0.990122,0.002466,0.002465
AACTGGGTCCCGACGT-1,0.000646,0.99871,0.000322,0.000322
AACTTCTGCGTCTATC-1,0.000616,0.998771,0.000307,0.000307
AACTTGCCCGTATGCA-1,0.091902,0.907342,0.000378,0.000378
AACTTGCGTTCTCGCG-1,0.010244,0.979546,0.005102,0.005108
AACTTTACGGGAGCTT-1,0.000513,0.998975,0.000256,0.000256
AAGAAGGATCAGTTAG-1,0.241993,0.750265,0.003873,0.00387
AAGACCAAATAACTCA-1,0.18476,0.813649,0.000795,0.000796
AAGACTAACCCGTTGT-1,0.007754,0.984516,0.003861,0.003869
AAGACTGCAAGCTACT-1,0.00044,0.999122,0.000219,0.000219
AAGAGATGAATCGGTA-1,0.061401,0.937552,0.000523,0.000524
AAGAGCTCTTTATCGG-1,0.325628,0.670884,0.001742,0.001746
AAGAGGATGTACGCGA-1,0.210749,0.775641,0.006803,0.006807
AAGAGGCATGGATCGC-1,0.003264,0.993482,0.001627,0.001627
AAGATGGCACCGGACC-1,0.321693,0.676203,0.001051,0.001053
AAGATTGGCGGAACGT-1,0.072846,0.92295,0.002101,0.002102
AAGCACCCTGCGTATC-1,0.538486,0.461121,0.000196,0.000197
AAGCATACTCTCCTGA-1,0.317778,0.67904,0.001592,0.001589
AAGCCGAAGCGGTTTA-1,0.486747,0.511829,0.000711,0.000712
AAGCGCAGGGCTTTGA-1,0.112421,0.885673,0.000952,0.000954
AAGCGGCGTCATGGGT-1,0.036007,0.928274,0.017857,0.017862
AAGCGTCCCTCATCGA-1,0.345597,0.651037,0.001681,0.001684
AAGCTAGATCGAGTAA-1,0.073943,0.924343,0.000856,0.000858
AAGCTCGTGCCAAGTC-1,0.065863,0.933187,0.000475,0.000476
AAGCTCTTTCATGGTG-1,0.002315,0.99538,0.001152,0.001153
AAGGATCGATCGCTTG-1,0.472771,0.526878,0.000175,0.000175
AAGGATGAGGGACCTC-1,0.032087,0.966383,0.000764,0.000766
AAGGCGCGTAAAGCTT-1,0.124341,0.871993,0.001832,0.001833
AAGGCTGTGCTCATCG-1,0.362933,0.636374,0.000346,0.000346
AAGGGAACGACTGGCT-1,0.468565,0.531015,0.00021,0.00021
AAGGGACAGATTCTGT-1,0.099523,0.899385,0.000546,0.000546
AAGGGACTATGCATTC-1,0.23804,0.761557,0.000201,0.000201
AAGGGTTTGATTTCAG-1,0.45219,0.542701,0.002554,0.002556
AAGGTATCCTAATATA-1,0.016911,0.966278,0.008404,0.008408
AAGGTGATAAACCAGC-1,0.013649,0.972735,0.006807,0.006808
AAGTAAGCTTCCAAAC-1,0.382026,0.615839,0.001068,0.001067
AAGTAGTGACGCGAGG-1,0.056135,0.943549,0.000158,0.000158
AAGTCAATTGTCGTCA-1,0.128839,0.868696,0.001232,0.001233
AAGTCTTCTGTGGCCT-1,0.001108,0.997787,0.000552,0.000553
AAGTGACGACCGAATT-1,0.390938,0.573343,0.017857,0.017861
AAGTGCAAAGGTAGAC-1,0.000295,0.99941,0.000147,0.000147
AAGTGCCTTGACTGTA-1,0.388104,0.611101,0.000397,0.000398
AAGTGCGTTAGAATCT-1,0.289727,0.706245,0.002012,0.002016
AAGTGTTTGGAGACGG-1,0.001464,0.997074,0.00073,0.000731
AAGTTCACTCCAAGCT-1,0.190112,0.805203,0.002342,0.002344
AAGTTCAGTCTGCGTA-1,0.120085,0.877871,0.001021,0.001023
AAGTTCGGCCAACAGG-1,0.24001,0.757918,0.001036,0.001037
AAGTTTACTAATGGCA-1,0.068914,0.930584,0.000251,0.000251
AATAACAACGCTCGGC-1,0.067132,0.932048,0.00041,0.00041
AATAACACTAGAACAA-1,0.170992,0.827126,0.000941,0.000941
AATACAATGTTTCAGG-1,0.000475,0.999051,0.000237,0.000237
AATAGAACAGAGTGGC-1,0.48953,0.509134,0.000668,0.000669
AATAGAATCTGTTTCA-1,0.466295,0.5178,0.007944,0.007961
AATAGCAAGCCTCCTG-1,0.385729,0.610863,0.001703,0.001705
AATAGTCCGTCCCGAC-1,0.356635,0.640114,0.001624,0.001627
AATAGTCGCGAGTCGG-1,0.000409,0.999184,0.000204,0.000204
AATATCGAATCAATGC-1,0.525797,0.472953,0.000624,0.000625
AATATCGAGGGTTCTC-1,0.394656,0.601428,0.001957,0.001959
AATATTGGAGTATTGA-1,0.026113,0.947911,0.012987,0.012988
AATCAGACTGCAGGAC-1,0.274217,0.724408,0.000687,0.000688
AATCATGTAAAGACTC-1,0.267065,0.730875,0.00103,0.001029
AATCCATGCAAGGGTG-1,0.015972,0.968079,0.007937,0.008013
AATCGCCTCAGCGCCA-1,0.18821,0.809637,0.001076,0.001078
AATCGCGCAGAGGACT-1,0.50814,0.490852,0.000504,0.000504
AATCGGGACACTACGA-1,0.003728,0.992557,0.001857,0.001858
AATCTAGGTTTACTTG-1,0.445986,0.549983,0.002015,0.002017
AATCTATGCCGGAGCC-1,0.482369,0.516627,0.000501,0.000502
AATCTCTACTGTGGTT-1,0.015079,0.969873,0.007519,0.00753
AATCTGCGTTGGGACG-1,0.020261,0.979559,0.00009,0.00009
AATCTGGCTTTCTAGT-1,0.007357,0.985305,0.003668,0.00367
AATGACAGCAATGTCT-1,0.380494,0.599024,0.010204,0.010278
AATGACGTAGGATGTC-1,0.132386,0.861529,0.00304,0.003045
AATGAGTTCGCATATG-1,0.022103,0.955839,0.010989,0.011069
AATGATGATACGCTAT-1,0.014357,0.971356,0.007143,0.007144
AATGATGCGACTCCTG-1,0.371074,0.627291,0.000817,0.000818
AATGCACCAAGCAATG-1,0.009891,0.980235,0.004926,0.004948
AATGGTCCACCGTTCA-1,0.056293,0.941848,0.000929,0.000929
AATGGTTCTCACAAGC-1,0.527518,0.467717,0.002381,0.002384
AATGTATGGCACTGTA-1,0.632637,0.365553,0.000905,0.000906
AATGTGCCCGAGGTGT-1,0.211532,0.783927,0.002268,0.002273
AATTAAAGGTCGGCGT-1,0.465276,0.533599,0.000563,0.000563
AATTAACGGATTTCCA-1,0.239302,0.760106,0.000296,0.000296
AATTACGAGACCCATC-1,0.688972,0.307541,0.001743,0.001745
AATTACTCGTACGCTC-1,0.00043,0.999141,0.000214,0.000215
AATTAGCGCTGCAGCG-1,0.224737,0.77459,0.000337,0.000337
AATTCATAAGGGATCT-1,0.920383,0.047826,0.0159,0.015891
AATTCATTGTCATGCA-1,0.41395,0.584701,0.000674,0.000675
AATTCCAACTTGGTGA-1,0.001227,0.997552,0.000611,0.000611
AATTCCAAGCATGTAC-1,0.390198,0.609306,0.000248,0.000249
AATTCGATTCGAGGAT-1,0.28363,0.713193,0.001588,0.001589
AATTCTAGAGTTAGGC-1,0.087931,0.911504,0.000282,0.000282
AATTGAACGCTCTGGT-1,0.09142,0.901416,0.003579,0.003584
AATTGCGTGGATTACA-1,0.57691,0.405179,0.008954,0.008957
AATTTGGGACATAGTA-1,0.358741,0.593634,0.023816,0.02381
ACAAACCATGCGTCCT-1,0.108438,0.891006,0.000278,0.000278
ACAAATCGCACCGAAT-1,0.159024,0.839716,0.000629,0.00063
ACAAATGGTAGTGTTT-1,0.004418,0.991184,0.002198,0.0022
ACAAATTCAGATCTGA-1,0.237273,0.76156,0.000584,0.000584
ACAACAGCATGAGCTA-1,0.079647,0.91987,0.000241,0.000242
ACAACGGTCCCTGCGA-1,0.140204,0.859446,0.000175,0.000175
ACAAGCAGTGCCTAGC-1,0.128151,0.871031,0.000409,0.000409
ACAAGCTATATGGAAG-1,0.000157,0.999686,0.000078,0.000078
ACAAGGAAATCCGCCC-1,0.114257,0.88429,0.000726,0.000727
ACAAGGACAAGAGGTT-1,0.183842,0.815685,0.000236,0.000237
ACAAGGATGCTTTAGG-1,0.324064,0.674921,0.000507,0.000508
ACAAGGGCAGGCTCTG-1,0.10721,0.891744,0.000522,0.000524
ACAATAGTCGTACGTT-1,0.117624,0.881164,0.000606,0.000607
ACAATCCATTTAAACC-1,0.134558,0.864449,0.000497,0.000497
ACAATCGATCTTTATA-1,0.487993,0.486032,0.012987,0.012988
ACAATGAATACGGAGA-1,0.189007,0.807623,0.001685,0.001684
ACAATGATTCTTCTAC-1,0.248704,0.749791,0.000752,0.000753
ACAATTGTGTCTCTTT-1,0.219439,0.777702,0.001429,0.00143
ACAATTTAGGAGGCTC-1,0.163116,0.836206,0.000339,0.000339
ACAATTTGAGCAGTGG-1,0.001373,0.997259,0.000684,0.000685
ACACACCAGGACCAGT-1,0.031902,0.936222,0.015873,0.016003
ACACACTTTCTACACG-1,0.214398,0.784899,0.000351,0.000352
ACACATGATCAAATCT-1,0.215243,0.784112,0.000323,0.000323
ACACATTGACGCAACA-1,0.000528,0.998945,0.000263,0.000264
ACACCCGAGAAATCCG-1,0.401371,0.597797,0.000416,0.000416
ACACCGAGCGCTCTTT-1,0.011177,0.988397,0.000213,0.000213
ACACCGGTCTGACCGC-1,0.236725,0.762149,0.000563,0.000564
ACACCTTAAGTAGGGC-1,0.281794,0.717102,0.000552,0.000553
ACACCTTACTACTTGC-1,0.828627,0.171192,0.00009,0.000091
ACACGAGACTCCTTCT-1,0.086699,0.912571,0.000365,0.000365
ACACGGGAACTTAGGG-1,0.040607,0.958711,0.000341,0.000341
ACACTCCAATGTCACT-1,0.000883,0.998237,0.00044,0.00044
ACAGAACTGAGAACAA-1,0.113056,0.883183,0.00188,0.001882
ACAGCATAGAGCCAGT-1,0.431576,0.560486,0.003968,0.00397
ACAGCGACATTCTCAT-1,0.378386,0.619555,0.001029,0.00103
ACAGCGCACCCGCAGC-1,0.020507,0.958927,0.010305,0.010261
ACAGGAGGCGCAGCCG-1,0.374425,0.623518,0.001028,0.001029
ACAGGCTTGCCCGACT-1,0.34892,0.648378,0.001351,0.00135
ACAGGTGGAGGTGAGG-1,0.250977,0.74729,0.000866,0.000867
ACAGTAATACAACTTG-1,0.002495,0.995019,0.001243,0.001243
ACATAAGTCGTGGTGA-1,0.595969,0.403409,0.000311,0.000311
ACATAATAAGGCGGTG-1,0.032581,0.966967,0.000226,0.000226
ACATCAGCTGGGACGC-1,0.062237,0.937081,0.000341,0.000341
ACATCCCGGCCATACG-1,0.242529,0.753381,0.002045,0.002045
ACATCCTGGTAACTGT-1,0.268819,0.730499,0.000341,0.000342
ACATCGATCGTTTACC-1,0.040253,0.959392,0.000177,0.000177
ACATCGGTCAGCCGCG-1,0.297045,0.701472,0.000741,0.000742
ACATCGTATGCAATGG-1,0.004286,0.991446,0.002133,0.002135
ACATCGTTAACCTAGT-1,0.031876,0.93626,0.015989,0.015875
ACATCTCAACGCGTAA-1,0.063964,0.933461,0.001287,0.001288
ACATGGCGCCAAAGTA-1,0.378274,0.621157,0.000284,0.000285
ACATGGCTCAATTTAG-1,0.000782,0.998439,0.000389,0.00039
ACATTAGTTTATATCC-1,0.009566,0.980903,0.004762,0.004769
ACCAACACCACACACT-1,0.60837,0.390921,0.000355,0.000355
ACCAATATGCAAGTTA-1,0.260023,0.73669,0.001642,0.001645
ACCACAACTCAGAACA-1,0.262746,0.732146,0.002552,0.002557
ACCACCAATGTAACAA-1,0.538987,0.460763,0.000125,0.000125
ACCACGTGCAGCTATA-1,0.00302,0.993969,0.001506,0.001506
ACCACTGTTCAAGAAG-1,0.07993,0.91961,0.00023,0.00023
ACCAGACCATAACAAC-1,0.000585,0.998833,0.000291,0.000291
ACCAGTGCCCGGTCAA-1,0.271555,0.727522,0.000461,0.000462
ACCAGTGCGGGAGACG-1,0.281177,0.715842,0.001489,0.001492
ACCATCCGCCAACTAG-1,0.008447,0.983141,0.004202,0.00421
ACCATCGTATATGGTA-1,0.488525,0.50929,0.001091,0.001094
ACCATTAAGGGTGTCA-1,0.000455,0.999092,0.000227,0.000227
ACCCAACGCCCGTGGC-1,0.017249,0.982365,0.000193,0.000193
ACCCACCTACATGCTC-1,0.346798,0.65095,0.001125,0.001127
ACCCATCTTGAGGGTA-1,0.483009,0.512226,0.002382,0.002383
ACCCATTTGTCCCTCT-1,0.312443,0.686214,0.000671,0.000672
ACCCGAGCGAAATTAC-1,0.365162,0.633938,0.000449,0.00045
ACCCGGAAACTCCCAG-1,0.172027,0.827622,0.000175,0.000176
ACCCGGATGACGCATC-1,0.192682,0.802842,0.002241,0.002235
ACCCGGTTACACTTCC-1,0.723341,0.276117,0.000271,0.000271
ACCCTATAGGACTGAG-1,0.023879,0.952309,0.011906,0.011906
ACCCTATGCCATATCG-1,0.55412,0.445397,0.000242,0.000242
ACCCTCCCTTGCTATT-1,0.010251,0.979535,0.005102,0.005112
ACCCTTCATCTGCGAA-1,0.025808,0.973242,0.000475,0.000476
ACCCTTTAGTTCTCCA-1,0.071543,0.857016,0.035714,0.035726
ACCGAAGAGTCTGGTT-1,0.282153,0.717171,0.000338,0.000338
ACCGACACATCTCCCA-1,0.235233,0.764175,0.000295,0.000296
ACCGACTGAGTCCCAC-1,0.058853,0.940051,0.000548,0.000549
ACCGATGGTAGCATCG-1,0.000263,0.999474,0.000131,0.000131
ACCGCAATAACTGCCT-1,0.270549,0.727085,0.001183,0.001184
ACCGCGGTGGAAGTCG-1,0.362393,0.637108,0.00025,0.00025
ACCGGGCCTTTGTTGA-1,0.339739,0.658973,0.000644,0.000644
ACCGGTCAGGTACACC-1,0.355117,0.644606,0.000139,0.000139
ACCGTCCACTGGGCCC-1,0.194196,0.795934,0.004926,0.004944
ACCTAAGTACCTTTCA-1,0.41063,0.588244,0.000563,0.000563
ACCTAATCGACTTCCT-1,0.039174,0.960359,0.000233,0.000233
ACCTACAGTATGTGGT-1,0.844094,0.154884,0.00051,0.000511
ACCTACTATAAATCTA-1,0.552804,0.44667,0.000263,0.000263
ACCTCCGCCCTCGCTG-1,0.710233,0.28849,0.000638,0.000639
ACCTCCGTTATTCACC-1,0.832456,0.167192,0.000176,0.000176
ACCTCGAACTTATGCT-1,0.738499,0.260967,0.000267,0.000267
ACCTGCGTGTCATGTT-1,0.015116,0.969839,0.007525,0.00752
ACGAAATGGGCGGCAC-1,0.16497,0.832331,0.001348,0.001351
ACGAGAACCCATCACG-1,0.197676,0.80178,0.000272,0.000272
ACGAGATATTTGCTTA-1,0.09543,0.809326,0.047619,0.047624
ACGAGGATACCACTCT-1,0.022041,0.955742,0.011225,0.010992
ACGAGGTTTACAACGT-1,0.171462,0.828086,0.000226,0.000227
ACGAGTACGGATGCCC-1,0.485664,0.513456,0.00044,0.00044
ACGAGTCGCCGGCGTT-1,0.027238,0.972375,0.000193,0.000193
ACGATACATAGAACTA-1,0.046054,0.952167,0.00089,0.000889
ACGATACCTATCCTGA-1,0.000289,0.999422,0.000144,0.000144
ACGATCATACATAGAG-1,0.015926,0.983414,0.00033,0.00033
ACGATCATCTTGTAAA-1,0.068814,0.930028,0.000579,0.000579
ACGATGCATATGTTAT-1,0.20667,0.791809,0.000761,0.000761
ACGCAATCACTACAGC-1,0.629272,0.368917,0.000905,0.000906
ACGCATACGTTTACTA-1,0.996964,0.001824,0.000606,0.000606
ACGCATTCGTGAGTAC-1,0.035138,0.964584,0.000139,0.000139
ACGCCAGATGATTTCT-1,0.23686,0.761828,0.000656,0.000656
ACGCCGCTAGACGACC-1,0.005031,0.989942,0.002512,0.002515
ACGCCTGACACGCGCT-1,0.125625,0.871775,0.001299,0.001301
ACGCGAAGTCAGACGA-1,0.288368,0.709497,0.001066,0.001069
ACGCGCTACACAGGGT-1,0.04104,0.91814,0.020408,0.020412
ACGCGGGCCAAGGACA-1,0.047615,0.952043,0.000171,0.000171
ACGCGTTTCTTAAGAG-1,0.063103,0.936549,0.000174,0.000174
ACGCTAGTGATACACT-1,0.073603,0.923252,0.001572,0.001573
ACGCTGTGAGGCGTAG-1,0.032358,0.966582,0.000529,0.00053
ACGGAATTTAGCAAAT-1,0.328843,0.662223,0.004465,0.004469
ACGGACTCTCAAAGCG-1,0.100231,0.899293,0.000238,0.000238
ACGGAGCGCAAATTAC-1,0.666529,0.328268,0.002601,0.002602
ACGGATGGTGCGGATA-1,0.203372,0.795625,0.000502,0.000502
ACGGCACTTGCTTGGG-1,0.074792,0.920742,0.002232,0.002234
ACGGCGACGATGGGAA-1,0.0329,0.966174,0.000463,0.000463
ACGGCGGGTTGCCCTG-1,0.375316,0.600873,0.011905,0.011906
ACGGCTGGATGTAGAA-1,0.407398,0.592164,0.000219,0.000219
ACGGGAGTGTCGGCCC-1,0.017906,0.964198,0.008965,0.00893
ACGGGTCATGTGACTT-1,0.147747,0.851867,0.000193,0.000193
ACGTACAGATTTCTCT-1,0.20261,0.791551,0.002919,0.00292
ACGTAGATTGCTGATG-1,0.001329,0.997346,0.000663,0.000663
ACGTATTACTCCGATC-1,0.00096,0.998083,0.000478,0.000479
ACGTCTCGTTCCGGGA-1,0.059719,0.940083,0.000099,0.000099
ACGTGACAAAGTAAGT-1,0.172319,0.827502,0.00009,0.00009
ACGTGCGCCTCGTGCA-1,0.094885,0.904014,0.00055,0.000551
ACGTTAATGTCGAAGA-1,0.003725,0.992561,0.001856,0.001858
ACGTTAGATTTGCCCG-1,0.33657,0.659401,0.002013,0.002016
ACGTTATTGGTCACTC-1,0.000628,0.998746,0.000313,0.000313
ACGTTCGCAATCAATT-1,0.491874,0.507042,0.000542,0.000542
ACGTTTAGTTGTGATC-1,0.251517,0.74477,0.001856,0.001857
ACTAATACGTCAGGCG-1,0.285757,0.697426,0.008403,0.008414
ACTACATCCCGACAAG-1,0.515378,0.484351,0.000135,0.000135
ACTACCAGCTCTCTGG-1,0.291377,0.702667,0.002978,0.002979
ACTACGCGTTAGAATT-1,0.70791,0.286359,0.002867,0.002864
ACTAGTTGCGATCGTC-1,0.3078,0.690566,0.000817,0.000817
ACTATATGCTGTGTTC-1,0.524052,0.460896,0.007523,0.00753
ACTATCCAGGGCATGG-1,0.409204,0.590337,0.000229,0.00023
ACTATCGCCGGCTAAA-1,0.000225,0.999551,0.000112,0.000112
ACTATGTCCAGCTGCC-1,0.338598,0.658391,0.001504,0.001507
ACTATTCGTCCGTGGT-1,0.365498,0.614092,0.010204,0.010206
ACTCAACGAATGTATT-1,0.251722,0.746748,0.000765,0.000766
ACTCAAGTGCAAGGCT-1,0.013944,0.985245,0.000405,0.000405
ACTCAATAAAGGCACG-1,0.209424,0.790054,0.000261,0.000261
ACTCCCATTCCTAAAG-1,0.209454,0.783892,0.003322,0.003331
ACTCCCGAATTCGTTT-1,0.343362,0.655542,0.000548,0.000549
ACTCCCTAATGCTAAA-1,0.000387,0.999227,0.000193,0.000193
ACTCCCTAGAATAGTA-1,0.003543,0.992925,0.001765,0.001767
ACTCGATGTATTTCAT-1,0.053403,0.946018,0.000289,0.00029
ACTCGTAACCCGTCCT-1,0.215558,0.772521,0.005957,0.005964
ACTCGTCAGTAATCCC-1,0.002541,0.994926,0.001266,0.001267
ACTCTAAACCTGGGAT-1,0.000173,0.999654,0.000086,0.000086
ACTCTCTGACTTAGGT-1,0.344423,0.653755,0.000911,0.000911
ACTCTCTTATACACGA-1,0.376071,0.583109,0.020409,0.020411
ACTCTTGTATAGTAAC-1,0.000697,0.998609,0.000347,0.000347
ACTGAAACGCCGTTAG-1,0.571973,0.421047,0.003492,0.003488
ACTGAATGGCGAAAGT-1,0.194261,0.804217,0.000761,0.000761
ACTGATTTAGTGATTC-1,0.002787,0.994435,0.001387,0.00139
ACTGCCGTCGTAACTC-1,0.001709,0.996588,0.000852,0.000851
ACTGCTCGGAAGGATG-1,0.092699,0.906954,0.000173,0.000173
ACTGTACGATACACAT-1,0.098367,0.898619,0.001505,0.001509
ACTGTAGCACTTTGGA-1,0.656751,0.340739,0.001255,0.001255
ACTGTATACGCGAGCA-1,0.253618,0.745587,0.000397,0.000398
ACTGTCTTCTTTAGAA-1,0.079249,0.919878,0.000436,0.000437
ACTGTGCTAGTAGATC-1,0.910356,0.053868,0.017857,0.017918
ACTGTTTAGTGTAGGC-1,0.4721,0.51803,0.004926,0.004945
ACTTACCGGGCGCGCA-1,0.397354,0.580661,0.010989,0.010996
ACTTACGCATCCACGC-1,0.158427,0.840472,0.00055,0.00055
ACTTAGTACGACAAGA-1,0.920278,0.047938,0.015873,0.015911
ACTTATACTTACCCGG-1,0.061479,0.938207,0.000157,0.000157
ACTTATCTGATCTATA-1,0.321201,0.676289,0.001253,0.001256
ACTTATTTATGTGCCA-1,0.560415,0.417452,0.01114,0.010993
ACTTCAGGCTGATCCC-1,0.205982,0.790483,0.001764,0.001771
ACTTCCAGTGGAAGCT-1,0.744029,0.248992,0.00349,0.003488
ACTTCCATGCGGGACA-1,0.35037,0.645759,0.001936,0.001935
ACTTCGCCATACGCAC-1,0.161519,0.838192,0.000144,0.000145
ACTTGACTCCCTCTTT-1,0.001335,0.997335,0.000665,0.000666
ACTTGTAGTCCCTTCA-1,0.000369,0.999263,0.000184,0.000184
ACTTGTGGATGGAACG-1,0.175394,0.82226,0.001172,0.001173
ACTTTACCCTCATGAA-1,0.502086,0.49747,0.000222,0.000222
ACTTTCCTATAGCTTC-1,0.267415,0.732101,0.000242,0.000242
ACTTTGACTGCATCCT-1,0.002317,0.995378,0.001152,0.001153
ACTTTGGTCGTGCTCC-1,0.228757,0.770455,0.000394,0.000394
AGAACCCTCAATTGGG-1,0.65753,0.342125,0.000172,0.000173
AGAACGTGGTACATTC-1,0.001729,0.996548,0.000862,0.000862
AGAAGAGCGCCGTTCC-1,0.498801,0.480774,0.010216,0.010209
AGAAGGTACACTTCAC-1,0.444182,0.547406,0.004203,0.004209
AGAAGGTTGCCGAATT-1,0.544943,0.45315,0.000954,0.000954
AGAAGGTTGTAGGTCG-1,0.441699,0.557847,0.000227,0.000227
AGAAGTGATTCGTGAT-1,0.258969,0.730823,0.005104,0.005105
AGAATAAATCTTCAGG-1,0.167412,0.827285,0.002648,0.002656
AGAATGCGGGTTCGGA-1,0.389978,0.606839,0.001589,0.001595
AGAATTATGGATTCGA-1,0.104042,0.895679,0.00014,0.00014
AGAATTGTTTGACATA-1,0.161168,0.837387,0.000722,0.000722
AGACAGCTCAGAATCC-1,0.110608,0.888716,0.000338,0.000338
AGACCAAACCACACCT-1,0.225751,0.77345,0.000399,0.0004
AGACCATGGGATACAA-1,0.120454,0.878876,0.000335,0.000335
AGACCCACCGCTGATC-1,0.00276,0.994488,0.001375,0.001378
AGACCGCTCCGCGGTT-1,0.413337,0.585108,0.000777,0.000778
AGACCGGGAAACCCTG-1,0.281828,0.716697,0.000737,0.000738
AGACGAAGTGCCGGTC-1,0.372301,0.625864,0.000917,0.000918
AGACGACGATGCCGCT-1,0.597637,0.389372,0.006494,0.006498
AGACGGGCCGATTTAA-1,0.357732,0.641352,0.000458,0.000459
AGACTAGCCTTCCAGA-1,0.632592,0.366984,0.000212,0.000212
AGAGAACCGTCTAGGA-1,0.061389,0.936812,0.000899,0.0009
AGAGAAGGAGTACAAT-1,0.238038,0.759655,0.001154,0.001153
AGAGATCTCTAAAGCG-1,0.022424,0.977042,0.000267,0.000267
AGAGCAGTTATGAGAC-1,0.236394,0.756075,0.003767,0.003764
AGAGCGGGCTAATCAT-1,0.001772,0.99646,0.000882,0.000886
AGAGCGTACAAGCTCG-1,0.034884,0.964615,0.00025,0.000251
AGAGCTACGAAAGCAT-1,0.000778,0.998448,0.000387,0.000387
AGAGGCTTCGGAAACC-1,0.268172,0.730397,0.000715,0.000716
AGAGTAAACTTCACTA-1,0.40875,0.590758,0.000246,0.000246
AGAGTTAGAGACCGAT-1,0.154973,0.843132,0.000947,0.000948
AGATAACTTCAGGGCC-1,0.656257,0.341698,0.001022,0.001024
AGATACCGGTGTTCAC-1,0.281017,0.71728,0.000851,0.000852
AGATACGACTTCATAT-1,0.36064,0.633636,0.00286,0.002865
AGATACTCAAGATCGA-1,0.246789,0.751077,0.001067,0.001067
AGATATAATACGACTA-1,0.162394,0.836765,0.00042,0.000421
AGATCGTGCATAAGAT-1,0.311684,0.666305,0.010989,0.011021
AGATCTCAGGTGTGAT-1,0.36595,0.632471,0.00079,0.00079
AGATGAGGGTTGCGAT-1,0.641984,0.342135,0.007937,0.007945
AGATGATGGAGTCTGG-1,0.410977,0.588408,0.000307,0.000308
AGATGCAAGACGTGCA-1,0.043365,0.956186,0.000224,0.000224
AGATGCATCCTGTGTC-1,0.000309,0.999383,0.000154,0.000154
AGATGCTATAACGAGC-1,0.137337,0.862313,0.000175,0.000175
AGATTCACAACCGATA-1,0.170256,0.828489,0.000627,0.000627
AGCAAAGGCCGCTAGT-1,0.344681,0.65492,0.000199,0.0002
AGCAACATATCTTATT-1,0.256423,0.742432,0.000572,0.000573
AGCAACCGAAAGTAAT-1,0.392315,0.60746,0.000113,0.000113
AGCACCAGTACTCACG-1,0.18805,0.811175,0.000387,0.000388
AGCACTACCGGCCTGT-1,0.108705,0.889971,0.000662,0.000663
AGCACTACCTCACCAG-1,0.257221,0.741739,0.00052,0.00052
AGCACTTAAGGACGCC-1,0.147206,0.852409,0.000192,0.000193
AGCAGAAGGAGAAAGA-1,0.61328,0.386509,0.000106,0.000106
AGCAGCCAGATGAATA-1,0.15762,0.841864,0.000258,0.000258
AGCATATCAATATGCT-1,0.743193,0.255518,0.000644,0.000645
AGCATCATTTCGAAAG-1,0.134145,0.864239,0.000807,0.000808
AGCCAAGCTTTGTGTC-1,0.301431,0.698137,0.000216,0.000216
AGCCACAGGTTACCCG-1,0.268337,0.729841,0.00091,0.000912
AGCCACTCCCGTGCTT-1,0.001992,0.996022,0.000993,0.000993
AGCCCATACATGTAAG-1,0.023939,0.952247,0.011905,0.011909
AGCCCTAAGCGAAGTT-1,0.278399,0.715995,0.002801,0.002804
AGCCCTTCTAATCCGA-1,0.278025,0.720783,0.000595,0.000596
AGCCGCAAATTCAAAT-1,0.136146,0.863235,0.000309,0.00031
AGCCGCTTGATTAGCG-1,0.000234,0.999533,0.000117,0.000117
AGCCGTGGCTAAATGT-1,0.33512,0.662679,0.001099,0.001101
AGCCTAATACCCACGT-1,0.175002,0.824324,0.000336,0.000337
AGCCTTAAAGCGGAAG-1,0.000715,0.998571,0.000356,0.000357
AGCGACAGGAACGGTC-1,0.014362,0.971343,0.007143,0.007152
AGCGCGGGTGCCAATG-1,0.547587,0.441813,0.005292,0.005308
AGCGCTTATGGGCAAG-1,0.456152,0.525975,0.008933,0.008941
AGCGGACACTTCGTAG-1,0.159992,0.839128,0.00044,0.00044
AGCGGCGGTTAGCGGT-1,0.160957,0.838705,0.000169,0.000169
AGCGGGAAGGGTCCAT-1,0.41964,0.579233,0.000563,0.000563
AGCGGGTCTGACACTC-1,0.733984,0.265599,0.000208,0.000209
AGCGTACGAGAGCTAG-1,0.001051,0.997901,0.000523,0.000524
AGCGTAGCGCTAGACC-1,0.252577,0.729553,0.008929,0.008942
AGCGTCTGAACCCGCA-1,0.306438,0.69208,0.00074,0.000742
AGCGTGGTATTCTACT-1,0.388676,0.607176,0.002073,0.002075
AGCTAAGTACGCAGGC-1,0.152719,0.847103,0.000089,0.000089
AGCTAGAAGCAGAAGT-1,0.007549,0.984925,0.003764,0.003763
AGCTATTTAATCCAAC-1,0.003879,0.992256,0.001931,0.001935
AGCTCCTTCGCACATC-1,0.012475,0.975091,0.006213,0.006221
AGCTCTAGACGTTCCA-1,0.115285,0.884002,0.000356,0.000357
AGCTCTTCCCAGTGCA-1,0.031854,0.936395,0.015873,0.015878
AGCTCTTCGTAACCTT-1,0.685416,0.314254,0.000165,0.000166
AGCTCTTTACTCAGTT-1,0.435843,0.554623,0.004763,0.00477
AGCTGAAGTAAACCAA-1,0.910482,0.053792,0.017857,0.017868
AGCTGTAACCTCAATC-1,0.146776,0.848207,0.00251,0.002507
AGCTTGATCTTAACTT-1,0.013669,0.97268,0.00684,0.00681
AGGAAAGCCTCTGATG-1,0.26441,0.733371,0.001109,0.00111
AGGAAGCTGTCCGCCG-1,0.685315,0.314338,0.000173,0.000173
AGGACAGTCGAATCCC-1,0.010619,0.978792,0.005297,0.005292
AGGACATCGCACGTCG-1,0.341599,0.65515,0.001623,0.001627
AGGACGACCCATTAGA-1,0.554216,0.44405,0.000867,0.000867
AGGACGCTCGATGTTG-1,0.384006,0.592154,0.011905,0.011934
AGGACTTATAGGAGAA-1,0.022679,0.976988,0.000166,0.000166
AGGAGGCCTTCGCGCG-1,0.517087,0.482257,0.000328,0.000328
AGGATAAAGTCGGGAT-1,0.205555,0.793611,0.000417,0.000417
AGGATATAGGGATTTA-1,0.185482,0.813311,0.000603,0.000604
AGGATCACGCGATCTG-1,0.326704,0.666939,0.003175,0.003182
AGGCAAAGAGGAATCA-1,0.31784,0.681314,0.000423,0.000424
AGGCAATACGGAGGAC-1,0.021426,0.977992,0.000291,0.000291
AGGCAGATGCGTAAAC-1,0.113514,0.886031,0.000227,0.000227
AGGCATTGTCGTAGGG-1,0.312876,0.685525,0.000799,0.0008
AGGCCACCCGTTATGA-1,0.392396,0.606338,0.000633,0.000633
AGGCCCAGTGACTGGT-1,0.034596,0.964698,0.000353,0.000353
AGGCCCTAGAACGCCA-1,0.00174,0.996527,0.000866,0.000867
AGGCCTGAGAATCTCG-1,0.220901,0.778373,0.000363,0.000363
AGGCGGTTTGTCCCGC-1,0.125913,0.873559,0.000264,0.000264
AGGCGTCTATGGACGG-1,0.291931,0.70626,0.000904,0.000905
AGGCTATGGTTAGCTT-1,0.00754,0.992211,0.000125,0.000125
AGGCTTCCCGAAGAAG-1,0.317939,0.680436,0.000812,0.000813
AGGCTTGCTAGACACC-1,0.000311,0.99938,0.000155,0.000155
AGGGAAACGAGGTACT-1,0.230283,0.761307,0.004207,0.004203
AGGGACCGGCTGCGTT-1,0.584375,0.415285,0.00017,0.00017
AGGGCAGCGGCGTGGT-1,0.026078,0.947927,0.012993,0.013002
AGGGCGAGCAGCTGAT-1,0.0125,0.975066,0.006211,0.006223
AGGGCTGCAGTTACAG-1,0.282811,0.716466,0.000361,0.000361
AGGGTCGATGCGAACT-1,0.001329,0.997347,0.000662,0.000662
AGGGTGCTCTCGAGGG-1,0.075335,0.924341,0.000162,0.000162
AGGGTGGATAGTGCAT-1,0.000631,0.99874,0.000314,0.000315
AGGGTTCCCTTTGGTT-1,0.002565,0.99488,0.001276,0.001279
AGGGTTTAGTTCGGGA-1,0.097693,0.901872,0.000217,0.000218
AGGTAACCTCCTATTC-1,0.118216,0.880194,0.000795,0.000795
AGGTACGATATTGCCA-1,0.174096,0.814915,0.005495,0.005495
AGGTAGGTACAAAGCT-1,0.027724,0.971946,0.000165,0.000165
AGGTATAATTGATAGT-1,0.613136,0.38655,0.000157,0.000157
AGGTCAGGTGAGAGTG-1,0.156841,0.826289,0.008403,0.008467
AGGTCGCCACTTCGGT-1,0.384377,0.608287,0.003663,0.003673
AGGTCGCGGAGTTACT-1,0.698094,0.30095,0.000478,0.000478
AGGTGGTGACCTTCGC-1,0.427022,0.570402,0.001288,0.001288
AGGTGTATCGCCATGA-1,0.00073,0.998541,0.000364,0.000364
AGGTTCTCCTTTCCGG-1,0.686497,0.307783,0.002857,0.002863
AGGTTGAGGCACGCTT-1,0.239111,0.759784,0.000553,0.000553
AGGTTTCACACACCTT-1,0.30734,0.691572,0.000544,0.000544
AGTAACGTTCATCCTG-1,0.117508,0.88106,0.000715,0.000716
AGTAATGTCTTGCCGC-1,0.187128,0.812018,0.000427,0.000428
AGTAATTTGCAAGCGT-1,0.552744,0.432216,0.007519,0.007521
AGTACATCATTTATCA-1,0.995964,0.003805,0.000115,0.000116
AGTACCTTCGAGTGCT-1,0.418953,0.566753,0.007143,0.007151
AGTACGGCCCGTATCG-1,0.001815,0.996376,0.000904,0.000905
AGTACGGGCACCTGGC-1,0.001913,0.996179,0.000952,0.000956
AGTACGTGGCCTGTCT-1,0.026059,0.947952,0.012987,0.013003
AGTACTCTTATGCCCA-1,0.311308,0.686456,0.001117,0.001119
AGTAGAAGGCGCCTCA-1,0.530217,0.467985,0.000899,0.0009
AGTAGGAAGGAAGTTG-1,0.366682,0.62273,0.005291,0.005297
AGTATAATACTAGGCA-1,0.096924,0.901451,0.000813,0.000813
AGTATCCATAATAACG-1,0.249864,0.735083,0.007519,0.007534
AGTATGCTGGAGACCA-1,0.320227,0.679326,0.000223,0.000224
AGTCAACACCACCATC-1,0.48105,0.518327,0.000312,0.000312
AGTCAAGATGACACTT-1,0.623574,0.374209,0.001108,0.001109
AGTCACTAGCTCTCGA-1,0.251792,0.746671,0.000768,0.000769
AGTCACTCCGCCTCAT-1,0.43366,0.537766,0.014286,0.014288
AGTCAGCCACCGCCTG-1,0.026096,0.94791,0.012987,0.013007
AGTCCAGCGGGTACGT-1,0.000947,0.99811,0.000472,0.000472
AGTCCATTGGCTGATG-1,0.306518,0.692093,0.000694,0.000694
AGTCCCGCCTTTAATT-1,0.004043,0.991929,0.002013,0.002015
AGTCGACGGTCTCAAG-1,0.016145,0.983438,0.000208,0.000209
AGTCGGCCCAAACGAC-1,0.339662,0.654726,0.002803,0.002809
AGTCGGCTCAACTTTA-1,0.022049,0.955924,0.010989,0.011038
AGTCGGTTGCGTGAGA-1,0.999451,0.00033,0.00011,0.00011
AGTCGTATAAAGCAGA-1,0.431414,0.568231,0.000178,0.000178
AGTCGTCGACCACCAA-1,0.261862,0.735063,0.001537,0.001537
AGTCGTGGGCATTACG-1,0.002159,0.995689,0.001075,0.001076
AGTCTAAAGTATACTC-1,0.576553,0.422575,0.000436,0.000436
AGTCTCACAAGACTAC-1,0.313143,0.684809,0.001021,0.001026
AGTCTGGACATCCTTG-1,0.022052,0.955897,0.011046,0.011004
AGTCTTCTCCTCAAAT-1,0.107941,0.891523,0.000268,0.000268
AGTGAACAAACTTCTC-1,0.261125,0.738011,0.000432,0.000432
AGTGAGACTTCCAGTA-1,0.107317,0.891619,0.000532,0.000532
AGTGAGCCTCGCCGCC-1,0.260622,0.738861,0.000258,0.000258
AGTGAGGGTTTCTGAC-1,0.116569,0.857457,0.012987,0.012987
AGTGATAACCTGCGCG-1,0.243623,0.753601,0.001387,0.001389
AGTGATATGAGTAGTT-1,0.414955,0.583843,0.000601,0.000601
AGTGATTCAAGCAGGA-1,0.00127,0.997465,0.000632,0.000633
AGTGCACGCTTAAGAA-1,0.1617,0.836999,0.00065,0.00065
AGTGCGTAGCTCGTAA-1,0.190843,0.806849,0.001153,0.001154
AGTGCTAAACACAGCA-1,0.182842,0.815403,0.000877,0.000878
AGTGCTTGCACGAATA-1,0.000703,0.998595,0.00035,0.000351
AGTGGCGGCAATTTGA-1,0.85675,0.086076,0.028572,0.028602
AGTGGCGTCTGAAGGT-1,0.327161,0.671888,0.000475,0.000476
AGTGGCTCCGTCGGCC-1,0.000714,0.998574,0.000356,0.000356
AGTGGGAGTATACACG-1,0.003192,0.993632,0.001588,0.001588
AGTGGTGTTACCCGTG-1,0.000329,0.999343,0.000164,0.000164
AGTGGTTGCGTATAGG-1,0.124102,0.875392,0.000253,0.000253
AGTGTATTGCGCATTG-1,0.047897,0.904418,0.02381,0.023875
AGTGTGCTAAGATCGC-1,0.104046,0.895324,0.000315,0.000315
AGTGTGGTCTATTGTG-1,0.00113,0.997744,0.000563,0.000563
AGTTAAACACTTGCGA-1,0.637952,0.360699,0.000674,0.000675
AGTTAAGCGGTCCCGG-1,0.208022,0.789827,0.001075,0.001077
AGTTAAGTCAACCGCT-1,0.228804,0.769045,0.001075,0.001076
AGTTACCCTTAAGACT-1,0.162879,0.836627,0.000247,0.000247
AGTTACCGCACATGGT-1,0.173569,0.825987,0.000222,0.000222
AGTTACTCTATCGTGG-1,0.013679,0.972706,0.006803,0.006813
AGTTCACCGGTTGGAC-1,0.195057,0.804485,0.000229,0.000229
AGTTCCTATTTATGTT-1,0.124752,0.872738,0.001254,0.001255
AGTTCTGCGTTGTATC-1,0.218852,0.778596,0.001276,0.001277
AGTTGACATCGGCTGG-1,0.057316,0.88548,0.028572,0.028633
AGTTGACGGTCCTTGC-1,0.329454,0.669553,0.000496,0.000497
AGTTGCGGTCCTCAAC-1,0.600925,0.395046,0.002012,0.002017
AGTTGCTGACTGATAT-1,0.362184,0.62537,0.006218,0.006228
AGTTTCGCAGGTCGGA-1,0.055355,0.944061,0.000292,0.000292
AGTTTGCACCTGCCTC-1,0.337209,0.662172,0.00031,0.00031
AGTTTGGCACGGGTTG-1,0.402174,0.596081,0.000872,0.000873
AGTTTGGCCAGACCTA-1,0.214699,0.782118,0.001592,0.001591
ATAAACGGACCCGTAA-1,0.162405,0.837374,0.00011,0.00011
ATAAAGGCTCGGTCGT-1,0.381766,0.617504,0.000365,0.000365
ATAAAGGTCAAGTACG-1,0.42975,0.568147,0.001051,0.001053
ATAAATATTAGCAGCT-1,0.408918,0.587754,0.001662,0.001667
ATAACGCCGGAGGGTC-1,0.944859,0.033155,0.010989,0.010997
ATAACGGAGTCCAACG-1,0.002925,0.994158,0.001458,0.001459
ATAAGGTGGAGAACAT-1,0.156791,0.841339,0.000934,0.000935
ATAAGTAGGATTCAGA-1,0.414714,0.583979,0.000653,0.000654
ATAAGTAGGGCGACTC-1,0.784666,0.215052,0.000141,0.000141
ATAATACCGTTAGCCG-1,0.144706,0.853222,0.001036,0.001036
ATAATAGCTGTTGAAT-1,0.164456,0.834872,0.000336,0.000336
ATAATAGTGTAGGGAC-1,0.020509,0.95905,0.010204,0.010236
ATAATCTTGGAGAACC-1,0.141214,0.858137,0.000324,0.000325
ATAATTAGCTAAGTAG-1,0.175291,0.82417,0.000269,0.000269
ATACAGGCCCTCCAAT-1,0.345777,0.652956,0.000633,0.000634
ATACCACGGGCAACTT-1,0.000275,0.999452,0.000137,0.000137
ATACCAGCAAATTGCT-1,0.000253,0.999495,0.000126,0.000126
ATACCCTGGCTCAAAT-1,0.057421,0.885435,0.028572,0.028572
ATACCTAACCAAGAAA-1,0.092606,0.906959,0.000217,0.000218
ATACGCCGATCTACCG-1,0.332716,0.665611,0.000836,0.000837
ATACGCCGGCGAAACC-1,0.000663,0.998676,0.00033,0.000331
ATACGGAACGTCGTTT-1,0.248367,0.751257,0.000188,0.000188
ATACGGGTTTCGATTG-1,0.171864,0.8167,0.005717,0.005719
ATACGGTGAAGATGCA-1,0.014229,0.985412,0.000179,0.00018
ATACGTACTTAGCCAC-1,0.143891,0.85486,0.000624,0.000625
ATACGTCCACTCCTGT-1,0.528941,0.470248,0.000405,0.000405
ATACGTTATGCACGGA-1,0.421776,0.577691,0.000266,0.000266
ATACTAGCATGACCCT-1,0.111687,0.887669,0.000321,0.000322
ATACTCTCGCCACTCT-1,0.026095,0.94776,0.013156,0.012989
ATACTGCCTTACACCG-1,0.195939,0.802699,0.000681,0.000682
ATACTTGTTCTCGAGC-1,0.060636,0.93884,0.000262,0.000262
ATAGACAACGGGACCT-1,0.137713,0.862044,0.000121,0.000121
ATAGACGAAGAGAAAG-1,0.461858,0.536979,0.000581,0.000582
ATAGAGTTATCAACTT-1,0.036089,0.963398,0.000257,0.000257
ATAGCAACTAGGGAAG-1,0.229258,0.768769,0.000986,0.000987
ATAGCCTCAGTACCCA-1,0.000804,0.998395,0.0004,0.000401
ATAGCTGCTCTTGTTA-1,0.084914,0.914509,0.000288,0.000289
ATAGGCGGCTATAGAA-1,0.32987,0.665283,0.002421,0.002426
ATAGGCTAGCTTCGCA-1,0.143163,0.713972,0.071429,0.071436
ATAGGGATATCCTTGA-1,0.001025,0.997952,0.000511,0.000511
ATAGGTTGGGCAGATG-1,0.000698,0.998605,0.000348,0.000349
ATAGTTCCACCCACTC-1,0.173655,0.824345,0.000999,0.001001
ATATAAAGCGCTCGTG-1,0.316682,0.682805,0.000257,0.000257
ATATAAATGTAGCTGC-1,0.205609,0.787581,0.003402,0.003408
ATATAGAGTATTGGTC-1,0.403734,0.595487,0.000389,0.00039
ATATCAACCTACAGAG-1,0.355429,0.643919,0.000326,0.000326
ATATCAATTCCAGCCT-1,0.543392,0.456064,0.000272,0.000273
ATATCGGTAGGGAGAT-1,0.687999,0.311434,0.000284,0.000284
ATATCGTTCCTCGAAC-1,0.441448,0.554629,0.001959,0.001964
ATATCTCCCTCGTTAA-1,0.363256,0.616321,0.010204,0.010219
ATATCTTAGGGCCTTC-1,0.000536,0.998929,0.000267,0.000267
ATATGGGATAGCAACT-1,0.429958,0.558101,0.005979,0.005962
ATATGTCTCCCTAGCC-1,0.124501,0.874857,0.00032,0.000321
ATATTATCCCGTATTT-1,0.174214,0.825413,0.000186,0.000187
ATATTCAGTTAAACCT-1,0.178516,0.818036,0.001723,0.001724
ATATTCCACATAGTGA-1,0.115195,0.882109,0.001348,0.001348
ATATTCCCACAGGTCA-1,0.079064,0.920683,0.000126,0.000126
ATATTGCTGTCAAAGT-1,0.035871,0.928412,0.017857,0.01786
ATCAAACACTGTTCCA-1,0.446945,0.552646,0.000205,0.000205
ATCAAACGAAGGTTTG-1,0.008197,0.983633,0.004082,0.004088
ATCAAGATCCCAGGAC-1,0.467065,0.529486,0.001721,0.001728
ATCAATCTGGGCTGCA-1,0.027203,0.972035,0.000381,0.000382
ATCAATGCCGTGGCTG-1,0.408429,0.591194,0.000188,0.000188
ATCACATTAGAATATC-1,0.206547,0.790474,0.001489,0.001491
ATCACGTGCTAATTAA-1,0.276586,0.722317,0.000547,0.000549
ATCACTTCATCCTCGC-1,0.201765,0.796051,0.001091,0.001092
ATCAGACGGCACGCCG-1,0.257632,0.740917,0.000726,0.000726
ATCAGCCTCATGCTGC-1,0.20488,0.79283,0.001145,0.001145
ATCAGCTCGTCCACTA-1,0.016839,0.96635,0.008403,0.008408
ATCAGGTCGCCATTGC-1,0.031949,0.936302,0.015873,0.015875
ATCAGTAGGCAGGGAT-1,0.63491,0.350756,0.007164,0.007171
ATCCAACGCAGTCATA-1,0.092388,0.905779,0.000917,0.000917
ATCCAATGGAGGGTCC-1,0.82071,0.107811,0.035715,0.035765
ATCCAATGGTACCGAA-1,0.013104,0.986619,0.000138,0.000138
ATCCACATCGACAGAA-1,0.148396,0.850967,0.000318,0.000319
ATCCACGCTAAATGTT-1,0.312251,0.680211,0.00377,0.003769
ATCCAGGATTCGTGAA-1,0.449045,0.550404,0.000275,0.000276
ATCCCATCCACAGCGC-1,0.550113,0.449551,0.000168,0.000168
ATCCCATTTCCGTGGG-1,0.988976,0.006621,0.002199,0.002204
ATCCTACCTAAGCTCT-1,0.700672,0.298408,0.00046,0.00046
ATCCTGAATCGCTGCG-1,0.155478,0.830232,0.007143,0.007147
ATCCTGCGTGGAATGG-1,0.545611,0.453182,0.000604,0.000604
ATCGACCCAATACAGA-1,0.050557,0.949116,0.000164,0.000164
ATCGACTCTTTCCGTT-1,0.00062,0.998763,0.000309,0.000309
ATCGCACGATTGTTCA-1,0.12782,0.871553,0.000314,0.000314
ATCGCCAGTCAACATT-1,0.328247,0.671095,0.000329,0.000329
ATCGCTGCGTGCAGCA-1,0.516191,0.482924,0.000443,0.000443
ATCGGAGACAGACGGC-1,0.129613,0.868454,0.000966,0.000967
ATCGGCAAGCAGTCCA-1,0.017919,0.964223,0.008929,0.008929
ATCGGTTACCTAGTAA-1,0.036327,0.962845,0.000414,0.000415
ATCGTATTCCGAGAAC-1,0.000114,0.999772,0.000057,0.000057
ATCGTCCAATCGAGTC-1,0.000793,0.998417,0.000395,0.000396
ATCGTGGAAAGTCTGG-1,0.130634,0.86803,0.000668,0.000668
ATCGTTAGCTAGCGGA-1,0.498768,0.500168,0.000531,0.000532
ATCGTTCACTTTCGCC-1,0.643019,0.333164,0.011905,0.011913
ATCTAACGTCCCTATG-1,0.036332,0.963492,0.000088,0.000088
ATCTAATATCCTACGG-1,0.722004,0.264339,0.006803,0.006854
ATCTAGCTTGTGAGGG-1,0.315507,0.683701,0.000396,0.000396
ATCTATCGATGATCAA-1,0.000287,0.999426,0.000143,0.000143
ATCTCCCTGCAATCTA-1,0.001804,0.996397,0.000899,0.0009
ATCTGATAGTGTCTTA-1,0.053615,0.945887,0.000249,0.000249
ATCTGCACCTCTGCGA-1,0.214072,0.784852,0.000538,0.000538
ATCTGCTGTTATCGCC-1,0.423995,0.575573,0.000216,0.000216
ATCTGGGCTGTTCTTG-1,0.227766,0.771198,0.000518,0.000518
ATCTGGTTAAGACTGT-1,0.09239,0.905789,0.00091,0.000911
ATCTTAGGGCATTAAT-1,0.513044,0.469092,0.008929,0.008934
ATCTTGACCTGCAACG-1,0.582494,0.41692,0.000293,0.000293
ATCTTGACTTGTCCAA-1,0.849334,0.150448,0.000109,0.000109
ATGAAGTGGACCCAGC-1,0.009783,0.989911,0.000153,0.000153
ATGACGCGTTCTATCC-1,0.482228,0.515813,0.000979,0.00098
ATGACTATGCGACATT-1,0.897574,0.061597,0.020408,0.020421
ATGAGGAGTGTTAATC-1,0.094667,0.9025,0.001415,0.001417
ATGCACCTTCCTTAAT-1,0.000531,0.998939,0.000265,0.000265
ATGCACGCGCTGTTCA-1,0.339733,0.659482,0.000393,0.000393
ATGCACTACCGCATTG-1,0.569321,0.430118,0.00028,0.000281
ATGCATGATCCAGGAT-1,0.052196,0.947161,0.000321,0.000322
ATGCCAATCGCTCTGC-1,0.417924,0.580321,0.000877,0.000878
ATGCCATTTGCGACCA-1,0.18325,0.808789,0.003976,0.003985
ATGCCGGTCTTGCATA-1,0.264329,0.729294,0.003186,0.00319
ATGCCGGTTGATGGGA-1,0.010264,0.979512,0.005116,0.005109
ATGCGACAATTGGTCC-1,0.368166,0.629084,0.001374,0.001377
ATGCGACAGTCCCATT-1,0.055579,0.943209,0.000606,0.000606
ATGCGAGTCCCACCAC-1,0.28546,0.713758,0.000391,0.000391
ATGCTCAGTGTTGCAT-1,0.003879,0.992256,0.001932,0.001933
ATGCTCTGGCGCGGTA-1,0.165467,0.833916,0.000308,0.000309
ATGGAAATTTAAGGAG-1,0.225834,0.773881,0.000143,0.000143
ATGGAGCAGGCCGTGA-1,0.110101,0.889116,0.000392,0.000392
ATGGATCCGGCGTCCG-1,0.001428,0.997148,0.000712,0.000712
ATGGATTGACCAAACG-1,0.08543,0.914261,0.000154,0.000155
ATGGCAGCATTACGAT-1,0.393944,0.605711,0.000172,0.000173
ATGGCAGCCGAGAAAC-1,0.22281,0.77683,0.00018,0.00018
ATGGCTGGAAATGGCC-1,0.009891,0.980252,0.004926,0.004931
ATGGGACCTGCTGAAC-1,0.066552,0.931745,0.000851,0.000852
