Barcode,Topic 1,Topic 2,Topic 3,Topic 4,Topic 5,Topic 6,Topic 7,Topic 8to12
AAACAACGAATAGTTC-1,0.000208,0.000208,0.051329,0.037677,0.000208,0.000208,0.909124,0.001039
AAACAAGTATCTCCCA-1,0.000053,0.000053,0.005592,0.000053,0.30925,0.035042,0.151332,0.498626
AAACAATCTACTAGCA-1,0.000086,0.000086,0.268295,0.000086,0.000086,0.000086,0.000086,0.731188
AAACAGCTTTCAGAAG-1,0.000116,0.000116,0.000116,0.000116,0.000116,0.096205,0.262037,0.641178
AAACAGGGTCTATATT-1,0.00007,0.00007,0.00007,0.00007,0.00007,0.00007,0.253306,0.746277
AAACATTTCCCGGATT-1,0.000098,0.000098,0.091155,0.000098,0.000098,0.002869,0.589851,0.315734
AAACCCGAACGAAATC-1,0.000022,0.000022,0.000022,0.000022,0.000022,0.123484,0.015276,0.861129
AAACCGGAAATGTTAA-1,0.000111,0.000111,0.000111,0.000111,0.018385,0.026064,0.117898,0.837208
AAACCGGGTAGGTACC-1,0.000036,0.000036,0.006235,0.000036,0.000036,0.175021,0.050484,0.768118
AAACCGTTCGTCCAGG-1,0.000082,0.000082,0.000082,0.000082,0.486032,0.128988,0.034572,0.35008
AAACCTAAGCAGCCGG-1,0.000051,0.000051,0.038164,0.000051,0.000051,0.000051,0.093103,0.868476
AAACCTCATGAAGTTG-1,0.000041,0.000041,0.000041,0.000041,0.000041,0.197096,0.107429,0.69527
AAACGAAGAACATACC-1,0.000049,0.000049,0.029438,0.003242,0.006247,0.119222,0.139041,0.702713
AAACGAGACGGTTGAT-1,0.000066,0.000066,0.000066,0.528797,0.024565,0.041156,0.000066,0.405217
AAACGCTGGGCACGAC-1,0.000158,0.000158,0.181944,0.000158,0.019993,0.000158,0.796643,0.000789
AAACGGGCGTACGGGT-1,0.000125,0.000125,0.000125,0.033126,0.07446,0.000125,0.693018,0.198897
AAACGGGTTGGTATCC-1,0.000308,0.000308,0.000308,0.000308,0.000308,0.000308,0.996617,0.001538
AAACGGTTGCGAACTG-1,0.00007,0.00007,0.390513,0.00007,0.00007,0.00007,0.159054,0.450085
AAACGTGTTCGCCCTA-1,0.000015,0.000015,0.000015,0.671836,0.004288,0.000015,0.000015,0.323799
AAACTCGGTTCGCAAT-1,0.00005,0.00005,0.019146,0.00005,0.00005,0.162631,0.087037,0.730986
AAACTCGTGATATAAG-1,0.000048,0.000048,0.000048,0.000048,0.000048,0.046379,0.226017,0.727366
AAACTGCTGGCTCCAA-1,0.000039,0.000039,0.055607,0.000039,0.000039,0.04468,0.019765,0.879791
AAACTTGCAAACGTAT-1,0.000064,0.000064,0.000064,0.000064,0.000064,0.019196,0.102334,0.878147
AAAGAATGTGGACTAA-1,0.000061,0.000061,0.36273,0.01067,0.165334,0.000061,0.421269,0.039813
AAAGACCCAAGTCGCG-1,0.000204,0.000204,0.039286,0.000204,0.030111,0.099521,0.392822,0.437647
AAAGACTGGGCGCTTT-1,0.000064,0.000064,0.037034,0.000064,0.041442,0.000064,0.162226,0.759044
AAAGCTTGCCTACATA-1,0.000035,0.000035,0.000035,0.000035,0.000035,0.000688,0.135377,0.863758
AAAGGGATGTAGCAAG-1,0.000054,0.000054,0.021918,0.000054,0.000054,0.000054,0.000054,0.977758
AAAGGGCAGCTTGAAT-1,0.000045,0.000045,0.000045,0.000045,0.044231,0.130074,0.063435,0.762082
AAAGTAGCATTGCTCA-1,0.000116,0.000116,0.000116,0.000116,0.000116,0.251304,0.154365,0.593751
AAAGTCACTGATGTAA-1,0.000116,0.000116,0.072414,0.000116,0.000116,0.11452,0.381829,0.430772
AAAGTCGACCCTCAGT-1,0.000042,0.000042,0.000042,0.000042,0.005612,0.024061,0.126142,0.844017
AAAGTGCCATCAATTA-1,0.000317,0.000317,0.033573,0.000317,0.000317,0.023249,0.672021,0.269889
AAAGTGTGATTTATCT-1,0.000072,0.000072,0.001286,0.000072,0.002392,0.035527,0.151542,0.809038
AAAGTTGACTCCCGTA-1,0.000055,0.000055,0.047721,0.014384,0.000055,0.090325,0.037422,0.809983
AAATAAGGTAGTGCCC-1,0.000028,0.000028,0.000028,0.000028,0.000028,0.193158,0.043266,0.763438
AAATACCTATAAGCAT-1,0.000045,0.000045,0.000045,0.000056,0.000045,0.032552,0.058493,0.908718
AAATAGCTTAGACTTT-1,0.000032,0.000032,0.000032,0.034081,0.000032,0.273013,0.09905,0.59373
AAATAGGGTGCTATTG-1,0.000051,0.000051,0.000051,0.000051,0.000051,0.034154,0.152446,0.813144
AAATCCGATACACGCC-1,0.000036,0.000036,0.065446,0.000036,0.00662,0.040945,0.018837,0.868044
AAATCTAGCCCTGCTA-1,0.000048,0.000048,0.000048,0.000048,0.094766,0.066286,0.212887,0.625871
AAATGATTCGATCAGC-1,0.000043,0.000043,0.000043,0.011738,0.000043,0.106279,0.168958,0.712852
AAATGCTCGTTACGTT-1,0.000048,0.000048,0.032129,0.000048,0.000048,0.138751,0.183363,0.645564
AAATGGCATGTCTTGT-1,0.000133,0.000133,0.14377,0.000133,0.000133,0.06373,0.18799,0.603977
AAATGGCCCGTGCCCT-1,0.00006,0.00006,0.00006,0.00006,0.011366,0.062307,0.12468,0.801407
AAATGGTCAATGTGCC-1,0.00005,0.00005,0.023089,0.00005,0.052797,0.060453,0.00005,0.863461
AAATGTATCTTATCCC-1,0.000079,0.000079,0.000079,0.000079,0.000079,0.013283,0.208726,0.777595
AAATGTGGGTGCTCCT-1,0.000078,0.000078,0.000078,0.000078,0.000078,0.000078,0.188981,0.81055
AAATTAACGGGTAGCT-1,0.000069,0.000069,0.000069,0.276298,0.000069,0.023511,0.138126,0.561788
AAATTAATAAGCGCGA-1,0.000201,0.000201,0.000201,0.000201,0.000201,0.000201,0.602272,0.396523
AAATTACCTATCGATG-1,0.000053,0.000053,0.023527,0.033071,0.000053,0.000053,0.023129,0.920059
AAATTCCAGGTCCAAA-1,0.000031,0.000031,0.000031,0.000031,0.000031,0.121645,0.087516,0.790686
AAATTGATAGTCCTTT-1,0.000109,0.000109,0.000109,0.566917,0.029192,0.060063,0.000109,0.343392
AAATTGCGGCGGTTCT-1,0.000253,0.000253,0.000253,0.000253,0.000253,0.000253,0.997214,0.001267
AAATTGGTGAGAAGCA-1,0.000028,0.000028,0.018537,0.162996,0.000028,0.081821,0.071119,0.665444
AAATTTGCGGGTGTGG-1,0.000174,0.000174,0.000174,0.000174,0.000174,0.000174,0.156897,0.84206
AACAACTGGTAGTTGC-1,0.000034,0.000034,0.000034,0.000034,0.003714,0.111143,0.011267,0.87374
AACAATTACTCTACGC-1,0.000025,0.000025,0.000025,0.00529,0.000025,0.364389,0.000025,0.630198
AACACACGCTCGCCGC-1,0.00002,0.00002,0.00002,0.00002,0.00002,0.166368,0.00002,0.833514
AACACGACTGTACTGA-1,0.000099,0.000099,0.000099,0.000099,0.010609,0.000099,0.319336,0.669559
AACACGAGACGCGGCC-1,0.000092,0.000092,0.000092,0.000092,0.020678,0.000092,0.232487,0.746374
AACACGCGGCCGCGAA-1,0.000101,0.000101,0.116927,0.005169,0.148077,0.000101,0.729019,0.000505
AACAGGAAATCGAATA-1,0.000092,0.000092,0.000092,0.000092,0.000092,0.048474,0.265962,0.685103
AACAGGATGGGCCGCG-1,0.000012,0.000012,0.000012,0.000012,0.000012,0.367397,0.000012,0.63253
AACAGGTAGTATGGAT-1,0.000038,0.000038,0.043275,0.000038,0.000038,0.173169,0.043236,0.740168
AACATATCAACTGGTG-1,0.000045,0.000045,0.000045,0.000116,0.012971,0.025756,0.097226,0.863796
AACATCGATACGTCTA-1,0.000025,0.000025,0.031059,0.027777,0.000025,0.361364,0.03816,0.541564
AACATTGGTCAGCCGT-1,0.000152,0.000152,0.638716,0.000152,0.000152,0.000152,0.359761,0.000762
AACCAAGACTTCTCTG-1,0.000027,0.000027,0.000027,0.005187,0.011331,0.428193,0.009071,0.546138
AACCATGGGATCGCTA-1,0.00005,0.00005,0.010983,0.00005,0.04919,0.25324,0.06187,0.624569
AACCCAGAGACGGAGA-1,0.000035,0.000035,0.000035,0.000035,0.01622,0.190167,0.089892,0.703579
AACCCATCCCATGATC-1,0.000166,0.000166,0.000166,0.066852,0.000166,0.129151,0.242793,0.56054
AACCCGAGCAGAATCG-1,0.00008,0.00008,0.098285,0.00008,0.02733,0.377537,0.295247,0.20136
AACCCTACTGTCAATA-1,0.000046,0.000046,0.000046,0.000046,0.000046,0.054658,0.048189,0.896922
AACCCTGGTGGAACCA-1,0.000061,0.000061,0.12633,0.000061,0.000061,0.000061,0.163978,0.709386
AACCGAGCTTGGTCAT-1,0.000059,0.000059,0.020031,0.00016,0.024457,0.000059,0.141046,0.814129
AACCGCTAAGGGATGC-1,0.000064,0.000064,0.000064,0.000064,0.02725,0.000064,0.185772,0.786656
AACCGTTGTGTTTGCT-1,0.000119,0.000119,0.000119,0.000119,0.220113,0.000119,0.26982,0.509475
AACCTCGCTTTAGCCC-1,0.000073,0.000073,0.024848,0.000073,0.008042,0.000073,0.183082,0.783737
AACCTGTCACGGAATT-1,0.000037,0.000037,0.000037,0.000037,0.002218,0.029986,0.120758,0.846889
AACCTTTAAATACGGT-1,0.000037,0.000037,0.011934,0.000037,0.000037,0.06795,0.008048,0.911919
AACCTTTACGACGTCT-1,0.000342,0.000342,0.000342,0.068422,0.039697,0.227338,0.228735,0.434783
AACGACCTCCTAGCCG-1,0.000332,0.000332,0.175284,0.000332,0.000332,0.000332,0.821395,0.00166
AACGATAATGCCGTAG-1,0.000024,0.000024,0.028917,0.000024,0.000024,0.242476,0.003834,0.724678
AACGATAGAAGGGCCG-1,0.000126,0.000126,0.027793,0.000126,0.077251,0.000126,0.041897,0.852557
AACGCATGATCTGGGT-1,0.000044,0.000044,0.000044,0.000044,0.000044,0.119592,0.208064,0.672123
AACGCGAACGGCAACA-1,0.000085,0.000085,0.012474,0.000085,0.000085,0.03976,0.66405,0.283375
AACGCGGTCTCCAGCC-1,0.000218,0.000218,0.339779,0.000218,0.000218,0.000218,0.658045,0.001088
AACGCTGTTGCTGAAA-1,0.000033,0.000033,0.137518,0.020755,0.000033,0.084585,0.000033,0.75701
AACGGACGTACGTATA-1,0.000031,0.000031,0.016303,0.000031,0.000031,0.005243,0.03223,0.946099
AACGGCCATCTCCGGT-1,0.000051,0.000051,0.000051,0.000051,0.000051,0.000051,0.13315,0.866542
AACGTACTGTGGGTAC-1,0.000086,0.000086,0.000086,0.034231,0.000086,0.006275,0.127658,0.831491
AACGTAGTCTACCCAT-1,0.00011,0.00011,0.351096,0.00011,0.00011,0.00011,0.647809,0.000548
AACGTCAGACTAGTGG-1,0.000058,0.000058,0.000058,0.000058,0.010746,0.236379,0.024299,0.728344
AACGTCGCTGCACTTC-1,0.00019,0.00019,0.00019,0.00019,0.00019,0.00019,0.687722,0.311136
AACGTGCGAAAGTCTC-1,0.000031,0.000031,0.028531,0.047068,0.038008,0.067855,0.001935,0.816542
AACGTTATCAGCACCT-1,0.000101,0.000101,0.000101,0.000101,0.000101,0.000101,0.143293,0.856098
AACTACCCGTTTGTCA-1,0.000052,0.000052,0.000052,0.000052,0.000052,0.077433,0.086556,0.83575
AACTAGCGTATCGCAC-1,0.000202,0.000202,0.50487,0.000202,0.000202,0.000202,0.294432,0.199687
AACTAGGCTTGGGTGT-1,0.00009,0.00009,0.623576,0.00009,0.00009,0.00009,0.338502,0.037472
AACTCAAGTTAATTGC-1,0.000023,0.000023,0.000023,0.000759,0.000023,0.163066,0.000023,0.83606
AACTCCAGAGCGTGTT-1,0.000159,0.000159,0.119427,0.000159,0.000159,0.000159,0.729362,0.150415
AACTCGATAAACACGT-1,0.000059,0.000059,0.458225,0.000059,0.000059,0.252256,0.106304,0.182981
AACTCGATGGCGCAGT-1,0.00003,0.00003,0.00003,0.00003,0.00003,0.269205,0.130688,0.599957
AACTCTCAATAGAGCG-1,0.000059,0.000059,0.000059,0.037035,0.000059,0.000059,0.04167,0.921
AACTCTCAGTGTGCTC-1,0.000104,0.000104,0.000104,0.116909,0.0226,0.009921,0.272528,0.57773
AACTGAGTTATACTGA-1,0.000045,0.000045,0.022328,0.000045,0.000045,0.139016,0.204097,0.634378
AACTGATATTAGGCCT-1,0.00006,0.00006,0.00006,0.00006,0.00006,0.058851,0.00006,0.940787
AACTGGGTCCCGACGT-1,0.000031,0.000031,0.000031,0.000031,0.000031,0.148875,0.014854,0.836117
AACTGGTGTGGGCCTT-1,0.000305,0.000305,0.000305,0.000305,0.000305,0.000305,0.680732,0.317436
AACTTCTGCGTCTATC-1,0.000035,0.000035,0.000035,0.000035,0.000035,0.215394,0.088877,0.695553
AACTTGCCCGTATGCA-1,0.000031,0.000031,0.000031,0.000031,0.045535,0.436732,0.012308,0.505301
AACTTGCGTTCTCGCG-1,0.000083,0.000083,0.000083,0.000083,0.096912,0.038505,0.361783,0.502467
AACTTTACGGGAGCTT-1,0.000083,0.000083,0.000083,0.043221,0.000083,0.054397,0.455866,0.446184
AACTTTAGCTGCTGAG-1,0.000405,0.000405,0.013173,0.000405,0.000405,0.000405,0.924669,0.060135
AACTTTCTCGATCATG-1,0.000042,0.000042,0.000042,0.000042,0.000042,0.000803,0.164778,0.834208
AAGAAATCACCAGATT-1,0.000032,0.000032,0.000032,0.000032,0.000032,0.030131,0.169304,0.800404
AAGAAGGATCAGTTAG-1,0.000048,0.000048,0.035553,0.000048,0.183697,0.203873,0.072482,0.50425
AAGACATACGTGGTTT-1,0.000147,0.000147,0.462404,0.008615,0.000147,0.000147,0.527656,0.000736
AAGACTAACCCGTTGT-1,0.000154,0.000154,0.622574,0.000154,0.000154,0.000154,0.375885,0.00077
AAGACTGCAAGCTACT-1,0.00009,0.00009,0.011246,0.121757,0.054866,0.119337,0.210179,0.482435
AAGAGATGAATCGGTA-1,0.000061,0.000061,0.000061,0.000061,0.000061,0.161496,0.048503,0.789695
AAGAGCTCTTTATCGG-1,0.000014,0.000014,0.000014,0.305223,0.000015,0.000014,0.000014,0.69469
AAGAGGATGTACGCGA-1,0.00004,0.00004,0.00004,0.00004,0.038756,0.124034,0.009784,0.827265
AAGAGGCATGGATCGC-1,0.000102,0.000102,0.000102,0.324209,0.000102,0.000102,0.062975,0.612306
AAGAGGCCCTTTGGAA-1,0.000146,0.000146,0.133281,0.000146,0.008495,0.083159,0.691934,0.082691
AAGATTGGCGGAACGT-1,0.000042,0.000042,0.000042,0.007086,0.69607,0.000042,0.059787,0.236889
AAGCACCCTGCGTATC-1,0.000043,0.000043,0.018348,0.000043,0.000043,0.035511,0.002163,0.943803
AAGCATACTCTCCTGA-1,0.000075,0.000075,0.000075,0.000075,0.000075,0.000075,0.514484,0.485064
AAGCCGAAGCGGTTTA-1,0.000038,0.000038,0.000038,0.000039,0.000038,0.209512,0.050525,0.739771
AAGCCGCTTTACCTTG-1,0.000042,0.000042,0.000042,0.000042,0.000042,0.005031,0.072864,0.921896
AAGCCGGAGAGCAGGA-1,0.000271,0.000271,0.000271,0.000271,0.000271,0.115334,0.534322,0.348991
AAGCGCAGGGCTTTGA-1,0.000017,0.000017,0.000017,0.001479,0.000017,0.809202,0.000017,0.189236
AAGCTAGATCGAGTAA-1,0.000044,0.000044,0.000044,0.000044,0.000044,0.162823,0.087522,0.749436
AAGCTCGTGCCAAGTC-1,0.000065,0.000065,0.000065,0.016908,0.162956,0.066459,0.241615,0.511867
AAGCTCTTTCATGGTG-1,0.000048,0.000048,0.000048,0.001745,0.000048,0.010919,0.036419,0.950727
AAGGAGAACTTATAAG-1,0.000027,0.000027,0.059721,0.003053,0.001454,0.130538,0.015321,0.789858
AAGGAGCGGTTGGTGC-1,0.000072,0.000072,0.000072,0.000072,0.325466,0.088338,0.000857,0.585052
AAGGATCGATCGCTTG-1,0.000041,0.000041,0.000041,0.000041,0.075072,0.01151,0.000327,0.912927
AAGGATGAGGGACCTC-1,0.000061,0.000061,0.000061,0.035766,0.000061,0.000061,0.088673,0.875256
AAGGCAGGCTGTCTCC-1,0.000032,0.000032,0.000032,0.000032,0.077679,0.125937,0.002934,0.793323
AAGGCGCGTAAAGCTT-1,0.000042,0.000042,0.059867,0.000042,0.000042,0.465619,0.123012,0.351336
AAGGCTGTGCTCATCG-1,0.00007,0.00007,0.00007,0.00007,0.00007,0.031991,0.060117,0.907541
AAGGGACAGATTCTGT-1,0.000071,0.000071,0.015106,0.000071,0.000071,0.000071,0.206435,0.778106
AAGGTGATAAACCAGC-1,0.000051,0.000051,0.000051,0.000051,0.000051,0.000051,0.043776,0.955919
AAGTAAGCTTCCAAAC-1,0.000026,0.000026,0.823831,0.000026,0.000026,0.030249,0.020327,0.12549
AAGTAGAAGACCGGGT-1,0.000035,0.000035,0.035575,0.000035,0.000035,0.030267,0.090573,0.843443
AAGTAGTGACGCGAGG-1,0.000029,0.000029,0.000029,0.000029,0.000029,0.552688,0.059917,0.387252
AAGTCAATTGTCGTCA-1,0.000021,0.000021,0.002757,0.000021,0.000021,0.810201,0.033853,0.153107
AAGTCTAGTAGCTGCC-1,0.000028,0.000028,0.000028,0.000028,0.000028,0.000451,0.083404,0.916002
AAGTCTTCTGTGGCCT-1,0.000187,0.000187,0.114869,0.000187,0.000187,0.000187,0.532535,0.351662
AAGTGACGACCGAATT-1,0.000069,0.000069,0.000069,0.000069,0.002249,0.091224,0.216183,0.690067
AAGTGCAAAGGTAGAC-1,0.00009,0.00009,0.128776,0.00009,0.00009,0.120295,0.49286,0.257707
AAGTGCCTTGACTGTA-1,0.000057,0.000057,0.010094,0.007229,0.000057,0.151741,0.260422,0.570342
AAGTGCGTTAGAATCT-1,0.000085,0.000085,0.000085,0.000085,0.000085,0.070552,0.307553,0.621471
AAGTGTTTGGAGACGG-1,0.000036,0.000036,0.025608,0.000036,0.000036,0.099874,0.023193,0.851181
AAGTTCACTCCAAGCT-1,0.000112,0.000112,0.000112,0.000112,0.000112,0.000112,0.453581,0.545747
AAGTTCAGTCTGCGTA-1,0.000042,0.000042,0.000042,0.000042,0.000042,0.108098,0.072771,0.818919
AAGTTCGGCCAACAGG-1,0.000054,0.000054,0.000054,0.000054,0.000054,0.178135,0.093141,0.728455
AAGTTGTGATGTTATA-1,0.000216,0.000216,0.000216,0.000216,0.000216,0.000216,0.749237,0.249468
AAGTTTACTAATGGCA-1,0.000103,0.000103,0.000103,0.021433,0.000103,0.103067,0.261093,0.613995
AAGTTTATGGGCCCAA-1,0.000091,0.000091,0.000091,0.000091,0.000091,0.000153,0.343764,0.65563
AATAACAACGCTCGGC-1,0.000008,0.000008,0.000008,0.000008,0.000008,0.754433,0.000008,0.245516
AATAACACTAGAACAA-1,0.000035,0.000035,0.000035,0.002492,0.00368,0.299522,0.042742,0.651459
AATAAGTCCTCGAGAC-1,0.000052,0.000052,0.100113,0.000052,0.000052,0.226709,0.142266,0.530703
AATAATCTTCGTATCG-1,0.000121,0.000121,0.000121,0.000121,0.09174,0.128711,0.159464,0.6196
AATACAATGTTTCAGG-1,0.000016,0.000016,0.000016,0.000016,0.115786,0.355451,0.000016,0.528684
AATACCTGATGTGAAC-1,0.000042,0.000042,0.002829,0.000042,0.107946,0.022527,0.072435,0.794137
AATAGAATCTGTTTCA-1,0.000115,0.000115,0.037653,0.000115,0.085448,0.000115,0.603151,0.273287
AATAGCTACCGCGTGC-1,0.000018,0.000018,0.000018,0.000018,0.000018,0.582294,0.000018,0.417596
AATAGTCGCGAGTCGG-1,0.000151,0.000151,0.000151,0.000151,0.000151,0.000151,0.470286,0.528807
AATATCAAGGTCGGAT-1,0.000122,0.000122,0.052833,0.000122,0.000122,0.042947,0.480864,0.422869
AATATCCTAGCAAACT-1,0.000042,0.000042,0.894693,0.000042,0.000042,0.0012,0.00029,0.103648
AATATCGAATCAATGC-1,0.000015,0.000015,0.000015,0.000015,0.001899,0.242261,0.000015,0.755767
AATATCGAGGGTTCTC-1,0.000059,0.000059,0.152536,0.000059,0.000059,0.000059,0.100291,0.746879
AATATTGGAGTATTGA-1,0.000047,0.000047,0.000047,0.028057,0.018292,0.115233,0.041831,0.796445
AATCAGACTGCAGGAC-1,0.000331,0.000331,0.000331,0.000331,0.000331,0.000331,0.996362,0.001654
AATCATGTAAAGACTC-1,0.000063,0.000063,0.000063,0.000063,0.000063,0.099601,0.221321,0.678762
AATCCAAGGGCCTGAG-1,0.000154,0.000154,0.219621,0.000154,0.000154,0.000154,0.370906,0.408704
AATCCATGCAAGGGTG-1,0.000168,0.000168,0.000168,0.000168,0.000168,0.054534,0.734085,0.21054
AATCGCCTCAGCGCCA-1,0.000038,0.000038,0.006183,0.67795,0.114116,0.000038,0.000038,0.2016
AATCGCGCAGAGGACT-1,0.000016,0.000016,0.000016,0.000016,0.000016,0.662606,0.034049,0.303264
AATCGGGACACTACGA-1,0.000091,0.000091,0.000218,0.000091,0.000091,0.000091,0.218111,0.781217
AATCGGTATAGCCCTC-1,0.000233,0.000233,0.000233,0.014567,0.072571,0.000233,0.910767,0.001164
AATCGTGAGCCGAGCA-1,0.000108,0.000108,0.039245,0.000108,0.000108,0.035878,0.244683,0.679761
AATCTAGGTTTACTTG-1,0.000074,0.000074,0.000074,0.000074,0.034491,0.038928,0.029616,0.89667
AATCTATGCCGGAGCC-1,0.000051,0.000051,0.000051,0.000051,0.000051,0.000051,0.108285,0.891409
AATCTCTACTGTGGTT-1,0.000067,0.000067,0.000067,0.000067,0.016786,0.03523,0.252533,0.695185
AATCTGCGTTGGGACG-1,0.000065,0.000065,0.000065,0.000065,0.044741,0.010429,0.221373,0.723199
AATCTGGCTTTCTAGT-1,0.000051,0.000051,0.013176,0.018129,0.000051,0.106332,0.050961,0.811247
AATGACAGCAATGTCT-1,0.000156,0.000156,0.000156,0.000156,0.000156,0.000156,0.077347,0.921715
AATGACGTAGGATGTC-1,0.000064,0.000064,0.067105,0.000064,0.019854,0.009959,0.102311,0.800581
AATGACTGTCAGCCGG-1,0.000059,0.000059,0.000059,0.008634,0.087258,0.145284,0.042217,0.71643
AATGAGTTCGCATATG-1,0.000064,0.000065,0.000065,0.000065,0.053812,0.042877,0.326865,0.576188
AATGATGATACGCTAT-1,0.000079,0.000079,0.000079,0.000079,0.004182,0.054089,0.060534,0.88088
AATGATGCGACTCCTG-1,0.000049,0.000049,0.024754,0.000049,0.689912,0.019118,0.158575,0.107494
AATGCAACCGGGTACC-1,0.000059,0.000059,0.000059,0.000059,0.059024,0.008381,0.013082,0.919276
AATGCACCAAGCAATG-1,0.000142,0.000142,0.081917,0.000142,0.103322,0.000142,0.106821,0.707372
AATGGTCCACCGTTCA-1,0.00006,0.00006,0.005212,0.00006,0.140037,0.00006,0.060068,0.794444
AATGGTTCTCACAAGC-1,0.000223,0.000223,0.000223,0.000223,0.000223,0.211386,0.211496,0.576004
AATGTTGTCGTGAGAC-1,0.00007,0.00007,0.974781,0.00007,0.013412,0.00007,0.011176,0.000351
AATTAAAGGTCGGCGT-1,0.000048,0.000048,0.031573,0.000048,0.02969,0.068623,0.036046,0.833925
AATTAACGGATTTCCA-1,0.000045,0.000045,0.01821,0.000045,0.000045,0.15757,0.023495,0.800545
AATTACTCGTACGCTC-1,0.000374,0.000374,0.000374,0.000374,0.000374,0.000374,0.813317,0.184441
AATTAGCGCTGCAGCG-1,0.000019,0.000019,0.013055,0.000019,0.265181,0.053235,0.001871,0.666601
AATTCATAAGGGATCT-1,0.000063,0.000063,0.085708,0.000063,0.000063,0.000063,0.077064,0.836914
AATTCCAACTTGGTGA-1,0.000111,0.000111,0.641043,0.000111,0.000111,0.000111,0.357851,0.000553
AATTCCAAGCATGTAC-1,0.000228,0.000228,0.113451,0.000228,0.000228,0.000228,0.884266,0.001142
AATTCGATTCGAGGAT-1,0.00005,0.00005,0.00005,0.002107,0.094992,0.058326,0.05713,0.787293
AATTCTAGAGTTAGGC-1,0.000054,0.000054,0.000054,0.000054,0.004383,0.000054,0.19338,0.801967
AATTGAACGCTCTGGT-1,0.000067,0.000067,0.000067,0.000067,0.000067,0.000067,0.031545,0.96805
AATTGCAGCAATCGAC-1,0.000081,0.000081,0.604611,0.000081,0.000081,0.000081,0.394578,0.000406
AATTGTGGTTGCCAAA-1,0.000382,0.000382,0.000382,0.000382,0.000382,0.000382,0.995795,0.001911
AATTTGGTTCCAAAGA-1,0.000069,0.000069,0.068402,0.000069,0.000069,0.000069,0.027201,0.904052
ACAAACCGACAAGGCG-1,0.000136,0.000136,0.103739,0.000136,0.000136,0.080734,0.2658,0.549182
ACAAAGAAGGTAGGCC-1,0.000249,0.000249,0.000249,0.000249,0.000249,0.000249,0.848898,0.149609
ACAAAGCATGACCTAG-1,0.000052,0.000052,0.104448,0.000052,0.022619,0.070563,0.285427,0.516789
ACAAATCGCACCGAAT-1,0.000124,0.000124,0.000124,0.000124,0.000124,0.000124,0.749229,0.250026
ACAAATGGTAGTGTTT-1,0.000056,0.000056,0.000056,0.117024,0.010947,0.000056,0.00154,0.870265
ACAACGGTCCCTGCGA-1,0.000052,0.000052,0.000052,0.000052,0.028116,0.028189,0.000052,0.943436
ACAAGCAGTGCCTAGC-1,0.000055,0.000055,0.000055,0.000055,0.034917,0.174169,0.123526,0.667168
ACAAGCTATATGGAAG-1,0.000092,0.000092,0.430083,0.000092,0.000092,0.138394,0.403541,0.027615
ACAAGGAAATCCGCCC-1,0.000104,0.000104,0.000104,0.000104,0.000104,0.086851,0.354877,0.557753
ACAAGGACAAGAGGTT-1,0.000059,0.000059,0.000059,0.000059,0.031712,0.141804,0.088983,0.737265
ACAAGGATGCTTTAGG-1,0.000439,0.000439,0.000439,0.091727,0.000439,0.000439,0.555617,0.350463
ACAAGGGCAGGCTCTG-1,0.00005,0.00005,0.064796,0.028713,0.006619,0.093147,0.011106,0.795519
ACAATAGTCGTACGTT-1,0.000131,0.000131,0.004386,0.000131,0.000131,0.000131,0.357202,0.63776
ACAATCCATTTAAACC-1,0.000046,0.000046,0.020985,0.009136,0.007385,0.10964,0.007539,0.845222
ACAATCGATCTTTATA-1,0.000028,0.000028,0.148685,0.000028,0.000028,0.019109,0.020643,0.811452
ACAATTGTGTCTCTTT-1,0.000032,0.000032,0.030167,0.000032,0.686105,0.035587,0.027877,0.22017
ACAATTTAGGAGGCTC-1,0.00007,0.00007,0.00007,0.043701,0.034347,0.085657,0.169915,0.666169
ACAATTTGAGCAGTGG-1,0.000211,0.000211,0.000211,0.062096,0.000211,0.187065,0.070127,0.679868
ACAATTTGGCCATATT-1,0.000041,0.000041,0.000041,0.047661,0.009734,0.133942,0.128341,0.6802
ACACAAAGACGGGTGG-1,0.000093,0.000093,0.000093,0.000093,0.028033,0.000093,0.105913,0.865591
ACACAAATATTCCTAG-1,0.00004,0.00004,0.012058,0.053333,0.00004,0.003774,0.088075,0.84264
ACACACCAGGACCAGT-1,0.00005,0.00005,0.02033,0.010101,0.018696,0.028349,0.081237,0.841187
ACACACTTTCTACACG-1,0.000096,0.000096,0.000096,0.000096,0.000096,0.000096,0.185066,0.814357
ACACATTGACGCAACA-1,0.000098,0.000098,0.135444,0.000098,0.000098,0.120126,0.190666,0.553372
ACACATTTCCGTAGAC-1,0.000062,0.000062,0.026835,0.000062,0.000062,0.059962,0.170721,0.742234
ACACCACATAATTAGC-1,0.000023,0.000023,0.000023,0.00505,0.009379,0.019239,0.000023,0.966237
ACACCCAGCATGCAGC-1,0.00004,0.00004,0.00004,0.00004,0.004843,0.137416,0.00004,0.85754
ACACCCGAGAAATCCG-1,0.000065,0.000065,0.000065,0.000065,0.184418,0.080706,0.156363,0.578251
ACACCGAGCGCTCTTT-1,0.000095,0.000095,0.000095,0.049252,0.000095,0.000095,0.417081,0.533194
ACACCTTAAGTAGGGC-1,0.00008,0.00008,0.00008,0.00008,0.00008,0.276001,0.114678,0.608923
ACACCTTACTACTTGC-1,0.00002,0.00002,0.00002,0.00002,0.000466,0.215975,0.013562,0.769916
ACACGGCACTATGCAT-1,0.000034,0.000034,0.929612,0.000034,0.000034,0.028849,0.000034,0.041371
ACACGTAGGCCACAAG-1,0.000099,0.000099,0.029268,0.000099,0.000099,0.088804,0.183745,0.697788
ACACTCCAATGTCACT-1,0.000053,0.000053,0.000053,0.000053,0.000053,0.179556,0.265756,0.554424
ACACTGGGACAGTCGT-1,0.000064,0.000064,0.036504,0.000064,0.081833,0.176901,0.000064,0.704506
ACAGAACTGAGAACAA-1,0.000053,0.000053,0.000053,0.010824,0.000053,0.102735,0.064027,0.822203
ACAGATTAGGTTAGTG-1,0.000055,0.000055,0.000055,0.008353,0.020828,0.058947,0.005767,0.90594
ACAGCATAGAGCCAGT-1,0.000097,0.000097,0.123653,0.000097,0.000097,0.000097,0.33848,0.537383
ACAGCGACATTCTCAT-1,0.000213,0.000213,0.196068,0.000213,0.000213,0.000213,0.681175,0.121691
ACAGGAGGCGCAGCCG-1,0.000134,0.000134,0.454121,0.000134,0.000134,0.000134,0.489663,0.055544
ACAGGCACGGATCCTT-1,0.00009,0.00009,0.00009,0.00009,0.001104,0.074924,0.233132,0.690479
ACAGGCTTGCCCGACT-1,0.000053,0.000053,0.000053,0.000053,0.055749,0.067912,0.199955,0.676171
ACAGGTGGAGGTGAGG-1,0.000056,0.000056,0.000056,0.000056,0.000056,0.209237,0.173804,0.61668
ACAGGTGTGTTGTTGC-1,0.000216,0.000216,0.000216,0.000216,0.000216,0.000216,0.890954,0.107751
ACAGTAATACAACTTG-1,0.000074,0.000074,0.000074,0.000074,0.000074,0.000074,0.330555,0.669002
ACAGTATACCGTGGGA-1,0.000022,0.000022,0.067077,0.001368,0.000022,0.085441,0.093925,0.752124
ACATAATAAGGCGGTG-1,0.000078,0.000078,0.160247,0.000078,0.417874,0.000078,0.242549,0.179017
ACATCAGCTGGGACGC-1,0.000064,0.000064,0.000064,0.000064,0.000064,0.073764,0.074949,0.850966
ACATCCTGGTAACTGT-1,0.000058,0.000058,0.000058,0.000058,0.000058,0.005468,0.084021,0.910222
ACATCGGTCAGCCGCG-1,0.000055,0.000055,0.000055,0.000055,0.000055,0.006398,0.137592,0.855736
ACATCGTATGCAATGG-1,0.000068,0.000068,0.000068,0.000068,0.000068,0.057956,0.117074,0.824628
ACATCGTTAACCTAGT-1,0.000332,0.000332,0.000332,0.000332,0.000332,0.000332,0.996348,0.00166
ACATCTCAACGCGTAA-1,0.00005,0.00005,0.294476,0.00005,0.00005,0.077128,0.183753,0.444441
ACATGGCGCCAAAGTA-1,0.000047,0.000047,0.000047,0.000047,0.028695,0.09395,0.136312,0.740857
ACATGGCTCAATTTAG-1,0.000089,0.000089,0.225001,0.026482,0.106429,0.038576,0.405775,0.197559
ACATTAGTTTATATCC-1,0.000116,0.000116,0.000116,0.000116,0.062851,0.043993,0.251779,0.640914
ACATTTGAAACCTAAC-1,0.000031,0.000031,0.000031,0.000031,0.062602,0.024288,0.060032,0.852956
ACCAAACACCCAGCGA-1,0.000017,0.000017,0.013872,0.004785,0.000017,0.323531,0.015158,0.642605
ACCAAACTAGAAATCC-1,0.000059,0.000059,0.074705,0.000059,0.161458,0.000059,0.299291,0.464311
ACCAACACCACACACT-1,0.000023,0.000023,0.000023,0.000023,0.021447,0.388911,0.073661,0.515888
ACCAACCGCACTCCAC-1,0.000061,0.000061,0.755462,0.000061,0.000061,0.000061,0.243928,0.000305
ACCAAGAACGCGTGTC-1,0.000049,0.000049,0.106841,0.014039,0.000049,0.000049,0.062357,0.816568
ACCAAGTCATCGGCAG-1,0.000166,0.000166,0.165575,0.000166,0.000166,0.000166,0.832764,0.00083
ACCAATATGCAAGTTA-1,0.000094,0.000094,0.000094,0.000094,0.000094,0.000094,0.251658,0.747778
ACCACAAGTTTCTATC-1,0.000047,0.000047,0.000047,0.004502,0.000047,0.023912,0.000047,0.971351
ACCACACGGTTGATGG-1,0.00022,0.00022,0.00022,0.00022,0.172968,0.00022,0.267791,0.558138
ACCACCAATGTAACAA-1,0.000036,0.000036,0.000036,0.024349,0.285557,0.074136,0.021601,0.594248
ACCACCCTCTCTTCTA-1,0.000045,0.000045,0.000045,0.000045,0.000045,0.001082,0.089606,0.909085
ACCACGTGCAGCTATA-1,0.000156,0.000156,0.136109,0.000156,0.000156,0.091649,0.615591,0.156027
ACCACTGTTCAAGAAG-1,0.000129,0.000129,0.000129,0.000129,0.031767,0.000129,0.548791,0.418796
ACCAGACCATAACAAC-1,0.000216,0.000216,0.000216,0.000216,0.000216,0.000216,0.752008,0.246693
ACCAGCCCGGTCTTTG-1,0.000035,0.000035,0.006523,0.000035,0.000035,0.176223,0.075907,0.741206
ACCAGGAGTGTGATCT-1,0.000075,0.000075,0.000075,0.000075,0.028867,0.00668,0.10013,0.864025
ACCAGTGCGGGAGACG-1,0.000028,0.000028,0.000028,0.000028,0.000028,0.033643,0.000028,0.966188
ACCATATCCGCAATAA-1,0.000076,0.000076,0.000076,0.000076,0.011913,0.081143,0.113582,0.793056
ACCATCCGCCAACTAG-1,0.000086,0.000086,0.000086,0.000086,0.000086,0.045949,0.429655,0.523967
ACCATCGTATATGGTA-1,0.000044,0.000044,0.021497,0.000044,0.000044,0.44106,0.112924,0.42434
ACCATTAAGGGTGTCA-1,0.000152,0.000152,0.000152,0.000152,0.008225,0.064533,0.604105,0.322528
ACCCAACGCCCGTGGC-1,0.000054,0.000054,0.039752,0.027019,0.000054,0.033082,0.000161,0.899825
ACCCACCTACATGCTC-1,0.000052,0.000052,0.037979,0.000052,0.016146,0.177541,0.09681,0.67137
ACCCATCTTGAGGGTA-1,0.000071,0.000071,0.000071,0.000071,0.000071,0.084373,0.000071,0.9152
ACCCATTTGTCCCTCT-1,0.00021,0.00021,0.00021,0.00021,0.00021,0.00021,0.997685,0.001052
ACCCGGAAACTCCCAG-1,0.000054,0.000054,0.339565,0.000054,0.000054,0.104242,0.047083,0.508896
ACCCGGAGCACCACAA-1,0.000102,0.000102,0.000102,0.000102,0.069341,0.199515,0.253695,0.477042
ACCCGGATGACGCATC-1,0.000059,0.000059,0.000059,0.002386,0.000059,0.289912,0.045867,0.661601
ACCCGGTTACACTTCC-1,0.000092,0.000092,0.037812,0.000092,0.000092,0.002928,0.060591,0.898302
ACCCGTAGTCTAGTTG-1,0.000305,0.000305,0.138757,0.000305,0.000305,0.000305,0.85819,0.001526
ACCCTATAGGACTGAG-1,0.000029,0.000029,0.000684,0.000029,0.006774,0.360777,0.080164,0.551514
ACCCTCCCGTCAGGGC-1,0.000063,0.000063,0.102954,0.000063,0.000063,0.012527,0.180551,0.703717
ACCCTCCCTTGCTATT-1,0.000068,0.000068,0.734077,0.000068,0.000068,0.000068,0.197992,0.067592
ACCCTGGTAACGCCCT-1,0.000037,0.000037,0.000037,0.000037,0.097643,0.095304,0.260744,0.546161
ACCCTTCATCTGCGAA-1,0.000096,0.000096,0.000096,0.000096,0.000096,0.000096,0.078412,0.921012
ACCCTTGCCTGGGTCG-1,0.000039,0.000039,0.000039,0.000039,0.000039,0.017319,0.116504,0.865982
ACCGAAAGGGCCCTGC-1,0.00009,0.00009,0.00009,0.00009,0.059715,0.00009,0.304789,0.635044
ACCGACACATCTCCCA-1,0.000093,0.000093,0.000093,0.000093,0.000093,0.112219,0.118472,0.768845
ACCGACTGAGTCCCAC-1,0.000064,0.000064,0.000064,0.000064,0.064035,0.002503,0.025564,0.907642
ACCGAGTCTCCTTATT-1,0.000026,0.000026,0.000026,0.000026,0.045033,0.296768,0.000711,0.657384
ACCGATAGGCATAACC-1,0.000294,0.000294,0.000294,0.000294,0.000294,0.207337,0.789718,0.001472
ACCGATATTTAATCAT-1,0.000102,0.000102,0.044581,0.000102,0.131841,0.139656,0.101688,0.581927
ACCGATGGTAGCATCG-1,0.000076,0.000076,0.000076,0.025038,0.000076,0.000076,0.25867,0.715911
ACCGCAATAACTGCCT-1,0.000014,0.000014,0.009167,0.007808,0.000014,0.114436,0.000014,0.868532
ACCGCGGTGGAAGTCG-1,0.000032,0.000032,0.000032,0.000032,0.000032,0.026015,0.032867,0.940958
ACCGGGCCTTTGTTGA-1,0.00003,0.00003,0.063912,0.00003,0.00003,0.194764,0.00003,0.741176
ACCGTTCCCGCTCTGA-1,0.000131,0.000131,0.000131,0.000131,0.000131,0.000131,0.618452,0.380764
ACCTAAGTACCTTTCA-1,0.000075,0.000075,0.039954,0.000075,0.000075,0.1634,0.400477,0.395869
ACCTAATCGACTTCCT-1,0.000073,0.000073,0.000073,0.000073,0.000073,0.105166,0.158395,0.736073
ACCTACAGTATGTGGT-1,0.000034,0.000034,0.000034,0.000034,0.041481,0.337866,0.050136,0.570381
ACCTACTATAAATCTA-1,0.000218,0.000218,0.010877,0.000218,0.000218,0.126645,0.489355,0.372252
ACCTCCGCCCTCGCTG-1,0.00002,0.00002,0.00002,0.007186,0.001443,0.825725,0.016888,0.148698
ACCTCCGTTATTCACC-1,0.000029,0.000029,0.000029,0.000031,0.045219,0.210544,0.030617,0.713502
ACCTGCGTGTCATGTT-1,0.000073,0.000073,0.000073,0.000073,0.000073,0.004494,0.105763,0.88938
ACCTTTCCTTTAGAAG-1,0.00008,0.00008,0.00008,0.00008,0.00008,0.030713,0.313749,0.655139
ACGAAATGGGCGGCAC-1,0.000057,0.000057,0.01234,0.000057,0.000057,0.121101,0.030576,0.835754
ACGACCCATGAGTTGC-1,0.000256,0.000256,0.000256,0.000256,0.000256,0.188491,0.617661,0.192567
ACGACTCTAGGGCCGA-1,0.000025,0.000025,0.000025,0.000025,0.008564,0.013186,0.00127,0.976881
ACGAGAACCCATCACG-1,0.000185,0.000185,0.000185,0.000185,0.013724,0.000185,0.794028,0.191322
ACGAGGATACCACTCT-1,0.000034,0.000034,0.000034,0.000034,0.000034,0.223764,0.047903,0.728161
ACGAGTACGGATGCCC-1,0.000077,0.000077,0.047378,0.000077,0.000077,0.000077,0.2363,0.715937
ACGAGTCGCCGGCGTT-1,0.000153,0.000153,0.000153,0.000153,0.000153,0.057212,0.941259,0.000765
ACGATACCTATCCTGA-1,0.000229,0.000229,0.000229,0.000229,0.000229,0.000229,0.568843,0.429783
ACGATCATACATAGAG-1,0.000028,0.000028,0.02748,0.001323,0.00614,0.01333,0.000028,0.951643
ACGATCATCTTGTAAA-1,0.000048,0.000048,0.000048,0.009783,0.000048,0.126666,0.207664,0.655695
ACGATGCATATGTTAT-1,0.000061,0.000061,0.013465,0.000061,0.000061,0.182011,0.12139,0.682889
ACGATGGATCCGATGC-1,0.000034,0.000034,0.015252,0.017539,0.008992,0.119659,0.001695,0.836794
ACGCAATCACTACAGC-1,0.000071,0.000071,0.000071,0.000071,0.000071,0.000071,0.189572,0.810003
ACGCATACGTTTACTA-1,0.000054,0.000054,0.085791,0.000054,0.006009,0.141196,0.111337,0.655504
ACGCATTCGTGAGTAC-1,0.000018,0.000018,0.000018,0.619024,0.000018,0.000018,0.000018,0.380867
ACGCCACTCGAAACAG-1,0.000129,0.000129,0.000129,0.000129,0.000129,0.00013,0.091681,0.907543
ACGCCAGATGATTTCT-1,0.000147,0.000147,0.000147,0.000147,0.039406,0.000147,0.272433,0.687428
ACGCCAGTGCGTTTGC-1,0.000054,0.000054,0.152247,0.000054,0.473428,0.000054,0.120754,0.253354
ACGCCCAGCTGTCGAT-1,0.000037,0.000037,0.000037,0.000037,0.000037,0.134709,0.075399,0.789707
ACGCCGCTAGACGACC-1,0.000041,0.000041,0.096142,0.000041,0.000041,0.045778,0.034035,0.823881
ACGCCTGACACGCGCT-1,0.00003,0.00003,0.130844,0.00003,0.00003,0.461307,0.054366,0.353361
ACGCGCTACACAGGGT-1,0.000073,0.000073,0.000073,0.000073,0.070754,0.020062,0.211122,0.697768
ACGCGGGCCAAGGACA-1,0.000024,0.000024,0.028626,0.460809,0.022541,0.086389,0.036111,0.365475
ACGCGTTTCTTAAGAG-1,0.000117,0.000117,0.000117,0.000117,0.000117,0.056365,0.472355,0.470696
ACGCTACTGAATGGGC-1,0.000192,0.000192,0.209658,0.000192,0.000192,0.000192,0.267074,0.52231
ACGCTAGTGATACACT-1,0.000069,0.000069,0.000069,0.036236,0.000069,0.000069,0.13299,0.830427
ACGCTGTGAGGCGTAG-1,0.000021,0.000021,0.002324,0.003995,0.006275,0.642707,0.005417,0.33924
ACGGAACACGAGTGCC-1,0.000035,0.000035,0.034256,0.000035,0.055443,0.000035,0.132291,0.777872
ACGGAATTTAGCAAAT-1,0.000035,0.000035,0.11659,0.000035,0.000035,0.111265,0.046211,0.725796
ACGGACTCTCAAAGCG-1,0.000064,0.000064,0.003962,0.000064,0.000064,0.005047,0.016218,0.974517
ACGGAGCGCAAATTAC-1,0.00004,0.00004,0.00004,0.005416,0.00004,0.079673,0.130977,0.783773
ACGGATGGTGCGGATA-1,0.000057,0.000057,0.000057,0.000057,0.005093,0.028663,0.100683,0.865332
ACGGCGACGATGGGAA-1,0.00012,0.00012,0.095138,0.00012,0.010819,0.00012,0.428353,0.46521
ACGGCGGGTTGCCCTG-1,0.000119,0.000119,0.000119,0.000119,0.016653,0.000119,0.646027,0.336724
ACGGGAGTGTCGGCCC-1,0.000062,0.000062,0.015812,0.000062,0.000062,0.014987,0.060685,0.908266
ACGGGCGTATGCGACA-1,0.000025,0.000025,0.000025,0.000025,0.000025,0.010347,0.026307,0.963222
ACGGGTCATGTGACTT-1,0.000113,0.000113,0.000113,0.000113,0.00827,0.053931,0.648219,0.289128
ACGGTACAGTTCAATG-1,0.000029,0.000029,0.000029,0.000029,0.088891,0.060126,0.056954,0.793913
ACGTACAGATTTCTCT-1,0.000105,0.000105,0.100666,0.000105,0.000105,0.000105,0.181204,0.717603
ACGTAGATTGCTGATG-1,0.000113,0.000113,0.000619,0.041927,0.130744,0.042817,0.447345,0.336322
ACGTAGGAGAGTCGCT-1,0.000251,0.000251,0.000251,0.000251,0.000251,0.000251,0.934621,0.063873
ACGTATTACTCCGATC-1,0.000073,0.000073,0.126186,0.000073,0.000073,0.000073,0.178438,0.695014
ACGTCCTAAACGAGAT-1,0.000032,0.000032,0.017984,0.000687,0.063457,0.036368,0.077053,0.804387
ACGTCTCGTTCCGGGA-1,0.000297,0.000297,0.084141,0.000297,0.000297,0.000297,0.912893,0.001483
ACGTGACAAAGTAAGT-1,0.00005,0.00005,0.026147,0.00005,0.00005,0.065571,0.156587,0.751495
ACGTGCGCCTCGTGCA-1,0.000103,0.000103,0.033244,0.000103,0.000103,0.000103,0.059084,0.907159
ACGTGGTCGAATGTGC-1,0.000158,0.000158,0.071786,0.000158,0.000158,0.000158,0.499073,0.428351
ACGTTAATGTCGAAGA-1,0.000066,0.000066,0.064321,0.072102,0.097656,0.000066,0.176269,0.589455
ACGTTAGATTTGCCCG-1,0.000049,0.000049,0.000049,0.000049,0.01689,0.096751,0.106722,0.77944
ACGTTATTGGTCACTC-1,0.000024,0.000024,0.000024,0.000024,0.000024,0.771988,0.072099,0.155793
ACGTTCCGCGCTCCGT-1,0.000096,0.000096,0.072058,0.000096,0.000096,0.000096,0.25257,0.674893
ACGTTCGCAATCAATT-1,0.000021,0.000021,0.000021,0.013796,0.000021,0.257961,0.000021,0.728138
ACGTTCTGTACAAGTC-1,0.000093,0.000093,0.520195,0.000093,0.000093,0.078509,0.234136,0.166788
ACGTTTAGTTGTGATC-1,0.000037,0.000037,0.025055,0.000037,0.000037,0.060485,0.000037,0.914277
ACGTTTCGGTGCACTT-1,0.000237,0.000237,0.238088,0.000237,0.000237,0.033993,0.345943,0.38103
ACTACCAGCTCTCTGG-1,0.00005,0.00005,0.00005,0.00005,0.012652,0.598997,0.077576,0.310574
ACTAGTTGCGATCGTC-1,0.00003,0.00003,0.00003,0.00003,0.012321,0.321183,0.00003,0.666343
ACTATCCAGGGCATGG-1,0.000017,0.000017,0.000017,0.023446,0.000017,0.138935,0.000017,0.837535
ACTATCGCCGGCTAAA-1,0.000157,0.000157,0.000157,0.000157,0.000157,0.134456,0.623296,0.241462
ACTATCTGCCCGCGTA-1,0.000042,0.000042,0.013564,0.00878,0.000042,0.467755,0.027598,0.482176
ACTATTCGTCCGTGGT-1,0.000168,0.000168,0.019866,0.000168,0.000168,0.000168,0.472503,0.506789
ACTCAACGAATGTATT-1,0.000216,0.000216,0.171878,0.000216,0.000216,0.000216,0.825963,0.001079
ACTCAAGTGCAAGGCT-1,0.000352,0.000352,0.000352,0.000352,0.000352,0.000352,0.524835,0.473055
ACTCAATAAAGGCACG-1,0.000249,0.000249,0.038477,0.06816,0.04905,0.095992,0.2139,0.533924
ACTCAGACCTGCTTCT-1,0.000091,0.000091,0.092025,0.000091,0.508336,0.000091,0.317863,0.081414
ACTCCCATTCCTAAAG-1,0.000089,0.000089,0.000089,0.000089,0.000089,0.074781,0.223975,0.700799
ACTCCCGAATTCGTTT-1,0.000075,0.000075,0.000075,0.000075,0.000075,0.000075,0.141377,0.858172
ACTCCCGTAGACTAGG-1,0.000052,0.000052,0.000052,0.000052,0.000052,0.019984,0.248395,0.731359
ACTCCCTAATGCTAAA-1,0.00007,0.00007,0.00007,0.00007,0.00007,0.050252,0.169959,0.779439
ACTCCCTAGAATAGTA-1,0.000033,0.000033,0.004565,0.000033,0.000033,0.186518,0.000871,0.807916
ACTCCGGCCGACCACT-1,0.000029,0.000029,0.000029,0.000029,0.000549,0.248333,0.022374,0.728627
ACTCGATGTATTTCAT-1,0.000097,0.000097,0.000097,0.000097,0.107129,0.013214,0.265739,0.613529
ACTCGCCGTTCGATAA-1,0.000117,0.000117,0.83291,0.000117,0.000117,0.000117,0.165924,0.000583
ACTCGCGATCTGACGC-1,0.000054,0.000054,0.000054,0.000054,0.000054,0.186677,0.031998,0.781054
ACTCGTAACCCGTCCT-1,0.000078,0.000078,0.000078,0.000078,0.000078,0.027775,0.119823,0.85201
ACTCGTCAGTAATCCC-1,0.000015,0.000015,0.000015,0.787765,0.019009,0.017439,0.000015,0.175725
ACTCTAAACCTGGGAT-1,0.00011,0.00011,0.00011,0.00011,0.00011,0.017597,0.530789,0.451064
ACTCTCTGACTTAGGT-1,0.000055,0.000055,0.000055,0.071657,0.000055,0.014049,0.000055,0.914017
ACTCTGACCTAATAGA-1,0.000128,0.000128,0.380395,0.000128,0.000128,0.034388,0.163009,0.421696
ACTCTTCAGCTCCCGC-1,0.000043,0.000043,0.000043,0.000043,0.000043,0.00273,0.135379,0.861676
ACTCTTGTATAGTAAC-1,0.000113,0.000113,0.000113,0.035082,0.054855,0.046039,0.292993,0.570691
ACTGAAACGCCGTTAG-1,0.000092,0.000092,0.000092,0.005266,0.000092,0.006792,0.411154,0.576419
ACTGAATGGCGAAAGT-1,0.000143,0.000143,0.0846,0.000143,0.000143,0.000143,0.913968,0.000716
ACTGCCGTCGTAACTC-1,0.000239,0.000239,0.073162,0.000239,0.000239,0.000239,0.013768,0.911873
ACTGCGGACACACCGT-1,0.000028,0.000028,0.000028,0.000028,0.030466,0.033062,0.013589,0.922769
ACTGCTCGGAAGGATG-1,0.000028,0.000028,0.002531,0.000028,0.000028,0.463066,0.026178,0.508111
ACTGTAGCACTTTGGA-1,0.000065,0.000065,0.000065,0.000065,0.005674,0.066628,0.009642,0.917796
ACTGTATACGCGAGCA-1,0.000152,0.000152,0.000152,0.000152,0.000152,0.206004,0.792481,0.000758
ACTGTCCAGGATTATA-1,0.000068,0.000068,0.000068,0.002944,0.000068,0.074754,0.062985,0.859045
ACTGTCTTCTTTAGAA-1,0.000023,0.000023,0.000023,0.044358,0.02095,0.065422,0.001812,0.867388
ACTGTGCTAGTAGATC-1,0.000078,0.000078,0.000078,0.000078,0.000078,0.073849,0.155336,0.770426
ACTGTTTAGTGTAGGC-1,0.00012,0.00012,0.00012,0.00012,0.00012,0.004783,0.037443,0.957173
ACTTACGCATCCACGC-1,0.000109,0.000109,0.000109,0.000109,0.001699,0.028573,0.23173,0.737562
ACTTAGTACGACAAGA-1,0.000024,0.000024,0.000024,0.000024,0.000024,0.684901,0.015827,0.299151
ACTTATACTTACCCGG-1,0.000027,0.000027,0.000027,0.000027,0.000882,0.061152,0.057568,0.880289
ACTTATCTGATCTATA-1,0.000179,0.000179,0.042705,0.000179,0.000179,0.000179,0.955503,0.000896
ACTTATTAGGATCGGT-1,0.000058,0.000058,0.000058,0.000058,0.000058,0.055303,0.000058,0.944349
ACTTATTTATGTGCCA-1,0.000046,0.000046,0.053371,0.016357,0.000046,0.01955,0.002914,0.907669
ACTTCAGGCTGATCCC-1,0.000078,0.000078,0.000078,0.000078,0.000078,0.006704,0.479312,0.513592
ACTTCCATGCGGGACA-1,0.000163,0.000163,0.000163,0.045663,0.000163,0.000163,0.338499,0.615021
ACTTCGCTAGCGAGTG-1,0.000047,0.000047,0.000047,0.000047,0.000047,0.018265,0.241582,0.73992
ACTTGACTCCCTCTTT-1,0.000029,0.000029,0.024102,0.039513,0.000029,0.145595,0.000029,0.790675
ACTTGCCATATTGTAC-1,0.000119,0.000119,0.000119,0.000119,0.000119,0.004143,0.266205,0.729056
ACTTGGGACCCGGTGG-1,0.000056,0.000056,0.000056,0.000056,0.000056,0.085866,0.10994,0.803917
ACTTGTAGTCCCTTCA-1,0.000173,0.000173,0.000173,0.000173,0.036653,0.174156,0.275838,0.512663
ACTTGTGGATGGAACG-1,0.000006,0.000006,0.000006,0.00166,0.000006,0.98399,0.000006,0.014322
ACTTTACCCTCATGAA-1,0.000027,0.000027,0.000027,0.01778,0.003221,0.257886,0.013809,0.707224
ACTTTCCTATAGCTTC-1,0.000049,0.000049,0.000049,0.084119,0.051781,0.182864,0.024643,0.656444
ACTTTGACTGCATCCT-1,0.000066,0.000066,0.000066,0.00969,0.039887,0.084692,0.047408,0.818126
ACTTTGTCGACGCACT-1,0.000155,0.000155,0.000155,0.000155,0.168906,0.13867,0.218757,0.473048
AGAAATTATGACTCGC-1,0.000031,0.000031,0.027258,0.000031,0.010423,0.425753,0.000031,0.536444
