Barcode,Topic 1,Topic 2,Topic 3to4,Topic 5,Topic 6to10
AAACACCAATAACTGC-1,0.000105,0.316001,0.170281,0.000105,0.513508
AAACAGAGCGACTCCT-1,0.000034,0.21047,0.294476,0.000034,0.494985
AAACAGCTTTCAGAAG-1,0.000032,0.860215,0.139558,0.000032,0.000162
AAACAGGGTCTATATT-1,0.000008,0.071715,0.019354,0.000008,0.908916
AAACCGGGTAGGTACC-1,0.000007,0.052719,0.119908,0.000007,0.827358
AAACCTCATGAAGTTG-1,0.000012,0.12156,0.147833,0.000012,0.730583
AAACGAGACGGTTGAT-1,0.000013,0.02918,0.531567,0.000013,0.439226
AAACGGTTGCGAACTG-1,0.000136,0.546347,0.281073,0.000136,0.172308
AAACGTGTTCGCCCTA-1,0.000102,0.556958,0.055817,0.000102,0.387022
AAACTAACGTGGCGAC-1,0.000667,0.860317,0.135015,0.000667,0.003334
AAACTCGGTTCGCAAT-1,0.000081,0.140663,0.453672,0.000081,0.405504
AAACTGCTGGCTCCAA-1,0.000042,0.227472,0.44612,0.000042,0.326324
AAACTTAATTGCACGC-1,0.000053,0.94506,0.054572,0.000053,0.000263
AAACTTGCAAACGTAT-1,0.000006,0.034134,0.003935,0.000006,0.961919
AAAGACCCAAGTCGCG-1,0.000043,0.372076,0.62762,0.000043,0.000217
AAAGGGATGTAGCAAG-1,0.00003,0.100186,0.383859,0.00003,0.515896
AAAGGGCAGCTTGAAT-1,0.000036,0.553144,0.353412,0.000036,0.093371
AAAGGTAAGCTGTACC-1,0.000347,0.000347,0.213097,0.000347,0.785861
AAAGTAGCATTGCTCA-1,0.000092,0.570969,0.428388,0.000092,0.000459
AAAGTCGACCCTCAGT-1,0.000005,0.000005,0.000009,0.000005,0.999977
AAATAACCATACGGGA-1,0.000114,0.066889,0.932313,0.000114,0.00057
AAATACCTATAAGCAT-1,0.000017,0.084619,0.301766,0.000017,0.613582
AAATAGCTTAGACTTT-1,0.000045,0.542269,0.45742,0.000045,0.000223
AAATAGGGTGCTATTG-1,0.000012,0.000804,0.063806,0.000012,0.935367
AAATGCTCGTTACGTT-1,0.000065,0.869147,0.057362,0.000065,0.073362
AAATGGCATGTCTTGT-1,0.000167,0.037293,0.000334,0.000167,0.962039
AAATGGCCCGTGCCCT-1,0.00003,0.199599,0.544722,0.00003,0.255618
AAATTAACGGGTAGCT-1,0.000051,0.245256,0.38609,0.000051,0.368552
AAATTAATAAGCGCGA-1,0.000011,0.529837,0.156812,0.000011,0.313328
AAATTACACGACTCTG-1,0.000083,0.490836,0.508581,0.000083,0.000416
AAATTACCTATCGATG-1,0.000024,0.150263,0.580277,0.000024,0.269411
AAATTTGCGGGTGTGG-1,0.000005,0.047845,0.021288,0.000005,0.930857
AACAACTGGTAGTTGC-1,0.000047,0.349135,0.33999,0.000047,0.31078
AACAATTACTCTACGC-1,0.00007,0.029748,0.923611,0.00007,0.0465
AACACACGCTCGCCGC-1,0.000023,0.127097,0.295354,0.000023,0.577503
AACACGAGACGCGGCC-1,0.000053,0.011656,0.854424,0.000053,0.133814
AACAGGAAATCGAATA-1,0.000029,0.109563,0.129709,0.000029,0.760671
AACAGGATGGGCCGCG-1,0.000012,0.161991,0.139019,0.000012,0.698967
AACATATCAACTGGTG-1,0.000017,0.093526,0.176839,0.000017,0.729602
AACCAAGACTTCTCTG-1,0.000006,0.00445,0.102479,0.000006,0.893058
AACCATAGGGTTGAAC-1,0.000044,0.9996,0.000089,0.000044,0.000222
AACCATGGGATCGCTA-1,0.000056,0.62405,0.375557,0.000056,0.000281
AACCCAGAGACGGAGA-1,0.000097,0.42565,0.573674,0.000097,0.000483
AACCCATCCCATGATC-1,0.000129,0.77482,0.007982,0.000129,0.21694
AACCCTACTGTCAATA-1,0.000029,0.222488,0.375471,0.000029,0.401982
AACCGAGCTTGGTCAT-1,0.000039,0.000039,0.404175,0.000039,0.595708
AACCGCTAAGGGATGC-1,0.000027,0.067879,0.353983,0.001029,0.577081
AACCGTTGTGTTTGCT-1,0.0001,0.699543,0.299754,0.0001,0.000502
AACCTCGCTTTAGCCC-1,0.00014,0.188552,0.585668,0.00014,0.2255
AACCTTTAAATACGGT-1,0.00006,0.414452,0.418245,0.00006,0.167182
AACCTTTACGACGTCT-1,0.000091,0.556723,0.27279,0.000091,0.170305
AACGAAAGTCGTCCCA-1,0.000027,0.755827,0.000054,0.000027,0.244064
AACGATAATGCCGTAG-1,0.000059,0.163852,0.459865,0.000059,0.376166
AACGATATGTCAACTG-1,0.000213,0.29411,0.215246,0.471717,0.018714
AACGCATGATCTGGGT-1,0.000068,0.267599,0.384594,0.000068,0.347671
AACGCGAACGGCAACA-1,0.000018,0.75598,0.243894,0.000018,0.00009
AACGCGGTCTCCAGCC-1,0.000265,0.374119,0.527045,0.000265,0.098306
AACGCTGTTGCTGAAA-1,0.000107,0.150119,0.59605,0.000107,0.253617
AACGGACGTACGTATA-1,0.000019,0.191954,0.37075,0.000019,0.437258
AACGTCAGACTAGTGG-1,0.000021,0.280459,0.282171,0.000021,0.437329
AACGTGATGAAGGACA-1,0.000322,0.171451,0.575549,0.000322,0.252357
AACGTGCGAAAGTCTC-1,0.000006,0.033027,0.139293,0.000006,0.827667
AACGTTATCAGCACCT-1,0.000592,0.319289,0.602423,0.000592,0.077104
AACTAGGCTTGGGTGT-1,0.000031,0.517957,0.170923,0.000031,0.311058
AACTCAAGTTAATTGC-1,0.000023,0.229115,0.420473,0.000023,0.350366
AACTCCTAATCCCATG-1,0.000162,0.586829,0.412038,0.000162,0.000809
AACTCGATAAACACGT-1,0.00082,0.00082,0.993441,0.00082,0.004099
AACTCGATGGCGCAGT-1,0.000073,0.784411,0.02361,0.000073,0.191831
AACTCTCAATAGAGCG-1,0.000024,0.121976,0.362516,0.000024,0.515461
AACTGAGGTCAGCGTC-1,0.001111,0.542015,0.450205,0.001111,0.005557
AACTGATATTAGGCCT-1,0.000194,0.358974,0.244473,0.000194,0.396165
AACTGGGTCCCGACGT-1,0.000117,0.0057,0.944226,0.000117,0.04984
AACTTCTGCGTCTATC-1,0.000033,0.734009,0.155429,0.000033,0.110496
AACTTGCCCGTATGCA-1,0.000006,0.056602,0.000353,0.000006,0.943033
AACTTGCGTTCTCGCG-1,0.000076,0.867818,0.000152,0.000076,0.131879
AACTTTACGGGAGCTT-1,0.000051,0.318966,0.393968,0.000051,0.286964
AAGAAGGATCAGTTAG-1,0.000029,0.372747,0.01498,0.000029,0.612214
AAGACCAAATAACTCA-1,0.000161,0.848633,0.077245,0.000161,0.0738
AAGACTGCAAGCTACT-1,0.000017,0.0557,0.060951,0.000017,0.883315
AAGAGATGAATCGGTA-1,0.000034,0.305742,0.44991,0.000034,0.24428
AAGAGCTCTTTATCGG-1,0.00001,0.010338,0.152844,0.00001,0.836797
AAGAGGATGTACGCGA-1,0.000015,0.118716,0.323311,0.000015,0.557942
AAGAGGCATGGATCGC-1,0.000022,0.032945,0.840117,0.000022,0.126893
AAGATTGGCGGAACGT-1,0.000028,0.352338,0.457649,0.000028,0.189958
AAGCATACTCTCCTGA-1,0.000108,0.053242,0.472265,0.000108,0.474276
AAGCGGAGTGCGCGCA-1,0.000033,0.640342,0.35943,0.000033,0.000163
AAGCGGCGTCATGGGT-1,0.000082,0.614809,0.384616,0.000082,0.000411
AAGCTAGATCGAGTAA-1,0.000019,0.079152,0.251666,0.000019,0.669143
AAGCTCGTGCCAAGTC-1,0.000054,0.371212,0.372115,0.000054,0.256565
AAGCTCTTTCATGGTG-1,0.000098,0.022341,0.384902,0.000098,0.592561
AAGGATGAGGGACCTC-1,0.000022,0.229663,0.195951,0.000022,0.574342
AAGGCGCGTAAAGCTT-1,0.000027,0.243779,0.364361,0.000027,0.391806
AAGGGAACGACTGGCT-1,0.00006,0.297436,0.2216,0.00006,0.480844
AAGGGACAGATTCTGT-1,0.000029,0.400085,0.314408,0.000029,0.285449
AAGGTATCCTAATATA-1,0.000035,0.318244,0.573222,0.000035,0.108464
AAGGTGATAAACCAGC-1,0.000032,0.136152,0.294526,0.000032,0.569258
AAGTAGAAGACCGGGT-1,0.000123,0.370898,0.247388,0.000123,0.381468
AAGTAGTGACGCGAGG-1,0.000015,0.110431,0.15932,0.000015,0.73022
AAGTCTTCTGTGGCCT-1,0.000135,0.454643,0.141128,0.000135,0.40396
AAGTGACGACCGAATT-1,0.00001,0.069455,0.146117,0.00001,0.784407
AAGTGCGTTAGAATCT-1,0.000339,0.746016,0.135213,0.000339,0.118093
AAGTGTTTGGAGACGG-1,0.000334,0.000335,0.997324,0.000335,0.001673
AAGTTCACTCCAAGCT-1,0.001163,0.398628,0.593231,0.001163,0.005815
AAGTTCGGCCAACAGG-1,0.000025,0.14829,0.701613,0.000025,0.150046
AAGTTTATGGGCCCAA-1,0.000071,0.188361,0.528501,0.000071,0.282996
AATAACAACGCTCGGC-1,0.000009,0.101621,0.2133,0.000009,0.685061
AATACAATGTTTCAGG-1,0.00005,0.999547,0.000101,0.00005,0.000252
AATAGAATCTGTTTCA-1,0.000013,0.030634,0.427096,0.000013,0.542244
AATAGCAAGCCTCCTG-1,0.000018,0.000018,0.007221,0.000018,0.992726
AATAGTCGCGAGTCGG-1,0.000021,0.691706,0.14533,0.000021,0.162923
AATATCAAGGTCGGAT-1,0.000029,0.332027,0.504574,0.000029,0.163341
AATATCGAGGGTTCTC-1,0.000053,0.448139,0.428594,0.000053,0.123161
AATATTGGAGTATTGA-1,0.000091,0.282282,0.361508,0.000091,0.356027
AATCCAAGGGCCTGAG-1,0.000078,0.323758,0.58715,0.000078,0.088935
AATCCATGCAAGGGTG-1,0.000068,0.46678,0.198555,0.000068,0.334529
AATCGCCTCAGCGCCA-1,0.000008,0.002281,0.059193,0.000008,0.93851
AATCTAGGTTTACTTG-1,0.000032,0.150433,0.104327,0.000032,0.745176
AATCTCTACTGTGGTT-1,0.000357,0.150876,0.846623,0.000357,0.001786
AATCTGCGTTGGGACG-1,0.000026,0.350598,0.2517,0.000026,0.397651
AATCTGGCTTTCTAGT-1,0.000052,0.32414,0.521872,0.000052,0.153884
AATGACAGCAATGTCT-1,0.000031,0.138305,0.805429,0.000031,0.056203
AATGACGTAGGATGTC-1,0.000014,0.096446,0.192323,0.000014,0.711204
AATGAGTTCGCATATG-1,0.000024,0.204573,0.10016,0.000024,0.695219
AATGATGATACGCTAT-1,0.000027,0.337085,0.241083,0.000027,0.421779
AATGATGCGACTCCTG-1,0.000026,0.175084,0.157535,0.000026,0.66733
AATGCAACCGGGTACC-1,0.000019,0.712992,0.024472,0.000019,0.262498
AATGCACCAAGCAATG-1,0.000017,0.238382,0.229817,0.000017,0.531767
AATGGTCCACCGTTCA-1,0.000047,0.36222,0.478587,0.000047,0.159098
AATGGTTCTCACAAGC-1,0.000025,0.262998,0.377178,0.000025,0.359773
AATGTATGGCACTGTA-1,0.000046,0.99959,0.000091,0.000046,0.000228
AATGTGCCCGAGGTGT-1,0.000163,0.183344,0.658757,0.000163,0.157573
AATTAACGGATTTCCA-1,0.000015,0.018314,0.2796,0.000015,0.702057
AATTACTCGTACGCTC-1,0.000398,0.185198,0.812012,0.000398,0.001993
AATTAGCGCTGCAGCG-1,0.000008,0.044738,0.063002,0.000008,0.892245
AATTCATAAGGGATCT-1,0.00003,0.450322,0.338454,0.00003,0.211164
AATTCATTGTCATGCA-1,0.000038,0.470021,0.000075,0.000038,0.529828
AATTCCAACTTGGTGA-1,0.000039,0.13082,0.868905,0.000039,0.000197
AATTCTAGAGTTAGGC-1,0.000028,0.322756,0.365851,0.000028,0.311336
AATTGAACGCTCTGGT-1,0.000025,0.252667,0.556829,0.000025,0.190453
AATTGCGTGGATTACA-1,0.000058,0.99948,0.000116,0.000058,0.000289
AATTTGGGACATAGTA-1,0.000135,0.424504,0.473388,0.000135,0.101838
AATTTGGTTCCAAAGA-1,0.000113,0.454422,0.387573,0.000113,0.157779
ACAAACCATGCGTCCT-1,0.000157,0.998589,0.000314,0.000157,0.000784
ACAAATCGCACCGAAT-1,0.000043,0.346612,0.243651,0.000043,0.409651
ACAAATGGTAGTGTTT-1,0.000023,0.124597,0.642605,0.000023,0.232752
ACAAATTCAGATCTGA-1,0.000431,0.246285,0.504162,0.000431,0.248691
ACAACAGCATGAGCTA-1,0.000364,0.334669,0.210315,0.000364,0.454289
ACAACGGTCCCTGCGA-1,0.000055,0.584106,0.415508,0.000055,0.000276
ACAAGCAGTGCCTAGC-1,0.000041,0.250321,0.52352,0.000041,0.226077
ACAAGGAAATCCGCCC-1,0.000143,0.15277,0.487012,0.000143,0.359931
ACAAGGACAAGAGGTT-1,0.000027,0.364682,0.500637,0.000027,0.134627
ACAAGGATGCTTTAGG-1,0.000115,0.470765,0.324423,0.000115,0.204583
ACAAGGGCAGGCTCTG-1,0.000005,0.000393,0.039426,0.000005,0.960172
ACAATAGTCGTACGTT-1,0.000038,0.149876,0.30826,0.000038,0.541788
ACAATCCATTTAAACC-1,0.000017,0.200784,0.427759,0.000017,0.371424
ACAATGATTCTTCTAC-1,0.000199,0.007439,0.349811,0.000199,0.642352
ACAATTTGAGCAGTGG-1,0.000032,0.347312,0.605407,0.000032,0.047217
ACACAAATATTCCTAG-1,0.000095,0.394494,0.388092,0.000095,0.217224
ACACACCAGGACCAGT-1,0.00004,0.316858,0.532321,0.00004,0.150741
ACACACTTTCTACACG-1,0.000053,0.310713,0.390422,0.000053,0.298758
ACACATGATCAAATCT-1,0.000442,0.309059,0.687843,0.000443,0.002213
ACACATTGACGCAACA-1,0.000581,0.081409,0.914521,0.000582,0.002908
ACACATTTCCGTAGAC-1,0.000055,0.216945,0.628472,0.000055,0.154472
ACACCCGAGAAATCCG-1,0.00004,0.598507,0.39731,0.00004,0.004103
ACACCGAGCGCTCTTT-1,0.000282,0.953827,0.044201,0.000282,0.001409
ACACCGGTCTGACCGC-1,0.000197,0.997746,0.000876,0.000197,0.000985
ACACCTTAAGTAGGGC-1,0.000065,0.268749,0.341279,0.135742,0.254165
ACACGAGACTCCTTCT-1,0.00007,0.421639,0.441933,0.00007,0.136289
ACACGGGAACTTAGGG-1,0.000124,0.551954,0.397086,0.000124,0.050712
ACACTCCAATGTCACT-1,0.000045,0.999595,0.00009,0.000045,0.000225
ACAGAACTGAGAACAA-1,0.000299,0.19086,0.768907,0.000299,0.039636
ACAGCGCACCCGCAGC-1,0.00007,0.281066,0.612142,0.00007,0.106652
ACAGGCTTGCCCGACT-1,0.000183,0.000183,0.998537,0.000183,0.000914
ACAGTAATACAACTTG-1,0.000033,0.128935,0.656649,0.000033,0.214351
ACATAAGTCGTGGTGA-1,0.000035,0.364997,0.105539,0.000035,0.529394
ACATAATAAGGCGGTG-1,0.000047,0.807418,0.097838,0.000047,0.09465
ACATCGATCGTTTACC-1,0.000022,0.483813,0.085613,0.000022,0.43053
ACATCGGTCAGCCGCG-1,0.000019,0.068335,0.412976,0.031605,0.487065
ACATCGTATGCAATGG-1,0.000011,0.029839,0.118273,0.000011,0.851865
ACATCGTTAACCTAGT-1,0.000136,0.429995,0.329916,0.000136,0.239817
ACATGGCTCAATTTAG-1,0.000483,0.202825,0.793792,0.000483,0.002416
ACATTAGTTTATATCC-1,0.000014,0.15029,0.065753,0.000014,0.78393
ACCAATATGCAAGTTA-1,0.000103,0.165483,0.466639,0.000103,0.367673
ACCACGTGCAGCTATA-1,0.0001,0.267468,0.287971,0.0001,0.44436
ACCACTGTTCAAGAAG-1,0.000056,0.908117,0.091491,0.000056,0.00028
ACCAGACCATAACAAC-1,0.000059,0.766581,0.233007,0.000059,0.000294
ACCAGTGCCCGGTCAA-1,0.000089,0.33966,0.247062,0.000089,0.4131
ACCATCCGCCAACTAG-1,0.000131,0.166099,0.498123,0.000131,0.335516
ACCATCGTATATGGTA-1,0.00011,0.216746,0.295454,0.00011,0.487581
ACCATTAAGGGTGTCA-1,0.000052,0.6484,0.000105,0.000052,0.35139
ACCCAACGCCCGTGGC-1,0.000031,0.343405,0.579298,0.000031,0.077235
ACCCACCTACATGCTC-1,0.000051,0.244225,0.746355,0.000051,0.009318
ACCCATCTTGAGGGTA-1,0.000026,0.234014,0.469001,0.000026,0.296932
ACCCGGAAACTCCCAG-1,0.000014,0.182697,0.268991,0.000014,0.548284
ACCCTATAGGACTGAG-1,0.000065,0.999415,0.00013,0.000065,0.000325
ACCCTCCCTTGCTATT-1,0.00003,0.299137,0.440247,0.00003,0.260557
ACCCTTCATCTGCGAA-1,0.000518,0.394028,0.20049,0.000518,0.404445
ACCGAAGAGTCTGGTT-1,0.000076,0.957724,0.000152,0.000076,0.041971
ACCGACACATCTCCCA-1,0.000032,0.155347,0.812082,0.000032,0.032508
ACCGACTGAGTCCCAC-1,0.000035,0.013878,0.531394,0.000035,0.454659
ACCGATGGTAGCATCG-1,0.000039,0.428992,0.446795,0.000039,0.124136
ACCGCAATAACTGCCT-1,0.000694,0.452614,0.542523,0.000695,0.003473
ACCGGTCAGGTACACC-1,0.000463,0.499728,0.093499,0.000463,0.405848
ACCGGTCTGAGTACGG-1,0.000113,0.430116,0.543612,0.000113,0.026046
ACCTAAGTACCTTTCA-1,0.000053,0.266275,0.733355,0.000053,0.000264
ACCTAATCGACTTCCT-1,0.000014,0.102254,0.324112,0.000014,0.573607
ACCTCGAACTTATGCT-1,0.000067,0.175611,0.000135,0.000067,0.824119
ACCTGCGTGTCATGTT-1,0.00001,0.205173,0.00002,0.00001,0.794788
ACGAAATGGGCGGCAC-1,0.000041,0.297644,0.477631,0.000041,0.224644
ACGAGAACCCATCACG-1,0.000039,0.305824,0.337613,0.000039,0.356486
ACGAGATATTTGCTTA-1,0.000062,0.230771,0.058803,0.000062,0.710303
ACGAGGATACCACTCT-1,0.000037,0.268547,0.483921,0.000037,0.247458
ACGAGGTTTACAACGT-1,0.00038,0.494772,0.502566,0.00038,0.001902
ACGAGTACGGATGCCC-1,0.000046,0.336537,0.50714,0.000046,0.15623
ACGAGTCGCCGGCGTT-1,0.000037,0.202007,0.788128,0.000037,0.009791
ACGATACATAGAACTA-1,0.000036,0.043157,0.125529,0.000036,0.831241
ACGATCATACATAGAG-1,0.000035,0.67261,0.131636,0.000035,0.195683
ACGATCATCTTGTAAA-1,0.000039,0.533746,0.426355,0.000039,0.03982
ACGATGCATATGTTAT-1,0.00002,0.336738,0.403155,0.00002,0.260066
ACGATGGATCCGATGC-1,0.000053,0.409439,0.274695,0.000053,0.315759
ACGCATAAATGACATG-1,0.000056,0.214058,0.165631,0.000056,0.620199
ACGCATTCGTGAGTAC-1,0.00003,0.131681,0.085563,0.00003,0.782696
ACGCCAGATGATTTCT-1,0.000719,0.559753,0.43521,0.00072,0.003598
ACGCCGCTAGACGACC-1,0.000048,0.102722,0.632379,0.000048,0.264804
ACGCGAAGTCAGACGA-1,0.000055,0.303477,0.468024,0.000055,0.22839
ACGCGCTACACAGGGT-1,0.000015,0.042317,0.446546,0.000015,0.511107
ACGCGGGCCAAGGACA-1,0.000021,0.335773,0.247957,0.000021,0.416227
ACGCGTTTCTTAAGAG-1,0.00003,0.728938,0.138394,0.00003,0.132608
ACGCTAGTGATACACT-1,0.000057,0.702051,0.258387,0.000057,0.039448
ACGCTGTGAGGCGTAG-1,0.000051,0.100534,0.599111,0.000051,0.300252
ACGGAATTTAGCAAAT-1,0.000039,0.535554,0.295869,0.000039,0.168499
ACGGATGGTGCGGATA-1,0.000048,0.000048,0.794848,0.000048,0.205008
ACGGCACTTGCTTGGG-1,0.00003,0.295458,0.283282,0.00003,0.421199
ACGGCGACGATGGGAA-1,0.000452,0.000453,0.830931,0.000453,0.167711
ACGGCTGGATGTAGAA-1,0.000045,0.536717,0.000091,0.000045,0.463102
ACGGGAGTGTCGGCCC-1,0.000287,0.000287,0.965112,0.000287,0.034026
ACGGGTCATGTGACTT-1,0.000051,0.000051,0.000102,0.000051,0.999746
ACGGTCACCGAGAACA-1,0.000016,0.120086,0.019588,0.000016,0.860293
ACGTACAGATTTCTCT-1,0.000148,0.395902,0.122509,0.000148,0.481293
ACGTAGATTGCTGATG-1,0.000037,0.009807,0.048519,0.000037,0.941601
ACGTCTCGTTCCGGGA-1,0.000023,0.666087,0.000046,0.000023,0.333821
ACGTGCGCCTCGTGCA-1,0.000015,0.101078,0.008899,0.000015,0.889992
ACGTTAATGTCGAAGA-1,0.000011,0.019247,0.134294,0.000011,0.846436
ACGTTAGATTTGCCCG-1,0.000028,0.20356,0.699679,0.000028,0.096706
ACGTTATTGGTCACTC-1,0.000235,0.172752,0.269763,0.000235,0.557016
ACGTTTAGTTGTGATC-1,0.000173,0.155579,0.294629,0.000173,0.549445
ACTAAGGACGCACACC-1,0.000013,0.17281,0.269035,0.000013,0.558129
ACTAATACGTCAGGCG-1,0.000051,0.73043,0.199801,0.000051,0.069667
ACTACATCCCGACAAG-1,0.000256,0.408352,0.589858,0.000256,0.001279
ACTACCAGCTCTCTGG-1,0.000032,0.332022,0.373736,0.000032,0.294178
ACTATATGCTGTGTTC-1,0.000049,0.278987,0.260181,0.000049,0.460733
ACTATTCGTCCGTGGT-1,0.000441,0.350274,0.646641,0.000441,0.002203
ACTCAACGAATGTATT-1,0.000063,0.340264,0.324338,0.000063,0.335271
ACTCAAGTGCAAGGCT-1,0.000087,0.188647,0.739118,0.000087,0.072061
ACTCAATAAAGGCACG-1,0.000017,0.061894,0.131701,0.000017,0.806372
ACTCAGACCTGCTTCT-1,0.000055,0.407885,0.591729,0.000055,0.000275
ACTCATGGCAGCCTTC-1,0.000064,0.25683,0.088053,0.000064,0.654989
ACTCCCATTCCTAAAG-1,0.000018,0.218269,0.002216,0.000018,0.779479
ACTCCCGAATTCGTTT-1,0.000021,0.075356,0.042586,0.000021,0.882015
ACTCCCTAATGCTAAA-1,0.000032,0.134059,0.319331,0.000032,0.546546
ACTCCCTAGAATAGTA-1,0.000031,0.133748,0.252843,0.000031,0.613348
ACTCGATGTATTTCAT-1,0.00051,0.00051,0.745019,0.00051,0.25345
ACTCGTAACCCGTCCT-1,0.000309,0.002258,0.995581,0.000309,0.001544
ACTCGTCAGTAATCCC-1,0.000018,0.170524,0.383072,0.000018,0.446368
ACTCTCTGACTTAGGT-1,0.000005,0.000005,0.005568,0.000005,0.994416
ACTCTCTTATACACGA-1,0.000119,0.213101,0.633333,0.00012,0.153326
ACTCTTGTATAGTAAC-1,0.000038,0.19802,0.406453,0.000038,0.395451
ACTGAATGGCGAAAGT-1,0.00002,0.143821,0.553967,0.00002,0.302173
ACTGCCGTCGTAACTC-1,0.000725,0.402464,0.592462,0.000725,0.003624
ACTGCTCGGAAGGATG-1,0.000013,0.406551,0.015715,0.000013,0.577708
ACTGGCGAACCTGCGT-1,0.000025,0.229607,0.31284,0.000025,0.457503
ACTGTACGATACACAT-1,0.000017,0.119715,0.392279,0.000017,0.487971
ACTGTAGCACTTTGGA-1,0.000039,0.369984,0.505003,0.000039,0.124935
ACTGTATACGCGAGCA-1,0.00008,0.525891,0.473551,0.00008,0.000399
ACTGTCTTCTTTAGAA-1,0.000016,0.517142,0.000542,0.000016,0.482284
ACTGTGCTAGTAGATC-1,0.000198,0.735113,0.263498,0.000198,0.000992
ACTTACCGGGCGCGCA-1,0.000042,0.263451,0.448422,0.000042,0.288043
ACTTAGTACGACAAGA-1,0.00006,0.999389,0.000188,0.00006,0.000302
ACTTATACTTACCCGG-1,0.000039,0.316452,0.597332,0.000039,0.086138
ACTTATTTATGTGCCA-1,0.000022,0.081919,0.572172,0.000022,0.345864
ACTTCAGGCTGATCCC-1,0.000461,0.000461,0.724015,0.000461,0.274603
ACTTCCATGCGGGACA-1,0.000072,0.472254,0.527242,0.000072,0.00036
ACTTCGCCATACGCAC-1,0.000116,0.320512,0.678675,0.000116,0.00058
ACTTGACTCCCTCTTT-1,0.000012,0.001396,0.137885,0.000012,0.860696
ACTTGTAGTCCCTTCA-1,0.000023,0.056393,0.397191,0.000023,0.546369
ACTTTACCCTCATGAA-1,0.000061,0.340035,0.645753,0.000061,0.01409
ACTTTCCTATAGCTTC-1,0.00008,0.004631,0.540543,0.00008,0.454667
ACTTTGACTGCATCCT-1,0.000244,0.484903,0.498117,0.000245,0.016491
ACTTTGGTCGTGCTCC-1,0.000151,0.463092,0.273598,0.000151,0.263009
AGAACCCTCAATTGGG-1,0.000012,0.263087,0.000024,0.000012,0.736866
AGAACGTGGTACATTC-1,0.000105,0.319341,0.672086,0.000105,0.008364
AGAAGAGCGCCGTTCC-1,0.000101,0.068228,0.552532,0.000101,0.379037
AGAAGGTACACTTCAC-1,0.00009,0.11279,0.424562,0.00009,0.462468
AGAAGTGATTCGTGAT-1,0.000053,0.76389,0.00599,0.000053,0.230013
AGAATAAATCTTCAGG-1,0.000043,0.073993,0.088546,0.000043,0.837375
AGAATGCGGGTTCGGA-1,0.000016,0.083989,0.416428,0.000016,0.499551
AGAATTATGGATTCGA-1,0.000042,0.559165,0.439713,0.000042,0.001038
AGAATTGTTTGACATA-1,0.000069,0.979082,0.020436,0.000069,0.000344
AGACAGCTCAGAATCC-1,0.000048,0.365248,0.43522,0.000048,0.199436
AGACCAAACCACACCT-1,0.000015,0.839523,0.000384,0.000015,0.160063
AGACCATGGGATACAA-1,0.000026,0.502102,0.113261,0.000026,0.384585
AGACCCACCGCTGATC-1,0.000036,0.204054,0.643664,0.000036,0.15221
AGACCGGGAAACCCTG-1,0.000038,0.285801,0.562717,0.000038,0.151407
AGACGGGCCGATTTAA-1,0.000052,0.475036,0.379843,0.000052,0.145016
AGAGAACCGTCTAGGA-1,0.000023,0.270118,0.436378,0.000023,0.293459
AGAGATCTCTAAAGCG-1,0.000029,0.140397,0.682267,0.000029,0.177278
AGAGCAGTTATGAGAC-1,0.00011,0.723446,0.096834,0.00011,0.179499
AGAGCGGGCTAATCAT-1,0.000015,0.021094,0.107707,0.000015,0.871168
AGAGCGTACAAGCTCG-1,0.000079,0.703218,0.296227,0.000079,0.000396
AGAGCTACGAAAGCAT-1,0.003846,0.629157,0.007695,0.003847,0.355454
AGAGGGACAATTGTCC-1,0.000039,0.120292,0.717777,0.000039,0.161853
AGAGTTAGAGACCGAT-1,0.00026,0.56628,0.431323,0.00026,0.001877
AGAGTTGCAGGCCTCC-1,0.000027,0.300442,0.316817,0.000027,0.382688
AGATAACTTCAGGGCC-1,0.000016,0.155573,0.262496,0.000016,0.581899
AGATACCGGTGTTCAC-1,0.00003,0.237952,0.671592,0.00003,0.090397
AGATACGACTTCATAT-1,0.000071,0.926171,0.073328,0.000071,0.000357
AGATACTCAAGATCGA-1,0.000012,0.016241,0.237121,0.000012,0.746615
AGATCGTGCATAAGAT-1,0.000024,0.360865,0.289604,0.000024,0.349483
AGATCTCAGGTGTGAT-1,0.000137,0.046752,0.952292,0.000137,0.000683
AGATGAGGGTTGCGAT-1,0.000036,0.290612,0.447293,0.000036,0.262024
AGATGATGGAGTCTGG-1,0.000052,0.479855,0.497565,0.000052,0.022476
AGATGCAAGACGTGCA-1,0.000131,0.018817,0.864673,0.000131,0.116249
AGATGCATCCTGTGTC-1,0.000031,0.617888,0.131879,0.000031,0.250171
AGATGCTATAACGAGC-1,0.000033,0.319365,0.680404,0.000033,0.000165
AGATTCACAACCGATA-1,0.000105,0.094234,0.773411,0.000105,0.132145
AGCAACATATCTTATT-1,0.000028,0.195862,0.411002,0.000028,0.393079
AGCAACCGAAAGTAAT-1,0.000031,0.137085,0.363349,0.000031,0.499502
AGCACCAGTACTCACG-1,0.000052,0.216378,0.539598,0.000052,0.243921
AGCACTACCGGCCTGT-1,0.000024,0.000024,0.000049,0.000024,0.999878
AGCACTACCTCACCAG-1,0.000077,0.000077,0.999384,0.000077,0.000385
AGCACTTAAGGACGCC-1,0.000012,0.102537,0.183243,0.077709,0.6365
AGCAGAAGGAGAAAGA-1,0.000057,0.058472,0.333363,0.000057,0.608052
AGCAGCCAGATGAATA-1,0.0001,0.238055,0.708738,0.0001,0.053006
AGCATCATTTCGAAAG-1,0.000094,0.356562,0.614166,0.000094,0.029085
AGCCACTCCCGTGCTT-1,0.000047,0.297206,0.444351,0.000047,0.258348
AGCCATATAGTATGTG-1,0.000022,0.70981,0.284306,0.000022,0.005841
AGCCCATACATGTAAG-1,0.000003,0.000003,0.000109,0.000003,0.999883
AGCCCTAAGCGAAGTT-1,0.000202,0.445591,0.552991,0.000202,0.001012
AGCCGCAAATTCAAAT-1,0.000031,0.344867,0.582987,0.000031,0.072085
AGCCGCTTGATTAGCG-1,0.000151,0.219532,0.473647,0.000151,0.306518
AGCCGTGGCTAAATGT-1,0.000008,0.040224,0.000092,0.000008,0.959667
AGCCTAATACCCACGT-1,0.000057,0.000057,0.005353,0.000057,0.994476
AGCCTTAAAGCGGAAG-1,0.000016,0.264416,0.144657,0.000016,0.590895
AGCGACATCCCATTCA-1,0.000033,0.739225,0.199488,0.000033,0.061222
AGCGCGGGTGCCAATG-1,0.000015,0.129606,0.052794,0.000015,0.817569
AGCGCTTATGGGCAAG-1,0.00006,0.377186,0.515142,0.00006,0.107551
AGCGGACACTTCGTAG-1,0.000026,0.488838,0.049452,0.000026,0.461658
AGCGGCGGTTAGCGGT-1,0.000082,0.678013,0.321413,0.000082,0.00041
AGCGGGAAGGGTCCAT-1,0.000429,0.000429,0.881768,0.000429,0.116944
AGCGGGTCTGACACTC-1,0.000024,0.287025,0.62981,0.000024,0.083117
AGCGTACGAGAGCTAG-1,0.000023,0.390764,0.522207,0.000023,0.086983
AGCGTGGTATTCTACT-1,0.000009,0.051477,0.026107,0.000009,0.922398
AGCTAGAAGCAGAAGT-1,0.000026,0.203141,0.449085,0.000026,0.347722
AGCTATTTAATCCAAC-1,0.000104,0.329955,0.413036,0.000104,0.256801
AGCTCCTTCGCACATC-1,0.000251,0.235949,0.762297,0.000251,0.001253
AGCTCTAGACGTTCCA-1,0.000006,0.000006,0.075327,0.000006,0.924656
AGCTCTTCCCAGTGCA-1,0.00004,0.361984,0.461983,0.00004,0.175953
AGCTGAAGTAAACCAA-1,0.000023,0.239672,0.403352,0.000023,0.356929
AGCTGTAACCTCAATC-1,0.000086,0.24625,0.348356,0.000086,0.405223
AGCTTGATCAGGGTAG-1,0.000198,0.619532,0.271959,0.000198,0.108112
AGCTTGATCTTAACTT-1,0.000006,0.000055,0.024595,0.000006,0.975338
AGGAAAGCCTCTGATG-1,0.0002,0.542066,0.456537,0.0002,0.000998
AGGAAGCTGTCCGCCG-1,0.00002,0.386315,0.112597,0.00002,0.501049
AGGACAGTCGAATCCC-1,0.000023,0.044505,0.777583,0.000023,0.177867
AGGACATCGCACGTCG-1,0.000068,0.206521,0.789066,0.000068,0.004277
AGGACGCTCGATGTTG-1,0.000034,0.338282,0.509778,0.000034,0.151872
AGGACTTATAGGAGAA-1,0.000043,0.51179,0.436321,0.000043,0.051802
AGGATAAAGTCGGGAT-1,0.00004,0.315507,0.450619,0.00004,0.233794
AGGATCACGCGATCTG-1,0.000059,0.24623,0.437754,0.000059,0.315898
AGGCAGATGCGTAAAC-1,0.000017,0.192602,0.180335,0.000017,0.62703
AGGCCACCCGTTATGA-1,0.000029,0.287825,0.63793,0.000029,0.074187
AGGCCCAGTGACTGGT-1,0.000813,0.009753,0.984555,0.000813,0.004066
AGGCCCTAGAACGCCA-1,0.000022,0.209033,0.650858,0.000022,0.140065
AGGCGGTTTGTCCCGC-1,0.000345,0.054983,0.706816,0.000345,0.237512
AGGCTATGGTTAGCTT-1,0.000043,0.35761,0.54038,0.000043,0.101923
AGGCTTAAGTTGCACA-1,0.000073,0.164449,0.254515,0.000073,0.58089
AGGCTTGCTAGACACC-1,0.000054,0.779008,0.220616,0.000054,0.000268
AGGGAAACGAGGTACT-1,0.000256,0.417532,0.580677,0.000256,0.001279
AGGGCGAGCAGCTGAT-1,0.000006,0.014933,0.022493,0.000006,0.962562
AGGGCGTGATCGGCTA-1,0.000026,0.190188,0.244847,0.000026,0.564913
AGGGCTGCAGTTACAG-1,0.000027,0.239763,0.440621,0.000027,0.319562
AGGGTCGATGCGAACT-1,0.00004,0.45767,0.366435,0.00004,0.175814
AGGGTGCTCTCGAGGG-1,0.000048,0.464533,0.436389,0.000048,0.098982
AGGGTTCCCTTTGGTT-1,0.000027,0.11247,0.405724,0.000027,0.481753
AGGGTTTAGTTCGGGA-1,0.000019,0.0968,0.045531,0.000019,0.857631
AGGTAACCTCCTATTC-1,0.000952,0.492164,0.501168,0.000953,0.004763
AGGTACGATATTGCCA-1,0.000613,0.207079,0.582909,0.000614,0.208785
AGGTAGGTACAAAGCT-1,0.000014,0.150171,0.319671,0.000014,0.53013
AGGTATAATTGATAGT-1,0.000069,0.56514,0.379008,0.000069,0.055715
AGGTCAGGTGAGAGTG-1,0.000015,0.013703,0.136218,0.000015,0.850049
AGGTCGCGGAGTTACT-1,0.000034,0.262415,0.219786,0.000034,0.517731
AGGTGTATCGCCATGA-1,0.000009,0.014637,0.016325,0.00001,0.969018
AGGTTCTCCTTTCCGG-1,0.000052,0.867542,0.006095,0.000052,0.126258
AGGTTGAGGCACGCTT-1,0.000132,0.006073,0.456397,0.000132,0.537266
AGGTTTCACACACCTT-1,0.000014,0.029026,0.124083,0.000014,0.846862
AGTAATGTCTTGCCGC-1,0.000012,0.000012,0.019232,0.000012,0.980732
AGTAATTTGCAAGCGT-1,0.000036,0.882011,0.052137,0.000036,0.065779
AGTACCTTCGAGTGCT-1,0.000498,0.099758,0.000995,0.000498,0.898251
AGTACGGCCCGTATCG-1,0.000234,0.748152,0.250212,0.000234,0.001169
AGTACGGGCACCTGGC-1,0.00001,0.020721,0.310764,0.00001,0.668495
AGTACTCTTATGCCCA-1,0.000763,0.10958,0.885076,0.000764,0.003818
AGTAGAAGGCGCCTCA-1,0.000023,0.977593,0.022247,0.000023,0.000114
AGTAGCTAGACGCCGA-1,0.000066,0.401785,0.582062,0.000066,0.01602
AGTAGGAAGGAAGTTG-1,0.000025,0.322643,0.513309,0.000025,0.163999
AGTATAATACTAGGCA-1,0.000029,0.321678,0.551304,0.000029,0.12696
AGTCAAGATGACACTT-1,0.000027,0.065091,0.758069,0.000027,0.176786
AGTCAGCCACCGCCTG-1,0.000062,0.740647,0.154084,0.000062,0.105144
AGTCCCGCCTTTAATT-1,0.000029,0.352409,0.315017,0.000029,0.332516
AGTCGACGGTCTCAAG-1,0.000026,0.116414,0.721742,0.000026,0.161792
AGTCGGCCCAAACGAC-1,0.000018,0.274601,0.326238,0.000018,0.399125
AGTCGGCTCAACTTTA-1,0.000474,0.763869,0.232812,0.000474,0.00237
AGTCGTCGACCACCAA-1,0.000183,0.326434,0.478855,0.000183,0.194345
AGTCGTGGGCATTACG-1,0.000023,0.001032,0.267772,0.000023,0.73115
AGTCTCACAAGACTAC-1,0.000127,0.27085,0.319774,0.000127,0.409121
AGTCTGGACATCCTTG-1,0.00003,0.560166,0.000061,0.00003,0.439712
AGTCTTCTCCTCAAAT-1,0.000102,0.038466,0.204586,0.419713,0.337133
AGTGAGACTTCCAGTA-1,0.000048,0.433906,0.565758,0.000048,0.000241
AGTGAGCCTCGCCGCC-1,0.000025,0.1169,0.219608,0.000025,0.663444
AGTGAGGGTTTCTGAC-1,0.00009,0.567562,0.407339,0.000091,0.024918
AGTGATAACCTGCGCG-1,0.000123,0.390181,0.455426,0.000123,0.154146
AGTGATTCAAGCAGGA-1,0.000038,0.457972,0.438398,0.000038,0.103554
AGTGCTTGCACGAATA-1,0.000017,0.080431,0.210143,0.000017,0.709391
AGTGGCGGCAATTTGA-1,0.00002,0.16064,0.208517,0.00002,0.630803
AGTGGCGTCTGAAGGT-1,0.00009,0.14171,0.846167,0.00009,0.011943
AGTGGCTCCGTCGGCC-1,0.000122,0.336116,0.531727,0.000122,0.131913
AGTGGTGTTACCCGTG-1,0.000035,0.331195,0.567937,0.000035,0.100798
AGTGGTTGCGTATAGG-1,0.000019,0.087881,0.250955,0.000019,0.661125
AGTGTATTGCGCATTG-1,0.000035,0.31057,0.38105,0.000035,0.308311
AGTGTGCTAAGATCGC-1,0.007143,0.16122,0.01429,0.007144,0.810202
AGTGTGGTCTATTGTG-1,0.000031,0.194342,0.114748,0.000031,0.690848
AGTTAAACACTTGCGA-1,0.000033,0.309219,0.155281,0.000033,0.535433
AGTTAAGCGGTCCCGG-1,0.000794,0.000794,0.993649,0.000794,0.003969
AGTTAAGTCAACCGCT-1,0.000097,0.670925,0.328396,0.000097,0.000485
AGTTACCCTTAAGACT-1,0.000122,0.575692,0.423453,0.000122,0.000611
AGTTACTCTATCGTGG-1,0.000045,0.447816,0.056126,0.000045,0.495968
AGTTCACCGGTTGGAC-1,0.000109,0.000109,0.375031,0.000109,0.624641
AGTTCCTATTTATGTT-1,0.000114,0.077406,0.608164,0.000114,0.314202
AGTTCTGCGTTGTATC-1,0.000024,0.53063,0.009813,0.000024,0.45951
AGTTGACATCGGCTGG-1,0.000015,0.193631,0.000896,0.000015,0.805443
AGTTGACGGTCCTTGC-1,0.00002,0.286405,0.405556,0.00002,0.307999
AGTTGCGGTCCTCAAC-1,0.000034,0.950259,0.049503,0.000034,0.00017
AGTTGCTGACTGATAT-1,0.000029,0.426751,0.087023,0.000029,0.486168
AGTTTCGCAGGTCGGA-1,0.000024,0.74485,0.036743,0.000024,0.218359
AGTTTGGCCAGACCTA-1,0.000011,0.008084,0.107984,0.000011,0.883909
ATAAACGGACCCGTAA-1,0.00001,0.00001,0.143658,0.00001,0.856314
ATAAATATTAGCAGCT-1,0.00001,0.02467,0.284135,0.00001,0.691175
ATAACGCCGGAGGGTC-1,0.000024,0.254134,0.415257,0.000024,0.33056
ATAACGGAGTCCAACG-1,0.000185,0.190992,0.807714,0.000185,0.000924
ATAACGTTACCTCCAC-1,0.000068,0.000069,0.033195,0.000069,0.966599
ATAAGCAAACACCGAG-1,0.000023,0.341351,0.341936,0.000023,0.316668
ATAAGGTGGAGAACAT-1,0.000043,0.099434,0.594302,0.000043,0.306177
ATAAGTACCCGATTGT-1,0.000426,0.129517,0.535843,0.000426,0.33379
ATAAGTAGGATTCAGA-1,0.000054,0.475596,0.508429,0.000054,0.015867
ATAAGTAGGGCGACTC-1,0.000039,0.149952,0.808933,0.000039,0.041038
ATAATACCGTTAGCCG-1,0.000038,0.494659,0.505073,0.000038,0.000191
ATAATAGCTGTTGAAT-1,0.000015,0.001231,0.239215,0.000015,0.759523
ATAATAGTGTAGGGAC-1,0.000039,0.572625,0.005106,0.000039,0.422191
ATAATTAGCTAAGTAG-1,0.000009,0.44433,0.129901,0.000009,0.42575
ATACCACGGGCAACTT-1,0.000004,0.002945,0.036408,0.000004,0.960638
ATACCTAACCAAGAAA-1,0.000018,0.630685,0.046698,0.000018,0.32258
ATACGCCGGCGAAACC-1,0.00001,0.052606,0.180037,0.00001,0.767337
ATACGGAACGTCGTTT-1,0.000063,0.304961,0.283586,0.000063,0.411327
ATACGGGTTTCGATTG-1,0.000006,0.018365,0.027512,0.000006,0.95411
ATACGTACTTAGCCAC-1,0.000066,0.614163,0.383611,0.000066,0.002094
ATACGTCCACTCCTGT-1,0.00006,0.266113,0.38191,0.00006,0.351857
ATACGTTATGCACGGA-1,0.00002,0.264658,0.10597,0.00002,0.629333
ATACTAGCATGACCCT-1,0.000043,0.145735,0.294588,0.000043,0.559591
ATACTCTCGCCACTCT-1,0.000042,0.112827,0.061527,0.000042,0.825562
ATACTGCCTTACACCG-1,0.000943,0.054802,0.938593,0.000944,0.004718
ATAGACAACGGGACCT-1,0.000021,0.243418,0.238091,0.000021,0.518448
ATAGAGTTATCAACTT-1,0.000054,0.381185,0.50514,0.000054,0.113567
ATAGCCTCAGTACCCA-1,0.000031,0.066455,0.518138,0.000031,0.415343
ATAGCTGCTCTTGTTA-1,0.003333,0.003334,0.973325,0.003335,0.016672
ATAGGAATCTAAGCTT-1,0.000069,0.29389,0.076479,0.000069,0.629494
ATAGGCGGCTATAGAA-1,0.000022,0.161253,0.645917,0.000022,0.192786
ATAGGCTAGCTTCGCA-1,0.000034,0.350118,0.177904,0.000034,0.47191
ATAGGGATATCCTTGA-1,0.000189,0.174818,0.31878,0.000189,0.506024
ATAGGTTGGGCAGATG-1,0.000008,0.022894,0.022659,0.000008,0.95443
ATAGTTCCACCCACTC-1,0.000072,0.620746,0.378753,0.000072,0.000358
ATATAAAGCGCTCGTG-1,0.000069,0.000069,0.593619,0.000069,0.406174
ATATAAATGTAGCTGC-1,0.000113,0.219517,0.226987,0.000113,0.553271
ATATAGAGTATTGGTC-1,0.000064,0.816916,0.000127,0.000064,0.182829
ATATCAACCTACAGAG-1,0.000047,0.581352,0.418318,0.000047,0.000236
ATATCAATTCCAGCCT-1,0.00007,0.274175,0.330176,0.00007,0.395509
ATATCTCCCTCGTTAA-1,0.000039,0.473167,0.489636,0.000039,0.037119
ATATCTTAGGGCCTTC-1,0.000035,0.666834,0.04646,0.000035,0.286636
ATATGTCTAGAGCGTG-1,0.000021,0.016579,0.370246,0.000021,0.613132
ATATGTCTCCCTAGCC-1,0.000035,0.316774,0.223418,0.000035,0.459738
ATATGTGCACAAACCA-1,0.000013,0.109099,0.335479,0.015435,0.539974
ATATTATCCCGTATTT-1,0.000154,0.126205,0.77716,0.000154,0.096327
ATATTCAGTTAAACCT-1,0.000052,0.163712,0.459479,0.000052,0.376705
ATATTCCACATAGTGA-1,0.000278,0.280276,0.66279,0.000278,0.056379
ATATTCCCACAGGTCA-1,0.000139,0.489157,0.000277,0.000139,0.510288
ATATTGCTGTCAAAGT-1,0.000058,0.760047,0.239551,0.000058,0.000288
ATCAAACGAAGGTTTG-1,0.000048,0.153125,0.777171,0.000048,0.069607
ATCAAAGAGCCGTGGT-1,0.000063,0.422888,0.544581,0.000063,0.032405
ATCAATCTGGGCTGCA-1,0.00003,0.312722,0.313261,0.00003,0.373957
ATCAATGCCGTGGCTG-1,0.000427,0.257998,0.484664,0.000427,0.256484
ATCACATTAGAATATC-1,0.000095,0.000095,0.805039,0.000095,0.194677
ATCACGTGCTAATTAA-1,0.000032,0.125936,0.607334,0.000032,0.266666
ATCACTTCATCCTCGC-1,0.000241,0.19934,0.798972,0.000241,0.001205
ATCAGCCTCATGCTGC-1,0.000641,0.229427,0.766085,0.000641,0.003206
ATCAGCTCGTCCACTA-1,0.000026,0.000026,0.361306,0.000026,0.638616
ATCAGGTCGCCATTGC-1,0.000045,0.002072,0.734507,0.000045,0.263331
ATCAGTAGGCAGGGAT-1,0.000017,0.066016,0.111216,0.000017,0.822734
ATCATCCAATATTTGT-1,0.000049,0.400122,0.599538,0.000049,0.000243
ATCCAACGCAGTCATA-1,0.00002,0.243916,0.373404,0.000021,0.38264
ATCCAATGGAGGGTCC-1,0.000007,0.004772,0.029896,0.000007,0.965318
ATCCAATGGTACCGAA-1,0.000025,0.507801,0.102677,0.000025,0.389471
ATCCACTTTCAGACTA-1,0.000042,0.528661,0.418806,0.000042,0.05245
ATCCCATCCACAGCGC-1,0.000265,0.413586,0.345757,0.000265,0.240127
ATCCTGAATCGCTGCG-1,0.000013,0.009096,0.449545,0.000013,0.541333
ATCGACCCAATACAGA-1,0.000012,0.255533,0.069932,0.000012,0.67451
ATCGACTCTTTCCGTT-1,0.000068,0.379771,0.324526,0.000068,0.295566
ATCGCACGATTGTTCA-1,0.000082,0.272538,0.397397,0.000082,0.329901
ATCGCACGCCGGGAGA-1,0.000092,0.143486,0.331472,0.000092,0.524859
ATCGGAGACAGACGGC-1,0.00006,0.333748,0.647969,0.00006,0.018163
ATCGGCAAGCAGTCCA-1,0.000015,0.093987,0.144056,0.000015,0.761928
ATCGGTTACCTAGTAA-1,0.000052,0.282768,0.328101,0.000052,0.389026
ATCGTATTCCGAGAAC-1,0.000038,0.671541,0.000077,0.000039,0.328305
ATCGTCCAATCGAGTC-1,0.005,0.185263,0.010003,0.005002,0.794733
ATCGTTCACTTTCGCC-1,0.000065,0.289041,0.617589,0.000065,0.093241
ATCTAACGTCCCTATG-1,0.000291,0.368347,0.522672,0.000291,0.108399
ATCTAATATCCTACGG-1,0.0001,0.0001,0.969706,0.0001,0.029992
ATCTAGCTTGTGAGGG-1,0.000074,0.32408,0.581656,0.000074,0.094115
ATCTCCCTGCAATCTA-1,0.000472,0.770764,0.225933,0.000472,0.002359
ATCTGATAGTGTCTTA-1,0.014286,0.87139,0.028581,0.01429,0.071453
ATCTGCACCTCTGCGA-1,0.000026,0.161573,0.097863,0.117009,0.623529
ATCTGGGCTGTTCTTG-1,0.000043,0.223414,0.314552,0.000043,0.461949
ATCTGGTTAAGACTGT-1,0.000069,0.000069,0.885415,0.000069,0.114379
ATCTGTAATTGTACCC-1,0.000201,0.652261,0.015873,0.000201,0.331463
ATCTTAGGGCATTAAT-1,0.000086,0.927765,0.069464,0.000086,0.002599
ATGAAGTGGACCCAGC-1,0.000028,0.837064,0.16274,0.000028,0.00014
ATGACGCCGGCTCTAA-1,0.000031,0.301023,0.019747,0.000031,0.679168
ATGACGCGTTCTATCC-1,0.000093,0.000093,0.999258,0.000093,0.000464
ATGACTATGCGACATT-1,0.000025,0.159379,0.722053,0.000025,0.118518
ATGAGGAGTGTTAATC-1,0.000029,0.321334,0.559777,0.000029,0.11883
ATGCACCTTCCTTAAT-1,0.001961,0.982349,0.003923,0.001961,0.009807
ATGCACGCGCTGTTCA-1,0.000023,0.592307,0.019025,0.000023,0.388621
ATGCATGATCCAGGAT-1,0.000036,0.066025,0.520982,0.000036,0.412921
ATGCCATTTGCGACCA-1,0.000069,0.174451,0.480229,0.00007,0.34518
ATGCCGGTCTTGCATA-1,0.000026,0.232006,0.609562,0.000026,0.158381
ATGCCGGTTGATGGGA-1,0.00002,0.00002,0.000053,0.00002,0.999886
ATGCGACAATTGGTCC-1,0.000017,0.196924,0.357586,0.000017,0.445457
ATGCGACAGTCCCATT-1,0.000041,0.291504,0.445225,0.000041,0.263189
ATGCTCAGTGTTGCAT-1,0.000058,0.626305,0.373292,0.000058,0.000288
ATGGAAATTTAAGGAG-1,0.000017,0.611179,0.000033,0.000017,0.388754
ATGGAGCAGGCCGTGA-1,0.000033,0.198173,0.345196,0.000033,0.456566
ATGGATCCGGCGTCCG-1,0.000463,0.482867,0.120938,0.000463,0.395269
ATGGATTGACCAAACG-1,0.000067,0.12244,0.322708,0.000067,0.554719
ATGGCAGCATTACGAT-1,0.000106,0.409299,0.002298,0.000106,0.588192
ATGGCAGCCGAGAAAC-1,0.00005,0.471278,0.27748,0.00005,0.251143
ATGGCTGGAAATGGCC-1,0.000304,0.000304,0.81172,0.000304,0.187368
ATGGGCCTCGGCCTCT-1,0.000034,0.187868,0.602104,0.000034,0.209961
ATGGTATTGGGAACCG-1,0.000019,0.045455,0.822715,0.000019,0.131791
ATGGTATTTACTGATT-1,0.00002,0.408586,0.237839,0.00002,0.353535
ATGGTCGCGTGGTTTC-1,0.000024,0.136832,0.529436,0.000024,0.333684
ATGGTTACGAAACATG-1,0.000057,0.132373,0.348507,0.000057,0.519006
ATGTACGATGACGTCG-1,0.000021,0.298436,0.437505,0.000021,0.264018
ATGTAGCGCGCGTAGG-1,0.000083,0.296974,0.382155,0.000083,0.320705
ATGTCATAATAAACGA-1,0.000117,0.01543,0.983754,0.000117,0.000583
ATGTCATTTCCCATTG-1,0.000196,0.227584,0.766876,0.000196,0.005148
ATGTGAAAGCCTAATG-1,0.000329,0.301293,0.696404,0.000329,0.001645
ATGTGCATCCGACGCA-1,0.000137,0.461627,0.118116,0.000137,0.419983
ATGTGGACATCTTGAT-1,0.000041,0.106039,0.618618,0.000041,0.275261
ATGTTACGAGCAATAC-1,0.000018,0.121008,0.007225,0.000018,0.87173
ATGTTCCTGCCCACCT-1,0.000193,0.320043,0.678603,0.000193,0.000967
ATGTTCGTCGACCCAC-1,0.000039,0.30032,0.381178,0.000039,0.318425
ATTAAACATGCGGACC-1,0.00007,0.531639,0.372194,0.00007,0.096026
ATTAATACTACGCGGG-1,0.000148,0.307678,0.268706,0.000148,0.42332
ATTAATGAACCAGTCG-1,0.00001,0.053457,0.096082,0.00001,0.850441
ATTAATTCGGTCACTC-1,0.000405,0.478196,0.518969,0.000405,0.002025
ATTACAACTACCGGCC-1,0.000074,0.924109,0.075374,0.000074,0.00037
ATTACGCGCTGGCAGG-1,0.000005,0.003125,0.022295,0.000005,0.97457
ATTACTAGCCTCTTGC-1,0.000041,0.636987,0.308595,0.000041,0.054336
ATTACTTACTGGGCAT-1,0.000048,0.496032,0.423108,0.000048,0.080763
ATTAGATTCCTCAGCA-1,0.000112,0.358328,0.397843,0.000113,0.243604
ATTAGGCGATGCTTTC-1,0.000009,0.009394,0.107475,0.000009,0.883113
ATTATACTTTGCTCGT-1,0.00016,0.00016,0.044514,0.00016,0.955005
ATTATGAGACCCAATT-1,0.00004,0.548489,0.013441,0.00004,0.43799
ATTCAAAGTACCTGTT-1,0.007692,0.007694,0.585435,0.360706,0.038473
ATTCACTGATGTTGGA-1,0.000036,0.098293,0.132858,0.000036,0.768777
ATTCAGGACCTATTTC-1,0.000017,0.069733,0.04384,0.000017,0.886391
ATTCAGTAGCAGGGTC-1,0.000032,0.218465,0.280964,0.000032,0.500507
ATTCATATACTGTCCA-1,0.000011,0.000011,0.001089,0.000011,0.998879
ATTCCCACATAAACAA-1,0.00002,0.328284,0.209678,0.00002,0.461997
ATTCCTCCGCCAGTGC-1,0.000021,0.216415,0.090899,0.000021,0.692644
ATTCCTTCCAGGCGGT-1,0.00009,0.999186,0.000181,0.00009,0.000452
ATTCGACGCCGGGCCT-1,0.000007,0.046541,0.12039,0.000007,0.833054
ATTCGCAGAGGACACT-1,0.000022,0.119593,0.11205,0.000022,0.768312
ATTCTTCGTACTTATG-1,0.000135,0.871694,0.12736,0.000135,0.000676
ATTGATAGCAACGAGA-1,0.000036,0.42872,0.000072,0.000036,0.571136
ATTGATCACCACATTT-1,0.000025,0.458212,0.04372,0.000025,0.498018
ATTGATGAGTCCTAAC-1,0.000015,0.018454,0.122318,0.000015,0.859199
ATTGCTGCTCCTCCAT-1,0.000016,0.102147,0.396824,0.000016,0.500997
ATTGGGAGTTCTGTAA-1,0.000167,0.000167,0.000335,0.000167,0.999164
ATTGGTAGGATCCGCT-1,0.000026,0.471835,0.067964,0.000026,0.460149
ATTGTACAACTCGGCT-1,0.000028,0.272209,0.240093,0.000028,0.487643
ATTGTCGCAATACCTT-1,0.000168,0.931975,0.066846,0.000168,0.000842
ATTGTGACTTCGCTGC-1,0.000035,0.21487,0.420406,0.000035,0.364653
ATTTACAGTTTACTGG-1,0.000033,0.361069,0.534384,0.000033,0.104481
ATTTCATTATTTCGCG-1,0.000111,0.000111,0.258647,0.000111,0.741021
ATTTGCGCGAGTAGCT-1,0.000127,0.334888,0.559148,0.000127,0.10571
ATTTGTCTTGGGAGCT-1,0.00004,0.28374,0.462967,0.00004,0.253213
ATTTGTTCCAGGGCTC-1,0.000369,0.764431,0.044186,0.000369,0.190645
CAAACCCTCCGGCGGG-1,0.00004,0.104811,0.196518,0.00004,0.698592
CAAACGGTCGCACTTT-1,0.000019,0.109486,0.248154,0.000019,0.642323
CAAACTACGATAGAGA-1,0.000055,0.65089,0.267835,0.000055,0.081166
CAAACTATTGAGCTTC-1,0.000813,0.992681,0.001626,0.000813,0.004066
CAAAGTCAGGTTAGCT-1,0.0125,0.887478,0.025008,0.012502,0.062511
CAAATCTCTCACAAGG-1,0.000006,0.038255,0.055776,0.000006,0.905957
CAAATTGTCAGCAAGC-1,0.00084,0.673973,0.320144,0.000841,0.004203
CAACATGGCCTGATAA-1,0.000909,0.202706,0.340761,0.000909,0.454715
CAACCGCACCTAGACA-1,0.00003,0.58463,0.41516,0.00003,0.00015
CAACGGTTCTTGATAC-1,0.000037,0.269508,0.223136,0.000037,0.507281
CAACTATATCGAATGC-1,0.001163,0.257361,0.734498,0.001163,0.005816
CAACTCCGTAACTTGC-1,0.000064,0.412923,0.460382,0.000064,0.126568
CAACTCCTTGATCCCG-1,0.000035,0.142484,0.368647,0.000035,0.488799
CAACTGAGGGTATGAC-1,0.000013,0.121329,0.410261,0.000013,0.468384
CAACTTGTAGTGGGCA-1,0.000066,0.092759,0.597498,0.000066,0.309611
