Barcode,Topic 1,Topic 2,Topic 3to4,Topic 5to6
AAACAACGAATAGTTC-1,0.922982,0.015374,0.030744,0.030899
AAACAAGTATCTCCCA-1,0.963364,0.02968,0.003479,0.003477
AAACAATCTACTAGCA-1,0.9651,0.032356,0.001271,0.001273
AAACACCAATAACTGC-1,0.992672,0.001467,0.00293,0.002931
AAACAGAGCGACTCCT-1,0.282355,0.710765,0.00344,0.00344
AAACAGCTTTCAGAAG-1,0.097365,0.550233,0.05557,0.296832
AAACAGGGTCTATATT-1,0.51147,0.257392,0.229178,0.001961
AAACAGTGTTCCTGGG-1,0.704951,0.286921,0.004065,0.004063
AAACATTTCCCGGATT-1,0.547649,0.451843,0.000254,0.000254
AAACCACTACACAGAT-1,0.626907,0.000556,0.039863,0.332673
AAACCCGAACGAAATC-1,0.002083,0.989604,0.004155,0.004157
AAACCGGAAATGTTAA-1,0.616508,0.379224,0.002134,0.002133
AAACCGGGTAGGTACC-1,0.188161,0.769332,0.011074,0.031433
AAACCGTTCGTCCAGG-1,0.238186,0.747501,0.007158,0.007156
AAACCTAAGCAGCCGG-1,0.657777,0.340816,0.000703,0.000704
AAACCTCATGAAGTTG-1,0.135239,0.110406,0.037256,0.717098
AAACGAAGAACATACC-1,0.460956,0.001417,0.002836,0.53479
AAACGAAGATGGAGTA-1,0.666381,0.000591,0.182924,0.150104
AAACGACAGTCTTGCC-1,0.623346,0.000669,0.374647,0.001338
AAACGAGACGGTTGAT-1,0.284073,0.00005,0.63964,0.076237
AAACGCCCGAGATCGG-1,0.334104,0.162737,0.268916,0.234243
AAACGCTGGGCACGAC-1,0.50943,0.000475,0.00095,0.489146
AAACGGGCGTACGGGT-1,0.652694,0.344591,0.001357,0.001357
AAACGGGTTGGTATCC-1,0.496814,0.490213,0.006487,0.006485
AAACGGTTGCGAACTG-1,0.813339,0.002277,0.004555,0.179829
AAACGTGTTCGCCCTA-1,0.000089,0.411401,0.104082,0.484428
AAACTAACGTGGCGAC-1,0.479493,0.305853,0.002147,0.212506
AAACTCGGTTCGCAAT-1,0.624967,0.370046,0.002494,0.002493
AAACTCGTGATATAAG-1,0.071333,0.246544,0.161849,0.520274
AAACTGCTGGCTCCAA-1,0.157383,0.000931,0.001862,0.839823
AAACTTAATTGCACGC-1,0.871789,0.000664,0.068931,0.058616
AAACTTGCAAACGTAT-1,0.178319,0.409624,0.028785,0.383272
AAAGAATGACCTTAGA-1,0.307334,0.593623,0.071139,0.027904
AAAGAATGTGGACTAA-1,0.996908,0.000118,0.002737,0.000237
AAAGACATGAAGTTTA-1,0.668962,0.001003,0.092216,0.237819
AAAGACCCAAGTCGCG-1,0.842665,0.02848,0.000376,0.128479
AAAGACTGGGCGCTTT-1,0.431924,0.566393,0.000259,0.001425
AAAGGCCCTATAATAC-1,0.293543,0.362311,0.340139,0.004007
AAAGGCTACGGACCAT-1,0.988745,0.002251,0.004502,0.004501
AAAGGCTCTCGCGCCG-1,0.597117,0.174321,0.000936,0.227625
AAAGGGATGTAGCAAG-1,0.101184,0.134227,0.682527,0.082062
AAAGGGCAGCTTGAAT-1,0.585834,0.001983,0.003965,0.408218
AAAGGTAAGCTGTACC-1,0.384841,0.436914,0.002068,0.176176
AAAGGTCAACGACATG-1,0.449629,0.54435,0.003012,0.00301
AAAGTAGCATTGCTCA-1,0.655244,0.003834,0.007652,0.333271
AAAGTCACTGATGTAA-1,0.982126,0.003578,0.007147,0.00715
AAAGTCGACCCTCAGT-1,0.077711,0.660433,0.042008,0.219849
AAAGTGCCATCAATTA-1,0.998683,0.000264,0.000527,0.000527
AAAGTGTGATTTATCT-1,0.366454,0.615808,0.00887,0.008869
AAAGTTGACTCCCGTA-1,0.161455,0.165301,0.633849,0.039395
AAATAACCATACGGGA-1,0.815495,0.02826,0.004684,0.151561
AAATAAGGTAGTGCCC-1,0.257838,0.720741,0.018136,0.003286
AAATACCTATAAGCAT-1,0.979964,0.004014,0.00801,0.008012
AAATAGCTTAGACTTT-1,0.640257,0.013698,0.002342,0.343703
AAATAGGGTGCTATTG-1,0.878511,0.004682,0.009357,0.10745
AAATCCGATACACGCC-1,0.624097,0.033411,0.003371,0.339121
AAATCGCGGAAGGAGT-1,0.784119,0.000466,0.026145,0.18927
AAATCGTGTACCACAA-1,0.358831,0.082232,0.091961,0.466976
AAATCTAGCCCTGCTA-1,0.983462,0.00331,0.006606,0.006622
AAATCTGCCCGCGTCC-1,0.612606,0.381488,0.002952,0.002953
AAATGATTCGATCAGC-1,0.035031,0.274087,0.162567,0.528315
AAATGCTCGTTACGTT-1,0.530316,0.468801,0.000442,0.000441
AAATGGCATGTCTTGT-1,0.351318,0.415057,0.126267,0.107358
AAATGGCCCGTGCCCT-1,0.551211,0.147981,0.127063,0.173744
AAATGGTCAATGTGCC-1,0.317464,0.67887,0.001833,0.001832
AAATGTATCTTATCCC-1,0.081165,0.385124,0.028387,0.505323
AAATGTGGGTGCTCCT-1,0.964838,0.00703,0.014062,0.01407
AAATTAACGGGTAGCT-1,0.140204,0.343862,0.384057,0.131876
AAATTACACGACTCTG-1,0.480773,0.00847,0.27245,0.238307
AAATTCCAGGTCCAAA-1,0.624186,0.356493,0.000385,0.018935
AAATTGATAGTCCTTT-1,0.980822,0.00384,0.007659,0.007678
AAATTGCGGCGGTTCT-1,0.02427,0.024191,0.048003,0.903536
AAATTGGTGAGAAGCA-1,0.000153,0.206407,0.081092,0.712348
AAATTTACCGAAATCC-1,0.005117,0.974488,0.010192,0.010203
AAATTTGCGGGTGTGG-1,0.694913,0.298667,0.003208,0.003212
AACAACTGGTAGTTGC-1,0.13027,0.305274,0.556285,0.008171
AACAATACATTGTCGA-1,0.364693,0.001755,0.003508,0.630044
AACAATTACTCTACGC-1,0.357159,0.361583,0.135808,0.14545
AACACACGCTCGCCGC-1,0.53691,0.002189,0.004377,0.456524
AACACGACTGTACTGA-1,0.257369,0.724902,0.008855,0.008875
AACACGAGACGCGGCC-1,0.091625,0.385999,0.091132,0.431244
AACACGCGGCCGCGAA-1,0.990079,0.001985,0.003967,0.003969
AACAGCTGTGTGGCAA-1,0.399642,0.049829,0.000985,0.549544
AACAGGAAATCGAATA-1,0.574557,0.000777,0.011552,0.413114
AACAGGATGGGCCGCG-1,0.486346,0.234192,0.085299,0.194164
AACAGGTAGTATGGAT-1,0.769346,0.000624,0.228781,0.001248
AACATCGATACGTCTA-1,0.00016,0.234399,0.00032,0.765122
AACATTGAAGTTGATC-1,0.401993,0.585519,0.006245,0.006243
AACATTGGTCAGCCGT-1,0.439932,0.012952,0.521249,0.025867
AACATTGTGACTCGAG-1,0.985226,0.002959,0.00591,0.005906
AACCAAGACTTCTCTG-1,0.2521,0.220605,0.040838,0.486456
AACCAGTATCACTCTT-1,0.125335,0.389649,0.046999,0.438018
AACCATAGGGTTGAAC-1,0.477731,0.517681,0.002295,0.002293
AACCATGGGATCGCTA-1,0.641103,0.187669,0.034479,0.136749
AACCCAGAGACGGAGA-1,0.651482,0.347744,0.000387,0.000387
AACCCATCCCATGATC-1,0.390858,0.449482,0.095422,0.064238
AACCCGACAACCCGTG-1,0.83392,0.150764,0.007649,0.007668
AACCCGAGCAGAATCG-1,0.11294,0.051999,0.074379,0.760683
AACCCTACTGTCAATA-1,0.000649,0.359669,0.108316,0.531366
AACCCTGGTGGAACCA-1,0.120601,0.069779,0.124738,0.684883
AACCGAGCTTGGTCAT-1,0.195372,0.396737,0.234613,0.173279
AACCGCTAAGGGATGC-1,0.194828,0.000699,0.187947,0.616526
AACCGTTGTGTTTGCT-1,0.749813,0.002516,0.005031,0.24264
AACCTAAAGCCGTCCG-1,0.640756,0.34975,0.004744,0.00475
AACCTCGCTTTAGCCC-1,0.206908,0.782573,0.005258,0.005261
AACCTGTCACGGAATT-1,0.099716,0.034185,0.079538,0.786561
AACCTTTAAATACGGT-1,0.982789,0.003443,0.006893,0.006875
AACCTTTACGACGTCT-1,0.837916,0.001492,0.157609,0.002984
AACGAAAGTCGTCCCA-1,0.446054,0.535401,0.016411,0.002134
AACGACCTCCTAGCCG-1,0.554805,0.000392,0.076632,0.368171
AACGATAATGCCGTAG-1,0.964885,0.007026,0.014036,0.014053
AACGATAGAAGGGCCG-1,0.222893,0.38987,0.385157,0.00208
AACGATATGTCAACTG-1,0.186022,0.434727,0.074431,0.304821
AACGCATGATCTGGGT-1,0.054399,0.188826,0.027092,0.729682
AACGCGAACGGCAACA-1,0.182915,0.000711,0.098698,0.717676
AACGCGACCTTGGGCG-1,0.983143,0.003377,0.006735,0.006745
AACGCGGTCTCCAGCC-1,0.075772,0.45702,0.457853,0.009355
AACGCTGTTGCTGAAA-1,0.977867,0.004433,0.008856,0.008844
AACGGACGTACGTATA-1,0.000975,0.000973,0.00195,0.996102
AACGGCCATCTCCGGT-1,0.312462,0.177238,0.218853,0.291447
AACGTACTGTGGGTAC-1,0.351782,0.00144,0.196679,0.450099
AACGTAGTCTACCCAT-1,0.362665,0.612438,0.012448,0.01245
AACGTCAGACTAGTGG-1,0.046665,0.205206,0.402653,0.345475
AACGTCGCTGCACTTC-1,0.562826,0.000901,0.434469,0.001804
AACGTGATGAAGGACA-1,0.987622,0.002478,0.004952,0.004948
AACGTGCGAAAGTCTC-1,0.089942,0.325761,0.512907,0.07139
AACGTTATCAGCACCT-1,0.820898,0.000399,0.078767,0.099936
AACTACCCGTTTGTCA-1,0.585033,0.001239,0.071331,0.342397
AACTAGCGTATCGCAC-1,0.985957,0.002806,0.005616,0.005622
AACTAGGCTTGGGTGT-1,0.978353,0.004326,0.008663,0.008658
AACTCAAGTTAATTGC-1,0.19184,0.727168,0.080262,0.00073
AACTCCAGAGCGTGTT-1,0.999326,0.000135,0.00027,0.00027
AACTCCTAATCCCATG-1,0.000061,0.000061,0.485284,0.514594
AACTCGATAAACACGT-1,0.005435,0.660928,0.010879,0.322758
AACTCGATGGCGCAGT-1,0.422004,0.378034,0.031384,0.168577
AACTCTCAATAGAGCG-1,0.253457,0.187656,0.105476,0.45341
AACTCTCAGTGTGCTC-1,0.521826,0.473617,0.002277,0.002279
AACTGAGGTCAGCGTC-1,0.163015,0.000444,0.342578,0.493963
AACTGAGTTATACTGA-1,0.171698,0.055582,0.121918,0.650801
AACTGATATTAGGCCT-1,0.196127,0.245765,0.297101,0.261006
AACTGGGTCCCGACGT-1,0.001872,0.406034,0.286151,0.305943
AACTGGGTTCGAGCCG-1,0.332014,0.001853,0.069307,0.596827
AACTGGTGTGGGCCTT-1,0.997512,0.000497,0.000995,0.000995
AACTTCTGCGTCTATC-1,0.494415,0.000315,0.094409,0.410861
AACTTGCCCGTATGCA-1,0.377907,0.325583,0.258654,0.037855
AACTTGCGTTCTCGCG-1,0.342421,0.654638,0.00147,0.001471
AACTTTAGCTGCTGAG-1,0.645961,0.151361,0.003968,0.19871
AAGAAATCACCAGATT-1,0.107381,0.228851,0.212303,0.451465
AAGAAGGATCAGTTAG-1,0.475082,0.397453,0.059077,0.068388
AAGACATACGTGGTTT-1,0.988429,0.000167,0.000334,0.01107
AAGACCAAATAACTCA-1,0.311695,0.68649,0.000907,0.000907
AAGACCCAACTGAACA-1,0.005117,0.974497,0.010192,0.010194
AAGACTAACCCGTTGT-1,0.975252,0.004958,0.009889,0.009902
AAGACTCACGCCCACT-1,0.551578,0.367114,0.080016,0.001292
AAGACTGCAAGCTACT-1,0.002709,0.007283,0.589348,0.40066
AAGAGATGAATCGGTA-1,0.105493,0.419146,0.002247,0.473114
AAGAGCTCTTTATCGG-1,0.018431,0.105826,0.795978,0.079765
AAGAGGATGTACGCGA-1,0.177186,0.751249,0.017589,0.053976
AAGAGGCATGGATCGC-1,0.000022,0.001823,0.899436,0.09872
AAGAGGCCCTTTGGAA-1,0.999154,0.000169,0.000338,0.000338
AAGATGGCACCGGACC-1,0.89469,0.096555,0.004376,0.004379
AAGCACCCTGCGTATC-1,0.978905,0.004223,0.008439,0.008432
AAGCATACTCTCCTGA-1,0.560584,0.31538,0.119076,0.004959
AAGCCACTTGCAGGTA-1,0.985987,0.002807,0.005603,0.005603
AAGCCGAAGCGGTTTA-1,0.917984,0.075405,0.003305,0.003306
AAGCCGCCGTGAAATC-1,0.988607,0.002277,0.004556,0.004559
AAGCCGCTTTACCTTG-1,0.000089,0.124017,0.258956,0.616937
AAGCCGGAGAGCAGGA-1,0.988255,0.010971,0.000387,0.000387
AAGCGCAGGGCTTTGA-1,0.983155,0.003375,0.00674,0.00673
AAGCGGCGTCATGGGT-1,0.985948,0.002811,0.005626,0.005615
AAGCGTCCCTCATCGA-1,0.653934,0.001873,0.06589,0.278303
AAGCTAGATCGAGTAA-1,0.738389,0.001792,0.256233,0.003587
AAGCTCGTGCCAAGTC-1,0.044958,0.073959,0.771619,0.109463
AAGCTCTTTCATGGTG-1,0.48916,0.495149,0.007849,0.007842
AAGGAGAACTTATAAG-1,0.859232,0.131395,0.004687,0.004686
AAGGAGCGGTTGGTGC-1,0.039811,0.171774,0.787334,0.001082
AAGGATCGATCGCTTG-1,0.988117,0.002374,0.004752,0.004757
AAGGCAGGCTGTCTCC-1,0.522602,0.259047,0.001801,0.21655
AAGGCGCGTAAAGCTT-1,0.260953,0.452114,0.267324,0.019609
AAGGGAACGACTGGCT-1,0.989968,0.002008,0.004013,0.004011
AAGGGACTATGCATTC-1,0.293302,0.291689,0.412789,0.00222
AAGGTATCCTAATATA-1,0.000313,0.000313,0.067582,0.931792
AAGGTGATAAACCAGC-1,0.973659,0.00527,0.010547,0.010524
AAGTAAGCTTCCAAAC-1,0.976647,0.00468,0.009334,0.009339
AAGTAGAAGACCGGGT-1,0.628623,0.000653,0.099391,0.271333
AAGTAGTGACGCGAGG-1,0.270002,0.446637,0.000367,0.282994
AAGTCAATTGTCGTCA-1,0.52063,0.471346,0.00401,0.004014
AAGTCTAGTAGCTGCC-1,0.101001,0.039686,0.223539,0.635774
AAGTCTTCTGTGGCCT-1,0.062302,0.508671,0.261518,0.16751
AAGTGACGACCGAATT-1,0.184331,0.360318,0.00032,0.455032
AAGTGAGTCGGGTTTA-1,0.862891,0.003241,0.12739,0.006478
AAGTGCAAAGGTAGAC-1,0.41446,0.585264,0.000138,0.000138
AAGTGCCTTGACTGTA-1,0.983149,0.003374,0.006733,0.006744
AAGTGCGTTAGAATCT-1,0.2719,0.089044,0.060309,0.578747
AAGTGCTTCTCTATTG-1,0.984101,0.003184,0.006359,0.006356
AAGTGTTTGGAGACGG-1,0.118518,0.366724,0.512832,0.001926
AAGTTCACTCCAAGCT-1,0.985726,0.002857,0.005711,0.005706
AAGTTCAGTCTGCGTA-1,0.140281,0.725115,0.025921,0.108682
AAGTTCGGCCAACAGG-1,0.99073,0.001854,0.003708,0.003707
AAGTTGTGATGTTATA-1,0.886259,0.112977,0.000382,0.000382
AAGTTTACTAATGGCA-1,0.966368,0.006742,0.013443,0.013447
AAGTTTATGGGCCCAA-1,0.831813,0.163403,0.002393,0.002391
AATAACAACGCTCGGC-1,0.001081,0.191312,0.00216,0.805446
AATAACACTAGAACAA-1,0.269678,0.364365,0.293362,0.072595
AATAAGTCCTCGAGAC-1,0.42226,0.001983,0.571796,0.003961
AATAATCTTCGTATCG-1,0.563153,0.43463,0.001109,0.001108
AATACAATGTTTCAGG-1,0.506347,0.281463,0.004215,0.207976
AATACCGGAGGGCTGT-1,0.381298,0.422593,0.004214,0.191895
AATAGAACAGAGTGGC-1,0.176234,0.819443,0.002162,0.002161
AATAGAATCTGTTTCA-1,0.674437,0.003511,0.315033,0.00702
AATAGCAAGCCTCCTG-1,0.651773,0.103997,0.148477,0.095752
AATAGCTACCGCGTGC-1,0.121012,0.515753,0.023489,0.339746
AATAGTCCGTCCCGAC-1,0.974421,0.005109,0.010238,0.010231
AATAGTCGCGAGTCGG-1,0.804175,0.191076,0.002374,0.002375
AATATCAAGGTCGGAT-1,0.634579,0.000097,0.047417,0.317907
AATATCCTAGCAAACT-1,0.023147,0.646391,0.021479,0.308983
AATATCGAATCAATGC-1,0.954895,0.04158,0.001764,0.001761
AATATTGGAGTATTGA-1,0.267978,0.525871,0.017814,0.188336
AATCAGACTGCAGGAC-1,0.964908,0.007029,0.014025,0.014038
AATCAGGTTTCATTTA-1,0.48987,0.002516,0.502582,0.005032
AATCATGTAAAGACTC-1,0.872395,0.002216,0.004434,0.120955
AATCCAAGGGCCTGAG-1,0.975976,0.02294,0.000542,0.000542
AATCCATGCAAGGGTG-1,0.44752,0.000137,0.192151,0.360193
AATCGCCTCAGCGCCA-1,0.268612,0.204429,0.525751,0.001208
AATCGCGCAGAGGACT-1,0.797545,0.001478,0.002958,0.198019
AATCGGGACACTACGA-1,0.001813,0.325755,0.003867,0.668565
AATCGGTATAGCCCTC-1,0.862507,0.135381,0.001057,0.001056
AATCGTGAGCCGAGCA-1,0.994986,0.001004,0.002006,0.002004
AATCTAGGTTTACTTG-1,0.000245,0.000245,0.510299,0.489211
AATCTCTACTGTGGTT-1,0.10467,0.57137,0.043252,0.280708
AATCTGCGTTGGGACG-1,0.355356,0.429676,0.211742,0.003226
AATCTGGCTTTCTAGT-1,0.491631,0.012809,0.00344,0.49212
AATCTGGGTAGACCCT-1,0.807411,0.00401,0.180558,0.00802
AATGACAGCAATGTCT-1,0.272722,0.002032,0.371123,0.354122
AATGACGTAGGATGTC-1,0.00433,0.978383,0.008647,0.00864
AATGACTGTCAGCCGG-1,0.000086,0.070344,0.81584,0.113731
AATGAGTTCGCATATG-1,0.609967,0.388913,0.00056,0.00056
AATGATGATACGCTAT-1,0.106886,0.710604,0.0576,0.12491
AATGATGCGACTCCTG-1,0.14876,0.125043,0.160493,0.565704
AATGCAACCGGGTACC-1,0.020408,0.05264,0.894751,0.032201
AATGCACCAAGCAATG-1,0.135487,0.554184,0.012468,0.297861
AATGGTCCACCGTTCA-1,0.349632,0.472141,0.000611,0.177616
AATGGTTCTCACAAGC-1,0.164247,0.296828,0.000479,0.538446
AATGTATGGCACTGTA-1,0.687806,0.058812,0.24932,0.004063
AATGTGCCCGAGGTGT-1,0.698787,0.002635,0.00527,0.293308
AATGTGCTAATCTGAG-1,0.70588,0.2827,0.005707,0.005712
AATGTTGTCGTGAGAC-1,0.835642,0.054994,0.0003,0.109064
AATTAAAGGTCGGCGT-1,0.187265,0.812038,0.000348,0.000348
AATTAACGGATTTCCA-1,0.426875,0.566316,0.003404,0.003405
AATTACGAGACCCATC-1,0.827247,0.001416,0.168504,0.002833
AATTACTCGTACGCTC-1,0.566229,0.003439,0.006878,0.423454
AATTAGCGCTGCAGCG-1,0.52038,0.471871,0.003875,0.003873
AATTCATAAGGGATCT-1,0.095083,0.760969,0.008697,0.135251
AATTCATTGTCATGCA-1,0.459453,0.281237,0.254125,0.005185
AATTCCAACTTGGTGA-1,0.576376,0.003746,0.007489,0.412389
AATTCCAAGCATGTAC-1,0.703444,0.001519,0.003034,0.292003
AATTCGATTCGAGGAT-1,0.977264,0.004552,0.009094,0.00909
AATTCTAGAGTTAGGC-1,0.77344,0.21333,0.006617,0.006613
AATTGAACGCTCTGGT-1,0.975222,0.00496,0.009913,0.009905
AATTGCAGCAATCGAC-1,0.999225,0.000155,0.00031,0.00031
AATTGCGTGGATTACA-1,0.433463,0.559798,0.003369,0.003369
AATTGTGGTTGCCAAA-1,0.999576,0.000085,0.00017,0.00017
AATTTGGGACATAGTA-1,0.685669,0.001531,0.003064,0.309736
AATTTGGTTCCAAAGA-1,0.46628,0.515012,0.009354,0.009354
ACAAACCATGCGTCCT-1,0.312516,0.230523,0.324644,0.132317
ACAAACCGACAAGGCG-1,0.536648,0.455865,0.003742,0.003745
ACAAAGAAGGTAGGCC-1,0.038121,0.753556,0.011725,0.196597
ACAAAGCATGACCTAG-1,0.541363,0.421573,0.003445,0.033618
ACAAATCGCACCGAAT-1,0.575613,0.414166,0.00511,0.005111
ACAAATGGTAGTGTTT-1,0.733072,0.250063,0.008433,0.008432
ACAAATTCAGATCTGA-1,0.624674,0.366098,0.004618,0.00461
ACAACAGCATGAGCTA-1,0.069163,0.291281,0.573671,0.065885
ACAACGGTCCCTGCGA-1,0.131009,0.141767,0.104008,0.623216
ACAAGGAAATCCGCCC-1,0.976647,0.004681,0.009327,0.009344
ACAAGGACAAGAGGTT-1,0.248906,0.109358,0.356392,0.285344
ACAAGGATGCTTTAGG-1,0.992041,0.001591,0.003184,0.003184
ACAAGGCCTACCAGCC-1,0.152143,0.086835,0.002354,0.758668
ACAAGGGCAGGCTCTG-1,0.566614,0.002405,0.426163,0.004818
ACAATAGTCGTACGTT-1,0.105562,0.641586,0.17028,0.082572
ACAATCCATTTAAACC-1,0.001317,0.852754,0.002633,0.143296
ACAATCGATCTTTATA-1,0.464819,0.527599,0.003792,0.003791
ACAATGAATACGGAGA-1,0.820503,0.002217,0.004435,0.172845
ACAATGATTCTTCTAC-1,0.722271,0.001257,0.002516,0.273955
ACAATTGTGTCTCTTT-1,0.992471,0.001503,0.003011,0.003015
ACAATTTGGCCATATT-1,0.263601,0.234216,0.050583,0.451599
ACACAAAGACGGGTGG-1,0.036918,0.076443,0.843612,0.043026
ACACAAATATTCCTAG-1,0.3056,0.113967,0.236218,0.344215
ACACACCAGGACCAGT-1,0.627733,0.004215,0.00842,0.359632
ACACACTTTCTACACG-1,0.68196,0.291069,0.013512,0.01346
ACACATGATCAAATCT-1,0.650955,0.219374,0.127849,0.001822
ACACATTGACGCAACA-1,0.621885,0.003508,0.007016,0.36759
ACACATTTCCGTAGAC-1,0.698217,0.296555,0.002616,0.002613
ACACCACATAATTAGC-1,0.719049,0.000266,0.067455,0.21323
ACACCCAGCATGCAGC-1,0.144081,0.196466,0.568812,0.090642
ACACCCGAGAAATCCG-1,0.173479,0.455664,0.001813,0.369044
ACACCGAGCGCTCTTT-1,0.171432,0.823792,0.002389,0.002388
ACACCGGTCTGACCGC-1,0.88119,0.111554,0.003626,0.00363
ACACCTTAAGTAGGGC-1,0.04216,0.003207,0.865365,0.089268
ACACCTTACTACTTGC-1,0.21689,0.665358,0.079722,0.03803
ACACGGCACTATGCAT-1,0.170291,0.000648,0.149365,0.679696
ACACGGGAACTTAGGG-1,0.170691,0.547636,0.237153,0.04452
ACACGTAGGCCACAAG-1,0.420488,0.224652,0.000243,0.354617
ACACTCCAATGTCACT-1,0.632116,0.362175,0.002854,0.002855
ACACTGATCAAGGTGT-1,0.197249,0.78451,0.009119,0.009122
ACACTGGGACAGTCGT-1,0.741615,0.004228,0.017724,0.236433
ACAGAACTGAGAACAA-1,0.418245,0.287248,0.107819,0.186688
ACAGATTAGGTTAGTG-1,0.012124,0.939744,0.024069,0.024063
ACAGCATAGAGCCAGT-1,0.195968,0.689971,0.003969,0.110092
ACAGCGACATTCTCAT-1,0.957321,0.000107,0.042358,0.000214
ACAGCGCACCCGCAGC-1,0.054424,0.000324,0.086233,0.859019
ACAGGAGGCGCAGCCG-1,0.135009,0.861969,0.001511,0.001511
ACAGGCACGGATCCTT-1,0.220677,0.000046,0.051285,0.727993
ACAGGCTTGCCCGACT-1,0.851607,0.002307,0.004617,0.141468
ACAGGTGGAGGTGAGG-1,0.166072,0.718123,0.004554,0.11125
ACAGTAATACAACTTG-1,0.093924,0.221574,0.126301,0.558201
ACAGTATACCGTGGGA-1,0.017249,0.519279,0.071322,0.39215
ACAGTGCAGCGCATTT-1,0.341049,0.190007,0.045917,0.423027
ACATAAGTCGTGGTGA-1,0.416707,0.148305,0.001862,0.433126
ACATAATAAGGCGGTG-1,0.280962,0.073272,0.524896,0.12087
ACATCCCGGCCATACG-1,0.977798,0.004442,0.008878,0.008883
ACATCCTGGTAACTGT-1,0.701859,0.001479,0.293705,0.002958
ACATCGATCGTTTACC-1,0.1613,0.387278,0.333903,0.117519
ACATCGGTCAGCCGCG-1,0.21037,0.789116,0.000257,0.000257
ACATCGTATGCAATGG-1,0.599075,0.388889,0.006016,0.00602
ACATCGTTAACCTAGT-1,0.536797,0.454888,0.004161,0.004155
ACATCTCAACGCGTAA-1,0.106448,0.883186,0.005181,0.005186
ACATGCTTACGGCAGC-1,0.344625,0.514373,0.140278,0.000725
ACATGGCGCCAAAGTA-1,0.701824,0.000739,0.001478,0.295959
ACATGGCTCAATTTAG-1,0.734888,0.003241,0.006486,0.255385
ACATTAGTTTATATCC-1,0.617389,0.367962,0.007326,0.007323
ACATTCGCGCGGAATA-1,0.51998,0.474409,0.002806,0.002805
ACATTTGAAACCTAAC-1,0.531674,0.000622,0.036388,0.431315
ACCAAACACCCAGCGA-1,0.000057,0.02815,0.056952,0.914841
ACCAAACTAGAAATCC-1,0.78657,0.001532,0.003068,0.20883
ACCAACACCACACACT-1,0.061573,0.22376,0.049978,0.664689
ACCAACCGCACTCCAC-1,0.781226,0.011136,0.000339,0.207299
ACCAACGCTTATTTAT-1,0.547575,0.237794,0.008649,0.205981
ACCAAGAACGCGTGTC-1,0.245427,0.620467,0.13083,0.003276
ACCAAGTCATCGGCAG-1,0.977967,0.021385,0.000324,0.000324
ACCAATATGCAAGTTA-1,0.637552,0.347787,0.007331,0.00733
ACCACAACTCAGAACA-1,0.810149,0.025928,0.159308,0.004615
ACCACCAATGTAACAA-1,0.465628,0.408727,0.000365,0.125281
ACCACGTGCAGCTATA-1,0.534055,0.453456,0.006243,0.006246
ACCACTGTTCAAGAAG-1,0.469734,0.516222,0.007027,0.007016
ACCAGACCATAACAAC-1,0.104332,0.287498,0.205436,0.402735
ACCAGCCCGGTCTTTG-1,0.003183,0.984107,0.006356,0.006354
ACCAGGAGTGTGATCT-1,0.926774,0.004013,0.008012,0.061201
ACCAGTGCCCGGTCAA-1,0.619372,0.002161,0.374144,0.004324
ACCAGTGCGGGAGACG-1,0.984672,0.003067,0.006132,0.006129
ACCATATCCGCAATAA-1,0.091445,0.250095,0.639671,0.018789
ACCATCCGCCAACTAG-1,0.07105,0.68405,0.000317,0.244583
ACCATCGTATATGGTA-1,0.345496,0.344627,0.174116,0.135761
ACCATTAAGGGTGTCA-1,0.649319,0.002633,0.342781,0.005266
ACCCAACGCCCGTGGC-1,0.002007,0.011189,0.843591,0.143212
ACCCACCTACATGCTC-1,0.095755,0.187922,0.704066,0.012258
ACCCATCTTGAGGGTA-1,0.064189,0.418394,0.013462,0.503955
ACCCATTTGTCCCTCT-1,0.261076,0.003001,0.105844,0.63008
ACCCGAGCGAAATTAC-1,0.251363,0.609335,0.00571,0.133593
ACCCGATTGGTTCCGA-1,0.982803,0.003441,0.006878,0.006878
ACCCGGAAACTCCCAG-1,0.158077,0.000814,0.001629,0.83948
ACCCGGAGCACCACAA-1,0.034471,0.042247,0.000296,0.922986
ACCCGGATGACGCATC-1,0.863719,0.001916,0.00383,0.130535
ACCCGGTTACACTTCC-1,0.571384,0.00098,0.001959,0.425677
ACCCGTAGCAGAGAAT-1,0.849669,0.143458,0.003437,0.003436
ACCCGTAGTCTAGTTG-1,0.861449,0.021348,0.074272,0.04293
ACCCGTGTCATCAGTA-1,0.980869,0.003833,0.007649,0.00765
ACCCTATAGGACTGAG-1,0.610469,0.374544,0.007493,0.007495
ACCCTATGCCATATCG-1,0.194972,0.587817,0.000931,0.21628
ACCCTCCCGTCAGGGC-1,0.929177,0.07009,0.000367,0.000366
ACCCTCCCTTGCTATT-1,0.205242,0.001605,0.003211,0.789942
ACCCTGGTAACGCCCT-1,0.000926,0.540108,0.001851,0.457114
ACCCTTCATCTGCGAA-1,0.312479,0.325415,0.002516,0.35959
ACCCTTTAGTTCTCCA-1,0.001546,0.613669,0.00309,0.381695
ACCGAAAGGGCCCTGC-1,0.583582,0.00527,0.400604,0.010544
ACCGAAGAGTCTGGTT-1,0.749605,0.24237,0.004012,0.004013
ACCGACACATCTCCCA-1,0.162302,0.00054,0.132321,0.704837
ACCGACTGAGTCCCAC-1,0.135517,0.168302,0.454484,0.241697
ACCGAGTCTCCTTATT-1,0.993265,0.001349,0.002694,0.002692
ACCGATAGGCATAACC-1,0.400731,0.386851,0.021137,0.191281
ACCGATATTTAATCAT-1,0.738912,0.001416,0.256837,0.002835
ACCGATGGTAGCATCG-1,0.740531,0.256289,0.00159,0.00159
ACCGCAATAACTGCCT-1,0.783651,0.00159,0.003178,0.211581
ACCGCGGTGGAAGTCG-1,0.516424,0.289914,0.003589,0.190073
ACCGCTAGTCATTGGT-1,0.749132,0.244264,0.0033,0.003304
ACCGGGCCTTTGTTGA-1,0.565621,0.422763,0.005811,0.005804
ACCGGTCAGGTACACC-1,0.992474,0.001505,0.003011,0.003011
ACCGGTCTGAGTACGG-1,0.239805,0.036515,0.482674,0.241006
ACCGTCCACTGGGCCC-1,0.410589,0.463546,0.124575,0.00129
ACCGTGACCACGTGGG-1,0.848129,0.138664,0.006604,0.006603
ACCGTTCCCGCTCTGA-1,0.979011,0.004211,0.008389,0.008389
ACCTAAGTACCTTTCA-1,0.289976,0.331384,0.374934,0.003706
ACCTACAGTATGTGGT-1,0.13959,0.332608,0.146408,0.381394
ACCTACTATAAATCTA-1,0.381929,0.607862,0.005102,0.005107
ACCTCCGCCCTCGCTG-1,0.815835,0.182948,0.000609,0.000608
ACCTCCGTTATTCACC-1,0.574146,0.270239,0.002006,0.153608
ACCTCGAACTTATGCT-1,0.751189,0.002029,0.242718,0.004064
ACCTGCGTGTCATGTT-1,0.358548,0.258111,0.023139,0.360202
ACCTTTCCTTTAGAAG-1,0.002517,0.609025,0.005028,0.38343
ACGACCCATGAGTTGC-1,0.214834,0.779147,0.00301,0.003009
ACGACTCTAGGGCCGA-1,0.870611,0.041273,0.000227,0.087889
ACGACTGGTCATACTC-1,0.000774,0.149394,0.12785,0.721981
ACGAGAACCCATCACG-1,0.976772,0.009224,0.000306,0.013698
ACGAGATATTTGCTTA-1,0.000152,0.131545,0.237417,0.630886
ACGAGGATACCACTCT-1,0.320158,0.000834,0.207576,0.471432
ACGAGGTTTACAACGT-1,0.320136,0.344452,0.259671,0.075742
ACGAGTCGCCGGCGTT-1,0.356659,0.635128,0.004108,0.004105
ACGATACATAGAACTA-1,0.233973,0.634376,0.006921,0.12473
ACGATCATACATAGAG-1,0.102994,0.322359,0.429951,0.144696
ACGATCATCTTGTAAA-1,0.981245,0.003754,0.007496,0.007504
ACGATGCATATGTTAT-1,0.241917,0.226131,0.076367,0.455585
ACGATGGATCCGATGC-1,0.336644,0.456984,0.00318,0.203192
ACGCAAACTAATAGAT-1,0.553042,0.441926,0.002518,0.002514
ACGCATAAATGACATG-1,0.06735,0.177133,0.029668,0.725849
ACGCATACGTTTACTA-1,0.815302,0.010009,0.064373,0.110316
ACGCATTCGTGAGTAC-1,0.146171,0.346971,0.160094,0.346764
ACGCCAGATGATTTCT-1,0.036182,0.845302,0.077143,0.041373
ACGCCAGTGCGTTTGC-1,0.752963,0.246097,0.00047,0.00047
ACGCCCAGCTGTCGAT-1,0.151947,0.664582,0.007838,0.175634
ACGCCGCTAGACGACC-1,0.263859,0.038205,0.126092,0.571845
ACGCCTGACACGCGCT-1,0.238972,0.759523,0.000752,0.000753
ACGCGAAGTCAGACGA-1,0.527504,0.458463,0.00702,0.007013
ACGCGCTACACAGGGT-1,0.188055,0.545244,0.128292,0.13841
ACGCGGGCCAAGGACA-1,0.133568,0.518092,0.341233,0.007107
ACGCGTTTCTTAAGAG-1,0.406106,0.434306,0.066914,0.092674
ACGCTGTGAGGCGTAG-1,0.041739,0.410443,0.053617,0.494201
ACGCTTAGTGTCTCTC-1,0.480122,0.399586,0.118261,0.00203
ACGGAACACGAGTGCC-1,0.682312,0.135601,0.18064,0.001447
ACGGAATTTAGCAAAT-1,0.98387,0.001409,0.000465,0.014257
ACGGACGCAGCGACAA-1,0.219822,0.508173,0.061157,0.210849
ACGGACTCTCAAAGCG-1,0.835315,0.003122,0.00624,0.155324
ACGGAGCGCAAATTAC-1,0.069966,0.298533,0.003291,0.628211
ACGGATGGTGCGGATA-1,0.577576,0.380224,0.021104,0.021096
ACGGCACTTGCTTGGG-1,0.69886,0.00544,0.284823,0.010877
ACGGCCAACATGGACT-1,0.864814,0.000864,0.132594,0.001728
ACGGCGACGATGGGAA-1,0.852545,0.001915,0.141707,0.003832
ACGGCGGGTTGCCCTG-1,0.870723,0.106818,0.011226,0.011233
ACGGCTGGATGTAGAA-1,0.450738,0.546793,0.001235,0.001234
ACGGGAGTGTCGGCCC-1,0.43171,0.002676,0.37042,0.195194
ACGGGTCATGTGACTT-1,0.092839,0.507311,0.384006,0.015844
ACGGGTTGTGACCTGT-1,0.672563,0.160315,0.004684,0.162437
ACGGTACAGTTCAATG-1,0.966904,0.032184,0.000456,0.000456
ACGGTCACCGAGAACA-1,0.183771,0.334243,0.016305,0.465681
ACGTACAGATTTCTCT-1,0.201651,0.001393,0.002784,0.794172
ACGTACTTTGGCACGG-1,0.576197,0.412385,0.005709,0.005709
ACGTAGATTGCTGATG-1,0.003957,0.102788,0.655955,0.2373
ACGTAGGAGAGTCGCT-1,0.191731,0.288441,0.002018,0.517811
ACGTATTACTCCGATC-1,0.160996,0.52114,0.006017,0.311846
ACGTCCTAAACGAGAT-1,0.880589,0.006239,0.100698,0.012474
ACGTCGGGCAACTCGG-1,0.289854,0.709081,0.000532,0.000532
ACGTCTCGTTCCGGGA-1,0.157871,0.423476,0.026718,0.391934
ACGTGACAAAGTAAGT-1,0.000232,0.443504,0.197795,0.35847
ACGTGCGCCTCGTGCA-1,0.003369,0.817796,0.172099,0.006736
ACGTGGTCGAATGTGC-1,0.717309,0.003917,0.270934,0.00784
ACGTTAATGTCGAAGA-1,0.003215,0.105569,0.363942,0.527275
ACGTTATTGGTCACTC-1,0.763966,0.000985,0.00197,0.23308
ACGTTCACTATGCCGC-1,0.221745,0.772687,0.002784,0.002784
ACGTTCCGCGCTCCGT-1,0.491986,0.005111,0.010224,0.492679
ACGTTCGCAATCAATT-1,0.358272,0.539737,0.066709,0.035281
ACGTTCGTTCAGGAAA-1,0.854786,0.133397,0.005911,0.005906
ACGTTCTGTACAAGTC-1,0.989967,0.008922,0.000555,0.000555
ACGTTGTCGTTGAAAG-1,0.460706,0.334442,0.000885,0.203966
ACGTTTAGTTGTGATC-1,0.114573,0.870768,0.007329,0.00733
ACTAATACGTCAGGCG-1,0.332808,0.665214,0.000989,0.000989
ACTACAAAGAGAGGTG-1,0.853167,0.002854,0.005704,0.138274
ACTACATCCCGACAAG-1,0.983136,0.00337,0.006753,0.006741
ACTACCAGCTCTCTGG-1,0.002443,0.010156,0.725862,0.261539
ACTACCATCCGAGGGC-1,0.959699,0.029073,0.005616,0.005612
ACTACGCGTTAGAATT-1,0.580132,0.001938,0.10359,0.31434
ACTAGTTGCGATCGTC-1,0.954294,0.041179,0.002269,0.002258
ACTATATGCTGTGTTC-1,0.992733,0.001453,0.002906,0.002907
ACTATCCAGGGCATGG-1,0.991972,0.001606,0.00321,0.003212
ACTATCGCCGGCTAAA-1,0.518739,0.472614,0.004323,0.004324
ACTATCTGCCCGCGTA-1,0.990412,0.001916,0.003839,0.003833
ACTATGTCCAGCTGCC-1,0.991232,0.001755,0.003505,0.003507
ACTATTCGTCCGTGGT-1,0.001279,0.872635,0.123532,0.002554
ACTATTTCCGGGCCCA-1,0.791611,0.001381,0.002759,0.204249
ACTCAACGAATGTATT-1,0.427921,0.552244,0.009925,0.00991
ACTCAAGTGCAAGGCT-1,0.733744,0.262195,0.00203,0.00203
ACTCAATAAAGGCACG-1,0.16632,0.518487,0.238164,0.07703
ACTCAGACCTGCTTCT-1,0.916063,0.000166,0.000332,0.08344
ACTCATGGCAGCCTTC-1,0.724709,0.266762,0.004265,0.004264
ACTCCAATATCATCAT-1,0.002311,0.988453,0.004616,0.00462
ACTCCCATTCCTAAAG-1,0.419254,0.566717,0.007015,0.007015
ACTCCCGAATTCGTTT-1,0.40846,0.301783,0.179299,0.110458
ACTCCCGTAGACTAGG-1,0.0002,0.308579,0.113478,0.577743
ACTCCCTAATGCTAAA-1,0.001003,0.001003,0.003235,0.994758
ACTCCCTAGAATAGTA-1,0.336176,0.633193,0.01533,0.015301
ACTCCGGCCGACCACT-1,0.777882,0.221599,0.00026,0.00026
ACTCGATGTATTTCAT-1,0.393917,0.005817,0.011637,0.588629
ACTCGCCGTTCGATAA-1,0.866675,0.101708,0.013788,0.017828
ACTCGCGATCTGACGC-1,0.556079,0.138899,0.302599,0.002424
ACTCGTAACCCGTCCT-1,0.529815,0.458949,0.00562,0.005616
ACTCGTCAGTAATCCC-1,0.000015,0.000015,0.89279,0.10718
ACTCTAAACCTGGGAT-1,0.005247,0.043668,0.0672,0.883885
ACTCTCTGACTTAGGT-1,0.003748,0.676725,0.312036,0.007491
ACTCTCTTATACACGA-1,0.001896,0.990529,0.003786,0.003789
ACTCTGACCTAATAGA-1,0.846839,0.152491,0.000335,0.000335
ACTCTTCAGCTCCCGC-1,0.188295,0.586052,0.000457,0.225196
ACTCTTGTATAGTAAC-1,0.045645,0.042541,0.698511,0.213303
ACTGAAACGCCGTTAG-1,0.71572,0.002279,0.220813,0.061188
ACTGAATGGCGAAAGT-1,0.498386,0.004011,0.489557,0.008045
ACTGATTTAGTGATTC-1,0.003832,0.739624,0.00765,0.248893
ACTGCCCGCCATTCTC-1,0.796404,0.002904,0.19488,0.005812
ACTGCCGTCGTAACTC-1,0.486585,0.001004,0.002007,0.510404
ACTGCGGACACACCGT-1,0.253412,0.438021,0.098867,0.2097
ACTGCTCGGAAGGATG-1,0.30888,0.567056,0.123189,0.000876
ACTGGGATGCCAGTGC-1,0.576417,0.128836,0.002785,0.291962
ACTGTACGATACACAT-1,0.120782,0.176977,0.582741,0.1195
ACTGTAGCACTTTGGA-1,0.07758,0.089797,0.760231,0.072392
ACTGTATACGCGAGCA-1,0.999023,0.000195,0.000391,0.000391
ACTGTCCAGGATTATA-1,0.067808,0.622666,0.145107,0.164419
ACTGTGCTAGTAGATC-1,0.769336,0.229679,0.000492,0.000492
ACTGTTTAGTGTAGGC-1,0.64141,0.339886,0.009337,0.009367
ACTTACCGGGCGCGCA-1,0.709496,0.27946,0.005518,0.005526
ACTTACGCATCCACGC-1,0.653035,0.170561,0.1713,0.005104
ACTTAGTACGACAAGA-1,0.907339,0.000164,0.000329,0.092168
ACTTATACTTACCCGG-1,0.00017,0.239713,0.168254,0.591864
ACTTATCTGATCTATA-1,0.979923,0.004015,0.008028,0.008034
ACTTATTAGGATCGGT-1,0.199486,0.444684,0.129735,0.226095
ACTTATTTATGTGCCA-1,0.518686,0.474057,0.00363,0.003627
ACTTCAGGCTGATCCC-1,0.064034,0.000231,0.312982,0.622754
ACTTCCAGTGGAAGCT-1,0.32835,0.019741,0.319621,0.332288
ACTTCCATGCGGGACA-1,0.836407,0.094802,0.065912,0.002879
ACTTCCTGTCGTGCGA-1,0.430084,0.000873,0.175428,0.393614
ACTTCGCCATACGCAC-1,0.147911,0.582797,0.124984,0.144308
ACTTCGCTAGCGAGTG-1,0.395785,0.58735,0.009605,0.00726
ACTTGACTCCCTCTTT-1,0.044456,0.872108,0.002575,0.080861
ACTTGCCATATTGTAC-1,0.745194,0.001893,0.157599,0.095315
ACTTGCTCTATCTACC-1,0.472416,0.524565,0.00151,0.001509
ACTTGTAGTCCCTTCA-1,0.054885,0.714379,0.014557,0.216178
ACTTGTGGATGGAACG-1,0.179929,0.567147,0.030966,0.221958
ACTTTACCCTCATGAA-1,0.498344,0.500765,0.000446,0.000445
ACTTTATACACCACTT-1,0.307751,0.598104,0.093254,0.000892
ACTTTCCTATAGCTTC-1,0.107559,0.416518,0.310259,0.165664
ACTTTGACTGCATCCT-1,0.132978,0.71888,0.019773,0.12837
ACTTTGGTCGTGCTCC-1,0.155218,0.82835,0.008216,0.008216
ACTTTGTCGACGCACT-1,0.617484,0.368473,0.007022,0.007021
AGAAATTATGACTCGC-1,0.502335,0.480397,0.008633,0.008636
AGAACACGGCGATGGT-1,0.236378,0.59864,0.000742,0.164239
AGAACCCAGCGTGACA-1,0.589459,0.374761,0.000249,0.035532
AGAACCCTCAATTGGG-1,0.846389,0.150476,0.001568,0.001568
AGAACGTGGTACATTC-1,0.219101,0.701115,0.079605,0.000179
AGAAGAGCGCCGTTCC-1,0.35499,0.629337,0.007826,0.007847
AGAAGGTACACTTCAC-1,0.02174,0.442034,0.088563,0.447662
AGAAGGTTGCCGAATT-1,0.285023,0.425904,0.06523,0.223843
AGAAGGTTGTAGGTCG-1,0.161095,0.05584,0.357042,0.426024
AGAAGTGATTCGTGAT-1,0.642557,0.000674,0.19106,0.165709
AGAATAAATCTTCAGG-1,0.016447,0.202538,0.326178,0.454838
AGAATGCGGGTTCGGA-1,0.830773,0.001277,0.165394,0.002555
AGAATTATGGATTCGA-1,0.253861,0.364915,0.245848,0.135377
AGAATTGTTTGACATA-1,0.316181,0.291809,0.081073,0.310936
AGACAGCTCAGAATCC-1,0.253307,0.680353,0.001109,0.065231
AGACAGGCATCTCAGC-1,0.632549,0.242056,0.004436,0.120959
AGACATAGATCCTTCC-1,0.978916,0.004218,0.008443,0.008424
AGACCAAACCACACCT-1,0.588342,0.091228,0.002717,0.317713
AGACCATGGGATACAA-1,0.185838,0.556167,0.002132,0.255862
AGACCCACCGCTGATC-1,0.320149,0.33357,0.007491,0.338789
AGACCCGCCCTCCTCG-1,0.006656,0.097709,0.8827,0.012935
AGACCGCTCCGCGGTT-1,0.369553,0.000486,0.166271,0.46369
AGACCGGGAAACCCTG-1,0.178409,0.276678,0.013364,0.531549
AGACGAAGTGCCGGTC-1,0.992059,0.00159,0.003175,0.003176
AGACGACGATGCCGCT-1,0.598041,0.399609,0.001175,0.001175
AGACGCCCACTTCGCC-1,0.264906,0.599179,0.116875,0.01904
AGACGGGATTGGTATA-1,0.65015,0.336088,0.006878,0.006884
AGACGGGCCGATTTAA-1,0.21867,0.000563,0.06144,0.719326
AGACTAGCCTTCCAGA-1,0.10736,0.132208,0.758828,0.001605
AGACTGTTACCGGGTC-1,0.592066,0.136496,0.266002,0.005436
AGAGAAACACCAGAAA-1,0.992669,0.001465,0.002936,0.002931
AGAGAAGGAGTACAAT-1,0.598152,0.000674,0.004784,0.39639
AGAGATCTCTAAAGCG-1,0.08507,0.411045,0.054133,0.449752
AGAGCAGTTATGAGAC-1,0.290059,0.659299,0.042397,0.008245
AGAGCCGCCGAGATTT-1,0.881634,0.113371,0.002498,0.002497
AGAGCGCTTGTAACGG-1,0.044411,0.255967,0.209779,0.489842
AGAGCGGGCTAATCAT-1,0.321041,0.027347,0.001406,0.650206
AGAGCGTACAAGCTCG-1,0.619991,0.375396,0.002305,0.002308
AGAGCTACGAAAGCAT-1,0.995127,0.000974,0.001949,0.00195
AGAGGCTTCGGAAACC-1,0.779749,0.001558,0.00312,0.215573
AGAGGTATCTCGGTCC-1,0.650483,0.005273,0.333718,0.010527
AGAGTAAACTTCACTA-1,0.931426,0.000843,0.066047,0.001685
AGAGTTAGAGACCGAT-1,0.830636,0.000851,0.166811,0.001702
AGATAACTTCAGGGCC-1,0.238778,0.080946,0.42069,0.259585
AGATACCAATAGAACC-1,0.869527,0.129913,0.00028,0.00028
AGATACCAGCACTTCA-1,0.10658,0.559871,0.049393,0.284155
AGATACGACTTCATAT-1,0.617677,0.117582,0.000348,0.264392
AGATACTCAAGATCGA-1,0.388733,0.001519,0.003036,0.606712
AGATATAATACGACTA-1,0.150157,0.000425,0.136602,0.712817
AGATCGTGCATAAGAT-1,0.019279,0.41136,0.082655,0.486706
AGATCTGGAGAGGATA-1,0.10794,0.275678,0.095106,0.521276
AGATGACTCGCCCACG-1,0.148248,0.366617,0.484827,0.000308
AGATGAGGGTTGCGAT-1,0.17828,0.001674,0.019842,0.800203
AGATGATGGAGTCTGG-1,0.991408,0.00172,0.003433,0.003439
AGATGCAAGACGTGCA-1,0.353399,0.020719,0.060476,0.565407
AGATGCATCCTGTGTC-1,0.533858,0.217615,0.246367,0.002161
AGATGCTATAACGAGC-1,0.448508,0.538774,0.00636,0.006359
AGATTATAGGACGTTT-1,0.148666,0.423946,0.28988,0.137508
AGATTCAAGCGGGTCG-1,0.5464,0.44735,0.003131,0.003118
AGATTCACAACCGATA-1,0.381317,0.053898,0.314915,0.249869
AGCAAAGGCCGCTAGT-1,0.764481,0.227677,0.003921,0.003921
AGCAACATATCTTATT-1,0.662961,0.004682,0.138022,0.194335
AGCAACCGAAAGTAAT-1,0.778747,0.003368,0.211144,0.006741
AGCACACGTTTAGACT-1,0.563924,0.05983,0.146742,0.229503
AGCACCAGTACTCACG-1,0.189661,0.624519,0.182965,0.002855
AGCACTACCGGCCTGT-1,0.05903,0.857884,0.020063,0.063023
AGCACTACCTCACCAG-1,0.979939,0.004011,0.008031,0.008019
AGCAGAAGGAGAAAGA-1,0.985953,0.002812,0.005622,0.005613
AGCAGCCAGATGAATA-1,0.245841,0.39494,0.002007,0.357213
AGCAGTCGAAGCATGC-1,0.615702,0.274791,0.002162,0.107344
AGCATATCAATATGCT-1,0.51294,0.474795,0.006135,0.00613
AGCATCATTTCGAAAG-1,0.211765,0.000523,0.164501,0.623211
AGCATCGTCGATAATT-1,0.112488,0.116123,0.629134,0.142255
AGCATTACGAGGCAAG-1,0.975071,0.024164,0.000383,0.000382
AGCCAAGCTTTGTGTC-1,0.00604,0.969913,0.012025,0.012022
AGCCACAGGTTACCCG-1,0.238417,0.000891,0.110185,0.650506
AGCCACTCCCGTGCTT-1,0.164626,0.623122,0.00114,0.211112
AGCCATATAGTATGTG-1,0.33707,0.335787,0.002424,0.324719
AGCCCATACATGTAAG-1,0.202354,0.445946,0.102954,0.248745
AGCCCGCAACAAGCAG-1,0.11409,0.872423,0.006751,0.006735
AGCCCGGCATTAGAGG-1,0.983459,0.003311,0.00661,0.006619
AGCCCGGTAGCCTGTA-1,0.834976,0.148592,0.008214,0.008219
AGCCCTAAGCGAAGTT-1,0.00159,0.589114,0.406119,0.003177
AGCCCTCCCTGGTGGC-1,0.281894,0.000873,0.001747,0.715485
AGCCCTGTCGCACCGT-1,0.556922,0.16583,0.00082,0.276429
AGCCCTTCTAATCCGA-1,0.186785,0.493464,0.000283,0.319467
AGCCCTTGGACATCCC-1,0.65996,0.337109,0.001466,0.001465
AGCCGCTTGATTAGCG-1,0.373359,0.615771,0.005434,0.005436
AGCCGTGGCTAAATGT-1,0.268861,0.001147,0.002291,0.727701
AGCCTAATACCCACGT-1,0.485526,0.510231,0.002122,0.002121
AGCCTTAAAGCGGAAG-1,0.00241,0.347647,0.16975,0.480193
AGCCTTGTCACTGATA-1,0.774233,0.002106,0.004209,0.219452
AGCGACAGGAACGGTC-1,0.789852,0.073243,0.003209,0.133697
AGCGACATCCCATTCA-1,0.879063,0.001621,0.003243,0.116073
AGCGACCAACGATATT-1,0.040588,0.143156,0.800877,0.015379
AGCGAGACGTGAAGGC-1,0.989839,0.002033,0.004066,0.004062
AGCGATGCGCCTAATA-1,0.619312,0.029657,0.009864,0.341167
AGCGCATAATGAATCG-1,0.972007,0.005614,0.011189,0.01119
AGCGCGGGTGCCAATG-1,0.284758,0.590495,0.119306,0.00544
AGCGCTAGAGCGATGT-1,0.485854,0.484487,0.00433,0.025329
AGCGCTTATGGGCAAG-1,0.995398,0.00092,0.001842,0.00184
AGCGGACACTTCGTAG-1,0.817843,0.174665,0.003745,0.003748
AGCGGCGGTTAGCGGT-1,0.000538,0.189439,0.405175,0.404848
AGCGGGAAGGGTCCAT-1,0.67199,0.314089,0.001926,0.011996
AGCGGGTCTGACACTC-1,0.491131,0.506096,0.001386,0.001386
AGCGGTTGAGATGTAC-1,0.06199,0.198126,0.000839,0.739046
AGCGGTTGCCGCTCTG-1,0.022281,0.587412,0.123503,0.266804
AGCGTACGAGAGCTAG-1,0.993308,0.001337,0.002678,0.002677
AGCGTAGCGCTAGACC-1,0.941779,0.00021,0.000421,0.05759
AGCGTCTGAACCCGCA-1,0.784132,0.000905,0.001812,0.21315
AGCGTGGTATTCTACT-1,0.002108,0.445988,0.287791,0.264113
AGCGTTCCGATTTAAA-1,0.573379,0.317078,0.107235,0.002307
AGCTAACAAGCAATGT-1,0.987615,0.002478,0.004951,0.004955
AGCTAAGTACGCAGGC-1,0.626899,0.36348,0.004807,0.004813
AGCTAGAAGCAGAAGT-1,0.03093,0.375834,0.078107,0.515128
AGCTATTTAATCCAAC-1,0.393411,0.358482,0.001803,0.246304
AGCTCCATATATGTTC-1,0.857548,0.141535,0.000459,0.000458
AGCTCCTTCGCACATC-1,0.987243,0.002553,0.0051,0.005104
AGCTCGTTGATGGAAA-1,0.000187,0.40488,0.113689,0.481244
AGCTCTAGACGTTCCA-1,0.089808,0.021091,0.75967,0.129431
AGCTCTTCCCAGTGCA-1,0.121413,0.314299,0.208086,0.356202
AGCTCTTCGTAACCTT-1,0.001547,0.618888,0.160776,0.218789
AGCTCTTTACTCAGTT-1,0.187587,0.654137,0.05376,0.104516
AGCTGAAGTAAACCAA-1,0.116432,0.531058,0.126197,0.226313
AGCTGCATTTGAGGTG-1,0.00098,0.572101,0.42496,0.001959
AGCTGCTGTGCCGAAT-1,0.653849,0.000606,0.053416,0.292129
AGCTGTAACCTCAATC-1,0.576376,0.000452,0.000904,0.422269
AGCTTATAGAGACCTG-1,0.98814,0.002373,0.004743,0.004744
AGCTTCAATACTTTGA-1,0.774491,0.001894,0.003787,0.219828
AGCTTCTTCTCGAGCA-1,0.91264,0.086504,0.000428,0.000428
AGCTTGATCAGGGTAG-1,0.374962,0.000637,0.102943,0.521459
AGCTTGATCTTAACTT-1,0.096938,0.521145,0.046742,0.335175
AGGAAAGCCTCTGATG-1,0.195456,0.615309,0.186558,0.002677
AGGAACGAACGACTTC-1,0.676758,0.095013,0.084125,0.144105
AGGAAGCTGTCCGCCG-1,0.99123,0.001756,0.003512,0.003502
AGGACAGTCGAATCCC-1,0.302113,0.684141,0.00687,0.006876
AGGACATCGCACGTCG-1,0.381231,0.383615,0.092706,0.142448
AGGACATCGGCACACT-1,0.699546,0.299702,0.000376,0.000376
AGGACGACCCATTAGA-1,0.477202,0.191917,0.001511,0.32937
AGGACGCTCGATGTTG-1,0.228525,0.5793,0.000345,0.19183
AGGACTTATAGGAGAA-1,0.583043,0.256836,0.155709,0.004413
AGGAGGCCTTCGCGCG-1,0.979911,0.004015,0.008048,0.008027
AGGATAAAGTCGGGAT-1,0.16747,0.000454,0.000909,0.831167
AGGATATAGGGATTTA-1,0.974448,0.005118,0.010221,0.010214
AGGATATCCGACTGCA-1,0.999147,0.000171,0.000341,0.000341
AGGATCACGCGATCTG-1,0.978909,0.004221,0.008437,0.008434
AGGATTGCTTACGACA-1,0.308901,0.353851,0.294857,0.042392
AGGCAAAGAGGAATCA-1,0.842662,0.005818,0.011631,0.139889
AGGCAATACGGAGGAC-1,0.709018,0.278014,0.006485,0.006483
AGGCACGTGACTGTCC-1,0.638775,0.123095,0.000344,0.237785
AGGCAGATGCGTAAAC-1,0.097447,0.251753,0.038829,0.611971
AGGCAGGGAGCGTACT-1,0.67627,0.002808,0.315301,0.005621
AGGCATTGTCGTAGGG-1,0.481857,0.507769,0.005194,0.00518
AGGCCACATTGGTTAC-1,0.435532,0.232088,0.094652,0.237728
AGGCCACCCGTTATGA-1,0.109042,0.123407,0.676398,0.091152
AGGCCCAGTGACTGGT-1,0.608771,0.000847,0.265379,0.125003
AGGCCCATTGTACAGG-1,0.000272,0.000272,0.640221,0.359234
AGGCCCTAGAACGCCA-1,0.47195,0.474116,0.001243,0.05269
AGGCCTATCATACCAA-1,0.61581,0.002907,0.375477,0.005806
AGGCCTGAGAATCTCG-1,0.532226,0.458164,0.004804,0.004807
AGGCGATAACTGGCGT-1,0.343054,0.118642,0.068347,0.469956
AGGCGGTTTGTCCCGC-1,0.041737,0.000213,0.153395,0.804655
AGGCGTCTATGGACGG-1,0.000231,0.727668,0.000461,0.271641
AGGCTATGGTTAGCTT-1,0.115903,0.402394,0.232974,0.248728
AGGCTTCCCGAAGAAG-1,0.108202,0.646735,0.00212,0.242942
AGGCTTGCTAGACACC-1,0.588788,0.137606,0.002554,0.271052
AGGGAAACGAGGTACT-1,0.766783,0.110809,0.120731,0.001677
AGGGACAGCACGGCGG-1,0.961784,0.007656,0.015276,0.015284
AGGGACCGGCTGCGTT-1,0.357025,0.580621,0.000421,0.061933
AGGGACTCTACGCGAC-1,0.925726,0.05553,0.009377,0.009367
AGGGCAGCGGCGTGGT-1,0.130153,0.754868,0.111318,0.003661
AGGGCCCTAATGTTCT-1,0.968718,0.023719,0.007257,0.000306
AGGGCGAGCAGCTGAT-1,0.124108,0.474657,0.021184,0.380051
AGGGCGTGATCGGCTA-1,0.660607,0.316911,0.011241,0.011241
AGGGCTGCAGTTACAG-1,0.004605,0.03033,0.898379,0.066686
AGGGTCAGAGCACTCG-1,0.4462,0.530586,0.011604,0.011611
AGGGTCAGTAACCCTA-1,0.01672,0.392805,0.019738,0.570737
AGGGTCGATGCGAACT-1,0.501468,0.494008,0.002263,0.002261
AGGGTCTGGACGCAGT-1,0.984968,0.000223,0.000445,0.014364
AGGGTGCCGTTCTTTA-1,0.53898,0.447256,0.006872,0.006892
AGGGTGCTCTCGAGGG-1,0.302124,0.333154,0.200841,0.163881
AGGGTGGATAGTGCAT-1,0.496347,0.499073,0.002291,0.002289
