Barcode,Topic 1,Topic 2to3,Topic 4to6,Topic 7to9
AAACAACGAATAGTTC-1,0.000186,0.019061,0.843133,0.137619
AAACAAGTATCTCCCA-1,0.000091,0.000182,0.672971,0.326756
AAACAATCTACTAGCA-1,0.000219,0.166385,0.632829,0.200567
AAACACCAATAACTGC-1,0.001658,0.363784,0.391904,0.242654
AAACAGCTTTCAGAAG-1,0.000313,0.081694,0.180514,0.73748
AAACAGGGTCTATATT-1,0.000782,0.001566,0.953176,0.044475
AAACATGGTGAGAGGA-1,0.000983,0.001968,0.994097,0.002952
AAACATTTCCCGGATT-1,0.000325,0.00065,0.992195,0.00683
AAACCCGAACGAAATC-1,0.00202,0.004043,0.987872,0.006064
AAACCGGAAATGTTAA-1,0.00117,0.152207,0.843113,0.003511
AAACCGGGTAGGTACC-1,0.000032,0.000064,0.000097,0.999807
AAACCGTTCGTCCAGG-1,0.000052,0.555971,0.366408,0.077569
AAACCTAAGCAGCCGG-1,0.000419,0.062465,0.935857,0.001259
AAACCTCATGAAGTTG-1,0.001079,0.002159,0.993524,0.003239
AAACGAAGAACATACC-1,0.000251,0.254542,0.276387,0.46882
AAACGAAGATGGAGTA-1,0.000092,0.000185,0.072157,0.927565
AAACGAGACGGTTGAT-1,0.000092,0.264359,0.712008,0.023541
AAACGGGCGTACGGGT-1,0.000144,0.012528,0.895473,0.091855
AAACGGGTTGGTATCC-1,0.000416,0.000833,0.997502,0.001249
AAACGGTTGCGAACTG-1,0.000103,0.416958,0.560658,0.022281
AAACGTGTTCGCCCTA-1,0.000024,0.177391,0.523549,0.299036
AAACTCGGTTCGCAAT-1,0.000114,0.234848,0.726748,0.038289
AAACTCGTGATATAAG-1,0.000377,0.000754,0.649386,0.349483
AAACTGCTGGCTCCAA-1,0.000083,0.225008,0.421303,0.353606
AAACTTAATTGCACGC-1,0.0003,0.281323,0.587275,0.131102
AAACTTGCAAACGTAT-1,0.000408,0.477938,0.520427,0.001226
AAAGAATGACCTTAGA-1,0.000829,0.319761,0.67692,0.002489
AAAGACCCAAGTCGCG-1,0.000051,0.046261,0.269288,0.684401
AAAGACTGGGCGCTTT-1,0.000219,0.067274,0.931849,0.000658
AAAGCTTGCCTACATA-1,0.000214,0.356802,0.642343,0.000642
AAAGGCTACGGACCAT-1,0.000131,0.131418,0.854963,0.013488
AAAGGGATGTAGCAAG-1,0.000038,0.990767,0.009081,0.000114
AAAGGGCAGCTTGAAT-1,0.000454,0.000908,0.997277,0.001362
AAAGTAGCATTGCTCA-1,0.000087,0.142075,0.698059,0.159779
AAAGTCACTGATGTAA-1,0.000918,0.216581,0.64832,0.134181
AAAGTCGACCCTCAGT-1,0.000255,0.00051,0.276397,0.722838
AAAGTGCCATCAATTA-1,0.000285,0.00057,0.99829,0.000855
AAAGTGTGATTTATCT-1,0.000016,0.000859,0.000047,0.999078
AAAGTTGACTCCCGTA-1,0.000078,0.022218,0.717684,0.26002
AAATAAGGTAGTGCCC-1,0.000494,0.000988,0.997035,0.001483
AAATACCTATAAGCAT-1,0.000035,0.449936,0.189173,0.360856
AAATAGCTTAGACTTT-1,0.000682,0.001364,0.995908,0.002046
AAATAGGGTGCTATTG-1,0.000079,0.001679,0.235881,0.762361
AAATCCGATACACGCC-1,0.000089,0.098391,0.901253,0.000267
AAATCGCGGAAGGAGT-1,0.000284,0.16662,0.607853,0.225242
AAATCGTGTACCACAA-1,0.000106,0.257747,0.637914,0.104233
AAATCTAGCCCTGCTA-1,0.000043,0.015416,0.398496,0.586045
AAATGATTCGATCAGC-1,0.000053,0.000106,0.364145,0.635697
AAATGCTCGTTACGTT-1,0.000141,0.020864,0.622483,0.356511
AAATGGCCCGTGCCCT-1,0.001001,0.413006,0.582988,0.003005
AAATGGTCAATGTGCC-1,0.000033,0.196831,0.053491,0.749645
AAATGTATCTTATCCC-1,0.00031,0.021669,0.977089,0.000932
AAATGTGGGTGCTCCT-1,0.000049,0.41586,0.465087,0.119004
AAATTAACGGGTAGCT-1,0.000076,0.586993,0.408144,0.004787
AAATTAATAAGCGCGA-1,0.000811,0.001623,0.995131,0.002435
AAATTACCTATCGATG-1,0.000133,0.003641,0.659388,0.336838
AAATTCCAGGTCCAAA-1,0.00003,0.430892,0.568988,0.00009
AAATTGATAGTCCTTT-1,0.000134,0.307609,0.607863,0.084394
AAATTGCGGCGGTTCT-1,0.001058,0.002118,0.86975,0.127074
AAATTGGTGAGAAGCA-1,0.000084,0.293529,0.706134,0.000253
AAATTTGCGGGTGTGG-1,0.000095,0.122669,0.876951,0.000285
AACAACTGGTAGTTGC-1,0.000102,0.028885,0.855444,0.115569
AACAATACATTGTCGA-1,0.000192,0.382408,0.267341,0.350058
AACAATTACTCTACGC-1,0.000983,0.001968,0.994097,0.002952
AACACACGCTCGCCGC-1,0.000034,0.000067,0.241634,0.758265
AACACGACTGTACTGA-1,0.000056,0.134621,0.393503,0.47182
AACACGAGACGCGGCC-1,0.000077,0.45411,0.54558,0.000232
AACACGCGGCCGCGAA-1,0.000087,0.111468,0.638171,0.250274
AACAGCTGTGTGGCAA-1,0.001949,0.29073,0.701468,0.005852
AACAGGATGGGCCGCG-1,0.000276,0.000552,0.998345,0.000828
AACAGGTAGTATGGAT-1,0.000712,0.241804,0.656361,0.101123
AACATATCAACTGGTG-1,0.000075,0.223215,0.563893,0.212817
AACATCGATACGTCTA-1,0.000087,0.106164,0.893488,0.000261
AACATTGGTCAGCCGT-1,0.001019,0.153379,0.842542,0.00306
AACCAAGACTTCTCTG-1,0.000136,0.204023,0.795434,0.000407
AACCATGGGATCGCTA-1,0.000057,0.000114,0.471428,0.528401
AACCCAGAGACGGAGA-1,0.000012,0.000025,0.267961,0.732002
AACCCATCCCATGATC-1,0.000056,0.609309,0.346764,0.043871
AACCCGAGCAGAATCG-1,0.001481,0.002965,0.991106,0.004448
AACCCTACTGTCAATA-1,0.000155,0.018659,0.969492,0.011695
AACCCTGGTGGAACCA-1,0.000053,0.298323,0.660338,0.041286
AACCGCTAAGGGATGC-1,0.000032,0.019923,0.577907,0.402137
AACCGTTGTGTTTGCT-1,0.001111,0.436943,0.55861,0.003336
AACCTAAAGCCGTCCG-1,0.001292,0.390499,0.60433,0.003879
AACCTCGCTTTAGCCC-1,0.000607,0.46673,0.53084,0.001823
AACCTGTCACGGAATT-1,0.000058,0.000116,0.80592,0.193906
AACCTTTAAATACGGT-1,0.000056,0.429052,0.486317,0.084575
AACGAAAGTCGTCCCA-1,0.000374,0.161971,0.797864,0.039791
AACGATAATGCCGTAG-1,0.000046,0.178312,0.059054,0.762589
AACGATAGAAGGGCCG-1,0.000033,0.05445,0.188408,0.757108
AACGATATGTCAACTG-1,0.000154,0.189594,0.727665,0.082588
AACGCATGATCTGGGT-1,0.000067,0.038847,0.339376,0.62171
AACGCGAACGGCAACA-1,0.000983,0.001968,0.994096,0.002952
AACGCGACCTTGGGCG-1,0.000117,0.187144,0.740492,0.072246
AACGCTGTTGCTGAAA-1,0.000011,0.000022,0.129077,0.870889
AACGGACGTACGTATA-1,0.000013,0.000026,0.497064,0.502896
AACGGCCATCTCCGGT-1,0.000066,0.147984,0.682895,0.169054
AACGTACTGTGGGTAC-1,0.000093,0.250799,0.713337,0.035771
AACGTAGTCTACCCAT-1,0.001916,0.380368,0.611965,0.005751
AACGTCAGACTAGTGG-1,0.000151,0.012424,0.69332,0.294105
AACGTGCGAAAGTCTC-1,0.000078,0.383013,0.616673,0.000235
AACGTTATCAGCACCT-1,0.000437,0.000875,0.40734,0.591347
AACTACCCGTTTGTCA-1,0.002525,0.179205,0.810689,0.007581
AACTAGCGTATCGCAC-1,0.000215,0.199253,0.799886,0.000645
AACTAGGCTTGGGTGT-1,0.000128,0.059443,0.661274,0.279155
AACTCAAGTTAATTGC-1,0.000101,0.188288,0.280586,0.531025
AACTCCAGAGCGTGTT-1,0.000141,0.563424,0.436011,0.000423
AACTCGATAAACACGT-1,0.000299,0.210097,0.788707,0.000897
AACTCGATGGCGCAGT-1,0.00003,0.00006,0.106644,0.893266
AACTCTCAATAGAGCG-1,0.000087,0.047187,0.839119,0.113606
AACTCTCAGTGTGCTC-1,0.000063,0.657594,0.271173,0.071171
AACTGAGTTATACTGA-1,0.003831,0.208933,0.775734,0.011502
AACTGGTGTGGGCCTT-1,0.000386,0.023887,0.669845,0.305882
AACTTCTGCGTCTATC-1,0.001821,0.003645,0.989066,0.005467
AACTTGCCCGTATGCA-1,0.000304,0.000609,0.998172,0.000914
AACTTGCGTTCTCGCG-1,0.000159,0.266033,0.656696,0.077113
AACTTTACGGGAGCTT-1,0.000811,0.001623,0.995131,0.002435
AACTTTAGCTGCTGAG-1,0.000161,0.000322,0.729325,0.270192
AACTTTCTCGATCATG-1,0.000042,0.000083,0.901897,0.097977
AAGAAATCACCAGATT-1,0.000036,0.220419,0.682513,0.097033
AAGAAGGATCAGTTAG-1,0.000158,0.023722,0.975646,0.000474
AAGACCAAATAACTCA-1,0.002096,0.004196,0.249062,0.744646
AAGACTAACCCGTTGT-1,0.00018,0.00036,0.852982,0.146479
AAGAGATGAATCGGTA-1,0.000174,0.000349,0.998953,0.000524
AAGAGCTCTTTATCGG-1,0.000107,0.226951,0.598217,0.174725
AAGAGGATGTACGCGA-1,0.000097,0.336503,0.613321,0.050079
AAGAGGCATGGATCGC-1,0.000099,0.099569,0.825847,0.074486
AAGAGGCCCTTTGGAA-1,0.002415,0.191121,0.799212,0.007251
AAGATGGCACCGGACC-1,0.000611,0.259931,0.438831,0.300627
AAGATTGGCGGAACGT-1,0.000125,0.086946,0.632133,0.280796
AAGCACCCTGCGTATC-1,0.000165,0.142737,0.613501,0.243597
AAGCATACTCTCCTGA-1,0.000061,0.578887,0.39338,0.027671
AAGCCGAAGCGGTTTA-1,0.000044,0.170791,0.650231,0.178934
AAGCCGCTTTACCTTG-1,0.000223,0.114197,0.586619,0.298961
AAGCCGGAGAGCAGGA-1,0.000274,0.063795,0.661615,0.274316
AAGCGCAGGGCTTTGA-1,0.000341,0.046672,0.951964,0.001023
AAGCGGAGTGCGCGCA-1,0.000057,0.341327,0.654524,0.004092
AAGCTAGATCGAGTAA-1,0.000045,0.270068,0.566709,0.163177
AAGCTCGTGCCAAGTC-1,0.0001,0.447853,0.501476,0.050571
AAGCTCTTTCATGGTG-1,0.000271,0.024934,0.669039,0.305756
AAGGAGAACTTATAAG-1,0.000151,0.189313,0.658983,0.151553
AAGGAGCGGTTGGTGC-1,0.000141,0.119042,0.734191,0.146626
AAGGATCGATCGCTTG-1,0.001764,0.143538,0.849403,0.005295
AAGGATGAGGGACCTC-1,0.000116,0.609249,0.390288,0.000347
AAGGCAGGCTGTCTCC-1,0.000756,0.001513,0.878274,0.119457
AAGGCGCGTAAAGCTT-1,0.000058,0.219766,0.569916,0.21026
AAGGCTGTGCTCATCG-1,0.0001,0.242458,0.640849,0.116594
AAGGGAACGACTGGCT-1,0.00028,0.156605,0.572874,0.270241
AAGGGACAGATTCTGT-1,0.000109,0.046438,0.626063,0.32739
AAGGGACTATGCATTC-1,0.000419,0.332497,0.665825,0.001259
AAGGGTTTGATTTCAG-1,0.000203,0.170208,0.750957,0.078632
AAGGTATCCTAATATA-1,0.000182,0.373817,0.625454,0.000547
AAGGTGATAAACCAGC-1,0.000049,0.072695,0.45681,0.470445
AAGTAAGCTTCCAAAC-1,0.001208,0.002417,0.99275,0.003626
AAGTAGAAGACCGGGT-1,0.000069,0.054418,0.534377,0.411136
AAGTAGTGACGCGAGG-1,0.000125,0.00025,0.925981,0.073644
AAGTCAATTGTCGTCA-1,0.001658,0.00332,0.990043,0.004979
AAGTCTAGTAGCTGCC-1,0.000112,0.000223,0.99933,0.000335
AAGTCTTCTGTGGCCT-1,0.000665,0.001332,0.996006,0.001997
AAGTGACGACCGAATT-1,0.000118,0.000236,0.560304,0.439342
AAGTGCAAAGGTAGAC-1,0.000107,0.187608,0.685571,0.126714
AAGTGCCTTGACTGTA-1,0.000296,0.000591,0.956191,0.042922
AAGTGCGTTAGAATCT-1,0.000069,0.094734,0.535605,0.369592
AAGTGTTTGGAGACGG-1,0.000014,0.010343,0.077107,0.912536
AAGTTCACTCCAAGCT-1,0.000115,0.075928,0.202224,0.721732
AAGTTCGGCCAACAGG-1,0.00006,0.201978,0.384481,0.41348
AAGTTGTGATGTTATA-1,0.00011,0.111097,0.797683,0.09111
AAGTTTACTAATGGCA-1,0.000125,0.090038,0.492146,0.41769
AAGTTTATGGGCCCAA-1,0.000123,0.182572,0.762854,0.054452
AATAACAACGCTCGGC-1,0.000066,0.000132,0.816402,0.1834
AATAACACTAGAACAA-1,0.000022,0.181494,0.048041,0.770442
AATAAGTCCTCGAGAC-1,0.000055,0.027049,0.767863,0.205033
AATAATCTTCGTATCG-1,0.001522,0.159967,0.833942,0.004569
AATACAATGTTTCAGG-1,0.001182,0.002366,0.743847,0.252605
AATAGAACAGAGTGGC-1,0.000064,0.360331,0.637525,0.00208
AATAGAATCTGTTTCA-1,0.000017,0.06176,0.185845,0.752378
AATAGCTACCGCGTGC-1,0.000218,0.042062,0.957067,0.000654
AATAGTCGCGAGTCGG-1,0.000983,0.001968,0.994097,0.002952
AATATCAAGGTCGGAT-1,0.000109,0.021438,0.383375,0.595079
AATATCCTAGCAAACT-1,0.000477,0.203222,0.79487,0.001432
AATATCGAATCAATGC-1,0.000034,0.249112,0.535558,0.215295
AATATCGAGGGTTCTC-1,0.000085,0.145675,0.440031,0.414209
AATATTGGAGTATTGA-1,0.000319,0.000639,0.688108,0.310933
AATCAGACTGCAGGAC-1,0.000278,0.000556,0.86616,0.133006
AATCATGTAAAGACTC-1,0.000031,0.067116,0.431132,0.501722
AATCCAAGGGCCTGAG-1,0.00001,0.000021,0.257089,0.74288
AATCCATGCAAGGGTG-1,0.000561,0.001123,0.919008,0.079307
AATCGCCTCAGCGCCA-1,0.000097,0.064646,0.445621,0.489635
AATCGCGCAGAGGACT-1,0.001709,0.003421,0.989737,0.005132
AATCGGGACACTACGA-1,0.000144,0.187513,0.667511,0.144832
AATCGTGAGCCGAGCA-1,0.000072,0.243699,0.624748,0.131481
AATCTAGGTTTACTTG-1,0.000532,0.363465,0.548437,0.087567
AATCTATGCCGGAGCC-1,0.000496,0.085525,0.912489,0.001489
AATCTCTACTGTGGTT-1,0.000505,0.114388,0.883591,0.001516
AATCTGCGTTGGGACG-1,0.000377,0.000754,0.997739,0.001131
AATCTGGCTTTCTAGT-1,0.000492,0.246662,0.75137,0.001476
AATGACAGCAATGTCT-1,0.000084,0.069842,0.772814,0.157261
AATGACGTAGGATGTC-1,0.000066,0.166575,0.544566,0.288793
AATGACTGTCAGCCGG-1,0.000109,0.035829,0.805525,0.158538
AATGAGTTCGCATATG-1,0.000121,0.122303,0.690414,0.187161
AATGATGATACGCTAT-1,0.000089,0.142874,0.300712,0.556325
AATGATGCGACTCCTG-1,0.000095,0.142655,0.597185,0.260066
AATGCAACCGGGTACC-1,0.000032,0.810927,0.188944,0.000097
AATGGTCCACCGTTCA-1,0.00008,0.062249,0.93743,0.000241
AATGGTTCTCACAAGC-1,0.000069,0.007754,0.413268,0.57891
AATGTATGGCACTGTA-1,0.000416,0.196291,0.465619,0.337673
AATGTGCCCGAGGTGT-1,0.000108,0.51245,0.487116,0.000325
AATTAAAGGTCGGCGT-1,0.000052,0.198731,0.644911,0.156306
AATTAACGGATTTCCA-1,0.000463,0.000927,0.822455,0.176156
AATTACGAGACCCATC-1,0.000903,0.062301,0.677072,0.259724
AATTACTCGTACGCTC-1,0.000882,0.263232,0.733239,0.002647
AATTAGCGCTGCAGCG-1,0.000021,0.22787,0.406971,0.365137
AATTCATAAGGGATCT-1,0.000117,0.23824,0.731363,0.030279
AATTCATTGTCATGCA-1,0.000415,0.37338,0.488925,0.137281
AATTCCAACTTGGTGA-1,0.000281,0.178662,0.820215,0.000842
AATTCCAAGCATGTAC-1,0.000067,0.086714,0.863799,0.049419
AATTCGATTCGAGGAT-1,0.000624,0.001249,0.623318,0.374808
AATTCTAGAGTTAGGC-1,0.000078,0.333606,0.464769,0.201547
AATTGAACGCTCTGGT-1,0.000051,0.06766,0.644958,0.287331
AATTGCAGCAATCGAC-1,0.000336,0.000672,0.997985,0.001008
AATTGTGGTTGCCAAA-1,0.001292,0.404748,0.590081,0.003878
AATTTGGTTCCAAAGA-1,0.000055,0.406027,0.051935,0.541982
ACAAACCATGCGTCCT-1,0.000163,0.483542,0.386426,0.129869
ACAAACCGACAAGGCG-1,0.001658,0.139476,0.853886,0.004979
ACAAAGAAGGTAGGCC-1,0.000678,0.237362,0.759926,0.002034
ACAAAGCATGACCTAG-1,0.000594,0.001189,0.996433,0.001784
ACAAATCGCACCGAAT-1,0.000016,0.060895,0.143944,0.795145
ACAAATGGTAGTGTTT-1,0.000052,0.045427,0.446528,0.507993
ACAACGGTCCCTGCGA-1,0.000151,0.141256,0.780503,0.078089
ACAAGCAGTGCCTAGC-1,0.000408,0.000818,0.880694,0.11808
ACAAGCTATATGGAAG-1,0.000621,0.001242,0.996273,0.001863
ACAAGGAAATCCGCCC-1,0.000041,0.449025,0.389137,0.161796
ACAAGGACAAGAGGTT-1,0.000065,0.176888,0.562563,0.260483
ACAAGGATGCTTTAGG-1,0.000183,0.000367,0.946859,0.052591
ACAAGGGCAGGCTCTG-1,0.00006,0.059599,0.620663,0.319678
ACAATAGTCGTACGTT-1,0.000145,0.00029,0.865496,0.13407
ACAATCCATTTAAACC-1,0.000063,0.029284,0.700391,0.270262
ACAATCGATCTTTATA-1,0.000053,0.083755,0.008009,0.908184
ACAATGAATACGGAGA-1,0.000119,0.542826,0.277215,0.17984
ACAATTGTGTCTCTTT-1,0.000055,0.022041,0.350182,0.627722
ACAATTTAGGAGGCTC-1,0.001001,0.002004,0.99399,0.003005
ACAATTTGAGCAGTGG-1,0.000047,0.093322,0.184953,0.721677
ACAATTTGGCCATATT-1,0.001235,0.117339,0.756723,0.124704
ACACAAAGACGGGTGG-1,0.000033,0.816342,0.126393,0.057233
ACACAAATATTCCTAG-1,0.000561,0.131947,0.254748,0.612744
ACACACCAGGACCAGT-1,0.000062,0.160843,0.495884,0.343211
ACACATGATCAAATCT-1,0.001821,0.133514,0.700206,0.164458
ACACATTGACGCAACA-1,0.000823,0.285738,0.710968,0.002471
ACACCACATAATTAGC-1,0.001122,0.002246,0.993262,0.00337
ACACCCAGCATGCAGC-1,0.000094,0.113324,0.810158,0.076425
ACACCCGAGAAATCCG-1,0.000035,0.028207,0.555463,0.416295
ACACCGAGCGCTCTTT-1,0.000966,0.199649,0.796484,0.002901
ACACCTTAAGTAGGGC-1,0.000067,0.015421,0.174406,0.810105
ACACCTTACTACTTGC-1,0.001389,0.158879,0.835563,0.004169
ACACGGCACTATGCAT-1,0.000093,0.401697,0.597932,0.000278
ACACGTAGGCCACAAG-1,0.003472,0.330042,0.656062,0.010424
ACACTCCAATGTCACT-1,0.000665,0.001332,0.996006,0.001997
ACACTGATCAAGGTGT-1,0.000076,0.549463,0.450232,0.000229
ACACTGGGACAGTCGT-1,0.002222,0.004447,0.986661,0.00667
ACAGAACTGAGAACAA-1,0.00007,0.166401,0.675882,0.157646
ACAGATTAGGTTAGTG-1,0.000274,0.334939,0.412089,0.252698
ACAGCATAGAGCCAGT-1,0.000861,0.182311,0.456577,0.36025
ACAGCGACATTCTCAT-1,0.000145,0.000291,0.739359,0.260204
ACAGGAGGCGCAGCCG-1,0.001195,0.002391,0.992827,0.003587
ACAGGCTTGCCCGACT-1,0.000015,0.047741,0.034565,0.917679
ACAGGTGGAGGTGAGG-1,0.000056,0.49077,0.346845,0.162329
ACAGGTGTGTTGTTGC-1,0.000336,0.108277,0.890379,0.001008
ACAGTAATACAACTTG-1,0.000507,0.27658,0.62318,0.099732
ACAGTATACCGTGGGA-1,0.000084,0.221584,0.778082,0.000251
ACATAAGTCGTGGTGA-1,0.002584,0.005173,0.570093,0.42215
ACATCAGCTGGGACGC-1,0.001145,0.125976,0.869439,0.003439
ACATCCTGGTAACTGT-1,0.002315,0.004633,0.986103,0.006949
ACATCGGTCAGCCGCG-1,0.000075,0.397625,0.594306,0.007994
ACATCGTATGCAATGG-1,0.000063,0.230036,0.446235,0.323665
ACATCTCAACGCGTAA-1,0.000265,0.426564,0.514842,0.058329
ACATGGCGCCAAAGTA-1,0.001736,0.003475,0.989577,0.005212
ACATGGCTCAATTTAG-1,0.001182,0.37624,0.61903,0.003548
ACATTAGTTTATATCC-1,0.000069,0.53718,0.289524,0.173227
ACCAAACACCCAGCGA-1,0.000014,0.155004,0.000041,0.844942
ACCAAACTAGAAATCC-1,0.000191,0.000381,0.721883,0.277545
ACCAACACCACACACT-1,0.00006,0.684025,0.30462,0.011295
ACCAACCGCACTCCAC-1,0.000766,0.001534,0.9954,0.002301
ACCAACGCTTATTTAT-1,0.000059,0.703516,0.296246,0.000178
ACCAAGAACGCGTGTC-1,0.000028,0.23141,0.326297,0.442266
ACCAATATGCAAGTTA-1,0.0001,0.078653,0.483559,0.437687
ACCACAAGTTTCTATC-1,0.000069,0.420311,0.572788,0.006832
ACCACCAATGTAACAA-1,0.001079,0.002159,0.993524,0.003238
ACCACCCTCTCTTCTA-1,0.000436,0.259761,0.738495,0.001308
ACCACGTGCAGCTATA-1,0.000027,0.130725,0.219186,0.650062
ACCACTGTTCAAGAAG-1,0.001001,0.24925,0.746744,0.003005
ACCAGACCATAACAAC-1,0.000429,0.000859,0.997424,0.001288
ACCAGCCCGGTCTTTG-1,0.000079,0.181391,0.487235,0.331295
ACCAGGAGTGTGATCT-1,0.000086,0.344183,0.434066,0.221666
ACCAGTGCGGGAGACG-1,0.000071,0.24653,0.424405,0.328995
ACCATATCCGCAATAA-1,0.000085,0.258597,0.695774,0.045544
ACCATCCGCCAACTAG-1,0.000604,0.043807,0.953776,0.001813
ACCATCGTATATGGTA-1,0.000088,0.129825,0.669885,0.200201
ACCATTAAGGGTGTCA-1,0.000646,0.175609,0.681929,0.141815
ACCCAACGCCCGTGGC-1,0.000496,0.000993,0.782637,0.215874
ACCCACCTACATGCTC-1,0.000811,0.345551,0.651203,0.002435
ACCCATCTTGAGGGTA-1,0.000176,0.02113,0.957643,0.021051
ACCCATTTGTCCCTCT-1,0.000387,0.000775,0.810317,0.188521
ACCCGGAAACTCCCAG-1,0.000081,0.000162,0.17909,0.820668
ACCCGGAGCACCACAA-1,0.000155,0.195252,0.804129,0.000465
ACCCGGATGACGCATC-1,0.000224,0.000447,0.925166,0.074163
ACCCGGTTACACTTCC-1,0.000074,0.134587,0.661318,0.204021
ACCCTATAGGACTGAG-1,0.001502,0.003005,0.990986,0.004507
ACCCTCCCTTGCTATT-1,0.000025,0.083559,0.200314,0.716102
ACCCTGGTAACGCCCT-1,0.000322,0.644145,0.354566,0.000967
ACCCTTCATCTGCGAA-1,0.000156,0.311658,0.422728,0.265458
ACCCTTGCCTGGGTCG-1,0.000794,0.244211,0.510433,0.244562
ACCGAAAGGGCCCTGC-1,0.000276,0.314237,0.541415,0.144071
ACCGAAGAGTCTGGTT-1,0.000067,0.315358,0.433138,0.251436
ACCGACACATCTCCCA-1,0.000087,0.02669,0.641207,0.332015
ACCGATAGGCATAACC-1,0.000669,0.00134,0.758955,0.239036
ACCGATATTTAATCAT-1,0.000556,0.358964,0.638812,0.001668
ACCGATGGTAGCATCG-1,0.000067,0.087177,0.705221,0.207534
ACCGCAATAACTGCCT-1,0.000015,0.089489,0.085256,0.825239
ACCGCGGTGGAAGTCG-1,0.00004,0.00008,0.288122,0.711758
ACCGGGCCTTTGTTGA-1,0.000454,0.000908,0.957549,0.041089
ACCGGTCAGGTACACC-1,0.002137,0.264608,0.726839,0.006416
ACCGTCCACTGGGCCC-1,0.000539,0.00108,0.469083,0.529298
ACCGTGACCACGTGGG-1,0.000368,0.301852,0.15976,0.53802
ACCGTTCCCGCTCTGA-1,0.000108,0.057028,0.38626,0.556604
ACCTAAGTACCTTTCA-1,0.000104,0.12619,0.683572,0.190135
ACCTAATCGACTTCCT-1,0.00012,0.160184,0.839334,0.000361
ACCTACAGTATGTGGT-1,0.001425,0.002851,0.827453,0.168271
ACCTACTATAAATCTA-1,0.000112,0.059052,0.842339,0.098497
ACCTCCGCCCTCGCTG-1,0.000406,0.000812,0.778584,0.220199
ACCTCCGTTATTCACC-1,0.000065,0.052583,0.939493,0.007859
ACCTGCGTGTCATGTT-1,0.000354,0.092191,0.372296,0.535159
ACCTTTCCTTTAGAAG-1,0.000238,0.278535,0.577862,0.143365
ACGAAATGGGCGGCAC-1,0.000236,0.000472,0.962763,0.036529
ACGACCCATGAGTTGC-1,0.000694,0.25371,0.743511,0.002085
ACGAGAACCCATCACG-1,0.000027,0.006197,0.000081,0.993695
ACGAGGATACCACTCT-1,0.00016,0.018625,0.233693,0.747522
ACGAGGTTTACAACGT-1,0.000079,0.261067,0.634998,0.103855
ACGAGTACGGATGCCC-1,0.000073,0.000146,0.245916,0.753866
ACGAGTCGCCGGCGTT-1,0.000564,0.328159,0.669584,0.001693
ACGATACATAGAACTA-1,0.000095,0.167161,0.832458,0.000285
ACGATACCTATCCTGA-1,0.000153,0.05503,0.712958,0.231859
ACGATCATACATAGAG-1,0.000088,0.753198,0.214986,0.031727
ACGATCATCTTGTAAA-1,0.000209,0.000419,0.998744,0.000628
ACGATGCATATGTTAT-1,0.000208,0.183056,0.653611,0.163125
ACGCAATCACTACAGC-1,0.0001,0.0002,0.953398,0.046303
ACGCATACGTTTACTA-1,0.000408,0.243347,0.755018,0.001226
ACGCCCAGCTGTCGAT-1,0.00029,0.229075,0.769764,0.000871
ACGCCGCTAGACGACC-1,0.000103,0.180061,0.549468,0.270369
ACGCCTGACACGCGCT-1,0.000717,0.317245,0.513498,0.16854
ACGCGCTACACAGGGT-1,0.00013,0.148227,0.809272,0.04237
ACGCGTTTCTTAAGAG-1,0.001709,0.003421,0.989739,0.005131
ACGCTAGTGATACACT-1,0.000146,0.066467,0.780859,0.152528
ACGCTGTGAGGCGTAG-1,0.000756,0.292355,0.70462,0.002269
ACGGAATTTAGCAAAT-1,0.000122,0.000245,0.776643,0.22299
ACGGACTCTCAAAGCG-1,0.00014,0.06453,0.934911,0.000419
ACGGAGCGCAAATTAC-1,0.000098,0.000196,0.858876,0.14083
ACGGATGGTGCGGATA-1,0.000229,0.17799,0.770635,0.051146
ACGGCACTTGCTTGGG-1,0.000122,0.312928,0.642105,0.044845
ACGGCGACGATGGGAA-1,0.000021,0.107763,0.165117,0.727098
ACGGCGGGTTGCCCTG-1,0.000545,0.00109,0.99673,0.001635
ACGGCTGGATGTAGAA-1,0.001355,0.002712,0.873095,0.122838
ACGGGAGTGTCGGCCC-1,0.000073,0.024281,0.603293,0.372353
ACGGGCGTATGCGACA-1,0.00007,0.704351,0.29501,0.00057
ACGGGTCATGTGACTT-1,0.001058,0.07469,0.921076,0.003177
ACGTACAGATTTCTCT-1,0.00005,0.310049,0.03351,0.656391
ACGTATTACTCCGATC-1,0.000103,0.000207,0.704584,0.295107
ACGTCCTAAACGAGAT-1,0.000432,0.000865,0.559433,0.439269
ACGTCTCGTTCCGGGA-1,0.000299,0.276341,0.641995,0.081366
ACGTGACAAAGTAAGT-1,0.000126,0.097711,0.901783,0.000379
ACGTGGTCGAATGTGC-1,0.000512,0.224677,0.773273,0.001537
ACGTTAGATTTGCCCG-1,0.000187,0.083082,0.791715,0.125016
ACGTTATTGGTCACTC-1,0.000047,0.000094,0.312524,0.687335
ACGTTCCGCGCTCCGT-1,0.000077,0.181962,0.359542,0.45842
ACGTTCGCAATCAATT-1,0.00005,0.180931,0.818867,0.000151
ACGTTCTGTACAAGTC-1,0.000233,0.082496,0.809764,0.107506
ACTAAGGACGCACACC-1,0.000051,0.146743,0.652252,0.200955
ACTACATCCCGACAAG-1,0.000153,0.546098,0.340204,0.113545
ACTACCAGCTCTCTGG-1,0.000099,0.340706,0.637468,0.021726
ACTACGCGTTAGAATT-1,0.00006,0.00012,0.999641,0.000179
ACTAGTTGCGATCGTC-1,0.000049,0.012709,0.132873,0.854369
ACTATCCAGGGCATGG-1,0.000156,0.000311,0.999066,0.000467
ACTATCGCCGGCTAAA-1,0.000896,0.195571,0.800843,0.00269
ACTATCTGCCCGCGTA-1,0.000064,0.000128,0.002152,0.997656
ACTATTTCCGGGCCCA-1,0.000354,0.54714,0.093886,0.35862
ACTCAACGAATGTATT-1,0.000168,0.063493,0.783769,0.15257
ACTCAAGTGCAAGGCT-1,0.000143,0.063128,0.80243,0.1343
ACTCAGACCTGCTTCT-1,0.000136,0.101998,0.222522,0.675345
ACTCCCATTCCTAAAG-1,0.000817,0.502374,0.380624,0.116185
ACTCCCGAATTCGTTT-1,0.000157,0.091335,0.806838,0.101669
ACTCCCGTAGACTAGG-1,0.000147,0.383137,0.616273,0.000442
ACTCCCTAATGCTAAA-1,0.000066,0.299437,0.150396,0.550102
ACTCCCTAGAATAGTA-1,0.000063,0.18033,0.574146,0.245462
ACTCGATGTATTTCAT-1,0.001949,0.003901,0.988298,0.005851
ACTCGCGATCTGACGC-1,0.00012,0.016253,0.983266,0.000361
ACTCGTAACCCGTCCT-1,0.000059,0.00882,0.368306,0.622815
ACTCGTCAGTAATCCC-1,0.000094,0.169928,0.690526,0.139452
ACTCTAAACCTGGGAT-1,0.000408,0.000818,0.997548,0.001226
ACTCTCTGACTTAGGT-1,0.000072,0.314708,0.390635,0.294585
ACTCTTCAGCTCCCGC-1,0.000911,0.001823,0.512765,0.484501
ACTCTTGTATAGTAAC-1,0.000228,0.133899,0.580976,0.284897
ACTGAAACGCCGTTAG-1,0.000018,0.000036,0.128888,0.871059
ACTGAATGGCGAAAGT-1,0.000015,0.007243,0.116089,0.876653
ACTGCGGACACACCGT-1,0.000081,0.028775,0.803799,0.167345
ACTGCTCGGAAGGATG-1,0.000168,0.298263,0.701066,0.000503
ACTGGCGAACCTGCGT-1,0.000076,0.060243,0.779504,0.160177
ACTGTACGATACACAT-1,0.000093,0.186762,0.617481,0.195664
ACTGTAGCACTTTGGA-1,0.00008,0.266811,0.652551,0.080558
ACTGTATACGCGAGCA-1,0.000025,0.00005,0.167076,0.832849
ACTGTCCAGGATTATA-1,0.000055,0.450791,0.408064,0.14109
ACTGTGCTAGTAGATC-1,0.000084,0.000169,0.440812,0.558934
ACTGTTTAGTGTAGGC-1,0.000124,0.095703,0.72626,0.177913
ACTTACGCATCCACGC-1,0.000617,0.104092,0.893438,0.001853
ACTTAGTACGACAAGA-1,0.000033,0.000066,0.232337,0.767565
ACTTATACTTACCCGG-1,0.000099,0.016063,0.454112,0.529726
ACTTATCTGATCTATA-1,0.000911,0.001823,0.819811,0.177455
ACTTATTAGGATCGGT-1,0.00009,0.14404,0.743108,0.112762
ACTTATTTATGTGCCA-1,0.000073,0.220969,0.461017,0.317942
ACTTCAGGCTGATCCC-1,0.000028,0.111913,0.131441,0.756618
ACTTCCAGTGGAAGCT-1,0.000103,0.060961,0.388153,0.550783
ACTTCCATGCGGGACA-1,0.000131,0.089107,0.164677,0.746085
ACTTCGCTAGCGAGTG-1,0.000607,0.001215,0.910442,0.087736
ACTTGACTCCCTCTTT-1,0.000144,0.244906,0.463826,0.291124
ACTTGCCATATTGTAC-1,0.000349,0.358242,0.339516,0.301893
ACTTGGGACCCGGTGG-1,0.000086,0.136921,0.808146,0.054847
ACTTGTAGTCCCTTCA-1,0.001208,0.310031,0.685136,0.003626
ACTTGTGGATGGAACG-1,0.000336,0.000672,0.82663,0.172363
ACTTTACCCTCATGAA-1,0.000148,0.09712,0.902286,0.000445
ACTTTGACTGCATCCT-1,0.000829,0.083851,0.912831,0.002489
ACTTTGGTCGTGCTCC-1,0.000503,0.360208,0.527987,0.111303
ACTTTGTCGACGCACT-1,0.00202,0.203308,0.788607,0.006065
AGAAATTATGACTCGC-1,0.002469,0.004944,0.985175,0.007413
AGAACCCAGCGTGACA-1,0.001323,0.268105,0.726601,0.003971
AGAACCCTCAATTGGG-1,0.002849,0.005703,0.982895,0.008554
AGAAGAGCGCCGTTCC-1,0.001001,0.002004,0.993991,0.003005
AGAAGGTACACTTCAC-1,0.000297,0.531139,0.467672,0.000892
AGAAGGTTGCCGAATT-1,0.000069,0.258663,0.576794,0.164473
AGAAGGTTGTAGGTCG-1,0.000694,0.240528,0.756693,0.002085
AGAAGTGATTCGTGAT-1,0.000058,0.096058,0.224337,0.679547
AGAATAAATCTTCAGG-1,0.000628,0.001256,0.996232,0.001884
AGAATGCGGGTTCGGA-1,0.000036,0.155726,0.493189,0.351049
AGAATTATGGATTCGA-1,0.000142,0.329591,0.669841,0.000427
AGAATTGTTTGACATA-1,0.000085,0.245625,0.688271,0.066018
AGACAGCTCAGAATCC-1,0.000766,0.150402,0.846531,0.0023
AGACAGGCATCTCAGC-1,0.001821,0.247222,0.094133,0.656823
AGACATAGATCCTTCC-1,0.000669,0.055409,0.11288,0.831041
AGACCAAACCACACCT-1,0.000251,0.173366,0.82563,0.000753
AGACCATGGGATACAA-1,0.000249,0.000499,0.723104,0.276148
AGACCCACCGCTGATC-1,0.000036,0.10273,0.02442,0.872815
AGACCCGCCCTCCTCG-1,0.000027,0.867911,0.041708,0.090354
AGACCGCTCCGCGGTT-1,0.000109,0.062869,0.611181,0.325841
AGACCGGGAAACCCTG-1,0.000209,0.055586,0.352251,0.591954
AGACGAAGTGCCGGTC-1,0.000074,0.017674,0.701477,0.280775
AGACGACGATGCCGCT-1,0.000058,0.45654,0.396465,0.146937
AGACGCCCACTTCGCC-1,0.000454,0.039106,0.881113,0.079327
AGACGGGATTGGTATA-1,0.00202,0.198451,0.793464,0.006065
AGACTAGCCTTCCAGA-1,0.000103,0.052244,0.775088,0.172565
AGAGAACCGTCTAGGA-1,0.0002,0.106837,0.53773,0.355233
AGAGAAGGAGTACAAT-1,0.000316,0.744803,0.190606,0.064276
AGAGATCTCTAAAGCG-1,0.000188,0.746175,0.000563,0.253074
AGAGCAGTTATGAGAC-1,0.001058,0.059287,0.936478,0.003177
AGAGCCGCCGAGATTT-1,0.001248,0.002499,0.992505,0.003748
AGAGCGCTTGTAACGG-1,0.00015,0.132033,0.560396,0.307422
AGAGCGTACAAGCTCG-1,0.000301,0.019652,0.853866,0.12618
AGAGCTACGAAAGCAT-1,0.00161,0.074568,0.918987,0.004835
AGAGGCTTCGGAAACC-1,0.000123,0.000246,0.841973,0.157658
AGAGGTATCTCGGTCC-1,0.000299,0.313579,0.444906,0.241216
AGAGTAAACTTCACTA-1,0.000053,0.211842,0.641736,0.146369
AGAGTATAGTGTTACG-1,0.000382,0.000764,0.997708,0.001146
AGAGTTGCAGGCCTCC-1,0.000079,0.116367,0.883317,0.000237
AGATAACTTCAGGGCC-1,0.000136,0.053344,0.625269,0.32125
AGATACCAATAGAACC-1,0.000882,0.121144,0.759296,0.118678
AGATACCAGCACTTCA-1,0.000045,0.893379,0.10644,0.000136
AGATACCGGTGTTCAC-1,0.000064,0.118792,0.354778,0.526365
AGATACGACTTCATAT-1,0.000046,0.294602,0.309526,0.395826
AGATACTCAAGATCGA-1,0.00005,0.127486,0.480484,0.391981
AGATATAATACGACTA-1,0.000039,0.382207,0.46313,0.154625
AGATCGTGCATAAGAT-1,0.000052,0.059465,0.675007,0.265475
AGATGACTCGCCCACG-1,0.00006,0.465649,0.224474,0.309816
AGATGATGGAGTCTGG-1,0.000446,0.05828,0.939934,0.00134
AGATGCAAGACGTGCA-1,0.000861,0.406846,0.319473,0.27282
AGATGCATCCTGTGTC-1,0.000848,0.001698,0.377708,0.619747
AGATGCTATAACGAGC-1,0.001019,0.130805,0.865115,0.003061
AGATTATAGGACGTTT-1,0.000056,0.268512,0.463269,0.268163
AGATTCACAACCGATA-1,0.000092,0.850395,0.149237,0.000276
AGCAAAGGCCGCTAGT-1,0.000064,0.23032,0.729281,0.040335
AGCAACATATCTTATT-1,0.000114,0.215878,0.628651,0.155357
AGCAACCGAAAGTAAT-1,0.000046,0.840104,0.15971,0.000139
AGCACTACCGGCCTGT-1,0.000128,0.124138,0.875349,0.000384
AGCACTACCTCACCAG-1,0.00005,0.000696,0.506577,0.492678
AGCACTTAAGGACGCC-1,0.000074,0.149251,0.722887,0.127788
AGCAGAAGGAGAAAGA-1,0.000048,0.049448,0.863001,0.087504
AGCAGCCAGATGAATA-1,0.000142,0.077542,0.802811,0.119505
AGCATATCAATATGCT-1,0.000017,0.000033,0.632384,0.367566
AGCATCATTTCGAAAG-1,0.000556,0.23681,0.43575,0.326884
AGCATCGTCGATAATT-1,0.000071,0.302902,0.439184,0.257843
AGCATTACGAGGCAAG-1,0.000294,0.049145,0.791277,0.159284
AGCCAAGCTTTGTGTC-1,0.000093,0.000186,0.999443,0.000279
AGCCACAGGTTACCCG-1,0.000611,0.001222,0.996335,0.001833
AGCCACTCCCGTGCTT-1,0.000188,0.353288,0.645959,0.000564
AGCCCATACATGTAAG-1,0.000123,0.095913,0.704813,0.19915
AGCCCGCAACAAGCAG-1,0.000176,0.029209,0.867327,0.103289
AGCCCTGTCGCACCGT-1,0.000308,0.000616,0.710044,0.289032
AGCCCTTGGACATCCC-1,0.002315,0.317501,0.673235,0.006949
AGCCGCAAATTCAAAT-1,0.000811,0.154769,0.841985,0.002435
AGCCGCTTGATTAGCG-1,0.000505,0.079092,0.001516,0.918887
AGCCGTGGCTAAATGT-1,0.000074,0.013387,0.248894,0.737645
AGCCTAATACCCACGT-1,0.000427,0.286041,0.712248,0.001283
AGCCTTAAAGCGGAAG-1,0.000179,0.000358,0.375371,0.624093
AGCGACAGGAACGGTC-1,0.000054,0.203759,0.416087,0.380101
AGCGACATCCCATTCA-1,0.000095,0.38982,0.332403,0.277682
AGCGACCAACGATATT-1,0.000048,0.650866,0.277078,0.072008
AGCGATGCGCCTAATA-1,0.000942,0.001884,0.994347,0.002827
AGCGCGGGTGCCAATG-1,0.000126,0.08163,0.917865,0.000379
AGCGCTAGAGCGATGT-1,0.000047,0.605249,0.342887,0.051818
AGCGGACACTTCGTAG-1,0.000164,0.000328,0.931606,0.067903
AGCGGCGGTTAGCGGT-1,0.000224,0.279585,0.719518,0.000673
AGCGGGAAGGGTCCAT-1,0.000049,0.060439,0.31994,0.619572
AGCGGGTCTGACACTC-1,0.000231,0.088739,0.786609,0.124421
AGCGGTTGCCGCTCTG-1,0.000044,0.351597,0.632639,0.01572
AGCGTACGAGAGCTAG-1,0.000346,0.156862,0.580838,0.261955
AGCGTAGCGCTAGACC-1,0.00027,0.305386,0.676685,0.017658
AGCGTCTGAACCCGCA-1,0.000135,0.081524,0.7078,0.21054
AGCGTGGTATTCTACT-1,0.000064,0.081215,0.385689,0.533032
AGCTAACAAGCAATGT-1,0.000185,0.559941,0.274587,0.165287
AGCTAAGTACGCAGGC-1,0.000237,0.052688,0.946364,0.000711
AGCTAGAAGCAGAAGT-1,0.000063,0.197838,0.667343,0.134755
AGCTCCATATATGTTC-1,0.001195,0.002391,0.385278,0.611136
AGCTCCTTCGCACATC-1,0.000063,0.1542,0.327027,0.518711
AGCTCGTTGATGGAAA-1,0.000098,0.263058,0.670749,0.066095
AGCTCTAGACGTTCCA-1,0.000091,0.297964,0.691501,0.010444
AGCTCTTCCCAGTGCA-1,0.000026,0.143659,0.069756,0.786559
AGCTCTTCGTAACCTT-1,0.00025,0.048524,0.927643,0.023583
AGCTCTTTACTCAGTT-1,0.000049,0.183388,0.243725,0.572838
AGCTGAAGTAAACCAA-1,0.000033,0.148581,0.006969,0.844417
AGCTGTAACCTCAATC-1,0.00008,0.368444,0.598458,0.033017
AGCTTATAGAGACCTG-1,0.00018,0.021101,0.649126,0.329592
AGCTTCAATACTTTGA-1,0.000918,0.445603,0.148936,0.404542
AGCTTGATCTTAACTT-1,0.00017,0.000341,0.715046,0.284443
AGGAAAGCCTCTGATG-1,0.001122,0.002247,0.993262,0.003369
AGGAACGAACGACTTC-1,0.000494,0.09384,0.904184,0.001482
AGGAAGCTGTCCGCCG-1,0.000065,0.032319,0.535009,0.432607
AGGACAGTCGAATCCC-1,0.000045,0.080952,0.39103,0.527973
AGGACATCGCACGTCG-1,0.000041,0.036567,0.347314,0.616078
AGGACGACCCATTAGA-1,0.000052,0.25972,0.139951,0.600277
AGGACTTATAGGAGAA-1,0.001029,0.002059,0.993824,0.003089
AGGAGACATCCACAGT-1,0.000176,0.207252,0.707124,0.085449
AGGAGAGTCTGGCTAC-1,0.000761,0.200344,0.796611,0.002284
AGGAGGCCTTCGCGCG-1,0.000081,0.000162,0.585476,0.414282
AGGATAAAGTCGGGAT-1,0.000062,0.216094,0.421461,0.362383
AGGATATAGGGATTTA-1,0.000032,0.000064,0.123943,0.875961
AGGATCACGCGATCTG-1,0.000341,0.25549,0.743145,0.001023
AGGATTGCTTACGACA-1,0.000842,0.239998,0.756633,0.002527
AGGCAAAGAGGAATCA-1,0.0004,0.128615,0.595701,0.275285
AGGCAATACGGAGGAC-1,0.001145,0.002293,0.993123,0.003439
AGGCACGTGACTGTCC-1,0.001019,0.00204,0.99388,0.00306
AGGCAGATGCGTAAAC-1,0.000199,0.003395,0.734605,0.2618
AGGCATTGTCGTAGGG-1,0.000106,0.000212,0.742195,0.257488
AGGCCACATTGGTTAC-1,0.001248,0.002499,0.992505,0.003747
AGGCCACCCGTTATGA-1,0.000076,0.010086,0.776787,0.213051
AGGCCCAGTGACTGGT-1,0.001425,0.188105,0.806195,0.004276
AGGCCCATTGTACAGG-1,0.000043,0.434291,0.25299,0.312676
AGGCCCTAGAACGCCA-1,0.000061,0.182176,0.613545,0.204218
AGGCCTGAGAATCTCG-1,0.000276,0.000553,0.998341,0.00083
AGGCGATAACTGGCGT-1,0.000286,0.257078,0.741779,0.000857
AGGCGGTTTGTCCCGC-1,0.002222,0.407003,0.251241,0.339534
AGGCGTCTATGGACGG-1,0.000036,0.311479,0.265749,0.422736
AGGCTATGGTTAGCTT-1,0.000141,0.000282,0.999153,0.000423
AGGCTTCCCGAAGAAG-1,0.000049,0.335518,0.177243,0.48719
AGGCTTGCTAGACACC-1,0.000505,0.001011,0.708147,0.290337
AGGGACAGCACGGCGG-1,0.001587,0.003177,0.99047,0.004766
AGGGACCGGCTGCGTT-1,0.000875,0.001751,0.846996,0.150378
AGGGAGACATACTTCG-1,0.001355,0.002712,0.991866,0.004067
AGGGCCCTAATGTTCT-1,0.000253,0.087952,0.911036,0.00076
AGGGCGAGCAGCTGAT-1,0.000103,0.162729,0.827101,0.010066
AGGGCGTGATCGGCTA-1,0.000019,0.005783,0.270306,0.723892
AGGGTCAGTAACCCTA-1,0.000014,0.215748,0.023147,0.761091
AGGGTCGATGCGAACT-1,0.000118,0.147243,0.627149,0.22549
AGGGTGCTCTCGAGGG-1,0.000124,0.000248,0.836327,0.163301
AGGGTGGATAGTGCAT-1,0.000104,0.000209,0.950166,0.049521
AGGGTTCCCTTTGGTT-1,0.0004,0.0008,0.880344,0.118456
AGGTAACCTCCTATTC-1,0.000038,0.03853,0.149211,0.812221
AGGTAGGTACAAAGCT-1,0.00006,0.039417,0.713687,0.246836
AGGTATAATTGATAGT-1,0.001089,0.189254,0.806386,0.00327
AGGTATGCGGACATTA-1,0.000459,0.000919,0.622896,0.375726
AGGTCAGGTGAGAGTG-1,0.000329,0.016673,0.982012,0.000987
AGGTCGCCACTTCGGT-1,0.000211,0.000423,0.878214,0.121152
AGGTCGCCTCCCAACA-1,0.000187,0.161706,0.803021,0.035086
AGGTCGCGGAGTTACT-1,0.000106,0.061723,0.856378,0.081793
AGGTGGTGACCTTCGC-1,0.000069,0.000139,0.989393,0.010398
AGGTGTATCGCCATGA-1,0.000975,0.333745,0.662355,0.002926
AGGTGTTGCCGACCAC-1,0.000062,0.036806,0.560238,0.402894
AGGTTACACCATGCCG-1,0.001248,0.002499,0.992505,0.003748
AGTAATGTCTTGCCGC-1,0.000171,0.215418,0.400714,0.383697
AGTACATCATTTATCA-1,0.0011,0.002202,0.993395,0.003303
AGTACGGCCCGTATCG-1,0.000487,0.000975,0.997074,0.001463
AGTACGGGCACCTGGC-1,0.000091,0.242016,0.507149,0.250744
AGTACTCTTATGCCCA-1,0.000127,0.10291,0.459055,0.437908
AGTAGCGTGAACGAAC-1,0.000805,0.25648,0.456826,0.285889
AGTAGGTAACATACAT-1,0.000041,0.218168,0.146538,0.635253
AGTATAATACTAGGCA-1,0.000151,0.034156,0.890234,0.075458
AGTATCCATAATAACG-1,0.000273,0.122989,0.782836,0.093902
AGTATGCTGGAGACCA-1,0.000766,0.560869,0.103054,0.335311
AGTCAACACCACCATC-1,0.000058,0.160908,0.550952,0.288082
AGTCAAGATGACACTT-1,0.000045,0.00009,0.369919,0.629947
AGTCACTAGCTCTCGA-1,0.000059,0.045186,0.362087,0.592668
AGTCACTCCGCCTCAT-1,0.000153,0.000307,0.416946,0.582594
AGTCAGCCACCGCCTG-1,0.000127,0.365136,0.374432,0.260306
AGTCCAGCGGGTACGT-1,0.001068,0.002138,0.993586,0.003207
AGTCCATTGGCTGATG-1,0.000152,0.23652,0.739048,0.024281
AGTCCCGCCTTTAATT-1,0.000092,0.120554,0.495169,0.384184
AGTCCCTCGCAGAAAG-1,0.000094,0.051167,0.943524,0.005215
AGTCGACGGTCTCAAG-1,0.000133,0.08725,0.857753,0.054864
AGTCGGCCCAAACGAC-1,0.000053,0.275859,0.555342,0.168746
AGTCGGCTCAACTTTA-1,0.000079,0.000254,0.709447,0.290221
AGTCGGTTGCGTGAGA-1,0.000184,0.307892,0.464867,0.227058
AGTCGTATAAAGCAGA-1,0.000121,0.019803,0.887767,0.092309
AGTCGTCGACCACCAA-1,0.000066,0.000132,0.600721,0.399081
AGTCGTGGGCATTACG-1,0.000146,0.214043,0.668737,0.117075
AGTCTAAAGTATACTC-1,0.001764,0.00353,0.989413,0.005294
AGTCTCACAAGACTAC-1,0.000145,0.371966,0.574791,0.053098
AGTCTGGACATCCTTG-1,0.001565,0.003132,0.645679,0.349624
AGTCTTTAAAGTGTCC-1,0.000448,0.000897,0.937479,0.061176
AGTGAACAAACTTCTC-1,0.000139,0.000279,0.97536,0.024222
AGTGAAGATGGTGTCC-1,0.000065,0.851046,0.125615,0.023273
AGTGACCTACTTTACG-1,0.000065,0.346887,0.633475,0.019573
AGTGAGACTTCCAGTA-1,0.000241,0.000481,0.879827,0.119451
AGTGAGCCTCGCCGCC-1,0.000122,0.000244,0.775042,0.224592
AGTGATAACCTGCGCG-1,0.000098,0.042814,0.223595,0.733493
AGTGATATGAGTAGTT-1,0.000068,0.281327,0.614732,0.103874
AGTGATTCAAGCAGGA-1,0.000172,0.556967,0.442344,0.000516
AGTGCACGCTTAAGAA-1,0.000028,0.004432,0.454417,0.541124
AGTGCGTAGCTCGTAA-1,0.000076,0.230331,0.675304,0.09429
AGTGCTAAACACAGCA-1,0.000329,0.000658,0.998026,0.000987
AGTGCTTGCACGAATA-1,0.000059,0.038745,0.461813,0.499383
AGTGGCGGCAATTTGA-1,0.000114,0.036218,0.817552,0.146116
AGTGGCGTCTGAAGGT-1,0.000501,0.001002,0.494258,0.50424
AGTGGCTCCGTCGGCC-1,0.000766,0.088009,0.908925,0.0023
AGTGGGAGTATACACG-1,0.001111,0.002224,0.99333,0.003335
AGTGGTGTTACCCGTG-1,0.000777,0.248891,0.748,0.002333
AGTGGTTGCGTATAGG-1,0.000349,0.063603,0.934999,0.001049
AGTGTGCTAAGATCGC-1,0.000146,0.000292,0.000438,0.999123
AGTGTGGTCTATTGTG-1,0.000059,0.000118,0.179753,0.82007
AGTTAAACACTTGCGA-1,0.000091,0.06737,0.570859,0.361681
AGTTAAGTCAACCGCT-1,0.00003,0.054823,0.143671,0.801476
AGTTACCCTTAAGACT-1,0.000184,0.123848,0.875416,0.000552
AGTTACCGCACATGGT-1,0.001406,0.002815,0.991556,0.004222
AGTTATTGAAAGGTAA-1,0.001182,0.505995,0.327701,0.165122
AGTTCACCGGTTGGAC-1,0.000868,0.001737,0.994789,0.002606
AGTTCCTACAGAATTA-1,0.000063,0.087287,0.584384,0.328267
AGTTCTGCGTTGTATC-1,0.000194,0.000388,0.760981,0.238437
AGTTGACATCGGCTGG-1,0.000205,0.093143,0.844263,0.062389
AGTTGACGGTCCTTGC-1,0.000052,0.000103,0.688144,0.311701
AGTTGCTGACTGATAT-1,0.000132,0.000265,0.008741,0.990862
AGTTTATGTAAAGACA-1,0.000123,0.040008,0.794876,0.164993
AGTTTCGCAGGTCGGA-1,0.000473,0.809736,0.001419,0.188371
AGTTTGCACCTGCCTC-1,0.000286,0.000573,0.727605,0.271535
AGTTTGGCACGGGTTG-1,0.000223,0.000446,0.802105,0.197226
AGTTTGGCCAGACCTA-1,0.000045,0.00009,0.082289,0.917576
ATAAACCATTGGACGG-1,0.000665,0.110407,0.733118,0.15581
ATAAACGTTGCACCAC-1,0.00117,0.270615,0.724705,0.003511
ATAAAGGCTCGGTCGT-1,0.00006,0.227463,0.456172,0.316305
ATAAATATTAGCAGCT-1,0.000079,0.000158,0.853561,0.146202
ATAACGCCGGAGGGTC-1,0.00008,0.245531,0.293464,0.460925
ATAAGCAAACACCGAG-1,0.000042,0.287846,0.506684,0.205428
ATAAGGTGGAGAACAT-1,0.000036,0.416349,0.223892,0.359723
ATAAGTAGGATTCAGA-1,0.000094,0.000188,0.84113,0.158588
ATAAGTAGGGCGACTC-1,0.000103,0.119187,0.273994,0.606716
ATAAGTTACCGCGACG-1,0.000072,0.144998,0.808972,0.045958
ATAATACCGTTAGCCG-1,0.001122,0.002246,0.993262,0.003369
ATAATAGCTGTTGAAT-1,0.00008,0.386236,0.490703,0.122982
ATAATAGTGTAGGGAC-1,0.000195,0.123323,0.413241,0.463241
ATAATCTTGGAGAACC-1,0.000299,0.000598,0.991183,0.007921
ATAATTAGCTAAGTAG-1,0.000111,0.111377,0.340538,0.547974
ATACAGGCCCTCCAAT-1,0.000242,0.182468,0.64771,0.16958
ATACCACGGGCAACTT-1,0.000066,0.06006,0.623802,0.316071
ATACCAGCAAATTGCT-1,0.00009,0.149913,0.36142,0.488577
ATACCAGGCTAATAGA-1,0.000494,0.649956,0.248774,0.100776
ATACCAGGTGAGCGAT-1,0.000058,0.448208,0.406625,0.145109
ATACCCTGGCTCAAAT-1,0.000397,0.190948,0.793251,0.015404
ATACCGTCATCCATAA-1,0.000027,0.695997,0.143386,0.16059
ATACCTAACCAAGAAA-1,0.001134,0.00227,0.993193,0.003404
ATACGAAGGCTTTCCA-1,0.000436,0.106632,0.891624,0.001308
ATACGCCGATCTACCG-1,0.000673,0.048359,0.772997,0.177971
ATACGCCGGCGAAACC-1,0.000068,0.408052,0.55034,0.04154
ATACGGAACGTCGTTT-1,0.000117,0.503189,0.387166,0.109528
ATACGGGTTTCGATTG-1,0.000144,0.057418,0.81281,0.129627
ATACGGTGAAGATGCA-1,0.000975,0.001951,0.853627,0.143448
ATACGTACTTAGCCAC-1,0.000068,0.085153,0.347329,0.56745
ATACGTCCACTCCTGT-1,0.000036,0.047195,0.157083,0.795686
ATACGTTATGCACGGA-1,0.00026,0.00052,0.935415,0.063806
ATACTACCCGTACCAC-1,0.000682,0.207397,0.620792,0.171129
ATACTCTCGCCACTCT-1,0.000073,0.000146,0.000219,0.999563
ATACTGCCTTACACCG-1,0.000103,0.178805,0.586421,0.234671
ATACTTGTTCTCGAGC-1,0.000436,0.000872,0.997384,0.001308
ATAGACAACGGGACCT-1,0.000078,0.21515,0.668696,0.116076
ATAGACGAAGAGAAAG-1,0.000085,0.162016,0.490522,0.347377
ATAGAGTACTGGGACA-1,0.000103,0.092393,0.762746,0.144758
ATAGAGTTATCAACTT-1,0.000241,0.060363,0.513554,0.425843
ATAGATTTGCAGTCGG-1,0.000345,0.174192,0.50307,0.322393
ATAGCAACTAGGGAAG-1,0.000507,0.001015,0.947377,0.051101
ATAGCCTCAGTACCCA-1,0.001068,0.002139,0.993586,0.003207
ATAGCTGCTCTTGTTA-1,0.000992,0.07757,0.91846,0.002978
ATAGGCGGCTATAGAA-1,0.000044,0.065551,0.379775,0.55463
ATAGGCTAGCTTCGCA-1,0.000134,0.000268,0.999197,0.000401
ATAGTCTTTGACGTGC-1,0.000151,0.196558,0.353933,0.449358
ATAGTGAAGCGTTCTC-1,0.00005,0.683622,0.312165,0.004163
ATAGTTCCACCCACTC-1,0.000203,0.058741,0.940447,0.000609
ATATAAAGCGCTCGTG-1,0.000088,0.461312,0.256357,0.282243
ATATAAATGTAGCTGC-1,0.000123,0.825394,0.174116,0.000368
ATATAACACGGGCGCA-1,0.000138,0.000276,0.999171,0.000414
ATATACATGTATGGTA-1,0.000903,0.083759,0.912626,0.002711
ATATACGCTCGTGACG-1,0.002096,0.004196,0.987413,0.006294
ATATAGAGTATTGGTC-1,0.000273,0.35629,0.345494,0.297943
ATATCAACCTACAGAG-1,0.000788,0.001577,0.99527,0.002365
ATATCAATTCCAGCCT-1,0.000112,0.113579,0.523783,0.362527
ATATCGGTAGGGAGAT-1,0.000461,0.215129,0.450082,0.334327
ATATCGTTCCTCGAAC-1,0.000114,0.100102,0.627771,0.272013
ATATCTCCCTCGTTAA-1,0.000076,0.183622,0.60045,0.215852
