Barcode,Topic 1,Topic 2to3,Topic 4to8
AAACAACGAATAGTTC-1,0.000057,0.08003,0.919912
AAACAAGTATCTCCCA-1,0.000038,0.126043,0.873919
AAACAATCTACTAGCA-1,0.000136,0.339201,0.660663
AAACACCAATAACTGC-1,0.000051,0.512995,0.486954
AAACAGAGCGACTCCT-1,0.000065,0.00013,0.999805
AAACAGCTTTCAGAAG-1,0.000288,0.174787,0.824925
AAACAGGGTCTATATT-1,0.057488,0.007826,0.934686
AAACAGTGTTCCTGGG-1,0.000035,0.478061,0.521904
AAACATTTCCCGGATT-1,0.001722,0.048353,0.949925
AAACCGGGTAGGTACC-1,0.00003,0.239999,0.759971
AAACCGTTCGTCCAGG-1,0.000031,0.423039,0.57693
AAACCTAAGCAGCCGG-1,0.000056,0.138127,0.861818
AAACCTCATGAAGTTG-1,0.001528,0.003054,0.995418
AAACGAAGAACATACC-1,0.000129,0.25255,0.747321
AAACGAGACGGTTGAT-1,0.000279,0.071049,0.928672
AAACGCCCGAGATCGG-1,0.000067,0.347921,0.652012
AAACGGGCGTACGGGT-1,0.000059,0.296238,0.703703
AAACGGGTTGGTATCC-1,0.000732,0.001465,0.997803
AAACTAACGTGGCGAC-1,0.00016,0.081756,0.918084
AAACTCGGTTCGCAAT-1,0.000444,0.144822,0.854734
AAACTGCTGGCTCCAA-1,0.000241,0.000482,0.999278
AAACTTGCAAACGTAT-1,0.000256,0.068165,0.93158
AAAGACATGAAGTTTA-1,0.000072,0.195089,0.80484
AAAGACTGGGCGCTTT-1,0.633264,0.000277,0.366459
AAAGGCCCTATAATAC-1,0.000319,0.411842,0.587839
AAAGGGATGTAGCAAG-1,0.037164,0.000199,0.962637
AAAGGGCAGCTTGAAT-1,0.003803,0.007588,0.988609
AAAGGTAAGCTGTACC-1,0.000032,0.580782,0.419186
AAAGTAGCATTGCTCA-1,0.000017,0.801512,0.198471
AAAGTCGACCCTCAGT-1,0.003476,0.006959,0.989565
AAAGTGTGATTTATCT-1,0.000075,0.071485,0.92844
AAAGTTGACTCCCGTA-1,0.000046,0.000092,0.999863
AAATAACCATACGGGA-1,0.00007,0.22838,0.77155
AAATACCTATAAGCAT-1,0.000095,0.247978,0.751926
AAATAGCTTAGACTTT-1,0.000034,0.000068,0.999897
AAATAGGGTGCTATTG-1,0.000053,0.408182,0.591765
AAATCCGATACACGCC-1,0.000053,0.261319,0.738628
AAATCTAGCCCTGCTA-1,0.00005,0.0001,0.999849
AAATGCTCGTTACGTT-1,0.019486,0.000381,0.980134
AAATGGCATGTCTTGT-1,0.000086,0.429366,0.570548
AAATGGCCCGTGCCCT-1,0.000172,0.499888,0.49994
AAATTACACGACTCTG-1,0.000076,0.215487,0.784436
AAATTACCTATCGATG-1,0.000054,0.120653,0.879293
AAATTGATAGTCCTTT-1,0.007149,0.075716,0.917135
AAATTGCGGCGGTTCT-1,0.000103,0.408581,0.591316
AAATTTACCGAAATCC-1,0.000065,0.110229,0.889706
AAATTTGCGGGTGTGG-1,0.003368,0.164353,0.832279
AACAACTGGTAGTTGC-1,0.000051,0.197595,0.802354
AACAATACATTGTCGA-1,0.000019,0.591152,0.408829
AACAATTACTCTACGC-1,0.073842,0.000417,0.925741
AACACACGCTCGCCGC-1,0.000048,0.182355,0.817597
AACACGACTGTACTGA-1,0.000052,0.000105,0.999843
AACACGAGACGCGGCC-1,0.002121,0.361103,0.636776
AACACGCGGCCGCGAA-1,0.000073,0.007114,0.992812
AACAGCTGTGTGGCAA-1,0.005906,0.735035,0.259059
AACAGGAAATCGAATA-1,0.00016,0.000321,0.999519
AACAGGATGGGCCGCG-1,0.000443,0.000885,0.998673
AACATAGCGTGTATCG-1,0.000185,0.120312,0.879504
AACATATCAACTGGTG-1,0.000071,0.000142,0.999786
AACATTGAAGTTGATC-1,0.004639,0.009279,0.986082
AACATTGGTCAGCCGT-1,0.000282,0.000564,0.999154
AACCAAGACTTCTCTG-1,0.001473,0.002947,0.995581
AACCAGTATCACTCTT-1,0.000055,0.302868,0.697076
AACCATGGGATCGCTA-1,0.000035,0.476065,0.523899
AACCCAGAGACGGAGA-1,0.000073,0.000145,0.999782
AACCCATCCCATGATC-1,0.034433,0.22266,0.742906
AACCCGACAACCCGTG-1,0.000042,0.235569,0.76439
AACCCTACTGTCAATA-1,0.000057,0.068845,0.931098
AACCCTGGTGGAACCA-1,0.00008,0.215698,0.784222
AACCGAGCTTGGTCAT-1,0.000103,0.09947,0.900427
AACCGCTAAGGGATGC-1,0.000071,0.096795,0.903134
AACCGTTGTGTTTGCT-1,0.000089,0.000177,0.999734
AACCTAAAGCCGTCCG-1,0.003363,0.071541,0.925096
AACCTCGCTTTAGCCC-1,0.000144,0.135741,0.864115
AACCTTTAAATACGGT-1,0.000308,0.310952,0.68874
AACCTTTACGACGTCT-1,0.01381,0.000184,0.986006
AACGATAATGCCGTAG-1,0.000013,0.963951,0.036036
AACGATATGTCAACTG-1,0.000405,0.000811,0.998784
AACGCATGATCTGGGT-1,0.000073,0.013903,0.986024
AACGCGAACGGCAACA-1,0.00018,0.000359,0.999461
AACGCGGTCTCCAGCC-1,0.000066,0.000132,0.999802
AACGCTGTTGCTGAAA-1,0.005886,0.382276,0.611839
AACGGACGTACGTATA-1,0.000041,0.427819,0.572141
AACGGCCATCTCCGGT-1,0.000023,0.42303,0.576947
AACGTACTGTGGGTAC-1,0.001824,0.004509,0.993667
AACGTAGTCTACCCAT-1,0.000104,0.392924,0.606972
AACGTCAGACTAGTGG-1,0.000104,0.243125,0.756771
AACGTGATGAAGGACA-1,0.000101,0.000203,0.999696
AACGTGCGAAAGTCTC-1,0.000914,0.056185,0.942901
AACGTTATCAGCACCT-1,0.002158,0.375934,0.621908
AACTAGGCTTGGGTGT-1,0.003383,0.337923,0.658695
AACTCAAGTTAATTGC-1,0.000046,0.077977,0.921977
AACTCCAGAGCGTGTT-1,0.000042,0.348369,0.651589
AACTCCTAATCCCATG-1,0.000051,0.061244,0.938706
AACTCGATAAACACGT-1,0.001764,0.003527,0.994709
AACTCGATGGCGCAGT-1,0.000085,0.23547,0.764445
AACTCTCAATAGAGCG-1,0.000082,0.01971,0.980208
AACTCTCAGTGTGCTC-1,0.000053,0.000107,0.99984
AACTGATATTAGGCCT-1,0.000138,0.000277,0.999585
AACTGGGTCCCGACGT-1,0.000083,0.000165,0.999752
AACTGGGTTCGAGCCG-1,0.000094,0.057285,0.94262
AACTTCTGCGTCTATC-1,0.001331,0.002664,0.996005
AACTTGCCCGTATGCA-1,0.000787,0.001575,0.997639
AACTTGCGTTCTCGCG-1,0.000511,0.001022,0.998467
AACTTTACGGGAGCTT-1,0.001625,0.205261,0.793114
AAGAAGGATCAGTTAG-1,0.000559,0.001118,0.998324
AAGACTAACCCGTTGT-1,0.003212,0.252692,0.744096
AAGACTCACGCCCACT-1,0.000028,0.678863,0.32111
AAGACTGCAAGCTACT-1,0.000376,0.001643,0.997981
AAGAGATGAATCGGTA-1,0.001438,0.002879,0.995683
AAGAGCTCTTTATCGG-1,0.000666,0.001332,0.998002
AAGAGGATGTACGCGA-1,0.000076,0.000151,0.999773
AAGAGGCATGGATCGC-1,0.000105,0.165347,0.834548
AAGATGGCACCGGACC-1,0.000027,0.410165,0.589808
AAGATTGGCGGAACGT-1,0.000421,0.36881,0.630768
AAGCACCCTGCGTATC-1,0.004037,0.379074,0.616889
AAGCATACTCTCCTGA-1,0.000109,0.605437,0.394454
AAGCCACTTGCAGGTA-1,0.000272,0.000544,0.999183
AAGCCGAAGCGGTTTA-1,0.002926,0.000114,0.996959
AAGCCGCCGTGAAATC-1,0.00014,0.777585,0.222274
AAGCGCAGGGCTTTGA-1,0.000073,0.663425,0.336502
AAGCGGCGTCATGGGT-1,0.002526,0.28712,0.710354
AAGCGTCCCTCATCGA-1,0.000033,0.467655,0.532312
AAGCTAGATCGAGTAA-1,0.003146,0.166273,0.830581
AAGCTCGTGCCAAGTC-1,0.000955,0.311869,0.687176
AAGCTCTTTCATGGTG-1,0.000049,0.248083,0.751868
AAGGAGCGGTTGGTGC-1,0.000046,0.509222,0.490732
AAGGATGAGGGACCTC-1,0.012133,0.217439,0.770428
AAGGCGCGTAAAGCTT-1,0.000083,0.000673,0.999244
AAGGCTGTGCTCATCG-1,0.000037,0.439662,0.5603
AAGGGAACGACTGGCT-1,0.000234,0.19765,0.802116
AAGGGACAGATTCTGT-1,0.00503,0.197132,0.797838
AAGGGACTATGCATTC-1,0.000007,0.957457,0.042537
AAGGTATCCTAATATA-1,0.013953,0.000798,0.985249
AAGGTGATAAACCAGC-1,0.000035,0.558715,0.441251
AAGTAAGCTTCCAAAC-1,0.000037,0.394983,0.60498
AAGTAGAAGACCGGGT-1,0.000086,0.0463,0.953614
AAGTAGTGACGCGAGG-1,0.000048,0.30518,0.694772
AAGTCAATTGTCGTCA-1,0.000039,0.098767,0.901194
AAGTGACGACCGAATT-1,0.000035,0.282695,0.71727
AAGTGAGTCGGGTTTA-1,0.000088,0.032014,0.967897
AAGTGCAAAGGTAGAC-1,0.009628,0.019253,0.971119
AAGTGCCTTGACTGTA-1,0.000047,0.009985,0.989968
AAGTGCGTTAGAATCT-1,0.000026,0.317301,0.682673
AAGTGCTTCTCTATTG-1,0.000042,0.170614,0.829344
AAGTGTTTGGAGACGG-1,0.000248,0.95346,0.046293
AAGTTCACTCCAAGCT-1,0.00005,0.204486,0.795464
AAGTTCAGTCTGCGTA-1,0.000041,0.504829,0.49513
AAGTTCGGCCAACAGG-1,0.000041,0.088685,0.911274
AAGTTGTGATGTTATA-1,0.000135,0.00027,0.999596
AAGTTTATGGGCCCAA-1,0.001149,0.002298,0.996554
AATAACAACGCTCGGC-1,0.000147,0.000294,0.999559
AATAACACTAGAACAA-1,0.000026,0.043052,0.956922
AATAAGTCCTCGAGAC-1,0.000118,0.062129,0.937753
AATACAATGTTTCAGG-1,0.001605,0.003211,0.995184
AATACCGGAGGGCTGT-1,0.000043,0.182104,0.817854
AATACCTGATGTGAAC-1,0.001425,0.028554,0.97002
AATAGAACAGAGTGGC-1,0.000048,0.000096,0.999855
AATAGAATCTGTTTCA-1,0.000044,0.40108,0.598876
AATAGCTACCGCGTGC-1,0.000187,0.023923,0.97589
AATAGGCACGACCCTT-1,0.000029,0.731504,0.268467
AATAGTCGCGAGTCGG-1,0.010431,0.02086,0.96871
AATATCAAGGTCGGAT-1,0.000068,0.000135,0.999797
AATATCGAGGGTTCTC-1,0.000065,0.215547,0.784388
AATATTGGAGTATTGA-1,0.003915,0.007826,0.988259
AATCAGACTGCAGGAC-1,0.000132,0.041642,0.958225
AATCAGGTTTCATTTA-1,0.000044,0.456705,0.543251
AATCATGTAAAGACTC-1,0.000036,0.315412,0.684553
AATCCAAGGGCCTGAG-1,0.000211,0.087932,0.911857
AATCCATGCAAGGGTG-1,0.001407,0.002814,0.995779
AATCGAGGTCTCAAGG-1,0.000065,0.40038,0.599555
AATCGCCTCAGCGCCA-1,0.000022,0.76753,0.232447
AATCGTGAGCCGAGCA-1,0.000177,0.16302,0.836804
AATCTAGGTTTACTTG-1,0.000399,0.51351,0.486091
AATCTCTACTGTGGTT-1,0.008938,0.017885,0.973177
AATCTGCGTTGGGACG-1,0.000046,0.435603,0.564351
AATCTGGCTTTCTAGT-1,0.004172,0.008351,0.987477
AATCTGGGTAGACCCT-1,0.000059,0.150778,0.849163
AATGACAGCAATGTCT-1,0.000035,0.0795,0.920465
AATGACGTAGGATGTC-1,0.000046,0.327258,0.672697
AATGACTGTCAGCCGG-1,0.000053,0.069234,0.930713
AATGAGTTCGCATATG-1,0.000296,0.000591,0.999114
AATGATGATACGCTAT-1,0.000085,0.007082,0.992833
AATGATGCGACTCCTG-1,0.000066,0.000131,0.999803
AATGCACCAAGCAATG-1,0.000073,0.078259,0.921669
AATGGTCCACCGTTCA-1,0.151664,0.056253,0.792083
AATGGTTCTCACAAGC-1,0.000093,0.000186,0.999721
AATGTGCCCGAGGTGT-1,0.0229,0.393982,0.583118
AATGTGCTAATCTGAG-1,0.000017,0.593252,0.406731
AATGTTAAGACCCTGA-1,0.000149,0.07145,0.928401
AATTAAAGGTCGGCGT-1,0.001395,0.018636,0.979969
AATTAACGGATTTCCA-1,0.001317,0.47843,0.520252
AATTACTCGTACGCTC-1,0.201768,0.000577,0.797655
AATTAGCGCTGCAGCG-1,0.000901,0.139212,0.859887
AATTATACCCAGCAAG-1,0.000048,0.333352,0.6666
AATTCATAAGGGATCT-1,0.00007,0.00014,0.99979
AATTCCAACTTGGTGA-1,0.001043,0.002087,0.99687
AATTCGATTCGAGGAT-1,0.000148,0.679116,0.320736
AATTCTAGAGTTAGGC-1,0.000517,0.001035,0.998448
AATTGAACGCTCTGGT-1,0.000015,0.960165,0.039821
AATTGCAGCAATCGAC-1,0.000074,0.000147,0.999779
AATTTGGGACATAGTA-1,0.000042,0.583483,0.416475
AATTTGGTTCCAAAGA-1,0.000058,0.00229,0.997652
ACAAACCATGCGTCCT-1,0.002319,0.004638,0.993043
ACAAACCGACAAGGCG-1,0.042488,0.16666,0.790852
ACAAACTCCATCAGAG-1,0.000036,0.478277,0.521687
ACAAAGCATGACCTAG-1,0.003823,0.115638,0.880539
ACAAATCGCACCGAAT-1,0.000986,0.731063,0.267951
ACAAATGGTAGTGTTT-1,0.000015,0.845639,0.154346
ACAAATTCAGATCTGA-1,0.000035,0.427486,0.572479
ACAACAGCATGAGCTA-1,0.001669,0.24755,0.750781
ACAACGGTCCCTGCGA-1,0.000113,0.000227,0.99966
ACAAGCAGTGCCTAGC-1,0.061685,0.001298,0.937017
ACAAGGAAATCCGCCC-1,0.000017,0.808507,0.191476
ACAAGGACAAGAGGTT-1,0.012115,0.005009,0.982876
ACAAGGATGCTTTAGG-1,0.000052,0.332982,0.666966
ACAAGGCCTACCAGCC-1,0.000084,0.000168,0.999748
ACAAGGGCAGGCTCTG-1,0.001483,0.365697,0.632819
ACAAGTAATTGTAAGG-1,0.00404,0.008081,0.987879
ACAATAGTCGTACGTT-1,0.007362,0.014721,0.977916
ACAATCCATTTAAACC-1,0.000067,0.360564,0.639369
ACAATGAATACGGAGA-1,0.000034,0.267502,0.732464
ACAATTGTGTCTCTTT-1,0.000048,0.218447,0.781505
ACAATTTAGGAGGCTC-1,0.005214,0.010435,0.98435
ACAATTTGAGCAGTGG-1,0.000212,0.000424,0.999364
ACACACCAGGACCAGT-1,0.000056,0.119223,0.880721
ACACACTTTCTACACG-1,0.000081,0.065758,0.93416
ACACATGATCAAATCT-1,0.002844,0.258448,0.738708
ACACATTGACGCAACA-1,0.00184,0.003683,0.994477
ACACATTTCCGTAGAC-1,0.00658,0.090189,0.903231
ACACCCGAGAAATCCG-1,0.002826,0.089693,0.907481
ACACCGAGCGCTCTTT-1,0.000941,0.026575,0.972484
ACACCGGTCTGACCGC-1,0.001089,0.138003,0.860909
ACACCTTAAGTAGGGC-1,0.000059,0.365887,0.634054
ACACGAGACTCCTTCT-1,0.000519,0.11989,0.879591
ACACGGCACTATGCAT-1,0.000076,0.116366,0.883558
ACACGGGAACTTAGGG-1,0.004172,0.008346,0.987482
ACACTCCAATGTCACT-1,0.002454,0.004912,0.992634
ACACTGATCAAGGTGT-1,0.000039,0.022805,0.977156
ACAGAACTGAGAACAA-1,0.000022,0.487161,0.512818
ACAGCGACATTCTCAT-1,0.000074,0.068261,0.931665
ACAGCGCACCCGCAGC-1,0.002197,0.004394,0.99341
ACAGGCACGGATCCTT-1,0.000074,0.161103,0.838823
ACAGGCTTGCCCGACT-1,0.000022,0.755678,0.2443
ACAGGTGGAGGTGAGG-1,0.000031,0.197442,0.802527
ACAGTAATACAACTTG-1,0.001346,0.321577,0.677077
ACATAATAAGGCGGTG-1,0.00787,0.000093,0.992037
ACATACAATCAAGCGG-1,0.000063,0.22379,0.776147
ACATCAGCTGGGACGC-1,0.002019,0.411474,0.586507
ACATCCTGGTAACTGT-1,0.000063,0.000127,0.99981
ACATCGATCGTTTACC-1,0.00007,0.127927,0.872003
ACATCGCAATATTCGG-1,0.000127,0.077141,0.922732
ACATCGGTCAGCCGCG-1,0.000046,0.222881,0.777074
ACATCGTATGCAATGG-1,0.00003,0.578218,0.421751
ACATCGTTAACCTAGT-1,0.000252,0.000505,0.999243
ACATCTCAACGCGTAA-1,0.000086,0.000172,0.999742
ACATGCTTACGGCAGC-1,0.000539,0.266407,0.733054
ACATGGCGCCAAAGTA-1,0.000021,0.442716,0.557263
ACATGGCTCAATTTAG-1,0.000143,0.339099,0.660758
ACATTAGTTTATATCC-1,0.001625,0.003251,0.995123
ACATTCGCGCGGAATA-1,0.000526,0.001052,0.998422
ACATTTGAAACCTAAC-1,0.000083,0.188193,0.811724
ACCAAACTAGAAATCC-1,0.000037,0.109969,0.889994
ACCAACACCACACACT-1,0.00011,0.022856,0.977034
ACCAACCGCACTCCAC-1,0.000066,0.057801,0.942133
ACCAACGCTTATTTAT-1,0.000046,0.000092,0.999862
ACCAATATGCAAGTTA-1,0.000025,0.729095,0.270881
ACCACAACTCAGAACA-1,0.003477,0.006956,0.989566
ACCACACGGTTGATGG-1,0.00014,0.125435,0.874425
ACCACCAATGTAACAA-1,0.000036,0.000073,0.999891
ACCACGTGCAGCTATA-1,0.000028,0.546514,0.453458
ACCACTGTTCAAGAAG-1,0.002122,0.004247,0.993631
ACCAGCCCGGTCTTTG-1,0.000193,0.000385,0.999422
ACCAGTGCCCGGTCAA-1,0.000061,0.061529,0.938411
ACCAGTGCGGGAGACG-1,0.000043,0.466623,0.533334
ACCATCCGCCAACTAG-1,0.001089,0.384965,0.613946
ACCATCGTATATGGTA-1,0.000068,0.114012,0.88592
ACCATTAAGGGTGTCA-1,0.023169,0.125354,0.851477
ACCCAACGCCCGTGGC-1,0.000075,0.063296,0.936629
ACCCACCTACATGCTC-1,0.00291,0.005824,0.991266
ACCCATCTTGAGGGTA-1,0.000047,0.502795,0.497159
ACCCATTTGTCCCTCT-1,0.000055,0.242453,0.757492
ACCCGAGCGAAATTAC-1,0.000016,0.675957,0.324026
ACCCGATTGGTTCCGA-1,0.000024,0.676108,0.323868
ACCCGGAAACTCCCAG-1,0.002721,0.144747,0.852533
ACCCGGATGACGCATC-1,0.00007,0.126012,0.873918
ACCCGGTTACACTTCC-1,0.00005,0.004704,0.995246
ACCCTATAGGACTGAG-1,0.001692,0.003385,0.994923
ACCCTATGCCATATCG-1,0.000065,0.062646,0.937289
ACCCTCCCGTCAGGGC-1,0.000089,0.219893,0.780018
ACCCTCCCTTGCTATT-1,0.005661,0.529169,0.465169
ACCCTTCATCTGCGAA-1,0.000057,0.000114,0.999829
ACCCTTTAGTTCTCCA-1,0.000279,0.679263,0.320458
ACCGACACATCTCCCA-1,0.003211,0.006425,0.990364
ACCGACTGAGTCCCAC-1,0.027313,0.000513,0.972173
ACCGAGTCTCCTTATT-1,0.000652,0.001305,0.998044
ACCGATGGTAGCATCG-1,0.000089,0.069163,0.930748
ACCGCAATAACTGCCT-1,0.000033,0.537555,0.462412
ACCGCGGTGGAAGTCG-1,0.000026,0.003673,0.996301
ACCGCTAGTCATTGGT-1,0.000064,0.174037,0.825899
ACCGGGCCTTTGTTGA-1,0.000052,0.226194,0.773754
ACCGGTCAGGTACACC-1,0.022741,0.404623,0.572635
ACCGGTCTGAGTACGG-1,0.000063,0.141446,0.858492
ACCGTGACCACGTGGG-1,0.000039,0.12857,0.871391
ACCGTTCCCGCTCTGA-1,0.000105,0.000211,0.999684
ACCTAAGTACCTTTCA-1,0.000035,0.207678,0.792287
ACCTAATCGACTTCCT-1,0.000058,0.245628,0.754314
ACCTCCGCCCTCGCTG-1,0.000083,0.000166,0.999751
ACCTCGAACTTATGCT-1,0.00037,0.284784,0.714846
ACCTGCGTGTCATGTT-1,0.000282,0.470581,0.529137
ACCTTTCCTTTAGAAG-1,0.000037,0.555189,0.444774
ACGAAATGGGCGGCAC-1,0.000763,0.001527,0.997709
ACGACTCTAGGGCCGA-1,0.000048,0.317856,0.682096
ACGACTGGTCATACTC-1,0.000025,0.425651,0.574324
ACGAGAACCCATCACG-1,0.000104,0.000209,0.999687
ACGAGATATTTGCTTA-1,0.001108,0.002217,0.996676
ACGAGGATACCACTCT-1,0.000174,0.047567,0.952259
ACGAGGTTTACAACGT-1,0.011291,0.000945,0.987764
ACGAGTACGGATGCCC-1,0.006404,0.099929,0.893667
ACGAGTCGCCGGCGTT-1,0.002362,0.004724,0.992914
ACGATACATAGAACTA-1,0.002663,0.005328,0.992009
ACGATCATACATAGAG-1,0.000082,0.000164,0.999755
ACGATCATCTTGTAAA-1,0.000031,0.061582,0.938388
ACGATGCATATGTTAT-1,0.000043,0.36489,0.635067
ACGATGGATCCGATGC-1,0.000051,0.712105,0.287844
ACGCAATCACTACAGC-1,0.00503,0.126364,0.868606
ACGCATACGTTTACTA-1,0.000059,0.105357,0.894584
ACGCATTCGTGAGTAC-1,0.00003,0.794403,0.205567
ACGCCACTCGAAACAG-1,0.000349,0.000698,0.998954
ACGCCAGATGATTTCT-1,0.001181,0.002362,0.996457
ACGCCAGTGCGTTTGC-1,0.000069,0.000139,0.999792
ACGCCCAGCTGTCGAT-1,0.000038,0.38817,0.611792
ACGCCGCTAGACGACC-1,0.000226,0.405373,0.5944
ACGCGAAGTCAGACGA-1,0.010379,0.336572,0.653049
ACGCGCTACACAGGGT-1,0.000035,0.197252,0.802713
ACGCGGGCCAAGGACA-1,0.000039,0.000078,0.999884
ACGCGTTTCTTAAGAG-1,0.000433,0.247646,0.75192
ACGCTAGTGATACACT-1,0.001925,0.003532,0.994543
ACGCTGTGAGGCGTAG-1,0.003129,0.006258,0.990613
ACGCTTAGTGTCTCTC-1,0.001422,0.002845,0.995733
ACGGAACACGAGTGCC-1,0.000064,0.028726,0.97121
ACGGAATTTAGCAAAT-1,0.002574,0.000158,0.997268
ACGGACTCTCAAAGCG-1,0.000227,0.330177,0.669596
ACGGAGCGCAAATTAC-1,0.000076,0.048636,0.951288
ACGGATGGTGCGGATA-1,0.000091,0.398995,0.600914
ACGGCACTTGCTTGGG-1,0.000719,0.001439,0.997841
ACGGCGACGATGGGAA-1,0.000029,0.508985,0.490986
ACGGCGGGTTGCCCTG-1,0.000045,0.426605,0.57335
ACGGGAGTGTCGGCCC-1,0.000033,0.411972,0.587995
ACGGGTCATGTGACTT-1,0.003211,0.315373,0.681415
ACGGTACAGTTCAATG-1,0.000076,0.385353,0.614571
ACGTACAGATTTCTCT-1,0.000097,0.000194,0.999709
ACGTACTTTGGCACGG-1,0.000048,0.469029,0.530923
ACGTAGATTGCTGATG-1,0.003292,0.006588,0.99012
ACGTAGGAGAGTCGCT-1,0.000688,0.001376,0.997936
ACGTATTACTCCGATC-1,0.000055,0.13686,0.863085
ACGTGCGCCTCGTGCA-1,0.001287,0.175128,0.823586
ACGTGGTCGAATGTGC-1,0.000099,0.070786,0.929115
ACGTTAATGTCGAAGA-1,0.005155,0.530389,0.464457
ACGTTAGATTTGCCCG-1,0.00005,0.353073,0.646877
ACGTTATTGGTCACTC-1,0.003576,0.007155,0.989269
ACGTTCACTATGCCGC-1,0.000047,0.485289,0.514664
ACGTTCGTTCAGGAAA-1,0.000053,0.024224,0.975723
ACGTTCTGTACAAGTC-1,0.007012,0.267815,0.725173
ACGTTGTCGTTGAAAG-1,0.000085,0.20944,0.790475
ACGTTTAGTTGTGATC-1,0.000127,0.579394,0.420479
ACTAATACGTCAGGCG-1,0.000041,0.451429,0.54853
ACTACAAAGAGAGGTG-1,0.000159,0.072761,0.92708
ACTACATCCCGACAAG-1,0.079763,0.006419,0.913819
ACTACCAGCTCTCTGG-1,0.000089,0.032644,0.967267
ACTACCATCCGAGGGC-1,0.000324,0.000649,0.999027
ACTAGTTGCGATCGTC-1,0.000054,0.085547,0.914399
ACTATATGCTGTGTTC-1,0.000074,0.114315,0.885611
ACTATGTCCAGCTGCC-1,0.000215,0.335369,0.664417
ACTATTCGTCCGTGGT-1,0.000184,0.000368,0.999448
ACTATTTCCGGGCCCA-1,0.00004,0.365144,0.634816
ACTCAACGAATGTATT-1,0.000076,0.007649,0.992275
ACTCAAGTGCAAGGCT-1,0.00027,0.867329,0.132401
ACTCAATAAAGGCACG-1,0.000141,0.000282,0.999577
ACTCAGACCTGCTTCT-1,0.000076,0.000152,0.999771
ACTCATGGCAGCCTTC-1,0.001869,0.003738,0.994393
ACTCCAATATCATCAT-1,0.000022,0.48707,0.512909
ACTCCCATTCCTAAAG-1,0.00031,0.203428,0.796262
ACTCCCGAATTCGTTT-1,0.000019,0.540883,0.459098
ACTCCCTAATGCTAAA-1,0.003233,0.599334,0.397433
ACTCCCTAGAATAGTA-1,0.000107,0.472707,0.527186
ACTCCGGCCGACCACT-1,0.000059,0.110507,0.889434
ACTCGATGTATTTCAT-1,0.001896,0.003795,0.994309
ACTCGTAACCCGTCCT-1,0.000134,0.630452,0.369414
ACTCGTCAGTAATCCC-1,0.000544,0.148463,0.850993
ACTCTCTGACTTAGGT-1,0.000197,0.351496,0.648307
ACTCTCTTATACACGA-1,0.000096,0.212065,0.787839
ACTCTGACCTAATAGA-1,0.000075,0.165458,0.834467
ACTCTTGTATAGTAAC-1,0.000941,0.303661,0.695398
ACTGAAACGCCGTTAG-1,0.004966,0.736269,0.258766
ACTGAATGGCGAAAGT-1,0.018063,0.930992,0.050944
ACTGATTTAGTGATTC-1,0.002782,0.005564,0.991653
ACTGCCCGCCATTCTC-1,0.000039,0.254698,0.745263
ACTGCCGTCGTAACTC-1,0.000579,0.214995,0.784425
ACTGTACGATACACAT-1,0.001869,0.003737,0.994394
ACTGTAGCACTTTGGA-1,0.004777,0.158517,0.836706
ACTGTATACGCGAGCA-1,0.000057,0.331827,0.668115
ACTGTCTTCTTTAGAA-1,0.000136,0.000271,0.999593
ACTGTGCTAGTAGATC-1,0.000057,0.000115,0.999828
ACTTACCGGGCGCGCA-1,0.001961,0.006044,0.991995
ACTTACGCATCCACGC-1,0.000031,0.681763,0.318206
ACTTAGTACGACAAGA-1,0.000037,0.102023,0.897941
ACTTATACTTACCCGG-1,0.000067,0.092574,0.90736
ACTTATCTGATCTATA-1,0.002136,0.87329,0.124574
ACTTATTTATGTGCCA-1,0.000057,0.044964,0.954979
ACTTCAGGCTGATCCC-1,0.000011,0.929355,0.070633
ACTTCCATGCGGGACA-1,0.000016,0.906813,0.093172
ACTTCGCCATACGCAC-1,0.000669,0.813082,0.186249
ACTTGACTCCCTCTTT-1,0.000379,0.185007,0.814614
ACTTGGGACCCGGTGG-1,0.000069,0.000139,0.999792
ACTTGGGCTTTCGCCA-1,0.00006,0.694202,0.305738
ACTTGTAGTCCCTTCA-1,0.000741,0.246059,0.7532
ACTTGTGGATGGAACG-1,0.000118,0.000237,0.999645
ACTTTACCCTCATGAA-1,0.000053,0.184562,0.815386
ACTTTCCTATAGCTTC-1,0.000113,0.000226,0.999661
ACTTTGACTGCATCCT-1,0.004315,0.008636,0.987049
ACTTTGGTCGTGCTCC-1,0.000605,0.436857,0.562539
AGAACGTGGTACATTC-1,0.000319,0.000639,0.999042
AGAACTGTACTTTGTA-1,0.000059,0.269015,0.730926
AGAAGAGCGCCGTTCC-1,0.093738,0.011294,0.894967
AGAAGGTACACTTCAC-1,0.002665,0.005329,0.992006
AGAAGGTTGCCGAATT-1,0.00003,0.435174,0.564796
AGAAGGTTGTAGGTCG-1,0.001026,0.185776,0.813198
AGAAGTGATTCGTGAT-1,0.000034,0.190079,0.809887
AGAATAAATCTTCAGG-1,0.004316,0.008627,0.987057
AGAATACAGGCTATCC-1,0.001649,0.154265,0.844085
AGAATGCGGGTTCGGA-1,0.000055,0.273405,0.726539
AGAATTATGGATTCGA-1,0.000059,0.170842,0.829098
AGAATTGTTTGACATA-1,0.000103,0.000206,0.999691
AGACAGCTCAGAATCC-1,0.003209,0.006418,0.990373
AGACCATGGGATACAA-1,0.000978,0.000154,0.998868
AGACCCACCGCTGATC-1,0.000184,0.000368,0.999448
AGACCGGGAAACCCTG-1,0.000797,0.174709,0.824494
AGACGAAGTGCCGGTC-1,0.00004,0.067696,0.932264
AGACGACGATGCCGCT-1,0.000033,0.043916,0.95605
AGACGGGATTGGTATA-1,0.000189,0.000378,0.999433
AGACGGGCCGATTTAA-1,0.144565,0.000109,0.855326
AGACTAGCCTTCCAGA-1,0.000058,0.051345,0.948597
AGACTGTTACCGGGTC-1,0.000065,0.00013,0.999805
AGAGAAACACCAGAAA-1,0.000019,0.444445,0.555536
AGAGAACCGTCTAGGA-1,0.000214,0.173622,0.826164
AGAGAAGGAGTACAAT-1,0.000026,0.633499,0.366475
AGAGATCTCTAAAGCG-1,0.000151,0.250896,0.748953
AGAGCAGTTATGAGAC-1,0.002052,0.235049,0.762899
AGAGCGGGCTAATCAT-1,0.010788,0.043741,0.945471
AGAGCGTACAAGCTCG-1,0.003142,0.02101,0.975848
AGAGCTACGAAAGCAT-1,0.002784,0.005565,0.991651
AGAGGCTTCGGAAACC-1,0.000051,0.03475,0.965199
AGAGTAAACTTCACTA-1,0.001007,0.479176,0.519818
AGAGTTAGAGACCGAT-1,0.000039,0.451899,0.548062
AGATAACTTCAGGGCC-1,0.000056,0.051045,0.948899
AGATACCGGTGTTCAC-1,0.000021,0.551532,0.448447
AGATACGACTTCATAT-1,0.002248,0.056754,0.940999
AGATACTCAAGATCGA-1,0.000019,0.760072,0.239909
AGATATAATACGACTA-1,0.001692,0.165534,0.832775
AGATCGTGCATAAGAT-1,0.012204,0.344346,0.64345
AGATCTCAGGTGTGAT-1,0.004171,0.317952,0.677876
AGATGAGGGTTGCGAT-1,0.000059,0.000119,0.999822
AGATGATGGAGTCTGG-1,0.000052,0.000103,0.999845
AGATGCAAGACGTGCA-1,0.000117,0.329414,0.670468
AGATGCTATAACGAGC-1,0.004038,0.008074,0.987888
AGATTCACAACCGATA-1,0.003174,0.130986,0.86584
AGCAAAGGCCGCTAGT-1,0.003684,0.1517,0.844616
AGCAACATATCTTATT-1,0.000062,0.00923,0.990708
AGCAACCGAAAGTAAT-1,0.000031,0.26986,0.730109
AGCACACGTTTAGACT-1,0.001331,0.13749,0.861179
AGCACCAGTACTCACG-1,0.000124,0.000247,0.999629
AGCACTACCGGCCTGT-1,0.000177,0.309572,0.690251
AGCACTACCTCACCAG-1,0.000023,0.707339,0.292638
AGCACTTAAGGACGCC-1,0.000058,0.119114,0.880827
AGCAGAAGGAGAAAGA-1,0.002979,0.360762,0.636259
AGCAGTCGAAGCATGC-1,0.000057,0.198063,0.80188
AGCATATCAATATGCT-1,0.000058,0.196843,0.803099
AGCATCATTTCGAAAG-1,0.000047,0.463008,0.536945
AGCATTACGAGGCAAG-1,0.009781,0.000353,0.989866
AGCCACAGGTTACCCG-1,0.00003,0.584443,0.415527
AGCCACTCCCGTGCTT-1,0.023586,0.000307,0.976107
AGCCATATAGTATGTG-1,0.027155,0.31013,0.662715
AGCCCATACATGTAAG-1,0.000046,0.045752,0.954202
AGCCCGGCATTAGAGG-1,0.000302,0.251111,0.748586
AGCCCGGTAGCCTGTA-1,0.000075,0.000151,0.999773
AGCCCTAAGCGAAGTT-1,0.000089,0.000178,0.999732
AGCCCTCCCTGGTGGC-1,0.000028,0.539952,0.46002
AGCCCTTCTAATCCGA-1,0.000055,0.00011,0.999835
AGCCGTGGCTAAATGT-1,0.000471,0.709365,0.290165
AGCCTAATACCCACGT-1,0.006952,0.078569,0.914478
AGCCTTAAAGCGGAAG-1,0.001739,0.003479,0.994782
AGCGACAGGAACGGTC-1,0.000021,0.53927,0.460709
AGCGACTTTGAAGACA-1,0.000028,0.49867,0.501302
AGCGAGACGTGAAGGC-1,0.002085,0.004175,0.99374
AGCGATGCGCCTAATA-1,0.000789,0.003452,0.995759
AGCGCGGGTGCCAATG-1,0.002804,0.401815,0.595381
AGCGCTTATGGGCAAG-1,0.042916,0.357264,0.599821
AGCGGACACTTCGTAG-1,0.002979,0.005964,0.991057
AGCGGCGGTTAGCGGT-1,0.001318,0.002637,0.996046
AGCGGGAAGGGTCCAT-1,0.016607,0.000172,0.983222
AGCGGGTCTGACACTC-1,0.002196,0.576548,0.421256
AGCGGTTGAGATGTAC-1,0.000246,0.160354,0.8394
AGCGTACGAGAGCTAG-1,0.044867,0.000211,0.954922
AGCGTAGCGCTAGACC-1,0.000226,0.000453,0.999321
AGCGTCTGAACCCGCA-1,0.000057,0.281884,0.718059
AGCGTGGTATTCTACT-1,0.00039,0.17198,0.82763
AGCGTTCCGATTTAAA-1,0.000065,0.1448,0.855135
AGCTAACAAGCAATGT-1,0.000021,0.373699,0.62628
AGCTAAGCTCCGTCCG-1,0.000038,0.548031,0.45193
AGCTAAGTACGCAGGC-1,0.001329,0.500753,0.497918
AGCTAGAAGCAGAAGT-1,0.00311,0.193223,0.803667
AGCTATTTAATCCAAC-1,0.001043,0.002088,0.99687
AGCTCCTTCGCACATC-1,0.00004,0.524708,0.475251
AGCTCTAGACGTTCCA-1,0.000128,0.283783,0.716089
AGCTCTTCCCAGTGCA-1,0.000139,0.000278,0.999583
AGCTCTTCGTAACCTT-1,0.000051,0.000101,0.999848
AGCTCTTTACTCAGTT-1,0.000025,0.524718,0.475257
AGCTGAAGTAAACCAA-1,0.116148,0.082091,0.801761
AGCTGCATTTGAGGTG-1,0.000132,0.000264,0.999603
AGCTGTAACCTCAATC-1,0.010687,0.289835,0.699478
AGCTTCAATACTTTGA-1,0.000192,0.15263,0.847178
AGCTTCTTCTCGAGCA-1,0.00011,0.020453,0.979437
AGCTTGATCTTAACTT-1,0.001526,0.003054,0.99542
AGGAAAGCCTCTGATG-1,0.000846,0.001691,0.997463
AGGAAGCTGTCCGCCG-1,0.005959,0.011932,0.98211
AGGACAGTCGAATCCC-1,0.000025,0.769522,0.230453
AGGACATCGCACGTCG-1,0.000066,0.148092,0.851842
AGGACGACCCATTAGA-1,0.000056,0.037291,0.962653
AGGACGCTCGATGTTG-1,0.00011,0.000221,0.999669
AGGACTTATAGGAGAA-1,0.000549,0.181958,0.817493
AGGAGGCCTTCGCGCG-1,0.000036,0.41207,0.587894
AGGATAAAGTCGGGAT-1,0.000271,0.364715,0.635015
AGGATATAGGGATTTA-1,0.000066,0.086322,0.913612
AGGATATCCGACTGCA-1,0.000032,0.678639,0.321329
AGGATCACGCGATCTG-1,0.000688,0.001376,0.997936
AGGCAAAGAGGAATCA-1,0.000044,0.533833,0.466123
AGGCAGATGCGTAAAC-1,0.000166,0.000333,0.999501
AGGCAGGGAGCGTACT-1,0.000077,0.009667,0.990256
AGGCATTGTCGTAGGG-1,0.000052,0.244948,0.755
AGGCCACCCGTTATGA-1,0.000116,0.282679,0.717205
AGGCCCAGTGACTGGT-1,0.001043,0.002087,0.99687
AGGCCCTAGAACGCCA-1,0.000472,0.743113,0.256415
AGGCCTGAGAATCTCG-1,0.00003,0.496122,0.503847
AGGCGGTTTGTCCCGC-1,0.00298,0.005961,0.991059
AGGCTATGGTTAGCTT-1,0.000143,0.089032,0.910825
AGGCTTAAGTTGCACA-1,0.000188,0.358292,0.64152
AGGCTTCCCGAAGAAG-1,0.000042,0.011449,0.988509
AGGCTTGCTAGACACC-1,0.001061,0.002122,0.996818
AGGGAAACGAGGTACT-1,0.000059,0.07055,0.92939
AGGGCAGCGGCGTGGT-1,0.000137,0.000274,0.999589
AGGGCGAGCAGCTGAT-1,0.00075,0.688089,0.311161
AGGGCGTGATCGGCTA-1,0.000181,0.091877,0.907942
AGGGCTGCAGTTACAG-1,0.000117,0.000234,0.999649
AGGGTCAGAGCACTCG-1,0.000043,0.424721,0.575236
AGGGTCGATGCGAACT-1,0.000047,0.093099,0.906854
AGGGTGCCGTTCTTTA-1,0.000034,0.096376,0.903591
AGGGTGCTCTCGAGGG-1,0.000064,0.27537,0.724566
AGGGTGGATAGTGCAT-1,0.002121,0.004245,0.993635
AGGGTTCAGACGGTCC-1,0.00008,0.043711,0.956209
AGGGTTCCCTTTGGTT-1,0.000096,0.114184,0.885719
AGGGTTTAGTTCGGGA-1,0.000057,0.312257,0.687686
AGGTAACCTCCTATTC-1,0.000073,0.095558,0.904369
AGGTACGATATTGCCA-1,0.00062,0.00124,0.99814
AGGTAGATCGAGATAT-1,0.000021,0.40575,0.594228
AGGTAGGTACAAAGCT-1,0.000041,0.338871,0.661087
AGGTCAGGTGAGAGTG-1,0.000439,0.160248,0.839312
AGGTCGCCACTTCGGT-1,0.000174,0.000347,0.999479
AGGTCGCGGAGTTACT-1,0.000067,0.093486,0.906447
AGGTGCACGTCCACAT-1,0.004473,0.000191,0.995336
AGGTGTATCGCCATGA-1,0.006592,0.013183,0.980225
AGGTTGAGGCACGCTT-1,0.003204,0.000393,0.996403
AGGTTTCACACACCTT-1,0.001691,0.003384,0.994925
AGTAACGTTCATCCTG-1,0.00006,0.111625,0.888315
AGTAATCTAAGGGTGG-1,0.000077,0.409803,0.59012
AGTACAGAAGCTTATA-1,0.000487,0.167786,0.831727
AGTACCTTCGAGTGCT-1,0.000076,0.071076,0.928849
AGTACGGCCCGTATCG-1,0.003212,0.00642,0.990368
AGTACGGGCACCTGGC-1,0.001061,0.431647,0.567292
AGTACGTGGCCTGTCT-1,0.000079,0.168872,0.831049
AGTACTCTTATGCCCA-1,0.000069,0.354088,0.645844
AGTAGCGTGAACGAAC-1,0.000072,0.215599,0.78433
AGTAGCTAGACGCCGA-1,0.000061,0.005389,0.99455
AGTAGGAAGGAAGTTG-1,0.000072,0.089357,0.910571
AGTATAATACTAGGCA-1,0.000109,0.000218,0.999673
AGTATCCATAATAACG-1,0.014641,0.00049,0.984869
AGTATGCTGGAGACCA-1,0.000019,0.569409,0.430572
AGTATTTGGCACGACC-1,0.007923,0.124392,0.867685
AGTCAAATGATGTGAT-1,0.000025,0.414298,0.585677
AGTCAACACCACCATC-1,0.000049,0.000098,0.999853
AGTCAAGATGACACTT-1,0.000066,0.192986,0.806947
AGTCACTAGCTCTCGA-1,0.000057,0.123439,0.876503
AGTCACTCCGCCTCAT-1,0.000042,0.615466,0.384491
AGTCAGCCACCGCCTG-1,0.007223,0.000172,0.992605
AGTCCAGCGGGTACGT-1,0.000135,0.328965,0.670901
AGTCCATTGGCTGATG-1,0.000058,0.05489,0.945052
AGTCCCGCCTTTAATT-1,0.000087,0.000173,0.99974
AGTCGACGGTCTCAAG-1,0.000957,0.424206,0.574837
AGTCGGCCCAAACGAC-1,0.0008,0.314098,0.685102
AGTCGGCTCAACTTTA-1,0.00154,0.61468,0.38378
AGTCGTATAAAGCAGA-1,0.000252,0.099234,0.900514
AGTCGTCGACCACCAA-1,0.000053,0.149652,0.850296
AGTCGTGGGCATTACG-1,0.000033,0.250756,0.749211
AGTCTCACAAGACTAC-1,0.000037,0.170455,0.829508
AGTCTGGACATCCTTG-1,0.005444,0.010889,0.983667
AGTCTTCTCCTCAAAT-1,0.000093,0.000186,0.999721
AGTCTTTAAAGTGTCC-1,0.00005,0.754889,0.245061
AGTGAACAAACTTCTC-1,0.000061,0.000122,0.999817
AGTGACTGTGACACAA-1,0.000022,0.553074,0.446904
AGTGAGACTTCCAGTA-1,0.000044,0.558285,0.441672
AGTGAGCCTCGCCGCC-1,0.000026,0.286869,0.713104
AGTGAGGGTTTCTGAC-1,0.000096,0.000193,0.999711
AGTGATAACCTGCGCG-1,0.00004,0.14038,0.85958
AGTGATATGAGTAGTT-1,0.002992,0.00012,0.996888
AGTGATTCAAGCAGGA-1,0.000079,0.12745,0.872471
AGTGCACGCTTAAGAA-1,0.000034,0.072481,0.927486
AGTGCGTAGCTCGTAA-1,0.000048,0.015235,0.984717
AGTGCTAAACACAGCA-1,0.000025,0.588691,0.411284
AGTGCTTGCACGAATA-1,0.036407,0.184544,0.779049
AGTGGCCCGCAAATGG-1,0.003255,0.191983,0.804762
AGTGGCGGCAATTTGA-1,0.000059,0.000118,0.999823
AGTGGCGTCTGAAGGT-1,0.000019,0.749892,0.250088
AGTGGCTCCGTCGGCC-1,0.468401,0.058907,0.472693
AGTGGTGTTACCCGTG-1,0.000677,0.264223,0.735101
AGTGGTTGCGTATAGG-1,0.251404,0.001606,0.746991
AGTGTATTGCGCATTG-1,0.000093,0.074421,0.925486
AGTGTGCTAAGATCGC-1,0.002555,0.005111,0.992334
AGTGTGGTCTATTGTG-1,0.002504,0.005009,0.992487
AGTTAAACACTTGCGA-1,0.000041,0.000083,0.999876
AGTTAAGCGGTCCCGG-1,0.002555,0.005112,0.992333
AGTTAAGTCAACCGCT-1,0.000014,0.635558,0.364427
AGTTACCCTTAAGACT-1,0.002236,0.004475,0.993289
AGTTACCGCACATGGT-1,0.002407,0.004815,0.992779
AGTTACTCTATCGTGG-1,0.221032,0.000192,0.778776
AGTTATTGAAAGGTAA-1,0.000031,0.419316,0.580653
AGTTCACCGGTTGGAC-1,0.004314,0.00863,0.987055
AGTTCCTACAGAATTA-1,0.00009,0.126867,0.873043
AGTTCCTATTTATGTT-1,0.000623,0.069285,0.930092
AGTTCTGCGTTGTATC-1,0.000175,0.246226,0.753599
AGTTGACATCGGCTGG-1,0.000571,0.277318,0.72211
AGTTGACGGTCCTTGC-1,0.000684,0.575092,0.424224
AGTTGCTGACTGATAT-1,0.05382,0.004471,0.941709
AGTTTCGCAGGTCGGA-1,0.000193,0.522903,0.476904
AGTTTGCACCTGCCTC-1,0.001711,0.577861,0.420427
AGTTTGGCACGGGTTG-1,0.000044,0.036739,0.963217
AGTTTGGCCAGACCTA-1,0.093466,0.098199,0.808335
ATAAACGGACCCGTAA-1,0.000039,0.062645,0.937316
ATAAACGTTGCACCAC-1,0.000092,0.028908,0.971
ATAAAGGCTCGGTCGT-1,0.000101,0.098575,0.901325
ATAAAGGTCAAGTACG-1,0.000201,0.223533,0.776266
ATAAATATTAGCAGCT-1,0.000117,0.000233,0.99965
ATAACGCCGGAGGGTC-1,0.000052,0.450121,0.549827
ATAACGGAGTCCAACG-1,0.000118,0.000236,0.999646
ATAAGGTGGAGAACAT-1,0.000113,0.361157,0.63873
ATAAGTAGGATTCAGA-1,0.000042,0.58829,0.411667
ATAATACCGTTAGCCG-1,0.001956,0.003913,0.994132
ATAATAGCTGTTGAAT-1,0.006153,0.101562,0.892285
ATAATAGTGTAGGGAC-1,0.000073,0.000146,0.99978
ATAATCTTGGAGAACC-1,0.00041,0.111223,0.888367
ATAATTAGCTAAGTAG-1,0.005959,0.011921,0.98212
ATACAGGCCCTCCAAT-1,0.000852,0.178783,0.820365
ATACCACGGGCAACTT-1,0.000056,0.155067,0.844877
ATACCCTGGCTCAAAT-1,0.001926,0.003855,0.994219
ATACCTAACCAAGAAA-1,0.004472,0.008946,0.986582
ATACGAGGTTTGTAAG-1,0.002998,0.000117,0.996885
ATACGCCGATCTACCG-1,0.003368,0.112583,0.884049
ATACGCCGGCGAAACC-1,0.00004,0.348804,0.651157
ATACGGAACGTCGTTT-1,0.000029,0.937691,0.062281
ATACGGGTTTCGATTG-1,0.999233,0.000219,0.000548
ATACGGTGAAGATGCA-1,0.005687,0.011377,0.982936
ATACGTACTTAGCCAC-1,0.00003,0.36765,0.63232
ATACGTCCACTCCTGT-1,0.000067,0.263379,0.736554
ATACGTTATGCACGGA-1,0.007817,0.015649,0.976534
ATACTACCCGTACCAC-1,0.000047,0.000094,0.999859
ATACTAGCATGACCCT-1,0.060659,0.122133,0.817208
ATACTCTCGCCACTCT-1,0.033323,0.002582,0.964095
ATACTGCCTTACACCG-1,0.000017,0.652952,0.34703
ATACTTGTTCTCGAGC-1,0.004315,0.008632,0.987053
ATAGACAACGGGACCT-1,0.000056,0.159525,0.840419
ATAGACGAAGAGAAAG-1,0.000043,0.242715,0.757242
ATAGAGTACTGGGACA-1,0.000021,0.781863,0.218116
ATAGAGTTATCAACTT-1,0.000066,0.306804,0.693131
ATAGATTTGCAGTCGG-1,0.000021,0.570729,0.429249
ATAGCAACTAGGGAAG-1,0.000038,0.471038,0.528924
ATAGCCTCAGTACCCA-1,0.001291,0.002582,0.996128
ATAGCTGCTCTTGTTA-1,0.00313,0.006263,0.990607
ATAGGAATCTAAGCTT-1,0.000046,0.385919,0.614034
ATAGGCGGCTATAGAA-1,0.000048,0.033175,0.966777
ATAGGCTAGCTTCGCA-1,0.006344,0.334083,0.659573
ATAGGGATATCCTTGA-1,0.000098,0.000197,0.999705
ATAGGTTGGGCAGATG-1,0.0001,0.0002,0.999699
ATAGTCTTTGACGTGC-1,0.000094,0.000188,0.999718
ATAGTTCCACCCACTC-1,0.000056,0.151117,0.848826
ATATAAAGCGCTCGTG-1,0.000198,0.424734,0.575068
ATATAAATGTAGCTGC-1,0.000045,0.464515,0.53544
ATATAACACGGGCGCA-1,0.000085,0.118287,0.881628
ATATACGCTCGTGACG-1,0.001308,0.000139,0.998552
ATATCAACCTACAGAG-1,0.000021,0.120045,0.879934
ATATCGTGCCAGACCC-1,0.000121,0.017176,0.982703
ATATCGTTCCTCGAAC-1,0.000017,0.89916,0.100823
ATATCTCCCTCGTTAA-1,0.000284,0.000568,0.999148
ATATCTTAGGGCCTTC-1,0.000124,0.000248,0.999628
ATATGTCTAGAGCGTG-1,0.000156,0.614619,0.385225
ATATGTCTCCCTAGCC-1,0.000077,0.113931,0.885992
ATATTCAGTTAAACCT-1,0.000071,0.019253,0.980675
ATATTCCACATAGTGA-1,0.000033,0.718452,0.281515
ATATTGCTGTCAAAGT-1,0.000062,0.000124,0.999814
ATCAAACACTGTTCCA-1,0.000029,0.133045,0.866926
ATCAAACGAAGGTTTG-1,0.000038,0.053711,0.946251
ATCAATCTGGGCTGCA-1,0.000108,0.122418,0.877474
ATCAATGCCGTGGCTG-1,0.000754,0.275593,0.723653
ATCACATTAGAATATC-1,0.008733,0.103289,0.887979
ATCACGTGCTAATTAA-1,0.000054,0.126152,0.873794
ATCACTTCATCCTCGC-1,0.023926,0.000229,0.975845
ATCAGACGGCACGCCG-1,0.000054,0.185926,0.81402
ATCAGCCTCATGCTGC-1,0.000042,0.507337,0.492621
ATCAGCTCGTCCACTA-1,0.001626,0.003253,0.995121
ATCAGGTCGCCATTGC-1,0.000048,0.18167,0.818282
ATCAGTAGGCAGGGAT-1,0.010691,0.306173,0.683136
ATCATAGATCGACGAG-1,0.000076,0.085265,0.914659
ATCATAGCCCTATGTA-1,0.000047,0.000093,0.99986
ATCATCCAATATTTGT-1,0.000662,0.493677,0.50566
ATCATCTGCCCAGTGT-1,0.000455,0.275148,0.724397
ATCCAACGCAGTCATA-1,0.00011,0.007513,0.992377
ATCCAATGGAGGGTCC-1,0.000025,0.346602,0.653373
ATCCAATGGTACCGAA-1,0.118032,0.000462,0.881506
ATCCACATCGACAGAA-1,0.000143,0.671687,0.32817
ATCCACGCTAAATGTT-1,0.000582,0.106059,0.893359
ATCCAGGATTCGTGAA-1,0.000054,0.000108,0.999838
ATCCCATCCACAGCGC-1,0.000556,0.360256,0.639188
ATCCTACCTAAGCTCT-1,0.000044,0.008239,0.991717
ATCCTGAATCGCTGCG-1,0.000062,0.309174,0.690765
ATCCTGCGTGGAATGG-1,0.000047,0.000094,0.999859
ATCCTGCTGCAGATAG-1,0.000059,0.063217,0.936724
ATCGACCCAATACAGA-1,0.000146,0.100511,0.899343
ATCGACTCTTTCCGTT-1,0.052002,0.16567,0.782327
ATCGCACGATTGTTCA-1,0.000666,0.001332,0.998002
ATCGCCAGTCAACATT-1,0.000042,0.014304,0.985655
ATCGGAGACAGACGGC-1,0.000009,0.829412,0.170578
ATCGGCAAGCAGTCCA-1,0.00009,0.000179,0.999732
ATCGGTTACCTAGTAA-1,0.007822,0.015663,0.976514
ATCGTCCAATCGAGTC-1,0.000399,0.606639,0.392963
ATCGTGGAAAGTCTGG-1,0.000444,0.125473,0.874083
ATCGTTAGCTAGCGGA-1,0.00654,0.066182,0.927277
ATCGTTCACTTTCGCC-1,0.000046,0.382809,0.617145
ATCTAACGTCCCTATG-1,0.00046,0.197547,0.801993
ATCTAATATCCTACGG-1,0.000469,0.000938,0.998593
ATCTACCATCTGCTCC-1,0.00002,0.90424,0.09574
ATCTAGCTTGTGAGGG-1,0.001605,0.003212,0.995183
ATCTATCGATGATCAA-1,0.000626,0.246091,0.753283
ATCTCATAAACCTACC-1,0.000037,0.573617,0.426347
ATCTCCCTGCAATCTA-1,0.001763,0.003526,0.994711
ATCTGACATGGAAGGA-1,0.00004,0.220493,0.779467
ATCTGATAGTGTCTTA-1,0.002019,0.004041,0.993941
ATCTGCACCTCTGCGA-1,0.000054,0.168489,0.831457
ATCTGGGCTGTTCTTG-1,0.003577,0.007156,0.989267
ATCTGGTTAAGACTGT-1,0.000281,0.000563,0.999156
ATCTTATCGCACACCC-1,0.000062,0.000125,0.999813
ATCTTGACCTGCAACG-1,0.000037,0.365824,0.634139
ATGAAGCCAAGGAGCC-1,0.000083,0.032158,0.967758
ATGACGCGTTCTATCC-1,0.00001,0.743914,0.256077
ATGACTATCAGCTGTG-1,0.000045,0.00009,0.999866
ATGACTATGCGACATT-1,0.008719,0.232427,0.758853
ATGAGGAGTGTTAATC-1,0.000113,0.167691,0.832197
ATGATGCAATGGTACA-1,0.011967,0.0352,0.952833
ATGCACCTTCCTTAAT-1,0.040136,0.128371,0.831493
ATGCACTACCGCATTG-1,0.00005,0.156934,0.843016
ATGCATGATCCAGGAT-1,0.000054,0.000109,0.999837
ATGCCAATCGCTCTGC-1,0.000062,0.183235,0.816704
ATGCCATTTGCGACCA-1,0.000061,0.150945,0.848994
ATGCCGGTCTTGCATA-1,0.003384,0.006771,0.989845
ATGCCGGTTGATGGGA-1,0.007988,0.00087,0.991142
ATGCGACAATTGGTCC-1,0.000087,0.06069,0.939223
ATGCGACAGTCCCATT-1,0.000611,0.001222,0.998168
ATGCGAGTCCCACCAC-1,0.000041,0.377114,0.622845
ATGCTCAGTGTTGCAT-1,0.000076,0.000153,0.999771
ATGCTCTGGCGCGGTA-1,0.000061,0.549863,0.450076
ATGGACTGCTTAGTTG-1,0.000044,0.404103,0.595853
ATGGAGCAGGCCGTGA-1,0.001117,0.002237,0.996646
ATGGATCCGGCGTCCG-1,0.003478,0.006956,0.989566
ATGGATTGACCAAACG-1,0.025956,0.187028,0.787016
ATGGCAGCATTACGAT-1,0.001956,0.003912,0.994132
ATGGCAGCCGAGAAAC-1,0.003476,0.006954,0.989571
ATGGCTGGAAATGGCC-1,0.000056,0.049511,0.950433
ATGGGAACGGAAGCGG-1,0.000099,0.20804,0.791861
ATGGGACCTGCTGAAC-1,0.00001,0.762333,0.237657
ATGGGCCTCGGCCTCT-1,0.000069,0.115481,0.884449
ATGGGTGTATACCTCC-1,0.000081,0.260107,0.739812
ATGGTCGCGTGGTTTC-1,0.00003,0.671583,0.328387
ATGTACGATGACGTCG-1,0.000376,0.174484,0.82514
ATGTAGCGCGCGTAGG-1,0.00084,0.001681,0.997479
ATGTCATTTCCCATTG-1,0.000513,0.222933,0.776554
ATGTCTTGTTTGACTC-1,0.000082,0.093834,0.906085
ATGTGAAAGCCTAATG-1,0.000235,0.315029,0.684736
ATGTGGACATCTTGAT-1,0.000102,0.25471,0.745187
ATGTTACGAGCAATAC-1,0.000075,0.00015,0.999776
ATGTTCCTGCCCACCT-1,0.003577,0.007153,0.98927
ATGTTCGTCGACCCAC-1,0.001107,0.528896,0.469996
ATGTTGATTAGAGACT-1,0.000059,0.387169,0.612772
ATGTTGTAGTCTGTTT-1,0.02017,0.024444,0.955385
ATGTTTGTAAGATCAT-1,0.000095,0.00019,0.999715
ATTAAACATGCGGACC-1,0.000385,0.341821,0.657794
ATTAATACTACGCGGG-1,0.000103,0.000205,0.999692
ATTAATGAACCAGTCG-1,0.002087,0.004172,0.993741
ATTAATTCGGTCACTC-1,0.027161,0.000436,0.972403
ATTACAACTACCGGCC-1,0.000069,0.000138,0.999793
ATTACATGTCAGTCTT-1,0.000084,0.000169,0.999747
ATTACGCGCTGGCAGG-1,0.000063,0.000126,0.999811
ATTACTAGCCTCTTGC-1,0.000131,0.166315,0.833554
ATTACTTACTGGGCAT-1,0.000074,0.181946,0.817979
ATTAGATTCCTCAGCA-1,0.000108,0.036463,0.963429
ATTAGGCGATGCTTTC-1,0.001715,0.237664,0.760621
ATTATACTTTGCTCGT-1,0.005444,0.010891,0.983665
ATTATTATGTCCGTCA-1,0.000061,0.053911,0.946028
ATTATTCAGAGTCACT-1,0.000074,0.360271,0.639655
ATTCAAAGTACCTGTT-1,0.000818,0.605922,0.39326
ATTCAACCATTTAAGG-1,0.000083,0.000165,0.999752
ATTCACTGATGTTGGA-1,0.001043,0.061511,0.937446
ATTCAGGACCTATTTC-1,0.008053,0.0535,0.938447
ATTCAGGATCGCCTCT-1,0.002454,0.004912,0.992634
ATTCAGTAGCAGGGTC-1,0.157658,0.000333,0.842009
ATTCATATACTGTCCA-1,0.000153,0.034952,0.964894
ATTCATCGTTGAGGCA-1,0.000043,0.416715,0.583242
ATTCCCACATAAACAA-1,0.000768,0.001536,0.997696
ATTCCTAAGACGTGGA-1,0.000067,0.000134,0.999799
ATTCCTCCGCCAGTGC-1,0.009458,0.059726,0.930816
ATTCCTTCCAGGCGGT-1,0.005006,0.010018,0.984976
ATTCGACGCCGGGCCT-1,0.000354,0.203078,0.796568
ATTCGCGCCTTGAGAG-1,0.000055,0.00011,0.999835
ATTCTGAGTATGAACT-1,0.0001,0.121862,0.878037
ATTCTTCGTACTTATG-1,0.000093,0.023631,0.976276
ATTGAAGATCTTAGTG-1,0.000063,0.000126,0.999811
ATTGACGTAACTCGGT-1,0.000108,0.008541,0.991351
ATTGATAGCAACGAGA-1,0.002503,0.00501,0.992487
ATTGATGAGTCCTAAC-1,0.000044,0.055764,0.944192
ATTGCCTATTAGACCG-1,0.002981,0.005964,0.991056
ATTGCCTTTATGTTTG-1,0.000053,0.465311,0.534636
ATTGCGATCAGTAACT-1,0.000067,0.082102,0.917831
ATTGCTGCTCCTCCAT-1,0.000041,0.244296,0.755663
ATTGGATTACAGCGTA-1,0.000058,0.140988,0.858954
ATTGTACAACTCGGCT-1,0.000036,0.007603,0.992362
ATTGTCGCAATACCTT-1,0.000104,0.002159,0.997737
ATTGTGACTTCGCTGC-1,0.000114,0.000229,0.999657
ATTTACAGTTTACTGG-1,0.000079,0.088594,0.911327
ATTTATACTGGTAAAG-1,0.000108,0.097255,0.902637
ATTTCATTATTTCGCG-1,0.001841,0.003684,0.994475
ATTTCCGGGTTCTGCG-1,0.000019,0.732084,0.267897
ATTTGCGCGAGTAGCT-1,0.002856,0.018289,0.978855
ATTTGTCTTGGGAGCT-1,0.000035,0.600083,0.399882
ATTTGTTCCAGGGCTC-1,0.00035,0.000699,0.998951
CAAACCATAAGCGTAT-1,0.000046,0.512287,0.487667
CAAACCCTCCGGCGGG-1,0.003793,0.007591,0.988616
CAAACGAGTATCGCAG-1,0.000036,0.002276,0.997687
CAAACGGTCGCACTTT-1,0.000071,0.000142,0.999786
CAAACGTGGTCTTGCG-1,0.000016,0.648046,0.351938
