Barcode,Topic 1,Topic 2,Topic 3to4,Topic 5,Topic 6to7,Topic 8,Topic 9
AAACAACGAATAGTTC-1,0.000056,0.031937,0.31784,0.308505,0.341549,0.000056,0.000056
AAACAAGTATCTCCCA-1,0.00025,0.00025,0.173993,0.071742,0.753266,0.00025,0.00025
AAACAATCTACTAGCA-1,0.000439,0.055461,0.179899,0.478261,0.28506,0.000439,0.000439
AAACACCAATAACTGC-1,0.001293,0.001293,0.193739,0.131409,0.669682,0.001292,0.001293
AAACAGCTTTCAGAAG-1,0.000072,0.042512,0.045931,0.143932,0.767408,0.000072,0.000072
AAACAGGGTCTATATT-1,0.000332,0.000332,0.000664,0.000332,0.997677,0.000332,0.000332
AAACATGGTGAGAGGA-1,0.000038,0.000038,0.000077,0.000038,0.999732,0.000038,0.000038
AAACATTTCCCGGATT-1,0.000299,0.000299,0.000598,0.000299,0.997908,0.000299,0.000299
AAACCACTACACAGAT-1,0.000407,0.125009,0.077566,0.369059,0.336258,0.000407,0.091295
AAACCCGAACGAAATC-1,0.00006,0.064183,0.271687,0.240677,0.423273,0.00006,0.00006
AAACCGGAAATGTTAA-1,0.000035,0.132581,0.38778,0.213392,0.266143,0.000035,0.000035
AAACCGGGTAGGTACC-1,0.000076,0.000076,0.000152,0.053132,0.900576,0.000076,0.045913
AAACCTAAGCAGCCGG-1,0.000195,0.000195,0.000391,0.000195,0.998632,0.000195,0.000195
AAACCTCATGAAGTTG-1,0.005072,0.093211,0.343009,0.011759,0.496662,0.000031,0.050255
AAACGAAGAACATACC-1,0.000039,0.000039,0.101615,0.000039,0.898187,0.000039,0.000039
AAACGAAGATGGAGTA-1,0.000124,0.000124,0.055829,0.010115,0.900971,0.000124,0.032714
AAACGCTGGGCACGAC-1,0.002526,0.002527,0.005054,0.298323,0.686517,0.002525,0.002527
AAACGGGCGTACGGGT-1,0.000465,0.000465,0.00093,0.000465,0.996744,0.000465,0.000465
AAACGGGTTGGTATCC-1,0.000742,0.083463,0.001483,0.004832,0.907999,0.000741,0.000741
AAACGGTTGCGAACTG-1,0.00004,0.02349,0.016658,0.745985,0.213748,0.00004,0.00004
AAACGTGTTCGCCCTA-1,0.001058,0.001059,0.002118,0.499845,0.493803,0.001058,0.001059
AAACTAACGTGGCGAC-1,0.000095,0.000095,0.000191,0.136494,0.862935,0.000095,0.000095
AAACTCGGTTCGCAAT-1,0.000272,0.000272,0.000544,0.439051,0.533411,0.000272,0.026179
AAACTCGTGATATAAG-1,0.000934,0.000934,0.001869,0.992526,0.001869,0.000934,0.000934
AAACTTGCAAACGTAT-1,0.000048,0.000048,0.000152,0.006742,0.992913,0.000048,0.000048
AAAGAATGACCTTAGA-1,0.010917,0.000284,0.083938,0.195763,0.708531,0.000283,0.000284
AAAGAATGTGGACTAA-1,0.020648,0.000368,0.093518,0.359246,0.50706,0.000368,0.018792
AAAGACCCAAGTCGCG-1,0.000111,0.000112,0.321422,0.000112,0.678021,0.000111,0.000112
AAAGACTGGGCGCTTT-1,0.002926,0.103885,0.005852,0.002926,0.878562,0.002924,0.002925
AAAGCTTGCCTACATA-1,0.00023,0.00023,0.00046,0.00023,0.998389,0.00023,0.00023
AAAGGCTACGGACCAT-1,0.000875,0.000876,0.001751,0.992997,0.001751,0.000875,0.000875
AAAGGGATGTAGCAAG-1,0.000042,0.20409,0.436409,0.0925,0.207247,0.000042,0.059671
AAAGGGCAGCTTGAAT-1,0.000118,0.000118,0.000235,0.000118,0.956015,0.000118,0.043279
AAAGGTAAGCTGTACC-1,0.000037,0.116603,0.044603,0.143311,0.695372,0.000037,0.000037
AAAGTAGCATTGCTCA-1,0.00046,0.00046,0.000919,0.895139,0.102105,0.000459,0.000459
AAAGTCACTGATGTAA-1,0.090002,0.002367,0.004732,0.002366,0.895803,0.002364,0.002366
AAAGTCGACCCTCAGT-1,0.000118,0.000118,0.000236,0.000118,0.999176,0.000118,0.000118
AAAGTGCCATCAATTA-1,0.001112,0.052113,0.002224,0.001112,0.941216,0.001111,0.001112
AAAGTGTGATTTATCT-1,0.000019,0.000019,0.841961,0.000019,0.157942,0.000019,0.000019
AAAGTTGACTCCCGTA-1,0.000028,0.000028,0.817487,0.025747,0.156653,0.000028,0.000028
AAATAAGGTAGTGCCC-1,0.000268,0.000268,0.000536,0.997857,0.000536,0.000268,0.000268
AAATACCTATAAGCAT-1,0.000023,0.002967,0.131082,0.118839,0.125709,0.000023,0.621356
AAATAGCTTAGACTTT-1,0.000975,0.000975,0.001951,0.253159,0.580945,0.000975,0.16102
AAATAGGGTGCTATTG-1,0.000079,0.182559,0.156892,0.170701,0.450803,0.000079,0.038887
AAATCCGATACACGCC-1,0.000095,0.000095,0.00019,0.072415,0.927015,0.000095,0.000095
AAATCGCGGAAGGAGT-1,0.002911,0.034578,0.007727,0.00006,0.954604,0.00006,0.00006
AAATCTAGCCCTGCTA-1,0.000296,0.000296,0.247311,0.160582,0.590925,0.000296,0.000296
AAATGATTCGATCAGC-1,0.000621,0.000621,0.001242,0.643956,0.352317,0.000621,0.000621
AAATGCTCGTTACGTT-1,0.001634,0.001635,0.00327,0.188286,0.696839,0.001634,0.1067
AAATGGCATGTCTTGT-1,0.000704,0.09393,0.001407,0.000704,0.803747,0.000703,0.098804
AAATGGCCCGTGCCCT-1,0.000097,0.000097,0.000194,0.28059,0.718827,0.000097,0.000097
AAATGGTCAATGTGCC-1,0.000061,0.008205,0.321379,0.263339,0.406893,0.000061,0.000061
AAATGTATCTTATCCC-1,0.004631,0.004633,0.387162,0.004633,0.589679,0.00463,0.004631
AAATTAATAAGCGCGA-1,0.117698,0.006542,0.843059,0.006541,0.013082,0.006536,0.006543
AAATTCCAGGTCCAAA-1,0.001822,0.24932,0.134858,0.001823,0.608533,0.001821,0.001823
AAATTGCGGCGGTTCT-1,0.003412,0.008024,0.271328,0.144735,0.57239,0.000055,0.000055
AAATTGGTGAGAAGCA-1,0.003269,0.00327,0.006542,0.387905,0.592476,0.003268,0.00327
AAATTTGCGGGTGTGG-1,0.024417,0.000283,0.000566,0.905951,0.068217,0.000283,0.000283
AACAACTGGTAGTTGC-1,0.000103,0.000103,0.749586,0.179933,0.070071,0.000103,0.000103
AACAATACATTGTCGA-1,0.000161,0.000161,0.000322,0.376142,0.528967,0.000161,0.094087
AACAATTACTCTACGC-1,0.000156,0.000156,0.072267,0.000156,0.906787,0.000156,0.020321
AACACACGCTCGCCGC-1,0.000046,0.000046,0.496027,0.050766,0.453025,0.000046,0.000046
AACACGACTGTACTGA-1,0.000767,0.000767,0.001534,0.087788,0.907612,0.000766,0.000767
AACACGAGACGCGGCC-1,0.000043,0.000043,0.000085,0.186007,0.806054,0.000043,0.007726
AACACGCGGCCGCGAA-1,0.000031,0.001043,0.416624,0.000031,0.582208,0.000031,0.000031
AACAGCTGTGTGGCAA-1,0.000027,0.012479,0.082257,0.208593,0.040568,0.000027,0.656048
AACAGGAAATCGAATA-1,0.00005,0.052052,0.355028,0.00005,0.592721,0.00005,0.00005
AACAGGATGGGCCGCG-1,0.000088,0.000088,0.000175,0.000088,0.972451,0.000088,0.027023
AACAGGTAGTATGGAT-1,0.002058,0.002059,0.00412,0.601931,0.385715,0.002058,0.002059
AACATATCAACTGGTG-1,0.000084,0.067436,0.09552,0.107427,0.677608,0.000084,0.05184
AACATCGATACGTCTA-1,0.024569,0.56887,0.16739,0.000639,0.237255,0.000639,0.000639
AACATTGGTCAGCCGT-1,0.000591,0.157257,0.118157,0.30972,0.358619,0.000591,0.055065
AACATTGTGACTCGAG-1,0.000727,0.000727,0.001453,0.000727,0.901073,0.000726,0.094567
AACCAAGACTTCTCTG-1,0.00608,0.058753,0.140997,0.000044,0.794039,0.000044,0.000044
AACCATGGGATCGCTA-1,0.00171,0.00171,0.003421,0.001711,0.988027,0.001709,0.001711
AACCCAGAGACGGAGA-1,0.00227,0.002269,0.004538,0.002269,0.984118,0.002268,0.002269
AACCCATCCCATGATC-1,0.000114,0.000114,0.000229,0.428776,0.570539,0.000114,0.000114
AACCCGACAACCCGTG-1,0.000242,0.443797,0.476098,0.000242,0.055578,0.000242,0.0238
AACCCGAGCAGAATCG-1,0.000529,0.118622,0.001059,0.22991,0.601935,0.000529,0.047415
AACCCGATAGGGCTTC-1,0.000423,0.356973,0.313185,0.182648,0.145927,0.000422,0.000423
AACCCTACTGTCAATA-1,0.000021,0.000021,0.85728,0.010057,0.132579,0.000021,0.000021
AACCGCTAAGGGATGC-1,0.000051,0.000051,0.207647,0.000051,0.7921,0.000051,0.000051
AACCGTTGTGTTTGCT-1,0.004831,0.004834,0.009667,0.004835,0.966169,0.004831,0.004835
AACCTCGCTTTAGCCC-1,0.009289,0.000113,0.000225,0.000113,0.990035,0.000112,0.000113
AACCTGTCACGGAATT-1,0.001635,0.001635,0.00327,0.623303,0.366887,0.001634,0.001635
AACCTTTAAATACGGT-1,0.009734,0.000104,0.00604,0.720115,0.263799,0.000104,0.000104
AACGAAAGTCGTCCCA-1,0.000084,0.000084,0.000168,0.198835,0.800661,0.000084,0.000084
AACGACCTCCTAGCCG-1,0.006672,0.000313,0.178292,0.167504,0.646593,0.000313,0.000313
AACGATAATGCCGTAG-1,0.000113,0.053918,0.051237,0.506112,0.37543,0.000113,0.013077
AACGATAGAAGGGCCG-1,0.003705,0.003707,0.007415,0.003706,0.974057,0.003704,0.003706
AACGCATGATCTGGGT-1,0.000071,0.320875,0.593804,0.044672,0.001359,0.000071,0.039149
AACGCGAACGGCAACA-1,0.000072,0.014234,0.152178,0.000072,0.833298,0.000072,0.000072
AACGCGACCTTGGGCG-1,0.000118,0.000118,0.054724,0.308095,0.63671,0.000118,0.000118
AACGCGGTCTCCAGCC-1,0.000209,0.000209,0.069514,0.151279,0.716336,0.000209,0.062244
AACGCTGTTGCTGAAA-1,0.000115,0.000115,0.212729,0.000115,0.786694,0.000115,0.000115
AACGGACGTACGTATA-1,0.00104,0.000027,0.490117,0.000333,0.502191,0.000027,0.006265
AACGGCCATCTCCGGT-1,0.000171,0.13472,0.354915,0.245814,0.264038,0.000171,0.000171
AACGTAGTCTACCCAT-1,0.00005,0.016563,0.419454,0.228493,0.335339,0.00005,0.00005
AACGTCAGACTAGTGG-1,0.024378,0.178116,0.002851,0.294426,0.497379,0.001425,0.001426
AACGTTATCAGCACCT-1,0.001039,0.290778,0.379692,0.324335,0.002078,0.001038,0.001039
AACTACCCGTTTGTCA-1,0.001308,0.001308,0.002616,0.307895,0.57836,0.001307,0.107205
AACTAGCGTATCGCAC-1,0.027816,0.027795,0.80546,0.027786,0.055586,0.027778,0.02778
AACTAGGCTTGGGTGT-1,0.000351,0.079335,0.000702,0.443142,0.420878,0.000351,0.055243
AACTCAAGTTAATTGC-1,0.000055,0.000055,0.575777,0.071878,0.352127,0.000055,0.000055
AACTCCAGAGCGTGTT-1,0.00807,0.000621,0.001242,0.126363,0.73919,0.000621,0.123893
AACTCGATAAACACGT-1,0.003473,0.003475,0.250564,0.003475,0.732065,0.003472,0.003476
AACTCGATGGCGCAGT-1,0.000926,0.000927,0.001853,0.000927,0.993514,0.000926,0.000927
AACTCTCAATAGAGCG-1,0.000074,0.000074,0.000147,0.102543,0.897015,0.000074,0.000074
AACTGAGGTCAGCGTC-1,0.000573,0.000573,0.165986,0.14557,0.686152,0.000573,0.000573
AACTGAGTTATACTGA-1,0.000085,0.229113,0.258933,0.27169,0.197776,0.000085,0.042316
AACTGATATTAGGCCT-1,0.000137,0.000137,0.016104,0.000137,0.983209,0.000137,0.000137
AACTGGGTCCCGACGT-1,0.062042,0.000157,0.091276,0.780886,0.063731,0.000157,0.001752
AACTGGTGTGGGCCTT-1,0.000243,0.000243,0.4135,0.000243,0.585284,0.000243,0.000243
AACTTCTGCGTCTATC-1,0.003368,0.00337,0.119925,0.484204,0.382399,0.003367,0.003368
AACTTGCCCGTATGCA-1,0.000054,0.005112,0.102638,0.308928,0.553096,0.000054,0.030118
AACTTGCGTTCTCGCG-1,0.000722,0.000722,0.584296,0.000722,0.412095,0.000722,0.000722
AACTTTACGGGAGCTT-1,0.011121,0.294916,0.344452,0.01112,0.316157,0.011111,0.011123
AACTTTAGCTGCTGAG-1,0.027778,0.027789,0.805453,0.027796,0.055615,0.027778,0.027791
AACTTTCTCGATCATG-1,0.001764,0.001765,0.00353,0.494971,0.494441,0.001764,0.001765
AAGAAATCACCAGATT-1,0.001765,0.001765,0.334181,0.001765,0.656996,0.001764,0.001764
AAGAAGGATCAGTTAG-1,0.000882,0.000883,0.001765,0.000882,0.993823,0.000882,0.000883
AAGACATACGTGGTTT-1,0.001249,0.001249,0.277595,0.001249,0.71616,0.001248,0.001249
AAGACCAAATAACTCA-1,0.000211,0.000211,0.05014,0.170083,0.778935,0.00021,0.000211
AAGACTAACCCGTTGT-1,0.00016,0.184497,0.364105,0.00016,0.45076,0.00016,0.00016
AAGAGATGAATCGGTA-1,0.000073,0.000073,0.210729,0.063323,0.705213,0.000073,0.020516
AAGAGGATGTACGCGA-1,0.000096,0.000096,0.000193,0.098905,0.900517,0.000096,0.000096
AAGAGGCCCTTTGGAA-1,0.029107,0.000772,0.001544,0.000772,0.966261,0.000772,0.000772
AAGATGGCACCGGACC-1,0.010439,0.000418,0.091543,0.368729,0.307659,0.000418,0.220795
AAGATTGGCGGAACGT-1,0.000097,0.16518,0.169441,0.29892,0.366167,0.000097,0.000097
AAGCACCCTGCGTATC-1,0.000456,0.000456,0.000911,0.555641,0.441625,0.000455,0.000456
AAGCATACTCTCCTGA-1,0.000109,0.000109,0.000218,0.286019,0.546113,0.000109,0.167324
AAGCCGAAGCGGTTTA-1,0.000686,0.000686,0.247711,0.161946,0.587598,0.000686,0.000686
AAGCCGCTTTACCTTG-1,0.002224,0.002224,0.004448,0.002224,0.984434,0.002222,0.002224
AAGCCGGAGAGCAGGA-1,0.001389,0.00139,0.00278,0.247776,0.743886,0.001389,0.00139
AAGCGCAGGGCTTTGA-1,0.00041,0.00041,0.000821,0.150788,0.819673,0.00041,0.027488
AAGCGGAGTGCGCGCA-1,0.000296,0.630675,0.088605,0.102621,0.177212,0.000296,0.000296
AAGCGTCCCTCATCGA-1,0.000098,0.000098,0.056367,0.306421,0.415369,0.000098,0.221548
AAGCTAGATCGAGTAA-1,0.000064,0.000064,0.027529,0.561538,0.19014,0.000064,0.2206
AAGCTCTTTCATGGTG-1,0.009668,0.000206,0.000411,0.503442,0.485863,0.000205,0.000206
AAGGAGCGGTTGGTGC-1,0.000031,0.096862,0.838365,0.010569,0.04251,0.000031,0.011632
AAGGATCGATCGCTTG-1,0.001659,0.00166,0.00332,0.240067,0.749977,0.001658,0.00166
AAGGATGAGGGACCTC-1,0.000211,0.000211,0.000421,0.149095,0.661534,0.00021,0.188318
AAGGCAGGCTGTCTCC-1,0.005578,0.000142,0.049138,0.351981,0.592879,0.000142,0.000142
AAGGCGCGTAAAGCTT-1,0.00117,0.001171,0.330238,0.20468,0.460402,0.00117,0.00117
AAGGCTGTGCTCATCG-1,0.000071,0.000071,0.727276,0.044925,0.227515,0.000071,0.000071
AAGGGAACGACTGGCT-1,0.000119,0.122777,0.620075,0.111313,0.145478,0.000119,0.000119
AAGGGTTTGATTTCAG-1,0.000125,0.000125,0.171231,0.069348,0.75892,0.000125,0.000125
AAGGTATCCTAATATA-1,0.000109,0.000109,0.000218,0.245589,0.708419,0.000109,0.045449
AAGGTGATAAACCAGC-1,0.005175,0.195893,0.683161,0.096009,0.011643,0.000015,0.008104
AAGTAGAAGACCGGGT-1,0.077417,0.000919,0.065865,0.000919,0.70953,0.000918,0.144431
AAGTAGTGACGCGAGG-1,0.000091,0.000091,0.041182,0.000091,0.883113,0.00009,0.075343
AAGTCAATTGTCGTCA-1,0.006304,0.145621,0.701781,0.043919,0.10098,0.000038,0.001358
AAGTCTAGTAGCTGCC-1,0.000732,0.000731,0.001463,0.761117,0.234494,0.000731,0.000731
AAGTCTTCTGTGGCCT-1,0.015874,0.01589,0.031771,0.872952,0.031764,0.015873,0.015876
AAGTGACGACCGAATT-1,0.000072,0.000072,0.000144,0.000072,0.999495,0.000072,0.000072
AAGTGAGTCGGGTTTA-1,0.000691,0.000691,0.001381,0.994475,0.001381,0.00069,0.000691
AAGTGCAAAGGTAGAC-1,0.064535,0.00327,0.00654,0.544566,0.374551,0.003268,0.00327
AAGTGCCTTGACTGTA-1,0.004487,0.144444,0.723053,0.017668,0.107443,0.000041,0.002864
AAGTGCGTTAGAATCT-1,0.000213,0.000213,0.000425,0.539986,0.458739,0.000212,0.000213
AAGTGCTTCTCTATTG-1,0.000433,0.000433,0.000865,0.784766,0.212638,0.000432,0.000433
AAGTGTTTGGAGACGG-1,0.000083,0.097605,0.13268,0.218148,0.427182,0.000083,0.124219
AAGTTCACTCCAAGCT-1,0.000142,0.000142,0.228294,0.489743,0.281396,0.000142,0.000142
AAGTTCAGTCTGCGTA-1,0.000138,0.000138,0.003136,0.142783,0.85353,0.000138,0.000138
AAGTTCGGCCAACAGG-1,0.000746,0.000746,0.001493,0.485412,0.338341,0.000746,0.172516
AAGTTGTGATGTTATA-1,0.000579,0.197579,0.08916,0.000579,0.710945,0.000579,0.000579
AAGTTTACTAATGGCA-1,0.000576,0.350047,0.001152,0.236792,0.343225,0.000576,0.067631
AAGTTTATGGGCCCAA-1,0.000285,0.117816,0.03367,0.450541,0.397118,0.000285,0.000285
AATAACAACGCTCGGC-1,0.000057,0.000057,0.010385,0.000057,0.989332,0.000057,0.000057
AATAATCTTCGTATCG-1,0.00305,0.036567,0.050806,0.587997,0.32147,0.000055,0.000055
AATACAATGTTTCAGG-1,0.003268,0.00327,0.00654,0.322281,0.658103,0.003268,0.00327
AATACCGGAGGGCTGT-1,0.000193,0.705747,0.152233,0.000193,0.141249,0.000193,0.000193
AATAGAATCTGTTTCA-1,0.000165,0.000165,0.172783,0.120266,0.603018,0.000165,0.103439
AATAGCAAGCCTCCTG-1,0.000481,0.000481,0.143622,0.106022,0.621216,0.000481,0.127698
AATAGCTACCGCGTGC-1,0.015118,0.1245,0.247406,0.000145,0.612541,0.000145,0.000145
AATAGTCCGTCCCGAC-1,0.000503,0.000503,0.001006,0.717155,0.192578,0.000503,0.087752
AATAGTCGCGAGTCGG-1,0.30114,0.257117,0.238692,0.201896,0.000578,0.000289,0.000289
AATATCAAGGTCGGAT-1,0.000062,0.000062,0.000123,0.000062,0.999568,0.000062,0.000062
AATATCCTAGCAAACT-1,0.012347,0.441763,0.024709,0.012355,0.024711,0.012346,0.471769
AATATCGAATCAATGC-1,0.000639,0.000639,0.001278,0.168635,0.827531,0.000639,0.000639
AATATCGAGGGTTCTC-1,0.000173,0.049881,0.023757,0.347187,0.578655,0.000173,0.000173
AATATTGGAGTATTGA-1,0.000085,0.000087,0.093659,0.006924,0.899076,0.000085,0.000085
AATCAGACTGCAGGAC-1,0.000193,0.000193,0.257428,0.022389,0.719411,0.000193,0.000193
AATCAGGTTTCATTTA-1,0.008022,0.224223,0.001158,0.483115,0.274473,0.000579,0.00843
AATCATGTAAAGACTC-1,0.000208,0.000208,0.328936,0.000208,0.670023,0.000208,0.000208
AATCCAAGGGCCTGAG-1,0.004116,0.004119,0.008238,0.004117,0.971178,0.004115,0.004118
AATCCATGCAAGGGTG-1,0.000076,0.004172,0.114623,0.000076,0.880899,0.000076,0.000076
AATCGCGCAGAGGACT-1,0.002849,0.002851,0.083185,0.705176,0.20024,0.002849,0.002851
AATCGGGACACTACGA-1,0.00125,0.001249,0.077428,0.001249,0.916326,0.001248,0.001249
AATCGGTATAGCCCTC-1,0.000271,0.000271,0.000542,0.333044,0.564999,0.000271,0.100602
AATCGTGAGCCGAGCA-1,0.000268,0.000268,0.000536,0.000268,0.962858,0.000268,0.035535
AATCTAGGTTTACTTG-1,0.000074,0.000074,0.000148,0.289644,0.709911,0.000074,0.000074
AATCTATGCCGGAGCC-1,0.000805,0.000806,0.001611,0.000806,0.994361,0.000805,0.000806
AATCTCTACTGTGGTT-1,0.000471,0.000471,0.000942,0.162819,0.834354,0.000471,0.000471
AATCTGCGTTGGGACG-1,0.000251,0.023324,0.198422,0.233948,0.500255,0.00025,0.04355
AATCTGGCTTTCTAGT-1,0.000098,0.000098,0.000196,0.277127,0.722285,0.000098,0.000098
AATGACAGCAATGTCT-1,0.000564,0.000564,0.203192,0.374912,0.419639,0.000564,0.000564
AATGACGTAGGATGTC-1,0.000024,0.050577,0.129039,0.109135,0.04105,0.000024,0.670152
AATGACTGTCAGCCGG-1,0.000036,0.000036,0.88644,0.000036,0.113379,0.000036,0.000036
AATGAGTTCGCATATG-1,0.00095,0.00095,0.303908,0.00095,0.691342,0.00095,0.00095
AATGATGCGACTCCTG-1,0.00032,0.00032,0.000641,0.00032,0.997757,0.00032,0.00032
AATGCAACCGGGTACC-1,0.000028,0.562739,0.256551,0.053749,0.106441,0.000028,0.020464
AATGGCCGCCAATGCG-1,0.001079,0.197002,0.002159,0.428366,0.369235,0.001079,0.00108
AATGGTCCACCGTTCA-1,0.001886,0.001885,0.003769,0.346858,0.602852,0.001883,0.040866
AATGGTTCTCACAAGC-1,0.001793,0.001793,0.380349,0.001794,0.610685,0.001792,0.001793
AATGTGCCCGAGGTGT-1,0.012117,0.069829,0.089383,0.204402,0.623817,0.000225,0.000226
AATGTGCTAATCTGAG-1,0.000089,0.000089,0.000178,0.579609,0.419856,0.000089,0.000089
AATGTTGTCGTGAGAC-1,0.000093,0.295476,0.420025,0.135138,0.149082,0.000093,0.000093
AATTAACGGATTTCCA-1,0.024336,0.000654,0.001308,0.493293,0.479101,0.000654,0.000654
AATTACGAGACCCATC-1,0.000159,0.203953,0.237945,0.139674,0.417952,0.000159,0.000159
AATTACTCGTACGCTC-1,0.000448,0.000448,0.406849,0.185985,0.405373,0.000448,0.000448
AATTAGCGCTGCAGCG-1,0.000098,0.051989,0.014916,0.367413,0.298442,0.000098,0.267044
AATTCCAACTTGGTGA-1,0.005849,0.005852,0.529801,0.120515,0.326282,0.005848,0.005853
AATTCCAAGCATGTAC-1,0.000157,0.000157,0.000314,0.325518,0.673541,0.000157,0.000157
AATTCGATTCGAGGAT-1,0.000248,0.184194,0.026714,0.02552,0.745887,0.000247,0.01719
AATTCTAGAGTTAGGC-1,0.000052,0.000764,0.088163,0.326041,0.222274,0.000052,0.362654
AATTGAACGCTCTGGT-1,0.0001,0.0001,0.051178,0.070445,0.727757,0.0001,0.150321
AATTGCAGCAATCGAC-1,0.000783,0.000783,0.001566,0.000783,0.99452,0.000782,0.000783
AATTGTGGTTGCCAAA-1,0.001278,0.001278,0.002556,0.080334,0.911999,0.001277,0.001278
AATTTGGTTCCAAAGA-1,0.002058,0.002059,0.148838,0.002059,0.840869,0.002058,0.002059
ACAAAGAAGGTAGGCC-1,0.010102,0.010106,0.020213,0.010106,0.929266,0.010101,0.010105
ACAAAGCATGACCTAG-1,0.000456,0.000456,0.000911,0.000456,0.996811,0.000455,0.000456
ACAAATCGCACCGAAT-1,0.000104,0.001993,0.337394,0.060251,0.600049,0.000104,0.000104
ACAAATGGTAGTGTTT-1,0.000113,0.000113,0.100645,0.042499,0.797187,0.000113,0.059332
ACAACGGTCCCTGCGA-1,0.000151,0.000151,0.052471,0.025646,0.921278,0.000151,0.000151
ACAAGCAGTGCCTAGC-1,0.000121,0.000121,0.000242,0.000121,0.999153,0.000121,0.000121
ACAAGCTATATGGAAG-1,0.022226,0.336177,0.044482,0.508194,0.044459,0.022222,0.02224
ACAAGGAAATCCGCCC-1,0.000113,0.000113,0.019862,0.291097,0.630635,0.000113,0.058067
ACAAGGACAAGAGGTT-1,0.000801,0.0008,0.3904,0.0008,0.6056,0.000799,0.0008
ACAAGGATGCTTTAGG-1,0.000123,0.000123,0.000245,0.000123,0.999142,0.000123,0.000123
ACAAGGGCAGGCTCTG-1,0.000051,0.000051,0.150867,0.250251,0.105882,0.000051,0.492845
ACAATAGTCGTACGTT-1,0.000058,0.000058,0.000116,0.130676,0.868976,0.000058,0.000058
ACAATCCATTTAAACC-1,0.003735,0.000054,0.072451,0.142076,0.690505,0.000054,0.091125
ACAATGATTCTTCTAC-1,0.020177,0.000392,0.082838,0.342212,0.553599,0.000391,0.000391
ACAATTGTGTCTCTTT-1,0.000046,0.000046,0.669666,0.026078,0.304073,0.000046,0.000046
ACAATTTAGGAGGCTC-1,0.018539,0.624482,0.037066,0.018535,0.264323,0.018519,0.018536
ACAATTTGAGCAGTGG-1,0.000138,0.000138,0.000276,0.060589,0.822626,0.000138,0.116095
ACAATTTGGCCATATT-1,0.000118,0.000118,0.000236,0.207999,0.791294,0.000118,0.000118
ACACAAAGACGGGTGG-1,0.008448,0.000114,0.373451,0.000114,0.617644,0.000114,0.000114
ACACAAATATTCCTAG-1,0.064801,0.288769,0.005172,0.002586,0.633502,0.002584,0.002586
ACACACCAGGACCAGT-1,0.00008,0.00008,0.107369,0.00008,0.880502,0.00008,0.011811
ACACACTTTCTACACG-1,0.002851,0.00285,0.005701,0.002851,0.871918,0.002849,0.110981
ACACATTGACGCAACA-1,0.001765,0.001765,0.00353,0.334047,0.655364,0.001764,0.001766
ACACCACATAATTAGC-1,0.105035,0.233206,0.002616,0.321313,0.335214,0.001307,0.001309
ACACCCAGCATGCAGC-1,0.007956,0.004058,0.721842,0.038543,0.196206,0.000056,0.031339
ACACCCGAGAAATCCG-1,0.001566,0.001566,0.234283,0.001566,0.757888,0.001565,0.001566
ACACCCGTAAATCTGT-1,0.005586,0.04614,0.243116,0.34953,0.354847,0.000069,0.000711
ACACCGAGCGCTCTTT-1,0.006174,0.006176,0.694512,0.268434,0.012357,0.006173,0.006176
ACACCTTAAGTAGGGC-1,0.000148,0.198338,0.631963,0.038469,0.105911,0.000148,0.025024
ACACCTTACTACTTGC-1,0.00278,0.002779,0.005559,0.337306,0.646018,0.002778,0.00278
ACACGTAGGCCACAAG-1,0.000628,0.000628,0.001256,0.351709,0.644522,0.000628,0.000628
ACACTCCAATGTCACT-1,0.001522,0.001523,0.003047,0.001523,0.989339,0.001522,0.001523
ACACTGGGACAGTCGT-1,0.000767,0.000767,0.223294,0.000767,0.772872,0.000766,0.000767
ACAGAACTGAGAACAA-1,0.001793,0.001793,0.003586,0.202324,0.786918,0.001792,0.001793
ACAGATTAGGTTAGTG-1,0.000171,0.000171,0.284171,0.000171,0.675915,0.000171,0.039229
ACAGCATAGAGCCAGT-1,0.002315,0.002316,0.004632,0.002316,0.904096,0.002315,0.08201
ACAGCGACATTCTCAT-1,0.000984,0.000984,0.001968,0.000984,0.993113,0.000983,0.000984
ACAGGAGGCGCAGCCG-1,0.011112,0.011119,0.261999,0.01112,0.216431,0.011111,0.477108
ACAGGCACGGATCCTT-1,0.000194,0.002296,0.299806,0.171297,0.526018,0.000194,0.000194
ACAGGCTTGCCCGACT-1,0.00897,0.000072,0.442754,0.004612,0.51444,0.000072,0.029079
ACAGGTGTGTTGTTGC-1,0.037037,0.037043,0.0741,0.03705,0.740694,0.037037,0.037039
ACAGTAATACAACTTG-1,0.0003,0.0003,0.000599,0.0003,0.997902,0.000299,0.0003
ACAGTATACCGTGGGA-1,0.00171,0.001711,0.003421,0.622443,0.367294,0.001709,0.001711
ACATAAGTCGTGGTGA-1,0.000063,0.017528,0.174862,0.086508,0.720915,0.000062,0.000063
ACATAATAAGGCGGTG-1,0.000043,0.034606,0.273553,0.165401,0.462081,0.000043,0.064272
ACATCAGCTGGGACGC-1,0.005851,0.005853,0.416357,0.548538,0.011703,0.005848,0.00585
ACATCCCGGCCATACG-1,0.001589,0.001588,0.003177,0.769877,0.220593,0.001587,0.001589
ACATCCTGGTAACTGT-1,0.000097,0.087886,0.468802,0.02187,0.421153,0.000097,0.000097
ACATCGGTCAGCCGCG-1,0.000635,0.000635,0.213189,0.555162,0.229109,0.000635,0.000635
ACATCGTATGCAATGG-1,0.000097,0.000097,0.030167,0.292976,0.625498,0.000097,0.051066
ACATGGCGCCAAAGTA-1,0.0001,0.006632,0.800501,0.0001,0.178732,0.0001,0.013835
ACATGGCTCAATTTAG-1,0.000235,0.069681,0.20448,0.181207,0.480652,0.000234,0.063511
ACATTAGTTTATATCC-1,0.000219,0.031888,0.05154,0.413698,0.287889,0.000219,0.214546
ACCAAACACCCAGCGA-1,0.002588,0.002586,0.005172,0.259491,0.724993,0.002584,0.002585
ACCAACACCACACACT-1,0.041084,0.000993,0.2542,0.128378,0.57336,0.000992,0.000993
ACCAACCGCACTCCAC-1,0.00009,0.00009,0.049581,0.120759,0.816643,0.000089,0.012749
ACCAAGAACGCGTGTC-1,0.001793,0.001793,0.003587,0.001794,0.987448,0.001792,0.001794
ACCAAGTCATCGGCAG-1,0.000206,0.000206,0.01583,0.608458,0.342187,0.000206,0.032908
ACCAATATGCAAGTTA-1,0.027202,0.000117,0.140739,0.266205,0.56472,0.000117,0.0009
ACCACAAGTTTCTATC-1,0.00007,0.00007,0.301836,0.175418,0.486591,0.00007,0.035944
ACCACCAATGTAACAA-1,0.000409,0.000409,0.133017,0.269358,0.59599,0.000408,0.000409
ACCACCCTCTCTTCTA-1,0.001463,0.143298,0.002926,0.550442,0.298946,0.001462,0.001463
ACCACGTGCAGCTATA-1,0.000142,0.000142,0.000284,0.129242,0.801365,0.000142,0.068684
ACCACTGTTCAAGAAG-1,0.000794,0.205987,0.001588,0.100871,0.689171,0.000794,0.000794
ACCAGACCATAACAAC-1,0.027827,0.027781,0.055584,0.027793,0.805445,0.027778,0.027792
ACCAGGAGTGTGATCT-1,0.000034,0.232749,0.096712,0.051835,0.533372,0.000034,0.085264
ACCAGTGCCCGGTCAA-1,0.000461,0.165219,0.160604,0.420041,0.218502,0.000461,0.034712
ACCAGTGCGGGAGACG-1,0.000034,0.025446,0.923344,0.005719,0.04539,0.000034,0.000034
ACCATCCGCCAACTAG-1,0.000862,0.000862,0.001724,0.000862,0.993967,0.000861,0.000862
ACCATCGTATATGGTA-1,0.000122,0.030438,0.193573,0.248635,0.526987,0.000122,0.000122
ACCATTAAGGGTGTCA-1,0.000386,0.202622,0.195412,0.308085,0.292723,0.000386,0.000386
ACCCAACGCCCGTGGC-1,0.000215,0.000215,0.000429,0.087757,0.812513,0.000215,0.098657
ACCCACCTACATGCTC-1,0.000483,0.000483,0.330443,0.000483,0.66714,0.000483,0.000483
ACCCATCTTGAGGGTA-1,0.000243,0.06811,0.694848,0.036975,0.183162,0.000243,0.016419
ACCCATTTGTCCCTCT-1,0.001324,0.001323,0.002647,0.001324,0.929061,0.001323,0.062998
ACCCGAGCGAAATTAC-1,0.000147,0.000147,0.093455,0.306076,0.497308,0.000147,0.102719
ACCCGATTGGTTCCGA-1,0.00008,0.073698,0.035093,0.347787,0.474466,0.00008,0.068798
ACCCGGAAACTCCCAG-1,0.203029,0.000008,0.690035,0.000008,0.106904,0.000008,0.000008
ACCCGGAGCACCACAA-1,0.001483,0.001483,0.002965,0.312286,0.67882,0.001481,0.001482
ACCCGGATGACGCATC-1,0.000172,0.539734,0.362783,0.091273,0.005694,0.000172,0.000172
ACCCGTAGTCTAGTTG-1,0.005741,0.000338,0.163449,0.219842,0.571379,0.000338,0.038914
ACCCTATAGGACTGAG-1,0.001049,0.001049,0.090365,0.100243,0.805198,0.001048,0.001049
ACCCTATGCCATATCG-1,0.000153,0.000168,0.000305,0.300934,0.654167,0.000153,0.044119
ACCCTCCCGTCAGGGC-1,0.000187,0.003432,0.466815,0.125218,0.345935,0.000186,0.058227
ACCCTCCCTTGCTATT-1,0.000106,0.135116,0.345572,0.243944,0.2597,0.000106,0.015457
ACCCTGGTAACGCCCT-1,0.003705,0.003706,0.007413,0.003706,0.974059,0.003704,0.003707
ACCCTTCATCTGCGAA-1,0.005557,0.216711,0.01112,0.005559,0.749939,0.005556,0.005559
ACCCTTGCCTGGGTCG-1,0.053627,0.002647,0.005295,0.405838,0.365473,0.002646,0.164475
ACCGAAAGGGCCCTGC-1,0.000046,0.030051,0.468082,0.000046,0.477568,0.000046,0.024161
ACCGAAGAGTCTGGTT-1,0.004261,0.000083,0.000166,0.275269,0.720055,0.000083,0.000083
ACCGACACATCTCCCA-1,0.001482,0.001482,0.002965,0.150372,0.672949,0.001481,0.169267
ACCGATAGGCATAACC-1,0.000522,0.000522,0.235152,0.000522,0.762238,0.000522,0.000522
ACCGATATTTAATCAT-1,0.000129,0.000129,0.000258,0.305734,0.693492,0.000129,0.000129
ACCGATGGTAGCATCG-1,0.012407,0.000063,0.290389,0.077464,0.61955,0.000063,0.000063
ACCGCAATAACTGCCT-1,0.000111,0.015573,0.090465,0.273381,0.604442,0.000111,0.015916
ACCGCGGTGGAAGTCG-1,0.000176,0.360807,0.435936,0.15516,0.04757,0.000176,0.000176
ACCGGGCCTTTGTTGA-1,0.000079,0.000079,0.305495,0.181409,0.51278,0.000079,0.000079
ACCGTCCACTGGGCCC-1,0.00028,0.082158,0.00056,0.147687,0.768755,0.00028,0.00028
ACCGTGACCACGTGGG-1,0.000397,0.038336,0.01504,0.395557,0.382696,0.000397,0.167577
ACCGTTCCCGCTCTGA-1,0.000082,0.086832,0.020273,0.148353,0.738135,0.000082,0.006244
ACCTAAGTACCTTTCA-1,0.00034,0.293466,0.096068,0.00034,0.609106,0.00034,0.00034
ACCTAATCGACTTCCT-1,0.000086,0.000086,0.079785,0.000086,0.919785,0.000086,0.000086
ACCTACAGTATGTGGT-1,0.001308,0.001308,0.002616,0.385341,0.606811,0.001307,0.001308
ACCTACTATAAATCTA-1,0.000103,0.000103,0.000206,0.256386,0.728401,0.000103,0.014699
ACCTCCGCCCTCGCTG-1,0.001389,0.00139,0.190899,0.00139,0.802154,0.001389,0.00139
ACCTCCGTTATTCACC-1,0.00247,0.273438,0.004941,0.132861,0.581349,0.002469,0.002471
ACCTGCGTGTCATGTT-1,0.02463,0.088787,0.539719,0.000036,0.346755,0.000036,0.000036
ACGAAATGGGCGGCAC-1,0.000043,0.025618,0.409278,0.090167,0.413806,0.000043,0.061044
ACGACCCATGAGTTGC-1,0.000722,0.111075,0.290499,0.000722,0.595539,0.000722,0.000722
ACGACTCTAGGGCCGA-1,0.001504,0.282347,0.003005,0.26694,0.4432,0.001502,0.001502
ACGACTGGTCATACTC-1,0.001853,0.001853,0.003706,0.268483,0.574861,0.001852,0.147393
ACGAGAACCCATCACG-1,0.000934,0.189092,0.001869,0.000934,0.805303,0.000934,0.000934
ACGAGGATACCACTCT-1,0.000073,0.000073,0.000145,0.095337,0.888766,0.000072,0.015534
ACGAGGTTTACAACGT-1,0.000142,0.000142,0.005652,0.253409,0.73937,0.000142,0.001142
ACGAGTACGGATGCCC-1,0.002924,0.002926,0.005851,0.002926,0.872336,0.002924,0.110112
ACGAGTCGCCGGCGTT-1,0.009267,0.009265,0.812576,0.009264,0.018532,0.009259,0.131837
ACGATACCTATCCTGA-1,0.015877,0.872926,0.031775,0.015889,0.031784,0.015873,0.015877
ACGATCATACATAGAG-1,0.000066,0.20707,0.110313,0.418958,0.240933,0.000066,0.022594
ACGATCATCTTGTAAA-1,0.001001,0.001002,0.002003,0.496496,0.497495,0.001001,0.001002
ACGATGCATATGTTAT-1,0.000041,0.000041,0.581418,0.185915,0.226023,0.000041,0.006519
ACGATGGATCCGATGC-1,0.002268,0.00227,0.004539,0.179509,0.806877,0.002268,0.00227
ACGCAAACTAATAGAT-1,0.002851,0.002851,0.127902,0.854993,0.005703,0.002849,0.002851
ACGCAATCACTACAGC-1,0.000494,0.000494,0.000988,0.480141,0.516895,0.000494,0.000494
ACGCATAAATGACATG-1,0.000354,0.019341,0.361112,0.14854,0.380145,0.000354,0.090153
ACGCATACGTTTACTA-1,0.001611,0.001612,0.083612,0.214239,0.695705,0.00161,0.001611
ACGCCTGACACGCGCT-1,0.001523,0.001523,0.138158,0.15826,0.697491,0.001522,0.001523
ACGCGCTACACAGGGT-1,0.007853,0.00044,0.100578,0.126789,0.763461,0.000439,0.00044
ACGCGTTTCTTAAGAG-1,0.009266,0.009268,0.018537,0.009267,0.935139,0.009259,0.009263
ACGCTAGTGATACACT-1,0.000117,0.114579,0.000236,0.133766,0.751068,0.000117,0.000117
ACGCTGTGAGGCGTAG-1,0.000055,0.000055,0.002238,0.369191,0.628353,0.000055,0.000055
ACGGAATTTAGCAAAT-1,0.001566,0.001567,0.003133,0.001566,0.989037,0.001565,0.001566
ACGGACTCTCAAAGCG-1,0.001463,0.001463,0.18886,0.001463,0.803826,0.001462,0.001463
ACGGAGCGCAAATTAC-1,0.000934,0.509042,0.241707,0.24458,0.001869,0.000934,0.000935
ACGGATGGTGCGGATA-1,0.025988,0.00017,0.00034,0.368177,0.601878,0.00017,0.003277
ACGGCACTTGCTTGGG-1,0.000441,0.000441,0.000882,0.429953,0.448435,0.000441,0.119406
ACGGCGACGATGGGAA-1,0.000101,0.000101,0.000203,0.185241,0.767298,0.000101,0.046954
ACGGCGGGTTGCCCTG-1,0.00013,0.041771,0.251177,0.00013,0.706534,0.00013,0.00013
ACGGGAGTGTCGGCCC-1,0.000073,0.000073,0.037793,0.335206,0.62671,0.000073,0.000073
ACGGGCGTATGCGACA-1,0.001884,0.176634,0.285284,0.528661,0.003769,0.001883,0.001884
ACGGGTCATGTGACTT-1,0.00041,0.230766,0.107157,0.622128,0.038718,0.00041,0.00041
ACGGTACAGTTCAATG-1,0.000695,0.000695,0.383042,0.229447,0.384731,0.000694,0.000695
ACGTACAGATTTCTCT-1,0.003269,0.003271,0.006542,0.003271,0.977109,0.003268,0.00327
ACGTAGGAGAGTCGCT-1,0.000038,0.052874,0.226443,0.265035,0.455534,0.000038,0.000038
ACGTATTACTCCGATC-1,0.000153,0.000153,0.431106,0.000153,0.56813,0.000153,0.000153
ACGTCTCGTTCCGGGA-1,0.000173,0.247506,0.024384,0.182921,0.544669,0.000173,0.000173
ACGTGACAAAGTAAGT-1,0.028463,0.42896,0.3254,0.052166,0.164744,0.000133,0.000133
ACGTGCGCCTCGTGCA-1,0.000116,0.066357,0.000233,0.000168,0.932894,0.000116,0.000116
ACGTTAGATTTGCCCG-1,0.000691,0.000691,0.36952,0.114602,0.513117,0.00069,0.000691
ACGTTATTGGTCACTC-1,0.000573,0.000573,0.280327,0.288268,0.429112,0.000573,0.000573
ACGTTCCGCGCTCCGT-1,0.000109,0.078926,0.420828,0.015533,0.465972,0.000109,0.018521
ACGTTCGCAATCAATT-1,0.001635,0.090688,0.00327,0.30264,0.598498,0.001634,0.001635
ACGTTCGTTCAGGAAA-1,0.000475,0.000475,0.00095,0.63355,0.231164,0.000475,0.132911
ACGTTCTGTACAAGTC-1,0.000238,0.000238,0.000476,0.000238,0.998334,0.000238,0.000238
ACGTTTAGTTGTGATC-1,0.000284,0.17962,0.377925,0.248131,0.193468,0.000283,0.000289
ACTAAGGACGCACACC-1,0.002181,0.00218,0.00436,0.554119,0.432802,0.002179,0.002179
ACTACCAGCTCTCTGG-1,0.000436,0.000436,0.47684,0.000436,0.415418,0.000436,0.105999
ACTACGCGTTAGAATT-1,0.069762,0.000662,0.001324,0.370373,0.556556,0.000661,0.000662
ACTAGTTGCGATCGTC-1,0.000481,0.146021,0.000963,0.061367,0.74373,0.000481,0.046957
ACTATATGCTGTGTTC-1,0.000106,0.06225,0.001759,0.084151,0.851523,0.000106,0.000106
ACTATCCAGGGCATGG-1,0.000695,0.000695,0.00139,0.994441,0.00139,0.000694,0.000695
ACTATCGCCGGCTAAA-1,0.000611,0.000611,0.377539,0.000611,0.619408,0.000611,0.000611
ACTATCTGCCCGCGTA-1,0.000309,0.000358,0.181679,0.263043,0.553994,0.000309,0.000309
ACTATTTCCGGGCCCA-1,0.000153,0.000153,0.014656,0.944449,0.000306,0.000153,0.04013
ACTCAACGAATGTATT-1,0.000271,0.000271,0.000542,0.058467,0.939906,0.000271,0.000271
ACTCAAGTGCAAGGCT-1,0.000136,0.000136,0.000273,0.000136,0.999045,0.000136,0.000136
ACTCAGACCTGCTTCT-1,0.000133,0.000133,0.000266,0.000133,0.999069,0.000133,0.000133
ACTCCAATATCATCAT-1,0.000048,0.000048,0.113601,0.198022,0.422291,0.000048,0.265942
ACTCCCATTCCTAAAG-1,0.000081,0.000081,0.011625,0.154686,0.833366,0.000081,0.000081
ACTCCCGAATTCGTTT-1,0.00285,0.002851,0.005702,0.423797,0.5591,0.002849,0.002851
ACTCCCGTAGACTAGG-1,0.002365,0.002365,0.004731,0.539901,0.445907,0.002364,0.002366
ACTCCCTAATGCTAAA-1,0.035766,0.000875,0.001751,0.615187,0.304908,0.000875,0.040638
ACTCCCTAGAATAGTA-1,0.000072,0.000072,0.120415,0.436388,0.283765,0.000072,0.159216
ACTCCGGCCGACCACT-1,0.000147,0.000147,0.036809,0.014204,0.948399,0.000147,0.000147
ACTCGATGTATTTCAT-1,0.00036,0.00036,0.204292,0.561728,0.232541,0.00036,0.00036
ACTCGCCGTTCGATAA-1,0.000278,0.248003,0.035956,0.129208,0.585999,0.000278,0.000278
ACTCGCGATCTGACGC-1,0.001793,0.001793,0.003586,0.504417,0.484825,0.001792,0.001793
ACTCGTAACCCGTCCT-1,0.000091,0.000091,0.000181,0.571436,0.428021,0.00009,0.000091
ACTCTAAACCTGGGAT-1,0.003834,0.141064,0.007668,0.003835,0.835933,0.003831,0.003835
ACTCTCTGACTTAGGT-1,0.000078,0.000078,0.21365,0.255819,0.255046,0.000078,0.275252
ACTCTGACCTAATAGA-1,0.000116,0.025639,0.219733,0.200627,0.454254,0.000116,0.099514
ACTCTTCAGCTCCCGC-1,0.000919,0.000919,0.001838,0.701494,0.292992,0.000918,0.000919
ACTGAAACGCCGTTAG-1,0.000319,0.000319,0.127381,0.227506,0.643838,0.000318,0.000319
ACTGAATGGCGAAAGT-1,0.000144,0.000144,0.388778,0.19555,0.299306,0.000144,0.115933
ACTGCCGTCGTAACTC-1,0.000463,0.065996,0.104659,0.436009,0.340841,0.000463,0.051569
ACTGCGGACACACCGT-1,0.001852,0.001853,0.003706,0.428639,0.560244,0.001852,0.001853
ACTGCTCGGAAGGATG-1,0.000157,0.000157,0.181405,0.000157,0.817807,0.000157,0.000157
ACTGGCGAACCTGCGT-1,0.000942,0.000942,0.001885,0.336914,0.657433,0.000942,0.000942
ACTGGGATGCCAGTGC-1,0.003269,0.00327,0.006539,0.973844,0.00654,0.003268,0.003271
ACTGTAGCACTTTGGA-1,0.01281,0.000378,0.417317,0.000378,0.499095,0.000378,0.069643
ACTGTATACGCGAGCA-1,0.001852,0.001853,0.003706,0.001853,0.987031,0.001852,0.001853
ACTGTCCAGGATTATA-1,0.000094,0.040928,0.205782,0.163797,0.589213,0.000093,0.000094
ACTGTGCTAGTAGATC-1,0.001852,0.001853,0.003706,0.001853,0.987029,0.001852,0.001854
ACTTACGCATCCACGC-1,0.021477,0.000115,0.00023,0.887907,0.090042,0.000115,0.000115
ACTTAGTACGACAAGA-1,0.015999,0.001685,0.151948,0.204125,0.622876,0.001684,0.001685
ACTTATACTTACCCGG-1,0.000136,0.000136,0.032996,0.34697,0.61949,0.000136,0.000136
ACTTATTTATGTGCCA-1,0.000141,0.000141,0.191605,0.065155,0.742674,0.000141,0.000141
ACTTCAGGCTGATCCC-1,0.000056,0.284711,0.338878,0.175662,0.156295,0.000056,0.044343
ACTTCCAGTGGAAGCT-1,0.00009,0.00009,0.011074,0.00009,0.988476,0.00009,0.00009
ACTTCCATGCGGGACA-1,0.000119,0.000119,0.000237,0.000119,0.941553,0.000118,0.057736
ACTTCGCTAGCGAGTG-1,0.001123,0.304262,0.002246,0.28673,0.403394,0.001122,0.001123
ACTTGCCATATTGTAC-1,0.000246,0.118984,0.000492,0.065299,0.814487,0.000246,0.000246
ACTTGGGACCCGGTGG-1,0.000046,0.000084,0.656988,0.050453,0.292338,0.000046,0.000046
ACTTGTAGTCCCTTCA-1,0.000097,0.000097,0.016065,0.478252,0.505296,0.000097,0.000097
ACTTGTGGATGGAACG-1,0.000911,0.000911,0.20427,0.367833,0.424251,0.000911,0.000911
ACTTTACCCTCATGAA-1,0.001659,0.00166,0.17647,0.504628,0.312266,0.001658,0.001659
ACTTTCCTATAGCTTC-1,0.000089,0.08996,0.091751,0.385057,0.421419,0.000089,0.011635
ACTTTGACTGCATCCT-1,0.000351,0.000351,0.000702,0.048665,0.94923,0.000351,0.000351
ACTTTGTCGACGCACT-1,0.000104,0.000104,0.000208,0.355531,0.643846,0.000104,0.000104
AGAAATTATGACTCGC-1,0.019689,0.064983,0.016186,0.21843,0.646779,0.000269,0.033664
AGAACCCAGCGTGACA-1,0.000124,0.000124,0.000248,0.12921,0.870044,0.000124,0.000124
AGAACCCTCAATTGGG-1,0.045346,0.210616,0.000648,0.205843,0.536898,0.000324,0.000324
AGAAGAGCGCCGTTCC-1,0.000958,0.000958,0.001917,0.075452,0.918798,0.000958,0.000959
AGAAGGTACACTTCAC-1,0.000046,0.000046,0.105446,0.032611,0.861758,0.000046,0.000046
AGAAGGTTGCCGAATT-1,0.000112,0.135295,0.000223,0.190486,0.626891,0.000111,0.046882
AGAAGGTTGTAGGTCG-1,0.000311,0.000311,0.000621,0.467263,0.469795,0.00031,0.061389
AGAAGTGATTCGTGAT-1,0.000159,0.00016,0.080634,0.723045,0.195683,0.000159,0.00016
AGAATAAATCTTCAGG-1,0.006478,0.000197,0.000394,0.218353,0.774185,0.000197,0.000197
AGAATGCGGGTTCGGA-1,0.000065,0.09006,0.00013,0.217264,0.667593,0.000065,0.024823
AGAATTATGGATTCGA-1,0.011691,0.016541,0.555167,0.063193,0.321967,0.000031,0.03141
AGAATTGTTTGACATA-1,0.001195,0.001196,0.556983,0.001196,0.43704,0.001195,0.001196
AGACAGCTCAGAATCC-1,0.001196,0.001196,0.002391,0.547464,0.445363,0.001195,0.001195
AGACAGGCATCTCAGC-1,0.003564,0.00005,0.219499,0.180509,0.596279,0.00005,0.00005
AGACATAGATCCTTCC-1,0.000209,0.03963,0.208469,0.000209,0.751063,0.000209,0.000209
AGACCAAACCACACCT-1,0.000176,0.000176,0.000352,0.141229,0.857714,0.000176,0.000176
AGACCATGGGATACAA-1,0.000117,0.000117,0.234267,0.000117,0.76515,0.000116,0.000117
AGACCCACCGCTGATC-1,0.000054,0.000054,0.096029,0.41263,0.159751,0.000054,0.331429
AGACCCGCCCTCCTCG-1,0.000076,0.040319,0.282683,0.099757,0.51976,0.000076,0.05733
AGACCGCTCCGCGGTT-1,0.000241,0.000241,0.052315,0.000241,0.946482,0.000241,0.000241
AGACCGGGAAACCCTG-1,0.003414,0.000036,0.010464,0.288369,0.656052,0.000036,0.041628
AGACGAAGTGCCGGTC-1,0.000015,0.005968,0.986104,0.000015,0.00787,0.000015,0.000015
AGACGCCCACTTCGCC-1,0.001249,0.362798,0.026698,0.001249,0.605508,0.001248,0.001249
AGACTAGCCTTCCAGA-1,0.000012,0.105475,0.875434,0.015117,0.000024,0.000012,0.003925
AGACTGTTACCGGGTC-1,0.001916,0.001917,0.389204,0.599295,0.003834,0.001916,0.001917
AGAGAAACACCAGAAA-1,0.000107,0.03689,0.000214,0.571636,0.372479,0.000107,0.018568
AGAGAACCGTCTAGGA-1,0.000119,0.087935,0.042085,0.104253,0.76537,0.000119,0.000119
AGAGAAGGAGTACAAT-1,0.000064,0.000064,0.152957,0.343085,0.218054,0.000064,0.285711
AGAGATCTCTAAAGCG-1,0.000082,0.000082,0.000165,0.000082,0.999423,0.000082,0.000082
AGAGCAGTTATGAGAC-1,0.003706,0.003705,0.007411,0.003705,0.974063,0.003704,0.003706
AGAGCCGCCGAGATTT-1,0.038329,0.002417,0.004835,0.10392,0.845667,0.002415,0.002417
AGAGCGCTTGTAACGG-1,0.002223,0.160804,0.004447,0.259869,0.568209,0.002222,0.002224
AGAGCGGGCTAATCAT-1,0.000119,0.000119,0.000237,0.000119,0.950866,0.000119,0.048422
AGAGCGTACAAGCTCG-1,0.00011,0.00011,0.000221,0.051839,0.947499,0.00011,0.00011
AGAGCTACGAAAGCAT-1,0.000479,0.000479,0.000959,0.075769,0.921356,0.000479,0.000479
AGAGGCTTCGGAAACC-1,0.000068,0.000068,0.588329,0.171324,0.240074,0.000068,0.000068
AGAGGGACAATTGTCC-1,0.0002,0.0002,0.000399,0.314742,0.68406,0.000199,0.0002
AGAGGTATCTCGGTCC-1,0.000099,0.144445,0.103293,0.000098,0.65003,0.000098,0.101936
AGAGTAAACTTCACTA-1,0.000194,0.527314,0.277814,0.033974,0.160316,0.000194,0.000194
AGAGTATAGTGTTACG-1,0.00309,0.003089,0.006178,0.553002,0.428467,0.003086,0.003088
AGAGTGAACAGACACC-1,0.014247,0.218952,0.011934,0.60621,0.111347,0.000153,0.037157
AGAGTTGCAGGCCTCC-1,0.001292,0.177413,0.002586,0.629363,0.186761,0.001292,0.001293
AGATAACTTCAGGGCC-1,0.000028,0.011048,0.8765,0.066937,0.027832,0.000028,0.017627
AGATACCAATAGAACC-1,0.000708,0.000708,0.053891,0.000708,0.942569,0.000708,0.000708
AGATACCAGCACTTCA-1,0.001425,0.001426,0.290825,0.106444,0.597031,0.001425,0.001426
AGATACCGGTGTTCAC-1,0.001079,0.00108,0.203128,0.790396,0.002159,0.001079,0.00108
AGATACGACTTCATAT-1,0.000625,0.000625,0.500544,0.000625,0.496333,0.000624,0.000625
AGATACTCAAGATCGA-1,0.000081,0.000081,0.167243,0.082389,0.627848,0.000081,0.122277
AGATATAATACGACTA-1,0.000227,0.116228,0.192768,0.02093,0.669392,0.000227,0.000227
AGATCGTGCATAAGAT-1,0.001884,0.001885,0.520909,0.186425,0.285129,0.001883,0.001885
AGATGACTCGCCCACG-1,0.000186,0.000186,0.105744,0.205451,0.68806,0.000186,0.000186
AGATGATGGAGTCTGG-1,0.00089,0.000889,0.001779,0.382406,0.612257,0.000889,0.00089
AGATGCAAGACGTGCA-1,0.00049,0.098044,0.196589,0.327406,0.376491,0.000489,0.00049
AGATGCATCCTGTGTC-1,0.00019,0.00019,0.124983,0.060824,0.813432,0.00019,0.00019
AGATGCTATAACGAGC-1,0.000496,0.077593,0.070165,0.281983,0.568771,0.000496,0.000496
AGATTATAGGACGTTT-1,0.000075,0.042751,0.078351,0.299388,0.484436,0.000075,0.094923
AGATTCACAACCGATA-1,0.000064,0.000064,0.000128,0.114655,0.884962,0.000064,0.000064
AGCAAAGGCCGCTAGT-1,0.004123,0.004117,0.008235,0.004118,0.682903,0.004115,0.292388
