Barcode,Topic 1,Topic 2,Topic 3,Topic 4to5,Topic 6,Topic 7,Topic 8,Topic 9,Topic 10,Topic 11,Topic 12,Topic 13
AAACAACGAATAGTTC-1,0.000228,0.000228,0.000228,0.000455,0.000228,0.000228,0.000228,0.02915,0.047698,0.115098,0.568317,0.237917
AAACAAGTATCTCCCA-1,0.00002,0.00002,0.022102,0.006916,0.041105,0.01132,0.452369,0.00002,0.00002,0.005507,0.042874,0.417728
AAACAATCTACTAGCA-1,0.000675,0.000675,0.000675,0.00135,0.000675,0.000675,0.293123,0.000675,0.000675,0.190807,0.000675,0.509322
AAACACCAATAACTGC-1,0.000011,0.000011,0.040522,0.232932,0.087317,0.281111,0.234401,0.011862,0.078749,0.007696,0.022832,0.002555
AAACAGAGCGACTCCT-1,0.000047,0.000047,0.000047,0.000095,0.000047,0.000047,0.06021,0.000047,0.226841,0.028179,0.430011,0.254379
AAACAGCTTTCAGAAG-1,0.000345,0.143871,0.000345,0.00069,0.000345,0.000345,0.574148,0.000345,0.000345,0.278531,0.000345,0.000345
AAACAGGGTCTATATT-1,0.000016,0.000016,0.027955,0.105901,0.333095,0.347266,0.111121,0.000789,0.000016,0.025262,0.013166,0.035398
AAACATTTCCCGGATT-1,0.000006,0.000006,0.045251,0.761186,0.00676,0.062207,0.108267,0.001543,0.013351,0.000006,0.000234,0.001182
AAACCCGAACGAAATC-1,0.000015,0.000015,0.367514,0.000031,0.001501,0.000015,0.351761,0.000015,0.000015,0.000015,0.143705,0.135395
AAACCGGAAATGTTAA-1,0.000021,0.015715,0.494935,0.000042,0.000021,0.000021,0.416912,0.000021,0.008391,0.000021,0.061314,0.002586
AAACCGGGTAGGTACC-1,0.000014,0.000014,0.000082,0.274015,0.192513,0.236242,0.019525,0.000014,0.000014,0.00649,0.004542,0.266534
AAACCGTTCGTCCAGG-1,0.000034,0.000034,0.148647,0.010611,0.003276,0.000034,0.208452,0.000034,0.000034,0.000034,0.0626,0.566212
AAACCTAAGCAGCCGG-1,0.000004,0.000004,0.028071,0.805182,0.008778,0.021647,0.135498,0.000178,0.000454,0.000004,0.000004,0.000175
AAACCTCATGAAGTTG-1,0.00002,0.00002,0.008993,0.176053,0.0838,0.21342,0.073396,0.00002,0.008666,0.108089,0.022679,0.304845
AAACGAAGAACATACC-1,0.000037,0.000037,0.000037,0.000074,0.000037,0.000037,0.002408,0.000037,0.087669,0.069667,0.688925,0.151037
AAACGAAGATGGAGTA-1,0.000051,0.000051,0.008334,0.000103,0.000051,0.000051,0.059283,0.000051,0.479218,0.010969,0.441784,0.000051
AAACGAGACGGTTGAT-1,0.000044,0.000044,0.000044,0.196231,0.000044,0.030748,0.22783,0.000044,0.104041,0.005674,0.100174,0.33508
AAACGGGCGTACGGGT-1,0.000009,0.000009,0.051362,0.62048,0.005103,0.008169,0.211846,0.000009,0.000009,0.00171,0.053527,0.047767
AAACGGGTTGGTATCC-1,0.000025,0.000025,0.066771,0.000049,0.002462,0.000187,0.025437,0.010126,0.500642,0.115455,0.266944,0.011876
AAACGGTTGCGAACTG-1,0.000027,0.000027,0.000027,0.000053,0.000027,0.000027,0.000027,0.000027,0.843156,0.012858,0.14372,0.000027
AAACGTGTTCGCCCTA-1,0.000016,0.000016,0.020757,0.052452,0.09993,0.392032,0.281304,0.000016,0.087452,0.01966,0.022525,0.023842
AAACTAACGTGGCGAC-1,0.000024,0.000024,0.003476,0.058721,0.110828,0.055362,0.36468,0.000024,0.000024,0.016998,0.160924,0.228913
AAACTCGGTTCGCAAT-1,0.000014,0.000014,0.000395,0.138754,0.017258,0.01289,0.403901,0.001641,0.015108,0.011154,0.11178,0.28709
AAACTCGTGATATAAG-1,0.000022,0.000022,0.047131,0.078876,0.000022,0.002964,0.453562,0.000022,0.000022,0.000022,0.18644,0.230896
AAACTGCTGGCTCCAA-1,0.000018,0.000018,0.02285,0.102577,0.138717,0.054044,0.09253,0.000018,0.050085,0.107964,0.267056,0.164125
AAACTTGCAAACGTAT-1,0.000022,0.000022,0.02706,0.087836,0.207665,0.286488,0.056015,0.006389,0.000022,0.051513,0.070608,0.206359
AAAGACCCAAGTCGCG-1,0.000021,0.000021,0.000021,0.000041,0.138294,0.103726,0.000021,0.000021,0.000021,0.086712,0.006236,0.664867
AAAGACTGGGCGCTTT-1,0.000024,0.000024,0.021546,0.246998,0.163293,0.190537,0.049464,0.000024,0.000024,0.006325,0.140919,0.18082
AAAGCTTGCCTACATA-1,0.000015,0.000015,0.048135,0.273681,0.078437,0.143199,0.245989,0.000015,0.000721,0.0016,0.095625,0.112569
AAAGGCTACGGACCAT-1,0.000003,0.000003,0.016646,0.45147,0.151061,0.268567,0.044269,0.001681,0.001181,0.013192,0.005327,0.0466
AAAGGCTCTCGCGCCG-1,0.000015,0.000015,0.000751,0.017484,0.038621,0.230632,0.000015,0.000015,0.000015,0.144771,0.004535,0.563129
AAAGGGATGTAGCAAG-1,0.000042,0.000042,0.000042,0.000084,0.000042,0.000042,0.084002,0.054192,0.000042,0.042706,0.363101,0.455665
AAAGGGCAGCTTGAAT-1,0.000028,0.000028,0.000028,0.000057,0.228176,0.069106,0.001963,0.000028,0.000028,0.021901,0.007279,0.671375
AAAGGTAAGCTGTACC-1,0.000025,0.000025,0.000025,0.419488,0.012965,0.033254,0.097104,0.000025,0.000025,0.002361,0.166521,0.268183
AAAGTAGCATTGCTCA-1,0.000015,0.000015,0.012106,0.378138,0.029013,0.025735,0.362316,0.000015,0.002084,0.000284,0.083279,0.106998
AAAGTCACTGATGTAA-1,0.000019,0.000019,0.019321,0.015795,0.430364,0.136185,0.051612,0.000019,0.000019,0.118337,0.00777,0.220539
AAAGTCGACCCTCAGT-1,0.000025,0.000025,0.075686,0.009895,0.066408,0.20246,0.133641,0.000025,0.000025,0.048095,0.112696,0.35102
AAAGTGTGATTTATCT-1,0.00001,0.00001,0.00001,0.318023,0.133188,0.062566,0.295507,0.00001,0.00001,0.004053,0.003694,0.182917
AAAGTTGACTCCCGTA-1,0.000005,0.000005,0.016462,0.917298,0.000689,0.000005,0.05619,0.000005,0.000005,0.000005,0.000005,0.009323
AAATAACCATACGGGA-1,0.000022,0.000022,0.001865,0.251905,0.014827,0.040002,0.057908,0.000022,0.361048,0.047666,0.156844,0.067868
AAATAAGGTAGTGCCC-1,0.000032,0.000032,0.010436,0.46435,0.009142,0.000739,0.154692,0.000032,0.051067,0.027175,0.153085,0.129218
AAATACCTATAAGCAT-1,0.000024,0.000024,0.000024,0.508793,0.019125,0.248858,0.008467,0.000024,0.02812,0.064953,0.044703,0.076886
AAATAGCTTAGACTTT-1,0.000013,0.000013,0.002196,0.22248,0.13147,0.079036,0.306886,0.000013,0.000013,0.000013,0.037005,0.220861
AAATAGGGTGCTATTG-1,0.00003,0.00003,0.00003,0.062957,0.343843,0.033245,0.120869,0.00003,0.159361,0.101146,0.069889,0.108569
AAATCCGATACACGCC-1,0.000013,0.000013,0.083794,0.310552,0.003102,0.01364,0.460185,0.003371,0.011922,0.017622,0.044907,0.05088
AAATCGCGGAAGGAGT-1,0.000062,0.000062,0.000062,0.000123,0.000062,0.000062,0.008015,0.000062,0.277541,0.012735,0.701155,0.000062
AAATCGTGTACCACAA-1,0.000012,0.000012,0.002143,0.056724,0.164504,0.318209,0.000012,0.000012,0.058797,0.296675,0.060022,0.04288
AAATCTAGCCCTGCTA-1,0.000016,0.000016,0.010455,0.098485,0.03333,0.028324,0.402643,0.000016,0.123126,0.039445,0.066236,0.197908
AAATGATTCGATCAGC-1,0.000027,0.000027,0.007177,0.09274,0.077288,0.114954,0.361831,0.013635,0.117121,0.025358,0.134802,0.05504
AAATGCTCGTTACGTT-1,0.00011,0.00011,0.00011,0.082724,0.381357,0.00011,0.016423,0.00011,0.00011,0.00011,0.00011,0.518614
AAATGGCATGTCTTGT-1,0.000048,0.000048,0.000048,0.000096,0.000048,0.000048,0.000048,0.000048,0.000048,0.175772,0.605607,0.218144
AAATGGCCCGTGCCCT-1,0.000025,0.000025,0.047632,0.167921,0.016984,0.071719,0.323032,0.0032,0.000025,0.023917,0.090367,0.255153
AAATGGTCAATGTGCC-1,0.000072,0.000072,0.551534,0.210564,0.000072,0.076672,0.000072,0.005307,0.15542,0.000072,0.000072,0.000072
AAATGTATCTTATCCC-1,0.000011,0.000011,0.000011,0.125018,0.012893,0.034634,0.000011,0.000604,0.000011,0.347582,0.033008,0.446206
AAATGTGGGTGCTCCT-1,0.000074,0.000074,0.000074,0.160791,0.008404,0.386682,0.033681,0.000074,0.03118,0.075865,0.23314,0.069961
AAATTAACGGGTAGCT-1,0.000034,0.000034,0.000034,0.010439,0.002677,0.000034,0.00514,0.000034,0.000034,0.041322,0.403887,0.536332
AAATTAATAAGCGCGA-1,0.000014,0.000014,0.004877,0.112,0.019702,0.020482,0.094951,0.000014,0.025316,0.249201,0.221479,0.251952
AAATTACACGACTCTG-1,0.000081,0.000081,0.000081,0.000162,0.000081,0.000081,0.000081,0.000081,0.000081,0.000081,0.963733,0.035373
AAATTACCTATCGATG-1,0.000026,0.000026,0.006777,0.363357,0.000026,0.000026,0.206782,0.000026,0.000026,0.000026,0.063636,0.359266
AAATTCCAGGTCCAAA-1,0.000017,0.000017,0.087504,0.000034,0.001276,0.000017,0.487999,0.000017,0.153196,0.067518,0.13149,0.070915
AAATTGATAGTCCTTT-1,0.000016,0.000016,0.517777,0.000032,0.000016,0.000016,0.465282,0.000016,0.006964,0.003039,0.000016,0.006811
AAATTGCGGCGGTTCT-1,0.000039,0.000039,0.000039,0.039888,0.007977,0.003135,0.059226,0.000039,0.220402,0.004737,0.242009,0.42247
AAATTGGTGAGAAGCA-1,0.00002,0.00002,0.013752,0.268362,0.115299,0.173167,0.281982,0.00002,0.041226,0.009304,0.07565,0.021199
AAATTTACCGAAATCC-1,0.000036,0.000036,0.018919,0.000072,0.000036,0.000036,0.218733,0.000036,0.457205,0.035298,0.167426,0.102168
AAATTTGCGGGTGTGG-1,0.000031,0.000031,0.007084,0.053,0.00529,0.00051,0.219084,0.000031,0.015942,0.040292,0.109533,0.549173
AACAACTGGTAGTTGC-1,0.000024,0.000024,0.054012,0.027236,0.312396,0.029699,0.211681,0.000024,0.000024,0.029432,0.001426,0.334021
AACAATTACTCTACGC-1,0.000005,0.000005,0.000005,0.65583,0.024655,0.303696,0.000005,0.000005,0.000005,0.005173,0.000005,0.010613
AACACACGCTCGCCGC-1,0.000005,0.000005,0.000747,0.85599,0.009815,0.005944,0.042312,0.000005,0.000005,0.000005,0.002895,0.082275
AACACGACTGTACTGA-1,0.000027,0.000027,0.010237,0.008183,0.10705,0.003819,0.006986,0.000027,0.318007,0.315879,0.152107,0.07765
AACACGAGACGCGGCC-1,0.000013,0.000013,0.044405,0.031625,0.09258,0.28071,0.197254,0.002613,0.079545,0.221501,0.007985,0.041756
AACACGCGGCCGCGAA-1,0.000006,0.000006,0.000006,0.780131,0.000006,0.15807,0.000006,0.000006,0.061746,0.000006,0.000006,0.000006
AACAGCTGTGTGGCAA-1,0.000023,0.035946,0.07409,0.004988,0.013974,0.020106,0.26398,0.417715,0.00016,0.015271,0.061325,0.092423
AACAGGAAATCGAATA-1,0.000026,0.000026,0.000026,0.000052,0.00877,0.000026,0.000026,0.000026,0.140167,0.38827,0.230203,0.23238
AACAGGATGGGCCGCG-1,0.000021,0.000021,0.000021,0.013559,0.254886,0.012456,0.000021,0.000021,0.000021,0.089518,0.034937,0.594515
AACAGGTAGTATGGAT-1,0.000015,0.000015,0.102327,0.093787,0.110542,0.341986,0.179397,0.000015,0.034043,0.00737,0.077996,0.052506
AACATAGCGTGTATCG-1,0.000032,0.000032,0.000032,0.310438,0.043366,0.068256,0.201314,0.000032,0.000032,0.036615,0.124959,0.214894
AACATATCAACTGGTG-1,0.000014,0.000014,0.001313,0.261818,0.048516,0.08097,0.302463,0.024032,0.004337,0.002686,0.060844,0.212994
AACATCGATACGTCTA-1,0.000021,0.000021,0.00173,0.152915,0.013143,0.041673,0.347201,0.151571,0.013429,0.000727,0.147916,0.129652
AACATTGGTCAGCCGT-1,0.000033,0.000033,0.014246,0.010831,0.105148,0.005217,0.040258,0.000033,0.225555,0.468605,0.101315,0.028723
AACATTGTGACTCGAG-1,0.000029,0.000029,0.02067,0.063525,0.079011,0.040447,0.201084,0.004674,0.071579,0.140751,0.218991,0.15921
AACCAAGACTTCTCTG-1,0.000015,0.000015,0.000015,0.051781,0.327729,0.21652,0.000015,0.000015,0.000015,0.04232,0.003594,0.357968
AACCAGTATCACTCTT-1,0.000078,0.000078,0.000078,0.000157,0.000078,0.000078,0.117418,0.000078,0.000078,0.013894,0.710503,0.157478
AACCATGGGATCGCTA-1,0.000065,0.000065,0.091859,0.023951,0.000065,0.000065,0.138722,0.000065,0.000065,0.092317,0.074069,0.578693
AACCCAGAGACGGAGA-1,0.000049,0.000049,0.000049,0.053025,0.12924,0.007397,0.11885,0.010637,0.000049,0.000049,0.009361,0.671246
AACCCATCCCATGATC-1,0.000012,0.000012,0.03297,0.245118,0.142464,0.351775,0.210299,0.000012,0.007925,0.002963,0.002268,0.004182
AACCCGAGCAGAATCG-1,0.000024,0.000024,0.13362,0.006141,0.000024,0.000024,0.448417,0.012774,0.000024,0.000024,0.159974,0.238931
AACCCTACTGTCAATA-1,0.00001,0.00001,0.010353,0.213103,0.086176,0.125157,0.132803,0.00001,0.03689,0.084427,0.054066,0.256995
AACCCTGGTGGAACCA-1,0.000032,0.000032,0.03388,0.000064,0.02203,0.000032,0.021393,0.000032,0.000032,0.09744,0.702515,0.122516
AACCGAGCTTGGTCAT-1,0.000027,0.000027,0.000027,0.057771,0.000027,0.000027,0.000027,0.000027,0.015385,0.186035,0.388899,0.351723
AACCGCTAAGGGATGC-1,0.000011,0.000011,0.013036,0.284351,0.097526,0.097089,0.262294,0.039948,0.000011,0.011469,0.010307,0.183947
AACCGTTGTGTTTGCT-1,0.000051,0.000051,0.011697,0.000102,0.000051,0.000051,0.005997,0.000051,0.080024,0.267759,0.584339,0.049827
AACCTCGCTTTAGCCC-1,0.000007,0.000007,0.009326,0.625651,0.012938,0.011727,0.267194,0.000007,0.020638,0.007024,0.005817,0.039665
AACCTGTCACGGAATT-1,0.000061,0.008821,0.000061,0.000121,0.012583,0.000061,0.156899,0.000061,0.474427,0.000061,0.265241,0.081604
AACCTTTAAATACGGT-1,0.000023,0.000023,0.000023,0.009657,0.00829,0.003689,0.028402,0.000023,0.000023,0.048067,0.347488,0.55429
AACCTTTACGACGTCT-1,0.000061,0.000061,0.000061,0.000122,0.000061,0.000061,0.16312,0.000061,0.000061,0.000061,0.609766,0.226505
AACGAAAGTCGTCCCA-1,0.00033,0.00033,0.00033,0.00066,0.109876,0.00033,0.023826,0.00033,0.00033,0.00033,0.862996,0.00033
AACGATAATGCCGTAG-1,0.00003,0.00003,0.005533,0.052087,0.01535,0.064611,0.113897,0.00003,0.00003,0.006839,0.076319,0.665243
AACGATAGAAGGGCCG-1,0.000019,0.000019,0.027322,0.030201,0.035804,0.066978,0.020692,0.000019,0.012232,0.351394,0.079881,0.375439
AACGATATGTCAACTG-1,0.000013,0.000013,0.010013,0.542574,0.009572,0.008536,0.06978,0.000013,0.001419,0.047011,0.058705,0.25235
AACGCATGATCTGGGT-1,0.000137,0.000137,0.000137,0.000275,0.000137,0.000137,0.412123,0.000137,0.000137,0.000137,0.543412,0.043091
AACGCGAACGGCAACA-1,0.000035,0.000035,0.000035,0.00007,0.043076,0.000035,0.124435,0.000035,0.001093,0.035624,0.539192,0.256337
AACGCGACCTTGGGCG-1,0.000179,0.430466,0.000179,0.04704,0.000179,0.000179,0.000179,0.000179,0.000179,0.256788,0.049564,0.214889
AACGCGGTCTCCAGCC-1,0.000046,0.000046,0.001125,0.000092,0.000046,0.000046,0.079899,0.000046,0.053682,0.056203,0.760273,0.048494
AACGCTGTTGCTGAAA-1,0.00002,0.00002,0.023808,0.123169,0.017128,0.013378,0.37317,0.00002,0.02495,0.025603,0.088196,0.31054
AACGGACGTACGTATA-1,0.000011,0.000011,0.012132,0.170042,0.049991,0.199107,0.407243,0.001044,0.000014,0.010947,0.030255,0.119203
AACGGCCATCTCCGGT-1,0.000023,0.000023,0.040885,0.086726,0.134977,0.088661,0.122195,0.003941,0.007584,0.094533,0.087475,0.332977
AACGTACTGTGGGTAC-1,0.000027,0.000027,0.016444,0.100145,0.174859,0.172151,0.202984,0.000027,0.000027,0.023001,0.048223,0.262086
AACGTAGTCTACCCAT-1,0.000079,0.000079,0.001162,0.018249,0.195198,0.059304,0.503598,0.000079,0.000079,0.105169,0.000079,0.116927
AACGTCAGACTAGTGG-1,0.000014,0.000014,0.021449,0.161949,0.12319,0.586388,0.004256,0.000014,0.000014,0.001358,0.002591,0.098763
AACGTGATGAAGGACA-1,0.000049,0.000049,0.000049,0.000097,0.000049,0.000049,0.000049,0.000049,0.000049,0.000049,0.836147,0.163319
AACGTGCGAAAGTCTC-1,0.000022,0.000022,0.003183,0.103658,0.018359,0.027508,0.030136,0.000022,0.21083,0.275194,0.269916,0.06115
AACGTTATCAGCACCT-1,0.00021,0.00021,0.00021,0.215195,0.00021,0.00021,0.00021,0.00021,0.00021,0.197096,0.111255,0.474777
AACTACCCGTTTGTCA-1,0.000025,0.001809,0.110115,0.040115,0.001253,0.000025,0.339732,0.000025,0.000025,0.003332,0.273024,0.230521
AACTAGCGTATCGCAC-1,0.000156,0.000156,0.000156,0.183468,0.003306,0.732084,0.000156,0.000156,0.000156,0.079897,0.000156,0.000156
AACTAGGCTTGGGTGT-1,0.000031,0.000031,0.000031,0.000063,0.000031,0.000031,0.000031,0.000031,0.971535,0.000031,0.02812,0.000031
AACTCAAGTTAATTGC-1,0.000018,0.000018,0.036457,0.044663,0.125017,0.335846,0.055969,0.000018,0.015165,0.120831,0.038811,0.227186
AACTCCAGAGCGTGTT-1,0.000012,0.000012,0.013608,0.54389,0.040825,0.040454,0.334249,0.000012,0.00084,0.000012,0.010707,0.015379
AACTCCTAATCCCATG-1,0.000163,0.000163,0.00756,0.321845,0.174577,0.120595,0.000163,0.000163,0.000163,0.000163,0.305432,0.069012
AACTCGATAAACACGT-1,0.000028,0.000028,0.013696,0.000057,0.020616,0.000028,0.059038,0.000028,0.424791,0.211773,0.212275,0.057641
AACTCGATGGCGCAGT-1,0.000065,0.000065,0.036197,0.000129,0.004927,0.000065,0.025977,0.000065,0.000065,0.042452,0.456754,0.433242
AACTCTCAATAGAGCG-1,0.000013,0.000013,0.031424,0.158803,0.007805,0.003665,0.365806,0.000013,0.053178,0.015845,0.07131,0.292125
AACTCTCAGTGTGCTC-1,0.000042,0.000042,0.158805,0.000083,0.001856,0.000042,0.520561,0.000042,0.000042,0.033129,0.009343,0.276014
AACTGAGGTCAGCGTC-1,0.000015,0.000015,0.024561,0.328827,0.063929,0.333747,0.17386,0.001397,0.001157,0.000015,0.024891,0.047584
AACTGAGTTATACTGA-1,0.000037,0.234312,0.460925,0.000074,0.000037,0.000037,0.22926,0.000037,0.000037,0.000037,0.037838,0.03737
AACTGATATTAGGCCT-1,0.000037,0.000037,0.000037,0.000073,0.000037,0.000037,0.000037,0.000037,0.000037,0.071713,0.645028,0.282894
AACTGGGTCCCGACGT-1,0.000034,0.000034,0.000034,0.000069,0.000034,0.000034,0.000034,0.000034,0.240678,0.224599,0.503704,0.030709
AACTGGTGTGGGCCTT-1,0.000055,0.000055,0.000055,0.00116,0.071664,0.399496,0.000055,0.000055,0.000055,0.000055,0.001847,0.525447
AACTTCTGCGTCTATC-1,0.000044,0.000044,0.000044,0.614509,0.000044,0.110214,0.000044,0.000044,0.000044,0.011004,0.000044,0.263924
AACTTGCCCGTATGCA-1,0.000015,0.000015,0.007592,0.519862,0.041692,0.017353,0.009358,0.000015,0.000576,0.085947,0.008109,0.309465
AACTTGCGTTCTCGCG-1,0.000157,0.000157,0.000157,0.14928,0.238627,0.235956,0.074181,0.011261,0.000157,0.150674,0.008111,0.131281
AACTTTACGGGAGCTT-1,0.000038,0.000038,0.000038,0.056008,0.031147,0.045774,0.000653,0.000038,0.045126,0.258632,0.552701,0.009807
AACTTTAGCTGCTGAG-1,0.000278,0.000278,0.000278,0.000555,0.211034,0.262895,0.17804,0.000278,0.000278,0.192154,0.000278,0.153655
AACTTTCTCGATCATG-1,0.000028,0.000028,0.035324,0.087451,0.050594,0.188586,0.483963,0.000028,0.000028,0.011712,0.088817,0.053439
AAGAAGGATCAGTTAG-1,0.000022,0.000022,0.000022,0.443046,0.024818,0.50415,0.000022,0.000022,0.023918,0.003917,0.000022,0.000022
AAGACCAAATAACTCA-1,0.000191,0.000191,0.000191,0.149149,0.000191,0.074907,0.000191,0.255436,0.148273,0.000191,0.356392,0.014698
AAGACCCAACTGAACA-1,0.000004,0.000004,0.007828,0.220851,0.143113,0.087445,0.004276,0.000004,0.008394,0.185341,0.027757,0.314985
AAGACTAACCCGTTGT-1,0.000025,0.000025,0.000025,0.033027,0.029195,0.013525,0.057638,0.000025,0.28195,0.393306,0.093448,0.097812
AAGACTGCAAGCTACT-1,0.000019,0.000019,0.000019,0.305298,0.00905,0.018442,0.002395,0.000019,0.111664,0.122005,0.245756,0.185315
AAGAGATGAATCGGTA-1,0.000016,0.000016,0.000016,0.182631,0.180559,0.427551,0.004228,0.000016,0.000016,0.000016,0.000016,0.204921
AAGAGCTCTTTATCGG-1,0.000225,0.000225,0.000225,0.144185,0.000225,0.025159,0.283288,0.000225,0.000225,0.09679,0.261783,0.187446
AAGAGGATGTACGCGA-1,0.000036,0.000036,0.000036,0.01766,0.261574,0.038475,0.095454,0.000036,0.000036,0.041742,0.018503,0.526415
AAGAGGCATGGATCGC-1,0.000013,0.000013,0.007632,0.537553,0.037618,0.211017,0.160476,0.000013,0.000708,0.002085,0.000353,0.042519
AAGAGGCCCTTTGGAA-1,0.000024,0.000024,0.034933,0.000048,0.000024,0.000024,0.687658,0.000024,0.003793,0.002892,0.054702,0.215852
AAGATTGGCGGAACGT-1,0.000021,0.000021,0.000021,0.725727,0.000021,0.000021,0.079816,0.000021,0.000021,0.000022,0.039543,0.154744
AAGCACCCTGCGTATC-1,0.000016,0.000016,0.020999,0.122768,0.096146,0.051003,0.368963,0.000016,0.000016,0.014426,0.081169,0.24446
AAGCATACTCTCCTGA-1,0.000049,0.000049,0.013854,0.000098,0.000049,0.000049,0.06042,0.000049,0.000049,0.000049,0.592911,0.332376
AAGCCGAAGCGGTTTA-1,0.000023,0.000023,0.04026,0.059813,0.000023,0.003199,0.405851,0.000023,0.000023,0.000425,0.102424,0.387913
AAGCCGCTTTACCTTG-1,0.000046,0.000046,0.022273,0.123101,0.019608,0.221515,0.389472,0.000046,0.000046,0.012439,0.193678,0.017728
AAGCGCAGGGCTTTGA-1,0.000015,0.000015,0.007139,0.087634,0.004601,0.005416,0.425259,0.000015,0.010098,0.008797,0.132378,0.318632
AAGCGGCGTCATGGGT-1,0.000128,0.038319,0.000128,0.000256,0.000128,0.000128,0.081322,0.000128,0.000128,0.000128,0.501394,0.37781
AAGCGTCCCTCATCGA-1,0.000028,0.013859,0.18319,0.153777,0.001486,0.019563,0.507781,0.000028,0.018215,0.014119,0.020439,0.067515
AAGCTAGATCGAGTAA-1,0.000018,0.000018,0.000018,0.288742,0.008371,0.192176,0.028816,0.000018,0.077243,0.053709,0.215394,0.135477
AAGCTCGTGCCAAGTC-1,0.000052,0.000052,0.008664,0.090565,0.293406,0.016071,0.161573,0.000052,0.004477,0.08594,0.213569,0.125576
AAGCTCTTTCATGGTG-1,0.000019,0.000019,0.001521,0.252758,0.107463,0.351642,0.113285,0.003292,0.000019,0.000346,0.060769,0.108868
AAGGAGAACTTATAAG-1,0.000133,0.000133,0.014892,0.038435,0.135496,0.313982,0.015303,0.000133,0.208562,0.000133,0.037224,0.235574
AAGGAGCGGTTGGTGC-1,0.000015,0.000015,0.135925,0.019028,0.180644,0.157551,0.066834,0.007963,0.049458,0.246729,0.030018,0.10582
AAGGATCGATCGCTTG-1,0.000022,0.000022,0.037001,0.053417,0.026356,0.036588,0.337153,0.001137,0.000022,0.000022,0.148226,0.360034
AAGGATGAGGGACCTC-1,0.00009,0.00009,0.03867,0.166803,0.07462,0.064719,0.102382,0.00009,0.501789,0.050567,0.00009,0.00009
AAGGCAGGCTGTCTCC-1,0.000008,0.000008,0.778109,0.17873,0.001834,0.039097,0.002176,0.000008,0.000008,0.000008,0.000008,0.000008
AAGGCGCGTAAAGCTT-1,0.000013,0.000013,0.000013,0.169274,0.218025,0.421747,0.00578,0.000013,0.000013,0.011194,0.003435,0.170483
AAGGCTGTGCTCATCG-1,0.000021,0.000021,0.025904,0.20037,0.036483,0.190081,0.226943,0.000021,0.000021,0.051318,0.032386,0.23643
AAGGGAACGACTGGCT-1,0.000009,0.000009,0.026051,0.361121,0.066858,0.04592,0.127015,0.008621,0.000767,0.029609,0.057723,0.276298
AAGGGACAGATTCTGT-1,0.000016,0.000016,0.000016,0.790018,0.000016,0.206412,0.000016,0.000016,0.002666,0.000777,0.000016,0.000016
AAGGGACTATGCATTC-1,0.000024,0.000024,0.011806,0.07702,0.026819,0.014541,0.347441,0.000024,0.005415,0.001229,0.153835,0.361823
AAGGGTTTGATTTCAG-1,0.000248,0.087349,0.06396,0.285855,0.000248,0.000248,0.000248,0.000248,0.234191,0.03061,0.296546,0.000248
AAGGTATCCTAATATA-1,0.00005,0.00005,0.00005,0.130569,0.019922,0.016673,0.100727,0.00005,0.014385,0.008405,0.512304,0.196812
AAGGTGATAAACCAGC-1,0.000007,0.000007,0.011864,0.43061,0.043818,0.315281,0.128536,0.000218,0.011058,0.019815,0.001264,0.037522
AAGTAAGCTTCCAAAC-1,0.000175,0.000175,0.000175,0.042807,0.141989,0.273961,0.000175,0.000175,0.000175,0.000175,0.206906,0.333113
AAGTAGAAGACCGGGT-1,0.000014,0.000014,0.017941,0.120625,0.258018,0.388808,0.003543,0.000014,0.000014,0.021045,0.000941,0.189022
AAGTAGTGACGCGAGG-1,0.000011,0.000011,0.000011,0.371532,0.061549,0.492037,0.000288,0.000011,0.000011,0.001001,0.000011,0.073525
AAGTCAATTGTCGTCA-1,0.000014,0.000014,0.021066,0.115174,0.329221,0.08707,0.14385,0.000014,0.007615,0.093407,0.031898,0.170657
AAGTCTAGTAGCTGCC-1,0.000052,0.000052,0.024582,0.25776,0.047824,0.110846,0.294494,0.000052,0.053693,0.02948,0.040864,0.1403
AAGTCTTCTGTGGCCT-1,0.000108,0.000108,0.023534,0.127467,0.000108,0.337573,0.000108,0.016408,0.00886,0.398927,0.000108,0.08669
AAGTGACGACCGAATT-1,0.00002,0.00002,0.001971,0.072383,0.121656,0.226357,0.070106,0.012767,0.017704,0.28723,0.048246,0.141538
AAGTGCAAAGGTAGAC-1,0.000129,0.000129,0.121376,0.000257,0.000129,0.000129,0.005751,0.000129,0.026503,0.459387,0.263301,0.122781
AAGTGCCTTGACTGTA-1,0.000019,0.000019,0.015681,0.208377,0.043702,0.031287,0.302737,0.000019,0.014858,0.023823,0.059856,0.299623
AAGTGCGTTAGAATCT-1,0.000022,0.000022,0.057342,0.228257,0.101661,0.020438,0.312693,0.000022,0.000022,0.002983,0.192405,0.084132
AAGTGTTTGGAGACGG-1,0.000024,0.000024,0.014445,0.142458,0.200087,0.273158,0.289376,0.000024,0.000024,0.000024,0.029468,0.05089
AAGTTCACTCCAAGCT-1,0.00002,0.00002,0.026383,0.149685,0.04978,0.181922,0.368978,0.00002,0.00002,0.00002,0.046532,0.176621
AAGTTCAGTCTGCGTA-1,0.000056,0.000056,0.000056,0.000111,0.000056,0.000056,0.300738,0.000056,0.000056,0.004961,0.124468,0.569332
AAGTTCGGCCAACAGG-1,0.000025,0.000025,0.053025,0.076133,0.166222,0.357534,0.033389,0.001668,0.000025,0.073521,0.032573,0.20586
AAGTTGTGATGTTATA-1,0.000019,0.004577,0.595995,0.10799,0.000019,0.010552,0.093521,0.000019,0.000019,0.000019,0.14037,0.046901
AAGTTTACTAATGGCA-1,0.000038,0.000038,0.000038,0.589078,0.013728,0.122332,0.000038,0.000038,0.000038,0.180258,0.084875,0.009498
AAGTTTATGGGCCCAA-1,0.00003,0.00003,0.001891,0.130014,0.009118,0.014373,0.32846,0.00003,0.09151,0.032584,0.256281,0.13568
AATAACAACGCTCGGC-1,0.00002,0.00002,0.020087,0.001002,0.133544,0.043744,0.240772,0.00002,0.002071,0.123611,0.000444,0.434663
AATAACACTAGAACAA-1,0.000021,0.000021,0.05375,0.149565,0.072668,0.035948,0.328663,0.003366,0.000021,0.013589,0.145496,0.196894
AATAAGTCCTCGAGAC-1,0.000039,0.000039,0.000039,0.000078,0.000039,0.000039,0.000039,0.000039,0.007584,0.194586,0.400842,0.39664
AATACAATGTTTCAGG-1,0.000088,0.000088,0.000088,0.285902,0.093592,0.258724,0.010566,0.000088,0.000088,0.000088,0.000088,0.350599
AATAGAACAGAGTGGC-1,0.00002,0.00002,0.18101,0.058761,0.067336,0.171255,0.128022,0.00002,0.003743,0.05512,0.026037,0.308654
AATAGAATCTGTTTCA-1,0.000014,0.000014,0.026656,0.150869,0.033776,0.187735,0.217755,0.000014,0.000014,0.00765,0.091671,0.283834
AATAGCAAGCCTCCTG-1,0.000019,0.000019,0.008623,0.1568,0.174448,0.067093,0.192771,0.000019,0.154287,0.070634,0.126895,0.04839
AATAGCTACCGCGTGC-1,0.000017,0.000017,0.030817,0.210149,0.06055,0.53807,0.126857,0.003613,0.022826,0.000017,0.006069,0.001
AATAGTCCGTCCCGAC-1,0.000015,0.000015,0.013298,0.076995,0.013335,0.003563,0.004435,0.000798,0.04377,0.444914,0.270022,0.128841
AATAGTCGCGAGTCGG-1,0.000025,0.000025,0.000025,0.170038,0.03593,0.010486,0.004101,0.007362,0.014535,0.136908,0.275073,0.34549
AATATCAAGGTCGGAT-1,0.00011,0.00011,0.014078,0.146781,0.234534,0.169425,0.056237,0.00011,0.00011,0.240782,0.003303,0.134421
AATATCCTAGCAAACT-1,0.000041,0.000041,0.007534,0.086518,0.08261,0.008766,0.002359,0.000041,0.111796,0.294339,0.354918,0.051038
AATATCGAATCAATGC-1,0.000014,0.000014,0.00473,0.614185,0.007155,0.037806,0.15134,0.002233,0.000014,0.000014,0.065781,0.116713
AATATCGAGGGTTCTC-1,0.000023,0.000023,0.011398,0.133216,0.073903,0.02103,0.313228,0.000023,0.005454,0.001874,0.109313,0.330514
AATATTGGAGTATTGA-1,0.000028,0.000028,0.000028,0.081223,0.032364,0.456893,0.022584,0.000028,0.000028,0.013181,0.003908,0.389704
AATCAGACTGCAGGAC-1,0.000021,0.000021,0.000021,0.442395,0.008154,0.000021,0.000021,0.000021,0.018162,0.141308,0.16848,0.221377
AATCATGTAAAGACTC-1,0.000011,0.000011,0.026995,0.26394,0.05919,0.087726,0.297594,0.027958,0.001144,0.006835,0.015676,0.212921
AATCCAAGGGCCTGAG-1,0.000014,0.000014,0.000014,0.032911,0.227374,0.460255,0.000112,0.000014,0.000014,0.049384,0.010922,0.218971
AATCCATGCAAGGGTG-1,0.000038,0.000038,0.000038,0.000077,0.000038,0.000038,0.000038,0.000038,0.000038,0.080375,0.331939,0.587303
AATCGCCTCAGCGCCA-1,0.000027,0.000027,0.000027,0.237756,0.125762,0.002537,0.128978,0.000027,0.107818,0.121423,0.112642,0.162977
AATCGCGCAGAGGACT-1,0.00002,0.00002,0.182549,0.000039,0.01437,0.00102,0.551567,0.00002,0.019444,0.013958,0.091737,0.125257
AATCGGGACACTACGA-1,0.000042,0.000042,0.000042,0.0396,0.000822,0.000042,0.000042,0.000042,0.000578,0.554997,0.273386,0.130367
AATCGTGAGCCGAGCA-1,0.000011,0.000011,0.020433,0.199803,0.017207,0.019403,0.549716,0.006243,0.000011,0.011912,0.013848,0.161403
AATCTAGGTTTACTTG-1,0.000017,0.000017,0.012568,0.556788,0.025805,0.035059,0.286955,0.000017,0.002956,0.004045,0.005715,0.070059
AATCTATGCCGGAGCC-1,0.000015,0.000015,0.022166,0.220211,0.113431,0.12066,0.336365,0.000015,0.000015,0.008339,0.02027,0.158499
AATCTCTACTGTGGTT-1,0.000029,0.000029,0.000029,0.280716,0.062511,0.484185,0.00006,0.006325,0.000029,0.036798,0.063326,0.065963
AATCTGCGTTGGGACG-1,0.000011,0.000011,0.0168,0.352563,0.026088,0.144914,0.28804,0.000011,0.003429,0.003072,0.100479,0.064581
AATCTGGCTTTCTAGT-1,0.000014,0.000014,0.021892,0.333427,0.032705,0.391762,0.186003,0.000014,0.021166,0.010961,0.001081,0.000963
AATCTGGGTAGACCCT-1,0.000145,0.000145,0.000145,0.128515,0.000145,0.141407,0.229396,0.000145,0.000145,0.150474,0.275899,0.073436
AATGACAGCAATGTCT-1,0.000021,0.000021,0.048777,0.252286,0.067444,0.142288,0.147787,0.000021,0.001591,0.030971,0.053012,0.255779
AATGACGTAGGATGTC-1,0.000035,0.000035,0.001874,0.066766,0.019601,0.000871,0.218243,0.000035,0.001458,0.008802,0.269849,0.412431
AATGACTGTCAGCCGG-1,0.000011,0.000011,0.059442,0.052388,0.238197,0.407149,0.111024,0.000011,0.011534,0.077478,0.001048,0.041709
AATGAGTTCGCATATG-1,0.000045,0.000045,0.000045,0.55192,0.022199,0.378905,0.000045,0.000045,0.000045,0.042616,0.000045,0.004047
AATGATGATACGCTAT-1,0.00011,0.00011,0.00011,0.212158,0.00011,0.021047,0.225524,0.00011,0.245541,0.00011,0.294962,0.00011
AATGATGCGACTCCTG-1,0.00001,0.00001,0.000216,0.852971,0.002199,0.008756,0.010359,0.00001,0.006672,0.002791,0.043182,0.072825
AATGCAACCGGGTACC-1,0.000008,0.000008,0.000008,0.510083,0.000743,0.427873,0.000008,0.000008,0.016299,0.044226,0.000727,0.000008
AATGCACCAAGCAATG-1,0.000012,0.000012,0.000012,0.976513,0.000012,0.000012,0.000132,0.000012,0.004313,0.000012,0.015072,0.003889
AATGGTCCACCGTTCA-1,0.000025,0.000025,0.022268,0.014425,0.014549,0.040554,0.384682,0.000025,0.032829,0.171176,0.020857,0.298583
AATGGTTCTCACAAGC-1,0.000011,0.000011,0.002242,0.635316,0.01356,0.172063,0.000011,0.000011,0.000011,0.00688,0.000447,0.16944
AATGTGCCCGAGGTGT-1,0.000024,0.000024,0.141829,0.281119,0.000288,0.069281,0.31629,0.000033,0.000024,0.005063,0.171717,0.01431
AATTAAAGGTCGGCGT-1,0.000012,0.000012,0.570222,0.003682,0.033438,0.088037,0.00045,0.000012,0.000012,0.17526,0.005379,0.123485
AATTAACGGATTTCCA-1,0.00003,0.00003,0.00003,0.053844,0.008619,0.059387,0.099062,0.00003,0.433514,0.113266,0.138915,0.093275
AATTACGAGACCCATC-1,0.000055,0.000055,0.000055,0.00011,0.000055,0.000055,0.000055,0.000055,0.997279,0.002113,0.000055,0.000055
AATTACTCGTACGCTC-1,0.000121,0.000121,0.000121,0.449216,0.000121,0.000121,0.000121,0.000121,0.000121,0.000121,0.432932,0.11676
AATTAGCGCTGCAGCG-1,0.000022,0.000022,0.030907,0.025638,0.010274,0.000022,0.069093,0.000022,0.203306,0.064524,0.28481,0.311362
AATTCATAAGGGATCT-1,0.000068,0.000068,0.000068,0.000136,0.000068,0.000068,0.175195,0.000068,0.018833,0.018596,0.370024,0.416808
AATTCATTGTCATGCA-1,0.000257,0.000257,0.000257,0.000515,0.000257,0.000257,0.105609,0.025426,0.150211,0.012648,0.704049,0.000257
AATTCCAACTTGGTGA-1,0.000038,0.000038,0.000038,0.040821,0.056511,0.02894,0.093892,0.000038,0.087516,0.245711,0.420983,0.025476
AATTCCAAGCATGTAC-1,0.000027,0.000027,0.011778,0.000054,0.000027,0.000027,0.000027,0.000027,0.98789,0.000062,0.000027,0.000027
AATTCGATTCGAGGAT-1,0.000014,0.000014,0.002255,0.097474,0.029572,0.060612,0.678554,0.000014,0.004879,0.026719,0.023035,0.076859
AATTCTAGAGTTAGGC-1,0.000014,0.000014,0.000014,0.162998,0.005533,0.599272,0.000014,0.001354,0.183904,0.046857,0.000014,0.000014
AATTGAACGCTCTGGT-1,0.000009,0.000009,0.001491,0.441163,0.026801,0.337116,0.017484,0.000009,0.000009,0.008149,0.005724,0.162036
AATTGCAGCAATCGAC-1,0.000019,0.007431,0.097682,0.158089,0.002826,0.001306,0.507577,0.000019,0.051086,0.024014,0.062054,0.087897
AATTGTGGTTGCCAAA-1,0.000014,0.040085,0.292665,0.003302,0.01287,0.032842,0.143238,0.177483,0.011035,0.000396,0.266045,0.020024
AATTTGGGACATAGTA-1,0.000024,0.000024,0.000024,0.774746,0.006532,0.13683,0.000024,0.000024,0.000024,0.039636,0.000024,0.042092
AATTTGGTTCCAAAGA-1,0.000016,0.000016,0.000016,0.116789,0.005231,0.01238,0.005267,0.000016,0.193257,0.32811,0.237677,0.101227
ACAAAGAAGGTAGGCC-1,0.00001,0.00001,0.001631,0.801087,0.009083,0.095395,0.00001,0.00001,0.006608,0.045256,0.035192,0.005706
ACAAAGCATGACCTAG-1,0.000013,0.000013,0.078731,0.096958,0.017461,0.028168,0.562518,0.000013,0.003838,0.01515,0.029221,0.167916
ACAAATCGCACCGAAT-1,0.000009,0.000009,0.005047,0.248038,0.036292,0.652308,0.025927,0.000609,0.002211,0.006606,0.000009,0.022934
ACAAATGGTAGTGTTT-1,0.000008,0.000008,0.01498,0.398026,0.035499,0.291048,0.215115,0.000008,0.000439,0.007752,0.006926,0.03019
ACAAATTCAGATCTGA-1,0.000014,0.000014,0.003565,0.52569,0.028106,0.44253,0.000014,0.000014,0.000014,0.000014,0.000014,0.000014
ACAACAGCATGAGCTA-1,0.00004,0.00004,0.00004,0.000079,0.00004,0.00004,0.00004,0.00004,0.00004,0.00004,0.321239,0.678326
ACAACGGTCCCTGCGA-1,0.000014,0.000014,0.005689,0.302858,0.089005,0.277266,0.002642,0.000014,0.000014,0.010649,0.004656,0.307179
ACAAGCAGTGCCTAGC-1,0.000019,0.000019,0.012266,0.016884,0.102077,0.081138,0.002393,0.000019,0.000019,0.010301,0.009604,0.765263
ACAAGCTATATGGAAG-1,0.000058,0.000058,0.000058,0.000116,0.003869,0.166604,0.045033,0.005495,0.000058,0.279649,0.260471,0.238531
ACAAGGAAATCCGCCC-1,0.000022,0.000022,0.006321,0.135314,0.073148,0.258662,0.122857,0.007628,0.000022,0.027147,0.124957,0.2439
ACAAGGACAAGAGGTT-1,0.000016,0.000016,0.002471,0.096721,0.099766,0.083101,0.000021,0.131897,0.000016,0.042337,0.016117,0.52752
ACAAGGATGCTTTAGG-1,0.000004,0.000004,0.017689,0.970431,0.000004,0.000857,0.004903,0.000004,0.006094,0.000004,0.000004,0.000004
ACAAGGGCAGGCTCTG-1,0.000055,0.000055,0.000055,0.102231,0.000055,0.017106,0.194681,0.000055,0.000055,0.000055,0.031345,0.654254
ACAATAGTCGTACGTT-1,0.000044,0.000044,0.023606,0.000148,0.025952,0.108118,0.209893,0.000044,0.000044,0.000044,0.050745,0.581316
ACAATCCATTTAAACC-1,0.000015,0.000015,0.000015,0.232937,0.205551,0.172756,0.004773,0.000015,0.000015,0.002801,0.000702,0.380404
ACAATGAATACGGAGA-1,0.000018,0.000018,0.044464,0.202491,0.017,0.016194,0.444566,0.000018,0.061917,0.033761,0.115409,0.064145
ACAATGATTCTTCTAC-1,0.000022,0.000022,0.000215,0.371881,0.050028,0.126197,0.270782,0.000022,0.006767,0.000022,0.07269,0.101354
ACAATTGTGTCTCTTT-1,0.000018,0.000018,0.000107,0.196826,0.02338,0.039185,0.271864,0.000018,0.000018,0.002187,0.045368,0.421012
ACAATTTAGGAGGCTC-1,0.000048,0.000048,0.000048,0.45148,0.003031,0.388232,0.000048,0.000048,0.047061,0.10986,0.000048,0.000048
ACAATTTGAGCAGTGG-1,0.000014,0.000014,0.000014,0.958342,0.002403,0.006321,0.000014,0.000014,0.000014,0.000014,0.000014,0.032825
ACAATTTGGCCATATT-1,0.000145,0.000145,0.348345,0.000289,0.000145,0.000145,0.351253,0.000145,0.000145,0.000145,0.005655,0.293445
ACACAAAGACGGGTGG-1,0.000015,0.000015,0.000015,0.141711,0.016245,0.081118,0.000015,0.000015,0.000189,0.34408,0.169314,0.24727
ACACAAATATTCCTAG-1,0.000011,0.000011,0.02619,0.262949,0.048818,0.422969,0.105889,0.001633,0.112162,0.005665,0.011081,0.002622
ACACACCAGGACCAGT-1,0.000008,0.000008,0.013677,0.313,0.039965,0.339544,0.153901,0.000008,0.000008,0.000871,0.00433,0.134681
ACACACTTTCTACACG-1,0.000039,0.000039,0.060246,0.000078,0.000039,0.000039,0.000039,0.108946,0.137703,0.033287,0.650581,0.008962
ACACATGATCAAATCT-1,0.000017,0.000017,0.00274,0.109537,0.077074,0.138123,0.193812,0.000017,0.011208,0.03173,0.10578,0.329945
ACACATTGACGCAACA-1,0.000026,0.000026,0.000026,0.220104,0.055713,0.084156,0.000026,0.000026,0.270629,0.184247,0.159905,0.025115
ACACATTTCCGTAGAC-1,0.000028,0.000028,0.012222,0.514644,0.030358,0.172698,0.003884,0.012995,0.024722,0.038481,0.188626,0.001312
ACACCACATAATTAGC-1,0.000015,0.000015,0.021498,0.381373,0.025866,0.15352,0.206443,0.000015,0.102103,0.00281,0.081107,0.025235
ACACCCAGCATGCAGC-1,0.000071,0.000071,0.086831,0.000142,0.000071,0.000071,0.155258,0.000071,0.191714,0.113876,0.399413,0.052412
ACACCCGAGAAATCCG-1,0.000013,0.000013,0.099045,0.00029,0.003852,0.000013,0.100768,0.363519,0.000013,0.006064,0.008677,0.417731
ACACCGAGCGCTCTTT-1,0.00004,0.00004,0.00004,0.00008,0.00004,0.00004,0.00004,0.00004,0.00004,0.053218,0.692022,0.254361
ACACCTTAAGTAGGGC-1,0.000017,0.000017,0.013431,0.165174,0.08355,0.401608,0.197403,0.000017,0.00597,0.019608,0.009346,0.103859
ACACCTTACTACTTGC-1,0.00002,0.00002,0.066782,0.220688,0.020157,0.103611,0.2987,0.004383,0.00002,0.000061,0.028135,0.257422
ACACGAGACTCCTTCT-1,0.000035,0.000035,0.000035,0.00007,0.000035,0.000035,0.000035,0.000035,0.000035,0.074335,0.517264,0.408049
ACACGGCACTATGCAT-1,0.000022,0.000022,0.000022,0.005443,0.000022,0.000022,0.000022,0.000022,0.401183,0.269846,0.263777,0.059595
ACACGGGAACTTAGGG-1,0.000033,0.000033,0.000033,0.000066,0.000033,0.000033,0.034113,0.000033,0.077424,0.319864,0.387255,0.181083
ACACGTAGGCCACAAG-1,0.000026,0.000026,0.021671,0.003058,0.000026,0.000026,0.636233,0.000026,0.000026,0.000026,0.046663,0.29219
ACACTCCAATGTCACT-1,0.00062,0.00062,0.00062,0.001241,0.00062,0.187653,0.00062,0.00062,0.00062,0.288996,0.517147,0.00062
ACACTGATCAAGGTGT-1,0.00003,0.00003,0.319268,0.005813,0.120969,0.04009,0.108912,0.00003,0.249745,0.113247,0.040891,0.000977
ACACTGGGACAGTCGT-1,0.000014,0.000014,0.691828,0.000028,0.000014,0.000014,0.285954,0.000014,0.009229,0.000014,0.012863,0.000014
ACAGAACTGAGAACAA-1,0.000012,0.000012,0.110524,0.524707,0.050132,0.032418,0.175287,0.000012,0.001063,0.006884,0.018046,0.080902
ACAGATTAGGTTAGTG-1,0.000455,0.000455,0.059983,0.00091,0.000455,0.000455,0.000455,0.000455,0.000455,0.451423,0.167268,0.31723
ACAGCATAGAGCCAGT-1,0.00002,0.00002,0.00002,0.021275,0.033062,0.009079,0.003207,0.00002,0.0147,0.550081,0.155906,0.212608
ACAGCGACATTCTCAT-1,0.000019,0.001327,0.013815,0.392258,0.004496,0.004008,0.259305,0.000019,0.153802,0.003083,0.045254,0.122614
ACAGCGCACCCGCAGC-1,0.000035,0.000035,0.000035,0.000071,0.000035,0.000035,0.000035,0.000035,0.31275,0.231872,0.451819,0.00324
ACAGGAGGCGCAGCCG-1,0.000152,0.000152,0.000152,0.000304,0.000152,0.000152,0.000152,0.000152,0.095455,0.86307,0.039955,0.000152
ACAGGCACGGATCCTT-1,0.000022,0.093781,0.048243,0.262644,0.043819,0.017041,0.342017,0.011019,0.001216,0.000022,0.088214,0.091963
ACAGGCTTGCCCGACT-1,0.000015,0.000015,0.028399,0.062812,0.147321,0.13414,0.311309,0.000015,0.031825,0.057477,0.022026,0.204646
ACAGGTGGAGGTGAGG-1,0.000025,0.000025,0.056051,0.074081,0.024997,0.000026,0.260198,0.000025,0.081727,0.13068,0.119775,0.252391
ACAGGTGTGTTGTTGC-1,0.000029,0.000029,0.000029,0.457992,0.013529,0.319974,0.000029,0.005758,0.000029,0.140795,0.001055,0.060753
ACAGTAATACAACTTG-1,0.000044,0.000044,0.175975,0.059192,0.025597,0.200956,0.223523,0.000044,0.000044,0.000044,0.314492,0.000044
ACAGTATACCGTGGGA-1,0.000022,0.000022,0.058785,0.057664,0.015383,0.04083,0.545396,0.000022,0.01734,0.002594,0.127323,0.13462
ACATAAGTCGTGGTGA-1,0.000372,0.000372,0.000372,0.131973,0.000372,0.000372,0.129054,0.000372,0.000372,0.000372,0.735628,0.000372
ACATAATAAGGCGGTG-1,0.000026,0.000026,0.005284,0.021731,0.000026,0.000026,0.017157,0.000026,0.448877,0.144885,0.303999,0.057939
ACATCAGCTGGGACGC-1,0.000057,0.000057,0.000057,0.044132,0.013854,0.240719,0.153297,0.012585,0.000057,0.150872,0.024916,0.359399
ACATCCCGGCCATACG-1,0.000018,0.000018,0.012233,0.000037,0.014367,0.001974,0.000018,0.000018,0.106354,0.339039,0.255511,0.270411
ACATCCTGGTAACTGT-1,0.000009,0.000009,0.0001,0.757684,0.022521,0.025101,0.069359,0.000009,0.000009,0.002756,0.012465,0.109978
ACATCGATCGTTTACC-1,0.000035,0.000035,0.000035,0.007216,0.098745,0.081332,0.032453,0.000035,0.317299,0.068946,0.263358,0.13051
ACATCGGTCAGCCGCG-1,0.000045,0.000045,0.070189,0.00009,0.078472,0.045891,0.060184,0.000045,0.004875,0.37761,0.030932,0.331622
ACATCGTATGCAATGG-1,0.000012,0.000012,0.003853,0.487078,0.045396,0.092083,0.113684,0.000012,0.000012,0.010781,0.013639,0.233442
ACATCGTTAACCTAGT-1,0.000061,0.000061,0.047023,0.000121,0.010794,0.000061,0.000061,0.000061,0.251288,0.089769,0.567408,0.033294
ACATCTCAACGCGTAA-1,0.000175,0.069614,0.000175,0.15317,0.000175,0.000175,0.000175,0.000175,0.189787,0.000175,0.426682,0.159521
ACATGGCGCCAAAGTA-1,0.000016,0.000016,0.004891,0.089921,0.038568,0.028137,0.40338,0.000016,0.000016,0.002001,0.040898,0.39214
ACATGGCTCAATTTAG-1,0.000043,0.000043,0.005278,0.000087,0.047835,0.051302,0.044815,0.000043,0.071062,0.054656,0.505303,0.219533
ACATTAGTTTATATCC-1,0.000032,0.000032,0.000032,0.347241,0.01471,0.272289,0.000627,0.000032,0.008284,0.020793,0.251527,0.084401
ACCAAACACCCAGCGA-1,0.000016,0.000016,0.022048,0.073885,0.031643,0.020597,0.619368,0.000016,0.007714,0.009935,0.062678,0.152085
ACCAACACCACACACT-1,0.000027,0.000027,0.016963,0.141298,0.014427,0.01085,0.343696,0.000027,0.008337,0.023025,0.201678,0.239645
ACCAACCGCACTCCAC-1,0.000007,0.000007,0.924147,0.002311,0.000007,0.000007,0.071415,0.000007,0.002074,0.000007,0.000007,0.000007
ACCAACGCTTATTTAT-1,0.000031,0.000031,0.472243,0.000061,0.005145,0.000359,0.136114,0.000031,0.09606,0.199059,0.085988,0.004879
ACCAAGAACGCGTGTC-1,0.000017,0.000017,0.016223,0.055789,0.207192,0.101896,0.00958,0.002253,0.000772,0.193461,0.0346,0.3782
ACCAATATGCAAGTTA-1,0.000028,0.000028,0.000458,0.000056,0.004757,0.000028,0.559143,0.000028,0.000028,0.014005,0.071435,0.350005
ACCACAACTCAGAACA-1,0.000027,0.000027,0.000027,0.000054,0.000027,0.000027,0.000027,0.000027,0.401168,0.217122,0.372203,0.009265
ACCACAAGTTTCTATC-1,0.000015,0.000015,0.0452,0.093494,0.050973,0.038749,0.042955,0.014294,0.017978,0.541925,0.012905,0.141497
