Barcode,Topic 1,Topic 2,Topic 3,Topic 4to5,Topic 6,Topic 7to9
AAACAAGTATCTCCCA-1,0.001643,0.000023,0.000023,0.559182,0.156599,0.282529
AAACACCAATAACTGC-1,0.004236,0.000225,0.074277,0.748123,0.172461,0.000677
AAACAGAGCGACTCCT-1,0.000309,0.000309,0.020405,0.977742,0.000309,0.000927
AAACAGCTTTCAGAAG-1,0.05461,0.000167,0.000167,0.882441,0.032589,0.030025
AAACAGGGTCTATATT-1,0.00016,0.00016,0.00016,0.580116,0.224679,0.194724
AAACATGGTGAGAGGA-1,0.000334,0.000334,0.000334,0.568953,0.429044,0.001002
AAACCACTACACAGAT-1,0.000699,0.000699,0.034815,0.381538,0.000699,0.581549
AAACCCGAACGAAATC-1,0.000015,0.000015,0.000015,0.367715,0.112762,0.519479
AAACCGGGTAGGTACC-1,0.000198,0.000198,0.000198,0.998613,0.000198,0.000595
AAACCGTTCGTCCAGG-1,0.001943,0.000082,0.000082,0.53437,0.017559,0.445963
AAACCTCATGAAGTTG-1,0.006349,0.00023,0.00023,0.421332,0.00023,0.57163
AAACGAAGAACATACC-1,0.003735,0.000281,0.153788,0.507303,0.024442,0.310451
AAACGAAGATGGAGTA-1,0.084345,0.000214,0.153632,0.687479,0.000214,0.074116
AAACGACAGTCTTGCC-1,0.001659,0.001659,0.001659,0.003319,0.00166,0.990044
AAACGAGACGGTTGAT-1,0.010031,0.000048,0.000048,0.456674,0.000048,0.533152
AAACGCCCGAGATCGG-1,0.000374,0.000374,0.000374,0.546509,0.000374,0.451994
AAACGTGTTCGCCCTA-1,0.000992,0.000992,0.000993,0.993051,0.000993,0.002979
AAACTAACGTGGCGAC-1,0.000169,0.000169,0.015011,0.597665,0.000169,0.386818
AAACTCGTGATATAAG-1,0.000112,0.000112,0.076469,0.795094,0.104709,0.023504
AAACTGCTGGCTCCAA-1,0.000237,0.000237,0.000237,0.536419,0.036798,0.426072
AAACTTAATTGCACGC-1,0.000148,0.000148,0.525861,0.44047,0.000148,0.033225
AAACTTGCAAACGTAT-1,0.000145,0.000145,0.000145,0.998985,0.000145,0.000435
AAAGAATGACCTTAGA-1,0.000254,0.000254,0.000254,0.942927,0.000254,0.056057
AAAGACATGAAGTTTA-1,0.000315,0.000315,0.000315,0.796763,0.201347,0.000945
AAAGACCCAAGTCGCG-1,0.006923,0.000101,0.000101,0.704491,0.000101,0.288282
AAAGACTGGGCGCTTT-1,0.000121,0.000121,0.000121,0.189534,0.142652,0.667451
AAAGCTTGCCTACATA-1,0.000381,0.000381,0.085728,0.710366,0.119636,0.083509
AAAGGCCCTATAATAC-1,0.003528,0.000158,0.265322,0.572424,0.000158,0.15841
AAAGGCTACGGACCAT-1,0.000434,0.000434,0.000434,0.571442,0.184972,0.242283
AAAGGCTCTCGCGCCG-1,0.000063,0.000063,0.01342,0.429183,0.003528,0.553742
AAAGGGATGTAGCAAG-1,0.00006,0.00006,0.00006,0.855179,0.00006,0.144581
AAAGGGCAGCTTGAAT-1,0.00775,0.000133,0.046556,0.943728,0.000133,0.001701
AAAGGTAAGCTGTACC-1,0.000201,0.000201,0.026147,0.615688,0.000201,0.357564
AAAGGTCAACGACATG-1,0.004631,0.00463,0.004633,0.758214,0.004632,0.223259
AAAGTAGCATTGCTCA-1,0.000152,0.000152,0.073508,0.913944,0.000152,0.012092
AAAGTCACTGATGTAA-1,0.000228,0.000228,0.000228,0.946011,0.000228,0.053077
AAAGTCGACCCTCAGT-1,0.000262,0.000262,0.000262,0.682246,0.025138,0.291829
AAAGTGTGATTTATCT-1,0.000117,0.000117,0.000117,0.84874,0.112484,0.038424
AAAGTTGACTCCCGTA-1,0.000043,0.000043,0.000043,0.016803,0.125553,0.857516
AAATAACCATACGGGA-1,0.006631,0.000278,0.148241,0.787187,0.000278,0.057385
AAATAAGGTAGTGCCC-1,0.071098,0.000102,0.01441,0.789365,0.119101,0.005924
AAATACCTATAAGCAT-1,0.005169,0.000322,0.000322,0.546812,0.000322,0.447052
AAATAGCTTAGACTTT-1,0.000084,0.000084,0.007453,0.98034,0.000084,0.011954
AAATCACTCCTAAACG-1,0.002058,0.002058,0.078559,0.909088,0.002059,0.006177
AAATCGCGGAAGGAGT-1,0.000214,0.000214,0.190922,0.741715,0.000214,0.066721
AAATCGTGTACCACAA-1,0.00037,0.000371,0.018816,0.203845,0.000371,0.776228
AAATCTGCCCGCGTCC-1,0.000294,0.000294,0.000294,0.460244,0.000294,0.538579
AAATGATTCGATCAGC-1,0.013307,0.000106,0.186137,0.680421,0.119711,0.000317
AAATGGCATGTCTTGT-1,0.015854,0.000159,0.255733,0.686592,0.000159,0.041503
AAATGGCCCGTGCCCT-1,0.000761,0.000761,0.000762,0.660817,0.000762,0.336136
AAATGTATCTTATCCC-1,0.000368,0.000368,0.028892,0.597044,0.324806,0.048523
AAATTAACGGGTAGCT-1,0.000943,0.000043,0.036886,0.857294,0.012015,0.092819
AAATTAATAAGCGCGA-1,0.000138,0.000138,0.000138,0.710887,0.000138,0.288562
AAATTACACGACTCTG-1,0.000322,0.000322,0.087251,0.910816,0.000322,0.000967
AAATTACCTATCGATG-1,0.000246,0.000247,0.000247,0.998274,0.000247,0.00074
AAATTCCAGGTCCAAA-1,0.007894,0.000049,0.040599,0.852596,0.000049,0.098813
AAATTGATAGTCCTTT-1,0.000121,0.000122,0.000122,0.457261,0.054396,0.487979
AAATTGGTGAGAAGCA-1,0.000545,0.000545,0.141342,0.855388,0.000545,0.001635
AAATTTACCGAAATCC-1,0.000145,0.000145,0.000145,0.570728,0.000145,0.428693
AAATTTGCGGGTGTGG-1,0.000175,0.000175,0.038309,0.742314,0.000175,0.21885
AACAACTGGTAGTTGC-1,0.000286,0.000286,0.000286,0.559583,0.000286,0.439274
AACAATACATTGTCGA-1,0.000632,0.000632,0.000632,0.813909,0.000632,0.183565
AACAATTACTCTACGC-1,0.000169,0.000169,0.000169,0.900132,0.000169,0.099191
AACACACGCTCGCCGC-1,0.007178,0.00018,0.00018,0.529088,0.00018,0.463193
AACACGACTGTACTGA-1,0.000086,0.000086,0.016345,0.039451,0.005048,0.938985
AACACGAGACGCGGCC-1,0.003172,0.00009,0.052991,0.857443,0.002004,0.084301
AACAGCTGTGTGGCAA-1,0.000259,0.000259,0.048939,0.94951,0.000259,0.000776
AACAGGAAATCGAATA-1,0.000239,0.000239,0.022229,0.000478,0.000239,0.976575
AACAGGATGGGCCGCG-1,0.000138,0.000138,0.051965,0.947206,0.000138,0.000414
AACAGGTAGTATGGAT-1,0.000026,0.000026,0.003738,0.685896,0.077672,0.232642
AACATATCAACTGGTG-1,0.000065,0.000065,0.032318,0.129691,0.033354,0.804506
AACATCGATACGTCTA-1,0.000169,0.000169,0.048875,0.674504,0.275778,0.000506
AACATTGAAGTTGATC-1,0.000377,0.000377,0.098794,0.796713,0.000377,0.103363
AACATTGTGACTCGAG-1,0.000145,0.000145,0.045581,0.385915,0.000145,0.568068
AACCAAGACTTCTCTG-1,0.000274,0.000275,0.000275,0.845929,0.152424,0.000824
AACCAGTATCACTCTT-1,0.004587,0.000186,0.000186,0.559295,0.000186,0.43556
AACCATAGGGTTGAAC-1,0.0001,0.0001,0.010717,0.486885,0.021724,0.480473
AACCCATCCCATGATC-1,0.000157,0.000157,0.403861,0.595198,0.000157,0.000471
AACCCGACAACCCGTG-1,0.000731,0.000731,0.213028,0.587569,0.000732,0.197209
AACCCGATAGGGCTTC-1,0.000365,0.000365,0.000365,0.23881,0.000365,0.759731
AACCCTACTGTCAATA-1,0.000027,0.000026,0.000026,0.000053,0.134909,0.864959
AACCCTGGTGGAACCA-1,0.001123,0.342087,0.02099,0.631308,0.001123,0.00337
AACCGAGCTTGGTCAT-1,0.000119,0.000119,0.034608,0.776294,0.002632,0.186229
AACCGCTAAGGGATGC-1,0.000045,0.000044,0.001414,0.998319,0.000044,0.000133
AACCGTTGTGTTTGCT-1,0.013813,0.000415,0.000415,0.538075,0.000415,0.446867
AACCTGTCACGGAATT-1,0.000051,0.000051,0.220641,0.746896,0.000051,0.032309
AACCTTTACGACGTCT-1,0.042679,0.000294,0.337929,0.617921,0.000294,0.000882
AACGAAAGTCGTCCCA-1,0.000178,0.000178,0.148439,0.83218,0.018489,0.000535
AACGATAGAAGGGCCG-1,0.000058,0.000058,0.000058,0.440836,0.000058,0.558933
AACGATATGTCAACTG-1,0.002624,0.00011,0.00011,0.846749,0.00011,0.150299
AACGCATGATCTGGGT-1,0.000159,0.000159,0.299289,0.671693,0.000159,0.028542
AACGCGGTCTCCAGCC-1,0.000156,0.000156,0.000156,0.998908,0.000156,0.000468
AACGGACGTACGTATA-1,0.000031,0.000031,0.003497,0.984339,0.000031,0.012071
AACGGCCATCTCCGGT-1,0.000094,0.000094,0.033344,0.689015,0.012369,0.265085
AACGTACTGTGGGTAC-1,0.000154,0.000154,0.000154,0.457942,0.000154,0.54144
AACGTGATGAAGGACA-1,0.002925,0.002925,0.002926,0.522333,0.002926,0.465965
AACGTGCGAAAGTCTC-1,0.006588,0.000065,0.028663,0.77437,0.000065,0.190249
AACGTTATCAGCACCT-1,0.002545,0.000123,0.000123,0.698049,0.112499,0.18666
AACTACCCGTTTGTCA-1,0.000053,0.000053,0.015996,0.44911,0.130388,0.404401
AACTAGGCTTGGGTGT-1,0.000049,0.000049,0.01205,0.387861,0.000049,0.599943
AACTCAAGTTAATTGC-1,0.000107,0.000107,0.000107,0.99925,0.000107,0.000321
AACTCCTAATCCCATG-1,0.005985,0.000199,0.03504,0.47177,0.377957,0.109049
AACTCTCAATAGAGCG-1,0.000104,0.000104,0.000104,0.822833,0.000104,0.176753
AACTCTCAGTGTGCTC-1,0.000034,0.000034,0.012643,0.255171,0.000034,0.732084
AACTGAGGTCAGCGTC-1,0.000327,0.000327,0.000327,0.753667,0.000327,0.245025
AACTGATATTAGGCCT-1,0.003974,0.000337,0.000337,0.597425,0.000337,0.39759
AACTGGGTCCCGACGT-1,0.000159,0.000159,0.023055,0.945027,0.000159,0.031442
AACTGGGTTCGAGCCG-1,0.000325,0.000325,0.000325,0.043367,0.000325,0.955333
AACTTCTGCGTCTATC-1,0.000125,0.000125,0.000125,0.626327,0.058259,0.315039
AACTTGCCCGTATGCA-1,0.006347,0.000219,0.000219,0.992339,0.000219,0.000657
AACTTTACGGGAGCTT-1,0.000222,0.000222,0.045359,0.910592,0.000222,0.043383
AACTTTCTCGATCATG-1,0.064704,0.000741,0.080609,0.733459,0.000741,0.119746
AAGAAAGTTTGATGGG-1,0.000958,0.000958,0.000958,0.528285,0.000958,0.467881
AAGAAATCACCAGATT-1,0.000532,0.000532,0.143118,0.85369,0.000532,0.001596
AAGACCAAATAACTCA-1,0.000162,0.000162,0.114585,0.792195,0.092411,0.000486
AAGACCCAACTGAACA-1,0.000194,0.000194,0.29245,0.692433,0.000194,0.014534
AAGACTCACGCCCACT-1,0.000394,0.000394,0.026225,0.202259,0.197474,0.573254
AAGACTGCAAGCTACT-1,0.01126,0.000042,0.338528,0.255715,0.02986,0.364595
AAGAGATGAATCGGTA-1,0.052527,0.000142,0.000142,0.946623,0.000142,0.000425
AAGAGCTCTTTATCGG-1,0.000031,0.000031,0.016094,0.157011,0.014305,0.812528
AAGAGGATGTACGCGA-1,0.002315,0.000089,0.100605,0.346637,0.059193,0.491162
AAGAGGCATGGATCGC-1,0.007072,0.000167,0.000167,0.99187,0.000167,0.000558
AAGATGGCACCGGACC-1,0.000224,0.000224,0.033557,0.96301,0.000224,0.002762
AAGATTGGCGGAACGT-1,0.00013,0.00013,0.00013,0.767717,0.00013,0.231765
AAGCCGAAGCGGTTTA-1,0.001967,0.000092,0.000092,0.45805,0.085249,0.454551
AAGCCGCCGTGAAATC-1,0.000114,0.000114,0.36779,0.631523,0.000115,0.000344
AAGCCGCTTTACCTTG-1,0.000171,0.000171,0.913776,0.066089,0.000171,0.019623
AAGCGGAGTGCGCGCA-1,0.000436,0.000436,0.000436,0.000872,0.117374,0.880446
AAGCGGCGTCATGGGT-1,0.016993,0.000443,0.13249,0.459401,0.000443,0.39023
AAGCGTCCCTCATCGA-1,0.009224,0.000102,0.008995,0.668273,0.188439,0.124967
AAGCTATGGATTGACC-1,0.004274,0.004274,0.004279,0.970069,0.004276,0.012828
AAGCTCGTGCCAAGTC-1,0.001259,0.000072,0.023532,0.744034,0.090868,0.140235
AAGGATCGATCGCTTG-1,0.002571,0.000046,0.000046,0.495222,0.243591,0.258524
AAGGATGAGGGACCTC-1,0.00338,0.000063,0.000063,0.61505,0.000063,0.381381
AAGGCAGGCTGTCTCC-1,0.000097,0.000097,0.000097,0.907007,0.000097,0.092605
AAGGCGCGTAAAGCTT-1,0.000364,0.000365,0.000365,0.673542,0.000365,0.325
AAGGCTGTGCTCATCG-1,0.008003,0.000291,0.000291,0.521843,0.000291,0.46928
AAGGGAACGACTGGCT-1,0.000167,0.000167,0.192735,0.615019,0.183749,0.008163
AAGGGACAGATTCTGT-1,0.000179,0.000179,0.000179,0.341086,0.18445,0.473926
AAGGGACTATGCATTC-1,0.000167,0.000167,0.692111,0.227702,0.000167,0.079685
AAGGGTTTGATTTCAG-1,0.00015,0.00015,0.371804,0.420198,0.066868,0.140829
AAGGTATCCTAATATA-1,0.000088,0.000088,0.052236,0.536912,0.000088,0.410589
AAGGTGATAAACCAGC-1,0.000152,0.000153,0.000153,0.765321,0.038713,0.195508
AAGTAGAAGACCGGGT-1,0.009682,0.000371,0.000371,0.55543,0.000371,0.433777
AAGTAGTGACGCGAGG-1,0.000321,0.000321,0.000321,0.950444,0.047628,0.000964
AAGTCAATTGTCGTCA-1,0.051633,0.141034,0.000046,0.054307,0.284703,0.468278
AAGTCTAGTAGCTGCC-1,0.04275,0.000277,0.509401,0.271187,0.000277,0.17611
AAGTCTTCTGTGGCCT-1,0.000325,0.000325,0.000325,0.831443,0.000325,0.167257
AAGTGACGACCGAATT-1,0.000616,0.000079,0.000079,0.118394,0.000079,0.880753
AAGTGAGTCGGGTTTA-1,0.000089,0.000089,0.050886,0.59359,0.000089,0.355256
AAGTGCAAAGGTAGAC-1,0.006202,0.000231,0.000231,0.977114,0.000231,0.015992
AAGTGCCTTGACTGTA-1,0.000142,0.000142,0.000142,0.586009,0.184319,0.229247
AAGTGCGTTAGAATCT-1,0.003455,0.000136,0.246217,0.357567,0.000136,0.392488
AAGTGCTTCTCTATTG-1,0.000862,0.000862,0.000862,0.65808,0.000862,0.338473
AAGTTCAGTCTGCGTA-1,0.000178,0.000178,0.097768,0.674109,0.105662,0.122104
AAGTTCGGCCAACAGG-1,0.005601,0.000134,0.000134,0.751257,0.000134,0.242739
AAGTTTACTAATGGCA-1,0.000463,0.000463,0.000463,0.464542,0.000463,0.533605
AATAACAACGCTCGGC-1,0.000404,0.000404,0.067361,0.374305,0.307183,0.250343
AATAACACTAGAACAA-1,0.00002,0.00002,0.00002,0.031681,0.033351,0.934907
AATAAGTCCTCGAGAC-1,0.00247,0.00247,0.002472,0.656989,0.107809,0.22779
AATACAATGTTTCAGG-1,0.001011,0.001011,0.001011,0.163608,0.001011,0.832349
AATACCGGAGGGCTGT-1,0.000274,0.000274,0.205205,0.793148,0.000275,0.000824
AATAGAACAGAGTGGC-1,0.002613,0.000116,0.000116,0.882643,0.000116,0.114396
AATAGAATCTGTTTCA-1,0.001635,0.000035,0.000035,0.570746,0.130501,0.297048
AATAGCAAGCCTCCTG-1,0.000161,0.000161,0.000161,0.62675,0.000161,0.372606
AATAGCTACCGCGTGC-1,0.000165,0.000165,0.02569,0.958422,0.015062,0.000496
AATAGTCCGTCCCGAC-1,0.000051,0.000051,0.000051,0.289297,0.01297,0.697579
AATAGTCGCGAGTCGG-1,0.000713,0.000713,0.000713,0.745516,0.000713,0.251633
AATATCCTAGCAAACT-1,0.000234,0.000234,0.000234,0.862474,0.136125,0.000701
AATATCGAATCAATGC-1,0.000037,0.000037,0.008987,0.853403,0.043469,0.094066
AATATCGAGGGTTCTC-1,0.000209,0.000209,0.000209,0.99854,0.000209,0.000626
AATATTGGAGTATTGA-1,0.098017,0.000166,0.000166,0.807445,0.000166,0.094038
AATCAGGTTTCATTTA-1,0.000361,0.000361,0.000361,0.506517,0.000361,0.492039
AATCCAAGGGCCTGAG-1,0.000069,0.000069,0.025692,0.465738,0.070748,0.437684
AATCGCCTCAGCGCCA-1,0.000196,0.000196,0.102887,0.753193,0.000196,0.143333
AATCGCGCAGAGGACT-1,0.002189,0.000106,0.000106,0.79023,0.000106,0.207263
AATCGGGACACTACGA-1,0.000159,0.000159,0.000159,0.466871,0.000159,0.532493
AATCTAGGTTTACTTG-1,0.001916,0.001916,0.001917,0.986582,0.001917,0.005751
AATCTATGCCGGAGCC-1,0.000155,0.000155,0.000155,0.998913,0.000155,0.000466
AATCTCTACTGTGGTT-1,0.018796,0.000428,0.000428,0.864591,0.000428,0.11533
AATCTGCGTTGGGACG-1,0.003584,0.000147,0.000147,0.995534,0.000147,0.000441
AATCTGGCTTTCTAGT-1,0.021347,0.000746,0.000746,0.974176,0.000746,0.002239
AATCTGGGTAGACCCT-1,0.000344,0.000344,0.000344,0.707226,0.000344,0.291397
AATGACAGCAATGTCT-1,0.00017,0.00017,0.00017,0.593642,0.00017,0.405677
AATGACGTAGGATGTC-1,0.004246,0.000155,0.000155,0.788841,0.05186,0.154742
AATGATGATACGCTAT-1,0.00031,0.00031,0.068821,0.929321,0.00031,0.000929
AATGATGCGACTCCTG-1,0.000286,0.000287,0.042026,0.724146,0.000287,0.232969
AATGCAACCGGGTACC-1,0.000095,0.000095,0.169833,0.730735,0.000095,0.099146
AATGCACCAAGCAATG-1,0.081853,0.000849,0.000849,0.913055,0.000849,0.002547
AATGGCCGCCAATGCG-1,0.003175,0.003177,0.003179,0.977761,0.003177,0.009531
AATGGTCCACCGTTCA-1,0.000263,0.000263,0.000263,0.99816,0.000263,0.000789
AATGTATGGCACTGTA-1,0.000438,0.000438,0.089451,0.83803,0.000438,0.071206
AATGTGCCCGAGGTGT-1,0.00021,0.00021,0.00021,0.773419,0.00021,0.225741
AATGTGCTAATCTGAG-1,0.00036,0.00036,0.00036,0.765273,0.166285,0.067362
AATTAAAGGTCGGCGT-1,0.000034,0.000034,0.04025,0.797202,0.004315,0.158165
AATTACGAGACCCATC-1,0.005008,0.000338,0.258244,0.735058,0.000338,0.001014
AATTCATAAGGGATCT-1,0.000211,0.000211,0.000211,0.998523,0.000211,0.000633
AATTCATTGTCATGCA-1,0.000387,0.000387,0.000387,0.997288,0.000387,0.001162
AATTCTAGAGTTAGGC-1,0.0002,0.0002,0.0002,0.591075,0.199077,0.209248
AATTGAACGCTCTGGT-1,0.000065,0.000065,0.000065,0.23675,0.000065,0.762991
AATTGCGTGGATTACA-1,0.000139,0.000139,0.000139,0.610387,0.035847,0.353348
AATTTGGGACATAGTA-1,0.000545,0.000545,0.000545,0.996185,0.000545,0.001635
AATTTGGTTCCAAAGA-1,0.00583,0.000471,0.031281,0.72226,0.000471,0.239688
ACAAACCATGCGTCCT-1,0.000113,0.000113,0.45011,0.486984,0.029805,0.032873
ACAAAGAAGGTAGGCC-1,0.000224,0.000224,0.048508,0.861156,0.000224,0.089663
ACAAATCGCACCGAAT-1,0.000011,0.000011,0.011561,0.217869,0.062286,0.708263
ACAAATGGTAGTGTTT-1,0.000138,0.000138,0.000138,0.876797,0.000138,0.122649
ACAAATTCAGATCTGA-1,0.000168,0.000168,0.000168,0.422518,0.000168,0.576808
ACAACAGCATGAGCTA-1,0.000084,0.000084,0.000084,0.939838,0.000084,0.059825
ACAACGGTCCCTGCGA-1,0.006734,0.000071,0.000071,0.992841,0.000071,0.000212
ACAAGCAGTGCCTAGC-1,0.00024,0.00024,0.00024,0.822698,0.00024,0.176344
ACAAGCTATATGGAAG-1,0.040309,0.000241,0.000241,0.958247,0.000241,0.000722
ACAAGGAAATCCGCCC-1,0.000021,0.000021,0.000021,0.867593,0.002724,0.129619
ACAAGGACAAGAGGTT-1,0.00006,0.00006,0.013142,0.882618,0.00006,0.104059
ACAAGGCCTACCAGCC-1,0.000553,0.000553,0.000553,0.518936,0.000553,0.478852
ACAAGGGCAGGCTCTG-1,0.002856,0.00012,0.00012,0.996424,0.00012,0.00036
ACAATAGTCGTACGTT-1,0.000165,0.000165,0.116169,0.814477,0.000227,0.068798
ACAATCCATTTAAACC-1,0.001208,0.001208,0.001209,0.592574,0.192708,0.211093
ACAATGAATACGGAGA-1,0.000154,0.000154,0.009094,0.797594,0.000154,0.19285
ACAATGATTCTTCTAC-1,0.000116,0.000116,0.000116,0.12976,0.3069,0.562993
ACAATTGTGTCTCTTT-1,0.000108,0.000108,0.000108,0.737388,0.000108,0.26218
ACAATTTAGGAGGCTC-1,0.000228,0.000228,0.000228,0.779568,0.060628,0.15912
ACAATTTGAGCAGTGG-1,0.000122,0.000122,0.000122,0.999144,0.000122,0.000367
ACAATTTGGCCATATT-1,0.00011,0.00011,0.00011,0.579868,0.201022,0.218779
ACACAAAGACGGGTGG-1,0.000118,0.000118,0.073526,0.714889,0.004198,0.20715
ACACAAATATTCCTAG-1,0.000741,0.000741,0.099455,0.896097,0.000741,0.002224
ACACACCAGGACCAGT-1,0.000116,0.000116,0.027892,0.582358,0.264241,0.125277
ACACACTTTCTACACG-1,0.0003,0.0003,0.000301,0.352962,0.410063,0.236073
ACACATGATCAAATCT-1,0.000305,0.000306,0.088866,0.909301,0.000305,0.000916
ACACCACATAATTAGC-1,0.002991,0.000088,0.000088,0.72408,0.004162,0.26859
ACACCCAGCATGCAGC-1,0.002994,0.000329,0.034086,0.892534,0.000329,0.069729
ACACCCGTAAATCTGT-1,0.000238,0.000238,0.000238,0.998334,0.000238,0.000714
ACACCGGTCTGACCGC-1,0.000257,0.000257,0.148883,0.721407,0.128424,0.000772
ACACCTTACTACTTGC-1,0.003893,0.000127,0.000127,0.776552,0.000127,0.219174
ACACGAGACTCCTTCT-1,0.000039,0.000039,0.000039,0.30989,0.000039,0.689954
ACACGGCACTATGCAT-1,0.007939,0.007944,0.007941,0.705402,0.246945,0.023828
ACACGGGAACTTAGGG-1,0.00012,0.00012,0.064811,0.934467,0.00012,0.000361
ACACTGATCAAGGTGT-1,0.000031,0.000031,0.000031,0.007481,0.014087,0.978337
ACAGAACTGAGAACAA-1,0.004901,0.000104,0.009899,0.596846,0.000104,0.388147
ACAGATTAGGTTAGTG-1,0.000479,0.000479,0.000479,0.451422,0.000479,0.546661
ACAGCATAGAGCCAGT-1,0.001764,0.000073,0.01792,0.255555,0.000073,0.724616
ACAGCGCACCCGCAGC-1,0.030194,0.000639,0.000639,0.783323,0.000639,0.184566
ACAGGTGGAGGTGAGG-1,0.000157,0.000157,0.000157,0.894296,0.000157,0.105077
ACAGGTGTGTTGTTGC-1,0.000288,0.000288,0.000288,0.857607,0.000288,0.141241
ACAGTAATACAACTTG-1,0.000479,0.000479,0.039584,0.214332,0.126168,0.618958
ACAGTATACCGTGGGA-1,0.000273,0.000273,0.000273,0.998087,0.000273,0.00082
ACAGTGCAGCGCATTT-1,0.002021,0.002021,0.23155,0.601765,0.002022,0.160621
ACATAAGTCGTGGTGA-1,0.000257,0.000257,0.000257,0.846909,0.023416,0.128904
ACATAATAAGGCGGTG-1,0.000091,0.000091,0.000091,0.007151,0.078298,0.914278
ACATCAGCTGGGACGC-1,0.002912,0.000355,0.000355,0.994956,0.000355,0.001066
ACATCCCGGCCATACG-1,0.002595,0.000094,0.000094,0.400226,0.06403,0.53296
ACATCCTGGTAACTGT-1,0.004817,0.000197,0.000197,0.993998,0.000197,0.000593
ACATCGATCGTTTACC-1,0.000389,0.000389,0.000389,0.5632,0.000389,0.435245
ACATCGGTCAGCCGCG-1,0.000155,0.000155,0.029933,0.685164,0.000155,0.284438
ACATCGTATGCAATGG-1,0.000192,0.000192,0.000192,0.996123,0.000192,0.003111
ACATCGTTAACCTAGT-1,0.003585,0.003586,0.112181,0.866301,0.003587,0.01076
ACATCTCAACGCGTAA-1,0.000366,0.000366,0.110236,0.216461,0.000366,0.672206
ACATGCTTACGGCAGC-1,0.000241,0.000241,0.027375,0.535702,0.000241,0.436199
ACATGGCGCCAAAGTA-1,0.002527,0.000136,0.000136,0.996656,0.000136,0.000409
ACATTAGTTTATATCC-1,0.000298,0.000298,0.000298,0.477591,0.000298,0.521217
ACCAAACACCCAGCGA-1,0.003579,0.000087,0.661582,0.283537,0.000087,0.051128
ACCAACACCACACACT-1,0.00012,0.00012,0.176298,0.822981,0.00012,0.000361
ACCAACGCTTATTTAT-1,0.004489,0.000041,0.000041,0.063719,0.002621,0.929089
ACCAAGAACGCGTGTC-1,0.00003,0.00003,0.00003,0.285585,0.00003,0.714294
ACCACAACTCAGAACA-1,0.004833,0.004832,0.004835,0.966165,0.004834,0.014501
ACCACAAGTTTCTATC-1,0.000189,0.000189,0.000189,0.362573,0.000189,0.636672
ACCACCAATGTAACAA-1,0.018202,0.000077,0.000077,0.866685,0.11473,0.00023
ACCACCCTCTCTTCTA-1,0.000258,0.000258,0.141727,0.768622,0.000258,0.088877
ACCACGTGCAGCTATA-1,0.000018,0.000018,0.002889,0.521133,0.04386,0.43208
ACCAGACCATAACAAC-1,0.000409,0.000409,0.000409,0.683691,0.138219,0.176865
ACCAGCCCGGTCTTTG-1,0.000882,0.000882,0.000882,0.993823,0.000882,0.002647
ACCAGTGCCCGGTCAA-1,0.000193,0.000193,0.000193,0.796273,0.000193,0.202955
ACCAGTGCGGGAGACG-1,0.001315,0.000081,0.014275,0.26454,0.15197,0.567819
ACCATCCGCCAACTAG-1,0.000239,0.000239,0.000239,0.99833,0.000239,0.000716
ACCATCGTATATGGTA-1,0.000213,0.000213,0.000213,0.831573,0.000213,0.167577
ACCCAACGCCCGTGGC-1,0.000132,0.000132,0.000132,0.9733,0.0106,0.015704
ACCCACCTACATGCTC-1,0.000183,0.000183,0.000183,0.817752,0.181147,0.00055
ACCCATCTTGAGGGTA-1,0.000126,0.000126,0.021021,0.569705,0.000126,0.408896
ACCCGAGCGAAATTAC-1,0.000205,0.000205,0.447901,0.477331,0.001063,0.073295
ACCCGATTGGTTCCGA-1,0.000519,0.000519,0.00052,0.515699,0.00052,0.482223
ACCCGGAAACTCCCAG-1,0.006026,0.000481,0.028023,0.280647,0.000481,0.684341
ACCCGGATGACGCATC-1,0.013139,0.000138,0.224476,0.639733,0.000138,0.122375
ACCCGGTTACACTTCC-1,0.000063,0.000063,0.007383,0.30765,0.021721,0.66312
ACCCGTAGCAGAGAAT-1,0.000111,0.000111,0.000111,0.414571,0.000111,0.584985
ACCCGTGTCATCAGTA-1,0.010132,0.000059,0.035508,0.50214,0.000059,0.452102
ACCCTATGCCATATCG-1,0.000128,0.000128,0.000128,0.22649,0.128588,0.644539
ACCCTCCCTTGCTATT-1,0.00015,0.00015,0.00015,0.594874,0.003087,0.40159
ACCCTGGTAACGCCCT-1,0.000179,0.000179,0.323809,0.675118,0.000179,0.000536
ACCCTTCATCTGCGAA-1,0.000621,0.000621,0.000621,0.6577,0.000621,0.339816
ACCCTTGCCTGGGTCG-1,0.000162,0.000162,0.000162,0.000324,0.083798,0.915393
ACCCTTTAGTTCTCCA-1,0.00041,0.00041,0.00041,0.799072,0.00041,0.199287
ACCGAAAGGGCCCTGC-1,0.002643,0.000114,0.000114,0.996671,0.000114,0.000343
ACCGAAGAGTCTGGTT-1,0.010592,0.000169,0.288801,0.612373,0.000169,0.087896
ACCGACTGAGTCCCAC-1,0.000225,0.000225,0.000225,0.921103,0.000225,0.077999
ACCGATGGTAGCATCG-1,0.000112,0.000112,0.000112,0.999216,0.000112,0.000336
ACCGCAATAACTGCCT-1,0.008453,0.000325,0.000325,0.416359,0.041353,0.533186
ACCGCGGTGGAAGTCG-1,0.00131,0.00004,0.00004,0.06459,0.28123,0.652789
ACCGGGCCTTTGTTGA-1,0.004717,0.000045,0.017923,0.593568,0.010014,0.373732
ACCGGTCAGGTACACC-1,0.000307,0.000306,0.165644,0.832518,0.000306,0.000919
ACCGGTCTGAGTACGG-1,0.008613,0.000325,0.044604,0.268075,0.000325,0.678058
ACCGTCCACTGGGCCC-1,0.000113,0.000113,0.743722,0.246961,0.000113,0.008979
ACCGTGACCACGTGGG-1,0.000354,0.000354,0.119147,0.878728,0.000354,0.001062
ACCGTTCCCGCTCTGA-1,0.001443,0.001443,0.001444,0.904102,0.001444,0.090123
ACCTAAGTACCTTTCA-1,0.000168,0.000167,0.000167,0.840213,0.000167,0.159117
ACCTAATCGACTTCCT-1,0.000219,0.000219,0.000219,0.814427,0.000219,0.184696
ACCTACAGTATGTGGT-1,0.000112,0.000112,0.380758,0.517247,0.000112,0.101659
ACCTCCGTTATTCACC-1,0.001358,0.000076,0.000076,0.545682,0.000076,0.452731
ACCTCGAACTTATGCT-1,0.000394,0.000394,0.081364,0.786466,0.000394,0.130987
ACCTGCGTGTCATGTT-1,0.000214,0.000214,0.000214,0.95139,0.000214,0.047754
ACGAAATGGGCGGCAC-1,0.00051,0.00051,0.191434,0.805506,0.00051,0.00153
ACGACTGGTCATACTC-1,0.000316,0.000316,0.000316,0.908036,0.000316,0.090701
ACGAGATATTTGCTTA-1,0.003473,0.003474,0.414259,0.234989,0.003475,0.34033
ACGAGGATACCACTCT-1,0.000423,0.000423,0.119856,0.5526,0.05326,0.273439
ACGAGGTTTACAACGT-1,0.004753,0.000107,0.618382,0.376331,0.000107,0.00032
ACGAGTACGGATGCCC-1,0.000161,0.000161,0.288614,0.710422,0.000161,0.000482
ACGATACATAGAACTA-1,0.000092,0.000092,0.000092,0.274225,0.053034,0.672467
ACGATACCTATCCTGA-1,0.00014,0.00014,0.097343,0.285793,0.184707,0.431876
ACGATCATACATAGAG-1,0.00006,0.00006,0.021871,0.025288,0.089208,0.863514
ACGATCATCTTGTAAA-1,0.00113,0.000096,0.000096,0.998294,0.000096,0.000288
ACGATGCATATGTTAT-1,0.000127,0.000127,0.021825,0.95313,0.000127,0.024665
ACGATGGATCCGATGC-1,0.00067,0.00067,0.00067,0.347991,0.00067,0.64933
ACGCAAACTAATAGAT-1,0.003316,0.000324,0.000324,0.89855,0.000324,0.097162
ACGCAATCACTACAGC-1,0.000191,0.00019,0.062907,0.893046,0.00019,0.043476
ACGCATAAATGACATG-1,0.000206,0.000205,0.034525,0.478645,0.000206,0.486213
ACGCATTCGTGAGTAC-1,0.000019,0.000019,0.004459,0.000038,0.000019,0.995447
ACGCCAGATGATTTCT-1,0.000585,0.000585,0.000585,0.809162,0.000585,0.188497
ACGCCCAGCTGTCGAT-1,0.001355,0.001356,0.001356,0.636143,0.001356,0.358434
ACGCCGCTAGACGACC-1,0.004546,0.000011,0.004841,0.000023,0.141325,0.849253
ACGCGAAGTCAGACGA-1,0.000135,0.000135,0.000135,0.402723,0.004874,0.592
ACGCGCTACACAGGGT-1,0.000218,0.000218,0.000218,0.998474,0.000218,0.000654
ACGCGGGCCAAGGACA-1,0.000031,0.000031,0.000031,0.271869,0.001977,0.72606
ACGCGTTTCTTAAGAG-1,0.000258,0.000258,0.000258,0.841768,0.000258,0.1572
ACGCTAGTATCAGTGC-1,0.108662,0.003088,0.003087,0.872809,0.003088,0.009265
ACGCTAGTGATACACT-1,0.004652,0.00017,0.26257,0.496745,0.00017,0.235692
ACGCTGTGAGGCGTAG-1,0.402513,0.000238,0.032284,0.564016,0.000238,0.000713
ACGCTTAGTGTCTCTC-1,0.001292,0.001293,0.001293,0.670187,0.001293,0.324642
ACGGACGCAGCGACAA-1,0.000202,0.000203,0.088622,0.526063,0.000203,0.384708
ACGGAGCGCAAATTAC-1,0.000254,0.000254,0.018431,0.980043,0.000254,0.000763
ACGGCACTTGCTTGGG-1,0.000069,0.000069,0.000069,0.832759,0.000069,0.166965
ACGGCCAACATGGACT-1,0.000039,0.000039,0.01947,0.292391,0.004896,0.683167
ACGGCGACGATGGGAA-1,0.000024,0.000024,0.023342,0.492156,0.117804,0.366651
ACGGCTGGATGTAGAA-1,0.008016,0.000197,0.334029,0.65697,0.000197,0.000591
ACGGGAGTGTCGGCCC-1,0.000066,0.000066,0.000066,0.278302,0.000066,0.721434
ACGGGCGTATGCGACA-1,0.000201,0.000201,0.017314,0.981482,0.000201,0.000602
ACGGGTTGTGACCTGT-1,0.000868,0.000868,0.000869,0.712976,0.000869,0.28355
ACGGTCACCGAGAACA-1,0.000153,0.000153,0.000153,0.62462,0.000153,0.37477
ACGTACAGATTTCTCT-1,0.000868,0.000869,0.000869,0.838127,0.000869,0.158399
ACGTACTTTGGCACGG-1,0.000654,0.000654,0.000654,0.64099,0.000654,0.356394
ACGTAGATTGCTGATG-1,0.005945,0.000138,0.000138,0.850376,0.000138,0.143267
ACGTATTACTCCGATC-1,0.0002,0.0002,0.040302,0.875003,0.0002,0.084096
ACGTCGGGCAACTCGG-1,0.000177,0.000177,0.000177,0.816023,0.000177,0.183269
ACGTCTCGTTCCGGGA-1,0.02023,0.000102,0.000102,0.786186,0.000102,0.193279
ACGTGACAAAGTAAGT-1,0.000212,0.000212,0.052232,0.946495,0.000212,0.000637
ACGTGCGCCTCGTGCA-1,0.000099,0.000099,0.000099,0.398386,0.000099,0.601219
ACGTTAATGTCGAAGA-1,0.006919,0.000032,0.054358,0.461437,0.123606,0.353648
ACGTTAGATTTGCCCG-1,0.000218,0.000218,0.166466,0.614098,0.000218,0.218783
ACGTTATTGGTCACTC-1,0.000601,0.000601,0.000601,0.600075,0.000601,0.397521
ACGTTCCGCGCTCCGT-1,0.103361,0.000251,0.000251,0.509586,0.000251,0.3863
ACGTTCGCAATCAATT-1,0.000108,0.000108,0.000108,0.999242,0.000108,0.000325
ACGTTCGTTCAGGAAA-1,0.001727,0.000089,0.150298,0.267336,0.000089,0.58046
ACGTTTAGTTGTGATC-1,0.001407,0.001408,0.001407,0.694806,0.001407,0.299565
ACTAAGGACGCACACC-1,0.00039,0.00039,0.028986,0.372448,0.205601,0.392185
ACTAATACGTCAGGCG-1,0.000211,0.000211,0.000211,0.573888,0.000211,0.425268
ACTACATCCCGACAAG-1,0.000279,0.000279,0.101593,0.896736,0.000279,0.000836
ACTACGCGTTAGAATT-1,0.000231,0.000231,0.411444,0.503329,0.000231,0.084535
ACTAGTTGCGATCGTC-1,0.000588,0.000031,0.000031,0.454157,0.056493,0.4887
ACTATATGCTGTGTTC-1,0.00101,0.001011,0.14798,0.615351,0.001011,0.233636
ACTATCCAGGGCATGG-1,0.000047,0.000047,0.000047,0.337226,0.242381,0.420254
ACTATGTCCAGCTGCC-1,0.000215,0.000215,0.343495,0.586021,0.069409,0.000645
ACTATTCGTCCGTGGT-1,0.009214,0.000307,0.304918,0.577793,0.000307,0.107461
ACTATTTCCGGGCCCA-1,0.004473,0.000483,0.000483,0.749914,0.000483,0.244163
ACTCAATAAAGGCACG-1,0.000137,0.000137,0.000137,0.505063,0.000137,0.494391
ACTCATGGCAGCCTTC-1,0.000761,0.000761,0.047684,0.947747,0.000762,0.002285
ACTCCAATATCATCAT-1,0.020751,0.000434,0.000434,0.976643,0.000434,0.001303
ACTCCCATTCCTAAAG-1,0.000101,0.000101,0.000101,0.956697,0.000101,0.0429
ACTCCCGAATTCGTTT-1,0.000087,0.000087,0.494576,0.5049,0.000087,0.000262
ACTCCCGTAGACTAGG-1,0.023357,0.000232,0.608768,0.219595,0.147352,0.000696
ACTCCCTAGAATAGTA-1,0.000642,0.000643,0.000643,0.419764,0.000643,0.577666
ACTCGATGTATTTCAT-1,0.005706,0.000227,0.000227,0.556368,0.000227,0.437245
ACTCGCGATCTGACGC-1,0.000312,0.000312,0.047196,0.683922,0.041378,0.22688
ACTCGTAACCCGTCCT-1,0.000746,0.000746,0.000746,0.815998,0.000746,0.181017
ACTCGTCAGTAATCCC-1,0.000144,0.000144,0.136786,0.837028,0.000144,0.025755
ACTCTAAACCTGGGAT-1,0.004869,0.000438,0.000438,0.824588,0.123708,0.045959
ACTCTCTGACTTAGGT-1,0.010514,0.000249,0.036397,0.861653,0.000249,0.090937
ACTCTCTTATACACGA-1,0.00247,0.00247,0.375672,0.609504,0.002471,0.007413
ACTCTTCAGCTCCCGC-1,0.006247,0.000107,0.197283,0.348119,0.447922,0.000322
ACTCTTGTATAGTAAC-1,0.000023,0.000023,0.000023,0.094642,0.000023,0.905265
ACTGAATGGCGAAAGT-1,0.000038,0.000038,0.005699,0.855111,0.000038,0.139075
ACTGATTTAGTGATTC-1,0.000741,0.000741,0.000741,0.528355,0.000741,0.46868
ACTGCCCGCCATTCTC-1,0.001182,0.001183,0.180413,0.560279,0.253394,0.003549
ACTGCCGTCGTAACTC-1,0.000087,0.000087,0.009769,0.194158,0.000087,0.795812
ACTGCGGACACACCGT-1,0.000106,0.000106,0.000106,0.965015,0.000107,0.034559
ACTGCTCGGAAGGATG-1,0.01535,0.000083,0.697173,0.222012,0.000083,0.065299
ACTGGCGAACCTGCGT-1,0.000534,0.000535,0.000535,0.191967,0.015545,0.790885
ACTGTACGATACACAT-1,0.000145,0.000145,0.000145,0.865557,0.000145,0.133862
ACTGTAGCACTTTGGA-1,0.002844,0.000131,0.000131,0.996373,0.000131,0.000392
ACTGTCCAGGATTATA-1,0.000457,0.000458,0.062108,0.46477,0.000458,0.47175
ACTGTCTTCTTTAGAA-1,0.000064,0.000064,0.035011,0.482769,0.048353,0.433738
ACTTACCGGGCGCGCA-1,0.006175,0.006173,0.224812,0.738132,0.006177,0.018531
ACTTATACTTACCCGG-1,0.002353,0.000119,0.000119,0.996934,0.000119,0.000356
ACTTATTAGGATCGGT-1,0.00057,0.00057,0.093812,0.506508,0.00057,0.39797
ACTTATTTATGTGCCA-1,0.000069,0.000069,0.000069,0.980552,0.000069,0.01917
ACTTCAGGCTGATCCC-1,0.000293,0.000293,0.000293,0.424883,0.000293,0.573943
ACTTCCAGTGGAAGCT-1,0.000292,0.000292,0.249022,0.749227,0.000292,0.000876
ACTTCCTGTCGTGCGA-1,0.003473,0.003474,0.003475,0.340206,0.057702,0.59167
ACTTCGCCATACGCAC-1,0.000255,0.000254,0.000254,0.875418,0.000254,0.123564
ACTTCGCTAGCGAGTG-1,0.000194,0.000194,0.000194,0.286721,0.000194,0.712502
ACTTGACTCCCTCTTT-1,0.00013,0.00013,0.00013,0.866033,0.00013,0.133446
ACTTGCTCTATCTACC-1,0.000166,0.000166,0.000166,0.288243,0.000166,0.711091
ACTTGTAGTCCCTTCA-1,0.000132,0.000132,0.000132,0.18356,0.002831,0.813215
ACTTTACCCTCATGAA-1,0.000106,0.000106,0.028551,0.970812,0.000106,0.000319
ACTTTATACACCACTT-1,0.000286,0.000287,0.000287,0.073513,0.110936,0.814692
ACTTTCCTATAGCTTC-1,0.000198,0.000198,0.000198,0.996059,0.000198,0.003149
ACTTTGACTGCATCCT-1,0.000242,0.000242,0.000242,0.971809,0.000242,0.027222
ACTTTGGTCGTGCTCC-1,0.000463,0.000463,0.000463,0.996758,0.000463,0.00139
AGAACACGGCGATGGT-1,0.000106,0.000106,0.000106,0.138776,0.09831,0.762597
AGAACCCAGCGTGACA-1,0.015701,0.000094,0.013338,0.614116,0.000094,0.356658
AGAACCCTCAATTGGG-1,0.000189,0.000189,0.234659,0.687163,0.077233,0.000567
AGAACGTGGTACATTC-1,0.02713,0.000178,0.000178,0.971804,0.000178,0.000533
AGAAGAGCGCCGTTCC-1,0.000727,0.000727,0.000727,0.994913,0.000727,0.00218
AGAAGGTACACTTCAC-1,0.000314,0.000313,0.000313,0.869634,0.000313,0.129112
AGAAGGTTGCCGAATT-1,0.000123,0.000123,0.014142,0.866124,0.000123,0.119364
AGAAGTGATTCGTGAT-1,0.003457,0.000088,0.000088,0.399463,0.003872,0.593031
AGAATAAATCTTCAGG-1,0.015937,0.000209,0.000209,0.809747,0.000209,0.173688
AGAATGCGGGTTCGGA-1,0.000699,0.000699,0.000699,0.877584,0.000699,0.119619
AGAATTATGGATTCGA-1,0.003905,0.000069,0.000069,0.458891,0.00884,0.528226
AGACAGCTCAGAATCC-1,0.000135,0.000135,0.044082,0.451667,0.000135,0.503848
AGACCAAACCACACCT-1,0.005053,0.000156,0.164348,0.719495,0.085374,0.025574
AGACCATGGGATACAA-1,0.00032,0.00032,0.00032,0.90499,0.077202,0.016846
AGACCCGCCCTCCTCG-1,0.000104,0.000104,0.043281,0.787669,0.000104,0.168739
AGACCGGGAAACCCTG-1,0.000155,0.000155,0.000155,0.998913,0.000155,0.000466
AGACGAAGTGCCGGTC-1,0.000367,0.000367,0.000367,0.332821,0.15221,0.513868
AGACGACGATGCCGCT-1,0.000069,0.000069,0.000069,0.202474,0.150705,0.646614
AGACGGGCCGATTTAA-1,0.000215,0.000215,0.000215,0.332161,0.000215,0.666977
AGACTGTTACCGGGTC-1,0.000128,0.000127,0.075052,0.747522,0.017019,0.160153
AGAGAAACACCAGAAA-1,0.035485,0.000068,0.028763,0.353229,0.017978,0.564477
AGAGAACCGTCTAGGA-1,0.000058,0.000058,0.000058,0.148492,0.04979,0.801542
AGAGAAGGAGTACAAT-1,0.000138,0.000138,0.109057,0.852878,0.000138,0.037652
AGAGATCTCTAAAGCG-1,0.000053,0.000053,0.020745,0.32537,0.008904,0.644876
AGAGCAGTTATGAGAC-1,0.000324,0.000324,0.000324,0.916651,0.000324,0.082052
AGAGCGCTTGTAACGG-1,0.000211,0.000211,0.512782,0.485955,0.000211,0.000632
AGAGCGGGCTAATCAT-1,0.007927,0.000527,0.000527,0.758614,0.000527,0.231878
AGAGCGTACAAGCTCG-1,0.000149,0.000149,0.000149,0.998957,0.000149,0.000447
AGAGGCTTCGGAAACC-1,0.000124,0.000124,0.000124,0.430924,0.050539,0.518165
AGAGGGACAATTGTCC-1,0.002365,0.002366,0.002366,0.092108,0.002366,0.898429
AGAGTAAACTTCACTA-1,0.000066,0.000066,0.047771,0.575633,0.045709,0.330754
AGAGTATAGTGTTACG-1,0.000303,0.000303,0.022021,0.757024,0.219441,0.000909
AGAGTGAACAGACACC-1,0.004118,0.004118,0.004119,0.971171,0.004119,0.012356
AGAGTTAGAGACCGAT-1,0.000075,0.000075,0.000075,0.094957,0.000665,0.904152
AGAGTTGCAGGCCTCC-1,0.000305,0.000305,0.019533,0.321694,0.000305,0.657857
AGATAACTTCAGGGCC-1,0.000051,0.000051,0.000051,0.905343,0.000051,0.094454
AGATAATCACACCTAT-1,0.000326,0.000326,0.000326,0.63671,0.000326,0.361986
AGATACCAGCACTTCA-1,0.004811,0.000492,0.233983,0.758746,0.000492,0.001476
AGATACCGGTGTTCAC-1,0.02452,0.000236,0.000236,0.691647,0.000236,0.283126
AGATACTCAAGATCGA-1,0.000051,0.000051,0.000051,0.124096,0.085376,0.790374
AGATCGTGCATAAGAT-1,0.314874,0.000367,0.097484,0.585807,0.000367,0.001101
AGATCTCAGGTGTGAT-1,0.007109,0.000159,0.174033,0.818063,0.000159,0.000477
AGATCTGGAGAGGATA-1,0.000246,0.000246,0.00523,0.342237,0.000246,0.651795
AGATGACTCGCCCACG-1,0.000072,0.000072,0.011251,0.440352,0.009133,0.53912
AGATGAGGGTTGCGAT-1,0.010109,0.000351,0.000351,0.987786,0.000351,0.001052
AGATGATGGAGTCTGG-1,0.016978,0.00013,0.00013,0.786353,0.194358,0.002052
AGATGCAAGACGTGCA-1,0.000207,0.000207,0.050726,0.948029,0.000207,0.000622
AGATGCATCCTGTGTC-1,0.000337,0.000337,0.000337,0.997642,0.000337,0.001011
AGATTCAAGCGGGTCG-1,0.000496,0.000496,0.025149,0.627603,0.000496,0.345759
AGATTCACAACCGATA-1,0.000257,0.000257,0.000257,0.998202,0.000257,0.00077
AGCAACATATCTTATT-1,0.008994,0.00008,0.00008,0.256922,0.013191,0.720733
AGCAACCGAAAGTAAT-1,0.000124,0.000124,0.000124,0.943014,0.000124,0.056489
AGCACACGTTTAGACT-1,0.000501,0.000501,0.028184,0.341608,0.229284,0.399923
AGCACCAGTACTCACG-1,0.000168,0.000168,0.000168,0.998824,0.000168,0.000504
AGCACTACCGGCCTGT-1,0.006596,0.000236,0.000236,0.841812,0.11473,0.03639
AGCACTTAAGGACGCC-1,0.000069,0.000069,0.013963,0.172246,0.040491,0.773162
AGCAGCCAGATGAATA-1,0.000024,0.000024,0.000024,0.000048,0.02071,0.97917
AGCATATCAATATGCT-1,0.005708,0.000154,0.000154,0.623868,0.006559,0.363556
AGCATCATTTCGAAAG-1,0.007888,0.000178,0.026051,0.965171,0.000178,0.000535
AGCATCGTCGATAATT-1,0.00009,0.00009,0.087095,0.912366,0.00009,0.000269
AGCCACTCCCGTGCTT-1,0.000268,0.000269,0.000269,0.780305,0.000269,0.218621
AGCCCATACATGTAAG-1,0.005529,0.000182,0.000182,0.888263,0.000182,0.105662
AGCCCGGCATTAGAGG-1,0.000272,0.000272,0.28373,0.714639,0.000272,0.000816
AGCCCGGTAGCCTGTA-1,0.000094,0.000094,0.030891,0.691978,0.000094,0.27685
AGCCCTAAGCGAAGTT-1,0.000228,0.000228,0.000228,0.000457,0.231109,0.767749
AGCCCTCCCTGGTGGC-1,0.000515,0.000515,0.00953,0.795905,0.000515,0.193021
AGCCCTGTCGCACCGT-1,0.000089,0.000089,0.02111,0.679475,0.077117,0.222121
AGCCCTTCTAATCCGA-1,0.000264,0.000264,0.064428,0.90263,0.031621,0.000792
AGCCGCAAATTCAAAT-1,0.137263,0.000145,0.000145,0.589422,0.000145,0.272879
AGCCGTGGCTAAATGT-1,0.005652,0.000192,0.000192,0.717075,0.000192,0.276698
AGCCTAATACCCACGT-1,0.002416,0.002418,0.002417,0.57234,0.002417,0.417992
AGCCTTAAAGCGGAAG-1,0.000056,0.000056,0.000056,0.12,0.19408,0.685751
AGCCTTGTCACTGATA-1,0.000436,0.000436,0.029599,0.569572,0.000436,0.399521
AGCGACAGGAACGGTC-1,0.000057,0.000057,0.021335,0.5254,0.000057,0.453093
AGCGACATCCCATTCA-1,0.011626,0.000409,0.000409,0.465583,0.000409,0.521564
AGCGACCAACGATATT-1,0.00003,0.00003,0.020902,0.364388,0.055027,0.559623
AGCGAGACGTGAAGGC-1,0.000051,0.000051,0.000051,0.11687,0.010391,0.872585
AGCGCATAATGAATCG-1,0.000033,0.000033,0.000033,0.096896,0.002165,0.90084
AGCGCGGGTGCCAATG-1,0.000262,0.000262,0.000262,0.646988,0.000262,0.351963
AGCGCTAGAGCGATGT-1,0.000117,0.000117,0.000117,0.999184,0.000117,0.00035
AGCGCTTATGGGCAAG-1,0.002021,0.002022,0.13244,0.395985,0.002022,0.46551
AGCGGCGGTTAGCGGT-1,0.000777,0.000778,0.000778,0.867611,0.127724,0.002333
AGCGGTTGCCGCTCTG-1,0.000194,0.000194,0.000194,0.998642,0.000194,0.000582
AGCGTGGTATTCTACT-1,0.000049,0.000049,0.000049,0.997038,0.000049,0.002768
AGCGTTCCGATTTAAA-1,0.000882,0.000882,0.000883,0.482604,0.000882,0.513866
AGCTAACAAGCAATGT-1,0.000203,0.000203,0.018859,0.979924,0.000203,0.000609
AGCTAGAAGCAGAAGT-1,0.002167,0.000211,0.128794,0.797291,0.000211,0.071326
AGCTATTTAATCCAAC-1,0.000238,0.000238,0.042805,0.528716,0.211604,0.216398
AGCTCGTTGATGGAAA-1,0.044497,0.001611,0.001612,0.501992,0.175661,0.274627
AGCTCTAGACGTTCCA-1,0.000051,0.000051,0.000051,0.428656,0.000842,0.570349
AGCTCTTCCCAGTGCA-1,0.000391,0.000392,0.088111,0.90954,0.000392,0.001175
AGCTCTTCGTAACCTT-1,0.026138,0.000093,0.209059,0.696356,0.000093,0.06826
AGCTCTTTACTCAGTT-1,0.003814,0.000296,0.019823,0.85532,0.083497,0.037251
AGCTGAAGTAAACCAA-1,0.004907,0.000112,0.000112,0.55353,0.000112,0.441227
AGCTGCATTTGAGGTG-1,0.00285,0.00285,0.00285,0.399978,0.221244,0.370228
AGCTGCTGTGCCGAAT-1,0.003004,0.003004,0.18335,0.463404,0.003005,0.344232
AGCTGTAACCTCAATC-1,0.000199,0.000199,0.000199,0.998608,0.000199,0.000597
AGCTTGATCAGGGTAG-1,0.000218,0.000218,0.022021,0.445332,0.000218,0.531994
AGCTTGATCTTAACTT-1,0.00021,0.00021,0.00021,0.586503,0.00021,0.412658
AGGACAGTCGAATCCC-1,0.050009,0.000065,0.000065,0.482647,0.308226,0.158988
AGGACGACCCATTAGA-1,0.011149,0.000122,0.016229,0.344708,0.061524,0.566267
AGGACGCTCGATGTTG-1,0.000498,0.000499,0.000499,0.99651,0.000499,0.001496
AGGAGACATCCACAGT-1,0.000419,0.000419,0.162257,0.835225,0.00042,0.001259
AGGAGAGTCTGGCTAC-1,0.002915,0.000275,0.42658,0.435262,0.134142,0.000826
AGGATATAGGGATTTA-1,0.000972,0.000032,0.006445,0.195737,0.162,0.634814
AGGATCACGCGATCTG-1,0.001263,0.001263,0.001264,0.765134,0.227285,0.003791
AGGATTGCTTACGACA-1,0.025158,0.000316,0.000316,0.972946,0.000316,0.000948
AGGCAGATGCGTAAAC-1,0.000091,0.000091,0.000091,0.957566,0.000091,0.04207
AGGCAGGGAGCGTACT-1,0.000041,0.000041,0.000041,0.000082,0.000041,0.999755
AGGCATTGTCGTAGGG-1,0.000063,0.000063,0.013353,0.101657,0.325382,0.559481
AGGCCACATTGGTTAC-1,0.000164,0.000164,0.020695,0.56976,0.373489,0.035727
AGGCCACCCGTTATGA-1,0.000162,0.000162,0.000162,0.964901,0.034126,0.000486
AGGCCCATTGTACAGG-1,0.002055,0.000065,0.000065,0.437488,0.000065,0.560263
AGGCCCTAGAACGCCA-1,0.02336,0.000131,0.009032,0.623062,0.000131,0.344282
AGGCGGTTTGTCCCGC-1,0.000394,0.000394,0.185685,0.759053,0.000394,0.054079
AGGCGTCTATGGACGG-1,0.00019,0.00019,0.00587,0.847054,0.00019,0.146508
AGGCTATGGTTAGCTT-1,0.00013,0.00013,0.00013,0.995583,0.00013,0.003897
AGGCTTCCCGAAGAAG-1,0.000088,0.000088,0.000088,0.583729,0.050485,0.365522
AGGCTTGCTAGACACC-1,0.001522,0.001523,0.001523,0.003046,0.350741,0.641644
AGGGAAACGAGGTACT-1,0.000358,0.000357,0.000358,0.997497,0.000358,0.001073
AGGGACCGGCTGCGTT-1,0.000117,0.000117,0.000117,0.999184,0.000117,0.00035
AGGGACTCTACGCGAC-1,0.005467,0.000093,0.010787,0.257207,0.000093,0.726353
AGGGAGACATACTTCG-1,0.000213,0.000213,0.000213,0.998512,0.000213,0.000638
AGGGCAGCGGCGTGGT-1,0.002223,0.002223,0.002224,0.740143,0.002224,0.250963
AGGGCGAGCAGCTGAT-1,0.000078,0.000078,0.000078,0.606302,0.000078,0.393387
AGGGCGTGATCGGCTA-1,0.000374,0.000374,0.000374,0.513562,0.000374,0.48494
AGGGCTGCAGTTACAG-1,0.000058,0.000058,0.000058,0.885888,0.000058,0.11388
AGGGTCAGAGCACTCG-1,0.001308,0.001308,0.052146,0.731871,0.001308,0.212059
AGGGTCAGTAACCCTA-1,0.000239,0.000239,0.303211,0.695357,0.000239,0.000716
