Barcode,Topic 1to2,Topic 3to5,Topic 6to7,Topic 8to9
AAACAACGAATAGTTC-1,0.000085,0.56772,0.35897,0.073225
AAACAATCTACTAGCA-1,0.000139,0.339559,0.386547,0.273755
AAACACCAATAACTGC-1,0.000214,0.153036,0.846536,0.000214
AAACAGCTTTCAGAAG-1,0.00022,0.422292,0.511518,0.06597
AAACAGGGTCTATATT-1,0.000251,0.218996,0.549098,0.231656
AAACAGTGTTCCTGGG-1,0.000119,0.217013,0.622711,0.160157
AAACATGGTGAGAGGA-1,0.00009,0.05975,0.132951,0.807208
AAACATTTCCCGGATT-1,0.000381,0.000571,0.070162,0.928887
AAACCGGGTAGGTACC-1,0.000351,0.231371,0.509308,0.258971
AAACCGTTCGTCCAGG-1,0.000345,0.193881,0.602559,0.203216
AAACCTAAGCAGCCGG-1,0.000126,0.133547,0.519353,0.346974
AAACCTCATGAAGTTG-1,0.000293,0.137133,0.862281,0.000293
AAACGAAGATGGAGTA-1,0.001736,0.607495,0.279445,0.111324
AAACGAGACGGTTGAT-1,0.000196,0.060972,0.277787,0.661044
AAACGGGCGTACGGGT-1,0.000185,0.035004,0.45169,0.513122
AAACGGGTTGGTATCC-1,0.000117,0.33983,0.481063,0.178989
AAACGGTTGCGAACTG-1,0.000169,0.240942,0.264373,0.494517
AAACTCGGTTCGCAAT-1,0.00021,0.117822,0.357822,0.524146
AAACTGCTGGCTCCAA-1,0.000239,0.000358,0.295973,0.70343
AAACTTAATTGCACGC-1,0.000958,0.078069,0.808053,0.11292
AAACTTGCAAACGTAT-1,0.0004,0.000853,0.989921,0.008826
AAAGAATGACCTTAGA-1,0.000103,0.310915,0.428825,0.260158
AAAGACCCAAGTCGCG-1,0.000153,0.000229,0.319156,0.680462
AAAGACTGGGCGCTTT-1,0.000337,0.000506,0.998819,0.000337
AAAGGCCCTATAATAC-1,0.000228,0.108668,0.69749,0.193613
AAAGGCTACGGACCAT-1,0.000231,0.05244,0.417625,0.529705
AAAGGCTCTCGCGCCG-1,0.000284,0.193194,0.330134,0.476388
AAAGGGATGTAGCAAG-1,0.000239,0.000358,0.201128,0.798275
AAAGGGCAGCTTGAAT-1,0.000254,0.457104,0.357871,0.18477
AAAGTAGCATTGCTCA-1,0.000393,0.000589,0.998625,0.000393
AAAGTCACTGATGTAA-1,0.000156,0.189248,0.402553,0.408044
AAAGTCGACCCTCAGT-1,0.000155,0.419016,0.580675,0.000155
AAATACCTATAAGCAT-1,0.000176,0.000264,0.332614,0.666946
AAATCCGATACACGCC-1,0.000076,0.615799,0.060722,0.323403
AAATCGCGGAAGGAGT-1,0.002525,0.415593,0.579355,0.002527
AAATCGTGTACCACAA-1,0.000203,0.000305,0.760829,0.238663
AAATCTGCCCGCGTCC-1,0.002614,0.322285,0.672485,0.002616
AAATGACTGATCAAAC-1,0.001079,0.067017,0.252309,0.679595
AAATGCTCGTTACGTT-1,0.000342,0.180154,0.718301,0.101203
AAATGGCATGTCTTGT-1,0.000151,0.052695,0.342838,0.604315
AAATGGTCAATGTGCC-1,0.000338,0.000507,0.647121,0.352034
AAATGTATCTTATCCC-1,0.000081,0.995134,0.000081,0.004704
AAATTAACGGGTAGCT-1,0.00026,0.00039,0.532424,0.466926
AAATTAATAAGCGCGA-1,0.00026,0.031388,0.58081,0.387542
AAATTGATAGTCCTTT-1,0.00127,0.204141,0.464176,0.330413
AAATTGCGGCGGTTCT-1,0.000285,0.102478,0.896952,0.000285
AAATTTGCGGGTGTGG-1,0.000299,0.000449,0.868078,0.131173
AACAACTGGTAGTTGC-1,0.000263,0.087685,0.565842,0.346211
AACAATACATTGTCGA-1,0.000191,0.19224,0.587343,0.220226
AACAATTACTCTACGC-1,0.000342,0.042518,0.956797,0.000343
AACACGACTGTACTGA-1,0.000254,0.071263,0.187976,0.740507
AACACGAGACGCGGCC-1,0.00046,0.034759,0.964321,0.00046
AACACGCGGCCGCGAA-1,0.00012,0.710725,0.289035,0.00012
AACAGCTGTGTGGCAA-1,0.00032,0.374901,0.485734,0.139045
AACAGGAAATCGAATA-1,0.000093,0.341238,0.212822,0.445848
AACAGGATGGGCCGCG-1,0.000342,0.10828,0.845323,0.046055
AACATAGCGTGTATCG-1,0.00032,0.000481,0.844344,0.154855
AACATTGAAGTTGATC-1,0.000223,0.221754,0.489673,0.28835
AACATTGGTCAGCCGT-1,0.000256,0.200078,0.79941,0.000256
AACATTGTGACTCGAG-1,0.000175,0.196872,0.332539,0.470413
AACCAAGACTTCTCTG-1,0.000199,0.348494,0.651107,0.0002
AACCATAGGGTTGAAC-1,0.002743,0.004118,0.628802,0.364336
AACCATGGGATCGCTA-1,0.000205,0.328408,0.604849,0.066538
AACCCAGAGACGGAGA-1,0.00021,0.209201,0.56072,0.229869
AACCCATCCCATGATC-1,0.000731,0.695394,0.303144,0.000732
AACCCGACAACCCGTG-1,0.000175,0.202235,0.559351,0.238239
AACCCGCTGTATTCCA-1,0.000503,0.06796,0.433372,0.498166
AACCCTGGTGGAACCA-1,0.000178,0.000267,0.357258,0.642296
AACCGAGCTTGGTCAT-1,0.000966,0.020358,0.098679,0.879998
AACCGTTGTGTTTGCT-1,0.000206,0.000309,0.141613,0.857872
AACCTCGCTTTAGCCC-1,0.000201,0.224373,0.346322,0.429104
AACGAAAGTCGTCCCA-1,0.000646,0.486711,0.511997,0.000646
AACGATAGAAGGGCCG-1,0.00013,0.368352,0.319423,0.312095
AACGATATGTCAACTG-1,0.000468,0.170019,0.234525,0.594988
AACGCGAACGGCAACA-1,0.00022,0.251854,0.535064,0.212862
AACGCGACCTTGGGCG-1,0.000243,0.118331,0.479909,0.401518
AACGCGGTCTCCAGCC-1,0.000304,0.32743,0.182082,0.490184
AACGGACGTACGTATA-1,0.000983,0.096793,0.32996,0.572264
AACGGCCATCTCCGGT-1,0.000141,0.000212,0.502062,0.497586
AACGTACTGTGGGTAC-1,0.000057,0.999829,0.000057,0.000057
AACGTAGTCTACCCAT-1,0.000218,0.05198,0.502971,0.444831
AACGTCAGACTAGTGG-1,0.000146,0.433535,0.386124,0.180195
AACGTCATCCGGCTTG-1,0.000962,0.001444,0.562844,0.43475
AACGTGCGAAAGTCTC-1,0.000254,0.012655,0.281941,0.70515
AACGTTATCAGCACCT-1,0.000224,0.669573,0.329979,0.000224
AACTAGCGTATCGCAC-1,0.000235,0.064038,0.441235,0.494492
AACTAGGCTTGGGTGT-1,0.000482,0.129782,0.267194,0.602542
AACTCAAGTTAATTGC-1,0.000308,0.000462,0.830578,0.168652
AACTCCAGAGCGTGTT-1,0.000502,0.08453,0.194499,0.72047
AACTCGATAAACACGT-1,0.000189,0.068199,0.869284,0.062329
AACTCGATGGCGCAGT-1,0.000151,0.558628,0.385892,0.055329
AACTCTCAGTGTGCTC-1,0.000247,0.624469,0.212625,0.162658
AACTGATATTAGGCCT-1,0.000139,0.018405,0.299105,0.682351
AACTGGGTCCCGACGT-1,0.000174,0.000261,0.442876,0.55669
AACTGGTGTGGGCCTT-1,0.000149,0.006563,0.330796,0.662493
AACTTCTGCGTCTATC-1,0.00028,0.872241,0.070129,0.05735
AACTTGCCCGTATGCA-1,0.000099,0.961265,0.038537,0.000099
AACTTGCGTTCTCGCG-1,0.000296,0.340826,0.53339,0.125489
AACTTTACGGGAGCTT-1,0.000361,0.000542,0.998735,0.000362
AACTTTAGCTGCTGAG-1,0.000216,0.048584,0.399995,0.551205
AAGAAAGTTTGATGGG-1,0.002886,0.004332,0.824563,0.168219
AAGAAGGATCAGTTAG-1,0.000057,0.942959,0.036616,0.020369
AAGACCAAATAACTCA-1,0.000178,0.000267,0.397522,0.602033
AAGACCCAACTGAACA-1,0.000199,0.131841,0.460381,0.407579
AAGACTAACCCGTTGT-1,0.000214,0.269951,0.647201,0.082633
AAGACTGCAAGCTACT-1,0.000197,0.029051,0.177294,0.793458
AAGAGATGAATCGGTA-1,0.00043,0.143049,0.856091,0.00043
AAGAGCTCTTTATCGG-1,0.000166,0.08813,0.043017,0.868688
AAGAGGATGTACGCGA-1,0.000558,0.000838,0.998045,0.000559
AAGAGGCATGGATCGC-1,0.000172,0.000258,0.331218,0.668353
AAGATGGCACCGGACC-1,0.000178,0.565236,0.248862,0.185724
AAGCACCCTGCGTATC-1,0.000277,0.097902,0.374619,0.527202
AAGCCACTTGCAGGTA-1,0.000546,0.029354,0.7712,0.1989
AAGCCGCCGTGAAATC-1,0.000138,0.509276,0.372658,0.117928
AAGCGCAGGGCTTTGA-1,0.000176,0.001889,0.417093,0.580842
AAGCGTCCCTCATCGA-1,0.000177,0.977497,0.000177,0.02215
AAGCTATGGATTGACC-1,0.002743,0.356258,0.202777,0.438221
AAGCTCGTGCCAAGTC-1,0.000184,0.099661,0.246004,0.65415
AAGGAGCGGTTGGTGC-1,0.000422,0.000634,0.542176,0.456767
AAGGCGCGTAAAGCTT-1,0.000114,0.469203,0.442264,0.088419
AAGGCTGTGCTCATCG-1,0.000385,0.039184,0.657343,0.303088
AAGGGAACGACTGGCT-1,0.000343,0.024317,0.891051,0.084289
AAGGGACTATGCATTC-1,0.000127,0.927526,0.072219,0.000128
AAGGGTTTGATTTCAG-1,0.000299,0.000759,0.377779,0.621162
AAGTAAGCTTCCAAAC-1,0.000147,0.037992,0.482172,0.479689
AAGTAGAAGACCGGGT-1,0.000229,0.159825,0.477921,0.362026
AAGTAGTGACGCGAGG-1,0.000311,0.451222,0.523569,0.024898
AAGTCTTCTGTGGCCT-1,0.000227,0.352039,0.553829,0.093905
AAGTGACGACCGAATT-1,0.000398,0.000597,0.911284,0.087722
AAGTGAGTCGGGTTTA-1,0.000151,0.52827,0.359493,0.112086
AAGTGCAAAGGTAGAC-1,0.000233,0.234047,0.74554,0.02018
AAGTGCGTTAGAATCT-1,0.001122,0.362698,0.227847,0.408332
AAGTGCTTCTCTATTG-1,0.000144,0.719937,0.193775,0.086143
AAGTTCACTCCAAGCT-1,0.000218,0.274948,0.059598,0.665236
AAGTTCGGCCAACAGG-1,0.000208,0.000312,0.999272,0.000208
AAGTTTATGGGCCCAA-1,0.00019,0.011793,0.634339,0.353678
AATAACAACGCTCGGC-1,0.000285,0.090606,0.908825,0.000285
AATAACACTAGAACAA-1,0.000237,0.207057,0.391768,0.400937
AATACAATGTTTCAGG-1,0.000461,0.412218,0.58686,0.000461
AATACCGGAGGGCTGT-1,0.000161,0.430318,0.434307,0.135215
AATACCTGATGTGAAC-1,0.00271,0.085031,0.002712,0.909547
AATAGAACAGAGTGGC-1,0.000377,0.181828,0.452957,0.364838
AATAGAATCTGTTTCA-1,0.001646,0.002471,0.397584,0.598299
AATAGGCACGACCCTT-1,0.00029,0.148902,0.787762,0.063046
AATAGTCCGTCCCGAC-1,0.000264,0.04916,0.32557,0.625006
AATAGTCGCGAGTCGG-1,0.000337,0.00168,0.997646,0.000337
AATATCAAGGTCGGAT-1,0.000181,0.146663,0.310061,0.543096
AATATCCTAGCAAACT-1,0.000211,0.063697,0.734939,0.201153
AATATTGGAGTATTGA-1,0.000496,0.000745,0.994882,0.003877
AATCAGACTGCAGGAC-1,0.000373,0.317258,0.642694,0.039676
AATCAGGTTTCATTTA-1,0.000276,0.240521,0.518404,0.240799
AATCCAAGGGCCTGAG-1,0.000152,0.261554,0.344812,0.393483
AATCCATGCAAGGGTG-1,0.000182,0.38691,0.572312,0.040596
AATCCCGCTCAGAGCC-1,0.001079,0.055544,0.523824,0.419554
AATCGAGGTCTCAAGG-1,0.001576,0.002366,0.422775,0.573284
AATCGCCTCAGCGCCA-1,0.000297,0.006393,0.271172,0.722138
AATCGTGAGCCGAGCA-1,0.000347,0.000521,0.113396,0.885735
AATCTAGGTTTACTTG-1,0.000619,0.118596,0.398621,0.482165
AATCTCTACTGTGGTT-1,0.000442,0.056,0.907597,0.035961
AATGACAGCAATGTCT-1,0.000391,0.000587,0.535524,0.463497
AATGACGTAGGATGTC-1,0.000493,0.00074,0.202102,0.796665
AATGACTGTCAGCCGG-1,0.000342,0.085778,0.406738,0.507142
AATGAGTTCGCATATG-1,0.000388,0.209091,0.614395,0.176125
AATGCAACCGGGTACC-1,0.000245,0.000367,0.251409,0.747979
AATGGTCCACCGTTCA-1,0.000253,0.222656,0.717669,0.059421
AATGGTTCTCACAAGC-1,0.000275,0.33843,0.660083,0.001211
AATGTATGGCACTGTA-1,0.004444,0.006672,0.805925,0.182959
AATGTGCCCGAGGTGT-1,0.000934,0.341684,0.327454,0.329928
AATGTGCTAATCTGAG-1,0.000267,0.235405,0.628234,0.136094
AATGTTAAGACCCTGA-1,0.000412,0.038198,0.572524,0.388866
AATTAAAGGTCGGCGT-1,0.00038,0.00057,0.25775,0.7413
AATTAACGGATTTCCA-1,0.000346,0.000519,0.235882,0.763254
AATTACGAGACCCATC-1,0.002058,0.238651,0.545886,0.213405
AATTACTCGTACGCTC-1,0.002157,0.003239,0.929711,0.064893
AATTATACCCAGCAAG-1,0.000177,0.548273,0.284953,0.166598
AATTCATTGTCATGCA-1,0.002116,0.282444,0.713322,0.002118
AATTCCAACTTGGTGA-1,0.000267,0.472359,0.527106,0.000268
AATTCCAAGCATGTAC-1,0.000195,0.203221,0.364735,0.431849
AATTCGATTCGAGGAT-1,0.000198,0.000298,0.093392,0.906112
AATTCTAGAGTTAGGC-1,0.000733,0.013879,0.347232,0.638155
AATTGAACGCTCTGGT-1,0.000263,0.000395,0.133306,0.866035
AATTGCGTGGATTACA-1,0.000556,0.000834,0.655906,0.342704
AATTTGGTTCCAAAGA-1,0.000157,0.031896,0.50394,0.464007
ACAAACCATGCGTCCT-1,0.000097,0.913536,0.080108,0.006259
ACAAACTCCATCAGAG-1,0.000156,0.242375,0.561033,0.196437
ACAAAGAAGGTAGGCC-1,0.000164,0.000247,0.475389,0.5242
ACAAAGCATGACCTAG-1,0.000131,0.151253,0.069235,0.779382
ACAAATCGCACCGAAT-1,0.000467,0.43977,0.293876,0.265887
ACAAATGGTAGTGTTT-1,0.000175,0.000262,0.242548,0.757014
ACAACAGCATGAGCTA-1,0.000122,0.50413,0.12704,0.368709
ACAACGGTCCCTGCGA-1,0.000208,0.267347,0.599561,0.132884
ACAAGCAGTGCCTAGC-1,0.000367,0.00055,0.99014,0.008943
ACAAGCTATATGGAAG-1,0.00016,0.547402,0.345683,0.106756
ACAAGGAAATCCGCCC-1,0.000495,0.000743,0.276673,0.722089
ACAAGGACAAGAGGTT-1,0.000182,0.085289,0.661481,0.253048
ACAAGGATGCTTTAGG-1,0.000141,0.053415,0.000141,0.946303
ACAAGGGCAGGCTCTG-1,0.000431,0.000646,0.189606,0.809317
ACAAGTAATTGTAAGG-1,0.001512,0.090283,0.687221,0.220985
ACAATAGTCGTACGTT-1,0.000259,0.58999,0.409492,0.000259
ACAATCCATTTAAACC-1,0.000292,0.166563,0.832852,0.000293
ACAATGAATACGGAGA-1,0.000138,0.872565,0.123612,0.003685
ACAATTTAGGAGGCTC-1,0.000534,0.000802,0.950832,0.047832
ACACAAAGACGGGTGG-1,0.000181,0.000272,0.228939,0.770607
ACACACCAGGACCAGT-1,0.000865,0.001298,0.54766,0.450178
ACACACTTTCTACACG-1,0.000183,0.082203,0.362098,0.555516
ACACATGATCAAATCT-1,0.000694,0.27163,0.595738,0.131937
ACACATTGACGCAACA-1,0.000731,0.001097,0.893907,0.104264
ACACATTTCCGTAGAC-1,0.000942,0.186557,0.250528,0.561973
ACACCCAGCATGCAGC-1,0.000364,0.112851,0.579618,0.307167
ACACCCGAGAAATCCG-1,0.000179,0.135886,0.509674,0.354262
ACACCGAGCGCTCTTT-1,0.000509,0.000763,0.998219,0.000509
ACACCGGTCTGACCGC-1,0.000398,0.275683,0.723521,0.000399
ACACCTTAAGTAGGGC-1,0.000231,0.000347,0.778714,0.220708
ACACGAGACTCCTTCT-1,0.00029,0.000435,0.502288,0.496986
ACACGGCACTATGCAT-1,0.000317,0.000477,0.5223,0.476906
ACACGGGAACTTAGGG-1,0.001038,0.458398,0.215512,0.325051
ACACTCCAATGTCACT-1,0.000885,0.030789,0.96744,0.000886
ACAGAACTGAGAACAA-1,0.000761,0.339588,0.582168,0.077483
ACAGGAGGCGCAGCCG-1,0.000419,0.493567,0.288281,0.217733
ACAGGCACGGATCCTT-1,0.000079,0.809385,0.001942,0.188593
ACAGGTGGAGGTGAGG-1,0.000233,0.34828,0.412753,0.238734
ACAGGTGTGTTGTTGC-1,0.000296,0.000444,0.547711,0.451549
ACAGTAATACAACTTG-1,0.000223,0.02054,0.71896,0.260277
ACATAAGTCGTGGTGA-1,0.000878,0.011663,0.98658,0.000879
ACATAATAAGGCGGTG-1,0.000182,0.090752,0.558088,0.350978
ACATACAATCAAGCGG-1,0.00095,0.001426,0.326128,0.671496
ACATCAGCTGGGACGC-1,0.000278,0.000417,0.999026,0.000278
ACATCCCGGCCATACG-1,0.000301,0.16834,0.343248,0.48811
ACATCGATCGTTTACC-1,0.000478,0.000717,0.306186,0.692619
ACATCGCAATATTCGG-1,0.000108,0.940288,0.059497,0.000108
ACATCGGTCAGCCGCG-1,0.000281,0.000422,0.999015,0.000282
ACATCGTATGCAATGG-1,0.000312,0.000468,0.313055,0.686166
ACATCGTTAACCTAGT-1,0.000406,0.202184,0.151255,0.646156
ACATGCTTACGGCAGC-1,0.003527,0.38828,0.556132,0.052061
ACATGGCTCAATTTAG-1,0.000135,0.927047,0.072682,0.000135
ACATTCGCGCGGAATA-1,0.000107,0.860006,0.126095,0.013793
ACATTTGAAACCTAAC-1,0.000207,0.129389,0.24207,0.628334
ACCAACCGCACTCCAC-1,0.000557,0.000836,0.188575,0.810032
ACCAACGCTTATTTAT-1,0.000347,0.217209,0.302702,0.479742
ACCAAGAACGCGTGTC-1,0.0001,0.372668,0.261994,0.365238
ACCACAAGTTTCTATC-1,0.000433,0.069915,0.385199,0.544453
ACCACACGGTTGATGG-1,0.000788,0.001183,0.42565,0.572379
ACCACGTGCAGCTATA-1,0.000201,0.043218,0.594717,0.361863
ACCACTGTTCAAGAAG-1,0.003584,0.183772,0.809057,0.003587
ACCAGACCATAACAAC-1,0.000236,0.000354,0.856375,0.143035
ACCATATCCGCAATAA-1,0.000212,0.019016,0.112096,0.868675
ACCATCCGCCAACTAG-1,0.000337,0.12738,0.729808,0.142476
ACCATCGTATATGGTA-1,0.000391,0.000587,0.527358,0.471663
ACCATTAAGGGTGTCA-1,0.000389,0.000584,0.998637,0.000389
ACCCACCTACATGCTC-1,0.000146,0.743187,0.153726,0.10294
ACCCATCTTGAGGGTA-1,0.000384,0.05739,0.835419,0.106807
ACCCGAGCGAAATTAC-1,0.000238,0.322181,0.499095,0.178485
ACCCGATTGGTTCCGA-1,0.000292,0.178578,0.505138,0.315992
ACCCGGAAACTCCCAG-1,0.000233,0.004372,0.099102,0.896293
ACCCGGTTACACTTCC-1,0.000153,0.761215,0.031135,0.207496
ACCCGTAGCAGAGAAT-1,0.000392,0.629403,0.369813,0.000392
ACCCGTGTCATCAGTA-1,0.000336,0.036404,0.050724,0.912537
ACCCTATAGGACTGAG-1,0.000263,0.283999,0.546445,0.169293
ACCCTATGCCATATCG-1,0.000364,0.379757,0.381043,0.238836
ACCCTCCCGTCAGGGC-1,0.000144,0.247249,0.036662,0.715945
ACCCTCCCTTGCTATT-1,0.001355,0.099297,0.23751,0.661838
ACCCTTCATCTGCGAA-1,0.000181,0.058035,0.4935,0.448284
ACCGAAAGGGCCCTGC-1,0.000222,0.064535,0.454557,0.480686
ACCGAAGAGTCTGGTT-1,0.000646,0.229383,0.769325,0.000646
ACCGACACATCTCCCA-1,0.000223,0.144383,0.275812,0.579581
ACCGACTGAGTCCCAC-1,0.000353,0.0954,0.481285,0.422962
ACCGAGTCTCCTTATT-1,0.002442,0.003666,0.56074,0.433152
ACCGCTAGTCATTGGT-1,0.000262,0.221742,0.702388,0.075608
ACCGGTCAGGTACACC-1,0.001778,0.189435,0.807009,0.001779
ACCGTCCACTGGGCCC-1,0.000079,0.450135,0.256463,0.293323
ACCGTGACCACGTGGG-1,0.000258,0.045903,0.6904,0.263438
ACCTAAGTACCTTTCA-1,0.000547,0.000822,0.482521,0.51611
ACCTAATCGACTTCCT-1,0.000455,0.244295,0.591034,0.164216
ACCTACTATAAATCTA-1,0.00016,0.245825,0.443507,0.310508
ACCTCAGCGAGGCGCA-1,0.000246,0.000369,0.000246,0.99914
ACCTCGAACTTATGCT-1,0.00057,0.273475,0.55179,0.174165
ACCTGCGTGTCATGTT-1,0.000424,0.000637,0.944118,0.054821
ACGAAATGGGCGGCAC-1,0.000511,0.024077,0.974901,0.000511
ACGACTCTAGGGCCGA-1,0.000318,0.170659,0.387331,0.441692
ACGACTGGTCATACTC-1,0.000186,0.21291,0.6063,0.180603
ACGAGAACCCATCACG-1,0.00063,0.967938,0.030803,0.00063
ACGAGGTTTACAACGT-1,0.000529,0.129207,0.684464,0.1858
ACGAGTCGCCGGCGTT-1,0.00021,0.000315,0.81287,0.186605
ACGATACCTATCCTGA-1,0.000379,0.172537,0.654954,0.172129
ACGATCATACATAGAG-1,0.000316,0.000474,0.376021,0.623189
ACGATGCATATGTTAT-1,0.000408,0.000612,0.897202,0.101778
ACGATGGATCCGATGC-1,0.000185,0.067402,0.257946,0.674467
ACGCAAACTAATAGAT-1,0.000212,0.103838,0.597151,0.298799
ACGCATTCGTGAGTAC-1,0.000545,0.000818,0.678744,0.319894
ACGCCACTCGAAACAG-1,0.000287,0.000432,0.290961,0.70832
ACGCCAGATGATTTCT-1,0.000199,0.000702,0.288416,0.710684
ACGCCAGTGCGTTTGC-1,0.000315,0.000473,0.26923,0.729981
ACGCCGCTAGACGACC-1,0.000309,0.000464,0.288226,0.711001
ACGCCTGACACGCGCT-1,0.000353,0.369738,0.438082,0.191827
ACGCGAAGTCAGACGA-1,0.00069,0.154291,0.237633,0.607386
ACGCGCTACACAGGGT-1,0.000439,0.24336,0.754383,0.001818
ACGCGGGCCAAGGACA-1,0.000391,0.000587,0.499693,0.499328
ACGCGTTTCTTAAGAG-1,0.00029,0.000435,0.938834,0.060441
ACGCTGTGAGGCGTAG-1,0.00012,0.690013,0.309747,0.00012
ACGGAACACGAGTGCC-1,0.00058,0.472553,0.234517,0.29235
ACGGAATTTAGCAAAT-1,0.00024,0.274178,0.42649,0.299093
ACGGACGCAGCGACAA-1,0.003044,0.313134,0.680775,0.003047
ACGGACTCTCAAAGCG-1,0.000287,0.00043,0.322933,0.67635
ACGGCGACGATGGGAA-1,0.000439,0.000659,0.246135,0.752766
ACGGCGGGTTGCCCTG-1,0.000251,0.81401,0.185487,0.000252
ACGGCTGGATGTAGAA-1,0.000579,0.40232,0.596522,0.000579
ACGGGAGTGTCGGCCC-1,0.000412,0.000619,0.603515,0.395454
ACGGGTCATGTGACTT-1,0.000225,0.742631,0.256918,0.000225
ACGGGTTGTGACCTGT-1,0.002743,0.198754,0.795757,0.002746
ACGGTACAGTTCAATG-1,0.000202,0.207038,0.136672,0.656087
ACGGTCACCGAGAACA-1,0.000199,0.000299,0.67594,0.323562
ACGTACAGATTTCTCT-1,0.000301,0.085939,0.297523,0.616238
ACGTACTTTGGCACGG-1,0.000131,0.562198,0.3055,0.132171
ACGTAGATTGCTGATG-1,0.000309,0.000464,0.524225,0.475002
ACGTAGGAGAGTCGCT-1,0.000146,0.197191,0.390983,0.411681
ACGTCGGGCAACTCGG-1,0.001984,0.002978,0.791753,0.203285
ACGTCTCGTTCCGGGA-1,0.000133,0.597569,0.333028,0.06927
ACGTGCGCCTCGTGCA-1,0.000138,0.060453,0.436583,0.502825
ACGTTAATGTCGAAGA-1,0.000369,0.000553,0.369182,0.629896
ACGTTAGATTTGCCCG-1,0.000387,0.159507,0.839719,0.000387
ACGTTATTGGTCACTC-1,0.000452,0.000678,0.998418,0.000452
ACGTTCACTATGCCGC-1,0.00029,0.28981,0.603243,0.106656
ACGTTCCGCGCTCCGT-1,0.000165,0.470078,0.260313,0.269444
ACGTTCGTTCAGGAAA-1,0.000273,0.041592,0.575929,0.382206
ACGTTCTGTACAAGTC-1,0.000153,0.446948,0.037079,0.51582
ACGTTGTCGTTGAAAG-1,0.000142,0.430453,0.495837,0.073568
ACGTTTAGTTGTGATC-1,0.000176,0.184849,0.327692,0.487283
ACTACAAAGAGAGGTG-1,0.000127,0.303918,0.485094,0.210861
ACTACATCCCGACAAG-1,0.000506,0.822973,0.176014,0.000507
ACTACCAGCTCTCTGG-1,0.000176,0.000635,0.67448,0.324709
ACTACCATCCGAGGGC-1,0.000219,0.801102,0.162207,0.036472
ACTACGCGTTAGAATT-1,0.000354,0.138914,0.324576,0.536156
ACTATCGCCGGCTAAA-1,0.000477,0.22164,0.496661,0.281223
ACTATGTCCAGCTGCC-1,0.000223,0.272808,0.544661,0.182307
ACTATTCGTCCGTGGT-1,0.000238,0.024166,0.226225,0.749371
ACTATTTCCGGGCCCA-1,0.000306,0.029613,0.522405,0.447677
ACTCAACGAATGTATT-1,0.002554,0.235686,0.759204,0.002556
ACTCAAGTGCAAGGCT-1,0.000144,0.247277,0.061559,0.69102
ACTCAATAAAGGCACG-1,0.000439,0.032163,0.390674,0.576724
ACTCAGACCTGCTTCT-1,0.000222,0.118623,0.326361,0.554795
ACTCATGGCAGCCTTC-1,0.000211,0.783861,0.209867,0.006061
ACTCCAATATCATCAT-1,0.000372,0.049768,0.800063,0.149797
ACTCCCATTCCTAAAG-1,0.000513,0.059995,0.683047,0.256446
ACTCCCTAATGCTAAA-1,0.000259,0.000389,0.310384,0.688968
ACTCCCTAGAATAGTA-1,0.000167,0.050374,0.000167,0.949292
ACTCCGGCCGACCACT-1,0.000174,0.332063,0.278636,0.389127
ACTCGATGTATTTCAT-1,0.000751,0.067765,0.930733,0.000751
ACTCGTCAGTAATCCC-1,0.000296,0.114251,0.287424,0.59803
ACTCTAAACCTGGGAT-1,0.000261,0.384463,0.537754,0.077521
ACTCTCTGACTTAGGT-1,0.000206,0.000309,0.000206,0.999278
ACTCTGACCTAATAGA-1,0.000171,0.084528,0.04977,0.865531
ACTCTTGTATAGTAAC-1,0.000305,0.000458,0.319622,0.679616
ACTGAATGGCGAAAGT-1,0.000116,0.801938,0.010124,0.187821
ACTGCCCGCCATTCTC-1,0.000248,0.185432,0.686431,0.127889
ACTGCCGTCGTAACTC-1,0.000145,0.137437,0.467635,0.394783
ACTGGGATGCCAGTGC-1,0.000236,0.250799,0.440887,0.308078
ACTGTACGATACACAT-1,0.000118,0.428765,0.176116,0.395001
ACTGTAGCACTTTGGA-1,0.000329,0.000493,0.679828,0.31935
ACTGTATACGCGAGCA-1,0.000741,0.001112,0.856635,0.141513
ACTGTCCAGGATTATA-1,0.000309,0.000464,0.44087,0.558357
ACTGTCTTCTTTAGAA-1,0.000294,0.000442,0.575934,0.42333
ACTGTGCTAGTAGATC-1,0.000322,0.455462,0.403541,0.140676
ACTTACGCATCCACGC-1,0.000269,0.000404,0.029252,0.970074
ACTTAGTACGACAAGA-1,0.000225,0.354664,0.533397,0.111714
ACTTATCTGATCTATA-1,0.004728,0.007096,0.983445,0.004731
ACTTATTAGGATCGGT-1,0.000382,0.000574,0.568507,0.430537
ACTTATTTATGTGCCA-1,0.000499,0.075126,0.060218,0.864156
ACTTCCAGTGGAAGCT-1,0.00161,0.303496,0.515721,0.179172
ACTTCCATGCGGGACA-1,0.000052,0.913426,0.000052,0.086469
ACTTCGCCATACGCAC-1,0.000622,0.000934,0.195309,0.803134
ACTTGACTCCCTCTTT-1,0.000414,0.000621,0.315861,0.683104
ACTTGCTCTATCTACC-1,0.001462,0.154327,0.644664,0.199547
ACTTGGGACCCGGTGG-1,0.000355,0.38616,0.296925,0.31656
ACTTGGGCTTTCGCCA-1,0.000726,0.090433,0.698623,0.210218
ACTTGTAGTCCCTTCA-1,0.000364,0.000547,0.875696,0.123393
ACTTGTTACCGGATCA-1,0.000635,0.242623,0.376118,0.380624
ACTTTATACACCACTT-1,0.00313,0.004699,0.98904,0.003132
ACTTTCCTATAGCTTC-1,0.000281,0.752247,0.020334,0.227138
ACTTTGACTGCATCCT-1,0.000447,0.075674,0.828888,0.094991
ACTTTGGTCGTGCTCC-1,0.001176,0.001765,0.995883,0.001177
AGAACACGGCGATGGT-1,0.004444,0.264059,0.727049,0.004447
AGAACCCTCAATTGGG-1,0.001372,0.053484,0.943772,0.001373
AGAACGTGGTACATTC-1,0.000396,0.146314,0.46814,0.38515
AGAACTGTACTTTGTA-1,0.000247,0.184453,0.226767,0.588533
AGAAGGTTGCCGAATT-1,0.000398,0.410184,0.530957,0.058462
AGAAGGTTGTAGGTCG-1,0.0002,0.0003,0.517101,0.4824
AGAAGTGATTCGTGAT-1,0.000307,0.59425,0.301349,0.104095
AGAATAAATCTTCAGG-1,0.000219,0.07832,0.921242,0.000219
AGAATACAGGCTATCC-1,0.001355,0.002034,0.143611,0.853
AGAATTGTTTGACATA-1,0.000112,0.579706,0.363381,0.0568
AGACAGCTCAGAATCC-1,0.000299,0.000449,0.998953,0.000299
AGACATAGATCCTTCC-1,0.000264,0.04916,0.496193,0.454382
AGACCATGGGATACAA-1,0.000286,0.214273,0.525948,0.259493
AGACCCACCGCTGATC-1,0.00052,0.000781,0.120131,0.878567
AGACCCGCCCTCCTCG-1,0.00025,0.005843,0.221682,0.772226
AGACCGGGAAACCCTG-1,0.000467,0.000701,0.998365,0.000467
AGACGACGATGCCGCT-1,0.000416,0.271339,0.440909,0.287335
AGACTAGCCTTCCAGA-1,0.000266,0.000399,0.547711,0.451623
AGACTGTTACCGGGTC-1,0.000306,0.103992,0.476501,0.419201
AGAGAAACACCAGAAA-1,0.000137,0.262985,0.509164,0.227714
AGAGAAGGAGTACAAT-1,0.000228,0.316474,0.297644,0.385654
AGAGATCTCTAAAGCG-1,0.000358,0.000538,0.93913,0.059974
AGAGCAGTTATGAGAC-1,0.000503,0.000755,0.858547,0.140196
AGAGCGGGCTAATCAT-1,0.000137,0.064985,0.425392,0.509486
AGAGCGTACAAGCTCG-1,0.000162,0.719884,0.09452,0.185434
AGAGCTACGAAAGCAT-1,0.000295,0.254614,0.67743,0.06766
AGAGGTATCTCGGTCC-1,0.000378,0.022611,0.543518,0.433493
AGATAACTTCAGGGCC-1,0.00028,0.000421,0.529163,0.470137
AGATAATCACACCTAT-1,0.001522,0.002285,0.687512,0.308681
AGATACCGGTGTTCAC-1,0.000274,0.272535,0.726039,0.001151
AGATACGACTTCATAT-1,0.000385,0.220508,0.739098,0.040009
AGATACTCAAGATCGA-1,0.000285,0.000428,0.230207,0.769081
AGATATAATACGACTA-1,0.000157,0.046695,0.385657,0.56749
AGATCTCAGGTGTGAT-1,0.000282,0.000423,0.448517,0.550778
AGATCTGGAGAGGATA-1,0.006173,0.009266,0.978383,0.006178
AGATGACTCGCCCACG-1,0.00021,0.164075,0.261436,0.574279
AGATGCAAGACGTGCA-1,0.000255,0.238276,0.51939,0.242079
AGATGCATCCTGTGTC-1,0.000453,0.270507,0.137271,0.59177
AGATGCTATAACGAGC-1,0.003472,0.171296,0.821756,0.003475
AGATTATAGGACGTTT-1,0.000307,0.263568,0.51489,0.221236
AGATTCACAACCGATA-1,0.000358,0.194669,0.435426,0.369547
AGCAAAGGCCGCTAGT-1,0.000233,0.027193,0.368118,0.604456
AGCAACCGAAAGTAAT-1,0.000589,0.674673,0.324148,0.00059
AGCACACGTTTAGACT-1,0.000177,0.630123,0.202093,0.167607
AGCACCAGTACTCACG-1,0.000549,0.000824,0.571448,0.427179
AGCACTACCGGCCTGT-1,0.000529,0.047622,0.951319,0.000529
AGCACTTAAGGACGCC-1,0.000169,0.40928,0.590382,0.000169
AGCAGAAGGAGAAAGA-1,0.000154,0.091473,0.426859,0.481514
AGCAGCCAGATGAATA-1,0.000284,0.159027,0.355137,0.485551
AGCAGTCGAAGCATGC-1,0.000422,0.032447,0.58095,0.386182
AGCATCATTTCGAAAG-1,0.00097,0.019048,0.979011,0.000971
AGCATCGTCGATAATT-1,0.000216,0.208484,0.280106,0.511193
AGCCAAGCTTTGTGTC-1,0.00023,0.211445,0.404659,0.383666
AGCCACAGGTTACCCG-1,0.000189,0.020079,0.190644,0.789087
AGCCATATAGTATGTG-1,0.000158,0.172415,0.594764,0.232663
AGCCCATACATGTAAG-1,0.000514,0.015087,0.613011,0.371387
AGCCCGCAACAAGCAG-1,0.000176,0.138341,0.601139,0.260345
AGCCCGGCATTAGAGG-1,0.000274,0.25181,0.520943,0.226973
AGCCCGGTAGCCTGTA-1,0.000323,0.164576,0.378601,0.4565
AGCCCTAAGCGAAGTT-1,0.000117,0.307747,0.199902,0.492234
AGCCCTCCCTGGTGGC-1,0.000229,0.634383,0.293395,0.071993
AGCCGCAAATTCAAAT-1,0.000243,0.088033,0.566477,0.345247
AGCCGCTTGATTAGCG-1,0.000379,0.000569,0.998672,0.000379
AGCCTTAAAGCGGAAG-1,0.000353,0.552348,0.446945,0.000354
AGCCTTGTCACTGATA-1,0.002222,0.3152,0.621923,0.060655
AGCGACAGGAACGGTC-1,0.00032,0.014636,0.350255,0.634788
AGCGACATCCCATTCA-1,0.00023,0.125481,0.48569,0.388599
AGCGACCAACGATATT-1,0.000242,0.000363,0.047952,0.951443
AGCGACTTTGAAGACA-1,0.000104,0.728612,0.239496,0.031788
AGCGAGACGTGAAGGC-1,0.000064,0.782452,0.208099,0.009385
AGCGCATAATGAATCG-1,0.000325,0.119922,0.441992,0.437761
AGCGGACACTTCGTAG-1,0.000279,0.129115,0.425395,0.445211
AGCGGGAAGGGTCCAT-1,0.000257,0.300571,0.576168,0.123004
AGCGGGTCTGACACTC-1,0.000187,0.224105,0.331415,0.444293
AGCGTACGAGAGCTAG-1,0.000261,0.13586,0.863618,0.000261
AGCGTAGCGCTAGACC-1,0.00009,0.680541,0.136979,0.18239
AGCGTCTGAACCCGCA-1,0.001068,0.113885,0.742632,0.142415
AGCGTGGTATTCTACT-1,0.000247,0.032109,0.125334,0.84231
AGCTAACAAGCAATGT-1,0.000267,0.096613,0.59994,0.303179
AGCTAAGCTCCGTCCG-1,0.000265,0.427843,0.542414,0.029478
AGCTAAGTACGCAGGC-1,0.000153,0.021741,0.260054,0.718052
AGCTATTTAATCCAAC-1,0.000167,0.00025,0.298088,0.701494
AGCTCTAGACGTTCCA-1,0.000415,0.000622,0.300582,0.698381
AGCTCTTTACTCAGTT-1,0.000607,0.000911,0.483758,0.514723
AGCTGTAACCTCAATC-1,0.002813,0.230339,0.474435,0.292413
AGCTTATAGAGACCTG-1,0.000191,0.06017,0.225822,0.713817
AGCTTCTTCTCGAGCA-1,0.000323,0.099597,0.000323,0.899757
AGCTTGATCAGGGTAG-1,0.000561,0.000842,0.842686,0.15591
AGCTTGATCTTAACTT-1,0.000512,0.000769,0.854545,0.144174
AGGAAAGCCTCTGATG-1,0.00012,0.999641,0.00012,0.00012
AGGAAGCTGTCCGCCG-1,0.000305,0.077074,0.420537,0.502085
AGGACAGTCGAATCCC-1,0.000141,0.01843,0.000141,0.981288
AGGACATCGCACGTCG-1,0.000183,0.347791,0.347834,0.304192
AGGACGACCCATTAGA-1,0.000412,0.000618,0.668697,0.330274
AGGACTTATAGGAGAA-1,0.000345,0.278149,0.673737,0.04777
AGGATATCCGACTGCA-1,0.000162,0.219712,0.244502,0.535624
AGGATCACGCGATCTG-1,0.000802,0.001204,0.409741,0.588253
AGGCAAAGAGGAATCA-1,0.000157,0.111452,0.646613,0.241778
AGGCAATACGGAGGAC-1,0.000395,0.000594,0.906113,0.092898
AGGCAGGGAGCGTACT-1,0.000403,0.14852,0.486993,0.364085
AGGCCACCCGTTATGA-1,0.000315,0.000472,0.694266,0.304947
AGGCCCAGTGACTGGT-1,0.000371,0.231957,0.697475,0.070197
AGGCCCATTGTACAGG-1,0.000202,0.191225,0.528017,0.280556
AGGCCCTAGAACGCCA-1,0.000489,0.0894,0.90962,0.00049
AGGCCTATCATACCAA-1,0.000081,0.902089,0.091688,0.006143
AGGCCTGAGAATCTCG-1,0.000199,0.109386,0.051468,0.838946
AGGCGGTTTGTCCCGC-1,0.000385,0.157011,0.726323,0.116281
AGGCTATGGTTAGCTT-1,0.000307,0.299523,0.64093,0.05924
AGGCTTAAGTTGCACA-1,0.001522,0.002285,0.457292,0.538902
AGGCTTCCCGAAGAAG-1,0.000238,0.126486,0.313638,0.559638
AGGCTTGCTAGACACC-1,0.000537,0.128265,0.781338,0.089861
AGGGACAGCACGGCGG-1,0.000103,0.699272,0.216691,0.083935
AGGGACTCTACGCGAC-1,0.000476,0.08772,0.439103,0.472701
AGGGCAGCGGCGTGGT-1,0.000338,0.130123,0.288834,0.580705
AGGGCGAGCAGCTGAT-1,0.000406,0.000609,0.99858,0.000406
AGGGCGTGATCGGCTA-1,0.000172,0.087409,0.654757,0.257663
AGGGCTGCAGTTACAG-1,0.000243,0.104292,0.424257,0.471208
AGGGTCAGAGCACTCG-1,0.000242,0.16169,0.458981,0.379087
AGGGTGCCGTTCTTTA-1,0.000191,0.494073,0.36598,0.139756
AGGGTGGATAGTGCAT-1,0.000182,0.000273,0.999363,0.000182
AGGGTTCAGACGGTCC-1,0.00022,0.359167,0.440922,0.199691
AGGGTTTAGTTCGGGA-1,0.000402,0.000603,0.540429,0.458566
AGGTAACCTCCTATTC-1,0.00006,0.854463,0.083354,0.062122
AGGTAGATCGAGATAT-1,0.000167,0.102353,0.544479,0.353
AGGTAGGTACAAAGCT-1,0.000331,0.000496,0.9337,0.065473
AGGTCAGGTGAGAGTG-1,0.000293,0.000439,0.998975,0.000293
AGGTCGCCACTTCGGT-1,0.000173,0.334949,0.664705,0.000173
AGGTGGTGACCTTCGC-1,0.000258,0.299862,0.422189,0.277691
AGGTGTATCGCCATGA-1,0.000493,0.022521,0.890277,0.086709
AGGTTCTCCTTTCCGG-1,0.001263,0.001895,0.787152,0.20969
AGGTTGAGGCACGCTT-1,0.001201,0.001803,0.311853,0.685143
AGGTTTCACACACCTT-1,0.000373,0.00056,0.36785,0.631217
AGTAAGGGACAGAATC-1,0.000808,0.273343,0.208711,0.517138
AGTAATCTAAGGGTGG-1,0.000136,0.748157,0.062423,0.189284
AGTAATGTCTTGCCGC-1,0.000234,0.000351,0.277377,0.722038
AGTAATTTGCAAGCGT-1,0.003584,0.513368,0.47946,0.003587
AGTACAGAAGCTTATA-1,0.001481,0.099984,0.437671,0.460864
AGTACGGCCCGTATCG-1,0.000311,0.06448,0.934897,0.000311
AGTACGGGCACCTGGC-1,0.000835,0.50517,0.121593,0.372402
AGTAGAAGGCGCCTCA-1,0.000163,0.232612,0.482704,0.284521
AGTAGGTAACATACAT-1,0.000199,0.092311,0.500608,0.406881
AGTATAATACTAGGCA-1,0.000264,0.000396,0.999076,0.000264
AGTATACACAGCGACA-1,0.000248,0.124719,0.648204,0.226829
AGTATCCATAATAACG-1,0.000136,0.565415,0.350615,0.083834
AGTATGCTGGAGACCA-1,0.000525,0.059739,0.754314,0.185422
AGTATTTGGCACGACC-1,0.000469,0.042944,0.373171,0.583416
AGTCAAATGATGTGAT-1,0.000042,0.936755,0.063162,0.000042
AGTCAACACCACCATC-1,0.000456,0.000685,0.467392,0.531466
AGTCAAGATGACACTT-1,0.000583,0.000875,0.390731,0.60781
AGTCACTCCGCCTCAT-1,0.000241,0.40232,0.584477,0.012961
AGTCAGCCACCGCCTG-1,0.000388,0.216702,0.403811,0.379099
AGTCCAGCGGGTACGT-1,0.000319,0.00048,0.627571,0.37163
AGTCGAAACGATTCAG-1,0.000539,0.145268,0.593244,0.260948
AGTCGGCCCAAACGAC-1,0.000139,0.088987,0.568434,0.342439
AGTCGGCTCAACTTTA-1,0.000392,0.000588,0.971257,0.027763
AGTCGTATAAAGCAGA-1,0.000122,0.146694,0.286793,0.566391
AGTCGTGGGCATTACG-1,0.000498,0.698482,0.231656,0.069363
AGTCTCACAAGACTAC-1,0.000926,0.815551,0.134001,0.049522
AGTCTGGACATCCTTG-1,0.000512,0.050357,0.737325,0.211806
AGTCTTCTCCTCAAAT-1,0.000155,0.232617,0.22959,0.537637
AGTCTTTAAAGTGTCC-1,0.000247,0.028982,0.444583,0.526188
AGTGACCTACTTTACG-1,0.000225,0.000338,0.320085,0.679352
AGTGACTGTGACACAA-1,0.000221,0.293007,0.646934,0.059837
AGTGATAACCTGCGCG-1,0.000311,0.295878,0.305473,0.398338
AGTGATATGAGTAGTT-1,0.000261,0.000392,0.527899,0.471447
AGTGCGTAGCTCGTAA-1,0.000317,0.000476,0.549075,0.450132
AGTGCTAAACACAGCA-1,0.000146,0.216353,0.125733,0.657767
AGTGGCCCGCAAATGG-1,0.000059,0.872271,0.056078,0.071592
AGTGGCGTCTGAAGGT-1,0.00014,0.011635,0.210396,0.77783
AGTGGCTCCGTCGGCC-1,0.000334,0.000502,0.99883,0.000334
AGTGGGAGTATACACG-1,0.000758,0.001138,0.91396,0.084143
AGTGGTGTTACCCGTG-1,0.000304,0.000456,0.475261,0.523978
AGTGGTTGCGTATAGG-1,0.000346,0.000519,0.977066,0.02207
AGTGTGCTAAGATCGC-1,0.000316,0.000474,0.998895,0.000316
AGTGTGGTCTATTGTG-1,0.000858,0.216706,0.543259,0.239177
AGTTAAACACTTGCGA-1,0.00034,0.00051,0.667762,0.331388
AGTTAAGTCAACCGCT-1,0.000675,0.332954,0.41023,0.256141
AGTTACCCTTAAGACT-1,0.000404,0.046107,0.912939,0.04055
AGTTACCGCACATGGT-1,0.00031,0.010614,0.988766,0.00031
AGTTCACCGGTTGGAC-1,0.002415,0.491043,0.504124,0.002417
AGTTCCTACAGAATTA-1,0.001255,0.001885,0.59852,0.39834
AGTTCCTATTTATGTT-1,0.000441,0.000662,0.192147,0.80675
AGTTCTGCGTTGTATC-1,0.000358,0.314277,0.509926,0.175438
AGTTGACATCGGCTGG-1,0.00012,0.570708,0.332344,0.096828
AGTTGACGGTCCTTGC-1,0.000212,0.353281,0.207807,0.438699
AGTTGCGGTCCTCAAC-1,0.000545,0.000818,0.8789,0.119738
AGTTGCTGACTGATAT-1,0.000848,0.197338,0.800965,0.000849
AGTTTCGCAGGTCGGA-1,0.000287,0.000431,0.4172,0.582082
AGTTTGCACCTGCCTC-1,0.00016,0.771445,0.038418,0.189977
AGTTTGGCCAGACCTA-1,0.000389,0.18412,0.760413,0.055078
ATAAACCATTGGACGG-1,0.000141,0.278442,0.339775,0.381641
ATAAACGGACCCGTAA-1,0.000153,0.011544,0.167762,0.820541
ATAAAGGCTCGGTCGT-1,0.000201,0.297493,0.590561,0.111745
ATAAATATTAGCAGCT-1,0.000225,0.563837,0.354719,0.081219
ATAACGCCGGAGGGTC-1,0.000124,0.044158,0.000125,0.955593
ATAACGGAGTCCAACG-1,0.000644,0.093,0.460981,0.445375
ATAAGTTACCGCGACG-1,0.000217,0.000326,0.073894,0.925562
ATAATACCGTTAGCCG-1,0.000503,0.270355,0.601956,0.127186
ATAATAGCTGTTGAAT-1,0.000369,0.000554,0.438898,0.560179
ATAATAGTGTAGGGAC-1,0.000131,0.700127,0.262186,0.037555
ATAATCTTGGAGAACC-1,0.000245,0.040582,0.380856,0.578318
ATAATTAGCTAAGTAG-1,0.000134,0.307495,0.355327,0.337044
ATACAGCGTCCACTGA-1,0.002077,0.380119,0.407907,0.209897
ATACCACGGGCAACTT-1,0.000568,0.000853,0.797856,0.200722
ATACCAGGCTAATAGA-1,0.000229,0.300219,0.501171,0.198381
ATACCCTCCCGGCCAA-1,0.001043,0.26652,0.532745,0.199692
ATACCCTGGCTCAAAT-1,0.000639,0.000959,0.997764,0.000639
ATACCTAACCAAGAAA-1,0.000187,0.000281,0.065872,0.93366
ATACGAGGTTTGTAAG-1,0.000201,0.383396,0.482506,0.133897
ATACGCCGATCTACCG-1,0.007407,0.01112,0.974058,0.007415
ATACGCCGGCGAAACC-1,0.000433,0.00065,0.577117,0.4218
ATACGGAACGTCGTTT-1,0.000726,0.00109,0.610763,0.387421
ATACGGTGAAGATGCA-1,0.00018,0.155399,0.844241,0.00018
ATACGTTATGCACGGA-1,0.000212,0.413175,0.340175,0.246438
ATACTAGCATGACCCT-1,0.000202,0.236186,0.455867,0.307745
ATACTCTCGCCACTCT-1,0.000141,0.767952,0.200436,0.031471
ATACTGCCTTACACCG-1,0.000108,0.381078,0.049525,0.56929
ATACTTGTTCTCGAGC-1,0.000318,0.000478,0.998885,0.000319
ATAGACGAAGAGAAAG-1,0.000208,0.202681,0.333996,0.463115
ATAGAGTACTGGGACA-1,0.000215,0.000323,0.316054,0.683408
ATAGCAACTAGGGAAG-1,0.000434,0.000652,0.25631,0.742604
ATAGCCTCAGTACCCA-1,0.000599,0.015411,0.98339,0.000599
ATAGCTGCTCTTGTTA-1,0.000334,0.302306,0.697025,0.000334
ATAGGCGGCTATAGAA-1,0.000089,0.886536,0.113286,0.000089
ATAGGGATATCCTTGA-1,0.000322,0.017536,0.000322,0.98182
ATAGGTTGGGCAGATG-1,0.000514,0.34678,0.088553,0.564152
ATAGTCTTTGACGTGC-1,0.000435,0.149665,0.424832,0.425068
ATAGTGAAGCGTTCTC-1,0.000475,0.000713,0.251883,0.746929
ATATAAAGCGCTCGTG-1,0.000329,0.074936,0.38267,0.542065
ATATAACACGGGCGCA-1,0.000261,0.000392,0.032085,0.967261
ATATAGAGTATTGGTC-1,0.001462,0.154629,0.842446,0.001463
ATATCAATTCCAGCCT-1,0.001634,0.124614,0.872117,0.001635
ATATCTTAGGGCCTTC-1,0.000243,0.000365,0.102659,0.896733
ATATGGGATAGCAACT-1,0.00025,0.087576,0.539867,0.372307
ATATGTCTAGAGCGTG-1,0.000503,0.000755,0.062288,0.936455
ATATTATCCCGTATTT-1,0.000805,0.215154,0.768932,0.015109
ATATTCAGTTAAACCT-1,0.000324,0.000486,0.466159,0.533031
ATATTCCCACAGGTCA-1,0.00031,0.095909,0.449567,0.454214
ATATTGCTGTCAAAGT-1,0.000371,0.215118,0.78414,0.000371
ATATTTAACCCTCAAG-1,0.000403,0.000604,0.632195,0.366798
ATCAAACGAAGGTTTG-1,0.000224,0.159815,0.429743,0.410218
ATCAAAGAGCCGTGGT-1,0.000865,0.108003,0.511389,0.379743
ATCAAGATCCCAGGAC-1,0.000203,0.107467,0.4342,0.45813
ATCAATCTGGGCTGCA-1,0.000311,0.000467,0.60434,0.394881
ATCAATGCCGTGGCTG-1,0.000204,0.501865,0.424783,0.073148
ATCACGTGCTAATTAA-1,0.000161,0.174205,0.815207,0.010428
ATCACTTCATCCTCGC-1,0.000136,0.563338,0.311679,0.124847
ATCAGAAGCTGGTTGC-1,0.002339,0.279777,0.631189,0.086695
ATCAGACGGCACGCCG-1,0.00015,0.000225,0.180631,0.818994
ATCATAGATCGACGAG-1,0.000133,0.458829,0.423107,0.117931
ATCATCCAATATTTGT-1,0.000184,0.371558,0.329099,0.29916
ATCATTGTACCGCATT-1,0.000156,0.000913,0.72673,0.272201
ATCCAACGCAGTCATA-1,0.00007,0.450906,0.307742,0.241282
ATCCAATGGAGGGTCC-1,0.000571,0.000858,0.961101,0.03747
ATCCAATGGTACCGAA-1,0.000229,0.115748,0.820916,0.063107
ATCCACATCGACAGAA-1,0.000166,0.341164,0.397753,0.260917
ATCCAGGATTCGTGAA-1,0.000353,0.000529,0.682286,0.316832
ATCCCATCCACAGCGC-1,0.000561,0.410595,0.588283,0.000562
ATCCCATTTCCGTGGG-1,0.000172,0.298567,0.440462,0.260799
ATCCTACCTAAGCTCT-1,0.000356,0.000534,0.472901,0.526209
ATCCTGAATCGCTGCG-1,0.000422,0.000633,0.863505,0.13544
ATCCTGCGTGGAATGG-1,0.000183,0.231138,0.214767,0.553912
ATCCTGCTGCAGATAG-1,0.000163,0.027582,0.632874,0.339382
ATCGACCCAATACAGA-1,0.000332,0.000498,0.322821,0.676349
ATCGACTCTTTCCGTT-1,0.000359,0.000539,0.211697,0.787405
ATCGCACGATTGTTCA-1,0.000294,0.323599,0.675814,0.000294
ATCGCACGCCGGGAGA-1,0.000185,0.41222,0.203463,0.384132
ATCGGTTACCTAGTAA-1,0.000525,0.055616,0.903794,0.040065
ATCGTATTCCGAGAAC-1,0.000223,0.414219,0.499443,0.086116
ATCGTCCAATCGAGTC-1,0.000331,0.151822,0.821844,0.026003
ATCGTGGAAAGTCTGG-1,0.000232,0.220078,0.732612,0.047077
ATCTAACGTCCCTATG-1,0.002389,0.181735,0.496356,0.31952
ATCTACCATCTGCTCC-1,0.000191,0.199398,0.123608,0.676804
ATCTAGCTTGTGAGGG-1,0.000174,0.420468,0.427532,0.151825
ATCTATCGATGATCAA-1,0.000461,0.000692,0.930563,0.068284
ATCTCCCTGCAATCTA-1,0.000174,0.106215,0.239441,0.65417
ATCTGACATGGAAGGA-1,0.000215,0.325872,0.482373,0.191541
ATCTGATAGTGTCTTA-1,0.000346,0.065624,0.933684,0.000346
ATCTGCTGTTATCGCC-1,0.000191,0.40116,0.374286,0.224362
ATCTGGGCTGTTCTTG-1,0.000281,0.134474,0.356664,0.508581
ATCTGGTTAAGACTGT-1,0.000471,0.000707,0.098498,0.900324
ATCTGTAATTGTACCC-1,0.000177,0.137651,0.13765,0.724522
ATCTTAGGGCATTAAT-1,0.000774,0.613819,0.275509,0.109898
ATCTTGACCTGCAACG-1,0.000202,0.015013,0.413702,0.571082
ATGAAGCCAAGGAGCC-1,0.000251,0.176212,0.544874,0.278663
ATGAAGTGGACCCAGC-1,0.000338,0.040752,0.766297,0.192613
ATGACGCCGGCTCTAA-1,0.000138,0.153184,0.130304,0.716374
ATGACGCGTTCTATCC-1,0.000788,0.001183,0.403652,0.594377
ATGACTATCAGCTGTG-1,0.000321,0.000482,0.799318,0.199878
ATGACTATGCGACATT-1,0.000185,0.067526,0.000185,0.932105
ATGAGGAGTGTTAATC-1,0.000145,0.125924,0.537487,0.336444
ATGATCGGGAATAGAC-1,0.000097,0.562747,0.101894,0.335262
ATGATGCAATGGTACA-1,0.000331,0.000497,0.480425,0.518747
ATGCACCTTCCTTAAT-1,0.000694,0.001042,0.997568,0.000695
ATGCACGCGCTGTTCA-1,0.000751,0.299993,0.624025,0.075232
ATGCACTACCGCATTG-1,0.000294,0.070042,0.502784,0.42688
ATGCATGATCCAGGAT-1,0.000102,0.108275,0.089051,0.802573
ATGCATTCCGTGATGG-1,0.000296,0.046696,0.457758,0.49525
ATGCCGGTCTTGCATA-1,0.000306,0.000459,0.427672,0.571564
ATGCGACAGTCCCATT-1,0.000358,0.000537,0.278748,0.720357
ATGCTCAGTGTTGCAT-1,0.000313,0.472064,0.393524,0.1341
ATGCTCTGGCGCGGTA-1,0.000297,0.021897,0.405259,0.572547
ATGGACTGCTTAGTTG-1,0.000234,0.307267,0.585054,0.107445
ATGGAGCAGGCCGTGA-1,0.000295,0.05468,0.255984,0.689042
ATGGATCCGGCGTCCG-1,0.000364,0.070521,0.151932,0.777183
ATGGATTGACCAAACG-1,0.000439,0.000659,0.407824,0.591078
ATGGCAGCATTACGAT-1,0.00042,0.663815,0.335345,0.00042
ATGGCAGCCGAGAAAC-1,0.000168,0.450325,0.549339,0.000168
ATGGGACCTGCTGAAC-1,0.000177,0.574039,0.337366,0.088418
ATGGGTGTATACCTCC-1,0.000309,0.161428,0.754292,0.083971
ATGGTATTGGGAACCG-1,0.000148,0.536445,0.396947,0.066461
ATGGTATTTACTGATT-1,0.000543,0.609104,0.389809,0.000544
ATGGTCGCGTGGTTTC-1,0.000145,0.000218,0.11207,0.887566
ATGTACGATGACGTCG-1,0.000195,0.183016,0.504714,0.312076
ATGTAGCGCGCGTAGG-1,0.000265,0.000399,0.514673,0.484663
ATGTCATAATAAACGA-1,0.001214,0.075391,0.574309,0.349086
ATGTCATTTCCCATTG-1,0.00463,0.006951,0.983787,0.004633
ATGTCTTGTTTGACTC-1,0.000115,0.915182,0.067371,0.017332
ATGTGAAAGCCTAATG-1,0.000206,0.337399,0.467494,0.194901
ATGTGCATCCGACGCA-1,0.000093,0.628432,0.166699,0.204775
ATGTGGACATCTTGAT-1,0.000416,0.000625,0.531682,0.467277
ATGTTACGAGCAATAC-1,0.00022,0.514235,0.312925,0.172621
ATGTTCCTGCCCACCT-1,0.003221,0.190889,0.802668,0.003222
ATGTTCGTCGACCCAC-1,0.000236,0.047642,0.951885,0.000237
ATGTTGATTAGAGACT-1,0.000202,0.006341,0.232574,0.760883
ATGTTGTAGTCTGTTT-1,0.000121,0.763387,0.166538,0.069953
ATTAAACATGCGGACC-1,0.000405,0.000608,0.426858,0.572129
ATTAAAGCGGACGAGC-1,0.000272,0.020094,0.934208,0.045427
ATTAACACCTGAGATA-1,0.000511,0.1616,0.837378,0.000511
ATTAATACTACGCGGG-1,0.000139,0.199483,0.000139,0.800238
ATTAATGAACCAGTCG-1,0.000865,0.001298,0.350369,0.647468
ATTAATTCGGTCACTC-1,0.00021,0.000316,0.375802,0.623673
ATTACGCGCTGGCAGG-1,0.000522,0.060334,0.938622,0.000522
ATTACGGGCTACGGTT-1,0.001292,0.001939,0.640349,0.35642
ATTACTAGCCTCTTGC-1,0.000278,0.175068,0.406437,0.418217
ATTAGATTGATAGCGG-1,0.000285,0.096478,0.477708,0.425529
ATTAGGCGATGCTTTC-1,0.000317,0.000476,0.177029,0.822178
ATTATACTTTGCTCGT-1,0.000373,0.147382,0.297063,0.555181
ATTATCGGAATGTACG-1,0.000202,0.329173,0.22829,0.442334
