Barcode,Topic 1,Topic 2,Topic 3,Topic 4to9
AAACAAGTATCTCCCA-1,0.001643,0.000023,0.000023,0.99831
AAACACCAATAACTGC-1,0.004236,0.000225,0.074277,0.921261
AAACAGAGCGACTCCT-1,0.000309,0.000309,0.020405,0.978977
AAACAGCTTTCAGAAG-1,0.05461,0.000167,0.000167,0.945055
AAACAGGGTCTATATT-1,0.00016,0.00016,0.00016,0.999519
AAACATGGTGAGAGGA-1,0.000334,0.000334,0.000334,0.998998
AAACCACTACACAGAT-1,0.000699,0.000699,0.034815,0.963786
AAACCCGAACGAAATC-1,0.000015,0.000015,0.000015,0.999955
AAACCGGGTAGGTACC-1,0.000198,0.000198,0.000198,0.999405
AAACCGTTCGTCCAGG-1,0.001943,0.000082,0.000082,0.997893
AAACCTCATGAAGTTG-1,0.006349,0.00023,0.00023,0.993191
AAACGAAGAACATACC-1,0.003735,0.000281,0.153788,0.842196
AAACGAAGATGGAGTA-1,0.084345,0.000214,0.153632,0.761809
AAACGACAGTCTTGCC-1,0.001659,0.001659,0.001659,0.995023
AAACGAGACGGTTGAT-1,0.010031,0.000048,0.000048,0.989873
AAACGCCCGAGATCGG-1,0.000374,0.000374,0.000374,0.998877
AAACGTGTTCGCCCTA-1,0.000992,0.000992,0.000993,0.997023
AAACTAACGTGGCGAC-1,0.000169,0.000169,0.015011,0.984652
AAACTCGTGATATAAG-1,0.000112,0.000112,0.076469,0.923307
AAACTGCTGGCTCCAA-1,0.000237,0.000237,0.000237,0.999289
AAACTTAATTGCACGC-1,0.000148,0.000148,0.525861,0.473844
AAACTTGCAAACGTAT-1,0.000145,0.000145,0.000145,0.999565
AAAGAATGACCTTAGA-1,0.000254,0.000254,0.000254,0.999239
AAAGACATGAAGTTTA-1,0.000315,0.000315,0.000315,0.999055
AAAGACCCAAGTCGCG-1,0.006923,0.000101,0.000101,0.992874
AAAGACTGGGCGCTTT-1,0.000121,0.000121,0.000121,0.999636
AAAGCTTGCCTACATA-1,0.000381,0.000381,0.085728,0.913511
AAAGGCCCTATAATAC-1,0.003528,0.000158,0.265322,0.730992
AAAGGCTACGGACCAT-1,0.000434,0.000434,0.000434,0.998697
AAAGGCTCTCGCGCCG-1,0.000063,0.000063,0.01342,0.986453
AAAGGGATGTAGCAAG-1,0.00006,0.00006,0.00006,0.99982
AAAGGGCAGCTTGAAT-1,0.00775,0.000133,0.046556,0.945562
AAAGGTAAGCTGTACC-1,0.000201,0.000201,0.026147,0.973452
AAAGGTCAACGACATG-1,0.004631,0.00463,0.004633,0.986105
AAAGTAGCATTGCTCA-1,0.000152,0.000152,0.073508,0.926188
AAAGTCACTGATGTAA-1,0.000228,0.000228,0.000228,0.999317
AAAGTCGACCCTCAGT-1,0.000262,0.000262,0.000262,0.999213
AAAGTGTGATTTATCT-1,0.000117,0.000117,0.000117,0.999648
AAAGTTGACTCCCGTA-1,0.000043,0.000043,0.000043,0.999872
AAATAACCATACGGGA-1,0.006631,0.000278,0.148241,0.84485
AAATAAGGTAGTGCCC-1,0.071098,0.000102,0.01441,0.91439
AAATACCTATAAGCAT-1,0.005169,0.000322,0.000322,0.994186
AAATAGCTTAGACTTT-1,0.000084,0.000084,0.007453,0.992378
AAATCACTCCTAAACG-1,0.002058,0.002058,0.078559,0.917324
AAATCGCGGAAGGAGT-1,0.000214,0.000214,0.190922,0.80865
AAATCGTGTACCACAA-1,0.00037,0.000371,0.018816,0.980443
AAATCTGCCCGCGTCC-1,0.000294,0.000294,0.000294,0.999117
AAATGATTCGATCAGC-1,0.013307,0.000106,0.186137,0.80045
AAATGGCATGTCTTGT-1,0.015854,0.000159,0.255733,0.728254
AAATGGCCCGTGCCCT-1,0.000761,0.000761,0.000762,0.997715
AAATGTATCTTATCCC-1,0.000368,0.000368,0.028892,0.970372
AAATTAACGGGTAGCT-1,0.000943,0.000043,0.036886,0.962127
AAATTAATAAGCGCGA-1,0.000138,0.000138,0.000138,0.999586
AAATTACACGACTCTG-1,0.000322,0.000322,0.087251,0.912105
AAATTACCTATCGATG-1,0.000246,0.000247,0.000247,0.999261
AAATTCCAGGTCCAAA-1,0.007894,0.000049,0.040599,0.951458
AAATTGATAGTCCTTT-1,0.000121,0.000122,0.000122,0.999635
AAATTGGTGAGAAGCA-1,0.000545,0.000545,0.141342,0.857568
AAATTTACCGAAATCC-1,0.000145,0.000145,0.000145,0.999566
AAATTTGCGGGTGTGG-1,0.000175,0.000175,0.038309,0.96134
AACAACTGGTAGTTGC-1,0.000286,0.000286,0.000286,0.999143
AACAATACATTGTCGA-1,0.000632,0.000632,0.000632,0.998105
AACAATTACTCTACGC-1,0.000169,0.000169,0.000169,0.999492
AACACACGCTCGCCGC-1,0.007178,0.00018,0.00018,0.992461
AACACGACTGTACTGA-1,0.000086,0.000086,0.016345,0.983484
AACACGAGACGCGGCC-1,0.003172,0.00009,0.052991,0.943748
AACAGCTGTGTGGCAA-1,0.000259,0.000259,0.048939,0.950544
AACAGGAAATCGAATA-1,0.000239,0.000239,0.022229,0.977293
AACAGGATGGGCCGCG-1,0.000138,0.000138,0.051965,0.947758
AACAGGTAGTATGGAT-1,0.000026,0.000026,0.003738,0.99621
AACATATCAACTGGTG-1,0.000065,0.000065,0.032318,0.967551
AACATCGATACGTCTA-1,0.000169,0.000169,0.048875,0.950787
AACATTGAAGTTGATC-1,0.000377,0.000377,0.098794,0.900452
AACATTGTGACTCGAG-1,0.000145,0.000145,0.045581,0.954129
AACCAAGACTTCTCTG-1,0.000274,0.000275,0.000275,0.999176
AACCAGTATCACTCTT-1,0.004587,0.000186,0.000186,0.995041
AACCATAGGGTTGAAC-1,0.0001,0.0001,0.010717,0.989083
AACCCATCCCATGATC-1,0.000157,0.000157,0.403861,0.595826
AACCCGACAACCCGTG-1,0.000731,0.000731,0.213028,0.78551
AACCCGATAGGGCTTC-1,0.000365,0.000365,0.000365,0.998906
AACCCTACTGTCAATA-1,0.000027,0.000026,0.000026,0.999921
AACCCTGGTGGAACCA-1,0.001123,0.342087,0.02099,0.6358
AACCGAGCTTGGTCAT-1,0.000119,0.000119,0.034608,0.965155
AACCGCTAAGGGATGC-1,0.000045,0.000044,0.001414,0.998497
AACCGTTGTGTTTGCT-1,0.013813,0.000415,0.000415,0.985357
AACCTGTCACGGAATT-1,0.000051,0.000051,0.220641,0.779257
AACCTTTACGACGTCT-1,0.042679,0.000294,0.337929,0.619097
AACGAAAGTCGTCCCA-1,0.000178,0.000178,0.148439,0.851204
AACGATAGAAGGGCCG-1,0.000058,0.000058,0.000058,0.999827
AACGATATGTCAACTG-1,0.002624,0.00011,0.00011,0.997157
AACGCATGATCTGGGT-1,0.000159,0.000159,0.299289,0.700393
AACGCGGTCTCCAGCC-1,0.000156,0.000156,0.000156,0.999532
AACGGACGTACGTATA-1,0.000031,0.000031,0.003497,0.996441
AACGGCCATCTCCGGT-1,0.000094,0.000094,0.033344,0.966469
AACGTACTGTGGGTAC-1,0.000154,0.000154,0.000154,0.999537
AACGTGATGAAGGACA-1,0.002925,0.002925,0.002926,0.991224
AACGTGCGAAAGTCTC-1,0.006588,0.000065,0.028663,0.964684
AACGTTATCAGCACCT-1,0.002545,0.000123,0.000123,0.997208
AACTACCCGTTTGTCA-1,0.000053,0.000053,0.015996,0.983899
AACTAGGCTTGGGTGT-1,0.000049,0.000049,0.01205,0.987853
AACTCAAGTTAATTGC-1,0.000107,0.000107,0.000107,0.999679
AACTCCTAATCCCATG-1,0.005985,0.000199,0.03504,0.958776
AACTCTCAATAGAGCG-1,0.000104,0.000104,0.000104,0.999689
AACTCTCAGTGTGCTC-1,0.000034,0.000034,0.012643,0.987289
AACTGAGGTCAGCGTC-1,0.000327,0.000327,0.000327,0.999019
AACTGATATTAGGCCT-1,0.003974,0.000337,0.000337,0.995352
AACTGGGTCCCGACGT-1,0.000159,0.000159,0.023055,0.976628
AACTGGGTTCGAGCCG-1,0.000325,0.000325,0.000325,0.999025
AACTTCTGCGTCTATC-1,0.000125,0.000125,0.000125,0.999624
AACTTGCCCGTATGCA-1,0.006347,0.000219,0.000219,0.993215
AACTTTACGGGAGCTT-1,0.000222,0.000222,0.045359,0.954198
AACTTTCTCGATCATG-1,0.064704,0.000741,0.080609,0.853946
AAGAAAGTTTGATGGG-1,0.000958,0.000958,0.000958,0.997125
AAGAAATCACCAGATT-1,0.000532,0.000532,0.143118,0.855818
AAGACCAAATAACTCA-1,0.000162,0.000162,0.114585,0.885091
AAGACCCAACTGAACA-1,0.000194,0.000194,0.29245,0.707162
AAGACTCACGCCCACT-1,0.000394,0.000394,0.026225,0.972986
AAGACTGCAAGCTACT-1,0.01126,0.000042,0.338528,0.65017
AAGAGATGAATCGGTA-1,0.052527,0.000142,0.000142,0.947189
AAGAGCTCTTTATCGG-1,0.000031,0.000031,0.016094,0.983845
AAGAGGATGTACGCGA-1,0.002315,0.000089,0.100605,0.896991
AAGAGGCATGGATCGC-1,0.007072,0.000167,0.000167,0.992595
AAGATGGCACCGGACC-1,0.000224,0.000224,0.033557,0.965995
AAGATTGGCGGAACGT-1,0.00013,0.00013,0.00013,0.999611
AAGCCGAAGCGGTTTA-1,0.001967,0.000092,0.000092,0.99785
AAGCCGCCGTGAAATC-1,0.000114,0.000114,0.36779,0.631981
AAGCCGCTTTACCTTG-1,0.000171,0.000171,0.913776,0.085883
AAGCGGAGTGCGCGCA-1,0.000436,0.000436,0.000436,0.998692
AAGCGGCGTCATGGGT-1,0.016993,0.000443,0.13249,0.850074
AAGCGTCCCTCATCGA-1,0.009224,0.000102,0.008995,0.98168
AAGCTATGGATTGACC-1,0.004274,0.004274,0.004279,0.987173
AAGCTCGTGCCAAGTC-1,0.001259,0.000072,0.023532,0.975137
AAGGATCGATCGCTTG-1,0.002571,0.000046,0.000046,0.997338
AAGGATGAGGGACCTC-1,0.00338,0.000063,0.000063,0.996494
AAGGCAGGCTGTCTCC-1,0.000097,0.000097,0.000097,0.999709
AAGGCGCGTAAAGCTT-1,0.000364,0.000365,0.000365,0.998906
AAGGCTGTGCTCATCG-1,0.008003,0.000291,0.000291,0.991414
AAGGGAACGACTGGCT-1,0.000167,0.000167,0.192735,0.806931
AAGGGACAGATTCTGT-1,0.000179,0.000179,0.000179,0.999462
AAGGGACTATGCATTC-1,0.000167,0.000167,0.692111,0.307554
AAGGGTTTGATTTCAG-1,0.00015,0.00015,0.371804,0.627895
AAGGTATCCTAATATA-1,0.000088,0.000088,0.052236,0.947589
AAGGTGATAAACCAGC-1,0.000152,0.000153,0.000153,0.999542
AAGTAGAAGACCGGGT-1,0.009682,0.000371,0.000371,0.989577
AAGTAGTGACGCGAGG-1,0.000321,0.000321,0.000321,0.999036
AAGTCAATTGTCGTCA-1,0.051633,0.141034,0.000046,0.807287
AAGTCTAGTAGCTGCC-1,0.04275,0.000277,0.509401,0.447573
AAGTCTTCTGTGGCCT-1,0.000325,0.000325,0.000325,0.999025
AAGTGACGACCGAATT-1,0.000616,0.000079,0.000079,0.999226
AAGTGAGTCGGGTTTA-1,0.000089,0.000089,0.050886,0.948935
AAGTGCAAAGGTAGAC-1,0.006202,0.000231,0.000231,0.993337
AAGTGCCTTGACTGTA-1,0.000142,0.000142,0.000142,0.999574
AAGTGCGTTAGAATCT-1,0.003455,0.000136,0.246217,0.750192
AAGTGCTTCTCTATTG-1,0.000862,0.000862,0.000862,0.997415
AAGTTCAGTCTGCGTA-1,0.000178,0.000178,0.097768,0.901875
AAGTTCGGCCAACAGG-1,0.005601,0.000134,0.000134,0.99413
AAGTTTACTAATGGCA-1,0.000463,0.000463,0.000463,0.99861
AATAACAACGCTCGGC-1,0.000404,0.000404,0.067361,0.931831
AATAACACTAGAACAA-1,0.00002,0.00002,0.00002,0.999939
AATAAGTCCTCGAGAC-1,0.00247,0.00247,0.002472,0.992588
AATACAATGTTTCAGG-1,0.001011,0.001011,0.001011,0.996968
AATACCGGAGGGCTGT-1,0.000274,0.000274,0.205205,0.794246
AATAGAACAGAGTGGC-1,0.002613,0.000116,0.000116,0.997155
AATAGAATCTGTTTCA-1,0.001635,0.000035,0.000035,0.998295
AATAGCAAGCCTCCTG-1,0.000161,0.000161,0.000161,0.999517
AATAGCTACCGCGTGC-1,0.000165,0.000165,0.02569,0.973979
AATAGTCCGTCCCGAC-1,0.000051,0.000051,0.000051,0.999847
AATAGTCGCGAGTCGG-1,0.000713,0.000713,0.000713,0.997862
AATATCCTAGCAAACT-1,0.000234,0.000234,0.000234,0.999299
AATATCGAATCAATGC-1,0.000037,0.000037,0.008987,0.990938
AATATCGAGGGTTCTC-1,0.000209,0.000209,0.000209,0.999374
AATATTGGAGTATTGA-1,0.098017,0.000166,0.000166,0.90165
AATCAGGTTTCATTTA-1,0.000361,0.000361,0.000361,0.998917
AATCCAAGGGCCTGAG-1,0.000069,0.000069,0.025692,0.974171
AATCGCCTCAGCGCCA-1,0.000196,0.000196,0.102887,0.896721
AATCGCGCAGAGGACT-1,0.002189,0.000106,0.000106,0.997599
AATCGGGACACTACGA-1,0.000159,0.000159,0.000159,0.999523
AATCTAGGTTTACTTG-1,0.001916,0.001916,0.001917,0.99425
AATCTATGCCGGAGCC-1,0.000155,0.000155,0.000155,0.999534
AATCTCTACTGTGGTT-1,0.018796,0.000428,0.000428,0.980349
AATCTGCGTTGGGACG-1,0.003584,0.000147,0.000147,0.996122
AATCTGGCTTTCTAGT-1,0.021347,0.000746,0.000746,0.977161
AATCTGGGTAGACCCT-1,0.000344,0.000344,0.000344,0.998967
AATGACAGCAATGTCT-1,0.00017,0.00017,0.00017,0.999489
AATGACGTAGGATGTC-1,0.004246,0.000155,0.000155,0.995443
AATGATGATACGCTAT-1,0.00031,0.00031,0.068821,0.93056
AATGATGCGACTCCTG-1,0.000286,0.000287,0.042026,0.957401
AATGCAACCGGGTACC-1,0.000095,0.000095,0.169833,0.829977
AATGCACCAAGCAATG-1,0.081853,0.000849,0.000849,0.91645
AATGGCCGCCAATGCG-1,0.003175,0.003177,0.003179,0.990468
AATGGTCCACCGTTCA-1,0.000263,0.000263,0.000263,0.999212
AATGTATGGCACTGTA-1,0.000438,0.000438,0.089451,0.909673
AATGTGCCCGAGGTGT-1,0.00021,0.00021,0.00021,0.99937
AATGTGCTAATCTGAG-1,0.00036,0.00036,0.00036,0.998921
AATTAAAGGTCGGCGT-1,0.000034,0.000034,0.04025,0.959683
AATTACGAGACCCATC-1,0.005008,0.000338,0.258244,0.73641
AATTCATAAGGGATCT-1,0.000211,0.000211,0.000211,0.999367
AATTCATTGTCATGCA-1,0.000387,0.000387,0.000387,0.998838
AATTCTAGAGTTAGGC-1,0.0002,0.0002,0.0002,0.9994
AATTGAACGCTCTGGT-1,0.000065,0.000065,0.000065,0.999805
AATTGCGTGGATTACA-1,0.000139,0.000139,0.000139,0.999582
AATTTGGGACATAGTA-1,0.000545,0.000545,0.000545,0.998365
AATTTGGTTCCAAAGA-1,0.00583,0.000471,0.031281,0.962419
ACAAACCATGCGTCCT-1,0.000113,0.000113,0.45011,0.549663
ACAAAGAAGGTAGGCC-1,0.000224,0.000224,0.048508,0.951043
ACAAATCGCACCGAAT-1,0.000011,0.000011,0.011561,0.988418
ACAAATGGTAGTGTTT-1,0.000138,0.000138,0.000138,0.999585
ACAAATTCAGATCTGA-1,0.000168,0.000168,0.000168,0.999495
ACAACAGCATGAGCTA-1,0.000084,0.000084,0.000084,0.999747
ACAACGGTCCCTGCGA-1,0.006734,0.000071,0.000071,0.993124
ACAAGCAGTGCCTAGC-1,0.00024,0.00024,0.00024,0.999281
ACAAGCTATATGGAAG-1,0.040309,0.000241,0.000241,0.95921
ACAAGGAAATCCGCCC-1,0.000021,0.000021,0.000021,0.999937
ACAAGGACAAGAGGTT-1,0.00006,0.00006,0.013142,0.986737
ACAAGGCCTACCAGCC-1,0.000553,0.000553,0.000553,0.998341
ACAAGGGCAGGCTCTG-1,0.002856,0.00012,0.00012,0.996904
ACAATAGTCGTACGTT-1,0.000165,0.000165,0.116169,0.883501
ACAATCCATTTAAACC-1,0.001208,0.001208,0.001209,0.996375
ACAATGAATACGGAGA-1,0.000154,0.000154,0.009094,0.990598
ACAATGATTCTTCTAC-1,0.000116,0.000116,0.000116,0.999653
ACAATTGTGTCTCTTT-1,0.000108,0.000108,0.000108,0.999676
ACAATTTAGGAGGCTC-1,0.000228,0.000228,0.000228,0.999315
ACAATTTGAGCAGTGG-1,0.000122,0.000122,0.000122,0.999633
ACAATTTGGCCATATT-1,0.00011,0.00011,0.00011,0.999669
ACACAAAGACGGGTGG-1,0.000118,0.000118,0.073526,0.926237
ACACAAATATTCCTAG-1,0.000741,0.000741,0.099455,0.899062
ACACACCAGGACCAGT-1,0.000116,0.000116,0.027892,0.971876
ACACACTTTCTACACG-1,0.0003,0.0003,0.000301,0.999099
ACACATGATCAAATCT-1,0.000305,0.000306,0.088866,0.910523
ACACCACATAATTAGC-1,0.002991,0.000088,0.000088,0.996833
ACACCCAGCATGCAGC-1,0.002994,0.000329,0.034086,0.962592
ACACCCGTAAATCTGT-1,0.000238,0.000238,0.000238,0.999286
ACACCGGTCTGACCGC-1,0.000257,0.000257,0.148883,0.850602
ACACCTTACTACTTGC-1,0.003893,0.000127,0.000127,0.995853
ACACGAGACTCCTTCT-1,0.000039,0.000039,0.000039,0.999883
ACACGGCACTATGCAT-1,0.007939,0.007944,0.007941,0.976176
ACACGGGAACTTAGGG-1,0.00012,0.00012,0.064811,0.934949
ACACTGATCAAGGTGT-1,0.000031,0.000031,0.000031,0.999906
ACAGAACTGAGAACAA-1,0.004901,0.000104,0.009899,0.985097
ACAGATTAGGTTAGTG-1,0.000479,0.000479,0.000479,0.998562
ACAGCATAGAGCCAGT-1,0.001764,0.000073,0.01792,0.980244
ACAGCGCACCCGCAGC-1,0.030194,0.000639,0.000639,0.968528
ACAGGTGGAGGTGAGG-1,0.000157,0.000157,0.000157,0.99953
ACAGGTGTGTTGTTGC-1,0.000288,0.000288,0.000288,0.999136
ACAGTAATACAACTTG-1,0.000479,0.000479,0.039584,0.959458
ACAGTATACCGTGGGA-1,0.000273,0.000273,0.000273,0.99918
ACAGTGCAGCGCATTT-1,0.002021,0.002021,0.23155,0.764408
ACATAAGTCGTGGTGA-1,0.000257,0.000257,0.000257,0.999229
ACATAATAAGGCGGTG-1,0.000091,0.000091,0.000091,0.999726
ACATCAGCTGGGACGC-1,0.002912,0.000355,0.000355,0.996377
ACATCCCGGCCATACG-1,0.002595,0.000094,0.000094,0.997216
ACATCCTGGTAACTGT-1,0.004817,0.000197,0.000197,0.994788
ACATCGATCGTTTACC-1,0.000389,0.000389,0.000389,0.998834
ACATCGGTCAGCCGCG-1,0.000155,0.000155,0.029933,0.969757
ACATCGTATGCAATGG-1,0.000192,0.000192,0.000192,0.999425
ACATCGTTAACCTAGT-1,0.003585,0.003586,0.112181,0.880648
ACATCTCAACGCGTAA-1,0.000366,0.000366,0.110236,0.889033
ACATGCTTACGGCAGC-1,0.000241,0.000241,0.027375,0.972142
ACATGGCGCCAAAGTA-1,0.002527,0.000136,0.000136,0.997201
ACATTAGTTTATATCC-1,0.000298,0.000298,0.000298,0.999106
ACCAAACACCCAGCGA-1,0.003579,0.000087,0.661582,0.334752
ACCAACACCACACACT-1,0.00012,0.00012,0.176298,0.823461
ACCAACGCTTATTTAT-1,0.004489,0.000041,0.000041,0.995429
ACCAAGAACGCGTGTC-1,0.00003,0.00003,0.00003,0.999909
ACCACAACTCAGAACA-1,0.004833,0.004832,0.004835,0.9855
ACCACAAGTTTCTATC-1,0.000189,0.000189,0.000189,0.999434
ACCACCAATGTAACAA-1,0.018202,0.000077,0.000077,0.981645
ACCACCCTCTCTTCTA-1,0.000258,0.000258,0.141727,0.857757
ACCACGTGCAGCTATA-1,0.000018,0.000018,0.002889,0.997074
ACCAGACCATAACAAC-1,0.000409,0.000409,0.000409,0.998774
ACCAGCCCGGTCTTTG-1,0.000882,0.000882,0.000882,0.997353
ACCAGTGCCCGGTCAA-1,0.000193,0.000193,0.000193,0.999421
ACCAGTGCGGGAGACG-1,0.001315,0.000081,0.014275,0.984329
ACCATCCGCCAACTAG-1,0.000239,0.000239,0.000239,0.999284
ACCATCGTATATGGTA-1,0.000213,0.000213,0.000213,0.999362
ACCCAACGCCCGTGGC-1,0.000132,0.000132,0.000132,0.999604
ACCCACCTACATGCTC-1,0.000183,0.000183,0.000183,0.99945
ACCCATCTTGAGGGTA-1,0.000126,0.000126,0.021021,0.978727
ACCCGAGCGAAATTAC-1,0.000205,0.000205,0.447901,0.551689
ACCCGATTGGTTCCGA-1,0.000519,0.000519,0.00052,0.998442
ACCCGGAAACTCCCAG-1,0.006026,0.000481,0.028023,0.965469
ACCCGGATGACGCATC-1,0.013139,0.000138,0.224476,0.762246
ACCCGGTTACACTTCC-1,0.000063,0.000063,0.007383,0.992491
ACCCGTAGCAGAGAAT-1,0.000111,0.000111,0.000111,0.999667
ACCCGTGTCATCAGTA-1,0.010132,0.000059,0.035508,0.954301
ACCCTATGCCATATCG-1,0.000128,0.000128,0.000128,0.999617
ACCCTCCCTTGCTATT-1,0.00015,0.00015,0.00015,0.999551
ACCCTGGTAACGCCCT-1,0.000179,0.000179,0.323809,0.675833
ACCCTTCATCTGCGAA-1,0.000621,0.000621,0.000621,0.998137
ACCCTTGCCTGGGTCG-1,0.000162,0.000162,0.000162,0.999515
ACCCTTTAGTTCTCCA-1,0.00041,0.00041,0.00041,0.998769
ACCGAAAGGGCCCTGC-1,0.002643,0.000114,0.000114,0.997128
ACCGAAGAGTCTGGTT-1,0.010592,0.000169,0.288801,0.700438
ACCGACTGAGTCCCAC-1,0.000225,0.000225,0.000225,0.999326
ACCGATGGTAGCATCG-1,0.000112,0.000112,0.000112,0.999664
ACCGCAATAACTGCCT-1,0.008453,0.000325,0.000325,0.990897
ACCGCGGTGGAAGTCG-1,0.00131,0.00004,0.00004,0.99861
ACCGGGCCTTTGTTGA-1,0.004717,0.000045,0.017923,0.977314
ACCGGTCAGGTACACC-1,0.000307,0.000306,0.165644,0.833743
ACCGGTCTGAGTACGG-1,0.008613,0.000325,0.044604,0.946458
ACCGTCCACTGGGCCC-1,0.000113,0.000113,0.743722,0.256053
ACCGTGACCACGTGGG-1,0.000354,0.000354,0.119147,0.880145
ACCGTTCCCGCTCTGA-1,0.001443,0.001443,0.001444,0.995669
ACCTAAGTACCTTTCA-1,0.000168,0.000167,0.000167,0.999498
ACCTAATCGACTTCCT-1,0.000219,0.000219,0.000219,0.999342
ACCTACAGTATGTGGT-1,0.000112,0.000112,0.380758,0.619018
ACCTCCGTTATTCACC-1,0.001358,0.000076,0.000076,0.99849
ACCTCGAACTTATGCT-1,0.000394,0.000394,0.081364,0.917848
ACCTGCGTGTCATGTT-1,0.000214,0.000214,0.000214,0.999359
ACGAAATGGGCGGCAC-1,0.00051,0.00051,0.191434,0.807546
ACGACTGGTCATACTC-1,0.000316,0.000316,0.000316,0.999053
ACGAGATATTTGCTTA-1,0.003473,0.003474,0.414259,0.578794
ACGAGGATACCACTCT-1,0.000423,0.000423,0.119856,0.879299
ACGAGGTTTACAACGT-1,0.004753,0.000107,0.618382,0.376758
ACGAGTACGGATGCCC-1,0.000161,0.000161,0.288614,0.711065
ACGATACATAGAACTA-1,0.000092,0.000092,0.000092,0.999725
ACGATACCTATCCTGA-1,0.00014,0.00014,0.097343,0.902376
ACGATCATACATAGAG-1,0.00006,0.00006,0.021871,0.978009
ACGATCATCTTGTAAA-1,0.00113,0.000096,0.000096,0.998678
ACGATGCATATGTTAT-1,0.000127,0.000127,0.021825,0.977922
ACGATGGATCCGATGC-1,0.00067,0.00067,0.00067,0.997991
ACGCAAACTAATAGAT-1,0.003316,0.000324,0.000324,0.996036
ACGCAATCACTACAGC-1,0.000191,0.00019,0.062907,0.936712
ACGCATAAATGACATG-1,0.000206,0.000205,0.034525,0.965063
ACGCATTCGTGAGTAC-1,0.000019,0.000019,0.004459,0.995503
ACGCCAGATGATTTCT-1,0.000585,0.000585,0.000585,0.998244
ACGCCCAGCTGTCGAT-1,0.001355,0.001356,0.001356,0.995933
ACGCCGCTAGACGACC-1,0.004546,0.000011,0.004841,0.990601
ACGCGAAGTCAGACGA-1,0.000135,0.000135,0.000135,0.999596
ACGCGCTACACAGGGT-1,0.000218,0.000218,0.000218,0.999346
ACGCGGGCCAAGGACA-1,0.000031,0.000031,0.000031,0.999906
ACGCGTTTCTTAAGAG-1,0.000258,0.000258,0.000258,0.999226
ACGCTAGTATCAGTGC-1,0.108662,0.003088,0.003087,0.885163
ACGCTAGTGATACACT-1,0.004652,0.00017,0.26257,0.732608
ACGCTGTGAGGCGTAG-1,0.402513,0.000238,0.032284,0.564966
ACGCTTAGTGTCTCTC-1,0.001292,0.001293,0.001293,0.996122
ACGGACGCAGCGACAA-1,0.000202,0.000203,0.088622,0.910973
ACGGAGCGCAAATTAC-1,0.000254,0.000254,0.018431,0.981061
ACGGCACTTGCTTGGG-1,0.000069,0.000069,0.000069,0.999793
ACGGCCAACATGGACT-1,0.000039,0.000039,0.01947,0.980453
ACGGCGACGATGGGAA-1,0.000024,0.000024,0.023342,0.976611
ACGGCTGGATGTAGAA-1,0.008016,0.000197,0.334029,0.657759
ACGGGAGTGTCGGCCC-1,0.000066,0.000066,0.000066,0.999802
ACGGGCGTATGCGACA-1,0.000201,0.000201,0.017314,0.982285
ACGGGTTGTGACCTGT-1,0.000868,0.000868,0.000869,0.997395
ACGGTCACCGAGAACA-1,0.000153,0.000153,0.000153,0.999542
ACGTACAGATTTCTCT-1,0.000868,0.000869,0.000869,0.997394
ACGTACTTTGGCACGG-1,0.000654,0.000654,0.000654,0.998038
ACGTAGATTGCTGATG-1,0.005945,0.000138,0.000138,0.99378
ACGTATTACTCCGATC-1,0.0002,0.0002,0.040302,0.959299
ACGTCGGGCAACTCGG-1,0.000177,0.000177,0.000177,0.999469
ACGTCTCGTTCCGGGA-1,0.02023,0.000102,0.000102,0.979567
ACGTGACAAAGTAAGT-1,0.000212,0.000212,0.052232,0.947344
ACGTGCGCCTCGTGCA-1,0.000099,0.000099,0.000099,0.999704
ACGTTAATGTCGAAGA-1,0.006919,0.000032,0.054358,0.938691
ACGTTAGATTTGCCCG-1,0.000218,0.000218,0.166466,0.833098
ACGTTATTGGTCACTC-1,0.000601,0.000601,0.000601,0.998197
ACGTTCCGCGCTCCGT-1,0.103361,0.000251,0.000251,0.896137
ACGTTCGCAATCAATT-1,0.000108,0.000108,0.000108,0.999675
ACGTTCGTTCAGGAAA-1,0.001727,0.000089,0.150298,0.847886
ACGTTTAGTTGTGATC-1,0.001407,0.001408,0.001407,0.995778
ACTAAGGACGCACACC-1,0.00039,0.00039,0.028986,0.970234
ACTAATACGTCAGGCG-1,0.000211,0.000211,0.000211,0.999367
ACTACATCCCGACAAG-1,0.000279,0.000279,0.101593,0.89785
ACTACGCGTTAGAATT-1,0.000231,0.000231,0.411444,0.588095
ACTAGTTGCGATCGTC-1,0.000588,0.000031,0.000031,0.999351
ACTATATGCTGTGTTC-1,0.00101,0.001011,0.14798,0.849999
ACTATCCAGGGCATGG-1,0.000047,0.000047,0.000047,0.99986
ACTATGTCCAGCTGCC-1,0.000215,0.000215,0.343495,0.656075
ACTATTCGTCCGTGGT-1,0.009214,0.000307,0.304918,0.685562
ACTATTTCCGGGCCCA-1,0.004473,0.000483,0.000483,0.99456
ACTCAATAAAGGCACG-1,0.000137,0.000137,0.000137,0.99959
ACTCATGGCAGCCTTC-1,0.000761,0.000761,0.047684,0.950793
ACTCCAATATCATCAT-1,0.020751,0.000434,0.000434,0.97838
ACTCCCATTCCTAAAG-1,0.000101,0.000101,0.000101,0.999698
ACTCCCGAATTCGTTT-1,0.000087,0.000087,0.494576,0.505249
ACTCCCGTAGACTAGG-1,0.023357,0.000232,0.608768,0.367643
ACTCCCTAGAATAGTA-1,0.000642,0.000643,0.000643,0.998072
ACTCGATGTATTTCAT-1,0.005706,0.000227,0.000227,0.99384
ACTCGCGATCTGACGC-1,0.000312,0.000312,0.047196,0.952179
ACTCGTAACCCGTCCT-1,0.000746,0.000746,0.000746,0.997761
ACTCGTCAGTAATCCC-1,0.000144,0.000144,0.136786,0.862927
ACTCTAAACCTGGGAT-1,0.004869,0.000438,0.000438,0.994255
ACTCTCTGACTTAGGT-1,0.010514,0.000249,0.036397,0.95284
ACTCTCTTATACACGA-1,0.00247,0.00247,0.375672,0.619388
ACTCTTCAGCTCCCGC-1,0.006247,0.000107,0.197283,0.796363
ACTCTTGTATAGTAAC-1,0.000023,0.000023,0.000023,0.99993
ACTGAATGGCGAAAGT-1,0.000038,0.000038,0.005699,0.994225
ACTGATTTAGTGATTC-1,0.000741,0.000741,0.000741,0.997776
ACTGCCCGCCATTCTC-1,0.001182,0.001183,0.180413,0.817222
ACTGCCGTCGTAACTC-1,0.000087,0.000087,0.009769,0.990057
ACTGCGGACACACCGT-1,0.000106,0.000106,0.000106,0.999681
ACTGCTCGGAAGGATG-1,0.01535,0.000083,0.697173,0.287394
ACTGGCGAACCTGCGT-1,0.000534,0.000535,0.000535,0.998396
ACTGTACGATACACAT-1,0.000145,0.000145,0.000145,0.999564
ACTGTAGCACTTTGGA-1,0.002844,0.000131,0.000131,0.996895
ACTGTCCAGGATTATA-1,0.000457,0.000458,0.062108,0.936977
ACTGTCTTCTTTAGAA-1,0.000064,0.000064,0.035011,0.96486
ACTTACCGGGCGCGCA-1,0.006175,0.006173,0.224812,0.76284
ACTTATACTTACCCGG-1,0.002353,0.000119,0.000119,0.997409
ACTTATTAGGATCGGT-1,0.00057,0.00057,0.093812,0.905047
ACTTATTTATGTGCCA-1,0.000069,0.000069,0.000069,0.999792
ACTTCAGGCTGATCCC-1,0.000293,0.000293,0.000293,0.99912
ACTTCCAGTGGAAGCT-1,0.000292,0.000292,0.249022,0.750395
ACTTCCTGTCGTGCGA-1,0.003473,0.003474,0.003475,0.989578
ACTTCGCCATACGCAC-1,0.000255,0.000254,0.000254,0.999236
ACTTCGCTAGCGAGTG-1,0.000194,0.000194,0.000194,0.999418
ACTTGACTCCCTCTTT-1,0.00013,0.00013,0.00013,0.999609
ACTTGCTCTATCTACC-1,0.000166,0.000166,0.000166,0.999501
ACTTGTAGTCCCTTCA-1,0.000132,0.000132,0.000132,0.999605
ACTTTACCCTCATGAA-1,0.000106,0.000106,0.028551,0.971237
ACTTTATACACCACTT-1,0.000286,0.000287,0.000287,0.99914
ACTTTCCTATAGCTTC-1,0.000198,0.000198,0.000198,0.999407
ACTTTGACTGCATCCT-1,0.000242,0.000242,0.000242,0.999273
ACTTTGGTCGTGCTCC-1,0.000463,0.000463,0.000463,0.998611
AGAACACGGCGATGGT-1,0.000106,0.000106,0.000106,0.999683
AGAACCCAGCGTGACA-1,0.015701,0.000094,0.013338,0.970868
AGAACCCTCAATTGGG-1,0.000189,0.000189,0.234659,0.764963
AGAACGTGGTACATTC-1,0.02713,0.000178,0.000178,0.972515
AGAAGAGCGCCGTTCC-1,0.000727,0.000727,0.000727,0.99782
AGAAGGTACACTTCAC-1,0.000314,0.000313,0.000313,0.99906
AGAAGGTTGCCGAATT-1,0.000123,0.000123,0.014142,0.985611
AGAAGTGATTCGTGAT-1,0.003457,0.000088,0.000088,0.996367
AGAATAAATCTTCAGG-1,0.015937,0.000209,0.000209,0.983644
AGAATGCGGGTTCGGA-1,0.000699,0.000699,0.000699,0.997902
AGAATTATGGATTCGA-1,0.003905,0.000069,0.000069,0.995957
AGACAGCTCAGAATCC-1,0.000135,0.000135,0.044082,0.955649
AGACCAAACCACACCT-1,0.005053,0.000156,0.164348,0.830443
AGACCATGGGATACAA-1,0.00032,0.00032,0.00032,0.999039
AGACCCGCCCTCCTCG-1,0.000104,0.000104,0.043281,0.956511
AGACCGGGAAACCCTG-1,0.000155,0.000155,0.000155,0.999534
AGACGAAGTGCCGGTC-1,0.000367,0.000367,0.000367,0.998899
AGACGACGATGCCGCT-1,0.000069,0.000069,0.000069,0.999793
AGACGGGCCGATTTAA-1,0.000215,0.000215,0.000215,0.999354
AGACTGTTACCGGGTC-1,0.000128,0.000127,0.075052,0.924693
AGAGAAACACCAGAAA-1,0.035485,0.000068,0.028763,0.935684
AGAGAACCGTCTAGGA-1,0.000058,0.000058,0.000058,0.999825
AGAGAAGGAGTACAAT-1,0.000138,0.000138,0.109057,0.890668
AGAGATCTCTAAAGCG-1,0.000053,0.000053,0.020745,0.97915
AGAGCAGTTATGAGAC-1,0.000324,0.000324,0.000324,0.999028
AGAGCGCTTGTAACGG-1,0.000211,0.000211,0.512782,0.486797
AGAGCGGGCTAATCAT-1,0.007927,0.000527,0.000527,0.991019
AGAGCGTACAAGCTCG-1,0.000149,0.000149,0.000149,0.999553
AGAGGCTTCGGAAACC-1,0.000124,0.000124,0.000124,0.999628
AGAGGGACAATTGTCC-1,0.002365,0.002366,0.002366,0.992903
AGAGTAAACTTCACTA-1,0.000066,0.000066,0.047771,0.952097
AGAGTATAGTGTTACG-1,0.000303,0.000303,0.022021,0.977374
AGAGTGAACAGACACC-1,0.004118,0.004118,0.004119,0.987646
AGAGTTAGAGACCGAT-1,0.000075,0.000075,0.000075,0.999774
AGAGTTGCAGGCCTCC-1,0.000305,0.000305,0.019533,0.979856
AGATAACTTCAGGGCC-1,0.000051,0.000051,0.000051,0.999848
AGATAATCACACCTAT-1,0.000326,0.000326,0.000326,0.999022
AGATACCAGCACTTCA-1,0.004811,0.000492,0.233983,0.760714
AGATACCGGTGTTCAC-1,0.02452,0.000236,0.000236,0.975009
AGATACTCAAGATCGA-1,0.000051,0.000051,0.000051,0.999846
AGATCGTGCATAAGAT-1,0.314874,0.000367,0.097484,0.587275
AGATCTCAGGTGTGAT-1,0.007109,0.000159,0.174033,0.818699
AGATCTGGAGAGGATA-1,0.000246,0.000246,0.00523,0.994278
AGATGACTCGCCCACG-1,0.000072,0.000072,0.011251,0.988605
AGATGAGGGTTGCGAT-1,0.010109,0.000351,0.000351,0.989189
AGATGATGGAGTCTGG-1,0.016978,0.00013,0.00013,0.982762
AGATGCAAGACGTGCA-1,0.000207,0.000207,0.050726,0.948859
AGATGCATCCTGTGTC-1,0.000337,0.000337,0.000337,0.998989
AGATTCAAGCGGGTCG-1,0.000496,0.000496,0.025149,0.973859
AGATTCACAACCGATA-1,0.000257,0.000257,0.000257,0.999229
AGCAACATATCTTATT-1,0.008994,0.00008,0.00008,0.990845
AGCAACCGAAAGTAAT-1,0.000124,0.000124,0.000124,0.999627
AGCACACGTTTAGACT-1,0.000501,0.000501,0.028184,0.970814
AGCACCAGTACTCACG-1,0.000168,0.000168,0.000168,0.999496
AGCACTACCGGCCTGT-1,0.006596,0.000236,0.000236,0.992931
AGCACTTAAGGACGCC-1,0.000069,0.000069,0.013963,0.985899
AGCAGCCAGATGAATA-1,0.000024,0.000024,0.000024,0.999928
AGCATATCAATATGCT-1,0.005708,0.000154,0.000154,0.993983
AGCATCATTTCGAAAG-1,0.007888,0.000178,0.026051,0.965883
AGCATCGTCGATAATT-1,0.00009,0.00009,0.087095,0.912725
AGCCACTCCCGTGCTT-1,0.000268,0.000269,0.000269,0.999194
AGCCCATACATGTAAG-1,0.005529,0.000182,0.000182,0.994107
AGCCCGGCATTAGAGG-1,0.000272,0.000272,0.28373,0.715726
AGCCCGGTAGCCTGTA-1,0.000094,0.000094,0.030891,0.968922
AGCCCTAAGCGAAGTT-1,0.000228,0.000228,0.000228,0.999315
AGCCCTCCCTGGTGGC-1,0.000515,0.000515,0.00953,0.989441
AGCCCTGTCGCACCGT-1,0.000089,0.000089,0.02111,0.978713
AGCCCTTCTAATCCGA-1,0.000264,0.000264,0.064428,0.935043
AGCCGCAAATTCAAAT-1,0.137263,0.000145,0.000145,0.862447
AGCCGTGGCTAAATGT-1,0.005652,0.000192,0.000192,0.993965
AGCCTAATACCCACGT-1,0.002416,0.002418,0.002417,0.992749
AGCCTTAAAGCGGAAG-1,0.000056,0.000056,0.000056,0.999831
AGCCTTGTCACTGATA-1,0.000436,0.000436,0.029599,0.969529
AGCGACAGGAACGGTC-1,0.000057,0.000057,0.021335,0.978551
AGCGACATCCCATTCA-1,0.011626,0.000409,0.000409,0.987557
AGCGACCAACGATATT-1,0.00003,0.00003,0.020902,0.979038
AGCGAGACGTGAAGGC-1,0.000051,0.000051,0.000051,0.999847
AGCGCATAATGAATCG-1,0.000033,0.000033,0.000033,0.999901
AGCGCGGGTGCCAATG-1,0.000262,0.000262,0.000262,0.999213
AGCGCTAGAGCGATGT-1,0.000117,0.000117,0.000117,0.99965
AGCGCTTATGGGCAAG-1,0.002021,0.002022,0.13244,0.863517
AGCGGCGGTTAGCGGT-1,0.000777,0.000778,0.000778,0.997668
AGCGGTTGCCGCTCTG-1,0.000194,0.000194,0.000194,0.999418
AGCGTGGTATTCTACT-1,0.000049,0.000049,0.000049,0.999854
AGCGTTCCGATTTAAA-1,0.000882,0.000882,0.000883,0.997353
AGCTAACAAGCAATGT-1,0.000203,0.000203,0.018859,0.980736
AGCTAGAAGCAGAAGT-1,0.002167,0.000211,0.128794,0.868829
AGCTATTTAATCCAAC-1,0.000238,0.000238,0.042805,0.956719
AGCTCGTTGATGGAAA-1,0.044497,0.001611,0.001612,0.95228
AGCTCTAGACGTTCCA-1,0.000051,0.000051,0.000051,0.999847
AGCTCTTCCCAGTGCA-1,0.000391,0.000392,0.088111,0.911106
AGCTCTTCGTAACCTT-1,0.026138,0.000093,0.209059,0.764709
AGCTCTTTACTCAGTT-1,0.003814,0.000296,0.019823,0.976068
AGCTGAAGTAAACCAA-1,0.004907,0.000112,0.000112,0.994869
AGCTGCATTTGAGGTG-1,0.00285,0.00285,0.00285,0.991449
AGCTGCTGTGCCGAAT-1,0.003004,0.003004,0.18335,0.810641
AGCTGTAACCTCAATC-1,0.000199,0.000199,0.000199,0.999403
AGCTTGATCAGGGTAG-1,0.000218,0.000218,0.022021,0.977544
AGCTTGATCTTAACTT-1,0.00021,0.00021,0.00021,0.99937
AGGACAGTCGAATCCC-1,0.050009,0.000065,0.000065,0.949861
AGGACGACCCATTAGA-1,0.011149,0.000122,0.016229,0.9725
AGGACGCTCGATGTTG-1,0.000498,0.000499,0.000499,0.998504
AGGAGACATCCACAGT-1,0.000419,0.000419,0.162257,0.836904
AGGAGAGTCTGGCTAC-1,0.002915,0.000275,0.42658,0.570229
AGGATATAGGGATTTA-1,0.000972,0.000032,0.006445,0.992551
AGGATCACGCGATCTG-1,0.001263,0.001263,0.001264,0.99621
AGGATTGCTTACGACA-1,0.025158,0.000316,0.000316,0.97421
AGGCAGATGCGTAAAC-1,0.000091,0.000091,0.000091,0.999727
AGGCAGGGAGCGTACT-1,0.000041,0.000041,0.000041,0.999878
AGGCATTGTCGTAGGG-1,0.000063,0.000063,0.013353,0.98652
AGGCCACATTGGTTAC-1,0.000164,0.000164,0.020695,0.978977
AGGCCACCCGTTATGA-1,0.000162,0.000162,0.000162,0.999514
AGGCCCATTGTACAGG-1,0.002055,0.000065,0.000065,0.997815
AGGCCCTAGAACGCCA-1,0.02336,0.000131,0.009032,0.967476
AGGCGGTTTGTCCCGC-1,0.000394,0.000394,0.185685,0.813526
AGGCGTCTATGGACGG-1,0.00019,0.00019,0.00587,0.993751
AGGCTATGGTTAGCTT-1,0.00013,0.00013,0.00013,0.99961
AGGCTTCCCGAAGAAG-1,0.000088,0.000088,0.000088,0.999737
AGGCTTGCTAGACACC-1,0.001522,0.001523,0.001523,0.995432
AGGGAAACGAGGTACT-1,0.000358,0.000357,0.000358,0.998927
AGGGACCGGCTGCGTT-1,0.000117,0.000117,0.000117,0.99965
AGGGACTCTACGCGAC-1,0.005467,0.000093,0.010787,0.983653
AGGGAGACATACTTCG-1,0.000213,0.000213,0.000213,0.999362
AGGGCAGCGGCGTGGT-1,0.002223,0.002223,0.002224,0.99333
AGGGCGAGCAGCTGAT-1,0.000078,0.000078,0.000078,0.999767
AGGGCGTGATCGGCTA-1,0.000374,0.000374,0.000374,0.998877
AGGGCTGCAGTTACAG-1,0.000058,0.000058,0.000058,0.999826
AGGGTCAGAGCACTCG-1,0.001308,0.001308,0.052146,0.945238
AGGGTCAGTAACCCTA-1,0.000239,0.000239,0.303211,0.696312
AGGGTCGATGCGAACT-1,0.012469,0.000151,0.051997,0.935383
AGGGTGCCGTTCTTTA-1,0.000249,0.000249,0.127724,0.871777
AGGGTGCTCTCGAGGG-1,0.005201,0.000118,0.024551,0.97013
AGGGTGGATAGTGCAT-1,0.000281,0.000281,0.000281,0.999156
AGGGTGTGCTACACGC-1,0.002021,0.002021,0.002021,0.993937
AGGGTTCCCTTTGGTT-1,0.00024,0.00024,0.00024,0.99928
AGGGTTTAGTTCGGGA-1,0.000096,0.000096,0.000096,0.999713
AGGTACGATATTGCCA-1,0.000614,0.000614,0.404616,0.594156
AGGTAGATCGAGATAT-1,0.00016,0.00016,0.083298,0.916382
AGGTAGGTACAAAGCT-1,0.000218,0.000218,0.000218,0.999345
AGGTATAATTGATAGT-1,0.002809,0.000116,0.000116,0.99696
AGGTATGCGGACATTA-1,0.000207,0.000207,0.054952,0.944634
AGGTCAGGTGAGAGTG-1,0.000147,0.000147,0.021275,0.978431
AGGTCGCGGAGTTACT-1,0.017456,0.000211,0.082657,0.899676
AGGTGTATCGCCATGA-1,0.000226,0.000226,0.07696,0.922587
AGGTTACACCATGCCG-1,0.000132,0.000133,0.155515,0.84422
AGGTTCTCCTTTCCGG-1,0.000717,0.000717,0.000717,0.997848
AGGTTGAGGCACGCTT-1,0.002176,0.000231,0.000231,0.997361
AGGTTTCACACACCTT-1,0.005176,0.000042,0.000042,0.99474
AGTAACGTTCATCCTG-1,0.000252,0.000252,0.000252,0.999244
AGTAATGTCTTGCCGC-1,0.000119,0.000119,0.000119,0.999644
AGTAATTTGCAAGCGT-1,0.000501,0.000501,0.000501,0.998498
AGTACATCATTTATCA-1,0.012665,0.000116,0.036362,0.950857
AGTACCTTCGAGTGCT-1,0.000137,0.000137,0.000137,0.99959
AGTACGGCCCGTATCG-1,0.000295,0.000295,0.000295,0.999115
AGTACGGGCACCTGGC-1,0.00005,0.00005,0.004539,0.995361
AGTACGTGGCCTGTCT-1,0.000261,0.000261,0.037185,0.962293
AGTAGCTAGACGCCGA-1,0.000211,0.000211,0.035984,0.963595
AGTAGGAAGGAAGTTG-1,0.00045,0.00045,0.242307,0.756793
AGTAGGTAACATACAT-1,0.000919,0.000059,0.000059,0.998964
AGTATAATACTAGGCA-1,0.002032,0.000209,0.017156,0.980604
AGTATACACAGCGACA-1,0.000323,0.000323,0.045233,0.954121
AGTATGCTGGAGACCA-1,0.00029,0.000289,0.00029,0.999131
AGTATTTGGCACGACC-1,0.000215,0.000215,0.021457,0.978114
AGTCAAATGATGTGAT-1,0.000143,0.000143,0.180273,0.81944
AGTCAACACCACCATC-1,0.000075,0.000075,0.008123,0.991727
AGTCAAGATGACACTT-1,0.00007,0.00007,0.029671,0.970189
AGTCCATTGGCTGATG-1,0.000254,0.000254,0.050507,0.948986
AGTCCCGCCTTTAATT-1,0.003274,0.000391,0.058097,0.938238
AGTCCCTCGCAGAAAG-1,0.00029,0.00029,0.079183,0.920237
AGTCGAAACGATTCAG-1,0.000076,0.000076,0.000076,0.999771
AGTCGACGGTCTCAAG-1,0.000111,0.000111,0.000111,0.999668
AGTCGGCCCAAACGAC-1,0.003929,0.000332,0.000332,0.995407
AGTCGGCTCAACTTTA-1,0.000105,0.000105,0.074393,0.925398
AGTCGGTTGCGTGAGA-1,0.000038,0.000038,0.000038,0.999886
AGTCGTGGGCATTACG-1,0.000219,0.000219,0.000219,0.999342
AGTCTAAAGTATACTC-1,0.000135,0.000135,0.064444,0.935287
AGTCTCACAAGACTAC-1,0.000107,0.000107,0.000107,0.999679
AGTCTGGACATCCTTG-1,0.000159,0.000159,0.000159,0.999522
AGTCTTCTCCTCAAAT-1,0.000108,0.000108,0.000108,0.999677
AGTGAACAAACTTCTC-1,0.000075,0.000075,0.000075,0.999776
AGTGAAGATGGTGTCC-1,0.019354,0.00065,0.110315,0.869681
AGTGACCTACTTTACG-1,0.000044,0.000044,0.015714,0.984198
AGTGACTGTGACACAA-1,0.001372,0.127192,0.443002,0.428433
AGTGAGACTTCCAGTA-1,0.009262,0.000134,0.000134,0.99047
AGTGAGCCTCGCCGCC-1,0.000144,0.000144,0.266328,0.733383
AGTGAGGGTTTCTGAC-1,0.001407,0.001407,0.001408,0.995777
AGTGATATGAGTAGTT-1,0.003898,0.000091,0.000091,0.99592
AGTGATTCAAGCAGGA-1,0.065285,0.000095,0.018482,0.916138
AGTGCGTAGCTCGTAA-1,0.000156,0.000156,0.000156,0.999532
AGTGCTTGCACGAATA-1,0.000068,0.000068,0.249658,0.750206
AGTGGCGGCAATTTGA-1,0.000534,0.000534,0.000535,0.998397
AGTGGCTCCGTCGGCC-1,0.000151,0.000151,0.000151,0.999548
AGTGGTGTTACCCGTG-1,0.007962,0.000304,0.000304,0.99143
AGTGGTTGCGTATAGG-1,0.000318,0.000318,0.000318,0.999047
AGTGTATTGCGCATTG-1,0.0113,0.000836,0.000836,0.987028
AGTGTGGTCTATTGTG-1,0.00029,0.00029,0.085102,0.914318
AGTTAAACACTTGCGA-1,0.017784,0.000101,0.000101,0.982014
AGTTAAGCGGTCCCGG-1,0.000487,0.000488,0.000488,0.998537
AGTTAAGTCAACCGCT-1,0.015893,0.000181,0.000181,0.983745
AGTTACCCTTAAGACT-1,0.000426,0.000426,0.000426,0.998722
AGTTACCGCACATGGT-1,0.000141,0.000141,0.094413,0.905305
AGTTACTCTATCGTGG-1,0.000896,0.000896,0.000897,0.997311
AGTTCACCGGTTGGAC-1,0.001355,0.001356,0.001356,0.995933
AGTTCCTATTTATGTT-1,0.00011,0.00011,0.00011,0.999669
AGTTGCGGTCCTCAAC-1,0.000281,0.000281,0.000281,0.999158
AGTTTATGTAAAGACA-1,0.000115,0.000115,0.439427,0.560344
AGTTTCGCAGGTCGGA-1,0.002545,0.000221,0.000221,0.997014
AGTTTGGCACGGGTTG-1,0.000044,0.000044,0.023366,0.976546
AGTTTGGCCAGACCTA-1,0.00024,0.00024,0.00024,0.99928
ATAAACGGACCCGTAA-1,0.005616,0.000024,0.031747,0.962612
ATAAAGGTCAAGTACG-1,0.000198,0.000199,0.035695,0.963908
ATAAATATTAGCAGCT-1,0.000093,0.000093,0.011936,0.987878
ATAACGCCGGAGGGTC-1,0.000055,0.000055,0.000055,0.999834
ATAACGGAGTCCAACG-1,0.003873,0.000161,0.000161,0.995804
ATAACGTTACCTCCAC-1,0.000323,0.000322,0.000322,0.999033
ATAAGCAAACACCGAG-1,0.000276,0.000276,0.000276,0.999172
ATAAGTACCCGATTGT-1,0.000389,0.000389,0.000389,0.998834
ATAAGTAGGATTCAGA-1,0.040184,0.000099,0.126126,0.833591
ATAAGTAGGGCGACTC-1,0.000105,0.000105,0.000105,0.999685
ATAAGTTACCGCGACG-1,0.000124,0.000124,0.000124,0.999628
ATAATAGCTGTTGAAT-1,0.000172,0.000172,0.000172,0.999485
ATACAGCGTCCACTGA-1,0.000294,0.000294,0.000294,0.999118
ATACCACGGGCAACTT-1,0.000363,0.000363,0.000363,0.99891
ATACCAGGCTAATAGA-1,0.00022,0.00022,0.31895,0.68061
ATACCCTCCCGGCCAA-1,0.01639,0.001123,0.103564,0.878924
ATACCGTCATCCATAA-1,0.000559,0.000559,0.378677,0.620206
ATACCTAACCAAGAAA-1,0.005786,0.000237,0.000237,0.99374
ATACGAAGGCTTTCCA-1,0.0002,0.0002,0.0002,0.9994
ATACGACAGATGGGTA-1,0.005052,0.005055,0.084206,0.905687
ATACGCCGGCGAAACC-1,0.000104,0.000104,0.000104,0.999687
ATACGGAACGTCGTTT-1,0.000218,0.000218,0.031457,0.968108
ATACGGGTTTCGATTG-1,0.007534,0.00027,0.00027,0.991927
ATACGGTGAAGATGCA-1,0.000165,0.000165,0.000165,0.999506
ATACGTCCACTCCTGT-1,0.000028,0.000028,0.000028,0.999915
ATACTAGCATGACCCT-1,0.000246,0.000247,0.000247,0.99926
ATACTTGTTCTCGAGC-1,0.000394,0.000394,0.000394,0.998817
ATAGACAACGGGACCT-1,0.000138,0.000138,0.000138,0.999586
ATAGACGAAGAGAAAG-1,0.000038,0.000038,0.043412,0.956511
ATAGAGTTATCAACTT-1,0.000127,0.000127,0.000127,0.99962
ATAGCCTCAGTACCCA-1,0.000184,0.000184,0.000184,0.999448
ATAGGAATCTAAGCTT-1,0.004973,0.000522,0.029045,0.96546
ATAGGCGGCTATAGAA-1,0.000225,0.000226,0.000226,0.999324
ATAGGCTAGCTTCGCA-1,0.000083,0.000083,0.000083,0.999752
ATAGGGATATCCTTGA-1,0.000051,0.000051,0.000051,0.999848
ATAGGTTGGGCAGATG-1,0.000137,0.000137,0.000137,0.999589
ATAGTCTTTGACGTGC-1,0.002585,0.002585,0.136201,0.85863
ATAGTTCCACCCACTC-1,0.000086,0.000086,0.000086,0.999741
ATATACATGTATGGTA-1,0.000353,0.000353,0.000353,0.998941
ATATAGAGTATTGGTC-1,0.000153,0.000153,0.224297,0.775398
ATATCAACCTACAGAG-1,0.001898,0.000047,0.050126,0.94793
ATATCAATTCCAGCCT-1,0.000209,0.000209,0.306929,0.692653
ATATCGGTAGGGAGAT-1,0.000073,0.000073,0.000073,0.99978
ATATCGTGCCAGACCC-1,0.001069,0.001069,0.001069,0.996793
ATATCTCCCTCGTTAA-1,0.000273,0.000273,0.000273,0.999181
ATATCTTAGGGCCTTC-1,0.000012,0.000012,0.014752,0.985224
ATATGTCTCCCTAGCC-1,0.002492,0.000131,0.000131,0.997246
ATATGTGCACAAACCA-1,0.000285,0.000285,0.000285,0.999145
ATATTCAGTTAAACCT-1,0.000076,0.000076,0.017185,0.982664
ATATTCCACATAGTGA-1,0.000532,0.000532,0.000532,0.998404
ATATTCCCACAGGTCA-1,0.044367,0.000071,0.000071,0.95549
ATATTTAACCCTCAAG-1,0.000122,0.000122,0.000122,0.999635
ATCAAACACTGTTCCA-1,0.00009,0.00009,0.01198,0.98784
ATCAAACGAAGGTTTG-1,0.000085,0.000085,0.062379,0.937451
ATCAATCTGGGCTGCA-1,0.000158,0.000158,0.000158,0.999526
ATCAATGCCGTGGCTG-1,0.000121,0.000121,0.109412,0.890347
ATCACATTAGAATATC-1,0.000218,0.000218,0.000218,0.999346
ATCACGTGCTAATTAA-1,0.003177,0.000081,0.000081,0.996661
ATCACTTCATCCTCGC-1,0.000126,0.000125,0.000125,0.999624
ATCAGAAGCTGGTTGC-1,0.000992,0.000993,0.000993,0.997022
ATCAGACGGCACGCCG-1,0.000162,0.000162,0.014409,0.985268
ATCAGCTCGTCCACTA-1,0.000433,0.000433,0.000433,0.998702
ATCAGGTAGCTGACAG-1,0.034164,0.000167,0.488014,0.477654
ATCAGGTCGCCATTGC-1,0.001339,0.001339,0.133809,0.863512
ATCAGTAGGCAGGGAT-1,0.000163,0.000163,0.000163,0.999511
ATCATCCAATATTTGT-1,0.000475,0.000475,0.000475,0.998575
ATCATGGACTACCGAC-1,0.011525,0.000127,0.042576,0.945772
ATCATTGTACCGCATT-1,0.000343,0.000343,0.000343,0.998971
ATCCAACGCAGTCATA-1,0.001877,0.000154,0.000154,0.997815
ATCCAATGGAGGGTCC-1,0.072034,0.000116,0.008184,0.919665
ATCCAATGGTACCGAA-1,0.002627,0.000095,0.000095,0.997182
ATCCACGCTAAATGTT-1,0.00033,0.00033,0.00033,0.99901
ATCCACTTTCAGACTA-1,0.008688,0.000289,0.000289,0.990734
ATCCAGAGCAACAACC-1,0.000037,0.000037,0.000037,0.999889
ATCCAGGATTCGTGAA-1,0.000073,0.000073,0.000073,0.999782
ATCCCATCCACAGCGC-1,0.000197,0.000197,0.056398,0.943208
ATCCTACCTAAGCTCT-1,0.000212,0.000212,0.000212,0.999364
ATCCTGAATCGCTGCG-1,0.000109,0.000109,0.000109,0.999672
ATCCTGCGTGGAATGG-1,0.000191,0.000191,0.000191,0.999426
ATCCTTCTGAAAGAAC-1,0.000761,0.000761,0.183143,0.815334
ATCGACCCAATACAGA-1,0.00027,0.00027,0.00027,0.99919
ATCGACTCTTTCCGTT-1,0.000116,0.000116,0.000116,0.999652
ATCGCACGCCGGGAGA-1,0.000148,0.000148,0.027452,0.972252
ATCGCCAGTCAACATT-1,0.000064,0.000064,0.009331,0.990541
ATCGCTGCGTGCAGCA-1,0.000176,0.000176,0.000176,0.999471
ATCGCTTTACGTCTCA-1,0.000537,0.000537,0.000537,0.998389
ATCGGCAAGCAGTCCA-1,0.058275,0.000401,0.036235,0.905088
ATCGGTTACCTAGTAA-1,0.003147,0.000322,0.054161,0.942369
ATCGTATTCCGAGAAC-1,0.000234,0.000235,0.136648,0.862883
ATCGTGGAAAGTCTGG-1,0.000244,0.000244,0.000244,0.999268
ATCGTTCACTTTCGCC-1,0.004276,0.004275,0.187,0.804449
ATCTCATAAACCTACC-1,0.003585,0.003586,0.148827,0.844001
ATCTCCCTGCAATCTA-1,0.000346,0.000346,0.000346,0.998961
ATCTCGTGAGCGAAAC-1,0.000027,0.000027,0.000027,0.999919
