Barcode,Topic 1,Topic 2to3,Topic 4,Topic 5to6
AAACAACGAATAGTTC-1,0.18486,0.7601,0.05461,0.000431
AAACAAGTATCTCCCA-1,0.002773,0.988978,0.002784,0.005466
AAACACCAATAACTGC-1,0.000509,0.769021,0.229462,0.001007
AAACAGAGCGACTCCT-1,0.201192,0.798447,0.000121,0.00024
AAACAGCTTTCAGAAG-1,0.00015,0.842794,0.156757,0.000298
AAACAGGGTCTATATT-1,0.000947,0.866938,0.130243,0.001873
AAACATTTCCCGGATT-1,0.00196,0.780731,0.213433,0.003876
AAACCCGAACGAAATC-1,0.312402,0.401515,0.285784,0.000299
AAACCGGAAATGTTAA-1,0.001871,0.590352,0.404073,0.003704
AAACCGGGTAGGTACC-1,0.000783,0.996882,0.000785,0.001551
AAACCGTTCGTCCAGG-1,0.321986,0.676786,0.000412,0.000815
AAACCTAAGCAGCCGG-1,0.332383,0.263676,0.398965,0.004976
AAACCTCATGAAGTTG-1,0.732879,0.000022,0.267077,0.000022
AAACGAGACGGTTGAT-1,0.453479,0.53801,0.00286,0.00565
AAACGGGCGTACGGGT-1,0.002443,0.554277,0.438449,0.004831
AAACTCGGTTCGCAAT-1,0.001008,0.762301,0.234695,0.001996
AAACTCGTGATATAAG-1,0.10033,0.61796,0.278908,0.002801
AAACTGCTGGCTCCAA-1,0.192182,0.333306,0.474346,0.000166
AAACTTGCAAACGTAT-1,0.118896,0.603599,0.277358,0.000147
AAAGACTGGGCGCTTT-1,0.463919,0.535899,0.000061,0.000121
AAAGGCTCTCGCGCCG-1,0.000187,0.614982,0.38446,0.000371
AAAGGGCAGCTTGAAT-1,0.106959,0.892636,0.000136,0.000269
AAAGTAGCATTGCTCA-1,0.205777,0.135534,0.657711,0.000978
AAAGTCGACCCTCAGT-1,0.305287,0.384743,0.309852,0.000117
AAAGTGCCATCAATTA-1,0.041784,0.885504,0.072245,0.000466
AAAGTGTGATTTATCT-1,0.000911,0.822806,0.174481,0.001802
AAAGTTGACTCCCGTA-1,0.286759,0.477217,0.234459,0.001565
AAATAACCATACGGGA-1,0.000155,0.949151,0.050389,0.000306
AAATAAGGTAGTGCCC-1,0.000102,0.847256,0.152439,0.000203
AAATACCTATAAGCAT-1,0.000168,0.887309,0.112192,0.000332
AAATAGCTTAGACTTT-1,0.073134,0.841424,0.08503,0.000413
AAATAGGGTGCTATTG-1,0.00018,0.894331,0.105133,0.000356
AAATCCGATACACGCC-1,0.00108,0.795785,0.200998,0.002137
AAATCGTGTACCACAA-1,0.145845,0.607446,0.246516,0.000192
AAATCTAGCCCTGCTA-1,0.002372,0.306359,0.686574,0.004695
AAATGATTCGATCAGC-1,0.645071,0.354461,0.000362,0.000105
AAATGCTCGTTACGTT-1,0.079638,0.919817,0.000183,0.000362
AAATGGCATGTCTTGT-1,0.231688,0.768054,0.000086,0.000171
AAATGGCCCGTGCCCT-1,0.000167,0.891232,0.10827,0.000331
AAATGGTCAATGTGCC-1,0.096846,0.814766,0.087885,0.000503
AAATTAATAAGCGCGA-1,0.119576,0.662785,0.21749,0.00015
AAATTACACGACTCTG-1,0.000509,0.871462,0.127021,0.001007
AAATTACCTATCGATG-1,0.000368,0.998536,0.000368,0.000728
AAATTCCAGGTCCAAA-1,0.152664,0.847085,0.000084,0.000167
AAATTGATAGTCCTTT-1,0.000636,0.78897,0.209136,0.001258
AAATTGCGGCGGTTCT-1,0.113304,0.848759,0.03776,0.000176
AAATTTGCGGGTGTGG-1,0.259504,0.66313,0.076416,0.00095
AACAACTGGTAGTTGC-1,0.027955,0.900279,0.071513,0.000253
AACAATTACTCTACGC-1,0.212178,0.785313,0.000842,0.001667
AACACACGCTCGCCGC-1,0.393858,0.594737,0.003829,0.007576
AACACGAGACGCGGCC-1,0.152105,0.793424,0.054137,0.000333
AACACGCGGCCGCGAA-1,0.019629,0.746474,0.233753,0.000145
AACAGCTGTGTGGCAA-1,0.000376,0.879764,0.119116,0.000744
AACAGGAAATCGAATA-1,0.049697,0.845437,0.103913,0.000952
AACAGGATGGGCCGCG-1,0.234912,0.764754,0.000112,0.000222
AACAGGTAGTATGGAT-1,0.00804,0.968012,0.008074,0.015874
AACATATCAACTGGTG-1,0.250069,0.749315,0.000207,0.00041
AACATTGGTCAGCCGT-1,0.072516,0.759751,0.167581,0.000151
AACCAAGACTTCTCTG-1,0.641421,0.022,0.336321,0.000258
AACCATGGGATCGCTA-1,0.225412,0.774295,0.000098,0.000195
AACCCAGAGACGGAGA-1,0.295523,0.704253,0.000075,0.000149
AACCCATCCCATGATC-1,0.000931,0.771046,0.226182,0.001842
AACCCGAGCAGAATCG-1,0.002594,0.738084,0.254193,0.005129
AACCCTACTGTCAATA-1,0.358073,0.400893,0.240073,0.000961
AACCCTGGTGGAACCA-1,0.000099,0.86837,0.131333,0.000197
AACCGAGCTTGGTCAT-1,0.412439,0.458116,0.129346,0.000098
AACCGCTAAGGGATGC-1,0.001633,0.752728,0.242401,0.003237
AACCTCGCTTTAGCCC-1,0.263843,0.479279,0.256341,0.000537
AACCTGTCACGGAATT-1,0.014986,0.880673,0.104194,0.000147
AACCTTTAAATACGGT-1,0.109566,0.74548,0.144586,0.000368
AACCTTTACGACGTCT-1,0.000111,0.832568,0.167103,0.000219
AACGATAATGCCGTAG-1,0.197602,0.684799,0.117424,0.000176
AACGATATGTCAACTG-1,0.077601,0.921863,0.00018,0.000356
AACGCATGATCTGGGT-1,0.270344,0.676956,0.05247,0.000229
AACGCGAACGGCAACA-1,0.005298,0.900393,0.094113,0.000196
AACGCTGTTGCTGAAA-1,0.001442,0.749378,0.246331,0.002849
AACGGACGTACGTATA-1,0.003509,0.674044,0.315501,0.006945
AACGGCCATCTCCGGT-1,0.002814,0.988814,0.002816,0.005556
AACGTACTGTGGGTAC-1,0.173552,0.824989,0.00049,0.000969
AACGTCAGACTAGTGG-1,0.163104,0.836472,0.000142,0.000282
AACGTGCGAAAGTCTC-1,0.382959,0.063075,0.553709,0.000258
AACGTTATCAGCACCT-1,0.228453,0.767398,0.001395,0.002755
AACTACCCGTTTGTCA-1,0.448259,0.221022,0.326089,0.00463
AACTCAAGTTAATTGC-1,0.000196,0.723826,0.27559,0.000388
AACTCCAGAGCGTGTT-1,0.000103,0.375481,0.624213,0.000203
AACTCCTAATCCCATG-1,0.197557,0.802256,0.000063,0.000124
AACTCGATAAACACGT-1,0.00075,0.505409,0.492353,0.001488
AACTCGATGGCGCAGT-1,0.169437,0.748065,0.082314,0.000184
AACTCTCAATAGAGCG-1,0.205694,0.661768,0.130802,0.001736
AACTCTCAGTGTGCTC-1,0.137218,0.861912,0.000292,0.000578
AACTTCTGCGTCTATC-1,0.155318,0.842681,0.000672,0.001328
AACTTGCCCGTATGCA-1,0.247919,0.749861,0.000746,0.001475
AACTTGCGTTCTCGCG-1,0.052921,0.946123,0.000321,0.000635
AACTTTACGGGAGCTT-1,0.059598,0.829534,0.11072,0.000148
AAGAAGGATCAGTTAG-1,0.276667,0.722912,0.000141,0.00028
AAGACATACGTGGTTT-1,0.004776,0.904729,0.090146,0.000349
AAGACTAACCCGTTGT-1,0.144785,0.660734,0.194317,0.000164
AAGACTGCAAGCTACT-1,0.365311,0.185761,0.448839,0.000089
AAGAGATGAATCGGTA-1,0.239568,0.759931,0.000168,0.000333
AAGAGCTCTTTATCGG-1,0.000329,0.9266,0.07242,0.000651
AAGAGGATGTACGCGA-1,0.240255,0.612219,0.146458,0.001068
AAGAGGCATGGATCGC-1,0.582434,0.32492,0.092186,0.000459
AAGAGGCCCTTTGGAA-1,0.183913,0.355252,0.45924,0.001595
AAGATGGCACCGGACC-1,0.055598,0.891502,0.052283,0.000617
AAGATTGGCGGAACGT-1,0.270054,0.726281,0.001231,0.002433
AAGCACCCTGCGTATC-1,0.254883,0.486779,0.258186,0.000153
AAGCATACTCTCCTGA-1,0.384064,0.179583,0.436279,0.000073
AAGCCGAAGCGGTTTA-1,0.11731,0.701299,0.180601,0.00079
AAGCCGGAGAGCAGGA-1,0.003314,0.986833,0.003316,0.006537
AAGCGCAGGGCTTTGA-1,0.000666,0.746764,0.251253,0.001318
AAGCGTCCCTCATCGA-1,0.148166,0.850943,0.000299,0.000592
AAGCTAGATCGAGTAA-1,0.000129,0.965995,0.03362,0.000255
AAGCTCGTGCCAAGTC-1,0.236517,0.590547,0.172738,0.000197
AAGCTCTTTCATGGTG-1,0.042376,0.956952,0.000226,0.000446
AAGGATCGATCGCTTG-1,0.389166,0.504147,0.106297,0.00039
AAGGATGAGGGACCTC-1,0.271887,0.663995,0.062826,0.001292
AAGGCAGGCTGTCTCC-1,0.004369,0.891084,0.104408,0.000139
AAGGCGCGTAAAGCTT-1,0.205333,0.794355,0.000105,0.000208
AAGGCTGTGCTCATCG-1,0.012535,0.924429,0.062836,0.0002
AAGGGACAGATTCTGT-1,0.625826,0.373127,0.000351,0.000696
AAGGTATCCTAATATA-1,0.00019,0.851269,0.148164,0.000377
AAGGTGATAAACCAGC-1,0.166582,0.829807,0.001213,0.002398
AAGTAGTGACGCGAGG-1,0.129796,0.868479,0.000579,0.001146
AAGTCAATTGTCGTCA-1,0.064825,0.762979,0.166818,0.005377
AAGTCTTCTGTGGCCT-1,0.000386,0.886932,0.111918,0.000765
AAGTGACGACCGAATT-1,0.682446,0.08226,0.235104,0.00019
AAGTGCAAAGGTAGAC-1,0.136963,0.862826,0.000071,0.00014
AAGTGCCTTGACTGTA-1,0.000535,0.72037,0.278037,0.001058
AAGTGCGTTAGAATCT-1,0.001153,0.995408,0.001155,0.002283
AAGTGTTTGGAGACGG-1,0.000252,0.998996,0.000253,0.000499
AAGTTCACTCCAAGCT-1,0.000189,0.819901,0.179534,0.000375
AAGTTCAGTCTGCGTA-1,0.230492,0.736058,0.033241,0.000209
AAGTTCGGCCAACAGG-1,0.000746,0.940958,0.056821,0.001475
AAGTTGTGATGTTATA-1,0.259221,0.733706,0.002377,0.004695
AATAACAACGCTCGGC-1,0.315374,0.642299,0.041518,0.000809
AATAACACTAGAACAA-1,0.000344,0.874465,0.124511,0.00068
AATAAGTCCTCGAGAC-1,0.16867,0.526998,0.304284,0.000048
AATAATCTTCGTATCG-1,0.001327,0.723667,0.272381,0.002625
AATACAATGTTTCAGG-1,0.295472,0.701742,0.000934,0.001852
AATAGAACAGAGTGGC-1,0.351781,0.647376,0.000283,0.00056
AATAGAATCTGTTTCA-1,0.31948,0.038829,0.641536,0.000155
AATAGCTACCGCGTGC-1,0.037997,0.587347,0.374484,0.000173
AATAGTCGCGAGTCGG-1,0.049268,0.950344,0.00013,0.000257
AATATCCTAGCAAACT-1,0.000762,0.726976,0.270753,0.001508
AATATCGAATCAATGC-1,0.002482,0.990126,0.00249,0.004902
AATATCGAGGGTTCTC-1,0.068502,0.904667,0.026475,0.000356
AATATTGGAGTATTGA-1,0.225012,0.649003,0.12424,0.001745
AATCAGACTGCAGGAC-1,0.231319,0.768187,0.000166,0.000328
AATCATGTAAAGACTC-1,0.408309,0.349818,0.238604,0.003268
AATCCATGCAAGGGTG-1,0.274656,0.66504,0.060107,0.000197
AATCGCCTCAGCGCCA-1,0.00026,0.959664,0.039563,0.000514
AATCGCGCAGAGGACT-1,0.213211,0.704379,0.081951,0.000459
AATCGTGAGCCGAGCA-1,0.239739,0.615743,0.141669,0.002849
AATCTAGGTTTACTTG-1,0.000326,0.884272,0.114758,0.000645
AATCTATGCCGGAGCC-1,0.0409,0.801824,0.156749,0.000527
AATCTCTACTGTGGTT-1,0.005741,0.819912,0.173971,0.000376
AATCTGCGTTGGGACG-1,0.138472,0.860469,0.000356,0.000703
AATCTGGCTTTCTAGT-1,0.132042,0.759644,0.10779,0.000524
AATGACAGCAATGTCT-1,0.205064,0.790886,0.001361,0.002689
AATGACGTAGGATGTC-1,0.03421,0.870733,0.094681,0.000376
AATGAGTTCGCATATG-1,0.063601,0.935316,0.000364,0.00072
AATGATGATACGCTAT-1,0.207654,0.791241,0.000371,0.000734
AATGATGCGACTCCTG-1,0.106305,0.893352,0.000115,0.000228
AATGCACCAAGCAATG-1,0.252723,0.746749,0.000177,0.000351
AATGGTCCACCGTTCA-1,0.263176,0.735694,0.000379,0.000751
AATGGTTCTCACAAGC-1,0.234385,0.765322,0.000098,0.000194
AATGTGCCCGAGGTGT-1,0.000937,0.996274,0.000938,0.001852
AATGTTGTCGTGAGAC-1,0.124639,0.87422,0.000383,0.000758
AATTAAAGGTCGGCGT-1,0.22987,0.769256,0.000293,0.000581
AATTACTCGTACGCTC-1,0.001014,0.919429,0.077549,0.002008
AATTCATAAGGGATCT-1,0.098371,0.900676,0.00032,0.000634
AATTCCAACTTGGTGA-1,0.465314,0.308705,0.225669,0.000313
AATTCGATTCGAGGAT-1,0.53627,0.05687,0.405665,0.001195
AATTGAACGCTCTGGT-1,0.000206,0.772253,0.227134,0.000407
AATTGCAGCAATCGAC-1,0.004015,0.818058,0.16999,0.007938
AATTGTGGTTGCCAAA-1,0.025685,0.838469,0.135683,0.000163
AATTTGGGACATAGTA-1,0.008295,0.898871,0.092639,0.000195
AATTTGGTTCCAAAGA-1,0.000691,0.80999,0.187953,0.001366
ACAAAGAAGGTAGGCC-1,0.000125,0.606698,0.392929,0.000248
ACAAAGCATGACCTAG-1,0.191795,0.321863,0.483654,0.002688
ACAAATCGCACCGAAT-1,0.000145,0.82212,0.177448,0.000286
ACAAATGGTAGTGTTT-1,0.003921,0.895676,0.099878,0.000525
ACAACAGCATGAGCTA-1,0.00021,0.905015,0.094358,0.000417
ACAACGGTCCCTGCGA-1,0.70898,0.019022,0.27194,0.000058
ACAAGCAGTGCCTAGC-1,0.512727,0.010901,0.475707,0.000665
ACAAGCTATATGGAAG-1,0.001315,0.704844,0.291236,0.002604
ACAAGGAAATCCGCCC-1,0.000184,0.84405,0.155402,0.000364
ACAAGGACAAGAGGTT-1,0.278013,0.654816,0.067021,0.00015
ACAAGGATGCTTTAGG-1,0.124508,0.874941,0.000185,0.000366
ACAAGGGCAGGCTCTG-1,0.00011,0.706549,0.293124,0.000217
ACAATAGTCGTACGTT-1,0.231993,0.046406,0.721538,0.000063
ACAATCCATTTAAACC-1,0.411665,0.567763,0.019904,0.000668
ACAATGAATACGGAGA-1,0.000554,0.936532,0.061817,0.001097
ACAATTGTGTCTCTTT-1,0.328757,0.000139,0.670966,0.000138
ACAATTTAGGAGGCTC-1,0.068086,0.746446,0.185295,0.000172
ACAATTTGAGCAGTGG-1,0.001892,0.857428,0.136934,0.003746
ACAATTTGGCCATATT-1,0.154685,0.761052,0.084087,0.000176
ACACACCAGGACCAGT-1,0.331365,0.118933,0.548955,0.000746
ACACATTGACGCAACA-1,0.000317,0.895561,0.103496,0.000627
ACACCACATAATTAGC-1,0.012587,0.849135,0.138147,0.000132
ACACCCGAGAAATCCG-1,0.23983,0.759904,0.000089,0.000176
ACACCGAGCGCTCTTT-1,0.001776,0.992942,0.001773,0.003509
ACACCTTAAGTAGGGC-1,0.159693,0.779039,0.061055,0.000213
ACACCTTACTACTTGC-1,0.322892,0.543349,0.133567,0.000192
ACACGAGACTCCTTCT-1,0.08213,0.754607,0.162987,0.000275
ACACGGCACTATGCAT-1,0.00008,0.805788,0.193975,0.000157
ACACGGGAACTTAGGG-1,0.000201,0.879694,0.119708,0.000397
ACACGTAGGCCACAAG-1,0.002304,0.774545,0.218585,0.004567
ACACTCCAATGTCACT-1,0.348206,0.64945,0.000786,0.001558
ACACTGATCAAGGTGT-1,0.589809,0.315042,0.092439,0.00271
ACACTGGGACAGTCGT-1,0.002055,0.81589,0.177989,0.004066
ACAGAACTGAGAACAA-1,0.371222,0.368899,0.259022,0.000857
ACAGCGACATTCTCAT-1,0.000956,0.607802,0.389347,0.001894
ACAGCGCACCCGCAGC-1,0.000475,0.857011,0.141572,0.000942
ACAGGAGGCGCAGCCG-1,0.022076,0.977656,0.00009,0.000178
ACAGGCTTGCCCGACT-1,0.347587,0.651133,0.000429,0.00085
ACAGGTGGAGGTGAGG-1,0.129491,0.868047,0.000827,0.001634
ACAGTAATACAACTTG-1,0.114797,0.807652,0.076428,0.001122
ACATCAGCTGGGACGC-1,0.3161,0.683738,0.000054,0.000107
ACATCCTGGTAACTGT-1,0.598636,0.391888,0.003186,0.00629
ACATCGGTCAGCCGCG-1,0.000271,0.487588,0.511603,0.000538
ACATCGTATGCAATGG-1,0.016404,0.312419,0.670993,0.000184
ACATCGTTAACCTAGT-1,0.000112,0.851763,0.147904,0.000221
ACATCTCAACGCGTAA-1,0.081308,0.470476,0.447966,0.00025
ACATGGCGCCAAAGTA-1,0.630701,0.366276,0.001015,0.002008
ACATGGCTCAATTTAG-1,0.153167,0.846191,0.000216,0.000426
ACCAACACCACACACT-1,0.159858,0.763285,0.076706,0.000151
ACCAACCGCACTCCAC-1,0.064072,0.399861,0.531794,0.004274
ACCAACGCTTATTTAT-1,0.343855,0.654045,0.000705,0.001395
ACCAATATGCAAGTTA-1,0.000137,0.743395,0.256196,0.000272
ACCACCAATGTAACAA-1,0.079562,0.768056,0.15187,0.000512
ACCACGTGCAGCTATA-1,0.000198,0.814705,0.184706,0.000391
ACCACTGTTCAAGAAG-1,0.000474,0.522714,0.475872,0.000939
ACCAGACCATAACAAC-1,0.000196,0.878224,0.121192,0.000388
ACCAGCCCGGTCTTTG-1,0.271334,0.421829,0.306422,0.000414
ACCAGTGCGGGAGACG-1,0.373075,0.36703,0.259322,0.000574
ACCATCCGCCAACTAG-1,0.11798,0.660197,0.221592,0.00023
ACCATCGTATATGGTA-1,0.098169,0.853907,0.04754,0.000385
ACCATTAAGGGTGTCA-1,0.000279,0.576034,0.423134,0.000553
ACCCAACGCCCGTGGC-1,0.004221,0.431522,0.555923,0.008334
ACCCACCTACATGCTC-1,0.164652,0.834916,0.000145,0.000287
ACCCATCTTGAGGGTA-1,0.000369,0.665125,0.333777,0.000729
ACCCATTTGTCCCTCT-1,0.001479,0.683168,0.312429,0.002924
ACCCGGAGCACCACAA-1,0.006748,0.722532,0.257384,0.013335
ACCCGGATGACGCATC-1,0.001133,0.995499,0.001131,0.002237
ACCCGGTTACACTTCC-1,0.036353,0.915586,0.047471,0.00059
ACCCGTAGTCTAGTTG-1,0.157125,0.654671,0.187993,0.00021
ACCCGTGTCATCAGTA-1,0.032699,0.665123,0.302092,0.000085
ACCCTATAGGACTGAG-1,0.095145,0.903969,0.000297,0.000589
ACCCTATGCCATATCG-1,0.107436,0.891324,0.000416,0.000823
ACCCTCCCTTGCTATT-1,0.000163,0.653903,0.34561,0.000323
ACCGAAGAGTCTGGTT-1,0.000473,0.733761,0.264829,0.000936
ACCGACTGAGTCCCAC-1,0.222985,0.707839,0.068026,0.00115
ACCGATAGGCATAACC-1,0.000551,0.911534,0.086826,0.001089
ACCGATATTTAATCAT-1,0.050542,0.799423,0.147004,0.003031
ACCGATGGTAGCATCG-1,0.524614,0.439501,0.012073,0.023812
ACCGCAATAACTGCCT-1,0.000145,0.784658,0.21491,0.000287
ACCGCGGTGGAAGTCG-1,0.119407,0.876156,0.001487,0.00295
ACCGGGCCTTTGTTGA-1,0.498462,0.000739,0.500066,0.000733
ACCTAAGTACCTTTCA-1,0.231035,0.658129,0.107777,0.003058
ACCTAATCGACTTCCT-1,0.247814,0.749487,0.000906,0.001792
ACCTACAGTATGTGGT-1,0.54636,0.000598,0.45296,0.000081
ACCTCCGCCCTCGCTG-1,0.001369,0.525503,0.470418,0.00271
ACCTCCGTTATTCACC-1,0.116961,0.882728,0.000104,0.000206
ACCTGCGTGTCATGTT-1,0.000171,0.742692,0.2568,0.000338
ACGAAATGGGCGGCAC-1,0.324914,0.62623,0.048196,0.00066
ACGACCCATGAGTTGC-1,0.64491,0.342543,0.004213,0.008334
ACGAGAACCCATCACG-1,0.057005,0.799167,0.143659,0.000169
ACGAGATATTTGCTTA-1,0.035807,0.620045,0.343654,0.000494
ACGAGGATACCACTCT-1,0.000143,0.844406,0.155169,0.000282
ACGAGGTTTACAACGT-1,0.004453,0.616514,0.378531,0.000502
ACGAGTACGGATGCCC-1,0.003976,0.944904,0.050666,0.000454
ACGAGTCGCCGGCGTT-1,0.000212,0.775817,0.223551,0.00042
ACGATACATAGAACTA-1,0.000142,0.880426,0.119151,0.000281
ACGATCATCTTGTAAA-1,0.233373,0.765852,0.00026,0.000514
ACGATGCATATGTTAT-1,0.408943,0.493176,0.097242,0.000639
ACGATGGATCCGATGC-1,0.158467,0.841247,0.000096,0.00019
ACGCAATCACTACAGC-1,0.165691,0.833327,0.00033,0.000652
ACGCATACGTTTACTA-1,0.003666,0.713091,0.275995,0.007248
ACGCCAGATGATTTCT-1,0.208182,0.791507,0.000104,0.000207
ACGCCCAGCTGTCGAT-1,0.318512,0.533285,0.148003,0.0002
ACGCCGCTAGACGACC-1,0.000225,0.952035,0.047293,0.000446
ACGCCTGACACGCGCT-1,0.000243,0.762337,0.236939,0.000481
ACGCGCTACACAGGGT-1,0.2322,0.666102,0.099351,0.002348
ACGCGTTTCTTAAGAG-1,0.432538,0.083765,0.483639,0.000058
ACGCTAGTGATACACT-1,0.431221,0.568192,0.000197,0.00039
ACGCTGTGAGGCGTAG-1,0.074105,0.744456,0.181125,0.000314
ACGGAATTTAGCAAAT-1,0.445308,0.506574,0.047943,0.000175
ACGGACTCTCAAAGCG-1,0.270254,0.65649,0.073039,0.000218
ACGGAGCGCAAATTAC-1,0.398789,0.600943,0.00009,0.000178
ACGGATGGTGCGGATA-1,0.050718,0.948428,0.000287,0.000567
ACGGCCAACATGGACT-1,0.085321,0.912169,0.000843,0.001667
ACGGCGACGATGGGAA-1,0.000151,0.858605,0.140946,0.000298
ACGGCGGGTTGCCCTG-1,0.166476,0.630806,0.202526,0.000192
ACGGGAGTGTCGGCCC-1,0.265511,0.73176,0.000917,0.001812
ACGGGTCATGTGACTT-1,0.21995,0.434729,0.343897,0.001425
ACGTAGATTGCTGATG-1,0.185939,0.780815,0.033033,0.000213
ACGTATTACTCCGATC-1,0.309673,0.086476,0.602389,0.001462
ACGTCTCGTTCCGGGA-1,0.000253,0.716812,0.282435,0.000501
ACGTGACAAAGTAAGT-1,0.00019,0.872924,0.126511,0.000375
ACGTTAATGTCGAAGA-1,0.000174,0.874477,0.125006,0.000344
ACGTTAGATTTGCCCG-1,0.000259,0.674112,0.325116,0.000513
ACGTTATTGGTCACTC-1,0.002218,0.991177,0.002218,0.004387
ACGTTCGCAATCAATT-1,0.063863,0.894326,0.041588,0.000223
ACGTTCGTTCAGGAAA-1,0.284588,0.68183,0.032773,0.000809
ACGTTCTGTACAAGTC-1,0.000547,0.830379,0.167992,0.001082
ACGTTTAGTTGTGATC-1,0.310704,0.688655,0.000215,0.000426
ACTACCAGCTCTCTGG-1,0.135569,0.863814,0.000207,0.000411
ACTAGTTGCGATCGTC-1,0.02744,0.59762,0.373858,0.001082
ACTATCCAGGGCATGG-1,0.269384,0.730051,0.00019,0.000375
ACTATCGCCGGCTAAA-1,0.000325,0.852443,0.14659,0.000642
ACTATCTGCCCGCGTA-1,0.00039,0.423554,0.575282,0.000773
ACTATTCGTCCGTGGT-1,0.00027,0.897195,0.102,0.000535
ACTATTTCCGGGCCCA-1,0.00034,0.87776,0.121226,0.000673
ACTCAACGAATGTATT-1,0.000077,0.818566,0.181205,0.000152
ACTCAAGTGCAAGGCT-1,0.26347,0.736051,0.000161,0.000318
ACTCAATAAAGGCACG-1,0.244254,0.755555,0.000064,0.000127
ACTCCCATTCCTAAAG-1,0.000171,0.90442,0.09507,0.000338
ACTCCCGAATTCGTTT-1,0.493704,0.202995,0.303098,0.000202
ACTCCCTAATGCTAAA-1,0.144207,0.692006,0.163228,0.000559
ACTCCCTAGAATAGTA-1,0.000139,0.894372,0.105216,0.000274
ACTCGATGTATTTCAT-1,0.000258,0.881288,0.117945,0.00051
ACTCGCCGTTCGATAA-1,0.196182,0.801393,0.000815,0.00161
ACTCGTAACCCGTCCT-1,0.474188,0.522149,0.001229,0.002433
ACTCGTCAGTAATCCC-1,0.121231,0.726936,0.151192,0.000641
ACTCTCTGACTTAGGT-1,0.00017,0.722411,0.277082,0.000336
ACTCTTGTATAGTAAC-1,0.106422,0.792734,0.100656,0.000188
ACTGAAACGCCGTTAG-1,0.027997,0.275865,0.696016,0.000122
ACTGAATGGCGAAAGT-1,0.000176,0.774638,0.224838,0.000348
ACTGCCGTCGTAACTC-1,0.322875,0.676915,0.00007,0.000139
ACTGCGGACACACCGT-1,0.006678,0.90214,0.09098,0.000202
ACTGCTCGGAAGGATG-1,0.000477,0.805406,0.193172,0.000944
ACTGTACGATACACAT-1,0.404974,0.590338,0.001572,0.003116
ACTGTAGCACTTTGGA-1,0.075162,0.824305,0.100309,0.000224
ACTGTATACGCGAGCA-1,0.200474,0.680913,0.118426,0.000186
ACTGTGCTAGTAGATC-1,0.315868,0.683839,0.000098,0.000195
ACTTACCGGGCGCGCA-1,0.274794,0.72326,0.000654,0.001292
ACTTACGCATCCACGC-1,0.000151,0.566864,0.432685,0.0003
ACTTAGTACGACAAGA-1,0.177578,0.82209,0.000112,0.000221
ACTTATACTTACCCGG-1,0.448291,0.550206,0.000505,0.000998
ACTTATTAGGATCGGT-1,0.324598,0.45525,0.219838,0.000313
ACTTATTTATGTGCCA-1,0.429247,0.00058,0.569598,0.000575
ACTTCAGGCTGATCCC-1,0.000145,0.77809,0.22148,0.000286
ACTTCCATGCGGGACA-1,0.000398,0.853472,0.145342,0.000788
ACTTCGCCATACGCAC-1,0.016684,0.872369,0.110222,0.000725
ACTTGACTCCCTCTTT-1,0.000256,0.967948,0.031291,0.000506
ACTTGTAGTCCCTTCA-1,0.000201,0.819365,0.180036,0.000397
ACTTGTGGATGGAACG-1,0.001147,0.502366,0.49422,0.002268
ACTTTACCCTCATGAA-1,0.229835,0.748656,0.021307,0.000202
ACTTTGACTGCATCCT-1,0.000149,0.560786,0.438771,0.000294
ACTTTGTCGACGCACT-1,0.001701,0.789026,0.205906,0.003367
AGAAATTATGACTCGC-1,0.003302,0.759189,0.230972,0.006537
AGAACCCAGCGTGACA-1,0.009821,0.867925,0.122144,0.00011
AGAACGTGGTACATTC-1,0.056127,0.64309,0.300476,0.000307
AGAAGAGCGCCGTTCC-1,0.002165,0.991399,0.002162,0.004274
AGAAGGTACACTTCAC-1,0.131903,0.865933,0.000727,0.001437
AGAAGGTTGCCGAATT-1,0.116447,0.880748,0.000942,0.001862
AGAAGGTTGTAGGTCG-1,0.182746,0.81693,0.000109,0.000215
AGAAGTGATTCGTGAT-1,0.001669,0.882058,0.112972,0.003301
AGAATAAATCTTCAGG-1,0.000116,0.867508,0.132146,0.00023
AGAATTATGGATTCGA-1,0.182332,0.816591,0.000362,0.000715
AGAATTGTTTGACATA-1,0.196346,0.803148,0.00017,0.000336
AGACAGCTCAGAATCC-1,0.306041,0.693342,0.000207,0.00041
AGACAGGCATCTCAGC-1,0.19457,0.793764,0.003913,0.007753
AGACCAAACCACACCT-1,0.001038,0.927311,0.069593,0.002058
AGACCATGGGATACAA-1,0.33572,0.664046,0.000078,0.000155
AGACCGCTCCGCGGTT-1,0.002334,0.319986,0.67305,0.00463
AGACCGGGAAACCCTG-1,0.125742,0.868157,0.005949,0.000153
AGACGAAGTGCCGGTC-1,0.003241,0.987096,0.003252,0.006411
AGACGACGATGCCGCT-1,0.000411,0.915111,0.083664,0.000813
AGACGCCCACTTCGCC-1,0.000697,0.997229,0.000696,0.001378
AGACTAGCCTTCCAGA-1,0.129925,0.869718,0.00012,0.000237
AGAGAACCGTCTAGGA-1,0.269766,0.728487,0.000586,0.001162
AGAGAAGGAGTACAAT-1,0.061898,0.88792,0.04965,0.000532
AGAGATCTCTAAAGCG-1,0.251071,0.672917,0.075555,0.000457
AGAGCAGTTATGAGAC-1,0.472191,0.527492,0.000106,0.00021
AGAGCCGCCGAGATTT-1,0.441652,0.552071,0.00211,0.004167
AGAGCGTACAAGCTCG-1,0.140544,0.858826,0.000212,0.000419
AGAGCTACGAAAGCAT-1,0.219785,0.77959,0.00021,0.000415
AGAGGCTTCGGAAACC-1,0.148341,0.761357,0.089462,0.00084
AGAGTAAACTTCACTA-1,0.13691,0.393794,0.468823,0.000473
AGATAACTTCAGGGCC-1,0.15528,0.708926,0.135598,0.000196
AGATACCAATAGAACC-1,0.001873,0.992553,0.00187,0.003704
AGATACCGGTGTTCAC-1,0.007864,0.86249,0.128959,0.000687
AGATACGACTTCATAT-1,0.217076,0.782533,0.000131,0.000259
AGATACTCAAGATCGA-1,0.000124,0.662749,0.336881,0.000245
AGATATAATACGACTA-1,0.279637,0.720204,0.000054,0.000106
AGATCGTGCATAAGAT-1,0.275167,0.724212,0.000208,0.000413
AGATCTCAGGTGTGAT-1,0.396798,0.000312,0.602581,0.000309
AGATGAGGGTTGCGAT-1,0.035036,0.964485,0.000161,0.000318
AGATGATGGAGTCTGG-1,0.025378,0.835107,0.1392,0.000315
AGATGCAAGACGTGCA-1,0.000914,0.850442,0.148012,0.000631
AGATGCATCCTGTGTC-1,0.000215,0.761988,0.237372,0.000425
AGATGCTATAACGAGC-1,0.178512,0.638102,0.182425,0.000961
AGATTCACAACCGATA-1,0.00079,0.973481,0.024164,0.001565
AGCAAAGGCCGCTAGT-1,0.14767,0.85197,0.000121,0.000239
AGCAACATATCTTATT-1,0.00113,0.721155,0.275477,0.002237
AGCAACCGAAAGTAAT-1,0.076299,0.87636,0.045805,0.001536
AGCACTACCGGCCTGT-1,0.168362,0.729468,0.101365,0.000805
AGCACTACCTCACCAG-1,0.000175,0.864685,0.134792,0.000347
AGCACTTAAGGACGCC-1,0.409393,0.590276,0.000111,0.00022
AGCATATCAATATGCT-1,0.051679,0.796557,0.147197,0.004567
AGCATCATTTCGAAAG-1,0.033329,0.754062,0.212027,0.000582
AGCATTACGAGGCAAG-1,0.424268,0.568947,0.00228,0.004505
AGCCACAGGTTACCCG-1,0.000548,0.747746,0.250621,0.001086
AGCCACTCCCGTGCTT-1,0.000169,0.529635,0.469862,0.000334
AGCCCATACATGTAAG-1,0.135517,0.755263,0.108024,0.001195
AGCCCTGTCGCACCGT-1,0.149399,0.767645,0.082797,0.000158
AGCCCTTCTAATCCGA-1,0.186569,0.665858,0.147315,0.000257
AGCCCTTGGACATCCC-1,0.00008,0.297054,0.702708,0.000159
AGCCGCAAATTCAAAT-1,0.000324,0.771617,0.227416,0.000642
AGCCGCTTGATTAGCG-1,0.115086,0.884191,0.000243,0.00048
AGCCGTGGCTAAATGT-1,0.104866,0.544924,0.34876,0.001449
AGCCTAATACCCACGT-1,0.000566,0.665573,0.333297,0.000564
AGCCTTAAAGCGGAAG-1,0.004099,0.990064,0.001961,0.003876
AGCGACAGGAACGGTC-1,0.001035,0.995887,0.001033,0.002045
AGCGATGCGCCTAATA-1,0.29227,0.697684,0.003379,0.006668
AGCGCATAATGAATCG-1,0.000139,0.653866,0.345718,0.000276
AGCGCGGGTGCCAATG-1,0.000597,0.997625,0.000595,0.001182
AGCGCTAGAGCGATGT-1,0.00028,0.942104,0.057062,0.000554
AGCGGCGGTTAGCGGT-1,0.055974,0.603549,0.337989,0.002488
AGCGGGAAGGGTCCAT-1,0.125645,0.749846,0.124271,0.000239
AGCGTACGAGAGCTAG-1,0.212232,0.787437,0.000111,0.00022
AGCGTAGCGCTAGACC-1,0.000085,0.896299,0.103448,0.000168
AGCGTCTGAACCCGCA-1,0.043562,0.620236,0.336054,0.000148
AGCGTGGTATTCTACT-1,0.053171,0.723312,0.223187,0.00033
AGCTAAGTACGCAGGC-1,0.001169,0.995349,0.001167,0.002315
AGCTAGAAGCAGAAGT-1,0.096725,0.902794,0.000162,0.000319
AGCTATTTAATCCAAC-1,0.023944,0.515539,0.460322,0.000194
AGCTCCATATATGTTC-1,0.41793,0.571155,0.003668,0.007248
AGCTCCTTCGCACATC-1,0.000251,0.858473,0.140778,0.000498
AGCTCTAGACGTTCCA-1,0.053827,0.836203,0.109697,0.000273
AGCTCTTCCCAGTGCA-1,0.113758,0.885354,0.000298,0.00059
AGCTCTTCGTAACCTT-1,0.027565,0.745539,0.22664,0.000255
AGCTCTTTACTCAGTT-1,0.356705,0.641104,0.000735,0.001456
AGCTGAAGTAAACCAA-1,0.251272,0.615062,0.132459,0.001208
AGCTGTAACCTCAATC-1,0.209525,0.785554,0.001653,0.003268
AGCTTCTTCTCGAGCA-1,0.136855,0.859342,0.001278,0.002526
AGCTTGATCTTAACTT-1,0.521627,0.000303,0.477769,0.0003
AGGAAAGCCTCTGATG-1,0.001576,0.925648,0.06966,0.003116
AGGAACGAACGACTTC-1,0.018476,0.824099,0.157129,0.000297
AGGACAGTCGAATCCC-1,0.431084,0.152306,0.416211,0.0004
AGGACATCGCACGTCG-1,0.269811,0.729624,0.00019,0.000375
AGGACATCGGCACACT-1,0.118915,0.86496,0.015338,0.000786
AGGACGACCCATTAGA-1,0.149319,0.763088,0.087208,0.000385
AGGACGCTCGATGTTG-1,0.000395,0.928019,0.070803,0.000783
AGGACTTATAGGAGAA-1,0.320328,0.265927,0.413213,0.000533
AGGAGGCCTTCGCGCG-1,0.002375,0.705745,0.287184,0.004695
AGGATATAGGGATTTA-1,0.002163,0.991399,0.002164,0.004274
AGGATCACGCGATCTG-1,0.000191,0.869335,0.130097,0.000378
AGGCAATACGGAGGAC-1,0.197162,0.802693,0.000049,0.000096
AGGCACGTGACTGTCC-1,0.003923,0.871071,0.117253,0.007753
AGGCAGATGCGTAAAC-1,0.225543,0.765655,0.002953,0.005849
AGGCAGGGAGCGTACT-1,0.020081,0.877088,0.10253,0.000301
AGGCATTGTCGTAGGG-1,0.003441,0.986316,0.00344,0.006804
AGGCCACCCGTTATGA-1,0.205547,0.794117,0.000113,0.000223
AGGCCCAGTGACTGGT-1,0.142806,0.855971,0.000411,0.000813
AGGCCCTAGAACGCCA-1,0.153442,0.732402,0.113569,0.000587
AGGCCTGAGAATCTCG-1,0.000146,0.920896,0.07867,0.000289
AGGCGATAACTGGCGT-1,0.001938,0.992294,0.001936,0.003832
AGGCTATGGTTAGCTT-1,0.047323,0.952211,0.000157,0.00031
AGGCTTCCCGAAGAAG-1,0.00077,0.996938,0.00077,0.001522
AGGCTTGCTAGACACC-1,0.002215,0.991187,0.002211,0.004386
AGGGAAACGAGGTACT-1,0.193879,0.805771,0.000118,0.000233
AGGGACCGGCTGCGTT-1,0.082463,0.917164,0.000126,0.000248
AGGGACTCTACGCGAC-1,0.000733,0.997085,0.000733,0.001449
AGGGAGACATACTTCG-1,0.001276,0.642539,0.353659,0.002526
AGGGCAGCGGCGTGGT-1,0.022405,0.813581,0.163903,0.00011
AGGGCCCTAATGTTCT-1,0.148473,0.646868,0.199009,0.00565
AGGGCGAGCAGCTGAT-1,0.000065,0.739596,0.26021,0.000128
AGGGCGTGATCGGCTA-1,0.041456,0.695987,0.262293,0.000264
AGGGTCGATGCGAACT-1,0.367198,0.630619,0.000733,0.001449
AGGGTCTGGACGCAGT-1,0.000181,0.876318,0.123142,0.000359
AGGGTGCTCTCGAGGG-1,0.367172,0.631851,0.000328,0.000649
AGGGTGGATAGTGCAT-1,0.425598,0.331045,0.243228,0.000129
AGGGTTCCCTTTGGTT-1,0.17285,0.819544,0.002554,0.005051
AGGTAACCTCCTATTC-1,0.29161,0.606992,0.101233,0.000165
AGGTACGATATTGCCA-1,0.008718,0.884012,0.106928,0.000342
AGGTAGGTACAAAGCT-1,0.427167,0.285296,0.286865,0.000672
AGGTATAATTGATAGT-1,0.275161,0.724393,0.00015,0.000296
AGGTCAGGTGAGAGTG-1,0.000113,0.778261,0.221401,0.000224
AGGTCGCCACTTCGGT-1,0.080754,0.575708,0.34293,0.000608
AGGTCGCCTCCCAACA-1,0.279898,0.716884,0.00108,0.002137
AGGTCGCGGAGTTACT-1,0.056011,0.943576,0.000139,0.000275
AGGTGTATCGCCATGA-1,0.136965,0.689393,0.173487,0.000155
AGGTGTTGCCGACCAC-1,0.002245,0.991058,0.002252,0.004445
AGGTTACACCATGCCG-1,0.318086,0.664393,0.017241,0.000279
AGGTTGAGGCACGCTT-1,0.000131,0.494114,0.505496,0.000259
AGGTTTCACACACCTT-1,0.029694,0.892026,0.077674,0.000606
AGTACATCATTTATCA-1,0.278063,0.721508,0.000144,0.000285
AGTACGGCCCGTATCG-1,0.000112,0.84907,0.150617,0.000201
AGTACGGGCACCTGGC-1,0.000175,0.741774,0.257706,0.000345
AGTACTCTTATGCCCA-1,0.181625,0.809318,0.008558,0.0005
AGTAGGAAGGAAGTTG-1,0.260579,0.73855,0.000293,0.000579
AGTATAATACTAGGCA-1,0.265549,0.734182,0.00009,0.000179
AGTATCCATAATAACG-1,0.006289,0.862633,0.130887,0.000192
AGTATGCTGGAGACCA-1,0.270115,0.625872,0.103626,0.000387
AGTATTTGGCACGACC-1,0.11369,0.347001,0.539155,0.000153
AGTCAACACCACCATC-1,0.023077,0.975761,0.00039,0.000772
AGTCAAGATGACACTT-1,0.000666,0.486611,0.511405,0.001318
AGTCACTAGCTCTCGA-1,0.001792,0.698945,0.295717,0.003546
AGTCACTCCGCCTCAT-1,0.000103,0.779399,0.220294,0.000204
AGTCAGCCACCGCCTG-1,0.614734,0.156784,0.228333,0.000148
AGTCCAGCGGGTACGT-1,0.116488,0.883163,0.000117,0.000232
AGTCCATTGGCTGATG-1,0.335398,0.660885,0.001247,0.002469
AGTCCCGCCTTTAATT-1,0.293863,0.705742,0.000132,0.000262
AGTCGACGGTCTCAAG-1,0.436584,0.415495,0.146068,0.001852
AGTCGGCCCAAACGAC-1,0.229002,0.768479,0.002324,0.000195
AGTCGGCTCAACTTTA-1,0.034455,0.866271,0.097848,0.001425
AGTCGGTTGCGTGAGA-1,0.315767,0.655436,0.028463,0.000334
AGTCGTATAAAGCAGA-1,0.506823,0.491684,0.000501,0.000992
AGTCGTCGACCACCAA-1,0.000124,0.703509,0.29612,0.000246
AGTCGTGGGCATTACG-1,0.001452,0.858667,0.137007,0.002874
AGTCTAAAGTATACTC-1,0.124624,0.589574,0.285359,0.000442
AGTCTCACAAGACTAC-1,0.001034,0.730787,0.266133,0.002045
AGTCTGGACATCCTTG-1,0.022929,0.871417,0.105283,0.000371
AGTCTTCTCCTCAAAT-1,0.051242,0.782464,0.165069,0.001226
AGTCTTTAAAGTGTCC-1,0.002633,0.603948,0.38821,0.005209
AGTGAACAAACTTCTC-1,0.002552,0.778736,0.213661,0.005051
AGTGACCTACTTTACG-1,0.189071,0.662657,0.147652,0.00062
AGTGAGACTTCCAGTA-1,0.164346,0.678042,0.151551,0.006061
AGTGAGCCTCGCCGCC-1,0.129526,0.869927,0.000183,0.000363
AGTGAGTCGAATTAAC-1,0.425635,0.274363,0.298229,0.001773
AGTGATAACCTGCGCG-1,0.000112,0.726061,0.273606,0.000221
AGTGATATGAGTAGTT-1,0.366709,0.632164,0.000378,0.000749
AGTGATTCAAGCAGGA-1,0.381867,0.210324,0.404021,0.003788
AGTGCACGCTTAAGAA-1,0.000159,0.712388,0.287139,0.000314
AGTGCGTAGCTCGTAA-1,0.087321,0.85237,0.059566,0.000742
AGTGCTAAACACAGCA-1,0.000138,0.633184,0.366405,0.000273
AGTGCTTGCACGAATA-1,0.002163,0.991396,0.002167,0.004274
AGTGGCGGCAATTTGA-1,0.260995,0.73806,0.000317,0.000629
AGTGGCGTCTGAAGGT-1,0.001776,0.992947,0.001768,0.003509
AGTGGCTCCGTCGGCC-1,0.000072,0.293298,0.706486,0.000143
AGTGGGAGTATACACG-1,0.43555,0.461989,0.102387,0.000074
AGTGGTGTTACCCGTG-1,0.000708,0.775725,0.222166,0.001401
AGTGGTTGCGTATAGG-1,0.001267,0.898876,0.099443,0.000415
AGTGTATTGCGCATTG-1,0.467309,0.432877,0.099541,0.000273
AGTGTGCTAAGATCGC-1,0.17071,0.824061,0.001756,0.003473
AGTGTGGTCTATTGTG-1,0.050723,0.948243,0.000347,0.000687
AGTTAAACACTTGCGA-1,0.000226,0.952192,0.047134,0.000447
AGTTAAGCGGTCCCGG-1,0.000161,0.924914,0.074606,0.000319
AGTTAAGTCAACCGCT-1,0.509823,0.320699,0.168598,0.00088
AGTTACCCTTAAGACT-1,0.317825,0.393831,0.287737,0.000607
AGTTACCGCACATGGT-1,0.064086,0.935642,0.000091,0.000181
AGTTACTCTATCGTGG-1,0.048846,0.771734,0.179166,0.000253
AGTTATTGAAAGGTAA-1,0.292302,0.581953,0.12514,0.000604
AGTTCACCGGTTGGAC-1,0.260098,0.591519,0.145297,0.003087
AGTTCTGCGTTGTATC-1,0.302944,0.695982,0.00036,0.000714
AGTTGACATCGGCTGG-1,0.12462,0.874969,0.000138,0.000272
AGTTGCTGACTGATAT-1,0.409153,0.589212,0.000549,0.001086
AGTTGGCAAGGCTAGA-1,0.000163,0.858172,0.141343,0.000322
AGTTTGCACCTGCCTC-1,0.000145,0.951434,0.048135,0.000287
AGTTTGGCACGGGTTG-1,0.001918,0.763719,0.232032,0.002331
AGTTTGGCCAGACCTA-1,0.403277,0.21418,0.381374,0.00117
ATAAACGTTGCACCAC-1,0.001982,0.721142,0.272954,0.003922
ATAAAGGCTCGGTCGT-1,0.330312,0.611412,0.05806,0.000216
ATAAATATTAGCAGCT-1,0.193057,0.805765,0.000395,0.000783
ATAACGCCGGAGGGTC-1,0.311017,0.686029,0.000992,0.001961
ATAACGGAGTCCAACG-1,0.002517,0.537493,0.455014,0.004976
ATAAGGTGGAGAACAT-1,0.093511,0.497565,0.408739,0.000185
ATAAGTAGGATTCAGA-1,0.189347,0.810239,0.000139,0.000275
ATAAGTAGGGCGACTC-1,0.209449,0.790182,0.000124,0.000245
ATAAGTTACCGCGACG-1,0.001962,0.992198,0.001964,0.003876
ATAATACCGTTAGCCG-1,0.307647,0.691022,0.000446,0.000884
ATAATAGTGTAGGGAC-1,0.270604,0.729065,0.000111,0.00022
ATAATCTTGGAGAACC-1,0.425367,0.288243,0.286298,0.000092
ATACAGGCCCTCCAAT-1,0.021206,0.978399,0.000133,0.000263
ATACCACGGGCAACTT-1,0.001372,0.994543,0.001374,0.00271
ATACCCTGGCTCAAAT-1,0.232165,0.722443,0.045263,0.000129
ATACGCCGGCGAAACC-1,0.000088,0.754131,0.245606,0.000174
ATACGGAACGTCGTTT-1,0.263635,0.485176,0.24984,0.00135
ATACGGGTTTCGATTG-1,0.000325,0.942205,0.056829,0.000642
ATACGGTGAAGATGCA-1,0.209916,0.705925,0.084014,0.000145
ATACGTACTTAGCCAC-1,0.002999,0.910322,0.08626,0.000419
ATACGTCCACTCCTGT-1,0.368813,0.048728,0.581652,0.000807
ATACTACCCGTACCAC-1,0.00649,0.793532,0.187156,0.012822
ATACTCTCGCCACTCT-1,0.236379,0.763333,0.000097,0.000192
ATACTGCCTTACACCG-1,0.327353,0.619566,0.052672,0.000409
ATACTTGTTCTCGAGC-1,0.005958,0.775398,0.218484,0.00016
ATAGACAACGGGACCT-1,0.000221,0.887551,0.111791,0.000437
ATAGACGAAGAGAAAG-1,0.175856,0.823854,0.000097,0.000192
ATAGAGTTATCAACTT-1,0.152812,0.794107,0.051478,0.001603
ATAGCAACTAGGGAAG-1,0.002276,0.824458,0.16876,0.004505
ATAGCCTCAGTACCCA-1,0.073902,0.922296,0.001276,0.002525
ATAGCTGCTCTTGTTA-1,0.000388,0.858933,0.13991,0.000768
ATAGGCGGCTATAGAA-1,0.25021,0.746921,0.000964,0.001905
ATAGGCTAGCTTCGCA-1,0.104138,0.894928,0.000313,0.000621
ATAGGGATATCCTTGA-1,0.457295,0.51695,0.025628,0.000127
ATAGTTCCACCCACTC-1,0.359425,0.638971,0.000538,0.001065
ATATAAAGCGCTCGTG-1,0.001916,0.992379,0.001916,0.003788
ATATAAATGTAGCTGC-1,0.094851,0.577626,0.32739,0.000133
ATATAACACGGGCGCA-1,0.001576,0.74256,0.252748,0.003116
ATATACATGTATGGTA-1,0.000246,0.602477,0.396789,0.000487
ATATACGCTCGTGACG-1,0.005275,0.679392,0.304916,0.010417
ATATCAACCTACAGAG-1,0.390525,0.608732,0.000249,0.000494
ATATCAATTCCAGCCT-1,0.000352,0.722597,0.276353,0.000697
ATATCGGTAGGGAGAT-1,0.47164,0.115428,0.412743,0.00019
ATATCGTTCCTCGAAC-1,0.000228,0.928239,0.071081,0.000452
ATATCTCCCTCGTTAA-1,0.105357,0.892517,0.000713,0.001413
ATATGTCTCCCTAGCC-1,0.09913,0.900014,0.000287,0.000569
ATATTATCCCGTATTT-1,0.000393,0.889074,0.109754,0.000779
ATATTCAGTTAAACCT-1,0.013313,0.984712,0.000663,0.001312
ATATTCCACATAGTGA-1,0.034792,0.867998,0.096819,0.000392
ATATTGCTGTCAAAGT-1,0.34764,0.652101,0.000087,0.000173
ATATTGGAGAGGCCTT-1,0.001591,0.875057,0.120207,0.003145
ATCAAACACTGTTCCA-1,0.320314,0.384728,0.293759,0.001199
ATCAAACGAAGGTTTG-1,0.002055,0.893098,0.100782,0.004066
ATCACATTAGAATATC-1,0.000306,0.722427,0.276662,0.000605
ATCACGTGCTAATTAA-1,0.00137,0.994549,0.00137,0.00271
ATCACTTCATCCTCGC-1,0.196317,0.802946,0.000247,0.00049
ATCAGACGGCACGCCG-1,0.000438,0.677119,0.321578,0.000866
ATCAGCCTCATGCTGC-1,0.058801,0.938979,0.000745,0.001475
ATCAGCTCGTCCACTA-1,0.049142,0.852335,0.098032,0.000491
ATCAGTAGGCAGGGAT-1,0.129749,0.867477,0.000932,0.001842
ATCATAGCCCTATGTA-1,0.006496,0.807999,0.172683,0.012822
ATCCAACGCAGTCATA-1,0.348689,0.651002,0.000104,0.000205
ATCCAATGGAGGGTCC-1,0.002765,0.935909,0.055861,0.005465
ATCCAATGGTACCGAA-1,0.000125,0.704731,0.294896,0.000247
ATCCACATCGACAGAA-1,0.427018,0.179269,0.393643,0.00007
ATCCAGAGCAACAACC-1,0.00123,0.995104,0.001232,0.002433
ATCCAGGATTCGTGAA-1,0.443758,0.555726,0.000173,0.000342
ATCCGGACCAGCCTGA-1,0.001326,0.736645,0.259404,0.002625
ATCCTACCTAAGCTCT-1,0.27215,0.726334,0.000509,0.001007
ATCCTGAATCGCTGCG-1,0.487194,0.443992,0.068376,0.000439
ATCCTGCGTGGAATGG-1,0.030145,0.796395,0.172507,0.000952
ATCGCACGATTGTTCA-1,0.129635,0.870012,0.000119,0.000234
ATCGCCAGTCAACATT-1,0.356471,0.00127,0.641001,0.001258
ATCGCTGCGTGCAGCA-1,0.191893,0.243663,0.564121,0.000322
ATCGGAGACAGACGGC-1,0.00022,0.939273,0.060071,0.000436
ATCGGCAAGCAGTCCA-1,0.337947,0.640675,0.020956,0.000421
ATCGGTTACCTAGTAA-1,0.000127,0.78396,0.215663,0.00025
ATCGTATTCCGAGAAC-1,0.094882,0.338278,0.566013,0.000827
ATCGTCCAATCGAGTC-1,0.24011,0.759055,0.00028,0.000555
ATCGTTAGCTAGCGGA-1,0.001873,0.581691,0.412732,0.003704
ATCTAACGTCCCTATG-1,0.000208,0.58536,0.414019,0.000413
ATCTAATATCCTACGG-1,0.182669,0.807491,0.003303,0.006537
ATCTATCGATGATCAA-1,0.237689,0.762145,0.000056,0.000111
ATCTCCCACGGAATAT-1,0.002908,0.419733,0.571611,0.005748
ATCTCCCTGCAATCTA-1,0.259944,0.625591,0.114391,0.000073
ATCTCGTGAGCGAAAC-1,0.008419,0.966472,0.008442,0.016668
ATCTGATAGTGTCTTA-1,0.001913,0.843179,0.15112,0.003788
ATCTGCACCTCTGCGA-1,0.075199,0.924061,0.000248,0.000492
ATCTGGGCTGTTCTTG-1,0.236114,0.659242,0.10372,0.000923
ATCTGGTTAAGACTGT-1,0.481663,0.29438,0.22354,0.000417
ATCTTATCGCACACCC-1,0.194122,0.784087,0.007299,0.014493
ATCTTGACCTGCAACG-1,0.270614,0.726199,0.002974,0.000213
ATCTTGACTTGTCCAA-1,0.430748,0.568839,0.000139,0.000275
ATGAAGCCAAGGAGCC-1,0.068905,0.772672,0.157799,0.000624
ATGAAGTGGACCCAGC-1,0.23264,0.041863,0.725314,0.000183
ATGACGCGTTCTATCC-1,0.002135,0.991511,0.002134,0.00422
ATGACTATGCGACATT-1,0.041707,0.405743,0.551435,0.001115
ATGAGGAGTGTTAATC-1,0.398009,0.60178,0.000071,0.00014
ATGAGGGCAGCGGCTA-1,0.145201,0.803122,0.05149,0.000186
ATGATGCAATGGTACA-1,0.248086,0.750069,0.00062,0.001226
ATGCACCTTCCTTAAT-1,0.419947,0.410408,0.168869,0.000775
ATGCACTACCGCATTG-1,0.245851,0.753696,0.000152,0.000301
ATGCCAATCGCTCTGC-1,0.000123,0.538323,0.461328,0.000226
ATGCCATTTGCGACCA-1,0.065287,0.925058,0.003245,0.006411
ATGCCGGTCTTGCATA-1,0.176971,0.528895,0.29342,0.000714
ATGCCGGTTGATGGGA-1,0.000324,0.919828,0.079208,0.00064
ATGCGACAGTCCCATT-1,0.021653,0.909793,0.068172,0.000383
ATGCGAGTCCCACCAC-1,0.374427,0.619452,0.002056,0.004065
ATGCTCAGTGTTGCAT-1,0.222283,0.777361,0.00012,0.000237
ATGCTCTGGCGCGGTA-1,0.082823,0.733563,0.183434,0.00018
ATGCTTAGGAGTTGAT-1,0.001441,0.810403,0.185307,0.002849
ATGGAAATTTAAGGAG-1,0.000663,0.832767,0.165257,0.001312
ATGGAACCTTTGCACA-1,0.03926,0.907858,0.05266,0.000223
ATGGATCCGGCGTCCG-1,0.000191,0.824251,0.175179,0.000378
ATGGCAGCCGAGAAAC-1,0.000091,0.816847,0.182882,0.00018
ATGGGCCTCGGCCTCT-1,0.065074,0.928875,0.002034,0.004017
ATGGTCGCGTGGTTTC-1,0.030401,0.968453,0.000385,0.000761
ATGTAAGGCTGCTCTT-1,0.201788,0.797759,0.000152,0.000301
ATGTACATGCGGTGAG-1,0.458583,0.53974,0.000562,0.001115
ATGTCATTTCCCATTG-1,0.001213,0.869902,0.126487,0.002398
ATGTGAAAGCCTAATG-1,0.260978,0.599687,0.138982,0.000352
ATGTGGACATCTTGAT-1,0.176883,0.504275,0.318605,0.000237
ATGTTACGAGCAATAC-1,0.245368,0.754321,0.000104,0.000206
ATGTTCCTGCCCACCT-1,0.00031,0.742532,0.256545,0.000613
ATGTTCGTCGACCCAC-1,0.552903,0.050983,0.396012,0.000103
ATGTTGATTAGAGACT-1,0.000449,0.861359,0.137303,0.000889
ATTAAAGCGGACGAGC-1,0.00006,0.618706,0.381116,0.000119
ATTAACACCTGAGATA-1,0.000104,0.885843,0.113846,0.000206
ATTAATACTACGCGGG-1,0.000826,0.825585,0.171954,0.001634
ATTAATGAACCAGTCG-1,0.0002,0.908969,0.090435,0.000396
ATTACAACTACCGGCC-1,0.015596,0.796161,0.187978,0.000266
ATTACATGTCAGTCTT-1,0.000494,0.668226,0.330302,0.000978
ATTACCACACTGCCTG-1,0.005805,0.325412,0.657288,0.011496
ATTACGCGCTGGCAGG-1,0.002314,0.877976,0.118709,0.001001
ATTACTAGCCTCTTGC-1,0.34579,0.220295,0.433798,0.000117
ATTACTTACTGGGCAT-1,0.439195,0.525039,0.035502,0.000264
ATTAGATTCCTCAGCA-1,0.000242,0.896751,0.102527,0.00048
ATTAGGCGATGCTTTC-1,0.060288,0.917018,0.022457,0.000237
ATTATACTTTGCTCGT-1,0.000323,0.861228,0.137809,0.00064
ATTATAGCTACTTTAC-1,0.388532,0.611209,0.000087,0.000172
ATTATTATGTCCGTCA-1,0.356719,0.511255,0.13164,0.000386
ATTATTCAGAGTCACT-1,0.00331,0.986836,0.003318,0.006537
ATTCAAAGTACCTGTT-1,0.000205,0.722642,0.276747,0.000406
ATTCAACCATTTAAGG-1,0.377557,0.210472,0.410528,0.001443
ATTCACTGATGTTGGA-1,0.000959,0.996187,0.00096,0.001894
ATTCAGGACCTATTTC-1,0.086268,0.912613,0.000376,0.000742
ATTCAGTAGCAGGGTC-1,0.197695,0.799832,0.000831,0.001642
ATTCATCGTTGAGGCA-1,0.130683,0.522853,0.346215,0.000249
ATTCCCACATAAACAA-1,0.226734,0.77272,0.000183,0.000362
ATTCCTAAGACGTGGA-1,0.000335,0.754863,0.24414,0.000663
ATTCCTCCGCCAGTGC-1,0.266113,0.733266,0.000208,0.000413
ATTCCTTCCAGGCGGT-1,0.142899,0.778458,0.078347,0.000296
ATTCGACGCCGGGCCT-1,0.856607,0.011002,0.131305,0.001086
ATTCGCGCCTTGAGAG-1,0.380032,0.232485,0.384367,0.003116
ATTCGTGCTATCTCTT-1,0.000242,0.809305,0.189974,0.000479
ATTGAAGATCTTAGTG-1,0.516239,0.306467,0.176915,0.000379
ATTGACGTAACTCGGT-1,0.413681,0.576588,0.009525,0.000206
ATTGATAGCAACGAGA-1,0.068122,0.931321,0.000187,0.00037
ATTGATCACCACATTT-1,0.000882,0.75862,0.238752,0.001745
ATTGATGAGTCCTAAC-1,0.000304,0.89294,0.106154,0.000602
ATTGCCTTTATGTTTG-1,0.278576,0.621649,0.093821,0.005953
ATTGCGATCAGTAACT-1,0.808598,0.060437,0.130782,0.000183
ATTGCTGCTCCTCCAT-1,0.078589,0.920117,0.000435,0.000859
ATTGGATTACAGCGTA-1,0.001053,0.330504,0.66636,0.002084
