Barcode,Topic 1,Topic 2,Topic 3to10
AAACAACGAATAGTTC-1,0.000029,0.01403,0.985941
AAACAAGTATCTCCCA-1,0.000013,0.006955,0.993032
AAACACCAATAACTGC-1,0.000405,0.000405,0.99919
AAACAGAGCGACTCCT-1,0.000035,0.046977,0.952988
AAACAGCTTTCAGAAG-1,0.000069,0.000069,0.999863
AAACAGGGTCTATATT-1,0.000084,0.000084,0.999831
AAACATTTCCCGGATT-1,0.000015,0.020314,0.979671
AAACCGGGTAGGTACC-1,0.000145,0.000145,0.999711
AAACCGTTCGTCCAGG-1,0.000044,0.000044,0.999911
AAACCTAAGCAGCCGG-1,0.000037,0.000037,0.999926
AAACCTCATGAAGTTG-1,0.000083,0.016641,0.983276
AAACGAAGAACATACC-1,0.000122,0.028074,0.971804
AAACGAGACGGTTGAT-1,0.000026,0.000026,0.999948
AAACGGGCGTACGGGT-1,0.000083,0.067087,0.93283
AAACTAACGTGGCGAC-1,0.000031,0.431164,0.568804
AAACTCGGTTCGCAAT-1,0.000476,0.000476,0.999047
AAACTCGTGATATAAG-1,0.000022,0.000022,0.999956
AAACTGCTGGCTCCAA-1,0.000022,0.000022,0.999956
AAACTTAATTGCACGC-1,0.000094,0.07169,0.928216
AAACTTGCAAACGTAT-1,0.000334,0.000335,0.999331
AAAGACCCAAGTCGCG-1,0.00002,0.029136,0.970844
AAAGACTGGGCGCTTT-1,0.0001,0.0001,0.999801
AAAGGCCCTATAATAC-1,0.000102,0.014883,0.985014
AAAGGGATGTAGCAAG-1,0.000225,0.000225,0.99955
AAAGGGCAGCTTGAAT-1,0.000053,0.000053,0.999893
AAAGGTAAGCTGTACC-1,0.000036,0.085282,0.914681
AAAGTAGCATTGCTCA-1,0.000168,0.125915,0.873917
AAAGTCACTGATGTAA-1,0.000017,0.009692,0.990292
AAAGTCGACCCTCAGT-1,0.000068,0.000068,0.999864
AAAGTGTGATTTATCT-1,0.000006,0.006388,0.993606
AAAGTTGACTCCCGTA-1,0.000016,0.036644,0.96334
AAATAACCATACGGGA-1,0.000025,0.000025,0.999949
AAATAAGGTAGTGCCC-1,0.000043,0.000556,0.999401
AAATACCTATAAGCAT-1,0.000029,0.000029,0.999943
AAATAGCTTAGACTTT-1,0.000028,0.024397,0.975576
AAATAGGGTGCTATTG-1,0.000052,0.000052,0.999895
AAATCCGATACACGCC-1,0.000091,0.029934,0.969975
AAATCTAGCCCTGCTA-1,0.000011,0.004976,0.995012
AAATGATTCGATCAGC-1,0.000071,0.000071,0.999858
AAATGCTCGTTACGTT-1,0.000031,0.000031,0.999939
AAATGGCATGTCTTGT-1,0.000077,0.000077,0.999847
AAATGGCCCGTGCCCT-1,0.000233,0.000233,0.999535
AAATGGTCAATGTGCC-1,0.000091,0.023973,0.975937
AAATGTATCTTATCCC-1,0.000027,0.000027,0.999947
AAATTAATAAGCGCGA-1,0.000102,0.000102,0.999796
AAATTACACGACTCTG-1,0.000032,0.000032,0.999936
AAATTACCTATCGATG-1,0.000027,0.015952,0.984021
AAATTGATAGTCCTTT-1,0.000011,0.000011,0.999978
AAATTGCGGCGGTTCT-1,0.000111,0.000112,0.999777
AAATTTACCGAAATCC-1,0.000025,0.086517,0.913459
AAATTTGCGGGTGTGG-1,0.000068,0.000068,0.999864
AACAACTGGTAGTTGC-1,0.000055,0.026421,0.973524
AACAATACATTGTCGA-1,0.000023,0.02072,0.979256
AACAATTACTCTACGC-1,0.00026,0.00026,0.99948
AACACACGCTCGCCGC-1,0.000018,0.001062,0.998921
AACACGACTGTACTGA-1,0.000251,0.000251,0.999499
AACACGAGACGCGGCC-1,0.000521,0.083154,0.916325
AACACGCGGCCGCGAA-1,0.000026,0.06643,0.933544
AACAGCTGTGTGGCAA-1,0.000054,0.000054,0.999891
AACAGGAAATCGAATA-1,0.001587,0.001588,0.996825
AACAGGATGGGCCGCG-1,0.000296,0.000296,0.999408
AACATATCAACTGGTG-1,0.000045,0.022404,0.977551
AACATCGATACGTCTA-1,0.00003,0.070567,0.929403
AACATTGAAGTTGATC-1,0.000122,0.059461,0.940417
AACATTGGTCAGCCGT-1,0.000119,0.000119,0.999762
AACCAAGACTTCTCTG-1,0.000375,0.000375,0.999251
AACCAGTATCACTCTT-1,0.000041,0.086764,0.913195
AACCATAGGGTTGAAC-1,0.000073,0.000073,0.999855
AACCATGGGATCGCTA-1,0.000358,0.000359,0.999283
AACCCAGAGACGGAGA-1,0.000035,0.014743,0.985222
AACCCATCCCATGATC-1,0.000103,0.000103,0.999793
AACCCGACAACCCGTG-1,0.000076,0.000076,0.999847
AACCCTACTGTCAATA-1,0.000026,0.039187,0.960787
AACCCTGGTGGAACCA-1,0.000085,0.000085,0.99983
AACCGAGCTTGGTCAT-1,0.000044,0.000044,0.999912
AACCGCTAAGGGATGC-1,0.000019,0.054509,0.945472
AACCGTTGTGTTTGCT-1,0.000176,0.000176,0.999648
AACCTAAAGCCGTCCG-1,0.000121,0.000121,0.999759
AACCTCGCTTTAGCCC-1,0.000078,0.037796,0.962126
AACCTTTAAATACGGT-1,0.000023,0.048669,0.951308
AACCTTTACGACGTCT-1,0.000042,0.048024,0.951934
AACGAAAGTCGTCCCA-1,0.000145,0.030525,0.96933
AACGATAATGCCGTAG-1,0.000047,0.000047,0.999906
AACGATAGAAGGGCCG-1,0.00003,0.116541,0.883429
AACGATATGTCAACTG-1,0.00005,0.00005,0.999901
AACGCATGATCTGGGT-1,0.000029,0.010814,0.989157
AACGCGAACGGCAACA-1,0.000044,0.000044,0.999912
AACGCGGTCTCCAGCC-1,0.000289,0.000289,0.999422
AACGCTGTTGCTGAAA-1,0.000027,0.000027,0.999946
AACGGACGTACGTATA-1,0.000011,0.000011,0.999977
AACGGCCATCTCCGGT-1,0.000039,0.000039,0.999921
AACGTACTGTGGGTAC-1,0.000023,0.004072,0.995905
AACGTCAGACTAGTGG-1,0.000049,0.019643,0.980309
AACGTGATGAAGGACA-1,0.000026,0.064871,0.935103
AACGTGCGAAAGTCTC-1,0.000046,0.000046,0.999909
AACGTTATCAGCACCT-1,0.000032,0.000032,0.999936
AACTAGCGTATCGCAC-1,0.000065,0.000065,0.99987
AACTAGGCTTGGGTGT-1,0.000251,0.000251,0.999499
AACTCAAGTTAATTGC-1,0.000029,0.000029,0.999943
AACTCCAGAGCGTGTT-1,0.000075,0.000075,0.99985
AACTCCTAATCCCATG-1,0.000038,0.036156,0.963806
AACTCGATAAACACGT-1,0.000066,0.023663,0.976271
AACTCGATGGCGCAGT-1,0.000067,0.000067,0.999866
AACTCTCAATAGAGCG-1,0.000016,0.116719,0.883265
AACTCTCAGTGTGCTC-1,0.000009,0.000009,0.999983
AACTGAGGTCAGCGTC-1,0.000039,0.560941,0.43902
AACTGATATTAGGCCT-1,0.001639,0.00164,0.996721
AACTGGGTCCCGACGT-1,0.00073,0.00073,0.99854
AACTGGGTTCGAGCCG-1,0.000059,0.025611,0.97433
AACTGGTGTGGGCCTT-1,0.000034,0.006584,0.993382
AACTTCTGCGTCTATC-1,0.000053,0.000053,0.999893
AACTTGCCCGTATGCA-1,0.000266,0.000266,0.999468
AACTTGCGTTCTCGCG-1,0.000086,0.000086,0.999828
AACTTTACGGGAGCTT-1,0.000018,0.000018,0.999963
AACTTTAGCTGCTGAG-1,0.000037,0.031638,0.968326
AAGAAGGATCAGTTAG-1,0.000082,0.000082,0.999835
AAGACCAAATAACTCA-1,0.000305,0.000305,0.99939
AAGACTAACCCGTTGT-1,0.000019,0.000019,0.999963
AAGACTGCAAGCTACT-1,0.000025,0.000025,0.999949
AAGAGATGAATCGGTA-1,0.000036,0.000036,0.999927
AAGAGCTCTTTATCGG-1,0.000042,0.000042,0.999916
AAGAGGATGTACGCGA-1,0.000193,0.090053,0.909754
AAGAGGCATGGATCGC-1,0.000045,0.000045,0.999911
AAGATGGCACCGGACC-1,0.000045,0.004359,0.995596
AAGATTGGCGGAACGT-1,0.000038,0.087077,0.912885
AAGCACCCTGCGTATC-1,0.000044,0.000044,0.999911
AAGCATACTCTCCTGA-1,0.000033,0.000033,0.999933
AAGCCACTTGCAGGTA-1,0.000026,0.000026,0.999948
AAGCCGCCGTGAAATC-1,0.000234,0.000234,0.999532
AAGCGCAGGGCTTTGA-1,0.000704,0.018701,0.980595
AAGCGGCGTCATGGGT-1,0.000042,0.018381,0.981578
AAGCGTCCCTCATCGA-1,0.000059,0.000059,0.999882
AAGCTAGATCGAGTAA-1,0.000069,0.118623,0.881308
AAGCTCGTGCCAAGTC-1,0.000057,0.000057,0.999886
AAGCTCTTTCATGGTG-1,0.000034,0.000034,0.999931
AAGGAGCGGTTGGTGC-1,0.000043,0.000043,0.999914
AAGGATGAGGGACCTC-1,0.000065,0.056007,0.943927
AAGGCGCGTAAAGCTT-1,0.000037,0.032871,0.967091
AAGGCTGTGCTCATCG-1,0.000038,0.089734,0.910228
AAGGGAACGACTGGCT-1,0.000278,0.104096,0.895626
AAGGGACAGATTCTGT-1,0.000041,0.012245,0.987714
AAGGGACTATGCATTC-1,0.000116,0.000116,0.999769
AAGGTATCCTAATATA-1,0.000047,0.001318,0.998635
AAGGTGATAAACCAGC-1,0.000011,0.018607,0.981383
AAGTAGAAGACCGGGT-1,0.00005,0.021243,0.978707
AAGTAGTGACGCGAGG-1,0.000272,0.000272,0.999456
AAGTCAATTGTCGTCA-1,0.000026,0.000026,0.999948
AAGTCTTCTGTGGCCT-1,0.001266,0.001266,0.997468
AAGTGACGACCGAATT-1,0.000358,0.000359,0.999283
AAGTGAGTCGGGTTTA-1,0.000019,0.000019,0.999962
AAGTGCAAAGGTAGAC-1,0.000039,0.019732,0.980229
AAGTGCCTTGACTGTA-1,0.000037,0.04688,0.953083
AAGTGCGTTAGAATCT-1,0.00015,0.00015,0.9997
AAGTGCTTCTCTATTG-1,0.000073,0.000073,0.999853
AAGTGTTTGGAGACGG-1,0.000195,0.000195,0.999611
AAGTTCACTCCAAGCT-1,0.000028,0.000028,0.999945
AAGTTCAGTCTGCGTA-1,0.000196,0.000196,0.999608
AAGTTCGGCCAACAGG-1,0.000027,0.008598,0.991375
AAGTTTATGGGCCCAA-1,0.000059,0.000059,0.999882
AATAACAACGCTCGGC-1,0.000071,0.000072,0.999857
AATAACACTAGAACAA-1,0.000021,0.045869,0.95411
AATAAGTCCTCGAGAC-1,0.000055,0.000055,0.99989
AATACAATGTTTCAGG-1,0.00006,0.034016,0.965924
AATACCGGAGGGCTGT-1,0.000058,0.000058,0.999884
AATAGAACAGAGTGGC-1,0.000011,0.041255,0.958733
AATAGAATCTGTTTCA-1,0.00008,0.00008,0.999841
AATAGCAAGCCTCCTG-1,0.000031,0.62936,0.370609
AATAGCTACCGCGTGC-1,0.000044,0.017705,0.982251
AATAGTCGCGAGTCGG-1,0.000017,0.000017,0.999966
AATATCAAGGTCGGAT-1,0.000023,0.073368,0.926609
AATATCGAGGGTTCTC-1,0.000063,0.032179,0.967758
AATATTGGAGTATTGA-1,0.000351,0.000351,0.999298
AATCAGACTGCAGGAC-1,0.000062,0.000062,0.999875
AATCAGGTTTCATTTA-1,0.00004,0.00004,0.99992
AATCATGTAAAGACTC-1,0.000012,0.000012,0.999977
AATCCAAGGGCCTGAG-1,0.000032,0.026663,0.973306
AATCCATGCAAGGGTG-1,0.000069,0.043019,0.956911
AATCGCCTCAGCGCCA-1,0.000026,0.036747,0.963227
AATCGTGAGCCGAGCA-1,0.000126,0.005191,0.994683
AATCTAGGTTTACTTG-1,0.0001,0.176861,0.823039
AATCTATGCCGGAGCC-1,0.000077,0.000077,0.999846
AATCTCTACTGTGGTT-1,0.000101,0.000101,0.999799
AATCTGCGTTGGGACG-1,0.00003,0.056233,0.943736
AATCTGGCTTTCTAGT-1,0.00009,0.0268,0.97311
AATCTGGGTAGACCCT-1,0.000039,0.080519,0.919442
AATGACAGCAATGTCT-1,0.000094,0.000094,0.999811
AATGACGTAGGATGTC-1,0.000064,0.000064,0.999872
AATGACTGTCAGCCGG-1,0.000078,0.021683,0.97824
AATGAGTTCGCATATG-1,0.000045,0.000045,0.99991
AATGATGATACGCTAT-1,0.000034,0.000034,0.999933
AATGATGCGACTCCTG-1,0.000046,0.000046,0.999908
AATGCACCAAGCAATG-1,0.000025,0.004584,0.995391
AATGGTCCACCGTTCA-1,0.000287,0.000287,0.999425
AATGGTTCTCACAAGC-1,0.000055,0.000055,0.99989
AATGTATGGCACTGTA-1,0.000112,0.000112,0.999776
AATGTGCCCGAGGTGT-1,0.000196,0.000197,0.999607
AATGTGCTAATCTGAG-1,0.000062,0.028499,0.971439
AATTAAAGGTCGGCGT-1,0.000185,0.000185,0.99963
AATTAACGGATTTCCA-1,0.001163,0.001163,0.997674
AATTACTCGTACGCTC-1,0.000962,0.000962,0.998076
AATTAGCGCTGCAGCG-1,0.001493,0.170503,0.828004
AATTCATAAGGGATCT-1,0.000042,0.054288,0.945669
AATTCATTGTCATGCA-1,0.000035,0.000035,0.999929
AATTCCAACTTGGTGA-1,0.000153,0.000153,0.999693
AATTCGATTCGAGGAT-1,0.000153,0.042136,0.957711
AATTCTAGAGTTAGGC-1,0.004546,0.155222,0.840232
AATTGAACGCTCTGGT-1,0.000042,0.000042,0.999915
AATTGCAGCAATCGAC-1,0.000039,0.04082,0.959141
AATTGCGTGGATTACA-1,0.000094,0.119984,0.879922
AATTTGGGACATAGTA-1,0.000046,0.044783,0.955171
AATTTGGTTCCAAAGA-1,0.000433,0.000433,0.999134
ACAAACCATGCGTCCT-1,0.000105,0.000105,0.99979
ACAAAGAAGGTAGGCC-1,0.000121,0.050403,0.949476
ACAAAGCATGACCTAG-1,0.000031,0.016555,0.983414
ACAAATCGCACCGAAT-1,0.000053,0.000053,0.999894
ACAAATGGTAGTGTTT-1,0.000028,0.016521,0.983452
ACAAATTCAGATCTGA-1,0.000032,0.17834,0.821628
ACAACAGCATGAGCTA-1,0.000034,0.000035,0.999931
ACAACGGTCCCTGCGA-1,0.000025,0.000025,0.99995
ACAAGCAGTGCCTAGC-1,0.000133,0.000133,0.999733
ACAAGCTATATGGAAG-1,0.000092,0.000092,0.999816
ACAAGGAAATCCGCCC-1,0.00008,0.00008,0.99984
ACAAGGACAAGAGGTT-1,0.00004,0.03957,0.96039
ACAAGGATGCTTTAGG-1,0.000267,0.000267,0.999467
ACAAGGGCAGGCTCTG-1,0.000042,0.000042,0.999917
ACAATAGTCGTACGTT-1,0.000107,0.000107,0.999785
ACAATCCATTTAAACC-1,0.000059,0.04708,0.952861
ACAATGAATACGGAGA-1,0.000037,0.000037,0.999926
ACAATGATTCTTCTAC-1,0.000031,0.433653,0.566316
ACAATTGTGTCTCTTT-1,0.000008,0.002511,0.997481
ACAATTTAGGAGGCTC-1,0.000262,0.000262,0.999476
ACAATTTGAGCAGTGG-1,0.000082,0.000082,0.999835
ACACAAAGACGGGTGG-1,0.00016,0.070097,0.929744
ACACACCAGGACCAGT-1,0.000012,0.000012,0.999976
ACACACTTTCTACACG-1,0.000234,0.000234,0.999533
ACACATGATCAAATCT-1,0.000093,0.000093,0.999814
ACACATTGACGCAACA-1,0.000971,0.000971,0.998058
ACACATTTCCGTAGAC-1,0.000229,0.000229,0.999541
ACACCCAGCATGCAGC-1,0.000123,0.081209,0.918668
ACACCCGAGAAATCCG-1,0.000032,0.042914,0.957054
ACACCGAGCGCTCTTT-1,0.005,0.005001,0.989998
ACACCGGTCTGACCGC-1,0.00021,0.00021,0.99958
ACACCTTAAGTAGGGC-1,0.00006,0.002743,0.997198
ACACGAGACTCCTTCT-1,0.000053,0.000053,0.999894
ACACGGCACTATGCAT-1,0.000075,0.000075,0.999849
ACACGGGAACTTAGGG-1,0.00009,0.00009,0.99982
ACACTCCAATGTCACT-1,0.000048,0.000048,0.999903
ACACTGATCAAGGTGT-1,0.000045,0.000045,0.999911
ACAGAACTGAGAACAA-1,0.000257,0.108016,0.891727
ACAGATTAGGTTAGTG-1,0.00004,0.387229,0.612731
ACAGCATAGAGCCAGT-1,0.000017,0.645808,0.354175
ACAGCGACATTCTCAT-1,0.000021,0.000957,0.999022
ACAGCGCACCCGCAGC-1,0.000031,0.000031,0.999939
ACAGGCACGGATCCTT-1,0.000158,0.029317,0.970525
ACAGGCTTGCCCGACT-1,0.000027,0.000027,0.999947
ACAGGTGGAGGTGAGG-1,0.000021,0.003715,0.996264
ACAGGTGTGTTGTTGC-1,0.00007,0.00007,0.99986
ACAGTAATACAACTTG-1,0.000149,0.000149,0.999702
ACATAAGTCGTGGTGA-1,0.000124,0.108886,0.89099
ACATAATAAGGCGGTG-1,0.000171,0.000171,0.999658
ACATCAGCTGGGACGC-1,0.000128,0.000128,0.999743
ACATCCTGGTAACTGT-1,0.000032,0.011971,0.987997
ACATCGATCGTTTACC-1,0.000943,0.000944,0.998113
ACATCGGTCAGCCGCG-1,0.000039,0.019208,0.980753
ACATCGTATGCAATGG-1,0.000016,0.000016,0.999968
ACATCGTTAACCTAGT-1,0.000033,0.075791,0.924176
ACATCTCAACGCGTAA-1,0.000134,0.000134,0.999731
ACATGGCGCCAAAGTA-1,0.000028,0.023227,0.976745
ACATGGCTCAATTTAG-1,0.000029,0.000029,0.999942
ACATTAGTTTATATCC-1,0.001639,0.268807,0.729554
ACATTCGCGCGGAATA-1,0.000029,0.035745,0.964226
ACCAAACACCCAGCGA-1,0.000036,0.012772,0.987191
ACCAAACTAGAAATCC-1,0.000262,0.000262,0.999476
ACCAACACCACACACT-1,0.000061,0.007059,0.992881
ACCAACCGCACTCCAC-1,0.000048,0.013938,0.986014
ACCAAGAACGCGTGTC-1,0.000053,0.044626,0.955321
ACCAATATGCAAGTTA-1,0.000044,0.000044,0.999913
ACCACAACTCAGAACA-1,0.000067,0.078838,0.921094
ACCACAAGTTTCTATC-1,0.000104,0.000104,0.999792
ACCACCAATGTAACAA-1,0.000043,0.049615,0.950342
ACCACGTGCAGCTATA-1,0.000108,0.000108,0.999785
ACCACTGTTCAAGAAG-1,0.000971,0.14017,0.858859
ACCAGACCATAACAAC-1,0.002084,0.002084,0.995833
ACCAGCCCGGTCTTTG-1,0.000073,0.000073,0.999854
ACCAGTGCCCGGTCAA-1,0.000043,0.060152,0.939805
ACCAGTGCGGGAGACG-1,0.000013,0.000013,0.999974
ACCATCCGCCAACTAG-1,0.000052,0.000052,0.999896
ACCATCGTATATGGTA-1,0.000041,0.000041,0.999918
ACCATTAAGGGTGTCA-1,0.002564,0.002565,0.994871
ACCCAACGCCCGTGGC-1,0.000058,0.000058,0.999885
ACCCACCTACATGCTC-1,0.00008,0.00008,0.999839
ACCCATCTTGAGGGTA-1,0.000064,0.000892,0.999044
ACCCATTTGTCCCTCT-1,0.00001,0.00001,0.99998
ACCCGAGCGAAATTAC-1,0.000101,0.053139,0.94676
ACCCGATTGGTTCCGA-1,0.000103,0.010202,0.989695
ACCCGGAAACTCCCAG-1,0.553083,0.000645,0.446272
ACCCGGATGACGCATC-1,0.000026,0.015659,0.984315
ACCCGGTTACACTTCC-1,0.000058,0.011433,0.988509
ACCCGTAGCAGAGAAT-1,0.000465,0.000465,0.99907
ACCCTATAGGACTGAG-1,0.000051,0.000051,0.999897
ACCCTATGCCATATCG-1,0.000043,0.005034,0.994923
ACCCTCCCGTCAGGGC-1,0.000054,0.055508,0.944438
ACCCTCCCTTGCTATT-1,0.000071,0.000071,0.999858
ACCCTTCATCTGCGAA-1,0.000415,0.000415,0.99917
ACCCTTTAGTTCTCCA-1,0.000081,0.119278,0.880641
ACCGAAAGGGCCCTGC-1,0.000037,0.12814,0.871823
ACCGAAGAGTCTGGTT-1,0.000148,0.000148,0.999704
ACCGACACATCTCCCA-1,0.001053,0.001053,0.997894
ACCGACTGAGTCCCAC-1,0.000056,0.000056,0.999888
ACCGAGTCTCCTTATT-1,0.000108,0.090939,0.908953
ACCGATGGTAGCATCG-1,0.00002,0.012076,0.987904
ACCGCAATAACTGCCT-1,0.000291,0.000291,0.999419
ACCGCGGTGGAAGTCG-1,0.000021,0.050198,0.949781
ACCGCTAGTCATTGGT-1,0.000039,0.000039,0.999921
ACCGGGCCTTTGTTGA-1,0.000013,0.014687,0.9853
ACCGGTCAGGTACACC-1,0.000082,0.000082,0.999835
ACCGGTCTGAGTACGG-1,0.000036,0.016356,0.983608
ACCGTGACCACGTGGG-1,0.000061,0.000061,0.999878
ACCGTTCCCGCTCTGA-1,0.000198,0.000198,0.999603
ACCTAAGTACCTTTCA-1,0.000137,0.000137,0.999726
ACCTAATCGACTTCCT-1,0.000068,0.001515,0.998417
ACCTCCGCCCTCGCTG-1,0.000074,0.000074,0.999852
ACCTCCGTTATTCACC-1,0.00004,0.041079,0.958881
ACCTCGAACTTATGCT-1,0.000086,0.000086,0.999828
ACCTGCGTGTCATGTT-1,0.00005,0.00005,0.9999
ACGAAATGGGCGGCAC-1,0.000186,0.041957,0.957857
ACGACTCTAGGGCCGA-1,0.000048,0.013606,0.986346
ACGACTGGTCATACTC-1,0.000046,0.015977,0.983977
ACGAGAACCCATCACG-1,0.00007,0.064701,0.93523
ACGAGATATTTGCTTA-1,0.00005,0.00005,0.999901
ACGAGGATACCACTCT-1,0.000135,0.000135,0.99973
ACGAGGTTTACAACGT-1,0.000107,0.072633,0.927259
ACGAGTACGGATGCCC-1,0.000055,0.020624,0.979321
ACGAGTCGCCGGCGTT-1,0.000183,0.000183,0.999634
ACGATACATAGAACTA-1,0.000045,0.000045,0.999911
ACGATACCTATCCTGA-1,0.00115,0.00115,0.997701
ACGATCATACATAGAG-1,0.000048,0.000048,0.999905
ACGATCATCTTGTAAA-1,0.000039,0.058344,0.941616
ACGATGCATATGTTAT-1,0.000039,0.028073,0.971889
ACGATGGATCCGATGC-1,0.000058,0.040965,0.958977
ACGCAAACTAATAGAT-1,0.000017,0.000017,0.999966
ACGCATAAATGACATG-1,0.000066,0.233166,0.766768
ACGCATACGTTTACTA-1,0.000007,0.015136,0.984857
ACGCATTCGTGAGTAC-1,0.000063,0.000063,0.999873
ACGCCACTCGAAACAG-1,0.000102,0.000102,0.999796
ACGCCAGATGATTTCT-1,0.00015,0.041128,0.958722
ACGCCCAGCTGTCGAT-1,0.000176,0.038105,0.96172
ACGCCGCTAGACGACC-1,0.000025,0.000025,0.999951
ACGCGCTACACAGGGT-1,0.000056,0.000056,0.999887
ACGCGGGCCAAGGACA-1,0.000027,0.000027,0.999947
ACGCGTTTCTTAAGAG-1,0.000068,0.000068,0.999863
ACGCTAGTGATACACT-1,0.000041,0.000041,0.999918
ACGCTGTGAGGCGTAG-1,0.000037,0.000037,0.999926
ACGCTTAGTGTCTCTC-1,0.000138,0.021646,0.978216
ACGGAATTTAGCAAAT-1,0.000147,0.000147,0.999706
ACGGACTCTCAAAGCG-1,0.000068,0.000068,0.999865
ACGGAGCGCAAATTAC-1,0.000029,0.069099,0.930873
ACGGATGGTGCGGATA-1,0.00005,0.00005,0.9999
ACGGCACTTGCTTGGG-1,0.000149,0.0302,0.969651
ACGGCGACGATGGGAA-1,0.000074,0.000074,0.999852
ACGGCGGGTTGCCCTG-1,0.00007,0.049451,0.950479
ACGGCTGGATGTAGAA-1,0.000148,0.000148,0.999704
ACGGGAGTGTCGGCCC-1,0.000069,0.000069,0.999861
ACGGGCGTATGCGACA-1,0.000087,0.028896,0.971017
ACGGGTCATGTGACTT-1,0.000105,0.000105,0.999789
ACGGTACAGTTCAATG-1,0.000083,0.000083,0.999835
ACGGTCACCGAGAACA-1,0.00006,0.009019,0.990921
ACGTACAGATTTCTCT-1,0.001124,0.001124,0.997752
ACGTACTTTGGCACGG-1,0.000031,0.000031,0.999939
ACGTAGATTGCTGATG-1,0.000028,0.022366,0.977606
ACGTAGGAGAGTCGCT-1,0.000093,0.000093,0.999814
ACGTATTACTCCGATC-1,0.000031,0.075731,0.924238
ACGTCTCGTTCCGGGA-1,0.001042,0.001042,0.997916
ACGTGCGCCTCGTGCA-1,0.000106,0.000106,0.999788
ACGTGGTCGAATGTGC-1,0.000287,0.000287,0.999427
ACGTTAATGTCGAAGA-1,0.000041,0.000041,0.999919
ACGTTAGATTTGCCCG-1,0.000041,0.058593,0.941366
ACGTTATTGGTCACTC-1,0.00004,0.00004,0.99992
ACGTTCACTATGCCGC-1,0.000045,0.006021,0.993934
ACGTTCCGCGCTCCGT-1,0.000038,0.103525,0.896437
ACGTTCGCAATCAATT-1,0.000042,0.003954,0.996004
ACGTTCGTTCAGGAAA-1,0.00003,0.003835,0.996135
ACGTTCTGTACAAGTC-1,0.000052,0.010982,0.988966
ACGTTTAGTTGTGATC-1,0.000453,0.000453,0.999095
ACTAATACGTCAGGCG-1,0.000031,0.028377,0.971592
ACTACATCCCGACAAG-1,0.000118,0.124658,0.875224
ACTACCAGCTCTCTGG-1,0.000037,0.003476,0.996487
ACTACCATCCGAGGGC-1,0.000043,0.005759,0.994198
ACTAGTTGCGATCGTC-1,0.000027,0.054586,0.945387
ACTATATGCTGTGTTC-1,0.00004,0.00004,0.99992
ACTATCCAGGGCATGG-1,0.000059,0.045523,0.954417
ACTATCGCCGGCTAAA-1,0.000039,0.002952,0.997009
ACTATGTCCAGCTGCC-1,0.000248,0.093536,0.906216
ACTATTCGTCCGTGGT-1,0.000189,0.000189,0.999623
ACTATTTCCGGGCCCA-1,0.000041,0.000041,0.999918
ACTCAACGAATGTATT-1,0.000075,0.03995,0.959975
ACTCAAGTGCAAGGCT-1,0.00004,0.00004,0.99992
ACTCAATAAAGGCACG-1,0.000071,0.000071,0.999857
ACTCAGACCTGCTTCT-1,0.000033,0.006851,0.993116
ACTCATGGCAGCCTTC-1,0.000368,0.000368,0.999265
ACTCCAATATCATCAT-1,0.00012,0.011747,0.988132
ACTCCCATTCCTAAAG-1,0.000206,0.000206,0.999588
ACTCCCGAATTCGTTT-1,0.000025,0.029337,0.970638
ACTCCCTAATGCTAAA-1,0.000059,0.000059,0.999882
ACTCCCTAGAATAGTA-1,0.00008,0.00008,0.99984
ACTCCGGCCGACCACT-1,0.000495,0.000495,0.99901
ACTCGATGTATTTCAT-1,0.000013,0.000013,0.999975
ACTCGTAACCCGTCCT-1,0.000079,0.033558,0.966363
ACTCGTCAGTAATCCC-1,0.000042,0.088941,0.911017
ACTCTAAACCTGGGAT-1,0.000008,0.000008,0.999984
ACTCTCTGACTTAGGT-1,0.00003,0.00003,0.99994
ACTCTCTTATACACGA-1,0.000042,0.031071,0.968887
ACTCTGACCTAATAGA-1,0.000053,0.000053,0.999894
ACTCTTGTATAGTAAC-1,0.000061,0.000061,0.999878
ACTGAAACGCCGTTAG-1,0.00005,0.00354,0.996409
ACTGAATGGCGAAAGT-1,0.000104,0.000104,0.999793
ACTGATTTAGTGATTC-1,0.000121,0.039356,0.960523
ACTGCCCGCCATTCTC-1,0.000083,0.000083,0.999833
ACTGCCGTCGTAACTC-1,0.000225,0.000225,0.99955
ACTGCTCGGAAGGATG-1,0.000131,0.000131,0.999738
ACTGTACGATACACAT-1,0.000092,0.000092,0.999817
ACTGTAGCACTTTGGA-1,0.000054,0.000054,0.999892
ACTGTATACGCGAGCA-1,0.000014,0.007011,0.992975
ACTGTCCAGGATTATA-1,0.000046,0.021032,0.978922
ACTGTCTTCTTTAGAA-1,0.000095,0.000095,0.99981
ACTGTGCTAGTAGATC-1,0.000107,0.000107,0.999786
ACTTACCGGGCGCGCA-1,0.000045,0.076381,0.923574
ACTTACGCATCCACGC-1,0.000021,0.004444,0.995536
ACTTAGTACGACAAGA-1,0.000071,0.000071,0.999858
ACTTATACTTACCCGG-1,0.000039,0.076354,0.923607
ACTTATTAGGATCGGT-1,0.00011,0.052821,0.947069
ACTTATTTATGTGCCA-1,0.000009,0.000009,0.999982
ACTTCAGGCTGATCCC-1,0.00013,0.00013,0.999741
ACTTCCATGCGGGACA-1,0.000146,0.071305,0.928549
ACTTCGCCATACGCAC-1,0.000054,0.000054,0.999892
ACTTGACTCCCTCTTT-1,0.000033,0.000033,0.999933
ACTTGGGACCCGGTGG-1,0.000051,0.000051,0.999897
ACTTGTAGTCCCTTCA-1,0.000124,0.000124,0.999752
ACTTTACCCTCATGAA-1,0.000024,0.000986,0.99899
ACTTTCCTATAGCTTC-1,0.000052,0.000052,0.999896
ACTTTGACTGCATCCT-1,0.00013,0.049861,0.950008
ACTTTGGTCGTGCTCC-1,0.00012,0.1018,0.898079
AGAACCCTCAATTGGG-1,0.000042,0.000952,0.999006
AGAACGTGGTACATTC-1,0.000087,0.000087,0.999826
AGAAGAGCGCCGTTCC-1,0.000513,0.000513,0.998974
AGAAGGTACACTTCAC-1,0.0001,0.0001,0.9998
AGAAGGTTGCCGAATT-1,0.000036,0.000036,0.999927
AGAAGGTTGTAGGTCG-1,0.000023,0.000023,0.999955
AGAAGTGATTCGTGAT-1,0.000015,0.000015,0.999969
AGAATAAATCTTCAGG-1,0.000042,0.000042,0.999916
AGAATGCGGGTTCGGA-1,0.000038,0.039673,0.960289
AGAATTATGGATTCGA-1,0.00003,0.02733,0.97264
AGAATTGTTTGACATA-1,0.000018,0.000018,0.999965
AGACAGCTCAGAATCC-1,0.000029,0.009835,0.990136
AGACATAGATCCTTCC-1,0.000026,0.000384,0.99959
AGACCAAACCACACCT-1,0.000098,0.000098,0.999803
AGACCATGGGATACAA-1,0.000036,0.068018,0.931945
AGACCCACCGCTGATC-1,0.001031,0.126785,0.872184
AGACCCGCCCTCCTCG-1,0.00004,0.00004,0.999921
AGACCGGGAAACCCTG-1,0.00009,0.093665,0.906245
AGACGAAGTGCCGGTC-1,0.000007,0.000007,0.999987
AGACGACGATGCCGCT-1,0.000024,0.00053,0.999446
AGACGGGATTGGTATA-1,0.000141,0.000141,0.999718
AGACGGGCCGATTTAA-1,0.000042,0.061291,0.938667
AGACTAGCCTTCCAGA-1,0.000044,0.000044,0.999912
AGACTGTTACCGGGTC-1,0.000067,0.033964,0.965969
AGAGAAACACCAGAAA-1,0.000047,0.015525,0.984429
AGAGAACCGTCTAGGA-1,0.000024,0.007436,0.992539
AGAGAAGGAGTACAAT-1,0.000082,0.000082,0.999835
AGAGATCTCTAAAGCG-1,0.000034,0.022699,0.977267
AGAGCAGTTATGAGAC-1,0.000144,0.000144,0.999712
AGAGCGGGCTAATCAT-1,0.000174,0.000174,0.999652
AGAGCGTACAAGCTCG-1,0.000306,0.000306,0.999388
AGAGCTACGAAAGCAT-1,0.00011,0.00011,0.999781
AGAGGCTTCGGAAACC-1,0.000016,0.001115,0.998869
AGAGTAAACTTCACTA-1,0.000046,0.000046,0.999908
AGAGTTAGAGACCGAT-1,0.000036,0.071917,0.928047
AGATAACTTCAGGGCC-1,0.000018,0.062587,0.937395
AGATACCGGTGTTCAC-1,0.000038,0.043306,0.956655
AGATACGACTTCATAT-1,0.000031,0.000031,0.999938
AGATACTCAAGATCGA-1,0.000024,0.000024,0.999952
AGATATAATACGACTA-1,0.000275,0.050737,0.948988
AGATCGTGCATAAGAT-1,0.000027,0.000027,0.999946
AGATCTCAGGTGTGAT-1,0.000058,0.000058,0.999885
AGATGACTCGCCCACG-1,0.000279,0.05339,0.94633
AGATGAGGGTTGCGAT-1,0.000042,0.040609,0.959348
AGATGATGGAGTCTGG-1,0.000035,0.000035,0.999931
AGATGCAAGACGTGCA-1,0.000481,0.000481,0.999038
AGATGCATCCTGTGTC-1,0.000441,0.000441,0.999119
AGATGCTATAACGAGC-1,0.000556,0.111365,0.88808
AGATTATAGGACGTTT-1,0.000044,0.050031,0.949925
AGATTCACAACCGATA-1,0.000092,0.000092,0.999816
AGCAAAGGCCGCTAGT-1,0.000026,0.000026,0.999948
AGCAACATATCTTATT-1,0.00002,0.008389,0.991591
AGCAACCGAAAGTAAT-1,0.000565,0.000565,0.99887
AGCACACGTTTAGACT-1,0.000089,0.000089,0.999823
AGCACCAGTACTCACG-1,0.000115,0.000115,0.999771
AGCACTACCGGCCTGT-1,0.000156,0.000156,0.999687
AGCACTACCTCACCAG-1,0.000057,0.000057,0.999887
AGCACTTAAGGACGCC-1,0.000039,0.017039,0.982922
AGCAGAAGGAGAAAGA-1,0.000541,0.000541,0.998919
AGCAGTCGAAGCATGC-1,0.000094,0.076422,0.923484
AGCATATCAATATGCT-1,0.000014,0.048314,0.951672
AGCATCATTTCGAAAG-1,0.000275,0.000275,0.99945
AGCATCGTCGATAATT-1,0.000045,0.000045,0.999911
AGCCACAGGTTACCCG-1,0.000058,0.000058,0.999884
AGCCACTCCCGTGCTT-1,0.000087,0.000087,0.999826
AGCCATATAGTATGTG-1,0.000935,0.000935,0.99813
AGCCCATACATGTAAG-1,0.000128,0.000128,0.999744
AGCCCGGCATTAGAGG-1,0.000145,0.000145,0.99971
AGCCCTAAGCGAAGTT-1,0.000741,0.000741,0.998518
AGCCCTCCCTGGTGGC-1,0.000094,0.050689,0.949218
AGCCCTTCTAATCCGA-1,0.000058,0.039098,0.960844
AGCCGCAAATTCAAAT-1,0.00303,0.122603,0.874366
AGCCGCTTGATTAGCG-1,0.000014,0.016813,0.983173
AGCCGTGGCTAAATGT-1,0.000315,0.123257,0.876427
AGCCTAATACCCACGT-1,0.000125,0.000573,0.999302
AGCCTTAAAGCGGAAG-1,0.000054,0.000054,0.999892
AGCGACAGGAACGGTC-1,0.000037,0.000037,0.999926
AGCGACATCCCATTCA-1,0.000051,0.009012,0.990936
AGCGACCAACGATATT-1,0.000207,0.070079,0.929714
AGCGAGACGTGAAGGC-1,0.000222,0.000222,0.999555
AGCGCGGGTGCCAATG-1,0.000036,0.061674,0.93829
AGCGCTTATGGGCAAG-1,0.000023,0.004947,0.99503
AGCGGACACTTCGTAG-1,0.000498,0.000498,0.999005
AGCGGCGGTTAGCGGT-1,0.000107,0.062785,0.937107
AGCGGGAAGGGTCCAT-1,0.000024,0.001368,0.998608
AGCGGGTCTGACACTC-1,0.001136,0.001137,0.997727
AGCGGTTGCCGCTCTG-1,0.000066,0.006046,0.993888
AGCGTACGAGAGCTAG-1,0.00008,0.00008,0.999839
AGCGTAGCGCTAGACC-1,0.000043,0.073684,0.926272
AGCGTCTGAACCCGCA-1,0.000037,0.040097,0.959866
AGCGTGGTATTCTACT-1,0.000058,0.000058,0.999883
AGCTAACAAGCAATGT-1,0.000077,0.009849,0.990074
AGCTAAGTACGCAGGC-1,0.000059,0.044358,0.955582
AGCTAGAAGCAGAAGT-1,0.000014,0.031479,0.968506
AGCTATTTAATCCAAC-1,0.000187,0.000187,0.999627
AGCTCCTTCGCACATC-1,0.00001,0.011778,0.988212
AGCTCTAGACGTTCCA-1,0.000059,0.015569,0.984372
AGCTCTTCCCAGTGCA-1,0.000035,0.012677,0.987289
AGCTCTTCGTAACCTT-1,0.000057,0.044688,0.955254
AGCTCTTTACTCAGTT-1,0.000039,0.000039,0.999922
AGCTGAAGTAAACCAA-1,0.000036,0.000036,0.999927
AGCTGTAACCTCAATC-1,0.000138,0.000138,0.999724
AGCTTATAGAGACCTG-1,0.000035,0.009336,0.990629
AGCTTCTTCTCGAGCA-1,0.000086,0.000086,0.999828
AGCTTGATCAGGGTAG-1,0.001471,0.001471,0.997058
AGCTTGATCTTAACTT-1,0.000281,0.046511,0.953209
AGGAAAGCCTCTGATG-1,0.000065,0.000065,0.99987
AGGAAGCTGTCCGCCG-1,0.00137,0.00137,0.99726
AGGACAGTCGAATCCC-1,0.000021,0.000021,0.999957
AGGACATCGCACGTCG-1,0.00004,0.00004,0.999919
AGGACGACCCATTAGA-1,0.000026,0.037667,0.962306
AGGACGCTCGATGTTG-1,0.000038,0.0056,0.994362
AGGACTTATAGGAGAA-1,0.001539,0.001539,0.996922
AGGAGGCCTTCGCGCG-1,0.000014,0.042369,0.957617
AGGATAAAGTCGGGAT-1,0.000123,0.000123,0.999753
AGGATATAGGGATTTA-1,0.000011,0.002659,0.99733
AGGATATCCGACTGCA-1,0.000075,0.017825,0.9821
AGGATCACGCGATCTG-1,0.000084,0.000084,0.999832
AGGCAGATGCGTAAAC-1,0.00005,0.103853,0.896096
AGGCATTGTCGTAGGG-1,0.000009,0.009952,0.990039
AGGCCACCCGTTATGA-1,0.000057,0.015774,0.984169
AGGCCCAGTGACTGGT-1,0.00007,0.00007,0.99986
AGGCCCATTGTACAGG-1,0.000099,0.070959,0.928942
AGGCCCTAGAACGCCA-1,0.000098,0.049097,0.950805
AGGCCTGAGAATCTCG-1,0.000071,0.000071,0.999859
AGGCGGTTTGTCCCGC-1,0.000226,0.000226,0.999547
AGGCGTCTATGGACGG-1,0.000025,0.061846,0.938129
AGGCTATGGTTAGCTT-1,0.000089,0.025808,0.974103
AGGCTTCCCGAAGAAG-1,0.000012,0.000012,0.999975
AGGCTTGCTAGACACC-1,0.000052,0.033968,0.965981
AGGGAAACGAGGTACT-1,0.000023,0.07324,0.926737
AGGGACAGCACGGCGG-1,0.000062,0.014954,0.984984
AGGGACCGGCTGCGTT-1,0.000052,0.129286,0.870662
AGGGAGACATACTTCG-1,0.000043,0.076723,0.923234
AGGGCAGCGGCGTGGT-1,0.000107,0.000107,0.999785
AGGGCGAGCAGCTGAT-1,0.000262,0.000263,0.999475
AGGGCGTGATCGGCTA-1,0.000048,0.000048,0.999904
AGGGCTGCAGTTACAG-1,0.000051,0.000052,0.999897
AGGGTCAGAGCACTCG-1,0.000095,0.000095,0.99981
AGGGTCAGTAACCCTA-1,0.00002,0.035214,0.964766
AGGGTCGATGCGAACT-1,0.000028,0.032453,0.967519
AGGGTGCCGTTCTTTA-1,0.000075,0.000075,0.999849
AGGGTGCTCTCGAGGG-1,0.000034,0.062491,0.937475
AGGGTGGATAGTGCAT-1,0.000051,0.024987,0.974963
AGGGTTCAGACGGTCC-1,0.000038,0.000038,0.999924
AGGGTTCCCTTTGGTT-1,0.000109,0.000109,0.999783
AGGGTTTAGTTCGGGA-1,0.000098,0.000098,0.999805
AGGTAACCTCCTATTC-1,0.000052,0.05316,0.946788
AGGTACGATATTGCCA-1,0.000034,0.000034,0.999933
AGGTAGATCGAGATAT-1,0.000066,0.000066,0.999867
AGGTAGGTACAAAGCT-1,0.00007,0.00007,0.999861
AGGTATAATTGATAGT-1,0.000037,0.050517,0.949446
AGGTCAGGTGAGAGTG-1,0.000297,0.000297,0.999406
AGGTCGCCACTTCGGT-1,0.0001,0.0001,0.9998
AGGTCGCGGAGTTACT-1,0.000057,0.000057,0.999885
AGGTGTATCGCCATGA-1,0.000309,0.000309,0.999383
AGGTTCTCCTTTCCGG-1,0.000174,0.08081,0.919016
AGGTTGAGGCACGCTT-1,0.00008,0.00008,0.99984
AGGTTTCACACACCTT-1,0.000048,0.000048,0.999905
AGTAACGTTCATCCTG-1,0.000033,0.004343,0.995623
AGTAATCTAAGGGTGG-1,0.000054,0.000054,0.999892
AGTAATTTGCAAGCGT-1,0.000364,0.000364,0.999273
AGTACAGAAGCTTATA-1,0.000541,0.000541,0.998919
AGTACATCATTTATCA-1,0.000091,0.007176,0.992733
AGTACCTTCGAGTGCT-1,0.000035,0.034743,0.965222
AGTACGGCCCGTATCG-1,0.000068,0.000068,0.999863
AGTACGGGCACCTGGC-1,0.000082,0.000082,0.999836
AGTACGTGGCCTGTCT-1,0.00003,0.010046,0.989924
AGTACTCTTATGCCCA-1,0.000057,0.0533,0.946642
AGTAGCGTGAACGAAC-1,0.000046,0.000046,0.999908
AGTAGCTAGACGCCGA-1,0.000055,0.109578,0.890367
AGTAGGAAGGAAGTTG-1,0.000037,0.030658,0.969304
AGTAGGTAACATACAT-1,0.000043,0.000043,0.999915
AGTATAATACTAGGCA-1,0.00008,0.00008,0.99984
AGTATACACAGCGACA-1,0.000022,0.000022,0.999956
AGTATCCATAATAACG-1,0.000036,0.000036,0.999929
AGTATGCTGGAGACCA-1,0.000105,0.090494,0.909401
AGTCAAATGATGTGAT-1,0.000082,0.000082,0.999836
AGTCAACACCACCATC-1,0.000034,0.035014,0.964952
AGTCAAGATGACACTT-1,0.000022,0.017228,0.982751
AGTCACTAGCTCTCGA-1,0.000008,0.012891,0.987101
AGTCACTCCGCCTCAT-1,0.000072,0.000072,0.999855
AGTCAGCCACCGCCTG-1,0.000059,0.000059,0.999882
AGTCCAGCGGGTACGT-1,0.000056,0.002538,0.997405
AGTCCATTGGCTGATG-1,0.000024,0.050265,0.949711
AGTCCCGCCTTTAATT-1,0.000027,0.040668,0.959306
AGTCGACGGTCTCAAG-1,0.00001,0.007305,0.992684
AGTCGGCCCAAACGAC-1,0.000025,0.024885,0.975089
AGTCGGCTCAACTTTA-1,0.000094,0.000094,0.999813
AGTCGTATAAAGCAGA-1,0.000321,0.000321,0.999359
AGTCGTCGACCACCAA-1,0.00001,0.00001,0.99998
AGTCGTGGGCATTACG-1,0.000314,0.056493,0.943193
AGTCTAAAGTATACTC-1,0.000054,0.000054,0.999892
AGTCTCACAAGACTAC-1,0.000078,0.000078,0.999843
AGTCTGGACATCCTTG-1,0.000146,0.059709,0.940145
AGTCTTCTCCTCAAAT-1,0.000043,0.000043,0.999913
AGTCTTTAAAGTGTCC-1,0.000263,0.000263,0.999474
AGTGAACAAACTTCTC-1,0.000026,0.062228,0.937746
AGTGACCTACTTTACG-1,0.000034,0.000809,0.999157
AGTGACTGTGACACAA-1,0.000125,0.000125,0.99975
AGTGAGACTTCCAGTA-1,0.000057,0.055713,0.94423
AGTGAGCCTCGCCGCC-1,0.000041,0.148918,0.85104
AGTGAGGGTTTCTGAC-1,0.000023,0.063695,0.936282
AGTGATAACCTGCGCG-1,0.000043,0.000043,0.999913
AGTGATATGAGTAGTT-1,0.000027,0.019386,0.980586
AGTGATTCAAGCAGGA-1,0.000052,0.000052,0.999896
AGTGCACGCTTAAGAA-1,0.000008,0.0024,0.997592
AGTGCGTAGCTCGTAA-1,0.000012,0.000012,0.999975
AGTGCTAAACACAGCA-1,0.000218,0.000218,0.999564
AGTGCTTGCACGAATA-1,0.000008,0.000008,0.999984
AGTGGCCCGCAAATGG-1,0.000066,0.01933,0.980604
AGTGGCGGCAATTTGA-1,0.000017,0.008329,0.991654
AGTGGCGTCTGAAGGT-1,0.000226,0.079459,0.920315
AGTGGCTCCGTCGGCC-1,0.000104,0.000104,0.999792
AGTGGTGTTACCCGTG-1,0.000255,0.000255,0.99949
AGTGGTTGCGTATAGG-1,0.000036,0.000036,0.999927
AGTGTATTGCGCATTG-1,0.000032,0.003818,0.99615
AGTGTGCTAAGATCGC-1,0.000019,0.000019,0.999963
AGTGTGGTCTATTGTG-1,0.000066,0.000067,0.999867
AGTTAAACACTTGCGA-1,0.000035,0.031411,0.968554
AGTTAAGCGGTCCCGG-1,0.000075,0.01013,0.989795
AGTTAAGTCAACCGCT-1,0.00034,0.00034,0.99932
AGTTACCCTTAAGACT-1,0.000023,0.000023,0.999953
AGTTACCGCACATGGT-1,0.000042,0.012512,0.987446
AGTTACTCTATCGTGG-1,0.000029,0.00004,0.999931
AGTTCACCGGTTGGAC-1,0.000203,0.000203,0.999594
AGTTCCTACAGAATTA-1,0.000035,0.050429,0.949537
AGTTCCTATTTATGTT-1,0.000045,0.000045,0.99991
AGTTCTGCGTTGTATC-1,0.000097,0.000097,0.999806
AGTTGACATCGGCTGG-1,0.000123,0.103356,0.896521
AGTTGACGGTCCTTGC-1,0.000645,0.000645,0.998709
AGTTGCGGTCCTCAAC-1,0.000658,0.000658,0.998684
AGTTGCTGACTGATAT-1,0.000225,0.000225,0.999549
AGTTTGCACCTGCCTC-1,0.000045,0.000045,0.999909
AGTTTGGCACGGGTTG-1,0.000021,0.019194,0.980785
AGTTTGGCCAGACCTA-1,0.000065,0.03223,0.967705
ATAAACGGACCCGTAA-1,0.000169,0.000169,0.999662
ATAAAGGCTCGGTCGT-1,0.000061,0.069942,0.929997
ATAAAGGTCAAGTACG-1,0.000026,0.000026,0.999948
ATAAATATTAGCAGCT-1,0.000061,0.015259,0.984681
ATAACGCCGGAGGGTC-1,0.000052,0.000052,0.999895
ATAACGGAGTCCAACG-1,0.000092,0.000092,0.999816
ATAACGTTACCTCCAC-1,0.000031,0.390799,0.60917
ATAAGGTGGAGAACAT-1,0.00028,0.00028,0.99944
ATAAGTACCCGATTGT-1,0.000028,0.49423,0.505742
ATAAGTAGGATTCAGA-1,0.000054,0.056508,0.943438
ATAAGTAGGGCGACTC-1,0.000032,0.042047,0.957921
ATAAGTTACCGCGACG-1,0.000032,0.000032,0.999936
ATAATACCGTTAGCCG-1,0.000023,0.000023,0.999954
ATAATAGCTGTTGAAT-1,0.00009,0.00009,0.99982
ATAATAGTGTAGGGAC-1,0.000239,0.000239,0.999521
ATAATCTTGGAGAACC-1,0.000065,0.005108,0.994827
ATAATTAGCTAAGTAG-1,0.00102,0.001021,0.997959
ATACAGGCCCTCCAAT-1,0.00005,0.00005,0.9999
ATACCACGGGCAACTT-1,0.000256,0.000256,0.999488
ATACCAGGCTAATAGA-1,0.000038,0.236959,0.763003
ATACCCTGGCTCAAAT-1,0.000303,0.000303,0.999394
ATACCGTCATCCATAA-1,0.000049,0.084772,0.915179
ATACCTAACCAAGAAA-1,0.001818,0.001819,0.996363
ATACGCCGGCGAAACC-1,0.000029,0.080438,0.919533
ATACGGAACGTCGTTT-1,0.000407,0.000407,0.999187
ATACGGGTTTCGATTG-1,0.000076,0.000076,0.999848
ATACGGTGAAGATGCA-1,0.00009,0.00009,0.999819
ATACGTACTTAGCCAC-1,0.000063,0.000063,0.999874
ATACGTCCACTCCTGT-1,0.00002,0.00002,0.99996
ATACGTTATGCACGGA-1,0.000926,0.000926,0.998148
ATACTCTCGCCACTCT-1,0.000025,0.003127,0.996849
ATACTGCCTTACACCG-1,0.00007,0.00007,0.99986
ATACTTGTTCTCGAGC-1,0.000318,0.000318,0.999365
ATAGACAACGGGACCT-1,0.000028,0.000028,0.999944
ATAGACGAAGAGAAAG-1,0.000033,0.023706,0.976261
ATAGAGTACTGGGACA-1,0.000098,0.061798,0.938104
ATAGAGTTATCAACTT-1,0.000045,0.015821,0.984134
ATAGATTTGCAGTCGG-1,0.000152,0.000152,0.999696
ATAGCAACTAGGGAAG-1,0.000067,0.04625,0.953683
ATAGCCTCAGTACCCA-1,0.000032,0.000032,0.999936
ATAGCTGCTCTTGTTA-1,0.000034,0.000034,0.999932
ATAGGAATCTAAGCTT-1,0.000039,0.210382,0.789579
ATAGGCGGCTATAGAA-1,0.000155,0.000155,0.99969
ATAGGCTAGCTTCGCA-1,0.000031,0.026298,0.973671
ATAGGGATATCCTTGA-1,0.000125,0.000126,0.999749
ATAGGTTGGGCAGATG-1,0.000066,0.000067,0.999867
ATAGTCTTTGACGTGC-1,0.000758,0.000758,0.998485
ATAGTTCCACCCACTC-1,0.000037,0.072833,0.92713
ATATAAAGCGCTCGTG-1,0.000106,0.000106,0.999789
ATATAAATGTAGCTGC-1,0.000046,0.000046,0.999907
ATATAACACGGGCGCA-1,0.000131,0.000131,0.999738
ATATAGAGTATTGGTC-1,0.000091,0.000091,0.999819
ATATCAACCTACAGAG-1,0.000032,0.055938,0.94403
ATATCGTGCCAGACCC-1,0.00027,0.00027,0.999459
ATATCGTTCCTCGAAC-1,0.000043,0.047245,0.952712
ATATCTCCCTCGTTAA-1,0.000035,0.105963,0.894002
ATATCTTAGGGCCTTC-1,0.000067,0.000067,0.999866
ATATGTCTAGAGCGTG-1,0.000524,0.000524,0.998953
ATATGTCTCCCTAGCC-1,0.000037,0.056796,0.943167
ATATTATCCCGTATTT-1,0.000014,0.000014,0.999973
ATATTCAGTTAAACCT-1,0.000027,0.000027,0.999947
ATATTCCACATAGTGA-1,0.000426,0.000426,0.999149
ATATTCCCACAGGTCA-1,0.00004,0.262045,0.737915
ATATTGCTGTCAAAGT-1,0.000087,0.000087,0.999826
ATATTTAACCCTCAAG-1,0.00004,0.004588,0.995372
ATCAAACGAAGGTTTG-1,0.000017,0.001713,0.99827
ATCAATCTGGGCTGCA-1,0.000027,0.000027,0.999946
ATCAATGCCGTGGCTG-1,0.000385,0.000385,0.999231
ATCACATTAGAATATC-1,0.000034,0.000034,0.999932
ATCACGTGCTAATTAA-1,0.000039,0.000039,0.999921
ATCACTTCATCCTCGC-1,0.000114,0.000114,0.999771
ATCAGACGGCACGCCG-1,0.000022,0.061922,0.938055
ATCAGCCTCATGCTGC-1,0.000178,0.059081,0.940741
ATCAGCTCGTCCACTA-1,0.000143,0.056398,0.943459
ATCAGGTCGCCATTGC-1,0.000033,0.101677,0.89829
ATCAGTAGGCAGGGAT-1,0.000071,0.000071,0.999857
ATCATCTGCCCAGTGT-1,0.000336,0.000336,0.999329
ATCCAACGCAGTCATA-1,0.000043,0.025318,0.974639
ATCCAATGGAGGGTCC-1,0.000074,0.000074,0.999852
ATCCAATGGTACCGAA-1,0.000018,0.000018,0.999963
ATCCACATCGACAGAA-1,0.000044,0.000044,0.999911
ATCCACGCTAAATGTT-1,0.000026,0.00921,0.990764
ATCCAGGATTCGTGAA-1,0.000037,0.014389,0.985575
ATCCCATCCACAGCGC-1,0.000091,0.000091,0.999817
ATCCTACCTAAGCTCT-1,0.00003,0.00003,0.99994
ATCCTGAATCGCTGCG-1,0.000183,0.000183,0.999634
ATCCTGCGTGGAATGG-1,0.000033,0.03281,0.967157
ATCCTGCTGCAGATAG-1,0.000024,0.034079,0.965896
ATCGACCCAATACAGA-1,0.000056,0.000056,0.999887
ATCGCACGATTGTTCA-1,0.000079,0.000079,0.999842
ATCGCACGCCGGGAGA-1,0.000045,0.000045,0.99991
ATCGCCAGTCAACATT-1,0.000039,0.016401,0.98356
ATCGCTGCGTGCAGCA-1,0.000095,0.000095,0.999809
ATCGGAGACAGACGGC-1,0.000043,0.000043,0.999915
ATCGGCAAGCAGTCCA-1,0.000044,0.019584,0.980372
ATCGGTTACCTAGTAA-1,0.000048,0.000048,0.999903
ATCGTATTCCGAGAAC-1,0.0008,0.0008,0.9984
ATCGTCCAATCGAGTC-1,0.000015,0.011354,0.988631
ATCGTGGAAAGTCTGG-1,0.000389,0.000389,0.999222
ATCGTTAGCTAGCGGA-1,0.000045,0.000045,0.999911
ATCGTTCACTTTCGCC-1,0.000041,0.036833,0.963126
ATCTAACGTCCCTATG-1,0.001389,0.001389,0.997222
ATCTAATATCCTACGG-1,0.000031,0.000031,0.999937
ATCTACCATCTGCTCC-1,0.000151,0.048214,0.951635
ATCTAGCTTGTGAGGG-1,0.00122,0.00122,0.997561
ATCTATCGATGATCAA-1,0.000036,0.000036,0.999928
ATCTCCCTGCAATCTA-1,0.00028,0.00028,0.99944
ATCTGACATGGAAGGA-1,0.000084,0.01974,0.980175
ATCTGATAGTGTCTTA-1,0.000041,0.000041,0.999917
ATCTGCACCTCTGCGA-1,0.000041,0.064106,0.935853
ATCTGGGCTGTTCTTG-1,0.000049,0.003759,0.996192
ATCTGGTTAAGACTGT-1,0.000072,0.000072,0.999857
ATCTGTAATTGTACCC-1,0.000048,0.065167,0.934785
ATCTTAGGGCATTAAT-1,0.00009,0.00009,0.99982
ATCTTGACCTGCAACG-1,0.000088,0.000088,0.999824
ATCTTGACTTGTCCAA-1,0.000098,0.000098,0.999804
ATGAAGCCAAGGAGCC-1,0.000058,0.000062,0.99988
ATGAAGTGGACCCAGC-1,0.000118,0.000118,0.999764
ATGACGCCGGCTCTAA-1,0.000049,0.232229,0.767721
ATGACGCGTTCTATCC-1,0.00012,0.00012,0.99976
ATGACTATCAGCTGTG-1,0.000118,0.000118,0.999764
ATGACTATGCGACATT-1,0.000012,0.001219,0.998769
ATGAGGAGTGTTAATC-1,0.000054,0.000054,0.999893
ATGATCGGGAATAGAC-1,0.000033,0.074518,0.925449
ATGATGCAATGGTACA-1,0.000038,0.051496,0.948465
ATGCACCTTCCTTAAT-1,0.001754,0.001755,0.996491
ATGCACGCGCTGTTCA-1,0.0001,0.0001,0.9998
ATGCACTACCGCATTG-1,0.000064,0.000064,0.999873
ATGCATGATCCAGGAT-1,0.000461,0.000461,0.999078
ATGCATTCCGTGATGG-1,0.000098,0.012224,0.987678
ATGCCAATCGCTCTGC-1,0.000084,0.000084,0.999832
ATGCCATTTGCGACCA-1,0.000018,0.000018,0.999965
ATGCCGGTCTTGCATA-1,0.000041,0.000041,0.999918
ATGCCGGTTGATGGGA-1,0.000055,0.000055,0.99989
ATGCGACAATTGGTCC-1,0.000047,0.108816,0.891136
ATGCGACAGTCCCATT-1,0.000059,0.039491,0.96045
ATGCGAGTCCCACCAC-1,0.000021,0.015518,0.984461
ATGCTCAGTGTTGCAT-1,0.00011,0.00011,0.999779
ATGCTCTGGCGCGGTA-1,0.000043,0.000043,0.999913
ATGGAAATTTAAGGAG-1,0.000317,0.000318,0.999365
ATGGAGCAGGCCGTGA-1,0.000034,0.000034,0.999931
ATGGATCCGGCGTCCG-1,0.000096,0.000096,0.999808
ATGGATTGACCAAACG-1,0.000069,0.000069,0.999862
ATGGCAGCATTACGAT-1,0.000212,0.038346,0.961442
ATGGCAGCCGAGAAAC-1,0.000144,0.000144,0.999712
ATGGCTGGAAATGGCC-1,0.000024,0.059095,0.940881
ATGGGAACGGAAGCGG-1,0.000036,0.087759,0.912205
ATGGGACCTGCTGAAC-1,0.000065,0.000065,0.99987
ATGGGCCTCGGCCTCT-1,0.000037,0.022573,0.97739
ATGGGTGTATACCTCC-1,0.000103,0.000103,0.999794
ATGGTATTTACTGATT-1,0.000077,0.032242,0.96768
ATGGTCGCGTGGTTTC-1,0.000011,0.000011,0.999979
ATGTAAGGCTGCTCTT-1,0.000031,0.000031,0.999938
ATGTACGATGACGTCG-1,0.000465,0.000465,0.99907
ATGTAGCGCGCGTAGG-1,0.000099,0.000099,0.999802
ATGTCATTTCCCATTG-1,0.001786,0.001786,0.996428
ATGTCTTGTTTGACTC-1,0.000046,0.000046,0.999907
ATGTGAAAGCCTAATG-1,0.000148,0.000148,0.999704
ATGTGCATCCGACGCA-1,0.000135,0.033772,0.966094
ATGTGGACATCTTGAT-1,0.000042,0.000042,0.999916
ATGTTACGAGCAATAC-1,0.000098,0.007025,0.992877
ATGTTCCTGCCCACCT-1,0.000294,0.000294,0.999412
ATGTTCGTCGACCCAC-1,0.000072,0.000072,0.999855
ATGTTGATTAGAGACT-1,0.000133,0.025498,0.97437
ATGTTGTAGTCTGTTT-1,0.000031,0.000031,0.999939
ATTAAAGCGGACGAGC-1,0.000124,0.000124,0.999753
ATTAACACCTGAGATA-1,0.011111,0.011112,0.977776
ATTAATACTACGCGGG-1,0.000377,0.000377,0.999245
ATTAATGAACCAGTCG-1,0.000142,0.000142,0.999715
ATTAATTCGGTCACTC-1,0.001205,0.001205,0.99759
ATTACAACTACCGGCC-1,0.000028,0.043137,0.956835
ATTACGCGCTGGCAGG-1,0.000068,0.040372,0.95956
ATTACTAGCCTCTTGC-1,0.000028,0.000028,0.999943
ATTACTTACTGGGCAT-1,0.000049,0.061173,0.938777
ATTAGATTCCTCAGCA-1,0.000057,0.010671,0.989272
ATTAGATTGATAGCGG-1,0.000056,0.000056,0.999888
ATTAGGCGATGCTTTC-1,0.00005,0.00005,0.9999
ATTATACTTTGCTCGT-1,0.000446,0.000447,0.999107
