Barcode,Topic 1to3,Topic 4to5,Topic 6,Topic 7,Topic 8
AAACAAGTATCTCCCA-1,0.001943,0.188645,0.76498,0.043783,0.000649
AAACAATCTACTAGCA-1,0.001689,0.316446,0.640951,0.000564,0.040349
AAACACCAATAACTGC-1,0.000561,0.356348,0.631185,0.011718,0.000187
AAACAGAGCGACTCCT-1,0.000187,0.513768,0.485921,0.000062,0.000062
AAACAGCTTTCAGAAG-1,0.000081,0.867769,0.125638,0.006486,0.000027
AAACAGGGTCTATATT-1,0.000154,0.820833,0.151463,0.020732,0.006818
AAACAGTGTTCCTGGG-1,0.00055,0.111227,0.303464,0.223947,0.360812
AAACATTTCCCGGATT-1,0.00071,0.442457,0.000237,0.556359,0.000237
AAACCCGAACGAAATC-1,0.001603,0.349534,0.647793,0.000535,0.000535
AAACCGGAAATGTTAA-1,0.000085,0.000057,0.652554,0.347276,0.000028
AAACCGGGTAGGTACC-1,0.000168,0.673943,0.237491,0.012347,0.076051
AAACCGTTCGTCCAGG-1,0.000798,0.438236,0.560433,0.000266,0.000266
AAACCTAAGCAGCCGG-1,0.00109,0.161497,0.517248,0.319802,0.000364
AAACCTCATGAAGTTG-1,0.000079,0.813251,0.180952,0.005691,0.000027
AAACGAAGAACATACC-1,0.000732,0.000489,0.617328,0.381206,0.000245
AAACGAAGATGGAGTA-1,0.001543,0.542141,0.098627,0.180907,0.176782
AAACGAGACGGTTGAT-1,0.001065,0.921745,0.076478,0.000356,0.000356
AAACGGGCGTACGGGT-1,0.00121,0.000808,0.368969,0.628609,0.000404
AAACGGTTGCGAACTG-1,0.000298,0.582567,0.359164,0.029544,0.028428
AAACGTGTTCGCCCTA-1,0.000431,0.054342,0.941479,0.003604,0.000144
AAACTAACGTGGCGAC-1,0.000858,0.580072,0.418496,0.000287,0.000286
AAACTCGGTTCGCAAT-1,0.001803,0.001204,0.716156,0.280235,0.000602
AAACTCGTGATATAAG-1,0.003866,0.002582,0.990969,0.001291,0.001291
AAACTGCTGGCTCCAA-1,0.002038,0.35406,0.332514,0.310707,0.00068
AAACTTAATTGCACGC-1,0.000351,0.601068,0.398348,0.000117,0.000117
AAACTTGCAAACGTAT-1,0.000062,0.968841,0.000021,0.029723,0.001353
AAAGAATGTGGACTAA-1,0.003349,0.002236,0.672863,0.320434,0.001118
AAAGACCCAAGTCGCG-1,0.000447,0.0325,0.888688,0.000149,0.078215
AAAGACTGGGCGCTTT-1,0.000594,0.325837,0.602579,0.070791,0.000198
AAAGCTTGCCTACATA-1,0.000624,0.000417,0.805092,0.193659,0.000208
AAAGGCCCTATAATAC-1,0.000718,0.347606,0.512314,0.098131,0.041231
AAAGGCTACGGACCAT-1,0.00059,0.262124,0.600623,0.101292,0.035371
AAAGGCTCTCGCGCCG-1,0.003607,0.002408,0.710608,0.23228,0.051097
AAAGGGATGTAGCAAG-1,0.001097,0.150257,0.654082,0.194199,0.000366
AAAGGGCAGCTTGAAT-1,0.000289,0.379737,0.61978,0.000097,0.000097
AAAGGTAAGCTGTACC-1,0.000285,0.476724,0.522424,0.000095,0.000472
AAAGTAGCATTGCTCA-1,0.000725,0.551742,0.447048,0.000242,0.000242
AAAGTCACTGATGTAA-1,0.000557,0.091149,0.895267,0.000186,0.012841
AAAGTCGACCCTCAGT-1,0.000051,0.985016,0.013136,0.000017,0.00178
AAAGTGCCATCAATTA-1,0.000899,0.151088,0.429987,0.40621,0.011816
AAAGTGTGATTTATCT-1,0.001777,0.177699,0.621227,0.198703,0.000593
AAAGTTGACTCCCGTA-1,0.002604,0.001739,0.869334,0.125453,0.000869
AAATAACCATACGGGA-1,0.003912,0.000741,0.994606,0.000371,0.00037
AAATAAGGTAGTGCCC-1,0.000781,0.035535,0.886796,0.076627,0.000261
AAATACCTATAAGCAT-1,0.002232,0.001491,0.480592,0.514939,0.000745
AAATAGCTTAGACTTT-1,0.001531,0.133965,0.777464,0.065863,0.021177
AAATAGGGTGCTATTG-1,0.002679,0.001789,0.807071,0.187567,0.000894
AAATCCGATACACGCC-1,0.001596,0.086665,0.565355,0.000533,0.345851
AAATCGCGGAAGGAGT-1,0.000716,0.418445,0.463724,0.101044,0.016071
AAATCGTGTACCACAA-1,0.000808,0.388313,0.442648,0.16796,0.00027
AAATCTAGCCCTGCTA-1,0.000508,0.000339,0.357793,0.624582,0.016778
AAATGACTGATCAAAC-1,0.001506,0.018402,0.440798,0.53879,0.000503
AAATGATTCGATCAGC-1,0.00282,0.001883,0.880624,0.113733,0.000941
AAATGCTCGTTACGTT-1,0.000381,0.600359,0.3948,0.000127,0.004333
AAATGGCATGTCTTGT-1,0.000304,0.783928,0.197621,0.016584,0.001563
AAATGGCCCGTGCCCT-1,0.000462,0.317921,0.616935,0.043657,0.021024
AAATGGTCAATGTGCC-1,0.000574,0.203408,0.716699,0.000192,0.079127
AAATGTATCTTATCCC-1,0.000475,0.428474,0.454422,0.075976,0.040653
AAATTAACGGGTAGCT-1,0.000984,0.202866,0.795493,0.000329,0.000329
AAATTAATAAGCGCGA-1,0.000443,0.38734,0.460232,0.05709,0.094895
AAATTACACGACTCTG-1,0.003348,0.002235,0.992181,0.001118,0.001117
AAATTACCTATCGATG-1,0.000376,0.520724,0.386424,0.09235,0.000126
AAATTCCAGGTCCAAA-1,0.000667,0.011573,0.868292,0.074717,0.04475
AAATTGATAGTCCTTT-1,0.000277,0.999445,0.000093,0.000093,0.000093
AAATTGGTGAGAAGCA-1,0.000339,0.046771,0.834194,0.118583,0.000113
AAATTTACCGAAATCC-1,0.000837,0.190767,0.807837,0.00028,0.000279
AAATTTGCGGGTGTGG-1,0.000327,0.310388,0.656479,0.029955,0.002851
AACAACTGGTAGTTGC-1,0.003788,0.002531,0.991151,0.001265,0.001265
AACAATACATTGTCGA-1,0.000356,0.469564,0.457627,0.027094,0.04536
AACAATTACTCTACGC-1,0.000124,0.820894,0.1789,0.000041,0.000041
AACACACGCTCGCCGC-1,0.003151,0.002104,0.793121,0.200571,0.001052
AACACGACTGTACTGA-1,0.001933,0.175554,0.000646,0.821222,0.000645
AACACGAGACGCGGCC-1,0.000077,0.805547,0.000026,0.004693,0.189656
AACACGCGGCCGCGAA-1,0.001354,0.235847,0.710542,0.000452,0.051805
AACAGCTGTGTGGCAA-1,0.001198,0.149017,0.736638,0.102744,0.010403
AACAGGAAATCGAATA-1,0.001812,0.00121,0.825568,0.170805,0.000605
AACAGGATGGGCCGCG-1,0.000371,0.48335,0.516032,0.000124,0.000124
AACAGGTAGTATGGAT-1,0.003125,0.081159,0.855387,0.059286,0.001043
AACATAGCGTGTATCG-1,0.003099,0.00207,0.092223,0.844085,0.058523
AACATATCAACTGGTG-1,0.001437,0.00096,0.996644,0.00048,0.00048
AACATCGATACGTCTA-1,0.00121,0.000808,0.949559,0.000404,0.048019
AACATTGAAGTTGATC-1,0.001161,0.114869,0.781137,0.000388,0.102445
AACATTGTGACTCGAG-1,0.000493,0.642956,0.257273,0.099114,0.000165
AACCAAGACTTCTCTG-1,0.000162,0.731193,0.190578,0.064196,0.013872
AACCAGTATCACTCTT-1,0.000619,0.197916,0.547931,0.253328,0.000207
AACCATAGGGTTGAAC-1,0.000472,0.250511,0.741784,0.007074,0.000158
AACCATGGGATCGCTA-1,0.000409,0.32949,0.669829,0.000136,0.000136
AACCCAGAGACGGAGA-1,0.00046,0.199247,0.423131,0.065082,0.31208
AACCCATCCCATGATC-1,0.000466,0.097849,0.816335,0.085194,0.000156
AACCCGACAACCCGTG-1,0.000612,0.59226,0.346534,0.060389,0.000204
AACCCGAGCAGAATCG-1,0.000803,0.000536,0.776146,0.222246,0.000268
AACCCGCTGTATTCCA-1,0.001133,0.084278,0.000378,0.913832,0.000378
AACCCTACTGTCAATA-1,0.003379,0.002257,0.992108,0.001128,0.001128
AACCCTGGTGGAACCA-1,0.000979,0.000654,0.750278,0.247762,0.000327
AACCGAGCTTGGTCAT-1,0.000504,0.187714,0.811446,0.000168,0.000168
AACCGCTAAGGGATGC-1,0.001803,0.109864,0.521044,0.366687,0.000602
AACCGTTGTGTTTGCT-1,0.000491,0.000328,0.01671,0.209946,0.772525
AACCTCGCTTTAGCCC-1,0.006945,0.004637,0.684726,0.301374,0.002319
AACCTGTCACGGAATT-1,0.002072,0.147523,0.849021,0.000692,0.000692
AACCTTTAAATACGGT-1,0.007654,0.005111,0.435875,0.548806,0.002555
AACCTTTACGACGTCT-1,0.000608,0.548651,0.325842,0.124696,0.000203
AACGAAAGTCGTCCCA-1,0.000203,0.942369,0.055224,0.000068,0.002136
AACGACCTCCTAGCCG-1,0.002404,0.362567,0.176239,0.361599,0.097192
AACGATAATGCCGTAG-1,0.00233,0.001556,0.776221,0.184949,0.034945
AACGATAGAAGGGCCG-1,0.000566,0.000378,0.819033,0.124975,0.055048
AACGATATGTCAACTG-1,0.000727,0.434109,0.564679,0.000243,0.000243
AACGCATGATCTGGGT-1,0.000893,0.175302,0.671045,0.000298,0.152462
AACGCGAACGGCAACA-1,0.001183,0.314564,0.602326,0.000395,0.081532
AACGCGACCTTGGGCG-1,0.000373,0.149531,0.831029,0.018941,0.000124
AACGCGGTCTCCAGCC-1,0.00056,0.336694,0.662372,0.000187,0.000187
AACGCTGTTGCTGAAA-1,0.003125,0.002087,0.992701,0.001044,0.001043
AACGGACGTACGTATA-1,0.001953,0.001304,0.654566,0.327605,0.014571
AACGGCCATCTCCGGT-1,0.000234,0.801868,0.163035,0.034785,0.000078
AACGTACTGTGGGTAC-1,0.001821,0.278365,0.590388,0.128819,0.000608
AACGTCAGACTAGTGG-1,0.000361,0.505632,0.390158,0.000121,0.103728
AACGTCATCCGGCTTG-1,0.0025,0.164487,0.32447,0.507708,0.000835
AACGTCGCTGCACTTC-1,0.007501,0.005009,0.908052,0.076934,0.002504
AACGTGATGAAGGACA-1,0.003789,0.002529,0.897387,0.095029,0.001265
AACGTGCGAAAGTCTC-1,0.005003,0.39201,0.481177,0.12014,0.00167
AACGTTATCAGCACCT-1,0.000288,0.910749,0.073996,0.010317,0.00465
AACTACCCGTTTGTCA-1,0.005068,0.243869,0.747679,0.001693,0.001692
AACTAGCGTATCGCAC-1,0.000539,0.329546,0.584338,0.057084,0.028493
AACTAGGCTTGGGTGT-1,0.002389,0.001595,0.268406,0.711277,0.016333
AACTCAAGTTAATTGC-1,0.000738,0.387938,0.404259,0.206818,0.000246
AACTCCAGAGCGTGTT-1,0.003947,0.002636,0.746421,0.245677,0.001318
AACTCCTAATCCCATG-1,0.002006,0.149841,0.692817,0.154667,0.00067
AACTCGATGGCGCAGT-1,0.000412,0.231999,0.747177,0.000138,0.020274
AACTCTCAATAGAGCG-1,0.002107,0.001407,0.995079,0.000703,0.000703
AACTCTCAGTGTGCTC-1,0.000444,0.555404,0.414311,0.029693,0.000148
AACTGAGGTCAGCGTC-1,0.000775,0.147339,0.847282,0.004346,0.000259
AACTGAGTTATACTGA-1,0.000382,0.834736,0.033421,0.074806,0.056654
AACTGATATTAGGCCT-1,0.000597,0.118341,0.733379,0.147483,0.000199
AACTGGGTCCCGACGT-1,0.000876,0.000585,0.955715,0.042531,0.000293
AACTGGGTTCGAGCCG-1,0.00182,0.260084,0.645416,0.092071,0.000608
AACTGGTGTGGGCCTT-1,0.000507,0.129198,0.869956,0.000169,0.000169
AACTTCTGCGTCTATC-1,0.000808,0.254382,0.618656,0.00027,0.125884
AACTTGCCCGTATGCA-1,0.000174,0.576818,0.422893,0.000058,0.000058
AACTTGCGTTCTCGCG-1,0.000358,0.530902,0.468501,0.000119,0.000119
AACTTTACGGGAGCTT-1,0.000584,0.332347,0.561652,0.057092,0.048325
AACTTTAGCTGCTGAG-1,0.000524,0.226575,0.742723,0.030004,0.000175
AACTTTCTCGATCATG-1,0.000142,0.000095,0.967993,0.031723,0.000047
AAGAAATCACCAGATT-1,0.000066,0.000044,0.92384,0.046355,0.029695
AAGAAGGATCAGTTAG-1,0.000319,0.542765,0.456703,0.000106,0.000106
AAGACATACGTGGTTT-1,0.003378,0.002257,0.001128,0.699906,0.293331
AAGACCCAACTGAACA-1,0.000483,0.383503,0.499029,0.116824,0.000161
AAGACTGCAAGCTACT-1,0.001399,0.330091,0.485512,0.135815,0.047182
AAGAGATGAATCGGTA-1,0.000332,0.236348,0.763098,0.000111,0.000111
AAGAGCTCTTTATCGG-1,0.004262,0.559368,0.312981,0.121966,0.001423
AAGAGGATGTACGCGA-1,0.000192,0.84419,0.14382,0.000064,0.011734
AAGAGGCATGGATCGC-1,0.004076,0.002723,0.990478,0.001362,0.001361
AAGAGGCCCTTTGGAA-1,0.000528,0.000353,0.262224,0.736719,0.000176
AAGATGGCACCGGACC-1,0.000623,0.323825,0.675135,0.000208,0.000208
AAGATTGGCGGAACGT-1,0.001682,0.001123,0.996072,0.000562,0.000561
AAGCACCCTGCGTATC-1,0.007354,0.00491,0.446045,0.539236,0.002455
AAGCATACTCTCCTGA-1,0.002534,0.098302,0.691885,0.206433,0.000846
AAGCCACTTGCAGGTA-1,0.001753,0.078775,0.649697,0.26919,0.000585
AAGCCGAAGCGGTTTA-1,0.006466,0.13094,0.759213,0.101221,0.002159
AAGCCGCCGTGAAATC-1,0.000449,0.217487,0.336151,0.001178,0.444735
AAGCCGCTTTACCTTG-1,0.000092,0.115376,0.698645,0.114012,0.071875
AAGCCGGAGAGCAGGA-1,0.002698,0.001802,0.772999,0.2216,0.000901
AAGCGCAGGGCTTTGA-1,0.002038,0.001361,0.576612,0.238866,0.181123
AAGCGGAGTGCGCGCA-1,0.001494,0.000998,0.99651,0.000499,0.000499
AAGCGGCGTCATGGGT-1,0.001081,0.352173,0.646025,0.000361,0.000361
AAGCGTCCCTCATCGA-1,0.000962,0.33382,0.664576,0.000321,0.000321
AAGCTAGATCGAGTAA-1,0.003049,0.026107,0.613713,0.356112,0.001018
AAGCTCGTGCCAAGTC-1,0.003788,0.00253,0.920045,0.072373,0.001265
AAGCTCTTTCATGGTG-1,0.003906,0.00261,0.618757,0.373422,0.001304
AAGGAGAACTTATAAG-1,0.000845,0.372516,0.530739,0.095618,0.000282
AAGGAGCGGTTGGTGC-1,0.000548,0.426482,0.53897,0.033817,0.000183
AAGGATCGATCGCTTG-1,0.000497,0.388066,0.611105,0.000166,0.000166
AAGGATGAGGGACCTC-1,0.000837,0.238662,0.653577,0.106644,0.000279
AAGGCAGGCTGTCTCC-1,0.003049,0.002036,0.920146,0.073751,0.001018
AAGGCGCGTAAAGCTT-1,0.000335,0.232695,0.73916,0.000112,0.027698
AAGGCTGTGCTCATCG-1,0.000697,0.113143,0.829604,0.056323,0.000233
AAGGGAACGACTGGCT-1,0.000461,0.373201,0.56187,0.064313,0.000154
AAGGGACAGATTCTGT-1,0.000542,0.354734,0.60359,0.040953,0.000181
AAGGGACTATGCATTC-1,0.002168,0.293138,0.703246,0.000724,0.000724
AAGGTATCCTAATATA-1,0.001875,0.482172,0.5147,0.000626,0.000626
AAGGTGATAAACCAGC-1,0.001246,0.11152,0.754446,0.132372,0.000416
AAGTAGAAGACCGGGT-1,0.001039,0.000694,0.94432,0.053601,0.000347
AAGTAGTGACGCGAGG-1,0.001857,0.397718,0.568774,0.00062,0.03103
AAGTCAATTGTCGTCA-1,0.002287,0.249517,0.746669,0.000764,0.000763
AAGTCTAGTAGCTGCC-1,0.000237,0.039468,0.92092,0.036158,0.003217
AAGTCTTCTGTGGCCT-1,0.000543,0.521928,0.377112,0.049947,0.05047
AAGTGACGACCGAATT-1,0.000076,0.930713,0.012275,0.026859,0.030077
AAGTGAGTCGGGTTTA-1,0.000346,0.463538,0.535885,0.000116,0.000116
AAGTGCAAAGGTAGAC-1,0.000549,0.345964,0.568666,0.000183,0.084638
AAGTGCCTTGACTGTA-1,0.001271,0.105637,0.782215,0.110452,0.000424
AAGTGCGTTAGAATCT-1,0.000555,0.454085,0.532755,0.012421,0.000185
AAGTGCTTCTCTATTG-1,0.001713,0.245834,0.566973,0.13225,0.05323
AAGTGTTTGGAGACGG-1,0.001194,0.402781,0.000399,0.595228,0.000399
AAGTTCACTCCAAGCT-1,0.005068,0.191338,0.477069,0.324833,0.001693
AAGTTCAGTCTGCGTA-1,0.000738,0.109627,0.85791,0.000246,0.031479
AAGTTCGGCCAACAGG-1,0.000413,0.483647,0.515664,0.000138,0.000138
AAGTTGTGATGTTATA-1,0.003349,0.055459,0.001118,0.938956,0.001118
AAGTTTACTAATGGCA-1,0.001198,0.0008,0.997202,0.0004,0.0004
AAGTTTATGGGCCCAA-1,0.000862,0.494612,0.451238,0.053,0.000288
AATAACAACGCTCGGC-1,0.000166,0.841822,0.144641,0.013316,0.000055
AATAACACTAGAACAA-1,0.000503,0.167205,0.827352,0.000168,0.004772
AATAACGTCGCGCCCA-1,0.006466,0.00432,0.763924,0.22313,0.00216
AATAAGTCCTCGAGAC-1,0.001267,0.000846,0.968569,0.007489,0.021829
AATAATCTTCGTATCG-1,0.000089,0.000059,0.858621,0.141201,0.00003
AATACAATGTTTCAGG-1,0.000322,0.726193,0.27327,0.000108,0.000108
AATACCGGAGGGCTGT-1,0.001254,0.163993,0.63477,0.009484,0.190499
AATACCTGATGTGAAC-1,0.002534,0.060628,0.000846,0.935146,0.000846
AATAGAACAGAGTGGC-1,0.00128,0.205034,0.672288,0.050841,0.070557
AATAGAATCTGTTTCA-1,0.001821,0.123441,0.708099,0.166031,0.000608
AATAGCTACCGCGTGC-1,0.00341,0.086074,0.817842,0.091403,0.001272
AATAGGCACGACCCTT-1,0.002698,0.001801,0.613874,0.380725,0.000901
AATAGTCCGTCCCGAC-1,0.000882,0.808846,0.000295,0.078566,0.11141
AATAGTCGCGAGTCGG-1,0.000638,0.275304,0.723632,0.000213,0.000213
AATATCAAGGTCGGAT-1,0.000364,0.510729,0.488664,0.000122,0.000122
AATATCCTAGCAAACT-1,0.000556,0.347039,0.553139,0.099081,0.000186
AATATCGAATCAATGC-1,0.006819,0.004553,0.421262,0.484794,0.082573
AATATCGAGGGTTCTC-1,0.00086,0.088186,0.879498,0.031169,0.000287
AATATTGGAGTATTGA-1,0.000154,0.821321,0.101153,0.07732,0.000051
AATCAGGTTTCATTTA-1,0.000553,0.838822,0.083009,0.040501,0.037116
AATCATGTAAAGACTC-1,0.002467,0.001648,0.590061,0.405,0.000824
AATCCAAGGGCCTGAG-1,0.001057,0.247761,0.45925,0.032351,0.259582
AATCCATGCAAGGGTG-1,0.000374,0.270371,0.698132,0.030999,0.000125
AATCCCGCTCAGAGCC-1,0.001995,0.001332,0.573908,0.422099,0.000666
AATCGAGGTCTCAAGG-1,0.004311,0.242935,0.310432,0.440883,0.001439
AATCGCCTCAGCGCCA-1,0.530612,0.002002,0.465383,0.001002,0.001002
AATCGCGCAGAGGACT-1,0.000847,0.131506,0.679784,0.111298,0.076565
AATCGGGACACTACGA-1,0.002517,0.308452,0.282135,0.406055,0.00084
AATCGGTATAGCCCTC-1,0.011031,0.007367,0.646036,0.331883,0.003683
AATCGTGAGCCGAGCA-1,0.004262,0.002846,0.780865,0.210603,0.001423
AATCTAGGTTTACTTG-1,0.000584,0.532156,0.404671,0.062394,0.000195
AATCTATGCCGGAGCC-1,0.005068,0.003385,0.755806,0.234048,0.001693
AATCTCTACTGTGGTT-1,0.000329,0.255994,0.014776,0.00011,0.728791
AATCTGCGTTGGGACG-1,0.000889,0.309137,0.689381,0.000297,0.000297
AATCTGGCTTTCTAGT-1,0.000592,0.314388,0.524253,0.120309,0.040457
AATCTGGGTAGACCCT-1,0.001325,0.508137,0.442671,0.047424,0.000442
AATGACAGCAATGTCT-1,0.000297,0.702074,0.257464,0.040065,0.000099
AATGACGTAGGATGTC-1,0.001531,0.157635,0.007102,0.722387,0.111346
AATGACTGTCAGCCGG-1,0.000505,0.107619,0.891538,0.000169,0.000169
AATGAGTTCGCATATG-1,0.000442,0.308974,0.690288,0.000148,0.000148
AATGATGATACGCTAT-1,0.000486,0.374639,0.436427,0.172514,0.015933
AATGATGCGACTCCTG-1,0.000795,0.111228,0.887447,0.000265,0.000265
AATGCAACCGGGTACC-1,0.00046,0.277214,0.72202,0.000153,0.000153
AATGCACCAAGCAATG-1,0.000891,0.000595,0.997919,0.000297,0.000297
AATGGTCCACCGTTCA-1,0.000371,0.506591,0.477196,0.000124,0.015718
AATGGTTCTCACAAGC-1,0.000504,0.258146,0.741013,0.000168,0.000168
AATGTATGGCACTGTA-1,0.001512,0.625352,0.26844,0.10419,0.000505
AATGTGCCCGAGGTGT-1,0.000629,0.506581,0.467407,0.025173,0.00021
AATGTGCTAATCTGAG-1,0.000345,0.74476,0.039986,0.214793,0.000115
AATGTTAAGACCCTGA-1,0.002038,0.001361,0.289142,0.092006,0.615452
AATGTTGTCGTGAGAC-1,0.004412,0.002946,0.956654,0.034516,0.001473
AATTAAAGGTCGGCGT-1,0.000455,0.319273,0.637222,0.028624,0.014427
AATTAACGGATTTCCA-1,0.003319,0.002216,0.461695,0.531663,0.001108
AATTACGAGACCCATC-1,0.001821,0.650032,0.304175,0.043364,0.000608
AATTACTCGTACGCTC-1,0.000389,0.376291,0.194225,0.052724,0.376371
AATTAGCGCTGCAGCG-1,0.001894,0.164563,0.68568,0.08934,0.058522
AATTATACCCAGCAAG-1,0.000462,0.052403,0.000154,0.946826,0.000154
AATTCATAAGGGATCT-1,0.000788,0.235374,0.668091,0.095484,0.000263
AATTCATTGTCATGCA-1,0.00053,0.237065,0.750827,0.000177,0.011401
AATTCCAAGCATGTAC-1,0.000128,0.990304,0.008345,0.000043,0.001181
AATTCGATTCGAGGAT-1,0.003099,0.00207,0.73259,0.261206,0.001035
AATTCTAGAGTTAGGC-1,0.001773,0.855115,0.076674,0.065847,0.000591
AATTGAACGCTCTGGT-1,0.002451,0.264809,0.334021,0.3979,0.000818
AATTGCAGCAATCGAC-1,0.006356,0.004247,0.423581,0.563694,0.002122
AATTGCGTGGATTACA-1,0.002359,0.599215,0.33473,0.000788,0.062909
AATTGTGGTTGCCAAA-1,0.012932,0.00863,0.42331,0.55081,0.004318
AATTTGGGACATAGTA-1,0.00042,0.488196,0.434419,0.076826,0.00014
AATTTGGTTCCAAAGA-1,0.00111,0.12214,0.353381,0.513598,0.009771
ACAAACCATGCGTCCT-1,0.000457,0.348443,0.638784,0.000153,0.012163
ACAAACCGACAAGGCG-1,0.001003,0.429231,0.502643,0.066788,0.000335
ACAAACTCCATCAGAG-1,0.001857,0.00124,0.48498,0.511304,0.00062
ACAAAGAAGGTAGGCC-1,0.000258,0.590531,0.206463,0.002583,0.200165
ACAAAGCATGACCTAG-1,0.002718,0.001815,0.735387,0.259173,0.000907
ACAAATCGCACCGAAT-1,0.00088,0.692643,0.000294,0.305889,0.000294
ACAAATGGTAGTGTTT-1,0.003505,0.187557,0.806598,0.001171,0.00117
ACAAATTCAGATCTGA-1,0.00161,0.268327,0.62791,0.094145,0.008008
ACAACAGCATGAGCTA-1,0.001206,0.043504,0.66426,0.084879,0.206152
ACAACGGTCCCTGCGA-1,0.000264,0.304307,0.695253,0.000088,0.000088
ACAAGCAGTGCCTAGC-1,0.000173,0.768543,0.231168,0.000058,0.000058
ACAAGCTATATGGAAG-1,0.000159,0.968268,0.000053,0.020545,0.010975
ACAAGGAAATCCGCCC-1,0.001087,0.564418,0.293697,0.140435,0.000363
ACAAGGACAAGAGGTT-1,0.000491,0.216477,0.629019,0.000164,0.15385
ACAAGGATGCTTTAGG-1,0.002799,0.001869,0.816441,0.177957,0.000935
ACAAGGGCAGGCTCTG-1,0.002758,0.210625,0.063877,0.72182,0.00092
ACAAGTAATTGTAAGG-1,0.002885,0.308383,0.332473,0.355296,0.000963
ACAATAGTCGTACGTT-1,0.000072,0.95168,0.000757,0.047467,0.000024
ACAATCCATTTAAACC-1,0.000078,0.993529,0.000226,0.006141,0.000026
ACAATGAATACGGAGA-1,0.000681,0.303682,0.655838,0.000227,0.039572
ACAATGATTCTTCTAC-1,0.002953,0.303524,0.69155,0.000986,0.000986
ACAATTGTGTCTCTTT-1,0.000456,0.972105,0.027135,0.000152,0.000152
ACAATTTAGGAGGCTC-1,0.000491,0.391144,0.530663,0.039829,0.037873
ACAATTTGAGCAGTGG-1,0.002072,0.186599,0.567552,0.142273,0.101503
ACAATTTGGCCATATT-1,0.000066,0.530635,0.436654,0.032622,0.000022
ACACAAAGACGGGTGG-1,0.000301,0.431603,0.39545,0.172546,0.0001
ACACAAATATTCCTAG-1,0.000061,0.134868,0.838289,0.00002,0.026762
ACACACCAGGACCAGT-1,0.003713,0.00248,0.584066,0.408502,0.001239
ACACACTTTCTACACG-1,0.001537,0.001026,0.749611,0.247312,0.000513
ACACATGATCAAATCT-1,0.000856,0.282391,0.71618,0.000286,0.000286
ACACATTGACGCAACA-1,0.000899,0.079526,0.757696,0.084501,0.077377
ACACATTTCCGTAGAC-1,0.001179,0.000788,0.000394,0.997245,0.000394
ACACCACATAATTAGC-1,0.002758,0.188587,0.645499,0.162236,0.000921
ACACCCAGCATGCAGC-1,0.000573,0.196779,0.72462,0.000191,0.077836
ACACCCGAGAAATCCG-1,0.000432,0.270078,0.729203,0.000144,0.000144
ACACCGAGCGCTCTTT-1,0.000872,0.291483,0.545676,0.161678,0.000291
ACACCGGTCTGACCGC-1,0.000551,0.259974,0.619019,0.000184,0.120272
ACACCTTAAGTAGGGC-1,0.000922,0.110096,0.888367,0.000308,0.000308
ACACCTTACTACTTGC-1,0.001379,0.112109,0.758979,0.127072,0.00046
ACACGAGACTCCTTCT-1,0.001494,0.421618,0.575891,0.000499,0.000499
ACACGGCACTATGCAT-1,0.002908,0.001941,0.407443,0.586737,0.000971
ACACGGGAACTTAGGG-1,0.001289,0.212103,0.785748,0.00043,0.00043
ACACGTAGGCCACAAG-1,0.000672,0.000449,0.758616,0.240039,0.000224
ACACTCCAATGTCACT-1,0.000643,0.195075,0.635894,0.15512,0.013268
ACACTGATCAAGGTGT-1,0.000878,0.204705,0.79383,0.000293,0.000293
ACACTGGGACAGTCGT-1,0.002953,0.001972,0.55062,0.44347,0.000986
ACAGAACTGAGAACAA-1,0.000673,0.463991,0.475162,0.05995,0.000225
ACAGATTAGGTTAGTG-1,0.002315,0.129816,0.654611,0.212485,0.000773
ACAGCATAGAGCCAGT-1,0.002315,0.001546,0.124133,0.871232,0.000773
ACAGCGACATTCTCAT-1,0.004261,0.082574,0.447411,0.46433,0.001423
ACAGCGCACCCGCAGC-1,0.000821,0.000548,0.000274,0.998083,0.000274
ACAGGCACGGATCCTT-1,0.007076,0.004724,0.790207,0.195628,0.002364
ACAGGCTTGCCCGACT-1,0.002049,0.205485,0.669288,0.122493,0.000684
ACAGGTGGAGGTGAGG-1,0.00114,0.161684,0.553474,0.174852,0.10885
ACAGGTGTGTTGTTGC-1,0.000569,0.511714,0.346183,0.063765,0.077768
ACAGTAATACAACTTG-1,0.000158,0.701175,0.191997,0.095734,0.010937
ACAGTATACCGTGGGA-1,0.004412,0.11393,0.878712,0.001474,0.001473
ACATAAGTCGTGGTGA-1,0.000134,0.989808,0.000045,0.003913,0.0061
ACATAATAAGGCGGTG-1,0.000344,0.451039,0.508459,0.040042,0.000115
ACATACAATCAAGCGG-1,0.003713,0.00248,0.232721,0.759846,0.00124
ACATCAGCTGGGACGC-1,0.000383,0.328586,0.631105,0.000128,0.039799
ACATCCCGGCCATACG-1,0.008152,0.005447,0.665649,0.31803,0.002722
ACATCCTGGTAACTGT-1,0.001821,0.146026,0.850937,0.000608,0.000608
ACATCGATCGTTTACC-1,0.001933,0.202572,0.53813,0.226051,0.031314
ACATCGCAATATTCGG-1,0.002038,0.042106,0.328737,0.626439,0.000681
ACATCGGTCAGCCGCG-1,0.000547,0.514507,0.484581,0.000183,0.000183
ACATCGTATGCAATGG-1,0.003713,0.154792,0.643347,0.143795,0.054352
ACATCGTTAACCTAGT-1,0.002552,0.068854,0.751622,0.17612,0.000852
ACATCTCAACGCGTAA-1,0.000524,0.138208,0.84727,0.000175,0.013823
ACATGGCGCCAAAGTA-1,0.000661,0.192772,0.600952,0.205394,0.000221
ACATGGCTCAATTTAG-1,0.001157,0.322757,0.364534,0.180321,0.131231
ACATTAGTTTATATCC-1,0.002119,0.52883,0.391933,0.076411,0.000708
ACATTCGCGCGGAATA-1,0.000758,0.00865,0.018736,0.971604,0.000253
ACATTTGAAACCTAAC-1,0.007653,0.00511,0.764987,0.219696,0.002554
ACCAAACACCCAGCGA-1,0.000359,0.223183,0.776219,0.00012,0.00012
ACCAAACTAGAAATCC-1,0.00053,0.939273,0.000177,0.059843,0.000177
ACCAACACCACACACT-1,0.001995,0.331789,0.571776,0.093774,0.000666
ACCAACCGCACTCCAC-1,0.005598,0.003738,0.416475,0.3012,0.272989
ACCAACGCTTATTTAT-1,0.001471,0.067958,0.842068,0.088012,0.000491
ACCAAGAACGCGTGTC-1,0.00141,0.000942,0.894923,0.078771,0.023954
ACCAAGTCATCGGCAG-1,0.002095,0.001399,0.263757,0.275803,0.456946
ACCAATATGCAAGTTA-1,0.006049,0.004039,0.65499,0.332903,0.00202
ACCACAACTCAGAACA-1,0.011965,0.042292,0.445626,0.499019,0.001098
ACCACAAGTTTCTATC-1,0.0008,0.140449,0.797178,0.000267,0.061306
ACCACACGGTTGATGG-1,0.001399,0.64265,0.061074,0.264797,0.030079
ACCACCAATGTAACAA-1,0.000684,0.255556,0.743302,0.000229,0.000228
ACCACCCTCTCTTCTA-1,0.000773,0.577021,0.414979,0.000258,0.006969
ACCACGTGCAGCTATA-1,0.002329,0.26388,0.000778,0.732235,0.000778
ACCACTGTTCAAGAAG-1,0.000444,0.319448,0.637027,0.000148,0.042932
ACCAGACCATAACAAC-1,0.00029,0.551619,0.336786,0.0439,0.067405
ACCAGCCCGGTCTTTG-1,0.00085,0.406434,0.544494,0.047937,0.000284
ACCAGGAGTGTGATCT-1,0.001014,0.490685,0.498597,0.009366,0.000338
ACCAGTGCCCGGTCAA-1,0.000569,0.177438,0.651064,0.00019,0.17074
ACCAGTGCGGGAGACG-1,0.003538,0.002362,0.991738,0.001182,0.001181
ACCATATCCGCAATAA-1,0.000967,0.233374,0.765014,0.000323,0.000323
ACCATCCGCCAACTAG-1,0.00007,0.92133,0.072313,0.000024,0.006264
ACCATCGTATATGGTA-1,0.000499,0.50378,0.492241,0.003314,0.000167
ACCATTAAGGGTGTCA-1,0.00113,0.323891,0.451111,0.144865,0.079003
ACCCAACGCCCGTGGC-1,0.001875,0.538451,0.458422,0.000626,0.000626
ACCCACCTACATGCTC-1,0.000417,0.481377,0.517928,0.000139,0.000139
ACCCATCTTGAGGGTA-1,0.001875,0.319953,0.467185,0.210361,0.000626
ACCCATTTGTCCCTCT-1,0.007212,0.004814,0.759017,0.22655,0.002407
ACCCGAGCGAAATTAC-1,0.000497,0.293927,0.51417,0.016434,0.174972
ACCCGATTGGTTCCGA-1,0.001048,0.415898,0.219215,0.257846,0.105994
ACCCGGAAACTCCCAG-1,0.004808,0.122293,0.619821,0.152437,0.100641
ACCCGGAGCACCACAA-1,0.00242,0.001616,0.706903,0.264564,0.024498
ACCCGGATGACGCATC-1,0.001307,0.000873,0.996948,0.000436,0.000436
ACCCGGTTACACTTCC-1,0.002551,0.396314,0.599431,0.000852,0.000852
ACCCGTAGTCTAGTTG-1,0.002287,0.245077,0.000763,0.751109,0.000763
ACCCGTGTCATCAGTA-1,0.001488,0.186995,0.540845,0.270176,0.000497
ACCCTATAGGACTGAG-1,0.000232,0.55853,0.435623,0.000077,0.005537
ACCCTATGCCATATCG-1,0.000748,0.667458,0.331295,0.000249,0.000249
ACCCTCCCGTCAGGGC-1,0.006697,0.004471,0.351482,0.635115,0.002236
ACCCTCCCTTGCTATT-1,0.011212,0.348825,0.431543,0.207261,0.00116
ACCCTGGTAACGCCCT-1,0.004311,0.16756,0.681607,0.145083,0.001439
ACCCTTCATCTGCGAA-1,0.001359,0.000907,0.524849,0.472432,0.000454
ACCCTTGCCTGGGTCG-1,0.000381,0.062758,0.936607,0.000127,0.000127
ACCCTTTAGTTCTCCA-1,0.002404,0.06521,0.561791,0.120833,0.249762
ACCGAAAGGGCCCTGC-1,0.000354,0.496272,0.483115,0.011311,0.008949
ACCGAAGAGTCTGGTT-1,0.00031,0.375919,0.548348,0.049054,0.026368
ACCGACACATCTCCCA-1,0.01175,0.906064,0.000156,0.081874,0.000156
ACCGACTGAGTCCCAC-1,0.000801,0.454007,0.421806,0.123119,0.000268
ACCGAGTCTCCTTATT-1,0.003152,0.002105,0.001052,0.992639,0.001052
ACCGATAGGCATAACC-1,0.002168,0.001447,0.882832,0.112828,0.000724
ACCGATATTTAATCAT-1,0.00023,0.213573,0.496947,0.289173,0.000077
ACCGATGGTAGCATCG-1,0.000335,0.969074,0.011777,0.018702,0.000112
ACCGCAATAACTGCCT-1,0.005209,0.003479,0.53189,0.457684,0.001739
ACCGCGGTGGAAGTCG-1,0.000618,0.315851,0.654509,0.028816,0.000207
ACCGCTAGTCATTGGT-1,0.002131,0.001423,0.870196,0.125539,0.000711
ACCGGGCCTTTGTTGA-1,0.003319,0.002217,0.960656,0.001108,0.0327
ACCGGTCAGGTACACC-1,0.000393,0.274858,0.540678,0.155736,0.028336
ACCGTGACCACGTGGG-1,0.000521,0.421022,0.57671,0.001574,0.000174
ACCGTTCCCGCTCTGA-1,0.000635,0.000424,0.000212,0.998518,0.000212
ACCTAAGTACCTTTCA-1,0.000565,0.582751,0.356994,0.033016,0.026674
ACCTAATCGACTTCCT-1,0.000368,0.509746,0.478414,0.001947,0.009525
ACCTACAGTATGTGGT-1,0.000773,0.668906,0.195391,0.134671,0.000258
ACCTACTATAAATCTA-1,0.001761,0.132613,0.788284,0.076754,0.000588
ACCTCAGCGAGGCGCA-1,0.009148,0.116512,0.003054,0.868231,0.003054
ACCTCCGCCCTCGCTG-1,0.006148,0.233495,0.696601,0.061703,0.002052
ACCTCCGTTATTCACC-1,0.000581,0.096878,0.646783,0.177428,0.078329
ACCTCGAACTTATGCT-1,0.000429,0.361248,0.486153,0.048736,0.103433
ACCTGCGTGTCATGTT-1,0.000374,0.562332,0.390908,0.016109,0.030277
ACGAAATGGGCGGCAC-1,0.000153,0.826001,0.173744,0.000051,0.000051
ACGACCCATGAGTTGC-1,0.009868,0.006592,0.976948,0.003297,0.003295
ACGACTCTAGGGCCGA-1,0.000785,0.491421,0.070995,0.377886,0.058914
ACGACTGGTCATACTC-1,0.000332,0.360337,0.63911,0.000111,0.000111
ACGAGAACCCATCACG-1,0.000582,0.066086,0.932943,0.000194,0.000194
ACGAGATATTTGCTTA-1,0.000848,0.129902,0.000283,0.868683,0.000283
ACGAGGATACCACTCT-1,0.00017,0.933636,0.028371,0.037766,0.000057
ACGAGGTTTACAACGT-1,0.000416,0.363275,0.573376,0.062793,0.000139
ACGAGTACGGATGCCC-1,0.001133,0.394524,0.539015,0.06495,0.000378
ACGATACATAGAACTA-1,0.000555,0.513981,0.422179,0.058493,0.004793
ACGATACCTATCCTGA-1,0.000481,0.487734,0.167462,0.344163,0.000161
ACGATCATACATAGAG-1,0.000864,0.156785,0.841773,0.000289,0.000289
ACGATCATCTTGTAAA-1,0.002404,0.001606,0.83112,0.164067,0.000803
ACGATGCATATGTTAT-1,0.00074,0.187055,0.756913,0.055045,0.000247
ACGATGGATCCGATGC-1,0.002404,0.077043,0.918947,0.000803,0.000803
ACGCAAACTAATAGAT-1,0.000296,0.541586,0.382164,0.073355,0.002599
ACGCAATCACTACAGC-1,0.003409,0.002277,0.992038,0.001138,0.001138
ACGCATACGTTTACTA-1,0.004808,0.100743,0.234656,0.658188,0.001605
ACGCATTCGTGAGTAC-1,0.001293,0.083016,0.802775,0.112484,0.000432
ACGCCACTCGAAACAG-1,0.001276,0.000852,0.054387,0.943059,0.000426
ACGCCAGATGATTTCT-1,0.003866,0.145853,0.847699,0.001291,0.001291
ACGCCAGTGCGTTTGC-1,0.006148,0.004103,0.451814,0.535882,0.002052
ACGCCCAGCTGTCGAT-1,0.001415,0.335048,0.662591,0.000473,0.000472
ACGCCGCTAGACGACC-1,0.00487,0.003253,0.711742,0.278509,0.001626
ACGCGAAGTCAGACGA-1,0.002156,0.553581,0.206862,0.236681,0.00072
ACGCGCTACACAGGGT-1,0.000028,0.999944,0.000009,0.000009,0.000009
ACGCGGGCCAAGGACA-1,0.001364,0.154806,0.84292,0.000455,0.000455
ACGCGTTTCTTAAGAG-1,0.000639,0.377339,0.412308,0.02624,0.183475
ACGCTAGTGATACACT-1,0.001093,0.132777,0.8654,0.000365,0.000365
ACGCTGTGAGGCGTAG-1,0.000184,0.971358,0.000062,0.000062,0.028335
ACGCTTAGTGTCTCTC-1,0.001302,0.197503,0.562115,0.000435,0.238645
ACGGAACACGAGTGCC-1,0.004689,0.003131,0.001566,0.989047,0.001567
ACGGAATTTAGCAAAT-1,0.000277,0.368924,0.532329,0.000093,0.098377
ACGGACTCTCAAAGCG-1,0.001752,0.780844,0.000585,0.199761,0.017058
ACGGAGCGCAAATTAC-1,0.001838,0.001228,0.766689,0.22963,0.000614
ACGGATGGTGCGGATA-1,0.00431,0.002879,0.35585,0.635522,0.00144
ACGGCACTTGCTTGGG-1,0.00329,0.063713,0.518508,0.25964,0.15485
ACGGCCAACATGGACT-1,0.002468,0.040601,0.868691,0.000824,0.087417
ACGGCGACGATGGGAA-1,0.001569,0.01042,0.329202,0.309443,0.349366
ACGGCTGGATGTAGAA-1,0.000415,0.41891,0.392444,0.187434,0.000798
ACGGGAGTGTCGGCCC-1,0.00035,0.555693,0.372149,0.06883,0.002978
ACGGGCGTATGCGACA-1,0.006049,0.004037,0.847577,0.140318,0.002019
ACGGGTCATGTGACTT-1,0.000618,0.470048,0.528921,0.000206,0.000206
ACGGTACAGTTCAATG-1,0.002641,0.273688,0.32143,0.401359,0.000882
ACGGTCACCGAGAACA-1,0.001369,0.273544,0.304979,0.300354,0.119755
ACGTACAGATTTCTCT-1,0.003606,0.002408,0.378418,0.614363,0.001204
ACGTACTTTGGCACGG-1,0.002315,0.267381,0.457695,0.237658,0.03495
ACGTAGATTGCTGATG-1,0.002698,0.001802,0.993698,0.000901,0.000901
ACGTAGGAGAGTCGCT-1,0.002451,0.001637,0.189992,0.805102,0.000818
ACGTATTACTCCGATC-1,0.001617,0.096738,0.865117,0.035988,0.00054
ACGTCTCGTTCCGGGA-1,0.000576,0.213403,0.633634,0.123563,0.028823
ACGTGACAAAGTAAGT-1,0.000175,0.74476,0.067943,0.182075,0.005047
ACGTGCGCCTCGTGCA-1,0.005859,0.003913,0.735505,0.252766,0.001957
ACGTGGTCGAATGTGC-1,0.00111,0.484396,0.509406,0.004718,0.00037
ACGTTAATGTCGAAGA-1,0.00329,0.002197,0.689931,0.303484,0.001098
ACGTTAGATTTGCCCG-1,0.000445,0.342237,0.65702,0.000149,0.000149
ACGTTATTGGTCACTC-1,0.000337,0.597904,0.401535,0.000112,0.000113
ACGTTCACTATGCCGC-1,0.001839,0.145963,0.758866,0.092719,0.000614
ACGTTCCGCGCTCCGT-1,0.00066,0.329344,0.616573,0.053202,0.00022
ACGTTCGCAATCAATT-1,0.000188,0.882625,0.000063,0.117062,0.000063
ACGTTCGTTCAGGAAA-1,0.000321,0.319874,0.655195,0.000107,0.024503
ACGTTCTGTACAAGTC-1,0.00375,0.02132,0.446995,0.526683,0.001253
ACGTTGTCGTTGAAAG-1,0.00218,0.001456,0.666983,0.328653,0.000728
ACGTTTAGTTGTGATC-1,0.004167,0.002782,0.894045,0.097614,0.001392
ACTAAGGACGCACACC-1,0.000826,0.468954,0.529668,0.000276,0.000276
ACTAATACGTCAGGCG-1,0.001062,0.093943,0.904285,0.000355,0.000355
ACTACAAAGAGAGGTG-1,0.001667,0.001113,0.730843,0.265821,0.000556
ACTACATCCCGACAAG-1,0.000318,0.429315,0.414879,0.130585,0.024904
ACTACCAGCTCTCTGG-1,0.001011,0.57481,0.423504,0.000338,0.000337
ACTACCATCCGAGGGC-1,0.002206,0.001473,0.40505,0.590534,0.000737
ACTACGCGTTAGAATT-1,0.000704,0.265109,0.531452,0.116692,0.086044
ACTAGTTGCGATCGTC-1,0.000795,0.147344,0.652067,0.190294,0.009501
ACTATATGCTGTGTTC-1,0.00111,0.086893,0.911257,0.00037,0.00037
ACTATCCAGGGCATGG-1,0.001512,0.00101,0.931832,0.000505,0.065141
ACTATCGCCGGCTAAA-1,0.000598,0.155707,0.812062,0.031434,0.0002
ACTATCTGCCCGCGTA-1,0.011364,0.007592,0.759143,0.218106,0.003795
ACTATGTCCAGCTGCC-1,0.000405,0.302319,0.508427,0.067004,0.121845
ACTATTCGTCCGTGGT-1,0.002027,0.093338,0.903282,0.000677,0.000677
ACTATTTCCGGGCCCA-1,0.0003,0.73594,0.176517,0.049377,0.037866
ACTCAACGAATGTATT-1,0.000564,0.130589,0.806178,0.019932,0.042736
ACTCAAGTGCAAGGCT-1,0.003125,0.370277,0.222426,0.403128,0.001043
ACTCAATAAAGGCACG-1,0.000621,0.242839,0.641967,0.000207,0.114366
ACTCAGACCTGCTTCT-1,0.000908,0.278964,0.667213,0.000303,0.052612
ACTCATGGCAGCCTTC-1,0.001103,0.268557,0.577319,0.152652,0.000368
ACTCCAATATCATCAT-1,0.001531,0.38758,0.586633,0.023746,0.000511
ACTCCCATTCCTAAAG-1,0.000324,0.658705,0.23092,0.109943,0.000108
ACTCCCGAATTCGTTT-1,0.001563,0.129111,0.813759,0.055046,0.000522
ACTCCCGTAGACTAGG-1,0.00029,0.000193,0.968001,0.031419,0.000097
ACTCCCTAATGCTAAA-1,0.003233,0.002159,0.546748,0.296505,0.151355
ACTCCCTAGAATAGTA-1,0.003074,0.181351,0.419568,0.39498,0.001026
ACTCCGGCCGACCACT-1,0.002467,0.310968,0.397679,0.288062,0.000824
ACTCGATGTATTTCAT-1,0.000567,0.484127,0.386352,0.024894,0.104059
ACTCGCCGTTCGATAA-1,0.002315,0.001546,0.085337,0.747982,0.16282
ACTCGCGATCTGACGC-1,0.000081,0.027845,0.593812,0.328771,0.04949
ACTCGTAACCCGTCCT-1,0.000395,0.717025,0.217976,0.064471,0.000132
ACTCGTCAGTAATCCC-1,0.00605,0.00404,0.772961,0.214929,0.00202
ACTCTAAACCTGGGAT-1,0.000436,0.333709,0.463574,0.114321,0.087961
ACTCTCTGACTTAGGT-1,0.001059,0.789764,0.178567,0.030255,0.000354
ACTCTCTTATACACGA-1,0.00329,0.002197,0.82475,0.168666,0.001098
ACTCTGACCTAATAGA-1,0.003152,0.002104,0.761636,0.232056,0.001052
ACTCTTCAGCTCCCGC-1,0.000104,0.000069,0.744481,0.210538,0.044808
ACTCTTGTATAGTAAC-1,0.00959,0.496059,0.401962,0.091501,0.000888
ACTGAAACGCCGTTAG-1,0.001995,0.17668,0.69462,0.126039,0.000666
ACTGAATGGCGAAAGT-1,0.003866,0.002582,0.795842,0.196418,0.001291
ACTGATTTAGTGATTC-1,0.000949,0.232484,0.765932,0.000317,0.000317
ACTGCCCGCCATTCTC-1,0.000418,0.911915,0.000162,0.079252,0.008254
ACTGCCGTCGTAACTC-1,0.005598,0.00374,0.690924,0.297869,0.001869
ACTGCGGACACACCGT-1,0.001777,0.041476,0.936088,0.000594,0.020065
ACTGCTCGGAAGGATG-1,0.000475,0.29857,0.700637,0.000159,0.000159
ACTGGCGAACCTGCGT-1,0.001136,0.195272,0.802832,0.000379,0.000379
ACTGGGATGCCAGTGC-1,0.001821,0.038707,0.698395,0.260469,0.000608
ACTGTACGATACACAT-1,0.003205,0.21177,0.710034,0.07392,0.00107
ACTGTAGCACTTTGGA-1,0.002467,0.164965,0.832,0.000285,0.000285
ACTGTATACGCGAGCA-1,0.000414,0.418385,0.527851,0.045225,0.008124
ACTGTCCAGGATTATA-1,0.001263,0.094072,0.852659,0.051585,0.000422
ACTGTCTTCTTTAGAA-1,0.001271,0.203016,0.794864,0.000425,0.000424
ACTGTGCTAGTAGATC-1,0.000563,0.657751,0.232959,0.108539,0.000188
ACTGTTTAGTGTAGGC-1,0.002501,0.583051,0.318418,0.095196,0.000835
ACTTACCGGGCGCGCA-1,0.00125,0.105866,0.88301,0.000418,0.009456
ACTTACGCATCCACGC-1,0.006358,0.181337,0.808059,0.002123,0.002122
ACTTAGTACGACAAGA-1,0.000276,0.937041,0.055987,0.000092,0.006603
ACTTATACTTACCCGG-1,0.005137,0.00343,0.793122,0.196596,0.001715
ACTTATTAGGATCGGT-1,0.003409,0.075527,0.873185,0.04674,0.001138
ACTTATTTATGTGCCA-1,0.003409,0.002277,0.796319,0.196857,0.001138
ACTTCAGGCTGATCCC-1,0.001054,0.496486,0.000352,0.501757,0.000352
ACTTCCAGTGGAAGCT-1,0.000686,0.3809,0.399147,0.023625,0.195642
ACTTCCATGCGGGACA-1,0.003233,0.002159,0.690962,0.302567,0.001079
ACTTCGCCATACGCAC-1,0.000885,0.393055,0.554276,0.051488,0.000295
ACTTCGCTAGCGAGTG-1,0.000063,0.503079,0.329902,0.166935,0.000021
ACTTGACTCCCTCTTT-1,0.004688,0.003131,0.588594,0.402023,0.001565
ACTTGCCATATTGTAC-1,0.000448,0.651883,0.33056,0.00015,0.016959
ACTTGGGACCCGGTGG-1,0.00029,0.766627,0.206585,0.026401,0.000097
ACTTGGGCTTTCGCCA-1,0.002863,0.31906,0.000956,0.676165,0.000956
ACTTGTAGTCCCTTCA-1,0.000192,0.68491,0.295057,0.004419,0.015421
ACTTGTGGATGGAACG-1,0.002534,0.556328,0.316167,0.124125,0.000846
ACTTGTTACCGGATCA-1,0.003827,0.002554,0.512316,0.480025,0.001277
ACTTTACCCTCATGAA-1,0.00113,0.319969,0.646231,0.032294,0.000377
ACTTTCCTATAGCTTC-1,0.00121,0.278162,0.669545,0.05068,0.000404
ACTTTGACTGCATCCT-1,0.0001,0.897999,0.090271,0.000033,0.011597
ACTTTGGTCGTGCTCC-1,0.000805,0.428981,0.516857,0.053088,0.000269
ACTTTGTCGACGCACT-1,0.000731,0.000488,0.740975,0.257561,0.000244
AGAAATTATGACTCGC-1,0.002907,0.001941,0.968074,0.026107,0.000971
AGAACCCAGCGTGACA-1,0.000056,0.025677,0.33188,0.549296,0.093091
AGAACCCTCAATTGGG-1,0.000389,0.658876,0.304592,0.029047,0.007096
AGAACGTGGTACATTC-1,0.000848,0.221798,0.776787,0.000283,0.000283
AGAACTGTACTTTGTA-1,0.004262,0.002846,0.606945,0.20762,0.178327
AGAAGAGCGCCGTTCC-1,0.0375,0.025023,0.912447,0.012515,0.012515
AGAAGGTACACTTCAC-1,0.000455,0.346085,0.640943,0.012365,0.000152
AGAAGGTTGCCGAATT-1,0.000576,0.44642,0.412765,0.057137,0.083102
AGAAGGTTGTAGGTCG-1,0.003233,0.002158,0.531247,0.311342,0.15202
AGAAGTGATTCGTGAT-1,0.000493,0.447758,0.542812,0.008773,0.000165
AGAATAAATCTTCAGG-1,0.000066,0.957159,0.000022,0.010298,0.032456
AGAATACAGGCTATCC-1,0.002107,0.001407,0.078255,0.681592,0.236639
AGAATGCGGGTTCGGA-1,0.00078,0.000521,0.951335,0.047104,0.00026
AGAATTATGGATTCGA-1,0.000959,0.179272,0.819129,0.00032,0.00032
AGAATTGTTTGACATA-1,0.000888,0.348548,0.469671,0.000296,0.180597
AGACAGCTCAGAATCC-1,0.000492,0.495683,0.488888,0.000164,0.014773
AGACAGGCATCTCAGC-1,0.000278,0.046223,0.573412,0.379994,0.000093
AGACATAGATCCTTCC-1,0.000891,0.209535,0.739795,0.000297,0.049482
AGACCAAACCACACCT-1,0.000239,0.607376,0.290685,0.096147,0.005553
AGACCATGGGATACAA-1,0.000265,0.25251,0.713642,0.000089,0.033495
AGACCCACCGCTGATC-1,0.000709,0.194827,0.563188,0.121876,0.1194
AGACCCGCCCTCCTCG-1,0.000294,0.91954,0.07997,0.000098,0.000098
AGACCGCTCCGCGGTT-1,0.003348,0.185033,0.632094,0.178407,0.001118
AGACCGGGAAACCCTG-1,0.000114,0.751842,0.169833,0.0512,0.027011
AGACGAAGTGCCGGTC-1,0.003827,0.089294,0.511215,0.394386,0.001278
AGACGACGATGCCGCT-1,0.000876,0.157157,0.740626,0.006715,0.094626
AGACGCCCACTTCGCC-1,0.006697,0.004472,0.697685,0.288911,0.002235
AGACGGGATTGGTATA-1,0.0014,0.551271,0.446395,0.000467,0.000467
AGACGGGCCGATTTAA-1,0.001123,0.00075,0.997377,0.000375,0.000375
AGACTAGCCTTCCAGA-1,0.000872,0.489719,0.382883,0.126235,0.000291
AGACTGTTACCGGGTC-1,0.000405,0.512625,0.4867,0.000135,0.000135
AGAGAAACACCAGAAA-1,0.000549,0.46896,0.50023,0.000183,0.030077
AGAGAACCGTCTAGGA-1,0.000902,0.329026,0.594759,0.075012,0.000301
AGAGAAGGAGTACAAT-1,0.000673,0.113735,0.754176,0.000225,0.131191
AGAGATCTCTAAAGCG-1,0.000148,0.805496,0.098419,0.025786,0.07015
AGAGCAGTTATGAGAC-1,0.000055,0.94562,0.054288,0.000019,0.000019
AGAGCCGCCGAGATTT-1,0.000693,0.000463,0.733298,0.265314,0.000231
AGAGCGCTTGTAACGG-1,0.000683,0.190061,0.709326,0.099702,0.000228
AGAGCGGGCTAATCAT-1,0.000357,0.837835,0.003853,0.157836,0.000119
AGAGCGTACAAGCTCG-1,0.000512,0.322837,0.676309,0.000171,0.000171
AGAGCTACGAAAGCAT-1,0.000213,0.586954,0.377307,0.010113,0.025413
AGAGGCTTCGGAAACC-1,0.002155,0.00144,0.914253,0.081433,0.00072
AGAGGTATCTCGGTCC-1,0.001866,0.3514,0.645488,0.000623,0.000623
AGAGTAAACTTCACTA-1,0.002061,0.001376,0.876395,0.119481,0.000688
AGAGTATAGTGTTACG-1,0.00056,0.540748,0.39679,0.052788,0.009114
AGAGTTAGAGACCGAT-1,0.003025,0.150201,0.560893,0.284871,0.00101
AGAGTTGCAGGCCTCC-1,0.000283,0.266951,0.615046,0.034032,0.083688
AGATAACTTCAGGGCC-1,0.000438,0.293145,0.646198,0.000146,0.060073
AGATACCAATAGAACC-1,0.001364,0.6408,0.069127,0.288254,0.000455
AGATACCAGCACTTCA-1,0.000548,0.240144,0.758942,0.000183,0.000183
AGATACCGGTGTTCAC-1,0.000367,0.613342,0.386046,0.000123,0.000123
AGATACGACTTCATAT-1,0.000826,0.417635,0.281033,0.022082,0.278424
AGATACTCAAGATCGA-1,0.008335,0.005567,0.65077,0.117676,0.217652
AGATATAATACGACTA-1,0.002435,0.151055,0.432403,0.413293,0.000813
AGATCGTGCATAAGAT-1,0.000654,0.070022,0.753642,0.154669,0.021013
AGATCTCAGGTGTGAT-1,0.001187,0.226367,0.771654,0.000396,0.000396
AGATGACTCGCCCACG-1,0.00077,0.257593,0.702316,0.039064,0.000257
AGATGAGGGTTGCGAT-1,0.000495,0.1762,0.817164,0.005975,0.000165
AGATGATGGAGTCTGG-1,0.000671,0.10336,0.831328,0.008962,0.055679
AGATGCAAGACGTGCA-1,0.000656,0.642773,0.306531,0.049822,0.000219
AGATGCATCCTGTGTC-1,0.000316,0.60935,0.164684,0.048565,0.177085
AGATGCTATAACGAGC-1,0.000664,0.232781,0.752476,0.000222,0.013858
AGATTATAGGACGTTT-1,0.000732,0.812142,0.138004,0.048877,0.000245
AGATTCACAACCGATA-1,0.00027,0.31365,0.640696,0.045294,0.00009
AGCAAAGGCCGCTAGT-1,0.002006,0.072014,0.598041,0.327271,0.00067
AGCAACATATCTTATT-1,0.004261,0.002846,0.990047,0.001424,0.001423
AGCAACCGAAAGTAAT-1,0.000408,0.442571,0.556748,0.000136,0.000136
AGCACACGTTTAGACT-1,0.000334,0.883366,0.000111,0.116077,0.000111
AGCACCAGTACTCACG-1,0.000414,0.357779,0.641531,0.000138,0.000138
AGCACTACCGGCCTGT-1,0.000122,0.945462,0.054334,0.000041,0.000041
AGCACTACCTCACCAG-1,0.001126,0.253633,0.292712,0.452153,0.000376
