Barcode,Topic 1,Topic 2,Topic 3,Topic 4to6,Topic 7to9
AAACAACGAATAGTTC-1,0.000186,0.000187,0.018875,0.843133,0.137619
AAACAAGTATCTCCCA-1,0.000091,0.000091,0.000091,0.672971,0.326756
AAACAATCTACTAGCA-1,0.000219,0.166166,0.000219,0.632829,0.200567
AAACACCAATAACTGC-1,0.001658,0.362125,0.00166,0.391904,0.242654
AAACAGCTTTCAGAAG-1,0.000313,0.000313,0.08138,0.180514,0.73748
AAACAGGGTCTATATT-1,0.000782,0.000783,0.000783,0.953176,0.044475
AAACATGGTGAGAGGA-1,0.000983,0.000984,0.000984,0.994097,0.002952
AAACATTTCCCGGATT-1,0.000325,0.000325,0.000325,0.992195,0.00683
AAACCCGAACGAAATC-1,0.00202,0.002021,0.002022,0.987872,0.006064
AAACCGGAAATGTTAA-1,0.00117,0.00117,0.151036,0.843113,0.003511
AAACCGGGTAGGTACC-1,0.000032,0.000032,0.000032,0.000097,0.999807
AAACCGTTCGTCCAGG-1,0.000052,0.555919,0.000052,0.366408,0.077569
AAACCTAAGCAGCCGG-1,0.000419,0.00042,0.062045,0.935857,0.001259
AAACCTCATGAAGTTG-1,0.001079,0.00108,0.00108,0.993524,0.003239
AAACGAAGAACATACC-1,0.000251,0.205545,0.048997,0.276387,0.46882
AAACGAAGATGGAGTA-1,0.000092,0.000093,0.000092,0.072157,0.927565
AAACGAGACGGTTGAT-1,0.000092,0.264267,0.000092,0.712008,0.023541
AAACGGGCGTACGGGT-1,0.000144,0.012384,0.000144,0.895473,0.091855
AAACGGGTTGGTATCC-1,0.000416,0.000416,0.000416,0.997502,0.001249
AAACGGTTGCGAACTG-1,0.000103,0.259927,0.157032,0.560658,0.022281
AAACGTGTTCGCCCTA-1,0.000024,0.086729,0.090663,0.523549,0.299036
AAACTCGGTTCGCAAT-1,0.000114,0.224711,0.010137,0.726748,0.038289
AAACTCGTGATATAAG-1,0.000377,0.000377,0.000377,0.649386,0.349483
AAACTGCTGGCTCCAA-1,0.000083,0.202645,0.022363,0.421303,0.353606
AAACTTAATTGCACGC-1,0.0003,0.168347,0.112976,0.587275,0.131102
AAACTTGCAAACGTAT-1,0.000408,0.452521,0.025417,0.520427,0.001226
AAAGAATGACCTTAGA-1,0.000829,0.318931,0.00083,0.67692,0.002489
AAAGACCCAAGTCGCG-1,0.000051,0.04621,0.000051,0.269288,0.684401
AAAGACTGGGCGCTTT-1,0.000219,0.000219,0.067055,0.931849,0.000658
AAAGCTTGCCTACATA-1,0.000214,0.000214,0.356588,0.642343,0.000642
AAAGGCTACGGACCAT-1,0.000131,0.131287,0.000131,0.854963,0.013488
AAAGGGATGTAGCAAG-1,0.000038,0.990729,0.000038,0.009081,0.000114
AAAGGGCAGCTTGAAT-1,0.000454,0.000454,0.000454,0.997277,0.001362
AAAGTAGCATTGCTCA-1,0.000087,0.141988,0.000087,0.698059,0.159779
AAAGTCACTGATGTAA-1,0.000918,0.215662,0.000919,0.64832,0.134181
AAAGTCGACCCTCAGT-1,0.000255,0.000255,0.000255,0.276397,0.722838
AAAGTGCCATCAATTA-1,0.000285,0.000285,0.000285,0.99829,0.000855
AAAGTGTGATTTATCT-1,0.000016,0.000843,0.000016,0.000047,0.999078
AAAGTTGACTCCCGTA-1,0.000078,0.02214,0.000078,0.717684,0.26002
AAATAAGGTAGTGCCC-1,0.000494,0.000494,0.000494,0.997035,0.001483
AAATACCTATAAGCAT-1,0.000035,0.449901,0.000035,0.189173,0.360856
AAATAGCTTAGACTTT-1,0.000682,0.000682,0.000682,0.995908,0.002046
AAATAGGGTGCTATTG-1,0.000079,0.0016,0.000079,0.235881,0.762361
AAATCCGATACACGCC-1,0.000089,0.098302,0.000089,0.901253,0.000267
AAATCGCGGAAGGAGT-1,0.000284,0.166336,0.000284,0.607853,0.225242
AAATCGTGTACCACAA-1,0.000106,0.200392,0.057355,0.637914,0.104233
AAATCTAGCCCTGCTA-1,0.000043,0.015372,0.000043,0.398496,0.586045
AAATGATTCGATCAGC-1,0.000053,0.000053,0.000053,0.364145,0.635697
AAATGCTCGTTACGTT-1,0.000141,0.020723,0.000141,0.622483,0.356511
AAATGGCCCGTGCCCT-1,0.001001,0.001002,0.412004,0.582988,0.003005
AAATGGTCAATGTGCC-1,0.000033,0.196799,0.000033,0.053491,0.749645
AAATGTATCTTATCCC-1,0.00031,0.000311,0.021359,0.977089,0.000932
AAATGTGGGTGCTCCT-1,0.000049,0.305593,0.110267,0.465087,0.119004
AAATTAACGGGTAGCT-1,0.000076,0.53003,0.056963,0.408144,0.004787
AAATTAATAAGCGCGA-1,0.000811,0.000812,0.000811,0.995131,0.002435
AAATTACCTATCGATG-1,0.000133,0.003507,0.000133,0.659388,0.336838
AAATTCCAGGTCCAAA-1,0.00003,0.430862,0.00003,0.568988,0.00009
AAATTGATAGTCCTTT-1,0.000134,0.307475,0.000134,0.607863,0.084394
AAATTGCGGCGGTTCT-1,0.001058,0.001059,0.001059,0.86975,0.127074
AAATTGGTGAGAAGCA-1,0.000084,0.000084,0.293445,0.706134,0.000253
AAATTTGCGGGTGTGG-1,0.000095,0.121511,0.001158,0.876951,0.000285
AACAACTGGTAGTTGC-1,0.000102,0.028782,0.000102,0.855444,0.115569
AACAATACATTGTCGA-1,0.000192,0.382216,0.000192,0.267341,0.350058
AACAATTACTCTACGC-1,0.000983,0.000984,0.000984,0.994097,0.002952
AACACACGCTCGCCGC-1,0.000034,0.000034,0.000034,0.241634,0.758265
AACACGACTGTACTGA-1,0.000056,0.1318,0.002822,0.393503,0.47182
AACACGAGACGCGGCC-1,0.000077,0.454032,0.000077,0.54558,0.000232
AACACGCGGCCGCGAA-1,0.000087,0.111381,0.000087,0.638171,0.250274
AACAGCTGTGTGGCAA-1,0.001949,0.142197,0.148533,0.701468,0.005852
AACAGGATGGGCCGCG-1,0.000276,0.000276,0.000276,0.998345,0.000828
AACAGGTAGTATGGAT-1,0.000712,0.000713,0.241091,0.656361,0.101123
AACATATCAACTGGTG-1,0.000075,0.22314,0.000075,0.563893,0.212817
AACATCGATACGTCTA-1,0.000087,0.000087,0.106077,0.893488,0.000261
AACATTGGTCAGCCGT-1,0.001019,0.00102,0.152359,0.842542,0.00306
AACCAAGACTTCTCTG-1,0.000136,0.187705,0.016318,0.795434,0.000407
AACCATGGGATCGCTA-1,0.000057,0.000057,0.000057,0.471428,0.528401
AACCCAGAGACGGAGA-1,0.000012,0.000012,0.000012,0.267961,0.732002
AACCCATCCCATGATC-1,0.000056,0.602311,0.006998,0.346764,0.043871
AACCCGAGCAGAATCG-1,0.001481,0.001483,0.001483,0.991106,0.004448
AACCCTACTGTCAATA-1,0.000155,0.018505,0.000155,0.969492,0.011695
AACCCTGGTGGAACCA-1,0.000053,0.271701,0.026621,0.660338,0.041286
AACCGCTAAGGGATGC-1,0.000032,0.019891,0.000032,0.577907,0.402137
AACCGTTGTGTTTGCT-1,0.001111,0.001112,0.435831,0.55861,0.003336
AACCTAAAGCCGTCCG-1,0.001292,0.126706,0.263793,0.60433,0.003879
AACCTCGCTTTAGCCC-1,0.000607,0.395936,0.070793,0.53084,0.001823
AACCTGTCACGGAATT-1,0.000058,0.000058,0.000058,0.80592,0.193906
AACCTTTAAATACGGT-1,0.000056,0.215875,0.213177,0.486317,0.084575
AACGAAAGTCGTCCCA-1,0.000374,0.161596,0.000374,0.797864,0.039791
AACGATAATGCCGTAG-1,0.000046,0.158607,0.019704,0.059054,0.762589
AACGATAGAAGGGCCG-1,0.000033,0.054417,0.000033,0.188408,0.757108
AACGATATGTCAACTG-1,0.000154,0.18944,0.000154,0.727665,0.082588
AACGCATGATCTGGGT-1,0.000067,0.000067,0.03878,0.339376,0.62171
AACGCGAACGGCAACA-1,0.000983,0.000984,0.000984,0.994096,0.002952
AACGCGACCTTGGGCG-1,0.000117,0.187027,0.000117,0.740492,0.072246
AACGCTGTTGCTGAAA-1,0.000011,0.000011,0.000011,0.129077,0.870889
AACGGACGTACGTATA-1,0.000013,0.000013,0.000013,0.497064,0.502896
AACGGCCATCTCCGGT-1,0.000066,0.147918,0.000067,0.682895,0.169054
AACGTACTGTGGGTAC-1,0.000093,0.208676,0.042123,0.713337,0.035771
AACGTAGTCTACCCAT-1,0.001916,0.37845,0.001918,0.611965,0.005751
AACGTCAGACTAGTGG-1,0.000151,0.012273,0.000151,0.69332,0.294105
AACGTGCGAAAGTCTC-1,0.000078,0.382935,0.000078,0.616673,0.000235
AACGTTATCAGCACCT-1,0.000437,0.000438,0.000438,0.40734,0.591347
AACTACCCGTTTGTCA-1,0.002525,0.002527,0.176678,0.810689,0.007581
AACTAGCGTATCGCAC-1,0.000215,0.155209,0.044044,0.799886,0.000645
AACTAGGCTTGGGTGT-1,0.000128,0.059314,0.000128,0.661274,0.279155
AACTCAAGTTAATTGC-1,0.000101,0.162335,0.025953,0.280586,0.531025
AACTCCAGAGCGTGTT-1,0.000141,0.563283,0.000141,0.436011,0.000423
AACTCGATAAACACGT-1,0.000299,0.000299,0.209798,0.788707,0.000897
AACTCGATGGCGCAGT-1,0.00003,0.00003,0.00003,0.106644,0.893266
AACTCTCAATAGAGCG-1,0.000087,0.0471,0.000087,0.839119,0.113606
AACTCTCAGTGTGCTC-1,0.000063,0.644917,0.012677,0.271173,0.071171
AACTGAGTTATACTGA-1,0.003831,0.003834,0.205098,0.775734,0.011502
AACTGGTGTGGGCCTT-1,0.000386,0.000386,0.023501,0.669845,0.305882
AACTTCTGCGTCTATC-1,0.001821,0.001823,0.001823,0.989066,0.005467
AACTTGCCCGTATGCA-1,0.000304,0.000305,0.000305,0.998172,0.000914
AACTTGCGTTCTCGCG-1,0.000159,0.265874,0.000159,0.656696,0.077113
AACTTTACGGGAGCTT-1,0.000811,0.000812,0.000812,0.995131,0.002435
AACTTTAGCTGCTGAG-1,0.000161,0.000161,0.000161,0.729325,0.270192
AACTTTCTCGATCATG-1,0.000042,0.000042,0.000042,0.901897,0.097977
AAGAAATCACCAGATT-1,0.000036,0.147735,0.072683,0.682513,0.097033
AAGAAGGATCAGTTAG-1,0.000158,0.023564,0.000158,0.975646,0.000474
AAGACCAAATAACTCA-1,0.002096,0.002098,0.002098,0.249062,0.744646
AAGACTAACCCGTTGT-1,0.00018,0.00018,0.00018,0.852982,0.146479
AAGAGATGAATCGGTA-1,0.000174,0.000175,0.000175,0.998953,0.000524
AAGAGCTCTTTATCGG-1,0.000107,0.226844,0.000107,0.598217,0.174725
AAGAGGATGTACGCGA-1,0.000097,0.336407,0.000097,0.613321,0.050079
AAGAGGCATGGATCGC-1,0.000099,0.09947,0.000099,0.825847,0.074486
AAGAGGCCCTTTGGAA-1,0.002415,0.002417,0.188704,0.799212,0.007251
AAGATGGCACCGGACC-1,0.000611,0.25932,0.000611,0.438831,0.300627
AAGATTGGCGGAACGT-1,0.000125,0.086821,0.000125,0.632133,0.280796
AAGCACCCTGCGTATC-1,0.000165,0.074348,0.068389,0.613501,0.243597
AAGCATACTCTCCTGA-1,0.000061,0.214326,0.364561,0.39338,0.027671
AAGCCGAAGCGGTTTA-1,0.000044,0.170747,0.000044,0.650231,0.178934
AAGCCGCTTTACCTTG-1,0.000223,0.08136,0.032837,0.586619,0.298961
AAGCCGGAGAGCAGGA-1,0.000274,0.000275,0.06352,0.661615,0.274316
AAGCGCAGGGCTTTGA-1,0.000341,0.000341,0.046331,0.951964,0.001023
AAGCGGAGTGCGCGCA-1,0.000057,0.000057,0.34127,0.654524,0.004092
AAGCTAGATCGAGTAA-1,0.000045,0.250798,0.01927,0.566709,0.163177
AAGCTCGTGCCAAGTC-1,0.0001,0.265229,0.182625,0.501476,0.050571
AAGCTCTTTCATGGTG-1,0.000271,0.024662,0.000271,0.669039,0.305756
AAGGAGAACTTATAAG-1,0.000151,0.158336,0.030977,0.658983,0.151553
AAGGAGCGGTTGGTGC-1,0.000141,0.1189,0.000141,0.734191,0.146626
AAGGATCGATCGCTTG-1,0.001764,0.141773,0.001765,0.849403,0.005295
AAGGATGAGGGACCTC-1,0.000116,0.514505,0.094744,0.390288,0.000347
AAGGCAGGCTGTCTCC-1,0.000756,0.000756,0.000756,0.878274,0.119457
AAGGCGCGTAAAGCTT-1,0.000058,0.219708,0.000058,0.569916,0.21026
AAGGCTGTGCTCATCG-1,0.0001,0.242358,0.0001,0.640849,0.116594
AAGGGAACGACTGGCT-1,0.00028,0.156325,0.00028,0.572874,0.270241
AAGGGACAGATTCTGT-1,0.000109,0.046329,0.000109,0.626063,0.32739
AAGGGACTATGCATTC-1,0.000419,0.225763,0.106734,0.665825,0.001259
AAGGGTTTGATTTCAG-1,0.000203,0.111312,0.058896,0.750957,0.078632
AAGGTATCCTAATATA-1,0.000182,0.373635,0.000182,0.625454,0.000547
AAGGTGATAAACCAGC-1,0.000049,0.072646,0.000049,0.45681,0.470445
AAGTAAGCTTCCAAAC-1,0.001208,0.001209,0.001208,0.99275,0.003626
AAGTAGAAGACCGGGT-1,0.000069,0.054349,0.000069,0.534377,0.411136
AAGTAGTGACGCGAGG-1,0.000125,0.000125,0.000125,0.925981,0.073644
AAGTCAATTGTCGTCA-1,0.001658,0.00166,0.00166,0.990043,0.004979
AAGTCTAGTAGCTGCC-1,0.000112,0.000112,0.000112,0.99933,0.000335
AAGTCTTCTGTGGCCT-1,0.000665,0.000666,0.000666,0.996006,0.001997
AAGTGACGACCGAATT-1,0.000118,0.000118,0.000118,0.560304,0.439342
AAGTGCAAAGGTAGAC-1,0.000107,0.187501,0.000107,0.685571,0.126714
AAGTGCCTTGACTGTA-1,0.000296,0.000296,0.000296,0.956191,0.042922
AAGTGCGTTAGAATCT-1,0.000069,0.094666,0.000069,0.535605,0.369592
AAGTGTTTGGAGACGG-1,0.000014,0.010329,0.000014,0.077107,0.912536
AAGTTCACTCCAAGCT-1,0.000115,0.000115,0.075813,0.202224,0.721732
AAGTTCGGCCAACAGG-1,0.00006,0.201919,0.00006,0.384481,0.41348
AAGTTGTGATGTTATA-1,0.00011,0.110987,0.00011,0.797683,0.09111
AAGTTTACTAATGGCA-1,0.000125,0.089913,0.000125,0.492146,0.41769
AAGTTTATGGGCCCAA-1,0.000123,0.182449,0.000123,0.762854,0.054452
AATAACAACGCTCGGC-1,0.000066,0.000066,0.000066,0.816402,0.1834
AATAACACTAGAACAA-1,0.000022,0.181472,0.000022,0.048041,0.770442
AATAAGTCCTCGAGAC-1,0.000055,0.026994,0.000055,0.767863,0.205033
AATAATCTTCGTATCG-1,0.001522,0.001523,0.158444,0.833942,0.004569
AATACAATGTTTCAGG-1,0.001182,0.001183,0.001183,0.743847,0.252605
AATAGAACAGAGTGGC-1,0.000064,0.360267,0.000064,0.637525,0.00208
AATAGAATCTGTTTCA-1,0.000017,0.061744,0.000017,0.185845,0.752378
AATAGCTACCGCGTGC-1,0.000218,0.000395,0.041667,0.957067,0.000654
AATAGTCGCGAGTCGG-1,0.000983,0.000984,0.000984,0.994097,0.002952
AATATCAAGGTCGGAT-1,0.000109,0.021329,0.000109,0.383375,0.595079
AATATCCTAGCAAACT-1,0.000477,0.202744,0.000477,0.79487,0.001432
AATATCGAATCAATGC-1,0.000034,0.228242,0.020871,0.535558,0.215295
AATATCGAGGGTTCTC-1,0.000085,0.126728,0.018947,0.440031,0.414209
AATATTGGAGTATTGA-1,0.000319,0.00032,0.000319,0.688108,0.310933
AATCAGACTGCAGGAC-1,0.000278,0.000278,0.000278,0.86616,0.133006
AATCATGTAAAGACTC-1,0.000031,0.067085,0.000031,0.431132,0.501722
AATCCAAGGGCCTGAG-1,0.00001,0.00001,0.00001,0.257089,0.74288
AATCCATGCAAGGGTG-1,0.000561,0.000562,0.000562,0.919008,0.079307
AATCGCCTCAGCGCCA-1,0.000097,0.045302,0.019344,0.445621,0.489635
AATCGCGCAGAGGACT-1,0.001709,0.001711,0.001711,0.989737,0.005132
AATCGGGACACTACGA-1,0.000144,0.084513,0.102999,0.667511,0.144832
AATCGTGAGCCGAGCA-1,0.000072,0.230664,0.013035,0.624748,0.131481
AATCTAGGTTTACTTG-1,0.000532,0.362933,0.000532,0.548437,0.087567
AATCTATGCCGGAGCC-1,0.000496,0.000496,0.085029,0.912489,0.001489
AATCTCTACTGTGGTT-1,0.000505,0.000505,0.113882,0.883591,0.001516
AATCTGCGTTGGGACG-1,0.000377,0.000377,0.000377,0.997739,0.001131
AATCTGGCTTTCTAGT-1,0.000492,0.030079,0.216583,0.75137,0.001476
AATGACAGCAATGTCT-1,0.000084,0.0697,0.000142,0.772814,0.157261
AATGACGTAGGATGTC-1,0.000066,0.166509,0.000066,0.544566,0.288793
AATGACTGTCAGCCGG-1,0.000109,0.03572,0.000109,0.805525,0.158538
AATGAGTTCGCATATG-1,0.000121,0.122182,0.000121,0.690414,0.187161
AATGATGATACGCTAT-1,0.000089,0.021492,0.121382,0.300712,0.556325
AATGATGCGACTCCTG-1,0.000095,0.14256,0.000095,0.597185,0.260066
AATGCAACCGGGTACC-1,0.000032,0.783789,0.027138,0.188944,0.000097
AATGGTCCACCGTTCA-1,0.00008,0.00008,0.062169,0.93743,0.000241
AATGGTTCTCACAAGC-1,0.000069,0.000069,0.007685,0.413268,0.57891
AATGTATGGCACTGTA-1,0.000416,0.142586,0.053705,0.465619,0.337673
AATGTGCCCGAGGTGT-1,0.000108,0.510257,0.002193,0.487116,0.000325
AATTAAAGGTCGGCGT-1,0.000052,0.193525,0.005206,0.644911,0.156306
AATTAACGGATTTCCA-1,0.000463,0.000463,0.000463,0.822455,0.176156
AATTACGAGACCCATC-1,0.000903,0.000904,0.061397,0.677072,0.259724
AATTACTCGTACGCTC-1,0.000882,0.000882,0.262349,0.733239,0.002647
AATTAGCGCTGCAGCG-1,0.000021,0.079215,0.148656,0.406971,0.365137
AATTCATAAGGGATCT-1,0.000117,0.238123,0.000118,0.731363,0.030279
AATTCATTGTCATGCA-1,0.000415,0.156541,0.216839,0.488925,0.137281
AATTCCAACTTGGTGA-1,0.000281,0.000281,0.178381,0.820215,0.000842
AATTCCAAGCATGTAC-1,0.000067,0.000067,0.086647,0.863799,0.049419
AATTCGATTCGAGGAT-1,0.000624,0.000625,0.000625,0.623318,0.374808
AATTCTAGAGTTAGGC-1,0.000078,0.333528,0.000078,0.464769,0.201547
AATTGAACGCTCTGGT-1,0.000051,0.067609,0.000051,0.644958,0.287331
AATTGCAGCAATCGAC-1,0.000336,0.000336,0.000336,0.997985,0.001008
AATTGTGGTTGCCAAA-1,0.001292,0.001293,0.403455,0.590081,0.003878
AATTTGGTTCCAAAGA-1,0.000055,0.224841,0.181186,0.051935,0.541982
ACAAACCATGCGTCCT-1,0.000163,0.346152,0.13739,0.386426,0.129869
ACAAACCGACAAGGCG-1,0.001658,0.00166,0.137817,0.853886,0.004979
ACAAAGAAGGTAGGCC-1,0.000678,0.000678,0.236684,0.759926,0.002034
ACAAAGCATGACCTAG-1,0.000594,0.000595,0.000595,0.996433,0.001784
ACAAATCGCACCGAAT-1,0.000016,0.060879,0.000016,0.143944,0.795145
ACAAATGGTAGTGTTT-1,0.000052,0.045375,0.000052,0.446528,0.507993
ACAACGGTCCCTGCGA-1,0.000151,0.141105,0.000151,0.780503,0.078089
ACAAGCAGTGCCTAGC-1,0.000408,0.000409,0.000409,0.880694,0.11808
ACAAGCTATATGGAAG-1,0.000621,0.000621,0.000621,0.996273,0.001863
ACAAGGAAATCCGCCC-1,0.000041,0.440934,0.00809,0.389137,0.161796
ACAAGGACAAGAGGTT-1,0.000065,0.171015,0.005873,0.562563,0.260483
ACAAGGATGCTTTAGG-1,0.000183,0.000183,0.000183,0.946859,0.052591
ACAAGGGCAGGCTCTG-1,0.00006,0.059539,0.00006,0.620663,0.319678
ACAATAGTCGTACGTT-1,0.000145,0.000145,0.000145,0.865496,0.13407
ACAATCCATTTAAACC-1,0.000063,0.029221,0.000063,0.700391,0.270262
ACAATCGATCTTTATA-1,0.000053,0.075257,0.008497,0.008009,0.908184
ACAATGAATACGGAGA-1,0.000119,0.487948,0.054879,0.277215,0.17984
ACAATTGTGTCTCTTT-1,0.000055,0.021985,0.000056,0.350182,0.627722
ACAATTTAGGAGGCTC-1,0.001001,0.001002,0.001002,0.99399,0.003005
ACAATTTGAGCAGTGG-1,0.000047,0.091729,0.001593,0.184953,0.721677
ACAATTTGGCCATATT-1,0.001235,0.001235,0.116103,0.756723,0.124704
ACACAAAGACGGGTGG-1,0.000033,0.807321,0.009021,0.126393,0.057233
ACACAAATATTCCTAG-1,0.000561,0.000562,0.131385,0.254748,0.612744
ACACACCAGGACCAGT-1,0.000062,0.160781,0.000062,0.495884,0.343211
ACACATGATCAAATCT-1,0.001821,0.001823,0.131691,0.700206,0.164458
ACACATTGACGCAACA-1,0.000823,0.000824,0.284914,0.710968,0.002471
ACACCACATAATTAGC-1,0.001122,0.001123,0.001123,0.993262,0.00337
ACACCCAGCATGCAGC-1,0.000094,0.113229,0.000094,0.810158,0.076425
ACACCCGAGAAATCCG-1,0.000035,0.028171,0.000035,0.555463,0.416295
ACACCGAGCGCTCTTT-1,0.000966,0.000967,0.198682,0.796484,0.002901
ACACCTTAAGTAGGGC-1,0.000067,0.015354,0.000067,0.174406,0.810105
ACACCTTACTACTTGC-1,0.001389,0.00139,0.157489,0.835563,0.004169
ACACGGCACTATGCAT-1,0.000093,0.401603,0.000095,0.597932,0.000278
ACACGTAGGCCACAAG-1,0.003472,0.003475,0.326567,0.656062,0.010424
ACACTCCAATGTCACT-1,0.000665,0.000666,0.000666,0.996006,0.001997
ACACTGATCAAGGTGT-1,0.000076,0.524371,0.025092,0.450232,0.000229
ACACTGGGACAGTCGT-1,0.002222,0.002224,0.002223,0.986661,0.00667
ACAGAACTGAGAACAA-1,0.00007,0.166331,0.00007,0.675882,0.157646
ACAGATTAGGTTAGTG-1,0.000274,0.283675,0.051265,0.412089,0.252698
ACAGCATAGAGCCAGT-1,0.000861,0.000862,0.181449,0.456577,0.36025
ACAGCGACATTCTCAT-1,0.000145,0.000146,0.000146,0.739359,0.260204
ACAGGAGGCGCAGCCG-1,0.001195,0.001196,0.001196,0.992827,0.003587
ACAGGCTTGCCCGACT-1,0.000015,0.044384,0.003357,0.034565,0.917679
ACAGGTGGAGGTGAGG-1,0.000056,0.490714,0.000056,0.346845,0.162329
ACAGGTGTGTTGTTGC-1,0.000336,0.107941,0.000336,0.890379,0.001008
ACAGTAATACAACTTG-1,0.000507,0.000508,0.276073,0.62318,0.099732
ACAGTATACCGTGGGA-1,0.000084,0.047568,0.174016,0.778082,0.000251
ACATAAGTCGTGGTGA-1,0.002584,0.002586,0.002587,0.570093,0.42215
ACATCAGCTGGGACGC-1,0.001145,0.12483,0.001146,0.869439,0.003439
ACATCCTGGTAACTGT-1,0.002315,0.002316,0.002316,0.986103,0.006949
ACATCGGTCAGCCGCG-1,0.000075,0.39755,0.000075,0.594306,0.007994
ACATCGTATGCAATGG-1,0.000063,0.189328,0.040708,0.446235,0.323665
ACATCTCAACGCGTAA-1,0.000265,0.426299,0.000265,0.514842,0.058329
ACATGGCGCCAAAGTA-1,0.001736,0.001737,0.001738,0.989577,0.005212
ACATGGCTCAATTTAG-1,0.001182,0.001183,0.375057,0.61903,0.003548
ACATTAGTTTATATCC-1,0.000069,0.378343,0.158837,0.289524,0.173227
ACCAAACACCCAGCGA-1,0.000014,0.120651,0.034353,0.000041,0.844942
ACCAAACTAGAAATCC-1,0.000191,0.000191,0.000191,0.721883,0.277545
ACCAACACCACACACT-1,0.00006,0.683965,0.00006,0.30462,0.011295
ACCAACCGCACTCCAC-1,0.000766,0.000767,0.000767,0.9954,0.002301
ACCAACGCTTATTTAT-1,0.000059,0.703457,0.000059,0.296246,0.000178
ACCAAGAACGCGTGTC-1,0.000028,0.231382,0.000028,0.326297,0.442266
ACCAATATGCAAGTTA-1,0.0001,0.078553,0.0001,0.483559,0.437687
ACCACAAGTTTCTATC-1,0.000069,0.420242,0.000069,0.572788,0.006832
ACCACCAATGTAACAA-1,0.001079,0.00108,0.001079,0.993524,0.003238
ACCACCCTCTCTTCTA-1,0.000436,0.000436,0.259325,0.738495,0.001308
ACCACGTGCAGCTATA-1,0.000027,0.130698,0.000027,0.219186,0.650062
ACCACTGTTCAAGAAG-1,0.001001,0.001002,0.248248,0.746744,0.003005
ACCAGACCATAACAAC-1,0.000429,0.000429,0.000429,0.997424,0.001288
ACCAGCCCGGTCTTTG-1,0.000079,0.129515,0.051876,0.487235,0.331295
ACCAGGAGTGTGATCT-1,0.000086,0.262798,0.081385,0.434066,0.221666
ACCAGTGCGGGAGACG-1,0.000071,0.246459,0.000071,0.424405,0.328995
ACCATATCCGCAATAA-1,0.000085,0.239783,0.018814,0.695774,0.045544
ACCATCCGCCAACTAG-1,0.000604,0.000604,0.043203,0.953776,0.001813
ACCATCGTATATGGTA-1,0.000088,0.129736,0.000089,0.669885,0.200201
ACCATTAAGGGTGTCA-1,0.000646,0.000646,0.174963,0.681929,0.141815
ACCCAACGCCCGTGGC-1,0.000496,0.000496,0.000496,0.782637,0.215874
ACCCACCTACATGCTC-1,0.000811,0.34474,0.000812,0.651203,0.002435
ACCCATCTTGAGGGTA-1,0.000176,0.009316,0.011814,0.957643,0.021051
ACCCATTTGTCCCTCT-1,0.000387,0.000387,0.000387,0.810317,0.188521
ACCCGGAAACTCCCAG-1,0.000081,0.000081,0.000081,0.17909,0.820668
ACCCGGAGCACCACAA-1,0.000155,0.000155,0.195097,0.804129,0.000465
ACCCGGATGACGCATC-1,0.000224,0.000224,0.000224,0.925166,0.074163
ACCCGGTTACACTTCC-1,0.000074,0.127607,0.006979,0.661318,0.204021
ACCCTATAGGACTGAG-1,0.001502,0.001502,0.001503,0.990986,0.004507
ACCCTCCCTTGCTATT-1,0.000025,0.081178,0.002381,0.200314,0.716102
ACCCTGGTAACGCCCT-1,0.000322,0.000322,0.643823,0.354566,0.000967
ACCCTTCATCTGCGAA-1,0.000156,0.092637,0.219021,0.422728,0.265458
ACCCTTGCCTGGGTCG-1,0.000794,0.000794,0.243417,0.510433,0.244562
ACCGAAAGGGCCCTGC-1,0.000276,0.183574,0.130663,0.541415,0.144071
ACCGAAGAGTCTGGTT-1,0.000067,0.304538,0.01082,0.433138,0.251436
ACCGACACATCTCCCA-1,0.000087,0.026603,0.000087,0.641207,0.332015
ACCGATAGGCATAACC-1,0.000669,0.00067,0.00067,0.758955,0.239036
ACCGATATTTAATCAT-1,0.000556,0.000556,0.358409,0.638812,0.001668
ACCGATGGTAGCATCG-1,0.000067,0.08711,0.000067,0.705221,0.207534
ACCGCAATAACTGCCT-1,0.000015,0.089474,0.000015,0.085256,0.825239
ACCGCGGTGGAAGTCG-1,0.00004,0.00004,0.00004,0.288122,0.711758
ACCGGGCCTTTGTTGA-1,0.000454,0.000454,0.000454,0.957549,0.041089
ACCGGTCAGGTACACC-1,0.002137,0.097878,0.166729,0.726839,0.006416
ACCGTCCACTGGGCCC-1,0.000539,0.00054,0.00054,0.469083,0.529298
ACCGTGACCACGTGGG-1,0.000368,0.151156,0.150695,0.15976,0.53802
ACCGTTCCCGCTCTGA-1,0.000108,0.049571,0.007457,0.38626,0.556604
ACCTAAGTACCTTTCA-1,0.000104,0.126086,0.000104,0.683572,0.190135
ACCTAATCGACTTCCT-1,0.00012,0.160064,0.00012,0.839334,0.000361
ACCTACAGTATGTGGT-1,0.001425,0.001426,0.001426,0.827453,0.168271
ACCTACTATAAATCTA-1,0.000112,0.05894,0.000112,0.842339,0.098497
ACCTCCGCCCTCGCTG-1,0.000406,0.000406,0.000406,0.778584,0.220199
ACCTCCGTTATTCACC-1,0.000065,0.030255,0.022328,0.939493,0.007859
ACCTGCGTGTCATGTT-1,0.000354,0.000354,0.091837,0.372296,0.535159
ACCTTTCCTTTAGAAG-1,0.000238,0.278297,0.000239,0.577862,0.143365
ACGAAATGGGCGGCAC-1,0.000236,0.000236,0.000236,0.962763,0.036529
ACGACCCATGAGTTGC-1,0.000694,0.000695,0.253015,0.743511,0.002085
ACGAGAACCCATCACG-1,0.000027,0.00617,0.000027,0.000081,0.993695
ACGAGGATACCACTCT-1,0.00016,0.00016,0.018464,0.233693,0.747522
ACGAGGTTTACAACGT-1,0.000079,0.260987,0.00008,0.634998,0.103855
ACGAGTACGGATGCCC-1,0.000073,0.000073,0.000073,0.245916,0.753866
ACGAGTCGCCGGCGTT-1,0.000564,0.000564,0.327595,0.669584,0.001693
ACGATACATAGAACTA-1,0.000095,0.109408,0.057753,0.832458,0.000285
ACGATACCTATCCTGA-1,0.000153,0.000153,0.054877,0.712958,0.231859
ACGATCATACATAGAG-1,0.000088,0.75311,0.000088,0.214986,0.031727
ACGATCATCTTGTAAA-1,0.000209,0.000209,0.000209,0.998744,0.000628
ACGATGCATATGTTAT-1,0.000208,0.182848,0.000208,0.653611,0.163125
ACGCAATCACTACAGC-1,0.0001,0.0001,0.0001,0.953398,0.046303
ACGCATACGTTTACTA-1,0.000408,0.242939,0.000409,0.755018,0.001226
ACGCCCAGCTGTCGAT-1,0.00029,0.196227,0.032848,0.769764,0.000871
ACGCCGCTAGACGACC-1,0.000103,0.11824,0.061821,0.549468,0.270369
ACGCCTGACACGCGCT-1,0.000717,0.000717,0.316527,0.513498,0.16854
ACGCGCTACACAGGGT-1,0.00013,0.148097,0.000131,0.809272,0.04237
ACGCGTTTCTTAAGAG-1,0.001709,0.001711,0.00171,0.989739,0.005131
ACGCTAGTGATACACT-1,0.000146,0.066321,0.000146,0.780859,0.152528
ACGCTGTGAGGCGTAG-1,0.000756,0.000756,0.291599,0.70462,0.002269
ACGGAATTTAGCAAAT-1,0.000122,0.000122,0.000122,0.776643,0.22299
ACGGACTCTCAAAGCG-1,0.00014,0.06439,0.00014,0.934911,0.000419
ACGGAGCGCAAATTAC-1,0.000098,0.000098,0.000098,0.858876,0.14083
ACGGATGGTGCGGATA-1,0.000229,0.17223,0.00576,0.770635,0.051146
ACGGCACTTGCTTGGG-1,0.000122,0.232558,0.08037,0.642105,0.044845
ACGGCGACGATGGGAA-1,0.000021,0.102254,0.005509,0.165117,0.727098
ACGGCGGGTTGCCCTG-1,0.000545,0.000545,0.000545,0.99673,0.001635
ACGGCTGGATGTAGAA-1,0.001355,0.001356,0.001356,0.873095,0.122838
ACGGGAGTGTCGGCCC-1,0.000073,0.024208,0.000073,0.603293,0.372353
ACGGGCGTATGCGACA-1,0.00007,0.24382,0.460531,0.29501,0.00057
ACGGGTCATGTGACTT-1,0.001058,0.001059,0.073631,0.921076,0.003177
ACGTACAGATTTCTCT-1,0.00005,0.231769,0.078279,0.03351,0.656391
ACGTATTACTCCGATC-1,0.000103,0.000103,0.000103,0.704584,0.295107
ACGTCCTAAACGAGAT-1,0.000432,0.000433,0.000433,0.559433,0.439269
ACGTCTCGTTCCGGGA-1,0.000299,0.000299,0.276042,0.641995,0.081366
ACGTGACAAAGTAAGT-1,0.000126,0.000126,0.097585,0.901783,0.000379
ACGTGGTCGAATGTGC-1,0.000512,0.000512,0.224165,0.773273,0.001537
ACGTTAGATTTGCCCG-1,0.000187,0.082895,0.000187,0.791715,0.125016
ACGTTATTGGTCACTC-1,0.000047,0.000047,0.000047,0.312524,0.687335
ACGTTCCGCGCTCCGT-1,0.000077,0.11476,0.067202,0.359542,0.45842
ACGTTCGCAATCAATT-1,0.00005,0.180881,0.00005,0.818867,0.000151
ACGTTCTGTACAAGTC-1,0.000233,0.082263,0.000234,0.809764,0.107506
ACTAAGGACGCACACC-1,0.000051,0.000051,0.146691,0.652252,0.200955
ACTACATCCCGACAAG-1,0.000153,0.459175,0.086923,0.340204,0.113545
ACTACCAGCTCTCTGG-1,0.000099,0.340607,0.000099,0.637468,0.021726
ACTACGCGTTAGAATT-1,0.00006,0.00006,0.00006,0.999641,0.000179
ACTAGTTGCGATCGTC-1,0.000049,0.000049,0.01266,0.132873,0.854369
ACTATCCAGGGCATGG-1,0.000156,0.000156,0.000156,0.999066,0.000467
ACTATCGCCGGCTAAA-1,0.000896,0.000897,0.194674,0.800843,0.00269
ACTATCTGCCCGCGTA-1,0.000064,0.000064,0.000064,0.002152,0.997656
ACTATTTCCGGGCCCA-1,0.000354,0.508158,0.038982,0.093886,0.35862
ACTCAACGAATGTATT-1,0.000168,0.063326,0.000168,0.783769,0.15257
ACTCAAGTGCAAGGCT-1,0.000143,0.062985,0.000143,0.80243,0.1343
ACTCAGACCTGCTTCT-1,0.000136,0.019383,0.082615,0.222522,0.675345
ACTCCCATTCCTAAAG-1,0.000817,0.000818,0.501557,0.380624,0.116185
ACTCCCGAATTCGTTT-1,0.000157,0.000157,0.091178,0.806838,0.101669
ACTCCCGTAGACTAGG-1,0.000147,0.19993,0.183207,0.616273,0.000442
ACTCCCTAATGCTAAA-1,0.000066,0.240318,0.059118,0.150396,0.550102
ACTCCCTAGAATAGTA-1,0.000063,0.170009,0.010321,0.574146,0.245462
ACTCGATGTATTTCAT-1,0.001949,0.001951,0.001951,0.988298,0.005851
ACTCGCGATCTGACGC-1,0.00012,0.00012,0.016132,0.983266,0.000361
ACTCGTAACCCGTCCT-1,0.000059,0.008761,0.000059,0.368306,0.622815
ACTCGTCAGTAATCCC-1,0.000094,0.169833,0.000094,0.690526,0.139452
ACTCTAAACCTGGGAT-1,0.000408,0.000409,0.000409,0.997548,0.001226
ACTCTCTGACTTAGGT-1,0.000072,0.314636,0.000072,0.390635,0.294585
ACTCTTCAGCTCCCGC-1,0.000911,0.000911,0.000911,0.512765,0.484501
ACTCTTGTATAGTAAC-1,0.000228,0.133671,0.000228,0.580976,0.284897
ACTGAAACGCCGTTAG-1,0.000018,0.000018,0.000018,0.128888,0.871059
ACTGAATGGCGAAAGT-1,0.000015,0.007228,0.000015,0.116089,0.876653
ACTGCGGACACACCGT-1,0.000081,0.028694,0.000081,0.803799,0.167345
ACTGCTCGGAAGGATG-1,0.000168,0.000168,0.298096,0.701066,0.000503
ACTGGCGAACCTGCGT-1,0.000076,0.000076,0.060166,0.779504,0.160177
ACTGTACGATACACAT-1,0.000093,0.168156,0.018605,0.617481,0.195664
ACTGTAGCACTTTGGA-1,0.00008,0.266731,0.00008,0.652551,0.080558
ACTGTATACGCGAGCA-1,0.000025,0.000025,0.000025,0.167076,0.832849
ACTGTCCAGGATTATA-1,0.000055,0.450737,0.000055,0.408064,0.14109
ACTGTGCTAGTAGATC-1,0.000084,0.000085,0.000085,0.440812,0.558934
ACTGTTTAGTGTAGGC-1,0.000124,0.084931,0.010771,0.72626,0.177913
ACTTACGCATCCACGC-1,0.000617,0.103474,0.000618,0.893438,0.001853
ACTTAGTACGACAAGA-1,0.000033,0.000033,0.000033,0.232337,0.767565
ACTTATACTTACCCGG-1,0.000099,0.015964,0.000099,0.454112,0.529726
ACTTATCTGATCTATA-1,0.000911,0.000911,0.000911,0.819811,0.177455
ACTTATTAGGATCGGT-1,0.00009,0.124595,0.019446,0.743108,0.112762
ACTTATTTATGTGCCA-1,0.000073,0.220896,0.000073,0.461017,0.317942
ACTTCAGGCTGATCCC-1,0.000028,0.111886,0.000028,0.131441,0.756618
ACTTCCAGTGGAAGCT-1,0.000103,0.060857,0.000103,0.388153,0.550783
ACTTCCATGCGGGACA-1,0.000131,0.000131,0.088976,0.164677,0.746085
ACTTCGCTAGCGAGTG-1,0.000607,0.000608,0.000608,0.910442,0.087736
ACTTGACTCCCTCTTT-1,0.000144,0.244762,0.000145,0.463826,0.291124
ACTTGCCATATTGTAC-1,0.000349,0.357892,0.00035,0.339516,0.301893
ACTTGGGACCCGGTGG-1,0.000086,0.136835,0.000086,0.808146,0.054847
ACTTGTAGTCCCTTCA-1,0.001208,0.001209,0.308822,0.685136,0.003626
ACTTGTGGATGGAACG-1,0.000336,0.000336,0.000336,0.82663,0.172363
ACTTTACCCTCATGAA-1,0.000148,0.096972,0.000148,0.902286,0.000445
ACTTTGACTGCATCCT-1,0.000829,0.00083,0.083021,0.912831,0.002489
ACTTTGGTCGTGCTCC-1,0.000503,0.250228,0.10998,0.527987,0.111303
ACTTTGTCGACGCACT-1,0.00202,0.002021,0.201287,0.788607,0.006065
AGAAATTATGACTCGC-1,0.002469,0.002471,0.002472,0.985175,0.007413
AGAACCCAGCGTGACA-1,0.001323,0.001324,0.266782,0.726601,0.003971
AGAACCCTCAATTGGG-1,0.002849,0.002852,0.002851,0.982895,0.008554
AGAAGAGCGCCGTTCC-1,0.001001,0.001002,0.001002,0.993991,0.003005
AGAAGGTACACTTCAC-1,0.000297,0.000297,0.530842,0.467672,0.000892
AGAAGGTTGCCGAATT-1,0.000069,0.235232,0.023431,0.576794,0.164473
AGAAGGTTGTAGGTCG-1,0.000694,0.239833,0.000695,0.756693,0.002085
AGAAGTGATTCGTGAT-1,0.000058,0.095999,0.000058,0.224337,0.679547
AGAATAAATCTTCAGG-1,0.000628,0.000628,0.000628,0.996232,0.001884
AGAATGCGGGTTCGGA-1,0.000036,0.15569,0.000036,0.493189,0.351049
AGAATTATGGATTCGA-1,0.000142,0.329448,0.000142,0.669841,0.000427
AGAATTGTTTGACATA-1,0.000085,0.24554,0.000085,0.688271,0.066018
AGACAGCTCAGAATCC-1,0.000766,0.149635,0.000767,0.846531,0.0023
AGACAGGCATCTCAGC-1,0.001821,0.001823,0.245399,0.094133,0.656823
AGACATAGATCCTTCC-1,0.000669,0.00067,0.054739,0.11288,0.831041
AGACCAAACCACACCT-1,0.000251,0.000251,0.173115,0.82563,0.000753
AGACCATGGGATACAA-1,0.000249,0.000249,0.000249,0.723104,0.276148
AGACCCACCGCTGATC-1,0.000036,0.102694,0.000036,0.02442,0.872815
AGACCCGCCCTCCTCG-1,0.000027,0.846576,0.021335,0.041708,0.090354
AGACCGCTCCGCGGTT-1,0.000109,0.042382,0.020486,0.611181,0.325841
AGACCGGGAAACCCTG-1,0.000209,0.000209,0.055376,0.352251,0.591954
AGACGAAGTGCCGGTC-1,0.000074,0.0176,0.000074,0.701477,0.280775
AGACGACGATGCCGCT-1,0.000058,0.455677,0.000863,0.396465,0.146937
AGACGCCCACTTCGCC-1,0.000454,0.000454,0.038652,0.881113,0.079327
AGACGGGATTGGTATA-1,0.00202,0.002022,0.196429,0.793464,0.006065
AGACTAGCCTTCCAGA-1,0.000103,0.05214,0.000104,0.775088,0.172565
AGAGAACCGTCTAGGA-1,0.0002,0.106637,0.0002,0.53773,0.355233
AGAGAAGGAGTACAAT-1,0.000316,0.497864,0.246939,0.190606,0.064276
AGAGATCTCTAAAGCG-1,0.000188,0.018788,0.727387,0.000563,0.253074
AGAGCAGTTATGAGAC-1,0.001058,0.001059,0.058228,0.936478,0.003177
AGAGCCGCCGAGATTT-1,0.001248,0.001249,0.001249,0.992505,0.003748
AGAGCGCTTGTAACGG-1,0.00015,0.069128,0.062905,0.560396,0.307422
AGAGCGTACAAGCTCG-1,0.000301,0.019351,0.000301,0.853866,0.12618
AGAGCTACGAAAGCAT-1,0.00161,0.072957,0.001612,0.918987,0.004835
AGAGGCTTCGGAAACC-1,0.000123,0.000123,0.000123,0.841973,0.157658
AGAGGTATCTCGGTCC-1,0.000299,0.186534,0.127045,0.444906,0.241216
AGAGTAAACTTCACTA-1,0.000053,0.211789,0.000053,0.641736,0.146369
AGAGTATAGTGTTACG-1,0.000382,0.000382,0.000382,0.997708,0.001146
AGAGTTGCAGGCCTCC-1,0.000079,0.000079,0.116288,0.883317,0.000237
AGATAACTTCAGGGCC-1,0.000136,0.051755,0.001589,0.625269,0.32125
AGATACCAATAGAACC-1,0.000882,0.000882,0.120261,0.759296,0.118678
AGATACCAGCACTTCA-1,0.000045,0.756969,0.136409,0.10644,0.000136
AGATACCGGTGTTCAC-1,0.000064,0.088462,0.030331,0.354778,0.526365
AGATACGACTTCATAT-1,0.000046,0.294556,0.000046,0.309526,0.395826
AGATACTCAAGATCGA-1,0.00005,0.108248,0.019237,0.480484,0.391981
AGATATAATACGACTA-1,0.000039,0.224003,0.158204,0.46313,0.154625
AGATCGTGCATAAGAT-1,0.000052,0.053327,0.006138,0.675007,0.265475
AGATGACTCGCCCACG-1,0.00006,0.465588,0.00006,0.224474,0.309816
AGATGATGGAGTCTGG-1,0.000446,0.057834,0.000447,0.939934,0.00134
AGATGCAAGACGTGCA-1,0.000861,0.303903,0.102943,0.319473,0.27282
AGATGCATCCTGTGTC-1,0.000848,0.000849,0.000849,0.377708,0.619747
AGATGCTATAACGAGC-1,0.001019,0.00102,0.129785,0.865115,0.003061
AGATTATAGGACGTTT-1,0.000056,0.268456,0.000056,0.463269,0.268163
AGATTCACAACCGATA-1,0.000092,0.015725,0.834669,0.149237,0.000276
AGCAAAGGCCGCTAGT-1,0.000064,0.160082,0.070238,0.729281,0.040335
AGCAACATATCTTATT-1,0.000114,0.215764,0.000114,0.628651,0.155357
AGCAACCGAAAGTAAT-1,0.000046,0.83874,0.001365,0.15971,0.000139
AGCACTACCGGCCTGT-1,0.000128,0.000128,0.12401,0.875349,0.000384
AGCACTACCTCACCAG-1,0.00005,0.00005,0.000646,0.506577,0.492678
AGCACTTAAGGACGCC-1,0.000074,0.130057,0.019194,0.722887,0.127788
AGCAGAAGGAGAAAGA-1,0.000048,0.012446,0.037002,0.863001,0.087504
AGCAGCCAGATGAATA-1,0.000142,0.077399,0.000142,0.802811,0.119505
AGCATATCAATATGCT-1,0.000017,0.000017,0.000017,0.632384,0.367566
AGCATCATTTCGAAAG-1,0.000556,0.21856,0.01825,0.43575,0.326884
AGCATCGTCGATAATT-1,0.000071,0.302831,0.000071,0.439184,0.257843
AGCATTACGAGGCAAG-1,0.000294,0.000294,0.048851,0.791277,0.159284
AGCCAAGCTTTGTGTC-1,0.000093,0.000093,0.000093,0.999443,0.000279
AGCCACAGGTTACCCG-1,0.000611,0.000611,0.000611,0.996335,0.001833
AGCCACTCCCGTGCTT-1,0.000188,0.3531,0.000188,0.645959,0.000564
AGCCCATACATGTAAG-1,0.000123,0.09579,0.000124,0.704813,0.19915
AGCCCGCAACAAGCAG-1,0.000176,0.029033,0.000176,0.867327,0.103289
AGCCCTGTCGCACCGT-1,0.000308,0.000308,0.000308,0.710044,0.289032
AGCCCTTGGACATCCC-1,0.002315,0.002317,0.315185,0.673235,0.006949
AGCCGCAAATTCAAAT-1,0.000811,0.000812,0.153958,0.841985,0.002435
AGCCGCTTGATTAGCG-1,0.000505,0.000505,0.078586,0.001516,0.918887
AGCCGTGGCTAAATGT-1,0.000074,0.000074,0.013312,0.248894,0.737645
AGCCTAATACCCACGT-1,0.000427,0.000428,0.285614,0.712248,0.001283
AGCCTTAAAGCGGAAG-1,0.000179,0.000179,0.000179,0.375371,0.624093
AGCGACAGGAACGGTC-1,0.000054,0.203705,0.000054,0.416087,0.380101
AGCGACATCCCATTCA-1,0.000095,0.389726,0.000095,0.332403,0.277682
AGCGACCAACGATATT-1,0.000048,0.586375,0.06449,0.277078,0.072008
AGCGATGCGCCTAATA-1,0.000942,0.000942,0.000942,0.994347,0.002827
AGCGCGGGTGCCAATG-1,0.000126,0.081503,0.000126,0.917865,0.000379
AGCGCTAGAGCGATGT-1,0.000047,0.605203,0.000047,0.342887,0.051818
AGCGGACACTTCGTAG-1,0.000164,0.000164,0.000164,0.931606,0.067903
AGCGGCGGTTAGCGGT-1,0.000224,0.005009,0.274576,0.719518,0.000673
AGCGGGAAGGGTCCAT-1,0.000049,0.06039,0.000049,0.31994,0.619572
AGCGGGTCTGACACTC-1,0.000231,0.088508,0.000231,0.786609,0.124421
AGCGGTTGCCGCTCTG-1,0.000044,0.306103,0.045494,0.632639,0.01572
AGCGTACGAGAGCTAG-1,0.000346,0.156515,0.000346,0.580838,0.261955
AGCGTAGCGCTAGACC-1,0.00027,0.305116,0.000271,0.676685,0.017658
AGCGTCTGAACCCGCA-1,0.000135,0.081389,0.000135,0.7078,0.21054
AGCGTGGTATTCTACT-1,0.000064,0.081151,0.000064,0.385689,0.533032
AGCTAACAAGCAATGT-1,0.000185,0.542636,0.017304,0.274587,0.165287
AGCTAAGTACGCAGGC-1,0.000237,0.052451,0.000237,0.946364,0.000711
AGCTAGAAGCAGAAGT-1,0.000063,0.197774,0.000064,0.667343,0.134755
AGCTCCATATATGTTC-1,0.001195,0.001196,0.001196,0.385278,0.611136
AGCTCCTTCGCACATC-1,0.000063,0.141176,0.013024,0.327027,0.518711
AGCTCGTTGATGGAAA-1,0.000098,0.000098,0.26296,0.670749,0.066095
AGCTCTAGACGTTCCA-1,0.000091,0.297874,0.000091,0.691501,0.010444
AGCTCTTCCCAGTGCA-1,0.000026,0.142649,0.00101,0.069756,0.786559
AGCTCTTCGTAACCTT-1,0.00025,0.048274,0.00025,0.927643,0.023583
AGCTCTTTACTCAGTT-1,0.000049,0.181861,0.001528,0.243725,0.572838
AGCTGAAGTAAACCAA-1,0.000033,0.148548,0.000033,0.006969,0.844417
AGCTGTAACCTCAATC-1,0.00008,0.368364,0.00008,0.598458,0.033017
AGCTTATAGAGACCTG-1,0.00018,0.00018,0.020921,0.649126,0.329592
AGCTTCAATACTTTGA-1,0.000918,0.000919,0.444684,0.148936,0.404542
AGCTTGATCTTAACTT-1,0.00017,0.00017,0.00017,0.715046,0.284443
AGGAAAGCCTCTGATG-1,0.001122,0.001123,0.001123,0.993262,0.003369
AGGAACGAACGACTTC-1,0.000494,0.000494,0.093346,0.904184,0.001482
AGGAAGCTGTCCGCCG-1,0.000065,0.032254,0.000065,0.535009,0.432607
AGGACAGTCGAATCCC-1,0.000045,0.068111,0.012842,0.39103,0.527973
AGGACATCGCACGTCG-1,0.000041,0.036526,0.000041,0.347314,0.616078
AGGACGACCCATTAGA-1,0.000052,0.259668,0.000052,0.139951,0.600277
AGGACTTATAGGAGAA-1,0.001029,0.001029,0.001029,0.993824,0.003089
AGGAGACATCCACAGT-1,0.000176,0.000176,0.207076,0.707124,0.085449
AGGAGAGTCTGGCTAC-1,0.000761,0.000762,0.199582,0.796611,0.002284
AGGAGGCCTTCGCGCG-1,0.000081,0.000081,0.000081,0.585476,0.414282
AGGATAAAGTCGGGAT-1,0.000062,0.005757,0.210336,0.421461,0.362383
AGGATATAGGGATTTA-1,0.000032,0.000032,0.000032,0.123943,0.875961
AGGATCACGCGATCTG-1,0.000341,0.000341,0.255149,0.743145,0.001023
AGGATTGCTTACGACA-1,0.000842,0.000842,0.239156,0.756633,0.002527
AGGCAAAGAGGAATCA-1,0.0004,0.128215,0.0004,0.595701,0.275285
AGGCAATACGGAGGAC-1,0.001145,0.001146,0.001146,0.993123,0.003439
AGGCACGTGACTGTCC-1,0.001019,0.00102,0.00102,0.99388,0.00306
AGGCAGATGCGTAAAC-1,0.000199,0.0002,0.003196,0.734605,0.2618
AGGCATTGTCGTAGGG-1,0.000106,0.000106,0.000106,0.742195,0.257488
AGGCCACATTGGTTAC-1,0.001248,0.001249,0.00125,0.992505,0.003747
AGGCCACCCGTTATGA-1,0.000076,0.000076,0.01001,0.776787,0.213051
AGGCCCAGTGACTGGT-1,0.001425,0.001425,0.18668,0.806195,0.004276
AGGCCCATTGTACAGG-1,0.000043,0.413028,0.021264,0.25299,0.312676
AGGCCCTAGAACGCCA-1,0.000061,0.182115,0.000061,0.613545,0.204218
AGGCCTGAGAATCTCG-1,0.000276,0.000277,0.000277,0.998341,0.00083
AGGCGATAACTGGCGT-1,0.000286,0.000286,0.256792,0.741779,0.000857
AGGCGGTTTGTCCCGC-1,0.002222,0.40478,0.002224,0.251241,0.339534
AGGCGTCTATGGACGG-1,0.000036,0.00345,0.308029,0.265749,0.422736
AGGCTATGGTTAGCTT-1,0.000141,0.000141,0.000141,0.999153,0.000423
AGGCTTCCCGAAGAAG-1,0.000049,0.335469,0.000049,0.177243,0.48719
AGGCTTGCTAGACACC-1,0.000505,0.000505,0.000505,0.708147,0.290337
AGGGACAGCACGGCGG-1,0.001587,0.001588,0.001589,0.99047,0.004766
AGGGACCGGCTGCGTT-1,0.000875,0.000875,0.000875,0.846996,0.150378
AGGGAGACATACTTCG-1,0.001355,0.001356,0.001356,0.991866,0.004067
AGGGCCCTAATGTTCT-1,0.000253,0.000253,0.087698,0.911036,0.00076
AGGGCGAGCAGCTGAT-1,0.000103,0.162625,0.000103,0.827101,0.010066
AGGGCGTGATCGGCTA-1,0.000019,0.005764,0.000019,0.270306,0.723892
AGGGTCAGTAACCCTA-1,0.000014,0.001334,0.214414,0.023147,0.761091
AGGGTCGATGCGAACT-1,0.000118,0.146058,0.001185,0.627149,0.22549
AGGGTGCTCTCGAGGG-1,0.000124,0.000124,0.000124,0.836327,0.163301
AGGGTGGATAGTGCAT-1,0.000104,0.000105,0.000105,0.950166,0.049521
AGGGTTCCCTTTGGTT-1,0.0004,0.0004,0.0004,0.880344,0.118456
AGGTAACCTCCTATTC-1,0.000038,0.035956,0.002574,0.149211,0.812221
AGGTAGGTACAAAGCT-1,0.00006,0.030232,0.009185,0.713687,0.246836
AGGTATAATTGATAGT-1,0.001089,0.00109,0.188164,0.806386,0.00327
AGGTATGCGGACATTA-1,0.000459,0.000459,0.000459,0.622896,0.375726
AGGTCAGGTGAGAGTG-1,0.000329,0.000329,0.016344,0.982012,0.000987
AGGTCGCCACTTCGGT-1,0.000211,0.000211,0.000211,0.878214,0.121152
AGGTCGCCTCCCAACA-1,0.000187,0.016362,0.145344,0.803021,0.035086
AGGTCGCGGAGTTACT-1,0.000106,0.061616,0.000106,0.856378,0.081793
AGGTGGTGACCTTCGC-1,0.000069,0.000069,0.000069,0.989393,0.010398
AGGTGTATCGCCATGA-1,0.000975,0.000975,0.33277,0.662355,0.002926
AGGTGTTGCCGACCAC-1,0.000062,0.000062,0.036744,0.560238,0.402894
AGGTTACACCATGCCG-1,0.001248,0.001249,0.001249,0.992505,0.003748
AGTAATGTCTTGCCGC-1,0.000171,0.198924,0.016494,0.400714,0.383697
AGTACATCATTTATCA-1,0.0011,0.001101,0.001101,0.993395,0.003303
AGTACGGCCCGTATCG-1,0.000487,0.000488,0.000488,0.997074,0.001463
AGTACGGGCACCTGGC-1,0.000091,0.091115,0.150901,0.507149,0.250744
AGTACTCTTATGCCCA-1,0.000127,0.000128,0.102782,0.459055,0.437908
AGTAGCGTGAACGAAC-1,0.000805,0.000806,0.255674,0.456826,0.285889
AGTAGGTAACATACAT-1,0.000041,0.084193,0.133975,0.146538,0.635253
AGTATAATACTAGGCA-1,0.000151,0.034005,0.000151,0.890234,0.075458
AGTATCCATAATAACG-1,0.000273,0.122716,0.000273,0.782836,0.093902
AGTATGCTGGAGACCA-1,0.000766,0.230863,0.330006,0.103054,0.335311
AGTCAACACCACCATC-1,0.000058,0.139999,0.020909,0.550952,0.288082
AGTCAAGATGACACTT-1,0.000045,0.000045,0.000045,0.369919,0.629947
AGTCACTAGCTCTCGA-1,0.000059,0.045126,0.000059,0.362087,0.592668
AGTCACTCCGCCTCAT-1,0.000153,0.000154,0.000154,0.416946,0.582594
AGTCAGCCACCGCCTG-1,0.000127,0.000127,0.365008,0.374432,0.260306
AGTCCAGCGGGTACGT-1,0.001068,0.001069,0.001069,0.993586,0.003207
AGTCCATTGGCTGATG-1,0.000152,0.236368,0.000152,0.739048,0.024281
AGTCCCGCCTTTAATT-1,0.000092,0.120462,0.000092,0.495169,0.384184
AGTCCCTCGCAGAAAG-1,0.000094,0.000094,0.051073,0.943524,0.005215
AGTCGACGGTCTCAAG-1,0.000133,0.087116,0.000133,0.857753,0.054864
AGTCGGCCCAAACGAC-1,0.000053,0.110325,0.165534,0.555342,0.168746
AGTCGGCTCAACTTTA-1,0.000079,0.000175,0.000079,0.709447,0.290221
AGTCGGTTGCGTGAGA-1,0.000184,0.177701,0.130191,0.464867,0.227058
AGTCGTATAAAGCAGA-1,0.000121,0.019683,0.000121,0.887767,0.092309
AGTCGTCGACCACCAA-1,0.000066,0.000066,0.000066,0.600721,0.399081
AGTCGTGGGCATTACG-1,0.000146,0.213897,0.000146,0.668737,0.117075
AGTCTAAAGTATACTC-1,0.001764,0.001765,0.001765,0.989413,0.005294
