Barcode,Topic 1,Topic 2,Topic 3,Topic 4to10
AAACAACGAATAGTTC-1,0.000049,0.412306,0.009135,0.578511
AAACAAGTATCTCCCA-1,0.000049,0.16679,0.19963,0.633531
AAACAATCTACTAGCA-1,0.000052,0.183342,0.032506,0.7841
AAACACCAATAACTGC-1,0.000049,0.372229,0.538105,0.089617
AAACAGCTTTCAGAAG-1,0.000103,0.107245,0.000103,0.892549
AAACAGGGTCTATATT-1,0.000033,0.022427,0.000033,0.977507
AAACATTTCCCGGATT-1,0.000185,0.000185,0.067179,0.932452
AAACCCGAACGAAATC-1,0.000065,0.287222,0.097605,0.615108
AAACCGGAAATGTTAA-1,0.000036,0.091707,0.145409,0.762848
AAACCGGGTAGGTACC-1,0.000032,0.054189,0.082798,0.862981
AAACCGTTCGTCCAGG-1,0.000036,0.000036,0.000036,0.999891
AAACCTAAGCAGCCGG-1,0.000024,0.174152,0.164167,0.661657
AAACCTCATGAAGTTG-1,0.000104,0.186668,0.000104,0.813124
AAACGAAGAACATACC-1,0.000144,0.22874,0.000144,0.770972
AAACGAGACGGTTGAT-1,0.000084,0.917533,0.000084,0.082298
AAACGCTGGGCACGAC-1,0.000055,0.000055,0.016022,0.983868
AAACGGGCGTACGGGT-1,0.000062,0.223374,0.020108,0.756456
AAACGGGTTGGTATCC-1,0.000023,0.111464,0.159309,0.729204
AAACGTGTTCGCCCTA-1,0.000211,0.157657,0.13537,0.706762
AAACTCGGTTCGCAAT-1,0.000097,0.868644,0.000097,0.131163
AAACTCGTGATATAAG-1,0.000329,0.327161,0.000329,0.672181
AAACTTGCAAACGTAT-1,0.00004,0.010258,0.026971,0.962731
AAAGAATGTGGACTAA-1,0.000039,0.043816,0.076535,0.879609
AAAGACCCAAGTCGCG-1,0.000096,0.27288,0.005757,0.721268
AAAGACTGGGCGCTTT-1,0.000039,0.324578,0.163402,0.511981
AAAGCTTGCCTACATA-1,0.000042,0.315001,0.000042,0.684915
AAAGGGCAGCTTGAAT-1,0.000022,0.111058,0.771463,0.117458
AAAGTAGCATTGCTCA-1,0.000031,0.063499,0.000031,0.936439
AAAGTCACTGATGTAA-1,0.000426,0.419037,0.000426,0.580112
AAAGTCGACCCTCAGT-1,0.000032,0.209209,0.033989,0.75677
AAAGTGCCATCAATTA-1,0.000041,0.218769,0.181405,0.599785
AAAGTGTGATTTATCT-1,0.000038,0.054936,0.94476,0.000266
AAAGTTGACTCCCGTA-1,0.000426,0.000426,0.183215,0.815934
AAATAAGGTAGTGCCC-1,0.000042,0.000042,0.000042,0.999874
AAATACCTATAAGCAT-1,0.000071,0.995801,0.000071,0.004056
AAATAGCTTAGACTTT-1,0.000058,0.103196,0.053739,0.843007
AAATAGGGTGCTATTG-1,0.000051,0.245083,0.474612,0.280254
AAATCCGATACACGCC-1,0.000735,0.000735,0.000735,0.997794
AAATCGTGTACCACAA-1,0.000079,0.049345,0.0718,0.878776
AAATCTAGCCCTGCTA-1,0.000392,0.000392,0.105575,0.893641
AAATGACTGATCAAAC-1,0.000093,0.08741,0.129839,0.782658
AAATGATTCGATCAGC-1,0.000413,0.379279,0.000413,0.619895
AAATGCTCGTTACGTT-1,0.000069,0.528191,0.391722,0.080018
AAATGGCATGTCTTGT-1,0.002128,0.110092,0.002128,0.885653
AAATGGCCCGTGCCCT-1,0.000036,0.006688,0.000036,0.993241
AAATGGTCAATGTGCC-1,0.000048,0.145111,0.141902,0.712939
AAATGTATCTTATCCC-1,0.000033,0.766287,0.163947,0.069734
AAATGTGGGTGCTCCT-1,0.000075,0.323605,0.000075,0.676244
AAATTAACGGGTAGCT-1,0.000054,0.220209,0.088297,0.691439
AAATTAATAAGCGCGA-1,0.000066,0.869687,0.000066,0.13018
AAATTACCTATCGATG-1,0.000118,0.124323,0.116733,0.758826
AAATTCCAGGTCCAAA-1,0.000029,0.028773,0.011892,0.959306
AAATTGATAGTCCTTT-1,0.000031,0.050857,0.000031,0.94908
AAATTGCGGCGGTTCT-1,0.000062,0.571813,0.10834,0.319785
AAATTGGTGAGAAGCA-1,0.000426,0.188295,0.000426,0.810854
AAATTTGCGGGTGTGG-1,0.000015,0.133621,0.000015,0.866349
AACAACTGGTAGTTGC-1,0.000041,0.069788,0.180862,0.749309
AACAATACATTGTCGA-1,0.000027,0.067034,0.017216,0.915723
AACAATTACTCTACGC-1,0.000485,0.203052,0.368178,0.428284
AACACACGCTCGCCGC-1,0.000049,0.118268,0.435945,0.445738
AACACGACTGTACTGA-1,0.000382,0.130196,0.000382,0.869041
AACACGAGACGCGGCC-1,0.000039,0.037473,0.000039,0.962449
AACACGCGGCCGCGAA-1,0.000032,0.288023,0.066156,0.645789
AACAGCTGTGTGGCAA-1,0.000043,0.19906,0.068602,0.732295
AACAGGAAATCGAATA-1,0.000368,0.440334,0.000368,0.558931
AACAGGATGGGCCGCG-1,0.000067,0.288121,0.077727,0.634085
AACAGGTAGTATGGAT-1,0.000047,0.127268,0.129936,0.742749
AACATAGCGTGTATCG-1,0.000045,0.063767,0.069469,0.866719
AACATATCAACTGGTG-1,0.000038,0.197176,0.163365,0.639421
AACATCGATACGTCTA-1,0.000067,0.000067,0.006384,0.993481
AACATTGGTCAGCCGT-1,0.000074,0.579847,0.074105,0.345974
AACCAAGACTTCTCTG-1,0.000064,0.035437,0.024988,0.939511
AACCATGGGATCGCTA-1,0.000059,0.183208,0.03374,0.782992
AACCCAGAGACGGAGA-1,0.000052,0.155708,0.014638,0.829602
AACCCATCCCATGATC-1,0.000114,0.541765,0.079667,0.378455
AACCCGAGCAGAATCG-1,0.000041,0.050046,0.28592,0.663994
AACCCTACTGTCAATA-1,0.000348,0.09827,0.232134,0.669247
AACCCTGGTGGAACCA-1,0.00026,0.00026,0.034138,0.965343
AACCGAGCTTGGTCAT-1,0.00013,0.531573,0.00013,0.468167
AACCGCTAAGGGATGC-1,0.000047,0.071204,0.900849,0.0279
AACCGTTGTGTTTGCT-1,0.00006,0.198651,0.00006,0.80123
AACCTCGCTTTAGCCC-1,0.000781,0.491706,0.000781,0.506731
AACCTGTCACGGAATT-1,0.000118,0.224421,0.000118,0.775344
AACCTTTAAATACGGT-1,0.000059,0.865333,0.089933,0.044675
AACCTTTACGACGTCT-1,0.00005,0.200397,0.128378,0.671175
AACGACCTCCTAGCCG-1,0.00003,0.00003,0.040564,0.959376
AACGATAATGCCGTAG-1,0.000083,0.564967,0.120697,0.314252
AACGATAGAAGGGCCG-1,0.000391,0.537751,0.000391,0.461468
AACGATATGTCAACTG-1,0.000175,0.850909,0.018062,0.130854
AACGCATGATCTGGGT-1,0.000209,0.328427,0.000209,0.671155
AACGCGAACGGCAACA-1,0.000075,0.441248,0.076876,0.481801
AACGCGGTCTCCAGCC-1,0.000181,0.067461,0.033702,0.898656
AACGCTGTTGCTGAAA-1,0.000043,0.0631,0.760484,0.176372
AACGGACGTACGTATA-1,0.000087,0.199715,0.556311,0.243887
AACGGCCATCTCCGGT-1,0.000032,0.140274,0.000032,0.859661
AACGTACTGTGGGTAC-1,0.000062,0.089271,0.000062,0.910604
AACGTAGTCTACCCAT-1,0.000062,0.134981,0.000062,0.864894
AACGTCAGACTAGTGG-1,0.000084,0.198022,0.224186,0.577709
AACGTCGCTGCACTTC-1,0.000036,0.005039,0.035922,0.959003
AACGTGCGAAAGTCTC-1,0.000099,0.955891,0.04332,0.000691
AACGTTATCAGCACCT-1,0.000085,0.722892,0.129564,0.147459
AACGTTCTACCATTGT-1,0.000053,0.115562,0.009936,0.874449
AACTACCCGTTTGTCA-1,0.000068,0.095169,0.128616,0.776147
AACTAGCGTATCGCAC-1,0.000095,0.169804,0.146511,0.683591
AACTAGGCTTGGGTGT-1,0.000164,0.324175,0.059395,0.616266
AACTCAAGTTAATTGC-1,0.000033,0.049003,0.075849,0.875115
AACTCCAGAGCGTGTT-1,0.001176,0.001177,0.206365,0.791282
AACTCGATAAACACGT-1,0.00009,0.974181,0.00009,0.025639
AACTCGATGGCGCAGT-1,0.000061,0.140309,0.000061,0.85957
AACTCTCAATAGAGCG-1,0.000087,0.6604,0.015884,0.323628
AACTCTCAGTGTGCTC-1,0.000048,0.000606,0.000048,0.999298
AACTGAGTTATACTGA-1,0.000042,0.173263,0.174536,0.652159
AACTGATATTAGGCCT-1,0.000061,0.260508,0.000061,0.73937
AACTGGGTCCCGACGT-1,0.000136,0.127886,0.000136,0.871843
AACTGGTGTGGGCCTT-1,0.000488,0.439535,0.000488,0.559489
AACTTCTGCGTCTATC-1,0.000139,0.728935,0.080398,0.190529
AACTTGCCCGTATGCA-1,0.000763,0.070715,0.349719,0.578802
AACTTGCGTTCTCGCG-1,0.000117,0.32088,0.485583,0.193421
AACTTTACGGGAGCTT-1,0.000057,0.577218,0.177117,0.245608
AACTTTAGCTGCTGAG-1,0.000143,0.277288,0.000143,0.722425
AACTTTCTCGATCATG-1,0.00028,0.107839,0.00028,0.891601
AAGAAATCACCAGATT-1,0.000427,0.000427,0.000427,0.998718
AAGAAGGATCAGTTAG-1,0.000051,0.131384,0.349222,0.519344
AAGACATACGTGGTTT-1,0.000047,0.189647,0.203613,0.606693
AAGACTAACCCGTTGT-1,0.000114,0.200945,0.095156,0.703785
AAGAGATGAATCGGTA-1,0.00028,0.095299,0.148887,0.755533
AAGAGCTCTTTATCGG-1,0.000125,0.967292,0.000125,0.032458
AAGAGGATGTACGCGA-1,0.000051,0.212361,0.02621,0.761378
AAGAGGCATGGATCGC-1,0.000132,0.962538,0.000132,0.037198
AAGAGGCCCTTTGGAA-1,0.00005,0.112165,0.168039,0.719747
AAGATGGCACCGGACC-1,0.00002,0.035554,0.030442,0.933984
AAGATTGGCGGAACGT-1,0.000056,0.137378,0.041682,0.820883
AAGCACCCTGCGTATC-1,0.000102,0.245225,0.056395,0.698278
AAGCATACTCTCCTGA-1,0.00005,0.891716,0.107887,0.000347
AAGCCGAAGCGGTTTA-1,0.000056,0.000056,0.150546,0.849342
AAGCCGCTTTACCTTG-1,0.000275,0.000275,0.09111,0.908341
AAGCCGGAGAGCAGGA-1,0.000031,0.088258,0.083473,0.828238
AAGCGCAGGGCTTTGA-1,0.000125,0.260129,0.119133,0.620612
AAGCGTCCCTCATCGA-1,0.000038,0.09881,0.000038,0.901114
AAGCTAGATCGAGTAA-1,0.00004,0.706623,0.293058,0.000279
AAGCTCGTGCCAAGTC-1,0.000114,0.998973,0.000114,0.000798
AAGCTCTTTCATGGTG-1,0.002,0.53238,0.002001,0.46362
AAGGAGAACTTATAAG-1,0.000071,0.285494,0.000071,0.714364
AAGGAGCGGTTGGTGC-1,0.000063,0.041629,0.085138,0.87317
AAGGATCGATCGCTTG-1,0.000069,0.16164,0.075428,0.762862
AAGGATGAGGGACCTC-1,0.000065,0.443865,0.148837,0.407233
AAGGCAGGCTGTCTCC-1,0.000055,0.00213,0.079719,0.918097
AAGGCGCGTAAAGCTT-1,0.000076,0.085223,0.255094,0.659608
AAGGCTGTGCTCATCG-1,0.000053,0.000053,0.096764,0.903131
AAGGGACAGATTCTGT-1,0.000084,0.147557,0.10217,0.750189
AAGGGACTATGCATTC-1,0.000043,0.247893,0.062682,0.689382
AAGGGTTAGCCATGCG-1,0.000071,0.088658,0.04092,0.870351
AAGGTATCCTAATATA-1,0.000162,0.998546,0.000162,0.001131
AAGGTGATAAACCAGC-1,0.000314,0.263108,0.244258,0.49232
AAGTAAGCTTCCAAAC-1,0.000047,0.21097,0.000053,0.78893
AAGTAGAAGACCGGGT-1,0.000056,0.01024,0.04596,0.943744
AAGTAGTGACGCGAGG-1,0.000075,0.042237,0.007513,0.950174
AAGTCAATTGTCGTCA-1,0.000045,0.146938,0.263063,0.589954
AAGTCTAGTAGCTGCC-1,0.000277,0.184449,0.000277,0.814996
AAGTCTTCTGTGGCCT-1,0.00006,0.237782,0.18341,0.578748
AAGTGACGACCGAATT-1,0.000035,0.066932,0.122661,0.810372
AAGTGCAAAGGTAGAC-1,0.000061,0.508855,0.138577,0.352508
AAGTGCCTTGACTGTA-1,0.00006,0.087979,0.180887,0.731074
AAGTGCGTTAGAATCT-1,0.000033,0.030461,0.000033,0.969473
AAGTGTTTGGAGACGG-1,0.000076,0.487003,0.026993,0.485928
AAGTTCACTCCAAGCT-1,0.000302,0.100846,0.274727,0.624124
AAGTTCAGTCTGCGTA-1,0.00013,0.043148,0.00013,0.956591
AAGTTCGGCCAACAGG-1,0.000032,0.095424,0.00461,0.899935
AAGTTGTGATGTTATA-1,0.000033,0.027417,0.232714,0.739836
AAGTTTACTAATGGCA-1,0.000072,0.132892,0.000072,0.866963
AAGTTTATGGGCCCAA-1,0.000039,0.329791,0.040765,0.629406
AATAACAACGCTCGGC-1,0.00004,0.073084,0.01783,0.909046
AATAACACTAGAACAA-1,0.000039,0.000039,0.000039,0.999883
AATAACGTCGCGCCCA-1,0.000047,0.056626,0.056892,0.886435
AATAAGTCCTCGAGAC-1,0.000138,0.051814,0.122847,0.825201
AATAATCTTCGTATCG-1,0.000044,0.087584,0.07797,0.834402
AATACAATGTTTCAGG-1,0.000135,0.415573,0.292311,0.291981
AATACCTGATGTGAAC-1,0.000051,0.000051,0.015179,0.984718
AATAGAACAGAGTGGC-1,0.000038,0.065939,0.038275,0.895748
AATAGAATCTGTTTCA-1,0.000901,0.600675,0.177837,0.220588
AATAGCTACCGCGTGC-1,0.000039,0.136827,0.000039,0.863096
AATAGTCGCGAGTCGG-1,0.000091,0.82652,0.03242,0.140969
AATATCAAGGTCGGAT-1,0.000015,0.000015,0.000015,0.999955
AATATCGAATCAATGC-1,0.000051,0.014644,0.093327,0.891978
AATATCGAGGGTTCTC-1,0.000021,0.001588,0.032557,0.965833
AATATTGGAGTATTGA-1,0.000142,0.072443,0.000142,0.927273
AATCAGACTGCAGGAC-1,0.000041,0.119624,0.039258,0.841077
AATCATGTAAAGACTC-1,0.000526,0.289568,0.303384,0.406521
AATCCAAGGGCCTGAG-1,0.000121,0.285535,0.000121,0.714223
AATCCATGCAAGGGTG-1,0.000066,0.193485,0.000066,0.806383
AATCGAGGTCTCAAGG-1,0.000089,0.187863,0.050166,0.761882
AATCGCCTCAGCGCCA-1,0.0025,0.977493,0.002501,0.017506
AATCGCGCAGAGGACT-1,0.00006,0.322691,0.069159,0.60809
AATCGGGACACTACGA-1,0.000087,0.248154,0.000087,0.751672
AATCGGTATAGCCCTC-1,0.000037,0.041617,0.027774,0.930572
AATCGTGAGCCGAGCA-1,0.000172,0.000172,0.000172,0.999484
AATCTAGGTTTACTTG-1,0.000028,0.088149,0.021297,0.890526
AATCTATGCCGGAGCC-1,0.000041,0.068587,0.007513,0.923859
AATCTCTACTGTGGTT-1,0.000067,0.529385,0.000067,0.47048
AATCTGCGTTGGGACG-1,0.000065,0.231442,0.115632,0.652861
AATCTGGCTTTCTAGT-1,0.000029,0.06502,0.000029,0.934923
AATGACAGCAATGTCT-1,0.000033,0.059839,0.000033,0.940096
AATGACGTAGGATGTC-1,0.000133,0.736345,0.051283,0.212239
AATGACTGTCAGCCGG-1,0.000063,0.137418,0.030016,0.832503
AATGAGTTCGCATATG-1,0.000191,0.852782,0.000191,0.146835
AATGATGATACGCTAT-1,0.000056,0.340561,0.189676,0.469708
AATGATGCGACTCCTG-1,0.000023,0.000023,0.019748,0.980207
AATGCAACCGGGTACC-1,0.000056,0.043124,0.077573,0.879248
AATGCACCAAGCAATG-1,0.000044,0.026529,0.049679,0.923748
AATGGTCCACCGTTCA-1,0.000041,0.11039,0.783948,0.105622
AATGGTTCTCACAAGC-1,0.000109,0.128666,0.100431,0.770794
AATGTGCCCGAGGTGT-1,0.000035,0.156592,0.025689,0.817684
AATGTTAAGACCCTGA-1,0.000066,0.110993,0.03012,0.85882
AATGTTGTCGTGAGAC-1,0.00006,0.055524,0.076702,0.867713
AATTAAAGGTCGGCGT-1,0.000057,0.141264,0.150868,0.707811
AATTAACGGATTTCCA-1,0.00011,0.934225,0.00011,0.065554
AATTACTCGTACGCTC-1,0.000127,0.850039,0.010156,0.139679
AATTAGCGCTGCAGCG-1,0.000055,0.06768,0.032467,0.899798
AATTATACCCAGCAAG-1,0.000052,0.000052,0.004104,0.995791
AATTCATAAGGGATCT-1,0.000061,0.173517,0.197571,0.628851
AATTCCAACTTGGTGA-1,0.000093,0.845254,0.070642,0.084011
AATTCGATTCGAGGAT-1,0.001282,0.474361,0.001282,0.523075
AATTGAACGCTCTGGT-1,0.000181,0.549551,0.33916,0.111108
AATTGCAGCAATCGAC-1,0.000064,0.111501,0.079928,0.808507
AATTGTGGTTGCCAAA-1,0.000045,0.126044,0.176194,0.697716
AATTTGGTTCCAAAGA-1,0.000158,0.117953,0.000158,0.881731
ACAAAGCATGACCTAG-1,0.000043,0.027358,0.133108,0.839491
ACAAATCGCACCGAAT-1,0.000086,0.508325,0.084867,0.406722
ACAAATGGTAGTGTTT-1,0.000228,0.406461,0.024165,0.569146
ACAACAGCATGAGCTA-1,0.000076,0.534619,0.224903,0.240402
ACAACGGTCCCTGCGA-1,0.000014,0.001808,0.998077,0.0001
ACAAGCAGTGCCTAGC-1,0.000735,0.213014,0.181544,0.604707
ACAAGCTATATGGAAG-1,0.000149,0.362844,0.14949,0.487517
ACAAGGAAATCCGCCC-1,0.000038,0.560457,0.380981,0.058524
ACAAGGACAAGAGGTT-1,0.000076,0.141148,0.158817,0.699959
ACAAGGATGCTTTAGG-1,0.001515,0.159367,0.001516,0.837602
ACAAGGGCAGGCTCTG-1,0.000103,0.890899,0.000103,0.108896
ACAATAGTCGTACGTT-1,0.000038,0.101671,0.08812,0.81017
ACAATCCATTTAAACC-1,0.000037,0.095492,0.019276,0.885195
ACAATCGATCTTTATA-1,0.000926,0.183294,0.000926,0.814854
ACAATGAATACGGAGA-1,0.00003,0.20682,0.092859,0.700291
ACAATTGTGTCTCTTT-1,0.000069,0.386981,0.247351,0.365599
ACAATTTAGGAGGCTC-1,0.000068,0.638349,0.046418,0.315165
ACAATTTGAGCAGTGG-1,0.000176,0.969763,0.000176,0.029884
ACAATTTGGCCATATT-1,0.000262,0.280916,0.000263,0.718559
ACACAAAGACGGGTGG-1,0.000038,0.100685,0.078484,0.820794
ACACAAATATTCCTAG-1,0.000231,0.281033,0.000231,0.718505
ACACACCAGGACCAGT-1,0.000676,0.1233,0.572696,0.303328
ACACACTTTCTACACG-1,0.000069,0.347768,0.000069,0.652093
ACACATGATCAAATCT-1,0.000046,0.297781,0.06121,0.640963
ACACATTGACGCAACA-1,0.000097,0.916116,0.024983,0.058803
ACACATTTCCGTAGAC-1,0.000114,0.905876,0.000114,0.093896
ACACCACATAATTAGC-1,0.000067,0.249955,0.000067,0.749911
ACACCCAGCATGCAGC-1,0.000077,0.132834,0.128775,0.738315
ACACCCGAGAAATCCG-1,0.000075,0.212166,0.113703,0.674055
ACACCGAGCGCTCTTT-1,0.000047,0.499671,0.456984,0.043297
ACACCTTAAGTAGGGC-1,0.00009,0.090066,0.146941,0.762903
ACACCTTACTACTTGC-1,0.000113,0.5361,0.113014,0.350773
ACACGAGACTCCTTCT-1,0.000074,0.168335,0.095545,0.736047
ACACGGCACTATGCAT-1,0.000242,0.000242,0.000242,0.999275
ACACGGGAACTTAGGG-1,0.000158,0.396877,0.000158,0.602807
ACACGTAGGCCACAAG-1,0.000079,0.148075,0.165786,0.686061
ACACTCCAATGTCACT-1,0.00011,0.706313,0.01249,0.281086
ACACTGATCAAGGTGT-1,0.000057,0.145366,0.016375,0.838202
ACACTGGGACAGTCGT-1,0.000053,0.102817,0.100985,0.796144
ACAGAACTGAGAACAA-1,0.000029,0.032217,0.043986,0.923768
ACAGATTAGGTTAGTG-1,0.000128,0.540517,0.000128,0.459227
ACAGCATAGAGCCAGT-1,0.000136,0.466331,0.000136,0.533397
ACAGCGACATTCTCAT-1,0.00021,0.00021,0.019222,0.980358
ACAGGAGGCGCAGCCG-1,0.000045,0.999592,0.000045,0.000317
ACAGGCACGGATCCTT-1,0.00005,0.053713,0.005876,0.940361
ACAGGCTTGCCCGACT-1,0.000578,0.244035,0.038295,0.717092
ACAGGTGGAGGTGAGG-1,0.000032,0.000032,0.000032,0.999903
ACAGGTGTGTTGTTGC-1,0.000077,0.374401,0.195466,0.430056
ACAGTAATACAACTTG-1,0.000026,0.000026,0.00572,0.994228
ACAGTATACCGTGGGA-1,0.000078,0.158632,0.000078,0.841212
ACATAATAAGGCGGTG-1,0.000117,0.192894,0.000117,0.806873
ACATACAATCAAGCGG-1,0.000045,0.058324,0.036903,0.904729
ACATCAGCTGGGACGC-1,0.000104,0.7129,0.124369,0.162627
ACATCCTGGTAACTGT-1,0.000052,0.149023,0.178433,0.672492
ACATCGATCGTTTACC-1,0.00006,0.00006,0.007864,0.992017
ACATCGGTCAGCCGCG-1,0.000035,0.048016,0.053792,0.898157
ACATCGTATGCAATGG-1,0.000218,0.661041,0.028814,0.309927
ACATCGTTAACCTAGT-1,0.000221,0.000221,0.072415,0.927143
ACATGGCGCCAAAGTA-1,0.000088,0.038841,0.030698,0.930373
ACATGGCTCAATTTAG-1,0.00009,0.99919,0.00009,0.00063
ACATTAGTTTATATCC-1,0.000294,0.343888,0.000294,0.655524
ACATTTGAAACCTAAC-1,0.000052,0.000052,0.019503,0.980393
ACCAAACACCCAGCGA-1,0.0001,0.109358,0.336135,0.554407
ACCAAACTAGAAATCC-1,0.006667,0.00667,0.006669,0.979994
ACCAACACCACACACT-1,0.000103,0.3057,0.000103,0.694093
ACCAACCGCACTCCAC-1,0.000069,0.165783,0.192485,0.641664
ACCAACGCTTATTTAT-1,0.000139,0.173435,0.014669,0.811757
ACCAAGAACGCGTGTC-1,0.000065,0.02021,0.066556,0.913168
ACCAAGTCATCGGCAG-1,0.000049,0.071079,0.046242,0.88263
ACCAATATGCAAGTTA-1,0.000158,0.472708,0.014521,0.512612
ACCACAAGTTTCTATC-1,0.000042,0.089427,0.44867,0.461861
ACCACCAATGTAACAA-1,0.000253,0.289842,0.101431,0.608474
ACCACCCTCTCTTCTA-1,0.000058,0.013304,0.239125,0.747513
ACCACGTGCAGCTATA-1,0.000062,0.48148,0.409733,0.108725
ACCACTGTTCAAGAAG-1,0.000078,0.910977,0.088398,0.000547
ACCAGACCATAACAAC-1,0.000086,0.30507,0.000086,0.694758
ACCAGGAGTGTGATCT-1,0.000093,0.332927,0.000093,0.666887
ACCAGTGCGGGAGACG-1,0.000069,0.155693,0.843755,0.000483
ACCATATCCGCAATAA-1,0.000066,0.306061,0.154524,0.53935
ACCATCCGCCAACTAG-1,0.000071,0.104937,0.037448,0.857544
ACCATCGTATATGGTA-1,0.000055,0.102434,0.000055,0.897456
ACCATTAAGGGTGTCA-1,0.000104,0.852662,0.033189,0.114045
ACCCAACGCCCGTGGC-1,0.000095,0.56028,0.046262,0.393363
ACCCACCTACATGCTC-1,0.000025,0.000025,0.909585,0.090366
ACCCATCTTGAGGGTA-1,0.000055,0.131845,0.000055,0.868045
ACCCATTTGTCCCTCT-1,0.000066,0.000066,0.050456,0.949413
ACCCGAGCGAAATTAC-1,0.000032,0.038269,0.18988,0.771819
ACCCGGAAACTCCCAG-1,0.000129,0.177788,0.259246,0.562837
ACCCGGAGCACCACAA-1,0.000031,0.054485,0.136961,0.808523
ACCCGGATGACGCATC-1,0.000735,0.062247,0.000735,0.936282
ACCCGGTTACACTTCC-1,0.000227,0.211984,0.179902,0.607887
ACCCGTAGTCTAGTTG-1,0.00003,0.077473,0.071993,0.850504
ACCCTATAGGACTGAG-1,0.000225,0.902045,0.000225,0.097505
ACCCTATGCCATATCG-1,0.000033,0.000033,0.000033,0.9999
ACCCTCCCGTCAGGGC-1,0.000056,0.157496,0.027,0.815448
ACCCTCCCTTGCTATT-1,0.000059,0.07121,0.751849,0.176882
ACCCTGGTAACGCCCT-1,0.000042,0.149559,0.275623,0.574776
ACCCTTCATCTGCGAA-1,0.000092,0.315526,0.000092,0.68429
ACCCTTGCCTGGGTCG-1,0.0008,0.134473,0.0008,0.863927
ACCGAAAGGGCCCTGC-1,0.000126,0.383029,0.000126,0.616719
ACCGAAGAGTCTGGTT-1,0.000122,0.144994,0.116824,0.738059
ACCGACACATCTCCCA-1,0.000067,0.999401,0.000067,0.000466
ACCGAGTCTCCTTATT-1,0.000044,0.000044,0.000044,0.999867
ACCGATAGGCATAACC-1,0.000052,0.132959,0.142738,0.724251
ACCGATATTTAATCAT-1,0.000049,0.000049,0.123985,0.875917
ACCGATGGTAGCATCG-1,0.000145,0.617775,0.03314,0.34894
ACCGCAATAACTGCCT-1,0.000023,0.124452,0.847113,0.028412
ACCGCGGTGGAAGTCG-1,0.000045,0.097793,0.061562,0.840601
ACCGGGCCTTTGTTGA-1,0.000053,0.027272,0.219333,0.753342
ACCGGTCAGGTACACC-1,0.000136,0.457546,0.097315,0.445003
ACCGTGACCACGTGGG-1,0.000025,0.026809,0.01596,0.957206
ACCGTTCCCGCTCTGA-1,0.001639,0.00164,0.00164,0.995081
ACCTAAGTACCTTTCA-1,0.000029,0.073507,0.009244,0.91722
ACCTAATCGACTTCCT-1,0.000855,0.200838,0.048885,0.749422
ACCTACAGTATGTGGT-1,0.000047,0.219006,0.055361,0.725585
ACCTCAGCGAGGCGCA-1,0.00006,0.00006,0.00006,0.999819
ACCTCCGCCCTCGCTG-1,0.000067,0.000067,0.070346,0.929519
ACCTCCGTTATTCACC-1,0.000039,0.000039,0.000039,0.999884
ACCTGCGTGTCATGTT-1,0.000048,0.082003,0.009154,0.908796
ACCTTTCCTTTAGAAG-1,0.001351,0.058672,0.001352,0.938625
ACGAAATGGGCGGCAC-1,0.000769,0.328244,0.2973,0.373686
ACGACCCATGAGTTGC-1,0.00002,0.012649,0.093513,0.893818
ACGACTCTAGGGCCGA-1,0.000045,0.000045,0.003531,0.996379
ACGACTGGTCATACTC-1,0.000028,0.126047,0.021321,0.852604
ACGAGAACCCATCACG-1,0.000017,0.108945,0.009976,0.881062
ACGAGGATACCACTCT-1,0.000034,0.048638,0.039535,0.911793
ACGAGGTTTACAACGT-1,0.000075,0.286184,0.38049,0.33325
ACGAGTACGGATGCCC-1,0.000023,0.000023,0.000023,0.999932
ACGAGTCGCCGGCGTT-1,0.000075,0.999324,0.000075,0.000526
ACGATACATAGAACTA-1,0.000105,0.603631,0.358977,0.037287
ACGATACCTATCCTGA-1,0.000064,0.656512,0.075091,0.268332
ACGATCATCTTGTAAA-1,0.000433,0.176321,0.000433,0.822813
ACGATGCATATGTTAT-1,0.000053,0.233459,0.058372,0.708116
ACGATGGATCCGATGC-1,0.001961,0.001961,0.136568,0.85951
ACGCAATCACTACAGC-1,0.000069,0.05839,0.149515,0.792026
ACGCATACGTTTACTA-1,0.000179,0.154535,0.000179,0.845107
ACGCCACTCGAAACAG-1,0.000131,0.179897,0.064289,0.755683
ACGCCAGATGATTTCT-1,0.000137,0.300123,0.274212,0.425527
ACGCCAGTGCGTTTGC-1,0.000051,0.07334,0.014722,0.911888
ACGCCGCTAGACGACC-1,0.000061,0.999451,0.000061,0.000427
ACGCCTGACACGCGCT-1,0.000043,0.840767,0.158891,0.000299
ACGCGAAGTCAGACGA-1,0.000901,0.128609,0.000901,0.869589
ACGCGCTACACAGGGT-1,0.000047,0.193617,0.000047,0.806289
ACGCGTTTCTTAAGAG-1,0.000027,0.360756,0.573172,0.066045
ACGCTACTGAATGGGC-1,0.000072,0.059806,0.086165,0.853957
ACGCTAGTGATACACT-1,0.000065,0.201488,0.114779,0.683668
ACGCTGTGAGGCGTAG-1,0.000069,0.116891,0.000069,0.882972
ACGGAACACGAGTGCC-1,0.000048,0.017519,0.000048,0.982386
ACGGAATTTAGCAAAT-1,0.000047,0.161359,0.035389,0.803205
ACGGACTCTCAAAGCG-1,0.001515,0.458015,0.001516,0.538954
ACGGAGCGCAAATTAC-1,0.000049,0.608939,0.000049,0.390962
ACGGATGGTGCGGATA-1,0.001449,0.586615,0.00145,0.410486
ACGGCACTTGCTTGGG-1,0.000251,0.457558,0.000251,0.541939
ACGGCGACGATGGGAA-1,0.000112,0.657562,0.001155,0.341172
ACGGCGGGTTGCCCTG-1,0.000023,0.213992,0.000144,0.785842
ACGGGAGTGTCGGCCC-1,0.000036,0.098632,0.000036,0.901297
ACGGGCGTATGCGACA-1,0.000085,0.502157,0.000085,0.497674
ACGGGTCATGTGACTT-1,0.00009,0.806465,0.140458,0.052987
ACGGTACAGTTCAATG-1,0.000051,0.016862,0.015489,0.967597
ACGTACAGATTTCTCT-1,0.000214,0.262789,0.000214,0.736783
ACGTAGGAGAGTCGCT-1,0.000218,0.028825,0.000218,0.970739
ACGTATTACTCCGATC-1,0.000065,0.021944,0.969924,0.008067
ACGTCCTAAACGAGAT-1,0.000298,0.000298,0.000298,0.999107
ACGTCTCGTTCCGGGA-1,0.000575,0.205484,0.000575,0.793367
ACGTGCGCCTCGTGCA-1,0.000074,0.200529,0.024899,0.774499
ACGTTAATGTCGAAGA-1,0.00008,0.047298,0.087869,0.864753
ACGTTAGATTTGCCCG-1,0.000048,0.087365,0.147117,0.76547
ACGTTATTGGTCACTC-1,0.000134,0.855283,0.03828,0.106304
ACGTTCCGCGCTCCGT-1,0.00009,0.326613,0.00009,0.673207
ACGTTCGCAATCAATT-1,0.000024,0.000024,0.000024,0.999928
ACGTTCTGTACAAGTC-1,0.000048,0.000048,0.13929,0.860614
ACGTTTAGTTGTGATC-1,0.00098,0.116449,0.000981,0.88159
ACGTTTCGGTGCACTT-1,0.000074,0.000074,0.037775,0.962078
ACTACCAGCTCTCTGG-1,0.000059,0.064607,0.100053,0.835282
ACTAGTTGCGATCGTC-1,0.000059,0.00008,0.039479,0.960383
ACTATCCAGGGCATGG-1,0.000057,0.110748,0.059717,0.829478
ACTATCGCCGGCTAAA-1,0.000041,0.878882,0.106082,0.014994
ACTATCTGCCCGCGTA-1,0.000054,0.088276,0.145297,0.766372
ACTATTTCCGGGCCCA-1,0.000034,0.000034,0.000034,0.999898
ACTCAACGAATGTATT-1,0.000017,0.095707,0.000017,0.904259
ACTCAAGTGCAAGGCT-1,0.001389,0.358363,0.001389,0.638859
ACTCAATAAAGGCACG-1,0.000098,0.288748,0.000098,0.711056
ACTCAGACCTGCTTCT-1,0.00002,0.00002,0.00002,0.999939
ACTCCAATATCATCAT-1,0.000035,0.084363,0.063164,0.852439
ACTCCCATTCCTAAAG-1,0.00003,0.00003,0.00003,0.99991
ACTCCCGAATTCGTTT-1,0.000026,0.034029,0.041088,0.924857
ACTCCCGTAGACTAGG-1,0.000298,0.16758,0.000298,0.831824
ACTCCCTAATGCTAAA-1,0.000059,0.919151,0.000059,0.080731
ACTCCCTAGAATAGTA-1,0.000117,0.998951,0.000117,0.000816
ACTCCGGCCGACCACT-1,0.000045,0.000045,0.000045,0.999864
ACTCGATGTATTTCAT-1,0.000133,0.87359,0.060203,0.066074
ACTCGCCGTTCGATAA-1,0.000048,0.099968,0.16434,0.735644
ACTCGCGATCTGACGC-1,0.00038,0.10225,0.087023,0.810346
ACTCGTAACCCGTCCT-1,0.000032,0.000683,0.000032,0.999253
ACTCGTCAGTAATCCC-1,0.000188,0.981787,0.000188,0.017836
ACTCTAAACCTGGGAT-1,0.000037,0.762531,0.069003,0.16843
ACTCTCTGACTTAGGT-1,0.000119,0.673276,0.232627,0.093978
ACTCTGACCTAATAGA-1,0.000049,0.000049,0.104365,0.895538
ACTCTTCAGCTCCCGC-1,0.000045,0.172081,0.000045,0.82783
ACTGAAACGCCGTTAG-1,0.000162,0.147177,0.040779,0.811882
ACTGAATGGCGAAAGT-1,0.000183,0.505408,0.167915,0.326494
ACTGCCGTCGTAACTC-1,0.000602,0.000603,0.000603,0.998193
ACTGCGGACACACCGT-1,0.000331,0.129053,0.000331,0.870285
ACTGCTCGGAAGGATG-1,0.000034,0.127358,0.241702,0.630905
ACTGTACGATACACAT-1,0.000054,0.935818,0.063747,0.00038
ACTGTAGCACTTTGGA-1,0.00007,0.050103,0.094374,0.855453
ACTGTATACGCGAGCA-1,0.000032,0.090275,0.001499,0.908194
ACTGTCCAGGATTATA-1,0.000025,0.082634,0.03438,0.882961
ACTGTGCTAGTAGATC-1,0.000096,0.244541,0.000096,0.755267
ACTGTTTAGTGTAGGC-1,0.000051,0.00041,0.000051,0.999488
ACTTACGCATCCACGC-1,0.0025,0.332873,0.002501,0.662127
ACTTAGTACGACAAGA-1,0.000093,0.209813,0.000093,0.790001
ACTTATACTTACCCGG-1,0.00012,0.345847,0.120201,0.533832
ACTTATCTGATCTATA-1,0.00002,0.00002,0.00002,0.999941
ACTTATTAGGATCGGT-1,0.000064,0.121951,0.271052,0.606933
ACTTATTTATGTGCCA-1,0.000667,0.179851,0.675467,0.144015
ACTTCAGGCTGATCCC-1,0.000094,0.308795,0.172254,0.518857
ACTTCCATGCGGGACA-1,0.001408,0.273485,0.001409,0.723697
ACTTCGCCATACGCAC-1,0.000148,0.838585,0.067815,0.093452
ACTTCGCTAGCGAGTG-1,0.000035,0.079884,0.000035,0.920046
ACTTGACTCCCTCTTT-1,0.000031,0.55065,0.449104,0.000215
ACTTGCCATATTGTAC-1,0.000081,0.319864,0.000081,0.679974
ACTTGGGACCCGGTGG-1,0.000056,0.081729,0.097699,0.820516
ACTTGTAGTCCCTTCA-1,0.001111,0.001111,0.001111,0.996666
ACTTGTGGATGGAACG-1,0.000081,0.000081,0.097285,0.902554
ACTTTACCCTCATGAA-1,0.00003,0.080466,0.037153,0.882351
ACTTTCCTATAGCTTC-1,0.000093,0.18156,0.121705,0.696642
ACTTTGACTGCATCCT-1,0.000038,0.096696,0.047231,0.856035
ACTTTGTCGACGCACT-1,0.000052,0.000052,0.203188,0.796709
AGAAATTATGACTCGC-1,0.000048,0.000048,0.096283,0.903621
AGAACCCAGCGTGACA-1,0.000099,0.260035,0.000099,0.739767
AGAACGTGGTACATTC-1,0.000083,0.999252,0.000083,0.000582
AGAACTGTACTTTGTA-1,0.000062,0.017323,0.012972,0.969643
AGAAGAGCGCCGTTCC-1,0.001205,0.799317,0.001205,0.198273
AGAAGGTACACTTCAC-1,0.000021,0.000021,0.001061,0.998898
AGAAGGTTGCCGAATT-1,0.000037,0.201459,0.209849,0.588655
AGAAGGTTGTAGGTCG-1,0.000855,0.348947,0.000855,0.649344
AGAAGTGATTCGTGAT-1,0.000038,0.032464,0.01483,0.952667
AGAATAAATCTTCAGG-1,0.000066,0.608365,0.016257,0.375312
AGAATACAGGCTATCC-1,0.000053,0.027819,0.033575,0.938552
AGAATTATGGATTCGA-1,0.000056,0.079211,0.000882,0.919851
AGAATTGTTTGACATA-1,0.000136,0.586972,0.015827,0.397065
AGACAGCTCAGAATCC-1,0.000099,0.656616,0.216796,0.126489
AGACAGGCATCTCAGC-1,0.000033,0.000033,0.128454,0.871479
AGACATAGATCCTTCC-1,0.000083,0.147928,0.104016,0.747974
AGACCAAACCACACCT-1,0.000046,0.240898,0.000046,0.759011
AGACCATGGGATACAA-1,0.000062,0.289015,0.45146,0.259463
AGACCCGCCCTCCTCG-1,0.000074,0.243364,0.078524,0.678038
AGACCGCTCCGCGGTT-1,0.000044,0.000044,0.031743,0.968169
AGACCGGGAAACCCTG-1,0.000026,0.000027,0.000027,0.99992
AGACGAAGTGCCGGTC-1,0.000015,0.000015,0.999821,0.000149
AGACGACGATGCCGCT-1,0.000033,0.000033,0.000033,0.999902
AGACGCCCACTTCGCC-1,0.000052,0.11636,0.182364,0.701225
AGACTAGCCTTCCAGA-1,0.000051,0.000051,0.078961,0.920937
AGAGAACCGTCTAGGA-1,0.000077,0.372302,0.000077,0.627544
AGAGAAGGAGTACAAT-1,0.000019,0.854098,0.000019,0.145865
AGAGATCTCTAAAGCG-1,0.000035,0.010632,0.000035,0.989298
AGAGCAGTTATGAGAC-1,0.000023,0.33599,0.659334,0.004653
AGAGCCGCCGAGATTT-1,0.000083,0.135577,0.304036,0.560304
AGAGCGCTTGTAACGG-1,0.00018,0.00018,0.00018,0.99946
AGAGCGGGCTAATCAT-1,0.000061,0.341486,0.000061,0.658391
AGAGCGTACAAGCTCG-1,0.00006,0.251569,0.326707,0.421664
AGAGCTACGAAAGCAT-1,0.000145,0.910315,0.017119,0.072421
AGAGGCTTCGGAAACC-1,0.000125,0.026133,0.139278,0.834464
AGAGGTATCTCGGTCC-1,0.000047,0.053303,0.030121,0.916528
AGAGTAAACTTCACTA-1,0.000046,0.071631,0.195175,0.733148
AGAGTATAGTGTTACG-1,0.000049,0.262237,0.000049,0.737666
AGAGTCTTAATGAAAG-1,0.000065,0.103855,0.030098,0.865983
AGATAACTTCAGGGCC-1,0.000025,0.032727,0.605316,0.361932
AGATACCAATAGAACC-1,0.000055,0.096768,0.164419,0.738757
AGATACCAGCACTTCA-1,0.001299,0.001299,0.001299,0.996103
AGATACCGGTGTTCAC-1,0.000031,0.061771,0.026164,0.912033
AGATACGACTTCATAT-1,0.000072,0.195268,0.09335,0.71131
AGATACTCAAGATCGA-1,0.000212,0.471221,0.208105,0.320462
AGATATAATACGACTA-1,0.000313,0.101409,0.171124,0.727154
AGATCGTGCATAAGAT-1,0.000027,0.038575,0.002723,0.958675
AGATCTCAGGTGTGAT-1,0.000108,0.644186,0.354952,0.000754
AGATGACTCGCCCACG-1,0.000171,0.097481,0.15467,0.747678
AGATGATGGAGTCTGG-1,0.000025,0.030277,0.000025,0.969673
AGATGCAAGACGTGCA-1,0.00004,0.292584,0.118924,0.588452
AGATGCATCCTGTGTC-1,0.000049,0.088876,0.009288,0.901787
AGATGCTATAACGAGC-1,0.000084,0.940568,0.014015,0.045333
AGATTATAGGACGTTT-1,0.000071,0.311762,0.16459,0.523577
AGATTCACAACCGATA-1,0.000018,0.024442,0.017504,0.958035
AGCAAAGGCCGCTAGT-1,0.000115,0.450591,0.174613,0.374681
AGCAACATATCTTATT-1,0.000541,0.311375,0.046275,0.641809
AGCAACCGAAAGTAAT-1,0.000022,0.166107,0.058363,0.775508
AGCACTACCGGCCTGT-1,0.001695,0.261648,0.001695,0.734962
AGCACTACCTCACCAG-1,0.000091,0.494989,0.058629,0.44629
AGCACTTAAGGACGCC-1,0.000079,0.024285,0.189354,0.786281
AGCAGAAGGAGAAAGA-1,0.000061,0.999448,0.000061,0.00043
AGCAGTCGAAGCATGC-1,0.00006,0.138115,0.00006,0.861765
AGCATATCAATATGCT-1,0.000073,0.215245,0.435427,0.349255
AGCATCATTTCGAAAG-1,0.000032,0.116496,0.064502,0.81897
AGCATCGTCGATAATT-1,0.000086,0.019117,0.088125,0.892672
AGCATTACGAGGCAAG-1,0.000065,0.003027,0.034559,0.962349
AGCCACAGGTTACCCG-1,0.000806,0.000807,0.000807,0.99758
AGCCACTCCCGTGCTT-1,0.000157,0.224604,0.661141,0.114098
AGCCATATAGTATGTG-1,0.000074,0.99933,0.000074,0.000521
AGCCCATACATGTAAG-1,0.000035,0.020571,0.065958,0.913435
AGCCCGCACTACAATG-1,0.000042,0.041072,0.00522,0.953666
AGCCCGGCATTAGAGG-1,0.000033,0.0609,0.041241,0.897826
AGCCCTAAGCGAAGTT-1,0.00008,0.307227,0.00008,0.692612
AGCCCTGTCGCACCGT-1,0.000086,0.126263,0.000086,0.873564
AGCCCTTCTAATCCGA-1,0.000071,0.000071,0.000071,0.999787
AGCCCTTGGACATCCC-1,0.00005,0.00005,0.092774,0.907126
AGCCGCAAATTCAAAT-1,0.000078,0.181823,0.08819,0.729909
AGCCGCTTGATTAGCG-1,0.000056,0.824693,0.174856,0.000395
AGCCGTGGCTAAATGT-1,0.000028,0.077312,0.046435,0.876224
AGCCTAATACCCACGT-1,0.000027,0.084038,0.098313,0.817622
AGCCTTAAAGCGGAAG-1,0.000086,0.688293,0.236005,0.075615
AGCGACAGGAACGGTC-1,0.000031,0.000031,0.000031,0.999908
AGCGACATCCCATTCA-1,0.000204,0.183146,0.334437,0.482214
AGCGACCAACGATATT-1,0.000076,0.057285,0.10715,0.835489
AGCGATGCGCCTAATA-1,0.000069,0.13087,0.124103,0.744957
AGCGCGGGTGCCAATG-1,0.000099,0.230931,0.318988,0.449983
AGCGCTAGAGCGATGT-1,0.000181,0.352312,0.000181,0.647325
AGCGGCGGTTAGCGGT-1,0.000021,0.01819,0.544732,0.437057
AGCGGGAAGGGTCCAT-1,0.000045,0.062937,0.115423,0.821596
AGCGGGTCTGACACTC-1,0.000075,0.970482,0.028919,0.000525
AGCGGTTGCCGCTCTG-1,0.000092,0.193805,0.000092,0.806012
AGCGTACGAGAGCTAG-1,0.000071,0.256628,0.000071,0.74323
AGCGTAGCGCTAGACC-1,0.000022,0.132381,0.308919,0.558679
AGCGTCTGAACCCGCA-1,0.000036,0.119137,0.036593,0.844235
AGCGTGGTATTCTACT-1,0.000091,0.847197,0.152077,0.000635
AGCTAACAAGCAATGT-1,0.000009,0.104706,0.000009,0.895275
AGCTAAGTACGCAGGC-1,0.000128,0.24681,0.000128,0.752934
AGCTACGAATGGTGGT-1,0.000071,0.000071,0.036268,0.96359
AGCTAGAAGCAGAAGT-1,0.000035,0.116856,0.014557,0.868552
AGCTATTTAATCCAAC-1,0.000089,0.282258,0.251462,0.466191
AGCTCCATATATGTTC-1,0.000077,0.118142,0.147944,0.733838
AGCTCCTTCGCACATC-1,0.000658,0.252648,0.242397,0.504298
AGCTCGTTGATGGAAA-1,0.001333,0.177595,0.001334,0.819738
AGCTCTAGACGTTCCA-1,0.000201,0.998192,0.000201,0.001406
AGCTCTTCCCAGTGCA-1,0.001724,0.221811,0.001725,0.77474
AGCTCTTCGTAACCTT-1,0.000083,0.05698,0.208778,0.73416
AGCTCTTTACTCAGTT-1,0.00005,0.099289,0.073358,0.827303
AGCTGAAGTAAACCAA-1,0.000154,0.306176,0.122196,0.571474
AGCTGTAACCTCAATC-1,0.000034,0.129452,0.057974,0.81254
AGCTTATAGAGACCTG-1,0.000104,0.290421,0.080484,0.62899
AGCTTCTTCTCGAGCA-1,0.000061,0.052085,0.057771,0.890083
AGCTTGATCTTAACTT-1,0.000048,0.054251,0.01005,0.935651
AGGAAAGCCTCTGATG-1,0.000149,0.83888,0.000149,0.160822
AGGAACGAACGACTTC-1,0.000045,0.044486,0.250371,0.705098
AGGAAGCTGTCCGCCG-1,0.000152,0.604827,0.000152,0.394868
AGGACAGTCGAATCCC-1,0.0004,0.581274,0.058757,0.35957
AGGACATCGCACGTCG-1,0.000085,0.207737,0.149625,0.642553
AGGACATCGGCACACT-1,0.000034,0.030028,0.062877,0.90706
AGGACGACCCATTAGA-1,0.000055,0.118282,0.026667,0.854995
AGGACGCTCGATGTTG-1,0.000065,0.000065,0.000065,0.999804
AGGACTTATAGGAGAA-1,0.000072,0.804796,0.084523,0.110609
AGGAGACATCCACAGT-1,0.000074,0.309795,0.000074,0.690057
AGGAGAGTCTGGCTAC-1,0.000142,0.172909,0.000142,0.826807
AGGAGCGTTTATTATC-1,0.000066,0.073626,0.051415,0.874894
AGGAGGCCTTCGCGCG-1,0.000084,0.102715,0.693352,0.203849
AGGATATAGGGATTTA-1,0.000135,0.375637,0.161669,0.462558
AGGATATCCGACTGCA-1,0.000045,0.000045,0.000045,0.999865
AGGATCACGCGATCTG-1,0.000039,0.000039,0.000039,0.999882
AGGATTGCTTACGACA-1,0.001087,0.347257,0.001087,0.650569
AGGCAAAGAGGAATCA-1,0.000035,0.048924,0.074939,0.876103
AGGCAATACGGAGGAC-1,0.000075,0.999326,0.000075,0.000524
AGGCACGTGACTGTCC-1,0.000038,0.046311,0.294388,0.659263
AGGCAGATGCGTAAAC-1,0.000072,0.425758,0.037092,0.537079
AGGCATTGTCGTAGGG-1,0.000044,0.19858,0.491761,0.309615
AGGCCACATTGGTTAC-1,0.000083,0.108612,0.000083,0.891221
AGGCCACCCGTTATGA-1,0.000057,0.051377,0.078302,0.870263
AGGCCCAGTGACTGGT-1,0.000058,0.42123,0.523263,0.055449
AGGCCCATTGTACAGG-1,0.000089,0.089697,0.137059,0.773155
AGGCCCTAGAACGCCA-1,0.000076,0.099365,0.022251,0.878308
AGGCCTGAGAATCTCG-1,0.001333,0.248054,0.001334,0.749279
AGGCGATAACTGGCGT-1,0.000038,0.000038,0.204047,0.795876
AGGCGGTTTGTCCCGC-1,0.001961,0.462214,0.065136,0.47069
AGGCGTCTATGGACGG-1,0.000057,0.000057,0.000057,0.999828
AGGCTATGGTTAGCTT-1,0.000098,0.155471,0.11676,0.727671
AGGCTTAAGTTGCACA-1,0.000108,0.000108,0.723936,0.275847
AGGCTTCCCGAAGAAG-1,0.000039,0.000039,0.000039,0.999883
AGGCTTGCTAGACACC-1,0.000068,0.34412,0.371484,0.284328
AGGGACAGCACGGCGG-1,0.00009,0.265769,0.00009,0.734051
AGGGACCGGCTGCGTT-1,0.000046,0.024694,0.060398,0.914861
AGGGAGACATACTTCG-1,0.00005,0.00005,0.00005,0.99985
AGGGCAGCGGCGTGGT-1,0.001136,0.001137,0.001137,0.99659
AGGGCCCTAATGTTCT-1,0.000039,0.057361,0.171435,0.771165
AGGGCGAGCAGCTGAT-1,0.000037,0.095698,0.000037,0.904228
AGGGCGTGATCGGCTA-1,0.000067,0.151445,0.050468,0.798021
AGGGTCAGTAACCCTA-1,0.000385,0.000385,0.018801,0.98043
AGGGTCGATGCGAACT-1,0.00013,0.288144,0.00013,0.711596
AGGGTCTGGACGCAGT-1,0.000021,0.000021,0.01546,0.984497
AGGGTGCCGTTCTTTA-1,0.000028,0.101192,0.002938,0.895842
AGGGTGCTCTCGAGGG-1,0.000119,0.414362,0.018724,0.566795
AGGGTGGATAGTGCAT-1,0.000244,0.544996,0.182476,0.272284
AGGGTTCCCTTTGGTT-1,0.000122,0.463779,0.304774,0.231325
AGGTAACCTCCTATTC-1,0.00006,0.047454,0.045982,0.906504
AGGTAGATCGAGATAT-1,0.000023,0.092264,0.00329,0.904423
AGGTAGGTACAAAGCT-1,0.000031,0.090255,0.017461,0.892253
AGGTATAATTGATAGT-1,0.000039,0.023244,0.017364,0.959354
AGGTATGCGGACATTA-1,0.00098,0.44838,0.000981,0.549659
AGGTCAGGTGAGAGTG-1,0.00004,0.067284,0.00004,0.932637
AGGTCGCCACTTCGGT-1,0.000034,0.227482,0.097354,0.67513
AGGTCGCCTCCCAACA-1,0.000045,0.147655,0.194157,0.658143
AGGTCGCGGAGTTACT-1,0.00004,0.054176,0.055606,0.890178
AGGTGCACGTCCACAT-1,0.000049,0.068015,0.022713,0.909223
AGGTGTATCGCCATGA-1,0.000083,0.000083,0.056324,0.94351
AGGTGTTGCCGACCAC-1,0.000033,0.224222,0.421877,0.353869
AGGTTACACCATGCCG-1,0.000108,0.159116,0.157874,0.682902
AGGTTGAGGCACGCTT-1,0.000117,0.640485,0.11393,0.245468
AGTAACTATAGCAGCC-1,0.000042,0.02227,0.046057,0.931632
AGTAAGGGACAGAATC-1,0.000051,0.000051,0.004257,0.995642
AGTAATCTAAGGGTGG-1,0.000073,0.062988,0.000073,0.936866
AGTAATGTCTTGCCGC-1,0.000144,0.159097,0.000144,0.840615
AGTACATCATTTATCA-1,0.000024,0.000024,0.036544,0.963409
AGTACGGCCCGTATCG-1,0.000073,0.646967,0.117388,0.235571
AGTACGGGCACCTGGC-1,0.000235,0.997887,0.000235,0.001644
AGTACTCTTATGCCCA-1,0.000159,0.053809,0.070485,0.875546
AGTAGAAGGCGCCTCA-1,0.000157,0.426062,0.04631,0.527471
AGTAGGAAGGAAGTTG-1,0.000073,0.009102,0.02401,0.966814
AGTAGGTAACATACAT-1,0.000667,0.493303,0.000667,0.505363
AGTATAATACTAGGCA-1,0.000052,0.093469,0.140798,0.765681
AGTATCCATAATAACG-1,0.000033,0.071366,0.042303,0.886298
AGTATGCTGGAGACCA-1,0.000041,0.238883,0.072137,0.688939
AGTCAACACCACCATC-1,0.000064,0.11873,0.083562,0.797644
AGTCAAGATGACACTT-1,0.000188,0.208479,0.581155,0.210178
AGTCACTAGCTCTCGA-1,0.000671,0.000671,0.207226,0.791432
AGTCACTCCGCCTCAT-1,0.000035,0.165239,0.001407,0.833319
AGTCAGCCACCGCCTG-1,0.000078,0.374218,0.168331,0.457373
AGTCCAGCGGGTACGT-1,0.000089,0.349311,0.000089,0.650511
AGTCCATTGGCTGATG-1,0.000282,0.239463,0.160999,0.599257
AGTCCCGCCTTTAATT-1,0.000055,0.028209,0.017924,0.953812
AGTCCCTCGCAGAAAG-1,0.000093,0.33664,0.000093,0.663174
AGTCGAATTAGCGTAA-1,0.000085,0.045808,0.068252,0.885855
AGTCGACGGTCTCAAG-1,0.000282,0.743134,0.028332,0.228253
AGTCGGCCCAAACGAC-1,0.000069,0.12424,0.25756,0.618131
AGTCGGCTCAACTTTA-1,0.000049,0.118996,0.018773,0.862182
AGTCGGTTGCGTGAGA-1,0.000036,0.109227,0.048545,0.842192
AGTCGTATAAAGCAGA-1,0.000037,0.172022,0.000037,0.827904
AGTCGTCGACCACCAA-1,0.000284,0.267298,0.185615,0.546804
AGTCGTGGGCATTACG-1,0.000036,0.134577,0.000036,0.865352
AGTCTAAAGTATACTC-1,0.000017,0.000017,0.013767,0.986199
AGTCTCACAAGACTAC-1,0.000037,0.000037,0.000037,0.999888
AGTCTGGACATCCTTG-1,0.000124,0.365065,0.286658,0.348153
AGTCTTCTCCTCAAAT-1,0.000127,0.139263,0.000127,0.860483
AGTCTTTAAAGTGTCC-1,0.000457,0.096999,0.000457,0.902088
AGTGAACAAACTTCTC-1,0.000023,0.092733,0.684694,0.22255
AGTGAAGATGGTGTCC-1,0.000076,0.088705,0.000076,0.911144
AGTGACCTACTTTACG-1,0.000093,0.153298,0.067027,0.779582
AGTGACTGTGACACAA-1,0.000031,0.090949,0.000031,0.908989
AGTGAGACTTCCAGTA-1,0.00024,0.792557,0.00024,0.206962
AGTGAGCCTCGCCGCC-1,0.00003,0.130264,0.097505,0.772201
AGTGAGTCGAATTAAC-1,0.000051,0.090774,0.159046,0.750129
AGTGATAACCTGCGCG-1,0.001667,0.362666,0.248245,0.387422
AGTGATATGAGTAGTT-1,0.00006,0.174429,0.00006,0.825451
AGTGATTCAAGCAGGA-1,0.000224,0.862138,0.000224,0.137415
AGTGCACGCTTAAGAA-1,0.000065,0.056744,0.814448,0.128743
AGTGCGTAGCTCGTAA-1,0.000029,0.078071,0.000029,0.921871
AGTGCTAAACACAGCA-1,0.000741,0.134305,0.106196,0.758758
AGTGCTTGCACGAATA-1,0.001163,0.430907,0.11133,0.4566
AGTGGCCCGCAAATGG-1,0.000042,0.000042,0.000042,0.999874
AGTGGCGGCAATTTGA-1,0.00002,0.426504,0.46031,0.113166
AGTGGCGTCTGAAGGT-1,0.000333,0.211092,0.000333,0.788242
AGTGGCTCCGTCGGCC-1,0.00003,0.077716,0.010812,0.911443
AGTGGGAGTATACACG-1,0.000035,0.913282,0.086435,0.000248
AGTGGTGTTACCCGTG-1,0.000043,0.000043,0.008518,0.991395
AGTGGTTGCGTATAGG-1,0.000065,0.550285,0.052676,0.396974
AGTGTATTGCGCATTG-1,0.000062,0.000062,0.000062,0.999815
AGTGTGCTAAGATCGC-1,0.000117,0.895929,0.000117,0.103838
AGTGTGGTCTATTGTG-1,0.00002,0.113172,0.886665,0.000143
AGTTAAACACTTGCGA-1,0.000039,0.089018,0.052117,0.858825
AGTTAAGCGGTCCCGG-1,0.000108,0.207793,0.39671,0.395388
AGTTAAGTCAACCGCT-1,0.000038,0.118732,0.000038,0.881192
AGTTACCCTTAAGACT-1,0.000083,0.84164,0.092472,0.065805
AGTTACCGCACATGGT-1,0.000081,0.453178,0.372305,0.174436
AGTTACTCTATCGTGG-1,0.000074,0.219337,0.116316,0.664274
AGTTATTCAGACTGTG-1,0.000061,0.000061,0.002137,0.997741
AGTTCACCGGTTGGAC-1,0.000107,0.719623,0.091674,0.188595
AGTTCCTACAGAATTA-1,0.000049,0.091396,0.076837,0.831719
AGTTCCTATTTATGTT-1,0.000115,0.128241,0.0621,0.809543
AGTTCTGCGTTGTATC-1,0.0002,0.832076,0.0002,0.167525
AGTTGACATCGGCTGG-1,0.000076,0.269543,0.000076,0.730304
AGTTGACGGTCCTTGC-1,0.000238,0.181665,0.16672,0.651377
AGTTGCTGACTGATAT-1,0.000136,0.58651,0.051092,0.362262
AGTTGGCAAGGCTAGA-1,0.000053,0.029121,0.016946,0.95388
AGTTTATGTAAAGACA-1,0.000047,0.271147,0.000048,0.728758
AGTTTCGCAGGTCGGA-1,0.000137,0.474144,0.000137,0.525582
AGTTTGCACCTGCCTC-1,0.000084,0.253767,0.000084,0.746064
AGTTTGGCACGGGTTG-1,0.000149,0.165091,0.118866,0.715893
AGTTTGGCCAGACCTA-1,0.000036,0.089595,0.030013,0.880356
ATAAACCATTGGACGG-1,0.000118,0.206615,0.000119,0.793148
ATAAACGGACCCGTAA-1,0.000333,0.093569,0.000333,0.905765
ATAAACGTTGCACCAC-1,0.000053,0.047863,0.0815,0.870585
ATAAAGGCTCGGTCGT-1,0.00004,0.109333,0.087602,0.803024
ATAAATATTAGCAGCT-1,0.00004,0.124052,0.01403,0.861878
ATAACGCCGGAGGGTC-1,0.000129,0.958598,0.000129,0.041145
ATAACGGAGTCCAACG-1,0.000193,0.998262,0.000193,0.001352
ATAAGGTGGAGAACAT-1,0.000062,0.999446,0.000062,0.000431
