Barcode,Topic 1,Topic 2to3,Topic 4,Topic 5,Topic 6,Topic 7
AAACAAGTATCTCCCA-1,0.001766,0.411537,0.05735,0.266049,0.001764,0.261534
AAACAGCTTTCAGAAG-1,0.000189,0.057379,0.000188,0.941868,0.000187,0.000188
AAACAGGGTCTATATT-1,0.770928,0.100579,0.00013,0.128104,0.000129,0.00013
AAACATTTCCCGGATT-1,0.007946,0.015948,0.286947,0.673249,0.007937,0.007974
AAACCCGAACGAAATC-1,0.00196,0.300554,0.336114,0.26578,0.001957,0.093635
AAACCGGAAATGTTAA-1,0.001907,0.003824,0.988538,0.001914,0.001905,0.001913
AAACCGGGTAGGTACC-1,0.032064,0.328675,0.191951,0.201518,0.000298,0.245494
AAACCTAAGCAGCCGG-1,0.02441,0.005127,0.002563,0.837948,0.002551,0.127401
AAACCTCATGAAGTTG-1,0.085543,0.431506,0.308367,0.170959,0.001143,0.002482
AAACGAAGAACATACC-1,0.02573,0.00611,0.959012,0.003054,0.00304,0.003054
AAACGAGACGGTTGAT-1,0.000132,0.123493,0.021761,0.000132,0.000131,0.854351
AAACGGGCGTACGGGT-1,0.006501,0.013032,0.006527,0.960935,0.006494,0.006512
AAACGGTTGCGAACTG-1,0.002235,0.004484,0.418198,0.570608,0.002232,0.002242
AAACTCGGTTCGCAAT-1,0.002861,0.514825,0.473718,0.00287,0.002857,0.002868
AAACTGCTGGCTCCAA-1,0.000441,0.24203,0.238546,0.167535,0.000441,0.351007
AAACTTGCAAACGTAT-1,0.514105,0.156987,0.09163,0.236854,0.000211,0.000212
AAAGACCCAAGTCGCG-1,0.002271,0.616266,0.37464,0.002278,0.002268,0.002277
AAAGACTGGGCGCTTT-1,0.003996,0.154097,0.308456,0.532967,0.000241,0.000242
AAAGCTTGCCTACATA-1,0.194806,0.249934,0.305583,0.211545,0.000498,0.037634
AAAGGCTACGGACCAT-1,0.000383,0.000765,0.387438,0.487595,0.000381,0.123438
AAAGGCTCTCGCGCCG-1,0.000785,0.097953,0.4849,0.127679,0.000776,0.287908
AAAGGGATGTAGCAAG-1,0.001244,0.432875,0.492784,0.001248,0.001242,0.070608
AAAGGGCAGCTTGAAT-1,0.005958,0.011969,0.964162,0.005982,0.005953,0.005976
AAAGTAGCATTGCTCA-1,0.004616,0.009262,0.00463,0.972246,0.004608,0.004638
AAAGTCACTGATGTAA-1,0.008014,0.003054,0.984358,0.001527,0.00152,0.001527
AAAGTCGACCCTCAGT-1,0.001266,0.440866,0.00127,0.342187,0.001264,0.213147
AAAGTGCCATCAATTA-1,0.005109,0.236397,0.005124,0.660903,0.005102,0.087364
AAAGTGTGATTTATCT-1,0.006293,0.5286,0.35192,0.000234,0.000233,0.112719
AAAGTTGACTCCCGTA-1,0.000348,0.858729,0.070712,0.000349,0.000348,0.069514
AAATAAGGTAGTGCCC-1,0.920727,0.000377,0.078333,0.000188,0.000187,0.000188
AAATACCTATAAGCAT-1,0.000698,0.167491,0.272661,0.332258,0.00069,0.226203
AAATAGCTTAGACTTT-1,0.080375,0.16537,0.70229,0.001055,0.00105,0.04986
AAATAGGGTGCTATTG-1,0.001384,0.926827,0.049828,0.000112,0.000111,0.021739
AAATCCGATACACGCC-1,0.00062,0.611715,0.000613,0.385828,0.000611,0.000613
AAATCTAGCCCTGCTA-1,0.001324,0.506247,0.001328,0.48845,0.001323,0.001328
AAATGCTCGTTACGTT-1,0.000187,0.352184,0.070516,0.526976,0.000186,0.049952
AAATGGCATGTCTTGT-1,0.001538,0.003084,0.240184,0.001543,0.001536,0.752116
AAATGGCCCGTGCCCT-1,0.000509,0.358587,0.000505,0.639391,0.000503,0.000505
AAATGGTCAATGTGCC-1,0.000309,0.165271,0.473883,0.000309,0.000308,0.35992
AAATGTATCTTATCCC-1,0.000258,0.108271,0.158704,0.732251,0.000257,0.000259
AAATTAACGGGTAGCT-1,0.000104,0.183822,0.000104,0.000104,0.000104,0.815761
AAATTAATAAGCGCGA-1,0.000146,0.195068,0.181823,0.603042,0.000145,0.019777
AAATTACCTATCGATG-1,0.660537,0.080369,0.18966,0.000194,0.000193,0.069046
AAATTCCAGGTCCAAA-1,0.001959,0.143175,0.471197,0.180959,0.001957,0.200753
AAATTGATAGTCCTTT-1,0.017918,0.201325,0.12855,0.458398,0.000144,0.193665
AAATTTGCGGGTGTGG-1,0.048967,0.234457,0.150763,0.410027,0.000203,0.155584
AACAACTGGTAGTTGC-1,0.000299,0.878752,0.0003,0.120052,0.000298,0.0003
AACAATTACTCTACGC-1,0.002648,0.230654,0.758739,0.002656,0.002646,0.002657
AACACACGCTCGCCGC-1,0.000603,0.451859,0.063306,0.483039,0.000595,0.000598
AACACGACTGTACTGA-1,0.007152,0.212708,0.758634,0.007183,0.007143,0.00718
AACACGAGACGCGGCC-1,0.184427,0.458701,0.000199,0.356275,0.000198,0.000199
AACACGCGGCCGCGAA-1,0.028823,0.141902,0.302384,0.525325,0.000781,0.000784
AACAGGAAATCGAATA-1,0.00793,0.002812,0.505408,0.25057,0.001401,0.231879
AACAGGATGGGCCGCG-1,0.112619,0.578374,0.303765,0.00175,0.001742,0.00175
AACAGGTAGTATGGAT-1,0.011,0.646109,0.011046,0.309817,0.010989,0.01104
AACATTGTGACTCGAG-1,0.008026,0.00299,0.972107,0.013031,0.001488,0.002358
AACCAAGACTTCTCTG-1,0.430618,0.297323,0.096661,0.129003,0.000632,0.045762
AACCATGGGATCGCTA-1,0.001375,0.168631,0.340968,0.486272,0.001374,0.00138
AACCCAGAGACGGAGA-1,0.004333,0.489071,0.004347,0.493565,0.004329,0.004356
AACCCGAGCAGAATCG-1,0.048434,0.011476,0.922898,0.005739,0.005714,0.005739
AACCCTACTGTCAATA-1,0.000405,0.522727,0.237414,0.14289,0.000401,0.096163
AACCCTGGTGGAACCA-1,0.023037,0.001761,0.000881,0.715905,0.000876,0.25754
AACCGAGCTTGGTCAT-1,0.000527,0.001055,0.322671,0.000528,0.000525,0.674694
AACCGCTAAGGGATGC-1,0.00022,0.777663,0.21061,0.003911,0.000218,0.007378
AACCGTTGTGTTTGCT-1,0.002135,0.004284,0.808466,0.05465,0.002132,0.128333
AACCTCGCTTTAGCCC-1,0.005965,0.011974,0.00598,0.964153,0.005952,0.005976
AACCTGTCACGGAATT-1,0.018752,0.241375,0.615569,0.002708,0.002695,0.1189
AACCTTTAAATACGGT-1,0.002183,0.875967,0.000105,0.000105,0.000105,0.121536
AACGATAATGCCGTAG-1,0.000122,0.959038,0.000123,0.040472,0.000122,0.000123
AACGATAGAAGGGCCG-1,0.000563,0.814475,0.000565,0.18327,0.000562,0.000565
AACGCGAACGGCAACA-1,0.18696,0.210523,0.118269,0.484114,0.000068,0.000068
AACGCGACCTTGGGCG-1,0.012691,0.442492,0.37254,0.126056,0.000543,0.045678
AACGCGGTCTCCAGCC-1,0.000878,0.134515,0.741434,0.121417,0.000876,0.00088
AACGCTGTTGCTGAAA-1,0.00596,0.011959,0.005987,0.964151,0.005953,0.005991
AACGGACGTACGTATA-1,0.000254,0.413669,0.286722,0.19496,0.000252,0.104144
AACGGCCATCTCCGGT-1,0.033803,0.001282,0.261351,0.368883,0.000638,0.334044
AACGTCAGACTAGTGG-1,0.000463,0.788862,0.160129,0.049619,0.000462,0.000464
AACGTGCGAAAGTCTC-1,0.014053,0.000381,0.104386,0.18415,0.000189,0.696842
AACGTTATCAGCACCT-1,0.002119,0.160613,0.000185,0.836713,0.000184,0.000185
AACTACCCGTTTGTCA-1,0.003576,0.007173,0.003588,0.678299,0.003571,0.303792
AACTAGCGTATCGCAC-1,0.000761,0.221214,0.194875,0.000763,0.00076,0.581627
AACTAGGCTTGGGTGT-1,0.000528,0.344635,0.412303,0.064651,0.000525,0.177358
AACTCAAGTTAATTGC-1,0.047308,0.407168,0.540578,0.001227,0.001221,0.002497
AACTCCAGAGCGTGTT-1,0.000389,0.00078,0.353678,0.644376,0.000388,0.00039
AACTCGATGGCGCAGT-1,0.000312,0.000626,0.390862,0.607574,0.000312,0.000313
AACTGAGTTATACTGA-1,0.006501,0.013048,0.006524,0.841217,0.006494,0.126215
AACTGATATTAGGCCT-1,0.001723,0.121786,0.871309,0.00173,0.001721,0.001731
AACTGGGTCCCGACGT-1,0.000409,0.002028,0.498008,0.118765,0.000408,0.380382
AACTGGTGTGGGCCTT-1,0.005721,0.510169,0.005741,0.466912,0.005714,0.005743
AACTTCTGCGTCTATC-1,0.000279,0.096437,0.00028,0.870448,0.000278,0.032277
AACTTGCCCGTATGCA-1,0.013142,0.555242,0.084565,0.344188,0.001429,0.001434
AACTTGCGTTCTCGCG-1,0.000313,0.000628,0.053334,0.945098,0.000313,0.000314
AACTTTACGGGAGCTT-1,0.000248,0.218806,0.05928,0.653557,0.000248,0.06786
AACTTTAGCTGCTGAG-1,0.007151,0.014357,0.694829,0.269336,0.007143,0.007184
AAGAAGGATCAGTTAG-1,0.001296,0.077203,0.329406,0.589538,0.001276,0.001281
AAGACATACGTGGTTT-1,0.00311,0.006241,0.129473,0.659205,0.003106,0.198865
AAGACCCAACTGAACA-1,0.000373,0.000745,0.431914,0.39173,0.000371,0.174867
AAGAGATGAATCGGTA-1,0.005298,0.01063,0.968138,0.005322,0.005291,0.00532
AAGAGCTCTTTATCGG-1,0.000056,0.035065,0.000056,0.000056,0.000056,0.964712
AAGAGGATGTACGCGA-1,0.060308,0.748356,0.068313,0.099712,0.000122,0.02319
AAGAGGCATGGATCGC-1,0.000301,0.000601,0.394443,0.000301,0.000299,0.604054
AAGAGGCCCTTTGGAA-1,0.004469,0.008969,0.004483,0.641066,0.004464,0.336549
AAGATTGGCGGAACGT-1,0.030858,0.000914,0.689108,0.037311,0.000455,0.241355
AAGCACCCTGCGTATC-1,0.000592,0.493023,0.082285,0.422927,0.000585,0.000588
AAGCATACTCTCCTGA-1,0.000345,0.368693,0.164286,0.229746,0.000343,0.236586
AAGCCGAAGCGGTTTA-1,0.00298,0.273223,0.234541,0.184137,0.002976,0.302143
AAGCCGGAGAGCAGGA-1,0.002918,0.359308,0.002927,0.629004,0.002916,0.002927
AAGCGCAGGGCTTTGA-1,0.011001,0.699733,0.011039,0.256219,0.010989,0.011019
AAGCGTCCCTCATCGA-1,0.03065,0.001186,0.589416,0.377565,0.00059,0.000593
AAGCTAGATCGAGTAA-1,0.000416,0.339943,0.243897,0.182338,0.000414,0.232991
AAGCTCTTTCATGGTG-1,0.012334,0.649959,0.001465,0.333321,0.001458,0.001464
AAGGAGAACTTATAAG-1,0.001084,0.002204,0.426588,0.567955,0.001082,0.001087
AAGGAGCGGTTGGTGC-1,0.005765,0.58093,0.166135,0.245654,0.000756,0.000759
AAGGATCGATCGCTTG-1,0.126107,0.126707,0.425598,0.097529,0.000281,0.223778
AAGGATGAGGGACCTC-1,0.029289,0.029369,0.493257,0.071866,0.00034,0.37588
AAGGCAGGCTGTCTCC-1,0.001811,0.881948,0.110801,0.001816,0.001808,0.001816
AAGGCGCGTAAAGCTT-1,0.000239,0.786006,0.074907,0.121806,0.000239,0.016803
AAGGCTGTGCTCATCG-1,0.001015,0.461652,0.120173,0.28172,0.001013,0.134428
AAGGGACAGATTCTGT-1,0.351612,0.000639,0.435397,0.00032,0.000318,0.211714
AAGGTGATAAACCAGC-1,0.000191,0.887179,0.00019,0.031083,0.000189,0.081167
AAGTAGAAGACCGGGT-1,0.000154,0.919849,0.060163,0.019527,0.000153,0.000154
AAGTAGTGACGCGAGG-1,0.012389,0.445999,0.059316,0.228443,0.000529,0.253324
AAGTCAATTGTCGTCA-1,0.041717,0.323455,0.272137,0.360902,0.000893,0.000897
AAGTCTTCTGTGGCCT-1,0.001626,0.209729,0.115881,0.66951,0.001623,0.001631
AAGTGACGACCGAATT-1,0.094487,0.44904,0.068078,0.246372,0.000186,0.141837
AAGTGAGTCGGGTTTA-1,0.000392,0.000781,0.708911,0.000391,0.000389,0.289135
AAGTGCAAAGGTAGAC-1,0.009289,0.004243,0.093468,0.838687,0.000285,0.054028
AAGTGCCTTGACTGTA-1,0.000935,0.911589,0.000938,0.084668,0.000934,0.000936
AAGTGCGTTAGAATCT-1,0.047716,0.483776,0.002517,0.460964,0.002506,0.00252
AAGTGTTTGGAGACGG-1,0.190756,0.808567,0.00017,0.00017,0.000169,0.00017
AAGTTCACTCCAAGCT-1,0.000403,0.497193,0.153901,0.347701,0.0004,0.000402
AAGTTCGGCCAACAGG-1,0.008183,0.209221,0.527949,0.000718,0.000714,0.253215
AAGTTGTGATGTTATA-1,0.030759,0.007,0.003501,0.701512,0.003484,0.253743
AAGTTTACTAATGGCA-1,0.004334,0.008693,0.518625,0.260253,0.004329,0.203765
AAGTTTATGGGCCCAA-1,0.003973,0.007978,0.976109,0.003986,0.003968,0.003986
AATAACAACGCTCGGC-1,0.000905,0.609404,0.333514,0.000908,0.000904,0.054364
AATAATCTTCGTATCG-1,0.00572,0.011477,0.00574,0.96562,0.005714,0.005729
AATACAATGTTTCAGG-1,0.000303,0.000608,0.204983,0.674723,0.000303,0.11908
AATAGAATCTGTTTCA-1,0.000056,0.999723,0.000056,0.000056,0.000055,0.000056
AATAGTCCGTCCCGAC-1,0.001283,0.002539,0.00127,0.650721,0.001264,0.342922
AATAGTCGCGAGTCGG-1,0.000127,0.131496,0.163621,0.692165,0.000127,0.012464
AATATCAAGGTCGGAT-1,0.005499,0.243338,0.00552,0.734626,0.005495,0.005522
AATATCCTAGCAAACT-1,0.000218,0.161172,0.340492,0.48028,0.000216,0.017623
AATATCGAATCAATGC-1,0.004617,0.190971,0.413285,0.390119,0.000503,0.000505
AATATTGGAGTATTGA-1,0.073493,0.07755,0.420961,0.422487,0.002747,0.002762
AATCATGTAAAGACTC-1,0.0022,0.161633,0.27704,0.554723,0.002198,0.002206
AATCCAAGGGCCTGAG-1,0.002135,0.250235,0.574813,0.168542,0.002132,0.002143
AATCCATGCAAGGGTG-1,0.002894,0.000266,0.11752,0.780105,0.000132,0.099082
AATCGCCTCAGCGCCA-1,0.000272,0.283914,0.296361,0.070828,0.000272,0.348352
AATCGCGCAGAGGACT-1,0.046377,0.00495,0.739352,0.002475,0.002463,0.204383
AATCGGGACACTACGA-1,0.001337,0.253124,0.001342,0.55146,0.001335,0.191402
AATCGTGAGCCGAGCA-1,0.00311,0.984427,0.00312,0.003119,0.003106,0.003118
AATCTAGGTTTACTTG-1,0.002751,0.005522,0.002762,0.983457,0.002747,0.00276
AATCTATGCCGGAGCC-1,0.031387,0.393438,0.569867,0.001772,0.001764,0.001772
AATCTCTACTGTGGTT-1,0.0065,0.013042,0.006521,0.960929,0.006494,0.006514
AATCTGCGTTGGGACG-1,0.01668,0.412792,0.135623,0.319666,0.000289,0.114951
AATCTGGCTTTCTAGT-1,0.005959,0.54997,0.005976,0.426165,0.005952,0.005978
AATGACAGCAATGTCT-1,0.082161,0.095886,0.155372,0.665809,0.000385,0.000387
AATGACGTAGGATGTC-1,0.009669,0.44181,0.440633,0.000324,0.000322,0.107241
AATGACTGTCAGCCGG-1,0.000209,0.810542,0.053246,0.077959,0.000208,0.057836
AATGAGTTCGCATATG-1,0.000269,0.094242,0.013287,0.815604,0.000268,0.07633
AATGATGATACGCTAT-1,0.01472,0.000867,0.430172,0.01924,0.000432,0.534569
AATGCAACCGGGTACC-1,0.000656,0.204949,0.722617,0.022995,0.000655,0.048127
AATGCACCAAGCAATG-1,0.01341,0.001739,0.246924,0.521047,0.000866,0.216014
AATGGTCCACCGTTCA-1,0.000325,0.024598,0.508548,0.340651,0.000325,0.125553
AATGGTTCTCACAAGC-1,0.007947,0.298374,0.669798,0.007968,0.007937,0.007976
AATGTGCCCGAGGTGT-1,0.005749,0.17466,0.000111,0.755908,0.00011,0.063462
AATGTTGTCGTGAGAC-1,0.0055,0.313631,0.00552,0.00552,0.005495,0.664334
AATTAAAGGTCGGCGT-1,0.003616,0.000182,0.000091,0.000091,0.000091,0.995929
AATTAACGGATTTCCA-1,0.000799,0.081262,0.39913,0.517209,0.000798,0.000802
AATTAGCGCTGCAGCG-1,0.01525,0.001414,0.371802,0.249493,0.000704,0.361338
AATTCATAAGGGATCT-1,0.091554,0.001525,0.513725,0.000763,0.00076,0.391673
AATTCCAAGCATGTAC-1,0.00596,0.011972,0.964155,0.00598,0.005952,0.005981
AATTCGATTCGAGGAT-1,0.145304,0.239447,0.001772,0.552397,0.001764,0.059315
AATTCTAGAGTTAGGC-1,0.001683,0.003377,0.738036,0.001689,0.001681,0.253535
AATTGAACGCTCTGGT-1,0.000227,0.822908,0.042217,0.131947,0.000226,0.002475
AATTGCAGCAATCGAC-1,0.0065,0.013029,0.960927,0.006525,0.006494,0.006527
AATTGTGGTTGCCAAA-1,0.011002,0.022088,0.93383,0.011055,0.010989,0.011036
AATTTGGTTCCAAAGA-1,0.009538,0.019115,0.942692,0.009563,0.009524,0.009569
ACAAAGAAGGTAGGCC-1,0.007349,0.264226,0.010387,0.717813,0.000112,0.000112
ACAAAGCATGACCTAG-1,0.00286,0.005739,0.149882,0.835789,0.002857,0.002872
ACAAATCGCACCGAAT-1,0.000168,0.887952,0.000169,0.111374,0.000168,0.000169
ACAAATGGTAGTGTTT-1,0.002104,0.518306,0.002111,0.473268,0.002101,0.002111
ACAACGGTCCCTGCGA-1,0.002201,0.660228,0.330957,0.002208,0.002198,0.002209
ACAAGCAGTGCCTAGC-1,0.002167,0.004349,0.986972,0.002175,0.002165,0.002173
ACAAGCTATATGGAAG-1,0.001349,0.002707,0.182457,0.810785,0.001348,0.001354
ACAAGGAAATCCGCCC-1,0.000211,0.736257,0.020795,0.195139,0.00021,0.047387
ACAAGGACAAGAGGTT-1,0.000217,0.704144,0.195434,0.000217,0.000216,0.099771
ACAAGGATGCTTTAGG-1,0.009412,0.334394,0.000343,0.606822,0.000342,0.048687
ACAAGGGCAGGCTCTG-1,0.000378,0.264606,0.361362,0.152683,0.000376,0.220595
ACAATAGTCGTACGTT-1,0.043482,0.400182,0.171941,0.303549,0.000205,0.08064
ACAATCCATTTAAACC-1,0.000354,0.619756,0.119367,0.132776,0.000352,0.127396
ACAATTGTGTCTCTTT-1,0.005722,0.477633,0.499455,0.005741,0.005714,0.005736
ACAATTTAGGAGGCTC-1,0.015571,0.062156,0.54818,0.372222,0.000934,0.000938
ACAATTTGGCCATATT-1,0.004086,0.008196,0.004102,0.827556,0.004082,0.151978
ACACAAAGACGGGTGG-1,0.000473,0.347988,0.36847,0.282133,0.000467,0.000469
ACACACCAGGACCAGT-1,0.006364,0.824198,0.120496,0.048602,0.000169,0.00017
ACACACTTTCTACACG-1,0.008959,0.001434,0.539765,0.364378,0.000714,0.08475
ACACCACATAATTAGC-1,0.472142,0.042365,0.173721,0.310319,0.000725,0.000729
ACACCCAGCATGCAGC-1,0.000163,0.717074,0.119122,0.000163,0.000162,0.163316
ACACCCGAGAAATCCG-1,0.020831,0.616357,0.001148,0.281043,0.001143,0.079477
ACACCGAGCGCTCTTT-1,0.000099,0.060456,0.08505,0.845068,0.000099,0.009227
ACACCTTAAGTAGGGC-1,0.006346,0.686268,0.306106,0.000427,0.000425,0.000427
ACACCTTACTACTTGC-1,0.005298,0.372413,0.005319,0.606354,0.005291,0.005324
ACACGGGAACTTAGGG-1,0.034213,0.001495,0.043492,0.413603,0.000744,0.506452
ACACGTAGGCCACAAG-1,0.003764,0.007553,0.522588,0.458559,0.003759,0.003776
ACACTCCAATGTCACT-1,0.000276,0.000553,0.032662,0.771392,0.000275,0.194842
ACACTGATCAAGGTGT-1,0.005829,0.000767,0.243306,0.330269,0.000382,0.419447
ACACTGGGACAGTCGT-1,0.006812,0.01367,0.006839,0.959047,0.006803,0.006829
ACAGAACTGAGAACAA-1,0.002861,0.127313,0.00287,0.861232,0.002857,0.002867
ACAGATTAGGTTAGTG-1,0.00596,0.011962,0.00598,0.964175,0.005952,0.005971
ACAGCATAGAGCCAGT-1,0.009541,0.019129,0.009568,0.94263,0.009524,0.009607
ACAGCGACATTCTCAT-1,0.001788,0.003588,0.546349,0.444695,0.001786,0.001794
ACAGGCACGGATCCTT-1,0.006219,0.012473,0.362493,0.606359,0.006211,0.006245
ACAGGCTTGCCCGACT-1,0.000387,0.603232,0.000385,0.395229,0.000383,0.000385
ACAGGTGTGTTGTTGC-1,0.002699,0.51602,0.002707,0.47317,0.002695,0.002709
ACAGTAATACAACTTG-1,0.454849,0.133682,0.000182,0.410923,0.000182,0.000182
ACATAATAAGGCGGTG-1,0.000586,0.108956,0.393613,0.354723,0.000585,0.141537
ACATCAGCTGGGACGC-1,0.004088,0.008202,0.719095,0.260428,0.004082,0.004104
ACATCCCGGCCATACG-1,0.000818,0.279422,0.123755,0.20748,0.000812,0.387714
ACATCCTGGTAACTGT-1,0.148521,0.37521,0.144059,0.213988,0.000273,0.117949
ACATCGGTCAGCCGCG-1,0.09604,0.226433,0.337973,0.023161,0.000271,0.316121
ACATCGTATGCAATGG-1,0.002386,0.862905,0.065397,0.000118,0.000117,0.069076
ACATGGCGCCAAAGTA-1,0.354278,0.181475,0.1466,0.265085,0.001361,0.051201
ACATTAGTTTATATCC-1,0.020295,0.00156,0.388439,0.295361,0.000776,0.293568
ACCAACCGCACTCCAC-1,0.02402,0.005415,0.002707,0.962456,0.002695,0.002707
ACCAACGCTTATTTAT-1,0.001744,0.003494,0.001749,0.108729,0.001742,0.882541
ACCAAGAACGCGTGTC-1,0.000503,0.6835,0.202808,0.112195,0.000496,0.000498
ACCAAGTCATCGGCAG-1,0.023586,0.002392,0.369583,0.602052,0.001191,0.001197
ACCAATATGCAAGTTA-1,0.000111,0.819065,0.099265,0.000111,0.000111,0.081336
ACCACAAGTTTCTATC-1,0.000402,0.110852,0.510954,0.130612,0.000401,0.246779
ACCACCAATGTAACAA-1,0.000364,0.294346,0.461634,0.000364,0.000363,0.242929
ACCACGTGCAGCTATA-1,0.00581,0.50261,0.343649,0.050182,0.00022,0.097529
ACCAGACCATAACAAC-1,0.002073,0.004162,0.408305,0.58131,0.00207,0.00208
ACCAGGAGTGTGATCT-1,0.042092,0.004482,0.94671,0.002242,0.002232,0.002243
ACCAGTGCGGGAGACG-1,0.000291,0.750381,0.248457,0.000291,0.00029,0.000291
ACCATATCCGCAATAA-1,0.016827,0.000834,0.000419,0.50922,0.000415,0.472285
ACCATCCGCCAACTAG-1,0.005913,0.030086,0.170817,0.731201,0.000156,0.061826
ACCATCGTATATGGTA-1,0.018256,0.001143,0.103049,0.389591,0.000569,0.487392
ACCATTAAGGGTGTCA-1,0.000601,0.001206,0.003397,0.993592,0.0006,0.000603
ACCCAACGCCCGTGGC-1,0.019553,0.053036,0.38155,0.197625,0.000257,0.347979
ACCCACCTACATGCTC-1,0.008941,0.01793,0.008973,0.512621,0.008929,0.442607
ACCCATCTTGAGGGTA-1,0.00706,0.332935,0.431484,0.108874,0.000401,0.119246
ACCCATTTGTCCCTCT-1,0.002466,0.00495,0.002474,0.598803,0.002463,0.388844
ACCCGGAAACTCCCAG-1,0.000795,0.001594,0.422804,0.510398,0.000794,0.063616
ACCCGGAGCACCACAA-1,0.005722,0.011493,0.005746,0.965578,0.005714,0.005747
ACCCGGATGACGCATC-1,0.252722,0.433705,0.170777,0.096322,0.000334,0.046141
ACCCGGTTACACTTCC-1,0.018967,0.079479,0.066469,0.000165,0.000164,0.834755
ACCCGTAGTCTAGTTG-1,0.016622,0.037877,0.215874,0.560772,0.000512,0.168344
ACCCGTGTCATCAGTA-1,0.001703,0.045101,0.833176,0.001708,0.001701,0.116611
ACCCTATAGGACTGAG-1,0.000401,0.000801,0.269867,0.72813,0.000399,0.000401
ACCCTCCCGTCAGGGC-1,0.016452,0.00368,0.225918,0.750278,0.001832,0.001841
ACCCTCCCTTGCTATT-1,0.00027,0.82239,0.000271,0.113936,0.00027,0.062863
ACCCTTCATCTGCGAA-1,0.000668,0.001335,0.716051,0.280614,0.000664,0.000668
ACCGAAAGGGCCCTGC-1,0.00596,0.011955,0.906253,0.063894,0.005952,0.005986
ACCGACACATCTCCCA-1,0.000817,0.00164,0.668444,0.193991,0.000816,0.134291
ACCGACTGAGTCCCAC-1,0.000361,0.000723,0.120151,0.034571,0.00036,0.843834
ACCGAGTCTCCTTATT-1,0.003326,0.335088,0.301076,0.353852,0.003322,0.003336
ACCGATAGGCATAACC-1,0.004613,0.009259,0.311579,0.665313,0.004608,0.004627
ACCGATATTTAATCAT-1,0.007154,0.539207,0.00718,0.43213,0.007143,0.007185
ACCGCAATAACTGCCT-1,0.000185,0.751635,0.000184,0.14723,0.000183,0.100583
ACCGCGGTGGAAGTCG-1,0.002466,0.759993,0.229944,0.00266,0.002463,0.002473
ACCGGGCCTTTGTTGA-1,0.035972,0.399545,0.111981,0.373762,0.000547,0.078192
ACCTAAGTACCTTTCA-1,0.069848,0.168704,0.000259,0.723618,0.000258,0.037312
ACCTAATCGACTTCCT-1,0.001987,0.912819,0.001993,0.001995,0.001984,0.079222
ACCTACAGTATGTGGT-1,0.002466,0.657105,0.163201,0.002473,0.002463,0.172292
ACCTACTATAAATCTA-1,0.035709,0.446278,0.001992,0.433647,0.001984,0.08039
ACCTCCGCCCTCGCTG-1,0.007944,0.015957,0.007973,0.62783,0.007937,0.33236
ACCTCCGTTATTCACC-1,0.332967,0.193769,0.314214,0.000593,0.00059,0.157867
ACCTGCGTGTCATGTT-1,0.906703,0.030471,0.058155,0.000369,0.000138,0.004164
ACGAAATGGGCGGCAC-1,0.001242,0.104748,0.776068,0.001237,0.001232,0.115473
ACGACCCATGAGTTGC-1,0.003866,0.248269,0.439929,0.300199,0.003861,0.003877
ACGAGAACCCATCACG-1,0.145862,0.003932,0.428144,0.240135,0.001957,0.17997
ACGAGGATACCACTCT-1,0.002804,0.566352,0.002813,0.422414,0.002801,0.002815
ACGATACCTATCCTGA-1,0.000175,0.167112,0.07276,0.759605,0.000174,0.000175
ACGATCATACATAGAG-1,0.000748,0.122836,0.321634,0.096124,0.000744,0.457914
ACGATCATCTTGTAAA-1,0.027522,0.735613,0.053637,0.068107,0.00019,0.11493
ACGATGCATATGTTAT-1,0.015936,0.227863,0.305079,0.420028,0.000588,0.030506
ACGATGGATCCGATGC-1,0.024677,0.003019,0.324546,0.001509,0.001504,0.644745
ACGCAAACTAATAGAT-1,0.010379,0.000625,0.547093,0.025017,0.000311,0.416576
ACGCATACGTTTACTA-1,0.002918,0.005855,0.396046,0.58934,0.002915,0.002926
ACGCATTCGTGAGTAC-1,0.009804,0.02574,0.000101,0.000101,0.000101,0.964152
ACGCCAGATGATTTCT-1,0.018475,0.152626,0.289467,0.130294,0.000764,0.408373
ACGCCGCTAGACGACC-1,0.006775,0.177009,0.149158,0.19822,0.000613,0.468225
ACGCGAAGTCAGACGA-1,0.008903,0.001678,0.54935,0.000839,0.000835,0.438394
ACGCGCTACACAGGGT-1,0.051555,0.261905,0.181286,0.504457,0.000398,0.0004
ACGCGTTTCTTAAGAG-1,0.000206,0.25699,0.172633,0.569758,0.000206,0.000207
ACGCTGTGAGGCGTAG-1,0.002699,0.483753,0.505438,0.002708,0.002695,0.002706
ACGGAATTTAGCAAAT-1,0.000396,0.000786,0.189915,0.808118,0.000391,0.000393
ACGGACTCTCAAAGCG-1,0.000466,0.622986,0.000467,0.375149,0.000465,0.000467
ACGGATGGTGCGGATA-1,0.000354,0.707756,0.000355,0.290826,0.000354,0.000355
ACGGCACTTGCTTGGG-1,0.001255,0.002517,0.400239,0.46748,0.001253,0.127256
ACGGCCAACATGGACT-1,0.022056,0.089744,0.00046,0.334329,0.000458,0.552953
ACGGCGACGATGGGAA-1,0.000072,0.948027,0.000072,0.051687,0.000071,0.000072
ACGGGAGTGTCGGCCC-1,0.001212,0.517348,0.001216,0.477796,0.001211,0.001217
ACGGGTCATGTGACTT-1,0.000118,0.001513,0.000118,0.998017,0.000117,0.000118
ACGTACAGATTTCTCT-1,0.012997,0.257049,0.013048,0.690888,0.012987,0.013031
ACGTAGGAGAGTCGCT-1,0.001389,0.002787,0.529214,0.300659,0.001387,0.164564
ACGTATTACTCCGATC-1,0.002554,0.566312,0.002563,0.423458,0.002551,0.002561
ACGTCTCGTTCCGGGA-1,0.000111,0.150185,0.010398,0.839084,0.000111,0.000111
ACGTGACAAAGTAAGT-1,0.018977,0.282743,0.000331,0.69729,0.000329,0.000331
ACGTGCGCCTCGTGCA-1,0.001858,0.332463,0.660097,0.001864,0.001855,0.001864
ACGTTAATGTCGAAGA-1,0.00021,0.006781,0.291423,0.00021,0.000209,0.701167
ACGTTAGATTTGCCCG-1,0.025775,0.048331,0.665312,0.000288,0.000286,0.260007
ACGTTATTGGTCACTC-1,0.000289,0.000579,0.251445,0.74711,0.000288,0.000289
ACGTTCCGCGCTCCGT-1,0.006218,0.012481,0.962616,0.006243,0.006211,0.00623
ACGTTCGCAATCAATT-1,0.298844,0.142542,0.228387,0.32932,0.000452,0.000454
ACGTTCTGTACAAGTC-1,0.004469,0.008965,0.004487,0.973125,0.004464,0.00449
ACGTTTAGTTGTGATC-1,0.001202,0.15323,0.492266,0.169831,0.00119,0.18228
ACTACCAGCTCTCTGG-1,0.000409,0.759473,0.131289,0.108011,0.000408,0.00041
ACTACGCGTTAGAATT-1,0.000277,0.000553,0.723817,0.046426,0.000275,0.228653
ACTAGTTGCGATCGTC-1,0.002235,0.567377,0.423667,0.002243,0.002232,0.002247
ACTATCCAGGGCATGG-1,0.003577,0.438187,0.547489,0.00359,0.003571,0.003586
ACTATCTGCCCGCGTA-1,0.005502,0.011028,0.509405,0.326623,0.005495,0.141948
ACTATTCGTCCGTGGT-1,0.000474,0.815054,0.083315,0.000475,0.000473,0.10021
ACTCAACGAATGTATT-1,0.001723,0.003458,0.237784,0.597393,0.001721,0.157921
ACTCAAGTGCAAGGCT-1,0.006483,0.475627,0.00092,0.515136,0.000916,0.000919
ACTCAATAAAGGCACG-1,0.000662,0.280904,0.218353,0.000665,0.000661,0.498755
ACTCAGACCTGCTTCT-1,0.004334,0.008705,0.539819,0.43847,0.004329,0.004343
ACTCCCATTCCTAAAG-1,0.268174,0.279628,0.001438,0.380283,0.000194,0.070283
ACTCCCGAATTCGTTT-1,0.03073,0.30784,0.340573,0.213663,0.000483,0.106711
ACTCCCTAATGCTAAA-1,0.001389,0.171299,0.56411,0.171659,0.001387,0.090156
ACTCCCTAGAATAGTA-1,0.027457,0.40147,0.348555,0.000671,0.000668,0.22118
ACTCCGGCCGACCACT-1,0.002601,0.209189,0.780393,0.00261,0.002597,0.00261
ACTCGATGTATTTCAT-1,0.000302,0.000605,0.110717,0.887772,0.000301,0.000303
ACTCGCCGTTCGATAA-1,0.003326,0.00667,0.624415,0.157389,0.003322,0.204878
ACTCGCGATCTGACGC-1,0.007149,0.014342,0.614002,0.350183,0.007143,0.007182
ACTCGTAACCCGTCCT-1,0.051744,0.926206,0.005516,0.005526,0.005495,0.005514
ACTCGTCAGTAATCCC-1,0.019169,0.100521,0.000169,0.000169,0.000168,0.879805
ACTCTAAACCTGGGAT-1,0.002847,0.313617,0.090226,0.593012,0.000149,0.000149
ACTCTCTGACTTAGGT-1,0.006909,0.125142,0.505158,0.242568,0.000493,0.11973
ACTCTGACCTAATAGA-1,0.002235,0.004481,0.531702,0.457099,0.002232,0.00225
ACTCTTCAGCTCCCGC-1,0.013006,0.934837,0.013071,0.01304,0.012987,0.013059
ACTGAAACGCCGTTAG-1,0.000577,0.208443,0.149074,0.640752,0.000576,0.000578
ACTGAATGGCGAAAGT-1,0.000118,0.948285,0.015766,0.012707,0.000118,0.023006
ACTGCCGTCGTAACTC-1,0.001959,0.093535,0.68046,0.001966,0.001957,0.220122
ACTGCGGACACACCGT-1,0.022443,0.386632,0.253456,0.335042,0.001211,0.001216
ACTGCTCGGAAGGATG-1,0.020714,0.411471,0.05872,0.508692,0.000201,0.000202
ACTGTAGCACTTTGGA-1,0.002946,0.838193,0.133783,0.000178,0.000178,0.024722
ACTGTATACGCGAGCA-1,0.001644,0.156689,0.00165,0.666112,0.001642,0.172263
ACTGTCCAGGATTATA-1,0.000331,0.146861,0.545326,0.000331,0.000329,0.306823
ACTGTCTTCTTTAGAA-1,0.000235,0.144233,0.244339,0.000235,0.000234,0.610723
ACTGTGCTAGTAGATC-1,0.001788,0.141112,0.001796,0.819053,0.001786,0.034466
ACTGTTTAGTGTAGGC-1,0.016249,0.065851,0.000963,0.600141,0.000959,0.315837
ACTTACGCATCCACGC-1,0.000966,0.727749,0.212104,0.057272,0.000952,0.000957
ACTTAGTACGACAAGA-1,0.003043,0.006102,0.003053,0.431508,0.00304,0.553253
ACTTATACTTACCCGG-1,0.158725,0.005124,0.562511,0.002563,0.002551,0.268525
ACTTATTAGGATCGGT-1,0.000203,0.1592,0.03443,0.000202,0.000201,0.805765
ACTTATTTATGTGCCA-1,0.000563,0.483625,0.280217,0.234467,0.000562,0.000565
ACTTCAGGCTGATCCC-1,0.000213,0.80797,0.021307,0.08826,0.00021,0.08204
ACTTCCATGCGGGACA-1,0.004767,0.66253,0.004786,0.318381,0.004762,0.004774
ACTTCGCTAGCGAGTG-1,0.026252,0.309955,0.655682,0.002707,0.002696,0.002709
ACTTGACTCCCTCTTT-1,0.000458,0.211272,0.38049,0.000456,0.000454,0.406872
ACTTGCCATATTGTAC-1,0.00681,0.013664,0.006829,0.959071,0.006803,0.006824
ACTTGGGACCCGGTGG-1,0.000263,0.329309,0.281574,0.20452,0.000261,0.184073
ACTTGTAGTCCCTTCA-1,0.003094,0.334982,0.000123,0.566756,0.000122,0.094923
ACTTGTGGATGGAACG-1,0.013008,0.026091,0.921813,0.013055,0.012987,0.013045
ACTTTACCCTCATGAA-1,0.13601,0.22579,0.134173,0.252389,0.000302,0.251335
ACTTTCCTATAGCTTC-1,0.000578,0.299215,0.133149,0.000576,0.000574,0.565909
ACTTTGACTGCATCCT-1,0.002699,0.986489,0.002705,0.002707,0.002695,0.002705
ACTTTGTCGACGCACT-1,0.007943,0.015943,0.952242,0.007977,0.007937,0.007958
AGAAATTATGACTCGC-1,0.009531,0.287637,0.00957,0.674155,0.009524,0.009583
AGAACCCAGCGTGACA-1,0.006218,0.012478,0.962613,0.00624,0.006211,0.00624
AGAAGAGCGCCGTTCC-1,0.008939,0.250129,0.71408,0.008962,0.008929,0.008961
AGAAGGTACACTTCAC-1,0.018782,0.317373,0.123254,0.50116,0.00021,0.039221
AGAAGGTTGCCGAATT-1,0.009746,0.138594,0.001373,0.000104,0.000104,0.850079
AGAAGGTTGTAGGTCG-1,0.011566,0.546188,0.001354,0.43819,0.001348,0.001353
AGAAGTGATTCGTGAT-1,0.090496,0.002142,0.352835,0.552391,0.001066,0.001071
AGAATAAATCTTCAGG-1,0.003044,0.216357,0.003054,0.771452,0.00304,0.003053
AGAATTGTTTGACATA-1,0.001625,0.009027,0.553877,0.412234,0.000275,0.022963
AGACAGCTCAGAATCC-1,0.000222,0.000446,0.273259,0.725628,0.000222,0.000223
AGACAGGCATCTCAGC-1,0.004469,0.652218,0.004485,0.329886,0.004464,0.004478
AGACATAGATCCTTCC-1,0.011002,0.022079,0.011034,0.933878,0.010989,0.011018
AGACCAAACCACACCT-1,0.029294,0.157564,0.000048,0.812999,0.000047,0.000048
AGACCATGGGATACAA-1,0.001663,0.584652,0.001669,0.408686,0.001661,0.001669
AGACCCACCGCTGATC-1,0.000941,0.052771,0.270418,0.251781,0.00094,0.423149
AGACCCGCCCTCCTCG-1,0.000633,0.255712,0.581247,0.000635,0.000632,0.161141
AGACCGCTCCGCGGTT-1,0.0143,0.24406,0.698662,0.014351,0.014286,0.014341
AGACCGGGAAACCCTG-1,0.000375,0.208897,0.183887,0.531654,0.000373,0.074814
AGACGAAGTGCCGGTC-1,0.003446,0.624142,0.058857,0.312522,0.000516,0.000518
AGACGACGATGCCGCT-1,0.049005,0.000297,0.168614,0.406272,0.000148,0.375664
AGACGCCCACTTCGCC-1,0.008421,0.957827,0.008451,0.008441,0.008404,0.008456
AGACTAGCCTTCCAGA-1,0.000557,0.480003,0.000558,0.452786,0.000556,0.06554
AGACTGTTACCGGGTC-1,0.061412,0.000957,0.290199,0.401686,0.000476,0.24527
AGAGAACCGTCTAGGA-1,0.021698,0.000793,0.782689,0.000396,0.000395,0.194029
AGAGATCTCTAAAGCG-1,0.000398,0.072404,0.6226,0.303806,0.000395,0.000396
AGAGCAGTTATGAGAC-1,0.005502,0.011041,0.005521,0.966916,0.005495,0.005526
AGAGCCGCCGAGATTT-1,0.008939,0.400759,0.008971,0.563426,0.008929,0.008977
AGAGCGGGCTAATCAT-1,0.001959,0.00393,0.988224,0.001966,0.001957,0.001965
AGAGCGTACAAGCTCG-1,0.002751,0.62299,0.00276,0.365989,0.002747,0.002763
AGAGCTACGAAAGCAT-1,0.000114,0.003175,0.001601,0.994882,0.000114,0.000114
AGAGGCTTCGGAAACC-1,0.004767,0.726312,0.254594,0.004787,0.004762,0.004778
AGAGTAAACTTCACTA-1,0.002103,0.185577,0.528766,0.279344,0.002101,0.002109
AGAGTATAGTGTTACG-1,0.369476,0.001047,0.236924,0.391507,0.000521,0.000524
AGATAACTTCAGGGCC-1,0.004314,0.490534,0.193899,0.204039,0.000341,0.106873
AGATACCAATAGAACC-1,0.008411,0.436916,0.529378,0.008446,0.008404,0.008444
AGATACCGGTGTTCAC-1,0.208538,0.105967,0.602177,0.022871,0.000327,0.060121
AGATACGACTTCATAT-1,0.006505,0.470948,0.503002,0.006526,0.006494,0.006526
AGATACTCAAGATCGA-1,0.000093,0.999538,0.000092,0.000092,0.000092,0.000092
AGATATAATACGACTA-1,0.003179,0.807728,0.003191,0.179534,0.003175,0.003194
AGATCGTGCATAAGAT-1,0.002466,0.311709,0.002474,0.265131,0.002463,0.415757
AGATGACTCGCCCACG-1,0.00043,0.569194,0.229493,0.000431,0.000429,0.200024
AGATGATGGAGTCTGG-1,0.752166,0.071534,0.10464,0.071185,0.000237,0.000238
AGATGCATCCTGTGTC-1,0.015946,0.348948,0.042759,0.59226,0.000044,0.000044
AGATTATAGGACGTTT-1,0.002945,0.123228,0.221017,0.000178,0.000177,0.652455
AGATTCACAACCGATA-1,0.001464,0.409855,0.111995,0.476549,0.000068,0.000068
AGCAAAGGCCGCTAGT-1,0.000568,0.574053,0.096044,0.241693,0.000567,0.087076
AGCAACATATCTTATT-1,0.005825,0.747501,0.000189,0.228782,0.000188,0.017517
AGCAACCGAAAGTAAT-1,0.015207,0.234175,0.040215,0.642755,0.00022,0.067428
AGCACCAGTACTCACG-1,0.017019,0.0007,0.307555,0.00035,0.000348,0.674027
AGCACTACCGGCCTGT-1,0.002345,0.400109,0.002353,0.590497,0.002342,0.002354
AGCACTACCTCACCAG-1,0.006408,0.650077,0.06048,0.17129,0.000243,0.1115
AGCACTTAAGGACGCC-1,0.005612,0.872722,0.052753,0.000234,0.000233,0.068446
AGCAGAAGGAGAAAGA-1,0.003407,0.00683,0.00342,0.979522,0.003401,0.003421
AGCAGCCAGATGAATA-1,0.01182,0.151903,0.305376,0.16586,0.00042,0.364621
AGCATATCAATATGCT-1,0.009719,0.605551,0.000638,0.38282,0.000635,0.000637
AGCATCATTTCGAAAG-1,0.065466,0.290323,0.238733,0.24728,0.00011,0.158088
AGCATCGTCGATAATT-1,0.000459,0.654896,0.173779,0.020047,0.000455,0.150364
AGCATTACGAGGCAAG-1,0.003178,0.006376,0.096435,0.586034,0.003175,0.304803
AGCCAAGCTTTGTGTC-1,0.000822,0.001649,0.566748,0.132961,0.000821,0.296999
AGCCACAGGTTACCCG-1,0.000753,0.001511,0.310532,0.685697,0.000752,0.000756
AGCCATATAGTATGTG-1,0.004334,0.551582,0.004349,0.431056,0.004329,0.00435
AGCCCATACATGTAAG-1,0.197725,0.351912,0.084874,0.261764,0.000146,0.103579
AGCCCGCAACAAGCAG-1,0.000959,0.24392,0.509158,0.139885,0.000946,0.105132
AGCCCGGTAGCCTGTA-1,0.000402,0.000806,0.810822,0.141932,0.000401,0.045637
AGCCCTAAGCGAAGTT-1,0.001059,0.002126,0.26481,0.274463,0.001058,0.456484
AGCCCTGTCGCACCGT-1,0.002509,0.358063,0.631885,0.002518,0.002506,0.002518
AGCCCTTGGACATCCC-1,0.026865,0.219379,0.744606,0.003054,0.00304,0.003056
AGCCGCAAATTCAAAT-1,0.003179,0.006383,0.712873,0.271201,0.003175,0.00319
AGCCGTGGCTAAATGT-1,0.007151,0.014357,0.007176,0.956994,0.007143,0.007179
AGCCTAATACCCACGT-1,0.009463,0.44254,0.000175,0.547471,0.000175,0.000175
AGCCTTAAAGCGGAAG-1,0.000262,0.000526,0.102235,0.866359,0.000262,0.030358
AGCGACATCCCATTCA-1,0.000478,0.00096,0.40425,0.00048,0.000478,0.593354
AGCGACCAACGATATT-1,0.078051,0.324813,0.281906,0.12546,0.000552,0.189217
AGCGATGCGCCTAATA-1,0.011003,0.022071,0.206679,0.738219,0.010989,0.011039
AGCGCATAATGAATCG-1,0.00022,0.000438,0.397632,0.000219,0.000218,0.601273
AGCGCGGGTGCCAATG-1,0.162122,0.001044,0.509984,0.085744,0.000519,0.240587
AGCGCTAGAGCGATGT-1,0.007527,0.015108,0.95473,0.00755,0.007519,0.007565
AGCGGACACTTCGTAG-1,0.007946,0.960194,0.007984,0.007972,0.007937,0.007967
AGCGGCGGTTAGCGGT-1,0.019232,0.349938,0.000106,0.630512,0.000106,0.000106
AGCGGGAAGGGTCCAT-1,0.000905,0.794463,0.097575,0.105244,0.000904,0.000908
AGCGGGTCTGACACTC-1,0.006221,0.594282,0.077617,0.309427,0.006211,0.006241
AGCGTACGAGAGCTAG-1,0.008242,0.004056,0.211683,0.775667,0.000176,0.000176
AGCGTCTGAACCCGCA-1,0.002307,0.206522,0.67425,0.002316,0.002304,0.112301
AGCGTGGTATTCTACT-1,0.000832,0.348248,0.315393,0.156528,0.000831,0.178169
AGCTAAGTACGCAGGC-1,0.003044,0.524448,0.003056,0.463361,0.00304,0.003052
AGCTATTTAATCCAAC-1,0.000539,0.074454,0.518506,0.000537,0.000535,0.405429
AGCTCCATATATGTTC-1,0.007152,0.014347,0.957007,0.007175,0.007143,0.007176
AGCTCCTTCGCACATC-1,0.002388,0.758568,0.15309,0.084378,0.000221,0.001355
AGCTCTAGACGTTCCA-1,0.000269,0.077649,0.523521,0.007884,0.000267,0.390411
AGCTCTTCGTAACCTT-1,0.137294,0.248071,0.368409,0.244816,0.000704,0.000707
AGCTCTTTACTCAGTT-1,0.004447,0.178051,0.044294,0.000117,0.000117,0.772974
AGCTGTAACCTCAATC-1,0.00606,0.15093,0.000254,0.842251,0.000252,0.000254
AGCTTATAGAGACCTG-1,0.003972,0.007975,0.976116,0.003988,0.003968,0.00398
AGCTTCTTCTCGAGCA-1,0.059521,0.002095,0.317164,0.292396,0.001043,0.327782
AGCTTGATCTTAACTT-1,0.039686,0.45024,0.227125,0.149325,0.000491,0.133132
AGGAACGAACGACTTC-1,0.004932,0.009887,0.004953,0.970349,0.004926,0.004952
AGGAAGCTGTCCGCCG-1,0.001192,0.002391,0.001196,0.764082,0.00119,0.229948
AGGACAGTCGAATCCC-1,0.000309,0.472529,0.193838,0.233588,0.000308,0.099429
AGGACATCGCACGTCG-1,0.004931,0.245397,0.004951,0.73484,0.004926,0.004954
AGGACATCGGCACACT-1,0.001172,0.002353,0.108589,0.716362,0.001171,0.170352
AGGACGACCCATTAGA-1,0.028648,0.001075,0.000537,0.287142,0.000535,0.682063
AGGACTTATAGGAGAA-1,0.001703,0.003417,0.018457,0.780424,0.001701,0.194298
AGGAGAGTCTGGCTAC-1,0.066176,0.028899,0.427732,0.475637,0.000776,0.00078
AGGAGGCCTTCGCGCG-1,0.000691,0.340803,0.000693,0.547533,0.00069,0.10959
AGGATAAAGTCGGGAT-1,0.012335,0.3206,0.501162,0.032487,0.000438,0.132978
AGGATATAGGGATTTA-1,0.000836,0.453062,0.307834,0.236593,0.000835,0.000839
AGGATCACGCGATCTG-1,0.03134,0.229122,0.000146,0.735376,0.000145,0.003871
AGGATTGCTTACGACA-1,0.217512,0.005037,0.148396,0.624027,0.002506,0.002521
AGGCACGTGACTGTCC-1,0.004334,0.008697,0.00435,0.720084,0.004329,0.258206
AGGCAGGGAGCGTACT-1,0.000234,0.791022,0.052265,0.000234,0.000233,0.156013
AGGCATTGTCGTAGGG-1,0.026525,0.421683,0.134825,0.41424,0.001361,0.001367
AGGCCACATTGGTTAC-1,0.028632,0.607854,0.028727,0.02871,0.028572,0.277504
AGGCCACCCGTTATGA-1,0.000212,0.810176,0.098621,0.000211,0.00021,0.09057
AGGCCCAGTGACTGGT-1,0.000131,0.000262,0.183798,0.465069,0.00013,0.35061
AGGCCCATTGTACAGG-1,0.049069,0.385053,0.561783,0.001367,0.001361,0.001367
AGGCCCTAGAACGCCA-1,0.233276,0.122764,0.219692,0.376293,0.000458,0.047517
AGGCCTGAGAATCTCG-1,0.000309,0.475038,0.048391,0.475653,0.000304,0.000305
AGGCGATAACTGGCGT-1,0.002345,0.331284,0.066505,0.346698,0.002342,0.250826
AGGCTATGGTTAGCTT-1,0.00286,0.230998,0.446996,0.313416,0.002857,0.002873
AGGCTTGCTAGACACC-1,0.000365,0.000732,0.000366,0.699586,0.000364,0.298587
AGGGACCGGCTGCGTT-1,0.008936,0.017928,0.946255,0.008969,0.008929,0.008982
AGGGACTCTACGCGAC-1,0.00095,0.061115,0.000944,0.362337,0.00094,0.573713
AGGGAGACATACTTCG-1,0.064363,0.288613,0.01871,0.520075,0.000677,0.107561
AGGGCCCTAATGTTCT-1,0.006809,0.013673,0.006838,0.959044,0.006803,0.006832
AGGGCGAGCAGCTGAT-1,0.569704,0.18055,0.009553,0.239817,0.000187,0.000188
AGGGCGTGATCGGCTA-1,0.000841,0.629387,0.337991,0.030096,0.00084,0.000844
AGGGTCGATGCGAACT-1,0.004328,0.82649,0.104437,0.000142,0.000142,0.064461
AGGGTGCTCTCGAGGG-1,0.270587,0.124761,0.340874,0.262918,0.000429,0.000431
AGGGTGGATAGTGCAT-1,0.000375,0.070844,0.355661,0.572372,0.000373,0.000375
AGGGTTCCCTTTGGTT-1,0.000511,0.001021,0.725485,0.103336,0.000508,0.169139
AGGGTTTAGTTCGGGA-1,0.000853,0.06499,0.000849,0.458496,0.000845,0.473967
AGGTAACCTCCTATTC-1,0.003575,0.007178,0.978503,0.003588,0.003571,0.003584
AGGTACGATATTGCCA-1,0.027206,0.00211,0.509416,0.165696,0.00105,0.294522
AGGTAGGTACAAAGCT-1,0.004753,0.733948,0.194568,0.000361,0.000359,0.066012
AGGTATAATTGATAGT-1,0.070713,0.134764,0.50885,0.282751,0.001458,0.001465
AGGTATGCGGACATTA-1,0.005297,0.702576,0.27621,0.005319,0.005291,0.005307
AGGTCAGGTGAGAGTG-1,0.070873,0.173437,0.073188,0.595225,0.000225,0.087051
AGGTCGCCTCCCAACA-1,0.006223,0.106262,0.376825,0.498245,0.006211,0.006233
AGGTGCACGTCCACAT-1,0.018594,0.002142,0.095674,0.742328,0.001066,0.140196
AGGTGGTGACCTTCGC-1,0.000675,0.036472,0.166765,0.794737,0.000674,0.000677
AGGTGTATCGCCATGA-1,0.013049,0.393865,0.106321,0.485742,0.00051,0.000512
AGGTGTTGCCGACCAC-1,0.003044,0.006105,0.003054,0.981703,0.00304,0.003054
AGGTTACACCATGCCG-1,0.014422,0.274534,0.705736,0.001771,0.001764,0.001773
AGGTTGAGGCACGCTT-1,0.000516,0.001036,0.000518,0.281237,0.000516,0.716177
AGGTTTCACACACCTT-1,0.000269,0.180907,0.00027,0.00027,0.000269,0.818016
AGTAATGTCTTGCCGC-1,0.000698,0.0014,0.832802,0.163703,0.000697,0.0007
AGTACAGAAGCTTATA-1,0.004766,0.009568,0.004783,0.868927,0.004762,0.107194
AGTACATCATTTATCA-1,0.136825,0.408546,0.167453,0.12447,0.000421,0.162284
AGTACGGCCCGTATCG-1,0.005108,0.691901,0.005127,0.005128,0.005102,0.287634
AGTACTCTTATGCCCA-1,0.002384,0.441402,0.002392,0.285206,0.002381,0.266235
AGTAGAAGGCGCCTCA-1,0.002425,0.235509,0.222393,0.534821,0.002421,0.002431
AGTAGGTAACATACAT-1,0.001459,0.433092,0.561062,0.001464,0.001458,0.001465
AGTATAATACTAGGCA-1,0.001663,0.541118,0.45222,0.001668,0.001661,0.00167
AGTATACACAGCGACA-1,0.000263,0.106625,0.471865,0.226858,0.000261,0.194129
AGTATTTGGCACGACC-1,0.002345,0.004707,0.002353,0.551705,0.002342,0.436549
AGTCAACACCACCATC-1,0.016406,0.166644,0.210149,0.000158,0.00015,0.606492
AGTCAAGATGACACTT-1,0.000217,0.678976,0.238467,0.000217,0.000216,0.081906
AGTCACTAGCTCTCGA-1,0.001354,0.467075,0.464676,0.064219,0.001335,0.001341
AGTCAGCCACCGCCTG-1,0.002554,0.005128,0.002565,0.984639,0.002551,0.002563
AGTCCATTGGCTGATG-1,0.526548,0.260812,0.000353,0.211584,0.000351,0.000353
AGTCGGCCCAAACGAC-1,0.000267,0.774372,0.216124,0.005737,0.000266,0.003233
AGTCGGCTCAACTTTA-1,0.008534,0.003155,0.156671,0.574954,0.00157,0.255116
AGTCGGTTGCGTGAGA-1,0.003326,0.245917,0.003338,0.740759,0.003322,0.003338
AGTCGTATAAAGCAGA-1,0.011922,0.023907,0.465397,0.474924,0.011905,0.011945
AGTCGTCGACCACCAA-1,0.001014,0.153287,0.260052,0.583615,0.001013,0.001018
AGTCGTGGGCATTACG-1,0.043056,0.009251,0.00463,0.933824,0.004608,0.00463
AGTCTAAAGTATACTC-1,0.034582,0.156375,0.695292,0.000351,0.000349,0.11305
AGTCTCACAAGACTAC-1,0.022061,0.109571,0.000148,0.751077,0.000147,0.116996
AGTCTGGACATCCTTG-1,0.000385,0.000773,0.381728,0.605214,0.000385,0.011514
AGTCTTCTCCTCAAAT-1,0.010669,0.072582,0.559181,0.000776,0.000772,0.35602
AGTCTTTAAAGTGTCC-1,0.008939,0.017917,0.008965,0.946294,0.008929,0.008955
AGTGAACAAACTTCTC-1,0.012275,0.67558,0.133256,0.090282,0.000756,0.08785
AGTGAGACTTCCAGTA-1,0.208438,0.232411,0.369943,0.057275,0.000255,0.131678
AGTGAGTCGAATTAAC-1,0.007945,0.173402,0.007979,0.794771,0.007937,0.007966
AGTGATAACCTGCGCG-1,0.000914,0.570191,0.000897,0.426207,0.000893,0.000898
AGTGATTCAAGCAGGA-1,0.039252,0.148769,0.495847,0.090784,0.00033,0.225019
AGTGCACGCTTAAGAA-1,0.085544,0.019141,0.866668,0.009573,0.009524,0.00955
AGTGCTAAACACAGCA-1,0.000374,0.206997,0.038838,0.753041,0.000374,0.000376
AGTGCTTGCACGAATA-1,0.00096,0.965831,0.000963,0.030323,0.000959,0.000964
AGTGGCGGCAATTTGA-1,0.077469,0.001162,0.689095,0.000581,0.000578,0.231114
AGTGGCGTCTGAAGGT-1,0.001233,0.446058,0.001236,0.549007,0.001232,0.001235
AGTGGCTCCGTCGGCC-1,0.001723,0.841611,0.142277,0.010938,0.001721,0.00173
AGTGGTGTTACCCGTG-1,0.043661,0.164121,0.000119,0.791862,0.000118,0.000119
