Barcode,Topic 1,Topic 2,Topic 3,Topic 4,Topic 5to7
AAACAAGTATCTCCCA-1,0.00007,0.216331,0.115734,0.170149,0.497716
AAACAATCTACTAGCA-1,0.664871,0.000279,0.000279,0.002,0.332571
AAACACCAATAACTGC-1,0.443673,0.040449,0.000155,0.000155,0.515568
AAACAGAGCGACTCCT-1,0.200434,0.003498,0.003499,0.161013,0.631555
AAACAGCTTTCAGAAG-1,0.477203,0.141124,0.003774,0.366577,0.011322
AAACAGGGTCTATATT-1,0.984629,0.002562,0.002561,0.002565,0.007683
AAACAGTGTTCCTGGG-1,0.251979,0.089234,0.069296,0.000225,0.589266
AAACATTTCCCGGATT-1,0.00411,0.241523,0.023837,0.027711,0.702819
AAACCACTACACAGAT-1,0.55619,0.000346,0.000346,0.000346,0.442772
AAACCGGGTAGGTACC-1,0.234005,0.001011,0.001011,0.182039,0.581934
AAACCGTTCGTCCAGG-1,0.001158,0.607683,0.001157,0.001157,0.388844
AAACCTAAGCAGCCGG-1,0.000088,0.025504,0.05352,0.03483,0.886058
AAACCTCATGAAGTTG-1,0.590608,0.158145,0.000524,0.113763,0.13696
AAACGAAGAACATACC-1,0.902889,0.054633,0.000149,0.041882,0.000447
AAACGAAGATGGAGTA-1,0.322163,0.159938,0.003679,0.003677,0.510543
AAACGACAGTCTTGCC-1,0.384786,0.000211,0.000211,0.064565,0.550226
AAACGAGACGGTTGAT-1,0.557852,0.002109,0.002112,0.431598,0.006329
AAACGCCCGAGATCGG-1,0.303768,0.000341,0.000341,0.121347,0.574203
AAACGGGCGTACGGGT-1,0.070352,0.040074,0.021692,0.167022,0.700861
AAACGGGTTGGTATCC-1,0.572203,0.059985,0.097601,0.000475,0.269735
AAACTAACGTGGCGAC-1,0.325923,0.000127,0.000127,0.000127,0.673695
AAACTCGGTTCGCAAT-1,0.002049,0.280659,0.002049,0.089209,0.626034
AAACTGCTGGCTCCAA-1,0.445819,0.090534,0.002563,0.002564,0.45852
AAACTTAATTGCACGC-1,0.905443,0.000178,0.000178,0.093667,0.000534
AAACTTGCAAACGTAT-1,0.980431,0.003261,0.003258,0.003265,0.009785
AAAGAATGACCTTAGA-1,0.089299,0.007225,0.000644,0.488551,0.414282
AAAGACATGAAGTTTA-1,0.257585,0.263228,0.084103,0.093077,0.302007
AAAGACCCAAGTCGCG-1,0.511615,0.000152,0.000152,0.000152,0.487929
AAAGACTGGGCGCTTT-1,0.873313,0.000197,0.008105,0.117795,0.000591
AAAGGCCCTATAATAC-1,0.009098,0.129787,0.02125,0.012563,0.827302
AAAGGGCAGCTTGAAT-1,0.688997,0.000065,0.000065,0.000065,0.310807
AAAGGTAAGCTGTACC-1,0.247795,0.000137,0.000137,0.065516,0.686415
AAAGGTCAACGACATG-1,0.542851,0.068867,0.000178,0.053573,0.334529
AAAGTAGCATTGCTCA-1,0.228083,0.022314,0.000439,0.000439,0.748726
AAAGTCACTGATGTAA-1,0.882405,0.000165,0.000165,0.000165,0.117099
AAAGTCGACCCTCAGT-1,0.723135,0.009014,0.008948,0.232007,0.026896
AAAGTGTGATTTATCT-1,0.000088,0.089825,0.129338,0.110346,0.670403
AAAGTTGACTCCCGTA-1,0.140442,0.000146,0.054742,0.081405,0.723265
AAATAACCATACGGGA-1,0.642714,0.007972,0.007959,0.007972,0.333383
AAATACCTATAAGCAT-1,0.563763,0.006232,0.006236,0.405055,0.018715
AAATAGCTTAGACTTT-1,0.094945,0.007369,0.011793,0.068537,0.817355
AAATAGGGTGCTATTG-1,0.338769,0.003589,0.003579,0.643305,0.010757
AAATCCGATACACGCC-1,0.011813,0.258186,0.040105,0.175383,0.514514
AAATCGCGGAAGGAGT-1,0.965513,0.005756,0.005742,0.005754,0.017234
AAATCGTGTACCACAA-1,0.000029,0.967575,0.000029,0.023872,0.008494
AAATCTAGCCCTGCTA-1,0.001081,0.033254,0.049364,0.041679,0.874622
AAATCTGCCCGCGTCC-1,0.37187,0.001071,0.001071,0.00107,0.624918
AAATGCTCGTTACGTT-1,0.998282,0.000286,0.000286,0.000286,0.000859
AAATGGCATGTCTTGT-1,0.79022,0.000317,0.000317,0.208194,0.000952
AAATGGCCCGTGCCCT-1,0.973879,0.00436,0.004348,0.004357,0.013055
AAATGTGGGTGCTCCT-1,0.728962,0.002605,0.002613,0.002609,0.26321
AAATTAATAAGCGCGA-1,0.008982,0.00896,0.008966,0.946185,0.026906
AAATTACACGACTCTG-1,0.550026,0.002319,0.002312,0.438395,0.006948
AAATTACCTATCGATG-1,0.270222,0.627265,0.020521,0.020489,0.061503
AAATTGATAGTCCTTT-1,0.270317,0.000474,0.000474,0.000473,0.728263
AAATTGCGGCGGTTCT-1,0.537332,0.188828,0.0539,0.122297,0.097643
AAATTTACCGAAATCC-1,0.006529,0.006523,0.006516,0.702097,0.278335
AAATTTGCGGGTGTGG-1,0.030608,0.208642,0.000232,0.000232,0.760286
AACAATACATTGTCGA-1,0.368256,0.000419,0.00042,0.122698,0.508207
AACAATTACTCTACGC-1,0.545832,0.190828,0.000256,0.055304,0.207779
AACACACGCTCGCCGC-1,0.01338,0.056811,0.083998,0.167369,0.678442
AACACGACTGTACTGA-1,0.998627,0.000229,0.000229,0.000229,0.000687
AACACGAGACGCGGCC-1,0.575758,0.000652,0.000652,0.000652,0.422286
AACACGCGGCCGCGAA-1,0.498187,0.000109,0.026952,0.003936,0.470817
AACAGCTGTGTGGCAA-1,0.242771,0.000193,0.086937,0.000193,0.669906
AACAGGAAATCGAATA-1,0.701728,0.000825,0.000825,0.134988,0.161635
AACAGGATGGGCCGCG-1,0.398437,0.000565,0.000565,0.088503,0.51193
AACATATCAACTGGTG-1,0.000326,0.777619,0.000326,0.01716,0.204568
AACATTGAAGTTGATC-1,0.119602,0.040231,0.012854,0.000032,0.827281
AACATTGGTCAGCCGT-1,0.49083,0.503933,0.001047,0.001047,0.003144
AACCAAGACTTCTCTG-1,0.562066,0.414785,0.004633,0.004626,0.01389
AACCAGTATCACTCTT-1,0.179194,0.7527,0.000398,0.006675,0.061034
AACCATAGGGTTGAAC-1,0.841101,0.000213,0.000213,0.157832,0.00064
AACCATGGGATCGCTA-1,0.808973,0.000208,0.000208,0.000208,0.190403
AACCCAGAGACGGAGA-1,0.492268,0.000101,0.000101,0.000101,0.507429
AACCCATCCCATGATC-1,0.294078,0.278039,0.000084,0.304576,0.123223
AACCCGACAACCCGTG-1,0.197812,0.060077,0.060149,0.034457,0.647505
AACCCGATAGGGCTTC-1,0.15198,0.001726,0.035262,0.125751,0.685281
AACCCTACTGTCAATA-1,0.178628,0.048104,0.000147,0.056872,0.716249
AACCCTGGTGGAACCA-1,0.757763,0.000141,0.000141,0.241532,0.000423
AACCGAGCTTGGTCAT-1,0.119849,0.000134,0.000134,0.87948,0.000403
AACCGCTAAGGGATGC-1,0.104182,0.056881,0.000166,0.217075,0.621696
AACCGTTGTGTTTGCT-1,0.816844,0.000414,0.000414,0.181084,0.001243
AACCTAAAGCCGTCCG-1,0.603401,0.002082,0.00208,0.386198,0.00624
AACCTCGCTTTAGCCC-1,0.016022,0.153236,0.000147,0.112158,0.718437
AACCTTTAAATACGGT-1,0.48281,0.227223,0.124162,0.115119,0.050686
AACCTTTACGACGTCT-1,0.617926,0.005519,0.153076,0.206904,0.016575
AACGAAAGTCGTCCCA-1,0.337692,0.509344,0.002517,0.012663,0.137784
AACGATAATGCCGTAG-1,0.952173,0.007965,0.007968,0.007975,0.023919
AACGATAGAAGGGCCG-1,0.394518,0.023947,0.000409,0.098949,0.482177
AACGATATGTCAACTG-1,0.523517,0.000306,0.000306,0.359392,0.11648
AACGCATGATCTGGGT-1,0.227756,0.343529,0.0001,0.106028,0.322587
AACGCGAACGGCAACA-1,0.279551,0.020516,0.000076,0.29129,0.408568
AACGCTGTTGCTGAAA-1,0.170374,0.001877,0.012549,0.085792,0.729409
AACGGACGTACGTATA-1,0.077524,0.127436,0.094738,0.127194,0.573108
AACGGCCATCTCCGGT-1,0.501317,0.000788,0.000788,0.000788,0.496318
AACGTACTGTGGGTAC-1,0.182011,0.001281,0.044538,0.00128,0.770889
AACGTAGTCTACCCAT-1,0.43383,0.158071,0.000802,0.000802,0.406495
AACGTCAGACTAGTGG-1,0.420182,0.131345,0.037423,0.001306,0.409745
AACGTGATGAAGGACA-1,0.412811,0.34146,0.001247,0.099,0.145481
AACGTGCGAAAGTCTC-1,0.264299,0.084438,0.002562,0.641016,0.007686
AACGTTATCAGCACCT-1,0.753267,0.000394,0.000394,0.244763,0.001182
AACTAGCGTATCGCAC-1,0.734792,0.000548,0.000547,0.000548,0.263566
AACTCCAGAGCGTGTT-1,0.000044,0.013445,0.045828,0.051422,0.889261
AACTCCTAATCCCATG-1,0.389186,0.003676,0.003679,0.419394,0.184065
AACTCGATAAACACGT-1,0.951115,0.000209,0.000209,0.000209,0.048259
AACTCGATGGCGCAGT-1,0.396535,0.000565,0.000565,0.526687,0.075648
AACTCTCAATAGAGCG-1,0.493478,0.17614,0.003496,0.109067,0.217819
AACTCTCAGTGTGCTC-1,0.102812,0.461298,0.000431,0.000431,0.435029
AACTGAGGTCAGCGTC-1,0.331069,0.00011,0.010972,0.050593,0.607256
AACTGATATTAGGCCT-1,0.592146,0.186505,0.000962,0.217497,0.002889
AACTGGGTTCGAGCCG-1,0.550728,0.002989,0.002995,0.28945,0.153838
AACTGGTGTGGGCCTT-1,0.656562,0.000167,0.04652,0.028766,0.267984
AACTTCTGCGTCTATC-1,0.533464,0.000433,0.000177,0.39617,0.069756
AACTTGCCCGTATGCA-1,0.493185,0.105631,0.037887,0.000086,0.363211
AACTTGCGTTCTCGCG-1,0.607485,0.12048,0.000241,0.247462,0.024331
AACTTTACGGGAGCTT-1,0.004147,0.002209,0.002208,0.286555,0.704881
AACTTTAGCTGCTGAG-1,0.659981,0.001248,0.001247,0.001248,0.336277
AAGAAAGTTTGATGGG-1,0.394792,0.071435,0.000124,0.000124,0.533525
AAGAAGGATCAGTTAG-1,0.306207,0.193469,0.000106,0.052369,0.447849
AAGACCAAATAACTCA-1,0.654769,0.206573,0.000529,0.000529,0.137599
AAGACTAACCCGTTGT-1,0.35083,0.171463,0.000241,0.068036,0.40943
AAGACTCACGCCCACT-1,0.24881,0.001913,0.001914,0.12764,0.619723
AAGACTGCAAGCTACT-1,0.000023,0.999161,0.000023,0.000725,0.000068
AAGAGATGAATCGGTA-1,0.217679,0.643836,0.016456,0.010427,0.111603
AAGAGCTCTTTATCGG-1,0.570165,0.000437,0.000437,0.285702,0.143258
AAGAGGATGTACGCGA-1,0.380016,0.000498,0.000499,0.000498,0.618489
AAGAGGCATGGATCGC-1,0.365246,0.198147,0.003878,0.003888,0.428841
AAGAGGCCCTTTGGAA-1,0.004401,0.02029,0.121491,0.106303,0.747515
AAGATGGCACCGGACC-1,0.388012,0.000339,0.020434,0.000339,0.590875
AAGATTGGCGGAACGT-1,0.242675,0.004348,0.004349,0.351971,0.396656
AAGCACCCTGCGTATC-1,0.427278,0.298295,0.003502,0.260425,0.010499
AAGCATACTCTCCTGA-1,0.294355,0.001578,0.001576,0.194106,0.508386
AAGCCACTTGCAGGTA-1,0.093541,0.000306,0.034549,0.128414,0.74319
AAGCCGAAGCGGTTTA-1,0.227178,0.051574,0.04871,0.135489,0.537049
AAGCCGCCGTGAAATC-1,0.22534,0.001346,0.071421,0.000047,0.701847
AAGCGCAGGGCTTTGA-1,0.042915,0.202254,0.000159,0.108385,0.646287
AAGCGGCGTCATGGGT-1,0.398729,0.245187,0.003335,0.184394,0.168355
AAGCGTCCCTCATCGA-1,0.415616,0.078559,0.084601,0.000331,0.420893
AAGCTAGATCGAGTAA-1,0.335408,0.003054,0.003053,0.003056,0.65543
AAGCTCGTGCCAAGTC-1,0.681315,0.118233,0.00107,0.196168,0.003213
AAGCTCTTTCATGGTG-1,0.00399,0.003987,0.003982,0.464673,0.523369
AAGGAGAACTTATAAG-1,0.699338,0.000187,0.000187,0.000187,0.300101
AAGGATCGATCGCTTG-1,0.117397,0.158285,0.006359,0.122822,0.595138
AAGGATGAGGGACCTC-1,0.002992,0.00299,0.002988,0.664887,0.326144
AAGGCGCGTAAAGCTT-1,0.444026,0.02305,0.000091,0.000091,0.532742
AAGGGAACGACTGGCT-1,0.173276,0.010035,0.003022,0.00004,0.813627
AAGGGACAGATTCTGT-1,0.00208,0.002081,0.002079,0.341598,0.652161
AAGGGACTATGCATTC-1,0.430949,0.006843,0.04895,0.000089,0.513169
AAGGGTTTGATTTCAG-1,0.251381,0.001613,0.001614,0.740553,0.004839
AAGGTATCCTAATATA-1,0.306369,0.000427,0.1438,0.548123,0.001281
AAGGTGATAAACCAGC-1,0.013524,0.000293,0.000293,0.131263,0.854626
AAGTAAGCTTCCAAAC-1,0.507861,0.000247,0.000247,0.000247,0.491399
AAGTAGAAGACCGGGT-1,0.727978,0.000236,0.000236,0.270841,0.000709
AAGTAGTGACGCGAGG-1,0.344503,0.238254,0.005973,0.005973,0.405297
AAGTCAATTGTCGTCA-1,0.02909,0.056292,0.069132,0.088834,0.756651
AAGTCTTCTGTGGCCT-1,0.705202,0.286052,0.001749,0.00175,0.005247
AAGTGACGACCGAATT-1,0.575359,0.000444,0.065086,0.060653,0.298458
AAGTGCAAAGGTAGAC-1,0.774641,0.000323,0.000323,0.223744,0.000969
AAGTGCCTTGACTGTA-1,0.160647,0.063133,0.000072,0.09381,0.682339
AAGTGCGTTAGAATCT-1,0.563039,0.001025,0.001024,0.001025,0.433887
AAGTGCTTCTCTATTG-1,0.211374,0.016564,0.597908,0.000058,0.174096
AAGTGTTTGGAGACGG-1,0.324283,0.002433,0.002433,0.096681,0.574171
AAGTTCACTCCAAGCT-1,0.212228,0.002199,0.000165,0.102372,0.683037
AAGTTCAGTCTGCGTA-1,0.275822,0.169495,0.010223,0.126126,0.418334
AAGTTCGGCCAACAGG-1,0.418315,0.025816,0.000207,0.000207,0.555454
AAGTTGTGATGTTATA-1,0.209092,0.106685,0.357592,0.085931,0.2407
AAGTTTACTAATGGCA-1,0.735,0.000281,0.000281,0.061289,0.203148
AAGTTTATGGGCCCAA-1,0.004235,0.056697,0.000205,0.073028,0.865835
AATAACAACGCTCGGC-1,0.262532,0.002815,0.113815,0.002816,0.618022
AATAACACTAGAACAA-1,0.691879,0.001579,0.001578,0.001577,0.303387
AATAAGTCCTCGAGAC-1,0.871267,0.000189,0.000189,0.127789,0.000567
AATACAATGTTTCAGG-1,0.651997,0.274474,0.000147,0.000147,0.073235
AATACCGGAGGGCTGT-1,0.299006,0.045254,0.055192,0.001992,0.598557
AATAGAATCTGTTTCA-1,0.266676,0.377357,0.0003,0.064903,0.290764
AATAGCAAGCCTCCTG-1,0.512934,0.000262,0.000262,0.000262,0.48628
AATAGTCGCGAGTCGG-1,0.773131,0.000908,0.000909,0.22233,0.002723
AATATCAAGGTCGGAT-1,0.780035,0.000241,0.000241,0.000241,0.219241
AATATCCTAGCAAACT-1,0.389193,0.188799,0.040862,0.202471,0.178674
AATATCGAATCAATGC-1,0.267424,0.004876,0.024808,0.092247,0.610645
AATATCGAGGGTTCTC-1,0.294405,0.195653,0.00035,0.290334,0.219257
AATATTGGAGTATTGA-1,0.003261,0.003259,0.003261,0.003259,0.98696
AATCAGACTGCAGGAC-1,0.453094,0.00056,0.000561,0.17889,0.366895
AATCAGGTTTCATTTA-1,0.128729,0.039382,0.195322,0.005408,0.631159
AATCATGTAAAGACTC-1,0.000892,0.200034,0.027794,0.037172,0.734108
AATCCAAGGGCCTGAG-1,0.710916,0.000091,0.000091,0.000091,0.288811
AATCCATGCAAGGGTG-1,0.313799,0.008422,0.00015,0.195301,0.482327
AATCGCCTCAGCGCCA-1,0.337682,0.007548,0.007556,0.624533,0.022682
AATCGGGACACTACGA-1,0.62882,0.00009,0.00009,0.368727,0.002272
AATCGTGAGCCGAGCA-1,0.063651,0.122542,0.100857,0.031331,0.681619
AATCTAGGTTTACTTG-1,0.004956,0.517554,0.004949,0.00495,0.46759
AATCTCTACTGTGGTT-1,0.348101,0.346363,0.285036,0.005125,0.015376
AATCTGCGTTGGGACG-1,0.000168,0.666468,0.000168,0.045665,0.287531
AATCTGGCTTTCTAGT-1,0.788713,0.008462,0.008451,0.169033,0.025341
AATCTGGGTAGACCCT-1,0.398716,0.276869,0.001464,0.142663,0.180289
AATGACAGCAATGTCT-1,0.266014,0.000477,0.154257,0.000476,0.578776
AATGACGTAGGATGTC-1,0.615194,0.274331,0.00512,0.005125,0.10023
AATGAGTTCGCATATG-1,0.998157,0.000307,0.000307,0.000307,0.000921
AATGATGATACGCTAT-1,0.218473,0.562816,0.000267,0.178699,0.039746
AATGATGCGACTCCTG-1,0.065467,0.240973,0.000342,0.215777,0.477441
AATGCACCAAGCAATG-1,0.000591,0.048282,0.000591,0.357061,0.593476
AATGGCCGCCAATGCG-1,0.308428,0.000144,0.000144,0.062686,0.628599
AATGGTCCACCGTTCA-1,0.757975,0.000219,0.000219,0.227548,0.014039
AATGGTTCTCACAAGC-1,0.474796,0.00009,0.054581,0.00009,0.470442
AATGTATGGCACTGTA-1,0.53659,0.000563,0.000562,0.460598,0.001687
AATGTGCCCGAGGTGT-1,0.371084,0.000478,0.000478,0.000478,0.627481
AATGTGCTAATCTGAG-1,0.000998,0.2096,0.000018,0.000018,0.789366
AATGTTGTCGTGAGAC-1,0.171039,0.098731,0.148262,0.09988,0.482088
AATTAACGGATTTCCA-1,0.899544,0.000309,0.000309,0.000309,0.099528
AATTACGAGACCCATC-1,0.527057,0.007174,0.007173,0.007165,0.451431
AATTACTCGTACGCTC-1,0.603844,0.128048,0.004789,0.004791,0.258528
AATTAGCGCTGCAGCG-1,0.999188,0.000135,0.000135,0.000135,0.000406
AATTCATAAGGGATCT-1,0.020468,0.739717,0.000146,0.082612,0.157057
AATTCATTGTCATGCA-1,0.753145,0.001303,0.001306,0.001305,0.242942
AATTCCAACTTGGTGA-1,0.769839,0.00156,0.001559,0.001559,0.225483
AATTCGATTCGAGGAT-1,0.20118,0.000491,0.025732,0.000492,0.772105
AATTCTAGAGTTAGGC-1,0.9198,0.000202,0.000202,0.010039,0.069758
AATTGAACGCTCTGGT-1,0.164805,0.237945,0.004946,0.577457,0.014847
AATTGCAGCAATCGAC-1,0.171658,0.000034,0.715775,0.000034,0.1125
AATTGCGTGGATTACA-1,0.851588,0.000155,0.000155,0.055293,0.092809
AATTTGGGACATAGTA-1,0.020524,0.020501,0.020463,0.266153,0.672358
AATTTGGTTCCAAAGA-1,0.998868,0.000189,0.000189,0.000189,0.000566
ACAAACCATGCGTCCT-1,0.3622,0.013321,0.03702,0.137737,0.449722
ACAAACCGACAAGGCG-1,0.589665,0.002021,0.002019,0.188676,0.217619
ACAAAGAAGGTAGGCC-1,0.990326,0.001612,0.001616,0.001613,0.004832
ACAAAGCATGACCTAG-1,0.071244,0.25865,0.037295,0.028252,0.60456
ACAAATCGCACCGAAT-1,0.43422,0.001666,0.001666,0.557446,0.005002
ACAAATGGTAGTGTTT-1,0.013066,0.012999,0.013007,0.921878,0.039051
ACAAATTCAGATCTGA-1,0.327019,0.000409,0.000409,0.000409,0.671755
ACAACAGCATGAGCTA-1,0.00005,0.710159,0.019511,0.23898,0.0313
ACAACGGTCCCTGCGA-1,0.498112,0.050489,0.066773,0.013608,0.371018
ACAAGCAGTGCCTAGC-1,0.319501,0.023337,0.000109,0.121778,0.535276
ACAAGGAAATCCGCCC-1,0.456828,0.505415,0.007548,0.007549,0.022659
ACAAGGACAAGAGGTT-1,0.165754,0.000771,0.000771,0.09718,0.735524
ACAAGGATGCTTTAGG-1,0.031616,0.049121,0.052415,0.129722,0.737126
ACAAGGCCTACCAGCC-1,0.510179,0.000541,0.000541,0.06826,0.420478
ACAAGGGCAGGCTCTG-1,0.378693,0.004949,0.004948,0.004951,0.606459
ACAAGTAATTGTAAGG-1,0.213947,0.22575,0.000493,0.245517,0.314293
ACAATAGTCGTACGTT-1,0.771313,0.00025,0.00025,0.103396,0.124791
ACAATCCATTTAAACC-1,0.176096,0.09235,0.000552,0.05577,0.675232
ACAATCGATCTTTATA-1,0.502122,0.067689,0.00153,0.027531,0.401129
ACAATGAATACGGAGA-1,0.423703,0.000395,0.056051,0.000395,0.519456
ACAATGATTCTTCTAC-1,0.202925,0.017593,0.000135,0.068953,0.710395
ACAATTGTGTCTCTTT-1,0.119141,0.000095,0.003039,0.121674,0.756051
ACAATTTAGGAGGCTC-1,0.810811,0.005516,0.005518,0.005518,0.172638
ACAATTTGAGCAGTGG-1,0.172844,0.023366,0.000236,0.622247,0.181307
ACACACCAGGACCAGT-1,0.000278,0.225424,0.000278,0.077854,0.696166
ACACACTTTCTACACG-1,0.979234,0.000314,0.000314,0.019197,0.000941
ACACATGATCAAATCT-1,0.87779,0.001464,0.001464,0.001464,0.117819
ACACATTGACGCAACA-1,0.465786,0.003776,0.203334,0.003778,0.323327
ACACATTTCCGTAGAC-1,0.003587,0.003586,0.003589,0.498143,0.491095
ACACCCGAGAAATCCG-1,0.278949,0.000053,0.000054,0.000053,0.720891
ACACCGAGCGCTCTTT-1,0.658854,0.000976,0.000975,0.336267,0.002927
ACACCGGTCTGACCGC-1,0.208392,0.000118,0.336909,0.236032,0.21855
ACACGAGACTCCTTCT-1,0.717409,0.000255,0.000255,0.277802,0.004279
ACACGGCACTATGCAT-1,0.420661,0.000156,0.000156,0.578558,0.000468
ACACGGGAACTTAGGG-1,0.455358,0.052349,0.000263,0.491242,0.000788
ACACGTAGGCCACAAG-1,0.110051,0.008999,0.072451,0.078047,0.730451
ACACTCCAATGTCACT-1,0.713032,0.069665,0.020839,0.057432,0.139032
ACAGAACTGAGAACAA-1,0.463485,0.110814,0.000176,0.000176,0.425349
ACAGATTAGGTTAGTG-1,0.868072,0.000533,0.105862,0.000533,0.024999
ACAGCATAGAGCCAGT-1,0.499478,0.000211,0.000211,0.000211,0.499889
ACAGCGACATTCTCAT-1,0.000052,0.235403,0.002991,0.07889,0.682664
ACAGCGCACCCGCAGC-1,0.51919,0.003263,0.003261,0.105912,0.368374
ACAGGCACGGATCCTT-1,0.00184,0.001839,0.00184,0.253476,0.741005
ACAGGCTTGCCCGACT-1,0.196605,0.000432,0.024884,0.106733,0.671345
ACAGGTGGAGGTGAGG-1,0.027756,0.33091,0.057663,0.000455,0.583215
ACAGTAATACAACTTG-1,0.977374,0.003765,0.003768,0.003777,0.011315
ACAGTGCAGCGCATTT-1,0.268354,0.00018,0.000181,0.129663,0.601622
ACATAAGTCGTGGTGA-1,0.35046,0.000776,0.135858,0.510579,0.002327
ACATCAGCTGGGACGC-1,0.144662,0.839767,0.000029,0.000029,0.015513
ACATCCTGGTAACTGT-1,0.00949,0.265293,0.013092,0.089096,0.62303
ACATCGGTCAGCCGCG-1,0.386286,0.091026,0.000189,0.000189,0.522309
ACATCGTATGCAATGG-1,0.01027,0.010244,0.010244,0.010249,0.958993
ACATCGTTAACCTAGT-1,0.445045,0.000288,0.000288,0.553512,0.000866
ACATCTCAACGCGTAA-1,0.249535,0.246622,0.00069,0.356812,0.146341
ACATGCTTACGGCAGC-1,0.331459,0.482575,0.001863,0.001864,0.182238
ACATGGCGCCAAAGTA-1,0.162353,0.048467,0.026896,0.045426,0.716859
ACATGGCTCAATTTAG-1,0.733168,0.000209,0.000208,0.248193,0.018222
ACATTAGTTTATATCC-1,0.395602,0.268818,0.000784,0.000784,0.334013
ACATTCGCGCGGAATA-1,0.200547,0.143025,0.00006,0.146485,0.509882
ACCAAACTAGAAATCC-1,0.999392,0.000101,0.000101,0.000101,0.000304
ACCAACCGCACTCCAC-1,0.151944,0.058186,0.150824,0.0667,0.572346
ACCAAGAACGCGTGTC-1,0.953509,0.000118,0.000118,0.0459,0.000354
ACCAATATGCAAGTTA-1,0.002279,0.002281,0.002277,0.986325,0.006838
ACCACAACTCAGAACA-1,0.194409,0.002818,0.002816,0.791513,0.008444
ACCACCAATGTAACAA-1,0.000048,0.166677,0.028937,0.083087,0.721251
ACCACGTGCAGCTATA-1,0.00145,0.001451,0.001448,0.001449,0.994202
ACCACTGTTCAAGAAG-1,0.98852,0.001913,0.001915,0.001912,0.00574
ACCAGACCATAACAAC-1,0.705324,0.002763,0.002761,0.280867,0.008284
ACCAGCCCGGTCTTTG-1,0.82579,0.123821,0.000119,0.000119,0.050151
ACCAGGAGTGTGATCT-1,0.635495,0.001449,0.00145,0.00145,0.360156
ACCAGTGCCCGGTCAA-1,0.217771,0.172584,0.000208,0.014665,0.594772
ACCAGTGCGGGAGACG-1,0.138754,0.088556,0.000193,0.186204,0.586293
ACCATCCGCCAACTAG-1,0.965589,0.005737,0.005731,0.005733,0.01721
ACCATCGTATATGGTA-1,0.342492,0.025819,0.00013,0.00013,0.631429
ACCATTAAGGGTGTCA-1,0.97607,0.003989,0.003988,0.00399,0.011964
ACCCAACGCCCGTGGC-1,0.247631,0.104685,0.044864,0.482508,0.120311
ACCCACCTACATGCTC-1,0.741191,0.074978,0.000147,0.000147,0.183536
ACCCATCTTGAGGGTA-1,0.212201,0.293205,0.000147,0.074077,0.420369
ACCCATTTGTCCCTCT-1,0.000024,0.270726,0.08481,0.074586,0.569854
ACCCGAGCGAAATTAC-1,0.556697,0.001139,0.00114,0.001139,0.439886
ACCCGATTGGTTCCGA-1,0.077989,0.011329,0.464386,0.000084,0.446212
ACCCGGAAACTCCCAG-1,0.730641,0.01009,0.000079,0.000079,0.259111
ACCCGGATGACGCATC-1,0.236302,0.132639,0.00033,0.02841,0.602318
ACCCGTAGCAGAGAAT-1,0.407876,0.027287,0.00014,0.00014,0.564556
ACCCTATAGGACTGAG-1,0.940713,0.04164,0.000208,0.005916,0.011524
ACCCTATGCCATATCG-1,0.13526,0.038568,0.000158,0.028364,0.797652
ACCCTCCCGTCAGGGC-1,0.332832,0.394432,0.030584,0.147893,0.094259
ACCCTCCCTTGCTATT-1,0.32767,0.005318,0.005325,0.005312,0.656375
ACCCTTCATCTGCGAA-1,0.246007,0.281461,0.000123,0.375669,0.09674
ACCCTTTAGTTCTCCA-1,0.293189,0.296309,0.002867,0.193688,0.213947
ACCGAAAGGGCCCTGC-1,0.714116,0.000148,0.000148,0.000148,0.28544
ACCGAAGAGTCTGGTT-1,0.702218,0.123911,0.000258,0.000258,0.173355
ACCGACACATCTCCCA-1,0.653259,0.068613,0.04552,0.158447,0.074161
ACCGAGTCTCCTTATT-1,0.139556,0.162026,0.000339,0.250293,0.447786
ACCGATGGTAGCATCG-1,0.070453,0.330138,0.000326,0.163517,0.435566
ACCGCAATAACTGCCT-1,0.136559,0.004481,0.004478,0.841022,0.01346
ACCGCGGTGGAAGTCG-1,0.149055,0.150412,0.006483,0.101607,0.592442
ACCGCTAGTCATTGGT-1,0.131635,0.046301,0.00038,0.135053,0.686631
ACCGGGCCTTTGTTGA-1,0.076835,0.08898,0.000116,0.214531,0.619538
ACCGGTCAGGTACACC-1,0.58737,0.001063,0.116969,0.001063,0.293535
ACCGGTCTGAGTACGG-1,0.489436,0.002475,0.340718,0.002475,0.164897
ACCGTCCACTGGGCCC-1,0.454258,0.459147,0.000382,0.000382,0.085832
ACCGTGACCACGTGGG-1,0.277897,0.000217,0.092924,0.000217,0.628744
ACCGTTCCCGCTCTGA-1,0.038749,0.610921,0.000103,0.074555,0.275673
ACCTAAGTACCTTTCA-1,0.446282,0.339066,0.000528,0.000527,0.213596
ACCTAATCGACTTCCT-1,0.001271,0.734293,0.001269,0.069233,0.193934
ACCTCCGCCCTCGCTG-1,0.193052,0.002555,0.096821,0.014772,0.692801
ACCTCGAACTTATGCT-1,0.321244,0.052043,0.034147,0.105995,0.486571
ACCTGCGTGTCATGTT-1,0.673906,0.003985,0.003988,0.003988,0.314132
ACCTTTCCTTTAGAAG-1,0.716148,0.190578,0.000235,0.092335,0.000705
ACGAAATGGGCGGCAC-1,0.261528,0.226528,0.000108,0.000108,0.511728
ACGACTCTAGGGCCGA-1,0.221007,0.265607,0.04359,0.238444,0.231353
ACGACTGGTCATACTC-1,0.001557,0.281813,0.000045,0.000045,0.716539
ACGAGAACCCATCACG-1,0.543761,0.011781,0.000113,0.000113,0.444234
ACGAGATATTTGCTTA-1,0.521885,0.003497,0.003496,0.460635,0.010487
ACGAGGATACCACTCT-1,0.43427,0.284264,0.001206,0.001205,0.279055
ACGAGGTTTACAACGT-1,0.822857,0.000174,0.000174,0.157843,0.018952
ACGAGTACGGATGCCC-1,0.000348,0.000348,0.000348,0.212705,0.78625
ACGAGTCGCCGGCGTT-1,0.693378,0.000546,0.000546,0.000546,0.304985
ACGATACATAGAACTA-1,0.001967,0.001965,0.001964,0.988211,0.005894
ACGATCATCTTGTAAA-1,0.206638,0.133593,0.014132,0.022597,0.62304
ACGATGGATCCGATGC-1,0.381221,0.127512,0.000153,0.490655,0.000459
ACGCATAAATGACATG-1,0.421671,0.00056,0.067625,0.057037,0.453106
ACGCATACGTTTACTA-1,0.056431,0.04006,0.019912,0.158345,0.725252
ACGCCAGATGATTTCT-1,0.309437,0.000245,0.000245,0.689337,0.000735
ACGCCCAGCTGTCGAT-1,0.43576,0.00016,0.00016,0.563442,0.000479
ACGCCGCTAGACGACC-1,0.00957,0.00956,0.183546,0.430941,0.366384
ACGCGCTACACAGGGT-1,0.378099,0.536131,0.00088,0.00088,0.084009
ACGCGTTTCTTAAGAG-1,0.594111,0.003586,0.003593,0.387953,0.010758
ACGCTAGTGATACACT-1,0.000078,0.124075,0.084798,0.381882,0.409167
ACGCTGTGAGGCGTAG-1,0.954645,0.007542,0.007565,0.007562,0.022686
ACGCTTAGTGTCTCTC-1,0.280885,0.002924,0.002927,0.369659,0.343605
ACGGAATTTAGCAAAT-1,0.796223,0.000165,0.000165,0.202951,0.000495
ACGGACGCAGCGACAA-1,0.126524,0.115599,0.001708,0.24073,0.515439
ACGGACTCTCAAAGCG-1,0.697426,0.274979,0.005518,0.005526,0.016552
ACGGAGCGCAAATTAC-1,0.221132,0.247888,0.010859,0.169608,0.350513
ACGGATGGTGCGGATA-1,0.003053,0.244948,0.00305,0.429989,0.31896
ACGGCGACGATGGGAA-1,0.315729,0.444604,0.001227,0.001231,0.237209
ACGGCGGGTTGCCCTG-1,0.672573,0.071989,0.000606,0.000606,0.254226
ACGGCTGGATGTAGAA-1,0.874733,0.003116,0.003119,0.003123,0.115909
ACGGGAGTGTCGGCCC-1,0.149435,0.227148,0.000132,0.065968,0.557317
ACGGGTCATGTGACTT-1,0.556676,0.000586,0.000586,0.440396,0.001757
ACGGGTTGTGACCTGT-1,0.601212,0.000192,0.036036,0.000192,0.362368
ACGGTACAGTTCAATG-1,0.178694,0.000276,0.077278,0.235518,0.508234
ACGGTCACCGAGAACA-1,0.275949,0.068747,0.000103,0.000103,0.655098
ACGTACAGATTTCTCT-1,0.874764,0.000224,0.000225,0.124113,0.000674
ACGTACTTTGGCACGG-1,0.291068,0.013284,0.191403,0.000247,0.503998
ACGTAGATTGCTGATG-1,0.408145,0.27629,0.001709,0.001709,0.312147
ACGTAGGAGAGTCGCT-1,0.229629,0.156782,0.00063,0.285343,0.327616
ACGTATTACTCCGATC-1,0.012628,0.061492,0.122108,0.078153,0.725618
ACGTCCTAAACGAGAT-1,0.465538,0.02565,0.000142,0.417653,0.091018
ACGTCGGGCAACTCGG-1,0.372204,0.000776,0.000776,0.183127,0.443117
ACGTCTCGTTCCGGGA-1,0.95704,0.007156,0.007156,0.00717,0.021478
ACGTGACAAAGTAAGT-1,0.474398,0.001329,0.001329,0.109616,0.413328
ACGTGCGCCTCGTGCA-1,0.725173,0.235141,0.001465,0.03383,0.004392
ACGTGGTCGAATGTGC-1,0.000474,0.76914,0.000473,0.090239,0.139674
ACGTTAATGTCGAAGA-1,0.965548,0.005744,0.00575,0.005745,0.017213
ACGTTAGATTTGCCCG-1,0.18377,0.000477,0.012141,0.000099,0.803513
ACGTTATTGGTCACTC-1,0.879586,0.000284,0.000284,0.118994,0.000852
ACGTTCACTATGCCGC-1,0.210465,0.102753,0.000323,0.063176,0.623283
ACGTTCCGCGCTCCGT-1,0.667159,0.000194,0.000194,0.000194,0.332259
ACGTTCGTTCAGGAAA-1,0.335789,0.042113,0.000159,0.000159,0.621779
ACGTTCTGTACAAGTC-1,0.14052,0.056192,0.000156,0.099747,0.703385
ACGTTTAGTTGTGATC-1,0.771509,0.000576,0.000577,0.128869,0.098469
ACTAATACGTCAGGCG-1,0.85018,0.13314,0.003333,0.003339,0.010008
ACTACATCCCGACAAG-1,0.707349,0.000143,0.012885,0.000142,0.279481
ACTACCATCCGAGGGC-1,0.415786,0.001079,0.001078,0.207927,0.37413
ACTAGTTGCGATCGTC-1,0.143043,0.028717,0.000082,0.153178,0.674981
ACTATATGCTGTGTTC-1,0.364552,0.03976,0.000124,0.067811,0.527753
ACTATCCAGGGCATGG-1,0.116684,0.014689,0.000086,0.023075,0.845467
ACTATCGCCGGCTAAA-1,0.952478,0.046126,0.000279,0.000279,0.000837
ACTATGTCCAGCTGCC-1,0.326863,0.000075,0.026156,0.000075,0.646832
ACTATTCGTCCGTGGT-1,0.340392,0.000601,0.000601,0.475977,0.18243
ACTATTTCCGGGCCCA-1,0.309417,0.000188,0.047983,0.000188,0.642224
ACTCAACGAATGTATT-1,0.70547,0.000219,0.000219,0.000219,0.293873
ACTCAAGTGCAAGGCT-1,0.096098,0.027318,0.029817,0.183524,0.663243
ACTCAATAAAGGCACG-1,0.429375,0.000845,0.000844,0.566404,0.002532
ACTCAGACCTGCTTCT-1,0.754303,0.000346,0.000347,0.000346,0.244658
ACTCATGGCAGCCTTC-1,0.219768,0.005705,0.000059,0.000059,0.774408
ACTCCAATATCATCAT-1,0.081425,0.121874,0.055693,0.000137,0.74087
ACTCCCATTCCTAAAG-1,0.969259,0.005128,0.00512,0.005116,0.015377
ACTCCCGAATTCGTTT-1,0.019592,0.729602,0.025362,0.046843,0.178601
ACTCCCTAATGCTAAA-1,0.060524,0.001462,0.001463,0.93216,0.00439
ACTCCCTAGAATAGTA-1,0.475183,0.004105,0.004096,0.504314,0.012302
ACTCCGGCCGACCACT-1,0.001688,0.001688,0.001689,0.20807,0.786865
ACTCGATGTATTTCAT-1,0.397548,0.000565,0.000652,0.404865,0.19637
ACTCGTAACCCGTCCT-1,0.442467,0.00069,0.00069,0.072688,0.483464
ACTCGTCAGTAATCCC-1,0.522766,0.133094,0.00243,0.178225,0.163484
ACTCTCTGACTTAGGT-1,0.001226,0.161444,0.001226,0.204037,0.632067
ACTCTCTTATACACGA-1,0.463264,0.00266,0.002656,0.52345,0.007971
ACTCTGACCTAATAGA-1,0.237265,0.002474,0.002475,0.002474,0.755312
ACTCTTGTATAGTAAC-1,0.405193,0.19149,0.001157,0.398687,0.003472
ACTGAAACGCCGTTAG-1,0.149252,0.000598,0.036556,0.123033,0.690561
ACTGAATGGCGAAAGT-1,0.007975,0.008014,0.007977,0.952093,0.02394
ACTGATTTAGTGATTC-1,0.52222,0.005131,0.005126,0.005128,0.462395
ACTGCCCGCCATTCTC-1,0.218362,0.035014,0.083658,0.000055,0.662912
ACTGCCGTCGTAACTC-1,0.29198,0.000167,0.000167,0.707186,0.0005
ACTGCTCGGAAGGATG-1,0.96924,0.00512,0.005137,0.005126,0.015377
ACTGGCGAACCTGCGT-1,0.18543,0.022613,0.060259,0.000292,0.731406
ACTGTACGATACACAT-1,0.498241,0.00032,0.00032,0.50016,0.000959
ACTGTAGCACTTTGGA-1,0.448512,0.108703,0.000212,0.030859,0.411715
ACTGTATACGCGAGCA-1,0.661016,0.000158,0.000158,0.000158,0.338511
ACTGTGCTAGTAGATC-1,0.646404,0.01788,0.000163,0.000163,0.33539
ACTTACCGGGCGCGCA-1,0.360559,0.366353,0.244371,0.007167,0.02155
ACTTACGCATCCACGC-1,0.004789,0.225315,0.004786,0.750752,0.014357
ACTTAGTACGACAAGA-1,0.1966,0.156333,0.010843,0.000096,0.636128
ACTTATACTTACCCGG-1,0.304379,0.238331,0.001121,0.044507,0.411662
ACTTATCTGATCTATA-1,0.610241,0.001039,0.001039,0.014773,0.372907
ACTTATTTATGTGCCA-1,0.167952,0.000384,0.042169,0.265442,0.524053
ACTTCAGGCTGATCCC-1,0.007981,0.00796,0.007974,0.952163,0.023922
ACTTCCAGTGGAAGCT-1,0.91391,0.014345,0.014344,0.014362,0.043039
ACTTCCATGCGGGACA-1,0.150922,0.093846,0.069256,0.050074,0.635903
ACTTCCTGTCGTGCGA-1,0.242698,0.000358,0.000358,0.000358,0.756228
ACTTCGCCATACGCAC-1,0.213259,0.00101,0.001011,0.781689,0.003031
ACTTGACTCCCTCTTT-1,0.01196,0.265615,0.011951,0.674571,0.035903
ACTTGCCATATTGTAC-1,0.578791,0.000244,0.068298,0.000244,0.352423
ACTTGCTCTATCTACC-1,0.989877,0.001687,0.001686,0.001689,0.005061
ACTTGTAGTCCCTTCA-1,0.960862,0.006538,0.006507,0.006515,0.019579
ACTTGTGGATGGAACG-1,0.187203,0.003322,0.035788,0.092176,0.681512
ACTTTACCCTCATGAA-1,0.103674,0.354822,0.000062,0.128586,0.412856
ACTTTATACACCACTT-1,0.366438,0.000321,0.066852,0.03013,0.536259
ACTTTGACTGCATCCT-1,0.781721,0.006828,0.184129,0.006826,0.020495
ACTTTGGTCGTGCTCC-1,0.237801,0.00088,0.00088,0.757798,0.00264
AGAACACGGCGATGGT-1,0.177793,0.198441,0.000296,0.182278,0.441192
AGAACCCTCAATTGGG-1,0.725129,0.082511,0.000844,0.188983,0.002533
AGAACGTGGTACATTC-1,0.155048,0.071531,0.000554,0.771204,0.001662
AGAAGAGCGCCGTTCC-1,0.015954,0.015909,0.015923,0.482847,0.469366
AGAAGGTACACTTCAC-1,0.892872,0.005725,0.005726,0.005732,0.089946
AGAAGGTTGCCGAATT-1,0.096119,0.200782,0.000127,0.000127,0.702844
AGAAGGTTGTAGGTCG-1,0.107771,0.192335,0.000312,0.045627,0.653954
AGAAGTGATTCGTGAT-1,0.548613,0.032233,0.125696,0.000312,0.293146
AGAATAAATCTTCAGG-1,0.16457,0.001259,0.001258,0.001258,0.831655
AGAATGCGGGTTCGGA-1,0.143064,0.025129,0.009075,0.070296,0.752437
AGAATTATGGATTCGA-1,0.339245,0.161559,0.000403,0.156067,0.342725
AGAATTGTTTGACATA-1,0.998286,0.000286,0.000286,0.000286,0.000857
AGACAGCTCAGAATCC-1,0.998712,0.000214,0.000215,0.000215,0.000644
AGACATAGATCCTTCC-1,0.844531,0.000366,0.059001,0.000366,0.095736
AGACCAAACCACACCT-1,0.293144,0.403308,0.00163,0.001631,0.300287
AGACCATGGGATACAA-1,0.492227,0.068244,0.042686,0.000078,0.396764
AGACCCACCGCTGATC-1,0.864457,0.000114,0.000114,0.000114,0.135201
AGACCGCTCCGCGGTT-1,0.36393,0.204389,0.021265,0.051926,0.358489
AGACCGGGAAACCCTG-1,0.997366,0.000439,0.000439,0.000439,0.001317
AGACGAAGTGCCGGTC-1,0.000072,0.083407,0.111095,0.01725,0.788175
AGACGACGATGCCGCT-1,0.430665,0.001839,0.00184,0.001838,0.563819
AGACGGGATTGGTATA-1,0.545507,0.003778,0.003776,0.220851,0.226089
AGACGGGCCGATTTAA-1,0.379789,0.112242,0.000355,0.000355,0.507259
AGACTGTTACCGGGTC-1,0.49407,0.000274,0.060648,0.000274,0.444734
AGAGAAACACCAGAAA-1,0.270861,0.017639,0.068979,0.000042,0.64248
AGAGAACCGTCTAGGA-1,0.02819,0.001543,0.001543,0.652941,0.315782
AGAGAAGGAGTACAAT-1,0.258075,0.000751,0.000751,0.000751,0.739672
AGAGATCTCTAAAGCG-1,0.959467,0.000181,0.000181,0.000181,0.039989
AGAGCAGTTATGAGAC-1,0.857801,0.00112,0.001121,0.136594,0.003364
AGAGCCGCCGAGATTT-1,0.26609,0.038631,0.155203,0.03504,0.505036
AGAGCGGGCTAATCAT-1,0.91674,0.069545,0.000439,0.011959,0.001317
AGAGCGTACAAGCTCG-1,0.591918,0.047701,0.000157,0.000157,0.360068
AGAGCTACGAAAGCAT-1,0.393476,0.058725,0.000122,0.54731,0.000366
AGAGGCTTCGGAAACC-1,0.000071,0.002197,0.051992,0.108387,0.837354
AGAGGGACAATTGTCC-1,0.303706,0.000095,0.028309,0.045673,0.622217
AGAGGTATCTCGGTCC-1,0.403947,0.000815,0.000815,0.000815,0.593607
AGAGTAAACTTCACTA-1,0.21451,0.113327,0.003042,0.106176,0.562945
AGAGTGAACAGACACC-1,0.40252,0.000247,0.000247,0.059073,0.537913
AGAGTTAGAGACCGAT-1,0.329719,0.003263,0.00326,0.181702,0.482056
AGATAATCACACCTAT-1,0.240094,0.295997,0.00065,0.359471,0.103789
AGATACCAATAGAACC-1,0.055885,0.000052,0.239098,0.131057,0.573908
AGATACCGGTGTTCAC-1,0.038454,0.000123,0.000123,0.000123,0.961177
AGATACGACTTCATAT-1,0.560818,0.000148,0.000148,0.000148,0.438738
AGATACTCAAGATCGA-1,0.146155,0.138963,0.002707,0.225309,0.486865
AGATATAATACGACTA-1,0.597971,0.002081,0.002083,0.391621,0.006244
AGATCGTGCATAAGAT-1,0.12608,0.438651,0.000334,0.050481,0.384455
AGATCTCAGGTGTGAT-1,0.492934,0.000345,0.000345,0.505339,0.001036
AGATCTGGAGAGGATA-1,0.259224,0.17235,0.000312,0.097421,0.470694
AGATGACTCGCCCACG-1,0.751561,0.054448,0.000269,0.192916,0.000806
AGATGAGGGTTGCGAT-1,0.572439,0.003194,0.003186,0.00319,0.417991
AGATGATGGAGTCTGG-1,0.163406,0.000081,0.071561,0.028597,0.736356
AGATGCAAGACGTGCA-1,0.09739,0.000182,0.000182,0.000182,0.902065
AGATGCATCCTGTGTC-1,0.311122,0.006816,0.006859,0.654727,0.020476
AGATGCTATAACGAGC-1,0.872813,0.00059,0.000591,0.124235,0.001771
AGATTCAAGCGGGTCG-1,0.281211,0.000626,0.076089,0.079393,0.562681
AGATTCACAACCGATA-1,0.995493,0.000751,0.000751,0.000752,0.002253
AGCAAAGGCCGCTAGT-1,0.002434,0.193542,0.00243,0.794297,0.007297
AGCAACATATCTTATT-1,0.390026,0.000325,0.096164,0.066132,0.447354
AGCAACCGAAAGTAAT-1,0.476663,0.000152,0.000152,0.000152,0.522881
AGCACACGTTTAGACT-1,0.146283,0.019562,0.061189,0.046302,0.726663
AGCACTACCGGCCTGT-1,0.663592,0.215456,0.109696,0.002813,0.008443
AGCACTACCTCACCAG-1,0.367613,0.00299,0.002988,0.20371,0.422699
AGCACTTAAGGACGCC-1,0.423117,0.001612,0.001613,0.001612,0.572046
AGCAGAAGGAGAAAGA-1,0.22049,0.000206,0.000205,0.778483,0.000617
AGCATATCAATATGCT-1,0.12209,0.00919,0.000947,0.085404,0.782368
AGCATCATTTCGAAAG-1,0.505829,0.058667,0.000265,0.000265,0.434974
AGCATTACGAGGCAAG-1,0.208917,0.050401,0.058465,0.094031,0.588187
AGCCACAGGTTACCCG-1,0.011258,0.105476,0.002999,0.097892,0.782375
AGCCACTCCCGTGCTT-1,0.435859,0.004954,0.004943,0.539396,0.014847
AGCCATATAGTATGTG-1,0.064283,0.00031,0.00031,0.178143,0.756954
AGCCCATACATGTAAG-1,0.308752,0.000784,0.000784,0.000784,0.688896
AGCCCGGCATTAGAGG-1,0.410578,0.000172,0.000172,0.000172,0.588906
AGCCCTAAGCGAAGTT-1,0.998332,0.000278,0.000278,0.000278,0.000834
AGCCCTCCCTGGTGGC-1,0.133833,0.063738,0.000048,0.036946,0.765434
AGCCCTTCTAATCCGA-1,0.181992,0.299675,0.000371,0.176884,0.341078
AGCCGCAAATTCAAAT-1,0.6656,0.001865,0.178549,0.001865,0.152122
AGCCGCTTGATTAGCG-1,0.512561,0.001228,0.001228,0.481303,0.003681
AGCCGTGGCTAAATGT-1,0.517323,0.168597,0.000418,0.000418,0.313243
AGCCTAATACCCACGT-1,0.771392,0.216451,0.002431,0.002432,0.007295
AGCCTTAAAGCGGAAG-1,0.559896,0.000169,0.000169,0.439259,0.000507
AGCCTTGTCACTGATA-1,0.369871,0.118264,0.001237,0.127841,0.382787
AGCGACAGGAACGGTC-1,0.373561,0.402003,0.001451,0.00145,0.221536
AGCGACATCCCATTCA-1,0.71433,0.000095,0.000095,0.192603,0.092878
AGCGAGACGTGAAGGC-1,0.251874,0.012394,0.000037,0.000037,0.735658
AGCGATGCGCCTAATA-1,0.114722,0.000057,0.30322,0.140028,0.441974
AGCGCGGGTGCCAATG-1,0.055454,0.931698,0.000116,0.010024,0.002708
AGCGCTTATGGGCAAG-1,0.269541,0.001771,0.001771,0.180824,0.546092
AGCGGACACTTCGTAG-1,0.458157,0.000532,0.000532,0.086669,0.454111
AGCGGCGGTTAGCGGT-1,0.989878,0.001685,0.001688,0.00169,0.005059
AGCGGGAAGGGTCCAT-1,0.3868,0.000088,0.054881,0.000088,0.558142
AGCGGGTCTGACACTC-1,0.640459,0.000206,0.000206,0.24331,0.115819
AGCGGTTGAGATGTAC-1,0.150088,0.07103,0.000963,0.251495,0.526424
AGCGTACGAGAGCTAG-1,0.396494,0.000124,0.000124,0.105155,0.498103
AGCGTAGCGCTAGACC-1,0.53086,0.000759,0.000759,0.000759,0.466863
AGCGTCTGAACCCGCA-1,0.469475,0.000133,0.000133,0.000133,0.530126
AGCGTGGTATTCTACT-1,0.003776,0.003778,0.003779,0.25797,0.730697
AGCGTTCCGATTTAAA-1,0.000875,0.000875,0.000875,0.552545,0.44483
AGCTAACAAGCAATGT-1,0.378006,0.001561,0.001559,0.1933,0.425574
AGCTAAGTACGCAGGC-1,0.024311,0.052598,0.014082,0.057564,0.851445
AGCTAGAAGCAGAAGT-1,0.473078,0.48208,0.008966,0.008977,0.0269
AGCTATTTAATCCAAC-1,0.167686,0.001104,0.001104,0.794796,0.035309
AGCTCCATATATGTTC-1,0.10142,0.00007,0.001538,0.02025,0.876722
AGCTCCTTCGCACATC-1,0.296987,0.105839,0.024876,0.148457,0.423841
AGCTCTAGACGTTCCA-1,0.580597,0.004949,0.004943,0.004953,0.404559
AGCTCTTCCCAGTGCA-1,0.006243,0.006237,0.006237,0.962569,0.018713
AGCTCTTCGTAACCTT-1,0.200522,0.130842,0.000061,0.043929,0.624645
AGCTGAAGTAAACCAA-1,0.006841,0.006843,0.006833,0.958976,0.020507
AGCTGCATTTGAGGTG-1,0.566019,0.149259,0.000363,0.123475,0.160884
AGCTGCTGTGCCGAAT-1,0.225595,0.001204,0.00013,0.208871,0.564199
AGCTGTAACCTCAATC-1,0.494183,0.001113,0.001113,0.001112,0.50248
AGCTTATAGAGACCTG-1,0.274805,0.000683,0.000683,0.000683,0.723146
AGCTTCAATACTTTGA-1,0.363453,0.62758,0.001793,0.001794,0.00538
AGCTTCTTCTCGAGCA-1,0.417709,0.336811,0.001993,0.001993,0.241494
AGCTTGATCAGGGTAG-1,0.55857,0.029934,0.000076,0.000076,0.411343
AGCTTGATCTTAACTT-1,0.390434,0.353165,0.001294,0.001293,0.253815
AGGAAAGCCTCTGATG-1,0.991578,0.000203,0.000203,0.00741,0.000608
AGGAAGCTGTCCGCCG-1,0.994781,0.000869,0.00087,0.00087,0.00261
AGGACAGTCGAATCCC-1,0.017974,0.01793,0.017899,0.89243,0.053768
AGGACATCGCACGTCG-1,0.504462,0.049604,0.000136,0.000136,0.445663
AGGACGCTCGATGTTG-1,0.108486,0.002546,0.000424,0.186,0.702543
AGGACTTATAGGAGAA-1,0.756903,0.000512,0.044921,0.196127,0.001537
AGGAGGCCTTCGCGCG-1,0.000042,0.28208,0.054865,0.022978,0.640035
AGGATAAAGTCGGGAT-1,0.95242,0.000121,0.000121,0.000121,0.047218
AGGATATAGGGATTTA-1,0.160219,0.317578,0.000229,0.000229,0.521746
AGGATATCCGACTGCA-1,0.204947,0.0651,0.000159,0.166445,0.563349
AGGATCACGCGATCTG-1,0.692275,0.003045,0.003048,0.292481,0.009151
AGGCAAAGAGGAATCA-1,0.419398,0.000649,0.000649,0.000649,0.578654
AGGCAATACGGAGGAC-1,0.312434,0.262848,0.000516,0.34278,0.081421
AGGCAGATGCGTAAAC-1,0.253602,0.006516,0.006519,0.262928,0.470435
AGGCATTGTCGTAGGG-1,0.184967,0.072551,0.000117,0.069866,0.672499
AGGCCACCCGTTATGA-1,0.237054,0.059191,0.000163,0.070939,0.632653
AGGCCCAGTGACTGGT-1,0.662781,0.00022,0.00022,0.332905,0.003874
AGGCCCATTGTACAGG-1,0.71175,0.000151,0.00015,0.00015,0.287798
AGGCCCTAGAACGCCA-1,0.468822,0.000459,0.000459,0.047381,0.48288
AGGCCTGAGAATCTCG-1,0.016915,0.097384,0.000039,0.033386,0.852277
AGGCGGTTTGTCCCGC-1,0.631331,0.00163,0.001629,0.00163,0.363779
AGGCTATGGTTAGCTT-1,0.583997,0.181483,0.000561,0.194157,0.039802
AGGCTTCCCGAAGAAG-1,0.236812,0.00068,0.00068,0.00068,0.761147
AGGCTTGCTAGACACC-1,0.568859,0.010183,0.000219,0.420081,0.000657
AGGGAAACGAGGTACT-1,0.310707,0.008971,0.008964,0.644466,0.026893
AGGGACAGCACGGCGG-1,0.720693,0.000454,0.000454,0.000454,0.277945
AGGGCAGCGGCGTGGT-1,0.80141,0.000214,0.000214,0.19752,0.000642
AGGGCGAGCAGCTGAT-1,0.785214,0.008428,0.008452,0.008447,0.189459
AGGGCGTGATCGGCTA-1,0.998895,0.000184,0.000184,0.000184,0.000553
AGGGTCAGAGCACTCG-1,0.17273,0.000097,0.114788,0.000097,0.712288
AGGGTCGATGCGAACT-1,0.146767,0.000137,0.102211,0.201256,0.549629
AGGGTGCCGTTCTTTA-1,0.027598,0.156028,0.000042,0.04858,0.767751
AGGGTGCTCTCGAGGG-1,0.304422,0.080134,0.152796,0.048137,0.414511
AGGGTGGATAGTGCAT-1,0.994519,0.000912,0.000913,0.000914,0.002742
AGGGTGTGCTACACGC-1,0.341594,0.056117,0.000265,0.047307,0.554718
AGGGTTCAGACGGTCC-1,0.307629,0.000105,0.115197,0.096831,0.480238
AGGGTTCCCTTTGGTT-1,0.000443,0.885057,0.000443,0.112729,0.001329
AGGTAACCTCCTATTC-1,0.511436,0.000153,0.000153,0.000153,0.488104
AGGTACGATATTGCCA-1,0.199992,0.215229,0.000164,0.350101,0.234513
AGGTAGATCGAGATAT-1,0.446343,0.105392,0.000335,0.074712,0.373218
AGGTAGGTACAAAGCT-1,0.128644,0.272909,0.000359,0.000359,0.597729
AGGTCAGGTGAGAGTG-1,0.597504,0.06293,0.000569,0.097063,0.241934
AGGTCGCCACTTCGGT-1,0.595874,0.00087,0.06928,0.00087,0.333106
AGGTCGCGGAGTTACT-1,0.333677,0.001611,0.001611,0.599303,0.063798
AGGTGTATCGCCATGA-1,0.564839,0.00388,0.003872,0.003878,0.42353
AGGTTCTCCTTTCCGG-1,0.923404,0.048146,0.000251,0.000251,0.027948
AGGTTGAGGCACGCTT-1,0.352565,0.000296,0.000296,0.645957,0.000887
AGGTTTCACACACCTT-1,0.304771,0.435516,0.003262,0.246662,0.009788
AGTAACGTTCATCCTG-1,0.003055,0.00305,0.003056,0.334687,0.656152
AGTAATGTCTTGCCGC-1,0.769289,0.000154,0.000154,0.185934,0.044469
AGTAATTTGCAAGCGT-1,0.712973,0.000163,0.005192,0.000163,0.281509
AGTACAGAAGCTTATA-1,0.24094,0.21421,0.000186,0.191659,0.353005
AGTACCTTCGAGTGCT-1,0.285193,0.000128,0.008253,0.000128,0.706298
AGTACGGCCCGTATCG-1,0.236692,0.757915,0.001079,0.001078,0.003237
AGTACGGGCACCTGGC-1,0.502276,0.00064,0.00064,0.494523,0.001921
AGTACGTGGCCTGTCT-1,0.011048,0.011035,0.011045,0.402443,0.564429
AGTACTCTTATGCCCA-1,0.045413,0.010306,0.000166,0.096442,0.847673
AGTAGAAGGCGCCTCA-1,0.317332,0.000402,0.000402,0.000402,0.681462
AGTAGCGTGAACGAAC-1,0.703257,0.000763,0.000765,0.292925,0.00229
