Barcode,Topic 1to4,Topic 5,Topic 6to7
AAACAACGAATAGTTC-1,0.376273,0.50929,0.114438
AAACAAGTATCTCCCA-1,0.452958,0.314109,0.232933
AAACAATCTACTAGCA-1,0.997203,0.000932,0.001864
AAACACCAATAACTGC-1,0.478092,0.272858,0.24905
AAACAGAGCGACTCCT-1,0.959297,0.039829,0.000874
AAACAGGGTCTATATT-1,0.664227,0.266593,0.06918
AAACATTTCCCGGATT-1,0.99891,0.000363,0.000727
AAACCACTACACAGAT-1,0.984054,0.015833,0.000113
AAACCGTTCGTCCAGG-1,0.809266,0.090132,0.100602
AAACCTAAGCAGCCGG-1,0.935698,0.049271,0.015031
AAACGAAGAACATACC-1,0.997859,0.000713,0.001428
AAACGACAGTCTTGCC-1,0.669723,0.251565,0.078712
AAACGCCCGAGATCGG-1,0.920079,0.001176,0.078745
AAACGGGCGTACGGGT-1,0.998506,0.000498,0.000996
AAACGGGTTGGTATCC-1,0.528909,0.469362,0.001728
AAACGGTTGCGAACTG-1,0.998331,0.000556,0.001113
AAACGTGTTCGCCCTA-1,0.270293,0.491541,0.238166
AAACTAACGTGGCGAC-1,0.986116,0.004632,0.009252
AAACTCGGTTCGCAAT-1,0.996443,0.001186,0.002372
AAACTCGTGATATAAG-1,0.991032,0.002987,0.005981
AAACTGCTGGCTCCAA-1,0.431625,0.000073,0.568303
AAACTTAATTGCACGC-1,0.995654,0.001449,0.002896
AAACTTGCAAACGTAT-1,0.648591,0.10658,0.244829
AAAGAATGTGGACTAA-1,0.657641,0.20212,0.140239
AAAGACATGAAGTTTA-1,0.766102,0.158837,0.075062
AAAGACCCAAGTCGCG-1,0.996688,0.001104,0.002208
AAAGCTTGCCTACATA-1,0.884843,0.020324,0.094832
AAAGGCCCTATAATAC-1,0.97004,0.000129,0.029831
AAAGGCTACGGACCAT-1,0.979471,0.000327,0.020202
AAAGGCTCTCGCGCCG-1,0.554212,0.299995,0.145794
AAAGGGATGTAGCAAG-1,0.750653,0.00025,0.249097
AAAGGGCAGCTTGAAT-1,0.789568,0.000222,0.21021
AAAGGTAAGCTGTACC-1,0.776517,0.217109,0.006374
AAAGGTCAACGACATG-1,0.784157,0.114115,0.101727
AAAGTAGCATTGCTCA-1,0.668557,0.009896,0.321547
AAAGTCACTGATGTAA-1,0.99578,0.001408,0.002812
AAATAACCATACGGGA-1,0.999454,0.000182,0.000364
AAATAAGGTAGTGCCC-1,0.89536,0.000686,0.103954
AAATACCTATAAGCAT-1,0.209095,0.010872,0.780033
AAATAGGGTGCTATTG-1,0.786831,0.084782,0.128387
AAATCACTCCTAAACG-1,0.74932,0.152713,0.097967
AAATCCGATACACGCC-1,0.82332,0.000571,0.176109
AAATCTAGCCCTGCTA-1,0.141019,0.376501,0.48248
AAATGATTCGATCAGC-1,0.692957,0.30554,0.001503
AAATGCTCGTTACGTT-1,0.874384,0.123596,0.00202
AAATGGCATGTCTTGT-1,0.924452,0.001236,0.074312
AAATGGCCCGTGCCCT-1,0.67093,0.006748,0.322322
AAATGGTCAATGTGCC-1,0.253781,0.014753,0.731466
AAATGTGGGTGCTCCT-1,0.777933,0.021064,0.201003
AAATTAACGGGTAGCT-1,0.341755,0.193389,0.464856
AAATTACACGACTCTG-1,0.830244,0.101703,0.068053
AAATTACCTATCGATG-1,0.691984,0.068687,0.239329
AAATTGATAGTCCTTT-1,0.993163,0.002279,0.004558
AAATTGCGGCGGTTCT-1,0.431463,0.5649,0.003637
AAATTGGTGAGAAGCA-1,0.1149,0.028785,0.856316
AAATTTACCGAAATCC-1,0.84378,0.000736,0.155483
AAATTTGCGGGTGTGG-1,0.696876,0.032486,0.270639
AACAACTGGTAGTTGC-1,0.210305,0.738816,0.050879
AACAATACATTGTCGA-1,0.851319,0.00148,0.147201
AACAATTACTCTACGC-1,0.978087,0.00024,0.021673
AACACACGCTCGCCGC-1,0.690581,0.067196,0.242224
AACACGACTGTACTGA-1,0.95891,0.038431,0.002659
AACACGAGACGCGGCC-1,0.673764,0.000198,0.326038
AACACGCGGCCGCGAA-1,0.990986,0.000139,0.008875
AACAGCTGTGTGGCAA-1,0.589268,0.000932,0.4098
AACAGGAAATCGAATA-1,0.992032,0.002654,0.005313
AACAGGATGGGCCGCG-1,0.511462,0.484315,0.004222
AACATATCAACTGGTG-1,0.702176,0.075253,0.22257
AACATCGATACGTCTA-1,0.732922,0.26286,0.004218
AACATTGGTCAGCCGT-1,0.376736,0.523691,0.099573
AACATTGTGACTCGAG-1,0.822593,0.153691,0.023716
AACCAGTATCACTCTT-1,0.994335,0.001888,0.003777
AACCATAGGGTTGAAC-1,0.696732,0.188306,0.114961
AACCATGGGATCGCTA-1,0.972309,0.000211,0.02748
AACCCAGAGACGGAGA-1,0.99469,0.00177,0.003539
AACCCATCCCATGATC-1,0.850335,0.148502,0.001162
AACCCGACAACCCGTG-1,0.921212,0.076003,0.002785
AACCCGATAGGGCTTC-1,0.763373,0.118201,0.118426
AACCCTGGTGGAACCA-1,0.992318,0.002563,0.005119
AACCGAGCTTGGTCAT-1,0.923867,0.033936,0.042196
AACCGTTGTGTTTGCT-1,0.993375,0.002205,0.004419
AACCTCGCTTTAGCCC-1,0.996289,0.001237,0.002474
AACCTTTAAATACGGT-1,0.77955,0.000218,0.220231
AACCTTTACGACGTCT-1,0.997746,0.000751,0.001503
AACGACCTCCTAGCCG-1,0.077197,0.913837,0.008966
AACGATAATGCCGTAG-1,0.886072,0.053115,0.060813
AACGATAGAAGGGCCG-1,0.997052,0.000983,0.001965
AACGATATGTCAACTG-1,0.818977,0.000171,0.180852
AACGCATGATCTGGGT-1,0.994407,0.001866,0.003727
AACGCGAACGGCAACA-1,0.804576,0.001889,0.193535
AACGCGACCTTGGGCG-1,0.997747,0.000751,0.001502
AACGCGGTCTCCAGCC-1,0.907145,0.001417,0.091438
AACGCTGTTGCTGAAA-1,0.001559,0.936795,0.061646
AACGGACGTACGTATA-1,0.500436,0.125353,0.37421
AACGGCCATCTCCGGT-1,0.46579,0.053661,0.480549
AACGTACTGTGGGTAC-1,0.673695,0.088408,0.237897
AACGTAGTCTACCCAT-1,0.970612,0.000291,0.029097
AACGTCAGACTAGTGG-1,0.857025,0.029321,0.113654
AACGTCGCTGCACTTC-1,0.673592,0.221825,0.104584
AACGTGATGAAGGACA-1,0.99231,0.002563,0.005128
AACGTTCTACCATTGT-1,0.455727,0.311599,0.232674
AACTAGCGTATCGCAC-1,0.996814,0.001063,0.002124
AACTAGGCTTGGGTGT-1,0.894277,0.017406,0.088317
AACTCCAGAGCGTGTT-1,0.87238,0.125228,0.002392
AACTCCTAATCCCATG-1,0.995517,0.001496,0.002987
AACTCGATAAACACGT-1,0.24737,0.749815,0.002815
AACTCGATGGCGCAGT-1,0.99807,0.000643,0.001287
AACTCTCAATAGAGCG-1,0.494697,0.040463,0.46484
AACTCTCAGTGTGCTC-1,0.572852,0.0006,0.426548
AACTGAGGTCAGCGTC-1,0.990638,0.003123,0.006239
AACTGATATTAGGCCT-1,0.967668,0.000168,0.032163
AACTGGGTCCCGACGT-1,0.949697,0.000029,0.050274
AACTGGGTTCGAGCCG-1,0.391619,0.603165,0.005216
AACTGGTGTGGGCCTT-1,0.996016,0.001328,0.002656
AACTTCTGCGTCTATC-1,0.989501,0.003497,0.007002
AACTTGCCCGTATGCA-1,0.864565,0.001206,0.134229
AACTTGCGTTCTCGCG-1,0.927714,0.000768,0.071518
AACTTTAGCTGCTGAG-1,0.995693,0.001436,0.002871
AACTTTCTCGATCATG-1,0.662528,0.157603,0.179869
AAGAAGGATCAGTTAG-1,0.998198,0.000601,0.001201
AAGACATACGTGGTTT-1,0.000173,0.99974,0.000087
AAGACCCAACTGAACA-1,0.999887,0.000038,0.000075
AAGACTAACCCGTTGT-1,0.995652,0.001449,0.002898
AAGACTCACGCCCACT-1,0.996558,0.001148,0.002294
AAGACTGCAAGCTACT-1,0.051161,0.00002,0.948819
AAGAGATGAATCGGTA-1,0.574646,0.052244,0.37311
AAGAGGCCCTTTGGAA-1,0.715504,0.000403,0.284092
AAGATGGCACCGGACC-1,0.675495,0.150883,0.173622
AAGATTGGCGGAACGT-1,0.715502,0.000459,0.284039
AAGCACCCTGCGTATC-1,0.815794,0.000125,0.184081
AAGCATACTCTCCTGA-1,0.713677,0.046491,0.239833
AAGCCGCCGTGAAATC-1,0.988683,0.003773,0.007544
AAGCGCAGGGCTTTGA-1,0.997012,0.000996,0.001992
AAGCGGCGTCATGGGT-1,0.985143,0.004955,0.009902
AAGCGTCCCTCATCGA-1,0.60271,0.392732,0.004558
AAGCTAGATCGAGTAA-1,0.383949,0.426047,0.190003
AAGCTCGTGCCAAGTC-1,0.099951,0.029586,0.870463
AAGCTCTTTCATGGTG-1,0.921168,0.067736,0.011095
AAGGAGAACTTATAAG-1,0.996664,0.001112,0.002224
AAGGAGCGGTTGGTGC-1,0.729315,0.000146,0.270539
AAGGATGAGGGACCTC-1,0.507729,0.116636,0.375635
AAGGCGCGTAAAGCTT-1,0.757319,0.000593,0.242088
AAGGCTGTGCTCATCG-1,0.75351,0.000169,0.246321
AAGGGAACGACTGGCT-1,0.994178,0.002279,0.003544
AAGGGACAGATTCTGT-1,0.817182,0.000335,0.182483
AAGGGACTATGCATTC-1,0.91524,0.080056,0.004704
AAGGGTTAGCCATGCG-1,0.706926,0.095557,0.197517
AAGGTATCCTAATATA-1,0.630601,0.131827,0.237572
AAGTAAGCTTCCAAAC-1,0.881593,0.000811,0.117596
AAGTAGAAGACCGGGT-1,0.929052,0.000226,0.070722
AAGTAGTGACGCGAGG-1,0.629988,0.002393,0.367619
AAGTGAGTCGGGTTTA-1,0.914048,0.00005,0.085902
AAGTGCGTTAGAATCT-1,0.738177,0.115196,0.146627
AAGTGTTTGGAGACGG-1,0.764559,0.041042,0.194399
AAGTTCACTCCAAGCT-1,0.311783,0.380231,0.307985
AAGTTCAGTCTGCGTA-1,0.725908,0.079128,0.194964
AAGTTCGGCCAACAGG-1,0.653659,0.037636,0.308705
AAGTTGTGATGTTATA-1,0.880937,0.118573,0.00049
AAGTTTACTAATGGCA-1,0.993575,0.002144,0.004281
AAGTTTATGGGCCCAA-1,0.851022,0.000466,0.148513
AATAACACTAGAACAA-1,0.760881,0.044609,0.19451
AATAAGTCCTCGAGAC-1,0.994934,0.00169,0.003376
AATACAATGTTTCAGG-1,0.889001,0.000403,0.110596
AATACCGGAGGGCTGT-1,0.99565,0.00145,0.0029
AATAGAACAGAGTGGC-1,0.612702,0.015711,0.371587
AATAGAATCTGTTTCA-1,0.475029,0.158081,0.36689
AATAGCAAGCCTCCTG-1,0.994547,0.001818,0.003635
AATAGCTACCGCGTGC-1,0.609746,0.384733,0.005521
AATAGTCCGTCCCGAC-1,0.982499,0.000033,0.017467
AATATCAAGGTCGGAT-1,0.896374,0.00087,0.102757
AATATCGAGGGTTCTC-1,0.628227,0.101487,0.270285
AATCAGACTGCAGGAC-1,0.760476,0.234741,0.004783
AATCATGTAAAGACTC-1,0.310188,0.570181,0.11963
AATCCAAGGGCCTGAG-1,0.816273,0.001177,0.18255
AATCCATGCAAGGGTG-1,0.863224,0.135037,0.001738
AATCGGGACACTACGA-1,0.996557,0.001148,0.002295
AATCGGTATAGCCCTC-1,0.52986,0.467771,0.00237
AATCGTGAGCCGAGCA-1,0.814375,0.000616,0.185009
AATCTAGGTTTACTTG-1,0.858912,0.000671,0.140417
AATCTATGCCGGAGCC-1,0.840668,0.000211,0.159121
AATCTGCGTTGGGACG-1,0.483396,0.159679,0.356924
AATCTGGCTTTCTAGT-1,0.889649,0.045163,0.065189
AATCTGGGTAGACCCT-1,0.996225,0.001259,0.002515
AATGACAGCAATGTCT-1,0.78404,0.099952,0.116008
AATGACTGTCAGCCGG-1,0.561176,0.232407,0.206417
AATGAGTTCGCATATG-1,0.995741,0.00142,0.002839
AATGATGATACGCTAT-1,0.592633,0.291234,0.116133
AATGATGCGACTCCTG-1,0.902762,0.000094,0.097144
AATGCAACCGGGTACC-1,0.699173,0.022502,0.278326
AATGCACCAAGCAATG-1,0.395437,0.530187,0.074377
AATGGTTCTCACAAGC-1,0.008683,0.000049,0.991268
AATGTGCCCGAGGTGT-1,0.248209,0.748921,0.00287
AATGTGCTAATCTGAG-1,0.989511,0.003503,0.006986
AATGTTGTCGTGAGAC-1,0.855387,0.02907,0.115543
AATTAACGGATTTCCA-1,0.974188,0.025208,0.000604
AATTACTCGTACGCTC-1,0.104419,0.625555,0.270026
AATTAGCGCTGCAGCG-1,0.643676,0.134834,0.22149
AATTCATAAGGGATCT-1,0.898014,0.098726,0.00326
AATTCATTGTCATGCA-1,0.687877,0.128692,0.183431
AATTCCAACTTGGTGA-1,0.714845,0.282041,0.003114
AATTCCAAGCATGTAC-1,0.955194,0.000811,0.043995
AATTCGATTCGAGGAT-1,0.99866,0.000447,0.000893
AATTCTAGAGTTAGGC-1,0.562804,0.018033,0.419163
AATTGCAGCAATCGAC-1,0.867704,0.000252,0.132044
AATTTGGGACATAGTA-1,0.694084,0.22983,0.076086
AATTTGGTTCCAAAGA-1,0.886311,0.001752,0.111937
ACAAACCATGCGTCCT-1,0.990436,0.003185,0.006379
ACAAAGCATGACCTAG-1,0.886089,0.000078,0.113833
ACAAATCGCACCGAAT-1,0.39903,0.367331,0.23364
ACAAATTCAGATCTGA-1,0.743936,0.253938,0.002126
ACAACAGCATGAGCTA-1,0.489867,0.132121,0.378013
ACAACGGTCCCTGCGA-1,0.785232,0.042932,0.171836
ACAAGCAGTGCCTAGC-1,0.832344,0.000844,0.166812
ACAAGGAAATCCGCCC-1,0.627468,0.000119,0.372414
ACAAGGACAAGAGGTT-1,0.133219,0.781189,0.085592
ACAAGGATGCTTTAGG-1,0.996856,0.001049,0.002095
ACAAGGCCTACCAGCC-1,0.929019,0.001317,0.069664
ACAATCGATCTTTATA-1,0.997661,0.00078,0.001559
ACAATGAATACGGAGA-1,0.614868,0.215203,0.169929
ACAATGATTCTTCTAC-1,0.777019,0.148991,0.07399
ACAATTGTGTCTCTTT-1,0.999968,0.000011,0.000021
ACAATTTGAGCAGTGG-1,0.596554,0.141703,0.261743
ACACAAAGACGGGTGG-1,0.545735,0.000069,0.454196
ACACACTTTCTACACG-1,0.700842,0.14436,0.154798
ACACATGATCAAATCT-1,0.426191,0.571651,0.002158
ACACATTGACGCAACA-1,0.270463,0.725554,0.003983
ACACCACATAATTAGC-1,0.908386,0.000148,0.091466
ACACCCAGCATGCAGC-1,0.999978,0.000007,0.000015
ACACCCGAGAAATCCG-1,0.997275,0.000908,0.001817
ACACCGGTCTGACCGC-1,0.99777,0.000743,0.001486
ACACCTTAAGTAGGGC-1,0.259083,0.463872,0.277045
ACACGAGACTCCTTCT-1,0.549645,0.070705,0.379649
ACACGGCACTATGCAT-1,0.998128,0.000624,0.001248
ACACGGGAACTTAGGG-1,0.733112,0.179995,0.086892
ACACGTAGGCCACAAG-1,0.628789,0.122565,0.248646
ACACTCCAATGTCACT-1,0.988051,0.003986,0.007963
ACACTGATCAAGGTGT-1,0.474462,0.326065,0.199473
ACAGAACTGAGAACAA-1,0.723797,0.019747,0.256457
ACAGATTAGGTTAGTG-1,0.996688,0.001104,0.002208
ACAGCATAGAGCCAGT-1,0.994688,0.00177,0.003542
ACAGCGACATTCTCAT-1,0.815195,0.000278,0.184527
ACAGCGCACCCGCAGC-1,0.893235,0.077426,0.029338
ACAGGAGGCGCAGCCG-1,0.651405,0.343967,0.004628
ACAGGCACGGATCCTT-1,0.999614,0.000129,0.000257
ACAGGCTTGCCCGACT-1,0.719097,0.010545,0.270359
ACAGGTGGAGGTGAGG-1,0.767928,0.000302,0.231769
ACAGTAATACAACTTG-1,0.725019,0.042188,0.232793
ACAGTATACCGTGGGA-1,0.96411,0.011954,0.023936
ACAGTGCAGCGCATTT-1,0.552355,0.307851,0.139794
ACATAATAAGGCGGTG-1,0.999829,0.000057,0.000114
ACATCCCGGCCATACG-1,0.890369,0.000087,0.109544
ACATCGTTAACCTAGT-1,0.878242,0.117599,0.004159
ACATCTCAACGCGTAA-1,0.997185,0.000939,0.001876
ACATGGCTCAATTTAG-1,0.459273,0.535311,0.005417
ACATTAGTTTATATCC-1,0.761641,0.022758,0.215601
ACCAAACACCCAGCGA-1,0.718384,0.280889,0.000726
ACCAAACTAGAAATCC-1,0.99744,0.000853,0.001707
ACCAACACCACACACT-1,0.564278,0.103919,0.331803
ACCAACCGCACTCCAC-1,0.998607,0.000464,0.000929
ACCAACGCTTATTTAT-1,0.733252,0.037435,0.229313
ACCAAGAACGCGTGTC-1,0.934436,0.002353,0.063211
ACCAAGTCATCGGCAG-1,0.429063,0.317886,0.25305
ACCAATATGCAAGTTA-1,0.767318,0.000067,0.232615
ACCACAACTCAGAACA-1,0.736438,0.166378,0.097184
ACCACAAGTTTCTATC-1,0.758617,0.026555,0.214828
ACCACCCTCTCTTCTA-1,0.4744,0.13892,0.386679
ACCACGTGCAGCTATA-1,0.495923,0.149169,0.354908
ACCAGCCCGGTCTTTG-1,0.993479,0.002174,0.004347
ACCAGGAGTGTGATCT-1,0.841544,0.09201,0.066446
ACCAGTGCCCGGTCAA-1,0.993055,0.002314,0.004631
ACCAGTGCGGGAGACG-1,0.642896,0.029022,0.328082
ACCCAACGCCCGTGGC-1,0.521104,0.018021,0.460875
ACCCACCTACATGCTC-1,0.688977,0.115807,0.195215
ACCCATTTGTCCCTCT-1,0.99877,0.00041,0.00082
ACCCGAGCGAAATTAC-1,0.794086,0.204235,0.001679
ACCCGGAAACTCCCAG-1,0.972828,0.000058,0.027114
ACCCGTAGTCTAGTTG-1,0.061913,0.937937,0.000149
ACCCGTGTCATCAGTA-1,0.999956,0.000015,0.000029
ACCCTATAGGACTGAG-1,0.365339,0.466076,0.168585
ACCCTATGCCATATCG-1,0.698712,0.001965,0.299322
ACCCTCCCGTCAGGGC-1,0.898685,0.046706,0.054609
ACCCTCCCTTGCTATT-1,0.512918,0.086309,0.400773
ACCCTGGTAACGCCCT-1,0.58477,0.248552,0.166678
ACCCTTCATCTGCGAA-1,0.879838,0.002277,0.117885
ACCCTTTAGTTCTCCA-1,0.688152,0.005735,0.306114
ACCGAAAGGGCCCTGC-1,0.992821,0.002391,0.004788
ACCGAAGAGTCTGGTT-1,0.774025,0.109373,0.116602
ACCGACACATCTCCCA-1,0.87552,0.000037,0.124443
ACCGACTGAGTCCCAC-1,0.730623,0.154083,0.115293
ACCGAGTCTCCTTATT-1,0.998357,0.000548,0.001096
ACCGATGGTAGCATCG-1,0.337424,0.08754,0.575037
ACCGCAATAACTGCCT-1,0.675869,0.094147,0.229984
ACCGGTCAGGTACACC-1,0.843627,0.00175,0.154622
ACCGGTCTGAGTACGG-1,0.99516,0.001614,0.003226
ACCGTGACCACGTGGG-1,0.936132,0.061644,0.002224
ACCGTTCCCGCTCTGA-1,0.995697,0.001434,0.002869
ACCTAAGTACCTTTCA-1,0.696442,0.07448,0.229079
ACCTAATCGACTTCCT-1,0.232274,0.574778,0.192948
ACCTACTATAAATCTA-1,0.983468,0.005517,0.011015
ACCTCCGCCCTCGCTG-1,0.627004,0.1013,0.271696
ACCTCGAACTTATGCT-1,0.873845,0.013102,0.113053
ACCTGCGTGTCATGTT-1,0.791585,0.000088,0.208327
ACCTTTCCTTTAGAAG-1,0.999315,0.000229,0.000457
ACGAAATGGGCGGCAC-1,0.676051,0.134909,0.18904
ACGACTCTAGGGCCGA-1,0.997484,0.000838,0.001677
ACGACTGGTCATACTC-1,0.998,0.000667,0.001333
ACGAGAACCCATCACG-1,0.892564,0.000603,0.106833
ACGAGATATTTGCTTA-1,0.99703,0.00099,0.00198
ACGAGGATACCACTCT-1,0.559089,0.000067,0.440844
ACGAGGTTTACAACGT-1,0.829334,0.004101,0.166565
ACGAGTACGGATGCCC-1,0.622141,0.234879,0.14298
ACGAGTCGCCGGCGTT-1,0.323729,0.647578,0.028693
ACGATACATAGAACTA-1,0.983622,0.012848,0.003529
ACGATCATACATAGAG-1,0.662259,0.02178,0.315961
ACGATGGATCCGATGC-1,0.986576,0.000219,0.013204
ACGCAAACTAATAGAT-1,0.996212,0.000156,0.003632
ACGCAATCACTACAGC-1,0.472727,0.084781,0.442492
ACGCATAAATGACATG-1,0.995271,0.001577,0.003152
ACGCATACGTTTACTA-1,0.659457,0.000241,0.340302
ACGCATTCGTGAGTAC-1,0.61238,0.013034,0.374586
ACGCCAGATGATTTCT-1,0.955278,0.000067,0.044655
ACGCCAGTGCGTTTGC-1,0.609995,0.14314,0.246865
ACGCCCAGCTGTCGAT-1,0.99757,0.00081,0.00162
ACGCCTGACACGCGCT-1,0.397491,0.391969,0.21054
ACGCGAAGTCAGACGA-1,0.503675,0.046917,0.449408
ACGCGGGCCAAGGACA-1,0.646033,0.004919,0.349048
ACGCTACTGAATGGGC-1,0.015935,0.964363,0.019702
ACGCTAGTGATACACT-1,0.114904,0.057725,0.827372
ACGCTTAGTGTCTCTC-1,0.792339,0.013439,0.194222
ACGGAACACGAGTGCC-1,0.90911,0.053311,0.037578
ACGGAATTTAGCAAAT-1,0.904927,0.000272,0.094802
ACGGACTCTCAAAGCG-1,0.999852,0.000049,0.000099
ACGGAGCGCAAATTAC-1,0.729755,0.260339,0.009905
ACGGATGGTGCGGATA-1,0.875159,0.000162,0.124679
ACGGCACTTGCTTGGG-1,0.707299,0.000401,0.2923
ACGGCCAACATGGACT-1,0.52159,0.014832,0.463577
ACGGCGACGATGGGAA-1,0.544884,0.0291,0.426016
ACGGCGGGTTGCCCTG-1,0.916601,0.030928,0.052471
ACGGCTGGATGTAGAA-1,0.826379,0.121436,0.052185
ACGGGAGTGTCGGCCC-1,0.858696,0.001329,0.139974
ACGGGCGTATGCGACA-1,0.784495,0.072267,0.143238
ACGGTACAGTTCAATG-1,0.99796,0.00068,0.00136
ACGTACAGATTTCTCT-1,0.66114,0.248122,0.090738
ACGTAGATTGCTGATG-1,0.658898,0.01648,0.324622
ACGTAGGAGAGTCGCT-1,0.990848,0.003055,0.006096
ACGTCCTAAACGAGAT-1,0.601283,0.000247,0.39847
ACGTGCGCCTCGTGCA-1,0.909564,0.000593,0.089843
ACGTTCCGCGCTCCGT-1,0.995372,0.001542,0.003086
ACGTTCGCAATCAATT-1,0.664243,0.121148,0.214609
ACGTTCGTTCAGGAAA-1,0.985865,0.000111,0.014025
ACGTTCTGTACAAGTC-1,0.864382,0.000225,0.135393
ACGTTTAGTTGTGATC-1,0.852278,0.000258,0.147464
ACGTTTCGGTGCACTT-1,0.488868,0.510962,0.00017
ACTAATACGTCAGGCG-1,0.910157,0.085292,0.004552
ACTACATCCCGACAAG-1,0.98206,0.005987,0.011954
ACTACCAGCTCTCTGG-1,0.433441,0.174211,0.392348
ACTACGCGTTAGAATT-1,0.922517,0.000076,0.077406
ACTAGTTGCGATCGTC-1,0.626222,0.23279,0.140987
ACTATATGCTGTGTTC-1,0.753353,0.241784,0.004863
ACTATGTCCAGCTGCC-1,0.650104,0.01195,0.337946
ACTATTCGTCCGTGGT-1,0.994996,0.001667,0.003337
ACTATTTCCGGGCCCA-1,0.890752,0.001368,0.107881
ACTCAACGAATGTATT-1,0.67069,0.000405,0.328905
ACTCAAGTGCAAGGCT-1,0.861678,0.000976,0.137346
ACTCAATAAAGGCACG-1,0.861022,0.020118,0.11886
ACTCAGACCTGCTTCT-1,0.99699,0.001003,0.002006
ACTCCAATATCATCAT-1,0.99791,0.000696,0.001393
ACTCCCATTCCTAAAG-1,0.69181,0.065024,0.243166
ACTCCCGAATTCGTTT-1,0.788101,0.00165,0.210249
ACTCCCGTAGACTAGG-1,0.690232,0.129746,0.180022
ACTCCCTAATGCTAAA-1,0.93982,0.000065,0.060115
ACTCCCTAGAATAGTA-1,0.410405,0.153885,0.435709
ACTCCGGCCGACCACT-1,0.995273,0.001577,0.00315
ACTCGCCGTTCGATAA-1,0.943573,0.05623,0.000197
ACTCGTAACCCGTCCT-1,0.670151,0.000154,0.329695
ACTCTCTTATACACGA-1,0.99441,0.001865,0.003725
ACTCTGACCTAATAGA-1,0.69737,0.162691,0.139939
ACTCTTGTATAGTAAC-1,0.149494,0.032365,0.818141
ACTGAAACGCCGTTAG-1,0.277288,0.596244,0.126468
ACTGAATGGCGAAAGT-1,0.447805,0.061697,0.490498
ACTGATTTAGTGATTC-1,0.998734,0.000422,0.000844
ACTGCCGTCGTAACTC-1,0.901599,0.001103,0.097298
ACTGTACGATACACAT-1,0.479789,0.077668,0.442543
ACTGTAGCACTTTGGA-1,0.000918,0.759445,0.239637
ACTGTATACGCGAGCA-1,0.995902,0.001365,0.002733
ACTGTCCAGGATTATA-1,0.57728,0.282173,0.140546
ACTGTCTTCTTTAGAA-1,0.620046,0.037051,0.342903
ACTGTGCTAGTAGATC-1,0.875107,0.123163,0.00173
ACTGTTTAGTGTAGGC-1,0.692163,0.21344,0.094397
ACTTACCGGGCGCGCA-1,0.997375,0.000875,0.00175
ACTTACGCATCCACGC-1,0.146892,0.811082,0.042026
ACTTAGTACGACAAGA-1,0.886975,0.000638,0.112387
ACTTATACTTACCCGG-1,0.16649,0.154374,0.679136
ACTTATCTGATCTATA-1,0.728116,0.193418,0.078465
ACTTCAGGCTGATCCC-1,0.615923,0.104669,0.279409
ACTTCCATGCGGGACA-1,0.884529,0.112283,0.003188
ACTTCCTGTCGTGCGA-1,0.708213,0.161728,0.130059
ACTTCGCCATACGCAC-1,0.531281,0.204689,0.264029
ACTTGCCATATTGTAC-1,0.996321,0.001227,0.002453
ACTTGGGACCCGGTGG-1,0.196382,0.04132,0.762298
ACTTGTGGATGGAACG-1,0.516209,0.061604,0.422186
ACTTTACCCTCATGAA-1,0.628047,0.072111,0.299842
ACTTTCCTATAGCTTC-1,0.704849,0.131325,0.163826
ACTTTGGTCGTGCTCC-1,0.806242,0.192256,0.001503
AGAACGTGGTACATTC-1,0.538092,0.040841,0.421067
AGAAGAGCGCCGTTCC-1,0.664328,0.000969,0.334703
AGAAGGTACACTTCAC-1,0.770745,0.22562,0.003635
AGAAGGTTGTAGGTCG-1,0.996224,0.001258,0.002517
AGAAGTGATTCGTGAT-1,0.761002,0.039506,0.199492
AGAATGCGGGTTCGGA-1,0.993674,0.002109,0.004217
AGAATTATGGATTCGA-1,0.496401,0.239753,0.263846
AGAATTGTTTGACATA-1,0.626522,0.13048,0.242998
AGACATAGATCCTTCC-1,0.99609,0.001303,0.002607
AGACCATGGGATACAA-1,0.874714,0.000593,0.124693
AGACCCACCGCTGATC-1,0.348675,0.143722,0.507603
AGACCCGCCCTCCTCG-1,0.811984,0.107871,0.080144
AGACGAAGTGCCGGTC-1,0.567146,0.098174,0.33468
AGACGACGATGCCGCT-1,0.733353,0.000258,0.266389
AGACGGGCCGATTTAA-1,0.84521,0.001728,0.153062
AGACTAGCCTTCCAGA-1,0.740845,0.024361,0.234793
AGACTGTTACCGGGTC-1,0.999865,0.000045,0.00009
AGAGAACCGTCTAGGA-1,0.406507,0.140154,0.453339
AGAGAAGGAGTACAAT-1,0.827214,0.001367,0.171419
AGAGCCGCCGAGATTT-1,0.863239,0.014467,0.122294
AGAGCGGGCTAATCAT-1,0.763492,0.000284,0.236224
AGAGCGTACAAGCTCG-1,0.974374,0.000516,0.02511
AGAGCTACGAAAGCAT-1,0.380806,0.615559,0.003636
AGAGGCTTCGGAAACC-1,0.528292,0.330259,0.141449
AGAGGGACAATTGTCC-1,0.971296,0.009562,0.019141
AGAGGTATCTCGGTCC-1,0.995563,0.001479,0.002958
AGAGTATAGTGTTACG-1,0.962369,0.006763,0.030869
AGAGTCTTAATGAAAG-1,0.630442,0.074928,0.29463
AGAGTTAGAGACCGAT-1,0.991224,0.002929,0.005847
AGATAACTTCAGGGCC-1,0.611022,0.059167,0.329811
AGATACCAATAGAACC-1,0.946704,0.053139,0.000157
AGATACCAGCACTTCA-1,0.860102,0.134677,0.00522
AGATACGACTTCATAT-1,0.876271,0.120888,0.002841
AGATACTCAAGATCGA-1,0.497505,0.048521,0.453974
AGATATAATACGACTA-1,0.997746,0.000751,0.001503
AGATCGTGCATAAGAT-1,0.828313,0.167206,0.004481
AGATCTCAGGTGTGAT-1,0.53243,0.054561,0.413009
AGATGACTCGCCCACG-1,0.962716,0.004428,0.032856
AGATGAGGGTTGCGAT-1,0.545011,0.451164,0.003824
AGATGCAAGACGTGCA-1,0.099162,0.773954,0.126884
AGATTATAGGACGTTT-1,0.320208,0.057296,0.622496
AGATTCAAGCGGGTCG-1,0.758415,0.146526,0.095059
AGATTCACAACCGATA-1,0.615912,0.212733,0.171355
AGCAAAGGCCGCTAGT-1,0.894757,0.0158,0.089444
AGCAACCGAAAGTAAT-1,0.46608,0.531487,0.002432
AGCACCAGTACTCACG-1,0.690488,0.000166,0.309345
AGCACTACCTCACCAG-1,0.303858,0.057992,0.63815
AGCACTTAAGGACGCC-1,0.97947,0.004337,0.016193
AGCAGAAGGAGAAAGA-1,0.89082,0.108619,0.000561
AGCAGCCAGATGAATA-1,0.934143,0.000278,0.065579
AGCATATCAATATGCT-1,0.903315,0.028896,0.06779
AGCATCATTTCGAAAG-1,0.643694,0.142946,0.21336
AGCATCGTCGATAATT-1,0.948371,0.029261,0.022368
AGCATTACGAGGCAAG-1,0.973771,0.025733,0.000496
AGCCAAGCTTTGTGTC-1,0.600327,0.000355,0.399318
AGCCACAGGTTACCCG-1,0.575027,0.001186,0.423787
AGCCACTCCCGTGCTT-1,0.947257,0.000529,0.052214
AGCCCGCAACAAGCAG-1,0.99338,0.002207,0.004412
AGCCCGCACTACAATG-1,0.69911,0.300381,0.000509
AGCCCGGCATTAGAGG-1,0.743634,0.242046,0.01432
AGCCCGGTAGCCTGTA-1,0.816235,0.000825,0.18294
AGCCCTAAGCGAAGTT-1,0.998798,0.000401,0.000802
AGCCCTCCCTGGTGGC-1,0.860167,0.087452,0.052381
AGCCCTTCTAATCCGA-1,0.561553,0.183726,0.254721
AGCCGTGGCTAAATGT-1,0.934811,0.000565,0.064624
AGCCTAATACCCACGT-1,0.837431,0.030711,0.131859
AGCCTTAAAGCGGAAG-1,0.661629,0.112239,0.226132
AGCGACAGGAACGGTC-1,0.527162,0.127116,0.345723
AGCGACATCCCATTCA-1,0.705412,0.000772,0.293817
AGCGACCAACGATATT-1,0.726696,0.046529,0.226775
AGCGATGCGCCTAATA-1,0.934653,0.064636,0.000711
AGCGCATAATGAATCG-1,0.903328,0.041319,0.055353
AGCGCGGGTGCCAATG-1,0.761746,0.000497,0.237757
AGCGCTTATGGGCAAG-1,0.993055,0.002315,0.00463
AGCGGACACTTCGTAG-1,0.909334,0.000136,0.09053
AGCGGCGGTTAGCGGT-1,0.566578,0.000255,0.433166
AGCGGGAAGGGTCCAT-1,0.996609,0.00113,0.002261
AGCGGGTCTGACACTC-1,0.705015,0.000982,0.294003
AGCGGTTGCCGCTCTG-1,0.448518,0.551385,0.000097
AGCGTACGAGAGCTAG-1,0.994814,0.00173,0.003456
AGCGTAGCGCTAGACC-1,0.912272,0.083953,0.003775
AGCGTCTGAACCCGCA-1,0.954938,0.00032,0.044741
AGCGTGGTATTCTACT-1,0.408104,0.043594,0.548302
AGCGTTCCGATTTAAA-1,0.875102,0.001479,0.123419
AGCTAACAAGCAATGT-1,0.971146,0.015914,0.01294
AGCTAAGTACGCAGGC-1,0.928854,0.000815,0.070331
AGCTAGAAGCAGAAGT-1,0.007758,0.988366,0.003876
AGCTATTTAATCCAAC-1,0.996651,0.000056,0.003293
AGCTCCATATATGTTC-1,0.891378,0.054926,0.053696
AGCTCCTTCGCACATC-1,0.950188,0.002494,0.047318
AGCTCTTCCCAGTGCA-1,0.979095,0.000245,0.02066
AGCTGAAGTAAACCAA-1,0.986653,0.006674,0.006673
AGCTGCATTTGAGGTG-1,0.993174,0.002276,0.00455
AGCTGCTGTGCCGAAT-1,0.875475,0.124029,0.000496
AGCTGTAACCTCAATC-1,0.776917,0.220028,0.003055
AGCTTATAGAGACCTG-1,0.996528,0.001157,0.002315
AGCTTCTTCTCGAGCA-1,0.672515,0.000068,0.327417
AGGAAAGCCTCTGATG-1,0.404275,0.25366,0.342065
AGGAAGCTGTCCGCCG-1,0.963171,0.000122,0.036707
AGGACATCGCACGTCG-1,0.918343,0.000447,0.08121
AGGACGCTCGATGTTG-1,0.911881,0.087048,0.001071
AGGAGACATCCACAGT-1,0.576043,0.232715,0.191241
AGGAGGCCTTCGCGCG-1,0.56391,0.359803,0.076288
AGGATAAAGTCGGGAT-1,0.697696,0.196997,0.105307
AGGATATCCGACTGCA-1,0.99777,0.000743,0.001487
AGGATCACGCGATCTG-1,0.699931,0.212061,0.088008
AGGATTGCTTACGACA-1,0.817987,0.068484,0.113529
AGGCAAAGAGGAATCA-1,0.937804,0.000353,0.061843
AGGCAATACGGAGGAC-1,0.00667,0.828699,0.164631
AGGCAGATGCGTAAAC-1,0.649971,0.148411,0.201617
AGGCAGGGAGCGTACT-1,0.932749,0.000139,0.067112
AGGCATTGTCGTAGGG-1,0.442508,0.315776,0.241716
AGGCCACCCGTTATGA-1,0.490946,0.435804,0.07325
AGGCCCAGTGACTGGT-1,0.230425,0.701123,0.068452
AGGCCCATTGTACAGG-1,0.998827,0.000391,0.000782
AGGCCCTAGAACGCCA-1,0.684212,0.055066,0.260722
AGGCCTGAGAATCTCG-1,0.996738,0.001087,0.002175
AGGCGGTTTGTCCCGC-1,0.777663,0.219984,0.002353
AGGCGTCTATGGACGG-1,0.824484,0.165959,0.009557
AGGCTATGGTTAGCTT-1,0.625728,0.031147,0.343125
AGGCTTCCCGAAGAAG-1,0.640636,0.00092,0.358445
AGGCTTGCTAGACACC-1,0.781943,0.064326,0.153731
AGGGAAACGAGGTACT-1,0.623885,0.26111,0.115006
AGGGACAGCACGGCGG-1,0.996445,0.001185,0.00237
AGGGACTCTACGCGAC-1,0.507543,0.421494,0.070962
AGGGAGACATACTTCG-1,0.815219,0.00101,0.183771
AGGGCAGCGGCGTGGT-1,0.896701,0.000401,0.102898
AGGGCGTGATCGGCTA-1,0.966186,0.000207,0.033607
AGGGCTGCAGTTACAG-1,0.286984,0.005097,0.70792
AGGGTCAGAGCACTCG-1,0.907198,0.092603,0.000199
AGGGTCAGTAACCCTA-1,0.206726,0.653297,0.139977
AGGGTCGATGCGAACT-1,0.590863,0.036365,0.372772
AGGGTCTGGACGCAGT-1,0.000458,0.965457,0.034086
AGGGTGCCGTTCTTTA-1,0.985658,0.004777,0.009565
AGGGTGCTCTCGAGGG-1,0.550895,0.091666,0.357439
AGGGTGTGCTACACGC-1,0.789986,0.191296,0.018718
AGGGTTCCCTTTGGTT-1,0.559768,0.000444,0.439788
AGGGTTTAGTTCGGGA-1,0.53003,0.027802,0.442168
AGGTAACCTCCTATTC-1,0.996014,0.00133,0.002656
AGGTACGATATTGCCA-1,0.906215,0.089958,0.003827
AGGTAGATCGAGATAT-1,0.942878,0.000281,0.056841
AGGTCAGGTGAGAGTG-1,0.848228,0.043471,0.108301
AGGTCGCCACTTCGGT-1,0.749012,0.24845,0.002538
AGGTCGCGGAGTTACT-1,0.902597,0.000474,0.096929
AGGTGCACGTCCACAT-1,0.874801,0.122846,0.002353
AGGTGGTGACCTTCGC-1,0.835672,0.117904,0.046424
AGGTTGAGGCACGCTT-1,0.990292,0.007934,0.001774
AGTAACGTTCATCCTG-1,0.526462,0.466711,0.006827
AGTAACTATAGCAGCC-1,0.533307,0.464322,0.002371
AGTAATGTCTTGCCGC-1,0.789556,0.000496,0.209948
AGTACAGAAGCTTATA-1,0.998516,0.000495,0.000989
AGTACATCATTTATCA-1,0.997374,0.000875,0.00175
AGTACCTTCGAGTGCT-1,0.99217,0.002611,0.005219
AGTACGGGCACCTGGC-1,0.651535,0.039042,0.309424
AGTACGTGGCCTGTCT-1,0.990838,0.003054,0.006107
AGTACTCTTATGCCCA-1,0.031597,0.823312,0.145091
AGTAGAAGGCGCCTCA-1,0.839989,0.000267,0.159744
AGTAGCGTGAACGAAC-1,0.864947,0.003986,0.131068
AGTAGCTAGACGCCGA-1,0.991726,0.002759,0.005515
AGTAGGAAGGAAGTTG-1,0.917017,0.081766,0.001217
AGTAGGTAACATACAT-1,0.882383,0.111758,0.005858
AGTATAATACTAGGCA-1,0.768731,0.001751,0.229518
AGTATACACAGCGACA-1,0.995402,0.001578,0.003021
AGTATCCATAATAACG-1,0.699089,0.234029,0.066882
AGTATGCTGGAGACCA-1,0.393247,0.505172,0.101581
AGTATTTGGCACGACC-1,0.99996,0.000013,0.000027
AGTCAAATGATGTGAT-1,0.758245,0.194441,0.047314
AGTCAAGATGACACTT-1,0.313622,0.319638,0.366739
AGTCACTAGCTCTCGA-1,0.4229,0.503925,0.073175
AGTCACTCCGCCTCAT-1,0.960277,0.023913,0.015811
AGTCAGCCACCGCCTG-1,0.711022,0.000467,0.28851
AGTCCAGCGGGTACGT-1,0.816808,0.179934,0.003259
AGTCCCGCCTTTAATT-1,0.791188,0.033587,0.175226
AGTCCCTCGCAGAAAG-1,0.788593,0.035149,0.176258
AGTCGAATTAGCGTAA-1,0.589977,0.263913,0.146109
AGTCGACGGTCTCAAG-1,0.211962,0.011718,0.77632
AGTCGGCCCAAACGAC-1,0.673912,0.000938,0.325151
AGTCGGCTCAACTTTA-1,0.997647,0.000784,0.001569
AGTCGTATAAAGCAGA-1,0.922411,0.000397,0.077192
AGTCGTCGACCACCAA-1,0.670924,0.326962,0.002114
AGTCGTGGGCATTACG-1,0.672721,0.069285,0.257994
AGTCTAAAGTATACTC-1,0.620266,0.000361,0.379373
AGTCTCACAAGACTAC-1,0.79601,0.001305,0.202684
AGTCTGGACATCCTTG-1,0.814046,0.183847,0.002108
AGTCTTCTCCTCAAAT-1,0.818875,0.013357,0.167768
AGTCTTTAAAGTGTCC-1,0.781778,0.001216,0.217005
AGTGAAGATGGTGTCC-1,0.580068,0.064554,0.355378
AGTGACTGTGACACAA-1,0.996476,0.001175,0.002349
AGTGAGACTTCCAGTA-1,0.000158,0.073211,0.926631
AGTGAGCCTCGCCGCC-1,0.400351,0.588607,0.011042
AGTGAGGGTTTCTGAC-1,0.889638,0.001916,0.108446
AGTGAGTCGAATTAAC-1,0.929832,0.069968,0.0002
AGTGATAACCTGCGCG-1,0.920895,0.001839,0.077267
AGTGATATGAGTAGTT-1,0.517844,0.006313,0.475843
AGTGATTCAAGCAGGA-1,0.137945,0.339553,0.522502
AGTGCACGCTTAAGAA-1,0.448569,0.367447,0.183984
AGTGCGTAGCTCGTAA-1,0.483094,0.004311,0.512595
AGTGCTAAACACAGCA-1,0.995422,0.001526,0.003052
AGTGGCGGCAATTTGA-1,0.654767,0.220166,0.125067
AGTGGCGTCTGAAGGT-1,0.994184,0.001938,0.003878
AGTGGGAGTATACACG-1,0.458117,0.229907,0.311977
AGTGTATTGCGCATTG-1,0.917132,0.001354,0.081514
AGTGTGGTCTATTGTG-1,0.456909,0.393021,0.15007
AGTTAAGCGGTCCCGG-1,0.997978,0.000674,0.001348
AGTTAAGTCAACCGCT-1,0.736075,0.058594,0.20533
AGTTACTCTATCGTGG-1,0.952236,0.000365,0.047399
AGTTATTGAAAGGTAA-1,0.997594,0.000802,0.001604
AGTTCCTACAGAATTA-1,0.672517,0.205887,0.121596
AGTTCTGCGTTGTATC-1,0.867301,0.002315,0.130383
AGTTGACATCGGCTGG-1,0.849332,0.068136,0.082532
AGTTGACGGTCCTTGC-1,0.937991,0.000307,0.061701
AGTTGCTGACTGATAT-1,0.721209,0.276459,0.002332
AGTTGGCAAGGCTAGA-1,0.670314,0.279326,0.05036
AGTTTATGTAAAGACA-1,0.731455,0.039564,0.228981
AGTTTCGCAGGTCGGA-1,0.810237,0.002141,0.187622
AGTTTGCACCTGCCTC-1,0.998168,0.000611,0.001221
AGTTTGGCACGGGTTG-1,0.641573,0.173263,0.185163
AGTTTGGCCAGACCTA-1,0.432462,0.219359,0.348179
ATAAACCATTGGACGG-1,0.996474,0.001176,0.00235
ATAAACGGACCCGTAA-1,0.101238,0.017468,0.881294
ATAAACGTTGCACCAC-1,0.885025,0.033685,0.08129
ATAAAGGCTCGGTCGT-1,0.585118,0.00006,0.414822
ATAAAGGTCAAGTACG-1,0.77199,0.223963,0.004046
ATAACGGAGTCCAACG-1,0.809794,0.000183,0.190023
ATAACGTTACCTCCAC-1,0.881211,0.00145,0.11734
ATAAGGTGGAGAACAT-1,0.635496,0.034221,0.330283
ATAAGTACCCGATTGT-1,0.99294,0.002352,0.004708
ATAAGTAGGATTCAGA-1,0.707353,0.135324,0.157323
ATAATACCGTTAGCCG-1,0.626961,0.002208,0.370831
ATAATAGCTGTTGAAT-1,0.251851,0.001768,0.746381
ATAATAGTGTAGGGAC-1,0.77648,0.000443,0.223077
ATAATCTTGGAGAACC-1,0.959134,0.001047,0.03982
ATAATTAGCTAAGTAG-1,0.931193,0.066289,0.002518
ATACAGGCCCTCCAAT-1,0.817609,0.05962,0.122771
ATACCAGCAAATTGCT-1,0.769043,0.000829,0.230128
ATACCAGGCTAATAGA-1,0.99455,0.001817,0.003633
ATACCAGGTGAGCGAT-1,0.910372,0.087593,0.002035
ATACCCTGGCTCAAAT-1,0.523843,0.474165,0.001991
ATACCGTCATCCATAA-1,0.569244,0.303221,0.127535
ATACCTAACCAAGAAA-1,0.842647,0.036062,0.121291
ATACGACAGATGGGTA-1,0.63446,0.078835,0.286705
ATACGCCGATCTACCG-1,0.836334,0.105548,0.058118
ATACGGAACGTCGTTT-1,0.81707,0.001237,0.181692
ATACGGGTTTCGATTG-1,0.665254,0.323815,0.010931
ATACGTACTTAGCCAC-1,0.692992,0.000202,0.306805
ATACGTTATGCACGGA-1,0.998998,0.000334,0.000668
ATACTACCCGTACCAC-1,0.882721,0.000437,0.116841
ATACTAGCATGACCCT-1,0.811258,0.010419,0.178323
ATACTCTCGCCACTCT-1,0.996924,0.001024,0.002051
ATACTGCCTTACACCG-1,0.864715,0.050274,0.085011
ATAGACAACGGGACCT-1,0.568653,0.22982,0.201527
ATAGACGAAGAGAAAG-1,0.682809,0.023359,0.293832
ATAGAGTACTGGGACA-1,0.651562,0.192451,0.155987
ATAGAGTTATCAACTT-1,0.721577,0.0003,0.278124
ATAGATTTGCAGTCGG-1,0.998061,0.000646,0.001292
ATAGCAACTAGGGAAG-1,0.938511,0.000119,0.061371
ATAGCCATAACAGTCA-1,0.692917,0.306747,0.000335
ATAGCCTCAGTACCCA-1,0.486174,0.51109,0.002735
ATAGGAATCTAAGCTT-1,0.984049,0.005316,0.010634
ATAGGCTAGCTTCGCA-1,0.483169,0.087905,0.428926
ATAGGGATATCCTTGA-1,0.908404,0.014087,0.077509
ATAGGTTGGGCAGATG-1,0.472702,0.149873,0.377425
ATAGTCTTTGACGTGC-1,0.996879,0.00104,0.002082
ATATAAAGCGCTCGTG-1,0.999779,0.000074,0.000147
ATATAAATGTAGCTGC-1,0.904249,0.000177,0.095574
ATATAACACGGGCGCA-1,0.920626,0.00021,0.079164
ATATACGCTCGTGACG-1,0.999323,0.000226,0.000451
ATATAGAGTATTGGTC-1,0.993276,0.002242,0.004481
ATATCGTGCCAGACCC-1,0.920852,0.076128,0.00302
ATATCGTTCCTCGAAC-1,0.799577,0.001709,0.198714
ATATCTCCCTCGTTAA-1,0.722642,0.065537,0.211821
ATATCTTAGGGCCTTC-1,0.44578,0.000065,0.554155
ATATGTCTCCCTAGCC-1,0.487932,0.101424,0.410644
ATATGTGCACAAACCA-1,0.857025,0.047657,0.095318
ATATTCCACATAGTGA-1,0.561953,0.006405,0.431642
ATATTCCCACAGGTCA-1,0.996223,0.001259,0.002518
ATATTGCTGTCAAAGT-1,0.870976,0.001464,0.12756
ATATTTAACCCTCAAG-1,0.697907,0.031196,0.270897
ATCAAACGAAGGTTTG-1,0.501847,0.157929,0.340225
ATCAATCTGGGCTGCA-1,0.62879,0.029143,0.342067
ATCAATGCCGTGGCTG-1,0.821017,0.175207,0.003776
ATCACATTAGAATATC-1,0.949308,0.023305,0.027387
ATCACGTGCTAATTAA-1,0.682301,0.056654,0.261045
ATCACTTCATCCTCGC-1,0.957844,0.00004,0.042116
ATCAGCCTCATGCTGC-1,0.663354,0.276404,0.060242
ATCAGCTCGTCCACTA-1,0.472652,0.036883,0.490465
ATCAGGTCGCCATTGC-1,0.991876,0.002707,0.005417
ATCAGTAGGCAGGGAT-1,0.380818,0.509849,0.109333
ATCATAGCCCTATGTA-1,0.87143,0.000203,0.128367
ATCCAACGCAGTCATA-1,0.83227,0.083807,0.083922
ATCCACATCGACAGAA-1,0.89383,0.069361,0.036808
ATCCACGCTAAATGTT-1,0.994993,0.00167,0.003338
ATCCACTTTCAGACTA-1,0.707768,0.00092,0.291312
ATCCAGAGCAACAACC-1,0.587052,0.033108,0.37984
ATCCCATCCACAGCGC-1,0.812988,0.181044,0.005968
ATCCTGCGTGGAATGG-1,0.459636,0.027546,0.512817
ATCCTGCTGCAGATAG-1,0.797993,0.000792,0.201215
ATCGACTCTTTCCGTT-1,0.759387,0.015313,0.2253
ATCGCACGATTGTTCA-1,0.012482,0.981284,0.006234
ATCGCACGCCGGGAGA-1,0.774675,0.000093,0.225232
ATCGCTGCGTGCAGCA-1,0.656296,0.075198,0.268506
ATCGGAGACAGACGGC-1,0.663995,0.189888,0.146117
ATCGGCAAGCAGTCCA-1,0.70091,0.294533,0.004557
ATCGTCCAATCGAGTC-1,0.166769,0.776156,0.057074
ATCGTGGAAAGTCTGG-1,0.99542,0.001526,0.003054
ATCGTTAGCTAGCGGA-1,0.832664,0.000997,0.166339
ATCGTTCACTTTCGCC-1,0.988042,0.003983,0.007975
ATCTAATATCCTACGG-1,0.847257,0.000178,0.152565
ATCTACCATCTGCTCC-1,0.998742,0.000419,0.000839
ATCTAGCTTGTGAGGG-1,0.997698,0.000767,0.001534
ATCTATCGATGATCAA-1,0.602998,0.206134,0.190868
ATCTCATAAACCTACC-1,0.99156,0.002816,0.005623
ATCTCCCACGGAATAT-1,0.510032,0.150459,0.33951
ATCTCCCTGCAATCTA-1,0.970479,0.028906,0.000615
ATCTGACATGGAAGGA-1,0.998756,0.000415,0.00083
ATCTGATAGTGTCTTA-1,0.492315,0.396135,0.11155
ATCTGCACCTCTGCGA-1,0.582359,0.122279,0.295362
ATCTGCTGTTATCGCC-1,0.996741,0.001087,0.002172
ATCTGGGCTGTTCTTG-1,0.902328,0.000318,0.097355
ATCTGGTTAAGACTGT-1,0.61661,0.000364,0.383026
ATCTGTAATTGTACCC-1,0.816291,0.118444,0.065266
ATCTTATCGCACACCC-1,0.967077,0.000105,0.032818
ATCTTGACCTGCAACG-1,0.660138,0.338319,0.001543
ATCTTGACTTGTCCAA-1,0.623128,0.188162,0.18871
ATCTTTCGTATAACCA-1,0.418441,0.217914,0.363645
ATGAAGCCAAGGAGCC-1,0.927917,0.000124,0.071958
ATGACGCCGGCTCTAA-1,0.698234,0.003188,0.298578
ATGACGCGTTCTATCC-1,0.849284,0.051854,0.098863
ATGACTATCAGCTGTG-1,0.870047,0.000635,0.129318
ATGACTATGCGACATT-1,0.541689,0.043035,0.415275
ATGAGGAGTGTTAATC-1,0.80995,0.183218,0.006833
ATGATCGGGAATAGAC-1,0.927574,0.068496,0.00393
ATGCACGCGCTGTTCA-1,0.799948,0.127884,0.072167
ATGCACTACCGCATTG-1,0.185137,0.710184,0.104679
ATGCATGATCCAGGAT-1,0.861847,0.000169,0.137984
ATGCATTCCGTGATGG-1,0.862518,0.000603,0.136879
ATGCCAATCGCTCTGC-1,0.577189,0.418463,0.004348
ATGCCGGTCTTGCATA-1,0.399357,0.275759,0.324883
ATGCCGGTTGATGGGA-1,0.711749,0.067484,0.220767
ATGCGACAATTGGTCC-1,0.572716,0.083423,0.34386
ATGCGACAGTCCCATT-1,0.000645,0.000019,0.999336
ATGCGAGTCCCACCAC-1,0.692509,0.107703,0.199787
ATGCTCAGTGTTGCAT-1,0.760485,0.000364,0.239151
ATGCTCTGGCGCGGTA-1,0.999865,0.000045,0.00009
ATGGAACAGAATAAAC-1,0.968433,0.031438,0.000129
ATGGAGCAGGCCGTGA-1,0.01426,0.000013,0.985727
ATGGATCCGGCGTCCG-1,0.918367,0.00032,0.081312
ATGGATTGACCAAACG-1,0.886758,0.000101,0.113141
ATGGCAGCATTACGAT-1,0.984081,0.005307,0.010612
ATGGCTGGAAATGGCC-1,0.891005,0.001631,0.107364
ATGGGAACGGAAGCGG-1,0.990431,0.003192,0.006377
ATGGGACCTGCTGAAC-1,0.643092,0.000903,0.356005
ATGGGTGTATACCTCC-1,0.982791,0.005739,0.01147
ATGGTGCTCAAAGCCA-1,0.938877,0.000377,0.060746
ATGGTTACGAAACATG-1,0.587061,0.14994,0.262999
ATGTAAGGCTGCTCTT-1,0.959643,0.000524,0.039833
ATGTACATGCGGTGAG-1,0.513137,0.486784,0.000079
ATGTACGATGACGTCG-1,0.784573,0.000144,0.215283
ATGTAGCGCGCGTAGG-1,0.994813,0.001731,0.003457
ATGTGAAAGCCTAATG-1,0.838028,0.000391,0.161581
ATGTGCATCCGACGCA-1,0.846163,0.000104,0.153733
ATGTGGACATCTTGAT-1,0.3335,0.015504,0.650996
ATGTGTAGTTTAGTCA-1,0.996321,0.001226,0.002452
ATGTTACGAGCAATAC-1,0.962406,0.036653,0.000941
ATGTTGATTAGAGACT-1,0.871358,0.00014,0.128502
ATGTTGTAGTCTGTTT-1,0.859388,0.000156,0.140456
ATGTTTGTAAGATCAT-1,0.691413,0.156926,0.151661
ATTAAAGCGGACGAGC-1,0.154437,0.608409,0.237155
ATTAATACTACGCGGG-1,0.932115,0.0057,0.062185
ATTAATGAACCAGTCG-1,0.655361,0.144584,0.200055
ATTAATTCGGTCACTC-1,0.841636,0.000957,0.157407
ATTACAACTACCGGCC-1,0.997342,0.000886,0.001772
ATTACGACTCCACAGT-1,0.344322,0.405898,0.24978
ATTACTAGCCTCTTGC-1,0.996583,0.001139,0.002278
ATTACTTACTGGGCAT-1,0.091542,0.805858,0.102599
ATTAGATTCCTCAGCA-1,0.699913,0.089455,0.210632
ATTAGATTGATAGCGG-1,0.405666,0.494039,0.100295
ATTATACTTTGCTCGT-1,0.927275,0.071076,0.001649
ATTATAGCTACTTTAC-1,0.626758,0.000151,0.373091
ATTATCGGAATGTACG-1,0.99629,0.001237,0.002474
ATTATCTCGACAGATC-1,0.995271,0.001576,0.003153
ATTATGCCATAGGGAG-1,0.999622,0.000126,0.000252
ATTATGCTCAGTATTG-1,0.696576,0.171361,0.132063
ATTATTATGTCCGTCA-1,0.993269,0.002245,0.004486
ATTATTCAGAGTCACT-1,0.874759,0.000159,0.125082
ATTCAAAGTACCTGTT-1,0.56174,0.305599,0.132661
ATTCAACCATTTAAGG-1,0.895094,0.000244,0.104661
ATTCACTGATGTTGGA-1,0.895207,0.000057,0.104736
ATTCAGATGAATCCCT-1,0.686366,0.224748,0.088887
ATTCAGGACCTATTTC-1,0.865803,0.001613,0.132584
ATTCAGTAGCAGGGTC-1,0.370222,0.517637,0.112142
ATTCATATACTGTCCA-1,0.554205,0.010619,0.435176
ATTCATCGTTGAGGCA-1,0.996611,0.001129,0.002259
ATTCCCACATAAACAA-1,0.606715,0.221277,0.172008
ATTCCTAAGACGTGGA-1,0.95028,0.001282,0.048438
ATTCCTCCGCCAGTGC-1,0.003753,0.689785,0.306462
ATTCCTTCCAGGCGGT-1,0.782739,0.001328,0.215932
ATTCGCGCCTTGAGAG-1,0.99948,0.000174,0.000347
ATTCGTCCCGAGGTTA-1,0.226617,0.363646,0.409737
ATTCTCGTCTCTTTAG-1,0.995323,0.001559,0.003118
ATTCTGAGTATGAACT-1,0.95703,0.002048,0.040922
ATTCTTCGTACTTATG-1,0.999534,0.000155,0.000311
ATTGAAGATCTTAGTG-1,0.746393,0.061156,0.192451
ATTGAATTCCCTGTAG-1,0.488277,0.365629,0.146095
ATTGACCGGCGATGAC-1,0.453354,0.542362,0.004284
ATTGACGTAACTCGGT-1,0.995052,0.001649,0.0033
ATTGATAGCAACGAGA-1,0.997187,0.000938,0.001875
ATTGATGAGTCCTAAC-1,0.611409,0.029397,0.359193
ATTGCCTTTATGTTTG-1,0.820342,0.000801,0.178856
ATTGCGATCAGTAACT-1,0.488524,0.356687,0.154789
ATTGGATTACAGCGTA-1,0.909181,0.067594,0.023225
ATTGGGAATATCTTGG-1,0.785581,0.001559,0.21286
ATTGGGAGTTCTGTAA-1,0.281526,0.001407,0.717068
ATTGGTTGTGCATTAC-1,0.759311,0.23955,0.001138
ATTGTCGCAATACCTT-1,0.935586,0.000295,0.06412
ATTGTGACTTCGCTGC-1,0.99122,0.002927,0.005854
ATTTAACTCGTATTAC-1,0.585632,0.33213,0.082238
ATTTACAGTTTACTGG-1,0.73807,0.171446,0.090485
ATTTACTAAGTCCATT-1,0.825005,0.00101,0.173985
ATTTCATTATTTCGCG-1,0.851996,0.051382,0.096622
ATTTCCGGGTTCTGCG-1,0.99402,0.001994,0.003986
ATTTGCCTAGTTACGA-1,0.937559,0.061812,0.000628
ATTTGCGCGAGTAGCT-1,0.870372,0.000275,0.129353
ATTTGTTCCAGGGCTC-1,0.957017,0.000285,0.042698
CAAACCCTCCGGCGGG-1,0.978499,0.007162,0.014339
CAAACGAGTATCGCAG-1,0.320811,0.201929,0.47726
CAAACGGTCGCACTTT-1,0.774317,0.053237,0.172446
CAAACGTGGTCTTGCG-1,0.995165,0.001611,0.003223
CAAACTACGATAGAGA-1,0.996382,0.001206,0.002413
CAAACTATTGAGCTTC-1,0.985663,0.004778,0.009559
CAAAGATTATTGGGCC-1,0.43461,0.357952,0.207437
CAAAGGTTAAATTCAG-1,0.973216,0.026685,0.000099
CAAAGTCAGGTTAGCT-1,0.007451,0.988819,0.003729
CAAATGCGGAGTGTTC-1,0.821694,0.0616,0.116706
CAAATTGGATTATGCC-1,0.597372,0.154521,0.248106
CAAATTGTCAGCAAGC-1,0.75289,0.045112,0.201998
CAACACATCTCCTGCC-1,0.896949,0.053711,0.04934
CAACAGAATAACGCTA-1,0.998305,0.000565,0.00113
CAACAGTGCCAAACGG-1,0.556967,0.434591,0.008442
CAACATGGCCTGATAA-1,0.004665,0.993002,0.002333
CAACCAGTGGCCTACC-1,0.60068,0.126279,0.273041
CAACCTACCGAGCAGT-1,0.905001,0.000164,0.094835
CAACCTGAACCTGCCA-1,0.774499,0.046496,0.179005
CAACGACCCGTTTACA-1,0.835802,0.000167,0.164031
CAACGGTTCTTGATAC-1,0.99505,0.001649,0.003301
CAACTATATCGAATGC-1,0.301515,0.000395,0.69809
CAACTCCAACGTTTAG-1,0.840613,0.157035,0.002352
CAACTCCGTAACTTGC-1,0.143603,0.035844,0.820553
CAACTCCTTGATCCCG-1,0.768405,0.001316,0.230279
CAACTGAGGGTATGAC-1,0.952137,0.015985,0.031877
CAACTGCTCATCCGAT-1,0.901562,0.000052,0.098386
CAACTTGTAGTGGGCA-1,0.992448,0.002518,0.005034
