Barcode,Topic 1,Topic 2,Topic 3to5,Topic 6to10
AAACAAGTATCTCCCA-1,0.000049,0.025852,0.630424,0.343675
AAACACCAATAACTGC-1,0.012599,0.123977,0.30973,0.553694
AAACAGAGCGACTCCT-1,0.000062,0.000062,0.000186,0.99969
AAACAGCTTTCAGAAG-1,0.000029,0.002911,0.682418,0.314642
AAACAGGGTCTATATT-1,0.000089,0.03696,0.29894,0.66401
AAACATGGTGAGAGGA-1,0.055987,0.026744,0.086913,0.830356
AAACATTTCCCGGATT-1,0.018518,0.045883,0.148683,0.786916
AAACCCGAACGAAATC-1,0.000043,0.014966,0.052485,0.932506
AAACCGGAAATGTTAA-1,0.000026,0.282497,0.120955,0.596522
AAACCGGGTAGGTACC-1,0.00003,0.010782,0.223189,0.766
AAACCGTTCGTCCAGG-1,0.000045,0.074175,0.038645,0.887134
AAACCTAAGCAGCCGG-1,0.003821,0.012132,0.287935,0.696113
AAACCTCATGAAGTTG-1,0.000035,0.012434,0.248595,0.738936
AAACGAAGATGGAGTA-1,0.000039,0.030517,0.385335,0.584109
AAACGAGACGGTTGAT-1,0.000019,0.000019,0.289031,0.710931
AAACGGGCGTACGGGT-1,0.000042,0.026058,0.158686,0.815214
AAACGGTTGCGAACTG-1,0.020001,0.819968,0.06001,0.100022
AAACGTGTTCGCCCTA-1,0.000033,0.000033,0.21974,0.780194
AAACTAACGTGGCGAC-1,0.000035,0.039178,0.045195,0.915592
AAACTCGTGATATAAG-1,0.000258,0.243344,0.60862,0.147778
AAACTGCTGGCTCCAA-1,0.000339,0.000339,0.001017,0.998305
AAACTTAATTGCACGC-1,0.000048,0.000048,0.464943,0.534961
AAACTTGCAAACGTAT-1,0.10551,0.000107,0.461902,0.432481
AAAGAATGACCTTAGA-1,0.000118,0.000544,0.000354,0.998984
AAAGACCCAAGTCGCG-1,0.000216,0.000216,0.000648,0.99892
AAAGACTGGGCGCTTT-1,0.00001,0.015358,0.795487,0.189146
AAAGCTTGCCTACATA-1,0.000018,0.006859,0.892094,0.101029
AAAGGCCCTATAATAC-1,0.07252,0.017106,0.394957,0.515417
AAAGGCTACGGACCAT-1,0.000294,0.41148,0.075224,0.513001
AAAGGGATGTAGCAAG-1,0.000113,0.044369,0.127801,0.827717
AAAGGGCAGCTTGAAT-1,0.000019,0.011148,0.452311,0.536521
AAAGGTAAGCTGTACC-1,0.014583,0.048181,0.226171,0.711065
AAAGTAGCATTGCTCA-1,0.000029,0.014207,0.79419,0.191573
AAAGTCACTGATGTAA-1,0.000345,0.110244,0.001035,0.888376
AAAGTCGACCCTCAGT-1,0.000055,0.014383,0.041531,0.944031
AAAGTGCCATCAATTA-1,0.000035,0.065743,0.004606,0.929616
AAAGTGTGATTTATCT-1,0.000081,0.000081,0.574405,0.425432
AAAGTTGACTCCCGTA-1,0.000066,0.000066,0.729094,0.270775
AAATAACCATACGGGA-1,0.000023,0.003422,0.377892,0.618664
AAATAAGGTAGTGCCC-1,0.000023,0.005332,0.612716,0.381929
AAATACCTATAAGCAT-1,0.00029,0.00029,0.00087,0.99855
AAATAGCTTAGACTTT-1,0.000055,0.000055,0.271083,0.728807
AAATAGGGTGCTATTG-1,0.000332,0.000332,0.28502,0.714315
AAATCCGATACACGCC-1,0.013462,0.000109,0.358392,0.628037
AAATCGCGGAAGGAGT-1,0.041988,0.037948,0.349771,0.570292
AAATCTAGCCCTGCTA-1,0.00098,0.043097,0.000415,0.955509
AAATGATTCGATCAGC-1,0.000048,0.034309,0.144827,0.820816
AAATGCTCGTTACGTT-1,0.000107,0.000107,0.000321,0.999466
AAATGGCATGTCTTGT-1,0.000266,0.000266,0.000798,0.99867
AAATGGCCCGTGCCCT-1,0.000102,0.015205,0.482094,0.502599
AAATGGTCAATGTGCC-1,0.000032,0.004884,0.265093,0.729992
AAATGTATCTTATCCC-1,0.000083,0.000083,0.546285,0.45355
AAATTAATAAGCGCGA-1,0.000009,0.006555,0.732938,0.260498
AAATTACACGACTCTG-1,0.000046,0.000357,0.000137,0.99946
AAATTACCTATCGATG-1,0.000008,0.014794,0.943886,0.041312
AAATTCCAGGTCCAAA-1,0.000038,0.031928,0.249908,0.718126
AAATTGATAGTCCTTT-1,0.000049,0.032646,0.482707,0.484598
AAATTGCGGCGGTTCT-1,0.00006,0.00006,0.639394,0.360487
AAATTGGTGAGAAGCA-1,0.000044,0.072165,0.090218,0.837572
AAATTTGCGGGTGTGG-1,0.000046,0.013279,0.080507,0.906168
AACAACTGGTAGTTGC-1,0.000019,0.007302,0.680037,0.312642
AACAATACATTGTCGA-1,0.000041,0.077365,0.053613,0.868981
AACAATTACTCTACGC-1,0.050294,0.040256,0.193308,0.716141
AACACACGCTCGCCGC-1,0.000093,0.000093,0.307897,0.691918
AACACGACTGTACTGA-1,0.000538,0.000538,0.001613,0.997311
AACACGAGACGCGGCC-1,0.000068,0.019899,0.382783,0.597251
AACACGCGGCCGCGAA-1,0.000031,0.000031,0.383674,0.616265
AACAGCTGTGTGGCAA-1,0.000041,0.024705,0.137003,0.838252
AACAGGAAATCGAATA-1,0.000197,0.000197,0.00059,0.999017
AACAGGATGGGCCGCG-1,0.000033,0.01323,0.33004,0.656697
AACAGGTAGTATGGAT-1,0.000046,0.009875,0.191861,0.798218
AACATATCAACTGGTG-1,0.000017,0.013818,0.570674,0.415491
AACATCGATACGTCTA-1,0.000034,0.014287,0.272804,0.712876
AACATTGAAGTTGATC-1,0.286618,0.294649,0.12671,0.292023
AACATTGGTCAGCCGT-1,0.000141,0.047118,0.144897,0.807844
AACATTGTGACTCGAG-1,0.00004,0.450285,0.000119,0.549557
AACCAAGACTTCTCTG-1,0.089986,0.002077,0.047475,0.860463
AACCATAGGGTTGAAC-1,0.000029,0.011034,0.843145,0.145793
AACCATGGGATCGCTA-1,0.00006,0.00006,0.101622,0.898258
AACCCAGAGACGGAGA-1,0.00004,0.006455,0.610212,0.383293
AACCCATCCCATGATC-1,0.000116,0.000116,0.000347,0.999422
AACCCGAGCAGAATCG-1,0.00005,0.068645,0.218495,0.71281
AACCCTACTGTCAATA-1,0.000064,0.056631,0.432784,0.510521
AACCCTGGTGGAACCA-1,0.000209,0.000209,0.000628,0.998954
AACCGAGCTTGGTCAT-1,0.000086,0.000086,0.000257,0.999571
AACCGCTAAGGGATGC-1,0.015563,0.023011,0.062188,0.899238
AACCGTTGTGTTTGCT-1,0.000488,0.140738,0.001464,0.857311
AACCTCGCTTTAGCCC-1,0.000068,0.049815,0.000205,0.949912
AACCTGTCACGGAATT-1,0.000037,0.034155,0.152767,0.813042
AACCTTTAAATACGGT-1,0.000562,0.000562,0.07461,0.924266
AACCTTTACGACGTCT-1,0.000046,0.011646,0.168884,0.819424
AACGAAAGTCGTCCCA-1,0.000045,0.000045,0.224978,0.774932
AACGATAATGCCGTAG-1,0.000151,0.007451,0.072658,0.919739
AACGATAGAAGGGCCG-1,0.034892,0.000229,0.297366,0.667512
AACGATATGTCAACTG-1,0.000073,0.000073,0.00022,0.999633
AACGCATGATCTGGGT-1,0.000036,0.011628,0.29073,0.697606
AACGCGAACGGCAACA-1,0.000169,0.000169,0.000507,0.999155
AACGCGGTCTCCAGCC-1,0.000085,0.000085,0.000254,0.999577
AACGCTGTTGCTGAAA-1,0.00011,0.000415,0.58417,0.415305
AACGGACGTACGTATA-1,0.000038,0.000038,0.392063,0.607861
AACGGCCATCTCCGGT-1,0.000016,0.013274,0.761738,0.224971
AACGTACTGTGGGTAC-1,0.000035,0.089363,0.270021,0.640581
AACGTCAGACTAGTGG-1,0.00008,0.00008,0.043157,0.956684
AACGTGATGAAGGACA-1,0.000089,0.000089,0.000268,0.999553
AACGTGCGAAAGTCTC-1,0.000035,0.000035,0.161668,0.838263
AACGTTATCAGCACCT-1,0.000022,0.000322,0.474279,0.525377
AACTACCCGTTTGTCA-1,0.000039,0.067033,0.056604,0.876324
AACTCAAGTTAATTGC-1,0.000041,0.123177,0.097592,0.77919
AACTCCAGAGCGTGTT-1,0.069388,0.022994,0.011481,0.896137
AACTCCTAATCCCATG-1,0.000058,0.005583,0.102298,0.892061
AACTCGATAAACACGT-1,0.00011,0.00011,0.395644,0.604137
AACTCGATGGCGCAGT-1,0.000029,0.005015,0.732298,0.262658
AACTCTCAATAGAGCG-1,0.000039,0.032103,0.141192,0.826666
AACTCTCAGTGTGCTC-1,0.000058,0.026735,0.1106,0.862607
AACTGAGGTCAGCGTC-1,0.000032,0.017477,0.275846,0.706645
AACTGAGTTATACTGA-1,0.000024,0.315886,0.038365,0.645725
AACTGATATTAGGCCT-1,0.000082,0.034056,0.000247,0.965614
AACTGGGTCCCGACGT-1,0.000064,0.000064,0.000192,0.99968
AACTGGTGTGGGCCTT-1,0.000397,0.000397,0.001191,0.998015
AACTTCTGCGTCTATC-1,0.000083,0.000083,0.060545,0.939289
AACTTGCCCGTATGCA-1,0.000034,0.003387,0.190057,0.806522
AACTTGCGTTCTCGCG-1,0.000028,0.000028,0.376123,0.62382
AACTTTACGGGAGCTT-1,0.000014,0.007195,0.649191,0.3436
AACTTTCTCGATCATG-1,0.000034,0.007402,0.411297,0.581267
AAGAAATCACCAGATT-1,0.000045,0.003183,0.081552,0.915219
AAGAAGGATCAGTTAG-1,0.00005,0.025721,0.185667,0.788561
AAGACATACGTGGTTT-1,0.432083,0.144831,0.09538,0.327706
AAGACCAAATAACTCA-1,0.007001,0.008381,0.420837,0.563781
AAGACCCAACTGAACA-1,0.000165,0.61439,0.141938,0.243508
AAGACTGCAAGCTACT-1,0.000158,0.017891,0.353061,0.628891
AAGAGATGAATCGGTA-1,0.000013,0.020986,0.816748,0.162253
AAGAGCTCTTTATCGG-1,0.000032,0.000032,0.135877,0.864059
AAGAGGATGTACGCGA-1,0.000043,0.002357,0.032522,0.965078
AAGAGGCATGGATCGC-1,0.012999,0.025124,0.229856,0.732021
AAGAGGCCCTTTGGAA-1,0.000052,0.008837,0.718715,0.272397
AAGATGGCACCGGACC-1,0.000042,0.019352,0.000308,0.980298
AAGATTGGCGGAACGT-1,0.000011,0.000759,0.792281,0.206949
AAGCATACTCTCCTGA-1,0.000606,0.000606,0.001819,0.996969
AAGCCGAAGCGGTTTA-1,0.000059,0.027841,0.123447,0.848654
AAGCCGCCGTGAAATC-1,0.000028,0.002592,0.769363,0.228017
AAGCCGCTTTACCTTG-1,0.000032,0.019614,0.413371,0.566983
AAGCCGGAGAGCAGGA-1,0.000027,0.265615,0.162562,0.571796
AAGCGGAGTGCGCGCA-1,0.000273,0.212828,0.000818,0.786082
AAGCGGCGTCATGGGT-1,0.000326,0.000326,0.249781,0.749568
AAGCGTCCCTCATCGA-1,0.000034,0.026564,0.499825,0.473577
AAGCTAGATCGAGTAA-1,0.000633,0.000633,0.521053,0.47768
AAGCTCGTGCCAAGTC-1,0.000031,0.000031,0.182099,0.81784
AAGCTCTTTCATGGTG-1,0.000089,0.000089,0.000266,0.999557
AAGGAGCGGTTGGTGC-1,0.000076,0.000076,0.271872,0.727975
AAGGATCGATCGCTTG-1,0.000072,0.051173,0.145411,0.803344
AAGGATGAGGGACCTC-1,0.000014,0.007207,0.741892,0.250888
AAGGCAGGCTGTCTCC-1,0.000038,0.022685,0.003058,0.974219
AAGGCGCGTAAAGCTT-1,0.000041,0.000041,0.050868,0.94905
AAGGCTGTGCTCATCG-1,0.000025,0.058045,0.644404,0.297526
AAGGGAACGACTGGCT-1,0.00081,0.011617,0.736976,0.250598
AAGGGACAGATTCTGT-1,0.000011,0.038293,0.750974,0.210722
AAGGGACTATGCATTC-1,0.000035,0.035574,0.695936,0.268456
AAGGGTTTGATTTCAG-1,0.00006,0.021235,0.126509,0.852196
AAGGTATCCTAATATA-1,0.000013,0.015529,0.677462,0.306996
AAGGTGATAAACCAGC-1,0.000063,0.029521,0.112778,0.857638
AAGTAGAAGACCGGGT-1,0.000153,0.000153,0.00046,0.999233
AAGTAGTGACGCGAGG-1,0.000047,0.022176,0.088654,0.889123
AAGTCAATTGTCGTCA-1,0.000071,0.051855,0.223333,0.724741
AAGTCTAGTAGCTGCC-1,0.000053,0.015169,0.115309,0.86947
AAGTCTTCTGTGGCCT-1,0.000041,0.000041,0.071566,0.928351
AAGTGACGACCGAATT-1,0.000039,0.00775,0.059649,0.932562
AAGTGAGTCGGGTTTA-1,0.000057,0.417504,0.000171,0.582268
AAGTGCAAAGGTAGAC-1,0.00001,0.004073,0.682925,0.312992
AAGTGCCTTGACTGTA-1,0.000124,0.000124,0.082524,0.917228
AAGTGCGTTAGAATCT-1,0.000106,0.070787,0.085102,0.844005
AAGTGTTTGGAGACGG-1,0.00018,0.00018,0.00054,0.9991
AAGTTCACTCCAAGCT-1,0.029743,0.000039,0.094453,0.875765
AAGTTCAGTCTGCGTA-1,0.000029,0.033313,0.484391,0.482267
AAGTTCGGCCAACAGG-1,0.004798,0.0031,0.03057,0.961532
AAGTTGTGATGTTATA-1,0.000058,0.063462,0.12926,0.807221
AATAACAACGCTCGGC-1,0.014269,0.008159,0.007822,0.969749
AATAACACTAGAACAA-1,0.000026,0.057235,0.411897,0.530841
AATAATCTTCGTATCG-1,0.000024,0.093454,0.307033,0.599489
AATACAATGTTTCAGG-1,0.000022,0.000022,0.511794,0.488163
AATAGAACAGAGTGGC-1,0.000033,0.14245,0.000099,0.857419
AATAGAATCTGTTTCA-1,0.042001,0.000051,0.064317,0.893631
AATAGCAAGCCTCCTG-1,0.000078,0.000078,0.000235,0.999608
AATAGCTACCGCGTGC-1,0.031057,0.018645,0.433995,0.516303
AATAGTCGCGAGTCGG-1,0.000008,0.000008,0.721247,0.278737
AATATCAAGGTCGGAT-1,0.00007,0.026096,0.000209,0.973625
AATATCCTAGCAAACT-1,0.04526,0.003995,0.280429,0.670315
AATATCGAATCAATGC-1,0.000058,0.062526,0.012821,0.924595
AATATCGAGGGTTCTC-1,0.00002,0.000721,0.606287,0.392972
AATATTGGAGTATTGA-1,0.000058,0.087685,0.002108,0.910149
AATCAGACTGCAGGAC-1,0.000275,0.000275,0.458115,0.541336
AATCATGTAAAGACTC-1,0.000106,0.000106,0.15944,0.840349
AATCCAAGGGCCTGAG-1,0.000195,0.000195,0.000586,0.999023
AATCCATGCAAGGGTG-1,0.000203,0.013116,0.227305,0.759375
AATCGCCTCAGCGCCA-1,0.023727,0.000076,0.000228,0.97597
AATCGCGCAGAGGACT-1,0.000036,0.03948,0.01934,0.941144
AATCGGTATAGCCCTC-1,0.005774,0.112545,0.27273,0.608951
AATCGTGAGCCGAGCA-1,0.000077,0.063654,0.051504,0.884764
AATCTAGGTTTACTTG-1,0.000057,0.063258,0.688143,0.248542
AATCTATGCCGGAGCC-1,0.024519,0.049055,0.632405,0.294021
AATCTCTACTGTGGTT-1,0.000032,0.000032,0.52216,0.477775
AATCTGCGTTGGGACG-1,0.000023,0.001072,0.427932,0.570974
AATCTGGCTTTCTAGT-1,0.00012,0.00012,0.098956,0.900804
AATGACAGCAATGTCT-1,0.000067,0.021743,0.036408,0.941781
AATGACGTAGGATGTC-1,0.040303,0.036557,0.137556,0.785584
AATGACTGTCAGCCGG-1,0.000071,0.000071,0.000214,0.999643
AATGAGTTCGCATATG-1,0.000087,0.024739,0.062776,0.912397
AATGATGATACGCTAT-1,0.001736,0.031099,0.402835,0.56433
AATGATGCGACTCCTG-1,0.000036,0.019114,0.382395,0.598455
AATGCACCAAGCAATG-1,0.000026,0.039609,0.243768,0.716597
AATGGTCCACCGTTCA-1,0.000024,0.021347,0.623347,0.355282
AATGGTTCTCACAAGC-1,0.000361,0.000361,0.001083,0.998194
AATGTATGGCACTGTA-1,0.000071,0.007157,0.019539,0.973233
AATGTGCCCGAGGTGT-1,0.00006,0.035973,0.289411,0.674556
AATGTGCTAATCTGAG-1,0.182865,0.227969,0.166542,0.422624
AATGTTGTCGTGAGAC-1,0.004824,0.047906,0.281217,0.666053
AATTAAAGGTCGGCGT-1,0.000089,0.093736,0.093061,0.813114
AATTAACGGATTTCCA-1,0.002084,0.002084,0.006252,0.98958
AATTACGAGACCCATC-1,0.00004,0.00004,0.153225,0.846695
AATTACTCGTACGCTC-1,0.00009,0.00009,0.131768,0.868051
AATTAGCGCTGCAGCG-1,0.00021,0.200392,0.397231,0.402166
AATTCATAAGGGATCT-1,0.000012,0.017069,0.866255,0.116664
AATTCATTGTCATGCA-1,0.00005,0.022717,0.948349,0.028885
AATTCCAACTTGGTGA-1,0.000174,0.000174,0.488824,0.510829
AATTCCAAGCATGTAC-1,0.012503,0.012503,0.912475,0.06252
AATTCGATTCGAGGAT-1,0.000238,0.01619,0.379046,0.604526
AATTCTAGAGTTAGGC-1,0.00026,0.079526,0.318623,0.601591
AATTGAACGCTCTGGT-1,0.000072,0.000072,0.000215,0.999641
AATTGCAGCAATCGAC-1,0.000042,0.054997,0.671353,0.273608
AATTGCGTGGATTACA-1,0.382007,0.276373,0.104196,0.237424
AATTGTGGTTGCCAAA-1,0.000024,0.103076,0.172849,0.724051
AATTTGGGACATAGTA-1,0.000069,0.051751,0.138611,0.80957
AATTTGGTTCCAAAGA-1,0.000109,0.062686,0.122408,0.814796
ACAAACCATGCGTCCT-1,0.000052,0.002784,0.080917,0.916248
ACAAAGAAGGTAGGCC-1,0.000034,0.000034,0.233504,0.766428
ACAAAGCATGACCTAG-1,0.000038,0.055636,0.651112,0.293214
ACAAATCGCACCGAAT-1,0.000261,0.000261,0.000784,0.998694
ACAAATGGTAGTGTTT-1,0.000043,0.000043,0.100623,0.89929
ACAAATTCAGATCTGA-1,0.00003,0.00003,0.556865,0.443075
ACAACAGCATGAGCTA-1,0.000042,0.000042,0.000126,0.99979
ACAACGGTCCCTGCGA-1,0.000009,0.000009,0.752714,0.247269
ACAAGCAGTGCCTAGC-1,0.000029,0.026963,0.414561,0.558447
ACAAGCTATATGGAAG-1,0.000024,0.048276,0.376223,0.575477
ACAAGGAAATCCGCCC-1,0.000172,0.000172,0.210509,0.789147
ACAAGGACAAGAGGTT-1,0.000018,0.035987,0.597869,0.366127
ACAAGGATGCTTTAGG-1,0.000294,0.000294,0.000883,0.998529
ACAAGGGCAGGCTCTG-1,0.000542,0.05762,0.000164,0.941674
ACAATAGTCGTACGTT-1,0.000039,0.010245,0.607806,0.38191
ACAATCCATTTAAACC-1,0.000037,0.051273,0.080643,0.868047
ACAATGAATACGGAGA-1,0.000035,0.022499,0.421735,0.555731
ACAATGATTCTTCTAC-1,0.000034,0.000034,0.188051,0.81188
ACAATTGTGTCTCTTT-1,0.000088,0.060143,0.129729,0.81004
ACAATTTAGGAGGCTC-1,0.000031,0.000031,0.340979,0.658958
ACAATTTGAGCAGTGG-1,0.000028,0.000028,0.271445,0.728499
ACAATTTGGCCATATT-1,0.000029,0.108612,0.141037,0.750323
ACACAAATATTCCTAG-1,0.00004,0.109412,0.00012,0.890428
ACACACCAGGACCAGT-1,0.000055,0.000055,0.006228,0.993663
ACACACTTTCTACACG-1,0.000614,0.000614,0.418295,0.580478
ACACATGATCAAATCT-1,0.000044,0.064682,0.187603,0.747671
ACACATTGACGCAACA-1,0.000078,0.000078,0.000234,0.99961
ACACCACATAATTAGC-1,0.000023,0.037997,0.532603,0.429378
ACACCCAGCATGCAGC-1,0.000042,0.005784,0.379276,0.614898
ACACCCGAGAAATCCG-1,0.005637,0.066319,0.154185,0.773859
ACACCGAGCGCTCTTT-1,0.000067,0.000067,0.141018,0.858849
ACACCGGTCTGACCGC-1,0.000075,0.000075,0.016524,0.983327
ACACCTTAAGTAGGGC-1,0.00009,0.063404,0.155355,0.781151
ACACCTTACTACTTGC-1,0.000072,0.000072,0.078715,0.921142
ACACGAGACTCCTTCT-1,0.03748,0.000054,0.235216,0.72725
ACACGGGAACTTAGGG-1,0.000105,0.000105,0.000316,0.999473
ACACGTAGGCCACAAG-1,0.000046,0.084832,0.58056,0.334562
ACACTCCAATGTCACT-1,0.00004,0.000446,0.185455,0.814059
ACACTGATCAAGGTGT-1,0.000008,0.983158,0.016792,0.000042
ACACTGGGACAGTCGT-1,0.000039,0.017601,0.551455,0.430905
ACAGAACTGAGAACAA-1,0.000045,0.005548,0.383231,0.611176
ACAGCGACATTCTCAT-1,0.04418,0.000155,0.063715,0.891949
ACAGCGCACCCGCAGC-1,0.000188,0.029618,0.028423,0.94177
ACAGGAGGCGCAGCCG-1,0.000313,0.000313,0.000938,0.998437
ACAGGCTTGCCCGACT-1,0.060768,0.000045,0.000136,0.93905
ACAGGTGGAGGTGAGG-1,0.000033,0.055775,0.242012,0.70218
ACAGGTGTGTTGTTGC-1,0.000032,0.025119,0.472399,0.50245
ACAGTAATACAACTTG-1,0.000065,0.006127,0.364556,0.629252
ACAGTATACCGTGGGA-1,0.00003,0.029734,0.605604,0.364632
ACATAAGTCGTGGTGA-1,0.000046,0.04783,0.417841,0.534282
ACATAATAAGGCGGTG-1,0.000121,0.000121,0.000363,0.999395
ACATCAGCTGGGACGC-1,0.000055,0.009752,0.292762,0.697432
ACATCCTGGTAACTGT-1,0.000122,0.000122,0.331411,0.668345
ACATCGGTCAGCCGCG-1,0.000036,0.061951,0.022188,0.915825
ACATCGTATGCAATGG-1,0.000064,0.000064,0.007088,0.992785
ACATCGTTAACCTAGT-1,0.000106,0.000106,0.056588,0.9432
ACATGGCGCCAAAGTA-1,0.000188,0.083763,0.138436,0.777614
ACATGGCTCAATTTAG-1,0.000153,0.000153,0.000459,0.999235
ACCAAACACCCAGCGA-1,0.000033,0.034259,0.05693,0.908778
ACCAACACCACACACT-1,0.000026,0.03927,0.52813,0.432574
ACCAACCGCACTCCAC-1,0.000089,0.112307,0.263928,0.623675
ACCAACGCTTATTTAT-1,0.000011,0.941682,0.019825,0.038482
ACCAAGAACGCGTGTC-1,0.000399,0.000399,0.001196,0.998007
ACCAAGTCATCGGCAG-1,0.000059,0.05439,0.424496,0.521055
ACCAATATGCAAGTTA-1,0.000056,0.000056,0.825992,0.173897
ACCACAAGTTTCTATC-1,0.00006,0.037655,0.445772,0.516513
ACCACCAATGTAACAA-1,0.000016,0.018356,0.968745,0.012883
ACCACCCTCTCTTCTA-1,0.000057,0.067214,0.462697,0.470032
ACCACGTGCAGCTATA-1,0.008752,0.00003,0.147102,0.844117
ACCACTGTTCAAGAAG-1,0.000036,0.052489,0.035499,0.911976
ACCAGACCATAACAAC-1,0.000061,0.000061,0.091159,0.908719
ACCAGTGCCCGGTCAA-1,0.000035,0.000046,0.139069,0.86085
ACCAGTGCGGGAGACG-1,0.000148,0.000148,0.6869,0.312805
ACCATCCGCCAACTAG-1,0.054467,0.000099,0.267068,0.678366
ACCATCGTATATGGTA-1,0.000051,0.042812,0.069309,0.887827
ACCATTAAGGGTGTCA-1,0.000076,0.024976,0.011754,0.963194
ACCCAACGCCCGTGGC-1,0.000012,0.005296,0.709299,0.285393
ACCCACCTACATGCTC-1,0.000017,0.018825,0.589398,0.39176
ACCCATCTTGAGGGTA-1,0.000044,0.039096,0.000132,0.960729
ACCCATTTGTCCCTCT-1,0.000116,0.099952,0.246105,0.653826
ACCCGAGCGAAATTAC-1,0.000051,0.004038,0.458572,0.537338
ACCCGGAAACTCCCAG-1,0.127191,0.002223,0.006669,0.863917
ACCCGGAGCACCACAA-1,0.000021,0.254652,0.147857,0.59747
ACCCGGATGACGCATC-1,0.000032,0.059614,0.76857,0.171783
ACCCGGTTACACTTCC-1,0.000453,0.578025,0.030514,0.391008
ACCCGTAGTCTAGTTG-1,0.000021,0.118938,0.015665,0.865376
ACCCGTGTCATCAGTA-1,0.000097,0.579997,0.00029,0.419617
ACCCTATAGGACTGAG-1,0.000021,0.000021,0.832242,0.167716
ACCCTATGCCATATCG-1,0.000049,0.05774,0.212559,0.729652
ACCCTCCCTTGCTATT-1,0.05282,0.000086,0.682723,0.264371
ACCCTGGTAACGCCCT-1,0.000022,0.272556,0.127559,0.599864
ACCCTTCATCTGCGAA-1,0.000152,0.000152,0.1465,0.853196
ACCCTTGCCTGGGTCG-1,0.000067,0.00345,0.000202,0.99628
ACCGAAGAGTCTGGTT-1,0.000092,0.000092,0.493998,0.505819
ACCGACACATCTCCCA-1,0.000606,0.044573,0.557382,0.397438
ACCGACTGAGTCCCAC-1,0.002277,0.000056,0.089896,0.907771
ACCGATAGGCATAACC-1,0.000021,0.153363,0.404675,0.441941
ACCGATATTTAATCAT-1,0.000028,0.126315,0.205938,0.667719
ACCGATGGTAGCATCG-1,0.000045,0.014497,0.396226,0.589232
ACCGCAATAACTGCCT-1,0.000055,0.03296,0.176603,0.790383
ACCGCGGTGGAAGTCG-1,0.000049,0.034669,0.174128,0.791154
ACCGGGCCTTTGTTGA-1,0.00005,0.044913,0.495012,0.460024
ACCGGTCAGGTACACC-1,0.000104,0.000104,0.023193,0.976598
ACCGTCCACTGGGCCC-1,0.02851,0.000023,0.330454,0.641014
ACCGTGACCACGTGGG-1,0.000056,0.087755,0.000168,0.912022
ACCTAAGTACCTTTCA-1,0.000054,0.061942,0.455805,0.482199
ACCTAATCGACTTCCT-1,0.000027,0.047974,0.551481,0.400518
ACCTACAGTATGTGGT-1,0.000048,0.019232,0.017615,0.963105
ACCTACTATAAATCTA-1,0.000044,0.159247,0.230723,0.609986
ACCTCCGCCCTCGCTG-1,0.0002,0.062048,0.936754,0.000998
ACCTCCGTTATTCACC-1,0.006539,0.030688,0.172137,0.790635
ACCTCGAACTTATGCT-1,0.000053,0.000053,0.569336,0.430558
ACCTGCGTGTCATGTT-1,0.000048,0.039843,0.467961,0.492148
ACGAAATGGGCGGCAC-1,0.000028,0.015087,0.77936,0.205526
ACGACCCATGAGTTGC-1,0.000028,0.336356,0.008778,0.654838
ACGACTGGTCATACTC-1,0.000023,0.073626,0.465799,0.460552
ACGAGAACCCATCACG-1,0.000027,0.000027,0.194098,0.805848
ACGAGATATTTGCTTA-1,0.000353,0.000353,0.00106,0.998233
ACGAGGATACCACTCT-1,0.000088,0.000088,0.66142,0.338404
ACGAGGTTTACAACGT-1,0.000094,0.121087,0.253917,0.624902
ACGAGTACGGATGCCC-1,0.000029,0.017284,0.450916,0.531772
ACGAGTCGCCGGCGTT-1,0.0204,0.000064,0.415187,0.56435
ACGATACATAGAACTA-1,0.000042,0.000044,0.173218,0.826695
ACGATACCTATCCTGA-1,0.000016,0.041966,0.578283,0.379735
ACGATCATACATAGAG-1,0.000221,0.000221,0.000662,0.998896
ACGATCATCTTGTAAA-1,0.000067,0.010767,0.325631,0.663535
ACGATGCATATGTTAT-1,0.000035,0.190132,0.119631,0.690202
ACGATGGATCCGATGC-1,0.000077,0.000077,0.00023,0.999616
ACGCAAACTAATAGAT-1,0.000008,0.872507,0.114411,0.013074
ACGCAATCACTACAGC-1,0.014603,0.075627,0.718533,0.191237
ACGCATACGTTTACTA-1,0.000095,0.000095,0.171384,0.828427
ACGCCAGATGATTTCT-1,0.000126,0.000126,0.000378,0.99937
ACGCCGCTAGACGACC-1,0.000079,0.000079,0.000237,0.999605
ACGCCTGACACGCGCT-1,0.028287,0.023576,0.194671,0.753467
ACGCGCTACACAGGGT-1,0.000032,0.053436,0.497037,0.449495
ACGCGTTTCTTAAGAG-1,0.000008,0.013836,0.707634,0.278523
ACGCTAGTGATACACT-1,0.000033,0.000033,0.337534,0.662399
ACGCTGTGAGGCGTAG-1,0.000102,0.097903,0.000305,0.90169
ACGGAATTTAGCAAAT-1,0.000026,0.070319,0.485934,0.443721
ACGGAGCGCAAATTAC-1,0.000035,0.024628,0.116781,0.858557
ACGGATGGTGCGGATA-1,0.000298,0.000298,0.000893,0.998511
ACGGCGACGATGGGAA-1,0.02074,0.064022,0.150617,0.764621
ACGGCGGGTTGCCCTG-1,0.00004,0.00004,0.010332,0.989589
ACGGCTGGATGTAGAA-1,0.000027,0.02768,0.847806,0.124487
ACGGGAGTGTCGGCCC-1,0.023785,0.007341,0.004311,0.964563
ACGGGCGTATGCGACA-1,0.000025,0.122773,0.413322,0.46388
ACGGGTCATGTGACTT-1,0.00005,0.000834,0.05511,0.944005
ACGTACAGATTTCTCT-1,0.000292,0.000292,0.019648,0.979769
ACGTAGATTGCTGATG-1,0.000255,0.000255,0.000764,0.998727
ACGTATTACTCCGATC-1,0.000054,0.000054,0.764912,0.234981
ACGTCGGGCAACTCGG-1,0.000217,0.097485,0.445634,0.456664
ACGTCTCGTTCCGGGA-1,0.000036,0.087242,0.394468,0.518254
ACGTGACAAAGTAAGT-1,0.032283,0.074221,0.298796,0.5947
ACGTGCGCCTCGTGCA-1,0.003031,0.003031,0.009093,0.984844
ACGTTAATGTCGAAGA-1,0.000101,0.000101,0.018304,0.981495
ACGTTAGATTTGCCCG-1,0.000044,0.15166,0.096386,0.75191
ACGTTATTGGTCACTC-1,0.00895,0.010497,0.976198,0.004354
ACGTTCGCAATCAATT-1,0.000028,0.040784,0.442334,0.516855
ACGTTCGTTCAGGAAA-1,0.000054,0.083559,0.000163,0.916224
ACGTTTAGTTGTGATC-1,0.000197,0.000197,0.270676,0.728929
ACTAAGGACGCACACC-1,0.000328,0.138863,0.176317,0.684492
ACTAATACGTCAGGCG-1,0.000074,0.000074,0.000223,0.999629
ACTACATCCCGACAAG-1,0.000069,0.005115,0.077685,0.917131
ACTACCAGCTCTCTGG-1,0.000073,0.0164,0.158158,0.825369
ACTAGTTGCGATCGTC-1,0.000069,0.000069,0.03733,0.962533
ACTATATGCTGTGTTC-1,0.000058,0.036072,0.084916,0.878954
ACTATCCAGGGCATGG-1,0.000058,0.059618,0.087768,0.852556
ACTATCGCCGGCTAAA-1,0.000578,0.000578,0.001735,0.997109
ACTATCTGCCCGCGTA-1,0.000034,0.049053,0.749241,0.201671
ACTATGTCCAGCTGCC-1,0.000048,0.007432,0.443338,0.549182
ACTATTCGTCCGTGGT-1,0.000199,0.000199,0.025774,0.973828
ACTATTTCCGGGCCCA-1,0.000056,0.042545,0.027279,0.930121
ACTCAACGAATGTATT-1,0.000032,0.000032,0.396325,0.60361
ACTCAAGTGCAAGGCT-1,0.000061,0.067644,0.090486,0.84181
ACTCAATAAAGGCACG-1,0.000054,0.035545,0.027528,0.936873
ACTCAGACCTGCTTCT-1,0.000051,0.000051,0.000153,0.999745
ACTCATGGCAGCCTTC-1,0.238444,0.191649,0.168655,0.401252
ACTCCAATATCATCAT-1,0.000065,0.075616,0.111372,0.812947
ACTCCCATTCCTAAAG-1,0.000181,0.000181,0.055051,0.944588
ACTCCCGAATTCGTTT-1,0.000055,0.005794,0.22765,0.7665
ACTCCCGTAGACTAGG-1,0.000048,0.021474,0.284276,0.694202
ACTCCCTAATGCTAAA-1,0.000424,0.000424,0.001272,0.997881
ACTCCCTAGAATAGTA-1,0.000316,0.125589,0.000947,0.873149
ACTCGATGTATTTCAT-1,0.000025,0.008176,0.599657,0.392143
ACTCGCCGTTCGATAA-1,0.000055,0.152301,0.254475,0.593169
ACTCGCGATCTGACGC-1,0.000033,0.065187,0.01681,0.91797
ACTCGTAACCCGTCCT-1,0.000083,0.000083,0.299209,0.700624
ACTCGTCAGTAATCCC-1,0.00829,0.000039,0.18971,0.801961
ACTCTAAACCTGGGAT-1,0.00003,0.015592,0.240853,0.743526
ACTCTCTGACTTAGGT-1,0.00419,0.020413,0.13095,0.844446
ACTCTCTTATACACGA-1,0.000337,0.081627,0.035984,0.882052
ACTCTTCAGCTCCCGC-1,0.000061,0.005933,0.164511,0.829495
ACTCTTGTATAGTAAC-1,0.000061,0.033828,0.22674,0.73937
ACTGAAACGCCGTTAG-1,0.000207,0.074645,0.323329,0.60182
ACTGAATGGCGAAAGT-1,0.00007,0.00007,0.999508,0.000352
ACTGCCGTCGTAACTC-1,0.000092,0.000092,0.000277,0.999538
ACTGCGGACACACCGT-1,0.000036,0.030096,0.438009,0.531859
ACTGCTCGGAAGGATG-1,0.009133,0.041397,0.272692,0.676778
ACTGGCGAACCTGCGT-1,0.000284,0.000284,0.000853,0.998579
ACTGTACGATACACAT-1,0.000035,0.013632,0.121083,0.86525
ACTGTAGCACTTTGGA-1,0.00003,0.010111,0.568736,0.421123
ACTGTATACGCGAGCA-1,0.000039,0.000039,0.000117,0.999806
ACTGTCTTCTTTAGAA-1,0.000138,0.000138,0.206126,0.793599
ACTGTGCTAGTAGATC-1,0.000124,0.000124,0.000372,0.99938
ACTTACCGGGCGCGCA-1,0.000035,0.01054,0.262368,0.727056
ACTTACGCATCCACGC-1,0.000267,0.000267,0.0008,0.998666
ACTTAGTACGACAAGA-1,0.020686,0.013341,0.064463,0.901509
ACTTATACTTACCCGG-1,0.00006,0.047607,0.116329,0.836004
ACTTATTAGGATCGGT-1,0.000056,0.03974,0.002335,0.957869
ACTTATTTATGTGCCA-1,0.033651,0.000043,0.530398,0.435907
ACTTCAGGCTGATCCC-1,0.01704,0.018523,0.592462,0.371975
ACTTCCAGTGGAAGCT-1,0.000056,0.056404,0.113478,0.830062
ACTTCCATGCGGGACA-1,0.000045,0.017072,0.482379,0.500503
ACTTCGCCATACGCAC-1,0.000027,0.025052,0.551201,0.423719
ACTTCGCTAGCGAGTG-1,0.000158,0.000158,0.162264,0.837421
ACTTGACTCCCTCTTT-1,0.000097,0.000097,0.00029,0.999517
ACTTGGGACCCGGTGG-1,0.048929,0.000085,0.000254,0.950733
ACTTGTAGTCCCTTCA-1,0.000095,0.000095,0.036891,0.96292
ACTTGTGGATGGAACG-1,0.000316,0.000316,0.000947,0.998422
ACTTTACCCTCATGAA-1,0.00004,0.014798,0.312288,0.672873
ACTTTCCTATAGCTTC-1,0.001299,0.001299,0.003897,0.993505
ACTTTGACTGCATCCT-1,0.000071,0.000071,0.306038,0.69382
ACTTTGGTCGTGCTCC-1,0.000053,0.000053,0.678718,0.321175
ACTTTGTCGACGCACT-1,0.000036,0.163581,0.019552,0.816831
AGAAATTATGACTCGC-1,0.000029,0.043973,0.37368,0.582319
AGAACCCAGCGTGACA-1,0.000027,0.141312,0.079195,0.779466
AGAACCCTCAATTGGG-1,0.000049,0.000049,0.53726,0.462642
AGAACGTGGTACATTC-1,0.000061,0.000061,0.086891,0.912986
AGAAGAGCGCCGTTCC-1,0.000422,0.000422,0.391292,0.607864
AGAAGGTACACTTCAC-1,0.000081,0.000081,0.000243,0.999595
AGAAGGTTGCCGAATT-1,0.000026,0.359481,0.044562,0.59593
AGAAGGTTGTAGGTCG-1,0.127989,0.192057,0.264049,0.415904
AGAAGTGATTCGTGAT-1,0.000088,0.000088,0.002344,0.997479
AGAATAAATCTTCAGG-1,0.000067,0.000067,0.049205,0.950661
AGAATGCGGGTTCGGA-1,0.000018,0.017063,0.573252,0.409668
AGAATTATGGATTCGA-1,0.00471,0.000042,0.216028,0.77922
AGAATTGTTTGACATA-1,0.00006,0.070228,0.020705,0.909007
AGACAGCTCAGAATCC-1,0.000004,0.000004,0.999973,0.000019
AGACAGGCATCTCAGC-1,0.000031,0.289549,0.024033,0.686388
AGACATAGATCCTTCC-1,0.000277,0.240773,0.161811,0.597139
AGACCAAACCACACCT-1,0.000039,0.000039,0.407615,0.592307
AGACCATGGGATACAA-1,0.000015,0.017071,0.896279,0.086635
AGACCCACCGCTGATC-1,0.001409,0.001409,0.004227,0.992956
AGACCGCTCCGCGGTT-1,0.000131,0.056887,0.065444,0.877539
AGACCGGGAAACCCTG-1,0.000079,0.024907,0.167948,0.807065
AGACGAAGTGCCGGTC-1,0.000243,0.000243,0.402601,0.596912
AGACGACGATGCCGCT-1,0.000048,0.000048,0.177418,0.822485
AGACGCCCACTTCGCC-1,0.000028,0.138827,0.101911,0.759235
AGACGGGCCGATTTAA-1,0.000026,0.034654,0.474351,0.490969
AGACTAGCCTTCCAGA-1,0.000081,0.035435,0.065633,0.89885
AGACTGTTACCGGGTC-1,0.022254,0.302191,0.055535,0.620021
AGAGAACCGTCTAGGA-1,0.000015,0.03043,0.691272,0.278283
AGAGAAGGAGTACAAT-1,0.021422,0.008753,0.838152,0.131673
AGAGATCTCTAAAGCG-1,0.000071,0.008689,0.032473,0.958767
AGAGCAGTTATGAGAC-1,0.000027,0.033358,0.353354,0.613261
AGAGCCGCCGAGATTT-1,0.000318,0.041056,0.000953,0.957674
AGAGCGCTTGTAACGG-1,0.000027,0.072333,0.35746,0.57018
AGAGCGGGCTAATCAT-1,0.000223,0.000223,0.000668,0.998886
AGAGCGTACAAGCTCG-1,0.00002,0.01276,0.508598,0.478622
AGAGCTACGAAAGCAT-1,0.000101,0.000101,0.025467,0.974331
AGAGGCTTCGGAAACC-1,0.000133,0.001258,0.135868,0.862741
AGAGGGACAATTGTCC-1,0.000216,0.020159,0.000647,0.978978
AGAGTAAACTTCACTA-1,0.000122,0.000122,0.066482,0.933273
AGAGTATAGTGTTACG-1,0.000146,0.000146,0.244682,0.755026
AGAGTTGCAGGCCTCC-1,0.000465,0.000465,0.001396,0.997674
AGATAACTTCAGGGCC-1,0.000033,0.004016,0.093652,0.902299
AGATACCAATAGAACC-1,0.000043,0.028682,0.574011,0.397264
AGATACCAGCACTTCA-1,0.000046,0.042716,0.021475,0.935764
AGATACCGGTGTTCAC-1,0.000031,0.143352,0.012925,0.843693
AGATACGACTTCATAT-1,0.000029,0.001137,0.562024,0.43681
AGATACTCAAGATCGA-1,0.000085,0.007401,0.006647,0.985867
AGATCGTGCATAAGAT-1,0.000029,0.044707,0.175265,0.779999
AGATCTCAGGTGTGAT-1,0.000057,0.000057,0.000171,0.999715
AGATGAGGGTTGCGAT-1,0.00005,0.011543,0.00015,0.988257
AGATGATGGAGTCTGG-1,0.000025,0.014584,0.752885,0.232506
AGATGCAAGACGTGCA-1,0.000081,0.069086,0.137826,0.793007
AGATGCATCCTGTGTC-1,0.000067,0.000067,0.003054,0.996812
AGATGCTATAACGAGC-1,0.000059,0.00352,0.028067,0.968354
AGATTATAGGACGTTT-1,0.000087,0.055128,0.340211,0.604574
AGATTCACAACCGATA-1,0.000044,0.008196,0.468418,0.523342
AGCAACATATCTTATT-1,0.000099,0.009143,0.419184,0.571574
AGCAACCGAAAGTAAT-1,0.000072,0.02601,0.157886,0.816031
AGCACCAGTACTCACG-1,0.026952,0.000047,0.527728,0.445274
AGCACTACCGGCCTGT-1,0.000032,0.016118,0.353858,0.629991
AGCACTACCTCACCAG-1,0.000637,0.000637,0.001911,0.996814
AGCACTTAAGGACGCC-1,0.000022,0.036249,0.449454,0.514274
AGCAGAAGGAGAAAGA-1,0.000117,0.101318,0.486333,0.412232
AGCATATCAATATGCT-1,0.000077,0.004244,0.076613,0.919066
AGCATCATTTCGAAAG-1,0.00009,0.00009,0.078842,0.920977
AGCATCGTCGATAATT-1,0.000115,0.000115,0.000345,0.999424
AGCATTACGAGGCAAG-1,0.000043,0.012738,0.173525,0.813694
AGCCAAGCTTTGTGTC-1,0.000096,0.052659,0.323467,0.623778
AGCCACAGGTTACCCG-1,0.027193,0.000017,0.429037,0.543753
AGCCACTCCCGTGCTT-1,0.000042,0.000042,0.00513,0.994785
AGCCCATACATGTAAG-1,0.000041,0.000485,0.321518,0.677956
AGCCCGGCATTAGAGG-1,0.000046,0.014727,0.400887,0.584341
AGCCCGGTAGCCTGTA-1,0.000123,0.891886,0.00037,0.10762
AGCCCTAAGCGAAGTT-1,0.000205,0.000205,0.000614,0.998977
AGCCCTCCCTGGTGGC-1,0.121524,0.235772,0.109063,0.533641
AGCCCTGTCGCACCGT-1,0.000041,0.003308,0.049278,0.947373
AGCCCTTCTAATCCGA-1,0.000039,0.000761,0.161188,0.838012
AGCCCTTGGACATCCC-1,0.000043,0.053563,0.107065,0.839329
AGCCGCAAATTCAAAT-1,0.00002,0.071876,0.261187,0.666917
AGCCGCTTGATTAGCG-1,0.000248,0.028182,0.273258,0.698312
AGCCGTGGCTAAATGT-1,0.000035,0.01681,0.770546,0.212609
AGCCTAATACCCACGT-1,0.000077,0.000077,0.536755,0.46309
AGCCTTAAAGCGGAAG-1,0.000009,0.000796,0.792298,0.206897
AGCGACAGGAACGGTC-1,0.000039,0.028401,0.164783,0.806776
AGCGAGACGTGAAGGC-1,0.000142,0.163306,0.232979,0.603573
AGCGATGCGCCTAATA-1,0.000138,0.000138,0.961705,0.03802
AGCGCATAATGAATCG-1,0.000063,0.78768,0.054747,0.15751
AGCGCGGGTGCCAATG-1,0.000155,0.006173,0.671013,0.322659
AGCGCTAGAGCGATGT-1,0.000049,0.11024,0.005475,0.884235
AGCGGACACTTCGTAG-1,0.000196,0.057875,0.460162,0.481766
AGCGGCGGTTAGCGGT-1,0.00006,0.000418,0.506479,0.493043
AGCGGGAAGGGTCCAT-1,0.000064,0.000064,0.029416,0.970455
AGCGGGTCTGACACTC-1,0.000161,0.097314,0.564813,0.337713
AGCGGTTGCCGCTCTG-1,0.000187,0.000187,0.072916,0.926709
AGCGTACGAGAGCTAG-1,0.000059,0.004821,0.002629,0.992491
AGCGTCTGAACCCGCA-1,0.000062,0.000062,0.000185,0.999692
AGCGTGGTATTCTACT-1,0.033993,0.00862,0.036754,0.920633
AGCTAACAAGCAATGT-1,0.000029,0.04641,0.584914,0.368647
AGCTAAGTACGCAGGC-1,0.000023,0.000023,0.056099,0.943855
AGCTAGAAGCAGAAGT-1,0.000045,0.117077,0.177247,0.70563
AGCTATTTAATCCAAC-1,0.000074,0.000074,0.000222,0.99963
AGCTCCATATATGTTC-1,0.000101,0.101442,0.637251,0.261207
AGCTCCTTCGCACATC-1,0.000033,0.039674,0.059734,0.90056
AGCTCGTTGATGGAAA-1,0.000031,0.049992,0.221739,0.728238
AGCTCTAGACGTTCCA-1,0.014715,0.015774,0.421602,0.547908
AGCTCTTCCCAGTGCA-1,0.000045,0.000045,0.000135,0.999776
AGCTCTTCGTAACCTT-1,0.000062,0.0151,0.273196,0.711641
AGCTCTTTACTCAGTT-1,0.000033,0.297257,0.005649,0.697061
AGCTGAAGTAAACCAA-1,0.000026,0.003431,0.27831,0.718233
AGCTGTAACCTCAATC-1,0.023306,0.085825,0.351845,0.539025
AGCTTATAGAGACCTG-1,0.000339,0.071929,0.125425,0.802307
AGCTTGATCTTAACTT-1,0.000052,0.048907,0.052838,0.898202
AGGAAAGCCTCTGATG-1,0.000074,0.000074,0.157841,0.84201
AGGAACGAACGACTTC-1,0.000029,0.135757,0.165973,0.698241
AGGAAGCTGTCCGCCG-1,0.009093,0.009092,0.027282,0.954533
AGGACAGTCGAATCCC-1,0.000038,0.012607,0.250267,0.737089
AGGACATCGCACGTCG-1,0.000054,0.00056,0.546971,0.452416
AGGACATCGGCACACT-1,0.028813,0.321538,0.086936,0.562712
AGGACGACCCATTAGA-1,0.000032,0.249408,0.013037,0.737523
AGGACGCTCGATGTTG-1,0.000052,0.000052,0.23508,0.764816
AGGACTTATAGGAGAA-1,0.000062,0.020962,0.244049,0.734928
AGGAGACATCCACAGT-1,0.000025,0.018481,0.697526,0.283968
AGGAGAGTCTGGCTAC-1,0.000064,0.000064,0.134921,0.864952
AGGAGGCCTTCGCGCG-1,0.000033,0.000065,0.726964,0.272938
AGGATAAAGTCGGGAT-1,0.000788,0.000788,0.457573,0.540852
AGGATATAGGGATTTA-1,0.000059,0.011526,0.236525,0.75189
AGGATCACGCGATCTG-1,0.000147,0.000147,0.173393,0.826312
AGGATTGCTTACGACA-1,0.000044,0.058213,0.325609,0.616133
AGGCAATACGGAGGAC-1,0.181515,0.000234,0.000703,0.817548
AGGCACGTGACTGTCC-1,0.000038,0.097362,0.221208,0.681392
AGGCAGATGCGTAAAC-1,0.000006,0.000439,0.999395,0.00016
AGGCAGGGAGCGTACT-1,0.000014,0.913339,0.000042,0.086605
AGGCATTGTCGTAGGG-1,0.00011,0.00011,0.668271,0.331509
AGGCCACATTGGTTAC-1,0.000026,0.32616,0.027457,0.646357
AGGCCACCCGTTATGA-1,0.000017,0.049144,0.690622,0.260217
AGGCCCAGTGACTGGT-1,0.000172,0.061942,0.000515,0.937372
AGGCCCTAGAACGCCA-1,0.000032,0.008366,0.317007,0.674595
AGGCCTGAGAATCTCG-1,0.049622,0.000062,0.000186,0.95013
AGGCGATAACTGGCGT-1,0.000027,0.20009,0.07925,0.720633
AGGCGGTTTGTCCCGC-1,0.000127,0.000127,0.337704,0.662042
AGGCGTCTATGGACGG-1,0.000039,0.000039,0.38381,0.616112
AGGCTATGGTTAGCTT-1,0.000018,0.044955,0.645834,0.309194
AGGCTTCCCGAAGAAG-1,0.000034,0.024312,0.078749,0.896904
AGGCTTGCTAGACACC-1,0.000018,0.000698,0.653726,0.345557
AGGGAAACGAGGTACT-1,0.000068,0.000068,0.119717,0.880147
AGGGACCGGCTGCGTT-1,0.000036,0.038148,0.481234,0.480581
AGGGACTCTACGCGAC-1,0.000068,0.626557,0.000203,0.373172
AGGGAGACATACTTCG-1,0.000033,0.030683,0.546883,0.422402
AGGGCAGCGGCGTGGT-1,0.000175,0.000175,0.268109,0.73154
AGGGCCCTAATGTTCT-1,0.000036,0.046404,0.007026,0.946534
AGGGCGAGCAGCTGAT-1,0.0213,0.000181,0.037533,0.940986
AGGGCGTGATCGGCTA-1,0.00006,0.00006,0.000179,0.999702
AGGGCTGCAGTTACAG-1,0.000229,0.073507,0.402927,0.523338
AGGGTCAGTAACCCTA-1,0.000033,0.014711,0.304585,0.68067
AGGGTCGATGCGAACT-1,0.000063,0.009613,0.363815,0.626508
AGGGTCTGGACGCAGT-1,0.00008,0.088431,0.012106,0.899384
AGGGTGCCGTTCTTTA-1,0.000027,0.112414,0.000082,0.887477
AGGGTGCTCTCGAGGG-1,0.000022,0.000022,0.487174,0.512781
AGGGTGGATAGTGCAT-1,0.000013,0.003747,0.479777,0.516463
AGGGTTCCCTTTGGTT-1,0.000016,0.034679,0.86293,0.102375
AGGTAACCTCCTATTC-1,0.00005,0.024263,0.174665,0.801022
AGGTACGATATTGCCA-1,0.000345,0.000345,0.001035,0.998275
AGGTAGATCGAGATAT-1,0.000031,0.035237,0.059121,0.905611
AGGTAGGTACAAAGCT-1,0.000019,0.042318,0.752646,0.205018
AGGTATAATTGATAGT-1,0.000043,0.040056,0.154762,0.805139
AGGTATGCGGACATTA-1,0.000051,0.064294,0.13499,0.800665
AGGTCAGGTGAGAGTG-1,0.000081,0.000081,0.069595,0.930243
AGGTCGCCACTTCGGT-1,0.000042,0.000042,0.394768,0.605149
AGGTCGCCTCCCAACA-1,0.000027,0.106317,0.080862,0.812794
AGGTCGCGGAGTTACT-1,0.00004,0.012104,0.363798,0.624058
AGGTGTATCGCCATGA-1,0.000079,0.000079,0.000238,0.999603
AGGTGTTGCCGACCAC-1,0.000019,0.446198,0.000058,0.553726
AGGTTACACCATGCCG-1,0.000043,0.013049,0.098639,0.888269
AGGTTCTCCTTTCCGG-1,0.000171,0.000171,0.656796,0.342861
AGGTTGAGGCACGCTT-1,0.000055,0.000055,0.184023,0.815866
AGGTTTCACACACCTT-1,0.000686,0.042606,0.04326,0.913449
AGTAATGTCTTGCCGC-1,0.00032,0.00032,0.068029,0.931332
AGTACATCATTTATCA-1,0.000048,0.026263,0.391153,0.582536
AGTACCTTCGAGTGCT-1,0.000031,0.000031,0.55999,0.439948
AGTACGGCCCGTATCG-1,0.000069,0.027595,0.070991,0.901345
AGTACGGGCACCTGGC-1,0.000044,0.005353,0.03413,0.960474
AGTACTCTTATGCCCA-1,0.141401,0.003346,0.149845,0.705409
AGTAGGAAGGAAGTTG-1,0.000078,0.059774,0.066757,0.873391
AGTAGGTAACATACAT-1,0.000076,0.158156,0.000227,0.841542
AGTATAATACTAGGCA-1,0.000016,0.040507,0.600828,0.358649
AGTATACACAGCGACA-1,0.012609,0.818042,0.005449,0.163901
AGTATGCTGGAGACCA-1,0.000059,0.013571,0.357393,0.628977
AGTATTTGGCACGACC-1,0.00003,0.564361,0.00009,0.435518
AGTCAAATGATGTGAT-1,0.000078,0.192201,0.10842,0.699301
AGTCAACACCACCATC-1,0.00001,0.969639,0.030301,0.00005
AGTCAAGATGACACTT-1,0.00014,0.00014,0.080214,0.919506
AGTCACTAGCTCTCGA-1,0.00007,0.00007,0.703977,0.295884
AGTCACTCCGCCTCAT-1,0.024611,0.000144,0.099703,0.875543
AGTCAGCCACCGCCTG-1,0.000056,0.000598,0.331714,0.667632
AGTCCAGCGGGTACGT-1,0.000106,0.000518,0.257254,0.742122
AGTCCATTGGCTGATG-1,0.00016,0.00016,0.145989,0.853691
AGTCCCGCCTTTAATT-1,0.000057,0.022977,0.147921,0.829045
AGTCCCTCGCAGAAAG-1,0.000037,0.014195,0.201488,0.78428
AGTCGACGGTCTCAAG-1,0.000077,0.01869,0.120042,0.861192
AGTCGGCCCAAACGAC-1,0.000031,0.019689,0.247711,0.732569
AGTCGGCTCAACTTTA-1,0.006485,0.000092,0.000275,0.993149
AGTCGGTTGCGTGAGA-1,0.000069,0.023388,0.12293,0.853613
AGTCGTATAAAGCAGA-1,0.00002,0.022509,0.1575,0.819971
AGTCGTCGACCACCAA-1,0.000069,0.000069,0.001956,0.997907
AGTCGTGGGCATTACG-1,0.000098,0.024812,0.100261,0.874829
AGTCTAAAGTATACTC-1,0.000023,0.01942,0.605956,0.3746
AGTCTCACAAGACTAC-1,0.000093,0.012619,0.288311,0.698977
AGTCTGGACATCCTTG-1,0.000048,0.037163,0.481905,0.480885
AGTCTTCTCCTCAAAT-1,0.000029,0.000142,0.635832,0.363997
AGTGAACAAACTTCTC-1,0.000081,0.01107,0.445369,0.54348
AGTGAAGATGGTGTCC-1,0.000029,0.153681,0.293187,0.553102
AGTGACCTACTTTACG-1,0.000039,0.327641,0.148495,0.523825
AGTGACTGTGACACAA-1,0.134235,0.184149,0.292648,0.388968
AGTGAGACTTCCAGTA-1,0.000014,0.032254,0.805949,0.161783
AGTGAGCCTCGCCGCC-1,0.000033,0.006248,0.488928,0.504791
AGTGAGGGTTTCTGAC-1,0.000162,0.030005,0.43832,0.531513
AGTGAGTCGAATTAAC-1,0.000136,0.055959,0.179558,0.764347
AGTGATAACCTGCGCG-1,0.000038,0.000038,0.073483,0.926442
AGTGATATGAGTAGTT-1,0.000021,0.571364,0.106677,0.321938
AGTGATTCAAGCAGGA-1,0.000007,0.007783,0.987903,0.004307
AGTGCACGCTTAAGAA-1,0.011174,0.00006,0.013728,0.975037
AGTGCGTAGCTCGTAA-1,0.000028,0.024931,0.419233,0.555809
AGTGCTAAACACAGCA-1,0.008895,0.011319,0.102921,0.876865
AGTGCTTGCACGAATA-1,0.000086,0.00124,0.170201,0.828474
AGTGGCGGCAATTTGA-1,0.000028,0.000028,0.324188,0.675757
AGTGGCGTCTGAAGGT-1,0.000085,0.005412,0.03512,0.959383
AGTGGCTCCGTCGGCC-1,0.000098,0.000098,0.000294,0.99951
AGTGGGAGTATACACG-1,0.000186,0.069971,0.006339,0.923504
AGTGGTGTTACCCGTG-1,0.000054,0.029616,0.114481,0.855849
AGTGGTTGCGTATAGG-1,0.000031,0.026293,0.254278,0.719398
AGTGTATTGCGCATTG-1,0.000052,0.020716,0.106537,0.872694
AGTGTGCTAAGATCGC-1,0.000017,0.016764,0.649041,0.334178
AGTGTGGTCTATTGTG-1,0.000041,0.008451,0.227078,0.76443
AGTTAAACACTTGCGA-1,0.000042,0.079732,0.047533,0.872693
AGTTAAGCGGTCCCGG-1,0.000063,0.012382,0.000188,0.987368
AGTTAAGTCAACCGCT-1,0.008882,0.025808,0.773756,0.191554
AGTTACCCTTAAGACT-1,0.000007,0.012967,0.853034,0.133992
AGTTACCGCACATGGT-1,0.00001,0.003301,0.904593,0.092096
AGTTACTCTATCGTGG-1,0.000047,0.000047,0.004004,0.995903
AGTTCACCGGTTGGAC-1,0.000004,0.000004,0.83189,0.168102
AGTTCCTACAGAATTA-1,0.007061,0.014162,0.491261,0.487516
AGTTCCTATTTATGTT-1,0.000109,0.000109,0.081722,0.918059
AGTTCTGCGTTGTATC-1,0.000097,0.000097,0.000291,0.999515
AGTTGACATCGGCTGG-1,0.000267,0.000267,0.298785,0.700681
AGTTGACGGTCCTTGC-1,0.000065,0.073197,0.383099,0.54364
AGTTGCTGACTGATAT-1,0.000024,0.038198,0.336427,0.625352
AGTTGGCAAGGCTAGA-1,0.000065,0.000065,0.075,0.924869
AGTTTATGTAAAGACA-1,0.000027,0.021483,0.405468,0.573022
AGTTTCGCAGGTCGGA-1,0.000827,0.000827,0.00248,0.995867
AGTTTGGCACGGGTTG-1,0.000188,0.027499,0.000563,0.97175
AGTTTGGCCAGACCTA-1,0.000035,0.107525,0.474702,0.417738
ATAAACGTTGCACCAC-1,0.000228,0.000228,0.000685,0.998858
ATAAAGGCTCGGTCGT-1,0.000354,0.001737,0.581122,0.416787
ATAAATATTAGCAGCT-1,0.000037,0.029575,0.282472,0.687915
ATAACGCCGGAGGGTC-1,0.000022,0.000022,0.122472,0.877485
ATAACGGAGTCCAACG-1,0.000083,0.000083,0.000248,0.999587
ATAACGTTACCTCCAC-1,0.000065,0.000065,0.153537,0.846332
ATAAGGTGGAGAACAT-1,0.003263,0.009082,0.255326,0.732329
ATAAGTACCCGATTGT-1,0.000033,0.000033,0.318677,0.681256
ATAAGTAGGATTCAGA-1,0.000034,0.063534,0.39169,0.544742
ATAAGTAGGGCGACTC-1,0.000064,0.000064,0.111987,0.887885
ATAAGTTACCGCGACG-1,0.000038,0.59122,0.019288,0.389453
