Barcode,Topic 1,Topic 2to5,Topic 6to10
AAACAAGTATCTCCCA-1,0.000565,0.354224,0.645211
AAACACCAATAACTGC-1,0.00069,0.309272,0.690038
AAACAGAGCGACTCCT-1,0.000232,0.221609,0.778159
AAACAGCTTTCAGAAG-1,0.000102,0.10548,0.894417
AAACAGGGTCTATATT-1,0.000369,0.367259,0.632372
AAACATGGTGAGAGGA-1,0.000035,0.484814,0.515151
AAACATTTCCCGGATT-1,0.00002,0.196591,0.803389
AAACCGGAAATGTTAA-1,0.000971,0.786756,0.212273
AAACCGGGTAGGTACC-1,0.000047,0.425845,0.574108
AAACCGTTCGTCCAGG-1,0.000009,0.915382,0.08461
AAACCTAAGCAGCCGG-1,0.000026,0.347186,0.652788
AAACGAAGAACATACC-1,0.000042,0.000168,0.99979
AAACGAAGATGGAGTA-1,0.000105,0.308794,0.691101
AAACGGGCGTACGGGT-1,0.000032,0.446154,0.553813
AAACGGTTGCGAACTG-1,0.000006,0.951755,0.048238
AAACGTGTTCGCCCTA-1,0.000083,0.017608,0.982309
AAACTAACGTGGCGAC-1,0.00017,0.277444,0.722386
AAACTCGGTTCGCAAT-1,0.000046,0.258236,0.741718
AAACTCGTGATATAAG-1,0.000047,0.192567,0.807385
AAACTGCTGGCTCCAA-1,0.000022,0.203813,0.796165
AAACTTAATTGCACGC-1,0.000236,0.617138,0.382626
AAACTTGCAAACGTAT-1,0.000087,0.280276,0.719637
AAAGAATGACCTTAGA-1,0.000017,0.531153,0.46883
AAAGACCCAAGTCGCG-1,0.00002,0.466475,0.533505
AAAGACTGGGCGCTTT-1,0.000013,0.806368,0.193619
AAAGGCCCTATAATAC-1,0.000028,0.053032,0.94694
AAAGGCTACGGACCAT-1,0.00073,0.00292,0.99635
AAAGGCTCTCGCGCCG-1,0.000052,0.639989,0.35996
AAAGGGATGTAGCAAG-1,0.000008,0.986763,0.013228
AAAGGGCAGCTTGAAT-1,0.000018,0.805787,0.194195
AAAGGTAAGCTGTACC-1,0.000433,0.848835,0.150732
AAAGTAGCATTGCTCA-1,0.000265,0.684075,0.315659
AAAGTCACTGATGTAA-1,0.000026,0.000105,0.999868
AAAGTGCCATCAATTA-1,0.00003,0.443949,0.556021
AAAGTGTGATTTATCT-1,0.000365,0.249027,0.750608
AAATAACCATACGGGA-1,0.000028,0.057116,0.942857
AAATACCTATAAGCAT-1,0.000028,0.699851,0.30012
AAATAGGGTGCTATTG-1,0.000087,0.587498,0.412416
AAATCCGATACACGCC-1,0.000051,0.112521,0.887428
AAATCGCGGAAGGAGT-1,0.000524,0.331536,0.667941
AAATCGTGTACCACAA-1,0.000028,0.241796,0.758176
AAATCTAGCCCTGCTA-1,0.000575,0.526337,0.473088
AAATGATTCGATCAGC-1,0.00003,0.585621,0.414348
AAATGCTCGTTACGTT-1,0.000014,0.823156,0.17683
AAATGGCATGTCTTGT-1,0.000023,0.057603,0.942374
AAATGGCCCGTGCCCT-1,0.001613,0.40304,0.595347
AAATGGTCAATGTGCC-1,0.000029,0.671694,0.328277
AAATGTATCTTATCCC-1,0.000021,0.692513,0.307466
AAATTACACGACTCTG-1,0.001064,0.258614,0.740322
AAATTACCTATCGATG-1,0.000225,0.099577,0.900197
AAATTGATAGTCCTTT-1,0.000495,0.597958,0.401547
AAATTGCGGCGGTTCT-1,0.000075,0.000301,0.999624
AAATTGGTGAGAAGCA-1,0.000016,0.000063,0.999921
AAATTTACCGAAATCC-1,0.002128,0.447591,0.550281
AAATTTGCGGGTGTGG-1,0.000036,0.23339,0.766573
AACAACTGGTAGTTGC-1,0.000028,0.501085,0.498887
AACAATACATTGTCGA-1,0.000018,0.872712,0.127269
AACAATTACTCTACGC-1,0.000021,0.408232,0.591747
AACACACGCTCGCCGC-1,0.000102,0.302205,0.697692
AACACGACTGTACTGA-1,0.00005,0.0002,0.99975
AACACGAGACGCGGCC-1,0.000069,0.057158,0.942773
AACACGCGGCCGCGAA-1,0.000714,0.24348,0.755806
AACAGCTGTGTGGCAA-1,0.000027,0.174253,0.82572
AACAGGAAATCGAATA-1,0.000017,0.365388,0.634595
AACAGGATGGGCCGCG-1,0.000018,0.721985,0.277997
AACAGGTAGTATGGAT-1,0.000103,0.429057,0.57084
AACATATCAACTGGTG-1,0.000752,0.075885,0.923363
AACATCGATACGTCTA-1,0.000048,0.106878,0.893074
AACATTGAAGTTGATC-1,0.000031,0.023024,0.976945
AACATTGTGACTCGAG-1,0.000045,0.024841,0.975114
AACCAGTATCACTCTT-1,0.000479,0.373202,0.626319
AACCATAGGGTTGAAC-1,0.000027,0.55373,0.446242
AACCATGGGATCGCTA-1,0.000032,0.070469,0.929499
AACCCAGAGACGGAGA-1,0.000018,0.700139,0.299843
AACCCATCCCATGATC-1,0.000042,0.625788,0.37417
AACCCGACAACCCGTG-1,0.000043,0.01573,0.984227
AACCCGAGCAGAATCG-1,0.000032,0.015008,0.98496
AACCCGATAGGGCTTC-1,0.001563,0.006252,0.992185
AACCCTGGTGGAACCA-1,0.000029,0.097054,0.902917
AACCGAGCTTGGTCAT-1,0.000124,0.615068,0.384808
AACCGCTAAGGGATGC-1,0.000048,0.50739,0.492562
AACCGTTGTGTTTGCT-1,0.000037,0.009778,0.990186
AACCTCGCTTTAGCCC-1,0.000079,0.55346,0.446461
AACCTTTAAATACGGT-1,0.000119,0.376355,0.623526
AACCTTTACGACGTCT-1,0.000364,0.883282,0.116355
AACGAAAGTCGTCCCA-1,0.000625,0.688158,0.311217
AACGATAATGCCGTAG-1,0.000044,0.881647,0.118309
AACGATAGAAGGGCCG-1,0.000027,0.291289,0.708684
AACGATATGTCAACTG-1,0.00032,0.45068,0.549
AACGCATGATCTGGGT-1,0.000013,0.419721,0.580266
AACGCGAACGGCAACA-1,0.000037,0.10961,0.890353
AACGCGACCTTGGGCG-1,0.000042,0.114329,0.885629
AACGCGGTCTCCAGCC-1,0.000071,0.981686,0.018243
AACGCTGTTGCTGAAA-1,0.00244,0.009759,0.987802
AACGGACGTACGTATA-1,0.00006,0.078953,0.920987
AACGGCCATCTCCGGT-1,0.000016,0.972846,0.027138
AACGTACTGTGGGTAC-1,0.000035,0.612082,0.387883
AACGTCAGACTAGTGG-1,0.000015,0.689544,0.31044
AACGTGATGAAGGACA-1,0.000115,0.588455,0.41143
AACGTTATCAGCACCT-1,0.000082,0.061887,0.938031
AACTACCCGTTTGTCA-1,0.000071,0.676402,0.323528
AACTAGCGTATCGCAC-1,0.000187,0.296571,0.703242
AACTAGGCTTGGGTGT-1,0.000064,0.530175,0.469761
AACTCCAGAGCGTGTT-1,0.000077,0.000308,0.999615
AACTCCTAATCCCATG-1,0.000071,0.54251,0.457419
AACTCGATGGCGCAGT-1,0.00003,0.105185,0.894785
AACTCTCAGTGTGCTC-1,0.000006,0.999963,0.000031
AACTGAGGTCAGCGTC-1,0.000034,0.823872,0.176094
AACTGAGTTATACTGA-1,0.000243,0.207836,0.79192
AACTGATATTAGGCCT-1,0.000033,0.27659,0.723377
AACTGGGTCCCGACGT-1,0.000031,0.411429,0.58854
AACTGGTGTGGGCCTT-1,0.000131,0.000523,0.999346
AACTTCTGCGTCTATC-1,0.000021,0.645967,0.354011
AACTTGCCCGTATGCA-1,0.000024,0.34836,0.651616
AACTTGCGTTCTCGCG-1,0.000032,0.315646,0.684321
AACTTTACGGGAGCTT-1,0.000055,0.399622,0.600323
AACTTTAGCTGCTGAG-1,0.000483,0.152114,0.847403
AAGAAATCACCAGATT-1,0.000159,0.059228,0.940613
AAGAAGGATCAGTTAG-1,0.000031,0.227578,0.772391
AAGACATACGTGGTTT-1,0.000024,0.543558,0.456419
AAGACCAAATAACTCA-1,0.000033,0.513698,0.486269
AAGACCCAACTGAACA-1,0.000079,0.248187,0.751733
AAGACTAACCCGTTGT-1,0.00022,0.000879,0.998901
AAGAGATGAATCGGTA-1,0.000063,0.299955,0.699982
AAGAGGCCCTTTGGAA-1,0.000037,0.115066,0.884896
AAGATGGCACCGGACC-1,0.000258,0.023519,0.976222
AAGATTGGCGGAACGT-1,0.000102,0.118788,0.881111
AAGCACCCTGCGTATC-1,0.000195,0.84987,0.149935
AAGCATACTCTCCTGA-1,0.000022,0.549268,0.450709
AAGCCGAAGCGGTTTA-1,0.000119,0.749569,0.250312
AAGCCGCCGTGAAATC-1,0.000049,0.407017,0.592934
AAGCCGCTTTACCTTG-1,0.000073,0.000291,0.999636
AAGCCGGAGAGCAGGA-1,0.000008,0.176886,0.823105
AAGCGCAGGGCTTTGA-1,0.000024,0.032862,0.967114
AAGCGGAGTGCGCGCA-1,0.000022,0.000088,0.99989
AAGCGGCGTCATGGGT-1,0.000028,0.601761,0.398211
AAGCGTCCCTCATCGA-1,0.000243,0.439333,0.560424
AAGCTAGATCGAGTAA-1,0.000029,0.56582,0.434151
AAGCTCTTTCATGGTG-1,0.000547,0.353956,0.645497
AAGGAGCGGTTGGTGC-1,0.000058,0.391651,0.608291
AAGGATGAGGGACCTC-1,0.000343,0.15377,0.845887
AAGGCGCGTAAAGCTT-1,0.000011,0.718139,0.281849
AAGGCTGTGCTCATCG-1,0.00006,0.368905,0.631035
AAGGGAACGACTGGCT-1,0.001021,0.281806,0.717173
AAGGGACAGATTCTGT-1,0.000228,0.086445,0.913327
AAGGGACTATGCATTC-1,0.000287,0.850292,0.149422
AAGGGTTTGATTTCAG-1,0.00016,0.815146,0.184694
AAGGTATCCTAATATA-1,0.000256,0.647419,0.352326
AAGGTGATAAACCAGC-1,0.000184,0.498911,0.500905
AAGTAGAAGACCGGGT-1,0.000177,0.542443,0.45738
AAGTAGTGACGCGAGG-1,0.000141,0.440057,0.559802
AAGTCAATTGTCGTCA-1,0.000395,0.195636,0.803968
AAGTCTAGTAGCTGCC-1,0.000147,0.254668,0.745185
AAGTGAGTCGGGTTTA-1,0.00021,0.153918,0.845873
AAGTGCAAAGGTAGAC-1,0.000024,0.726688,0.273288
AAGTGCCTTGACTGTA-1,0.00011,0.23839,0.761499
AAGTGCGTTAGAATCT-1,0.000269,0.001076,0.998656
AAGTGCTTCTCTATTG-1,0.000062,0.00025,0.999688
AAGTGTTTGGAGACGG-1,0.000061,0.532635,0.467304
AAGTTCACTCCAAGCT-1,0.000072,0.09239,0.907538
AAGTTCAGTCTGCGTA-1,0.000047,0.028946,0.971007
AAGTTCGGCCAACAGG-1,0.000026,0.695422,0.304552
AAGTTGTGATGTTATA-1,0.000086,0.000343,0.999571
AAGTTTACTAATGGCA-1,0.000167,0.36723,0.632603
AAGTTTATGGGCCCAA-1,0.000039,0.337467,0.662495
AATAACACTAGAACAA-1,0.000008,0.935286,0.064705
AATAATCTTCGTATCG-1,0.002942,0.011769,0.98529
AATACAATGTTTCAGG-1,0.000044,0.711242,0.288715
AATACCGGAGGGCTGT-1,0.000032,0.034717,0.965251
AATAGAACAGAGTGGC-1,0.000017,0.787946,0.212037
AATAGAATCTGTTTCA-1,0.000018,0.842442,0.15754
AATAGCTACCGCGTGC-1,0.000057,0.139751,0.860192
AATAGTCCGTCCCGAC-1,0.000076,0.476544,0.52338
AATAGTCGCGAGTCGG-1,0.000073,0.230819,0.769108
AATATCAAGGTCGGAT-1,0.000033,0.339605,0.660362
AATATCCTAGCAAACT-1,0.000207,0.130282,0.869511
AATATCGAATCAATGC-1,0.000142,0.54115,0.458708
AATATCGAGGGTTCTC-1,0.000541,0.935511,0.063948
AATCAGACTGCAGGAC-1,0.000032,0.03817,0.961798
AATCAGGTTTCATTTA-1,0.000082,0.000326,0.999592
AATCATGTAAAGACTC-1,0.000178,0.404757,0.595066
AATCCAAGGGCCTGAG-1,0.000038,0.000151,0.999811
AATCCATGCAAGGGTG-1,0.000032,0.3103,0.689669
AATCGGGACACTACGA-1,0.000073,0.000293,0.999634
AATCGTGAGCCGAGCA-1,0.000041,0.002597,0.997361
AATCTAGGTTTACTTG-1,0.000156,0.905804,0.09404
AATCTATGCCGGAGCC-1,0.000208,0.075387,0.924405
AATCTGCGTTGGGACG-1,0.000111,0.000446,0.999443
AATCTGGCTTTCTAGT-1,0.000175,0.661848,0.337976
AATGACAGCAATGTCT-1,0.000433,0.220801,0.778766
AATGACGTAGGATGTC-1,0.000032,0.166661,0.833308
AATGACTGTCAGCCGG-1,0.000036,0.786733,0.213231
AATGAGTTCGCATATG-1,0.000023,0.712782,0.287196
AATGATGATACGCTAT-1,0.000051,0.661444,0.338504
AATGATGCGACTCCTG-1,0.003031,0.012125,0.984844
AATGCAACCGGGTACC-1,0.000009,0.999944,0.000046
AATGCACCAAGCAATG-1,0.000521,0.600522,0.398957
AATGGTCCACCGTTCA-1,0.000011,0.859486,0.140503
AATGGTTCTCACAAGC-1,0.000019,0.514211,0.485771
AATGTATGGCACTGTA-1,0.000037,0.413569,0.586394
AATGTGCCCGAGGTGT-1,0.000138,0.41624,0.583622
AATGTGCTAATCTGAG-1,0.000045,0.024011,0.975945
AATGTTGTCGTGAGAC-1,0.000037,0.000147,0.999816
AATTAACGGATTTCCA-1,0.000245,0.299301,0.700454
AATTACGAGACCCATC-1,0.000658,0.629732,0.36961
AATTACTCGTACGCTC-1,0.000024,0.000096,0.99988
AATTAGCGCTGCAGCG-1,0.000016,0.67346,0.326524
AATTCATAAGGGATCT-1,0.000054,0.624096,0.375849
AATTCATTGTCATGCA-1,0.000312,0.173495,0.826193
AATTCCAAGCATGTAC-1,0.000067,0.199485,0.800448
AATTCGATTCGAGGAT-1,0.000046,0.294438,0.705516
AATTCTAGAGTTAGGC-1,0.000038,0.631093,0.368868
AATTGAACGCTCTGGT-1,0.000035,0.423322,0.576643
AATTGCAGCAATCGAC-1,0.000025,0.241968,0.758007
AATTGCGTGGATTACA-1,0.000064,0.006889,0.993047
AATTGTGGTTGCCAAA-1,0.000224,0.272865,0.726911
AATTTGGGACATAGTA-1,0.000827,0.003307,0.995867
AATTTGGTTCCAAAGA-1,0.000034,0.193283,0.806683
ACAAACCATGCGTCCT-1,0.00082,0.00328,0.9959
ACAAAGAAGGTAGGCC-1,0.000065,0.061681,0.938254
ACAAAGCATGACCTAG-1,0.000081,0.231809,0.768111
ACAAATCGCACCGAAT-1,0.000024,0.847515,0.15246
ACAAATGGTAGTGTTT-1,0.000045,0.401455,0.598501
ACAAATTCAGATCTGA-1,0.000124,0.65023,0.349646
ACAACAGCATGAGCTA-1,0.000065,0.377482,0.622453
ACAACGGTCCCTGCGA-1,0.000044,0.772356,0.2276
ACAAGCAGTGCCTAGC-1,0.000016,0.212594,0.78739
ACAAGGAAATCCGCCC-1,0.000031,0.495186,0.504784
ACAAGGACAAGAGGTT-1,0.000043,0.467668,0.532289
ACAAGGATGCTTTAGG-1,0.000026,0.255684,0.74429
ACAAGGGCAGGCTCTG-1,0.000038,0.424368,0.575594
ACAATAGTCGTACGTT-1,0.00008,0.274648,0.725272
ACAATGAATACGGAGA-1,0.00003,0.252429,0.747541
ACAATGATTCTTCTAC-1,0.000143,0.448194,0.551663
ACAATTGTGTCTCTTT-1,0.000071,0.451269,0.54866
ACAATTTAGGAGGCTC-1,0.000081,0.490307,0.509612
ACAATTTGAGCAGTGG-1,0.000073,0.040806,0.959122
ACACAAAGACGGGTGG-1,0.000057,0.710947,0.288996
ACACAAATATTCCTAG-1,0.000041,0.056826,0.943133
ACACACCAGGACCAGT-1,0.000101,0.23628,0.763619
ACACACTTTCTACACG-1,0.000053,0.047148,0.952799
ACACATGATCAAATCT-1,0.000529,0.399915,0.599556
ACACATTGACGCAACA-1,0.000017,0.466275,0.533707
ACACCCAGCATGCAGC-1,0.000006,0.999962,0.000032
ACACCCGAGAAATCCG-1,0.000019,0.472597,0.527383
ACACCGAGCGCTCTTT-1,0.000047,0.037455,0.962498
ACACCGGTCTGACCGC-1,0.000047,0.819847,0.180106
ACACCTTAAGTAGGGC-1,0.000016,0.627166,0.372818
ACACGAGACTCCTTCT-1,0.000021,0.5996,0.400378
ACACGGCACTATGCAT-1,0.000036,0.000146,0.999818
ACACGGGAACTTAGGG-1,0.00007,0.220799,0.779132
ACACGTAGGCCACAAG-1,0.000054,0.010101,0.989845
ACACTCCAATGTCACT-1,0.000027,0.446665,0.553309
ACACTGATCAAGGTGT-1,0.000031,0.674755,0.325214
ACACTGGGACAGTCGT-1,0.00009,0.113621,0.886289
ACAGAACTGAGAACAA-1,0.00027,0.733922,0.265808
ACAGATTAGGTTAGTG-1,0.000038,0.219466,0.780496
ACAGCATAGAGCCAGT-1,0.000057,0.035348,0.964595
ACAGCGACATTCTCAT-1,0.00028,0.292317,0.707403
ACAGCGCACCCGCAGC-1,0.000097,0.826072,0.17383
ACAGGCACGGATCCTT-1,0.000023,0.263464,0.736513
ACAGGCTTGCCCGACT-1,0.000068,0.71704,0.282892
ACAGGTGGAGGTGAGG-1,0.000023,0.667032,0.332945
ACAGTAATACAACTTG-1,0.000188,0.204311,0.795501
ACAGTATACCGTGGGA-1,0.000029,0.397746,0.602226
ACATAAGTCGTGGTGA-1,0.000253,0.416679,0.583069
ACATAATAAGGCGGTG-1,0.000041,0.932947,0.067012
ACATCCCGGCCATACG-1,0.00012,0.513205,0.486676
ACATCGTATGCAATGG-1,0.000043,0.47082,0.529137
ACATCGTTAACCTAGT-1,0.000054,0.145026,0.85492
ACATGGCTCAATTTAG-1,0.000028,0.392534,0.607438
ACATTAGTTTATATCC-1,0.000024,0.719887,0.280088
ACCAAACACCCAGCGA-1,0.000067,0.000268,0.999665
ACCAACACCACACACT-1,0.000021,0.337873,0.662106
ACCAACCGCACTCCAC-1,0.000024,0.015942,0.984034
ACCAACGCTTATTTAT-1,0.000023,0.748139,0.251838
ACCAAGAACGCGTGTC-1,0.000029,0.391219,0.608752
ACCAAGTCATCGGCAG-1,0.000094,0.146175,0.85373
ACCAATATGCAAGTTA-1,0.000764,0.675781,0.323456
ACCACAACTCAGAACA-1,0.000089,0.000354,0.999557
ACCACAAGTTTCTATC-1,0.000118,0.2307,0.769182
ACCACCCTCTCTTCTA-1,0.000158,0.223983,0.775859
ACCACGTGCAGCTATA-1,0.000032,0.52697,0.472998
ACCACTGTTCAAGAAG-1,0.000024,0.003384,0.996592
ACCAGTGCCCGGTCAA-1,0.000019,0.587042,0.41294
ACCAGTGCGGGAGACG-1,0.0002,0.405738,0.594061
ACCATCCGCCAACTAG-1,0.000208,0.180884,0.818908
ACCATCGTATATGGTA-1,0.000095,0.602159,0.397746
ACCATTAAGGGTGTCA-1,0.000027,0.044157,0.955817
ACCCAACGCCCGTGGC-1,0.000101,0.000404,0.999495
ACCCACCTACATGCTC-1,0.000029,0.514023,0.485948
ACCCATTTGTCCCTCT-1,0.000018,0.125062,0.87492
ACCCGAGCGAAATTAC-1,0.000076,0.077126,0.922799
ACCCGATTGGTTCCGA-1,0.000035,0.000142,0.999823
ACCCGGAAACTCCCAG-1,0.000048,0.99971,0.000242
ACCCGGAGCACCACAA-1,0.000018,0.509252,0.49073
ACCCGGTTACACTTCC-1,0.000106,0.583584,0.41631
ACCCGTAGTCTAGTTG-1,0.000027,0.092745,0.907229
ACCCGTGTCATCAGTA-1,0.002041,0.435531,0.562428
ACCCTATAGGACTGAG-1,0.000034,0.051301,0.948665
ACCCTATGCCATATCG-1,0.000029,0.901384,0.098587
ACCCTCCCGTCAGGGC-1,0.00003,0.025793,0.974178
ACCCTCCCTTGCTATT-1,0.000036,0.544716,0.455249
ACCCTGGTAACGCCCT-1,0.00007,0.008606,0.991324
ACCCTTCATCTGCGAA-1,0.000037,0.462889,0.537074
ACCCTTGCCTGGGTCG-1,0.000056,0.26267,0.737274
ACCCTTTAGTTCTCCA-1,0.000214,0.364119,0.635667
ACCGAAAGGGCCCTGC-1,0.000069,0.000276,0.999655
ACCGAAGAGTCTGGTT-1,0.000128,0.35307,0.646802
ACCGACACATCTCCCA-1,0.002565,0.393481,0.603955
ACCGACTGAGTCCCAC-1,0.000083,0.326946,0.672971
ACCGAGTCTCCTTATT-1,0.00011,0.175753,0.824137
ACCGATAGGCATAACC-1,0.000039,0.00202,0.997941
ACCGATATTTAATCAT-1,0.00101,0.004042,0.994948
ACCGCAATAACTGCCT-1,0.000021,0.837405,0.162574
ACCGCGGTGGAAGTCG-1,0.000159,0.434326,0.565515
ACCGGGCCTTTGTTGA-1,0.000377,0.239126,0.760496
ACCGGTCAGGTACACC-1,0.000565,0.617688,0.381747
ACCGTCCACTGGGCCC-1,0.000032,0.295456,0.704513
ACCGTGACCACGTGGG-1,0.000081,0.892952,0.106966
ACCTAAGTACCTTTCA-1,0.000424,0.288672,0.710904
ACCTAATCGACTTCCT-1,0.000117,0.523002,0.476882
ACCTACTATAAATCTA-1,0.000037,0.004983,0.994981
ACCTCCGCCCTCGCTG-1,0.001471,0.590061,0.408468
ACCTCGAACTTATGCT-1,0.000146,0.391954,0.6079
ACCTGCGTGTCATGTT-1,0.0004,0.11978,0.87982
ACGAAATGGGCGGCAC-1,0.00013,0.473986,0.525884
ACGACCCATGAGTTGC-1,0.000018,0.656551,0.343431
ACGACTGGTCATACTC-1,0.000037,0.348115,0.651848
ACGAGAACCCATCACG-1,0.000036,0.004183,0.995781
ACGAGATATTTGCTTA-1,0.000355,0.63582,0.363825
ACGAGGATACCACTCT-1,0.001205,0.399453,0.599342
ACGAGGTTTACAACGT-1,0.000275,0.560546,0.439179
ACGAGTACGGATGCCC-1,0.002326,0.145191,0.852483
ACGATACATAGAACTA-1,0.00024,0.422615,0.577145
ACGATCATACATAGAG-1,0.000307,0.650475,0.349219
ACGATGGATCCGATGC-1,0.000047,0.000189,0.999763
ACGCAAACTAATAGAT-1,0.000695,0.767975,0.231331
ACGCAATCACTACAGC-1,0.000061,0.07513,0.924809
ACGCATACGTTTACTA-1,0.000054,0.76973,0.230216
ACGCATTCGTGAGTAC-1,0.000061,0.587502,0.412437
ACGCCAGATGATTTCT-1,0.00007,0.430037,0.569894
ACGCCGCTAGACGACC-1,0.000046,0.410257,0.589697
ACGCGAAGTCAGACGA-1,0.000033,0.520747,0.47922
ACGCGTTTCTTAAGAG-1,0.000015,0.455581,0.544404
ACGCTAGTGATACACT-1,0.001389,0.356228,0.642383
ACGGAATTTAGCAAAT-1,0.00004,0.154773,0.845187
ACGGACTCTCAAAGCG-1,0.000389,0.576785,0.422826
ACGGAGCGCAAATTAC-1,0.00003,0.623738,0.376232
ACGGATGGTGCGGATA-1,0.000435,0.755775,0.24379
ACGGCACTTGCTTGGG-1,0.000017,0.810038,0.189945
ACGGCCAACATGGACT-1,0.000014,0.768305,0.23168
ACGGCGACGATGGGAA-1,0.000016,0.850604,0.14938
ACGGCGGGTTGCCCTG-1,0.00125,0.318462,0.680287
ACGGCTGGATGTAGAA-1,0.000962,0.592912,0.406126
ACGGGAGTGTCGGCCC-1,0.000443,0.315939,0.683618
ACGGGCGTATGCGACA-1,0.000239,0.239681,0.76008
ACGGGTCATGTGACTT-1,0.000037,0.064314,0.935649
ACGTACAGATTTCTCT-1,0.000043,0.000171,0.999786
ACGTACTTTGGCACGG-1,0.00008,0.161064,0.838856
ACGTAGGAGAGTCGCT-1,0.000054,0.000214,0.999732
ACGTCGGGCAACTCGG-1,0.000072,0.284642,0.715286
ACGTCTCGTTCCGGGA-1,0.000208,0.151016,0.848775
ACGTGACAAAGTAAGT-1,0.00026,0.634955,0.364786
ACGTGCGCCTCGTGCA-1,0.002084,0.319225,0.678691
ACGTTATTGGTCACTC-1,0.00002,0.684986,0.314994
ACGTTCCGCGCTCCGT-1,0.000075,0.010386,0.989539
ACGTTCGTTCAGGAAA-1,0.001111,0.75205,0.246839
ACGTTCTGTACAAGTC-1,0.000033,0.104049,0.895918
ACGTTTAGTTGTGATC-1,0.000021,0.427937,0.572042
ACTAAGGACGCACACC-1,0.00003,0.000119,0.999851
ACTAATACGTCAGGCG-1,0.000008,0.701769,0.298223
ACTACAAAGAGAGGTG-1,0.000055,0.061956,0.937989
ACTACATCCCGACAAG-1,0.000364,0.384626,0.61501
ACTACCAGCTCTCTGG-1,0.000007,0.928809,0.071184
ACTACGCGTTAGAATT-1,0.000348,0.001394,0.998257
ACTAGTTGCGATCGTC-1,0.000327,0.410537,0.589136
ACTATATGCTGTGTTC-1,0.000086,0.019806,0.980109
ACTATCGCCGGCTAAA-1,0.00002,0.000078,0.999902
ACTATCTGCCCGCGTA-1,0.001613,0.221719,0.776668
ACTATGTCCAGCTGCC-1,0.000971,0.381058,0.617972
ACTATTCGTCCGTGGT-1,0.00002,0.692168,0.307813
ACTATTTCCGGGCCCA-1,0.000588,0.659857,0.339554
ACTCAACGAATGTATT-1,0.000699,0.340678,0.658622
ACTCAAGTGCAAGGCT-1,0.000062,0.354805,0.645132
ACTCAATAAAGGCACG-1,0.000051,0.370002,0.629946
ACTCAGACCTGCTTCT-1,0.000049,0.091946,0.908005
ACTCATGGCAGCCTTC-1,0.00004,0.050235,0.949725
ACTCCAATATCATCAT-1,0.000096,0.63802,0.361884
ACTCCCATTCCTAAAG-1,0.000232,0.000928,0.99884
ACTCCCGTAGACTAGG-1,0.000073,0.141099,0.858828
ACTCCCTAATGCTAAA-1,0.000246,0.308688,0.691066
ACTCCCTAGAATAGTA-1,0.000041,0.38935,0.610609
ACTCCGGCCGACCACT-1,0.000036,0.074101,0.925863
ACTCGATGTATTTCAT-1,0.000027,0.364833,0.63514
ACTCGCCGTTCGATAA-1,0.00003,0.243728,0.756242
ACTCGTAACCCGTCCT-1,0.001087,0.239236,0.759677
ACTCTAAACCTGGGAT-1,0.000012,0.315361,0.684627
ACTCTCTTATACACGA-1,0.000085,0.313993,0.685922
ACTCTGACCTAATAGA-1,0.000013,0.687096,0.312891
ACTGAAACGCCGTTAG-1,0.000048,0.095742,0.904211
ACTGAATGGCGAAAGT-1,0.000028,0.55767,0.442301
ACTGCCCGCCATTCTC-1,0.000065,0.050475,0.949461
ACTGCCGTCGTAACTC-1,0.00002,0.634602,0.365378
ACTGCTCGGAAGGATG-1,0.000078,0.940332,0.05959
ACTGGCGAACCTGCGT-1,0.000053,0.00021,0.999737
ACTGTACGATACACAT-1,0.000037,0.015207,0.984756
ACTGTAGCACTTTGGA-1,0.000046,0.457309,0.542645
ACTGTATACGCGAGCA-1,0.000042,0.052995,0.946964
ACTGTCCAGGATTATA-1,0.000062,0.421467,0.578471
ACTGTCTTCTTTAGAA-1,0.000016,0.924548,0.075436
ACTGTGCTAGTAGATC-1,0.000021,0.483357,0.516622
ACTTACCGGGCGCGCA-1,0.000524,0.567472,0.432004
ACTTACGCATCCACGC-1,0.000603,0.244294,0.755104
ACTTAGTACGACAAGA-1,0.000025,0.500864,0.499111
ACTTATTTATGTGCCA-1,0.000153,0.229446,0.770401
ACTTCAGGCTGATCCC-1,0.000058,0.459273,0.540669
ACTTCCAGTGGAAGCT-1,0.000058,0.662171,0.337771
ACTTCCATGCGGGACA-1,0.000021,0.641075,0.358904
ACTTCGCCATACGCAC-1,0.000041,0.434201,0.565758
ACTTGGGACCCGGTGG-1,0.000052,0.27873,0.721218
ACTTGTAGTCCCTTCA-1,0.000758,0.208128,0.791114
ACTTGTGGATGGAACG-1,0.00073,0.261242,0.738028
ACTTTCCTATAGCTTC-1,0.000122,0.577249,0.422629
ACTTTGGTCGTGCTCC-1,0.001299,0.326616,0.672085
ACTTTGTCGACGCACT-1,0.000202,0.342447,0.657351
AGAAATTATGACTCGC-1,0.001111,0.315074,0.683815
AGAACCCTCAATTGGG-1,0.000242,0.584644,0.415114
AGAACGTGGTACATTC-1,0.000049,0.148608,0.851342
AGAAGGTACACTTCAC-1,0.000126,0.998007,0.001867
AGAAGGTTGCCGAATT-1,0.000116,0.622884,0.376999
AGAAGGTTGTAGGTCG-1,0.000057,0.087434,0.912508
AGAAGTGATTCGTGAT-1,0.000592,0.16266,0.836748
AGAATGCGGGTTCGGA-1,0.000057,0.321108,0.678835
AGAATTGTTTGACATA-1,0.000025,0.171552,0.828424
AGACAGCTCAGAATCC-1,0.000019,0.471258,0.528723
AGACAGGCATCTCAGC-1,0.002858,0.392696,0.604446
AGACATAGATCCTTCC-1,0.000101,0.28398,0.715919
AGACCAAACCACACCT-1,0.000091,0.653824,0.346085
AGACCATGGGATACAA-1,0.000027,0.146852,0.853121
AGACCCACCGCTGATC-1,0.000056,0.502507,0.497437
AGACCCGCCCTCCTCG-1,0.000013,0.907669,0.092318
AGACCGCTCCGCGGTT-1,0.000625,0.420844,0.578531
AGACGAAGTGCCGGTC-1,0.000097,0.195208,0.804694
AGACGACGATGCCGCT-1,0.000044,0.685935,0.314021
AGACGCCCACTTCGCC-1,0.000041,0.432482,0.567477
AGACGGGCCGATTTAA-1,0.000013,0.521173,0.478815
AGACTAGCCTTCCAGA-1,0.000025,0.926815,0.07316
AGACTGTTACCGGGTC-1,0.001429,0.005716,0.992855
AGAGAAACACCAGAAA-1,0.000033,0.262941,0.737026
AGAGAACCGTCTAGGA-1,0.000052,0.467055,0.532893
AGAGAAGGAGTACAAT-1,0.000101,0.727811,0.272087
AGAGCAGTTATGAGAC-1,0.000018,0.700607,0.299375
AGAGCCGCCGAGATTT-1,0.000083,0.026183,0.973734
AGAGCGCTTGTAACGG-1,0.000063,0.000251,0.999686
AGAGCGGGCTAATCAT-1,0.000019,0.588302,0.41168
AGAGCGTACAAGCTCG-1,0.000044,0.519684,0.480273
AGAGCTACGAAAGCAT-1,0.00003,0.00012,0.999849
AGAGGCTTCGGAAACC-1,0.000156,0.546533,0.453311
AGAGTAAACTTCACTA-1,0.000338,0.417481,0.582181
AGAGTTGCAGGCCTCC-1,0.000033,0.000134,0.999833
AGATAACTTCAGGGCC-1,0.000027,0.462291,0.537682
AGATACCAATAGAACC-1,0.000039,0.485171,0.51479
AGATACCAGCACTTCA-1,0.000026,0.232031,0.767943
AGATACGACTTCATAT-1,0.000019,0.696439,0.303542
AGATACTCAAGATCGA-1,0.000023,0.5727,0.427278
AGATATAATACGACTA-1,0.000034,0.112113,0.887852
AGATCGTGCATAAGAT-1,0.000827,0.003307,0.995867
AGATCTCAGGTGTGAT-1,0.000072,0.248246,0.751681
AGATGACTCGCCCACG-1,0.000018,0.887146,0.112836
AGATGAGGGTTGCGAT-1,0.000109,0.320694,0.679197
AGATGCAAGACGTGCA-1,0.000063,0.226088,0.773849
AGATGCATCCTGTGTC-1,0.000426,0.224026,0.775548
AGATGCTATAACGAGC-1,0.000011,0.183323,0.816665
AGATTCACAACCGATA-1,0.000083,0.345134,0.654783
AGCAAAGGCCGCTAGT-1,0.000538,0.661029,0.338434
AGCAACCGAAAGTAAT-1,0.000023,0.377868,0.622109
AGCACACGTTTAGACT-1,0.000026,0.281124,0.71885
AGCACCAGTACTCACG-1,0.000139,0.413385,0.586476
AGCACTACCTCACCAG-1,0.000041,0.887676,0.112283
AGCACTTAAGGACGCC-1,0.000027,0.390669,0.609304
AGCAGAAGGAGAAAGA-1,0.000035,0.000142,0.999823
AGCAGCCAGATGAATA-1,0.000031,0.742979,0.25699
AGCATATCAATATGCT-1,0.000175,0.200181,0.799643
AGCATCATTTCGAAAG-1,0.001,0.35305,0.64595
AGCATCGTCGATAATT-1,0.00002,0.796276,0.203703
AGCATTACGAGGCAAG-1,0.000045,0.024571,0.975384
AGCCAAGCTTTGTGTC-1,0.000069,0.224532,0.775399
AGCCACAGGTTACCCG-1,0.000035,0.561033,0.438932
AGCCACTCCCGTGCTT-1,0.000188,0.880081,0.119731
AGCCATATAGTATGTG-1,0.00005,0.242315,0.757635
AGCCCATACATGTAAG-1,0.000065,0.306847,0.693088
AGCCCGCAACAAGCAG-1,0.000033,0.187526,0.812441
AGCCCGGCATTAGAGG-1,0.000113,0.275732,0.724155
AGCCCGGTAGCCTGTA-1,0.000066,0.233144,0.76679
AGCCCTAAGCGAAGTT-1,0.000019,0.766939,0.233042
AGCCCTCCCTGGTGGC-1,0.00006,0.000241,0.999699
AGCCCTTCTAATCCGA-1,0.00004,0.964606,0.035354
AGCCCTTGGACATCCC-1,0.000012,0.770551,0.229437
AGCCGCTTGATTAGCG-1,0.000019,0.000078,0.999903
AGCCGTGGCTAAATGT-1,0.002,0.142601,0.855398
AGCCTAATACCCACGT-1,0.000057,0.508325,0.491619
AGCCTTAAAGCGGAAG-1,0.000023,0.408996,0.590981
AGCGACAGGAACGGTC-1,0.000054,0.551217,0.44873
AGCGACATCCCATTCA-1,0.000877,0.384813,0.614309
AGCGACCAACGATATT-1,0.00004,0.547946,0.452014
AGCGAGACGTGAAGGC-1,0.000026,0.311299,0.688675
AGCGATGCGCCTAATA-1,0.000046,0.037618,0.962336
AGCGCATAATGAATCG-1,0.000031,0.931867,0.068101
AGCGCGGGTGCCAATG-1,0.000047,0.647488,0.352465
AGCGCTTATGGGCAAG-1,0.000013,0.256447,0.74354
AGCGGACACTTCGTAG-1,0.000028,0.975056,0.024916
AGCGGCGGTTAGCGGT-1,0.00007,0.665861,0.334069
AGCGGGAAGGGTCCAT-1,0.000023,0.455426,0.544551
AGCGGGTCTGACACTC-1,0.000045,0.13656,0.863394
AGCGGTTGCCGCTCTG-1,0.000042,0.162511,0.837447
AGCGTACGAGAGCTAG-1,0.000021,0.733685,0.266294
AGCGTCTGAACCCGCA-1,0.004001,0.016006,0.979994
AGCGTGGTATTCTACT-1,0.000024,0.598331,0.401644
AGCTAACAAGCAATGT-1,0.000111,0.471077,0.528811
AGCTAAGTACGCAGGC-1,0.000031,0.222554,0.777415
AGCTAGAAGCAGAAGT-1,0.001695,0.006782,0.991523
AGCTATTTAATCCAAC-1,0.000039,0.24062,0.759342
AGCTCCATATATGTTC-1,0.000033,0.03329,0.966677
AGCTCCTTCGCACATC-1,0.000048,0.63428,0.365672
AGCTCGTTGATGGAAA-1,0.000106,0.000425,0.999469
AGCTCTTCCCAGTGCA-1,0.000224,0.73366,0.266116
AGCTGAAGTAAACCAA-1,0.000161,0.264289,0.73555
AGCTGTAACCTCAATC-1,0.000096,0.816196,0.183708
AGCTTATAGAGACCTG-1,0.000235,0.567112,0.432654
AGCTTCTTCTCGAGCA-1,0.000045,0.082987,0.916968
AGGAAAGCCTCTGATG-1,0.000321,0.282791,0.716889
AGGAACGAACGACTTC-1,0.000019,0.605537,0.394444
AGGAAGCTGTCCGCCG-1,0.001053,0.47439,0.524557
AGGACAGTCGAATCCC-1,0.000057,0.221635,0.778308
AGGACATCGCACGTCG-1,0.000036,0.581117,0.418847
AGGACATCGGCACACT-1,0.000052,0.153142,0.846806
AGGACGACCCATTAGA-1,0.000056,0.43296,0.566984
AGGACGCTCGATGTTG-1,0.001852,0.297594,0.700554
AGGACTTATAGGAGAA-1,0.000022,0.050361,0.949617
AGGAGGCCTTCGCGCG-1,0.00012,0.191172,0.808708
AGGATAAAGTCGGGAT-1,0.000038,0.412441,0.587522
AGGATATAGGGATTTA-1,0.000187,0.338947,0.660866
AGGATCACGCGATCTG-1,0.000709,0.155259,0.844032
AGGCACGTGACTGTCC-1,0.000029,0.23161,0.768361
AGGCAGATGCGTAAAC-1,0.000034,0.128225,0.871741
AGGCAGGGAGCGTACT-1,0.000041,0.749161,0.250798
AGGCATTGTCGTAGGG-1,0.000184,0.095996,0.903819
AGGCCACCCGTTATGA-1,0.000046,0.318616,0.681337
AGGCCCAGTGACTGGT-1,0.000025,0.000099,0.999876
AGGCCCATTGTACAGG-1,0.000049,0.085562,0.91439
AGGCCCTAGAACGCCA-1,0.000049,0.238314,0.761637
AGGCCTATCATACCAA-1,0.000493,0.173086,0.826421
AGGCCTGAGAATCTCG-1,0.000012,0.912915,0.087073
AGGCGATAACTGGCGT-1,0.00005,0.315761,0.684189
AGGCGGTTTGTCCCGC-1,0.000488,0.446104,0.553408
AGGCGTCTATGGACGG-1,0.000038,0.125586,0.874376
AGGCTATGGTTAGCTT-1,0.000039,0.838168,0.161792
AGGCTTCCCGAAGAAG-1,0.000019,0.920022,0.07996
AGGCTTGCTAGACACC-1,0.000074,0.533971,0.465955
AGGGAAACGAGGTACT-1,0.000044,0.057094,0.942862
AGGGACAGCACGGCGG-1,0.000172,0.466268,0.53356
AGGGACTCTACGCGAC-1,0.000015,0.851456,0.148529
AGGGCAGCGGCGTGGT-1,0.000069,0.344042,0.655889
AGGGCCCTAATGTTCT-1,0.000032,0.132995,0.866974
AGGGCGAGCAGCTGAT-1,0.000078,0.236522,0.763399
AGGGCGTGATCGGCTA-1,0.000018,0.353587,0.646395
AGGGTCAGAGCACTCG-1,0.00005,0.0002,0.99975
AGGGTCAGTAACCCTA-1,0.000028,0.272216,0.727756
AGGGTCTGGACGCAGT-1,0.000057,0.000227,0.999716
AGGGTGCCGTTCTTTA-1,0.00012,0.287578,0.712302
AGGGTGGATAGTGCAT-1,0.000032,0.343234,0.656734
AGGGTTCAGACGGTCC-1,0.000048,0.000193,0.999759
AGGGTTCCCTTTGGTT-1,0.000143,0.027984,0.971873
AGGGTTTAGTTCGGGA-1,0.000075,0.516918,0.483007
AGGTAACCTCCTATTC-1,0.000025,0.132893,0.867082
AGGTACGATATTGCCA-1,0.001075,0.4168,0.582125
AGGTAGATCGAGATAT-1,0.000025,0.425965,0.57401
AGGTCAGGTGAGAGTG-1,0.000217,0.094672,0.90511
AGGTCGCCTCCCAACA-1,0.000022,0.054528,0.94545
AGGTCGCGGAGTTACT-1,0.002564,0.01026,0.987176
AGGTGCACGTCCACAT-1,0.000336,0.630638,0.369027
AGGTGGTGACCTTCGC-1,0.002128,0.008513,0.989359
AGGTGTTGCCGACCAC-1,0.000036,0.39791,0.602054
AGGTTCTCCTTTCCGG-1,0.000072,0.2069,0.793028
AGGTTGAGGCACGCTT-1,0.00031,0.278775,0.720916
AGTAATGTCTTGCCGC-1,0.000045,0.314631,0.685325
AGTAATTTGCAAGCGT-1,0.000153,0.475551,0.524297
AGTACAGAAGCTTATA-1,0.000082,0.391346,0.608572
AGTACCTTCGAGTGCT-1,0.000296,0.631431,0.368273
AGTACGGGCACCTGGC-1,0.000135,0.358496,0.641369
AGTACGTGGCCTGTCT-1,0.000439,0.430232,0.569329
AGTACTCTTATGCCCA-1,0.000042,0.171428,0.828531
AGTAGAAGGCGCCTCA-1,0.000039,0.043291,0.95667
AGTAGGAAGGAAGTTG-1,0.000081,0.544948,0.454971
AGTAGGTAACATACAT-1,0.00002,0.622591,0.377389
AGTATAATACTAGGCA-1,0.000022,0.707921,0.292057
AGTATACACAGCGACA-1,0.000048,0.036034,0.963919
AGTATGCTGGAGACCA-1,0.000069,0.184187,0.815744
AGTATTTGGCACGACC-1,0.000295,0.898928,0.100777
AGTCAAATGATGTGAT-1,0.00003,0.000121,0.999849
AGTCAAGATGACACTT-1,0.000024,0.94802,0.051956
AGTCACTAGCTCTCGA-1,0.000129,0.521583,0.478288
AGTCACTCCGCCTCAT-1,0.003705,0.531889,0.464406
AGTCAGCCACCGCCTG-1,0.000028,0.434158,0.565815
AGTCCCGCCTTTAATT-1,0.001282,0.438853,0.559864
AGTCGGCCCAAACGAC-1,0.000005,0.961042,0.038953
AGTCGGCTCAACTTTA-1,0.000274,0.09823,0.901496
AGTCGTATAAAGCAGA-1,0.000105,0.076849,0.923046
AGTCGTCGACCACCAA-1,0.000035,0.370512,0.629453
AGTCGTGGGCATTACG-1,0.000105,0.563273,0.436622
AGTCTCACAAGACTAC-1,0.000104,0.453538,0.546358
AGTCTGGACATCCTTG-1,0.000041,0.176867,0.823092
AGTCTTCTCCTCAAAT-1,0.000018,0.814947,0.185035
AGTCTTTAAAGTGTCC-1,0.000054,0.029451,0.970495
AGTGAACAAACTTCTC-1,0.000047,0.582036,0.417917
AGTGAAGATGGTGTCC-1,0.000097,0.000389,0.999513
AGTGACCTACTTTACG-1,0.000053,0.344564,0.655384
AGTGACTGTGACACAA-1,0.00011,0.306123,0.693767
AGTGAGCCTCGCCGCC-1,0.000385,0.248703,0.750912
AGTGAGGGTTTCTGAC-1,0.000022,0.293176,0.706802
AGTGAGTCGAATTAAC-1,0.00005,0.0002,0.99975
AGTGATAACCTGCGCG-1,0.000037,0.248569,0.751394
AGTGATATGAGTAGTT-1,0.000079,0.345505,0.654416
AGTGCACGCTTAAGAA-1,0.00017,0.143453,0.856377
AGTGCGTAGCTCGTAA-1,0.000047,0.308916,0.691037
AGTGCTAAACACAGCA-1,0.000036,0.304546,0.695419
AGTGGCGGCAATTTGA-1,0.000105,0.724014,0.27588
AGTGGCGTCTGAAGGT-1,0.000026,0.01603,0.983944
AGTGGGAGTATACACG-1,0.000017,0.578744,0.421239
AGTGGTGTTACCCGTG-1,0.000326,0.25446,0.745214
AGTGTATTGCGCATTG-1,0.000877,0.69945,0.299673
AGTGTGCTAAGATCGC-1,0.000038,0.102637,0.897325
AGTGTGGTCTATTGTG-1,0.000034,0.460436,0.53953
AGTTAAGCGGTCCCGG-1,0.000637,0.002549,0.996814
AGTTAAGTCAACCGCT-1,0.00037,0.237761,0.761869
AGTTACCCTTAAGACT-1,0.0001,0.413143,0.586758
AGTTACCGCACATGGT-1,0.000029,0.725682,0.274289
AGTTACTCTATCGTGG-1,0.000056,0.270601,0.729343
AGTTCACCGGTTGGAC-1,0.000043,0.017154,0.982803
AGTTCCTACAGAATTA-1,0.000047,0.380134,0.619818
AGTTCCTATTTATGTT-1,0.000099,0.3682,0.631701
AGTTCTGCGTTGTATC-1,0.000036,0.334201,0.665763
AGTTGACATCGGCTGG-1,0.00006,0.000239,0.999701
AGTTGACGGTCCTTGC-1,0.000044,0.050356,0.9496
AGTTGCTGACTGATAT-1,0.00003,0.288173,0.711797
AGTTGGCAAGGCTAGA-1,0.000022,0.082794,0.917184
AGTTTCGCAGGTCGGA-1,0.000038,0.000152,0.99981
AGTTTGCACCTGCCTC-1,0.000769,0.486966,0.512264
AGTTTGGCACGGGTTG-1,0.000407,0.842558,0.157036
AGTTTGGCCAGACCTA-1,0.000177,0.23802,0.761803
ATAAACGGACCCGTAA-1,0.000035,0.270914,0.729051
ATAAACGTTGCACCAC-1,0.000047,0.181078,0.818875
ATAAAGGCTCGGTCGT-1,0.000216,0.418774,0.58101
ATAACGGAGTCCAACG-1,0.00029,0.264762,0.734948
ATAACGTTACCTCCAC-1,0.00004,0.360867,0.639092
ATAAGCAAACACCGAG-1,0.000159,0.308176,0.691665
ATAAGGTGGAGAACAT-1,0.000034,0.451503,0.548464
ATAAGTACCCGATTGT-1,0.000045,0.552822,0.447133
ATAAGTAGGATTCAGA-1,0.002084,0.353081,0.644836
ATAAGTTACCGCGACG-1,0.000039,0.608636,0.391324
ATAATACCGTTAGCCG-1,0.00003,0.012045,0.987925
ATAATAGCTGTTGAAT-1,0.000043,0.487426,0.512531
ATAATAGTGTAGGGAC-1,0.00003,0.074193,0.925777
ATAATCTTGGAGAACC-1,0.001064,0.004257,0.994679
ATAATTAGCTAAGTAG-1,0.000016,0.65659,0.343394
ATACAGGCCCTCCAAT-1,0.000362,0.365226,0.634412
ATACCAGGCTAATAGA-1,0.00007,0.03001,0.969921
ATACCGTCATCCATAA-1,0.00003,0.000119,0.999852
ATACCTAACCAAGAAA-1,0.000578,0.396871,0.602551
ATACGGAACGTCGTTT-1,0.000052,0.158676,0.841272
ATACGGGTTTCGATTG-1,0.000201,0.520723,0.479075
ATACGTACTTAGCCAC-1,0.000369,0.709231,0.2904
ATACGTCCACTCCTGT-1,0.000081,0.831983,0.167936
ATACGTTATGCACGGA-1,0.000078,0.128144,0.871778
ATACTACCCGTACCAC-1,0.000046,0.078858,0.921096
ATACTAGCATGACCCT-1,0.000024,0.90011,0.099866
ATACTCTCGCCACTCT-1,0.000074,0.000297,0.999629
ATACTGCCTTACACCG-1,0.000769,0.003078,0.996153
ATACTTGTTCTCGAGC-1,0.000094,0.405442,0.594464
ATAGACAACGGGACCT-1,0.000352,0.2325,0.767148
ATAGACGAAGAGAAAG-1,0.000032,0.393385,0.606583
ATAGAGTACTGGGACA-1,0.000008,0.934342,0.06565
ATAGAGTTATCAACTT-1,0.000676,0.002703,0.996621
ATAGCAACTAGGGAAG-1,0.000026,0.060315,0.939659
ATAGCCTCAGTACCCA-1,0.000046,0.150685,0.849269
ATAGCTGCTCTTGTTA-1,0.000029,0.168181,0.83179
ATAGGCGGCTATAGAA-1,0.000093,0.244959,0.754948
ATAGGCTAGCTTCGCA-1,0.003227,0.317943,0.67883
ATAGGGATATCCTTGA-1,0.000042,0.56977,0.430188
ATAGGTTGGGCAGATG-1,0.000085,0.649109,0.350806
ATAGTCTTTGACGTGC-1,0.00011,0.00044,0.99945
ATATAAAGCGCTCGTG-1,0.000581,0.650972,0.348447
ATATAAATGTAGCTGC-1,0.002704,0.010815,0.986482
ATATAACACGGGCGCA-1,0.000058,0.000231,0.999711
ATATACATGTATGGTA-1,0.000962,0.277984,0.721054
ATATACGCTCGTGACG-1,0.000076,0.058185,0.941739
ATATAGAGTATTGGTC-1,0.000758,0.222936,0.776306
ATATCAATTCCAGCCT-1,0.000192,0.295727,0.704081
ATATCGTTCCTCGAAC-1,0.00003,0.153101,0.846868
ATATCTCCCTCGTTAA-1,0.000362,0.503378,0.49626
ATATGGGATAGCAACT-1,0.000053,0.591683,0.408264
ATATGTGCACAAACCA-1,0.000059,0.505505,0.494436
ATATTATCCCGTATTT-1,0.000031,0.282551,0.717418
ATATTCAGTTAAACCT-1,0.000049,0.427479,0.572472
ATATTCCACATAGTGA-1,0.000023,0.805582,0.194395
ATATTCCCACAGGTCA-1,0.000051,0.344716,0.655233
ATATTGCTGTCAAAGT-1,0.000013,0.677102,0.322884
ATATTGGAGAGGCCTT-1,0.000035,0.197972,0.801993
ATATTTAACCCTCAAG-1,0.000059,0.343039,0.656902
ATCAAACACTGTTCCA-1,0.000245,0.364204,0.635552
ATCAAACGAAGGTTTG-1,0.000128,0.223359,0.776514
ATCAATGCCGTGGCTG-1,0.000592,0.448756,0.550652
ATCACATTAGAATATC-1,0.000169,0.787376,0.212455
ATCACGTGCTAATTAA-1,0.000018,0.856793,0.143188
ATCACTTCATCCTCGC-1,0.000048,0.800459,0.199493
ATCAGACGGCACGCCG-1,0.000046,0.560366,0.439588
ATCAGCCTCATGCTGC-1,0.000036,0.327967,0.671997
ATCAGCTCGTCCACTA-1,0.001064,0.242209,0.756727
ATCAGGTCGCCATTGC-1,0.000027,0.393546,0.606427
ATCAGTAGGCAGGGAT-1,0.00021,0.58367,0.41612
ATCATAGCCCTATGTA-1,0.000016,0.736253,0.263731
ATCATTGTACCGCATT-1,0.000042,0.25489,0.745068
ATCCAACGCAGTCATA-1,0.000008,0.951757,0.048235
ATCCAATGGAGGGTCC-1,0.000014,0.825008,0.174978
ATCCACATCGACAGAA-1,0.000295,0.058556,0.941149
ATCCAGAGCAACAACC-1,0.000009,0.877011,0.12298
ATCCCATCCACAGCGC-1,0.001299,0.83603,0.162671
ATCCCATTTCCGTGGG-1,0.000118,0.157723,0.842159
ATCCGGACCAGCCTGA-1,0.000015,0.776045,0.22394
ATCCTACCTAAGCTCT-1,0.000062,0.42467,0.575268
ATCCTGCGTGGAATGG-1,0.000051,0.302453,0.697496
ATCCTGCTGCAGATAG-1,0.000205,0.000818,0.998977
ATCCTTCTGAAAGAAC-1,0.000112,0.593309,0.406579
ATCGACCCAATACAGA-1,0.000068,0.514455,0.485477
ATCGACTCTTTCCGTT-1,0.000012,0.979352,0.020636
ATCGCACGATTGTTCA-1,0.00005,0.250457,0.749494
ATCGCACGCCGGGAGA-1,0.000026,0.932592,0.067382
ATCGCCAGTCAACATT-1,0.00033,0.161083,0.838587
ATCGCTGCGTGCAGCA-1,0.000047,0.438521,0.561432
ATCGGAGACAGACGGC-1,0.000055,0.56923,0.430715
ATCGGCAAGCAGTCCA-1,0.002632,0.57803,0.419338
ATCGTATTCCGAGAAC-1,0.000075,0.361429,0.638496
ATCGTCCAATCGAGTC-1,0.000033,0.102685,0.897282
ATCGTGGAAAGTCTGG-1,0.000282,0.278564,0.721154
ATCGTTAGCTAGCGGA-1,0.00004,0.000162,0.999798
ATCGTTCACTTTCGCC-1,0.00084,0.418791,0.580368
ATCTAACGTCCCTATG-1,0.000058,0.375612,0.62433
ATCTAATATCCTACGG-1,0.000141,0.56801,0.431849
ATCTACCATCTGCTCC-1,0.000084,0.000335,0.999581
ATCTAGCTTGTGAGGG-1,0.00004,0.058223,0.941737
ATCTCCCACGGAATAT-1,0.000039,0.102181,0.897781
ATCTCCCTGCAATCTA-1,0.000019,0.756043,0.243938
ATCTCGTGAGCGAAAC-1,0.000082,0.504718,0.4952
ATCTGACATGGAAGGA-1,0.000575,0.182886,0.816539
ATCTGATAGTGTCTTA-1,0.000008,0.870071,0.129921
ATCTGCACCTCTGCGA-1,0.000243,0.875967,0.12379
ATCTGCTGTTATCGCC-1,0.00005,0.032124,0.967826
ATCTGGGCTGTTCTTG-1,0.002001,0.008002,0.989997
ATCTGGTTAAGACTGT-1,0.000034,0.834278,0.165688
ATCTGTAATTGTACCC-1,0.000044,0.115595,0.884362
ATCTTAGGGCATTAAT-1,0.000092,0.431085,0.568824
ATCTTATCGCACACCC-1,0.000045,0.193112,0.806843
ATCTTGACCTGCAACG-1,0.000012,0.945373,0.054615
ATGAAGCCAAGGAGCC-1,0.000007,0.988611,0.011383
ATGAAGTGGACCCAGC-1,0.000027,0.540899,0.459074
ATGACGCCGGCTCTAA-1,0.000041,0.17015,0.829809
ATGACGCGTTCTATCC-1,0.000344,0.609306,0.39035
ATGACTATCAGCTGTG-1,0.000535,0.019945,0.97952
ATGACTATGCGACATT-1,0.000037,0.797813,0.20215
ATGAGGAGTGTTAATC-1,0.00001,0.940533,0.059457
ATGATCGGGAATAGAC-1,0.000058,0.132817,0.867125
ATGATGCAATGGTACA-1,0.000058,0.292189,0.707753
ATGCACCTTCCTTAAT-1,0.000031,0.035502,0.964467
ATGCACGCGCTGTTCA-1,0.000068,0.713271,0.286661
ATGCACTACCGCATTG-1,0.000028,0.869388,0.130583
ATGCATGATCCAGGAT-1,0.000301,0.488296,0.511403
ATGCCAATCGCTCTGC-1,0.000026,0.655952,0.344021
ATGCCATTTGCGACCA-1,0.00069,0.326546,0.672765
ATGCCGGTCTTGCATA-1,0.000018,0.397939,0.602043
ATGCCGGTTGATGGGA-1,0.000559,0.283794,0.715648
ATGCGACAATTGGTCC-1,0.000033,0.541334,0.458632
ATGCGAGTCCCACCAC-1,0.000129,0.694955,0.304916
ATGCTCAGTGTTGCAT-1,0.000038,0.253017,0.746945
ATGCTCTGGCGCGGTA-1,0.000498,0.614104,0.385398
ATGCTTAGGAGTTGAT-1,0.000064,0.053088,0.946848
ATGGAAATTTAAGGAG-1,0.000288,0.551264,0.448448
ATGGATCCGGCGTCCG-1,0.000075,0.130682,0.869244
ATGGATTGACCAAACG-1,0.000059,0.701371,0.298569
ATGGCAGCATTACGAT-1,0.001021,0.498338,0.500641
ATGGCTGGAAATGGCC-1,0.00005,0.464377,0.535573
ATGGGACCTGCTGAAC-1,0.000051,0.242267,0.757682
ATGGGCCTCGGCCTCT-1,0.000035,0.651432,0.348533
ATGGGTGTATACCTCC-1,0.001282,0.603117,0.395601
ATGGTATTTACTGATT-1,0.000083,0.390056,0.609861
ATGGTCGCGTGGTTTC-1,0.00003,0.544525,0.455445
ATGTACATGCGGTGAG-1,0.000035,0.049199,0.950766
ATGTACGATGACGTCG-1,0.00003,0.141151,0.858819
ATGTAGCGCGCGTAGG-1,0.000069,0.02687,0.973061
ATGTCATTTCCCATTG-1,0.000017,0.401059,0.598924
ATGTGAAAGCCTAATG-1,0.000169,0.009206,0.990625
ATGTGCATCCGACGCA-1,0.00001,0.985183,0.014807
ATGTGGACATCTTGAT-1,0.000038,0.352199,0.647763
ATGTGTAGTTTAGTCA-1,0.000217,0.314707,0.685075
ATGTTACGAGCAATAC-1,0.000025,0.483626,0.516349
ATGTTCCTGCCCACCT-1,0.000063,0.002033,0.997905
ATGTTGATTAGAGACT-1,0.000043,0.094298,0.90566
ATGTTGTAGTCTGTTT-1,0.000065,0.076833,0.923102
ATTAAACATGCGGACC-1,0.000055,0.53775,0.462196
ATTAACACCTGAGATA-1,0.000018,0.048077,0.951905
ATTAATACTACGCGGG-1,0.000014,0.975678,0.024308
ATTAATGAACCAGTCG-1,0.000156,0.429255,0.57059
ATTAATTCGGTCACTC-1,0.00003,0.235538,0.764432
ATTACAACTACCGGCC-1,0.000676,0.399325,0.6
ATTACATGTCAGTCTT-1,0.000132,0.578478,0.42139
ATTACCACACTGCCTG-1,0.000093,0.316594,0.683314
ATTACGACTCCACAGT-1,0.000085,0.00034,0.999575
ATTACGGGCTACGGTT-1,0.000067,0.477339,0.522594
ATTACTAGCCTCTTGC-1,0.000023,0.491682,0.508296
ATTACTTACTGGGCAT-1,0.000769,0.592053,0.407178
ATTAGATTCCTCAGCA-1,0.000057,0.000229,0.999714
ATTAGATTGATAGCGG-1,0.000012,0.999111,0.000877
ATTATACTTTGCTCGT-1,0.000148,0.201738,0.798115
ATTATCGGAATGTACG-1,0.00002,0.911402,0.088578
ATTATCTCGACAGATC-1,0.000045,0.000181,0.999774
ATTATGAGACCCAATT-1,0.000035,0.144036,0.855929
ATTATGCCATAGGGAG-1,0.00001,0.891293,0.108697
ATTATGCTCAGTATTG-1,0.000437,0.64561,0.353953
ATTATTATGTCCGTCA-1,0.000481,0.455539,0.54398
ATTATTCAGAGTCACT-1,0.000465,0.406895,0.59264
ATTCAAAGTACCTGTT-1,0.000019,0.182379,0.817602
ATTCAACCATTTAAGG-1,0.000047,0.000188,0.999765
ATTCACTGATGTTGGA-1,0.000267,0.69796,0.301773
ATTCAGGACCTATTTC-1,0.000334,0.997993,0.001673
ATTCAGTAGCAGGGTC-1,0.000038,0.531586,0.468376
ATTCATATACTGTCCA-1,0.00007,0.318431,0.681499
ATTCATCGTTGAGGCA-1,0.000043,0.155126,0.844831
ATTCCCACATAAACAA-1,0.000021,0.934984,0.064995
ATTCCCGAAGGTACAG-1,0.000287,0.169128,0.830584
ATTCCTAAGACGTGGA-1,0.000025,0.439412,0.560564
ATTCCTCCGCCAGTGC-1,0.000027,0.260921,0.739052
ATTCCTTCCAGGCGGT-1,0.000031,0.420589,0.57938
ATTCGCAGAGGACACT-1,0.000086,0.000343,0.999572
ATTCGCGCCTTGAGAG-1,0.000038,0.304379,0.695583
ATTCTCGTCTCTTTAG-1,0.000047,0.233841,0.766112
ATTCTGAGTATGAACT-1,0.001064,0.408645,0.590291
ATTCTTCGTACTTATG-1,0.000056,0.22568,0.774263
ATTGAAGATCTTAGTG-1,0.000091,0.238465,0.761444
ATTGACCGGCGATGAC-1,0.000031,0.000125,0.999844
ATTGACGTAACTCGGT-1,0.000025,0.485756,0.514219
ATTGATAGCAACGAGA-1,0.00003,0.176716,0.823254
ATTGATCACCACATTT-1,0.000249,0.651986,0.347766
ATTGCCTATTAGACCG-1,0.000044,0.000174,0.999782
ATTGCCTTTATGTTTG-1,0.00115,0.257794,0.741057
ATTGCGATCAGTAACT-1,0.00011,0.256312,0.743578
ATTGCTGCTCCTCCAT-1,0.000091,0.254559,0.745351
ATTGGATTACAGCGTA-1,0.001111,0.259628,0.739261
