Barcode,Topic 1,Topic 2to4,Topic 5,Topic 6to8
AAACAACGAATAGTTC-1,0.000078,0.277032,0.000078,0.722812
AAACAAGTATCTCCCA-1,0.228212,0.766972,0.001204,0.003612
AAACAATCTACTAGCA-1,0.258654,0.707838,0.015771,0.017738
AAACACCAATAACTGC-1,0.667975,0.001046,0.109762,0.221217
AAACAGCTTTCAGAAG-1,0.562415,0.187536,0.062507,0.187542
AAACAGGGTCTATATT-1,0.490596,0.037572,0.012532,0.4593
AAACATTTCCCGGATT-1,0.085941,0.380542,0.042233,0.491284
AAACCACTACACAGAT-1,0.721957,0.273448,0.001149,0.003447
AAACCCGAACGAAATC-1,0.001099,0.994508,0.001098,0.003295
AAACCGGAAATGTTAA-1,0.108733,0.633,0.000556,0.25771
AAACCGGGTAGGTACC-1,0.031298,0.010539,0.000394,0.95777
AAACCGTTCGTCCAGG-1,0.486008,0.285085,0.000478,0.228429
AAACCTAAGCAGCCGG-1,0.889089,0.110596,0.000079,0.000236
AAACCTCATGAAGTTG-1,0.401248,0.430166,0.00005,0.168536
AAACGAAGAACATACC-1,0.025305,0.940167,0.012661,0.021867
AAACGAAGATGGAGTA-1,0.012524,0.937392,0.012527,0.037558
AAACGACAGTCTTGCC-1,0.332366,0.428628,0.000515,0.238491
AAACGAGACGGTTGAT-1,0.000593,0.997033,0.000593,0.00178
AAACGCTGGGCACGAC-1,0.287527,0.712286,0.000047,0.00014
AAACGGGCGTACGGGT-1,0.35902,0.640443,0.000134,0.000403
AAACGGGTTGGTATCC-1,0.054863,0.702624,0.03649,0.206023
AAACGTGTTCGCCCTA-1,0.747051,0.247838,0.001278,0.003833
AAACTCGGTTCGCAAT-1,0.008109,0.703368,0.198659,0.089864
AAACTCGTGATATAAG-1,0.66429,0.147257,0.000914,0.187539
AAACTGCTGGCTCCAA-1,0.017015,0.546467,0.050157,0.386362
AAACTTGCAAACGTAT-1,0.265646,0.217249,0.001252,0.515853
AAAGAATGTGGACTAA-1,0.031289,0.486219,0.039547,0.442945
AAAGACCCAAGTCGCG-1,0.0002,0.281689,0.0002,0.717911
AAAGACTGGGCGCTTT-1,0.185867,0.518089,0.00003,0.296014
AAAGCTTGCCTACATA-1,0.642145,0.244796,0.000068,0.112992
AAAGGCTACGGACCAT-1,0.106859,0.503584,0.105973,0.283583
AAAGGCTCTCGCGCCG-1,0.028245,0.565459,0.052973,0.353323
AAAGGGATGTAGCAAG-1,0.022046,0.549675,0.004462,0.423817
AAAGGGCAGCTTGAAT-1,0.179801,0.719256,0.000104,0.100839
AAAGTAGCATTGCTCA-1,0.909149,0.000091,0.01125,0.07951
AAAGTCACTGATGTAA-1,0.286953,0.492473,0.077558,0.143016
AAAGTCGACCCTCAGT-1,0.364294,0.234035,0.000033,0.401638
AAAGTGCCATCAATTA-1,0.036115,0.102019,0.010448,0.851418
AAAGTGTGATTTATCT-1,0.120668,0.873439,0.001473,0.004419
AAAGTTGACTCCCGTA-1,0.001318,0.99341,0.001318,0.003953
AAATAAGGTAGTGCCC-1,0.446134,0.550987,0.00072,0.002159
AAATACCTATAAGCAT-1,0.019198,0.591206,0.043276,0.34632
AAATAGCTTAGACTTT-1,0.027926,0.970742,0.000333,0.000999
AAATAGGGTGCTATTG-1,0.672922,0.324791,0.000572,0.001715
AAATCCGATACACGCC-1,0.043181,0.056385,0.02147,0.878964
AAATCGCGGAAGGAGT-1,0.20517,0.000085,0.000028,0.794716
AAATCTAGCCCTGCTA-1,0.001265,0.993677,0.001265,0.003794
AAATGATTCGATCAGC-1,0.598013,0.395396,0.001647,0.004943
AAATGCTCGTTACGTT-1,0.000362,0.085444,0.000362,0.913833
AAATGGCATGTCTTGT-1,0.042215,0.882138,0.04183,0.033817
AAATGGCCCGTGCCCT-1,0.50022,0.498535,0.000311,0.000934
AAATGGTCAATGTGCC-1,0.014435,0.370336,0.032673,0.582557
AAATGTATCTTATCCC-1,0.073632,0.168829,0.017773,0.739766
AAATGTGGGTGCTCCT-1,0.607446,0.392075,0.00012,0.000359
AAATTAACGGGTAGCT-1,0.103497,0.650259,0.019274,0.22697
AAATTAATAAGCGCGA-1,0.165187,0.373099,0.000162,0.461551
AAATTACCTATCGATG-1,0.175882,0.67202,0.101262,0.050837
AAATTCCAGGTCCAAA-1,0.27522,0.722958,0.000455,0.001366
AAATTGATAGTCCTTT-1,0.663488,0.335574,0.000234,0.000703
AAATTGCGGCGGTTCT-1,0.104708,0.717754,0.000526,0.177013
AAATTGGTGAGAAGCA-1,0.860109,0.004319,0.131254,0.004318
AAATTTGCGGGTGTGG-1,0.713731,0.285953,0.000065,0.000251
AACAACTGGTAGTTGC-1,0.242536,0.471006,0.132349,0.154109
AACAATTACTCTACGC-1,0.499624,0.389295,0.030414,0.080667
AACACACGCTCGCCGC-1,0.113957,0.221983,0.00043,0.66363
AACACGACTGTACTGA-1,0.027137,0.905009,0.001305,0.066549
AACACGAGACGCGGCC-1,0.575136,0.230605,0.093272,0.100986
AACACGCGGCCGCGAA-1,0.022225,0.759709,0.000069,0.217997
AACAGCTGTGTGGCAA-1,0.73652,0.254991,0.002122,0.006367
AACAGGAAATCGAATA-1,0.036753,0.854725,0.024948,0.083574
AACAGGATGGGCCGCG-1,0.316297,0.683419,0.000071,0.000213
AACAGGTAGTATGGAT-1,0.00101,0.994951,0.00101,0.003029
AACATATCAACTGGTG-1,0.4317,0.562856,0.001361,0.004083
AACATCGATACGTCTA-1,0.473741,0.1411,0.000326,0.384832
AACATTGGTCAGCCGT-1,0.000818,0.852683,0.000818,0.14568
AACCAAGACTTCTCTG-1,0.373155,0.564291,0.000051,0.062504
AACCATGGGATCGCTA-1,0.000864,0.817827,0.000864,0.180445
AACCCAGAGACGGAGA-1,0.01578,0.255377,0.005891,0.722952
AACCCATCCCATGATC-1,0.912396,0.037539,0.012518,0.037547
AACCCGAGCAGAATCG-1,0.043642,0.883559,0.000803,0.071996
AACCCTACTGTCAATA-1,0.087413,0.29976,0.004013,0.608813
AACCCTGGTGGAACCA-1,0.000013,0.440622,0.021453,0.537912
AACCGAGCTTGGTCAT-1,0.00003,0.210756,0.020002,0.769212
AACCGCTAAGGGATGC-1,0.183376,0.81238,0.001061,0.003183
AACCGTTGTGTTTGCT-1,0.000066,0.968283,0.000066,0.031585
AACCTCGCTTTAGCCC-1,0.796799,0.015098,0.185426,0.002677
AACCTGTCACGGAATT-1,0.4475,0.000991,0.298447,0.253061
AACCTTTAAATACGGT-1,0.048411,0.605425,0.25589,0.090274
AACGAAAGTCGTCCCA-1,0.755922,0.000798,0.000266,0.243015
AACGACCTCCTAGCCG-1,0.17371,0.825805,0.000121,0.000364
AACGATAATGCCGTAG-1,0.128169,0.68537,0.000894,0.185567
AACGATAGAAGGGCCG-1,0.484012,0.513459,0.000632,0.001897
AACGCATGATCTGGGT-1,0.464771,0.527524,0.001926,0.005779
AACGCGAACGGCAACA-1,0.186283,0.758552,0.000623,0.054542
AACGCGGTCTCCAGCC-1,0.00002,0.043429,0.005055,0.951496
AACGCTGTTGCTGAAA-1,0.226129,0.285978,0.463814,0.024079
AACGGACGTACGTATA-1,0.202239,0.117752,0.000256,0.679753
AACGGCCATCTCCGGT-1,0.893457,0.098974,0.006152,0.001418
AACGTACTGTGGGTAC-1,0.701608,0.284854,0.003384,0.010155
AACGTAGTCTACCCAT-1,0.298194,0.382735,0.000131,0.318939
AACGTCAGACTAGTGG-1,0.284116,0.635546,0.000082,0.080256
AACGTCGCTGCACTTC-1,0.000092,0.917083,0.017757,0.065067
AACGTGCGAAAGTCTC-1,0.000053,0.692855,0.000053,0.30704
AACGTTATCAGCACCT-1,0.043988,0.178034,0.004878,0.7731
AACGTTCTACCATTGT-1,0.051718,0.621084,0.000293,0.326904
AACTACCCGTTTGTCA-1,0.000489,0.997554,0.000489,0.001467
AACTAGCGTATCGCAC-1,0.582109,0.384733,0.03296,0.000198
AACTAGGCTTGGGTGT-1,0.032839,0.603923,0.026039,0.3372
AACTCAAGTTAATTGC-1,0.115045,0.884545,0.000103,0.000308
AACTCCAGAGCGTGTT-1,0.000692,0.996541,0.000692,0.002075
AACTCGATAAACACGT-1,0.038231,0.916878,0.000035,0.044856
AACTCGATGGCGCAGT-1,0.090067,0.570482,0.000663,0.338788
AACTCTCAATAGAGCG-1,0.196294,0.803245,0.000115,0.000346
AACTCTCAGTGTGCTC-1,0.410704,0.300242,0.000611,0.288443
AACTGAGTTATACTGA-1,0.075686,0.519038,0.000079,0.405196
AACTGATATTAGGCCT-1,0.048703,0.842861,0.001577,0.10686
AACTGGGTCCCGACGT-1,0.018057,0.644482,0.006116,0.331344
AACTGGTGTGGGCCTT-1,0.963348,0.000183,0.000061,0.036409
AACTTCTGCGTCTATC-1,0.145792,0.825103,0.000052,0.029053
AACTTGCCCGTATGCA-1,0.408504,0.436997,0.099559,0.05494
AACTTGCGTTCTCGCG-1,0.498376,0.492516,0.002276,0.006831
AACTTTACGGGAGCTT-1,0.112389,0.790676,0.00032,0.096614
AACTTTAGCTGCTGAG-1,0.999191,0.000347,0.000116,0.000347
AACTTTCTCGATCATG-1,0.691926,0.208679,0.000113,0.099282
AAGAAGGATCAGTTAG-1,0.271509,0.498813,0.00576,0.223918
AAGACATACGTGGTTT-1,0.001009,0.540155,0.0002,0.458635
AAGACCCAACTGAACA-1,0.000501,0.809669,0.061611,0.128219
AAGACTAACCCGTTGT-1,0.031786,0.900376,0.000213,0.067624
AAGAGATGAATCGGTA-1,0.281894,0.717824,0.000071,0.000212
AAGAGCTCTTTATCGG-1,0.001109,0.994458,0.001108,0.003325
AAGAGGATGTACGCGA-1,0.525465,0.457707,0.000076,0.016752
AAGAGGCATGGATCGC-1,0.119999,0.697395,0.181091,0.001515
AAGAGGCCCTTTGGAA-1,0.050325,0.946524,0.000787,0.002363
AAGATTGGCGGAACGT-1,0.280458,0.628309,0.000074,0.091158
AAGCACCCTGCGTATC-1,0.000029,0.65322,0.000029,0.346722
AAGCATACTCTCCTGA-1,0.026181,0.915267,0.025556,0.032995
AAGCCGAAGCGGTTTA-1,0.001291,0.653573,0.107319,0.237817
AAGCCGCTTTACCTTG-1,0.722646,0.000609,0.00014,0.276606
AAGCCGGAGAGCAGGA-1,0.06084,0.579506,0.025318,0.334336
AAGCGTCCCTCATCGA-1,0.902304,0.001521,0.000507,0.095668
AAGCTAGATCGAGTAA-1,0.027362,0.368622,0.029509,0.574508
AAGCTCGTGCCAAGTC-1,0.001669,0.991652,0.00167,0.005008
AAGCTCTTTCATGGTG-1,0.2457,0.751518,0.000696,0.002087
AAGGAGAACTTATAAG-1,0.065014,0.845472,0.000054,0.089461
AAGGAGCGGTTGGTGC-1,0.09354,0.905603,0.000214,0.000643
AAGGATCGATCGCTTG-1,0.493605,0.499535,0.001716,0.005144
AAGGATGAGGGACCTC-1,0.495484,0.503933,0.000146,0.000437
AAGGCAGGCTGTCTCC-1,0.075438,0.42667,0.143599,0.354293
AAGGCGCGTAAAGCTT-1,0.137423,0.685391,0.000055,0.177131
AAGGCTGTGCTCATCG-1,0.000029,0.250041,0.000029,0.7499
AAGGGACAGATTCTGT-1,0.228667,0.769063,0.000088,0.002182
AAGGGACTATGCATTC-1,0.509824,0.041746,0.013916,0.434515
AAGGGTTAGCCATGCG-1,0.000084,0.250817,0.000084,0.749016
AAGGGTTTGATTTCAG-1,0.582259,0.037571,0.342605,0.037565
AAGGTGATAAACCAGC-1,0.000209,0.110345,0.000209,0.889237
AAGTAAGCTTCCAAAC-1,0.470036,0.358125,0.000183,0.171656
AAGTAGAAGACCGGGT-1,0.100807,0.591402,0.006039,0.301751
AAGTAGTGACGCGAGG-1,0.339855,0.659805,0.000085,0.000255
AAGTCAATTGTCGTCA-1,0.001585,0.992074,0.001585,0.004756
AAGTCTAGTAGCTGCC-1,0.857618,0.000338,0.000113,0.141931
AAGTCTTCTGTGGCCT-1,0.535076,0.000123,0.040644,0.424156
AAGTGACGACCGAATT-1,0.311453,0.470442,0.029051,0.189054
AAGTGCAAAGGTAGAC-1,0.14655,0.569421,0.00006,0.283969
AAGTGCCTTGACTGTA-1,0.187684,0.809579,0.000684,0.002053
AAGTGCGTTAGAATCT-1,0.755715,0.113171,0.009356,0.121759
AAGTGTTTGGAGACGG-1,0.065841,0.750935,0.000287,0.182937
AAGTTCACTCCAAGCT-1,0.089296,0.908716,0.000497,0.001491
AAGTTCAGTCTGCGTA-1,0.602462,0.177595,0.002019,0.217924
AAGTTCGGCCAACAGG-1,0.579263,0.308502,0.053802,0.058433
AAGTTGTGATGTTATA-1,0.013697,0.306576,0.00233,0.677397
AAGTTTACTAATGGCA-1,0.000048,0.999758,0.000048,0.000145
AAGTTTATGGGCCCAA-1,0.004029,0.692454,0.243977,0.05954
AATAACAACGCTCGGC-1,0.428478,0.332521,0.00004,0.238961
AATAACACTAGAACAA-1,0.357893,0.629268,0.00321,0.009629
AATAACGTCGCGCCCA-1,0.030856,0.806105,0.041512,0.121528
AATAAGTCCTCGAGAC-1,0.000068,0.608727,0.130479,0.260727
AATAATCTTCGTATCG-1,0.100712,0.891547,0.00108,0.006662
AATACAATGTTTCAGG-1,0.087755,0.506115,0.000572,0.405558
AATACCTGATGTGAAC-1,0.01347,0.714254,0.178968,0.093308
AATAGAATCTGTTTCA-1,0.000189,0.359012,0.107513,0.533286
AATAGCTACCGCGTGC-1,0.530187,0.463704,0.001527,0.004581
AATAGTCCGTCCCGAC-1,0.006975,0.901679,0.000041,0.091306
AATAGTCGCGAGTCGG-1,0.062926,0.639688,0.008232,0.289155
AATATCAAGGTCGGAT-1,0.107335,0.888928,0.000935,0.002803
AATATCCTAGCAAACT-1,0.494474,0.000129,0.061943,0.443454
AATATCGAATCAATGC-1,0.246431,0.578884,0.001052,0.173633
AATATCGAGGGTTCTC-1,0.317442,0.675789,0.001692,0.005077
AATATTGGAGTATTGA-1,0.126518,0.423143,0.080871,0.369467
AATCAGACTGCAGGAC-1,0.000677,0.631869,0.000677,0.366778
AATCATGTAAAGACTC-1,0.00062,0.670371,0.00062,0.328389
AATCCAAGGGCCTGAG-1,0.212905,0.786304,0.000198,0.000593
AATCCATGCAAGGGTG-1,0.00045,0.72943,0.00045,0.269669
AATCGCCTCAGCGCCA-1,0.000121,0.000363,0.000121,0.999395
AATCGCGCAGAGGACT-1,0.301187,0.69395,0.001216,0.003647
AATCGGGACACTACGA-1,0.130589,0.626812,0.004477,0.238122
AATCGGTATAGCCCTC-1,0.000173,0.999135,0.000173,0.000519
AATCGTGAGCCGAGCA-1,0.392297,0.169814,0.0042,0.433689
AATCTAGGTTTACTTG-1,0.179397,0.818435,0.000542,0.001626
AATCTATGCCGGAGCC-1,0.460234,0.411275,0.002455,0.126035
AATCTCTACTGTGGTT-1,0.062536,0.187709,0.062617,0.687137
AATCTGCGTTGGGACG-1,0.222749,0.776939,0.000078,0.000234
AATCTGGCTTTCTAGT-1,0.071725,0.924065,0.001052,0.003157
AATGACAGCAATGTCT-1,0.623616,0.31897,0.057195,0.000219
AATGACGTAGGATGTC-1,0.000602,0.99699,0.000602,0.001806
AATGACTGTCAGCCGG-1,0.000082,0.242021,0.000082,0.757815
AATGAGTTCGCATATG-1,0.268755,0.597689,0.002609,0.130947
AATGATGATACGCTAT-1,0.481134,0.499402,0.016365,0.003099
AATGATGCGACTCCTG-1,0.069807,0.111465,0.001534,0.817194
AATGCAACCGGGTACC-1,0.201302,0.798009,0.000172,0.000517
AATGCACCAAGCAATG-1,0.573537,0.416643,0.002455,0.007365
AATGGCCGCCAATGCG-1,0.374533,0.476721,0.001626,0.14712
AATGGTCCACCGTTCA-1,0.041026,0.161466,0.010876,0.786632
AATGGTTCTCACAAGC-1,0.000032,0.000096,0.000032,0.999841
AATGTGCCCGAGGTGT-1,0.433671,0.081154,0.484642,0.000533
AATGTTGTCGTGAGAC-1,0.000107,0.668362,0.001701,0.329831
AATTAAAGGTCGGCGT-1,0.431734,0.567633,0.000158,0.000475
AATTAACGGATTTCCA-1,0.038188,0.867281,0.004302,0.090229
AATTACGAGACCCATC-1,0.753324,0.005606,0.001869,0.2392
AATTACTCGTACGCTC-1,0.017158,0.170863,0.000014,0.811965
AATTAGCGCTGCAGCG-1,0.016141,0.837505,0.000037,0.146318
AATTCATAAGGGATCT-1,0.578814,0.420614,0.000143,0.000429
AATTCCAACTTGGTGA-1,0.02976,0.934165,0.000259,0.035815
AATTCCAAGCATGTAC-1,0.074368,0.511803,0.151369,0.26246
AATTCGATTCGAGGAT-1,0.463621,0.535133,0.000311,0.000934
AATTCTAGAGTTAGGC-1,0.011073,0.95215,0.000052,0.036725
AATTGAACGCTCTGGT-1,0.022296,0.22374,0.000178,0.753786
AATTGCAGCAATCGAC-1,0.000181,0.833933,0.01565,0.150237
AATTGTGGTTGCCAAA-1,0.312617,0.595905,0.000361,0.091116
AATTTGGTTCCAAAGA-1,0.002833,0.971666,0.000046,0.025455
ACAAAGAAGGTAGGCC-1,0.344608,0.419375,0.233625,0.002392
ACAAAGCATGACCTAG-1,0.06075,0.936746,0.000626,0.001878
ACAAATCGCACCGAAT-1,0.133258,0.7169,0.000199,0.149643
ACAAATGGTAGTGTTT-1,0.001739,0.991304,0.001739,0.005217
ACAACAGCATGAGCTA-1,0.023453,0.212819,0.000535,0.763193
ACAACGGTCCCTGCGA-1,0.05758,0.606166,0.000043,0.33621
ACAAGCAGTGCCTAGC-1,0.661049,0.167358,0.000981,0.170612
ACAAGGAAATCCGCCC-1,0.189101,0.808206,0.000673,0.00202
ACAAGGACAAGAGGTT-1,0.235471,0.757167,0.000043,0.007319
ACAAGGATGCTTTAGG-1,0.885309,0.000175,0.000058,0.114457
ACAAGGGCAGGCTCTG-1,0.133128,0.859506,0.001842,0.005525
ACAATAGTCGTACGTT-1,0.867497,0.000106,0.000035,0.132362
ACAATCCATTTAAACC-1,0.150925,0.609655,0.000109,0.239311
ACAATCGATCTTTATA-1,0.071224,0.529233,0.060391,0.339152
ACAATGAATACGGAGA-1,0.617696,0.30759,0.000236,0.074479
ACAATTGTGTCTCTTT-1,0.110053,0.883913,0.001508,0.004527
ACAATTTAGGAGGCTC-1,0.079607,0.000071,0.000024,0.920298
ACAATTTGAGCAGTGG-1,0.093419,0.380138,0.000058,0.526385
ACAATTTGGCCATATT-1,0.061403,0.001047,0.000349,0.937202
ACACAAAGACGGGTGG-1,0.000266,0.998671,0.000266,0.000798
ACACAAATATTCCTAG-1,0.556401,0.241938,0.000229,0.201432
ACACACCAGGACCAGT-1,0.001927,0.990366,0.001927,0.00578
ACACACTTTCTACACG-1,0.035463,0.835759,0.000043,0.128735
ACACATTGACGCAACA-1,0.051797,0.563291,0.000024,0.384888
ACACCACATAATTAGC-1,0.684979,0.104828,0.000835,0.209358
ACACCCAGCATGCAGC-1,0.191787,0.807636,0.000144,0.000433
ACACCCGAGAAATCCG-1,0.060872,0.275963,0.010549,0.652616
ACACCGAGCGCTCTTT-1,0.076703,0.641443,0.000148,0.281705
ACACCTTAAGTAGGGC-1,0.162835,0.439766,0.077981,0.319418
ACACCTTACTACTTGC-1,0.157239,0.83707,0.001423,0.004268
ACACGAGACTCCTTCT-1,0.151753,0.52662,0.000119,0.321508
ACACGGCACTATGCAT-1,0.000021,0.703861,0.007272,0.288846
ACACGTAGGCCACAAG-1,0.001002,0.864074,0.131918,0.003005
ACACTCCAATGTCACT-1,0.104175,0.684123,0.000047,0.211655
ACACTGGGACAGTCGT-1,0.078404,0.204355,0.000549,0.716692
ACAGAACTGAGAACAA-1,0.766007,0.15119,0.000023,0.08278
ACAGATTAGGTTAGTG-1,0.102492,0.296852,0.005192,0.595465
ACAGCATAGAGCCAGT-1,0.00144,0.992803,0.00144,0.004318
ACAGCGACATTCTCAT-1,0.220028,0.194018,0.000745,0.585209
ACAGGAGGCGCAGCCG-1,0.020264,0.300922,0.000034,0.67878
ACAGGCACGGATCCTT-1,0.37761,0.618538,0.000963,0.002889
ACAGGCTTGCCCGACT-1,0.000582,0.997088,0.000582,0.001747
ACAGGTGGAGGTGAGG-1,0.867976,0.001977,0.000659,0.129388
ACAGTAATACAACTTG-1,0.00202,0.657425,0.00202,0.338536
ACAGTATACCGTGGGA-1,0.346425,0.00202,0.000673,0.650882
ACAGTGCAGCGCATTT-1,0.425717,0.235551,0.001669,0.337063
ACATAAGTCGTGGTGA-1,0.647479,0.000552,0.000184,0.351786
ACATAATAAGGCGGTG-1,0.391959,0.534109,0.000133,0.073798
ACATACAATCAAGCGG-1,0.067653,0.456732,0.132098,0.343517
ACATCAGCTGGGACGC-1,0.000011,0.000032,0.000011,0.999946
ACATCCCGGCCATACG-1,0.025784,0.882292,0.012973,0.078951
ACATCCTGGTAACTGT-1,0.504527,0.33687,0.062617,0.095986
ACATCGATCGTTTACC-1,0.036844,0.863772,0.000063,0.099321
ACATCGGTCAGCCGCG-1,0.546813,0.284488,0.088159,0.08054
ACATCGTATGCAATGG-1,0.000312,0.105821,0.000312,0.893554
ACATCGTTAACCTAGT-1,0.004276,0.340225,0.004789,0.65071
ACATCTCAACGCGTAA-1,0.019864,0.548502,0.094688,0.336945
ACATGGCGCCAAAGTA-1,0.041389,0.001135,0.000378,0.957098
ACATGGCTCAATTTAG-1,0.039314,0.446692,0.033112,0.480882
ACATTAGTTTATATCC-1,0.010446,0.705527,0.095488,0.188539
ACATTTGAAACCTAAC-1,0.005952,0.683374,0.128618,0.182055
ACCAAACTAGAAATCC-1,0.041693,0.500494,0.154284,0.303528
ACCAACACCACACACT-1,0.179055,0.816627,0.001079,0.003239
ACCAACCGCACTCCAC-1,0.143427,0.739566,0.000354,0.116652
ACCAAGAACGCGTGTC-1,0.000159,0.938726,0.000159,0.060957
ACCAAGTCATCGGCAG-1,0.287715,0.709177,0.002746,0.000363
ACCAATATGCAAGTTA-1,0.627785,0.37105,0.000291,0.000874
ACCACAAGTTTCTATC-1,0.031868,0.100719,0.007794,0.859619
ACCACCAATGTAACAA-1,0.255671,0.661544,0.078205,0.004581
ACCACCCTCTCTTCTA-1,0.348686,0.359948,0.092969,0.198397
ACCACGTGCAGCTATA-1,0.001228,0.993862,0.001228,0.003683
ACCACTGTTCAAGAAG-1,0.155315,0.315072,0.000707,0.528906
ACCAGACCATAACAAC-1,0.558952,0.123855,0.012755,0.304438
ACCAGCCCGGTCTTTG-1,0.000246,0.758734,0.03633,0.204689
ACCAGGAGTGTGATCT-1,0.119678,0.211823,0.068952,0.599546
ACCAGTGCCCGGTCAA-1,0.561771,0.258398,0.000528,0.179303
ACCAGTGCGGGAGACG-1,0.000626,0.535085,0.000626,0.463663
ACCATATCCGCAATAA-1,0.198431,0.618051,0.000075,0.183443
ACCATCCGCCAACTAG-1,0.009633,0.616871,0.009633,0.363863
ACCATCGTATATGGTA-1,0.237961,0.404672,0.024699,0.332668
ACCATTAAGGGTGTCA-1,0.179132,0.58026,0.00009,0.240518
ACCCAACGCCCGTGGC-1,0.655258,0.277942,0.000059,0.066741
ACCCACCTACATGCTC-1,0.289224,0.521178,0.000043,0.189555
ACCCATCTTGAGGGTA-1,0.233136,0.242038,0.000145,0.524682
ACCCATTTGTCCCTCT-1,0.058786,0.295488,0.000348,0.645379
ACCCGAGCGAAATTAC-1,0.830544,0.167747,0.000427,0.001282
ACCCGGAAACTCCCAG-1,0.025371,0.630309,0.288784,0.055536
ACCCGGAGCACCACAA-1,0.227304,0.674345,0.000623,0.097728
ACCCGGATGACGCATC-1,0.212357,0.470227,0.0001,0.317315
ACCCGGTTACACTTCC-1,0.234367,0.384024,0.000071,0.381538
ACCCGTAGTCTAGTTG-1,0.032235,0.966764,0.00025,0.000751
ACCCGTGTCATCAGTA-1,0.000116,0.944001,0.002391,0.053492
ACCCTATAGGACTGAG-1,0.029171,0.2786,0.103678,0.588551
ACCCTCCCGTCAGGGC-1,0.136982,0.861365,0.000413,0.00124
ACCCTCCCTTGCTATT-1,0.000567,0.633473,0.000567,0.365394
ACCCTGGTAACGCCCT-1,0.389804,0.603934,0.001566,0.004696
ACCCTTCATCTGCGAA-1,0.023495,0.97633,0.000044,0.000131
ACCGAAAGGGCCCTGC-1,0.89033,0.000264,0.000088,0.109319
ACCGAAGAGTCTGGTT-1,0.512189,0.288577,0.000582,0.198652
ACCGACACATCTCCCA-1,0.020578,0.7756,0.037582,0.166241
ACCGACTGAGTCCCAC-1,0.185338,0.689665,0.000123,0.124874
ACCGATAGGCATAACC-1,0.563785,0.372791,0.000596,0.062827
ACCGATATTTAATCAT-1,0.087182,0.078504,0.455295,0.379019
ACCGATGGTAGCATCG-1,0.144122,0.787181,0.000113,0.068584
ACCGCAATAACTGCCT-1,0.400554,0.596107,0.000835,0.002504
ACCGCGGTGGAAGTCG-1,0.199825,0.589471,0.071225,0.139479
ACCGGGCCTTTGTTGA-1,0.078029,0.695576,0.224526,0.001869
ACCGTTCCCGCTCTGA-1,0.003517,0.858691,0.000028,0.137764
ACCTAAGTACCTTTCA-1,0.761934,0.23767,0.000099,0.000297
ACCTAATCGACTTCCT-1,0.344505,0.636519,0.000055,0.018921
ACCTACAGTATGTGGT-1,0.191691,0.508463,0.001044,0.298803
ACCTCCGCCCTCGCTG-1,0.17977,0.52882,0.157365,0.134045
ACCTCCGTTATTCACC-1,0.054411,0.939481,0.001527,0.004581
ACCTGCGTGTCATGTT-1,0.251109,0.000155,0.054155,0.694582
ACGAAATGGGCGGCAC-1,0.393532,0.60622,0.000062,0.000186
ACGACCCATGAGTTGC-1,0.281435,0.570174,0.000408,0.147984
ACGACTCTAGGGCCGA-1,0.03881,0.773792,0.186804,0.000594
ACGAGAACCCATCACG-1,0.235211,0.611164,0.000357,0.153269
ACGAGGATACCACTCT-1,0.856721,0.042424,0.022669,0.078187
ACGAGGTTTACAACGT-1,0.780963,0.093854,0.031283,0.0939
ACGAGTACGGATGCCC-1,0.458608,0.530504,0.002722,0.008166
ACGAGTCGCCGGCGTT-1,0.013747,0.608763,0.000014,0.377475
ACGATACCTATCCTGA-1,0.181428,0.226431,0.023712,0.568429
ACGATCATACATAGAG-1,0.366528,0.484183,0.000183,0.149106
ACGATCATCTTGTAAA-1,0.291485,0.127283,0.001535,0.579697
ACGATGCATATGTTAT-1,0.732575,0.170912,0.000086,0.096426
ACGATGGATCCGATGC-1,0.007408,0.916268,0.021306,0.055017
ACGCAATCACTACAGC-1,0.15783,0.832721,0.002363,0.007086
ACGCATACGTTTACTA-1,0.232352,0.762784,0.001216,0.003648
ACGCATTCGTGAGTAC-1,0.053336,0.588891,0.000614,0.357159
ACGCCAGATGATTTCT-1,0.005019,0.678918,0.010065,0.305998
ACGCCAGTGCGTTTGC-1,0.050752,0.883219,0.052982,0.013047
ACGCCCAGCTGTCGAT-1,0.000716,0.314179,0.270571,0.414534
ACGCCGCTAGACGACC-1,0.000256,0.622606,0.000256,0.376882
ACGCCTGACACGCGCT-1,0.008374,0.438292,0.000035,0.553298
ACGCGAAGTCAGACGA-1,0.000012,0.174093,0.0375,0.788395
ACGCGCTACACAGGGT-1,0.848785,0.094858,0.000054,0.056302
ACGCGGGCCAAGGACA-1,0.043025,0.956578,0.000099,0.000298
ACGCGTTTCTTAAGAG-1,0.135726,0.00088,0.000293,0.863101
ACGCTACTGAATGGGC-1,0.014975,0.841318,0.01297,0.130737
ACGCTAGTGATACACT-1,0.126892,0.740599,0.001052,0.131457
ACGCTGTGAGGCGTAG-1,0.272063,0.709385,0.004636,0.013916
ACGGAACACGAGTGCC-1,0.033921,0.565066,0.166841,0.234171
ACGGAATTTAGCAAAT-1,0.003132,0.984346,0.00313,0.009393
ACGGACTCTCAAAGCG-1,0.187526,0.494679,0.023134,0.294661
ACGGAGCGCAAATTAC-1,0.540744,0.455217,0.00101,0.003029
ACGGATGGTGCGGATA-1,0.234065,0.763271,0.000666,0.001998
ACGGCACTTGCTTGGG-1,0.012277,0.781719,0.000029,0.205975
ACGGCCAACATGGACT-1,0.000104,0.621231,0.0004,0.378266
ACGGCGACGATGGGAA-1,0.101152,0.000423,0.000141,0.898284
ACGGCGGGTTGCCCTG-1,0.272257,0.72601,0.000433,0.0013
ACGGGAGTGTCGGCCC-1,0.797035,0.20274,0.000056,0.000169
ACGGGCGTATGCGACA-1,0.448554,0.286599,0.263742,0.001105
ACGGGTCATGTGACTT-1,0.046918,0.315076,0.000567,0.637439
ACGGTACAGTTCAATG-1,0.630972,0.261236,0.000547,0.107245
ACGTACAGATTTCTCT-1,0.023794,0.755546,0.048744,0.171917
ACGTATTACTCCGATC-1,0.330356,0.658989,0.002664,0.007991
ACGTCTCGTTCCGGGA-1,0.062519,0.18762,0.062601,0.68726
ACGTGACAAAGTAAGT-1,0.562646,0.010061,0.189056,0.238236
ACGTGCGCCTCGTGCA-1,0.022629,0.78132,0.000077,0.195974
ACGTTAATGTCGAAGA-1,0.000368,0.958889,0.000368,0.040374
ACGTTAGATTTGCCCG-1,0.00389,0.141329,0.000042,0.854739
ACGTTATTGGTCACTC-1,0.038677,0.120582,0.000017,0.840724
ACGTTCCGCGCTCCGT-1,0.316598,0.320112,0.000103,0.363187
ACGTTCGCAATCAATT-1,0.000636,0.996822,0.000636,0.001907
ACGTTCTGTACAAGTC-1,0.250796,0.746582,0.000656,0.001966
ACGTTTAGTTGTGATC-1,0.009604,0.449959,0.01187,0.528567
ACGTTTCGGTGCACTT-1,0.000593,0.842472,0.000594,0.156341
ACTACCAGCTCTCTGG-1,0.009525,0.030154,0.000027,0.960294
ACTACGCGTTAGAATT-1,0.036686,0.720295,0.077043,0.165976
ACTAGTTGCGATCGTC-1,0.283615,0.711275,0.001278,0.003833
ACTATATGCTGTGTTC-1,0.627309,0.370504,0.000547,0.00164
ACTATCCAGGGCATGG-1,0.455352,0.539785,0.001216,0.003647
ACTATCGCCGGCTAAA-1,0.111086,0.234316,0.000116,0.654482
ACTATCTGCCCGCGTA-1,0.104576,0.890699,0.001181,0.003544
ACTATTCGTCCGTGGT-1,0.008934,0.915555,0.011236,0.064275
ACTCAACGAATGTATT-1,0.266082,0.624062,0.107769,0.002087
ACTCAAGTGCAAGGCT-1,0.359706,0.64001,0.000071,0.000212
ACTCAATAAAGGCACG-1,0.000074,0.562271,0.000074,0.437581
ACTCAGACCTGCTTCT-1,0.131539,0.866966,0.000374,0.001121
ACTCCAATATCATCAT-1,0.322458,0.445226,0.001153,0.231163
ACTCCCATTCCTAAAG-1,0.542359,0.068785,0.007011,0.381845
ACTCCCGAATTCGTTT-1,0.028947,0.967883,0.000793,0.002378
ACTCCCGTAGACTAGG-1,0.882493,0.000422,0.000141,0.116945
ACTCCCTAATGCTAAA-1,0.015978,0.941604,0.037885,0.004533
ACTCCCTAGAATAGTA-1,0.007424,0.183202,0.032984,0.776389
ACTCCGGCCGACCACT-1,0.794359,0.000215,0.000072,0.205354
ACTCGATGTATTTCAT-1,0.094752,0.159515,0.005936,0.739797
ACTCGCCGTTCGATAA-1,0.042133,0.529763,0.000132,0.427972
ACTCGCGATCTGACGC-1,0.116868,0.2553,0.041756,0.586076
ACTCGTAACCCGTCCT-1,0.79439,0.170415,0.000074,0.035121
ACTCGTCAGTAATCCC-1,0.000427,0.872696,0.000389,0.126488
ACTCTAAACCTGGGAT-1,0.043518,0.000205,0.026238,0.930039
ACTCTCTGACTTAGGT-1,0.000963,0.995183,0.000963,0.00289
ACTCTGACCTAATAGA-1,0.489425,0.422359,0.08641,0.001806
ACTCTTCAGCTCCCGC-1,0.000515,0.001546,0.000515,0.997423
ACTCTTGTATAGTAAC-1,0.000241,0.611406,0.000241,0.388112
ACTGAAACGCCGTTAG-1,0.000273,0.998636,0.000273,0.000818
ACTGAATGGCGAAAGT-1,0.182429,0.656123,0.00062,0.160828
ACTGCCGTCGTAACTC-1,0.009389,0.698336,0.020754,0.271521
ACTGCGGACACACCGT-1,0.223739,0.359339,0.000427,0.416495
ACTGTACGATACACAT-1,0.203995,0.302781,0.035737,0.457487
ACTGTAGCACTTTGGA-1,0.235486,0.692268,0.033241,0.039005
ACTGTATACGCGAGCA-1,0.142952,0.348778,0.000454,0.507816
ACTGTCCAGGATTATA-1,0.034921,0.033919,0.000371,0.930789
ACTGTCTTCTTTAGAA-1,0.083138,0.916278,0.000146,0.000438
ACTGTGCTAGTAGATC-1,0.114267,0.849912,0.000189,0.035632
ACTGTTTAGTGTAGGC-1,0.060135,0.662611,0.03981,0.237444
ACTTACGCATCCACGC-1,0.348087,0.648763,0.000788,0.002362
ACTTAGTACGACAAGA-1,0.073206,0.494138,0.000082,0.432574
ACTTATACTTACCCGG-1,0.132073,0.191054,0.000052,0.67682
ACTTATCTGATCTATA-1,0.032875,0.650846,0.043965,0.272314
ACTTATTAGGATCGGT-1,0.23036,0.768918,0.000181,0.000542
ACTTATTTATGTGCCA-1,0.055587,0.001098,0.018139,0.925176
ACTTCAGGCTGATCCC-1,0.349549,0.645726,0.001181,0.003544
ACTTCCAGTGGAAGCT-1,0.427907,0.548243,0.005961,0.017889
ACTTCCATGCGGGACA-1,0.551155,0.0001,0.002541,0.446204
ACTTCCTGTCGTGCGA-1,0.345365,0.463712,0.039898,0.151025
ACTTGACTCCCTCTTT-1,0.170609,0.493291,0.000986,0.335115
ACTTGCCATATTGTAC-1,0.234983,0.630493,0.003576,0.130948
ACTTGGGACCCGGTGG-1,0.000025,0.001552,0.000025,0.998398
ACTTGTAGTCCCTTCA-1,0.009628,0.951832,0.009632,0.028908
ACTTGTGGATGGAACG-1,0.00072,0.731746,0.00072,0.266815
ACTTTACCCTCATGAA-1,0.055822,0.000866,0.000289,0.943024
ACTTTCCTATAGCTTC-1,0.000037,0.102922,0.010185,0.886857
ACTTTGACTGCATCCT-1,0.890429,0.046961,0.015647,0.046964
ACTTTGTCGACGCACT-1,0.129219,0.594724,0.000456,0.275601
AGAAATTATGACTCGC-1,0.000042,0.000126,0.000042,0.999791
AGAACCCAGCGTGACA-1,0.150081,0.543368,0.000269,0.306282
AGAACTGTACTTTGTA-1,0.048433,0.511161,0.240037,0.200369
AGAAGAGCGCCGTTCC-1,0.113069,0.88444,0.000623,0.001868
AGAAGGTACACTTCAC-1,0.631113,0.125539,0.017066,0.226282
AGAAGGTTGCCGAATT-1,0.319595,0.680067,0.000085,0.000254
AGAAGGTTGTAGGTCG-1,0.682192,0.317334,0.000119,0.000356
AGAAGTGATTCGTGAT-1,0.519447,0.450286,0.000083,0.030184
AGAATAAATCTTCAGG-1,0.926954,0.031311,0.010432,0.031303
AGAATACAGGCTATCC-1,0.008835,0.702319,0.138611,0.150236
AGAATTATGGATTCGA-1,0.381626,0.367512,0.000087,0.250776
AGAATTGTTTGACATA-1,0.00174,0.459367,0.001738,0.537154
AGACAGCTCAGAATCC-1,0.120877,0.309962,0.004585,0.564576
AGACAGGCATCTCAGC-1,0.427776,0.297251,0.066319,0.208654
AGACATAGATCCTTCC-1,0.581115,0.418344,0.000135,0.000406
AGACCAAACCACACCT-1,0.209711,0.000862,0.076808,0.712619
AGACCATGGGATACAA-1,0.165377,0.753506,0.000057,0.08106
AGACCCACCGCTGATC-1,0.052087,0.865687,0.000038,0.082188
AGACCCGCCCTCCTCG-1,0.12102,0.493837,0.000087,0.385056
AGACCGCTCCGCGGTT-1,0.000907,0.736546,0.000908,0.261639
AGACCGGGAAACCCTG-1,0.379767,0.313817,0.005171,0.301245
AGACGAAGTGCCGGTC-1,0.000194,0.000583,0.000194,0.999028
AGACGACGATGCCGCT-1,0.656593,0.199079,0.143886,0.000443
AGACGCCCACTTCGCC-1,0.12821,0.867356,0.001108,0.003325
AGACTAGCCTTCCAGA-1,0.178168,0.820915,0.000229,0.000688
AGAGAACCGTCTAGGA-1,0.154476,0.661082,0.083847,0.100595
AGAGAAGGAGTACAAT-1,0.656077,0.001108,0.000369,0.342445
AGAGATCTCTAAAGCG-1,0.468405,0.430098,0.004468,0.097029
AGAGCAGTTATGAGAC-1,0.187751,0.475119,0.000039,0.337091
AGAGCCGCCGAGATTT-1,0.208395,0.008117,0.095543,0.687945
AGAGCGGGCTAATCAT-1,0.012927,0.825186,0.006043,0.155844
AGAGCGTACAAGCTCG-1,0.355615,0.474083,0.000093,0.170209
AGAGCTACGAAAGCAT-1,0.064507,0.915407,0.000656,0.01943
AGAGGCTTCGGAAACC-1,0.000427,0.001282,0.177395,0.820896
AGAGGGACAATTGTCC-1,0.3692,0.627889,0.000728,0.002183
AGAGGTATCTCGGTCC-1,0.511637,0.487919,0.000111,0.000334
AGAGTAAACTTCACTA-1,0.001052,0.391882,0.512212,0.094853
AGAGTATAGTGTTACG-1,0.540094,0.459398,0.000127,0.000381
AGAGTCTTAATGAAAG-1,0.028811,0.571016,0.012145,0.388028
AGAGTTGCAGGCCTCC-1,0.82799,0.000456,0.000152,0.171402
AGATAACTTCAGGGCC-1,0.167871,0.029537,0.000029,0.802564
AGATACCAATAGAACC-1,0.000596,0.692126,0.000596,0.306681
AGATACCAGCACTTCA-1,0.65491,0.339926,0.001291,0.003873
AGATACCGGTGTTCAC-1,0.358545,0.640748,0.000177,0.00053
AGATACGACTTCATAT-1,0.005604,0.108692,0.027852,0.857852
AGATACTCAAGATCGA-1,0.000297,0.037933,0.042675,0.919095
AGATATAATACGACTA-1,0.000028,0.632369,0.015547,0.352057
AGATCGTGCATAAGAT-1,0.813251,0.066337,0.000238,0.120174
AGATCTCAGGTGTGAT-1,0.266737,0.731506,0.000439,0.001318
AGATGACTCGCCCACG-1,0.159124,0.55472,0.000167,0.285989
AGATGAGGGTTGCGAT-1,0.412314,0.249855,0.000971,0.33686
AGATGATGGAGTCTGG-1,0.132549,0.862771,0.00117,0.00351
AGATGCAAGACGTGCA-1,0.025045,0.075169,0.82464,0.075146
AGATGCTATAACGAGC-1,0.048065,0.708468,0.010007,0.23346
AGATTATAGGACGTTT-1,0.006551,0.105198,0.005449,0.882802
AGATTCACAACCGATA-1,0.780512,0.00008,0.152566,0.066842
AGCAAAGGCCGCTAGT-1,0.000974,0.677542,0.009654,0.31183
AGCAACATATCTTATT-1,0.013951,0.000419,0.018208,0.967421
AGCAACCGAAAGTAAT-1,0.025046,0.075168,0.82462,0.075167
AGCACCAGTACTCACG-1,0.152982,0.788499,0.000149,0.058369
AGCACTACCGGCCTGT-1,0.261027,0.627878,0.000056,0.111039
AGCACTACCTCACCAG-1,0.196528,0.742491,0.057927,0.003054
AGCACTTAAGGACGCC-1,0.294695,0.117778,0.013073,0.574455
AGCAGAAGGAGAAAGA-1,0.01263,0.777392,0.014628,0.19535
AGCAGCCAGATGAATA-1,0.072418,0.730917,0.076623,0.120042
AGCATATCAATATGCT-1,0.120064,0.689513,0.001181,0.189243
AGCATCATTTCGAAAG-1,0.005963,0.607444,0.005964,0.380629
AGCATCGTCGATAATT-1,0.026361,0.515523,0.000092,0.458024
AGCATTACGAGGCAAG-1,0.080822,0.279533,0.000167,0.639478
AGCCAAGCTTTGTGTC-1,0.000049,0.791237,0.144016,0.064697
AGCCACAGGTTACCCG-1,0.175555,0.823588,0.000214,0.000643
AGCCCATACATGTAAG-1,0.203917,0.307585,0.00004,0.488458
AGCCCGCACTACAATG-1,0.059723,0.736035,0.071294,0.132948
AGCCCGGCATTAGAGG-1,0.280802,0.318822,0.184599,0.215776
AGCCCTAAGCGAAGTT-1,0.002422,0.825399,0.010865,0.161314
AGCCCTGTCGCACCGT-1,0.000187,0.144662,0.000187,0.854965
AGCCCTTCTAATCCGA-1,0.579984,0.41325,0.001692,0.005075
AGCCCTTGGACATCCC-1,0.000478,0.331778,0.000478,0.667266
AGCCGCAAATTCAAAT-1,0.248488,0.062348,0.021665,0.667499
AGCCGCTTGATTAGCG-1,0.129471,0.284841,0.000091,0.585597
AGCCGTGGCTAAATGT-1,0.562521,0.436768,0.000178,0.000534
AGCCTAATACCCACGT-1,0.639337,0.073866,0.000471,0.286327
AGCCTTAAAGCGGAAG-1,0.026095,0.332869,0.000015,0.641022
AGCGACAGGAACGGTC-1,0.995236,0.002042,0.00068,0.002042
AGCGACATCCCATTCA-1,0.314396,0.641184,0.039839,0.004581
AGCGACCAACGATATT-1,0.023469,0.599464,0.000073,0.376995
AGCGATGCGCCTAATA-1,0.063183,0.474449,0.41372,0.048648
AGCGCATAATGAATCG-1,0.039671,0.681492,0.007721,0.271117
AGCGCGGGTGCCAATG-1,0.21821,0.457306,0.000083,0.324402
AGCGCTAGAGCGATGT-1,0.084729,0.791657,0.000114,0.1235
AGCGGACACTTCGTAG-1,0.000022,0.576498,0.02683,0.39665
AGCGGCGGTTAGCGGT-1,0.353275,0.041752,0.013922,0.591052
AGCGGGAAGGGTCCAT-1,0.250445,0.506546,0.001181,0.241827
AGCGTACGAGAGCTAG-1,0.023904,0.670529,0.00067,0.304897
AGCGTAGCGCTAGACC-1,0.020181,0.764256,0.000104,0.215458
AGCGTCTGAACCCGCA-1,0.00005,0.390675,0.00005,0.609224
AGCGTGGTATTCTACT-1,0.000091,0.197446,0.009484,0.792978
AGCTAAGTACGCAGGC-1,0.999599,0.000172,0.000057,0.000172
AGCTACGAATGGTGGT-1,0.03707,0.656412,0.13079,0.175728
AGCTAGAAGCAGAAGT-1,0.692412,0.302528,0.001265,0.003795
AGCTATTTAATCCAAC-1,0.005006,0.452187,0.031389,0.511417
AGCTCCATATATGTTC-1,0.001079,0.788956,0.001079,0.208886
AGCTCCTTCGCACATC-1,0.166708,0.829688,0.000901,0.002703
AGCTCGTTGATGGAAA-1,0.535685,0.00404,0.001347,0.458928
AGCTCTAGACGTTCCA-1,0.000994,0.5776,0.000994,0.420413
AGCTCTTCGTAACCTT-1,0.236051,0.753293,0.002664,0.007992
AGCTCTTTACTCAGTT-1,0.234279,0.230289,0.001395,0.534037
AGCTGTAACCTCAATC-1,0.803554,0.009214,0.098552,0.088679
AGCTTATAGAGACCTG-1,0.945085,0.040893,0.000148,0.013874
AGCTTCTTCTCGAGCA-1,0.071927,0.927376,0.000174,0.000522
AGCTTGATCTTAACTT-1,0.394772,0.604901,0.000082,0.000245
AGGAAAGCCTCTGATG-1,0.015461,0.657823,0.000053,0.326663
AGGAACGAACGACTTC-1,0.255368,0.636965,0.104821,0.002846
AGGAAGCTGTCCGCCG-1,0.000025,0.70811,0.0165,0.275365
AGGACAGTCGAATCCC-1,0.00045,0.269131,0.010879,0.719539
AGGACATCGCACGTCG-1,0.174514,0.635533,0.00084,0.189112
AGGACATCGGCACACT-1,0.036991,0.611547,0.026317,0.325145
AGGACGACCCATTAGA-1,0.527857,0.271885,0.007527,0.192731
AGGACGCTCGATGTTG-1,0.701867,0.289923,0.002053,0.006157
AGGACTTATAGGAGAA-1,0.078108,0.206588,0.000075,0.715228
AGGAGACATCCACAGT-1,0.599837,0.218595,0.005979,0.175589
AGGAGAGTCTGGCTAC-1,0.626581,0.000593,0.031094,0.341732
AGGAGCGTTTATTATC-1,0.045642,0.612903,0.183445,0.15801
AGGAGGCCTTCGCGCG-1,0.000289,0.257499,0.000289,0.741923
AGGATAAAGTCGGGAT-1,0.000028,0.647334,0.006023,0.346615
AGGATATAGGGATTTA-1,0.00216,0.989202,0.00216,0.006478
AGGATATCCGACTGCA-1,0.196891,0.692029,0.000417,0.110662
AGGATCACGCGATCTG-1,0.354758,0.000248,0.000083,0.644911
AGGATTGCTTACGACA-1,0.293545,0.704093,0.000591,0.001772
AGGCAAAGAGGAATCA-1,0.262698,0.735681,0.000405,0.001216
AGGCAATACGGAGGAC-1,0.116679,0.014942,0.048201,0.820178
AGGCACGTGACTGTCC-1,0.001018,0.994909,0.001018,0.003054
AGGCAGATGCGTAAAC-1,0.300615,0.653845,0.000097,0.045443
AGGCATTGTCGTAGGG-1,0.26915,0.722216,0.002158,0.006476
AGGCCACATTGGTTAC-1,0.151106,0.084769,0.000364,0.76376
AGGCCACCCGTTATGA-1,0.318086,0.426363,0.011621,0.243931
AGGCCCAGTGACTGGT-1,0.138494,0.856173,0.000068,0.005266
AGGCCCATTGTACAGG-1,0.163224,0.830954,0.001456,0.004367
AGGCCCTAGAACGCCA-1,0.442378,0.557449,0.000043,0.00013
AGGCCTGAGAATCTCG-1,0.66408,0.335499,0.000105,0.000316
AGGCGATAACTGGCGT-1,0.288713,0.464995,0.000626,0.245666
AGGCTATGGTTAGCTT-1,0.133694,0.431017,0.00117,0.434118
AGGCTTCCCGAAGAAG-1,0.373576,0.60973,0.004173,0.012521
AGGCTTGCTAGACACC-1,0.413914,0.225496,0.002281,0.358309
AGGGACAGCACGGCGG-1,0.771537,0.228177,0.000072,0.000215
AGGGACCGGCTGCGTT-1,0.451643,0.340284,0.00107,0.207002
AGGGACTCTACGCGAC-1,0.030121,0.911125,0.055784,0.002969
AGGGAGACATACTTCG-1,0.715258,0.22912,0.052592,0.00303
AGGGCAGCGGCGTGGT-1,0.000027,0.746346,0.011724,0.241903
AGGGCCCTAATGTTCT-1,0.000588,0.811634,0.04399,0.143788
AGGGCGAGCAGCTGAT-1,0.077252,0.061958,0.041785,0.819005
AGGGCGTGATCGGCTA-1,0.091279,0.403059,0.000241,0.505421
AGGGTCGATGCGAACT-1,0.242475,0.000405,0.000041,0.757079
AGGGTCTGGACGCAGT-1,0.000073,0.701474,0.000073,0.29838
AGGGTGCTCTCGAGGG-1,0.021809,0.086247,0.000022,0.891922
AGGGTGGATAGTGCAT-1,0.058293,0.941232,0.000119,0.000356
AGGGTGTGCTACACGC-1,0.179932,0.293924,0.000351,0.525793
AGGGTTCCCTTTGGTT-1,0.204398,0.244178,0.000053,0.551371
AGGGTTTAGTTCGGGA-1,0.081181,0.918273,0.000136,0.000409
AGGTAACCTCCTATTC-1,0.023829,0.430698,0.000138,0.545335
AGGTACGATATTGCCA-1,0.053895,0.849746,0.022183,0.074177
AGGTAGGTACAAAGCT-1,0.21141,0.135351,0.017192,0.636046
AGGTATAATTGATAGT-1,0.14798,0.846634,0.001347,0.00404
AGGTATGCGGACATTA-1,0.272167,0.480895,0.041281,0.205657
AGGTCAGGTGAGAGTG-1,0.363819,0.001781,0.000032,0.634367
AGGTCGCCACTTCGGT-1,0.000638,0.311428,0.000042,0.687893
AGGTCGCCTCCCAACA-1,0.223355,0.701168,0.000876,0.074601
AGGTCGCGGAGTTACT-1,0.642936,0.003184,0.001061,0.352819
AGGTGCACGTCCACAT-1,0.011983,0.987603,0.000103,0.00031
AGGTGGTGACCTTCGC-1,0.000199,0.49904,0.297454,0.203307
AGGTGTATCGCCATGA-1,0.216616,0.117174,0.022646,0.643564
AGGTGTTGCCGACCAC-1,0.000094,0.242656,0.000094,0.757156
AGGTTACACCATGCCG-1,0.000646,0.93884,0.000645,0.059869
AGGTTTCACACACCTT-1,0.09842,0.702361,0.000327,0.198892
AGTAACTATAGCAGCC-1,0.128951,0.570501,0.050223,0.250325
AGTAATGTCTTGCCGC-1,0.161354,0.742778,0.000542,0.095326
AGTACATCATTTATCA-1,0.57863,0.228178,0.001423,0.191769
AGTACGGCCCGTATCG-1,0.069738,0.038461,0.02949,0.862311
AGTACTCTTATGCCCA-1,0.001361,0.993194,0.001361,0.004083
AGTAGCGTGAACGAAC-1,0.011473,0.49379,0.182375,0.312362
AGTAGGAAGGAAGTTG-1,0.99203,0.003415,0.001139,0.003416
AGTAGGTAACATACAT-1,0.000935,0.995327,0.000934,0.002803
AGTATAATACTAGGCA-1,0.263553,0.52819,0.01239,0.195867
AGTATCCATAATAACG-1,0.000316,0.940851,0.000316,0.058517
AGTATGCTGGAGACCA-1,0.009633,0.586381,0.009636,0.39435
AGTATTTGGCACGACC-1,0.035622,0.963591,0.000197,0.000591
AGTCAACACCACCATC-1,0.071923,0.17903,0.00003,0.749017
AGTCAAGATGACACTT-1,0.000173,0.00052,0.000173,0.999133
AGTCACTAGCTCTCGA-1,0.000888,0.621394,0.000888,0.37683
AGTCACTCCGCCTCAT-1,0.2178,0.465496,0.040808,0.275896
AGTCAGCCACCGCCTG-1,0.001927,0.990366,0.001927,0.005781
AGTCCAGCGGGTACGT-1,0.224071,0.77446,0.000367,0.001102
AGTCCATTGGCTGATG-1,0.000632,0.797732,0.000632,0.201003
AGTCCCGCCTTTAATT-1,0.280797,0.295203,0.00052,0.423481
AGTCCCTCGCAGAAAG-1,0.996864,0.000163,0.000054,0.002919
AGTCGAATTAGCGTAA-1,0.021373,0.630342,0.036777,0.311508
AGTCGACGGTCTCAAG-1,0.167103,0.832406,0.000123,0.000369
AGTCGGCCCAAACGAC-1,0.039463,0.658179,0.007322,0.295037
AGTCGGCTCAACTTTA-1,0.522262,0.186884,0.006817,0.284037
AGTCGGTTGCGTGAGA-1,0.477911,0.515034,0.001764,0.005291
AGTCGTATAAAGCAGA-1,0.231375,0.768314,0.000078,0.000233
AGTCGTCGACCACCAA-1,0.001052,0.994739,0.001052,0.003157
AGTCGTGGGCATTACG-1,0.682272,0.317389,0.000085,0.000254
AGTCTAAAGTATACTC-1,0.582869,0.219843,0.001002,0.196286
AGTCTCACAAGACTAC-1,0.65549,0.335507,0.008722,0.000281
AGTCTGGACATCCTTG-1,0.097108,0.711159,0.003363,0.188371
AGTCTTCTCCTCAAAT-1,0.013222,0.585163,0.00007,0.401545
AGTCTTTAAAGTGTCC-1,0.119584,0.693214,0.176071,0.011131
AGTGAACAAACTTCTC-1,0.277193,0.551777,0.027058,0.143972
AGTGAAGATGGTGTCC-1,0.873245,0.000363,0.000121,0.126272
AGTGACCTACTTTACG-1,0.329488,0.520202,0.021842,0.128468
AGTGAGACTTCCAGTA-1,0.322649,0.633607,0.036886,0.006858
AGTGAGCCTCGCCGCC-1,0.002665,0.986679,0.002667,0.007989
AGTGAGTCGAATTAAC-1,0.166636,0.613613,0.02458,0.195171
AGTGATAACCTGCGCG-1,0.043584,0.844944,0.000331,0.11114
AGTGATATGAGTAGTT-1,0.438715,0.431771,0.001118,0.128396
AGTGATTCAAGCAGGA-1,0.278759,0.407061,0.02488,0.289299
AGTGCACGCTTAAGAA-1,0.182228,0.001439,0.00048,0.815853
AGTGCGTAGCTCGTAA-1,0.23235,0.040888,0.00013,0.726631
AGTGCTAAACACAGCA-1,0.017836,0.980086,0.00052,0.001559
AGTGCTTGCACGAATA-1,0.228431,0.765111,0.000699,0.005758
AGTGGCCCGCAAATGG-1,0.045261,0.730158,0.102092,0.122489
AGTGGCGGCAATTTGA-1,0.353686,0.645661,0.000163,0.000489
AGTGGCGTCTGAAGGT-1,0.910482,0.050107,0.039171,0.00024
AGTGGCTCCGTCGGCC-1,0.874789,0.053645,0.01789,0.053676
AGTGGGAGTATACACG-1,0.107592,0.128552,0.012254,0.751603
AGTGGTGTTACCCGTG-1,0.010449,0.031314,0.010434,0.947803
AGTGGTTGCGTATAGG-1,0.031279,0.093818,0.031272,0.84363
AGTGTATTGCGCATTG-1,0.826839,0.162729,0.002608,0.007823
AGTGTGCTAAGATCGC-1,0.062074,0.543573,0.001941,0.392412
AGTGTGGTCTATTGTG-1,0.151259,0.680044,0.015531,0.153166
AGTTAAACACTTGCGA-1,0.062574,0.449741,0.000041,0.487644
AGTTAAGTCAACCGCT-1,0.877825,0.020914,0.000058,0.101203
AGTTACCCTTAAGACT-1,0.048455,0.245445,0.039211,0.666889
AGTTACCGCACATGGT-1,0.045667,0.341976,0.014048,0.59831
AGTTATTCAGACTGTG-1,0.017917,0.585094,0.199336,0.197653
AGTTATTGAAAGGTAA-1,0.063473,0.658555,0.048506,0.229466
AGTTCACCGGTTGGAC-1,0.079902,0.784812,0.000056,0.135229
AGTTCCTACAGAATTA-1,0.102464,0.479579,0.000056,0.417901
AGTTCCTATTTATGTT-1,0.010378,0.587323,0.047302,0.354997
AGTTCTGCGTTGTATC-1,0.381151,0.613521,0.001332,0.003997
AGTTGACATCGGCTGG-1,0.039776,0.579251,0.000596,0.380377
AGTTGCTGACTGATAT-1,0.049377,0.488775,0.00004,0.461808
AGTTGGCAAGGCTAGA-1,0.077324,0.921662,0.000253,0.00076
AGTTTATGTAAAGACA-1,0.478393,0.52114,0.000117,0.00035
AGTTTCGCAGGTCGGA-1,0.056775,0.725518,0.013536,0.204171
AGTTTGCACCTGCCTC-1,0.102257,0.755193,0.004114,0.138437
AGTTTGGCACGGGTTG-1,0.000824,0.394038,0.000824,0.604314
AGTTTGGCCAGACCTA-1,0.559847,0.3946,0.000065,0.045488
ATAAACCATTGGACGG-1,0.540056,0.22831,0.000061,0.231572
ATAAACGGACCCGTAA-1,0.001634,0.824822,0.066019,0.107525
ATAAACGTTGCACCAC-1,0.171188,0.824604,0.001052,0.003156
ATAAAGGCTCGGTCGT-1,0.192235,0.449197,0.012575,0.345993
ATAAATATTAGCAGCT-1,0.516675,0.302179,0.025792,0.155354
ATAACGCCGGAGGGTC-1,0.086125,0.443914,0.141695,0.328266
ATAAGCAAACACCGAG-1,0.602129,0.000353,0.000118,0.3974
ATAAGGTGGAGAACAT-1,0.000549,0.820288,0.000549,0.178613
ATAAGTAGGATTCAGA-1,0.642839,0.34895,0.002053,0.006157
ATAAGTAGGGCGACTC-1,0.411396,0.581015,0.001897,0.005691
ATAATACCGTTAGCCG-1,0.117504,0.80054,0.00004,0.081916
ATAATAGCTGTTGAAT-1,0.004179,0.848855,0.00506,0.141905
ATAATAGTGTAGGGAC-1,0.218256,0.780767,0.000244,0.000732
