Barcode,Topic 1,Topic 2to3,Topic 4to5,Topic 6,Topic 7to8
AAACAACGAATAGTTC-1,0.000057,0.08003,0.191688,0.000057,0.728167
AAACAAGTATCTCCCA-1,0.000038,0.126043,0.235071,0.010509,0.628339
AAACAATCTACTAGCA-1,0.000136,0.339201,0.235009,0.000136,0.425519
AAACACCAATAACTGC-1,0.000051,0.512995,0.378631,0.000051,0.108271
AAACAGAGCGACTCCT-1,0.000065,0.00013,0.679834,0.000065,0.319906
AAACAGCTTTCAGAAG-1,0.000288,0.174787,0.419964,0.000289,0.404673
AAACAGGGTCTATATT-1,0.057488,0.007826,0.551185,0.003913,0.379588
AAACAGTGTTCCTGGG-1,0.000035,0.478061,0.065579,0.16217,0.294155
AAACATTTCCCGGATT-1,0.001722,0.048353,0.217069,0.000059,0.732798
AAACCGGGTAGGTACC-1,0.00003,0.239999,0.532456,0.031276,0.196239
AAACCGTTCGTCCAGG-1,0.000031,0.423039,0.16964,0.069388,0.337901
AAACCTAAGCAGCCGG-1,0.000056,0.138127,0.272565,0.000056,0.589197
AAACCTCATGAAGTTG-1,0.001528,0.003054,0.597217,0.143462,0.254739
AAACGAAGAACATACC-1,0.000129,0.25255,0.746934,0.000129,0.000258
AAACGAGACGGTTGAT-1,0.000279,0.071049,0.449377,0.078995,0.4003
AAACGCCCGAGATCGG-1,0.000067,0.347921,0.189186,0.000067,0.462759
AAACGGGCGTACGGGT-1,0.000059,0.296238,0.231872,0.086719,0.385112
AAACGGGTTGGTATCC-1,0.000732,0.001465,0.995606,0.000732,0.001465
AAACTAACGTGGCGAC-1,0.00016,0.081756,0.458285,0.074998,0.384801
AAACTCGGTTCGCAAT-1,0.000444,0.144822,0.484441,0.000444,0.369849
AAACTGCTGGCTCCAA-1,0.000241,0.000482,0.481755,0.000241,0.517282
AAACTTGCAAACGTAT-1,0.000256,0.068165,0.721029,0.000256,0.210295
AAAGACATGAAGTTTA-1,0.000072,0.195089,0.296507,0.051802,0.456531
AAAGACTGGGCGCTTT-1,0.633264,0.000277,0.366044,0.000138,0.000277
AAAGGCCCTATAATAC-1,0.000319,0.411842,0.529607,0.057593,0.000639
AAAGGGATGTAGCAAG-1,0.037164,0.000199,0.962338,0.0001,0.000199
AAAGGGCAGCTTGAAT-1,0.003803,0.007588,0.977226,0.003794,0.007589
AAAGGTAAGCTGTACC-1,0.000032,0.580782,0.178419,0.01559,0.225178
AAAGTAGCATTGCTCA-1,0.000017,0.801512,0.167874,0.003318,0.02728
AAAGTCGACCCTCAGT-1,0.003476,0.006959,0.979131,0.003477,0.006957
AAAGTGTGATTTATCT-1,0.000075,0.071485,0.474162,0.078442,0.375836
AAAGTTGACTCCCGTA-1,0.000046,0.000092,0.202339,0.077606,0.719918
AAATAACCATACGGGA-1,0.00007,0.22838,0.410062,0.074566,0.286922
AAATACCTATAAGCAT-1,0.000095,0.247978,0.44531,0.059388,0.247228
AAATAGCTTAGACTTT-1,0.000034,0.000068,0.040547,0.351851,0.607499
AAATAGGGTGCTATTG-1,0.000053,0.408182,0.390773,0.000053,0.20094
AAATCCGATACACGCC-1,0.000053,0.261319,0.194407,0.057835,0.486386
AAATCTAGCCCTGCTA-1,0.00005,0.0001,0.093617,0.069555,0.836678
AAATGCTCGTTACGTT-1,0.019486,0.000381,0.589483,0.037758,0.352893
AAATGGCATGTCTTGT-1,0.000086,0.429366,0.464126,0.000086,0.106335
AAATGGCCCGTGCCCT-1,0.000172,0.499888,0.418216,0.000172,0.081552
AAATTACACGACTCTG-1,0.000076,0.215487,0.496914,0.000076,0.287446
AAATTACCTATCGATG-1,0.000054,0.120653,0.496421,0.018883,0.363989
AAATTGATAGTCCTTT-1,0.007149,0.075716,0.575644,0.001201,0.340291
AAATTGCGGCGGTTCT-1,0.000103,0.408581,0.443498,0.000103,0.147715
AAATTTACCGAAATCC-1,0.000065,0.110229,0.460274,0.000065,0.429367
AAATTTGCGGGTGTGG-1,0.003368,0.164353,0.65923,0.000034,0.173015
AACAACTGGTAGTTGC-1,0.000051,0.197595,0.264927,0.005797,0.531629
AACAATACATTGTCGA-1,0.000019,0.591152,0.134589,0.096805,0.177436
AACAATTACTCTACGC-1,0.073842,0.000417,0.87182,0.053503,0.000417
AACACACGCTCGCCGC-1,0.000048,0.182355,0.165084,0.029801,0.622713
AACACGACTGTACTGA-1,0.000052,0.000105,0.999686,0.000052,0.000105
AACACGAGACGCGGCC-1,0.002121,0.361103,0.630409,0.002122,0.004245
AACACGCGGCCGCGAA-1,0.000073,0.007114,0.636042,0.060262,0.296509
AACAGCTGTGTGGCAA-1,0.005906,0.735035,0.192156,0.008876,0.058027
AACAGGAAATCGAATA-1,0.00016,0.000321,0.970789,0.00016,0.02857
AACAGGATGGGCCGCG-1,0.000443,0.000885,0.997346,0.000442,0.000885
AACATAGCGTGTATCG-1,0.000185,0.120312,0.297445,0.000185,0.581874
AACATATCAACTGGTG-1,0.000071,0.000142,0.41679,0.000071,0.582926
AACATTGAAGTTGATC-1,0.004639,0.009279,0.972165,0.004639,0.009278
AACATTGGTCAGCCGT-1,0.000282,0.000564,0.998308,0.000282,0.000564
AACCAAGACTTCTCTG-1,0.001473,0.002947,0.991161,0.001473,0.002947
AACCAGTATCACTCTT-1,0.000055,0.302868,0.470929,0.000055,0.226092
AACCATGGGATCGCTA-1,0.000035,0.476065,0.494535,0.000035,0.02933
AACCCAGAGACGGAGA-1,0.000073,0.000145,0.726217,0.000073,0.273492
AACCCATCCCATGATC-1,0.034433,0.22266,0.600207,0.031551,0.111149
AACCCGACAACCCGTG-1,0.000042,0.235569,0.270124,0.099979,0.394287
AACCCTACTGTCAATA-1,0.000057,0.068845,0.452198,0.000059,0.478841
AACCCTGGTGGAACCA-1,0.00008,0.215698,0.765446,0.004076,0.0147
AACCGAGCTTGGTCAT-1,0.000103,0.09947,0.711211,0.000103,0.189112
AACCGCTAAGGGATGC-1,0.000071,0.096795,0.50604,0.001148,0.395945
AACCGTTGTGTTTGCT-1,0.000089,0.000177,0.999468,0.000089,0.000177
AACCTAAAGCCGTCCG-1,0.003363,0.071541,0.410811,0.002331,0.511954
AACCTCGCTTTAGCCC-1,0.000144,0.135741,0.502067,0.000144,0.361903
AACCTTTAAATACGGT-1,0.000308,0.310952,0.506236,0.000308,0.182197
AACCTTTACGACGTCT-1,0.01381,0.000184,0.382903,0.000092,0.603011
AACGATAATGCCGTAG-1,0.000013,0.963951,0.023745,0.000495,0.011795
AACGATATGTCAACTG-1,0.000405,0.000811,0.997569,0.000405,0.000811
AACGCATGATCTGGGT-1,0.000073,0.013903,0.424955,0.001253,0.559815
AACGCGAACGGCAACA-1,0.00018,0.000359,0.981002,0.00018,0.018279
AACGCGGTCTCCAGCC-1,0.000066,0.000132,0.999603,0.000066,0.000132
AACGCTGTTGCTGAAA-1,0.005886,0.382276,0.236821,0.000049,0.374968
AACGGACGTACGTATA-1,0.000041,0.427819,0.285516,0.066015,0.22061
AACGGCCATCTCCGGT-1,0.000023,0.42303,0.280152,0.045191,0.251604
AACGTACTGTGGGTAC-1,0.001824,0.004509,0.333902,0.036048,0.623716
AACGTAGTCTACCCAT-1,0.000104,0.392924,0.309357,0.000104,0.297511
AACGTCAGACTAGTGG-1,0.000104,0.243125,0.380659,0.02699,0.349123
AACGTGATGAAGGACA-1,0.000101,0.000203,0.728093,0.000101,0.271501
AACGTGCGAAAGTCTC-1,0.000914,0.056185,0.722965,0.000914,0.219023
AACGTTATCAGCACCT-1,0.002158,0.375934,0.615431,0.002159,0.004318
AACTAGGCTTGGGTGT-1,0.003383,0.337923,0.648545,0.003383,0.006767
AACTCAAGTTAATTGC-1,0.000046,0.077977,0.359588,0.017231,0.545158
AACTCCAGAGCGTGTT-1,0.000042,0.348369,0.261016,0.009898,0.380675
AACTCCTAATCCCATG-1,0.000051,0.061244,0.648281,0.012057,0.278367
AACTCGATAAACACGT-1,0.001764,0.003527,0.989419,0.001763,0.003527
AACTCGATGGCGCAGT-1,0.000085,0.23547,0.657734,0.006134,0.100576
AACTCTCAATAGAGCG-1,0.000082,0.01971,0.48332,0.000082,0.496806
AACTCTCAGTGTGCTC-1,0.000053,0.000107,0.375143,0.020494,0.604202
AACTGATATTAGGCCT-1,0.000138,0.000277,0.99917,0.000138,0.000277
AACTGGGTCCCGACGT-1,0.000083,0.000165,0.999504,0.000083,0.000165
AACTGGGTTCGAGCCG-1,0.000094,0.057285,0.424287,0.00675,0.511583
AACTTCTGCGTCTATC-1,0.001331,0.002664,0.002664,0.001332,0.992009
AACTTGCCCGTATGCA-1,0.000787,0.001575,0.995276,0.000787,0.001575
AACTTGCGTTCTCGCG-1,0.000511,0.001022,0.887281,0.000511,0.110675
AACTTTACGGGAGCTT-1,0.001625,0.205261,0.788235,0.001626,0.003252
AAGAAGGATCAGTTAG-1,0.000559,0.001118,0.996647,0.000559,0.001118
AAGACTAACCCGTTGT-1,0.003212,0.252692,0.734462,0.003211,0.006422
AAGACTCACGCCCACT-1,0.000028,0.678863,0.172341,0.063525,0.085244
AAGACTGCAAGCTACT-1,0.000376,0.001643,0.85652,0.110312,0.031149
AAGAGATGAATCGGTA-1,0.001438,0.002879,0.991364,0.001439,0.002879
AAGAGCTCTTTATCGG-1,0.000666,0.001332,0.841328,0.155342,0.001332
AAGAGGATGTACGCGA-1,0.000076,0.000151,0.876339,0.000076,0.123358
AAGAGGCATGGATCGC-1,0.000105,0.165347,0.474995,0.000105,0.359447
AAGATGGCACCGGACC-1,0.000027,0.410165,0.213048,0.032251,0.344509
AAGATTGGCGGAACGT-1,0.000421,0.36881,0.097919,0.000422,0.532428
AAGCACCCTGCGTATC-1,0.004037,0.379074,0.26757,0.00404,0.34528
AAGCATACTCTCCTGA-1,0.000109,0.605437,0.321177,0.000109,0.073168
AAGCCACTTGCAGGTA-1,0.000272,0.000544,0.467061,0.000272,0.53185
AAGCCGAAGCGGTTTA-1,0.002926,0.000114,0.066256,0.019737,0.910966
AAGCCGCCGTGAAATC-1,0.00014,0.777585,0.221853,0.000141,0.000281
AAGCGCAGGGCTTTGA-1,0.000073,0.663425,0.179869,0.058215,0.098418
AAGCGGCGTCATGGGT-1,0.002526,0.28712,0.186187,0.022926,0.501241
AAGCGTCCCTCATCGA-1,0.000033,0.467655,0.337337,0.008454,0.186521
AAGCTAGATCGAGTAA-1,0.003146,0.166273,0.571571,0.147077,0.111933
AAGCTCGTGCCAAGTC-1,0.000955,0.311869,0.23947,0.000956,0.44675
AAGCTCTTTCATGGTG-1,0.000049,0.248083,0.283485,0.020096,0.448286
AAGGAGCGGTTGGTGC-1,0.000046,0.509222,0.243409,0.10255,0.144774
AAGGATGAGGGACCTC-1,0.012133,0.217439,0.394872,0.000245,0.375311
AAGGCGCGTAAAGCTT-1,0.000083,0.000673,0.603221,0.10209,0.293933
AAGGCTGTGCTCATCG-1,0.000037,0.439662,0.234171,0.105926,0.220204
AAGGGAACGACTGGCT-1,0.000234,0.19765,0.738246,0.000235,0.063635
AAGGGACAGATTCTGT-1,0.00503,0.197132,0.265127,0.056581,0.476129
AAGGGACTATGCATTC-1,0.000007,0.957457,0.042517,0.000007,0.000013
AAGGTATCCTAATATA-1,0.013953,0.000798,0.589368,0.000399,0.395483
AAGGTGATAAACCAGC-1,0.000035,0.558715,0.242106,0.005419,0.193726
AAGTAAGCTTCCAAAC-1,0.000037,0.394983,0.16924,0.02558,0.41016
AAGTAGAAGACCGGGT-1,0.000086,0.0463,0.437387,0.030062,0.486164
AAGTAGTGACGCGAGG-1,0.000048,0.30518,0.471481,0.023152,0.200139
AAGTCAATTGTCGTCA-1,0.000039,0.098767,0.136805,0.154414,0.609975
AAGTGACGACCGAATT-1,0.000035,0.282695,0.455522,0.052769,0.208978
AAGTGAGTCGGGTTTA-1,0.000088,0.032014,0.24161,0.000088,0.726199
AAGTGCAAAGGTAGAC-1,0.009628,0.019253,0.019264,0.009632,0.942223
AAGTGCCTTGACTGTA-1,0.000047,0.009985,0.16834,0.015624,0.806004
AAGTGCGTTAGAATCT-1,0.000026,0.317301,0.54008,0.002817,0.139776
AAGTGCTTCTCTATTG-1,0.000042,0.170614,0.07085,0.133985,0.624509
AAGTGTTTGGAGACGG-1,0.000248,0.95346,0.000023,0.045865,0.000405
AAGTTCACTCCAAGCT-1,0.00005,0.204486,0.327059,0.021587,0.446818
AAGTTCAGTCTGCGTA-1,0.000041,0.504829,0.103007,0.010962,0.381161
AAGTTCGGCCAACAGG-1,0.000041,0.088685,0.623291,0.002961,0.285022
AAGTTGTGATGTTATA-1,0.000135,0.00027,0.297908,0.641062,0.060626
AAGTTTATGGGCCCAA-1,0.001149,0.002298,0.723982,0.001149,0.271423
AATAACAACGCTCGGC-1,0.000147,0.000294,0.999118,0.000147,0.000294
AATAACACTAGAACAA-1,0.000026,0.043052,0.218422,0.17709,0.561409
AATAAGTCCTCGAGAC-1,0.000118,0.062129,0.818627,0.000118,0.119009
AATACAATGTTTCAGG-1,0.001605,0.003211,0.990367,0.001606,0.003211
AATACCGGAGGGCTGT-1,0.000043,0.182104,0.381016,0.01546,0.421378
AATACCTGATGTGAAC-1,0.001425,0.028554,0.15428,0.166539,0.649202
AATAGAACAGAGTGGC-1,0.000048,0.000096,0.171187,0.078176,0.750492
AATAGAATCTGTTTCA-1,0.000044,0.40108,0.497058,0.04331,0.058508
AATAGCTACCGCGTGC-1,0.000187,0.023923,0.375245,0.025606,0.575038
AATAGGCACGACCCTT-1,0.000029,0.731504,0.000059,0.136652,0.131757
AATAGTCGCGAGTCGG-1,0.010431,0.02086,0.937418,0.01043,0.020862
AATATCAAGGTCGGAT-1,0.000068,0.000135,0.480237,0.000068,0.519493
AATATCGAGGGTTCTC-1,0.000065,0.215547,0.272906,0.037295,0.474187
AATATTGGAGTATTGA-1,0.003915,0.007826,0.659063,0.003912,0.325284
AATCAGACTGCAGGAC-1,0.000132,0.041642,0.388457,0.000133,0.569636
AATCAGGTTTCATTTA-1,0.000044,0.456705,0.343708,0.057905,0.141639
AATCATGTAAAGACTC-1,0.000036,0.315412,0.197331,0.043821,0.4434
AATCCAAGGGCCTGAG-1,0.000211,0.087932,0.36695,0.000211,0.544696
AATCCATGCAAGGGTG-1,0.001407,0.002814,0.832943,0.001407,0.16143
AATCGAGGTCTCAAGG-1,0.000065,0.40038,0.156245,0.016676,0.426633
AATCGCCTCAGCGCCA-1,0.000022,0.76753,0.086187,0.024966,0.121295
AATCGTGAGCCGAGCA-1,0.000177,0.16302,0.290567,0.000177,0.54606
AATCTAGGTTTACTTG-1,0.000399,0.51351,0.484895,0.000399,0.000798
AATCTCTACTGTGGTT-1,0.008938,0.017885,0.946359,0.008937,0.017881
AATCTGCGTTGGGACG-1,0.000046,0.435603,0.276293,0.000046,0.288011
AATCTGGCTTTCTAGT-1,0.004172,0.008351,0.608495,0.370631,0.008351
AATCTGGGTAGACCCT-1,0.000059,0.150778,0.42014,0.02044,0.408583
AATGACAGCAATGTCT-1,0.000035,0.0795,0.919869,0.000035,0.000561
AATGACGTAGGATGTC-1,0.000046,0.327258,0.427804,0.004121,0.240772
AATGACTGTCAGCCGG-1,0.000053,0.069234,0.399149,0.462719,0.068846
AATGAGTTCGCATATG-1,0.000296,0.000591,0.998228,0.000295,0.000591
AATGATGATACGCTAT-1,0.000085,0.007082,0.44625,0.00868,0.537903
AATGATGCGACTCCTG-1,0.000066,0.000131,0.302462,0.000066,0.697276
AATGCACCAAGCAATG-1,0.000073,0.078259,0.673922,0.000073,0.247674
AATGGTCCACCGTTCA-1,0.151664,0.056253,0.537892,0.000265,0.253927
AATGGTTCTCACAAGC-1,0.000093,0.000186,0.881196,0.000093,0.118432
AATGTGCCCGAGGTGT-1,0.0229,0.393982,0.416252,0.001568,0.165298
AATGTGCTAATCTGAG-1,0.000017,0.593252,0.240607,0.072145,0.093979
AATGTTAAGACCCTGA-1,0.000149,0.07145,0.303782,0.000149,0.624469
AATTAAAGGTCGGCGT-1,0.001395,0.018636,0.197701,0.556374,0.225893
AATTAACGGATTTCCA-1,0.001317,0.47843,0.500745,0.001318,0.018189
AATTACTCGTACGCTC-1,0.201768,0.000577,0.074893,0.000289,0.722473
AATTAGCGCTGCAGCG-1,0.000901,0.139212,0.857184,0.000901,0.001802
AATTATACCCAGCAAG-1,0.000048,0.333352,0.000096,0.028095,0.638409
AATTCATAAGGGATCT-1,0.00007,0.00014,0.468295,0.087814,0.443681
AATTCCAACTTGGTGA-1,0.001043,0.002087,0.99374,0.001043,0.002087
AATTCGATTCGAGGAT-1,0.000148,0.679116,0.235012,0.000148,0.085575
AATTCTAGAGTTAGGC-1,0.000517,0.001035,0.996896,0.000517,0.001035
AATTGAACGCTCTGGT-1,0.000015,0.960165,0.00003,0.01886,0.020931
AATTGCAGCAATCGAC-1,0.000074,0.000147,0.116886,0.15152,0.731372
AATTTGGGACATAGTA-1,0.000042,0.583483,0.246609,0.040298,0.129569
AATTTGGTTCCAAAGA-1,0.000058,0.00229,0.997477,0.000058,0.000117
ACAAACCATGCGTCCT-1,0.002319,0.004638,0.832612,0.002319,0.158112
ACAAACCGACAAGGCG-1,0.042488,0.16666,0.749601,0.000053,0.041198
ACAAACTCCATCAGAG-1,0.000036,0.478277,0.037469,0.055989,0.428229
ACAAAGCATGACCTAG-1,0.003823,0.115638,0.237877,0.017853,0.624809
ACAAATCGCACCGAAT-1,0.000986,0.731063,0.229652,0.00088,0.037419
ACAAATGGTAGTGTTT-1,0.000015,0.845639,0.073229,0.025706,0.055411
ACAAATTCAGATCTGA-1,0.000035,0.427486,0.169544,0.011591,0.391344
ACAACAGCATGAGCTA-1,0.001669,0.24755,0.569696,0.00167,0.179416
ACAACGGTCCCTGCGA-1,0.000113,0.000227,0.979132,0.000113,0.020415
ACAAGCAGTGCCTAGC-1,0.061685,0.001298,0.93507,0.000649,0.001298
ACAAGGAAATCCGCCC-1,0.000017,0.808507,0.139538,0.008906,0.043032
ACAAGGACAAGAGGTT-1,0.012115,0.005009,0.54332,0.000094,0.439462
ACAAGGATGCTTTAGG-1,0.000052,0.332982,0.312546,0.006178,0.348243
ACAAGGCCTACCAGCC-1,0.000084,0.000168,0.426939,0.000084,0.572726
ACAAGGGCAGGCTCTG-1,0.001483,0.365697,0.546162,0.000108,0.086549
ACAAGTAATTGTAAGG-1,0.00404,0.008081,0.430057,0.549734,0.008089
ACAATAGTCGTACGTT-1,0.007362,0.014721,0.955832,0.007358,0.014726
ACAATCCATTTAAACC-1,0.000067,0.360564,0.44823,0.01978,0.171359
ACAATGAATACGGAGA-1,0.000034,0.267502,0.573599,0.000034,0.158831
ACAATTGTGTCTCTTT-1,0.000048,0.218447,0.098618,0.005322,0.677565
ACAATTTAGGAGGCTC-1,0.005214,0.010435,0.55703,0.005218,0.422103
ACAATTTGAGCAGTGG-1,0.000212,0.000424,0.56603,0.000212,0.433123
ACACACCAGGACCAGT-1,0.000056,0.119223,0.532322,0.000056,0.348343
ACACACTTTCTACACG-1,0.000081,0.065758,0.933916,0.000081,0.000163
ACACATGATCAAATCT-1,0.002844,0.258448,0.730171,0.002846,0.005692
ACACATTGACGCAACA-1,0.00184,0.003683,0.988953,0.001841,0.003683
ACACATTTCCGTAGAC-1,0.00658,0.090189,0.80324,0.000296,0.099695
ACACCCGAGAAATCCG-1,0.002826,0.089693,0.559908,0.000064,0.347508
ACACCGAGCGCTCTTT-1,0.000941,0.026575,0.49335,0.000942,0.478192
ACACCGGTCTGACCGC-1,0.001089,0.138003,0.857642,0.001089,0.002178
ACACCTTAAGTAGGGC-1,0.000059,0.365887,0.219134,0.009726,0.405195
ACACGAGACTCCTTCT-1,0.000519,0.11989,0.845083,0.00052,0.033988
ACACGGCACTATGCAT-1,0.000076,0.116366,0.832851,0.000076,0.050631
ACACGGGAACTTAGGG-1,0.004172,0.008346,0.840248,0.138886,0.008348
ACACTCCAATGTCACT-1,0.002454,0.004912,0.691171,0.002455,0.299008
ACACTGATCAAGGTGT-1,0.000039,0.022805,0.135175,0.321442,0.520539
ACAGAACTGAGAACAA-1,0.000022,0.487161,0.410363,0.045262,0.057192
ACAGCGACATTCTCAT-1,0.000074,0.068261,0.28117,0.016192,0.634303
ACAGCGCACCCGCAGC-1,0.002197,0.004394,0.453006,0.002197,0.538206
ACAGGCACGGATCCTT-1,0.000074,0.161103,0.018247,0.000074,0.820501
ACAGGCTTGCCCGACT-1,0.000022,0.755678,0.136399,0.001371,0.10653
ACAGGTGGAGGTGAGG-1,0.000031,0.197442,0.280153,0.103212,0.419162
ACAGTAATACAACTTG-1,0.001346,0.321577,0.673038,0.001347,0.002693
ACATAATAAGGCGGTG-1,0.00787,0.000093,0.991898,0.000046,0.000093
ACATACAATCAAGCGG-1,0.000063,0.22379,0.000539,0.194762,0.580846
ACATCAGCTGGGACGC-1,0.002019,0.411474,0.580447,0.002019,0.00404
ACATCCTGGTAACTGT-1,0.000063,0.000127,0.228036,0.009263,0.762511
ACATCGATCGTTTACC-1,0.00007,0.127927,0.871793,0.00007,0.00014
ACATCGCAATATTCGG-1,0.000127,0.077141,0.000253,0.000127,0.922352
ACATCGGTCAGCCGCG-1,0.000046,0.222881,0.556478,0.002476,0.21812
ACATCGTATGCAATGG-1,0.00003,0.578218,0.253477,0.012392,0.155882
ACATCGTTAACCTAGT-1,0.000252,0.000505,0.779863,0.000252,0.219127
ACATCTCAACGCGTAA-1,0.000086,0.000172,0.999485,0.000086,0.000172
ACATGCTTACGGCAGC-1,0.000539,0.266407,0.625567,0.00054,0.106947
ACATGGCGCCAAAGTA-1,0.000021,0.442716,0.051155,0.065127,0.44098
ACATGGCTCAATTTAG-1,0.000143,0.339099,0.660328,0.000143,0.000287
ACATTAGTTTATATCC-1,0.001625,0.003251,0.990245,0.001626,0.003252
ACATTCGCGCGGAATA-1,0.000526,0.001052,0.424141,0.000526,0.573754
ACATTTGAAACCTAAC-1,0.000083,0.188193,0.032374,0.010858,0.768492
ACCAAACTAGAAATCC-1,0.000037,0.109969,0.889884,0.000037,0.000074
ACCAACACCACACACT-1,0.00011,0.022856,0.254456,0.00011,0.722467
ACCAACCGCACTCCAC-1,0.000066,0.057801,0.087483,0.089948,0.764703
ACCAACGCTTATTTAT-1,0.000046,0.000092,0.177321,0.594727,0.227813
ACCAATATGCAAGTTA-1,0.000025,0.729095,0.08674,0.009118,0.175023
ACCACAACTCAGAACA-1,0.003477,0.006956,0.97913,0.003479,0.006958
ACCACACGGTTGATGG-1,0.00014,0.125435,0.433546,0.00014,0.440739
ACCACCAATGTAACAA-1,0.000036,0.000073,0.002316,0.257846,0.739728
ACCACGTGCAGCTATA-1,0.000028,0.546514,0.266642,0.000604,0.186212
ACCACTGTTCAAGAAG-1,0.002122,0.004247,0.643303,0.002123,0.348205
ACCAGCCCGGTCTTTG-1,0.000193,0.000385,0.872996,0.000193,0.126233
ACCAGTGCCCGGTCAA-1,0.000061,0.061529,0.502072,0.000144,0.436195
ACCAGTGCGGGAGACG-1,0.000043,0.466623,0.367751,0.078081,0.087502
ACCATCCGCCAACTAG-1,0.001089,0.384965,0.382501,0.001089,0.230355
ACCATCGTATATGGTA-1,0.000068,0.114012,0.491281,0.006445,0.388194
ACCATTAAGGGTGTCA-1,0.023169,0.125354,0.849305,0.000724,0.001448
ACCCAACGCCCGTGGC-1,0.000075,0.063296,0.464199,0.000075,0.472355
ACCCACCTACATGCTC-1,0.00291,0.005824,0.982531,0.002911,0.005823
ACCCATCTTGAGGGTA-1,0.000047,0.502795,0.244598,0.001969,0.250592
ACCCATTTGTCCCTCT-1,0.000055,0.242453,0.157426,0.039487,0.560579
ACCCGAGCGAAATTAC-1,0.000016,0.675957,0.203315,0.024167,0.096544
ACCCGATTGGTTCCGA-1,0.000024,0.676108,0.098614,0.037327,0.187926
ACCCGGAAACTCCCAG-1,0.002721,0.144747,0.570213,0.002722,0.279598
ACCCGGATGACGCATC-1,0.00007,0.126012,0.203902,0.0139,0.656116
ACCCGGTTACACTTCC-1,0.00005,0.004704,0.051494,0.18971,0.754042
ACCCTATAGGACTGAG-1,0.001692,0.003385,0.859622,0.131916,0.003385
ACCCTATGCCATATCG-1,0.000065,0.062646,0.403366,0.082737,0.451185
ACCCTCCCGTCAGGGC-1,0.000089,0.219893,0.042989,0.032681,0.704348
ACCCTCCCTTGCTATT-1,0.005661,0.529169,0.284049,0.000302,0.180818
ACCCTTCATCTGCGAA-1,0.000057,0.000114,0.999657,0.000057,0.000114
ACCCTTTAGTTCTCCA-1,0.000279,0.679263,0.209778,0.035263,0.075418
ACCGACACATCTCCCA-1,0.003211,0.006425,0.980729,0.003212,0.006423
ACCGACTGAGTCCCAC-1,0.027313,0.000513,0.80446,0.000257,0.167457
ACCGAGTCTCCTTATT-1,0.000652,0.001305,0.323004,0.000652,0.674387
ACCGATGGTAGCATCG-1,0.000089,0.069163,0.662418,0.004466,0.263863
ACCGCAATAACTGCCT-1,0.000033,0.537555,0.349868,0.007992,0.104553
ACCGCGGTGGAAGTCG-1,0.000026,0.003673,0.017981,0.188359,0.78996
ACCGCTAGTCATTGGT-1,0.000064,0.174037,0.408917,0.064874,0.352108
ACCGGGCCTTTGTTGA-1,0.000052,0.226194,0.258658,0.01586,0.499237
ACCGGTCAGGTACACC-1,0.022741,0.404623,0.422277,0.149678,0.000681
ACCGGTCTGAGTACGG-1,0.000063,0.141446,0.334802,0.039875,0.483814
ACCGTGACCACGTGGG-1,0.000039,0.12857,0.410525,0.027029,0.433836
ACCGTTCCCGCTCTGA-1,0.000105,0.000211,0.999368,0.000105,0.000211
ACCTAAGTACCTTTCA-1,0.000035,0.207678,0.705749,0.042615,0.043924
ACCTAATCGACTTCCT-1,0.000058,0.245628,0.517543,0.002938,0.233833
ACCTCCGCCCTCGCTG-1,0.000083,0.000166,0.14663,0.162018,0.691104
ACCTCGAACTTATGCT-1,0.00037,0.284784,0.652241,0.00037,0.062234
ACCTGCGTGTCATGTT-1,0.000282,0.470581,0.282665,0.000282,0.246191
ACCTTTCCTTTAGAAG-1,0.000037,0.555189,0.352427,0.010987,0.08136
ACGAAATGGGCGGCAC-1,0.000763,0.001527,0.820626,0.175557,0.001527
ACGACTCTAGGGCCGA-1,0.000048,0.317856,0.048303,0.108482,0.525311
ACGACTGGTCATACTC-1,0.000025,0.425651,0.250244,0.018349,0.305731
ACGAGAACCCATCACG-1,0.000104,0.000209,0.839544,0.000104,0.160039
ACGAGATATTTGCTTA-1,0.001108,0.002217,0.486591,0.001108,0.508977
ACGAGGATACCACTCT-1,0.000174,0.047567,0.59075,0.116562,0.244947
ACGAGGTTTACAACGT-1,0.011291,0.000945,0.854765,0.132054,0.000945
ACGAGTACGGATGCCC-1,0.006404,0.099929,0.135877,0.003634,0.754156
ACGAGTCGCCGGCGTT-1,0.002362,0.004724,0.61733,0.370859,0.004725
ACGATACATAGAACTA-1,0.002663,0.005328,0.771631,0.002664,0.217714
ACGATCATACATAGAG-1,0.000082,0.000164,0.999509,0.000082,0.000164
ACGATCATCTTGTAAA-1,0.000031,0.061582,0.041672,0.112215,0.784501
ACGATGCATATGTTAT-1,0.000043,0.36489,0.263488,0.015736,0.355842
ACGATGGATCCGATGC-1,0.000051,0.712105,0.287691,0.000051,0.000102
ACGCAATCACTACAGC-1,0.00503,0.126364,0.441373,0.000259,0.426974
ACGCATACGTTTACTA-1,0.000059,0.105357,0.150793,0.056175,0.687616
ACGCATTCGTGAGTAC-1,0.00003,0.794403,0.124804,0.040442,0.040322
ACGCCACTCGAAACAG-1,0.000349,0.000698,0.893735,0.104521,0.000698
ACGCCAGATGATTTCT-1,0.001181,0.002362,0.992915,0.001181,0.002362
ACGCCAGTGCGTTTGC-1,0.000069,0.000139,0.000139,0.139858,0.859795
ACGCCCAGCTGTCGAT-1,0.000038,0.38817,0.543178,0.000038,0.068576
ACGCCGCTAGACGACC-1,0.000226,0.405373,0.479525,0.000226,0.114649
ACGCGAAGTCAGACGA-1,0.010379,0.336572,0.232654,0.048451,0.371944
ACGCGCTACACAGGGT-1,0.000035,0.197252,0.500838,0.044061,0.257814
ACGCGGGCCAAGGACA-1,0.000039,0.000078,0.813647,0.186159,0.000078
ACGCGTTTCTTAAGAG-1,0.000433,0.247646,0.684118,0.000433,0.067369
ACGCTAGTGATACACT-1,0.001925,0.003532,0.234945,0.00007,0.759528
ACGCTGTGAGGCGTAG-1,0.003129,0.006258,0.981224,0.003129,0.00626
ACGCTTAGTGTCTCTC-1,0.001422,0.002845,0.991465,0.001422,0.002845
ACGGAACACGAGTGCC-1,0.000064,0.028726,0.000128,0.210418,0.760665
ACGGAATTTAGCAAAT-1,0.002574,0.000158,0.99703,0.000079,0.000158
ACGGACTCTCAAAGCG-1,0.000227,0.330177,0.578051,0.000227,0.091318
ACGGAGCGCAAATTAC-1,0.000076,0.048636,0.262845,0.026867,0.661576
ACGGATGGTGCGGATA-1,0.000091,0.398995,0.347995,0.000091,0.252828
ACGGCACTTGCTTGGG-1,0.000719,0.001439,0.894273,0.00072,0.102848
ACGGCGACGATGGGAA-1,0.000029,0.508985,0.280295,0.007645,0.203046
ACGGCGGGTTGCCCTG-1,0.000045,0.426605,0.362821,0.028102,0.182427
ACGGGAGTGTCGGCCC-1,0.000033,0.411972,0.474637,0.003057,0.110301
ACGGGTCATGTGACTT-1,0.003211,0.315373,0.671782,0.003211,0.006423
ACGGTACAGTTCAATG-1,0.000076,0.385353,0.20688,0.000076,0.407615
ACGTACAGATTTCTCT-1,0.000097,0.000194,0.999418,0.000097,0.000194
ACGTACTTTGGCACGG-1,0.000048,0.469029,0.314188,0.004377,0.212358
ACGTAGATTGCTGATG-1,0.003292,0.006588,0.489441,0.003296,0.497383
ACGTAGGAGAGTCGCT-1,0.000688,0.001376,0.995872,0.000688,0.001376
ACGTATTACTCCGATC-1,0.000055,0.13686,0.232659,0.032907,0.597518
ACGTGCGCCTCGTGCA-1,0.001287,0.175128,0.442568,0.000054,0.380964
ACGTGGTCGAATGTGC-1,0.000099,0.070786,0.482623,0.000099,0.446394
ACGTTAATGTCGAAGA-1,0.005155,0.530389,0.373482,0.000252,0.090723
ACGTTAGATTTGCCCG-1,0.00005,0.353073,0.388274,0.00564,0.252964
ACGTTATTGGTCACTC-1,0.003576,0.007155,0.978538,0.003577,0.007155
ACGTTCACTATGCCGC-1,0.000047,0.485289,0.022635,0.047105,0.444924
ACGTTCGTTCAGGAAA-1,0.000053,0.024224,0.278558,0.002332,0.694833
ACGTTCTGTACAAGTC-1,0.007012,0.267815,0.049367,0.026846,0.64896
ACGTTGTCGTTGAAAG-1,0.000085,0.20944,0.337137,0.000085,0.453252
ACGTTTAGTTGTGATC-1,0.000127,0.579394,0.420098,0.000127,0.000254
ACTAATACGTCAGGCG-1,0.000041,0.451429,0.241182,0.013189,0.29416
ACTACAAAGAGAGGTG-1,0.000159,0.072761,0.279615,0.643177,0.004287
ACTACATCCCGACAAG-1,0.079763,0.006419,0.904184,0.003212,0.006422
ACTACCAGCTCTCTGG-1,0.000089,0.032644,0.324391,0.025981,0.616895
ACTACCATCCGAGGGC-1,0.000324,0.000649,0.228063,0.000324,0.770639
ACTAGTTGCGATCGTC-1,0.000054,0.085547,0.11776,0.100683,0.695957
ACTATATGCTGTGTTC-1,0.000074,0.114315,0.302256,0.000074,0.583282
ACTATGTCCAGCTGCC-1,0.000215,0.335369,0.663772,0.000215,0.00043
ACTATTCGTCCGTGGT-1,0.000184,0.000368,0.998897,0.000184,0.000368
ACTATTTCCGGGCCCA-1,0.00004,0.365144,0.181828,0.083646,0.369342
ACTCAACGAATGTATT-1,0.000076,0.007649,0.524081,0.000076,0.468118
ACTCAAGTGCAAGGCT-1,0.00027,0.867329,0.023936,0.051906,0.056559
ACTCAATAAAGGCACG-1,0.000141,0.000282,0.999155,0.000141,0.000282
ACTCAGACCTGCTTCT-1,0.000076,0.000152,0.448383,0.000076,0.551312
ACTCATGGCAGCCTTC-1,0.001869,0.003738,0.584012,0.001869,0.408513
ACTCCAATATCATCAT-1,0.000022,0.48707,0.196812,0.053,0.263096
ACTCCCATTCCTAAAG-1,0.00031,0.203428,0.642137,0.00031,0.153815
ACTCCCGAATTCGTTT-1,0.000019,0.540883,0.000039,0.078507,0.380552
ACTCCCTAATGCTAAA-1,0.003233,0.599334,0.298971,0.000208,0.098253
ACTCCCTAGAATAGTA-1,0.000107,0.472707,0.435025,0.068054,0.024107
ACTCCGGCCGACCACT-1,0.000059,0.110507,0.053903,0.111256,0.724274
ACTCGATGTATTTCAT-1,0.001896,0.003795,0.988618,0.001897,0.003794
ACTCGTAACCCGTCCT-1,0.000134,0.630452,0.36901,0.000135,0.000269
ACTCGTCAGTAATCCC-1,0.000544,0.148463,0.849359,0.000544,0.001089
ACTCTCTGACTTAGGT-1,0.000197,0.351496,0.601709,0.000197,0.046401
ACTCTCTTATACACGA-1,0.000096,0.212065,0.601215,0.000096,0.186529
ACTCTGACCTAATAGA-1,0.000075,0.165458,0.096236,0.000075,0.738157
ACTCTTGTATAGTAAC-1,0.000941,0.303661,0.692573,0.000942,0.001883
ACTGAAACGCCGTTAG-1,0.004966,0.736269,0.048026,0.018184,0.192556
ACTGAATGGCGAAAGT-1,0.018063,0.930992,0.018212,0.000508,0.032224
ACTGATTTAGTGATTC-1,0.002782,0.005564,0.289535,0.416516,0.285602
ACTGCCCGCCATTCTC-1,0.000039,0.254698,0.458052,0.044836,0.242375
ACTGCCGTCGTAACTC-1,0.000579,0.214995,0.782686,0.00058,0.001159
ACTGTACGATACACAT-1,0.001869,0.003737,0.653938,0.001869,0.338587
ACTGTAGCACTTTGGA-1,0.004777,0.158517,0.666775,0.000097,0.169834
ACTGTATACGCGAGCA-1,0.000057,0.331827,0.375467,0.031565,0.261084
ACTGTCTTCTTTAGAA-1,0.000136,0.000271,0.999186,0.000136,0.000271
ACTGTGCTAGTAGATC-1,0.000057,0.000115,0.794647,0.000057,0.205124
ACTTACCGGGCGCGCA-1,0.001961,0.006044,0.493922,0.000059,0.498015
ACTTACGCATCCACGC-1,0.000031,0.681763,0.204832,0.002968,0.110406
ACTTAGTACGACAAGA-1,0.000037,0.102023,0.593709,0.000037,0.304195
ACTTATACTTACCCGG-1,0.000067,0.092574,0.345838,0.01837,0.543152
ACTTATCTGATCTATA-1,0.002136,0.87329,0.008832,0.066637,0.049105
ACTTATTTATGTGCCA-1,0.000057,0.044964,0.464696,0.130602,0.35968
ACTTCAGGCTGATCCC-1,0.000011,0.929355,0.003033,0.019247,0.048353
ACTTCCATGCGGGACA-1,0.000016,0.906813,0.017505,0.003618,0.072048
ACTTCGCCATACGCAC-1,0.000669,0.813082,0.18424,0.00067,0.001339
ACTTGACTCCCTCTTT-1,0.000379,0.185007,0.717334,0.00038,0.0969
ACTTGGGACCCGGTGG-1,0.000069,0.000139,0.226909,0.207851,0.565033
ACTTGGGCTTTCGCCA-1,0.00006,0.694202,0.000119,0.152216,0.153404
ACTTGTAGTCCCTTCA-1,0.000741,0.246059,0.367496,0.000741,0.384963
ACTTGTGGATGGAACG-1,0.000118,0.000237,0.296934,0.01165,0.69106
ACTTTACCCTCATGAA-1,0.000053,0.184562,0.055312,0.036272,0.723802
ACTTTCCTATAGCTTC-1,0.000113,0.000226,0.999321,0.000113,0.000226
ACTTTGACTGCATCCT-1,0.004315,0.008636,0.368285,0.004317,0.614447
ACTTTGGTCGTGCTCC-1,0.000605,0.436857,0.528909,0.000605,0.033025
AGAACGTGGTACATTC-1,0.000319,0.000639,0.844228,0.154175,0.000639
AGAACTGTACTTTGTA-1,0.000059,0.269015,0.000118,0.04115,0.689658
AGAAGAGCGCCGTTCC-1,0.093738,0.011294,0.571464,0.069773,0.253729
AGAAGGTACACTTCAC-1,0.002665,0.005329,0.717551,0.002664,0.27179
AGAAGGTTGCCGAATT-1,0.00003,0.435174,0.169552,0.062307,0.332938
AGAAGGTTGTAGGTCG-1,0.001026,0.185776,0.640126,0.001026,0.172046
AGAAGTGATTCGTGAT-1,0.000034,0.190079,0.63202,0.009349,0.168518
AGAATAAATCTTCAGG-1,0.004316,0.008627,0.974108,0.004316,0.008633
AGAATACAGGCTATCC-1,0.001649,0.154265,0.209711,0.000146,0.634229
AGAATGCGGGTTCGGA-1,0.000055,0.273405,0.252605,0.028909,0.445026
AGAATTATGGATTCGA-1,0.000059,0.170842,0.231168,0.009788,0.588143
AGAATTGTTTGACATA-1,0.000103,0.000206,0.999381,0.000103,0.000206
AGACAGCTCAGAATCC-1,0.003209,0.006418,0.98074,0.00321,0.006423
AGACCATGGGATACAA-1,0.000978,0.000154,0.879164,0.039241,0.080462
AGACCCACCGCTGATC-1,0.000184,0.000368,0.46418,0.000184,0.535085
AGACCGGGAAACCCTG-1,0.000797,0.174709,0.633157,0.000798,0.190539
AGACGAAGTGCCGGTC-1,0.00004,0.067696,0.291675,0.083111,0.557478
AGACGACGATGCCGCT-1,0.000033,0.043916,0.594016,0.063667,0.298367
AGACGGGATTGGTATA-1,0.000189,0.000378,0.774248,0.000189,0.224997
AGACGGGCCGATTTAA-1,0.144565,0.000109,0.073788,0.000055,0.781483
AGACTAGCCTTCCAGA-1,0.000058,0.051345,0.236621,0.216275,0.495702
AGACTGTTACCGGGTC-1,0.000065,0.00013,0.360531,0.008812,0.630462
AGAGAAACACCAGAAA-1,0.000019,0.444445,0.234033,0.137718,0.183785
AGAGAACCGTCTAGGA-1,0.000214,0.173622,0.391776,0.050793,0.383594
AGAGAAGGAGTACAAT-1,0.000026,0.633499,0.136813,0.010614,0.219048
AGAGATCTCTAAAGCG-1,0.000151,0.250896,0.502326,0.000246,0.246382
AGAGCAGTTATGAGAC-1,0.002052,0.235049,0.756741,0.002053,0.004105
AGAGCGGGCTAATCAT-1,0.010788,0.043741,0.945304,0.000056,0.000111
AGAGCGTACAAGCTCG-1,0.003142,0.02101,0.806199,0.110045,0.059604
AGAGCTACGAAAGCAT-1,0.002784,0.005565,0.983302,0.002783,0.005566
AGAGGCTTCGGAAACC-1,0.000051,0.03475,0.265044,0.024283,0.675873
AGAGTAAACTTCACTA-1,0.001007,0.479176,0.153396,0.035454,0.330968
AGAGTTAGAGACCGAT-1,0.000039,0.451899,0.162826,0.015656,0.36958
AGATAACTTCAGGGCC-1,0.000056,0.051045,0.338285,0.00959,0.601024
AGATACCGGTGTTCAC-1,0.000021,0.551532,0.114093,0.129687,0.204666
AGATACGACTTCATAT-1,0.002248,0.056754,0.586076,0.01095,0.343973
AGATACTCAAGATCGA-1,0.000019,0.760072,0.153969,0.007074,0.078866
AGATATAATACGACTA-1,0.001692,0.165534,0.368505,0.001692,0.462577
AGATCGTGCATAAGAT-1,0.012204,0.344346,0.351424,0.000053,0.291973
AGATCTCAGGTGTGAT-1,0.004171,0.317952,0.665355,0.004174,0.008347
AGATGAGGGTTGCGAT-1,0.000059,0.000119,0.39752,0.008733,0.593569
AGATGATGGAGTCTGG-1,0.000052,0.000103,0.000103,0.038095,0.961646
AGATGCAAGACGTGCA-1,0.000117,0.329414,0.551053,0.000117,0.119298
AGATGCTATAACGAGC-1,0.004038,0.008074,0.975774,0.004037,0.008077
AGATTCACAACCGATA-1,0.003174,0.130986,0.564506,0.000271,0.301064
AGCAAAGGCCGCTAGT-1,0.003684,0.1517,0.833564,0.003683,0.007369
AGCAACATATCTTATT-1,0.000062,0.00923,0.591184,0.030229,0.369295
AGCAACCGAAAGTAAT-1,0.000031,0.26986,0.56511,0.003518,0.161481
AGCACACGTTTAGACT-1,0.001331,0.13749,0.465681,0.116836,0.278661
AGCACCAGTACTCACG-1,0.000124,0.000247,0.999258,0.000124,0.000247
AGCACTACCGGCCTGT-1,0.000177,0.309572,0.673206,0.016692,0.000353
AGCACTACCTCACCAG-1,0.000023,0.707339,0.099316,0.020781,0.172541
AGCACTTAAGGACGCC-1,0.000058,0.119114,0.560991,0.004832,0.315005
AGCAGAAGGAGAAAGA-1,0.002979,0.360762,0.627317,0.00298,0.005962
AGCAGTCGAAGCATGC-1,0.000057,0.198063,0.045301,0.216136,0.540443
AGCATATCAATATGCT-1,0.000058,0.196843,0.310875,0.000058,0.492166
AGCATCATTTCGAAAG-1,0.000047,0.463008,0.452802,0.009924,0.074219
AGCATTACGAGGCAAG-1,0.009781,0.000353,0.292133,0.312772,0.384961
AGCCACAGGTTACCCG-1,0.00003,0.584443,0.010705,0.085684,0.319138
AGCCACTCCCGTGCTT-1,0.023586,0.000307,0.618115,0.030225,0.327767
AGCCATATAGTATGTG-1,0.027155,0.31013,0.380449,0.000611,0.281654
AGCCCATACATGTAAG-1,0.000046,0.045752,0.727809,0.000046,0.226347
AGCCCGGCATTAGAGG-1,0.000302,0.251111,0.447133,0.000302,0.301152
AGCCCGGTAGCCTGTA-1,0.000075,0.000151,0.175568,0.091022,0.733184
AGCCCTAAGCGAAGTT-1,0.000089,0.000178,0.999465,0.000089,0.000178
AGCCCTCCCTGGTGGC-1,0.000028,0.539952,0.324141,0.016021,0.119858
AGCCCTTCTAATCCGA-1,0.000055,0.00011,0.168509,0.015285,0.816041
AGCCGTGGCTAAATGT-1,0.000471,0.709365,0.288752,0.000471,0.000942
AGCCTAATACCCACGT-1,0.006952,0.078569,0.893612,0.006955,0.013911
AGCCTTAAAGCGGAAG-1,0.001739,0.003479,0.989563,0.00174,0.003479
AGCGACAGGAACGGTC-1,0.000021,0.53927,0.142788,0.015443,0.302477
AGCGACTTTGAAGACA-1,0.000028,0.49867,0.000055,0.364365,0.136882
AGCGAGACGTGAAGGC-1,0.002085,0.004175,0.738181,0.002087,0.253472
AGCGATGCGCCTAATA-1,0.000789,0.003452,0.089136,0.440481,0.466142
AGCGCGGGTGCCAATG-1,0.002804,0.401815,0.292482,0.014274,0.288624
AGCGCTTATGGGCAAG-1,0.042916,0.357264,0.231803,0.000042,0.367976
AGCGGACACTTCGTAG-1,0.002979,0.005964,0.982116,0.002979,0.005961
AGCGGCGGTTAGCGGT-1,0.001318,0.002637,0.611148,0.001318,0.38358
AGCGGGAAGGGTCCAT-1,0.016607,0.000172,0.440787,0.012993,0.529441
AGCGGGTCTGACACTC-1,0.002196,0.576548,0.414665,0.002198,0.004393
AGCGGTTGAGATGTAC-1,0.000246,0.160354,0.542216,0.139856,0.157328
AGCGTACGAGAGCTAG-1,0.044867,0.000211,0.335857,0.000106,0.618959
AGCGTAGCGCTAGACC-1,0.000226,0.000453,0.812438,0.000226,0.186656
AGCGTCTGAACCCGCA-1,0.000057,0.281884,0.304138,0.066923,0.346998
AGCGTGGTATTCTACT-1,0.00039,0.17198,0.483568,0.00039,0.343671
AGCGTTCCGATTTAAA-1,0.000065,0.1448,0.309427,0.011725,0.533983
AGCTAACAAGCAATGT-1,0.000021,0.373699,0.34069,0.044243,0.241347
AGCTAAGCTCCGTCCG-1,0.000038,0.548031,0.073843,0.111957,0.26613
AGCTAAGTACGCAGGC-1,0.001329,0.500753,0.247214,0.000037,0.250668
AGCTAGAAGCAGAAGT-1,0.00311,0.193223,0.390987,0.00525,0.40743
AGCTATTTAATCCAAC-1,0.001043,0.002088,0.993739,0.001044,0.002087
AGCTCCTTCGCACATC-1,0.00004,0.524708,0.259793,0.019965,0.195493
AGCTCTAGACGTTCCA-1,0.000128,0.283783,0.308208,0.000128,0.407753
AGCTCTTCCCAGTGCA-1,0.000139,0.000278,0.365347,0.046485,0.587751
AGCTCTTCGTAACCTT-1,0.000051,0.000101,0.025906,0.262372,0.711571
AGCTCTTTACTCAGTT-1,0.000025,0.524718,0.090913,0.112074,0.272271
AGCTGAAGTAAACCAA-1,0.116148,0.082091,0.479728,0.00008,0.321953
AGCTGCATTTGAGGTG-1,0.000132,0.000264,0.546083,0.034714,0.418806
AGCTGTAACCTCAATC-1,0.010687,0.289835,0.617047,0.000037,0.082394
AGCTTCAATACTTTGA-1,0.000192,0.15263,0.819981,0.000192,0.027005
AGCTTCTTCTCGAGCA-1,0.00011,0.020453,0.07716,0.066986,0.83529
AGCTTGATCTTAACTT-1,0.001526,0.003054,0.67891,0.001527,0.314983
AGGAAAGCCTCTGATG-1,0.000846,0.001691,0.994926,0.000846,0.001692
AGGAAGCTGTCCGCCG-1,0.005959,0.011932,0.964213,0.005968,0.011929
AGGACAGTCGAATCCC-1,0.000025,0.769522,0.059022,0.000931,0.1705
AGGACATCGCACGTCG-1,0.000066,0.148092,0.400077,0.003259,0.448506
AGGACGACCCATTAGA-1,0.000056,0.037291,0.27629,0.033481,0.652883
AGGACGCTCGATGTTG-1,0.00011,0.000221,0.493105,0.001063,0.505501
AGGACTTATAGGAGAA-1,0.000549,0.181958,0.674703,0.000549,0.142242
AGGAGGCCTTCGCGCG-1,0.000036,0.41207,0.103827,0.052058,0.432009
AGGATAAAGTCGGGAT-1,0.000271,0.364715,0.394208,0.000271,0.240536
AGGATATAGGGATTTA-1,0.000066,0.086322,0.352051,0.089254,0.472307
AGGATATCCGACTGCA-1,0.000032,0.678639,0.000063,0.053691,0.267576
AGGATCACGCGATCTG-1,0.000688,0.001376,0.855679,0.000688,0.14157
AGGCAAAGAGGAATCA-1,0.000044,0.533833,0.115986,0.016858,0.333279
AGGCAGATGCGTAAAC-1,0.000166,0.000333,0.414643,0.000169,0.584689
AGGCAGGGAGCGTACT-1,0.000077,0.009667,0.330503,0.001725,0.658028
AGGCATTGTCGTAGGG-1,0.000052,0.244948,0.19636,0.031706,0.526933
AGGCCACCCGTTATGA-1,0.000116,0.282679,0.372561,0.000116,0.344529
AGGCCCAGTGACTGGT-1,0.001043,0.002087,0.99374,0.001043,0.002087
AGGCCCTAGAACGCCA-1,0.000472,0.743113,0.229439,0.005109,0.021866
AGGCCTGAGAATCTCG-1,0.00003,0.496122,0.142884,0.087038,0.273925
AGGCGGTTTGTCCCGC-1,0.00298,0.005961,0.982115,0.002981,0.005963
AGGCTATGGTTAGCTT-1,0.000143,0.089032,0.858024,0.042856,0.009945
AGGCTTAAGTTGCACA-1,0.000188,0.358292,0.199287,0.000188,0.442045
AGGCTTCCCGAAGAAG-1,0.000042,0.011449,0.334643,0.009625,0.644241
AGGCTTGCTAGACACC-1,0.001061,0.002122,0.993635,0.001061,0.002122
AGGGAAACGAGGTACT-1,0.000059,0.07055,0.586208,0.000321,0.342861
AGGGCAGCGGCGTGGT-1,0.000137,0.000274,0.355266,0.089914,0.554409
AGGGCGAGCAGCTGAT-1,0.00075,0.688089,0.308911,0.00075,0.0015
AGGGCGTGATCGGCTA-1,0.000181,0.091877,0.633571,0.000181,0.274189
AGGGCTGCAGTTACAG-1,0.000117,0.000234,0.767116,0.232299,0.000234
AGGGTCAGAGCACTCG-1,0.000043,0.424721,0.225058,0.045412,0.304766
AGGGTCGATGCGAACT-1,0.000047,0.093099,0.199117,0.080851,0.626886
AGGGTGCCGTTCTTTA-1,0.000034,0.096376,0.422504,0.011784,0.469303
AGGGTGCTCTCGAGGG-1,0.000064,0.27537,0.348898,0.008055,0.367613
AGGGTGGATAGTGCAT-1,0.002121,0.004245,0.149981,0.002123,0.841531
AGGGTTCAGACGGTCC-1,0.00008,0.043711,0.204164,0.108621,0.643424
AGGGTTCCCTTTGGTT-1,0.000096,0.114184,0.329261,0.006502,0.549956
AGGGTTTAGTTCGGGA-1,0.000057,0.312257,0.687516,0.000057,0.000114
AGGTAACCTCCTATTC-1,0.000073,0.095558,0.355845,0.000073,0.54845
AGGTACGATATTGCCA-1,0.00062,0.00124,0.99628,0.00062,0.00124
AGGTAGATCGAGATAT-1,0.000021,0.40575,0.377576,0.01319,0.203463
AGGTAGGTACAAAGCT-1,0.000041,0.338871,0.417713,0.071032,0.172343
AGGTCAGGTGAGAGTG-1,0.000439,0.160248,0.837994,0.000439,0.000879
AGGTCGCCACTTCGGT-1,0.000174,0.000347,0.000347,0.010246,0.988886
AGGTCGCGGAGTTACT-1,0.000067,0.093486,0.246318,0.000068,0.660061
AGGTGCACGTCCACAT-1,0.004473,0.000191,0.067611,0.645031,0.282695
AGGTGTATCGCCATGA-1,0.006592,0.013183,0.960457,0.006589,0.013179
AGGTTGAGGCACGCTT-1,0.003204,0.000393,0.995815,0.000196,0.000393
AGGTTTCACACACCTT-1,0.001691,0.003384,0.692773,0.001692,0.30046
AGTAACGTTCATCCTG-1,0.00006,0.111625,0.598065,0.00006,0.29019
AGTAATCTAAGGGTGG-1,0.000077,0.409803,0.150618,0.0282,0.411302
AGTACAGAAGCTTATA-1,0.000487,0.167786,0.197006,0.000487,0.634233
AGTACCTTCGAGTGCT-1,0.000076,0.071076,0.248461,0.326443,0.353945
AGTACGGCCCGTATCG-1,0.003212,0.00642,0.980734,0.003211,0.006422
AGTACGGGCACCTGGC-1,0.001061,0.431647,0.424014,0.001061,0.142217
AGTACGTGGCCTGTCT-1,0.000079,0.168872,0.567502,0.000079,0.263468
AGTACTCTTATGCCCA-1,0.000069,0.354088,0.386456,0.012995,0.246392
AGTAGCGTGAACGAAC-1,0.000072,0.215599,0.784114,0.000072,0.000143
AGTAGCTAGACGCCGA-1,0.000061,0.005389,0.276425,0.003308,0.714816
AGTAGGAAGGAAGTTG-1,0.000072,0.089357,0.492647,0.000072,0.417851
AGTATAATACTAGGCA-1,0.000109,0.000218,0.623516,0.049462,0.326695
AGTATCCATAATAACG-1,0.014641,0.00049,0.728484,0.000245,0.25614
AGTATGCTGGAGACCA-1,0.000019,0.569409,0.207176,0.05208,0.171317
AGTATTTGGCACGACC-1,0.007923,0.124392,0.243874,0.000597,0.623213
AGTCAAATGATGTGAT-1,0.000025,0.414298,0.256205,0.026298,0.303175
AGTCAACACCACCATC-1,0.000049,0.000098,0.166687,0.030354,0.802812
AGTCAAGATGACACTT-1,0.000066,0.192986,0.638904,0.000066,0.167977
AGTCACTAGCTCTCGA-1,0.000057,0.123439,0.137629,0.062227,0.676648
AGTCACTCCGCCTCAT-1,0.000042,0.615466,0.273511,0.013093,0.097887
AGTCAGCCACCGCCTG-1,0.007223,0.000172,0.926416,0.000086,0.066103
AGTCCAGCGGGTACGT-1,0.000135,0.328965,0.661451,0.000135,0.009315
AGTCCATTGGCTGATG-1,0.000058,0.05489,0.274261,0.027666,0.643124
AGTCCCGCCTTTAATT-1,0.000087,0.000173,0.479959,0.030157,0.489625
AGTCGACGGTCTCAAG-1,0.000957,0.424206,0.428798,0.000032,0.146007
AGTCGGCCCAAACGAC-1,0.0008,0.314098,0.210154,0.032528,0.44242
AGTCGGCTCAACTTTA-1,0.00154,0.61468,0.383511,0.000089,0.000179
AGTCGTATAAAGCAGA-1,0.000252,0.099234,0.453656,0.193225,0.253633
AGTCGTCGACCACCAA-1,0.000053,0.149652,0.324137,0.022893,0.503266
AGTCGTGGGCATTACG-1,0.000033,0.250756,0.592764,0.000945,0.155502
AGTCTCACAAGACTAC-1,0.000037,0.170455,0.688122,0.024131,0.117255
AGTCTGGACATCCTTG-1,0.005444,0.010889,0.967329,0.005445,0.010893
AGTCTTCTCCTCAAAT-1,0.000093,0.000186,0.999442,0.000093,0.000186
AGTCTTTAAAGTGTCC-1,0.00005,0.754889,0.073117,0.075257,0.096686
AGTGAACAAACTTCTC-1,0.000061,0.000122,0.20775,0.002794,0.789274
AGTGACTGTGACACAA-1,0.000022,0.553074,0.322377,0.001778,0.12275
AGTGAGACTTCCAGTA-1,0.000044,0.558285,0.210684,0.006151,0.224837
AGTGAGCCTCGCCGCC-1,0.000026,0.286869,0.005702,0.029288,0.678115
AGTGAGGGTTTCTGAC-1,0.000096,0.000193,0.823076,0.000096,0.17654
AGTGATAACCTGCGCG-1,0.00004,0.14038,0.233271,0.142173,0.484136
AGTGATATGAGTAGTT-1,0.002992,0.00012,0.035536,0.201441,0.759911
AGTGATTCAAGCAGGA-1,0.000079,0.12745,0.400256,0.003732,0.468484
AGTGCACGCTTAAGAA-1,0.000034,0.072481,0.264153,0.106318,0.557015
AGTGCGTAGCTCGTAA-1,0.000048,0.015235,0.321783,0.040097,0.622838
AGTGCTAAACACAGCA-1,0.000025,0.588691,0.117969,0.019431,0.273883
