Barcode,Topic 1to2,Topic 3,Topic 4to5,Topic 6,Topic 7
AAACAACGAATAGTTC-1,0.163594,0.000616,0.834562,0.000614,0.000614
AAACAAGTATCTCCCA-1,0.44017,0.221023,0.338285,0.000261,0.000261
AAACACCAATAACTGC-1,0.298766,0.001378,0.699551,0.000152,0.000152
AAACAGAGCGACTCCT-1,0.022097,0.352722,0.603186,0.010989,0.011006
AAACAGCTTTCAGAAG-1,0.000221,0.000111,0.999447,0.00011,0.00011
AAACAGGGTCTATATT-1,0.135903,0.118861,0.744864,0.000186,0.000186
AAACATTTCCCGGATT-1,0.43438,0.251546,0.312797,0.000639,0.000639
AAACCGGGTAGGTACC-1,0.031879,0.015932,0.920441,0.015873,0.015874
AAACCGTTCGTCCAGG-1,0.480823,0.304518,0.214329,0.000165,0.000165
AAACCTAAGCAGCCGG-1,0.311476,0.021134,0.666726,0.000332,0.000333
AAACCTCATGAAGTTG-1,0.000712,0.000356,0.998222,0.000355,0.000355
AAACGAAGATGGAGTA-1,0.54081,0.125273,0.333435,0.000241,0.000241
AAACGAGACGGTTGAT-1,0.00319,0.101651,0.891982,0.001587,0.001589
AAACGGGTTGGTATCC-1,0.118623,0.000835,0.878878,0.000831,0.000833
AAACGGTTGCGAACTG-1,0.108072,0.000418,0.890675,0.000417,0.000418
AAACTAACGTGGCGAC-1,0.279603,0.231611,0.487921,0.000432,0.000433
AAACTCGGTTCGCAAT-1,0.80925,0.000134,0.190349,0.000134,0.000134
AAACTGCTGGCTCCAA-1,0.003224,0.08131,0.912249,0.001606,0.00161
AAACTTAATTGCACGC-1,0.377219,0.000229,0.622094,0.000229,0.000229
AAACTTGCAAACGTAT-1,0.326785,0.002817,0.66479,0.002801,0.002807
AAAGACTGGGCGCTTT-1,0.094574,0.00156,0.900758,0.001554,0.001554
AAAGGGATGTAGCAAG-1,0.159271,0.000162,0.840244,0.000161,0.000162
AAAGGGCAGCTTGAAT-1,0.085611,0.561798,0.350207,0.001192,0.001192
AAAGGTAAGCTGTACC-1,0.006111,0.220688,0.767121,0.00304,0.003041
AAAGTAGCATTGCTCA-1,0.002497,0.001249,0.993768,0.001242,0.001244
AAAGTCGACCCTCAGT-1,0.128767,0.000621,0.869373,0.000619,0.00062
AAAGTGTGATTTATCT-1,0.12437,0.214077,0.659169,0.001191,0.001192
AAAGTTGACTCCCGTA-1,0.001063,0.27337,0.724508,0.000529,0.00053
AAATAACCATACGGGA-1,0.007549,0.003776,0.981154,0.003759,0.003762
AAATACCTATAAGCAT-1,0.193658,0.002706,0.798231,0.002695,0.002708
AAATAGCTTAGACTTT-1,0.379658,0.026671,0.593148,0.000261,0.000262
AAATAGGGTGCTATTG-1,0.229663,0.000869,0.767735,0.000867,0.000866
AAATCCGATACACGCC-1,0.001216,0.103842,0.89373,0.000606,0.000606
AAATCGCGGAAGGAGT-1,0.656748,0.342791,0.000231,0.000115,0.000115
AAATCTAGCCCTGCTA-1,0.51296,0.101551,0.383652,0.000917,0.00092
AAATGCTCGTTACGTT-1,0.426349,0.023762,0.54937,0.000259,0.000259
AAATGGCATGTCTTGT-1,0.211226,0.003505,0.778289,0.00349,0.00349
AAATGGCCCGTGCCCT-1,0.12229,0.003119,0.868372,0.00311,0.003109
AAATGTATCTTATCCC-1,0.213873,0.000206,0.78551,0.000205,0.000206
AAATTAATAAGCGCGA-1,0.011508,0.004289,0.983981,0.000111,0.000111
AAATTACACGACTCTG-1,0.015123,0.00755,0.962286,0.007519,0.007522
AAATTACCTATCGATG-1,0.174973,0.63627,0.187794,0.000481,0.000482
AAATTGATAGTCCTTT-1,0.204778,0.002142,0.78881,0.002132,0.002138
AAATTGCGGCGGTTCT-1,0.131384,0.041745,0.82649,0.00019,0.00019
AAATTTACCGAAATCC-1,0.190923,0.154291,0.652382,0.001201,0.001203
AAATTTGCGGGTGTGG-1,0.241149,0.000903,0.756149,0.000899,0.0009
AACAACTGGTAGTTGC-1,0.434865,0.343582,0.216709,0.002421,0.002422
AACAATTACTCTACGC-1,0.395227,0.302253,0.299821,0.00135,0.001349
AACACACGCTCGCCGC-1,0.344379,0.435587,0.210176,0.004926,0.004931
AACACGACTGTACTGA-1,0.00319,0.602137,0.391495,0.00159,0.001588
AACACGAGACGCGGCC-1,0.1497,0.267252,0.579513,0.001764,0.001771
AACACGCGGCCGCGAA-1,0.184719,0.320566,0.493002,0.000856,0.000857
AACAGCTGTGTGGCAA-1,0.212822,0.00071,0.785052,0.000707,0.000709
AACAGGAAATCGAATA-1,0.15829,0.092734,0.747996,0.00049,0.00049
AACAGGATGGGCCGCG-1,0.105527,0.778752,0.115433,0.000144,0.000144
AACAGGTAGTATGGAT-1,0.493748,0.115748,0.389204,0.00065,0.00065
AACATATCAACTGGTG-1,0.272494,0.237046,0.489351,0.000554,0.000555
AACATTGGTCAGCCGT-1,0.001112,0.000556,0.997222,0.000554,0.000555
AACCAAGACTTCTCTG-1,0.209507,0.298951,0.47855,0.006494,0.006498
AACCAGTATCACTCTT-1,0.007172,0.447624,0.538047,0.003577,0.003581
AACCATAGGGTTGAAC-1,0.294595,0.000299,0.704509,0.000298,0.000299
AACCATGGGATCGCTA-1,0.022074,0.011066,0.944857,0.010991,0.011013
AACCCAGAGACGGAGA-1,0.572661,0.272308,0.153998,0.000516,0.000517
AACCCATCCCATGATC-1,0.435217,0.238857,0.325781,0.000072,0.000072
AACCCTACTGTCAATA-1,0.146688,0.398705,0.453838,0.000384,0.000385
AACCGAGCTTGGTCAT-1,0.035424,0.000323,0.963609,0.000322,0.000322
AACCGCTAAGGGATGC-1,0.251953,0.436028,0.289996,0.010989,0.011034
AACCGTTGTGTTTGCT-1,0.117117,0.137846,0.744591,0.000223,0.000223
AACCTCGCTTTAGCCC-1,0.29244,0.000246,0.706824,0.000245,0.000245
AACCTTTAAATACGGT-1,0.103291,0.358714,0.536808,0.000593,0.000594
AACCTTTACGACGTCT-1,0.940257,0.011947,0.023933,0.011905,0.011958
AACGAAAGTCGTCCCA-1,0.379919,0.152415,0.467265,0.000201,0.000201
AACGATAATGCCGTAG-1,0.104152,0.47502,0.419397,0.000716,0.000716
AACGATATGTCAACTG-1,0.208433,0.235954,0.553707,0.000953,0.000954
AACGCATGATCTGGGT-1,0.331927,0.000838,0.665563,0.000836,0.000836
AACGCGAACGGCAACA-1,0.489199,0.445802,0.064776,0.000112,0.000112
AACGCGGTCTCCAGCC-1,0.332904,0.06331,0.603269,0.000258,0.000258
AACGCTGTTGCTGAAA-1,0.405659,0.000482,0.592899,0.00048,0.000481
AACGGACGTACGTATA-1,0.201785,0.002866,0.789633,0.002858,0.002858
AACGGCCATCTCCGGT-1,0.002111,0.140138,0.855647,0.001052,0.001052
AACGTACTGTGGGTAC-1,0.064333,0.00148,0.931239,0.001473,0.001474
AACGTCAGACTAGTGG-1,0.559822,0.003052,0.431039,0.003041,0.003045
AACGTGATGAAGGACA-1,0.369573,0.612523,0.008967,0.00447,0.004468
AACGTGCGAAAGTCTC-1,0.001134,0.112875,0.88486,0.000566,0.000565
AACGTTATCAGCACCT-1,0.191559,0.291075,0.516976,0.000195,0.000195
AACTACCCGTTTGTCA-1,0.543671,0.153433,0.302042,0.000427,0.000427
AACTAGGCTTGGGTGT-1,0.191448,0.212388,0.595897,0.000133,0.000134
AACTCAAGTTAATTGC-1,0.437669,0.136101,0.423583,0.001323,0.001324
AACTCCAGAGCGTGTT-1,0.288966,0.539728,0.169071,0.001117,0.001118
AACTCCTAATCCCATG-1,0.057389,0.254882,0.630582,0.028572,0.028576
AACTCGATAAACACGT-1,0.035463,0.000332,0.963542,0.000331,0.000332
AACTCGATGGCGCAGT-1,0.205518,0.006521,0.774905,0.006494,0.006563
AACTCTCAATAGAGCG-1,0.047206,0.683537,0.268779,0.000239,0.000239
AACTCTCAGTGTGCTC-1,0.260116,0.163066,0.570462,0.003175,0.003182
AACTGAGGTCAGCGTC-1,0.488347,0.15059,0.359871,0.000596,0.000596
AACTGATATTAGGCCT-1,0.004946,0.002469,0.987653,0.002466,0.002465
AACTGGGTCCCGACGT-1,0.000646,0.075013,0.923696,0.000322,0.000322
AACTTCTGCGTCTATC-1,0.000616,0.748984,0.249787,0.000307,0.000307
AACTTGCCCGTATGCA-1,0.091902,0.6827,0.224642,0.000378,0.000378
AACTTGCGTTCTCGCG-1,0.010244,0.319301,0.660245,0.005102,0.005108
AACTTTACGGGAGCTT-1,0.000513,0.000257,0.998718,0.000256,0.000256
AAGAAGGATCAGTTAG-1,0.241993,0.003878,0.746387,0.003873,0.00387
AAGACCAAATAACTCA-1,0.18476,0.000798,0.812851,0.000795,0.000796
AAGACTAACCCGTTGT-1,0.007754,0.003884,0.980632,0.003861,0.003869
AAGACTGCAAGCTACT-1,0.00044,0.015862,0.98326,0.000219,0.000219
AAGAGATGAATCGGTA-1,0.061401,0.558049,0.379503,0.000523,0.000524
AAGAGCTCTTTATCGG-1,0.325628,0.001751,0.669133,0.001742,0.001746
AAGAGGATGTACGCGA-1,0.210749,0.006836,0.768805,0.006803,0.006807
AAGAGGCATGGATCGC-1,0.003264,0.172585,0.820897,0.001627,0.001627
AAGATGGCACCGGACC-1,0.321693,0.001056,0.675147,0.001051,0.001053
AAGATTGGCGGAACGT-1,0.072846,0.725518,0.197432,0.002101,0.002102
AAGCACCCTGCGTATC-1,0.538486,0.000197,0.460923,0.000196,0.000197
AAGCATACTCTCCTGA-1,0.317778,0.001595,0.677445,0.001592,0.001589
AAGCCGAAGCGGTTTA-1,0.486747,0.156567,0.355263,0.000711,0.000712
AAGCGCAGGGCTTTGA-1,0.112421,0.145227,0.740446,0.000952,0.000954
AAGCGGCGTCATGGGT-1,0.036007,0.017912,0.910361,0.017857,0.017862
AAGCGTCCCTCATCGA-1,0.345597,0.11595,0.535087,0.001681,0.001684
AAGCTAGATCGAGTAA-1,0.073943,0.390946,0.533397,0.000856,0.000858
AAGCTCGTGCCAAGTC-1,0.065863,0.138631,0.794555,0.000475,0.000476
AAGCTCTTTCATGGTG-1,0.002315,0.001158,0.994222,0.001152,0.001153
AAGGATCGATCGCTTG-1,0.472771,0.107739,0.419139,0.000175,0.000175
AAGGATGAGGGACCTC-1,0.032087,0.431434,0.534949,0.000764,0.000766
AAGGCGCGTAAAGCTT-1,0.124341,0.18417,0.687824,0.001832,0.001833
AAGGCTGTGCTCATCG-1,0.362933,0.115213,0.521161,0.000346,0.000346
AAGGGAACGACTGGCT-1,0.468565,0.00021,0.530805,0.00021,0.00021
AAGGGACAGATTCTGT-1,0.099523,0.832883,0.066502,0.000546,0.000546
AAGGGACTATGCATTC-1,0.23804,0.000202,0.761356,0.000201,0.000201
AAGGGTTTGATTTCAG-1,0.45219,0.002562,0.540139,0.002554,0.002556
AAGGTATCCTAATATA-1,0.016911,0.008465,0.957812,0.008404,0.008408
AAGGTGATAAACCAGC-1,0.013649,0.255397,0.717339,0.006807,0.006808
AAGTAAGCTTCCAAAC-1,0.382026,0.001071,0.614768,0.001068,0.001067
AAGTAGTGACGCGAGG-1,0.056135,0.943233,0.000317,0.000158,0.000158
AAGTCAATTGTCGTCA-1,0.128839,0.324793,0.543903,0.001232,0.001233
AAGTCTTCTGTGGCCT-1,0.001108,0.076842,0.920945,0.000552,0.000553
AAGTGACGACCGAATT-1,0.390938,0.017907,0.555436,0.017857,0.017861
AAGTGCAAAGGTAGAC-1,0.000295,0.627752,0.371659,0.000147,0.000147
AAGTGCCTTGACTGTA-1,0.388104,0.127172,0.483929,0.000397,0.000398
AAGTGCGTTAGAATCT-1,0.289727,0.00202,0.704225,0.002012,0.002016
AAGTGTTTGGAGACGG-1,0.001464,0.03063,0.966444,0.00073,0.000731
AAGTTCACTCCAAGCT-1,0.190112,0.002354,0.802849,0.002342,0.002344
AAGTTCAGTCTGCGTA-1,0.120085,0.596199,0.281672,0.001021,0.001023
AAGTTCGGCCAACAGG-1,0.24001,0.00104,0.756878,0.001036,0.001037
AAGTTTACTAATGGCA-1,0.068914,0.000252,0.930332,0.000251,0.000251
AATAACAACGCTCGGC-1,0.067132,0.748657,0.183391,0.00041,0.00041
AATAACACTAGAACAA-1,0.170992,0.296328,0.530799,0.000941,0.000941
AATACAATGTTTCAGG-1,0.000475,0.824728,0.174323,0.000237,0.000237
AATAGAACAGAGTGGC-1,0.48953,0.28898,0.220154,0.000668,0.000669
AATAGAATCTGTTTCA-1,0.466295,0.007982,0.509818,0.007944,0.007961
AATAGCAAGCCTCCTG-1,0.385729,0.144046,0.466817,0.001703,0.001705
AATAGTCCGTCCCGAC-1,0.356635,0.133939,0.506175,0.001624,0.001627
AATAGTCGCGAGTCGG-1,0.000409,0.000204,0.998979,0.000204,0.000204
AATATCGAATCAATGC-1,0.525797,0.194559,0.278393,0.000624,0.000625
AATATCGAGGGTTCTC-1,0.394656,0.001964,0.599464,0.001957,0.001959
AATATTGGAGTATTGA-1,0.026113,0.013054,0.934858,0.012987,0.012988
AATCAGACTGCAGGAC-1,0.274217,0.00069,0.723718,0.000687,0.000688
AATCATGTAAAGACTC-1,0.267065,0.001032,0.729842,0.00103,0.001029
AATCCATGCAAGGGTG-1,0.015972,0.008018,0.96006,0.007937,0.008013
AATCGCCTCAGCGCCA-1,0.18821,0.001078,0.808558,0.001076,0.001078
AATCGCGCAGAGGACT-1,0.50814,0.189141,0.30171,0.000504,0.000504
AATCGGGACACTACGA-1,0.003728,0.001863,0.990694,0.001857,0.001858
AATCTAGGTTTACTTG-1,0.445986,0.105425,0.444557,0.002015,0.002017
AATCTATGCCGGAGCC-1,0.482369,0.158257,0.358371,0.000501,0.000502
AATCTCTACTGTGGTT-1,0.015079,0.007542,0.962331,0.007519,0.00753
AATCTGCGTTGGGACG-1,0.020261,0.848714,0.130845,0.00009,0.00009
AATCTGGCTTTCTAGT-1,0.007357,0.22778,0.757524,0.003668,0.00367
AATGACAGCAATGTCT-1,0.380494,0.25444,0.344584,0.010204,0.010278
AATGACGTAGGATGTC-1,0.132386,0.00305,0.858479,0.00304,0.003045
AATGAGTTCGCATATG-1,0.022103,0.011047,0.944792,0.010989,0.011069
AATGATGATACGCTAT-1,0.014357,0.007177,0.964179,0.007143,0.007144
AATGATGCGACTCCTG-1,0.371074,0.242899,0.384392,0.000817,0.000818
AATGCACCAAGCAATG-1,0.009891,0.200762,0.779473,0.004926,0.004948
AATGGTCCACCGTTCA-1,0.056293,0.000932,0.940916,0.000929,0.000929
AATGGTTCTCACAAGC-1,0.527518,0.002392,0.465325,0.002381,0.002384
AATGTATGGCACTGTA-1,0.632637,0.000908,0.364645,0.000905,0.000906
AATGTGCCCGAGGTGT-1,0.211532,0.332148,0.451779,0.002268,0.002273
AATTAAAGGTCGGCGT-1,0.465276,0.259117,0.274482,0.000563,0.000563
AATTAACGGATTTCCA-1,0.239302,0.157543,0.602563,0.000296,0.000296
AATTACGAGACCCATC-1,0.688972,0.001748,0.305792,0.001743,0.001745
AATTACTCGTACGCTC-1,0.00043,0.061757,0.937384,0.000214,0.000215
AATTAGCGCTGCAGCG-1,0.224737,0.000338,0.774253,0.000337,0.000337
AATTCATAAGGGATCT-1,0.920383,0.015937,0.031889,0.0159,0.015891
AATTCATTGTCATGCA-1,0.41395,0.000676,0.584025,0.000674,0.000675
AATTCCAACTTGGTGA-1,0.001227,0.000613,0.996938,0.000611,0.000611
AATTCCAAGCATGTAC-1,0.390198,0.000249,0.609057,0.000248,0.000249
AATTCGATTCGAGGAT-1,0.28363,0.001595,0.711598,0.001588,0.001589
AATTCTAGAGTTAGGC-1,0.087931,0.014509,0.896996,0.000282,0.000282
AATTGAACGCTCTGGT-1,0.09142,0.003588,0.897828,0.003579,0.003584
AATTGCGTGGATTACA-1,0.57691,0.008962,0.396217,0.008954,0.008957
AATTTGGGACATAGTA-1,0.358741,0.02391,0.569723,0.023816,0.02381
ACAAACCATGCGTCCT-1,0.108438,0.000278,0.890728,0.000278,0.000278
ACAAATCGCACCGAAT-1,0.159024,0.057477,0.782239,0.000629,0.00063
ACAAATGGTAGTGTTT-1,0.004418,0.002206,0.988978,0.002198,0.0022
ACAAATTCAGATCTGA-1,0.237273,0.000585,0.760975,0.000584,0.000584
ACAACAGCATGAGCTA-1,0.079647,0.152101,0.767769,0.000241,0.000242
ACAACGGTCCCTGCGA-1,0.140204,0.590389,0.269057,0.000175,0.000175
ACAAGCAGTGCCTAGC-1,0.128151,0.439065,0.431966,0.000409,0.000409
ACAAGCTATATGGAAG-1,0.000157,0.146502,0.853184,0.000078,0.000078
ACAAGGAAATCCGCCC-1,0.114257,0.15413,0.730161,0.000726,0.000727
ACAAGGACAAGAGGTT-1,0.183842,0.366506,0.449179,0.000236,0.000237
ACAAGGATGCTTTAGG-1,0.324064,0.199228,0.475693,0.000507,0.000508
ACAAGGGCAGGCTCTG-1,0.10721,0.000524,0.89122,0.000522,0.000524
ACAATAGTCGTACGTT-1,0.117624,0.146467,0.734697,0.000606,0.000607
ACAATCCATTTAAACC-1,0.134558,0.54033,0.324119,0.000497,0.000497
ACAATCGATCTTTATA-1,0.487993,0.013035,0.472997,0.012987,0.012988
ACAATGAATACGGAGA-1,0.189007,0.18919,0.618434,0.001685,0.001684
ACAATGATTCTTCTAC-1,0.248704,0.162054,0.587737,0.000752,0.000753
ACAATTGTGTCTCTTT-1,0.219439,0.001436,0.776266,0.001429,0.00143
ACAATTTAGGAGGCTC-1,0.163116,0.00034,0.835866,0.000339,0.000339
ACAATTTGAGCAGTGG-1,0.001373,0.413449,0.58381,0.000684,0.000685
ACACACCAGGACCAGT-1,0.031902,0.015925,0.920296,0.015873,0.016003
ACACACTTTCTACACG-1,0.214398,0.000353,0.784546,0.000351,0.000352
ACACATGATCAAATCT-1,0.215243,0.000324,0.783788,0.000323,0.000323
ACACATTGACGCAACA-1,0.000528,0.083242,0.915702,0.000263,0.000264
ACACCCGAGAAATCCG-1,0.401371,0.000417,0.59738,0.000416,0.000416
ACACCGAGCGCTCTTT-1,0.011177,0.000213,0.988184,0.000213,0.000213
ACACCGGTCTGACCGC-1,0.236725,0.000565,0.761584,0.000563,0.000564
ACACCTTAAGTAGGGC-1,0.281794,0.108363,0.608739,0.000552,0.000553
ACACCTTACTACTTGC-1,0.828627,0.162717,0.008475,0.00009,0.000091
ACACGAGACTCCTTCT-1,0.086699,0.28413,0.628442,0.000365,0.000365
ACACGGGAACTTAGGG-1,0.040607,0.000342,0.958368,0.000341,0.000341
ACACTCCAATGTCACT-1,0.000883,0.177473,0.820764,0.00044,0.00044
ACAGAACTGAGAACAA-1,0.113056,0.001889,0.881294,0.00188,0.001882
ACAGCATAGAGCCAGT-1,0.431576,0.39289,0.167595,0.003968,0.00397
ACAGCGACATTCTCAT-1,0.378386,0.001033,0.618523,0.001029,0.00103
ACAGCGCACCCGCAGC-1,0.020507,0.010247,0.94868,0.010305,0.010261
ACAGGAGGCGCAGCCG-1,0.374425,0.001032,0.622486,0.001028,0.001029
ACAGGCTTGCCCGACT-1,0.34892,0.39117,0.257209,0.001351,0.00135
ACAGGTGGAGGTGAGG-1,0.250977,0.00087,0.74642,0.000866,0.000867
ACAGTAATACAACTTG-1,0.002495,0.001248,0.993772,0.001243,0.001243
ACATAAGTCGTGGTGA-1,0.595969,0.162511,0.240898,0.000311,0.000311
ACATAATAAGGCGGTG-1,0.032581,0.033156,0.933811,0.000226,0.000226
ACATCAGCTGGGACGC-1,0.062237,0.000343,0.936738,0.000341,0.000341
ACATCCCGGCCATACG-1,0.242529,0.232085,0.521296,0.002045,0.002045
ACATCCTGGTAACTGT-1,0.268819,0.203714,0.526785,0.000341,0.000342
ACATCGATCGTTTACC-1,0.040253,0.101104,0.858288,0.000177,0.000177
ACATCGGTCAGCCGCG-1,0.297045,0.068646,0.632826,0.000741,0.000742
ACATCGTATGCAATGG-1,0.004286,0.200608,0.790839,0.002133,0.002135
ACATCGTTAACCTAGT-1,0.031876,0.015926,0.920334,0.015989,0.015875
ACATCTCAACGCGTAA-1,0.063964,0.179183,0.754278,0.001287,0.001288
ACATGGCGCCAAAGTA-1,0.378274,0.137001,0.484156,0.000284,0.000285
ACATGGCTCAATTTAG-1,0.000782,0.000391,0.998048,0.000389,0.00039
ACATTAGTTTATATCC-1,0.009566,0.44538,0.535523,0.004762,0.004769
ACCAACACCACACACT-1,0.60837,0.000356,0.390564,0.000355,0.000355
ACCAATATGCAAGTTA-1,0.260023,0.001649,0.735041,0.001642,0.001645
ACCACAACTCAGAACA-1,0.262746,0.16727,0.564876,0.002552,0.002557
ACCACCAATGTAACAA-1,0.538987,0.154283,0.30648,0.000125,0.000125
ACCACGTGCAGCTATA-1,0.00302,0.149912,0.844057,0.001506,0.001506
ACCACTGTTCAAGAAG-1,0.07993,0.057906,0.861704,0.00023,0.00023
ACCAGACCATAACAAC-1,0.000585,0.295244,0.703589,0.000291,0.000291
ACCAGTGCCCGGTCAA-1,0.271555,0.149328,0.578194,0.000461,0.000462
ACCAGTGCGGGAGACG-1,0.281177,0.001495,0.714346,0.001489,0.001492
ACCATCCGCCAACTAG-1,0.008447,0.004221,0.97892,0.004202,0.00421
ACCATCGTATATGGTA-1,0.488525,0.001095,0.508194,0.001091,0.001094
ACCATTAAGGGTGTCA-1,0.000455,0.069677,0.929415,0.000227,0.000227
ACCCAACGCCCGTGGC-1,0.017249,0.866461,0.115904,0.000193,0.000193
ACCCACCTACATGCTC-1,0.346798,0.340806,0.310144,0.001125,0.001127
ACCCATCTTGAGGGTA-1,0.483009,0.253515,0.258712,0.002382,0.002383
ACCCATTTGTCCCTCT-1,0.312443,0.191028,0.495186,0.000671,0.000672
ACCCGAGCGAAATTAC-1,0.365162,0.000451,0.633487,0.000449,0.00045
ACCCGGAAACTCCCAG-1,0.172027,0.309667,0.517955,0.000175,0.000176
ACCCGGATGACGCATC-1,0.192682,0.002244,0.800599,0.002241,0.002235
ACCCGGTTACACTTCC-1,0.723341,0.275574,0.000543,0.000271,0.000271
ACCCTATAGGACTGAG-1,0.023879,0.011928,0.940381,0.011906,0.011906
ACCCTATGCCATATCG-1,0.55412,0.444912,0.000484,0.000242,0.000242
ACCCTCCCTTGCTATT-1,0.010251,0.172005,0.80753,0.005102,0.005112
ACCCTTCATCTGCGAA-1,0.025808,0.064826,0.908416,0.000475,0.000476
ACCCTTTAGTTCTCCA-1,0.071543,0.035822,0.821195,0.035714,0.035726
ACCGAAGAGTCTGGTT-1,0.282153,0.000339,0.716832,0.000338,0.000338
ACCGACACATCTCCCA-1,0.235233,0.000296,0.763879,0.000295,0.000296
ACCGACTGAGTCCCAC-1,0.058853,0.09975,0.8403,0.000548,0.000549
ACCGATGGTAGCATCG-1,0.000263,0.844007,0.155466,0.000131,0.000131
ACCGCAATAACTGCCT-1,0.270549,0.052781,0.674304,0.001183,0.001184
ACCGCGGTGGAAGTCG-1,0.362393,0.057253,0.579854,0.00025,0.00025
ACCGGGCCTTTGTTGA-1,0.339739,0.209059,0.449914,0.000644,0.000644
ACCGGTCAGGTACACC-1,0.355117,0.000139,0.644467,0.000139,0.000139
ACCGTCCACTGGGCCC-1,0.194196,0.004944,0.79099,0.004926,0.004944
ACCTAAGTACCTTTCA-1,0.41063,0.147512,0.440732,0.000563,0.000563
ACCTAATCGACTTCCT-1,0.039174,0.872321,0.088038,0.000233,0.000233
ACCTACAGTATGTGGT-1,0.844094,0.000513,0.154371,0.00051,0.000511
ACCTACTATAAATCTA-1,0.552804,0.000264,0.446406,0.000263,0.000263
ACCTCCGCCCTCGCTG-1,0.710233,0.000641,0.287849,0.000638,0.000639
ACCTCCGTTATTCACC-1,0.832456,0.000177,0.167015,0.000176,0.000176
ACCTCGAACTTATGCT-1,0.738499,0.000268,0.260699,0.000267,0.000267
ACCTGCGTGTCATGTT-1,0.015116,0.007545,0.962294,0.007525,0.00752
ACGAAATGGGCGGCAC-1,0.16497,0.464982,0.367349,0.001348,0.001351
ACGAGAACCCATCACG-1,0.197676,0.19789,0.60389,0.000272,0.000272
ACGAGATATTTGCTTA-1,0.09543,0.047736,0.76159,0.047619,0.047624
ACGAGGATACCACTCT-1,0.022041,0.011077,0.944665,0.011225,0.010992
ACGAGGTTTACAACGT-1,0.171462,0.000227,0.827858,0.000226,0.000227
ACGAGTACGGATGCCC-1,0.485664,0.072662,0.440793,0.00044,0.00044
ACGAGTCGCCGGCGTT-1,0.027238,0.065671,0.906704,0.000193,0.000193
ACGATACATAGAACTA-1,0.046054,0.000892,0.951275,0.00089,0.000889
ACGATACCTATCCTGA-1,0.000289,0.045667,0.953756,0.000144,0.000144
ACGATCATACATAGAG-1,0.015926,0.090805,0.892609,0.00033,0.00033
ACGATCATCTTGTAAA-1,0.068814,0.155131,0.774897,0.000579,0.000579
ACGATGCATATGTTAT-1,0.20667,0.000764,0.791045,0.000761,0.000761
ACGCAATCACTACAGC-1,0.629272,0.000908,0.368009,0.000905,0.000906
ACGCATACGTTTACTA-1,0.996964,0.000607,0.001216,0.000606,0.000606
ACGCATTCGTGAGTAC-1,0.035138,0.423208,0.541376,0.000139,0.000139
ACGCCAGATGATTTCT-1,0.23686,0.000658,0.761169,0.000656,0.000656
ACGCCGCTAGACGACC-1,0.005031,0.29011,0.699832,0.002512,0.002515
ACGCCTGACACGCGCT-1,0.125625,0.001305,0.87047,0.001299,0.001301
ACGCGAAGTCAGACGA-1,0.288368,0.001072,0.708425,0.001066,0.001069
ACGCGCTACACAGGGT-1,0.04104,0.020462,0.897677,0.020408,0.020412
ACGCGGGCCAAGGACA-1,0.047615,0.062996,0.889047,0.000171,0.000171
ACGCGTTTCTTAAGAG-1,0.063103,0.002,0.934549,0.000174,0.000174
ACGCTAGTGATACACT-1,0.073603,0.001577,0.921675,0.001572,0.001573
ACGCTGTGAGGCGTAG-1,0.032358,0.000531,0.966051,0.000529,0.00053
ACGGAATTTAGCAAAT-1,0.328843,0.004482,0.657741,0.004465,0.004469
ACGGACTCTCAAAGCG-1,0.100231,0.035178,0.864115,0.000238,0.000238
ACGGAGCGCAAATTAC-1,0.666529,0.323046,0.005222,0.002601,0.002602
ACGGATGGTGCGGATA-1,0.203372,0.148114,0.647511,0.000502,0.000502
ACGGCACTTGCTTGGG-1,0.074792,0.002241,0.918501,0.002232,0.002234
ACGGCGACGATGGGAA-1,0.0329,0.357219,0.608955,0.000463,0.000463
ACGGCGGGTTGCCCTG-1,0.375316,0.011964,0.588909,0.011905,0.011906
ACGGCTGGATGTAGAA-1,0.407398,0.00022,0.591944,0.000219,0.000219
ACGGGAGTGTCGGCCC-1,0.017906,0.00901,0.955188,0.008965,0.00893
ACGGGTCATGTGACTT-1,0.147747,0.000193,0.851674,0.000193,0.000193
ACGTACAGATTTCTCT-1,0.20261,0.592541,0.199009,0.002919,0.00292
ACGTAGATTGCTGATG-1,0.001329,0.000665,0.996681,0.000663,0.000663
ACGTATTACTCCGATC-1,0.00096,0.328166,0.669916,0.000478,0.000479
ACGTCTCGTTCCGGGA-1,0.059719,0.319914,0.620169,0.000099,0.000099
ACGTGACAAAGTAAGT-1,0.172319,0.140749,0.686753,0.00009,0.00009
ACGTGCGCCTCGTGCA-1,0.094885,0.000552,0.903462,0.00055,0.000551
ACGTTAATGTCGAAGA-1,0.003725,0.001864,0.990697,0.001856,0.001858
ACGTTAGATTTGCCCG-1,0.33657,0.099471,0.55993,0.002013,0.002016
ACGTTATTGGTCACTC-1,0.000628,0.000314,0.998431,0.000313,0.000313
ACGTTCGCAATCAATT-1,0.491874,0.079837,0.427205,0.000542,0.000542
ACGTTTAGTTGTGATC-1,0.251517,0.001864,0.742906,0.001856,0.001857
ACTAATACGTCAGGCG-1,0.285757,0.008435,0.688991,0.008403,0.008414
ACTACATCCCGACAAG-1,0.515378,0.000136,0.484216,0.000135,0.000135
ACTACCAGCTCTCTGG-1,0.291377,0.00299,0.699677,0.002978,0.002979
ACTACGCGTTAGAATT-1,0.70791,0.002868,0.28349,0.002867,0.002864
ACTAGTTGCGATCGTC-1,0.3078,0.288007,0.402559,0.000817,0.000817
ACTATATGCTGTGTTC-1,0.524052,0.007561,0.453335,0.007523,0.00753
ACTATCCAGGGCATGG-1,0.409204,0.014293,0.576044,0.000229,0.00023
ACTATCGCCGGCTAAA-1,0.000225,0.000113,0.999438,0.000112,0.000112
ACTATGTCCAGCTGCC-1,0.338598,0.00151,0.656881,0.001504,0.001507
ACTATTCGTCCGTGGT-1,0.365498,0.010239,0.603852,0.010204,0.010206
ACTCAACGAATGTATT-1,0.251722,0.745213,0.001535,0.000765,0.000766
ACTCAAGTGCAAGGCT-1,0.013944,0.130065,0.85518,0.000405,0.000405
ACTCAATAAAGGCACG-1,0.209424,0.000262,0.789792,0.000261,0.000261
ACTCCCATTCCTAAAG-1,0.209454,0.003337,0.780555,0.003322,0.003331
ACTCCCGAATTCGTTT-1,0.343362,0.15886,0.496682,0.000548,0.000549
ACTCCCTAATGCTAAA-1,0.000387,0.111041,0.888186,0.000193,0.000193
ACTCCCTAGAATAGTA-1,0.003543,0.200958,0.791968,0.001765,0.001767
ACTCGATGTATTTCAT-1,0.053403,0.000291,0.945728,0.000289,0.00029
ACTCGTAACCCGTCCT-1,0.215558,0.13442,0.638102,0.005957,0.005964
ACTCGTCAGTAATCCC-1,0.002541,0.00127,0.993656,0.001266,0.001267
ACTCTAAACCTGGGAT-1,0.000173,0.000087,0.999567,0.000086,0.000086
ACTCTCTGACTTAGGT-1,0.344423,0.134268,0.519487,0.000911,0.000911
ACTCTCTTATACACGA-1,0.376071,0.020468,0.562641,0.020409,0.020411
ACTCTTGTATAGTAAC-1,0.000697,0.447782,0.550827,0.000347,0.000347
ACTGAAACGCCGTTAG-1,0.571973,0.003504,0.417543,0.003492,0.003488
ACTGAATGGCGAAAGT-1,0.194261,0.107909,0.696308,0.000761,0.000761
ACTGATTTAGTGATTC-1,0.002787,0.213723,0.780713,0.001387,0.00139
ACTGCCGTCGTAACTC-1,0.001709,0.000854,0.995734,0.000852,0.000851
ACTGCTCGGAAGGATG-1,0.092699,0.211903,0.69505,0.000173,0.000173
ACTGTACGATACACAT-1,0.098367,0.176841,0.721778,0.001505,0.001509
ACTGTAGCACTTTGGA-1,0.656751,0.001259,0.339481,0.001255,0.001255
ACTGTATACGCGAGCA-1,0.253618,0.304347,0.44124,0.000397,0.000398
ACTGTCTTCTTTAGAA-1,0.079249,0.000438,0.919441,0.000436,0.000437
ACTGTGCTAGTAGATC-1,0.910356,0.017938,0.035929,0.017857,0.017918
ACTGTTTAGTGTAGGC-1,0.4721,0.004949,0.513081,0.004926,0.004945
ACTTACCGGGCGCGCA-1,0.397354,0.011027,0.569634,0.010989,0.010996
ACTTACGCATCCACGC-1,0.158427,0.167259,0.673213,0.00055,0.00055
ACTTAGTACGACAAGA-1,0.920278,0.015958,0.03198,0.015873,0.015911
ACTTATACTTACCCGG-1,0.061479,0.724887,0.21332,0.000157,0.000157
ACTTATCTGATCTATA-1,0.321201,0.001258,0.675031,0.001253,0.001256
ACTTATTTATGTGCCA-1,0.560415,0.011041,0.406412,0.01114,0.010993
ACTTCAGGCTGATCCC-1,0.205982,0.22395,0.566533,0.001764,0.001771
ACTTCCAGTGGAAGCT-1,0.744029,0.241994,0.006999,0.00349,0.003488
ACTTCCATGCGGGACA-1,0.35037,0.171033,0.474726,0.001936,0.001935
ACTTCGCCATACGCAC-1,0.161519,0.837902,0.00029,0.000144,0.000145
ACTTGACTCCCTCTTT-1,0.001335,0.047407,0.949927,0.000665,0.000666
ACTTGTAGTCCCTTCA-1,0.000369,0.03221,0.967052,0.000184,0.000184
ACTTGTGGATGGAACG-1,0.175394,0.126862,0.695398,0.001172,0.001173
ACTTTACCCTCATGAA-1,0.502086,0.167613,0.329857,0.000222,0.000222
ACTTTCCTATAGCTTC-1,0.267415,0.000243,0.731858,0.000242,0.000242
ACTTTGACTGCATCCT-1,0.002317,0.001157,0.994222,0.001152,0.001153
ACTTTGGTCGTGCTCC-1,0.228757,0.000395,0.77006,0.000394,0.000394
AGAACCCTCAATTGGG-1,0.65753,0.211199,0.130926,0.000172,0.000173
AGAACGTGGTACATTC-1,0.001729,0.209275,0.787273,0.000862,0.000862
AGAAGAGCGCCGTTCC-1,0.498801,0.460285,0.020489,0.010216,0.010209
AGAAGGTACACTTCAC-1,0.444182,0.004221,0.543185,0.004203,0.004209
AGAAGGTTGCCGAATT-1,0.544943,0.31189,0.141259,0.000954,0.000954
AGAAGGTTGTAGGTCG-1,0.441699,0.000228,0.557619,0.000227,0.000227
AGAAGTGATTCGTGAT-1,0.258969,0.005124,0.725699,0.005104,0.005105
AGAATAAATCTTCAGG-1,0.167412,0.00266,0.824624,0.002648,0.002656
AGAATGCGGGTTCGGA-1,0.389978,0.14565,0.461189,0.001589,0.001595
AGAATTATGGATTCGA-1,0.104042,0.893403,0.002276,0.00014,0.00014
AGAATTGTTTGACATA-1,0.161168,0.149933,0.687454,0.000722,0.000722
AGACAGCTCAGAATCC-1,0.110608,0.000339,0.888376,0.000338,0.000338
AGACCAAACCACACCT-1,0.225751,0.081983,0.691467,0.000399,0.0004
AGACCATGGGATACAA-1,0.120454,0.878204,0.000672,0.000335,0.000335
AGACCCACCGCTGATC-1,0.00276,0.257694,0.736794,0.001375,0.001378
AGACCGCTCCGCGGTT-1,0.413337,0.17052,0.414588,0.000777,0.000778
AGACCGGGAAACCCTG-1,0.281828,0.00074,0.715957,0.000737,0.000738
AGACGAAGTGCCGGTC-1,0.372301,0.000919,0.624945,0.000917,0.000918
AGACGACGATGCCGCT-1,0.597637,0.006528,0.382844,0.006494,0.006498
AGACGGGCCGATTTAA-1,0.357732,0.00046,0.640892,0.000458,0.000459
AGACTAGCCTTCCAGA-1,0.632592,0.288063,0.07892,0.000212,0.000212
AGAGAACCGTCTAGGA-1,0.061389,0.542527,0.394285,0.000899,0.0009
AGAGAAGGAGTACAAT-1,0.238038,0.001157,0.758498,0.001154,0.001153
AGAGATCTCTAAAGCG-1,0.022424,0.475867,0.501175,0.000267,0.000267
AGAGCAGTTATGAGAC-1,0.236394,0.003778,0.752297,0.003767,0.003764
AGAGCGGGCTAATCAT-1,0.001772,0.098453,0.898007,0.000882,0.000886
AGAGCGTACAAGCTCG-1,0.034884,0.964112,0.000502,0.00025,0.000251
AGAGCTACGAAAGCAT-1,0.000778,0.000389,0.998059,0.000387,0.000387
AGAGGCTTCGGAAACC-1,0.268172,0.436931,0.293466,0.000715,0.000716
AGAGTAAACTTCACTA-1,0.40875,0.223551,0.367207,0.000246,0.000246
AGAGTTAGAGACCGAT-1,0.154973,0.152354,0.690778,0.000947,0.000948
AGATAACTTCAGGGCC-1,0.656257,0.001025,0.340672,0.001022,0.001024
AGATACCGGTGTTCAC-1,0.281017,0.000854,0.716426,0.000851,0.000852
AGATACGACTTCATAT-1,0.36064,0.201826,0.43181,0.00286,0.002865
AGATACTCAAGATCGA-1,0.246789,0.001071,0.750006,0.001067,0.001067
AGATATAATACGACTA-1,0.162394,0.000422,0.836343,0.00042,0.000421
AGATCGTGCATAAGAT-1,0.311684,0.01103,0.655276,0.010989,0.011021
AGATCTCAGGTGTGAT-1,0.36595,0.000793,0.631678,0.00079,0.00079
AGATGAGGGTTGCGAT-1,0.641984,0.007966,0.33417,0.007937,0.007945
AGATGATGGAGTCTGG-1,0.410977,0.000309,0.588099,0.000307,0.000308
AGATGCAAGACGTGCA-1,0.043365,0.000225,0.955961,0.000224,0.000224
AGATGCATCCTGTGTC-1,0.000309,0.000154,0.999228,0.000154,0.000154
AGATGCTATAACGAGC-1,0.137337,0.000175,0.862138,0.000175,0.000175
AGATTCACAACCGATA-1,0.170256,0.060407,0.768082,0.000627,0.000627
AGCAAAGGCCGCTAGT-1,0.344681,0.207852,0.447068,0.000199,0.0002
AGCAACATATCTTATT-1,0.256423,0.438389,0.304043,0.000572,0.000573
AGCAACCGAAAGTAAT-1,0.392315,0.112258,0.495202,0.000113,0.000113
AGCACCAGTACTCACG-1,0.18805,0.000389,0.810786,0.000387,0.000388
AGCACTACCGGCCTGT-1,0.108705,0.088224,0.801747,0.000662,0.000663
AGCACTACCTCACCAG-1,0.257221,0.000522,0.741217,0.00052,0.00052
AGCACTTAAGGACGCC-1,0.147206,0.531096,0.321313,0.000192,0.000193
AGCAGAAGGAGAAAGA-1,0.61328,0.000106,0.386403,0.000106,0.000106
AGCAGCCAGATGAATA-1,0.15762,0.158,0.683864,0.000258,0.000258
AGCATATCAATATGCT-1,0.743193,0.000646,0.254872,0.000644,0.000645
AGCATCATTTCGAAAG-1,0.134145,0.308116,0.556123,0.000807,0.000808
AGCCAAGCTTTGTGTC-1,0.301431,0.000217,0.69792,0.000216,0.000216
AGCCACAGGTTACCCG-1,0.268337,0.065434,0.664407,0.00091,0.000912
AGCCACTCCCGTGCTT-1,0.001992,0.709268,0.286754,0.000993,0.000993
AGCCCATACATGTAAG-1,0.023939,0.012007,0.94024,0.011905,0.011909
AGCCCTAAGCGAAGTT-1,0.278399,0.002813,0.713183,0.002801,0.002804
AGCCCTTCTAATCCGA-1,0.278025,0.231537,0.489246,0.000595,0.000596
AGCCGCAAATTCAAAT-1,0.136146,0.000311,0.862924,0.000309,0.00031
AGCCGCTTGATTAGCG-1,0.000234,0.000117,0.999416,0.000117,0.000117
AGCCGTGGCTAAATGT-1,0.33512,0.001105,0.661575,0.001099,0.001101
AGCCTAATACCCACGT-1,0.175002,0.094304,0.73002,0.000336,0.000337
AGCCTTAAAGCGGAAG-1,0.000715,0.045276,0.953295,0.000356,0.000357
AGCGACAGGAACGGTC-1,0.014362,0.007166,0.964176,0.007143,0.007152
AGCGCGGGTGCCAATG-1,0.547587,0.005325,0.436488,0.005292,0.005308
AGCGCTTATGGGCAAG-1,0.456152,0.254837,0.271138,0.008933,0.008941
AGCGGACACTTCGTAG-1,0.159992,0.000441,0.838686,0.00044,0.00044
AGCGGCGGTTAGCGGT-1,0.160957,0.194409,0.644296,0.000169,0.000169
AGCGGGAAGGGTCCAT-1,0.41964,0.456431,0.122802,0.000563,0.000563
AGCGGGTCTGACACTC-1,0.733984,0.000209,0.26539,0.000208,0.000209
AGCGTACGAGAGCTAG-1,0.001051,0.000526,0.997375,0.000523,0.000524
AGCGTAGCGCTAGACC-1,0.252577,0.008967,0.720586,0.008929,0.008942
AGCGTCTGAACCCGCA-1,0.306438,0.313184,0.378896,0.00074,0.000742
AGCGTGGTATTCTACT-1,0.388676,0.104904,0.502272,0.002073,0.002075
AGCTAAGTACGCAGGC-1,0.152719,0.195783,0.65132,0.000089,0.000089
AGCTAGAAGCAGAAGT-1,0.007549,0.289419,0.695506,0.003764,0.003763
AGCTATTTAATCCAAC-1,0.003879,0.00194,0.990316,0.001931,0.001935
AGCTCCTTCGCACATC-1,0.012475,0.575231,0.39986,0.006213,0.006221
AGCTCTAGACGTTCCA-1,0.115285,0.000358,0.883644,0.000356,0.000357
AGCTCTTCCCAGTGCA-1,0.031854,0.01592,0.920475,0.015873,0.015878
AGCTCTTCGTAACCTT-1,0.685416,0.054217,0.260037,0.000165,0.000166
AGCTCTTTACTCAGTT-1,0.435843,0.418342,0.136282,0.004763,0.00477
AGCTGAAGTAAACCAA-1,0.910482,0.017908,0.035884,0.017857,0.017868
AGCTGTAACCTCAATC-1,0.146776,0.002518,0.84569,0.00251,0.002507
AGCTTGATCTTAACTT-1,0.013669,0.006823,0.965857,0.00684,0.00681
AGGAAAGCCTCTGATG-1,0.26441,0.001113,0.732258,0.001109,0.00111
AGGAAGCTGTCCGCCG-1,0.685315,0.000174,0.314164,0.000173,0.000173
AGGACAGTCGAATCCC-1,0.010619,0.722107,0.256685,0.005297,0.005292
AGGACATCGCACGTCG-1,0.341599,0.081633,0.573518,0.001623,0.001627
AGGACGACCCATTAGA-1,0.554216,0.00087,0.44318,0.000867,0.000867
AGGACGCTCGATGTTG-1,0.384006,0.011944,0.58021,0.011905,0.011934
AGGACTTATAGGAGAA-1,0.022679,0.000167,0.976822,0.000166,0.000166
AGGAGGCCTTCGCGCG-1,0.517087,0.000329,0.481928,0.000328,0.000328
AGGATAAAGTCGGGAT-1,0.205555,0.093537,0.700074,0.000417,0.000417
AGGATATAGGGATTTA-1,0.185482,0.169342,0.643968,0.000603,0.000604
AGGATCACGCGATCTG-1,0.326704,0.00319,0.663749,0.003175,0.003182
AGGCAAAGAGGAATCA-1,0.31784,0.000425,0.680889,0.000423,0.000424
AGGCAATACGGAGGAC-1,0.021426,0.10127,0.876723,0.000291,0.000291
AGGCAGATGCGTAAAC-1,0.113514,0.748075,0.137956,0.000227,0.000227
AGGCATTGTCGTAGGG-1,0.312876,0.398526,0.286999,0.000799,0.0008
AGGCCACCCGTTATGA-1,0.392396,0.191824,0.414514,0.000633,0.000633
AGGCCCAGTGACTGGT-1,0.034596,0.000354,0.964343,0.000353,0.000353
AGGCCCTAGAACGCCA-1,0.00174,0.064577,0.931949,0.000866,0.000867
AGGCCTGAGAATCTCG-1,0.220901,0.22197,0.556403,0.000363,0.000363
AGGCGGTTTGTCCCGC-1,0.125913,0.000265,0.873294,0.000264,0.000264
AGGCGTCTATGGACGG-1,0.291931,0.211787,0.494472,0.000904,0.000905
AGGCTATGGTTAGCTT-1,0.00754,0.99196,0.00025,0.000125,0.000125
AGGCTTCCCGAAGAAG-1,0.317939,0.000815,0.679621,0.000812,0.000813
AGGCTTGCTAGACACC-1,0.000311,0.666689,0.33269,0.000155,0.000155
AGGGAAACGAGGTACT-1,0.230283,0.004222,0.757085,0.004207,0.004203
AGGGACCGGCTGCGTT-1,0.584375,0.254674,0.160611,0.00017,0.00017
AGGGCAGCGGCGTGGT-1,0.026078,0.605571,0.342356,0.012993,0.013002
AGGGCGAGCAGCTGAT-1,0.0125,0.006239,0.968827,0.006211,0.006223
AGGGCTGCAGTTACAG-1,0.282811,0.000362,0.716104,0.000361,0.000361
AGGGTCGATGCGAACT-1,0.001329,0.425923,0.571424,0.000662,0.000662
AGGGTGCTCTCGAGGG-1,0.075335,0.802438,0.121904,0.000162,0.000162
AGGGTGGATAGTGCAT-1,0.000631,0.074795,0.923945,0.000314,0.000315
AGGGTTCCCTTTGGTT-1,0.002565,0.442809,0.552071,0.001276,0.001279
AGGGTTTAGTTCGGGA-1,0.097693,0.000219,0.901653,0.000217,0.000218
AGGTAACCTCCTATTC-1,0.118216,0.25904,0.621154,0.000795,0.000795
AGGTACGATATTGCCA-1,0.174096,0.005522,0.809393,0.005495,0.005495
AGGTAGGTACAAAGCT-1,0.027724,0.971615,0.000331,0.000165,0.000165
AGGTATAATTGATAGT-1,0.613136,0.060878,0.325673,0.000157,0.000157
AGGTCAGGTGAGAGTG-1,0.156841,0.008432,0.817856,0.008403,0.008467
AGGTCGCCACTTCGGT-1,0.384377,0.003678,0.604609,0.003663,0.003673
AGGTCGCGGAGTTACT-1,0.698094,0.00048,0.30047,0.000478,0.000478
AGGTGGTGACCTTCGC-1,0.427022,0.001293,0.569109,0.001288,0.001288
AGGTGTATCGCCATGA-1,0.00073,0.008604,0.989937,0.000364,0.000364
AGGTTCTCCTTTCCGG-1,0.686497,0.002868,0.304915,0.002857,0.002863
AGGTTGAGGCACGCTT-1,0.239111,0.056011,0.703773,0.000553,0.000553
AGGTTTCACACACCTT-1,0.30734,0.000546,0.691026,0.000544,0.000544
AGTAACGTTCATCCTG-1,0.117508,0.623536,0.257525,0.000715,0.000716
AGTAATGTCTTGCCGC-1,0.187128,0.126258,0.68576,0.000427,0.000428
AGTAATTTGCAAGCGT-1,0.552744,0.007543,0.424673,0.007519,0.007521
AGTACATCATTTATCA-1,0.995964,0.003574,0.000232,0.000115,0.000116
AGTACCTTCGAGTGCT-1,0.418953,0.007186,0.559567,0.007143,0.007151
AGTACGGCCCGTATCG-1,0.001815,0.000908,0.995468,0.000904,0.000905
AGTACGGGCACCTGGC-1,0.001913,0.000958,0.995221,0.000952,0.000956
AGTACGTGGCCTGTCT-1,0.026059,0.013029,0.934922,0.012987,0.013003
AGTACTCTTATGCCCA-1,0.311308,0.504299,0.182156,0.001117,0.001119
AGTAGAAGGCGCCTCA-1,0.530217,0.000902,0.467083,0.000899,0.0009
AGTAGGAAGGAAGTTG-1,0.366682,0.005312,0.617418,0.005291,0.005297
AGTATAATACTAGGCA-1,0.096924,0.348648,0.552803,0.000813,0.000813
AGTATCCATAATAACG-1,0.249864,0.007549,0.727534,0.007519,0.007534
AGTATGCTGGAGACCA-1,0.320227,0.000224,0.679101,0.000223,0.000224
AGTCAACACCACCATC-1,0.48105,0.173695,0.344632,0.000312,0.000312
AGTCAAGATGACACTT-1,0.623574,0.001112,0.373097,0.001108,0.001109
AGTCACTAGCTCTCGA-1,0.251792,0.000771,0.7459,0.000768,0.000769
AGTCACTCCGCCTCAT-1,0.43366,0.014334,0.523432,0.014286,0.014288
AGTCAGCCACCGCCTG-1,0.026096,0.013013,0.934897,0.012987,0.013007
AGTCCAGCGGGTACGT-1,0.000947,0.000474,0.997636,0.000472,0.000472
AGTCCATTGGCTGATG-1,0.306518,0.277648,0.414445,0.000694,0.000694
AGTCCCGCCTTTAATT-1,0.004043,0.987883,0.004046,0.002013,0.002015
AGTCGACGGTCTCAAG-1,0.016145,0.798359,0.18508,0.000208,0.000209
AGTCGGCCCAAACGAC-1,0.339662,0.6491,0.005626,0.002803,0.002809
AGTCGGCTCAACTTTA-1,0.022049,0.01104,0.944884,0.010989,0.011038
AGTCGGTTGCGTGAGA-1,0.999451,0.00011,0.00022,0.00011,0.00011
AGTCGTATAAAGCAGA-1,0.431414,0.000178,0.568052,0.000178,0.000178
AGTCGTCGACCACCAA-1,0.261862,0.374015,0.361048,0.001537,0.001537
AGTCGTGGGCATTACG-1,0.002159,0.274312,0.721377,0.001075,0.001076
AGTCTAAAGTATACTC-1,0.576553,0.246781,0.175795,0.000436,0.000436
AGTCTCACAAGACTAC-1,0.313143,0.151975,0.532834,0.001021,0.001026
AGTCTGGACATCCTTG-1,0.022052,0.011036,0.944861,0.011046,0.011004
AGTCTTCTCCTCAAAT-1,0.107941,0.000269,0.891255,0.000268,0.000268
AGTGAACAAACTTCTC-1,0.261125,0.228471,0.50954,0.000432,0.000432
AGTGAGACTTCCAGTA-1,0.107317,0.651349,0.24027,0.000532,0.000532
AGTGAGCCTCGCCGCC-1,0.260622,0.174376,0.564485,0.000258,0.000258
AGTGAGGGTTTCTGAC-1,0.116569,0.013083,0.844374,0.012987,0.012987
AGTGATAACCTGCGCG-1,0.243623,0.382507,0.371093,0.001387,0.001389
AGTGATATGAGTAGTT-1,0.414955,0.074552,0.509291,0.000601,0.000601
AGTGATTCAAGCAGGA-1,0.00127,0.858461,0.139004,0.000632,0.000633
AGTGCACGCTTAAGAA-1,0.1617,0.000652,0.836347,0.00065,0.00065
AGTGCGTAGCTCGTAA-1,0.190843,0.001158,0.805691,0.001153,0.001154
AGTGCTAAACACAGCA-1,0.182842,0.303674,0.511729,0.000877,0.000878
AGTGCTTGCACGAATA-1,0.000703,0.696969,0.301627,0.00035,0.000351
AGTGGCGGCAATTTGA-1,0.85675,0.028672,0.057405,0.028572,0.028602
AGTGGCGTCTGAAGGT-1,0.327161,0.448496,0.223393,0.000475,0.000476
AGTGGCTCCGTCGGCC-1,0.000714,0.520008,0.478567,0.000356,0.000356
AGTGGGAGTATACACG-1,0.003192,0.001596,0.992036,0.001588,0.001588
AGTGGTGTTACCCGTG-1,0.000329,0.000165,0.999178,0.000164,0.000164
AGTGGTTGCGTATAGG-1,0.124102,0.000254,0.875139,0.000253,0.000253
AGTGTATTGCGCATTG-1,0.047897,0.023856,0.880561,0.02381,0.023875
AGTGTGCTAAGATCGC-1,0.104046,0.043671,0.851653,0.000315,0.000315
AGTGTGGTCTATTGTG-1,0.00113,0.789099,0.208645,0.000563,0.000563
AGTTAAACACTTGCGA-1,0.637952,0.091255,0.269444,0.000674,0.000675
AGTTAAGCGGTCCCGG-1,0.208022,0.076247,0.71358,0.001075,0.001077
AGTTAAGTCAACCGCT-1,0.228804,0.001079,0.767965,0.001075,0.001076
AGTTACCCTTAAGACT-1,0.162879,0.000248,0.836379,0.000247,0.000247
AGTTACCGCACATGGT-1,0.173569,0.388879,0.437108,0.000222,0.000222
AGTTACTCTATCGTGG-1,0.013679,0.006842,0.965864,0.006803,0.006813
AGTTCACCGGTTGGAC-1,0.195057,0.00023,0.804256,0.000229,0.000229
AGTTCCTATTTATGTT-1,0.124752,0.001259,0.871479,0.001254,0.001255
AGTTCTGCGTTGTATC-1,0.218852,0.001281,0.777314,0.001276,0.001277
AGTTGACATCGGCTGG-1,0.057316,0.028646,0.856834,0.028572,0.028633
AGTTGACGGTCCTTGC-1,0.329454,0.000498,0.669055,0.000496,0.000497
AGTTGCGGTCCTCAAC-1,0.600925,0.002021,0.393024,0.002012,0.002017
AGTTGCTGACTGATAT-1,0.362184,0.612879,0.012491,0.006218,0.006228
AGTTTCGCAGGTCGGA-1,0.055355,0.000293,0.943768,0.000292,0.000292
AGTTTGCACCTGCCTC-1,0.337209,0.162547,0.499624,0.00031,0.00031
AGTTTGGCACGGGTTG-1,0.402174,0.420413,0.175668,0.000872,0.000873
AGTTTGGCCAGACCTA-1,0.214699,0.359458,0.422661,0.001592,0.001591
ATAAACGGACCCGTAA-1,0.162405,0.099517,0.737857,0.00011,0.00011
ATAAAGGCTCGGTCGT-1,0.381766,0.210286,0.407218,0.000365,0.000365
ATAAAGGTCAAGTACG-1,0.42975,0.210417,0.35773,0.001051,0.001053
ATAAATATTAGCAGCT-1,0.408918,0.001669,0.586085,0.001662,0.001667
ATAACGCCGGAGGGTC-1,0.944859,0.011046,0.022109,0.010989,0.010997
ATAACGGAGTCCAACG-1,0.002925,0.001463,0.992695,0.001458,0.001459
ATAAGGTGGAGAACAT-1,0.156791,0.000938,0.840402,0.000934,0.000935
ATAAGTAGGATTCAGA-1,0.414714,0.081882,0.502098,0.000653,0.000654
ATAAGTAGGGCGACTC-1,0.784666,0.020357,0.194695,0.000141,0.000141
ATAATACCGTTAGCCG-1,0.144706,0.12724,0.725982,0.001036,0.001036
ATAATAGCTGTTGAAT-1,0.164456,0.076041,0.758831,0.000336,0.000336
ATAATAGTGTAGGGAC-1,0.020509,0.01026,0.94879,0.010204,0.010236
ATAATCTTGGAGAACC-1,0.141214,0.009982,0.848156,0.000324,0.000325
ATAATTAGCTAAGTAG-1,0.175291,0.00027,0.8239,0.000269,0.000269
ATACAGGCCCTCCAAT-1,0.345777,0.123432,0.529524,0.000633,0.000634
ATACCACGGGCAACTT-1,0.000275,0.999177,0.000275,0.000137,0.000137
ATACCAGCAAATTGCT-1,0.000253,0.157953,0.841541,0.000126,0.000126
ATACCCTGGCTCAAAT-1,0.057421,0.028666,0.856769,0.028572,0.028572
ATACCTAACCAAGAAA-1,0.092606,0.061233,0.845726,0.000217,0.000218
ATACGCCGATCTACCG-1,0.332716,0.000839,0.664772,0.000836,0.000837
ATACGCCGGCGAAACC-1,0.000663,0.000332,0.998345,0.00033,0.000331
ATACGGAACGTCGTTT-1,0.248367,0.125155,0.626103,0.000188,0.000188
ATACGGGTTTCGATTG-1,0.171864,0.196738,0.619962,0.005717,0.005719
ATACGGTGAAGATGCA-1,0.014229,0.204128,0.781283,0.000179,0.00018
ATACGTACTTAGCCAC-1,0.143891,0.14075,0.71411,0.000624,0.000625
ATACGTCCACTCCTGT-1,0.528941,0.000406,0.469842,0.000405,0.000405
ATACGTTATGCACGGA-1,0.421776,0.000267,0.577424,0.000266,0.000266
ATACTAGCATGACCCT-1,0.111687,0.000322,0.887347,0.000321,0.000322
ATACTCTCGCCACTCT-1,0.026095,0.013114,0.934646,0.013156,0.012989
ATACTGCCTTACACCG-1,0.195939,0.192622,0.610076,0.000681,0.000682
ATACTTGTTCTCGAGC-1,0.060636,0.153567,0.785273,0.000262,0.000262
ATAGACAACGGGACCT-1,0.137713,0.788673,0.073372,0.000121,0.000121
ATAGACGAAGAGAAAG-1,0.461858,0.090619,0.44636,0.000581,0.000582
ATAGAGTTATCAACTT-1,0.036089,0.756804,0.206594,0.000257,0.000257
