Barcode,Topic 1,Topic 2,Topic 3to4,Topic 5,Topic 6,Topic 7,Topic 8,Topic 9
AAACAAGTATCTCCCA-1,0.072046,0.186122,0.395607,0.000188,0.25008,0.05499,0.000188,0.040778
AAACACCAATAACTGC-1,0.624995,0.041577,0.136477,0.163561,0.010466,0.000031,0.002615,0.020278
AAACAGAGCGACTCCT-1,0.000097,0.130634,0.000194,0.161718,0.535191,0.000097,0.011134,0.160937
AAACAGCTTTCAGAAG-1,0.000897,0.450117,0.39353,0.151869,0.000897,0.000897,0.000897,0.000897
AAACAGGGTCTATATT-1,0.001112,0.56195,0.431378,0.001112,0.001112,0.001112,0.001112,0.001112
AAACATTTCCCGGATT-1,0.167867,0.011413,0.597374,0.012833,0.111506,0.053511,0.000061,0.045436
AAACCCGAACGAAATC-1,0.069426,0.035458,0.259403,0.193736,0.387133,0.033769,0.000197,0.020877
AAACCGGAAATGTTAA-1,0.000205,0.286354,0.00041,0.000205,0.257955,0.000205,0.000205,0.454462
AAACCGGGTAGGTACC-1,0.000142,0.092695,0.906451,0.000142,0.000142,0.000142,0.000142,0.000142
AAACCGTTCGTCCAGG-1,0.021077,0.411944,0.396494,0.000123,0.054826,0.000358,0.000123,0.115056
AAACCTAAGCAGCCGG-1,0.074928,0.065631,0.313702,0.147795,0.258341,0.084599,0.025227,0.029776
AAACCTCATGAAGTTG-1,0.00013,0.505366,0.493852,0.00013,0.00013,0.00013,0.00013,0.00013
AAACGAAGATGGAGTA-1,0.183685,0.343171,0.438715,0.000066,0.004492,0.016242,0.000066,0.013563
AAACGAGACGGTTGAT-1,0.033286,0.134164,0.629369,0.056855,0.008617,0.111611,0.025999,0.0001
AAACGGGCGTACGGGT-1,0.32217,0.038707,0.194017,0.252095,0.117014,0.008919,0.027602,0.039476
AAACTCGGTTCGCAAT-1,0.201102,0.251927,0.124172,0.004404,0.279153,0.013304,0.000121,0.125817
AAACTGCTGGCTCCAA-1,0.000072,0.672275,0.246738,0.000072,0.038613,0.000072,0.000072,0.042088
AAACTTGCAAACGTAT-1,0.001502,0.163575,0.779775,0.001503,0.001502,0.001503,0.049138,0.001502
AAAGACTGGGCGCTTT-1,0.007037,0.214754,0.777771,0.000088,0.000088,0.000088,0.000088,0.000088
AAAGGGATGTAGCAAG-1,0.007038,0.094065,0.141763,0.199185,0.18751,0.130712,0.107879,0.131847
AAAGGGCAGCTTGAAT-1,0.082266,0.210688,0.553673,0.00032,0.011272,0.141143,0.000319,0.000319
AAAGTAGCATTGCTCA-1,0.244987,0.137002,0.520768,0.000069,0.005935,0.083334,0.007836,0.000069
AAAGTCGACCCTCAGT-1,0.000429,0.39787,0.599554,0.000429,0.000429,0.000429,0.000429,0.000429
AAAGTGTGATTTATCT-1,0.052257,0.064253,0.693808,0.000111,0.045102,0.122203,0.000111,0.022156
AAAGTTGACTCCCGTA-1,0.099127,0.064866,0.249534,0.00014,0.458348,0.127706,0.00014,0.00014
AAATAACCATACGGGA-1,0.000164,0.170808,0.022345,0.059047,0.467154,0.060643,0.000164,0.219675
AAATAAGGTAGTGCCC-1,0.000072,0.228508,0.000143,0.192555,0.374311,0.123425,0.013838,0.067149
AAATACCTATAAGCAT-1,0.002059,0.002059,0.83059,0.002059,0.002059,0.002059,0.002059,0.157055
AAATAGCTTAGACTTT-1,0.012048,0.00007,0.00014,0.464641,0.143774,0.338423,0.00007,0.040834
AAATAGGGTGCTATTG-1,0.153692,0.159977,0.475443,0.065881,0.144296,0.000237,0.000237,0.000237
AAATCCGATACACGCC-1,0.376748,0.000012,0.000077,0.563811,0.040619,0.004511,0.00434,0.009881
AAATCGCGGAAGGAGT-1,0.000746,0.120788,0.874734,0.000746,0.000746,0.000746,0.000746,0.000746
AAATCGTGTACCACAA-1,0.000153,0.367509,0.154683,0.216829,0.000153,0.067338,0.193184,0.000153
AAATCTAGCCCTGCTA-1,0.027375,0.109803,0.533001,0.000169,0.320876,0.008437,0.00017,0.00017
AAATGCTCGTTACGTT-1,0.000317,0.122151,0.650159,0.136176,0.084641,0.000317,0.005923,0.000317
AAATGGCATGTCTTGT-1,0.000172,0.131865,0.000345,0.105403,0.424345,0.130259,0.049478,0.158133
AAATGGCCCGTGCCCT-1,0.000483,0.1949,0.802199,0.000483,0.000483,0.000483,0.000483,0.000484
AAATGTATCTTATCCC-1,0.177231,0.269209,0.523226,0.000713,0.000713,0.000713,0.027483,0.000713
AAATTAACGGGTAGCT-1,0.000134,0.428642,0.065925,0.091985,0.020033,0.000134,0.077791,0.315357
AAATTAATAAGCGCGA-1,0.000611,0.000611,0.548908,0.447426,0.000611,0.000611,0.000611,0.000611
AAATTACACGACTCTG-1,0.0001,0.001588,0.240174,0.0001,0.186017,0.0001,0.086491,0.485429
AAATTACCTATCGATG-1,0.009722,0.011969,0.208614,0.320221,0.053048,0.377052,0.019341,0.000032
AAATTCCAGGTCCAAA-1,0.104737,0.076026,0.097098,0.08031,0.271108,0.279274,0.005486,0.085961
AAATTGATAGTCCTTT-1,0.319193,0.163198,0.443088,0.074108,0.000103,0.000103,0.000103,0.000103
AAATTTGCGGGTGTGG-1,0.000031,0.912304,0.08751,0.000031,0.000031,0.000031,0.000031,0.000031
AACAACTGGTAGTTGC-1,0.000049,0.990362,0.009341,0.000049,0.000049,0.000049,0.000049,0.000049
AACAATACATTGTCGA-1,0.000257,0.166515,0.736602,0.095599,0.000257,0.000257,0.000257,0.000257
AACAATTACTCTACGC-1,0.000512,0.734073,0.175819,0.000512,0.000512,0.087547,0.000512,0.000512
AACACACGCTCGCCGC-1,0.396905,0.020882,0.20957,0.060898,0.264663,0.035425,0.011607,0.00005
AACACGAGACGCGGCC-1,0.463689,0.006721,0.517914,0.000077,0.000077,0.000077,0.01137,0.000077
AACAGCTGTGTGGCAA-1,0.09866,0.14799,0.608564,0.120163,0.024366,0.000086,0.000086,0.000086
AACAGGAAATCGAATA-1,0.00009,0.123147,0.000179,0.002177,0.29259,0.00009,0.00009,0.581638
AACAGGATGGGCCGCG-1,0.000512,0.345971,0.563913,0.087554,0.000512,0.000512,0.000512,0.000512
AACAGGTAGTATGGAT-1,0.029437,0.027765,0.871646,0.000153,0.037447,0.000153,0.000153,0.033245
AACATATCAACTGGTG-1,0.001119,0.081477,0.174336,0.226718,0.198991,0.244988,0.06951,0.002861
AACCAAGACTTCTCTG-1,0.000294,0.260151,0.738084,0.000294,0.000294,0.000294,0.000294,0.000294
AACCATGGGATCGCTA-1,0.1454,0.000093,0.246538,0.04011,0.248875,0.28399,0.000093,0.034901
AACCCATCCCATGATC-1,0.042265,0.526612,0.430743,0.000076,0.000076,0.000076,0.000076,0.000076
AACCCGAGCAGAATCG-1,0.000431,0.331025,0.000862,0.152843,0.335061,0.130727,0.000431,0.04862
AACCCTACTGTCAATA-1,0.002703,0.040499,0.420835,0.106947,0.216522,0.205899,0.005968,0.000627
AACCCTGGTGGAACCA-1,0.025266,0.141732,0.277091,0.00018,0.00127,0.403902,0.030005,0.120555
AACCGAGCTTGGTCAT-1,0.012063,0.388395,0.441522,0.00007,0.108376,0.024249,0.00007,0.025255
AACCGCTAAGGGATGC-1,0.083732,0.093237,0.534016,0.000084,0.088398,0.200364,0.000084,0.000084
AACCTCGCTTTAGCCC-1,0.078089,0.469836,0.002527,0.001263,0.360837,0.001263,0.001263,0.084921
AACCTGTCACGGAATT-1,0.000222,0.093926,0.000444,0.129181,0.336784,0.149064,0.000222,0.290157
AACCTTTAAATACGGT-1,0.001222,0.525142,0.452116,0.001222,0.001222,0.001222,0.016633,0.001222
AACCTTTACGACGTCT-1,0.147341,0.049929,0.258958,0.078548,0.324137,0.088051,0.031376,0.02166
AACGAAAGTCGTCCCA-1,0.16233,0.273015,0.406165,0.067135,0.058054,0.000129,0.01918,0.013992
AACGATAATGCCGTAG-1,0.0008,0.0008,0.830302,0.0008,0.0008,0.164899,0.0008,0.0008
AACGATAGAAGGGCCG-1,0.000052,0.000052,0.000104,0.067603,0.165808,0.054509,0.602576,0.109296
AACGATATGTCAACTG-1,0.000094,0.224171,0.478419,0.000094,0.248833,0.048201,0.000094,0.000094
AACGCGAACGGCAACA-1,0.000262,0.000262,0.494123,0.000262,0.184757,0.000262,0.146471,0.173602
AACGCGGTCTCCAGCC-1,0.000097,0.190013,0.586135,0.000097,0.019467,0.162176,0.000097,0.041919
AACGCTGTTGCTGAAA-1,0.120845,0.007398,0.410637,0.053447,0.032733,0.374782,0.000079,0.000079
AACGGACGTACGTATA-1,0.393206,0.028818,0.236649,0.101045,0.151892,0.065731,0.022619,0.00004
AACGGCCATCTCCGGT-1,0.019684,0.103006,0.396064,0.219262,0.002136,0.159572,0.041635,0.058641
AACGTACTGTGGGTAC-1,0.000178,0.179323,0.488339,0.000178,0.000178,0.063756,0.000178,0.267869
AACGTCAGACTAGTGG-1,0.001012,0.239127,0.353277,0.051932,0.255696,0.070988,0.026615,0.001351
AACGTGCGAAAGTCTC-1,0.000326,0.000326,0.614564,0.076724,0.219578,0.035351,0.000326,0.052805
AACGTTATCAGCACCT-1,0.001523,0.380299,0.610562,0.001523,0.001523,0.001523,0.001523,0.001523
AACTACCCGTTTGTCA-1,0.000279,0.000279,0.000557,0.608426,0.000279,0.359532,0.000279,0.03037
AACTAGGCTTGGGTGT-1,0.000396,0.339725,0.190121,0.468176,0.000396,0.000396,0.000396,0.000396
AACTCCAGAGCGTGTT-1,0.488913,0.021998,0.147223,0.004065,0.190889,0.146831,0.000041,0.000041
AACTCGATGGCGCAGT-1,0.026707,0.036737,0.173375,0.242819,0.342733,0.017014,0.049039,0.111577
AACTCTCAATAGAGCG-1,0.013378,0.016528,0.515934,0.03419,0.212341,0.197353,0.000069,0.010207
AACTCTCAGTGTGCTC-1,0.111886,0.671182,0.159602,0.000105,0.000105,0.000105,0.000105,0.056911
AACTGAGTTATACTGA-1,0.000148,0.092258,0.000296,0.000148,0.000148,0.000148,0.005064,0.901791
AACTGATATTAGGCCT-1,0.000244,0.137056,0.064994,0.034956,0.33591,0.007987,0.000244,0.418607
AACTGGGTCCCGACGT-1,0.000104,0.144799,0.255087,0.000104,0.299508,0.171348,0.028052,0.100998
AACTTCTGCGTCTATC-1,0.030665,0.057621,0.846939,0.0003,0.0003,0.0003,0.0003,0.063576
AACTTGCCCGTATGCA-1,0.000406,0.204573,0.792993,0.000406,0.000406,0.000406,0.000406,0.000406
AACTTGCGTTCTCGCG-1,0.000155,0.014561,0.779642,0.03283,0.000155,0.172348,0.000155,0.000155
AACTTTACGGGAGCTT-1,0.000477,0.000477,0.88856,0.000477,0.000477,0.000477,0.000477,0.108577
AAGAAGGATCAGTTAG-1,0.023039,0.042732,0.251402,0.534992,0.025212,0.1132,0.009342,0.00008
AAGACATACGTGGTTT-1,0.170386,0.020065,0.000252,0.281484,0.072901,0.300535,0.029462,0.124914
AAGACTGCAAGCTACT-1,0.000857,0.083284,0.361001,0.364784,0.000156,0.189607,0.000156,0.000156
AAGAGATGAATCGGTA-1,0.022229,0.044795,0.788924,0.000345,0.000345,0.142671,0.000345,0.000345
AAGAGCTCTTTATCGG-1,0.000128,0.089507,0.654249,0.03352,0.127133,0.095207,0.000128,0.000128
AAGAGGATGTACGCGA-1,0.0002,0.007054,0.871366,0.098223,0.0002,0.0002,0.022556,0.0002
AAGAGGCATGGATCGC-1,0.020964,0.084015,0.574607,0.002834,0.275039,0.042342,0.000099,0.000099
AAGAGGCCCTTTGGAA-1,0.000178,0.170471,0.000356,0.000178,0.639683,0.077378,0.024903,0.086854
AAGATGGCACCGGACC-1,0.05643,0.18962,0.291189,0.010693,0.101148,0.174171,0.000086,0.176663
AAGATTGGCGGAACGT-1,0.000244,0.064625,0.489672,0.000051,0.264003,0.181304,0.000051,0.000051
AAGCACCCTGCGTATC-1,0.001123,0.001123,0.905355,0.001123,0.001123,0.001123,0.001123,0.087906
AAGCATACTCTCCTGA-1,0.00102,0.00102,0.230203,0.691186,0.00102,0.00102,0.07351,0.00102
AAGCCGAAGCGGTTTA-1,0.060954,0.000114,0.371935,0.338333,0.020053,0.208384,0.000114,0.000114
AAGCGCAGGGCTTTGA-1,0.000559,0.000559,0.325676,0.127921,0.407576,0.000559,0.000559,0.136591
AAGCGTCCCTCATCGA-1,0.102371,0.425467,0.421936,0.00015,0.027421,0.00015,0.00015,0.022354
AAGCTAGATCGAGTAA-1,0.000975,0.641028,0.112704,0.203138,0.000975,0.000975,0.000975,0.039229
AAGCTCGTGCCAAGTC-1,0.025122,0.000204,0.32859,0.3572,0.000204,0.288272,0.000204,0.000204
AAGCTCTTTCATGGTG-1,0.09764,0.141239,0.479059,0.062436,0.186374,0.000225,0.000225,0.032802
AAGGATCGATCGCTTG-1,0.000302,0.000302,0.057705,0.320396,0.36561,0.255081,0.000302,0.000302
AAGGATGAGGGACCTC-1,0.000058,0.009799,0.379199,0.000058,0.026678,0.584091,0.000058,0.000058
AAGGCAGGCTGTCTCC-1,0.001112,0.001112,0.078126,0.001112,0.001112,0.504848,0.001112,0.411466
AAGGCGCGTAAAGCTT-1,0.020625,0.372738,0.503334,0.095395,0.000019,0.007849,0.000019,0.000019
AAGGGACAGATTCTGT-1,0.000048,0.020024,0.233656,0.000048,0.333376,0.408032,0.004768,0.000048
AAGGGACTATGCATTC-1,0.465572,0.002383,0.174572,0.094725,0.139636,0.082494,0.021439,0.019179
AAGGGTTTGATTTCAG-1,0.033315,0.580056,0.283129,0.000601,0.000601,0.000601,0.000601,0.101096
AAGGTATCCTAATATA-1,0.019144,0.069468,0.494129,0.000066,0.122793,0.28897,0.000066,0.005364
AAGGTGATAAACCAGC-1,0.000142,0.210529,0.52068,0.001929,0.087684,0.148119,0.000142,0.030776
AAGTAGTGACGCGAGG-1,0.000215,0.474153,0.524554,0.000215,0.000215,0.000215,0.000215,0.000215
AAGTCAATTGTCGTCA-1,0.019313,0.026043,0.418204,0.000147,0.471996,0.055266,0.008884,0.000147
AAGTCTTCTGTGGCCT-1,0.001059,0.001059,0.891035,0.102611,0.001059,0.001059,0.001059,0.001059
AAGTGACGACCGAATT-1,0.109204,0.091603,0.757936,0.00007,0.01084,0.00007,0.00007,0.030208
AAGTGCAAAGGTAGAC-1,0.000151,0.109248,0.889847,0.000151,0.000151,0.000151,0.000151,0.000151
AAGTGCCTTGACTGTA-1,0.000221,0.090619,0.51945,0.000221,0.000221,0.388826,0.000221,0.000221
AAGTGCGTTAGAATCT-1,0.731483,0.031915,0.206742,0.015167,0.001155,0.013466,0.000036,0.000036
AAGTGTTTGGAGACGG-1,0.101586,0.000172,0.516833,0.000172,0.351966,0.028926,0.000172,0.000172
AAGTTCACTCCAAGCT-1,0.271214,0.01502,0.434964,0.025124,0.175679,0.066924,0.011004,0.00007
AAGTTCGGCCAACAGG-1,0.007142,0.552489,0.440133,0.000047,0.000047,0.000047,0.000047,0.000047
AAGTTGTGATGTTATA-1,0.122627,0.017574,0.223897,0.042351,0.26912,0.315187,0.00009,0.009153
AAGTTTATGGGCCCAA-1,0.00039,0.543641,0.00078,0.184736,0.167863,0.00039,0.00039,0.101808
AATAACAACGCTCGGC-1,0.239531,0.573566,0.184037,0.000573,0.000573,0.000573,0.000573,0.000573
AATAACACTAGAACAA-1,0.070926,0.20774,0.337197,0.343854,0.000041,0.040159,0.000041,0.000041
AATAATCTTCGTATCG-1,0.03189,0.092812,0.251012,0.000171,0.323532,0.015265,0.000171,0.285147
AATACAATGTTTCAGG-1,0.001112,0.001112,0.795571,0.001112,0.197758,0.001112,0.001112,0.001112
AATAGAATCTGTTTCA-1,0.000132,0.119265,0.774646,0.033583,0.071979,0.000132,0.000132,0.000132
AATAGTCGCGAGTCGG-1,0.000573,0.059763,0.936799,0.000573,0.000573,0.000573,0.000573,0.000573
AATATCCTAGCAAACT-1,0.000132,0.640161,0.348252,0.000132,0.000132,0.000132,0.000132,0.010926
AATATCGAATCAATGC-1,0.02003,0.231322,0.496994,0.03223,0.147395,0.000185,0.000185,0.071659
AATATCGAGGGTTCTC-1,0.000075,0.180125,0.081259,0.196229,0.458956,0.083207,0.000075,0.000075
AATATTGGAGTATTGA-1,0.022461,0.105852,0.324273,0.268939,0.000061,0.263984,0.014369,0.000061
AATCATGTAAAGACTC-1,0.154718,0.00745,0.492474,0.000942,0.013304,0.163599,0.000075,0.167437
AATCCATGCAAGGGTG-1,0.008708,0.224137,0.022654,0.225696,0.303689,0.163774,0.020071,0.031272
AATCGCCTCAGCGCCA-1,0.012734,0.144979,0.658857,0.083933,0.088085,0.000118,0.000118,0.011177
AATCGCGCAGAGGACT-1,0.001588,0.197577,0.003177,0.001589,0.001589,0.327304,0.195193,0.271984
AATCGTGAGCCGAGCA-1,0.379266,0.000037,0.001825,0.49515,0.043442,0.072429,0.000037,0.007813
AATCTAGGTTTACTTG-1,0.252124,0.087895,0.659386,0.000119,0.000119,0.000119,0.000119,0.000119
AATCTCTACTGTGGTT-1,0.000691,0.994476,0.001381,0.00069,0.00069,0.00069,0.00069,0.00069
AATCTGCGTTGGGACG-1,0.166024,0.072793,0.207276,0.232313,0.145066,0.175262,0.00005,0.001215
AATCTGGCTTTCTAGT-1,0.141081,0.291894,0.566025,0.0002,0.0002,0.0002,0.0002,0.0002
AATGACAGCAATGTCT-1,0.023425,0.055906,0.779422,0.000087,0.079565,0.004074,0.000087,0.057436
AATGACGTAGGATGTC-1,0.085902,0.059253,0.557514,0.044914,0.005579,0.191973,0.000157,0.054708
AATGAGTTCGCATATG-1,0.000614,0.275768,0.720546,0.000614,0.000614,0.000614,0.000614,0.000614
AATGATGATACGCTAT-1,0.112733,0.033046,0.198491,0.094035,0.408092,0.13372,0.019827,0.000054
AATGATGCGACTCCTG-1,0.003868,0.074148,0.152004,0.026829,0.39082,0.352222,0.000054,0.000054
AATGCAACCGGGTACC-1,0.000117,0.127923,0.159165,0.091735,0.322427,0.002546,0.218789,0.077298
AATGCACCAAGCAATG-1,0.015317,0.008566,0.146311,0.196697,0.501967,0.124261,0.000044,0.006836
AATGGTCCACCGTTCA-1,0.000265,0.202069,0.544638,0.251966,0.000265,0.000265,0.000265,0.000265
AATGGTTCTCACAAGC-1,0.01152,0.024387,0.038708,0.902679,0.001807,0.020879,0.00001,0.00001
AATGTGCCCGAGGTGT-1,0.120424,0.001319,0.524243,0.011433,0.000063,0.083817,0.000063,0.258638
AATGTTGTCGTGAGAC-1,0.019183,0.069044,0.165496,0.152875,0.035842,0.366372,0.00015,0.191036
AATTAACGGATTTCCA-1,0.0002,0.640226,0.259765,0.0002,0.0002,0.0002,0.0002,0.099012
AATTACGAGACCCATC-1,0.01024,0.216852,0.130194,0.614827,0.001175,0.026625,0.000044,0.000044
AATTACTCGTACGCTC-1,0.000625,0.1287,0.662468,0.000625,0.012797,0.193537,0.000625,0.000625
AATTAGCGCTGCAGCG-1,0.087977,0.22517,0.503853,0.181754,0.00004,0.001125,0.00004,0.00004
AATTCATAAGGGATCT-1,0.000059,0.04637,0.348447,0.000059,0.246366,0.358581,0.000059,0.000059
AATTCGATTCGAGGAT-1,0.232375,0.252675,0.09317,0.049825,0.246454,0.034906,0.049849,0.040746
AATTCTAGAGTTAGGC-1,0.000065,0.263916,0.735697,0.000065,0.000065,0.000065,0.000065,0.000065
AATTGAACGCTCTGGT-1,0.115338,0.123225,0.524844,0.000095,0.181248,0.055061,0.000095,0.000095
AATTGCAGCAATCGAC-1,0.532951,0.000028,0.007762,0.406324,0.042637,0.010242,0.000028,0.000028
AATTGTGGTTGCCAAA-1,0.069332,0.047766,0.160365,0.133128,0.154477,0.327192,0.000054,0.107687
AATTTGGGACATAGTA-1,0.000152,0.392235,0.000304,0.092051,0.000152,0.374881,0.000152,0.140072
ACAAAGAAGGTAGGCC-1,0.000154,0.604085,0.394994,0.000154,0.000154,0.000154,0.000154,0.000154
ACAAAGCATGACCTAG-1,0.180139,0.029381,0.27925,0.00326,0.507551,0.000221,0.000099,0.000099
ACAAATCGCACCGAAT-1,0.007443,0.014458,0.732908,0.086709,0.132857,0.025355,0.000135,0.000135
ACAAATGGTAGTGTTT-1,0.094765,0.013404,0.485515,0.021536,0.16126,0.223357,0.000081,0.000081
ACAACAGCATGAGCTA-1,0.039324,0.000087,0.256436,0.639567,0.035165,0.029247,0.000087,0.000087
ACAACGGTCCCTGCGA-1,0.088142,0.000421,0.909331,0.000421,0.000421,0.000421,0.000421,0.000421
ACAAGCAGTGCCTAGC-1,0.000334,0.298008,0.699989,0.000334,0.000334,0.000334,0.000334,0.000334
ACAAGCTATATGGAAG-1,0.001049,0.51505,0.478657,0.001049,0.001049,0.001049,0.001049,0.001049
ACAAGGAAATCCGCCC-1,0.106792,0.000098,0.077629,0.75564,0.000098,0.048679,0.010966,0.000098
ACAAGGACAAGAGGTT-1,0.049095,0.294036,0.380632,0.173948,0.000661,0.07456,0.000037,0.027031
ACAAGGATGCTTTAGG-1,0.402223,0.000027,0.069448,0.124004,0.124815,0.279431,0.000027,0.000027
ACAAGGGCAGGCTCTG-1,0.000385,0.000385,0.656265,0.000385,0.000385,0.311387,0.000385,0.030424
ACAATAGTCGTACGTT-1,0.187925,0.03217,0.779609,0.000059,0.000059,0.000059,0.000059,0.000059
ACAATCCATTTAAACC-1,0.009438,0.454227,0.535455,0.000176,0.000176,0.000176,0.000176,0.000176
ACAATGAATACGGAGA-1,0.038474,0.043999,0.552641,0.123126,0.02746,0.080423,0.084741,0.049136
ACAATTGTGTCTCTTT-1,0.000094,0.039937,0.460852,0.000094,0.149456,0.349379,0.000094,0.000094
ACAATTTAGGAGGCTC-1,0.00041,0.766142,0.231397,0.00041,0.00041,0.00041,0.00041,0.00041
ACAATTTGAGCAGTGG-1,0.000093,0.199719,0.509037,0.000093,0.232707,0.058162,0.000093,0.000093
ACAATTTGGCCATATT-1,0.000591,0.248654,0.001183,0.051613,0.492548,0.000591,0.000591,0.204228
ACACAAAGACGGGTGG-1,0.000077,0.075936,0.075422,0.016344,0.002858,0.000764,0.723086,0.105513
ACACACCAGGACCAGT-1,0.184066,0.009253,0.718331,0.084643,0.003532,0.000058,0.000058,0.000058
ACACACTTTCTACACG-1,0.000051,0.000051,0.000103,0.023213,0.000051,0.000051,0.117248,0.859231
ACACATGATCAAATCT-1,0.153968,0.301692,0.000274,0.123769,0.391445,0.006763,0.000137,0.021952
ACACATTGACGCAACA-1,0.000588,0.057816,0.549245,0.342637,0.000588,0.000588,0.000588,0.047948
ACACCACATAATTAGC-1,0.04974,0.281211,0.000389,0.130578,0.083421,0.329607,0.050164,0.07489
ACACCCAGCATGCAGC-1,0.00006,0.00006,0.000121,0.051508,0.037914,0.131335,0.676176,0.102827
ACACCCGAGAAATCCG-1,0.065066,0.136404,0.171858,0.41906,0.023659,0.166071,0.017803,0.00008
ACACCGAGCGCTCTTT-1,0.066116,0.070252,0.688843,0.062025,0.000297,0.09602,0.01615,0.000297
ACACCTTAAGTAGGGC-1,0.080375,0.310099,0.106289,0.139259,0.240091,0.069836,0.0275,0.026551
ACACCTTACTACTTGC-1,0.003475,0.003474,0.006949,0.393481,0.49054,0.09513,0.003475,0.003475
ACACGAGACTCCTTCT-1,0.000201,0.244103,0.565195,0.000201,0.000201,0.155082,0.000201,0.034818
ACACGGGAACTTAGGG-1,0.000071,0.432177,0.544767,0.000071,0.016291,0.006482,0.000071,0.000071
ACACGTAGGCCACAAG-1,0.000406,0.042499,0.180934,0.000406,0.469404,0.000406,0.000406,0.30554
ACACTCCAATGTCACT-1,0.000708,0.000708,0.750585,0.083522,0.162352,0.000708,0.000708,0.000708
ACACTGGGACAGTCGT-1,0.056384,0.000329,0.36348,0.005579,0.495392,0.000329,0.078178,0.000329
ACAGAACTGAGAACAA-1,0.586846,0.004224,0.408837,0.000018,0.000018,0.000018,0.000018,0.000018
ACAGCGACATTCTCAT-1,0.056043,0.180477,0.577195,0.044525,0.017293,0.079598,0.000096,0.044773
ACAGGCACGGATCCTT-1,0.000245,0.294492,0.00049,0.180038,0.483788,0.000245,0.000245,0.040457
ACAGGCTTGCCCGACT-1,0.320359,0.043532,0.291099,0.03926,0.227079,0.078503,0.000085,0.000085
ACAGGTGGAGGTGAGG-1,0.000143,0.184846,0.59995,0.155188,0.000143,0.059444,0.000143,0.000143
ACAGGTGTGTTGTTGC-1,0.000772,0.242537,0.75283,0.000772,0.000772,0.000772,0.000772,0.000772
ACAGTAATACAACTTG-1,0.000621,0.106213,0.89006,0.000621,0.000621,0.000621,0.000621,0.000621
ACATAAGTCGTGGTGA-1,0.020259,0.316822,0.575742,0.055225,0.008533,0.000071,0.007673,0.015675
ACATAATAAGGCGGTG-1,0.000078,0.058914,0.107843,0.090727,0.136794,0.067146,0.021006,0.517491
ACATCAGCTGGGACGC-1,0.025182,0.299122,0.638681,0.000064,0.006428,0.030394,0.000064,0.000064
ACATCCTGGTAACTGT-1,0.000237,0.277359,0.192459,0.024502,0.227373,0.277598,0.000237,0.000237
ACATCGATCGTTTACC-1,0.021337,0.422375,0.318877,0.07408,0.112094,0.012538,0.028649,0.010048
ACATCGGTCAGCCGCG-1,0.000186,0.238619,0.664969,0.000186,0.000186,0.000186,0.000186,0.095481
ACATCGTATGCAATGG-1,0.132216,0.006084,0.521259,0.004654,0.029612,0.271395,0.034702,0.000078
ACATGGCGCCAAAGTA-1,0.163033,0.000215,0.203171,0.024988,0.262462,0.202219,0.000215,0.143697
ACATGGCTCAATTTAG-1,0.000708,0.375881,0.329415,0.000708,0.192203,0.000708,0.037376,0.063002
ACATTAGTTTATATCC-1,0.00021,0.375817,0.048646,0.00021,0.261138,0.027697,0.040274,0.246008
ACCAACCGCACTCCAC-1,0.245155,0.158926,0.199823,0.161206,0.127455,0.089532,0.007987,0.009915
ACCAATATGCAAGTTA-1,0.000171,0.106694,0.541336,0.069996,0.218699,0.062764,0.000171,0.000171
ACCACAAGTTTCTATC-1,0.115352,0.068004,0.10612,0.043268,0.003858,0.000131,0.492267,0.170999
ACCACCAATGTAACAA-1,0.000674,0.000674,0.001348,0.330409,0.000674,0.5412,0.000674,0.124348
ACCACGTGCAGCTATA-1,0.000628,0.183213,0.595019,0.000628,0.000628,0.000628,0.218627,0.000628
ACCACTGTTCAAGAAG-1,0.00034,0.264214,0.00068,0.032869,0.157987,0.484594,0.020309,0.039007
ACCAGACCATAACAAC-1,0.000301,0.000301,0.877615,0.000301,0.120581,0.000301,0.000301,0.000301
ACCAGTGCGGGAGACG-1,0.000098,0.038584,0.484157,0.000098,0.163538,0.300289,0.000098,0.013137
ACCATATCCGCAATAA-1,0.222114,0.000897,0.001793,0.000897,0.000897,0.000897,0.771609,0.000897
ACCATCCGCCAACTAG-1,0.000369,0.204282,0.697616,0.000369,0.007168,0.089457,0.000369,0.000369
ACCATCGTATATGGTA-1,0.013477,0.342366,0.454064,0.022791,0.094651,0.002495,0.000109,0.070047
ACCATTAAGGGTGTCA-1,0.001222,0.001222,0.991446,0.001222,0.001222,0.001222,0.001222,0.001222
ACCCAACGCCCGTGGC-1,0.000047,0.020451,0.365541,0.000047,0.322089,0.291731,0.000047,0.000047
ACCCACCTACATGCTC-1,0.066667,0.369571,0.55982,0.000789,0.000789,0.000789,0.000788,0.000788
ACCCATCTTGAGGGTA-1,0.12048,0.247815,0.605451,0.000072,0.000072,0.000072,0.000072,0.025965
ACCCATTTGTCCCTCT-1,0.08868,0.251442,0.467764,0.074445,0.112153,0.000109,0.000109,0.005299
ACCCGAGCGAAATTAC-1,0.122141,0.124322,0.322305,0.035016,0.357448,0.02997,0.000111,0.008686
ACCCGGAAACTCCCAG-1,0.010168,0.293731,0.540734,0.000314,0.154111,0.000314,0.000314,0.000314
ACCCGGAGCACCACAA-1,0.000545,0.181118,0.00109,0.000545,0.196017,0.000545,0.000545,0.619595
ACCCGGATGACGCATC-1,0.139072,0.077351,0.173371,0.044391,0.038856,0.52676,0.0001,0.0001
ACCCGTAGTCTAGTTG-1,0.000247,0.340667,0.000494,0.291137,0.24501,0.042955,0.000247,0.079243
ACCCTATAGGACTGAG-1,0.000604,0.197561,0.657121,0.000604,0.000604,0.142297,0.000604,0.000604
ACCCTATGCCATATCG-1,0.000279,0.343206,0.000559,0.125777,0.000279,0.000279,0.000279,0.52934
ACCCTCCCGTCAGGGC-1,0.000305,0.235213,0.044508,0.145171,0.573886,0.000305,0.000305,0.000305
ACCCTCCCTTGCTATT-1,0.126581,0.073442,0.368766,0.063443,0.109774,0.228078,0.029834,0.000082
ACCCTTCATCTGCGAA-1,0.000101,0.12509,0.000201,0.089716,0.288355,0.084312,0.177707,0.234519
ACCGAAGAGTCTGGTT-1,0.034102,0.940875,0.024404,0.000124,0.000124,0.000124,0.000124,0.000124
ACCGACACATCTCCCA-1,0.000783,0.1794,0.815901,0.000783,0.000783,0.000783,0.000783,0.000783
ACCGACTGAGTCCCAC-1,0.000083,0.516128,0.233383,0.000083,0.027911,0.204475,0.017854,0.000083
ACCGATAGGCATAACC-1,0.039955,0.162065,0.249837,0.033711,0.34568,0.168469,0.000142,0.000142
ACCGATATTTAATCAT-1,0.062512,0.204954,0.17742,0.000438,0.43017,0.008121,0.000438,0.115947
ACCGATGGTAGCATCG-1,0.042649,0.075924,0.430767,0.000067,0.266248,0.18421,0.000067,0.000067
ACCGCAATAACTGCCT-1,0.162306,0.021539,0.456681,0.061038,0.055811,0.242459,0.000083,0.000083
ACCGCGGTGGAAGTCG-1,0.067379,0.195028,0.161465,0.000225,0.060752,0.452132,0.000225,0.062795
ACCGGGCCTTTGTTGA-1,0.391303,0.031658,0.249731,0.045395,0.16472,0.117009,0.000093,0.000093
ACCGGTCAGGTACACC-1,0.018255,0.328422,0.000309,0.269296,0.015547,0.281758,0.030779,0.055634
ACCGTGACCACGTGGG-1,0.000265,0.059908,0.725718,0.169079,0.033868,0.01063,0.000265,0.000265
ACCTAAGTACCTTTCA-1,0.000484,0.25612,0.652382,0.000212,0.090165,0.000212,0.000212,0.000212
ACCTAATCGACTTCCT-1,0.000416,0.996669,0.000833,0.000416,0.000416,0.000416,0.000416,0.000416
ACCTACAGTATGTGGT-1,0.002138,0.205734,0.004277,0.118805,0.351318,0.002138,0.002138,0.313452
ACCTCCGCCCTCGCTG-1,0.080354,0.036154,0.556597,0.012046,0.147022,0.088004,0.000157,0.079666
ACCTCCGTTATTCACC-1,0.003134,0.145883,0.024777,0.0587,0.511285,0.219069,0.021671,0.015481
ACCTGCGTGTCATGTT-1,0.395718,0.067058,0.00016,0.536746,0.00008,0.00008,0.00008,0.00008
ACGAAATGGGCGGCAC-1,0.000386,0.132043,0.86564,0.000386,0.000386,0.000386,0.000386,0.000386
ACGACCCATGAGTTGC-1,0.000207,0.131274,0.000413,0.274221,0.000207,0.387358,0.045463,0.160857
ACGACTGGTCATACTC-1,0.000228,0.358138,0.000457,0.14392,0.4521,0.000228,0.021848,0.023081
ACGAGGATACCACTCT-1,0.00042,0.048398,0.852917,0.00042,0.096587,0.00042,0.00042,0.00042
ACGAGGTTTACAACGT-1,0.079597,0.304926,0.6139,0.000051,0.001375,0.000051,0.000051,0.000051
ACGAGTACGGATGCCC-1,0.077914,0.00005,0.01556,0.17226,0.070795,0.632853,0.00005,0.030518
ACGATACATAGAACTA-1,0.070225,0.014998,0.722683,0.00012,0.002646,0.131416,0.00012,0.05779
ACGATACCTATCCTGA-1,0.002224,0.002224,0.901308,0.002224,0.002224,0.002224,0.085348,0.002223
ACGATCATACATAGAG-1,0.000114,0.606566,0.000228,0.000114,0.32538,0.000114,0.000114,0.06737
ACGATCATCTTGTAAA-1,0.051968,0.080529,0.13225,0.094975,0.051052,0.583246,0.00008,0.0059
ACGATGCATATGTTAT-1,0.09919,0.124388,0.425544,0.086196,0.014255,0.141018,0.032774,0.076635
ACGATGGATCCGATGC-1,0.000436,0.000436,0.445317,0.000436,0.000436,0.407754,0.082202,0.062982
ACGCATACGTTTACTA-1,0.113397,0.160321,0.546817,0.122614,0.000222,0.056187,0.000221,0.000222
ACGCATTCGTGAGTAC-1,0.000067,0.160791,0.156964,0.343741,0.115092,0.097777,0.045674,0.079894
ACGCCAGATGATTTCT-1,0.000211,0.096655,0.157548,0.000211,0.526318,0.14974,0.069105,0.000211
ACGCCGCTAGACGACC-1,0.000224,0.000224,0.579923,0.000224,0.350946,0.03129,0.036945,0.000224
ACGCGAAGTCAGACGA-1,0.000279,0.200982,0.000557,0.115237,0.000279,0.337484,0.21569,0.129493
ACGCGCTACACAGGGT-1,0.000862,0.12205,0.872778,0.000862,0.000862,0.000862,0.000862,0.000862
ACGCGGGCCAAGGACA-1,0.000123,0.766648,0.091621,0.000123,0.075019,0.000123,0.000123,0.06622
ACGCGTTTCTTAAGAG-1,0.000585,0.180818,0.770016,0.000585,0.000585,0.000585,0.04624,0.000585
ACGCTAGTGATACACT-1,0.064765,0.139455,0.15165,0.065528,0.306242,0.252094,0.000081,0.020183
ACGCTGTGAGGCGTAG-1,0.000286,0.029958,0.897832,0.000286,0.000286,0.070781,0.000286,0.000286
ACGGAATTTAGCAAAT-1,0.073882,0.121352,0.681828,0.008345,0.000181,0.114051,0.00018,0.000181
ACGGACTCTCAAAGCG-1,0.000573,0.000573,0.695872,0.000573,0.000573,0.300689,0.000573,0.000573
ACGGATGGTGCGGATA-1,0.000445,0.099163,0.675544,0.000445,0.094215,0.1293,0.000445,0.000445
ACGGCGACGATGGGAA-1,0.043969,0.034968,0.366132,0.299331,0.039418,0.194424,0.021663,0.000095
ACGGGAGTGTCGGCCC-1,0.14462,0.04286,0.695736,0.000312,0.06278,0.041134,0.000056,0.012504
ACGGGTCATGTGACTT-1,0.000635,0.135754,0.689383,0.000635,0.000635,0.171686,0.000635,0.000635
ACGTAGATTGCTGATG-1,0.332419,0.214095,0.268931,0.000591,0.182189,0.000591,0.000591,0.000592
ACGTATTACTCCGATC-1,0.003515,0.000027,0.014905,0.920571,0.013664,0.045068,0.000027,0.002224
ACGTCTCGTTCCGGGA-1,0.002336,0.167243,0.507028,0.320466,0.000731,0.000732,0.000731,0.000732
ACGTGACAAAGTAAGT-1,0.399008,0.108324,0.183584,0.170936,0.13725,0.0003,0.0003,0.0003
ACGTGCGCCTCGTGCA-1,0.000102,0.029791,0.023771,0.000102,0.372301,0.000102,0.09608,0.47775
ACGTTAATGTCGAAGA-1,0.000993,0.667919,0.040696,0.000993,0.150705,0.136709,0.000993,0.000993
ACGTTAGATTTGCCCG-1,0.049184,0.099547,0.555353,0.147299,0.01459,0.009853,0.000065,0.124109
ACGTTATTGGTCACTC-1,0.543272,0.000699,0.452532,0.000699,0.000699,0.000699,0.000699,0.000699
ACGTTCGCAATCAATT-1,0.000039,0.000039,0.000078,0.559538,0.004749,0.397769,0.02296,0.014826
ACGTTCGTTCAGGAAA-1,0.031367,0.339825,0.001177,0.386781,0.000588,0.239085,0.000588,0.000588
ACGTTCTGTACAAGTC-1,0.194314,0.037769,0.47945,0.086796,0.12865,0.02427,0.000061,0.048691
ACGTTTAGTTGTGATC-1,0.000249,0.288161,0.000497,0.000249,0.00604,0.329052,0.051351,0.324401
ACTACCAGCTCTCTGG-1,0.023661,0.106387,0.228108,0.124998,0.29375,0.220433,0.00004,0.002623
ACTAGTTGCGATCGTC-1,0.063459,0.172374,0.442405,0.1847,0.082914,0.053702,0.000223,0.000223
ACTATCCAGGGCATGG-1,0.000229,0.048505,0.163664,0.164603,0.406529,0.172336,0.000229,0.043906
ACTATCGCCGGCTAAA-1,0.000183,0.069336,0.39104,0.080608,0.19581,0.000183,0.000183,0.262656
ACTATCTGCCCGCGTA-1,0.014193,0.100585,0.305589,0.000149,0.000152,0.000149,0.000149,0.579035
ACTATTCGTCCGTGGT-1,0.000293,0.2266,0.000585,0.181682,0.551994,0.038261,0.000293,0.000293
ACTATTTCCGGGCCCA-1,0.000934,0.992525,0.001869,0.000934,0.000934,0.000934,0.000934,0.000934
ACTCAAGTGCAAGGCT-1,0.473293,0.001292,0.173021,0.021644,0.099179,0.231505,0.000032,0.000032
ACTCAATAAAGGCACG-1,0.000073,0.404671,0.396213,0.000073,0.072814,0.09848,0.009943,0.017733
ACTCCCATTCCTAAAG-1,0.000281,0.000281,0.998035,0.000281,0.000281,0.000281,0.000281,0.000281
ACTCCCGAATTCGTTT-1,0.003526,0.035295,0.252119,0.101198,0.240758,0.358504,0.008529,0.00007
ACTCCCTAATGCTAAA-1,0.222029,0.060965,0.093541,0.359091,0.246725,0.001739,0.015734,0.000176
ACTCCCTAGAATAGTA-1,0.000911,0.111716,0.083388,0.511048,0.290202,0.000911,0.000911,0.000911
ACTCGATGTATTTCAT-1,0.001235,0.001235,0.48889,0.219725,0.001235,0.241481,0.044961,0.001236
ACTCGCCGTTCGATAA-1,0.041213,0.061001,0.046277,0.087362,0.206515,0.206584,0.316733,0.034316
ACTCGCGATCTGACGC-1,0.000812,0.000811,0.001623,0.000812,0.000812,0.260843,0.000812,0.733476
ACTCGTAACCCGTCCT-1,0.227324,0.089625,0.649123,0.000123,0.033439,0.000123,0.000123,0.000123
ACTCGTCAGTAATCCC-1,0.020441,0.00387,0.371376,0.113581,0.403644,0.014231,0.07276,0.000098
ACTCTAAACCTGGGAT-1,0.000471,0.127335,0.797122,0.073188,0.000471,0.000471,0.000471,0.000471
ACTCTCTGACTTAGGT-1,0.022169,0.000206,0.494755,0.225786,0.185019,0.071654,0.000206,0.000206
ACTCTGACCTAATAGA-1,0.135642,0.23584,0.000488,0.109875,0.087149,0.298177,0.065125,0.067706
ACTCTTCAGCTCCCGC-1,0.014663,0.078793,0.102553,0.000135,0.373464,0.346591,0.006721,0.077079
ACTCTTGTATAGTAAC-1,0.000236,0.000236,0.19061,0.786652,0.000236,0.021558,0.000236,0.000236
ACTGAAACGCCGTTAG-1,0.88784,0.001226,0.058786,0.049259,0.002847,0.000014,0.000014,0.000014
ACTGAATGGCGAAAGT-1,0.000095,0.010266,0.643137,0.000094,0.284588,0.061632,0.000094,0.000094
ACTGCCGTCGTAACTC-1,0.004298,0.165778,0.270392,0.055084,0.326674,0.162408,0.014017,0.001348
ACTGCGGACACACCGT-1,0.000662,0.000662,0.133715,0.000662,0.678523,0.013516,0.000662,0.171599
ACTGCTCGGAAGGATG-1,0.000345,0.540129,0.457799,0.000345,0.000345,0.000345,0.000345,0.000345
ACTGTACGATACACAT-1,0.016606,0.066912,0.598352,0.016809,0.263596,0.037469,0.000128,0.000128
ACTGTAGCACTTTGGA-1,0.047165,0.431301,0.292122,0.15244,0.006445,0.061728,0.000041,0.008758
ACTGTCCAGGATTATA-1,0.181196,0.000393,0.149932,0.000393,0.000393,0.043835,0.623466,0.000393
ACTGTCTTCTTTAGAA-1,0.000142,0.871166,0.000284,0.000142,0.127678,0.000142,0.000142,0.000306
ACTGTGCTAGTAGATC-1,0.000106,0.14274,0.000218,0.402428,0.259527,0.157789,0.037085,0.000106
ACTTACGCATCCACGC-1,0.100767,0.000614,0.61483,0.000614,0.156223,0.125723,0.000614,0.000614
ACTTAGTACGACAAGA-1,0.071585,0.087425,0.228884,0.357019,0.099906,0.126135,0.000091,0.028955
ACTTATACTTACCCGG-1,0.113409,0.027921,0.483379,0.128771,0.225633,0.020764,0.000061,0.000061
ACTTATTAGGATCGGT-1,0.037887,0.152241,0.12364,0.114484,0.000125,0.000125,0.485664,0.085833
ACTTATTTATGTGCCA-1,0.354075,0.049645,0.219216,0.116197,0.110049,0.150664,0.000077,0.000077
ACTTCAGGCTGATCCC-1,0.064625,0.01345,0.331094,0.336397,0.000102,0.249551,0.000102,0.004681
ACTTCCAGTGGAAGCT-1,0.00029,0.263838,0.693174,0.00029,0.00029,0.00029,0.00029,0.041536
ACTTCCATGCGGGACA-1,0.288145,0.010641,0.018109,0.511207,0.072317,0.097276,0.000023,0.002283
ACTTCGCCATACGCAC-1,0.00013,0.097248,0.257269,0.249812,0.114818,0.280463,0.00013,0.00013
ACTTCGCTAGCGAGTG-1,0.000247,0.172718,0.022809,0.095106,0.526022,0.182605,0.000247,0.000247
ACTTGACTCCCTCTTT-1,0.137305,0.065724,0.354475,0.018686,0.422737,0.000358,0.000358,0.000358
ACTTGTAGTCCCTTCA-1,0.00095,0.073556,0.732085,0.189608,0.00095,0.00095,0.00095,0.00095
ACTTGTGGATGGAACG-1,0.043599,0.215944,0.411956,0.139514,0.048586,0.000157,0.056697,0.083548
ACTTTACCCTCATGAA-1,0.025008,0.000103,0.151426,0.160418,0.423109,0.138454,0.101427,0.000055
ACTTTCCTATAGCTTC-1,0.000107,0.763053,0.000213,0.031119,0.000107,0.000107,0.000107,0.205188
ACTTTGACTGCATCCT-1,0.00095,0.992397,0.001901,0.00095,0.00095,0.00095,0.00095,0.000951
ACTTTGTCGACGCACT-1,0.072119,0.252072,0.129281,0.237782,0.159287,0.000407,0.000407,0.148644
AGAAATTATGACTCGC-1,0.000415,0.338833,0.326569,0.000415,0.217092,0.000415,0.000415,0.115847
AGAACCCAGCGTGACA-1,0.00022,0.00022,0.010155,0.00022,0.61838,0.021987,0.00022,0.348598
AGAACCCTCAATTGGG-1,0.008566,0.311044,0.122044,0.286898,0.182471,0.000225,0.033818,0.054934
AGAACGTGGTACATTC-1,0.000065,0.443451,0.483637,0.000065,0.05755,0.004967,0.0102,0.000065
AGAAGAGCGCCGTTCC-1,0.000479,0.000479,0.829991,0.000479,0.167133,0.000479,0.000479,0.000479
AGAAGGTACACTTCAC-1,0.090106,0.223666,0.683881,0.000469,0.000469,0.000469,0.000469,0.000469
AGAAGGTTGCCGAATT-1,0.170799,0.156593,0.326366,0.169052,0.071249,0.015185,0.039277,0.05148
AGAAGGTTGTAGGTCG-1,0.000836,0.630775,0.001672,0.000836,0.363373,0.000836,0.000836,0.000836
AGAAGTGATTCGTGAT-1,0.076473,0.035703,0.444192,0.228153,0.000068,0.215274,0.000068,0.000068
AGAATAAATCTTCAGG-1,0.000483,0.917245,0.079855,0.000483,0.000483,0.000483,0.000483,0.000483
AGAATTATGGATTCGA-1,0.030095,0.007838,0.181944,0.272795,0.243983,0.261397,0.001909,0.00004
AGAATTGTTTGACATA-1,0.057416,0.034083,0.117911,0.784269,0.000063,0.006133,0.000063,0.000063
AGACAGCTCAGAATCC-1,0.000762,0.964998,0.030432,0.000762,0.000762,0.000762,0.000761,0.000762
AGACAGGCATCTCAGC-1,0.000217,0.314906,0.000433,0.000217,0.218388,0.000217,0.000217,0.465406
AGACCAAACCACACCT-1,0.000131,0.998951,0.000262,0.000131,0.000131,0.000131,0.000131,0.000131
AGACCATGGGATACAA-1,0.000931,0.206328,0.791581,0.000232,0.000232,0.000232,0.000232,0.000232
AGACCCACCGCTGATC-1,0.023501,0.384376,0.591037,0.000217,0.000217,0.000217,0.000217,0.000217
AGACCCGCCCTCCTCG-1,0.04902,0.042993,0.05666,0.020005,0.000108,0.000108,0.769492,0.061614
AGACCGCTCCGCGGTT-1,0.000275,0.000275,0.553582,0.000275,0.001101,0.000275,0.000275,0.443941
AGACCGGGAAACCCTG-1,0.011903,0.137328,0.77574,0.000096,0.024474,0.000096,0.018765,0.031598
AGACGAAGTGCCGGTC-1,0.117038,0.100092,0.488016,0.000104,0.047962,0.246581,0.000104,0.000104
AGACGACGATGCCGCT-1,0.000646,0.351677,0.644445,0.000646,0.000646,0.000646,0.000646,0.000646
AGACGCCCACTTCGCC-1,0.001891,0.324201,0.033442,0.07557,0.095481,0.369009,0.010051,0.090355
AGAGAACCGTCTAGGA-1,0.000053,0.034944,0.370977,0.000188,0.322411,0.271322,0.000053,0.000053
AGAGAAGGAGTACAAT-1,0.115625,0.338951,0.358841,0.000416,0.184918,0.000416,0.000416,0.000417
AGAGATCTCTAAAGCG-1,0.00036,0.016703,0.981138,0.00036,0.00036,0.00036,0.00036,0.00036
AGAGCAGTTATGAGAC-1,0.108733,0.51664,0.371376,0.00065,0.00065,0.00065,0.00065,0.00065
AGAGCCGCCGAGATTT-1,0.000456,0.348298,0.104652,0.000456,0.404565,0.102565,0.000456,0.038553
AGAGCGGGCTAATCAT-1,0.000106,0.231508,0.000212,0.028937,0.044188,0.064919,0.033796,0.596335
AGAGCGTACAAGCTCG-1,0.103231,0.163865,0.511501,0.154612,0.0659,0.000297,0.000297,0.000297
AGAGCTACGAAAGCAT-1,0.065382,0.263644,0.670651,0.000065,0.000065,0.000065,0.000065,0.000065
AGAGGCTTCGGAAACC-1,0.000151,0.131422,0.684513,0.000151,0.183307,0.000151,0.000151,0.000151
AGAGTAAACTTCACTA-1,0.048645,0.178502,0.439456,0.000378,0.323871,0.008391,0.000378,0.000378
AGATAACTTCAGGGCC-1,0.105456,0.118001,0.32155,0.112845,0.064742,0.177637,0.008027,0.091742
AGATACCAATAGAACC-1,0.000205,0.273131,0.00041,0.126861,0.512921,0.023637,0.000205,0.06263
AGATACCGGTGTTCAC-1,0.099359,0.000235,0.301946,0.152195,0.000235,0.194233,0.000235,0.251562
AGATACTCAAGATCGA-1,0.062921,0.002142,0.671151,0.053203,0.03839,0.127351,0.021133,0.023709
AGATATAATACGACTA-1,0.887976,0.000253,0.000507,0.093853,0.000253,0.000253,0.016652,0.000253
AGATCGTGCATAAGAT-1,0.021005,0.006823,0.313404,0.134963,0.302433,0.199712,0.007248,0.014411
AGATCTCAGGTGTGAT-1,0.000196,0.081573,0.710073,0.000196,0.207373,0.000196,0.000196,0.000196
AGATGACTCGCCCACG-1,0.000064,0.000064,0.000128,0.133711,0.003556,0.021527,0.737245,0.103705
AGATGATGGAGTCTGG-1,0.037146,0.075918,0.170408,0.332111,0.157563,0.205486,0.003183,0.018185
AGATGCAAGACGTGCA-1,0.177043,0.042725,0.311212,0.314777,0.024076,0.099037,0.000047,0.031081
AGATGCATCCTGTGTC-1,0.00065,0.800047,0.196052,0.00065,0.00065,0.00065,0.00065,0.00065
AGATGCTATAACGAGC-1,0.000438,0.315853,0.634771,0.000438,0.000438,0.000438,0.000438,0.047188
AGATTATAGGACGTTT-1,0.00025,0.123999,0.241148,0.00025,0.002593,0.115366,0.444849,0.071546
AGATTCACAACCGATA-1,0.00012,0.999037,0.000241,0.00012,0.00012,0.00012,0.00012,0.00012
AGCAAAGGCCGCTAGT-1,0.00067,0.00067,0.792926,0.00067,0.203055,0.00067,0.00067,0.00067
AGCAACATATCTTATT-1,0.057542,0.00932,0.520099,0.000079,0.353928,0.058876,0.000079,0.000079
AGCAACCGAAAGTAAT-1,0.280455,0.060533,0.608098,0.041474,0.008124,0.001219,0.000048,0.000048
AGCACCAGTACTCACG-1,0.067966,0.129079,0.642292,0.024036,0.025605,0.110879,0.000071,0.000071
AGCACTACCGGCCTGT-1,0.007604,0.16868,0.822992,0.000145,0.000145,0.000145,0.000145,0.000145
AGCACTACCTCACCAG-1,0.122823,0.020163,0.748097,0.094513,0.000204,0.000204,0.013791,0.000204
AGCACTTAAGGACGCC-1,0.041331,0.462975,0.425065,0.0078,0.000924,0.000095,0.028628,0.033182
AGCAGAAGGAGAAAGA-1,0.001049,0.001049,0.710158,0.161418,0.001049,0.001049,0.001049,0.12318
AGCATATCAATATGCT-1,0.000159,0.015689,0.724982,0.000159,0.02302,0.235673,0.000159,0.000159
AGCATCATTTCGAAAG-1,0.317274,0.10662,0.575801,0.000061,0.000061,0.000061,0.000061,0.000061
AGCATCGTCGATAATT-1,0.000401,0.000401,0.22215,0.000401,0.000401,0.000401,0.775441,0.000401
AGCATTACGAGGCAAG-1,0.151933,0.2191,0.229717,0.020425,0.147758,0.133953,0.004263,0.09285
AGCCACAGGTTACCCG-1,0.190071,0.051332,0.136916,0.355889,0.194565,0.07116,0.000034,0.000034
AGCCACTCCCGTGCTT-1,0.000892,0.05735,0.145241,0.31191,0.108416,0.361187,0.014928,0.000075
AGCCCATACATGTAAG-1,0.002109,0.258927,0.738212,0.00015,0.00015,0.00015,0.00015,0.00015
AGCCCTAAGCGAAGTT-1,0.00007,0.063598,0.015217,0.118028,0.032913,0.065923,0.00007,0.704181
AGCCCTGTCGCACCGT-1,0.00065,0.00065,0.0013,0.715256,0.00065,0.00065,0.00065,0.280192
AGCCCTTGGACATCCC-1,0.01938,0.127297,0.18369,0.233246,0.38492,0.027921,0.000117,0.023429
AGCCGCAAATTCAAAT-1,0.00065,0.229779,0.697639,0.069331,0.00065,0.00065,0.00065,0.00065
AGCCGCTTGATTAGCG-1,0.001101,0.176757,0.002202,0.150183,0.001101,0.001101,0.17343,0.494124
AGCCGTGGCTAAATGT-1,0.357556,0.000649,0.616715,0.014631,0.000042,0.010323,0.000042,0.000042
AGCCTAATACCCACGT-1,0.000632,0.000632,0.588589,0.407621,0.000632,0.000632,0.000632,0.000632
AGCCTTAAAGCGGAAG-1,0.148706,0.290876,0.230533,0.327787,0.000524,0.000524,0.000524,0.000524
AGCGACAGGAACGGTC-1,0.048378,0.301893,0.574308,0.00029,0.00029,0.074262,0.00029,0.00029
AGCGACATCCCATTCA-1,0.000094,0.053803,0.000187,0.136809,0.160195,0.028945,0.48111,0.138857
AGCGACCAACGATATT-1,0.007922,0.004063,0.139309,0.007602,0.000103,0.000103,0.832264,0.008634
AGCGATGCGCCTAATA-1,0.000236,0.358594,0.34023,0.083823,0.164932,0.000236,0.000236,0.051713
AGCGCGGGTGCCAATG-1,0.00168,0.002386,0.084546,0.28109,0.026315,0.60391,0.000037,0.000037
AGCGCTAGAGCGATGT-1,0.000559,0.000559,0.124538,0.138573,0.733798,0.000856,0.000559,0.000559
AGCGGACACTTCGTAG-1,0.042146,0.184487,0.601251,0.080751,0.018283,0.000064,0.061393,0.011625
AGCGGCGGTTAGCGGT-1,0.00134,0.00134,0.700855,0.00134,0.00134,0.291107,0.00134,0.00134
AGCGGGTCTGACACTC-1,0.008371,0.42839,0.040943,0.271802,0.094123,0.000112,0.000112,0.156148
AGCGTACGAGAGCTAG-1,0.001002,0.001002,0.198255,0.207956,0.001002,0.001002,0.231594,0.358188
