Barcode,Topic 1,Topic 2,Topic 3to5
AAACAAGTATCTCCCA-1,0.033723,0.033699,0.932578
AAACACCAATAACTGC-1,0.013377,0.013483,0.973141
AAACAGAGCGACTCCT-1,0.004554,0.004601,0.990845
AAACAGCTTTCAGAAG-1,0.002227,0.004364,0.993409
AAACAGGGTCTATATT-1,0.000117,0.000119,0.999764
AAACATGGTGAGAGGA-1,0.100021,0.594056,0.305923
AAACATTTCCCGGATT-1,0.039778,0.006532,0.953691
AAACCCGAACGAAATC-1,0.001719,0.001718,0.996563
AAACCGGAAATGTTAA-1,0.001478,0.001486,0.997035
AAACCGGGTAGGTACC-1,0.005137,0.005189,0.989675
AAACCTAAGCAGCCGG-1,0.000223,0.045813,0.953964
AAACCTCATGAAGTTG-1,0.005449,0.005479,0.989072
AAACGAAGATGGAGTA-1,0.018234,0.018345,0.96342
AAACGAGACGGTTGAT-1,0.000234,0.000231,0.999534
AAACGCTGGGCACGAC-1,0.000253,0.113393,0.886354
AAACGGGCGTACGGGT-1,0.000189,0.013427,0.986384
AAACGTGTTCGCCCTA-1,0.036814,0.007225,0.955961
AAACTCGTGATATAAG-1,0.001518,0.001425,0.997056
AAACTTAATTGCACGC-1,0.2,0.2,0.6
AAACTTGCAAACGTAT-1,0.001161,0.001136,0.997703
AAAGAATGACCTTAGA-1,0.2,0.2,0.6
AAAGAATGTGGACTAA-1,0.010012,0.010126,0.979862
AAAGACCCAAGTCGCG-1,0.011202,0.218753,0.770045
AAAGACTGGGCGCTTT-1,0.000481,0.002983,0.996536
AAAGCTTGCCTACATA-1,0.007143,0.007239,0.985618
AAAGGCCCTATAATAC-1,0.08821,0.000609,0.91118
AAAGGGCAGCTTGAAT-1,0.000482,0.005418,0.9941
AAAGTAGCATTGCTCA-1,0.000178,0.000174,0.999648
AAAGTCACTGATGTAA-1,0.014737,0.026541,0.958722
AAAGTCGACCCTCAGT-1,0.002951,0.002973,0.994076
AAAGTGCCATCAATTA-1,0.00254,0.002565,0.994895
AAAGTGTGATTTATCT-1,0.007005,0.007001,0.985994
AAAGTTGACTCCCGTA-1,0.003934,0.039271,0.956795
AAATAACCATACGGGA-1,0.031677,0.006751,0.961572
AAATAAGGTAGTGCCC-1,0.006677,0.006753,0.986571
AAATAGCTTAGACTTT-1,0.005416,0.005468,0.989115
AAATAGGGTGCTATTG-1,0.000311,0.000318,0.999371
AAATCCGATACACGCC-1,0.000173,0.000183,0.999644
AAATCGCGGAAGGAGT-1,0.010531,0.010662,0.978807
AAATCTAGCCCTGCTA-1,0.018412,0.0184,0.963188
AAATGATTCGATCAGC-1,0.061721,0.01013,0.928149
AAATGCTCGTTACGTT-1,0.070389,0.000432,0.929179
AAATGGCCCGTGCCCT-1,0.012561,0.000301,0.987138
AAATGGTCAATGTGCC-1,0.001993,0.001968,0.996039
AAATGTATCTTATCCC-1,0.000932,0.000936,0.998132
AAATTAATAAGCGCGA-1,0.023323,0.004045,0.972633
AAATTACACGACTCTG-1,0.057508,0.072265,0.870227
AAATTACCTATCGATG-1,0.004553,0.004609,0.990837
AAATTCCAGGTCCAAA-1,0.096711,0.009201,0.894089
AAATTGATAGTCCTTT-1,0.003042,0.003062,0.993896
AAATTGCGGCGGTTCT-1,0.000507,0.000493,0.999001
AAATTGGTGAGAAGCA-1,0.00224,0.002135,0.995625
AAATTTGCGGGTGTGG-1,0.002671,0.002703,0.994627
AACAACTGGTAGTTGC-1,0.000959,0.000959,0.998082
AACAATACATTGTCGA-1,0.050756,0.050717,0.898527
AACAATTACTCTACGC-1,0.008658,0.007669,0.983673
AACACACGCTCGCCGC-1,0.097659,0.018476,0.883864
AACACGAGACGCGGCC-1,0.006708,0.006753,0.986538
AACACGCGGCCGCGAA-1,0.001858,0.00178,0.996362
AACAGCTGTGTGGCAA-1,0.015405,0.015634,0.968961
AACAGGATGGGCCGCG-1,0.033096,0.000502,0.966402
AACAGGTAGTATGGAT-1,0.004451,0.078948,0.916601
AACATATCAACTGGTG-1,0.006484,0.006525,0.986992
AACATCGATACGTCTA-1,0.381409,0.002001,0.61659
AACATTGGTCAGCCGT-1,0.018537,0.024287,0.957176
AACCAAGACTTCTCTG-1,0.000544,0.000543,0.998913
AACCATAGGGTTGAAC-1,0.177371,0.00493,0.817699
AACCATGGGATCGCTA-1,0.000913,0.006111,0.992976
AACCCAGAGACGGAGA-1,0.000317,0.164559,0.835124
AACCCATCCCATGATC-1,0.069699,0.004599,0.925702
AACCCGAGCAGAATCG-1,0.051942,0.005327,0.942731
AACCCTACTGTCAATA-1,0.007411,0.007495,0.985094
AACCGCTAAGGGATGC-1,0.004659,0.004709,0.990632
AACCTCGCTTTAGCCC-1,0.00022,0.008633,0.991147
AACCTGTCACGGAATT-1,0.003523,0.003493,0.992984
AACCTTTAAATACGGT-1,0.020698,0.000446,0.978856
AACCTTTACGACGTCT-1,0.016905,0.016867,0.966227
AACGAAAGTCGTCCCA-1,0.028573,0.028756,0.942671
AACGACCTCCTAGCCG-1,0.011287,0.000525,0.988188
AACGATAATGCCGTAG-1,0.000238,0.018369,0.981393
AACGATAGAAGGGCCG-1,0.000178,0.013607,0.986215
AACGCATGATCTGGGT-1,0.004962,0.004934,0.990104
AACGCGAACGGCAACA-1,0.00044,0.012905,0.986655
AACGCTGTTGCTGAAA-1,0.001173,0.001183,0.997644
AACGGACGTACGTATA-1,0.003405,0.003424,0.993171
AACGGCCATCTCCGGT-1,0.028208,0.005624,0.966168
AACGTACTGTGGGTAC-1,0.000859,0.025419,0.973723
AACGTCAGACTAGTGG-1,0.002324,0.002327,0.995349
AACGTCGCTGCACTTC-1,0.012098,0.002246,0.985656
AACGTGCGAAAGTCTC-1,0.000309,0.000353,0.999338
AACGTTATCAGCACCT-1,0.003609,0.000281,0.99611
AACGTTCTACCATTGT-1,0.000338,0.000337,0.999325
AACTACCCGTTTGTCA-1,0.033835,0.005945,0.96022
AACTAGGCTTGGGTGT-1,0.000798,0.000782,0.99842
AACTCAAGTTAATTGC-1,0.001047,0.097473,0.90148
AACTCCAGAGCGTGTT-1,0.000353,0.004463,0.995184
AACTCGATAAACACGT-1,0.000292,0.004176,0.995532
AACTCGATGGCGCAGT-1,0.000508,0.012209,0.987283
AACTCTCAATAGAGCG-1,0.005741,0.005775,0.988484
AACTCTCAGTGTGCTC-1,0.001492,0.001501,0.997007
AACTGAGTTATACTGA-1,0.004553,0.004604,0.990843
AACTTCTGCGTCTATC-1,0.018403,0.000599,0.980998
AACTTGCCCGTATGCA-1,0.027232,0.000347,0.972421
AACTTGCGTTCTCGCG-1,0.002515,0.002232,0.995252
AACTTTACGGGAGCTT-1,0.004664,0.004699,0.990638
AACTTTCTCGATCATG-1,0.015385,0.015584,0.969031
AAGAAATCACCAGATT-1,0.008069,0.008085,0.983847
AAGAAGGATCAGTTAG-1,0.00275,0.002777,0.994473
AAGACATACGTGGTTT-1,0.005901,0.05163,0.942469
AAGACCAAATAACTCA-1,0.599913,0.1,0.300087
AAGACTAACCCGTTGT-1,0.000897,0.000877,0.998227
AAGAGATGAATCGGTA-1,0.006187,0.00035,0.993463
AAGAGCTCTTTATCGG-1,0.000303,0.000301,0.999396
AAGAGGATGTACGCGA-1,0.008431,0.000356,0.991213
AAGAGGCATGGATCGC-1,0.000279,0.000277,0.999444
AAGAGGCCCTTTGGAA-1,0.014337,0.014492,0.971172
AAGATGGCACCGGACC-1,0.011794,0.011907,0.976299
AAGATTGGCGGAACGT-1,0.001729,0.001746,0.996525
AAGCACCCTGCGTATC-1,0.000189,0.011695,0.988116
AAGCCGAAGCGGTTTA-1,0.010535,0.010629,0.978836
AAGCCGCCGTGAAATC-1,0.076022,0.005487,0.918492
AAGCCGCTTTACCTTG-1,0.01429,0.014539,0.971171
AAGCCGGAGAGCAGGA-1,0.001127,0.001127,0.997746
AAGCGGAGTGCGCGCA-1,0.00405,0.003975,0.991975
AAGCGTCCCTCATCGA-1,0.016684,0.016814,0.966503
AAGCTCGTGCCAAGTC-1,0.002785,0.00281,0.994406
AAGCTCTTTCATGGTG-1,0.00043,0.000427,0.999143
AAGGAGCGGTTGGTGC-1,0.001927,0.014269,0.983804
AAGGATCGATCGCTTG-1,0.005562,0.005618,0.98882
AAGGATGAGGGACCTC-1,0.003341,0.00337,0.993289
AAGGCAGGCTGTCTCC-1,0.010005,0.092669,0.897327
AAGGCGCGTAAAGCTT-1,0.002033,0.002042,0.995925
AAGGCTGTGCTCATCG-1,0.002198,0.0022,0.995603
AAGGGAACGACTGGCT-1,0.1,0.101313,0.798687
AAGGGACAGATTCTGT-1,0.007467,0.412786,0.579747
AAGGGACTATGCATTC-1,0.040073,0.040333,0.919594
AAGGGTTAGCCATGCG-1,0.000399,0.201754,0.797846
AAGGGTTTGATTTCAG-1,0.040003,0.040326,0.919671
AAGGTATCCTAATATA-1,0.000569,0.00057,0.998861
AAGGTGATAAACCAGC-1,0.002504,0.002528,0.994968
AAGTAGAAGACCGGGT-1,0.019952,0.000527,0.979522
AAGTAGTGACGCGAGG-1,0.005428,0.005459,0.989114
AAGTCAATTGTCGTCA-1,0.003402,0.029401,0.967197
AAGTCTAGTAGCTGCC-1,0.013453,0.013462,0.973086
AAGTCTTCTGTGGCCT-1,0.000513,0.000509,0.998978
AAGTGACGACCGAATT-1,0.00914,0.009189,0.981672
AAGTGCAAAGGTAGAC-1,0.000182,0.002413,0.997405
AAGTGCCTTGACTGTA-1,0.035854,0.010122,0.954024
AAGTGCGTTAGAATCT-1,0.001369,0.001375,0.997256
AAGTGTTTGGAGACGG-1,0.000369,0.000375,0.999256
AAGTTCACTCCAAGCT-1,0.000464,0.000489,0.999047
AAGTTCAGTCTGCGTA-1,0.002912,0.002935,0.994153
AAGTTCGGCCAACAGG-1,0.001863,0.001836,0.9963
AAGTTGTGATGTTATA-1,0.000366,0.000364,0.99927
AATAACAACGCTCGGC-1,0.000292,0.000281,0.999427
AATAACACTAGAACAA-1,0.006679,0.006738,0.986583
AATAACGTCGCGCCCA-1,0.000432,0.133933,0.865635
AATAATCTTCGTATCG-1,0.001946,0.001929,0.996125
AATACAATGTTTCAGG-1,0.011354,0.000333,0.988313
AATACCTGATGTGAAC-1,0.004941,0.004935,0.990123
AATAGAACAGAGTGGC-1,0.05061,0.009653,0.939738
AATAGAATCTGTTTCA-1,0.000593,0.01487,0.984536
AATAGCTACCGCGTGC-1,0.167027,0.006349,0.826625
AATAGTCGCGAGTCGG-1,0.000311,0.000308,0.999382
AATATCAAGGTCGGAT-1,0.000498,0.341777,0.657725
AATATCCTAGCAAACT-1,0.021001,0.000157,0.978843
AATATCGAATCAATGC-1,0.001374,0.001386,0.99724
AATATCGAGGGTTCTC-1,0.01821,0.018343,0.963447
AATATTGGAGTATTGA-1,0.005985,0.005944,0.988071
AATCAGACTGCAGGAC-1,0.000397,0.000437,0.999167
AATCATGTAAAGACTC-1,0.004121,0.106389,0.88949
AATCCAAGGGCCTGAG-1,0.000424,0.015954,0.983622
AATCCATGCAAGGGTG-1,0.026339,0.000364,0.973297
AATCGCCTCAGCGCCA-1,0.000415,0.000404,0.99918
AATCGCGCAGAGGACT-1,0.010017,0.01017,0.979813
AATCGGTATAGCCCTC-1,0.000744,0.000713,0.998543
AATCGTGAGCCGAGCA-1,0.009317,0.000567,0.990115
AATCTAGGTTTACTTG-1,0.007651,0.005071,0.987278
AATCTATGCCGGAGCC-1,0.003708,0.003497,0.992795
AATCTCTACTGTGGTT-1,0.000751,0.005498,0.99375
AATCTGCGTTGGGACG-1,0.004424,0.004396,0.99118
AATCTGGCTTTCTAGT-1,0.000281,0.038694,0.961024
AATGACAGCAATGTCT-1,0.001262,0.001271,0.997467
AATGACGTAGGATGTC-1,0.000638,0.000636,0.998726
AATGACTGTCAGCCGG-1,0.012402,0.00031,0.987288
AATGAGTTCGCATATG-1,0.000816,0.000811,0.998374
AATGATGATACGCTAT-1,0.020036,0.020232,0.959732
AATGATGCGACTCCTG-1,0.007421,0.051388,0.94119
AATGCACCAAGCAATG-1,0.008565,0.008425,0.98301
AATGGTCCACCGTTCA-1,0.000661,0.000629,0.99871
AATGGTTCTCACAAGC-1,0.000436,0.000432,0.999133
AATGTATGGCACTGTA-1,0.2,0.2,0.6
AATGTGCCCGAGGTGT-1,0.002065,0.002059,0.995876
AATGTGCTAATCTGAG-1,0.012542,0.000186,0.987272
AATGTTGTCGTGAGAC-1,0.000499,0.000489,0.999012
AATTAAAGGTCGGCGT-1,0.000597,0.000602,0.998801
AATTAACGGATTTCCA-1,0.00028,0.000277,0.999443
AATTACGAGACCCATC-1,0.045845,0.004591,0.949564
AATTACTCGTACGCTC-1,0.000931,0.000905,0.998165
AATTAGCGCTGCAGCG-1,0.030147,0.001637,0.968216
AATTCATAAGGGATCT-1,0.020006,0.020296,0.959698
AATTCATTGTCATGCA-1,0.2,0.2,0.6
AATTCCAACTTGGTGA-1,0.001371,0.047819,0.950811
AATTCGATTCGAGGAT-1,0.000391,0.000403,0.999206
AATTGAACGCTCTGGT-1,0.001492,0.390393,0.608115
AATTGCAGCAATCGAC-1,0.000665,0.000669,0.998667
AATTGTGGTTGCCAAA-1,0.000432,0.021574,0.977993
AATTTGGGACATAGTA-1,0.007163,0.007217,0.98562
ACAAACCATGCGTCCT-1,0.040001,0.04049,0.919509
ACAAAGAAGGTAGGCC-1,0.007413,0.000214,0.992373
ACAAAGCATGACCTAG-1,0.000225,0.000219,0.999556
ACAAATCGCACCGAAT-1,0.001315,0.01057,0.988115
ACAAATGGTAGTGTTT-1,0.000297,0.000299,0.999404
ACAACGGTCCCTGCGA-1,0.016122,0.000664,0.983214
ACAAGCAGTGCCTAGC-1,0.005781,0.000414,0.993806
ACAAGCTATATGGAAG-1,0.0053,0.000378,0.994322
ACAAGGAAATCCGCCC-1,0.012721,0.000927,0.986352
ACAAGGACAAGAGGTT-1,0.019194,0.00049,0.980315
ACAAGGATGCTTTAGG-1,0.000189,0.000192,0.999618
ACAAGGGCAGGCTCTG-1,0.000467,0.05594,0.943594
ACAATAGTCGTACGTT-1,0.013651,0.012618,0.973731
ACAATCCATTTAAACC-1,0.000474,0.000476,0.999049
ACAATGAATACGGAGA-1,0.025068,0.025343,0.949589
ACAATTGTGTCTCTTT-1,0.025001,0.025165,0.949834
ACAATTTAGGAGGCTC-1,0.003397,0.003429,0.993175
ACAATTTGAGCAGTGG-1,0.000367,0.000363,0.99927
ACAATTTGGCCATATT-1,0.001269,0.001282,0.997449
ACACAAAGACGGGTGG-1,0.00034,0.00033,0.999331
ACACAAATATTCCTAG-1,0.012403,0.011904,0.975693
ACACACCAGGACCAGT-1,0.012533,0.002808,0.984659
ACACATGATCAAATCT-1,0.1,0.101313,0.798687
ACACATTGACGCAACA-1,0.00742,0.007497,0.985083
ACACCACATAATTAGC-1,0.009524,0.00963,0.980846
ACACCCAGCATGCAGC-1,0.000361,0.000351,0.999288
ACACCCGAGAAATCCG-1,0.000245,0.000243,0.999512
ACACCGAGCGCTCTTT-1,0.004268,0.004305,0.991427
ACACCGGTCTGACCGC-1,0.034477,0.002598,0.962925
ACACCTTAAGTAGGGC-1,0.001405,0.001348,0.997247
ACACCTTACTACTTGC-1,0.004465,0.004216,0.99132
ACACGTAGGCCACAAG-1,0.020111,0.020329,0.95956
ACACTCCAATGTCACT-1,0.038994,0.000523,0.960482
ACACTGATCAAGGTGT-1,0.002203,0.002226,0.995572
ACACTGGGACAGTCGT-1,0.003042,0.00307,0.993889
ACAGAACTGAGAACAA-1,0.012583,0.002312,0.985105
ACAGCGACATTCTCAT-1,0.004169,0.004226,0.991605
ACAGGAGGCGCAGCCG-1,0.000915,0.007269,0.991816
ACAGGCACGGATCCTT-1,0.004275,0.034009,0.961716
ACAGGCTTGCCCGACT-1,0.003592,0.003614,0.992794
ACAGGTGGAGGTGAGG-1,0.002412,0.002438,0.99515
ACAGGTGTGTTGTTGC-1,0.000241,0.003347,0.996412
ACAGTAATACAACTTG-1,0.000192,0.000192,0.999616
ACAGTATACCGTGGGA-1,0.013342,0.013533,0.973125
ACATAAGTCGTGGTGA-1,0.066673,0.06724,0.866087
ACATCAGCTGGGACGC-1,0.002765,0.002768,0.994467
ACATCCTGGTAACTGT-1,0.003282,0.003326,0.993392
ACATCGGTCAGCCGCG-1,0.001461,0.001446,0.997093
ACATCGTATGCAATGG-1,0.00083,0.013542,0.985629
ACATGGCGCCAAAGTA-1,0.00313,0.003161,0.993709
ACATGGCTCAATTTAG-1,0.001779,0.014817,0.983404
ACATTAGTTTATATCC-1,0.001023,0.001026,0.997951
ACATTTGAAACCTAAC-1,0.001114,0.013076,0.98581
ACCAAACACCCAGCGA-1,0.008362,0.008456,0.983182
ACCAACACCACACACT-1,0.004211,0.004046,0.991743
ACCAACCGCACTCCAC-1,0.000282,0.000275,0.999443
ACCAACGCTTATTTAT-1,0.001331,0.001323,0.997346
ACCAAGAACGCGTGTC-1,0.000285,0.006157,0.993558
ACCAAGTCATCGGCAG-1,0.004094,0.004121,0.991785
ACCAATATGCAAGTTA-1,0.000305,0.015985,0.98371
ACCACAAGTTTCTATC-1,0.000948,0.074726,0.924326
ACCACCAATGTAACAA-1,0.002479,0.0025,0.995022
ACCACCCTCTCTTCTA-1,0.003512,0.003549,0.992939
ACCACGTGCAGCTATA-1,0.000451,0.058746,0.940803
ACCACTGTTCAAGAAG-1,0.000563,0.000563,0.998873
ACCAGACCATAACAAC-1,0.000188,0.002638,0.997173
ACCAGTGCGGGAGACG-1,0.002994,0.00302,0.993986
ACCATATCCGCAATAA-1,0.001076,0.007412,0.991512
ACCATCCGCCAACTAG-1,0.000211,0.008669,0.99112
ACCATCGTATATGGTA-1,0.001755,0.001759,0.996486
ACCATTAAGGGTGTCA-1,0.000197,0.020307,0.979497
ACCCAACGCCCGTGGC-1,0.002515,0.00253,0.994955
ACCCACCTACATGCTC-1,0.009658,0.000302,0.99004
ACCCATCTTGAGGGTA-1,0.002105,0.00206,0.995835
ACCCATTTGTCCCTCT-1,0.013361,0.013513,0.973126
ACCCGAGCGAAATTAC-1,0.338109,0.020232,0.641658
ACCCGGAAACTCCCAG-1,0.000505,0.000533,0.998962
ACCCGGAGCACCACAA-1,0.002535,0.002563,0.994902
ACCCGGATGACGCATC-1,0.007738,0.007788,0.984474
ACCCGGTTACACTTCC-1,0.000522,0.000546,0.998932
ACCCGTAGTCTAGTTG-1,0.023507,0.001436,0.975056
ACCCTATAGGACTGAG-1,0.000828,0.02237,0.976802
ACCCTATGCCATATCG-1,0.003564,0.003431,0.993005
ACCCTCCCGTCAGGGC-1,0.013361,0.013526,0.973114
ACCCTCCCTTGCTATT-1,0.001553,0.001555,0.996891
ACCCTGGTAACGCCCT-1,0.012751,0.002409,0.98484
ACCCTTGCCTGGGTCG-1,0.037298,0.006118,0.956585
ACCGAAGAGTCTGGTT-1,0.00956,0.009647,0.980793
ACCGACACATCTCCCA-1,0.019859,0.000855,0.979286
ACCGATAGGCATAACC-1,0.002207,0.00214,0.995653
ACCGATATTTAATCAT-1,0.002358,0.002383,0.99526
ACCGATGGTAGCATCG-1,0.005411,0.005476,0.989113
ACCGCAATAACTGCCT-1,0.000486,0.006739,0.992774
ACCGCGGTGGAAGTCG-1,0.003967,0.003968,0.992065
ACCGGGCCTTTGTTGA-1,0.007064,0.006989,0.985947
ACCGGTCAGGTACACC-1,0.183747,0.028825,0.787427
ACCGTCCACTGGGCCC-1,0.100003,0.10048,0.799517
ACCGTGACCACGTGGG-1,0.028572,0.028956,0.942472
ACCTAAGTACCTTTCA-1,0.00467,0.004693,0.990637
ACCTAATCGACTTCCT-1,0.000367,0.000356,0.999276
ACCTACAGTATGTGGT-1,0.010549,0.010702,0.978749
ACCTCCGCCCTCGCTG-1,0.050358,0.050293,0.899349
ACCTCCGTTATTCACC-1,0.010566,0.010673,0.97876
ACCTCGAACTTATGCT-1,0.095895,0.003985,0.90012
ACCTGCGTGTCATGTT-1,0.000379,0.000369,0.999252
ACGAAATGGGCGGCAC-1,0.005335,0.000387,0.994278
ACGACCCATGAGTTGC-1,0.007665,0.019933,0.972402
ACGACTCTAGGGCCGA-1,0.001044,0.008592,0.990363
ACGACTGGTCATACTC-1,0.2,0.2,0.6
ACGAGAACCCATCACG-1,0.0041,0.00413,0.99177
ACGAGGATACCACTCT-1,0.000275,0.000266,0.99946
ACGAGGTTTACAACGT-1,0.068366,0.006741,0.924893
ACGAGTACGGATGCCC-1,0.015451,0.015557,0.968992
ACGAGTCGCCGGCGTT-1,0.000452,0.000447,0.9991
ACGATACATAGAACTA-1,0.005567,0.005636,0.988797
ACGATACCTATCCTGA-1,0.000205,0.044174,0.955621
ACGATCATCTTGTAAA-1,0.033334,0.375592,0.591074
ACGATGCATATGTTAT-1,0.010049,0.001926,0.988025
ACGCAATCACTACAGC-1,0.21967,0.018418,0.761912
ACGCATACGTTTACTA-1,0.023471,0.022425,0.954104
ACGCCAGTGCGTTTGC-1,0.00716,0.007224,0.985615
ACGCCGCTAGACGACC-1,0.00502,0.005041,0.989939
ACGCCTGACACGCGCT-1,0.000544,0.042551,0.956905
ACGCGAAGTCAGACGA-1,0.009243,0.001457,0.9893
ACGCGCTACACAGGGT-1,0.008708,0.000495,0.990797
ACGCGTTTCTTAAGAG-1,0.002004,0.044183,0.953813
ACGCTACTGAATGGGC-1,0.00036,0.000405,0.999235
ACGCTAGTGATACACT-1,0.011123,0.011221,0.977657
ACGCTGTGAGGCGTAG-1,0.026786,0.002699,0.970514
ACGGAACACGAGTGCC-1,0.029198,0.002176,0.968626
ACGGAATTTAGCAAAT-1,0.000851,0.000837,0.998312
ACGGACTCTCAAAGCG-1,0.000165,0.000168,0.999666
ACGGAGCGCAAATTAC-1,0.011132,0.011231,0.977636
ACGGATGGTGCGGATA-1,0.000386,0.00038,0.999234
ACGGCACTTGCTTGGG-1,0.001793,0.001808,0.996399
ACGGCGACGATGGGAA-1,0.00032,0.004276,0.995404
ACGGCGGGTTGCCCTG-1,0.003379,0.003169,0.993452
ACGGCTGGATGTAGAA-1,0.02,0.020216,0.959784
ACGGGAGTGTCGGCCC-1,0.001554,0.00151,0.996936
ACGGGCGTATGCGACA-1,0.10598,0.007783,0.886236
ACGGGTCATGTGACTT-1,0.009606,0.000741,0.989653
ACGGTACAGTTCAATG-1,0.008023,0.008109,0.983868
ACGTATTACTCCGATC-1,0.008018,0.008154,0.983828
ACGTCTCGTTCCGGGA-1,0.000165,0.00017,0.999665
ACGTGACAAAGTAAGT-1,0.016737,0.000225,0.983038
ACGTTAATGTCGAAGA-1,0.011354,0.013174,0.975472
ACGTTAGATTTGCCCG-1,0.000585,0.000606,0.998809
ACGTTATTGGTCACTC-1,0.024361,0.000473,0.975166
ACGTTCGCAATCAATT-1,0.002712,0.002739,0.994549
ACGTTCTGTACAAGTC-1,0.000277,0.000271,0.999452
ACGTTTCGGTGCACTT-1,0.000291,0.000287,0.999422
ACTAAGGACGCACACC-1,0.01002,0.010111,0.979869
ACTACATCCCGACAAG-1,0.101577,0.101272,0.79715
ACTACCAGCTCTCTGG-1,0.027335,0.0025,0.970165
ACTAGTTGCGATCGTC-1,0.007414,0.007535,0.985051
ACTATATGCTGTGTTC-1,0.055532,0.003899,0.940568
ACTATCCAGGGCATGG-1,0.004468,0.004491,0.991041
ACTATCGCCGGCTAAA-1,0.000848,0.015989,0.983163
ACTATCTGCCCGCGTA-1,0.011779,0.011907,0.976313
ACTATGTCCAGCTGCC-1,0.2,0.2,0.6
ACTATTTCCGGGCCCA-1,0.002013,0.002029,0.995958
ACTCAACGAATGTATT-1,0.001339,0.001341,0.99732
ACTCAAGTGCAAGGCT-1,0.000207,0.000207,0.999586
ACTCAGACCTGCTTCT-1,0.000388,0.05859,0.941022
ACTCCAATATCATCAT-1,0.066669,0.067543,0.865788
ACTCCCATTCCTAAAG-1,0.000439,0.000441,0.99912
ACTCCCGAATTCGTTT-1,0.014286,0.014506,0.971207
ACTCCCGTAGACTAGG-1,0.038005,0.070109,0.891886
ACTCCCTAATGCTAAA-1,0.007495,0.000315,0.99219
ACTCCCTAGAATAGTA-1,0.001104,0.02681,0.972087
ACTCCGGCCGACCACT-1,0.004017,0.004425,0.991558
ACTCGATGTATTTCAT-1,0.000401,0.000407,0.999192
ACTCGCCGTTCGATAA-1,0.001542,0.001534,0.996925
ACTCGCGATCTGACGC-1,0.002417,0.002532,0.995051
ACTCGTAACCCGTCCT-1,0.000339,0.000322,0.999339
ACTCGTCAGTAATCCC-1,0.000351,0.000381,0.999268
ACTCTAAACCTGGGAT-1,0.00383,0.006754,0.989416
ACTCTCTGACTTAGGT-1,0.000712,0.004983,0.994304
ACTCTGACCTAATAGA-1,0.007421,0.007502,0.985076
ACTCTTCAGCTCCCGC-1,0.006682,0.006739,0.986579
ACTGAAACGCCGTTAG-1,0.000543,0.003481,0.995976
ACTGAATGGCGAAAGT-1,0.000708,0.000703,0.998589
ACTGCGGACACACCGT-1,0.015564,0.002933,0.981503
ACTGCTCGGAAGGATG-1,0.00038,0.000378,0.999242
ACTGGCGAACCTGCGT-1,0.014287,0.014446,0.971267
ACTGTACGATACACAT-1,0.022222,0.022578,0.955199
ACTGTAGCACTTTGGA-1,0.003639,0.003684,0.992677
ACTGTATACGCGAGCA-1,0.001167,0.008181,0.990651
ACTGTCCAGGATTATA-1,0.014791,0.002851,0.982358
ACTGTGCTAGTAGATC-1,0.002943,0.000483,0.996574
ACTTACGCATCCACGC-1,0.000438,0.000424,0.999139
ACTTAGTACGACAAGA-1,0.000479,0.000472,0.999049
ACTTATACTTACCCGG-1,0.002556,0.002499,0.994946
ACTTATTAGGATCGGT-1,0.001795,0.001778,0.996427
ACTTATTTATGTGCCA-1,0.000356,0.02826,0.971384
ACTTCAGGCTGATCCC-1,0.000624,0.00063,0.998746
ACTTCCAGTGGAAGCT-1,0.016684,0.01689,0.966426
ACTTCCATGCGGGACA-1,0.000345,0.000348,0.999307
ACTTCGCTAGCGAGTG-1,0.012854,0.012616,0.974531
ACTTGACTCCCTCTTT-1,0.001587,0.001569,0.996844
ACTTGGGACCCGGTGG-1,0.001866,0.001856,0.996277
ACTTGTAGTCCCTTCA-1,0.002398,0.000206,0.997396
ACTTGTGGATGGAACG-1,0.040132,0.040428,0.91944
ACTTTACCCTCATGAA-1,0.011136,0.011272,0.977592
ACTTTGACTGCATCCT-1,0.000431,0.000424,0.999145
ACTTTGGTCGTGCTCC-1,0.018389,0.018416,0.963195
ACTTTGTCGACGCACT-1,0.004178,0.004217,0.991605
AGAAATTATGACTCGC-1,0.053723,0.002934,0.943343
AGAACCCAGCGTGACA-1,0.038972,0.007255,0.953772
AGAACCCTCAATTGGG-1,0.2,0.2,0.6
AGAACTGTACTTTGTA-1,0.008975,0.02564,0.965386
AGAAGAGCGCCGTTCC-1,0.05,0.050792,0.899208
AGAAGGTACACTTCAC-1,0.000251,0.000243,0.999506
AGAAGGTTGCCGAATT-1,0.000894,0.0009,0.998207
AGAAGGTTGTAGGTCG-1,0.000257,0.000262,0.999481
AGAAGTGATTCGTGAT-1,0.001801,0.00179,0.996408
AGAATAAATCTTCAGG-1,0.003305,0.00326,0.993435
AGAATACAGGCTATCC-1,0.000907,0.014279,0.984814
AGAATGCGGGTTCGGA-1,0.021543,0.003431,0.975027
AGAATTATGGATTCGA-1,0.000627,0.011865,0.987508
AGAATTGTTTGACATA-1,0.008662,0.000401,0.990937
AGACAGCTCAGAATCC-1,0.000192,0.000191,0.999617
AGACAGGCATCTCAGC-1,0.002344,0.002089,0.995567
AGACATAGATCCTTCC-1,0.03061,0.183024,0.786365
AGACCAAACCACACCT-1,0.000291,0.00029,0.999419
AGACCATGGGATACAA-1,0.00055,0.000534,0.998916
AGACCCGCCCTCCTCG-1,0.005048,0.000296,0.994656
AGACCGCTCCGCGGTT-1,0.003051,0.003066,0.993882
AGACCGGGAAACCCTG-1,0.00386,0.003891,0.992249
AGACGAAGTGCCGGTC-1,0.006974,0.00701,0.986016
AGACGACGATGCCGCT-1,0.002038,0.002025,0.995937
AGACGCCCACTTCGCC-1,0.014622,0.001838,0.98354
AGACTAGCCTTCCAGA-1,0.002915,0.002697,0.994388
AGACTGTTACCGGGTC-1,0.000546,0.007392,0.992062
AGAGAACCGTCTAGGA-1,0.008013,0.008073,0.983914
AGAGAAGGAGTACAAT-1,0.004447,0.004508,0.991045
AGAGATCTCTAAAGCG-1,0.006901,0.006978,0.986121
AGAGCAGTTATGAGAC-1,0.00678,0.002812,0.990408
AGAGCCGCCGAGATTT-1,0.070025,0.008438,0.921536
AGAGCGCTTGTAACGG-1,0.012892,0.012699,0.974408
AGAGCGTACAAGCTCG-1,0.000587,0.019804,0.979609
AGAGCTACGAAAGCAT-1,0.009783,0.002114,0.988103
AGAGGCTTCGGAAACC-1,0.006493,0.006149,0.987359
AGAGTAAACTTCACTA-1,0.014329,0.014473,0.971198
AGAGTATAGTGTTACG-1,0.007693,0.007774,0.984533
AGAGTCTTAATGAAAG-1,0.000486,0.074017,0.925497
AGAGTTGCAGGCCTCC-1,0.088096,0.008785,0.90312
AGATAACTTCAGGGCC-1,0.001983,0.002006,0.996011
AGATACCAATAGAACC-1,0.011466,0.002698,0.985836
AGATACCAGCACTTCA-1,0.113659,0.007516,0.878826
AGATACCGGTGTTCAC-1,0.002308,0.002329,0.995363
AGATACGACTTCATAT-1,0.000356,0.000343,0.999301
AGATACTCAAGATCGA-1,0.000529,0.000526,0.998945
AGATATAATACGACTA-1,0.004736,0.000485,0.994779
AGATCGTGCATAAGAT-1,0.016688,0.016907,0.966405
AGATGAGGGTTGCGAT-1,0.018212,0.018405,0.963383
AGATGATGGAGTCTGG-1,0.005788,0.00578,0.988432
AGATGCAAGACGTGCA-1,0.011206,0.011256,0.977538
AGATGCATCCTGTGTC-1,0.01216,0.000176,0.987664
AGATGCTATAACGAGC-1,0.000324,0.00033,0.999346
AGATTATAGGACGTTT-1,0.006779,0.006128,0.987093
AGATTCACAACCGATA-1,0.00422,0.000245,0.995535
AGCAAAGGCCGCTAGT-1,0.000167,0.000169,0.999665
AGCAACATATCTTATT-1,0.004683,0.004722,0.990595
AGCAACCGAAAGTAAT-1,0.00108,0.001038,0.997883
AGCACTACCGGCCTGT-1,0.001039,0.001043,0.997918
AGCACTACCTCACCAG-1,0.024818,0.00063,0.974552
AGCACTTAAGGACGCC-1,0.000447,0.000446,0.999107
AGCATATCAATATGCT-1,0.020037,0.020227,0.959736
AGCATCATTTCGAAAG-1,0.006448,0.00023,0.993322
AGCATCGTCGATAATT-1,0.004989,0.000317,0.994694
AGCATTACGAGGCAAG-1,0.000787,0.006148,0.993064
AGCCACAGGTTACCCG-1,0.000244,0.020826,0.97893
AGCCACTCCCGTGCTT-1,0.002061,0.001873,0.996066
AGCCCATACATGTAAG-1,0.039948,0.005454,0.954598
AGCCCGCACTACAATG-1,0.024552,0.002474,0.972975
AGCCCGGCATTAGAGG-1,0.020534,0.020365,0.959101
AGCCCTGTCGCACCGT-1,0.006919,0.006999,0.986082
AGCCCTTCTAATCCGA-1,0.045754,0.002894,0.951352
AGCCCTTGGACATCCC-1,0.002722,0.023948,0.97333
AGCCGCAAATTCAAAT-1,0.000164,0.000162,0.999674
AGCCGCTTGATTAGCG-1,0.003673,0.003547,0.99278
AGCCGTGGCTAAATGT-1,0.002158,0.002177,0.995665
AGCCTAATACCCACGT-1,0.014247,0.000279,0.985474
AGCCTTAAAGCGGAAG-1,0.000227,0.000221,0.999552
AGCGACAGGAACGGTC-1,0.00456,0.004589,0.990851
AGCGACATCCCATTCA-1,0.000312,0.035019,0.964669
AGCGACCAACGATATT-1,0.000389,0.000406,0.999206
AGCGATGCGCCTAATA-1,0.001342,0.00135,0.997308
AGCGCGGGTGCCAATG-1,0.014308,0.014448,0.971244
AGCGCTAGAGCGATGT-1,0.00163,0.011744,0.986625
AGCGGCGGTTAGCGGT-1,0.006139,0.000221,0.99364
AGCGGGAAGGGTCCAT-1,0.000373,0.000392,0.999235
AGCGGTTGCCGCTCTG-1,0.004771,0.00482,0.990409
AGCGTACGAGAGCTAG-1,0.009408,0.000603,0.989989
AGCGTAGCGCTAGACC-1,0.022381,0.022505,0.955114
AGCGTCTGAACCCGCA-1,0.01106,0.086777,0.902163
AGCGTGGTATTCTACT-1,0.001311,0.00129,0.997398
AGCTAACAAGCAATGT-1,0.066667,0.067219,0.866114
AGCTAAGTACGCAGGC-1,0.000162,0.000159,0.999678
AGCTAGAAGCAGAAGT-1,0.01177,0.011905,0.976325
AGCTCCATATATGTTC-1,0.013349,0.013493,0.973158
AGCTCCTTCGCACATC-1,0.003789,0.003752,0.992459
AGCTCGTTGATGGAAA-1,0.004091,0.003817,0.992092
AGCTCTAGACGTTCCA-1,0.00044,0.018146,0.981414
AGCTCTTCCCAGTGCA-1,0.007432,0.007508,0.985061
AGCTCTTCGTAACCTT-1,0.003913,0.003888,0.992199
AGCTCTTTACTCAGTT-1,0.001329,0.001332,0.997339
AGCTGAAGTAAACCAA-1,0.082619,0.015904,0.901477
AGCTGTAACCTCAATC-1,0.001308,0.001317,0.997375
AGCTTCTTCTCGAGCA-1,0.000408,0.000396,0.999196
AGCTTGATCTTAACTT-1,0.005405,0.005346,0.989249
AGGAAAGCCTCTGATG-1,0.005684,0.000443,0.993872
AGGAACGAACGACTTC-1,0.0034,0.638768,0.357832
AGGACAGTCGAATCCC-1,0.000378,0.010881,0.988741
AGGACATCGCACGTCG-1,0.000419,0.009134,0.990448
AGGACATCGGCACACT-1,0.000536,0.000584,0.99888
AGGACGACCCATTAGA-1,0.000996,0.000933,0.998071
AGGACGCTCGATGTTG-1,0.034205,0.006981,0.958814
AGGACTTATAGGAGAA-1,0.000186,0.340685,0.659129
AGGAGACATCCACAGT-1,0.006475,0.249716,0.743809
AGGAGAGTCTGGCTAC-1,0.057909,0.006762,0.935329
AGGAGGCCTTCGCGCG-1,0.010622,0.010604,0.978773
AGGATAAAGTCGGGAT-1,0.000331,0.000329,0.99934
AGGATATAGGGATTTA-1,0.020907,0.020244,0.958849
AGGATATCCGACTGCA-1,0.001331,0.001324,0.997344
AGGATCACGCGATCTG-1,0.000355,0.000336,0.99931
AGGATTGCTTACGACA-1,0.003103,0.003111,0.993787
AGGCAATACGGAGGAC-1,0.00049,0.000495,0.999015
AGGCACGTGACTGTCC-1,0.003474,0.003497,0.993029
AGGCAGATGCGTAAAC-1,0.00212,0.002131,0.995749
AGGCATTGTCGTAGGG-1,0.016742,0.133344,0.849914
AGGCCACATTGGTTAC-1,0.00605,0.054244,0.939705
AGGCCACCCGTTATGA-1,0.001292,0.001263,0.997445
AGGCCCAGTGACTGGT-1,0.001707,0.001607,0.996686
AGGCCCATTGTACAGG-1,0.000283,0.000294,0.999423
AGGCCCTAGAACGCCA-1,0.004279,0.004291,0.99143
AGGCCTGAGAATCTCG-1,0.000337,0.000345,0.999318
AGGCGATAACTGGCGT-1,0.001007,0.001061,0.997932
AGGCGGTTTGTCCCGC-1,0.028577,0.028837,0.942586
AGGCGTCTATGGACGG-1,0.008074,0.008097,0.98383
AGGCTATGGTTAGCTT-1,0.014046,0.000516,0.985438
AGGCTTCCCGAAGAAG-1,0.001824,0.230808,0.767368
AGGCTTGCTAGACACC-1,0.02187,0.000552,0.977579
AGGGAAACGAGGTACT-1,0.002571,0.0215,0.975929
AGGGACCGGCTGCGTT-1,0.003744,0.003748,0.992508
AGGGAGACATACTTCG-1,0.011115,0.011243,0.977643
AGGGCCCTAATGTTCT-1,0.000444,0.152978,0.846578
AGGGCGAGCAGCTGAT-1,0.003647,0.003672,0.992681
AGGGCGTGATCGGCTA-1,0.000299,0.020218,0.979483
AGGGTCAGTAACCCTA-1,0.0264,0.003025,0.970574
AGGGTCGATGCGAACT-1,0.00426,0.004312,0.991428
AGGGTCTGGACGCAGT-1,0.001264,0.001242,0.997494
AGGGTGCCGTTCTTTA-1,0.141716,0.001697,0.856587
AGGGTGCTCTCGAGGG-1,0.02502,0.025261,0.949719
AGGGTGGATAGTGCAT-1,0.000552,0.000555,0.998893
AGGGTTCCCTTTGGTT-1,0.002416,0.00213,0.995454
AGGTAACCTCCTATTC-1,0.000332,0.000339,0.999329
AGGTAGATCGAGATAT-1,0.1,0.101109,0.798891
AGGTAGGTACAAAGCT-1,0.00061,0.00059,0.9988
AGGTATAATTGATAGT-1,0.003863,0.003893,0.992244
AGGTATGCGGACATTA-1,0.013349,0.013476,0.973175
AGGTCAGGTGAGAGTG-1,0.002282,0.002249,0.995469
AGGTCGCCACTTCGGT-1,0.089148,0.015588,0.895264
AGGTCGCCTCCCAACA-1,0.001238,0.010109,0.988653
AGGTCGCGGAGTTACT-1,0.022822,0.022529,0.954649
AGGTGCACGTCCACAT-1,0.082169,0.014432,0.903399
AGGTGTATCGCCATGA-1,0.007163,0.00721,0.985627
AGGTGTTGCCGACCAC-1,0.00056,0.013843,0.985596
AGGTTACACCATGCCG-1,0.025181,0.00492,0.969899
AGGTTCTCCTTTCCGG-1,0.022382,0.009462,0.968155
AGTAACTATAGCAGCC-1,0.020954,0.003889,0.975157
AGTAATGTCTTGCCGC-1,0.000314,0.000311,0.999375
AGTACATCATTTATCA-1,0.016726,0.141707,0.841567
AGTACGGCCCGTATCG-1,0.000842,0.000776,0.998381
AGTACGGGCACCTGGC-1,0.004119,0.000445,0.995436
AGTACTCTTATGCCCA-1,0.000325,0.000357,0.999318
AGTAGGAAGGAAGTTG-1,0.009542,0.009618,0.98084
AGTAGGTAACATACAT-1,0.000483,0.012426,0.987091
AGTATAATACTAGGCA-1,0.000755,0.005521,0.993724
AGTATCCATAATAACG-1,0.035912,0.015298,0.948789
AGTATGCTGGAGACCA-1,0.022224,0.022542,0.955235
AGTCAACACCACCATC-1,0.001073,0.001176,0.99775
AGTCAAGATGACACTT-1,0.000451,0.006979,0.99257
AGTCACTAGCTCTCGA-1,0.01115,0.011237,0.977613
AGTCACTCCGCCTCAT-1,0.000414,0.014496,0.985089
AGTCAGCCACCGCCTG-1,0.000661,0.000649,0.99869
AGTCCAGCGGGTACGT-1,0.013554,0.000698,0.985748
AGTCCATTGGCTGATG-1,0.010014,0.014752,0.975234
AGTCCCGCCTTTAATT-1,0.010041,0.010107,0.979852
AGTCCCTCGCAGAAAG-1,0.004597,0.004598,0.990804
AGTCGAATTAGCGTAA-1,0.000286,0.000283,0.999431
AGTCGACGGTCTCAAG-1,0.001885,0.021041,0.977074
AGTCGGCCCAAACGAC-1,0.000433,0.043712,0.955855
AGTCGGCTCAACTTTA-1,0.000999,0.017055,0.981946
AGTCGGTTGCGTGAGA-1,0.042628,0.002351,0.955021
AGTCGTATAAAGCAGA-1,0.000234,0.026744,0.973022
AGTCGTCGACCACCAA-1,0.000268,0.000275,0.999458
AGTCGTGGGCATTACG-1,0.000291,0.000291,0.999417
AGTCTAAAGTATACTC-1,0.004658,0.004716,0.990626
AGTCTCACAAGACTAC-1,0.000448,0.000427,0.999125
AGTCTGGACATCCTTG-1,0.025868,0.000535,0.973597
AGTCTTTAAAGTGTCC-1,0.011575,0.003662,0.984763
AGTGAACAAACTTCTC-1,0.012567,0.012672,0.974761
AGTGAAGATGGTGTCC-1,0.003406,0.187244,0.80935
AGTGACCTACTTTACG-1,0.000453,0.01954,0.980007
AGTGACTGTGACACAA-1,0.028435,0.000218,0.971347
AGTGAGACTTCCAGTA-1,0.009527,0.009659,0.980814
AGTGAGCCTCGCCGCC-1,0.028574,0.028749,0.942677
AGTGAGTCGAATTAAC-1,0.000632,0.00063,0.998738
AGTGATAACCTGCGCG-1,0.00023,0.000227,0.999543
AGTGATATGAGTAGTT-1,0.000513,0.006024,0.993463
AGTGATTCAAGCAGGA-1,0.006701,0.006754,0.986545
AGTGCACGCTTAAGAA-1,0.035215,0.003821,0.960964
AGTGCGTAGCTCGTAA-1,0.005138,0.005187,0.989675
AGTGCTAAACACAGCA-1,0.000312,0.000309,0.999379
AGTGCTTGCACGAATA-1,0.005275,0.005322,0.989403
AGTGGCCCGCAAATGG-1,0.01322,0.045006,0.941773
AGTGGCGGCAATTTGA-1,0.0167,0.016891,0.96641
AGTGGCGTCTGAAGGT-1,0.000159,0.034781,0.96506
AGTGGCTCCGTCGGCC-1,0.00149,0.001414,0.997097
AGTGGGAGTATACACG-1,0.000245,0.01889,0.980864
AGTGGTGTTACCCGTG-1,0.022817,0.00022,0.976963
AGTGGTTGCGTATAGG-1,0.000239,0.000237,0.999525
AGTGTATTGCGCATTG-1,0.018187,0.018451,0.963363
AGTGTGCTAAGATCGC-1,0.002402,0.002408,0.99519
AGTGTGGTCTATTGTG-1,0.008271,0.000266,0.991463
AGTTAAACACTTGCGA-1,0.001004,0.001013,0.997984
AGTTAAGTCAACCGCT-1,0.000204,0.000203,0.999593
AGTTACCCTTAAGACT-1,0.003255,0.000295,0.996451
AGTTACCGCACATGGT-1,0.000197,0.000193,0.99961
AGTTACTCTATCGTGG-1,0.007938,0.007006,0.985056
AGTTATTCAGACTGTG-1,0.019628,0.110542,0.86983
AGTTCACCGGTTGGAC-1,0.000776,0.00074,0.998484
AGTTCCTACAGAATTA-1,0.001886,0.029871,0.968243
AGTTCTGCGTTGTATC-1,0.007291,0.00655,0.986159
AGTTGACATCGGCTGG-1,0.001121,0.00852,0.990359
AGTTGCTGACTGATAT-1,0.000784,0.000775,0.99844
AGTTGGCAAGGCTAGA-1,0.0006,0.000605,0.998795
AGTTTATGTAAAGACA-1,0.014249,0.01344,0.972312
AGTTTGCACCTGCCTC-1,0.000189,0.000188,0.999623
AGTTTGGCACGGGTTG-1,0.040004,0.040721,0.919275
AGTTTGGCCAGACCTA-1,0.01114,0.096921,0.891939
ATAAACGTTGCACCAC-1,0.020046,0.02029,0.959664
ATAAAGGCTCGGTCGT-1,0.002049,0.002063,0.995889
ATAAATATTAGCAGCT-1,0.000253,0.00025,0.999497
ATAACGCCGGAGGGTC-1,0.000401,0.000402,0.999197
ATAAGCAAACACCGAG-1,0.05127,0.025011,0.923719
ATAAGGTGGAGAACAT-1,0.008504,0.510299,0.481196
ATAAGTAGGATTCAGA-1,0.014328,0.01448,0.971192
ATAAGTAGGGCGACTC-1,0.004657,0.041305,0.954038
ATAAGTTACCGCGACG-1,0.000278,0.000279,0.999443
ATAATACCGTTAGCCG-1,0.015955,0.000248,0.983797
ATAATAGTGTAGGGAC-1,0.014069,0.000568,0.985363
ATAATCTTGGAGAACC-1,0.005804,0.010879,0.983317
ATACAGGCCCTCCAAT-1,0.023172,0.000398,0.976431
ATACCACGGGCAACTT-1,0.007532,0.000599,0.991868
ATACCCTGGCTCAAAT-1,0.006686,0.062843,0.93047
ATACCGTCATCCATAA-1,0.006265,0.006323,0.987412
ATACCTAACCAAGAAA-1,0.00076,0.000759,0.998481
ATACGAAGGCTTTCCA-1,0.022778,0.022571,0.954651
ATACGCCGGCGAAACC-1,0.000472,0.000469,0.999059
ATACGGAACGTCGTTT-1,0.01313,0.001369,0.985501
ATACGGGTTTCGATTG-1,0.002771,0.002768,0.994461
ATACGGTGAAGATGCA-1,0.004013,0.003961,0.992026
ATACGTACTTAGCCAC-1,0.000456,0.010714,0.988831
ATACGTCCACTCCTGT-1,0.005058,0.005052,0.98989
ATACTACCCGTACCAC-1,0.022357,0.02244,0.955203
ATACTCTCGCCACTCT-1,0.010127,0.004403,0.98547
ATACTGCCTTACACCG-1,0.000401,0.008689,0.99091
ATACTTGTTCTCGAGC-1,0.001276,0.009914,0.98881
ATAGACAACGGGACCT-1,0.019778,0.006526,0.973696
ATAGACGAAGAGAAAG-1,0.001317,0.008364,0.990319
ATAGAGTACTGGGACA-1,0.000683,0.000659,0.998657
ATAGAGTTATCAACTT-1,0.009573,0.009787,0.98064
ATAGCAACTAGGGAAG-1,0.002012,0.002028,0.99596
ATAGCCATAACAGTCA-1,0.000159,0.000163,0.999678
ATAGCCTCAGTACCCA-1,0.018938,0.000403,0.980659
ATAGCTGCTCTTGTTA-1,0.054083,0.000474,0.945443
ATAGGCGGCTATAGAA-1,0.004124,0.00413,0.991746
ATAGGCTAGCTTCGCA-1,0.009795,0.009653,0.980553
ATAGTTCCACCCACTC-1,0.010562,0.010633,0.978805
ATATAAAGCGCTCGTG-1,0.000382,0.000379,0.99924
ATATAAATGTAGCTGC-1,0.000312,0.000326,0.999361
ATATAACACGGGCGCA-1,0.000241,0.000241,0.999517
ATATACATGTATGGTA-1,0.014598,0.000218,0.985184
ATATACGCTCGTGACG-1,0.014295,0.014418,0.971287
ATATAGAGTATTGGTC-1,0.05006,0.050345,0.899595
ATATCAACCTACAGAG-1,0.006464,0.006519,0.987017
ATATCAATTCCAGCCT-1,0.100221,0.00698,0.892798
ATATCGGTAGGGAGAT-1,0.002864,0.002888,0.994249
ATATCGTTCCTCGAAC-1,0.000459,0.000456,0.999085
ATATCTCCCTCGTTAA-1,0.013876,0.013469,0.972654
ATATGTCTCCCTAGCC-1,0.005273,0.005345,0.989382
ATATTATCCCGTATTT-1,0.004007,0.004048,0.991944
ATATTCAGTTAAACCT-1,0.008708,0.008817,0.982474
ATATTCCACATAGTGA-1,0.000646,0.000639,0.998715
ATATTGCTGTCAAAGT-1,0.000838,0.000843,0.998319
ATATTGGAGAGGCCTT-1,0.001374,0.010967,0.987659
ATATTTAACCCTCAAG-1,0.001866,0.001843,0.996291
ATCAAACACTGTTCCA-1,0.023823,0.004612,0.971565
ATCAAACGAAGGTTTG-1,0.001159,0.001169,0.997673
ATCAATGCCGTGGCTG-1,0.100004,0.101935,0.79806
ATCACATTAGAATATC-1,0.00161,0.00158,0.99681
ATCACGTGCTAATTAA-1,0.004368,0.004401,0.991231
ATCAGACGGCACGCCG-1,0.012513,0.012662,0.974825
ATCAGCCTCATGCTGC-1,0.000486,0.000483,0.999031
ATCAGCTCGTCCACTA-1,0.004673,0.000317,0.995009
ATCAGGTAGCTGACAG-1,0.012538,0.012644,0.974819
ATCAGTAGGCAGGGAT-1,0.067595,0.006346,0.926059
ATCATAGCCCTATGTA-1,0.007721,0.007776,0.984503
ATCATGGACTACCGAC-1,0.007165,0.007229,0.985606
ATCATTGTACCGCATT-1,0.2,0.2,0.6
ATCCAACGCAGTCATA-1,0.007695,0.014267,0.978038
ATCCAATGGAGGGTCC-1,0.035553,0.006761,0.957687
ATCCAATGGTACCGAA-1,0.000491,0.000462,0.999047
ATCCACATCGACAGAA-1,0.000254,0.000257,0.999489
ATCCAGGATTCGTGAA-1,0.000403,0.000402,0.999195
ATCCCATCCACAGCGC-1,0.1,0.101129,0.79887
ATCCGGACCAGCCTGA-1,0.000236,0.003408,0.996356
ATCCTACCTAAGCTCT-1,0.000478,0.523221,0.476301
ATCCTGAATCGCTGCG-1,0.002754,0.002774,0.994472
ATCCTGCGTGGAATGG-1,0.000678,0.01966,0.979662
ATCCTTCTGAAAGAAC-1,0.001911,0.001926,0.996164
ATCGCACGATTGTTCA-1,0.003013,0.003018,0.993969
ATCGCACGCCGGGAGA-1,0.000399,0.000402,0.999199
ATCGCCAGTCAACATT-1,0.002366,0.0023,0.995334
ATCGCCGTGGTTCATG-1,0.001083,0.001071,0.997846
ATCGCTGCGTGCAGCA-1,0.132139,0.018387,0.849474
ATCGCTTTACGTCTCA-1,0.015388,0.01552,0.969092
ATCGGAGACAGACGGC-1,0.000603,0.000595,0.998802
ATCGGCAAGCAGTCCA-1,0.011145,0.011249,0.977606
ATCGGTTACCTAGTAA-1,0.000338,0.000335,0.999328
ATCGTATTCCGAGAAC-1,0.002335,0.002353,0.995313
ATCGTCCAATCGAGTC-1,0.002387,0.002413,0.9952
ATCGTGGAAAGTCTGG-1,0.066668,0.723171,0.21016
ATCGTTAGCTAGCGGA-1,0.004663,0.102632,0.892705
ATCTAACGTCCCTATG-1,0.001963,0.015483,0.982554
ATCTAATATCCTACGG-1,0.000382,0.000377,0.999241
ATCTACCATCTGCTCC-1,0.000245,0.023758,0.975997
ATCTATCGATGATCAA-1,0.001422,0.001349,0.997229
ATCTCCCACGGAATAT-1,0.013795,0.013506,0.972699
ATCTCGTGAGCGAAAC-1,0.022223,0.022499,0.955279
ATCTGACATGGAAGGA-1,0.2,0.2,0.6
ATCTGATAGTGTCTTA-1,0.032155,0.079515,0.88833
ATCTGCACCTCTGCGA-1,0.028574,0.029016,0.94241
ATCTGGGCTGTTCTTG-1,0.000367,0.000357,0.999276
ATCTGTAATTGTACCC-1,0.000316,0.000315,0.999368
ATCTTATCGCACACCC-1,0.022471,0.00274,0.97479
ATCTTGACCTGCAACG-1,0.001536,0.001457,0.997008
ATCTTGACTTGTCCAA-1,0.004784,0.004818,0.990398
ATCTTTCGTATAACCA-1,0.013361,0.0135,0.973139
ATGAAGCCAAGGAGCC-1,0.000286,0.000302,0.999412
ATGAAGTGGACCCAGC-1,0.017895,0.003013,0.979092
ATGACGCCGGCTCTAA-1,0.000148,0.000153,0.999699
ATGACGCGTTCTATCC-1,0.001926,0.00185,0.996225
ATGACTATCAGCTGTG-1,0.00312,0.003119,0.993761
ATGACTATGCGACATT-1,0.000316,0.000318,0.999366
ATGAGGAGTGTTAATC-1,0.001319,0.001324,0.997357
ATGAGGGCAGCGGCTA-1,0.008753,0.008887,0.98236
ATGATCGGGAATAGAC-1,0.000361,0.021469,0.97817
ATGATGCAATGGTACA-1,0.000655,0.009578,0.989768
ATGCACCTTCCTTAAT-1,0.010368,0.000376,0.989256
ATGCACGCGCTGTTCA-1,0.07091,0.016832,0.912259
ATGCACTACCGCATTG-1,0.002142,0.00211,0.995748
ATGCCAATCGCTCTGC-1,0.065626,0.004608,0.929766
ATGCCATTTGCGACCA-1,0.020141,0.020252,0.959607
ATGCCGGTTGATGGGA-1,0.005505,0.005482,0.989013
ATGCGACAATTGGTCC-1,0.087916,0.002898,0.909186
ATGCGAGTCCCACCAC-1,0.10635,0.016872,0.876778
ATGCTCAGTGTTGCAT-1,0.000593,0.000572,0.998836
ATGCTCTGGCGCGGTA-1,0.000384,0.020598,0.979018
ATGCTTAGGAGTTGAT-1,0.005406,0.005482,0.989112
ATGGAAATTTAAGGAG-1,0.000231,0.003013,0.996756
ATGGAACCTTTGCACA-1,0.002162,0.002177,0.995661
ATGGCAGCATTACGAT-1,0.237355,0.040412,0.722233
ATGGCAGCCGAGAAAC-1,0.000498,0.000487,0.999015
ATGGCCCGAAAGGTTA-1,0.00976,0.150186,0.840054
ATGGCGGAATAGTCGC-1,0.014322,0.014492,0.971187
ATGGGACCTGCTGAAC-1,0.2,0.2,0.6
ATGGGCCTCGGCCTCT-1,0.001654,0.00166,0.996686
ATGGGTGTATACCTCC-1,0.02865,0.029004,0.942347
ATGGTCGCGTGGTTTC-1,0.000206,0.000205,0.999589
ATGTAAGGCTGCTCTT-1,0.014309,0.014439,0.971252
ATGTACATGCGGTGAG-1,0.003231,0.003263,0.993506
ATGTCATTTCCCATTG-1,0.002955,0.002972,0.994072
ATGTGAAAGCCTAATG-1,0.000744,0.000749,0.998508
ATGTGGACATCTTGAT-1,0.008028,0.008168,0.983804
ATGTTACGAGCAATAC-1,0.00091,0.000891,0.998199
ATGTTCCTGCCCACCT-1,0.00055,0.004324,0.995126
ATGTTCGTCGACCCAC-1,0.01868,0.003825,0.977495
ATGTTGATTAGAGACT-1,0.000444,0.000503,0.999053
ATGTTTCGGCCCGGAG-1,0.025685,0.004941,0.969374
ATTAAAGCGGACGAGC-1,0.000668,0.022503,0.976829
ATTAACACCTGAGATA-1,0.001235,0.009681,0.989085
ATTAATGAACCAGTCG-1,0.040001,0.040351,0.919648
ATTACATGTCAGTCTT-1,0.015417,0.015641,0.968942
ATTACCACACTGCCTG-1,0.001299,0.001306,0.997395
ATTACGACTCCACAGT-1,0.010698,0.010654,0.978648
ATTACGCGCTGGCAGG-1,0.00026,0.000261,0.999479
ATTACTAGCCTCTTGC-1,0.013721,0.000484,0.985794
ATTACTTACTGGGCAT-1,0.005576,0.005633,0.988792
ATTAGATTCCTCAGCA-1,0.283476,0.01556,0.700964
ATTAGATTGATAGCGG-1,0.000532,0.000526,0.998942
ATTAGGCGATGCTTTC-1,0.002281,0.0575,0.940219
ATTATAGCTACTTTAC-1,0.047843,0.082372,0.869785
ATTATGAGACCCAATT-1,0.049693,0.000332,0.949974
ATTATGCCATAGGGAG-1,0.000634,0.000626,0.99874
ATTATTATGTCCGTCA-1,0.022254,0.022457,0.955289
ATTATTCAGAGTCACT-1,0.000264,0.000266,0.99947
ATTCAAAGTACCTGTT-1,0.001873,0.001809,0.996318
ATTCAACCATTTAAGG-1,0.009568,0.00962,0.980812
ATTCACTGATGTTGGA-1,0.011004,0.000434,0.988562
ATTCAGGACCTATTTC-1,0.394769,0.029069,0.576162
ATTCAGTAGCAGGGTC-1,0.000383,0.00037,0.999247
ATTCATCGTTGAGGCA-1,0.013257,0.00081,0.985932
ATTCCCACATAAACAA-1,0.012114,0.000445,0.987441
ATTCCCGAAGGTACAG-1,0.067297,0.0672,0.865503
ATTCCTAAGACGTGGA-1,0.085024,0.01703,0.897946
ATTCCTCCGCCAGTGC-1,0.000908,0.000888,0.998204
ATTCCTTCCAGGCGGT-1,0.000251,0.777118,0.222631
ATTCGACGCCGGGCCT-1,0.001854,0.001855,0.996292
ATTCGCAGAGGACACT-1,0.005227,0.005187,0.989586
ATTCGCGCCTTGAGAG-1,0.000783,0.005724,0.993494
ATTCGTCCCGAGGTTA-1,0.000274,0.0003,0.999426
ATTCGTGCTATCTCTT-1,0.010547,0.010656,0.978797
ATTCGTTTATCGTATT-1,0.0009,0.014861,0.98424
ATTCTCGTCTCTTTAG-1,0.00053,0.000552,0.998917
ATTGAAGATCTTAGTG-1,0.001867,0.001744,0.996389
ATTGAATTCCCTGTAG-1,0.000548,0.036901,0.962552
ATTGACCGGCGATGAC-1,0.014361,0.014524,0.971115
ATTGATAGCAACGAGA-1,0.003459,0.051349,0.945192
ATTGATCACCACATTT-1,0.002223,0.002222,0.995555
ATTGATGAGTCCTAAC-1,0.002779,0.002812,0.994409
ATTGCCTTTATGTTTG-1,0.000322,0.010127,0.989551
ATTGCGATCAGTAACT-1,0.010578,0.010636,0.978786
ATTGCTGCTCCTCCAT-1,0.001336,0.001348,0.997316
ATTGGATTACAGCGTA-1,0.006469,0.006539,0.986992
ATTGGGAATATCTTGG-1,0.00759,0.010778,0.981632
ATTGGTAGGATCCGCT-1,0.00081,0.000816,0.998374
ATTGGTTGTGCATTAC-1,0.011286,0.01122,0.977494
ATTGTACAACTCGGCT-1,0.083154,0.013539,0.903308
ATTGTCGCAATACCTT-1,0.020037,0.02023,0.959733
ATTGTTCAACGATCCG-1,0.002972,0.002929,0.994099
ATTTAACTCGTATTAC-1,0.000399,0.005661,0.99394
ATTTACAGTTTACTGG-1,0.002104,0.002108,0.995788
ATTTACTAAGTCCATT-1,0.099484,0.040881,0.859635
ATTTCCGGGTTCTGCG-1,0.010108,0.010109,0.979783
ATTTGCGCGAGTAGCT-1,0.000402,0.000399,0.999199
ATTTGGAGATTGCGGT-1,0.066669,0.067831,0.8655
ATTTGTCTTGGGAGCT-1,0.000241,0.121967,0.877793
CAAACCAGGTCTGCAT-1,0.00018,0.005468,0.994352
