Barcode,Topic 1,Topic 2,Topic 3,Topic 4,Topic 5,Topic 6,Topic 7
AAACAACGAATAGTTC-1,0.162978,0.000616,0.000616,0.440757,0.393806,0.000614,0.000614
AAACAAGTATCTCCCA-1,0.300757,0.139413,0.221023,0.098787,0.239498,0.000261,0.000261
AAACACCAATAACTGC-1,0.036271,0.262495,0.001378,0.160609,0.538942,0.000152,0.000152
AAACAGAGCGACTCCT-1,0.011055,0.011042,0.352722,0.011043,0.592143,0.010989,0.011006
AAACAGCTTTCAGAAG-1,0.000111,0.000111,0.000111,0.941747,0.0577,0.00011,0.00011
AAACAGGGTCTATATT-1,0.135665,0.000238,0.118861,0.717962,0.026902,0.000186,0.000186
AAACATTTCCCGGATT-1,0.205766,0.228614,0.251546,0.312156,0.000641,0.000639,0.000639
AAACCGGGTAGGTACC-1,0.015934,0.015945,0.015932,0.904483,0.015959,0.015873,0.015874
AAACCGTTCGTCCAGG-1,0.040102,0.440721,0.304518,0.183984,0.030345,0.000165,0.000165
AAACCTAAGCAGCCGG-1,0.134982,0.176494,0.021134,0.492681,0.174045,0.000332,0.000333
AAACCTCATGAAGTTG-1,0.000356,0.000356,0.000356,0.381685,0.616538,0.000355,0.000355
AAACGAAGATGGAGTA-1,0.062219,0.478592,0.125273,0.076365,0.25707,0.000241,0.000241
AAACGAGACGGTTGAT-1,0.001596,0.001594,0.101651,0.618495,0.273487,0.001587,0.001589
AAACGGGTTGGTATCC-1,0.000834,0.117789,0.000835,0.595826,0.283052,0.000831,0.000833
AAACGGTTGCGAACTG-1,0.000418,0.107654,0.000418,0.000419,0.890256,0.000417,0.000418
AAACTAACGTGGCGAC-1,0.253655,0.025948,0.231611,0.183678,0.304243,0.000432,0.000433
AAACTCGGTTCGCAAT-1,0.000134,0.809116,0.000134,0.000134,0.190215,0.000134,0.000134
AAACTGCTGGCTCCAA-1,0.001612,0.001612,0.08131,0.910637,0.001613,0.001606,0.00161
AAACTTAATTGCACGC-1,0.00023,0.37699,0.000229,0.00023,0.621864,0.000229,0.000229
AAACTTGCAAACGTAT-1,0.323971,0.002814,0.002817,0.002814,0.661976,0.002801,0.002807
AAAGACTGGGCGCTTT-1,0.093014,0.00156,0.00156,0.664795,0.235964,0.001554,0.001554
AAAGGGATGTAGCAAG-1,0.159109,0.000162,0.000162,0.483392,0.356852,0.000161,0.000162
AAAGGGCAGCTTGAAT-1,0.084415,0.001196,0.561798,0.240414,0.109794,0.001192,0.001192
AAAGGTAAGCTGTACC-1,0.003055,0.003055,0.220688,0.401463,0.365658,0.00304,0.003041
AAAGTAGCATTGCTCA-1,0.001248,0.001248,0.001249,0.705055,0.288713,0.001242,0.001244
AAAGTCGACCCTCAGT-1,0.128145,0.000621,0.000621,0.868752,0.000621,0.000619,0.00062
AAAGTGTGATTTATCT-1,0.123174,0.001195,0.214077,0.657974,0.001196,0.001191,0.001192
AAAGTTGACTCCCGTA-1,0.000532,0.000531,0.27337,0.608297,0.116211,0.000529,0.00053
AAATAACCATACGGGA-1,0.003775,0.003774,0.003776,0.6239,0.357255,0.003759,0.003762
AAATACCTATAAGCAT-1,0.190953,0.002706,0.002706,0.540726,0.257505,0.002695,0.002708
AAATAGCTTAGACTTT-1,0.271754,0.107904,0.026671,0.178991,0.414157,0.000261,0.000262
AAATAGGGTGCTATTG-1,0.228793,0.000869,0.000869,0.766865,0.00087,0.000867,0.000866
AAATCCGATACACGCC-1,0.000608,0.000608,0.103842,0.399292,0.494438,0.000606,0.000606
AAATCGCGGAAGGAGT-1,0.000115,0.656633,0.342791,0.000115,0.000115,0.000115,0.000115
AAATCTAGCCCTGCTA-1,0.23883,0.27413,0.101551,0.00092,0.382733,0.000917,0.00092
AAATGCTCGTTACGTT-1,0.426089,0.00026,0.023762,0.180522,0.368849,0.000259,0.000259
AAATGGCATGTCTTGT-1,0.003494,0.207731,0.003505,0.043329,0.73496,0.00349,0.00349
AAATGGCCCGTGCCCT-1,0.119171,0.003119,0.003119,0.224127,0.644245,0.00311,0.003109
AAATGTATCTTATCCC-1,0.134774,0.079098,0.000206,0.738642,0.046868,0.000205,0.000206
AAATTAATAAGCGCGA-1,0.002551,0.008957,0.004289,0.62645,0.357531,0.000111,0.000111
AAATTACACGACTCTG-1,0.007559,0.007564,0.00755,0.954728,0.007558,0.007519,0.007522
AAATTACCTATCGATG-1,0.174489,0.000484,0.63627,0.18731,0.000483,0.000481,0.000482
AAATTGATAGTCCTTT-1,0.002143,0.202635,0.002142,0.407281,0.381529,0.002132,0.002138
AAATTGCGGCGGTTCT-1,0.106647,0.024737,0.041745,0.470146,0.356345,0.00019,0.00019
AAATTTACCGAAATCC-1,0.189718,0.001206,0.154291,0.001206,0.651176,0.001201,0.001203
AAATTTGCGGGTGTGG-1,0.240246,0.000903,0.000903,0.628427,0.127722,0.000899,0.0009
AACAACTGGTAGTTGC-1,0.002435,0.43243,0.343582,0.214276,0.002433,0.002421,0.002422
AACAATTACTCTACGC-1,0.393873,0.001353,0.302253,0.298467,0.001354,0.00135,0.001349
AACACACGCTCGCCGC-1,0.004946,0.339434,0.435587,0.205226,0.00495,0.004926,0.004931
AACACGACTGTACTGA-1,0.001595,0.001595,0.602137,0.256908,0.134587,0.00159,0.001588
AACACGAGACGCGGCC-1,0.147929,0.001771,0.267252,0.47531,0.104203,0.001764,0.001771
AACACGCGGCCGCGAA-1,0.143704,0.041015,0.320566,0.172507,0.320495,0.000856,0.000857
AACAGCTGTGTGGCAA-1,0.080789,0.132034,0.00071,0.410967,0.374084,0.000707,0.000709
AACAGGAAATCGAATA-1,0.157798,0.000492,0.092734,0.34355,0.404447,0.00049,0.00049
AACAGGATGGGCCGCG-1,0.078691,0.026836,0.778752,0.106079,0.009353,0.000144,0.000144
AACAGGTAGTATGGAT-1,0.418572,0.075176,0.115748,0.22325,0.165954,0.00065,0.00065
AACATATCAACTGGTG-1,0.271938,0.000556,0.237046,0.18392,0.305431,0.000554,0.000555
AACATTGGTCAGCCGT-1,0.000556,0.000556,0.000556,0.404917,0.592305,0.000554,0.000555
AACCAAGACTTCTCTG-1,0.006522,0.202985,0.298951,0.472025,0.006526,0.006494,0.006498
AACCAGTATCACTCTT-1,0.003583,0.003589,0.447624,0.534458,0.003589,0.003577,0.003581
AACCATAGGGTTGAAC-1,0.0003,0.294295,0.000299,0.000299,0.704209,0.000298,0.000299
AACCATGGGATCGCTA-1,0.011028,0.011046,0.011066,0.933821,0.011035,0.010991,0.011013
AACCCAGAGACGGAGA-1,0.090838,0.481824,0.272308,0.090012,0.063986,0.000516,0.000517
AACCCATCCCATGATC-1,0.040389,0.394828,0.238857,0.152681,0.1731,0.000072,0.000072
AACCCTACTGTCAATA-1,0.146302,0.000386,0.398705,0.428451,0.025387,0.000384,0.000385
AACCGAGCTTGGTCAT-1,0.0351,0.000323,0.000323,0.429154,0.534454,0.000322,0.000322
AACCGCTAAGGGATGC-1,0.011038,0.240915,0.436028,0.278955,0.01104,0.010989,0.011034
AACCGTTGTGTTTGCT-1,0.116893,0.000224,0.137846,0.363792,0.380799,0.000223,0.000223
AACCTCGCTTTAGCCC-1,0.000246,0.292194,0.000246,0.300318,0.406506,0.000245,0.000245
AACCTTTAAATACGGT-1,0.102696,0.000596,0.358714,0.357513,0.179295,0.000593,0.000594
AACCTTTACGACGTCT-1,0.928306,0.011951,0.011947,0.011971,0.011962,0.011905,0.011958
AACGAAAGTCGTCCCA-1,0.000202,0.379717,0.152415,0.048785,0.41848,0.000201,0.000201
AACGATAATGCCGTAG-1,0.103434,0.000718,0.47502,0.33033,0.089067,0.000716,0.000716
AACGATATGTCAACTG-1,0.207477,0.000956,0.235954,0.328493,0.225214,0.000953,0.000954
AACGCATGATCTGGGT-1,0.00084,0.331088,0.000838,0.664723,0.000839,0.000836,0.000836
AACGCGAACGGCAACA-1,0.051113,0.438086,0.445802,0.064664,0.000112,0.000112,0.000112
AACGCGGTCTCCAGCC-1,0.000942,0.331962,0.06331,0.403102,0.200167,0.000258,0.000258
AACGCTGTTGCTGAAA-1,0.263993,0.141666,0.000482,0.006268,0.586631,0.00048,0.000481
AACGGACGTACGTATA-1,0.198918,0.002867,0.002866,0.781386,0.008247,0.002858,0.002858
AACGGCCATCTCCGGT-1,0.001055,0.001055,0.140138,0.186734,0.668913,0.001052,0.001052
AACGTACTGTGGGTAC-1,0.00148,0.062853,0.00148,0.00148,0.92976,0.001473,0.001474
AACGTCAGACTAGTGG-1,0.556771,0.003052,0.003052,0.427986,0.003053,0.003041,0.003045
AACGTGATGAAGGACA-1,0.004485,0.365088,0.612523,0.004482,0.004485,0.00447,0.004468
AACGTGCGAAAGTCTC-1,0.000567,0.000567,0.112875,0.652681,0.232179,0.000566,0.000565
AACGTTATCAGCACCT-1,0.054359,0.1372,0.291075,0.434016,0.08296,0.000195,0.000195
AACTACCCGTTTGTCA-1,0.518341,0.02533,0.153433,0.301613,0.000428,0.000427,0.000427
AACTAGGCTTGGGTGT-1,0.014726,0.176722,0.212388,0.501182,0.094715,0.000133,0.000134
AACTCAAGTTAATTGC-1,0.43634,0.001328,0.136101,0.001329,0.422254,0.001323,0.001324
AACTCCAGAGCGTGTT-1,0.287845,0.001121,0.539728,0.024727,0.144343,0.001117,0.001118
AACTCCTAATCCCATG-1,0.028642,0.028747,0.254882,0.601858,0.028724,0.028572,0.028576
AACTCGATAAACACGT-1,0.035131,0.000332,0.000332,0.275012,0.68853,0.000331,0.000332
AACTCGATGGCGCAGT-1,0.198982,0.006535,0.006521,0.006521,0.768384,0.006494,0.006563
AACTCTCAATAGAGCG-1,0.046967,0.00024,0.683537,0.164082,0.104697,0.000239,0.000239
AACTCTCAGTGTGCTC-1,0.003187,0.256929,0.163066,0.567273,0.003189,0.003175,0.003182
AACTGAGGTCAGCGTC-1,0.212746,0.2756,0.15059,0.324237,0.035634,0.000596,0.000596
AACTGATATTAGGCCT-1,0.002472,0.002474,0.002469,0.770641,0.217013,0.002466,0.002465
AACTGGGTCCCGACGT-1,0.000323,0.000323,0.075013,0.278372,0.645324,0.000322,0.000322
AACTTCTGCGTCTATC-1,0.000308,0.000308,0.748984,0.249479,0.000308,0.000307,0.000307
AACTTGCCCGTATGCA-1,0.091522,0.000379,0.6827,0.19599,0.028651,0.000378,0.000378
AACTTGCGTTCTCGCG-1,0.005121,0.005123,0.319301,0.655121,0.005124,0.005102,0.005108
AACTTTACGGGAGCTT-1,0.000257,0.000257,0.000257,0.608671,0.390047,0.000256,0.000256
AAGAAGGATCAGTTAG-1,0.003881,0.238112,0.003878,0.742509,0.003878,0.003873,0.00387
AAGACCAAATAACTCA-1,0.000797,0.183964,0.000798,0.000797,0.812054,0.000795,0.000796
AAGACTAACCCGTTGT-1,0.003876,0.003878,0.003884,0.325593,0.655039,0.003861,0.003869
AAGACTGCAAGCTACT-1,0.00022,0.00022,0.015862,0.790243,0.193018,0.000219,0.000219
AAGAGATGAATCGGTA-1,0.060875,0.000525,0.558049,0.378977,0.000526,0.000523,0.000524
AAGAGCTCTTTATCGG-1,0.00175,0.323877,0.001751,0.667383,0.00175,0.001742,0.001746
AAGAGGATGTACGCGA-1,0.203904,0.006846,0.006836,0.423558,0.345247,0.006803,0.006807
AAGAGGCATGGATCGC-1,0.001632,0.001632,0.172585,0.589698,0.231199,0.001627,0.001627
AAGATGGCACCGGACC-1,0.126422,0.195271,0.001056,0.217471,0.457677,0.001051,0.001053
AAGATTGGCGGAACGT-1,0.002112,0.070734,0.725518,0.195322,0.002111,0.002101,0.002102
AAGCACCCTGCGTATC-1,0.020104,0.518382,0.000197,0.365743,0.095181,0.000196,0.000197
AAGCATACTCTCCTGA-1,0.001595,0.316183,0.001595,0.001595,0.675851,0.001592,0.001589
AAGCCGAAGCGGTTTA-1,0.382112,0.104635,0.156567,0.354549,0.000714,0.000711,0.000712
AAGCGCAGGGCTTTGA-1,0.111464,0.000957,0.145227,0.000957,0.739489,0.000952,0.000954
AAGCGGCGTCATGGGT-1,0.018088,0.017919,0.017912,0.017958,0.892403,0.017857,0.017862
AAGCGTCCCTCATCGA-1,0.343909,0.001689,0.11595,0.533399,0.001689,0.001681,0.001684
AAGCTAGATCGAGTAA-1,0.000859,0.073084,0.390946,0.532538,0.000859,0.000856,0.000858
AAGCTCGTGCCAAGTC-1,0.065386,0.000477,0.138631,0.209923,0.584633,0.000475,0.000476
AAGCTCTTTCATGGTG-1,0.001158,0.001157,0.001158,0.001158,0.993064,0.001152,0.001153
AAGGATCGATCGCTTG-1,0.472596,0.000176,0.107739,0.151263,0.267876,0.000175,0.000175
AAGGATGAGGGACCTC-1,0.031319,0.000768,0.431434,0.357025,0.177924,0.000764,0.000766
AAGGCGCGTAAAGCTT-1,0.122502,0.001839,0.18417,0.685984,0.00184,0.001832,0.001833
AAGGCTGTGCTCATCG-1,0.362586,0.000347,0.115213,0.346929,0.174232,0.000346,0.000346
AAGGGAACGACTGGCT-1,0.00021,0.468355,0.00021,0.00021,0.530595,0.00021,0.00021
AAGGGACAGATTCTGT-1,0.000548,0.098975,0.832883,0.065955,0.000548,0.000546,0.000546
AAGGGACTATGCATTC-1,0.000202,0.237838,0.000202,0.000202,0.761154,0.000201,0.000201
AAGGGTTTGATTTCAG-1,0.002564,0.449626,0.002562,0.002563,0.537575,0.002554,0.002556
AAGGTATCCTAATATA-1,0.00846,0.008451,0.008465,0.317186,0.640627,0.008404,0.008408
AAGGTGATAAACCAGC-1,0.006826,0.006823,0.255397,0.710506,0.006833,0.006807,0.006808
AAGTAAGCTTCCAAAC-1,0.131093,0.250933,0.001071,0.613697,0.001071,0.001068,0.001067
AAGTAGTGACGCGAGG-1,0.055977,0.000158,0.943233,0.000158,0.000158,0.000158,0.000158
AAGTCAATTGTCGTCA-1,0.127601,0.001237,0.324793,0.192986,0.350917,0.001232,0.001233
AAGTCTTCTGTGGCCT-1,0.000554,0.000554,0.076842,0.484718,0.436227,0.000552,0.000553
AAGTGACGACCGAATT-1,0.372983,0.017955,0.017907,0.017939,0.537497,0.017857,0.017861
AAGTGCAAAGGTAGAC-1,0.000148,0.000148,0.627752,0.138209,0.23345,0.000147,0.000147
AAGTGCCTTGACTGTA-1,0.327354,0.06075,0.127172,0.456114,0.027815,0.000397,0.000398
AAGTGCGTTAGAATCT-1,0.287706,0.002021,0.00202,0.702204,0.002022,0.002012,0.002016
AAGTGTTTGGAGACGG-1,0.000732,0.000732,0.03063,0.844708,0.121736,0.00073,0.000731
AAGTTCACTCCAAGCT-1,0.18776,0.002352,0.002354,0.800497,0.002352,0.002342,0.002344
AAGTTCAGTCTGCGTA-1,0.001026,0.119059,0.596199,0.157662,0.124009,0.001021,0.001023
AAGTTCGGCCAACAGG-1,0.23897,0.00104,0.00104,0.379663,0.377215,0.001036,0.001037
AAGTTTACTAATGGCA-1,0.000252,0.068662,0.000252,0.17693,0.753402,0.000251,0.000251
AATAACAACGCTCGGC-1,0.066721,0.000411,0.748657,0.108567,0.074824,0.00041,0.00041
AATAACACTAGAACAA-1,0.170048,0.000944,0.296328,0.358003,0.172796,0.000941,0.000941
AATACAATGTTTCAGG-1,0.000238,0.000237,0.824728,0.174086,0.000238,0.000237,0.000237
AATAGAACAGAGTGGC-1,0.289196,0.200333,0.28898,0.219484,0.000671,0.000668,0.000669
AATAGAATCTGTTTCA-1,0.458319,0.007976,0.007982,0.501844,0.007974,0.007944,0.007961
AATAGCAAGCCTCCTG-1,0.384021,0.001708,0.144046,0.252412,0.214405,0.001703,0.001705
AATAGTCCGTCCCGAC-1,0.34275,0.013885,0.133939,0.001631,0.504544,0.001624,0.001627
AATAGTCGCGAGTCGG-1,0.000204,0.000204,0.000204,0.597598,0.401381,0.000204,0.000204
AATATCGAATCAATGC-1,0.24397,0.281827,0.194559,0.277767,0.000627,0.000624,0.000625
AATATCGAGGGTTCTC-1,0.392693,0.001964,0.001964,0.597498,0.001966,0.001957,0.001959
AATATTGGAGTATTGA-1,0.01304,0.013073,0.013054,0.370717,0.564141,0.012987,0.012988
AATCAGACTGCAGGAC-1,0.273527,0.00069,0.00069,0.158445,0.565274,0.000687,0.000688
AATCATGTAAAGACTC-1,0.001032,0.266033,0.001032,0.001032,0.72881,0.00103,0.001029
AATCCATGCAAGGGTG-1,0.007975,0.007996,0.008018,0.007979,0.952082,0.007937,0.008013
AATCGCCTCAGCGCCA-1,0.029885,0.158324,0.001078,0.807479,0.001079,0.001076,0.001078
AATCGCGCAGAGGACT-1,0.507635,0.000505,0.189141,0.198066,0.103644,0.000504,0.000504
AATCGGGACACTACGA-1,0.001866,0.001862,0.001863,0.169747,0.820947,0.001857,0.001858
AATCTAGGTTTACTTG-1,0.268065,0.177921,0.105425,0.161314,0.283243,0.002015,0.002017
AATCTATGCCGGAGCC-1,0.426519,0.05585,0.158257,0.000503,0.357867,0.000501,0.000502
AATCTCTACTGTGGTT-1,0.00754,0.007539,0.007542,0.239531,0.7228,0.007519,0.00753
AATCTGCGTTGGGACG-1,0.02017,0.00009,0.848714,0.130755,0.00009,0.00009,0.00009
AATCTGGCTTTCTAGT-1,0.003682,0.003675,0.22778,0.00368,0.753844,0.003668,0.00367
AATGACAGCAATGTCT-1,0.370246,0.010248,0.25444,0.334336,0.010248,0.010204,0.010278
AATGACGTAGGATGTC-1,0.129334,0.003052,0.00305,0.003054,0.855425,0.00304,0.003045
AATGAGTTCGCATATG-1,0.011045,0.011058,0.011047,0.011036,0.933757,0.010989,0.011069
AATGATGATACGCTAT-1,0.007184,0.007173,0.007177,0.554411,0.409768,0.007143,0.007144
AATGATGCGACTCCTG-1,0.370255,0.00082,0.242899,0.367458,0.016934,0.000817,0.000818
AATGCACCAAGCAATG-1,0.004945,0.004946,0.200762,0.21542,0.564053,0.004926,0.004948
AATGGTCCACCGTTCA-1,0.055361,0.000933,0.000932,0.818544,0.122373,0.000929,0.000929
AATGGTTCTCACAAGC-1,0.525127,0.00239,0.002392,0.462933,0.002392,0.002381,0.002384
AATGTATGGCACTGTA-1,0.000908,0.631729,0.000908,0.000908,0.363737,0.000905,0.000906
AATGTGCCCGAGGTGT-1,0.002279,0.209253,0.332148,0.331195,0.120584,0.002268,0.002273
AATTAAAGGTCGGCGT-1,0.412784,0.052492,0.259117,0.150716,0.123766,0.000563,0.000563
AATTAACGGATTTCCA-1,0.069737,0.169565,0.157543,0.188691,0.413872,0.000296,0.000296
AATTACGAGACCCATC-1,0.00175,0.687222,0.001748,0.001749,0.304043,0.001743,0.001745
AATTACTCGTACGCTC-1,0.000215,0.000215,0.061757,0.632953,0.30443,0.000214,0.000215
AATTAGCGCTGCAGCG-1,0.221692,0.003044,0.000338,0.531533,0.242719,0.000337,0.000337
AATTCATAAGGGATCT-1,0.015935,0.904448,0.015937,0.015936,0.015953,0.0159,0.015891
AATTCATTGTCATGCA-1,0.165769,0.248181,0.000676,0.583348,0.000677,0.000674,0.000675
AATTCCAACTTGGTGA-1,0.000613,0.000613,0.000613,0.000614,0.996325,0.000611,0.000611
AATTCCAAGCATGTAC-1,0.025341,0.364857,0.000249,0.000249,0.608808,0.000248,0.000249
AATTCGATTCGAGGAT-1,0.001594,0.282035,0.001595,0.001594,0.710004,0.001588,0.001589
AATTCTAGAGTTAGGC-1,0.087648,0.000283,0.014509,0.755596,0.1414,0.000282,0.000282
AATTGAACGCTCTGGT-1,0.087832,0.003588,0.003588,0.296729,0.601099,0.003579,0.003584
AATTGCGTGGATTACA-1,0.204303,0.372608,0.008962,0.00897,0.387248,0.008954,0.008957
AATTTGGGACATAGTA-1,0.023939,0.334802,0.02391,0.023879,0.545844,0.023816,0.02381
ACAAACCATGCGTCCT-1,0.000279,0.10816,0.000278,0.000279,0.890449,0.000278,0.000278
ACAAATCGCACCGAAT-1,0.158392,0.000632,0.057477,0.480505,0.301735,0.000629,0.00063
ACAAATGGTAGTGTTT-1,0.002209,0.002209,0.002206,0.436773,0.552205,0.002198,0.0022
ACAAATTCAGATCTGA-1,0.005908,0.231365,0.000585,0.760389,0.000586,0.000584,0.000584
ACAACAGCATGAGCTA-1,0.079405,0.000242,0.152101,0.514332,0.253436,0.000241,0.000242
ACAACGGTCCCTGCGA-1,0.11202,0.028184,0.590389,0.257238,0.011819,0.000175,0.000175
ACAAGCAGTGCCTAGC-1,0.127741,0.00041,0.439065,0.431556,0.00041,0.000409,0.000409
ACAAGCTATATGGAAG-1,0.000079,0.000079,0.146502,0.768454,0.08473,0.000078,0.000078
ACAAGGAAATCCGCCC-1,0.113528,0.000729,0.15413,0.729432,0.000728,0.000726,0.000727
ACAAGGACAAGAGGTT-1,0.162225,0.021617,0.366506,0.313655,0.135524,0.000236,0.000237
ACAAGGATGCTTTAGG-1,0.189934,0.13413,0.199228,0.420674,0.055019,0.000507,0.000508
ACAAGGGCAGGCTCTG-1,0.106686,0.000524,0.000524,0.793566,0.097654,0.000522,0.000524
ACAATAGTCGTACGTT-1,0.117016,0.000608,0.146467,0.696014,0.038683,0.000606,0.000607
ACAATCCATTTAAACC-1,0.134059,0.000498,0.54033,0.063624,0.260495,0.000497,0.000497
ACAATCGATCTTTATA-1,0.013026,0.474967,0.013035,0.013041,0.459956,0.012987,0.012988
ACAATGAATACGGAGA-1,0.001689,0.187319,0.18919,0.616746,0.001688,0.001685,0.001684
ACAATGATTCTTCTAC-1,0.132928,0.115776,0.162054,0.293686,0.294051,0.000752,0.000753
ACAATTGTGTCTCTTT-1,0.095143,0.124296,0.001436,0.001435,0.774831,0.001429,0.00143
ACAATTTAGGAGGCTC-1,0.072486,0.09063,0.00034,0.459354,0.376512,0.000339,0.000339
ACAATTTGAGCAGTGG-1,0.000686,0.000686,0.413449,0.583123,0.000687,0.000684,0.000685
ACACACCAGGACCAGT-1,0.01598,0.015922,0.015925,0.904361,0.015935,0.015873,0.016003
ACACACTTTCTACACG-1,0.214045,0.000352,0.000353,0.062587,0.721959,0.000351,0.000352
ACACATGATCAAATCT-1,0.000324,0.214919,0.000324,0.048722,0.735065,0.000323,0.000323
ACACATTGACGCAACA-1,0.000264,0.000264,0.083242,0.610428,0.305275,0.000263,0.000264
ACACCCGAGAAATCCG-1,0.329971,0.071401,0.000417,0.596963,0.000417,0.000416,0.000416
ACACCGAGCGCTCTTT-1,0.000213,0.010964,0.000213,0.224231,0.763953,0.000213,0.000213
ACACCGGTCTGACCGC-1,0.000565,0.236159,0.000565,0.000565,0.761019,0.000563,0.000564
ACACCTTAAGTAGGGC-1,0.28124,0.000554,0.108363,0.015757,0.592982,0.000552,0.000553
ACACCTTACTACTTGC-1,0.70478,0.123848,0.162717,0.008384,0.000091,0.00009,0.000091
ACACGAGACTCCTTCT-1,0.086333,0.000366,0.28413,0.275547,0.352895,0.000365,0.000365
ACACGGGAACTTAGGG-1,0.040265,0.000342,0.000342,0.499232,0.459136,0.000341,0.000341
ACACTCCAATGTCACT-1,0.000441,0.000441,0.177473,0.300146,0.520618,0.00044,0.00044
ACAGAACTGAGAACAA-1,0.111167,0.001888,0.001889,0.681945,0.199349,0.00188,0.001882
ACAGCATAGAGCCAGT-1,0.249497,0.182079,0.39289,0.003987,0.163608,0.003968,0.00397
ACAGCGACATTCTCAT-1,0.377353,0.001032,0.001033,0.61749,0.001032,0.001029,0.00103
ACAGCGCACCCGCAGC-1,0.010262,0.010246,0.010247,0.938431,0.010249,0.010305,0.010261
ACAGGAGGCGCAGCCG-1,0.07849,0.295934,0.001032,0.621453,0.001033,0.001028,0.001029
ACAGGCTTGCCCGACT-1,0.001361,0.34756,0.39117,0.255855,0.001353,0.001351,0.00135
ACAGGTGGAGGTGAGG-1,0.250108,0.000869,0.00087,0.50545,0.24097,0.000866,0.000867
ACAGTAATACAACTTG-1,0.001247,0.001247,0.001248,0.992523,0.001248,0.001243,0.001243
ACATAAGTCGTGGTGA-1,0.06334,0.532629,0.162511,0.000312,0.240586,0.000311,0.000311
ACATAATAAGGCGGTG-1,0.032354,0.000227,0.033156,0.432468,0.501343,0.000226,0.000226
ACATCAGCTGGGACGC-1,0.061894,0.000343,0.000343,0.830931,0.105807,0.000341,0.000341
ACATCCCGGCCATACG-1,0.240475,0.002054,0.232085,0.519246,0.00205,0.002045,0.002045
ACATCCTGGTAACTGT-1,0.135973,0.132845,0.203714,0.418878,0.107907,0.000341,0.000342
ACATCGATCGTTTACC-1,0.040075,0.000178,0.101104,0.650869,0.20742,0.000177,0.000177
ACATCGGTCAGCCGCG-1,0.208144,0.088901,0.068646,0.625212,0.007614,0.000741,0.000742
ACATCGTATGCAATGG-1,0.002143,0.002143,0.200608,0.339167,0.451672,0.002133,0.002135
ACATCGTTAACCTAGT-1,0.015963,0.015913,0.015926,0.904388,0.015946,0.015989,0.015875
ACATCTCAACGCGTAA-1,0.062671,0.001293,0.179183,0.001293,0.752985,0.001287,0.001288
ACATGGCGCCAAAGTA-1,0.327458,0.050817,0.137001,0.48387,0.000285,0.000284,0.000285
ACATGGCTCAATTTAG-1,0.000391,0.000391,0.000391,0.189086,0.808962,0.000389,0.00039
ACATTAGTTTATATCC-1,0.00478,0.004785,0.44538,0.530739,0.004784,0.004762,0.004769
ACCAACACCACACACT-1,0.399907,0.208463,0.000356,0.000356,0.390208,0.000355,0.000355
ACCAATATGCAAGTTA-1,0.258373,0.00165,0.001649,0.733391,0.00165,0.001642,0.001645
ACCACAACTCAGAACA-1,0.002562,0.260184,0.16727,0.562314,0.002562,0.002552,0.002557
ACCACCAATGTAACAA-1,0.416754,0.122233,0.154283,0.186907,0.119573,0.000125,0.000125
ACCACGTGCAGCTATA-1,0.00151,0.00151,0.149912,0.570984,0.273074,0.001506,0.001506
ACCACTGTTCAAGAAG-1,0.0797,0.000231,0.057906,0.500599,0.361105,0.00023,0.00023
ACCAGACCATAACAAC-1,0.000292,0.000292,0.295244,0.579731,0.123858,0.000291,0.000291
ACCAGTGCCCGGTCAA-1,0.121101,0.150454,0.149328,0.516838,0.061356,0.000461,0.000462
ACCAGTGCGGGAGACG-1,0.001495,0.279682,0.001495,0.501912,0.212435,0.001489,0.001492
ACCATCCGCCAACTAG-1,0.004224,0.004223,0.004221,0.9747,0.004221,0.004202,0.00421
ACCATCGTATATGGTA-1,0.001097,0.487428,0.001095,0.001096,0.507099,0.001091,0.001094
ACCATTAAGGGTGTCA-1,0.000227,0.000227,0.069677,0.253974,0.675441,0.000227,0.000227
ACCCAACGCCCGTGGC-1,0.000194,0.017055,0.866461,0.11571,0.000194,0.000193,0.000193
ACCCACCTACATGCTC-1,0.204025,0.142773,0.340806,0.309014,0.00113,0.001125,0.001127
ACCCATCTTGAGGGTA-1,0.238509,0.2445,0.253515,0.25632,0.002391,0.002382,0.002383
ACCCATTTGTCCCTCT-1,0.195986,0.116457,0.191028,0.494512,0.000674,0.000671,0.000672
ACCCGAGCGAAATTAC-1,0.000451,0.364711,0.000451,0.190389,0.443099,0.000449,0.00045
ACCCGGAAACTCCCAG-1,0.000176,0.171851,0.309667,0.174235,0.343721,0.000175,0.000176
ACCCGGATGACGCATC-1,0.190439,0.002243,0.002244,0.798357,0.002242,0.002241,0.002235
ACCCGGTTACACTTCC-1,0.346163,0.377177,0.275574,0.000272,0.000272,0.000271,0.000271
ACCCTATAGGACTGAG-1,0.011937,0.011942,0.011928,0.011944,0.928437,0.011906,0.011906
ACCCTATGCCATATCG-1,0.17672,0.377399,0.444912,0.000242,0.000242,0.000242,0.000242
ACCCTCCCTTGCTATT-1,0.005121,0.00513,0.172005,0.802405,0.005124,0.005102,0.005112
ACCCTTCATCTGCGAA-1,0.000477,0.025331,0.064826,0.337133,0.571283,0.000475,0.000476
ACCCTTTAGTTCTCCA-1,0.035774,0.03577,0.035822,0.785293,0.035901,0.035714,0.035726
ACCGAAGAGTCTGGTT-1,0.034939,0.247214,0.000339,0.150911,0.56592,0.000338,0.000338
ACCGACACATCTCCCA-1,0.082122,0.153111,0.000296,0.207084,0.556795,0.000295,0.000296
ACCGACTGAGTCCCAC-1,0.058303,0.00055,0.09975,0.188255,0.652046,0.000548,0.000549
ACCGATGGTAGCATCG-1,0.000132,0.000132,0.844007,0.155335,0.000132,0.000131,0.000131
ACCGCAATAACTGCCT-1,0.269363,0.001185,0.052781,0.673118,0.001186,0.001183,0.001184
ACCGCGGTGGAAGTCG-1,0.338529,0.023864,0.057253,0.359719,0.220136,0.00025,0.00025
ACCGGGCCTTTGTTGA-1,0.339093,0.000646,0.209059,0.449267,0.000646,0.000644,0.000644
ACCGGTCAGGTACACC-1,0.000139,0.354977,0.000139,0.000139,0.644328,0.000139,0.000139
ACCGTCCACTGGGCCC-1,0.004944,0.189252,0.004944,0.004948,0.786041,0.004926,0.004944
ACCTAAGTACCTTTCA-1,0.410065,0.000565,0.147512,0.440167,0.000565,0.000563,0.000563
ACCTAATCGACTTCCT-1,0.03894,0.000234,0.872321,0.087804,0.000234,0.000233,0.000233
ACCTACAGTATGTGGT-1,0.843582,0.000513,0.000513,0.000513,0.153858,0.00051,0.000511
ACCTACTATAAATCTA-1,0.110769,0.442035,0.000264,0.000264,0.446142,0.000263,0.000263
ACCTCCGCCCTCGCTG-1,0.532374,0.177859,0.000641,0.000641,0.287208,0.000638,0.000639
ACCTCCGTTATTCACC-1,0.832279,0.000177,0.000177,0.166838,0.000177,0.000176,0.000176
ACCTCGAACTTATGCT-1,0.000268,0.73823,0.000268,0.000268,0.260431,0.000267,0.000267
ACCTGCGTGTCATGTT-1,0.007561,0.007555,0.007545,0.954736,0.007558,0.007525,0.00752
ACGAAATGGGCGGCAC-1,0.163616,0.001353,0.464982,0.365996,0.001354,0.001348,0.001351
ACGAGAACCCATCACG-1,0.197403,0.000273,0.19789,0.453305,0.150586,0.000272,0.000272
ACGAGATATTTGCTTA-1,0.047705,0.047725,0.047736,0.713701,0.047889,0.047619,0.047624
ACGAGGATACCACTCT-1,0.01103,0.011011,0.011077,0.933624,0.011042,0.011225,0.010992
ACGAGGTTTACAACGT-1,0.000227,0.171234,0.000227,0.173345,0.654513,0.000226,0.000227
ACGAGTACGGATGCCC-1,0.210286,0.275378,0.072662,0.433038,0.007755,0.00044,0.00044
ACGAGTCGCCGGCGTT-1,0.027044,0.000194,0.065671,0.547998,0.358706,0.000193,0.000193
ACGATACATAGAACTA-1,0.000892,0.045162,0.000892,0.540499,0.410777,0.00089,0.000889
ACGATACCTATCCTGA-1,0.000145,0.000145,0.045667,0.785806,0.16795,0.000144,0.000144
ACGATCATACATAGAG-1,0.015594,0.000331,0.090805,0.361832,0.530777,0.00033,0.00033
ACGATCATCTTGTAAA-1,0.068233,0.000581,0.155131,0.774316,0.000581,0.000579,0.000579
ACGATGCATATGTTAT-1,0.205906,0.000764,0.000764,0.334394,0.456651,0.000761,0.000761
ACGCAATCACTACAGC-1,0.619597,0.009675,0.000908,0.000908,0.367101,0.000905,0.000906
ACGCATACGTTTACTA-1,0.232114,0.764851,0.000607,0.000608,0.000608,0.000606,0.000606
ACGCATTCGTGAGTAC-1,0.019806,0.015332,0.423208,0.466039,0.075337,0.000139,0.000139
ACGCCAGATGATTTCT-1,0.000658,0.236202,0.000658,0.746426,0.014743,0.000656,0.000656
ACGCCGCTAGACGACC-1,0.002515,0.002516,0.29011,0.697314,0.002518,0.002512,0.002515
ACGCCTGACACGCGCT-1,0.12432,0.001305,0.001305,0.379091,0.49138,0.001299,0.001301
ACGCGAAGTCAGACGA-1,0.287298,0.001071,0.001072,0.707354,0.001071,0.001066,0.001069
ACGCGCTACACAGGGT-1,0.020486,0.020553,0.020462,0.02049,0.877188,0.020408,0.020412
ACGCGGGCCAAGGACA-1,0.041983,0.005632,0.062996,0.266121,0.622926,0.000171,0.000171
ACGCGTTTCTTAAGAG-1,0.062929,0.000174,0.002,0.593564,0.340985,0.000174,0.000174
ACGCTAGTGATACACT-1,0.001577,0.072025,0.001577,0.920099,0.001576,0.001572,0.001573
ACGCTGTGAGGCGTAG-1,0.031827,0.000532,0.000531,0.635353,0.330698,0.000529,0.00053
ACGGAATTTAGCAAAT-1,0.324362,0.004481,0.004482,0.653258,0.004483,0.004465,0.004469
ACGGACTCTCAAAGCG-1,0.099992,0.000239,0.035178,0.08274,0.781375,0.000238,0.000238
ACGGAGCGCAAATTAC-1,0.456586,0.209942,0.323046,0.002611,0.002611,0.002601,0.002602
ACGGATGGTGCGGATA-1,0.202868,0.000504,0.148114,0.480885,0.166626,0.000502,0.000502
ACGGCACTTGCTTGGG-1,0.072552,0.00224,0.002241,0.916259,0.002242,0.002232,0.002234
ACGGCGACGATGGGAA-1,0.000464,0.032435,0.357219,0.608491,0.000464,0.000463,0.000463
ACGGCGGGTTGCCCTG-1,0.012024,0.363291,0.011964,0.576949,0.01196,0.011905,0.011906
ACGGCTGGATGTAGAA-1,0.00022,0.407178,0.00022,0.00022,0.591724,0.000219,0.000219
ACGGGAGTGTCGGCCC-1,0.008953,0.008953,0.00901,0.946224,0.008964,0.008965,0.00893
ACGGGTCATGTGACTT-1,0.017562,0.130185,0.000193,0.375727,0.475947,0.000193,0.000193
ACGTACAGATTTCTCT-1,0.19968,0.002929,0.592541,0.002928,0.196082,0.002919,0.00292
ACGTAGATTGCTGATG-1,0.000664,0.000664,0.000665,0.564425,0.432256,0.000663,0.000663
ACGTATTACTCCGATC-1,0.00048,0.00048,0.328166,0.485645,0.184271,0.000478,0.000479
ACGTCTCGTTCCGGGA-1,0.000099,0.05962,0.319914,0.564848,0.055321,0.000099,0.000099
ACGTGACAAAGTAAGT-1,0.068121,0.104198,0.140749,0.606445,0.080308,0.00009,0.00009
ACGTGCGCCTCGTGCA-1,0.094333,0.000552,0.000552,0.295639,0.607823,0.00055,0.000551
ACGTTAATGTCGAAGA-1,0.001863,0.001862,0.001864,0.673344,0.317353,0.001856,0.001858
ACGTTAGATTTGCCCG-1,0.334548,0.002022,0.099471,0.337852,0.222078,0.002013,0.002016
ACGTTATTGGTCACTC-1,0.000314,0.000314,0.000314,0.789565,0.208867,0.000313,0.000313
ACGTTCGCAATCAATT-1,0.408223,0.083651,0.079837,0.426661,0.000544,0.000542,0.000542
ACGTTTAGTTGTGATC-1,0.001865,0.249652,0.001864,0.682999,0.059907,0.001856,0.001857
ACTAATACGTCAGGCG-1,0.277324,0.008433,0.008435,0.008442,0.680549,0.008403,0.008414
ACTACATCCCGACAAG-1,0.000136,0.515242,0.000136,0.000136,0.48408,0.000135,0.000135
ACTACCAGCTCTCTGG-1,0.002991,0.288385,0.00299,0.663589,0.036087,0.002978,0.002979
ACTACGCGTTAGAATT-1,0.280392,0.427518,0.002868,0.28062,0.002871,0.002867,0.002864
ACTAGTTGCGATCGTC-1,0.30698,0.00082,0.288007,0.00082,0.401739,0.000817,0.000817
ACTATATGCTGTGTTC-1,0.207399,0.316652,0.007561,0.007555,0.44578,0.007523,0.00753
ACTATCCAGGGCATGG-1,0.353867,0.055337,0.014293,0.40262,0.173424,0.000229,0.00023
ACTATCGCCGGCTAAA-1,0.000112,0.000112,0.000113,0.38109,0.618348,0.000112,0.000112
ACTATGTCCAGCTGCC-1,0.001511,0.337087,0.00151,0.371181,0.2857,0.001504,0.001507
ACTATTCGTCCGTGGT-1,0.355248,0.01025,0.010239,0.593595,0.010258,0.010204,0.010206
ACTCAACGAATGTATT-1,0.250954,0.000768,0.745213,0.000767,0.000767,0.000765,0.000766
ACTCAAGTGCAAGGCT-1,0.013538,0.000407,0.130065,0.831471,0.023709,0.000405,0.000405
ACTCAATAAAGGCACG-1,0.117999,0.091425,0.000262,0.437536,0.352256,0.000261,0.000261
ACTCCCATTCCTAAAG-1,0.003337,0.206117,0.003337,0.777218,0.003337,0.003322,0.003331
ACTCCCGAATTCGTTT-1,0.342812,0.00055,0.15886,0.115077,0.381605,0.000548,0.000549
ACTCCCTAATGCTAAA-1,0.000194,0.000194,0.111041,0.531093,0.357093,0.000193,0.000193
ACTCCCTAGAATAGTA-1,0.001771,0.001772,0.200958,0.045787,0.74618,0.001765,0.001767
ACTCGATGTATTTCAT-1,0.00029,0.053112,0.000291,0.344122,0.601605,0.000289,0.00029
ACTCGTAACCCGTCCT-1,0.209575,0.005983,0.13442,0.632121,0.00598,0.005957,0.005964
ACTCGTCAGTAATCCC-1,0.00127,0.00127,0.00127,0.749367,0.244289,0.001266,0.001267
ACTCTAAACCTGGGAT-1,0.000087,0.000087,0.000087,0.634883,0.364684,0.000086,0.000086
ACTCTCTGACTTAGGT-1,0.189447,0.154976,0.134268,0.201437,0.31805,0.000911,0.000911
ACTCTCTTATACACGA-1,0.355553,0.020517,0.020468,0.020498,0.542144,0.020409,0.020411
ACTCTTGTATAGTAAC-1,0.000348,0.000349,0.447782,0.550478,0.000348,0.000347,0.000347
ACTGAAACGCCGTTAG-1,0.568471,0.003502,0.003504,0.414043,0.0035,0.003492,0.003488
ACTGAATGGCGAAAGT-1,0.187657,0.006603,0.107909,0.413809,0.282499,0.000761,0.000761
ACTGATTTAGTGATTC-1,0.001393,0.001394,0.213723,0.704136,0.076577,0.001387,0.00139
ACTGCCGTCGTAACTC-1,0.000854,0.000855,0.000854,0.282973,0.712761,0.000852,0.000851
ACTGCTCGGAAGGATG-1,0.000174,0.092525,0.211903,0.607298,0.087753,0.000173,0.000173
ACTGTACGATACACAT-1,0.096857,0.00151,0.176841,0.614133,0.107645,0.001505,0.001509
ACTGTAGCACTTTGGA-1,0.500789,0.155961,0.001259,0.338222,0.001259,0.001255,0.001255
ACTGTATACGCGAGCA-1,0.222406,0.031212,0.304347,0.341412,0.099828,0.000397,0.000398
ACTGTCTTCTTTAGAA-1,0.000438,0.078812,0.000438,0.174338,0.745102,0.000436,0.000437
ACTGTGCTAGTAGATC-1,0.630323,0.280033,0.017938,0.017965,0.017964,0.017857,0.017918
ACTGTTTAGTGTAGGC-1,0.00495,0.467149,0.004949,0.004946,0.508135,0.004926,0.004945
ACTTACCGGGCGCGCA-1,0.386304,0.01105,0.011027,0.011031,0.558603,0.010989,0.010996
ACTTACGCATCCACGC-1,0.000552,0.157875,0.167259,0.670439,0.002774,0.00055,0.00055
ACTTAGTACGACAAGA-1,0.904345,0.015933,0.015958,0.015991,0.015989,0.015873,0.015911
ACTTATACTTACCCGG-1,0.061322,0.000158,0.724887,0.213162,0.000158,0.000157,0.000157
ACTTATCTGATCTATA-1,0.001259,0.319942,0.001258,0.673772,0.001259,0.001253,0.001256
ACTTATTTATGTGCCA-1,0.549376,0.011038,0.011041,0.395368,0.011044,0.01114,0.010993
ACTTCAGGCTGATCCC-1,0.204211,0.001771,0.22395,0.37127,0.195263,0.001764,0.001771
ACTTCCAGTGGAAGCT-1,0.072834,0.671195,0.241994,0.0035,0.003498,0.00349,0.003488
ACTTCCATGCGGGACA-1,0.001939,0.348431,0.171033,0.189512,0.285215,0.001936,0.001935
ACTTCGCCATACGCAC-1,0.005266,0.156253,0.837902,0.000145,0.000145,0.000144,0.000145
ACTTGACTCCCTCTTT-1,0.000668,0.000667,0.047407,0.799741,0.150186,0.000665,0.000666
ACTTGTAGTCCCTTCA-1,0.000185,0.000185,0.03221,0.852275,0.114777,0.000184,0.000184
ACTTGTGGATGGAACG-1,0.174218,0.001177,0.126862,0.346346,0.349053,0.001172,0.001173
ACTTTACCCTCATGAA-1,0.501863,0.000223,0.167613,0.100562,0.229295,0.000222,0.000222
ACTTTCCTATAGCTTC-1,0.106286,0.161129,0.000243,0.284608,0.44725,0.000242,0.000242
ACTTTGACTGCATCCT-1,0.001159,0.001158,0.001157,0.993064,0.001158,0.001152,0.001153
ACTTTGGTCGTGCTCC-1,0.036659,0.192098,0.000395,0.000395,0.769665,0.000394,0.000394
AGAACCCTCAATTGGG-1,0.000173,0.657357,0.211199,0.048562,0.082364,0.000172,0.000173
AGAACGTGGTACATTC-1,0.000864,0.000864,0.209275,0.000865,0.786408,0.000862,0.000862
AGAAGAGCGCCGTTCC-1,0.488556,0.010246,0.460285,0.010247,0.010242,0.010216,0.010209
AGAAGGTACACTTCAC-1,0.255555,0.188627,0.004221,0.538964,0.00422,0.004203,0.004209
AGAAGGTTGCCGAATT-1,0.208452,0.336491,0.31189,0.137469,0.003791,0.000954,0.000954
AGAAGGTTGTAGGTCG-1,0.000228,0.441471,0.000228,0.068255,0.489364,0.000227,0.000227
AGAAGTGATTCGTGAT-1,0.253844,0.005125,0.005124,0.72057,0.005128,0.005104,0.005105
AGAATAAATCTTCAGG-1,0.164754,0.002658,0.00266,0.821968,0.002657,0.002648,0.002656
AGAATGCGGGTTCGGA-1,0.388384,0.001594,0.14565,0.459594,0.001594,0.001589,0.001595
AGAATTATGGATTCGA-1,0.071055,0.032986,0.893403,0.002135,0.00014,0.00014,0.00014
AGAATTGTTTGACATA-1,0.160443,0.000725,0.149933,0.628258,0.059196,0.000722,0.000722
AGACAGCTCAGAATCC-1,0.110269,0.000339,0.000339,0.239442,0.648935,0.000338,0.000338
AGACCAAACCACACCT-1,0.071283,0.154468,0.081983,0.682232,0.009235,0.000399,0.0004
AGACCATGGGATACAA-1,0.000336,0.120118,0.878204,0.000336,0.000336,0.000335,0.000335
AGACCCACCGCTGATC-1,0.001381,0.001379,0.257694,0.735414,0.001379,0.001375,0.001378
AGACCGCTCCGCGGTT-1,0.412558,0.00078,0.17052,0.00078,0.413808,0.000777,0.000778
AGACCGGGAAACCCTG-1,0.142963,0.138865,0.00074,0.598283,0.117675,0.000737,0.000738
AGACGAAGTGCCGGTC-1,0.000919,0.371382,0.000919,0.000919,0.624025,0.000917,0.000918
AGACGACGATGCCGCT-1,0.591111,0.006526,0.006528,0.006525,0.376319,0.006494,0.006498
AGACGGGCCGATTTAA-1,0.193392,0.16434,0.00046,0.640432,0.00046,0.000458,0.000459
AGACTAGCCTTCCAGA-1,0.565271,0.067321,0.288063,0.078707,0.000213,0.000212,0.000212
AGAGAACCGTCTAGGA-1,0.000903,0.060486,0.542527,0.393383,0.000903,0.000899,0.0009
AGAGAAGGAGTACAAT-1,0.23688,0.001158,0.001157,0.464846,0.293652,0.001154,0.001153
AGAGATCTCTAAAGCG-1,0.000268,0.022156,0.475867,0.427765,0.073411,0.000267,0.000267
AGAGCAGTTATGAGAC-1,0.003777,0.232617,0.003778,0.748522,0.003775,0.003767,0.003764
AGAGCGGGCTAATCAT-1,0.000886,0.000886,0.098453,0.000886,0.897121,0.000882,0.000886
AGAGCGTACAAGCTCG-1,0.000251,0.034633,0.964112,0.000251,0.000251,0.00025,0.000251
AGAGCTACGAAAGCAT-1,0.000389,0.000389,0.000389,0.197289,0.80077,0.000387,0.000387
AGAGGCTTCGGAAACC-1,0.189503,0.078669,0.436931,0.007878,0.285588,0.000715,0.000716
AGAGTAAACTTCACTA-1,0.401383,0.007368,0.223551,0.279815,0.087392,0.000246,0.000246
AGAGTTAGAGACCGAT-1,0.000951,0.154022,0.152354,0.279046,0.411732,0.000947,0.000948
AGATAACTTCAGGGCC-1,0.151177,0.505081,0.001025,0.295249,0.045423,0.001022,0.001024
AGATACCGGTGTTCAC-1,0.280162,0.000855,0.000854,0.715571,0.000854,0.000851,0.000852
AGATACGACTTCATAT-1,0.002873,0.357767,0.201826,0.428939,0.002871,0.00286,0.002865
AGATACTCAAGATCGA-1,0.245718,0.001071,0.001071,0.748935,0.001071,0.001067,0.001067
AGATATAATACGACTA-1,0.066766,0.095628,0.000422,0.000422,0.835922,0.00042,0.000421
AGATCGTGCATAAGAT-1,0.300645,0.01104,0.01103,0.011034,0.644242,0.010989,0.011021
AGATCTCAGGTGTGAT-1,0.000793,0.365157,0.000793,0.630885,0.000793,0.00079,0.00079
AGATGAGGGTTGCGAT-1,0.63402,0.007964,0.007966,0.007976,0.326194,0.007937,0.007945
AGATGATGGAGTCTGG-1,0.410669,0.000309,0.000309,0.138729,0.44937,0.000307,0.000308
AGATGCAAGACGTGCA-1,0.043141,0.000225,0.000225,0.11726,0.838702,0.000224,0.000224
AGATGCATCCTGTGTC-1,0.000154,0.000155,0.000154,0.980637,0.018592,0.000154,0.000154
AGATGCTATAACGAGC-1,0.000175,0.137162,0.000175,0.20519,0.656948,0.000175,0.000175
AGATTCACAACCGATA-1,0.063022,0.107234,0.060407,0.767453,0.000629,0.000627,0.000627
AGCAAAGGCCGCTAGT-1,0.072083,0.272598,0.207852,0.198293,0.248775,0.000199,0.0002
AGCAACATATCTTATT-1,0.25585,0.000574,0.438389,0.303469,0.000574,0.000572,0.000573
AGCAACCGAAAGTAAT-1,0.060043,0.332272,0.112258,0.245774,0.249428,0.000113,0.000113
AGCACCAGTACTCACG-1,0.056633,0.131417,0.000389,0.246024,0.564762,0.000387,0.000388
AGCACTACCGGCCTGT-1,0.10804,0.000665,0.088224,0.597203,0.204544,0.000662,0.000663
AGCACTACCTCACCAG-1,0.256699,0.000522,0.000522,0.737492,0.003725,0.00052,0.00052
AGCACTTAAGGACGCC-1,0.147013,0.000193,0.531096,0.32112,0.000193,0.000192,0.000193
AGCAGAAGGAGAAAGA-1,0.030554,0.582726,0.000106,0.000106,0.386297,0.000106,0.000106
AGCAGCCAGATGAATA-1,0.065033,0.092588,0.158,0.526841,0.157023,0.000258,0.000258
AGCATATCAATATGCT-1,0.245555,0.497638,0.000646,0.000646,0.254225,0.000644,0.000645
AGCATCATTTCGAAAG-1,0.000811,0.133335,0.308116,0.555312,0.000811,0.000807,0.000808
AGCCAAGCTTTGTGTC-1,0.000217,0.301214,0.000217,0.000217,0.697703,0.000216,0.000216
AGCCACAGGTTACCCG-1,0.112913,0.155424,0.065434,0.604198,0.060209,0.00091,0.000912
AGCCACTCCCGTGCTT-1,0.000996,0.000996,0.709268,0.285758,0.000997,0.000993,0.000993
AGCCCATACATGTAAG-1,0.011955,0.011984,0.012007,0.292879,0.647362,0.011905,0.011909
AGCCCTAAGCGAAGTT-1,0.275585,0.002814,0.002813,0.710368,0.002814,0.002801,0.002804
AGCCCTTCTAATCCGA-1,0.277427,0.000598,0.231537,0.364611,0.124635,0.000595,0.000596
AGCCGCAAATTCAAAT-1,0.135836,0.000311,0.000311,0.408741,0.454183,0.000309,0.00031
AGCCGCTTGATTAGCG-1,0.000117,0.000117,0.000117,0.720073,0.279343,0.000117,0.000117
AGCCGTGGCTAAATGT-1,0.334016,0.001105,0.001105,0.4167,0.244874,0.001099,0.001101
AGCCTAATACCCACGT-1,0.060967,0.114036,0.094304,0.485167,0.244853,0.000336,0.000337
AGCCTTAAAGCGGAAG-1,0.000358,0.000358,0.045276,0.047793,0.905502,0.000356,0.000357
AGCGACAGGAACGGTC-1,0.007185,0.007177,0.007166,0.638518,0.325658,0.007143,0.007152
AGCGCGGGTGCCAATG-1,0.328009,0.219578,0.005325,0.431172,0.005316,0.005292,0.005308
AGCGCTTATGGGCAAG-1,0.318568,0.137583,0.254837,0.262164,0.008974,0.008933,0.008941
AGCGGACACTTCGTAG-1,0.000441,0.159551,0.000441,0.000442,0.838245,0.00044,0.00044
AGCGGCGGTTAGCGGT-1,0.109643,0.051315,0.194409,0.608693,0.035602,0.000169,0.000169
AGCGGGAAGGGTCCAT-1,0.275238,0.144402,0.456431,0.122237,0.000565,0.000563,0.000563
AGCGGGTCTGACACTC-1,0.000209,0.733775,0.000209,0.000209,0.265181,0.000208,0.000209
AGCGTACGAGAGCTAG-1,0.000526,0.000526,0.000526,0.116869,0.880506,0.000523,0.000524
AGCGTAGCGCTAGACC-1,0.00898,0.243598,0.008967,0.711613,0.008973,0.008929,0.008942
AGCGTCTGAACCCGCA-1,0.224954,0.081484,0.313184,0.372246,0.00665,0.00074,0.000742
AGCGTGGTATTCTACT-1,0.386597,0.00208,0.104904,0.500192,0.00208,0.002073,0.002075
AGCTAAGTACGCAGGC-1,0.006733,0.145986,0.195783,0.617305,0.034014,0.000089,0.000089
AGCTAGAAGCAGAAGT-1,0.003773,0.003776,0.289419,0.003777,0.691728,0.003764,0.003763
AGCTATTTAATCCAAC-1,0.001941,0.001938,0.00194,0.480125,0.510192,0.001931,0.001935
AGCTCCTTCGCACATC-1,0.006237,0.006238,0.575231,0.393623,0.006238,0.006213,0.006221
AGCTCTAGACGTTCCA-1,0.114927,0.000358,0.000358,0.735315,0.14833,0.000356,0.000357
AGCTCTTCCCAGTGCA-1,0.015915,0.015939,0.01592,0.015951,0.904524,0.015873,0.015878
AGCTCTTCGTAACCTT-1,0.545976,0.13944,0.054217,0.230664,0.029373,0.000165,0.000166
AGCTCTTTACTCAGTT-1,0.431059,0.004785,0.418342,0.004779,0.131502,0.004763,0.00477
AGCTGAAGTAAACCAA-1,0.892541,0.017941,0.017908,0.017938,0.017946,0.017857,0.017868
AGCTGTAACCTCAATC-1,0.002518,0.144258,0.002518,0.214426,0.631263,0.00251,0.002507
AGCTTGATCTTAACTT-1,0.00684,0.00683,0.006823,0.006829,0.959028,0.00684,0.00681
AGGAAAGCCTCTGATG-1,0.138635,0.125774,0.001113,0.001112,0.731146,0.001109,0.00111
AGGAAGCTGTCCGCCG-1,0.290549,0.394766,0.000174,0.092199,0.221965,0.000173,0.000173
AGGACAGTCGAATCCC-1,0.00531,0.00531,0.722107,0.005316,0.251369,0.005297,0.005292
AGGACATCGCACGTCG-1,0.001631,0.339969,0.081633,0.571887,0.001631,0.001623,0.001627
AGGACGACCCATTAGA-1,0.343218,0.210998,0.00087,0.442311,0.00087,0.000867,0.000867
AGGACGCTCGATGTTG-1,0.011983,0.372024,0.011944,0.568248,0.011962,0.011905,0.011934
AGGACTTATAGGAGAA-1,0.000167,0.022513,0.000167,0.528584,0.448237,0.000166,0.000166
AGGAGGCCTTCGCGCG-1,0.000329,0.516758,0.000329,0.000329,0.481598,0.000328,0.000328
AGGATAAAGTCGGGAT-1,0.141603,0.063951,0.093537,0.601514,0.09856,0.000417,0.000417
AGGATATAGGGATTTA-1,0.184876,0.000606,0.169342,0.460461,0.183507,0.000603,0.000604
AGGATCACGCGATCTG-1,0.323514,0.003189,0.00319,0.660563,0.003187,0.003175,0.003182
AGGCAAAGAGGAATCA-1,0.000425,0.317415,0.000425,0.680464,0.000425,0.000423,0.000424
AGGCAATACGGAGGAC-1,0.021135,0.000292,0.10127,0.399307,0.477416,0.000291,0.000291
AGGCAGATGCGTAAAC-1,0.113286,0.000228,0.748075,0.137728,0.000228,0.000227,0.000227
AGGCATTGTCGTAGGG-1,0.127793,0.185083,0.398526,0.000802,0.286197,0.000799,0.0008
AGGCCACCCGTTATGA-1,0.281842,0.110554,0.191824,0.413879,0.000635,0.000633,0.000633
