Barcode,Topic 1,Topic 2to4,Topic 5,Topic 6,Topic 7,Topic 8
AAACAACGAATAGTTC-1,0.000078,0.277032,0.000078,0.006842,0.417208,0.298762
AAACAAGTATCTCCCA-1,0.228212,0.766972,0.001204,0.001204,0.001204,0.001204
AAACAATCTACTAGCA-1,0.258654,0.707838,0.015771,0.000076,0.000076,0.017585
AAACACCAATAACTGC-1,0.667975,0.001046,0.109762,0.000349,0.22052,0.000349
AAACAGCTTTCAGAAG-1,0.562415,0.187536,0.062507,0.06252,0.062513,0.062509
AAACAGGGTCTATATT-1,0.490596,0.037572,0.012532,0.012516,0.434256,0.012527
AAACATTTCCCGGATT-1,0.085941,0.380542,0.042233,0.374576,0.11655,0.000159
AAACCACTACACAGAT-1,0.721957,0.273448,0.001149,0.001149,0.001149,0.001149
AAACCCGAACGAAATC-1,0.001099,0.994508,0.001098,0.001098,0.001098,0.001099
AAACCGGAAATGTTAA-1,0.108733,0.633,0.000556,0.000557,0.256597,0.000557
AAACCGGGTAGGTACC-1,0.031298,0.010539,0.000394,0.000008,0.558942,0.398819
AAACCGTTCGTCCAGG-1,0.486008,0.285085,0.000478,0.062902,0.16505,0.000478
AAACCTAAGCAGCCGG-1,0.889089,0.110596,0.000079,0.000079,0.000079,0.000079
AAACCTCATGAAGTTG-1,0.401248,0.430166,0.00005,0.00005,0.163358,0.005128
AAACGAAGAACATACC-1,0.025305,0.940167,0.012661,0.000028,0.018233,0.003606
AAACGAAGATGGAGTA-1,0.012524,0.937392,0.012527,0.01252,0.012517,0.012521
AAACGACAGTCTTGCC-1,0.332366,0.428628,0.000515,0.000515,0.23746,0.000515
AAACGAGACGGTTGAT-1,0.000593,0.997033,0.000593,0.000593,0.000594,0.000594
AAACGCTGGGCACGAC-1,0.287527,0.712286,0.000047,0.000047,0.000047,0.000047
AAACGGGCGTACGGGT-1,0.35902,0.640443,0.000134,0.000134,0.000134,0.000134
AAACGGGTTGGTATCC-1,0.054863,0.702624,0.03649,0.000045,0.177258,0.02872
AAACGTGTTCGCCCTA-1,0.747051,0.247838,0.001278,0.001278,0.001278,0.001278
AAACTCGGTTCGCAAT-1,0.008109,0.703368,0.198659,0.00005,0.007067,0.082747
AAACTCGTGATATAAG-1,0.66429,0.147257,0.000914,0.000914,0.185711,0.000914
AAACTGCTGGCTCCAA-1,0.017015,0.546467,0.050157,0.000027,0.205438,0.180897
AAACTTGCAAACGTAT-1,0.265646,0.217249,0.001252,0.000027,0.356699,0.159128
AAAGAATGTGGACTAA-1,0.031289,0.486219,0.039547,0.000037,0.285997,0.15691
AAAGACCCAAGTCGCG-1,0.0002,0.281689,0.0002,0.0002,0.496581,0.22113
AAAGACTGGGCGCTTT-1,0.185867,0.518089,0.00003,0.00003,0.211305,0.08468
AAAGCTTGCCTACATA-1,0.642145,0.244796,0.000068,0.000068,0.092764,0.02016
AAAGGCTACGGACCAT-1,0.106859,0.503584,0.105973,0.000047,0.033408,0.250128
AAAGGCTCTCGCGCCG-1,0.028245,0.565459,0.052973,0.000026,0.188529,0.164767
AAAGGGATGTAGCAAG-1,0.022046,0.549675,0.004462,0.000109,0.202141,0.221567
AAAGGGCAGCTTGAAT-1,0.179801,0.719256,0.000104,0.000104,0.000104,0.100631
AAAGTAGCATTGCTCA-1,0.909149,0.000091,0.01125,0.00003,0.078077,0.001403
AAAGTCACTGATGTAA-1,0.286953,0.492473,0.077558,0.000059,0.118879,0.024078
AAAGTCGACCCTCAGT-1,0.364294,0.234035,0.000033,0.000033,0.331613,0.069992
AAAGTGCCATCAATTA-1,0.036115,0.102019,0.010448,0.000064,0.447693,0.40366
AAAGTGTGATTTATCT-1,0.120668,0.873439,0.001473,0.001473,0.001473,0.001473
AAAGTTGACTCCCGTA-1,0.001318,0.99341,0.001318,0.001318,0.001318,0.001318
AAATAAGGTAGTGCCC-1,0.446134,0.550987,0.00072,0.00072,0.00072,0.00072
AAATACCTATAAGCAT-1,0.019198,0.591206,0.043276,0.000055,0.077442,0.268822
AAATAGCTTAGACTTT-1,0.027926,0.970742,0.000333,0.000333,0.000333,0.000333
AAATAGGGTGCTATTG-1,0.672922,0.324791,0.000572,0.000572,0.000572,0.000572
AAATCCGATACACGCC-1,0.043181,0.056385,0.02147,0.000022,0.481287,0.397655
AAATCGCGGAAGGAGT-1,0.20517,0.000085,0.000028,0.000028,0.79466,0.000028
AAATCTAGCCCTGCTA-1,0.001265,0.993677,0.001265,0.001265,0.001264,0.001265
AAATGATTCGATCAGC-1,0.598013,0.395396,0.001647,0.001647,0.001648,0.001648
AAATGCTCGTTACGTT-1,0.000362,0.085444,0.000362,0.000362,0.165991,0.747479
AAATGGCATGTCTTGT-1,0.042215,0.882138,0.04183,0.000035,0.030709,0.003073
AAATGGCCCGTGCCCT-1,0.50022,0.498535,0.000311,0.000311,0.000311,0.000311
AAATGGTCAATGTGCC-1,0.014435,0.370336,0.032673,0.00003,0.36577,0.216756
AAATGTATCTTATCCC-1,0.073632,0.168829,0.017773,0.000038,0.732439,0.00729
AAATGTGGGTGCTCCT-1,0.607446,0.392075,0.00012,0.00012,0.00012,0.00012
AAATTAACGGGTAGCT-1,0.103497,0.650259,0.019274,0.000059,0.01286,0.214051
AAATTAATAAGCGCGA-1,0.165187,0.373099,0.000162,0.000162,0.378826,0.082564
AAATTACCTATCGATG-1,0.175882,0.67202,0.101262,0.000128,0.000128,0.05058
AAATTCCAGGTCCAAA-1,0.27522,0.722958,0.000455,0.000455,0.000455,0.000455
AAATTGATAGTCCTTT-1,0.663488,0.335574,0.000234,0.000234,0.000234,0.000234
AAATTGCGGCGGTTCT-1,0.104708,0.717754,0.000526,0.000526,0.17596,0.000526
AAATTGGTGAGAAGCA-1,0.860109,0.004319,0.131254,0.001439,0.001439,0.00144
AAATTTGCGGGTGTGG-1,0.713731,0.285953,0.000065,0.000065,0.000065,0.00012
AACAACTGGTAGTTGC-1,0.242536,0.471006,0.132349,0.000065,0.043756,0.110288
AACAATTACTCTACGC-1,0.499624,0.389295,0.030414,0.000044,0.02231,0.058313
AACACACGCTCGCCGC-1,0.113957,0.221983,0.00043,0.00043,0.140097,0.523103
AACACGACTGTACTGA-1,0.027137,0.905009,0.001305,0.000041,0.032774,0.033734
AACACGAGACGCGGCC-1,0.575136,0.230605,0.093272,0.000036,0.100914,0.000036
AACACGCGGCCGCGAA-1,0.022225,0.759709,0.000069,0.000069,0.210983,0.006944
AACAGCTGTGTGGCAA-1,0.73652,0.254991,0.002122,0.002122,0.002122,0.002123
AACAGGAAATCGAATA-1,0.036753,0.854725,0.024948,0.000037,0.059443,0.024094
AACAGGATGGGCCGCG-1,0.316297,0.683419,0.000071,0.000071,0.000071,0.000071
AACAGGTAGTATGGAT-1,0.00101,0.994951,0.00101,0.00101,0.00101,0.00101
AACATATCAACTGGTG-1,0.4317,0.562856,0.001361,0.001361,0.001361,0.001361
AACATCGATACGTCTA-1,0.473741,0.1411,0.000326,0.000326,0.291204,0.093302
AACATTGGTCAGCCGT-1,0.000818,0.852683,0.000818,0.000818,0.144043,0.000819
AACCAAGACTTCTCTG-1,0.373155,0.564291,0.000051,0.000051,0.054022,0.008431
AACCATGGGATCGCTA-1,0.000864,0.817827,0.000864,0.000864,0.178718,0.000864
AACCCAGAGACGGAGA-1,0.01578,0.255377,0.005891,0.000101,0.643285,0.079566
AACCCATCCCATGATC-1,0.912396,0.037539,0.012518,0.012508,0.012523,0.012516
AACCCGAGCAGAATCG-1,0.043642,0.883559,0.000803,0.070391,0.000803,0.000803
AACCCTACTGTCAATA-1,0.087413,0.29976,0.004013,0.000057,0.465744,0.143012
AACCCTGGTGGAACCA-1,0.000013,0.440622,0.021453,0.034782,0.415458,0.087672
AACCGAGCTTGGTCAT-1,0.00003,0.210756,0.020002,0.00003,0.239098,0.530085
AACCGCTAAGGGATGC-1,0.183376,0.81238,0.001061,0.001061,0.001061,0.001061
AACCGTTGTGTTTGCT-1,0.000066,0.968283,0.000066,0.000066,0.020865,0.010655
AACCTCGCTTTAGCCC-1,0.796799,0.015098,0.185426,0.000075,0.002528,0.000075
AACCTGTCACGGAATT-1,0.4475,0.000991,0.298447,0.00033,0.197914,0.054817
AACCTTTAAATACGGT-1,0.048411,0.605425,0.25589,0.000032,0.081295,0.008947
AACGAAAGTCGTCCCA-1,0.755922,0.000798,0.000266,0.000266,0.208145,0.034604
AACGACCTCCTAGCCG-1,0.17371,0.825805,0.000121,0.000121,0.000121,0.000121
AACGATAATGCCGTAG-1,0.128169,0.68537,0.000894,0.000894,0.000894,0.183778
AACGATAGAAGGGCCG-1,0.484012,0.513459,0.000632,0.000632,0.000632,0.000632
AACGCATGATCTGGGT-1,0.464771,0.527524,0.001926,0.001926,0.001926,0.001927
AACGCGAACGGCAACA-1,0.186283,0.758552,0.000623,0.000623,0.053296,0.000623
AACGCGGTCTCCAGCC-1,0.00002,0.043429,0.005055,0.00002,0.443445,0.508031
AACGCTGTTGCTGAAA-1,0.226129,0.285978,0.463814,0.000337,0.023404,0.000338
AACGGACGTACGTATA-1,0.202239,0.117752,0.000256,0.000256,0.234317,0.445181
AACGGCCATCTCCGGT-1,0.893457,0.098974,0.006152,0.000472,0.000473,0.000473
AACGTACTGTGGGTAC-1,0.701608,0.284854,0.003384,0.003384,0.003385,0.003385
AACGTAGTCTACCCAT-1,0.298194,0.382735,0.000131,0.000131,0.314934,0.003874
AACGTCAGACTAGTGG-1,0.284116,0.635546,0.000082,0.000082,0.000082,0.080091
AACGTCGCTGCACTTC-1,0.000092,0.917083,0.017757,0.000092,0.000092,0.064883
AACGTGCGAAAGTCTC-1,0.000053,0.692855,0.000053,0.000053,0.079403,0.227584
AACGTTATCAGCACCT-1,0.043988,0.178034,0.004878,0.000016,0.641831,0.131254
AACGTTCTACCATTGT-1,0.051718,0.621084,0.000293,0.000108,0.293102,0.033694
AACTACCCGTTTGTCA-1,0.000489,0.997554,0.000489,0.000489,0.000489,0.000489
AACTAGCGTATCGCAC-1,0.582109,0.384733,0.03296,0.000066,0.000066,0.000066
AACTAGGCTTGGGTGT-1,0.032839,0.603923,0.026039,0.000039,0.236432,0.10073
AACTCAAGTTAATTGC-1,0.115045,0.884545,0.000103,0.000103,0.000103,0.000103
AACTCCAGAGCGTGTT-1,0.000692,0.996541,0.000692,0.000692,0.000692,0.000692
AACTCGATAAACACGT-1,0.038231,0.916878,0.000035,0.000035,0.014308,0.030513
AACTCGATGGCGCAGT-1,0.090067,0.570482,0.000663,0.000663,0.337463,0.000663
AACTCTCAATAGAGCG-1,0.196294,0.803245,0.000115,0.000115,0.000115,0.000115
AACTCTCAGTGTGCTC-1,0.410704,0.300242,0.000611,0.000611,0.287221,0.000611
AACTGAGTTATACTGA-1,0.075686,0.519038,0.000079,0.000079,0.391971,0.013147
AACTGATATTAGGCCT-1,0.048703,0.842861,0.001577,0.000038,0.098138,0.008684
AACTGGGTCCCGACGT-1,0.018057,0.644482,0.006116,0.000028,0.193074,0.138242
AACTGGTGTGGGCCTT-1,0.963348,0.000183,0.000061,0.000061,0.036287,0.000061
AACTTCTGCGTCTATC-1,0.145792,0.825103,0.000052,0.000052,0.006938,0.022063
AACTTGCCCGTATGCA-1,0.408504,0.436997,0.099559,0.000061,0.05087,0.004009
AACTTGCGTTCTCGCG-1,0.498376,0.492516,0.002276,0.002276,0.002277,0.002277
AACTTTACGGGAGCTT-1,0.112389,0.790676,0.00032,0.00032,0.095974,0.00032
AACTTTAGCTGCTGAG-1,0.999191,0.000347,0.000116,0.000116,0.000116,0.000116
AACTTTCTCGATCATG-1,0.691926,0.208679,0.000113,0.000113,0.099056,0.000113
AAGAAGGATCAGTTAG-1,0.271509,0.498813,0.00576,0.09061,0.000315,0.132993
AAGACATACGTGGTTT-1,0.001009,0.540155,0.0002,0.144268,0.092219,0.222149
AAGACCCAACTGAACA-1,0.000501,0.809669,0.061611,0.000023,0.091993,0.036204
AAGACTAACCCGTTGT-1,0.031786,0.900376,0.000213,0.000213,0.067197,0.000213
AAGAGATGAATCGGTA-1,0.281894,0.717824,0.000071,0.000071,0.000071,0.000071
AAGAGCTCTTTATCGG-1,0.001109,0.994458,0.001108,0.001108,0.001108,0.001108
AAGAGGATGTACGCGA-1,0.525465,0.457707,0.000076,0.000076,0.000076,0.016599
AAGAGGCATGGATCGC-1,0.119999,0.697395,0.181091,0.000505,0.000505,0.000505
AAGAGGCCCTTTGGAA-1,0.050325,0.946524,0.000787,0.000788,0.000788,0.000788
AAGATTGGCGGAACGT-1,0.280458,0.628309,0.000074,0.000074,0.005219,0.085865
AAGCACCCTGCGTATC-1,0.000029,0.65322,0.000029,0.010635,0.299854,0.036233
AAGCATACTCTCCTGA-1,0.026181,0.915267,0.025556,0.000037,0.021052,0.011907
AAGCCGAAGCGGTTTA-1,0.001291,0.653573,0.107319,0.001291,0.001291,0.235235
AAGCCGCTTTACCTTG-1,0.722646,0.000609,0.00014,0.00014,0.276327,0.00014
AAGCCGGAGAGCAGGA-1,0.06084,0.579506,0.025318,0.000257,0.332204,0.001875
AAGCGTCCCTCATCGA-1,0.902304,0.001521,0.000507,0.000507,0.094654,0.000507
AAGCTAGATCGAGTAA-1,0.027362,0.368622,0.029509,0.000021,0.142405,0.432082
AAGCTCGTGCCAAGTC-1,0.001669,0.991652,0.00167,0.001669,0.00167,0.00167
AAGCTCTTTCATGGTG-1,0.2457,0.751518,0.000696,0.000696,0.000696,0.000696
AAGGAGAACTTATAAG-1,0.065014,0.845472,0.000054,0.000054,0.087902,0.001505
AAGGAGCGGTTGGTGC-1,0.09354,0.905603,0.000214,0.000214,0.000214,0.000214
AAGGATCGATCGCTTG-1,0.493605,0.499535,0.001716,0.001715,0.001714,0.001715
AAGGATGAGGGACCTC-1,0.495484,0.503933,0.000146,0.000146,0.000146,0.000146
AAGGCAGGCTGTCTCC-1,0.075438,0.42667,0.143599,0.000393,0.000393,0.353508
AAGGCGCGTAAAGCTT-1,0.137423,0.685391,0.000055,0.000055,0.041858,0.135219
AAGGCTGTGCTCATCG-1,0.000029,0.250041,0.000029,0.000029,0.464676,0.285195
AAGGGACAGATTCTGT-1,0.228667,0.769063,0.000088,0.000088,0.000088,0.002007
AAGGGACTATGCATTC-1,0.509824,0.041746,0.013916,0.01391,0.40669,0.013915
AAGGGTTAGCCATGCG-1,0.000084,0.250817,0.000084,0.000084,0.528773,0.220159
AAGGGTTTGATTTCAG-1,0.582259,0.037571,0.342605,0.012523,0.012522,0.01252
AAGGTGATAAACCAGC-1,0.000209,0.110345,0.000209,0.000209,0.252119,0.636909
AAGTAAGCTTCCAAAC-1,0.470036,0.358125,0.000183,0.000183,0.154679,0.016793
AAGTAGAAGACCGGGT-1,0.100807,0.591402,0.006039,0.000069,0.225187,0.076496
AAGTAGTGACGCGAGG-1,0.339855,0.659805,0.000085,0.000085,0.000085,0.000085
AAGTCAATTGTCGTCA-1,0.001585,0.992074,0.001585,0.001585,0.001585,0.001585
AAGTCTAGTAGCTGCC-1,0.857618,0.000338,0.000113,0.000113,0.141705,0.000113
AAGTCTTCTGTGGCCT-1,0.535076,0.000123,0.040644,0.000041,0.414482,0.009633
AAGTGACGACCGAATT-1,0.311453,0.470442,0.029051,0.000044,0.008157,0.180853
AAGTGCAAAGGTAGAC-1,0.14655,0.569421,0.00006,0.00006,0.28385,0.00006
AAGTGCCTTGACTGTA-1,0.187684,0.809579,0.000684,0.000684,0.000684,0.000684
AAGTGCGTTAGAATCT-1,0.755715,0.113171,0.009356,0.000036,0.107184,0.014539
AAGTGTTTGGAGACGG-1,0.065841,0.750935,0.000287,0.000287,0.10356,0.079091
AAGTTCACTCCAAGCT-1,0.089296,0.908716,0.000497,0.000497,0.000497,0.000497
AAGTTCAGTCTGCGTA-1,0.602462,0.177595,0.002019,0.00202,0.002019,0.213885
AAGTTCGGCCAACAGG-1,0.579263,0.308502,0.053802,0.000073,0.002937,0.055423
AAGTTGTGATGTTATA-1,0.013697,0.306576,0.00233,0.000143,0.559083,0.11817
AAGTTTACTAATGGCA-1,0.000048,0.999758,0.000048,0.000048,0.000048,0.000048
AAGTTTATGGGCCCAA-1,0.004029,0.692454,0.243977,0.000073,0.01045,0.049016
AATAACAACGCTCGGC-1,0.428478,0.332521,0.00004,0.00004,0.011266,0.227655
AATAACACTAGAACAA-1,0.357893,0.629268,0.00321,0.003209,0.00321,0.00321
AATAACGTCGCGCCCA-1,0.030856,0.806105,0.041512,0.000059,0.05318,0.068288
AATAAGTCCTCGAGAC-1,0.000068,0.608727,0.130479,0.02281,0.195589,0.042329
AATAATCTTCGTATCG-1,0.100712,0.891547,0.00108,0.001079,0.00108,0.004503
AATACAATGTTTCAGG-1,0.087755,0.506115,0.000572,0.000029,0.210546,0.194983
AATACCTGATGTGAAC-1,0.01347,0.714254,0.178968,0.00006,0.028619,0.064628
AATAGAATCTGTTTCA-1,0.000189,0.359012,0.107513,0.000189,0.098674,0.434422
AATAGCTACCGCGTGC-1,0.530187,0.463704,0.001527,0.001527,0.001527,0.001527
AATAGTCCGTCCCGAC-1,0.006975,0.901679,0.000041,0.000041,0.024589,0.066676
AATAGTCGCGAGTCGG-1,0.062926,0.639688,0.008232,0.000047,0.28906,0.000047
AATATCAAGGTCGGAT-1,0.107335,0.888928,0.000935,0.000934,0.000934,0.000934
AATATCCTAGCAAACT-1,0.494474,0.000129,0.061943,0.000043,0.443368,0.000043
AATATCGAATCAATGC-1,0.246431,0.578884,0.001052,0.001052,0.001052,0.171528
AATATCGAGGGTTCTC-1,0.317442,0.675789,0.001692,0.001692,0.001692,0.001692
AATATTGGAGTATTGA-1,0.126518,0.423143,0.080871,0.00004,0.180922,0.188506
AATCAGACTGCAGGAC-1,0.000677,0.631869,0.000677,0.000677,0.215554,0.150546
AATCATGTAAAGACTC-1,0.00062,0.670371,0.00062,0.00062,0.00062,0.327149
AATCCAAGGGCCTGAG-1,0.212905,0.786304,0.000198,0.000198,0.000198,0.000198
AATCCATGCAAGGGTG-1,0.00045,0.72943,0.00045,0.00045,0.169726,0.099493
AATCGCCTCAGCGCCA-1,0.000121,0.000363,0.000121,0.000121,0.35855,0.640724
AATCGCGCAGAGGACT-1,0.301187,0.69395,0.001216,0.001216,0.001216,0.001216
AATCGGGACACTACGA-1,0.130589,0.626812,0.004477,0.000029,0.211123,0.026969
AATCGGTATAGCCCTC-1,0.000173,0.999135,0.000173,0.000173,0.000173,0.000173
AATCGTGAGCCGAGCA-1,0.392297,0.169814,0.0042,0.000061,0.305634,0.127994
AATCTAGGTTTACTTG-1,0.179397,0.818435,0.000542,0.000542,0.000542,0.000542
AATCTATGCCGGAGCC-1,0.460234,0.411275,0.002455,0.121124,0.002455,0.002456
AATCTCTACTGTGGTT-1,0.062536,0.187709,0.062617,0.062551,0.561958,0.062628
AATCTGCGTTGGGACG-1,0.222749,0.776939,0.000078,0.000078,0.000078,0.000078
AATCTGGCTTTCTAGT-1,0.071725,0.924065,0.001052,0.001052,0.001053,0.001052
AATGACAGCAATGTCT-1,0.623616,0.31897,0.057195,0.000073,0.000073,0.000073
AATGACGTAGGATGTC-1,0.000602,0.99699,0.000602,0.000602,0.000602,0.000602
AATGACTGTCAGCCGG-1,0.000082,0.242021,0.000082,0.000082,0.484784,0.27295
AATGAGTTCGCATATG-1,0.268755,0.597689,0.002609,0.002609,0.125729,0.002609
AATGATGATACGCTAT-1,0.481134,0.499402,0.016365,0.000099,0.000099,0.002901
AATGATGCGACTCCTG-1,0.069807,0.111465,0.001534,0.00043,0.32952,0.487244
AATGCAACCGGGTACC-1,0.201302,0.798009,0.000172,0.000172,0.000172,0.000172
AATGCACCAAGCAATG-1,0.573537,0.416643,0.002455,0.002455,0.002455,0.002455
AATGGCCGCCAATGCG-1,0.374533,0.476721,0.001626,0.001626,0.143868,0.001626
AATGGTCCACCGTTCA-1,0.041026,0.161466,0.010876,0.000044,0.687367,0.099221
AATGGTTCTCACAAGC-1,0.000032,0.000096,0.000032,0.000032,0.392136,0.607672
AATGTGCCCGAGGTGT-1,0.433671,0.081154,0.484642,0.000178,0.000178,0.000178
AATGTTGTCGTGAGAC-1,0.000107,0.668362,0.001701,0.000083,0.173741,0.156007
AATTAAAGGTCGGCGT-1,0.431734,0.567633,0.000158,0.000158,0.000158,0.000158
AATTAACGGATTTCCA-1,0.038188,0.867281,0.004302,0.00006,0.077286,0.012883
AATTACGAGACCCATC-1,0.753324,0.005606,0.001869,0.00187,0.235462,0.001869
AATTACTCGTACGCTC-1,0.017158,0.170863,0.000014,0.000014,0.78208,0.02987
AATTAGCGCTGCAGCG-1,0.016141,0.837505,0.000037,0.000037,0.056509,0.089772
AATTCATAAGGGATCT-1,0.578814,0.420614,0.000143,0.000143,0.000143,0.000143
AATTCCAACTTGGTGA-1,0.02976,0.934165,0.000259,0.000259,0.000259,0.035297
AATTCCAAGCATGTAC-1,0.074368,0.511803,0.151369,0.000161,0.191242,0.071058
AATTCGATTCGAGGAT-1,0.463621,0.535133,0.000311,0.000311,0.000311,0.000312
AATTCTAGAGTTAGGC-1,0.011073,0.95215,0.000052,0.000052,0.000052,0.036622
AATTGAACGCTCTGGT-1,0.022296,0.22374,0.000178,0.000178,0.18066,0.572947
AATTGCAGCAATCGAC-1,0.000181,0.833933,0.01565,0.007518,0.142538,0.000181
AATTGTGGTTGCCAAA-1,0.312617,0.595905,0.000361,0.000361,0.000361,0.090395
AATTTGGTTCCAAAGA-1,0.002833,0.971666,0.000046,0.000046,0.000323,0.025087
ACAAAGAAGGTAGGCC-1,0.344608,0.419375,0.233625,0.000797,0.000797,0.000797
ACAAAGCATGACCTAG-1,0.06075,0.936746,0.000626,0.000626,0.000626,0.000626
ACAAATCGCACCGAAT-1,0.133258,0.7169,0.000199,0.000199,0.000199,0.149244
ACAAATGGTAGTGTTT-1,0.001739,0.991304,0.001739,0.001739,0.001739,0.001739
ACAACAGCATGAGCTA-1,0.023453,0.212819,0.000535,0.000535,0.387127,0.37553
ACAACGGTCCCTGCGA-1,0.05758,0.606166,0.000043,0.003524,0.166479,0.166207
ACAAGCAGTGCCTAGC-1,0.661049,0.167358,0.000981,0.000029,0.139046,0.031537
ACAAGGAAATCCGCCC-1,0.189101,0.808206,0.000673,0.000673,0.000673,0.000673
ACAAGGACAAGAGGTT-1,0.235471,0.757167,0.000043,0.000043,0.000043,0.007234
ACAAGGATGCTTTAGG-1,0.885309,0.000175,0.000058,0.000058,0.114217,0.000182
ACAAGGGCAGGCTCTG-1,0.133128,0.859506,0.001842,0.001841,0.001842,0.001842
ACAATAGTCGTACGTT-1,0.867497,0.000106,0.000035,0.000035,0.132291,0.000035
ACAATCCATTTAAACC-1,0.150925,0.609655,0.000109,0.000109,0.106579,0.132622
ACAATCGATCTTTATA-1,0.071224,0.529233,0.060391,0.000104,0.303622,0.035426
ACAATGAATACGGAGA-1,0.617696,0.30759,0.000236,0.000236,0.074007,0.000236
ACAATTGTGTCTCTTT-1,0.110053,0.883913,0.001508,0.001509,0.001508,0.00151
ACAATTTAGGAGGCTC-1,0.079607,0.000071,0.000024,0.000024,0.920251,0.000024
ACAATTTGAGCAGTGG-1,0.093419,0.380138,0.000058,0.000058,0.276328,0.249999
ACAATTTGGCCATATT-1,0.061403,0.001047,0.000349,0.000349,0.377864,0.558989
ACACAAAGACGGGTGG-1,0.000266,0.998671,0.000266,0.000266,0.000266,0.000266
ACACAAATATTCCTAG-1,0.556401,0.241938,0.000229,0.032029,0.169174,0.000229
ACACACCAGGACCAGT-1,0.001927,0.990366,0.001927,0.001927,0.001927,0.001927
ACACACTTTCTACACG-1,0.035463,0.835759,0.000043,0.000043,0.08169,0.047003
ACACATTGACGCAACA-1,0.051797,0.563291,0.000024,0.000024,0.364701,0.020164
ACACCACATAATTAGC-1,0.684979,0.104828,0.000835,0.000835,0.000835,0.207688
ACACCCAGCATGCAGC-1,0.191787,0.807636,0.000144,0.000144,0.000144,0.000144
ACACCCGAGAAATCCG-1,0.060872,0.275963,0.010549,0.000063,0.311657,0.340895
ACACCGAGCGCTCTTT-1,0.076703,0.641443,0.000148,0.000148,0.281409,0.000148
ACACCTTAAGTAGGGC-1,0.162835,0.439766,0.077981,0.000065,0.175296,0.144057
ACACCTTACTACTTGC-1,0.157239,0.83707,0.001423,0.001422,0.001422,0.001423
ACACGAGACTCCTTCT-1,0.151753,0.52662,0.000119,0.000119,0.136424,0.184966
ACACGGCACTATGCAT-1,0.000021,0.703861,0.007272,0.002681,0.162021,0.124144
ACACGTAGGCCACAAG-1,0.001002,0.864074,0.131918,0.001002,0.001002,0.001002
ACACTCCAATGTCACT-1,0.104175,0.684123,0.000047,0.000047,0.128773,0.082835
ACACTGGGACAGTCGT-1,0.078404,0.204355,0.000549,0.000549,0.178018,0.538124
ACAGAACTGAGAACAA-1,0.766007,0.15119,0.000023,0.000023,0.067377,0.015379
ACAGATTAGGTTAGTG-1,0.102492,0.296852,0.005192,0.000058,0.281259,0.314147
ACAGCATAGAGCCAGT-1,0.00144,0.992803,0.00144,0.001439,0.001439,0.00144
ACAGCGACATTCTCAT-1,0.220028,0.194018,0.000745,0.000745,0.297413,0.28705
ACAGGAGGCGCAGCCG-1,0.020264,0.300922,0.000034,0.000034,0.671987,0.006759
ACAGGCACGGATCCTT-1,0.37761,0.618538,0.000963,0.000963,0.000963,0.000963
ACAGGCTTGCCCGACT-1,0.000582,0.997088,0.000582,0.000582,0.000582,0.000582
ACAGGTGGAGGTGAGG-1,0.867976,0.001977,0.000659,0.000659,0.12807,0.000659
ACAGTAATACAACTTG-1,0.00202,0.657425,0.00202,0.002019,0.05009,0.286426
ACAGTATACCGTGGGA-1,0.346425,0.00202,0.000673,0.649535,0.000673,0.000673
ACAGTGCAGCGCATTT-1,0.425717,0.235551,0.001669,0.00167,0.00167,0.333723
ACATAAGTCGTGGTGA-1,0.647479,0.000552,0.000184,0.000184,0.351418,0.000184
ACATAATAAGGCGGTG-1,0.391959,0.534109,0.000133,0.000133,0.000133,0.073532
ACATACAATCAAGCGG-1,0.067653,0.456732,0.132098,0.000166,0.177702,0.165649
ACATCAGCTGGGACGC-1,0.000011,0.000032,0.000011,0.000011,0.974578,0.025358
ACATCCCGGCCATACG-1,0.025784,0.882292,0.012973,0.000038,0.064967,0.013946
ACATCCTGGTAACTGT-1,0.504527,0.33687,0.062617,0.000401,0.000401,0.095183
ACATCGATCGTTTACC-1,0.036844,0.863772,0.000063,0.000063,0.048147,0.051112
ACATCGGTCAGCCGCG-1,0.546813,0.284488,0.088159,0.000056,0.026596,0.053889
ACATCGTATGCAATGG-1,0.000312,0.105821,0.000312,0.000312,0.302482,0.59076
ACATCGTTAACCTAGT-1,0.004276,0.340225,0.004789,0.000019,0.190563,0.460127
ACATCTCAACGCGTAA-1,0.019864,0.548502,0.094688,0.000078,0.154821,0.182047
ACATGGCGCCAAAGTA-1,0.041389,0.001135,0.000378,0.000378,0.030164,0.926555
ACATGGCTCAATTTAG-1,0.039314,0.446692,0.033112,0.000049,0.409994,0.070838
ACATTAGTTTATATCC-1,0.010446,0.705527,0.095488,0.000028,0.151892,0.036619
ACATTTGAAACCTAAC-1,0.005952,0.683374,0.128618,0.000069,0.022383,0.159603
ACCAAACTAGAAATCC-1,0.041693,0.500494,0.154284,0.000106,0.053038,0.250383
ACCAACACCACACACT-1,0.179055,0.816627,0.001079,0.00108,0.00108,0.001079
ACCAACCGCACTCCAC-1,0.143427,0.739566,0.000354,0.000354,0.000354,0.115945
ACCAAGAACGCGTGTC-1,0.000159,0.938726,0.000159,0.000159,0.020813,0.039985
ACCAAGTCATCGGCAG-1,0.287715,0.709177,0.002746,0.000121,0.000121,0.000121
ACCAATATGCAAGTTA-1,0.627785,0.37105,0.000291,0.000291,0.000291,0.000291
ACCACAAGTTTCTATC-1,0.031868,0.100719,0.007794,0.00002,0.40426,0.45534
ACCACCAATGTAACAA-1,0.255671,0.661544,0.078205,0.001527,0.001527,0.001527
ACCACCCTCTCTTCTA-1,0.348686,0.359948,0.092969,0.00018,0.148451,0.049766
ACCACGTGCAGCTATA-1,0.001228,0.993862,0.001228,0.001227,0.001228,0.001228
ACCACTGTTCAAGAAG-1,0.155315,0.315072,0.000707,0.000015,0.505363,0.023528
ACCAGACCATAACAAC-1,0.558952,0.123855,0.012755,0.000045,0.211918,0.092476
ACCAGCCCGGTCTTTG-1,0.000246,0.758734,0.03633,0.000246,0.000247,0.204196
ACCAGGAGTGTGATCT-1,0.119678,0.211823,0.068952,0.027454,0.54621,0.025882
ACCAGTGCCCGGTCAA-1,0.561771,0.258398,0.000528,0.000528,0.178246,0.000528
ACCAGTGCGGGAGACG-1,0.000626,0.535085,0.000626,0.000626,0.000626,0.462411
ACCATATCCGCAATAA-1,0.198431,0.618051,0.000075,0.000075,0.02591,0.157457
ACCATCCGCCAACTAG-1,0.009633,0.616871,0.009633,0.00963,0.344598,0.009634
ACCATCGTATATGGTA-1,0.237961,0.404672,0.024699,0.000059,0.143837,0.188772
ACCATTAAGGGTGTCA-1,0.179132,0.58026,0.00009,0.00009,0.240339,0.00009
ACCCAACGCCCGTGGC-1,0.655258,0.277942,0.000059,0.000059,0.001599,0.065083
ACCCACCTACATGCTC-1,0.289224,0.521178,0.000043,0.000043,0.014465,0.175047
ACCCATCTTGAGGGTA-1,0.233136,0.242038,0.000145,0.000145,0.442488,0.082049
ACCCATTTGTCCCTCT-1,0.058786,0.295488,0.000348,0.000348,0.149296,0.495735
ACCCGAGCGAAATTAC-1,0.830544,0.167747,0.000427,0.000427,0.000427,0.000427
ACCCGGAAACTCCCAG-1,0.025371,0.630309,0.288784,0.00005,0.004783,0.050702
ACCCGGAGCACCACAA-1,0.227304,0.674345,0.000623,0.000623,0.000623,0.096482
ACCCGGATGACGCATC-1,0.212357,0.470227,0.0001,0.0001,0.0001,0.317115
ACCCGGTTACACTTCC-1,0.234367,0.384024,0.000071,0.120811,0.091574,0.169152
ACCCGTAGTCTAGTTG-1,0.032235,0.966764,0.00025,0.00025,0.00025,0.00025
ACCCGTGTCATCAGTA-1,0.000116,0.944001,0.002391,0.000064,0.033701,0.019727
ACCCTATAGGACTGAG-1,0.029171,0.2786,0.103678,0.00046,0.345562,0.242529
ACCCTCCCGTCAGGGC-1,0.136982,0.861365,0.000413,0.000413,0.000413,0.000413
ACCCTCCCTTGCTATT-1,0.000567,0.633473,0.000567,0.000566,0.252231,0.112597
ACCCTGGTAACGCCCT-1,0.389804,0.603934,0.001566,0.001565,0.001565,0.001565
ACCCTTCATCTGCGAA-1,0.023495,0.97633,0.000044,0.000044,0.000044,0.000044
ACCGAAAGGGCCCTGC-1,0.89033,0.000264,0.000088,0.000088,0.109143,0.000088
ACCGAAGAGTCTGGTT-1,0.512189,0.288577,0.000582,0.000582,0.197487,0.000582
ACCGACACATCTCCCA-1,0.020578,0.7756,0.037582,0.000026,0.084072,0.082143
ACCGACTGAGTCCCAC-1,0.185338,0.689665,0.000123,0.000123,0.000123,0.124629
ACCGATAGGCATAACC-1,0.563785,0.372791,0.000596,0.000596,0.048306,0.013925
ACCGATATTTAATCAT-1,0.087182,0.078504,0.455295,0.222301,0.156496,0.000222
ACCGATGGTAGCATCG-1,0.144122,0.787181,0.000113,0.000113,0.000113,0.068358
ACCGCAATAACTGCCT-1,0.400554,0.596107,0.000835,0.000835,0.000835,0.000835
ACCGCGGTGGAAGTCG-1,0.199825,0.589471,0.071225,0.000692,0.138095,0.000692
ACCGGGCCTTTGTTGA-1,0.078029,0.695576,0.224526,0.000623,0.000623,0.000623
ACCGTTCCCGCTCTGA-1,0.003517,0.858691,0.000028,0.000028,0.100394,0.037342
ACCTAAGTACCTTTCA-1,0.761934,0.23767,0.000099,0.000099,0.000099,0.000099
ACCTAATCGACTTCCT-1,0.344505,0.636519,0.000055,0.000055,0.000055,0.018811
ACCTACAGTATGTGGT-1,0.191691,0.508463,0.001044,0.001043,0.001044,0.296716
ACCTCCGCCCTCGCTG-1,0.17977,0.52882,0.157365,0.000165,0.133714,0.000165
ACCTCCGTTATTCACC-1,0.054411,0.939481,0.001527,0.001527,0.001527,0.001527
ACCTGCGTGTCATGTT-1,0.251109,0.000155,0.054155,0.000052,0.694478,0.000052
ACGAAATGGGCGGCAC-1,0.393532,0.60622,0.000062,0.000062,0.000062,0.000062
ACGACCCATGAGTTGC-1,0.281435,0.570174,0.000408,0.000408,0.147168,0.000408
ACGACTCTAGGGCCGA-1,0.03881,0.773792,0.186804,0.000198,0.000198,0.000198
ACGAGAACCCATCACG-1,0.235211,0.611164,0.000357,0.082298,0.070614,0.000357
ACGAGGATACCACTCT-1,0.856721,0.042424,0.022669,0.000157,0.077872,0.000158
ACGAGGTTTACAACGT-1,0.780963,0.093854,0.031283,0.031278,0.031303,0.03132
ACGAGTACGGATGCCC-1,0.458608,0.530504,0.002722,0.002722,0.002722,0.002722
ACGAGTCGCCGGCGTT-1,0.013747,0.608763,0.000014,0.000014,0.365621,0.011841
ACGATACCTATCCTGA-1,0.181428,0.226431,0.023712,0.000018,0.53343,0.034981
ACGATCATACATAGAG-1,0.366528,0.484183,0.000183,0.000183,0.000183,0.14874
ACGATCATCTTGTAAA-1,0.291485,0.127283,0.001535,0.000062,0.411134,0.1685
ACGATGCATATGTTAT-1,0.732575,0.170912,0.000086,0.000086,0.055261,0.041079
ACGATGGATCCGATGC-1,0.007408,0.916268,0.021306,0.000033,0.043047,0.011937
ACGCAATCACTACAGC-1,0.15783,0.832721,0.002363,0.002362,0.002361,0.002362
ACGCATACGTTTACTA-1,0.232352,0.762784,0.001216,0.001216,0.001216,0.001216
ACGCATTCGTGAGTAC-1,0.053336,0.588891,0.000614,0.000614,0.000614,0.355932
ACGCCAGATGATTTCT-1,0.005019,0.678918,0.010065,0.000028,0.213099,0.09287
ACGCCAGTGCGTTTGC-1,0.050752,0.883219,0.052982,0.000095,0.012857,0.000095
ACGCCCAGCTGTCGAT-1,0.000716,0.314179,0.270571,0.348688,0.000716,0.065131
ACGCCGCTAGACGACC-1,0.000256,0.622606,0.000256,0.000256,0.020014,0.356613
ACGCCTGACACGCGCT-1,0.008374,0.438292,0.000035,0.000035,0.533182,0.020081
ACGCGAAGTCAGACGA-1,0.000012,0.174093,0.0375,0.000012,0.42862,0.359763
ACGCGCTACACAGGGT-1,0.848785,0.094858,0.000054,0.000054,0.000056,0.056192
ACGCGGGCCAAGGACA-1,0.043025,0.956578,0.000099,0.000099,0.000099,0.000099
ACGCGTTTCTTAAGAG-1,0.135726,0.00088,0.000293,0.000293,0.862514,0.000293
ACGCTACTGAATGGGC-1,0.014975,0.841318,0.01297,0.012086,0.033482,0.08517
ACGCTAGTGATACACT-1,0.126892,0.740599,0.001052,0.001052,0.129352,0.001052
ACGCTGTGAGGCGTAG-1,0.272063,0.709385,0.004636,0.004638,0.004638,0.004639
ACGGAACACGAGTGCC-1,0.033921,0.565066,0.166841,0.000063,0.011735,0.222373
ACGGAATTTAGCAAAT-1,0.003132,0.984346,0.00313,0.00313,0.003131,0.003131
ACGGACTCTCAAAGCG-1,0.187526,0.494679,0.023134,0.000058,0.195925,0.098679
ACGGAGCGCAAATTAC-1,0.540744,0.455217,0.00101,0.00101,0.00101,0.00101
ACGGATGGTGCGGATA-1,0.234065,0.763271,0.000666,0.000666,0.000666,0.000666
ACGGCACTTGCTTGGG-1,0.012277,0.781719,0.000029,0.000029,0.138376,0.06757
ACGGCCAACATGGACT-1,0.000104,0.621231,0.0004,0.00002,0.306733,0.071512
ACGGCGACGATGGGAA-1,0.101152,0.000423,0.000141,0.000141,0.090538,0.807605
ACGGCGGGTTGCCCTG-1,0.272257,0.72601,0.000433,0.000433,0.000433,0.000433
ACGGGAGTGTCGGCCC-1,0.797035,0.20274,0.000056,0.000056,0.000056,0.000056
ACGGGCGTATGCGACA-1,0.448554,0.286599,0.263742,0.000368,0.000368,0.000368
ACGGGTCATGTGACTT-1,0.046918,0.315076,0.000567,0.000015,0.614488,0.022936
ACGGTACAGTTCAATG-1,0.630972,0.261236,0.000547,0.000547,0.000547,0.106151
ACGTACAGATTTCTCT-1,0.023794,0.755546,0.048744,0.000038,0.147573,0.024305
ACGTATTACTCCGATC-1,0.330356,0.658989,0.002664,0.002664,0.002663,0.002664
ACGTCTCGTTCCGGGA-1,0.062519,0.18762,0.062601,0.0625,0.062617,0.562143
ACGTGACAAAGTAAGT-1,0.562646,0.010061,0.189056,0.000084,0.235401,0.002751
ACGTGCGCCTCGTGCA-1,0.022629,0.78132,0.000077,0.000077,0.011758,0.184139
ACGTTAATGTCGAAGA-1,0.000368,0.958889,0.000368,0.000368,0.000368,0.039638
ACGTTAGATTTGCCCG-1,0.00389,0.141329,0.000042,0.000042,0.452414,0.402283
ACGTTATTGGTCACTC-1,0.038677,0.120582,0.000017,0.000017,0.440951,0.399756
ACGTTCCGCGCTCCGT-1,0.316598,0.320112,0.000103,0.000103,0.294416,0.068667
ACGTTCGCAATCAATT-1,0.000636,0.996822,0.000636,0.000635,0.000636,0.000636
ACGTTCTGTACAAGTC-1,0.250796,0.746582,0.000656,0.000655,0.000655,0.000655
ACGTTTAGTTGTGATC-1,0.009604,0.449959,0.01187,0.000029,0.25296,0.275577
ACGTTTCGGTGCACTT-1,0.000593,0.842472,0.000594,0.000593,0.155155,0.000594
ACTACCAGCTCTCTGG-1,0.009525,0.030154,0.000027,0.000027,0.20113,0.759138
ACTACGCGTTAGAATT-1,0.036686,0.720295,0.077043,0.000027,0.101331,0.064619
ACTAGTTGCGATCGTC-1,0.283615,0.711275,0.001278,0.001278,0.001277,0.001278
ACTATATGCTGTGTTC-1,0.627309,0.370504,0.000547,0.000547,0.000547,0.000547
ACTATCCAGGGCATGG-1,0.455352,0.539785,0.001216,0.001216,0.001216,0.001216
ACTATCGCCGGCTAAA-1,0.111086,0.234316,0.000116,0.000116,0.65425,0.000116
ACTATCTGCCCGCGTA-1,0.104576,0.890699,0.001181,0.001181,0.001181,0.001181
ACTATTCGTCCGTGGT-1,0.008934,0.915555,0.011236,0.000043,0.053967,0.010265
ACTCAACGAATGTATT-1,0.266082,0.624062,0.107769,0.000696,0.000696,0.000696
ACTCAAGTGCAAGGCT-1,0.359706,0.64001,0.000071,0.000071,0.000071,0.000071
ACTCAATAAAGGCACG-1,0.000074,0.562271,0.000074,0.000074,0.032696,0.404811
ACTCAGACCTGCTTCT-1,0.131539,0.866966,0.000374,0.000374,0.000374,0.000374
ACTCCAATATCATCAT-1,0.322458,0.445226,0.001153,0.00012,0.230922,0.00012
ACTCCCATTCCTAAAG-1,0.542359,0.068785,0.007011,0.00003,0.380185,0.00163
ACTCCCGAATTCGTTT-1,0.028947,0.967883,0.000793,0.000792,0.000793,0.000793
ACTCCCGTAGACTAGG-1,0.882493,0.000422,0.000141,0.000141,0.116664,0.000141
ACTCCCTAATGCTAAA-1,0.015978,0.941604,0.037885,0.000037,0.000037,0.004458
ACTCCCTAGAATAGTA-1,0.007424,0.183202,0.032984,0.000037,0.346593,0.429759
ACTCCGGCCGACCACT-1,0.794359,0.000215,0.000072,0.000072,0.141716,0.063567
ACTCGATGTATTTCAT-1,0.094752,0.159515,0.005936,0.000014,0.706474,0.033309
ACTCGCCGTTCGATAA-1,0.042133,0.529763,0.000132,0.000132,0.277293,0.150547
ACTCGCGATCTGACGC-1,0.116868,0.2553,0.041756,0.000194,0.40776,0.178122
ACTCGTAACCCGTCCT-1,0.79439,0.170415,0.000074,0.000074,0.034974,0.000074
ACTCGTCAGTAATCCC-1,0.000427,0.872696,0.000389,0.000389,0.000389,0.125711
ACTCTAAACCTGGGAT-1,0.043518,0.000205,0.026238,0.000068,0.917484,0.012486
ACTCTCTGACTTAGGT-1,0.000963,0.995183,0.000963,0.000963,0.000963,0.000963
ACTCTGACCTAATAGA-1,0.489425,0.422359,0.08641,0.000602,0.000602,0.000602
ACTCTTCAGCTCCCGC-1,0.000515,0.001546,0.000515,0.996393,0.000515,0.000515
ACTCTTGTATAGTAAC-1,0.000241,0.611406,0.000241,0.000241,0.003149,0.384722
ACTGAAACGCCGTTAG-1,0.000273,0.998636,0.000273,0.000273,0.000273,0.000273
ACTGAATGGCGAAAGT-1,0.182429,0.656123,0.00062,0.00062,0.00062,0.159588
ACTGCCGTCGTAACTC-1,0.009389,0.698336,0.020754,0.000027,0.167839,0.103655
ACTGCGGACACACCGT-1,0.223739,0.359339,0.000427,0.146936,0.000427,0.269131
ACTGTACGATACACAT-1,0.203995,0.302781,0.035737,0.000044,0.173998,0.283445
ACTGTAGCACTTTGGA-1,0.235486,0.692268,0.033241,0.000107,0.038243,0.000654
ACTGTATACGCGAGCA-1,0.142952,0.348778,0.000454,0.000454,0.223459,0.283903
ACTGTCCAGGATTATA-1,0.034921,0.033919,0.000371,0.00003,0.363188,0.567571
ACTGTCTTCTTTAGAA-1,0.083138,0.916278,0.000146,0.000146,0.000146,0.000146
ACTGTGCTAGTAGATC-1,0.114267,0.849912,0.000189,0.000189,0.035254,0.000189
ACTGTTTAGTGTAGGC-1,0.060135,0.662611,0.03981,0.000039,0.216559,0.020846
ACTTACGCATCCACGC-1,0.348087,0.648763,0.000788,0.000788,0.000787,0.000787
ACTTAGTACGACAAGA-1,0.073206,0.494138,0.000082,0.000082,0.288494,0.143997
ACTTATACTTACCCGG-1,0.132073,0.191054,0.000052,0.000052,0.078617,0.598151
ACTTATCTGATCTATA-1,0.032875,0.650846,0.043965,0.000051,0.264868,0.007395
ACTTATTAGGATCGGT-1,0.23036,0.768918,0.000181,0.000181,0.000181,0.000181
ACTTATTTATGTGCCA-1,0.055587,0.001098,0.018139,0.000366,0.525117,0.399693
ACTTCAGGCTGATCCC-1,0.349549,0.645726,0.001181,0.001181,0.001181,0.001181
ACTTCCAGTGGAAGCT-1,0.427907,0.548243,0.005961,0.005963,0.005963,0.005963
ACTTCCATGCGGGACA-1,0.551155,0.0001,0.002541,0.000033,0.415317,0.030854
ACTTCCTGTCGTGCGA-1,0.345365,0.463712,0.039898,0.000404,0.050198,0.100423
ACTTGACTCCCTCTTT-1,0.170609,0.493291,0.000986,0.000986,0.000986,0.333143
ACTTGCCATATTGTAC-1,0.234983,0.630493,0.003576,0.000086,0.095471,0.03539
ACTTGGGACCCGGTGG-1,0.000025,0.001552,0.000025,0.000025,0.291981,0.706392
ACTTGTAGTCCCTTCA-1,0.009628,0.951832,0.009632,0.009634,0.009638,0.009635
ACTTGTGGATGGAACG-1,0.00072,0.731746,0.00072,0.00072,0.265375,0.00072
ACTTTACCCTCATGAA-1,0.055822,0.000866,0.000289,0.000289,0.073668,0.869067
ACTTTCCTATAGCTTC-1,0.000037,0.102922,0.010185,0.000037,0.590136,0.296683
ACTTTGACTGCATCCT-1,0.890429,0.046961,0.015647,0.015653,0.015662,0.015649
ACTTTGTCGACGCACT-1,0.129219,0.594724,0.000456,0.000377,0.154075,0.121148
AGAAATTATGACTCGC-1,0.000042,0.000126,0.000042,0.000042,0.547641,0.452108
AGAACCCAGCGTGACA-1,0.150081,0.543368,0.000269,0.000269,0.305745,0.000269
AGAACTGTACTTTGTA-1,0.048433,0.511161,0.240037,0.000057,0.107193,0.093119
AGAAGAGCGCCGTTCC-1,0.113069,0.88444,0.000623,0.000623,0.000623,0.000623
AGAAGGTACACTTCAC-1,0.631113,0.125539,0.017066,0.000057,0.226168,0.000057
AGAAGGTTGCCGAATT-1,0.319595,0.680067,0.000085,0.000085,0.000085,0.000085
AGAAGGTTGTAGGTCG-1,0.682192,0.317334,0.000119,0.000119,0.000119,0.000119
AGAAGTGATTCGTGAT-1,0.519447,0.450286,0.000083,0.000083,0.026949,0.003151
AGAATAAATCTTCAGG-1,0.926954,0.031311,0.010432,0.010433,0.010434,0.010435
AGAATACAGGCTATCC-1,0.008835,0.702319,0.138611,0.000045,0.044412,0.105778
AGAATTATGGATTCGA-1,0.381626,0.367512,0.000087,0.000087,0.220831,0.029858
AGAATTGTTTGACATA-1,0.00174,0.459367,0.001738,0.001739,0.001739,0.533676
AGACAGCTCAGAATCC-1,0.120877,0.309962,0.004585,0.000021,0.37158,0.192974
AGACAGGCATCTCAGC-1,0.427776,0.297251,0.066319,0.000127,0.2084,0.000127
AGACATAGATCCTTCC-1,0.581115,0.418344,0.000135,0.000135,0.000135,0.000135
AGACCAAACCACACCT-1,0.209711,0.000862,0.076808,0.000287,0.712045,0.000287
AGACCATGGGATACAA-1,0.165377,0.753506,0.000057,0.000057,0.019286,0.061717
AGACCCACCGCTGATC-1,0.052087,0.865687,0.000038,0.000038,0.036901,0.045249
AGACCCGCCCTCCTCG-1,0.12102,0.493837,0.000087,0.000057,0.173131,0.211867
AGACCGCTCCGCGGTT-1,0.000907,0.736546,0.000908,0.000908,0.000908,0.259824
AGACCGGGAAACCCTG-1,0.379767,0.313817,0.005171,0.000037,0.29561,0.005598
AGACGAAGTGCCGGTC-1,0.000194,0.000583,0.000194,0.000194,0.208917,0.789917
AGACGACGATGCCGCT-1,0.656593,0.199079,0.143886,0.000148,0.000148,0.000148
AGACGCCCACTTCGCC-1,0.12821,0.867356,0.001108,0.001108,0.001108,0.001108
AGACTAGCCTTCCAGA-1,0.178168,0.820915,0.000229,0.000229,0.000229,0.000229
AGAGAACCGTCTAGGA-1,0.154476,0.661082,0.083847,0.000088,0.000088,0.100419
AGAGAAGGAGTACAAT-1,0.656077,0.001108,0.000369,0.000369,0.296605,0.045471
AGAGATCTCTAAAGCG-1,0.468405,0.430098,0.004468,0.000058,0.096914,0.000058
AGAGCAGTTATGAGAC-1,0.187751,0.475119,0.000039,0.000039,0.207315,0.129736
AGAGCCGCCGAGATTT-1,0.208395,0.008117,0.095543,0.000824,0.108921,0.5782
AGAGCGGGCTAATCAT-1,0.012927,0.825186,0.006043,0.000043,0.072646,0.083155
AGAGCGTACAAGCTCG-1,0.355615,0.474083,0.000093,0.000093,0.000792,0.169324
AGAGCTACGAAAGCAT-1,0.064507,0.915407,0.000656,0.000656,0.018119,0.000656
AGAGGCTTCGGAAACC-1,0.000427,0.001282,0.177395,0.000427,0.095001,0.725467
AGAGGGACAATTGTCC-1,0.3692,0.627889,0.000728,0.000728,0.000728,0.000728
AGAGGTATCTCGGTCC-1,0.511637,0.487919,0.000111,0.000111,0.000111,0.000111
AGAGTAAACTTCACTA-1,0.001052,0.391882,0.512212,0.001052,0.001052,0.092749
AGAGTATAGTGTTACG-1,0.540094,0.459398,0.000127,0.000127,0.000127,0.000127
AGAGTCTTAATGAAAG-1,0.028811,0.571016,0.012145,0.000106,0.262805,0.125117
AGAGTTGCAGGCCTCC-1,0.82799,0.000456,0.000152,0.000152,0.171098,0.000152
AGATAACTTCAGGGCC-1,0.167871,0.029537,0.000029,0.000029,0.29194,0.510595
AGATACCAATAGAACC-1,0.000596,0.692126,0.000596,0.000596,0.03851,0.267575
AGATACCAGCACTTCA-1,0.65491,0.339926,0.001291,0.001291,0.001291,0.001291
AGATACCGGTGTTCAC-1,0.358545,0.640748,0.000177,0.000177,0.000177,0.000177
AGATACGACTTCATAT-1,0.005604,0.108692,0.027852,0.00006,0.516404,0.341387
AGATACTCAAGATCGA-1,0.000297,0.037933,0.042675,0.000297,0.392782,0.526016
AGATATAATACGACTA-1,0.000028,0.632369,0.015547,0.000028,0.052119,0.29991
AGATCGTGCATAAGAT-1,0.813251,0.066337,0.000238,0.000238,0.060665,0.059271
AGATCTCAGGTGTGAT-1,0.266737,0.731506,0.000439,0.000439,0.000439,0.000439
AGATGACTCGCCCACG-1,0.159124,0.55472,0.000167,0.000167,0.12252,0.163302
AGATGAGGGTTGCGAT-1,0.412314,0.249855,0.000971,0.000971,0.334919,0.000971
AGATGATGGAGTCTGG-1,0.132549,0.862771,0.00117,0.00117,0.00117,0.00117
AGATGCAAGACGTGCA-1,0.025045,0.075169,0.82464,0.025041,0.025052,0.025052
AGATGCTATAACGAGC-1,0.048065,0.708468,0.010007,0.000023,0.214385,0.019053
AGATTATAGGACGTTT-1,0.006551,0.105198,0.005449,0.000026,0.218355,0.664421
AGATTCACAACCGATA-1,0.780512,0.00008,0.152566,0.000027,0.066789,0.000027
AGCAAAGGCCGCTAGT-1,0.000974,0.677542,0.009654,0.01877,0.17057,0.122489
AGCAACATATCTTATT-1,0.013951,0.000419,0.018208,0.00014,0.460693,0.506588
AGCAACCGAAAGTAAT-1,0.025046,0.075168,0.82462,0.025067,0.02505,0.025049
AGCACCAGTACTCACG-1,0.152982,0.788499,0.000149,0.000149,0.000149,0.058071
AGCACTACCGGCCTGT-1,0.261027,0.627878,0.000056,0.000056,0.035524,0.07546
AGCACTACCTCACCAG-1,0.196528,0.742491,0.057927,0.001018,0.001018,0.001018
AGCACTTAAGGACGCC-1,0.294695,0.117778,0.013073,0.000021,0.117334,0.457101
AGCAGAAGGAGAAAGA-1,0.01263,0.777392,0.014628,0.000021,0.113018,0.082311
AGCAGCCAGATGAATA-1,0.072418,0.730917,0.076623,0.000032,0.088397,0.031614
AGCATATCAATATGCT-1,0.120064,0.689513,0.001181,0.001181,0.18688,0.001181
AGCATCATTTCGAAAG-1,0.005963,0.607444,0.005964,0.005963,0.368704,0.005963
AGCATCGTCGATAATT-1,0.026361,0.515523,0.000092,0.000092,0.179309,0.278623
AGCATTACGAGGCAAG-1,0.080822,0.279533,0.000167,0.085437,0.137386,0.416656
AGCCAAGCTTTGTGTC-1,0.000049,0.791237,0.144016,0.000049,0.000049,0.064599
AGCCACAGGTTACCCG-1,0.175555,0.823588,0.000214,0.000214,0.000214,0.000214
AGCCCATACATGTAAG-1,0.203917,0.307585,0.00004,0.00004,0.215635,0.272783
AGCCCGCACTACAATG-1,0.059723,0.736035,0.071294,0.000061,0.035999,0.096889
AGCCCGGCATTAGAGG-1,0.280802,0.318822,0.184599,0.000035,0.212107,0.003634
AGCCCTAAGCGAAGTT-1,0.002422,0.825399,0.010865,0.000035,0.156338,0.004942
AGCCCTGTCGCACCGT-1,0.000187,0.144662,0.000187,0.000187,0.160582,0.694196
AGCCCTTCTAATCCGA-1,0.579984,0.41325,0.001692,0.001691,0.001692,0.001692
AGCCCTTGGACATCCC-1,0.000478,0.331778,0.000478,0.000478,0.453122,0.213667
AGCCGCAAATTCAAAT-1,0.248488,0.062348,0.021665,0.000014,0.650847,0.016638
AGCCGCTTGATTAGCG-1,0.129471,0.284841,0.000091,0.000091,0.585416,0.000091
AGCCGTGGCTAAATGT-1,0.562521,0.436768,0.000178,0.000178,0.000178,0.000178
AGCCTAATACCCACGT-1,0.639337,0.073866,0.000471,0.000471,0.285385,0.000471
AGCCTTAAAGCGGAAG-1,0.026095,0.332869,0.000015,0.000015,0.406754,0.234253
AGCGACAGGAACGGTC-1,0.995236,0.002042,0.00068,0.00068,0.000681,0.000681
AGCGACATCCCATTCA-1,0.314396,0.641184,0.039839,0.001527,0.001527,0.001527
AGCGACCAACGATATT-1,0.023469,0.599464,0.000073,0.000073,0.234575,0.142347
AGCGATGCGCCTAATA-1,0.063183,0.474449,0.41372,0.000121,0.005692,0.042834
AGCGCATAATGAATCG-1,0.039671,0.681492,0.007721,0.000038,0.072359,0.19872
