Barcode,Topic 1to3,Topic 4to5,Topic 6to8
AAACAAGTATCTCCCA-1,0.001943,0.188645,0.809412
AAACAATCTACTAGCA-1,0.001689,0.316446,0.681865
AAACACCAATAACTGC-1,0.000561,0.356348,0.64309
AAACAGAGCGACTCCT-1,0.000187,0.513768,0.486046
AAACAGCTTTCAGAAG-1,0.000081,0.867769,0.13215
AAACAGGGTCTATATT-1,0.000154,0.820833,0.179013
AAACAGTGTTCCTGGG-1,0.00055,0.111227,0.888223
AAACATTTCCCGGATT-1,0.00071,0.442457,0.556833
AAACCCGAACGAAATC-1,0.001603,0.349534,0.648863
AAACCGGAAATGTTAA-1,0.000085,0.000057,0.999859
AAACCGGGTAGGTACC-1,0.000168,0.673943,0.325888
AAACCGTTCGTCCAGG-1,0.000798,0.438236,0.560966
AAACCTAAGCAGCCGG-1,0.00109,0.161497,0.837413
AAACCTCATGAAGTTG-1,0.000079,0.813251,0.18667
AAACGAAGAACATACC-1,0.000732,0.000489,0.998778
AAACGAAGATGGAGTA-1,0.001543,0.542141,0.456316
AAACGAGACGGTTGAT-1,0.001065,0.921745,0.077189
AAACGGGCGTACGGGT-1,0.00121,0.000808,0.997982
AAACGGTTGCGAACTG-1,0.000298,0.582567,0.417135
AAACGTGTTCGCCCTA-1,0.000431,0.054342,0.945227
AAACTAACGTGGCGAC-1,0.000858,0.580072,0.419069
AAACTCGGTTCGCAAT-1,0.001803,0.001204,0.996993
AAACTCGTGATATAAG-1,0.003866,0.002582,0.993552
AAACTGCTGGCTCCAA-1,0.002038,0.35406,0.643901
AAACTTAATTGCACGC-1,0.000351,0.601068,0.398582
AAACTTGCAAACGTAT-1,0.000062,0.968841,0.031097
AAAGAATGTGGACTAA-1,0.003349,0.002236,0.994415
AAAGACCCAAGTCGCG-1,0.000447,0.0325,0.967053
AAAGACTGGGCGCTTT-1,0.000594,0.325837,0.673569
AAAGCTTGCCTACATA-1,0.000624,0.000417,0.998959
AAAGGCCCTATAATAC-1,0.000718,0.347606,0.651676
AAAGGCTACGGACCAT-1,0.00059,0.262124,0.737286
AAAGGCTCTCGCGCCG-1,0.003607,0.002408,0.993986
AAAGGGATGTAGCAAG-1,0.001097,0.150257,0.848646
AAAGGGCAGCTTGAAT-1,0.000289,0.379737,0.619974
AAAGGTAAGCTGTACC-1,0.000285,0.476724,0.522991
AAAGTAGCATTGCTCA-1,0.000725,0.551742,0.447532
AAAGTCACTGATGTAA-1,0.000557,0.091149,0.908294
AAAGTCGACCCTCAGT-1,0.000051,0.985016,0.014933
AAAGTGCCATCAATTA-1,0.000899,0.151088,0.848012
AAAGTGTGATTTATCT-1,0.001777,0.177699,0.820523
AAAGTTGACTCCCGTA-1,0.002604,0.001739,0.995656
AAATAACCATACGGGA-1,0.003912,0.000741,0.995347
AAATAAGGTAGTGCCC-1,0.000781,0.035535,0.963684
AAATACCTATAAGCAT-1,0.002232,0.001491,0.996277
AAATAGCTTAGACTTT-1,0.001531,0.133965,0.864504
AAATAGGGTGCTATTG-1,0.002679,0.001789,0.995532
AAATCCGATACACGCC-1,0.001596,0.086665,0.911739
AAATCGCGGAAGGAGT-1,0.000716,0.418445,0.580839
AAATCGTGTACCACAA-1,0.000808,0.388313,0.610878
AAATCTAGCCCTGCTA-1,0.000508,0.000339,0.999152
AAATGACTGATCAAAC-1,0.001506,0.018402,0.980092
AAATGATTCGATCAGC-1,0.00282,0.001883,0.995297
AAATGCTCGTTACGTT-1,0.000381,0.600359,0.39926
AAATGGCATGTCTTGT-1,0.000304,0.783928,0.215768
AAATGGCCCGTGCCCT-1,0.000462,0.317921,0.681617
AAATGGTCAATGTGCC-1,0.000574,0.203408,0.796018
AAATGTATCTTATCCC-1,0.000475,0.428474,0.571051
AAATTAACGGGTAGCT-1,0.000984,0.202866,0.79615
AAATTAATAAGCGCGA-1,0.000443,0.38734,0.612217
AAATTACACGACTCTG-1,0.003348,0.002235,0.994416
AAATTACCTATCGATG-1,0.000376,0.520724,0.4789
AAATTCCAGGTCCAAA-1,0.000667,0.011573,0.98776
AAATTGATAGTCCTTT-1,0.000277,0.999445,0.000278
AAATTGGTGAGAAGCA-1,0.000339,0.046771,0.95289
AAATTTACCGAAATCC-1,0.000837,0.190767,0.808396
AAATTTGCGGGTGTGG-1,0.000327,0.310388,0.689285
AACAACTGGTAGTTGC-1,0.003788,0.002531,0.993681
AACAATACATTGTCGA-1,0.000356,0.469564,0.53008
AACAATTACTCTACGC-1,0.000124,0.820894,0.178982
AACACACGCTCGCCGC-1,0.003151,0.002104,0.994744
AACACGACTGTACTGA-1,0.001933,0.175554,0.822513
AACACGAGACGCGGCC-1,0.000077,0.805547,0.194375
AACACGCGGCCGCGAA-1,0.001354,0.235847,0.762799
AACAGCTGTGTGGCAA-1,0.001198,0.149017,0.849785
AACAGGAAATCGAATA-1,0.001812,0.00121,0.996978
AACAGGATGGGCCGCG-1,0.000371,0.48335,0.51628
AACAGGTAGTATGGAT-1,0.003125,0.081159,0.915716
AACATAGCGTGTATCG-1,0.003099,0.00207,0.994831
AACATATCAACTGGTG-1,0.001437,0.00096,0.997603
AACATCGATACGTCTA-1,0.00121,0.000808,0.997982
AACATTGAAGTTGATC-1,0.001161,0.114869,0.88397
AACATTGTGACTCGAG-1,0.000493,0.642956,0.356551
AACCAAGACTTCTCTG-1,0.000162,0.731193,0.268645
AACCAGTATCACTCTT-1,0.000619,0.197916,0.801466
AACCATAGGGTTGAAC-1,0.000472,0.250511,0.749017
AACCATGGGATCGCTA-1,0.000409,0.32949,0.670102
AACCCAGAGACGGAGA-1,0.00046,0.199247,0.800293
AACCCATCCCATGATC-1,0.000466,0.097849,0.901685
AACCCGACAACCCGTG-1,0.000612,0.59226,0.407128
AACCCGAGCAGAATCG-1,0.000803,0.000536,0.998661
AACCCGCTGTATTCCA-1,0.001133,0.084278,0.914588
AACCCTACTGTCAATA-1,0.003379,0.002257,0.994364
AACCCTGGTGGAACCA-1,0.000979,0.000654,0.998367
AACCGAGCTTGGTCAT-1,0.000504,0.187714,0.811782
AACCGCTAAGGGATGC-1,0.001803,0.109864,0.888333
AACCGTTGTGTTTGCT-1,0.000491,0.000328,0.999181
AACCTCGCTTTAGCCC-1,0.006945,0.004637,0.988419
AACCTGTCACGGAATT-1,0.002072,0.147523,0.850404
AACCTTTAAATACGGT-1,0.007654,0.005111,0.987236
AACCTTTACGACGTCT-1,0.000608,0.548651,0.450741
AACGAAAGTCGTCCCA-1,0.000203,0.942369,0.057428
AACGACCTCCTAGCCG-1,0.002404,0.362567,0.635029
AACGATAATGCCGTAG-1,0.00233,0.001556,0.996114
AACGATAGAAGGGCCG-1,0.000566,0.000378,0.999057
AACGATATGTCAACTG-1,0.000727,0.434109,0.565164
AACGCATGATCTGGGT-1,0.000893,0.175302,0.823805
AACGCGAACGGCAACA-1,0.001183,0.314564,0.684253
AACGCGACCTTGGGCG-1,0.000373,0.149531,0.850095
AACGCGGTCTCCAGCC-1,0.00056,0.336694,0.662746
AACGCTGTTGCTGAAA-1,0.003125,0.002087,0.994788
AACGGACGTACGTATA-1,0.001953,0.001304,0.996742
AACGGCCATCTCCGGT-1,0.000234,0.801868,0.197898
AACGTACTGTGGGTAC-1,0.001821,0.278365,0.719815
AACGTCAGACTAGTGG-1,0.000361,0.505632,0.494006
AACGTCATCCGGCTTG-1,0.0025,0.164487,0.833013
AACGTCGCTGCACTTC-1,0.007501,0.005009,0.98749
AACGTGATGAAGGACA-1,0.003789,0.002529,0.993682
AACGTGCGAAAGTCTC-1,0.005003,0.39201,0.602987
AACGTTATCAGCACCT-1,0.000288,0.910749,0.088963
AACTACCCGTTTGTCA-1,0.005068,0.243869,0.751063
AACTAGCGTATCGCAC-1,0.000539,0.329546,0.669915
AACTAGGCTTGGGTGT-1,0.002389,0.001595,0.996016
AACTCAAGTTAATTGC-1,0.000738,0.387938,0.611324
AACTCCAGAGCGTGTT-1,0.003947,0.002636,0.993417
AACTCCTAATCCCATG-1,0.002006,0.149841,0.848153
AACTCGATGGCGCAGT-1,0.000412,0.231999,0.767589
AACTCTCAATAGAGCG-1,0.002107,0.001407,0.996486
AACTCTCAGTGTGCTC-1,0.000444,0.555404,0.444152
AACTGAGGTCAGCGTC-1,0.000775,0.147339,0.851886
AACTGAGTTATACTGA-1,0.000382,0.834736,0.164881
AACTGATATTAGGCCT-1,0.000597,0.118341,0.881062
AACTGGGTCCCGACGT-1,0.000876,0.000585,0.998539
AACTGGGTTCGAGCCG-1,0.00182,0.260084,0.738095
AACTGGTGTGGGCCTT-1,0.000507,0.129198,0.870295
AACTTCTGCGTCTATC-1,0.000808,0.254382,0.74481
AACTTGCCCGTATGCA-1,0.000174,0.576818,0.423009
AACTTGCGTTCTCGCG-1,0.000358,0.530902,0.46874
AACTTTACGGGAGCTT-1,0.000584,0.332347,0.667069
AACTTTAGCTGCTGAG-1,0.000524,0.226575,0.772901
AACTTTCTCGATCATG-1,0.000142,0.000095,0.999763
AAGAAATCACCAGATT-1,0.000066,0.000044,0.999891
AAGAAGGATCAGTTAG-1,0.000319,0.542765,0.456916
AAGACATACGTGGTTT-1,0.003378,0.002257,0.994365
AAGACCCAACTGAACA-1,0.000483,0.383503,0.616014
AAGACTGCAAGCTACT-1,0.001399,0.330091,0.668509
AAGAGATGAATCGGTA-1,0.000332,0.236348,0.76332
AAGAGCTCTTTATCGG-1,0.004262,0.559368,0.43637
AAGAGGATGTACGCGA-1,0.000192,0.84419,0.155618
AAGAGGCATGGATCGC-1,0.004076,0.002723,0.993201
AAGAGGCCCTTTGGAA-1,0.000528,0.000353,0.999119
AAGATGGCACCGGACC-1,0.000623,0.323825,0.675552
AAGATTGGCGGAACGT-1,0.001682,0.001123,0.997195
AAGCACCCTGCGTATC-1,0.007354,0.00491,0.987736
AAGCATACTCTCCTGA-1,0.002534,0.098302,0.899164
AAGCCACTTGCAGGTA-1,0.001753,0.078775,0.919472
AAGCCGAAGCGGTTTA-1,0.006466,0.13094,0.862594
AAGCCGCCGTGAAATC-1,0.000449,0.217487,0.782064
AAGCCGCTTTACCTTG-1,0.000092,0.115376,0.884531
AAGCCGGAGAGCAGGA-1,0.002698,0.001802,0.9955
AAGCGCAGGGCTTTGA-1,0.002038,0.001361,0.996601
AAGCGGAGTGCGCGCA-1,0.001494,0.000998,0.997508
AAGCGGCGTCATGGGT-1,0.001081,0.352173,0.646746
AAGCGTCCCTCATCGA-1,0.000962,0.33382,0.665219
AAGCTAGATCGAGTAA-1,0.003049,0.026107,0.970843
AAGCTCGTGCCAAGTC-1,0.003788,0.00253,0.993682
AAGCTCTTTCATGGTG-1,0.003906,0.00261,0.993484
AAGGAGAACTTATAAG-1,0.000845,0.372516,0.626639
AAGGAGCGGTTGGTGC-1,0.000548,0.426482,0.57297
AAGGATCGATCGCTTG-1,0.000497,0.388066,0.611437
AAGGATGAGGGACCTC-1,0.000837,0.238662,0.760501
AAGGCAGGCTGTCTCC-1,0.003049,0.002036,0.994915
AAGGCGCGTAAAGCTT-1,0.000335,0.232695,0.76697
AAGGCTGTGCTCATCG-1,0.000697,0.113143,0.88616
AAGGGAACGACTGGCT-1,0.000461,0.373201,0.626337
AAGGGACAGATTCTGT-1,0.000542,0.354734,0.644724
AAGGGACTATGCATTC-1,0.002168,0.293138,0.704694
AAGGTATCCTAATATA-1,0.001875,0.482172,0.515952
AAGGTGATAAACCAGC-1,0.001246,0.11152,0.887234
AAGTAGAAGACCGGGT-1,0.001039,0.000694,0.998267
AAGTAGTGACGCGAGG-1,0.001857,0.397718,0.600425
AAGTCAATTGTCGTCA-1,0.002287,0.249517,0.748196
AAGTCTAGTAGCTGCC-1,0.000237,0.039468,0.960295
AAGTCTTCTGTGGCCT-1,0.000543,0.521928,0.477529
AAGTGACGACCGAATT-1,0.000076,0.930713,0.06921
AAGTGAGTCGGGTTTA-1,0.000346,0.463538,0.536116
AAGTGCAAAGGTAGAC-1,0.000549,0.345964,0.653487
AAGTGCCTTGACTGTA-1,0.001271,0.105637,0.893092
AAGTGCGTTAGAATCT-1,0.000555,0.454085,0.54536
AAGTGCTTCTCTATTG-1,0.001713,0.245834,0.752454
AAGTGTTTGGAGACGG-1,0.001194,0.402781,0.596025
AAGTTCACTCCAAGCT-1,0.005068,0.191338,0.803594
AAGTTCAGTCTGCGTA-1,0.000738,0.109627,0.889635
AAGTTCGGCCAACAGG-1,0.000413,0.483647,0.51594
AAGTTGTGATGTTATA-1,0.003349,0.055459,0.941192
AAGTTTACTAATGGCA-1,0.001198,0.0008,0.998002
AAGTTTATGGGCCCAA-1,0.000862,0.494612,0.504526
AATAACAACGCTCGGC-1,0.000166,0.841822,0.158013
AATAACACTAGAACAA-1,0.000503,0.167205,0.832292
AATAACGTCGCGCCCA-1,0.006466,0.00432,0.989214
AATAAGTCCTCGAGAC-1,0.001267,0.000846,0.997887
AATAATCTTCGTATCG-1,0.000089,0.000059,0.999852
AATACAATGTTTCAGG-1,0.000322,0.726193,0.273485
AATACCGGAGGGCTGT-1,0.001254,0.163993,0.834753
AATACCTGATGTGAAC-1,0.002534,0.060628,0.936838
AATAGAACAGAGTGGC-1,0.00128,0.205034,0.793686
AATAGAATCTGTTTCA-1,0.001821,0.123441,0.874738
AATAGCTACCGCGTGC-1,0.00341,0.086074,0.910516
AATAGGCACGACCCTT-1,0.002698,0.001801,0.9955
AATAGTCCGTCCCGAC-1,0.000882,0.808846,0.190271
AATAGTCGCGAGTCGG-1,0.000638,0.275304,0.724058
AATATCAAGGTCGGAT-1,0.000364,0.510729,0.488907
AATATCCTAGCAAACT-1,0.000556,0.347039,0.652405
AATATCGAATCAATGC-1,0.006819,0.004553,0.988628
AATATCGAGGGTTCTC-1,0.00086,0.088186,0.910954
AATATTGGAGTATTGA-1,0.000154,0.821321,0.178525
AATCAGGTTTCATTTA-1,0.000553,0.838822,0.160625
AATCATGTAAAGACTC-1,0.002467,0.001648,0.995885
AATCCAAGGGCCTGAG-1,0.001057,0.247761,0.751182
AATCCATGCAAGGGTG-1,0.000374,0.270371,0.729255
AATCCCGCTCAGAGCC-1,0.001995,0.001332,0.996673
AATCGAGGTCTCAAGG-1,0.004311,0.242935,0.752754
AATCGCCTCAGCGCCA-1,0.530612,0.002002,0.467386
AATCGCGCAGAGGACT-1,0.000847,0.131506,0.867647
AATCGGGACACTACGA-1,0.002517,0.308452,0.689031
AATCGGTATAGCCCTC-1,0.011031,0.007367,0.981603
AATCGTGAGCCGAGCA-1,0.004262,0.002846,0.992892
AATCTAGGTTTACTTG-1,0.000584,0.532156,0.46726
AATCTATGCCGGAGCC-1,0.005068,0.003385,0.991547
AATCTCTACTGTGGTT-1,0.000329,0.255994,0.743677
AATCTGCGTTGGGACG-1,0.000889,0.309137,0.689974
AATCTGGCTTTCTAGT-1,0.000592,0.314388,0.68502
AATCTGGGTAGACCCT-1,0.001325,0.508137,0.490537
AATGACAGCAATGTCT-1,0.000297,0.702074,0.297629
AATGACGTAGGATGTC-1,0.001531,0.157635,0.840834
AATGACTGTCAGCCGG-1,0.000505,0.107619,0.891876
AATGAGTTCGCATATG-1,0.000442,0.308974,0.690583
AATGATGATACGCTAT-1,0.000486,0.374639,0.624875
AATGATGCGACTCCTG-1,0.000795,0.111228,0.887977
AATGCAACCGGGTACC-1,0.00046,0.277214,0.722327
AATGCACCAAGCAATG-1,0.000891,0.000595,0.998514
AATGGTCCACCGTTCA-1,0.000371,0.506591,0.493038
AATGGTTCTCACAAGC-1,0.000504,0.258146,0.74135
AATGTATGGCACTGTA-1,0.001512,0.625352,0.373135
AATGTGCCCGAGGTGT-1,0.000629,0.506581,0.49279
AATGTGCTAATCTGAG-1,0.000345,0.74476,0.254895
AATGTTAAGACCCTGA-1,0.002038,0.001361,0.996601
AATGTTGTCGTGAGAC-1,0.004412,0.002946,0.992642
AATTAAAGGTCGGCGT-1,0.000455,0.319273,0.680273
AATTAACGGATTTCCA-1,0.003319,0.002216,0.994465
AATTACGAGACCCATC-1,0.001821,0.650032,0.348147
AATTACTCGTACGCTC-1,0.000389,0.376291,0.62332
AATTAGCGCTGCAGCG-1,0.001894,0.164563,0.833542
AATTATACCCAGCAAG-1,0.000462,0.052403,0.947135
AATTCATAAGGGATCT-1,0.000788,0.235374,0.763838
AATTCATTGTCATGCA-1,0.00053,0.237065,0.762405
AATTCCAAGCATGTAC-1,0.000128,0.990304,0.009569
AATTCGATTCGAGGAT-1,0.003099,0.00207,0.994831
AATTCTAGAGTTAGGC-1,0.001773,0.855115,0.143111
AATTGAACGCTCTGGT-1,0.002451,0.264809,0.73274
AATTGCAGCAATCGAC-1,0.006356,0.004247,0.989397
AATTGCGTGGATTACA-1,0.002359,0.599215,0.398426
AATTGTGGTTGCCAAA-1,0.012932,0.00863,0.978438
AATTTGGGACATAGTA-1,0.00042,0.488196,0.511385
AATTTGGTTCCAAAGA-1,0.00111,0.12214,0.87675
ACAAACCATGCGTCCT-1,0.000457,0.348443,0.6511
ACAAACCGACAAGGCG-1,0.001003,0.429231,0.569766
ACAAACTCCATCAGAG-1,0.001857,0.00124,0.996903
ACAAAGAAGGTAGGCC-1,0.000258,0.590531,0.409211
ACAAAGCATGACCTAG-1,0.002718,0.001815,0.995467
ACAAATCGCACCGAAT-1,0.00088,0.692643,0.306477
ACAAATGGTAGTGTTT-1,0.003505,0.187557,0.808938
ACAAATTCAGATCTGA-1,0.00161,0.268327,0.730064
ACAACAGCATGAGCTA-1,0.001206,0.043504,0.95529
ACAACGGTCCCTGCGA-1,0.000264,0.304307,0.695429
ACAAGCAGTGCCTAGC-1,0.000173,0.768543,0.231284
ACAAGCTATATGGAAG-1,0.000159,0.968268,0.031573
ACAAGGAAATCCGCCC-1,0.001087,0.564418,0.434495
ACAAGGACAAGAGGTT-1,0.000491,0.216477,0.783032
ACAAGGATGCTTTAGG-1,0.002799,0.001869,0.995332
ACAAGGGCAGGCTCTG-1,0.002758,0.210625,0.786618
ACAAGTAATTGTAAGG-1,0.002885,0.308383,0.688733
ACAATAGTCGTACGTT-1,0.000072,0.95168,0.048248
ACAATCCATTTAAACC-1,0.000078,0.993529,0.006393
ACAATGAATACGGAGA-1,0.000681,0.303682,0.695637
ACAATGATTCTTCTAC-1,0.002953,0.303524,0.693523
ACAATTGTGTCTCTTT-1,0.000456,0.972105,0.027439
ACAATTTAGGAGGCTC-1,0.000491,0.391144,0.608365
ACAATTTGAGCAGTGG-1,0.002072,0.186599,0.811329
ACAATTTGGCCATATT-1,0.000066,0.530635,0.469299
ACACAAAGACGGGTGG-1,0.000301,0.431603,0.568096
ACACAAATATTCCTAG-1,0.000061,0.134868,0.865071
ACACACCAGGACCAGT-1,0.003713,0.00248,0.993807
ACACACTTTCTACACG-1,0.001537,0.001026,0.997437
ACACATGATCAAATCT-1,0.000856,0.282391,0.716752
ACACATTGACGCAACA-1,0.000899,0.079526,0.919574
ACACATTTCCGTAGAC-1,0.001179,0.000788,0.998033
ACACCACATAATTAGC-1,0.002758,0.188587,0.808655
ACACCCAGCATGCAGC-1,0.000573,0.196779,0.802648
ACACCCGAGAAATCCG-1,0.000432,0.270078,0.729491
ACACCGAGCGCTCTTT-1,0.000872,0.291483,0.707645
ACACCGGTCTGACCGC-1,0.000551,0.259974,0.739475
ACACCTTAAGTAGGGC-1,0.000922,0.110096,0.888982
ACACCTTACTACTTGC-1,0.001379,0.112109,0.886512
ACACGAGACTCCTTCT-1,0.001494,0.421618,0.576888
ACACGGCACTATGCAT-1,0.002908,0.001941,0.995151
ACACGGGAACTTAGGG-1,0.001289,0.212103,0.786609
ACACGTAGGCCACAAG-1,0.000672,0.000449,0.998879
ACACTCCAATGTCACT-1,0.000643,0.195075,0.804282
ACACTGATCAAGGTGT-1,0.000878,0.204705,0.794416
ACACTGGGACAGTCGT-1,0.002953,0.001972,0.995075
ACAGAACTGAGAACAA-1,0.000673,0.463991,0.535336
ACAGATTAGGTTAGTG-1,0.002315,0.129816,0.867869
ACAGCATAGAGCCAGT-1,0.002315,0.001546,0.996138
ACAGCGACATTCTCAT-1,0.004261,0.082574,0.913165
ACAGCGCACCCGCAGC-1,0.000821,0.000548,0.998631
ACAGGCACGGATCCTT-1,0.007076,0.004724,0.9882
ACAGGCTTGCCCGACT-1,0.002049,0.205485,0.792466
ACAGGTGGAGGTGAGG-1,0.00114,0.161684,0.837176
ACAGGTGTGTTGTTGC-1,0.000569,0.511714,0.487717
ACAGTAATACAACTTG-1,0.000158,0.701175,0.298667
ACAGTATACCGTGGGA-1,0.004412,0.11393,0.881659
ACATAAGTCGTGGTGA-1,0.000134,0.989808,0.010058
ACATAATAAGGCGGTG-1,0.000344,0.451039,0.548617
ACATACAATCAAGCGG-1,0.003713,0.00248,0.993807
ACATCAGCTGGGACGC-1,0.000383,0.328586,0.671031
ACATCCCGGCCATACG-1,0.008152,0.005447,0.986401
ACATCCTGGTAACTGT-1,0.001821,0.146026,0.852153
ACATCGATCGTTTACC-1,0.001933,0.202572,0.795495
ACATCGCAATATTCGG-1,0.002038,0.042106,0.955856
ACATCGGTCAGCCGCG-1,0.000547,0.514507,0.484946
ACATCGTATGCAATGG-1,0.003713,0.154792,0.841495
ACATCGTTAACCTAGT-1,0.002552,0.068854,0.928594
ACATCTCAACGCGTAA-1,0.000524,0.138208,0.861268
ACATGGCGCCAAAGTA-1,0.000661,0.192772,0.806566
ACATGGCTCAATTTAG-1,0.001157,0.322757,0.676086
ACATTAGTTTATATCC-1,0.002119,0.52883,0.469051
ACATTCGCGCGGAATA-1,0.000758,0.00865,0.990592
ACATTTGAAACCTAAC-1,0.007653,0.00511,0.987237
ACCAAACACCCAGCGA-1,0.000359,0.223183,0.776458
ACCAAACTAGAAATCC-1,0.00053,0.939273,0.060197
ACCAACACCACACACT-1,0.001995,0.331789,0.666216
ACCAACCGCACTCCAC-1,0.005598,0.003738,0.990664
ACCAACGCTTATTTAT-1,0.001471,0.067958,0.930572
ACCAAGAACGCGTGTC-1,0.00141,0.000942,0.997649
ACCAAGTCATCGGCAG-1,0.002095,0.001399,0.996506
ACCAATATGCAAGTTA-1,0.006049,0.004039,0.989913
ACCACAACTCAGAACA-1,0.011965,0.042292,0.945743
ACCACAAGTTTCTATC-1,0.0008,0.140449,0.858752
ACCACACGGTTGATGG-1,0.001399,0.64265,0.355951
ACCACCAATGTAACAA-1,0.000684,0.255556,0.743759
ACCACCCTCTCTTCTA-1,0.000773,0.577021,0.422206
ACCACGTGCAGCTATA-1,0.002329,0.26388,0.73379
ACCACTGTTCAAGAAG-1,0.000444,0.319448,0.680107
ACCAGACCATAACAAC-1,0.00029,0.551619,0.448091
ACCAGCCCGGTCTTTG-1,0.00085,0.406434,0.592715
ACCAGGAGTGTGATCT-1,0.001014,0.490685,0.508302
ACCAGTGCCCGGTCAA-1,0.000569,0.177438,0.821993
ACCAGTGCGGGAGACG-1,0.003538,0.002362,0.9941
ACCATATCCGCAATAA-1,0.000967,0.233374,0.765659
ACCATCCGCCAACTAG-1,0.00007,0.92133,0.0786
ACCATCGTATATGGTA-1,0.000499,0.50378,0.495721
ACCATTAAGGGTGTCA-1,0.00113,0.323891,0.67498
ACCCAACGCCCGTGGC-1,0.001875,0.538451,0.459674
ACCCACCTACATGCTC-1,0.000417,0.481377,0.518206
ACCCATCTTGAGGGTA-1,0.001875,0.319953,0.678172
ACCCATTTGTCCCTCT-1,0.007212,0.004814,0.987974
ACCCGAGCGAAATTAC-1,0.000497,0.293927,0.705576
ACCCGATTGGTTCCGA-1,0.001048,0.415898,0.583055
ACCCGGAAACTCCCAG-1,0.004808,0.122293,0.872899
ACCCGGAGCACCACAA-1,0.00242,0.001616,0.995965
ACCCGGATGACGCATC-1,0.001307,0.000873,0.997821
ACCCGGTTACACTTCC-1,0.002551,0.396314,0.601135
ACCCGTAGTCTAGTTG-1,0.002287,0.245077,0.752636
ACCCGTGTCATCAGTA-1,0.001488,0.186995,0.811517
ACCCTATAGGACTGAG-1,0.000232,0.55853,0.441238
ACCCTATGCCATATCG-1,0.000748,0.667458,0.331794
ACCCTCCCGTCAGGGC-1,0.006697,0.004471,0.988832
ACCCTCCCTTGCTATT-1,0.011212,0.348825,0.639963
ACCCTGGTAACGCCCT-1,0.004311,0.16756,0.828129
ACCCTTCATCTGCGAA-1,0.001359,0.000907,0.997734
ACCCTTGCCTGGGTCG-1,0.000381,0.062758,0.936861
ACCCTTTAGTTCTCCA-1,0.002404,0.06521,0.932386
ACCGAAAGGGCCCTGC-1,0.000354,0.496272,0.503374
ACCGAAGAGTCTGGTT-1,0.00031,0.375919,0.62377
ACCGACACATCTCCCA-1,0.01175,0.906064,0.082187
ACCGACTGAGTCCCAC-1,0.000801,0.454007,0.545192
ACCGAGTCTCCTTATT-1,0.003152,0.002105,0.994743
ACCGATAGGCATAACC-1,0.002168,0.001447,0.996385
ACCGATATTTAATCAT-1,0.00023,0.213573,0.786197
ACCGATGGTAGCATCG-1,0.000335,0.969074,0.030591
ACCGCAATAACTGCCT-1,0.005209,0.003479,0.991312
ACCGCGGTGGAAGTCG-1,0.000618,0.315851,0.683531
ACCGCTAGTCATTGGT-1,0.002131,0.001423,0.996446
ACCGGGCCTTTGTTGA-1,0.003319,0.002217,0.994464
ACCGGTCAGGTACACC-1,0.000393,0.274858,0.72475
ACCGTGACCACGTGGG-1,0.000521,0.421022,0.578457
ACCGTTCCCGCTCTGA-1,0.000635,0.000424,0.998942
ACCTAAGTACCTTTCA-1,0.000565,0.582751,0.416684
ACCTAATCGACTTCCT-1,0.000368,0.509746,0.489886
ACCTACAGTATGTGGT-1,0.000773,0.668906,0.330321
ACCTACTATAAATCTA-1,0.001761,0.132613,0.865626
ACCTCAGCGAGGCGCA-1,0.009148,0.116512,0.87434
ACCTCCGCCCTCGCTG-1,0.006148,0.233495,0.760357
ACCTCCGTTATTCACC-1,0.000581,0.096878,0.902541
ACCTCGAACTTATGCT-1,0.000429,0.361248,0.638323
ACCTGCGTGTCATGTT-1,0.000374,0.562332,0.437294
ACGAAATGGGCGGCAC-1,0.000153,0.826001,0.173846
ACGACCCATGAGTTGC-1,0.009868,0.006592,0.983539
ACGACTCTAGGGCCGA-1,0.000785,0.491421,0.507794
ACGACTGGTCATACTC-1,0.000332,0.360337,0.639331
ACGAGAACCCATCACG-1,0.000582,0.066086,0.933332
ACGAGATATTTGCTTA-1,0.000848,0.129902,0.86925
ACGAGGATACCACTCT-1,0.00017,0.933636,0.066194
ACGAGGTTTACAACGT-1,0.000416,0.363275,0.636308
ACGAGTACGGATGCCC-1,0.001133,0.394524,0.604343
ACGATACATAGAACTA-1,0.000555,0.513981,0.485464
ACGATACCTATCCTGA-1,0.000481,0.487734,0.511786
ACGATCATACATAGAG-1,0.000864,0.156785,0.84235
ACGATCATCTTGTAAA-1,0.002404,0.001606,0.995991
ACGATGCATATGTTAT-1,0.00074,0.187055,0.812205
ACGATGGATCCGATGC-1,0.002404,0.077043,0.920553
ACGCAAACTAATAGAT-1,0.000296,0.541586,0.458118
ACGCAATCACTACAGC-1,0.003409,0.002277,0.994314
ACGCATACGTTTACTA-1,0.004808,0.100743,0.894449
ACGCATTCGTGAGTAC-1,0.001293,0.083016,0.915691
ACGCCACTCGAAACAG-1,0.001276,0.000852,0.997873
ACGCCAGATGATTTCT-1,0.003866,0.145853,0.850281
ACGCCAGTGCGTTTGC-1,0.006148,0.004103,0.989749
ACGCCCAGCTGTCGAT-1,0.001415,0.335048,0.663536
ACGCCGCTAGACGACC-1,0.00487,0.003253,0.991877
ACGCGAAGTCAGACGA-1,0.002156,0.553581,0.444263
ACGCGCTACACAGGGT-1,0.000028,0.999944,0.000028
ACGCGGGCCAAGGACA-1,0.001364,0.154806,0.84383
ACGCGTTTCTTAAGAG-1,0.000639,0.377339,0.622023
ACGCTAGTGATACACT-1,0.001093,0.132777,0.86613
ACGCTGTGAGGCGTAG-1,0.000184,0.971358,0.028458
ACGCTTAGTGTCTCTC-1,0.001302,0.197503,0.801195
ACGGAACACGAGTGCC-1,0.004689,0.003131,0.99218
ACGGAATTTAGCAAAT-1,0.000277,0.368924,0.630799
ACGGACTCTCAAAGCG-1,0.001752,0.780844,0.217404
ACGGAGCGCAAATTAC-1,0.001838,0.001228,0.996934
ACGGATGGTGCGGATA-1,0.00431,0.002879,0.992811
ACGGCACTTGCTTGGG-1,0.00329,0.063713,0.932997
ACGGCCAACATGGACT-1,0.002468,0.040601,0.956932
ACGGCGACGATGGGAA-1,0.001569,0.01042,0.988011
ACGGCTGGATGTAGAA-1,0.000415,0.41891,0.580675
ACGGGAGTGTCGGCCC-1,0.00035,0.555693,0.443957
ACGGGCGTATGCGACA-1,0.006049,0.004037,0.989914
ACGGGTCATGTGACTT-1,0.000618,0.470048,0.529334
ACGGTACAGTTCAATG-1,0.002641,0.273688,0.723671
ACGGTCACCGAGAACA-1,0.001369,0.273544,0.725088
ACGTACAGATTTCTCT-1,0.003606,0.002408,0.993986
ACGTACTTTGGCACGG-1,0.002315,0.267381,0.730304
ACGTAGATTGCTGATG-1,0.002698,0.001802,0.9955
ACGTAGGAGAGTCGCT-1,0.002451,0.001637,0.995912
ACGTATTACTCCGATC-1,0.001617,0.096738,0.901645
ACGTCTCGTTCCGGGA-1,0.000576,0.213403,0.78602
ACGTGACAAAGTAAGT-1,0.000175,0.74476,0.255065
ACGTGCGCCTCGTGCA-1,0.005859,0.003913,0.990228
ACGTGGTCGAATGTGC-1,0.00111,0.484396,0.514495
ACGTTAATGTCGAAGA-1,0.00329,0.002197,0.994513
ACGTTAGATTTGCCCG-1,0.000445,0.342237,0.657318
ACGTTATTGGTCACTC-1,0.000337,0.597904,0.40176
ACGTTCACTATGCCGC-1,0.001839,0.145963,0.852199
ACGTTCCGCGCTCCGT-1,0.00066,0.329344,0.669996
ACGTTCGCAATCAATT-1,0.000188,0.882625,0.117187
ACGTTCGTTCAGGAAA-1,0.000321,0.319874,0.679805
ACGTTCTGTACAAGTC-1,0.00375,0.02132,0.97493
ACGTTGTCGTTGAAAG-1,0.00218,0.001456,0.996364
ACGTTTAGTTGTGATC-1,0.004167,0.002782,0.99305
ACTAAGGACGCACACC-1,0.000826,0.468954,0.530219
ACTAATACGTCAGGCG-1,0.001062,0.093943,0.904994
ACTACAAAGAGAGGTG-1,0.001667,0.001113,0.99722
ACTACATCCCGACAAG-1,0.000318,0.429315,0.570367
ACTACCAGCTCTCTGG-1,0.001011,0.57481,0.424179
ACTACCATCCGAGGGC-1,0.002206,0.001473,0.996321
ACTACGCGTTAGAATT-1,0.000704,0.265109,0.734188
ACTAGTTGCGATCGTC-1,0.000795,0.147344,0.851862
ACTATATGCTGTGTTC-1,0.00111,0.086893,0.911997
ACTATCCAGGGCATGG-1,0.001512,0.00101,0.997478
ACTATCGCCGGCTAAA-1,0.000598,0.155707,0.843695
ACTATCTGCCCGCGTA-1,0.011364,0.007592,0.981044
ACTATGTCCAGCTGCC-1,0.000405,0.302319,0.697276
ACTATTCGTCCGTGGT-1,0.002027,0.093338,0.904635
ACTATTTCCGGGCCCA-1,0.0003,0.73594,0.26376
ACTCAACGAATGTATT-1,0.000564,0.130589,0.868847
ACTCAAGTGCAAGGCT-1,0.003125,0.370277,0.626598
ACTCAATAAAGGCACG-1,0.000621,0.242839,0.756541
ACTCAGACCTGCTTCT-1,0.000908,0.278964,0.720128
ACTCATGGCAGCCTTC-1,0.001103,0.268557,0.730339
ACTCCAATATCATCAT-1,0.001531,0.38758,0.610889
ACTCCCATTCCTAAAG-1,0.000324,0.658705,0.340971
ACTCCCGAATTCGTTT-1,0.001563,0.129111,0.869326
ACTCCCGTAGACTAGG-1,0.00029,0.000193,0.999517
ACTCCCTAATGCTAAA-1,0.003233,0.002159,0.994608
ACTCCCTAGAATAGTA-1,0.003074,0.181351,0.815574
ACTCCGGCCGACCACT-1,0.002467,0.310968,0.686565
ACTCGATGTATTTCAT-1,0.000567,0.484127,0.515305
ACTCGCCGTTCGATAA-1,0.002315,0.001546,0.996139
ACTCGCGATCTGACGC-1,0.000081,0.027845,0.972073
ACTCGTAACCCGTCCT-1,0.000395,0.717025,0.28258
ACTCGTCAGTAATCCC-1,0.00605,0.00404,0.98991
ACTCTAAACCTGGGAT-1,0.000436,0.333709,0.665856
ACTCTCTGACTTAGGT-1,0.001059,0.789764,0.209176
ACTCTCTTATACACGA-1,0.00329,0.002197,0.994514
ACTCTGACCTAATAGA-1,0.003152,0.002104,0.994744
ACTCTTCAGCTCCCGC-1,0.000104,0.000069,0.999827
ACTCTTGTATAGTAAC-1,0.00959,0.496059,0.494351
ACTGAAACGCCGTTAG-1,0.001995,0.17668,0.821325
ACTGAATGGCGAAAGT-1,0.003866,0.002582,0.993551
ACTGATTTAGTGATTC-1,0.000949,0.232484,0.766567
ACTGCCCGCCATTCTC-1,0.000418,0.911915,0.087667
ACTGCCGTCGTAACTC-1,0.005598,0.00374,0.990662
ACTGCGGACACACCGT-1,0.001777,0.041476,0.956746
ACTGCTCGGAAGGATG-1,0.000475,0.29857,0.700955
ACTGGCGAACCTGCGT-1,0.001136,0.195272,0.803591
ACTGGGATGCCAGTGC-1,0.001821,0.038707,0.959473
ACTGTACGATACACAT-1,0.003205,0.21177,0.785025
ACTGTAGCACTTTGGA-1,0.002467,0.164965,0.832569
ACTGTATACGCGAGCA-1,0.000414,0.418385,0.5812
ACTGTCCAGGATTATA-1,0.001263,0.094072,0.904666
ACTGTCTTCTTTAGAA-1,0.001271,0.203016,0.795713
ACTGTGCTAGTAGATC-1,0.000563,0.657751,0.341686
ACTGTTTAGTGTAGGC-1,0.002501,0.583051,0.414448
ACTTACCGGGCGCGCA-1,0.00125,0.105866,0.892884
ACTTACGCATCCACGC-1,0.006358,0.181337,0.812304
ACTTAGTACGACAAGA-1,0.000276,0.937041,0.062682
ACTTATACTTACCCGG-1,0.005137,0.00343,0.991433
ACTTATTAGGATCGGT-1,0.003409,0.075527,0.921063
ACTTATTTATGTGCCA-1,0.003409,0.002277,0.994314
ACTTCAGGCTGATCCC-1,0.001054,0.496486,0.50246
ACTTCCAGTGGAAGCT-1,0.000686,0.3809,0.618414
ACTTCCATGCGGGACA-1,0.003233,0.002159,0.994608
ACTTCGCCATACGCAC-1,0.000885,0.393055,0.60606
ACTTCGCTAGCGAGTG-1,0.000063,0.503079,0.496858
ACTTGACTCCCTCTTT-1,0.004688,0.003131,0.992181
ACTTGCCATATTGTAC-1,0.000448,0.651883,0.347669
ACTTGGGACCCGGTGG-1,0.00029,0.766627,0.233083
ACTTGGGCTTTCGCCA-1,0.002863,0.31906,0.678077
ACTTGTAGTCCCTTCA-1,0.000192,0.68491,0.314897
ACTTGTGGATGGAACG-1,0.002534,0.556328,0.441138
ACTTGTTACCGGATCA-1,0.003827,0.002554,0.993618
ACTTTACCCTCATGAA-1,0.00113,0.319969,0.678902
ACTTTCCTATAGCTTC-1,0.00121,0.278162,0.720628
ACTTTGACTGCATCCT-1,0.0001,0.897999,0.101902
ACTTTGGTCGTGCTCC-1,0.000805,0.428981,0.570214
ACTTTGTCGACGCACT-1,0.000731,0.000488,0.998781
AGAAATTATGACTCGC-1,0.002907,0.001941,0.995152
AGAACCCAGCGTGACA-1,0.000056,0.025677,0.974267
AGAACCCTCAATTGGG-1,0.000389,0.658876,0.340735
AGAACGTGGTACATTC-1,0.000848,0.221798,0.777354
AGAACTGTACTTTGTA-1,0.004262,0.002846,0.992892
AGAAGAGCGCCGTTCC-1,0.0375,0.025023,0.937477
AGAAGGTACACTTCAC-1,0.000455,0.346085,0.65346
AGAAGGTTGCCGAATT-1,0.000576,0.44642,0.553004
AGAAGGTTGTAGGTCG-1,0.003233,0.002158,0.994609
AGAAGTGATTCGTGAT-1,0.000493,0.447758,0.551749
AGAATAAATCTTCAGG-1,0.000066,0.957159,0.042775
AGAATACAGGCTATCC-1,0.002107,0.001407,0.996486
AGAATGCGGGTTCGGA-1,0.00078,0.000521,0.9987
AGAATTATGGATTCGA-1,0.000959,0.179272,0.819769
AGAATTGTTTGACATA-1,0.000888,0.348548,0.650564
AGACAGCTCAGAATCC-1,0.000492,0.495683,0.503825
AGACAGGCATCTCAGC-1,0.000278,0.046223,0.953499
AGACATAGATCCTTCC-1,0.000891,0.209535,0.789574
AGACCAAACCACACCT-1,0.000239,0.607376,0.392385
AGACCATGGGATACAA-1,0.000265,0.25251,0.747225
AGACCCACCGCTGATC-1,0.000709,0.194827,0.804464
AGACCCGCCCTCCTCG-1,0.000294,0.91954,0.080167
AGACCGCTCCGCGGTT-1,0.003348,0.185033,0.811619
AGACCGGGAAACCCTG-1,0.000114,0.751842,0.248044
AGACGAAGTGCCGGTC-1,0.003827,0.089294,0.906879
AGACGACGATGCCGCT-1,0.000876,0.157157,0.841967
AGACGCCCACTTCGCC-1,0.006697,0.004472,0.988831
AGACGGGATTGGTATA-1,0.0014,0.551271,0.447329
AGACGGGCCGATTTAA-1,0.001123,0.00075,0.998127
AGACTAGCCTTCCAGA-1,0.000872,0.489719,0.509408
AGACTGTTACCGGGTC-1,0.000405,0.512625,0.48697
AGAGAAACACCAGAAA-1,0.000549,0.46896,0.530491
AGAGAACCGTCTAGGA-1,0.000902,0.329026,0.670072
AGAGAAGGAGTACAAT-1,0.000673,0.113735,0.885592
AGAGATCTCTAAAGCG-1,0.000148,0.805496,0.194356
AGAGCAGTTATGAGAC-1,0.000055,0.94562,0.054325
AGAGCCGCCGAGATTT-1,0.000693,0.000463,0.998844
AGAGCGCTTGTAACGG-1,0.000683,0.190061,0.809256
AGAGCGGGCTAATCAT-1,0.000357,0.837835,0.161808
AGAGCGTACAAGCTCG-1,0.000512,0.322837,0.676651
AGAGCTACGAAAGCAT-1,0.000213,0.586954,0.412833
AGAGGCTTCGGAAACC-1,0.002155,0.00144,0.996405
AGAGGTATCTCGGTCC-1,0.001866,0.3514,0.646734
AGAGTAAACTTCACTA-1,0.002061,0.001376,0.996563
AGAGTATAGTGTTACG-1,0.00056,0.540748,0.458692
AGAGTTAGAGACCGAT-1,0.003025,0.150201,0.846774
AGAGTTGCAGGCCTCC-1,0.000283,0.266951,0.732766
AGATAACTTCAGGGCC-1,0.000438,0.293145,0.706418
AGATACCAATAGAACC-1,0.001364,0.6408,0.357837
AGATACCAGCACTTCA-1,0.000548,0.240144,0.759308
AGATACCGGTGTTCAC-1,0.000367,0.613342,0.386291
AGATACGACTTCATAT-1,0.000826,0.417635,0.581539
AGATACTCAAGATCGA-1,0.008335,0.005567,0.986098
AGATATAATACGACTA-1,0.002435,0.151055,0.84651
AGATCGTGCATAAGAT-1,0.000654,0.070022,0.929323
AGATCTCAGGTGTGAT-1,0.001187,0.226367,0.772446
AGATGACTCGCCCACG-1,0.00077,0.257593,0.741637
AGATGAGGGTTGCGAT-1,0.000495,0.1762,0.823305
AGATGATGGAGTCTGG-1,0.000671,0.10336,0.895969
AGATGCAAGACGTGCA-1,0.000656,0.642773,0.356572
AGATGCATCCTGTGTC-1,0.000316,0.60935,0.390334
AGATGCTATAACGAGC-1,0.000664,0.232781,0.766556
AGATTATAGGACGTTT-1,0.000732,0.812142,0.187125
AGATTCACAACCGATA-1,0.00027,0.31365,0.68608
AGCAAAGGCCGCTAGT-1,0.002006,0.072014,0.925981
AGCAACATATCTTATT-1,0.004261,0.002846,0.992893
AGCAACCGAAAGTAAT-1,0.000408,0.442571,0.557021
AGCACACGTTTAGACT-1,0.000334,0.883366,0.1163
AGCACCAGTACTCACG-1,0.000414,0.357779,0.641807
AGCACTACCGGCCTGT-1,0.000122,0.945462,0.054416
AGCACTACCTCACCAG-1,0.001126,0.253633,0.74524
AGCACTTAAGGACGCC-1,0.000233,0.979708,0.02006
AGCAGAAGGAGAAAGA-1,0.001289,0.239613,0.759099
AGCAGCCAGATGAATA-1,0.002885,0.085319,0.911796
AGCAGTCGAAGCATGC-1,0.002359,0.001575,0.996066
AGCATATCAATATGCT-1,0.000801,0.544585,0.454614
AGCATCATTTCGAAAG-1,0.000317,0.237943,0.76174
AGCATCGTCGATAATT-1,0.004168,0.002783,0.99305
AGCATTACGAGGCAAG-1,0.005859,0.003913,0.990227
AGCCAAGCTTTGTGTC-1,0.000587,0.468555,0.530858
AGCCACAGGTTACCCG-1,0.004168,0.088583,0.907249
AGCCACTCCCGTGCTT-1,0.002049,0.123586,0.874365
AGCCATATAGTATGTG-1,0.002143,0.208281,0.789576
AGCCCATACATGTAAG-1,0.000104,0.765899,0.233996
AGCCCGCAACAAGCAG-1,0.002435,0.001627,0.995938
AGCCCGCACTACAATG-1,0.003713,0.09921,0.897077
AGCCCGGCATTAGAGG-1,0.000714,0.201397,0.797888
AGCCCGGTAGCCTGTA-1,0.000322,0.589619,0.410059
AGCCCTAAGCGAAGTT-1,0.000391,0.602491,0.397118
AGCCCTCCCTGGTGGC-1,0.000917,0.374908,0.624175
AGCCCTGTCGCACCGT-1,0.002953,0.11608,0.880967
AGCCCTTCTAATCCGA-1,0.00041,0.223473,0.776118
AGCCCTTGGACATCCC-1,0.002119,0.001415,0.996466
AGCCGCAAATTCAAAT-1,0.000109,0.99228,0.007611
AGCCGCTTGATTAGCG-1,0.000821,0.280146,0.719033
AGCCGTGGCTAAATGT-1,0.000486,0.4717,0.527814
AGCCTAATACCCACGT-1,0.000377,0.10344,0.896183
AGCCTTAAAGCGGAAG-1,0.000209,0.598533,0.401257
AGCGACAGGAACGGTC-1,0.000363,0.569517,0.43012
AGCGACATCCCATTCA-1,0.002259,0.188121,0.80962
AGCGACCAACGATATT-1,0.000649,0.201489,0.797862
AGCGACTTTGAAGACA-1,0.002718,0.001815,0.995468
AGCGAGACGTGAAGGC-1,0.000441,0.538757,0.460802
AGCGATGCGCCTAATA-1,0.004465,0.266903,0.728632
AGCGCATAATGAATCG-1,0.001284,0.000858,0.997858
AGCGCGGGTGCCAATG-1,0.001638,0.174614,0.823748
AGCGCTAGAGCGATGT-1,0.00025,0.672262,0.327488
AGCGCTTATGGGCAAG-1,0.00094,0.116912,0.882148
AGCGGACACTTCGTAG-1,0.001293,0.128355,0.870352
AGCGGCGGTTAGCGGT-1,0.000406,0.521542,0.478051
AGCGGGAAGGGTCCAT-1,0.00034,0.707427,0.292233
AGCGGGTCTGACACTC-1,0.000926,0.138277,0.860797
AGCGGTTGCCGCTCTG-1,0.002799,0.248534,0.748668
AGCGTACGAGAGCTAG-1,0.000673,0.501386,0.497941
AGCGTCTGAACCCGCA-1,0.001506,0.198872,0.799622
AGCGTGGTATTCTACT-1,0.002435,0.001627,0.995938
AGCTAACAAGCAATGT-1,0.000386,0.453775,0.545839
AGCTAAGCTCCGTCCG-1,0.002484,0.001659,0.995858
AGCTAAGTACGCAGGC-1,0.003349,0.091078,0.905573
AGCTACGAATGGTGGT-1,0.001728,0.001154,0.997118
AGCTAGAAGCAGAAGT-1,0.000632,0.479519,0.519849
AGCTATTTAATCCAAC-1,0.000982,0.253754,0.745264
AGCTCCATATATGTTC-1,0.002107,0.001407,0.996486
AGCTCCTTCGCACATC-1,0.005,0.00334,0.99166
AGCTCGTTGATGGAAA-1,0.000116,0.039332,0.960552
AGCTCTAGACGTTCCA-1,0.0125,0.071642,0.915858
AGCTCTTCCCAGTGCA-1,0.000724,0.270335,0.728941
AGCTCTTCGTAACCTT-1,0.002467,0.001647,0.995885
AGCTCTTTACTCAGTT-1,0.000576,0.515409,0.484015
AGCTGAAGTAAACCAA-1,0.000517,0.227228,0.772255
AGCTGTAACCTCAATC-1,0.000402,0.819056,0.180542
AGCTTATAGAGACCTG-1,0.000786,0.308794,0.690419
AGCTTCAATACTTTGA-1,0.001225,0.493887,0.504888
AGCTTCTTCTCGAGCA-1,0.004076,0.002722,0.993201
AGCTTGATCTTAACTT-1,0.000121,0.874775,0.125105
AGGAACGAACGACTTC-1,0.010136,0.006766,0.983098
AGGAAGCTGTCCGCCG-1,0.002206,0.001474,0.99632
AGGACAGTCGAATCCC-1,0.001631,0.256313,0.742057
AGGACATCGCACGTCG-1,0.000919,0.184437,0.814644
AGGACATCGGCACACT-1,0.001202,0.519481,0.479317
AGGACGACCCATTAGA-1,0.000709,0.455686,0.543605
AGGACGCTCGATGTTG-1,0.001072,0.363678,0.635251
AGGACTTATAGGAGAA-1,0.000637,0.323108,0.676255
AGGAGACATCCACAGT-1,0.000319,0.000213,0.999468
AGGAGAGTCTGGCTAC-1,0.000071,0.052332,0.947597
AGGAGCGTTTATTATC-1,0.001158,0.751431,0.247412
AGGAGGCCTTCGCGCG-1,0.003233,0.002159,0.994608
AGGATAAAGTCGGGAT-1,0.001848,0.049166,0.948987
AGGATATAGGGATTTA-1,0.00293,0.001956,0.995114
AGGATATCCGACTGCA-1,0.005515,0.003682,0.990802
AGGATCACGCGATCTG-1,0.00035,0.586796,0.412854
AGGATTGCTTACGACA-1,0.005068,0.003385,0.991546
AGGCACGTGACTGTCC-1,0.001369,0.000914,0.997717
AGGCAGATGCGTAAAC-1,0.000622,0.48496,0.514418
AGGCAGGGAGCGTACT-1,0.000299,0.588304,0.411398
AGGCATTGTCGTAGGG-1,0.001068,0.073603,0.925328
AGGCCACATTGGTTAC-1,0.000276,0.000185,0.999539
AGGCCACCCGTTATGA-1,0.000733,0.160012,0.839255
AGGCCCAGTGACTGGT-1,0.000545,0.393995,0.60546
AGGCCCATTGTACAGG-1,0.000521,0.000348,0.999131
AGGCCCTAGAACGCCA-1,0.000084,0.882201,0.117715
AGGCCTATCATACCAA-1,0.002072,0.001384,0.996544
AGGCCTGAGAATCTCG-1,0.001246,0.000832,0.997922
AGGCGATAACTGGCGT-1,0.00023,0.000153,0.999617
AGGCGGTTTGTCCCGC-1,0.000406,0.340387,0.659207
AGGCGTCTATGGACGG-1,0.000964,0.000644,0.998392
AGGCTATGGTTAGCTT-1,0.000552,0.245504,0.753944
AGGCTTAAGTTGCACA-1,0.001943,0.322387,0.675669
AGGCTTCCCGAAGAAG-1,0.000296,0.552345,0.447359
AGGCTTGCTAGACACC-1,0.000219,0.740637,0.259143
AGGGAAACGAGGTACT-1,0.000509,0.218207,0.781284
AGGGACAGCACGGCGG-1,0.000338,0.365277,0.634385
AGGGACCGGCTGCGTT-1,0.00155,0.092577,0.905873
AGGGACTCTACGCGAC-1,0.004464,0.002981,0.992554
AGGGAGACATACTTCG-1,0.002344,0.001566,0.99609
AGGGCAGCGGCGTGGT-1,0.003948,0.002635,0.993417
AGGGCCCTAATGTTCT-1,0.005516,0.308256,0.686228
AGGGCGAGCAGCTGAT-1,0.000106,0.81126,0.188634
AGGGCGTGATCGGCTA-1,0.000643,0.143873,0.855484
AGGGCTGCAGTTACAG-1,0.001964,0.293678,0.704358
AGGGTCAGAGCACTCG-1,0.001003,0.00067,0.998328
AGGGTCAGTAACCCTA-1,0.001284,0.000858,0.997858
AGGGTCGATGCGAACT-1,0.000967,0.094234,0.9048
AGGGTCTGGACGCAGT-1,0.007355,0.075738,0.916907
AGGGTGCCGTTCTTTA-1,0.00038,0.322818,0.676802
AGGGTGCTCTCGAGGG-1,0.001191,0.135437,0.863372
AGGGTGGATAGTGCAT-1,0.000644,0.224525,0.774831
AGGGTTCAGACGGTCC-1,0.004122,0.002752,0.993126
AGGGTTCCCTTTGGTT-1,0.001631,0.542953,0.455417
AGGGTTTAGTTCGGGA-1,0.002467,0.313295,0.684238
AGGTAACCTCCTATTC-1,0.00043,0.61716,0.38241
AGGTACGATATTGCCA-1,0.000691,0.06037,0.938939
AGGTAGATCGAGATAT-1,0.00032,0.644052,0.355629
AGGTAGGTACAAAGCT-1,0.000111,0.806779,0.19311
AGGTATAATTGATAGT-1,0.001359,0.000907,0.997734
AGGTATGCGGACATTA-1,0.000103,0.009518,0.990379
AGGTCAGGTGAGAGTG-1,0.000241,0.741437,0.258322
AGGTCGCCTCCCAACA-1,0.005068,0.003384,0.991548
AGGTCGCGGAGTTACT-1,0.007356,0.004911,0.987734
AGGTGCACGTCCACAT-1,0.005683,0.003794,0.990523
AGGTGGTGACCTTCGC-1,0.004627,0.084037,0.911336
AGGTGTATCGCCATGA-1,0.000112,0.900418,0.09947
AGGTGTTGCCGACCAC-1,0.002605,0.001739,0.995656
AGGTTACACCATGCCG-1,0.004121,0.002752,0.993127
AGGTTCTCCTTTCCGG-1,0.003788,0.356757,0.639455
AGGTTGAGGCACGCTT-1,0.001168,0.279697,0.719135
AGGTTTCACACACCTT-1,0.002404,0.450082,0.547514
AGTAACGTTCATCCTG-1,0.000643,0.334267,0.665089
AGTAACTATAGCAGCC-1,0.00329,0.64935,0.34736
AGTAAGGGACAGAATC-1,0.00172,0.462796,0.535483
AGTAATCTAAGGGTGG-1,0.002359,0.001575,0.996066
AGTAATGTCTTGCCGC-1,0.007212,0.004816,0.987972
AGTACAGAAGCTTATA-1,0.001506,0.001006,0.997488
AGTACATCATTTATCA-1,0.002049,0.001368,0.996582
AGTACCTTCGAGTGCT-1,0.00099,0.000661,0.998349
AGTACGGCCCGTATCG-1,0.000291,0.525574,0.474135
AGTACGGGCACCTGGC-1,0.001059,0.183089,0.815852
AGTACGTGGCCTGTCT-1,0.000964,0.178556,0.82048
AGTACTCTTATGCCCA-1,0.005283,0.003527,0.99119
AGTAGAAGGCGCCTCA-1,0.00051,0.135005,0.864485
AGTAGCGTGAACGAAC-1,0.000499,0.45596,0.543541
AGTAGGAAGGAAGTTG-1,0.000473,0.032509,0.967018
AGTAGGTAACATACAT-1,0.000386,0.183337,0.816277
AGTATAATACTAGGCA-1,0.000508,0.23745,0.762042
AGTATACACAGCGACA-1,0.000651,0.243931,0.755418
AGTATGCTGGAGACCA-1,0.000497,0.627746,0.371756
AGTATTTGGCACGACC-1,0.000546,0.634099,0.365355
AGTCAAATGATGTGAT-1,0.000594,0.213559,0.785847
AGTCAACACCACCATC-1,0.000583,0.583748,0.415669
AGTCAAGATGACACTT-1,0.00091,0.748408,0.250682
AGTCACTAGCTCTCGA-1,0.001537,0.500098,0.498365
AGTCAGCCACCGCCTG-1,0.000238,0.602388,0.397375
AGTCCATTGGCTGATG-1,0.002374,0.06957,0.928056
AGTCCCGCCTTTAATT-1,0.000906,0.205998,0.793096
AGTCCCTCGCAGAAAG-1,0.000062,0.000042,0.999896
AGTCGACGGTCTCAAG-1,0.003125,0.002087,0.994788
AGTCGGCCCAAACGAC-1,0.000984,0.000657,0.998358
AGTCGGCTCAACTTTA-1,0.000259,0.446089,0.553652
AGTCGGTTGCGTGAGA-1,0.00242,0.148163,0.849418
AGTCGTATAAAGCAGA-1,0.001448,0.000967,0.997585
AGTCGTCGACCACCAA-1,0.003125,0.002087,0.994788
AGTCGTGGGCATTACG-1,0.000618,0.349179,0.650203
AGTCTAAAGTATACTC-1,0.000647,0.263977,0.735377
AGTCTCACAAGACTAC-1,0.000908,0.212918,0.786174
AGTCTGGACATCCTTG-1,0.000833,0.072327,0.92684
AGTCTTCTCCTCAAAT-1,0.000324,0.434253,0.565423
AGTCTTTAAAGTGTCC-1,0.00586,0.222636,0.771504
AGTGAACAAACTTCTC-1,0.000942,0.338071,0.660987
AGTGAAGATGGTGTCC-1,0.001339,0.080207,0.918453
AGTGACCTACTTTACG-1,0.001454,0.310519,0.688027
AGTGACTGTGACACAA-1,0.001033,0.197221,0.801745
AGTGAGACTTCCAGTA-1,0.006049,0.00404,0.989912
AGTGAGCCTCGCCGCC-1,0.001885,0.296029,0.702087
AGTGAGGGTTTCTGAC-1,0.003074,0.118274,0.878652
AGTGAGTCGAATTAAC-1,0.003572,0.002385,0.994043
AGTGATAACCTGCGCG-1,0.003261,0.002178,0.994561
AGTGATATGAGTAGTT-1,0.005357,0.227906,0.766737
AGTGATTCAAGCAGGA-1,0.003641,0.208226,0.788133
AGTGCACGCTTAAGAA-1,0.000805,0.000537,0.998658
AGTGCGTAGCTCGTAA-1,0.00052,0.463055,0.536424
AGTGCTAAACACAGCA-1,0.001321,0.104978,0.893701
AGTGCTTGCACGAATA-1,0.004466,0.002982,0.992553
AGTGGCCCGCAAATGG-1,0.004935,0.159156,0.83591
AGTGGCGGCAATTTGA-1,0.000984,0.000657,0.998358
AGTGGCGTCTGAAGGT-1,0.002005,0.001339,0.996656
AGTGGCTCCGTCGGCC-1,0.000088,0.983454,0.016458
AGTGGTGTTACCCGTG-1,0.000248,0.758004,0.241748
AGTGGTTGCGTATAGG-1,0.000364,0.556567,0.443069
AGTGTATTGCGCATTG-1,0.001259,0.177553,0.821189
AGTGTGCTAAGATCGC-1,0.000508,0.188851,0.810641
AGTGTGGTCTATTGTG-1,0.002552,0.225843,0.771605
AGTTAAACACTTGCGA-1,0.001596,0.127188,0.871217
AGTTAAGCGGTCCCGG-1,0.000979,0.000654,0.998367
AGTTAAGTCAACCGCT-1,0.000626,0.438558,0.560816
AGTTACCCTTAAGACT-1,0.00067,0.366931,0.632399
AGTTACCGCACATGGT-1,0.0004,0.480758,0.518842
AGTTACTCTATCGTGG-1,0.001667,0.001113,0.99722
AGTTATTCAGACTGTG-1,0.0125,0.008345,0.979154
AGTTATTGAAAGGTAA-1,0.000348,0.399735,0.599917
AGTTCACCGGTTGGAC-1,0.001293,0.44173,0.556977
AGTTCCTACAGAATTA-1,0.000551,0.278056,0.721394
AGTTCCTATTTATGTT-1,0.002838,0.842203,0.154959
AGTTCTGCGTTGTATC-1,0.000525,0.435963,0.563512
AGTTGACATCGGCTGG-1,0.0007,0.428809,0.570492
AGTTGACGGTCCTTGC-1,0.001249,0.290914,0.707836
AGTTGCGGTCCTCAAC-1,0.003074,0.565594,0.431332
AGTTGCTGACTGATAT-1,0.000371,0.32609,0.673539
AGTTGGCAAGGCTAGA-1,0.001442,0.000963,0.997594
AGTTTATGTAAAGACA-1,0.003538,0.002362,0.9941
AGTTTCGCAGGTCGGA-1,0.003261,0.002177,0.994562
AGTTTGCACCTGCCTC-1,0.007212,0.004816,0.987972
AGTTTGGCACGGGTTG-1,0.003906,0.002609,0.993485
AGTTTGGCCAGACCTA-1,0.000166,0.963132,0.036702
ATAAACCATTGGACGG-1,0.000758,0.452603,0.546639
ATAAACGGACCCGTAA-1,0.001267,0.207402,0.791331
ATAAACGTTGCACCAC-1,0.005515,0.003682,0.990803
ATAAAGGCTCGGTCGT-1,0.00631,0.13357,0.86012
ATAAAGGTCAAGTACG-1,0.000786,0.000525,0.998689
ATAAATATTAGCAGCT-1,0.00013,0.872016,0.127854
ATAACGCCGGAGGGTC-1,0.006819,0.004554,0.988628
ATAACGGAGTCCAACG-1,0.000664,0.305677,0.693659
ATAACGTTACCTCCAC-1,0.002464,0.11716,0.880376
ATAAGCAAACACCGAG-1,0.000291,0.044248,0.955461
ATAAGGTGGAGAACAT-1,0.00205,0.238126,0.759824
ATAAGTACCCGATTGT-1,0.000977,0.211227,0.787796
ATAAGTAGGATTCAGA-1,0.000945,0.226243,0.772813
ATAAGTAGGGCGACTC-1,0.000604,0.331278,0.668118
ATAAGTTACCGCGACG-1,0.003572,0.119055,0.877374
