Barcode,Topic 1,Topic 2to5,Topic 6to7,Topic 8,Topic 9to10
AAACAAGTATCTCCCA-1,0.000565,0.354224,0.00113,0.64295,0.00113
AAACACCAATAACTGC-1,0.00069,0.309272,0.00138,0.446373,0.242285
AAACAGAGCGACTCCT-1,0.000232,0.221609,0.000463,0.000232,0.777464
AAACAGCTTTCAGAAG-1,0.000102,0.10548,0.000205,0.894007,0.000205
AAACAGGGTCTATATT-1,0.000369,0.367259,0.014606,0.1906,0.427165
AAACATGGTGAGAGGA-1,0.000035,0.484814,0.07459,0.026129,0.414432
AAACATTTCCCGGATT-1,0.00002,0.196591,0.13138,0.125488,0.546521
AAACCGGAAATGTTAA-1,0.000971,0.786756,0.001942,0.000971,0.209359
AAACCGGGTAGGTACC-1,0.000047,0.425845,0.008078,0.42227,0.143761
AAACCGTTCGTCCAGG-1,0.000009,0.915382,0.000017,0.084571,0.000022
AAACCTAAGCAGCCGG-1,0.000026,0.347186,0.026907,0.10719,0.518692
AAACGAAGAACATACC-1,0.000042,0.000168,0.182296,0.082791,0.734704
AAACGAAGATGGAGTA-1,0.000105,0.308794,0.137613,0.157879,0.39561
AAACGGGCGTACGGGT-1,0.000032,0.446154,0.000064,0.026628,0.527121
AAACGGTTGCGAACTG-1,0.000006,0.951755,0.048219,0.000006,0.000013
AAACGTGTTCGCCCTA-1,0.000083,0.017608,0.125006,0.381665,0.475638
AAACTAACGTGGCGAC-1,0.00017,0.277444,0.00034,0.163413,0.558633
AAACTCGGTTCGCAAT-1,0.000046,0.258236,0.060252,0.222008,0.459458
AAACTCGTGATATAAG-1,0.000047,0.192567,0.136098,0.549276,0.122012
AAACTGCTGGCTCCAA-1,0.000022,0.203813,0.000045,0.627909,0.168211
AAACTTAATTGCACGC-1,0.000236,0.617138,0.000472,0.081225,0.300929
AAACTTGCAAACGTAT-1,0.000087,0.280276,0.076941,0.494271,0.148426
AAAGAATGACCTTAGA-1,0.000017,0.531153,0.000033,0.000017,0.46878
AAAGACCCAAGTCGCG-1,0.00002,0.466475,0.000041,0.026592,0.506872
AAAGACTGGGCGCTTT-1,0.000013,0.806368,0.000026,0.006036,0.187557
AAAGGCCCTATAATAC-1,0.000028,0.053032,0.000056,0.003731,0.943153
AAAGGCTACGGACCAT-1,0.00073,0.00292,0.00146,0.993429,0.00146
AAAGGCTCTCGCGCCG-1,0.000052,0.639989,0.000103,0.26771,0.092146
AAAGGGATGTAGCAAG-1,0.000008,0.986763,0.000017,0.000008,0.013203
AAAGGGCAGCTTGAAT-1,0.000018,0.805787,0.061043,0.03846,0.094692
AAAGGTAAGCTGTACC-1,0.000433,0.848835,0.103733,0.000433,0.046566
AAAGTAGCATTGCTCA-1,0.000265,0.684075,0.238212,0.076917,0.000531
AAAGTCACTGATGTAA-1,0.000026,0.000105,0.63952,0.082323,0.278026
AAAGTGCCATCAATTA-1,0.00003,0.443949,0.012277,0.339082,0.204663
AAAGTGTGATTTATCT-1,0.000365,0.249027,0.193351,0.556527,0.00073
AAATAACCATACGGGA-1,0.000028,0.057116,0.007799,0.113703,0.821355
AAATACCTATAAGCAT-1,0.000028,0.699851,0.000056,0.180983,0.119081
AAATAGGGTGCTATTG-1,0.000087,0.587498,0.064608,0.195652,0.152156
AAATCCGATACACGCC-1,0.000051,0.112521,0.095235,0.079884,0.712309
AAATCGCGGAAGGAGT-1,0.000524,0.331536,0.001047,0.1878,0.479093
AAATCGTGTACCACAA-1,0.000028,0.241796,0.000056,0.489612,0.268508
AAATCTAGCCCTGCTA-1,0.000575,0.526337,0.150904,0.000575,0.32161
AAATGATTCGATCAGC-1,0.00003,0.585621,0.071684,0.018172,0.324492
AAATGCTCGTTACGTT-1,0.000014,0.823156,0.000027,0.002291,0.174512
AAATGGCATGTCTTGT-1,0.000023,0.057603,0.399747,0.104165,0.438463
AAATGGCCCGTGCCCT-1,0.001613,0.40304,0.133363,0.001613,0.460371
AAATGGTCAATGTGCC-1,0.000029,0.671694,0.000059,0.24632,0.081898
AAATGTATCTTATCCC-1,0.000021,0.692513,0.000042,0.018063,0.289361
AAATTACACGACTCTG-1,0.001064,0.258614,0.002128,0.001064,0.737129
AAATTACCTATCGATG-1,0.000225,0.099577,0.239816,0.389416,0.270966
AAATTGATAGTCCTTT-1,0.000495,0.597958,0.136244,0.264312,0.00099
AAATTGCGGCGGTTCT-1,0.000075,0.000301,0.156143,0.170118,0.673363
AAATTGGTGAGAAGCA-1,0.000016,0.000063,0.999249,0.000641,0.000031
AAATTTACCGAAATCC-1,0.002128,0.447591,0.004257,0.002128,0.543896
AAATTTGCGGGTGTGG-1,0.000036,0.23339,0.000072,0.706866,0.059635
AACAACTGGTAGTTGC-1,0.000028,0.501085,0.000056,0.212939,0.285891
AACAATACATTGTCGA-1,0.000018,0.872712,0.000037,0.000018,0.127214
AACAATTACTCTACGC-1,0.000021,0.408232,0.014069,0.2748,0.302878
AACACACGCTCGCCGC-1,0.000102,0.302205,0.000205,0.441706,0.255781
AACACGACTGTACTGA-1,0.00005,0.0002,0.108078,0.195238,0.696434
AACACGAGACGCGGCC-1,0.000069,0.057158,0.738056,0.20458,0.000137
AACACGCGGCCGCGAA-1,0.000714,0.24348,0.001429,0.752948,0.001429
AACAGCTGTGTGGCAA-1,0.000027,0.174253,0.195382,0.290589,0.33975
AACAGGAAATCGAATA-1,0.000017,0.365388,0.091405,0.023947,0.519243
AACAGGATGGGCCGCG-1,0.000018,0.721985,0.038544,0.092837,0.146616
AACAGGTAGTATGGAT-1,0.000103,0.429057,0.000206,0.327512,0.243122
AACATATCAACTGGTG-1,0.000752,0.075885,0.001504,0.09168,0.830179
AACATCGATACGTCTA-1,0.000048,0.106878,0.024868,0.273504,0.594703
AACATTGAAGTTGATC-1,0.000031,0.023024,0.02576,0.000031,0.951154
AACATTGTGACTCGAG-1,0.000045,0.024841,0.015422,0.527781,0.431911
AACCAGTATCACTCTT-1,0.000479,0.373202,0.311329,0.000479,0.314512
AACCATAGGGTTGAAC-1,0.000027,0.55373,0.000054,0.000027,0.446161
AACCATGGGATCGCTA-1,0.000032,0.070469,0.093237,0.023281,0.81298
AACCCAGAGACGGAGA-1,0.000018,0.700139,0.008774,0.000693,0.290376
AACCCATCCCATGATC-1,0.000042,0.625788,0.000084,0.161504,0.212583
AACCCGACAACCCGTG-1,0.000043,0.01573,0.421235,0.141322,0.421669
AACCCGAGCAGAATCG-1,0.000032,0.015008,0.600475,0.094488,0.289998
AACCCGATAGGGCTTC-1,0.001563,0.006252,0.32281,0.66625,0.003126
AACCCTGGTGGAACCA-1,0.000029,0.097054,0.006875,0.110047,0.785995
AACCGAGCTTGGTCAT-1,0.000124,0.615068,0.000248,0.215537,0.169023
AACCGCTAAGGGATGC-1,0.000048,0.50739,0.018297,0.288409,0.185856
AACCGTTGTGTTTGCT-1,0.000037,0.009778,0.040517,0.265404,0.684265
AACCTCGCTTTAGCCC-1,0.000079,0.55346,0.000157,0.090718,0.355585
AACCTTTAAATACGGT-1,0.000119,0.376355,0.000238,0.382272,0.241017
AACCTTTACGACGTCT-1,0.000364,0.883282,0.000728,0.000364,0.115263
AACGAAAGTCGTCCCA-1,0.000625,0.688158,0.00125,0.000625,0.309342
AACGATAATGCCGTAG-1,0.000044,0.881647,0.000089,0.104311,0.013909
AACGATAGAAGGGCCG-1,0.000027,0.291289,0.029183,0.15309,0.526411
AACGATATGTCAACTG-1,0.00032,0.45068,0.000639,0.26334,0.285021
AACGCATGATCTGGGT-1,0.000013,0.419721,0.40804,0.157715,0.014511
AACGCGAACGGCAACA-1,0.000037,0.10961,0.014191,0.044396,0.831766
AACGCGACCTTGGGCG-1,0.000042,0.114329,0.0118,0.471565,0.402265
AACGCGGTCTCCAGCC-1,0.000071,0.981686,0.018029,0.000071,0.000142
AACGCTGTTGCTGAAA-1,0.00244,0.009759,0.544042,0.00244,0.441319
AACGGACGTACGTATA-1,0.00006,0.078953,0.323103,0.49585,0.102035
AACGGCCATCTCCGGT-1,0.000016,0.972846,0.018472,0.008635,0.000032
AACGTACTGTGGGTAC-1,0.000035,0.612082,0.00007,0.301146,0.086668
AACGTCAGACTAGTGG-1,0.000015,0.689544,0.000031,0.173575,0.136835
AACGTGATGAAGGACA-1,0.000115,0.588455,0.00023,0.005605,0.405595
AACGTTATCAGCACCT-1,0.000082,0.061887,0.019927,0.253585,0.664519
AACTACCCGTTTGTCA-1,0.000071,0.676402,0.000141,0.095963,0.227424
AACTAGCGTATCGCAC-1,0.000187,0.296571,0.199329,0.373421,0.130492
AACTAGGCTTGGGTGT-1,0.000064,0.530175,0.098715,0.140108,0.230938
AACTCCAGAGCGTGTT-1,0.000077,0.000308,0.000154,0.186046,0.813416
AACTCCTAATCCCATG-1,0.000071,0.54251,0.067992,0.000071,0.389357
AACTCGATGGCGCAGT-1,0.00003,0.105185,0.020374,0.022665,0.851745
AACTCTCAGTGTGCTC-1,0.000006,0.999963,0.000012,0.000006,0.000012
AACTGAGGTCAGCGTC-1,0.000034,0.823872,0.000068,0.000034,0.175992
AACTGAGTTATACTGA-1,0.000243,0.207836,0.346911,0.179391,0.265618
AACTGATATTAGGCCT-1,0.000033,0.27659,0.000066,0.212663,0.510648
AACTGGGTCCCGACGT-1,0.000031,0.411429,0.031703,0.361724,0.195113
AACTGGTGTGGGCCTT-1,0.000131,0.000523,0.000262,0.005421,0.993664
AACTTCTGCGTCTATC-1,0.000021,0.645967,0.06391,0.031144,0.258957
AACTTGCCCGTATGCA-1,0.000024,0.34836,0.00695,0.43051,0.214156
AACTTGCGTTCTCGCG-1,0.000032,0.315646,0.009013,0.050112,0.625196
AACTTTACGGGAGCTT-1,0.000055,0.399622,0.014068,0.208478,0.377777
AACTTTAGCTGCTGAG-1,0.000483,0.152114,0.27484,0.571597,0.000966
AAGAAATCACCAGATT-1,0.000159,0.059228,0.237533,0.434912,0.268168
AAGAAGGATCAGTTAG-1,0.000031,0.227578,0.004187,0.006992,0.761212
AAGACATACGTGGTTT-1,0.000024,0.543558,0.000047,0.000024,0.456348
AAGACCAAATAACTCA-1,0.000033,0.513698,0.199531,0.001871,0.284867
AAGACCCAACTGAACA-1,0.000079,0.248187,0.161303,0.295105,0.295326
AAGACTAACCCGTTGT-1,0.00022,0.000879,0.488738,0.095176,0.414987
AAGAGATGAATCGGTA-1,0.000063,0.299955,0.000127,0.462811,0.237044
AAGAGGCCCTTTGGAA-1,0.000037,0.115066,0.173251,0.317042,0.394603
AAGATGGCACCGGACC-1,0.000258,0.023519,0.635597,0.338145,0.002481
AAGATTGGCGGAACGT-1,0.000102,0.118788,0.000203,0.263018,0.61789
AAGCACCCTGCGTATC-1,0.000195,0.84987,0.149351,0.000195,0.000389
AAGCATACTCTCCTGA-1,0.000022,0.549268,0.000044,0.000024,0.450641
AAGCCGAAGCGGTTTA-1,0.000119,0.749569,0.000238,0.153105,0.096969
AAGCCGCCGTGAAATC-1,0.000049,0.407017,0.000098,0.077789,0.515047
AAGCCGCTTTACCTTG-1,0.000073,0.000291,0.546921,0.353569,0.099145
AAGCCGGAGAGCAGGA-1,0.000008,0.176886,0.532822,0.077269,0.213014
AAGCGCAGGGCTTTGA-1,0.000024,0.032862,0.748925,0.147819,0.07037
AAGCGGAGTGCGCGCA-1,0.000022,0.000088,0.920223,0.079622,0.000044
AAGCGGCGTCATGGGT-1,0.000028,0.601761,0.011082,0.012104,0.375025
AAGCGTCCCTCATCGA-1,0.000243,0.439333,0.000486,0.406627,0.153312
AAGCTAGATCGAGTAA-1,0.000029,0.56582,0.000058,0.276402,0.15769
AAGCTCTTTCATGGTG-1,0.000547,0.353956,0.643857,0.000547,0.001093
AAGGAGCGGTTGGTGC-1,0.000058,0.391651,0.000115,0.330633,0.277543
AAGGATGAGGGACCTC-1,0.000343,0.15377,0.116164,0.46004,0.269683
AAGGCGCGTAAAGCTT-1,0.000011,0.718139,0.000023,0.191232,0.090594
AAGGCTGTGCTCATCG-1,0.00006,0.368905,0.000119,0.293953,0.336963
AAGGGAACGACTGGCT-1,0.001021,0.281806,0.002041,0.234048,0.481084
AAGGGACAGATTCTGT-1,0.000228,0.086445,0.000457,0.453515,0.459355
AAGGGACTATGCATTC-1,0.000287,0.850292,0.000573,0.000287,0.148562
AAGGGTTTGATTTCAG-1,0.00016,0.815146,0.044175,0.00016,0.14036
AAGGTATCCTAATATA-1,0.000256,0.647419,0.000512,0.157965,0.193849
AAGGTGATAAACCAGC-1,0.000184,0.498911,0.000368,0.310942,0.189595
AAGTAGAAGACCGGGT-1,0.000177,0.542443,0.000353,0.076108,0.380919
AAGTAGTGACGCGAGG-1,0.000141,0.440057,0.000282,0.171435,0.388085
AAGTCAATTGTCGTCA-1,0.000395,0.195636,0.000791,0.463246,0.339931
AAGTCTAGTAGCTGCC-1,0.000147,0.254668,0.258045,0.222052,0.265088
AAGTGAGTCGGGTTTA-1,0.00021,0.153918,0.282295,0.267837,0.29574
AAGTGCAAAGGTAGAC-1,0.000024,0.726688,0.052972,0.007568,0.212748
AAGTGCCTTGACTGTA-1,0.00011,0.23839,0.027813,0.452123,0.281564
AAGTGCGTTAGAATCT-1,0.000269,0.001076,0.997849,0.000269,0.000538
AAGTGCTTCTCTATTG-1,0.000062,0.00025,0.229472,0.215126,0.555089
AAGTGTTTGGAGACGG-1,0.000061,0.532635,0.000121,0.322288,0.144895
AAGTTCACTCCAAGCT-1,0.000072,0.09239,0.774488,0.093804,0.039246
AAGTTCAGTCTGCGTA-1,0.000047,0.028946,0.040032,0.201972,0.729003
AAGTTCGGCCAACAGG-1,0.000026,0.695422,0.01088,0.291191,0.002481
AAGTTGTGATGTTATA-1,0.000086,0.000343,0.025084,0.344584,0.629903
AAGTTTACTAATGGCA-1,0.000167,0.36723,0.237743,0.148957,0.245903
AAGTTTATGGGCCCAA-1,0.000039,0.337467,0.000077,0.004786,0.657631
AATAACACTAGAACAA-1,0.000008,0.935286,0.000016,0.06349,0.001199
AATAATCTTCGTATCG-1,0.002942,0.011769,0.005884,0.680509,0.298897
AATACAATGTTTCAGG-1,0.000044,0.711242,0.007827,0.105254,0.175633
AATACCGGAGGGCTGT-1,0.000032,0.034717,0.339304,0.159923,0.466024
AATAGAACAGAGTGGC-1,0.000017,0.787946,0.000034,0.116732,0.09527
AATAGAATCTGTTTCA-1,0.000018,0.842442,0.052776,0.103796,0.000967
AATAGCTACCGCGTGC-1,0.000057,0.139751,0.000114,0.305649,0.55443
AATAGTCCGTCCCGAC-1,0.000076,0.476544,0.000219,0.24788,0.27528
AATAGTCGCGAGTCGG-1,0.000073,0.230819,0.017562,0.161455,0.590091
AATATCAAGGTCGGAT-1,0.000033,0.339605,0.024679,0.000033,0.63565
AATATCCTAGCAAACT-1,0.000207,0.130282,0.000414,0.312086,0.557011
AATATCGAATCAATGC-1,0.000142,0.54115,0.221081,0.104789,0.132838
AATATCGAGGGTTCTC-1,0.000541,0.935511,0.062326,0.000541,0.001081
AATCAGACTGCAGGAC-1,0.000032,0.03817,0.175036,0.332906,0.453856
AATCAGGTTTCATTTA-1,0.000082,0.000326,0.000163,0.000082,0.999347
AATCATGTAAAGACTC-1,0.000178,0.404757,0.0373,0.199018,0.358748
AATCCAAGGGCCTGAG-1,0.000038,0.000151,0.200328,0.05107,0.748413
AATCCATGCAAGGGTG-1,0.000032,0.3103,0.000064,0.000032,0.689573
AATCGGGACACTACGA-1,0.000073,0.000293,0.067745,0.094366,0.837523
AATCGTGAGCCGAGCA-1,0.000041,0.002597,0.26083,0.36377,0.372761
AATCTAGGTTTACTTG-1,0.000156,0.905804,0.000312,0.091204,0.002525
AATCTATGCCGGAGCC-1,0.000208,0.075387,0.000417,0.698179,0.225809
AATCTGCGTTGGGACG-1,0.000111,0.000446,0.000223,0.930627,0.068594
AATCTGGCTTTCTAGT-1,0.000175,0.661848,0.000351,0.133075,0.20455
AATGACAGCAATGTCT-1,0.000433,0.220801,0.000866,0.358231,0.419669
AATGACGTAGGATGTC-1,0.000032,0.166661,0.000063,0.832431,0.000813
AATGACTGTCAGCCGG-1,0.000036,0.786733,0.000073,0.019904,0.193254
AATGAGTTCGCATATG-1,0.000023,0.712782,0.000045,0.000023,0.287128
AATGATGATACGCTAT-1,0.000051,0.661444,0.033045,0.10706,0.1984
AATGATGCGACTCCTG-1,0.003031,0.012125,0.410823,0.003031,0.57099
AATGCAACCGGGTACC-1,0.000009,0.999944,0.000019,0.000009,0.000019
AATGCACCAAGCAATG-1,0.000521,0.600522,0.001042,0.237471,0.160444
AATGGTCCACCGTTCA-1,0.000011,0.859486,0.025228,0.059645,0.05563
AATGGTTCTCACAAGC-1,0.000019,0.514211,0.000386,0.262183,0.223202
AATGTATGGCACTGTA-1,0.000037,0.413569,0.000073,0.000037,0.586284
AATGTGCCCGAGGTGT-1,0.000138,0.41624,0.06969,0.315497,0.198435
AATGTGCTAATCTGAG-1,0.000045,0.024011,0.080462,0.291808,0.603675
AATGTTGTCGTGAGAC-1,0.000037,0.000147,0.000074,0.000037,0.999705
AATTAACGGATTTCCA-1,0.000245,0.299301,0.000489,0.654259,0.045706
AATTACGAGACCCATC-1,0.000658,0.629732,0.001316,0.000658,0.367635
AATTACTCGTACGCTC-1,0.000024,0.000096,0.277488,0.123136,0.599256
AATTAGCGCTGCAGCG-1,0.000016,0.67346,0.044451,0.131929,0.150143
AATTCATAAGGGATCT-1,0.000054,0.624096,0.000108,0.117745,0.257997
AATTCATTGTCATGCA-1,0.000312,0.173495,0.005213,0.144617,0.676363
AATTCCAAGCATGTAC-1,0.000067,0.199485,0.000134,0.354551,0.445763
AATTCGATTCGAGGAT-1,0.000046,0.294438,0.172785,0.057195,0.475535
AATTCTAGAGTTAGGC-1,0.000038,0.631093,0.000076,0.25005,0.118742
AATTGAACGCTCTGGT-1,0.000035,0.423322,0.00007,0.349556,0.227017
AATTGCAGCAATCGAC-1,0.000025,0.241968,0.12939,0.317785,0.310832
AATTGCGTGGATTACA-1,0.000064,0.006889,0.000128,0.000064,0.992855
AATTGTGGTTGCCAAA-1,0.000224,0.272865,0.368374,0.103015,0.255523
AATTTGGGACATAGTA-1,0.000827,0.003307,0.001653,0.099931,0.894283
AATTTGGTTCCAAAGA-1,0.000034,0.193283,0.010756,0.07745,0.718477
ACAAACCATGCGTCCT-1,0.00082,0.00328,0.53958,0.00082,0.455501
ACAAAGAAGGTAGGCC-1,0.000065,0.061681,0.241399,0.379909,0.316946
ACAAAGCATGACCTAG-1,0.000081,0.231809,0.089464,0.225211,0.453437
ACAAATCGCACCGAAT-1,0.000024,0.847515,0.000049,0.053714,0.098697
ACAAATGGTAGTGTTT-1,0.000045,0.401455,0.000089,0.381925,0.216486
ACAAATTCAGATCTGA-1,0.000124,0.65023,0.000248,0.08019,0.269208
ACAACAGCATGAGCTA-1,0.000065,0.377482,0.000131,0.418411,0.203911
ACAACGGTCCCTGCGA-1,0.000044,0.772356,0.013226,0.018512,0.195862
ACAAGCAGTGCCTAGC-1,0.000016,0.212594,0.000033,0.361138,0.426219
ACAAGGAAATCCGCCC-1,0.000031,0.495186,0.000061,0.331615,0.173107
ACAAGGACAAGAGGTT-1,0.000043,0.467668,0.000086,0.234812,0.297391
ACAAGGATGCTTTAGG-1,0.000026,0.255684,0.148022,0.120996,0.475271
ACAAGGGCAGGCTCTG-1,0.000038,0.424368,0.000077,0.518515,0.057002
ACAATAGTCGTACGTT-1,0.00008,0.274648,0.134426,0.279025,0.311821
ACAATGAATACGGAGA-1,0.00003,0.252429,0.03434,0.322751,0.39045
ACAATGATTCTTCTAC-1,0.000143,0.448194,0.089116,0.030496,0.432051
ACAATTGTGTCTCTTT-1,0.000071,0.451269,0.026534,0.435544,0.086581
ACAATTTAGGAGGCTC-1,0.000081,0.490307,0.000162,0.288074,0.221376
ACAATTTGAGCAGTGG-1,0.000073,0.040806,0.000146,0.743001,0.215975
ACACAAAGACGGGTGG-1,0.000057,0.710947,0.015079,0.167563,0.106354
ACACAAATATTCCTAG-1,0.000041,0.056826,0.821715,0.066105,0.055313
ACACACCAGGACCAGT-1,0.000101,0.23628,0.000203,0.36455,0.398866
ACACACTTTCTACACG-1,0.000053,0.047148,0.015794,0.047101,0.889903
ACACATGATCAAATCT-1,0.000529,0.399915,0.001059,0.232289,0.366209
ACACATTGACGCAACA-1,0.000017,0.466275,0.035911,0.046104,0.451692
ACACCCAGCATGCAGC-1,0.000006,0.999962,0.000013,0.000006,0.000013
ACACCCGAGAAATCCG-1,0.000019,0.472597,0.341657,0.003707,0.182019
ACACCGAGCGCTCTTT-1,0.000047,0.037455,0.121835,0.137135,0.703528
ACACCGGTCTGACCGC-1,0.000047,0.819847,0.000095,0.000047,0.179964
ACACCTTAAGTAGGGC-1,0.000016,0.627166,0.000032,0.092003,0.280783
ACACGAGACTCCTTCT-1,0.000021,0.5996,0.008318,0.20545,0.186611
ACACGGCACTATGCAT-1,0.000036,0.000146,0.595655,0.080786,0.323377
ACACGGGAACTTAGGG-1,0.00007,0.220799,0.009362,0.561264,0.208506
ACACGTAGGCCACAAG-1,0.000054,0.010101,0.163669,0.299743,0.526433
ACACTCCAATGTCACT-1,0.000027,0.446665,0.000053,0.105257,0.447998
ACACTGATCAAGGTGT-1,0.000031,0.674755,0.000063,0.28434,0.04081
ACACTGGGACAGTCGT-1,0.00009,0.113621,0.246489,0.171258,0.468541
ACAGAACTGAGAACAA-1,0.00027,0.733922,0.000541,0.191792,0.073475
ACAGATTAGGTTAGTG-1,0.000038,0.219466,0.019376,0.000038,0.761082
ACAGCATAGAGCCAGT-1,0.000057,0.035348,0.080169,0.166687,0.717738
ACAGCGACATTCTCAT-1,0.00028,0.292317,0.00056,0.64034,0.066502
ACAGCGCACCCGCAGC-1,0.000097,0.826072,0.000194,0.000097,0.173539
ACAGGCACGGATCCTT-1,0.000023,0.263464,0.000046,0.000023,0.736444
ACAGGCTTGCCCGACT-1,0.000068,0.71704,0.017295,0.069922,0.195675
ACAGGTGGAGGTGAGG-1,0.000023,0.667032,0.000045,0.126009,0.206892
ACAGTAATACAACTTG-1,0.000188,0.204311,0.136782,0.40242,0.256299
ACAGTATACCGTGGGA-1,0.000029,0.397746,0.271007,0.207038,0.12418
ACATAAGTCGTGGTGA-1,0.000253,0.416679,0.000505,0.121309,0.461255
ACATAATAAGGCGGTG-1,0.000041,0.932947,0.06689,0.000041,0.000082
ACATCCCGGCCATACG-1,0.00012,0.513205,0.000239,0.303079,0.183358
ACATCGTATGCAATGG-1,0.000043,0.47082,0.000086,0.378058,0.150992
ACATCGTTAACCTAGT-1,0.000054,0.145026,0.000109,0.008961,0.845851
ACATGGCTCAATTTAG-1,0.000028,0.392534,0.029034,0.07157,0.506834
ACATTAGTTTATATCC-1,0.000024,0.719887,0.000049,0.259579,0.02046
ACCAAACACCCAGCGA-1,0.000067,0.000268,0.100765,0.208285,0.690615
ACCAACACCACACACT-1,0.000021,0.337873,0.274543,0.238544,0.149018
ACCAACCGCACTCCAC-1,0.000024,0.015942,0.430099,0.128468,0.425468
ACCAACGCTTATTTAT-1,0.000023,0.748139,0.010106,0.133258,0.108474
ACCAAGAACGCGTGTC-1,0.000029,0.391219,0.032357,0.111045,0.465351
ACCAAGTCATCGGCAG-1,0.000094,0.146175,0.397414,0.24084,0.215477
ACCAATATGCAAGTTA-1,0.000764,0.675781,0.001527,0.320401,0.001527
ACCACAACTCAGAACA-1,0.000089,0.000354,0.000177,0.000089,0.999292
ACCACAAGTTTCTATC-1,0.000118,0.2307,0.000236,0.535035,0.233911
ACCACCCTCTCTTCTA-1,0.000158,0.223983,0.24382,0.156578,0.375461
ACCACGTGCAGCTATA-1,0.000032,0.52697,0.000064,0.429342,0.043592
ACCACTGTTCAAGAAG-1,0.000024,0.003384,0.109042,0.017356,0.870193
ACCAGTGCCCGGTCAA-1,0.000019,0.587042,0.082604,0.047184,0.283151
ACCAGTGCGGGAGACG-1,0.0002,0.405738,0.000401,0.346732,0.246929
ACCATCCGCCAACTAG-1,0.000208,0.180884,0.000415,0.5971,0.221393
ACCATCGTATATGGTA-1,0.000095,0.602159,0.063067,0.200057,0.134622
ACCATTAAGGGTGTCA-1,0.000027,0.044157,0.171665,0.195294,0.588858
ACCCAACGCCCGTGGC-1,0.000101,0.000404,0.32733,0.533996,0.138169
ACCCACCTACATGCTC-1,0.000029,0.514023,0.000058,0.205302,0.280588
ACCCATTTGTCCCTCT-1,0.000018,0.125062,0.758899,0.07348,0.042541
ACCCGAGCGAAATTAC-1,0.000076,0.077126,0.15843,0.287544,0.476825
ACCCGATTGGTTCCGA-1,0.000035,0.000142,0.444957,0.080801,0.474064
ACCCGGAAACTCCCAG-1,0.000048,0.99971,0.000097,0.000048,0.000097
ACCCGGAGCACCACAA-1,0.000018,0.509252,0.000035,0.047246,0.443449
ACCCGGTTACACTTCC-1,0.000106,0.583584,0.000212,0.375098,0.041
ACCCGTAGTCTAGTTG-1,0.000027,0.092745,0.000053,0.000027,0.907149
ACCCGTGTCATCAGTA-1,0.002041,0.435531,0.004083,0.279215,0.27913
ACCCTATAGGACTGAG-1,0.000034,0.051301,0.022046,0.038898,0.887721
ACCCTATGCCATATCG-1,0.000029,0.901384,0.039669,0.026132,0.032786
ACCCTCCCGTCAGGGC-1,0.00003,0.025793,0.000059,0.00003,0.974089
ACCCTCCCTTGCTATT-1,0.000036,0.544716,0.000071,0.360474,0.094704
ACCCTGGTAACGCCCT-1,0.00007,0.008606,0.453207,0.407787,0.13033
ACCCTTCATCTGCGAA-1,0.000037,0.462889,0.000073,0.000037,0.536964
ACCCTTGCCTGGGTCG-1,0.000056,0.26267,0.497372,0.221272,0.018631
ACCCTTTAGTTCTCCA-1,0.000214,0.364119,0.187373,0.000214,0.44808
ACCGAAAGGGCCCTGC-1,0.000069,0.000276,0.028247,0.03798,0.933428
ACCGAAGAGTCTGGTT-1,0.000128,0.35307,0.000256,0.059069,0.587477
ACCGACACATCTCCCA-1,0.002565,0.393481,0.005129,0.441536,0.157289
ACCGACTGAGTCCCAC-1,0.000083,0.326946,0.000167,0.325257,0.347548
ACCGAGTCTCCTTATT-1,0.00011,0.175753,0.297877,0.114095,0.412165
ACCGATAGGCATAACC-1,0.000039,0.00202,0.715815,0.126958,0.155169
ACCGATATTTAATCAT-1,0.00101,0.004042,0.002021,0.854787,0.13814
ACCGCAATAACTGCCT-1,0.000021,0.837405,0.003398,0.121354,0.037823
ACCGCGGTGGAAGTCG-1,0.000159,0.434326,0.000318,0.220023,0.345175
ACCGGGCCTTTGTTGA-1,0.000377,0.239126,0.000755,0.647556,0.112185
ACCGGTCAGGTACACC-1,0.000565,0.617688,0.076303,0.000565,0.304879
ACCGTCCACTGGGCCC-1,0.000032,0.295456,0.000063,0.288821,0.415628
ACCGTGACCACGTGGG-1,0.000081,0.892952,0.000163,0.000081,0.106722
ACCTAAGTACCTTTCA-1,0.000424,0.288672,0.000848,0.532903,0.177154
ACCTAATCGACTTCCT-1,0.000117,0.523002,0.019627,0.144621,0.312633
ACCTACTATAAATCTA-1,0.000037,0.004983,0.372476,0.125361,0.497144
ACCTCCGCCCTCGCTG-1,0.001471,0.590061,0.404055,0.001471,0.002942
ACCTCGAACTTATGCT-1,0.000146,0.391954,0.032493,0.062982,0.512425
ACCTGCGTGTCATGTT-1,0.0004,0.11978,0.07641,0.582256,0.221154
ACGAAATGGGCGGCAC-1,0.00013,0.473986,0.000259,0.325786,0.199839
ACGACCCATGAGTTGC-1,0.000018,0.656551,0.019131,0.029213,0.295087
ACGACTGGTCATACTC-1,0.000037,0.348115,0.403794,0.162459,0.085595
ACGAGAACCCATCACG-1,0.000036,0.004183,0.084659,0.054566,0.856556
ACGAGATATTTGCTTA-1,0.000355,0.63582,0.000709,0.000355,0.362761
ACGAGGATACCACTCT-1,0.001205,0.399453,0.157871,0.439061,0.00241
ACGAGGTTTACAACGT-1,0.000275,0.560546,0.00055,0.15821,0.280419
ACGAGTACGGATGCCC-1,0.002326,0.145191,0.004653,0.002326,0.845504
ACGATACATAGAACTA-1,0.00024,0.422615,0.000481,0.234301,0.342363
ACGATCATACATAGAG-1,0.000307,0.650475,0.045749,0.138834,0.164636
ACGATGGATCCGATGC-1,0.000047,0.000189,0.000095,0.000047,0.999621
ACGCAAACTAATAGAT-1,0.000695,0.767975,0.001389,0.228552,0.001389
ACGCAATCACTACAGC-1,0.000061,0.07513,0.175711,0.419641,0.329456
ACGCATACGTTTACTA-1,0.000054,0.76973,0.060571,0.070428,0.099217
ACGCATTCGTGAGTAC-1,0.000061,0.587502,0.006347,0.293129,0.11296
ACGCCAGATGATTTCT-1,0.00007,0.430037,0.000238,0.149875,0.419781
ACGCCGCTAGACGACC-1,0.000046,0.410257,0.000091,0.491307,0.0983
ACGCGAAGTCAGACGA-1,0.000033,0.520747,0.008064,0.352749,0.118407
ACGCGTTTCTTAAGAG-1,0.000015,0.455581,0.00003,0.019283,0.525092
ACGCTAGTGATACACT-1,0.001389,0.356228,0.002779,0.001389,0.638216
ACGGAATTTAGCAAAT-1,0.00004,0.154773,0.052248,0.01227,0.780669
ACGGACTCTCAAAGCG-1,0.000389,0.576785,0.103709,0.000389,0.318727
ACGGAGCGCAAATTAC-1,0.00003,0.623738,0.013268,0.038171,0.324793
ACGGATGGTGCGGATA-1,0.000435,0.755775,0.00087,0.141577,0.101343
ACGGCACTTGCTTGGG-1,0.000017,0.810038,0.000034,0.11028,0.079632
ACGGCCAACATGGACT-1,0.000014,0.768305,0.000028,0.117356,0.114296
ACGGCGACGATGGGAA-1,0.000016,0.850604,0.000066,0.142751,0.006563
ACGGCGGGTTGCCCTG-1,0.00125,0.318462,0.304222,0.373565,0.002501
ACGGCTGGATGTAGAA-1,0.000962,0.592912,0.001924,0.151243,0.25296
ACGGGAGTGTCGGCCC-1,0.000443,0.315939,0.072298,0.363324,0.247996
ACGGGCGTATGCGACA-1,0.000239,0.239681,0.103074,0.379235,0.27777
ACGGGTCATGTGACTT-1,0.000037,0.064314,0.011146,0.121814,0.802688
ACGTACAGATTTCTCT-1,0.000043,0.000171,0.261143,0.232089,0.506553
ACGTACTTTGGCACGG-1,0.00008,0.161064,0.346583,0.235693,0.256581
ACGTAGGAGAGTCGCT-1,0.000054,0.000214,0.000107,0.000054,0.999571
ACGTCGGGCAACTCGG-1,0.000072,0.284642,0.103666,0.010672,0.600948
ACGTCTCGTTCCGGGA-1,0.000208,0.151016,0.180984,0.667375,0.000417
ACGTGACAAAGTAAGT-1,0.00026,0.634955,0.00052,0.059764,0.304501
ACGTGCGCCTCGTGCA-1,0.002084,0.319225,0.004168,0.10915,0.565373
ACGTTATTGGTCACTC-1,0.00002,0.684986,0.150789,0.002512,0.161693
ACGTTCCGCGCTCCGT-1,0.000075,0.010386,0.118762,0.025893,0.844884
ACGTTCGTTCAGGAAA-1,0.001111,0.75205,0.002223,0.001111,0.243504
ACGTTCTGTACAAGTC-1,0.000033,0.104049,0.234971,0.148525,0.512421
ACGTTTAGTTGTGATC-1,0.000021,0.427937,0.250241,0.006554,0.315247
ACTAAGGACGCACACC-1,0.00003,0.000119,0.700021,0.29977,0.00006
ACTAATACGTCAGGCG-1,0.000008,0.701769,0.221151,0.028851,0.048221
ACTACAAAGAGAGGTG-1,0.000055,0.061956,0.350962,0.245498,0.341528
ACTACATCCCGACAAG-1,0.000364,0.384626,0.000727,0.221805,0.392478
ACTACCAGCTCTCTGG-1,0.000007,0.928809,0.000568,0.000233,0.070383
ACTACGCGTTAGAATT-1,0.000348,0.001394,0.500017,0.352961,0.145279
ACTAGTTGCGATCGTC-1,0.000327,0.410537,0.000654,0.587828,0.000654
ACTATATGCTGTGTTC-1,0.000086,0.019806,0.049236,0.111628,0.819245
ACTATCGCCGGCTAAA-1,0.00002,0.000078,0.003126,0.14592,0.850855
ACTATCTGCCCGCGTA-1,0.001613,0.221719,0.003227,0.361783,0.411659
ACTATGTCCAGCTGCC-1,0.000971,0.381058,0.001942,0.000971,0.615058
ACTATTCGTCCGTGGT-1,0.00002,0.692168,0.023267,0.033961,0.250584
ACTATTTCCGGGCCCA-1,0.000588,0.659857,0.001177,0.337201,0.001177
ACTCAACGAATGTATT-1,0.000699,0.340678,0.386617,0.0007,0.271306
ACTCAAGTGCAAGGCT-1,0.000062,0.354805,0.000125,0.07855,0.566458
ACTCAATAAAGGCACG-1,0.000051,0.370002,0.009417,0.396179,0.22435
ACTCAGACCTGCTTCT-1,0.000049,0.091946,0.323239,0.125738,0.459029
ACTCATGGCAGCCTTC-1,0.00004,0.050235,0.00008,0.00004,0.949605
ACTCCAATATCATCAT-1,0.000096,0.63802,0.084783,0.106868,0.170233
ACTCCCATTCCTAAAG-1,0.000232,0.000928,0.701875,0.296501,0.000464
ACTCCCGTAGACTAGG-1,0.000073,0.141099,0.104971,0.353254,0.400603
ACTCCCTAATGCTAAA-1,0.000246,0.308688,0.000493,0.69008,0.000493
ACTCCCTAGAATAGTA-1,0.000041,0.38935,0.000082,0.315805,0.294722
ACTCCGGCCGACCACT-1,0.000036,0.074101,0.227197,0.041227,0.657438
ACTCGATGTATTTCAT-1,0.000027,0.364833,0.192014,0.110511,0.332615
ACTCGCCGTTCGATAA-1,0.00003,0.243728,0.184522,0.03027,0.54145
ACTCGTAACCCGTCCT-1,0.001087,0.239236,0.002175,0.63642,0.121082
ACTCTAAACCTGGGAT-1,0.000012,0.315361,0.000024,0.07131,0.613292
ACTCTCTTATACACGA-1,0.000085,0.313993,0.00017,0.000085,0.685667
ACTCTGACCTAATAGA-1,0.000013,0.687096,0.000025,0.000013,0.312853
ACTGAAACGCCGTTAG-1,0.000048,0.095742,0.000095,0.24928,0.654836
ACTGAATGGCGAAAGT-1,0.000028,0.55767,0.006187,0.37867,0.057444
ACTGCCCGCCATTCTC-1,0.000065,0.050475,0.380361,0.215866,0.353233
ACTGCCGTCGTAACTC-1,0.00002,0.634602,0.00004,0.025505,0.339833
ACTGCTCGGAAGGATG-1,0.000078,0.940332,0.059356,0.000078,0.000156
ACTGGCGAACCTGCGT-1,0.000053,0.00021,0.471212,0.224959,0.303566
ACTGTACGATACACAT-1,0.000037,0.015207,0.781188,0.203494,0.000073
ACTGTAGCACTTTGGA-1,0.000046,0.457309,0.000093,0.144384,0.398167
ACTGTATACGCGAGCA-1,0.000042,0.052995,0.000083,0.01856,0.92832
ACTGTCCAGGATTATA-1,0.000062,0.421467,0.000123,0.393554,0.184794
ACTGTCTTCTTTAGAA-1,0.000016,0.924548,0.003186,0.051029,0.021221
ACTGTGCTAGTAGATC-1,0.000021,0.483357,0.150082,0.005612,0.360928
ACTTACCGGGCGCGCA-1,0.000524,0.567472,0.001047,0.000524,0.430433
ACTTACGCATCCACGC-1,0.000603,0.244294,0.419153,0.024045,0.311905
ACTTAGTACGACAAGA-1,0.000025,0.500864,0.000049,0.000025,0.499037
ACTTATTTATGTGCCA-1,0.000153,0.229446,0.000306,0.380994,0.389101
ACTTCAGGCTGATCCC-1,0.000058,0.459273,0.000116,0.458374,0.08218
ACTTCCAGTGGAAGCT-1,0.000058,0.662171,0.003224,0.081198,0.253349
ACTTCCATGCGGGACA-1,0.000021,0.641075,0.146282,0.023997,0.188626
ACTTCGCCATACGCAC-1,0.000041,0.434201,0.000082,0.313779,0.251898
ACTTGGGACCCGGTGG-1,0.000052,0.27873,0.000103,0.490121,0.230994
ACTTGTAGTCCCTTCA-1,0.000758,0.208128,0.001516,0.577919,0.211679
ACTTGTGGATGGAACG-1,0.00073,0.261242,0.00146,0.198459,0.53811
ACTTTCCTATAGCTTC-1,0.000122,0.577249,0.000243,0.417865,0.004522
ACTTTGGTCGTGCTCC-1,0.001299,0.326616,0.002598,0.001299,0.668188
ACTTTGTCGACGCACT-1,0.000202,0.342447,0.149851,0.061648,0.445853
AGAAATTATGACTCGC-1,0.001111,0.315074,0.002223,0.103893,0.577699
AGAACCCTCAATTGGG-1,0.000242,0.584644,0.000484,0.200235,0.214395
AGAACGTGGTACATTC-1,0.000049,0.148608,0.809431,0.041813,0.000099
AGAAGGTACACTTCAC-1,0.000126,0.998007,0.001489,0.000126,0.000252
AGAAGGTTGCCGAATT-1,0.000116,0.622884,0.059551,0.119522,0.197927
AGAAGGTTGTAGGTCG-1,0.000057,0.087434,0.000115,0.242613,0.669781
AGAAGTGATTCGTGAT-1,0.000592,0.16266,0.001184,0.378876,0.456688
AGAATGCGGGTTCGGA-1,0.000057,0.321108,0.000114,0.000995,0.677727
AGAATTGTTTGACATA-1,0.000025,0.171552,0.335528,0.096337,0.396559
AGACAGCTCAGAATCC-1,0.000019,0.471258,0.029063,0.199949,0.299711
AGACAGGCATCTCAGC-1,0.002858,0.392696,0.382892,0.002858,0.218696
AGACATAGATCCTTCC-1,0.000101,0.28398,0.000201,0.098918,0.6168
AGACCAAACCACACCT-1,0.000091,0.653824,0.345812,0.000091,0.000182
AGACCATGGGATACAA-1,0.000027,0.146852,0.139825,0.308764,0.404532
AGACCCACCGCTGATC-1,0.000056,0.502507,0.000113,0.227766,0.269558
AGACCCGCCCTCCTCG-1,0.000013,0.907669,0.000025,0.061212,0.031081
AGACCGCTCCGCGGTT-1,0.000625,0.420844,0.00125,0.247912,0.329368
AGACGAAGTGCCGGTC-1,0.000097,0.195208,0.000195,0.609943,0.194557
AGACGACGATGCCGCT-1,0.000044,0.685935,0.000087,0.140948,0.172986
AGACGCCCACTTCGCC-1,0.000041,0.432482,0.000081,0.294117,0.273279
AGACGGGCCGATTTAA-1,0.000013,0.521173,0.028706,0.043252,0.406857
AGACTAGCCTTCCAGA-1,0.000025,0.926815,0.000295,0.072814,0.000051
AGACTGTTACCGGGTC-1,0.001429,0.005716,0.5384,0.001429,0.453026
AGAGAAACACCAGAAA-1,0.000033,0.262941,0.074674,0.19872,0.463633
AGAGAACCGTCTAGGA-1,0.000052,0.467055,0.054481,0.238383,0.24003
AGAGAAGGAGTACAAT-1,0.000101,0.727811,0.024565,0.124096,0.123426
AGAGCAGTTATGAGAC-1,0.000018,0.700607,0.000036,0.102769,0.19657
AGAGCCGCCGAGATTT-1,0.000083,0.026183,0.181093,0.247397,0.545244
AGAGCGCTTGTAACGG-1,0.000063,0.000251,0.678845,0.168692,0.15215
AGAGCGGGCTAATCAT-1,0.000019,0.588302,0.103506,0.014491,0.293682
AGAGCGTACAAGCTCG-1,0.000044,0.519684,0.081108,0.193269,0.205895
AGAGCTACGAAAGCAT-1,0.00003,0.00012,0.001004,0.033721,0.965125
AGAGGCTTCGGAAACC-1,0.000156,0.546533,0.000312,0.367214,0.085785
AGAGTAAACTTCACTA-1,0.000338,0.417481,0.000676,0.32576,0.255745
AGAGTTGCAGGCCTCC-1,0.000033,0.000134,0.880581,0.084901,0.034351
AGATAACTTCAGGGCC-1,0.000027,0.462291,0.000055,0.263045,0.274582
AGATACCAATAGAACC-1,0.000039,0.485171,0.003736,0.083436,0.427617
AGATACCAGCACTTCA-1,0.000026,0.232031,0.257587,0.215746,0.29461
AGATACGACTTCATAT-1,0.000019,0.696439,0.000038,0.000019,0.303484
AGATACTCAAGATCGA-1,0.000023,0.5727,0.000045,0.379628,0.047605
AGATATAATACGACTA-1,0.000034,0.112113,0.000281,0.340442,0.54713
AGATCGTGCATAAGAT-1,0.000827,0.003307,0.136704,0.000827,0.858336
AGATCTCAGGTGTGAT-1,0.000072,0.248246,0.059351,0.41796,0.27437
AGATGACTCGCCCACG-1,0.000018,0.887146,0.013244,0.018033,0.081559
AGATGAGGGTTGCGAT-1,0.000109,0.320694,0.000219,0.000109,0.678869
AGATGCAAGACGTGCA-1,0.000063,0.226088,0.03123,0.316654,0.425966
AGATGCATCCTGTGTC-1,0.000426,0.224026,0.000851,0.260753,0.513943
AGATGCTATAACGAGC-1,0.000011,0.183323,0.164353,0.03829,0.614022
AGATTCACAACCGATA-1,0.000083,0.345134,0.146813,0.240124,0.267845
AGCAAAGGCCGCTAGT-1,0.000538,0.661029,0.310388,0.000538,0.027508
AGCAACCGAAAGTAAT-1,0.000023,0.377868,0.322302,0.25803,0.041777
AGCACACGTTTAGACT-1,0.000026,0.281124,0.030237,0.445881,0.242732
AGCACCAGTACTCACG-1,0.000139,0.413385,0.000279,0.374475,0.211722
AGCACTACCTCACCAG-1,0.000041,0.887676,0.067966,0.044235,0.000082
AGCACTTAAGGACGCC-1,0.000027,0.390669,0.000053,0.338539,0.270712
AGCAGAAGGAGAAAGA-1,0.000035,0.000142,0.08296,0.22497,0.691893
AGCAGCCAGATGAATA-1,0.000031,0.742979,0.000062,0.186025,0.070904
AGCATATCAATATGCT-1,0.000175,0.200181,0.033552,0.641547,0.124544
AGCATCATTTCGAAAG-1,0.001,0.35305,0.264772,0.379178,0.002001
AGCATCGTCGATAATT-1,0.00002,0.796276,0.00004,0.07726,0.126403
AGCATTACGAGGCAAG-1,0.000045,0.024571,0.084989,0.054857,0.835538
AGCCAAGCTTTGTGTC-1,0.000069,0.224532,0.008424,0.356968,0.410007
AGCCACAGGTTACCCG-1,0.000035,0.561033,0.094148,0.08717,0.257614
AGCCACTCCCGTGCTT-1,0.000188,0.880081,0.000375,0.11898,0.000375
AGCCATATAGTATGTG-1,0.00005,0.242315,0.02016,0.737376,0.000099
AGCCCATACATGTAAG-1,0.000065,0.306847,0.013888,0.493093,0.186108
AGCCCGCAACAAGCAG-1,0.000033,0.187526,0.00397,0.30653,0.50194
AGCCCGGCATTAGAGG-1,0.000113,0.275732,0.003597,0.448189,0.272368
AGCCCGGTAGCCTGTA-1,0.000066,0.233144,0.108646,0.304358,0.353786
AGCCCTAAGCGAAGTT-1,0.000019,0.766939,0.086406,0.013129,0.133508
AGCCCTCCCTGGTGGC-1,0.00006,0.000241,0.016777,0.125306,0.857616
AGCCCTTCTAATCCGA-1,0.00004,0.964606,0.020005,0.00004,0.015308
AGCCCTTGGACATCCC-1,0.000012,0.770551,0.034816,0.179831,0.01479
AGCCGCTTGATTAGCG-1,0.000019,0.000078,0.224158,0.036127,0.739618
AGCCGTGGCTAAATGT-1,0.002,0.142601,0.004001,0.847396,0.004001
AGCCTAATACCCACGT-1,0.000057,0.508325,0.000114,0.329328,0.162177
AGCCTTAAAGCGGAAG-1,0.000023,0.408996,0.116947,0.156117,0.317917
AGCGACAGGAACGGTC-1,0.000054,0.551217,0.000108,0.329756,0.118865
AGCGACATCCCATTCA-1,0.000877,0.384813,0.309982,0.000877,0.30345
AGCGACCAACGATATT-1,0.00004,0.547946,0.00008,0.297587,0.154346
AGCGAGACGTGAAGGC-1,0.000026,0.311299,0.000053,0.000026,0.688596
AGCGATGCGCCTAATA-1,0.000046,0.037618,0.031554,0.386237,0.544545
AGCGCATAATGAATCG-1,0.000031,0.931867,0.035539,0.032499,0.000063
AGCGCGGGTGCCAATG-1,0.000047,0.647488,0.084767,0.078838,0.188859
AGCGCTTATGGGCAAG-1,0.000013,0.256447,0.597763,0.046071,0.099706
AGCGGACACTTCGTAG-1,0.000028,0.975056,0.024833,0.000028,0.000055
AGCGGCGGTTAGCGGT-1,0.00007,0.665861,0.219669,0.108538,0.005861
AGCGGGAAGGGTCCAT-1,0.000023,0.455426,0.016468,0.034928,0.493155
AGCGGGTCTGACACTC-1,0.000045,0.13656,0.000091,0.15567,0.707634
AGCGGTTGCCGCTCTG-1,0.000042,0.162511,0.22995,0.350303,0.257194
AGCGTACGAGAGCTAG-1,0.000021,0.733685,0.000042,0.000021,0.266231
AGCGTCTGAACCCGCA-1,0.004001,0.016006,0.008002,0.424071,0.54792
AGCGTGGTATTCTACT-1,0.000024,0.598331,0.000048,0.401331,0.000265
AGCTAACAAGCAATGT-1,0.000111,0.471077,0.000223,0.167392,0.361197
AGCTAAGTACGCAGGC-1,0.000031,0.222554,0.125108,0.055928,0.596379
AGCTAGAAGCAGAAGT-1,0.001695,0.006782,0.986437,0.001695,0.003391
AGCTATTTAATCCAAC-1,0.000039,0.24062,0.052062,0.170634,0.536646
AGCTCCATATATGTTC-1,0.000033,0.03329,0.529486,0.436755,0.000436
AGCTCCTTCGCACATC-1,0.000048,0.63428,0.000096,0.184615,0.180961
AGCTCGTTGATGGAAA-1,0.000106,0.000425,0.078869,0.468166,0.452434
AGCTCTTCCCAGTGCA-1,0.000224,0.73366,0.000449,0.113809,0.151858
AGCTGAAGTAAACCAA-1,0.000161,0.264289,0.088468,0.3638,0.283282
AGCTGTAACCTCAATC-1,0.000096,0.816196,0.068504,0.115012,0.000192
AGCTTATAGAGACCTG-1,0.000235,0.567112,0.233367,0.000235,0.199052
AGCTTCTTCTCGAGCA-1,0.000045,0.082987,0.005892,0.000045,0.911031
AGGAAAGCCTCTGATG-1,0.000321,0.282791,0.157272,0.000321,0.559296
AGGAACGAACGACTTC-1,0.000019,0.605537,0.249385,0.037205,0.107855
AGGAAGCTGTCCGCCG-1,0.001053,0.47439,0.002106,0.259707,0.262745
AGGACAGTCGAATCCC-1,0.000057,0.221635,0.000113,0.687341,0.090854
AGGACATCGCACGTCG-1,0.000036,0.581117,0.03086,0.054714,0.333273
AGGACATCGGCACACT-1,0.000052,0.153142,0.143018,0.000052,0.703737
AGGACGACCCATTAGA-1,0.000056,0.43296,0.10015,0.278214,0.188619
AGGACGCTCGATGTTG-1,0.001852,0.297594,0.003705,0.001852,0.694997
AGGACTTATAGGAGAA-1,0.000022,0.050361,0.17494,0.054094,0.720583
AGGAGGCCTTCGCGCG-1,0.00012,0.191172,0.00024,0.464777,0.343692
AGGATAAAGTCGGGAT-1,0.000038,0.412441,0.00042,0.42046,0.166641
AGGATATAGGGATTTA-1,0.000187,0.338947,0.030404,0.557693,0.072769
AGGATCACGCGATCTG-1,0.000709,0.155259,0.323881,0.518732,0.001419
AGGCACGTGACTGTCC-1,0.000029,0.23161,0.274878,0.03016,0.463323
AGGCAGATGCGTAAAC-1,0.000034,0.128225,0.590112,0.256402,0.025227
AGGCAGGGAGCGTACT-1,0.000041,0.749161,0.160743,0.004776,0.085279
AGGCATTGTCGTAGGG-1,0.000184,0.095996,0.000368,0.903083,0.000368
AGGCCACCCGTTATGA-1,0.000046,0.318616,0.01766,0.340779,0.322898
AGGCCCAGTGACTGGT-1,0.000025,0.000099,0.071011,0.174324,0.754542
AGGCCCATTGTACAGG-1,0.000049,0.085562,0.037945,0.143955,0.73249
AGGCCCTAGAACGCCA-1,0.000049,0.238314,0.364125,0.378025,0.019486
AGGCCTATCATACCAA-1,0.000493,0.173086,0.000986,0.48235,0.343085
AGGCCTGAGAATCTCG-1,0.000012,0.912915,0.031118,0.000012,0.055942
AGGCGATAACTGGCGT-1,0.00005,0.315761,0.000101,0.047308,0.63678
AGGCGGTTTGTCCCGC-1,0.000488,0.446104,0.000976,0.000488,0.551944
AGGCGTCTATGGACGG-1,0.000038,0.125586,0.031205,0.065811,0.77736
AGGCTATGGTTAGCTT-1,0.000039,0.838168,0.027215,0.079892,0.054685
AGGCTTCCCGAAGAAG-1,0.000019,0.920022,0.003696,0.068226,0.008038
AGGCTTGCTAGACACC-1,0.000074,0.533971,0.000147,0.128261,0.337547
AGGGAAACGAGGTACT-1,0.000044,0.057094,0.000088,0.011456,0.931318
AGGGACAGCACGGCGG-1,0.000172,0.466268,0.098249,0.207227,0.228084
AGGGACTCTACGCGAC-1,0.000015,0.851456,0.000029,0.000015,0.148485
AGGGCAGCGGCGTGGT-1,0.000069,0.344042,0.000137,0.000069,0.655684
AGGGCCCTAATGTTCT-1,0.000032,0.132995,0.318098,0.218236,0.330639
AGGGCGAGCAGCTGAT-1,0.000078,0.236522,0.016196,0.494089,0.253114
AGGGCGTGATCGGCTA-1,0.000018,0.353587,0.018929,0.251951,0.375515
AGGGTCAGAGCACTCG-1,0.00005,0.0002,0.107656,0.322719,0.569374
AGGGTCAGTAACCCTA-1,0.000028,0.272216,0.633333,0.000052,0.09437
AGGGTCTGGACGCAGT-1,0.000057,0.000227,0.000114,0.000057,0.999546
AGGGTGCCGTTCTTTA-1,0.00012,0.287578,0.000239,0.148571,0.563492
AGGGTGGATAGTGCAT-1,0.000032,0.343234,0.000063,0.11988,0.536791
AGGGTTCAGACGGTCC-1,0.000048,0.000193,0.116814,0.340619,0.542326
AGGGTTCCCTTTGGTT-1,0.000143,0.027984,0.011079,0.694753,0.266041
AGGGTTTAGTTCGGGA-1,0.000075,0.516918,0.00015,0.293076,0.189781
AGGTAACCTCCTATTC-1,0.000025,0.132893,0.215993,0.053546,0.597543
AGGTACGATATTGCCA-1,0.001075,0.4168,0.002151,0.001076,0.578898
AGGTAGATCGAGATAT-1,0.000025,0.425965,0.021856,0.227674,0.32448
AGGTCAGGTGAGAGTG-1,0.000217,0.094672,0.004286,0.692035,0.20879
AGGTCGCCTCCCAACA-1,0.000022,0.054528,0.000236,0.006499,0.938715
AGGTCGCGGAGTTACT-1,0.002564,0.01026,0.434862,0.002565,0.54975
AGGTGCACGTCCACAT-1,0.000336,0.630638,0.169438,0.049494,0.150095
AGGTGGTGACCTTCGC-1,0.002128,0.008513,0.511198,0.002128,0.476032
AGGTGTTGCCGACCAC-1,0.000036,0.39791,0.017079,0.141647,0.443328
AGGTTCTCCTTTCCGG-1,0.000072,0.2069,0.000144,0.000794,0.79209
AGGTTGAGGCACGCTT-1,0.00031,0.278775,0.230795,0.459176,0.030944
AGTAATGTCTTGCCGC-1,0.000045,0.314631,0.017337,0.191713,0.476274
AGTAATTTGCAAGCGT-1,0.000153,0.475551,0.000306,0.014661,0.50933
AGTACAGAAGCTTATA-1,0.000082,0.391346,0.013109,0.138954,0.456509
AGTACCTTCGAGTGCT-1,0.000296,0.631431,0.000592,0.183041,0.18464
AGTACGGGCACCTGGC-1,0.000135,0.358496,0.00027,0.236799,0.4043
AGTACGTGGCCTGTCT-1,0.000439,0.430232,0.000877,0.187266,0.381186
AGTACTCTTATGCCCA-1,0.000042,0.171428,0.448266,0.219725,0.160539
AGTAGAAGGCGCCTCA-1,0.000039,0.043291,0.000077,0.13328,0.823312
AGTAGGAAGGAAGTTG-1,0.000081,0.544948,0.049363,0.000081,0.405527
AGTAGGTAACATACAT-1,0.00002,0.622591,0.014708,0.00115,0.36153
AGTATAATACTAGGCA-1,0.000022,0.707921,0.001153,0.101265,0.189639
AGTATACACAGCGACA-1,0.000048,0.036034,0.299797,0.248373,0.415748
AGTATGCTGGAGACCA-1,0.000069,0.184187,0.028827,0.344893,0.442025
AGTATTTGGCACGACC-1,0.000295,0.898928,0.099891,0.000295,0.00059
AGTCAAATGATGTGAT-1,0.00003,0.000121,0.590723,0.112087,0.29704
AGTCAAGATGACACTT-1,0.000024,0.94802,0.033479,0.018428,0.000049
AGTCACTAGCTCTCGA-1,0.000129,0.521583,0.148375,0.080513,0.249401
AGTCACTCCGCCTCAT-1,0.003705,0.531889,0.007409,0.003705,0.453292
AGTCAGCCACCGCCTG-1,0.000028,0.434158,0.148155,0.000359,0.417301
AGTCCCGCCTTTAATT-1,0.001282,0.438853,0.002565,0.001282,0.556017
AGTCGGCCCAAACGAC-1,0.000005,0.961042,0.000009,0.001262,0.037682
AGTCGGCTCAACTTTA-1,0.000274,0.09823,0.000548,0.774717,0.126232
AGTCGTATAAAGCAGA-1,0.000105,0.076849,0.000209,0.211766,0.711071
AGTCGTCGACCACCAA-1,0.000035,0.370512,0.00713,0.279829,0.342494
AGTCGTGGGCATTACG-1,0.000105,0.563273,0.026329,0.152731,0.257563
AGTCTCACAAGACTAC-1,0.000104,0.453538,0.000208,0.334099,0.212052
AGTCTGGACATCCTTG-1,0.000041,0.176867,0.026468,0.194035,0.602589
AGTCTTCTCCTCAAAT-1,0.000018,0.814947,0.005509,0.043712,0.135815
AGTCTTTAAAGTGTCC-1,0.000054,0.029451,0.061502,0.219963,0.68903
AGTGAACAAACTTCTC-1,0.000047,0.582036,0.000094,0.314799,0.103025
AGTGAAGATGGTGTCC-1,0.000097,0.000389,0.291992,0.341817,0.365704
AGTGACCTACTTTACG-1,0.000053,0.344564,0.000105,0.396015,0.259263
AGTGACTGTGACACAA-1,0.00011,0.306123,0.07191,0.111651,0.510206
AGTGAGCCTCGCCGCC-1,0.000385,0.248703,0.040397,0.352069,0.358447
