Barcode,Topic 1to4,Topic 5to7,Topic 8to9
AAACAAGTATCTCCCA-1,0.653775,0.305258,0.040967
AAACACCAATAACTGC-1,0.803049,0.174058,0.022894
AAACAGAGCGACTCCT-1,0.130924,0.697005,0.172071
AAACAGCTTTCAGAAG-1,0.844545,0.153662,0.001793
AAACAGGGTCTATATT-1,0.994441,0.003336,0.002223
AAACATTTCCCGGATT-1,0.776654,0.177849,0.045497
AAACCCGAACGAAATC-1,0.364287,0.614639,0.021074
AAACCGGAAATGTTAA-1,0.286968,0.258364,0.454667
AAACCGGGTAGGTACC-1,0.999288,0.000427,0.000285
AAACCGTTCGTCCAGG-1,0.829515,0.055306,0.115179
AAACCTAAGCAGCCGG-1,0.454262,0.490735,0.055003
AAACCTCATGAAGTTG-1,0.999349,0.000391,0.00026
AAACGAAGATGGAGTA-1,0.965571,0.0208,0.013629
AAACGAGACGGTTGAT-1,0.796819,0.177083,0.026098
AAACGGGCGTACGGGT-1,0.554894,0.378028,0.067078
AAACTCGGTTCGCAAT-1,0.577201,0.296862,0.125938
AAACTGCTGGCTCCAA-1,0.919084,0.038756,0.04216
AAACTTGCAAACGTAT-1,0.944853,0.004508,0.05064
AAAGACTGGGCGCTTT-1,0.999562,0.000263,0.000175
AAAGGGATGTAGCAAG-1,0.242867,0.517407,0.239726
AAAGGGCAGCTTGAAT-1,0.846627,0.152734,0.000639
AAAGTAGCATTGCTCA-1,0.902757,0.089338,0.007905
AAAGTCGACCCTCAGT-1,0.997854,0.001288,0.000859
AAAGTGTGATTTATCT-1,0.810318,0.167416,0.022267
AAAGTTGACTCCCGTA-1,0.413528,0.586193,0.000279
AAATAACCATACGGGA-1,0.193316,0.586844,0.219839
AAATAAGGTAGTGCCC-1,0.228723,0.69029,0.080987
AAATACCTATAAGCAT-1,0.834709,0.006178,0.159114
AAATAGCTTAGACTTT-1,0.012258,0.946838,0.040904
AAATAGGGTGCTATTG-1,0.789112,0.210414,0.000474
AAATCCGATACACGCC-1,0.376837,0.608942,0.014221
AAATCGCGGAAGGAGT-1,0.996269,0.002239,0.001493
AAATCGTGTACCACAA-1,0.522344,0.28432,0.193336
AAATCTAGCCCTGCTA-1,0.670178,0.329482,0.000339
AAATGCTCGTTACGTT-1,0.772626,0.221134,0.00624
AAATGGCATGTCTTGT-1,0.132382,0.660007,0.207611
AAATGGCCCGTGCCCT-1,0.997583,0.00145,0.000967
AAATGTATCTTATCCC-1,0.969666,0.002138,0.028196
AAATTAACGGGTAGCT-1,0.494701,0.112151,0.393148
AAATTAATAAGCGCGA-1,0.55013,0.448648,0.001222
AAATTACACGACTCTG-1,0.241863,0.186217,0.57192
AAATTACCTATCGATG-1,0.230305,0.750321,0.019373
AAATTCCAGGTCCAAA-1,0.277861,0.630692,0.091447
AAATTGATAGTCCTTT-1,0.925479,0.074315,0.000207
AAATTTGCGGGTGTGG-1,0.999845,0.000093,0.000062
AACAACTGGTAGTTGC-1,0.999753,0.000148,0.000099
AACAATACATTGTCGA-1,0.903374,0.096113,0.000514
AACAATTACTCTACGC-1,0.910404,0.088571,0.001025
AACACACGCTCGCCGC-1,0.627356,0.360986,0.011658
AACACGAGACGCGGCC-1,0.988323,0.00023,0.011447
AACAGCTGTGTGGCAA-1,0.855214,0.144614,0.000172
AACAGGAAATCGAATA-1,0.123416,0.294857,0.581728
AACAGGATGGGCCGCG-1,0.910397,0.088579,0.001025
AACAGGTAGTATGGAT-1,0.928848,0.037754,0.033398
AACATATCAACTGGTG-1,0.256933,0.670697,0.072371
AACCAAGACTTCTCTG-1,0.998529,0.000882,0.000588
AACCATGGGATCGCTA-1,0.392031,0.572976,0.034993
AACCCATCCCATGATC-1,0.99962,0.000228,0.000152
AACCCGAGCAGAATCG-1,0.332318,0.618631,0.049051
AACCCTACTGTCAATA-1,0.464037,0.529368,0.006595
AACCCTGGTGGAACCA-1,0.444088,0.405352,0.15056
AACCGAGCTTGGTCAT-1,0.84198,0.132695,0.025324
AACCGCTAAGGGATGC-1,0.710986,0.288846,0.000168
AACCTCGCTTTAGCCC-1,0.550452,0.363364,0.086184
AACCTGTCACGGAATT-1,0.094591,0.61503,0.290379
AACCTTTAAATACGGT-1,0.978479,0.003666,0.017855
AACCTTTACGACGTCT-1,0.456227,0.490736,0.053037
AACGAAAGTCGTCCCA-1,0.84151,0.125318,0.033172
AACGATAATGCCGTAG-1,0.831902,0.166498,0.0016
AACGATAGAAGGGCCG-1,0.000208,0.28792,0.711872
AACGATATGTCAACTG-1,0.702684,0.297128,0.000188
AACGCGAACGGCAACA-1,0.494646,0.185281,0.320074
AACGCGGTCTCCAGCC-1,0.776245,0.181739,0.042016
AACGCTGTTGCTGAAA-1,0.53888,0.460961,0.000158
AACGGACGTACGTATA-1,0.658673,0.318668,0.022659
AACGGCCATCTCCGGT-1,0.518755,0.38097,0.100275
AACGTACTGTGGGTAC-1,0.66784,0.064113,0.268047
AACGTCAGACTAGTGG-1,0.593417,0.378617,0.027967
AACGTGCGAAAGTCTC-1,0.615216,0.331653,0.053131
AACGTTATCAGCACCT-1,0.992385,0.00457,0.003046
AACTACCCGTTTGTCA-1,0.001115,0.968236,0.030649
AACTAGGCTTGGGTGT-1,0.530241,0.468967,0.000791
AACTCCAGAGCGTGTT-1,0.658134,0.341785,0.000081
AACTCGATGGCGCAGT-1,0.236818,0.602566,0.160616
AACTCTCAATAGAGCG-1,0.54584,0.443884,0.010276
AACTCTCAGTGTGCTC-1,0.94267,0.000314,0.057016
AACTGAGTTATACTGA-1,0.092702,0.000444,0.906854
AACTGATATTAGGCCT-1,0.202295,0.378853,0.418852
AACTGGGTCCCGACGT-1,0.39999,0.470961,0.12905
AACTTCTGCGTCTATC-1,0.935226,0.000899,0.063875
AACTTGCCCGTATGCA-1,0.997971,0.001217,0.000812
AACTTGCGTTCTCGCG-1,0.794357,0.205333,0.00031
AACTTTACGGGAGCTT-1,0.889514,0.001432,0.109054
AAGAAGGATCAGTTAG-1,0.317173,0.673404,0.009423
AAGACATACGTGGTTT-1,0.190703,0.654921,0.154376
AAGACTGCAAGCTACT-1,0.445142,0.554547,0.000312
AAGAGATGAATCGGTA-1,0.855948,0.143362,0.000691
AAGAGCTCTTTATCGG-1,0.743884,0.25586,0.000256
AAGAGGATGTACGCGA-1,0.878621,0.098623,0.022756
AAGAGGCATGGATCGC-1,0.679586,0.320215,0.000199
AAGAGGCCCTTTGGAA-1,0.171005,0.717239,0.111757
AAGATGGCACCGGACC-1,0.537239,0.286012,0.176749
AAGATTGGCGGAACGT-1,0.55454,0.445358,0.000101
AAGCACCCTGCGTATC-1,0.907601,0.00337,0.089029
AAGCATACTCTCCTGA-1,0.232244,0.693226,0.074531
AAGCCGAAGCGGTTTA-1,0.433003,0.566769,0.000228
AAGCGCAGGGCTTTGA-1,0.326794,0.536057,0.13715
AAGCGTCCCTCATCGA-1,0.949774,0.027721,0.022504
AAGCTAGATCGAGTAA-1,0.754707,0.205088,0.040204
AAGCTCGTGCCAAGTC-1,0.353916,0.645676,0.000408
AAGCTCTTTCATGGTG-1,0.717939,0.249034,0.033027
AAGGATCGATCGCTTG-1,0.058309,0.941086,0.000604
AAGGATGAGGGACCTC-1,0.389056,0.610827,0.000117
AAGGCAGGCTGTCTCC-1,0.08035,0.507072,0.412578
AAGGCGCGTAAAGCTT-1,0.896698,0.103264,0.000039
AAGGGACAGATTCTGT-1,0.253728,0.741456,0.004817
AAGGGACTATGCATTC-1,0.642526,0.316855,0.040618
AAGGGTTTGATTTCAG-1,0.8965,0.001803,0.101697
AAGGTATCCTAATATA-1,0.582741,0.411829,0.00543
AAGGTGATAAACCAGC-1,0.731351,0.237731,0.030918
AAGTAGTGACGCGAGG-1,0.998923,0.000646,0.000431
AAGTCAATTGTCGTCA-1,0.46356,0.527409,0.009031
AAGTCTTCTGTGGCCT-1,0.893153,0.104729,0.002118
AAGTGACGACCGAATT-1,0.958744,0.010979,0.030277
AAGTGCAAAGGTAGAC-1,0.999246,0.000453,0.000302
AAGTGCCTTGACTGTA-1,0.61029,0.389268,0.000442
AAGTGCGTTAGAATCT-1,0.97014,0.029788,0.000072
AAGTGTTTGGAGACGG-1,0.618591,0.381064,0.000345
AAGTTCACTCCAAGCT-1,0.721198,0.267727,0.011075
AAGTTCGGCCAACAGG-1,0.999764,0.000142,0.000094
AAGTTGTGATGTTATA-1,0.364098,0.626659,0.009243
AAGTTTATGGGCCCAA-1,0.544812,0.35299,0.102198
AATAACAACGCTCGGC-1,0.997134,0.00172,0.001146
AATAACACTAGAACAA-1,0.615864,0.384054,0.000082
AATAATCTTCGTATCG-1,0.375714,0.338968,0.285317
AATACAATGTTTCAGG-1,0.797795,0.199982,0.002224
AATAGAATCTGTTTCA-1,0.894043,0.105694,0.000263
AATAGTCGCGAGTCGG-1,0.997134,0.001719,0.001146
AATATCCTAGCAAACT-1,0.988545,0.000397,0.011058
AATATCGAATCAATGC-1,0.748346,0.179811,0.071844
AATATCGAGGGTTCTC-1,0.261459,0.738392,0.000149
AATATTGGAGTATTGA-1,0.452585,0.532985,0.01443
AATCATGTAAAGACTC-1,0.654642,0.177845,0.167513
AATCCATGCAAGGGTG-1,0.255498,0.693158,0.051344
AATCGCCTCAGCGCCA-1,0.81657,0.172135,0.011295
AATCGCGCAGAGGACT-1,0.202342,0.330481,0.467177
AATCGTGAGCCGAGCA-1,0.381129,0.611021,0.00785
AATCTAGGTTTACTTG-1,0.999405,0.000357,0.000238
AATCTCTACTGTGGTT-1,0.996548,0.002071,0.001381
AATCTGCGTTGGGACG-1,0.446094,0.552641,0.001265
AATCTGGCTTTCTAGT-1,0.999,0.0006,0.0004
AATGACAGCAATGTCT-1,0.858752,0.083726,0.057523
AATGACGTAGGATGTC-1,0.702669,0.242466,0.054865
AATGAGTTCGCATATG-1,0.996928,0.001843,0.001229
AATGATGATACGCTAT-1,0.344271,0.635848,0.019881
AATGATGCGACTCCTG-1,0.230021,0.769871,0.000108
AATGCAACCGGGTACC-1,0.287205,0.416708,0.296087
AATGCACCAAGCAATG-1,0.170195,0.822925,0.00688
AATGGTCCACCGTTCA-1,0.746973,0.252496,0.000531
AATGGTTCTCACAAGC-1,0.074615,0.925365,0.000021
AATGTGCCCGAGGTGT-1,0.645986,0.095313,0.258701
AATGTTGTCGTGAGAC-1,0.253724,0.555089,0.191187
AATTAACGGATTTCCA-1,0.90019,0.000599,0.099211
AATTACGAGACCCATC-1,0.357286,0.642626,0.000088
AATTACTCGTACGCTC-1,0.791793,0.206958,0.001249
AATTAGCGCTGCAGCG-1,0.817,0.182919,0.000081
AATTCATAAGGGATCT-1,0.394876,0.605006,0.000118
AATTCGATTCGAGGAT-1,0.57822,0.331185,0.090595
AATTCTAGAGTTAGGC-1,0.999677,0.000194,0.000129
AATTGAACGCTCTGGT-1,0.763407,0.236403,0.00019
AATTGCAGCAATCGAC-1,0.540741,0.459202,0.000057
AATTGTGGTTGCCAAA-1,0.277463,0.614796,0.107741
AATTTGGGACATAGTA-1,0.392692,0.467084,0.140224
ACAAAGAAGGTAGGCC-1,0.999232,0.000461,0.000307
ACAAAGCATGACCTAG-1,0.488771,0.511032,0.000197
ACAAATCGCACCGAAT-1,0.754809,0.24492,0.000271
ACAAATGGTAGTGTTT-1,0.593684,0.406153,0.000163
ACAACAGCATGAGCTA-1,0.295847,0.703979,0.000174
ACAACGGTCCCTGCGA-1,0.997894,0.001264,0.000842
ACAAGCAGTGCCTAGC-1,0.998331,0.001002,0.000668
ACAAGCTATATGGAAG-1,0.994756,0.003147,0.002098
ACAAGGAAATCCGCCC-1,0.184519,0.804416,0.011064
ACAAGGACAAGAGGTT-1,0.723763,0.249169,0.027068
ACAAGGATGCTTTAGG-1,0.471697,0.528249,0.000053
ACAAGGGCAGGCTCTG-1,0.657035,0.312157,0.030809
ACAATAGTCGTACGTT-1,0.999704,0.000178,0.000119
ACAATCCATTTAAACC-1,0.99912,0.000528,0.000352
ACAATGAATACGGAGA-1,0.635114,0.231009,0.133877
ACAATTGTGTCTCTTT-1,0.500883,0.498929,0.000188
ACAATTTAGGAGGCTC-1,0.997949,0.001231,0.00082
ACAATTTGAGCAGTGG-1,0.70885,0.290963,0.000187
ACAATTTGGCCATATT-1,0.250428,0.544752,0.20482
ACACAAAGACGGGTGG-1,0.151435,0.019966,0.828599
ACACACCAGGACCAGT-1,0.91165,0.088233,0.000117
ACACACTTTCTACACG-1,0.000206,0.023316,0.976478
ACACATGATCAAATCT-1,0.455934,0.521977,0.022089
ACACATTGACGCAACA-1,0.607649,0.343814,0.048537
ACACCACATAATTAGC-1,0.33134,0.543606,0.125054
ACACCCAGCATGCAGC-1,0.000241,0.220756,0.779002
ACACCCGAGAAATCCG-1,0.373327,0.60879,0.017883
ACACCGAGCGCTCTTT-1,0.825211,0.158342,0.016447
ACACCTTAAGTAGGGC-1,0.496763,0.449186,0.054051
ACACCTTACTACTTGC-1,0.013898,0.979152,0.00695
ACACGAGACTCCTTCT-1,0.809498,0.155483,0.035018
ACACGGGAACTTAGGG-1,0.977015,0.022844,0.000141
ACACGTAGGCCACAAG-1,0.223838,0.470216,0.305946
ACACTCCAATGTCACT-1,0.752001,0.246582,0.001416
ACACTGGGACAGTCGT-1,0.420193,0.5013,0.078507
ACAGAACTGAGAACAA-1,0.999908,0.000055,0.000037
ACAGCGACATTCTCAT-1,0.813715,0.141416,0.044869
ACAGGCACGGATCCTT-1,0.295227,0.664072,0.040701
ACAGGCTTGCCCGACT-1,0.654989,0.344841,0.000169
ACAGGTGGAGGTGAGG-1,0.784939,0.214775,0.000286
ACAGGTGTGTTGTTGC-1,0.996139,0.002316,0.001544
ACAGTAATACAACTTG-1,0.996894,0.001863,0.001242
ACATAAGTCGTGGTGA-1,0.912823,0.063829,0.023348
ACATAATAAGGCGGTG-1,0.166835,0.294668,0.538497
ACATCAGCTGGGACGC-1,0.962984,0.036887,0.000129
ACATCCTGGTAACTGT-1,0.470054,0.529473,0.000473
ACATCGATCGTTTACC-1,0.76259,0.198712,0.038698
ACATCGGTCAGCCGCG-1,0.903774,0.000559,0.095668
ACATCGTATGCAATGG-1,0.659559,0.305661,0.03478
ACATGGCGCCAAAGTA-1,0.366419,0.489669,0.143912
ACATGGCTCAATTTAG-1,0.706003,0.193619,0.100377
ACATTAGTTTATATCC-1,0.424673,0.289045,0.286282
ACCAACCGCACTCCAC-1,0.603904,0.378194,0.017902
ACCAATATGCAAGTTA-1,0.6482,0.351458,0.000342
ACCACAAGTTTCTATC-1,0.289477,0.047257,0.663266
ACCACCAATGTAACAA-1,0.002696,0.872282,0.125022
ACCACGTGCAGCTATA-1,0.77886,0.001885,0.219255
ACCACTGTTCAAGAAG-1,0.265234,0.67545,0.059316
ACCAGACCATAACAAC-1,0.878217,0.121182,0.000601
ACCAGTGCGGGAGACG-1,0.522839,0.463925,0.013235
ACCATATCCGCAATAA-1,0.224804,0.00269,0.772506
ACCATCCGCCAACTAG-1,0.902267,0.096994,0.000739
ACCATCGTATATGGTA-1,0.809907,0.119937,0.070156
ACCATTAAGGGTGTCA-1,0.99389,0.003666,0.002444
ACCCAACGCCCGTGGC-1,0.386039,0.613867,0.000094
ACCCACCTACATGCTC-1,0.996057,0.002366,0.001577
ACCCATCTTGAGGGTA-1,0.973746,0.000217,0.026037
ACCCATTTGTCCCTCT-1,0.807886,0.186707,0.005408
ACCCGAGCGAAATTAC-1,0.568769,0.422434,0.008797
ACCCGGAAACTCCCAG-1,0.844633,0.154739,0.000628
ACCCGGAGCACCACAA-1,0.182753,0.197107,0.62014
ACCCGGATGACGCATC-1,0.389793,0.610007,0.0002
ACCCGTAGTCTAGTTG-1,0.341408,0.579101,0.07949
ACCCTATAGGACTGAG-1,0.855286,0.143506,0.001208
ACCCTATGCCATATCG-1,0.344044,0.126336,0.52962
ACCCTCCCGTCAGGGC-1,0.280026,0.719363,0.000611
ACCCTCCCTTGCTATT-1,0.568788,0.401295,0.029917
ACCCTTCATCTGCGAA-1,0.125392,0.462382,0.412226
ACCGAAGAGTCTGGTT-1,0.999381,0.000371,0.000248
ACCGACACATCTCCCA-1,0.996084,0.002349,0.001566
ACCGACTGAGTCCCAC-1,0.749594,0.232469,0.017938
ACCGATAGGCATAACC-1,0.451857,0.547859,0.000284
ACCGATATTTAATCAT-1,0.444886,0.438729,0.116385
ACCGATGGTAGCATCG-1,0.54934,0.450525,0.000135
ACCGCAATAACTGCCT-1,0.640527,0.359307,0.000166
ACCGCGGTGGAAGTCG-1,0.423872,0.513108,0.06302
ACCGGGCCTTTGTTGA-1,0.672692,0.327123,0.000185
ACCGGTCAGGTACACC-1,0.346986,0.566601,0.086413
ACCGTGACCACGTGGG-1,0.785892,0.213577,0.000531
ACCTAAGTACCTTTCA-1,0.908986,0.09059,0.000424
ACCTAATCGACTTCCT-1,0.997918,0.001249,0.000833
ACCTACAGTATGTGGT-1,0.212149,0.472261,0.31559
ACCTCCGCCCTCGCTG-1,0.673106,0.247071,0.079823
ACCTCCGTTATTCACC-1,0.173794,0.789054,0.037152
ACCTGCGTGTCATGTT-1,0.462935,0.536905,0.00016
ACGAAATGGGCGGCAC-1,0.99807,0.001158,0.000772
ACGACCCATGAGTTGC-1,0.131894,0.661786,0.206319
ACGACTGGTCATACTC-1,0.358823,0.596249,0.044929
ACGAGGATACCACTCT-1,0.901735,0.097426,0.000839
ACGAGGTTTACAACGT-1,0.998422,0.001477,0.000101
ACGAGTACGGATGCCC-1,0.093524,0.875909,0.030568
ACGATACATAGAACTA-1,0.807907,0.134183,0.057911
ACGATACCTATCCTGA-1,0.905757,0.006672,0.087572
ACGATCATACATAGAG-1,0.606908,0.325608,0.067484
ACGATCATCTTGTAAA-1,0.264747,0.729273,0.00598
ACGATGCATATGTTAT-1,0.649122,0.241469,0.109409
ACGATGGATCCGATGC-1,0.44619,0.408626,0.145185
ACGCATACGTTTACTA-1,0.820535,0.179022,0.000443
ACGCATTCGTGAGTAC-1,0.317822,0.55661,0.125568
ACGCCAGATGATTTCT-1,0.254414,0.67627,0.069316
ACGCCGCTAGACGACC-1,0.580371,0.38246,0.037169
ACGCGAAGTCAGACGA-1,0.201818,0.452999,0.345183
ACGCGCTACACAGGGT-1,0.99569,0.002586,0.001724
ACGCGGGCCAAGGACA-1,0.858392,0.075266,0.066343
ACGCGTTTCTTAAGAG-1,0.951419,0.001756,0.046825
ACGCTAGTGATACACT-1,0.35587,0.623865,0.020265
ACGCTGTGAGGCGTAG-1,0.928076,0.071352,0.000572
ACGGAATTTAGCAAAT-1,0.877062,0.122577,0.000361
ACGGACTCTCAAAGCG-1,0.697018,0.301835,0.001146
ACGGATGGTGCGGATA-1,0.775151,0.22396,0.000889
ACGGCGACGATGGGAA-1,0.445069,0.533173,0.021757
ACGGGAGTGTCGGCCC-1,0.883215,0.104226,0.012559
ACGGGTCATGTGACTT-1,0.825772,0.172957,0.001271
ACGTAGATTGCTGATG-1,0.815445,0.183372,0.001183
ACGTATTACTCCGATC-1,0.018446,0.979303,0.002251
ACGTCTCGTTCCGGGA-1,0.676608,0.321929,0.001463
ACGTGACAAAGTAAGT-1,0.690915,0.308485,0.000599
ACGTGCGCCTCGTGCA-1,0.053665,0.372506,0.57383
ACGTTAATGTCGAAGA-1,0.709608,0.288407,0.001985
ACGTTAGATTTGCCCG-1,0.704084,0.171742,0.124174
ACGTTATTGGTCACTC-1,0.996504,0.002098,0.001398
ACGTTCGCAATCAATT-1,0.000157,0.962056,0.037787
ACGTTCGTTCAGGAAA-1,0.372369,0.626455,0.001177
ACGTTCTGTACAAGTC-1,0.711532,0.239716,0.048752
ACGTTTAGTTGTGATC-1,0.288907,0.335341,0.375752
ACTACCAGCTCTCTGG-1,0.358155,0.639182,0.002663
ACTAGTTGCGATCGTC-1,0.678238,0.321317,0.000446
ACTATCCAGGGCATGG-1,0.212398,0.743467,0.044134
ACTATCGCCGGCTAAA-1,0.460559,0.276602,0.262839
ACTATCTGCCCGCGTA-1,0.420367,0.000449,0.579184
ACTATTCGTCCGTGGT-1,0.227478,0.771937,0.000585
ACTATTTCCGGGCCCA-1,0.995328,0.002803,0.001869
ACTCAAGTGCAAGGCT-1,0.647607,0.352329,0.000065
ACTCAATAAAGGCACG-1,0.800956,0.171367,0.027677
ACTCCCATTCCTAAAG-1,0.998596,0.000842,0.000562
ACTCCCGAATTCGTTT-1,0.290941,0.70046,0.008599
ACTCCCTAATGCTAAA-1,0.376535,0.607555,0.01591
ACTCCCTAGAATAGTA-1,0.196015,0.802162,0.001823
ACTCGATGTATTTCAT-1,0.491361,0.462442,0.046197
ACTCGCCGTTCGATAA-1,0.148491,0.500461,0.351048
ACTCGCGATCTGACGC-1,0.003246,0.262466,0.734288
ACTCGTAACCCGTCCT-1,0.966071,0.033684,0.000245
ACTCGTCAGTAATCCC-1,0.395687,0.531455,0.072858
ACTCTAAACCTGGGAT-1,0.924928,0.07413,0.000942
ACTCTCTGACTTAGGT-1,0.51713,0.482459,0.000411
ACTCTGACCTAATAGA-1,0.371969,0.4952,0.13283
ACTCTTCAGCTCCCGC-1,0.196009,0.72019,0.083801
ACTCTTGTATAGTAAC-1,0.191082,0.808446,0.000472
ACTGAAACGCCGTTAG-1,0.947852,0.05212,0.000028
ACTGAATGGCGAAAGT-1,0.653497,0.346314,0.000189
ACTGCCGTCGTAACTC-1,0.440468,0.544166,0.015365
ACTGCGGACACACCGT-1,0.135038,0.692701,0.172261
ACTGCTCGGAAGGATG-1,0.998274,0.001036,0.000691
ACTGTACGATACACAT-1,0.681869,0.317874,0.000257
ACTGTAGCACTTTGGA-1,0.770589,0.220612,0.008798
ACTGTCCAGGATTATA-1,0.33152,0.044621,0.623859
ACTGTCTTCTTTAGAA-1,0.871591,0.127962,0.000447
ACTGTGCTAGTAGATC-1,0.143065,0.819744,0.037191
ACTTACGCATCCACGC-1,0.716211,0.28256,0.001229
ACTTAGTACGACAAGA-1,0.387894,0.58306,0.029046
ACTTATACTTACCCGG-1,0.624709,0.375168,0.000123
ACTTATTAGGATCGGT-1,0.313767,0.114735,0.571497
ACTTATTTATGTGCCA-1,0.622936,0.376911,0.000153
ACTTCAGGCTGATCCC-1,0.409168,0.586049,0.004782
ACTTCCAGTGGAAGCT-1,0.957302,0.000871,0.041827
ACTTCCATGCGGGACA-1,0.316895,0.6808,0.002305
ACTTCGCCATACGCAC-1,0.354647,0.645094,0.000259
ACTTCGCTAGCGAGTG-1,0.195774,0.803733,0.000493
ACTTGACTCCCTCTTT-1,0.557504,0.441781,0.000715
ACTTGTAGTCCCTTCA-1,0.806592,0.191508,0.0019
ACTTGTGGATGGAACG-1,0.671499,0.188256,0.140245
ACTTTACCCTCATGAA-1,0.176537,0.721982,0.101482
ACTTTCCTATAGCTTC-1,0.763373,0.031332,0.205295
ACTTTGACTGCATCCT-1,0.995248,0.002851,0.001901
ACTTTGTCGACGCACT-1,0.453472,0.397477,0.149051
AGAAATTATGACTCGC-1,0.665817,0.217921,0.116261
AGAACCCAGCGTGACA-1,0.010595,0.640587,0.348818
AGAACCCTCAATTGGG-1,0.441654,0.469594,0.088752
AGAACGTGGTACATTC-1,0.927153,0.062582,0.010265
AGAAGAGCGCCGTTCC-1,0.83095,0.168092,0.000959
AGAAGGTACACTTCAC-1,0.997654,0.001408,0.000938
AGAAGGTTGCCGAATT-1,0.653758,0.255486,0.090756
AGAAGGTTGTAGGTCG-1,0.633283,0.365045,0.001672
AGAAGTGATTCGTGAT-1,0.556367,0.443496,0.000137
AGAATAAATCTTCAGG-1,0.997583,0.00145,0.000967
AGAATTATGGATTCGA-1,0.219876,0.778175,0.001949
AGAATTGTTTGACATA-1,0.20941,0.790465,0.000125
AGACAGCTCAGAATCC-1,0.996192,0.002285,0.001523
AGACAGGCATCTCAGC-1,0.315556,0.218821,0.465623
AGACCAAACCACACCT-1,0.999344,0.000393,0.000262
AGACCATGGGATACAA-1,0.998839,0.000696,0.000464
AGACCCACCGCTGATC-1,0.998914,0.000651,0.000434
AGACCCGCCCTCCTCG-1,0.148673,0.020221,0.831106
AGACCGCTCCGCGGTT-1,0.554133,0.001652,0.444216
AGACCGGGAAACCCTG-1,0.924971,0.024665,0.050363
AGACGAAGTGCCGGTC-1,0.705146,0.294646,0.000207
AGACGACGATGCCGCT-1,0.996768,0.001939,0.001293
AGACGCCCACTTCGCC-1,0.359535,0.540059,0.100406
AGAGAACCGTCTAGGA-1,0.405973,0.593921,0.000106
AGAGAAGGAGTACAAT-1,0.813416,0.185751,0.000833
AGAGATCTCTAAAGCG-1,0.998201,0.001079,0.00072
AGAGCAGTTATGAGAC-1,0.996749,0.00195,0.0013
AGAGCCGCCGAGATTT-1,0.453406,0.507585,0.039009
AGAGCGGGCTAATCAT-1,0.231826,0.138043,0.630131
AGAGCGTACAAGCTCG-1,0.778597,0.220809,0.000595
AGAGCTACGAAAGCAT-1,0.999676,0.000194,0.000129
AGAGGCTTCGGAAACC-1,0.816087,0.18361,0.000303
AGAGTAAACTTCACTA-1,0.666603,0.332641,0.000756
AGATAACTTCAGGGCC-1,0.545007,0.355223,0.09977
AGATACCAATAGAACC-1,0.273746,0.663419,0.062835
AGATACCGGTGTTCAC-1,0.40154,0.346663,0.251797
AGATACTCAAGATCGA-1,0.736214,0.218944,0.044842
AGATATAATACGACTA-1,0.888735,0.094359,0.016905
AGATCGTGCATAAGAT-1,0.341232,0.637109,0.021659
AGATCTCAGGTGTGAT-1,0.791842,0.207765,0.000392
AGATGACTCGCCCACG-1,0.000256,0.158794,0.84095
AGATGATGGAGTCTGG-1,0.283472,0.69516,0.021368
AGATGCAAGACGTGCA-1,0.53098,0.437891,0.031129
AGATGCATCCTGTGTC-1,0.99675,0.00195,0.0013
AGATGCTATAACGAGC-1,0.951061,0.001313,0.047625
AGATTATAGGACGTTT-1,0.365396,0.118209,0.516395
AGATTCACAACCGATA-1,0.999398,0.000361,0.000241
AGCAAAGGCCGCTAGT-1,0.794266,0.204394,0.00134
AGCAACATATCTTATT-1,0.58696,0.412882,0.000157
AGCAACCGAAAGTAAT-1,0.949086,0.050817,0.000097
AGCACCAGTACTCACG-1,0.839337,0.160521,0.000142
AGCACTACCGGCCTGT-1,0.999276,0.000434,0.00029
AGCACTACCTCACCAG-1,0.891083,0.094921,0.013995
AGCACTTAAGGACGCC-1,0.929371,0.008818,0.06181
AGCAGAAGGAGAAAGA-1,0.712256,0.163516,0.124229
AGCATATCAATATGCT-1,0.740829,0.258853,0.000318
AGCATCATTTCGAAAG-1,0.999695,0.000183,0.000122
AGCATCGTCGATAATT-1,0.222953,0.001204,0.775843
AGCATTACGAGGCAAG-1,0.60075,0.302137,0.097113
AGCCACAGGTTACCCG-1,0.378318,0.621614,0.000068
AGCCACTCCCGTGCTT-1,0.203483,0.781514,0.015004
AGCCCATACATGTAAG-1,0.999248,0.000451,0.000301
AGCCCTAAGCGAAGTT-1,0.078885,0.216864,0.704251
AGCCCTGTCGCACCGT-1,0.002601,0.716557,0.280843
AGCCCTTGGACATCCC-1,0.330367,0.646088,0.023546
AGCCGCAAATTCAAAT-1,0.928067,0.070632,0.001301
AGCCGCTTGATTAGCG-1,0.18006,0.152385,0.667555
AGCCGTGGCTAAATGT-1,0.97492,0.024996,0.000084
AGCCTAATACCCACGT-1,0.589852,0.408884,0.001263
AGCCTTAAAGCGGAAG-1,0.670115,0.328836,0.001049
AGCGACAGGAACGGTC-1,0.92458,0.074841,0.000579
AGCGACATCCCATTCA-1,0.054084,0.325949,0.619967
AGCGACCAACGATATT-1,0.151294,0.007808,0.840897
AGCGATGCGCCTAATA-1,0.69906,0.248991,0.051949
AGCGCGGGTGCCAATG-1,0.088612,0.911315,0.000073
AGCGCTAGAGCGATGT-1,0.125655,0.873227,0.001117
AGCGGACACTTCGTAG-1,0.827885,0.099097,0.073018
AGCGGCGGTTAGCGGT-1,0.703534,0.293786,0.002679
AGCGGGTCTGACACTC-1,0.477704,0.366037,0.15626
AGCGTACGAGAGCTAG-1,0.200258,0.20996,0.589782
AGCGTGGTATTCTACT-1,0.368735,0.631041,0.000224
AGCTAACAAGCAATGT-1,0.828968,0.139322,0.03171
AGCTAAGTACGCAGGC-1,0.629939,0.369832,0.000229
AGCTAGAAGCAGAAGT-1,0.095491,0.904414,0.000096
AGCTATTTAATCCAAC-1,0.68698,0.312266,0.000754
AGCTCCATATATGTTC-1,0.000313,0.903114,0.096573
AGCTCCTTCGCACATC-1,0.707871,0.283147,0.008982
AGCTCTAGACGTTCCA-1,0.130714,0.869232,0.000054
AGCTCTTCCCAGTGCA-1,0.435313,0.502839,0.061848
AGCTCTTCGTAACCTT-1,0.001869,0.997197,0.000934
AGCTGAAGTAAACCAA-1,0.53858,0.461281,0.000139
AGCTGTAACCTCAATC-1,0.743104,0.210282,0.046614
AGCTTCTTCTCGAGCA-1,0.550172,0.449636,0.000192
AGCTTGATCTTAACTT-1,0.999748,0.000151,0.000101
AGGAACGAACGACTTC-1,0.017266,0.755619,0.227115
AGGAAGCTGTCCGCCG-1,0.997378,0.001573,0.001049
AGGACAGTCGAATCCC-1,0.664782,0.335051,0.000167
AGGACGCTCGATGTTG-1,0.075656,0.850839,0.073505
AGGACTTATAGGAGAA-1,0.559126,0.275913,0.164961
AGGAGGCCTTCGCGCG-1,0.716685,0.251353,0.031962
AGGATAAAGTCGGGAT-1,0.995248,0.002851,0.001901
AGGATATAGGGATTTA-1,0.728811,0.271114,0.000075
AGGATCACGCGATCTG-1,0.995329,0.002803,0.001868
AGGCAATACGGAGGAC-1,0.313538,0.163918,0.522544
AGGCACGTGACTGTCC-1,0.34273,0.604711,0.052559
AGGCAGATGCGTAAAC-1,0.435685,0.564211,0.000104
AGGCATTGTCGTAGGG-1,0.672856,0.326877,0.000267
AGGCCACATTGGTTAC-1,0.056963,0.756861,0.186176
AGGCCACCCGTTATGA-1,0.795635,0.194109,0.010255
AGGCCCAGTGACTGGT-1,0.911921,0.087604,0.000475
AGGCCCATTGTACAGG-1,0.000255,0.299567,0.700178
AGGCCCTAGAACGCCA-1,0.573958,0.405132,0.020909
AGGCCTGAGAATCTCG-1,0.686115,0.313807,0.000077
AGGCGATAACTGGCGT-1,0.286274,0.443579,0.270147
AGGCGGTTTGTCCCGC-1,0.891766,0.094455,0.013779
AGGCTATGGTTAGCTT-1,0.999583,0.00025,0.000167
AGGCTTCCCGAAGAAG-1,0.903511,0.000496,0.095993
AGGCTTGCTAGACACC-1,0.786123,0.212554,0.001324
AGGGAAACGAGGTACT-1,0.3675,0.502748,0.129752
AGGGACCGGCTGCGTT-1,0.173768,0.78336,0.042873
AGGGCCCTAATGTTCT-1,0.340231,0.60743,0.052339
AGGGCGAGCAGCTGAT-1,0.75691,0.242876,0.000214
AGGGCTGCAGTTACAG-1,0.617421,0.168058,0.214522
AGGGTCGATGCGAACT-1,0.173074,0.808251,0.018674
AGGGTGCTCTCGAGGG-1,0.329692,0.572692,0.097616
AGGGTGGATAGTGCAT-1,0.999724,0.000166,0.00011
AGGGTTCCCTTTGGTT-1,0.629919,0.341914,0.028167
AGGGTTTAGTTCGGGA-1,0.777189,0.158078,0.064733
AGGTAGATCGAGATAT-1,0.374305,0.572824,0.052871
AGGTAGGTACAAAGCT-1,0.997426,0.001544,0.001029
AGGTATAATTGATAGT-1,0.217455,0.702204,0.080342
AGGTATGCGGACATTA-1,0.360402,0.590754,0.048844
AGGTCAGGTGAGAGTG-1,0.999894,0.000064,0.000042
AGGTCGCCTCCCAACA-1,0.10404,0.697486,0.198474
AGGTCGCGGAGTTACT-1,0.217163,0.782714,0.000123
AGGTGTATCGCCATGA-1,0.999302,0.000419,0.000279
AGGTTACACCATGCCG-1,0.219276,0.721061,0.059663
AGGTTGAGGCACGCTT-1,0.855903,0.103275,0.040822
AGGTTTCACACACCTT-1,0.969389,0.030378,0.000233
AGTAATGTCTTGCCGC-1,0.106486,0.253316,0.640198
AGTACATCATTTATCA-1,0.114055,0.885799,0.000146
AGTACGGCCCGTATCG-1,0.848677,0.151012,0.000311
AGTACGGGCACCTGGC-1,0.675943,0.249576,0.074481
AGTACTCTTATGCCCA-1,0.696702,0.267171,0.036127
AGTAGGTAACATACAT-1,0.041824,0.058717,0.899459
AGTATAATACTAGGCA-1,0.997986,0.001209,0.000806
AGTATGCTGGAGACCA-1,0.517529,0.482359,0.000113
AGTCAAGATGACACTT-1,0.448389,0.551488,0.000123
AGTCACTAGCTCTCGA-1,0.823274,0.155686,0.021041
AGTCAGCCACCGCCTG-1,0.7199,0.216826,0.063274
AGTCCATTGGCTGATG-1,0.495967,0.440977,0.063055
AGTCCCGCCTTTAATT-1,0.281639,0.706326,0.012035
AGTCGACGGTCTCAAG-1,0.660164,0.339724,0.000111
AGTCGGCCCAAACGAC-1,0.421594,0.578391,0.000016
AGTCGGCTCAACTTTA-1,0.85359,0.146252,0.000158
AGTCGGTTGCGTGAGA-1,0.005852,0.991222,0.002926
AGTCGTATAAAGCAGA-1,0.409481,0.547998,0.042521
AGTCGTCGACCACCAA-1,0.718838,0.276075,0.005087
AGTCGTGGGCATTACG-1,0.936943,0.062767,0.00029
AGTCTAAAGTATACTC-1,0.213179,0.786419,0.000401
AGTCTCACAAGACTAC-1,0.846818,0.094407,0.058774
AGTCTGGACATCCTTG-1,0.795895,0.203779,0.000326
AGTCTTCTCCTCAAAT-1,0.604211,0.395644,0.000144
AGTCTTTAAAGTGTCC-1,0.438247,0.384997,0.176756
AGTGAACAAACTTCTC-1,0.51941,0.480314,0.000276
AGTGAGACTTCCAGTA-1,0.398814,0.553435,0.047751
AGTGAGCCTCGCCGCC-1,0.167498,0.832366,0.000136
AGTGAGTCGAATTAAC-1,0.17758,0.788954,0.033466
AGTGATAACCTGCGCG-1,0.441935,0.556778,0.001287
AGTGATTCAAGCAGGA-1,0.562925,0.431485,0.00559
AGTGCACGCTTAAGAA-1,0.827034,0.152419,0.020547
AGTGCGTAGCTCGTAA-1,0.401914,0.090584,0.507501
AGTGCTAAACACAGCA-1,0.739855,0.254404,0.005741
AGTGCTTGCACGAATA-1,0.621045,0.378774,0.000181
AGTGGCGGCAATTTGA-1,0.349245,0.650681,0.000074
AGTGGCGTCTGAAGGT-1,0.605977,0.386174,0.007849
AGTGGCTCCGTCGGCC-1,0.829687,0.170122,0.000191
AGTGGGAGTATACACG-1,0.068307,0.000235,0.931458
AGTGGTGTTACCCGTG-1,0.993051,0.00417,0.002779
AGTGGTTGCGTATAGG-1,0.399597,0.600258,0.000145
AGTGTATTGCGCATTG-1,0.158809,0.788156,0.053035
AGTGTGCTAAGATCGC-1,0.995516,0.00269,0.001793
AGTGTGGTCTATTGTG-1,0.177318,0.822572,0.000109
AGTTAAGCGGTCCCGG-1,0.287563,0.691621,0.020816
AGTTAAGTCAACCGCT-1,0.938342,0.061481,0.000177
AGTTACCCTTAAGACT-1,0.915308,0.063938,0.020754
AGTTACCGCACATGGT-1,0.999769,0.000139,0.000092
AGTTACTCTATCGTGG-1,0.392594,0.606217,0.001189
AGTTCACCGGTTGGAC-1,0.802578,0.130621,0.0668
AGTTCCTATTTATGTT-1,0.971179,0.000274,0.028547
AGTTCTGCGTTGTATC-1,0.786434,0.213142,0.000424
AGTTGACATCGGCTGG-1,0.110898,0.648508,0.240594
AGTTGACGGTCCTTGC-1,0.880795,0.001793,0.117411
AGTTGCTGACTGATAT-1,0.766388,0.215689,0.017923
AGTTGGCAAGGCTAGA-1,0.307703,0.635204,0.057093
AGTTTGCACCTGCCTC-1,0.809045,0.003924,0.187031
AGTTTGGCACGGGTTG-1,0.702817,0.296718,0.000465
AGTTTGGCCAGACCTA-1,0.951902,0.047709,0.000389
ATAAACGGACCCGTAA-1,0.52846,0.33029,0.141249
ATAAACGTTGCACCAC-1,0.718161,0.28079,0.001049
ATAAATATTAGCAGCT-1,0.917474,0.000282,0.082244
ATAACGCCGGAGGGTC-1,0.717068,0.282754,0.000178
ATAACGGAGTCCAACG-1,0.929431,0.052684,0.017885
ATAAGGTGGAGAACAT-1,0.277652,0.559787,0.162561
ATAAGTAGGATTCAGA-1,0.059042,0.940858,0.0001
ATAAGTAGGGCGACTC-1,0.212475,0.688204,0.099321
ATAATACCGTTAGCCG-1,0.99603,0.002382,0.001588
ATAATAGCTGTTGAAT-1,0.909867,0.090058,0.000075
ATAATAGTGTAGGGAC-1,0.755866,0.243837,0.000297
ATAATCTTGGAGAACC-1,0.844355,0.001803,0.153842
ATAATTAGCTAAGTAG-1,0.539453,0.410199,0.050348
ATACAGGCCCTCCAAT-1,0.645813,0.347013,0.007174
ATACCACGGGCAACTT-1,0.819672,0.161342,0.018986
ATACCTAACCAAGAAA-1,0.998493,0.000904,0.000603
ATACGAAGGCTTTCCA-1,0.002833,0.381895,0.615272
ATACGCCGGCGAAACC-1,0.754662,0.237135,0.008203
ATACGGAACGTCGTTT-1,0.505385,0.494553,0.000062
ATACGGGTTTCGATTG-1,0.594656,0.356401,0.048943
ATACGGTGAAGATGCA-1,0.984175,0.015709,0.000116
ATACGTACTTAGCCAC-1,0.365098,0.630286,0.004616
ATACGTCCACTCCTGT-1,0.733139,0.231527,0.035334
ATACGTTATGCACGGA-1,0.700435,0.024789,0.274776
ATACTACCCGTACCAC-1,0.813447,0.186119,0.000434
ATACTAGCATGACCCT-1,0.108368,0.188467,0.703165
ATACTCTCGCCACTCT-1,0.239954,0.548773,0.211274
ATACTGCCTTACACCG-1,0.667753,0.311006,0.02124
ATACTTGTTCTCGAGC-1,0.998868,0.000679,0.000453
ATAGACAACGGGACCT-1,0.677845,0.322035,0.000119
ATAGAGTTATCAACTT-1,0.356907,0.642963,0.000131
ATAGCAACTAGGGAAG-1,0.606061,0.375416,0.018523
ATAGCCTCAGTACCCA-1,0.994087,0.003548,0.002365
ATAGCTGCTCTTGTTA-1,0.949439,0.005957,0.044605
ATAGGCGGCTATAGAA-1,0.999647,0.000212,0.000141
ATAGGCTAGCTTCGCA-1,0.342107,0.654304,0.003589
ATAGGGATATCCTTGA-1,0.700846,0.287133,0.012021
ATAGGTTGGGCAGATG-1,0.856583,0.004581,0.138835
ATAGTGAAGCGTTCTC-1,0.257058,0.156678,0.586264
ATAGTTCCACCCACTC-1,0.248526,0.75112,0.000354
ATATAAAGCGCTCGTG-1,0.669683,0.328593,0.001724
ATATAAATGTAGCTGC-1,0.418265,0.579785,0.001951
ATATAACACGGGCGCA-1,0.316224,0.683705,0.000071
ATATACATGTATGGTA-1,0.830126,0.169214,0.00066
ATATACGCTCGTGACG-1,0.387834,0.306434,0.305732
ATATCAACCTACAGAG-1,0.342234,0.657479,0.000287
ATATCAATTCCAGCCT-1,0.775895,0.22308,0.001025
ATATCGGTAGGGAGAT-1,0.066166,0.872936,0.060898
ATATCGTTCCTCGAAC-1,0.624469,0.375495,0.000037
ATATCTCCCTCGTTAA-1,0.326997,0.67287,0.000132
ATATCTTAGGGCCTTC-1,0.569181,0.30603,0.124789
ATATGTCTCCCTAGCC-1,0.311387,0.607825,0.080789
ATATTATCCCGTATTT-1,0.125875,0.632738,0.241387
ATATTCAGTTAAACCT-1,0.855193,0.051229,0.093579
ATATTCCACATAGTGA-1,0.636541,0.35401,0.009448
ATATTGCTGTCAAAGT-1,0.547179,0.452441,0.00038
ATATTGGAGAGGCCTT-1,0.453014,0.281491,0.265496
ATATTTAACCCTCAAG-1,0.322901,0.06472,0.612378
ATCAAACACTGTTCCA-1,0.635617,0.364068,0.000315
ATCAAACGAAGGTTTG-1,0.99966,0.000204,0.000136
ATCAATCTGGGCTGCA-1,0.904461,0.071009,0.02453
ATCAATGCCGTGGCTG-1,0.538078,0.453324,0.008599
ATCACATTAGAATATC-1,0.754423,0.245394,0.000183
ATCACGTGCTAATTAA-1,0.948356,0.051537,0.000107
ATCACTTCATCCTCGC-1,0.575545,0.392016,0.032439
ATCAGACGGCACGCCG-1,0.662811,0.195257,0.141932
ATCAGCCTCATGCTGC-1,0.671741,0.290486,0.037772
ATCAGCTCGTCCACTA-1,0.920591,0.001373,0.078036
ATCAGGTAGCTGACAG-1,0.34344,0.58851,0.06805
ATCAGTAGGCAGGGAT-1,0.067907,0.932071,0.000021
ATCATAGCCCTATGTA-1,0.540704,0.341476,0.11782
ATCATCCAATATTTGT-1,0.255435,0.184457,0.560107
ATCATGGACTACCGAC-1,0.175693,0.460059,0.364248
ATCCAACGCAGTCATA-1,0.876913,0.12303,0.000057
ATCCAATGGAGGGTCC-1,0.730849,0.268971,0.00018
ATCCAATGGTACCGAA-1,0.704894,0.290155,0.004951
ATCCACATCGACAGAA-1,0.899378,0.099306,0.001316
ATCCTGAATCGCTGCG-1,0.999736,0.000158,0.000106
ATCCTTCTGAAAGAAC-1,0.207682,0.550114,0.242204
ATCGACCCAATACAGA-1,0.772896,0.227018,0.000086
ATCGACTCTTTCCGTT-1,0.241788,0.332044,0.426168
ATCGCACGATTGTTCA-1,0.435144,0.486504,0.078352
ATCGCACGCCGGGAGA-1,0.201738,0.218399,0.579863
ATCGCCAGTCAACATT-1,0.378817,0.62084,0.000344
ATCGCTTTACGTCTCA-1,0.044548,0.880989,0.074462
ATCGGAGACAGACGGC-1,0.366019,0.63317,0.000812
ATCGGCAAGCAGTCCA-1,0.036091,0.959359,0.00455
ATCGGTTACCTAGTAA-1,0.998722,0.000767,0.000511
ATCGTATTCCGAGAAC-1,0.733595,0.210751,0.055653
ATCGTCCAATCGAGTC-1,0.877096,0.004571,0.118333
ATCGTTAGCTAGCGGA-1,0.767565,0.232171,0.000264
ATCTAACGTCCCTATG-1,0.614808,0.360161,0.025031
ATCTAATATCCTACGG-1,0.828389,0.113956,0.057654
ATCTAGCTTGTGAGGG-1,0.575204,0.249314,0.175481
ATCTCCCACGGAATAT-1,0.240731,0.483815,0.275454
ATCTCCCTGCAATCTA-1,0.36235,0.489637,0.148013
ATCTCGTGAGCGAAAC-1,0.500565,0.353723,0.145713
ATCTGACATGGAAGGA-1,0.589339,0.291465,0.119196
ATCTGATAGTGTCTTA-1,0.799438,0.197977,0.002585
ATCTGCACCTCTGCGA-1,0.288121,0.711758,0.00012
ATCTGGGCTGTTCTTG-1,0.745435,0.001236,0.25333
ATCTGGTTAAGACTGT-1,0.354892,0.644986,0.000121
ATCTGTAATTGTACCC-1,0.113088,0.179695,0.707217
ATCTTATCGCACACCC-1,0.619672,0.35171,0.028618
ATCTTGACCTGCAACG-1,0.545131,0.364631,0.090237
ATCTTGACTTGTCCAA-1,0.051048,0.92543,0.023522
ATGAAGTGGACCCAGC-1,0.597604,0.385949,0.016447
ATGACGCCGGCTCTAA-1,0.185447,0.113849,0.700704
ATGACGCGTTCTATCC-1,0.876199,0.123426,0.000375
ATGACTATGCGACATT-1,0.826809,0.172964,0.000227
ATGAGGAGTGTTAATC-1,0.868966,0.130915,0.000119
ATGAGGGCAGCGGCTA-1,0.127414,0.642611,0.229976
ATGATCGGGAATAGAC-1,0.000216,0.20179,0.797994
ATGCACCTTCCTTAAT-1,0.601984,0.395956,0.002059
ATGCACGCGCTGTTCA-1,0.677287,0.300038,0.022675
ATGCATGATCCAGGAT-1,0.78813,0.173605,0.038265
ATGCCATTTGCGACCA-1,0.541166,0.451389,0.007445
ATGCCGGTCTTGCATA-1,0.863394,0.13619,0.000416
ATGCCGGTTGATGGGA-1,0.641429,0.265655,0.092916
ATGCGACAGTCCCATT-1,0.812099,0.144324,0.043577
ATGCGAGTCCCACCAC-1,0.608476,0.390692,0.000832
ATGCTCAGTGTTGCAT-1,0.997802,0.001319,0.000879
ATGCTCTGGCGCGGTA-1,0.632291,0.132846,0.234863
ATGCTTAGGAGTTGAT-1,0.225872,0.773476,0.000652
ATGGAAATTTAAGGAG-1,0.999084,0.00055,0.000366
ATGGAACCTTTGCACA-1,0.1777,0.568147,0.254153
ATGGAGCAGGCCGTGA-1,0.959714,0.003227,0.037059
ATGGATCCGGCGTCCG-1,0.45516,0.544765,0.000075
ATGGATTGACCAAACG-1,0.832685,0.133327,0.033988
ATGGCAGCCGAGAAAC-1,0.999371,0.000377,0.000252
ATGGCGGAATAGTCGC-1,0.010347,0.421338,0.568315
ATGGGACCTGCTGAAC-1,0.998345,0.000993,0.000662
ATGGGCCTCGGCCTCT-1,0.778276,0.201481,0.020243
ATGGTCGCGTGGTTTC-1,0.834098,0.165661,0.000241
ATGTAAGGCTGCTCTT-1,0.254975,0.700686,0.044338
ATGTACATGCGGTGAG-1,0.000906,0.796298,0.202796
ATGTACGATGACGTCG-1,0.719305,0.230942,0.049753
ATGTAGCGCGCGTAGG-1,0.69436,0.140268,0.165372
ATGTCATTTCCCATTG-1,0.991313,0.005213,0.003474
ATGTGAAAGCCTAATG-1,0.959703,0.00018,0.040117
ATGTGCATCCGACGCA-1,0.160601,0.115868,0.723531
ATGTGGACATCTTGAT-1,0.431285,0.512291,0.056424
ATGTTACGAGCAATAC-1,0.671622,0.326876,0.001503
ATGTTCCTGCCCACCT-1,0.898267,0.098919,0.002815
ATGTTCGTCGACCCAC-1,0.999323,0.000406,0.000271
ATGTTGATTAGAGACT-1,0.722405,0.144276,0.133318
ATGTTTCGGCCCGGAG-1,0.153605,0.797751,0.048645
ATTAAACATGCGGACC-1,0.293046,0.189878,0.517077
ATTAACACCTGAGATA-1,0.915921,0.083049,0.00103
ATTAATACTACGCGGG-1,0.826121,0.160421,0.013459
ATTAATGAACCAGTCG-1,0.556416,0.443401,0.000183
ATTAATTCGGTCACTC-1,0.08457,0.115818,0.799613
ATTACATGTCAGTCTT-1,0.573907,0.375996,0.050097
ATTACCACACTGCCTG-1,0.4247,0.446823,0.128477
ATTACGCGCTGGCAGG-1,0.956964,0.001083,0.041953
ATTACTTACTGGGCAT-1,0.159618,0.800177,0.040204
ATTAGATTCCTCAGCA-1,0.240406,0.759175,0.00042
ATTAGATTGATAGCGG-1,0.102513,0.225233,0.672254
ATTAGGCGATGCTTTC-1,0.609757,0.389147,0.001096
ATTATACTTTGCTCGT-1,0.176023,0.823897,0.00008
ATTATAGCTACTTTAC-1,0.121337,0.875785,0.002879
ATTATGCCATAGGGAG-1,0.000923,0.08925,0.909827
ATTATTATGTCCGTCA-1,0.573196,0.426432,0.000372
ATTATTCAGAGTCACT-1,0.730726,0.269206,0.000068
ATTCAACCATTTAAGG-1,0.712437,0.248163,0.0394
ATTCACTGATGTTGGA-1,0.740397,0.245678,0.013925
ATTCAGGACCTATTTC-1,0.103702,0.896201,0.000097
ATTCAGTAGCAGGGTC-1,0.574975,0.242211,0.182814
ATTCATATACTGTCCA-1,0.215057,0.722936,0.062007
ATTCATCGTTGAGGCA-1,0.694598,0.305368,0.000034
ATTCCCACATAAACAA-1,0.998734,0.00076,0.000507
ATTCCCGAAGGTACAG-1,0.345124,0.467251,0.187625
ATTCCTCCGCCAGTGC-1,0.268144,0.72751,0.004346
ATTCCTTCCAGGCGGT-1,0.380101,0.56377,0.056129
ATTCGACGCCGGGCCT-1,0.841064,0.158473,0.000462
ATTCGCGCCTTGAGAG-1,0.513013,0.469584,0.017403
ATTCGTGCTATCTCTT-1,0.11115,0.833281,0.055569
ATTGATAGCAACGAGA-1,0.750467,0.249321,0.000212
ATTGATCACCACATTT-1,0.999268,0.000439,0.000293
ATTGATGAGTCCTAAC-1,0.453525,0.543282,0.003193
ATTGCCTTTATGTTTG-1,0.844414,0.155515,0.000072
ATTGCGATCAGTAACT-1,0.505434,0.395005,0.099561
ATTGCTGCTCCTCCAT-1,0.491672,0.410056,0.098272
ATTGGATTACAGCGTA-1,0.868164,0.130865,0.000971
ATTGGGAATATCTTGG-1,0.096304,0.11515,0.788547
ATTGGTAGGATCCGCT-1,0.995851,0.002489,0.001659
ATTGTACAACTCGGCT-1,0.245206,0.754603,0.000191
ATTGTCGCAATACCTT-1,0.432757,0.566934,0.000309
ATTGTTCAACGATCCG-1,0.000293,0.143288,0.856418
ATTTAACTCGTATTAC-1,0.000334,0.199101,0.800565
ATTTACAGTTTACTGG-1,0.891778,0.096398,0.011824
ATTTACTAAGTCCATT-1,0.088755,0.891278,0.019967
ATTTCATTATTTCGCG-1,0.122424,0.552628,0.324948
ATTTCCGGGTTCTGCG-1,0.996366,0.00218,0.001453
ATTTGCGCGAGTAGCT-1,0.843202,0.15669,0.000107
ATTTGGAGATTGCGGT-1,0.685661,0.2456,0.068739
ATTTGTCTTGGGAGCT-1,0.804946,0.194839,0.000215
ATTTGTTCCAGGGCTC-1,0.819869,0.179815,0.000315
CAAACCAGGTCTGCAT-1,0.997074,0.001756,0.00117
CAAACGGTCGCACTTT-1,0.667786,0.280657,0.051557
CAAACTCGCGACGCCG-1,0.196278,0.69615,0.107572
CAAAGATTATTGGGCC-1,0.961784,0.006502,0.031714
CAAAGGTCATCTGAAA-1,0.04154,0.000273,0.958188
CAAAGTCAGGTTAGCT-1,0.99582,0.002508,0.001672
CAAATCTCTCACAAGG-1,0.85112,0.148784,0.000095
CAAATTGTCAGCAAGC-1,0.23038,0.54245,0.22717
CAACACATCTCCTGCC-1,0.152217,0.67735,0.170433
CAACCAGTGGCCTACC-1,0.357736,0.451985,0.190279
CAACCGCACCTAGACA-1,0.610714,0.388547,0.000739
CAACCTACCGAGCAGT-1,0.829515,0.170234,0.00025
CAACGACCCGTTTACA-1,0.000217,0.00505,0.994733
CAACGTGGTGGAGTCT-1,0.167181,0.383964,0.448855
CAACTATATCGAATGC-1,0.434667,0.517611,0.047722
CAAGAGGGCGGAGTAC-1,0.998501,0.000899,0.000599
CAAGATATTATAACGT-1,0.940497,0.045187,0.014316
CAAGCAACGTCGGAGT-1,0.895486,0.092197,0.012317
CAAGCACCAAATGCCT-1,0.163733,0.723031,0.113236
CAAGCGGCACATAATT-1,0.414119,0.58478,0.001101
CAAGGATCGCATGTTC-1,0.805359,0.162603,0.032038
CAAGGCCAGTGGTGCA-1,0.519023,0.456231,0.024746
CAAGGTCCTATAGGCT-1,0.054491,0.928374,0.017135
CAAGTGTGGTTGCAAA-1,0.388447,0.611409,0.000145
CAATAAACCTTGGCCC-1,0.834129,0.16571,0.00016
CAATACGAGAGTCTGA-1,0.200951,0.797241,0.001808
CAATACGCTCTGAGGC-1,0.994655,0.003207,0.002138
CAATATTCTTGACCTA-1,0.45724,0.516888,0.025872
CAATATTGGACTAGTG-1,0.481894,0.45487,0.063236
CAATCCTGCCGTGGAG-1,0.707082,0.292143,0.000775
CAATGCGAGAAGTATC-1,0.279484,0.72046,0.000056
CAATGGATCTCTACCA-1,0.557856,0.441981,0.000163
CAATGTGCCAACCCTT-1,0.122171,0.810888,0.066941
CAATTAAGGGTGATGA-1,0.950771,0.000198,0.049031
CAATTGGGCCGCACTC-1,0.759538,0.232622,0.007841
CAATTTCGTATAAGGG-1,0.99964,0.000216,0.000144
CAATTTGACCGGGAAG-1,0.13901,0.698585,0.162405
CACACACGCTAACGAG-1,0.835244,0.111194,0.053562
CACACAGCTTGCGCTC-1,0.39519,0.404343,0.200467
CACACAGGGATAGATT-1,0.998345,0.000993,0.000662
CACACGCGCTGTCTTA-1,0.521566,0.478309,0.000126
CACAGCACCCACGGCA-1,0.441245,0.36067,0.198086
CACAGCTAGGGAGTGA-1,0.132315,0.195799,0.671886
CACAGGGCCATATAGT-1,0.779871,0.220065,0.000063
CACAGGGCCGTTGTCA-1,0.46955,0.430207,0.100244
CACAGTCCCGCTTCGC-1,0.468155,0.249063,0.282782
CACAGTTCGCTTCCCA-1,0.341104,0.499568,0.159328
CACATATTAGCAGGAT-1,0.930702,0.067805,0.001493
CACATCGTGCACGCGC-1,0.769781,0.196384,0.033835
CACATCTCACCGACGA-1,0.959367,0.00306,0.037572
CACATGATTCAGCAAC-1,0.975236,0.000418,0.024346
CACATGTTTGGACATG-1,0.872929,0.089148,0.037924
CACATTCTTTCGATGG-1,0.366054,0.63381,0.000137
CACATTTCTTGTCAGA-1,0.414445,0.583747,0.001808
CACCAATCATCCGTCT-1,0.679384,0.319972,0.000645
CACCACGCCACACAGA-1,0.992872,0.004276,0.002852
CACCAGTCAGCATGCA-1,0.341827,0.653218,0.004955
CACCCAAATCTTATGT-1,0.045482,0.931935,0.022583
CACCCACGAGGCAATT-1,0.449328,0.550573,0.000099
CACCCGGTTTGTGACT-1,0.302998,0.696833,0.000169
CACCCTAACAAGATCT-1,0.762647,0.236875,0.000478
CACCCTTGGTGAGACC-1,0.998637,0.000818,0.000545
CACCGCCAGAAGGTTT-1,0.263913,0.45759,0.278497
CACCGTATCCCATCCG-1,0.46968,0.458212,0.072108
CACCGTTAGGGATCAC-1,0.694895,0.305084,0.000021
CACCGTTGCGCGATAT-1,0.90204,0.097805,0.000155
CACCTAATAGAGTCGT-1,0.998552,0.00095,0.000499
CACCTAATCAGTTTAC-1,0.848883,0.150875,0.000243
CACCTCGATGGTGGAC-1,0.66706,0.301536,0.031404
CACCTTGCGAAACTCG-1,0.685419,0.314449,0.000132
CACCTTGGCGCCTTTG-1,0.319038,0.613963,0.066999
CACGAAAGTTAGTCCC-1,0.994441,0.003336,0.002223
CACGCACAGCGCAGCT-1,0.76512,0.234693,0.000187
CACGCAGCGAGGCTTT-1,0.472613,0.527253,0.000134
CACGCGGAACTGTTGC-1,0.485982,0.477747,0.036272
CACGGGATTGAGGGTT-1,0.968535,0.020406,0.011059
CACGTCAATCAATGGA-1,0.459136,0.539287,0.001577
CACGTCGGCAACCTCT-1,0.999699,0.000181,0.000121
CACGTCGGGTTCTAGA-1,0.601253,0.119434,0.279312
CACGTTCGTGCTCTAG-1,0.623273,0.376535,0.000192
CACGTTTCGTACACAC-1,0.612674,0.387281,0.000045
CACTACGGGAGCTGCC-1,0.495928,0.43997,0.064103
CACTCAAGAGCTATGG-1,0.107863,0.090849,0.801288
CACTCAGCTCTTGAGG-1,0.141934,0.603778,0.254288
CACTCCTATGTAAGAT-1,0.669152,0.330198,0.00065
CACTCCTCTCGGTCGG-1,0.368064,0.610588,0.021348
CACTCGAGCTGAACAA-1,0.798837,0.199465,0.001697
CACTCGGTTAGGAGGA-1,0.996877,0.001874,0.001249
CACTCTTCTGCTAGCC-1,0.857035,0.142673,0.000292
CACTTCGCCACAGGCT-1,0.710152,0.289117,0.000731
CACTTCGTCTTATCTC-1,0.954766,0.001273,0.043961
CAGAACTTAGCCCTCT-1,0.89196,0.08345,0.024591
CAGAATAACACACGGA-1,0.315087,0.279233,0.405679
CAGAATATTCGTTATC-1,0.305612,0.435299,0.259089
CAGACCTGTAAGTGTT-1,0.274037,0.725854,0.000108
CAGAGCATGAGCTTGC-1,0.792941,0.198994,0.008065
CAGATAATGGGCGGGT-1,0.457758,0.485546,0.056696
CAGATCCTGGTTTGAA-1,0.999914,0.000052,0.000034
CAGATGTTTGTCCCAA-1,0.65045,0.349206,0.000344
CAGCAGCCCGTTCCTT-1,0.686543,0.313091,0.000365
CAGCAGTCCAGACTAT-1,0.665556,0.33251,0.001933
