Barcode,Topic 1,Topic 2,Topic 3,Topic 4,Topic 5,Topic 6to7
AAACAAGTATCTCCCA-1,0.00007,0.216331,0.115734,0.170149,0.458338,0.039378
AAACAATCTACTAGCA-1,0.664871,0.000279,0.000279,0.002,0.275407,0.057164
AAACACCAATAACTGC-1,0.443673,0.040449,0.000155,0.000155,0.384954,0.130614
AAACAGAGCGACTCCT-1,0.200434,0.003498,0.003499,0.161013,0.353023,0.278532
AAACAGCTTTCAGAAG-1,0.477203,0.141124,0.003774,0.366577,0.003773,0.007548
AAACAGGGTCTATATT-1,0.984629,0.002562,0.002561,0.002565,0.002561,0.005122
AAACAGTGTTCCTGGG-1,0.251979,0.089234,0.069296,0.000225,0.180027,0.409239
AAACATTTCCCGGATT-1,0.00411,0.241523,0.023837,0.027711,0.00088,0.701939
AAACCACTACACAGAT-1,0.55619,0.000346,0.000346,0.000346,0.207903,0.234869
AAACCGGGTAGGTACC-1,0.234005,0.001011,0.001011,0.182039,0.001011,0.580923
AAACCGTTCGTCCAGG-1,0.001158,0.607683,0.001157,0.001157,0.001157,0.387687
AAACCTAAGCAGCCGG-1,0.000088,0.025504,0.05352,0.03483,0.238854,0.647203
AAACCTCATGAAGTTG-1,0.590608,0.158145,0.000524,0.113763,0.000524,0.136436
AAACGAAGAACATACC-1,0.902889,0.054633,0.000149,0.041882,0.000149,0.000298
AAACGAAGATGGAGTA-1,0.322163,0.159938,0.003679,0.003677,0.00368,0.506863
AAACGACAGTCTTGCC-1,0.384786,0.000211,0.000211,0.064565,0.159961,0.390265
AAACGAGACGGTTGAT-1,0.557852,0.002109,0.002112,0.431598,0.002111,0.004218
AAACGCCCGAGATCGG-1,0.303768,0.000341,0.000341,0.121347,0.299443,0.27476
AAACGGGCGTACGGGT-1,0.070352,0.040074,0.021692,0.167022,0.082004,0.618857
AAACGGGTTGGTATCC-1,0.572203,0.059985,0.097601,0.000475,0.000475,0.26926
AAACTAACGTGGCGAC-1,0.325923,0.000127,0.000127,0.000127,0.357555,0.31614
AAACTCGGTTCGCAAT-1,0.002049,0.280659,0.002049,0.089209,0.002049,0.623985
AAACTGCTGGCTCCAA-1,0.445819,0.090534,0.002563,0.002564,0.002563,0.455957
AAACTTAATTGCACGC-1,0.905443,0.000178,0.000178,0.093667,0.000178,0.000356
AAACTTGCAAACGTAT-1,0.980431,0.003261,0.003258,0.003265,0.003258,0.006527
AAAGAATGACCTTAGA-1,0.089299,0.007225,0.000644,0.488551,0.000643,0.413638
AAAGACATGAAGTTTA-1,0.257585,0.263228,0.084103,0.093077,0.300666,0.001341
AAAGACCCAAGTCGCG-1,0.511615,0.000152,0.000152,0.000152,0.18495,0.302979
AAAGACTGGGCGCTTT-1,0.873313,0.000197,0.008105,0.117795,0.000197,0.000394
AAAGGCCCTATAATAC-1,0.009098,0.129787,0.02125,0.012563,0.007596,0.819705
AAAGGGCAGCTTGAAT-1,0.688997,0.000065,0.000065,0.000065,0.206198,0.10461
AAAGGTAAGCTGTACC-1,0.247795,0.000137,0.000137,0.065516,0.107183,0.579231
AAAGGTCAACGACATG-1,0.542851,0.068867,0.000178,0.053573,0.142062,0.192468
AAAGTAGCATTGCTCA-1,0.228083,0.022314,0.000439,0.000439,0.019278,0.729449
AAAGTCACTGATGTAA-1,0.882405,0.000165,0.000165,0.000165,0.00196,0.115139
AAAGTCGACCCTCAGT-1,0.723135,0.009014,0.008948,0.232007,0.008958,0.017938
AAAGTGTGATTTATCT-1,0.000088,0.089825,0.129338,0.110346,0.670228,0.000176
AAAGTTGACTCCCGTA-1,0.140442,0.000146,0.054742,0.081405,0.329217,0.394048
AAATAACCATACGGGA-1,0.642714,0.007972,0.007959,0.007972,0.007974,0.325409
AAATACCTATAAGCAT-1,0.563763,0.006232,0.006236,0.405055,0.006242,0.012473
AAATAGCTTAGACTTT-1,0.094945,0.007369,0.011793,0.068537,0.370534,0.446821
AAATAGGGTGCTATTG-1,0.338769,0.003589,0.003579,0.643305,0.003584,0.007173
AAATCCGATACACGCC-1,0.011813,0.258186,0.040105,0.175383,0.144657,0.369858
AAATCGCGGAAGGAGT-1,0.965513,0.005756,0.005742,0.005754,0.005739,0.011494
AAATCGTGTACCACAA-1,0.000029,0.967575,0.000029,0.023872,0.000029,0.008464
AAATCTAGCCCTGCTA-1,0.001081,0.033254,0.049364,0.041679,0.519638,0.354985
AAATCTGCCCGCGTCC-1,0.37187,0.001071,0.001071,0.00107,0.237858,0.38706
AAATGCTCGTTACGTT-1,0.998282,0.000286,0.000286,0.000286,0.000286,0.000573
AAATGGCATGTCTTGT-1,0.79022,0.000317,0.000317,0.208194,0.000317,0.000634
AAATGGCCCGTGCCCT-1,0.973879,0.00436,0.004348,0.004357,0.00435,0.008705
AAATGTGGGTGCTCCT-1,0.728962,0.002605,0.002613,0.002609,0.257994,0.005217
AAATTAATAAGCGCGA-1,0.008982,0.00896,0.008966,0.946185,0.008966,0.01794
AAATTACACGACTCTG-1,0.550026,0.002319,0.002312,0.438395,0.002314,0.004634
AAATTACCTATCGATG-1,0.270222,0.627265,0.020521,0.020489,0.020513,0.04099
AAATTGATAGTCCTTT-1,0.270317,0.000474,0.000474,0.000473,0.08755,0.640713
AAATTGCGGCGGTTCT-1,0.537332,0.188828,0.0539,0.122297,0.00092,0.096723
AAATTTACCGAAATCC-1,0.006529,0.006523,0.006516,0.702097,0.006521,0.271813
AAATTTGCGGGTGTGG-1,0.030608,0.208642,0.000232,0.000232,0.000232,0.760055
AACAATACATTGTCGA-1,0.368256,0.000419,0.00042,0.122698,0.140278,0.367929
AACAATTACTCTACGC-1,0.545832,0.190828,0.000256,0.055304,0.15659,0.051189
AACACACGCTCGCCGC-1,0.01338,0.056811,0.083998,0.167369,0.464355,0.214087
AACACGACTGTACTGA-1,0.998627,0.000229,0.000229,0.000229,0.000229,0.000457
AACACGAGACGCGGCC-1,0.575758,0.000652,0.000652,0.000652,0.040139,0.382147
AACACGCGGCCGCGAA-1,0.498187,0.000109,0.026952,0.003936,0.470599,0.000217
AACAGCTGTGTGGCAA-1,0.242771,0.000193,0.086937,0.000193,0.533394,0.136511
AACAGGAAATCGAATA-1,0.701728,0.000825,0.000825,0.134988,0.000825,0.16081
AACAGGATGGGCCGCG-1,0.398437,0.000565,0.000565,0.088503,0.118105,0.393824
AACATATCAACTGGTG-1,0.000326,0.777619,0.000326,0.01716,0.022918,0.18165
AACATTGAAGTTGATC-1,0.119602,0.040231,0.012854,0.000032,0.127792,0.699489
AACATTGGTCAGCCGT-1,0.49083,0.503933,0.001047,0.001047,0.001048,0.002096
AACCAAGACTTCTCTG-1,0.562066,0.414785,0.004633,0.004626,0.004628,0.009262
AACCAGTATCACTCTT-1,0.179194,0.7527,0.000398,0.006675,0.000398,0.060636
AACCATAGGGTTGAAC-1,0.841101,0.000213,0.000213,0.157832,0.000213,0.000427
AACCATGGGATCGCTA-1,0.808973,0.000208,0.000208,0.000208,0.084476,0.105928
AACCCAGAGACGGAGA-1,0.492268,0.000101,0.000101,0.000101,0.451913,0.055516
AACCCATCCCATGATC-1,0.294078,0.278039,0.000084,0.304576,0.000084,0.123139
AACCCGACAACCCGTG-1,0.197812,0.060077,0.060149,0.034457,0.249903,0.397602
AACCCGATAGGGCTTC-1,0.15198,0.001726,0.035262,0.125751,0.188718,0.496563
AACCCTACTGTCAATA-1,0.178628,0.048104,0.000147,0.056872,0.318874,0.397375
AACCCTGGTGGAACCA-1,0.757763,0.000141,0.000141,0.241532,0.000141,0.000282
AACCGAGCTTGGTCAT-1,0.119849,0.000134,0.000134,0.87948,0.000134,0.000269
AACCGCTAAGGGATGC-1,0.104182,0.056881,0.000166,0.217075,0.168512,0.453185
AACCGTTGTGTTTGCT-1,0.816844,0.000414,0.000414,0.181084,0.000415,0.000829
AACCTAAAGCCGTCCG-1,0.603401,0.002082,0.00208,0.386198,0.002079,0.004161
AACCTCGCTTTAGCCC-1,0.016022,0.153236,0.000147,0.112158,0.219225,0.499212
AACCTTTAAATACGGT-1,0.48281,0.227223,0.124162,0.115119,0.00184,0.048845
AACCTTTACGACGTCT-1,0.617926,0.005519,0.153076,0.206904,0.005523,0.011052
AACGAAAGTCGTCCCA-1,0.337692,0.509344,0.002517,0.012663,0.002516,0.135269
AACGATAATGCCGTAG-1,0.952173,0.007965,0.007968,0.007975,0.007971,0.015948
AACGATAGAAGGGCCG-1,0.394518,0.023947,0.000409,0.098949,0.055465,0.426713
AACGATATGTCAACTG-1,0.523517,0.000306,0.000306,0.359392,0.115868,0.000612
AACGCATGATCTGGGT-1,0.227756,0.343529,0.0001,0.106028,0.072046,0.250542
AACGCGAACGGCAACA-1,0.279551,0.020516,0.000076,0.29129,0.002595,0.405972
AACGCTGTTGCTGAAA-1,0.170374,0.001877,0.012549,0.085792,0.084894,0.644515
AACGGACGTACGTATA-1,0.077524,0.127436,0.094738,0.127194,0.365752,0.207356
AACGGCCATCTCCGGT-1,0.501317,0.000788,0.000788,0.000788,0.009952,0.486367
AACGTACTGTGGGTAC-1,0.182011,0.001281,0.044538,0.00128,0.087594,0.683295
AACGTAGTCTACCCAT-1,0.43383,0.158071,0.000802,0.000802,0.404892,0.001603
AACGTCAGACTAGTGG-1,0.420182,0.131345,0.037423,0.001306,0.223728,0.186017
AACGTGATGAAGGACA-1,0.412811,0.34146,0.001247,0.099,0.142986,0.002495
AACGTGCGAAAGTCTC-1,0.264299,0.084438,0.002562,0.641016,0.002562,0.005124
AACGTTATCAGCACCT-1,0.753267,0.000394,0.000394,0.244763,0.000394,0.000788
AACTAGCGTATCGCAC-1,0.734792,0.000548,0.000547,0.000548,0.055819,0.207747
AACTCCAGAGCGTGTT-1,0.000044,0.013445,0.045828,0.051422,0.087611,0.80165
AACTCCTAATCCCATG-1,0.389186,0.003676,0.003679,0.419394,0.00368,0.180385
AACTCGATAAACACGT-1,0.951115,0.000209,0.000209,0.000209,0.047842,0.000417
AACTCGATGGCGCAGT-1,0.396535,0.000565,0.000565,0.526687,0.074518,0.00113
AACTCTCAATAGAGCG-1,0.493478,0.17614,0.003496,0.109067,0.003501,0.214318
AACTCTCAGTGTGCTC-1,0.102812,0.461298,0.000431,0.000431,0.000431,0.434598
AACTGAGGTCAGCGTC-1,0.331069,0.00011,0.010972,0.050593,0.158647,0.448608
AACTGATATTAGGCCT-1,0.592146,0.186505,0.000962,0.217497,0.000963,0.001926
AACTGGGTTCGAGCCG-1,0.550728,0.002989,0.002995,0.28945,0.002988,0.15085
AACTGGTGTGGGCCTT-1,0.656562,0.000167,0.04652,0.028766,0.009415,0.258569
AACTTCTGCGTCTATC-1,0.533464,0.000433,0.000177,0.39617,0.000177,0.069579
AACTTGCCCGTATGCA-1,0.493185,0.105631,0.037887,0.000086,0.063017,0.300194
AACTTGCGTTCTCGCG-1,0.607485,0.12048,0.000241,0.247462,0.000241,0.024091
AACTTTACGGGAGCTT-1,0.004147,0.002209,0.002208,0.286555,0.002208,0.702674
AACTTTAGCTGCTGAG-1,0.659981,0.001248,0.001247,0.001248,0.001248,0.335028
AAGAAAGTTTGATGGG-1,0.394792,0.071435,0.000124,0.000124,0.094969,0.438556
AAGAAGGATCAGTTAG-1,0.306207,0.193469,0.000106,0.052369,0.278906,0.168943
AAGACCAAATAACTCA-1,0.654769,0.206573,0.000529,0.000529,0.000529,0.13707
AAGACTAACCCGTTGT-1,0.35083,0.171463,0.000241,0.068036,0.197607,0.211823
AAGACTCACGCCCACT-1,0.24881,0.001913,0.001914,0.12764,0.124663,0.49506
AAGACTGCAAGCTACT-1,0.000023,0.999161,0.000023,0.000725,0.000023,0.000046
AAGAGATGAATCGGTA-1,0.217679,0.643836,0.016456,0.010427,0.070661,0.040942
AAGAGCTCTTTATCGG-1,0.570165,0.000437,0.000437,0.285702,0.142383,0.000875
AAGAGGATGTACGCGA-1,0.380016,0.000498,0.000499,0.000498,0.080662,0.537827
AAGAGGCATGGATCGC-1,0.365246,0.198147,0.003878,0.003888,0.003878,0.424963
AAGAGGCCCTTTGGAA-1,0.004401,0.02029,0.121491,0.106303,0.319973,0.427542
AAGATGGCACCGGACC-1,0.388012,0.000339,0.020434,0.000339,0.413331,0.177544
AAGATTGGCGGAACGT-1,0.242675,0.004348,0.004349,0.351971,0.00435,0.392306
AAGCACCCTGCGTATC-1,0.427278,0.298295,0.003502,0.260425,0.003499,0.006999
AAGCATACTCTCCTGA-1,0.294355,0.001578,0.001576,0.194106,0.37284,0.135546
AAGCCACTTGCAGGTA-1,0.093541,0.000306,0.034549,0.128414,0.000306,0.742884
AAGCCGAAGCGGTTTA-1,0.227178,0.051574,0.04871,0.135489,0.260548,0.276501
AAGCCGCCGTGAAATC-1,0.22534,0.001346,0.071421,0.000047,0.455582,0.246265
AAGCGCAGGGCTTTGA-1,0.042915,0.202254,0.000159,0.108385,0.07798,0.568307
AAGCGGCGTCATGGGT-1,0.398729,0.245187,0.003335,0.184394,0.161679,0.006676
AAGCGTCCCTCATCGA-1,0.415616,0.078559,0.084601,0.000331,0.233888,0.187005
AAGCTAGATCGAGTAA-1,0.335408,0.003054,0.003053,0.003056,0.003051,0.652379
AAGCTCGTGCCAAGTC-1,0.681315,0.118233,0.00107,0.196168,0.001071,0.002142
AAGCTCTTTCATGGTG-1,0.00399,0.003987,0.003982,0.464673,0.003984,0.519385
AAGGAGAACTTATAAG-1,0.699338,0.000187,0.000187,0.000187,0.213065,0.087036
AAGGATCGATCGCTTG-1,0.117397,0.158285,0.006359,0.122822,0.050347,0.544791
AAGGATGAGGGACCTC-1,0.002992,0.00299,0.002988,0.664887,0.320163,0.005981
AAGGCGCGTAAAGCTT-1,0.444026,0.02305,0.000091,0.000091,0.11432,0.418422
AAGGGAACGACTGGCT-1,0.173276,0.010035,0.003022,0.00004,0.013011,0.800616
AAGGGACAGATTCTGT-1,0.00208,0.002081,0.002079,0.341598,0.00208,0.650081
AAGGGACTATGCATTC-1,0.430949,0.006843,0.04895,0.000089,0.102514,0.410655
AAGGGTTTGATTTCAG-1,0.251381,0.001613,0.001614,0.740553,0.001613,0.003226
AAGGTATCCTAATATA-1,0.306369,0.000427,0.1438,0.548123,0.000427,0.000854
AAGGTGATAAACCAGC-1,0.013524,0.000293,0.000293,0.131263,0.000293,0.854332
AAGTAAGCTTCCAAAC-1,0.507861,0.000247,0.000247,0.000247,0.374606,0.116793
AAGTAGAAGACCGGGT-1,0.727978,0.000236,0.000236,0.270841,0.000236,0.000473
AAGTAGTGACGCGAGG-1,0.344503,0.238254,0.005973,0.005973,0.005981,0.399317
AAGTCAATTGTCGTCA-1,0.02909,0.056292,0.069132,0.088834,0.065941,0.69071
AAGTCTTCTGTGGCCT-1,0.705202,0.286052,0.001749,0.00175,0.001749,0.003498
AAGTGACGACCGAATT-1,0.575359,0.000444,0.065086,0.060653,0.141612,0.156846
AAGTGCAAAGGTAGAC-1,0.774641,0.000323,0.000323,0.223744,0.000323,0.000646
AAGTGCCTTGACTGTA-1,0.160647,0.063133,0.000072,0.09381,0.107926,0.574412
AAGTGCGTTAGAATCT-1,0.563039,0.001025,0.001024,0.001025,0.16684,0.267047
AAGTGCTTCTCTATTG-1,0.211374,0.016564,0.597908,0.000058,0.012116,0.16198
AAGTGTTTGGAGACGG-1,0.324283,0.002433,0.002433,0.096681,0.002433,0.571738
AAGTTCACTCCAAGCT-1,0.212228,0.002199,0.000165,0.102372,0.219072,0.463964
AAGTTCAGTCTGCGTA-1,0.275822,0.169495,0.010223,0.126126,0.269736,0.148598
AAGTTCGGCCAACAGG-1,0.418315,0.025816,0.000207,0.000207,0.020034,0.535421
AAGTTGTGATGTTATA-1,0.209092,0.106685,0.357592,0.085931,0.050458,0.190242
AAGTTTACTAATGGCA-1,0.735,0.000281,0.000281,0.061289,0.202585,0.000563
AAGTTTATGGGCCCAA-1,0.004235,0.056697,0.000205,0.073028,0.074251,0.791584
AATAACAACGCTCGGC-1,0.262532,0.002815,0.113815,0.002816,0.002814,0.615208
AATAACACTAGAACAA-1,0.691879,0.001579,0.001578,0.001577,0.300232,0.003155
AATAAGTCCTCGAGAC-1,0.871267,0.000189,0.000189,0.127789,0.000189,0.000378
AATACAATGTTTCAGG-1,0.651997,0.274474,0.000147,0.000147,0.000147,0.073088
AATACCGGAGGGCTGT-1,0.299006,0.045254,0.055192,0.001992,0.086889,0.511669
AATAGAATCTGTTTCA-1,0.266676,0.377357,0.0003,0.064903,0.0003,0.290463
AATAGCAAGCCTCCTG-1,0.512934,0.000262,0.000262,0.000262,0.200823,0.285457
AATAGTCGCGAGTCGG-1,0.773131,0.000908,0.000909,0.22233,0.000908,0.001815
AATATCAAGGTCGGAT-1,0.780035,0.000241,0.000241,0.000241,0.180796,0.038445
AATATCCTAGCAAACT-1,0.389193,0.188799,0.040862,0.202471,0.000488,0.178186
AATATCGAATCAATGC-1,0.267424,0.004876,0.024808,0.092247,0.15913,0.451515
AATATCGAGGGTTCTC-1,0.294405,0.195653,0.00035,0.290334,0.00035,0.218907
AATATTGGAGTATTGA-1,0.003261,0.003259,0.003261,0.003259,0.003261,0.983699
AATCAGACTGCAGGAC-1,0.453094,0.00056,0.000561,0.17889,0.123801,0.243094
AATCAGGTTTCATTTA-1,0.128729,0.039382,0.195322,0.005408,0.07846,0.552699
AATCATGTAAAGACTC-1,0.000892,0.200034,0.027794,0.037172,0.110159,0.623949
AATCCAAGGGCCTGAG-1,0.710916,0.000091,0.000091,0.000091,0.069205,0.219606
AATCCATGCAAGGGTG-1,0.313799,0.008422,0.00015,0.195301,0.16989,0.312437
AATCGCCTCAGCGCCA-1,0.337682,0.007548,0.007556,0.624533,0.007561,0.015121
AATCGGGACACTACGA-1,0.62882,0.00009,0.00009,0.368727,0.002092,0.00018
AATCGTGAGCCGAGCA-1,0.063651,0.122542,0.100857,0.031331,0.132171,0.549448
AATCTAGGTTTACTTG-1,0.004956,0.517554,0.004949,0.00495,0.004951,0.462639
AATCTCTACTGTGGTT-1,0.348101,0.346363,0.285036,0.005125,0.005126,0.01025
AATCTGCGTTGGGACG-1,0.000168,0.666468,0.000168,0.045665,0.000168,0.287363
AATCTGGCTTTCTAGT-1,0.788713,0.008462,0.008451,0.169033,0.008443,0.016898
AATCTGGGTAGACCCT-1,0.398716,0.276869,0.001464,0.142663,0.17736,0.002929
AATGACAGCAATGTCT-1,0.266014,0.000477,0.154257,0.000476,0.502703,0.076073
AATGACGTAGGATGTC-1,0.615194,0.274331,0.00512,0.005125,0.089987,0.010244
AATGAGTTCGCATATG-1,0.998157,0.000307,0.000307,0.000307,0.000307,0.000614
AATGATGATACGCTAT-1,0.218473,0.562816,0.000267,0.178699,0.039213,0.000533
AATGATGCGACTCCTG-1,0.065467,0.240973,0.000342,0.215777,0.000342,0.4771
AATGCACCAAGCAATG-1,0.000591,0.048282,0.000591,0.357061,0.000591,0.592886
AATGGCCGCCAATGCG-1,0.308428,0.000144,0.000144,0.062686,0.290638,0.337962
AATGGTCCACCGTTCA-1,0.757975,0.000219,0.000219,0.227548,0.000219,0.01382
AATGGTTCTCACAAGC-1,0.474796,0.00009,0.054581,0.00009,0.236128,0.234314
AATGTATGGCACTGTA-1,0.53659,0.000563,0.000562,0.460598,0.000563,0.001125
AATGTGCCCGAGGTGT-1,0.371084,0.000478,0.000478,0.000478,0.41149,0.21599
AATGTGCTAATCTGAG-1,0.000998,0.2096,0.000018,0.000018,0.000018,0.789348
AATGTTGTCGTGAGAC-1,0.171039,0.098731,0.148262,0.09988,0.032179,0.449909
AATTAACGGATTTCCA-1,0.899544,0.000309,0.000309,0.000309,0.098909,0.000619
AATTACGAGACCCATC-1,0.527057,0.007174,0.007173,0.007165,0.437088,0.014342
AATTACTCGTACGCTC-1,0.603844,0.128048,0.004789,0.004791,0.248964,0.009564
AATTAGCGCTGCAGCG-1,0.999188,0.000135,0.000135,0.000135,0.000136,0.000271
AATTCATAAGGGATCT-1,0.020468,0.739717,0.000146,0.082612,0.000146,0.156911
AATTCATTGTCATGCA-1,0.753145,0.001303,0.001306,0.001305,0.240332,0.002609
AATTCCAACTTGGTGA-1,0.769839,0.00156,0.001559,0.001559,0.001559,0.223924
AATTCGATTCGAGGAT-1,0.20118,0.000491,0.025732,0.000492,0.000491,0.771614
AATTCTAGAGTTAGGC-1,0.9198,0.000202,0.000202,0.010039,0.000202,0.069556
AATTGAACGCTCTGGT-1,0.164805,0.237945,0.004946,0.577457,0.004951,0.009896
AATTGCAGCAATCGAC-1,0.171658,0.000034,0.715775,0.000034,0.037768,0.074732
AATTGCGTGGATTACA-1,0.851588,0.000155,0.000155,0.055293,0.030874,0.061935
AATTTGGGACATAGTA-1,0.020524,0.020501,0.020463,0.266153,0.020489,0.651869
AATTTGGTTCCAAAGA-1,0.998868,0.000189,0.000189,0.000189,0.000189,0.000377
ACAAACCATGCGTCCT-1,0.3622,0.013321,0.03702,0.137737,0.078999,0.370723
ACAAACCGACAAGGCG-1,0.589665,0.002021,0.002019,0.188676,0.002022,0.215597
ACAAAGAAGGTAGGCC-1,0.990326,0.001612,0.001616,0.001613,0.00161,0.003222
ACAAAGCATGACCTAG-1,0.071244,0.25865,0.037295,0.028252,0.018093,0.586467
ACAAATCGCACCGAAT-1,0.43422,0.001666,0.001666,0.557446,0.001668,0.003334
ACAAATGGTAGTGTTT-1,0.013066,0.012999,0.013007,0.921878,0.013026,0.026025
ACAAATTCAGATCTGA-1,0.327019,0.000409,0.000409,0.000409,0.264817,0.406938
ACAACAGCATGAGCTA-1,0.00005,0.710159,0.019511,0.23898,0.00005,0.031251
ACAACGGTCCCTGCGA-1,0.498112,0.050489,0.066773,0.013608,0.226683,0.144335
ACAAGCAGTGCCTAGC-1,0.319501,0.023337,0.000109,0.121778,0.535058,0.000217
ACAAGGAAATCCGCCC-1,0.456828,0.505415,0.007548,0.007549,0.007554,0.015105
ACAAGGACAAGAGGTT-1,0.165754,0.000771,0.000771,0.09718,0.733981,0.001542
ACAAGGATGCTTTAGG-1,0.031616,0.049121,0.052415,0.129722,0.237797,0.499328
ACAAGGCCTACCAGCC-1,0.510179,0.000541,0.000541,0.06826,0.000542,0.419936
ACAAGGGCAGGCTCTG-1,0.378693,0.004949,0.004948,0.004951,0.004949,0.601511
ACAAGTAATTGTAAGG-1,0.213947,0.22575,0.000493,0.245517,0.228181,0.086112
ACAATAGTCGTACGTT-1,0.771313,0.00025,0.00025,0.103396,0.00025,0.124541
ACAATCCATTTAAACC-1,0.176096,0.09235,0.000552,0.05577,0.52809,0.147142
ACAATCGATCTTTATA-1,0.502122,0.067689,0.00153,0.027531,0.000135,0.400993
ACAATGAATACGGAGA-1,0.423703,0.000395,0.056051,0.000395,0.157992,0.361464
ACAATGATTCTTCTAC-1,0.202925,0.017593,0.000135,0.068953,0.158609,0.551786
ACAATTGTGTCTCTTT-1,0.119141,0.000095,0.003039,0.121674,0.052129,0.703922
ACAATTTAGGAGGCTC-1,0.810811,0.005516,0.005518,0.005518,0.161604,0.011033
ACAATTTGAGCAGTGG-1,0.172844,0.023366,0.000236,0.622247,0.000236,0.181071
ACACACCAGGACCAGT-1,0.000278,0.225424,0.000278,0.077854,0.000278,0.695888
ACACACTTTCTACACG-1,0.979234,0.000314,0.000314,0.019197,0.000314,0.000628
ACACATGATCAAATCT-1,0.87779,0.001464,0.001464,0.001464,0.114892,0.002927
ACACATTGACGCAACA-1,0.465786,0.003776,0.203334,0.003778,0.003777,0.31955
ACACATTTCCGTAGAC-1,0.003587,0.003586,0.003589,0.498143,0.483918,0.007177
ACACCCGAGAAATCCG-1,0.278949,0.000053,0.000054,0.000053,0.006717,0.714174
ACACCGAGCGCTCTTT-1,0.658854,0.000976,0.000975,0.336267,0.000975,0.001952
ACACCGGTCTGACCGC-1,0.208392,0.000118,0.336909,0.236032,0.170275,0.048275
ACACGAGACTCCTTCT-1,0.717409,0.000255,0.000255,0.277802,0.003768,0.000511
ACACGGCACTATGCAT-1,0.420661,0.000156,0.000156,0.578558,0.000156,0.000312
ACACGGGAACTTAGGG-1,0.455358,0.052349,0.000263,0.491242,0.000263,0.000526
ACACGTAGGCCACAAG-1,0.110051,0.008999,0.072451,0.078047,0.501009,0.229441
ACACTCCAATGTCACT-1,0.713032,0.069665,0.020839,0.057432,0.000149,0.138883
ACAGAACTGAGAACAA-1,0.463485,0.110814,0.000176,0.000176,0.037676,0.387672
ACAGATTAGGTTAGTG-1,0.868072,0.000533,0.105862,0.000533,0.023932,0.001067
ACAGCATAGAGCCAGT-1,0.499478,0.000211,0.000211,0.000211,0.109279,0.39061
ACAGCGACATTCTCAT-1,0.000052,0.235403,0.002991,0.07889,0.010347,0.672316
ACAGCGCACCCGCAGC-1,0.51919,0.003263,0.003261,0.105912,0.00326,0.365114
ACAGGCACGGATCCTT-1,0.00184,0.001839,0.00184,0.253476,0.398078,0.342927
ACAGGCTTGCCCGACT-1,0.196605,0.000432,0.024884,0.106733,0.000432,0.670913
ACAGGTGGAGGTGAGG-1,0.027756,0.33091,0.057663,0.000455,0.177652,0.405564
ACAGTAATACAACTTG-1,0.977374,0.003765,0.003768,0.003777,0.003776,0.007539
ACAGTGCAGCGCATTT-1,0.268354,0.00018,0.000181,0.129663,0.386225,0.215397
ACATAAGTCGTGGTGA-1,0.35046,0.000776,0.135858,0.510579,0.000776,0.001551
ACATCAGCTGGGACGC-1,0.144662,0.839767,0.000029,0.000029,0.000029,0.015484
ACATCCTGGTAACTGT-1,0.00949,0.265293,0.013092,0.089096,0.00004,0.62299
ACATCGGTCAGCCGCG-1,0.386286,0.091026,0.000189,0.000189,0.195592,0.326717
ACATCGTATGCAATGG-1,0.01027,0.010244,0.010244,0.010249,0.010252,0.94874
ACATCGTTAACCTAGT-1,0.445045,0.000288,0.000288,0.553512,0.000289,0.000577
ACATCTCAACGCGTAA-1,0.249535,0.246622,0.00069,0.356812,0.00069,0.145651
ACATGCTTACGGCAGC-1,0.331459,0.482575,0.001863,0.001864,0.17851,0.003728
ACATGGCGCCAAAGTA-1,0.162353,0.048467,0.026896,0.045426,0.226489,0.490369
ACATGGCTCAATTTAG-1,0.733168,0.000209,0.000208,0.248193,0.000209,0.018013
ACATTAGTTTATATCC-1,0.395602,0.268818,0.000784,0.000784,0.274023,0.059989
ACATTCGCGCGGAATA-1,0.200547,0.143025,0.00006,0.146485,0.045129,0.464753
ACCAAACTAGAAATCC-1,0.999392,0.000101,0.000101,0.000101,0.000101,0.000203
ACCAACCGCACTCCAC-1,0.151944,0.058186,0.150824,0.0667,0.364034,0.208313
ACCAAGAACGCGTGTC-1,0.953509,0.000118,0.000118,0.0459,0.000118,0.000236
ACCAATATGCAAGTTA-1,0.002279,0.002281,0.002277,0.986325,0.002277,0.004561
ACCACAACTCAGAACA-1,0.194409,0.002818,0.002816,0.791513,0.002814,0.00563
ACCACCAATGTAACAA-1,0.000048,0.166677,0.028937,0.083087,0.680152,0.041099
ACCACGTGCAGCTATA-1,0.00145,0.001451,0.001448,0.001449,0.991304,0.002898
ACCACTGTTCAAGAAG-1,0.98852,0.001913,0.001915,0.001912,0.001912,0.003828
ACCAGACCATAACAAC-1,0.705324,0.002763,0.002761,0.280867,0.00276,0.005524
ACCAGCCCGGTCTTTG-1,0.82579,0.123821,0.000119,0.000119,0.000119,0.050032
ACCAGGAGTGTGATCT-1,0.635495,0.001449,0.00145,0.00145,0.001449,0.358707
ACCAGTGCCCGGTCAA-1,0.217771,0.172584,0.000208,0.014665,0.000208,0.594563
ACCAGTGCGGGAGACG-1,0.138754,0.088556,0.000193,0.186204,0.109161,0.477132
ACCATCCGCCAACTAG-1,0.965589,0.005737,0.005731,0.005733,0.005736,0.011474
ACCATCGTATATGGTA-1,0.342492,0.025819,0.00013,0.00013,0.185119,0.44631
ACCATTAAGGGTGTCA-1,0.97607,0.003989,0.003988,0.00399,0.003987,0.007977
ACCCAACGCCCGTGGC-1,0.247631,0.104685,0.044864,0.482508,0.055484,0.064827
ACCCACCTACATGCTC-1,0.741191,0.074978,0.000147,0.000147,0.034601,0.148935
ACCCATCTTGAGGGTA-1,0.212201,0.293205,0.000147,0.074077,0.248832,0.171537
ACCCATTTGTCCCTCT-1,0.000024,0.270726,0.08481,0.074586,0.000024,0.56983
ACCCGAGCGAAATTAC-1,0.556697,0.001139,0.00114,0.001139,0.001139,0.438747
ACCCGATTGGTTCCGA-1,0.077989,0.011329,0.464386,0.000084,0.060505,0.385706
ACCCGGAAACTCCCAG-1,0.730641,0.01009,0.000079,0.000079,0.000079,0.259032
ACCCGGATGACGCATC-1,0.236302,0.132639,0.00033,0.02841,0.258817,0.343501
ACCCGTAGCAGAGAAT-1,0.407876,0.027287,0.00014,0.00014,0.00014,0.564416
ACCCTATAGGACTGAG-1,0.940713,0.04164,0.000208,0.005916,0.000208,0.011316
ACCCTATGCCATATCG-1,0.13526,0.038568,0.000158,0.028364,0.104776,0.692876
ACCCTCCCGTCAGGGC-1,0.332832,0.394432,0.030584,0.147893,0.092358,0.001901
ACCCTCCCTTGCTATT-1,0.32767,0.005318,0.005325,0.005312,0.005318,0.651057
ACCCTTCATCTGCGAA-1,0.246007,0.281461,0.000123,0.375669,0.000123,0.096617
ACCCTTTAGTTCTCCA-1,0.293189,0.296309,0.002867,0.193688,0.00287,0.211078
ACCGAAAGGGCCCTGC-1,0.714116,0.000148,0.000148,0.000148,0.091061,0.194379
ACCGAAGAGTCTGGTT-1,0.702218,0.123911,0.000258,0.000258,0.000258,0.173098
ACCGACACATCTCCCA-1,0.653259,0.068613,0.04552,0.158447,0.000321,0.07384
ACCGAGTCTCCTTATT-1,0.139556,0.162026,0.000339,0.250293,0.137894,0.309892
ACCGATGGTAGCATCG-1,0.070453,0.330138,0.000326,0.163517,0.000326,0.43524
ACCGCAATAACTGCCT-1,0.136559,0.004481,0.004478,0.841022,0.004487,0.008973
ACCGCGGTGGAAGTCG-1,0.149055,0.150412,0.006483,0.101607,0.046646,0.545796
ACCGCTAGTCATTGGT-1,0.131635,0.046301,0.00038,0.135053,0.213572,0.473059
ACCGGGCCTTTGTTGA-1,0.076835,0.08898,0.000116,0.214531,0.218587,0.400951
ACCGGTCAGGTACACC-1,0.58737,0.001063,0.116969,0.001063,0.291409,0.002126
ACCGGTCTGAGTACGG-1,0.489436,0.002475,0.340718,0.002475,0.002474,0.162422
ACCGTCCACTGGGCCC-1,0.454258,0.459147,0.000382,0.000382,0.000382,0.085451
ACCGTGACCACGTGGG-1,0.277897,0.000217,0.092924,0.000217,0.410084,0.21866
ACCGTTCCCGCTCTGA-1,0.038749,0.610921,0.000103,0.074555,0.000103,0.27557
ACCTAAGTACCTTTCA-1,0.446282,0.339066,0.000528,0.000527,0.192196,0.0214
ACCTAATCGACTTCCT-1,0.001271,0.734293,0.001269,0.069233,0.00127,0.192664
ACCTCCGCCCTCGCTG-1,0.193052,0.002555,0.096821,0.014772,0.165065,0.527735
ACCTCGAACTTATGCT-1,0.321244,0.052043,0.034147,0.105995,0.015478,0.471093
ACCTGCGTGTCATGTT-1,0.673906,0.003985,0.003988,0.003988,0.003989,0.310144
ACCTTTCCTTTAGAAG-1,0.716148,0.190578,0.000235,0.092335,0.000235,0.00047
ACGAAATGGGCGGCAC-1,0.261528,0.226528,0.000108,0.000108,0.000108,0.511621
ACGACTCTAGGGCCGA-1,0.221007,0.265607,0.04359,0.238444,0.20041,0.030943
ACGACTGGTCATACTC-1,0.001557,0.281813,0.000045,0.000045,0.000045,0.716494
ACGAGAACCCATCACG-1,0.543761,0.011781,0.000113,0.000113,0.012396,0.431838
ACGAGATATTTGCTTA-1,0.521885,0.003497,0.003496,0.460635,0.003496,0.006991
ACGAGGATACCACTCT-1,0.43427,0.284264,0.001206,0.001205,0.001206,0.277849
ACGAGGTTTACAACGT-1,0.822857,0.000174,0.000174,0.157843,0.018605,0.000348
ACGAGTACGGATGCCC-1,0.000348,0.000348,0.000348,0.212705,0.678917,0.107334
ACGAGTCGCCGGCGTT-1,0.693378,0.000546,0.000546,0.000546,0.250587,0.054399
ACGATACATAGAACTA-1,0.001967,0.001965,0.001964,0.988211,0.001964,0.003929
ACGATCATCTTGTAAA-1,0.206638,0.133593,0.014132,0.022597,0.132636,0.490404
ACGATGGATCCGATGC-1,0.381221,0.127512,0.000153,0.490655,0.000153,0.000306
ACGCATAAATGACATG-1,0.421671,0.00056,0.067625,0.057037,0.017849,0.435257
ACGCATACGTTTACTA-1,0.056431,0.04006,0.019912,0.158345,0.304837,0.420415
ACGCCAGATGATTTCT-1,0.309437,0.000245,0.000245,0.689337,0.000245,0.00049
ACGCCCAGCTGTCGAT-1,0.43576,0.00016,0.00016,0.563442,0.00016,0.000319
ACGCCGCTAGACGACC-1,0.00957,0.00956,0.183546,0.430941,0.347258,0.019127
ACGCGCTACACAGGGT-1,0.378099,0.536131,0.00088,0.00088,0.00088,0.083129
ACGCGTTTCTTAAGAG-1,0.594111,0.003586,0.003593,0.387953,0.003588,0.00717
ACGCTAGTGATACACT-1,0.000078,0.124075,0.084798,0.381882,0.042932,0.366235
ACGCTGTGAGGCGTAG-1,0.954645,0.007542,0.007565,0.007562,0.007567,0.015119
ACGCTTAGTGTCTCTC-1,0.280885,0.002924,0.002927,0.369659,0.337755,0.00585
ACGGAATTTAGCAAAT-1,0.796223,0.000165,0.000165,0.202951,0.000165,0.00033
ACGGACGCAGCGACAA-1,0.126524,0.115599,0.001708,0.24073,0.001709,0.51373
ACGGACTCTCAAAGCG-1,0.697426,0.274979,0.005518,0.005526,0.005517,0.011035
ACGGAGCGCAAATTAC-1,0.221132,0.247888,0.010859,0.169608,0.080023,0.270491
ACGGATGGTGCGGATA-1,0.003053,0.244948,0.00305,0.429989,0.003053,0.315908
ACGGCGACGATGGGAA-1,0.315729,0.444604,0.001227,0.001231,0.001226,0.235983
ACGGCGGGTTGCCCTG-1,0.672573,0.071989,0.000606,0.000606,0.193886,0.06034
ACGGCTGGATGTAGAA-1,0.874733,0.003116,0.003119,0.003123,0.109676,0.006233
ACGGGAGTGTCGGCCC-1,0.149435,0.227148,0.000132,0.065968,0.053923,0.503393
ACGGGTCATGTGACTT-1,0.556676,0.000586,0.000586,0.440396,0.000586,0.001171
ACGGGTTGTGACCTGT-1,0.601212,0.000192,0.036036,0.000192,0.22138,0.140988
ACGGTACAGTTCAATG-1,0.178694,0.000276,0.077278,0.235518,0.10154,0.406694
ACGGTCACCGAGAACA-1,0.275949,0.068747,0.000103,0.000103,0.029762,0.625336
ACGTACAGATTTCTCT-1,0.874764,0.000224,0.000225,0.124113,0.000225,0.000449
ACGTACTTTGGCACGG-1,0.291068,0.013284,0.191403,0.000247,0.118456,0.385542
ACGTAGATTGCTGATG-1,0.408145,0.27629,0.001709,0.001709,0.001708,0.310439
ACGTAGGAGAGTCGCT-1,0.229629,0.156782,0.00063,0.285343,0.32004,0.007576
ACGTATTACTCCGATC-1,0.012628,0.061492,0.122108,0.078153,0.139993,0.585626
ACGTCCTAAACGAGAT-1,0.465538,0.02565,0.000142,0.417653,0.023376,0.067642
ACGTCGGGCAACTCGG-1,0.372204,0.000776,0.000776,0.183127,0.025975,0.417143
ACGTCTCGTTCCGGGA-1,0.95704,0.007156,0.007156,0.00717,0.007163,0.014315
ACGTGACAAAGTAAGT-1,0.474398,0.001329,0.001329,0.109616,0.410671,0.002657
ACGTGCGCCTCGTGCA-1,0.725173,0.235141,0.001465,0.03383,0.001464,0.002928
ACGTGGTCGAATGTGC-1,0.000474,0.76914,0.000473,0.090239,0.000474,0.139201
ACGTTAATGTCGAAGA-1,0.965548,0.005744,0.00575,0.005745,0.005738,0.011475
ACGTTAGATTTGCCCG-1,0.18377,0.000477,0.012141,0.000099,0.01203,0.791483
ACGTTATTGGTCACTC-1,0.879586,0.000284,0.000284,0.118994,0.000284,0.000568
ACGTTCACTATGCCGC-1,0.210465,0.102753,0.000323,0.063176,0.016878,0.606405
ACGTTCCGCGCTCCGT-1,0.667159,0.000194,0.000194,0.000194,0.050112,0.282147
ACGTTCGTTCAGGAAA-1,0.335789,0.042113,0.000159,0.000159,0.026711,0.595068
ACGTTCTGTACAAGTC-1,0.14052,0.056192,0.000156,0.099747,0.233133,0.470252
ACGTTTAGTTGTGATC-1,0.771509,0.000576,0.000577,0.128869,0.006641,0.091829
ACTAATACGTCAGGCG-1,0.85018,0.13314,0.003333,0.003339,0.003335,0.006674
ACTACATCCCGACAAG-1,0.707349,0.000143,0.012885,0.000142,0.141377,0.138104
ACTACCATCCGAGGGC-1,0.415786,0.001079,0.001078,0.207927,0.143608,0.230521
ACTAGTTGCGATCGTC-1,0.143043,0.028717,0.000082,0.153178,0.159772,0.515209
ACTATATGCTGTGTTC-1,0.364552,0.03976,0.000124,0.067811,0.227034,0.30072
ACTATCCAGGGCATGG-1,0.116684,0.014689,0.000086,0.023075,0.057435,0.788031
ACTATCGCCGGCTAAA-1,0.952478,0.046126,0.000279,0.000279,0.000279,0.000558
ACTATGTCCAGCTGCC-1,0.326863,0.000075,0.026156,0.000075,0.382182,0.26465
ACTATTCGTCCGTGGT-1,0.340392,0.000601,0.000601,0.475977,0.0006,0.18183
ACTATTTCCGGGCCCA-1,0.309417,0.000188,0.047983,0.000188,0.357573,0.284652
ACTCAACGAATGTATT-1,0.70547,0.000219,0.000219,0.000219,0.085086,0.208787
ACTCAAGTGCAAGGCT-1,0.096098,0.027318,0.029817,0.183524,0.193018,0.470225
ACTCAATAAAGGCACG-1,0.429375,0.000845,0.000844,0.566404,0.000844,0.001689
ACTCAGACCTGCTTCT-1,0.754303,0.000346,0.000347,0.000346,0.243965,0.000693
ACTCATGGCAGCCTTC-1,0.219768,0.005705,0.000059,0.000059,0.071177,0.703231
ACTCCAATATCATCAT-1,0.081425,0.121874,0.055693,0.000137,0.188961,0.55191
ACTCCCATTCCTAAAG-1,0.969259,0.005128,0.00512,0.005116,0.005127,0.01025
ACTCCCGAATTCGTTT-1,0.019592,0.729602,0.025362,0.046843,0.094362,0.084238
ACTCCCTAATGCTAAA-1,0.060524,0.001462,0.001463,0.93216,0.001464,0.002926
ACTCCCTAGAATAGTA-1,0.475183,0.004105,0.004096,0.504314,0.0041,0.008203
ACTCCGGCCGACCACT-1,0.001688,0.001688,0.001689,0.20807,0.096265,0.6906
ACTCGATGTATTTCAT-1,0.397548,0.000565,0.000652,0.404865,0.000565,0.195805
ACTCGTAACCCGTCCT-1,0.442467,0.00069,0.00069,0.072688,0.00069,0.482774
ACTCGTCAGTAATCCC-1,0.522766,0.133094,0.00243,0.178225,0.15862,0.004865
ACTCTCTGACTTAGGT-1,0.001226,0.161444,0.001226,0.204037,0.001226,0.630841
ACTCTCTTATACACGA-1,0.463264,0.00266,0.002656,0.52345,0.002657,0.005314
ACTCTGACCTAATAGA-1,0.237265,0.002474,0.002475,0.002474,0.002474,0.752838
ACTCTTGTATAGTAAC-1,0.405193,0.19149,0.001157,0.398687,0.001157,0.002315
ACTGAAACGCCGTTAG-1,0.149252,0.000598,0.036556,0.123033,0.137163,0.553398
ACTGAATGGCGAAAGT-1,0.007975,0.008014,0.007977,0.952093,0.007977,0.015964
ACTGATTTAGTGATTC-1,0.52222,0.005131,0.005126,0.005128,0.452141,0.010254
ACTGCCCGCCATTCTC-1,0.218362,0.035014,0.083658,0.000055,0.051383,0.611529
ACTGCCGTCGTAACTC-1,0.29198,0.000167,0.000167,0.707186,0.000167,0.000334
ACTGCTCGGAAGGATG-1,0.96924,0.00512,0.005137,0.005126,0.005132,0.010245
ACTGGCGAACCTGCGT-1,0.18543,0.022613,0.060259,0.000292,0.053746,0.67766
ACTGTACGATACACAT-1,0.498241,0.00032,0.00032,0.50016,0.00032,0.000639
ACTGTAGCACTTTGGA-1,0.448512,0.108703,0.000212,0.030859,0.299383,0.112332
ACTGTATACGCGAGCA-1,0.661016,0.000158,0.000158,0.000158,0.264946,0.073565
ACTGTGCTAGTAGATC-1,0.646404,0.01788,0.000163,0.000163,0.000163,0.335228
ACTTACCGGGCGCGCA-1,0.360559,0.366353,0.244371,0.007167,0.007188,0.014362
ACTTACGCATCCACGC-1,0.004789,0.225315,0.004786,0.750752,0.004786,0.009572
ACTTAGTACGACAAGA-1,0.1966,0.156333,0.010843,0.000096,0.000096,0.636033
ACTTATACTTACCCGG-1,0.304379,0.238331,0.001121,0.044507,0.001121,0.410541
ACTTATCTGATCTATA-1,0.610241,0.001039,0.001039,0.014773,0.370828,0.002079
ACTTATTTATGTGCCA-1,0.167952,0.000384,0.042169,0.265442,0.165056,0.358997
ACTTCAGGCTGATCCC-1,0.007981,0.00796,0.007974,0.952163,0.007978,0.015944
ACTTCCAGTGGAAGCT-1,0.91391,0.014345,0.014344,0.014362,0.014343,0.028696
ACTTCCATGCGGGACA-1,0.150922,0.093846,0.069256,0.050074,0.051232,0.58467
ACTTCCTGTCGTGCGA-1,0.242698,0.000358,0.000358,0.000358,0.292492,0.463736
ACTTCGCCATACGCAC-1,0.213259,0.00101,0.001011,0.781689,0.00101,0.002021
ACTTGACTCCCTCTTT-1,0.01196,0.265615,0.011951,0.674571,0.011977,0.023926
ACTTGCCATATTGTAC-1,0.578791,0.000244,0.068298,0.000244,0.121653,0.23077
ACTTGCTCTATCTACC-1,0.989877,0.001687,0.001686,0.001689,0.001687,0.003374
ACTTGTAGTCCCTTCA-1,0.960862,0.006538,0.006507,0.006515,0.006518,0.013061
ACTTGTGGATGGAACG-1,0.187203,0.003322,0.035788,0.092176,0.416437,0.265075
ACTTTACCCTCATGAA-1,0.103674,0.354822,0.000062,0.128586,0.156225,0.256631
ACTTTATACACCACTT-1,0.366438,0.000321,0.066852,0.03013,0.214638,0.321622
ACTTTGACTGCATCCT-1,0.781721,0.006828,0.184129,0.006826,0.006832,0.013663
ACTTTGGTCGTGCTCC-1,0.237801,0.00088,0.00088,0.757798,0.00088,0.00176
AGAACACGGCGATGGT-1,0.177793,0.198441,0.000296,0.182278,0.127525,0.313667
AGAACCCTCAATTGGG-1,0.725129,0.082511,0.000844,0.188983,0.000844,0.001688
AGAACGTGGTACATTC-1,0.155048,0.071531,0.000554,0.771204,0.000554,0.001108
AGAAGAGCGCCGTTCC-1,0.015954,0.015909,0.015923,0.482847,0.437469,0.031897
AGAAGGTACACTTCAC-1,0.892872,0.005725,0.005726,0.005732,0.078487,0.011459
AGAAGGTTGCCGAATT-1,0.096119,0.200782,0.000127,0.000127,0.04048,0.662364
AGAAGGTTGTAGGTCG-1,0.107771,0.192335,0.000312,0.045627,0.047747,0.606207
AGAAGTGATTCGTGAT-1,0.548613,0.032233,0.125696,0.000312,0.029865,0.263281
AGAATAAATCTTCAGG-1,0.16457,0.001259,0.001258,0.001258,0.001258,0.830397
AGAATGCGGGTTCGGA-1,0.143064,0.025129,0.009075,0.070296,0.382444,0.369993
AGAATTATGGATTCGA-1,0.339245,0.161559,0.000403,0.156067,0.000403,0.342322
AGAATTGTTTGACATA-1,0.998286,0.000286,0.000286,0.000286,0.000286,0.000571
AGACAGCTCAGAATCC-1,0.998712,0.000214,0.000215,0.000215,0.000215,0.000429
AGACATAGATCCTTCC-1,0.844531,0.000366,0.059001,0.000366,0.000366,0.095369
AGACCAAACCACACCT-1,0.293144,0.403308,0.00163,0.001631,0.001631,0.298656
AGACCATGGGATACAA-1,0.492227,0.068244,0.042686,0.000078,0.105056,0.291709
AGACCCACCGCTGATC-1,0.864457,0.000114,0.000114,0.000114,0.011425,0.123775
AGACCGCTCCGCGGTT-1,0.36393,0.204389,0.021265,0.051926,0.176216,0.182274
AGACCGGGAAACCCTG-1,0.997366,0.000439,0.000439,0.000439,0.000439,0.000878
AGACGAAGTGCCGGTC-1,0.000072,0.083407,0.111095,0.01725,0.096545,0.69163
AGACGACGATGCCGCT-1,0.430665,0.001839,0.00184,0.001838,0.00184,0.561979
AGACGGGATTGGTATA-1,0.545507,0.003778,0.003776,0.220851,0.003777,0.222311
AGACGGGCCGATTTAA-1,0.379789,0.112242,0.000355,0.000355,0.033667,0.473592
AGACTGTTACCGGGTC-1,0.49407,0.000274,0.060648,0.000274,0.318148,0.126586
AGAGAAACACCAGAAA-1,0.270861,0.017639,0.068979,0.000042,0.070569,0.571912
AGAGAACCGTCTAGGA-1,0.02819,0.001543,0.001543,0.652941,0.001543,0.314239
AGAGAAGGAGTACAAT-1,0.258075,0.000751,0.000751,0.000751,0.504797,0.234875
AGAGATCTCTAAAGCG-1,0.959467,0.000181,0.000181,0.000181,0.039626,0.000363
AGAGCAGTTATGAGAC-1,0.857801,0.00112,0.001121,0.136594,0.001122,0.002242
AGAGCCGCCGAGATTT-1,0.26609,0.038631,0.155203,0.03504,0.056527,0.44851
AGAGCGGGCTAATCAT-1,0.91674,0.069545,0.000439,0.011959,0.000439,0.000878
AGAGCGTACAAGCTCG-1,0.591918,0.047701,0.000157,0.000157,0.057631,0.302437
AGAGCTACGAAAGCAT-1,0.393476,0.058725,0.000122,0.54731,0.000122,0.000244
AGAGGCTTCGGAAACC-1,0.000071,0.002197,0.051992,0.108387,0.458952,0.378402
AGAGGGACAATTGTCC-1,0.303706,0.000095,0.028309,0.045673,0.087222,0.534995
AGAGGTATCTCGGTCC-1,0.403947,0.000815,0.000815,0.000815,0.227471,0.366135
AGAGTAAACTTCACTA-1,0.21451,0.113327,0.003042,0.106176,0.114671,0.448274
AGAGTGAACAGACACC-1,0.40252,0.000247,0.000247,0.059073,0.300092,0.23782
AGAGTTAGAGACCGAT-1,0.329719,0.003263,0.00326,0.181702,0.00326,0.478796
AGATAATCACACCTAT-1,0.240094,0.295997,0.00065,0.359471,0.000649,0.103139
AGATACCAATAGAACC-1,0.055885,0.000052,0.239098,0.131057,0.564226,0.009681
AGATACCGGTGTTCAC-1,0.038454,0.000123,0.000123,0.000123,0.960931,0.000246
AGATACGACTTCATAT-1,0.560818,0.000148,0.000148,0.000148,0.027683,0.411054
AGATACTCAAGATCGA-1,0.146155,0.138963,0.002707,0.225309,0.002707,0.484159
AGATATAATACGACTA-1,0.597971,0.002081,0.002083,0.391621,0.002081,0.004163
AGATCGTGCATAAGAT-1,0.12608,0.438651,0.000334,0.050481,0.000334,0.384121
AGATCTCAGGTGTGAT-1,0.492934,0.000345,0.000345,0.505339,0.000346,0.000691
AGATCTGGAGAGGATA-1,0.259224,0.17235,0.000312,0.097421,0.000312,0.470382
AGATGACTCGCCCACG-1,0.751561,0.054448,0.000269,0.192916,0.000269,0.000537
AGATGAGGGTTGCGAT-1,0.572439,0.003194,0.003186,0.00319,0.41161,0.006381
AGATGATGGAGTCTGG-1,0.163406,0.000081,0.071561,0.028597,0.577947,0.158408
AGATGCAAGACGTGCA-1,0.09739,0.000182,0.000182,0.000182,0.901702,0.000363
AGATGCATCCTGTGTC-1,0.311122,0.006816,0.006859,0.654727,0.006826,0.01365
AGATGCTATAACGAGC-1,0.872813,0.00059,0.000591,0.124235,0.000591,0.00118
AGATTCAAGCGGGTCG-1,0.281211,0.000626,0.076089,0.079393,0.406012,0.156669
AGATTCACAACCGATA-1,0.995493,0.000751,0.000751,0.000752,0.000751,0.001502
AGCAAAGGCCGCTAGT-1,0.002434,0.193542,0.00243,0.794297,0.002432,0.004865
AGCAACATATCTTATT-1,0.390026,0.000325,0.096164,0.066132,0.10808,0.339274
AGCAACCGAAAGTAAT-1,0.476663,0.000152,0.000152,0.000152,0.263719,0.259162
AGCACACGTTTAGACT-1,0.146283,0.019562,0.061189,0.046302,0.134702,0.591961
AGCACTACCGGCCTGT-1,0.663592,0.215456,0.109696,0.002813,0.002815,0.005628
AGCACTACCTCACCAG-1,0.367613,0.00299,0.002988,0.20371,0.416725,0.005974
AGCACTTAAGGACGCC-1,0.423117,0.001612,0.001613,0.001612,0.001613,0.570434
AGCAGAAGGAGAAAGA-1,0.22049,0.000206,0.000205,0.778483,0.000205,0.000411
AGCATATCAATATGCT-1,0.12209,0.00919,0.000947,0.085404,0.523965,0.258403
AGCATCATTTCGAAAG-1,0.505829,0.058667,0.000265,0.000265,0.019019,0.415955
AGCATTACGAGGCAAG-1,0.208917,0.050401,0.058465,0.094031,0.164099,0.424088
AGCCACAGGTTACCCG-1,0.011258,0.105476,0.002999,0.097892,0.083757,0.698618
AGCCACTCCCGTGCTT-1,0.435859,0.004954,0.004943,0.539396,0.004946,0.009902
AGCCATATAGTATGTG-1,0.064283,0.00031,0.00031,0.178143,0.595794,0.16116
AGCCCATACATGTAAG-1,0.308752,0.000784,0.000784,0.000784,0.390905,0.297991
AGCCCGGCATTAGAGG-1,0.410578,0.000172,0.000172,0.000172,0.156481,0.432425
AGCCCTAAGCGAAGTT-1,0.998332,0.000278,0.000278,0.000278,0.000278,0.000556
AGCCCTCCCTGGTGGC-1,0.133833,0.063738,0.000048,0.036946,0.117612,0.647822
AGCCCTTCTAATCCGA-1,0.181992,0.299675,0.000371,0.176884,0.340337,0.000741
AGCCGCAAATTCAAAT-1,0.6656,0.001865,0.178549,0.001865,0.001863,0.150259
AGCCGCTTGATTAGCG-1,0.512561,0.001228,0.001228,0.481303,0.001227,0.002454
AGCCGTGGCTAAATGT-1,0.517323,0.168597,0.000418,0.000418,0.227613,0.08563
AGCCTAATACCCACGT-1,0.771392,0.216451,0.002431,0.002432,0.002432,0.004863
AGCCTTAAAGCGGAAG-1,0.559896,0.000169,0.000169,0.439259,0.000169,0.000338
AGCCTTGTCACTGATA-1,0.369871,0.118264,0.001237,0.127841,0.001237,0.38155
AGCGACAGGAACGGTC-1,0.373561,0.402003,0.001451,0.00145,0.00145,0.220086
AGCGACATCCCATTCA-1,0.71433,0.000095,0.000095,0.192603,0.000095,0.092783
AGCGAGACGTGAAGGC-1,0.251874,0.012394,0.000037,0.000037,0.104045,0.631613
AGCGATGCGCCTAATA-1,0.114722,0.000057,0.30322,0.140028,0.362107,0.079867
AGCGCGGGTGCCAATG-1,0.055454,0.931698,0.000116,0.010024,0.000116,0.002592
AGCGCTTATGGGCAAG-1,0.269541,0.001771,0.001771,0.180824,0.001771,0.544321
AGCGGACACTTCGTAG-1,0.458157,0.000532,0.000532,0.086669,0.192905,0.261206
AGCGGCGGTTAGCGGT-1,0.989878,0.001685,0.001688,0.00169,0.001687,0.003372
AGCGGGAAGGGTCCAT-1,0.3868,0.000088,0.054881,0.000088,0.130691,0.427451
AGCGGGTCTGACACTC-1,0.640459,0.000206,0.000206,0.24331,0.000322,0.115496
AGCGGTTGAGATGTAC-1,0.150088,0.07103,0.000963,0.251495,0.077414,0.449011
AGCGTACGAGAGCTAG-1,0.396494,0.000124,0.000124,0.105155,0.187305,0.310798
AGCGTAGCGCTAGACC-1,0.53086,0.000759,0.000759,0.000759,0.000759,0.466104
AGCGTCTGAACCCGCA-1,0.469475,0.000133,0.000133,0.000133,0.420953,0.109174
AGCGTGGTATTCTACT-1,0.003776,0.003778,0.003779,0.25797,0.003775,0.726923
AGCGTTCCGATTTAAA-1,0.000875,0.000875,0.000875,0.552545,0.44308,0.00175
AGCTAACAAGCAATGT-1,0.378006,0.001561,0.001559,0.1933,0.422454,0.00312
AGCTAAGTACGCAGGC-1,0.024311,0.052598,0.014082,0.057564,0.097614,0.753831
