Barcode,Topic 1,Topic 2,Topic 3,Topic 4,Topic 5,Topic 6,Topic 7,Topic 8,Topic 9,Topic 10
AAACAAGTATCTCCCA-1,0.000194,0.000194,0.000194,0.000194,0.000194,0.000194,0.000194,0.172263,0.234553,0.591826
AAACACCAATAACTGC-1,0.000139,0.000139,0.000139,0.075862,0.000139,0.015857,0.012007,0.000139,0.528966,0.366614
AAACAGCTTTCAGAAG-1,0.039999,0.000064,0.000064,0.000064,0.067732,0.000064,0.068294,0.01852,0.791848,0.013352
AAACAGGGTCTATATT-1,0.000093,0.000093,0.000093,0.000093,0.000093,0.003439,0.000093,0.320248,0.19982,0.475937
AAACATGGTGAGAGGA-1,0.004348,0.004348,0.004348,0.004349,0.004349,0.004349,0.00435,0.004349,0.960861,0.004349
AAACATTTCCCGGATT-1,0.000275,0.000275,0.000275,0.000275,0.042683,0.017352,0.026406,0.000275,0.813124,0.099061
AAACCCGAACGAAATC-1,0.000086,0.000086,0.000086,0.000086,0.000086,0.000086,0.070294,0.000086,0.538201,0.390902
AAACCGGAAATGTTAA-1,0.010896,0.000088,0.000088,0.004076,0.000088,0.000088,0.031497,0.179246,0.511139,0.262792
AAACCGGGTAGGTACC-1,0.058714,0.00009,0.00009,0.033591,0.199279,0.029707,0.031974,0.00009,0.624804,0.021661
AAACCGTTCGTCCAGG-1,0.00122,0.00122,0.00122,0.00122,0.261546,0.00122,0.00122,0.395117,0.31881,0.017208
AAACCTAAGCAGCCGG-1,0.002703,0.002703,0.002703,0.002703,0.002704,0.125946,0.374783,0.002704,0.480348,0.002703
AAACCTCATGAAGTTG-1,0.000091,0.000091,0.000091,0.109738,0.024042,0.000091,0.000091,0.377925,0.487749,0.000091
AAACGAAGATGGAGTA-1,0.000087,0.000087,0.000087,0.000087,0.152815,0.000087,0.000087,0.356562,0.407674,0.08243
AAACGAGACGGTTGAT-1,0.000135,0.000135,0.000135,0.149339,0.150021,0.089314,0.089801,0.320947,0.200039,0.000135
AAACGGGCGTACGGGT-1,0.123253,0.001587,0.001587,0.001588,0.001588,0.001588,0.001588,0.574559,0.291075,0.001588
AAACTCGGTTCGCAAT-1,0.000224,0.000224,0.000224,0.000224,0.166156,0.022434,0.039685,0.13475,0.635854,0.000224
AAACTCGTGATATAAG-1,0.003449,0.003448,0.003448,0.003449,0.003449,0.003449,0.180745,0.003449,0.791663,0.003449
AAACTGCTGGCTCCAA-1,0.000053,0.000053,0.000053,0.177208,0.596512,0.015697,0.047356,0.005477,0.081824,0.075768
AAACTTAATTGCACGC-1,0.000909,0.000909,0.000909,0.132949,0.417026,0.000909,0.000909,0.000909,0.443659,0.000909
AAACTTGCAAACGTAT-1,0.00011,0.00011,0.00011,0.034185,0.075375,0.00011,0.051856,0.038918,0.799115,0.00011
AAAGAATGACCTTAGA-1,0.000535,0.000535,0.000535,0.000535,0.543542,0.000535,0.000535,0.000535,0.452179,0.000535
AAAGACTGGGCGCTTT-1,0.019994,0.000113,0.000113,0.000113,0.000113,0.000113,0.000113,0.047262,0.575426,0.356638
AAAGCTTGCCTACATA-1,0.002041,0.002041,0.002041,0.002041,0.002042,0.002041,0.398668,0.002041,0.002041,0.585002
AAAGGGATGTAGCAAG-1,0.000241,0.000241,0.000241,0.000241,0.000241,0.000241,0.965297,0.000241,0.032775,0.000241
AAAGGGCAGCTTGAAT-1,0.000157,0.000157,0.000157,0.000157,0.000157,0.000157,0.000157,0.000157,0.912914,0.085828
AAAGTAGCATTGCTCA-1,0.000122,0.000122,0.000122,0.000122,0.122022,0.01377,0.124876,0.01795,0.378,0.342892
AAAGTCACTGATGTAA-1,0.00014,0.000139,0.000139,0.00014,0.290677,0.102516,0.007301,0.002024,0.595193,0.001732
AAAGTCGACCCTCAGT-1,0.000093,0.000093,0.000093,0.000093,0.000093,0.000093,0.175612,0.125292,0.282531,0.416008
AAAGTGCCATCAATTA-1,0.03502,0.000257,0.000257,0.000257,0.004677,0.029732,0.158822,0.193799,0.552564,0.024615
AAAGTGTGATTTATCT-1,0.007144,0.007143,0.007143,0.007145,0.322882,0.007144,0.007145,0.007146,0.619964,0.007145
AAAGTTGACTCCCGTA-1,0.002779,0.002778,0.002778,0.236007,0.193806,0.002778,0.002779,0.373668,0.17985,0.002779
AAATAAGGTAGTGCCC-1,0.000093,0.000093,0.000093,0.104149,0.051459,0.000093,0.000093,0.250205,0.593629,0.000093
AAATACCTATAAGCAT-1,0.000068,0.000068,0.000068,0.128818,0.600335,0.0132,0.055896,0.000068,0.063408,0.138071
AAATAGCTTAGACTTT-1,0.057484,0.003226,0.003226,0.003227,0.003227,0.003226,0.311458,0.003227,0.409839,0.201862
AAATAGGGTGCTATTG-1,0.015985,0.000093,0.000093,0.000093,0.000093,0.170089,0.813278,0.000093,0.000093,0.000093
AAATCCGATACACGCC-1,0.000918,0.000917,0.000917,0.000918,0.261117,0.017773,0.099014,0.213682,0.31194,0.092804
AAATCGCGGAAGGAGT-1,0.000166,0.000166,0.000166,0.000166,0.000166,0.000166,0.042459,0.000166,0.820874,0.135508
AAATCGTGTACCACAA-1,0.054315,0.000106,0.000106,0.004617,0.123416,0.007083,0.433332,0.177505,0.079754,0.119765
AAATCTAGCCCTGCTA-1,0.000147,0.000147,0.000147,0.000147,0.077204,0.000147,0.060762,0.000147,0.739797,0.121354
AAATGATTCGATCAGC-1,0.102768,0.001852,0.001852,0.001852,0.001852,0.137451,0.001852,0.402612,0.346056,0.001852
AAATGCTCGTTACGTT-1,0.099473,0.000709,0.000709,0.000709,0.171458,0.048457,0.000709,0.199837,0.314134,0.163804
AAATGGCATGTCTTGT-1,0.001429,0.001429,0.001429,0.001429,0.001429,0.001429,0.068963,0.411472,0.509563,0.001429
AAATGGCCCGTGCCCT-1,0.00008,0.00008,0.00008,0.097724,0.012684,0.00008,0.021984,0.319367,0.406864,0.141058
AAATGGTCAATGTGCC-1,0.000685,0.000685,0.000685,0.000685,0.106756,0.000685,0.203195,0.279657,0.406282,0.000685
AAATGTATCTTATCCC-1,0.000095,0.000095,0.000095,0.000095,0.000095,0.080636,0.060949,0.023555,0.078354,0.756032
AAATTAACGGGTAGCT-1,0.000295,0.000295,0.000295,0.052143,0.093488,0.000295,0.63272,0.000295,0.130579,0.089595
AAATTAATAAGCGCGA-1,0.000083,0.000083,0.000083,0.000083,0.000083,0.000083,0.000083,0.000083,0.89324,0.106098
AAATTACCTATCGATG-1,0.000273,0.000272,0.000273,0.000273,0.134226,0.34785,0.13704,0.000273,0.379249,0.000273
AAATTCCAGGTCCAAA-1,0.0001,0.0001,0.0001,0.056944,0.0001,0.0001,0.004095,0.058149,0.880214,0.0001
AAATTGATAGTCCTTT-1,0.000424,0.000424,0.000424,0.000424,0.000424,0.000424,0.064173,0.000424,0.932437,0.000424
AAATTTGCGGGTGTGG-1,0.000098,0.000098,0.000098,0.135418,0.119699,0.000098,0.000098,0.157095,0.527843,0.059457
AACAACTGGTAGTTGC-1,0.000122,0.000122,0.000122,0.045188,0.142918,0.000122,0.068914,0.03508,0.671409,0.036002
AACAATACATTGTCGA-1,0.074816,0.00015,0.00015,0.00015,0.141026,0.230502,0.039994,0.019117,0.393844,0.100251
AACAATTACTCTACGC-1,0.01561,0.00014,0.00014,0.00014,0.128778,0.00014,0.080779,0.00014,0.773993,0.00014
AACACACGCTCGCCGC-1,0.007828,0.000585,0.000585,0.000585,0.190115,0.000585,0.091828,0.264758,0.194725,0.248406
AACACGACTGTACTGA-1,0.000328,0.000328,0.000328,0.000328,0.198783,0.012868,0.000328,0.071042,0.6337,0.081967
AACACGAGACGCGGCC-1,0.000143,0.000143,0.000143,0.077021,0.000143,0.000143,0.022757,0.026701,0.535594,0.337211
AACAGCTGTGTGGCAA-1,0.070774,0.000263,0.000263,0.000263,0.110101,0.000263,0.097545,0.000263,0.720001,0.000263
AACAGGAAATCGAATA-1,0.005,0.005,0.005,0.005002,0.005002,0.005001,0.005002,0.005002,0.954989,0.005002
AACAGGATGGGCCGCG-1,0.000111,0.000111,0.000111,0.021315,0.058515,0.00718,0.057716,0.072564,0.577294,0.205084
AACAGGTAGTATGGAT-1,0.000234,0.000234,0.000234,0.009356,0.000234,0.005231,0.000234,0.000234,0.489491,0.494517
AACATATCAACTGGTG-1,0.000403,0.000403,0.000403,0.000403,0.005842,0.114719,0.266025,0.096426,0.514971,0.000403
AACCAAGACTTCTCTG-1,0.000138,0.000138,0.000138,0.000138,0.114269,0.000138,0.045613,0.025605,0.805403,0.008423
AACCCAGAGACGGAGA-1,0.000073,0.000073,0.000073,0.000073,0.000073,0.000073,0.000073,0.514127,0.000073,0.485285
AACCCATCCCATGATC-1,0.013634,0.000127,0.000127,0.000127,0.084547,0.000127,0.025426,0.000127,0.838136,0.037623
AACCCGAGCAGAATCG-1,0.000166,0.000166,0.000166,0.028029,0.000166,0.000166,0.000166,0.000166,0.840532,0.13028
AACCCTACTGTCAATA-1,0.003336,0.003333,0.003333,0.003334,0.003335,0.003334,0.003334,0.003334,0.969992,0.003334
AACCGAGCTTGGTCAT-1,0.000273,0.000272,0.000272,0.000273,0.24367,0.018081,0.355804,0.181092,0.19999,0.000273
AACCGCTAAGGGATGC-1,0.001282,0.001282,0.001282,0.001282,0.168233,0.001282,0.262347,0.001282,0.463515,0.098212
AACCGTTGTGTTTGCT-1,0.003334,0.003333,0.003333,0.003334,0.163481,0.003334,0.003334,0.003334,0.809848,0.003334
AACCTCGCTTTAGCCC-1,0.00051,0.00051,0.00051,0.00051,0.24819,0.000511,0.393425,0.00051,0.200014,0.155309
AACCTGTCACGGAATT-1,0.010186,0.000086,0.000086,0.000086,0.108576,0.000086,0.000086,0.049606,0.831119,0.000086
AACCTTTAAATACGGT-1,0.000357,0.000357,0.000357,0.000357,0.398149,0.057106,0.16394,0.26341,0.11561,0.000357
AACGAAAGTCGTCCCA-1,0.000123,0.000123,0.000123,0.000123,0.000123,0.000123,0.175028,0.213733,0.27973,0.33077
AACGATAATGCCGTAG-1,0.000033,0.000033,0.000033,0.012808,0.000033,0.000033,0.862917,0.01114,0.099288,0.01368
AACGATAGAAGGGCCG-1,0.110452,0.001923,0.001923,0.001924,0.001924,0.001923,0.25948,0.001924,0.616604,0.001924
AACGATATGTCAACTG-1,0.000124,0.000124,0.000124,0.000124,0.46472,0.047929,0.217634,0.224296,0.000124,0.0448
AACGCATGATCTGGGT-1,0.222113,0.000105,0.000105,0.000105,0.197842,0.188828,0.052057,0.000105,0.000105,0.338633
AACGCGGTCTCCAGCC-1,0.012578,0.000214,0.000214,0.000214,0.094547,0.000214,0.689476,0.000214,0.023131,0.179199
AACGCTGTTGCTGAAA-1,0.000276,0.000275,0.000276,0.000276,0.149068,0.000276,0.059287,0.000276,0.411406,0.378587
AACGGACGTACGTATA-1,0.006251,0.00625,0.00625,0.006251,0.218649,0.006251,0.006251,0.006252,0.731343,0.006252
AACGGCCATCTCCGGT-1,0.030681,0.00034,0.00034,0.00034,0.034453,0.469726,0.097105,0.00034,0.358861,0.007813
AACGTACTGTGGGTAC-1,0.116256,0.000257,0.000257,0.000257,0.214533,0.074403,0.081004,0.166435,0.346341,0.000257
AACGTCAGACTAGTGG-1,0.000113,0.000113,0.000113,0.000113,0.250005,0.011286,0.027059,0.121751,0.589334,0.000113
AACGTGCGAAAGTCTC-1,0.000099,0.000099,0.000099,0.172125,0.323821,0.000099,0.114824,0.111943,0.133289,0.143603
AACGTTATCAGCACCT-1,0.00022,0.00022,0.00022,0.026662,0.220561,0.061094,0.050697,0.00022,0.091182,0.548924
AACTACCCGTTTGTCA-1,0.00042,0.00042,0.00042,0.00042,0.00042,0.00042,0.00042,0.00042,0.996218,0.00042
AACTAGGCTTGGGTGT-1,0.000134,0.000134,0.000134,0.000134,0.199068,0.273072,0.193142,0.000134,0.200393,0.133656
AACTCAAGTTAATTGC-1,0.010963,0.00018,0.00018,0.00018,0.101066,0.00018,0.109383,0.00018,0.777509,0.00018
AACTCCAGAGCGTGTT-1,0.001588,0.001587,0.001587,0.001588,0.260786,0.001588,0.001588,0.477425,0.250675,0.001588
AACTCTCAATAGAGCG-1,0.002174,0.002174,0.002174,0.002174,0.002174,0.219039,0.002175,0.002174,0.763566,0.002174
AACTCTCAGTGTGCTC-1,0.000424,0.000424,0.000424,0.000424,0.184177,0.070969,0.000424,0.000424,0.741887,0.000424
AACTGAGTTATACTGA-1,0.000092,0.000092,0.000092,0.000092,0.000092,0.005217,0.025325,0.231594,0.388962,0.348443
AACTGATATTAGGCCT-1,0.004168,0.004167,0.004168,0.004168,0.267823,0.004167,0.004168,0.004168,0.698836,0.004168
AACTGGGTCCCGACGT-1,0.000453,0.000452,0.000453,0.000453,0.000453,0.000453,0.843686,0.000453,0.114315,0.038831
AACTTCTGCGTCTATC-1,0.000841,0.00084,0.00084,0.000841,0.315472,0.035872,0.000841,0.04827,0.595343,0.000841
AACTTGCCCGTATGCA-1,0.00014,0.00014,0.00014,0.00014,0.217582,0.00014,0.00014,0.00014,0.735083,0.046353
AACTTTACGGGAGCTT-1,0.032716,0.000087,0.000087,0.000087,0.000087,0.02346,0.021195,0.000087,0.41741,0.504785
AACTTTCTCGATCATG-1,0.006668,0.006667,0.006667,0.006668,0.006668,0.006668,0.006669,0.939988,0.006669,0.006669
AAGAAATCACCAGATT-1,0.002274,0.002273,0.002273,0.002273,0.002273,0.039709,0.002273,0.384318,0.56006,0.002273
AAGACCAAATAACTCA-1,0.000244,0.000244,0.000244,0.000244,0.123777,0.000244,0.000244,0.000244,0.874272,0.000244
AAGAGATGAATCGGTA-1,0.302312,0.00007,0.00007,0.00007,0.357186,0.00007,0.00007,0.00007,0.124272,0.215811
AAGAGCTCTTTATCGG-1,0.000288,0.000288,0.000288,0.000288,0.313128,0.000288,0.164379,0.156835,0.363928,0.000288
AAGAGGATGTACGCGA-1,0.088728,0.000143,0.000143,0.000143,0.09198,0.128327,0.067091,0.000143,0.578905,0.044396
AAGAGGCATGGATCGC-1,0.000179,0.000179,0.000179,0.067215,0.223243,0.046057,0.082725,0.295142,0.245486,0.039597
AAGAGGCCCTTTGGAA-1,0.000155,0.000155,0.000155,0.000155,0.000155,0.000155,0.000155,0.000155,0.689342,0.309419
AAGATGGCACCGGACC-1,0.029036,0.000164,0.000164,0.000164,0.045123,0.198329,0.138605,0.053253,0.4587,0.076462
AAGATTGGCGGAACGT-1,0.000474,0.000474,0.000474,0.000474,0.340695,0.353351,0.000474,0.302635,0.000474,0.000474
AAGCACCCTGCGTATC-1,0.000099,0.000099,0.000099,0.000099,0.145212,0.000099,0.145818,0.055035,0.535717,0.117725
AAGCATACTCTCCTGA-1,0.000189,0.000189,0.000189,0.154814,0.512151,0.01443,0.069658,0.000189,0.216751,0.031438
AAGCCGAAGCGGTTTA-1,0.000271,0.000271,0.000271,0.000271,0.000271,0.000271,0.000271,0.290914,0.706917,0.000271
AAGCCGCTTTACCTTG-1,0.007694,0.007692,0.007692,0.007694,0.357444,0.007694,0.007694,0.007694,0.007695,0.581007
AAGCCGGAGAGCAGGA-1,0.026722,0.00006,0.00006,0.00006,0.00006,0.0053,0.004568,0.052179,0.678977,0.232016
AAGCGCAGGGCTTTGA-1,0.00007,0.00007,0.00007,0.00007,0.00007,0.00007,0.026077,0.058113,0.60543,0.309958
AAGCGTCCCTCATCGA-1,0.027901,0.000294,0.000294,0.000294,0.201678,0.000294,0.000294,0.000294,0.721992,0.046664
AAGCTAGATCGAGTAA-1,0.000036,0.000036,0.000036,0.461765,0.390318,0.014766,0.02364,0.000036,0.095107,0.014261
AAGCTCGTGCCAAGTC-1,0.000099,0.000099,0.000099,0.303064,0.290129,0.000099,0.20416,0.054349,0.077292,0.070612
AAGCTCTTTCATGGTG-1,0.000415,0.000415,0.000415,0.000415,0.209736,0.000415,0.484849,0.000415,0.30251,0.000415
AAGGAGCGGTTGGTGC-1,0.01282,0.000338,0.000338,0.000338,0.25484,0.000338,0.000338,0.056386,0.673927,0.000338
AAGGATCGATCGCTTG-1,0.003449,0.003448,0.003449,0.003449,0.384835,0.003449,0.003449,0.389247,0.201775,0.003449
AAGGATGAGGGACCTC-1,0.000311,0.000311,0.000311,0.000311,0.413741,0.05226,0.216716,0.000311,0.315419,0.000311
AAGGCAGGCTGTCTCC-1,0.099117,0.000105,0.000105,0.000105,0.148675,0.000105,0.000105,0.117011,0.634554,0.000119
AAGGCGCGTAAAGCTT-1,0.000095,0.000095,0.000095,0.000095,0.223095,0.009869,0.068078,0.103869,0.52671,0.067997
AAGGCTGTGCTCATCG-1,0.000257,0.000257,0.000257,0.000257,0.159148,0.000257,0.032028,0.000257,0.706558,0.100723
AAGGGAACGACTGGCT-1,0.003704,0.003704,0.003704,0.003705,0.003705,0.003704,0.159167,0.003705,0.811197,0.003705
AAGGGACAGATTCTGT-1,0.000172,0.000172,0.000172,0.000172,0.049746,0.337683,0.266989,0.000172,0.344553,0.000172
AAGGGACTATGCATTC-1,0.003705,0.003704,0.003704,0.003705,0.003705,0.003704,0.003705,0.003705,0.966658,0.003705
AAGGGTTTGATTTCAG-1,0.000199,0.000199,0.000199,0.000199,0.159175,0.000199,0.000199,0.162745,0.676688,0.000199
AAGGTATCCTAATATA-1,0.000266,0.000266,0.000266,0.000266,0.000266,0.522758,0.210752,0.079845,0.000266,0.185049
AAGGTGATAAACCAGC-1,0.016757,0.000532,0.000532,0.000532,0.270389,0.000532,0.262543,0.000532,0.447119,0.000532
AAGTAGAAGACCGGGT-1,0.001539,0.001538,0.001538,0.001539,0.118148,0.001539,0.272858,0.001539,0.373507,0.226255
AAGTAGTGACGCGAGG-1,0.010714,0.000175,0.000175,0.000175,0.000175,0.012069,0.000175,0.041207,0.326802,0.608333
AAGTCAATTGTCGTCA-1,0.007144,0.007143,0.007143,0.007146,0.394859,0.007144,0.007145,0.007144,0.547987,0.007145
AAGTCTAGTAGCTGCC-1,0.002223,0.002222,0.002222,0.002223,0.205459,0.002223,0.002223,0.77676,0.002223,0.002223
AAGTCTTCTGTGGCCT-1,0.000147,0.000147,0.000147,0.000147,0.074773,0.032483,0.000147,0.000147,0.891716,0.000147
AAGTGACGACCGAATT-1,0.201394,0.00008,0.00008,0.00008,0.173731,0.00008,0.036834,0.179855,0.209646,0.198219
AAGTGCAAAGGTAGAC-1,0.000115,0.000115,0.000115,0.000115,0.000115,0.000115,0.000115,0.000115,0.914555,0.084527
AAGTGCCTTGACTGTA-1,0.003847,0.003846,0.003846,0.003847,0.003847,0.003847,0.206143,0.003847,0.763082,0.003847
AAGTGCGTTAGAATCT-1,0.036678,0.000089,0.000089,0.045876,0.22833,0.004522,0.000089,0.338083,0.346155,0.000089
AAGTGTTTGGAGACGG-1,0.000207,0.000207,0.000207,0.000207,0.050943,0.000207,0.719665,0.030406,0.197743,0.000207
AAGTTCACTCCAAGCT-1,0.003031,0.00303,0.00303,0.238427,0.12989,0.610466,0.003031,0.003031,0.003031,0.003031
AAGTTCAGTCTGCGTA-1,0.036866,0.000606,0.000606,0.000606,0.197977,0.087923,0.114161,0.000606,0.560043,0.000606
AAGTTCGGCCAACAGG-1,0.00011,0.00011,0.00011,0.007941,0.121683,0.006662,0.19484,0.013576,0.65486,0.00011
AAGTTGTGATGTTATA-1,0.035135,0.00021,0.00021,0.00021,0.086476,0.00021,0.00021,0.00021,0.749181,0.127946
AAGTTTATGGGCCCAA-1,0.027649,0.000243,0.000243,0.000243,0.170067,0.02233,0.190102,0.000243,0.536311,0.05257
AATAACAACGCTCGGC-1,0.001731,0.000101,0.000101,0.000101,0.163838,0.009074,0.000418,0.000101,0.359191,0.465344
AATAACACTAGAACAA-1,0.000215,0.000215,0.000215,0.000215,0.345498,0.013632,0.065159,0.212386,0.247092,0.115373
AATAATCTTCGTATCG-1,0.116914,0.000103,0.000103,0.000103,0.000103,0.000103,0.042424,0.000103,0.779223,0.060821
AATACAATGTTTCAGG-1,0.000101,0.000101,0.000101,0.000101,0.002726,0.000101,0.000101,0.04597,0.399457,0.55124
AATAGAACAGAGTGGC-1,0.016121,0.00014,0.00014,0.044737,0.075539,0.351536,0.114333,0.0709,0.326413,0.00014
AATAGAATCTGTTTCA-1,0.00024,0.00024,0.00024,0.00024,0.246389,0.012921,0.578836,0.00024,0.160412,0.00024
AATAGCTACCGCGTGC-1,0.061645,0.000552,0.000553,0.000553,0.21957,0.03523,0.204478,0.000553,0.476313,0.000553
AATAGTCGCGAGTCGG-1,0.000085,0.000085,0.000085,0.000085,0.000085,0.000085,0.000085,0.000085,0.642686,0.356634
AATATCCTAGCAAACT-1,0.000115,0.000115,0.000115,0.000115,0.000115,0.000115,0.026549,0.000115,0.805915,0.166733
AATATCGAATCAATGC-1,0.000565,0.000565,0.000565,0.000565,0.000565,0.000565,0.000565,0.000565,0.230496,0.764983
AATATCGAGGGTTCTC-1,0.001205,0.001205,0.001205,0.001205,0.30734,0.001205,0.001205,0.001205,0.683019,0.001205
AATATTGGAGTATTGA-1,0.000132,0.000132,0.000132,0.000132,0.115754,0.010349,0.024021,0.128576,0.229117,0.491653
AATCATGTAAAGACTC-1,0.000166,0.000166,0.000166,0.000166,0.16268,0.000166,0.06215,0.000166,0.774011,0.000166
AATCCAAGGGCCTGAG-1,0.000526,0.000526,0.000526,0.000526,0.000526,0.000526,0.499739,0.025404,0.000526,0.471173
AATCGCCTCAGCGCCA-1,0.000136,0.000136,0.000136,0.098607,0.241624,0.000136,0.188137,0.253792,0.14177,0.075526
AATCGCGCAGAGGACT-1,0.063569,0.000114,0.000114,0.000114,0.058945,0.000114,0.139377,0.056311,0.374784,0.306557
AATCGGGACACTACGA-1,0.000212,0.000212,0.000212,0.141225,0.232804,0.07741,0.207333,0.000212,0.340168,0.000212
AATCGTGAGCCGAGCA-1,0.000472,0.000472,0.000472,0.000472,0.257122,0.000472,0.090299,0.000472,0.39518,0.254568
AATCTAGGTTTACTTG-1,0.000167,0.000167,0.000167,0.000167,0.000167,0.000167,0.000167,0.000167,0.790603,0.208061
AATCTATGCCGGAGCC-1,0.004001,0.004,0.004,0.004001,0.004001,0.100173,0.449851,0.004001,0.421969,0.004001
AATCTCTACTGTGGTT-1,0.118499,0.000073,0.000073,0.000073,0.009622,0.000073,0.000073,0.032866,0.126119,0.71253
AATCTGCGTTGGGACG-1,0.028918,0.000315,0.000315,0.000316,0.068542,0.257903,0.182072,0.000316,0.460988,0.000316
AATCTGGCTTTCTAGT-1,0.000184,0.000184,0.000184,0.000184,0.000184,0.000184,0.135759,0.000184,0.862768,0.000184
AATGACAGCAATGTCT-1,0.00014,0.00014,0.00014,0.089148,0.067353,0.005178,0.170931,0.176174,0.489821,0.000974
AATGACGTAGGATGTC-1,0.00004,0.00004,0.00004,0.00004,0.009257,0.00004,0.990424,0.00004,0.00004,0.00004
AATGACTGTCAGCCGG-1,0.000565,0.000565,0.000565,0.000565,0.123077,0.000565,0.000565,0.000565,0.595212,0.277755
AATGATGATACGCTAT-1,0.000422,0.000422,0.000422,0.000422,0.472666,0.057256,0.137173,0.000422,0.330373,0.000422
AATGATGCGACTCCTG-1,0.022874,0.000435,0.000435,0.000435,0.000435,0.445671,0.000435,0.000435,0.487321,0.041525
AATGCAACCGGGTACC-1,0.000228,0.000228,0.000228,0.000228,0.092898,0.005022,0.396949,0.324996,0.178995,0.000228
AATGCACCAAGCAATG-1,0.000306,0.000306,0.000306,0.000306,0.392706,0.018846,0.000306,0.000306,0.586307,0.000306
AATGGTCCACCGTTCA-1,0.000155,0.000155,0.000155,0.000155,0.051575,0.000155,0.000155,0.099427,0.556572,0.291496
AATGGTTCTCACAAGC-1,0.050819,0.000115,0.000115,0.000116,0.125953,0.000116,0.000116,0.000116,0.633149,0.189387
AATGTGCCCGAGGTGT-1,0.000476,0.000476,0.000476,0.05629,0.122714,0.000476,0.134614,0.000476,0.683524,0.000476
AATGTTAAGACCCTGA-1,0.000439,0.000439,0.000439,0.000439,0.245063,0.046683,0.000439,0.000439,0.705183,0.000439
AATTAAAGGTCGGCGT-1,0.050434,0.000217,0.000217,0.000217,0.176455,0.000217,0.228044,0.064121,0.479859,0.000217
AATTAACGGATTTCCA-1,0.00065,0.000649,0.000649,0.200902,0.244509,0.00065,0.083508,0.311276,0.156556,0.00065
AATTACGAGACCCATC-1,0.01589,0.000135,0.000135,0.000135,0.317048,0.000135,0.000135,0.000135,0.290836,0.375417
AATTAGCGCTGCAGCG-1,0.000187,0.000187,0.000187,0.000187,0.44378,0.038584,0.095333,0.026781,0.378152,0.016622
AATTCATAAGGGATCT-1,0.060354,0.001818,0.001818,0.001819,0.001819,0.172787,0.356698,0.001819,0.39925,0.001819
AATTCATTGTCATGCA-1,0.016667,0.016667,0.01667,0.016673,0.849973,0.016669,0.01667,0.016671,0.016671,0.016669
AATTCGATTCGAGGAT-1,0.000071,0.000071,0.000071,0.000071,0.057171,0.000071,0.000071,0.404529,0.422216,0.115657
AATTCTAGAGTTAGGC-1,0.000199,0.000199,0.000199,0.000199,0.33684,0.043464,0.07884,0.299369,0.24049,0.000199
AATTGAACGCTCTGGT-1,0.000061,0.000061,0.000061,0.000061,0.000061,0.000061,0.999452,0.000061,0.000061,0.000061
AATTGCAGCAATCGAC-1,0.000137,0.000137,0.000137,0.000137,0.03093,0.000137,0.000137,0.184765,0.524948,0.258533
AATTTGGTTCCAAAGA-1,0.000234,0.000234,0.000234,0.000234,0.270304,0.014788,0.150583,0.000234,0.369037,0.194119
ACAAACCATGCGTCCT-1,0.000704,0.000704,0.000704,0.000704,0.190972,0.000704,0.000704,0.193849,0.610248,0.000704
ACAAAGAAGGTAGGCC-1,0.013507,0.000071,0.000071,0.123635,0.004565,0.001899,0.027338,0.025174,0.513928,0.289812
ACAAAGCATGACCTAG-1,0.000257,0.000256,0.000256,0.000256,0.088038,0.000256,0.000256,0.000256,0.836919,0.073247
ACAAATCGCACCGAAT-1,0.055492,0.000127,0.000127,0.000127,0.000127,0.000127,0.807336,0.024558,0.102866,0.009112
ACAAATGGTAGTGTTT-1,0.000516,0.000515,0.000515,0.000516,0.145928,0.000516,0.531543,0.000516,0.31892,0.000516
ACAACAGCATGAGCTA-1,0.000063,0.000063,0.000063,0.447843,0.350848,0.000063,0.094094,0.097642,0.000063,0.00926
ACAACGGTCCCTGCGA-1,0.000155,0.000155,0.000155,0.000155,0.137065,0.000155,0.062839,0.061619,0.724669,0.013035
ACAAGCAGTGCCTAGC-1,0.023086,0.000155,0.000155,0.000155,0.131484,0.000155,0.000155,0.000155,0.636666,0.207832
ACAAGCTATATGGAAG-1,0.000057,0.000057,0.000057,0.000057,0.000057,0.117183,0.105115,0.000057,0.476781,0.300575
ACAAGGAAATCCGCCC-1,0.000091,0.000091,0.000091,0.062622,0.092481,0.000091,0.632663,0.161449,0.000091,0.050332
ACAAGGACAAGAGGTT-1,0.000116,0.000116,0.000116,0.000116,0.050286,0.008407,0.000116,0.201531,0.098245,0.640952
ACAAGGATGCTTTAGG-1,0.066513,0.005556,0.005556,0.005557,0.005557,0.114664,0.181251,0.005557,0.604233,0.005557
ACAAGGGCAGGCTCTG-1,0.016277,0.000058,0.000058,0.020949,0.458762,0.000058,0.197737,0.024288,0.161207,0.120604
ACAATAGTCGTACGTT-1,0.000143,0.000143,0.000143,0.000143,0.000143,0.000143,0.000143,0.000143,0.803809,0.195049
ACAATCCATTTAAACC-1,0.000113,0.000112,0.000112,0.063604,0.000113,0.069879,0.000113,0.000113,0.105571,0.760271
ACAATGAATACGGAGA-1,0.098517,0.000893,0.000893,0.240056,0.000893,0.000893,0.000893,0.000893,0.655175,0.000893
ACAATTGTGTCTCTTT-1,0.00345,0.003448,0.003448,0.003449,0.003449,0.003449,0.003449,0.38703,0.585377,0.003449
ACAATTTAGGAGGCTC-1,0.15629,0.000074,0.000074,0.000074,0.000074,0.000074,0.070115,0.03945,0.119403,0.614373
ACAATTTGAGCAGTGG-1,0.000617,0.000617,0.000617,0.000617,0.208313,0.000618,0.186818,0.129471,0.471693,0.000617
ACAATTTGGCCATATT-1,0.016691,0.000087,0.000087,0.000087,0.000087,0.000087,0.036147,0.083967,0.736528,0.126231
ACACAAAGACGGGTGG-1,0.000685,0.000685,0.000685,0.000685,0.000685,0.000685,0.269707,0.315338,0.410159,0.000685
ACACACCAGGACCAGT-1,0.000441,0.000441,0.000441,0.000441,0.000441,0.000441,0.454561,0.077276,0.465079,0.000441
ACACACTTTCTACACG-1,0.004764,0.004762,0.004762,0.004763,0.004763,0.004763,0.413874,0.548022,0.004763,0.004763
ACACATGATCAAATCT-1,0.000072,0.000072,0.000072,0.160057,0.049723,0.000072,0.347772,0.037948,0.40414,0.000072
ACACCACATAATTAGC-1,0.000158,0.000157,0.000157,0.046927,0.045355,0.000158,0.000158,0.000158,0.906615,0.000158
ACACCCAGCATGCAGC-1,0.002273,0.002273,0.002273,0.002274,0.002273,0.002273,0.34114,0.640674,0.002273,0.002273
ACACCCGAGAAATCCG-1,0.08467,0.000167,0.000167,0.000167,0.193179,0.000167,0.044785,0.000167,0.511817,0.164715
ACACCTTAAGTAGGGC-1,0.000181,0.000181,0.000181,0.000181,0.078137,0.000181,0.01643,0.000181,0.486851,0.417498
ACACCTTACTACTTGC-1,0.002041,0.002041,0.002041,0.002041,0.002041,0.002041,0.002041,0.002041,0.981629,0.002041
ACACGAGACTCCTTCT-1,0.000062,0.000062,0.000062,0.588989,0.203797,0.007313,0.169645,0.011623,0.015115,0.003332
ACACGTAGGCCACAAG-1,0.081258,0.000157,0.000157,0.000158,0.113848,0.000158,0.000158,0.000158,0.696781,0.107167
ACACTGATCAAGGTGT-1,0.013381,0.000153,0.000153,0.000153,0.128808,0.408962,0.096474,0.073331,0.278431,0.000153
ACACTGGGACAGTCGT-1,0.015338,0.000199,0.000199,0.000199,0.000199,0.000199,0.000199,0.000199,0.529426,0.453844
ACAGAACTGAGAACAA-1,0.000102,0.000102,0.000102,0.138324,0.000102,0.005378,0.017593,0.131782,0.63159,0.074923
ACAGCATAGAGCCAGT-1,0.064499,0.002564,0.002564,0.002565,0.347833,0.002565,0.002565,0.002565,0.569717,0.002565
ACAGCGACATTCTCAT-1,0.181528,0.000092,0.000092,0.002722,0.206439,0.000092,0.037732,0.14935,0.000092,0.421861
ACAGGCACGGATCCTT-1,0.000394,0.000394,0.000394,0.000394,0.000394,0.000394,0.794246,0.000394,0.000394,0.202603
ACAGGCTTGCCCGACT-1,0.036104,0.000592,0.000592,0.00475,0.000592,0.000592,0.481699,0.303055,0.171434,0.000592
ACAGGTGGAGGTGAGG-1,0.054136,0.001587,0.001587,0.001588,0.001588,0.001588,0.001588,0.46437,0.470381,0.001588
ACAGGTGTGTTGTTGC-1,0.066061,0.000099,0.000099,0.000099,0.000099,0.026456,0.000099,0.000099,0.432856,0.47403
ACAGTAATACAACTTG-1,0.000155,0.000155,0.000155,0.000155,0.000155,0.033671,0.039355,0.000155,0.92589,0.000155
ACAGTATACCGTGGGA-1,0.007144,0.007143,0.007143,0.007144,0.007145,0.007144,0.007145,0.331888,0.610959,0.007145
ACATAAGTCGTGGTGA-1,0.000128,0.000128,0.000128,0.000128,0.114216,0.003143,0.000128,0.031099,0.844536,0.006364
ACATAATAAGGCGGTG-1,0.02746,0.000442,0.000443,0.000443,0.125283,0.000443,0.438036,0.000443,0.406566,0.000443
ACATCAGCTGGGACGC-1,0.037898,0.000071,0.000071,0.014263,0.105986,0.000071,0.000071,0.050106,0.571353,0.220111
ACATCCTGGTAACTGT-1,0.070717,0.001493,0.001493,0.001493,0.243649,0.001493,0.337205,0.001493,0.339472,0.001493
ACATCGATCGTTTACC-1,0.000226,0.000226,0.000226,0.000226,0.213908,0.034732,0.176323,0.065626,0.508282,0.000226
ACATCGGTCAGCCGCG-1,0.000208,0.000208,0.000208,0.000208,0.102221,0.011157,0.08351,0.000208,0.801865,0.000208
ACATCGTATGCAATGG-1,0.013615,0.00011,0.00011,0.058939,0.101789,0.00011,0.632509,0.070044,0.115768,0.007007
ACATGGCGCCAAAGTA-1,0.007693,0.007692,0.007693,0.007695,0.007695,0.007694,0.007695,0.007695,0.930754,0.007695
ACATTAGTTTATATCC-1,0.021561,0.000141,0.000141,0.051497,0.20912,0.000142,0.473818,0.134053,0.073323,0.036202
ACCAACACCACACACT-1,0.091147,0.002273,0.002273,0.002273,0.002273,0.002273,0.002273,0.409896,0.483045,0.002273
ACCAACCGCACTCCAC-1,0.001266,0.001266,0.001266,0.169458,0.001266,0.001266,0.310591,0.001266,0.511088,0.001266
ACCAACGCTTATTTAT-1,0.000134,0.000134,0.000134,0.000134,0.24445,0.278578,0.146526,0.000134,0.329644,0.000134
ACCAAGAACGCGTGTC-1,0.001819,0.001818,0.001818,0.001819,0.001819,0.001819,0.001819,0.001819,0.983632,0.001819
ACCAATATGCAAGTTA-1,0.000132,0.000132,0.000132,0.07761,0.038032,0.000132,0.772893,0.000132,0.110674,0.000132
ACCACAAGTTTCTATC-1,0.001316,0.001316,0.001316,0.001316,0.253059,0.067132,0.407959,0.001316,0.263954,0.001316
ACCACACGGTTGATGG-1,0.000119,0.000119,0.000119,0.025623,0.160051,0.162333,0.186579,0.021067,0.162462,0.281529
ACCACCAATGTAACAA-1,0.002858,0.002857,0.002858,0.002858,0.002858,0.002858,0.002858,0.179397,0.797741,0.002858
ACCACCCTCTCTTCTA-1,0.005557,0.005556,0.005556,0.005557,0.005557,0.005557,0.005557,0.005558,0.82068,0.134867
ACCACGTGCAGCTATA-1,0.02831,0.000279,0.000279,0.000279,0.236057,0.000279,0.639159,0.094797,0.000279,0.000279
ACCAGACCATAACAAC-1,0.000065,0.000065,0.000065,0.000065,0.000065,0.000065,0.07154,0.000065,0.355105,0.572899
ACCAGTGCGGGAGACG-1,0.000775,0.000775,0.000775,0.000775,0.141413,0.055923,0.18809,0.000775,0.529619,0.081078
ACCATATCCGCAATAA-1,0.000214,0.000214,0.000214,0.000214,0.000214,0.000214,0.554953,0.010195,0.119779,0.313788
ACCATCCGCCAACTAG-1,0.000105,0.000105,0.000105,0.000105,0.000105,0.000105,0.000105,0.058361,0.184405,0.756497
ACCATCGTATATGGTA-1,0.000287,0.000287,0.000287,0.115935,0.000287,0.009469,0.138179,0.247162,0.487818,0.000287
ACCCAACGCCCGTGGC-1,0.000383,0.000383,0.000383,0.000383,0.125745,0.269337,0.235914,0.119906,0.054746,0.192819
ACCCACCTACATGCTC-1,0.000161,0.000161,0.000161,0.000161,0.050214,0.000161,0.091895,0.199361,0.474939,0.182789
ACCCATCTTGAGGGTA-1,0.035154,0.000125,0.000125,0.014765,0.15944,0.000126,0.092103,0.364292,0.308916,0.024953
ACCCATTTGTCCCTCT-1,0.015016,0.000176,0.000176,0.000176,0.215928,0.000176,0.106194,0.000176,0.459667,0.202313
ACCCGAGCGAAATTAC-1,0.191116,0.002857,0.002857,0.002858,0.002858,0.137214,0.019042,0.002858,0.635482,0.002858
ACCCGGAAACTCCCAG-1,0.000184,0.000184,0.000184,0.000184,0.354095,0.31111,0.000184,0.062116,0.271576,0.000184
ACCCGGAGCACCACAA-1,0.120203,0.000073,0.000073,0.000073,0.08511,0.000073,0.000073,0.00863,0.664878,0.120812
ACCCGGATGACGCATC-1,0.003126,0.003125,0.003125,0.003126,0.571566,0.003126,0.003126,0.003126,0.003126,0.403429
ACCCGGTTACACTTCC-1,0.000143,0.000143,0.000143,0.000143,0.075894,0.32817,0.312133,0.000143,0.176012,0.107076
ACCCTATGCCATATCG-1,0.000187,0.000187,0.000187,0.055625,0.167649,0.193916,0.024168,0.0495,0.458939,0.049641
ACCCTCCCGTCAGGGC-1,0.000132,0.000132,0.000132,0.000132,0.082081,0.078572,0.128938,0.000132,0.709614,0.000132
ACCCTCCCTTGCTATT-1,0.000114,0.000114,0.000114,0.000114,0.000114,0.000114,0.975877,0.000114,0.023207,0.000114
ACCCTGGTAACGCCCT-1,0.001724,0.001724,0.001724,0.001724,0.001725,0.98448,0.001724,0.001725,0.001725,0.001725
ACCCTTCATCTGCGAA-1,0.005883,0.005882,0.005882,0.005884,0.005885,0.005884,0.005884,0.005884,0.947047,0.005884
ACCGAAAGGGCCCTGC-1,0.000355,0.000355,0.000355,0.000355,0.077351,0.035225,0.193315,0.000355,0.69198,0.000355
ACCGAAGAGTCTGGTT-1,0.018644,0.00012,0.00012,0.085106,0.066,0.00012,0.096085,0.191613,0.542072,0.00012
ACCGACACATCTCCCA-1,0.000926,0.000926,0.000926,0.056703,0.198151,0.015279,0.145921,0.000926,0.579316,0.000926
ACCGACTGAGTCCCAC-1,0.076848,0.000226,0.000226,0.000226,0.224343,0.015315,0.568135,0.000226,0.089518,0.024938
ACCGAGTCTCCTTATT-1,0.048218,0.000375,0.000375,0.000375,0.24383,0.000375,0.149088,0.000375,0.556616,0.000375
ACCGATAGGCATAACC-1,0.000086,0.000086,0.000086,0.014538,0.000086,0.003033,0.000086,0.224309,0.095899,0.661794
ACCGATATTTAATCAT-1,0.000147,0.000147,0.000147,0.00716,0.000147,0.000147,0.000147,0.000147,0.780018,0.211792
ACCGATGGTAGCATCG-1,0.015828,0.000147,0.000147,0.038261,0.108282,0.439513,0.114008,0.000147,0.283521,0.000147
ACCGCAATAACTGCCT-1,0.010463,0.000083,0.000083,0.000083,0.000083,0.000083,0.988874,0.000083,0.000083,0.000083
ACCGCGGTGGAAGTCG-1,0.00087,0.00087,0.00087,0.00087,0.00087,0.00087,0.00087,0.00087,0.543859,0.449183
ACCGGGCCTTTGTTGA-1,0.005557,0.005556,0.005556,0.005557,0.005557,0.005557,0.573164,0.005557,0.382383,0.005557
ACCGGTCAGGTACACC-1,0.000164,0.000164,0.000164,0.000164,0.071844,0.000164,0.09029,0.000164,0.83672,0.000164
ACCGTCCACTGGGCCC-1,0.263529,0.002381,0.002381,0.126227,0.002382,0.002381,0.002382,0.220116,0.37584,0.002382
ACCGTGACCACGTGGG-1,0.126668,0.000105,0.000105,0.000105,0.000105,0.742333,0.000105,0.000105,0.000105,0.130262
ACCTAAGTACCTTTCA-1,0.02994,0.000181,0.000181,0.000181,0.128714,0.000181,0.000181,0.399513,0.420874,0.020056
ACCTAATCGACTTCCT-1,0.00017,0.00017,0.00017,0.00017,0.00017,0.00017,0.00017,0.001447,0.556797,0.440565
ACCTACAGTATGTGGT-1,0.00014,0.00014,0.00014,0.000208,0.127068,0.009673,0.061954,0.019441,0.484759,0.296476
ACCTCCGCCCTCGCTG-1,0.00023,0.00023,0.00023,0.00023,0.084959,0.014714,0.00023,0.0095,0.495717,0.393958
ACCTCCGTTATTCACC-1,0.000625,0.000625,0.000625,0.000625,0.000625,0.000625,0.000625,0.000625,0.994374,0.000625
ACCTGCGTGTCATGTT-1,0.011883,0.000108,0.000108,0.046834,0.000108,0.000108,0.086425,0.011773,0.468455,0.374197
ACGAAATGGGCGGCAC-1,0.000135,0.000135,0.000135,0.000135,0.062153,0.008743,0.152165,0.012358,0.602676,0.161365
ACGACCCATGAGTTGC-1,0.000104,0.000104,0.000104,0.07179,0.000104,0.000104,0.04005,0.027811,0.859725,0.000104
ACGACTCTAGGGCCGA-1,0.000376,0.000376,0.000376,0.000376,0.219982,0.091294,0.232302,0.131051,0.323492,0.000376
ACGACTGGTCATACTC-1,0.000588,0.000588,0.000588,0.000588,0.252617,0.157866,0.259485,0.000588,0.000588,0.326502
ACGAGGATACCACTCT-1,0.000117,0.000117,0.000117,0.000117,0.017091,0.000117,0.062495,0.369477,0.354037,0.196313
ACGAGGTTTACAACGT-1,0.022481,0.000162,0.000162,0.000162,0.093238,0.007564,0.000162,0.000162,0.875743,0.000162
ACGAGTACGGATGCCC-1,0.00122,0.00122,0.00122,0.00122,0.269074,0.00122,0.00122,0.00122,0.721168,0.00122
ACGATACATAGAACTA-1,0.001667,0.001667,0.001667,0.001667,0.550766,0.001667,0.001667,0.134878,0.302687,0.001667
ACGATACCTATCCTGA-1,0.000086,0.000086,0.000086,0.000086,0.001889,0.000086,0.023226,0.119689,0.507068,0.347695
ACGATCATACATAGAG-1,0.045511,0.000199,0.000199,0.000199,0.259144,0.000199,0.578984,0.031879,0.083488,0.000199
ACGATCATCTTGTAAA-1,0.005002,0.005,0.005,0.005001,0.005001,0.097413,0.005002,0.005002,0.862577,0.005002
ACGATGCATATGTTAT-1,0.000165,0.000164,0.000164,0.000165,0.231905,0.014397,0.002176,0.134959,0.615741,0.000165
ACGATGGATCCGATGC-1,0.000503,0.000503,0.000503,0.000503,0.152943,0.000503,0.14751,0.117408,0.579123,0.000503
ACGCAATCACTACAGC-1,0.188393,0.003448,0.003448,0.003449,0.003449,0.003449,0.003449,0.320844,0.46662,0.003449
ACGCATACGTTTACTA-1,0.000238,0.000238,0.000238,0.000238,0.000238,0.000238,0.000238,0.000238,0.997862,0.000238
ACGCATTCGTGAGTAC-1,0.000241,0.000241,0.000241,0.000241,0.059408,0.000241,0.788338,0.000241,0.150567,0.000241
ACGCCACTCGAAACAG-1,0.000455,0.000455,0.000455,0.065451,0.193284,0.136204,0.049266,0.068554,0.485422,0.000455
ACGCCGCTAGACGACC-1,0.008508,0.000065,0.000065,0.000065,0.473668,0.000065,0.052358,0.114042,0.322398,0.028766
ACGCGAAGTCAGACGA-1,0.000121,0.000121,0.000121,0.000121,0.259004,0.108491,0.348307,0.000121,0.28347,0.000121
ACGCGCTACACAGGGT-1,0.026137,0.000142,0.000142,0.000142,0.094036,0.000142,0.16176,0.000142,0.717213,0.000142
ACGCGGGCCAAGGACA-1,0.020862,0.000073,0.000073,0.054948,0.140058,0.009174,0.643521,0.028553,0.000073,0.102665
ACGCGTTTCTTAAGAG-1,0.000067,0.000066,0.000066,0.000067,0.000067,0.000067,0.000067,0.006315,0.552043,0.441177
ACGCTAGTGATACACT-1,0.003126,0.003125,0.003125,0.003126,0.392068,0.003126,0.318421,0.003126,0.267632,0.003126
ACGCTGTGAGGCGTAG-1,0.000187,0.000187,0.000187,0.000187,0.000187,0.000187,0.000187,0.000187,0.848487,0.15002
ACGGACTCTCAAAGCG-1,0.054494,0.000047,0.000047,0.000047,0.135941,0.000047,0.601779,0.041721,0.09573,0.070148
ACGGAGCGCAAATTAC-1,0.077349,0.000469,0.000469,0.00047,0.337101,0.102036,0.00047,0.00047,0.40563,0.075536
ACGGATGGTGCGGATA-1,0.000135,0.000135,0.000135,0.000135,0.048254,0.000135,0.742107,0.000135,0.134557,0.074269
ACGGCACTTGCTTGGG-1,0.000192,0.000192,0.000192,0.000192,0.216907,0.02828,0.060844,0.439248,0.094109,0.159844
ACGGCGACGATGGGAA-1,0.000172,0.000172,0.000172,0.000172,0.125312,0.000172,0.707179,0.062113,0.104364,0.000172
ACGGCTGGATGTAGAA-1,0.000147,0.000147,0.000147,0.000147,0.248595,0.000147,0.061728,0.000147,0.688647,0.000147
ACGGGAGTGTCGGCCC-1,0.000085,0.000085,0.000085,0.000085,0.228375,0.000085,0.160531,0.063853,0.483262,0.063555
ACGGGCGTATGCGACA-1,0.035523,0.001408,0.001409,0.001409,0.001409,0.033436,0.234016,0.001409,0.688573,0.001409
ACGTACAGATTTCTCT-1,0.000311,0.000311,0.000311,0.000311,0.160741,0.000311,0.057547,0.000311,0.583764,0.196084
ACGTAGATTGCTGATG-1,0.000193,0.000193,0.000193,0.000193,0.367984,0.000193,0.295507,0.195053,0.140295,0.000193
ACGTAGGAGAGTCGCT-1,0.000063,0.000063,0.000063,0.000063,0.000063,0.000063,0.08685,0.000063,0.912647,0.000063
ACGTATTACTCCGATC-1,0.01667,0.016667,0.016667,0.016673,0.016673,0.01667,0.016671,0.016671,0.016671,0.849967
ACGTCTCGTTCCGGGA-1,0.00014,0.00014,0.00014,0.00014,0.00014,0.00014,0.00014,0.00014,0.833482,0.165396
ACGTGACAAAGTAAGT-1,0.010878,0.000083,0.000083,0.000083,0.000083,0.000083,0.000083,0.000083,0.735611,0.252932
ACGTGCGCCTCGTGCA-1,0.002273,0.002273,0.002273,0.002273,0.002273,0.002273,0.002273,0.671394,0.31042,0.002273
ACGTTAATGTCGAAGA-1,0.018934,0.000167,0.000167,0.000167,0.333757,0.011599,0.222142,0.262739,0.150161,0.000167
ACGTTAGATTTGCCCG-1,0.000235,0.000235,0.000235,0.000235,0.045705,0.000235,0.073062,0.000235,0.87959,0.000235
ACGTTATTGGTCACTC-1,0.03843,0.000671,0.000671,0.000671,0.280954,0.021506,0.000671,0.000671,0.437002,0.218752
ACGTTCGCAATCAATT-1,0.062054,0.000104,0.000104,0.000104,0.240582,0.000104,0.000104,0.176993,0.519748,0.000104
ACGTTCGTTCAGGAAA-1,0.000339,0.000339,0.000339,0.000339,0.345474,0.126914,0.000339,0.000339,0.525238,0.000339
ACGTTCTGTACAAGTC-1,0.003449,0.003448,0.003448,0.003449,0.003449,0.003449,0.097505,0.42901,0.449342,0.003449
ACGTTTAGTTGTGATC-1,0.003334,0.003333,0.003333,0.003334,0.098014,0.003334,0.003334,0.003334,0.875315,0.003334
ACTACATCCCGACAAG-1,0.004001,0.004,0.004001,0.004001,0.309361,0.097198,0.004001,0.309103,0.004001,0.260331
ACTACCAGCTCTCTGG-1,0.000153,0.000153,0.000153,0.000153,0.049049,0.000153,0.065543,0.047044,0.548458,0.289141
ACTAGTTGCGATCGTC-1,0.037857,0.000361,0.000361,0.000361,0.177692,0.037103,0.000361,0.000361,0.427905,0.317638
ACTATCCAGGGCATGG-1,0.00099,0.00099,0.00099,0.00099,0.315637,0.00099,0.00099,0.00099,0.67644,0.00099
ACTATCTGCCCGCGTA-1,0.000154,0.000154,0.000154,0.000154,0.000154,0.000154,0.000154,0.220056,0.304348,0.474516
ACTATGTCCAGCTGCC-1,0.001191,0.00119,0.001191,0.001191,0.129281,0.001191,0.33141,0.001191,0.313291,0.218874
ACTATTTCCGGGCCCA-1,0.000195,0.000195,0.000195,0.000195,0.042243,0.61037,0.053873,0.000195,0.285431,0.007108
ACTCAAGTGCAAGGCT-1,0.001471,0.001471,0.001471,0.001471,0.19668,0.02511,0.389647,0.066441,0.001471,0.314767
ACTCAATAAAGGCACG-1,0.000234,0.000234,0.000234,0.000234,0.000234,0.000234,0.923729,0.000234,0.074397,0.000234
ACTCCAATATCATCAT-1,0.001696,0.001695,0.001695,0.001695,0.001695,0.001695,0.265441,0.001695,0.720997,0.001695
ACTCCCATTCCTAAAG-1,0.000091,0.00009,0.000091,0.064579,0.057304,0.000091,0.011651,0.239361,0.402304,0.224439
ACTCCCGAATTCGTTT-1,0.001111,0.001111,0.001111,0.001111,0.001111,0.001111,0.124271,0.141443,0.726506,0.001111
ACTCCCGTAGACTAGG-1,0.005556,0.005556,0.005556,0.005557,0.005557,0.176885,0.005558,0.247043,0.537175,0.005557
ACTCCCTAATGCTAAA-1,0.000524,0.000524,0.000524,0.021666,0.245905,0.020247,0.381782,0.000524,0.000524,0.327782
ACTCCCTAGAATAGTA-1,0.000154,0.000154,0.000154,0.07342,0.532991,0.000154,0.135231,0.029219,0.101329,0.127196
ACTCCGGCCGACCACT-1,0.001021,0.00102,0.00102,0.001021,0.20314,0.001021,0.073375,0.186,0.02159,0.510792
ACTCGCGATCTGACGC-1,0.000277,0.000277,0.000277,0.000277,0.000277,0.000277,0.043891,0.000277,0.953893,0.000277
ACTCGTAACCCGTCCT-1,0.000129,0.000129,0.000129,0.000129,0.00713,0.004853,0.191545,0.008668,0.599538,0.187751
ACTCGTCAGTAATCCC-1,0.098473,0.000128,0.000128,0.000128,0.187702,0.422812,0.140996,0.054938,0.000128,0.094566
ACTCTAAACCTGGGAT-1,0.000037,0.000037,0.000037,0.000037,0.000037,0.02121,0.003175,0.084423,0.36439,0.526618
ACTCTCTGACTTAGGT-1,0.018564,0.000149,0.000149,0.000149,0.294173,0.000149,0.340037,0.087114,0.259365,0.000149
ACTCTGACCTAATAGA-1,0.013469,0.000227,0.000227,0.057592,0.000227,0.009536,0.47089,0.173139,0.274465,0.000227
ACTCTTCAGCTCCCGC-1,0.000126,0.000126,0.000126,0.050588,0.000126,0.000126,0.000126,0.485591,0.14626,0.316808
ACTGAAACGCCGTTAG-1,0.029974,0.000495,0.000495,0.000495,0.000495,0.008403,0.087753,0.000495,0.8709,0.000495
ACTGAATGGCGAAAGT-1,0.000096,0.000096,0.000096,0.000096,0.092286,0.029564,0.710841,0.037926,0.128904,0.000096
ACTGCCGTCGTAACTC-1,0.002779,0.002778,0.002778,0.002779,0.462563,0.059702,0.002779,0.002779,0.458286,0.002779
ACTGCGGACACACCGT-1,0.000144,0.000144,0.000144,0.072542,0.000144,0.000144,0.027569,0.026951,0.872072,0.000144
ACTGCTCGGAAGGATG-1,0.000143,0.000143,0.000143,0.000143,0.153834,0.000143,0.000143,0.000143,0.845021,0.000143
ACTGTACGATACACAT-1,0.000293,0.000293,0.000293,0.000293,0.387824,0.01046,0.126887,0.075104,0.39826,0.000293
ACTGTAGCACTTTGGA-1,0.000131,0.000131,0.000131,0.07135,0.087361,0.006933,0.402321,0.000131,0.319856,0.111653
