Barcode,Topic 1to4,Topic 5to8,Topic 9,Topic 10
AAACAACGAATAGTTC-1,0.420646,0.025008,0.548095,0.006252
AAACAAGTATCTCCCA-1,0.371421,0.624715,0.001006,0.002858
AAACAATCTACTAGCA-1,0.000093,0.323249,0.000023,0.676635
AAACACCAATAACTGC-1,0.7838,0.170033,0.031069,0.015098
AAACAGAGCGACTCCT-1,0.375693,0.108297,0.381676,0.134335
AAACAGCTTTCAGAAG-1,0.108982,0.763057,0.046344,0.081617
AAACAGGGTCTATATT-1,0.036248,0.935156,0.028,0.000596
AAACATGGTGAGAGGA-1,0.246994,0.684165,0.03472,0.034121
AAACATTTCCCGGATT-1,0.24733,0.752552,0.000032,0.000087
AAACCACTACACAGAT-1,0.415695,0.297691,0.213361,0.073253
AAACCCGAACGAAATC-1,0.339387,0.629548,0.013173,0.017892
AAACCGGAAATGTTAA-1,0.328081,0.361535,0.000053,0.310332
AAACCGGGTAGGTACC-1,0.236142,0.763795,0.000031,0.000031
AAACCGTTCGTCCAGG-1,0.002093,0.177263,0.820344,0.0003
AAACCTCATGAAGTTG-1,0.512184,0.487783,0.000016,0.000016
AAACGAAGAACATACC-1,0.254821,0.676549,0.001927,0.066703
AAACGAAGATGGAGTA-1,0.036287,0.936682,0.027017,0.000014
AAACGACAGTCTTGCC-1,0.282374,0.496499,0.075261,0.145866
AAACGAGACGGTTGAT-1,0.130221,0.621396,0.086892,0.161491
AAACGCTGGGCACGAC-1,0.127942,0.522657,0.000386,0.349014
AAACGGGTTGGTATCC-1,0.000314,0.99953,0.000078,0.000078
AAACGTGTTCGCCCTA-1,0.265631,0.680743,0.035394,0.018233
AAACTAACGTGGCGAC-1,0.056606,0.438937,0.480032,0.024425
AAACTCGTGATATAAG-1,0.518139,0.345424,0.023721,0.112716
AAACTTAATTGCACGC-1,0.58997,0.356953,0.031026,0.022051
AAACTTGCAAACGTAT-1,0.254758,0.730949,0.010089,0.004203
AAAGAATGACCTTAGA-1,0.26177,0.729165,0.009058,0.000007
AAAGAATGTGGACTAA-1,0.000486,0.690522,0.000122,0.308871
AAAGACCCAAGTCGCG-1,0.60914,0.349582,0.018714,0.022564
AAAGACTGGGCGCTTT-1,0.773482,0.223393,0.000009,0.003116
AAAGCTTGCCTACATA-1,0.060419,0.884065,0.030639,0.024877
AAAGGGATGTAGCAAG-1,0.093035,0.90325,0.000041,0.003674
AAAGGGCAGCTTGAAT-1,0.365167,0.599626,0.010771,0.024436
AAAGGTAAGCTGTACC-1,0.080595,0.395672,0.442248,0.081485
AAAGTAGCATTGCTCA-1,0.379672,0.597352,0.012843,0.010132
AAAGTCACTGATGTAA-1,0.729962,0.214408,0.049501,0.006129
AAAGTCGACCCTCAGT-1,0.335233,0.642033,0.017601,0.005134
AAAGTGCCATCAATTA-1,0.00241,0.866974,0.130013,0.000603
AAAGTGTGATTTATCT-1,0.338632,0.386096,0.128792,0.146479
AAAGTTGACTCCCGTA-1,0.090242,0.904517,0.000034,0.005207
AAATAACCATACGGGA-1,0.007532,0.845815,0.105622,0.041032
AAATAAGGTAGTGCCC-1,0.093485,0.904852,0.000019,0.001644
AAATAGCTTAGACTTT-1,0.994146,0.000037,0.000009,0.005808
AAATCACTCCTAAACG-1,0.061174,0.819501,0.119295,0.00003
AAATCGCGGAAGGAGT-1,0.000049,0.999926,0.000012,0.000012
AAATCGTGTACCACAA-1,0.020474,0.91179,0.053827,0.013909
AAATCTAGCCCTGCTA-1,0.398552,0.595184,0.000016,0.006248
AAATCTGCCCGCGTCC-1,0.074576,0.925391,0.000018,0.000015
AAATGATTCGATCAGC-1,0.11143,0.880043,0.000041,0.008486
AAATGCTCGTTACGTT-1,0.144477,0.849737,0.00008,0.005705
AAATGGCATGTCTTGT-1,0.018129,0.404909,0.064627,0.512335
AAATGGCCCGTGCCCT-1,0.090804,0.850358,0.002337,0.056501
AAATGGTCAATGTGCC-1,0.478518,0.521436,0.000023,0.000023
AAATGTATCTTATCCC-1,0.140907,0.85886,0.000116,0.000116
AAATGTGGGTGCTCCT-1,0.000737,0.939735,0.059344,0.000184
AAATTAACGGGTAGCT-1,0.128538,0.863731,0.00763,0.000102
AAATTAATAAGCGCGA-1,0.266032,0.733944,0.000012,0.000012
AAATTACACGACTCTG-1,0.038098,0.914299,0.044176,0.003427
AAATTACCTATCGATG-1,0.031149,0.968762,0.000045,0.000045
AAATTCCAGGTCCAAA-1,0.076217,0.907728,0.000015,0.01604
AAATTGATAGTCCTTT-1,0.521463,0.473964,0.002364,0.002209
AAATTGCGGCGGTTCT-1,0.000127,0.890905,0.000032,0.108936
AAATTGGTGAGAAGCA-1,0.93543,0.057006,0.007551,0.000012
AAATTTGCGGGTGTGG-1,0.128527,0.866509,0.000021,0.004943
AACAACTGGTAGTTGC-1,0.255545,0.731988,0.000023,0.012444
AACAATTACTCTACGC-1,0.296114,0.691738,0.011408,0.00074
AACACACGCTCGCCGC-1,0.286018,0.67996,0.000025,0.033997
AACACGACTGTACTGA-1,0.163683,0.813842,0.001199,0.021275
AACACGAGACGCGGCC-1,0.187959,0.783023,0.000022,0.028997
AACACGCGGCCGCGAA-1,0.0019,0.993785,0.004294,0.000021
AACAGCTGTGTGGCAA-1,0.411026,0.544113,0.035389,0.009472
AACAGGAAATCGAATA-1,0.04513,0.879946,0.069549,0.005375
AACAGGATGGGCCGCG-1,0.04998,0.937606,0.011611,0.000804
AACAGGTAGTATGGAT-1,0.815304,0.12862,0.018141,0.037935
AACATATCAACTGGTG-1,0.037666,0.962257,0.000038,0.000038
AACATCGATACGTCTA-1,0.144873,0.585434,0.000033,0.269659
AACATTGGTCAGCCGT-1,0.315607,0.684213,0.00009,0.00009
AACCAAGACTTCTCTG-1,0.451489,0.540578,0.005466,0.002467
AACCATAGGGTTGAAC-1,0.989297,0.001431,0.007295,0.001977
AACCATGGGATCGCTA-1,0.385591,0.42522,0.000023,0.189166
AACCCAGAGACGGAGA-1,0.966699,0.017894,0.000172,0.015235
AACCCATCCCATGATC-1,0.012366,0.752737,0.046232,0.188665
AACCCGAGCAGAATCG-1,0.465143,0.53098,0.001715,0.002162
AACCCGATAGGGCTTC-1,0.32868,0.497261,0.063952,0.110107
AACCCTACTGTCAATA-1,0.153076,0.782196,0.000022,0.064706
AACCCTGGTGGAACCA-1,0.135583,0.546856,0.02797,0.289591
AACCGAGCTTGGTCAT-1,0.006507,0.967822,0.019519,0.006152
AACCGCTAAGGGATGC-1,0.108738,0.869215,0.000031,0.022016
AACCGTTGTGTTTGCT-1,0.148349,0.772946,0.020661,0.058044
AACCTAAAGCCGTCCG-1,0.821274,0.092879,0.011471,0.074376
AACCTGTCACGGAATT-1,0.283184,0.714002,0.000971,0.001843
AACCTTTACGACGTCT-1,0.00222,0.055691,0.919454,0.022635
AACGAAAGTCGTCCCA-1,0.162128,0.755783,0.04202,0.040069
AACGACCTCCTAGCCG-1,0.003796,0.895347,0.000088,0.100769
AACGATAGAAGGGCCG-1,0.45658,0.482535,0.025313,0.035571
AACGATATGTCAACTG-1,0.017395,0.543088,0.097693,0.341824
AACGCATGATCTGGGT-1,0.107113,0.892767,0.000059,0.000061
AACGCGAACGGCAACA-1,0.000122,0.925085,0.00003,0.074763
AACGCGGTCTCCAGCC-1,0.037332,0.759594,0.19911,0.003964
AACGCTGTTGCTGAAA-1,0.243015,0.649985,0.048665,0.058335
AACGGACGTACGTATA-1,0.347031,0.599113,0.007799,0.046057
AACGGCCATCTCCGGT-1,0.200344,0.780694,0.010003,0.008959
AACGTACTGTGGGTAC-1,0.043725,0.956195,0.00004,0.00004
AACGTAGTCTACCCAT-1,0.051941,0.899414,0.000052,0.048593
AACGTCAGACTAGTGG-1,0.450341,0.509344,0.002264,0.038051
AACGTCGCTGCACTTC-1,0.000716,0.607584,0.000179,0.391522
AACGTGCGAAAGTCTC-1,0.044408,0.915051,0.004958,0.035584
AACGTTATCAGCACCT-1,0.431663,0.525097,0.025118,0.018122
AACGTTCTACCATTGT-1,0.091316,0.905633,0.000148,0.002903
AACTACCCGTTTGTCA-1,0.290363,0.704423,0.000016,0.005197
AACTAGCGTATCGCAC-1,0.033175,0.966687,0.000069,0.000069
AACTCAAGTTAATTGC-1,0.434801,0.563953,0.000016,0.00123
AACTCCAGAGCGTGTT-1,0.212995,0.784823,0.00005,0.002132
AACTCCTAATCCCATG-1,0.266938,0.692039,0.040988,0.000035
AACTCGATAAACACGT-1,0.037879,0.866978,0.000037,0.095105
AACTCGATGGCGCAGT-1,0.036465,0.963421,0.000057,0.000057
AACTCTCAATAGAGCG-1,0.05561,0.94432,0.000035,0.000035
AACTCTCAGTGTGCTC-1,0.040329,0.551097,0.338788,0.069786
AACTGAGGTCAGCGTC-1,0.114367,0.710829,0.129122,0.045682
AACTGAGTTATACTGA-1,0.798828,0.181401,0.000055,0.019716
AACTGATATTAGGCCT-1,0.109372,0.872297,0.003065,0.015266
AACTGGGTCCCGACGT-1,0.000107,0.788802,0.208064,0.003028
AACTGGTGTGGGCCTT-1,0.10697,0.465704,0.000026,0.4273
AACTTCTGCGTCTATC-1,0.554304,0.138387,0.000439,0.30687
AACTTGCCCGTATGCA-1,0.262968,0.737004,0.000014,0.000014
AACTTGCGTTCTCGCG-1,0.101857,0.895503,0.000041,0.002599
AACTTTACGGGAGCTT-1,0.399661,0.586252,0.011288,0.002799
AACTTTAGCTGCTGAG-1,0.052363,0.936592,0.006309,0.004736
AACTTTCTCGATCATG-1,0.074051,0.840202,0.000027,0.08572
AAGAAATCACCAGATT-1,0.029449,0.905562,0.023283,0.041706
AAGAAGGATCAGTTAG-1,0.447909,0.53348,0.003716,0.014895
AAGACATACGTGGTTT-1,0.245334,0.754441,0.000112,0.000112
AAGACCAAATAACTCA-1,0.068767,0.906797,0.024425,0.000011
AAGACTAACCCGTTGT-1,0.000219,0.999672,0.000055,0.000055
AAGACTGCAAGCTACT-1,0.070235,0.815238,0.078534,0.035993
AAGAGATGAATCGGTA-1,0.532663,0.463751,0.002683,0.000902
AAGAGGATGTACGCGA-1,0.283183,0.714153,0.000022,0.002642
AAGAGGCATGGATCGC-1,0.11699,0.541489,0.121271,0.220249
AAGAGGCCCTTTGGAA-1,0.825794,0.107253,0.000011,0.066942
AAGATTGGCGGAACGT-1,0.000107,0.848084,0.14723,0.004579
AAGCCGAAGCGGTTTA-1,0.588714,0.391918,0.012955,0.006413
AAGCCGCTTTACCTTG-1,0.001576,0.937452,0.060205,0.000767
AAGCCGGAGAGCAGGA-1,0.205654,0.770343,0.000122,0.02388
AAGCGGAGTGCGCGCA-1,0.463558,0.430312,0.017931,0.088199
AAGCGGCGTCATGGGT-1,0.526238,0.437825,0.025222,0.010715
AAGCGTCCCTCATCGA-1,0.017008,0.256208,0.695175,0.031608
AAGCTATGGATTGACC-1,0.751515,0.116685,0.020961,0.11084
AAGCTCGTGCCAAGTC-1,0.078168,0.915864,0.005943,0.000024
AAGGAGAACTTATAAG-1,0.00056,0.999161,0.00014,0.00014
AAGGAGCGGTTGGTGC-1,0.246964,0.7089,0.031965,0.012171
AAGGATCGATCGCTTG-1,0.305761,0.682965,0.004962,0.006312
AAGGATGAGGGACCTC-1,0.000139,0.965833,0.033994,0.000035
AAGGCAGGCTGTCTCC-1,0.291267,0.569983,0.012261,0.12649
AAGGCGCGTAAAGCTT-1,0.067948,0.921786,0.010251,0.000016
AAGGCTGTGCTCATCG-1,0.266452,0.724811,0.000022,0.008715
AAGGGAACGACTGGCT-1,0.776199,0.21219,0.004953,0.006658
AAGGGACAGATTCTGT-1,0.032098,0.967807,0.000047,0.000047
AAGGGACTATGCATTC-1,0.659911,0.291292,0.015042,0.033755
AAGGGTTAGCCATGCG-1,0.06219,0.875594,0.0001,0.062116
AAGGGTTTGATTTCAG-1,0.017672,0.978126,0.004177,0.000024
AAGGTATCCTAATATA-1,0.078488,0.532236,0.256172,0.133104
AAGGTGATAAACCAGC-1,0.073268,0.859493,0.014786,0.052453
AAGTAAGCTTCCAAAC-1,0.22917,0.694348,0.000033,0.076449
AAGTAGAAGACCGGGT-1,0.172032,0.806448,0.001865,0.019654
AAGTAGTGACGCGAGG-1,0.209448,0.769754,0.005333,0.015465
AAGTCAATTGTCGTCA-1,0.687849,0.229385,0.022001,0.060765
AAGTCTAGTAGCTGCC-1,0.08811,0.867378,0.032406,0.012107
AAGTCTTCTGTGGCCT-1,0.274711,0.721455,0.000012,0.003822
AAGTGACGACCGAATT-1,0.320269,0.652496,0.000044,0.027191
AAGTGCAAAGGTAGAC-1,0.119788,0.880138,0.000037,0.000037
AAGTGCCTTGACTGTA-1,0.201698,0.759795,0.000036,0.038471
AAGTGCGTTAGAATCT-1,0.456866,0.528276,0.002565,0.012293
AAGTTCAGTCTGCGTA-1,0.385808,0.564815,0.024852,0.024525
AAGTTCGGCCAACAGG-1,0.070016,0.895807,0.034155,0.000021
AAGTTGTGATGTTATA-1,0.343774,0.582643,0.04275,0.030833
AAGTTTACTAATGGCA-1,0.167311,0.828571,0.000105,0.004013
AATAACAACGCTCGGC-1,0.212555,0.772495,0.000014,0.014936
AATAACACTAGAACAA-1,0.818839,0.160933,0.01357,0.006658
AATAACGTCGCGCCCA-1,0.000406,0.756244,0.000102,0.243248
AATAAGTCCTCGAGAC-1,0.089565,0.497117,0.002096,0.411222
AATAATCTTCGTATCG-1,0.304494,0.555982,0.000025,0.139499
AATACAATGTTTCAGG-1,0.107485,0.89233,0.000092,0.000092
AATAGAACAGAGTGGC-1,0.000049,0.46847,0.530691,0.000789
AATAGAATCTGTTTCA-1,0.028081,0.971834,0.000042,0.000042
AATAGCAAGCCTCCTG-1,0.026429,0.284056,0.536721,0.152794
AATAGCTACCGCGTGC-1,0.518029,0.467101,0.005191,0.009678
AATAGTCGCGAGTCGG-1,0.431446,0.547494,0.021052,0.000008
AATATCAAGGTCGGAT-1,0.629335,0.322279,0.00002,0.048367
AATATCCTAGCAAACT-1,0.37291,0.626898,0.000096,0.000096
AATATCGAATCAATGC-1,0.189136,0.804287,0.005873,0.000704
AATATCGAGGGTTCTC-1,0.455012,0.527234,0.01508,0.002674
AATATTGGAGTATTGA-1,0.398146,0.601819,0.000013,0.000023
AATCAGACTGCAGGAC-1,0.547999,0.444221,0.007766,0.000014
AATCATGTAAAGACTC-1,0.310072,0.664739,0.022687,0.002502
AATCCAAGGGCCTGAG-1,0.857092,0.142896,0.000006,0.000006
AATCCATGCAAGGGTG-1,0.320761,0.679173,0.000033,0.000033
AATCGCGCAGAGGACT-1,0.114877,0.858982,0.012982,0.013159
AATCGGGACACTACGA-1,0.188053,0.732144,0.039119,0.040685
AATCGGTATAGCCCTC-1,0.003541,0.994689,0.000885,0.000885
AATCTAGGTTTACTTG-1,0.003491,0.979356,0.000022,0.017131
AATCTATGCCGGAGCC-1,0.228269,0.759143,0.010902,0.001686
AATCTCTACTGTGGTT-1,0.214064,0.733405,0.000048,0.052484
AATCTGCGTTGGGACG-1,0.091092,0.908817,0.00004,0.000052
AATCTGGCTTTCTAGT-1,0.064015,0.745281,0.00666,0.184044
AATGACAGCAATGTCT-1,0.172946,0.8188,0.000025,0.008229
AATGACTGTCAGCCGG-1,0.159529,0.840384,0.000022,0.000065
AATGAGTTCGCATATG-1,0.800873,0.179481,0.000015,0.019632
AATGATGATACGCTAT-1,0.012461,0.953741,0.018076,0.015722
AATGATGCGACTCCTG-1,0.306476,0.666057,0.015998,0.011469
AATGCAACCGGGTACC-1,0.123864,0.869133,0.00697,0.000033
AATGCACCAAGCAATG-1,0.029749,0.95148,0.018727,0.000044
AATGGCCGCCAATGCG-1,0.266405,0.235803,0.206837,0.290955
AATGGTCCACCGTTCA-1,0.645709,0.107333,0.024915,0.222043
AATGGTTCTCACAAGC-1,0.246733,0.746373,0.000018,0.006877
AATGTATGGCACTGTA-1,0.40706,0.383613,0.006752,0.202575
AATGTGCCCGAGGTGT-1,0.712172,0.208791,0.00199,0.077047
AATGTTGTCGTGAGAC-1,0.09416,0.905387,0.000226,0.000226
AATTAAAGGTCGGCGT-1,0.091276,0.90865,0.000037,0.000037
AATTACGAGACCCATC-1,0.059019,0.573178,0.033402,0.334401
AATTACTCGTACGCTC-1,0.022825,0.977118,0.000029,0.000029
AATTCATAAGGGATCT-1,0.000162,0.875607,0.122411,0.001819
AATTCATTGTCATGCA-1,0.469391,0.519088,0.011488,0.000033
AATTCCAACTTGGTGA-1,0.000748,0.851219,0.000187,0.147846
AATTGAACGCTCTGGT-1,0.000224,0.999287,0.000056,0.000433
AATTGCAGCAATCGAC-1,0.865213,0.13477,0.000009,0.000009
AATTGCGTGGATTACA-1,0.140086,0.74978,0.007489,0.102644
AATTGTGGTTGCCAAA-1,0.006218,0.993714,0.000034,0.000034
AATTTGGGACATAGTA-1,0.150562,0.742609,0.064172,0.042657
AATTTGGTTCCAAAGA-1,0.078598,0.568203,0.036361,0.316838
ACAAACCATGCGTCCT-1,0.792979,0.059429,0.007763,0.139828
ACAAACCGACAAGGCG-1,0.060283,0.681557,0.002822,0.255338
ACAAAGAAGGTAGGCC-1,0.026051,0.97379,0.000147,0.000012
ACAAAGCATGACCTAG-1,0.595868,0.404063,0.000035,0.000035
ACAAATGGTAGTGTTT-1,0.022882,0.976985,0.000066,0.000066
ACAAATTCAGATCTGA-1,0.124661,0.875281,0.000029,0.000029
ACAACAGCATGAGCTA-1,0.008982,0.947925,0.043077,0.000016
ACAACGGTCCCTGCGA-1,0.720601,0.279381,0.000009,0.000009
ACAAGCAGTGCCTAGC-1,0.467945,0.524446,0.002873,0.004736
ACAAGCTATATGGAAG-1,0.215681,0.765934,0.008341,0.010044
ACAAGGACAAGAGGTT-1,0.092524,0.900514,0.006946,0.000016
ACAATAGTCGTACGTT-1,0.561571,0.412332,0.008723,0.017374
ACAATCCATTTAAACC-1,0.271906,0.676088,0.02779,0.024216
ACAATCGATCTTTATA-1,0.001212,0.878403,0.071209,0.049175
ACAATGAATACGGAGA-1,0.340283,0.401976,0.131679,0.126062
ACAATGATTCTTCTAC-1,0.110369,0.576091,0.227165,0.086375
ACAATTGTGTCTCTTT-1,0.275432,0.724351,0.000026,0.000192
ACAATTTAGGAGGCTC-1,0.649381,0.350507,0.000056,0.000056
ACAATTTGAGCAGTGG-1,0.007501,0.813388,0.145376,0.033735
ACAATTTGGCCATATT-1,0.983839,0.000588,0.007849,0.007724
ACACAAAGACGGGTGG-1,0.092204,0.907736,0.00003,0.00003
ACACAAATATTCCTAG-1,0.426241,0.478917,0.061506,0.033337
ACACACCAGGACCAGT-1,0.000156,0.999767,0.000039,0.000039
ACACACTTTCTACACG-1,0.016365,0.883519,0.00005,0.100067
ACACATGATCAAATCT-1,0.414728,0.484141,0.003015,0.098116
ACACATTGACGCAACA-1,0.006668,0.993277,0.000028,0.000028
ACACCACATAATTAGC-1,0.132751,0.866262,0.000019,0.000968
ACACCCAGCATGCAGC-1,0.313398,0.655006,0.000062,0.031534
ACACCCGAGAAATCCG-1,0.987,0.004919,0.003592,0.004489
ACACCCGTAAATCTGT-1,0.779296,0.156173,0.028837,0.035695
ACACCGAGCGCTCTTT-1,0.097436,0.902505,0.00003,0.00003
ACACCGGTCTGACCGC-1,0.230384,0.523009,0.151003,0.095604
ACACCTTAAGTAGGGC-1,0.451898,0.4722,0.000014,0.075888
ACACCTTACTACTTGC-1,0.052019,0.946586,0.000025,0.00137
ACACGAGACTCCTTCT-1,0.315937,0.612076,0.060879,0.011108
ACACGGCACTATGCAT-1,0.101279,0.623327,0.040538,0.234856
ACACGGGAACTTAGGG-1,0.195175,0.767712,0.03704,0.000072
ACACGTAGGCCACAAG-1,0.836814,0.154742,0.000007,0.008437
ACACTCCAATGTCACT-1,0.682922,0.312624,0.004443,0.000012
ACACTGATCAAGGTGT-1,0.002619,0.537079,0.460283,0.000019
ACACTGGGACAGTCGT-1,0.210132,0.789583,0.000143,0.000143
ACAGAACTGAGAACAA-1,0.395465,0.601267,0.003246,0.000022
ACAGATTAGGTTAGTG-1,0.48131,0.514992,0.000418,0.00328
ACAGCATAGAGCCAGT-1,0.069116,0.923895,0.003185,0.003804
ACAGCGACATTCTCAT-1,0.21015,0.629282,0.00003,0.160538
ACAGGAGGCGCAGCCG-1,0.017398,0.973904,0.004349,0.004349
ACAGGCTTGCCCGACT-1,0.087023,0.912874,0.000051,0.000051
ACAGGTGGAGGTGAGG-1,0.060911,0.939018,0.000035,0.000035
ACAGGTGTGTTGTTGC-1,0.888661,0.110729,0.000305,0.000305
ACAGTAATACAACTTG-1,0.000136,0.971098,0.028732,0.000034
ACAGTATACCGTGGGA-1,0.881888,0.10654,0.010176,0.001396
ACATAAGTCGTGGTGA-1,0.330653,0.556764,0.098271,0.014311
ACATAATAAGGCGGTG-1,0.011346,0.8587,0.043606,0.086348
ACATCAGCTGGGACGC-1,0.207872,0.770185,0.015121,0.006822
ACATCCTGGTAACTGT-1,0.399005,0.583483,0.000027,0.017485
ACATCGGTCAGCCGCG-1,0.003942,0.995958,0.00005,0.00005
ACATCGTATGCAATGG-1,0.166275,0.773307,0.047416,0.013001
ACATCGTTAACCTAGT-1,0.090948,0.457534,0.040761,0.410758
ACATCTCAACGCGTAA-1,0.163727,0.493785,0.014975,0.327513
ACATGGCGCCAAAGTA-1,0.161693,0.470235,0.000017,0.368056
ACATGGCTCAATTTAG-1,0.000183,0.999726,0.000046,0.000046
ACCAAACACCCAGCGA-1,0.121246,0.858433,0.017652,0.002669
ACCAAACTAGAAATCC-1,0.394106,0.573361,0.032503,0.00003
ACCAACACCACACACT-1,0.147546,0.766368,0.004769,0.081316
ACCAACCGCACTCCAC-1,0.161256,0.790436,0.047816,0.000493
ACCAAGAACGCGTGTC-1,0.160773,0.800131,0.000033,0.039063
ACCAAGTCATCGGCAG-1,0.006251,0.992942,0.000403,0.000403
ACCACAAGTTTCTATC-1,0.798303,0.195117,0.000016,0.006564
ACCACCAATGTAACAA-1,0.340798,0.638107,0.015416,0.005679
ACCACCCTCTCTTCTA-1,0.055298,0.943437,0.000035,0.00123
ACCACTGTTCAAGAAG-1,0.000249,0.999627,0.000062,0.000062
ACCAGACCATAACAAC-1,0.229468,0.538584,0.015207,0.216741
ACCAGCCCGGTCTTTG-1,0.030857,0.555369,0.014763,0.39901
ACCAGGAGTGTGATCT-1,0.001688,0.997468,0.000422,0.000422
ACCAGTGCCCGGTCAA-1,0.184861,0.606337,0.123398,0.085404
ACCAGTGCGGGAGACG-1,0.243667,0.755149,0.000028,0.001156
ACCATATCCGCAATAA-1,0.142653,0.760615,0.039333,0.057399
ACCATCCGCCAACTAG-1,0.649489,0.303229,0.000024,0.047258
ACCATCGTATATGGTA-1,0.285534,0.701111,0.000033,0.013322
ACCATTAAGGGTGTCA-1,0.531848,0.43432,0.000016,0.033816
ACCCAACGCCCGTGGC-1,0.013701,0.88859,0.097499,0.000209
ACCCACCTACATGCTC-1,0.843665,0.149768,0.002386,0.004182
ACCCATCTTGAGGGTA-1,0.281027,0.714319,0.002476,0.002178
ACCCATTTGTCCCTCT-1,0.960115,0.034368,0.005512,0.000005
ACCCGAGCGAAATTAC-1,0.298086,0.696248,0.001478,0.004188
ACCCGGAGCACCACAA-1,0.165135,0.834485,0.00019,0.00019
ACCCGGATGACGCATC-1,0.507844,0.412626,0.00002,0.07951
ACCCGGTTACACTTCC-1,0.193646,0.764378,0.000036,0.041939
ACCCGTAGTCTAGTTG-1,0.000239,0.999641,0.00006,0.00006
ACCCTATAGGACTGAG-1,0.817077,0.174939,0.007975,0.000009
ACCCTATGCCATATCG-1,0.000049,0.255288,0.736472,0.008192
ACCCTCCCTTGCTATT-1,0.000159,0.806614,0.00004,0.193187
ACCCTGGTAACGCCCT-1,0.222167,0.679006,0.002979,0.095849
ACCCTTCATCTGCGAA-1,0.155814,0.791205,0.000029,0.052951
ACCCTTGCCTGGGTCG-1,0.055229,0.869233,0.067259,0.008279
ACCCTTTAGTTCTCCA-1,0.100797,0.52758,0.101388,0.270234
ACCGAAAGGGCCCTGC-1,0.430522,0.51149,0.000044,0.057944
ACCGAAGAGTCTGGTT-1,0.260426,0.695033,0.044339,0.000202
ACCGACTGAGTCCCAC-1,0.024704,0.717192,0.182662,0.075442
ACCGATAGGCATAACC-1,0.53769,0.449684,0.009831,0.002796
ACCGATATTTAATCAT-1,0.999913,0.000058,0.000014,0.000014
ACCGATGGTAGCATCG-1,0.681122,0.272674,0.017526,0.028677
ACCGCGGTGGAAGTCG-1,0.130913,0.868923,0.000082,0.000082
ACCGGGCCTTTGTTGA-1,0.050237,0.81378,0.135901,0.000082
ACCGGTCAGGTACACC-1,0.111782,0.823403,0.042794,0.02202
ACCGTCCACTGGGCCC-1,0.226493,0.619177,0.031332,0.122997
ACCGTTCCCGCTCTGA-1,0.156432,0.600831,0.005176,0.237561
ACCTAAGTACCTTTCA-1,0.122328,0.440881,0.43677,0.00002
ACCTAATCGACTTCCT-1,0.191311,0.805028,0.00002,0.003641
ACCTACAGTATGTGGT-1,0.417758,0.564388,0.012501,0.005352
ACCTCCGCCCTCGCTG-1,0.289919,0.504205,0.003564,0.202313
ACCTCCGTTATTCACC-1,0.262289,0.700829,0.01131,0.025572
ACCTCGAACTTATGCT-1,0.324056,0.555305,0.033011,0.087628
ACCTGCGTGTCATGTT-1,0.35176,0.581151,0.010556,0.056533
ACCTTTCCTTTAGAAG-1,0.028669,0.86827,0.081998,0.021063
ACGAAATGGGCGGCAC-1,0.201102,0.797171,0.001713,0.000014
ACGACCCATGAGTTGC-1,0.38971,0.610004,0.000143,0.000143
ACGAGAACCCATCACG-1,0.040363,0.959566,0.000036,0.000036
ACGAGGATACCACTCT-1,0.252265,0.721573,0.0111,0.015062
ACGAGGTTTACAACGT-1,0.003151,0.995274,0.000788,0.000788
ACGAGTACGGATGCCC-1,0.356166,0.643768,0.000033,0.000033
ACGAGTCGCCGGCGTT-1,0.045833,0.954101,0.000033,0.000033
ACGATACCTATCCTGA-1,0.635814,0.349446,0.000621,0.014119
ACGATCATACATAGAG-1,0.034977,0.942689,0.004945,0.017388
ACGATCATCTTGTAAA-1,0.404648,0.49835,0.066846,0.030156
ACGATGCATATGTTAT-1,0.182761,0.816164,0.000023,0.001052
ACGATGGATCCGATGC-1,0.071629,0.39861,0.002697,0.527064
ACGCAATCACTACAGC-1,0.100428,0.852131,0.00005,0.047392
ACGCATAAATGACATG-1,0.369578,0.614682,0.004736,0.011005
ACGCATACGTTTACTA-1,0.250267,0.74034,0.000023,0.00937
ACGCATTCGTGAGTAC-1,0.146238,0.73512,0.05923,0.059411
ACGCCAGATGATTTCT-1,0.000116,0.92673,0.026357,0.046797
ACGCCAGTGCGTTTGC-1,0.009595,0.990108,0.000148,0.000148
ACGCCCAGCTGTCGAT-1,0.66004,0.314119,0.025803,0.000039
ACGCCGCTAGACGACC-1,0.000158,0.216274,0.126899,0.656669
ACGCCTGACACGCGCT-1,0.020007,0.96999,0.005001,0.005001
ACGCGCTACACAGGGT-1,0.642543,0.333712,0.016007,0.007737
ACGCGGGCCAAGGACA-1,0.168915,0.747091,0.065136,0.018858
ACGCGTTTCTTAAGAG-1,0.000081,0.999879,0.00002,0.00002
ACGCTACTGAATGGGC-1,0.167124,0.832533,0.000172,0.000172
ACGCTAGTATCAGTGC-1,0.357218,0.569846,0.007548,0.065388
ACGCTAGTGATACACT-1,0.16617,0.833748,0.000041,0.000041
ACGCTGTGAGGCGTAG-1,0.121065,0.878637,0.000149,0.000149
ACGCTTAGTGTCTCTC-1,0.055024,0.812439,0.013041,0.119496
ACGGAACACGAGTGCC-1,0.301583,0.696007,0.001205,0.001205
ACGGAATTTAGCAAAT-1,0.167052,0.805688,0.013472,0.013788
ACGGAGCGCAAATTAC-1,0.070717,0.666727,0.000041,0.262515
ACGGCGGGTTGCCCTG-1,0.000433,0.99935,0.000108,0.000108
ACGGCTGGATGTAGAA-1,0.408788,0.465716,0.034653,0.090843
ACGGGAGTGTCGGCCC-1,0.485098,0.509394,0.000017,0.005492
ACGGGCGTATGCGACA-1,0.087867,0.912072,0.00003,0.00003
ACGGGTCATGTGACTT-1,0.597986,0.33007,0.001742,0.070202
ACGGGTTGTGACCTGT-1,0.121682,0.758867,0.116971,0.00248
ACGTACAGATTTCTCT-1,0.16656,0.789135,0.001901,0.042404
ACGTAGATTGCTGATG-1,0.132382,0.389368,0.113087,0.365162
ACGTATTACTCCGATC-1,0.24001,0.759107,0.000221,0.000663
ACGTCCTAAACGAGAT-1,0.430664,0.514067,0.055114,0.000155
ACGTCGGGCAACTCGG-1,0.927805,0.067133,0.005059,0.000003
ACGTCTCGTTCCGGGA-1,0.324947,0.643685,0.000987,0.030381
ACGTGACAAAGTAAGT-1,0.033318,0.919248,0.01183,0.035604
ACGTGCGCCTCGTGCA-1,0.038671,0.954333,0.000053,0.006943
ACGTGGTCGAATGTGC-1,0.064444,0.034752,0.012983,0.887822
ACGTTAATGTCGAAGA-1,0.089544,0.762107,0.054805,0.093545
ACGTTAGATTTGCCCG-1,0.458162,0.530326,0.000024,0.011487
ACGTTATTGGTCACTC-1,0.990584,0.009398,0.000009,0.000009
ACGTTCCGCGCTCCGT-1,0.627524,0.340151,0.001556,0.030769
ACGTTCGCAATCAATT-1,0.142461,0.803331,0.000022,0.054186
ACGTTTAGTTGTGATC-1,0.106181,0.763895,0.074168,0.055756
ACGTTTCGGTGCACTT-1,0.022228,0.977372,0.0002,0.0002
ACTAAGGACGCACACC-1,0.455018,0.50641,0.007033,0.031539
ACTAATACGTCAGGCG-1,0.152945,0.784323,0.005156,0.057576
ACTACATCCCGACAAG-1,0.862065,0.107654,0.025592,0.004689
ACTACCAGCTCTCTGG-1,0.184178,0.815701,0.000099,0.000021
ACTAGTTGCGATCGTC-1,0.264629,0.712039,0.01659,0.006742
ACTATATGCTGTGTTC-1,0.108196,0.755118,0.034942,0.101744
ACTATCCAGGGCATGG-1,0.068242,0.92774,0.000028,0.003991
ACTATCGCCGGCTAAA-1,0.273467,0.726486,0.000023,0.000023
ACTATCTGCCCGCGTA-1,0.309358,0.690465,0.000159,0.000018
ACTATTCGTCCGTGGT-1,0.287219,0.51008,0.064843,0.137858
ACTCAACGAATGTATT-1,0.000276,0.999586,0.000069,0.000069
ACTCAATAAAGGCACG-1,0.000089,0.854503,0.090779,0.05463
ACTCAGACCTGCTTCT-1,0.119277,0.88059,0.000066,0.000066
ACTCCAATATCATCAT-1,0.307427,0.558814,0.109743,0.024016
ACTCCCATTCCTAAAG-1,0.162022,0.820281,0.0027,0.014998
ACTCCCGAATTCGTTT-1,0.037498,0.868675,0.000077,0.093749
ACTCCCGTAGACTAGG-1,0.387385,0.584476,0.018536,0.009604
ACTCGATGTATTTCAT-1,0.081392,0.918545,0.000031,0.000031
ACTCGCCGTTCGATAA-1,0.045339,0.921155,0.000079,0.033427
ACTCGCGATCTGACGC-1,0.317224,0.680689,0.000017,0.00207
ACTCGTAACCCGTCCT-1,0.366757,0.580317,0.000023,0.052903
ACTCTAAACCTGGGAT-1,0.995213,0.00478,0.000003,0.000003
ACTCTTCAGCTCCCGC-1,0.197839,0.315961,0.000978,0.485222
ACTCTTGTATAGTAAC-1,0.090146,0.909792,0.000031,0.000031
ACTGAAACGCCGTTAG-1,0.259102,0.66979,0.000033,0.071075
ACTGAATGGCGAAAGT-1,0.000123,0.858774,0.137459,0.003645
ACTGATTTAGTGATTC-1,0.411411,0.342684,0.028064,0.217842
ACTGCCGTCGTAACTC-1,0.091407,0.667275,0.105674,0.135645
ACTGCGGACACACCGT-1,0.531429,0.436911,0.021136,0.010524
ACTGCTCGGAAGGATG-1,0.072937,0.926835,0.000114,0.000114
ACTGGCGAACCTGCGT-1,0.464018,0.486828,0.017895,0.031259
ACTGTAGCACTTTGGA-1,0.170824,0.793352,0.015665,0.020159
ACTGTATACGCGAGCA-1,0.053555,0.946338,0.000054,0.000054
ACTGTCCAGGATTATA-1,0.182835,0.817067,0.000049,0.000049
ACTGTCTTCTTTAGAA-1,0.018813,0.780003,0.100556,0.100629
ACTGTGCTAGTAGATC-1,0.093446,0.906414,0.00007,0.00007
ACTGTTTAGTGTAGGC-1,0.007155,0.992502,0.000171,0.000171
ACTTACCGGGCGCGCA-1,0.03857,0.876001,0.036302,0.049126
ACTTAGTACGACAAGA-1,0.990099,0.007073,0.002821,0.000007
ACTTATACTTACCCGG-1,0.077658,0.888645,0.033658,0.000039
ACTTATCTGATCTATA-1,0.619419,0.375579,0.002501,0.002501
ACTTATTAGGATCGGT-1,0.06649,0.920967,0.012495,0.000048
ACTTATTTATGTGCCA-1,0.000144,0.747309,0.020025,0.232523
ACTTCCAGTGGAAGCT-1,0.026557,0.953693,0.000016,0.019734
ACTTCCTGTCGTGCGA-1,0.225927,0.754511,0.014613,0.004949
ACTTCGCCATACGCAC-1,0.699965,0.276737,0.012772,0.010526
ACTTCGCTAGCGAGTG-1,0.121246,0.767988,0.023116,0.087651
ACTTGACTCCCTCTTT-1,0.073421,0.27286,0.64023,0.013488
ACTTGCCATATTGTAC-1,0.053616,0.842901,0.005837,0.097646
ACTTGCTCTATCTACC-1,0.702213,0.290593,0.007187,0.000007
ACTTGGGACCCGGTGG-1,0.103164,0.896772,0.000032,0.000032
ACTTGTAGTCCCTTCA-1,0.320661,0.207341,0.000755,0.471243
ACTTGTGGATGGAACG-1,0.177749,0.678576,0.008048,0.135627
ACTTTACCCTCATGAA-1,0.0107,0.353357,0.00003,0.635913
ACTTTCCTATAGCTTC-1,0.192156,0.772539,0.01793,0.017376
ACTTTGACTGCATCCT-1,0.629118,0.356546,0.005177,0.009159
ACTTTGGTCGTGCTCC-1,0.386829,0.517139,0.038078,0.057954
ACTTTGTCGACGCACT-1,0.48614,0.513773,0.000044,0.000044
AGAAATTATGACTCGC-1,0.999977,0.000016,0.000004,0.000004
AGAACCCAGCGTGACA-1,0.134791,0.858706,0.006484,0.00002
AGAACCCTCAATTGGG-1,0.184708,0.667238,0.084031,0.064023
AGAACGTGGTACATTC-1,0.002342,0.91682,0.076987,0.003851
AGAAGAGCGCCGTTCC-1,0.001389,0.997916,0.000347,0.000347
AGAAGGTACACTTCAC-1,0.017126,0.822095,0.103412,0.057367
AGAAGGTTGCCGAATT-1,0.225647,0.760746,0.000031,0.013576
AGAAGTGATTCGTGAT-1,0.57871,0.353113,0.00002,0.068157
AGAATAAATCTTCAGG-1,0.249096,0.750245,0.000047,0.000612
AGAATGCGGGTTCGGA-1,0.602638,0.293651,0.046096,0.057615
AGAATTATGGATTCGA-1,0.226045,0.773895,0.00003,0.00003
AGAATTGTTTGACATA-1,0.605238,0.38363,0.005529,0.005602
AGACAGCTCAGAATCC-1,0.209096,0.704055,0.000113,0.086735
AGACAGGCATCTCAGC-1,0.999871,0.000086,0.000021,0.000021
AGACATAGATCCTTCC-1,0.080195,0.914657,0.000052,0.005096
AGACCAAACCACACCT-1,0.125944,0.44475,0.057087,0.372219
AGACCATGGGATACAA-1,0.893391,0.092356,0.01349,0.000764
AGACCCGCCCTCCTCG-1,0.282395,0.714279,0.000029,0.003297
AGACCGCTCCGCGGTT-1,0.524708,0.450689,0.01197,0.012633
AGACCGGGAAACCCTG-1,0.026835,0.970783,0.000019,0.002363
AGACGAAGTGCCGGTC-1,0.051649,0.520073,0.00392,0.424358
AGACGACGATGCCGCT-1,0.217451,0.774337,0.000027,0.008186
AGACGCCCACTTCGCC-1,0.24095,0.758777,0.000136,0.000136
AGACGGGATTGGTATA-1,0.127666,0.673715,0.000116,0.198502
AGACGGGCCGATTTAA-1,0.187203,0.755283,0.003682,0.053832
AGACTAGCCTTCCAGA-1,0.166233,0.833459,0.000027,0.00028
AGAGAACCGTCTAGGA-1,0.081957,0.901461,0.000042,0.01654
AGAGAAGGAGTACAAT-1,0.11393,0.543115,0.182172,0.160783
AGAGATCTCTAAAGCG-1,0.019245,0.943727,0.001384,0.035644
AGAGCAGTTATGAGAC-1,0.32875,0.670476,0.000016,0.000758
AGAGCCGCCGAGATTT-1,0.849323,0.117133,0.031143,0.002401
AGAGCGCTTGTAACGG-1,0.171482,0.640613,0.00006,0.187845
AGAGCGGGCTAATCAT-1,0.080521,0.911323,0.008091,0.000065
AGAGCGTACAAGCTCG-1,0.502464,0.497514,0.000011,0.000011
AGAGCTACGAAAGCAT-1,0.062269,0.937664,0.000033,0.000033
AGAGGCTTCGGAAACC-1,0.213984,0.771047,0.012962,0.002007
AGAGGGACAATTGTCC-1,0.364613,0.486054,0.112662,0.036672
AGAGGTATCTCGGTCC-1,0.379696,0.619748,0.000278,0.000278
AGAGTAAACTTCACTA-1,0.093184,0.886327,0.003766,0.016723
AGAGTATAGTGTTACG-1,0.215655,0.783402,0.000026,0.000918
AGAGTGAACAGACACC-1,0.880664,0.060941,0.057894,0.000501
AGAGTTAGAGACCGAT-1,0.04039,0.427792,0.031189,0.500629
AGAGTTGCAGGCCTCC-1,0.940583,0.007911,0.004344,0.047161
AGATAACTTCAGGGCC-1,0.207884,0.791256,0.00002,0.00084
AGATACCAATAGAACC-1,0.529069,0.47057,0.000181,0.000181
AGATACCAGCACTTCA-1,0.968929,0.030928,0.000131,0.000012
AGATACCGGTGTTCAC-1,0.12993,0.785381,0.000044,0.084645
AGATACGACTTCATAT-1,0.41141,0.002356,0.000292,0.585942
AGATACTCAAGATCGA-1,0.028337,0.835773,0.073579,0.062311
AGATCGTGCATAAGAT-1,0.085393,0.877773,0.036796,0.000038
AGATCTCAGGTGTGAT-1,0.00214,0.908897,0.024553,0.06441
AGATGACTCGCCCACG-1,0.162855,0.797501,0.000045,0.0396
AGATGAGGGTTGCGAT-1,0.00018,0.535763,0.404248,0.05981
AGATGATGGAGTCTGG-1,0.056062,0.918309,0.000035,0.025595
AGATGCAAGACGTGCA-1,0.918075,0.061724,0.005343,0.014858
AGATGCATCCTGTGTC-1,0.044526,0.955301,0.000086,0.000086
AGATGCTATAACGAGC-1,0.019939,0.979967,0.000047,0.000047
AGATTATAGGACGTTT-1,0.125911,0.872602,0.000049,0.001438
AGATTCACAACCGATA-1,0.374526,0.608356,0.009639,0.007478
AGCAACATATCTTATT-1,0.137158,0.852359,0.00003,0.010454
AGCAACCGAAAGTAAT-1,0.328156,0.671805,0.00002,0.00002
AGCACCAGTACTCACG-1,0.06161,0.862716,0.054275,0.021399
AGCACTACCGGCCTGT-1,0.16461,0.835345,0.000022,0.000022
AGCACTTAAGGACGCC-1,0.141706,0.849974,0.000019,0.008301
AGCATATCAATATGCT-1,0.076971,0.899063,0.014103,0.009862
AGCATCATTTCGAAAG-1,0.305133,0.669797,0.002653,0.022417
AGCATCGTCGATAATT-1,0.307521,0.658474,0.003591,0.030414
AGCATTACGAGGCAAG-1,0.088531,0.895564,0.000071,0.015833
AGCCCATACATGTAAG-1,0.667654,0.332318,0.000014,0.000014
AGCCCGCACTACAATG-1,0.17528,0.744596,0.000637,0.079487
AGCCCTAAGCGAAGTT-1,0.020024,0.941993,0.000044,0.037938
AGCCCTGTCGCACCGT-1,0.973416,0.024404,0.002175,0.000006
AGCCCTTCTAATCCGA-1,0.324551,0.669746,0.005665,0.000038
AGCCCTTGGACATCCC-1,0.639429,0.338293,0.00157,0.020708
AGCCGCAAATTCAAAT-1,0.097645,0.89386,0.008232,0.000262
AGCCGCTTGATTAGCG-1,0.086926,0.912988,0.000043,0.000043
AGCCGTGGCTAAATGT-1,0.395794,0.586818,0.003075,0.014313
AGCCTAATACCCACGT-1,0.132568,0.836598,0.01146,0.019374
AGCCTTAAAGCGGAAG-1,0.424915,0.574951,0.000067,0.000067
AGCCTTGTCACTGATA-1,0.245608,0.608115,0.052791,0.093486
AGCGACAGGAACGGTC-1,0.072945,0.924149,0.002876,0.00003
AGCGACATCCCATTCA-1,0.315124,0.673833,0.004153,0.00689
AGCGACCAACGATATT-1,0.113068,0.881329,0.004678,0.000925
AGCGATGCGCCTAATA-1,0.298452,0.701361,0.000094,0.000094
AGCGCGGGTGCCAATG-1,0.000148,0.991695,0.007837,0.00032
AGCGCTAGAGCGATGT-1,0.383839,0.53312,0.027216,0.055825
AGCGCTTATGGGCAAG-1,0.121753,0.810152,0.014076,0.05402
AGCGGCGGTTAGCGGT-1,0.047664,0.941521,0.004643,0.006172
AGCGGGAAGGGTCCAT-1,0.622975,0.369378,0.000019,0.007629
AGCGGTTGCCGCTCTG-1,0.208399,0.656195,0.007109,0.128297
AGCGTACGAGAGCTAG-1,0.269661,0.704227,0.007783,0.018328
AGCGTAGCGCTAGACC-1,0.000767,0.937624,0.000039,0.061571
AGCGTCTGAACCCGCA-1,0.000217,0.999675,0.000054,0.000054
AGCTAACAAGCAATGT-1,0.141456,0.506938,0.30914,0.042466
AGCTACGAATGGTGGT-1,0.008575,0.965381,0.025949,0.000094
AGCTAGAAGCAGAAGT-1,0.327537,0.603133,0.008854,0.060476
AGCTATTTAATCCAAC-1,0.000075,0.592351,0.043227,0.364348
AGCTCCATATATGTTC-1,0.525468,0.448947,0.004256,0.021329
AGCTCCTTCGCACATC-1,0.081266,0.889416,0.029261,0.000057
AGCTCGTTGATGGAAA-1,0.249413,0.600784,0.085457,0.064346
AGCTCTAGACGTTCCA-1,0.185727,0.44023,0.022034,0.352009
AGCTCTTCCCAGTGCA-1,0.000062,0.018756,0.981166,0.000015
AGCTCTTCGTAACCTT-1,0.339093,0.6519,0.003209,0.005798
AGCTCTTTACTCAGTT-1,0.124655,0.875236,0.000054,0.000054
AGCTGAAGTAAACCAA-1,0.130885,0.574629,0.182494,0.111992
AGCTGTAACCTCAATC-1,0.727099,0.267817,0.00002,0.005064
AGCTTATAGAGACCTG-1,0.141518,0.858355,0.000063,0.000063
AGCTTCAATACTTTGA-1,0.122325,0.861235,0.011899,0.004541
AGCTTCTTCTCGAGCA-1,0.001429,0.997857,0.000357,0.000357
AGCTTGATCTTAACTT-1,0.066689,0.869836,0.000022,0.063453
AGGAAAGCCTCTGATG-1,0.000127,0.999809,0.000032,0.000032
AGGAACGAACGACTTC-1,0.02,0.979889,0.000055,0.000055
AGGACAGTCGAATCCC-1,0.054571,0.945299,0.000065,0.000065
AGGACATCGCACGTCG-1,0.378928,0.591143,0.014009,0.01592
AGGACATCGGCACACT-1,0.000163,0.999755,0.000041,0.000041
AGGACGACCCATTAGA-1,0.186469,0.811824,0.000031,0.001676
AGGACGCTCGATGTTG-1,0.038913,0.921183,0.035371,0.004533
AGGACTTATAGGAGAA-1,0.33893,0.661012,0.000029,0.000029
AGGAGACATCCACAGT-1,0.161907,0.785416,0.047868,0.004809
AGGAGAGTCTGGCTAC-1,0.071821,0.889467,0.006586,0.032125
AGGAGGCCTTCGCGCG-1,0.257297,0.685013,0.000019,0.057671
AGGATATAGGGATTTA-1,0.257213,0.732206,0.000037,0.010545
AGGATCACGCGATCTG-1,0.129257,0.845002,0.000109,0.025632
AGGATTGCTTACGACA-1,0.450437,0.531451,0.000014,0.018098
AGGCAAAGAGGAATCA-1,0.000023,0.340715,0.000006,0.659257
AGGCAATACGGAGGAC-1,0.451389,0.433222,0.002565,0.112824
AGGCACGTGACTGTCC-1,0.335513,0.65114,0.011902,0.001446
AGGCAGATGCGTAAAC-1,0.000744,0.975635,0.023594,0.000027
AGGCATTGTCGTAGGG-1,0.431278,0.561766,0.003539,0.003418
AGGCCACATTGGTTAC-1,0.258838,0.665268,0.007698,0.068196
AGGCCACCCGTTATGA-1,0.168772,0.831182,0.000023,0.000023
AGGCCCAGTGACTGGT-1,0.438304,0.560403,0.000025,0.001268
AGGCCCATTGTACAGG-1,0.326793,0.567119,0.000024,0.106064
AGGCCCTAGAACGCCA-1,0.10953,0.878553,0.003221,0.008696
AGGCGATAACTGGCGT-1,0.589936,0.409664,0.0002,0.0002
AGGCGGTTTGTCCCGC-1,0.300409,0.379937,0.013135,0.306519
AGGCGTCTATGGACGG-1,0.420166,0.579784,0.000025,0.000025
AGGCTATGGTTAGCTT-1,0.415053,0.580483,0.00002,0.004444
AGGCTTCCCGAAGAAG-1,0.129978,0.819655,0.039311,0.011057
AGGCTTGCTAGACACC-1,0.374525,0.381556,0.002965,0.240955
AGGGAAACGAGGTACT-1,0.084342,0.774434,0.095319,0.045906
AGGGACAGCACGGCGG-1,0.498367,0.490873,0.000038,0.010723
AGGGACCGGCTGCGTT-1,0.381217,0.617623,0.000146,0.001014
AGGGAGACATACTTCG-1,0.054908,0.928564,0.000027,0.016501
AGGGCAGCGGCGTGGT-1,0.231626,0.550703,0.024643,0.193029
AGGGCCCTAATGTTCT-1,0.345565,0.654088,0.000279,0.000068
AGGGCGAGCAGCTGAT-1,0.038907,0.960687,0.000023,0.000383
AGGGCGTGATCGGCTA-1,0.438684,0.546117,0.000015,0.015184
AGGGCTGCAGTTACAG-1,0.039021,0.438376,0.125562,0.397041
AGGGTCAGTAACCCTA-1,0.434497,0.559635,0.005843,0.000025
AGGGTCGATGCGAACT-1,0.055692,0.904863,0.000027,0.039419
AGGGTCTGGACGCAGT-1,0.00634,0.912703,0.008581,0.072377
AGGGTGCTCTCGAGGG-1,0.071149,0.925733,0.003073,0.000045
AGGGTGGATAGTGCAT-1,0.423063,0.518497,0.000027,0.058412
AGGGTGTGCTACACGC-1,0.003564,0.318583,0.479941,0.197912
AGGGTTCCCTTTGGTT-1,0.025067,0.920909,0.053963,0.000061
AGGGTTTAGTTCGGGA-1,0.128448,0.729542,0.092121,0.049889
AGGTAACCTCCTATTC-1,0.488245,0.499501,0.00002,0.012234
AGGTACGATATTGCCA-1,0.072085,0.475363,0.072879,0.379672
AGGTAGGTACAAAGCT-1,0.119154,0.879684,0.000016,0.001146
AGGTATAATTGATAGT-1,0.23425,0.760447,0.000026,0.005277
AGGTATGCGGACATTA-1,0.532275,0.442873,0.000013,0.024838
AGGTCAGGTGAGAGTG-1,0.007255,0.960142,0.000025,0.032578
AGGTCGCCACTTCGGT-1,0.000142,0.951438,0.032016,0.016404
AGGTCGCCTCCCAACA-1,0.208228,0.407662,0.000165,0.383946
AGGTCGCGGAGTTACT-1,0.139138,0.860778,0.000042,0.000042
AGGTGCACGTCCACAT-1,0.000985,0.804463,0.000246,0.194305
AGGTGTATCGCCATGA-1,0.586322,0.391756,0.00797,0.013952
AGGTGTTGCCGACCAC-1,0.384102,0.615804,0.000047,0.000047
AGGTTACACCATGCCG-1,0.032471,0.942952,0.015242,0.009335
AGGTTCTCCTTTCCGG-1,0.319669,0.661732,0.000044,0.018555
AGGTTGAGGCACGCTT-1,0.145448,0.325215,0.000015,0.529322
AGGTTTCACACACCTT-1,0.10862,0.264008,0.036733,0.590639
AGTAACTATAGCAGCC-1,0.000789,0.998816,0.000197,0.000197
AGTAAGGGACAGAATC-1,0.014318,0.807547,0.067201,0.110934
AGTAATGTCTTGCCGC-1,0.096342,0.8923,0.008754,0.002604
AGTAATTTGCAAGCGT-1,0.183178,0.624745,0.128593,0.063483
AGTACATCATTTATCA-1,0.506876,0.432778,0.000038,0.060307
AGTACCTTCGAGTGCT-1,0.15304,0.566259,0.129758,0.150943
AGTACGGCCCGTATCG-1,0.393709,0.559741,0.02649,0.020061
AGTACTCTTATGCCCA-1,0.000357,0.853007,0.000089,0.146547
AGTAGCGTGAACGAAC-1,0.00035,0.959971,0.000088,0.039591
AGTAGGAAGGAAGTTG-1,0.013376,0.70675,0.251289,0.028585
AGTAGGTAACATACAT-1,0.300225,0.692965,0.000022,0.006788
AGTATAATACTAGGCA-1,0.135844,0.86135,0.000588,0.002218
AGTATCCATAATAACG-1,0.559058,0.437859,0.002554,0.000529
AGTATGCTGGAGACCA-1,0.728566,0.256707,0.000313,0.014415
AGTCAACACCACCATC-1,0.15754,0.84166,0.000598,0.000201
AGTCAAGATGACACTT-1,0.280294,0.407798,0.292716,0.019193
AGTCACTAGCTCTCGA-1,0.177685,0.803883,0.000967,0.017465
AGTCACTCCGCCTCAT-1,0.000237,0.999645,0.000059,0.000059
AGTCAGCCACCGCCTG-1,0.146224,0.851461,0.002279,0.000037
AGTCCAGCGGGTACGT-1,0.000261,0.999609,0.000065,0.000065
AGTCCATTGGCTGATG-1,0.222867,0.75164,0.003384,0.02211
AGTCCCGCCTTTAATT-1,0.000096,0.388575,0.552495,0.058834
AGTCCCTCGCAGAAAG-1,0.316241,0.655854,0.016769,0.011136
AGTCGAAACGATTCAG-1,0.394747,0.604248,0.000996,0.000008
AGTCGACGGTCTCAAG-1,0.01646,0.983419,0.00006,0.00006
AGTCGGCCCAAACGAC-1,0.599915,0.289464,0.000009,0.110612
AGTCGGCTCAACTTTA-1,0.089819,0.891545,0.000079,0.018557
AGTCGGTTGCGTGAGA-1,0.462765,0.525967,0.000012,0.011256
AGTCGTCGACCACCAA-1,0.230191,0.768252,0.000046,0.001511
AGTCGTGGGCATTACG-1,0.308464,0.691472,0.000028,0.000036
AGTCTAAAGTATACTC-1,0.108734,0.833961,0.000939,0.056366
AGTCTCACAAGACTAC-1,0.209938,0.789996,0.000033,0.000033
AGTCTGGACATCCTTG-1,0.115853,0.752459,0.001314,0.130374
AGTCTTCTCCTCAAAT-1,0.000124,0.766742,0.195257,0.037877
AGTGAACAAACTTCTC-1,0.607631,0.392088,0.00014,0.00014
AGTGAAGATGGTGTCC-1,0.124394,0.835621,0.016754,0.023231
AGTGACCTACTTTACG-1,0.00008,0.585474,0.389862,0.024584
AGTGAGACTTCCAGTA-1,0.067335,0.835398,0.073089,0.024179
AGTGAGCCTCGCCGCC-1,0.650959,0.323155,0.003952,0.021935
AGTGAGTCGAATTAAC-1,0.440198,0.547669,0.000067,0.012065
AGTGATAACCTGCGCG-1,0.103223,0.89645,0.000163,0.000163
AGTGATATGAGTAGTT-1,0.216587,0.349656,0.423778,0.009979
AGTGATTCAAGCAGGA-1,0.041041,0.937362,0.020509,0.001088
AGTGCACGCTTAAGAA-1,0.266293,0.62107,0.000018,0.112619
AGTGCGTAGCTCGTAA-1,0.064061,0.932995,0.00291,0.000034
AGTGCTAAACACAGCA-1,0.064371,0.935112,0.000258,0.000258
AGTGCTTGCACGAATA-1,0.08946,0.887352,0.000036,0.023152
AGTGGCGGCAATTTGA-1,0.175072,0.816202,0.008688,0.000038
AGTGGCTCCGTCGGCC-1,0.209133,0.771643,0.000024,0.019199
AGTGGGAGTATACACG-1,0.673533,0.314146,0.012217,0.000105
AGTGGTGTTACCCGTG-1,0.082777,0.826882,0.090158,0.000184
AGTGGTTGCGTATAGG-1,0.218268,0.781595,0.000068,0.000068
AGTGTATTGCGCATTG-1,0.000168,0.65203,0.285831,0.061971
AGTGTGCTAAGATCGC-1,0.829218,0.170765,0.000009,0.000009
AGTGTGGTCTATTGTG-1,0.34762,0.566013,0.009601,0.076766
AGTTAAACACTTGCGA-1,0.045539,0.954394,0.000033,0.000033
AGTTAAGTCAACCGCT-1,0.06413,0.928222,0.000033,0.007615
AGTTACCCTTAAGACT-1,0.192039,0.80529,0.000674,0.001998
AGTTACCGCACATGGT-1,0.001343,0.997986,0.000336,0.000336
AGTTACTCTATCGTGG-1,0.00017,0.646693,0.332218,0.020919
AGTTATTCAGACTGTG-1,0.000749,0.998876,0.000187,0.000187
AGTTATTGAAAGGTAA-1,0.12356,0.822521,0.02459,0.029329
AGTTCACCGGTTGGAC-1,0.167249,0.832682,0.000035,0.000035
AGTTCCTACAGAATTA-1,0.151856,0.848075,0.000035,0.000035
AGTTCTGCGTTGTATC-1,0.202326,0.797597,0.000039,0.000039
AGTTGACATCGGCTGG-1,0.032608,0.707814,0.00047,0.259108
AGTTGCTGACTGATAT-1,0.238453,0.761488,0.00003,0.00003
AGTTGGCAAGGCTAGA-1,0.684213,0.300319,0.004174,0.011294
AGTTTATGTAAAGACA-1,0.126352,0.873595,0.000027,0.000027
AGTTTCGCAGGTCGGA-1,0.265344,0.703745,0.011039,0.019871
AGTTTGGCACGGGTTG-1,0.29481,0.695325,0.008872,0.000993
AGTTTGGCCAGACCTA-1,0.340341,0.632414,0.004707,0.022538
ATAAACCATTGGACGG-1,0.000148,0.845352,0.032002,0.122497
ATAAACGTTGCACCAC-1,0.662349,0.305813,0.009898,0.02194
ATAAAGGCTCGGTCGT-1,0.259071,0.740259,0.00003,0.00064
ATAAATATTAGCAGCT-1,0.111449,0.887527,0.000018,0.001005
ATAACGCCGGAGGGTC-1,0.030172,0.753059,0.161697,0.055072
ATAACGGAGTCCAACG-1,0.187982,0.667574,0.125542,0.018901
ATAACGTTACCTCCAC-1,0.775728,0.165596,0.025704,0.032972
ATAAGCAAACACCGAG-1,0.770956,0.19797,0.013031,0.018044
ATAAGTACCCGATTGT-1,0.234645,0.653418,0.068928,0.04301
ATAAGTAGGATTCAGA-1,0.465031,0.498774,0.0217,0.014494
ATAAGTAGGGCGACTC-1,0.160222,0.839716,0.000031,0.000031
ATAAGTTACCGCGACG-1,0.153445,0.648303,0.190678,0.007573
ATAATACCGTTAGCCG-1,0.518483,0.481486,0.000015,0.000015
ATAATAGTGTAGGGAC-1,0.9673,0.026243,0.000006,0.006451
ATACAGCGTCCACTGA-1,0.352331,0.52727,0.05294,0.067459
ATACCACGGGCAACTT-1,0.340106,0.657329,0.000536,0.002029
ATACCAGCAAATTGCT-1,0.628126,0.353208,0.010682,0.007985
