Barcode,Topic 1,Topic 2,Topic 3to4,Topic 5,Topic 6to7,Topic 8to9
AAACAACGAATAGTTC-1,0.000576,0.414465,0.582079,0.000576,0.001152,0.001152
AAACAAGTATCTCCCA-1,0.000032,0.032985,0.46691,0.000032,0.023691,0.476351
AAACAATCTACTAGCA-1,0.001389,0.00139,0.528723,0.00139,0.00278,0.464328
AAACACCAATAACTGC-1,0.000028,0.03865,0.385584,0.398387,0.063231,0.11412
AAACAGCTTTCAGAAG-1,0.000061,0.01116,0.903587,0.000061,0.000123,0.085007
AAACAGGGTCTATATT-1,0.000022,0.001594,0.029987,0.151734,0.03804,0.778623
AAACATTTCCCGGATT-1,0.000033,0.078372,0.317625,0.060697,0.136341,0.406933
AAACCCGAACGAAATC-1,0.000028,0.103221,0.365846,0.105005,0.08067,0.345229
AAACCGGAAATGTTAA-1,0.000026,0.01556,0.182985,0.076923,0.328176,0.396329
AAACCGGGTAGGTACC-1,0.000059,0.101836,0.653467,0.000059,0.02396,0.220619
AAACCGTTCGTCCAGG-1,0.000026,0.148629,0.13682,0.148401,0.070329,0.495795
AAACCTAAGCAGCCGG-1,0.00007,0.157213,0.825523,0.00007,0.000294,0.016829
AAACCTCATGAAGTTG-1,0.000025,0.000025,0.015097,0.237531,0.061626,0.685696
AAACGAAGAACATACC-1,0.000206,0.262382,0.44189,0.000206,0.11863,0.176686
AAACGAAGATGGAGTA-1,0.000027,0.03685,0.163147,0.044743,0.089875,0.665358
AAACGAGACGGTTGAT-1,0.000068,0.346884,0.380049,0.008912,0.009447,0.25464
AAACGCTGGGCACGAC-1,0.000153,0.101433,0.001223,0.000153,0.000307,0.89673
AAACGGGCGTACGGGT-1,0.000078,0.000078,0.999455,0.000078,0.000156,0.000156
AAACGGGTTGGTATCC-1,0.000437,0.000438,0.996936,0.000438,0.000875,0.000875
AAACGGTTGCGAACTG-1,0.000058,0.28599,0.423709,0.02997,0.000116,0.260158
AAACGTGTTCGCCCTA-1,0.000027,0.000027,0.425053,0.506998,0.039691,0.028204
AAACTCGGTTCGCAAT-1,0.000033,0.138113,0.240866,0.05502,0.109522,0.456446
AAACTTGCAAACGTAT-1,0.000026,0.00314,0.022698,0.088752,0.115579,0.769805
AAAGAATGTGGACTAA-1,0.00014,0.00014,0.00552,0.156149,0.360327,0.477724
AAAGACCCAAGTCGCG-1,0.002415,0.322344,0.663154,0.002417,0.004834,0.004835
AAAGACTGGGCGCTTT-1,0.000038,0.000038,0.832388,0.000038,0.123883,0.043614
AAAGCTTGCCTACATA-1,0.00003,0.077084,0.158289,0.216396,0.055956,0.492244
AAAGGGATGTAGCAAG-1,0.000085,0.178013,0.728593,0.000085,0.000169,0.093055
AAAGGGCAGCTTGAAT-1,0.00004,0.039096,0.539237,0.005712,0.208728,0.207186
AAAGTAGCATTGCTCA-1,0.000019,0.000019,0.072935,0.270743,0.182988,0.473297
AAAGTCACTGATGTAA-1,0.002525,0.002527,0.541819,0.002527,0.005054,0.445548
AAAGTCGACCCTCAGT-1,0.000036,0.06873,0.337291,0.042077,0.088431,0.463435
AAAGTGCCATCAATTA-1,0.00003,0.068181,0.521712,0.003982,0.306283,0.099812
AAAGTGTGATTTATCT-1,0.000067,0.0709,0.545709,0.010945,0.0013,0.371081
AAAGTTGACTCCCGTA-1,0.000029,0.037752,0.000058,0.248261,0.033089,0.680811
AAATAAGGTAGTGCCC-1,0.000018,0.006869,0.000036,0.403068,0.00915,0.580859
AAATAGCTTAGACTTT-1,0.000037,0.022084,0.206824,0.064923,0.014324,0.691808
AAATAGGGTGCTATTG-1,0.000083,0.468143,0.337563,0.000083,0.000166,0.193961
AAATCCGATACACGCC-1,0.000047,0.194558,0.783902,0.000047,0.000093,0.021353
AAATCGCGGAAGGAGT-1,0.000038,0.307327,0.528347,0.000038,0.047701,0.116549
AAATCGTGTACCACAA-1,0.000085,0.345725,0.405003,0.000085,0.049431,0.199671
AAATCTAGCCCTGCTA-1,0.000044,0.148287,0.542469,0.000044,0.000089,0.309066
AAATGACTGATCAAAC-1,0.000463,0.494009,0.503212,0.000463,0.000927,0.000927
AAATGCTCGTTACGTT-1,0.000022,0.003476,0.16963,0.048521,0.638254,0.140098
AAATGGCATGTCTTGT-1,0.00025,0.059972,0.938526,0.00025,0.000501,0.000501
AAATGGCCCGTGCCCT-1,0.00004,0.017891,0.375188,0.034672,0.01091,0.561298
AAATGGTCAATGTGCC-1,0.000038,0.200034,0.218104,0.055824,0.035558,0.490441
AAATGTATCTTATCCC-1,0.000086,0.006197,0.290721,0.025773,0.127796,0.549427
AAATGTGGGTGCTCCT-1,0.000389,0.840215,0.157452,0.000389,0.000778,0.000778
AAATTAACGGGTAGCT-1,0.000051,0.140017,0.618325,0.000051,0.027175,0.214382
AAATTAATAAGCGCGA-1,0.000039,0.000039,0.99973,0.000039,0.000077,0.000077
AAATTACACGACTCTG-1,0.00015,0.158816,0.840282,0.00015,0.0003,0.000301
AAATTACCTATCGATG-1,0.000046,0.181976,0.359191,0.034925,0.065012,0.358849
AAATTCCAGGTCCAAA-1,0.000106,0.000106,0.487731,0.000106,0.041901,0.47005
AAATTGATAGTCCTTT-1,0.000046,0.059887,0.606001,0.135983,0.028314,0.169769
AAATTGCGGCGGTTCT-1,0.000741,0.000741,0.994812,0.000741,0.001483,0.001483
AAATTGGTGAGAAGCA-1,0.000072,0.011381,0.576597,0.226291,0.057098,0.12856
AAATTTGCGGGTGTGG-1,0.000044,0.119511,0.322043,0.055731,0.015373,0.487298
AACAACTGGTAGTTGC-1,0.000045,0.120069,0.40698,0.021221,0.054416,0.397268
AACAATTACTCTACGC-1,0.000034,0.016856,0.329711,0.049201,0.111423,0.492775
AACACACGCTCGCCGC-1,0.000053,0.125687,0.42983,0.000053,0.000106,0.444271
AACACGACTGTACTGA-1,0.000564,0.349813,0.646801,0.000564,0.001129,0.001129
AACACGAGACGCGGCC-1,0.00004,0.007148,0.331389,0.043317,0.092625,0.525482
AACACGCGGCCGCGAA-1,0.000364,0.000365,0.997448,0.000365,0.000729,0.000729
AACAGCTGTGTGGCAA-1,0.000007,0.031369,0.003526,0.934276,0.003534,0.027288
AACAGGAAATCGAATA-1,0.000076,0.032996,0.288792,0.076503,0.100675,0.500957
AACAGGATGGGCCGCG-1,0.000033,0.0288,0.184143,0.063193,0.083195,0.640637
AACAGGTAGTATGGAT-1,0.000032,0.0629,0.057778,0.109548,0.057661,0.712082
AACATAGCGTGTATCG-1,0.000467,0.000467,0.99673,0.000467,0.000934,0.000934
AACATATCAACTGGTG-1,0.000032,0.073682,0.281507,0.471529,0.038229,0.135021
AACATTGGTCAGCCGT-1,0.001821,0.001823,0.987242,0.001823,0.003645,0.003645
AACCAAGACTTCTCTG-1,0.000033,0.035857,0.051749,0.069408,0.168413,0.674539
AACCATGGGATCGCTA-1,0.000042,0.059079,0.537911,0.004441,0.228736,0.169791
AACCCAGAGACGGAGA-1,0.00003,0.067305,0.159382,0.27081,0.42282,0.079653
AACCCATCCCATGATC-1,0.000026,0.053569,0.114367,0.166783,0.08605,0.579206
AACCCGAGCAGAATCG-1,0.000029,0.068397,0.444142,0.023649,0.173293,0.290491
AACCCGCTGTATTCCA-1,0.000132,0.998946,0.000263,0.000132,0.000263,0.000263
AACCCTACTGTCAATA-1,0.000032,0.088873,0.128539,0.099693,0.024156,0.658708
AACCCTGGTGGAACCA-1,0.000903,0.212839,0.766826,0.000904,0.001808,0.01672
AACCGAGCTTGGTCAT-1,0.000065,0.58637,0.363202,0.009493,0.002167,0.038703
AACCGCTAAGGGATGC-1,0.000044,0.299045,0.176646,0.063972,0.005354,0.45494
AACCGTTGTGTTTGCT-1,0.00463,0.679553,0.009266,0.004633,0.009266,0.292652
AACCTAAAGCCGTCCG-1,0.000132,0.000132,0.000265,0.249503,0.000265,0.749703
AACCTCGCTTTAGCCC-1,0.000037,0.151618,0.146684,0.072515,0.112468,0.516678
AACCTGTCACGGAATT-1,0.000107,0.133748,0.395999,0.000107,0.050445,0.419592
AACCTTTAAATACGGT-1,0.000155,0.317387,0.563771,0.000155,0.00031,0.118222
AACGAAAGTCGTCCCA-1,0.000045,0.11184,0.604531,0.046562,0.089466,0.147557
AACGACCTCCTAGCCG-1,0.000306,0.085347,0.629725,0.000306,0.000613,0.283702
AACGATAATGCCGTAG-1,0.000021,0.965451,0.000138,0.022789,0.000042,0.011559
AACGATAGAAGGGCCG-1,0.000075,0.000075,0.929095,0.000075,0.032025,0.038656
AACGCGAACGGCAACA-1,0.000224,0.000224,0.998434,0.000224,0.000447,0.000447
AACGCGGTCTCCAGCC-1,0.000104,0.400719,0.456194,0.007243,0.051597,0.084143
AACGCTGTTGCTGAAA-1,0.000072,0.109428,0.711695,0.000072,0.03656,0.142174
AACGGACGTACGTATA-1,0.000033,0.121372,0.159079,0.070979,0.021724,0.626813
AACGGCCATCTCCGGT-1,0.00004,0.119051,0.484878,0.092394,0.029737,0.2739
AACGTACTGTGGGTAC-1,0.000049,0.124852,0.182926,0.092804,0.028609,0.57076
AACGTAGTCTACCCAT-1,0.00045,0.18782,0.649519,0.00045,0.160861,0.0009
AACGTCAGACTAGTGG-1,0.00005,0.219749,0.396431,0.00005,0.095339,0.288383
AACGTCATCCGGCTTG-1,0.00011,0.30772,0.541151,0.00011,0.000221,0.150688
AACGTCGCTGCACTTC-1,0.000404,0.063546,0.738774,0.000404,0.18231,0.014562
AACGTGATGAAGGACA-1,0.000669,0.249102,0.746879,0.00067,0.00134,0.00134
AACGTGCGAAAGTCTC-1,0.000076,0.677896,0.262137,0.000076,0.046714,0.013101
AACGTTATCAGCACCT-1,0.00004,0.055794,0.455791,0.003187,0.377444,0.107744
AACGTTCTACCATTGT-1,0.001323,0.363473,0.628585,0.001324,0.002647,0.002648
AACTACCCGTTTGTCA-1,0.00005,0.0092,0.42693,0.001811,0.072625,0.489384
AACTAGCGTATCGCAC-1,0.000247,0.000247,0.000494,0.124227,0.039855,0.83493
AACTCAAGTTAATTGC-1,0.000033,0.218237,0.253767,0.001239,0.012556,0.514167
AACTCCAGAGCGTGTT-1,0.000059,0.103386,0.719032,0.000059,0.038769,0.138694
AACTCGATAAACACGT-1,0.000553,0.000553,0.996128,0.000553,0.001106,0.001106
AACTCGATGGCGCAGT-1,0.000113,0.000113,0.061689,0.22949,0.706943,0.001653
AACTCTCAATAGAGCG-1,0.000043,0.044688,0.133733,0.111926,0.034849,0.67476
AACTCTCAGTGTGCTC-1,0.000049,0.128982,0.345788,0.059114,0.001359,0.464708
AACTGAGTTATACTGA-1,0.000023,0.082724,0.269307,0.018982,0.234026,0.394939
AACTGATATTAGGCCT-1,0.000051,0.104153,0.487399,0.009005,0.07365,0.325741
AACTGGGTCCCGACGT-1,0.000058,0.091871,0.359844,0.025287,0.053683,0.469257
AACTGGTGTGGGCCTT-1,0.000338,0.269744,0.607579,0.000338,0.013228,0.108772
AACTTCTGCGTCTATC-1,0.000045,0.08157,0.510591,0.010836,0.388235,0.008723
AACTTGCCCGTATGCA-1,0.000049,0.173063,0.399696,0.000049,0.041125,0.386017
AACTTGCGTTCTCGCG-1,0.000043,0.091871,0.517936,0.000043,0.263276,0.126831
AACTTTACGGGAGCTT-1,0.000037,0.073296,0.771103,0.000037,0.067396,0.08813
AACTTTAGCTGCTGAG-1,0.000244,0.000244,0.863916,0.000244,0.081414,0.053938
AACTTTCTCGATCATG-1,0.000029,0.005327,0.020592,0.229868,0.016997,0.727187
AAGAAATCACCAGATT-1,0.000092,0.141172,0.401088,0.000092,0.000184,0.457372
AAGAAGGATCAGTTAG-1,0.000011,0.000011,0.007931,0.267527,0.691991,0.03253
AAGACATACGTGGTTT-1,0.000507,0.110568,0.886386,0.000508,0.001015,0.001015
AAGACTAACCCGTTGT-1,0.001048,0.001049,0.992658,0.001049,0.002098,0.002098
AAGAGATGAATCGGTA-1,0.000035,0.055508,0.462964,0.005589,0.143763,0.332141
AAGAGCTCTTTATCGG-1,0.000046,0.731199,0.077835,0.014373,0.035591,0.140956
AAGAGGATGTACGCGA-1,0.000057,0.095751,0.448993,0.108961,0.029429,0.316809
AAGAGGCATGGATCGC-1,0.000089,0.201053,0.418502,0.000089,0.000179,0.380088
AAGAGGCCCTTTGGAA-1,0.00004,0.135698,0.756001,0.00004,0.05281,0.055412
AAGATTGGCGGAACGT-1,0.000058,0.066633,0.500509,0.057892,0.019046,0.35586
AAGCACCCTGCGTATC-1,0.000084,0.180366,0.656204,0.000084,0.002878,0.160384
AAGCATACTCTCCTGA-1,0.000129,0.500114,0.304612,0.009084,0.000258,0.185802
AAGCCGAAGCGGTTTA-1,0.000039,0.006922,0.650724,0.000039,0.105042,0.237234
AAGCCGCTTTACCTTG-1,0.000072,0.029898,0.105127,0.177135,0.063431,0.624337
AAGCCGGAGAGCAGGA-1,0.00002,0.015175,0.160704,0.132162,0.558766,0.133173
AAGCGCAGGGCTTTGA-1,0.000037,0.018163,0.216057,0.033054,0.119502,0.613187
AAGCGTCCCTCATCGA-1,0.000029,0.102295,0.217289,0.190487,0.023689,0.466211
AAGCTCGTGCCAAGTC-1,0.00011,0.715745,0.083764,0.012497,0.020282,0.167602
AAGCTCTTTCATGGTG-1,0.000092,0.439704,0.445171,0.000092,0.000185,0.114756
AAGGAGAACTTATAAG-1,0.000198,0.449351,0.549458,0.000199,0.000397,0.000397
AAGGAGCGGTTGGTGC-1,0.000045,0.167534,0.217269,0.105041,0.049863,0.460249
AAGGATCGATCGCTTG-1,0.000023,0.005414,0.040889,0.697695,0.074949,0.181029
AAGGATGAGGGACCTC-1,0.00005,0.24419,0.364493,0.063658,0.002132,0.325476
AAGGCAGGCTGTCTCC-1,0.000049,0.072591,0.364444,0.00606,0.072336,0.48452
AAGGCGCGTAAAGCTT-1,0.000032,0.060082,0.103822,0.062111,0.102048,0.671905
AAGGCTGTGCTCATCG-1,0.00003,0.162102,0.060574,0.180297,0.046094,0.550903
AAGGGACAGATTCTGT-1,0.000052,0.130242,0.531163,0.146952,0.003696,0.187894
AAGGGACTATGCATTC-1,0.000038,0.056364,0.639249,0.125726,0.035977,0.142645
AAGGGTTAGCCATGCG-1,0.002584,0.002586,0.619253,0.073502,0.005172,0.296904
AAGGGTTTGATTTCAG-1,0.000093,0.035433,0.305179,0.068046,0.002546,0.588703
AAGGTGATAAACCAGC-1,0.000028,0.016951,0.000057,0.243282,0.010184,0.729498
AAGTAGAAGACCGGGT-1,0.000045,0.080396,0.282906,0.052899,0.086318,0.497435
AAGTAGTGACGCGAGG-1,0.000034,0.018851,0.10128,0.023863,0.199121,0.656851
AAGTCAATTGTCGTCA-1,0.000044,0.04823,0.242274,0.021701,0.06977,0.61798
AAGTCTAGTAGCTGCC-1,0.000076,0.197401,0.489495,0.009061,0.035317,0.26865
AAGTCTTCTGTGGCCT-1,0.000037,0.000564,0.340486,0.002168,0.182791,0.473953
AAGTGACGACCGAATT-1,0.000096,0.085113,0.718587,0.000096,0.005785,0.190323
AAGTGCAAAGGTAGAC-1,0.000041,0.07955,0.722557,0.000041,0.089537,0.108275
AAGTGCCTTGACTGTA-1,0.000046,0.373853,0.367043,0.000046,0.000092,0.258919
AAGTGCGTTAGAATCT-1,0.000027,0.14099,0.141134,0.117753,0.036731,0.563365
AAGTGTTTGGAGACGG-1,0.000084,0.539158,0.353498,0.000084,0.025163,0.082012
AAGTTCACTCCAAGCT-1,0.000083,0.345505,0.302625,0.000083,0.000165,0.351539
AAGTTCGGCCAACAGG-1,0.00004,0.129352,0.396038,0.041219,0.041757,0.391595
AAGTTGTGATGTTATA-1,0.000088,0.079769,0.614043,0.000088,0.108106,0.197905
AAGTTTACTAATGGCA-1,0.000545,0.99564,0.00109,0.000545,0.00109,0.00109
AAGTTTATGGGCCCAA-1,0.000079,0.082824,0.916702,0.000079,0.000158,0.000158
AATAACAACGCTCGGC-1,0.000042,0.002545,0.239703,0.100135,0.04216,0.615415
AATAACACTAGAACAA-1,0.000032,0.122946,0.448623,0.079673,0.028378,0.320348
AATAACGTCGCGCCCA-1,0.001248,0.348754,0.643751,0.001249,0.002499,0.002499
AATAAGTCCTCGAGAC-1,0.001481,0.001483,0.503093,0.001482,0.002965,0.489496
AATAATCTTCGTATCG-1,0.000033,0.162816,0.536578,0.000033,0.023116,0.277423
AATACAATGTTTCAGG-1,0.000039,0.066331,0.649572,0.013719,0.139326,0.131013
AATACCTGATGTGAAC-1,0.001709,0.001711,0.988027,0.001711,0.003421,0.003421
AATAGAACAGAGTGGC-1,0.000036,0.250377,0.338825,0.006457,0.047651,0.356654
AATAGAATCTGTTTCA-1,0.000069,0.132639,0.578204,0.000069,0.000138,0.288881
AATAGTCGCGAGTCGG-1,0.00002,0.021463,0.173616,0.104524,0.43018,0.270197
AATATCAAGGTCGGAT-1,0.001764,0.001765,0.697728,0.001765,0.293449,0.00353
AATATCCTAGCAAACT-1,0.000027,0.008903,0.439474,0.06078,0.071068,0.419748
AATATCGAATCAATGC-1,0.000033,0.12753,0.238541,0.048409,0.094555,0.490932
AATATCGAGGGTTCTC-1,0.000066,0.230452,0.576825,0.062988,0.002036,0.127633
AATATTGGAGTATTGA-1,0.000032,0.0188,0.026444,0.074867,0.134299,0.745558
AATCAGACTGCAGGAC-1,0.000896,0.000897,0.993724,0.000897,0.001793,0.001793
AATCATGTAAAGACTC-1,0.000049,0.088028,0.854624,0.000049,0.000681,0.056569
AATCCAAGGGCCTGAG-1,0.000076,0.004681,0.840578,0.000076,0.104291,0.050299
AATCCATGCAAGGGTG-1,0.000297,0.186484,0.378421,0.000297,0.002317,0.432184
AATCCCGCTCAGAGCC-1,0.000281,0.648587,0.338239,0.000281,0.000562,0.012051
AATCGAGGTCTCAAGG-1,0.000539,0.423877,0.572885,0.00054,0.001079,0.00108
AATCGCCTCAGCGCCA-1,0.000065,0.36655,0.208957,0.018,0.012202,0.394227
AATCGCGCAGAGGACT-1,0.000058,0.000058,0.853228,0.000058,0.013076,0.133521
AATCGGGACACTACGA-1,0.00161,0.001612,0.988722,0.001611,0.003223,0.003223
AATCGGTATAGCCCTC-1,0.001406,0.001407,0.990148,0.001408,0.002815,0.002815
AATCGTGAGCCGAGCA-1,0.000573,0.434516,0.562045,0.000573,0.001146,0.001146
AATCTAGGTTTACTTG-1,0.000065,0.100646,0.641406,0.000065,0.016666,0.241153
AATCTCTACTGTGGTT-1,0.000044,0.000044,0.676652,0.000575,0.088081,0.234605
AATCTGCGTTGGGACG-1,0.000069,0.097249,0.544528,0.022877,0.012936,0.32234
AATCTGGCTTTCTAGT-1,0.000051,0.08263,0.489714,0.000051,0.029035,0.398518
AATGACAGCAATGTCT-1,0.000036,0.112396,0.130802,0.142749,0.011948,0.602069
AATGACGTAGGATGTC-1,0.000091,0.54857,0.389805,0.000091,0.000183,0.06126
AATGACTGTCAGCCGG-1,0.000036,0.106392,0.100539,0.122557,0.072792,0.597685
AATGAGTTCGCATATG-1,0.000012,0.000012,0.084586,0.000012,0.915315,0.000063
AATGATGATACGCTAT-1,0.000011,0.000011,0.057012,0.831279,0.101912,0.009775
AATGATGCGACTCCTG-1,0.000062,0.225692,0.694509,0.000062,0.015144,0.06453
AATGCAACCGGGTACC-1,0.000059,0.183228,0.29189,0.000245,0.07919,0.445388
AATGCACCAAGCAATG-1,0.000011,0.001413,0.33732,0.482851,0.166355,0.012049
AATGGTCCACCGTTCA-1,0.000043,0.066094,0.759117,0.000043,0.021685,0.153017
AATGGTTCTCACAAGC-1,0.000052,0.123944,0.378595,0.030777,0.153895,0.312738
AATGTGCCCGAGGTGT-1,0.000058,0.119016,0.57101,0.071806,0.035019,0.203091
AATGTTAAGACCCTGA-1,0.000992,0.013002,0.981042,0.000993,0.001986,0.001986
AATGTTGTCGTGAGAC-1,0.000215,0.399714,0.597319,0.000215,0.002108,0.000429
AATTAAAGGTCGGCGT-1,0.00005,0.278516,0.508781,0.00005,0.042026,0.170577
AATTAACGGATTTCCA-1,0.000106,0.256925,0.684029,0.00106,0.007096,0.050785
AATTACGAGACCCATC-1,0.000041,0.354552,0.432869,0.000041,0.020299,0.192198
AATTACTCGTACGCTC-1,0.000394,0.000394,0.383524,0.000394,0.000789,0.614505
AATTATACCCAGCAAG-1,0.000159,0.096226,0.902821,0.000159,0.000318,0.000318
AATTCATAAGGGATCT-1,0.000051,0.183417,0.498386,0.166849,0.036848,0.114449
AATTCCAACTTGGTGA-1,0.001339,0.347852,0.644112,0.001339,0.002679,0.002679
AATTCCAAGCATGTAC-1,0.000421,0.000421,0.731653,0.000421,0.000842,0.266242
AATTCGATTCGAGGAT-1,0.000219,0.000219,0.872255,0.000219,0.000439,0.126649
AATTGAACGCTCTGGT-1,0.000073,0.148576,0.692337,0.000073,0.000146,0.158795
AATTGCAGCAATCGAC-1,0.000033,0.000033,0.367854,0.006202,0.085024,0.540853
AATTGTGGTTGCCAAA-1,0.000018,0.000018,0.421844,0.000018,0.577975,0.000128
AATTTGGTTCCAAAGA-1,0.001145,0.008861,0.278954,0.001146,0.002293,0.7076
ACAAACCGACAAGGCG-1,0.000197,0.48828,0.367671,0.000197,0.000394,0.143261
ACAAAGAAGGTAGGCC-1,0.000035,0.030908,0.926178,0.000035,0.000069,0.042774
ACAAAGCATGACCTAG-1,0.000013,0.000013,0.000901,0.393149,0.089788,0.516137
ACAAATCGCACCGAAT-1,0.000043,0.495199,0.11139,0.03585,0.005316,0.352202
ACAAATGGTAGTGTTT-1,0.000074,0.178215,0.50214,0.006126,0.000149,0.313295
ACAACAGCATGAGCTA-1,0.000153,0.304602,0.407018,0.000153,0.050882,0.237191
ACAACGGTCCCTGCGA-1,0.000029,0.06155,0.312855,0.015201,0.35861,0.251754
ACAAGCAGTGCCTAGC-1,0.000033,0.072039,0.3029,0.008902,0.078231,0.537894
ACAAGCTATATGGAAG-1,0.000056,0.000057,0.982533,0.000057,0.017184,0.000113
ACAAGGAAATCCGCCC-1,0.000046,0.844147,0.152206,0.000046,0.000092,0.003463
ACAAGGACAAGAGGTT-1,0.000025,0.071363,0.054217,0.163228,0.083773,0.627396
ACAAGGATGCTTTAGG-1,0.00005,0.131521,0.723149,0.00005,0.052014,0.093216
ACAAGGGCAGGCTCTG-1,0.000077,0.506619,0.356876,0.000077,0.000154,0.136197
ACAATAGTCGTACGTT-1,0.000079,0.207119,0.443602,0.000079,0.037578,0.311544
ACAATCCATTTAAACC-1,0.00005,0.050431,0.498113,0.072666,0.024949,0.353792
ACAATCGATCTTTATA-1,0.001277,0.001278,0.991055,0.001278,0.002556,0.002556
ACAATGAATACGGAGA-1,0.000024,0.102441,0.219805,0.507808,0.037831,0.132092
ACAATTGTGTCTCTTT-1,0.000059,0.233017,0.613948,0.000059,0.015398,0.137519
ACAATTTAGGAGGCTC-1,0.000044,0.010308,0.769947,0.000044,0.095913,0.123745
ACAATTTGAGCAGTGG-1,0.000052,0.233478,0.3646,0.020452,0.027286,0.354131
ACAATTTGGCCATATT-1,0.000043,0.083449,0.473815,0.000043,0.007505,0.435146
ACACAAAGACGGGTGG-1,0.000048,0.271447,0.510994,0.000048,0.000096,0.217367
ACACAAATATTCCTAG-1,0.000072,0.06552,0.342183,0.273779,0.007146,0.311301
ACACACCAGGACCAGT-1,0.000048,0.162913,0.334085,0.018605,0.008613,0.475736
ACACACTTTCTACACG-1,0.000074,0.000074,0.452362,0.000074,0.547267,0.000148
ACACATGATCAAATCT-1,0.000026,0.034067,0.296929,0.505427,0.070065,0.093486
ACACATTGACGCAACA-1,0.000274,0.000274,0.055813,0.000274,0.558286,0.38508
ACACATTTCCGTAGAC-1,0.000092,0.107767,0.623263,0.000093,0.011818,0.256968
ACACCACATAATTAGC-1,0.000039,0.023727,0.281041,0.046395,0.081963,0.566835
ACACCCAGCATGCAGC-1,0.000055,0.129163,0.540828,0.000055,0.088446,0.241452
ACACCCGAGAAATCCG-1,0.000026,0.18045,0.089419,0.033308,0.20381,0.492987
ACACCGAGCGCTCTTT-1,0.000926,0.000927,0.376696,0.000927,0.618672,0.001853
ACACCTTAAGTAGGGC-1,0.000058,0.161154,0.387706,0.022961,0.043975,0.384146
ACACCTTACTACTTGC-1,0.00004,0.001537,0.026254,0.090916,0.064318,0.816935
ACACGAGACTCCTTCT-1,0.000104,0.390958,0.509593,0.000104,0.000209,0.099031
ACACGGCACTATGCAT-1,0.000882,0.000883,0.545987,0.000883,0.449601,0.001765
ACACGGGAACTTAGGG-1,0.000051,0.900165,0.084909,0.000051,0.000103,0.01472
ACACGTAGGCCACAAG-1,0.000042,0.04079,0.589432,0.008859,0.083272,0.277606
ACACTCCAATGTCACT-1,0.000031,0.046599,0.289705,0.079069,0.259773,0.324823
ACACTGATCAAGGTGT-1,0.000046,0.253398,0.296112,0.05945,0.000092,0.390901
ACACTGGGACAGTCGT-1,0.000028,0.007699,0.196294,0.037955,0.215994,0.542029
ACAGAACTGAGAACAA-1,0.00004,0.107025,0.457707,0.089147,0.038894,0.307188
ACAGATTAGGTTAGTG-1,0.000444,0.189301,0.716219,0.000445,0.00089,0.092701
ACAGCATAGAGCCAGT-1,0.002364,0.002366,0.004731,0.002366,0.004732,0.98344
ACAGCGACATTCTCAT-1,0.000053,0.065833,0.583234,0.033661,0.027129,0.290091
ACAGCGCACCCGCAGC-1,0.000328,0.054087,0.416734,0.000328,0.000656,0.527867
ACAGGAGGCGCAGCCG-1,0.000617,0.000618,0.995676,0.000618,0.001236,0.001235
ACAGGCACGGATCCTT-1,0.000741,0.000741,0.001482,0.000741,0.135969,0.860325
ACAGGCTTGCCCGACT-1,0.000051,0.133739,0.185425,0.07418,0.008092,0.598513
ACAGGTGGAGGTGAGG-1,0.000041,0.049398,0.266048,0.113573,0.023077,0.547862
ACAGGTGTGTTGTTGC-1,0.000033,0.000033,0.706851,0.000033,0.023186,0.269864
ACAGTAATACAACTTG-1,0.000028,0.042081,0.199975,0.072834,0.079131,0.605951
ACAGTATACCGTGGGA-1,0.000184,0.057723,0.294234,0.094878,0.000368,0.552614
ACATAAGTCGTGGTGA-1,0.000033,0.08332,0.389548,0.003448,0.090163,0.433487
ACATAATAAGGCGGTG-1,0.000067,0.20029,0.542504,0.000067,0.000135,0.256937
ACATACAATCAAGCGG-1,0.000117,0.411441,0.587856,0.000117,0.000234,0.000234
ACATCAGCTGGGACGC-1,0.000027,0.039303,0.555097,0.030345,0.073774,0.301454
ACATCCTGGTAACTGT-1,0.000029,0.027993,0.029726,0.245015,0.031747,0.66549
ACATCGGTCAGCCGCG-1,0.000057,0.131042,0.3568,0.005812,0.000114,0.506174
ACATCGTATGCAATGG-1,0.00009,0.300149,0.556922,0.00009,0.00018,0.14257
ACATCGTTAACCTAGT-1,0.000501,0.200011,0.757692,0.000501,0.040293,0.001002
ACATCTCAACGCGTAA-1,0.000487,0.311188,0.685886,0.000488,0.000975,0.000975
ACATGGCGCCAAAGTA-1,0.000061,0.023978,0.518901,0.006359,0.043428,0.407273
ACATGGCTCAATTTAG-1,0.001883,0.193384,0.79531,0.001885,0.003769,0.003769
ACATTTGAAACCTAAC-1,0.000983,0.000984,0.993113,0.000984,0.001968,0.001968
ACCAAACACCCAGCGA-1,0.000217,0.143814,0.401006,0.450742,0.003786,0.000434
ACCAAACTAGAAATCC-1,0.000665,0.210173,0.710366,0.076132,0.001332,0.001332
ACCAACCGCACTCCAC-1,0.000037,0.173002,0.618292,0.000037,0.160874,0.047758
ACCAACGCTTATTTAT-1,0.000042,0.251488,0.515231,0.000042,0.000085,0.233112
ACCAAGAACGCGTGTC-1,0.000029,0.070345,0.142492,0.047769,0.06262,0.676745
ACCAAGTCATCGGCAG-1,0.001462,0.001463,0.98976,0.001463,0.002926,0.002926
ACCAATATGCAAGTTA-1,0.000092,0.45596,0.246779,0.020895,0.109174,0.1671
ACCACAACTCAGAACA-1,0.000089,0.01201,0.001786,0.182738,0.031601,0.771777
ACCACAAGTTTCTATC-1,0.000036,0.207452,0.288542,0.004461,0.013584,0.485925
ACCACACGGTTGATGG-1,0.00161,0.128284,0.862049,0.001611,0.003222,0.003223
ACCACCAATGTAACAA-1,0.000054,0.067003,0.631806,0.000209,0.068344,0.232584
ACCACCCTCTCTTCTA-1,0.000078,0.18025,0.425968,0.019725,0.004964,0.369014
ACCACGTGCAGCTATA-1,0.00007,0.654644,0.294148,0.00007,0.001349,0.049718
ACCACTGTTCAAGAAG-1,0.001406,0.30629,0.685266,0.001407,0.002815,0.002815
ACCAGACCATAACAAC-1,0.000033,0.000033,0.83831,0.000033,0.017795,0.143797
ACCAGCCCGGTCTTTG-1,0.001263,0.736648,0.255771,0.001264,0.002527,0.002527
ACCAGGAGTGTGATCT-1,0.00057,0.00057,0.996009,0.00057,0.00114,0.00114
ACCAGTGCGGGAGACG-1,0.000043,0.020073,0.202726,0.142709,0.008412,0.626036
ACCATATCCGCAATAA-1,0.000042,0.244042,0.544301,0.019415,0.023037,0.169164
ACCATCCGCCAACTAG-1,0.000057,0.070316,0.82737,0.000057,0.000115,0.102084
ACCATCGTATATGGTA-1,0.000029,0.088922,0.000057,0.286648,0.004702,0.619642
ACCATTAAGGGTGTCA-1,0.000099,0.000099,0.106704,0.379354,0.29603,0.217714
ACCCAACGCCCGTGGC-1,0.000067,0.128131,0.607645,0.018623,0.003164,0.24237
ACCCACCTACATGCTC-1,0.000018,0.012678,0.014754,0.129448,0.069771,0.773331
ACCCATCTTGAGGGTA-1,0.000043,0.077433,0.050068,0.156293,0.095645,0.620518
ACCCATTTGTCCCTCT-1,0.000019,0.000019,0.008641,0.336845,0.064409,0.590069
ACCCGGAGCACCACAA-1,0.00002,0.110275,0.062238,0.186676,0.462701,0.17809
ACCCGGATGACGCATC-1,0.000047,0.059516,0.203055,0.094423,0.033843,0.609116
ACCCGGTTACACTTCC-1,0.000039,0.246637,0.226113,0.046527,0.062195,0.418488
ACCCGTAGTCTAGTTG-1,0.000394,0.117793,0.614528,0.000394,0.128126,0.138764
ACCCTATAGGACTGAG-1,0.000092,0.108725,0.695737,0.000092,0.175258,0.020095
ACCCTATGCCATATCG-1,0.000044,0.228838,0.431788,0.172012,0.027144,0.140174
ACCCTCCCGTCAGGGC-1,0.00202,0.002022,0.98585,0.002021,0.004043,0.004043
ACCCTCCCTTGCTATT-1,0.000062,0.176243,0.396655,0.006947,0.019494,0.400599
ACCCTGGTAACGCCCT-1,0.000621,0.000621,0.736989,0.000621,0.142171,0.118976
ACCCTTCATCTGCGAA-1,0.005291,0.389748,0.578488,0.005294,0.010589,0.01059
ACCCTTGCCTGGGTCG-1,0.000143,0.158541,0.520668,0.000143,0.000286,0.32022
ACCCTTTAGTTCTCCA-1,0.000358,0.084862,0.912986,0.000359,0.000717,0.000717
ACCGAAAGGGCCCTGC-1,0.001058,0.001059,0.992588,0.001059,0.002118,0.002118
ACCGAAGAGTCTGGTT-1,0.000032,0.054912,0.193895,0.083038,0.05066,0.617463
ACCGACACATCTCCCA-1,0.000056,0.120343,0.677061,0.154026,0.000112,0.048403
ACCGAGTCTCCTTATT-1,0.000591,0.000591,0.802916,0.000591,0.001183,0.194127
ACCGATAGGCATAACC-1,0.000032,0.120934,0.531378,0.000032,0.162936,0.184688
ACCGATATTTAATCAT-1,0.000039,0.065327,0.422033,0.025393,0.238846,0.248362
ACCGATGGTAGCATCG-1,0.000065,0.189163,0.586192,0.006703,0.00422,0.213657
ACCGCAATAACTGCCT-1,0.000074,0.583479,0.387315,0.000074,0.000148,0.028911
ACCGCGGTGGAAGTCG-1,0.00005,0.05366,0.52037,0.00005,0.022355,0.403515
ACCGGGCCTTTGTTGA-1,0.000045,0.006169,0.432319,0.086091,0.017357,0.458019
ACCGGTCAGGTACACC-1,0.000014,0.041953,0.144663,0.607136,0.066298,0.139936
ACCGTTCCCGCTCTGA-1,0.001263,0.485365,0.507055,0.001263,0.002527,0.002527
ACCTAAGTACCTTTCA-1,0.000025,0.028096,0.006782,0.332688,0.002271,0.630138
ACCTAATCGACTTCCT-1,0.000062,0.006858,0.736648,0.000062,0.024583,0.231788
ACCTACAGTATGTGGT-1,0.000053,0.000053,0.361188,0.026031,0.086952,0.525722
ACCTACTATAAATCTA-1,0.000061,0.221412,0.498178,0.005135,0.003316,0.271897
ACCTCAGCGAGGCGCA-1,0.000173,0.232535,0.457014,0.098028,0.143162,0.069088
ACCTCCGCCCTCGCTG-1,0.000069,0.032352,0.859193,0.000069,0.020735,0.087583
ACCTCCGTTATTCACC-1,0.000084,0.000084,0.98113,0.000084,0.000167,0.018451
ACCTGCGTGTCATGTT-1,0.000043,0.075165,0.32878,0.053102,0.054658,0.488252
ACCTTTCCTTTAGAAG-1,0.000823,0.276538,0.54735,0.000824,0.001647,0.172818
ACGAAATGGGCGGCAC-1,0.00004,0.000652,0.232421,0.059071,0.062645,0.645171
ACGACCCATGAGTTGC-1,0.000014,0.000014,0.009201,0.176389,0.803986,0.010396
ACGACTCTAGGGCCGA-1,0.000624,0.000625,0.37059,0.000625,0.001249,0.626287
ACGAGAACCCATCACG-1,0.000646,0.212226,0.783896,0.000646,0.001293,0.001293
ACGAGATATTTGCTTA-1,0.000276,0.461857,0.000552,0.123378,0.213993,0.199944
ACGAGGATACCACTCT-1,0.000032,0.267548,0.249789,0.081436,0.045529,0.355665
ACGAGGTTTACAACGT-1,0.000027,0.033052,0.03953,0.208893,0.040584,0.677915
ACGAGTACGGATGCCC-1,0.000049,0.057917,0.441345,0.02181,0.040673,0.438205
ACGAGTCGCCGGCGTT-1,0.000401,0.000401,0.997191,0.000401,0.000803,0.000803
ACGATACCTATCCTGA-1,0.000046,0.026698,0.920562,0.000046,0.000804,0.051845
ACGATCATACATAGAG-1,0.000142,0.289899,0.495499,0.060435,0.000284,0.153742
ACGATCATCTTGTAAA-1,0.000054,0.014494,0.411206,0.011337,0.006698,0.556211
ACGATGCATATGTTAT-1,0.000056,0.158329,0.368024,0.000056,0.084718,0.388818
ACGATGGATCCGATGC-1,0.000479,0.236025,0.645867,0.000479,0.000959,0.116191
ACGCATACGTTTACTA-1,0.00006,0.113719,0.638669,0.00006,0.081328,0.166165
ACGCCACTCGAAACAG-1,0.000246,0.227645,0.770876,0.000247,0.000493,0.000493
ACGCCAGATGATTTCT-1,0.000074,0.133531,0.694483,0.000074,0.110673,0.061166
ACGCCAGTGCGTTTGC-1,0.000412,0.147116,0.850413,0.000412,0.000824,0.000824
ACGCCCAGCTGTCGAT-1,0.001122,0.431283,0.171804,0.245583,0.147961,0.002246
ACGCCGCTAGACGACC-1,0.000025,0.987845,0.000049,0.009469,0.002563,0.000049
ACGCCTGACACGCGCT-1,0.000091,0.000091,0.999362,0.000091,0.000182,0.000182
ACGCGCTACACAGGGT-1,0.000056,0.010145,0.048397,0.148912,0.028419,0.764071
ACGCGTTTCTTAAGAG-1,0.000078,0.000078,0.999457,0.000078,0.000155,0.000155
ACGCTACTGAATGGGC-1,0.001984,0.001986,0.003971,0.001986,0.003971,0.986102
ACGCTAGTGATACACT-1,0.000074,0.109161,0.783654,0.038974,0.034508,0.033628
ACGCTGTGAGGCGTAG-1,0.000058,0.152942,0.741482,0.000058,0.000116,0.105344
ACGCTTAGTGTCTCTC-1,0.001263,0.83203,0.16039,0.001264,0.002527,0.002527
ACGGAACACGAGTGCC-1,0.000431,0.000431,0.135553,0.000431,0.111589,0.751565
ACGGAATTTAGCAAAT-1,0.00001,0.00001,0.008835,0.100099,0.870801,0.020244
ACGGACTCTCAAAGCG-1,0.000073,0.222554,0.408477,0.059956,0.011876,0.297064
ACGGATGGTGCGGATA-1,0.000142,0.353248,0.420565,0.000142,0.0411,0.184803
ACGGCGACGATGGGAA-1,0.000087,0.525069,0.406658,0.000087,0.000173,0.067926
ACGGCGGGTTGCCCTG-1,0.000722,0.000722,0.994946,0.000722,0.001444,0.001444
ACGGCTGGATGTAGAA-1,0.000103,0.058074,0.483735,0.296036,0.000223,0.161829
ACGGGAGTGTCGGCCC-1,0.000027,0.018851,0.098332,0.051586,0.079608,0.751595
ACGGGCGTATGCGACA-1,0.000088,0.086874,0.711441,0.000088,0.007783,0.193727
ACGGGTCATGTGACTT-1,0.000205,0.000205,0.115711,0.064629,0.817557,0.001693
ACGGTACAGTTCAATG-1,0.001372,0.001373,0.990392,0.001372,0.002745,0.002745
ACGTACAGATTTCTCT-1,0.004115,0.004118,0.971177,0.004118,0.008237,0.008235
ACGTAGGAGAGTCGCT-1,0.000272,0.000273,0.998092,0.000273,0.000545,0.000545
ACGTATTACTCCGATC-1,0.000065,0.041591,0.393279,0.053117,0.023754,0.488194
ACGTCCTAAACGAGAT-1,0.000498,0.365029,0.609052,0.000499,0.000997,0.023924
ACGTCTCGTTCCGGGA-1,0.000033,0.085437,0.707831,0.000033,0.002077,0.204588
ACGTGACAAAGTAAGT-1,0.00002,0.00002,0.122815,0.065487,0.098914,0.712744
ACGTGCGCCTCGTGCA-1,0.000055,0.128578,0.137927,0.094992,0.171684,0.466763
ACGTGGTCGAATGTGC-1,0.001195,0.714576,0.064459,0.001196,0.002391,0.216183
ACGTTAGATTTGCCCG-1,0.000053,0.162769,0.267631,0.010631,0.013313,0.545603
ACGTTATTGGTCACTC-1,0.000061,0.000061,0.489252,0.038095,0.408917,0.063613
ACGTTCCGCGCTCCGT-1,0.000751,0.158354,0.837139,0.000751,0.001502,0.001503
ACGTTCGCAATCAATT-1,0.000049,0.073155,0.482858,0.000049,0.031315,0.412574
ACGTTCTGTACAAGTC-1,0.00013,0.000131,0.999087,0.000131,0.000261,0.000261
ACGTTTAGTTGTGATC-1,0.000189,0.000189,0.998674,0.000189,0.000379,0.000379
ACGTTTCGGTGCACTT-1,0.000373,0.129288,0.429656,0.000373,0.000746,0.439563
ACTACCAGCTCTCTGG-1,0.000081,0.135922,0.762021,0.000081,0.000162,0.101731
ACTAGTTGCGATCGTC-1,0.000049,0.006866,0.591623,0.000049,0.028246,0.373167
ACTATCCAGGGCATGG-1,0.000038,0.000038,0.000663,0.250256,0.021298,0.727706
ACTATCGCCGGCTAAA-1,0.000077,0.008026,0.214245,0.194663,0.440359,0.142631
ACTATCTGCCCGCGTA-1,0.000019,0.000019,0.050678,0.305597,0.549263,0.094423
ACTATTCGTCCGTGGT-1,0.000736,0.000736,0.514548,0.000736,0.001473,0.481771
ACTCAACGAATGTATT-1,0.000262,0.081348,0.000525,0.21901,0.162858,0.535997
ACTCAAGTGCAAGGCT-1,0.000057,0.143609,0.637413,0.000057,0.007058,0.211806
ACTCAATAAAGGCACG-1,0.000064,0.612972,0.309538,0.000064,0.005659,0.071702
ACTCAGACCTGCTTCT-1,0.00161,0.001611,0.988721,0.001612,0.003223,0.003223
ACTCCCATTCCTAAAG-1,0.000015,0.000015,0.001646,0.4038,0.021554,0.57297
ACTCCCGAATTCGTTT-1,0.000042,0.094874,0.255385,0.024433,0.068169,0.557097
ACTCCCGTAGACTAGG-1,0.000068,0.005413,0.164354,0.000068,0.100366,0.729732
ACTCCCTAATGCTAAA-1,0.000146,0.005645,0.80413,0.000146,0.000292,0.189641
ACTCCCTAGAATAGTA-1,0.000037,0.70882,0.031853,0.038702,0.026715,0.193873
ACTCCGGCCGACCACT-1,0.000911,0.166426,0.627286,0.000911,0.001823,0.202643
ACTCGATGTATTTCAT-1,0.000198,0.000199,0.700509,0.000199,0.26313,0.035765
ACTCGCCGTTCGATAA-1,0.000295,0.057466,0.121608,0.000695,0.157585,0.662352
ACTCGCGATCTGACGC-1,0.000042,0.00012,0.526191,0.001386,0.016178,0.456084
ACTCGTAACCCGTCCT-1,0.000042,0.024483,0.498127,0.013846,0.028169,0.435333
ACTCGTCAGTAATCCC-1,0.000068,0.270321,0.154109,0.000246,0.11708,0.458176
ACTCTAAACCTGGGAT-1,0.00009,0.083875,0.864966,0.00009,0.050799,0.00018
ACTCTCTGACTTAGGT-1,0.000106,0.505647,0.41527,0.000106,0.000213,0.078658
ACTCTCTTATACACGA-1,0.001425,0.680457,0.310991,0.001425,0.002851,0.002851
ACTCTGACCTAATAGA-1,0.000422,0.200529,0.000846,0.048229,0.157871,0.592102
ACTCTTCAGCTCCCGC-1,0.000095,0.031094,0.358222,0.055427,0.037144,0.518017
ACTGAAACGCCGTTAG-1,0.000028,0.024769,0.015477,0.273642,0.01979,0.666294
ACTGAATGGCGAAAGT-1,0.000034,0.169243,0.039287,0.223568,0.035186,0.532682
ACTGATTTAGTGATTC-1,0.000699,0.296163,0.243122,0.006089,0.418755,0.035171
ACTGCCGTCGTAACTC-1,0.000082,0.000082,0.800235,0.000082,0.000164,0.199355
ACTGCGGACACACCGT-1,0.000089,0.024135,0.414647,0.123261,0.001372,0.436496
ACTGCTCGGAAGGATG-1,0.000037,0.004826,0.334877,0.008267,0.040466,0.611529
ACTGTACGATACACAT-1,0.000057,0.651797,0.3124,0.000057,0.000114,0.035575
ACTGTAGCACTTTGGA-1,0.000062,0.110406,0.695506,0.000062,0.000124,0.193841
ACTGTATACGCGAGCA-1,0.00039,0.177206,0.820454,0.00039,0.00078,0.00078
ACTGTCCAGGATTATA-1,0.000045,0.356423,0.341841,0.022933,0.055914,0.222844
ACTGTGCTAGTAGATC-1,0.000044,0.02135,0.21138,0.065281,0.302058,0.399888
ACTGTTTAGTGTAGGC-1,0.000384,0.49537,0.502322,0.000385,0.000769,0.00077
ACTTACGCATCCACGC-1,0.000074,0.262255,0.112299,0.139125,0.000147,0.486099
ACTTAGTACGACAAGA-1,0.000064,0.000064,0.854196,0.000064,0.121661,0.023953
ACTTATACTTACCCGG-1,0.000054,0.149428,0.283571,0.16072,0.026682,0.379546
ACTTATTAGGATCGGT-1,0.000062,0.324534,0.616192,0.000062,0.00193,0.057221
ACTTATTTATGTGCCA-1,0.000075,0.255505,0.592232,0.000075,0.00015,0.151963
ACTTCAGGCTGATCCC-1,0.000063,0.503118,0.421767,0.000063,0.000125,0.074864
ACTTCCAGTGGAAGCT-1,0.000028,0.000028,0.120883,0.043393,0.095488,0.74018
ACTTCCATGCGGGACA-1,0.000062,0.118005,0.674657,0.000062,0.003315,0.203897
ACTTCGCCATACGCAC-1,0.0001,0.653988,0.028362,0.145951,0.022298,0.149301
ACTTCGCTAGCGAGTG-1,0.000098,0.098829,0.706918,0.000098,0.000196,0.19386
ACTTGACTCCCTCTTT-1,0.000023,0.97619,0.000047,0.02279,0.000047,0.000902
ACTTGCCATATTGTAC-1,0.00031,0.183765,0.814377,0.00031,0.000619,0.000619
ACTTGGGACCCGGTGG-1,0.000034,0.200489,0.238315,0.18539,0.020382,0.35539
ACTTGGGCTTTCGCCA-1,0.001145,0.437893,0.478418,0.077958,0.002293,0.002293
ACTTGTAGTCCCTTCA-1,0.000053,0.000053,0.540095,0.000053,0.10296,0.356787
ACTTGTGGATGGAACG-1,0.000043,0.088807,0.459743,0.033518,0.067469,0.35042
ACTTGTTACCGGATCA-1,0.000357,0.117779,0.718631,0.000358,0.000715,0.16216
ACTTTACCCTCATGAA-1,0.000056,0.183982,0.50827,0.003426,0.020201,0.284064
ACTTTCCTATAGCTTC-1,0.000171,0.110153,0.504963,0.045682,0.000343,0.338688
ACTTTGACTGCATCCT-1,0.00005,0.00005,0.748241,0.00005,0.027111,0.224499
ACTTTGGTCGTGCTCC-1,0.000088,0.123647,0.566365,0.000088,0.000176,0.309636
ACTTTGTCGACGCACT-1,0.000018,0.000618,0.018433,0.409986,0.498108,0.072837
AGAAATTATGACTCGC-1,0.00002,0.022092,0.20433,0.018693,0.165029,0.589837
AGAACCCAGCGTGACA-1,0.000027,0.0599,0.450331,0.001112,0.085893,0.402737
AGAACGTGGTACATTC-1,0.000028,0.979636,0.000056,0.016291,0.000056,0.003934
AGAACTGTACTTTGTA-1,0.000305,0.315967,0.682201,0.000305,0.000611,0.000611
AGAAGAGCGCCGTTCC-1,0.000352,0.365827,0.632062,0.000352,0.000704,0.000704
AGAAGGTACACTTCAC-1,0.000045,0.14786,0.47972,0.004947,0.019103,0.348325
AGAAGGTTGCCGAATT-1,0.000046,0.238252,0.375212,0.091326,0.037923,0.257241
AGAAGGTTGTAGGTCG-1,0.00003,0.026003,0.094973,0.068462,0.114207,0.696326
AGAAGTGATTCGTGAT-1,0.000044,0.099282,0.301765,0.097362,0.014144,0.487402
AGAATAAATCTTCAGG-1,0.000031,0.016419,0.547814,0.093257,0.274722,0.067756
AGAATACAGGCTATCC-1,0.000642,0.543803,0.452342,0.000643,0.001285,0.001285
AGAATTATGGATTCGA-1,0.000029,0.035145,0.05458,0.189912,0.02964,0.690694
AGAATTGTTTGACATA-1,0.000035,0.000035,0.536215,0.005623,0.450928,0.007165
AGACAGCTCAGAATCC-1,0.000012,0.034909,0.014893,0.152212,0.728736,0.069238
AGACAGGCATCTCAGC-1,0.00006,0.102068,0.605035,0.046423,0.137626,0.108788
AGACATAGATCCTTCC-1,0.000267,0.000267,0.785151,0.000267,0.185764,0.028284
AGACCAAACCACACCT-1,0.000039,0.026655,0.604951,0.000039,0.102693,0.265623
AGACCATGGGATACAA-1,0.000029,0.003459,0.454921,0.042887,0.223758,0.274946
AGACCCGCCCTCCTCG-1,0.000042,0.153494,0.341093,0.01828,0.056349,0.430742
AGACCGCTCCGCGGTT-1,0.000055,0.067828,0.626852,0.000055,0.067626,0.237584
AGACCGGGAAACCCTG-1,0.00006,0.00006,0.322531,0.01724,0.123425,0.536684
AGACGAAGTGCCGGTC-1,0.000023,0.018579,0.013101,0.336598,0.002327,0.629371
AGACGACGATGCCGCT-1,0.000029,0.071595,0.100942,0.174935,0.023639,0.62886
AGACGCCCACTTCGCC-1,0.000033,0.086824,0.604422,0.000745,0.175724,0.132252
AGACGGGATTGGTATA-1,0.00013,0.00432,0.000259,0.317162,0.017121,0.661007
AGACTAGCCTTCCAGA-1,0.000031,0.110662,0.077119,0.285312,0.015159,0.511718
AGAGAACCGTCTAGGA-1,0.000046,0.230547,0.47617,0.039159,0.007084,0.246994
AGAGAAGGAGTACAAT-1,0.000013,0.052176,0.178476,0.452791,0.059364,0.257179
AGAGATCTCTAAAGCG-1,0.00009,0.00009,0.629329,0.00009,0.142263,0.228137
AGAGCAGTTATGAGAC-1,0.000041,0.000041,0.684062,0.00581,0.183758,0.126288
AGAGCCGCCGAGATTT-1,0.000022,0.005543,0.010154,0.187893,0.149356,0.647032
AGAGCGCTTGTAACGG-1,0.000058,0.120659,0.307093,0.016075,0.083122,0.472992
AGAGCGGGCTAATCAT-1,0.000049,0.043159,0.542365,0.059646,0.062749,0.292032
AGAGCGTACAAGCTCG-1,0.000024,0.026344,0.011326,0.245904,0.075265,0.641136
AGAGCTACGAAAGCAT-1,0.000524,0.171977,0.588895,0.000524,0.23703,0.001049
AGAGGCTTCGGAAACC-1,0.000036,0.231986,0.43043,0.001074,0.027706,0.308768
AGAGGTATCTCGGTCC-1,0.000512,0.088534,0.908392,0.000512,0.001025,0.001025
AGAGTAAACTTCACTA-1,0.000033,0.037541,0.544365,0.002215,0.076465,0.339382
AGAGTATAGTGTTACG-1,0.00006,0.010296,0.785986,0.00006,0.034728,0.16887
AGAGTCTTAATGAAAG-1,0.000835,0.000836,0.994148,0.000836,0.001672,0.001672
AGATAACTTCAGGGCC-1,0.000032,0.320559,0.153842,0.068232,0.068418,0.388916
AGATACCAATAGAACC-1,0.000045,0.004308,0.721568,0.001223,0.098075,0.17478
AGATACCAGCACTTCA-1,0.000082,0.012523,0.352411,0.393703,0.036494,0.204787
AGATACCGGTGTTCAC-1,0.000057,0.092419,0.54947,0.053147,0.010414,0.294494
AGATACGACTTCATAT-1,0.00005,0.0201,0.765796,0.00005,0.054472,0.159532
AGATACTCAAGATCGA-1,0.000056,0.290037,0.445684,0.029923,0.009065,0.225234
AGATATAATACGACTA-1,0.000041,0.138273,0.44699,0.044869,0.059542,0.310285
AGATCGTGCATAAGAT-1,0.000046,0.141523,0.671237,0.147432,0.012055,0.027706
AGATCTCAGGTGTGAT-1,0.000017,0.948653,0.000034,0.051226,0.000034,0.000034
AGATGACTCGCCCACG-1,0.000078,0.128405,0.586691,0.028997,0.11233,0.143498
AGATGATGGAGTCTGG-1,0.000046,0.055259,0.163853,0.123928,0.057642,0.599271
AGATGCAAGACGTGCA-1,0.000056,0.137498,0.583648,0.064719,0.001329,0.212751
AGATGCATCCTGTGTC-1,0.000043,0.000043,0.646705,0.000043,0.004508,0.348659
AGATGCTATAACGAGC-1,0.000455,0.000456,0.79063,0.000456,0.000911,0.207092
AGATTATAGGACGTTT-1,0.000047,0.141348,0.373232,0.138479,0.064074,0.28282
AGATTCACAACCGATA-1,0.000041,0.103589,0.708243,0.000041,0.033088,0.154998
AGCAAAGGCCGCTAGT-1,0.000038,0.255719,0.204819,0.090413,0.009826,0.439185
AGCAACATATCTTATT-1,0.000065,0.175109,0.587258,0.003454,0.047903,0.186211
AGCAACCGAAAGTAAT-1,0.000011,0.074737,0.055337,0.690759,0.059704,0.119451
AGCACTACCGGCCTGT-1,0.000056,0.052964,0.63634,0.000056,0.076068,0.234516
AGCACTACCTCACCAG-1,0.000066,0.554781,0.250693,0.000066,0.000131,0.194263
AGCACTTAAGGACGCC-1,0.000056,0.062608,0.586525,0.000057,0.005638,0.345117
AGCAGAAGGAGAAAGA-1,0.000081,0.921942,0.058099,0.000081,0.019636,0.000161
AGCAGTCGAAGCATGC-1,0.000299,0.000299,0.997908,0.000299,0.000598,0.000598
AGCATATCAATATGCT-1,0.000058,0.063438,0.497751,0.007938,0.027006,0.40381
AGCATCATTTCGAAAG-1,0.000042,0.138718,0.44589,0.043374,0.02371,0.348265
AGCATCGTCGATAATT-1,0.000051,0.087877,0.359224,0.040686,0.124023,0.388139
AGCATTACGAGGCAAG-1,0.000103,0.000103,0.134122,0.167521,0.180484,0.517666
AGCCACAGGTTACCCG-1,0.00008,0.119579,0.544098,0.00008,0.073299,0.262865
AGCCATATAGTATGTG-1,0.000159,0.338347,0.372702,0.000159,0.108405,0.180227
AGCCCATACATGTAAG-1,0.000072,0.182851,0.474096,0.000072,0.05314,0.28977
AGCCCGCACTACAATG-1,0.000281,0.138745,0.715498,0.000281,0.000562,0.144634
AGCCCTAAGCGAAGTT-1,0.000073,0.1833,0.585539,0.000073,0.000146,0.230869
AGCCCTGTCGCACCGT-1,0.000042,0.000083,0.240407,0.072351,0.075066,0.61205
AGCCCTTCTAATCCGA-1,0.000044,0.108399,0.256174,0.359151,0.033181,0.24305
AGCCCTTGGACATCCC-1,0.000037,0.057456,0.340387,0.094281,0.230707,0.277131
AGCCGCAAATTCAAAT-1,0.000041,0.000041,0.999714,0.000041,0.000082,0.000082
AGCCGCTTGATTAGCG-1,0.002469,0.00247,0.982708,0.00247,0.004941,0.004941
AGCCGTGGCTAAATGT-1,0.000045,0.043236,0.357614,0.055285,0.010079,0.53374
AGCCTAATACCCACGT-1,0.000039,0.100669,0.609742,0.000039,0.023702,0.265808
AGCCTTAAAGCGGAAG-1,0.000023,0.024261,0.324482,0.0087,0.508374,0.13416
AGCGACAGGAACGGTC-1,0.000043,0.138611,0.452154,0.006678,0.030237,0.372277
AGCGACATCCCATTCA-1,0.000064,0.020153,0.886602,0.000064,0.029456,0.06366
