Barcode,Topic 1,Topic 2,Topic 3,Topic 4to5,Topic 6,Topic 7,Topic 8to9
AAACAAGTATCTCCCA-1,0.000056,0.000056,0.343943,0.142112,0.328955,0.000056,0.184823
AAACACCAATAACTGC-1,0.000767,0.000767,0.000767,0.234828,0.319847,0.441491,0.001534
AAACAGAGCGACTCCT-1,0.000024,0.000024,0.134814,0.022651,0.172941,0.000024,0.669522
AAACAGGGTCTATATT-1,0.000376,0.000376,0.000376,0.000751,0.994134,0.000376,0.003612
AAACAGTGTTCCTGGG-1,0.000467,0.000467,0.000467,0.000934,0.325729,0.000467,0.671468
AAACATTTCCCGGATT-1,0.000183,0.000183,0.000183,0.120581,0.452072,0.000183,0.426613
AAACCCGAACGAAATC-1,0.000005,0.000123,0.046577,0.929834,0.009127,0.000536,0.013799
AAACCGGAAATGTTAA-1,0.000043,0.000043,0.215456,0.008563,0.318606,0.000043,0.457248
AAACCGGGTAGGTACC-1,0.000088,0.000088,0.13047,0.274015,0.55812,0.000088,0.037132
AAACCGTTCGTCCAGG-1,0.000196,0.000196,0.000652,0.137202,0.246542,0.192647,0.422564
AAACCTCATGAAGTTG-1,0.000243,0.000243,0.148891,0.000487,0.578626,0.000243,0.271266
AAACGAGACGGTTGAT-1,0.000055,0.000055,0.619449,0.000625,0.096703,0.000055,0.283057
AAACGGGCGTACGGGT-1,0.000108,0.000108,0.044696,0.053049,0.14669,0.102497,0.652853
AAACTCGTGATATAAG-1,0.000041,0.000041,0.017809,0.02064,0.03403,0.01557,0.911869
AAACTGCTGGCTCCAA-1,0.000019,0.00057,0.000019,0.442885,0.19413,0.004746,0.35763
AAACTTGCAAACGTAT-1,0.000085,0.000085,0.350364,0.000169,0.491747,0.097609,0.059941
AAAGACCCAAGTCGCG-1,0.000053,0.000053,0.494855,0.02431,0.000053,0.000053,0.480622
AAAGACTGGGCGCTTT-1,0.000199,0.000199,0.000199,0.000398,0.600764,0.000199,0.398043
AAAGGCTACGGACCAT-1,0.000105,0.000105,0.000105,0.026433,0.482615,0.020726,0.46991
AAAGGCTCTCGCGCCG-1,0.000073,0.000073,0.821843,0.000147,0.078232,0.001574,0.098058
AAAGGGATGTAGCAAG-1,0.000048,0.000048,0.005533,0.000097,0.231745,0.014888,0.747639
AAAGGGCAGCTTGAAT-1,0.000139,0.000139,0.000139,0.000278,0.458574,0.000139,0.540592
AAAGTAGCATTGCTCA-1,0.000099,0.000099,0.205722,0.050131,0.693885,0.000099,0.049964
AAAGTCGACCCTCAGT-1,0.000179,0.000179,0.210758,0.000359,0.787987,0.000179,0.000359
AAAGTGTGATTTATCT-1,0.00007,0.00007,0.056411,0.310054,0.171549,0.053378,0.408468
AAAGTTGACTCCCGTA-1,0.00004,0.043563,0.15385,0.325696,0.073276,0.00004,0.403534
AAATAACCATACGGGA-1,0.000031,0.000031,0.370325,0.000062,0.150056,0.413784,0.065711
AAATAAGGTAGTGCCC-1,0.000028,0.018873,0.202139,0.031759,0.001123,0.024943,0.721135
AAATAGCTTAGACTTT-1,0.00003,0.055279,0.056058,0.280013,0.030795,0.00003,0.577795
AAATCGTGTACCACAA-1,0.000059,0.000059,0.080414,0.310128,0.392368,0.034356,0.182617
AAATCTAGCCCTGCTA-1,0.000103,0.000103,0.000103,0.016607,0.435305,0.000103,0.547674
AAATGATTCGATCAGC-1,0.000043,0.007734,0.392472,0.042539,0.038803,0.000043,0.518367
AAATGCTCGTTACGTT-1,0.000083,0.000083,0.000083,0.000165,0.655721,0.343701,0.000165
AAATGGCCCGTGCCCT-1,0.000424,0.000424,0.000424,0.000849,0.996605,0.000424,0.000849
AAATGGTCAATGTGCC-1,0.000028,0.024766,0.008675,0.228256,0.041663,0.011312,0.6853
AAATTAACGGGTAGCT-1,0.000034,0.007899,0.042317,0.146658,0.012059,0.005841,0.785193
AAATTACACGACTCTG-1,0.000123,0.000123,0.000123,0.000247,0.78446,0.000123,0.2148
AAATTACCTATCGATG-1,0.000077,0.000077,0.020959,0.019861,0.169418,0.000077,0.789531
AAATTCCAGGTCCAAA-1,0.000018,0.02075,0.105817,0.103391,0.01344,0.176636,0.579947
AAATTGATAGTCCTTT-1,0.000141,0.000141,0.000141,0.000281,0.998874,0.000141,0.000281
AAATTTGCGGGTGTGG-1,0.000137,0.000137,0.000137,0.000275,0.736355,0.000137,0.262821
AACAACTGGTAGTTGC-1,0.000022,0.003351,0.358751,0.132803,0.005688,0.002448,0.496937
AACAATACATTGTCGA-1,0.000221,0.000221,0.000221,0.000442,0.544868,0.000221,0.453806
AACAATTACTCTACGC-1,0.000063,0.000063,0.192852,0.005122,0.070459,0.000063,0.731379
AACACACGCTCGCCGC-1,0.000085,0.040906,0.121829,0.077872,0.404399,0.09895,0.255959
AACACGAGACGCGGCC-1,0.000312,0.000312,0.000312,0.000625,0.933314,0.000312,0.064812
AACACGCGGCCGCGAA-1,0.000201,0.000201,0.168965,0.04426,0.561839,0.036325,0.188208
AACAGCTGTGTGGCAA-1,0.000126,0.000126,0.282266,0.332763,0.165903,0.003641,0.215174
AACAGGATGGGCCGCG-1,0.000117,0.000117,0.000117,0.000233,0.674073,0.000117,0.325227
AACAGGTAGTATGGAT-1,0.000046,0.000046,0.199414,0.049147,0.233722,0.145541,0.372084
AACATATCAACTGGTG-1,0.000013,0.000013,0.279733,0.423014,0.004668,0.000843,0.291715
AACATCGATACGTCTA-1,0.00004,0.00004,0.189288,0.001176,0.104798,0.01294,0.691719
AACATTGTGACTCGAG-1,0.000228,0.000228,0.000228,0.000457,0.143133,0.000228,0.855497
AACCAAGACTTCTCTG-1,0.000247,0.000247,0.000247,0.000494,0.676361,0.000247,0.322157
AACCATGGGATCGCTA-1,0.000016,0.000016,0.719464,0.005607,0.007014,0.006395,0.261488
AACCCAGAGACGGAGA-1,0.000024,0.000024,0.487217,0.007743,0.037601,0.001842,0.465549
AACCCGACAACCCGTG-1,0.00025,0.118556,0.00025,0.0005,0.668217,0.00025,0.211978
AACCCGAGCAGAATCG-1,0.00004,0.055049,0.53417,0.068499,0.069291,0.00004,0.27291
AACCCTACTGTCAATA-1,0.000079,0.000079,0.269107,0.067207,0.302312,0.002171,0.359045
AACCGCTAAGGGATGC-1,0.000034,0.017364,0.676385,0.126839,0.143041,0.000034,0.036301
AACCTGTCACGGAATT-1,0.000031,0.033152,0.076789,0.179416,0.01748,0.013429,0.679704
AACCTTTACGACGTCT-1,0.000042,0.000042,0.003889,0.005993,0.121121,0.022377,0.846537
AACGATAGAAGGGCCG-1,0.000076,0.000076,0.000076,0.000152,0.141044,0.000076,0.858501
AACGATATGTCAACTG-1,0.000184,0.000184,0.249888,0.094462,0.152995,0.15459,0.347697
AACGCATGATCTGGGT-1,0.000024,0.004092,0.293627,0.009385,0.008403,0.000024,0.684446
AACGCGAACGGCAACA-1,0.000292,0.120669,0.036352,0.000584,0.421657,0.000292,0.420154
AACGCTGTTGCTGAAA-1,0.000124,0.000124,0.000124,0.152848,0.661059,0.025875,0.159846
AACGGACGTACGTATA-1,0.000132,0.000132,0.000132,0.077268,0.888623,0.03345,0.000263
AACGGCCATCTCCGGT-1,0.000049,0.000049,0.039678,0.109367,0.660106,0.019861,0.17089
AACGTACTGTGGGTAC-1,0.000345,0.000345,0.000345,0.000691,0.534779,0.000345,0.463149
AACGTCAGACTAGTGG-1,0.00005,0.00005,0.067983,0.175623,0.21055,0.007633,0.538111
AACGTGATGAAGGACA-1,0.000048,0.000048,0.34323,0.000097,0.389912,0.181661,0.085003
AACTACCCGTTTGTCA-1,0.000034,0.284648,0.001547,0.264104,0.15649,0.015127,0.278049
AACTAGGCTTGGGTGT-1,0.000163,0.041414,0.000163,0.094205,0.601249,0.036151,0.226654
AACTCAAGTTAATTGC-1,0.00001,0.00001,0.017112,0.977491,0.00001,0.00001,0.005356
AACTCCAGAGCGTGTT-1,0.000153,0.000153,0.000153,0.000306,0.732208,0.000153,0.266873
AACTCCTAATCCCATG-1,0.000013,0.000013,0.855223,0.011657,0.000013,0.000013,0.13307
AACTCGATGGCGCAGT-1,0.000144,0.000144,0.000144,0.000287,0.998851,0.000144,0.000287
AACTCTCAATAGAGCG-1,0.000051,0.000051,0.056426,0.214124,0.106624,0.012256,0.610468
AACTCTCAGTGTGCTC-1,0.000588,0.000588,0.201107,0.001177,0.283307,0.000588,0.512644
AACTGAGTTATACTGA-1,0.0001,0.0001,0.0001,0.700061,0.149363,0.0001,0.150175
AACTTCTGCGTCTATC-1,0.000276,0.000276,0.25809,0.000552,0.106085,0.000276,0.634445
AACTTGCCCGTATGCA-1,0.000028,0.000028,0.619586,0.001664,0.026342,0.017481,0.334872
AACTTGCGTTCTCGCG-1,0.000261,0.000261,0.000261,0.000522,0.399321,0.000261,0.599113
AAGAAGGATCAGTTAG-1,0.000072,0.000072,0.000072,0.000144,0.873658,0.121535,0.004446
AAGACCCAACTGAACA-1,0.000165,0.000165,0.000165,0.007549,0.492882,0.004202,0.494873
AAGAGATGAATCGGTA-1,0.000045,0.006866,0.323875,0.093172,0.148197,0.00576,0.422085
AAGAGGATGTACGCGA-1,0.000096,0.073863,0.023613,0.119416,0.507842,0.000096,0.275074
AAGAGGCATGGATCGC-1,0.000083,0.000083,0.076521,0.065348,0.129813,0.000083,0.728069
AAGAGGCCCTTTGGAA-1,0.000137,0.000137,0.000137,0.000275,0.120519,0.000137,0.878657
AAGATGGCACCGGACC-1,0.000156,0.000156,0.032687,0.083647,0.032101,0.000156,0.851095
AAGATTGGCGGAACGT-1,0.000089,0.000089,0.000089,0.019878,0.255443,0.000089,0.724323
AAGCCACTTGCAGGTA-1,0.000145,0.000145,0.000145,0.00029,0.993359,0.000145,0.00577
AAGCCGAAGCGGTTTA-1,0.00003,0.00003,0.564656,0.043816,0.167986,0.087654,0.135828
AAGCCGCCGTGAAATC-1,0.000197,0.000197,0.000197,0.000395,0.889536,0.000197,0.109279
AAGCGGCGTCATGGGT-1,0.000022,0.000022,0.463375,0.048415,0.000022,0.000932,0.487212
AAGCGTCCCTCATCGA-1,0.000281,0.000281,0.362274,0.251646,0.22362,0.000281,0.161618
AAGGAGCGGTTGGTGC-1,0.000035,0.000035,0.143306,0.036298,0.046265,0.023366,0.750694
AAGGATCGATCGCTTG-1,0.000029,0.006209,0.039692,0.62678,0.064794,0.000029,0.262468
AAGGATGAGGGACCTC-1,0.000037,0.000037,0.413232,0.023432,0.012986,0.000366,0.54991
AAGGCAGGCTGTCTCC-1,0.000018,0.03531,0.563795,0.156176,0.000456,0.010622,0.233622
AAGGCGCGTAAAGCTT-1,0.000035,0.000035,0.009409,0.306988,0.039182,0.014286,0.630065
AAGGCTGTGCTCATCG-1,0.000048,0.00799,0.015983,0.160822,0.027356,0.022943,0.764859
AAGGGAACGACTGGCT-1,0.000342,0.000342,0.000342,0.000684,0.14337,0.399683,0.455236
AAGGGACAGATTCTGT-1,0.000043,0.000043,0.422067,0.020341,0.053971,0.000294,0.50324
AAGGGACTATGCATTC-1,0.000193,0.000193,0.000193,0.026002,0.703932,0.000193,0.269292
AAGGTATCCTAATATA-1,0.000027,0.00016,0.518843,0.105022,0.070837,0.103678,0.201432
AAGGTGATAAACCAGC-1,0.000084,0.000084,0.000084,0.11002,0.702925,0.011796,0.175006
AAGTAGAAGACCGGGT-1,0.000019,0.00052,0.103802,0.798795,0.000019,0.000019,0.096828
AAGTAGTGACGCGAGG-1,0.000042,0.029323,0.390498,0.087447,0.05635,0.000042,0.436298
AAGTCAATTGTCGTCA-1,0.000058,0.000058,0.000058,0.049527,0.287164,0.539837,0.123299
AAGTGACGACCGAATT-1,0.000206,0.000206,0.000206,0.026781,0.838152,0.000206,0.134243
AAGTGAGTCGGGTTTA-1,0.00011,0.00011,0.00011,0.04192,0.273713,0.00011,0.683926
AAGTGCCTTGACTGTA-1,0.00007,0.00007,0.088303,0.07749,0.058153,0.127403,0.648511
AAGTGCGTTAGAATCT-1,0.000085,0.000085,0.0189,0.264753,0.715924,0.000085,0.000169
AAGTGCTTCTCTATTG-1,0.000086,0.000086,0.270602,0.000172,0.499878,0.041026,0.188151
AAGTTCACTCCAAGCT-1,0.000289,0.000289,0.000289,0.000578,0.99769,0.000289,0.000578
AAGTTCAGTCTGCGTA-1,0.000026,0.000026,0.497355,0.02765,0.018047,0.000026,0.456871
AAGTTCGGCCAACAGG-1,0.000078,0.000078,0.097317,0.113458,0.695268,0.000078,0.093722
AAGTTGTGATGTTATA-1,0.000109,0.000109,0.000109,0.000218,0.02869,0.000109,0.970654
AATAACAACGCTCGGC-1,0.000033,0.000033,0.7835,0.020063,0.011608,0.000033,0.184729
AATAACACTAGAACAA-1,0.000115,0.000115,0.000115,0.00023,0.788337,0.096227,0.114862
AATAATCTTCGTATCG-1,0.000074,0.005279,0.000074,0.05416,0.432393,0.024528,0.483491
AATACAATGTTTCAGG-1,0.000078,0.39735,0.014302,0.047622,0.11823,0.000078,0.42234
AATACCGGAGGGCTGT-1,0.00007,0.00007,0.00007,0.00014,0.702276,0.297234,0.00014
AATACCTGATGTGAAC-1,0.000029,0.000029,0.730236,0.001137,0.196168,0.009604,0.062798
AATAGAACAGAGTGGC-1,0.000207,0.000207,0.000207,0.000415,0.594239,0.404308,0.000415
AATAGAATCTGTTTCA-1,0.00011,0.024004,0.041521,0.189813,0.732677,0.00011,0.011764
AATAGCTACCGCGTGC-1,0.00005,0.00005,0.000832,0.045226,0.044267,0.025089,0.884485
AATAGGCACGACCCTT-1,0.000075,0.000358,0.253909,0.000149,0.136806,0.592735,0.015969
AATAGTCCGTCCCGAC-1,0.000184,0.000184,0.000184,0.000368,0.455475,0.000184,0.543422
AATATCAAGGTCGGAT-1,0.000165,0.000165,0.152002,0.009837,0.069602,0.000165,0.768064
AATATCGAATCAATGC-1,0.00003,0.001416,0.576337,0.049088,0.027434,0.000237,0.345458
AATATCGAGGGTTCTC-1,0.000047,0.000047,0.000047,0.173475,0.136626,0.017989,0.671769
AATATTGGAGTATTGA-1,0.000934,0.000934,0.000934,0.001869,0.615192,0.000934,0.379202
AATCAGACTGCAGGAC-1,0.000141,0.000141,0.000141,0.000282,0.429701,0.000141,0.569454
AATCAGGTTTCATTTA-1,0.00015,0.00015,0.368733,0.110522,0.26378,0.00015,0.256515
AATCATGTAAAGACTC-1,0.00004,0.00004,0.506146,0.007469,0.238476,0.18877,0.059058
AATCCAAGGGCCTGAG-1,0.000038,0.000038,0.013068,0.000076,0.030935,0.022318,0.933526
AATCCATGCAAGGGTG-1,0.000095,0.000095,0.000095,0.000189,0.6411,0.057815,0.300612
AATCGCCTCAGCGCCA-1,0.000244,0.000244,0.372869,0.179614,0.266161,0.000244,0.180625
AATCGCGCAGAGGACT-1,0.000025,0.019196,0.224534,0.283296,0.053062,0.108202,0.311685
AATCTAGGTTTACTTG-1,0.000306,0.000306,0.228742,0.000613,0.582771,0.08023,0.107032
AATCTATGCCGGAGCC-1,0.000035,0.000035,0.328814,0.094838,0.000035,0.000035,0.576208
AATCTGCGTTGGGACG-1,0.00011,0.00011,0.00011,0.009336,0.426699,0.006951,0.556684
AATCTGGCTTTCTAGT-1,0.000545,0.000545,0.000545,0.00109,0.936069,0.000545,0.060661
AATGACAGCAATGTCT-1,0.000115,0.000115,0.000115,0.000231,0.999077,0.000115,0.000231
AATGACTGTCAGCCGG-1,0.000036,0.000036,0.024325,0.103689,0.03507,0.014082,0.822763
AATGAGTTCGCATATG-1,0.000086,0.000086,0.000086,0.003118,0.556424,0.000086,0.440115
AATGATGATACGCTAT-1,0.000041,0.000041,0.225214,0.088185,0.194767,0.255985,0.235767
AATGATGCGACTCCTG-1,0.000048,0.000048,0.165766,0.082465,0.01787,0.000048,0.733756
AATGCAACCGGGTACC-1,0.000033,0.002926,0.124551,0.041937,0.029699,0.012601,0.788253
AATGCACCAAGCAATG-1,0.000011,0.000011,0.292743,0.60729,0.000011,0.000011,0.099924
AATGGTCCACCGTTCA-1,0.000183,0.000183,0.000183,0.008111,0.593036,0.000183,0.398123
AATGGTTCTCACAAGC-1,0.000024,0.000024,0.623009,0.035395,0.04646,0.002029,0.293059
AATGTGCCCGAGGTGT-1,0.0001,0.0001,0.270757,0.068139,0.653883,0.0001,0.006923
AATGTGCTAATCTGAG-1,0.000397,0.090416,0.000397,0.109672,0.600097,0.030083,0.168938
AATTAAAGGTCGGCGT-1,0.000012,0.005873,0.358274,0.381379,0.006132,0.000012,0.248317
AATTAGCGCTGCAGCG-1,0.00009,0.00009,0.00009,0.000181,0.598859,0.00009,0.400598
AATTCATAAGGGATCT-1,0.000108,0.000108,0.108234,0.06258,0.504064,0.000108,0.324797
AATTCTAGAGTTAGGC-1,0.000037,0.466565,0.08262,0.185647,0.103034,0.000037,0.162059
AATTGAACGCTCTGGT-1,0.000183,0.000183,0.000183,0.000365,0.867955,0.000183,0.13095
AATTGCAGCAATCGAC-1,0.000061,0.000061,0.089636,0.090065,0.144107,0.000125,0.675946
AATTTGGGACATAGTA-1,0.000031,0.000031,0.217806,0.061447,0.041329,0.038931,0.640425
ACAAACTCCATCAGAG-1,0.000975,0.000975,0.000975,0.377274,0.616874,0.000975,0.001951
ACAAAGCATGACCTAG-1,0.000095,0.000095,0.000095,0.000191,0.381747,0.000095,0.617682
ACAAATCGCACCGAAT-1,0.000169,0.000169,0.000169,0.000338,0.998648,0.000169,0.000338
ACAAATGGTAGTGTTT-1,0.00005,0.001737,0.33158,0.021964,0.3831,0.00005,0.261518
ACAACGGTCCCTGCGA-1,0.000036,0.000036,0.389964,0.088058,0.137381,0.000036,0.384489
ACAAGCAGTGCCTAGC-1,0.000015,0.017221,0.715678,0.051136,0.03314,0.159571,0.023239
ACAAGGACAAGAGGTT-1,0.000024,0.000024,0.684817,0.127345,0.066894,0.000024,0.120872
ACAAGGATGCTTTAGG-1,0.000275,0.000275,0.000275,0.00055,0.912196,0.000275,0.086153
ACAATAGTCGTACGTT-1,0.000148,0.000148,0.380687,0.126114,0.27508,0.217525,0.000297
ACAATCCATTTAAACC-1,0.000046,0.009037,0.035723,0.275927,0.151619,0.000046,0.527602
ACAATGAATACGGAGA-1,0.000141,0.000141,0.000141,0.000282,0.955111,0.000141,0.044043
ACAATTGTGTCTCTTT-1,0.000126,0.000127,0.093086,0.005095,0.724757,0.175419,0.00139
ACAATTTGAGCAGTGG-1,0.00005,0.128645,0.107092,0.104853,0.088706,0.00005,0.570603
ACAATTTGGCCATATT-1,0.000016,0.109605,0.009894,0.548095,0.025457,0.014073,0.29286
ACACAAAGACGGGTGG-1,0.00003,0.01057,0.127962,0.034897,0.002348,0.007494,0.8167
ACACACCAGGACCAGT-1,0.000072,0.000072,0.012052,0.2905,0.584611,0.087073,0.025621
ACACCACATAATTAGC-1,0.000037,0.005569,0.03056,0.050083,0.038757,0.018776,0.856219
ACACCCAGCATGCAGC-1,0.000035,0.000035,0.023277,0.071424,0.090272,0.03461,0.780348
ACACCCGAGAAATCCG-1,0.00002,0.00002,0.489334,0.024467,0.034832,0.000597,0.45073
ACACCTTAAGTAGGGC-1,0.000042,0.000042,0.00616,0.101932,0.01248,0.002912,0.876432
ACACCTTACTACTTGC-1,0.000035,0.008755,0.00014,0.18893,0.062895,0.027368,0.711876
ACACGTAGGCCACAAG-1,0.000067,0.000067,0.141112,0.000135,0.106307,0.047535,0.704777
ACACTCCAATGTCACT-1,0.000046,0.000046,0.548373,0.001194,0.028591,0.000046,0.421705
ACACTGATCAAGGTGT-1,0.000618,0.000618,0.000618,0.001236,0.12859,0.000618,0.867704
ACACTGGGACAGTCGT-1,0.000039,0.003309,0.646937,0.035033,0.064406,0.000039,0.250238
ACAGAACTGAGAACAA-1,0.000173,0.000173,0.000173,0.000345,0.819861,0.000173,0.179103
ACAGCGACATTCTCAT-1,0.000126,0.000126,0.000126,0.000252,0.586491,0.083223,0.329657
ACAGCGCACCCGCAGC-1,0.000069,0.000069,0.067268,0.000138,0.431997,0.377593,0.122865
ACAGGCACGGATCCTT-1,0.000235,0.000235,0.000235,0.00047,0.417129,0.000235,0.581461
ACAGGCTTGCCCGACT-1,0.000119,0.000119,0.013643,0.178209,0.807554,0.000119,0.000238
ACAGGTGGAGGTGAGG-1,0.00018,0.00018,0.00018,0.000359,0.854061,0.00018,0.144862
ACAGTAATACAACTTG-1,0.0002,0.0002,0.0002,0.000399,0.998403,0.0002,0.000399
ACATAATAAGGCGGTG-1,0.000189,0.000189,0.060471,0.05444,0.196125,0.000189,0.688395
ACATACAATCAAGCGG-1,0.000105,0.000105,0.000105,0.00021,0.733903,0.265362,0.00021
ACATCCCGGCCATACG-1,0.000036,0.000036,0.799598,0.000072,0.007727,0.000036,0.192495
ACATCCTGGTAACTGT-1,0.000103,0.000103,0.019791,0.290905,0.197098,0.000103,0.491896
ACATCGATCGTTTACC-1,0.000005,0.000235,0.028364,0.971376,0.000005,0.000005,0.00001
ACATCGGTCAGCCGCG-1,0.000099,0.000099,0.044102,0.220156,0.379338,0.000099,0.356107
ACATCGTATGCAATGG-1,0.000162,0.000162,0.000162,0.000324,0.998705,0.000162,0.000324
ACATGGCGCCAAAGTA-1,0.000026,0.035436,0.142268,0.347798,0.064388,0.078218,0.331867
ACATTAGTTTATATCC-1,0.000058,0.000058,0.002528,0.166131,0.297678,0.003431,0.530115
ACATTCGCGCGGAATA-1,0.001039,0.001039,0.010921,0.002078,0.344596,0.161711,0.478616
ACATTTGAAACCTAAC-1,0.000085,0.000085,0.000085,0.006775,0.603275,0.000085,0.389611
ACCAAACACCCAGCGA-1,0.000037,0.000037,0.044835,0.030345,0.123813,0.060123,0.74081
ACCAACACCACACACT-1,0.000052,0.000052,0.000052,0.022449,0.179381,0.059519,0.738495
ACCAACCGCACTCCAC-1,0.000123,0.000123,0.153127,0.007202,0.647657,0.014727,0.177041
ACCAACGCTTATTTAT-1,0.000235,0.000235,0.000235,0.000469,0.257442,0.000235,0.74115
ACCAAGAACGCGTGTC-1,0.000055,0.000055,0.149225,0.00011,0.023112,0.000055,0.827388
ACCACAACTCAGAACA-1,0.000049,0.000049,0.302793,0.010626,0.368283,0.114121,0.204079
ACCACAAGTTTCTATC-1,0.00003,0.00003,0.016176,0.10608,0.073841,0.032411,0.771431
ACCACCAATGTAACAA-1,0.000017,0.042707,0.473398,0.113382,0.031879,0.000017,0.3386
ACCAGTGCCCGGTCAA-1,0.000049,0.000049,0.000049,0.000098,0.801888,0.197769,0.000098
ACCAGTGCGGGAGACG-1,0.000043,0.002885,0.729436,0.039466,0.161979,0.000043,0.066147
ACCATATCCGCAATAA-1,0.000016,0.011169,0.023861,0.603302,0.030264,0.012046,0.319342
ACCATCCGCCAACTAG-1,0.000731,0.000732,0.366957,0.004863,0.624522,0.000732,0.001463
ACCATCGTATATGGTA-1,0.000314,0.000314,0.000314,0.000628,0.209657,0.000314,0.788459
ACCCAACGCCCGTGGC-1,0.000049,0.025226,0.039063,0.092442,0.149913,0.000049,0.693258
ACCCACCTACATGCTC-1,0.000033,0.000033,0.484825,0.011325,0.137105,0.118401,0.248278
ACCCATCTTGAGGGTA-1,0.000112,0.000112,0.000112,0.000224,0.358692,0.000112,0.640635
ACCCATTTGTCCCTCT-1,0.000061,0.170339,0.431564,0.04227,0.123793,0.004091,0.227884
ACCCGAGCGAAATTAC-1,0.000351,0.000351,0.000351,0.101045,0.299011,0.000351,0.59854
ACCCGATTGGTTCCGA-1,0.000232,0.000232,0.000232,0.000464,0.726572,0.000232,0.272035
ACCCGGAAACTCCCAG-1,0.00012,0.027894,0.293166,0.068499,0.242964,0.00012,0.367237
ACCCGGAGCACCACAA-1,0.00008,0.000917,0.00008,0.000159,0.5182,0.00008,0.480485
ACCCGGATGACGCATC-1,0.000088,0.000088,0.000088,0.162624,0.330731,0.070257,0.436124
ACCCGGTTACACTTCC-1,0.000028,0.00646,0.647568,0.114878,0.051348,0.000028,0.17969
ACCCGTGTCATCAGTA-1,0.000248,0.000248,0.000248,0.000495,0.073572,0.000248,0.924943
ACCCTATAGGACTGAG-1,0.000149,0.000149,0.475962,0.028052,0.114631,0.000149,0.380908
ACCCTATGCCATATCG-1,0.000318,0.000318,0.591244,0.090896,0.138992,0.000318,0.177915
ACCCTCCCGTCAGGGC-1,0.000197,0.000197,0.196623,0.000395,0.801995,0.000197,0.000395
ACCCTCCCTTGCTATT-1,0.000161,0.000161,0.000161,0.000323,0.998709,0.000161,0.000323
ACCCTGGTAACGCCCT-1,0.000039,0.000039,0.01808,0.021992,0.203301,0.000039,0.75651
ACCCTTTAGTTCTCCA-1,0.000131,0.000131,0.000131,0.000263,0.563407,0.435673,0.000263
ACCGACTGAGTCCCAC-1,0.00006,0.00006,0.098158,0.001274,0.17674,0.00006,0.723649
ACCGATAGGCATAACC-1,0.00004,0.047933,0.492507,0.006082,0.037877,0.00004,0.415522
ACCGATATTTAATCAT-1,0.000061,0.000071,0.33135,0.02318,0.157597,0.000061,0.487681
ACCGATGGTAGCATCG-1,0.000059,0.000059,0.000576,0.111844,0.156619,0.028727,0.702115
ACCGCGGTGGAAGTCG-1,0.000015,0.009793,0.125484,0.816018,0.00728,0.03301,0.008401
ACCGCTAGTCATTGGT-1,0.000337,0.000337,0.171981,0.000674,0.82103,0.000337,0.005304
ACCGGGCCTTTGTTGA-1,0.000024,0.000024,0.138861,0.706971,0.093675,0.056703,0.003742
ACCGTGACCACGTGGG-1,0.000133,0.000133,0.442201,0.096793,0.097312,0.000133,0.363293
ACCTAAGTACCTTTCA-1,0.000091,0.000091,0.000091,0.136463,0.858773,0.000091,0.004398
ACCTAATCGACTTCCT-1,0.00007,0.000071,0.000071,0.000141,0.171041,0.000071,0.828536
ACCTACAGTATGTGGT-1,0.000035,0.039666,0.225571,0.348648,0.049171,0.066984,0.269925
ACCTCAGCGAGGCGCA-1,0.000272,0.000272,0.000272,0.000544,0.997825,0.000272,0.000544
ACCTCCGCCCTCGCTG-1,0.000219,0.000219,0.017035,0.000439,0.431862,0.000219,0.550007
ACCTCCGTTATTCACC-1,0.000015,0.242564,0.240411,0.366096,0.001662,0.000015,0.149236
ACCTGCGTGTCATGTT-1,0.000505,0.000505,0.000505,0.001011,0.937241,0.000505,0.059727
ACGAAATGGGCGGCAC-1,0.000028,0.000028,0.774531,0.097689,0.028753,0.006838,0.092133
ACGACTCTAGGGCCGA-1,0.00005,0.00005,0.00005,0.0001,0.385352,0.614296,0.0001
ACGACTGGTCATACTC-1,0.000601,0.000601,0.000601,0.001202,0.422229,0.000601,0.574165
ACGAGAACCCATCACG-1,0.000033,0.000033,0.4591,0.000065,0.077588,0.000532,0.46265
ACGAGATATTTGCTTA-1,0.000031,0.000031,0.620529,0.007397,0.159243,0.046778,0.165991
ACGAGGATACCACTCT-1,0.000836,0.000836,0.000836,0.001672,0.993312,0.000836,0.001672
ACGAGTACGGATGCCC-1,0.000023,0.018884,0.467142,0.054909,0.022034,0.001576,0.435432
ACGATACATAGAACTA-1,0.000063,0.000063,0.303731,0.003516,0.179854,0.000063,0.512712
ACGATCATACATAGAG-1,0.000038,0.0071,0.413021,0.009702,0.023031,0.000038,0.547072
ACGATCATCTTGTAAA-1,0.000044,0.161446,0.045939,0.181719,0.077335,0.000044,0.533471
ACGATGCATATGTTAT-1,0.000066,0.031626,0.243852,0.074084,0.095009,0.002144,0.553218
ACGCAAACTAATAGAT-1,0.000181,0.000181,0.000181,0.048318,0.26961,0.000181,0.681349
ACGCAATCACTACAGC-1,0.000039,0.000039,0.094317,0.256862,0.000039,0.000039,0.648665
ACGCATACGTTTACTA-1,0.000057,0.000057,0.000057,0.000114,0.466586,0.52005,0.013079
ACGCATTCGTGAGTAC-1,0.000038,0.001803,0.060681,0.087938,0.002914,0.008907,0.83772
ACGCCAGTGCGTTTGC-1,0.000154,0.000154,0.000154,0.000309,0.994124,0.004795,0.000309
ACGCGAAGTCAGACGA-1,0.000036,0.020011,0.362485,0.174982,0.096866,0.000036,0.345584
ACGCGCTACACAGGGT-1,0.000107,0.000107,0.000107,0.115782,0.883575,0.000107,0.000214
ACGCGGGCCAAGGACA-1,0.000035,0.003446,0.006287,0.102275,0.079029,0.013655,0.795273
ACGCTAGTGATACACT-1,0.000025,0.000172,0.049197,0.452297,0.04231,0.000319,0.455679
ACGCTGTGAGGCGTAG-1,0.000849,0.000849,0.000849,0.001698,0.640236,0.000849,0.354671
ACGGAACACGAGTGCC-1,0.000115,0.000115,0.000115,0.00023,0.870476,0.000115,0.128834
ACGGAATTTAGCAAAT-1,0.000098,0.000098,0.000098,0.000195,0.725791,0.000098,0.273624
ACGGAGCGCAAATTAC-1,0.000048,0.000048,0.171874,0.068646,0.097983,0.042855,0.618546
ACGGCACTTGCTTGGG-1,0.000038,0.003745,0.730112,0.008743,0.122415,0.023168,0.111778
ACGGCCAACATGGACT-1,0.000075,0.000075,0.005206,0.03776,0.340855,0.000075,0.615953
ACGGGAGTGTCGGCCC-1,0.000195,0.000195,0.000195,0.077554,0.921274,0.000195,0.000391
ACGGGCGTATGCGACA-1,0.000024,0.019306,0.268804,0.013543,0.032372,0.043899,0.622053
ACGGTACAGTTCAATG-1,0.000168,0.000168,0.000168,0.06801,0.733263,0.000168,0.198055
ACGTACTTTGGCACGG-1,0.000178,0.000178,0.000178,0.000357,0.389703,0.000178,0.609226
ACGTAGATTGCTGATG-1,0.000039,0.045235,0.391378,0.041223,0.073343,0.067121,0.381662
ACGTATTACTCCGATC-1,0.000079,0.000079,0.018939,0.146378,0.377623,0.000079,0.456823
ACGTTAATGTCGAAGA-1,0.000015,0.063785,0.001578,0.626062,0.017206,0.002284,0.289071
ACGTTAGATTTGCCCG-1,0.000091,0.000091,0.000091,0.416139,0.221656,0.000091,0.361841
ACGTTCACTATGCCGC-1,0.000338,0.000338,0.000338,0.000676,0.997296,0.000338,0.000676
ACGTTCGCAATCAATT-1,0.000017,0.005526,0.348656,0.082197,0.005807,0.040882,0.516917
ACGTTCGTTCAGGAAA-1,0.00026,0.00026,0.00026,0.00052,0.189738,0.00026,0.808703
ACGTTCTGTACAAGTC-1,0.000232,0.153869,0.000232,0.000464,0.80764,0.000232,0.03733
ACGTTGTCGTTGAAAG-1,0.000105,0.000105,0.000105,0.00021,0.752614,0.246652,0.00021
ACTAATACGTCAGGCG-1,0.000042,0.000042,0.221618,0.004713,0.115939,0.000042,0.657604
ACTACCAGCTCTCTGG-1,0.000039,0.004961,0.473334,0.080195,0.001995,0.000039,0.439438
ACTACCATCCGAGGGC-1,0.000335,0.000335,0.000335,0.00067,0.992929,0.000335,0.005061
ACTACGCGTTAGAATT-1,0.000217,0.000217,0.16973,0.000434,0.117894,0.000217,0.71129
ACTAGTTGCGATCGTC-1,0.000037,0.000037,0.758453,0.008284,0.146696,0.001618,0.084875
ACTATATGCTGTGTTC-1,0.000037,0.000037,0.267601,0.0133,0.040948,0.027059,0.651018
ACTATCCAGGGCATGG-1,0.000026,0.007498,0.326223,0.125597,0.049168,0.055993,0.435494
ACTATCTGCCCGCGTA-1,0.000059,0.000059,0.01493,0.220461,0.202294,0.087272,0.474925
ACTATGTCCAGCTGCC-1,0.000727,0.000727,0.000727,0.001453,0.994186,0.000727,0.001454
ACTATTTCCGGGCCCA-1,0.000232,0.000232,0.000232,0.000463,0.383824,0.127621,0.487397
ACTCAACGAATGTATT-1,0.000109,0.000109,0.079632,0.045512,0.581412,0.000109,0.293118
ACTCAAGTGCAAGGCT-1,0.00024,0.00024,0.00024,0.000479,0.998083,0.00024,0.000479
ACTCAGACCTGCTTCT-1,0.000092,0.000092,0.000092,0.000185,0.11605,0.000092,0.883395
ACTCCAATATCATCAT-1,0.000443,0.000443,0.313474,0.000886,0.245246,0.000443,0.439066
ACTCCCATTCCTAAAG-1,0.000386,0.000386,0.000386,0.000772,0.996912,0.000386,0.000772
ACTCCCGAATTCGTTT-1,0.000017,0.057134,0.383342,0.216047,0.012524,0.000017,0.330919
ACTCCGGCCGACCACT-1,0.000322,0.000322,0.000322,0.000645,0.997422,0.000322,0.000645
ACTCGCGATCTGACGC-1,0.000007,0.020869,0.061875,0.848576,0.005801,0.005057,0.057815
ACTCGTAACCCGTCCT-1,0.000311,0.000311,0.000311,0.000621,0.997515,0.000311,0.000621
ACTCTCTTATACACGA-1,0.000063,0.000063,0.419435,0.000125,0.424381,0.000063,0.155871
ACTCTGACCTAATAGA-1,0.000241,0.000241,0.000241,0.000481,0.845386,0.000241,0.15317
ACTGAAACGCCGTTAG-1,0.000063,0.000063,0.188932,0.110828,0.151676,0.47137,0.077067
ACTGAATGGCGAAAGT-1,0.000152,0.000152,0.000152,0.000305,0.998782,0.000152,0.000305
ACTGCCCGCCATTCTC-1,0.000783,0.000783,0.000783,0.001566,0.452812,0.000783,0.54249
ACTGCGGACACACCGT-1,0.000033,0.011312,0.000033,0.24167,0.029445,0.019394,0.698113
ACTGTACGATACACAT-1,0.000087,0.013715,0.136252,0.117566,0.205679,0.265927,0.260775
ACTGTAGCACTTTGGA-1,0.000009,0.000972,0.322064,0.539969,0.001336,0.031307,0.104343
ACTGTATACGCGAGCA-1,0.000017,0.000017,0.595742,0.013029,0.000017,0.002301,0.388878
ACTGTCCAGGATTATA-1,0.000026,0.008858,0.004611,0.06262,0.002278,0.477457,0.44415
ACTGTCTTCTTTAGAA-1,0.00004,0.00004,0.044179,0.013406,0.069829,0.025254,0.847251
ACTGTGCTAGTAGATC-1,0.000048,0.000048,0.300765,0.004888,0.092687,0.01006,0.591505
ACTTACCGGGCGCGCA-1,0.000013,0.000013,0.726769,0.008433,0.000013,0.000013,0.264743
ACTTAGTACGACAAGA-1,0.000053,0.000053,0.004847,0.019572,0.104539,0.000053,0.870883
ACTTATACTTACCCGG-1,0.000075,0.000075,0.279031,0.087082,0.22197,0.115597,0.296171
ACTTATTAGGATCGGT-1,0.000053,0.000053,0.002388,0.228995,0.041994,0.00431,0.722206
ACTTATTTATGTGCCA-1,0.000183,0.000183,0.000183,0.000367,0.915316,0.0834,0.000367
ACTTCAGGCTGATCCC-1,0.000401,0.000401,0.000401,0.312671,0.68492,0.000401,0.000803
ACTTGGGACCCGGTGG-1,0.000044,0.000044,0.023475,0.05683,0.002958,0.006576,0.910073
ACTTGTGGATGGAACG-1,0.000091,0.000091,0.000091,0.000183,0.688456,0.000091,0.310996
ACTTTACCCTCATGAA-1,0.000018,0.011016,0.329596,0.05935,0.014474,0.001119,0.584426
ACTTTCCTATAGCTTC-1,0.000057,0.000057,0.073253,0.01477,0.049648,0.000057,0.862157
ACTTTGTCGACGCACT-1,0.000102,0.000103,0.04098,0.138502,0.124549,0.015842,0.679922
AGAAATTATGACTCGC-1,0.000063,0.000063,0.000063,0.223474,0.297484,0.000127,0.478727
AGAACCCAGCGTGACA-1,0.000008,0.004315,0.01982,0.77588,0.007765,0.0021,0.190111
AGAACTGTACTTTGTA-1,0.000049,0.000049,0.479717,0.076081,0.205428,0.000049,0.238627
AGAAGAGCGCCGTTCC-1,0.000522,0.000522,0.000522,0.043057,0.314547,0.000522,0.640308
AGAAGGTTGCCGAATT-1,0.000011,0.000011,0.850574,0.149363,0.000011,0.000011,0.000021
AGAAGTGATTCGTGAT-1,0.000103,0.000103,0.155197,0.111596,0.73269,0.000103,0.000206
AGAATACAGGCTATCC-1,0.000082,0.000082,0.000082,0.000164,0.846998,0.057154,0.095438
AGAATGCGGGTTCGGA-1,0.00011,0.00011,0.00011,0.075231,0.103663,0.00011,0.820664
AGAATTATGGATTCGA-1,0.000049,0.000049,0.047181,0.229428,0.12352,0.000049,0.599723
AGAATTGTTTGACATA-1,0.000193,0.000193,0.000193,0.000386,0.997598,0.000193,0.001244
AGACAGGCATCTCAGC-1,0.000061,0.038852,0.078175,0.01701,0.429004,0.072129,0.364769
AGACCATGGGATACAA-1,0.000085,0.000085,0.001916,0.06573,0.165747,0.000085,0.766352
AGACCCACCGCTGATC-1,0.000118,0.012952,0.248321,0.088088,0.316336,0.000118,0.334067
AGACCCGCCCTCCTCG-1,0.000034,0.000034,0.146952,0.08786,0.034112,0.010744,0.720264
AGACCGCTCCGCGGTT-1,0.000034,0.000034,0.031975,0.800832,0.039396,0.000034,0.127695
AGACCGGGAAACCCTG-1,0.000184,0.000184,0.062018,0.000368,0.501567,0.000184,0.435495
AGACGAAGTGCCGGTC-1,0.000082,0.000082,0.077336,0.035611,0.781662,0.069234,0.035992
AGACGACGATGCCGCT-1,0.000085,0.000085,0.000085,0.00017,0.999321,0.000085,0.00017
AGACGCCCACTTCGCC-1,0.000025,0.000025,0.519331,0.054511,0.253362,0.000025,0.172721
AGACGGGCCGATTTAA-1,0.000072,0.000072,0.073744,0.000145,0.784842,0.140979,0.000145
AGACTAGCCTTCCAGA-1,0.000035,0.007629,0.019245,0.04098,0.056385,0.045244,0.830482
AGACTGTTACCGGGTC-1,0.000051,0.008974,0.815065,0.000103,0.013856,0.000051,0.1619
AGAGAAACACCAGAAA-1,0.000138,0.000138,0.000138,0.000276,0.839374,0.000138,0.159799
AGAGAACCGTCTAGGA-1,0.000053,0.000053,0.160105,0.002042,0.109242,0.213718,0.514787
AGAGAAGGAGTACAAT-1,0.000686,0.000686,0.25046,0.001373,0.452989,0.000686,0.293119
AGAGATCTCTAAAGCG-1,0.000159,0.000159,0.059066,0.000318,0.832343,0.000159,0.107797
AGAGCAGTTATGAGAC-1,0.000094,0.000094,0.109571,0.000188,0.319214,0.017602,0.553237
AGAGCCGCCGAGATTT-1,0.000059,0.000059,0.3633,0.03998,0.260921,0.040252,0.295429
AGAGCGTACAAGCTCG-1,0.000076,0.000076,0.000076,0.000151,0.39509,0.000999,0.603533
AGAGGCTTCGGAAACC-1,0.00009,0.00009,0.052197,0.148766,0.393291,0.024243,0.381323
AGAGTAAACTTCACTA-1,0.000049,0.000049,0.150125,0.123216,0.185879,0.260645,0.280037
AGATAACTTCAGGGCC-1,0.000008,0.050932,0.184979,0.72215,0.000008,0.000008,0.041914
AGATACCAATAGAACC-1,0.000096,0.000096,0.000096,0.000193,0.375214,0.000096,0.624208
AGATACCGGTGTTCAC-1,0.000066,0.000066,0.482225,0.042922,0.101057,0.057805,0.315859
AGATACGACTTCATAT-1,0.00005,0.00005,0.088909,0.025462,0.035206,0.00005,0.850271
AGATACTCAAGATCGA-1,0.000086,0.000086,0.12487,0.094864,0.592896,0.000086,0.187112
AGATCGTGCATAAGAT-1,0.000027,0.001272,0.257136,0.157383,0.062369,0.005557,0.516257
AGATGACTCGCCCACG-1,0.000067,0.000067,0.074558,0.091934,0.127263,0.000067,0.706042
AGATGAGGGTTGCGAT-1,0.000037,0.000037,0.007891,0.028261,0.067592,0.000476,0.895708
AGATGATGGAGTCTGG-1,0.000025,0.180379,0.116217,0.343631,0.055542,0.001455,0.302752
AGATGCAAGACGTGCA-1,0.000621,0.000621,0.000621,0.001242,0.768145,0.227507,0.001242
AGATTATAGGACGTTT-1,0.00003,0.002997,0.124694,0.303757,0.034103,0.082043,0.452377
AGCAACATATCTTATT-1,0.000078,0.000078,0.068117,0.027855,0.473006,0.017059,0.413806
AGCAACCGAAAGTAAT-1,0.000628,0.000628,0.000628,0.001256,0.697898,0.000628,0.298333
AGCACACGTTTAGACT-1,0.001444,0.001444,0.001444,0.002888,0.988448,0.001444,0.002888
AGCACCAGTACTCACG-1,0.000056,0.000056,0.000056,0.000111,0.222902,0.018879,0.757941
AGCACTACCGGCCTGT-1,0.000128,0.000128,0.125058,0.163888,0.149992,0.000128,0.560677
AGCACTTAAGGACGCC-1,0.000087,0.000087,0.000087,0.000174,0.217772,0.000365,0.781427
AGCAGCCAGATGAATA-1,0.000159,0.032517,0.006409,0.019825,0.217402,0.000159,0.723528
AGCATATCAATATGCT-1,0.00012,0.00012,0.00012,0.107498,0.775147,0.023381,0.093615
AGCATCATTTCGAAAG-1,0.000722,0.000722,0.000722,0.001444,0.994225,0.000722,0.001444
AGCATCGTCGATAATT-1,0.000041,0.002542,0.202221,0.101149,0.026003,0.145346,0.522698
AGCATTACGAGGCAAG-1,0.000136,0.000136,0.000136,0.083557,0.55369,0.000136,0.362207
AGCCACAGGTTACCCG-1,0.000188,0.000188,0.000188,0.000376,0.19899,0.137999,0.662072
AGCCACTCCCGTGCTT-1,0.000035,0.007666,0.477375,0.249207,0.226695,0.011404,0.027617
AGCCCATACATGTAAG-1,0.000117,0.000117,0.000117,0.000234,0.592229,0.000117,0.407068
AGCCCGGCATTAGAGG-1,0.000591,0.000591,0.108298,0.001183,0.07145,0.000591,0.817295
AGCCCGGTAGCCTGTA-1,0.000084,0.000084,0.340999,0.091329,0.000084,0.019505,0.547915
AGCCCTCCCTGGTGGC-1,0.000601,0.000601,0.269299,0.001202,0.000601,0.000601,0.727095
AGCCCTGTCGCACCGT-1,0.000007,0.003199,0.017718,0.827804,0.000274,0.011791,0.139207
AGCCCTTCTAATCCGA-1,0.000029,0.000029,0.553184,0.000058,0.000029,0.000029,0.446641
AGCCCTTGGACATCCC-1,0.000084,0.000084,0.183374,0.033047,0.147924,0.03735,0.598136
AGCCGTGGCTAAATGT-1,0.000138,0.000138,0.000138,0.000275,0.692453,0.306584,0.000275
AGCCTAATACCCACGT-1,0.00051,0.00051,0.07273,0.034694,0.292347,0.00051,0.598699
AGCCTTAAAGCGGAAG-1,0.000138,0.000138,0.177081,0.193196,0.217774,0.000138,0.411535
AGCGACAGGAACGGTC-1,0.000063,0.000064,0.343004,0.058242,0.432978,0.000064,0.165586
AGCGACATCCCATTCA-1,0.000138,0.064818,0.162185,0.150323,0.12737,0.004078,0.491089
AGCGACCAACGATATT-1,0.000042,0.000042,0.000042,0.000084,0.109388,0.331757,0.558644
AGCGATGCGCCTAATA-1,0.000085,0.000085,0.066873,0.00017,0.065876,0.000085,0.866826
AGCGCATAATGAATCG-1,0.000254,0.000254,0.000254,0.000508,0.478636,0.000254,0.51984
AGCGCGGGTGCCAATG-1,0.000052,0.000052,0.004268,0.162167,0.172595,0.014462,0.646404
AGCGCTAGAGCGATGT-1,0.000014,0.025908,0.038445,0.530427,0.000014,0.009876,0.395315
AGCGCTTATGGGCAAG-1,0.000083,0.000083,0.377345,0.051049,0.000083,0.043689,0.527668
AGCGGGAAGGGTCCAT-1,0.000035,0.000035,0.152809,0.007413,0.004511,0.022931,0.812266
AGCGGTTGCCGCTCTG-1,0.000173,0.000173,0.000173,0.113379,0.000173,0.673837,0.21209
AGCGTACGAGAGCTAG-1,0.000387,0.000387,0.000387,0.000775,0.459516,0.000387,0.538159
AGCGTCTGAACCCGCA-1,0.000284,0.000284,0.130617,0.000569,0.242333,0.146283,0.479629
AGCTAACAAGCAATGT-1,0.000237,0.000237,0.276526,0.287734,0.23804,0.000237,0.19699
AGCTAAGCTCCGTCCG-1,0.000205,0.000206,0.000206,0.000411,0.998356,0.000206,0.000411
AGCTAGAAGCAGAAGT-1,0.000052,0.000052,0.000052,0.049173,0.040803,0.031064,0.878804
AGCTCCATATATGTTC-1,0.000084,0.000084,0.286465,0.004738,0.431251,0.057109,0.220268
AGCTCCTTCGCACATC-1,0.000152,0.000152,0.063475,0.000304,0.775716,0.000152,0.160048
AGCTCTTCCCAGTGCA-1,0.000147,0.000147,0.212538,0.000295,0.461323,0.000147,0.325403
AGCTCTTCGTAACCTT-1,0.000009,0.022994,0.043437,0.824575,0.040367,0.046155,0.022464
AGCTCTTTACTCAGTT-1,0.000061,0.037503,0.512069,0.097524,0.183308,0.006718,0.162818
AGCTGAAGTAAACCAA-1,0.000037,0.000037,0.420847,0.029146,0.228128,0.096386,0.225418
AGCTGTAACCTCAATC-1,0.000097,0.000097,0.126485,0.121282,0.688907,0.020846,0.042285
AGCTTCTTCTCGAGCA-1,0.000199,0.000199,0.021235,0.000399,0.781879,0.000199,0.19589
AGCTTGATCTTAACTT-1,0.000112,0.000112,0.000112,0.047567,0.695252,0.0058,0.251045
AGGACAGTCGAATCCC-1,0.000096,0.000096,0.016833,0.000191,0.914298,0.000096,0.068391
AGGACATCGCACGTCG-1,0.000039,0.000039,0.151936,0.022673,0.044115,0.000039,0.781158
AGGACGACCCATTAGA-1,0.000045,0.571855,0.113533,0.096816,0.085218,0.016332,0.116201
AGGACGCTCGATGTTG-1,0.000028,0.002476,0.274318,0.069443,0.021295,0.010667,0.621773
AGGAGGCCTTCGCGCG-1,0.000118,0.000118,0.000118,0.000511,0.676942,0.000118,0.322074
AGGATAAAGTCGGGAT-1,0.000068,0.003745,0.288523,0.038233,0.160317,0.000068,0.509046
AGGATATAGGGATTTA-1,0.000103,0.010855,0.027504,0.300126,0.393923,0.000103,0.267386
AGGATATCCGACTGCA-1,0.000186,0.000186,0.000186,0.000373,0.99851,0.000186,0.000373
AGGATCACGCGATCTG-1,0.000225,0.000225,0.000225,0.126572,0.409199,0.000225,0.46333
AGGATTGCTTACGACA-1,0.00002,0.031592,0.202049,0.050935,0.015326,0.014396,0.685683
AGGCACGTGACTGTCC-1,0.000066,0.025213,0.138323,0.006083,0.457394,0.246199,0.126721
AGGCAGATGCGTAAAC-1,0.000094,0.000094,0.009456,0.007002,0.290369,0.124932,0.568052
AGGCAGGGAGCGTACT-1,0.000065,0.083827,0.404918,0.122645,0.027875,0.000065,0.360605
AGGCATTGTCGTAGGG-1,0.000155,0.000156,0.000156,0.015278,0.656197,0.000156,0.327903
AGGCCACATTGGTTAC-1,0.000042,0.03029,0.004275,0.160226,0.240151,0.124719,0.440296
AGGCCACCCGTTATGA-1,0.000008,0.000008,0.753229,0.2207,0.006214,0.001614,0.018228
AGGCCCATTGTACAGG-1,0.000096,0.000096,0.000096,0.000669,0.113215,0.000096,0.885733
AGGCCCTAGAACGCCA-1,0.000083,0.000083,0.005421,0.104819,0.763445,0.000083,0.126067
AGGCCTGAGAATCTCG-1,0.000216,0.000216,0.000216,0.000433,0.510195,0.253416,0.235307
AGGCGATAACTGGCGT-1,0.00007,0.00007,0.021639,0.000139,0.294105,0.00007,0.683908
AGGCGTCTATGGACGG-1,0.000033,0.000033,0.376071,0.018481,0.007144,0.00016,0.598078
AGGCTATGGTTAGCTT-1,0.000143,0.000143,0.000143,0.000287,0.236878,0.000143,0.762261
AGGCTTCCCGAAGAAG-1,0.00013,0.00013,0.118796,0.023528,0.216451,0.430583,0.210383
AGGCTTGCTAGACACC-1,0.000294,0.047114,0.000294,0.000588,0.421864,0.000294,0.529551
AGGGAAACGAGGTACT-1,0.000048,0.000048,0.179433,0.003346,0.083028,0.000048,0.734048
AGGGACCGGCTGCGTT-1,0.000027,0.046272,0.077943,0.152102,0.027022,0.004355,0.692279
AGGGACTCTACGCGAC-1,0.000394,0.000394,0.000394,0.000789,0.515482,0.000394,0.482152
AGGGAGACATACTTCG-1,0.000028,0.005874,0.364535,0.092725,0.03534,0.000028,0.501468
AGGGCGAGCAGCTGAT-1,0.000406,0.000406,0.000406,0.000812,0.996754,0.000406,0.000812
AGGGCGTGATCGGCTA-1,0.000047,0.014811,0.03019,0.024325,0.179299,0.021412,0.729917
AGGGCTGCAGTTACAG-1,0.000024,0.033609,0.212035,0.213221,0.004793,0.041102,0.495216
AGGGTCAGAGCACTCG-1,0.000259,0.000259,0.000259,0.000518,0.997927,0.000259,0.000518
AGGGTCAGTAACCCTA-1,0.000037,0.000037,0.000037,0.000075,0.066511,0.000978,0.932324
AGGGTCGATGCGAACT-1,0.000088,0.000088,0.000333,0.11334,0.153998,0.000088,0.732065
AGGGTGCCGTTCTTTA-1,0.001793,0.001793,0.001793,0.003586,0.985654,0.001793,0.003587
AGGGTGCTCTCGAGGG-1,0.000046,0.030293,0.127414,0.194445,0.056857,0.072238,0.518706
AGGGTTCAGACGGTCC-1,0.000226,0.000226,0.000226,0.000453,0.946655,0.05176,0.000453
AGGGTTCCCTTTGGTT-1,0.000104,0.000104,0.003464,0.197564,0.207467,0.000104,0.591192
AGGGTTTAGTTCGGGA-1,0.000026,0.001574,0.3928,0.131289,0.000026,0.000026,0.474258
AGGTAACCTCCTATTC-1,0.000029,0.000029,0.199309,0.036992,0.008932,0.040816,0.713894
AGGTACGATATTGCCA-1,0.000279,0.063581,0.000279,0.000557,0.50901,0.000279,0.426016
AGGTAGATCGAGATAT-1,0.000855,0.000855,0.000855,0.001711,0.067334,0.000855,0.927534
AGGTAGGTACAAAGCT-1,0.000063,0.000063,0.180712,0.000125,0.191789,0.000063,0.627185
AGGTATAATTGATAGT-1,0.000033,0.000033,0.009053,0.224554,0.131845,0.075034,0.559446
AGGTATGCGGACATTA-1,0.000051,0.000051,0.000051,0.16616,0.153499,0.000405,0.679785
AGGTCAGGTGAGAGTG-1,0.000057,0.000057,0.000057,0.657155,0.33189,0.007848,0.002936
AGGTCGCCTCCCAACA-1,0.000132,0.000132,0.262216,0.091518,0.462954,0.006282,0.176766
AGGTCGCGGAGTTACT-1,0.000031,0.000601,0.279618,0.011061,0.000031,0.000031,0.708626
AGGTGCACGTCCACAT-1,0.000143,0.000143,0.000143,0.000285,0.99886,0.000143,0.000285
AGGTGTATCGCCATGA-1,0.000299,0.000299,0.000299,0.000598,0.900883,0.000299,0.097324
AGGTTACACCATGCCG-1,0.000055,0.000055,0.000055,0.16682,0.115979,0.09433,0.622707
AGGTTTCACACACCTT-1,0.000018,0.008655,0.00477,0.655284,0.031987,0.025998,0.273289
AGTACATCATTTATCA-1,0.000035,0.0001,0.196933,0.105689,0.02577,0.009127,0.662347
AGTACGGGCACCTGGC-1,0.00005,0.00005,0.219098,0.000099,0.184189,0.00005,0.596464
AGTACTCTTATGCCCA-1,0.00015,0.00015,0.142145,0.184041,0.567343,0.00015,0.10602
AGTAGGAAGGAAGTTG-1,0.000047,0.000047,0.008365,0.000093,0.044771,0.000047,0.94663
AGTAGGTAACATACAT-1,0.000076,0.000076,0.00845,0.004257,0.119784,0.000076,0.867282
AGTATAATACTAGGCA-1,0.000085,0.000085,0.08291,0.000171,0.12453,0.000085,0.792132
AGTATACACAGCGACA-1,0.000017,0.005498,0.723048,0.146527,0.000017,0.000017,0.124875
AGTATGCTGGAGACCA-1,0.000135,0.000135,0.000135,0.00027,0.983584,0.000135,0.015606
AGTATTTGGCACGACC-1,0.000241,0.000241,0.086271,0.002822,0.334099,0.217158,0.359168
AGTCAAATGATGTGAT-1,0.000178,0.000178,0.000178,0.000356,0.284777,0.000178,0.714154
AGTCAACACCACCATC-1,0.000031,0.000598,0.09059,0.404203,0.063583,0.005954,0.43504
