Barcode,Topic 1,Topic 2,Topic 3to4,Topic 5to6,Topic 7,Topic 8
AAACAAGTATCTCCCA-1,0.000655,0.000654,0.001312,0.377248,0.619475,0.000656
AAACAATCTACTAGCA-1,0.000566,0.000566,0.001133,0.510682,0.470366,0.016687
AAACACCAATAACTGC-1,0.000191,0.000191,0.118811,0.42655,0.454065,0.000191
AAACAGAGCGACTCCT-1,0.000064,0.000064,0.467468,0.226458,0.305882,0.000064
AAACAGCTTTCAGAAG-1,0.000028,0.000028,0.838038,0.028286,0.133181,0.000439
AAACAGGGTCTATATT-1,0.000053,0.000053,0.421714,0.535663,0.00991,0.032607
AAACAGTGTTCCTGGG-1,0.000188,0.000188,0.007121,0.257018,0.251891,0.483594
AAACATTTCCCGGATT-1,0.000241,0.000241,0.150829,0.283081,0.000241,0.565367
AAACCCGAACGAAATC-1,0.000556,0.000556,0.309306,0.107043,0.581983,0.000557
AAACCGGAAATGTTAA-1,0.000029,0.000029,0.000058,0.000058,0.723188,0.276637
AAACCGGGTAGGTACC-1,0.000057,0.000057,0.613043,0.113642,0.2044,0.0688
AAACCGTTCGTCCAGG-1,0.00027,0.00027,0.000541,0.651746,0.346902,0.00027
AAACCTAAGCAGCCGG-1,0.000373,0.000373,0.000748,0.239189,0.470307,0.28901
AAACCTCATGAAGTTG-1,0.000027,0.000027,0.792538,0.006408,0.200972,0.000027
AAACGAAGAACATACC-1,0.00025,0.00025,0.0005,0.0005,0.660443,0.338058
AAACGAAGATGGAGTA-1,0.00053,0.00053,0.001061,0.724283,0.000531,0.273065
AAACGAGACGGTTGAT-1,0.000369,0.000369,0.590957,0.407566,0.000369,0.000369
AAACGGGCGTACGGGT-1,0.000416,0.000415,0.000832,0.000832,0.385285,0.61222
AAACGGTTGCGAACTG-1,0.000102,0.000102,0.086851,0.746588,0.110475,0.055883
AAACGTGTTCGCCCTA-1,0.000148,0.000148,0.000296,0.280702,0.718558,0.000148
AAACTAACGTGGCGAC-1,0.00029,0.00029,0.166314,0.571192,0.261622,0.000291
AAACTCGGTTCGCAAT-1,0.000629,0.000628,0.001258,0.053049,0.755626,0.188809
AAACTCGTGATATAAG-1,0.001291,0.001289,0.002583,0.002582,0.990964,0.001291
AAACTGCTGGCTCCAA-1,0.000695,0.000695,0.199274,0.170725,0.36255,0.266062
AAACTTAATTGCACGC-1,0.000118,0.000118,0.061511,0.715997,0.222137,0.000118
AAACTTGCAAACGTAT-1,0.000021,0.000021,0.830714,0.131425,0.000021,0.037796
AAAGAATGTGGACTAA-1,0.00117,0.001168,0.002341,0.002341,0.777398,0.215582
AAAGACCCAAGTCGCG-1,0.000152,0.000152,0.045989,0.105539,0.765674,0.082493
AAAGACTGGGCGCTTT-1,0.000202,0.000202,0.160394,0.434705,0.380175,0.024321
AAAGCTTGCCTACATA-1,0.000216,0.000216,0.000433,0.000432,0.884718,0.113985
AAAGGCCCTATAATAC-1,0.000245,0.000245,0.00049,0.499616,0.385763,0.113641
AAAGGCTACGGACCAT-1,0.000201,0.000201,0.220335,0.118056,0.520793,0.140414
AAAGGCTCTCGCGCCG-1,0.001215,0.001214,0.002431,0.002431,0.754541,0.238168
AAAGGGATGTAGCAAG-1,0.000372,0.000372,0.121143,0.213378,0.501405,0.163329
AAAGGGCAGCTTGAAT-1,0.000098,0.000098,0.048623,0.584894,0.366189,0.000098
AAAGGTAAGCTGTACC-1,0.000097,0.000097,0.353599,0.266835,0.379274,0.000098
AAAGTAGCATTGCTCA-1,0.000246,0.000246,0.165188,0.577386,0.256687,0.000247
AAAGTCACTGATGTAA-1,0.000189,0.000189,0.079251,0.102731,0.804677,0.012964
AAAGTCGACCCTCAGT-1,0.000017,0.000017,0.862771,0.133093,0.004083,0.000017
AAAGTGCCATCAATTA-1,0.000308,0.000308,0.000617,0.179849,0.490907,0.328011
AAAGTGTGATTTATCT-1,0.000602,0.000601,0.210043,0.001204,0.780699,0.006852
AAAGTTGACTCCCGTA-1,0.000894,0.000893,0.001789,0.210083,0.785447,0.000895
AAATAACCATACGGGA-1,0.000372,0.000372,0.054899,0.028816,0.915168,0.000373
AAATAAGGTAGTGCCC-1,0.000269,0.000268,0.000537,0.108371,0.890286,0.000269
AAATACCTATAAGCAT-1,0.000768,0.000767,0.001536,0.176023,0.38,0.440906
AAATAGCTTAGACTTT-1,0.000524,0.000523,0.001048,0.239062,0.684346,0.074497
AAATAGGGTGCTATTG-1,0.000895,0.000894,0.001789,0.001789,0.909731,0.084902
AAATCCGATACACGCC-1,0.00053,0.00053,0.001061,0.234262,0.481267,0.282349
AAATCGCGGAAGGAGT-1,0.000243,0.000243,0.070926,0.496932,0.327557,0.104098
AAATCGTGTACCACAA-1,0.000272,0.000272,0.072325,0.424592,0.37606,0.126479
AAATCTAGCCCTGCTA-1,0.000175,0.000175,0.00035,0.016505,0.416681,0.566115
AAATGACTGATCAAAC-1,0.000517,0.000517,0.001035,0.126325,0.374336,0.49727
AAATGATTCGATCAGC-1,0.000971,0.000969,0.001941,0.001941,0.993206,0.000971
AAATGCTCGTTACGTT-1,0.000128,0.000128,0.135221,0.709325,0.155069,0.000129
AAATGGCATGTCTTGT-1,0.000103,0.000102,0.846972,0.015676,0.100251,0.036896
AAATGGCCCGTGCCCT-1,0.000158,0.000158,0.003791,0.558801,0.385952,0.051139
AAATGGTCAATGTGCC-1,0.000193,0.000193,0.000387,0.520484,0.46486,0.013883
AAATGTATCTTATCCC-1,0.000159,0.000159,0.000319,0.696988,0.192505,0.10987
AAATTAACGGGTAGCT-1,0.000337,0.000337,0.048781,0.331213,0.618994,0.000338
AAATTAATAAGCGCGA-1,0.000148,0.000148,0.017483,0.598417,0.276388,0.107415
AAATTACACGACTCTG-1,0.001137,0.001136,0.002276,0.002276,0.992037,0.001138
AAATTACCTATCGATG-1,0.000129,0.000129,0.412608,0.294523,0.218935,0.073676
AAATTCCAGGTCCAAA-1,0.000229,0.000229,0.000459,0.12208,0.772677,0.104326
AAATTGATAGTCCTTT-1,0.000095,0.000095,0.419374,0.580246,0.000095,0.000095
AAATTGGTGAGAAGCA-1,0.000115,0.000115,0.00023,0.177078,0.753818,0.068644
AAATTTACCGAAATCC-1,0.000286,0.000286,0.000572,0.366813,0.631758,0.000286
AAATTTGCGGGTGTGG-1,0.000112,0.000112,0.194795,0.2799,0.494557,0.030524
AACAACTGGTAGTTGC-1,0.001318,0.001316,0.193905,0.002636,0.799506,0.001318
AACAATACATTGTCGA-1,0.000121,0.000121,0.269185,0.364344,0.300677,0.065553
AACAATTACTCTACGC-1,0.000042,0.000042,0.691471,0.225143,0.08326,0.000042
AACACACGCTCGCCGC-1,0.001043,0.001042,0.002087,0.002087,0.884145,0.109596
AACACGACTGTACTGA-1,0.000652,0.000651,0.13421,0.001304,0.119744,0.743438
AACACGAGACGCGGCC-1,0.000027,0.000027,0.634006,0.235706,0.000027,0.130207
AACACGCGGCCGCGAA-1,0.000455,0.000455,0.000911,0.363274,0.634451,0.000455
AACAGCTGTGTGGCAA-1,0.000406,0.000406,0.000813,0.412395,0.472074,0.113906
AACAGGAAATCGAATA-1,0.000616,0.000616,0.045581,0.001234,0.905797,0.046157
AACAGGATGGGCCGCG-1,0.000126,0.000126,0.207994,0.486843,0.299915,0.004997
AACAGGTAGTATGGAT-1,0.001043,0.001042,0.168836,0.002087,0.825949,0.001044
AACATAGCGTGTATCG-1,0.00106,0.00106,0.002122,0.002123,0.172835,0.8208
AACATATCAACTGGTG-1,0.000491,0.00049,0.000982,0.191602,0.805943,0.000491
AACATCGATACGTCTA-1,0.000413,0.000413,0.082561,0.000827,0.849967,0.065819
AACATTGAAGTTGATC-1,0.000392,0.000392,0.083678,0.266642,0.648504,0.000393
AACATTGTGACTCGAG-1,0.000168,0.000168,0.208042,0.505053,0.189852,0.096718
AACCAAGACTTCTCTG-1,0.000055,0.000055,0.601141,0.183167,0.149043,0.066538
AACCAGTATCACTCTT-1,0.000211,0.000211,0.17924,0.090727,0.501034,0.228576
AACCATAGGGTTGAAC-1,0.000162,0.000162,0.179522,0.223062,0.59693,0.000162
AACCATGGGATCGCTA-1,0.000139,0.000139,0.123964,0.458751,0.416867,0.000139
AACCCAGAGACGGAGA-1,0.000156,0.000156,0.000312,0.617661,0.159095,0.22262
AACCCATCCCATGATC-1,0.00016,0.000159,0.000319,0.173641,0.815455,0.010266
AACCCGACAACCCGTG-1,0.000206,0.000206,0.181632,0.513122,0.284868,0.019966
AACCCGAGCAGAATCG-1,0.000271,0.000271,0.000543,0.000543,0.852048,0.146323
AACCCGCTGTATTCCA-1,0.000391,0.000391,0.000783,0.000783,0.000391,0.997261
AACCCTACTGTCAATA-1,0.00118,0.001179,0.002363,0.099123,0.894973,0.001181
AACCCTGGTGGAACCA-1,0.000336,0.000335,0.000671,0.000671,0.809494,0.188492
AACCGAGCTTGGTCAT-1,0.000171,0.000171,0.000343,0.469662,0.529482,0.000171
AACCGCTAAGGGATGC-1,0.000632,0.000631,0.001265,0.171001,0.43196,0.394511
AACCGTTGTGTTTGCT-1,0.000167,0.000167,0.000334,0.146623,0.01193,0.840778
AACCTCGCTTTAGCCC-1,0.002317,0.002315,0.004637,0.004638,0.70315,0.282944
AACCTGTCACGGAATT-1,0.000707,0.000706,0.164224,0.112153,0.721501,0.000708
AACCTTTAAATACGGT-1,0.002608,0.002605,0.005217,0.005218,0.470038,0.514315
AACCTTTACGACGTCT-1,0.000208,0.000207,0.434878,0.213779,0.242438,0.10849
AACGAAAGTCGTCCCA-1,0.000069,0.000069,0.283373,0.71635,0.000069,0.000069
AACGACCTCCTAGCCG-1,0.000802,0.000801,0.059909,0.433643,0.000803,0.504042
AACGATAATGCCGTAG-1,0.000792,0.000791,0.001586,0.001585,0.821411,0.173835
AACGATAGAAGGGCCG-1,0.000192,0.000191,0.000384,0.09265,0.763538,0.143045
AACGATATGTCAACTG-1,0.000249,0.000249,0.067828,0.546707,0.384718,0.000249
AACGCATGATCTGGGT-1,0.000305,0.000305,0.012989,0.422162,0.448732,0.115507
AACGCGAACGGCAACA-1,0.000391,0.000391,0.000783,0.556605,0.351471,0.090359
AACGCGACCTTGGGCG-1,0.000127,0.000127,0.000254,0.516337,0.468636,0.014519
AACGCGGTCTCCAGCC-1,0.00019,0.00019,0.191799,0.270443,0.537189,0.00019
AACGCTGTTGCTGAAA-1,0.001088,0.001087,0.002178,0.002178,0.99238,0.001089
AACGGACGTACGTATA-1,0.000648,0.000648,0.001298,0.001298,0.687917,0.308191
AACGGCCATCTCCGGT-1,0.00008,0.00008,0.603538,0.230196,0.133884,0.032222
AACGTACTGTGGGTAC-1,0.00061,0.00061,0.001222,0.438523,0.424754,0.134281
AACGTCAGACTAGTGG-1,0.000122,0.000122,0.387766,0.371494,0.192891,0.047605
AACGTCATCCGGCTTG-1,0.000823,0.000823,0.138948,0.001648,0.456799,0.40096
AACGTCGCTGCACTTC-1,0.002611,0.002605,0.005218,0.00522,0.981736,0.00261
AACGTGATGAAGGACA-1,0.001264,0.001263,0.002529,0.00253,0.959461,0.032953
AACGTGCGAAAGTCTC-1,0.001691,0.001689,0.003384,0.609626,0.265537,0.118072
AACGTTATCAGCACCT-1,0.000098,0.000098,0.330146,0.652857,0.000099,0.016701
AACTACCCGTTTGTCA-1,0.001762,0.001761,0.258435,0.05902,0.677259,0.001764
AACTAGCGTATCGCAC-1,0.000185,0.000185,0.060316,0.414711,0.448998,0.075604
AACTAGGCTTGGGTGT-1,0.000808,0.000807,0.001616,0.001616,0.359068,0.636085
AACTCAAGTTAATTGC-1,0.000252,0.000252,0.340365,0.065029,0.418986,0.175116
AACTCCAGAGCGTGTT-1,0.001359,0.00136,0.002722,0.002722,0.885918,0.10592
AACTCCTAATCCCATG-1,0.000684,0.000683,0.1983,0.001369,0.695373,0.103591
AACTCGATGGCGCAGT-1,0.000141,0.000141,0.14852,0.242244,0.608813,0.000141
AACTCTCAATAGAGCG-1,0.000715,0.000715,0.001431,0.001431,0.994992,0.000715
AACTCTCAGTGTGCTC-1,0.00015,0.00015,0.106417,0.624419,0.241136,0.027728
AACTGAGGTCAGCGTC-1,0.000265,0.000265,0.000531,0.258065,0.740609,0.000265
AACTGAGTTATACTGA-1,0.000132,0.000131,0.446582,0.429869,0.000132,0.123154
AACTGATATTAGGCCT-1,0.000201,0.000201,0.087699,0.185321,0.599496,0.127082
AACTGGGTCCCGACGT-1,0.000303,0.000303,0.000606,0.179506,0.818979,0.000303
AACTGGGTTCGAGCCG-1,0.000613,0.000613,0.001228,0.29703,0.605228,0.095288
AACTGGTGTGGGCCTT-1,0.000173,0.000173,0.000346,0.371481,0.627655,0.000173
AACTTCTGCGTCTATC-1,0.000273,0.000272,0.000546,0.613264,0.321657,0.063989
AACTTGCCCGTATGCA-1,0.000059,0.000059,0.503865,0.191763,0.304194,0.000059
AACTTGCGTTCTCGCG-1,0.000122,0.000122,0.154853,0.562037,0.282745,0.000122
AACTTTACGGGAGCTT-1,0.000197,0.000197,0.000394,0.603747,0.318203,0.077261
AACTTTAGCTGCTGAG-1,0.000179,0.000179,0.002764,0.446217,0.550481,0.000179
AACTTTCTCGATCATG-1,0.000049,0.000049,0.000097,0.000097,0.999659,0.000049
AAGAAATCACCAGATT-1,0.000023,0.000023,0.000045,0.025398,0.921177,0.053335
AAGAAGGATCAGTTAG-1,0.000108,0.000108,0.083184,0.649688,0.266803,0.000109
AAGACATACGTGGTTT-1,0.001169,0.001168,0.129858,0.00234,0.00117,0.864293
AAGACCCAACTGAACA-1,0.000164,0.000164,0.175497,0.372484,0.33673,0.114961
AAGACTGCAAGCTACT-1,0.000479,0.000479,0.175585,0.284907,0.373042,0.165507
AAGAGATGAATCGGTA-1,0.000113,0.000113,0.075102,0.346376,0.578183,0.000113
AAGAGCTCTTTATCGG-1,0.001439,0.001437,0.002879,0.792733,0.055998,0.145515
AAGAGGATGTACGCGA-1,0.000066,0.000066,0.770591,0.105825,0.123387,0.000066
AAGAGGCATGGATCGC-1,0.001422,0.001421,0.002847,0.002847,0.99004,0.001423
AAGAGGCCCTTTGGAA-1,0.000181,0.000181,0.000363,0.000363,0.336333,0.662578
AAGATGGCACCGGACC-1,0.00021,0.00021,0.00042,0.5894,0.40955,0.00021
AAGATTGGCGGAACGT-1,0.000582,0.000582,0.001165,0.132634,0.864455,0.000582
AAGCACCCTGCGTATC-1,0.002554,0.002551,0.005109,0.005112,0.511651,0.473022
AAGCATACTCTCCTGA-1,0.000875,0.000874,0.001751,0.190318,0.688746,0.117435
AAGCCACTTGCAGGTA-1,0.000599,0.000598,0.001199,0.151348,0.626598,0.219659
AAGCCGAAGCGGTTTA-1,0.00232,0.002315,0.180616,0.004636,0.807794,0.002319
AAGCCGCCGTGAAATC-1,0.000152,0.000152,0.000305,0.397758,0.179444,0.422188
AAGCCGCTTTACCTTG-1,0.000032,0.000032,0.083502,0.138096,0.626171,0.152166
AAGCCGGAGAGCAGGA-1,0.00092,0.000919,0.001842,0.001842,0.829458,0.165019
AAGCGCAGGGCTTTGA-1,0.000688,0.000687,0.001376,0.001376,0.565094,0.43078
AAGCGGAGTGCGCGCA-1,0.000517,0.000517,0.001035,0.001035,0.996379,0.000517
AAGCGGCGTCATGGGT-1,0.000368,0.000368,0.20734,0.250349,0.541207,0.000368
AAGCGTCCCTCATCGA-1,0.00032,0.00032,0.11857,0.425275,0.455195,0.00032
AAGCTAGATCGAGTAA-1,0.001069,0.001069,0.002141,0.289731,0.439486,0.266504
AAGCTCGTGCCAAGTC-1,0.001317,0.001316,0.002637,0.002637,0.990775,0.001318
AAGCTCTTTCATGGTG-1,0.001331,0.00133,0.002665,0.002665,0.646831,0.345178
AAGGAGAACTTATAAG-1,0.000285,0.000285,0.074349,0.467886,0.386191,0.071004
AAGGAGCGGTTGGTGC-1,0.000187,0.000187,0.022457,0.639759,0.316333,0.021077
AAGGATCGATCGCTTG-1,0.000167,0.000167,0.282153,0.304804,0.41254,0.000168
AAGGATGAGGGACCTC-1,0.000288,0.000287,0.000576,0.527158,0.379255,0.092436
AAGGCAGGCTGTCTCC-1,0.00108,0.001078,0.002159,0.274698,0.719906,0.00108
AAGGCGCGTAAAGCTT-1,0.000115,0.000115,0.000231,0.502327,0.497096,0.000115
AAGGCTGTGCTCATCG-1,0.000235,0.000235,0.000471,0.511172,0.476738,0.011149
AAGGGAACGACTGGCT-1,0.000157,0.000157,0.008756,0.525941,0.420457,0.044531
AAGGGACAGATTCTGT-1,0.000184,0.000184,0.099009,0.419002,0.474254,0.007367
AAGGGACTATGCATTC-1,0.000732,0.000731,0.001465,0.572902,0.423438,0.000732
AAGGTATCCTAATATA-1,0.000635,0.000635,0.192178,0.377831,0.428086,0.000636
AAGGTGATAAACCAGC-1,0.000424,0.000424,0.000849,0.35564,0.545645,0.097018
AAGTAGAAGACCGGGT-1,0.000356,0.000355,0.000712,0.070813,0.927409,0.000356
AAGTAGTGACGCGAGG-1,0.000629,0.000628,0.203987,0.412166,0.366831,0.015759
AAGTCAATTGTCGTCA-1,0.000763,0.000762,0.304551,0.001527,0.691633,0.000764
AAGTCTAGTAGCTGCC-1,0.000082,0.000082,0.096489,0.000163,0.897438,0.005747
AAGTCTTCTGTGGCCT-1,0.000185,0.000184,0.155385,0.574284,0.17946,0.090502
AAGTGACGACCGAATT-1,0.000026,0.000026,0.886553,0.03584,0.030771,0.046783
AAGTGAGTCGGGTTTA-1,0.00012,0.000119,0.120057,0.594888,0.284697,0.00012
AAGTGCAAAGGTAGAC-1,0.000184,0.000184,0.039058,0.631417,0.295432,0.033725
AAGTGCCTTGACTGTA-1,0.000436,0.000436,0.000873,0.293353,0.601854,0.103049
AAGTGCGTTAGAATCT-1,0.000189,0.000188,0.173607,0.362252,0.463575,0.000189
AAGTGCTTCTCTATTG-1,0.000574,0.000574,0.001149,0.450466,0.379015,0.168222
AAGTGTTTGGAGACGG-1,0.000409,0.000409,0.393843,0.000818,0.000409,0.604111
AAGTTCACTCCAAGCT-1,0.001762,0.001761,0.198587,0.003527,0.538552,0.255811
AAGTTCAGTCTGCGTA-1,0.00025,0.00025,0.034407,0.27794,0.686904,0.00025
AAGTTCGGCCAACAGG-1,0.00014,0.00014,0.380691,0.206847,0.412042,0.00014
AAGTTGTGATGTTATA-1,0.00118,0.00118,0.002363,0.002363,0.001182,0.991732
AAGTTTACTAATGGCA-1,0.000403,0.000403,0.000808,0.119163,0.878819,0.000404
AAGTTTATGGGCCCAA-1,0.000294,0.000293,0.114217,0.447748,0.437154,0.000294
AATAACAACGCTCGGC-1,0.000057,0.000057,0.656191,0.305789,0.014598,0.023308
AATAACACTAGAACAA-1,0.00017,0.00017,0.007861,0.313943,0.677684,0.000171
AATAACGTCGCGCCCA-1,0.002317,0.002315,0.004638,0.252687,0.484434,0.253608
AATAAGTCCTCGAGAC-1,0.000436,0.000436,0.000873,0.190469,0.768517,0.039269
AATAATCTTCGTATCG-1,0.00003,0.00003,0.000061,0.000061,0.942647,0.05717
AATACAATGTTTCAGG-1,0.000109,0.000109,0.09384,0.752266,0.153567,0.000109
AATACCGGAGGGCTGT-1,0.000423,0.000422,0.000846,0.439976,0.369216,0.189117
AATACCTGATGTGAAC-1,0.000875,0.000874,0.001752,0.033328,0.048216,0.914955
AATAGAACAGAGTGGC-1,0.000426,0.000425,0.051,0.435808,0.425456,0.086885
AATAGAATCTGTTTCA-1,0.000613,0.000613,0.114801,0.074822,0.709109,0.100042
AATAGCTACCGCGTGC-1,0.001148,0.001147,0.002298,0.13219,0.750992,0.112225
AATAGGCACGACCCTT-1,0.000887,0.000887,0.001776,0.001776,0.67558,0.319095
AATAGTCCGTCCCGAC-1,0.000298,0.000298,0.095104,0.712228,0.000298,0.191774
AATAGTCGCGAGTCGG-1,0.000217,0.000216,0.000433,0.591975,0.406942,0.000217
AATATCAAGGTCGGAT-1,0.000122,0.000122,0.207917,0.420807,0.370909,0.000122
AATATCCTAGCAAACT-1,0.000186,0.000186,0.093421,0.452675,0.367245,0.086287
AATATCGAATCAATGC-1,0.002234,0.002233,0.004472,0.004472,0.527614,0.458975
AATATCGAGGGTTCTC-1,0.000296,0.000296,0.000592,0.281885,0.716636,0.000296
AATATTGGAGTATTGA-1,0.000053,0.000053,0.753404,0.072416,0.112462,0.061613
AATCAGGTTTCATTTA-1,0.000187,0.000187,0.287346,0.610603,0.035002,0.066676
AATCATGTAAAGACTC-1,0.00084,0.000839,0.001681,0.001681,0.630255,0.364704
AATCCAAGGGCCTGAG-1,0.000353,0.000353,0.000708,0.43416,0.304865,0.259561
AATCCATGCAAGGGTG-1,0.000127,0.000127,0.001514,0.520396,0.459066,0.01877
AATCCCGCTCAGAGCC-1,0.000659,0.000658,0.001318,0.001318,0.695328,0.300719
AATCGAGGTCTCAAGG-1,0.001422,0.001421,0.002846,0.298016,0.380848,0.315447
AATCGCCTCAGCGCCA-1,0.001043,0.001042,0.002087,0.497478,0.159392,0.338957
AATCGCGCAGAGGACT-1,0.000294,0.000294,0.089635,0.174201,0.596863,0.138713
AATCGGGACACTACGA-1,0.000857,0.000856,0.351676,0.001715,0.350154,0.294741
AATCGGTATAGCCCTC-1,0.003679,0.003677,0.007368,0.007366,0.974225,0.003685
AATCGTGAGCCGAGCA-1,0.001455,0.001454,0.002912,0.002912,0.810228,0.181039
AATCTAGGTTTACTTG-1,0.000196,0.000196,0.250444,0.380547,0.334746,0.03387
AATCTATGCCGGAGCC-1,0.001762,0.001762,0.003528,0.003528,0.771057,0.218363
AATCTCTACTGTGGTT-1,0.000113,0.000113,0.207509,0.330822,0.000113,0.461331
AATCTGCGTTGGGACG-1,0.000304,0.000303,0.335688,0.092566,0.570835,0.000304
AATCTGGCTTTCTAGT-1,0.0002,0.000199,0.039344,0.516575,0.292315,0.151366
AATCTGGGTAGACCCT-1,0.000445,0.000445,0.434495,0.269686,0.258123,0.036807
AATGACAGCAATGTCT-1,0.000102,0.000102,0.205912,0.710085,0.008311,0.075489
AATGACGTAGGATGTC-1,0.000524,0.000523,0.001048,0.180175,0.000524,0.817206
AATGACTGTCAGCCGG-1,0.000171,0.000171,0.000343,0.270515,0.728628,0.000171
AATGAGTTCGCATATG-1,0.000152,0.000152,0.050283,0.54293,0.406332,0.000152
AATGATGATACGCTAT-1,0.000167,0.000167,0.144902,0.468182,0.187837,0.198746
AATGATGCGACTCCTG-1,0.000274,0.000274,0.15249,0.044795,0.801891,0.000275
AATGCAACCGGGTACC-1,0.000156,0.000156,0.103515,0.392632,0.503384,0.000157
AATGCACCAAGCAATG-1,0.000303,0.000303,0.000606,0.127677,0.870808,0.000303
AATGGTCCACCGTTCA-1,0.000126,0.000126,0.363421,0.285956,0.350246,0.000126
AATGGTTCTCACAAGC-1,0.00017,0.00017,0.00034,0.588831,0.410319,0.00017
AATGTATGGCACTGTA-1,0.000521,0.000521,0.194504,0.551016,0.142728,0.11071
AATGTGCCCGAGGTGT-1,0.000215,0.000214,0.064613,0.607846,0.326897,0.000215
AATGTGCTAATCTGAG-1,0.000117,0.000117,0.344385,0.453452,0.000117,0.201812
AATGTTAAGACCCTGA-1,0.000699,0.000698,0.001399,0.001399,0.255672,0.740133
AATGTTGTCGTGAGAC-1,0.001508,0.001506,0.003016,0.003017,0.989444,0.001509
AATTAAAGGTCGGCGT-1,0.000155,0.000154,0.176237,0.340055,0.447591,0.035808
AATTAACGGATTTCCA-1,0.001127,0.001126,0.002256,0.002256,0.57474,0.418494
AATTACGAGACCCATC-1,0.000616,0.000616,0.428812,0.260481,0.277474,0.032
AATTACTCGTACGCTC-1,0.000134,0.000134,0.025999,0.645874,0.050238,0.277622
AATTAGCGCTGCAGCG-1,0.000655,0.000655,0.050014,0.472203,0.382864,0.093609
AATTATACCCAGCAAG-1,0.000159,0.000159,0.035435,0.000318,0.000159,0.96377
AATTCATAAGGGATCT-1,0.000272,0.000272,0.104282,0.218052,0.604102,0.07302
AATTCATTGTCATGCA-1,0.000179,0.000179,0.158925,0.149332,0.687573,0.003812
AATTCCAAGCATGTAC-1,0.000044,0.000044,0.505246,0.494579,0.000044,0.000044
AATTCGATTCGAGGAT-1,0.001098,0.001097,0.002197,0.002197,0.818371,0.175041
AATTCTAGAGTTAGGC-1,0.00059,0.00059,0.566143,0.318047,0.114039,0.000591
AATTGAACGCTCTGGT-1,0.000851,0.00085,0.264025,0.082703,0.362478,0.289092
AATTGCAGCAATCGAC-1,0.002276,0.002274,0.004558,0.004553,0.65561,0.330729
AATTGCGTGGATTACA-1,0.000773,0.000772,0.053574,0.848127,0.095982,0.000773
AATTGTGGTTGCCAAA-1,0.004467,0.004465,0.008938,0.008941,0.65295,0.32024
AATTTGGGACATAGTA-1,0.000143,0.000142,0.330323,0.259721,0.353915,0.055757
AATTTGGTTCCAAAGA-1,0.000371,0.000371,0.084312,0.033338,0.427944,0.453664
ACAAACCATGCGTCCT-1,0.000155,0.000155,0.000311,0.529896,0.469328,0.000155
ACAAACCGACAAGGCG-1,0.000348,0.000348,0.000698,0.592384,0.38528,0.020942
ACAAACTCCATCAGAG-1,0.000623,0.000622,0.001246,0.001246,0.61532,0.380944
ACAAAGAAGGTAGGCC-1,0.000088,0.000088,0.287853,0.409059,0.094217,0.208696
ACAAAGCATGACCTAG-1,0.00092,0.000919,0.001841,0.217719,0.568647,0.209954
ACAAATCGCACCGAAT-1,0.000304,0.000304,0.231544,0.502316,0.000304,0.265229
ACAAATGGTAGTGTTT-1,0.001204,0.001202,0.132371,0.212025,0.651994,0.001204
ACAAATTCAGATCTGA-1,0.000542,0.000541,0.001084,0.444128,0.449713,0.103991
ACAACAGCATGAGCTA-1,0.00041,0.00041,0.000821,0.37421,0.425064,0.199085
ACAACGGTCCCTGCGA-1,0.000089,0.000089,0.045418,0.573301,0.381012,0.00009
ACAAGCAGTGCCTAGC-1,0.000059,0.000059,0.703955,0.116027,0.179841,0.000059
ACAAGCTATATGGAAG-1,0.000054,0.000054,0.305688,0.661383,0.000054,0.032766
ACAAGGAAATCCGCCC-1,0.000375,0.000374,0.318872,0.363421,0.21804,0.098918
ACAAGGACAAGAGGTT-1,0.000168,0.000168,0.091682,0.371538,0.493347,0.043097
ACAAGGATGCTTTAGG-1,0.000963,0.000962,0.001927,0.001927,0.844659,0.149563
ACAAGGGCAGGCTCTG-1,0.000935,0.000933,0.232792,0.001869,0.161956,0.601515
ACAAGTAATTGTAAGG-1,0.000978,0.000977,0.001957,0.315759,0.392503,0.287826
ACAATAGTCGTACGTT-1,0.000025,0.000025,0.881663,0.052582,0.015512,0.050194
ACAATCCATTTAAACC-1,0.000027,0.000027,0.846219,0.147942,0.000027,0.005758
ACAATGAATACGGAGA-1,0.000236,0.000235,0.003751,0.395469,0.600073,0.000236
ACAATGATTCTTCTAC-1,0.000985,0.000985,0.172363,0.387791,0.43689,0.000986
ACAATTGTGTCTCTTT-1,0.000158,0.000157,0.910778,0.088591,0.000158,0.000158
ACAATTTAGGAGGCTC-1,0.000166,0.000166,0.000798,0.72849,0.200343,0.070037
ACAATTTGAGCAGTGG-1,0.000695,0.000695,0.001392,0.456549,0.322756,0.217914
ACAATTTGGCCATATT-1,0.000023,0.000023,0.408986,0.199826,0.377633,0.01351
ACACAAAGACGGGTGG-1,0.000103,0.000102,0.324726,0.25541,0.260563,0.159096
ACACAAATATTCCTAG-1,0.000021,0.000021,0.19616,0.010974,0.777943,0.014881
ACACACCAGGACCAGT-1,0.001227,0.001226,0.002456,0.002455,0.737435,0.255202
ACACACTTTCTACACG-1,0.00053,0.00053,0.001061,0.001061,0.86447,0.132348
ACACATGATCAAATCT-1,0.000289,0.000289,0.027192,0.380024,0.591917,0.000289
ACACATTGACGCAACA-1,0.000307,0.000306,0.054308,0.175848,0.612844,0.156386
ACACATTTCCGTAGAC-1,0.000406,0.000406,0.000813,0.000813,0.066582,0.93098
ACACCACATAATTAGC-1,0.000934,0.000933,0.186743,0.001869,0.694841,0.11468
ACACCCAGCATGCAGC-1,0.000192,0.000192,0.000385,0.510138,0.464747,0.024345
ACACCCGAGAAATCCG-1,0.000147,0.000147,0.063327,0.310134,0.626098,0.000147
ACACCGAGCGCTCTTT-1,0.000294,0.000293,0.000588,0.614442,0.231898,0.152485
ACACCGGTCTGACCGC-1,0.000187,0.000187,0.128265,0.280469,0.501241,0.089651
ACACCTTAAGTAGGGC-1,0.000311,0.000311,0.000623,0.207099,0.791344,0.000312
ACACCTTACTACTTGC-1,0.000477,0.000477,0.075255,0.078803,0.754757,0.090231
ACACGAGACTCCTTCT-1,0.000507,0.000506,0.116458,0.495035,0.386987,0.000507
ACACGGCACTATGCAT-1,0.000993,0.000992,0.001988,0.001988,0.515695,0.478344
ACACGGGAACTTAGGG-1,0.000441,0.00044,0.000882,0.476063,0.521733,0.000441
ACACGTAGGCCACAAG-1,0.000228,0.000228,0.000456,0.000456,0.853846,0.144786
ACACTCCAATGTCACT-1,0.000218,0.000217,0.000436,0.347061,0.517396,0.134672
ACACTGATCAAGGTGT-1,0.000295,0.000295,0.067523,0.313676,0.617916,0.000295
ACACTGGGACAGTCGT-1,0.001017,0.001016,0.002036,0.002036,0.664254,0.329641
ACAGAACTGAGAACAA-1,0.000227,0.000227,0.090452,0.529197,0.379669,0.000228
ACAGATTAGGTTAGTG-1,0.000768,0.000767,0.122241,0.106235,0.635699,0.13429
ACAGCATAGAGCCAGT-1,0.000807,0.000807,0.001616,0.001616,0.172584,0.822571
ACAGCGACATTCTCAT-1,0.001455,0.001454,0.044283,0.160465,0.478648,0.313695
ACAGCGCACCCGCAGC-1,0.000281,0.00028,0.000562,0.000561,0.000281,0.998035
ACAGGCACGGATCCTT-1,0.002409,0.002404,0.004815,0.004815,0.901795,0.083762
ACAGGCTTGCCCGACT-1,0.000696,0.000695,0.12937,0.134633,0.651711,0.082897
ACAGGTGGAGGTGAGG-1,0.00039,0.00039,0.025049,0.292227,0.446291,0.235655
ACAGGTGTGTTGTTGC-1,0.000193,0.000193,0.07766,0.759914,0.057902,0.104137
ACAGTAATACAACTTG-1,0.000054,0.000054,0.497688,0.269819,0.126043,0.106341
ACAGTATACCGTGGGA-1,0.001422,0.001421,0.002846,0.249236,0.743652,0.001423
ACATAAGTCGTGGTGA-1,0.000046,0.000046,0.497065,0.487929,0.000046,0.014869
ACATAATAAGGCGGTG-1,0.000118,0.000118,0.433148,0.189413,0.367037,0.010166
ACATACAATCAAGCGG-1,0.001317,0.001316,0.002636,0.002636,0.269369,0.722726
ACATCAGCTGGGACGC-1,0.000129,0.000129,0.102257,0.524875,0.362605,0.010005
ACATCCCGGCCATACG-1,0.002781,0.002781,0.005568,0.005567,0.698807,0.284497
ACATCCTGGTAACTGT-1,0.000616,0.000616,0.001234,0.39138,0.605537,0.000617
ACATCGATCGTTTACC-1,0.000652,0.000651,0.240584,0.030857,0.485267,0.241989
ACATCGCAATATTCGG-1,0.000703,0.000702,0.001407,0.133163,0.367715,0.49631
ACATCGGTCAGCCGCG-1,0.000187,0.000187,0.409747,0.205789,0.383902,0.000187
ACATCGTATGCAATGG-1,0.001276,0.001277,0.002556,0.217402,0.583042,0.194448
ACATCGTTAACCTAGT-1,0.0009,0.000899,0.090729,0.001802,0.826016,0.079654
ACATCTCAACGCGTAA-1,0.000178,0.000178,0.000357,0.398531,0.600577,0.000178
ACATGGCGCCAAAGTA-1,0.000226,0.000226,0.081364,0.242048,0.505403,0.170733
ACATGGCTCAATTTAG-1,0.000386,0.000386,0.000773,0.485261,0.255317,0.257877
ACATTAGTTTATATCC-1,0.000732,0.000731,0.143019,0.450371,0.404414,0.000732
ACATTCGCGCGGAATA-1,0.000262,0.000262,0.000524,0.000524,0.078228,0.9202
ACATTTGAAACCTAAC-1,0.002779,0.002778,0.005566,0.005565,0.980528,0.002784
ACCAAACACCCAGCGA-1,0.000125,0.000125,0.208631,0.145103,0.645892,0.000125
ACCAAACTAGAAATCC-1,0.000179,0.000179,0.720406,0.222642,0.000179,0.056416
ACCAACACCACACACT-1,0.000699,0.000698,0.001399,0.383378,0.513055,0.100769
ACCAACCGCACTCCAC-1,0.00184,0.001839,0.003683,0.003684,0.455432,0.533523
ACCAACGCTTATTTAT-1,0.000511,0.00051,0.001022,0.250563,0.718968,0.028425
ACCAAGAACGCGTGTC-1,0.00048,0.000479,0.00096,0.052223,0.945379,0.00048
ACCAAGTCATCGGCAG-1,0.000727,0.000727,0.001456,0.193992,0.212151,0.590947
ACCAATATGCAAGTTA-1,0.002197,0.002193,0.004393,0.004394,0.696053,0.290769
ACCACAACTCAGAACA-1,0.001169,0.001168,0.104877,0.00234,0.565631,0.324814
ACCACAAGTTTCTATC-1,0.000271,0.000271,0.000542,0.566128,0.432517,0.000271
ACCACACGGTTGATGG-1,0.000472,0.000472,0.051431,0.658304,0.000558,0.288763
ACCACCAATGTAACAA-1,0.000236,0.000235,0.103218,0.410882,0.485193,0.000236
ACCACCCTCTCTTCTA-1,0.000267,0.000267,0.48757,0.127659,0.383969,0.000268
ACCACGTGCAGCTATA-1,0.000787,0.000786,0.001575,0.22751,0.000788,0.768554
ACCACTGTTCAAGAAG-1,0.000151,0.000151,0.000302,0.570226,0.429019,0.000151
ACCAGACCATAACAAC-1,0.0001,0.000099,0.136508,0.653028,0.097691,0.112574
ACCAGCCCGGTCTTTG-1,0.000289,0.000289,0.000578,0.528959,0.469246,0.000639
ACCAGGAGTGTGATCT-1,0.000335,0.000335,0.000672,0.8061,0.192222,0.000336
ACCAGTGCCCGGTCAA-1,0.000194,0.000194,0.014414,0.482337,0.429046,0.073815
ACCAGTGCGGGAGACG-1,0.001191,0.001191,0.002384,0.002385,0.991656,0.001193
ACCATATCCGCAATAA-1,0.000329,0.000329,0.131939,0.360726,0.506347,0.00033
ACCATCCGCCAACTAG-1,0.000024,0.000024,0.935744,0.000048,0.064134,0.000024
ACCATCGTATATGGTA-1,0.00017,0.00017,0.28724,0.419988,0.290566,0.001866
ACCATTAAGGGTGTCA-1,0.000384,0.000384,0.000768,0.558217,0.226903,0.213345
ACCCAACGCCCGTGGC-1,0.000636,0.000635,0.435774,0.134121,0.428198,0.000636
ACCCACCTACATGCTC-1,0.000141,0.000141,0.000283,0.78539,0.21016,0.003884
ACCCATCTTGAGGGTA-1,0.000638,0.000638,0.306916,0.001278,0.547161,0.143369
ACCCATTTGTCCCTCT-1,0.002359,0.002359,0.004722,0.25547,0.615722,0.119369
ACCCGAGCGAAATTAC-1,0.000173,0.000173,0.002445,0.527969,0.365373,0.103868
ACCCGATTGGTTCCGA-1,0.000363,0.000362,0.000726,0.581025,0.082927,0.334596
ACCCGGAAACTCCCAG-1,0.001667,0.001667,0.003339,0.194767,0.569996,0.228564
ACCCGGAGCACCACAA-1,0.000818,0.000817,0.001637,0.001637,0.783709,0.211382
ACCCGGATGACGCATC-1,0.000455,0.000455,0.000911,0.298723,0.699002,0.000455
ACCCGGTTACACTTCC-1,0.000876,0.000874,0.139758,0.470539,0.387077,0.000876
ACCCGTAGTCTAGTTG-1,0.000787,0.000787,0.001575,0.189347,0.000787,0.806717
ACCCGTGTCATCAGTA-1,0.000505,0.000504,0.00101,0.447266,0.326328,0.224387
ACCCTATAGGACTGAG-1,0.000079,0.000079,0.350153,0.464532,0.185078,0.000079
ACCCTATGCCATATCG-1,0.000256,0.000256,0.350562,0.460501,0.18817,0.000256
ACCCTCCCGTCAGGGC-1,0.002274,0.002273,0.004553,0.004552,0.456235,0.530113
ACCCTCCCTTGCTATT-1,0.00118,0.001179,0.043953,0.534808,0.176024,0.242855
ACCCTGGTAACGCCCT-1,0.001528,0.001525,0.003055,0.307438,0.684927,0.001527
ACCCTTCATCTGCGAA-1,0.000458,0.000458,0.000917,0.000917,0.568355,0.428894
ACCCTTGCCTGGGTCG-1,0.000131,0.000131,0.129622,0.000262,0.869722,0.000131
ACCCTTTAGTTCTCCA-1,0.000802,0.000801,0.114188,0.001606,0.592319,0.290283
ACCGAAAGGGCCCTGC-1,0.00012,0.00012,0.290345,0.358691,0.325858,0.024866
ACCGAAGAGTCTGGTT-1,0.000107,0.000107,0.060505,0.521882,0.351953,0.065446
ACCGACACATCTCCCA-1,0.000159,0.000159,0.813338,0.125519,0.000159,0.060665
ACCGACTGAGTCCCAC-1,0.000271,0.000271,0.44252,0.143133,0.305646,0.108158
ACCGAGTCTCCTTATT-1,0.001088,0.001087,0.002178,0.002177,0.001089,0.99238
ACCGATAGGCATAACC-1,0.00075,0.000749,0.0015,0.0015,0.994752,0.00075
ACCGATATTTAATCAT-1,0.000079,0.000079,0.076122,0.193573,0.529438,0.200709
ACCGATGGTAGCATCG-1,0.000115,0.000115,0.93166,0.06788,0.000115,0.000115
ACCGCAATAACTGCCT-1,0.001787,0.001786,0.003578,0.003578,0.626195,0.363076
ACCGCGGTGGAAGTCG-1,0.000213,0.000212,0.345113,0.019901,0.625639,0.008923
ACCGCTAGTCATTGGT-1,0.000737,0.000735,0.001474,0.001473,0.994844,0.000737
ACCGGGCCTTTGTTGA-1,0.001128,0.001127,0.002257,0.002257,0.992102,0.00113
ACCGGTCAGGTACACC-1,0.000134,0.000134,0.000269,0.545648,0.281048,0.172767
ACCGTGACCACGTGGG-1,0.000177,0.000177,0.109251,0.487774,0.402443,0.000177
ACCGTTCCCGCTCTGA-1,0.000215,0.000214,0.00043,0.00043,0.000215,0.998497
ACCTAAGTACCTTTCA-1,0.000194,0.000194,0.319412,0.361893,0.248039,0.070268
ACCTAATCGACTTCCT-1,0.000125,0.000125,0.420468,0.257339,0.321819,0.000125
ACCTACAGTATGTGGT-1,0.000264,0.000264,0.635718,0.146741,0.07198,0.145033
ACCTACTATAAATCTA-1,0.000602,0.000601,0.0577,0.269444,0.671051,0.000602
ACCTCAGCGAGGCGCA-1,0.003128,0.003125,0.111923,0.00626,0.00313,0.872435
ACCTCCGCCCTCGCTG-1,0.002159,0.002156,0.137521,0.249831,0.606173,0.00216
ACCTCCGTTATTCACC-1,0.000201,0.000201,0.055929,0.175399,0.529353,0.238916
ACCTCGAACTTATGCT-1,0.000144,0.000144,0.165599,0.431469,0.291538,0.111106
ACCTGCGTGTCATGTT-1,0.000129,0.000129,0.394069,0.304337,0.265176,0.03616
ACGAAATGGGCGGCAC-1,0.000052,0.000052,0.79232,0.060383,0.147141,0.000052
ACGACCCATGAGTTGC-1,0.00338,0.003379,0.006772,0.00677,0.976314,0.003385
ACGACTCTAGGGCCGA-1,0.000269,0.000269,0.037862,0.525756,0.024695,0.411149
ACGACTGGTCATACTC-1,0.000113,0.000113,0.006681,0.582849,0.410131,0.000113
ACGAGAACCCATCACG-1,0.000198,0.000198,0.000396,0.212492,0.786519,0.000198
ACGAGATATTTGCTTA-1,0.000295,0.000295,0.121233,0.000591,0.000295,0.877291
ACGAGGATACCACTCT-1,0.000058,0.000058,0.41787,0.551802,0.000058,0.030154
ACGAGGTTTACAACGT-1,0.000141,0.000141,0.278855,0.227651,0.464589,0.028623
ACGAGTACGGATGCCC-1,0.000391,0.000391,0.442291,0.054286,0.44402,0.058622
ACGATACATAGAACTA-1,0.000188,0.000188,0.574815,0.055421,0.321433,0.047954
ACGATACCTATCCTGA-1,0.000163,0.000163,0.054752,0.608844,0.000163,0.335915
ACGATCATACATAGAG-1,0.000296,0.000296,0.000593,0.55164,0.446877,0.000297
ACGATCATCTTGTAAA-1,0.000845,0.000845,0.001692,0.224081,0.616501,0.156035
ACGATGCATATGTTAT-1,0.000247,0.000247,0.073613,0.293775,0.631872,0.000247
ACGATGGATCCGATGC-1,0.000834,0.000834,0.079652,0.00167,0.916176,0.000835
ACGCAAACTAATAGAT-1,0.000101,0.000101,0.085352,0.529675,0.32783,0.056941
ACGCAATCACTACAGC-1,0.00118,0.00118,0.002362,0.147176,0.846921,0.001181
ACGCATACGTTTACTA-1,0.001625,0.001623,0.003253,0.108272,0.319556,0.565671
ACGCATTCGTGAGTAC-1,0.000439,0.000439,0.000879,0.438074,0.470283,0.089887
ACGCCACTCGAAACAG-1,0.000436,0.000436,0.000873,0.000873,0.167571,0.829812
ACGCCAGATGATTTCT-1,0.001303,0.001302,0.002608,0.231302,0.762181,0.001304
ACGCCAGTGCGTTTGC-1,0.002158,0.002155,0.004315,0.004317,0.656609,0.330446
ACGCCCAGCTGTCGAT-1,0.000469,0.000468,0.092919,0.378237,0.527439,0.000469
ACGCCGCTAGACGACC-1,0.001738,0.001737,0.003479,0.003479,0.812827,0.17674
ACGCGAAGTCAGACGA-1,0.000741,0.00074,0.339,0.288437,0.180162,0.190921
ACGCGCTACACAGGGT-1,0.00001,0.00001,0.994564,0.005396,0.000011,0.00001
ACGCGGGCCAAGGACA-1,0.00046,0.00046,0.000921,0.283601,0.714098,0.00046
ACGCGTTTCTTAAGAG-1,0.000213,0.000213,0.000427,0.755043,0.09879,0.145314
ACGCTAGTGATACACT-1,0.000379,0.000379,0.066542,0.297765,0.634555,0.000379
ACGCTGTGAGGCGTAG-1,0.000063,0.000063,0.634654,0.337808,0.000063,0.027351
ACGCTTAGTGTCTCTC-1,0.000442,0.000442,0.000885,0.481997,0.360218,0.156017
ACGGAACACGAGTGCC-1,0.001625,0.001623,0.003253,0.003252,0.160097,0.83015
ACGGAATTTAGCAAAT-1,0.000095,0.000095,0.197246,0.428265,0.352749,0.02155
ACGGACTCTCAAAGCG-1,0.000596,0.000595,0.173014,0.638298,0.000596,0.186901
ACGGAGCGCAAATTAC-1,0.000626,0.000625,0.001252,0.024107,0.765935,0.207454
ACGGATGGTGCGGATA-1,0.001455,0.001454,0.002912,0.002912,0.388599,0.602669
ACGGCACTTGCTTGGG-1,0.001158,0.001158,0.002319,0.152115,0.52916,0.314091
ACGGCCAACATGGACT-1,0.000845,0.000845,0.001692,0.279494,0.716278,0.000846
ACGGCGACGATGGGAA-1,0.000532,0.000532,0.001066,0.197977,0.254561,0.545332
ACGGCTGGATGTAGAA-1,0.00014,0.00014,0.057994,0.487274,0.264399,0.190053
ACGGGAGTGTCGGCCC-1,0.000119,0.000119,0.384906,0.265456,0.290688,0.058712
ACGGGCGTATGCGACA-1,0.002018,0.002016,0.004038,0.004039,0.985869,0.00202
ACGGGTCATGTGACTT-1,0.000211,0.000211,0.000423,0.694202,0.304741,0.000212
ACGGTACAGTTCAATG-1,0.0009,0.0009,0.001802,0.344145,0.354486,0.297767
ACGGTCACCGAGAACA-1,0.000463,0.000463,0.048645,0.288687,0.312192,0.349549
ACGTACAGATTTCTCT-1,0.001251,0.00125,0.002505,0.002505,0.432461,0.560028
ACGTACTTTGGCACGG-1,0.000782,0.000781,0.149363,0.156524,0.452502,0.240048
ACGTAGATTGCTGATG-1,0.000941,0.00094,0.001883,0.228937,0.766357,0.000941
ACGTAGGAGAGTCGCT-1,0.000845,0.000845,0.001692,0.001692,0.284,0.710925
ACGTATTACTCCGATC-1,0.000551,0.000551,0.001104,0.347165,0.650077,0.000552
ACGTCTCGTTCCGGGA-1,0.000195,0.000195,0.18714,0.048793,0.638087,0.12559
ACGTGACAAAGTAAGT-1,0.00006,0.00006,0.133578,0.676225,0.00006,0.190017
ACGTGCGCCTCGTGCA-1,0.001987,0.001984,0.003975,0.003976,0.779001,0.209078
ACGTGGTCGAATGTGC-1,0.00038,0.00038,0.437692,0.13246,0.428707,0.000381
ACGTTAATGTCGAAGA-1,0.001118,0.001116,0.002236,0.002236,0.751215,0.242078
ACGTTAGATTTGCCCG-1,0.000151,0.000151,0.134252,0.493034,0.37226,0.000151
ACGTTATTGGTCACTC-1,0.000114,0.000114,0.330308,0.405982,0.263367,0.000114
ACGTTCACTATGCCGC-1,0.000622,0.000622,0.109003,0.096124,0.726514,0.067114
ACGTTCCGCGCTCCGT-1,0.000222,0.000222,0.064728,0.401177,0.533429,0.000222
ACGTTCGCAATCAATT-1,0.000064,0.000064,0.514411,0.370429,0.000064,0.114967
ACGTTCGTTCAGGAAA-1,0.000109,0.000109,0.000218,0.587846,0.398322,0.013396
ACGTTCTGTACAAGTC-1,0.001238,0.001238,0.002479,0.102011,0.433145,0.459889
ACGTTGTCGTTGAAAG-1,0.000736,0.000735,0.001473,0.001473,0.812049,0.183534
ACGTTTAGTTGTGATC-1,0.001455,0.001454,0.002912,0.002912,0.964618,0.026649
ACTAAGGACGCACACC-1,0.00028,0.00028,0.2031,0.333984,0.462074,0.000281
ACTAATACGTCAGGCG-1,0.000367,0.000367,0.045024,0.199291,0.754584,0.000367
ACTACAAAGAGAGGTG-1,0.000574,0.000573,0.001149,0.001149,0.880232,0.116323
ACTACATCCCGACAAG-1,0.000109,0.000109,0.11254,0.539508,0.179914,0.16782
ACTACCAGCTCTCTGG-1,0.000343,0.000343,0.559382,0.126792,0.312798,0.000343
ACTACCATCCGAGGGC-1,0.000754,0.000753,0.001509,0.001509,0.448369,0.547107
ACTACGCGTTAGAATT-1,0.000241,0.000241,0.151008,0.199403,0.452101,0.197005
ACTAGTTGCGATCGTC-1,0.000273,0.000273,0.204523,0.000547,0.652036,0.142349
ACTATATGCTGTGTTC-1,0.000378,0.000378,0.049571,0.076347,0.872948,0.000378
ACTATCCAGGGCATGG-1,0.000511,0.00051,0.001022,0.131533,0.759929,0.106496
ACTATCGCCGGCTAAA-1,0.000203,0.000202,0.000405,0.448909,0.550079,0.000203
ACTATCTGCCCGCGTA-1,0.003909,0.003907,0.28605,0.007827,0.694393,0.003915
ACTATGTCCAGCTGCC-1,0.000137,0.000137,0.047173,0.400726,0.380138,0.171689
ACTATTCGTCCGTGGT-1,0.000684,0.000683,0.200938,0.001369,0.795643,0.000684
ACTATTTCCGGGCCCA-1,0.000102,0.000102,0.549271,0.277277,0.079885,0.093363
ACTCAACGAATGTATT-1,0.000193,0.000193,0.000387,0.355586,0.598107,0.045534
ACTCAAGTGCAAGGCT-1,0.001061,0.001059,0.002122,0.399573,0.300013,0.296171
ACTCAATAAAGGCACG-1,0.000211,0.000211,0.087166,0.392812,0.433714,0.085886
ACTCAGACCTGCTTCT-1,0.000304,0.000303,0.000608,0.56936,0.371419,0.058007
ACTCATGGCAGCCTTC-1,0.000366,0.000366,0.000732,0.327486,0.583417,0.087634
ACTCCAATATCATCAT-1,0.000528,0.000528,0.067228,0.498752,0.432437,0.000528
ACTCCCATTCCTAAAG-1,0.00011,0.00011,0.504067,0.191068,0.201878,0.102767
ACTCCCGAATTCGTTT-1,0.000535,0.000534,0.129493,0.00107,0.867833,0.000535
ACTCCCGTAGACTAGG-1,0.000099,0.000099,0.000199,0.000199,0.999305,0.000099
ACTCCCTAATGCTAAA-1,0.001098,0.001097,0.002197,0.002197,0.628834,0.364577
ACTCCCTAGAATAGTA-1,0.001052,0.001051,0.002105,0.229606,0.488236,0.277951
ACTCCGGCCGACCACT-1,0.000834,0.000834,0.26481,0.110975,0.364025,0.258522
ACTCGATGTATTTCAT-1,0.000189,0.000189,0.003904,0.721652,0.163481,0.110585
ACTCGCCGTTCGATAA-1,0.000782,0.000781,0.001565,0.001565,0.194183,0.801123
ACTCGCGATCTGACGC-1,0.000028,0.000028,0.027492,0.024356,0.631928,0.316168
ACTCGTAACCCGTCCT-1,0.000135,0.000135,0.107653,0.770722,0.042504,0.078851
ACTCGTCAGTAATCCC-1,0.002018,0.002016,0.00404,0.219748,0.770158,0.00202
ACTCTAAACCTGGGAT-1,0.000149,0.000149,0.028966,0.618942,0.182535,0.16926
ACTCTCTGACTTAGGT-1,0.000365,0.000365,0.389867,0.513185,0.095854,0.000365
ACTCTCTTATACACGA-1,0.001148,0.001147,0.002297,0.176587,0.692083,0.126738
ACTCTGACCTAATAGA-1,0.001052,0.001051,0.002104,0.298663,0.542387,0.154743
ACTCTTCAGCTCCCGC-1,0.000036,0.000035,0.000071,0.000071,0.807786,0.192001
ACTCTTGTATAGTAAC-1,0.00092,0.000919,0.492163,0.002461,0.502616,0.000921
ACTGAAACGCCGTTAG-1,0.000673,0.000672,0.001346,0.30576,0.590191,0.101358
ACTGAATGGCGAAAGT-1,0.001317,0.001316,0.002636,0.141382,0.661338,0.19201
ACTGATTTAGTGATTC-1,0.000325,0.000325,0.112155,0.217824,0.669046,0.000325
ACTGCCCGCCATTCTC-1,0.000142,0.000141,0.288016,0.643042,0.000142,0.068518
ACTGCCGTCGTAACTC-1,0.001896,0.001895,0.003798,0.003795,0.757133,0.231483
ACTGCGGACACACCGT-1,0.000619,0.000619,0.097574,0.00124,0.899328,0.00062
ACTGCTCGGAAGGATG-1,0.00016,0.00016,0.005914,0.495098,0.498509,0.00016
ACTGGCGAACCTGCGT-1,0.000383,0.000382,0.000766,0.468939,0.529147,0.000383
ACTGGGATGCCAGTGC-1,0.000617,0.000616,0.001234,0.087994,0.750229,0.15931
ACTGTACGATACACAT-1,0.001097,0.001097,0.002197,0.439186,0.492617,0.063806
ACTGTAGCACTTTGGA-1,0.000287,0.000287,0.109509,0.237437,0.652193,0.000287
ACTGTATACGCGAGCA-1,0.00014,0.00014,0.085462,0.559074,0.292378,0.062806
ACTGTCCAGGATTATA-1,0.000432,0.000431,0.078121,0.178268,0.742317,0.000432
ACTGTCTTCTTTAGAA-1,0.00043,0.00043,0.178257,0.154156,0.666297,0.00043
ACTGTGCTAGTAGATC-1,0.000191,0.00019,0.130401,0.627834,0.143804,0.097581
ACTGTTTAGTGTAGGC-1,0.000858,0.000856,0.001715,0.746456,0.249255,0.00086
ACTTACCGGGCGCGCA-1,0.000417,0.000417,0.000835,0.278159,0.719755,0.000417
ACTTACGCATCCACGC-1,0.00212,0.002119,0.004245,0.274475,0.714919,0.002122
ACTTAGTACGACAAGA-1,0.000094,0.000094,0.506462,0.486993,0.000094,0.006264
ACTTATACTTACCCGG-1,0.001764,0.001761,0.003527,0.003527,0.987657,0.001765
ACTTATTAGGATCGGT-1,0.001138,0.001137,0.219458,0.002277,0.774852,0.001139
ACTTATTTATGTGCCA-1,0.001169,0.001168,0.002341,0.002341,0.858764,0.134216
ACTTCAGGCTGATCCC-1,0.00036,0.000359,0.370559,0.158004,0.00036,0.470358
ACTTCCAGTGGAAGCT-1,0.000234,0.000234,0.030792,0.530131,0.290105,0.148505
ACTTCCATGCGGGACA-1,0.001117,0.001116,0.002236,0.002236,0.797665,0.195629
ACTTCGCCATACGCAC-1,0.000303,0.000303,0.416093,0.2012,0.362311,0.01979
ACTTCGCTAGCGAGTG-1,0.000022,0.000022,0.569512,0.001281,0.275811,0.153353
ACTTGACTCCCTCTTT-1,0.001564,0.001563,0.003131,0.003131,0.635459,0.355152
ACTTGCCATATTGTAC-1,0.000154,0.000153,0.399912,0.445857,0.114841,0.039083
ACTTGGGACCCGGTGG-1,0.000099,0.000099,0.673647,0.184621,0.124028,0.017507
ACTTGGGCTTTCGCCA-1,0.000993,0.000992,0.164172,0.223727,0.000994,0.609122
ACTTGTAGTCCCTTCA-1,0.000066,0.000066,0.644089,0.102279,0.232992,0.020508
ACTTGTGGATGGAACG-1,0.000863,0.000862,0.102251,0.537177,0.279103,0.079744
ACTTGTTACCGGATCA-1,0.00129,0.001289,0.00258,0.002581,0.687585,0.304674
