Barcode,Topic 1to4,Topic 5,Topic 6to8
AAACAACGAATAGTTC-1,0.27711,0.000078,0.722812
AAACAAGTATCTCCCA-1,0.995184,0.001204,0.003612
AAACAATCTACTAGCA-1,0.966492,0.015771,0.017738
AAACACCAATAACTGC-1,0.669021,0.109762,0.221217
AAACAGCTTTCAGAAG-1,0.749951,0.062507,0.187542
AAACAGGGTCTATATT-1,0.528168,0.012532,0.4593
AAACATTTCCCGGATT-1,0.466483,0.042233,0.491284
AAACCACTACACAGAT-1,0.995405,0.001149,0.003447
AAACCCGAACGAAATC-1,0.995607,0.001098,0.003295
AAACCGGAAATGTTAA-1,0.741733,0.000556,0.25771
AAACCGGGTAGGTACC-1,0.041837,0.000394,0.95777
AAACCGTTCGTCCAGG-1,0.771093,0.000478,0.228429
AAACCTAAGCAGCCGG-1,0.999685,0.000079,0.000236
AAACCTCATGAAGTTG-1,0.831414,0.00005,0.168536
AAACGAAGAACATACC-1,0.965472,0.012661,0.021867
AAACGAAGATGGAGTA-1,0.949916,0.012527,0.037558
AAACGACAGTCTTGCC-1,0.760994,0.000515,0.238491
AAACGAGACGGTTGAT-1,0.997626,0.000593,0.00178
AAACGCTGGGCACGAC-1,0.999813,0.000047,0.00014
AAACGGGCGTACGGGT-1,0.999463,0.000134,0.000403
AAACGGGTTGGTATCC-1,0.757487,0.03649,0.206023
AAACGTGTTCGCCCTA-1,0.99489,0.001278,0.003833
AAACTCGGTTCGCAAT-1,0.711477,0.198659,0.089864
AAACTCGTGATATAAG-1,0.811547,0.000914,0.187539
AAACTGCTGGCTCCAA-1,0.563482,0.050157,0.386362
AAACTTGCAAACGTAT-1,0.482895,0.001252,0.515853
AAAGAATGTGGACTAA-1,0.517508,0.039547,0.442945
AAAGACCCAAGTCGCG-1,0.281889,0.0002,0.717911
AAAGACTGGGCGCTTT-1,0.703956,0.00003,0.296014
AAAGCTTGCCTACATA-1,0.88694,0.000068,0.112992
AAAGGCTACGGACCAT-1,0.610443,0.105973,0.283583
AAAGGCTCTCGCGCCG-1,0.593704,0.052973,0.353323
AAAGGGATGTAGCAAG-1,0.571721,0.004462,0.423817
AAAGGGCAGCTTGAAT-1,0.899056,0.000104,0.100839
AAAGTAGCATTGCTCA-1,0.90924,0.01125,0.07951
AAAGTCACTGATGTAA-1,0.779426,0.077558,0.143016
AAAGTCGACCCTCAGT-1,0.598329,0.000033,0.401638
AAAGTGCCATCAATTA-1,0.138134,0.010448,0.851418
AAAGTGTGATTTATCT-1,0.994107,0.001473,0.004419
AAAGTTGACTCCCGTA-1,0.994729,0.001318,0.003953
AAATAAGGTAGTGCCC-1,0.997121,0.00072,0.002159
AAATACCTATAAGCAT-1,0.610405,0.043276,0.34632
AAATAGCTTAGACTTT-1,0.998668,0.000333,0.000999
AAATAGGGTGCTATTG-1,0.997713,0.000572,0.001715
AAATCCGATACACGCC-1,0.099566,0.02147,0.878964
AAATCGCGGAAGGAGT-1,0.205255,0.000028,0.794716
AAATCTAGCCCTGCTA-1,0.994941,0.001265,0.003794
AAATGATTCGATCAGC-1,0.993409,0.001647,0.004943
AAATGCTCGTTACGTT-1,0.085806,0.000362,0.913833
AAATGGCATGTCTTGT-1,0.924353,0.04183,0.033817
AAATGGCCCGTGCCCT-1,0.998754,0.000311,0.000934
AAATGGTCAATGTGCC-1,0.384771,0.032673,0.582557
AAATGTATCTTATCCC-1,0.242461,0.017773,0.739766
AAATGTGGGTGCTCCT-1,0.999521,0.00012,0.000359
AAATTAACGGGTAGCT-1,0.753756,0.019274,0.22697
AAATTAATAAGCGCGA-1,0.538287,0.000162,0.461551
AAATTACCTATCGATG-1,0.847901,0.101262,0.050837
AAATTCCAGGTCCAAA-1,0.998178,0.000455,0.001366
AAATTGATAGTCCTTT-1,0.999062,0.000234,0.000703
AAATTGCGGCGGTTCT-1,0.822461,0.000526,0.177013
AAATTGGTGAGAAGCA-1,0.864428,0.131254,0.004318
AAATTTGCGGGTGTGG-1,0.999684,0.000065,0.000251
AACAACTGGTAGTTGC-1,0.713542,0.132349,0.154109
AACAATTACTCTACGC-1,0.888919,0.030414,0.080667
AACACACGCTCGCCGC-1,0.335939,0.00043,0.66363
AACACGACTGTACTGA-1,0.932146,0.001305,0.066549
AACACGAGACGCGGCC-1,0.805742,0.093272,0.100986
AACACGCGGCCGCGAA-1,0.781934,0.000069,0.217997
AACAGCTGTGTGGCAA-1,0.991511,0.002122,0.006367
AACAGGAAATCGAATA-1,0.891478,0.024948,0.083574
AACAGGATGGGCCGCG-1,0.999716,0.000071,0.000213
AACAGGTAGTATGGAT-1,0.995961,0.00101,0.003029
AACATATCAACTGGTG-1,0.994556,0.001361,0.004083
AACATCGATACGTCTA-1,0.614842,0.000326,0.384832
AACATTGGTCAGCCGT-1,0.853502,0.000818,0.14568
AACCAAGACTTCTCTG-1,0.937445,0.000051,0.062504
AACCATGGGATCGCTA-1,0.818691,0.000864,0.180445
AACCCAGAGACGGAGA-1,0.271157,0.005891,0.722952
AACCCATCCCATGATC-1,0.949935,0.012518,0.037547
AACCCGAGCAGAATCG-1,0.927201,0.000803,0.071996
AACCCTACTGTCAATA-1,0.387174,0.004013,0.608813
AACCCTGGTGGAACCA-1,0.440635,0.021453,0.537912
AACCGAGCTTGGTCAT-1,0.210785,0.020002,0.769212
AACCGCTAAGGGATGC-1,0.995756,0.001061,0.003183
AACCGTTGTGTTTGCT-1,0.968349,0.000066,0.031585
AACCTCGCTTTAGCCC-1,0.811897,0.185426,0.002677
AACCTGTCACGGAATT-1,0.448492,0.298447,0.253061
AACCTTTAAATACGGT-1,0.653836,0.25589,0.090274
AACGAAAGTCGTCCCA-1,0.756719,0.000266,0.243015
AACGACCTCCTAGCCG-1,0.999515,0.000121,0.000364
AACGATAATGCCGTAG-1,0.813539,0.000894,0.185567
AACGATAGAAGGGCCG-1,0.99747,0.000632,0.001897
AACGCATGATCTGGGT-1,0.992295,0.001926,0.005779
AACGCGAACGGCAACA-1,0.944834,0.000623,0.054542
AACGCGGTCTCCAGCC-1,0.043449,0.005055,0.951496
AACGCTGTTGCTGAAA-1,0.512107,0.463814,0.024079
AACGGACGTACGTATA-1,0.319991,0.000256,0.679753
AACGGCCATCTCCGGT-1,0.99243,0.006152,0.001418
AACGTACTGTGGGTAC-1,0.986461,0.003384,0.010155
AACGTAGTCTACCCAT-1,0.680929,0.000131,0.318939
AACGTCAGACTAGTGG-1,0.919661,0.000082,0.080256
AACGTCGCTGCACTTC-1,0.917175,0.017757,0.065067
AACGTGCGAAAGTCTC-1,0.692908,0.000053,0.30704
AACGTTATCAGCACCT-1,0.222022,0.004878,0.7731
AACGTTCTACCATTGT-1,0.672803,0.000293,0.326904
AACTACCCGTTTGTCA-1,0.998043,0.000489,0.001467
AACTAGCGTATCGCAC-1,0.966842,0.03296,0.000198
AACTAGGCTTGGGTGT-1,0.636761,0.026039,0.3372
AACTCAAGTTAATTGC-1,0.99959,0.000103,0.000308
AACTCCAGAGCGTGTT-1,0.997233,0.000692,0.002075
AACTCGATAAACACGT-1,0.955109,0.000035,0.044856
AACTCGATGGCGCAGT-1,0.660549,0.000663,0.338788
AACTCTCAATAGAGCG-1,0.999539,0.000115,0.000346
AACTCTCAGTGTGCTC-1,0.710946,0.000611,0.288443
AACTGAGTTATACTGA-1,0.594724,0.000079,0.405196
AACTGATATTAGGCCT-1,0.891563,0.001577,0.10686
AACTGGGTCCCGACGT-1,0.662539,0.006116,0.331344
AACTGGTGTGGGCCTT-1,0.96353,0.000061,0.036409
AACTTCTGCGTCTATC-1,0.970895,0.000052,0.029053
AACTTGCCCGTATGCA-1,0.845501,0.099559,0.05494
AACTTGCGTTCTCGCG-1,0.990892,0.002276,0.006831
AACTTTACGGGAGCTT-1,0.903065,0.00032,0.096614
AACTTTAGCTGCTGAG-1,0.999537,0.000116,0.000347
AACTTTCTCGATCATG-1,0.900605,0.000113,0.099282
AAGAAGGATCAGTTAG-1,0.770322,0.00576,0.223918
AAGACATACGTGGTTT-1,0.541165,0.0002,0.458635
AAGACCCAACTGAACA-1,0.81017,0.061611,0.128219
AAGACTAACCCGTTGT-1,0.932163,0.000213,0.067624
AAGAGATGAATCGGTA-1,0.999718,0.000071,0.000212
AAGAGCTCTTTATCGG-1,0.995567,0.001108,0.003325
AAGAGGATGTACGCGA-1,0.983172,0.000076,0.016752
AAGAGGCATGGATCGC-1,0.817394,0.181091,0.001515
AAGAGGCCCTTTGGAA-1,0.99685,0.000787,0.002363
AAGATTGGCGGAACGT-1,0.908767,0.000074,0.091158
AAGCACCCTGCGTATC-1,0.653249,0.000029,0.346722
AAGCATACTCTCCTGA-1,0.941448,0.025556,0.032995
AAGCCGAAGCGGTTTA-1,0.654864,0.107319,0.237817
AAGCCGCTTTACCTTG-1,0.723254,0.00014,0.276606
AAGCCGGAGAGCAGGA-1,0.640346,0.025318,0.334336
AAGCGTCCCTCATCGA-1,0.903825,0.000507,0.095668
AAGCTAGATCGAGTAA-1,0.395984,0.029509,0.574508
AAGCTCGTGCCAAGTC-1,0.993322,0.00167,0.005008
AAGCTCTTTCATGGTG-1,0.997218,0.000696,0.002087
AAGGAGAACTTATAAG-1,0.910485,0.000054,0.089461
AAGGAGCGGTTGGTGC-1,0.999142,0.000214,0.000643
AAGGATCGATCGCTTG-1,0.99314,0.001716,0.005144
AAGGATGAGGGACCTC-1,0.999417,0.000146,0.000437
AAGGCAGGCTGTCTCC-1,0.502109,0.143599,0.354293
AAGGCGCGTAAAGCTT-1,0.822814,0.000055,0.177131
AAGGCTGTGCTCATCG-1,0.25007,0.000029,0.7499
AAGGGACAGATTCTGT-1,0.99773,0.000088,0.002182
AAGGGACTATGCATTC-1,0.55157,0.013916,0.434515
AAGGGTTAGCCATGCG-1,0.250901,0.000084,0.749016
AAGGGTTTGATTTCAG-1,0.61983,0.342605,0.037565
AAGGTGATAAACCAGC-1,0.110554,0.000209,0.889237
AAGTAAGCTTCCAAAC-1,0.828161,0.000183,0.171656
AAGTAGAAGACCGGGT-1,0.692209,0.006039,0.301751
AAGTAGTGACGCGAGG-1,0.99966,0.000085,0.000255
AAGTCAATTGTCGTCA-1,0.993659,0.001585,0.004756
AAGTCTAGTAGCTGCC-1,0.857956,0.000113,0.141931
AAGTCTTCTGTGGCCT-1,0.5352,0.040644,0.424156
AAGTGACGACCGAATT-1,0.781895,0.029051,0.189054
AAGTGCAAAGGTAGAC-1,0.715971,0.00006,0.283969
AAGTGCCTTGACTGTA-1,0.997263,0.000684,0.002053
AAGTGCGTTAGAATCT-1,0.868885,0.009356,0.121759
AAGTGTTTGGAGACGG-1,0.816776,0.000287,0.182937
AAGTTCACTCCAAGCT-1,0.998012,0.000497,0.001491
AAGTTCAGTCTGCGTA-1,0.780057,0.002019,0.217924
AAGTTCGGCCAACAGG-1,0.887765,0.053802,0.058433
AAGTTGTGATGTTATA-1,0.320272,0.00233,0.677397
AAGTTTACTAATGGCA-1,0.999807,0.000048,0.000145
AAGTTTATGGGCCCAA-1,0.696483,0.243977,0.05954
AATAACAACGCTCGGC-1,0.760999,0.00004,0.238961
AATAACACTAGAACAA-1,0.987161,0.00321,0.009629
AATAACGTCGCGCCCA-1,0.836961,0.041512,0.121528
AATAAGTCCTCGAGAC-1,0.608794,0.130479,0.260727
AATAATCTTCGTATCG-1,0.992259,0.00108,0.006662
AATACAATGTTTCAGG-1,0.59387,0.000572,0.405558
AATACCTGATGTGAAC-1,0.727724,0.178968,0.093308
AATAGAATCTGTTTCA-1,0.359201,0.107513,0.533286
AATAGCTACCGCGTGC-1,0.993891,0.001527,0.004581
AATAGTCCGTCCCGAC-1,0.908654,0.000041,0.091306
AATAGTCGCGAGTCGG-1,0.702614,0.008232,0.289155
AATATCAAGGTCGGAT-1,0.996262,0.000935,0.002803
AATATCCTAGCAAACT-1,0.494603,0.061943,0.443454
AATATCGAATCAATGC-1,0.825315,0.001052,0.173633
AATATCGAGGGTTCTC-1,0.993231,0.001692,0.005077
AATATTGGAGTATTGA-1,0.549662,0.080871,0.369467
AATCAGACTGCAGGAC-1,0.632546,0.000677,0.366778
AATCATGTAAAGACTC-1,0.670991,0.00062,0.328389
AATCCAAGGGCCTGAG-1,0.999209,0.000198,0.000593
AATCCATGCAAGGGTG-1,0.72988,0.00045,0.269669
AATCGCCTCAGCGCCA-1,0.000484,0.000121,0.999395
AATCGCGCAGAGGACT-1,0.995137,0.001216,0.003647
AATCGGGACACTACGA-1,0.757401,0.004477,0.238122
AATCGGTATAGCCCTC-1,0.999308,0.000173,0.000519
AATCGTGAGCCGAGCA-1,0.562111,0.0042,0.433689
AATCTAGGTTTACTTG-1,0.997833,0.000542,0.001626
AATCTATGCCGGAGCC-1,0.871509,0.002455,0.126035
AATCTCTACTGTGGTT-1,0.250245,0.062617,0.687137
AATCTGCGTTGGGACG-1,0.999688,0.000078,0.000234
AATCTGGCTTTCTAGT-1,0.995791,0.001052,0.003157
AATGACAGCAATGTCT-1,0.942587,0.057195,0.000219
AATGACGTAGGATGTC-1,0.997592,0.000602,0.001806
AATGACTGTCAGCCGG-1,0.242103,0.000082,0.757815
AATGAGTTCGCATATG-1,0.866444,0.002609,0.130947
AATGATGATACGCTAT-1,0.980536,0.016365,0.003099
AATGATGCGACTCCTG-1,0.181272,0.001534,0.817194
AATGCAACCGGGTACC-1,0.999311,0.000172,0.000517
AATGCACCAAGCAATG-1,0.99018,0.002455,0.007365
AATGGCCGCCAATGCG-1,0.851254,0.001626,0.14712
AATGGTCCACCGTTCA-1,0.202492,0.010876,0.786632
AATGGTTCTCACAAGC-1,0.000128,0.000032,0.999841
AATGTGCCCGAGGTGT-1,0.514826,0.484642,0.000533
AATGTTGTCGTGAGAC-1,0.668469,0.001701,0.329831
AATTAAAGGTCGGCGT-1,0.999367,0.000158,0.000475
AATTAACGGATTTCCA-1,0.905469,0.004302,0.090229
AATTACGAGACCCATC-1,0.75893,0.001869,0.2392
AATTACTCGTACGCTC-1,0.188021,0.000014,0.811965
AATTAGCGCTGCAGCG-1,0.853646,0.000037,0.146318
AATTCATAAGGGATCT-1,0.999428,0.000143,0.000429
AATTCCAACTTGGTGA-1,0.963925,0.000259,0.035815
AATTCCAAGCATGTAC-1,0.586171,0.151369,0.26246
AATTCGATTCGAGGAT-1,0.998754,0.000311,0.000934
AATTCTAGAGTTAGGC-1,0.963223,0.000052,0.036725
AATTGAACGCTCTGGT-1,0.246036,0.000178,0.753786
AATTGCAGCAATCGAC-1,0.834114,0.01565,0.150237
AATTGTGGTTGCCAAA-1,0.908523,0.000361,0.091116
AATTTGGTTCCAAAGA-1,0.974499,0.000046,0.025455
ACAAAGAAGGTAGGCC-1,0.763982,0.233625,0.002392
ACAAAGCATGACCTAG-1,0.997496,0.000626,0.001878
ACAAATCGCACCGAAT-1,0.850158,0.000199,0.149643
ACAAATGGTAGTGTTT-1,0.993044,0.001739,0.005217
ACAACAGCATGAGCTA-1,0.236272,0.000535,0.763193
ACAACGGTCCCTGCGA-1,0.663747,0.000043,0.33621
ACAAGCAGTGCCTAGC-1,0.828407,0.000981,0.170612
ACAAGGAAATCCGCCC-1,0.997307,0.000673,0.00202
ACAAGGACAAGAGGTT-1,0.992638,0.000043,0.007319
ACAAGGATGCTTTAGG-1,0.885484,0.000058,0.114457
ACAAGGGCAGGCTCTG-1,0.992634,0.001842,0.005525
ACAATAGTCGTACGTT-1,0.867603,0.000035,0.132362
ACAATCCATTTAAACC-1,0.76058,0.000109,0.239311
ACAATCGATCTTTATA-1,0.600457,0.060391,0.339152
ACAATGAATACGGAGA-1,0.925286,0.000236,0.074479
ACAATTGTGTCTCTTT-1,0.993965,0.001508,0.004527
ACAATTTAGGAGGCTC-1,0.079678,0.000024,0.920298
ACAATTTGAGCAGTGG-1,0.473557,0.000058,0.526385
ACAATTTGGCCATATT-1,0.062449,0.000349,0.937202
ACACAAAGACGGGTGG-1,0.998937,0.000266,0.000798
ACACAAATATTCCTAG-1,0.798339,0.000229,0.201432
ACACACCAGGACCAGT-1,0.992293,0.001927,0.00578
ACACACTTTCTACACG-1,0.871222,0.000043,0.128735
ACACATTGACGCAACA-1,0.615088,0.000024,0.384888
ACACCACATAATTAGC-1,0.789808,0.000835,0.209358
ACACCCAGCATGCAGC-1,0.999423,0.000144,0.000433
ACACCCGAGAAATCCG-1,0.336835,0.010549,0.652616
ACACCGAGCGCTCTTT-1,0.718146,0.000148,0.281705
ACACCTTAAGTAGGGC-1,0.6026,0.077981,0.319418
ACACCTTACTACTTGC-1,0.994309,0.001423,0.004268
ACACGAGACTCCTTCT-1,0.678373,0.000119,0.321508
ACACGGCACTATGCAT-1,0.703882,0.007272,0.288846
ACACGTAGGCCACAAG-1,0.865076,0.131918,0.003005
ACACTCCAATGTCACT-1,0.788298,0.000047,0.211655
ACACTGGGACAGTCGT-1,0.282759,0.000549,0.716692
ACAGAACTGAGAACAA-1,0.917197,0.000023,0.08278
ACAGATTAGGTTAGTG-1,0.399344,0.005192,0.595465
ACAGCATAGAGCCAGT-1,0.994243,0.00144,0.004318
ACAGCGACATTCTCAT-1,0.414046,0.000745,0.585209
ACAGGAGGCGCAGCCG-1,0.321186,0.000034,0.67878
ACAGGCACGGATCCTT-1,0.996148,0.000963,0.002889
ACAGGCTTGCCCGACT-1,0.997671,0.000582,0.001747
ACAGGTGGAGGTGAGG-1,0.869953,0.000659,0.129388
ACAGTAATACAACTTG-1,0.659445,0.00202,0.338536
ACAGTATACCGTGGGA-1,0.348445,0.000673,0.650882
ACAGTGCAGCGCATTT-1,0.661268,0.001669,0.337063
ACATAAGTCGTGGTGA-1,0.64803,0.000184,0.351786
ACATAATAAGGCGGTG-1,0.926069,0.000133,0.073798
ACATACAATCAAGCGG-1,0.524385,0.132098,0.343517
ACATCAGCTGGGACGC-1,0.000043,0.000011,0.999946
ACATCCCGGCCATACG-1,0.908076,0.012973,0.078951
ACATCCTGGTAACTGT-1,0.841397,0.062617,0.095986
ACATCGATCGTTTACC-1,0.900616,0.000063,0.099321
ACATCGGTCAGCCGCG-1,0.831301,0.088159,0.08054
ACATCGTATGCAATGG-1,0.106134,0.000312,0.893554
ACATCGTTAACCTAGT-1,0.344501,0.004789,0.65071
ACATCTCAACGCGTAA-1,0.568367,0.094688,0.336945
ACATGGCGCCAAAGTA-1,0.042524,0.000378,0.957098
ACATGGCTCAATTTAG-1,0.486006,0.033112,0.480882
ACATTAGTTTATATCC-1,0.715972,0.095488,0.188539
ACATTTGAAACCTAAC-1,0.689327,0.128618,0.182055
ACCAAACTAGAAATCC-1,0.542187,0.154284,0.303528
ACCAACACCACACACT-1,0.995682,0.001079,0.003239
ACCAACCGCACTCCAC-1,0.882994,0.000354,0.116652
ACCAAGAACGCGTGTC-1,0.938884,0.000159,0.060957
ACCAAGTCATCGGCAG-1,0.996891,0.002746,0.000363
ACCAATATGCAAGTTA-1,0.998835,0.000291,0.000874
ACCACAAGTTTCTATC-1,0.132586,0.007794,0.859619
ACCACCAATGTAACAA-1,0.917214,0.078205,0.004581
ACCACCCTCTCTTCTA-1,0.708634,0.092969,0.198397
ACCACGTGCAGCTATA-1,0.995089,0.001228,0.003683
ACCACTGTTCAAGAAG-1,0.470387,0.000707,0.528906
ACCAGACCATAACAAC-1,0.682807,0.012755,0.304438
ACCAGCCCGGTCTTTG-1,0.758981,0.03633,0.204689
ACCAGGAGTGTGATCT-1,0.331502,0.068952,0.599546
ACCAGTGCCCGGTCAA-1,0.820168,0.000528,0.179303
ACCAGTGCGGGAGACG-1,0.535711,0.000626,0.463663
ACCATATCCGCAATAA-1,0.816482,0.000075,0.183443
ACCATCCGCCAACTAG-1,0.626504,0.009633,0.363863
ACCATCGTATATGGTA-1,0.642633,0.024699,0.332668
ACCATTAAGGGTGTCA-1,0.759392,0.00009,0.240518
ACCCAACGCCCGTGGC-1,0.9332,0.000059,0.066741
ACCCACCTACATGCTC-1,0.810402,0.000043,0.189555
ACCCATCTTGAGGGTA-1,0.475174,0.000145,0.524682
ACCCATTTGTCCCTCT-1,0.354273,0.000348,0.645379
ACCCGAGCGAAATTAC-1,0.998291,0.000427,0.001282
ACCCGGAAACTCCCAG-1,0.65568,0.288784,0.055536
ACCCGGAGCACCACAA-1,0.901649,0.000623,0.097728
ACCCGGATGACGCATC-1,0.682584,0.0001,0.317315
ACCCGGTTACACTTCC-1,0.618392,0.000071,0.381538
ACCCGTAGTCTAGTTG-1,0.998998,0.00025,0.000751
ACCCGTGTCATCAGTA-1,0.944117,0.002391,0.053492
ACCCTATAGGACTGAG-1,0.307771,0.103678,0.588551
ACCCTCCCGTCAGGGC-1,0.998347,0.000413,0.00124
ACCCTCCCTTGCTATT-1,0.634039,0.000567,0.365394
ACCCTGGTAACGCCCT-1,0.993738,0.001566,0.004696
ACCCTTCATCTGCGAA-1,0.999825,0.000044,0.000131
ACCGAAAGGGCCCTGC-1,0.890593,0.000088,0.109319
ACCGAAGAGTCTGGTT-1,0.800766,0.000582,0.198652
ACCGACACATCTCCCA-1,0.796178,0.037582,0.166241
ACCGACTGAGTCCCAC-1,0.875003,0.000123,0.124874
ACCGATAGGCATAACC-1,0.936576,0.000596,0.062827
ACCGATATTTAATCAT-1,0.165686,0.455295,0.379019
ACCGATGGTAGCATCG-1,0.931303,0.000113,0.068584
ACCGCAATAACTGCCT-1,0.996661,0.000835,0.002504
ACCGCGGTGGAAGTCG-1,0.789296,0.071225,0.139479
ACCGGGCCTTTGTTGA-1,0.773605,0.224526,0.001869
ACCGTTCCCGCTCTGA-1,0.862208,0.000028,0.137764
ACCTAAGTACCTTTCA-1,0.999603,0.000099,0.000297
ACCTAATCGACTTCCT-1,0.981023,0.000055,0.018921
ACCTACAGTATGTGGT-1,0.700153,0.001044,0.298803
ACCTCCGCCCTCGCTG-1,0.70859,0.157365,0.134045
ACCTCCGTTATTCACC-1,0.993892,0.001527,0.004581
ACCTGCGTGTCATGTT-1,0.251264,0.054155,0.694582
ACGAAATGGGCGGCAC-1,0.999752,0.000062,0.000186
ACGACCCATGAGTTGC-1,0.851609,0.000408,0.147984
ACGACTCTAGGGCCGA-1,0.812601,0.186804,0.000594
ACGAGAACCCATCACG-1,0.846375,0.000357,0.153269
ACGAGGATACCACTCT-1,0.899145,0.022669,0.078187
ACGAGGTTTACAACGT-1,0.874817,0.031283,0.0939
ACGAGTACGGATGCCC-1,0.989112,0.002722,0.008166
ACGAGTCGCCGGCGTT-1,0.62251,0.000014,0.377475
ACGATACCTATCCTGA-1,0.407859,0.023712,0.568429
ACGATCATACATAGAG-1,0.850711,0.000183,0.149106
ACGATCATCTTGTAAA-1,0.418768,0.001535,0.579697
ACGATGCATATGTTAT-1,0.903488,0.000086,0.096426
ACGATGGATCCGATGC-1,0.923676,0.021306,0.055017
ACGCAATCACTACAGC-1,0.990551,0.002363,0.007086
ACGCATACGTTTACTA-1,0.995136,0.001216,0.003648
ACGCATTCGTGAGTAC-1,0.642227,0.000614,0.357159
ACGCCAGATGATTTCT-1,0.683937,0.010065,0.305998
ACGCCAGTGCGTTTGC-1,0.933971,0.052982,0.013047
ACGCCCAGCTGTCGAT-1,0.314895,0.270571,0.414534
ACGCCGCTAGACGACC-1,0.622862,0.000256,0.376882
ACGCCTGACACGCGCT-1,0.446666,0.000035,0.553298
ACGCGAAGTCAGACGA-1,0.174105,0.0375,0.788395
ACGCGCTACACAGGGT-1,0.943643,0.000054,0.056302
ACGCGGGCCAAGGACA-1,0.999603,0.000099,0.000298
ACGCGTTTCTTAAGAG-1,0.136606,0.000293,0.863101
ACGCTACTGAATGGGC-1,0.856293,0.01297,0.130737
ACGCTAGTGATACACT-1,0.867491,0.001052,0.131457
ACGCTGTGAGGCGTAG-1,0.981448,0.004636,0.013916
ACGGAACACGAGTGCC-1,0.598987,0.166841,0.234171
ACGGAATTTAGCAAAT-1,0.987478,0.00313,0.009393
ACGGACTCTCAAAGCG-1,0.682205,0.023134,0.294661
ACGGAGCGCAAATTAC-1,0.995961,0.00101,0.003029
ACGGATGGTGCGGATA-1,0.997336,0.000666,0.001998
ACGGCACTTGCTTGGG-1,0.793996,0.000029,0.205975
ACGGCCAACATGGACT-1,0.621335,0.0004,0.378266
ACGGCGACGATGGGAA-1,0.101575,0.000141,0.898284
ACGGCGGGTTGCCCTG-1,0.998267,0.000433,0.0013
ACGGGAGTGTCGGCCC-1,0.999775,0.000056,0.000169
ACGGGCGTATGCGACA-1,0.735153,0.263742,0.001105
ACGGGTCATGTGACTT-1,0.361994,0.000567,0.637439
ACGGTACAGTTCAATG-1,0.892208,0.000547,0.107245
ACGTACAGATTTCTCT-1,0.77934,0.048744,0.171917
ACGTATTACTCCGATC-1,0.989345,0.002664,0.007991
ACGTCTCGTTCCGGGA-1,0.250139,0.062601,0.68726
ACGTGACAAAGTAAGT-1,0.572708,0.189056,0.238236
ACGTGCGCCTCGTGCA-1,0.803949,0.000077,0.195974
ACGTTAATGTCGAAGA-1,0.959257,0.000368,0.040374
ACGTTAGATTTGCCCG-1,0.145219,0.000042,0.854739
ACGTTATTGGTCACTC-1,0.159259,0.000017,0.840724
ACGTTCCGCGCTCCGT-1,0.63671,0.000103,0.363187
ACGTTCGCAATCAATT-1,0.997457,0.000636,0.001907
ACGTTCTGTACAAGTC-1,0.997378,0.000656,0.001966
ACGTTTAGTTGTGATC-1,0.459563,0.01187,0.528567
ACGTTTCGGTGCACTT-1,0.843065,0.000594,0.156341
ACTACCAGCTCTCTGG-1,0.039679,0.000027,0.960294
ACTACGCGTTAGAATT-1,0.75698,0.077043,0.165976
ACTAGTTGCGATCGTC-1,0.994889,0.001278,0.003833
ACTATATGCTGTGTTC-1,0.997813,0.000547,0.00164
ACTATCCAGGGCATGG-1,0.995137,0.001216,0.003647
ACTATCGCCGGCTAAA-1,0.345401,0.000116,0.654482
ACTATCTGCCCGCGTA-1,0.995275,0.001181,0.003544
ACTATTCGTCCGTGGT-1,0.924489,0.011236,0.064275
ACTCAACGAATGTATT-1,0.890144,0.107769,0.002087
ACTCAAGTGCAAGGCT-1,0.999716,0.000071,0.000212
ACTCAATAAAGGCACG-1,0.562345,0.000074,0.437581
ACTCAGACCTGCTTCT-1,0.998505,0.000374,0.001121
ACTCCAATATCATCAT-1,0.767684,0.001153,0.231163
ACTCCCATTCCTAAAG-1,0.611144,0.007011,0.381845
ACTCCCGAATTCGTTT-1,0.99683,0.000793,0.002378
ACTCCCGTAGACTAGG-1,0.882915,0.000141,0.116945
ACTCCCTAATGCTAAA-1,0.957582,0.037885,0.004533
ACTCCCTAGAATAGTA-1,0.190627,0.032984,0.776389
ACTCCGGCCGACCACT-1,0.794574,0.000072,0.205354
ACTCGATGTATTTCAT-1,0.254267,0.005936,0.739797
ACTCGCCGTTCGATAA-1,0.571897,0.000132,0.427972
ACTCGCGATCTGACGC-1,0.372168,0.041756,0.586076
ACTCGTAACCCGTCCT-1,0.964805,0.000074,0.035121
ACTCGTCAGTAATCCC-1,0.873123,0.000389,0.126488
ACTCTAAACCTGGGAT-1,0.043724,0.026238,0.930039
ACTCTCTGACTTAGGT-1,0.996147,0.000963,0.00289
ACTCTGACCTAATAGA-1,0.911784,0.08641,0.001806
ACTCTTCAGCTCCCGC-1,0.002061,0.000515,0.997423
ACTCTTGTATAGTAAC-1,0.611647,0.000241,0.388112
ACTGAAACGCCGTTAG-1,0.998909,0.000273,0.000818
ACTGAATGGCGAAAGT-1,0.838552,0.00062,0.160828
ACTGCCGTCGTAACTC-1,0.707725,0.020754,0.271521
ACTGCGGACACACCGT-1,0.583078,0.000427,0.416495
ACTGTACGATACACAT-1,0.506776,0.035737,0.457487
ACTGTAGCACTTTGGA-1,0.927755,0.033241,0.039005
ACTGTATACGCGAGCA-1,0.491731,0.000454,0.507816
ACTGTCCAGGATTATA-1,0.06884,0.000371,0.930789
ACTGTCTTCTTTAGAA-1,0.999416,0.000146,0.000438
ACTGTGCTAGTAGATC-1,0.964179,0.000189,0.035632
ACTGTTTAGTGTAGGC-1,0.722745,0.03981,0.237444
ACTTACGCATCCACGC-1,0.99685,0.000788,0.002362
ACTTAGTACGACAAGA-1,0.567344,0.000082,0.432574
ACTTATACTTACCCGG-1,0.323127,0.000052,0.67682
ACTTATCTGATCTATA-1,0.683721,0.043965,0.272314
ACTTATTAGGATCGGT-1,0.999277,0.000181,0.000542
ACTTATTTATGTGCCA-1,0.056685,0.018139,0.925176
ACTTCAGGCTGATCCC-1,0.995275,0.001181,0.003544
ACTTCCAGTGGAAGCT-1,0.97615,0.005961,0.017889
ACTTCCATGCGGGACA-1,0.551255,0.002541,0.446204
ACTTCCTGTCGTGCGA-1,0.809077,0.039898,0.151025
ACTTGACTCCCTCTTT-1,0.663899,0.000986,0.335115
ACTTGCCATATTGTAC-1,0.865476,0.003576,0.130948
ACTTGGGACCCGGTGG-1,0.001577,0.000025,0.998398
ACTTGTAGTCCCTTCA-1,0.96146,0.009632,0.028908
ACTTGTGGATGGAACG-1,0.732466,0.00072,0.266815
ACTTTACCCTCATGAA-1,0.056688,0.000289,0.943024
ACTTTCCTATAGCTTC-1,0.102959,0.010185,0.886857
ACTTTGACTGCATCCT-1,0.937389,0.015647,0.046964
ACTTTGTCGACGCACT-1,0.723943,0.000456,0.275601
AGAAATTATGACTCGC-1,0.000167,0.000042,0.999791
AGAACCCAGCGTGACA-1,0.693449,0.000269,0.306282
AGAACTGTACTTTGTA-1,0.559594,0.240037,0.200369
AGAAGAGCGCCGTTCC-1,0.997509,0.000623,0.001868
AGAAGGTACACTTCAC-1,0.756652,0.017066,0.226282
AGAAGGTTGCCGAATT-1,0.999662,0.000085,0.000254
AGAAGGTTGTAGGTCG-1,0.999526,0.000119,0.000356
AGAAGTGATTCGTGAT-1,0.969733,0.000083,0.030184
AGAATAAATCTTCAGG-1,0.958265,0.010432,0.031303
AGAATACAGGCTATCC-1,0.711154,0.138611,0.150236
AGAATTATGGATTCGA-1,0.749138,0.000087,0.250776
AGAATTGTTTGACATA-1,0.461107,0.001738,0.537154
AGACAGCTCAGAATCC-1,0.430839,0.004585,0.564576
AGACAGGCATCTCAGC-1,0.725027,0.066319,0.208654
AGACATAGATCCTTCC-1,0.999459,0.000135,0.000406
AGACCAAACCACACCT-1,0.210572,0.076808,0.712619
AGACCATGGGATACAA-1,0.918883,0.000057,0.08106
AGACCCACCGCTGATC-1,0.917774,0.000038,0.082188
AGACCCGCCCTCCTCG-1,0.614857,0.000087,0.385056
AGACCGCTCCGCGGTT-1,0.737453,0.000908,0.261639
AGACCGGGAAACCCTG-1,0.693585,0.005171,0.301245
AGACGAAGTGCCGGTC-1,0.000778,0.000194,0.999028
AGACGACGATGCCGCT-1,0.855671,0.143886,0.000443
AGACGCCCACTTCGCC-1,0.995567,0.001108,0.003325
AGACTAGCCTTCCAGA-1,0.999083,0.000229,0.000688
AGAGAACCGTCTAGGA-1,0.815558,0.083847,0.100595
AGAGAAGGAGTACAAT-1,0.657185,0.000369,0.342445
AGAGATCTCTAAAGCG-1,0.898503,0.004468,0.097029
AGAGCAGTTATGAGAC-1,0.66287,0.000039,0.337091
AGAGCCGCCGAGATTT-1,0.216513,0.095543,0.687945
AGAGCGGGCTAATCAT-1,0.838114,0.006043,0.155844
AGAGCGTACAAGCTCG-1,0.829698,0.000093,0.170209
AGAGCTACGAAAGCAT-1,0.979914,0.000656,0.01943
AGAGGCTTCGGAAACC-1,0.00171,0.177395,0.820896
AGAGGGACAATTGTCC-1,0.997089,0.000728,0.002183
AGAGGTATCTCGGTCC-1,0.999555,0.000111,0.000334
AGAGTAAACTTCACTA-1,0.392934,0.512212,0.094853
AGAGTATAGTGTTACG-1,0.999492,0.000127,0.000381
AGAGTCTTAATGAAAG-1,0.599827,0.012145,0.388028
AGAGTTGCAGGCCTCC-1,0.828446,0.000152,0.171402
AGATAACTTCAGGGCC-1,0.197407,0.000029,0.802564
AGATACCAATAGAACC-1,0.692723,0.000596,0.306681
AGATACCAGCACTTCA-1,0.994836,0.001291,0.003873
AGATACCGGTGTTCAC-1,0.999294,0.000177,0.00053
AGATACGACTTCATAT-1,0.114296,0.027852,0.857852
AGATACTCAAGATCGA-1,0.03823,0.042675,0.919095
AGATATAATACGACTA-1,0.632397,0.015547,0.352057
AGATCGTGCATAAGAT-1,0.879588,0.000238,0.120174
AGATCTCAGGTGTGAT-1,0.998243,0.000439,0.001318
AGATGACTCGCCCACG-1,0.713844,0.000167,0.285989
AGATGAGGGTTGCGAT-1,0.662169,0.000971,0.33686
AGATGATGGAGTCTGG-1,0.99532,0.00117,0.00351
AGATGCAAGACGTGCA-1,0.100215,0.82464,0.075146
AGATGCTATAACGAGC-1,0.756533,0.010007,0.23346
AGATTATAGGACGTTT-1,0.111749,0.005449,0.882802
AGATTCACAACCGATA-1,0.780592,0.152566,0.066842
AGCAAAGGCCGCTAGT-1,0.678516,0.009654,0.31183
AGCAACATATCTTATT-1,0.01437,0.018208,0.967421
AGCAACCGAAAGTAAT-1,0.100213,0.82462,0.075167
AGCACCAGTACTCACG-1,0.941482,0.000149,0.058369
AGCACTACCGGCCTGT-1,0.888905,0.000056,0.111039
AGCACTACCTCACCAG-1,0.939018,0.057927,0.003054
AGCACTTAAGGACGCC-1,0.412472,0.013073,0.574455
AGCAGAAGGAGAAAGA-1,0.790022,0.014628,0.19535
AGCAGCCAGATGAATA-1,0.803335,0.076623,0.120042
AGCATATCAATATGCT-1,0.809576,0.001181,0.189243
AGCATCATTTCGAAAG-1,0.613407,0.005964,0.380629
AGCATCGTCGATAATT-1,0.541885,0.000092,0.458024
AGCATTACGAGGCAAG-1,0.360355,0.000167,0.639478
AGCCAAGCTTTGTGTC-1,0.791286,0.144016,0.064697
AGCCACAGGTTACCCG-1,0.999142,0.000214,0.000643
AGCCCATACATGTAAG-1,0.511502,0.00004,0.488458
AGCCCGCACTACAATG-1,0.795758,0.071294,0.132948
AGCCCGGCATTAGAGG-1,0.599624,0.184599,0.215776
AGCCCTAAGCGAAGTT-1,0.827821,0.010865,0.161314
AGCCCTGTCGCACCGT-1,0.144849,0.000187,0.854965
AGCCCTTCTAATCCGA-1,0.993234,0.001692,0.005075
AGCCCTTGGACATCCC-1,0.332256,0.000478,0.667266
AGCCGCAAATTCAAAT-1,0.310836,0.021665,0.667499
AGCCGCTTGATTAGCG-1,0.414312,0.000091,0.585597
AGCCGTGGCTAAATGT-1,0.999289,0.000178,0.000534
AGCCTAATACCCACGT-1,0.713202,0.000471,0.286327
AGCCTTAAAGCGGAAG-1,0.358964,0.000015,0.641022
AGCGACAGGAACGGTC-1,0.997278,0.00068,0.002042
AGCGACATCCCATTCA-1,0.95558,0.039839,0.004581
AGCGACCAACGATATT-1,0.622933,0.000073,0.376995
AGCGATGCGCCTAATA-1,0.537632,0.41372,0.048648
AGCGCATAATGAATCG-1,0.721163,0.007721,0.271117
AGCGCGGGTGCCAATG-1,0.675516,0.000083,0.324402
AGCGCTAGAGCGATGT-1,0.876386,0.000114,0.1235
AGCGGACACTTCGTAG-1,0.576519,0.02683,0.39665
AGCGGCGGTTAGCGGT-1,0.395027,0.013922,0.591052
AGCGGGAAGGGTCCAT-1,0.756991,0.001181,0.241827
AGCGTACGAGAGCTAG-1,0.694433,0.00067,0.304897
AGCGTAGCGCTAGACC-1,0.784438,0.000104,0.215458
AGCGTCTGAACCCGCA-1,0.390726,0.00005,0.609224
AGCGTGGTATTCTACT-1,0.197538,0.009484,0.792978
AGCTAAGTACGCAGGC-1,0.999771,0.000057,0.000172
AGCTACGAATGGTGGT-1,0.693482,0.13079,0.175728
AGCTAGAAGCAGAAGT-1,0.99494,0.001265,0.003795
AGCTATTTAATCCAAC-1,0.457194,0.031389,0.511417
AGCTCCATATATGTTC-1,0.790035,0.001079,0.208886
AGCTCCTTCGCACATC-1,0.996396,0.000901,0.002703
AGCTCGTTGATGGAAA-1,0.539725,0.001347,0.458928
AGCTCTAGACGTTCCA-1,0.578594,0.000994,0.420413
AGCTCTTCGTAACCTT-1,0.989344,0.002664,0.007992
AGCTCTTTACTCAGTT-1,0.464568,0.001395,0.534037
AGCTGTAACCTCAATC-1,0.812769,0.098552,0.088679
AGCTTATAGAGACCTG-1,0.985978,0.000148,0.013874
AGCTTCTTCTCGAGCA-1,0.999303,0.000174,0.000522
AGCTTGATCTTAACTT-1,0.999674,0.000082,0.000245
AGGAAAGCCTCTGATG-1,0.673284,0.000053,0.326663
AGGAACGAACGACTTC-1,0.892333,0.104821,0.002846
AGGAAGCTGTCCGCCG-1,0.708135,0.0165,0.275365
AGGACAGTCGAATCCC-1,0.269582,0.010879,0.719539
AGGACATCGCACGTCG-1,0.810047,0.00084,0.189112
AGGACATCGGCACACT-1,0.648538,0.026317,0.325145
AGGACGACCCATTAGA-1,0.799742,0.007527,0.192731
AGGACGCTCGATGTTG-1,0.99179,0.002053,0.006157
AGGACTTATAGGAGAA-1,0.284696,0.000075,0.715228
AGGAGACATCCACAGT-1,0.818432,0.005979,0.175589
AGGAGAGTCTGGCTAC-1,0.627174,0.031094,0.341732
AGGAGCGTTTATTATC-1,0.658545,0.183445,0.15801
AGGAGGCCTTCGCGCG-1,0.257788,0.000289,0.741923
AGGATAAAGTCGGGAT-1,0.647362,0.006023,0.346615
AGGATATAGGGATTTA-1,0.991362,0.00216,0.006478
AGGATATCCGACTGCA-1,0.888921,0.000417,0.110662
AGGATCACGCGATCTG-1,0.355006,0.000083,0.644911
AGGATTGCTTACGACA-1,0.997637,0.000591,0.001772
AGGCAAAGAGGAATCA-1,0.998379,0.000405,0.001216
AGGCAATACGGAGGAC-1,0.131621,0.048201,0.820178
AGGCACGTGACTGTCC-1,0.995928,0.001018,0.003054
AGGCAGATGCGTAAAC-1,0.95446,0.000097,0.045443
AGGCATTGTCGTAGGG-1,0.991366,0.002158,0.006476
AGGCCACATTGGTTAC-1,0.235876,0.000364,0.76376
AGGCCACCCGTTATGA-1,0.744448,0.011621,0.243931
AGGCCCAGTGACTGGT-1,0.994666,0.000068,0.005266
AGGCCCATTGTACAGG-1,0.994177,0.001456,0.004367
AGGCCCTAGAACGCCA-1,0.999827,0.000043,0.00013
AGGCCTGAGAATCTCG-1,0.999579,0.000105,0.000316
AGGCGATAACTGGCGT-1,0.753708,0.000626,0.245666
AGGCTATGGTTAGCTT-1,0.564711,0.00117,0.434118
AGGCTTCCCGAAGAAG-1,0.983306,0.004173,0.012521
AGGCTTGCTAGACACC-1,0.63941,0.002281,0.358309
AGGGACAGCACGGCGG-1,0.999714,0.000072,0.000215
AGGGACCGGCTGCGTT-1,0.791927,0.00107,0.207002
AGGGACTCTACGCGAC-1,0.941247,0.055784,0.002969
AGGGAGACATACTTCG-1,0.944378,0.052592,0.00303
AGGGCAGCGGCGTGGT-1,0.746373,0.011724,0.241903
AGGGCCCTAATGTTCT-1,0.812222,0.04399,0.143788
AGGGCGAGCAGCTGAT-1,0.13921,0.041785,0.819005
AGGGCGTGATCGGCTA-1,0.494338,0.000241,0.505421
AGGGTCGATGCGAACT-1,0.24288,0.000041,0.757079
AGGGTCTGGACGCAGT-1,0.701547,0.000073,0.29838
AGGGTGCTCTCGAGGG-1,0.108056,0.000022,0.891922
AGGGTGGATAGTGCAT-1,0.999525,0.000119,0.000356
AGGGTGTGCTACACGC-1,0.473856,0.000351,0.525793
AGGGTTCCCTTTGGTT-1,0.448576,0.000053,0.551371
AGGGTTTAGTTCGGGA-1,0.999454,0.000136,0.000409
AGGTAACCTCCTATTC-1,0.454527,0.000138,0.545335
AGGTACGATATTGCCA-1,0.90364,0.022183,0.074177
AGGTAGGTACAAAGCT-1,0.346762,0.017192,0.636046
AGGTATAATTGATAGT-1,0.994613,0.001347,0.00404
AGGTATGCGGACATTA-1,0.753062,0.041281,0.205657
AGGTCAGGTGAGAGTG-1,0.3656,0.000032,0.634367
AGGTCGCCACTTCGGT-1,0.312065,0.000042,0.687893
AGGTCGCCTCCCAACA-1,0.924523,0.000876,0.074601
AGGTCGCGGAGTTACT-1,0.64612,0.001061,0.352819
AGGTGCACGTCCACAT-1,0.999586,0.000103,0.00031
AGGTGGTGACCTTCGC-1,0.499239,0.297454,0.203307
AGGTGTATCGCCATGA-1,0.33379,0.022646,0.643564
AGGTGTTGCCGACCAC-1,0.24275,0.000094,0.757156
AGGTTACACCATGCCG-1,0.939485,0.000645,0.059869
AGGTTTCACACACCTT-1,0.800781,0.000327,0.198892
AGTAACTATAGCAGCC-1,0.699452,0.050223,0.250325
AGTAATGTCTTGCCGC-1,0.904132,0.000542,0.095326
AGTACATCATTTATCA-1,0.806808,0.001423,0.191769
AGTACGGCCCGTATCG-1,0.108199,0.02949,0.862311
AGTACTCTTATGCCCA-1,0.994556,0.001361,0.004083
AGTAGCGTGAACGAAC-1,0.505263,0.182375,0.312362
AGTAGGAAGGAAGTTG-1,0.995445,0.001139,0.003416
AGTAGGTAACATACAT-1,0.996262,0.000934,0.002803
AGTATAATACTAGGCA-1,0.791743,0.01239,0.195867
AGTATCCATAATAACG-1,0.941167,0.000316,0.058517
AGTATGCTGGAGACCA-1,0.596014,0.009636,0.39435
AGTATTTGGCACGACC-1,0.999212,0.000197,0.000591
AGTCAACACCACCATC-1,0.250953,0.00003,0.749017
AGTCAAGATGACACTT-1,0.000694,0.000173,0.999133
AGTCACTAGCTCTCGA-1,0.622282,0.000888,0.37683
AGTCACTCCGCCTCAT-1,0.683296,0.040808,0.275896
AGTCAGCCACCGCCTG-1,0.992293,0.001927,0.005781
AGTCCAGCGGGTACGT-1,0.998531,0.000367,0.001102
AGTCCATTGGCTGATG-1,0.798365,0.000632,0.201003
AGTCCCGCCTTTAATT-1,0.576,0.00052,0.423481
AGTCCCTCGCAGAAAG-1,0.997027,0.000054,0.002919
AGTCGAATTAGCGTAA-1,0.651715,0.036777,0.311508
AGTCGACGGTCTCAAG-1,0.999509,0.000123,0.000369
AGTCGGCCCAAACGAC-1,0.697641,0.007322,0.295037
AGTCGGCTCAACTTTA-1,0.709146,0.006817,0.284037
AGTCGGTTGCGTGAGA-1,0.992946,0.001764,0.005291
AGTCGTATAAAGCAGA-1,0.999689,0.000078,0.000233
AGTCGTCGACCACCAA-1,0.995791,0.001052,0.003157
AGTCGTGGGCATTACG-1,0.999661,0.000085,0.000254
AGTCTAAAGTATACTC-1,0.802712,0.001002,0.196286
AGTCTCACAAGACTAC-1,0.990997,0.008722,0.000281
AGTCTGGACATCCTTG-1,0.808267,0.003363,0.188371
AGTCTTCTCCTCAAAT-1,0.598385,0.00007,0.401545
AGTCTTTAAAGTGTCC-1,0.812798,0.176071,0.011131
AGTGAACAAACTTCTC-1,0.82897,0.027058,0.143972
AGTGAAGATGGTGTCC-1,0.873608,0.000121,0.126272
AGTGACCTACTTTACG-1,0.84969,0.021842,0.128468
AGTGAGACTTCCAGTA-1,0.956256,0.036886,0.006858
AGTGAGCCTCGCCGCC-1,0.989344,0.002667,0.007989
AGTGAGTCGAATTAAC-1,0.780249,0.02458,0.195171
AGTGATAACCTGCGCG-1,0.888529,0.000331,0.11114
AGTGATATGAGTAGTT-1,0.870485,0.001118,0.128396
AGTGATTCAAGCAGGA-1,0.685821,0.02488,0.289299
AGTGCACGCTTAAGAA-1,0.183667,0.00048,0.815853
AGTGCGTAGCTCGTAA-1,0.273239,0.00013,0.726631
AGTGCTAAACACAGCA-1,0.997922,0.00052,0.001559
AGTGCTTGCACGAATA-1,0.993543,0.000699,0.005758
AGTGGCCCGCAAATGG-1,0.775419,0.102092,0.122489
AGTGGCGGCAATTTGA-1,0.999348,0.000163,0.000489
AGTGGCGTCTGAAGGT-1,0.960589,0.039171,0.00024
AGTGGCTCCGTCGGCC-1,0.928434,0.01789,0.053676
AGTGGGAGTATACACG-1,0.236143,0.012254,0.751603
AGTGGTGTTACCCGTG-1,0.041764,0.010434,0.947803
AGTGGTTGCGTATAGG-1,0.125097,0.031272,0.84363
AGTGTATTGCGCATTG-1,0.989569,0.002608,0.007823
AGTGTGCTAAGATCGC-1,0.605646,0.001941,0.392412
AGTGTGGTCTATTGTG-1,0.831303,0.015531,0.153166
AGTTAAACACTTGCGA-1,0.512315,0.000041,0.487644
AGTTAAGTCAACCGCT-1,0.898739,0.000058,0.101203
AGTTACCCTTAAGACT-1,0.2939,0.039211,0.666889
AGTTACCGCACATGGT-1,0.387643,0.014048,0.59831
AGTTATTCAGACTGTG-1,0.603011,0.199336,0.197653
AGTTATTGAAAGGTAA-1,0.722028,0.048506,0.229466
AGTTCACCGGTTGGAC-1,0.864715,0.000056,0.135229
AGTTCCTACAGAATTA-1,0.582043,0.000056,0.417901
AGTTCCTATTTATGTT-1,0.597701,0.047302,0.354997
AGTTCTGCGTTGTATC-1,0.994671,0.001332,0.003997
AGTTGACATCGGCTGG-1,0.619027,0.000596,0.380377
AGTTGCTGACTGATAT-1,0.538152,0.00004,0.461808
AGTTGGCAAGGCTAGA-1,0.998986,0.000253,0.00076
AGTTTATGTAAAGACA-1,0.999534,0.000117,0.00035
AGTTTCGCAGGTCGGA-1,0.782293,0.013536,0.204171
AGTTTGCACCTGCCTC-1,0.857449,0.004114,0.138437
AGTTTGGCACGGGTTG-1,0.394862,0.000824,0.604314
AGTTTGGCCAGACCTA-1,0.954447,0.000065,0.045488
ATAAACCATTGGACGG-1,0.768366,0.000061,0.231572
ATAAACGGACCCGTAA-1,0.826456,0.066019,0.107525
ATAAACGTTGCACCAC-1,0.995791,0.001052,0.003156
ATAAAGGCTCGGTCGT-1,0.641432,0.012575,0.345993
ATAAATATTAGCAGCT-1,0.818854,0.025792,0.155354
ATAACGCCGGAGGGTC-1,0.530039,0.141695,0.328266
ATAAGCAAACACCGAG-1,0.602482,0.000118,0.3974
ATAAGGTGGAGAACAT-1,0.820838,0.000549,0.178613
ATAAGTAGGATTCAGA-1,0.991789,0.002053,0.006157
ATAAGTAGGGCGACTC-1,0.992411,0.001897,0.005691
ATAATACCGTTAGCCG-1,0.918044,0.00004,0.081916
ATAATAGCTGTTGAAT-1,0.853035,0.00506,0.141905
ATAATAGTGTAGGGAC-1,0.999024,0.000244,0.000732
ATAATCTTGGAGAACC-1,0.998867,0.000283,0.00085
ATAATTAGCTAAGTAG-1,0.700296,0.062556,0.237148
ATACAGGCCCTCCAAT-1,0.939972,0.006783,0.053246
ATACCACGGGCAACTT-1,0.794523,0.03248,0.172997
ATACCAGCAAATTGCT-1,0.564251,0.05509,0.380659
ATACCAGGCTAATAGA-1,0.907646,0.068428,0.023926
ATACCAGGTGAGCGAT-1,0.960218,0.000278,0.039503
ATACCCTGGCTCAAAT-1,0.812517,0.000346,0.187137
ATACCGTCATCCATAA-1,0.695203,0.000334,0.304463
ATACCTAACCAAGAAA-1,0.944721,0.026554,0.028725
ATACGAAGGCTTTCCA-1,0.992782,0.000103,0.007116
ATACGACAGATGGGTA-1,0.838763,0.000531,0.160707
ATACGCCGATCTACCG-1,0.781667,0.060682,0.157651
ATACGCCGGCGAAACC-1,0.763516,0.000741,0.235743
ATACGGAACGTCGTTT-1,0.889639,0.000507,0.109854
ATACGGTGAAGATGCA-1,0.465576,0.037989,0.496434
ATACGTACTTAGCCAC-1,0.963958,0.035655,0.000387
ATACGTCCACTCCTGT-1,0.958719,0.037562,0.003719
ATACGTTATGCACGGA-1,0.726827,0.057998,0.215174
ATACTACCCGTACCAC-1,0.717224,0.000413,0.282363
ATACTAGCATGACCCT-1,0.89224,0.000144,0.107615
ATACTCTCGCCACTCT-1,0.431469,0.000208,0.568322
ATACTGCCTTACACCG-1,0.439333,0.000432,0.560235
ATACTTGTTCTCGAGC-1,0.564381,0.00007,0.43555
ATAGACAACGGGACCT-1,0.363961,0.010929,0.62511
ATAGACGAAGAGAAAG-1,0.945051,0.000063,0.054887
ATAGAGTACTGGGACA-1,0.737225,0.029246,0.233529
ATAGAGTTATCAACTT-1,0.587094,0.00009,0.412815
ATAGATTTGCAGTCGG-1,0.777077,0.016982,0.205941
ATAGCAACTAGGGAAG-1,0.720872,0.038496,0.240632
ATAGCCATAACAGTCA-1,0.753754,0.016483,0.229763
ATAGCCTCAGTACCCA-1,0.808937,0.000156,0.190906
ATAGCTGCTCTTGTTA-1,0.785342,0.000044,0.214614
ATAGGCGGCTATAGAA-1,0.999652,0.000087,0.000261
ATAGGCTAGCTTCGCA-1,0.960274,0.000265,0.039461
ATAGGGATATCCTTGA-1,0.774026,0.000042,0.225933
ATAGGTTGGGCAGATG-1,0.551884,0.116091,0.332025
ATAGTCTTTGACGTGC-1,0.976156,0.021325,0.002518
ATAGTTCCACCCACTC-1,0.998882,0.00028,0.000838
ATATAAAGCGCTCGTG-1,0.973132,0.000392,0.026476
ATATAAATGTAGCTGC-1,0.97606,0.016677,0.007263
ATATAACACGGGCGCA-1,0.998052,0.000487,0.001461
ATATACGCTCGTGACG-1,0.531698,0.020036,0.448266
ATATCAACCTACAGAG-1,0.895409,0.000783,0.103808
ATATCGGTAGGGAGAT-1,0.667856,0.000636,0.331508
ATATCGTTCCTCGAAC-1,0.625217,0.000202,0.374582
ATATCTTAGGGCCTTC-1,0.394686,0.000037,0.605277
ATATGTCTCCCTAGCC-1,0.925558,0.008149,0.066293
ATATGTGCACAAACCA-1,0.99055,0.002363,0.007088
ATATTATCCCGTATTT-1,0.143276,0.000039,0.856686
ATATTCAGTTAAACCT-1,0.999505,0.000124,0.000371
ATATTCCACATAGTGA-1,0.992526,0.001869,0.005605
ATATTCCCACAGGTCA-1,0.998043,0.000489,0.001468
ATATTGCTGTCAAAGT-1,0.966169,0.000229,0.033602
ATATTGGAGAGGCCTT-1,0.644302,0.27864,0.077058
ATATTTAACCCTCAAG-1,0.971881,0.000084,0.028035
ATCAAACACTGTTCCA-1,0.142372,0.000411,0.857218
ATCAAACGAAGGTTTG-1,0.936025,0.063753,0.000221
ATCAATCTGGGCTGCA-1,0.817754,0.096354,0.085892
ATCACGTGCTAATTAA-1,0.627969,0.036458,0.335573
ATCACTTCATCCTCGC-1,0.822788,0.070734,0.106478
ATCAGACGGCACGCCG-1,0.999222,0.000194,0.000583
ATCAGCCTCATGCTGC-1,0.566353,0.092789,0.340858
ATCAGCTCGTCCACTA-1,0.575102,0.00043,0.424468
ATCAGTAGGCAGGGAT-1,0.603031,0.023505,0.373464
ATCATAGCCCTATGTA-1,0.56216,0.000131,0.437708
ATCATCCAATATTTGT-1,0.955664,0.000142,0.044193
ATCATGGACTACCGAC-1,0.380094,0.042288,0.577618
ATCCAACGCAGTCATA-1,0.667542,0.007449,0.325009
ATCCAATGGAGGGTCC-1,0.097501,0.00002,0.902479
ATCCAATGGTACCGAA-1,0.916534,0.020857,0.062609
ATCCACATCGACAGAA-1,0.99978,0.000055,0.000165
ATCCACTTTCAGACTA-1,0.863458,0.000378,0.136164
ATCCAGGATTCGTGAA-1,0.786002,0.000093,0.213905
ATCCGGACCAGCCTGA-1,0.851275,0.147886,0.000839
ATCCTACCTAAGCTCT-1,0.878342,0.000122,0.121535
ATCCTGAATCGCTGCG-1,0.755653,0.01193,0.232417
ATCCTGCGTGGAATGG-1,0.998699,0.000325,0.000976
ATCCTGCTGCAGATAG-1,0.825354,0.000121,0.174525
ATCCTTCTGAAAGAAC-1,0.22518,0.089765,0.685055
ATCGACCCAATACAGA-1,0.387382,0.014025,0.598593
ATCGACTCTTTCCGTT-1,0.519033,0.000067,0.4809
ATCGCACGATTGTTCA-1,0.698919,0.000894,0.300186
ATCGCACGCCGGGAGA-1,0.87737,0.000361,0.122269
ATCGCCAGTCAACATT-1,0.993967,0.001508,0.004525
ATCGCCGTGGTTCATG-1,0.530355,0.000032,0.469613
ATCGCTGCGTGCAGCA-1,0.995275,0.001181,0.003544
ATCGCTTTACGTCTCA-1,0.665651,0.152661,0.181689
ATCGGAGACAGACGGC-1,0.997054,0.000737,0.002209
ATCGGCAAGCAGTCCA-1,0.99811,0.000472,0.001417
ATCGGTTACCTAGTAA-1,0.100211,0.025026,0.874763
ATCGTATTCCGAGAAC-1,0.169103,0.043043,0.787854
ATCGTCCAATCGAGTC-1,0.866495,0.006489,0.127016
ATCGTGGAAAGTCTGG-1,0.861755,0.057983,0.080262
ATCGTTAGCTAGCGGA-1,0.991515,0.002121,0.006364
ATCTAACGTCCCTATG-1,0.113099,0.00002,0.886881
ATCTAATATCCTACGG-1,0.562861,0.078648,0.35849
ATCTACCATCTGCTCC-1,0.824694,0.0898,0.085506
ATCTATCGATGATCAA-1,0.000098,0.000018,0.999884
ATCTCCCACGGAATAT-1,0.706761,0.00031,0.292929
ATCTCCCTGCAATCTA-1,0.620684,0.036141,0.343174
ATCTCGTGAGCGAAAC-1,0.759045,0.126571,0.114384
ATCTGATAGTGTCTTA-1,0.406852,0.020262,0.572886
ATCTGCACCTCTGCGA-1,0.994992,0.001252,0.003755
ATCTGGGCTGTTCTTG-1,0.991262,0.000057,0.008681
ATCTGTAATTGTACCC-1,0.00157,0.000393,0.998037
ATCTTATCGCACACCC-1,0.705884,0.000234,0.293882
ATCTTGACCTGCAACG-1,0.823415,0.000077,0.176508
ATCTTGACTTGTCCAA-1,0.91648,0.000971,0.082549
ATCTTTCGTATAACCA-1,0.999361,0.00016,0.000479
ATGAAGCCAAGGAGCC-1,0.698962,0.033634,0.267404
ATGAAGTGGACCCAGC-1,0.108943,0.000195,0.890862
ATGACGCCGGCTCTAA-1,0.996616,0.000846,0.002538
ATGACGCGTTCTATCC-1,0.998708,0.000085,0.001206
ATGACTATGCGACATT-1,0.459869,0.000326,0.539805
ATGAGGAGTGTTAATC-1,0.999621,0.000095,0.000284
ATGAGGGCAGCGGCTA-1,0.993495,0.001626,0.004879
ATGATCGGGAATAGAC-1,0.998609,0.000348,0.001043
ATGATGCAATGGTACA-1,0.998846,0.000289,0.000866
ATGCACCTTCCTTAAT-1,0.518752,0.000043,0.481205
ATGCACGCGCTGTTCA-1,0.655479,0.034825,0.309696
ATGCACTACCGCATTG-1,0.817056,0.000673,0.182271
ATGCATGATCCAGGAT-1,0.330433,0.000068,0.669499
ATGCATTCCGTGATGG-1,0.999539,0.000115,0.000346
ATGCCAATCGCTCTGC-1,0.803044,0.003131,0.193826
ATGCCATTTGCGACCA-1,0.144815,0.023093,0.832092
ATGCCGGTCTTGCATA-1,0.232512,0.000029,0.767459
ATGCGACAGTCCCATT-1,0.956689,0.002123,0.041189
ATGCGAGTCCCACCAC-1,0.093046,0.000224,0.90673
ATGCTCAGTGTTGCAT-1,0.596391,0.000267,0.403342
ATGCTCTGGCGCGGTA-1,0.744657,0.000146,0.255197
ATGCTTAGGAGTTGAT-1,0.645814,0.247975,0.106211
ATGGAACCTTTGCACA-1,0.707916,0.000422,0.291663
ATGGATTGACCAAACG-1,0.257486,0.000014,0.7425
ATGGCAGCCGAGAAAC-1,0.998523,0.000369,0.001108
ATGGCCCGAAAGGTTA-1,0.517852,0.002886,0.479263
ATGGCGGAATAGTCGC-1,0.999509,0.000123,0.000368
