Barcode,Topic 1,Topic 2,Topic 3,Topic 4,Topic 5,Topic 6to12
AAACAACGAATAGTTC-1,0.000208,0.000208,0.051329,0.037677,0.000208,0.910371
AAACAAGTATCTCCCA-1,0.000053,0.000053,0.005592,0.000053,0.30925,0.685
AAACAATCTACTAGCA-1,0.000086,0.000086,0.268295,0.000086,0.000086,0.731361
AAACAGCTTTCAGAAG-1,0.000116,0.000116,0.000116,0.000116,0.000116,0.99942
AAACAGGGTCTATATT-1,0.00007,0.00007,0.00007,0.00007,0.00007,0.999652
AAACATTTCCCGGATT-1,0.000098,0.000098,0.091155,0.000098,0.000098,0.908455
AAACCCGAACGAAATC-1,0.000022,0.000022,0.000022,0.000022,0.000022,0.999889
AAACCGGAAATGTTAA-1,0.000111,0.000111,0.000111,0.000111,0.018385,0.98117
AAACCGGGTAGGTACC-1,0.000036,0.000036,0.006235,0.000036,0.000036,0.993623
AAACCGTTCGTCCAGG-1,0.000082,0.000082,0.000082,0.000082,0.486032,0.51364
AAACCTAAGCAGCCGG-1,0.000051,0.000051,0.038164,0.000051,0.000051,0.96163
AAACCTCATGAAGTTG-1,0.000041,0.000041,0.000041,0.000041,0.000041,0.999795
AAACGAAGAACATACC-1,0.000049,0.000049,0.029438,0.003242,0.006247,0.960975
AAACGAGACGGTTGAT-1,0.000066,0.000066,0.000066,0.528797,0.024565,0.446439
AAACGCTGGGCACGAC-1,0.000158,0.000158,0.181944,0.000158,0.019993,0.79759
AAACGGGCGTACGGGT-1,0.000125,0.000125,0.000125,0.033126,0.07446,0.892039
AAACGGGTTGGTATCC-1,0.000308,0.000308,0.000308,0.000308,0.000308,0.998462
AAACGGTTGCGAACTG-1,0.00007,0.00007,0.390513,0.00007,0.00007,0.609209
AAACGTGTTCGCCCTA-1,0.000015,0.000015,0.000015,0.671836,0.004288,0.323829
AAACTCGGTTCGCAAT-1,0.00005,0.00005,0.019146,0.00005,0.00005,0.980654
AAACTCGTGATATAAG-1,0.000048,0.000048,0.000048,0.000048,0.000048,0.999762
AAACTGCTGGCTCCAA-1,0.000039,0.000039,0.055607,0.000039,0.000039,0.944236
AAACTTGCAAACGTAT-1,0.000064,0.000064,0.000064,0.000064,0.000064,0.999678
AAAGAATGTGGACTAA-1,0.000061,0.000061,0.36273,0.01067,0.165334,0.461143
AAAGACCCAAGTCGCG-1,0.000204,0.000204,0.039286,0.000204,0.030111,0.92999
AAAGACTGGGCGCTTT-1,0.000064,0.000064,0.037034,0.000064,0.041442,0.921333
AAAGCTTGCCTACATA-1,0.000035,0.000035,0.000035,0.000035,0.000035,0.999823
AAAGGGATGTAGCAAG-1,0.000054,0.000054,0.021918,0.000054,0.000054,0.977866
AAAGGGCAGCTTGAAT-1,0.000045,0.000045,0.000045,0.000045,0.044231,0.955591
AAAGTAGCATTGCTCA-1,0.000116,0.000116,0.000116,0.000116,0.000116,0.99942
AAAGTCACTGATGTAA-1,0.000116,0.000116,0.072414,0.000116,0.000116,0.927122
AAAGTCGACCCTCAGT-1,0.000042,0.000042,0.000042,0.000042,0.005612,0.99422
AAAGTGCCATCAATTA-1,0.000317,0.000317,0.033573,0.000317,0.000317,0.965159
AAAGTGTGATTTATCT-1,0.000072,0.000072,0.001286,0.000072,0.002392,0.996107
AAAGTTGACTCCCGTA-1,0.000055,0.000055,0.047721,0.014384,0.000055,0.937729
AAATAAGGTAGTGCCC-1,0.000028,0.000028,0.000028,0.000028,0.000028,0.999861
AAATACCTATAAGCAT-1,0.000045,0.000045,0.000045,0.000056,0.000045,0.999763
AAATAGCTTAGACTTT-1,0.000032,0.000032,0.000032,0.034081,0.000032,0.965793
AAATAGGGTGCTATTG-1,0.000051,0.000051,0.000051,0.000051,0.000051,0.999744
AAATCCGATACACGCC-1,0.000036,0.000036,0.065446,0.000036,0.00662,0.927826
AAATCTAGCCCTGCTA-1,0.000048,0.000048,0.000048,0.000048,0.094766,0.905043
AAATGATTCGATCAGC-1,0.000043,0.000043,0.000043,0.011738,0.000043,0.98809
AAATGCTCGTTACGTT-1,0.000048,0.000048,0.032129,0.000048,0.000048,0.967678
AAATGGCATGTCTTGT-1,0.000133,0.000133,0.14377,0.000133,0.000133,0.855697
AAATGGCCCGTGCCCT-1,0.00006,0.00006,0.00006,0.00006,0.011366,0.988394
AAATGGTCAATGTGCC-1,0.00005,0.00005,0.023089,0.00005,0.052797,0.923964
AAATGTATCTTATCCC-1,0.000079,0.000079,0.000079,0.000079,0.000079,0.999604
AAATGTGGGTGCTCCT-1,0.000078,0.000078,0.000078,0.000078,0.000078,0.999609
AAATTAACGGGTAGCT-1,0.000069,0.000069,0.000069,0.276298,0.000069,0.723425
AAATTAATAAGCGCGA-1,0.000201,0.000201,0.000201,0.000201,0.000201,0.998996
AAATTACCTATCGATG-1,0.000053,0.000053,0.023527,0.033071,0.000053,0.943241
AAATTCCAGGTCCAAA-1,0.000031,0.000031,0.000031,0.000031,0.000031,0.999847
AAATTGATAGTCCTTT-1,0.000109,0.000109,0.000109,0.566917,0.029192,0.403564
AAATTGCGGCGGTTCT-1,0.000253,0.000253,0.000253,0.000253,0.000253,0.998733
AAATTGGTGAGAAGCA-1,0.000028,0.000028,0.018537,0.162996,0.000028,0.818384
AAATTTGCGGGTGTGG-1,0.000174,0.000174,0.000174,0.000174,0.000174,0.99913
AACAACTGGTAGTTGC-1,0.000034,0.000034,0.000034,0.000034,0.003714,0.99615
AACAATTACTCTACGC-1,0.000025,0.000025,0.000025,0.00529,0.000025,0.994611
AACACACGCTCGCCGC-1,0.00002,0.00002,0.00002,0.00002,0.00002,0.999902
AACACGACTGTACTGA-1,0.000099,0.000099,0.000099,0.000099,0.010609,0.988994
AACACGAGACGCGGCC-1,0.000092,0.000092,0.000092,0.000092,0.020678,0.978953
AACACGCGGCCGCGAA-1,0.000101,0.000101,0.116927,0.005169,0.148077,0.729625
AACAGGAAATCGAATA-1,0.000092,0.000092,0.000092,0.000092,0.000092,0.999539
AACAGGATGGGCCGCG-1,0.000012,0.000012,0.000012,0.000012,0.000012,0.99994
AACAGGTAGTATGGAT-1,0.000038,0.000038,0.043275,0.000038,0.000038,0.956573
AACATATCAACTGGTG-1,0.000045,0.000045,0.000045,0.000116,0.012971,0.986778
AACATCGATACGTCTA-1,0.000025,0.000025,0.031059,0.027777,0.000025,0.941089
AACATTGGTCAGCCGT-1,0.000152,0.000152,0.638716,0.000152,0.000152,0.360675
AACCAAGACTTCTCTG-1,0.000027,0.000027,0.000027,0.005187,0.011331,0.983401
AACCATGGGATCGCTA-1,0.00005,0.00005,0.010983,0.00005,0.04919,0.939679
AACCCAGAGACGGAGA-1,0.000035,0.000035,0.000035,0.000035,0.01622,0.983638
AACCCATCCCATGATC-1,0.000166,0.000166,0.000166,0.066852,0.000166,0.932484
AACCCGAGCAGAATCG-1,0.00008,0.00008,0.098285,0.00008,0.02733,0.874144
AACCCTACTGTCAATA-1,0.000046,0.000046,0.000046,0.000046,0.000046,0.999769
AACCCTGGTGGAACCA-1,0.000061,0.000061,0.12633,0.000061,0.000061,0.873425
AACCGAGCTTGGTCAT-1,0.000059,0.000059,0.020031,0.00016,0.024457,0.955234
AACCGCTAAGGGATGC-1,0.000064,0.000064,0.000064,0.000064,0.02725,0.972493
AACCGTTGTGTTTGCT-1,0.000119,0.000119,0.000119,0.000119,0.220113,0.779413
AACCTCGCTTTAGCCC-1,0.000073,0.000073,0.024848,0.000073,0.008042,0.966892
AACCTGTCACGGAATT-1,0.000037,0.000037,0.000037,0.000037,0.002218,0.997633
AACCTTTAAATACGGT-1,0.000037,0.000037,0.011934,0.000037,0.000037,0.987917
AACCTTTACGACGTCT-1,0.000342,0.000342,0.000342,0.068422,0.039697,0.890856
AACGACCTCCTAGCCG-1,0.000332,0.000332,0.175284,0.000332,0.000332,0.823387
AACGATAATGCCGTAG-1,0.000024,0.000024,0.028917,0.000024,0.000024,0.970988
AACGATAGAAGGGCCG-1,0.000126,0.000126,0.027793,0.000126,0.077251,0.89458
AACGCATGATCTGGGT-1,0.000044,0.000044,0.000044,0.000044,0.000044,0.999779
AACGCGAACGGCAACA-1,0.000085,0.000085,0.012474,0.000085,0.000085,0.987186
AACGCGGTCTCCAGCC-1,0.000218,0.000218,0.339779,0.000218,0.000218,0.659351
AACGCTGTTGCTGAAA-1,0.000033,0.000033,0.137518,0.020755,0.000033,0.841628
AACGGACGTACGTATA-1,0.000031,0.000031,0.016303,0.000031,0.000031,0.983572
AACGGCCATCTCCGGT-1,0.000051,0.000051,0.000051,0.000051,0.000051,0.999744
AACGTACTGTGGGTAC-1,0.000086,0.000086,0.000086,0.034231,0.000086,0.965424
AACGTAGTCTACCCAT-1,0.00011,0.00011,0.351096,0.00011,0.00011,0.648466
AACGTCAGACTAGTGG-1,0.000058,0.000058,0.000058,0.000058,0.010746,0.989022
AACGTCGCTGCACTTC-1,0.00019,0.00019,0.00019,0.00019,0.00019,0.999049
AACGTGCGAAAGTCTC-1,0.000031,0.000031,0.028531,0.047068,0.038008,0.886331
AACGTTATCAGCACCT-1,0.000101,0.000101,0.000101,0.000101,0.000101,0.999493
AACTACCCGTTTGTCA-1,0.000052,0.000052,0.000052,0.000052,0.000052,0.999739
AACTAGCGTATCGCAC-1,0.000202,0.000202,0.50487,0.000202,0.000202,0.494321
AACTAGGCTTGGGTGT-1,0.00009,0.00009,0.623576,0.00009,0.00009,0.376064
AACTCAAGTTAATTGC-1,0.000023,0.000023,0.000023,0.000759,0.000023,0.999149
AACTCCAGAGCGTGTT-1,0.000159,0.000159,0.119427,0.000159,0.000159,0.879936
AACTCGATAAACACGT-1,0.000059,0.000059,0.458225,0.000059,0.000059,0.541541
AACTCGATGGCGCAGT-1,0.00003,0.00003,0.00003,0.00003,0.00003,0.99985
AACTCTCAATAGAGCG-1,0.000059,0.000059,0.000059,0.037035,0.000059,0.962729
AACTCTCAGTGTGCTC-1,0.000104,0.000104,0.000104,0.116909,0.0226,0.860179
AACTGAGTTATACTGA-1,0.000045,0.000045,0.022328,0.000045,0.000045,0.977491
AACTGATATTAGGCCT-1,0.00006,0.00006,0.00006,0.00006,0.00006,0.999698
AACTGGGTCCCGACGT-1,0.000031,0.000031,0.000031,0.000031,0.000031,0.999846
AACTGGTGTGGGCCTT-1,0.000305,0.000305,0.000305,0.000305,0.000305,0.998474
AACTTCTGCGTCTATC-1,0.000035,0.000035,0.000035,0.000035,0.000035,0.999823
AACTTGCCCGTATGCA-1,0.000031,0.000031,0.000031,0.000031,0.045535,0.954341
AACTTGCGTTCTCGCG-1,0.000083,0.000083,0.000083,0.000083,0.096912,0.902755
AACTTTACGGGAGCTT-1,0.000083,0.000083,0.000083,0.043221,0.000083,0.956447
AACTTTAGCTGCTGAG-1,0.000405,0.000405,0.013173,0.000405,0.000405,0.985209
AACTTTCTCGATCATG-1,0.000042,0.000042,0.000042,0.000042,0.000042,0.999789
AAGAAATCACCAGATT-1,0.000032,0.000032,0.000032,0.000032,0.000032,0.999838
AAGAAGGATCAGTTAG-1,0.000048,0.000048,0.035553,0.000048,0.183697,0.780606
AAGACATACGTGGTTT-1,0.000147,0.000147,0.462404,0.008615,0.000147,0.52854
AAGACTAACCCGTTGT-1,0.000154,0.000154,0.622574,0.000154,0.000154,0.37681
AAGACTGCAAGCTACT-1,0.00009,0.00009,0.011246,0.121757,0.054866,0.811951
AAGAGATGAATCGGTA-1,0.000061,0.000061,0.000061,0.000061,0.000061,0.999693
AAGAGCTCTTTATCGG-1,0.000014,0.000014,0.000014,0.305223,0.000015,0.694719
AAGAGGATGTACGCGA-1,0.00004,0.00004,0.00004,0.00004,0.038756,0.961083
AAGAGGCATGGATCGC-1,0.000102,0.000102,0.000102,0.324209,0.000102,0.675383
AAGAGGCCCTTTGGAA-1,0.000146,0.000146,0.133281,0.000146,0.008495,0.857784
AAGATTGGCGGAACGT-1,0.000042,0.000042,0.000042,0.007086,0.69607,0.296718
AAGCACCCTGCGTATC-1,0.000043,0.000043,0.018348,0.000043,0.000043,0.981478
AAGCATACTCTCCTGA-1,0.000075,0.000075,0.000075,0.000075,0.000075,0.999623
AAGCCGAAGCGGTTTA-1,0.000038,0.000038,0.000038,0.000039,0.000038,0.999808
AAGCCGCTTTACCTTG-1,0.000042,0.000042,0.000042,0.000042,0.000042,0.999791
AAGCCGGAGAGCAGGA-1,0.000271,0.000271,0.000271,0.000271,0.000271,0.998647
AAGCGCAGGGCTTTGA-1,0.000017,0.000017,0.000017,0.001479,0.000017,0.998454
AAGCTAGATCGAGTAA-1,0.000044,0.000044,0.000044,0.000044,0.000044,0.999781
AAGCTCGTGCCAAGTC-1,0.000065,0.000065,0.000065,0.016908,0.162956,0.81994
AAGCTCTTTCATGGTG-1,0.000048,0.000048,0.000048,0.001745,0.000048,0.998064
AAGGAGAACTTATAAG-1,0.000027,0.000027,0.059721,0.003053,0.001454,0.935717
AAGGAGCGGTTGGTGC-1,0.000072,0.000072,0.000072,0.000072,0.325466,0.674246
AAGGATCGATCGCTTG-1,0.000041,0.000041,0.000041,0.000041,0.075072,0.924764
AAGGATGAGGGACCTC-1,0.000061,0.000061,0.000061,0.035766,0.000061,0.963991
AAGGCAGGCTGTCTCC-1,0.000032,0.000032,0.000032,0.000032,0.077679,0.922193
AAGGCGCGTAAAGCTT-1,0.000042,0.000042,0.059867,0.000042,0.000042,0.939966
AAGGCTGTGCTCATCG-1,0.00007,0.00007,0.00007,0.00007,0.00007,0.999649
AAGGGACAGATTCTGT-1,0.000071,0.000071,0.015106,0.000071,0.000071,0.984612
AAGGTGATAAACCAGC-1,0.000051,0.000051,0.000051,0.000051,0.000051,0.999746
AAGTAAGCTTCCAAAC-1,0.000026,0.000026,0.823831,0.000026,0.000026,0.176065
AAGTAGAAGACCGGGT-1,0.000035,0.000035,0.035575,0.000035,0.000035,0.964283
AAGTAGTGACGCGAGG-1,0.000029,0.000029,0.000029,0.000029,0.000029,0.999857
AAGTCAATTGTCGTCA-1,0.000021,0.000021,0.002757,0.000021,0.000021,0.99716
AAGTCTAGTAGCTGCC-1,0.000028,0.000028,0.000028,0.000028,0.000028,0.999858
AAGTCTTCTGTGGCCT-1,0.000187,0.000187,0.114869,0.000187,0.000187,0.884384
AAGTGACGACCGAATT-1,0.000069,0.000069,0.000069,0.000069,0.002249,0.997475
AAGTGCAAAGGTAGAC-1,0.00009,0.00009,0.128776,0.00009,0.00009,0.870862
AAGTGCCTTGACTGTA-1,0.000057,0.000057,0.010094,0.007229,0.000057,0.982506
AAGTGCGTTAGAATCT-1,0.000085,0.000085,0.000085,0.000085,0.000085,0.999577
AAGTGTTTGGAGACGG-1,0.000036,0.000036,0.025608,0.000036,0.000036,0.974248
AAGTTCACTCCAAGCT-1,0.000112,0.000112,0.000112,0.000112,0.000112,0.99944
AAGTTCAGTCTGCGTA-1,0.000042,0.000042,0.000042,0.000042,0.000042,0.999788
AAGTTCGGCCAACAGG-1,0.000054,0.000054,0.000054,0.000054,0.000054,0.999731
AAGTTGTGATGTTATA-1,0.000216,0.000216,0.000216,0.000216,0.000216,0.998921
AAGTTTACTAATGGCA-1,0.000103,0.000103,0.000103,0.021433,0.000103,0.978154
AAGTTTATGGGCCCAA-1,0.000091,0.000091,0.000091,0.000091,0.000091,0.999547
AATAACAACGCTCGGC-1,0.000008,0.000008,0.000008,0.000008,0.000008,0.999958
AATAACACTAGAACAA-1,0.000035,0.000035,0.000035,0.002492,0.00368,0.993723
AATAAGTCCTCGAGAC-1,0.000052,0.000052,0.100113,0.000052,0.000052,0.899677
AATAATCTTCGTATCG-1,0.000121,0.000121,0.000121,0.000121,0.09174,0.907776
AATACAATGTTTCAGG-1,0.000016,0.000016,0.000016,0.000016,0.115786,0.884151
AATACCTGATGTGAAC-1,0.000042,0.000042,0.002829,0.000042,0.107946,0.889099
AATAGAATCTGTTTCA-1,0.000115,0.000115,0.037653,0.000115,0.085448,0.876553
AATAGCTACCGCGTGC-1,0.000018,0.000018,0.000018,0.000018,0.000018,0.999909
AATAGTCGCGAGTCGG-1,0.000151,0.000151,0.000151,0.000151,0.000151,0.999244
AATATCAAGGTCGGAT-1,0.000122,0.000122,0.052833,0.000122,0.000122,0.94668
AATATCCTAGCAAACT-1,0.000042,0.000042,0.894693,0.000042,0.000042,0.105138
AATATCGAATCAATGC-1,0.000015,0.000015,0.000015,0.000015,0.001899,0.998043
AATATCGAGGGTTCTC-1,0.000059,0.000059,0.152536,0.000059,0.000059,0.847229
AATATTGGAGTATTGA-1,0.000047,0.000047,0.000047,0.028057,0.018292,0.953509
AATCAGACTGCAGGAC-1,0.000331,0.000331,0.000331,0.000331,0.000331,0.998347
AATCATGTAAAGACTC-1,0.000063,0.000063,0.000063,0.000063,0.000063,0.999684
AATCCAAGGGCCTGAG-1,0.000154,0.000154,0.219621,0.000154,0.000154,0.779764
AATCCATGCAAGGGTG-1,0.000168,0.000168,0.000168,0.000168,0.000168,0.999158
AATCGCCTCAGCGCCA-1,0.000038,0.000038,0.006183,0.67795,0.114116,0.201676
AATCGCGCAGAGGACT-1,0.000016,0.000016,0.000016,0.000016,0.000016,0.999919
AATCGGGACACTACGA-1,0.000091,0.000091,0.000218,0.000091,0.000091,0.999419
AATCGGTATAGCCCTC-1,0.000233,0.000233,0.000233,0.014567,0.072571,0.912163
AATCGTGAGCCGAGCA-1,0.000108,0.000108,0.039245,0.000108,0.000108,0.960322
AATCTAGGTTTACTTG-1,0.000074,0.000074,0.000074,0.000074,0.034491,0.965213
AATCTATGCCGGAGCC-1,0.000051,0.000051,0.000051,0.000051,0.000051,0.999745
AATCTCTACTGTGGTT-1,0.000067,0.000067,0.000067,0.000067,0.016786,0.982948
AATCTGCGTTGGGACG-1,0.000065,0.000065,0.000065,0.000065,0.044741,0.955001
AATCTGGCTTTCTAGT-1,0.000051,0.000051,0.013176,0.018129,0.000051,0.96854
AATGACAGCAATGTCT-1,0.000156,0.000156,0.000156,0.000156,0.000156,0.999218
AATGACGTAGGATGTC-1,0.000064,0.000064,0.067105,0.000064,0.019854,0.91285
AATGACTGTCAGCCGG-1,0.000059,0.000059,0.000059,0.008634,0.087258,0.903931
AATGAGTTCGCATATG-1,0.000064,0.000065,0.000065,0.000065,0.053812,0.94593
AATGATGATACGCTAT-1,0.000079,0.000079,0.000079,0.000079,0.004182,0.995502
AATGATGCGACTCCTG-1,0.000049,0.000049,0.024754,0.000049,0.689912,0.285187
AATGCAACCGGGTACC-1,0.000059,0.000059,0.000059,0.000059,0.059024,0.940739
AATGCACCAAGCAATG-1,0.000142,0.000142,0.081917,0.000142,0.103322,0.814335
AATGGTCCACCGTTCA-1,0.00006,0.00006,0.005212,0.00006,0.140037,0.854571
AATGGTTCTCACAAGC-1,0.000223,0.000223,0.000223,0.000223,0.000223,0.998886
AATGTTGTCGTGAGAC-1,0.00007,0.00007,0.974781,0.00007,0.013412,0.011597
AATTAAAGGTCGGCGT-1,0.000048,0.000048,0.031573,0.000048,0.02969,0.938594
AATTAACGGATTTCCA-1,0.000045,0.000045,0.01821,0.000045,0.000045,0.98161
AATTACTCGTACGCTC-1,0.000374,0.000374,0.000374,0.000374,0.000374,0.998131
AATTAGCGCTGCAGCG-1,0.000019,0.000019,0.013055,0.000019,0.265181,0.721707
AATTCATAAGGGATCT-1,0.000063,0.000063,0.085708,0.000063,0.000063,0.91404
AATTCCAACTTGGTGA-1,0.000111,0.000111,0.641043,0.000111,0.000111,0.358515
AATTCCAAGCATGTAC-1,0.000228,0.000228,0.113451,0.000228,0.000228,0.885636
AATTCGATTCGAGGAT-1,0.00005,0.00005,0.00005,0.002107,0.094992,0.902749
AATTCTAGAGTTAGGC-1,0.000054,0.000054,0.000054,0.000054,0.004383,0.995401
AATTGAACGCTCTGGT-1,0.000067,0.000067,0.000067,0.000067,0.000067,0.999663
AATTGCAGCAATCGAC-1,0.000081,0.000081,0.604611,0.000081,0.000081,0.395065
AATTGTGGTTGCCAAA-1,0.000382,0.000382,0.000382,0.000382,0.000382,0.998089
AATTTGGTTCCAAAGA-1,0.000069,0.000069,0.068402,0.000069,0.000069,0.931322
ACAAACCGACAAGGCG-1,0.000136,0.000136,0.103739,0.000136,0.000136,0.895716
ACAAAGAAGGTAGGCC-1,0.000249,0.000249,0.000249,0.000249,0.000249,0.998756
ACAAAGCATGACCTAG-1,0.000052,0.000052,0.104448,0.000052,0.022619,0.872779
ACAAATCGCACCGAAT-1,0.000124,0.000124,0.000124,0.000124,0.000124,0.999379
ACAAATGGTAGTGTTT-1,0.000056,0.000056,0.000056,0.117024,0.010947,0.871861
ACAACGGTCCCTGCGA-1,0.000052,0.000052,0.000052,0.000052,0.028116,0.971677
ACAAGCAGTGCCTAGC-1,0.000055,0.000055,0.000055,0.000055,0.034917,0.964863
ACAAGCTATATGGAAG-1,0.000092,0.000092,0.430083,0.000092,0.000092,0.56955
ACAAGGAAATCCGCCC-1,0.000104,0.000104,0.000104,0.000104,0.000104,0.999482
ACAAGGACAAGAGGTT-1,0.000059,0.000059,0.000059,0.000059,0.031712,0.968052
ACAAGGATGCTTTAGG-1,0.000439,0.000439,0.000439,0.091727,0.000439,0.906519
ACAAGGGCAGGCTCTG-1,0.00005,0.00005,0.064796,0.028713,0.006619,0.899772
ACAATAGTCGTACGTT-1,0.000131,0.000131,0.004386,0.000131,0.000131,0.995092
ACAATCCATTTAAACC-1,0.000046,0.000046,0.020985,0.009136,0.007385,0.962401
ACAATCGATCTTTATA-1,0.000028,0.000028,0.148685,0.000028,0.000028,0.851204
ACAATTGTGTCTCTTT-1,0.000032,0.000032,0.030167,0.000032,0.686105,0.283633
ACAATTTAGGAGGCTC-1,0.00007,0.00007,0.00007,0.043701,0.034347,0.921742
ACAATTTGAGCAGTGG-1,0.000211,0.000211,0.000211,0.062096,0.000211,0.93706
ACAATTTGGCCATATT-1,0.000041,0.000041,0.000041,0.047661,0.009734,0.942483
ACACAAAGACGGGTGG-1,0.000093,0.000093,0.000093,0.000093,0.028033,0.971597
ACACAAATATTCCTAG-1,0.00004,0.00004,0.012058,0.053333,0.00004,0.934489
ACACACCAGGACCAGT-1,0.00005,0.00005,0.02033,0.010101,0.018696,0.950773
ACACACTTTCTACACG-1,0.000096,0.000096,0.000096,0.000096,0.000096,0.999519
ACACATTGACGCAACA-1,0.000098,0.000098,0.135444,0.000098,0.000098,0.864163
ACACATTTCCGTAGAC-1,0.000062,0.000062,0.026835,0.000062,0.000062,0.972916
ACACCACATAATTAGC-1,0.000023,0.000023,0.000023,0.00505,0.009379,0.9855
ACACCCAGCATGCAGC-1,0.00004,0.00004,0.00004,0.00004,0.004843,0.994996
ACACCCGAGAAATCCG-1,0.000065,0.000065,0.000065,0.000065,0.184418,0.815321
ACACCGAGCGCTCTTT-1,0.000095,0.000095,0.000095,0.049252,0.000095,0.95037
ACACCTTAAGTAGGGC-1,0.00008,0.00008,0.00008,0.00008,0.00008,0.999602
ACACCTTACTACTTGC-1,0.00002,0.00002,0.00002,0.00002,0.000466,0.999453
ACACGGCACTATGCAT-1,0.000034,0.000034,0.929612,0.000034,0.000034,0.070253
ACACGTAGGCCACAAG-1,0.000099,0.000099,0.029268,0.000099,0.000099,0.970337
ACACTCCAATGTCACT-1,0.000053,0.000053,0.000053,0.000053,0.000053,0.999736
ACACTGGGACAGTCGT-1,0.000064,0.000064,0.036504,0.000064,0.081833,0.881471
ACAGAACTGAGAACAA-1,0.000053,0.000053,0.000053,0.010824,0.000053,0.988965
ACAGATTAGGTTAGTG-1,0.000055,0.000055,0.000055,0.008353,0.020828,0.970655
ACAGCATAGAGCCAGT-1,0.000097,0.000097,0.123653,0.000097,0.000097,0.87596
ACAGCGACATTCTCAT-1,0.000213,0.000213,0.196068,0.000213,0.000213,0.803079
ACAGGAGGCGCAGCCG-1,0.000134,0.000134,0.454121,0.000134,0.000134,0.545342
ACAGGCACGGATCCTT-1,0.00009,0.00009,0.00009,0.00009,0.001104,0.998536
ACAGGCTTGCCCGACT-1,0.000053,0.000053,0.000053,0.000053,0.055749,0.944038
ACAGGTGGAGGTGAGG-1,0.000056,0.000056,0.000056,0.000056,0.000056,0.99972
ACAGGTGTGTTGTTGC-1,0.000216,0.000216,0.000216,0.000216,0.000216,0.998921
ACAGTAATACAACTTG-1,0.000074,0.000074,0.000074,0.000074,0.000074,0.999631
ACAGTATACCGTGGGA-1,0.000022,0.000022,0.067077,0.001368,0.000022,0.93149
ACATAATAAGGCGGTG-1,0.000078,0.000078,0.160247,0.000078,0.417874,0.421644
ACATCAGCTGGGACGC-1,0.000064,0.000064,0.000064,0.000064,0.000064,0.999678
ACATCCTGGTAACTGT-1,0.000058,0.000058,0.000058,0.000058,0.000058,0.999711
ACATCGGTCAGCCGCG-1,0.000055,0.000055,0.000055,0.000055,0.000055,0.999725
ACATCGTATGCAATGG-1,0.000068,0.000068,0.000068,0.000068,0.000068,0.999658
ACATCGTTAACCTAGT-1,0.000332,0.000332,0.000332,0.000332,0.000332,0.99834
ACATCTCAACGCGTAA-1,0.00005,0.00005,0.294476,0.00005,0.00005,0.705322
ACATGGCGCCAAAGTA-1,0.000047,0.000047,0.000047,0.000047,0.028695,0.971119
ACATGGCTCAATTTAG-1,0.000089,0.000089,0.225001,0.026482,0.106429,0.641909
ACATTAGTTTATATCC-1,0.000116,0.000116,0.000116,0.000116,0.062851,0.936686
ACATTTGAAACCTAAC-1,0.000031,0.000031,0.000031,0.000031,0.062602,0.937276
ACCAAACACCCAGCGA-1,0.000017,0.000017,0.013872,0.004785,0.000017,0.981294
ACCAAACTAGAAATCC-1,0.000059,0.000059,0.074705,0.000059,0.161458,0.763661
ACCAACACCACACACT-1,0.000023,0.000023,0.000023,0.000023,0.021447,0.97846
ACCAACCGCACTCCAC-1,0.000061,0.000061,0.755462,0.000061,0.000061,0.244294
ACCAAGAACGCGTGTC-1,0.000049,0.000049,0.106841,0.014039,0.000049,0.878974
ACCAAGTCATCGGCAG-1,0.000166,0.000166,0.165575,0.000166,0.000166,0.833761
ACCAATATGCAAGTTA-1,0.000094,0.000094,0.000094,0.000094,0.000094,0.99953
ACCACAAGTTTCTATC-1,0.000047,0.000047,0.000047,0.004502,0.000047,0.99531
ACCACACGGTTGATGG-1,0.00022,0.00022,0.00022,0.00022,0.172968,0.82615
ACCACCAATGTAACAA-1,0.000036,0.000036,0.000036,0.024349,0.285557,0.689985
ACCACCCTCTCTTCTA-1,0.000045,0.000045,0.000045,0.000045,0.000045,0.999774
ACCACGTGCAGCTATA-1,0.000156,0.000156,0.136109,0.000156,0.000156,0.863267
ACCACTGTTCAAGAAG-1,0.000129,0.000129,0.000129,0.000129,0.031767,0.967716
ACCAGACCATAACAAC-1,0.000216,0.000216,0.000216,0.000216,0.000216,0.998918
ACCAGCCCGGTCTTTG-1,0.000035,0.000035,0.006523,0.000035,0.000035,0.993335
ACCAGGAGTGTGATCT-1,0.000075,0.000075,0.000075,0.000075,0.028867,0.970835
ACCAGTGCGGGAGACG-1,0.000028,0.000028,0.000028,0.000028,0.000028,0.999859
ACCATATCCGCAATAA-1,0.000076,0.000076,0.000076,0.000076,0.011913,0.987782
ACCATCCGCCAACTAG-1,0.000086,0.000086,0.000086,0.000086,0.000086,0.999571
ACCATCGTATATGGTA-1,0.000044,0.000044,0.021497,0.000044,0.000044,0.978325
ACCATTAAGGGTGTCA-1,0.000152,0.000152,0.000152,0.000152,0.008225,0.991167
ACCCAACGCCCGTGGC-1,0.000054,0.000054,0.039752,0.027019,0.000054,0.933068
ACCCACCTACATGCTC-1,0.000052,0.000052,0.037979,0.000052,0.016146,0.945721
ACCCATCTTGAGGGTA-1,0.000071,0.000071,0.000071,0.000071,0.000071,0.999644
ACCCATTTGTCCCTCT-1,0.00021,0.00021,0.00021,0.00021,0.00021,0.998948
ACCCGGAAACTCCCAG-1,0.000054,0.000054,0.339565,0.000054,0.000054,0.660221
ACCCGGAGCACCACAA-1,0.000102,0.000102,0.000102,0.000102,0.069341,0.930252
ACCCGGATGACGCATC-1,0.000059,0.000059,0.000059,0.002386,0.000059,0.99738
ACCCGGTTACACTTCC-1,0.000092,0.000092,0.037812,0.000092,0.000092,0.961821
ACCCGTAGTCTAGTTG-1,0.000305,0.000305,0.138757,0.000305,0.000305,0.860022
ACCCTATAGGACTGAG-1,0.000029,0.000029,0.000684,0.000029,0.006774,0.992454
ACCCTCCCGTCAGGGC-1,0.000063,0.000063,0.102954,0.000063,0.000063,0.896795
ACCCTCCCTTGCTATT-1,0.000068,0.000068,0.734077,0.000068,0.000068,0.265652
ACCCTGGTAACGCCCT-1,0.000037,0.000037,0.000037,0.000037,0.097643,0.902208
ACCCTTCATCTGCGAA-1,0.000096,0.000096,0.000096,0.000096,0.000096,0.99952
ACCCTTGCCTGGGTCG-1,0.000039,0.000039,0.000039,0.000039,0.000039,0.999805
ACCGAAAGGGCCCTGC-1,0.00009,0.00009,0.00009,0.00009,0.059715,0.939924
ACCGACACATCTCCCA-1,0.000093,0.000093,0.000093,0.000093,0.000093,0.999537
ACCGACTGAGTCCCAC-1,0.000064,0.000064,0.000064,0.000064,0.064035,0.935708
ACCGAGTCTCCTTATT-1,0.000026,0.000026,0.000026,0.000026,0.045033,0.954863
ACCGATAGGCATAACC-1,0.000294,0.000294,0.000294,0.000294,0.000294,0.998528
ACCGATATTTAATCAT-1,0.000102,0.000102,0.044581,0.000102,0.131841,0.823271
ACCGATGGTAGCATCG-1,0.000076,0.000076,0.000076,0.025038,0.000076,0.974657
ACCGCAATAACTGCCT-1,0.000014,0.000014,0.009167,0.007808,0.000014,0.982982
ACCGCGGTGGAAGTCG-1,0.000032,0.000032,0.000032,0.000032,0.000032,0.99984
ACCGGGCCTTTGTTGA-1,0.00003,0.00003,0.063912,0.00003,0.00003,0.935969
ACCGTTCCCGCTCTGA-1,0.000131,0.000131,0.000131,0.000131,0.000131,0.999347
ACCTAAGTACCTTTCA-1,0.000075,0.000075,0.039954,0.000075,0.000075,0.959746
ACCTAATCGACTTCCT-1,0.000073,0.000073,0.000073,0.000073,0.000073,0.999634
ACCTACAGTATGTGGT-1,0.000034,0.000034,0.000034,0.000034,0.041481,0.958383
ACCTACTATAAATCTA-1,0.000218,0.000218,0.010877,0.000218,0.000218,0.988253
ACCTCCGCCCTCGCTG-1,0.00002,0.00002,0.00002,0.007186,0.001443,0.99131
ACCTCCGTTATTCACC-1,0.000029,0.000029,0.000029,0.000031,0.045219,0.954662
ACCTGCGTGTCATGTT-1,0.000073,0.000073,0.000073,0.000073,0.000073,0.999637
ACCTTTCCTTTAGAAG-1,0.00008,0.00008,0.00008,0.00008,0.00008,0.999601
ACGAAATGGGCGGCAC-1,0.000057,0.000057,0.01234,0.000057,0.000057,0.987431
ACGACCCATGAGTTGC-1,0.000256,0.000256,0.000256,0.000256,0.000256,0.998718
ACGACTCTAGGGCCGA-1,0.000025,0.000025,0.000025,0.000025,0.008564,0.991337
ACGAGAACCCATCACG-1,0.000185,0.000185,0.000185,0.000185,0.013724,0.985535
ACGAGGATACCACTCT-1,0.000034,0.000034,0.000034,0.000034,0.000034,0.999829
ACGAGTACGGATGCCC-1,0.000077,0.000077,0.047378,0.000077,0.000077,0.952315
ACGAGTCGCCGGCGTT-1,0.000153,0.000153,0.000153,0.000153,0.000153,0.999235
ACGATACCTATCCTGA-1,0.000229,0.000229,0.000229,0.000229,0.000229,0.998855
ACGATCATACATAGAG-1,0.000028,0.000028,0.02748,0.001323,0.00614,0.965001
ACGATCATCTTGTAAA-1,0.000048,0.000048,0.000048,0.009783,0.000048,0.990025
ACGATGCATATGTTAT-1,0.000061,0.000061,0.013465,0.000061,0.000061,0.986289
ACGATGGATCCGATGC-1,0.000034,0.000034,0.015252,0.017539,0.008992,0.958148
ACGCAATCACTACAGC-1,0.000071,0.000071,0.000071,0.000071,0.000071,0.999646
ACGCATACGTTTACTA-1,0.000054,0.000054,0.085791,0.000054,0.006009,0.908037
ACGCATTCGTGAGTAC-1,0.000018,0.000018,0.000018,0.619024,0.000018,0.380904
ACGCCACTCGAAACAG-1,0.000129,0.000129,0.000129,0.000129,0.000129,0.999353
ACGCCAGATGATTTCT-1,0.000147,0.000147,0.000147,0.000147,0.039406,0.960007
ACGCCAGTGCGTTTGC-1,0.000054,0.000054,0.152247,0.000054,0.473428,0.374163
ACGCCCAGCTGTCGAT-1,0.000037,0.000037,0.000037,0.000037,0.000037,0.999815
ACGCCGCTAGACGACC-1,0.000041,0.000041,0.096142,0.000041,0.000041,0.903694
ACGCCTGACACGCGCT-1,0.00003,0.00003,0.130844,0.00003,0.00003,0.869035
ACGCGCTACACAGGGT-1,0.000073,0.000073,0.000073,0.000073,0.070754,0.928952
ACGCGGGCCAAGGACA-1,0.000024,0.000024,0.028626,0.460809,0.022541,0.487975
ACGCGTTTCTTAAGAG-1,0.000117,0.000117,0.000117,0.000117,0.000117,0.999416
ACGCTACTGAATGGGC-1,0.000192,0.000192,0.209658,0.000192,0.000192,0.789575
ACGCTAGTGATACACT-1,0.000069,0.000069,0.000069,0.036236,0.000069,0.963487
ACGCTGTGAGGCGTAG-1,0.000021,0.000021,0.002324,0.003995,0.006275,0.987364
ACGGAACACGAGTGCC-1,0.000035,0.000035,0.034256,0.000035,0.055443,0.910198
ACGGAATTTAGCAAAT-1,0.000035,0.000035,0.11659,0.000035,0.000035,0.883272
ACGGACTCTCAAAGCG-1,0.000064,0.000064,0.003962,0.000064,0.000064,0.995782
ACGGAGCGCAAATTAC-1,0.00004,0.00004,0.00004,0.005416,0.00004,0.994423
ACGGATGGTGCGGATA-1,0.000057,0.000057,0.000057,0.000057,0.005093,0.994678
ACGGCGACGATGGGAA-1,0.00012,0.00012,0.095138,0.00012,0.010819,0.893683
ACGGCGGGTTGCCCTG-1,0.000119,0.000119,0.000119,0.000119,0.016653,0.98287
ACGGGAGTGTCGGCCC-1,0.000062,0.000062,0.015812,0.000062,0.000062,0.983938
ACGGGCGTATGCGACA-1,0.000025,0.000025,0.000025,0.000025,0.000025,0.999875
ACGGGTCATGTGACTT-1,0.000113,0.000113,0.000113,0.000113,0.00827,0.991278
ACGGTACAGTTCAATG-1,0.000029,0.000029,0.000029,0.000029,0.088891,0.910993
ACGTACAGATTTCTCT-1,0.000105,0.000105,0.100666,0.000105,0.000105,0.898913
ACGTAGATTGCTGATG-1,0.000113,0.000113,0.000619,0.041927,0.130744,0.826483
ACGTAGGAGAGTCGCT-1,0.000251,0.000251,0.000251,0.000251,0.000251,0.998745
ACGTATTACTCCGATC-1,0.000073,0.000073,0.126186,0.000073,0.000073,0.873524
ACGTCCTAAACGAGAT-1,0.000032,0.000032,0.017984,0.000687,0.063457,0.917808
ACGTCTCGTTCCGGGA-1,0.000297,0.000297,0.084141,0.000297,0.000297,0.914673
ACGTGACAAAGTAAGT-1,0.00005,0.00005,0.026147,0.00005,0.00005,0.973653
ACGTGCGCCTCGTGCA-1,0.000103,0.000103,0.033244,0.000103,0.000103,0.966346
ACGTGGTCGAATGTGC-1,0.000158,0.000158,0.071786,0.000158,0.000158,0.927582
ACGTTAATGTCGAAGA-1,0.000066,0.000066,0.064321,0.072102,0.097656,0.765789
ACGTTAGATTTGCCCG-1,0.000049,0.000049,0.000049,0.000049,0.01689,0.982913
ACGTTATTGGTCACTC-1,0.000024,0.000024,0.000024,0.000024,0.000024,0.99988
ACGTTCCGCGCTCCGT-1,0.000096,0.000096,0.072058,0.000096,0.000096,0.927559
ACGTTCGCAATCAATT-1,0.000021,0.000021,0.000021,0.013796,0.000021,0.98612
ACGTTCTGTACAAGTC-1,0.000093,0.000093,0.520195,0.000093,0.000093,0.479433
ACGTTTAGTTGTGATC-1,0.000037,0.000037,0.025055,0.000037,0.000037,0.974799
ACGTTTCGGTGCACTT-1,0.000237,0.000237,0.238088,0.000237,0.000237,0.760965
ACTACCAGCTCTCTGG-1,0.00005,0.00005,0.00005,0.00005,0.012652,0.987148
ACTAGTTGCGATCGTC-1,0.00003,0.00003,0.00003,0.00003,0.012321,0.987557
ACTATCCAGGGCATGG-1,0.000017,0.000017,0.000017,0.023446,0.000017,0.976487
ACTATCGCCGGCTAAA-1,0.000157,0.000157,0.000157,0.000157,0.000157,0.999214
ACTATCTGCCCGCGTA-1,0.000042,0.000042,0.013564,0.00878,0.000042,0.977529
ACTATTCGTCCGTGGT-1,0.000168,0.000168,0.019866,0.000168,0.000168,0.979461
ACTCAACGAATGTATT-1,0.000216,0.000216,0.171878,0.000216,0.000216,0.827258
ACTCAAGTGCAAGGCT-1,0.000352,0.000352,0.000352,0.000352,0.000352,0.998242
ACTCAATAAAGGCACG-1,0.000249,0.000249,0.038477,0.06816,0.04905,0.843816
ACTCAGACCTGCTTCT-1,0.000091,0.000091,0.092025,0.000091,0.508336,0.399368
ACTCCCATTCCTAAAG-1,0.000089,0.000089,0.000089,0.000089,0.000089,0.999555
ACTCCCGAATTCGTTT-1,0.000075,0.000075,0.000075,0.000075,0.000075,0.999624
ACTCCCGTAGACTAGG-1,0.000052,0.000052,0.000052,0.000052,0.000052,0.999739
ACTCCCTAATGCTAAA-1,0.00007,0.00007,0.00007,0.00007,0.00007,0.99965
ACTCCCTAGAATAGTA-1,0.000033,0.000033,0.004565,0.000033,0.000033,0.995305
ACTCCGGCCGACCACT-1,0.000029,0.000029,0.000029,0.000029,0.000549,0.999334
ACTCGATGTATTTCAT-1,0.000097,0.000097,0.000097,0.000097,0.107129,0.892482
ACTCGCCGTTCGATAA-1,0.000117,0.000117,0.83291,0.000117,0.000117,0.166623
ACTCGCGATCTGACGC-1,0.000054,0.000054,0.000054,0.000054,0.000054,0.99973
ACTCGTAACCCGTCCT-1,0.000078,0.000078,0.000078,0.000078,0.000078,0.999608
ACTCGTCAGTAATCCC-1,0.000015,0.000015,0.000015,0.787765,0.019009,0.19318
ACTCTAAACCTGGGAT-1,0.00011,0.00011,0.00011,0.00011,0.00011,0.99945
ACTCTCTGACTTAGGT-1,0.000055,0.000055,0.000055,0.071657,0.000055,0.928121
ACTCTGACCTAATAGA-1,0.000128,0.000128,0.380395,0.000128,0.000128,0.619092
ACTCTTCAGCTCCCGC-1,0.000043,0.000043,0.000043,0.000043,0.000043,0.999786
ACTCTTGTATAGTAAC-1,0.000113,0.000113,0.000113,0.035082,0.054855,0.909724
ACTGAAACGCCGTTAG-1,0.000092,0.000092,0.000092,0.005266,0.000092,0.994365
ACTGAATGGCGAAAGT-1,0.000143,0.000143,0.0846,0.000143,0.000143,0.914827
ACTGCCGTCGTAACTC-1,0.000239,0.000239,0.073162,0.000239,0.000239,0.92588
ACTGCGGACACACCGT-1,0.000028,0.000028,0.000028,0.000028,0.030466,0.96942
ACTGCTCGGAAGGATG-1,0.000028,0.000028,0.002531,0.000028,0.000028,0.997356
ACTGTAGCACTTTGGA-1,0.000065,0.000065,0.000065,0.000065,0.005674,0.994066
ACTGTATACGCGAGCA-1,0.000152,0.000152,0.000152,0.000152,0.000152,0.999242
ACTGTCCAGGATTATA-1,0.000068,0.000068,0.000068,0.002944,0.000068,0.996784
ACTGTCTTCTTTAGAA-1,0.000023,0.000023,0.000023,0.044358,0.02095,0.934622
ACTGTGCTAGTAGATC-1,0.000078,0.000078,0.000078,0.000078,0.000078,0.999611
ACTGTTTAGTGTAGGC-1,0.00012,0.00012,0.00012,0.00012,0.00012,0.9994
ACTTACGCATCCACGC-1,0.000109,0.000109,0.000109,0.000109,0.001699,0.997865
ACTTAGTACGACAAGA-1,0.000024,0.000024,0.000024,0.000024,0.000024,0.999879
ACTTATACTTACCCGG-1,0.000027,0.000027,0.000027,0.000027,0.000882,0.999009
ACTTATCTGATCTATA-1,0.000179,0.000179,0.042705,0.000179,0.000179,0.956578
ACTTATTAGGATCGGT-1,0.000058,0.000058,0.000058,0.000058,0.000058,0.99971
ACTTATTTATGTGCCA-1,0.000046,0.000046,0.053371,0.016357,0.000046,0.930133
ACTTCAGGCTGATCCC-1,0.000078,0.000078,0.000078,0.000078,0.000078,0.999608
ACTTCCATGCGGGACA-1,0.000163,0.000163,0.000163,0.045663,0.000163,0.953684
ACTTCGCTAGCGAGTG-1,0.000047,0.000047,0.000047,0.000047,0.000047,0.999766
ACTTGACTCCCTCTTT-1,0.000029,0.000029,0.024102,0.039513,0.000029,0.936299
ACTTGCCATATTGTAC-1,0.000119,0.000119,0.000119,0.000119,0.000119,0.999404
ACTTGGGACCCGGTGG-1,0.000056,0.000056,0.000056,0.000056,0.000056,0.999722
ACTTGTAGTCCCTTCA-1,0.000173,0.000173,0.000173,0.000173,0.036653,0.962657
ACTTGTGGATGGAACG-1,0.000006,0.000006,0.000006,0.00166,0.000006,0.998318
ACTTTACCCTCATGAA-1,0.000027,0.000027,0.000027,0.01778,0.003221,0.978919
ACTTTCCTATAGCTTC-1,0.000049,0.000049,0.000049,0.084119,0.051781,0.863952
ACTTTGACTGCATCCT-1,0.000066,0.000066,0.000066,0.00969,0.039887,0.950225
ACTTTGTCGACGCACT-1,0.000155,0.000155,0.000155,0.000155,0.168906,0.830475
AGAAATTATGACTCGC-1,0.000031,0.000031,0.027258,0.000031,0.010423,0.962227
AGAACCCAGCGTGACA-1,0.00004,0.00004,0.00004,0.00004,0.00004,0.999801
AGAACTGTACTTTGTA-1,0.000105,0.000105,0.028498,0.000105,0.289289,0.681896
AGAAGAGCGCCGTTCC-1,0.000809,0.000809,0.000809,0.000809,0.490883,0.50588
AGAAGGTACACTTCAC-1,0.000079,0.000079,0.018572,0.000079,0.000079,0.981111
AGAAGGTTGCCGAATT-1,0.000084,0.000084,0.000084,0.000084,0.000084,0.999582
AGAAGGTTGTAGGTCG-1,0.000031,0.000031,0.000031,0.000031,0.000031,0.999846
AGAAGTGATTCGTGAT-1,0.000108,0.000108,0.000108,0.000108,0.000108,0.999458
AGAATAAATCTTCAGG-1,0.000046,0.000046,0.000046,0.000046,0.231276,0.768538
AGAATTATGGATTCGA-1,0.000039,0.000039,0.000039,0.033015,0.000039,0.966828
AGAATTGTTTGACATA-1,0.000076,0.000076,0.000076,0.000076,0.000076,0.999621
AGACAGCTCAGAATCC-1,0.000118,0.000118,0.000118,0.000118,0.000118,0.99941
AGACAGGCATCTCAGC-1,0.000096,0.000096,0.000096,0.000096,0.059102,0.940513
AGACATAGATCCTTCC-1,0.000244,0.000244,0.263613,0.000244,0.000244,0.735409
AGACCAAACCACACCT-1,0.000064,0.000064,0.000064,0.000064,0.000064,0.999681
AGACCATGGGATACAA-1,0.000049,0.000049,0.028658,0.000049,0.000049,0.971146
AGACCCACCGCTGATC-1,0.000041,0.000041,0.000041,0.000041,0.000041,0.999796
AGACCCGCCCTCCTCG-1,0.000071,0.000071,0.000071,0.000071,0.019096,0.98062
AGACCGCTCCGCGGTT-1,0.000052,0.000052,0.000052,0.000052,0.000052,0.999739
AGACCGGGAAACCCTG-1,0.000073,0.000073,0.000073,0.010751,0.05443,0.934601
AGACGAAGTGCCGGTC-1,0.000016,0.000016,0.000016,0.000016,0.99982,0.000115
AGACGACGATGCCGCT-1,0.000059,0.000059,0.029597,0.038137,0.000059,0.932087
AGACGCCCACTTCGCC-1,0.00003,0.00003,0.00003,0.00003,0.00003,0.99985
AGACTAGCCTTCCAGA-1,0.000058,0.000058,0.031691,0.000058,0.015008,0.953125
AGAGAACCGTCTAGGA-1,0.000037,0.000037,0.000037,0.000037,0.009853,0.99
AGAGATCTCTAAAGCG-1,0.000059,0.000059,0.020954,0.021775,0.000059,0.957093
AGAGCAGTTATGAGAC-1,0.000094,0.000094,0.000094,0.000094,0.000094,0.999528
AGAGCCGCCGAGATTT-1,0.000202,0.000202,0.000202,0.000202,0.000202,0.998989
AGAGCGCTTGTAACGG-1,0.000034,0.000034,0.000034,0.000034,0.000034,0.999832
AGAGCGGGCTAATCAT-1,0.000042,0.000042,0.000042,0.012171,0.018661,0.969042
AGAGCGTACAAGCTCG-1,0.000064,0.000064,0.000064,0.006257,0.031069,0.962482
AGAGCTACGAAAGCAT-1,0.00009,0.00009,0.00009,0.00009,0.015452,0.984189
AGAGGCTTCGGAAACC-1,0.000055,0.000055,0.000055,0.000055,0.05454,0.945242
AGAGGTATCTCGGTCC-1,0.000103,0.000103,0.000103,0.000103,0.000103,0.999484
AGAGTAAACTTCACTA-1,0.000033,0.000033,0.000033,0.000033,0.053601,0.946267
AGAGTATAGTGTTACG-1,0.000075,0.000075,0.00603,0.000075,0.016752,0.976993
AGATAACTTCAGGGCC-1,0.00007,0.00007,0.00007,0.00007,0.00007,0.999652
AGATACCAATAGAACC-1,0.000115,0.000115,0.274288,0.000115,0.000115,0.725252
AGATACCAGCACTTCA-1,0.000041,0.000041,0.000041,0.06367,0.000041,0.936168
AGATACCGGTGTTCAC-1,0.000104,0.000104,0.000104,0.000104,0.02932,0.970265
AGATACGACTTCATAT-1,0.000046,0.000046,0.000046,0.000046,0.042626,0.957189
AGATACTCAAGATCGA-1,0.000078,0.000078,0.000078,0.000078,0.000078,0.999608
AGATATAATACGACTA-1,0.000058,0.000058,0.001009,0.000058,0.000058,0.998761
AGATCGTGCATAAGAT-1,0.000048,0.000048,0.025713,0.000048,0.038469,0.935675
AGATGACTCGCCCACG-1,0.000135,0.000135,0.382023,0.000135,0.000135,0.617437
AGATGATGGAGTCTGG-1,0.000061,0.000061,0.000061,0.000061,0.243422,0.756335
AGATGCATCCTGTGTC-1,0.000252,0.000252,0.000252,0.000252,0.000252,0.998741
AGATGCTATAACGAGC-1,0.000144,0.000144,0.210528,0.000144,0.129639,0.659399
AGATTATAGGACGTTT-1,0.000099,0.000099,0.045119,0.000099,0.226165,0.728419
AGATTCACAACCGATA-1,0.000071,0.000071,0.000071,0.000071,0.039796,0.959919
AGCAAAGGCCGCTAGT-1,0.000048,0.000048,0.073485,0.000048,0.000048,0.926325
AGCAACATATCTTATT-1,0.000035,0.000035,0.037055,0.027669,0.003434,0.931772
AGCACCAGTACTCACG-1,0.00008,0.00008,0.015634,0.00008,0.020822,0.963303
AGCACTACCGGCCTGT-1,0.00008,0.00008,0.00008,0.00008,0.00008,0.9996
AGCACTACCTCACCAG-1,0.000045,0.000045,0.000045,0.000045,0.100957,0.898863
AGCACTTAAGGACGCC-1,0.000046,0.000046,0.000046,0.005933,0.008299,0.985631
AGCAGAAGGAGAAAGA-1,0.000051,0.000051,0.054206,0.000051,0.000051,0.945589
AGCAGTCGAAGCATGC-1,0.000093,0.000093,0.025312,0.000093,0.05571,0.9187
AGCATATCAATATGCT-1,0.000028,0.000028,0.013601,0.000028,0.004605,0.98171
AGCATCATTTCGAAAG-1,0.000055,0.000055,0.000055,0.000055,0.031002,0.968776
AGCATCGTCGATAATT-1,0.000078,0.000078,0.332053,0.068775,0.003289,0.595726
AGCATTACGAGGCAAG-1,0.000165,0.000165,0.464976,0.000165,0.000165,0.534363
AGCCAAGCTTTGTGTC-1,0.000125,0.000125,0.000125,0.000125,0.135815,0.863685
AGCCACAGGTTACCCG-1,0.00034,0.00034,0.00034,0.00034,0.00034,0.998299
AGCCATATAGTATGTG-1,0.000078,0.000078,0.022153,0.000078,0.000078,0.977536
AGCCCATACATGTAAG-1,0.000029,0.000029,0.000029,0.000029,0.000029,0.999853
AGCCCGCACTACAATG-1,0.000186,0.000186,0.000186,0.000186,0.000186,0.99907
AGCCCTAAGCGAAGTT-1,0.000044,0.000044,0.000044,0.000044,0.006235,0.99359
AGCCCTGTCGCACCGT-1,0.000043,0.000043,0.000043,0.004106,0.000043,0.995722
AGCCCTTCTAATCCGA-1,0.000044,0.000044,0.000044,0.000044,0.033454,0.966369
AGCCCTTGGACATCCC-1,0.000013,0.000013,0.000013,0.000013,0.000013,0.999935
AGCCGCAAATTCAAAT-1,0.000011,0.000011,0.000011,0.000011,0.000011,0.999945
AGCCGCTTGATTAGCG-1,0.000141,0.000141,0.000141,0.000141,0.000141,0.999296
AGCCGTGGCTAAATGT-1,0.000068,0.000068,0.000068,0.021865,0.000068,0.977865
AGCCTAATACCCACGT-1,0.000079,0.000079,0.000079,0.000079,0.018363,0.981321
AGCCTTAAAGCGGAAG-1,0.000106,0.000106,0.000106,0.000106,0.000106,0.999471
AGCGACAGGAACGGTC-1,0.00007,0.00007,0.00007,0.027643,0.00007,0.972078
AGCGACATCCCATTCA-1,0.00005,0.00005,0.038425,0.016327,0.007182,0.937966
AGCGACCAACGATATT-1,0.000071,0.000071,0.000071,0.000071,0.000071,0.999644
AGCGATGCGCCTAATA-1,0.000265,0.000265,0.000265,0.000265,0.000265,0.998677
AGCGCGGGTGCCAATG-1,0.000033,0.000033,0.000033,0.000033,0.000033,0.999836
AGCGCTAGAGCGATGT-1,0.00006,0.00006,0.00006,0.00006,0.00006,0.999702
AGCGGACACTTCGTAG-1,0.00031,0.00031,0.00031,0.00031,0.00031,0.998451
AGCGGCGGTTAGCGGT-1,0.000068,0.000068,0.000068,0.000068,0.000068,0.999662
AGCGGGAAGGGTCCAT-1,0.00003,0.00003,0.229426,0.00003,0.00526,0.765224
AGCGGGTCTGACACTC-1,0.000033,0.000033,0.041794,0.000033,0.000033,0.958072
AGCGGTTGCCGCTCTG-1,0.000045,0.000045,0.000045,0.000045,0.000045,0.999777
AGCGTACGAGAGCTAG-1,0.000139,0.000139,0.000139,0.000139,0.000139,0.999303
AGCGTAGCGCTAGACC-1,0.000213,0.000213,0.312124,0.000213,0.000213,0.687026
AGCGTCTGAACCCGCA-1,0.000175,0.000175,0.299888,0.000175,0.000175,0.699413
AGCGTGGTATTCTACT-1,0.000052,0.000052,0.027733,0.02865,0.000052,0.94346
AGCTAAGTACGCAGGC-1,0.000084,0.000084,0.000084,0.000084,0.000084,0.999579
AGCTAGAAGCAGAAGT-1,0.000048,0.000048,0.094438,0.000048,0.004658,0.900758
AGCTATTTAATCCAAC-1,0.000119,0.000119,0.000119,0.000119,0.056274,0.943251
AGCTCCATATATGTTC-1,0.00007,0.00007,0.118858,0.00007,0.010364,0.870569
AGCTCCTTCGCACATC-1,0.000138,0.000138,0.069784,0.000138,0.000138,0.929662
AGCTCGTTGATGGAAA-1,0.000033,0.000033,0.000033,0.000033,0.0026,0.997268
AGCTCTAGACGTTCCA-1,0.000032,0.000032,0.005508,0.157516,0.004107,0.832805
AGCTCTTCGTAACCTT-1,0.000039,0.000039,0.000039,0.000039,0.017627,0.982217
AGCTCTTTACTCAGTT-1,0.000068,0.000068,0.000068,0.016796,0.253592,0.729406
AGCTGTAACCTCAATC-1,0.00022,0.00022,0.024485,0.00022,0.00022,0.974633
AGCTTATAGAGACCTG-1,0.000269,0.000269,0.134944,0.073872,0.000269,0.790377
AGCTTCAATACTTTGA-1,0.000038,0.000038,0.094409,0.010927,0.000038,0.89455
AGCTTCTTCTCGAGCA-1,0.00008,0.00008,0.534172,0.00008,0.027749,0.437838
AGCTTGATCTTAACTT-1,0.000049,0.000049,0.000049,0.000049,0.000049,0.999753
AGGAAAGCCTCTGATG-1,0.000231,0.000231,0.000231,0.000231,0.000231,0.998846
AGGAACGAACGACTTC-1,0.000113,0.000113,0.012204,0.000113,0.000113,0.987345
AGGAAGCTGTCCGCCG-1,0.000224,0.000224,0.451587,0.000224,0.000224,0.547517
