Barcode,Topic 1,Topic 2,Topic 3,Topic 4,Topic 5,Topic 6,Topic 7,Topic 8
AAACAACGAATAGTTC-1,0.000029,0.270496,0.20357,0.044544,0.1332,0.040304,0.084092,0.223765
AAACAAGTATCTCCCA-1,0.000079,0.377655,0.002587,0.002398,0.090789,0.180258,0.231841,0.114393
AAACAATCTACTAGCA-1,0.000159,0.216964,0.00016,0.00016,0.242511,0.002627,0.00016,0.537259
AAACACCAATAACTGC-1,0.000178,0.038029,0.000178,0.000178,0.000178,0.000178,0.075995,0.885086
AAACAGAGCGACTCCT-1,0.000177,0.000177,0.000177,0.000177,0.277402,0.376479,0.000177,0.345232
AAACAGCTTTCAGAAG-1,0.00006,0.102349,0.005011,0.00006,0.194177,0.103081,0.00006,0.595203
AAACAGGGTCTATATT-1,0.000051,0.000052,0.003718,0.000052,0.000052,0.000052,0.780048,0.215976
AAACATGGTGAGAGGA-1,0.00007,0.00007,0.00007,0.00007,0.002875,0.061006,0.39348,0.542358
AAACATTTCCCGGATT-1,0.000202,0.000203,0.000202,0.000202,0.397527,0.000202,0.082402,0.51906
AAACCACTACACAGAT-1,0.000062,0.000062,0.011908,0.076294,0.004841,0.016758,0.790164,0.099912
AAACCCGAACGAAATC-1,0.000231,0.038553,0.000231,0.000231,0.094305,0.000231,0.000231,0.865984
AAACCGGAAATGTTAA-1,0.000086,0.289016,0.000086,0.000086,0.055341,0.062803,0.227551,0.365031
AAACCGGGTAGGTACC-1,0.000011,0.357149,0.104757,0.054355,0.018215,0.138176,0.327325,0.000011
AAACCGTTCGTCCAGG-1,0.000104,0.000104,0.000104,0.034788,0.131327,0.020346,0.201425,0.611801
AAACCTCATGAAGTTG-1,0.00003,0.365836,0.036198,0.010962,0.241633,0.235415,0.00003,0.109898
AAACGAAGATGGAGTA-1,0.000115,0.000115,0.022139,0.000115,0.000115,0.000115,0.570832,0.406455
AAACGACAGTCTTGCC-1,0.000189,0.000189,0.000189,0.000189,0.000189,0.000189,0.45305,0.545816
AAACGCCCGAGATCGG-1,0.000346,0.000347,0.000347,0.000347,0.000347,0.000347,0.000347,0.997573
AAACGGGCGTACGGGT-1,0.000198,0.047966,0.000199,0.000199,0.016787,0.422786,0.353265,0.158601
AAACGGGTTGGTATCC-1,0.000064,0.351387,0.003804,0.286235,0.146531,0.026177,0.064954,0.120849
AAACGTGTTCGCCCTA-1,0.000052,0.06349,0.055081,0.038744,0.016339,0.002867,0.506278,0.317149
AAACTAACGTGGCGAC-1,0.000146,0.000146,0.000146,0.081538,0.012302,0.156749,0.330484,0.418489
AAACTCGTGATATAAG-1,0.000048,0.15475,0.027168,0.000048,0.217508,0.228227,0.173246,0.199005
AAACTTAATTGCACGC-1,0.000152,0.000153,0.000153,0.000153,0.000153,0.000153,0.000153,0.998933
AAACTTGCAAACGTAT-1,0.000298,0.000298,0.000298,0.000298,0.000298,0.000298,0.000298,0.997913
AAAGAATGACCTTAGA-1,0.000076,0.000077,0.000077,0.000077,0.000077,0.000077,0.543012,0.456528
AAAGAATGTGGACTAA-1,0.000062,0.202786,0.033597,0.05046,0.175561,0.000427,0.067072,0.470035
AAAGACCCAAGTCGCG-1,0.000058,0.299492,0.060012,0.000058,0.263295,0.097291,0.000058,0.279737
AAAGACTGGGCGCTTT-1,0.000099,0.205549,0.03181,0.06763,0.353045,0.068116,0.086181,0.187569
AAAGCTTGCCTACATA-1,0.000134,0.191942,0.110214,0.000134,0.37463,0.241537,0.000134,0.081275
AAAGGCCCTATAATAC-1,0.000062,0.000062,0.024847,0.040703,0.070253,0.134937,0.27969,0.449445
AAAGGGCAGCTTGAAT-1,0.000061,0.39333,0.000061,0.017705,0.322138,0.012318,0.000061,0.254327
AAAGGTAAGCTGTACC-1,0.000132,0.000133,0.038426,0.059765,0.000736,0.137141,0.264254,0.499414
AAAGGTCAACGACATG-1,0.000068,0.000068,0.031465,0.100461,0.211048,0.11731,0.136248,0.403333
AAAGTAGCATTGCTCA-1,0.000119,0.000119,0.000119,0.038866,0.129225,0.008311,0.030777,0.792464
AAAGTCACTGATGTAA-1,0.000132,0.061318,0.000133,0.000147,0.458768,0.035136,0.000133,0.444233
AAAGTCGACCCTCAGT-1,0.000031,0.000033,0.000031,0.000031,0.17914,0.093334,0.528842,0.198558
AAAGTGTGATTTATCT-1,0.000135,0.084412,0.036728,0.000135,0.331162,0.000135,0.104455,0.442838
AAAGTTGACTCCCGTA-1,0.00007,0.088891,0.00007,0.003502,0.327034,0.133549,0.141435,0.305449
AAATAACCATACGGGA-1,0.000042,0.344523,0.100916,0.014967,0.048441,0.417722,0.037061,0.036328
AAATAAGGTAGTGCCC-1,0.000042,0.168878,0.077359,0.095932,0.156018,0.096492,0.010153,0.395126
AAATAGCTTAGACTTT-1,0.000539,0.00054,0.00054,0.00054,0.218099,0.00054,0.246478,0.532725
AAATCACTCCTAAACG-1,0.000049,0.000049,0.000049,0.000049,0.001068,0.000049,0.859697,0.138989
AAATCCGATACACGCC-1,0.000053,0.367246,0.041965,0.058632,0.15198,0.164316,0.023934,0.191874
AAATCGCGGAAGGAGT-1,0.000105,0.000105,0.000105,0.028065,0.000105,0.050552,0.000105,0.920858
AAATCTAGCCCTGCTA-1,0.000115,0.178331,0.009495,0.007973,0.138908,0.126443,0.205785,0.332949
AAATGATTCGATCAGC-1,0.000068,0.098807,0.094013,0.103464,0.122287,0.324286,0.031259,0.225816
AAATGCTCGTTACGTT-1,0.000121,0.000121,0.000121,0.000121,0.278996,0.072406,0.052548,0.595567
AAATGGCCCGTGCCCT-1,0.000096,0.000096,0.000096,0.000096,0.000096,0.000096,0.857412,0.142012
AAATGGTCAATGTGCC-1,0.000077,0.109583,0.3963,0.000077,0.237444,0.056971,0.011744,0.187803
AAATGTATCTTATCCC-1,0.000043,0.000043,0.000043,0.001417,0.018328,0.017387,0.376156,0.586584
AAATTAACGGGTAGCT-1,0.000068,0.000068,0.32967,0.000068,0.409527,0.186525,0.000068,0.074007
AAATTAATAAGCGCGA-1,0.00003,0.00003,0.00003,0.153132,0.000889,0.023887,0.492945,0.329058
AAATTACACGACTCTG-1,0.000029,0.000246,0.106594,0.005022,0.126165,0.561436,0.035124,0.165385
AAATTACCTATCGATG-1,0.000065,0.123236,0.196683,0.004554,0.265557,0.226759,0.135337,0.047809
AAATTCCAGGTCCAAA-1,0.000183,0.141329,0.192167,0.000183,0.097552,0.254083,0.020418,0.294085
AAATTGATAGTCCTTT-1,0.0001,0.0001,0.0001,0.287357,0.0001,0.0001,0.245702,0.46644
AAATTGCGGCGGTTCT-1,0.000579,0.00058,0.00058,0.00058,0.00058,0.00058,0.00058,0.995943
AAATTGGTGAGAAGCA-1,0.000067,0.055798,0.13183,0.088805,0.012363,0.089262,0.066579,0.555296
AAATTTGCGGGTGTGG-1,0.000181,0.000181,0.000181,0.000181,0.005586,0.040218,0.000181,0.953291
AACAACTGGTAGTTGC-1,0.000022,0.305755,0.522626,0.000022,0.119433,0.01172,0.001466,0.038954
AACAATACATTGTCGA-1,0.000106,0.080461,0.149096,0.058352,0.007331,0.000106,0.000106,0.704441
AACAATTACTCTACGC-1,0.000034,0.3352,0.23395,0.000034,0.080347,0.213224,0.057916,0.079295
AACACACGCTCGCCGC-1,0.000155,0.40232,0.027463,0.018469,0.335855,0.017204,0.108374,0.090161
AACACGAGACGCGGCC-1,0.000112,0.000113,0.000113,0.000113,0.000113,0.031461,0.252184,0.715792
AACACGCGGCCGCGAA-1,0.000089,0.186021,0.000089,0.000089,0.338229,0.000142,0.000089,0.475253
AACAGCTGTGTGGCAA-1,0.000124,0.000124,0.000124,0.000124,0.082869,0.000124,0.135378,0.781131
AACAGGATGGGCCGCG-1,0.000091,0.287201,0.009227,0.000091,0.15358,0.005782,0.090788,0.45324
AACAGGTAGTATGGAT-1,0.000263,0.000263,0.000263,0.000263,0.230139,0.000263,0.000263,0.768283
AACATATCAACTGGTG-1,0.00017,0.000171,0.159169,0.145227,0.29072,0.143695,0.040875,0.219973
AACATCGATACGTCTA-1,0.00009,0.21751,0.038938,0.081712,0.092332,0.416046,0.001669,0.151703
AACATTGAAGTTGATC-1,0.000101,0.042913,0.108948,0.202849,0.015754,0.000101,0.112377,0.516957
AACATTGGTCAGCCGT-1,0.000893,0.000895,0.000894,0.000894,0.000895,0.268286,0.149037,0.578206
AACCAAGACTTCTCTG-1,0.000038,0.438327,0.066435,0.040775,0.223949,0.023191,0.000038,0.207248
AACCAGTATCACTCTT-1,0.000325,0.046475,0.000325,0.000325,0.384211,0.000325,0.177508,0.390505
AACCATAGGGTTGAAC-1,0.000061,0.000061,0.000061,0.000061,0.000061,0.070161,0.579242,0.350294
AACCATGGGATCGCTA-1,0.000066,0.28597,0.000067,0.040381,0.197253,0.081808,0.000259,0.394196
AACCCAGAGACGGAGA-1,0.0001,0.139395,0.002011,0.0001,0.561553,0.004258,0.0001,0.292485
AACCCATCCCATGATC-1,0.000123,0.000123,0.000123,0.000123,0.000123,0.000123,0.413637,0.585626
AACCCGAGCAGAATCG-1,0.00004,0.79562,0.159622,0.00004,0.015536,0.003919,0.025182,0.00004
AACCCGATAGGGCTTC-1,0.000309,0.00031,0.00031,0.00031,0.00031,0.00031,0.247896,0.750245
AACCCTACTGTCAATA-1,0.000047,0.000047,0.000228,0.71405,0.038024,0.061364,0.013656,0.172584
AACCGCTAAGGGATGC-1,0.000561,0.000562,0.000561,0.000562,0.551184,0.000562,0.000562,0.445448
AACCTGTCACGGAATT-1,0.000268,0.057205,0.000268,0.000268,0.000268,0.000268,0.178798,0.762657
AACCTTTACGACGTCT-1,0.000248,0.000248,0.000248,0.000248,0.534044,0.240292,0.121948,0.102723
AACGAAAGTCGTCCCA-1,0.000149,0.000149,0.000149,0.000149,0.000149,0.04597,0.173982,0.779302
AACGATAGAAGGGCCG-1,0.000055,0.234076,0.120496,0.001128,0.449407,0.013552,0.000056,0.181231
AACGATATGTCAACTG-1,0.000008,0.026819,0.761857,0.008101,0.063392,0.133871,0.003802,0.002151
AACGCATGATCTGGGT-1,0.00009,0.00009,0.01405,0.778989,0.017287,0.189314,0.00009,0.00009
AACGCGAACGGCAACA-1,0.000107,0.761694,0.000107,0.000107,0.165365,0.000107,0.000107,0.072406
AACGCTGTTGCTGAAA-1,0.000044,0.215361,0.011066,0.02898,0.36129,0.015098,0.063565,0.304596
AACGGACGTACGTATA-1,0.000091,0.216695,0.037431,0.000091,0.315707,0.07375,0.04965,0.306583
AACGGCCATCTCCGGT-1,0.000141,0.000142,0.000141,0.052341,0.200731,0.060798,0.045566,0.64014
AACGTACTGTGGGTAC-1,0.000151,0.000151,0.000151,0.023406,0.032598,0.246612,0.095049,0.601882
AACGTAGTCTACCCAT-1,0.000086,0.260656,0.001067,0.026352,0.292545,0.003358,0.02696,0.388976
AACGTCAGACTAGTGG-1,0.000158,0.303732,0.000159,0.000159,0.135297,0.000159,0.000159,0.560179
AACGTTATCAGCACCT-1,0.000246,0.000247,0.000247,0.000247,0.000247,0.000247,0.495928,0.502594
AACTACCCGTTTGTCA-1,0.000118,0.000118,0.000118,0.000118,0.22702,0.137372,0.207559,0.427576
AACTAGCGTATCGCAC-1,0.000103,0.000103,0.000103,0.000103,0.349826,0.244572,0.036281,0.368908
AACTCAAGTTAATTGC-1,0.000035,0.454771,0.133219,0.02928,0.27407,0.083249,0.009576,0.015801
AACTCCAGAGCGTGTT-1,0.000089,0.07122,0.000089,0.007779,0.506724,0.016991,0.141336,0.255771
AACTCCTAATCCCATG-1,0.000061,0.00374,0.129691,0.010264,0.386588,0.149923,0.015601,0.304132
AACTCGATAAACACGT-1,0.00015,0.200528,0.074901,0.119618,0.136585,0.000151,0.000151,0.467917
AACTCGATGGCGCAGT-1,0.000073,0.358284,0.00053,0.000073,0.137107,0.016462,0.038747,0.448723
AACTCTCAATAGAGCG-1,0.000054,0.243881,0.123835,0.000054,0.338836,0.067608,0.019748,0.205985
AACTCTCAGTGTGCTC-1,0.000246,0.07086,0.000247,0.014735,0.000247,0.000247,0.000247,0.913173
AACTGAGGTCAGCGTC-1,0.000644,0.000646,0.000646,0.000646,0.000646,0.000645,0.000646,0.995482
AACTGAGTTATACTGA-1,0.000132,0.001196,0.000132,0.000132,0.223899,0.056763,0.232211,0.485535
AACTGGTGTGGGCCTT-1,0.00003,0.622005,0.152333,0.00003,0.143526,0.068245,0.000176,0.013656
AACTTCTGCGTCTATC-1,0.000083,0.720689,0.210898,0.000083,0.067998,0.000083,0.000083,0.000083
AACTTGCCCGTATGCA-1,0.000259,0.00026,0.00026,0.003496,0.00026,0.179751,0.403089,0.412624
AACTTGCGTTCTCGCG-1,0.000224,0.090068,0.000224,0.000224,0.007921,0.000224,0.090163,0.810951
AACTTTACGGGAGCTT-1,0.000053,0.000053,0.000053,0.000053,0.000053,0.000053,0.604445,0.395237
AACTTTAGCTGCTGAG-1,0.000075,0.295597,0.037829,0.198068,0.061844,0.314815,0.000075,0.091696
AACTTTCTCGATCATG-1,0.000427,0.000427,0.000427,0.000427,0.200787,0.000427,0.000427,0.796649
AAGAAATCACCAGATT-1,0.000312,0.000312,0.000312,0.000312,0.000312,0.111339,0.000312,0.886788
AAGAAGGATCAGTTAG-1,0.000075,0.014976,0.015479,0.000075,0.124428,0.000075,0.124124,0.720769
AAGACCAAATAACTCA-1,0.000085,0.000085,0.000085,0.000085,0.000085,0.000085,0.42628,0.573209
AAGACTAACCCGTTGT-1,0.000237,0.126155,0.000238,0.313762,0.000238,0.190659,0.000238,0.368473
AAGACTGCAAGCTACT-1,0.000017,0.031266,0.739544,0.000857,0.117189,0.013675,0.000017,0.097434
AAGAGATGAATCGGTA-1,0.000081,0.193938,0.000081,0.000081,0.410391,0.008543,0.000492,0.386392
AAGAGGATGTACGCGA-1,0.000035,0.269842,0.007294,0.127209,0.094443,0.400265,0.068877,0.032035
AAGAGGCATGGATCGC-1,0.000087,0.153809,0.304976,0.000087,0.252191,0.045884,0.01884,0.224126
AAGAGGCCCTTTGGAA-1,0.0001,0.13982,0.0001,0.010664,0.166804,0.069061,0.136677,0.476774
AAGATGGCACCGGACC-1,0.000058,0.000058,0.000639,0.216318,0.015052,0.188062,0.193346,0.386468
AAGATTGGCGGAACGT-1,0.000018,0.007106,0.62332,0.003101,0.130557,0.221646,0.008918,0.005335
AAGCCGAAGCGGTTTA-1,0.000104,0.178735,0.000105,0.000105,0.318386,0.000105,0.000105,0.502356
AAGCCGCCGTGAAATC-1,0.000039,0.000039,0.012802,0.035858,0.000039,0.000039,0.85289,0.098295
AAGCCGCTTTACCTTG-1,0.0001,0.025658,0.065162,0.171319,0.006059,0.171422,0.075368,0.484913
AAGCGGAGTGCGCGCA-1,0.000217,0.000218,0.000218,0.000218,0.000218,0.000218,0.139166,0.859528
AAGCGGCGTCATGGGT-1,0.000473,0.000474,0.000474,0.000474,0.551678,0.000474,0.000474,0.445477
AAGCGTCCCTCATCGA-1,0.000324,0.000324,0.000324,0.06518,0.000324,0.000324,0.000324,0.932875
AAGGAGCGGTTGGTGC-1,0.000036,0.495051,0.212411,0.012694,0.070913,0.15945,0.000036,0.04941
AAGGATCGATCGCTTG-1,0.000443,0.398536,0.000444,0.000444,0.000444,0.000444,0.000444,0.5988
AAGGATGAGGGACCTC-1,0.000054,0.001054,0.148444,0.000054,0.471695,0.213946,0.085167,0.079586
AAGGCAGGCTGTCTCC-1,0.000103,0.288827,0.022507,0.000103,0.168208,0.005905,0.023736,0.49061
AAGGCGCGTAAAGCTT-1,0.000132,0.365463,0.046531,0.000132,0.167753,0.000132,0.047745,0.372112
AAGGCTGTGCTCATCG-1,0.000117,0.052958,0.175313,0.000117,0.530198,0.000117,0.000117,0.241061
AAGGGAACGACTGGCT-1,0.00004,0.00004,0.00004,0.00004,0.00004,0.054706,0.690164,0.254929
AAGGGACAGATTCTGT-1,0.00003,0.125266,0.251675,0.012664,0.087186,0.352557,0.158897,0.011726
AAGGGACTATGCATTC-1,0.000028,0.000028,0.000028,0.020503,0.00079,0.002592,0.855002,0.121028
AAGGGTTTGATTTCAG-1,0.000382,0.000383,0.000383,0.000383,0.000383,0.000383,0.000383,0.997321
AAGGTATCCTAATATA-1,0.000025,0.013443,0.615952,0.001323,0.18566,0.13925,0.007085,0.037263
AAGGTGATAAACCAGC-1,0.000068,0.059097,0.073809,0.000068,0.479636,0.053457,0.017228,0.316637
AAGTAAGCTTCCAAAC-1,0.000091,0.200549,0.000225,0.002268,0.28697,0.135661,0.000091,0.374146
AAGTAGAAGACCGGGT-1,0.000072,0.001713,0.000072,0.007027,0.275034,0.237143,0.016834,0.462103
AAGTAGTGACGCGAGG-1,0.000073,0.21069,0.017137,0.000074,0.267783,0.128193,0.066151,0.309899
AAGTCAATTGTCGTCA-1,0.000198,0.032047,0.000198,0.013609,0.570669,0.002882,0.000198,0.380198
AAGTCTAGTAGCTGCC-1,0.000521,0.000522,0.000522,0.000522,0.000522,0.289131,0.000522,0.707739
AAGTCTTCTGTGGCCT-1,0.000225,0.000226,0.000226,0.000226,0.000226,0.000226,0.121811,0.876836
AAGTGACGACCGAATT-1,0.000039,0.14769,0.044171,0.100544,0.229556,0.268027,0.138402,0.071571
AAGTGCAAAGGTAGAC-1,0.000198,0.038273,0.079494,0.000199,0.000199,0.000199,0.097768,0.78367
AAGTGCCTTGACTGTA-1,0.000021,0.833778,0.166097,0.000021,0.000021,0.000021,0.000021,0.000021
AAGTGCGTTAGAATCT-1,0.000057,0.000057,0.000057,0.001024,0.195369,0.107342,0.181952,0.514144
AAGTTCACTCCAAGCT-1,0.00085,0.852972,0.000852,0.000852,0.000852,0.000852,0.000852,0.141918
AAGTTCAGTCTGCGTA-1,0.000052,0.136002,0.100437,0.029614,0.073725,0.45435,0.027111,0.178708
AAGTTCGGCCAACAGG-1,0.000092,0.000092,0.000092,0.000092,0.078398,0.000092,0.280368,0.640776
AAGTTGTGATGTTATA-1,0.000033,0.23563,0.151397,0.022849,0.175075,0.145689,0.20204,0.067287
AATAACAACGCTCGGC-1,0.000006,0.741463,0.258502,0.000006,0.000006,0.000006,0.000006,0.000006
AATAACACTAGAACAA-1,0.000166,0.000167,0.000167,0.000167,0.000167,0.000167,0.000167,0.998833
AATAATCTTCGTATCG-1,0.000131,0.000131,0.027841,0.000171,0.356838,0.000131,0.185341,0.429417
AATACAATGTTTCAGG-1,0.000046,0.25419,0.084769,0.000046,0.261065,0.048935,0.213655,0.137296
AATAGAACAGAGTGGC-1,0.00053,0.000531,0.000531,0.00053,0.272241,0.000531,0.00053,0.724576
AATAGAATCTGTTTCA-1,0.000127,0.183183,0.030589,0.204106,0.33187,0.000127,0.208878,0.04112
AATAGCAAGCCTCCTG-1,0.000431,0.000432,0.000432,0.000432,0.000432,0.000432,0.057882,0.939528
AATAGCTACCGCGTGC-1,0.000047,0.054085,0.032401,0.066921,0.114324,0.482052,0.159315,0.090857
AATAGTCGCGAGTCGG-1,0.000148,0.000148,0.000148,0.000148,0.090994,0.000148,0.467008,0.441257
AATATCAAGGTCGGAT-1,0.000039,0.855919,0.132921,0.000039,0.001436,0.007009,0.002597,0.000039
AATATCCTAGCAAACT-1,0.000058,0.000058,0.000058,0.133734,0.000058,0.079376,0.478861,0.307799
AATATCGAATCAATGC-1,0.000152,0.199828,0.000152,0.000152,0.055809,0.000152,0.033388,0.710366
AATATCGAGGGTTCTC-1,0.000571,0.000572,0.006786,0.000572,0.647068,0.009134,0.000572,0.334726
AATATTGGAGTATTGA-1,0.000267,0.040675,0.055328,0.000268,0.227141,0.000694,0.000268,0.67536
AATCAGACTGCAGGAC-1,0.000314,0.000315,0.000315,0.253774,0.257782,0.000315,0.000315,0.486871
AATCATGTAAAGACTC-1,0.000026,0.88271,0.115019,0.000026,0.000026,0.002144,0.000026,0.000026
AATCCAAGGGCCTGAG-1,0.000107,0.080723,0.001495,0.000107,0.552301,0.010713,0.000107,0.354447
AATCCATGCAAGGGTG-1,0.000177,0.5978,0.000177,0.000177,0.061116,0.000247,0.083192,0.257113
AATCGCCTCAGCGCCA-1,0.000127,0.154369,0.235466,0.002217,0.139115,0.13465,0.033345,0.300711
AATCGCGCAGAGGACT-1,0.000329,0.00033,0.000329,0.00033,0.145435,0.00033,0.000329,0.852589
AATCTAGGTTTACTTG-1,0.000173,0.000173,0.000173,0.000173,0.000173,0.000173,0.171851,0.827109
AATCTATGCCGGAGCC-1,0.000267,0.766584,0.000267,0.000267,0.049016,0.02217,0.000267,0.161163
AATCTCTACTGTGGTT-1,0.000058,0.039211,0.000058,0.000058,0.115804,0.169131,0.261759,0.413921
AATCTGCGTTGGGACG-1,0.000208,0.161808,0.032715,0.000208,0.067847,0.52494,0.039947,0.172328
AATCTGGCTTTCTAGT-1,0.000115,0.000115,0.000115,0.000115,0.000115,0.000115,0.654849,0.34446
AATCTGGGTAGACCCT-1,0.000109,0.140591,0.144412,0.059787,0.078948,0.00011,0.047949,0.528093
AATGACAGCAATGTCT-1,0.000116,0.031745,0.029754,0.044752,0.044579,0.051796,0.168214,0.629042
AATGACTGTCAGCCGG-1,0.000055,0.144472,0.024688,0.23085,0.289239,0.01576,0.09125,0.203685
AATGAGTTCGCATATG-1,0.000205,0.000205,0.000205,0.000205,0.305671,0.000205,0.000205,0.693098
AATGATGATACGCTAT-1,0.000048,0.049032,0.314047,0.000048,0.14973,0.267379,0.091792,0.127923
AATGATGCGACTCCTG-1,0.000196,0.210553,0.106057,0.005852,0.474146,0.12631,0.000197,0.076689
AATGCACCAAGCAATG-1,0.000174,0.000174,0.055494,0.000174,0.255583,0.241066,0.021293,0.42604
AATGGCCGCCAATGCG-1,0.000321,0.000321,0.000321,0.000321,0.000321,0.000321,0.000321,0.997753
AATGGTCCACCGTTCA-1,0.000061,0.264406,0.019525,0.075561,0.205348,0.051566,0.097784,0.28575
AATGGTTCTCACAAGC-1,0.000248,0.448929,0.000248,0.000248,0.307028,0.000248,0.000248,0.242801
AATGTATGGCACTGTA-1,0.000212,0.000213,0.000213,0.000213,0.000213,0.000213,0.000213,0.998512
AATGTGCCCGAGGTGT-1,0.000128,0.000128,0.029875,0.000128,0.014409,0.094835,0.119775,0.740721
AATGTTGTCGTGAGAC-1,0.000066,0.193627,0.056658,0.04496,0.106063,0.000066,0.048087,0.550474
AATTAAAGGTCGGCGT-1,0.000031,0.044105,0.617904,0.002514,0.219883,0.046632,0.008134,0.060796
AATTACGAGACCCATC-1,0.000074,0.000074,0.000074,0.000074,0.000074,0.000074,0.631637,0.367917
AATTACTCGTACGCTC-1,0.000096,0.221665,0.065525,0.048481,0.116756,0.000097,0.303254,0.244127
AATTCATAAGGGATCT-1,0.000047,0.421366,0.333107,0.000687,0.000047,0.225963,0.018737,0.000047
AATTCATTGTCATGCA-1,0.000124,0.000124,0.000124,0.000124,0.000124,0.000124,0.449283,0.549974
AATTCCAACTTGGTGA-1,0.000162,0.185307,0.102277,0.123947,0.129179,0.000162,0.013949,0.445017
AATTGAACGCTCTGGT-1,0.000436,0.009398,0.324618,0.000436,0.000436,0.529449,0.000436,0.13479
AATTGCAGCAATCGAC-1,0.000045,0.346302,0.003019,0.105426,0.234746,0.091029,0.046059,0.173374
AATTGCGTGGATTACA-1,0.00005,0.000051,0.000051,0.000051,0.000051,0.024047,0.819177,0.156524
AATTTGGGACATAGTA-1,0.000065,0.036256,0.12903,0.000065,0.316656,0.17065,0.157766,0.189512
ACAAACCATGCGTCCT-1,0.000219,0.000219,0.000219,0.000219,0.000219,0.000219,0.000219,0.998468
ACAAAGAAGGTAGGCC-1,0.000087,0.030399,0.000088,0.000088,0.031029,0.033919,0.287796,0.616595
ACAAAGCATGACCTAG-1,0.000156,0.055173,0.000157,0.000157,0.463384,0.001561,0.000157,0.479255
ACAAATCGCACCGAAT-1,0.000035,0.194596,0.21645,0.000035,0.491519,0.058559,0.000035,0.038772
ACAAATGGTAGTGTTT-1,0.000123,0.227891,0.000123,0.000123,0.473028,0.058435,0.121097,0.11918
ACAAATTCAGATCTGA-1,0.000266,0.000266,0.000266,0.000266,0.453974,0.095697,0.111361,0.337902
ACAACGGTCCCTGCGA-1,0.000071,0.340895,0.000071,0.000071,0.303821,0.098032,0.000071,0.256967
ACAAGCAGTGCCTAGC-1,0.000112,0.05504,0.000112,0.000112,0.105053,0.050836,0.000112,0.788623
ACAAGCTATATGGAAG-1,0.000315,0.000315,0.000315,0.000315,0.000315,0.000315,0.000315,0.997793
ACAAGGACAAGAGGTT-1,0.000031,0.850038,0.121585,0.003474,0.00407,0.006757,0.014017,0.000031
ACAAGGATGCTTTAGG-1,0.000339,0.000339,0.000339,0.260943,0.000339,0.000339,0.000339,0.737022
ACAAGGCCTACCAGCC-1,0.000239,0.000239,0.049975,0.027267,0.015889,0.097684,0.210839,0.597868
ACAATAGTCGTACGTT-1,0.000091,0.000092,0.000092,0.000092,0.187426,0.132204,0.000092,0.679912
ACAATCCATTTAAACC-1,0.000054,0.06627,0.007281,0.001026,0.245493,0.167664,0.164398,0.347815
ACAATGAATACGGAGA-1,0.000139,0.000139,0.000139,0.016261,0.000139,0.103798,0.031285,0.848101
ACAATGATTCTTCTAC-1,0.000059,0.005243,0.087532,0.009046,0.00006,0.00006,0.483384,0.414616
ACAATTGTGTCTCTTT-1,0.000047,0.255192,0.1231,0.095929,0.109345,0.003051,0.000047,0.413287
ACAATTTAGGAGGCTC-1,0.00006,0.000692,0.00006,0.285985,0.007981,0.089543,0.210419,0.40526
ACAATTTGAGCAGTGG-1,0.000016,0.016294,0.708079,0.000016,0.080054,0.16639,0.000016,0.029134
ACAATTTGGCCATATT-1,0.0003,0.000301,0.000301,0.000301,0.173393,0.000301,0.000301,0.824801
ACACAAAGACGGGTGG-1,0.00005,0.219167,0.212443,0.00005,0.27164,0.00005,0.00005,0.296551
ACACAAATATTCCTAG-1,0.000088,0.000089,0.142106,0.000089,0.000089,0.000089,0.291976,0.565475
ACACACCAGGACCAGT-1,0.000228,0.033591,0.000228,0.000228,0.208843,0.401682,0.000228,0.354973
ACACATGATCAAATCT-1,0.000075,0.000075,0.000075,0.000075,0.000075,0.000075,0.508945,0.490606
ACACATTGACGCAACA-1,0.000098,0.047311,0.000098,0.083622,0.193885,0.060955,0.233505,0.380527
ACACCACATAATTAGC-1,0.000122,0.219739,0.000122,0.019241,0.491343,0.014734,0.121231,0.133468
ACACCCAGCATGCAGC-1,0.000027,0.020987,0.401033,0.00239,0.373501,0.061974,0.067059,0.07303
ACACCCGAGAAATCCG-1,0.000136,0.000136,0.000136,0.000136,0.373023,0.000136,0.057925,0.568371
ACACCCGTAAATCTGT-1,0.000216,0.000216,0.000216,0.000216,0.000216,0.023579,0.258504,0.716836
ACACCGAGCGCTCTTT-1,0.000128,0.036708,0.000128,0.000128,0.216013,0.000128,0.000128,0.74664
ACACCGGTCTGACCGC-1,0.000114,0.000114,0.000114,0.000114,0.000114,0.000114,0.088253,0.911063
ACACCTTAAGTAGGGC-1,0.000107,0.047111,0.006304,0.000108,0.479096,0.010125,0.08361,0.373539
ACACCTTACTACTTGC-1,0.000086,0.266691,0.014699,0.022544,0.09102,0.049162,0.219482,0.336316
ACACGTAGGCCACAAG-1,0.000184,0.320173,0.000184,0.000184,0.21703,0.000184,0.000184,0.461875
ACACTCCAATGTCACT-1,0.000113,0.143835,0.000113,0.000113,0.184618,0.068485,0.009321,0.593402
ACACTGATCAAGGTGT-1,0.000087,0.000088,0.000088,0.043321,0.17425,0.292158,0.028398,0.46161
ACACTGGGACAGTCGT-1,0.000571,0.000572,0.000572,0.412791,0.000572,0.000572,0.000572,0.583779
ACAGAACTGAGAACAA-1,0.000195,0.000196,0.000196,0.000196,0.000196,0.000196,0.000196,0.998631
ACAGCATAGAGCCAGT-1,0.000043,0.175275,0.371665,0.019237,0.268691,0.058844,0.000043,0.106202
ACAGCGACATTCTCAT-1,0.000075,0.476675,0.018302,0.021763,0.28157,0.01695,0.146196,0.038468
ACAGGCACGGATCCTT-1,0.000305,0.309277,0.02679,0.000305,0.000305,0.366372,0.057583,0.239063
ACAGGCTTGCCCGACT-1,0.00006,0.167002,0.00006,0.00006,0.642339,0.00083,0.00006,0.189589
ACAGGTGGAGGTGAGG-1,0.000083,0.000084,0.000084,0.000084,0.000084,0.000084,0.81645,0.183049
ACAGGTGTGTTGTTGC-1,0.000257,0.000258,0.000258,0.000258,0.000258,0.000258,0.000258,0.998197
ACAGTAATACAACTTG-1,0.000236,0.000237,0.000237,0.000237,0.000237,0.000237,0.000237,0.998344
ACAGTATACCGTGGGA-1,0.000058,0.168649,0.15506,0.015512,0.15537,0.079593,0.000058,0.4257
ACAGTGCAGCGCATTT-1,0.000394,0.000395,0.000395,0.411781,0.000395,0.000395,0.181829,0.404416
ACATAAGTCGTGGTGA-1,0.000161,0.000161,0.000161,0.000161,0.000161,0.000161,0.02854,0.970494
ACATCAGCTGGGACGC-1,0.000085,0.235903,0.000085,0.309385,0.002542,0.006318,0.231808,0.213874
ACATCCTGGTAACTGT-1,0.000235,0.19556,0.000235,0.000235,0.563252,0.022334,0.000235,0.217915
ACATCGATCGTTTACC-1,0.000103,0.195109,0.21847,0.078125,0.242798,0.02737,0.000103,0.237922
ACATCGGTCAGCCGCG-1,0.000037,0.208213,0.069084,0.330075,0.142246,0.131395,0.03634,0.08261
ACATCGTATGCAATGG-1,0.000187,0.000187,0.000187,0.000187,0.525758,0.000187,0.000187,0.473121
ACATGGCGCCAAAGTA-1,0.000566,0.000567,0.000567,0.000567,0.000567,0.000567,0.000567,0.996034
ACATGGCTCAATTTAG-1,0.001667,0.177861,0.00167,0.001669,0.00167,0.001669,0.00167,0.812125
ACATTTGAAACCTAAC-1,0.000082,0.126446,0.000082,0.226529,0.141263,0.004913,0.028014,0.472671
ACCAAACACCCAGCGA-1,0.000038,0.193622,0.032345,0.173952,0.025729,0.438318,0.035047,0.100949
ACCAACACCACACACT-1,0.000031,0.31213,0.11702,0.136326,0.170453,0.05807,0.034613,0.171358
ACCAACCGCACTCCAC-1,0.000601,0.000602,0.000602,0.000602,0.358259,0.000602,0.000602,0.63813
ACCAACGCTTATTTAT-1,0.000107,0.000108,0.000108,0.000108,0.422879,0.093254,0.000108,0.483329
ACCAAGAACGCGTGTC-1,0.000063,0.052912,0.000063,0.005863,0.388489,0.253059,0.129492,0.170059
ACCAAGTCATCGGCAG-1,0.000069,0.337853,0.013615,0.000069,0.0347,0.000069,0.045963,0.567662
ACCACAAGTTTCTATC-1,0.00001,0.054389,0.665798,0.001853,0.149521,0.104973,0.022078,0.001378
ACCACCAATGTAACAA-1,0.000074,0.132878,0.027897,0.000074,0.42294,0.048392,0.269562,0.098183
ACCACCCTCTCTTCTA-1,0.000321,0.000321,0.000321,0.071995,0.238792,0.160149,0.000321,0.527781
ACCACTGTTCAAGAAG-1,0.000105,0.168193,0.048042,0.000105,0.174675,0.083448,0.079743,0.44569
ACCAGACCATAACAAC-1,0.000063,0.000063,0.000063,0.000063,0.098744,0.074848,0.000063,0.826093
ACCAGTGCCCGGTCAA-1,0.000128,0.008871,0.045465,0.015472,0.008572,0.088481,0.475506,0.357505
ACCAGTGCGGGAGACG-1,0.000437,0.000438,0.000438,0.000438,0.443891,0.000438,0.125318,0.428603
ACCATCCGCCAACTAG-1,0.000063,0.000063,0.000063,0.000063,0.046875,0.02277,0.762835,0.167267
ACCATCGTATATGGTA-1,0.000143,0.151273,0.000143,0.009283,0.247229,0.335421,0.029031,0.227476
ACCATTAAGGGTGTCA-1,0.00006,0.237863,0.00006,0.00006,0.068086,0.006531,0.62298,0.064361
ACCCAACGCCCGTGGC-1,0.000023,0.003769,0.129396,0.000023,0.223263,0.542002,0.01658,0.084944
ACCCACCTACATGCTC-1,0.000173,0.000173,0.029814,0.000173,0.259929,0.000173,0.159936,0.549628
ACCCATCTTGAGGGTA-1,0.000069,0.07694,0.002615,0.000069,0.135278,0.551513,0.068052,0.165463
ACCCATTTGTCCCTCT-1,0.000541,0.000542,0.000542,0.000542,0.089017,0.000542,0.066792,0.841482
ACCCGAGCGAAATTAC-1,0.000047,0.000048,0.000048,0.07112,0.000048,0.000048,0.708602,0.22004
ACCCGGAGCACCACAA-1,0.000083,0.316011,0.000083,0.002882,0.068178,0.000083,0.004592,0.608088
ACCCGGATGACGCATC-1,0.000113,0.886857,0.112465,0.000113,0.000113,0.000113,0.000113,0.000113
ACCCGGTTACACTTCC-1,0.000081,0.000081,0.101011,0.000081,0.262398,0.465025,0.05075,0.120572
ACCCTATAGGACTGAG-1,0.00008,0.225951,0.00008,0.00008,0.195776,0.001334,0.011115,0.565585
ACCCTATGCCATATCG-1,0.000456,0.000457,0.000457,0.000457,0.000457,0.000457,0.000457,0.996802
ACCCTCCCGTCAGGGC-1,0.000032,0.584285,0.037513,0.000186,0.077867,0.209054,0.024161,0.066902
ACCCTCCCTTGCTATT-1,0.000041,0.587145,0.371,0.000041,0.024955,0.003597,0.013179,0.000041
ACCCTGGTAACGCCCT-1,0.000178,0.000179,0.028554,0.000179,0.537599,0.090526,0.000179,0.342607
ACCCTTGCCTGGGTCG-1,0.000414,0.000415,0.000415,0.194027,0.000415,0.000415,0.000415,0.803486
ACCGAAAGGGCCCTGC-1,0.000075,0.258323,0.078021,0.000348,0.367555,0.051341,0.000075,0.244264
ACCGAAGAGTCTGGTT-1,0.000185,0.000185,0.000185,0.000185,0.000185,0.000185,0.192286,0.806602
ACCGATAGGCATAACC-1,0.000613,0.000614,0.000614,0.000614,0.305295,0.000614,0.0058,0.685836
ACCGATATTTAATCAT-1,0.000219,0.184935,0.000219,0.000219,0.237258,0.000219,0.000219,0.576713
ACCGATGGTAGCATCG-1,0.000082,0.046254,0.094987,0.000082,0.348145,0.1221,0.04581,0.342539
ACCGCGGTGGAAGTCG-1,0.000075,0.283884,0.016333,0.000075,0.207584,0.046517,0.089692,0.35584
ACCGGGCCTTTGTTGA-1,0.000199,0.035216,0.011887,0.675577,0.104731,0.000199,0.171341,0.000849
ACCGGTCAGGTACACC-1,0.000041,0.000041,0.000041,0.000041,0.000041,0.000041,0.878237,0.121515
ACCGGTCTGAGTACGG-1,0.000313,0.000314,0.000314,0.000314,0.07447,0.35327,0.212068,0.358938
ACCGTCCACTGGGCCC-1,0.00008,0.00008,0.00008,0.00008,0.00008,0.00008,0.700022,0.299498
ACCTAAGTACCTTTCA-1,0.000369,0.000369,0.000369,0.000369,0.000369,0.000369,0.000369,0.997415
ACCTAATCGACTTCCT-1,0.000109,0.065802,0.000109,0.225057,0.192446,0.074538,0.000109,0.441829
ACCTACAGTATGTGGT-1,0.00021,0.00021,0.00021,0.00021,0.31429,0.00021,0.067638,0.617021
ACCTCCGCCCTCGCTG-1,0.000218,0.217313,0.213137,0.000218,0.422888,0.019636,0.045696,0.080894
ACCTCCGTTATTCACC-1,0.000373,0.230453,0.000374,0.000374,0.098583,0.000374,0.000374,0.669096
ACCTCGAACTTATGCT-1,0.000048,0.000048,0.000048,0.000048,0.000049,0.00005,0.886758,0.112951
ACCTGCGTGTCATGTT-1,0.000098,0.000098,0.000098,0.000098,0.000098,0.000098,0.522485,0.476927
ACGAAATGGGCGGCAC-1,0.000089,0.000089,0.000089,0.000089,0.317151,0.021728,0.000089,0.660675
ACGACTCTAGGGCCGA-1,0.000179,0.30387,0.000179,0.000179,0.091848,0.000179,0.065145,0.538421
ACGAGAACCCATCACG-1,0.000105,0.225776,0.000105,0.087817,0.215865,0.087908,0.030028,0.352395
ACGAGGATACCACTCT-1,0.000126,0.000126,0.000126,0.000126,0.000126,0.000126,0.244943,0.754302
ACGAGGTTTACAACGT-1,0.000076,0.000076,0.000076,0.067226,0.000076,0.000076,0.56193,0.370462
ACGAGTACGGATGCCC-1,0.000962,0.000963,0.000963,0.000963,0.283865,0.000963,0.000963,0.710357
ACGATACATAGAACTA-1,0.000015,0.000059,0.607607,0.006771,0.113108,0.268401,0.000015,0.004024
ACGATACCTATCCTGA-1,0.00005,0.000051,0.000051,0.025278,0.000051,0.000051,0.42934,0.545129
ACGATCATCTTGTAAA-1,0.000102,0.19879,0.052172,0.033071,0.228664,0.057568,0.000103,0.429531
ACGATGCATATGTTAT-1,0.000057,0.000058,0.036581,0.001098,0.119912,0.356749,0.348075,0.13747
ACGCAATCACTACAGC-1,0.000022,0.568072,0.267262,0.000022,0.037928,0.126651,0.000022,0.000022
ACGCATAAATGACATG-1,0.000361,0.077963,0.000362,0.000362,0.000362,0.561818,0.000362,0.358411
ACGCATACGTTTACTA-1,0.000148,0.28792,0.000149,0.077115,0.249258,0.002588,0.153724,0.229097
ACGCATTCGTGAGTAC-1,0.00001,0.02554,0.751978,0.00091,0.091924,0.129618,0.00001,0.00001
ACGCCAGTGCGTTTGC-1,0.000133,0.242192,0.000133,0.000133,0.179271,0.000133,0.000133,0.577871
ACGCCGCTAGACGACC-1,0.000093,0.17507,0.351894,0.000094,0.22946,0.021749,0.097745,0.123895
ACGCGCTACACAGGGT-1,0.00004,0.108668,0.018384,0.00004,0.204435,0.524314,0.008016,0.136103
ACGCGGGCCAAGGACA-1,0.000008,0.008435,0.762032,0.0029,0.077091,0.148154,0.000473,0.000907
ACGCGTTTCTTAAGAG-1,0.000079,0.000079,0.000079,0.000079,0.000079,0.000079,0.163293,0.836235
ACGCTAGTATCAGTGC-1,0.000175,0.000176,0.000176,0.064086,0.000176,0.000176,0.716121,0.218915
ACGCTAGTGATACACT-1,0.000178,0.145797,0.092626,0.000178,0.306724,0.134177,0.144123,0.176197
ACGCTGTGAGGCGTAG-1,0.000316,0.000317,0.000317,0.000317,0.000317,0.000317,0.10375,0.894348
ACGGAACACGAGTGCC-1,0.0001,0.325121,0.036419,0.014002,0.046402,0.0001,0.0001,0.577756
ACGGAATTTAGCAAAT-1,0.000064,0.000065,0.000065,0.000065,0.073193,0.101734,0.307685,0.51713
ACGGAGCGCAAATTAC-1,0.000063,0.162174,0.095748,0.148188,0.265239,0.149055,0.017147,0.162388
ACGGCCAACATGGACT-1,0.000091,0.210553,0.056622,0.021589,0.256863,0.000091,0.01452,0.43967
ACGGCGGGTTGCCCTG-1,0.000194,0.436432,0.000194,0.000194,0.036869,0.012582,0.000194,0.51334
ACGGCTGGATGTAGAA-1,0.000126,0.000126,0.000126,0.000126,0.000126,0.016359,0.364331,0.618681
ACGGGAGTGTCGGCCC-1,0.000226,0.000226,0.000226,0.000226,0.000226,0.000226,0.174967,0.823677
ACGGGCGTATGCGACA-1,0.000068,0.200774,0.030405,0.027035,0.272554,0.268592,0.016651,0.183921
ACGGGTCATGTGACTT-1,0.00003,0.813665,0.095325,0.001321,0.000041,0.001712,0.087876,0.00003
ACGGTACAGTTCAATG-1,0.000096,0.262673,0.000096,0.007236,0.164762,0.250153,0.080621,0.234363
ACGGTCACCGAGAACA-1,0.000134,0.075416,0.000134,0.000134,0.175055,0.087805,0.2025,0.458823
ACGTAGATTGCTGATG-1,0.00003,0.02025,0.650458,0.001043,0.152716,0.047888,0.00003,0.127585
ACGTATTACTCCGATC-1,0.000551,0.000552,0.000552,0.000552,0.24505,0.000552,0.381429,0.370764
ACGTCTCGTTCCGGGA-1,0.000067,0.000067,0.000067,0.000067,0.000067,0.000067,0.886614,0.112983
ACGTGACAAAGTAAGT-1,0.000072,0.000072,0.000072,0.000072,0.040594,0.034568,0.753419,0.171131
ACGTTAATGTCGAAGA-1,0.000088,0.000088,0.016454,0.000088,0.057791,0.153225,0.553893,0.218374
ACGTTAGATTTGCCCG-1,0.000092,0.259311,0.109173,0.062125,0.22196,0.184981,0.000092,0.162267
ACGTTATTGGTCACTC-1,0.000592,0.000593,0.000593,0.000593,0.202228,0.000593,0.000593,0.794212
ACGTTCCGCGCTCCGT-1,0.000046,0.170484,0.093962,0.000522,0.166059,0.417732,0.000046,0.151148
ACGTTCGCAATCAATT-1,0.000279,0.114504,0.00028,0.00028,0.318916,0.00028,0.00028,0.565183
ACGTTCTGTACAAGTC-1,0.000206,0.483958,0.12633,0.113433,0.000206,0.001394,0.13544,0.139032
ACTAAGGACGCACACC-1,0.000076,0.090411,0.088703,0.042102,0.011134,0.010424,0.212248,0.544901
ACTAATACGTCAGGCG-1,0.00019,0.666924,0.013771,0.00019,0.015007,0.077827,0.081104,0.144986
ACTACATCCCGACAAG-1,0.000061,0.000061,0.000061,0.000061,0.000061,0.000061,0.639322,0.360314
ACTACCAGCTCTCTGG-1,0.000128,0.011421,0.000128,0.000128,0.147924,0.269062,0.093886,0.477322
ACTAGTTGCGATCGTC-1,0.000136,0.371864,0.088359,0.000136,0.255623,0.000136,0.012601,0.271145
ACTATATGCTGTGTTC-1,0.000356,0.085496,0.038221,0.000357,0.08132,0.000357,0.000357,0.793537
ACTATCCAGGGCATGG-1,0.000053,0.465949,0.053501,0.002015,0.067045,0.001247,0.006927,0.403262
ACTATCGCCGGCTAAA-1,0.000048,0.000048,0.000048,0.000048,0.000048,0.000048,0.311843,0.687866
ACTATCTGCCCGCGTA-1,0.000119,0.187348,0.00012,0.00012,0.160614,0.00016,0.00012,0.651399
ACTATGTCCAGCTGCC-1,0.000038,0.000038,0.000038,0.000038,0.000038,0.000038,0.838277,0.161497
ACTATTTCCGGGCCCA-1,0.000164,0.114823,0.192436,0.000164,0.001852,0.000164,0.133197,0.557199
ACTCAACGAATGTATT-1,0.000227,0.146199,0.000227,0.000227,0.221608,0.000227,0.036736,0.594547
ACTCAAGTGCAAGGCT-1,0.000912,0.000914,0.000914,0.000914,0.594499,0.000914,0.000914,0.400018
ACTCAGACCTGCTTCT-1,0.00025,0.00025,0.00025,0.00025,0.211393,0.281109,0.022429,0.484069
ACTCATGGCAGCCTTC-1,0.000114,0.000114,0.000114,0.000114,0.062478,0.000114,0.482778,0.454172
ACTCCAATATCATCAT-1,0.000166,0.09485,0.028402,0.004981,0.014231,0.008311,0.268241,0.580818
ACTCCCATTCCTAAAG-1,0.000087,0.000087,0.000087,0.000087,0.000087,0.000087,0.794227,0.205248
ACTCCCGAATTCGTTT-1,0.000036,0.819836,0.041682,0.002668,0.114726,0.008607,0.000036,0.01241
ACTCCCGTAGACTAGG-1,0.000492,0.000493,0.000493,0.000493,0.331081,0.017314,0.000493,0.649141
ACTCCGGCCGACCACT-1,0.000123,0.084142,0.071886,0.04591,0.244175,0.069929,0.098147,0.385689
ACTCGATGTATTTCAT-1,0.000162,0.151608,0.000163,0.000163,0.00069,0.000163,0.22177,0.625282
ACTCGCGATCTGACGC-1,0.000219,0.00022,0.00022,0.00022,0.011853,0.00022,0.297548,0.6895
ACTCGTAACCCGTCCT-1,0.000158,0.000158,0.000158,0.051189,0.000159,0.000159,0.186302,0.761717
ACTCTAAACCTGGGAT-1,0.000061,0.029271,0.005274,0.085253,0.10205,0.034452,0.534481,0.209158
ACTCTGACCTAATAGA-1,0.000138,0.201897,0.000139,0.000139,0.25728,0.054319,0.119338,0.366751
ACTCTTCAGCTCCCGC-1,0.000112,0.130776,0.040308,0.198167,0.025702,0.006507,0.069024,0.529405
ACTGAAACGCCGTTAG-1,0.000052,0.602819,0.009285,0.025519,0.111384,0.00696,0.035563,0.208417
ACTGAATGGCGAAAGT-1,0.000037,0.204263,0.028469,0.000037,0.720188,0.009386,0.000037,0.037582
ACTGCGGACACACCGT-1,0.000374,0.112239,0.000375,0.000375,0.011511,0.000375,0.000375,0.874377
ACTGCTCGGAAGGATG-1,0.000133,0.000133,0.000133,0.000133,0.000133,0.000133,0.577624,0.421577
ACTGGCGAACCTGCGT-1,0.000313,0.000313,0.000313,0.000313,0.000313,0.233033,0.199476,0.565926
ACTGTACGATACACAT-1,0.000006,0.076081,0.818828,0.011071,0.008713,0.060058,0.025237,0.000006
ACTGTAGCACTTTGGA-1,0.000023,0.158072,0.773384,0.000023,0.012655,0.000915,0.02005,0.034878
ACTGTATACGCGAGCA-1,0.000061,0.318028,0.050147,0.130794,0.165761,0.01106,0.015009,0.309141
ACTGTCCAGGATTATA-1,0.00003,0.041675,0.37774,0.000794,0.147156,0.372461,0.032174,0.027969
ACTGTGCTAGTAGATC-1,0.000134,0.105175,0.018215,0.026787,0.400894,0.000134,0.059633,0.389029
ACTTACCGGGCGCGCA-1,0.000058,0.021275,0.104329,0.001834,0.438183,0.15718,0.000058,0.277082
ACTTAGTACGACAAGA-1,0.000556,0.163807,0.000557,0.000557,0.000557,0.000557,0.000557,0.832854
ACTTATACTTACCCGG-1,0.000054,0.111905,0.304523,0.000055,0.142622,0.214063,0.068128,0.15865
ACTTATCTGATCTATA-1,0.000548,0.172186,0.000549,0.000549,0.103381,0.222842,0.000549,0.499395
ACTTATTTATGTGCCA-1,0.000047,0.212798,0.136323,0.096009,0.179001,0.028951,0.158518,0.188353
ACTTCAGGCTGATCCC-1,0.000089,0.228508,0.116321,0.000089,0.393226,0.013426,0.000089,0.248253
ACTTCCAGTGGAAGCT-1,0.000172,0.000172,0.000172,0.000172,0.000172,0.000172,0.343012,0.655956
ACTTCCATGCGGGACA-1,0.000796,0.000798,0.000797,0.000798,0.295885,0.000797,0.000797,0.699331
ACTTCCTGTCGTGCGA-1,0.000307,0.000308,0.000308,0.114405,0.000308,0.107473,0.123976,0.652916
ACTTCGCCATACGCAC-1,0.000027,0.000042,0.395598,0.093509,0.016654,0.441819,0.004292,0.048059
ACTTCGCTAGCGAGTG-1,0.00011,0.245683,0.026525,0.00011,0.156763,0.134865,0.015566,0.420378
ACTTGGGACCCGGTGG-1,0.000031,0.332268,0.108253,0.087362,0.315354,0.152576,0.000031,0.004126
ACTTGTAGTCCCTTCA-1,0.00013,0.00013,0.00013,0.00013,0.017766,0.093804,0.367522,0.520389
ACTTGTGGATGGAACG-1,0.000049,0.522914,0.011096,0.021567,0.159888,0.004928,0.06146,0.218097
ACTTTACCCTCATGAA-1,0.000168,0.130504,0.000168,0.000168,0.34401,0.013583,0.103511,0.407889
ACTTTGACTGCATCCT-1,0.000056,0.027777,0.000056,0.000056,0.065685,0.017678,0.623686,0.265006
ACTTTGGTCGTGCTCC-1,0.000111,0.000111,0.000111,0.000111,0.000111,0.078467,0.30954,0.611438
ACTTTGTCGACGCACT-1,0.000355,0.038769,0.000356,0.000356,0.26033,0.193144,0.039335,0.467355
AGAAATTATGACTCGC-1,0.001563,0.001565,0.001565,0.001565,0.281806,0.001565,0.186148,0.524224
AGAACCCAGCGTGACA-1,0.00022,0.00022,0.000221,0.00022,0.058895,0.00022,0.00022,0.939783
AGAACCCTCAATTGGG-1,0.000058,0.000058,0.000058,0.000058,0.003288,0.124319,0.437096,0.435067
AGAACGTGGTACATTC-1,0.000062,0.040005,0.532293,0.019511,0.149931,0.000517,0.000063,0.257618
AGAAGAGCGCCGTTCC-1,0.000592,0.000594,0.000593,0.000593,0.589274,0.407166,0.000594,0.000593
AGAAGGTACACTTCAC-1,0.000183,0.000184,0.000184,0.000184,0.000184,0.000184,0.000184,0.998715
AGAAGGTTGCCGAATT-1,0.000132,0.000132,0.000132,0.000132,0.407859,0.192512,0.000132,0.398968
AGAAGTGATTCGTGAT-1,0.000102,0.000103,0.000103,0.102032,0.000103,0.006457,0.378487,0.512614
AGAATAAATCTTCAGG-1,0.000061,0.156427,0.001935,0.035577,0.046328,0.016124,0.068289,0.675259
AGAATGCGGGTTCGGA-1,0.000203,0.000203,0.000203,0.000203,0.09291,0.000203,0.042081,0.863995
AGAATTATGGATTCGA-1,0.000104,0.490148,0.036015,0.000104,0.110047,0.135118,0.093439,0.135024
AGAATTGTTTGACATA-1,0.000094,0.000095,0.000095,0.300417,0.000095,0.00065,0.027436,0.671118
AGACAGCTCAGAATCC-1,0.000193,0.104392,0.000193,0.1601,0.004559,0.000193,0.132849,0.59752
AGACAGGCATCTCAGC-1,0.000064,0.313232,0.05685,0.000064,0.190091,0.021944,0.239891,0.177865
AGACATAGATCCTTCC-1,0.000049,0.244603,0.029283,0.004831,0.38972,0.074981,0.034915,0.221618
AGACCAAACCACACCT-1,0.000074,0.000074,0.000074,0.000074,0.000074,0.00996,0.747366,0.242303
AGACCATGGGATACAA-1,0.000044,0.373013,0.018158,0.000045,0.292188,0.033268,0.000045,0.283239
AGACCCGCCCTCCTCG-1,0.00006,0.000807,0.257698,0.00006,0.337751,0.158998,0.01248,0.232146
AGACCGCTCCGCGGTT-1,0.000252,0.363774,0.000252,0.000252,0.006137,0.000292,0.087642,0.541398
AGACCGGGAAACCCTG-1,0.000113,0.004005,0.000113,0.299666,0.016985,0.218959,0.134574,0.325587
AGACGAAGTGCCGGTC-1,0.000658,0.000659,0.140645,0.000659,0.000659,0.000659,0.000659,0.855401
AGACGACGATGCCGCT-1,0.00011,0.00011,0.00011,0.012701,0.00011,0.021793,0.059636,0.905429
AGACGCCCACTTCGCC-1,0.000139,0.000139,0.000139,0.000139,0.095298,0.021965,0.000139,0.882042
AGACGGGCCGATTTAA-1,0.000125,0.001062,0.057274,0.031436,0.05417,0.120494,0.186357,0.549082
AGACTAGCCTTCCAGA-1,0.000028,0.700626,0.227932,0.058803,0.002872,0.009682,0.000028,0.000028
AGAGAACCGTCTAGGA-1,0.000014,0.033417,0.559872,0.000234,0.084668,0.228529,0.074766,0.018499
AGAGAAGGAGTACAAT-1,0.000258,0.000258,0.000258,0.000258,0.000258,0.000258,0.102248,0.896203
AGAGATCTCTAAAGCG-1,0.000043,0.014192,0.01334,0.002588,0.084251,0.213656,0.479482,0.192448
AGAGCAGTTATGAGAC-1,0.000539,0.173188,0.00054,0.00054,0.051731,0.00054,0.00054,0.772383
AGAGCCGCCGAGATTT-1,0.000316,0.173659,0.000316,0.000316,0.314174,0.000316,0.10492,0.405983
AGAGCGCTTGTAACGG-1,0.000156,0.000157,0.000157,0.000157,0.116999,0.037521,0.247156,0.597697
AGAGCGTACAAGCTCG-1,0.000059,0.517752,0.0056,0.000059,0.182065,0.023337,0.017899,0.253229
