Barcode,Topic 1,Topic 2,Topic 3,Topic 4to6,Topic 7,Topic 8,Topic 9,Topic 10
AAACAACGAATAGTTC-1,0.000269,0.000269,0.000269,0.171289,0.100972,0.726395,0.000269,0.000269
AAACAAGTATCTCCCA-1,0.00049,0.00049,0.010711,0.917408,0.00049,0.00049,0.00049,0.06943
AAACAATCTACTAGCA-1,0.000098,0.000098,0.000098,0.884648,0.000098,0.08946,0.0254,0.000098
AAACACCAATAACTGC-1,0.002326,0.002326,0.002326,0.983718,0.002326,0.002326,0.002326,0.002326
AAACAGAGCGACTCCT-1,0.000282,0.076472,0.000282,0.796313,0.000282,0.000282,0.000282,0.125807
AAACAGCTTTCAGAAG-1,0.000068,0.000068,0.008695,0.791421,0.020953,0.162601,0.000068,0.016125
AAACAGGGTCTATATT-1,0.00008,0.00008,0.00008,0.999443,0.00008,0.00008,0.00008,0.00008
AAACATTTCCCGGATT-1,0.001667,0.001667,0.001667,0.98833,0.001667,0.001667,0.001667,0.001667
AAACCACTACACAGAT-1,0.000115,0.000115,0.000115,0.249234,0.000115,0.039114,0.692156,0.019036
AAACCCGAACGAAATC-1,0.000068,0.191643,0.000068,0.784789,0.00965,0.013648,0.000068,0.000068
AAACCGGAAATGTTAA-1,0.00004,0.163024,0.00004,0.585777,0.01327,0.237771,0.00004,0.00004
AAACCGGGTAGGTACC-1,0.000043,0.000043,0.000043,0.987137,0.000043,0.000043,0.012605,0.000043
AAACCGTTCGTCCAGG-1,0.000353,0.000353,0.239636,0.467571,0.000353,0.000353,0.163009,0.128371
AAACCTAAGCAGCCGG-1,0.000155,0.000155,0.000155,0.234683,0.000155,0.07843,0.014367,0.671901
AAACCTCATGAAGTTG-1,0.000069,0.000069,0.000069,0.949445,0.022569,0.018501,0.009212,0.000069
AAACGAAGAACATACC-1,0.000071,0.000071,0.044165,0.408324,0.000071,0.020826,0.010287,0.516185
AAACGAAGATGGAGTA-1,0.002778,0.002778,0.002778,0.980552,0.002779,0.002778,0.002778,0.002778
AAACGACAGTCTTGCC-1,0.000633,0.000633,0.000633,0.713213,0.000633,0.000633,0.063613,0.220008
AAACGAGACGGTTGAT-1,0.000077,0.075424,0.006896,0.863534,0.000077,0.05384,0.000077,0.000077
AAACGCCCGAGATCGG-1,0.001493,0.001493,0.001493,0.842099,0.001493,0.001493,0.001493,0.148944
AAACGGGCGTACGGGT-1,0.000439,0.000439,0.000439,0.001316,0.000439,0.000439,0.080219,0.916271
AAACGGGTTGGTATCC-1,0.000054,0.145974,0.000054,0.456505,0.000054,0.388788,0.000054,0.008515
AAACGGTTGCGAACTG-1,0.002941,0.002942,0.002942,0.656457,0.002942,0.002942,0.002942,0.325893
AAACGTGTTCGCCCTA-1,0.000043,0.601412,0.027911,0.34318,0.003348,0.000043,0.016011,0.008052
AAACTAACGTGGCGAC-1,0.000388,0.000388,0.000388,0.90311,0.000388,0.000388,0.000388,0.094564
AAACTCGTGATATAAG-1,0.000027,0.576502,0.010993,0.412368,0.000027,0.000027,0.000027,0.000027
AAACTGCTGGCTCCAA-1,0.00014,0.00014,0.034237,0.855137,0.00014,0.056362,0.00014,0.053702
AAACTTAATTGCACGC-1,0.001613,0.001613,0.001613,0.988707,0.001613,0.001613,0.001613,0.001613
AAACTTGCAAACGTAT-1,0.000058,0.000058,0.000058,0.999594,0.000058,0.000058,0.000058,0.000058
AAAGACATGAAGTTTA-1,0.002222,0.002223,0.002223,0.984442,0.002223,0.002223,0.002223,0.002223
AAAGACCCAAGTCGCG-1,0.000243,0.000243,0.000243,0.863873,0.000243,0.000243,0.089424,0.04549
AAAGACTGGGCGCTTT-1,0.000091,0.000092,0.000092,0.851712,0.000092,0.09639,0.05144,0.000092
AAAGCTTGCCTACATA-1,0.00009,0.056941,0.00009,0.914107,0.00009,0.00009,0.028502,0.00009
AAAGGCCCTATAATAC-1,0.001639,0.00164,0.045442,0.94472,0.00164,0.00164,0.00164,0.00164
AAAGGCTACGGACCAT-1,0.001887,0.001887,0.001887,0.986789,0.001887,0.001887,0.001887,0.001887
AAAGGCTCTCGCGCCG-1,0.001923,0.001924,0.001924,0.986535,0.001924,0.001924,0.001924,0.001924
AAAGGGATGTAGCAAG-1,0.000115,0.000115,0.004302,0.778223,0.000115,0.000115,0.206249,0.010766
AAAGGGCAGCTTGAAT-1,0.000066,0.042661,0.000066,0.912176,0.018261,0.026637,0.000066,0.000066
AAAGGTAAGCTGTACC-1,0.001299,0.001299,0.001299,0.809492,0.001299,0.001299,0.106078,0.077935
AAAGGTCAACGACATG-1,0.000446,0.049553,0.000447,0.760546,0.000447,0.066115,0.000447,0.122
AAAGTAGCATTGCTCA-1,0.000046,0.538662,0.042738,0.383949,0.000046,0.000046,0.034468,0.000046
AAAGTCACTGATGTAA-1,0.000625,0.000625,0.000625,0.995624,0.000625,0.000625,0.000625,0.000625
AAAGTCGACCCTCAGT-1,0.000095,0.000095,0.000095,0.842483,0.008146,0.14469,0.000095,0.004303
AAAGTGCCATCAATTA-1,0.00003,0.499396,0.00003,0.069434,0.00003,0.431018,0.00003,0.00003
AAAGTGTGATTTATCT-1,0.000125,0.000125,0.000125,0.920577,0.036891,0.024204,0.000125,0.017829
AAAGTTGACTCCCGTA-1,0.000091,0.000091,0.000091,0.949916,0.005083,0.001181,0.010302,0.033244
AAATAACCATACGGGA-1,0.002326,0.002326,0.002326,0.925153,0.002326,0.002326,0.002326,0.060891
AAATAAGGTAGTGCCC-1,0.000103,0.000103,0.000103,0.97562,0.000103,0.023764,0.000103,0.000103
AAATACCTATAAGCAT-1,0.000187,0.000187,0.037931,0.712388,0.000187,0.18289,0.007808,0.058423
AAATAGCTTAGACTTT-1,0.00006,0.002558,0.00006,0.616297,0.00006,0.151649,0.224851,0.004466
AAATAGGGTGCTATTG-1,0.002632,0.002632,0.051414,0.844736,0.002632,0.002632,0.002632,0.09069
AAATCACTCCTAAACG-1,0.000256,0.000256,0.000256,0.742102,0.000256,0.000256,0.206557,0.050059
AAATCCGATACACGCC-1,0.000077,0.000077,0.000077,0.000231,0.000077,0.000077,0.000077,0.999308
AAATCGCGGAAGGAGT-1,0.000275,0.000275,0.011632,0.900761,0.000275,0.000275,0.029848,0.05666
AAATCGTGTACCACAA-1,0.000081,0.115715,0.265449,0.589007,0.000081,0.000081,0.000081,0.029504
AAATCTAGCCCTGCTA-1,0.00098,0.000981,0.013486,0.777107,0.000981,0.000981,0.08635,0.119134
AAATGATTCGATCAGC-1,0.000066,0.112529,0.176893,0.598347,0.000066,0.029991,0.077019,0.005089
AAATGCTCGTTACGTT-1,0.00008,0.179908,0.005266,0.477251,0.00008,0.244268,0.00008,0.093067
AAATGGCATGTCTTGT-1,0.000463,0.000463,0.000463,0.527307,0.000463,0.000463,0.000463,0.469915
AAATGGCCCGTGCCCT-1,0.000058,0.000058,0.781125,0.050986,0.000058,0.021334,0.145509,0.000872
AAATGTATCTTATCCC-1,0.000021,0.073204,0.000021,0.000064,0.535809,0.321178,0.036357,0.033346
AAATGTGGGTGCTCCT-1,0.000134,0.000134,0.000134,0.414914,0.000134,0.000134,0.120816,0.463598
AAATTAACGGGTAGCT-1,0.000114,0.190472,0.108225,0.637719,0.000114,0.00523,0.018245,0.039881
AAATTAATAAGCGCGA-1,0.000036,0.068189,0.000036,0.415022,0.039184,0.453727,0.000036,0.023771
AAATTACACGACTCTG-1,0.003335,0.111449,0.003334,0.408063,0.003334,0.003334,0.003335,0.463817
AAATTACCTATCGATG-1,0.000069,0.359673,0.016027,0.592338,0.000069,0.031686,0.000069,0.000069
AAATTCCAGGTCCAAA-1,0.000076,0.000076,0.009455,0.818024,0.033012,0.000076,0.139205,0.000076
AAATTGATAGTCCTTT-1,0.00049,0.00049,0.006174,0.990884,0.00049,0.00049,0.00049,0.00049
AAATTGCGGCGGTTCT-1,0.00006,0.136282,0.00006,0.217117,0.009023,0.614999,0.00006,0.022399
AAATTGGTGAGAAGCA-1,0.000038,0.495128,0.046097,0.455496,0.000038,0.000038,0.000038,0.003124
AAATTTACCGAAATCC-1,0.001923,0.001924,0.001924,0.986535,0.001924,0.001924,0.001924,0.001924
AAATTTGCGGGTGTGG-1,0.000054,0.109645,0.082354,0.76778,0.000054,0.000054,0.040005,0.000054
AACAACTGGTAGTTGC-1,0.000064,0.153012,0.002952,0.843716,0.000064,0.000064,0.000064,0.000064
AACAATACATTGTCGA-1,0.00082,0.00082,0.00082,0.917658,0.00082,0.00082,0.00082,0.077423
AACAATTACTCTACGC-1,0.000063,0.167369,0.000063,0.703674,0.022772,0.000063,0.105935,0.000063
AACACACGCTCGCCGC-1,0.001724,0.001725,0.001724,0.732254,0.001725,0.001725,0.001725,0.257399
AACACGACTGTACTGA-1,0.000524,0.000524,0.000524,0.875534,0.000524,0.000524,0.000524,0.121324
AACACGAGACGCGGCC-1,0.000053,0.050856,0.000053,0.855953,0.000053,0.000716,0.092262,0.000053
AACACGCGGCCGCGAA-1,0.000114,0.000114,0.000114,0.935387,0.014579,0.000114,0.000114,0.049462
AACAGCTGTGTGGCAA-1,0.000196,0.000196,0.011542,0.782973,0.000196,0.000196,0.098382,0.10632
AACAGGAAATCGAATA-1,0.001021,0.001021,0.001021,0.756575,0.001021,0.001021,0.001021,0.237301
AACAGGATGGGCCGCG-1,0.000081,0.081062,0.000081,0.918451,0.000081,0.000081,0.000081,0.000081
AACAGGTAGTATGGAT-1,0.000097,0.050085,0.000097,0.822777,0.000097,0.093776,0.019975,0.013095
AACATATCAACTGGTG-1,0.000097,0.176025,0.014641,0.794268,0.000097,0.014676,0.000097,0.000097
AACATCGATACGTCTA-1,0.000041,0.540687,0.013426,0.422214,0.016441,0.00711,0.000041,0.000041
AACATTGAAGTTGATC-1,0.0002,0.0002,0.007494,0.811975,0.0002,0.0002,0.038895,0.140834
AACATTGGTCAGCCGT-1,0.000062,0.000062,0.000062,0.231775,0.176275,0.572982,0.012112,0.006671
AACATTGTGACTCGAG-1,0.001235,0.001235,0.001235,0.865168,0.001235,0.001235,0.127423,0.001235
AACCAAGACTTCTCTG-1,0.000057,0.008768,0.000057,0.990891,0.000057,0.000057,0.000057,0.000057
AACCAGTATCACTCTT-1,0.00164,0.00164,0.00164,0.808565,0.00164,0.00164,0.00164,0.181597
AACCATAGGGTTGAAC-1,0.001563,0.001563,0.001563,0.6054,0.001563,0.001563,0.001563,0.385223
AACCATGGGATCGCTA-1,0.000066,0.182391,0.000066,0.653203,0.077859,0.086284,0.000066,0.000066
AACCCAGAGACGGAGA-1,0.00008,0.085614,0.00008,0.734953,0.077531,0.039816,0.00008,0.061844
AACCCATCCCATGATC-1,0.000266,0.000266,0.02112,0.977284,0.000266,0.000266,0.000266,0.000266
AACCCGACAACCCGTG-1,0.0008,0.0008,0.0008,0.950916,0.0008,0.0008,0.044283,0.0008
AACCCGAGCAGAATCG-1,0.000515,0.000516,0.000516,0.766166,0.000516,0.000516,0.078207,0.153049
AACCCGATAGGGCTTC-1,0.000226,0.000226,0.000226,0.978821,0.000226,0.000226,0.000226,0.019824
AACCCTACTGTCAATA-1,0.000092,0.000092,0.000092,0.96384,0.000092,0.010607,0.0209,0.004284
AACCCTGGTGGAACCA-1,0.000122,0.000122,0.010987,0.699751,0.000122,0.02445,0.007422,0.257026
AACCGAGCTTGGTCAT-1,0.000052,0.160558,0.000052,0.819766,0.000052,0.000052,0.000052,0.019415
AACCGCTAAGGGATGC-1,0.000129,0.198718,0.000129,0.76773,0.000129,0.021144,0.000129,0.011893
AACCGTTGTGTTTGCT-1,0.001429,0.001429,0.001429,0.906217,0.001429,0.001429,0.001429,0.085209
AACCTCGCTTTAGCCC-1,0.002174,0.002175,0.045464,0.291714,0.002174,0.002175,0.002174,0.651951
AACCTGTCACGGAATT-1,0.000093,0.000093,0.00342,0.996022,0.000093,0.000093,0.000093,0.000093
AACCTTTAAATACGGT-1,0.000309,0.090919,0.000309,0.623835,0.000309,0.000309,0.000309,0.283702
AACCTTTACGACGTCT-1,0.003031,0.003031,0.003031,0.743314,0.003031,0.003031,0.238499,0.003031
AACGAAAGTCGTCCCA-1,0.000306,0.000306,0.000306,0.997859,0.000306,0.000306,0.000306,0.000306
AACGATAATGCCGTAG-1,0.003125,0.003126,0.003126,0.662957,0.003126,0.003126,0.003126,0.318288
AACGATAGAAGGGCCG-1,0.002941,0.002942,0.002942,0.71331,0.086411,0.002942,0.002942,0.185571
AACGCATGATCTGGGT-1,0.000068,0.265113,0.009168,0.665447,0.000068,0.059999,0.000068,0.000068
AACGCGAACGGCAACA-1,0.000034,0.118853,0.000034,0.475548,0.014245,0.391216,0.000034,0.000034
AACGCGACCTTGGGCG-1,0.002439,0.00244,0.00244,0.948522,0.00244,0.00244,0.03684,0.00244
AACGCGGTCTCCAGCC-1,0.000145,0.000145,0.000145,0.998985,0.000145,0.000145,0.000145,0.000145
AACGCTGTTGCTGAAA-1,0.001819,0.001819,0.001819,0.582445,0.001819,0.406643,0.001819,0.001819
AACGGACGTACGTATA-1,0.002084,0.002084,0.002084,0.828636,0.002084,0.002084,0.002084,0.15886
AACGGCCATCTCCGGT-1,0.000043,0.160964,0.0175,0.821322,0.000043,0.000043,0.000043,0.000043
AACGTACTGTGGGTAC-1,0.000041,0.166937,0.000041,0.832819,0.000041,0.000041,0.000041,0.000041
AACGTAGTCTACCCAT-1,0.000571,0.000572,0.000572,0.360146,0.000572,0.464877,0.033065,0.139625
AACGTCAGACTAGTGG-1,0.000096,0.052856,0.000096,0.883355,0.000096,0.063306,0.000096,0.000096
AACGTGATGAAGGACA-1,0.000127,0.000127,0.000127,0.999108,0.000127,0.000127,0.000127,0.000127
AACGTGCGAAAGTCTC-1,0.000054,0.384739,0.021053,0.579973,0.000054,0.000054,0.014018,0.000054
AACGTTATCAGCACCT-1,0.00004,0.278763,0.003311,0.138713,0.038502,0.54059,0.00004,0.00004
AACTACCCGTTTGTCA-1,0.000147,0.000147,0.016476,0.78563,0.000147,0.197158,0.000147,0.000147
AACTAGCGTATCGCAC-1,0.001053,0.001053,0.001053,0.99263,0.001053,0.001053,0.001053,0.001053
AACTAGGCTTGGGTGT-1,0.002778,0.002778,0.002778,0.695837,0.002778,0.002778,0.002779,0.287492
AACTCAAGTTAATTGC-1,0.000057,0.221859,0.000057,0.773329,0.000057,0.000057,0.004525,0.000057
AACTCCAGAGCGTGTT-1,0.001887,0.001887,0.001887,0.737558,0.001887,0.001887,0.188155,0.064851
AACTCCTAATCCCATG-1,0.000248,0.000248,0.000248,0.90749,0.000248,0.000248,0.000248,0.091021
AACTCGATAAACACGT-1,0.00002,0.019525,0.158804,0.082362,0.608,0.131248,0.00002,0.00002
AACTCGATGGCGCAGT-1,0.000091,0.062228,0.000091,0.427899,0.000091,0.300508,0.209,0.000091
AACTCTCAATAGAGCG-1,0.000055,0.204661,0.068445,0.68558,0.000055,0.041092,0.000055,0.000055
AACTCTCAGTGTGCTC-1,0.00125,0.00125,0.00125,0.69822,0.00125,0.00125,0.203956,0.091573
AACTGAGGTCAGCGTC-1,0.000431,0.000431,0.000431,0.913907,0.000431,0.000431,0.083507,0.000431
AACTGAGTTATACTGA-1,0.000078,0.022099,0.000078,0.4524,0.000078,0.493948,0.000078,0.031239
AACTGATATTAGGCCT-1,0.000168,0.180161,0.000168,0.496234,0.000168,0.000168,0.000168,0.322767
AACTGGGTCCCGACGT-1,0.000283,0.000283,0.000283,0.907599,0.000283,0.000283,0.090701,0.000283
AACTGGGTTCGAGCCG-1,0.003449,0.003449,0.003449,0.873033,0.00345,0.003449,0.003449,0.106271
AACTGGTGTGGGCCTT-1,0.00041,0.00041,0.00041,0.99713,0.00041,0.00041,0.00041,0.00041
AACTTCTGCGTCTATC-1,0.000072,0.133791,0.000072,0.489409,0.016993,0.348631,0.000072,0.010959
AACTTGCCCGTATGCA-1,0.00007,0.141643,0.00007,0.794175,0.028767,0.035136,0.00007,0.00007
AACTTGCGTTCTCGCG-1,0.00006,0.149694,0.000061,0.293671,0.000061,0.552294,0.004098,0.000061
AACTTTACGGGAGCTT-1,0.000068,0.020725,0.003801,0.431702,0.055992,0.438716,0.016668,0.032328
AACTTTAGCTGCTGAG-1,0.00098,0.000981,0.000981,0.919945,0.000981,0.000981,0.000981,0.074171
AACTTTCTCGATCATG-1,0.000118,0.044978,0.000119,0.858524,0.000119,0.069177,0.026847,0.000119
AAGAAATCACCAGATT-1,0.000058,0.000058,0.000058,0.943064,0.024763,0.006519,0.02542,0.000058
AAGAAGGATCAGTTAG-1,0.000052,0.000058,0.000052,0.682692,0.011561,0.305482,0.000052,0.000052
AAGACCAAATAACTCA-1,0.000465,0.097515,0.000465,0.615888,0.000465,0.000465,0.252757,0.031979
AAGACCCAACTGAACA-1,0.000426,0.000426,0.006171,0.585893,0.000426,0.000426,0.320986,0.085247
AAGACTAACCCGTTGT-1,0.000081,0.000081,0.000081,0.707339,0.000081,0.206339,0.028058,0.057941
AAGACTCACGCCCACT-1,0.000395,0.000395,0.000395,0.6218,0.000395,0.169925,0.206299,0.000395
AAGACTGCAAGCTACT-1,0.000083,0.013131,0.019275,0.934578,0.000083,0.000083,0.000083,0.032686
AAGAGATGAATCGGTA-1,0.000057,0.120626,0.000057,0.839169,0.009074,0.026293,0.004667,0.000057
AAGAGCTCTTTATCGG-1,0.000061,0.171657,0.013507,0.814532,0.000061,0.000061,0.000061,0.000061
AAGAGGATGTACGCGA-1,0.000077,0.000077,0.000077,0.962495,0.000077,0.037042,0.000077,0.000077
AAGAGGCATGGATCGC-1,0.000089,0.053668,0.026919,0.905192,0.000089,0.000089,0.000089,0.013864
AAGAGGCCCTTTGGAA-1,0.000063,0.059704,0.000064,0.773958,0.000064,0.166021,0.000064,0.000064
AAGATGGCACCGGACC-1,0.002222,0.002223,0.002223,0.724415,0.002223,0.002223,0.002223,0.262249
AAGATTGGCGGAACGT-1,0.000074,0.210046,0.059211,0.730373,0.000074,0.000074,0.000074,0.000074
AAGCACCCTGCGTATC-1,0.000091,0.000091,0.004077,0.409455,0.000091,0.115297,0.048563,0.422335
AAGCCGAAGCGGTTTA-1,0.000108,0.020591,0.000108,0.949705,0.000108,0.029165,0.000108,0.000108
AAGCCGCCGTGAAATC-1,0.00026,0.00026,0.00026,0.872368,0.00026,0.00026,0.107777,0.018556
AAGCCGCTTTACCTTG-1,0.00009,0.090163,0.00009,0.794665,0.00009,0.00009,0.095618,0.019196
AAGCCGGAGAGCAGGA-1,0.000028,0.481334,0.000028,0.022189,0.000028,0.496338,0.000028,0.000028
AAGCGCAGGGCTTTGA-1,0.000833,0.000834,0.000834,0.389087,0.000834,0.000834,0.361619,0.245127
AAGCGGAGTGCGCGCA-1,0.00005,0.192987,0.021957,0.784805,0.00005,0.00005,0.00005,0.00005
AAGCGGCGTCATGGGT-1,0.00073,0.00073,0.00073,0.912569,0.03785,0.00073,0.04593,0.00073
AAGCGTCCCTCATCGA-1,0.001639,0.00164,0.00164,0.988522,0.00164,0.00164,0.00164,0.00164
AAGCTCGTGCCAAGTC-1,0.000075,0.165025,0.000075,0.729678,0.000075,0.099528,0.000075,0.005469
AAGCTCTTTCATGGTG-1,0.000775,0.000775,0.000775,0.803431,0.000775,0.191917,0.000775,0.000775
AAGGAGAACTTATAAG-1,0.000097,0.263597,0.000097,0.161824,0.000097,0.289701,0.000097,0.284491
AAGGAGCGGTTGGTGC-1,0.000063,0.216308,0.000063,0.753466,0.029909,0.000063,0.000063,0.000063
AAGGATCGATCGCTTG-1,0.000106,0.078548,0.000106,0.920818,0.000106,0.000106,0.000106,0.000106
AAGGATGAGGGACCTC-1,0.00007,0.044665,0.213688,0.741297,0.00007,0.00007,0.00007,0.00007
AAGGCAGGCTGTCTCC-1,0.000087,0.000087,0.000087,0.904317,0.010958,0.084289,0.000087,0.000087
AAGGCGCGTAAAGCTT-1,0.000077,0.000077,0.000077,0.903394,0.027573,0.000077,0.06865,0.000077
AAGGCTGTGCTCATCG-1,0.000037,0.752676,0.000037,0.247105,0.000037,0.000037,0.000037,0.000037
AAGGGAACGACTGGCT-1,0.000725,0.000725,0.000725,0.883971,0.000725,0.000725,0.11168,0.000725
AAGGGACAGATTCTGT-1,0.000081,0.153075,0.000081,0.809439,0.013858,0.023302,0.000081,0.000081
AAGGGACTATGCATTC-1,0.000935,0.000935,0.000935,0.901905,0.092486,0.000935,0.000935,0.000935
AAGGGTTTGATTTCAG-1,0.000521,0.000521,0.248307,0.748567,0.000521,0.000521,0.000521,0.000521
AAGGTATCCTAATATA-1,0.000319,0.00032,0.00032,0.997763,0.00032,0.00032,0.00032,0.00032
AAGGTGATAAACCAGC-1,0.000089,0.081187,0.000089,0.902086,0.000089,0.000089,0.000089,0.016281
AAGTAAGCTTCCAAAC-1,0.000209,0.000209,0.000209,0.512238,0.000209,0.135246,0.193962,0.157718
AAGTAGAAGACCGGGT-1,0.000106,0.000106,0.088085,0.844679,0.000106,0.066707,0.000106,0.000106
AAGTAGTGACGCGAGG-1,0.000076,0.000076,0.000076,0.969953,0.000076,0.02847,0.001198,0.000076
AAGTCAATTGTCGTCA-1,0.000118,0.116856,0.086438,0.477972,0.000118,0.040156,0.278223,0.000118
AAGTCTAGTAGCTGCC-1,0.00011,0.00011,0.00011,0.974182,0.00011,0.00011,0.00011,0.025157
AAGTCTTCTGTGGCCT-1,0.000083,0.089352,0.000083,0.138468,0.112085,0.58172,0.041141,0.037068
AAGTGACGACCGAATT-1,0.00007,0.116759,0.00007,0.88282,0.00007,0.00007,0.00007,0.00007
AAGTGAGTCGGGTTTA-1,0.001818,0.001819,0.001819,0.987269,0.001819,0.001819,0.001819,0.001819
AAGTGCAAAGGTAGAC-1,0.00005,0.048756,0.00005,0.806083,0.01212,0.129232,0.00005,0.00366
AAGTGCCTTGACTGTA-1,0.000104,0.108986,0.005818,0.85694,0.000104,0.000104,0.02784,0.000104
AAGTGCGTTAGAATCT-1,0.000061,0.051332,0.297176,0.570444,0.000061,0.048655,0.023698,0.008574
AAGTGCTTCTCTATTG-1,0.000763,0.000764,0.000764,0.934185,0.000764,0.000764,0.000764,0.061233
AAGTGTTTGGAGACGG-1,0.002041,0.002041,0.002041,0.985711,0.002041,0.002042,0.002042,0.002042
AAGTTCACTCCAAGCT-1,0.001786,0.189398,0.001786,0.510817,0.149449,0.001786,0.143192,0.001786
AAGTTCAGTCTGCGTA-1,0.000038,0.663391,0.000038,0.33638,0.000038,0.000038,0.000038,0.000038
AAGTTCGGCCAACAGG-1,0.000046,0.062283,0.014014,0.905611,0.000046,0.017909,0.000046,0.000046
AAGTTGTGATGTTATA-1,0.000147,0.000147,0.000147,0.600739,0.105005,0.037078,0.044234,0.212502
AAGTTTACTAATGGCA-1,0.000099,0.219926,0.020031,0.191035,0.000099,0.328751,0.029876,0.210184
AATAACAACGCTCGGC-1,0.00006,0.087256,0.00006,0.912381,0.00006,0.00006,0.00006,0.00006
AATAACACTAGAACAA-1,0.001961,0.001961,0.001961,0.757921,0.001961,0.001961,0.001961,0.230312
AATAAGTCCTCGAGAC-1,0.000067,0.000067,0.000067,0.180303,0.000067,0.044125,0.000067,0.775237
AATAATCTTCGTATCG-1,0.000051,0.000051,0.000051,0.790062,0.013095,0.196586,0.000051,0.000051
AATACAATGTTTCAGG-1,0.000059,0.008608,0.000059,0.731053,0.006252,0.199018,0.054894,0.000059
AATACCGGAGGGCTGT-1,0.000235,0.000235,0.028076,0.884496,0.000235,0.000235,0.006139,0.080348
AATAGAACAGAGTGGC-1,0.002381,0.002382,0.002381,0.898155,0.002382,0.002382,0.002382,0.087556
AATAGAATCTGTTTCA-1,0.000775,0.000775,0.000775,0.900099,0.000775,0.000775,0.000775,0.095249
AATAGCAAGCCTCCTG-1,0.001299,0.001299,0.001299,0.990907,0.001299,0.001299,0.001299,0.001299
AATAGCTACCGCGTGC-1,0.000055,0.108368,0.647228,0.244127,0.000055,0.000055,0.000055,0.000055
AATAGTCCGTCCCGAC-1,0.003125,0.003126,0.003126,0.43775,0.003126,0.543496,0.003126,0.003126
AATAGTCGCGAGTCGG-1,0.000083,0.000083,0.005098,0.429834,0.074626,0.486154,0.000083,0.004041
AATATCAAGGTCGGAT-1,0.000215,0.000215,0.000215,0.906987,0.000215,0.000215,0.000215,0.091725
AATATCCTAGCAAACT-1,0.001695,0.001696,0.001695,0.988133,0.001695,0.001695,0.001695,0.001695
AATATCGAATCAATGC-1,0.000086,0.245716,0.005259,0.747318,0.000086,0.001364,0.000086,0.000086
AATATCGAGGGTTCTC-1,0.00004,0.624586,0.00004,0.37517,0.00004,0.000042,0.00004,0.00004
AATATTGGAGTATTGA-1,0.000078,0.000078,0.000078,0.860363,0.000078,0.057903,0.081346,0.000078
AATCAGACTGCAGGAC-1,0.000045,0.162522,0.000045,0.451647,0.000045,0.385605,0.000045,0.000045
AATCAGGTTTCATTTA-1,0.000345,0.000345,0.000345,0.859845,0.000345,0.000345,0.000345,0.138085
AATCATGTAAAGACTC-1,0.001887,0.001887,0.001887,0.647842,0.001887,0.001887,0.001887,0.340834
AATCCAAGGGCCTGAG-1,0.000599,0.000599,0.369688,0.502267,0.000599,0.000599,0.000599,0.12505
AATCCATGCAAGGGTG-1,0.000051,0.012089,0.000051,0.525592,0.008685,0.422164,0.027284,0.004086
AATCGCCTCAGCGCCA-1,0.000145,0.044726,0.071849,0.824761,0.000145,0.03831,0.000145,0.019921
AATCGCGCAGAGGACT-1,0.000104,0.134947,0.00327,0.818338,0.000105,0.043027,0.000105,0.000105
AATCGGGACACTACGA-1,0.00042,0.00042,0.008061,0.635962,0.00042,0.297767,0.00042,0.056529
AATCGTGAGCCGAGCA-1,0.000813,0.000813,0.000813,0.164619,0.000813,0.000813,0.04587,0.785445
AATCTAGGTTTACTTG-1,0.00007,0.317547,0.00007,0.657084,0.00007,0.00007,0.00007,0.025017
AATCTATGCCGGAGCC-1,0.000109,0.000109,0.003146,0.996197,0.000109,0.000109,0.000109,0.000109
AATCTCTACTGTGGTT-1,0.000122,0.000122,0.000122,0.824485,0.000122,0.11978,0.033382,0.021863
AATCTGGCTTTCTAGT-1,0.000111,0.000111,0.000111,0.898076,0.000111,0.047019,0.000111,0.05435
AATCTGGGTAGACCCT-1,0.000231,0.000232,0.000232,0.562623,0.000232,0.000232,0.354902,0.081317
AATGACAGCAATGTCT-1,0.000064,0.106701,0.761765,0.116685,0.000064,0.000064,0.014594,0.000064
AATGACGTAGGATGTC-1,0.000198,0.000198,0.000198,0.998614,0.000198,0.000198,0.000198,0.000198
AATGACTGTCAGCCGG-1,0.000104,0.129985,0.000104,0.815127,0.01804,0.00578,0.000104,0.030758
AATGAGTTCGCATATG-1,0.000066,0.094406,0.000066,0.355641,0.000066,0.451044,0.091841,0.006869
AATGATGATACGCTAT-1,0.000075,0.111432,0.396263,0.400854,0.000075,0.000075,0.032987,0.058239
AATGATGCGACTCCTG-1,0.000084,0.000084,0.000084,0.984177,0.015317,0.000084,0.000084,0.000084
AATGCAACCGGGTACC-1,0.000079,0.203055,0.000079,0.796471,0.000079,0.000079,0.000079,0.000079
AATGCACCAAGCAATG-1,0.00008,0.053717,0.00008,0.945802,0.00008,0.00008,0.00008,0.00008
AATGGCCGCCAATGCG-1,0.000546,0.000547,0.000547,0.86827,0.000547,0.000547,0.061819,0.067178
AATGGTCCACCGTTCA-1,0.000091,0.000091,0.000091,0.87174,0.056244,0.060382,0.01127,0.000091
AATGGTTCTCACAAGC-1,0.000068,0.029843,0.021064,0.22714,0.000068,0.078905,0.642844,0.000068
AATGTATGGCACTGTA-1,0.000629,0.000629,0.000629,0.896521,0.000629,0.000629,0.000629,0.099705
AATGTGCCCGAGGTGT-1,0.000211,0.031502,0.000211,0.782849,0.000211,0.000211,0.184594,0.000211
AATGTGCTAATCTGAG-1,0.002381,0.002382,0.002381,0.752084,0.002382,0.002382,0.002382,0.233627
AATTAAAGGTCGGCGT-1,0.000049,0.134782,0.000049,0.864922,0.000049,0.000049,0.000049,0.000049
AATTAACGGATTTCCA-1,0.000441,0.000441,0.000441,0.669711,0.000441,0.000441,0.104842,0.223244
AATTACGAGACCCATC-1,0.002273,0.002273,0.002273,0.922992,0.002273,0.002273,0.002273,0.06337
AATTACTCGTACGCTC-1,0.000119,0.000119,0.016552,0.092554,0.135204,0.541837,0.000119,0.213496
AATTAGCGCTGCAGCG-1,0.004348,0.004349,0.118092,0.855814,0.004349,0.004349,0.004349,0.004349
AATTCATAAGGGATCT-1,0.000074,0.245947,0.369194,0.384488,0.000074,0.000074,0.000074,0.000074
AATTCATTGTCATGCA-1,0.001887,0.001887,0.001887,0.64885,0.273561,0.001887,0.001887,0.068153
AATTCCAACTTGGTGA-1,0.000035,0.010145,0.006188,0.067771,0.715795,0.19256,0.000035,0.007472
AATTCCAAGCATGTAC-1,0.002273,0.002273,0.002273,0.984088,0.002273,0.002273,0.002273,0.002273
AATTCGATTCGAGGAT-1,0.00019,0.000191,0.000191,0.201945,0.000191,0.000191,0.000191,0.796912
AATTCTAGAGTTAGGC-1,0.001695,0.001695,0.001695,0.988133,0.001696,0.001695,0.001695,0.001695
AATTGAACGCTCTGGT-1,0.000213,0.000213,0.000213,0.744427,0.000213,0.018715,0.199963,0.036042
AATTGCAGCAATCGAC-1,0.000322,0.000322,0.016912,0.481008,0.031276,0.306264,0.000322,0.163574
AATTGCGTGGATTACA-1,0.000787,0.097564,0.000788,0.897689,0.000788,0.000788,0.000788,0.00081
AATTGTGGTTGCCAAA-1,0.0001,0.110807,0.0001,0.582776,0.0001,0.26528,0.0001,0.040737
AATTTGGGACATAGTA-1,0.002565,0.002565,0.064126,0.920485,0.002565,0.002565,0.002565,0.002565
AATTTGGTTCCAAAGA-1,0.000602,0.000603,0.000603,0.720932,0.000603,0.000603,0.275453,0.000603
ACAAACCATGCGTCCT-1,0.000806,0.000807,0.000807,0.994353,0.000807,0.000807,0.000807,0.000807
ACAAAGAAGGTAGGCC-1,0.000064,0.000064,0.003806,0.981789,0.000064,0.000064,0.000064,0.014088
ACAAAGCATGACCTAG-1,0.000532,0.263496,0.013584,0.001596,0.000532,0.000532,0.000532,0.719195
ACAAATCGCACCGAAT-1,0.001818,0.001819,0.001819,0.887146,0.001819,0.001819,0.001819,0.101942
ACAAATGGTAGTGTTT-1,0.000225,0.000225,0.000225,0.971441,0.000225,0.000225,0.000225,0.027207
ACAAATTCAGATCTGA-1,0.000429,0.000429,0.000429,0.996995,0.000429,0.000429,0.000429,0.000429
ACAACAGCATGAGCTA-1,0.000069,0.247904,0.033954,0.691354,0.000069,0.001922,0.000069,0.02466
ACAACGGTCCCTGCGA-1,0.000052,0.200315,0.000052,0.73818,0.010089,0.051208,0.000052,0.000052
ACAAGCAGTGCCTAGC-1,0.000054,0.459718,0.004222,0.500438,0.000054,0.029297,0.006163,0.000054
ACAAGCTATATGGAAG-1,0.000029,0.107528,0.017642,0.20335,0.084328,0.496737,0.063602,0.026785
ACAAGGAAATCCGCCC-1,0.000213,0.035976,0.000213,0.404236,0.000213,0.000213,0.558724,0.000213
ACAAGGACAAGAGGTT-1,0.000028,0.585011,0.000028,0.389645,0.017863,0.000028,0.000028,0.007369
ACAAGGATGCTTTAGG-1,0.00137,0.00137,0.00137,0.004111,0.00137,0.00137,0.00137,0.987668
ACAAGGCCTACCAGCC-1,0.000218,0.000218,0.16869,0.39064,0.000218,0.000218,0.421904,0.017894
ACAAGGGCAGGCTCTG-1,0.000176,0.000176,0.000176,0.998767,0.000176,0.000176,0.000176,0.000176
ACAATAGTCGTACGTT-1,0.000081,0.000081,0.000081,0.949058,0.000081,0.000081,0.015144,0.035395
ACAATCCATTTAAACC-1,0.000057,0.069455,0.000057,0.77072,0.005362,0.032846,0.121446,0.000057
ACAATCGATCTTTATA-1,0.000179,0.000179,0.000179,0.200871,0.000179,0.000179,0.08759,0.710645
ACAATGAATACGGAGA-1,0.002041,0.002041,0.002041,0.985711,0.002041,0.002041,0.002042,0.002041
ACAATGATTCTTCTAC-1,0.000885,0.000885,0.000885,0.993804,0.000885,0.000885,0.000885,0.000885
ACAATTGTGTCTCTTT-1,0.000293,0.000293,0.252006,0.573754,0.000293,0.063601,0.000293,0.109465
ACAATTTAGGAGGCTC-1,0.000071,0.000071,0.000071,0.774834,0.007172,0.169249,0.016566,0.031967
ACAATTTGAGCAGTGG-1,0.000062,0.050057,0.386552,0.522733,0.000062,0.04041,0.000062,0.000062
ACAATTTGGCCATATT-1,0.000121,0.104777,0.00723,0.331708,0.000121,0.226494,0.31832,0.011229
ACACAAAGACGGGTGG-1,0.000096,0.207152,0.000096,0.736839,0.000096,0.000096,0.018304,0.03732
ACACAAATATTCCTAG-1,0.000052,0.042415,0.000052,0.933388,0.006435,0.000052,0.017556,0.000052
ACACACCAGGACCAGT-1,0.000145,0.000145,0.000145,0.998985,0.000145,0.000145,0.000145,0.000145
ACACACTTTCTACACG-1,0.002857,0.002858,0.002858,0.979995,0.002858,0.002858,0.002858,0.002858
ACACATGATCAAATCT-1,0.002222,0.002223,0.002223,0.93038,0.002223,0.002223,0.002223,0.056284
ACACCACATAATTAGC-1,0.000078,0.000078,0.000078,0.917084,0.000078,0.000078,0.082446,0.000078
ACACCCAGCATGCAGC-1,0.000151,0.03973,0.000151,0.933029,0.000151,0.000151,0.026488,0.000151
ACACCCGAGAAATCCG-1,0.000058,0.451232,0.000058,0.459241,0.000058,0.089237,0.000058,0.000058
ACACCCGTAAATCTGT-1,0.000581,0.000582,0.000582,0.976552,0.019958,0.000582,0.000582,0.000582
ACACCGAGCGCTCTTT-1,0.529389,0.001021,0.092153,0.373354,0.001021,0.001021,0.001021,0.001021
ACACCGGTCTGACCGC-1,0.001408,0.001409,0.001409,0.944149,0.001409,0.001409,0.001409,0.047398
ACACCTTAAGTAGGGC-1,0.000116,0.062384,0.000116,0.926696,0.000116,0.000116,0.000116,0.010337
ACACCTTACTACTTGC-1,0.000132,0.072257,0.000132,0.816191,0.000132,0.110892,0.000132,0.000132
ACACGAGACTCCTTCT-1,0.000051,0.077491,0.008988,0.771865,0.000051,0.042733,0.090429,0.008393
ACACGGCACTATGCAT-1,0.000152,0.000152,0.000152,0.538533,0.000152,0.000152,0.000152,0.460557
ACACGGGAACTTAGGG-1,0.000078,0.059766,0.000078,0.885888,0.000078,0.035356,0.000078,0.01868
ACACGTAGGCCACAAG-1,0.000182,0.000182,0.000182,0.907657,0.000182,0.015507,0.040893,0.035216
ACACTCCAATGTCACT-1,0.000063,0.024244,0.000063,0.554755,0.02859,0.386592,0.000063,0.00563
ACACTGATCAAGGTGT-1,0.002174,0.002174,0.002174,0.903714,0.002175,0.002174,0.002174,0.083239
ACACTGGGACAGTCGT-1,0.00037,0.00037,0.00037,0.847205,0.061754,0.039108,0.00037,0.050452
ACAGAACTGAGAACAA-1,0.000082,0.000082,0.000082,0.999424,0.000082,0.000082,0.000082,0.000082
ACAGATTAGGTTAGTG-1,0.000307,0.000307,0.000307,0.735849,0.000307,0.210376,0.000307,0.052241
ACAGCATAGAGCCAGT-1,0.000122,0.154446,0.000122,0.706966,0.000122,0.053667,0.000122,0.084434
ACAGCGACATTCTCAT-1,0.000332,0.225211,0.000332,0.772795,0.000332,0.000332,0.000332,0.000332
ACAGCGCACCCGCAGC-1,0.003226,0.003227,0.003227,0.812964,0.003227,0.003227,0.003227,0.167677
ACAGGCACGGATCCTT-1,0.000662,0.101803,0.000662,0.099795,0.000662,0.000662,0.000662,0.79509
ACAGGCTTGCCCGACT-1,0.000658,0.000658,0.000658,0.995394,0.000658,0.000658,0.000658,0.000658
ACAGGTGGAGGTGAGG-1,0.000625,0.000625,0.000625,0.890191,0.000625,0.000625,0.000625,0.106058
ACAGGTGTGTTGTTGC-1,0.000053,0.077423,0.006613,0.16118,0.020099,0.702305,0.000053,0.032274
ACAGTAATACAACTTG-1,0.000045,0.000045,0.000045,0.999688,0.000045,0.000045,0.000045,0.000045
ACAGTATACCGTGGGA-1,0.00008,0.096088,0.113574,0.766505,0.00008,0.00008,0.023513,0.00008
ACAGTGCAGCGCATTT-1,0.005263,0.005264,0.005264,0.96315,0.005264,0.005264,0.005265,0.005265
ACATAAGTCGTGGTGA-1,0.001961,0.001961,0.001961,0.713379,0.001961,0.001961,0.001961,0.274854
ACATAATAAGGCGGTG-1,0.000158,0.000158,0.000158,0.948851,0.000158,0.000158,0.036826,0.013534
ACATCAGCTGGGACGC-1,0.000081,0.000081,0.000081,0.683656,0.000081,0.212339,0.102193,0.001489
ACATCCCGGCCATACG-1,0.005263,0.005264,0.005264,0.687275,0.005264,0.005264,0.005265,0.28114
ACATCCTGGTAACTGT-1,0.000124,0.160032,0.003337,0.810452,0.000124,0.000124,0.025685,0.000124
ACATCGATCGTTTACC-1,0.000119,0.032047,0.003375,0.954586,0.000119,0.000119,0.009516,0.000119
ACATCGGTCAGCCGCG-1,0.000069,0.147197,0.000069,0.852386,0.000069,0.000073,0.000069,0.000069
ACATCGTATGCAATGG-1,0.000633,0.000633,0.000633,0.955014,0.000633,0.000633,0.000633,0.041188
ACATCGTTAACCTAGT-1,0.000202,0.000202,0.04647,0.769958,0.000202,0.037043,0.08091,0.065011
ACATCTCAACGCGTAA-1,0.000298,0.190673,0.000298,0.524981,0.000298,0.000298,0.105256,0.177898
ACATGGCGCCAAAGTA-1,0.000071,0.061635,0.000071,0.893216,0.000071,0.010657,0.034207,0.000071
ACATGGCTCAATTTAG-1,0.000065,0.004772,0.000065,0.045777,0.496469,0.41314,0.000148,0.039564
ACATTAGTTTATATCC-1,0.004,0.004001,0.004001,0.711405,0.004001,0.004001,0.004001,0.26459
ACCAAACACCCAGCGA-1,0.000024,0.249988,0.04246,0.707432,0.000024,0.000024,0.000024,0.000024
ACCAAACTAGAAATCC-1,0.000063,0.000063,0.000063,0.128898,0.007775,0.03301,0.067857,0.762271
ACCAACACCACACACT-1,0.000047,0.197039,0.039758,0.754911,0.008103,0.000047,0.000047,0.000047
ACCAACCGCACTCCAC-1,0.002174,0.002175,0.002174,0.543236,0.002175,0.002175,0.002175,0.443717
ACCAACGCTTATTTAT-1,0.001,0.001,0.001,0.837013,0.001,0.001,0.001,0.156986
ACCAAGAACGCGTGTC-1,0.000118,0.000118,0.211008,0.659689,0.015152,0.000118,0.113679,0.000118
ACCAATATGCAAGTTA-1,0.002564,0.002565,0.002565,0.908963,0.002565,0.002565,0.002565,0.075649
ACCACAACTCAGAACA-1,0.000862,0.000862,0.000862,0.88827,0.000862,0.000862,0.000862,0.106557
ACCACAAGTTTCTATC-1,0.000071,0.042083,0.02493,0.895663,0.000071,0.037041,0.000071,0.000071
ACCACCAATGTAACAA-1,0.000062,0.125955,0.005044,0.81818,0.000062,0.044647,0.000062,0.005989
ACCACCCTCTCTTCTA-1,0.000058,0.204832,0.00151,0.793365,0.000058,0.000058,0.000058,0.000058
ACCACGTGCAGCTATA-1,0.000403,0.000403,0.000403,0.792147,0.000403,0.000403,0.188631,0.017205
ACCAGACCATAACAAC-1,0.000069,0.000069,0.000069,0.423747,0.102729,0.34158,0.037506,0.09423
ACCAGCCCGGTCTTTG-1,0.000063,0.000063,0.000063,0.195556,0.000063,0.122388,0.286886,0.394917
ACCAGGAGTGTGATCT-1,0.000146,0.000146,0.000146,0.408485,0.000146,0.244497,0.117438,0.228995
ACCAGTGCCCGGTCAA-1,0.004167,0.004168,0.004167,0.623423,0.004168,0.004168,0.004168,0.35157
ACCAGTGCGGGAGACG-1,0.000175,0.111325,0.000175,0.787242,0.000175,0.009407,0.000175,0.091328
ACCATATCCGCAATAA-1,0.000038,0.354964,0.097752,0.540139,0.00483,0.0022,0.000038,0.000038
ACCATCCGCCAACTAG-1,0.000106,0.000106,0.000106,0.951448,0.015512,0.013633,0.000106,0.01898
ACCATCGTATATGGTA-1,0.000089,0.127466,0.011142,0.860948,0.000089,0.000089,0.000089,0.000089
ACCCAACGCCCGTGGC-1,0.000044,0.552863,0.093561,0.331284,0.000044,0.000044,0.022115,0.000044
ACCCACCTACATGCTC-1,0.000048,0.209386,0.000048,0.429043,0.000048,0.042765,0.318614,0.000048
ACCCATCTTGAGGGTA-1,0.000079,0.126549,0.000079,0.841485,0.000079,0.022592,0.009056,0.000079
ACCCATTTGTCCCTCT-1,0.000275,0.000276,0.000276,0.863668,0.000276,0.000276,0.000276,0.134678
ACCCGAGCGAAATTAC-1,0.002857,0.002858,0.002858,0.976102,0.002858,0.006751,0.002858,0.002858
ACCCGATTGGTTCCGA-1,0.000495,0.26711,0.020373,0.633479,0.000495,0.000495,0.077058,0.000495
ACCCGGAAACTCCCAG-1,0.000581,0.000582,0.000582,0.87737,0.000582,0.000582,0.000582,0.119141
ACCCGGAGCACCACAA-1,0.000056,0.188269,0.000056,0.535096,0.000056,0.276354,0.000056,0.000056
ACCCGGATGACGCATC-1,0.000094,0.077346,0.000094,0.768588,0.000094,0.132238,0.019249,0.002296
ACCCGGTTACACTTCC-1,0.000076,0.022966,0.090666,0.647907,0.000076,0.008153,0.223571,0.006585
ACCCGTGTCATCAGTA-1,0.00303,0.003031,0.003031,0.851668,0.003031,0.003031,0.003031,0.130146
ACCCTATAGGACTGAG-1,0.000062,0.221006,0.000062,0.143982,0.003094,0.599757,0.031974,0.000062
ACCCTATGCCATATCG-1,0.006668,0.006668,0.006668,0.95332,0.006669,0.006669,0.006669,0.006669
ACCCTCCCGTCAGGGC-1,0.001409,0.001409,0.001409,0.374912,0.001409,0.117948,0.001409,0.500096
ACCCTCCCTTGCTATT-1,0.000599,0.000599,0.000599,0.8415,0.000599,0.000599,0.041506,0.113999
ACCCTGGTAACGCCCT-1,0.000088,0.101823,0.065916,0.831819,0.000088,0.000088,0.000088,0.000088
ACCCTTCATCTGCGAA-1,0.00164,0.00164,0.00164,0.51056,0.00164,0.00164,0.00164,0.479601
ACCCTTGCCTGGGTCG-1,0.000095,0.109884,0.008651,0.835267,0.000095,0.000095,0.000095,0.04582
ACCCTTTAGTTCTCCA-1,0.000483,0.000483,0.008083,0.971201,0.000483,0.000483,0.000483,0.0183
ACCGAAAGGGCCCTGC-1,0.000248,0.000248,0.000248,0.890107,0.000248,0.000248,0.000248,0.108404
ACCGAAGAGTCTGGTT-1,0.000229,0.000229,0.000229,0.92015,0.047345,0.000229,0.000229,0.031361
ACCGACTGAGTCCCAC-1,0.000029,0.653472,0.016269,0.330111,0.000029,0.000029,0.000029,0.000029
ACCGATAGGCATAACC-1,0.000224,0.000224,0.000224,0.802969,0.000224,0.139212,0.000224,0.056698
ACCGATATTTAATCAT-1,0.000066,0.100451,0.000067,0.484195,0.000067,0.332463,0.000067,0.082625
ACCGATGGTAGCATCG-1,0.000101,0.090401,0.005136,0.881918,0.000101,0.000101,0.000101,0.02214
ACCGCAATAACTGCCT-1,0.002174,0.002174,0.002174,0.98478,0.002174,0.002174,0.002174,0.002175
ACCGCGGTGGAAGTCG-1,0.00008,0.046545,0.00008,0.917451,0.00008,0.00008,0.035604,0.00008
ACCGGGCCTTTGTTGA-1,0.000154,0.000154,0.404192,0.397719,0.057723,0.06622,0.073684,0.000154
ACCGGTCAGGTACACC-1,0.003125,0.003126,0.003126,0.97812,0.003126,0.003126,0.003126,0.003126
ACCGGTCTGAGTACGG-1,0.002703,0.002703,0.002703,0.807996,0.002703,0.002703,0.002703,0.175785
ACCGTCCACTGGGCCC-1,0.000305,0.000305,0.015252,0.783778,0.000305,0.000305,0.000305,0.199445
ACCGTGACCACGTGGG-1,0.001724,0.155873,0.001724,0.83378,0.001725,0.001725,0.001725,0.001725
ACCGTTCCCGCTCTGA-1,0.000166,0.000166,0.000166,0.305916,0.000166,0.000166,0.000166,0.693088
ACCTAAGTACCTTTCA-1,0.000091,0.101528,0.136825,0.69826,0.000091,0.000091,0.063023,0.000091
ACCTAATCGACTTCCT-1,0.000067,0.090882,0.000067,0.908718,0.000067,0.000067,0.000067,0.000067
ACCTACAGTATGTGGT-1,0.000147,0.066074,0.004739,0.928451,0.000147,0.000147,0.000147,0.000147
ACCTACTATAAATCTA-1,0.000645,0.000645,0.000645,0.897333,0.000645,0.000645,0.000645,0.098796
ACCTCCGCCCTCGCTG-1,0.001266,0.001266,0.001266,0.688615,0.001266,0.001266,0.001266,0.303788
ACCTCCGTTATTCACC-1,0.000123,0.053661,0.000123,0.903785,0.000123,0.000123,0.015252,0.02681
ACCTCGAACTTATGCT-1,0.00033,0.654742,0.00033,0.343277,0.00033,0.00033,0.00033,0.00033
ACCTGCGTGTCATGTT-1,0.000079,0.000079,0.004325,0.995201,0.000079,0.000079,0.000079,0.000079
ACCTTTCCTTTAGAAG-1,0.000121,0.219877,0.000121,0.023591,0.000121,0.526133,0.000121,0.229914
ACGAAATGGGCGGCAC-1,0.000035,0.302274,0.000035,0.697516,0.000035,0.000035,0.000035,0.000035
ACGACCCATGAGTTGC-1,0.000051,0.286095,0.000051,0.347843,0.000051,0.365809,0.000051,0.000051
ACGACTGGTCATACTC-1,0.000495,0.000495,0.092752,0.873172,0.000495,0.000495,0.000495,0.0316
ACGAGAACCCATCACG-1,0.000394,0.000394,0.000394,0.859622,0.000394,0.138015,0.000394,0.000394
ACGAGATATTTGCTTA-1,0.001695,0.068956,0.001695,0.627382,0.001695,0.295186,0.001695,0.001696
ACGAGGATACCACTCT-1,0.000085,0.000085,0.09809,0.893616,0.000085,0.000085,0.007871,0.000085
ACGAGGTTTACAACGT-1,0.001852,0.001852,0.001852,0.876799,0.001852,0.001852,0.112087,0.001852
ACGAGTACGGATGCCC-1,0.000051,0.305693,0.000051,0.694001,0.000051,0.000051,0.000051,0.000051
ACGATACATAGAACTA-1,0.000052,0.000052,0.000052,0.950796,0.023756,0.000052,0.000052,0.025189
ACGATACCTATCCTGA-1,0.000031,0.000031,0.055946,0.195643,0.036439,0.565951,0.03857,0.107388
ACGATCATACATAGAG-1,0.000121,0.012446,0.019618,0.807479,0.000121,0.159971,0.000121,0.000121
ACGATCATCTTGTAAA-1,0.00008,0.223364,0.009796,0.766437,0.00008,0.00008,0.00008,0.00008
ACGATGCATATGTTAT-1,0.000034,0.695158,0.000034,0.296404,0.000034,0.000034,0.000034,0.008266
ACGATGGATCCGATGC-1,0.001563,0.001563,0.001563,0.695761,0.001563,0.294862,0.001563,0.001563
ACGCAAACTAATAGAT-1,0.001333,0.107155,0.001334,0.824082,0.001334,0.001334,0.001334,0.062095
ACGCAATCACTACAGC-1,0.000094,0.000094,0.000094,0.979276,0.020159,0.000094,0.000094,0.000094
ACGCATAAATGACATG-1,0.002273,0.002273,0.002273,0.716281,0.002273,0.002273,0.002273,0.27008
ACGCATACGTTTACTA-1,0.000498,0.000498,0.000498,0.913894,0.000498,0.000498,0.000498,0.08312
ACGCATTCGTGAGTAC-1,0.000155,0.21243,0.403438,0.383357,0.000155,0.000155,0.000155,0.000155
ACGCCAGATGATTTCT-1,0.000505,0.000505,0.000505,0.833453,0.000505,0.000505,0.163516,0.000505
ACGCCCAGCTGTCGAT-1,0.000196,0.000197,0.000197,0.154456,0.000197,0.105197,0.068439,0.671122
ACGCCGCTAGACGACC-1,0.000204,0.000204,0.000204,0.998574,0.000204,0.000204,0.000204,0.000204
ACGCGAAGTCAGACGA-1,0.002273,0.002273,0.002273,0.895095,0.002273,0.002273,0.002273,0.091266
ACGCGCTACACAGGGT-1,0.000075,0.341457,0.000075,0.658091,0.000075,0.000075,0.000075,0.000075
ACGCGGGCCAAGGACA-1,0.000114,0.183872,0.209552,0.606008,0.000114,0.000114,0.000114,0.000114
ACGCGTTTCTTAAGAG-1,0.000051,0.032142,0.000051,0.33925,0.008727,0.589165,0.000051,0.030563
ACGCTAGTATCAGTGC-1,0.000515,0.000516,0.021649,0.711688,0.000516,0.000516,0.104276,0.160324
ACGCTAGTGATACACT-1,0.000088,0.315599,0.009708,0.64939,0.000088,0.000088,0.024951,0.000088
ACGCTGTGAGGCGTAG-1,0.000125,0.000125,0.000125,0.883919,0.033852,0.067308,0.014423,0.000125
ACGCTTAGTGTCTCTC-1,0.001,0.001,0.001,0.992998,0.001,0.001,0.001,0.001
ACGGAATTTAGCAAAT-1,0.000074,0.128917,0.000074,0.55101,0.000074,0.273088,0.046688,0.000074
ACGGACTCTCAAAGCG-1,0.000087,0.000103,0.000087,0.120416,0.007775,0.009228,0.000087,0.862217
ACGGAGCGCAAATTAC-1,0.00002,0.506104,0.018095,0.472972,0.00002,0.00002,0.002747,0.00002
ACGGATGGTGCGGATA-1,0.002041,0.002041,0.046796,0.940956,0.002041,0.002042,0.002042,0.002041
ACGGCACTTGCTTGGG-1,0.000329,0.000329,0.000329,0.997697,0.000329,0.000329,0.000329,0.000329
ACGGCCAACATGGACT-1,0.00024,0.00024,0.008933,0.960677,0.00024,0.00024,0.029188,0.00024
ACGGCGACGATGGGAA-1,0.000284,0.418042,0.000284,0.580253,0.000284,0.000284,0.000284,0.000284
ACGGCGGGTTGCCCTG-1,0.000194,0.000194,0.000194,0.789829,0.000194,0.132461,0.000194,0.07674
ACGGCTGGATGTAGAA-1,0.001176,0.001177,0.001177,0.991763,0.001177,0.001177,0.001177,0.001177
ACGGGAGTGTCGGCCC-1,0.00005,0.241915,0.00005,0.606864,0.00005,0.00005,0.150971,0.00005
ACGGGCGTATGCGACA-1,0.000105,0.000105,0.000105,0.999263,0.000105,0.000105,0.000105,0.000105
ACGGGTCATGTGACTT-1,0.000027,0.007554,0.173595,0.102405,0.365172,0.201619,0.069143,0.080486
ACGGTCACCGAGAACA-1,0.000156,0.000156,0.000156,0.89396,0.000156,0.000156,0.000156,0.105106
ACGTACAGATTTCTCT-1,0.001588,0.001588,0.001588,0.731601,0.001588,0.258873,0.001588,0.001588
ACGTACTTTGGCACGG-1,0.000488,0.000488,0.022397,0.798018,0.000488,0.000488,0.000488,0.177145
