Barcode,Topic 1,Topic 2,Topic 3to7,Topic 8,Topic 9to10
AAACAACGAATAGTTC-1,0.000029,0.01403,0.579452,0.104156,0.302333
AAACAAGTATCTCCCA-1,0.000013,0.006955,0.940344,0.000013,0.052676
AAACACCAATAACTGC-1,0.000405,0.000405,0.002025,0.472431,0.524734
AAACAGAGCGACTCCT-1,0.000035,0.046977,0.176053,0.110739,0.666196
AAACAGCTTTCAGAAG-1,0.000069,0.000069,0.098258,0.398994,0.502611
AAACAGGGTCTATATT-1,0.000084,0.000084,0.067019,0.171557,0.761255
AAACATTTCCCGGATT-1,0.000015,0.020314,0.732882,0.031263,0.215526
AAACCGGGTAGGTACC-1,0.000145,0.000145,0.295809,0.251763,0.452139
AAACCGTTCGTCCAGG-1,0.000044,0.000044,0.519127,0.054938,0.425847
AAACCTAAGCAGCCGG-1,0.000037,0.000037,0.664832,0.277521,0.057572
AAACCTCATGAAGTTG-1,0.000083,0.016641,0.356281,0.138395,0.488601
AAACGAAGAACATACC-1,0.000122,0.028074,0.099457,0.148302,0.724045
AAACGAGACGGTTGAT-1,0.000026,0.000026,0.44537,0.00584,0.548738
AAACGGGCGTACGGGT-1,0.000083,0.067087,0.366427,0.003979,0.562424
AAACTAACGTGGCGAC-1,0.000031,0.431164,0.158888,0.014866,0.395051
AAACTCGGTTCGCAAT-1,0.000476,0.000476,0.002382,0.181687,0.814979
AAACTCGTGATATAAG-1,0.000022,0.000022,0.773349,0.000022,0.226584
AAACTGCTGGCTCCAA-1,0.000022,0.000022,0.059307,0.561628,0.379021
AAACTTAATTGCACGC-1,0.000094,0.07169,0.000471,0.529454,0.398291
AAACTTGCAAACGTAT-1,0.000334,0.000335,0.001673,0.000335,0.997324
AAAGACCCAAGTCGCG-1,0.00002,0.029136,0.548347,0.00002,0.422477
AAAGACTGGGCGCTTT-1,0.0001,0.0001,0.364765,0.073106,0.56193
AAAGGCCCTATAATAC-1,0.000102,0.014883,0.324752,0.091105,0.569158
AAAGGGATGTAGCAAG-1,0.000225,0.000225,0.001124,0.003036,0.995391
AAAGGGCAGCTTGAAT-1,0.000053,0.000053,0.000267,0.381953,0.617673
AAAGGTAAGCTGTACC-1,0.000036,0.085282,0.313564,0.158308,0.442809
AAAGTAGCATTGCTCA-1,0.000168,0.125915,0.000839,0.178022,0.695056
AAAGTCACTGATGTAA-1,0.000017,0.009692,0.78653,0.055594,0.148167
AAAGTCGACCCTCAGT-1,0.000068,0.000068,0.168685,0.141883,0.689296
AAAGTGTGATTTATCT-1,0.000006,0.006388,0.982478,0.007717,0.00341
AAAGTTGACTCCCGTA-1,0.000016,0.036644,0.682997,0.0207,0.259643
AAATAACCATACGGGA-1,0.000025,0.000025,0.303241,0.000025,0.696683
AAATAAGGTAGTGCCC-1,0.000043,0.000556,0.246758,0.000043,0.7526
AAATACCTATAAGCAT-1,0.000029,0.000029,0.073108,0.324833,0.602002
AAATAGCTTAGACTTT-1,0.000028,0.024397,0.237005,0.000169,0.738401
AAATAGGGTGCTATTG-1,0.000052,0.000052,0.040997,0.077686,0.881212
AAATCCGATACACGCC-1,0.000091,0.029934,0.248609,0.05383,0.667535
AAATCTAGCCCTGCTA-1,0.000011,0.004976,0.912093,0.007397,0.075523
AAATGATTCGATCAGC-1,0.000071,0.000071,0.166451,0.000071,0.833337
AAATGCTCGTTACGTT-1,0.000031,0.000031,0.000153,0.999724,0.000061
AAATGGCATGTCTTGT-1,0.000077,0.000077,0.000383,0.575012,0.424452
AAATGGCCCGTGCCCT-1,0.000233,0.000233,0.001163,0.122707,0.875664
AAATGGTCAATGTGCC-1,0.000091,0.023973,0.481101,0.000091,0.494745
AAATGTATCTTATCCC-1,0.000027,0.000027,0.620503,0.078773,0.300671
AAATTAATAAGCGCGA-1,0.000102,0.000102,0.13196,0.000102,0.867734
AAATTACACGACTCTG-1,0.000032,0.000032,0.321225,0.000032,0.678679
AAATTACCTATCGATG-1,0.000027,0.015952,0.45777,0.000027,0.526223
AAATTGATAGTCCTTT-1,0.000011,0.000011,0.999945,0.000011,0.000022
AAATTGCGGCGGTTCT-1,0.000111,0.000112,0.295018,0.249999,0.45476
AAATTTACCGAAATCC-1,0.000025,0.086517,0.331346,0.285045,0.297068
AAATTTGCGGGTGTGG-1,0.000068,0.000068,0.080815,0.059395,0.859655
AACAACTGGTAGTTGC-1,0.000055,0.026421,0.145304,0.000055,0.828164
AACAATACATTGTCGA-1,0.000023,0.02072,0.709957,0.032983,0.236316
AACAATTACTCTACGC-1,0.00026,0.00026,0.112024,0.175037,0.712419
AACACACGCTCGCCGC-1,0.000018,0.001062,0.631112,0.180034,0.187774
AACACGACTGTACTGA-1,0.000251,0.000251,0.222039,0.114773,0.662687
AACACGAGACGCGGCC-1,0.000521,0.083154,0.002605,0.215254,0.698466
AACACGCGGCCGCGAA-1,0.000026,0.06643,0.584034,0.020862,0.328648
AACAGCTGTGTGGCAA-1,0.000054,0.000054,0.201121,0.042697,0.756073
AACAGGAAATCGAATA-1,0.001587,0.001588,0.007939,0.001588,0.987298
AACAGGATGGGCCGCG-1,0.000296,0.000296,0.262997,0.000296,0.736115
AACATATCAACTGGTG-1,0.000045,0.022404,0.055945,0.000045,0.921561
AACATCGATACGTCTA-1,0.00003,0.070567,0.457824,0.00003,0.471549
AACATTGAAGTTGATC-1,0.000122,0.059461,0.011977,0.109478,0.818962
AACATTGGTCAGCCGT-1,0.000119,0.000119,0.214286,0.000119,0.785357
AACCAAGACTTCTCTG-1,0.000375,0.000375,0.001873,0.520154,0.477223
AACCAGTATCACTCTT-1,0.000041,0.086764,0.354117,0.041084,0.517994
AACCATAGGGTTGAAC-1,0.000073,0.000073,0.354307,0.293869,0.351679
AACCATGGGATCGCTA-1,0.000358,0.000359,0.001793,0.180819,0.816672
AACCCAGAGACGGAGA-1,0.000035,0.014743,0.326959,0.000035,0.658228
AACCCATCCCATGATC-1,0.000103,0.000103,0.023438,0.213282,0.763072
AACCCGACAACCCGTG-1,0.000076,0.000076,0.294288,0.037436,0.668123
AACCCTACTGTCAATA-1,0.000026,0.039187,0.276928,0.020268,0.66359
AACCCTGGTGGAACCA-1,0.000085,0.000085,0.000424,0.154747,0.84466
AACCGAGCTTGGTCAT-1,0.000044,0.000044,0.70789,0.097647,0.194375
AACCGCTAAGGGATGC-1,0.000019,0.054509,0.370591,0.07452,0.500361
AACCGTTGTGTTTGCT-1,0.000176,0.000176,0.138892,0.296586,0.564171
AACCTAAAGCCGTCCG-1,0.000121,0.000121,0.214049,0.065944,0.719766
AACCTCGCTTTAGCCC-1,0.000078,0.037796,0.205724,0.20498,0.551422
AACCTTTAAATACGGT-1,0.000023,0.048669,0.16186,0.219263,0.570185
AACCTTTACGACGTCT-1,0.000042,0.048024,0.101539,0.000042,0.850352
AACGAAAGTCGTCCCA-1,0.000145,0.030525,0.000726,0.280408,0.688196
AACGATAATGCCGTAG-1,0.000047,0.000047,0.000235,0.118334,0.881337
AACGATAGAAGGGCCG-1,0.00003,0.116541,0.203144,0.025615,0.654669
AACGATATGTCAACTG-1,0.00005,0.00005,0.351285,0.25271,0.395905
AACGCATGATCTGGGT-1,0.000029,0.010814,0.614543,0.000029,0.374584
AACGCGAACGGCAACA-1,0.000044,0.000044,0.000221,0.543012,0.456679
AACGCGGTCTCCAGCC-1,0.000289,0.000289,0.502508,0.000289,0.496625
AACGCTGTTGCTGAAA-1,0.000027,0.000027,0.427052,0.059476,0.513419
AACGGACGTACGTATA-1,0.000011,0.000011,0.773002,0.019395,0.20758
AACGGCCATCTCCGGT-1,0.000039,0.000039,0.358301,0.099051,0.542569
AACGTACTGTGGGTAC-1,0.000023,0.004072,0.485339,0.118346,0.39222
AACGTCAGACTAGTGG-1,0.000049,0.019643,0.083827,0.000049,0.896433
AACGTGATGAAGGACA-1,0.000026,0.064871,0.450631,0.086886,0.397585
AACGTGCGAAAGTCTC-1,0.000046,0.000046,0.000228,0.318159,0.681522
AACGTTATCAGCACCT-1,0.000032,0.000032,0.511225,0.192949,0.295762
AACTAGCGTATCGCAC-1,0.000065,0.000065,0.306924,0.000065,0.692881
AACTAGGCTTGGGTGT-1,0.000251,0.000251,0.001254,0.184833,0.813412
AACTCAAGTTAATTGC-1,0.000029,0.000029,0.223752,0.147247,0.628944
AACTCCAGAGCGTGTT-1,0.000075,0.000075,0.286244,0.098673,0.614933
AACTCCTAATCCCATG-1,0.000038,0.036156,0.184394,0.001375,0.778037
AACTCGATAAACACGT-1,0.000066,0.023663,0.382674,0.077212,0.516385
AACTCGATGGCGCAGT-1,0.000067,0.000067,0.000335,0.701918,0.297613
AACTCTCAATAGAGCG-1,0.000016,0.116719,0.657498,0.020322,0.205445
AACTCTCAGTGTGCTC-1,0.000009,0.000009,0.999957,0.000009,0.000017
AACTGAGGTCAGCGTC-1,0.000039,0.560941,0.099051,0.030957,0.309011
AACTGATATTAGGCCT-1,0.001639,0.00164,0.449509,0.00164,0.545573
AACTGGGTCCCGACGT-1,0.00073,0.00073,0.429162,0.00073,0.568648
AACTGGGTTCGAGCCG-1,0.000059,0.025611,0.453603,0.086826,0.433901
AACTGGTGTGGGCCTT-1,0.000034,0.006584,0.332952,0.19663,0.4638
AACTTCTGCGTCTATC-1,0.000053,0.000053,0.386978,0.052693,0.560221
AACTTGCCCGTATGCA-1,0.000266,0.000266,0.075412,0.157148,0.766909
AACTTGCGTTCTCGCG-1,0.000086,0.000086,0.081003,0.167929,0.750896
AACTTTACGGGAGCTT-1,0.000018,0.000018,0.481079,0.183605,0.335279
AACTTTAGCTGCTGAG-1,0.000037,0.031638,0.634123,0.004754,0.329449
AAGAAGGATCAGTTAG-1,0.000082,0.000082,0.000412,0.528168,0.471255
AAGACCAAATAACTCA-1,0.000305,0.000305,0.307798,0.055584,0.636008
AAGACTAACCCGTTGT-1,0.000019,0.000019,0.978068,0.021857,0.000037
AAGACTGCAAGCTACT-1,0.000025,0.000025,0.517919,0.140608,0.341423
AAGAGATGAATCGGTA-1,0.000036,0.000036,0.972575,0.012375,0.014977
AAGAGCTCTTTATCGG-1,0.000042,0.000042,0.18625,0.128638,0.685028
AAGAGGATGTACGCGA-1,0.000193,0.090053,0.000967,0.202309,0.706477
AAGAGGCATGGATCGC-1,0.000045,0.000045,0.083322,0.126317,0.790271
AAGATGGCACCGGACC-1,0.000045,0.004359,0.417061,0.087004,0.491532
AAGATTGGCGGAACGT-1,0.000038,0.087077,0.262991,0.010352,0.639541
AAGCACCCTGCGTATC-1,0.000044,0.000044,0.000222,0.645567,0.354123
AAGCATACTCTCCTGA-1,0.000033,0.000033,0.176594,0.237584,0.585755
AAGCCACTTGCAGGTA-1,0.000026,0.000026,0.324621,0.032535,0.642792
AAGCCGCCGTGAAATC-1,0.000234,0.000234,0.001171,0.087005,0.911355
AAGCGCAGGGCTTTGA-1,0.000704,0.018701,0.003522,0.000704,0.976369
AAGCGGCGTCATGGGT-1,0.000042,0.018381,0.451475,0.000042,0.530061
AAGCGTCCCTCATCGA-1,0.000059,0.000059,0.403998,0.034193,0.561692
AAGCTAGATCGAGTAA-1,0.000069,0.118623,0.417838,0.463332,0.000138
AAGCTCGTGCCAAGTC-1,0.000057,0.000057,0.267047,0.117412,0.615427
AAGCTCTTTCATGGTG-1,0.000034,0.000034,0.480435,0.150749,0.368747
AAGGAGCGGTTGGTGC-1,0.000043,0.000043,0.046808,0.001307,0.951799
AAGGATGAGGGACCTC-1,0.000065,0.056007,0.143013,0.114778,0.686136
AAGGCGCGTAAAGCTT-1,0.000037,0.032871,0.237715,0.046222,0.683154
AAGGCTGTGCTCATCG-1,0.000038,0.089734,0.835665,0.000038,0.074525
AAGGGAACGACTGGCT-1,0.000278,0.104096,0.136756,0.276761,0.482109
AAGGGACAGATTCTGT-1,0.000041,0.012245,0.091232,0.03281,0.863672
AAGGGACTATGCATTC-1,0.000116,0.000116,0.149436,0.24024,0.610092
AAGGTATCCTAATATA-1,0.000047,0.001318,0.03459,0.258595,0.70545
AAGGTGATAAACCAGC-1,0.000011,0.018607,0.764088,0.02192,0.195375
AAGTAGAAGACCGGGT-1,0.00005,0.021243,0.466218,0.00005,0.512438
AAGTAGTGACGCGAGG-1,0.000272,0.000272,0.040104,0.000272,0.959081
AAGTCAATTGTCGTCA-1,0.000026,0.000026,0.576284,0.002116,0.421548
AAGTCTTCTGTGGCCT-1,0.001266,0.001266,0.351412,0.001266,0.644789
AAGTGACGACCGAATT-1,0.000358,0.000359,0.001793,0.000359,0.997132
AAGTGAGTCGGGTTTA-1,0.000019,0.000019,0.487531,0.011926,0.500505
AAGTGCAAAGGTAGAC-1,0.000039,0.019732,0.404252,0.297939,0.278038
AAGTGCCTTGACTGTA-1,0.000037,0.04688,0.296501,0.000037,0.656545
AAGTGCGTTAGAATCT-1,0.00015,0.00015,0.179694,0.00015,0.819856
AAGTGCTTCTCTATTG-1,0.000073,0.000073,0.299853,0.000947,0.699054
AAGTGTTTGGAGACGG-1,0.000195,0.000195,0.302258,0.313435,0.383918
AAGTTCACTCCAAGCT-1,0.000028,0.000028,0.852731,0.028875,0.118338
AAGTTCAGTCTGCGTA-1,0.000196,0.000196,0.308876,0.000196,0.690536
AAGTTCGGCCAACAGG-1,0.000027,0.008598,0.532516,0.19265,0.266209
AAGTTTATGGGCCCAA-1,0.000059,0.000059,0.000295,0.137936,0.861652
AATAACAACGCTCGGC-1,0.000071,0.000072,0.350945,0.078631,0.570281
AATAACACTAGAACAA-1,0.000021,0.045869,0.478652,0.024757,0.450701
AATAAGTCCTCGAGAC-1,0.000055,0.000055,0.000275,0.567108,0.432507
AATACAATGTTTCAGG-1,0.00006,0.034016,0.10237,0.189602,0.673952
AATACCGGAGGGCTGT-1,0.000058,0.000058,0.172824,0.018006,0.809054
AATAGAACAGAGTGGC-1,0.000011,0.041255,0.537037,0.004117,0.41758
AATAGAATCTGTTTCA-1,0.00008,0.00008,0.306815,0.013469,0.679556
AATAGCAAGCCTCCTG-1,0.000031,0.62936,0.163762,0.038527,0.16832
AATAGCTACCGCGTGC-1,0.000044,0.017705,0.110815,0.001875,0.869561
AATAGTCGCGAGTCGG-1,0.000017,0.000017,0.241017,0.061288,0.697662
AATATCAAGGTCGGAT-1,0.000023,0.073368,0.593265,0.000749,0.332595
AATATCGAGGGTTCTC-1,0.000063,0.032179,0.012554,0.000063,0.955141
AATATTGGAGTATTGA-1,0.000351,0.000351,0.001755,0.121449,0.876095
AATCAGACTGCAGGAC-1,0.000062,0.000062,0.000311,0.51252,0.487044
AATCAGGTTTCATTTA-1,0.00004,0.00004,0.201091,0.00004,0.798789
AATCATGTAAAGACTC-1,0.000012,0.000012,0.823561,0.015308,0.161107
AATCCAAGGGCCTGAG-1,0.000032,0.026663,0.728557,0.05692,0.187829
AATCCATGCAAGGGTG-1,0.000069,0.043019,0.230314,0.316952,0.409645
AATCGCCTCAGCGCCA-1,0.000026,0.036747,0.533631,0.01672,0.412877
AATCGTGAGCCGAGCA-1,0.000126,0.005191,0.502838,0.137069,0.354777
AATCTAGGTTTACTTG-1,0.0001,0.176861,0.061619,0.494761,0.266659
AATCTATGCCGGAGCC-1,0.000077,0.000077,0.051154,0.000077,0.948616
AATCTCTACTGTGGTT-1,0.000101,0.000101,0.203923,0.204841,0.591035
AATCTGCGTTGGGACG-1,0.00003,0.056233,0.157565,0.00003,0.786141
AATCTGGCTTTCTAGT-1,0.00009,0.0268,0.028971,0.438427,0.505712
AATCTGGGTAGACCCT-1,0.000039,0.080519,0.503692,0.019491,0.396258
AATGACAGCAATGTCT-1,0.000094,0.000094,0.06956,0.001037,0.929215
AATGACGTAGGATGTC-1,0.000064,0.000064,0.137741,0.000064,0.862066
AATGACTGTCAGCCGG-1,0.000078,0.021683,0.300243,0.008835,0.669161
AATGAGTTCGCATATG-1,0.000045,0.000045,0.402102,0.152467,0.445341
AATGATGATACGCTAT-1,0.000034,0.000034,0.542817,0.000034,0.457082
AATGATGCGACTCCTG-1,0.000046,0.000046,0.02848,0.000046,0.971382
AATGCACCAAGCAATG-1,0.000025,0.004584,0.571736,0.000025,0.42363
AATGGTCCACCGTTCA-1,0.000287,0.000287,0.340296,0.145489,0.51364
AATGGTTCTCACAAGC-1,0.000055,0.000055,0.000275,0.0156,0.984014
AATGTATGGCACTGTA-1,0.000112,0.000112,0.025555,0.515298,0.458924
AATGTGCCCGAGGTGT-1,0.000196,0.000197,0.386647,0.188332,0.424628
AATGTGCTAATCTGAG-1,0.000062,0.028499,0.293217,0.023044,0.655178
AATTAAAGGTCGGCGT-1,0.000185,0.000185,0.09729,0.000185,0.902155
AATTAACGGATTTCCA-1,0.001163,0.001163,0.005816,0.061213,0.930646
AATTACTCGTACGCTC-1,0.000962,0.000962,0.671144,0.024585,0.302348
AATTAGCGCTGCAGCG-1,0.001493,0.170503,0.30493,0.520088,0.002986
AATTCATAAGGGATCT-1,0.000042,0.054288,0.111429,0.000042,0.834198
AATTCATTGTCATGCA-1,0.000035,0.000035,0.726805,0.018316,0.254808
AATTCCAACTTGGTGA-1,0.000153,0.000153,0.402349,0.07986,0.517485
AATTCGATTCGAGGAT-1,0.000153,0.042136,0.360049,0.011626,0.586037
AATTCTAGAGTTAGGC-1,0.004546,0.155222,0.5803,0.004547,0.255385
AATTGAACGCTCTGGT-1,0.000042,0.000042,0.204325,0.14199,0.6536
AATTGCAGCAATCGAC-1,0.000039,0.04082,0.21591,0.115359,0.627872
AATTGCGTGGATTACA-1,0.000094,0.119984,0.000471,0.467116,0.412334
AATTTGGGACATAGTA-1,0.000046,0.044783,0.24303,0.049074,0.663068
AATTTGGTTCCAAAGA-1,0.000433,0.000433,0.576235,0.244404,0.178495
ACAAACCATGCGTCCT-1,0.000105,0.000105,0.000526,0.247661,0.751603
ACAAAGAAGGTAGGCC-1,0.000121,0.050403,0.000605,0.301706,0.647166
ACAAAGCATGACCTAG-1,0.000031,0.016555,0.248382,0.119302,0.61573
ACAAATCGCACCGAAT-1,0.000053,0.000053,0.62611,0.061217,0.312567
ACAAATGGTAGTGTTT-1,0.000028,0.016521,0.434786,0.086383,0.462283
ACAAATTCAGATCTGA-1,0.000032,0.17834,0.375617,0.043289,0.402722
ACAACAGCATGAGCTA-1,0.000034,0.000035,0.28651,0.00705,0.706371
ACAACGGTCCCTGCGA-1,0.000025,0.000025,0.543561,0.000025,0.456364
ACAAGCAGTGCCTAGC-1,0.000133,0.000133,0.000667,0.048794,0.950273
ACAAGCTATATGGAAG-1,0.000092,0.000092,0.079747,0.414829,0.50524
ACAAGGAAATCCGCCC-1,0.00008,0.00008,0.29037,0.015738,0.693733
ACAAGGACAAGAGGTT-1,0.00004,0.03957,0.000201,0.41198,0.548208
ACAAGGATGCTTTAGG-1,0.000267,0.000267,0.127106,0.35654,0.51582
ACAAGGGCAGGCTCTG-1,0.000042,0.000042,0.441437,0.000042,0.558438
ACAATAGTCGTACGTT-1,0.000107,0.000107,0.180167,0.634362,0.185255
ACAATCCATTTAAACC-1,0.000059,0.04708,0.296889,0.079017,0.576955
ACAATGAATACGGAGA-1,0.000037,0.000037,0.477384,0.299809,0.222734
ACAATGATTCTTCTAC-1,0.000031,0.433653,0.222023,0.015823,0.32847
ACAATTGTGTCTCTTT-1,0.000008,0.002511,0.995255,0.001463,0.000762
ACAATTTAGGAGGCTC-1,0.000262,0.000262,0.001309,0.270128,0.72804
ACAATTTGAGCAGTGG-1,0.000082,0.000082,0.021439,0.000082,0.978314
ACACAAAGACGGGTGG-1,0.00016,0.070097,0.036303,0.072186,0.821254
ACACACCAGGACCAGT-1,0.000012,0.000012,0.898171,0.004217,0.097587
ACACACTTTCTACACG-1,0.000234,0.000234,0.315302,0.153713,0.530517
ACACATGATCAAATCT-1,0.000093,0.000093,0.171199,0.202827,0.625788
ACACATTGACGCAACA-1,0.000971,0.000971,0.224539,0.000971,0.772547
ACACATTTCCGTAGAC-1,0.000229,0.000229,0.460742,0.046721,0.492078
ACACCCAGCATGCAGC-1,0.000123,0.081209,0.348807,0.000123,0.569738
ACACCCGAGAAATCCG-1,0.000032,0.042914,0.319767,0.10931,0.527977
ACACCGAGCGCTCTTT-1,0.005,0.005001,0.025006,0.005002,0.95999
ACACCGGTCTGACCGC-1,0.00021,0.00021,0.001051,0.246585,0.751944
ACACCTTAAGTAGGGC-1,0.00006,0.002743,0.111392,0.00006,0.885745
ACACGAGACTCCTTCT-1,0.000053,0.000053,0.059837,0.337008,0.603049
ACACGGCACTATGCAT-1,0.000075,0.000075,0.000377,0.765504,0.233968
ACACGGGAACTTAGGG-1,0.00009,0.00009,0.014369,0.374478,0.610974
ACACTCCAATGTCACT-1,0.000048,0.000048,0.423026,0.162005,0.414872
ACACTGATCAAGGTGT-1,0.000045,0.000045,0.64807,0.013836,0.338005
ACAGAACTGAGAACAA-1,0.000257,0.108016,0.10886,0.289061,0.493806
ACAGATTAGGTTAGTG-1,0.00004,0.387229,0.030772,0.03573,0.546229
ACAGCATAGAGCCAGT-1,0.000017,0.645808,0.071853,0.041825,0.240496
ACAGCGACATTCTCAT-1,0.000021,0.000957,0.697744,0.034241,0.267037
ACAGCGCACCCGCAGC-1,0.000031,0.000031,0.839656,0.015797,0.144486
ACAGGCACGGATCCTT-1,0.000158,0.029317,0.032834,0.000159,0.937532
ACAGGCTTGCCCGACT-1,0.000027,0.000027,0.36106,0.118711,0.520176
ACAGGTGGAGGTGAGG-1,0.000021,0.003715,0.574455,0.031894,0.389914
ACAGGTGTGTTGTTGC-1,0.00007,0.00007,0.325414,0.251895,0.422551
ACAGTAATACAACTTG-1,0.000149,0.000149,0.000745,0.089065,0.909891
ACATAAGTCGTGGTGA-1,0.000124,0.108886,0.040316,0.249246,0.601428
ACATAATAAGGCGGTG-1,0.000171,0.000171,0.120681,0.013177,0.8658
ACATCAGCTGGGACGC-1,0.000128,0.000128,0.136627,0.076454,0.786662
ACATCCTGGTAACTGT-1,0.000032,0.011971,0.347051,0.000032,0.640914
ACATCGATCGTTTACC-1,0.000943,0.000944,0.143335,0.059883,0.794895
ACATCGGTCAGCCGCG-1,0.000039,0.019208,0.796161,0.03999,0.144603
ACATCGTATGCAATGG-1,0.000016,0.000016,0.99992,0.000016,0.000032
ACATCGTTAACCTAGT-1,0.000033,0.075791,0.03903,0.88508,0.000066
ACATCTCAACGCGTAA-1,0.000134,0.000134,0.000671,0.140575,0.858485
ACATGGCGCCAAAGTA-1,0.000028,0.023227,0.238753,0.030005,0.707987
ACATGGCTCAATTTAG-1,0.000029,0.000029,0.28752,0.405852,0.306569
ACATTAGTTTATATCC-1,0.001639,0.268807,0.365068,0.097343,0.267142
ACATTCGCGCGGAATA-1,0.000029,0.035745,0.178209,0.082219,0.703798
ACCAAACACCCAGCGA-1,0.000036,0.012772,0.479834,0.000036,0.507321
ACCAAACTAGAAATCC-1,0.000262,0.000262,0.667925,0.000262,0.33129
ACCAACACCACACACT-1,0.000061,0.007059,0.147178,0.000061,0.845642
ACCAACCGCACTCCAC-1,0.000048,0.013938,0.063151,0.458044,0.464819
ACCAAGAACGCGTGTC-1,0.000053,0.044626,0.388355,0.001175,0.565791
ACCAATATGCAAGTTA-1,0.000044,0.000044,0.085944,0.351053,0.562916
ACCACAACTCAGAACA-1,0.000067,0.078838,0.011547,0.140971,0.768577
ACCACAAGTTTCTATC-1,0.000104,0.000104,0.00052,0.000104,0.999168
ACCACCAATGTAACAA-1,0.000043,0.049615,0.204997,0.028856,0.716489
ACCACGTGCAGCTATA-1,0.000108,0.000108,0.691199,0.000108,0.308479
ACCACTGTTCAAGAAG-1,0.000971,0.14017,0.783338,0.073579,0.001942
ACCAGACCATAACAAC-1,0.002084,0.002084,0.200949,0.19073,0.604154
ACCAGCCCGGTCTTTG-1,0.000073,0.000073,0.16802,0.062302,0.769533
ACCAGTGCCCGGTCAA-1,0.000043,0.060152,0.32304,0.010193,0.606573
ACCAGTGCGGGAGACG-1,0.000013,0.000013,0.555831,0.023929,0.420215
ACCATCCGCCAACTAG-1,0.000052,0.000052,0.602146,0.229723,0.168027
ACCATCGTATATGGTA-1,0.000041,0.000041,0.50068,0.031114,0.468124
ACCATTAAGGGTGTCA-1,0.002564,0.002565,0.41817,0.002565,0.574136
ACCCAACGCCCGTGGC-1,0.000058,0.000058,0.224438,0.066307,0.70914
ACCCACCTACATGCTC-1,0.00008,0.00008,0.196681,0.166041,0.637117
ACCCATCTTGAGGGTA-1,0.000064,0.000892,0.041331,0.013609,0.944104
ACCCATTTGTCCCTCT-1,0.00001,0.00001,0.939874,0.003762,0.056344
ACCCGAGCGAAATTAC-1,0.000101,0.053139,0.250066,0.053492,0.643202
ACCCGATTGGTTCCGA-1,0.000103,0.010202,0.135559,0.000103,0.854032
ACCCGGAAACTCCCAG-1,0.553083,0.000645,0.003227,0.000645,0.4424
ACCCGGATGACGCATC-1,0.000026,0.015659,0.610048,0.014691,0.359576
ACCCGGTTACACTTCC-1,0.000058,0.011433,0.263752,0.000058,0.724698
ACCCGTAGCAGAGAAT-1,0.000465,0.000465,0.002326,0.352197,0.644547
ACCCTATAGGACTGAG-1,0.000051,0.000051,0.307591,0.228298,0.464008
ACCCTATGCCATATCG-1,0.000043,0.005034,0.364655,0.028882,0.601386
ACCCTCCCGTCAGGGC-1,0.000054,0.055508,0.083769,0.029582,0.831087
ACCCTCCCTTGCTATT-1,0.000071,0.000071,0.221878,0.005599,0.772381
ACCCTTCATCTGCGAA-1,0.000415,0.000415,0.289069,0.092027,0.618074
ACCCTTTAGTTCTCCA-1,0.000081,0.119278,0.057474,0.019474,0.803693
ACCGAAAGGGCCCTGC-1,0.000037,0.12814,0.165508,0.144404,0.561911
ACCGAAGAGTCTGGTT-1,0.000148,0.000148,0.00074,0.487987,0.510978
ACCGACACATCTCCCA-1,0.001053,0.001053,0.005264,0.223607,0.769023
ACCGACTGAGTCCCAC-1,0.000056,0.000056,0.00028,0.000056,0.999552
ACCGAGTCTCCTTATT-1,0.000108,0.090939,0.000539,0.039038,0.869376
ACCGATGGTAGCATCG-1,0.00002,0.012076,0.608591,0.034881,0.344431
ACCGCAATAACTGCCT-1,0.000291,0.000291,0.470557,0.000291,0.52857
ACCGCGGTGGAAGTCG-1,0.000021,0.050198,0.62972,0.13361,0.186451
ACCGCTAGTCATTGGT-1,0.000039,0.000039,0.266032,0.028101,0.705789
ACCGGGCCTTTGTTGA-1,0.000013,0.014687,0.823293,0.000013,0.161994
ACCGGTCAGGTACACC-1,0.000082,0.000082,0.298209,0.164721,0.536905
ACCGGTCTGAGTACGG-1,0.000036,0.016356,0.570642,0.04542,0.367546
ACCGTGACCACGTGGG-1,0.000061,0.000061,0.259017,0.000061,0.7408
ACCGTTCCCGCTCTGA-1,0.000198,0.000198,0.156982,0.000198,0.842423
ACCTAAGTACCTTTCA-1,0.000137,0.000137,0.217213,0.161894,0.620619
ACCTAATCGACTTCCT-1,0.000068,0.001515,0.71818,0.128141,0.152096
ACCTCCGCCCTCGCTG-1,0.000074,0.000074,0.632015,0.000074,0.367763
ACCTCCGTTATTCACC-1,0.00004,0.041079,0.384344,0.020181,0.554356
ACCTCGAACTTATGCT-1,0.000086,0.000086,0.11893,0.06841,0.812488
ACCTGCGTGTCATGTT-1,0.00005,0.00005,0.834408,0.165391,0.0001
ACGAAATGGGCGGCAC-1,0.000186,0.041957,0.405659,0.000186,0.552012
ACGACTCTAGGGCCGA-1,0.000048,0.013606,0.63369,0.052962,0.299695
ACGACTGGTCATACTC-1,0.000046,0.015977,0.229243,0.000046,0.754688
ACGAGAACCCATCACG-1,0.00007,0.064701,0.128148,0.115109,0.691973
ACGAGATATTTGCTTA-1,0.00005,0.00005,0.238799,0.288083,0.473019
ACGAGGATACCACTCT-1,0.000135,0.000135,0.701651,0.105564,0.192515
ACGAGGTTTACAACGT-1,0.000107,0.072633,0.000536,0.242354,0.684369
ACGAGTACGGATGCCC-1,0.000055,0.020624,0.040491,0.000055,0.938776
ACGAGTCGCCGGCGTT-1,0.000183,0.000183,0.326796,0.000183,0.672655
ACGATACATAGAACTA-1,0.000045,0.000045,0.294796,0.000045,0.705071
ACGATACCTATCCTGA-1,0.00115,0.00115,0.186642,0.215538,0.59552
ACGATCATACATAGAG-1,0.000048,0.000048,0.585307,0.000048,0.41455
ACGATCATCTTGTAAA-1,0.000039,0.058344,0.155912,0.000039,0.785665
ACGATGCATATGTTAT-1,0.000039,0.028073,0.68568,0.000039,0.28617
ACGATGGATCCGATGC-1,0.000058,0.040965,0.000291,0.76701,0.191676
ACGCAAACTAATAGAT-1,0.000017,0.000017,0.424963,0.026074,0.548929
ACGCATAAATGACATG-1,0.000066,0.233166,0.011607,0.000066,0.755095
ACGCATACGTTTACTA-1,0.000007,0.015136,0.984837,0.000007,0.000014
ACGCATTCGTGAGTAC-1,0.000063,0.000063,0.000317,0.000063,0.999493
ACGCCACTCGAAACAG-1,0.000102,0.000102,0.115459,0.065772,0.818565
ACGCCAGATGATTTCT-1,0.00015,0.041128,0.034353,0.184813,0.739557
ACGCCCAGCTGTCGAT-1,0.000176,0.038105,0.385163,0.16544,0.411117
ACGCCGCTAGACGACC-1,0.000025,0.000025,0.463389,0.079511,0.457051
ACGCGCTACACAGGGT-1,0.000056,0.000056,0.320607,0.00869,0.67059
ACGCGGGCCAAGGACA-1,0.000027,0.000027,0.000133,0.000027,0.999787
ACGCGTTTCTTAAGAG-1,0.000068,0.000068,0.427085,0.028657,0.544122
ACGCTAGTGATACACT-1,0.000041,0.000041,0.176411,0.000041,0.823465
ACGCTGTGAGGCGTAG-1,0.000037,0.000037,0.558243,0.441608,0.000074
ACGCTTAGTGTCTCTC-1,0.000138,0.021646,0.221886,0.099317,0.657013
ACGGAATTTAGCAAAT-1,0.000147,0.000147,0.049996,0.391635,0.558075
ACGGACTCTCAAAGCG-1,0.000068,0.000068,0.015732,0.163328,0.820804
ACGGAGCGCAAATTAC-1,0.000029,0.069099,0.454552,0.000505,0.475816
ACGGATGGTGCGGATA-1,0.00005,0.00005,0.002222,0.373092,0.624586
ACGGCACTTGCTTGGG-1,0.000149,0.0302,0.782134,0.178973,0.008544
ACGGCGACGATGGGAA-1,0.000074,0.000074,0.231647,0.115598,0.652607
ACGGCGGGTTGCCCTG-1,0.00007,0.049451,0.14385,0.106371,0.700258
ACGGCTGGATGTAGAA-1,0.000148,0.000148,0.000741,0.225727,0.773236
ACGGGAGTGTCGGCCC-1,0.000069,0.000069,0.377615,0.168809,0.453438
ACGGGCGTATGCGACA-1,0.000087,0.028896,0.040927,0.000087,0.930004
ACGGGTCATGTGACTT-1,0.000105,0.000105,0.317797,0.1226,0.559393
ACGGTACAGTTCAATG-1,0.000083,0.000083,0.311211,0.152959,0.535665
ACGGTCACCGAGAACA-1,0.00006,0.009019,0.000323,0.120506,0.870092
ACGTACAGATTTCTCT-1,0.001124,0.001124,0.13901,0.453924,0.404818
ACGTACTTTGGCACGG-1,0.000031,0.000031,0.161133,0.017487,0.821319
ACGTAGATTGCTGATG-1,0.000028,0.022366,0.574433,0.017459,0.385714
ACGTAGGAGAGTCGCT-1,0.000093,0.000093,0.15183,0.084362,0.763622
ACGTATTACTCCGATC-1,0.000031,0.075731,0.46841,0.034508,0.421321
ACGTCTCGTTCCGGGA-1,0.001042,0.001042,0.005209,0.10078,0.891927
ACGTGCGCCTCGTGCA-1,0.000106,0.000106,0.18564,0.000106,0.814042
ACGTGGTCGAATGTGC-1,0.000287,0.000287,0.264537,0.098227,0.636663
ACGTTAATGTCGAAGA-1,0.000041,0.000041,0.046021,0.069268,0.884629
ACGTTAGATTTGCCCG-1,0.000041,0.058593,0.393884,0.011998,0.535483
ACGTTATTGGTCACTC-1,0.00004,0.00004,0.38904,0.096691,0.514189
ACGTTCACTATGCCGC-1,0.000045,0.006021,0.21689,0.031225,0.74582
ACGTTCCGCGCTCCGT-1,0.000038,0.103525,0.323096,0.026777,0.546564
ACGTTCGCAATCAATT-1,0.000042,0.003954,0.47307,0.010798,0.512136
ACGTTCGTTCAGGAAA-1,0.00003,0.003835,0.3784,0.195366,0.42237
ACGTTCTGTACAAGTC-1,0.000052,0.010982,0.675232,0.019513,0.294221
ACGTTTAGTTGTGATC-1,0.000453,0.000453,0.002263,0.054599,0.942233
ACTAATACGTCAGGCG-1,0.000031,0.028377,0.676367,0.001599,0.293626
ACTACATCCCGACAAG-1,0.000118,0.124658,0.000592,0.23827,0.636362
ACTACCAGCTCTCTGG-1,0.000037,0.003476,0.543201,0.051031,0.402255
ACTACCATCCGAGGGC-1,0.000043,0.005759,0.3041,0.034833,0.655264
ACTAGTTGCGATCGTC-1,0.000027,0.054586,0.629429,0.024159,0.2918
ACTATATGCTGTGTTC-1,0.00004,0.00004,0.557935,0.00004,0.441946
ACTATCCAGGGCATGG-1,0.000059,0.045523,0.214183,0.000059,0.740175
ACTATCGCCGGCTAAA-1,0.000039,0.002952,0.574238,0.244331,0.178441
ACTATGTCCAGCTGCC-1,0.000248,0.093536,0.001241,0.513673,0.391302
ACTATTCGTCCGTGGT-1,0.000189,0.000189,0.048514,0.852796,0.098313
ACTATTTCCGGGCCCA-1,0.000041,0.000041,0.296391,0.091557,0.611969
ACTCAACGAATGTATT-1,0.000075,0.03995,0.185012,0.075158,0.699805
ACTCAAGTGCAAGGCT-1,0.00004,0.00004,0.964251,0.00004,0.035629
ACTCAATAAAGGCACG-1,0.000071,0.000071,0.088805,0.670355,0.240697
ACTCAGACCTGCTTCT-1,0.000033,0.006851,0.596776,0.012657,0.383683
ACTCATGGCAGCCTTC-1,0.000368,0.000368,0.109931,0.000368,0.888966
ACTCCAATATCATCAT-1,0.00012,0.011747,0.168977,0.000121,0.819034
ACTCCCATTCCTAAAG-1,0.000206,0.000206,0.001031,0.658242,0.340315
ACTCCCGAATTCGTTT-1,0.000025,0.029337,0.260072,0.635501,0.075066
ACTCCCTAATGCTAAA-1,0.000059,0.000059,0.000294,0.298184,0.701404
ACTCCCTAGAATAGTA-1,0.00008,0.00008,0.02094,0.008056,0.970844
ACTCCGGCCGACCACT-1,0.000495,0.000495,0.002476,0.000495,0.996038
ACTCGATGTATTTCAT-1,0.000013,0.000013,0.796007,0.069522,0.134447
ACTCGTAACCCGTCCT-1,0.000079,0.033558,0.241255,0.000079,0.725028
ACTCGTCAGTAATCCC-1,0.000042,0.088941,0.292605,0.003031,0.615381
ACTCTAAACCTGGGAT-1,0.000008,0.000008,0.894887,0.046866,0.058231
ACTCTCTGACTTAGGT-1,0.00003,0.00003,0.514403,0.056493,0.429044
ACTCTCTTATACACGA-1,0.000042,0.031071,0.44364,0.02394,0.501307
ACTCTGACCTAATAGA-1,0.000053,0.000053,0.160958,0.034953,0.803983
ACTCTTGTATAGTAAC-1,0.000061,0.000061,0.000304,0.051153,0.948421
ACTGAAACGCCGTTAG-1,0.00005,0.00354,0.352148,0.047454,0.596807
ACTGAATGGCGAAAGT-1,0.000104,0.000104,0.296583,0.000104,0.703106
ACTGATTTAGTGATTC-1,0.000121,0.039356,0.507341,0.000121,0.453062
ACTGCCCGCCATTCTC-1,0.000083,0.000083,0.190707,0.000083,0.809043
ACTGCCGTCGTAACTC-1,0.000225,0.000225,0.001124,0.997977,0.00045
ACTGCTCGGAAGGATG-1,0.000131,0.000131,0.000655,0.349035,0.650049
ACTGTACGATACACAT-1,0.000092,0.000092,0.000458,0.000092,0.999267
ACTGTAGCACTTTGGA-1,0.000054,0.000054,0.456115,0.005482,0.538294
ACTGTATACGCGAGCA-1,0.000014,0.007011,0.923174,0.000014,0.069787
ACTGTCCAGGATTATA-1,0.000046,0.021032,0.377922,0.00593,0.59507
ACTGTCTTCTTTAGAA-1,0.000095,0.000095,0.000475,0.000095,0.999241
ACTGTGCTAGTAGATC-1,0.000107,0.000107,0.041838,0.501244,0.456704
ACTTACCGGGCGCGCA-1,0.000045,0.076381,0.103578,0.000045,0.819951
ACTTACGCATCCACGC-1,0.000021,0.004444,0.888366,0.087313,0.019856
ACTTAGTACGACAAGA-1,0.000071,0.000071,0.077215,0.210974,0.711669
ACTTATACTTACCCGG-1,0.000039,0.076354,0.248938,0.000039,0.674631
ACTTATTAGGATCGGT-1,0.00011,0.052821,0.204816,0.101182,0.64107
ACTTATTTATGTGCCA-1,0.000009,0.000009,0.970434,0.004045,0.025503
ACTTCAGGCTGATCCC-1,0.00013,0.00013,0.200402,0.227274,0.572065
ACTTCCATGCGGGACA-1,0.000146,0.071305,0.367797,0.128186,0.432566
ACTTCGCCATACGCAC-1,0.000054,0.000054,0.40995,0.008609,0.581333
ACTTGACTCCCTCTTT-1,0.000033,0.000033,0.301051,0.231042,0.467841
ACTTGGGACCCGGTGG-1,0.000051,0.000051,0.089589,0.000051,0.910258
ACTTGTAGTCCCTTCA-1,0.000124,0.000124,0.000619,0.385217,0.613917
ACTTTACCCTCATGAA-1,0.000024,0.000986,0.734791,0.067994,0.196205
ACTTTCCTATAGCTTC-1,0.000052,0.000052,0.000259,0.000052,0.999585
ACTTTGACTGCATCCT-1,0.00013,0.049861,0.000651,0.337033,0.612324
ACTTTGGTCGTGCTCC-1,0.00012,0.1018,0.065889,0.278524,0.553666
AGAACCCTCAATTGGG-1,0.000042,0.000952,0.775162,0.112763,0.111081
AGAACGTGGTACATTC-1,0.000087,0.000087,0.01459,0.168911,0.816324
AGAAGAGCGCCGTTCC-1,0.000513,0.000513,0.002565,0.083155,0.913254
AGAAGGTACACTTCAC-1,0.0001,0.0001,0.001508,0.635782,0.36251
AGAAGGTTGCCGAATT-1,0.000036,0.000036,0.187654,0.000036,0.812236
AGAAGGTTGTAGGTCG-1,0.000023,0.000023,0.933397,0.040189,0.026369
AGAAGTGATTCGTGAT-1,0.000015,0.000015,0.999924,0.000015,0.000031
AGAATAAATCTTCAGG-1,0.000042,0.000042,0.3458,0.178379,0.475737
AGAATGCGGGTTCGGA-1,0.000038,0.039673,0.351099,0.015852,0.593338
AGAATTATGGATTCGA-1,0.00003,0.02733,0.322031,0.062201,0.588408
AGAATTGTTTGACATA-1,0.000018,0.000018,0.840496,0.007776,0.151693
AGACAGCTCAGAATCC-1,0.000029,0.009835,0.409403,0.107693,0.47304
AGACATAGATCCTTCC-1,0.000026,0.000384,0.773436,0.062109,0.164045
AGACCAAACCACACCT-1,0.000098,0.000098,0.037056,0.755048,0.207699
AGACCATGGGATACAA-1,0.000036,0.068018,0.061316,0.00789,0.86274
AGACCCACCGCTGATC-1,0.001031,0.126785,0.367777,0.502345,0.002062
AGACCCGCCCTCCTCG-1,0.00004,0.00004,0.31599,0.00004,0.683892
AGACCGGGAAACCCTG-1,0.00009,0.093665,0.097062,0.11144,0.697742
AGACGAAGTGCCGGTC-1,0.000007,0.000007,0.881602,0.000436,0.117948
AGACGACGATGCCGCT-1,0.000024,0.00053,0.594521,0.000024,0.4049
AGACGGGATTGGTATA-1,0.000141,0.000141,0.292427,0.148932,0.55836
AGACGGGCCGATTTAA-1,0.000042,0.061291,0.550462,0.084174,0.304031
AGACTAGCCTTCCAGA-1,0.000044,0.000044,0.000221,0.000044,0.999647
AGACTGTTACCGGGTC-1,0.000067,0.033964,0.367553,0.063877,0.534539
AGAGAAACACCAGAAA-1,0.000047,0.015525,0.194678,0.003415,0.786335
AGAGAACCGTCTAGGA-1,0.000024,0.007436,0.678963,0.000024,0.313552
AGAGAAGGAGTACAAT-1,0.000082,0.000082,0.268442,0.006907,0.724486
AGAGATCTCTAAAGCG-1,0.000034,0.022699,0.808694,0.168505,0.000068
AGAGCAGTTATGAGAC-1,0.000144,0.000144,0.045635,0.407506,0.546571
AGAGCGGGCTAATCAT-1,0.000174,0.000174,0.430527,0.000174,0.56895
AGAGCGTACAAGCTCG-1,0.000306,0.000306,0.001529,0.108561,0.889298
AGAGCTACGAAAGCAT-1,0.00011,0.00011,0.099589,0.195751,0.704441
AGAGGCTTCGGAAACC-1,0.000016,0.001115,0.736215,0.009555,0.2531
AGAGTAAACTTCACTA-1,0.000046,0.000046,0.369797,0.000046,0.630065
AGAGTTAGAGACCGAT-1,0.000036,0.071917,0.403605,0.210293,0.314149
AGATAACTTCAGGGCC-1,0.000018,0.062587,0.340598,0.123504,0.473294
AGATACCGGTGTTCAC-1,0.000038,0.043306,0.415169,0.038067,0.503419
AGATACGACTTCATAT-1,0.000031,0.000031,0.592813,0.000232,0.406893
AGATACTCAAGATCGA-1,0.000024,0.000024,0.812099,0.005945,0.181909
AGATATAATACGACTA-1,0.000275,0.050737,0.001374,0.397652,0.549963
AGATCGTGCATAAGAT-1,0.000027,0.000027,0.256294,0.000027,0.743625
AGATCTCAGGTGTGAT-1,0.000058,0.000058,0.025215,0.084677,0.889993
AGATGACTCGCCCACG-1,0.000279,0.05339,0.558239,0.387532,0.000559
AGATGAGGGTTGCGAT-1,0.000042,0.040609,0.356732,0.032976,0.56964
AGATGATGGAGTCTGG-1,0.000035,0.000035,0.467366,0.022088,0.510477
AGATGCAAGACGTGCA-1,0.000481,0.000481,0.002405,0.317924,0.67871
AGATGCATCCTGTGTC-1,0.000441,0.000441,0.002203,0.162759,0.834157
AGATGCTATAACGAGC-1,0.000556,0.111365,0.886412,0.000556,0.001111
AGATTATAGGACGTTT-1,0.000044,0.050031,0.352601,0.000044,0.597279
AGATTCACAACCGATA-1,0.000092,0.000092,0.000459,0.337608,0.661749
AGCAAAGGCCGCTAGT-1,0.000026,0.000026,0.13305,0.626876,0.240023
AGCAACATATCTTATT-1,0.00002,0.008389,0.51794,0.038615,0.435035
AGCAACCGAAAGTAAT-1,0.000565,0.000565,0.145644,0.252622,0.600603
AGCACACGTTTAGACT-1,0.000089,0.000089,0.110993,0.050141,0.838689
AGCACCAGTACTCACG-1,0.000115,0.000115,0.000574,0.000115,0.999082
AGCACTACCGGCCTGT-1,0.000156,0.000156,0.187722,0.000156,0.811809
AGCACTACCTCACCAG-1,0.000057,0.000057,0.136394,0.22074,0.642752
AGCACTTAAGGACGCC-1,0.000039,0.017039,0.159093,0.297553,0.526277
AGCAGAAGGAGAAAGA-1,0.000541,0.000541,0.002703,0.000541,0.995675
AGCAGTCGAAGCATGC-1,0.000094,0.076422,0.014848,0.051194,0.857441
AGCATATCAATATGCT-1,0.000014,0.048314,0.779629,0.08443,0.087613
AGCATCATTTCGAAAG-1,0.000275,0.000275,0.15156,0.425434,0.422456
AGCATCGTCGATAATT-1,0.000045,0.000045,0.940801,0.026591,0.032519
AGCCACAGGTTACCCG-1,0.000058,0.000058,0.756101,0.000058,0.243724
AGCCACTCCCGTGCTT-1,0.000087,0.000087,0.000436,0.000087,0.999303
AGCCATATAGTATGTG-1,0.000935,0.000935,0.004674,0.000935,0.992521
AGCCCATACATGTAAG-1,0.000128,0.000128,0.238952,0.075692,0.6851
AGCCCGGCATTAGAGG-1,0.000145,0.000145,0.419673,0.062946,0.517091
AGCCCTAAGCGAAGTT-1,0.000741,0.000741,0.003705,0.000741,0.994073
AGCCCTCCCTGGTGGC-1,0.000094,0.050689,0.193969,0.000094,0.755156
AGCCCTTCTAATCCGA-1,0.000058,0.039098,0.226232,0.03773,0.696882
AGCCGCAAATTCAAAT-1,0.00303,0.122603,0.356763,0.511541,0.006062
AGCCGCTTGATTAGCG-1,0.000014,0.016813,0.522197,0.20376,0.257216
AGCCGTGGCTAAATGT-1,0.000315,0.123257,0.147935,0.410222,0.31827
AGCCTAATACCCACGT-1,0.000125,0.000573,0.000628,0.001159,0.997515
AGCCTTAAAGCGGAAG-1,0.000054,0.000054,0.483628,0.01535,0.500914
AGCGACAGGAACGGTC-1,0.000037,0.000037,0.493605,0.011702,0.494619
AGCGACATCCCATTCA-1,0.000051,0.009012,0.270534,0.002533,0.71787
AGCGACCAACGATATT-1,0.000207,0.070079,0.022002,0.226671,0.681041
AGCGAGACGTGAAGGC-1,0.000222,0.000222,0.001111,0.022324,0.97612
AGCGCGGGTGCCAATG-1,0.000036,0.061674,0.091322,0.000036,0.846932
AGCGCTTATGGGCAAG-1,0.000023,0.004947,0.739433,0.000023,0.255575
AGCGGACACTTCGTAG-1,0.000498,0.000498,0.002488,0.046858,0.949659
AGCGGCGGTTAGCGGT-1,0.000107,0.062785,0.030743,0.199049,0.707315
AGCGGGAAGGGTCCAT-1,0.000024,0.001368,0.762509,0.024023,0.212076
AGCGGGTCTGACACTC-1,0.001136,0.001137,0.005683,0.330857,0.661186
AGCGGTTGCCGCTCTG-1,0.000066,0.006046,0.103634,0.000066,0.890187
AGCGTACGAGAGCTAG-1,0.00008,0.00008,0.000402,0.287543,0.711894
AGCGTAGCGCTAGACC-1,0.000043,0.073684,0.121256,0.415569,0.389447
AGCGTCTGAACCCGCA-1,0.000037,0.040097,0.526465,0.050146,0.383254
AGCGTGGTATTCTACT-1,0.000058,0.000058,0.000291,0.077462,0.92213
AGCTAACAAGCAATGT-1,0.000077,0.009849,0.228648,0.109296,0.652129
AGCTAAGTACGCAGGC-1,0.000059,0.044358,0.167596,0.149515,0.638471
AGCTAGAAGCAGAAGT-1,0.000014,0.031479,0.942564,0.000014,0.025929
AGCTATTTAATCCAAC-1,0.000187,0.000187,0.000933,0.000187,0.998507
AGCTCCTTCGCACATC-1,0.00001,0.011778,0.943636,0.00282,0.041756
AGCTCTAGACGTTCCA-1,0.000059,0.015569,0.000294,0.000059,0.984019
AGCTCTTCCCAGTGCA-1,0.000035,0.012677,0.363682,0.001405,0.622202
AGCTCTTCGTAACCTT-1,0.000057,0.044688,0.286713,0.000057,0.668484
AGCTCTTTACTCAGTT-1,0.000039,0.000039,0.084272,0.000039,0.915612
AGCTGAAGTAAACCAA-1,0.000036,0.000036,0.000182,0.000036,0.999709
AGCTGTAACCTCAATC-1,0.000138,0.000138,0.228523,0.146419,0.624782
AGCTTATAGAGACCTG-1,0.000035,0.009336,0.593352,0.000035,0.397242
AGCTTCTTCTCGAGCA-1,0.000086,0.000086,0.124969,0.103433,0.771426
AGCTTGATCAGGGTAG-1,0.001471,0.001471,0.007355,0.001471,0.988232
AGCTTGATCTTAACTT-1,0.000281,0.046511,0.001405,0.190219,0.761585
AGGAAAGCCTCTGATG-1,0.000065,0.000065,0.404906,0.127692,0.467272
AGGAAGCTGTCCGCCG-1,0.00137,0.00137,0.006851,0.202941,0.787468
AGGACAGTCGAATCCC-1,0.000021,0.000021,0.658238,0.002243,0.339476
AGGACATCGCACGTCG-1,0.00004,0.00004,0.318829,0.00004,0.68105
AGGACGACCCATTAGA-1,0.000026,0.037667,0.346773,0.000026,0.615507
AGGACGCTCGATGTTG-1,0.000038,0.0056,0.444392,0.069936,0.480033
AGGACTTATAGGAGAA-1,0.001539,0.001539,0.992306,0.001539,0.003078
AGGAGGCCTTCGCGCG-1,0.000014,0.042369,0.77418,0.027879,0.155559
AGGATAAAGTCGGGAT-1,0.000123,0.000123,0.2155,0.241713,0.54254
AGGATATAGGGATTTA-1,0.000011,0.002659,0.966334,0.027274,0.003722
AGGATATCCGACTGCA-1,0.000075,0.017825,0.29738,0.43209,0.25263
AGGATCACGCGATCTG-1,0.000084,0.000084,0.093283,0.766681,0.139867
AGGCAGATGCGTAAAC-1,0.00005,0.103853,0.28176,0.00005,0.614287
AGGCATTGTCGTAGGG-1,0.000009,0.009952,0.923713,0.000075,0.066251
AGGCCACCCGTTATGA-1,0.000057,0.015774,0.229492,0.021838,0.732839
AGGCCCAGTGACTGGT-1,0.00007,0.00007,0.17836,0.368058,0.453443
AGGCCCATTGTACAGG-1,0.000099,0.070959,0.000497,0.112641,0.815804
AGGCCCTAGAACGCCA-1,0.000098,0.049097,0.075841,0.240051,0.634913
AGGCCTGAGAATCTCG-1,0.000071,0.000071,0.15014,0.08148,0.768238
AGGCGGTTTGTCCCGC-1,0.000226,0.000226,0.029053,0.391931,0.578564
AGGCGTCTATGGACGG-1,0.000025,0.061846,0.539387,0.075595,0.323147
AGGCTATGGTTAGCTT-1,0.000089,0.025808,0.000444,0.15421,0.819449
AGGCTTCCCGAAGAAG-1,0.000012,0.000012,0.827379,0.000012,0.172584
AGGCTTGCTAGACACC-1,0.000052,0.033968,0.329864,0.099653,0.536464
AGGGAAACGAGGTACT-1,0.000023,0.07324,0.430033,0.037461,0.459244
AGGGACAGCACGGCGG-1,0.000062,0.014954,0.395466,0.000062,0.589455
AGGGACCGGCTGCGTT-1,0.000052,0.129286,0.081155,0.00026,0.789248
AGGGAGACATACTTCG-1,0.000043,0.076723,0.134727,0.003845,0.784661
AGGGCAGCGGCGTGGT-1,0.000107,0.000107,0.000537,0.298736,0.700513
AGGGCGAGCAGCTGAT-1,0.000262,0.000263,0.011332,0.000263,0.987881
AGGGCGTGATCGGCTA-1,0.000048,0.000048,0.23572,0.000048,0.764135
AGGGCTGCAGTTACAG-1,0.000051,0.000052,0.000258,0.000052,0.999588
AGGGTCAGAGCACTCG-1,0.000095,0.000095,0.219554,0.021641,0.758615
AGGGTCAGTAACCCTA-1,0.00002,0.035214,0.591698,0.001701,0.371367
AGGGTCGATGCGAACT-1,0.000028,0.032453,0.1888,0.000028,0.778692
AGGGTGCCGTTCTTTA-1,0.000075,0.000075,0.126389,0.25242,0.621041
AGGGTGCTCTCGAGGG-1,0.000034,0.062491,0.079132,0.028104,0.830239
AGGGTGGATAGTGCAT-1,0.000051,0.024987,0.28152,0.150989,0.542454
AGGGTTCAGACGGTCC-1,0.000038,0.000038,0.312846,0.04013,0.646948
AGGGTTCCCTTTGGTT-1,0.000109,0.000109,0.208192,0.000109,0.791482
AGGGTTTAGTTCGGGA-1,0.000098,0.000098,0.000488,0.000098,0.999219
AGGTAACCTCCTATTC-1,0.000052,0.05316,0.310234,0.000052,0.636502
AGGTACGATATTGCCA-1,0.000034,0.000034,0.000168,0.999698,0.000067
AGGTAGATCGAGATAT-1,0.000066,0.000066,0.133867,0.001478,0.864522
AGGTAGGTACAAAGCT-1,0.00007,0.00007,0.655005,0.00007,0.344786
AGGTATAATTGATAGT-1,0.000037,0.050517,0.136214,0.000037,0.813196
AGGTCAGGTGAGAGTG-1,0.000297,0.000297,0.001484,0.720863,0.27706
AGGTCGCCACTTCGGT-1,0.0001,0.0001,0.256783,0.110847,0.63217
AGGTCGCGGAGTTACT-1,0.000057,0.000057,0.111455,0.000057,0.888373
AGGTGTATCGCCATGA-1,0.000309,0.000309,0.001544,0.26723,0.730609
AGGTTCTCCTTTCCGG-1,0.000174,0.08081,0.032147,0.202512,0.684357
AGGTTGAGGCACGCTT-1,0.00008,0.00008,0.013056,0.00008,0.986703
AGGTTTCACACACCTT-1,0.000048,0.000048,0.124974,0.233478,0.641453
AGTAACGTTCATCCTG-1,0.000033,0.004343,0.697978,0.02579,0.271855
AGTAATCTAAGGGTGG-1,0.000054,0.000054,0.153407,0.001171,0.845314
AGTAATTTGCAAGCGT-1,0.000364,0.000364,0.091702,0.254141,0.653429
AGTACAGAAGCTTATA-1,0.000541,0.000541,0.002703,0.076556,0.919659
AGTACATCATTTATCA-1,0.000091,0.007176,0.15223,0.000091,0.840412
AGTACCTTCGAGTGCT-1,0.000035,0.034743,0.690527,0.083432,0.191263
AGTACGGCCCGTATCG-1,0.000068,0.000068,0.203152,0.153726,0.642986
AGTACGGGCACCTGGC-1,0.000082,0.000082,0.00041,0.158973,0.840453
AGTACGTGGCCTGTCT-1,0.00003,0.010046,0.599326,0.037661,0.352937
AGTACTCTTATGCCCA-1,0.000057,0.0533,0.353181,0.027539,0.565922
AGTAGCGTGAACGAAC-1,0.000046,0.000046,0.44706,0.035519,0.517329
AGTAGCTAGACGCCGA-1,0.000055,0.109578,0.334534,0.019671,0.536162
AGTAGGAAGGAAGTTG-1,0.000037,0.030658,0.205983,0.000037,0.763284
AGTAGGTAACATACAT-1,0.000043,0.000043,0.382141,0.076395,0.541379
AGTATAATACTAGGCA-1,0.00008,0.00008,0.0004,0.126779,0.87266
AGTATACACAGCGACA-1,0.000022,0.000022,0.490167,0.039991,0.469798
AGTATCCATAATAACG-1,0.000036,0.000036,0.427378,0.529661,0.04289
AGTATGCTGGAGACCA-1,0.000105,0.090494,0.210378,0.50548,0.193543
AGTCAAATGATGTGAT-1,0.000082,0.000082,0.160611,0.234985,0.604241
