Barcode,Topic 1,Topic 2to3,Topic 4,Topic 5,Topic 6,Topic 7,Topic 8,Topic 9to10
AAACAAGTATCTCCCA-1,0.000194,0.000388,0.000194,0.000194,0.000194,0.000194,0.172263,0.82638
AAACACCAATAACTGC-1,0.000139,0.000277,0.075862,0.000139,0.015857,0.012007,0.000139,0.89558
AAACAGCTTTCAGAAG-1,0.039999,0.000128,0.000064,0.067732,0.000064,0.068294,0.01852,0.8052
AAACAGGGTCTATATT-1,0.000093,0.000185,0.000093,0.000093,0.003439,0.000093,0.320248,0.675756
AAACATGGTGAGAGGA-1,0.004348,0.008696,0.004349,0.004349,0.004349,0.00435,0.004349,0.96521
AAACATTTCCCGGATT-1,0.000275,0.000549,0.000275,0.042683,0.017352,0.026406,0.000275,0.912185
AAACCCGAACGAAATC-1,0.000086,0.000172,0.000086,0.000086,0.000086,0.070294,0.000086,0.929103
AAACCGGAAATGTTAA-1,0.010896,0.000177,0.004076,0.000088,0.000088,0.031497,0.179246,0.773931
AAACCGGGTAGGTACC-1,0.058714,0.00018,0.033591,0.199279,0.029707,0.031974,0.00009,0.646465
AAACCGTTCGTCCAGG-1,0.00122,0.002439,0.00122,0.261546,0.00122,0.00122,0.395117,0.336018
AAACCTAAGCAGCCGG-1,0.002703,0.005405,0.002703,0.002704,0.125946,0.374783,0.002704,0.483052
AAACCTCATGAAGTTG-1,0.000091,0.000182,0.109738,0.024042,0.000091,0.000091,0.377925,0.48784
AAACGAAGATGGAGTA-1,0.000087,0.000173,0.000087,0.152815,0.000087,0.000087,0.356562,0.490104
AAACGAGACGGTTGAT-1,0.000135,0.00027,0.149339,0.150021,0.089314,0.089801,0.320947,0.200174
AAACGGGCGTACGGGT-1,0.123253,0.003175,0.001588,0.001588,0.001588,0.001588,0.574559,0.292662
AAACTCGGTTCGCAAT-1,0.000224,0.000448,0.000224,0.166156,0.022434,0.039685,0.13475,0.636078
AAACTCGTGATATAAG-1,0.003449,0.006897,0.003449,0.003449,0.003449,0.180745,0.003449,0.795112
AAACTGCTGGCTCCAA-1,0.000053,0.000107,0.177208,0.596512,0.015697,0.047356,0.005477,0.157591
AAACTTAATTGCACGC-1,0.000909,0.001818,0.132949,0.417026,0.000909,0.000909,0.000909,0.444569
AAACTTGCAAACGTAT-1,0.00011,0.000221,0.034185,0.075375,0.00011,0.051856,0.038918,0.799225
AAAGAATGACCTTAGA-1,0.000535,0.00107,0.000535,0.543542,0.000535,0.000535,0.000535,0.452713
AAAGACTGGGCGCTTT-1,0.019994,0.000227,0.000113,0.000113,0.000113,0.000113,0.047262,0.932064
AAAGCTTGCCTACATA-1,0.002041,0.004082,0.002041,0.002042,0.002041,0.398668,0.002041,0.587044
AAAGGGATGTAGCAAG-1,0.000241,0.000482,0.000241,0.000241,0.000241,0.965297,0.000241,0.033016
AAAGGGCAGCTTGAAT-1,0.000157,0.000314,0.000157,0.000157,0.000157,0.000157,0.000157,0.998742
AAAGTAGCATTGCTCA-1,0.000122,0.000245,0.000122,0.122022,0.01377,0.124876,0.01795,0.720892
AAAGTCACTGATGTAA-1,0.00014,0.000279,0.00014,0.290677,0.102516,0.007301,0.002024,0.596925
AAAGTCGACCCTCAGT-1,0.000093,0.000186,0.000093,0.000093,0.000093,0.175612,0.125292,0.698539
AAAGTGCCATCAATTA-1,0.03502,0.000514,0.000257,0.004677,0.029732,0.158822,0.193799,0.577179
AAAGTGTGATTTATCT-1,0.007144,0.014286,0.007145,0.322882,0.007144,0.007145,0.007146,0.627109
AAAGTTGACTCCCGTA-1,0.002779,0.005556,0.236007,0.193806,0.002778,0.002779,0.373668,0.182629
AAATAAGGTAGTGCCC-1,0.000093,0.000186,0.104149,0.051459,0.000093,0.000093,0.250205,0.593722
AAATACCTATAAGCAT-1,0.000068,0.000136,0.128818,0.600335,0.0132,0.055896,0.000068,0.201479
AAATAGCTTAGACTTT-1,0.057484,0.006452,0.003227,0.003227,0.003226,0.311458,0.003227,0.611701
AAATAGGGTGCTATTG-1,0.015985,0.000185,0.000093,0.000093,0.170089,0.813278,0.000093,0.000185
AAATCCGATACACGCC-1,0.000918,0.001835,0.000918,0.261117,0.017773,0.099014,0.213682,0.404743
AAATCGCGGAAGGAGT-1,0.000166,0.000331,0.000166,0.000166,0.000166,0.042459,0.000166,0.956382
AAATCGTGTACCACAA-1,0.054315,0.000213,0.004617,0.123416,0.007083,0.433332,0.177505,0.199519
AAATCTAGCCCTGCTA-1,0.000147,0.000294,0.000147,0.077204,0.000147,0.060762,0.000147,0.861151
AAATGATTCGATCAGC-1,0.102768,0.003704,0.001852,0.001852,0.137451,0.001852,0.402612,0.347908
AAATGCTCGTTACGTT-1,0.099473,0.001418,0.000709,0.171458,0.048457,0.000709,0.199837,0.477938
AAATGGCATGTCTTGT-1,0.001429,0.002857,0.001429,0.001429,0.001429,0.068963,0.411472,0.510992
AAATGGCCCGTGCCCT-1,0.00008,0.00016,0.097724,0.012684,0.00008,0.021984,0.319367,0.547921
AAATGGTCAATGTGCC-1,0.000685,0.00137,0.000685,0.106756,0.000685,0.203195,0.279657,0.406967
AAATGTATCTTATCCC-1,0.000095,0.000189,0.000095,0.000095,0.080636,0.060949,0.023555,0.834387
AAATTAACGGGTAGCT-1,0.000295,0.00059,0.052143,0.093488,0.000295,0.63272,0.000295,0.220174
AAATTAATAAGCGCGA-1,0.000083,0.000166,0.000083,0.000083,0.000083,0.000083,0.000083,0.999338
AAATTACCTATCGATG-1,0.000273,0.000545,0.000273,0.134226,0.34785,0.13704,0.000273,0.379521
AAATTCCAGGTCCAAA-1,0.0001,0.000199,0.056944,0.0001,0.0001,0.004095,0.058149,0.880314
AAATTGATAGTCCTTT-1,0.000424,0.000847,0.000424,0.000424,0.000424,0.064173,0.000424,0.93286
AAATTTGCGGGTGTGG-1,0.000098,0.000195,0.135418,0.119699,0.000098,0.000098,0.157095,0.5873
AACAACTGGTAGTTGC-1,0.000122,0.000245,0.045188,0.142918,0.000122,0.068914,0.03508,0.707411
AACAATACATTGTCGA-1,0.074816,0.0003,0.00015,0.141026,0.230502,0.039994,0.019117,0.494095
AACAATTACTCTACGC-1,0.01561,0.00028,0.00014,0.128778,0.00014,0.080779,0.00014,0.774133
AACACACGCTCGCCGC-1,0.007828,0.00117,0.000585,0.190115,0.000585,0.091828,0.264758,0.443131
AACACGACTGTACTGA-1,0.000328,0.000656,0.000328,0.198783,0.012868,0.000328,0.071042,0.715667
AACACGAGACGCGGCC-1,0.000143,0.000287,0.077021,0.000143,0.000143,0.022757,0.026701,0.872805
AACAGCTGTGTGGCAA-1,0.070774,0.000526,0.000263,0.110101,0.000263,0.097545,0.000263,0.720264
AACAGGAAATCGAATA-1,0.005,0.01,0.005002,0.005002,0.005001,0.005002,0.005002,0.959991
AACAGGATGGGCCGCG-1,0.000111,0.000221,0.021315,0.058515,0.00718,0.057716,0.072564,0.782378
AACAGGTAGTATGGAT-1,0.000234,0.000468,0.009356,0.000234,0.005231,0.000234,0.000234,0.984008
AACATATCAACTGGTG-1,0.000403,0.000806,0.000403,0.005842,0.114719,0.266025,0.096426,0.515374
AACCAAGACTTCTCTG-1,0.000138,0.000275,0.000138,0.114269,0.000138,0.045613,0.025605,0.813826
AACCCAGAGACGGAGA-1,0.000073,0.000147,0.000073,0.000073,0.000073,0.000073,0.514127,0.485359
AACCCATCCCATGATC-1,0.013634,0.000254,0.000127,0.084547,0.000127,0.025426,0.000127,0.875759
AACCCGAGCAGAATCG-1,0.000166,0.000331,0.028029,0.000166,0.000166,0.000166,0.000166,0.970812
AACCCTACTGTCAATA-1,0.003336,0.006667,0.003334,0.003335,0.003334,0.003334,0.003334,0.973326
AACCGAGCTTGGTCAT-1,0.000273,0.000545,0.000273,0.24367,0.018081,0.355804,0.181092,0.200262
AACCGCTAAGGGATGC-1,0.001282,0.002564,0.001282,0.168233,0.001282,0.262347,0.001282,0.561727
AACCGTTGTGTTTGCT-1,0.003334,0.006667,0.003334,0.163481,0.003334,0.003334,0.003334,0.813182
AACCTCGCTTTAGCCC-1,0.00051,0.00102,0.00051,0.24819,0.000511,0.393425,0.00051,0.355323
AACCTGTCACGGAATT-1,0.010186,0.000171,0.000086,0.108576,0.000086,0.000086,0.049606,0.831205
AACCTTTAAATACGGT-1,0.000357,0.000714,0.000357,0.398149,0.057106,0.16394,0.26341,0.115967
AACGAAAGTCGTCCCA-1,0.000123,0.000246,0.000123,0.000123,0.000123,0.175028,0.213733,0.610499
AACGATAATGCCGTAG-1,0.000033,0.000067,0.012808,0.000033,0.000033,0.862917,0.01114,0.112968
AACGATAGAAGGGCCG-1,0.110452,0.003846,0.001924,0.001924,0.001923,0.25948,0.001924,0.618528
AACGATATGTCAACTG-1,0.000124,0.000249,0.000124,0.46472,0.047929,0.217634,0.224296,0.044924
AACGCATGATCTGGGT-1,0.222113,0.000211,0.000105,0.197842,0.188828,0.052057,0.000105,0.338738
AACGCGGTCTCCAGCC-1,0.012578,0.000427,0.000214,0.094547,0.000214,0.689476,0.000214,0.20233
AACGCTGTTGCTGAAA-1,0.000276,0.000551,0.000276,0.149068,0.000276,0.059287,0.000276,0.789992
AACGGACGTACGTATA-1,0.006251,0.0125,0.006251,0.218649,0.006251,0.006251,0.006252,0.737595
AACGGCCATCTCCGGT-1,0.030681,0.00068,0.00034,0.034453,0.469726,0.097105,0.00034,0.366674
AACGTACTGTGGGTAC-1,0.116256,0.000514,0.000257,0.214533,0.074403,0.081004,0.166435,0.346598
AACGTCAGACTAGTGG-1,0.000113,0.000226,0.000113,0.250005,0.011286,0.027059,0.121751,0.589447
AACGTGCGAAAGTCTC-1,0.000099,0.000197,0.172125,0.323821,0.000099,0.114824,0.111943,0.276893
AACGTTATCAGCACCT-1,0.00022,0.00044,0.026662,0.220561,0.061094,0.050697,0.00022,0.640106
AACTACCCGTTTGTCA-1,0.00042,0.00084,0.00042,0.00042,0.00042,0.00042,0.00042,0.996638
AACTAGGCTTGGGTGT-1,0.000134,0.000268,0.000134,0.199068,0.273072,0.193142,0.000134,0.334049
AACTCAAGTTAATTGC-1,0.010963,0.00036,0.00018,0.101066,0.00018,0.109383,0.00018,0.777689
AACTCCAGAGCGTGTT-1,0.001588,0.003175,0.001588,0.260786,0.001588,0.001588,0.477425,0.252263
AACTCTCAATAGAGCG-1,0.002174,0.004348,0.002174,0.002174,0.219039,0.002175,0.002174,0.765741
AACTCTCAGTGTGCTC-1,0.000424,0.000847,0.000424,0.184177,0.070969,0.000424,0.000424,0.742311
AACTGAGTTATACTGA-1,0.000092,0.000184,0.000092,0.000092,0.005217,0.025325,0.231594,0.737404
AACTGATATTAGGCCT-1,0.004168,0.008334,0.004168,0.267823,0.004167,0.004168,0.004168,0.703004
AACTGGGTCCCGACGT-1,0.000453,0.000905,0.000453,0.000453,0.000453,0.843686,0.000453,0.153146
AACTTCTGCGTCTATC-1,0.000841,0.001681,0.000841,0.315472,0.035872,0.000841,0.04827,0.596183
AACTTGCCCGTATGCA-1,0.00014,0.000281,0.00014,0.217582,0.00014,0.00014,0.00014,0.781436
AACTTTACGGGAGCTT-1,0.032716,0.000174,0.000087,0.000087,0.02346,0.021195,0.000087,0.922195
AACTTTCTCGATCATG-1,0.006668,0.013334,0.006668,0.006668,0.006668,0.006669,0.939988,0.013338
AAGAAATCACCAGATT-1,0.002274,0.004546,0.002273,0.002273,0.039709,0.002273,0.384318,0.562333
AAGACCAAATAACTCA-1,0.000244,0.000488,0.000244,0.123777,0.000244,0.000244,0.000244,0.874515
AAGAGATGAATCGGTA-1,0.302312,0.00014,0.00007,0.357186,0.00007,0.00007,0.00007,0.340082
AAGAGCTCTTTATCGG-1,0.000288,0.000576,0.000288,0.313128,0.000288,0.164379,0.156835,0.364216
AAGAGGATGTACGCGA-1,0.088728,0.000286,0.000143,0.09198,0.128327,0.067091,0.000143,0.6233
AAGAGGCATGGATCGC-1,0.000179,0.000357,0.067215,0.223243,0.046057,0.082725,0.295142,0.285083
AAGAGGCCCTTTGGAA-1,0.000155,0.00031,0.000155,0.000155,0.000155,0.000155,0.000155,0.998761
AAGATGGCACCGGACC-1,0.029036,0.000328,0.000164,0.045123,0.198329,0.138605,0.053253,0.535162
AAGATTGGCGGAACGT-1,0.000474,0.000948,0.000474,0.340695,0.353351,0.000474,0.302635,0.000948
AAGCACCCTGCGTATC-1,0.000099,0.000197,0.000099,0.145212,0.000099,0.145818,0.055035,0.653441
AAGCATACTCTCCTGA-1,0.000189,0.000379,0.154814,0.512151,0.01443,0.069658,0.000189,0.248189
AAGCCGAAGCGGTTTA-1,0.000271,0.000542,0.000271,0.000271,0.000271,0.000271,0.290914,0.707188
AAGCCGCTTTACCTTG-1,0.007694,0.015385,0.007694,0.357444,0.007694,0.007694,0.007694,0.588702
AAGCCGGAGAGCAGGA-1,0.026722,0.000119,0.00006,0.00006,0.0053,0.004568,0.052179,0.910992
AAGCGCAGGGCTTTGA-1,0.00007,0.000141,0.00007,0.00007,0.00007,0.026077,0.058113,0.915388
AAGCGTCCCTCATCGA-1,0.027901,0.000588,0.000294,0.201678,0.000294,0.000294,0.000294,0.768656
AAGCTAGATCGAGTAA-1,0.000036,0.000072,0.461765,0.390318,0.014766,0.02364,0.000036,0.109368
AAGCTCGTGCCAAGTC-1,0.000099,0.000197,0.303064,0.290129,0.000099,0.20416,0.054349,0.147904
AAGCTCTTTCATGGTG-1,0.000415,0.00083,0.000415,0.209736,0.000415,0.484849,0.000415,0.302925
AAGGAGCGGTTGGTGC-1,0.01282,0.000676,0.000338,0.25484,0.000338,0.000338,0.056386,0.674265
AAGGATCGATCGCTTG-1,0.003449,0.006897,0.003449,0.384835,0.003449,0.003449,0.389247,0.205224
AAGGATGAGGGACCTC-1,0.000311,0.000621,0.000311,0.413741,0.05226,0.216716,0.000311,0.315729
AAGGCAGGCTGTCTCC-1,0.099117,0.00021,0.000105,0.148675,0.000105,0.000105,0.117011,0.634673
AAGGCGCGTAAAGCTT-1,0.000095,0.00019,0.000095,0.223095,0.009869,0.068078,0.103869,0.594708
AAGGCTGTGCTCATCG-1,0.000257,0.000514,0.000257,0.159148,0.000257,0.032028,0.000257,0.807281
AAGGGAACGACTGGCT-1,0.003704,0.007408,0.003705,0.003705,0.003704,0.159167,0.003705,0.814902
AAGGGACAGATTCTGT-1,0.000172,0.000343,0.000172,0.049746,0.337683,0.266989,0.000172,0.344725
AAGGGACTATGCATTC-1,0.003705,0.007407,0.003705,0.003705,0.003704,0.003705,0.003705,0.970363
AAGGGTTTGATTTCAG-1,0.000199,0.000398,0.000199,0.159175,0.000199,0.000199,0.162745,0.676887
AAGGTATCCTAATATA-1,0.000266,0.000532,0.000266,0.000266,0.522758,0.210752,0.079845,0.185315
AAGGTGATAAACCAGC-1,0.016757,0.001064,0.000532,0.270389,0.000532,0.262543,0.000532,0.447651
AAGTAGAAGACCGGGT-1,0.001539,0.003077,0.001539,0.118148,0.001539,0.272858,0.001539,0.599762
AAGTAGTGACGCGAGG-1,0.010714,0.00035,0.000175,0.000175,0.012069,0.000175,0.041207,0.935135
AAGTCAATTGTCGTCA-1,0.007144,0.014286,0.007146,0.394859,0.007144,0.007145,0.007144,0.555132
AAGTCTAGTAGCTGCC-1,0.002223,0.004445,0.002223,0.205459,0.002223,0.002223,0.77676,0.004446
AAGTCTTCTGTGGCCT-1,0.000147,0.000294,0.000147,0.074773,0.032483,0.000147,0.000147,0.891863
AAGTGACGACCGAATT-1,0.201394,0.00016,0.00008,0.173731,0.00008,0.036834,0.179855,0.407865
AAGTGCAAAGGTAGAC-1,0.000115,0.000229,0.000115,0.000115,0.000115,0.000115,0.000115,0.999082
AAGTGCCTTGACTGTA-1,0.003847,0.007692,0.003847,0.003847,0.003847,0.206143,0.003847,0.766929
AAGTGCGTTAGAATCT-1,0.036678,0.000177,0.045876,0.22833,0.004522,0.000089,0.338083,0.346244
AAGTGTTTGGAGACGG-1,0.000207,0.000414,0.000207,0.050943,0.000207,0.719665,0.030406,0.19795
AAGTTCACTCCAAGCT-1,0.003031,0.006061,0.238427,0.12989,0.610466,0.003031,0.003031,0.006063
AAGTTCAGTCTGCGTA-1,0.036866,0.001212,0.000606,0.197977,0.087923,0.114161,0.000606,0.560649
AAGTTCGGCCAACAGG-1,0.00011,0.00022,0.007941,0.121683,0.006662,0.19484,0.013576,0.65497
AAGTTGTGATGTTATA-1,0.035135,0.00042,0.00021,0.086476,0.00021,0.00021,0.00021,0.877128
AAGTTTATGGGCCCAA-1,0.027649,0.000485,0.000243,0.170067,0.02233,0.190102,0.000243,0.588882
AATAACAACGCTCGGC-1,0.001731,0.000202,0.000101,0.163838,0.009074,0.000418,0.000101,0.824534
AATAACACTAGAACAA-1,0.000215,0.00043,0.000215,0.345498,0.013632,0.065159,0.212386,0.362465
AATAATCTTCGTATCG-1,0.116914,0.000206,0.000103,0.000103,0.000103,0.042424,0.000103,0.840044
AATACAATGTTTCAGG-1,0.000101,0.000202,0.000101,0.002726,0.000101,0.000101,0.04597,0.950697
AATAGAACAGAGTGGC-1,0.016121,0.000281,0.044737,0.075539,0.351536,0.114333,0.0709,0.326553
AATAGAATCTGTTTCA-1,0.00024,0.000481,0.00024,0.246389,0.012921,0.578836,0.00024,0.160653
AATAGCTACCGCGTGC-1,0.061645,0.001105,0.000553,0.21957,0.03523,0.204478,0.000553,0.476866
AATAGTCGCGAGTCGG-1,0.000085,0.00017,0.000085,0.000085,0.000085,0.000085,0.000085,0.99932
AATATCCTAGCAAACT-1,0.000115,0.00023,0.000115,0.000115,0.000115,0.026549,0.000115,0.972647
AATATCGAATCAATGC-1,0.000565,0.00113,0.000565,0.000565,0.000565,0.000565,0.000565,0.995479
AATATCGAGGGTTCTC-1,0.001205,0.00241,0.001205,0.30734,0.001205,0.001205,0.001205,0.684225
AATATTGGAGTATTGA-1,0.000132,0.000265,0.000132,0.115754,0.010349,0.024021,0.128576,0.72077
AATCATGTAAAGACTC-1,0.000166,0.000331,0.000166,0.16268,0.000166,0.06215,0.000166,0.774176
AATCCAAGGGCCTGAG-1,0.000526,0.001053,0.000526,0.000526,0.000526,0.499739,0.025404,0.471699
AATCGCCTCAGCGCCA-1,0.000136,0.000272,0.098607,0.241624,0.000136,0.188137,0.253792,0.217296
AATCGCGCAGAGGACT-1,0.063569,0.000228,0.000114,0.058945,0.000114,0.139377,0.056311,0.681342
AATCGGGACACTACGA-1,0.000212,0.000424,0.141225,0.232804,0.07741,0.207333,0.000212,0.34038
AATCGTGAGCCGAGCA-1,0.000472,0.000943,0.000472,0.257122,0.000472,0.090299,0.000472,0.649748
AATCTAGGTTTACTTG-1,0.000167,0.000334,0.000167,0.000167,0.000167,0.000167,0.000167,0.998664
AATCTATGCCGGAGCC-1,0.004001,0.008,0.004001,0.004001,0.100173,0.449851,0.004001,0.425971
AATCTCTACTGTGGTT-1,0.118499,0.000145,0.000073,0.009622,0.000073,0.000073,0.032866,0.83865
AATCTGCGTTGGGACG-1,0.028918,0.000631,0.000316,0.068542,0.257903,0.182072,0.000316,0.461303
AATCTGGCTTTCTAGT-1,0.000184,0.000368,0.000184,0.000184,0.000184,0.135759,0.000184,0.862952
AATGACAGCAATGTCT-1,0.00014,0.00028,0.089148,0.067353,0.005178,0.170931,0.176174,0.490795
AATGACGTAGGATGTC-1,0.00004,0.00008,0.00004,0.009257,0.00004,0.990424,0.00004,0.00008
AATGACTGTCAGCCGG-1,0.000565,0.00113,0.000565,0.123077,0.000565,0.000565,0.000565,0.872967
AATGATGATACGCTAT-1,0.000422,0.000844,0.000422,0.472666,0.057256,0.137173,0.000422,0.330795
AATGATGCGACTCCTG-1,0.022874,0.00087,0.000435,0.000435,0.445671,0.000435,0.000435,0.528846
AATGCAACCGGGTACC-1,0.000228,0.000456,0.000228,0.092898,0.005022,0.396949,0.324996,0.179223
AATGCACCAAGCAATG-1,0.000306,0.000612,0.000306,0.392706,0.018846,0.000306,0.000306,0.586613
AATGGTCCACCGTTCA-1,0.000155,0.00031,0.000155,0.051575,0.000155,0.000155,0.099427,0.848069
AATGGTTCTCACAAGC-1,0.050819,0.000231,0.000116,0.125953,0.000116,0.000116,0.000116,0.822536
AATGTGCCCGAGGTGT-1,0.000476,0.000952,0.05629,0.122714,0.000476,0.134614,0.000476,0.684001
AATGTTAAGACCCTGA-1,0.000439,0.000877,0.000439,0.245063,0.046683,0.000439,0.000439,0.705622
AATTAAAGGTCGGCGT-1,0.050434,0.000435,0.000217,0.176455,0.000217,0.228044,0.064121,0.480076
AATTAACGGATTTCCA-1,0.00065,0.001299,0.200902,0.244509,0.00065,0.083508,0.311276,0.157206
AATTACGAGACCCATC-1,0.01589,0.00027,0.000135,0.317048,0.000135,0.000135,0.000135,0.666254
AATTAGCGCTGCAGCG-1,0.000187,0.000374,0.000187,0.44378,0.038584,0.095333,0.026781,0.394774
AATTCATAAGGGATCT-1,0.060354,0.003636,0.001819,0.001819,0.172787,0.356698,0.001819,0.401069
AATTCATTGTCATGCA-1,0.016667,0.033336,0.016673,0.849973,0.016669,0.01667,0.016671,0.03334
AATTCGATTCGAGGAT-1,0.000071,0.000142,0.000071,0.057171,0.000071,0.000071,0.404529,0.537874
AATTCTAGAGTTAGGC-1,0.000199,0.000398,0.000199,0.33684,0.043464,0.07884,0.299369,0.24069
AATTGAACGCTCTGGT-1,0.000061,0.000122,0.000061,0.000061,0.000061,0.999452,0.000061,0.000122
AATTGCAGCAATCGAC-1,0.000137,0.000275,0.000137,0.03093,0.000137,0.000137,0.184765,0.783481
AATTTGGTTCCAAAGA-1,0.000234,0.000467,0.000234,0.270304,0.014788,0.150583,0.000234,0.563157
ACAAACCATGCGTCCT-1,0.000704,0.001408,0.000704,0.190972,0.000704,0.000704,0.193849,0.610953
ACAAAGAAGGTAGGCC-1,0.013507,0.000142,0.123635,0.004565,0.001899,0.027338,0.025174,0.80374
ACAAAGCATGACCTAG-1,0.000257,0.000513,0.000256,0.088038,0.000256,0.000256,0.000256,0.910166
ACAAATCGCACCGAAT-1,0.055492,0.000254,0.000127,0.000127,0.000127,0.807336,0.024558,0.111979
ACAAATGGTAGTGTTT-1,0.000516,0.001031,0.000516,0.145928,0.000516,0.531543,0.000516,0.319435
ACAACAGCATGAGCTA-1,0.000063,0.000125,0.447843,0.350848,0.000063,0.094094,0.097642,0.009322
ACAACGGTCCCTGCGA-1,0.000155,0.000309,0.000155,0.137065,0.000155,0.062839,0.061619,0.737704
ACAAGCAGTGCCTAGC-1,0.023086,0.000311,0.000155,0.131484,0.000155,0.000155,0.000155,0.844498
ACAAGCTATATGGAAG-1,0.000057,0.000115,0.000057,0.000057,0.117183,0.105115,0.000057,0.777357
ACAAGGAAATCCGCCC-1,0.000091,0.000181,0.062622,0.092481,0.000091,0.632663,0.161449,0.050422
ACAAGGACAAGAGGTT-1,0.000116,0.000232,0.000116,0.050286,0.008407,0.000116,0.201531,0.739197
ACAAGGATGCTTTAGG-1,0.066513,0.011111,0.005557,0.005557,0.114664,0.181251,0.005557,0.60979
ACAAGGGCAGGCTCTG-1,0.016277,0.000117,0.020949,0.458762,0.000058,0.197737,0.024288,0.281811
ACAATAGTCGTACGTT-1,0.000143,0.000285,0.000143,0.000143,0.000143,0.000143,0.000143,0.998859
ACAATCCATTTAAACC-1,0.000113,0.000225,0.063604,0.000113,0.069879,0.000113,0.000113,0.865842
ACAATGAATACGGAGA-1,0.098517,0.001786,0.240056,0.000893,0.000893,0.000893,0.000893,0.656068
ACAATTGTGTCTCTTT-1,0.00345,0.006897,0.003449,0.003449,0.003449,0.003449,0.38703,0.588827
ACAATTTAGGAGGCTC-1,0.15629,0.000147,0.000074,0.000074,0.000074,0.070115,0.03945,0.733777
ACAATTTGAGCAGTGG-1,0.000617,0.001235,0.000617,0.208313,0.000618,0.186818,0.129471,0.472311
ACAATTTGGCCATATT-1,0.016691,0.000174,0.000087,0.000087,0.000087,0.036147,0.083967,0.862759
ACACAAAGACGGGTGG-1,0.000685,0.00137,0.000685,0.000685,0.000685,0.269707,0.315338,0.410844
ACACACCAGGACCAGT-1,0.000441,0.000881,0.000441,0.000441,0.000441,0.454561,0.077276,0.46552
ACACACTTTCTACACG-1,0.004764,0.009524,0.004763,0.004763,0.004763,0.413874,0.548022,0.009527
ACACATGATCAAATCT-1,0.000072,0.000144,0.160057,0.049723,0.000072,0.347772,0.037948,0.404212
ACACCACATAATTAGC-1,0.000158,0.000315,0.046927,0.045355,0.000158,0.000158,0.000158,0.906772
ACACCCAGCATGCAGC-1,0.002273,0.004546,0.002274,0.002273,0.002273,0.34114,0.640674,0.004547
ACACCCGAGAAATCCG-1,0.08467,0.000333,0.000167,0.193179,0.000167,0.044785,0.000167,0.676533
ACACCTTAAGTAGGGC-1,0.000181,0.000361,0.000181,0.078137,0.000181,0.01643,0.000181,0.90435
ACACCTTACTACTTGC-1,0.002041,0.004082,0.002041,0.002041,0.002041,0.002041,0.002041,0.98367
ACACGAGACTCCTTCT-1,0.000062,0.000124,0.588989,0.203797,0.007313,0.169645,0.011623,0.018447
ACACGTAGGCCACAAG-1,0.081258,0.000315,0.000158,0.113848,0.000158,0.000158,0.000158,0.803949
ACACTGATCAAGGTGT-1,0.013381,0.000306,0.000153,0.128808,0.408962,0.096474,0.073331,0.278584
ACACTGGGACAGTCGT-1,0.015338,0.000398,0.000199,0.000199,0.000199,0.000199,0.000199,0.98327
ACAGAACTGAGAACAA-1,0.000102,0.000205,0.138324,0.000102,0.005378,0.017593,0.131782,0.706513
ACAGCATAGAGCCAGT-1,0.064499,0.005128,0.002565,0.347833,0.002565,0.002565,0.002565,0.572281
ACAGCGACATTCTCAT-1,0.181528,0.000184,0.002722,0.206439,0.000092,0.037732,0.14935,0.421954
ACAGGCACGGATCCTT-1,0.000394,0.000787,0.000394,0.000394,0.000394,0.794246,0.000394,0.202997
ACAGGCTTGCCCGACT-1,0.036104,0.001183,0.00475,0.000592,0.000592,0.481699,0.303055,0.172026
ACAGGTGGAGGTGAGG-1,0.054136,0.003175,0.001588,0.001588,0.001588,0.001588,0.46437,0.471969
ACAGGTGTGTTGTTGC-1,0.066061,0.000199,0.000099,0.000099,0.026456,0.000099,0.000099,0.906887
ACAGTAATACAACTTG-1,0.000155,0.00031,0.000155,0.000155,0.033671,0.039355,0.000155,0.926045
ACAGTATACCGTGGGA-1,0.007144,0.014286,0.007144,0.007145,0.007144,0.007145,0.331888,0.618105
ACATAAGTCGTGGTGA-1,0.000128,0.000256,0.000128,0.114216,0.003143,0.000128,0.031099,0.8509
ACATAATAAGGCGGTG-1,0.02746,0.000885,0.000443,0.125283,0.000443,0.438036,0.000443,0.407008
ACATCAGCTGGGACGC-1,0.037898,0.000141,0.014263,0.105986,0.000071,0.000071,0.050106,0.791465
ACATCCTGGTAACTGT-1,0.070717,0.002985,0.001493,0.243649,0.001493,0.337205,0.001493,0.340965
ACATCGATCGTTTACC-1,0.000226,0.000451,0.000226,0.213908,0.034732,0.176323,0.065626,0.508507
ACATCGGTCAGCCGCG-1,0.000208,0.000416,0.000208,0.102221,0.011157,0.08351,0.000208,0.802072
ACATCGTATGCAATGG-1,0.013615,0.00022,0.058939,0.101789,0.00011,0.632509,0.070044,0.122775
ACATGGCGCCAAAGTA-1,0.007693,0.015385,0.007695,0.007695,0.007694,0.007695,0.007695,0.938449
ACATTAGTTTATATCC-1,0.021561,0.000283,0.051497,0.20912,0.000142,0.473818,0.134053,0.109525
ACCAACACCACACACT-1,0.091147,0.004545,0.002273,0.002273,0.002273,0.002273,0.409896,0.485319
ACCAACCGCACTCCAC-1,0.001266,0.002532,0.169458,0.001266,0.001266,0.310591,0.001266,0.512355
ACCAACGCTTATTTAT-1,0.000134,0.000268,0.000134,0.24445,0.278578,0.146526,0.000134,0.329777
ACCAAGAACGCGTGTC-1,0.001819,0.003637,0.001819,0.001819,0.001819,0.001819,0.001819,0.985451
ACCAATATGCAAGTTA-1,0.000132,0.000264,0.07761,0.038032,0.000132,0.772893,0.000132,0.110806
ACCACAAGTTTCTATC-1,0.001316,0.002632,0.001316,0.253059,0.067132,0.407959,0.001316,0.265271
ACCACACGGTTGATGG-1,0.000119,0.000237,0.025623,0.160051,0.162333,0.186579,0.021067,0.443991
ACCACCAATGTAACAA-1,0.002858,0.005715,0.002858,0.002858,0.002858,0.002858,0.179397,0.800599
ACCACCCTCTCTTCTA-1,0.005557,0.011111,0.005557,0.005557,0.005557,0.005557,0.005558,0.955547
ACCACGTGCAGCTATA-1,0.02831,0.000559,0.000279,0.236057,0.000279,0.639159,0.094797,0.000559
ACCAGACCATAACAAC-1,0.000065,0.000131,0.000065,0.000065,0.000065,0.07154,0.000065,0.928003
ACCAGTGCGGGAGACG-1,0.000775,0.00155,0.000775,0.141413,0.055923,0.18809,0.000775,0.610697
ACCATATCCGCAATAA-1,0.000214,0.000428,0.000214,0.000214,0.000214,0.554953,0.010195,0.433567
ACCATCCGCCAACTAG-1,0.000105,0.000211,0.000105,0.000105,0.000105,0.000105,0.058361,0.940902
ACCATCGTATATGGTA-1,0.000287,0.000575,0.115935,0.000287,0.009469,0.138179,0.247162,0.488106
ACCCAACGCCCGTGGC-1,0.000383,0.000766,0.000383,0.125745,0.269337,0.235914,0.119906,0.247565
ACCCACCTACATGCTC-1,0.000161,0.000321,0.000161,0.050214,0.000161,0.091895,0.199361,0.657728
ACCCATCTTGAGGGTA-1,0.035154,0.000251,0.014765,0.15944,0.000126,0.092103,0.364292,0.333869
ACCCATTTGTCCCTCT-1,0.015016,0.000353,0.000176,0.215928,0.000176,0.106194,0.000176,0.66198
ACCCGAGCGAAATTAC-1,0.191116,0.005715,0.002858,0.002858,0.137214,0.019042,0.002858,0.63834
ACCCGGAAACTCCCAG-1,0.000184,0.000368,0.000184,0.354095,0.31111,0.000184,0.062116,0.27176
ACCCGGAGCACCACAA-1,0.120203,0.000147,0.000073,0.08511,0.000073,0.000073,0.00863,0.78569
ACCCGGATGACGCATC-1,0.003126,0.00625,0.003126,0.571566,0.003126,0.003126,0.003126,0.406555
ACCCGGTTACACTTCC-1,0.000143,0.000286,0.000143,0.075894,0.32817,0.312133,0.000143,0.283088
ACCCTATGCCATATCG-1,0.000187,0.000375,0.055625,0.167649,0.193916,0.024168,0.0495,0.50858
ACCCTCCCGTCAGGGC-1,0.000132,0.000265,0.000132,0.082081,0.078572,0.128938,0.000132,0.709746
ACCCTCCCTTGCTATT-1,0.000114,0.000229,0.000114,0.000114,0.000114,0.975877,0.000114,0.023322
ACCCTGGTAACGCCCT-1,0.001724,0.003448,0.001724,0.001725,0.98448,0.001724,0.001725,0.003449
ACCCTTCATCTGCGAA-1,0.005883,0.011765,0.005884,0.005885,0.005884,0.005884,0.005884,0.952931
ACCGAAAGGGCCCTGC-1,0.000355,0.000709,0.000355,0.077351,0.035225,0.193315,0.000355,0.692335
ACCGAAGAGTCTGGTT-1,0.018644,0.000241,0.085106,0.066,0.00012,0.096085,0.191613,0.542192
ACCGACACATCTCCCA-1,0.000926,0.001852,0.056703,0.198151,0.015279,0.145921,0.000926,0.580242
ACCGACTGAGTCCCAC-1,0.076848,0.000451,0.000226,0.224343,0.015315,0.568135,0.000226,0.114456
ACCGAGTCTCCTTATT-1,0.048218,0.000749,0.000375,0.24383,0.000375,0.149088,0.000375,0.556991
ACCGATAGGCATAACC-1,0.000086,0.000171,0.014538,0.000086,0.003033,0.000086,0.224309,0.757693
ACCGATATTTAATCAT-1,0.000147,0.000294,0.00716,0.000147,0.000147,0.000147,0.000147,0.99181
ACCGATGGTAGCATCG-1,0.015828,0.000294,0.038261,0.108282,0.439513,0.114008,0.000147,0.283668
ACCGCAATAACTGCCT-1,0.010463,0.000166,0.000083,0.000083,0.000083,0.988874,0.000083,0.000166
ACCGCGGTGGAAGTCG-1,0.00087,0.001739,0.00087,0.00087,0.00087,0.00087,0.00087,0.993042
ACCGGGCCTTTGTTGA-1,0.005557,0.011111,0.005557,0.005557,0.005557,0.573164,0.005557,0.38794
ACCGGTCAGGTACACC-1,0.000164,0.000327,0.000164,0.071844,0.000164,0.09029,0.000164,0.836884
ACCGTCCACTGGGCCC-1,0.263529,0.004762,0.126227,0.002382,0.002381,0.002382,0.220116,0.378221
ACCGTGACCACGTGGG-1,0.126668,0.000211,0.000105,0.000105,0.742333,0.000105,0.000105,0.130367
ACCTAAGTACCTTTCA-1,0.02994,0.000361,0.000181,0.128714,0.000181,0.000181,0.399513,0.44093
ACCTAATCGACTTCCT-1,0.00017,0.00034,0.00017,0.00017,0.00017,0.00017,0.001447,0.997362
ACCTACAGTATGTGGT-1,0.00014,0.00028,0.000208,0.127068,0.009673,0.061954,0.019441,0.781235
ACCTCCGCCCTCGCTG-1,0.00023,0.000461,0.00023,0.084959,0.014714,0.00023,0.0095,0.889675
ACCTCCGTTATTCACC-1,0.000625,0.00125,0.000625,0.000625,0.000625,0.000625,0.000625,0.994999
ACCTGCGTGTCATGTT-1,0.011883,0.000216,0.046834,0.000108,0.000108,0.086425,0.011773,0.842652
ACGAAATGGGCGGCAC-1,0.000135,0.00027,0.000135,0.062153,0.008743,0.152165,0.012358,0.764041
ACGACCCATGAGTTGC-1,0.000104,0.000208,0.07179,0.000104,0.000104,0.04005,0.027811,0.859829
ACGACTCTAGGGCCGA-1,0.000376,0.000752,0.000376,0.219982,0.091294,0.232302,0.131051,0.323868
ACGACTGGTCATACTC-1,0.000588,0.001177,0.000588,0.252617,0.157866,0.259485,0.000588,0.32709
ACGAGGATACCACTCT-1,0.000117,0.000235,0.000117,0.017091,0.000117,0.062495,0.369477,0.55035
ACGAGGTTTACAACGT-1,0.022481,0.000325,0.000162,0.093238,0.007564,0.000162,0.000162,0.875905
ACGAGTACGGATGCCC-1,0.00122,0.002439,0.00122,0.269074,0.00122,0.00122,0.00122,0.722387
ACGATACATAGAACTA-1,0.001667,0.003333,0.001667,0.550766,0.001667,0.001667,0.134878,0.304354
ACGATACCTATCCTGA-1,0.000086,0.000173,0.000086,0.001889,0.000086,0.023226,0.119689,0.854764
ACGATCATACATAGAG-1,0.045511,0.000398,0.000199,0.259144,0.000199,0.578984,0.031879,0.083687
ACGATCATCTTGTAAA-1,0.005002,0.01,0.005001,0.005001,0.097413,0.005002,0.005002,0.867578
ACGATGCATATGTTAT-1,0.000165,0.000329,0.000165,0.231905,0.014397,0.002176,0.134959,0.615906
ACGATGGATCCGATGC-1,0.000503,0.001005,0.000503,0.152943,0.000503,0.14751,0.117408,0.579626
ACGCAATCACTACAGC-1,0.188393,0.006897,0.003449,0.003449,0.003449,0.003449,0.320844,0.47007
ACGCATACGTTTACTA-1,0.000238,0.000475,0.000238,0.000238,0.000238,0.000238,0.000238,0.998099
ACGCATTCGTGAGTAC-1,0.000241,0.000482,0.000241,0.059408,0.000241,0.788338,0.000241,0.150808
ACGCCACTCGAAACAG-1,0.000455,0.000909,0.065451,0.193284,0.136204,0.049266,0.068554,0.485877
ACGCCGCTAGACGACC-1,0.008508,0.00013,0.000065,0.473668,0.000065,0.052358,0.114042,0.351164
ACGCGAAGTCAGACGA-1,0.000121,0.000243,0.000121,0.259004,0.108491,0.348307,0.000121,0.283592
ACGCGCTACACAGGGT-1,0.026137,0.000285,0.000142,0.094036,0.000142,0.16176,0.000142,0.717355
ACGCGGGCCAAGGACA-1,0.020862,0.000146,0.054948,0.140058,0.009174,0.643521,0.028553,0.102738
ACGCGTTTCTTAAGAG-1,0.000067,0.000133,0.000067,0.000067,0.000067,0.000067,0.006315,0.993219
ACGCTAGTGATACACT-1,0.003126,0.00625,0.003126,0.392068,0.003126,0.318421,0.003126,0.270758
ACGCTGTGAGGCGTAG-1,0.000187,0.000373,0.000187,0.000187,0.000187,0.000187,0.000187,0.998507
ACGGACTCTCAAAGCG-1,0.054494,0.000094,0.000047,0.135941,0.000047,0.601779,0.041721,0.165878
ACGGAGCGCAAATTAC-1,0.077349,0.000939,0.00047,0.337101,0.102036,0.00047,0.00047,0.481166
ACGGATGGTGCGGATA-1,0.000135,0.000271,0.000135,0.048254,0.000135,0.742107,0.000135,0.208826
ACGGCACTTGCTTGGG-1,0.000192,0.000384,0.000192,0.216907,0.02828,0.060844,0.439248,0.253954
ACGGCGACGATGGGAA-1,0.000172,0.000344,0.000172,0.125312,0.000172,0.707179,0.062113,0.104536
ACGGCTGGATGTAGAA-1,0.000147,0.000294,0.000147,0.248595,0.000147,0.061728,0.000147,0.688794
ACGGGAGTGTCGGCCC-1,0.000085,0.000169,0.000085,0.228375,0.000085,0.160531,0.063853,0.546817
ACGGGCGTATGCGACA-1,0.035523,0.002817,0.001409,0.001409,0.033436,0.234016,0.001409,0.689982
ACGTACAGATTTCTCT-1,0.000311,0.000621,0.000311,0.160741,0.000311,0.057547,0.000311,0.779848
ACGTAGATTGCTGATG-1,0.000193,0.000387,0.000193,0.367984,0.000193,0.295507,0.195053,0.140489
ACGTAGGAGAGTCGCT-1,0.000063,0.000126,0.000063,0.000063,0.000063,0.08685,0.000063,0.912709
ACGTATTACTCCGATC-1,0.01667,0.033333,0.016673,0.016673,0.01667,0.016671,0.016671,0.866638
ACGTCTCGTTCCGGGA-1,0.00014,0.000281,0.00014,0.00014,0.00014,0.00014,0.00014,0.998878
ACGTGACAAAGTAAGT-1,0.010878,0.000165,0.000083,0.000083,0.000083,0.000083,0.000083,0.988543
ACGTGCGCCTCGTGCA-1,0.002273,0.004546,0.002273,0.002273,0.002273,0.002273,0.671394,0.312693
ACGTTAATGTCGAAGA-1,0.018934,0.000334,0.000167,0.333757,0.011599,0.222142,0.262739,0.150328
ACGTTAGATTTGCCCG-1,0.000235,0.00047,0.000235,0.045705,0.000235,0.073062,0.000235,0.879824
ACGTTATTGGTCACTC-1,0.03843,0.001342,0.000671,0.280954,0.021506,0.000671,0.000671,0.655755
ACGTTCGCAATCAATT-1,0.062054,0.000207,0.000104,0.240582,0.000104,0.000104,0.176993,0.519852
ACGTTCGTTCAGGAAA-1,0.000339,0.000678,0.000339,0.345474,0.126914,0.000339,0.000339,0.525577
ACGTTCTGTACAAGTC-1,0.003449,0.006897,0.003449,0.003449,0.003449,0.097505,0.42901,0.452791
ACGTTTAGTTGTGATC-1,0.003334,0.006667,0.003334,0.098014,0.003334,0.003334,0.003334,0.878649
ACTACATCCCGACAAG-1,0.004001,0.008001,0.004001,0.309361,0.097198,0.004001,0.309103,0.264333
ACTACCAGCTCTCTGG-1,0.000153,0.000306,0.000153,0.049049,0.000153,0.065543,0.047044,0.837598
ACTAGTTGCGATCGTC-1,0.037857,0.000722,0.000361,0.177692,0.037103,0.000361,0.000361,0.745543
ACTATCCAGGGCATGG-1,0.00099,0.00198,0.00099,0.315637,0.00099,0.00099,0.00099,0.677431
ACTATCTGCCCGCGTA-1,0.000154,0.000309,0.000154,0.000154,0.000154,0.000154,0.220056,0.778863
ACTATGTCCAGCTGCC-1,0.001191,0.002381,0.001191,0.129281,0.001191,0.33141,0.001191,0.532165
ACTATTTCCGGGCCCA-1,0.000195,0.00039,0.000195,0.042243,0.61037,0.053873,0.000195,0.292539
ACTCAAGTGCAAGGCT-1,0.001471,0.002941,0.001471,0.19668,0.02511,0.389647,0.066441,0.316238
ACTCAATAAAGGCACG-1,0.000234,0.000468,0.000234,0.000234,0.000234,0.923729,0.000234,0.074632
ACTCCAATATCATCAT-1,0.001696,0.00339,0.001695,0.001695,0.001695,0.265441,0.001695,0.722692
ACTCCCATTCCTAAAG-1,0.000091,0.000181,0.064579,0.057304,0.000091,0.011651,0.239361,0.626743
ACTCCCGAATTCGTTT-1,0.001111,0.002222,0.001111,0.001111,0.001111,0.124271,0.141443,0.727618
ACTCCCGTAGACTAGG-1,0.005556,0.011111,0.005557,0.005557,0.176885,0.005558,0.247043,0.542732
ACTCCCTAATGCTAAA-1,0.000524,0.001047,0.021666,0.245905,0.020247,0.381782,0.000524,0.328306
ACTCCCTAGAATAGTA-1,0.000154,0.000307,0.07342,0.532991,0.000154,0.135231,0.029219,0.228525
ACTCCGGCCGACCACT-1,0.001021,0.002041,0.001021,0.20314,0.001021,0.073375,0.186,0.532382
ACTCGCGATCTGACGC-1,0.000277,0.000554,0.000277,0.000277,0.000277,0.043891,0.000277,0.95417
ACTCGTAACCCGTCCT-1,0.000129,0.000258,0.000129,0.00713,0.004853,0.191545,0.008668,0.787288
ACTCGTCAGTAATCCC-1,0.098473,0.000256,0.000128,0.187702,0.422812,0.140996,0.054938,0.094694
ACTCTAAACCTGGGAT-1,0.000037,0.000074,0.000037,0.000037,0.02121,0.003175,0.084423,0.891007
ACTCTCTGACTTAGGT-1,0.018564,0.000299,0.000149,0.294173,0.000149,0.340037,0.087114,0.259515
ACTCTGACCTAATAGA-1,0.013469,0.000455,0.057592,0.000227,0.009536,0.47089,0.173139,0.274692
ACTCTTCAGCTCCCGC-1,0.000126,0.000251,0.050588,0.000126,0.000126,0.000126,0.485591,0.463068
ACTGAAACGCCGTTAG-1,0.029974,0.00099,0.000495,0.000495,0.008403,0.087753,0.000495,0.871395
ACTGAATGGCGAAAGT-1,0.000096,0.000192,0.000096,0.092286,0.029564,0.710841,0.037926,0.129
ACTGCCGTCGTAACTC-1,0.002779,0.005556,0.002779,0.462563,0.059702,0.002779,0.002779,0.461065
ACTGCGGACACACCGT-1,0.000144,0.000289,0.072542,0.000144,0.000144,0.027569,0.026951,0.872217
ACTGCTCGGAAGGATG-1,0.000143,0.000286,0.000143,0.153834,0.000143,0.000143,0.000143,0.845165
ACTGTACGATACACAT-1,0.000293,0.000587,0.000293,0.387824,0.01046,0.126887,0.075104,0.398553
ACTGTAGCACTTTGGA-1,0.000131,0.000262,0.07135,0.087361,0.006933,0.402321,0.000131,0.431509
ACTGTCCAGGATTATA-1,0.018369,0.000563,0.037511,0.154798,0.000282,0.492166,0.080383,0.215927
ACTGTCTTCTTTAGAA-1,0.000095,0.00019,0.000095,0.000095,0.587539,0.4117,0.000095,0.00019
ACTTACGCATCCACGC-1,0.000193,0.000387,0.000193,0.259563,0.000193,0.558343,0.000193,0.180933
ACTTATACTTACCCGG-1,0.000148,0.000295,0.000148,0.000148,0.99867,0.000148,0.000148,0.000295
ACTTATTAGGATCGGT-1,0.000144,0.000288,0.000144,0.038296,0.008292,0.839734,0.000144,0.112958
ACTTATTTATGTGCCA-1,0.076833,0.007407,0.003705,0.555139,0.003704,0.342096,0.003705,0.00741
ACTTCAGGCTGATCCC-1,0.031389,0.000225,0.000113,0.1665,0.010799,0.667831,0.074292,0.04885
ACTTCCAGTGGAAGCT-1,0.009116,0.000334,0.000167,0.088141,0.000167,0.038446,0.000167,0.86346
ACTTCCATGCGGGACA-1,0.004546,0.009091,0.004547,0.004546,0.004546,0.368701,0.594929,0.009093
ACTTCGCCATACGCAC-1,0.000168,0.000336,0.000168,0.553012,0.012494,0.300971,0.000168,0.132684
ACTTCGCTAGCGAGTG-1,0.000309,0.000617,0.000309,0.204505,0.000309,0.000309,0.000309,0.793334
ACTTGACTCCCTCTTT-1,0.000054,0.000107,0.001499,0.358813,0.000054,0.099415,0.423229,0.116829
ACTTGGGACCCGGTGG-1,0.000286,0.000571,0.000286,0.199928,0.000286,0.000286,0.000286,0.798071
ACTTGTAGTCCCTTCA-1,0.076897,0.000283,0.000142,0.000142,0.000142,0.000142,0.269743,0.652511
ACTTGTGGATGGAACG-1,0.031567,0.000461,0.043405,0.105079,0.00023,0.046258,0.00023,0.772768
ACTTTACCCTCATGAA-1,0.007695,0.015385,0.007694,0.224729,0.007694,0.007694,0.007694,0.721414
ACTTTCCTATAGCTTC-1,0.000099,0.000197,0.000099,0.000099,0.000099,0.999113,0.000099,0.000197
ACTTTGACTGCATCCT-1,0.013249,0.000394,0.000197,0.089518,0.000197,0.045092,0.000197,0.851157
ACTTTGGTCGTGCTCC-1,0.021799,0.00042,0.00021,0.00021,0.251369,0.137823,0.00021,0.587959
ACTTTGTCGACGCACT-1,0.000153,0.000306,0.000153,0.000153,0.000153,0.062976,0.000153,0.935954
AGAAATTATGACTCGC-1,0.022447,0.000196,0.000098,0.000098,0.05203,0.000098,0.000098,0.924935
AGAACCCAGCGTGACA-1,0.000112,0.000224,0.000112,0.000112,0.000112,0.0366,0.000112,0.962616
AGAACCCTCAATTGGG-1,0.063015,0.000305,0.018216,0.304953,0.000153,0.000153,0.000153,0.613052
AGAAGAGCGCCGTTCC-1,0.025001,0.05,0.025003,0.025008,0.025003,0.025008,0.025009,0.799969
AGAAGGTACACTTCAC-1,0.000122,0.000244,0.000122,0.032079,0.047641,0.028705,0.204584,0.686502
AGAAGGTTGCCGAATT-1,0.000327,0.000654,0.000327,0.122481,0.000327,0.225397,0.134958,0.51553
AGAAGGTTGTAGGTCG-1,0.065052,0.0016,0.0008,0.270528,0.089779,0.274771,0.0008,0.296669
AGAAGTGATTCGTGAT-1,0.009985,0.000422,0.000211,0.000211,0.008635,0.113152,0.000211,0.867174
AGAATAAATCTTCAGG-1,0.080201,0.000124,0.000062,0.001557,0.000062,0.012554,0.194951,0.71049
AGAATTATGGATTCGA-1,0.00073,0.00146,0.17119,0.101993,0.00073,0.332395,0.151262,0.240239
AGAATTGTTTGACATA-1,0.000617,0.001235,0.000617,0.211799,0.081326,0.161397,0.000617,0.542391
AGACAGCTCAGAATCC-1,0.114249,0.000236,0.014444,0.119054,0.000118,0.000118,0.000118,0.751664
AGACAGGCATCTCAGC-1,0.000111,0.000222,0.036568,0.000111,0.012096,0.000111,0.000111,0.950671
AGACCAAACCACACCT-1,0.000132,0.000263,0.000132,0.000132,0.000132,0.000229,0.000132,0.99885
AGACCATGGGATACAA-1,0.018028,0.000257,0.000129,0.000129,0.000129,0.069583,0.082844,0.828903
AGACCCACCGCTGATC-1,0.000132,0.000263,0.000132,0.463193,0.058421,0.099873,0.143304,0.234683
AGACCCGCCCTCCTCG-1,0.000331,0.000662,0.000331,0.088376,0.000331,0.667074,0.000331,0.242563
AGACCGCTCCGCGGTT-1,0.000231,0.000462,0.000231,0.128377,0.000231,0.000231,0.054269,0.815968
AGACCGGGAAACCCTG-1,0.000066,0.000131,0.022208,0.000066,0.000066,0.000066,0.193803,0.783595
AGACGAAGTGCCGGTC-1,0.006668,0.013334,0.006669,0.006669,0.006668,0.006668,0.006669,0.946654
AGACGACGATGCCGCT-1,0.000318,0.000635,0.000318,0.155763,0.01968,0.547837,0.006147,0.269304
AGACGCCCACTTCGCC-1,0.000129,0.000258,0.000129,0.000129,0.000129,0.000129,0.070299,0.928796
AGACTAGCCTTCCAGA-1,0.000283,0.000565,0.000283,0.166507,0.000283,0.000283,0.000283,0.831515
AGACTGTTACCGGGTC-1,0.022201,0.000593,0.000297,0.134781,0.802745,0.038493,0.000297,0.000594
AGAGAACCGTCTAGGA-1,0.000237,0.000474,0.000237,0.212447,0.155904,0.216431,0.000237,0.414033
AGAGAAGGAGTACAAT-1,0.000157,0.000313,0.000157,0.081282,0.000157,0.000157,0.128769,0.78901
AGAGATCTCTAAAGCG-1,0.034564,0.000165,0.000082,0.072376,0.000082,0.000082,0.219717,0.672931
AGAGCAGTTATGAGAC-1,0.000115,0.000231,0.000115,0.000115,0.000115,0.000115,0.249487,0.749706
AGAGCCGCCGAGATTT-1,0.000267,0.000533,0.005283,0.084304,0.000267,0.144832,0.000267,0.764247
AGAGCGCTTGTAACGG-1,0.061828,0.003448,0.280385,0.001725,0.001725,0.150927,0.001725,0.498238
AGAGCGGGCTAATCAT-1,0.002501,0.005001,0.002501,0.002501,0.002501,0.002501,0.002501,0.979995
AGAGCGTACAAGCTCG-1,0.000099,0.000198,0.000099,0.047012,0.006837,0.059688,0.063616,0.822451
AGAGGCTTCGGAAACC-1,0.019498,0.000256,0.000128,0.054111,0.000128,0.17945,0.000128,0.746301
AGAGTAAACTTCACTA-1,0.085339,0.00056,0.00028,0.249486,0.00028,0.091104,0.00028,0.57267
AGAGTATAGTGTTACG-1,0.007145,0.014286,0.007145,0.007145,0.007144,0.935698,0.007145,0.014292
AGATAACTTCAGGGCC-1,0.00008,0.00016,0.00008,0.00008,0.010953,0.032681,0.403271,0.552695
AGATACCAATAGAACC-1,0.000106,0.000212,0.000106,0.000106,0.000106,0.075527,0.087552,0.836286
AGATACCGGTGTTCAC-1,0.000163,0.000327,0.000163,0.113061,0.000163,0.207982,0.000163,0.677976
AGATACGACTTCATAT-1,0.019563,0.000371,0.000186,0.076839,0.109396,0.023537,0.009678,0.76043
AGATACTCAAGATCGA-1,0.011559,0.000207,0.000103,0.000103,0.000103,0.987614,0.000103,0.000207
AGATATAATACGACTA-1,0.018358,0.000131,0.000065,0.000065,0.000065,0.490881,0.143993,0.34644
AGATCGTGCATAAGAT-1,0.00034,0.00068,0.00034,0.167951,0.084113,0.411402,0.00034,0.334833
AGATCTCAGGTGTGAT-1,0.00015,0.000301,0.027886,0.46732,0.00015,0.115621,0.259003,0.129568
AGATGACTCGCCCACG-1,0.003847,0.007692,0.003847,0.003847,0.089952,0.577927,0.305193,0.007694
AGATGATGGAGTCTGG-1,0.005884,0.011765,0.005884,0.005884,0.005883,0.005884,0.599422,0.359394
AGATGCAAGACGTGCA-1,0.000172,0.000344,0.000172,0.212038,0.013069,0.042111,0.000172,0.731923
AGATGCATCCTGTGTC-1,0.000105,0.00021,0.000105,0.000105,0.165,0.230564,0.000105,0.603805
AGATTATAGGACGTTT-1,0.000193,0.000385,0.031236,0.000193,0.000193,0.624145,0.090104,0.253552
AGATTCACAACCGATA-1,0.021646,0.000176,0.000088,0.086966,0.000088,0.000088,0.112613,0.778335
AGCAAAGGCCGCTAGT-1,0.000112,0.000225,0.000112,0.162271,0.000112,0.020944,0.000112,0.816111
AGCAACATATCTTATT-1,0.203556,0.001439,0.00072,0.294435,0.025158,0.220166,0.00072,0.253807
AGCAACCGAAAGTAAT-1,0.065791,0.000141,0.018793,0.203335,0.000071,0.092109,0.151737,0.468023
