Barcode,Topic 1,Topic 2to5,Topic 6to7,Topic 8to10
AAACAAGTATCTCCCA-1,0.000565,0.354224,0.00113,0.64408
AAACACCAATAACTGC-1,0.00069,0.309272,0.00138,0.688658
AAACAGAGCGACTCCT-1,0.000232,0.221609,0.000463,0.777696
AAACAGCTTTCAGAAG-1,0.000102,0.10548,0.000205,0.894212
AAACAGGGTCTATATT-1,0.000369,0.367259,0.014606,0.617766
AAACATGGTGAGAGGA-1,0.000035,0.484814,0.07459,0.440561
AAACATTTCCCGGATT-1,0.00002,0.196591,0.13138,0.672009
AAACCGGAAATGTTAA-1,0.000971,0.786756,0.001942,0.21033
AAACCGGGTAGGTACC-1,0.000047,0.425845,0.008078,0.566031
AAACCGTTCGTCCAGG-1,0.000009,0.915382,0.000017,0.084592
AAACCTAAGCAGCCGG-1,0.000026,0.347186,0.026907,0.625881
AAACGAAGAACATACC-1,0.000042,0.000168,0.182296,0.817495
AAACGAAGATGGAGTA-1,0.000105,0.308794,0.137613,0.553488
AAACGGGCGTACGGGT-1,0.000032,0.446154,0.000064,0.553749
AAACGGTTGCGAACTG-1,0.000006,0.951755,0.048219,0.000019
AAACGTGTTCGCCCTA-1,0.000083,0.017608,0.125006,0.857303
AAACTAACGTGGCGAC-1,0.00017,0.277444,0.00034,0.722046
AAACTCGGTTCGCAAT-1,0.000046,0.258236,0.060252,0.681466
AAACTCGTGATATAAG-1,0.000047,0.192567,0.136098,0.671288
AAACTGCTGGCTCCAA-1,0.000022,0.203813,0.000045,0.79612
AAACTTAATTGCACGC-1,0.000236,0.617138,0.000472,0.382154
AAACTTGCAAACGTAT-1,0.000087,0.280276,0.076941,0.642696
AAAGAATGACCTTAGA-1,0.000017,0.531153,0.000033,0.468797
AAAGACCCAAGTCGCG-1,0.00002,0.466475,0.000041,0.533464
AAAGACTGGGCGCTTT-1,0.000013,0.806368,0.000026,0.193593
AAAGGCCCTATAATAC-1,0.000028,0.053032,0.000056,0.946884
AAAGGCTACGGACCAT-1,0.00073,0.00292,0.00146,0.994889
AAAGGCTCTCGCGCCG-1,0.000052,0.639989,0.000103,0.359856
AAAGGGATGTAGCAAG-1,0.000008,0.986763,0.000017,0.013212
AAAGGGCAGCTTGAAT-1,0.000018,0.805787,0.061043,0.133152
AAAGGTAAGCTGTACC-1,0.000433,0.848835,0.103733,0.046999
AAAGTAGCATTGCTCA-1,0.000265,0.684075,0.238212,0.077447
AAAGTCACTGATGTAA-1,0.000026,0.000105,0.63952,0.360349
AAAGTGCCATCAATTA-1,0.00003,0.443949,0.012277,0.543745
AAAGTGTGATTTATCT-1,0.000365,0.249027,0.193351,0.557257
AAATAACCATACGGGA-1,0.000028,0.057116,0.007799,0.935058
AAATACCTATAAGCAT-1,0.000028,0.699851,0.000056,0.300064
AAATAGGGTGCTATTG-1,0.000087,0.587498,0.064608,0.347808
AAATCCGATACACGCC-1,0.000051,0.112521,0.095235,0.792194
AAATCGCGGAAGGAGT-1,0.000524,0.331536,0.001047,0.666893
AAATCGTGTACCACAA-1,0.000028,0.241796,0.000056,0.75812
AAATCTAGCCCTGCTA-1,0.000575,0.526337,0.150904,0.322185
AAATGATTCGATCAGC-1,0.00003,0.585621,0.071684,0.342664
AAATGCTCGTTACGTT-1,0.000014,0.823156,0.000027,0.176803
AAATGGCATGTCTTGT-1,0.000023,0.057603,0.399747,0.542628
AAATGGCCCGTGCCCT-1,0.001613,0.40304,0.133363,0.461984
AAATGGTCAATGTGCC-1,0.000029,0.671694,0.000059,0.328218
AAATGTATCTTATCCC-1,0.000021,0.692513,0.000042,0.307424
AAATTACACGACTCTG-1,0.001064,0.258614,0.002128,0.738194
AAATTACCTATCGATG-1,0.000225,0.099577,0.239816,0.660381
AAATTGATAGTCCTTT-1,0.000495,0.597958,0.136244,0.265303
AAATTGCGGCGGTTCT-1,0.000075,0.000301,0.156143,0.843481
AAATTGGTGAGAAGCA-1,0.000016,0.000063,0.999249,0.000672
AAATTTACCGAAATCC-1,0.002128,0.447591,0.004257,0.546025
AAATTTGCGGGTGTGG-1,0.000036,0.23339,0.000072,0.766501
AACAACTGGTAGTTGC-1,0.000028,0.501085,0.000056,0.49883
AACAATACATTGTCGA-1,0.000018,0.872712,0.000037,0.127232
AACAATTACTCTACGC-1,0.000021,0.408232,0.014069,0.577678
AACACACGCTCGCCGC-1,0.000102,0.302205,0.000205,0.697487
AACACGACTGTACTGA-1,0.00005,0.0002,0.108078,0.891672
AACACGAGACGCGGCC-1,0.000069,0.057158,0.738056,0.204717
AACACGCGGCCGCGAA-1,0.000714,0.24348,0.001429,0.754377
AACAGCTGTGTGGCAA-1,0.000027,0.174253,0.195382,0.630339
AACAGGAAATCGAATA-1,0.000017,0.365388,0.091405,0.54319
AACAGGATGGGCCGCG-1,0.000018,0.721985,0.038544,0.239453
AACAGGTAGTATGGAT-1,0.000103,0.429057,0.000206,0.570634
AACATATCAACTGGTG-1,0.000752,0.075885,0.001504,0.921859
AACATCGATACGTCTA-1,0.000048,0.106878,0.024868,0.868207
AACATTGAAGTTGATC-1,0.000031,0.023024,0.02576,0.951185
AACATTGTGACTCGAG-1,0.000045,0.024841,0.015422,0.959692
AACCAGTATCACTCTT-1,0.000479,0.373202,0.311329,0.314991
AACCATAGGGTTGAAC-1,0.000027,0.55373,0.000054,0.446188
AACCATGGGATCGCTA-1,0.000032,0.070469,0.093237,0.836261
AACCCAGAGACGGAGA-1,0.000018,0.700139,0.008774,0.291069
AACCCATCCCATGATC-1,0.000042,0.625788,0.000084,0.374086
AACCCGACAACCCGTG-1,0.000043,0.01573,0.421235,0.562991
AACCCGAGCAGAATCG-1,0.000032,0.015008,0.600475,0.384485
AACCCGATAGGGCTTC-1,0.001563,0.006252,0.32281,0.669376
AACCCTGGTGGAACCA-1,0.000029,0.097054,0.006875,0.896042
AACCGAGCTTGGTCAT-1,0.000124,0.615068,0.000248,0.38456
AACCGCTAAGGGATGC-1,0.000048,0.50739,0.018297,0.474265
AACCGTTGTGTTTGCT-1,0.000037,0.009778,0.040517,0.949668
AACCTCGCTTTAGCCC-1,0.000079,0.55346,0.000157,0.446304
AACCTTTAAATACGGT-1,0.000119,0.376355,0.000238,0.623288
AACCTTTACGACGTCT-1,0.000364,0.883282,0.000728,0.115627
AACGAAAGTCGTCCCA-1,0.000625,0.688158,0.00125,0.309967
AACGATAATGCCGTAG-1,0.000044,0.881647,0.000089,0.11822
AACGATAGAAGGGCCG-1,0.000027,0.291289,0.029183,0.679501
AACGATATGTCAACTG-1,0.00032,0.45068,0.000639,0.548361
AACGCATGATCTGGGT-1,0.000013,0.419721,0.40804,0.172226
AACGCGAACGGCAACA-1,0.000037,0.10961,0.014191,0.876162
AACGCGACCTTGGGCG-1,0.000042,0.114329,0.0118,0.87383
AACGCGGTCTCCAGCC-1,0.000071,0.981686,0.018029,0.000213
AACGCTGTTGCTGAAA-1,0.00244,0.009759,0.544042,0.443759
AACGGACGTACGTATA-1,0.00006,0.078953,0.323103,0.597884
AACGGCCATCTCCGGT-1,0.000016,0.972846,0.018472,0.008667
AACGTACTGTGGGTAC-1,0.000035,0.612082,0.00007,0.387814
AACGTCAGACTAGTGG-1,0.000015,0.689544,0.000031,0.310409
AACGTGATGAAGGACA-1,0.000115,0.588455,0.00023,0.4112
AACGTTATCAGCACCT-1,0.000082,0.061887,0.019927,0.918104
AACTACCCGTTTGTCA-1,0.000071,0.676402,0.000141,0.323387
AACTAGCGTATCGCAC-1,0.000187,0.296571,0.199329,0.503913
AACTAGGCTTGGGTGT-1,0.000064,0.530175,0.098715,0.371046
AACTCCAGAGCGTGTT-1,0.000077,0.000308,0.000154,0.999461
AACTCCTAATCCCATG-1,0.000071,0.54251,0.067992,0.389428
AACTCGATGGCGCAGT-1,0.00003,0.105185,0.020374,0.87441
AACTCTCAGTGTGCTC-1,0.000006,0.999963,0.000012,0.000019
AACTGAGGTCAGCGTC-1,0.000034,0.823872,0.000068,0.176026
AACTGAGTTATACTGA-1,0.000243,0.207836,0.346911,0.445009
AACTGATATTAGGCCT-1,0.000033,0.27659,0.000066,0.723311
AACTGGGTCCCGACGT-1,0.000031,0.411429,0.031703,0.556837
AACTGGTGTGGGCCTT-1,0.000131,0.000523,0.000262,0.999085
AACTTCTGCGTCTATC-1,0.000021,0.645967,0.06391,0.290101
AACTTGCCCGTATGCA-1,0.000024,0.34836,0.00695,0.644666
AACTTGCGTTCTCGCG-1,0.000032,0.315646,0.009013,0.675308
AACTTTACGGGAGCTT-1,0.000055,0.399622,0.014068,0.586255
AACTTTAGCTGCTGAG-1,0.000483,0.152114,0.27484,0.572563
AAGAAATCACCAGATT-1,0.000159,0.059228,0.237533,0.703079
AAGAAGGATCAGTTAG-1,0.000031,0.227578,0.004187,0.768204
AAGACATACGTGGTTT-1,0.000024,0.543558,0.000047,0.456371
AAGACCAAATAACTCA-1,0.000033,0.513698,0.199531,0.286738
AAGACCCAACTGAACA-1,0.000079,0.248187,0.161303,0.59043
AAGACTAACCCGTTGT-1,0.00022,0.000879,0.488738,0.510162
AAGAGATGAATCGGTA-1,0.000063,0.299955,0.000127,0.699855
AAGAGGCCCTTTGGAA-1,0.000037,0.115066,0.173251,0.711645
AAGATGGCACCGGACC-1,0.000258,0.023519,0.635597,0.340626
AAGATTGGCGGAACGT-1,0.000102,0.118788,0.000203,0.880908
AAGCACCCTGCGTATC-1,0.000195,0.84987,0.149351,0.000584
AAGCATACTCTCCTGA-1,0.000022,0.549268,0.000044,0.450665
AAGCCGAAGCGGTTTA-1,0.000119,0.749569,0.000238,0.250074
AAGCCGCCGTGAAATC-1,0.000049,0.407017,0.000098,0.592836
AAGCCGCTTTACCTTG-1,0.000073,0.000291,0.546921,0.452714
AAGCCGGAGAGCAGGA-1,0.000008,0.176886,0.532822,0.290283
AAGCGCAGGGCTTTGA-1,0.000024,0.032862,0.748925,0.218189
AAGCGGAGTGCGCGCA-1,0.000022,0.000088,0.920223,0.079666
AAGCGGCGTCATGGGT-1,0.000028,0.601761,0.011082,0.387129
AAGCGTCCCTCATCGA-1,0.000243,0.439333,0.000486,0.559939
AAGCTAGATCGAGTAA-1,0.000029,0.56582,0.000058,0.434092
AAGCTCTTTCATGGTG-1,0.000547,0.353956,0.643857,0.00164
AAGGAGCGGTTGGTGC-1,0.000058,0.391651,0.000115,0.608176
AAGGATGAGGGACCTC-1,0.000343,0.15377,0.116164,0.729723
AAGGCGCGTAAAGCTT-1,0.000011,0.718139,0.000023,0.281826
AAGGCTGTGCTCATCG-1,0.00006,0.368905,0.000119,0.630916
AAGGGAACGACTGGCT-1,0.001021,0.281806,0.002041,0.715132
AAGGGACAGATTCTGT-1,0.000228,0.086445,0.000457,0.91287
AAGGGACTATGCATTC-1,0.000287,0.850292,0.000573,0.148849
AAGGGTTTGATTTCAG-1,0.00016,0.815146,0.044175,0.140519
AAGGTATCCTAATATA-1,0.000256,0.647419,0.000512,0.351814
AAGGTGATAAACCAGC-1,0.000184,0.498911,0.000368,0.500536
AAGTAGAAGACCGGGT-1,0.000177,0.542443,0.000353,0.457027
AAGTAGTGACGCGAGG-1,0.000141,0.440057,0.000282,0.55952
AAGTCAATTGTCGTCA-1,0.000395,0.195636,0.000791,0.803178
AAGTCTAGTAGCTGCC-1,0.000147,0.254668,0.258045,0.48714
AAGTGAGTCGGGTTTA-1,0.00021,0.153918,0.282295,0.563577
AAGTGCAAAGGTAGAC-1,0.000024,0.726688,0.052972,0.220316
AAGTGCCTTGACTGTA-1,0.00011,0.23839,0.027813,0.733687
AAGTGCGTTAGAATCT-1,0.000269,0.001076,0.997849,0.000807
AAGTGCTTCTCTATTG-1,0.000062,0.00025,0.229472,0.770215
AAGTGTTTGGAGACGG-1,0.000061,0.532635,0.000121,0.467183
AAGTTCACTCCAAGCT-1,0.000072,0.09239,0.774488,0.133049
AAGTTCAGTCTGCGTA-1,0.000047,0.028946,0.040032,0.930976
AAGTTCGGCCAACAGG-1,0.000026,0.695422,0.01088,0.293672
AAGTTGTGATGTTATA-1,0.000086,0.000343,0.025084,0.974487
AAGTTTACTAATGGCA-1,0.000167,0.36723,0.237743,0.39486
AAGTTTATGGGCCCAA-1,0.000039,0.337467,0.000077,0.662417
AATAACACTAGAACAA-1,0.000008,0.935286,0.000016,0.064689
AATAATCTTCGTATCG-1,0.002942,0.011769,0.005884,0.979405
AATACAATGTTTCAGG-1,0.000044,0.711242,0.007827,0.280887
AATACCGGAGGGCTGT-1,0.000032,0.034717,0.339304,0.625946
AATAGAACAGAGTGGC-1,0.000017,0.787946,0.000034,0.212003
AATAGAATCTGTTTCA-1,0.000018,0.842442,0.052776,0.104763
AATAGCTACCGCGTGC-1,0.000057,0.139751,0.000114,0.860079
AATAGTCCGTCCCGAC-1,0.000076,0.476544,0.000219,0.52316
AATAGTCGCGAGTCGG-1,0.000073,0.230819,0.017562,0.751546
AATATCAAGGTCGGAT-1,0.000033,0.339605,0.024679,0.635683
AATATCCTAGCAAACT-1,0.000207,0.130282,0.000414,0.869097
AATATCGAATCAATGC-1,0.000142,0.54115,0.221081,0.237627
AATATCGAGGGTTCTC-1,0.000541,0.935511,0.062326,0.001622
AATCAGACTGCAGGAC-1,0.000032,0.03817,0.175036,0.786762
AATCAGGTTTCATTTA-1,0.000082,0.000326,0.000163,0.999429
AATCATGTAAAGACTC-1,0.000178,0.404757,0.0373,0.557765
AATCCAAGGGCCTGAG-1,0.000038,0.000151,0.200328,0.799484
AATCCATGCAAGGGTG-1,0.000032,0.3103,0.000064,0.689605
AATCGGGACACTACGA-1,0.000073,0.000293,0.067745,0.931889
AATCGTGAGCCGAGCA-1,0.000041,0.002597,0.26083,0.736531
AATCTAGGTTTACTTG-1,0.000156,0.905804,0.000312,0.093728
AATCTATGCCGGAGCC-1,0.000208,0.075387,0.000417,0.923988
AATCTGCGTTGGGACG-1,0.000111,0.000446,0.000223,0.99922
AATCTGGCTTTCTAGT-1,0.000175,0.661848,0.000351,0.337625
AATGACAGCAATGTCT-1,0.000433,0.220801,0.000866,0.7779
AATGACGTAGGATGTC-1,0.000032,0.166661,0.000063,0.833244
AATGACTGTCAGCCGG-1,0.000036,0.786733,0.000073,0.213158
AATGAGTTCGCATATG-1,0.000023,0.712782,0.000045,0.28715
AATGATGATACGCTAT-1,0.000051,0.661444,0.033045,0.30546
AATGATGCGACTCCTG-1,0.003031,0.012125,0.410823,0.574022
AATGCAACCGGGTACC-1,0.000009,0.999944,0.000019,0.000028
AATGCACCAAGCAATG-1,0.000521,0.600522,0.001042,0.397915
AATGGTCCACCGTTCA-1,0.000011,0.859486,0.025228,0.115274
AATGGTTCTCACAAGC-1,0.000019,0.514211,0.000386,0.485385
AATGTATGGCACTGTA-1,0.000037,0.413569,0.000073,0.586321
AATGTGCCCGAGGTGT-1,0.000138,0.41624,0.06969,0.513932
AATGTGCTAATCTGAG-1,0.000045,0.024011,0.080462,0.895483
AATGTTGTCGTGAGAC-1,0.000037,0.000147,0.000074,0.999742
AATTAACGGATTTCCA-1,0.000245,0.299301,0.000489,0.699965
AATTACGAGACCCATC-1,0.000658,0.629732,0.001316,0.368294
AATTACTCGTACGCTC-1,0.000024,0.000096,0.277488,0.722392
AATTAGCGCTGCAGCG-1,0.000016,0.67346,0.044451,0.282073
AATTCATAAGGGATCT-1,0.000054,0.624096,0.000108,0.375741
AATTCATTGTCATGCA-1,0.000312,0.173495,0.005213,0.82098
AATTCCAAGCATGTAC-1,0.000067,0.199485,0.000134,0.800313
AATTCGATTCGAGGAT-1,0.000046,0.294438,0.172785,0.532731
AATTCTAGAGTTAGGC-1,0.000038,0.631093,0.000076,0.368792
AATTGAACGCTCTGGT-1,0.000035,0.423322,0.00007,0.576573
AATTGCAGCAATCGAC-1,0.000025,0.241968,0.12939,0.628617
AATTGCGTGGATTACA-1,0.000064,0.006889,0.000128,0.992919
AATTGTGGTTGCCAAA-1,0.000224,0.272865,0.368374,0.358538
AATTTGGGACATAGTA-1,0.000827,0.003307,0.001653,0.994213
AATTTGGTTCCAAAGA-1,0.000034,0.193283,0.010756,0.795927
ACAAACCATGCGTCCT-1,0.00082,0.00328,0.53958,0.456321
ACAAAGAAGGTAGGCC-1,0.000065,0.061681,0.241399,0.696855
ACAAAGCATGACCTAG-1,0.000081,0.231809,0.089464,0.678647
ACAAATCGCACCGAAT-1,0.000024,0.847515,0.000049,0.152411
ACAAATGGTAGTGTTT-1,0.000045,0.401455,0.000089,0.598411
ACAAATTCAGATCTGA-1,0.000124,0.65023,0.000248,0.349398
ACAACAGCATGAGCTA-1,0.000065,0.377482,0.000131,0.622322
ACAACGGTCCCTGCGA-1,0.000044,0.772356,0.013226,0.214375
ACAAGCAGTGCCTAGC-1,0.000016,0.212594,0.000033,0.787357
ACAAGGAAATCCGCCC-1,0.000031,0.495186,0.000061,0.504722
ACAAGGACAAGAGGTT-1,0.000043,0.467668,0.000086,0.532203
ACAAGGATGCTTTAGG-1,0.000026,0.255684,0.148022,0.596268
ACAAGGGCAGGCTCTG-1,0.000038,0.424368,0.000077,0.575517
ACAATAGTCGTACGTT-1,0.00008,0.274648,0.134426,0.590846
ACAATGAATACGGAGA-1,0.00003,0.252429,0.03434,0.7132
ACAATGATTCTTCTAC-1,0.000143,0.448194,0.089116,0.462547
ACAATTGTGTCTCTTT-1,0.000071,0.451269,0.026534,0.522126
ACAATTTAGGAGGCTC-1,0.000081,0.490307,0.000162,0.509451
ACAATTTGAGCAGTGG-1,0.000073,0.040806,0.000146,0.958976
ACACAAAGACGGGTGG-1,0.000057,0.710947,0.015079,0.273917
ACACAAATATTCCTAG-1,0.000041,0.056826,0.821715,0.121418
ACACACCAGGACCAGT-1,0.000101,0.23628,0.000203,0.763416
ACACACTTTCTACACG-1,0.000053,0.047148,0.015794,0.937004
ACACATGATCAAATCT-1,0.000529,0.399915,0.001059,0.598497
ACACATTGACGCAACA-1,0.000017,0.466275,0.035911,0.497796
ACACCCAGCATGCAGC-1,0.000006,0.999962,0.000013,0.000019
ACACCCGAGAAATCCG-1,0.000019,0.472597,0.341657,0.185727
ACACCGAGCGCTCTTT-1,0.000047,0.037455,0.121835,0.840663
ACACCGGTCTGACCGC-1,0.000047,0.819847,0.000095,0.180011
ACACCTTAAGTAGGGC-1,0.000016,0.627166,0.000032,0.372786
ACACGAGACTCCTTCT-1,0.000021,0.5996,0.008318,0.392061
ACACGGCACTATGCAT-1,0.000036,0.000146,0.595655,0.404163
ACACGGGAACTTAGGG-1,0.00007,0.220799,0.009362,0.76977
ACACGTAGGCCACAAG-1,0.000054,0.010101,0.163669,0.826176
ACACTCCAATGTCACT-1,0.000027,0.446665,0.000053,0.553255
ACACTGATCAAGGTGT-1,0.000031,0.674755,0.000063,0.325151
ACACTGGGACAGTCGT-1,0.00009,0.113621,0.246489,0.6398
ACAGAACTGAGAACAA-1,0.00027,0.733922,0.000541,0.265267
ACAGATTAGGTTAGTG-1,0.000038,0.219466,0.019376,0.76112
ACAGCATAGAGCCAGT-1,0.000057,0.035348,0.080169,0.884425
ACAGCGACATTCTCAT-1,0.00028,0.292317,0.00056,0.706842
ACAGCGCACCCGCAGC-1,0.000097,0.826072,0.000194,0.173636
ACAGGCACGGATCCTT-1,0.000023,0.263464,0.000046,0.736467
ACAGGCTTGCCCGACT-1,0.000068,0.71704,0.017295,0.265597
ACAGGTGGAGGTGAGG-1,0.000023,0.667032,0.000045,0.3329
ACAGTAATACAACTTG-1,0.000188,0.204311,0.136782,0.658719
ACAGTATACCGTGGGA-1,0.000029,0.397746,0.271007,0.331218
ACATAAGTCGTGGTGA-1,0.000253,0.416679,0.000505,0.582563
ACATAATAAGGCGGTG-1,0.000041,0.932947,0.06689,0.000123
ACATCCCGGCCATACG-1,0.00012,0.513205,0.000239,0.486436
ACATCGTATGCAATGG-1,0.000043,0.47082,0.000086,0.52905
ACATCGTTAACCTAGT-1,0.000054,0.145026,0.000109,0.854811
ACATGGCTCAATTTAG-1,0.000028,0.392534,0.029034,0.578404
ACATTAGTTTATATCC-1,0.000024,0.719887,0.000049,0.280039
ACCAAACACCCAGCGA-1,0.000067,0.000268,0.100765,0.8989
ACCAACACCACACACT-1,0.000021,0.337873,0.274543,0.387562
ACCAACCGCACTCCAC-1,0.000024,0.015942,0.430099,0.553936
ACCAACGCTTATTTAT-1,0.000023,0.748139,0.010106,0.241732
ACCAAGAACGCGTGTC-1,0.000029,0.391219,0.032357,0.576395
ACCAAGTCATCGGCAG-1,0.000094,0.146175,0.397414,0.456316
ACCAATATGCAAGTTA-1,0.000764,0.675781,0.001527,0.321929
ACCACAACTCAGAACA-1,0.000089,0.000354,0.000177,0.99938
ACCACAAGTTTCTATC-1,0.000118,0.2307,0.000236,0.768946
ACCACCCTCTCTTCTA-1,0.000158,0.223983,0.24382,0.532039
ACCACGTGCAGCTATA-1,0.000032,0.52697,0.000064,0.472933
ACCACTGTTCAAGAAG-1,0.000024,0.003384,0.109042,0.887549
ACCAGTGCCCGGTCAA-1,0.000019,0.587042,0.082604,0.330335
ACCAGTGCGGGAGACG-1,0.0002,0.405738,0.000401,0.59366
ACCATCCGCCAACTAG-1,0.000208,0.180884,0.000415,0.818493
ACCATCGTATATGGTA-1,0.000095,0.602159,0.063067,0.334679
ACCATTAAGGGTGTCA-1,0.000027,0.044157,0.171665,0.784152
ACCCAACGCCCGTGGC-1,0.000101,0.000404,0.32733,0.672165
ACCCACCTACATGCTC-1,0.000029,0.514023,0.000058,0.48589
ACCCATTTGTCCCTCT-1,0.000018,0.125062,0.758899,0.116021
ACCCGAGCGAAATTAC-1,0.000076,0.077126,0.15843,0.764368
ACCCGATTGGTTCCGA-1,0.000035,0.000142,0.444957,0.554866
ACCCGGAAACTCCCAG-1,0.000048,0.99971,0.000097,0.000145
ACCCGGAGCACCACAA-1,0.000018,0.509252,0.000035,0.490695
ACCCGGTTACACTTCC-1,0.000106,0.583584,0.000212,0.416098
ACCCGTAGTCTAGTTG-1,0.000027,0.092745,0.000053,0.907175
ACCCGTGTCATCAGTA-1,0.002041,0.435531,0.004083,0.558345
ACCCTATAGGACTGAG-1,0.000034,0.051301,0.022046,0.926619
ACCCTATGCCATATCG-1,0.000029,0.901384,0.039669,0.058918
ACCCTCCCGTCAGGGC-1,0.00003,0.025793,0.000059,0.974118
ACCCTCCCTTGCTATT-1,0.000036,0.544716,0.000071,0.455178
ACCCTGGTAACGCCCT-1,0.00007,0.008606,0.453207,0.538117
ACCCTTCATCTGCGAA-1,0.000037,0.462889,0.000073,0.537001
ACCCTTGCCTGGGTCG-1,0.000056,0.26267,0.497372,0.239903
ACCCTTTAGTTCTCCA-1,0.000214,0.364119,0.187373,0.448293
ACCGAAAGGGCCCTGC-1,0.000069,0.000276,0.028247,0.971407
ACCGAAGAGTCTGGTT-1,0.000128,0.35307,0.000256,0.646546
ACCGACACATCTCCCA-1,0.002565,0.393481,0.005129,0.598825
ACCGACTGAGTCCCAC-1,0.000083,0.326946,0.000167,0.672804
ACCGAGTCTCCTTATT-1,0.00011,0.175753,0.297877,0.52626
ACCGATAGGCATAACC-1,0.000039,0.00202,0.715815,0.282127
ACCGATATTTAATCAT-1,0.00101,0.004042,0.002021,0.992927
ACCGCAATAACTGCCT-1,0.000021,0.837405,0.003398,0.159176
ACCGCGGTGGAAGTCG-1,0.000159,0.434326,0.000318,0.565198
ACCGGGCCTTTGTTGA-1,0.000377,0.239126,0.000755,0.759741
ACCGGTCAGGTACACC-1,0.000565,0.617688,0.076303,0.305444
ACCGTCCACTGGGCCC-1,0.000032,0.295456,0.000063,0.704449
ACCGTGACCACGTGGG-1,0.000081,0.892952,0.000163,0.106803
ACCTAAGTACCTTTCA-1,0.000424,0.288672,0.000848,0.710057
ACCTAATCGACTTCCT-1,0.000117,0.523002,0.019627,0.457255
ACCTACTATAAATCTA-1,0.000037,0.004983,0.372476,0.622505
ACCTCCGCCCTCGCTG-1,0.001471,0.590061,0.404055,0.004413
ACCTCGAACTTATGCT-1,0.000146,0.391954,0.032493,0.575407
ACCTGCGTGTCATGTT-1,0.0004,0.11978,0.07641,0.80341
ACGAAATGGGCGGCAC-1,0.00013,0.473986,0.000259,0.525625
ACGACCCATGAGTTGC-1,0.000018,0.656551,0.019131,0.3243
ACGACTGGTCATACTC-1,0.000037,0.348115,0.403794,0.248054
ACGAGAACCCATCACG-1,0.000036,0.004183,0.084659,0.911122
ACGAGATATTTGCTTA-1,0.000355,0.63582,0.000709,0.363116
ACGAGGATACCACTCT-1,0.001205,0.399453,0.157871,0.441471
ACGAGGTTTACAACGT-1,0.000275,0.560546,0.00055,0.43863
ACGAGTACGGATGCCC-1,0.002326,0.145191,0.004653,0.847831
ACGATACATAGAACTA-1,0.00024,0.422615,0.000481,0.576664
ACGATCATACATAGAG-1,0.000307,0.650475,0.045749,0.30347
ACGATGGATCCGATGC-1,0.000047,0.000189,0.000095,0.999669
ACGCAAACTAATAGAT-1,0.000695,0.767975,0.001389,0.229941
ACGCAATCACTACAGC-1,0.000061,0.07513,0.175711,0.749097
ACGCATACGTTTACTA-1,0.000054,0.76973,0.060571,0.169645
ACGCATTCGTGAGTAC-1,0.000061,0.587502,0.006347,0.406089
ACGCCAGATGATTTCT-1,0.00007,0.430037,0.000238,0.569656
ACGCCGCTAGACGACC-1,0.000046,0.410257,0.000091,0.589606
ACGCGAAGTCAGACGA-1,0.000033,0.520747,0.008064,0.471156
ACGCGTTTCTTAAGAG-1,0.000015,0.455581,0.00003,0.544375
ACGCTAGTGATACACT-1,0.001389,0.356228,0.002779,0.639605
ACGGAATTTAGCAAAT-1,0.00004,0.154773,0.052248,0.792939
ACGGACTCTCAAAGCG-1,0.000389,0.576785,0.103709,0.319116
ACGGAGCGCAAATTAC-1,0.00003,0.623738,0.013268,0.362964
ACGGATGGTGCGGATA-1,0.000435,0.755775,0.00087,0.242921
ACGGCACTTGCTTGGG-1,0.000017,0.810038,0.000034,0.189911
ACGGCCAACATGGACT-1,0.000014,0.768305,0.000028,0.231652
ACGGCGACGATGGGAA-1,0.000016,0.850604,0.000066,0.149314
ACGGCGGGTTGCCCTG-1,0.00125,0.318462,0.304222,0.376066
ACGGCTGGATGTAGAA-1,0.000962,0.592912,0.001924,0.404202
ACGGGAGTGTCGGCCC-1,0.000443,0.315939,0.072298,0.61132
ACGGGCGTATGCGACA-1,0.000239,0.239681,0.103074,0.657006
ACGGGTCATGTGACTT-1,0.000037,0.064314,0.011146,0.924502
ACGTACAGATTTCTCT-1,0.000043,0.000171,0.261143,0.738643
ACGTACTTTGGCACGG-1,0.00008,0.161064,0.346583,0.492274
ACGTAGGAGAGTCGCT-1,0.000054,0.000214,0.000107,0.999625
ACGTCGGGCAACTCGG-1,0.000072,0.284642,0.103666,0.61162
ACGTCTCGTTCCGGGA-1,0.000208,0.151016,0.180984,0.667791
ACGTGACAAAGTAAGT-1,0.00026,0.634955,0.00052,0.364266
ACGTGCGCCTCGTGCA-1,0.002084,0.319225,0.004168,0.674523
ACGTTATTGGTCACTC-1,0.00002,0.684986,0.150789,0.164205
ACGTTCCGCGCTCCGT-1,0.000075,0.010386,0.118762,0.870777
ACGTTCGTTCAGGAAA-1,0.001111,0.75205,0.002223,0.244616
ACGTTCTGTACAAGTC-1,0.000033,0.104049,0.234971,0.660947
ACGTTTAGTTGTGATC-1,0.000021,0.427937,0.250241,0.321801
ACTAAGGACGCACACC-1,0.00003,0.000119,0.700021,0.299829
ACTAATACGTCAGGCG-1,0.000008,0.701769,0.221151,0.077072
ACTACAAAGAGAGGTG-1,0.000055,0.061956,0.350962,0.587027
ACTACATCCCGACAAG-1,0.000364,0.384626,0.000727,0.614283
ACTACCAGCTCTCTGG-1,0.000007,0.928809,0.000568,0.070616
ACTACGCGTTAGAATT-1,0.000348,0.001394,0.500017,0.49824
ACTAGTTGCGATCGTC-1,0.000327,0.410537,0.000654,0.588482
ACTATATGCTGTGTTC-1,0.000086,0.019806,0.049236,0.930873
ACTATCGCCGGCTAAA-1,0.00002,0.000078,0.003126,0.996776
ACTATCTGCCCGCGTA-1,0.001613,0.221719,0.003227,0.773441
ACTATGTCCAGCTGCC-1,0.000971,0.381058,0.001942,0.616029
ACTATTCGTCCGTGGT-1,0.00002,0.692168,0.023267,0.284546
ACTATTTCCGGGCCCA-1,0.000588,0.659857,0.001177,0.338377
ACTCAACGAATGTATT-1,0.000699,0.340678,0.386617,0.272005
ACTCAAGTGCAAGGCT-1,0.000062,0.354805,0.000125,0.645008
ACTCAATAAAGGCACG-1,0.000051,0.370002,0.009417,0.620529
ACTCAGACCTGCTTCT-1,0.000049,0.091946,0.323239,0.584767
ACTCATGGCAGCCTTC-1,0.00004,0.050235,0.00008,0.949645
ACTCCAATATCATCAT-1,0.000096,0.63802,0.084783,0.277101
ACTCCCATTCCTAAAG-1,0.000232,0.000928,0.701875,0.296965
ACTCCCGTAGACTAGG-1,0.000073,0.141099,0.104971,0.753857
ACTCCCTAATGCTAAA-1,0.000246,0.308688,0.000493,0.690573
ACTCCCTAGAATAGTA-1,0.000041,0.38935,0.000082,0.610527
ACTCCGGCCGACCACT-1,0.000036,0.074101,0.227197,0.698666
ACTCGATGTATTTCAT-1,0.000027,0.364833,0.192014,0.443126
ACTCGCCGTTCGATAA-1,0.00003,0.243728,0.184522,0.57172
ACTCGTAACCCGTCCT-1,0.001087,0.239236,0.002175,0.757502
ACTCTAAACCTGGGAT-1,0.000012,0.315361,0.000024,0.684602
ACTCTCTTATACACGA-1,0.000085,0.313993,0.00017,0.685752
ACTCTGACCTAATAGA-1,0.000013,0.687096,0.000025,0.312866
ACTGAAACGCCGTTAG-1,0.000048,0.095742,0.000095,0.904116
ACTGAATGGCGAAAGT-1,0.000028,0.55767,0.006187,0.436115
ACTGCCCGCCATTCTC-1,0.000065,0.050475,0.380361,0.569099
ACTGCCGTCGTAACTC-1,0.00002,0.634602,0.00004,0.365338
ACTGCTCGGAAGGATG-1,0.000078,0.940332,0.059356,0.000234
ACTGGCGAACCTGCGT-1,0.000053,0.00021,0.471212,0.528525
ACTGTACGATACACAT-1,0.000037,0.015207,0.781188,0.203568
ACTGTAGCACTTTGGA-1,0.000046,0.457309,0.000093,0.542552
ACTGTATACGCGAGCA-1,0.000042,0.052995,0.000083,0.94688
ACTGTCCAGGATTATA-1,0.000062,0.421467,0.000123,0.578347
ACTGTCTTCTTTAGAA-1,0.000016,0.924548,0.003186,0.07225
ACTGTGCTAGTAGATC-1,0.000021,0.483357,0.150082,0.366539
ACTTACCGGGCGCGCA-1,0.000524,0.567472,0.001047,0.430957
ACTTACGCATCCACGC-1,0.000603,0.244294,0.419153,0.33595
ACTTAGTACGACAAGA-1,0.000025,0.500864,0.000049,0.499062
ACTTATTTATGTGCCA-1,0.000153,0.229446,0.000306,0.770095
ACTTCAGGCTGATCCC-1,0.000058,0.459273,0.000116,0.540554
ACTTCCAGTGGAAGCT-1,0.000058,0.662171,0.003224,0.334548
ACTTCCATGCGGGACA-1,0.000021,0.641075,0.146282,0.212622
ACTTCGCCATACGCAC-1,0.000041,0.434201,0.000082,0.565676
ACTTGGGACCCGGTGG-1,0.000052,0.27873,0.000103,0.721115
ACTTGTAGTCCCTTCA-1,0.000758,0.208128,0.001516,0.789598
ACTTGTGGATGGAACG-1,0.00073,0.261242,0.00146,0.736568
ACTTTCCTATAGCTTC-1,0.000122,0.577249,0.000243,0.422386
ACTTTGGTCGTGCTCC-1,0.001299,0.326616,0.002598,0.669487
ACTTTGTCGACGCACT-1,0.000202,0.342447,0.149851,0.5075
AGAAATTATGACTCGC-1,0.001111,0.315074,0.002223,0.681592
AGAACCCTCAATTGGG-1,0.000242,0.584644,0.000484,0.41463
AGAACGTGGTACATTC-1,0.000049,0.148608,0.809431,0.041911
AGAAGGTACACTTCAC-1,0.000126,0.998007,0.001489,0.000378
AGAAGGTTGCCGAATT-1,0.000116,0.622884,0.059551,0.317449
AGAAGGTTGTAGGTCG-1,0.000057,0.087434,0.000115,0.912394
AGAAGTGATTCGTGAT-1,0.000592,0.16266,0.001184,0.835565
AGAATGCGGGTTCGGA-1,0.000057,0.321108,0.000114,0.678722
AGAATTGTTTGACATA-1,0.000025,0.171552,0.335528,0.492896
AGACAGCTCAGAATCC-1,0.000019,0.471258,0.029063,0.49966
AGACAGGCATCTCAGC-1,0.002858,0.392696,0.382892,0.221554
AGACATAGATCCTTCC-1,0.000101,0.28398,0.000201,0.715718
AGACCAAACCACACCT-1,0.000091,0.653824,0.345812,0.000273
AGACCATGGGATACAA-1,0.000027,0.146852,0.139825,0.713296
AGACCCACCGCTGATC-1,0.000056,0.502507,0.000113,0.497324
AGACCCGCCCTCCTCG-1,0.000013,0.907669,0.000025,0.092292
AGACCGCTCCGCGGTT-1,0.000625,0.420844,0.00125,0.577281
AGACGAAGTGCCGGTC-1,0.000097,0.195208,0.000195,0.804499
AGACGACGATGCCGCT-1,0.000044,0.685935,0.000087,0.313934
AGACGCCCACTTCGCC-1,0.000041,0.432482,0.000081,0.567396
AGACGGGCCGATTTAA-1,0.000013,0.521173,0.028706,0.450109
AGACTAGCCTTCCAGA-1,0.000025,0.926815,0.000295,0.072865
AGACTGTTACCGGGTC-1,0.001429,0.005716,0.5384,0.454455
AGAGAAACACCAGAAA-1,0.000033,0.262941,0.074674,0.662353
AGAGAACCGTCTAGGA-1,0.000052,0.467055,0.054481,0.478412
AGAGAAGGAGTACAAT-1,0.000101,0.727811,0.024565,0.247522
AGAGCAGTTATGAGAC-1,0.000018,0.700607,0.000036,0.299339
AGAGCCGCCGAGATTT-1,0.000083,0.026183,0.181093,0.79264
AGAGCGCTTGTAACGG-1,0.000063,0.000251,0.678845,0.320841
AGAGCGGGCTAATCAT-1,0.000019,0.588302,0.103506,0.308173
AGAGCGTACAAGCTCG-1,0.000044,0.519684,0.081108,0.399164
AGAGCTACGAAAGCAT-1,0.00003,0.00012,0.001004,0.998846
AGAGGCTTCGGAAACC-1,0.000156,0.546533,0.000312,0.452999
AGAGTAAACTTCACTA-1,0.000338,0.417481,0.000676,0.581506
AGAGTTGCAGGCCTCC-1,0.000033,0.000134,0.880581,0.119252
AGATAACTTCAGGGCC-1,0.000027,0.462291,0.000055,0.537627
AGATACCAATAGAACC-1,0.000039,0.485171,0.003736,0.511053
AGATACCAGCACTTCA-1,0.000026,0.232031,0.257587,0.510355
AGATACGACTTCATAT-1,0.000019,0.696439,0.000038,0.303503
AGATACTCAAGATCGA-1,0.000023,0.5727,0.000045,0.427233
AGATATAATACGACTA-1,0.000034,0.112113,0.000281,0.887572
AGATCGTGCATAAGAT-1,0.000827,0.003307,0.136704,0.859163
AGATCTCAGGTGTGAT-1,0.000072,0.248246,0.059351,0.69233
AGATGACTCGCCCACG-1,0.000018,0.887146,0.013244,0.099593
AGATGAGGGTTGCGAT-1,0.000109,0.320694,0.000219,0.678978
AGATGCAAGACGTGCA-1,0.000063,0.226088,0.03123,0.74262
AGATGCATCCTGTGTC-1,0.000426,0.224026,0.000851,0.774697
AGATGCTATAACGAGC-1,0.000011,0.183323,0.164353,0.652312
AGATTCACAACCGATA-1,0.000083,0.345134,0.146813,0.507969
AGCAAAGGCCGCTAGT-1,0.000538,0.661029,0.310388,0.028046
AGCAACCGAAAGTAAT-1,0.000023,0.377868,0.322302,0.299807
AGCACACGTTTAGACT-1,0.000026,0.281124,0.030237,0.688613
AGCACCAGTACTCACG-1,0.000139,0.413385,0.000279,0.586197
AGCACTACCTCACCAG-1,0.000041,0.887676,0.067966,0.044317
AGCACTTAAGGACGCC-1,0.000027,0.390669,0.000053,0.609251
AGCAGAAGGAGAAAGA-1,0.000035,0.000142,0.08296,0.916863
AGCAGCCAGATGAATA-1,0.000031,0.742979,0.000062,0.256929
AGCATATCAATATGCT-1,0.000175,0.200181,0.033552,0.766091
AGCATCATTTCGAAAG-1,0.001,0.35305,0.264772,0.381178
AGCATCGTCGATAATT-1,0.00002,0.796276,0.00004,0.203663
AGCATTACGAGGCAAG-1,0.000045,0.024571,0.084989,0.890395
AGCCAAGCTTTGTGTC-1,0.000069,0.224532,0.008424,0.766975
AGCCACAGGTTACCCG-1,0.000035,0.561033,0.094148,0.344784
AGCCACTCCCGTGCTT-1,0.000188,0.880081,0.000375,0.119356
AGCCATATAGTATGTG-1,0.00005,0.242315,0.02016,0.737476
AGCCCATACATGTAAG-1,0.000065,0.306847,0.013888,0.6792
AGCCCGCAACAAGCAG-1,0.000033,0.187526,0.00397,0.808471
AGCCCGGCATTAGAGG-1,0.000113,0.275732,0.003597,0.720557
AGCCCGGTAGCCTGTA-1,0.000066,0.233144,0.108646,0.658144
AGCCCTAAGCGAAGTT-1,0.000019,0.766939,0.086406,0.146636
AGCCCTCCCTGGTGGC-1,0.00006,0.000241,0.016777,0.982922
AGCCCTTCTAATCCGA-1,0.00004,0.964606,0.020005,0.015349
AGCCCTTGGACATCCC-1,0.000012,0.770551,0.034816,0.194621
AGCCGCTTGATTAGCG-1,0.000019,0.000078,0.224158,0.775745
AGCCGTGGCTAAATGT-1,0.002,0.142601,0.004001,0.851397
AGCCTAATACCCACGT-1,0.000057,0.508325,0.000114,0.491505
AGCCTTAAAGCGGAAG-1,0.000023,0.408996,0.116947,0.474034
AGCGACAGGAACGGTC-1,0.000054,0.551217,0.000108,0.448622
AGCGACATCCCATTCA-1,0.000877,0.384813,0.309982,0.304328
AGCGACCAACGATATT-1,0.00004,0.547946,0.00008,0.451934
AGCGAGACGTGAAGGC-1,0.000026,0.311299,0.000053,0.688623
AGCGATGCGCCTAATA-1,0.000046,0.037618,0.031554,0.930782
AGCGCATAATGAATCG-1,0.000031,0.931867,0.035539,0.032562
AGCGCGGGTGCCAATG-1,0.000047,0.647488,0.084767,0.267697
AGCGCTTATGGGCAAG-1,0.000013,0.256447,0.597763,0.145777
AGCGGACACTTCGTAG-1,0.000028,0.975056,0.024833,0.000083
AGCGGCGGTTAGCGGT-1,0.00007,0.665861,0.219669,0.1144
AGCGGGAAGGGTCCAT-1,0.000023,0.455426,0.016468,0.528083
AGCGGGTCTGACACTC-1,0.000045,0.13656,0.000091,0.863304
AGCGGTTGCCGCTCTG-1,0.000042,0.162511,0.22995,0.607497
AGCGTACGAGAGCTAG-1,0.000021,0.733685,0.000042,0.266252
AGCGTCTGAACCCGCA-1,0.004001,0.016006,0.008002,0.971991
AGCGTGGTATTCTACT-1,0.000024,0.598331,0.000048,0.401596
AGCTAACAAGCAATGT-1,0.000111,0.471077,0.000223,0.528589
AGCTAAGTACGCAGGC-1,0.000031,0.222554,0.125108,0.652307
AGCTAGAAGCAGAAGT-1,0.001695,0.006782,0.986437,0.005086
AGCTATTTAATCCAAC-1,0.000039,0.24062,0.052062,0.70728
AGCTCCATATATGTTC-1,0.000033,0.03329,0.529486,0.437192
AGCTCCTTCGCACATC-1,0.000048,0.63428,0.000096,0.365576
AGCTCGTTGATGGAAA-1,0.000106,0.000425,0.078869,0.9206
AGCTCTTCCCAGTGCA-1,0.000224,0.73366,0.000449,0.265667
AGCTGAAGTAAACCAA-1,0.000161,0.264289,0.088468,0.647082
AGCTGTAACCTCAATC-1,0.000096,0.816196,0.068504,0.115204
AGCTTATAGAGACCTG-1,0.000235,0.567112,0.233367,0.199287
AGCTTCTTCTCGAGCA-1,0.000045,0.082987,0.005892,0.911076
AGGAAAGCCTCTGATG-1,0.000321,0.282791,0.157272,0.559617
AGGAACGAACGACTTC-1,0.000019,0.605537,0.249385,0.14506
AGGAAGCTGTCCGCCG-1,0.001053,0.47439,0.002106,0.522451
AGGACAGTCGAATCCC-1,0.000057,0.221635,0.000113,0.778195
AGGACATCGCACGTCG-1,0.000036,0.581117,0.03086,0.387987
AGGACATCGGCACACT-1,0.000052,0.153142,0.143018,0.703788
AGGACGACCCATTAGA-1,0.000056,0.43296,0.10015,0.466833
AGGACGCTCGATGTTG-1,0.001852,0.297594,0.003705,0.696849
AGGACTTATAGGAGAA-1,0.000022,0.050361,0.17494,0.774677
AGGAGGCCTTCGCGCG-1,0.00012,0.191172,0.00024,0.808469
AGGATAAAGTCGGGAT-1,0.000038,0.412441,0.00042,0.587101
AGGATATAGGGATTTA-1,0.000187,0.338947,0.030404,0.630462
AGGATCACGCGATCTG-1,0.000709,0.155259,0.323881,0.520151
AGGCACGTGACTGTCC-1,0.000029,0.23161,0.274878,0.493484
AGGCAGATGCGTAAAC-1,0.000034,0.128225,0.590112,0.281629
AGGCAGGGAGCGTACT-1,0.000041,0.749161,0.160743,0.090055
AGGCATTGTCGTAGGG-1,0.000184,0.095996,0.000368,0.903451
AGGCCACCCGTTATGA-1,0.000046,0.318616,0.01766,0.663677
AGGCCCAGTGACTGGT-1,0.000025,0.000099,0.071011,0.928865
AGGCCCATTGTACAGG-1,0.000049,0.085562,0.037945,0.876445
AGGCCCTAGAACGCCA-1,0.000049,0.238314,0.364125,0.397511
AGGCCTATCATACCAA-1,0.000493,0.173086,0.000986,0.825435
AGGCCTGAGAATCTCG-1,0.000012,0.912915,0.031118,0.055954
AGGCGATAACTGGCGT-1,0.00005,0.315761,0.000101,0.684089
AGGCGGTTTGTCCCGC-1,0.000488,0.446104,0.000976,0.552432
AGGCGTCTATGGACGG-1,0.000038,0.125586,0.031205,0.843171
AGGCTATGGTTAGCTT-1,0.000039,0.838168,0.027215,0.134577
AGGCTTCCCGAAGAAG-1,0.000019,0.920022,0.003696,0.076264
AGGCTTGCTAGACACC-1,0.000074,0.533971,0.000147,0.465807
AGGGAAACGAGGTACT-1,0.000044,0.057094,0.000088,0.942775
AGGGACAGCACGGCGG-1,0.000172,0.466268,0.098249,0.435311
AGGGACTCTACGCGAC-1,0.000015,0.851456,0.000029,0.1485
AGGGCAGCGGCGTGGT-1,0.000069,0.344042,0.000137,0.655752
AGGGCCCTAATGTTCT-1,0.000032,0.132995,0.318098,0.548876
AGGGCGAGCAGCTGAT-1,0.000078,0.236522,0.016196,0.747203
AGGGCGTGATCGGCTA-1,0.000018,0.353587,0.018929,0.627466
AGGGTCAGAGCACTCG-1,0.00005,0.0002,0.107656,0.892093
AGGGTCAGTAACCCTA-1,0.000028,0.272216,0.633333,0.094422
AGGGTCTGGACGCAGT-1,0.000057,0.000227,0.000114,0.999602
AGGGTGCCGTTCTTTA-1,0.00012,0.287578,0.000239,0.712063
AGGGTGGATAGTGCAT-1,0.000032,0.343234,0.000063,0.656671
AGGGTTCAGACGGTCC-1,0.000048,0.000193,0.116814,0.882945
AGGGTTCCCTTTGGTT-1,0.000143,0.027984,0.011079,0.960794
AGGGTTTAGTTCGGGA-1,0.000075,0.516918,0.00015,0.482857
AGGTAACCTCCTATTC-1,0.000025,0.132893,0.215993,0.651089
AGGTACGATATTGCCA-1,0.001075,0.4168,0.002151,0.579973
AGGTAGATCGAGATAT-1,0.000025,0.425965,0.021856,0.552154
AGGTCAGGTGAGAGTG-1,0.000217,0.094672,0.004286,0.900825
AGGTCGCCTCCCAACA-1,0.000022,0.054528,0.000236,0.945214
AGGTCGCGGAGTTACT-1,0.002564,0.01026,0.434862,0.552314
AGGTGCACGTCCACAT-1,0.000336,0.630638,0.169438,0.199589
AGGTGGTGACCTTCGC-1,0.002128,0.008513,0.511198,0.47816
AGGTGTTGCCGACCAC-1,0.000036,0.39791,0.017079,0.584975
AGGTTCTCCTTTCCGG-1,0.000072,0.2069,0.000144,0.792884
AGGTTGAGGCACGCTT-1,0.00031,0.278775,0.230795,0.49012
AGTAATGTCTTGCCGC-1,0.000045,0.314631,0.017337,0.667988
AGTAATTTGCAAGCGT-1,0.000153,0.475551,0.000306,0.523991
AGTACAGAAGCTTATA-1,0.000082,0.391346,0.013109,0.595463
AGTACCTTCGAGTGCT-1,0.000296,0.631431,0.000592,0.367681
AGTACGGGCACCTGGC-1,0.000135,0.358496,0.00027,0.641099
AGTACGTGGCCTGTCT-1,0.000439,0.430232,0.000877,0.568452
AGTACTCTTATGCCCA-1,0.000042,0.171428,0.448266,0.380265
AGTAGAAGGCGCCTCA-1,0.000039,0.043291,0.000077,0.956593
AGTAGGAAGGAAGTTG-1,0.000081,0.544948,0.049363,0.405608
AGTAGGTAACATACAT-1,0.00002,0.622591,0.014708,0.36268
AGTATAATACTAGGCA-1,0.000022,0.707921,0.001153,0.290904
AGTATACACAGCGACA-1,0.000048,0.036034,0.299797,0.664122
AGTATGCTGGAGACCA-1,0.000069,0.184187,0.028827,0.786917
AGTATTTGGCACGACC-1,0.000295,0.898928,0.099891,0.000885
AGTCAAATGATGTGAT-1,0.00003,0.000121,0.590723,0.409127
AGTCAAGATGACACTT-1,0.000024,0.94802,0.033479,0.018477
AGTCACTAGCTCTCGA-1,0.000129,0.521583,0.148375,0.329914
AGTCACTCCGCCTCAT-1,0.003705,0.531889,0.007409,0.456997
AGTCAGCCACCGCCTG-1,0.000028,0.434158,0.148155,0.41766
AGTCCCGCCTTTAATT-1,0.001282,0.438853,0.002565,0.557299
AGTCGGCCCAAACGAC-1,0.000005,0.961042,0.000009,0.038944
AGTCGGCTCAACTTTA-1,0.000274,0.09823,0.000548,0.900948
AGTCGTATAAAGCAGA-1,0.000105,0.076849,0.000209,0.922837
AGTCGTCGACCACCAA-1,0.000035,0.370512,0.00713,0.622323
AGTCGTGGGCATTACG-1,0.000105,0.563273,0.026329,0.410294
AGTCTCACAAGACTAC-1,0.000104,0.453538,0.000208,0.54615
AGTCTGGACATCCTTG-1,0.000041,0.176867,0.026468,0.796624
AGTCTTCTCCTCAAAT-1,0.000018,0.814947,0.005509,0.179527
AGTCTTTAAAGTGTCC-1,0.000054,0.029451,0.061502,0.908993
AGTGAACAAACTTCTC-1,0.000047,0.582036,0.000094,0.417824
AGTGAAGATGGTGTCC-1,0.000097,0.000389,0.291992,0.707521
AGTGACCTACTTTACG-1,0.000053,0.344564,0.000105,0.655278
AGTGACTGTGACACAA-1,0.00011,0.306123,0.07191,0.621857
AGTGAGCCTCGCCGCC-1,0.000385,0.248703,0.040397,0.710515
AGTGAGGGTTTCTGAC-1,0.000022,0.293176,0.000044,0.706758
AGTGAGTCGAATTAAC-1,0.00005,0.0002,0.105769,0.893981
AGTGATAACCTGCGCG-1,0.000037,0.248569,0.000074,0.75132
AGTGATATGAGTAGTT-1,0.000079,0.345505,0.000158,0.654258
AGTGCACGCTTAAGAA-1,0.00017,0.143453,0.24224,0.614138
AGTGCGTAGCTCGTAA-1,0.000047,0.308916,0.03908,0.651957
AGTGCTAAACACAGCA-1,0.000036,0.304546,0.000072,0.695347
AGTGGCGGCAATTTGA-1,0.000105,0.724014,0.000211,0.27567
AGTGGCGTCTGAAGGT-1,0.000026,0.01603,0.640285,0.343659
AGTGGGAGTATACACG-1,0.000017,0.578744,0.090965,0.330274
AGTGGTGTTACCCGTG-1,0.000326,0.25446,0.000652,0.744563
AGTGTATTGCGCATTG-1,0.000877,0.69945,0.001755,0.297918
AGTGTGCTAAGATCGC-1,0.000038,0.102637,0.195717,0.701609
AGTGTGGTCTATTGTG-1,0.000034,0.460436,0.006861,0.53267
AGTTAAGCGGTCCCGG-1,0.000637,0.002549,0.332755,0.66406
AGTTAAGTCAACCGCT-1,0.00037,0.237761,0.36757,0.394299
AGTTACCCTTAAGACT-1,0.0001,0.413143,0.000199,0.586559
AGTTACCGCACATGGT-1,0.000029,0.725682,0.000057,0.274232
AGTTACTCTATCGTGG-1,0.000056,0.270601,0.000113,0.72923
AGTTCACCGGTTGGAC-1,0.000043,0.017154,0.000086,0.982717
AGTTCCTACAGAATTA-1,0.000047,0.380134,0.000095,0.619723
AGTTCCTATTTATGTT-1,0.000099,0.3682,0.000198,0.631502
AGTTCTGCGTTGTATC-1,0.000036,0.334201,0.000071,0.665692
AGTTGACATCGGCTGG-1,0.00006,0.000239,0.000119,0.999582
AGTTGACGGTCCTTGC-1,0.000044,0.050356,0.17863,0.77097
AGTTGCTGACTGATAT-1,0.00003,0.288173,0.102554,0.609244
AGTTGGCAAGGCTAGA-1,0.000022,0.082794,0.000044,0.917139
AGTTTCGCAGGTCGGA-1,0.000038,0.000152,0.396043,0.603768
AGTTTGCACCTGCCTC-1,0.000769,0.486966,0.194906,0.317358
AGTTTGGCACGGGTTG-1,0.000407,0.842558,0.000813,0.156222
AGTTTGGCCAGACCTA-1,0.000177,0.23802,0.000354,0.761449
ATAAACGGACCCGTAA-1,0.000035,0.270914,0.204277,0.524774
ATAAACGTTGCACCAC-1,0.000047,0.181078,0.095759,0.723117
ATAAAGGCTCGGTCGT-1,0.000216,0.418774,0.000431,0.580579
ATAACGGAGTCCAACG-1,0.00029,0.264762,0.138066,0.596881
ATAACGTTACCTCCAC-1,0.00004,0.360867,0.000081,0.639012
ATAAGCAAACACCGAG-1,0.000159,0.308176,0.349978,0.341687
ATAAGGTGGAGAACAT-1,0.000034,0.451503,0.000067,0.548396
ATAAGTACCCGATTGT-1,0.000045,0.552822,0.000091,0.447042
ATAAGTAGGATTCAGA-1,0.002084,0.353081,0.004168,0.640668
ATAAGTTACCGCGACG-1,0.000039,0.608636,0.000078,0.391246
ATAATACCGTTAGCCG-1,0.00003,0.012045,0.340523,0.647402
ATAATAGCTGTTGAAT-1,0.000043,0.487426,0.000087,0.512444
ATAATAGTGTAGGGAC-1,0.00003,0.074193,0.010036,0.91574
ATAATCTTGGAGAACC-1,0.001064,0.004257,0.512471,0.482209
ATAATTAGCTAAGTAG-1,0.000016,0.65659,0.000865,0.342529
ATACAGGCCCTCCAAT-1,0.000362,0.365226,0.000725,0.633687
ATACCAGGCTAATAGA-1,0.00007,0.03001,0.207999,0.761922
ATACCGTCATCCATAA-1,0.00003,0.000119,0.866491,0.133361
ATACCTAACCAAGAAA-1,0.000578,0.396871,0.001156,0.601395
ATACGGAACGTCGTTT-1,0.000052,0.158676,0.000103,0.841169
ATACGGGTTTCGATTG-1,0.000201,0.520723,0.000403,0.478673
ATACGTACTTAGCCAC-1,0.000369,0.709231,0.000738,0.289661
ATACGTCCACTCCTGT-1,0.000081,0.831983,0.000162,0.167774
ATACGTTATGCACGGA-1,0.000078,0.128144,0.000156,0.871622
ATACTACCCGTACCAC-1,0.000046,0.078858,0.298242,0.622854
ATACTAGCATGACCCT-1,0.000024,0.90011,0.000048,0.099819
ATACTCTCGCCACTCT-1,0.000074,0.000297,0.000148,0.999481
ATACTGCCTTACACCG-1,0.000769,0.003078,0.700006,0.296147
ATACTTGTTCTCGAGC-1,0.000094,0.405442,0.000189,0.594275
ATAGACAACGGGACCT-1,0.000352,0.2325,0.000704,0.766443
ATAGACGAAGAGAAAG-1,0.000032,0.393385,0.000064,0.606518
ATAGAGTACTGGGACA-1,0.000008,0.934342,0.000016,0.065634
ATAGAGTTATCAACTT-1,0.000676,0.002703,0.001352,0.995269
ATAGCAACTAGGGAAG-1,0.000026,0.060315,0.310236,0.629423
ATAGCCTCAGTACCCA-1,0.000046,0.150685,0.004392,0.844878
ATAGCTGCTCTTGTTA-1,0.000029,0.168181,0.260225,0.571565
ATAGGCGGCTATAGAA-1,0.000093,0.244959,0.000185,0.754763
ATAGGCTAGCTTCGCA-1,0.003227,0.317943,0.66915,0.009681
ATAGGGATATCCTTGA-1,0.000042,0.56977,0.000085,0.430103
ATAGGTTGGGCAGATG-1,0.000085,0.649109,0.00017,0.350636
ATAGTCTTTGACGTGC-1,0.00011,0.00044,0.00022,0.999231
ATATAAAGCGCTCGTG-1,0.000581,0.650972,0.001163,0.347284
ATATAAATGTAGCTGC-1,0.002704,0.010815,0.005407,0.981075
ATATAACACGGGCGCA-1,0.000058,0.000231,0.000116,0.999595
ATATACATGTATGGTA-1,0.000962,0.277984,0.001924,0.71913
ATATACGCTCGTGACG-1,0.000076,0.058185,0.006541,0.935197
ATATAGAGTATTGGTC-1,0.000758,0.222936,0.001516,0.77479
ATATCAATTCCAGCCT-1,0.000192,0.295727,0.000385,0.703696
ATATCGTTCCTCGAAC-1,0.00003,0.153101,0.393742,0.453126
ATATCTCCCTCGTTAA-1,0.000362,0.503378,0.000725,0.495535
ATATGGGATAGCAACT-1,0.000053,0.591683,0.148107,0.260157
ATATGTGCACAAACCA-1,0.000059,0.505505,0.316493,0.177943
ATATTATCCCGTATTT-1,0.000031,0.282551,0.270554,0.446864
ATATTCAGTTAAACCT-1,0.000049,0.427479,0.002458,0.570015
ATATTCCACATAGTGA-1,0.000023,0.805582,0.010356,0.184038
ATATTCCCACAGGTCA-1,0.000051,0.344716,0.034685,0.620549
ATATTGCTGTCAAAGT-1,0.000013,0.677102,0.006762,0.316122
ATATTGGAGAGGCCTT-1,0.000035,0.197972,0.156895,0.645098
ATATTTAACCCTCAAG-1,0.000059,0.343039,0.000118,0.656784
ATCAAACACTGTTCCA-1,0.000245,0.364204,0.000489,0.635062
ATCAAACGAAGGTTTG-1,0.000128,0.223359,0.00541,0.771103
ATCAATGCCGTGGCTG-1,0.000592,0.448756,0.044358,0.506294
ATCACATTAGAATATC-1,0.000169,0.787376,0.000338,0.212117
ATCACGTGCTAATTAA-1,0.000018,0.856793,0.041597,0.101592
ATCACTTCATCCTCGC-1,0.000048,0.800459,0.000095,0.199398
ATCAGACGGCACGCCG-1,0.000046,0.560366,0.046182,0.393407
ATCAGCCTCATGCTGC-1,0.000036,0.327967,0.352464,0.319533
ATCAGCTCGTCCACTA-1,0.001064,0.242209,0.002128,0.754599
