Barcode,Topic 1,Topic 2,Topic 3,Topic 4,Topic 5,Topic 6,Topic 7to12
AAACAACGAATAGTTC-1,0.000208,0.000208,0.051329,0.037677,0.000208,0.000208,0.910163
AAACAAGTATCTCCCA-1,0.000053,0.000053,0.005592,0.000053,0.30925,0.035042,0.649958
AAACAATCTACTAGCA-1,0.000086,0.000086,0.268295,0.000086,0.000086,0.000086,0.731274
AAACAGCTTTCAGAAG-1,0.000116,0.000116,0.000116,0.000116,0.000116,0.096205,0.903215
AAACAGGGTCTATATT-1,0.00007,0.00007,0.00007,0.00007,0.00007,0.00007,0.999583
AAACATTTCCCGGATT-1,0.000098,0.000098,0.091155,0.000098,0.000098,0.002869,0.905585
AAACCCGAACGAAATC-1,0.000022,0.000022,0.000022,0.000022,0.000022,0.123484,0.876405
AAACCGGAAATGTTAA-1,0.000111,0.000111,0.000111,0.000111,0.018385,0.026064,0.955106
AAACCGGGTAGGTACC-1,0.000036,0.000036,0.006235,0.000036,0.000036,0.175021,0.818602
AAACCGTTCGTCCAGG-1,0.000082,0.000082,0.000082,0.000082,0.486032,0.128988,0.384652
AAACCTAAGCAGCCGG-1,0.000051,0.000051,0.038164,0.000051,0.000051,0.000051,0.961579
AAACCTCATGAAGTTG-1,0.000041,0.000041,0.000041,0.000041,0.000041,0.197096,0.802699
AAACGAAGAACATACC-1,0.000049,0.000049,0.029438,0.003242,0.006247,0.119222,0.841754
AAACGAGACGGTTGAT-1,0.000066,0.000066,0.000066,0.528797,0.024565,0.041156,0.405283
AAACGCTGGGCACGAC-1,0.000158,0.000158,0.181944,0.000158,0.019993,0.000158,0.797432
AAACGGGCGTACGGGT-1,0.000125,0.000125,0.000125,0.033126,0.07446,0.000125,0.891915
AAACGGGTTGGTATCC-1,0.000308,0.000308,0.000308,0.000308,0.000308,0.000308,0.998155
AAACGGTTGCGAACTG-1,0.00007,0.00007,0.390513,0.00007,0.00007,0.00007,0.609139
AAACGTGTTCGCCCTA-1,0.000015,0.000015,0.000015,0.671836,0.004288,0.000015,0.323814
AAACTCGGTTCGCAAT-1,0.00005,0.00005,0.019146,0.00005,0.00005,0.162631,0.818023
AAACTCGTGATATAAG-1,0.000048,0.000048,0.000048,0.000048,0.000048,0.046379,0.953383
AAACTGCTGGCTCCAA-1,0.000039,0.000039,0.055607,0.000039,0.000039,0.04468,0.899556
AAACTTGCAAACGTAT-1,0.000064,0.000064,0.000064,0.000064,0.000064,0.019196,0.980482
AAAGAATGTGGACTAA-1,0.000061,0.000061,0.36273,0.01067,0.165334,0.000061,0.461081
AAAGACCCAAGTCGCG-1,0.000204,0.000204,0.039286,0.000204,0.030111,0.099521,0.830469
AAAGACTGGGCGCTTT-1,0.000064,0.000064,0.037034,0.000064,0.041442,0.000064,0.92127
AAAGCTTGCCTACATA-1,0.000035,0.000035,0.000035,0.000035,0.000035,0.000688,0.999135
AAAGGGATGTAGCAAG-1,0.000054,0.000054,0.021918,0.000054,0.000054,0.000054,0.977812
AAAGGGCAGCTTGAAT-1,0.000045,0.000045,0.000045,0.000045,0.044231,0.130074,0.825517
AAAGTAGCATTGCTCA-1,0.000116,0.000116,0.000116,0.000116,0.000116,0.251304,0.748116
AAAGTCACTGATGTAA-1,0.000116,0.000116,0.072414,0.000116,0.000116,0.11452,0.812602
AAAGTCGACCCTCAGT-1,0.000042,0.000042,0.000042,0.000042,0.005612,0.024061,0.970159
AAAGTGCCATCAATTA-1,0.000317,0.000317,0.033573,0.000317,0.000317,0.023249,0.94191
AAAGTGTGATTTATCT-1,0.000072,0.000072,0.001286,0.000072,0.002392,0.035527,0.96058
AAAGTTGACTCCCGTA-1,0.000055,0.000055,0.047721,0.014384,0.000055,0.090325,0.847404
AAATAAGGTAGTGCCC-1,0.000028,0.000028,0.000028,0.000028,0.000028,0.193158,0.806703
AAATACCTATAAGCAT-1,0.000045,0.000045,0.000045,0.000056,0.000045,0.032552,0.967211
AAATAGCTTAGACTTT-1,0.000032,0.000032,0.000032,0.034081,0.000032,0.273013,0.69278
AAATAGGGTGCTATTG-1,0.000051,0.000051,0.000051,0.000051,0.000051,0.034154,0.96559
AAATCCGATACACGCC-1,0.000036,0.000036,0.065446,0.000036,0.00662,0.040945,0.886881
AAATCTAGCCCTGCTA-1,0.000048,0.000048,0.000048,0.000048,0.094766,0.066286,0.838758
AAATGATTCGATCAGC-1,0.000043,0.000043,0.000043,0.011738,0.000043,0.106279,0.881811
AAATGCTCGTTACGTT-1,0.000048,0.000048,0.032129,0.000048,0.000048,0.138751,0.828927
AAATGGCATGTCTTGT-1,0.000133,0.000133,0.14377,0.000133,0.000133,0.06373,0.791967
AAATGGCCCGTGCCCT-1,0.00006,0.00006,0.00006,0.00006,0.011366,0.062307,0.926088
AAATGGTCAATGTGCC-1,0.00005,0.00005,0.023089,0.00005,0.052797,0.060453,0.863511
AAATGTATCTTATCCC-1,0.000079,0.000079,0.000079,0.000079,0.000079,0.013283,0.986321
AAATGTGGGTGCTCCT-1,0.000078,0.000078,0.000078,0.000078,0.000078,0.000078,0.999531
AAATTAACGGGTAGCT-1,0.000069,0.000069,0.000069,0.276298,0.000069,0.023511,0.699914
AAATTAATAAGCGCGA-1,0.000201,0.000201,0.000201,0.000201,0.000201,0.000201,0.998795
AAATTACCTATCGATG-1,0.000053,0.000053,0.023527,0.033071,0.000053,0.000053,0.943188
AAATTCCAGGTCCAAA-1,0.000031,0.000031,0.000031,0.000031,0.000031,0.121645,0.878202
AAATTGATAGTCCTTT-1,0.000109,0.000109,0.000109,0.566917,0.029192,0.060063,0.343501
AAATTGCGGCGGTTCT-1,0.000253,0.000253,0.000253,0.000253,0.000253,0.000253,0.99848
AAATTGGTGAGAAGCA-1,0.000028,0.000028,0.018537,0.162996,0.000028,0.081821,0.736563
AAATTTGCGGGTGTGG-1,0.000174,0.000174,0.000174,0.000174,0.000174,0.000174,0.998956
AACAACTGGTAGTTGC-1,0.000034,0.000034,0.000034,0.000034,0.003714,0.111143,0.885007
AACAATTACTCTACGC-1,0.000025,0.000025,0.000025,0.00529,0.000025,0.364389,0.630223
AACACACGCTCGCCGC-1,0.00002,0.00002,0.00002,0.00002,0.00002,0.166368,0.833533
AACACGACTGTACTGA-1,0.000099,0.000099,0.000099,0.000099,0.010609,0.000099,0.988895
AACACGAGACGCGGCC-1,0.000092,0.000092,0.000092,0.000092,0.020678,0.000092,0.978861
AACACGCGGCCGCGAA-1,0.000101,0.000101,0.116927,0.005169,0.148077,0.000101,0.729524
AACAGGAAATCGAATA-1,0.000092,0.000092,0.000092,0.000092,0.000092,0.048474,0.951065
AACAGGATGGGCCGCG-1,0.000012,0.000012,0.000012,0.000012,0.000012,0.367397,0.632542
AACAGGTAGTATGGAT-1,0.000038,0.000038,0.043275,0.000038,0.000038,0.173169,0.783404
AACATATCAACTGGTG-1,0.000045,0.000045,0.000045,0.000116,0.012971,0.025756,0.961022
AACATCGATACGTCTA-1,0.000025,0.000025,0.031059,0.027777,0.000025,0.361364,0.579724
AACATTGGTCAGCCGT-1,0.000152,0.000152,0.638716,0.000152,0.000152,0.000152,0.360523
AACCAAGACTTCTCTG-1,0.000027,0.000027,0.000027,0.005187,0.011331,0.428193,0.555208
AACCATGGGATCGCTA-1,0.00005,0.00005,0.010983,0.00005,0.04919,0.25324,0.686439
AACCCAGAGACGGAGA-1,0.000035,0.000035,0.000035,0.000035,0.01622,0.190167,0.793471
AACCCATCCCATGATC-1,0.000166,0.000166,0.000166,0.066852,0.000166,0.129151,0.803333
AACCCGAGCAGAATCG-1,0.00008,0.00008,0.098285,0.00008,0.02733,0.377537,0.496607
AACCCTACTGTCAATA-1,0.000046,0.000046,0.000046,0.000046,0.000046,0.054658,0.945111
AACCCTGGTGGAACCA-1,0.000061,0.000061,0.12633,0.000061,0.000061,0.000061,0.873364
AACCGAGCTTGGTCAT-1,0.000059,0.000059,0.020031,0.00016,0.024457,0.000059,0.955175
AACCGCTAAGGGATGC-1,0.000064,0.000064,0.000064,0.000064,0.02725,0.000064,0.972428
AACCGTTGTGTTTGCT-1,0.000119,0.000119,0.000119,0.000119,0.220113,0.000119,0.779295
AACCTCGCTTTAGCCC-1,0.000073,0.000073,0.024848,0.000073,0.008042,0.000073,0.966819
AACCTGTCACGGAATT-1,0.000037,0.000037,0.000037,0.000037,0.002218,0.029986,0.967647
AACCTTTAAATACGGT-1,0.000037,0.000037,0.011934,0.000037,0.000037,0.06795,0.919967
AACCTTTACGACGTCT-1,0.000342,0.000342,0.000342,0.068422,0.039697,0.227338,0.663518
AACGACCTCCTAGCCG-1,0.000332,0.000332,0.175284,0.000332,0.000332,0.000332,0.823055
AACGATAATGCCGTAG-1,0.000024,0.000024,0.028917,0.000024,0.000024,0.242476,0.728512
AACGATAGAAGGGCCG-1,0.000126,0.000126,0.027793,0.000126,0.077251,0.000126,0.894454
AACGCATGATCTGGGT-1,0.000044,0.000044,0.000044,0.000044,0.000044,0.119592,0.880187
AACGCGAACGGCAACA-1,0.000085,0.000085,0.012474,0.000085,0.000085,0.03976,0.947425
AACGCGGTCTCCAGCC-1,0.000218,0.000218,0.339779,0.000218,0.000218,0.000218,0.659133
AACGCTGTTGCTGAAA-1,0.000033,0.000033,0.137518,0.020755,0.000033,0.084585,0.757043
AACGGACGTACGTATA-1,0.000031,0.000031,0.016303,0.000031,0.000031,0.005243,0.978329
AACGGCCATCTCCGGT-1,0.000051,0.000051,0.000051,0.000051,0.000051,0.000051,0.999693
AACGTACTGTGGGTAC-1,0.000086,0.000086,0.000086,0.034231,0.000086,0.006275,0.959149
AACGTAGTCTACCCAT-1,0.00011,0.00011,0.351096,0.00011,0.00011,0.00011,0.648356
AACGTCAGACTAGTGG-1,0.000058,0.000058,0.000058,0.000058,0.010746,0.236379,0.752643
AACGTCGCTGCACTTC-1,0.00019,0.00019,0.00019,0.00019,0.00019,0.00019,0.998858
AACGTGCGAAAGTCTC-1,0.000031,0.000031,0.028531,0.047068,0.038008,0.067855,0.818476
AACGTTATCAGCACCT-1,0.000101,0.000101,0.000101,0.000101,0.000101,0.000101,0.999392
AACTACCCGTTTGTCA-1,0.000052,0.000052,0.000052,0.000052,0.000052,0.077433,0.922306
AACTAGCGTATCGCAC-1,0.000202,0.000202,0.50487,0.000202,0.000202,0.000202,0.494119
AACTAGGCTTGGGTGT-1,0.00009,0.00009,0.623576,0.00009,0.00009,0.00009,0.375974
AACTCAAGTTAATTGC-1,0.000023,0.000023,0.000023,0.000759,0.000023,0.163066,0.836083
AACTCCAGAGCGTGTT-1,0.000159,0.000159,0.119427,0.000159,0.000159,0.000159,0.879777
AACTCGATAAACACGT-1,0.000059,0.000059,0.458225,0.000059,0.000059,0.252256,0.289285
AACTCGATGGCGCAGT-1,0.00003,0.00003,0.00003,0.00003,0.00003,0.269205,0.730645
AACTCTCAATAGAGCG-1,0.000059,0.000059,0.000059,0.037035,0.000059,0.000059,0.962671
AACTCTCAGTGTGCTC-1,0.000104,0.000104,0.000104,0.116909,0.0226,0.009921,0.850258
AACTGAGTTATACTGA-1,0.000045,0.000045,0.022328,0.000045,0.000045,0.139016,0.838474
AACTGATATTAGGCCT-1,0.00006,0.00006,0.00006,0.00006,0.00006,0.058851,0.940847
AACTGGGTCCCGACGT-1,0.000031,0.000031,0.000031,0.000031,0.000031,0.148875,0.850971
AACTGGTGTGGGCCTT-1,0.000305,0.000305,0.000305,0.000305,0.000305,0.000305,0.998168
AACTTCTGCGTCTATC-1,0.000035,0.000035,0.000035,0.000035,0.000035,0.215394,0.784429
AACTTGCCCGTATGCA-1,0.000031,0.000031,0.000031,0.000031,0.045535,0.436732,0.517608
AACTTGCGTTCTCGCG-1,0.000083,0.000083,0.000083,0.000083,0.096912,0.038505,0.86425
AACTTTACGGGAGCTT-1,0.000083,0.000083,0.000083,0.043221,0.000083,0.054397,0.90205
AACTTTAGCTGCTGAG-1,0.000405,0.000405,0.013173,0.000405,0.000405,0.000405,0.984804
AACTTTCTCGATCATG-1,0.000042,0.000042,0.000042,0.000042,0.000042,0.000803,0.998986
AAGAAATCACCAGATT-1,0.000032,0.000032,0.000032,0.000032,0.000032,0.030131,0.969708
AAGAAGGATCAGTTAG-1,0.000048,0.000048,0.035553,0.000048,0.183697,0.203873,0.576732
AAGACATACGTGGTTT-1,0.000147,0.000147,0.462404,0.008615,0.000147,0.000147,0.528392
AAGACTAACCCGTTGT-1,0.000154,0.000154,0.622574,0.000154,0.000154,0.000154,0.376656
AAGACTGCAAGCTACT-1,0.00009,0.00009,0.011246,0.121757,0.054866,0.119337,0.692614
AAGAGATGAATCGGTA-1,0.000061,0.000061,0.000061,0.000061,0.000061,0.161496,0.838198
AAGAGCTCTTTATCGG-1,0.000014,0.000014,0.000014,0.305223,0.000015,0.000014,0.694705
AAGAGGATGTACGCGA-1,0.00004,0.00004,0.00004,0.00004,0.038756,0.124034,0.837049
AAGAGGCATGGATCGC-1,0.000102,0.000102,0.000102,0.324209,0.000102,0.000102,0.675281
AAGAGGCCCTTTGGAA-1,0.000146,0.000146,0.133281,0.000146,0.008495,0.083159,0.774625
AAGATTGGCGGAACGT-1,0.000042,0.000042,0.000042,0.007086,0.69607,0.000042,0.296677
AAGCACCCTGCGTATC-1,0.000043,0.000043,0.018348,0.000043,0.000043,0.035511,0.945967
AAGCATACTCTCCTGA-1,0.000075,0.000075,0.000075,0.000075,0.000075,0.000075,0.999548
AAGCCGAAGCGGTTTA-1,0.000038,0.000038,0.000038,0.000039,0.000038,0.209512,0.790296
AAGCCGCTTTACCTTG-1,0.000042,0.000042,0.000042,0.000042,0.000042,0.005031,0.99476
AAGCCGGAGAGCAGGA-1,0.000271,0.000271,0.000271,0.000271,0.000271,0.115334,0.883313
AAGCGCAGGGCTTTGA-1,0.000017,0.000017,0.000017,0.001479,0.000017,0.809202,0.189252
AAGCTAGATCGAGTAA-1,0.000044,0.000044,0.000044,0.000044,0.000044,0.162823,0.836958
AAGCTCGTGCCAAGTC-1,0.000065,0.000065,0.000065,0.016908,0.162956,0.066459,0.753481
AAGCTCTTTCATGGTG-1,0.000048,0.000048,0.000048,0.001745,0.000048,0.010919,0.987146
AAGGAGAACTTATAAG-1,0.000027,0.000027,0.059721,0.003053,0.001454,0.130538,0.805179
AAGGAGCGGTTGGTGC-1,0.000072,0.000072,0.000072,0.000072,0.325466,0.088338,0.585908
AAGGATCGATCGCTTG-1,0.000041,0.000041,0.000041,0.000041,0.075072,0.01151,0.913254
AAGGATGAGGGACCTC-1,0.000061,0.000061,0.000061,0.035766,0.000061,0.000061,0.96393
AAGGCAGGCTGTCTCC-1,0.000032,0.000032,0.000032,0.000032,0.077679,0.125937,0.796256
AAGGCGCGTAAAGCTT-1,0.000042,0.000042,0.059867,0.000042,0.000042,0.465619,0.474348
AAGGCTGTGCTCATCG-1,0.00007,0.00007,0.00007,0.00007,0.00007,0.031991,0.967658
AAGGGACAGATTCTGT-1,0.000071,0.000071,0.015106,0.000071,0.000071,0.000071,0.984541
AAGGTGATAAACCAGC-1,0.000051,0.000051,0.000051,0.000051,0.000051,0.000051,0.999695
AAGTAAGCTTCCAAAC-1,0.000026,0.000026,0.823831,0.000026,0.000026,0.030249,0.145817
AAGTAGAAGACCGGGT-1,0.000035,0.000035,0.035575,0.000035,0.000035,0.030267,0.934016
AAGTAGTGACGCGAGG-1,0.000029,0.000029,0.000029,0.000029,0.000029,0.552688,0.447169
AAGTCAATTGTCGTCA-1,0.000021,0.000021,0.002757,0.000021,0.000021,0.810201,0.18696
AAGTCTAGTAGCTGCC-1,0.000028,0.000028,0.000028,0.000028,0.000028,0.000451,0.999407
AAGTCTTCTGTGGCCT-1,0.000187,0.000187,0.114869,0.000187,0.000187,0.000187,0.884197
AAGTGACGACCGAATT-1,0.000069,0.000069,0.000069,0.000069,0.002249,0.091224,0.90625
AAGTGCAAAGGTAGAC-1,0.00009,0.00009,0.128776,0.00009,0.00009,0.120295,0.750567
AAGTGCCTTGACTGTA-1,0.000057,0.000057,0.010094,0.007229,0.000057,0.151741,0.830765
AAGTGCGTTAGAATCT-1,0.000085,0.000085,0.000085,0.000085,0.000085,0.070552,0.929024
AAGTGTTTGGAGACGG-1,0.000036,0.000036,0.025608,0.000036,0.000036,0.099874,0.874374
AAGTTCACTCCAAGCT-1,0.000112,0.000112,0.000112,0.000112,0.000112,0.000112,0.999328
AAGTTCAGTCTGCGTA-1,0.000042,0.000042,0.000042,0.000042,0.000042,0.108098,0.89169
AAGTTCGGCCAACAGG-1,0.000054,0.000054,0.000054,0.000054,0.000054,0.178135,0.821596
AAGTTGTGATGTTATA-1,0.000216,0.000216,0.000216,0.000216,0.000216,0.000216,0.998705
AAGTTTACTAATGGCA-1,0.000103,0.000103,0.000103,0.021433,0.000103,0.103067,0.875088
AAGTTTATGGGCCCAA-1,0.000091,0.000091,0.000091,0.000091,0.000091,0.000153,0.999394
AATAACAACGCTCGGC-1,0.000008,0.000008,0.000008,0.000008,0.000008,0.754433,0.245525
AATAACACTAGAACAA-1,0.000035,0.000035,0.000035,0.002492,0.00368,0.299522,0.694201
AATAAGTCCTCGAGAC-1,0.000052,0.000052,0.100113,0.000052,0.000052,0.226709,0.672968
AATAATCTTCGTATCG-1,0.000121,0.000121,0.000121,0.000121,0.09174,0.128711,0.779064
AATACAATGTTTCAGG-1,0.000016,0.000016,0.000016,0.000016,0.115786,0.355451,0.5287
AATACCTGATGTGAAC-1,0.000042,0.000042,0.002829,0.000042,0.107946,0.022527,0.866572
AATAGAATCTGTTTCA-1,0.000115,0.000115,0.037653,0.000115,0.085448,0.000115,0.876438
AATAGCTACCGCGTGC-1,0.000018,0.000018,0.000018,0.000018,0.000018,0.582294,0.417614
AATAGTCGCGAGTCGG-1,0.000151,0.000151,0.000151,0.000151,0.000151,0.000151,0.999093
AATATCAAGGTCGGAT-1,0.000122,0.000122,0.052833,0.000122,0.000122,0.042947,0.903733
AATATCCTAGCAAACT-1,0.000042,0.000042,0.894693,0.000042,0.000042,0.0012,0.103939
AATATCGAATCAATGC-1,0.000015,0.000015,0.000015,0.000015,0.001899,0.242261,0.755782
AATATCGAGGGTTCTC-1,0.000059,0.000059,0.152536,0.000059,0.000059,0.000059,0.84717
AATATTGGAGTATTGA-1,0.000047,0.000047,0.000047,0.028057,0.018292,0.115233,0.838276
AATCAGACTGCAGGAC-1,0.000331,0.000331,0.000331,0.000331,0.000331,0.000331,0.998016
AATCATGTAAAGACTC-1,0.000063,0.000063,0.000063,0.000063,0.000063,0.099601,0.900084
AATCCAAGGGCCTGAG-1,0.000154,0.000154,0.219621,0.000154,0.000154,0.000154,0.77961
AATCCATGCAAGGGTG-1,0.000168,0.000168,0.000168,0.000168,0.000168,0.054534,0.944625
AATCGCCTCAGCGCCA-1,0.000038,0.000038,0.006183,0.67795,0.114116,0.000038,0.201638
AATCGCGCAGAGGACT-1,0.000016,0.000016,0.000016,0.000016,0.000016,0.662606,0.337313
AATCGGGACACTACGA-1,0.000091,0.000091,0.000218,0.000091,0.000091,0.000091,0.999328
AATCGGTATAGCCCTC-1,0.000233,0.000233,0.000233,0.014567,0.072571,0.000233,0.911931
AATCGTGAGCCGAGCA-1,0.000108,0.000108,0.039245,0.000108,0.000108,0.035878,0.924444
AATCTAGGTTTACTTG-1,0.000074,0.000074,0.000074,0.000074,0.034491,0.038928,0.926285
AATCTATGCCGGAGCC-1,0.000051,0.000051,0.000051,0.000051,0.000051,0.000051,0.999694
AATCTCTACTGTGGTT-1,0.000067,0.000067,0.000067,0.000067,0.016786,0.03523,0.947718
AATCTGCGTTGGGACG-1,0.000065,0.000065,0.000065,0.000065,0.044741,0.010429,0.944572
AATCTGGCTTTCTAGT-1,0.000051,0.000051,0.013176,0.018129,0.000051,0.106332,0.862208
AATGACAGCAATGTCT-1,0.000156,0.000156,0.000156,0.000156,0.000156,0.000156,0.999062
AATGACGTAGGATGTC-1,0.000064,0.000064,0.067105,0.000064,0.019854,0.009959,0.902892
AATGACTGTCAGCCGG-1,0.000059,0.000059,0.000059,0.008634,0.087258,0.145284,0.758647
AATGAGTTCGCATATG-1,0.000064,0.000065,0.000065,0.000065,0.053812,0.042877,0.903052
AATGATGATACGCTAT-1,0.000079,0.000079,0.000079,0.000079,0.004182,0.054089,0.941414
AATGATGCGACTCCTG-1,0.000049,0.000049,0.024754,0.000049,0.689912,0.019118,0.26607
AATGCAACCGGGTACC-1,0.000059,0.000059,0.000059,0.000059,0.059024,0.008381,0.932358
AATGCACCAAGCAATG-1,0.000142,0.000142,0.081917,0.000142,0.103322,0.000142,0.814193
AATGGTCCACCGTTCA-1,0.00006,0.00006,0.005212,0.00006,0.140037,0.00006,0.854511
AATGGTTCTCACAAGC-1,0.000223,0.000223,0.000223,0.000223,0.000223,0.211386,0.7875
AATGTTGTCGTGAGAC-1,0.00007,0.00007,0.974781,0.00007,0.013412,0.00007,0.011527
AATTAAAGGTCGGCGT-1,0.000048,0.000048,0.031573,0.000048,0.02969,0.068623,0.86997
AATTAACGGATTTCCA-1,0.000045,0.000045,0.01821,0.000045,0.000045,0.15757,0.82404
AATTACTCGTACGCTC-1,0.000374,0.000374,0.000374,0.000374,0.000374,0.000374,0.997758
AATTAGCGCTGCAGCG-1,0.000019,0.000019,0.013055,0.000019,0.265181,0.053235,0.668472
AATTCATAAGGGATCT-1,0.000063,0.000063,0.085708,0.000063,0.000063,0.000063,0.913977
AATTCCAACTTGGTGA-1,0.000111,0.000111,0.641043,0.000111,0.000111,0.000111,0.358404
AATTCCAAGCATGTAC-1,0.000228,0.000228,0.113451,0.000228,0.000228,0.000228,0.885407
AATTCGATTCGAGGAT-1,0.00005,0.00005,0.00005,0.002107,0.094992,0.058326,0.844424
AATTCTAGAGTTAGGC-1,0.000054,0.000054,0.000054,0.000054,0.004383,0.000054,0.995347
AATTGAACGCTCTGGT-1,0.000067,0.000067,0.000067,0.000067,0.000067,0.000067,0.999596
AATTGCAGCAATCGAC-1,0.000081,0.000081,0.604611,0.000081,0.000081,0.000081,0.394984
AATTGTGGTTGCCAAA-1,0.000382,0.000382,0.000382,0.000382,0.000382,0.000382,0.997706
AATTTGGTTCCAAAGA-1,0.000069,0.000069,0.068402,0.000069,0.000069,0.000069,0.931253
ACAAACCGACAAGGCG-1,0.000136,0.000136,0.103739,0.000136,0.000136,0.080734,0.814982
ACAAAGAAGGTAGGCC-1,0.000249,0.000249,0.000249,0.000249,0.000249,0.000249,0.998507
ACAAAGCATGACCTAG-1,0.000052,0.000052,0.104448,0.000052,0.022619,0.070563,0.802216
ACAAATCGCACCGAAT-1,0.000124,0.000124,0.000124,0.000124,0.000124,0.000124,0.999255
ACAAATGGTAGTGTTT-1,0.000056,0.000056,0.000056,0.117024,0.010947,0.000056,0.871805
ACAACGGTCCCTGCGA-1,0.000052,0.000052,0.000052,0.000052,0.028116,0.028189,0.943488
ACAAGCAGTGCCTAGC-1,0.000055,0.000055,0.000055,0.000055,0.034917,0.174169,0.790693
ACAAGCTATATGGAAG-1,0.000092,0.000092,0.430083,0.000092,0.000092,0.138394,0.431156
ACAAGGAAATCCGCCC-1,0.000104,0.000104,0.000104,0.000104,0.000104,0.086851,0.912631
ACAAGGACAAGAGGTT-1,0.000059,0.000059,0.000059,0.000059,0.031712,0.141804,0.826248
ACAAGGATGCTTTAGG-1,0.000439,0.000439,0.000439,0.091727,0.000439,0.000439,0.90608
ACAAGGGCAGGCTCTG-1,0.00005,0.00005,0.064796,0.028713,0.006619,0.093147,0.806625
ACAATAGTCGTACGTT-1,0.000131,0.000131,0.004386,0.000131,0.000131,0.000131,0.994961
ACAATCCATTTAAACC-1,0.000046,0.000046,0.020985,0.009136,0.007385,0.10964,0.852761
ACAATCGATCTTTATA-1,0.000028,0.000028,0.148685,0.000028,0.000028,0.019109,0.832095
ACAATTGTGTCTCTTT-1,0.000032,0.000032,0.030167,0.000032,0.686105,0.035587,0.248046
ACAATTTAGGAGGCTC-1,0.00007,0.00007,0.00007,0.043701,0.034347,0.085657,0.836084
ACAATTTGAGCAGTGG-1,0.000211,0.000211,0.000211,0.062096,0.000211,0.187065,0.749995
ACAATTTGGCCATATT-1,0.000041,0.000041,0.000041,0.047661,0.009734,0.133942,0.808541
ACACAAAGACGGGTGG-1,0.000093,0.000093,0.000093,0.000093,0.028033,0.000093,0.971504
ACACAAATATTCCTAG-1,0.00004,0.00004,0.012058,0.053333,0.00004,0.003774,0.930715
ACACACCAGGACCAGT-1,0.00005,0.00005,0.02033,0.010101,0.018696,0.028349,0.922424
ACACACTTTCTACACG-1,0.000096,0.000096,0.000096,0.000096,0.000096,0.000096,0.999423
ACACATTGACGCAACA-1,0.000098,0.000098,0.135444,0.000098,0.000098,0.120126,0.744038
ACACATTTCCGTAGAC-1,0.000062,0.000062,0.026835,0.000062,0.000062,0.059962,0.912954
ACACCACATAATTAGC-1,0.000023,0.000023,0.000023,0.00505,0.009379,0.019239,0.966261
ACACCCAGCATGCAGC-1,0.00004,0.00004,0.00004,0.00004,0.004843,0.137416,0.85758
ACACCCGAGAAATCCG-1,0.000065,0.000065,0.000065,0.000065,0.184418,0.080706,0.734615
ACACCGAGCGCTCTTT-1,0.000095,0.000095,0.000095,0.049252,0.000095,0.000095,0.950275
ACACCTTAAGTAGGGC-1,0.00008,0.00008,0.00008,0.00008,0.00008,0.276001,0.723601
ACACCTTACTACTTGC-1,0.00002,0.00002,0.00002,0.00002,0.000466,0.215975,0.783478
ACACGGCACTATGCAT-1,0.000034,0.000034,0.929612,0.000034,0.000034,0.028849,0.041404
ACACGTAGGCCACAAG-1,0.000099,0.000099,0.029268,0.000099,0.000099,0.088804,0.881534
ACACTCCAATGTCACT-1,0.000053,0.000053,0.000053,0.000053,0.000053,0.179556,0.82018
ACACTGGGACAGTCGT-1,0.000064,0.000064,0.036504,0.000064,0.081833,0.176901,0.70457
ACAGAACTGAGAACAA-1,0.000053,0.000053,0.000053,0.010824,0.000053,0.102735,0.88623
ACAGATTAGGTTAGTG-1,0.000055,0.000055,0.000055,0.008353,0.020828,0.058947,0.911708
ACAGCATAGAGCCAGT-1,0.000097,0.000097,0.123653,0.000097,0.000097,0.000097,0.875863
ACAGCGACATTCTCAT-1,0.000213,0.000213,0.196068,0.000213,0.000213,0.000213,0.802866
ACAGGAGGCGCAGCCG-1,0.000134,0.000134,0.454121,0.000134,0.000134,0.000134,0.545207
ACAGGCACGGATCCTT-1,0.00009,0.00009,0.00009,0.00009,0.001104,0.074924,0.923612
ACAGGCTTGCCCGACT-1,0.000053,0.000053,0.000053,0.000053,0.055749,0.067912,0.876126
ACAGGTGGAGGTGAGG-1,0.000056,0.000056,0.000056,0.000056,0.000056,0.209237,0.790483
ACAGGTGTGTTGTTGC-1,0.000216,0.000216,0.000216,0.000216,0.000216,0.000216,0.998705
ACAGTAATACAACTTG-1,0.000074,0.000074,0.000074,0.000074,0.000074,0.000074,0.999557
ACAGTATACCGTGGGA-1,0.000022,0.000022,0.067077,0.001368,0.000022,0.085441,0.846048
ACATAATAAGGCGGTG-1,0.000078,0.000078,0.160247,0.000078,0.417874,0.000078,0.421566
ACATCAGCTGGGACGC-1,0.000064,0.000064,0.000064,0.000064,0.000064,0.073764,0.925915
ACATCCTGGTAACTGT-1,0.000058,0.000058,0.000058,0.000058,0.000058,0.005468,0.994244
ACATCGGTCAGCCGCG-1,0.000055,0.000055,0.000055,0.000055,0.000055,0.006398,0.993328
ACATCGTATGCAATGG-1,0.000068,0.000068,0.000068,0.000068,0.000068,0.057956,0.941702
ACATCGTTAACCTAGT-1,0.000332,0.000332,0.000332,0.000332,0.000332,0.000332,0.998008
ACATCTCAACGCGTAA-1,0.00005,0.00005,0.294476,0.00005,0.00005,0.077128,0.628193
ACATGGCGCCAAAGTA-1,0.000047,0.000047,0.000047,0.000047,0.028695,0.09395,0.877169
ACATGGCTCAATTTAG-1,0.000089,0.000089,0.225001,0.026482,0.106429,0.038576,0.603334
ACATTAGTTTATATCC-1,0.000116,0.000116,0.000116,0.000116,0.062851,0.043993,0.892692
ACATTTGAAACCTAAC-1,0.000031,0.000031,0.000031,0.000031,0.062602,0.024288,0.912988
ACCAAACACCCAGCGA-1,0.000017,0.000017,0.013872,0.004785,0.000017,0.323531,0.657763
ACCAAACTAGAAATCC-1,0.000059,0.000059,0.074705,0.000059,0.161458,0.000059,0.763602
ACCAACACCACACACT-1,0.000023,0.000023,0.000023,0.000023,0.021447,0.388911,0.589548
ACCAACCGCACTCCAC-1,0.000061,0.000061,0.755462,0.000061,0.000061,0.000061,0.244233
ACCAAGAACGCGTGTC-1,0.000049,0.000049,0.106841,0.014039,0.000049,0.000049,0.878925
ACCAAGTCATCGGCAG-1,0.000166,0.000166,0.165575,0.000166,0.000166,0.000166,0.833594
ACCAATATGCAAGTTA-1,0.000094,0.000094,0.000094,0.000094,0.000094,0.000094,0.999436
ACCACAAGTTTCTATC-1,0.000047,0.000047,0.000047,0.004502,0.000047,0.023912,0.971398
ACCACACGGTTGATGG-1,0.00022,0.00022,0.00022,0.00022,0.172968,0.00022,0.825929
ACCACCAATGTAACAA-1,0.000036,0.000036,0.000036,0.024349,0.285557,0.074136,0.615849
ACCACCCTCTCTTCTA-1,0.000045,0.000045,0.000045,0.000045,0.000045,0.001082,0.998692
ACCACGTGCAGCTATA-1,0.000156,0.000156,0.136109,0.000156,0.000156,0.091649,0.771618
ACCACTGTTCAAGAAG-1,0.000129,0.000129,0.000129,0.000129,0.031767,0.000129,0.967587
ACCAGACCATAACAAC-1,0.000216,0.000216,0.000216,0.000216,0.000216,0.000216,0.998701
ACCAGCCCGGTCTTTG-1,0.000035,0.000035,0.006523,0.000035,0.000035,0.176223,0.817112
ACCAGGAGTGTGATCT-1,0.000075,0.000075,0.000075,0.000075,0.028867,0.00668,0.964155
ACCAGTGCGGGAGACG-1,0.000028,0.000028,0.000028,0.000028,0.000028,0.033643,0.966216
ACCATATCCGCAATAA-1,0.000076,0.000076,0.000076,0.000076,0.011913,0.081143,0.906639
ACCATCCGCCAACTAG-1,0.000086,0.000086,0.000086,0.000086,0.000086,0.045949,0.953623
ACCATCGTATATGGTA-1,0.000044,0.000044,0.021497,0.000044,0.000044,0.44106,0.537264
ACCATTAAGGGTGTCA-1,0.000152,0.000152,0.000152,0.000152,0.008225,0.064533,0.926633
ACCCAACGCCCGTGGC-1,0.000054,0.000054,0.039752,0.027019,0.000054,0.033082,0.899986
ACCCACCTACATGCTC-1,0.000052,0.000052,0.037979,0.000052,0.016146,0.177541,0.76818
ACCCATCTTGAGGGTA-1,0.000071,0.000071,0.000071,0.000071,0.000071,0.084373,0.915271
ACCCATTTGTCCCTCT-1,0.00021,0.00021,0.00021,0.00021,0.00021,0.00021,0.998737
ACCCGGAAACTCCCAG-1,0.000054,0.000054,0.339565,0.000054,0.000054,0.104242,0.555979
ACCCGGAGCACCACAA-1,0.000102,0.000102,0.000102,0.000102,0.069341,0.199515,0.730737
ACCCGGATGACGCATC-1,0.000059,0.000059,0.000059,0.002386,0.000059,0.289912,0.707468
ACCCGGTTACACTTCC-1,0.000092,0.000092,0.037812,0.000092,0.000092,0.002928,0.958893
ACCCGTAGTCTAGTTG-1,0.000305,0.000305,0.138757,0.000305,0.000305,0.000305,0.859717
ACCCTATAGGACTGAG-1,0.000029,0.000029,0.000684,0.000029,0.006774,0.360777,0.631678
ACCCTCCCGTCAGGGC-1,0.000063,0.000063,0.102954,0.000063,0.000063,0.012527,0.884268
ACCCTCCCTTGCTATT-1,0.000068,0.000068,0.734077,0.000068,0.000068,0.000068,0.265584
ACCCTGGTAACGCCCT-1,0.000037,0.000037,0.000037,0.000037,0.097643,0.095304,0.806904
ACCCTTCATCTGCGAA-1,0.000096,0.000096,0.000096,0.000096,0.000096,0.000096,0.999424
ACCCTTGCCTGGGTCG-1,0.000039,0.000039,0.000039,0.000039,0.000039,0.017319,0.982486
ACCGAAAGGGCCCTGC-1,0.00009,0.00009,0.00009,0.00009,0.059715,0.00009,0.939834
ACCGACACATCTCCCA-1,0.000093,0.000093,0.000093,0.000093,0.000093,0.112219,0.887318
ACCGACTGAGTCCCAC-1,0.000064,0.000064,0.000064,0.000064,0.064035,0.002503,0.933206
ACCGAGTCTCCTTATT-1,0.000026,0.000026,0.000026,0.000026,0.045033,0.296768,0.658095
ACCGATAGGCATAACC-1,0.000294,0.000294,0.000294,0.000294,0.000294,0.207337,0.791191
ACCGATATTTAATCAT-1,0.000102,0.000102,0.044581,0.000102,0.131841,0.139656,0.683615
ACCGATGGTAGCATCG-1,0.000076,0.000076,0.000076,0.025038,0.000076,0.000076,0.974581
ACCGCAATAACTGCCT-1,0.000014,0.000014,0.009167,0.007808,0.000014,0.114436,0.868546
ACCGCGGTGGAAGTCG-1,0.000032,0.000032,0.000032,0.000032,0.000032,0.026015,0.973825
ACCGGGCCTTTGTTGA-1,0.00003,0.00003,0.063912,0.00003,0.00003,0.194764,0.741205
ACCGTTCCCGCTCTGA-1,0.000131,0.000131,0.000131,0.000131,0.000131,0.000131,0.999216
ACCTAAGTACCTTTCA-1,0.000075,0.000075,0.039954,0.000075,0.000075,0.1634,0.796346
ACCTAATCGACTTCCT-1,0.000073,0.000073,0.000073,0.000073,0.000073,0.105166,0.894468
ACCTACAGTATGTGGT-1,0.000034,0.000034,0.000034,0.000034,0.041481,0.337866,0.620518
ACCTACTATAAATCTA-1,0.000218,0.000218,0.010877,0.000218,0.000218,0.126645,0.861607
ACCTCCGCCCTCGCTG-1,0.00002,0.00002,0.00002,0.007186,0.001443,0.825725,0.165586
ACCTCCGTTATTCACC-1,0.000029,0.000029,0.000029,0.000031,0.045219,0.210544,0.744119
ACCTGCGTGTCATGTT-1,0.000073,0.000073,0.000073,0.000073,0.000073,0.004494,0.995143
ACCTTTCCTTTAGAAG-1,0.00008,0.00008,0.00008,0.00008,0.00008,0.030713,0.968888
ACGAAATGGGCGGCAC-1,0.000057,0.000057,0.01234,0.000057,0.000057,0.121101,0.86633
ACGACCCATGAGTTGC-1,0.000256,0.000256,0.000256,0.000256,0.000256,0.188491,0.810227
ACGACTCTAGGGCCGA-1,0.000025,0.000025,0.000025,0.000025,0.008564,0.013186,0.978151
ACGAGAACCCATCACG-1,0.000185,0.000185,0.000185,0.000185,0.013724,0.000185,0.98535
ACGAGGATACCACTCT-1,0.000034,0.000034,0.000034,0.000034,0.000034,0.223764,0.776065
ACGAGTACGGATGCCC-1,0.000077,0.000077,0.047378,0.000077,0.000077,0.000077,0.952238
ACGAGTCGCCGGCGTT-1,0.000153,0.000153,0.000153,0.000153,0.000153,0.057212,0.942023
ACGATACCTATCCTGA-1,0.000229,0.000229,0.000229,0.000229,0.000229,0.000229,0.998626
ACGATCATACATAGAG-1,0.000028,0.000028,0.02748,0.001323,0.00614,0.01333,0.951671
ACGATCATCTTGTAAA-1,0.000048,0.000048,0.000048,0.009783,0.000048,0.126666,0.863359
ACGATGCATATGTTAT-1,0.000061,0.000061,0.013465,0.000061,0.000061,0.182011,0.804278
ACGATGGATCCGATGC-1,0.000034,0.000034,0.015252,0.017539,0.008992,0.119659,0.838489
ACGCAATCACTACAGC-1,0.000071,0.000071,0.000071,0.000071,0.000071,0.000071,0.999575
ACGCATACGTTTACTA-1,0.000054,0.000054,0.085791,0.000054,0.006009,0.141196,0.766841
ACGCATTCGTGAGTAC-1,0.000018,0.000018,0.000018,0.619024,0.000018,0.000018,0.380886
ACGCCACTCGAAACAG-1,0.000129,0.000129,0.000129,0.000129,0.000129,0.00013,0.999223
ACGCCAGATGATTTCT-1,0.000147,0.000147,0.000147,0.000147,0.039406,0.000147,0.959861
ACGCCAGTGCGTTTGC-1,0.000054,0.000054,0.152247,0.000054,0.473428,0.000054,0.374108
ACGCCCAGCTGTCGAT-1,0.000037,0.000037,0.000037,0.000037,0.000037,0.134709,0.865105
ACGCCGCTAGACGACC-1,0.000041,0.000041,0.096142,0.000041,0.000041,0.045778,0.857916
ACGCCTGACACGCGCT-1,0.00003,0.00003,0.130844,0.00003,0.00003,0.461307,0.407728
ACGCGCTACACAGGGT-1,0.000073,0.000073,0.000073,0.000073,0.070754,0.020062,0.90889
ACGCGGGCCAAGGACA-1,0.000024,0.000024,0.028626,0.460809,0.022541,0.086389,0.401586
ACGCGTTTCTTAAGAG-1,0.000117,0.000117,0.000117,0.000117,0.000117,0.056365,0.943051
ACGCTACTGAATGGGC-1,0.000192,0.000192,0.209658,0.000192,0.000192,0.000192,0.789384
ACGCTAGTGATACACT-1,0.000069,0.000069,0.000069,0.036236,0.000069,0.000069,0.963418
ACGCTGTGAGGCGTAG-1,0.000021,0.000021,0.002324,0.003995,0.006275,0.642707,0.344657
ACGGAACACGAGTGCC-1,0.000035,0.000035,0.034256,0.000035,0.055443,0.000035,0.910163
ACGGAATTTAGCAAAT-1,0.000035,0.000035,0.11659,0.000035,0.000035,0.111265,0.772007
ACGGACTCTCAAAGCG-1,0.000064,0.000064,0.003962,0.000064,0.000064,0.005047,0.990735
ACGGAGCGCAAATTAC-1,0.00004,0.00004,0.00004,0.005416,0.00004,0.079673,0.91475
ACGGATGGTGCGGATA-1,0.000057,0.000057,0.000057,0.000057,0.005093,0.028663,0.966016
ACGGCGACGATGGGAA-1,0.00012,0.00012,0.095138,0.00012,0.010819,0.00012,0.893563
ACGGCGGGTTGCCCTG-1,0.000119,0.000119,0.000119,0.000119,0.016653,0.000119,0.982751
ACGGGAGTGTCGGCCC-1,0.000062,0.000062,0.015812,0.000062,0.000062,0.014987,0.968951
ACGGGCGTATGCGACA-1,0.000025,0.000025,0.000025,0.000025,0.000025,0.010347,0.989529
ACGGGTCATGTGACTT-1,0.000113,0.000113,0.000113,0.000113,0.00827,0.053931,0.937347
ACGGTACAGTTCAATG-1,0.000029,0.000029,0.000029,0.000029,0.088891,0.060126,0.850867
ACGTACAGATTTCTCT-1,0.000105,0.000105,0.100666,0.000105,0.000105,0.000105,0.898807
ACGTAGATTGCTGATG-1,0.000113,0.000113,0.000619,0.041927,0.130744,0.042817,0.783666
ACGTAGGAGAGTCGCT-1,0.000251,0.000251,0.000251,0.000251,0.000251,0.000251,0.998494
ACGTATTACTCCGATC-1,0.000073,0.000073,0.126186,0.000073,0.000073,0.000073,0.873452
ACGTCCTAAACGAGAT-1,0.000032,0.000032,0.017984,0.000687,0.063457,0.036368,0.88144
ACGTCTCGTTCCGGGA-1,0.000297,0.000297,0.084141,0.000297,0.000297,0.000297,0.914376
ACGTGACAAAGTAAGT-1,0.00005,0.00005,0.026147,0.00005,0.00005,0.065571,0.908082
ACGTGCGCCTCGTGCA-1,0.000103,0.000103,0.033244,0.000103,0.000103,0.000103,0.966243
ACGTGGTCGAATGTGC-1,0.000158,0.000158,0.071786,0.000158,0.000158,0.000158,0.927424
ACGTTAATGTCGAAGA-1,0.000066,0.000066,0.064321,0.072102,0.097656,0.000066,0.765723
ACGTTAGATTTGCCCG-1,0.000049,0.000049,0.000049,0.000049,0.01689,0.096751,0.886162
ACGTTATTGGTCACTC-1,0.000024,0.000024,0.000024,0.000024,0.000024,0.771988,0.227893
ACGTTCCGCGCTCCGT-1,0.000096,0.000096,0.072058,0.000096,0.000096,0.000096,0.927463
ACGTTCGCAATCAATT-1,0.000021,0.000021,0.000021,0.013796,0.000021,0.257961,0.728159
ACGTTCTGTACAAGTC-1,0.000093,0.000093,0.520195,0.000093,0.000093,0.078509,0.400924
ACGTTTAGTTGTGATC-1,0.000037,0.000037,0.025055,0.000037,0.000037,0.060485,0.914314
ACGTTTCGGTGCACTT-1,0.000237,0.000237,0.238088,0.000237,0.000237,0.033993,0.726972
ACTACCAGCTCTCTGG-1,0.00005,0.00005,0.00005,0.00005,0.012652,0.598997,0.388151
ACTAGTTGCGATCGTC-1,0.00003,0.00003,0.00003,0.00003,0.012321,0.321183,0.666374
ACTATCCAGGGCATGG-1,0.000017,0.000017,0.000017,0.023446,0.000017,0.138935,0.837552
ACTATCGCCGGCTAAA-1,0.000157,0.000157,0.000157,0.000157,0.000157,0.134456,0.864757
ACTATCTGCCCGCGTA-1,0.000042,0.000042,0.013564,0.00878,0.000042,0.467755,0.509774
ACTATTCGTCCGTGGT-1,0.000168,0.000168,0.019866,0.000168,0.000168,0.000168,0.979292
ACTCAACGAATGTATT-1,0.000216,0.000216,0.171878,0.000216,0.000216,0.000216,0.827042
ACTCAAGTGCAAGGCT-1,0.000352,0.000352,0.000352,0.000352,0.000352,0.000352,0.99789
ACTCAATAAAGGCACG-1,0.000249,0.000249,0.038477,0.06816,0.04905,0.095992,0.747824
ACTCAGACCTGCTTCT-1,0.000091,0.000091,0.092025,0.000091,0.508336,0.000091,0.399277
ACTCCCATTCCTAAAG-1,0.000089,0.000089,0.000089,0.000089,0.000089,0.074781,0.924774
ACTCCCGAATTCGTTT-1,0.000075,0.000075,0.000075,0.000075,0.000075,0.000075,0.999549
ACTCCCGTAGACTAGG-1,0.000052,0.000052,0.000052,0.000052,0.000052,0.019984,0.979755
ACTCCCTAATGCTAAA-1,0.00007,0.00007,0.00007,0.00007,0.00007,0.050252,0.949399
ACTCCCTAGAATAGTA-1,0.000033,0.000033,0.004565,0.000033,0.000033,0.186518,0.808787
ACTCCGGCCGACCACT-1,0.000029,0.000029,0.000029,0.000029,0.000549,0.248333,0.751001
ACTCGATGTATTTCAT-1,0.000097,0.000097,0.000097,0.000097,0.107129,0.013214,0.879268
ACTCGCCGTTCGATAA-1,0.000117,0.000117,0.83291,0.000117,0.000117,0.000117,0.166507
ACTCGCGATCTGACGC-1,0.000054,0.000054,0.000054,0.000054,0.000054,0.186677,0.813052
ACTCGTAACCCGTCCT-1,0.000078,0.000078,0.000078,0.000078,0.000078,0.027775,0.971833
ACTCGTCAGTAATCCC-1,0.000015,0.000015,0.000015,0.787765,0.019009,0.017439,0.17574
ACTCTAAACCTGGGAT-1,0.00011,0.00011,0.00011,0.00011,0.00011,0.017597,0.981853
ACTCTCTGACTTAGGT-1,0.000055,0.000055,0.000055,0.071657,0.000055,0.014049,0.914072
ACTCTGACCTAATAGA-1,0.000128,0.000128,0.380395,0.000128,0.000128,0.034388,0.584705
ACTCTTCAGCTCCCGC-1,0.000043,0.000043,0.000043,0.000043,0.000043,0.00273,0.997056
ACTCTTGTATAGTAAC-1,0.000113,0.000113,0.000113,0.035082,0.054855,0.046039,0.863684
ACTGAAACGCCGTTAG-1,0.000092,0.000092,0.000092,0.005266,0.000092,0.006792,0.987573
ACTGAATGGCGAAAGT-1,0.000143,0.000143,0.0846,0.000143,0.000143,0.000143,0.914684
ACTGCCGTCGTAACTC-1,0.000239,0.000239,0.073162,0.000239,0.000239,0.000239,0.925641
ACTGCGGACACACCGT-1,0.000028,0.000028,0.000028,0.000028,0.030466,0.033062,0.936358
ACTGCTCGGAAGGATG-1,0.000028,0.000028,0.002531,0.000028,0.000028,0.463066,0.534289
ACTGTAGCACTTTGGA-1,0.000065,0.000065,0.000065,0.000065,0.005674,0.066628,0.927438
ACTGTATACGCGAGCA-1,0.000152,0.000152,0.000152,0.000152,0.000152,0.206004,0.793238
ACTGTCCAGGATTATA-1,0.000068,0.000068,0.000068,0.002944,0.000068,0.074754,0.922029
ACTGTCTTCTTTAGAA-1,0.000023,0.000023,0.000023,0.044358,0.02095,0.065422,0.8692
ACTGTGCTAGTAGATC-1,0.000078,0.000078,0.000078,0.000078,0.000078,0.073849,0.925762
ACTGTTTAGTGTAGGC-1,0.00012,0.00012,0.00012,0.00012,0.00012,0.004783,0.994616
ACTTACGCATCCACGC-1,0.000109,0.000109,0.000109,0.000109,0.001699,0.028573,0.969292
ACTTAGTACGACAAGA-1,0.000024,0.000024,0.000024,0.000024,0.000024,0.684901,0.314978
ACTTATACTTACCCGG-1,0.000027,0.000027,0.000027,0.000027,0.000882,0.061152,0.937857
ACTTATCTGATCTATA-1,0.000179,0.000179,0.042705,0.000179,0.000179,0.000179,0.956399
ACTTATTAGGATCGGT-1,0.000058,0.000058,0.000058,0.000058,0.000058,0.055303,0.944407
ACTTATTTATGTGCCA-1,0.000046,0.000046,0.053371,0.016357,0.000046,0.01955,0.910583
ACTTCAGGCTGATCCC-1,0.000078,0.000078,0.000078,0.000078,0.000078,0.006704,0.992904
ACTTCCATGCGGGACA-1,0.000163,0.000163,0.000163,0.045663,0.000163,0.000163,0.95352
ACTTCGCTAGCGAGTG-1,0.000047,0.000047,0.000047,0.000047,0.000047,0.018265,0.981502
ACTTGACTCCCTCTTT-1,0.000029,0.000029,0.024102,0.039513,0.000029,0.145595,0.790704
ACTTGCCATATTGTAC-1,0.000119,0.000119,0.000119,0.000119,0.000119,0.004143,0.995261
ACTTGGGACCCGGTGG-1,0.000056,0.000056,0.000056,0.000056,0.000056,0.085866,0.913856
ACTTGTAGTCCCTTCA-1,0.000173,0.000173,0.000173,0.000173,0.036653,0.174156,0.788501
ACTTGTGGATGGAACG-1,0.000006,0.000006,0.000006,0.00166,0.000006,0.98399,0.014327
ACTTTACCCTCATGAA-1,0.000027,0.000027,0.000027,0.01778,0.003221,0.257886,0.721033
ACTTTCCTATAGCTTC-1,0.000049,0.000049,0.000049,0.084119,0.051781,0.182864,0.681088
ACTTTGACTGCATCCT-1,0.000066,0.000066,0.000066,0.00969,0.039887,0.084692,0.865534
ACTTTGTCGACGCACT-1,0.000155,0.000155,0.000155,0.000155,0.168906,0.13867,0.691805
AGAAATTATGACTCGC-1,0.000031,0.000031,0.027258,0.000031,0.010423,0.425753,0.536474
AGAACCCAGCGTGACA-1,0.00004,0.00004,0.00004,0.00004,0.00004,0.361921,0.63788
AGAACTGTACTTTGTA-1,0.000105,0.000105,0.028498,0.000105,0.289289,0.011177,0.670719
AGAAGAGCGCCGTTCC-1,0.000809,0.000809,0.000809,0.000809,0.490883,0.000809,0.505071
AGAAGGTACACTTCAC-1,0.000079,0.000079,0.018572,0.000079,0.000079,0.07227,0.908842
AGAAGGTTGCCGAATT-1,0.000084,0.000084,0.000084,0.000084,0.000084,0.000084,0.999498
AGAAGGTTGTAGGTCG-1,0.000031,0.000031,0.000031,0.000031,0.000031,0.331664,0.668182
AGAAGTGATTCGTGAT-1,0.000108,0.000108,0.000108,0.000108,0.000108,0.103435,0.896024
AGAATAAATCTTCAGG-1,0.000046,0.000046,0.000046,0.000046,0.231276,0.079649,0.688889
AGAATTATGGATTCGA-1,0.000039,0.000039,0.000039,0.033015,0.000039,0.003993,0.962835
AGAATTGTTTGACATA-1,0.000076,0.000076,0.000076,0.000076,0.000076,0.000076,0.999545
AGACAGCTCAGAATCC-1,0.000118,0.000118,0.000118,0.000118,0.000118,0.000118,0.999292
AGACAGGCATCTCAGC-1,0.000096,0.000096,0.000096,0.000096,0.059102,0.108707,0.831806
AGACATAGATCCTTCC-1,0.000244,0.000244,0.263613,0.000244,0.000244,0.000244,0.735165
AGACCAAACCACACCT-1,0.000064,0.000064,0.000064,0.000064,0.000064,0.066466,0.933215
AGACCATGGGATACAA-1,0.000049,0.000049,0.028658,0.000049,0.000049,0.12435,0.846797
AGACCCACCGCTGATC-1,0.000041,0.000041,0.000041,0.000041,0.000041,0.000041,0.999755
AGACCCGCCCTCCTCG-1,0.000071,0.000071,0.000071,0.000071,0.019096,0.000071,0.980549
AGACCGCTCCGCGGTT-1,0.000052,0.000052,0.000052,0.000052,0.000052,0.182405,0.817334
AGACCGGGAAACCCTG-1,0.000073,0.000073,0.000073,0.010751,0.05443,0.014699,0.919902
AGACGAAGTGCCGGTC-1,0.000016,0.000016,0.000016,0.000016,0.99982,0.000016,0.000098
AGACGACGATGCCGCT-1,0.000059,0.000059,0.029597,0.038137,0.000059,0.011848,0.920239
AGACGCCCACTTCGCC-1,0.00003,0.00003,0.00003,0.00003,0.00003,0.931648,0.068202
AGACTAGCCTTCCAGA-1,0.000058,0.000058,0.031691,0.000058,0.015008,0.070633,0.882493
AGAGAACCGTCTAGGA-1,0.000037,0.000037,0.000037,0.000037,0.009853,0.040929,0.949071
AGAGATCTCTAAAGCG-1,0.000059,0.000059,0.020954,0.021775,0.000059,0.038721,0.918372
AGAGCAGTTATGAGAC-1,0.000094,0.000094,0.000094,0.000094,0.000094,0.100796,0.898732
AGAGCCGCCGAGATTT-1,0.000202,0.000202,0.000202,0.000202,0.000202,0.374839,0.62415
AGAGCGCTTGTAACGG-1,0.000034,0.000034,0.000034,0.000034,0.000034,0.028628,0.971204
AGAGCGGGCTAATCAT-1,0.000042,0.000042,0.000042,0.012171,0.018661,0.064385,0.904657
AGAGCGTACAAGCTCG-1,0.000064,0.000064,0.000064,0.006257,0.031069,0.168524,0.793958
AGAGCTACGAAAGCAT-1,0.00009,0.00009,0.00009,0.00009,0.015452,0.121667,0.862521
AGAGGCTTCGGAAACC-1,0.000055,0.000055,0.000055,0.000055,0.05454,0.075088,0.870154
AGAGGTATCTCGGTCC-1,0.000103,0.000103,0.000103,0.000103,0.000103,0.017596,0.981889
AGAGTAAACTTCACTA-1,0.000033,0.000033,0.000033,0.000033,0.053601,0.030109,0.916157
AGAGTATAGTGTTACG-1,0.000075,0.000075,0.00603,0.000075,0.016752,0.000342,0.976651
AGATAACTTCAGGGCC-1,0.00007,0.00007,0.00007,0.00007,0.00007,0.202911,0.796742
AGATACCAATAGAACC-1,0.000115,0.000115,0.274288,0.000115,0.000115,0.000115,0.725137
AGATACCAGCACTTCA-1,0.000041,0.000041,0.000041,0.06367,0.000041,0.061378,0.87479
AGATACCGGTGTTCAC-1,0.000104,0.000104,0.000104,0.000104,0.02932,0.000104,0.970161
AGATACGACTTCATAT-1,0.000046,0.000046,0.000046,0.000046,0.042626,0.317974,0.639215
AGATACTCAAGATCGA-1,0.000078,0.000078,0.000078,0.000078,0.000078,0.000078,0.99953
AGATATAATACGACTA-1,0.000058,0.000058,0.001009,0.000058,0.000058,0.096862,0.901899
AGATCGTGCATAAGAT-1,0.000048,0.000048,0.025713,0.000048,0.038469,0.043283,0.892391
AGATGACTCGCCCACG-1,0.000135,0.000135,0.382023,0.000135,0.000135,0.000135,0.617302
AGATGATGGAGTCTGG-1,0.000061,0.000061,0.000061,0.000061,0.243422,0.00637,0.749965
AGATGCATCCTGTGTC-1,0.000252,0.000252,0.000252,0.000252,0.000252,0.000252,0.998489
AGATGCTATAACGAGC-1,0.000144,0.000144,0.210528,0.000144,0.129639,0.000144,0.659255
