Barcode,Topic 1,Topic 2,Topic 3to8,Topic 9,Topic 10
AAACAACGAATAGTTC-1,0.000495,0.000495,0.8553,0.143215,0.000495
AAACAAGTATCTCCCA-1,0.000072,0.153061,0.843308,0.003487,0.000072
AAACACCAATAACTGC-1,0.000008,0.01275,0.987227,0.000008,0.000008
AAACAGAGCGACTCCT-1,0.000041,0.040858,0.959018,0.000041,0.000041
AAACAGCTTTCAGAAG-1,0.000087,0.000087,0.999652,0.000087,0.000087
AAACAGGGTCTATATT-1,0.000038,0.007612,0.836989,0.000038,0.155324
AAACATGGTGAGAGGA-1,0.000029,0.006889,0.855404,0.02681,0.110868
AAACATTTCCCGGATT-1,0.000794,0.000794,0.625593,0.372026,0.000794
AAACCACTACACAGAT-1,0.000038,0.03385,0.966035,0.000038,0.000038
AAACCCGAACGAAATC-1,0.000058,0.089751,0.903393,0.00674,0.000058
AAACCGGAAATGTTAA-1,0.000085,0.000085,0.999658,0.000085,0.000086
AAACCGGGTAGGTACC-1,0.000029,0.006262,0.950048,0.009848,0.033814
AAACCGTTCGTCCAGG-1,0.000041,0.108927,0.885673,0.005317,0.000041
AAACCTCATGAAGTTG-1,0.000077,0.013931,0.952671,0.000168,0.033152
AAACGAAGATGGAGTA-1,0.00003,0.00003,0.936574,0.00003,0.063336
AAACGACAGTCTTGCC-1,0.000068,0.01258,0.965705,0.000068,0.02158
AAACGAGACGGTTGAT-1,0.000095,0.000095,0.538464,0.461251,0.000095
AAACGCCCGAGATCGG-1,0.000039,0.043464,0.951659,0.004798,0.000039
AAACGGGCGTACGGGT-1,0.000467,0.000467,0.434371,0.564227,0.000467
AAACGGGTTGGTATCC-1,0.000209,0.000209,0.986988,0.012386,0.000209
AAACGTGTTCGCCCTA-1,0.000035,0.000035,0.902221,0.000035,0.097674
AAACTAACGTGGCGAC-1,0.000037,0.000037,0.999851,0.000037,0.000037
AAACTCGTGATATAAG-1,0.000045,0.02688,0.972985,0.000045,0.000045
AAACTTAATTGCACGC-1,0.000067,0.000067,0.999732,0.000067,0.000067
AAACTTGCAAACGTAT-1,0.000026,0.08751,0.855346,0.000026,0.057092
AAAGAATGACCTTAGA-1,0.000026,0.101315,0.883833,0.007395,0.007431
AAAGACATGAAGTTTA-1,0.000118,0.139115,0.860533,0.000118,0.000118
AAAGACTGGGCGCTTT-1,0.000005,0.000005,0.99963,0.000005,0.000356
AAAGCTTGCCTACATA-1,0.000481,0.145031,0.853526,0.000481,0.000481
AAAGGCCCTATAATAC-1,0.0001,0.0001,0.923281,0.0001,0.076419
AAAGGCTCTCGCGCCG-1,0.000047,0.044584,0.955276,0.000047,0.000047
AAAGGGCAGCTTGAAT-1,0.000035,0.000035,0.992268,0.007628,0.000035
AAAGGTAAGCTGTACC-1,0.000048,0.000048,0.999806,0.000048,0.000048
AAAGGTCAACGACATG-1,0.000275,0.000276,0.973448,0.000276,0.025725
AAAGTAGCATTGCTCA-1,0.000042,0.008019,0.991853,0.000042,0.000042
AAAGTCGACCCTCAGT-1,0.00006,0.015787,0.757662,0.22643,0.00006
AAAGTGCCATCAATTA-1,0.000267,0.000267,0.858057,0.141141,0.000267
AAAGTGTGATTTATCT-1,0.000556,0.000556,0.997777,0.000556,0.000556
AAAGTTGACTCCCGTA-1,0.000051,0.000051,0.988306,0.011542,0.000051
AAATAACCATACGGGA-1,0.000041,0.027319,0.913647,0.058952,0.000041
AAATAAGGTAGTGCCC-1,0.00002,0.032512,0.918892,0.048556,0.00002
AAATAGCTTAGACTTT-1,0.000012,0.000417,0.941865,0.052053,0.005653
AAATCACTCCTAAACG-1,0.00001,0.003022,0.996943,0.00001,0.000015
AAATCCGATACACGCC-1,0.000346,0.000346,0.80012,0.151158,0.04803
AAATCGCGGAAGGAGT-1,0.000025,0.001537,0.910773,0.000025,0.087639
AAATCTAGCCCTGCTA-1,0.000111,0.013514,0.978282,0.000111,0.007982
AAATGATTCGATCAGC-1,0.000047,0.006756,0.993102,0.000047,0.000047
AAATGCTCGTTACGTT-1,0.000364,0.000364,0.998545,0.000364,0.000364
AAATGGCCCGTGCCCT-1,0.00002,0.015365,0.984576,0.00002,0.00002
AAATGGTCAATGTGCC-1,0.000075,0.000075,0.623199,0.368878,0.007773
AAATGTATCTTATCCC-1,0.000952,0.000953,0.825424,0.171718,0.000953
AAATTAATAAGCGCGA-1,0.000136,0.000136,0.977781,0.021809,0.000136
AAATTACACGACTCTG-1,0.000046,0.01759,0.556702,0.425616,0.000046
AAATTACCTATCGATG-1,0.00005,0.083223,0.830788,0.085889,0.00005
AAATTCCAGGTCCAAA-1,0.00003,0.00003,0.997096,0.00003,0.002814
AAATTGATAGTCCTTT-1,0.000063,0.000063,0.963241,0.000063,0.036571
AAATTGCGGCGGTTCT-1,0.000472,0.000472,0.998113,0.000472,0.000472
AAATTGGTGAGAAGCA-1,0.000034,0.024185,0.971291,0.000034,0.004455
AAATTTACCGAAATCC-1,0.000057,0.000057,0.999771,0.000057,0.000057
AAATTTGCGGGTGTGG-1,0.000037,0.000054,0.970548,0.023282,0.00608
AACAACTGGTAGTTGC-1,0.000095,0.000095,0.710985,0.288731,0.000095
AACAATACATTGTCGA-1,0.000074,0.000074,0.989032,0.000074,0.010745
AACAATTACTCTACGC-1,0.000014,0.000014,0.998765,0.000014,0.001194
AACACACGCTCGCCGC-1,0.000251,0.000251,0.998997,0.000251,0.000251
AACACGAGACGCGGCC-1,0.000021,0.054542,0.943509,0.000021,0.001907
AACACGCGGCCGCGAA-1,0.00037,0.00037,0.805329,0.19356,0.00037
AACAGCTGTGTGGCAA-1,0.000041,0.000041,0.999837,0.000041,0.000041
AACAGGATGGGCCGCG-1,0.000011,0.000011,0.999955,0.000011,0.000011
AACAGGTAGTATGGAT-1,0.00102,0.001021,0.988683,0.008255,0.001021
AACATATCAACTGGTG-1,0.00003,0.170502,0.823606,0.00003,0.005831
AACATCGATACGTCTA-1,0.000049,0.046359,0.953494,0.000049,0.000049
AACATTGGTCAGCCGT-1,0.000094,0.000094,0.607329,0.000094,0.392388
AACCAAGACTTCTCTG-1,0.000005,0.000404,0.999582,0.000005,0.000005
AACCAGTATCACTCTT-1,0.000073,0.089287,0.829436,0.08113,0.000073
AACCATAGGGTTGAAC-1,0.000033,0.063809,0.936091,0.000033,0.000033
AACCATGGGATCGCTA-1,0.000351,0.000351,0.991012,0.000351,0.007935
AACCCAGAGACGGAGA-1,0.000055,0.000055,0.99978,0.000055,0.000055
AACCCATCCCATGATC-1,0.000045,0.094317,0.905546,0.000046,0.000046
AACCCGACAACCCGTG-1,0.000188,0.000188,0.985688,0.000188,0.013748
AACCCGAGCAGAATCG-1,0.000158,0.000158,0.793831,0.205694,0.000158
AACCCGATAGGGCTTC-1,0.000057,0.025466,0.959768,0.000057,0.014651
AACCCTACTGTCAATA-1,0.000015,0.016467,0.983488,0.000015,0.000015
AACCGCTAAGGGATGC-1,0.00021,0.00021,0.97001,0.00021,0.029361
AACCTGTCACGGAATT-1,0.000022,0.000022,0.999911,0.000022,0.000022
AACCTTTACGACGTCT-1,0.00006,0.103731,0.885105,0.00006,0.011045
AACGAAAGTCGTCCCA-1,0.000026,0.000026,0.995058,0.000026,0.004863
AACGATATGTCAACTG-1,0.000046,0.728663,0.186789,0.038657,0.045844
AACGCATGATCTGGGT-1,0.000056,0.090987,0.908844,0.000056,0.000056
AACGCGAACGGCAACA-1,0.000229,0.000229,0.774319,0.224993,0.000229
AACGCTGTTGCTGAAA-1,0.000052,0.000052,0.947804,0.052038,0.000052
AACGGACGTACGTATA-1,0.000167,0.000167,0.999332,0.000167,0.000167
AACGGCCATCTCCGGT-1,0.000049,0.010468,0.988834,0.000599,0.000049
AACGTACTGTGGGTAC-1,0.000045,0.106373,0.857016,0.036521,0.000045
AACGTAGTCTACCCAT-1,0.000694,0.000695,0.79852,0.199396,0.000695
AACGTCAGACTAGTGG-1,0.00007,0.036959,0.960543,0.00007,0.002358
AACGTGATGAAGGACA-1,0.000034,0.03673,0.818444,0.144757,0.000034
AACGTGCGAAAGTCTC-1,0.000676,0.000676,0.613327,0.362354,0.022967
AACGTTATCAGCACCT-1,0.000342,0.000343,0.917725,0.081248,0.000343
AACTACCCGTTTGTCA-1,0.00036,0.00036,0.998561,0.00036,0.00036
AACTAGGCTTGGGTGT-1,0.000253,0.000253,0.865422,0.11822,0.015851
AACTCAAGTTAATTGC-1,0.000028,0.045193,0.926581,0.028171,0.000028
AACTCCAGAGCGTGTT-1,0.000633,0.000633,0.783462,0.160233,0.055038
AACTCCTAATCCCATG-1,0.000052,0.006728,0.94721,0.042847,0.003163
AACTCGATAAACACGT-1,0.000267,0.000267,0.998933,0.000267,0.000267
AACTCGATGGCGCAGT-1,0.000244,0.057881,0.747421,0.194209,0.000245
AACTCTCAATAGAGCG-1,0.000032,0.010906,0.616021,0.000032,0.373008
AACTCTCAGTGTGCTC-1,0.000061,0.017888,0.981861,0.000128,0.000061
AACTGAGGTCAGCGTC-1,0.00004,0.03855,0.938806,0.022563,0.00004
AACTGAGTTATACTGA-1,0.000068,0.043134,0.927645,0.029085,0.000068
AACTGGGTTCGAGCCG-1,0.000103,0.142362,0.857329,0.000103,0.000103
AACTTCTGCGTCTATC-1,0.000901,0.000901,0.996396,0.000901,0.000901
AACTTGCCCGTATGCA-1,0.00001,0.00001,0.992549,0.00742,0.00001
AACTTGCGTTCTCGCG-1,0.000212,0.000212,0.999152,0.000212,0.000212
AACTTTACGGGAGCTT-1,0.000056,0.030456,0.727714,0.241717,0.000056
AACTTTCTCGATCATG-1,0.000104,0.000104,0.999583,0.000104,0.000104
AAGAAATCACCAGATT-1,0.000112,0.000112,0.999551,0.000112,0.000112
AAGAAGGATCAGTTAG-1,0.000212,0.000212,0.889666,0.109697,0.000212
AAGACCAAATAACTCA-1,0.000018,0.017023,0.952481,0.000744,0.029733
AAGACTAACCCGTTGT-1,0.000398,0.000399,0.987571,0.000399,0.011233
AAGACTCACGCCCACT-1,0.000282,0.000282,0.536133,0.446641,0.016662
AAGAGATGAATCGGTA-1,0.000007,0.00597,0.985303,0.008714,0.000007
AAGAGCTCTTTATCGG-1,0.000089,0.000089,0.948088,0.049142,0.002593
AAGAGGATGTACGCGA-1,0.000019,0.034859,0.958882,0.000525,0.005715
AAGAGGCATGGATCGC-1,0.000108,0.000108,0.521038,0.472429,0.006316
AAGAGGCCCTTTGGAA-1,0.000312,0.000312,0.998754,0.000312,0.000312
AAGATGGCACCGGACC-1,0.000042,0.020916,0.858928,0.016384,0.10373
AAGATTGGCGGAACGT-1,0.000053,0.039567,0.960274,0.000053,0.000053
AAGCCGAAGCGGTTTA-1,0.000161,0.000161,0.999356,0.000161,0.000161
AAGCCGCCGTGAAATC-1,0.000086,0.000086,0.940909,0.053945,0.004973
AAGCCGCTTTACCTTG-1,0.000069,0.030082,0.969711,0.000069,0.000069
AAGCCGGAGAGCAGGA-1,0.000249,0.000249,0.863652,0.135602,0.000249
AAGCGGAGTGCGCGCA-1,0.000033,0.076488,0.104706,0.000285,0.818489
AAGCGGCGTCATGGGT-1,0.000057,0.000057,0.94337,0.000057,0.056458
AAGCGTCCCTCATCGA-1,0.000029,0.043753,0.937698,0.000029,0.018492
AAGCTCGTGCCAAGTC-1,0.000355,0.000355,0.817809,0.181127,0.000355
AAGGAGCGGTTGGTGC-1,0.000503,0.000503,0.21587,0.782623,0.000503
AAGGATCGATCGCTTG-1,0.000014,0.000014,0.998556,0.000014,0.001402
AAGGATGAGGGACCTC-1,0.000059,0.089274,0.904727,0.000059,0.005881
AAGGCAGGCTGTCTCC-1,0.000422,0.000422,0.940902,0.000422,0.057832
AAGGCGCGTAAAGCTT-1,0.000029,0.002289,0.997625,0.000029,0.000029
AAGGCTGTGCTCATCG-1,0.000082,0.004251,0.488832,0.502798,0.004036
AAGGGAACGACTGGCT-1,0.000037,0.07347,0.847918,0.078538,0.000037
AAGGGACAGATTCTGT-1,0.000054,0.045256,0.925225,0.029411,0.000054
AAGGGACTATGCATTC-1,0.000071,0.001201,0.987441,0.011217,0.000071
AAGGGTTTGATTTCAG-1,0.000092,0.021263,0.944553,0.015009,0.019083
AAGGTATCCTAATATA-1,0.000014,0.888909,0.111051,0.000014,0.000014
AAGGTGATAAACCAGC-1,0.000173,0.017612,0.854182,0.127859,0.000173
AAGTAAGCTTCCAAAC-1,0.000386,0.000386,0.6744,0.296731,0.028097
AAGTAGAAGACCGGGT-1,0.000066,0.000066,0.999734,0.000066,0.000066
AAGTAGTGACGCGAGG-1,0.000005,0.000824,0.991097,0.000005,0.008069
AAGTCAATTGTCGTCA-1,0.000178,0.000178,0.999288,0.000178,0.000178
AAGTCTAGTAGCTGCC-1,0.000332,0.000332,0.998671,0.000332,0.000332
AAGTCTTCTGTGGCCT-1,0.000118,0.000118,0.999519,0.000118,0.000128
AAGTGACGACCGAATT-1,0.000023,0.040163,0.925938,0.014828,0.019048
AAGTGAGTCGGGTTTA-1,0.000157,0.050827,0.9487,0.000158,0.000158
AAGTGCAAAGGTAGAC-1,0.000048,0.058321,0.927048,0.014535,0.000048
AAGTGCCTTGACTGTA-1,0.000238,0.103369,0.895916,0.000238,0.000238
AAGTGCGTTAGAATCT-1,0.00004,0.001638,0.998243,0.00004,0.00004
AAGTTCACTCCAAGCT-1,0.000199,0.000199,0.961586,0.037817,0.000199
AAGTTCAGTCTGCGTA-1,0.000077,0.000077,0.993876,0.000077,0.005893
AAGTTCGGCCAACAGG-1,0.000036,0.064932,0.928576,0.000036,0.00642
AAGTTGTGATGTTATA-1,0.000312,0.000312,0.829037,0.170028,0.000312
AATAACAACGCTCGGC-1,0.000017,0.021708,0.977698,0.000017,0.000561
AATAACACTAGAACAA-1,0.000027,0.043822,0.953268,0.002857,0.000027
AATAATCTTCGTATCG-1,0.000127,0.041185,0.958432,0.000127,0.000127
AATACAATGTTTCAGG-1,0.00002,0.00002,0.99992,0.00002,0.00002
AATACCGGAGGGCTGT-1,0.000063,0.028169,0.811773,0.034258,0.125737
AATAGAACAGAGTGGC-1,0.000095,0.007512,0.981584,0.010714,0.000095
AATAGAATCTGTTTCA-1,0.000139,0.000139,0.873491,0.093502,0.032729
AATAGCAAGCCTCCTG-1,0.000036,0.008887,0.991006,0.000036,0.000036
AATAGCTACCGCGTGC-1,0.000046,0.000046,0.997011,0.000046,0.002852
AATAGTCCGTCCCGAC-1,0.000286,0.000286,0.998857,0.000286,0.000286
AATAGTCGCGAGTCGG-1,0.00031,0.00031,0.936355,0.062716,0.00031
AATATCAAGGTCGGAT-1,0.000292,0.000292,0.990746,0.000292,0.008376
AATATCCTAGCAAACT-1,0.000446,0.000447,0.998214,0.000447,0.000447
AATATCGAATCAATGC-1,0.000308,0.000308,0.998769,0.000308,0.000308
AATATCGAGGGTTCTC-1,0.000048,0.000048,0.957645,0.002218,0.04004
AATATTGGAGTATTGA-1,0.000007,0.001321,0.998657,0.000007,0.000007
AATCAGACTGCAGGAC-1,0.000658,0.000658,0.888929,0.109096,0.000658
AATCATGTAAAGACTC-1,0.000241,0.000241,0.999036,0.000241,0.000241
AATCCATGCAAGGGTG-1,0.000578,0.000578,0.997687,0.000578,0.000578
AATCGCCTCAGCGCCA-1,0.000266,0.085708,0.300143,0.613617,0.000266
AATCGCGCAGAGGACT-1,0.000036,0.000036,0.999855,0.000036,0.000036
AATCTAGGTTTACTTG-1,0.000035,0.018499,0.981396,0.000035,0.000035
AATCTATGCCGGAGCC-1,0.000043,0.000043,0.996548,0.000043,0.003324
AATCTCTACTGTGGTT-1,0.000847,0.000848,0.996609,0.000848,0.000848
AATCTGCGTTGGGACG-1,0.000035,0.010334,0.946795,0.000035,0.0428
AATCTGGCTTTCTAGT-1,0.000029,0.000029,0.999882,0.000029,0.000029
AATCTGGGTAGACCCT-1,0.00013,0.00013,0.994136,0.005474,0.00013
AATGACAGCAATGTCT-1,0.000036,0.063504,0.936388,0.000036,0.000036
AATGACGTAGGATGTC-1,0.000304,0.000304,0.882672,0.116416,0.000304
AATGACTGTCAGCCGG-1,0.000379,0.000379,0.998485,0.000379,0.000379
AATGAGTTCGCATATG-1,0.00098,0.000981,0.996078,0.000981,0.000981
AATGATGATACGCTAT-1,0.000041,0.051135,0.753678,0.007589,0.187556
AATGATGCGACTCCTG-1,0.000047,0.187884,0.740821,0.000047,0.071201
AATGCACCAAGCAATG-1,0.000034,0.006449,0.993448,0.000034,0.000034
AATGGCCGCCAATGCG-1,0.000049,0.010002,0.989851,0.000049,0.000049
AATGGTCCACCGTTCA-1,0.000006,0.000006,0.999976,0.000006,0.000006
AATGGTTCTCACAAGC-1,0.000465,0.000465,0.998139,0.000465,0.000465
AATGTATGGCACTGTA-1,0.000043,0.016147,0.902165,0.081602,0.000043
AATGTGCCCGAGGTGT-1,0.000063,0.027957,0.84243,0.000063,0.129487
AATGTGCTAATCTGAG-1,0.000094,0.000094,0.945388,0.047875,0.00655
AATTAAAGGTCGGCGT-1,0.000029,0.529592,0.448148,0.005896,0.016336
AATTACGAGACCCATC-1,0.000026,0.000026,0.999897,0.000026,0.000026
AATTACTCGTACGCTC-1,0.000157,0.000157,0.999372,0.000157,0.000157
AATTCATAAGGGATCT-1,0.00007,0.030117,0.915113,0.044439,0.01026
AATTCATTGTCATGCA-1,0.00006,0.00006,0.999658,0.000162,0.00006
AATTCCAACTTGGTGA-1,0.000699,0.0007,0.997202,0.0007,0.000699
AATTGAACGCTCTGGT-1,0.000119,0.006965,0.976406,0.016392,0.000119
AATTGCAGCAATCGAC-1,0.000426,0.000426,0.01707,0.981653,0.000426
AATTGCGTGGATTACA-1,0.000046,0.059998,0.939865,0.000046,0.000046
AATTGTGGTTGCCAAA-1,0.000676,0.000676,0.802804,0.195169,0.000676
AATTTGGGACATAGTA-1,0.000088,0.000088,0.984278,0.015459,0.000088
ACAAACCATGCGTCCT-1,0.000029,0.033433,0.937436,0.029074,0.000029
ACAAAGAAGGTAGGCC-1,0.00009,0.102172,0.897559,0.00009,0.00009
ACAAAGCATGACCTAG-1,0.000725,0.000725,0.744276,0.25355,0.000725
ACAAATCGCACCGAAT-1,0.00006,0.00006,0.921935,0.077884,0.00006
ACAAATGGTAGTGTTT-1,0.000166,0.037176,0.947036,0.015456,0.000166
ACAAATTCAGATCTGA-1,0.000037,0.035646,0.950574,0.013704,0.000037
ACAACGGTCCCTGCGA-1,0.000181,0.00909,0.990368,0.000181,0.000181
ACAAGCAGTGCCTAGC-1,0.000007,0.006551,0.989798,0.002909,0.000734
ACAAGCTATATGGAAG-1,0.000103,0.000103,0.946275,0.053416,0.000103
ACAAGGACAAGAGGTT-1,0.000013,0.029969,0.725782,0.014392,0.229845
ACAAGGATGCTTTAGG-1,0.000324,0.000324,0.998705,0.000324,0.000324
ACAAGGCCTACCAGCC-1,0.000058,0.031256,0.94198,0.026647,0.000058
ACAAGGGCAGGCTCTG-1,0.000175,0.000175,0.987277,0.012199,0.000175
ACAATAGTCGTACGTT-1,0.000034,0.019974,0.979923,0.000034,0.000034
ACAATCCATTTAAACC-1,0.000016,0.098299,0.892891,0.005715,0.003078
ACAATGAATACGGAGA-1,0.00004,0.117441,0.766545,0.055899,0.060075
ACAATGATTCTTCTAC-1,0.000062,0.022938,0.976877,0.000062,0.000062
ACAATTGTGTCTCTTT-1,0.000279,0.000279,0.998886,0.000279,0.000279
ACAATTTAGGAGGCTC-1,0.000087,0.000087,0.983818,0.015922,0.000087
ACAATTTGAGCAGTGG-1,0.00008,0.033487,0.902561,0.063792,0.00008
ACAATTTGGCCATATT-1,0.000855,0.000855,0.99658,0.000855,0.000855
ACACAAATATTCCTAG-1,0.000035,0.016443,0.983452,0.000035,0.000035
ACACACCAGGACCAGT-1,0.000321,0.000321,0.910895,0.088143,0.000321
ACACATGATCAAATCT-1,0.000035,0.042252,0.954065,0.003613,0.000035
ACACATTGACGCAACA-1,0.000265,0.000265,0.859454,0.058806,0.08121
ACACCACATAATTAGC-1,0.000009,0.001363,0.998611,0.000009,0.000009
ACACCCAGCATGCAGC-1,0.000125,0.031252,0.797703,0.170793,0.000125
ACACCCGAGAAATCCG-1,0.000114,0.000114,0.999544,0.000114,0.000114
ACACCCGTAAATCTGT-1,0.000046,0.000046,0.985311,0.014551,0.000046
ACACCGAGCGCTCTTT-1,0.000296,0.000296,0.998816,0.000296,0.000296
ACACCGGTCTGACCGC-1,0.000044,0.003852,0.988991,0.00707,0.000044
ACACCTTAAGTAGGGC-1,0.000012,0.000012,0.983597,0.016367,0.000012
ACACCTTACTACTTGC-1,0.000033,0.000033,0.999866,0.000033,0.000033
ACACGGGAACTTAGGG-1,0.000084,0.265381,0.62657,0.070548,0.037416
ACACGTAGGCCACAAG-1,0.000389,0.000389,0.892277,0.106556,0.000389
ACACTCCAATGTCACT-1,0.000256,0.000256,0.998974,0.000256,0.000256
ACACTGATCAAGGTGT-1,0.000154,0.033327,0.945042,0.021323,0.000154
ACACTGGGACAGTCGT-1,0.000238,0.000238,0.999047,0.000238,0.000238
ACAGAACTGAGAACAA-1,0.000029,0.034387,0.965527,0.000029,0.000029
ACAGCGACATTCTCAT-1,0.00101,0.00101,0.995959,0.00101,0.00101
ACAGCGCACCCGCAGC-1,0.000077,0.200848,0.771259,0.027739,0.000077
ACAGGAGGCGCAGCCG-1,0.000334,0.000335,0.593709,0.405287,0.000335
ACAGGCTTGCCCGACT-1,0.000054,0.000054,0.999782,0.000054,0.000054
ACAGGTGGAGGTGAGG-1,0.000055,0.112055,0.675476,0.21236,0.000055
ACAGGTGTGTTGTTGC-1,0.000167,0.000167,0.999331,0.000167,0.000167
ACAGTAATACAACTTG-1,0.000035,0.019474,0.577431,0.000035,0.403024
ACAGTATACCGTGGGA-1,0.00006,0.024107,0.759418,0.00006,0.216355
ACAGTGCAGCGCATTT-1,0.000483,0.133952,0.864598,0.000483,0.000483
ACATAAGTCGTGGTGA-1,0.000043,0.000043,0.999828,0.000043,0.000043
ACATCAGCTGGGACGC-1,0.000018,0.000018,0.781786,0.000018,0.21816
ACATCCCGGCCATACG-1,0.000037,0.099325,0.900565,0.000037,0.000037
ACATCCTGGTAACTGT-1,0.000147,0.000147,0.910525,0.085399,0.003781
ACATCGGTCAGCCGCG-1,0.000034,0.044464,0.858965,0.000034,0.096502
ACATCGTATGCAATGG-1,0.000361,0.000361,0.988008,0.010909,0.000361
ACATGGCGCCAAAGTA-1,0.000008,0.000008,0.985125,0.014851,0.000008
ACATGGCTCAATTTAG-1,0.000228,0.000228,0.999089,0.000228,0.000228
ACCAAACACCCAGCGA-1,0.000052,0.000052,0.995751,0.000052,0.004093
ACCAACACCACACACT-1,0.00004,0.062371,0.937509,0.00004,0.00004
ACCAACCGCACTCCAC-1,0.000476,0.000476,0.837294,0.161277,0.000476
ACCACAACTCAGAACA-1,0.000037,0.000037,0.972088,0.02355,0.004288
ACCACAAGTTTCTATC-1,0.000073,0.000073,0.859395,0.134739,0.00572
ACCACCAATGTAACAA-1,0.000022,0.000022,0.999911,0.000022,0.000022
ACCACCCTCTCTTCTA-1,0.00005,0.00005,0.9998,0.00005,0.00005
ACCACTGTTCAAGAAG-1,0.000209,0.000209,0.907638,0.091735,0.000209
ACCAGACCATAACAAC-1,0.000185,0.000185,0.99926,0.000185,0.000185
ACCAGTGCCCGGTCAA-1,0.000065,0.000065,0.999741,0.000065,0.000065
ACCAGTGCGGGAGACG-1,0.000125,0.068952,0.855789,0.000125,0.075009
ACCATCCGCCAACTAG-1,0.000071,0.022074,0.959416,0.010539,0.007901
ACCATCGTATATGGTA-1,0.000057,0.040726,0.948543,0.010617,0.000057
ACCATTAAGGGTGTCA-1,0.000242,0.032453,0.966822,0.000242,0.000242
ACCCAACGCCCGTGGC-1,0.000047,0.08742,0.892432,0.013675,0.006425
ACCCACCTACATGCTC-1,0.000026,0.006393,0.987833,0.005723,0.000026
ACCCATCTTGAGGGTA-1,0.000043,0.013355,0.955722,0.030837,0.000043
ACCCATTTGTCCCTCT-1,0.000649,0.00065,0.921325,0.076727,0.00065
ACCCGAGCGAAATTAC-1,0.000054,0.000054,0.999783,0.000054,0.000054
ACCCGGAGCACCACAA-1,0.000344,0.000344,0.875738,0.114243,0.009332
ACCCGGATGACGCATC-1,0.000015,0.000015,0.99994,0.000015,0.000015
ACCCGGTTACACTTCC-1,0.000021,0.590637,0.38982,0.000021,0.0195
ACCCTATAGGACTGAG-1,0.000885,0.000885,0.996459,0.000885,0.000885
ACCCTATGCCATATCG-1,0.000061,0.05686,0.814522,0.128497,0.000061
ACCCTCCCTTGCTATT-1,0.000235,0.000235,0.949439,0.049857,0.000235
ACCCTGGTAACGCCCT-1,0.000056,0.000056,0.975325,0.000056,0.024508
ACCCTTGCCTGGGTCG-1,0.000061,0.015163,0.984654,0.000061,0.000061
ACCCTTTAGTTCTCCA-1,0.000209,0.104625,0.818155,0.04404,0.032971
ACCGAAGAGTCTGGTT-1,0.000052,0.024951,0.974892,0.000052,0.000052
ACCGATAGGCATAACC-1,0.000376,0.000376,0.878275,0.120597,0.000376
ACCGATATTTAATCAT-1,0.000565,0.000565,0.906603,0.091702,0.000565
ACCGATGGTAGCATCG-1,0.000032,0.000032,0.688052,0.013733,0.298151
ACCGCGGTGGAAGTCG-1,0.000154,0.054608,0.944929,0.000154,0.000154
ACCGGGCCTTTGTTGA-1,0.000199,0.000199,0.999203,0.000199,0.000199
ACCGGTCAGGTACACC-1,0.00004,0.04375,0.95183,0.004339,0.00004
ACCGGTCTGAGTACGG-1,0.000033,0.029832,0.970068,0.000033,0.000033
ACCGTCCACTGGGCCC-1,0.000062,0.000062,0.965389,0.028307,0.00618
ACCGTGACCACGTGGG-1,0.000069,0.000069,0.999723,0.000069,0.000069
ACCTAAGTACCTTTCA-1,0.000069,0.001586,0.93717,0.061106,0.000069
ACCTAATCGACTTCCT-1,0.00001,0.00009,0.959302,0.037242,0.003355
ACCTACAGTATGTGGT-1,0.000024,0.028224,0.888509,0.083219,0.000024
ACCTCCGCCCTCGCTG-1,0.00051,0.00051,0.997959,0.00051,0.00051
ACCTCCGTTATTCACC-1,0.000026,0.000026,0.999897,0.000026,0.000026
ACCTCGAACTTATGCT-1,0.000056,0.054288,0.86674,0.005545,0.073371
ACCTGCGTGTCATGTT-1,0.000033,0.05008,0.949821,0.000033,0.000033
ACGAAATGGGCGGCAC-1,0.000006,0.000006,0.999976,0.000006,0.000006
ACGACCCATGAGTTGC-1,0.000279,0.000279,0.998886,0.000279,0.000279
ACGACTGGTCATACTC-1,0.000063,0.000063,0.758619,0.241192,0.000063
ACGAGAACCCATCACG-1,0.000144,0.016614,0.982954,0.000144,0.000144
ACGAGATATTTGCTTA-1,0.000097,0.030762,0.904039,0.065006,0.000097
ACGAGGATACCACTCT-1,0.000027,0.099743,0.880169,0.020035,0.000027
ACGAGGTTTACAACGT-1,0.000043,0.045585,0.954286,0.000043,0.000043
ACGAGTACGGATGCCC-1,0.000019,0.056949,0.931836,0.009908,0.001288
ACGAGTCGCCGGCGTT-1,0.000178,0.000178,0.999288,0.000178,0.000178
ACGATACATAGAACTA-1,0.000043,0.243031,0.742211,0.008059,0.006656
ACGATACCTATCCTGA-1,0.000341,0.000341,0.998635,0.000341,0.000341
ACGATCATCTTGTAAA-1,0.000011,0.000015,0.996351,0.002028,0.001594
ACGATGCATATGTTAT-1,0.000029,0.030735,0.95536,0.013846,0.000029
ACGCAAACTAATAGAT-1,0.000062,0.001134,0.872105,0.126638,0.000062
ACGCAATCACTACAGC-1,0.000044,0.000044,0.999825,0.000044,0.000044
ACGCATAAATGACATG-1,0.000041,0.042587,0.95729,0.000041,0.000041
ACGCATACGTTTACTA-1,0.000053,0.001132,0.987223,0.008723,0.002869
ACGCCTGACACGCGCT-1,0.001124,0.001124,0.883973,0.112656,0.001124
ACGCGCTACACAGGGT-1,0.000025,0.042347,0.954068,0.000025,0.003536
ACGCGTTTCTTAAGAG-1,0.000149,0.000149,0.999405,0.000149,0.000149
ACGCTAGTATCAGTGC-1,0.00007,0.111718,0.888072,0.00007,0.00007
ACGCTAGTGATACACT-1,0.000045,0.026555,0.971097,0.000045,0.002258
ACGCTGTGAGGCGTAG-1,0.000041,0.000041,0.984479,0.015397,0.000041
ACGGAATTTAGCAAAT-1,0.000461,0.000461,0.924201,0.074416,0.000461
ACGGAGCGCAAATTAC-1,0.000052,0.000052,0.99979,0.000052,0.000052
ACGGCCAACATGGACT-1,0.000026,0.501484,0.450014,0.048449,0.000026
ACGGCGGGTTGCCCTG-1,0.000515,0.000516,0.708751,0.289702,0.000516
ACGGCTGGATGTAGAA-1,0.000057,0.000057,0.999773,0.000057,0.000057
ACGGGAGTGTCGGCCC-1,0.000051,0.043105,0.956741,0.000051,0.000051
ACGGGCGTATGCGACA-1,0.000064,0.000064,0.999744,0.000064,0.000064
ACGGGTCATGTGACTT-1,0.000083,0.034726,0.965024,0.000083,0.000083
ACGTATTACTCCGATC-1,0.000014,0.009829,0.99013,0.000014,0.000014
ACGTCGGGCAACTCGG-1,0.000019,0.012056,0.984443,0.000019,0.003463
ACGTCTCGTTCCGGGA-1,0.000417,0.000417,0.998333,0.000417,0.000417
ACGTGACAAAGTAAGT-1,0.000061,0.000061,0.999754,0.000061,0.000061
ACGTTAGATTTGCCCG-1,0.000037,0.060795,0.880347,0.058784,0.000037
ACGTTATTGGTCACTC-1,0.000617,0.000617,0.793747,0.2044,0.000617
ACGTTCGCAATCAATT-1,0.000035,0.000035,0.856181,0.143712,0.000035
ACGTTCGTTCAGGAAA-1,0.000062,0.04818,0.942332,0.009364,0.000062
ACGTTCTGTACAAGTC-1,0.000599,0.000599,0.903292,0.094911,0.000599
ACTAAGGACGCACACC-1,0.000053,0.02921,0.885142,0.000053,0.085541
ACTAATACGTCAGGCG-1,0.000032,0.029285,0.876104,0.094546,0.000033
ACTACATCCCGACAAG-1,0.000033,0.002651,0.997251,0.000033,0.000033
ACTACCAGCTCTCTGG-1,0.000026,0.000026,0.999895,0.000026,0.000026
ACTAGTTGCGATCGTC-1,0.000806,0.17101,0.82657,0.000807,0.000807
ACTATATGCTGTGTTC-1,0.000067,0.000067,0.989409,0.000067,0.010391
ACTATCCAGGGCATGG-1,0.00001,0.00001,0.996735,0.000133,0.003112
ACTATCGCCGGCTAAA-1,0.000402,0.000402,0.928611,0.070184,0.000402
ACTATCTGCCCGCGTA-1,0.000397,0.000397,0.998412,0.000397,0.000397
ACTATGTCCAGCTGCC-1,0.000054,0.000054,0.999784,0.000054,0.000054
ACTATTTCCGGGCCCA-1,0.000095,0.000095,0.987287,0.012429,0.000095
ACTCAACGAATGTATT-1,0.000173,0.000173,0.57239,0.031056,0.396208
ACTCAAGTGCAAGGCT-1,0.000117,0.000117,0.965427,0.024883,0.009456
ACTCAGACCTGCTTCT-1,0.000139,0.00014,0.991412,0.00014,0.008169
ACTCCAATATCATCAT-1,0.00006,0.214513,0.773025,0.012341,0.00006
ACTCCCATTCCTAAAG-1,0.000032,0.000032,0.994023,0.000032,0.005882
ACTCCCGAATTCGTTT-1,0.000016,0.000016,0.999936,0.000016,0.000016
ACTCCCGTAGACTAGG-1,0.000054,0.000054,0.999785,0.000054,0.000054
ACTCGATGTATTTCAT-1,0.000265,0.000265,0.998939,0.000265,0.000265
ACTCGCGATCTGACGC-1,0.000571,0.000572,0.732791,0.265495,0.000572
ACTCGTAACCCGTCCT-1,0.00003,0.00003,0.999881,0.00003,0.00003
ACTCGTCAGTAATCCC-1,0.000115,0.000115,0.395263,0.604391,0.000115
ACTCTAAACCTGGGAT-1,0.000465,0.000465,0.898883,0.099721,0.000465
ACTCTCTGACTTAGGT-1,0.000541,0.000541,0.97986,0.000541,0.018518
ACTCTCTTATACACGA-1,0.000103,0.022521,0.942872,0.034402,0.000103
ACTCTTCAGCTCCCGC-1,0.000034,0.002043,0.997857,0.000034,0.000034
ACTGAAACGCCGTTAG-1,0.000546,0.000547,0.997814,0.000547,0.000547
ACTGAATGGCGAAAGT-1,0.000182,0.000182,0.999271,0.000182,0.000182
ACTGCCCGCCATTCTC-1,0.000412,0.000412,0.988555,0.000412,0.01021
ACTGCGGACACACCGT-1,0.000027,0.000027,0.999892,0.000027,0.000027
ACTGCTCGGAAGGATG-1,0.000043,0.032704,0.963269,0.000043,0.003941
ACTGGCGAACCTGCGT-1,0.000055,0.054572,0.919193,0.000055,0.026126
ACTGTACGATACACAT-1,0.000096,0.000096,0.947128,0.052583,0.000096
ACTGTAGCACTTTGGA-1,0.000134,0.000134,0.905937,0.046903,0.046893
ACTGTATACGCGAGCA-1,0.00017,0.00017,0.999318,0.00017,0.00017
ACTGTGCTAGTAGATC-1,0.000178,0.047384,0.952081,0.000178,0.000178
ACTTACCGGGCGCGCA-1,0.000198,0.000198,0.999208,0.000198,0.000198
ACTTAGTACGACAAGA-1,0.000131,0.000131,0.999476,0.000131,0.000131
ACTTATACTTACCCGG-1,0.000043,0.000043,0.753475,0.052879,0.19356
ACTTATCTGATCTATA-1,0.000538,0.000538,0.997849,0.000538,0.000538
ACTTATTTATGTGCCA-1,0.000337,0.000337,0.998653,0.000337,0.000337
ACTTCAGGCTGATCCC-1,0.000209,0.000209,0.999163,0.000209,0.000209
ACTTCCAGTGGAAGCT-1,0.000037,0.0375,0.673021,0.001923,0.287519
ACTTCCATGCGGGACA-1,0.000309,0.000309,0.941502,0.026576,0.031305
ACTTCCTGTCGTGCGA-1,0.000122,0.000122,0.935916,0.045408,0.018431
ACTTCGCCATACGCAC-1,0.000082,0.17099,0.828765,0.000082,0.000082
ACTTCGCTAGCGAGTG-1,0.000056,0.000056,0.999774,0.000056,0.000056
ACTTGGGACCCGGTGG-1,0.000893,0.000893,0.861511,0.13581,0.000893
ACTTGTAGTCCCTTCA-1,0.000056,0.000056,0.999777,0.000056,0.000056
ACTTGTGGATGGAACG-1,0.000467,0.000467,0.99813,0.000467,0.000467
ACTTTACCCTCATGAA-1,0.00001,0.00001,0.999196,0.00001,0.000774
ACTTTGACTGCATCCT-1,0.000106,0.000106,0.999577,0.000106,0.000106
ACTTTGGTCGTGCTCC-1,0.000063,0.000063,0.999746,0.000063,0.000063
ACTTTGTCGACGCACT-1,0.000379,0.000379,0.959353,0.03951,0.000379
AGAAATTATGACTCGC-1,0.00021,0.00021,0.999159,0.00021,0.00021
AGAACCCAGCGTGACA-1,0.000826,0.000827,0.973114,0.000827,0.024407
AGAACCCTCAATTGGG-1,0.000037,0.000037,0.999853,0.000037,0.000037
AGAACGTGGTACATTC-1,0.000056,0.135573,0.810626,0.000056,0.053688
AGAAGAGCGCCGTTCC-1,0.000621,0.000621,0.83683,0.072072,0.089856
AGAAGGTACACTTCAC-1,0.000045,0.084473,0.915393,0.000045,0.000045
AGAAGGTTGCCGAATT-1,0.000036,0.105534,0.661452,0.232942,0.000036
AGAAGTGATTCGTGAT-1,0.000053,0.078469,0.921371,0.000053,0.000053
AGAATAAATCTTCAGG-1,0.00003,0.00003,0.999882,0.00003,0.00003
AGAATGCGGGTTCGGA-1,0.000051,0.000051,0.999795,0.000051,0.000051
AGAATTATGGATTCGA-1,0.000024,0.031445,0.950182,0.018326,0.000024
AGAATTGTTTGACATA-1,0.0001,0.006419,0.993281,0.0001,0.0001
AGACAGCTCAGAATCC-1,0.000176,0.061986,0.872021,0.065641,0.000176
AGACAGGCATCTCAGC-1,0.000055,0.000055,0.999782,0.000055,0.000055
AGACCAAACCACACCT-1,0.000019,0.008596,0.991348,0.000019,0.000019
AGACCATGGGATACAA-1,0.000205,0.000205,0.937379,0.062005,0.000205
AGACCGCTCCGCGGTT-1,0.000231,0.000231,0.999076,0.000231,0.000231
AGACCGGGAAACCCTG-1,0.000024,0.000024,0.999906,0.000024,0.000024
AGACGAAGTGCCGGTC-1,0.000581,0.000582,0.997674,0.000582,0.000582
AGACGACGATGCCGCT-1,0.000056,0.000056,0.999775,0.000056,0.000056
AGACGCCCACTTCGCC-1,0.000209,0.021383,0.97799,0.000209,0.000209
AGACGGGCCGATTTAA-1,0.000086,0.000086,0.999657,0.000086,0.000086
AGACTAGCCTTCCAGA-1,0.000526,0.000526,0.314253,0.684168,0.000526
AGACTGTTACCGGGTC-1,0.000078,0.000079,0.767319,0.232446,0.000079
AGAGAACCGTCTAGGA-1,0.000071,0.061901,0.853566,0.084391,0.000071
AGAGAAGGAGTACAAT-1,0.000046,0.04051,0.901877,0.000046,0.057521
AGAGATCTCTAAAGCG-1,0.000008,0.004065,0.995911,0.000008,0.000008
AGAGCAGTTATGAGAC-1,0.000015,0.012336,0.890998,0.001913,0.094738
AGAGCCGCCGAGATTT-1,0.000806,0.000807,0.801115,0.196465,0.000807
AGAGCGCTTGTAACGG-1,0.000137,0.000137,0.999451,0.000137,0.000137
AGAGCGTACAAGCTCG-1,0.000185,0.000185,0.999259,0.000185,0.000185
AGAGCTACGAAAGCAT-1,0.000039,0.017467,0.899903,0.082553,0.000039
AGAGGCTTCGGAAACC-1,0.00029,0.00029,0.99884,0.00029,0.00029
AGAGGGACAATTGTCC-1,0.000073,0.065406,0.904166,0.030281,0.000073
AGAGTAAACTTCACTA-1,0.000233,0.000233,0.73028,0.269022,0.000233
AGAGTATAGTGTTACG-1,0.001471,0.001471,0.994117,0.001471,0.001471
AGAGTGAACAGACACC-1,0.000053,0.027168,0.885815,0.08691,0.000053
AGAGTTAGAGACCGAT-1,0.000062,0.000062,0.786045,0.213768,0.000062
AGAGTTGCAGGCCTCC-1,0.000054,0.006451,0.841262,0.11182,0.040413
AGATAACTTCAGGGCC-1,0.000072,0.000072,0.762779,0.237005,0.000072
AGATACCAATAGAACC-1,0.000133,0.079052,0.847523,0.073158,0.000133
AGATACCAGCACTTCA-1,0.000061,0.084252,0.915566,0.000061,0.000061
AGATACCGGTGTTCAC-1,0.000039,0.017209,0.927276,0.000039,0.055438
AGATACGACTTCATAT-1,0.000109,0.000109,0.999563,0.000109,0.000109
AGATACTCAAGATCGA-1,0.000053,0.03566,0.964181,0.000053,0.000053
AGATCGTGCATAAGAT-1,0.000045,0.032229,0.967635,0.000045,0.000045
AGATCTCAGGTGTGAT-1,0.000136,0.047215,0.952379,0.000136,0.000136
AGATGAGGGTTGCGAT-1,0.000055,0.000055,0.999779,0.000055,0.000055
AGATGATGGAGTCTGG-1,0.000009,0.000009,0.999963,0.000009,0.000009
AGATGCAAGACGTGCA-1,0.000025,0.095104,0.904822,0.000025,0.000025
AGATGCATCCTGTGTC-1,0.00005,0.016182,0.983667,0.00005,0.00005
AGATGCTATAACGAGC-1,0.000054,0.037946,0.944316,0.01763,0.000054
AGATTCAAGCGGGTCG-1,0.000065,0.033591,0.966214,0.000065,0.000065
AGATTCACAACCGATA-1,0.000023,0.049826,0.950105,0.000023,0.000023
AGCAACATATCTTATT-1,0.000019,0.000019,0.986555,0.013387,0.000019
AGCAACCGAAAGTAAT-1,0.00005,0.00005,0.999798,0.00005,0.00005
AGCACACGTTTAGACT-1,0.000386,0.043797,0.955044,0.000386,0.000386
AGCACTACCGGCCTGT-1,0.00001,0.00001,0.999961,0.00001,0.00001
AGCACTTAAGGACGCC-1,0.000025,0.018492,0.685623,0.000629,0.295232
AGCAGCCAGATGAATA-1,0.000078,0.000078,0.999689,0.000078,0.000078
AGCATATCAATATGCT-1,0.000448,0.000449,0.928995,0.06966,0.000449
AGCATCATTTCGAAAG-1,0.000022,0.002839,0.997095,0.000022,0.000022
AGCATCGTCGATAATT-1,0.000159,0.000159,0.979258,0.020265,0.000159
AGCCACAGGTTACCCG-1,0.000377,0.000377,0.951542,0.037324,0.010379
AGCCACTCCCGTGCTT-1,0.000045,0.253356,0.734117,0.000045,0.012438
AGCCCATACATGTAAG-1,0.000018,0.073369,0.922099,0.000018,0.004495
AGCCCGGCATTAGAGG-1,0.000051,0.027574,0.972273,0.000051,0.000051
AGCCCGGTAGCCTGTA-1,0.000155,0.000155,0.939845,0.05969,0.000155
AGCCCTCCCTGGTGGC-1,0.000146,0.014819,0.862624,0.000146,0.122264
AGCCCTGTCGCACCGT-1,0.000113,0.000113,0.962289,0.037373,0.000113
AGCCCTTCTAATCCGA-1,0.000057,0.000057,0.999771,0.000057,0.000057
AGCCCTTGGACATCCC-1,0.000407,0.000407,0.989005,0.009775,0.000407
AGCCGCAAATTCAAAT-1,0.00019,0.00019,0.999239,0.00019,0.00019
AGCCGCTTGATTAGCG-1,0.000311,0.048921,0.950147,0.000311,0.000311
AGCCGTGGCTAAATGT-1,0.000028,0.004798,0.995119,0.000028,0.000028
AGCCTAATACCCACGT-1,0.000033,0.000033,0.999867,0.000033,0.000033
AGCCTTAAAGCGGAAG-1,0.000165,0.000165,0.999339,0.000165,0.000165
AGCGACAGGAACGGTC-1,0.000034,0.062256,0.931974,0.005704,0.000034
AGCGATGCGCCTAATA-1,0.001,0.001,0.670112,0.326887,0.001
AGCGCATAATGAATCG-1,0.000412,0.000412,0.998354,0.000412,0.000412
AGCGCGGGTGCCAATG-1,0.000066,0.011946,0.987856,0.000066,0.000066
AGCGCTAGAGCGATGT-1,0.00006,0.00006,0.932682,0.067138,0.00006
AGCGCTTATGGGCAAG-1,0.000206,0.000206,0.999175,0.000206,0.000206
AGCGGCGGTTAGCGGT-1,0.00003,0.00003,0.99988,0.00003,0.00003
AGCGGGAAGGGTCCAT-1,0.000054,0.019959,0.975014,0.000054,0.00492
AGCGGTTGAGATGTAC-1,0.000282,0.000283,0.966532,0.025428,0.007475
AGCGGTTGCCGCTCTG-1,0.00005,0.006485,0.990606,0.00005,0.002808
AGCGTACGAGAGCTAG-1,0.000198,0.000198,0.884399,0.115008,0.000198
AGCGTAGCGCTAGACC-1,0.000315,0.000316,0.916282,0.082772,0.000316
AGCGTCTGAACCCGCA-1,0.000218,0.000218,0.984207,0.015138,0.000218
AGCGTTCCGATTTAAA-1,0.000086,0.06095,0.840862,0.098015,0.000086
AGCTAACAAGCAATGT-1,0.000056,0.000056,0.96175,0.038083,0.000056
AGCTAAGTACGCAGGC-1,0.000263,0.000263,0.975999,0.000263,0.023211
AGCTAGAAGCAGAAGT-1,0.000057,0.000057,0.967479,0.019643,0.012766
AGCTCCATATATGTTC-1,0.000292,0.000292,0.99883,0.000292,0.000292
AGCTCCTTCGCACATC-1,0.000055,0.000055,0.99978,0.000055,0.000055
AGCTCGTTGATGGAAA-1,0.000031,0.033617,0.966289,0.000031,0.000031
AGCTCTAGACGTTCCA-1,0.000971,0.000971,0.735098,0.261989,0.000971
AGCTCTTCCCAGTGCA-1,0.00007,0.00007,0.99972,0.00007,0.00007
AGCTCTTCGTAACCTT-1,0.000012,0.004012,0.983513,0.012452,0.000012
AGCTCTTTACTCAGTT-1,0.000023,0.629705,0.362323,0.007926,0.000023
AGCTGAAGTAAACCAA-1,0.000042,0.06653,0.933344,0.000042,0.000042
AGCTGCATTTGAGGTG-1,0.000065,0.000065,0.877555,0.122249,0.000065
AGCTGCTGTGCCGAAT-1,0.000073,0.000073,0.983145,0.002688,0.01402
AGCTGTAACCTCAATC-1,0.00003,0.068551,0.550657,0.003938,0.376825
AGCTTGATCTTAACTT-1,0.000016,0.059329,0.940623,0.000016,0.000016
AGGAAAGCCTCTGATG-1,0.000461,0.000461,0.919101,0.079517,0.000461
AGGAACGAACGACTTC-1,0.000455,0.000455,0.890506,0.10813,0.000455
AGGACAGTCGAATCCC-1,0.000127,0.000127,0.999492,0.000127,0.000127
AGGACATCGCACGTCG-1,0.000069,0.000069,0.999724,0.000069,0.000069
AGGACGACCCATTAGA-1,0.000033,0.066889,0.931732,0.000033,0.001312
AGGACGCTCGATGTTG-1,0.000041,0.011116,0.988762,0.000041,0.000041
AGGACTTATAGGAGAA-1,0.000281,0.000281,0.998876,0.000281,0.000281
AGGAGACATCCACAGT-1,0.000057,0.000706,0.999123,0.000057,0.000057
AGGAGAGTCTGGCTAC-1,0.000806,0.000807,0.996774,0.000807,0.000807
AGGAGGCCTTCGCGCG-1,0.000235,0.000235,0.999059,0.000235,0.000235
AGGATATAGGGATTTA-1,0.000161,0.000161,0.650202,0.349315,0.000161
AGGATCACGCGATCTG-1,0.000041,0.043203,0.956675,0.000041,0.000041
AGGATTGCTTACGACA-1,0.000035,0.035716,0.936486,0.027728,0.000035
AGGCAAAGAGGAATCA-1,0.000329,0.000329,0.64727,0.351743,0.000329
AGGCAATACGGAGGAC-1,0.000526,0.000526,0.869121,0.129299,0.000526
AGGCACGTGACTGTCC-1,0.000085,0.000085,0.961928,0.037817,0.000085
AGGCAGATGCGTAAAC-1,0.000044,0.142854,0.857015,0.000044,0.000044
AGGCAGGGAGCGTACT-1,0.000249,0.000249,0.988687,0.000249,0.010564
AGGCATTGTCGTAGGG-1,0.000239,0.000239,0.999043,0.000239,0.000239
AGGCCACATTGGTTAC-1,0.025,0.025003,0.899992,0.025003,0.025002
AGGCCACCCGTTATGA-1,0.00001,0.000186,0.944964,0.00001,0.05483
AGGCCCAGTGACTGGT-1,0.000222,0.000222,0.999111,0.000222,0.000222
AGGCCCTAGAACGCCA-1,0.000022,0.074119,0.923335,0.000022,0.002503
AGGCCTGAGAATCTCG-1,0.000794,0.000794,0.76423,0.233388,0.000794
AGGCGATAACTGGCGT-1,0.000279,0.000279,0.921772,0.000279,0.077392
AGGCGGTTTGTCCCGC-1,0.000033,0.038697,0.959507,0.000033,0.001731
AGGCGTCTATGGACGG-1,0.000046,0.000046,0.999814,0.000046,0.000046
AGGCTATGGTTAGCTT-1,0.000015,0.01245,0.987504,0.000015,0.000015
AGGCTTCCCGAAGAAG-1,0.000055,0.000055,0.915681,0.084153,0.000055
AGGCTTGCTAGACACC-1,0.00006,0.00006,0.99976,0.00006,0.00006
AGGGAAACGAGGTACT-1,0.000043,0.003166,0.786252,0.210495,0.000043
AGGGACCGGCTGCGTT-1,0.000017,0.000844,0.957937,0.000017,0.041185
AGGGACTCTACGCGAC-1,0.00038,0.110836,0.723925,0.164479,0.00038
AGGGAGACATACTTCG-1,0.000012,0.019117,0.980847,0.000012,0.000012
AGGGCCCTAATGTTCT-1,0.000282,0.000282,0.814791,0.184364,0.000282
AGGGCGAGCAGCTGAT-1,0.000032,0.000032,0.99987,0.000032,0.000032
AGGGCGTGATCGGCTA-1,0.000054,0.000054,0.999782,0.000054,0.000054
AGGGTCAGTAACCCTA-1,0.000044,0.027953,0.960885,0.011074,0.000044
AGGGTCGATGCGAACT-1,0.00005,0.00005,0.9816,0.016324,0.001976
AGGGTGCCGTTCTTTA-1,0.000044,0.036936,0.824355,0.132887,0.005778
AGGGTGCTCTCGAGGG-1,0.000032,0.054123,0.713731,0.00506,0.227054
AGGGTGGATAGTGCAT-1,0.000008,0.002953,0.995436,0.000008,0.001596
AGGGTGTGCTACACGC-1,0.000061,0.014422,0.985395,0.000061,0.000061
AGGGTTCCCTTTGGTT-1,0.000054,0.075946,0.913773,0.010173,0.000054
AGGTAACCTCCTATTC-1,0.000114,0.000114,0.999546,0.000114,0.000114
AGGTAGATCGAGATAT-1,0.000066,0.023042,0.943262,0.029468,0.004161
AGGTAGGTACAAAGCT-1,0.000013,0.017725,0.982236,0.000013,0.000013
AGGTATAATTGATAGT-1,0.000021,0.001044,0.942602,0.035829,0.020505
AGGTATGCGGACATTA-1,0.000072,0.000072,0.980821,0.018964,0.000072
AGGTCAGGTGAGAGTG-1,0.000034,0.092131,0.907767,0.000034,0.000034
AGGTCGCCACTTCGGT-1,0.000417,0.000417,0.749484,0.249266,0.000417
AGGTCGCCTCCCAACA-1,0.000364,0.000364,0.569824,0.429085,0.000364
AGGTCGCGGAGTTACT-1,0.00005,0.04993,0.827978,0.00005,0.121993
AGGTGTATCGCCATGA-1,0.000198,0.000198,0.964277,0.035129,0.000198
AGGTGTTGCCGACCAC-1,0.000379,0.000379,0.766157,0.232707,0.000379
AGGTTACACCATGCCG-1,0.00007,0.00007,0.999719,0.00007,0.00007
AGGTTCTCCTTTCCGG-1,0.000049,0.028682,0.695291,0.275928,0.000049
AGTAACGTTCATCCTG-1,0.000076,0.000076,0.876869,0.122903,0.000076
AGTACATCATTTATCA-1,0.000014,0.018798,0.981159,0.000014,0.000014
AGTACCTTCGAGTGCT-1,0.000047,0.02643,0.973429,0.000047,0.000047
AGTACGGCCCGTATCG-1,0.000038,0.000038,0.99985,0.000038,0.000038
AGTACGGGCACCTGGC-1,0.000015,0.965424,0.03162,0.002926,0.000015
AGTACGTGGCCTGTCT-1,0.000204,0.000205,0.942984,0.056403,0.000205
AGTACTCTTATGCCCA-1,0.000101,0.000101,0.999595,0.000101,0.000101
AGTAGCTAGACGCCGA-1,0.000064,0.032797,0.906295,0.06078,0.000064
AGTAGGAAGGAAGTTG-1,0.000049,0.000049,0.957324,0.042529,0.000049
AGTATAATACTAGGCA-1,0.000012,0.035745,0.954061,0.010171,0.000012
AGTATACACAGCGACA-1,0.000311,0.000311,0.918182,0.069096,0.0121
AGTATCCATAATAACG-1,0.000493,0.000493,0.935013,0.063509,0.000493
AGTATGCTGGAGACCA-1,0.000072,0.000072,0.992182,0.002377,0.005297
AGTCAAATGATGTGAT-1,0.00011,0.040794,0.824666,0.109933,0.024497
AGTCAACACCACCATC-1,0.000012,0.818708,0.181254,0.000012,0.000012
AGTCAAGATGACACTT-1,0.000327,0.000327,0.919315,0.069822,0.010209
AGTCACTAGCTCTCGA-1,0.00119,0.001191,0.995237,0.001191,0.001191
AGTCACTCCGCCTCAT-1,0.000388,0.000388,0.998449,0.000388,0.000388
AGTCAGCCACCGCCTG-1,0.000082,0.000082,0.999673,0.000082,0.000082
AGTCCAGCGGGTACGT-1,0.000599,0.000599,0.772668,0.225535,0.000599
AGTCCATTGGCTGATG-1,0.000062,0.000062,0.608839,0.390974,0.000062
AGTCCCGCCTTTAATT-1,0.000069,0.042339,0.871469,0.086053,0.000069
AGTCCCTCGCAGAAAG-1,0.000149,0.000149,0.989993,0.000149,0.00956
AGTCGACGGTCTCAAG-1,0.00002,0.062345,0.844138,0.006222,0.087275
AGTCGGCCCAAACGAC-1,0.000026,0.063135,0.936788,0.000026,0.000026
AGTCGGCTCAACTTTA-1,0.000032,0.042429,0.957475,0.000032,0.000032
AGTCGGTTGCGTGAGA-1,0.000017,0.000017,0.99993,0.000017,0.000017
AGTCGTCGACCACCAA-1,0.000488,0.000488,0.998048,0.000488,0.000488
AGTCGTGGGCATTACG-1,0.000054,0.107404,0.892433,0.000054,0.000054
AGTCTAAAGTATACTC-1,0.000014,0.031937,0.962593,0.005442,0.000014
AGTCTCACAAGACTAC-1,0.000067,0.05607,0.918066,0.000067,0.02573
AGTCTGGACATCCTTG-1,0.000244,0.04566,0.904774,0.049078,0.000244
AGTGAACAAACTTCTC-1,0.000138,0.000138,0.999447,0.000138,0.000138
AGTGAAGATGGTGTCC-1,0.000061,0.000061,0.990597,0.000061,0.00922
AGTGACCTACTTTACG-1,0.000025,0.383981,0.554828,0.017289,0.043877
AGTGACTGTGACACAA-1,0.000052,0.013518,0.986327,0.000052,0.000052
AGTGAGACTTCCAGTA-1,0.000031,0.029941,0.906764,0.040224,0.023039
AGTGAGCCTCGCCGCC-1,0.000032,0.030514,0.967292,0.000032,0.002131
AGTGAGGGTTTCTGAC-1,0.000044,0.120479,0.868103,0.011329,0.000044
AGTGATAACCTGCGCG-1,0.000935,0.000935,0.845299,0.151897,0.000935
AGTGATATGAGTAGTT-1,0.000026,0.527939,0.467901,0.000163,0.003971
AGTGATTCAAGCAGGA-1,0.00005,0.010409,0.961731,0.025393,0.002416
AGTGCACGCTTAAGAA-1,0.000044,0.000044,0.999825,0.000044,0.000044
AGTGCGTAGCTCGTAA-1,0.000027,0.05668,0.927457,0.010552,0.005284
AGTGCTAAACACAGCA-1,0.000455,0.000455,0.973288,0.025348,0.000455
AGTGCTTGCACGAATA-1,0.000045,0.000045,0.993225,0.006639,0.000045
AGTGGCGGCAATTTGA-1,0.000073,0.026808,0.972973,0.000073,0.000073
AGTGGCGTCTGAAGGT-1,0.000336,0.000336,0.998657,0.000336,0.000336
