Barcode,Topic 1to2,Topic 3to5,Topic 6to9
AAACAACGAATAGTTC-1,0.000191,0.735397,0.264411
AAACAAGTATCTCCCA-1,0.000077,0.379189,0.620734
AAACACCAATAACTGC-1,0.000051,0.836758,0.163191
AAACAGAGCGACTCCT-1,0.003767,0.351439,0.644794
AAACAGCTTTCAGAAG-1,0.000031,0.961784,0.038185
AAACAGGGTCTATATT-1,0.000049,0.602452,0.397499
AAACATTTCCCGGATT-1,0.000145,0.334686,0.665169
AAACCGGGTAGGTACC-1,0.003584,0.989242,0.007174
AAACCGTTCGTCCAGG-1,0.000043,0.182793,0.817165
AAACCTAAGCAGCCGG-1,0.000111,0.592466,0.407423
AAACCTCATGAAGTTG-1,0.000108,0.999674,0.000217
AAACGAAGATGGAGTA-1,0.000071,0.395599,0.604331
AAACGAGACGGTTGAT-1,0.000457,0.8692,0.130343
AAACGGGTTGGTATCC-1,0.000228,0.597122,0.40265
AAACGGTTGCGAACTG-1,0.000144,0.992299,0.007558
AAACTAACGTGGCGAC-1,0.000123,0.37704,0.622837
AAACTCGGTTCGCAAT-1,0.000039,0.053071,0.946891
AAACTGCTGGCTCCAA-1,0.000467,0.87487,0.124663
AAACTTAATTGCACGC-1,0.000071,0.73876,0.26117
AAACTTGCAAACGTAT-1,0.000777,0.912905,0.086318
AAAGACTGGGCGCTTT-1,0.000382,0.848748,0.15087
AAAGGGATGTAGCAAG-1,0.000052,0.865405,0.134543
AAAGGGCAGCTTGAAT-1,0.000328,0.339292,0.66038
AAAGGTAAGCTGTACC-1,0.001292,0.503844,0.494864
AAAGTAGCATTGCTCA-1,0.000378,0.751836,0.247786
AAAGTCGACCCTCAGT-1,0.000179,0.737857,0.261964
AAAGTGTGATTTATCT-1,0.000383,0.604691,0.394927
AAAGTTGACTCCCGTA-1,0.000154,0.541173,0.458673
AAATAACCATACGGGA-1,0.001117,0.651641,0.347242
AAATACCTATAAGCAT-1,0.000699,0.76576,0.233541
AAATAGCTTAGACTTT-1,0.000079,0.548273,0.451649
AAATAGGGTGCTATTG-1,0.000221,0.844115,0.155665
AAATCCGATACACGCC-1,0.000178,0.661602,0.33822
AAATCGCGGAAGGAGT-1,0.000034,0.000051,0.999915
AAATCTAGCCCTGCTA-1,0.000261,0.55799,0.441749
AAATGCTCGTTACGTT-1,0.000072,0.504242,0.495686
AAATGGCATGTCTTGT-1,0.000975,0.597274,0.401751
AAATGGCCCGTGCCCT-1,0.000766,0.630009,0.369225
AAATGTATCTTATCCC-1,0.000055,0.848119,0.151826
AAATTAATAAGCGCGA-1,0.000032,0.94649,0.053478
AAATTACACGACTCTG-1,0.002813,0.633491,0.363696
AAATTACCTATCGATG-1,0.000128,0.297076,0.702795
AAATTGATAGTCCTTT-1,0.000498,0.617387,0.382115
AAATTGCGGCGGTTCT-1,0.000058,0.816081,0.183861
AAATTTACCGAAATCC-1,0.000346,0.664878,0.334776
AAATTTGCGGGTGTGG-1,0.000237,0.663084,0.336679
AACAACTGGTAGTTGC-1,0.000619,0.351945,0.647436
AACAATTACTCTACGC-1,0.000398,0.383227,0.616375
AACACACGCTCGCCGC-1,0.001434,0.479459,0.519107
AACACGACTGTACTGA-1,0.000437,0.336729,0.662834
AACACGAGACGCGGCC-1,0.000588,0.459573,0.539839
AACACGCGGCCGCGAA-1,0.000238,0.41338,0.586382
AACAGCTGTGTGGCAA-1,0.000216,0.793585,0.206199
AACAGGAAATCGAATA-1,0.000158,0.7371,0.262742
AACAGGATGGGCCGCG-1,0.000039,0.122631,0.877329
AACAGGTAGTATGGAT-1,0.000217,0.415697,0.584086
AACATATCAACTGGTG-1,0.000156,0.473125,0.526719
AACATTGGTCAGCCGT-1,0.000171,0.989196,0.010633
AACCAAGACTTCTCTG-1,0.002077,0.775075,0.222848
AACCAGTATCACTCTT-1,0.001068,0.317001,0.681931
AACCATAGGGTTGAAC-1,0.000103,0.977929,0.021968
AACCATGGGATCGCTA-1,0.003704,0.889186,0.107109
AACCCAGAGACGGAGA-1,0.000171,0.188036,0.811793
AACCCATCCCATGATC-1,0.000021,0.352786,0.647193
AACCCTACTGTCAATA-1,0.000114,0.4713,0.528587
AACCGAGCTTGGTCAT-1,0.000099,0.859036,0.140864
AACCGCTAAGGGATGC-1,0.003969,0.398405,0.597626
AACCGTTGTGTTTGCT-1,0.000066,0.7389,0.261034
AACCTCGCTTTAGCCC-1,0.000072,0.724679,0.275249
AACCTTTAAATACGGT-1,0.000158,0.459756,0.540086
AACCTTTACGACGTCT-1,0.005051,0.633349,0.3616
AACGAAAGTCGTCCCA-1,0.000065,0.585508,0.414426
AACGATAATGCCGTAG-1,0.000187,0.289372,0.710441
AACGATATGTCAACTG-1,0.00029,0.527861,0.47185
AACGCATGATCTGGGT-1,0.000229,0.703546,0.296225
AACGCGAACGGCAACA-1,0.000032,0.054019,0.945949
AACGCGGTCTCCAGCC-1,0.000078,0.553677,0.446246
AACGCTGTTGCTGAAA-1,0.00014,0.622911,0.376949
AACGGACGTACGTATA-1,0.001024,0.450531,0.548445
AACGGCCATCTCCGGT-1,0.000318,0.723252,0.27643
AACGTACTGTGGGTAC-1,0.000517,0.919573,0.07991
AACGTCAGACTAGTGG-1,0.001111,0.309324,0.689565
AACGTGATGAAGGACA-1,0.001292,0.001939,0.996769
AACGTGCGAAAGTCTC-1,0.000167,0.843772,0.156062
AACGTTATCAGCACCT-1,0.000054,0.439096,0.56085
AACTACCCGTTTGTCA-1,0.000134,0.263368,0.736498
AACTAGGCTTGGGTGT-1,0.000035,0.445302,0.554663
AACTCAAGTTAATTGC-1,0.000403,0.417238,0.582359
AACTCCAGAGCGTGTT-1,0.000263,0.180051,0.819686
AACTCCTAATCCCATG-1,0.007408,0.977766,0.014826
AACTCGATAAACACGT-1,0.0001,0.897354,0.102546
AACTCGATGGCGCAGT-1,0.003221,0.671113,0.325666
AACTCTCAATAGAGCG-1,0.000066,0.278044,0.72189
AACTCTCAGTGTGCTC-1,0.001029,0.315919,0.683052
AACTGAGGTCAGCGTC-1,0.000159,0.237672,0.762168
AACTGATATTAGGCCT-1,0.000684,0.802223,0.197093
AACTGGGTCCCGACGT-1,0.000107,0.889166,0.110727
AACTTCTGCGTCTATC-1,0.00008,0.319182,0.680738
AACTTGCCCGTATGCA-1,0.000106,0.223385,0.776509
AACTTGCGTTCTCGCG-1,0.001434,0.556148,0.442418
AACTTTACGGGAGCTT-1,0.000074,0.914987,0.084939
AAGAAGGATCAGTTAG-1,0.00095,0.462636,0.536414
AAGACCAAATAACTCA-1,0.000279,0.928941,0.070781
AAGACTAACCCGTTGT-1,0.001331,0.672682,0.325987
AAGACTGCAAGCTACT-1,0.000067,0.896982,0.102951
AAGAGATGAATCGGTA-1,0.000128,0.259559,0.740314
AAGAGCTCTTTATCGG-1,0.0004,0.667201,0.3324
AAGAGGATGTACGCGA-1,0.002058,0.422312,0.57563
AAGAGGCATGGATCGC-1,0.000496,0.652924,0.34658
AAGATGGCACCGGACC-1,0.000315,0.481886,0.517799
AAGATTGGCGGAACGT-1,0.000588,0.319256,0.680156
AAGCACCCTGCGTATC-1,0.000057,0.368956,0.630987
AAGCATACTCTCCTGA-1,0.000427,0.600148,0.399425
AAGCCGAAGCGGTTTA-1,0.000204,0.254436,0.745361
AAGCGCAGGGCTTTGA-1,0.000283,0.684553,0.315163
AAGCGGCGTCATGGGT-1,0.007665,0.4655,0.526835
AAGCGTCCCTCATCGA-1,0.000455,0.342287,0.657257
AAGCTAGATCGAGTAA-1,0.00023,0.339835,0.659935
AAGCTCGTGCCAAGTC-1,0.000128,0.727251,0.272621
AAGCTCTTTCATGGTG-1,0.000311,0.651446,0.348243
AAGGATCGATCGCTTG-1,0.000055,0.343098,0.656847
AAGGATGAGGGACCTC-1,0.000231,0.517785,0.481983
AAGGCGCGTAAAGCTT-1,0.000593,0.574404,0.425003
AAGGCTGTGCTCATCG-1,0.000106,0.450323,0.549571
AAGGGAACGACTGGCT-1,0.000069,0.547156,0.452775
AAGGGACAGATTCTGT-1,0.000155,0.01165,0.988195
AAGGGACTATGCATTC-1,0.00006,0.832009,0.16793
AAGGGTTTGATTTCAG-1,0.000596,0.462317,0.537088
AAGGTATCCTAATATA-1,0.00202,0.43225,0.56573
AAGGTGATAAACCAGC-1,0.002179,0.851428,0.146393
AAGTAAGCTTCCAAAC-1,0.000331,0.47547,0.524199
AAGTAGTGACGCGAGG-1,0.000041,0.000062,0.999897
AAGTCAATTGTCGTCA-1,0.000326,0.535622,0.464052
AAGTCTTCTGTGGCCT-1,0.000163,0.893079,0.106758
AAGTGACGACCGAATT-1,0.006944,0.646646,0.346409
AAGTGCAAAGGTAGAC-1,0.000044,0.370476,0.62948
AAGTGCCTTGACTGTA-1,0.000116,0.371397,0.628487
AAGTGCGTTAGAATCT-1,0.000597,0.609075,0.390327
AAGTGTTTGGAGACGG-1,0.000215,0.876375,0.12341
AAGTTCACTCCAAGCT-1,0.000648,0.46417,0.535182
AAGTTCAGTCTGCGTA-1,0.000286,0.34017,0.659544
AAGTTCGGCCAACAGG-1,0.000316,0.756345,0.243339
AAGTTTACTAATGGCA-1,0.000074,0.963186,0.036739
AATAACAACGCTCGGC-1,0.000107,0.245814,0.75408
AATAACACTAGAACAA-1,0.000268,0.449342,0.550389
AATACAATGTTTCAGG-1,0.000057,0.185044,0.814899
AATAGAACAGAGTGGC-1,0.000198,0.362977,0.636825
AATAGAATCTGTTTCA-1,0.001899,0.668884,0.329217
AATAGCAAGCCTCCTG-1,0.000418,0.486968,0.512615
AATAGTCCGTCCCGAC-1,0.000486,0.502486,0.497028
AATAGTCGCGAGTCGG-1,0.000064,0.999808,0.000128
AATATCGAATCAATGC-1,0.000169,0.237031,0.762799
AATATCGAGGGTTCTC-1,0.000609,0.584489,0.414903
AATATTGGAGTATTGA-1,0.00239,0.554395,0.443215
AATCAGACTGCAGGAC-1,0.000198,0.649789,0.350013
AATCATGTAAAGACTC-1,0.000316,0.787396,0.212288
AATCCATGCAAGGGTG-1,0.001984,0.678452,0.319563
AATCGCCTCAGCGCCA-1,0.000332,0.68753,0.312138
AATCGCGCAGAGGACT-1,0.000163,0.26314,0.736697
AATCGGGACACTACGA-1,0.000619,0.998142,0.001239
AATCTAGGTTTACTTG-1,0.000576,0.544106,0.455318
AATCTATGCCGGAGCC-1,0.000144,0.36447,0.635386
AATCTCTACTGTGGTT-1,0.001807,0.847729,0.150464
AATCTGCGTTGGGACG-1,0.000024,0.10996,0.890016
AATCTGGCTTTCTAGT-1,0.001015,0.837265,0.16172
AATGACAGCAATGTCT-1,0.002137,0.334548,0.663315
AATGACGTAGGATGTC-1,0.000836,0.819934,0.17923
AATGAGTTCGCATATG-1,0.00463,0.986104,0.009266
AATGATGATACGCTAT-1,0.001416,0.694862,0.303722
AATGATGCGACTCCTG-1,0.000243,0.343517,0.65624
AATGCACCAAGCAATG-1,0.001502,0.675729,0.322769
AATGGTCCACCGTTCA-1,0.00028,0.793317,0.206404
AATGGTTCTCACAAGC-1,0.000671,0.444582,0.554746
AATGTATGGCACTGTA-1,0.000228,0.325218,0.674554
AATGTGCCCGAGGTGT-1,0.00056,0.163098,0.836343
AATTAAAGGTCGGCGT-1,0.000157,0.195552,0.804291
AATTAACGGATTTCCA-1,0.00008,0.687623,0.312297
AATTACGAGACCCATC-1,0.000547,0.400408,0.599045
AATTACTCGTACGCTC-1,0.000059,0.87783,0.122111
AATTAGCGCTGCAGCG-1,0.000103,0.638919,0.360979
AATTCATAAGGGATCT-1,0.001916,0.478716,0.519369
AATTCATTGTCATGCA-1,0.000202,0.745689,0.254109
AATTCCAACTTGGTGA-1,0.000164,0.999508,0.000328
AATTCCAAGCATGTAC-1,0.000075,0.784887,0.215038
AATTCGATTCGAGGAT-1,0.000468,0.940422,0.05911
AATTCTAGAGTTAGGC-1,0.000079,0.785021,0.2149
AATTGAACGCTCTGGT-1,0.000697,0.702006,0.297297
AATTGCGTGGATTACA-1,0.002678,0.42361,0.573712
AATTTGGGACATAGTA-1,0.007663,0.387066,0.60527
ACAAACCATGCGTCCT-1,0.000096,0.999712,0.000192
ACAAATCGCACCGAAT-1,0.000188,0.826737,0.173075
ACAAATGGTAGTGTTT-1,0.000682,0.758862,0.240456
ACAAATTCAGATCTGA-1,0.000175,0.717331,0.282494
ACAACAGCATGAGCTA-1,0.000077,0.726092,0.273831
ACAACGGTCCCTGCGA-1,0.000056,0.251255,0.748689
ACAAGCAGTGCCTAGC-1,0.00012,0.340363,0.659518
ACAAGCTATATGGAAG-1,0.000024,0.799113,0.200864
ACAAGGAAATCCGCCC-1,0.00021,0.649235,0.350555
ACAAGGACAAGAGGTT-1,0.000074,0.404684,0.595242
ACAAGGATGCTTTAGG-1,0.00014,0.466553,0.533306
ACAAGGGCAGGCTCTG-1,0.000157,0.857723,0.14212
ACAATAGTCGTACGTT-1,0.000168,0.614477,0.385354
ACAATCCATTTAAACC-1,0.000145,0.449099,0.550755
ACAATCGATCTTTATA-1,0.00473,0.658988,0.336281
ACAATGAATACGGAGA-1,0.00044,0.541593,0.457967
ACAATGATTCTTCTAC-1,0.000245,0.443958,0.555797
ACAATTGTGTCTCTTT-1,0.00042,0.74861,0.250969
ACAATTTAGGAGGCTC-1,0.000092,0.716735,0.283172
ACAATTTGAGCAGTGG-1,0.000193,0.573821,0.425986
ACACACCAGGACCAGT-1,0.005051,0.624367,0.370583
ACACACTTTCTACACG-1,0.000107,0.78016,0.219733
ACACATGATCAAATCT-1,0.000099,0.989529,0.010372
ACACATTGACGCAACA-1,0.000081,0.937808,0.062111
ACACCCGAGAAATCCG-1,0.000134,0.589245,0.410621
ACACCGAGCGCTCTTT-1,0.00007,0.954614,0.045316
ACACCGGTCTGACCGC-1,0.000185,0.815822,0.183994
ACACCTTAAGTAGGGC-1,0.000179,0.60494,0.394881
ACACCTTACTACTTGC-1,0.000025,0.000037,0.999938
ACACGAGACTCCTTCT-1,0.000111,0.665604,0.334285
ACACGGGAACTTAGGG-1,0.00011,0.947676,0.052214
ACACTCCAATGTCACT-1,0.00013,0.741001,0.258869
ACAGAACTGAGAACAA-1,0.000626,0.675315,0.324059
ACAGCATAGAGCCAGT-1,0.001053,0.485486,0.51346
ACAGCGACATTCTCAT-1,0.000306,0.502094,0.4976
ACAGCGCACCCGCAGC-1,0.003968,0.668103,0.327928
ACAGGAGGCGCAGCCG-1,0.000354,0.652403,0.347243
ACAGGCTTGCCCGACT-1,0.000361,0.143107,0.856532
ACAGGTGGAGGTGAGG-1,0.000244,0.681077,0.318678
ACAGTAATACAACTTG-1,0.000363,0.804746,0.194891
ACATAAGTCGTGGTGA-1,0.00008,0.183481,0.816439
ACATAATAAGGCGGTG-1,0.000072,0.89878,0.101148
ACATCAGCTGGGACGC-1,0.000108,0.807341,0.192551
ACATCCCGGCCATACG-1,0.000577,0.365442,0.633981
ACATCCTGGTAACTGT-1,0.0001,0.520886,0.479014
ACATCGATCGTTTACC-1,0.000049,0.767827,0.232124
ACATCGGTCAGCCGCG-1,0.000238,0.600858,0.398904
ACATCGTATGCAATGG-1,0.000585,0.886808,0.112607
ACATCGTTAACCTAGT-1,0.005421,0.98373,0.010849
ACATCTCAACGCGTAA-1,0.000436,0.665545,0.334019
ACATGGCGCCAAAGTA-1,0.000085,0.408814,0.591101
ACATGGCTCAATTTAG-1,0.00013,0.910797,0.089073
ACATTAGTTTATATCC-1,0.001434,0.7741,0.224467
ACCAACACCACACACT-1,0.000113,0.313776,0.686111
ACCAATATGCAAGTTA-1,0.000442,0.677347,0.322212
ACCACAACTCAGAACA-1,0.000814,0.360897,0.638289
ACCACCAATGTAACAA-1,0.000041,0.252055,0.747905
ACCACGTGCAGCTATA-1,0.000472,0.87878,0.120748
ACCACTGTTCAAGAAG-1,0.000068,0.842972,0.15696
ACCAGACCATAACAAC-1,0.000085,0.584689,0.415226
ACCAGTGCCCGGTCAA-1,0.000138,0.539392,0.46047
ACCAGTGCGGGAGACG-1,0.000441,0.6789,0.320659
ACCATCCGCCAACTAG-1,0.001522,0.995431,0.003046
ACCATCGTATATGGTA-1,0.000314,0.500337,0.499349
ACCATTAAGGGTGTCA-1,0.000071,0.952299,0.04763
ACCCAACGCCCGTGGC-1,0.000058,0.058701,0.941241
ACCCACCTACATGCTC-1,0.000343,0.214218,0.785439
ACCCATCTTGAGGGTA-1,0.000557,0.445421,0.554022
ACCCATTTGTCCCTCT-1,0.000203,0.469276,0.530522
ACCCGAGCGAAATTAC-1,0.000133,0.708931,0.290935
ACCCGGAAACTCCCAG-1,0.000056,0.530217,0.469727
ACCCGGATGACGCATC-1,0.000652,0.674609,0.324739
ACCCGGTTACACTTCC-1,0.000076,0.000114,0.999809
ACCCTATAGGACTGAG-1,0.00542,0.983728,0.010851
ACCCTATGCCATATCG-1,0.000068,0.000102,0.999831
ACCCTCCCTTGCTATT-1,0.000922,0.115712,0.883366
ACCCTTCATCTGCGAA-1,0.000151,0.803402,0.196446
ACCCTTTAGTTCTCCA-1,0.008547,0.974343,0.01711
ACCGAAGAGTCTGGTT-1,0.000101,0.807228,0.192671
ACCGACACATCTCCCA-1,0.000108,0.873364,0.126528
ACCGACTGAGTCCCAC-1,0.000173,0.844039,0.155788
ACCGATGGTAGCATCG-1,0.000038,0.177431,0.822531
ACCGCAATAACTGCCT-1,0.000362,0.870219,0.129419
ACCGCGGTGGAAGTCG-1,0.000083,0.50372,0.496197
ACCGGGCCTTTGTTGA-1,0.00018,0.438702,0.561118
ACCGGTCAGGTACACC-1,0.000046,0.651439,0.348515
ACCGTCCACTGGGCCC-1,0.002555,0.992333,0.005113
ACCTAAGTACCTTTCA-1,0.000161,0.343843,0.655996
ACCTAATCGACTTCCT-1,0.000065,0.141831,0.858104
ACCTACAGTATGTGGT-1,0.000143,0.059239,0.940618
ACCTACTATAAATCTA-1,0.000079,0.560409,0.439512
ACCTCCGCCCTCGCTG-1,0.000201,0.19329,0.806509
ACCTCCGTTATTCACC-1,0.000045,0.000068,0.999887
ACCTCGAACTTATGCT-1,0.00008,0.253846,0.746074
ACCTGCGTGTCATGTT-1,0.002315,0.818233,0.179452
ACGAAATGGGCGGCAC-1,0.000412,0.522223,0.477365
ACGAGAACCCATCACG-1,0.000081,0.512809,0.48711
ACGAGATATTTGCTTA-1,0.005169,0.66408,0.330752
ACGAGGATACCACTCT-1,0.002744,0.776562,0.220693
ACGAGGTTTACAACGT-1,0.000073,0.952596,0.047331
ACGAGTACGGATGCCC-1,0.000133,0.339246,0.660621
ACGAGTCGCCGGCGTT-1,0.000059,0.959438,0.040503
ACGATACATAGAACTA-1,0.000277,0.998698,0.001025
ACGATACCTATCCTGA-1,0.000045,0.910983,0.088972
ACGATCATACATAGAG-1,0.000091,0.815201,0.184708
ACGATCATCTTGTAAA-1,0.000163,0.538817,0.46102
ACGATGCATATGTTAT-1,0.000205,0.502385,0.497409
ACGCAATCACTACAGC-1,0.000287,0.313648,0.686065
ACGCATACGTTTACTA-1,0.000159,0.075859,0.923982
ACGCATTCGTGAGTAC-1,0.000036,0.431683,0.568281
ACGCCAGATGATTTCT-1,0.000186,0.622601,0.377213
ACGCCGCTAGACGACC-1,0.000692,0.565389,0.433918
ACGCCTGACACGCGCT-1,0.000478,0.80253,0.196992
ACGCGAAGTCAGACGA-1,0.000342,0.513149,0.486509
ACGCGCTACACAGGGT-1,0.006174,0.864473,0.129353
ACGCGGGCCAAGGACA-1,0.000057,0.841543,0.1584
ACGCGTTTCTTAAGAG-1,0.000054,0.851487,0.148459
ACGCTAGTGATACACT-1,0.00046,0.587862,0.411678
ACGCTGTGAGGCGTAG-1,0.000156,0.803777,0.196067
ACGGAATTTAGCAAAT-1,0.001646,0.75915,0.239203
ACGGACTCTCAAAGCG-1,0.000079,0.891232,0.10869
ACGGAGCGCAAATTAC-1,0.000861,0.001293,0.997846
ACGGATGGTGCGGATA-1,0.000144,0.564521,0.435334
ACGGCACTTGCTTGGG-1,0.000712,0.997862,0.001426
ACGGCGACGATGGGAA-1,0.000126,0.396838,0.603035
ACGGCGGGTTGCCCTG-1,0.004831,0.638499,0.35667
ACGGCTGGATGTAGAA-1,0.000073,0.716488,0.283439
ACGGGAGTGTCGGCCC-1,0.00313,0.636155,0.360715
ACGGGTCATGTGACTT-1,0.000062,0.778465,0.221473
ACGTACAGATTTCTCT-1,0.000682,0.428849,0.570469
ACGTAGATTGCTGATG-1,0.000181,0.849641,0.150177
ACGTATTACTCCGATC-1,0.000151,0.598013,0.401837
ACGTCTCGTTCCGGGA-1,0.00003,0.577787,0.422183
ACGTGACAAAGTAAGT-1,0.000027,0.666882,0.333091
ACGTGCGCCTCGTGCA-1,0.00016,0.942091,0.057749
ACGTTAATGTCGAAGA-1,0.000593,0.907004,0.092403
ACGTTAGATTTGCCCG-1,0.000505,0.518522,0.480973
ACGTTATTGGTCACTC-1,0.000093,0.808067,0.191841
ACGTTCGCAATCAATT-1,0.000155,0.201722,0.798123
ACGTTTAGTTGTGATC-1,0.000505,0.576588,0.422907
ACTAATACGTCAGGCG-1,0.002268,0.754793,0.242939
ACTACATCCCGACAAG-1,0.000043,0.495719,0.504238
ACTACCAGCTCTCTGG-1,0.001048,0.422232,0.57672
ACTACGCGTTAGAATT-1,0.00078,0.512271,0.486949
ACTAGTTGCGATCGTC-1,0.000224,0.35881,0.640966
ACTATATGCTGTGTTC-1,0.003767,0.400449,0.595785
ACTATCCAGGGCATGG-1,0.000066,0.473025,0.526909
ACTATCGCCGGCTAAA-1,0.000037,0.978762,0.021201
ACTATGTCCAGCTGCC-1,0.000433,0.823742,0.175825
ACTATTCGTCCGTGGT-1,0.004535,0.986388,0.009077
ACTCAACGAATGTATT-1,0.000173,0.111544,0.888283
ACTCAAGTGCAAGGCT-1,0.000124,0.642954,0.356922
ACTCAATAAAGGCACG-1,0.000078,0.761842,0.23808
ACTCCCATTCCTAAAG-1,0.000756,0.89171,0.107534
ACTCCCGAATTCGTTT-1,0.000161,0.49389,0.505949
ACTCCCTAATGCTAAA-1,0.000058,0.878299,0.121643
ACTCCCTAGAATAGTA-1,0.000516,0.933063,0.066421
ACTCGATGTATTTCAT-1,0.000083,0.836762,0.163154
ACTCGTAACCCGTCCT-1,0.001443,0.880776,0.117781
ACTCGTCAGTAATCCC-1,0.00037,0.939764,0.059866
ACTCTAAACCTGGGAT-1,0.000028,0.999917,0.000055
ACTCTCTGACTTAGGT-1,0.000238,0.463976,0.535786
ACTCTCTTATACACGA-1,0.004274,0.616785,0.378941
ACTCTTGTATAGTAAC-1,0.000086,0.384963,0.61495
ACTGAAACGCCGTTAG-1,0.0009,0.441311,0.557789
ACTGAATGGCGAAAGT-1,0.000219,0.654962,0.344819
ACTGATTTAGTGATTC-1,0.000383,0.866804,0.132813
ACTGCCGTCGTAACTC-1,0.000266,0.816798,0.182935
ACTGCTCGGAAGGATG-1,0.000052,0.609588,0.39036
ACTGTACGATACACAT-1,0.000406,0.632507,0.367086
ACTGTAGCACTTTGGA-1,0.000357,0.408045,0.591598
ACTGTATACGCGAGCA-1,0.000123,0.42398,0.575897
ACTGTCTTCTTTAGAA-1,0.000109,0.856772,0.143119
ACTGTGCTAGTAGATC-1,0.005848,0.18335,0.810802
ACTGTTTAGTGTAGGC-1,0.001195,0.645901,0.352905
ACTTACCGGGCGCGCA-1,0.004115,0.506521,0.489363
ACTTACGCATCCACGC-1,0.000176,0.664361,0.335463
ACTTAGTACGACAAGA-1,0.00342,0.435071,0.561509
ACTTATACTTACCCGG-1,0.000041,0.206073,0.793886
ACTTATCTGATCTATA-1,0.000322,0.691776,0.307903
ACTTATTTATGTGCCA-1,0.002339,0.521462,0.476199
ACTTCAGGCTGATCCC-1,0.000395,0.577516,0.422089
ACTTCCAGTGGAAGCT-1,0.00097,0.093665,0.905365
ACTTCCATGCGGGACA-1,0.000448,0.431258,0.568294
ACTTCGCCATACGCAC-1,0.000039,0.000058,0.999903
ACTTGACTCCCTCTTT-1,0.000177,0.828555,0.171268
ACTTGTAGTCCCTTCA-1,0.000053,0.960958,0.038989
ACTTGTGGATGGAACG-1,0.000411,0.407387,0.592203
ACTTTACCCTCATGAA-1,0.000065,0.325571,0.674364
ACTTTCCTATAGCTTC-1,0.000062,0.760869,0.239069
ACTTTGACTGCATCCT-1,0.000308,0.992957,0.006735
ACTTTGGTCGTGCTCC-1,0.000114,0.768818,0.231069
AGAACCCTCAATTGGG-1,0.000048,0.136089,0.863863
AGAACGTGGTACATTC-1,0.000267,0.826598,0.173135
AGAAGAGCGCCGTTCC-1,0.000583,0.332138,0.667279
AGAAGGTACACTTCAC-1,0.001221,0.461187,0.537592
AGAAGGTTGCCGAATT-1,0.000237,0.170478,0.829285
AGAAGGTTGTAGGTCG-1,0.000067,0.480971,0.518963
AGAAGTGATTCGTGAT-1,0.001228,0.591409,0.407363
AGAATAAATCTTCAGG-1,0.000848,0.6827,0.316451
AGAATGCGGGTTCGGA-1,0.000448,0.364315,0.635237
AGAATTATGGATTCGA-1,0.000037,0.060336,0.939627
AGAATTGTTTGACATA-1,0.000199,0.790314,0.209487
AGACAGCTCAGAATCC-1,0.000112,0.903305,0.096583
AGACCAAACCACACCT-1,0.000112,0.590627,0.409261
AGACCATGGGATACAA-1,0.000098,0.000147,0.999755
AGACCCACCGCTGATC-1,0.000357,0.473089,0.526554
AGACCGCTCCGCGGTT-1,0.000213,0.401961,0.597826
AGACCGGGAAACCCTG-1,0.00025,0.719399,0.280351
AGACGAAGTGCCGGTC-1,0.000276,0.775411,0.224313
AGACGACGATGCCGCT-1,0.001837,0.527769,0.470395
AGACGGGCCGATTTAA-1,0.000137,0.52201,0.477854
AGACTAGCCTTCCAGA-1,0.000058,0.05171,0.948232
AGAGAACCGTCTAGGA-1,0.00026,0.405659,0.594081
AGAGAAGGAGTACAAT-1,0.000302,0.701645,0.298052
AGAGATCTCTAAAGCG-1,0.00007,0.477168,0.522763
AGAGCAGTTATGAGAC-1,0.00097,0.645382,0.353647
AGAGCGGGCTAATCAT-1,0.000252,0.84987,0.149879
AGAGCGTACAAGCTCG-1,0.000064,0.000096,0.99984
AGAGCTACGAAAGCAT-1,0.000133,0.999601,0.000266
AGAGGCTTCGGAAACC-1,0.000204,0.254532,0.745264
AGAGTAAACTTCACTA-1,0.000074,0.370581,0.629345
AGAGTTAGAGACCGAT-1,0.000281,0.647721,0.351997
AGATAACTTCAGGGCC-1,0.000313,0.30446,0.695228
AGATACCGGTGTTCAC-1,0.000219,0.558917,0.440864
AGATACGACTTCATAT-1,0.000832,0.36826,0.630908
AGATACTCAAGATCGA-1,0.000328,0.616112,0.38356
AGATATAATACGACTA-1,0.000121,0.938968,0.06091
AGATCGTGCATAAGAT-1,0.004193,0.369432,0.626375
AGATCTCAGGTGTGAT-1,0.000241,0.602381,0.397378
AGATGAGGGTTGCGAT-1,0.003086,0.458997,0.537917
AGATGATGGAGTCTGG-1,0.000089,0.5763,0.423611
AGATGCAAGACGTGCA-1,0.00007,0.934177,0.065754
AGATGCATCCTGTGTC-1,0.000045,0.999864,0.000091
AGATGCTATAACGAGC-1,0.000052,0.804227,0.195721
AGATTCACAACCGATA-1,0.000177,0.645522,0.354301
AGCAAAGGCCGCTAGT-1,0.000062,0.515393,0.484545
AGCAACATATCTTATT-1,0.000171,0.346857,0.652971
AGCAACCGAAAGTAAT-1,0.000034,0.494036,0.50593
AGCACCAGTACTCACG-1,0.000134,0.875943,0.123923
AGCACTACCGGCCTGT-1,0.000205,0.840939,0.158856
AGCACTACCTCACCAG-1,0.000157,0.601162,0.398682
AGCACTTAAGGACGCC-1,0.000054,0.291744,0.708201
AGCAGAAGGAGAAAGA-1,0.000032,0.342053,0.657915
AGCAGCCAGATGAATA-1,0.00008,0.676635,0.323285
AGCATATCAATATGCT-1,0.000176,0.267442,0.732382
AGCATCATTTCGAAAG-1,0.000206,0.360379,0.639415
AGCCAAGCTTTGTGTC-1,0.000066,0.737494,0.26244
AGCCACAGGTTACCCG-1,0.000258,0.601751,0.397992
AGCCACTCCCGTGCTT-1,0.000274,0.302386,0.69734
AGCCCATACATGTAAG-1,0.003704,0.712592,0.283704
AGCCCTAAGCGAAGTT-1,0.000896,0.619215,0.379888
AGCCCTTCTAATCCGA-1,0.000177,0.472474,0.52735
AGCCGCAAATTCAAAT-1,0.000101,0.84934,0.150558
AGCCGCTTGATTAGCG-1,0.000036,0.897295,0.102669
AGCCGTGGCTAAATGT-1,0.000384,0.657638,0.341979
AGCCTAATACCCACGT-1,0.000103,0.677302,0.322595
AGCCTTAAAGCGGAAG-1,0.000119,0.999643,0.000238
AGCGACAGGAACGGTC-1,0.001883,0.934058,0.064059
AGCGCGGGTGCCAATG-1,0.0022,0.537178,0.460622
AGCGCTTATGGGCAAG-1,0.003175,0.590972,0.405853
AGCGGACACTTCGTAG-1,0.000153,0.947251,0.052596
AGCGGCGGTTAGCGGT-1,0.000047,0.565195,0.434758
AGCGGGAAGGGTCCAT-1,0.000154,0.229815,0.770032
AGCGGGTCTGACACTC-1,0.000062,0.182066,0.817872
AGCGTACGAGAGCTAG-1,0.000181,0.910441,0.089378
AGCGTAGCGCTAGACC-1,0.002963,0.991106,0.005931
AGCGTCTGAACCCGCA-1,0.000185,0.241868,0.757946
AGCGTGGTATTCTACT-1,0.000524,0.545527,0.453949
AGCTAAGTACGCAGGC-1,0.000026,0.575311,0.424663
AGCTAGAAGCAGAAGT-1,0.000918,0.623146,0.375936
AGCTATTTAATCCAAC-1,0.000648,0.998055,0.001297
AGCTCCTTCGCACATC-1,0.002077,0.594152,0.40377
AGCTCTAGACGTTCCA-1,0.000113,0.791121,0.208766
AGCTCTTCCCAGTGCA-1,0.004274,0.721973,0.273753
AGCTCTTCGTAACCTT-1,0.000048,0.274899,0.725054
AGCTCTTTACTCAGTT-1,0.649175,0.348556,0.002269
AGCTGAAGTAAACCAA-1,0.002677,0.523806,0.473517
AGCTGTAACCTCAATC-1,0.00093,0.749497,0.249573
AGCTTGATCTTAACTT-1,0.001671,0.994985,0.003344
AGGAAAGCCTCTGATG-1,0.000359,0.770639,0.229002
AGGAAGCTGTCCGCCG-1,0.000052,0.348739,0.651209
AGGACAGTCGAATCCC-1,0.001764,0.666422,0.331814
AGGACATCGCACGTCG-1,0.000448,0.5998,0.399752
AGGACGACCCATTAGA-1,0.000216,0.33606,0.663724
AGGACGCTCGATGTTG-1,0.004274,0.739083,0.256644
AGGACTTATAGGAGAA-1,0.000049,0.953931,0.04602
AGGAGGCCTTCGCGCG-1,0.000102,0.480498,0.5194
AGGATAAAGTCGGGAT-1,0.000114,0.719199,0.280687
AGGATATAGGGATTTA-1,0.000149,0.418222,0.581629
AGGATCACGCGATCTG-1,0.000797,0.607127,0.392077
AGGCAAAGAGGAATCA-1,0.000127,0.52492,0.474953
AGGCAATACGGAGGAC-1,0.000096,0.757242,0.242663
AGGCAGATGCGTAAAC-1,0.000066,0.162419,0.837515
AGGCATTGTCGTAGGG-1,0.000224,0.214476,0.7853
AGGCCACCCGTTATGA-1,0.000202,0.390016,0.609783
AGGCCCAGTGACTGGT-1,0.00011,0.958864,0.041026
AGGCCCTAGAACGCCA-1,0.000278,0.812871,0.18685
AGGCCTGAGAATCTCG-1,0.000103,0.474657,0.52524
AGGCGGTTTGTCCCGC-1,0.000086,0.995158,0.004756
AGGCGTCTATGGACGG-1,0.000283,0.420061,0.579656
AGGCTATGGTTAGCTT-1,0.000031,0.000047,0.999922
AGGCTTCCCGAAGAAG-1,0.000254,0.633197,0.36655
AGGCTTGCTAGACACC-1,0.000042,0.287484,0.712473
AGGGAAACGAGGTACT-1,0.001201,0.650867,0.347932
AGGGACCGGCTGCGTT-1,0.000052,0.145227,0.854721
AGGGCAGCGGCGTGGT-1,0.004115,0.513356,0.482529
AGGGCGAGCAGCTGAT-1,0.002058,0.993824,0.004118
AGGGCTGCAGTTACAG-1,0.00011,0.743209,0.256681
AGGGTCGATGCGAACT-1,0.000188,0.446556,0.553256
AGGGTGCTCTCGAGGG-1,0.000047,0.085364,0.914589
AGGGTGGATAGTGCAT-1,0.000091,0.826962,0.172948
AGGGTTCCCTTTGGTT-1,0.000405,0.34023,0.659365
AGGGTTTAGTTCGGGA-1,0.000061,0.854817,0.145121
AGGTAACCTCCTATTC-1,0.000235,0.543389,0.456376
AGGTACGATATTGCCA-1,0.002039,0.823454,0.174507
AGGTAGGTACAAAGCT-1,0.000042,0.000064,0.999894
AGGTATAATTGATAGT-1,0.000042,0.246923,0.753035
AGGTCAGGTGAGAGTG-1,0.002245,0.866498,0.131257
AGGTCGCCACTTCGGT-1,0.001038,0.586241,0.412721
AGGTCGCGGAGTTACT-1,0.000148,0.353179,0.646673
AGGTGGTGACCTTCGC-1,0.000347,0.353484,0.646169
AGGTGTATCGCCATGA-1,0.000101,0.803168,0.196731
AGGTTCTCCTTTCCGG-1,0.000715,0.414836,0.584449
AGGTTGAGGCACGCTT-1,0.000176,0.716888,0.282936
AGGTTTCACACACCTT-1,0.00014,0.627639,0.372221
AGTAACGTTCATCCTG-1,0.000193,0.27396,0.725847
AGTAATGTCTTGCCGC-1,0.000136,0.593519,0.406345
AGTAATTTGCAAGCGT-1,0.002469,0.364596,0.632934
AGTACATCATTTATCA-1,0.000028,0.000042,0.999931
AGTACCTTCGAGTGCT-1,0.002678,0.451256,0.546067
AGTACGGCCCGTATCG-1,0.000279,0.999162,0.000559
AGTACGGGCACCTGGC-1,0.000322,0.999033,0.000645
AGTACGTGGCCTGTCT-1,0.00542,0.983732,0.010848
AGTACTCTTATGCCCA-1,0.000277,0.188761,0.810962
AGTAGAAGGCGCCTCA-1,0.000276,0.607602,0.392122
AGTAGGAAGGAAGTTG-1,0.001554,0.575831,0.422614
AGTATAATACTAGGCA-1,0.000214,0.286096,0.71369
AGTATCCATAATAACG-1,0.003003,0.638516,0.358481
AGTATGCTGGAGACCA-1,0.000065,0.70899,0.290944
AGTCAACACCACCATC-1,0.000094,0.376235,0.623671
AGTCAAGATGACACTT-1,0.000334,0.485167,0.514499
AGTCACTAGCTCTCGA-1,0.000264,0.77105,0.228686
AGTCACTCCGCCTCAT-1,0.003704,0.374809,0.621487
AGTCAGCCACCGCCTG-1,0.00463,0.847119,0.148252
AGTCCAGCGGGTACGT-1,0.000157,0.999528,0.000315
AGTCCATTGGCTGATG-1,0.000181,0.350346,0.649472
AGTCCCGCCTTTAATT-1,0.000588,0.031695,0.967717
AGTCGACGGTCTCAAG-1,0.000056,0.138331,0.861613
AGTCGGCCCAAACGAC-1,0.000585,0.077731,0.921684
AGTCGGCTCAACTTTA-1,0.003268,0.700645,0.296087
AGTCGGTTGCGTGAGA-1,0.000028,0.000042,0.999929
AGTCGTATAAAGCAGA-1,0.000051,0.558922,0.441027
AGTCGTCGACCACCAA-1,0.000387,0.502151,0.497462
AGTCGTGGGCATTACG-1,0.00028,0.543171,0.456549
AGTCTAAAGTATACTC-1,0.000121,0.058469,0.94141
AGTCTCACAAGACTAC-1,0.000268,0.451949,0.547783
AGTCTGGACATCCTTG-1,0.003643,0.719462,0.276895
AGTCTTCTCCTCAAAT-1,0.00008,0.986962,0.012958
AGTGAACAAACTTCTC-1,0.000131,0.540043,0.459826
AGTGAGACTTCCAGTA-1,0.000138,0.312578,0.687284
AGTGAGCCTCGCCGCC-1,0.000087,0.525024,0.474888
AGTGAGGGTTTCTGAC-1,0.006735,0.979788,0.013477
AGTGATAACCTGCGCG-1,0.000357,0.371955,0.627688
AGTGATATGAGTAGTT-1,0.000155,0.401279,0.598566
AGTGATTCAAGCAGGA-1,0.000177,0.199866,0.799957
AGTGCACGCTTAAGAA-1,0.000216,0.871675,0.128109
AGTGCGTAGCTCGTAA-1,0.000324,0.639069,0.360606
AGTGCTAAACACAGCA-1,0.000232,0.316402,0.683366
AGTGCTTGCACGAATA-1,0.00009,0.238898,0.761011
AGTGGCGGCAATTTGA-1,0.005698,0.434032,0.56027
AGTGGCGTCTGAAGGT-1,0.000116,0.125087,0.874798
AGTGGCTCCGTCGGCC-1,0.000098,0.433338,0.566564
AGTGGGAGTATACACG-1,0.000438,0.718558,0.281004
AGTGGTGTTACCCGTG-1,0.000046,0.846214,0.15374
AGTGGTTGCGTATAGG-1,0.000081,0.870359,0.12956
AGTGTATTGCGCATTG-1,0.004728,0.282708,0.712563
AGTGTGCTAAGATCGC-1,0.000094,0.684879,0.315027
AGTGTGGTCTATTGTG-1,0.000158,0.213085,0.786757
AGTTAAACACTTGCGA-1,0.000186,0.352035,0.647779
AGTTAAGCGGTCCCGG-1,0.000334,0.900983,0.098684
AGTTAAGTCAACCGCT-1,0.000345,0.713903,0.285752
AGTTACCCTTAAGACT-1,0.000074,0.818186,0.181741
AGTTACCGCACATGGT-1,0.000063,0.443948,0.55599
AGTTACTCTATCGTGG-1,0.002201,0.859589,0.13821
AGTTCACCGGTTGGAC-1,0.000067,0.712176,0.287757
AGTTCCTATTTATGTT-1,0.000332,0.696708,0.30296
AGTTCTGCGTTGTATC-1,0.000428,0.807788,0.191784
AGTTGACATCGGCTGG-1,0.00926,0.972207,0.018533
AGTTGACGGTCCTTGC-1,0.000164,0.97051,0.029326
AGTTGCGGTCCTCAAC-1,0.000532,0.4514,0.548069
AGTTGCTGACTGATAT-1,0.001502,0.288549,0.709949
AGTTTCGCAGGTCGGA-1,0.000085,0.887969,0.111946
AGTTTGCACCTGCCTC-1,0.000092,0.573071,0.426837
AGTTTGGCACGGGTTG-1,0.00024,0.330978,0.668782
AGTTTGGCCAGACCTA-1,0.000401,0.180596,0.819003
ATAAACGGACCCGTAA-1,0.000032,0.689186,0.310782
ATAAAGGCTCGGTCGT-1,0.000102,0.315032,0.684865
ATAAAGGTCAAGTACG-1,0.000302,0.582533,0.417164
ATAAATATTAGCAGCT-1,0.000396,0.670799,0.328805
ATAACGCCGGAGGGTC-1,0.001867,0.549491,0.448642
ATAACGGAGTCCAACG-1,0.00049,0.90847,0.09104
ATAAGGTGGAGAACAT-1,0.000244,0.695889,0.303867
ATAAGTAGGATTCAGA-1,0.000188,0.390057,0.609756
ATAAGTAGGGCGACTC-1,0.000042,0.073905,0.926054
ATAATACCGTTAGCCG-1,0.000302,0.76753,0.232169
ATAATAGCTGTTGAAT-1,0.000092,0.645807,0.354101
ATAATAGTGTAGGGAC-1,0.002813,0.870876,0.126311
ATAATCTTGGAGAACC-1,0.00009,0.905527,0.094382
ATAATTAGCTAAGTAG-1,0.000074,0.919449,0.080477
ATACAGGCCCTCCAAT-1,0.00019,0.412652,0.587159
ATACCACGGGCAACTT-1,0.000036,0.000054,0.99991
ATACCAGCAAATTGCT-1,0.000038,0.82147,0.178492
ATACCCTGGCTCAAAT-1,0.009259,0.711274,0.279467
ATACCTAACCAAGAAA-1,0.000068,0.821232,0.1787
ATACGCCGATCTACCG-1,0.000246,0.585986,0.413768
ATACGCCGGCGAAACC-1,0.000103,0.918749,0.081148
ATACGGAACGTCGTTT-1,0.000051,0.56893,0.431019
ATACGGGTTTCGATTG-1,0.001315,0.198788,0.799897
ATACGGTGAAGATGCA-1,0.000051,0.672061,0.327888
ATACGTACTTAGCCAC-1,0.000185,0.755211,0.244604
ATACGTCCACTCCTGT-1,0.00011,0.301895,0.697995
ATACGTTATGCACGGA-1,0.000083,0.441057,0.55886
ATACTAGCATGACCCT-1,0.000106,0.887153,0.112741
ATACTCTCGCCACTCT-1,0.004274,0.564201,0.431526
ATACTGCCTTACACCG-1,0.0002,0.538102,0.461698
ATACTTGTTCTCGAGC-1,0.000073,0.812962,0.186964
ATAGACAACGGGACCT-1,0.000034,0.085494,0.914472
ATAGACGAAGAGAAAG-1,0.000152,0.427806,0.572042
ATAGAGTTATCAACTT-1,0.00007,0.218866,0.781064
ATAGCAACTAGGGAAG-1,0.000276,0.547651,0.452072
ATAGCCTCAGTACCCA-1,0.000124,0.946333,0.053543
ATAGCTGCTCTTGTTA-1,0.000081,0.842188,0.157731
ATAGGCGGCTATAGAA-1,0.000485,0.655509,0.344005
ATAGGCTAGCTTCGCA-1,0.008889,0.481113,0.509998
ATAGGGATATCCTTGA-1,0.000138,0.822274,0.177588
ATAGGTTGGGCAGATG-1,0.000107,0.916047,0.083845
ATAGTTCCACCCACTC-1,0.000253,0.48009,0.519657
ATATAAAGCGCTCGTG-1,0.00007,0.555409,0.444522
ATATAAATGTAGCTGC-1,0.000788,0.560146,0.439066
ATATAGAGTATTGGTC-1,0.000109,0.733558,0.266333
ATATCAACCTACAGAG-1,0.000102,0.554975,0.444923
ATATCAATTCCAGCCT-1,0.000076,0.616063,0.383861
ATATCGGTAGGGAGAT-1,0.000085,0.265254,0.734661
ATATCGTTCCTCGAAC-1,0.00046,0.386583,0.612957
ATATCTCCCTCGTTAA-1,0.003704,0.875811,0.120485
ATATCTTAGGGCCTTC-1,0.000072,0.827445,0.172483
ATATGGGATAGCAACT-1,0.0022,0.823118,0.174682
ATATGTCTCCCTAGCC-1,0.000096,0.364292,0.635613
ATATTATCCCGTATTT-1,0.000047,0.70824,0.291713
ATATTCAGTTAAACCT-1,0.000422,0.865582,0.133997
ATATTCCACATAGTGA-1,0.000335,0.741552,0.258112
ATATTCCCACAGGTCA-1,0.000032,0.180122,0.819846
ATATTGCTGTCAAAGT-1,0.003899,0.449939,0.546162
ATCAAACACTGTTCCA-1,0.000059,0.29023,0.709712
ATCAAACGAAGGTTTG-1,0.001195,0.996414,0.002391
ATCAAGATCCCAGGAC-1,0.000485,0.525783,0.473731
ATCAATCTGGGCTGCA-1,0.000115,0.969094,0.030792
ATCAATGCCGTGGCTG-1,0.000054,0.622032,0.377914
ATCACATTAGAATATC-1,0.000383,0.598893,0.400725
ATCACGTGCTAATTAA-1,0.000142,0.655309,0.344549
ATCACTTCATCCTCGC-1,0.000315,0.506374,0.493312
ATCAGACGGCACGCCG-1,0.000247,0.56205,0.437703
ATCAGCCTCATGCTGC-1,0.000271,0.397349,0.60238
ATCAGCTCGTCCACTA-1,0.003767,0.988695,0.007539
ATCAGGTCGCCATTGC-1,0.0039,0.780714,0.215386
ATCAGTAGGCAGGGAT-1,0.002584,0.19864,0.798776
ATCCAACGCAGTCATA-1,0.000273,0.595469,0.404258
ATCCAATGGAGGGTCC-1,0.008547,0.57757,0.413883
ATCCAATGGTACCGAA-1,0.00004,0.777592,0.222369
ATCCACATCGACAGAA-1,0.000103,0.872503,0.127394
ATCCACGCTAAATGTT-1,0.001201,0.578834,0.419965
ATCCAGGATTCGTGAA-1,0.000069,0.000104,0.999827
ATCCCATCCACAGCGC-1,0.000053,0.401323,0.598625
ATCCCATTTCCGTGGG-1,0.000624,0.000937,0.998439
ATCCTACCTAAGCTCT-1,0.000129,0.346524,0.653347
ATCCTGAATCGCTGCG-1,0.002813,0.568081,0.429106
ATCCTGCGTGGAATGG-1,0.000166,0.388857,0.610977
ATCGACCCAATACAGA-1,0.000044,0.5461,0.453856
ATCGACTCTTTCCGTT-1,0.000105,0.999685,0.00021
ATCGCACGATTGTTCA-1,0.000102,0.869166,0.130732
ATCGCCAGTCAACATT-1,0.000098,0.328169,0.671733
ATCGCTGCGTGCAGCA-1,0.000141,0.416934,0.582925
ATCGGAGACAGACGGC-1,0.000294,0.756783,0.242923
ATCGGCAAGCAGTCCA-1,0.00463,0.838245,0.157125
ATCGGTTACCTAGTAA-1,0.000115,0.833225,0.16666
ATCGTATTCCGAGAAC-1,0.000017,0.742826,0.257157
ATCGTCCAATCGAGTC-1,0.000119,0.974565,0.025315
ATCGTGGAAAGTCTGG-1,0.000219,0.93006,0.069722
ATCGTTAGCTAGCGGA-1,0.000128,0.028806,0.971066
ATCGTTCACTTTCGCC-1,0.003899,0.516659,0.479442
ATCTAACGTCCCTATG-1,0.000024,0.611517,0.388459
ATCTAATATCCTACGG-1,0.001425,0.563563,0.435012
ATCTAGCTTGTGAGGG-1,0.000128,0.881399,0.118474
ATCTATCGATGATCAA-1,0.000039,0.991048,0.008913
ATCTCCCTGCAATCTA-1,0.000259,0.992067,0.007673
ATCTGATAGTGTCTTA-1,0.000067,0.72214,0.277793
ATCTGCACCTCTGCGA-1,0.000173,0.567366,0.432461
ATCTGCTGTTATCGCC-1,0.000065,0.664164,0.33577
ATCTGGGCTGTTCTTG-1,0.000166,0.986989,0.012845
ATCTGGTTAAGACTGT-1,0.0003,0.960665,0.039036
ATCTTAGGGCATTAAT-1,0.002554,0.76476,0.232686
ATCTTGACCTGCAACG-1,0.000081,0.22537,0.774549
ATCTTGACTTGTCCAA-1,0.000028,0.001533,0.998439
ATGAAGTGGACCCAGC-1,0.000048,0.907874,0.092078
ATGACGCGTTCTATCC-1,0.000244,0.503234,0.496522
ATGACTATGCGACATT-1,0.00601,0.526222,0.467768
ATGAGGAGTGTTAATC-1,0.000382,0.44231,0.557309
ATGCACCTTCCTTAAT-1,0.000085,0.999745,0.00017
ATGCACGCGCTGTTCA-1,0.00013,0.841305,0.158565
ATGCACTACCGCATTG-1,0.000084,0.188284,0.811631
ATGCATGATCCAGGAT-1,0.000109,0.989923,0.009969
ATGCCAATCGCTCTGC-1,0.00025,0.470841,0.528909
ATGCCATTTGCGACCA-1,0.001277,0.422796,0.575927
ATGCCGGTCTTGCATA-1,0.000839,0.77196,0.227202
ATGCCGGTTGATGGGA-1,0.001452,0.805865,0.192683
ATGCGACAATTGGTCC-1,0.000367,0.373158,0.626474
ATGCGACAGTCCCATT-1,0.000165,0.558726,0.441109
ATGCGAGTCCCACCAC-1,0.000114,0.416234,0.583652
ATGCTCAGTGTTGCAT-1,0.000545,0.296956,0.702499
ATGCTCTGGCGCGGTA-1,0.000093,0.772428,0.22748
ATGGAAATTTAAGGAG-1,0.000038,0.702658,0.297304
ATGGAGCAGGCCGTGA-1,0.000121,0.686017,0.313861
ATGGATCCGGCGTCCG-1,0.000227,0.953076,0.046696
ATGGATTGACCAAACG-1,0.000046,0.916716,0.083238
ATGGCAGCATTACGAT-1,0.000055,0.573048,0.426897
ATGGCAGCCGAGAAAC-1,0.000054,0.717698,0.282248
ATGGCTGGAAATGGCC-1,0.001792,0.994621,0.003587
ATGGGACCTGCTGAAC-1,0.000246,0.637034,0.36272
ATGGGCCTCGGCCTCT-1,0.002614,0.907524,0.089861
ATGGTATTTACTGATT-1,0.000703,0.832138,0.167159
ATGGTCGCGTGGTTTC-1,0.000554,0.753701,0.245745
ATGTAAGGCTGCTCTT-1,0.000087,0.005744,0.994169
ATGTACGATGACGTCG-1,0.000047,0.00007,0.999883
ATGTCATTTCCCATTG-1,0.000072,0.858265,0.141664
ATGTGAAAGCCTAATG-1,0.003704,0.722808,0.273488
ATGTGGACATCTTGAT-1,0.000389,0.832193,0.167418
ATGTGTAGTTTAGTCA-1,0.000802,0.605571,0.393626
ATGTTACGAGCAATAC-1,0.003831,0.5591,0.437068
ATGTTCCTGCCCACCT-1,0.000071,0.719333,0.280596
ATGTTCGTCGACCCAC-1,0.000085,0.877264,0.122651
ATTAAACATGCGGACC-1,0.001001,0.400128,0.598871
ATTAAAGCGGACGAGC-1,0.000174,0.7359,0.263927
ATTAACACCTGAGATA-1,0.000033,0.969453,0.030513
ATTAATACTACGCGGG-1,0.000123,0.923924,0.075953
ATTAATGAACCAGTCG-1,0.000143,0.815018,0.184839
ATTAATTCGGTCACTC-1,0.000623,0.696736,0.302642
ATTACAACTACCGGCC-1,0.000142,0.798791,0.201068
ATTACATGTCAGTCTT-1,0.000159,0.413358,0.586483
ATTACGCGCTGGCAGG-1,0.007169,0.978482,0.01435
ATTACGGGCTACGGTT-1,0.000669,0.776939,0.222391
ATTACTTACTGGGCAT-1,0.000205,0.508339,0.491457
ATTAGATTCCTCAGCA-1,0.003969,0.564387,0.431644
ATTAGGCGATGCTTTC-1,0.000277,0.82382,0.175903
ATTATACTTTGCTCGT-1,0.000235,0.56873,0.431035
ATTATCGGAATGTACG-1,0.000106,0.49704,0.502854
ATTATCTCGACAGATC-1,0.0008,0.898774,0.100427
ATTATGAGACCCAATT-1,0.000261,0.999217,0.000522
ATTATTATGTCCGTCA-1,0.000239,0.564472,0.435289
ATTCAAAGTACCTGTT-1,0.000073,0.9132,0.086727
ATTCAACCATTTAAGG-1,0.000086,0.698538,0.301376
ATTCACTGATGTTGGA-1,0.000311,0.601445,0.398244
ATTCAGGACCTATTTC-1,0.001599,0.605249,0.393152
ATTCAGTAGCAGGGTC-1,0.000089,0.012089,0.987821
ATTCATATACTGTCCA-1,0.000073,0.900811,0.099116
ATTCATCGTTGAGGCA-1,0.000192,0.355465,0.644343
ATTCCCACATAAACAA-1,0.00019,0.368992,0.630818
ATTCCTAAGACGTGGA-1,0.000417,0.409197,0.590386
ATTCCTCCGCCAGTGC-1,0.00127,0.30267,0.69606
ATTCCTTCCAGGCGGT-1,0.004445,0.82323,0.172325
ATTCGACGCCGGGCCT-1,0.000217,0.453072,0.546711
ATTCGTGCTATCTCTT-1,0.000069,0.221799,0.778132
ATTCTGAGTATGAACT-1,0.002744,0.390115,0.607141
ATTCTTCGTACTTATG-1,0.003899,0.152979,0.843121
ATTGAAGATCTTAGTG-1,0.000183,0.31323,0.686587
ATTGACGTAACTCGGT-1,0.00138,0.394811,0.603809
ATTGATAGCAACGAGA-1,0.004357,0.411172,0.58447
ATTGATCACCACATTT-1,0.000081,0.654575,0.345344
ATTGATGAGTCCTAAC-1,0.000157,0.571691,0.428153
ATTGCCTTTATGTTTG-1,0.000164,0.8577,0.142136
ATTGCGATCAGTAACT-1,0.001277,0.706532,0.292191
ATTGCTGCTCCTCCAT-1,0.00016,0.255078,0.744761
ATTGGATTACAGCGTA-1,0.00015,0.413867,0.585983
ATTGGTAGGATCCGCT-1,0.000042,0.800175,0.199783
ATTGTACAACTCGGCT-1,0.000171,0.608179,0.39165
ATTGTCGCAATACCTT-1,0.002678,0.588261,0.409061
ATTGTGACTTCGCTGC-1,0.001416,0.455583,0.543001
ATTTACAGTTTACTGG-1,0.000156,0.456097,0.543747
ATTTACTAAGTCCATT-1,0.000055,0.007749,0.992196
ATTTCATTATTTCGCG-1,0.00069,0.776077,0.223233
ATTTCCGGGTTCTGCG-1,0.001151,0.23259,0.766259
ATTTGCCTAGTTACGA-1,0.000848,0.666585,0.332567
ATTTGCGCGAGTAGCT-1,0.00064,0.624804,0.374555
ATTTGTCTTGGGAGCT-1,0.000377,0.474715,0.524908
ATTTGTTCCAGGGCTC-1,0.000237,0.811497,0.188266
CAAACCAGGTCTGCAT-1,0.000098,0.955166,0.044736
CAAACGAGTATCGCAG-1,0.000159,0.520947,0.478894
CAAACGGTCGCACTTT-1,0.000554,0.314335,0.685111
CAAACGTGGTCTTGCG-1,0.000316,0.779838,0.219845
CAAACTACGATAGAGA-1,0.001434,0.931117,0.067449
CAAACTATTGAGCTTC-1,0.000182,0.806106,0.193712
CAAACTCGCGACGCCG-1,0.000047,0.166367,0.833585
CAAAGATTATTGGGCC-1,0.000997,0.605617,0.393387
CAAAGTCAGGTTAGCT-1,0.000112,0.855688,0.144201
CAAATCTCTCACAAGG-1,0.002555,0.911671,0.085775
CAAATTGTCAGCAAGC-1,0.000307,0.521289,0.478403
CAACATGGCCTGATAA-1,0.000109,0.906851,0.093041
CAACCGCACCTAGACA-1,0.000055,0.756667,0.243278
CAACGGTTCTTGATAC-1,0.000715,0.599222,0.400063
CAACTATATCGAATGC-1,0.00239,0.818135,0.179475
CAAGAGGGCGGAGTAC-1,0.000599,0.656723,0.342678
CAAGATATTATAACGT-1,0.001019,0.360894,0.638087
CAAGCAACGTCGGAGT-1,0.000202,0.480779,0.51902
CAAGCACCAAATGCCT-1,0.00013,0.701145,0.298725
CAAGCGGCACATAATT-1,0.000188,0.286324,0.713488
CAAGGATCGCATGTTC-1,0.00027,0.731622,0.268109
CAAGGGAGTGTATTTG-1,0.001084,0.461802,0.537114
CAAGGTCCTATAGGCT-1,0.000049,0.266202,0.733749
CAAGTGTGGTTGCAAA-1,0.00005,0.268293,0.731657
CAATAAACCTTGGCCC-1,0.000217,0.948789,0.050994
CAATACGCTCTGAGGC-1,0.000125,0.972966,0.026909
CAATATTCTTGACCTA-1,0.000232,0.252171,0.747597
CAATATTGGACTAGTG-1,0.000057,0.533664,0.466279
CAATCCCTATACCAGC-1,0.000286,0.954411,0.045303
CAATCCTGCCGTGGAG-1,0.000469,0.05617,0.943361
CAATGACCCTTAATTT-1,0.000252,0.733012,0.266736
CAATGCGAGAAGTATC-1,0.000205,0.649353,0.350442
CAATGGAATCTACATA-1,0.007663,0.802741,0.189597
CAATGGATCTCTACCA-1,0.000495,0.516154,0.483351
CAATGTGCCAACCCTT-1,0.000171,0.223209,0.77662
CAATTAAGGGTGATGA-1,0.00011,0.924082,0.075809
CAATTGGGCCGCACTC-1,0.000084,0.248038,0.751878
CAATTTCGTATAAGGG-1,0.000026,0.424027,0.575947
CAATTTGACCGGGAAG-1,0.000063,0.85404,0.145897
CACAAGAAAGATATTA-1,0.000132,0.422783,0.577085
CACAAGCTAAGAAAGG-1,0.000359,0.841639,0.158002
CACAATGAGCTGCTAT-1,0.000107,0.290283,0.709609
CACACACGCTAACGAG-1,0.00014,0.05544,0.94442
CACACAGGGATAGATT-1,0.000231,0.255666,0.744103
CACACGCGCTGTCTTA-1,0.000175,0.031796,0.968029
CACACGTTTCAATGGG-1,0.000415,0.611108,0.388476
CACAGAGACGAGGACG-1,0.000078,0.727634,0.272288
CACAGCTAGGGAGTGA-1,0.000302,0.717178,0.28252
CACAGGGCCATATAGT-1,0.000095,0.311071,0.688834
CACAGGGCCGTTGTCA-1,0.000063,0.643057,0.35688
CACATAAGGCGACCGT-1,0.001533,0.569518,0.428949
CACATATTAGCAGGAT-1,0.000239,0.668983,0.330778
CACATCGTGCACGCGC-1,0.0004,0.606089,0.393511
CACATCTCACCGACGA-1,0.000118,0.024459,0.975423
CACATGATTCAGCAAC-1,0.000065,0.762795,0.237141
CACATGTTTGGACATG-1,0.000612,0.998163,0.001225
CACATTCTTTCGATGG-1,0.001822,0.737952,0.260227
CACATTTCTTGTCAGA-1,0.000132,0.44642,0.553448
CACCAATCATCCGTCT-1,0.000071,0.644301,0.355627
CACCACGCCACACAGA-1,0.000046,0.999861,0.000092
CACCAGTCAGCATGCA-1,0.000081,0.843196,0.156724
CACCATCGGAGGAGAC-1,0.000057,0.863198,0.136745
CACCCAAATCTTATGT-1,0.000112,0.508171,0.491717
CACCCACGAGGCAATT-1,0.003584,0.557457,0.438958
CACCCGGTTTGTGACT-1,0.000229,0.076112,0.923659
CACCCTAACAAGATCT-1,0.000251,0.5105,0.489248
CACCCTTGGTGAGACC-1,0.000192,0.571098,0.428709
CACCCTTTCCTCGCTC-1,0.000137,0.436654,0.563209
CACCGATACACCGAGC-1,0.006734,0.638583,0.354683
CACCGCGTCCACTCTA-1,0.000266,0.273779,0.725954
CACCGGAGATATCTCC-1,0.004358,0.420258,0.575384
CACCGGTAGAGACATT-1,0.000454,0.696614,0.302932
