Barcode,Topic 1,Topic 2to5,Topic 6,Topic 7
AAACAAGTATCTCCCA-1,0.001766,0.734936,0.001764,0.261534
AAACAGCTTTCAGAAG-1,0.000189,0.999436,0.000187,0.000188
AAACAGGGTCTATATT-1,0.770928,0.228813,0.000129,0.00013
AAACATTTCCCGGATT-1,0.007946,0.976144,0.007937,0.007974
AAACCCGAACGAAATC-1,0.00196,0.902448,0.001957,0.093635
AAACCGGAAATGTTAA-1,0.001907,0.994276,0.001905,0.001913
AAACCGGGTAGGTACC-1,0.032064,0.722144,0.000298,0.245494
AAACCTAAGCAGCCGG-1,0.02441,0.845638,0.002551,0.127401
AAACCTCATGAAGTTG-1,0.085543,0.910832,0.001143,0.002482
AAACGAAGAACATACC-1,0.02573,0.968176,0.00304,0.003054
AAACGAGACGGTTGAT-1,0.000132,0.145386,0.000131,0.854351
AAACGGGCGTACGGGT-1,0.006501,0.980493,0.006494,0.006512
AAACGGTTGCGAACTG-1,0.002235,0.993291,0.002232,0.002242
AAACTCGGTTCGCAAT-1,0.002861,0.991414,0.002857,0.002868
AAACTGCTGGCTCCAA-1,0.000441,0.64811,0.000441,0.351007
AAACTTGCAAACGTAT-1,0.514105,0.485472,0.000211,0.000212
AAAGACCCAAGTCGCG-1,0.002271,0.993185,0.002268,0.002277
AAAGACTGGGCGCTTT-1,0.003996,0.99552,0.000241,0.000242
AAAGCTTGCCTACATA-1,0.194806,0.767062,0.000498,0.037634
AAAGGCTACGGACCAT-1,0.000383,0.875798,0.000381,0.123438
AAAGGCTCTCGCGCCG-1,0.000785,0.710531,0.000776,0.287908
AAAGGGATGTAGCAAG-1,0.001244,0.926906,0.001242,0.070608
AAAGGGCAGCTTGAAT-1,0.005958,0.982114,0.005953,0.005976
AAAGTAGCATTGCTCA-1,0.004616,0.986138,0.004608,0.004638
AAAGTCACTGATGTAA-1,0.008014,0.988939,0.00152,0.001527
AAAGTCGACCCTCAGT-1,0.001266,0.784323,0.001264,0.213147
AAAGTGCCATCAATTA-1,0.005109,0.902425,0.005102,0.087364
AAAGTGTGATTTATCT-1,0.006293,0.880755,0.000233,0.112719
AAAGTTGACTCCCGTA-1,0.000348,0.929791,0.000348,0.069514
AAATAAGGTAGTGCCC-1,0.920727,0.078897,0.000187,0.000188
AAATACCTATAAGCAT-1,0.000698,0.77241,0.00069,0.226203
AAATAGCTTAGACTTT-1,0.080375,0.868715,0.00105,0.04986
AAATAGGGTGCTATTG-1,0.001384,0.976767,0.000111,0.021739
AAATCCGATACACGCC-1,0.00062,0.998156,0.000611,0.000613
AAATCTAGCCCTGCTA-1,0.001324,0.996025,0.001323,0.001328
AAATGCTCGTTACGTT-1,0.000187,0.949675,0.000186,0.049952
AAATGGCATGTCTTGT-1,0.001538,0.24481,0.001536,0.752116
AAATGGCCCGTGCCCT-1,0.000509,0.998483,0.000503,0.000505
AAATGGTCAATGTGCC-1,0.000309,0.639463,0.000308,0.35992
AAATGTATCTTATCCC-1,0.000258,0.999226,0.000257,0.000259
AAATTAACGGGTAGCT-1,0.000104,0.184031,0.000104,0.815761
AAATTAATAAGCGCGA-1,0.000146,0.979932,0.000145,0.019777
AAATTACCTATCGATG-1,0.660537,0.270223,0.000193,0.069046
AAATTCCAGGTCCAAA-1,0.001959,0.795331,0.001957,0.200753
AAATTGATAGTCCTTT-1,0.017918,0.788273,0.000144,0.193665
AAATTTGCGGGTGTGG-1,0.048967,0.795246,0.000203,0.155584
AACAACTGGTAGTTGC-1,0.000299,0.999103,0.000298,0.0003
AACAATTACTCTACGC-1,0.002648,0.992049,0.002646,0.002657
AACACACGCTCGCCGC-1,0.000603,0.998204,0.000595,0.000598
AACACGACTGTACTGA-1,0.007152,0.978525,0.007143,0.00718
AACACGAGACGCGGCC-1,0.184427,0.815175,0.000198,0.000199
AACACGCGGCCGCGAA-1,0.028823,0.969612,0.000781,0.000784
AACAGGAAATCGAATA-1,0.00793,0.75879,0.001401,0.231879
AACAGGATGGGCCGCG-1,0.112619,0.883889,0.001742,0.00175
AACAGGTAGTATGGAT-1,0.011,0.966971,0.010989,0.01104
AACATTGTGACTCGAG-1,0.008026,0.988128,0.001488,0.002358
AACCAAGACTTCTCTG-1,0.430618,0.522988,0.000632,0.045762
AACCATGGGATCGCTA-1,0.001375,0.995871,0.001374,0.00138
AACCCAGAGACGGAGA-1,0.004333,0.986982,0.004329,0.004356
AACCCGAGCAGAATCG-1,0.048434,0.940113,0.005714,0.005739
AACCCTACTGTCAATA-1,0.000405,0.903032,0.000401,0.096163
AACCCTGGTGGAACCA-1,0.023037,0.718546,0.000876,0.25754
AACCGAGCTTGGTCAT-1,0.000527,0.324253,0.000525,0.674694
AACCGCTAAGGGATGC-1,0.00022,0.992184,0.000218,0.007378
AACCGTTGTGTTTGCT-1,0.002135,0.8674,0.002132,0.128333
AACCTCGCTTTAGCCC-1,0.005965,0.982107,0.005952,0.005976
AACCTGTCACGGAATT-1,0.018752,0.859652,0.002695,0.1189
AACCTTTAAATACGGT-1,0.002183,0.876177,0.000105,0.121536
AACGATAATGCCGTAG-1,0.000122,0.999633,0.000122,0.000123
AACGATAGAAGGGCCG-1,0.000563,0.99831,0.000562,0.000565
AACGCGAACGGCAACA-1,0.18696,0.812905,0.000068,0.000068
AACGCGACCTTGGGCG-1,0.012691,0.941088,0.000543,0.045678
AACGCGGTCTCCAGCC-1,0.000878,0.997366,0.000876,0.00088
AACGCTGTTGCTGAAA-1,0.00596,0.982097,0.005953,0.005991
AACGGACGTACGTATA-1,0.000254,0.895351,0.000252,0.104144
AACGGCCATCTCCGGT-1,0.033803,0.631515,0.000638,0.334044
AACGTCAGACTAGTGG-1,0.000463,0.99861,0.000462,0.000464
AACGTGCGAAAGTCTC-1,0.014053,0.288916,0.000189,0.696842
AACGTTATCAGCACCT-1,0.002119,0.997511,0.000184,0.000185
AACTACCCGTTTGTCA-1,0.003576,0.68906,0.003571,0.303792
AACTAGCGTATCGCAC-1,0.000761,0.416852,0.00076,0.581627
AACTAGGCTTGGGTGT-1,0.000528,0.821589,0.000525,0.177358
AACTCAAGTTAATTGC-1,0.047308,0.948973,0.001221,0.002497
AACTCCAGAGCGTGTT-1,0.000389,0.998833,0.000388,0.00039
AACTCGATGGCGCAGT-1,0.000312,0.999063,0.000312,0.000313
AACTGAGTTATACTGA-1,0.006501,0.86079,0.006494,0.126215
AACTGATATTAGGCCT-1,0.001723,0.994824,0.001721,0.001731
AACTGGGTCCCGACGT-1,0.000409,0.618802,0.000408,0.380382
AACTGGTGTGGGCCTT-1,0.005721,0.982822,0.005714,0.005743
AACTTCTGCGTCTATC-1,0.000279,0.967165,0.000278,0.032277
AACTTGCCCGTATGCA-1,0.013142,0.983995,0.001429,0.001434
AACTTGCGTTCTCGCG-1,0.000313,0.99906,0.000313,0.000314
AACTTTACGGGAGCTT-1,0.000248,0.931643,0.000248,0.06786
AACTTTAGCTGCTGAG-1,0.007151,0.978522,0.007143,0.007184
AAGAAGGATCAGTTAG-1,0.001296,0.996147,0.001276,0.001281
AAGACATACGTGGTTT-1,0.00311,0.794919,0.003106,0.198865
AAGACCCAACTGAACA-1,0.000373,0.82439,0.000371,0.174867
AAGAGATGAATCGGTA-1,0.005298,0.984091,0.005291,0.00532
AAGAGCTCTTTATCGG-1,0.000056,0.035177,0.000056,0.964712
AAGAGGATGTACGCGA-1,0.060308,0.91638,0.000122,0.02319
AAGAGGCATGGATCGC-1,0.000301,0.395346,0.000299,0.604054
AAGAGGCCCTTTGGAA-1,0.004469,0.654518,0.004464,0.336549
AAGATTGGCGGAACGT-1,0.030858,0.727333,0.000455,0.241355
AAGCACCCTGCGTATC-1,0.000592,0.998234,0.000585,0.000588
AAGCATACTCTCCTGA-1,0.000345,0.762725,0.000343,0.236586
AAGCCGAAGCGGTTTA-1,0.00298,0.691901,0.002976,0.302143
AAGCCGGAGAGCAGGA-1,0.002918,0.99124,0.002916,0.002927
AAGCGCAGGGCTTTGA-1,0.011001,0.966991,0.010989,0.011019
AAGCGTCCCTCATCGA-1,0.03065,0.968167,0.00059,0.000593
AAGCTAGATCGAGTAA-1,0.000416,0.766179,0.000414,0.232991
AAGCTCTTTCATGGTG-1,0.012334,0.984745,0.001458,0.001464
AAGGAGAACTTATAAG-1,0.001084,0.996747,0.001082,0.001087
AAGGAGCGGTTGGTGC-1,0.005765,0.99272,0.000756,0.000759
AAGGATCGATCGCTTG-1,0.126107,0.649834,0.000281,0.223778
AAGGATGAGGGACCTC-1,0.029289,0.594491,0.00034,0.37588
AAGGCAGGCTGTCTCC-1,0.001811,0.994565,0.001808,0.001816
AAGGCGCGTAAAGCTT-1,0.000239,0.982719,0.000239,0.016803
AAGGCTGTGCTCATCG-1,0.001015,0.863545,0.001013,0.134428
AAGGGACAGATTCTGT-1,0.351612,0.436356,0.000318,0.211714
AAGGTGATAAACCAGC-1,0.000191,0.918452,0.000189,0.081167
AAGTAGAAGACCGGGT-1,0.000154,0.999539,0.000153,0.000154
AAGTAGTGACGCGAGG-1,0.012389,0.733757,0.000529,0.253324
AAGTCAATTGTCGTCA-1,0.041717,0.956493,0.000893,0.000897
AAGTCTTCTGTGGCCT-1,0.001626,0.99512,0.001623,0.001631
AAGTGACGACCGAATT-1,0.094487,0.76349,0.000186,0.141837
AAGTGAGTCGGGTTTA-1,0.000392,0.710083,0.000389,0.289135
AAGTGCAAAGGTAGAC-1,0.009289,0.936398,0.000285,0.054028
AAGTGCCTTGACTGTA-1,0.000935,0.997195,0.000934,0.000936
AAGTGCGTTAGAATCT-1,0.047716,0.947257,0.002506,0.00252
AAGTGTTTGGAGACGG-1,0.190756,0.808906,0.000169,0.00017
AAGTTCACTCCAAGCT-1,0.000403,0.998795,0.0004,0.000402
AAGTTCGGCCAACAGG-1,0.008183,0.737888,0.000714,0.253215
AAGTTGTGATGTTATA-1,0.030759,0.712013,0.003484,0.253743
AAGTTTACTAATGGCA-1,0.004334,0.787571,0.004329,0.203765
AAGTTTATGGGCCCAA-1,0.003973,0.988073,0.003968,0.003986
AATAACAACGCTCGGC-1,0.000905,0.943826,0.000904,0.054364
AATAATCTTCGTATCG-1,0.00572,0.982836,0.005714,0.005729
AATACAATGTTTCAGG-1,0.000303,0.880314,0.000303,0.11908
AATAGAATCTGTTTCA-1,0.000056,0.999834,0.000055,0.000056
AATAGTCCGTCCCGAC-1,0.001283,0.65453,0.001264,0.342922
AATAGTCGCGAGTCGG-1,0.000127,0.987282,0.000127,0.012464
AATATCAAGGTCGGAT-1,0.005499,0.983484,0.005495,0.005522
AATATCCTAGCAAACT-1,0.000218,0.981944,0.000216,0.017623
AATATCGAATCAATGC-1,0.004617,0.994375,0.000503,0.000505
AATATTGGAGTATTGA-1,0.073493,0.920997,0.002747,0.002762
AATCATGTAAAGACTC-1,0.0022,0.993396,0.002198,0.002206
AATCCAAGGGCCTGAG-1,0.002135,0.993589,0.002132,0.002143
AATCCATGCAAGGGTG-1,0.002894,0.897891,0.000132,0.099082
AATCGCCTCAGCGCCA-1,0.000272,0.651103,0.000272,0.348352
AATCGCGCAGAGGACT-1,0.046377,0.746777,0.002463,0.204383
AATCGGGACACTACGA-1,0.001337,0.805926,0.001335,0.191402
AATCGTGAGCCGAGCA-1,0.00311,0.990667,0.003106,0.003118
AATCTAGGTTTACTTG-1,0.002751,0.991741,0.002747,0.00276
AATCTATGCCGGAGCC-1,0.031387,0.965078,0.001764,0.001772
AATCTCTACTGTGGTT-1,0.0065,0.980492,0.006494,0.006514
AATCTGCGTTGGGACG-1,0.01668,0.86808,0.000289,0.114951
AATCTGGCTTTCTAGT-1,0.005959,0.98211,0.005952,0.005978
AATGACAGCAATGTCT-1,0.082161,0.917067,0.000385,0.000387
AATGACGTAGGATGTC-1,0.009669,0.882768,0.000322,0.107241
AATGACTGTCAGCCGG-1,0.000209,0.941748,0.000208,0.057836
AATGAGTTCGCATATG-1,0.000269,0.923133,0.000268,0.07633
AATGATGATACGCTAT-1,0.01472,0.45028,0.000432,0.534569
AATGCAACCGGGTACC-1,0.000656,0.950561,0.000655,0.048127
AATGCACCAAGCAATG-1,0.01341,0.76971,0.000866,0.216014
AATGGTCCACCGTTCA-1,0.000325,0.873797,0.000325,0.125553
AATGGTTCTCACAAGC-1,0.007947,0.97614,0.007937,0.007976
AATGTGCCCGAGGTGT-1,0.005749,0.930679,0.00011,0.063462
AATGTTGTCGTGAGAC-1,0.0055,0.324671,0.005495,0.664334
AATTAAAGGTCGGCGT-1,0.003616,0.000364,0.000091,0.995929
AATTAACGGATTTCCA-1,0.000799,0.997601,0.000798,0.000802
AATTAGCGCTGCAGCG-1,0.01525,0.622708,0.000704,0.361338
AATTCATAAGGGATCT-1,0.091554,0.516014,0.00076,0.391673
AATTCCAAGCATGTAC-1,0.00596,0.982107,0.005952,0.005981
AATTCGATTCGAGGAT-1,0.145304,0.793616,0.001764,0.059315
AATTCTAGAGTTAGGC-1,0.001683,0.743102,0.001681,0.253535
AATTGAACGCTCTGGT-1,0.000227,0.997072,0.000226,0.002475
AATTGCAGCAATCGAC-1,0.0065,0.98048,0.006494,0.006527
AATTGTGGTTGCCAAA-1,0.011002,0.966973,0.010989,0.011036
AATTTGGTTCCAAAGA-1,0.009538,0.971369,0.009524,0.009569
ACAAAGAAGGTAGGCC-1,0.007349,0.992427,0.000112,0.000112
ACAAAGCATGACCTAG-1,0.00286,0.991411,0.002857,0.002872
ACAAATCGCACCGAAT-1,0.000168,0.999495,0.000168,0.000169
ACAAATGGTAGTGTTT-1,0.002104,0.993684,0.002101,0.002111
ACAACGGTCCCTGCGA-1,0.002201,0.993392,0.002198,0.002209
ACAAGCAGTGCCTAGC-1,0.002167,0.993496,0.002165,0.002173
ACAAGCTATATGGAAG-1,0.001349,0.995949,0.001348,0.001354
ACAAGGAAATCCGCCC-1,0.000211,0.952191,0.00021,0.047387
ACAAGGACAAGAGGTT-1,0.000217,0.899796,0.000216,0.099771
ACAAGGATGCTTTAGG-1,0.009412,0.941559,0.000342,0.048687
ACAAGGGCAGGCTCTG-1,0.000378,0.778652,0.000376,0.220595
ACAATAGTCGTACGTT-1,0.043482,0.875673,0.000205,0.08064
ACAATCCATTTAAACC-1,0.000354,0.871899,0.000352,0.127396
ACAATTGTGTCTCTTT-1,0.005722,0.982828,0.005714,0.005736
ACAATTTAGGAGGCTC-1,0.015571,0.982558,0.000934,0.000938
ACAATTTGGCCATATT-1,0.004086,0.839854,0.004082,0.151978
ACACAAAGACGGGTGG-1,0.000473,0.998591,0.000467,0.000469
ACACACCAGGACCAGT-1,0.006364,0.993297,0.000169,0.00017
ACACACTTTCTACACG-1,0.008959,0.905577,0.000714,0.08475
ACACCACATAATTAGC-1,0.472142,0.526404,0.000725,0.000729
ACACCCAGCATGCAGC-1,0.000163,0.836359,0.000162,0.163316
ACACCCGAGAAATCCG-1,0.020831,0.898549,0.001143,0.079477
ACACCGAGCGCTCTTT-1,0.000099,0.990575,0.000099,0.009227
ACACCTTAAGTAGGGC-1,0.006346,0.992801,0.000425,0.000427
ACACCTTACTACTTGC-1,0.005298,0.984087,0.005291,0.005324
ACACGGGAACTTAGGG-1,0.034213,0.458591,0.000744,0.506452
ACACGTAGGCCACAAG-1,0.003764,0.9887,0.003759,0.003776
ACACTCCAATGTCACT-1,0.000276,0.804607,0.000275,0.194842
ACACTGATCAAGGTGT-1,0.005829,0.574342,0.000382,0.419447
ACACTGGGACAGTCGT-1,0.006812,0.979556,0.006803,0.006829
ACAGAACTGAGAACAA-1,0.002861,0.991415,0.002857,0.002867
ACAGATTAGGTTAGTG-1,0.00596,0.982117,0.005952,0.005971
ACAGCATAGAGCCAGT-1,0.009541,0.971327,0.009524,0.009607
ACAGCGACATTCTCAT-1,0.001788,0.994633,0.001786,0.001794
ACAGGCACGGATCCTT-1,0.006219,0.981325,0.006211,0.006245
ACAGGCTTGCCCGACT-1,0.000387,0.998845,0.000383,0.000385
ACAGGTGTGTTGTTGC-1,0.002699,0.991897,0.002695,0.002709
ACAGTAATACAACTTG-1,0.454849,0.544787,0.000182,0.000182
ACATAATAAGGCGGTG-1,0.000586,0.857291,0.000585,0.141537
ACATCAGCTGGGACGC-1,0.004088,0.987725,0.004082,0.004104
ACATCCCGGCCATACG-1,0.000818,0.610656,0.000812,0.387714
ACATCCTGGTAACTGT-1,0.148521,0.733257,0.000273,0.117949
ACATCGGTCAGCCGCG-1,0.09604,0.587567,0.000271,0.316121
ACATCGTATGCAATGG-1,0.002386,0.928421,0.000117,0.069076
ACATGGCGCCAAAGTA-1,0.354278,0.59316,0.001361,0.051201
ACATTAGTTTATATCC-1,0.020295,0.685361,0.000776,0.293568
ACCAACCGCACTCCAC-1,0.02402,0.970578,0.002695,0.002707
ACCAACGCTTATTTAT-1,0.001744,0.113972,0.001742,0.882541
ACCAAGAACGCGTGTC-1,0.000503,0.998503,0.000496,0.000498
ACCAAGTCATCGGCAG-1,0.023586,0.974027,0.001191,0.001197
ACCAATATGCAAGTTA-1,0.000111,0.918442,0.000111,0.081336
ACCACAAGTTTCTATC-1,0.000402,0.752418,0.000401,0.246779
ACCACCAATGTAACAA-1,0.000364,0.756344,0.000363,0.242929
ACCACGTGCAGCTATA-1,0.00581,0.896442,0.00022,0.097529
ACCAGACCATAACAAC-1,0.002073,0.993777,0.00207,0.00208
ACCAGGAGTGTGATCT-1,0.042092,0.953434,0.002232,0.002243
ACCAGTGCGGGAGACG-1,0.000291,0.999128,0.00029,0.000291
ACCATATCCGCAATAA-1,0.016827,0.510473,0.000415,0.472285
ACCATCCGCCAACTAG-1,0.005913,0.932104,0.000156,0.061826
ACCATCGTATATGGTA-1,0.018256,0.493783,0.000569,0.487392
ACCATTAAGGGTGTCA-1,0.000601,0.998195,0.0006,0.000603
ACCCAACGCCCGTGGC-1,0.019553,0.632211,0.000257,0.347979
ACCCACCTACATGCTC-1,0.008941,0.539523,0.008929,0.442607
ACCCATCTTGAGGGTA-1,0.00706,0.873293,0.000401,0.119246
ACCCATTTGTCCCTCT-1,0.002466,0.606227,0.002463,0.388844
ACCCGGAAACTCCCAG-1,0.000795,0.934796,0.000794,0.063616
ACCCGGAGCACCACAA-1,0.005722,0.982817,0.005714,0.005747
ACCCGGATGACGCATC-1,0.252722,0.700804,0.000334,0.046141
ACCCGGTTACACTTCC-1,0.018967,0.146113,0.000164,0.834755
ACCCGTAGTCTAGTTG-1,0.016622,0.814522,0.000512,0.168344
ACCCGTGTCATCAGTA-1,0.001703,0.879985,0.001701,0.116611
ACCCTATAGGACTGAG-1,0.000401,0.998799,0.000399,0.000401
ACCCTCCCGTCAGGGC-1,0.016452,0.979876,0.001832,0.001841
ACCCTCCCTTGCTATT-1,0.00027,0.936597,0.00027,0.062863
ACCCTTCATCTGCGAA-1,0.000668,0.998,0.000664,0.000668
ACCGAAAGGGCCCTGC-1,0.00596,0.982101,0.005952,0.005986
ACCGACACATCTCCCA-1,0.000817,0.864076,0.000816,0.134291
ACCGACTGAGTCCCAC-1,0.000361,0.155445,0.00036,0.843834
ACCGAGTCTCCTTATT-1,0.003326,0.990016,0.003322,0.003336
ACCGATAGGCATAACC-1,0.004613,0.986151,0.004608,0.004627
ACCGATATTTAATCAT-1,0.007154,0.978518,0.007143,0.007185
ACCGCAATAACTGCCT-1,0.000185,0.899049,0.000183,0.100583
ACCGCGGTGGAAGTCG-1,0.002466,0.992598,0.002463,0.002473
ACCGGGCCTTTGTTGA-1,0.035972,0.885289,0.000547,0.078192
ACCTAAGTACCTTTCA-1,0.069848,0.892582,0.000258,0.037312
ACCTAATCGACTTCCT-1,0.001987,0.916807,0.001984,0.079222
ACCTACAGTATGTGGT-1,0.002466,0.822779,0.002463,0.172292
ACCTACTATAAATCTA-1,0.035709,0.881917,0.001984,0.08039
ACCTCCGCCCTCGCTG-1,0.007944,0.651759,0.007937,0.33236
ACCTCCGTTATTCACC-1,0.332967,0.508576,0.00059,0.157867
ACCTGCGTGTCATGTT-1,0.906703,0.088995,0.000138,0.004164
ACGAAATGGGCGGCAC-1,0.001242,0.882053,0.001232,0.115473
ACGACCCATGAGTTGC-1,0.003866,0.988396,0.003861,0.003877
ACGAGAACCCATCACG-1,0.145862,0.672211,0.001957,0.17997
ACGAGGATACCACTCT-1,0.002804,0.99158,0.002801,0.002815
ACGATACCTATCCTGA-1,0.000175,0.999477,0.000174,0.000175
ACGATCATACATAGAG-1,0.000748,0.540594,0.000744,0.457914
ACGATCATCTTGTAAA-1,0.027522,0.857357,0.00019,0.11493
ACGATGCATATGTTAT-1,0.015936,0.952971,0.000588,0.030506
ACGATGGATCCGATGC-1,0.024677,0.329074,0.001504,0.644745
ACGCAAACTAATAGAT-1,0.010379,0.572735,0.000311,0.416576
ACGCATACGTTTACTA-1,0.002918,0.99124,0.002915,0.002926
ACGCATTCGTGAGTAC-1,0.009804,0.025943,0.000101,0.964152
ACGCCAGATGATTTCT-1,0.018475,0.572388,0.000764,0.408373
ACGCCGCTAGACGACC-1,0.006775,0.524387,0.000613,0.468225
ACGCGAAGTCAGACGA-1,0.008903,0.551867,0.000835,0.438394
ACGCGCTACACAGGGT-1,0.051555,0.947648,0.000398,0.0004
ACGCGTTTCTTAAGAG-1,0.000206,0.99938,0.000206,0.000207
ACGCTGTGAGGCGTAG-1,0.002699,0.991899,0.002695,0.002706
ACGGAATTTAGCAAAT-1,0.000396,0.998819,0.000391,0.000393
ACGGACTCTCAAAGCG-1,0.000466,0.998602,0.000465,0.000467
ACGGATGGTGCGGATA-1,0.000354,0.998937,0.000354,0.000355
ACGGCACTTGCTTGGG-1,0.001255,0.870236,0.001253,0.127256
ACGGCCAACATGGACT-1,0.022056,0.424534,0.000458,0.552953
ACGGCGACGATGGGAA-1,0.000072,0.999786,0.000071,0.000072
ACGGGAGTGTCGGCCC-1,0.001212,0.996361,0.001211,0.001217
ACGGGTCATGTGACTT-1,0.000118,0.999647,0.000117,0.000118
ACGTACAGATTTCTCT-1,0.012997,0.960985,0.012987,0.013031
ACGTAGGAGAGTCGCT-1,0.001389,0.83266,0.001387,0.164564
ACGTATTACTCCGATC-1,0.002554,0.992334,0.002551,0.002561
ACGTCTCGTTCCGGGA-1,0.000111,0.999667,0.000111,0.000111
ACGTGACAAAGTAAGT-1,0.018977,0.980363,0.000329,0.000331
ACGTGCGCCTCGTGCA-1,0.001858,0.994423,0.001855,0.001864
ACGTTAATGTCGAAGA-1,0.00021,0.298414,0.000209,0.701167
ACGTTAGATTTGCCCG-1,0.025775,0.713931,0.000286,0.260007
ACGTTATTGGTCACTC-1,0.000289,0.999133,0.000288,0.000289
ACGTTCCGCGCTCCGT-1,0.006218,0.981341,0.006211,0.00623
ACGTTCGCAATCAATT-1,0.298844,0.700249,0.000452,0.000454
ACGTTCTGTACAAGTC-1,0.004469,0.986576,0.004464,0.00449
ACGTTTAGTTGTGATC-1,0.001202,0.815327,0.00119,0.18228
ACTACCAGCTCTCTGG-1,0.000409,0.998773,0.000408,0.00041
ACTACGCGTTAGAATT-1,0.000277,0.770795,0.000275,0.228653
ACTAGTTGCGATCGTC-1,0.002235,0.993286,0.002232,0.002247
ACTATCCAGGGCATGG-1,0.003577,0.989265,0.003571,0.003586
ACTATCTGCCCGCGTA-1,0.005502,0.847056,0.005495,0.141948
ACTATTCGTCCGTGGT-1,0.000474,0.898844,0.000473,0.10021
ACTCAACGAATGTATT-1,0.001723,0.838634,0.001721,0.157921
ACTCAAGTGCAAGGCT-1,0.006483,0.991682,0.000916,0.000919
ACTCAATAAAGGCACG-1,0.000662,0.499921,0.000661,0.498755
ACTCAGACCTGCTTCT-1,0.004334,0.986994,0.004329,0.004343
ACTCCCATTCCTAAAG-1,0.268174,0.661349,0.000194,0.070283
ACTCCCGAATTCGTTT-1,0.03073,0.862077,0.000483,0.106711
ACTCCCTAATGCTAAA-1,0.001389,0.907068,0.001387,0.090156
ACTCCCTAGAATAGTA-1,0.027457,0.750695,0.000668,0.22118
ACTCCGGCCGACCACT-1,0.002601,0.992192,0.002597,0.00261
ACTCGATGTATTTCAT-1,0.000302,0.999094,0.000301,0.000303
ACTCGCCGTTCGATAA-1,0.003326,0.788474,0.003322,0.204878
ACTCGCGATCTGACGC-1,0.007149,0.978526,0.007143,0.007182
ACTCGTAACCCGTCCT-1,0.051744,0.937248,0.005495,0.005514
ACTCGTCAGTAATCCC-1,0.019169,0.100858,0.000168,0.879805
ACTCTAAACCTGGGAT-1,0.002847,0.996855,0.000149,0.000149
ACTCTCTGACTTAGGT-1,0.006909,0.872868,0.000493,0.11973
ACTCTGACCTAATAGA-1,0.002235,0.993282,0.002232,0.00225
ACTCTTCAGCTCCCGC-1,0.013006,0.960948,0.012987,0.013059
ACTGAAACGCCGTTAG-1,0.000577,0.998269,0.000576,0.000578
ACTGAATGGCGAAAGT-1,0.000118,0.976758,0.000118,0.023006
ACTGCCGTCGTAACTC-1,0.001959,0.775962,0.001957,0.220122
ACTGCGGACACACCGT-1,0.022443,0.97513,0.001211,0.001216
ACTGCTCGGAAGGATG-1,0.020714,0.978883,0.000201,0.000202
ACTGTAGCACTTTGGA-1,0.002946,0.972154,0.000178,0.024722
ACTGTATACGCGAGCA-1,0.001644,0.824451,0.001642,0.172263
ACTGTCCAGGATTATA-1,0.000331,0.692518,0.000329,0.306823
ACTGTCTTCTTTAGAA-1,0.000235,0.388807,0.000234,0.610723
ACTGTGCTAGTAGATC-1,0.001788,0.96196,0.001786,0.034466
ACTGTTTAGTGTAGGC-1,0.016249,0.666955,0.000959,0.315837
ACTTACGCATCCACGC-1,0.000966,0.997125,0.000952,0.000957
ACTTAGTACGACAAGA-1,0.003043,0.440664,0.00304,0.553253
ACTTATACTTACCCGG-1,0.158725,0.570198,0.002551,0.268525
ACTTATTAGGATCGGT-1,0.000203,0.193831,0.000201,0.805765
ACTTATTTATGTGCCA-1,0.000563,0.998309,0.000562,0.000565
ACTTCAGGCTGATCCC-1,0.000213,0.917537,0.00021,0.08204
ACTTCCATGCGGGACA-1,0.004767,0.985697,0.004762,0.004774
ACTTCGCTAGCGAGTG-1,0.026252,0.968343,0.002696,0.002709
ACTTGACTCCCTCTTT-1,0.000458,0.592217,0.000454,0.406872
ACTTGCCATATTGTAC-1,0.00681,0.979563,0.006803,0.006824
ACTTGGGACCCGGTGG-1,0.000263,0.815404,0.000261,0.184073
ACTTGTAGTCCCTTCA-1,0.003094,0.901861,0.000122,0.094923
ACTTGTGGATGGAACG-1,0.013008,0.960959,0.012987,0.013045
ACTTTACCCTCATGAA-1,0.13601,0.612352,0.000302,0.251335
ACTTTCCTATAGCTTC-1,0.000578,0.432939,0.000574,0.565909
ACTTTGACTGCATCCT-1,0.002699,0.991901,0.002695,0.002705
ACTTTGTCGACGCACT-1,0.007943,0.976162,0.007937,0.007958
AGAAATTATGACTCGC-1,0.009531,0.971362,0.009524,0.009583
AGAACCCAGCGTGACA-1,0.006218,0.981331,0.006211,0.00624
AGAAGAGCGCCGTTCC-1,0.008939,0.973171,0.008929,0.008961
AGAAGGTACACTTCAC-1,0.018782,0.941787,0.00021,0.039221
AGAAGGTTGCCGAATT-1,0.009746,0.140071,0.000104,0.850079
AGAAGGTTGTAGGTCG-1,0.011566,0.985732,0.001348,0.001353
AGAAGTGATTCGTGAT-1,0.090496,0.907367,0.001066,0.001071
AGAATAAATCTTCAGG-1,0.003044,0.990863,0.00304,0.003053
AGAATTGTTTGACATA-1,0.001625,0.975138,0.000275,0.022963
AGACAGCTCAGAATCC-1,0.000222,0.999333,0.000222,0.000223
AGACAGGCATCTCAGC-1,0.004469,0.986589,0.004464,0.004478
AGACATAGATCCTTCC-1,0.011002,0.966991,0.010989,0.011018
AGACCAAACCACACCT-1,0.029294,0.970611,0.000047,0.000048
AGACCATGGGATACAA-1,0.001663,0.995007,0.001661,0.001669
AGACCCACCGCTGATC-1,0.000941,0.57497,0.00094,0.423149
AGACCCGCCCTCCTCG-1,0.000633,0.837594,0.000632,0.161141
AGACCGCTCCGCGGTT-1,0.0143,0.957073,0.014286,0.014341
AGACCGGGAAACCCTG-1,0.000375,0.924438,0.000373,0.074814
AGACGAAGTGCCGGTC-1,0.003446,0.99552,0.000516,0.000518
AGACGACGATGCCGCT-1,0.049005,0.575183,0.000148,0.375664
AGACGCCCACTTCGCC-1,0.008421,0.97472,0.008404,0.008456
AGACTAGCCTTCCAGA-1,0.000557,0.933348,0.000556,0.06554
AGACTGTTACCGGGTC-1,0.061412,0.692842,0.000476,0.24527
AGAGAACCGTCTAGGA-1,0.021698,0.783878,0.000395,0.194029
AGAGATCTCTAAAGCG-1,0.000398,0.998811,0.000395,0.000396
AGAGCAGTTATGAGAC-1,0.005502,0.983478,0.005495,0.005526
AGAGCCGCCGAGATTT-1,0.008939,0.973156,0.008929,0.008977
AGAGCGGGCTAATCAT-1,0.001959,0.994119,0.001957,0.001965
AGAGCGTACAAGCTCG-1,0.002751,0.991739,0.002747,0.002763
AGAGCTACGAAAGCAT-1,0.000114,0.999658,0.000114,0.000114
AGAGGCTTCGGAAACC-1,0.004767,0.985693,0.004762,0.004778
AGAGTAAACTTCACTA-1,0.002103,0.993687,0.002101,0.002109
AGAGTATAGTGTTACG-1,0.369476,0.629478,0.000521,0.000524
AGATAACTTCAGGGCC-1,0.004314,0.888472,0.000341,0.106873
AGATACCAATAGAACC-1,0.008411,0.974741,0.008404,0.008444
AGATACCGGTGTTCAC-1,0.208538,0.731014,0.000327,0.060121
AGATACGACTTCATAT-1,0.006505,0.980476,0.006494,0.006526
AGATACTCAAGATCGA-1,0.000093,0.999723,0.000092,0.000092
AGATATAATACGACTA-1,0.003179,0.990452,0.003175,0.003194
AGATCGTGCATAAGAT-1,0.002466,0.579314,0.002463,0.415757
AGATGACTCGCCCACG-1,0.00043,0.799117,0.000429,0.200024
AGATGATGGAGTCTGG-1,0.752166,0.247358,0.000237,0.000238
AGATGCATCCTGTGTC-1,0.015946,0.983967,0.000044,0.000044
AGATTATAGGACGTTT-1,0.002945,0.344423,0.000177,0.652455
AGATTCACAACCGATA-1,0.001464,0.998399,0.000068,0.000068
AGCAAAGGCCGCTAGT-1,0.000568,0.911789,0.000567,0.087076
AGCAACATATCTTATT-1,0.005825,0.976471,0.000188,0.017517
AGCAACCGAAAGTAAT-1,0.015207,0.917144,0.00022,0.067428
AGCACCAGTACTCACG-1,0.017019,0.308605,0.000348,0.674027
AGCACTACCGGCCTGT-1,0.002345,0.992959,0.002342,0.002354
AGCACTACCTCACCAG-1,0.006408,0.881848,0.000243,0.1115
AGCACTTAAGGACGCC-1,0.005612,0.925709,0.000233,0.068446
AGCAGAAGGAGAAAGA-1,0.003407,0.989771,0.003401,0.003421
AGCAGCCAGATGAATA-1,0.01182,0.623139,0.00042,0.364621
AGCATATCAATATGCT-1,0.009719,0.989009,0.000635,0.000637
AGCATCATTTCGAAAG-1,0.065466,0.776336,0.00011,0.158088
AGCATCGTCGATAATT-1,0.000459,0.848722,0.000455,0.150364
AGCATTACGAGGCAAG-1,0.003178,0.688845,0.003175,0.304803
AGCCAAGCTTTGTGTC-1,0.000822,0.701358,0.000821,0.296999
AGCCACAGGTTACCCG-1,0.000753,0.99774,0.000752,0.000756
AGCCATATAGTATGTG-1,0.004334,0.986987,0.004329,0.00435
AGCCCATACATGTAAG-1,0.197725,0.69855,0.000146,0.103579
AGCCCGCAACAAGCAG-1,0.000959,0.892963,0.000946,0.105132
AGCCCGGTAGCCTGTA-1,0.000402,0.95356,0.000401,0.045637
AGCCCTAAGCGAAGTT-1,0.001059,0.541399,0.001058,0.456484
AGCCCTGTCGCACCGT-1,0.002509,0.992466,0.002506,0.002518
AGCCCTTGGACATCCC-1,0.026865,0.967039,0.00304,0.003056
AGCCGCAAATTCAAAT-1,0.003179,0.990456,0.003175,0.00319
AGCCGTGGCTAAATGT-1,0.007151,0.978528,0.007143,0.007179
AGCCTAATACCCACGT-1,0.009463,0.990186,0.000175,0.000175
AGCCTTAAAGCGGAAG-1,0.000262,0.969119,0.000262,0.030358
AGCGACATCCCATTCA-1,0.000478,0.40569,0.000478,0.593354
AGCGACCAACGATATT-1,0.078051,0.73218,0.000552,0.189217
AGCGATGCGCCTAATA-1,0.011003,0.966969,0.010989,0.011039
AGCGCATAATGAATCG-1,0.00022,0.398289,0.000218,0.601273
AGCGCGGGTGCCAATG-1,0.162122,0.596772,0.000519,0.240587
AGCGCTAGAGCGATGT-1,0.007527,0.977389,0.007519,0.007565
AGCGGACACTTCGTAG-1,0.007946,0.97615,0.007937,0.007967
AGCGGCGGTTAGCGGT-1,0.019232,0.980556,0.000106,0.000106
AGCGGGAAGGGTCCAT-1,0.000905,0.997282,0.000904,0.000908
AGCGGGTCTGACACTC-1,0.006221,0.981327,0.006211,0.006241
AGCGTACGAGAGCTAG-1,0.008242,0.991407,0.000176,0.000176
AGCGTCTGAACCCGCA-1,0.002307,0.883088,0.002304,0.112301
AGCGTGGTATTCTACT-1,0.000832,0.820168,0.000831,0.178169
AGCTAAGTACGCAGGC-1,0.003044,0.990865,0.00304,0.003052
AGCTATTTAATCCAAC-1,0.000539,0.593497,0.000535,0.405429
AGCTCCATATATGTTC-1,0.007152,0.978529,0.007143,0.007176
AGCTCCTTCGCACATC-1,0.002388,0.996036,0.000221,0.001355
AGCTCTAGACGTTCCA-1,0.000269,0.609054,0.000267,0.390411
AGCTCTTCGTAACCTT-1,0.137294,0.861295,0.000704,0.000707
AGCTCTTTACTCAGTT-1,0.004447,0.222462,0.000117,0.772974
AGCTGTAACCTCAATC-1,0.00606,0.993434,0.000252,0.000254
AGCTTATAGAGACCTG-1,0.003972,0.988079,0.003968,0.00398
AGCTTCTTCTCGAGCA-1,0.059521,0.611654,0.001043,0.327782
AGCTTGATCTTAACTT-1,0.039686,0.826691,0.000491,0.133132
AGGAACGAACGACTTC-1,0.004932,0.98519,0.004926,0.004952
AGGAAGCTGTCCGCCG-1,0.001192,0.76767,0.00119,0.229948
AGGACAGTCGAATCCC-1,0.000309,0.899954,0.000308,0.099429
AGGACATCGCACGTCG-1,0.004931,0.985188,0.004926,0.004954
AGGACATCGGCACACT-1,0.001172,0.827304,0.001171,0.170352
AGGACGACCCATTAGA-1,0.028648,0.288754,0.000535,0.682063
AGGACTTATAGGAGAA-1,0.001703,0.802298,0.001701,0.194298
AGGAGAGTCTGGCTAC-1,0.066176,0.932268,0.000776,0.00078
AGGAGGCCTTCGCGCG-1,0.000691,0.889029,0.00069,0.10959
AGGATAAAGTCGGGAT-1,0.012335,0.854249,0.000438,0.132978
AGGATATAGGGATTTA-1,0.000836,0.997489,0.000835,0.000839
AGGATCACGCGATCTG-1,0.03134,0.964644,0.000145,0.003871
AGGATTGCTTACGACA-1,0.217512,0.777461,0.002506,0.002521
AGGCACGTGACTGTCC-1,0.004334,0.733131,0.004329,0.258206
AGGCAGGGAGCGTACT-1,0.000234,0.84352,0.000233,0.156013
AGGCATTGTCGTAGGG-1,0.026525,0.970747,0.001361,0.001367
AGGCCACATTGGTTAC-1,0.028632,0.665291,0.028572,0.277504
AGGCCACCCGTTATGA-1,0.000212,0.909008,0.00021,0.09057
AGGCCCAGTGACTGGT-1,0.000131,0.649129,0.00013,0.35061
AGGCCCATTGTACAGG-1,0.049069,0.948203,0.001361,0.001367
AGGCCCTAGAACGCCA-1,0.233276,0.718749,0.000458,0.047517
AGGCCTGAGAATCTCG-1,0.000309,0.999082,0.000304,0.000305
AGGCGATAACTGGCGT-1,0.002345,0.744487,0.002342,0.250826
AGGCTATGGTTAGCTT-1,0.00286,0.99141,0.002857,0.002873
AGGCTTGCTAGACACC-1,0.000365,0.700684,0.000364,0.298587
AGGGACCGGCTGCGTT-1,0.008936,0.973152,0.008929,0.008982
AGGGACTCTACGCGAC-1,0.00095,0.424397,0.00094,0.573713
AGGGAGACATACTTCG-1,0.064363,0.827399,0.000677,0.107561
AGGGCCCTAATGTTCT-1,0.006809,0.979556,0.006803,0.006832
AGGGCGAGCAGCTGAT-1,0.569704,0.42992,0.000187,0.000188
AGGGCGTGATCGGCTA-1,0.000841,0.997474,0.00084,0.000844
AGGGTCGATGCGAACT-1,0.004328,0.931069,0.000142,0.064461
AGGGTGCTCTCGAGGG-1,0.270587,0.728553,0.000429,0.000431
AGGGTGGATAGTGCAT-1,0.000375,0.998877,0.000373,0.000375
AGGGTTCCCTTTGGTT-1,0.000511,0.829842,0.000508,0.169139
AGGGTTTAGTTCGGGA-1,0.000853,0.524335,0.000845,0.473967
AGGTAACCTCCTATTC-1,0.003575,0.989269,0.003571,0.003584
AGGTACGATATTGCCA-1,0.027206,0.677222,0.00105,0.294522
AGGTAGGTACAAAGCT-1,0.004753,0.928876,0.000359,0.066012
AGGTATAATTGATAGT-1,0.070713,0.926364,0.001458,0.001465
AGGTATGCGGACATTA-1,0.005297,0.984105,0.005291,0.005307
AGGTCAGGTGAGAGTG-1,0.070873,0.84185,0.000225,0.087051
AGGTCGCCTCCCAACA-1,0.006223,0.981332,0.006211,0.006233
AGGTGCACGTCCACAT-1,0.018594,0.840144,0.001066,0.140196
AGGTGGTGACCTTCGC-1,0.000675,0.997975,0.000674,0.000677
AGGTGTATCGCCATGA-1,0.013049,0.985929,0.00051,0.000512
AGGTGTTGCCGACCAC-1,0.003044,0.990862,0.00304,0.003054
AGGTTACACCATGCCG-1,0.014422,0.982042,0.001764,0.001773
AGGTTGAGGCACGCTT-1,0.000516,0.282791,0.000516,0.716177
AGGTTTCACACACCTT-1,0.000269,0.181446,0.000269,0.818016
AGTAATGTCTTGCCGC-1,0.000698,0.997905,0.000697,0.0007
AGTACAGAAGCTTATA-1,0.004766,0.883278,0.004762,0.107194
AGTACATCATTTATCA-1,0.136825,0.700469,0.000421,0.162284
AGTACGGCCCGTATCG-1,0.005108,0.702155,0.005102,0.287634
AGTACTCTTATGCCCA-1,0.002384,0.729001,0.002381,0.266235
AGTAGAAGGCGCCTCA-1,0.002425,0.992722,0.002421,0.002431
AGTAGGTAACATACAT-1,0.001459,0.995618,0.001458,0.001465
AGTATAATACTAGGCA-1,0.001663,0.995006,0.001661,0.00167
AGTATACACAGCGACA-1,0.000263,0.805348,0.000261,0.194129
AGTATTTGGCACGACC-1,0.002345,0.558764,0.002342,0.436549
AGTCAACACCACCATC-1,0.016406,0.376951,0.00015,0.606492
AGTCAAGATGACACTT-1,0.000217,0.91766,0.000216,0.081906
AGTCACTAGCTCTCGA-1,0.001354,0.995971,0.001335,0.001341
AGTCAGCCACCGCCTG-1,0.002554,0.992332,0.002551,0.002563
AGTCCATTGGCTGATG-1,0.526548,0.472748,0.000351,0.000353
AGTCGGCCCAAACGAC-1,0.000267,0.996234,0.000266,0.003233
AGTCGGCTCAACTTTA-1,0.008534,0.73478,0.00157,0.255116
AGTCGGTTGCGTGAGA-1,0.003326,0.990013,0.003322,0.003338
AGTCGTATAAAGCAGA-1,0.011922,0.964228,0.011905,0.011945
AGTCGTCGACCACCAA-1,0.001014,0.996954,0.001013,0.001018
AGTCGTGGGCATTACG-1,0.043056,0.947706,0.004608,0.00463
AGTCTAAAGTATACTC-1,0.034582,0.852018,0.000349,0.11305
AGTCTCACAAGACTAC-1,0.022061,0.860796,0.000147,0.116996
AGTCTGGACATCCTTG-1,0.000385,0.987715,0.000385,0.011514
AGTCTTCTCCTCAAAT-1,0.010669,0.632539,0.000772,0.35602
AGTCTTTAAAGTGTCC-1,0.008939,0.973177,0.008929,0.008955
AGTGAACAAACTTCTC-1,0.012275,0.899119,0.000756,0.08785
AGTGAGACTTCCAGTA-1,0.208438,0.659629,0.000255,0.131678
AGTGAGTCGAATTAAC-1,0.007945,0.976152,0.007937,0.007966
AGTGATAACCTGCGCG-1,0.000914,0.997296,0.000893,0.000898
AGTGATTCAAGCAGGA-1,0.039252,0.735399,0.00033,0.225019
AGTGCACGCTTAAGAA-1,0.085544,0.895382,0.009524,0.00955
AGTGCTAAACACAGCA-1,0.000374,0.998876,0.000374,0.000376
AGTGCTTGCACGAATA-1,0.00096,0.997117,0.000959,0.000964
AGTGGCGGCAATTTGA-1,0.077469,0.690839,0.000578,0.231114
AGTGGCGTCTGAAGGT-1,0.001233,0.996301,0.001232,0.001235
AGTGGCTCCGTCGGCC-1,0.001723,0.994826,0.001721,0.00173
AGTGGTGTTACCCGTG-1,0.043661,0.956102,0.000118,0.000119
AGTGGTTGCGTATAGG-1,0.001789,0.994632,0.001786,0.001793
AGTGTGCTAAGATCGC-1,0.000148,0.957372,0.000147,0.042333
AGTGTGGTCTATTGTG-1,0.000832,0.997504,0.000831,0.000834
AGTTAAACACTTGCGA-1,0.005617,0.590281,0.00056,0.403541
AGTTAAGTCAACCGCT-1,0.01543,0.957806,0.000934,0.02583
AGTTACCCTTAAGACT-1,0.000193,0.939742,0.000193,0.059872
AGTTACCGCACATGGT-1,0.000213,0.999359,0.000213,0.000214
AGTTCACCGGTTGGAC-1,0.000154,0.999536,0.000154,0.000155
AGTTCCTACAGAATTA-1,0.000334,0.837854,0.000333,0.161479
AGTTCCTATTTATGTT-1,0.006029,0.522957,0.000581,0.470433
AGTTCTGCGTTGTATC-1,0.000347,0.747993,0.000347,0.251313
AGTTGACATCGGCTGG-1,0.000288,0.999139,0.000286,0.000287
AGTTGACGGTCCTTGC-1,0.002509,0.877482,0.002506,0.117502
AGTTGCTGACTGATAT-1,0.000415,0.998759,0.000412,0.000414
AGTTGGCAAGGCTAGA-1,0.00596,0.872053,0.005953,0.116035
AGTTTCGCAGGTCGGA-1,0.00894,0.591752,0.008929,0.390379
AGTTTGCACCTGCCTC-1,0.000464,0.998619,0.000458,0.00046
AGTTTGGCACGGGTTG-1,0.00841,0.974751,0.008404,0.008435
AGTTTGGCCAGACCTA-1,0.076108,0.828662,0.000176,0.095055
ATAAACGGACCCGTAA-1,0.000668,0.777941,0.000668,0.220723
ATAAACGTTGCACCAC-1,0.003251,0.892934,0.003247,0.100568
ATAAAGGCTCGGTCGT-1,0.003346,0.813193,0.000354,0.183106
ATAAATATTAGCAGCT-1,0.604923,0.394483,0.000295,0.000298
ATAACGCCGGAGGGTC-1,0.000412,0.457183,0.000411,0.541995
ATAAGGTGGAGAACAT-1,0.000475,0.73666,0.000475,0.262391
ATAAGTAGGGCGACTC-1,0.088746,0.772914,0.002268,0.136072
ATAATACCGTTAGCCG-1,0.000291,0.854657,0.000291,0.144761
ATAATAGCTGTTGAAT-1,0.009933,0.513329,0.000514,0.476224
ATAATAGTGTAGGGAC-1,0.003491,0.700443,0.003484,0.292582
ATAATCTTGGAGAACC-1,0.012217,0.986379,0.0007,0.000703
ATAATTAGCTAAGTAG-1,0.003177,0.990456,0.003175,0.003192
ATACAGGCCCTCCAAT-1,0.000745,0.913221,0.000744,0.08529
ATACCACGGGCAACTT-1,0.012488,0.983302,0.002101,0.002109
ATACCAGCAAATTGCT-1,0.084108,0.363871,0.001855,0.550166
ATACCAGGCTAATAGA-1,0.004334,0.844625,0.004329,0.146712
ATACCTAACCAAGAAA-1,0.005958,0.88119,0.000632,0.11222
ATACGAAGGCTTTCCA-1,0.163697,0.662529,0.015873,0.1579
ATACGCCGGCGAAACC-1,0.000267,0.523782,0.000265,0.475687
ATACGGAACGTCGTTT-1,0.006132,0.968309,0.000368,0.02519
ATACGGTGAAGATGCA-1,0.032529,0.959939,0.003759,0.003773
ATACGTACTTAGCCAC-1,0.002722,0.996996,0.000141,0.000142
ATACGTCCACTCCTGT-1,0.000309,0.970975,0.000307,0.028409
ATACGTTATGCACGGA-1,0.004334,0.98698,0.004329,0.004356
ATACTACCCGTACCAC-1,0.007526,0.977417,0.007519,0.007538
ATACTAGCATGACCCT-1,0.000701,0.838906,0.0007,0.159692
ATACTCTCGCCACTCT-1,0.000233,0.978975,0.000231,0.020562
ATACTGCCTTACACCG-1,0.064277,0.844107,0.000624,0.090992
ATACTTGTTCTCGAGC-1,0.000409,0.998773,0.000408,0.00041
ATAGACAACGGGACCT-1,0.28104,0.567955,0.000222,0.150783
ATAGACGAAGAGAAAG-1,0.006219,0.868858,0.000432,0.124491
ATAGAGTACTGGGACA-1,0.041393,0.812456,0.000383,0.145768
ATAGAGTTATCAACTT-1,0.755455,0.191793,0.00022,0.052532
ATAGCAACTAGGGAAG-1,0.004089,0.953752,0.004082,0.038077
ATAGCCTCAGTACCCA-1,0.000276,0.999173,0.000275,0.000276
ATAGCTGCTCTTGTTA-1,0.000182,0.999454,0.000182,0.000183
ATAGGCGGCTATAGAA-1,0.07362,0.925456,0.000461,0.000463
ATAGGCTAGCTTCGCA-1,0.010171,0.83974,0.000789,0.1493
ATAGGGATATCCTTGA-1,0.00269,0.498559,0.002646,0.496106
ATAGGTTGGGCAGATG-1,0.000463,0.63276,0.000462,0.366315
ATAGTCTTTGACGTGC-1,0.00722,0.705903,0.001074,0.285803
ATAGTTCCACCCACTC-1,0.280372,0.540868,0.000641,0.178119
ATATAAAGCGCTCGTG-1,0.002425,0.730579,0.002421,0.264575
ATATAAATGTAGCTGC-1,0.003533,0.995153,0.000655,0.000658
ATATAACACGGGCGCA-1,0.00447,0.986588,0.004464,0.004478
ATATACATGTATGGTA-1,0.001889,0.997971,0.00007,0.00007
ATATACGCTCGTGACG-1,0.003866,0.988398,0.003861,0.003875
ATATCAACCTACAGAG-1,0.038392,0.873267,0.001035,0.087305
ATATCGGTAGGGAGAT-1,0.000694,0.997915,0.000693,0.000697
ATATCGTTCCTCGAAC-1,0.00079,0.997628,0.000789,0.000793
ATATGTCTCCCTAGCC-1,0.002601,0.711856,0.002597,0.282945
ATATTCAGTTAAACCT-1,0.02281,0.551655,0.000211,0.425324
ATATTCCACATAGTGA-1,0.001153,0.996538,0.001152,0.001157
ATATTCCCACAGGTCA-1,0.007527,0.977397,0.007519,0.007556
ATATTGCTGTCAAAGT-1,0.002805,0.812228,0.002801,0.182167
ATATTGGAGAGGCCTT-1,0.013002,0.960981,0.012987,0.013029
ATATTTAACCCTCAAG-1,0.000412,0.643629,0.000409,0.355551
ATCAAACACTGTTCCA-1,0.001745,0.916582,0.001742,0.079931
ATCAAACGAAGGTTTG-1,0.136042,0.770166,0.000114,0.093678
ATCAAGATCCCAGGAC-1,0.001427,0.9186,0.001414,0.078558
ATCACGTGCTAATTAA-1,0.00517,0.567933,0.000281,0.426616
ATCACTTCATCCTCGC-1,0.000905,0.567984,0.000904,0.430207
ATCAGACGGCACGCCG-1,0.007162,0.088942,0.000082,0.903815
ATCAGCCTCATGCTGC-1,0.001312,0.99606,0.001311,0.001317
ATCAGCTCGTCCACTA-1,0.012666,0.987089,0.000122,0.000123
ATCAGGTAGCTGACAG-1,0.011919,0.964234,0.011905,0.011942
ATCATAGCCCTATGTA-1,0.008941,0.973168,0.008929,0.008962
ATCATGGACTACCGAC-1,0.011916,0.964233,0.011905,0.011946
ATCCAACGCAGTCATA-1,0.003763,0.995581,0.000328,0.000329
ATCCAATGGAGGGTCC-1,0.026656,0.791859,0.000292,0.181194
ATCCAATGGTACCGAA-1,0.001723,0.994823,0.001721,0.001733
ATCCACATCGACAGAA-1,0.001233,0.996299,0.001232,0.001237
ATCCAGAGCAACAACC-1,0.001202,0.266185,0.001191,0.731422
ATCCAGGATTCGTGAA-1,0.00527,0.409993,0.000193,0.584543
ATCCCATTTCCGTGGG-1,0.043055,0.771765,0.001287,0.183892
ATCCGGACCAGCCTGA-1,0.00596,0.624768,0.005953,0.36332
ATCCTGAATCGCTGCG-1,0.260815,0.738079,0.000552,0.000554
ATCCTGCTGCAGATAG-1,0.006507,0.980466,0.006494,0.006534
ATCCTTCTGAAAGAAC-1,0.00622,0.98132,0.006211,0.006249
ATCGACCCAATACAGA-1,0.000148,0.052907,0.000148,0.946797
ATCGACTCTTTCCGTT-1,0.001,0.652408,0.000999,0.345592
ATCGCACGCCGGGAGA-1,0.000568,0.7775,0.000567,0.221366
ATCGCCAGTCAACATT-1,0.001834,0.531218,0.001832,0.465117
ATCGCTTTACGTCTCA-1,0.004768,0.985692,0.004762,0.004778
ATCGGAGACAGACGGC-1,0.000228,0.891748,0.000227,0.107796
ATCGGCAAGCAGTCCA-1,0.000782,0.692779,0.000776,0.305663
ATCGGTTACCTAGTAA-1,0.066956,0.930263,0.001387,0.001394
ATCGTATTCCGAGAAC-1,0.000133,0.951006,0.000133,0.048729
ATCGTCCAATCGAGTC-1,0.000644,0.998066,0.000644,0.000647
ATCGTTAGCTAGCGGA-1,0.000466,0.976228,0.000465,0.02284
ATCTAATATCCTACGG-1,0.000317,0.72316,0.000317,0.276206
ATCTACCATCTGCTCC-1,0.007945,0.976164,0.007937,0.007954
ATCTAGCTTGTGAGGG-1,0.002015,0.858156,0.002012,0.137817
ATCTCCCACGGAATAT-1,0.006813,0.713281,0.006803,0.273103
ATCTCCCTGCAATCTA-1,0.003042,0.76072,0.00304,0.233198
ATCTCGTGAGCGAAAC-1,0.004471,0.986576,0.004464,0.004488
ATCTGATAGTGTCTTA-1,0.002458,0.937999,0.000243,0.0593
ATCTGCTGTTATCGCC-1,0.013538,0.982927,0.001764,0.001771
ATCTGGGCTGTTCTTG-1,0.001834,0.994494,0.001832,0.001841
ATCTGTAATTGTACCC-1,0.001417,0.995748,0.001414,0.001421
ATCTTATCGCACACCC-1,0.003405,0.98978,0.003401,0.003413
ATCTTGACCTGCAACG-1,0.000705,0.997885,0.000704,0.000707
ATCTTGACTTGTCCAA-1,0.050817,0.872078,0.00056,0.076545
ATCTTTCGTATAACCA-1,0.029875,0.852989,0.000373,0.116763
ATGAAGCCAAGGAGCC-1,0.000423,0.998738,0.000419,0.000421
ATGAAGTGGACCCAGC-1,0.020932,0.9362,0.000155,0.042713
ATGACGCCGGCTCTAA-1,0.000614,0.998162,0.000611,0.000614
ATGACGCGTTCTATCC-1,0.000911,0.997264,0.00091,0.000914
ATGACTATGCGACATT-1,0.000085,0.955746,0.000085,0.044083
ATGAGGAGTGTTAATC-1,0.000456,0.975214,0.000455,0.023876
ATGAGGGCAGCGGCTA-1,0.004206,0.987375,0.004202,0.004217
ATGATCGGGAATAGAC-1,0.001625,0.99512,0.001623,0.001631
ATGCACCTTCCTTAAT-1,0.000173,0.99948,0.000173,0.000174
ATGCACTACCGCATTG-1,0.000328,0.95797,0.000325,0.041376
ATGCATGATCCAGGAT-1,0.000473,0.500462,0.000471,0.498594
ATGCATTCCGTGATGG-1,0.002509,0.8119,0.002506,0.183085
ATGCCATTTGCGACCA-1,0.009683,0.989537,0.000389,0.000391
ATGCGAGTCCCACCAC-1,0.011915,0.754075,0.011905,0.222105
ATGCTCAGTGTTGCAT-1,0.009538,0.971355,0.009524,0.009583
ATGCTCTGGCGCGGTA-1,0.011381,0.987335,0.000641,0.000643
ATGCTTAGGAGTTGAT-1,0.006502,0.980491,0.006494,0.006514
ATGGAAATTTAAGGAG-1,0.04827,0.951082,0.000323,0.000325
ATGGAACCTTTGCACA-1,0.001277,0.885926,0.001276,0.111521
ATGGATCCGGCGTCCG-1,0.044728,0.476221,0.000978,0.478073
ATGGATTGACCAAACG-1,0.00037,0.440186,0.000369,0.559075
ATGGCAGCCGAGAAAC-1,0.000917,0.948854,0.000916,0.049314
ATGGCGGAATAGTCGC-1,0.010217,0.458945,0.010204,0.520634
ATGGGCCTCGGCCTCT-1,0.000148,0.985462,0.000148,0.014242
ATGGTCGCGTGGTTTC-1,0.005945,0.99368,0.000187,0.000188
ATGTAAGGCTGCTCTT-1,0.999316,0.000456,0.000114,0.000114
ATGTACATGCGGTGAG-1,0.003667,0.98899,0.003663,0.003681
ATGTACGATGACGTCG-1,0.003488,0.838575,0.003484,0.154453
ATGTAGCGCGCGTAGG-1,0.005108,0.984664,0.005102,0.005126
ATGTCATTTCCCATTG-1,0.000187,0.999443,0.000185,0.000185
ATGTGAAAGCCTAATG-1,0.021752,0.740628,0.000318,0.237301
ATGTGCATCCGACGCA-1,0.000511,0.798808,0.000508,0.200172
ATGTGGACATCTTGAT-1,0.000611,0.69845,0.000611,0.300329
ATGTGTAGTTTAGTCA-1,0.011005,0.966991,0.010989,0.011015
ATGTTACGAGCAATAC-1,0.001683,0.806676,0.001681,0.18996
ATGTTCCTGCCCACCT-1,0.000182,0.999453,0.000182,0.000183
ATGTTCGTCGACCCAC-1,0.004206,0.987366,0.004202,0.004226
ATGTTGATTAGAGACT-1,0.005296,0.984101,0.005291,0.005312
ATGTTGTAGTCTGTTT-1,0.029646,0.943085,0.000671,0.026598
ATGTTTCGGCCCGGAG-1,0.00894,0.35201,0.008929,0.630121
ATTAACACCTGAGATA-1,0.00011,0.991959,0.00011,0.007821
ATTAATACTACGCGGG-1,0.000782,0.67377,0.000781,0.324668
ATTAATTCGGTCACTC-1,0.000737,0.610244,0.000736,0.388283
ATTACATGTCAGTCTT-1,0.002466,0.77469,0.002463,0.220381
ATTACCACACTGCCTG-1,0.057927,0.928426,0.006803,0.006843
ATTACGCGCTGGCAGG-1,0.018584,0.980803,0.000306,0.000307
ATTACTAGCCTCTTGC-1,0.000544,0.998367,0.000543,0.000546
ATTAGATTGATAGCGG-1,0.000226,0.953586,0.000226,0.045962
ATTATACTTTGCTCGT-1,0.009148,0.544716,0.000271,0.445866
ATTATAGCTACTTTAC-1,0.15342,0.675601,0.001605,0.169373
ATTATCGGAATGTACG-1,0.004613,0.986157,0.004608,0.004621
