Barcode,Topic 1,Topic 2,Topic 3to6,Topic 7to8,Topic 9to10
AAACAACGAATAGTTC-1,0.000269,0.000269,0.171558,0.827367,0.000538
AAACAAGTATCTCCCA-1,0.00049,0.00049,0.928119,0.000981,0.06992
AAACAATCTACTAGCA-1,0.000098,0.000098,0.884746,0.089559,0.025498
AAACACCAATAACTGC-1,0.002326,0.002326,0.986044,0.004652,0.004652
AAACAGAGCGACTCCT-1,0.000282,0.076472,0.796594,0.000564,0.126088
AAACAGCTTTCAGAAG-1,0.000068,0.000068,0.800116,0.183554,0.016194
AAACAGGGTCTATATT-1,0.00008,0.00008,0.999522,0.000159,0.000159
AAACATTTCCCGGATT-1,0.001667,0.001667,0.989997,0.003334,0.003335
AAACCACTACACAGAT-1,0.000115,0.000115,0.249349,0.039229,0.711192
AAACCCGAACGAAATC-1,0.000068,0.191643,0.784856,0.023298,0.000135
AAACCGGAAATGTTAA-1,0.00004,0.163024,0.585817,0.25104,0.00008
AAACCGGGTAGGTACC-1,0.000043,0.000043,0.98718,0.000086,0.012648
AAACCGTTCGTCCAGG-1,0.000353,0.000353,0.707207,0.000707,0.29138
AAACCTAAGCAGCCGG-1,0.000155,0.000155,0.234838,0.078585,0.686268
AAACCTCATGAAGTTG-1,0.000069,0.000069,0.949513,0.041069,0.00928
AAACGAAGAACATACC-1,0.000071,0.000071,0.452489,0.020897,0.526472
AAACGAAGATGGAGTA-1,0.002778,0.002778,0.98333,0.005557,0.005556
AAACGACAGTCTTGCC-1,0.000633,0.000633,0.713846,0.001266,0.283622
AAACGAGACGGTTGAT-1,0.000077,0.075424,0.87043,0.053917,0.000153
AAACGCCCGAGATCGG-1,0.001493,0.001493,0.843591,0.002986,0.150437
AAACGGGCGTACGGGT-1,0.000439,0.000439,0.001755,0.000877,0.99649
AAACGGGTTGGTATCC-1,0.000054,0.145974,0.45656,0.388843,0.00857
AAACGGTTGCGAACTG-1,0.002941,0.002942,0.659399,0.005883,0.328835
AAACGTGTTCGCCCTA-1,0.000043,0.601412,0.371091,0.003391,0.024063
AAACTAACGTGGCGAC-1,0.000388,0.000388,0.903498,0.000775,0.094951
AAACTCGTGATATAAG-1,0.000027,0.576502,0.423361,0.000055,0.000055
AAACTGCTGGCTCCAA-1,0.00014,0.00014,0.889375,0.056503,0.053842
AAACTTAATTGCACGC-1,0.001613,0.001613,0.990321,0.003226,0.003227
AAACTTGCAAACGTAT-1,0.000058,0.000058,0.999652,0.000116,0.000116
AAAGACATGAAGTTTA-1,0.002222,0.002223,0.986664,0.004445,0.004445
AAAGACCCAAGTCGCG-1,0.000243,0.000243,0.864116,0.000486,0.134913
AAAGACTGGGCGCTTT-1,0.000091,0.000092,0.851803,0.096482,0.051532
AAAGCTTGCCTACATA-1,0.00009,0.056941,0.914197,0.00018,0.028592
AAAGGCCCTATAATAC-1,0.001639,0.00164,0.990162,0.00328,0.00328
AAAGGCTACGGACCAT-1,0.001887,0.001887,0.988676,0.003775,0.003775
AAAGGCTCTCGCGCCG-1,0.001923,0.001924,0.988458,0.003848,0.003847
AAAGGGATGTAGCAAG-1,0.000115,0.000115,0.782525,0.00023,0.217015
AAAGGGCAGCTTGAAT-1,0.000066,0.042661,0.912243,0.044898,0.000133
AAAGGTAAGCTGTACC-1,0.001299,0.001299,0.810791,0.002598,0.184013
AAAGGTCAACGACATG-1,0.000446,0.049553,0.760993,0.066562,0.122446
AAAGTAGCATTGCTCA-1,0.000046,0.538662,0.426687,0.000091,0.034513
AAAGTCACTGATGTAA-1,0.000625,0.000625,0.996249,0.00125,0.00125
AAAGTCGACCCTCAGT-1,0.000095,0.000095,0.842578,0.152836,0.004397
AAAGTGCCATCAATTA-1,0.00003,0.499396,0.069465,0.431048,0.000061
AAAGTGTGATTTATCT-1,0.000125,0.000125,0.920702,0.061095,0.017954
AAAGTTGACTCCCGTA-1,0.000091,0.000091,0.950008,0.006264,0.043546
AAATAACCATACGGGA-1,0.002326,0.002326,0.927479,0.004652,0.063217
AAATAAGGTAGTGCCC-1,0.000103,0.000103,0.975723,0.023866,0.000205
AAATACCTATAAGCAT-1,0.000187,0.000187,0.750319,0.183077,0.066231
AAATAGCTTAGACTTT-1,0.00006,0.002558,0.616357,0.151709,0.229317
AAATAGGGTGCTATTG-1,0.002632,0.002632,0.89615,0.005265,0.093322
AAATCACTCCTAAACG-1,0.000256,0.000256,0.742359,0.000513,0.256616
AAATCCGATACACGCC-1,0.000077,0.000077,0.000308,0.000154,0.999384
AAATCGCGGAAGGAGT-1,0.000275,0.000275,0.912393,0.00055,0.086508
AAATCGTGTACCACAA-1,0.000081,0.115715,0.854456,0.000162,0.029586
AAATCTAGCCCTGCTA-1,0.00098,0.000981,0.790593,0.001961,0.205485
AAATGATTCGATCAGC-1,0.000066,0.112529,0.77524,0.030057,0.082108
AAATGCTCGTTACGTT-1,0.00008,0.179908,0.482517,0.244348,0.093147
AAATGGCATGTCTTGT-1,0.000463,0.000463,0.52777,0.000926,0.470378
AAATGGCCCGTGCCCT-1,0.000058,0.000058,0.832111,0.021392,0.146381
AAATGTATCTTATCCC-1,0.000021,0.073204,0.000085,0.856987,0.069703
AAATGTGGGTGCTCCT-1,0.000134,0.000134,0.415048,0.000269,0.584414
AAATTAACGGGTAGCT-1,0.000114,0.190472,0.745944,0.005344,0.058127
AAATTAATAAGCGCGA-1,0.000036,0.068189,0.415058,0.492911,0.023807
AAATTACACGACTCTG-1,0.003335,0.111449,0.411397,0.006669,0.467151
AAATTACCTATCGATG-1,0.000069,0.359673,0.608365,0.031755,0.000138
AAATTCCAGGTCCAAA-1,0.000076,0.000076,0.827479,0.033088,0.139281
AAATTGATAGTCCTTT-1,0.00049,0.00049,0.997058,0.000981,0.000981
AAATTGCGGCGGTTCT-1,0.00006,0.136282,0.217177,0.624022,0.022459
AAATTGGTGAGAAGCA-1,0.000038,0.495128,0.501594,0.000077,0.003162
AAATTTACCGAAATCC-1,0.001923,0.001924,0.988459,0.003847,0.003847
AAATTTGCGGGTGTGG-1,0.000054,0.109645,0.850134,0.000108,0.040059
AACAACTGGTAGTTGC-1,0.000064,0.153012,0.846667,0.000128,0.000128
AACAATACATTGTCGA-1,0.00082,0.00082,0.918478,0.00164,0.078243
AACAATTACTCTACGC-1,0.000063,0.167369,0.703737,0.022835,0.105998
AACACACGCTCGCCGC-1,0.001724,0.001725,0.733979,0.003449,0.259124
AACACGACTGTACTGA-1,0.000524,0.000524,0.876058,0.001047,0.121848
AACACGAGACGCGGCC-1,0.000053,0.050856,0.856007,0.000769,0.092315
AACACGCGGCCGCGAA-1,0.000114,0.000114,0.935502,0.014694,0.049576
AACAGCTGTGTGGCAA-1,0.000196,0.000196,0.794515,0.000392,0.204702
AACAGGAAATCGAATA-1,0.001021,0.001021,0.757596,0.002041,0.238322
AACAGGATGGGCCGCG-1,0.000081,0.081062,0.918532,0.000163,0.000163
AACAGGTAGTATGGAT-1,0.000097,0.050085,0.822874,0.093873,0.03307
AACATATCAACTGGTG-1,0.000097,0.176025,0.808909,0.014774,0.000195
AACATCGATACGTCTA-1,0.000041,0.540687,0.43564,0.023552,0.000081
AACATTGAAGTTGATC-1,0.0002,0.0002,0.819469,0.000401,0.179729
AACATTGGTCAGCCGT-1,0.000062,0.000062,0.231837,0.749257,0.018783
AACATTGTGACTCGAG-1,0.001235,0.001235,0.866403,0.00247,0.128658
AACCAAGACTTCTCTG-1,0.000057,0.008768,0.990948,0.000114,0.000114
AACCAGTATCACTCTT-1,0.00164,0.00164,0.810204,0.003279,0.183237
AACCATAGGGTTGAAC-1,0.001563,0.001563,0.606963,0.003126,0.386786
AACCATGGGATCGCTA-1,0.000066,0.182391,0.653269,0.164143,0.000131
AACCCAGAGACGGAGA-1,0.00008,0.085614,0.735034,0.117348,0.061924
AACCCATCCCATGATC-1,0.000266,0.000266,0.998404,0.000532,0.000532
AACCCGACAACCCGTG-1,0.0008,0.0008,0.951716,0.0016,0.045083
AACCCGAGCAGAATCG-1,0.000515,0.000516,0.766682,0.001031,0.231256
AACCCGATAGGGCTTC-1,0.000226,0.000226,0.979047,0.000452,0.02005
AACCCTACTGTCAATA-1,0.000092,0.000092,0.963933,0.010699,0.025184
AACCCTGGTGGAACCA-1,0.000122,0.000122,0.710738,0.024571,0.264448
AACCGAGCTTGGTCAT-1,0.000052,0.160558,0.819818,0.000105,0.019468
AACCGCTAAGGGATGC-1,0.000129,0.198718,0.767858,0.021273,0.012022
AACCGTTGTGTTTGCT-1,0.001429,0.001429,0.907646,0.002858,0.086638
AACCTCGCTTTAGCCC-1,0.002174,0.002175,0.337178,0.004349,0.654125
AACCTGTCACGGAATT-1,0.000093,0.000093,0.999442,0.000186,0.000186
AACCTTTAAATACGGT-1,0.000309,0.090919,0.624144,0.000617,0.284011
AACCTTTACGACGTCT-1,0.003031,0.003031,0.746345,0.006063,0.241531
AACGAAAGTCGTCCCA-1,0.000306,0.000306,0.998165,0.000612,0.000612
AACGATAATGCCGTAG-1,0.003125,0.003126,0.666083,0.006252,0.321414
AACGATAGAAGGGCCG-1,0.002941,0.002942,0.716251,0.089352,0.188513
AACGCATGATCTGGGT-1,0.000068,0.265113,0.674614,0.060067,0.000137
AACGCGAACGGCAACA-1,0.000034,0.118853,0.475583,0.405461,0.000069
AACGCGACCTTGGGCG-1,0.002439,0.00244,0.950962,0.00488,0.03928
AACGCGGTCTCCAGCC-1,0.000145,0.000145,0.99913,0.00029,0.00029
AACGCTGTTGCTGAAA-1,0.001819,0.001819,0.584263,0.408462,0.003638
AACGGACGTACGTATA-1,0.002084,0.002084,0.83072,0.004168,0.160944
AACGGCCATCTCCGGT-1,0.000043,0.160964,0.838822,0.000085,0.000085
AACGTACTGTGGGTAC-1,0.000041,0.166937,0.83286,0.000081,0.000081
AACGTAGTCTACCCAT-1,0.000571,0.000572,0.360718,0.465449,0.17269
AACGTCAGACTAGTGG-1,0.000096,0.052856,0.883452,0.063403,0.000193
AACGTGATGAAGGACA-1,0.000127,0.000127,0.999235,0.000255,0.000255
AACGTGCGAAAGTCTC-1,0.000054,0.384739,0.601026,0.000109,0.014072
AACGTTATCAGCACCT-1,0.00004,0.278763,0.142024,0.579092,0.000081
AACTACCCGTTTGTCA-1,0.000147,0.000147,0.802105,0.197306,0.000295
AACTAGCGTATCGCAC-1,0.001053,0.001053,0.993683,0.002106,0.002106
AACTAGGCTTGGGTGT-1,0.002778,0.002778,0.698616,0.005557,0.290271
AACTCAAGTTAATTGC-1,0.000057,0.221859,0.773386,0.000115,0.004582
AACTCCAGAGCGTGTT-1,0.001887,0.001887,0.739445,0.003775,0.253006
AACTCCTAATCCCATG-1,0.000248,0.000248,0.907738,0.000496,0.091269
AACTCGATAAACACGT-1,0.00002,0.019525,0.241166,0.739248,0.000041
AACTCGATGGCGCAGT-1,0.000091,0.062228,0.42799,0.3006,0.209092
AACTCTCAATAGAGCG-1,0.000055,0.204661,0.754026,0.041148,0.000111
AACTCTCAGTGTGCTC-1,0.00125,0.00125,0.69947,0.002501,0.295529
AACTGAGGTCAGCGTC-1,0.000431,0.000431,0.914338,0.000862,0.083938
AACTGAGTTATACTGA-1,0.000078,0.022099,0.452478,0.494027,0.031317
AACTGATATTAGGCCT-1,0.000168,0.180161,0.496402,0.000335,0.322935
AACTGGGTCCCGACGT-1,0.000283,0.000283,0.907882,0.000567,0.090984
AACTGGGTTCGAGCCG-1,0.003449,0.003449,0.876482,0.006899,0.10972
AACTGGTGTGGGCCTT-1,0.00041,0.00041,0.99754,0.00082,0.00082
AACTTCTGCGTCTATC-1,0.000072,0.133791,0.489481,0.365625,0.011031
AACTTGCCCGTATGCA-1,0.00007,0.141643,0.794245,0.063903,0.000139
AACTTGCGTTCTCGCG-1,0.00006,0.149694,0.293732,0.552355,0.004159
AACTTTACGGGAGCTT-1,0.000068,0.020725,0.435503,0.494708,0.048996
AACTTTAGCTGCTGAG-1,0.00098,0.000981,0.920926,0.001961,0.075152
AACTTTCTCGATCATG-1,0.000118,0.044978,0.858642,0.069295,0.026966
AAGAAATCACCAGATT-1,0.000058,0.000058,0.943122,0.031283,0.025479
AAGAAGGATCAGTTAG-1,0.000052,0.000058,0.682744,0.317042,0.000104
AAGACCAAATAACTCA-1,0.000465,0.097515,0.616353,0.00093,0.284736
AAGACCCAACTGAACA-1,0.000426,0.000426,0.592065,0.000851,0.406233
AAGACTAACCCGTTGT-1,0.000081,0.000081,0.707419,0.20642,0.085999
AAGACTCACGCCCACT-1,0.000395,0.000395,0.622195,0.170321,0.206694
AAGACTGCAAGCTACT-1,0.000083,0.013131,0.953853,0.000165,0.032769
AAGAGATGAATCGGTA-1,0.000057,0.120626,0.839226,0.035366,0.004725
AAGAGCTCTTTATCGG-1,0.000061,0.171657,0.828039,0.000122,0.000122
AAGAGGATGTACGCGA-1,0.000077,0.000077,0.962573,0.037119,0.000154
AAGAGGCATGGATCGC-1,0.000089,0.053668,0.932111,0.000178,0.013953
AAGAGGCCCTTTGGAA-1,0.000063,0.059704,0.774021,0.166084,0.000127
AAGATGGCACCGGACC-1,0.002222,0.002223,0.726638,0.004445,0.264472
AAGATTGGCGGAACGT-1,0.000074,0.210046,0.789584,0.000148,0.000148
AAGCACCCTGCGTATC-1,0.000091,0.000091,0.413533,0.115388,0.470898
AAGCCGAAGCGGTTTA-1,0.000108,0.020591,0.949813,0.029273,0.000216
AAGCCGCCGTGAAATC-1,0.00026,0.00026,0.872628,0.00052,0.126333
AAGCCGCTTTACCTTG-1,0.00009,0.090163,0.794754,0.000179,0.114814
AAGCCGGAGAGCAGGA-1,0.000028,0.481334,0.022217,0.496366,0.000056
AAGCGCAGGGCTTTGA-1,0.000833,0.000834,0.38992,0.001667,0.606745
AAGCGGAGTGCGCGCA-1,0.00005,0.192987,0.806762,0.0001,0.0001
AAGCGGCGTCATGGGT-1,0.00073,0.00073,0.913299,0.038581,0.046661
AAGCGTCCCTCATCGA-1,0.001639,0.00164,0.990162,0.003279,0.00328
AAGCTCGTGCCAAGTC-1,0.000075,0.165025,0.729753,0.099603,0.005544
AAGCTCTTTCATGGTG-1,0.000775,0.000775,0.804206,0.192693,0.001551
AAGGAGAACTTATAAG-1,0.000097,0.263597,0.16192,0.289798,0.284588
AAGGAGCGGTTGGTGC-1,0.000063,0.216308,0.753529,0.029972,0.000127
AAGGATCGATCGCTTG-1,0.000106,0.078548,0.920924,0.000211,0.000211
AAGGATGAGGGACCTC-1,0.00007,0.044665,0.954985,0.00014,0.00014
AAGGCAGGCTGTCTCC-1,0.000087,0.000087,0.904404,0.095247,0.000174
AAGGCGCGTAAAGCTT-1,0.000077,0.000077,0.90347,0.027649,0.068726
AAGGCTGTGCTCATCG-1,0.000037,0.752676,0.247142,0.000073,0.000073
AAGGGAACGACTGGCT-1,0.000725,0.000725,0.884696,0.00145,0.112405
AAGGGACAGATTCTGT-1,0.000081,0.153075,0.809521,0.03716,0.000163
AAGGGACTATGCATTC-1,0.000935,0.000935,0.90284,0.093421,0.00187
AAGGGTTTGATTTCAG-1,0.000521,0.000521,0.996874,0.001042,0.001042
AAGGTATCCTAATATA-1,0.000319,0.00032,0.998083,0.000639,0.000639
AAGGTGATAAACCAGC-1,0.000089,0.081187,0.902175,0.000179,0.01637
AAGTAAGCTTCCAAAC-1,0.000209,0.000209,0.512447,0.135455,0.351679
AAGTAGAAGACCGGGT-1,0.000106,0.000106,0.932765,0.066813,0.000211
AAGTAGTGACGCGAGG-1,0.000076,0.000076,0.970028,0.028546,0.001274
AAGTCAATTGTCGTCA-1,0.000118,0.116856,0.56441,0.040274,0.278341
AAGTCTAGTAGCTGCC-1,0.00011,0.00011,0.974293,0.00022,0.025267
AAGTCTTCTGTGGCCT-1,0.000083,0.089352,0.138551,0.693805,0.078209
AAGTGACGACCGAATT-1,0.00007,0.116759,0.88289,0.00014,0.00014
AAGTGAGTCGGGTTTA-1,0.001818,0.001819,0.989088,0.003637,0.003637
AAGTGCAAAGGTAGAC-1,0.00005,0.048756,0.806133,0.141351,0.003709
AAGTGCCTTGACTGTA-1,0.000104,0.108986,0.862758,0.000208,0.027944
AAGTGCGTTAGAATCT-1,0.000061,0.051332,0.86762,0.048716,0.032271
AAGTGCTTCTCTATTG-1,0.000763,0.000764,0.934949,0.001527,0.061997
AAGTGTTTGGAGACGG-1,0.002041,0.002041,0.987752,0.004083,0.004083
AAGTTCACTCCAAGCT-1,0.001786,0.189398,0.512603,0.151235,0.144979
AAGTTCAGTCTGCGTA-1,0.000038,0.663391,0.336418,0.000076,0.000076
AAGTTCGGCCAACAGG-1,0.000046,0.062283,0.919625,0.017955,0.000091
AAGTTGTGATGTTATA-1,0.000147,0.000147,0.600886,0.142083,0.256736
AAGTTTACTAATGGCA-1,0.000099,0.219926,0.211066,0.32885,0.24006
AATAACAACGCTCGGC-1,0.00006,0.087256,0.912442,0.000121,0.000121
AATAACACTAGAACAA-1,0.001961,0.001961,0.759883,0.003922,0.232273
AATAAGTCCTCGAGAC-1,0.000067,0.000067,0.18037,0.044192,0.775304
AATAATCTTCGTATCG-1,0.000051,0.000051,0.790113,0.209681,0.000103
AATACAATGTTTCAGG-1,0.000059,0.008608,0.731111,0.20527,0.054952
AATACCGGAGGGCTGT-1,0.000235,0.000235,0.912572,0.000471,0.086486
AATAGAACAGAGTGGC-1,0.002381,0.002382,0.900537,0.004763,0.089937
AATAGAATCTGTTTCA-1,0.000775,0.000775,0.900874,0.001551,0.096024
AATAGCAAGCCTCCTG-1,0.001299,0.001299,0.992206,0.002598,0.002598
AATAGCTACCGCGTGC-1,0.000055,0.108368,0.891356,0.000111,0.000111
AATAGTCCGTCCCGAC-1,0.003125,0.003126,0.440875,0.546622,0.006252
AATAGTCGCGAGTCGG-1,0.000083,0.000083,0.434932,0.56078,0.004123
AATATCAAGGTCGGAT-1,0.000215,0.000215,0.907202,0.000429,0.091939
AATATCCTAGCAAACT-1,0.001695,0.001696,0.989828,0.003391,0.003391
AATATCGAATCAATGC-1,0.000086,0.245716,0.752577,0.00145,0.000172
AATATCGAGGGTTCTC-1,0.00004,0.624586,0.375211,0.000083,0.000081
AATATTGGAGTATTGA-1,0.000078,0.000078,0.86044,0.05798,0.081424
AATCAGACTGCAGGAC-1,0.000045,0.162522,0.451692,0.38565,0.00009
AATCAGGTTTCATTTA-1,0.000345,0.000345,0.86019,0.00069,0.13843
AATCATGTAAAGACTC-1,0.001887,0.001887,0.64973,0.003775,0.342721
AATCCAAGGGCCTGAG-1,0.000599,0.000599,0.871955,0.001198,0.125649
AATCCATGCAAGGGTG-1,0.000051,0.012089,0.525643,0.430848,0.031369
AATCGCCTCAGCGCCA-1,0.000145,0.044726,0.896609,0.038454,0.020066
AATCGCGCAGAGGACT-1,0.000104,0.134947,0.821608,0.043132,0.000209
AATCGGGACACTACGA-1,0.00042,0.00042,0.644022,0.298188,0.056949
AATCGTGAGCCGAGCA-1,0.000813,0.000813,0.165433,0.001626,0.831315
AATCTAGGTTTACTTG-1,0.00007,0.317547,0.657154,0.000141,0.025088
AATCTATGCCGGAGCC-1,0.000109,0.000109,0.999343,0.000219,0.000219
AATCTCTACTGTGGTT-1,0.000122,0.000122,0.824607,0.119903,0.055245
AATCTGGCTTTCTAGT-1,0.000111,0.000111,0.898187,0.04713,0.054461
AATCTGGGTAGACCCT-1,0.000231,0.000232,0.562855,0.000463,0.436219
AATGACAGCAATGTCT-1,0.000064,0.106701,0.87845,0.000128,0.014657
AATGACGTAGGATGTC-1,0.000198,0.000198,0.998812,0.000396,0.000396
AATGACTGTCAGCCGG-1,0.000104,0.129985,0.815231,0.02382,0.030861
AATGAGTTCGCATATG-1,0.000066,0.094406,0.355708,0.45111,0.09871
AATGATGATACGCTAT-1,0.000075,0.111432,0.797117,0.00015,0.091226
AATGATGCGACTCCTG-1,0.000084,0.000084,0.984261,0.015401,0.000169
AATGCAACCGGGTACC-1,0.000079,0.203055,0.79655,0.000158,0.000158
AATGCACCAAGCAATG-1,0.00008,0.053717,0.945883,0.00016,0.00016
AATGGCCGCCAATGCG-1,0.000546,0.000547,0.868817,0.001093,0.128997
AATGGTCCACCGTTCA-1,0.000091,0.000091,0.871831,0.116626,0.011361
AATGGTTCTCACAAGC-1,0.000068,0.029843,0.248204,0.078973,0.642912
AATGTATGGCACTGTA-1,0.000629,0.000629,0.89715,0.001258,0.100334
AATGTGCCCGAGGTGT-1,0.000211,0.031502,0.78306,0.000422,0.184805
AATGTGCTAATCTGAG-1,0.002381,0.002382,0.754466,0.004763,0.236009
AATTAAAGGTCGGCGT-1,0.000049,0.134782,0.864971,0.000099,0.000099
AATTAACGGATTTCCA-1,0.000441,0.000441,0.670152,0.000881,0.328086
AATTACGAGACCCATC-1,0.002273,0.002273,0.925265,0.004546,0.065643
AATTACTCGTACGCTC-1,0.000119,0.000119,0.109106,0.677041,0.213615
AATTAGCGCTGCAGCG-1,0.004348,0.004349,0.973907,0.008698,0.008698
AATTCATAAGGGATCT-1,0.000074,0.245947,0.753681,0.000149,0.000149
AATTCATTGTCATGCA-1,0.001887,0.001887,0.650737,0.275448,0.07004
AATTCCAACTTGGTGA-1,0.000035,0.010145,0.073958,0.908354,0.007507
AATTCCAAGCATGTAC-1,0.002273,0.002273,0.986361,0.004547,0.004546
AATTCGATTCGAGGAT-1,0.00019,0.000191,0.202135,0.000381,0.797102
AATTCTAGAGTTAGGC-1,0.001695,0.001695,0.989828,0.003391,0.003391
AATTGAACGCTCTGGT-1,0.000213,0.000213,0.74464,0.018928,0.236005
AATTGCAGCAATCGAC-1,0.000322,0.000322,0.497921,0.33754,0.163896
AATTGCGTGGATTACA-1,0.000787,0.097564,0.898476,0.001575,0.001597
AATTGTGGTTGCCAAA-1,0.0001,0.110807,0.582876,0.26538,0.040837
AATTTGGGACATAGTA-1,0.002565,0.002565,0.984611,0.00513,0.00513
AATTTGGTTCCAAAGA-1,0.000602,0.000603,0.721535,0.001205,0.276055
ACAAACCATGCGTCCT-1,0.000806,0.000807,0.99516,0.001613,0.001613
ACAAAGAAGGTAGGCC-1,0.000064,0.000064,0.985595,0.000127,0.014151
ACAAAGCATGACCTAG-1,0.000532,0.263496,0.01518,0.001064,0.719727
ACAAATCGCACCGAAT-1,0.001818,0.001819,0.888965,0.003637,0.103761
ACAAATGGTAGTGTTT-1,0.000225,0.000225,0.971667,0.000451,0.027432
ACAAATTCAGATCTGA-1,0.000429,0.000429,0.997424,0.000859,0.000859
ACAACAGCATGAGCTA-1,0.000069,0.247904,0.725308,0.001991,0.024729
ACAACGGTCCCTGCGA-1,0.000052,0.200315,0.738232,0.061297,0.000104
ACAAGCAGTGCCTAGC-1,0.000054,0.459718,0.50466,0.029351,0.006217
ACAAGCTATATGGAAG-1,0.000029,0.107528,0.220991,0.581065,0.090387
ACAAGGAAATCCGCCC-1,0.000213,0.035976,0.404449,0.000426,0.558937
ACAAGGACAAGAGGTT-1,0.000028,0.585011,0.389673,0.017891,0.007397
ACAAGGATGCTTTAGG-1,0.00137,0.00137,0.005481,0.002741,0.989038
ACAAGGCCTACCAGCC-1,0.000218,0.000218,0.55933,0.000436,0.439798
ACAAGGGCAGGCTCTG-1,0.000176,0.000176,0.998943,0.000352,0.000352
ACAATAGTCGTACGTT-1,0.000081,0.000081,0.949139,0.000161,0.050539
ACAATCCATTTAAACC-1,0.000057,0.069455,0.770777,0.038208,0.121503
ACAATCGATCTTTATA-1,0.000179,0.000179,0.20105,0.000358,0.798235
ACAATGAATACGGAGA-1,0.002041,0.002041,0.987752,0.004083,0.004083
ACAATGATTCTTCTAC-1,0.000885,0.000885,0.994689,0.00177,0.00177
ACAATTGTGTCTCTTT-1,0.000293,0.000293,0.825761,0.063894,0.109759
ACAATTTAGGAGGCTC-1,0.000071,0.000071,0.774904,0.176422,0.048533
ACAATTTGAGCAGTGG-1,0.000062,0.050057,0.909285,0.040472,0.000124
ACAATTTGGCCATATT-1,0.000121,0.104777,0.338938,0.226614,0.329549
ACACAAAGACGGGTGG-1,0.000096,0.207152,0.736935,0.000192,0.055624
ACACAAATATTCCTAG-1,0.000052,0.042415,0.933439,0.006486,0.017608
ACACACCAGGACCAGT-1,0.000145,0.000145,0.99913,0.00029,0.00029
ACACACTTTCTACACG-1,0.002857,0.002858,0.982853,0.005716,0.005716
ACACATGATCAAATCT-1,0.002222,0.002223,0.932603,0.004446,0.058507
ACACCACATAATTAGC-1,0.000078,0.000078,0.917163,0.000157,0.082524
ACACCCAGCATGCAGC-1,0.000151,0.03973,0.93318,0.000301,0.026639
ACACCCGAGAAATCCG-1,0.000058,0.451232,0.4593,0.089295,0.000116
ACACCCGTAAATCTGT-1,0.000581,0.000582,0.977134,0.02054,0.001163
ACACCGAGCGCTCTTT-1,0.529389,0.001021,0.465508,0.002041,0.002041
ACACCGGTCTGACCGC-1,0.001408,0.001409,0.945558,0.002818,0.048807
ACACCTTAAGTAGGGC-1,0.000116,0.062384,0.926813,0.000233,0.010454
ACACCTTACTACTTGC-1,0.000132,0.072257,0.816323,0.111024,0.000264
ACACGAGACTCCTTCT-1,0.000051,0.077491,0.780853,0.042784,0.098822
ACACGGCACTATGCAT-1,0.000152,0.000152,0.538685,0.000303,0.460709
ACACGGGAACTTAGGG-1,0.000078,0.059766,0.885966,0.035434,0.018757
ACACGTAGGCCACAAG-1,0.000182,0.000182,0.907839,0.015689,0.076109
ACACTCCAATGTCACT-1,0.000063,0.024244,0.554818,0.415182,0.005693
ACACTGATCAAGGTGT-1,0.002174,0.002174,0.905889,0.004349,0.085414
ACACTGGGACAGTCGT-1,0.00037,0.00037,0.847575,0.100862,0.050822
ACAGAACTGAGAACAA-1,0.000082,0.000082,0.999506,0.000165,0.000165
ACAGATTAGGTTAGTG-1,0.000307,0.000307,0.736156,0.210682,0.052548
ACAGCATAGAGCCAGT-1,0.000122,0.154446,0.707088,0.053788,0.084556
ACAGCGACATTCTCAT-1,0.000332,0.225211,0.773127,0.000665,0.000665
ACAGCGCACCCGCAGC-1,0.003226,0.003227,0.81619,0.006453,0.170903
ACAGGCACGGATCCTT-1,0.000662,0.101803,0.100457,0.001325,0.795753
ACAGGCTTGCCCGACT-1,0.000658,0.000658,0.996052,0.001316,0.001316
ACAGGTGGAGGTGAGG-1,0.000625,0.000625,0.890816,0.00125,0.106683
ACAGGTGTGTTGTTGC-1,0.000053,0.077423,0.167793,0.722404,0.032327
ACAGTAATACAACTTG-1,0.000045,0.000045,0.999732,0.000089,0.000089
ACAGTATACCGTGGGA-1,0.00008,0.096088,0.880079,0.00016,0.023593
ACAGTGCAGCGCATTT-1,0.005263,0.005264,0.968414,0.010528,0.01053
ACATAAGTCGTGGTGA-1,0.001961,0.001961,0.715341,0.003923,0.276815
ACATAATAAGGCGGTG-1,0.000158,0.000158,0.949009,0.000316,0.05036
ACATCAGCTGGGACGC-1,0.000081,0.000081,0.683736,0.21242,0.103682
ACATCCCGGCCATACG-1,0.005263,0.005264,0.692539,0.010528,0.286405
ACATCCTGGTAACTGT-1,0.000124,0.160032,0.813789,0.000247,0.025808
ACATCGATCGTTTACC-1,0.000119,0.032047,0.95796,0.000238,0.009635
ACATCGGTCAGCCGCG-1,0.000069,0.147197,0.852455,0.000142,0.000137
ACATCGTATGCAATGG-1,0.000633,0.000633,0.955647,0.001266,0.041821
ACATCGTTAACCTAGT-1,0.000202,0.000202,0.816428,0.037245,0.145921
ACATCTCAACGCGTAA-1,0.000298,0.190673,0.525279,0.000595,0.283155
ACATGGCGCCAAAGTA-1,0.000071,0.061635,0.893287,0.010729,0.034278
ACATGGCTCAATTTAG-1,0.000065,0.004772,0.045842,0.909609,0.039712
ACATTAGTTTATATCC-1,0.004,0.004001,0.715405,0.008002,0.268591
ACCAAACACCCAGCGA-1,0.000024,0.249988,0.749893,0.000048,0.000048
ACCAAACTAGAAATCC-1,0.000063,0.000063,0.128961,0.040785,0.830128
ACCAACACCACACACT-1,0.000047,0.197039,0.794669,0.00815,0.000095
ACCAACCGCACTCCAC-1,0.002174,0.002175,0.545411,0.004349,0.445892
ACCAACGCTTATTTAT-1,0.001,0.001,0.838013,0.002001,0.157986
ACCAAGAACGCGTGTC-1,0.000118,0.000118,0.870697,0.01527,0.113797
ACCAATATGCAAGTTA-1,0.002564,0.002565,0.911528,0.005129,0.078214
ACCACAACTCAGAACA-1,0.000862,0.000862,0.889132,0.001725,0.107419
ACCACAAGTTTCTATC-1,0.000071,0.042083,0.920593,0.037112,0.000141
ACCACCAATGTAACAA-1,0.000062,0.125955,0.823224,0.044709,0.006051
ACCACCCTCTCTTCTA-1,0.000058,0.204832,0.794875,0.000117,0.000117
ACCACGTGCAGCTATA-1,0.000403,0.000403,0.79255,0.000807,0.205836
ACCAGACCATAACAAC-1,0.000069,0.000069,0.423816,0.44431,0.131736
ACCAGCCCGGTCTTTG-1,0.000063,0.000063,0.195619,0.122451,0.681803
ACCAGGAGTGTGATCT-1,0.000146,0.000146,0.408631,0.244644,0.346433
ACCAGTGCCCGGTCAA-1,0.004167,0.004168,0.627591,0.008336,0.355738
ACCAGTGCGGGAGACG-1,0.000175,0.111325,0.787416,0.009581,0.091503
ACCATATCCGCAATAA-1,0.000038,0.354964,0.63789,0.007031,0.000077
ACCATCCGCCAACTAG-1,0.000106,0.000106,0.951555,0.029146,0.019087
ACCATCGTATATGGTA-1,0.000089,0.127466,0.87209,0.000178,0.000178
ACCCAACGCCCGTGGC-1,0.000044,0.552863,0.424845,0.000089,0.02216
ACCCACCTACATGCTC-1,0.000048,0.209386,0.429091,0.042813,0.318662
ACCCATCTTGAGGGTA-1,0.000079,0.126549,0.841565,0.022672,0.009136
ACCCATTTGTCCCTCT-1,0.000275,0.000276,0.863944,0.000551,0.134954
ACCCGAGCGAAATTAC-1,0.002857,0.002858,0.97896,0.009609,0.005716
ACCCGATTGGTTCCGA-1,0.000495,0.26711,0.653851,0.00099,0.077553
ACCCGGAAACTCCCAG-1,0.000581,0.000582,0.877951,0.001163,0.119723
ACCCGGAGCACCACAA-1,0.000056,0.188269,0.535152,0.27641,0.000112
ACCCGGATGACGCATC-1,0.000094,0.077346,0.768683,0.132332,0.021544
ACCCGGTTACACTTCC-1,0.000076,0.022966,0.738573,0.008228,0.230157
ACCCGTGTCATCAGTA-1,0.00303,0.003031,0.854699,0.006062,0.133177
ACCCTATAGGACTGAG-1,0.000062,0.221006,0.144044,0.602851,0.032036
ACCCTATGCCATATCG-1,0.006668,0.006668,0.959988,0.013338,0.013338
ACCCTCCCGTCAGGGC-1,0.001409,0.001409,0.376321,0.119357,0.501505
ACCCTCCCTTGCTATT-1,0.000599,0.000599,0.842099,0.001198,0.155506
ACCCTGGTAACGCCCT-1,0.000088,0.101823,0.897735,0.000177,0.000177
ACCCTTCATCTGCGAA-1,0.00164,0.00164,0.5122,0.00328,0.481241
ACCCTTGCCTGGGTCG-1,0.000095,0.109884,0.843918,0.000189,0.045914
ACCCTTTAGTTCTCCA-1,0.000483,0.000483,0.979284,0.000966,0.018784
ACCGAAAGGGCCCTGC-1,0.000248,0.000248,0.890355,0.000496,0.108652
ACCGAAGAGTCTGGTT-1,0.000229,0.000229,0.920378,0.047574,0.03159
ACCGACTGAGTCCCAC-1,0.000029,0.653472,0.346381,0.000059,0.000059
ACCGATAGGCATAACC-1,0.000224,0.000224,0.803193,0.139436,0.056922
ACCGATATTTAATCAT-1,0.000066,0.100451,0.484262,0.332529,0.082691
ACCGATGGTAGCATCG-1,0.000101,0.090401,0.887054,0.000203,0.022241
ACCGCAATAACTGCCT-1,0.002174,0.002174,0.986954,0.004349,0.004349
ACCGCGGTGGAAGTCG-1,0.00008,0.046545,0.917531,0.00016,0.035684
ACCGGGCCTTTGTTGA-1,0.000154,0.000154,0.801911,0.123943,0.073838
ACCGGTCAGGTACACC-1,0.003125,0.003126,0.981246,0.006252,0.006251
ACCGGTCTGAGTACGG-1,0.002703,0.002703,0.810699,0.005407,0.178488
ACCGTCCACTGGGCCC-1,0.000305,0.000305,0.79903,0.00061,0.19975
ACCGTGACCACGTGGG-1,0.001724,0.155873,0.835504,0.003449,0.003449
ACCGTTCCCGCTCTGA-1,0.000166,0.000166,0.306082,0.000332,0.693254
ACCTAAGTACCTTTCA-1,0.000091,0.101528,0.835085,0.000183,0.063114
ACCTAATCGACTTCCT-1,0.000067,0.090882,0.908784,0.000133,0.000133
ACCTACAGTATGTGGT-1,0.000147,0.066074,0.933189,0.000295,0.000295
ACCTACTATAAATCTA-1,0.000645,0.000645,0.897978,0.001291,0.099441
ACCTCCGCCCTCGCTG-1,0.001266,0.001266,0.689881,0.002532,0.305055
ACCTCCGTTATTCACC-1,0.000123,0.053661,0.903908,0.000246,0.042062
ACCTCGAACTTATGCT-1,0.00033,0.654742,0.343607,0.00066,0.00066
ACCTGCGTGTCATGTT-1,0.000079,0.000079,0.999526,0.000158,0.000158
ACCTTTCCTTTAGAAG-1,0.000121,0.219877,0.023712,0.526254,0.230036
ACGAAATGGGCGGCAC-1,0.000035,0.302274,0.697551,0.00007,0.00007
ACGACCCATGAGTTGC-1,0.000051,0.286095,0.347894,0.36586,0.000101
ACGACTGGTCATACTC-1,0.000495,0.000495,0.965924,0.00099,0.032096
ACGAGAACCCATCACG-1,0.000394,0.000394,0.860016,0.138409,0.000788
ACGAGATATTTGCTTA-1,0.001695,0.068956,0.629077,0.296882,0.003391
ACGAGGATACCACTCT-1,0.000085,0.000085,0.991706,0.000169,0.007956
ACGAGGTTTACAACGT-1,0.001852,0.001852,0.878652,0.003704,0.11394
ACGAGTACGGATGCCC-1,0.000051,0.305693,0.694052,0.000102,0.000102
ACGATACATAGAACTA-1,0.000052,0.000052,0.950848,0.023808,0.025241
ACGATACCTATCCTGA-1,0.000031,0.000031,0.25159,0.60239,0.145958
ACGATCATACATAGAG-1,0.000121,0.012446,0.827097,0.160092,0.000243
ACGATCATCTTGTAAA-1,0.00008,0.223364,0.776234,0.000161,0.000161
ACGATGCATATGTTAT-1,0.000034,0.695158,0.296439,0.000069,0.0083
ACGATGGATCCGATGC-1,0.001563,0.001563,0.697324,0.296424,0.003126
ACGCAAACTAATAGAT-1,0.001333,0.107155,0.825415,0.002667,0.063429
ACGCAATCACTACAGC-1,0.000094,0.000094,0.97937,0.020253,0.000188
ACGCATAAATGACATG-1,0.002273,0.002273,0.718554,0.004546,0.272353
ACGCATACGTTTACTA-1,0.000498,0.000498,0.914391,0.000995,0.083618
ACGCATTCGTGAGTAC-1,0.000155,0.21243,0.786795,0.00031,0.00031
ACGCCAGATGATTTCT-1,0.000505,0.000505,0.833958,0.00101,0.164021
ACGCCCAGCTGTCGAT-1,0.000196,0.000197,0.154653,0.105394,0.73956
ACGCCGCTAGACGACC-1,0.000204,0.000204,0.998778,0.000407,0.000407
ACGCGAAGTCAGACGA-1,0.002273,0.002273,0.897368,0.004546,0.093539
ACGCGCTACACAGGGT-1,0.000075,0.341457,0.658166,0.000151,0.000151
ACGCGGGCCAAGGACA-1,0.000114,0.183872,0.81556,0.000227,0.000227
ACGCGTTTCTTAAGAG-1,0.000051,0.032142,0.339301,0.597891,0.030614
ACGCTAGTATCAGTGC-1,0.000515,0.000516,0.733337,0.001031,0.264601
ACGCTAGTGATACACT-1,0.000088,0.315599,0.659098,0.000175,0.025039
ACGCTGTGAGGCGTAG-1,0.000125,0.000125,0.884044,0.10116,0.014547
ACGCTTAGTGTCTCTC-1,0.001,0.001,0.993998,0.002001,0.002001
ACGGAATTTAGCAAAT-1,0.000074,0.128917,0.551084,0.273163,0.046762
ACGGACTCTCAAAGCG-1,0.000087,0.000103,0.120503,0.017003,0.862304
ACGGAGCGCAAATTAC-1,0.00002,0.506104,0.491067,0.000041,0.002768
ACGGATGGTGCGGATA-1,0.002041,0.002041,0.987752,0.004083,0.004083
ACGGCACTTGCTTGGG-1,0.000329,0.000329,0.998026,0.000658,0.000658
ACGGCCAACATGGACT-1,0.00024,0.00024,0.96961,0.000481,0.029428
ACGGCGACGATGGGAA-1,0.000284,0.418042,0.580537,0.000568,0.000568
ACGGCGGGTTGCCCTG-1,0.000194,0.000194,0.790023,0.132655,0.076934
ACGGCTGGATGTAGAA-1,0.001176,0.001177,0.992939,0.002354,0.002354
ACGGGAGTGTCGGCCC-1,0.00005,0.241915,0.606914,0.0001,0.151021
ACGGGCGTATGCGACA-1,0.000105,0.000105,0.999368,0.000211,0.000211
ACGGGTCATGTGACTT-1,0.000027,0.007554,0.276,0.566791,0.149629
ACGGTCACCGAGAACA-1,0.000156,0.000156,0.894116,0.000311,0.105262
ACGTACAGATTTCTCT-1,0.001588,0.001588,0.733188,0.260461,0.003176
ACGTACTTTGGCACGG-1,0.000488,0.000488,0.820415,0.000976,0.177633
ACGTAGATTGCTGATG-1,0.000049,0.380074,0.61968,0.000098,0.000098
ACGTATTACTCCGATC-1,0.000172,0.073292,0.925847,0.000344,0.000344
ACGTCCTAAACGAGAT-1,0.000339,0.000339,0.173358,0.000678,0.825286
ACGTCTCGTTCCGGGA-1,0.000122,0.000122,0.948592,0.033854,0.017311
ACGTGACAAAGTAAGT-1,0.000084,0.000084,0.934618,0.000168,0.065046
ACGTGCGCCTCGTGCA-1,0.000763,0.000764,0.995419,0.001527,0.001527
ACGTTAATGTCGAAGA-1,0.000119,0.146708,0.81012,0.000238,0.042815
ACGTTAGATTTGCCCG-1,0.000096,0.115185,0.884334,0.000192,0.000192
ACGTTATTGGTCACTC-1,0.000061,0.000061,0.46298,0.44046,0.096439
ACGTTCCGCGCTCCGT-1,0.000195,0.11176,0.639041,0.136016,0.112988
ACGTTCGCAATCAATT-1,0.000119,0.062782,0.921493,0.000238,0.015368
ACGTTCGTTCAGGAAA-1,0.002083,0.002084,0.987497,0.004168,0.004168
ACGTTCTGTACAAGTC-1,0.0025,0.002501,0.452962,0.005001,0.537035
ACGTTTAGTTGTGATC-1,0.002778,0.002779,0.629081,0.005557,0.359806
ACTAAGGACGCACACC-1,0.000217,0.000217,0.885302,0.063092,0.051172
ACTAATACGTCAGGCG-1,0.000637,0.077996,0.684845,0.040294,0.196228
ACTACATCCCGACAAG-1,0.000524,0.000524,0.702454,0.001047,0.295452
ACTACCAGCTCTCTGG-1,0.000123,0.000123,0.955016,0.008306,0.036432
ACTACGCGTTAGAATT-1,0.003571,0.003572,0.978568,0.007144,0.007144
ACTAGTTGCGATCGTC-1,0.000147,0.000147,0.965502,0.017393,0.016812
ACTATATGCTGTGTTC-1,0.000221,0.000221,0.782354,0.076016,0.141187
ACTATCCAGGGCATGG-1,0.000082,0.000082,0.714951,0.215381,0.069504
ACTATCTGCCCGCGTA-1,0.000137,0.17314,0.674937,0.151511,0.000274
ACTATGTCCAGCTGCC-1,0.001852,0.001852,0.988886,0.003705,0.003705
ACTATTCGTCCGTGGT-1,0.000205,0.000205,0.73884,0.00041,0.26034
ACTATTTCCGGGCCCA-1,0.002174,0.002174,0.710785,0.004349,0.280517
ACTCAACGAATGTATT-1,0.002273,0.002273,0.747549,0.243358,0.004547
ACTCAAGTGCAAGGCT-1,0.000671,0.000671,0.562252,0.001343,0.435063
ACTCAATAAAGGCACG-1,0.000046,0.320896,0.650157,0.000092,0.028809
ACTCAGACCTGCTTCT-1,0.003846,0.003848,0.976918,0.007694,0.007694
ACTCATGGCAGCCTTC-1,0.000467,0.000467,0.888478,0.000935,0.109653
ACTCCAATATCATCAT-1,0.002439,0.00244,0.985361,0.00488,0.00488
ACTCCCATTCCTAAAG-1,0.000072,0.000072,0.969217,0.020041,0.010597
ACTCCCGAATTCGTTT-1,0.000058,0.20492,0.794792,0.000115,0.000115
ACTCCCGTAGACTAGG-1,0.000114,0.000114,0.897957,0.088296,0.013519
ACTCCCTAGAATAGTA-1,0.000253,0.000253,0.906316,0.000505,0.092674
ACTCCGGCCGACCACT-1,0.001266,0.001266,0.647186,0.002532,0.34775
ACTCGATGTATTTCAT-1,0.000052,0.000052,0.183883,0.810319,0.005694
ACTCGCCGTTCGATAA-1,0.000505,0.000505,0.661973,0.163649,0.173368
ACTCGCGATCTGACGC-1,0.000087,0.086349,0.735063,0.161308,0.017193
ACTCGTAACCCGTCCT-1,0.000043,0.276101,0.697519,0.02625,0.000087
ACTCGTCAGTAATCCC-1,0.0001,0.129009,0.870489,0.000201,0.000201
ACTCTAAACCTGGGAT-1,0.000034,0.000034,0.217097,0.540719,0.242116
ACTCTCTGACTTAGGT-1,0.000166,0.059469,0.808831,0.014453,0.117082
ACTCTCTTATACACGA-1,0.000621,0.000621,0.996272,0.001243,0.001243
ACTCTGACCTAATAGA-1,0.001087,0.085982,0.378923,0.002175,0.531834
ACTCTTCAGCTCCCGC-1,0.000114,0.056474,0.848534,0.074628,0.020251
ACTCTTGTATAGTAAC-1,0.00007,0.026092,0.973558,0.00014,0.00014
ACTGAAACGCCGTTAG-1,0.001163,0.001163,0.993022,0.002326,0.002326
ACTGAATGGCGAAAGT-1,0.000168,0.000168,0.958283,0.000336,0.041045
ACTGCCCGCCATTCTC-1,0.001351,0.001352,0.762121,0.002703,0.232472
ACTGCCGTCGTAACTC-1,0.000383,0.241092,0.661827,0.023518,0.07318
ACTGCGGACACACCGT-1,0.000094,0.051242,0.910296,0.03818,0.000188
ACTGCTCGGAAGGATG-1,0.000083,0.000083,0.933976,0.000165,0.065693
ACTGGCGAACCTGCGT-1,0.00042,0.00042,0.997478,0.000841,0.000841
ACTGTACGATACACAT-1,0.000066,0.193684,0.746653,0.000132,0.059464
ACTGTAGCACTTTGGA-1,0.000056,0.340653,0.5463,0.112881,0.000111
ACTGTATACGCGAGCA-1,0.0005,0.0005,0.793705,0.021431,0.183864
ACTGTCTTCTTTAGAA-1,0.000046,0.111134,0.848508,0.04022,0.000092
ACTGTGCTAGTAGATC-1,0.000124,0.06894,0.607162,0.089324,0.23445
ACTGTTTAGTGTAGGC-1,0.000049,0.01468,0.000196,0.068328,0.916747
ACTTACCGGGCGCGCA-1,0.000508,0.000508,0.592173,0.195939,0.210872
ACTTACGCATCCACGC-1,0.000962,0.000962,0.461229,0.001924,0.534924
ACTTAGTACGACAAGA-1,0.000062,0.168321,0.726095,0.105398,0.000124
ACTTATACTTACCCGG-1,0.000077,0.173178,0.788633,0.03796,0.000153
ACTTATCTGATCTATA-1,0.000862,0.000862,0.94704,0.001725,0.04951
ACTTATTAGGATCGGT-1,0.00007,0.178998,0.717945,0.011967,0.091019
ACTTATTTATGTGCCA-1,0.000253,0.10735,0.769327,0.000505,0.122565
ACTTCAGGCTGATCCC-1,0.00122,0.00122,0.750916,0.159026,0.087619
ACTTCCAGTGGAAGCT-1,0.003704,0.003705,0.793613,0.19157,0.007409
ACTTCCATGCGGGACA-1,0.000662,0.000662,0.29272,0.04305,0.662905
ACTTCCTGTCGTGCGA-1,0.003226,0.003227,0.834804,0.006453,0.152291
ACTTCGCTAGCGAGTG-1,0.000113,0.042526,0.825816,0.108799,0.022746
ACTTGACTCCCTCTTT-1,0.000219,0.000219,0.984535,0.000439,0.014588
ACTTGCCATATTGTAC-1,0.00033,0.00033,0.342339,0.390411,0.26659
ACTTGGGACCCGGTGG-1,0.000057,0.224727,0.774986,0.000115,0.000115
ACTTGTAGTCCCTTCA-1,0.00012,0.000121,0.923966,0.028592,0.0472
ACTTGTGGATGGAACG-1,0.000185,0.000185,0.839316,0.159945,0.00037
ACTTTACCCTCATGAA-1,0.000081,0.008058,0.749826,0.223224,0.018812
ACTTTCCTATAGCTTC-1,0.000072,0.137775,0.724407,0.089835,0.04791
ACTTTGACTGCATCCT-1,0.000124,0.000124,0.976163,0.023339,0.000249
ACTTTGGTCGTGCTCC-1,0.001099,0.118521,0.875983,0.002198,0.002198
ACTTTGTCGACGCACT-1,0.00006,0.00006,0.38715,0.263967,0.348763
AGAAATTATGACTCGC-1,0.000071,0.000071,0.817165,0.17762,0.005072
AGAACCCAGCGTGACA-1,0.000074,0.164761,0.662046,0.11819,0.054929
AGAACCCTCAATTGGG-1,0.003226,0.003226,0.572644,0.006453,0.414451
AGAACGTGGTACATTC-1,0.00014,0.205436,0.729482,0.010607,0.054335
AGAAGAGCGCCGTTCC-1,0.000763,0.000764,0.680213,0.001527,0.316733
AGAAGGTACACTTCAC-1,0.000079,0.001856,0.925768,0.072139,0.000158
AGAAGGTTGCCGAATT-1,0.000068,0.003293,0.826041,0.026077,0.144521
AGAAGGTTGTAGGTCG-1,0.000115,0.039153,0.000459,0.00023,0.960043
AGAAGTGATTCGTGAT-1,0.000118,0.182011,0.774937,0.000235,0.042699
AGAATAAATCTTCAGG-1,0.000073,0.039369,0.802394,0.010047,0.148115
AGAATGCGGGTTCGGA-1,0.0008,0.0008,0.45675,0.0016,0.54005
AGAATTATGGATTCGA-1,0.000095,0.109781,0.646264,0.000191,0.243668
AGAATTGTTTGACATA-1,0.000091,0.022057,0.639844,0.288615,0.049394
AGACAGCTCAGAATCC-1,0.000069,0.000069,0.436935,0.464374,0.098553
AGACAGGCATCTCAGC-1,0.000079,0.066383,0.492672,0.440709,0.000158
AGACATAGATCCTTCC-1,0.001754,0.001755,0.842354,0.00351,0.150628
AGACCAAACCACACCT-1,0.000067,0.000067,0.982799,0.000134,0.016932
AGACCATGGGATACAA-1,0.000056,0.469662,0.514794,0.015376,0.000112
AGACCCACCGCTGATC-1,0.000877,0.000877,0.917473,0.001755,0.079018
AGACCCGCCCTCCTCG-1,0.000119,0.000119,0.94581,0.022469,0.031483
AGACCGCTCCGCGGTT-1,0.000151,0.000151,0.77251,0.000303,0.226884
AGACCGGGAAACCCTG-1,0.000051,0.00414,0.935078,0.052994,0.007737
AGACGAAGTGCCGGTC-1,0.000714,0.000714,0.804568,0.001429,0.192575
AGACGACGATGCCGCT-1,0.002128,0.002128,0.845446,0.004256,0.146042
AGACGCCCACTTCGCC-1,0.00008,0.00008,0.687322,0.205814,0.106705
AGACGGGCCGATTTAA-1,0.003572,0.003572,0.978566,0.007145,0.007145
AGACTAGCCTTCCAGA-1,0.000078,0.023783,0.689985,0.084709,0.201444
AGACTGTTACCGGGTC-1,0.003448,0.003449,0.979307,0.006898,0.006899
AGAGAAACACCAGAAA-1,0.000885,0.000885,0.994689,0.00177,0.001771
AGAGAACCGTCTAGGA-1,0.000075,0.162232,0.837353,0.000149,0.000191
AGAGAAGGAGTACAAT-1,0.001064,0.001064,0.793471,0.164069,0.040332
AGAGATCTCTAAAGCG-1,0.000062,0.000062,0.946781,0.042662,0.010432
AGAGCAGTTATGAGAC-1,0.000079,0.042623,0.948307,0.008832,0.000159
AGAGCCGCCGAGATTT-1,0.002083,0.002084,0.890372,0.004168,0.101292
AGAGCGCTTGTAACGG-1,0.000075,0.163011,0.836614,0.00015,0.00015
AGAGCGGGCTAATCAT-1,0.001515,0.001516,0.67023,0.003031,0.323708
AGAGCGTACAAGCTCG-1,0.000048,0.277469,0.722292,0.000096,0.000096
AGAGCTACGAAAGCAT-1,0.000057,0.000057,0.310748,0.617651,0.071485
AGAGGCTTCGGAAACC-1,0.00009,0.071437,0.74752,0.02699,0.153963
AGAGGGACAATTGTCC-1,0.000578,0.000578,0.92025,0.001156,0.077438
AGAGGTATCTCGGTCC-1,0.00051,0.00051,0.747039,0.001021,0.250919
AGAGTAAACTTCACTA-1,0.00011,0.029288,0.782025,0.014133,0.174444
AGAGTATAGTGTTACG-1,0.000063,0.30259,0.683824,0.013397,0.000127
AGAGTGAACAGACACC-1,0.001515,0.001515,0.658336,0.003031,0.335602
AGAGTTAGAGACCGAT-1,0.002174,0.002175,0.822602,0.004349,0.168701
AGAGTTGCAGGCCTCC-1,0.000505,0.000505,0.86286,0.00101,0.135119
AGATAACTTCAGGGCC-1,0.000086,0.124661,0.864092,0.007211,0.00395
AGATACCAATAGAACC-1,0.00029,0.00029,0.856741,0.077804,0.064876
AGATACCAGCACTTCA-1,0.000137,0.222174,0.711734,0.000274,0.065681
AGATACCGGTGTTCAC-1,0.000069,0.079346,0.868209,0.052237,0.000139
AGATACGACTTCATAT-1,0.000133,0.000133,0.823018,0.152969,0.023748
AGATACTCAAGATCGA-1,0.000133,0.000133,0.915751,0.083718,0.000266
AGATATAATACGACTA-1,0.001087,0.001087,0.734061,0.002175,0.26159
AGATCGTGCATAAGAT-1,0.000067,0.000067,0.877863,0.108281,0.013722
AGATCTCAGGTGTGAT-1,0.000152,0.20994,0.789302,0.000303,0.000303
AGATGACTCGCCCACG-1,0.000132,0.000132,0.98023,0.000264,0.019242
AGATGAGGGTTGCGAT-1,0.001136,0.078829,0.915488,0.002273,0.002273
AGATGATGGAGTCTGG-1,0.000098,0.000098,0.971934,0.020209,0.007661
AGATGCAAGACGTGCA-1,0.002041,0.002041,0.987752,0.004083,0.004083
AGATGCATCCTGTGTC-1,0.000157,0.000157,0.969535,0.000313,0.029839
AGATGCTATAACGAGC-1,0.000342,0.000343,0.226451,0.510525,0.262339
AGATTATAGGACGTTT-1,0.000079,0.131996,0.86089,0.000158,0.006877
AGATTCAAGCGGGTCG-1,0.000485,0.000486,0.940859,0.000971,0.057199
AGATTCACAACCGATA-1,0.000076,0.000076,0.966334,0.000151,0.033364
AGCAAAGGCCGCTAGT-1,0.000086,0.124908,0.438363,0.045723,0.39092
AGCAACATATCTTATT-1,0.000097,0.000097,0.952699,0.046913,0.000194
AGCAACCGAAAGTAAT-1,0.001087,0.001087,0.864364,0.002174,0.131288
AGCACACGTTTAGACT-1,0.000345,0.000345,0.901599,0.00069,0.097021
AGCACCAGTACTCACG-1,0.00004,0.412092,0.543841,0.00008,0.043946
AGCACTACCGGCCTGT-1,0.000075,0.000075,0.999551,0.00015,0.00015
AGCACTACCTCACCAG-1,0.000935,0.000935,0.837728,0.00187,0.158533
AGCACTTAAGGACGCC-1,0.000076,0.000076,0.88581,0.113886,0.000152
AGCAGCCAGATGAATA-1,0.001409,0.001409,0.991547,0.002818,0.002818
AGCATATCAATATGCT-1,0.00042,0.00042,0.684666,0.122496,0.191997
AGCATCATTTCGAAAG-1,0.000064,0.000064,0.999614,0.000129,0.000129
AGCATCGTCGATAATT-1,0.000117,0.000117,0.900824,0.066929,0.032012
AGCATTACGAGGCAAG-1,0.000351,0.000351,0.340702,0.189807,0.46879
AGCCAAGCTTTGTGTC-1,0.000952,0.117922,0.877315,0.001905,0.001905
AGCCACAGGTTACCCG-1,0.000177,0.000177,0.000707,0.130872,0.868068
AGCCACTCCCGTGCTT-1,0.000153,0.000153,0.78916,0.175859,0.034675
AGCCCATACATGTAAG-1,0.000064,0.19086,0.808822,0.000127,0.000127
AGCCCGCAACAAGCAG-1,0.000893,0.000893,0.894318,0.001786,0.10211
AGCCCGGCATTAGAGG-1,0.00101,0.00101,0.93701,0.002021,0.058948
AGCCCGGTAGCCTGTA-1,0.001887,0.001887,0.872911,0.003775,0.11954
AGCCCTAAGCGAAGTT-1,0.00303,0.003031,0.830404,0.006062,0.157473
AGCCCTCCCTGGTGGC-1,0.002041,0.002041,0.987752,0.004083,0.004083
AGCCCTGTCGCACCGT-1,0.000097,0.013504,0.852913,0.040227,0.093259
AGCCCTTCTAATCCGA-1,0.000093,0.015428,0.891387,0.074173,0.01892
AGCCCTTGGACATCCC-1,0.000134,0.000134,0.78471,0.208902,0.00612
AGCCGCAAATTCAAAT-1,0.000094,0.000094,0.227882,0.639813,0.132118
AGCCGTGGCTAAATGT-1,0.000044,0.16148,0.801388,0.000089,0.036999
AGCCTAATACCCACGT-1,0.000083,0.000083,0.999502,0.000166,0.000166
AGCCTTAAAGCGGAAG-1,0.000033,0.329506,0.320184,0.340043,0.010234
AGCGACAGGAACGGTC-1,0.000394,0.000394,0.948931,0.000788,0.049493
AGCGACATCCCATTCA-1,0.000289,0.000289,0.942216,0.000578,0.056627
AGCGACCAACGATATT-1,0.000154,0.000154,0.98698,0.012405,0.000308
AGCGAGACGTGAAGGC-1,0.000515,0.000516,0.996907,0.001031,0.001031
AGCGATGCGCCTAATA-1,0.000144,0.000144,0.74156,0.111405,0.146747
AGCGCATAATGAATCG-1,0.001449,0.00145,0.936247,0.002899,0.057954
