Barcode,Topic 1,Topic 2,Topic 3,Topic 4,Topic 5,Topic 6,Topic 7
AAACAAGTATCTCCCA-1,0.00007,0.216331,0.115734,0.170149,0.458338,0.012179,0.027198
AAACAATCTACTAGCA-1,0.664871,0.000279,0.000279,0.002,0.275407,0.056885,0.000279
AAACACCAATAACTGC-1,0.443673,0.040449,0.000155,0.000155,0.384954,0.113575,0.017039
AAACAGAGCGACTCCT-1,0.200434,0.003498,0.003499,0.161013,0.353023,0.003499,0.275033
AAACAGCTTTCAGAAG-1,0.477203,0.141124,0.003774,0.366577,0.003773,0.003774,0.003774
AAACAGGGTCTATATT-1,0.984629,0.002562,0.002561,0.002565,0.002561,0.00256,0.002562
AAACAGTGTTCCTGGG-1,0.251979,0.089234,0.069296,0.000225,0.180027,0.408355,0.000884
AAACATTTCCCGGATT-1,0.00411,0.241523,0.023837,0.027711,0.00088,0.648231,0.053708
AAACCACTACACAGAT-1,0.55619,0.000346,0.000346,0.000346,0.207903,0.000346,0.234524
AAACCGGGTAGGTACC-1,0.234005,0.001011,0.001011,0.182039,0.001011,0.001011,0.579912
AAACCGTTCGTCCAGG-1,0.001158,0.607683,0.001157,0.001157,0.001157,0.009083,0.378604
AAACCTAAGCAGCCGG-1,0.000088,0.025504,0.05352,0.03483,0.238854,0.198134,0.44907
AAACCTCATGAAGTTG-1,0.590608,0.158145,0.000524,0.113763,0.000524,0.000524,0.135913
AAACGAAGAACATACC-1,0.902889,0.054633,0.000149,0.041882,0.000149,0.000149,0.000149
AAACGAAGATGGAGTA-1,0.322163,0.159938,0.003679,0.003677,0.00368,0.003681,0.503182
AAACGACAGTCTTGCC-1,0.384786,0.000211,0.000211,0.064565,0.159961,0.000211,0.390054
AAACGAGACGGTTGAT-1,0.557852,0.002109,0.002112,0.431598,0.002111,0.002109,0.002109
AAACGCCCGAGATCGG-1,0.303768,0.000341,0.000341,0.121347,0.299443,0.15059,0.12417
AAACGGGCGTACGGGT-1,0.070352,0.040074,0.021692,0.167022,0.082004,0.527914,0.090942
AAACGGGTTGGTATCC-1,0.572203,0.059985,0.097601,0.000475,0.000475,0.000475,0.268785
AAACTAACGTGGCGAC-1,0.325923,0.000127,0.000127,0.000127,0.357555,0.090485,0.225654
AAACTCGGTTCGCAAT-1,0.002049,0.280659,0.002049,0.089209,0.002049,0.00205,0.621936
AAACTGCTGGCTCCAA-1,0.445819,0.090534,0.002563,0.002564,0.002563,0.002562,0.453395
AAACTTAATTGCACGC-1,0.905443,0.000178,0.000178,0.093667,0.000178,0.000178,0.000178
AAACTTGCAAACGTAT-1,0.980431,0.003261,0.003258,0.003265,0.003258,0.003264,0.003263
AAAGAATGACCTTAGA-1,0.089299,0.007225,0.000644,0.488551,0.000643,0.151224,0.262415
AAAGACATGAAGTTTA-1,0.257585,0.263228,0.084103,0.093077,0.300666,0.000671,0.000671
AAAGACCCAAGTCGCG-1,0.511615,0.000152,0.000152,0.000152,0.18495,0.043909,0.25907
AAAGACTGGGCGCTTT-1,0.873313,0.000197,0.008105,0.117795,0.000197,0.000197,0.000197
AAAGGCCCTATAATAC-1,0.009098,0.129787,0.02125,0.012563,0.007596,0.754318,0.065387
AAAGGGCAGCTTGAAT-1,0.688997,0.000065,0.000065,0.000065,0.206198,0.000065,0.104544
AAAGGTAAGCTGTACC-1,0.247795,0.000137,0.000137,0.065516,0.107183,0.059956,0.519275
AAAGGTCAACGACATG-1,0.542851,0.068867,0.000178,0.053573,0.142062,0.000178,0.192289
AAAGTAGCATTGCTCA-1,0.228083,0.022314,0.000439,0.000439,0.019278,0.000439,0.72901
AAAGTCACTGATGTAA-1,0.882405,0.000165,0.000165,0.000165,0.00196,0.099276,0.015863
AAAGTCGACCCTCAGT-1,0.723135,0.009014,0.008948,0.232007,0.008958,0.008969,0.008969
AAAGTGTGATTTATCT-1,0.000088,0.089825,0.129338,0.110346,0.670228,0.000088,0.000088
AAAGTTGACTCCCGTA-1,0.140442,0.000146,0.054742,0.081405,0.329217,0.000146,0.393902
AAATAACCATACGGGA-1,0.642714,0.007972,0.007959,0.007972,0.007974,0.007965,0.317445
AAATACCTATAAGCAT-1,0.563763,0.006232,0.006236,0.405055,0.006242,0.006233,0.006239
AAATAGCTTAGACTTT-1,0.094945,0.007369,0.011793,0.068537,0.370534,0.036663,0.410158
AAATAGGGTGCTATTG-1,0.338769,0.003589,0.003579,0.643305,0.003584,0.003586,0.003587
AAATCCGATACACGCC-1,0.011813,0.258186,0.040105,0.175383,0.144657,0.330625,0.039232
AAATCGCGGAAGGAGT-1,0.965513,0.005756,0.005742,0.005754,0.005739,0.005749,0.005746
AAATCGTGTACCACAA-1,0.000029,0.967575,0.000029,0.023872,0.000029,0.008435,0.000029
AAATCTAGCCCTGCTA-1,0.001081,0.033254,0.049364,0.041679,0.519638,0.068827,0.286157
AAATCTGCCCGCGTCC-1,0.37187,0.001071,0.001071,0.00107,0.237858,0.385989,0.001071
AAATGCTCGTTACGTT-1,0.998282,0.000286,0.000286,0.000286,0.000286,0.000286,0.000286
AAATGGCATGTCTTGT-1,0.79022,0.000317,0.000317,0.208194,0.000317,0.000317,0.000317
AAATGGCCCGTGCCCT-1,0.973879,0.00436,0.004348,0.004357,0.00435,0.004355,0.004351
AAATGTGGGTGCTCCT-1,0.728962,0.002605,0.002613,0.002609,0.257994,0.002607,0.002609
AAATTAATAAGCGCGA-1,0.008982,0.00896,0.008966,0.946185,0.008966,0.008969,0.008971
AAATTACACGACTCTG-1,0.550026,0.002319,0.002312,0.438395,0.002314,0.002318,0.002316
AAATTACCTATCGATG-1,0.270222,0.627265,0.020521,0.020489,0.020513,0.020497,0.020493
AAATTGATAGTCCTTT-1,0.270317,0.000474,0.000474,0.000473,0.08755,0.370138,0.270576
AAATTGCGGCGGTTCT-1,0.537332,0.188828,0.0539,0.122297,0.00092,0.00092,0.095803
AAATTTACCGAAATCC-1,0.006529,0.006523,0.006516,0.702097,0.006521,0.006519,0.265294
AAATTTGCGGGTGTGG-1,0.030608,0.208642,0.000232,0.000232,0.000232,0.100701,0.659353
AACAATACATTGTCGA-1,0.368256,0.000419,0.00042,0.122698,0.140278,0.313,0.05493
AACAATTACTCTACGC-1,0.545832,0.190828,0.000256,0.055304,0.15659,0.000256,0.050933
AACACACGCTCGCCGC-1,0.01338,0.056811,0.083998,0.167369,0.464355,0.00603,0.208057
AACACGACTGTACTGA-1,0.998627,0.000229,0.000229,0.000229,0.000229,0.000229,0.000229
AACACGAGACGCGGCC-1,0.575758,0.000652,0.000652,0.000652,0.040139,0.000652,0.381495
AACACGCGGCCGCGAA-1,0.498187,0.000109,0.026952,0.003936,0.470599,0.000109,0.000109
AACAGCTGTGTGGCAA-1,0.242771,0.000193,0.086937,0.000193,0.533394,0.136318,0.000193
AACAGGAAATCGAATA-1,0.701728,0.000825,0.000825,0.134988,0.000825,0.159985,0.000825
AACAGGATGGGCCGCG-1,0.398437,0.000565,0.000565,0.088503,0.118105,0.000565,0.393259
AACATATCAACTGGTG-1,0.000326,0.777619,0.000326,0.01716,0.022918,0.028404,0.153246
AACATTGAAGTTGATC-1,0.119602,0.040231,0.012854,0.000032,0.127792,0.669555,0.029934
AACATTGGTCAGCCGT-1,0.49083,0.503933,0.001047,0.001047,0.001048,0.001048,0.001048
AACCAAGACTTCTCTG-1,0.562066,0.414785,0.004633,0.004626,0.004628,0.004631,0.004631
AACCAGTATCACTCTT-1,0.179194,0.7527,0.000398,0.006675,0.000398,0.060238,0.000398
AACCATAGGGTTGAAC-1,0.841101,0.000213,0.000213,0.157832,0.000213,0.000213,0.000213
AACCATGGGATCGCTA-1,0.808973,0.000208,0.000208,0.000208,0.084476,0.096832,0.009096
AACCCAGAGACGGAGA-1,0.492268,0.000101,0.000101,0.000101,0.451913,0.000101,0.055415
AACCCATCCCATGATC-1,0.294078,0.278039,0.000084,0.304576,0.000084,0.034797,0.088341
AACCCGACAACCCGTG-1,0.197812,0.060077,0.060149,0.034457,0.249903,0.195479,0.202124
AACCCGATAGGGCTTC-1,0.15198,0.001726,0.035262,0.125751,0.188718,0.342335,0.154229
AACCCTACTGTCAATA-1,0.178628,0.048104,0.000147,0.056872,0.318874,0.009288,0.388086
AACCCTGGTGGAACCA-1,0.757763,0.000141,0.000141,0.241532,0.000141,0.000141,0.000141
AACCGAGCTTGGTCAT-1,0.119849,0.000134,0.000134,0.87948,0.000134,0.000134,0.000134
AACCGCTAAGGGATGC-1,0.104182,0.056881,0.000166,0.217075,0.168512,0.002225,0.45096
AACCGTTGTGTTTGCT-1,0.816844,0.000414,0.000414,0.181084,0.000415,0.000415,0.000414
AACCTAAAGCCGTCCG-1,0.603401,0.002082,0.00208,0.386198,0.002079,0.002081,0.00208
AACCTCGCTTTAGCCC-1,0.016022,0.153236,0.000147,0.112158,0.219225,0.152608,0.346605
AACCTTTAAATACGGT-1,0.48281,0.227223,0.124162,0.115119,0.00184,0.047005,0.00184
AACCTTTACGACGTCT-1,0.617926,0.005519,0.153076,0.206904,0.005523,0.005528,0.005524
AACGAAAGTCGTCCCA-1,0.337692,0.509344,0.002517,0.012663,0.002516,0.002518,0.132751
AACGATAATGCCGTAG-1,0.952173,0.007965,0.007968,0.007975,0.007971,0.007973,0.007975
AACGATAGAAGGGCCG-1,0.394518,0.023947,0.000409,0.098949,0.055465,0.199424,0.227288
AACGATATGTCAACTG-1,0.523517,0.000306,0.000306,0.359392,0.115868,0.000306,0.000306
AACGCATGATCTGGGT-1,0.227756,0.343529,0.0001,0.106028,0.072046,0.085951,0.164591
AACGCGAACGGCAACA-1,0.279551,0.020516,0.000076,0.29129,0.002595,0.092484,0.313488
AACGCTGTTGCTGAAA-1,0.170374,0.001877,0.012549,0.085792,0.084894,0.203393,0.441121
AACGGACGTACGTATA-1,0.077524,0.127436,0.094738,0.127194,0.365752,0.009552,0.197804
AACGGCCATCTCCGGT-1,0.501317,0.000788,0.000788,0.000788,0.009952,0.000789,0.485578
AACGTACTGTGGGTAC-1,0.182011,0.001281,0.044538,0.00128,0.087594,0.682013,0.001282
AACGTAGTCTACCCAT-1,0.43383,0.158071,0.000802,0.000802,0.404892,0.000802,0.000802
AACGTCAGACTAGTGG-1,0.420182,0.131345,0.037423,0.001306,0.223728,0.030021,0.155996
AACGTGATGAAGGACA-1,0.412811,0.34146,0.001247,0.099,0.142986,0.001248,0.001248
AACGTGCGAAAGTCTC-1,0.264299,0.084438,0.002562,0.641016,0.002562,0.002562,0.002562
AACGTTATCAGCACCT-1,0.753267,0.000394,0.000394,0.244763,0.000394,0.000394,0.000394
AACTAGCGTATCGCAC-1,0.734792,0.000548,0.000547,0.000548,0.055819,0.000548,0.207199
AACTCCAGAGCGTGTT-1,0.000044,0.013445,0.045828,0.051422,0.087611,0.573058,0.228591
AACTCCTAATCCCATG-1,0.389186,0.003676,0.003679,0.419394,0.00368,0.003679,0.176707
AACTCGATAAACACGT-1,0.951115,0.000209,0.000209,0.000209,0.047842,0.000209,0.000209
AACTCGATGGCGCAGT-1,0.396535,0.000565,0.000565,0.526687,0.074518,0.000565,0.000565
AACTCTCAATAGAGCG-1,0.493478,0.17614,0.003496,0.109067,0.003501,0.003501,0.210817
AACTCTCAGTGTGCTC-1,0.102812,0.461298,0.000431,0.000431,0.000431,0.281234,0.153363
AACTGAGGTCAGCGTC-1,0.331069,0.00011,0.010972,0.050593,0.158647,0.027975,0.420634
AACTGATATTAGGCCT-1,0.592146,0.186505,0.000962,0.217497,0.000963,0.000963,0.000963
AACTGGGTTCGAGCCG-1,0.550728,0.002989,0.002995,0.28945,0.002988,0.147862,0.002988
AACTGGTGTGGGCCTT-1,0.656562,0.000167,0.04652,0.028766,0.009415,0.118337,0.140232
AACTTCTGCGTCTATC-1,0.533464,0.000433,0.000177,0.39617,0.000177,0.069402,0.000177
AACTTGCCCGTATGCA-1,0.493185,0.105631,0.037887,0.000086,0.063017,0.021677,0.278517
AACTTGCGTTCTCGCG-1,0.607485,0.12048,0.000241,0.247462,0.000241,0.02385,0.000241
AACTTTACGGGAGCTT-1,0.004147,0.002209,0.002208,0.286555,0.002208,0.002208,0.700466
AACTTTAGCTGCTGAG-1,0.659981,0.001248,0.001247,0.001248,0.001248,0.001248,0.33378
AAGAAAGTTTGATGGG-1,0.394792,0.071435,0.000124,0.000124,0.094969,0.31853,0.120026
AAGAAGGATCAGTTAG-1,0.306207,0.193469,0.000106,0.052369,0.278906,0.103568,0.065375
AAGACCAAATAACTCA-1,0.654769,0.206573,0.000529,0.000529,0.000529,0.000529,0.13654
AAGACTAACCCGTTGT-1,0.35083,0.171463,0.000241,0.068036,0.197607,0.206619,0.005204
AAGACTCACGCCCACT-1,0.24881,0.001913,0.001914,0.12764,0.124663,0.001913,0.493147
AAGACTGCAAGCTACT-1,0.000023,0.999161,0.000023,0.000725,0.000023,0.000023,0.000023
AAGAGATGAATCGGTA-1,0.217679,0.643836,0.016456,0.010427,0.070661,0.014136,0.026805
AAGAGCTCTTTATCGG-1,0.570165,0.000437,0.000437,0.285702,0.142383,0.000437,0.000437
AAGAGGATGTACGCGA-1,0.380016,0.000498,0.000499,0.000498,0.080662,0.224109,0.313718
AAGAGGCATGGATCGC-1,0.365246,0.198147,0.003878,0.003888,0.003878,0.00388,0.421083
AAGAGGCCCTTTGGAA-1,0.004401,0.02029,0.121491,0.106303,0.319973,0.098935,0.328607
AAGATGGCACCGGACC-1,0.388012,0.000339,0.020434,0.000339,0.413331,0.087817,0.089727
AAGATTGGCGGAACGT-1,0.242675,0.004348,0.004349,0.351971,0.00435,0.387958,0.004348
AAGCACCCTGCGTATC-1,0.427278,0.298295,0.003502,0.260425,0.003499,0.003501,0.003499
AAGCATACTCTCCTGA-1,0.294355,0.001578,0.001576,0.194106,0.37284,0.001577,0.133968
AAGCCACTTGCAGGTA-1,0.093541,0.000306,0.034549,0.128414,0.000306,0.742578,0.000306
AAGCCGAAGCGGTTTA-1,0.227178,0.051574,0.04871,0.135489,0.260548,0.004354,0.272146
AAGCCGCCGTGAAATC-1,0.22534,0.001346,0.071421,0.000047,0.455582,0.230318,0.015947
AAGCGCAGGGCTTTGA-1,0.042915,0.202254,0.000159,0.108385,0.07798,0.426768,0.141539
AAGCGGCGTCATGGGT-1,0.398729,0.245187,0.003335,0.184394,0.161679,0.003338,0.003338
AAGCGTCCCTCATCGA-1,0.415616,0.078559,0.084601,0.000331,0.233888,0.000331,0.186674
AAGCTAGATCGAGTAA-1,0.335408,0.003054,0.003053,0.003056,0.003051,0.278371,0.374008
AAGCTCGTGCCAAGTC-1,0.681315,0.118233,0.00107,0.196168,0.001071,0.001071,0.001071
AAGCTCTTTCATGGTG-1,0.00399,0.003987,0.003982,0.464673,0.003984,0.515401,0.003984
AAGGAGAACTTATAAG-1,0.699338,0.000187,0.000187,0.000187,0.213065,0.086849,0.000187
AAGGATCGATCGCTTG-1,0.117397,0.158285,0.006359,0.122822,0.050347,0.000144,0.544647
AAGGATGAGGGACCTC-1,0.002992,0.00299,0.002988,0.664887,0.320163,0.00299,0.002991
AAGGCGCGTAAAGCTT-1,0.444026,0.02305,0.000091,0.000091,0.11432,0.021932,0.39649
AAGGGAACGACTGGCT-1,0.173276,0.010035,0.003022,0.00004,0.013011,0.250123,0.550493
AAGGGACAGATTCTGT-1,0.00208,0.002081,0.002079,0.341598,0.00208,0.00208,0.648001
AAGGGACTATGCATTC-1,0.430949,0.006843,0.04895,0.000089,0.102514,0.166884,0.243771
AAGGGTTTGATTTCAG-1,0.251381,0.001613,0.001614,0.740553,0.001613,0.001613,0.001613
AAGGTATCCTAATATA-1,0.306369,0.000427,0.1438,0.548123,0.000427,0.000427,0.000427
AAGGTGATAAACCAGC-1,0.013524,0.000293,0.000293,0.131263,0.000293,0.000293,0.854039
AAGTAAGCTTCCAAAC-1,0.507861,0.000247,0.000247,0.000247,0.374606,0.000247,0.116546
AAGTAGAAGACCGGGT-1,0.727978,0.000236,0.000236,0.270841,0.000236,0.000236,0.000236
AAGTAGTGACGCGAGG-1,0.344503,0.238254,0.005973,0.005973,0.005981,0.00598,0.393336
AAGTCAATTGTCGTCA-1,0.02909,0.056292,0.069132,0.088834,0.065941,0.006246,0.684465
AAGTCTTCTGTGGCCT-1,0.705202,0.286052,0.001749,0.00175,0.001749,0.001749,0.001749
AAGTGACGACCGAATT-1,0.575359,0.000444,0.065086,0.060653,0.141612,0.138855,0.017992
AAGTGCAAAGGTAGAC-1,0.774641,0.000323,0.000323,0.223744,0.000323,0.000323,0.000323
AAGTGCCTTGACTGTA-1,0.160647,0.063133,0.000072,0.09381,0.107926,0.023906,0.550506
AAGTGCGTTAGAATCT-1,0.563039,0.001025,0.001024,0.001025,0.16684,0.266022,0.001025
AAGTGCTTCTCTATTG-1,0.211374,0.016564,0.597908,0.000058,0.012116,0.140367,0.021613
AAGTGTTTGGAGACGG-1,0.324283,0.002433,0.002433,0.096681,0.002433,0.414802,0.156936
AAGTTCACTCCAAGCT-1,0.212228,0.002199,0.000165,0.102372,0.219072,0.025366,0.438599
AAGTTCAGTCTGCGTA-1,0.275822,0.169495,0.010223,0.126126,0.269736,0.053163,0.095436
AAGTTCGGCCAACAGG-1,0.418315,0.025816,0.000207,0.000207,0.020034,0.299362,0.236058
AAGTTGTGATGTTATA-1,0.209092,0.106685,0.357592,0.085931,0.050458,0.190057,0.000185
AAGTTTACTAATGGCA-1,0.735,0.000281,0.000281,0.061289,0.202585,0.000281,0.000281
AAGTTTATGGGCCCAA-1,0.004235,0.056697,0.000205,0.073028,0.074251,0.307553,0.484031
AATAACAACGCTCGGC-1,0.262532,0.002815,0.113815,0.002816,0.002814,0.612394,0.002814
AATAACACTAGAACAA-1,0.691879,0.001579,0.001578,0.001577,0.300232,0.001577,0.001578
AATAAGTCCTCGAGAC-1,0.871267,0.000189,0.000189,0.127789,0.000189,0.000189,0.000189
AATACAATGTTTCAGG-1,0.651997,0.274474,0.000147,0.000147,0.000147,0.000147,0.072941
AATACCGGAGGGCTGT-1,0.299006,0.045254,0.055192,0.001992,0.086889,0.310715,0.200954
AATAGAATCTGTTTCA-1,0.266676,0.377357,0.0003,0.064903,0.0003,0.025507,0.264956
AATAGCAAGCCTCCTG-1,0.512934,0.000262,0.000262,0.000262,0.200823,0.000262,0.285195
AATAGTCGCGAGTCGG-1,0.773131,0.000908,0.000909,0.22233,0.000908,0.000908,0.000908
AATATCAAGGTCGGAT-1,0.780035,0.000241,0.000241,0.000241,0.180796,0.014411,0.024034
AATATCCTAGCAAACT-1,0.389193,0.188799,0.040862,0.202471,0.000488,0.000488,0.177698
AATATCGAATCAATGC-1,0.267424,0.004876,0.024808,0.092247,0.15913,0.106463,0.345051
AATATCGAGGGTTCTC-1,0.294405,0.195653,0.00035,0.290334,0.00035,0.073365,0.145542
AATATTGGAGTATTGA-1,0.003261,0.003259,0.003261,0.003259,0.003261,0.320617,0.663083
AATCAGACTGCAGGAC-1,0.453094,0.00056,0.000561,0.17889,0.123801,0.000561,0.242533
AATCAGGTTTCATTTA-1,0.128729,0.039382,0.195322,0.005408,0.07846,0.552553,0.000146
AATCATGTAAAGACTC-1,0.000892,0.200034,0.027794,0.037172,0.110159,0.158372,0.465577
AATCCAAGGGCCTGAG-1,0.710916,0.000091,0.000091,0.000091,0.069205,0.02083,0.198776
AATCCATGCAAGGGTG-1,0.313799,0.008422,0.00015,0.195301,0.16989,0.043175,0.269262
AATCGCCTCAGCGCCA-1,0.337682,0.007548,0.007556,0.624533,0.007561,0.007558,0.007563
AATCGGGACACTACGA-1,0.62882,0.00009,0.00009,0.368727,0.002092,0.00009,0.00009
AATCGTGAGCCGAGCA-1,0.063651,0.122542,0.100857,0.031331,0.132171,0.475402,0.074046
AATCTAGGTTTACTTG-1,0.004956,0.517554,0.004949,0.00495,0.004951,0.00495,0.45769
AATCTCTACTGTGGTT-1,0.348101,0.346363,0.285036,0.005125,0.005126,0.005126,0.005124
AATCTGCGTTGGGACG-1,0.000168,0.666468,0.000168,0.045665,0.000168,0.136191,0.151172
AATCTGGCTTTCTAGT-1,0.788713,0.008462,0.008451,0.169033,0.008443,0.008451,0.008447
AATCTGGGTAGACCCT-1,0.398716,0.276869,0.001464,0.142663,0.17736,0.001464,0.001464
AATGACAGCAATGTCT-1,0.266014,0.000477,0.154257,0.000476,0.502703,0.000477,0.075596
AATGACGTAGGATGTC-1,0.615194,0.274331,0.00512,0.005125,0.089987,0.005121,0.005122
AATGAGTTCGCATATG-1,0.998157,0.000307,0.000307,0.000307,0.000307,0.000307,0.000307
AATGATGATACGCTAT-1,0.218473,0.562816,0.000267,0.178699,0.039213,0.000267,0.000267
AATGATGCGACTCCTG-1,0.065467,0.240973,0.000342,0.215777,0.000342,0.043671,0.433429
AATGCACCAAGCAATG-1,0.000591,0.048282,0.000591,0.357061,0.000591,0.00059,0.592295
AATGGCCGCCAATGCG-1,0.308428,0.000144,0.000144,0.062686,0.290638,0.048723,0.289239
AATGGTCCACCGTTCA-1,0.757975,0.000219,0.000219,0.227548,0.000219,0.013601,0.000219
AATGGTTCTCACAAGC-1,0.474796,0.00009,0.054581,0.00009,0.236128,0.010633,0.223681
AATGTATGGCACTGTA-1,0.53659,0.000563,0.000562,0.460598,0.000563,0.000562,0.000562
AATGTGCCCGAGGTGT-1,0.371084,0.000478,0.000478,0.000478,0.41149,0.037873,0.178117
AATGTGCTAATCTGAG-1,0.000998,0.2096,0.000018,0.000018,0.000018,0.782625,0.006723
AATGTTGTCGTGAGAC-1,0.171039,0.098731,0.148262,0.09988,0.032179,0.320533,0.129376
AATTAACGGATTTCCA-1,0.899544,0.000309,0.000309,0.000309,0.098909,0.000309,0.000309
AATTACGAGACCCATC-1,0.527057,0.007174,0.007173,0.007165,0.437088,0.007171,0.007171
AATTACTCGTACGCTC-1,0.603844,0.128048,0.004789,0.004791,0.248964,0.004783,0.004781
AATTAGCGCTGCAGCG-1,0.999188,0.000135,0.000135,0.000135,0.000136,0.000135,0.000135
AATTCATAAGGGATCT-1,0.020468,0.739717,0.000146,0.082612,0.000146,0.000146,0.156764
AATTCATTGTCATGCA-1,0.753145,0.001303,0.001306,0.001305,0.240332,0.001305,0.001304
AATTCCAACTTGGTGA-1,0.769839,0.00156,0.001559,0.001559,0.001559,0.00156,0.222364
AATTCGATTCGAGGAT-1,0.20118,0.000491,0.025732,0.000492,0.000491,0.193865,0.577749
AATTCTAGAGTTAGGC-1,0.9198,0.000202,0.000202,0.010039,0.000202,0.069355,0.000202
AATTGAACGCTCTGGT-1,0.164805,0.237945,0.004946,0.577457,0.004951,0.004947,0.004949
AATTGCAGCAATCGAC-1,0.171658,0.000034,0.715775,0.000034,0.037768,0.014513,0.060219
AATTGCGTGGATTACA-1,0.851588,0.000155,0.000155,0.055293,0.030874,0.06178,0.000155
AATTTGGGACATAGTA-1,0.020524,0.020501,0.020463,0.266153,0.020489,0.020507,0.631362
AATTTGGTTCCAAAGA-1,0.998868,0.000189,0.000189,0.000189,0.000189,0.000189,0.000189
ACAAACCATGCGTCCT-1,0.3622,0.013321,0.03702,0.137737,0.078999,0.278042,0.092681
ACAAACCGACAAGGCG-1,0.589665,0.002021,0.002019,0.188676,0.002022,0.213575,0.002022
ACAAAGAAGGTAGGCC-1,0.990326,0.001612,0.001616,0.001613,0.00161,0.001611,0.001611
ACAAAGCATGACCTAG-1,0.071244,0.25865,0.037295,0.028252,0.018093,0.568836,0.017632
ACAAATCGCACCGAAT-1,0.43422,0.001666,0.001666,0.557446,0.001668,0.001667,0.001667
ACAAATGGTAGTGTTT-1,0.013066,0.012999,0.013007,0.921878,0.013026,0.013006,0.013019
ACAAATTCAGATCTGA-1,0.327019,0.000409,0.000409,0.000409,0.264817,0.052594,0.354344
ACAACAGCATGAGCTA-1,0.00005,0.710159,0.019511,0.23898,0.00005,0.000397,0.030854
ACAACGGTCCCTGCGA-1,0.498112,0.050489,0.066773,0.013608,0.226683,0.06399,0.080345
ACAAGCAGTGCCTAGC-1,0.319501,0.023337,0.000109,0.121778,0.535058,0.000109,0.000109
ACAAGGAAATCCGCCC-1,0.456828,0.505415,0.007548,0.007549,0.007554,0.007551,0.007554
ACAAGGACAAGAGGTT-1,0.165754,0.000771,0.000771,0.09718,0.733981,0.000771,0.000771
ACAAGGATGCTTTAGG-1,0.031616,0.049121,0.052415,0.129722,0.237797,0.372227,0.127102
ACAAGGCCTACCAGCC-1,0.510179,0.000541,0.000541,0.06826,0.000542,0.131832,0.288104
ACAAGGGCAGGCTCTG-1,0.378693,0.004949,0.004948,0.004951,0.004949,0.004947,0.596564
ACAAGTAATTGTAAGG-1,0.213947,0.22575,0.000493,0.245517,0.228181,0.000493,0.085619
ACAATAGTCGTACGTT-1,0.771313,0.00025,0.00025,0.103396,0.00025,0.124291,0.00025
ACAATCCATTTAAACC-1,0.176096,0.09235,0.000552,0.05577,0.52809,0.000552,0.14659
ACAATCGATCTTTATA-1,0.502122,0.067689,0.00153,0.027531,0.000135,0.169559,0.231434
ACAATGAATACGGAGA-1,0.423703,0.000395,0.056051,0.000395,0.157992,0.043063,0.318401
ACAATGATTCTTCTAC-1,0.202925,0.017593,0.000135,0.068953,0.158609,0.028438,0.523348
ACAATTGTGTCTCTTT-1,0.119141,0.000095,0.003039,0.121674,0.052129,0.10365,0.600271
ACAATTTAGGAGGCTC-1,0.810811,0.005516,0.005518,0.005518,0.161604,0.005517,0.005516
ACAATTTGAGCAGTGG-1,0.172844,0.023366,0.000236,0.622247,0.000236,0.11579,0.065281
ACACACCAGGACCAGT-1,0.000278,0.225424,0.000278,0.077854,0.000278,0.000278,0.69561
ACACACTTTCTACACG-1,0.979234,0.000314,0.000314,0.019197,0.000314,0.000314,0.000314
ACACATGATCAAATCT-1,0.87779,0.001464,0.001464,0.001464,0.114892,0.001463,0.001464
ACACATTGACGCAACA-1,0.465786,0.003776,0.203334,0.003778,0.003777,0.003775,0.315775
ACACATTTCCGTAGAC-1,0.003587,0.003586,0.003589,0.498143,0.483918,0.003589,0.003589
ACACCCGAGAAATCCG-1,0.278949,0.000053,0.000054,0.000053,0.006717,0.237218,0.476956
ACACCGAGCGCTCTTT-1,0.658854,0.000976,0.000975,0.336267,0.000975,0.000976,0.000976
ACACCGGTCTGACCGC-1,0.208392,0.000118,0.336909,0.236032,0.170275,0.048157,0.000118
ACACGAGACTCCTTCT-1,0.717409,0.000255,0.000255,0.277802,0.003768,0.000255,0.000255
ACACGGCACTATGCAT-1,0.420661,0.000156,0.000156,0.578558,0.000156,0.000156,0.000156
ACACGGGAACTTAGGG-1,0.455358,0.052349,0.000263,0.491242,0.000263,0.000263,0.000263
ACACGTAGGCCACAAG-1,0.110051,0.008999,0.072451,0.078047,0.501009,0.113387,0.116055
ACACTCCAATGTCACT-1,0.713032,0.069665,0.020839,0.057432,0.000149,0.004927,0.133955
ACAGAACTGAGAACAA-1,0.463485,0.110814,0.000176,0.000176,0.037676,0.081504,0.306168
ACAGATTAGGTTAGTG-1,0.868072,0.000533,0.105862,0.000533,0.023932,0.000534,0.000534
ACAGCATAGAGCCAGT-1,0.499478,0.000211,0.000211,0.000211,0.109279,0.293654,0.096956
ACAGCGACATTCTCAT-1,0.000052,0.235403,0.002991,0.07889,0.010347,0.655888,0.016429
ACAGCGCACCCGCAGC-1,0.51919,0.003263,0.003261,0.105912,0.00326,0.361852,0.003261
ACAGGCACGGATCCTT-1,0.00184,0.001839,0.00184,0.253476,0.398078,0.341087,0.00184
ACAGGCTTGCCCGACT-1,0.196605,0.000432,0.024884,0.106733,0.000432,0.088995,0.581918
ACAGGTGGAGGTGAGG-1,0.027756,0.33091,0.057663,0.000455,0.177652,0.082634,0.322929
ACAGTAATACAACTTG-1,0.977374,0.003765,0.003768,0.003777,0.003776,0.003769,0.00377
ACAGTGCAGCGCATTT-1,0.268354,0.00018,0.000181,0.129663,0.386225,0.010117,0.205279
ACATAAGTCGTGGTGA-1,0.35046,0.000776,0.135858,0.510579,0.000776,0.000776,0.000775
ACATCAGCTGGGACGC-1,0.144662,0.839767,0.000029,0.000029,0.000029,0.015455,0.000029
ACATCCTGGTAACTGT-1,0.00949,0.265293,0.013092,0.089096,0.00004,0.120167,0.502823
ACATCGGTCAGCCGCG-1,0.386286,0.091026,0.000189,0.000189,0.195592,0.122273,0.204444
ACATCGTATGCAATGG-1,0.01027,0.010244,0.010244,0.010249,0.010252,0.010248,0.938492
ACATCGTTAACCTAGT-1,0.445045,0.000288,0.000288,0.553512,0.000289,0.000288,0.000289
ACATCTCAACGCGTAA-1,0.249535,0.246622,0.00069,0.356812,0.00069,0.144961,0.00069
ACATGCTTACGGCAGC-1,0.331459,0.482575,0.001863,0.001864,0.17851,0.001864,0.001864
ACATGGCGCCAAAGTA-1,0.162353,0.048467,0.026896,0.045426,0.226489,0.053473,0.436897
ACATGGCTCAATTTAG-1,0.733168,0.000209,0.000208,0.248193,0.000209,0.017805,0.000209
ACATTAGTTTATATCC-1,0.395602,0.268818,0.000784,0.000784,0.274023,0.000784,0.059205
ACATTCGCGCGGAATA-1,0.200547,0.143025,0.00006,0.146485,0.045129,0.33243,0.132323
ACCAAACTAGAAATCC-1,0.999392,0.000101,0.000101,0.000101,0.000101,0.000101,0.000101
ACCAACCGCACTCCAC-1,0.151944,0.058186,0.150824,0.0667,0.364034,0.178986,0.029327
ACCAAGAACGCGTGTC-1,0.953509,0.000118,0.000118,0.0459,0.000118,0.000118,0.000118
ACCAATATGCAAGTTA-1,0.002279,0.002281,0.002277,0.986325,0.002277,0.002281,0.00228
ACCACAACTCAGAACA-1,0.194409,0.002818,0.002816,0.791513,0.002814,0.002815,0.002814
ACCACCAATGTAACAA-1,0.000048,0.166677,0.028937,0.083087,0.680152,0.000819,0.04028
ACCACGTGCAGCTATA-1,0.00145,0.001451,0.001448,0.001449,0.991304,0.001449,0.001449
ACCACTGTTCAAGAAG-1,0.98852,0.001913,0.001915,0.001912,0.001912,0.001914,0.001914
ACCAGACCATAACAAC-1,0.705324,0.002763,0.002761,0.280867,0.00276,0.002762,0.002762
ACCAGCCCGGTCTTTG-1,0.82579,0.123821,0.000119,0.000119,0.000119,0.013953,0.036078
ACCAGGAGTGTGATCT-1,0.635495,0.001449,0.00145,0.00145,0.001449,0.001449,0.357258
ACCAGTGCCCGGTCAA-1,0.217771,0.172584,0.000208,0.014665,0.000208,0.093428,0.501136
ACCAGTGCGGGAGACG-1,0.138754,0.088556,0.000193,0.186204,0.109161,0.051946,0.425185
ACCATCCGCCAACTAG-1,0.965589,0.005737,0.005731,0.005733,0.005736,0.005735,0.005739
ACCATCGTATATGGTA-1,0.342492,0.025819,0.00013,0.00013,0.185119,0.22564,0.22067
ACCATTAAGGGTGTCA-1,0.97607,0.003989,0.003988,0.00399,0.003987,0.00399,0.003986
ACCCAACGCCCGTGGC-1,0.247631,0.104685,0.044864,0.482508,0.055484,0.039076,0.025752
ACCCACCTACATGCTC-1,0.741191,0.074978,0.000147,0.000147,0.034601,0.068196,0.080739
ACCCATCTTGAGGGTA-1,0.212201,0.293205,0.000147,0.074077,0.248832,0.018775,0.152762
ACCCATTTGTCCCTCT-1,0.000024,0.270726,0.08481,0.074586,0.000024,0.496537,0.073293
ACCCGAGCGAAATTAC-1,0.556697,0.001139,0.00114,0.001139,0.001139,0.437608,0.001139
ACCCGATTGGTTCCGA-1,0.077989,0.011329,0.464386,0.000084,0.060505,0.384809,0.000897
ACCCGGAAACTCCCAG-1,0.730641,0.01009,0.000079,0.000079,0.000079,0.046856,0.212176
ACCCGGATGACGCATC-1,0.236302,0.132639,0.00033,0.02841,0.258817,0.000097,0.343404
ACCCGTAGCAGAGAAT-1,0.407876,0.027287,0.00014,0.00014,0.00014,0.564275,0.00014
ACCCTATAGGACTGAG-1,0.940713,0.04164,0.000208,0.005916,0.000208,0.011108,0.000208
ACCCTATGCCATATCG-1,0.13526,0.038568,0.000158,0.028364,0.104776,0.298776,0.394101
ACCCTCCCGTCAGGGC-1,0.332832,0.394432,0.030584,0.147893,0.092358,0.000951,0.00095
ACCCTCCCTTGCTATT-1,0.32767,0.005318,0.005325,0.005312,0.005318,0.005315,0.645742
ACCCTTCATCTGCGAA-1,0.246007,0.281461,0.000123,0.375669,0.000123,0.059557,0.03706
ACCCTTTAGTTCTCCA-1,0.293189,0.296309,0.002867,0.193688,0.00287,0.002869,0.208209
ACCGAAAGGGCCCTGC-1,0.714116,0.000148,0.000148,0.000148,0.091061,0.1931,0.001279
ACCGAAGAGTCTGGTT-1,0.702218,0.123911,0.000258,0.000258,0.000258,0.000258,0.17284
ACCGACACATCTCCCA-1,0.653259,0.068613,0.04552,0.158447,0.000321,0.073519,0.000321
ACCGAGTCTCCTTATT-1,0.139556,0.162026,0.000339,0.250293,0.137894,0.189195,0.120697
ACCGATGGTAGCATCG-1,0.070453,0.330138,0.000326,0.163517,0.000326,0.000326,0.434914
ACCGCAATAACTGCCT-1,0.136559,0.004481,0.004478,0.841022,0.004487,0.004486,0.004487
ACCGCGGTGGAAGTCG-1,0.149055,0.150412,0.006483,0.101607,0.046646,0.005694,0.540101
ACCGCTAGTCATTGGT-1,0.131635,0.046301,0.00038,0.135053,0.213572,0.407813,0.065247
ACCGGGCCTTTGTTGA-1,0.076835,0.08898,0.000116,0.214531,0.218587,0.000116,0.400834
ACCGGTCAGGTACACC-1,0.58737,0.001063,0.116969,0.001063,0.291409,0.001063,0.001063
ACCGGTCTGAGTACGG-1,0.489436,0.002475,0.340718,0.002475,0.002474,0.159948,0.002474
ACCGTCCACTGGGCCC-1,0.454258,0.459147,0.000382,0.000382,0.000382,0.059126,0.026324
ACCGTGACCACGTGGG-1,0.277897,0.000217,0.092924,0.000217,0.410084,0.154188,0.064472
ACCGTTCCCGCTCTGA-1,0.038749,0.610921,0.000103,0.074555,0.000103,0.011021,0.264549
ACCTAAGTACCTTTCA-1,0.446282,0.339066,0.000528,0.000527,0.192196,0.000528,0.020873
ACCTAATCGACTTCCT-1,0.001271,0.734293,0.001269,0.069233,0.00127,0.191394,0.00127
ACCTCCGCCCTCGCTG-1,0.193052,0.002555,0.096821,0.014772,0.165065,0.082664,0.445071
ACCTCGAACTTATGCT-1,0.321244,0.052043,0.034147,0.105995,0.015478,0.311985,0.159109
ACCTGCGTGTCATGTT-1,0.673906,0.003985,0.003988,0.003988,0.003989,0.306157,0.003986
ACCTTTCCTTTAGAAG-1,0.716148,0.190578,0.000235,0.092335,0.000235,0.000235,0.000235
ACGAAATGGGCGGCAC-1,0.261528,0.226528,0.000108,0.000108,0.000108,0.228788,0.282833
ACGACTCTAGGGCCGA-1,0.221007,0.265607,0.04359,0.238444,0.20041,0.023582,0.007361
ACGACTGGTCATACTC-1,0.001557,0.281813,0.000045,0.000045,0.000045,0.698362,0.018132
ACGAGAACCCATCACG-1,0.543761,0.011781,0.000113,0.000113,0.012396,0.062727,0.369111
ACGAGATATTTGCTTA-1,0.521885,0.003497,0.003496,0.460635,0.003496,0.003495,0.003496
ACGAGGATACCACTCT-1,0.43427,0.284264,0.001206,0.001205,0.001206,0.001206,0.276643
ACGAGGTTTACAACGT-1,0.822857,0.000174,0.000174,0.157843,0.018605,0.000174,0.000174
ACGAGTACGGATGCCC-1,0.000348,0.000348,0.000348,0.212705,0.678917,0.029668,0.077666
ACGAGTCGCCGGCGTT-1,0.693378,0.000546,0.000546,0.000546,0.250587,0.053853,0.000546
ACGATACATAGAACTA-1,0.001967,0.001965,0.001964,0.988211,0.001964,0.001964,0.001965
ACGATCATCTTGTAAA-1,0.206638,0.133593,0.014132,0.022597,0.132636,0.021392,0.469011
ACGATGGATCCGATGC-1,0.381221,0.127512,0.000153,0.490655,0.000153,0.000153,0.000153
ACGCATAAATGACATG-1,0.421671,0.00056,0.067625,0.057037,0.017849,0.00056,0.434696
ACGCATACGTTTACTA-1,0.056431,0.04006,0.019912,0.158345,0.304837,0.017907,0.402509
ACGCCAGATGATTTCT-1,0.309437,0.000245,0.000245,0.689337,0.000245,0.000245,0.000245
ACGCCCAGCTGTCGAT-1,0.43576,0.00016,0.00016,0.563442,0.00016,0.00016,0.00016
ACGCCGCTAGACGACC-1,0.00957,0.00956,0.183546,0.430941,0.347258,0.009558,0.009569
ACGCGCTACACAGGGT-1,0.378099,0.536131,0.00088,0.00088,0.00088,0.00088,0.082249
ACGCGTTTCTTAAGAG-1,0.594111,0.003586,0.003593,0.387953,0.003588,0.003584,0.003587
ACGCTAGTGATACACT-1,0.000078,0.124075,0.084798,0.381882,0.042932,0.118616,0.247619
ACGCTGTGAGGCGTAG-1,0.954645,0.007542,0.007565,0.007562,0.007567,0.007555,0.007564
ACGCTTAGTGTCTCTC-1,0.280885,0.002924,0.002927,0.369659,0.337755,0.002924,0.002926
ACGGAATTTAGCAAAT-1,0.796223,0.000165,0.000165,0.202951,0.000165,0.000165,0.000165
ACGGACGCAGCGACAA-1,0.126524,0.115599,0.001708,0.24073,0.001709,0.512022,0.001708
ACGGACTCTCAAAGCG-1,0.697426,0.274979,0.005518,0.005526,0.005517,0.005516,0.005519
ACGGAGCGCAAATTAC-1,0.221132,0.247888,0.010859,0.169608,0.080023,0.007578,0.262913
ACGGATGGTGCGGATA-1,0.003053,0.244948,0.00305,0.429989,0.003053,0.003054,0.312854
ACGGCGACGATGGGAA-1,0.315729,0.444604,0.001227,0.001231,0.001226,0.234757,0.001227
ACGGCGGGTTGCCCTG-1,0.672573,0.071989,0.000606,0.000606,0.193886,0.000605,0.059734
ACGGCTGGATGTAGAA-1,0.874733,0.003116,0.003119,0.003123,0.109676,0.003117,0.003116
ACGGGAGTGTCGGCCC-1,0.149435,0.227148,0.000132,0.065968,0.053923,0.030967,0.472426
ACGGGTCATGTGACTT-1,0.556676,0.000586,0.000586,0.440396,0.000586,0.000586,0.000586
ACGGGTTGTGACCTGT-1,0.601212,0.000192,0.036036,0.000192,0.22138,0.140796,0.000192
ACGGTACAGTTCAATG-1,0.178694,0.000276,0.077278,0.235518,0.10154,0.406418,0.000276
ACGGTCACCGAGAACA-1,0.275949,0.068747,0.000103,0.000103,0.029762,0.597418,0.027918
ACGTACAGATTTCTCT-1,0.874764,0.000224,0.000225,0.124113,0.000225,0.000225,0.000225
ACGTACTTTGGCACGG-1,0.291068,0.013284,0.191403,0.000247,0.118456,0.352183,0.033359
ACGTAGATTGCTGATG-1,0.408145,0.27629,0.001709,0.001709,0.001708,0.003365,0.307074
ACGTAGGAGAGTCGCT-1,0.229629,0.156782,0.00063,0.285343,0.32004,0.000629,0.006946
ACGTATTACTCCGATC-1,0.012628,0.061492,0.122108,0.078153,0.139993,0.010687,0.574939
ACGTCCTAAACGAGAT-1,0.465538,0.02565,0.000142,0.417653,0.023376,0.060526,0.007116
ACGTCGGGCAACTCGG-1,0.372204,0.000776,0.000776,0.183127,0.025975,0.181365,0.235778
ACGTCTCGTTCCGGGA-1,0.95704,0.007156,0.007156,0.00717,0.007163,0.007156,0.007159
ACGTGACAAAGTAAGT-1,0.474398,0.001329,0.001329,0.109616,0.410671,0.001329,0.001329
ACGTGCGCCTCGTGCA-1,0.725173,0.235141,0.001465,0.03383,0.001464,0.001464,0.001464
ACGTGGTCGAATGTGC-1,0.000474,0.76914,0.000473,0.090239,0.000474,0.007309,0.131892
ACGTTAATGTCGAAGA-1,0.965548,0.005744,0.00575,0.005745,0.005738,0.005736,0.005739
ACGTTAGATTTGCCCG-1,0.18377,0.000477,0.012141,0.000099,0.01203,0.128221,0.663262
ACGTTATTGGTCACTC-1,0.879586,0.000284,0.000284,0.118994,0.000284,0.000284,0.000284
ACGTTCACTATGCCGC-1,0.210465,0.102753,0.000323,0.063176,0.016878,0.336167,0.270238
ACGTTCCGCGCTCCGT-1,0.667159,0.000194,0.000194,0.000194,0.050112,0.252868,0.029279
ACGTTCGTTCAGGAAA-1,0.335789,0.042113,0.000159,0.000159,0.026711,0.071641,0.523428
ACGTTCTGTACAAGTC-1,0.14052,0.056192,0.000156,0.099747,0.233133,0.451418,0.018833
ACGTTTAGTTGTGATC-1,0.771509,0.000576,0.000577,0.128869,0.006641,0.000576,0.091252
ACTAATACGTCAGGCG-1,0.85018,0.13314,0.003333,0.003339,0.003335,0.003336,0.003338
ACTACATCCCGACAAG-1,0.707349,0.000143,0.012885,0.000142,0.141377,0.093889,0.044214
ACTACCATCCGAGGGC-1,0.415786,0.001079,0.001078,0.207927,0.143608,0.229442,0.001079
ACTAGTTGCGATCGTC-1,0.143043,0.028717,0.000082,0.153178,0.159772,0.039566,0.475643
ACTATATGCTGTGTTC-1,0.364552,0.03976,0.000124,0.067811,0.227034,0.043232,0.257488
ACTATCCAGGGCATGG-1,0.116684,0.014689,0.000086,0.023075,0.057435,0.00882,0.779211
ACTATCGCCGGCTAAA-1,0.952478,0.046126,0.000279,0.000279,0.000279,0.000279,0.000279
ACTATGTCCAGCTGCC-1,0.326863,0.000075,0.026156,0.000075,0.382182,0.15729,0.10736
ACTATTCGTCCGTGGT-1,0.340392,0.000601,0.000601,0.475977,0.0006,0.171516,0.010314
ACTATTTCCGGGCCCA-1,0.309417,0.000188,0.047983,0.000188,0.357573,0.129704,0.154948
ACTCAACGAATGTATT-1,0.70547,0.000219,0.000219,0.000219,0.085086,0.000219,0.208568
ACTCAAGTGCAAGGCT-1,0.096098,0.027318,0.029817,0.183524,0.193018,0.264169,0.206056
ACTCAATAAAGGCACG-1,0.429375,0.000845,0.000844,0.566404,0.000844,0.000844,0.000844
ACTCAGACCTGCTTCT-1,0.754303,0.000346,0.000347,0.000346,0.243965,0.000347,0.000347
ACTCATGGCAGCCTTC-1,0.219768,0.005705,0.000059,0.000059,0.071177,0.669803,0.033428
ACTCCAATATCATCAT-1,0.081425,0.121874,0.055693,0.000137,0.188961,0.317868,0.234041
ACTCCCATTCCTAAAG-1,0.969259,0.005128,0.00512,0.005116,0.005127,0.005125,0.005124
ACTCCCGAATTCGTTT-1,0.019592,0.729602,0.025362,0.046843,0.094362,0.021477,0.062761
ACTCCCTAATGCTAAA-1,0.060524,0.001462,0.001463,0.93216,0.001464,0.001463,0.001463
ACTCCCTAGAATAGTA-1,0.475183,0.004105,0.004096,0.504314,0.0041,0.004101,0.004102
ACTCCGGCCGACCACT-1,0.001688,0.001688,0.001689,0.20807,0.096265,0.001689,0.688912
ACTCGATGTATTTCAT-1,0.397548,0.000565,0.000652,0.404865,0.000565,0.19524,0.000565
ACTCGTAACCCGTCCT-1,0.442467,0.00069,0.00069,0.072688,0.00069,0.121722,0.361052
ACTCGTCAGTAATCCC-1,0.522766,0.133094,0.00243,0.178225,0.15862,0.002432,0.002433
ACTCTCTGACTTAGGT-1,0.001226,0.161444,0.001226,0.204037,0.001226,0.136943,0.493898
ACTCTCTTATACACGA-1,0.463264,0.00266,0.002656,0.52345,0.002657,0.002657,0.002657
ACTCTGACCTAATAGA-1,0.237265,0.002474,0.002475,0.002474,0.002474,0.24821,0.504628
ACTCTTGTATAGTAAC-1,0.405193,0.19149,0.001157,0.398687,0.001157,0.001157,0.001158
ACTGAAACGCCGTTAG-1,0.149252,0.000598,0.036556,0.123033,0.137163,0.108356,0.445041
ACTGAATGGCGAAAGT-1,0.007975,0.008014,0.007977,0.952093,0.007977,0.007982,0.007982
ACTGATTTAGTGATTC-1,0.52222,0.005131,0.005126,0.005128,0.452141,0.005125,0.005129
ACTGCCCGCCATTCTC-1,0.218362,0.035014,0.083658,0.000055,0.051383,0.601587,0.009942
ACTGCCGTCGTAACTC-1,0.29198,0.000167,0.000167,0.707186,0.000167,0.000167,0.000167
ACTGCTCGGAAGGATG-1,0.96924,0.00512,0.005137,0.005126,0.005132,0.005122,0.005123
ACTGGCGAACCTGCGT-1,0.18543,0.022613,0.060259,0.000292,0.053746,0.385656,0.292004
ACTGTACGATACACAT-1,0.498241,0.00032,0.00032,0.50016,0.00032,0.00032,0.00032
ACTGTAGCACTTTGGA-1,0.448512,0.108703,0.000212,0.030859,0.299383,0.083339,0.028994
ACTGTATACGCGAGCA-1,0.661016,0.000158,0.000158,0.000158,0.264946,0.073407,0.000158
ACTGTGCTAGTAGATC-1,0.646404,0.01788,0.000163,0.000163,0.000163,0.13553,0.199698
ACTTACCGGGCGCGCA-1,0.360559,0.366353,0.244371,0.007167,0.007188,0.00718,0.007181
ACTTACGCATCCACGC-1,0.004789,0.225315,0.004786,0.750752,0.004786,0.004786,0.004785
ACTTAGTACGACAAGA-1,0.1966,0.156333,0.010843,0.000096,0.000096,0.143979,0.492053
ACTTATACTTACCCGG-1,0.304379,0.238331,0.001121,0.044507,0.001121,0.40942,0.001121
ACTTATCTGATCTATA-1,0.610241,0.001039,0.001039,0.014773,0.370828,0.001039,0.00104
ACTTATTTATGTGCCA-1,0.167952,0.000384,0.042169,0.265442,0.165056,0.024351,0.334646
ACTTCAGGCTGATCCC-1,0.007981,0.00796,0.007974,0.952163,0.007978,0.007977,0.007967
ACTTCCAGTGGAAGCT-1,0.91391,0.014345,0.014344,0.014362,0.014343,0.014342,0.014354
ACTTCCATGCGGGACA-1,0.150922,0.093846,0.069256,0.050074,0.051232,0.276827,0.307843
ACTTCCTGTCGTGCGA-1,0.242698,0.000358,0.000358,0.000358,0.292492,0.142721,0.321015
ACTTCGCCATACGCAC-1,0.213259,0.00101,0.001011,0.781689,0.00101,0.00101,0.00101
ACTTGACTCCCTCTTT-1,0.01196,0.265615,0.011951,0.674571,0.011977,0.011958,0.011968
ACTTGCCATATTGTAC-1,0.578791,0.000244,0.068298,0.000244,0.121653,0.077511,0.153259
ACTTGCTCTATCTACC-1,0.989877,0.001687,0.001686,0.001689,0.001687,0.001687,0.001687
ACTTGTAGTCCCTTCA-1,0.960862,0.006538,0.006507,0.006515,0.006518,0.00654,0.006521
ACTTGTGGATGGAACG-1,0.187203,0.003322,0.035788,0.092176,0.416437,0.040053,0.225022
ACTTTACCCTCATGAA-1,0.103674,0.354822,0.000062,0.128586,0.156225,0.012882,0.243749
ACTTTATACACCACTT-1,0.366438,0.000321,0.066852,0.03013,0.214638,0.321301,0.000321
ACTTTGACTGCATCCT-1,0.781721,0.006828,0.184129,0.006826,0.006832,0.006833,0.00683
ACTTTGGTCGTGCTCC-1,0.237801,0.00088,0.00088,0.757798,0.00088,0.00088,0.00088
AGAACACGGCGATGGT-1,0.177793,0.198441,0.000296,0.182278,0.127525,0.313371,0.000296
AGAACCCTCAATTGGG-1,0.725129,0.082511,0.000844,0.188983,0.000844,0.000844,0.000844
AGAACGTGGTACATTC-1,0.155048,0.071531,0.000554,0.771204,0.000554,0.000554,0.000554
AGAAGAGCGCCGTTCC-1,0.015954,0.015909,0.015923,0.482847,0.437469,0.015944,0.015953
AGAAGGTACACTTCAC-1,0.892872,0.005725,0.005726,0.005732,0.078487,0.00573,0.005729
AGAAGGTTGCCGAATT-1,0.096119,0.200782,0.000127,0.000127,0.04048,0.344708,0.317657
AGAAGGTTGTAGGTCG-1,0.107771,0.192335,0.000312,0.045627,0.047747,0.526852,0.079356
AGAAGTGATTCGTGAT-1,0.548613,0.032233,0.125696,0.000312,0.029865,0.000312,0.262969
AGAATAAATCTTCAGG-1,0.16457,0.001259,0.001258,0.001258,0.001258,0.531789,0.298608
AGAATGCGGGTTCGGA-1,0.143064,0.025129,0.009075,0.070296,0.382444,0.065825,0.304168
AGAATTATGGATTCGA-1,0.339245,0.161559,0.000403,0.156067,0.000403,0.000403,0.341919
AGAATTGTTTGACATA-1,0.998286,0.000286,0.000286,0.000286,0.000286,0.000286,0.000286
AGACAGCTCAGAATCC-1,0.998712,0.000214,0.000215,0.000215,0.000215,0.000215,0.000215
AGACATAGATCCTTCC-1,0.844531,0.000366,0.059001,0.000366,0.000366,0.000366,0.095003
AGACCAAACCACACCT-1,0.293144,0.403308,0.00163,0.001631,0.001631,0.001631,0.297025
AGACCATGGGATACAA-1,0.492227,0.068244,0.042686,0.000078,0.105056,0.125401,0.166307
AGACCCACCGCTGATC-1,0.864457,0.000114,0.000114,0.000114,0.011425,0.000114,0.123661
AGACCGCTCCGCGGTT-1,0.36393,0.204389,0.021265,0.051926,0.176216,0.003235,0.179039
AGACCGGGAAACCCTG-1,0.997366,0.000439,0.000439,0.000439,0.000439,0.000439,0.000439
AGACGAAGTGCCGGTC-1,0.000072,0.083407,0.111095,0.01725,0.096545,0.009574,0.682056
AGACGACGATGCCGCT-1,0.430665,0.001839,0.00184,0.001838,0.00184,0.00184,0.560138
AGACGGGATTGGTATA-1,0.545507,0.003778,0.003776,0.220851,0.003777,0.218534,0.003777
AGACGGGCCGATTTAA-1,0.379789,0.112242,0.000355,0.000355,0.033667,0.046895,0.426697
AGACTGTTACCGGGTC-1,0.49407,0.000274,0.060648,0.000274,0.318148,0.112288,0.014298
AGAGAAACACCAGAAA-1,0.270861,0.017639,0.068979,0.000042,0.070569,0.489228,0.082684
AGAGAACCGTCTAGGA-1,0.02819,0.001543,0.001543,0.652941,0.001543,0.312695,0.001543
AGAGAAGGAGTACAAT-1,0.258075,0.000751,0.000751,0.000751,0.504797,0.234124,0.000751
AGAGATCTCTAAAGCG-1,0.959467,0.000181,0.000181,0.000181,0.039626,0.000181,0.000181
AGAGCAGTTATGAGAC-1,0.857801,0.00112,0.001121,0.136594,0.001122,0.001121,0.001121
AGAGCCGCCGAGATTT-1,0.26609,0.038631,0.155203,0.03504,0.056527,0.233434,0.215076
AGAGCGGGCTAATCAT-1,0.91674,0.069545,0.000439,0.011959,0.000439,0.000439,0.000439
AGAGCGTACAAGCTCG-1,0.591918,0.047701,0.000157,0.000157,0.057631,0.108795,0.193642
AGAGCTACGAAAGCAT-1,0.393476,0.058725,0.000122,0.54731,0.000122,0.000122,0.000122
AGAGGCTTCGGAAACC-1,0.000071,0.002197,0.051992,0.108387,0.458952,0.072088,0.306313
AGAGGGACAATTGTCC-1,0.303706,0.000095,0.028309,0.045673,0.087222,0.070167,0.464828
AGAGGTATCTCGGTCC-1,0.403947,0.000815,0.000815,0.000815,0.227471,0.000815,0.36532
AGAGTAAACTTCACTA-1,0.21451,0.113327,0.003042,0.106176,0.114671,0.121387,0.326887
AGAGTGAACAGACACC-1,0.40252,0.000247,0.000247,0.059073,0.300092,0.000247,0.237573
AGAGTTAGAGACCGAT-1,0.329719,0.003263,0.00326,0.181702,0.00326,0.003261,0.475535
AGATAATCACACCTAT-1,0.240094,0.295997,0.00065,0.359471,0.000649,0.10249,0.000649
