Barcode,Topic 1,Topic 2,Topic 3,Topic 4,Topic 5,Topic 6,Topic 7,Topic 8,Topic 9
AAACAAGTATCTCCCA-1,0.000056,0.000056,0.343943,0.053172,0.08894,0.328955,0.000056,0.063167,0.121657
AAACACCAATAACTGC-1,0.000767,0.000767,0.000767,0.234061,0.000767,0.319847,0.441491,0.000767,0.000767
AAACAGAGCGACTCCT-1,0.000024,0.000024,0.134814,0.001773,0.020878,0.172941,0.000024,0.077908,0.591614
AAACAGGGTCTATATT-1,0.000376,0.000376,0.000376,0.000376,0.000376,0.994134,0.000376,0.003237,0.000376
AAACAGTGTTCCTGGG-1,0.000467,0.000467,0.000467,0.000467,0.000467,0.325729,0.000467,0.465754,0.205714
AAACATTTCCCGGATT-1,0.000183,0.000183,0.000183,0.041669,0.078912,0.452072,0.000183,0.426429,0.000183
AAACCCGAACGAAATC-1,0.000005,0.000123,0.046577,0.92262,0.007214,0.009127,0.000536,0.00352,0.010278
AAACCGGAAATGTTAA-1,0.000043,0.000043,0.215456,0.004166,0.004397,0.318606,0.000043,0.147723,0.309525
AAACCGGGTAGGTACC-1,0.000088,0.000088,0.13047,0.049592,0.224423,0.55812,0.000088,0.000088,0.037044
AAACCGTTCGTCCAGG-1,0.000196,0.000196,0.000652,0.000196,0.137005,0.246542,0.192647,0.422367,0.000196
AAACCTCATGAAGTTG-1,0.000243,0.000243,0.148891,0.000243,0.000243,0.578626,0.000243,0.271023,0.000243
AAACGAGACGGTTGAT-1,0.000055,0.000055,0.619449,0.000055,0.000569,0.096703,0.000055,0.215551,0.067506
AAACGGGCGTACGGGT-1,0.000108,0.000108,0.044696,0.000108,0.052941,0.14669,0.102497,0.31578,0.337073
AAACTCGTGATATAAG-1,0.000041,0.000041,0.017809,0.020599,0.000041,0.03403,0.01557,0.225536,0.686333
AAACTGCTGGCTCCAA-1,0.000019,0.00057,0.000019,0.442243,0.000642,0.19413,0.004746,0.23697,0.12066
AAACTTGCAAACGTAT-1,0.000085,0.000085,0.350364,0.000085,0.000085,0.491747,0.097609,0.054201,0.00574
AAAGACCCAAGTCGCG-1,0.000053,0.000053,0.494855,0.000053,0.024256,0.000053,0.000053,0.012802,0.467819
AAAGACTGGGCGCTTT-1,0.000199,0.000199,0.000199,0.000199,0.000199,0.600764,0.000199,0.397844,0.000199
AAAGGCTACGGACCAT-1,0.000105,0.000105,0.000105,0.026328,0.000105,0.482615,0.020726,0.136555,0.333355
AAAGGCTCTCGCGCCG-1,0.000073,0.000073,0.821843,0.000073,0.000073,0.078232,0.001574,0.097985,0.000073
AAAGGGATGTAGCAAG-1,0.000048,0.000048,0.005533,0.000048,0.000048,0.231745,0.014888,0.180876,0.566764
AAAGGGCAGCTTGAAT-1,0.000139,0.000139,0.000139,0.000139,0.000139,0.458574,0.000139,0.540453,0.000139
AAAGTAGCATTGCTCA-1,0.000099,0.000099,0.205722,0.000099,0.050031,0.693885,0.000099,0.000099,0.049864
AAAGTCGACCCTCAGT-1,0.000179,0.000179,0.210758,0.000179,0.000179,0.787987,0.000179,0.000179,0.000179
AAAGTGTGATTTATCT-1,0.00007,0.00007,0.056411,0.047555,0.262499,0.171549,0.053378,0.404589,0.003879
AAAGTTGACTCCCGTA-1,0.00004,0.043563,0.15385,0.183029,0.142668,0.073276,0.00004,0.332852,0.070682
AAATAACCATACGGGA-1,0.000031,0.000031,0.370325,0.000031,0.000031,0.150056,0.413784,0.003801,0.06191
AAATAAGGTAGTGCCC-1,0.000028,0.018873,0.202139,0.008869,0.02289,0.001123,0.024943,0.198374,0.522762
AAATAGCTTAGACTTT-1,0.00003,0.055279,0.056058,0.271565,0.008448,0.030795,0.00003,0.431548,0.146247
AAATCGTGTACCACAA-1,0.000059,0.000059,0.080414,0.288679,0.021449,0.392368,0.034356,0.09778,0.084837
AAATCTAGCCCTGCTA-1,0.000103,0.000103,0.000103,0.000103,0.016504,0.435305,0.000103,0.547571,0.000103
AAATGATTCGATCAGC-1,0.000043,0.007734,0.392472,0.008368,0.034171,0.038803,0.000043,0.180451,0.337915
AAATGCTCGTTACGTT-1,0.000083,0.000083,0.000083,0.000083,0.000083,0.655721,0.343701,0.000083,0.000083
AAATGGCCCGTGCCCT-1,0.000424,0.000424,0.000424,0.000424,0.000424,0.996605,0.000424,0.000424,0.000424
AAATGGTCAATGTGCC-1,0.000028,0.024766,0.008675,0.151498,0.076758,0.041663,0.011312,0.197554,0.487747
AAATTAACGGGTAGCT-1,0.000034,0.007899,0.042317,0.1416,0.005058,0.012059,0.005841,0.233523,0.55167
AAATTACACGACTCTG-1,0.000123,0.000123,0.000123,0.000123,0.000123,0.78446,0.000123,0.214677,0.000123
AAATTACCTATCGATG-1,0.000077,0.000077,0.020959,0.019784,0.000077,0.169418,0.000077,0.411675,0.377856
AAATTCCAGGTCCAAA-1,0.000018,0.02075,0.105817,0.085912,0.017479,0.01344,0.176636,0.080801,0.499147
AAATTGATAGTCCTTT-1,0.000141,0.000141,0.000141,0.000141,0.000141,0.998874,0.000141,0.000141,0.000141
AAATTTGCGGGTGTGG-1,0.000137,0.000137,0.000137,0.000137,0.000137,0.736355,0.000137,0.262684,0.000137
AACAACTGGTAGTTGC-1,0.000022,0.003351,0.358751,0.107775,0.025028,0.005688,0.002448,0.122605,0.374332
AACAATACATTGTCGA-1,0.000221,0.000221,0.000221,0.000221,0.000221,0.544868,0.000221,0.453584,0.000221
AACAATTACTCTACGC-1,0.000063,0.000063,0.192852,0.000063,0.005059,0.070459,0.000063,0.523437,0.207941
AACACACGCTCGCCGC-1,0.000085,0.040906,0.121829,0.01119,0.066682,0.404399,0.09895,0.058613,0.197345
AACACGAGACGCGGCC-1,0.000312,0.000312,0.000312,0.000312,0.000312,0.933314,0.000312,0.0645,0.000312
AACACGCGGCCGCGAA-1,0.000201,0.000201,0.168965,0.044059,0.000201,0.561839,0.036325,0.000201,0.188007
AACAGCTGTGTGGCAA-1,0.000126,0.000126,0.282266,0.108704,0.224059,0.165903,0.003641,0.19545,0.019723
AACAGGATGGGCCGCG-1,0.000117,0.000117,0.000117,0.000117,0.000117,0.674073,0.000117,0.321973,0.003254
AACAGGTAGTATGGAT-1,0.000046,0.000046,0.199414,0.040296,0.008852,0.233722,0.145541,0.331411,0.040673
AACATATCAACTGGTG-1,0.000013,0.000013,0.279733,0.027653,0.395361,0.004668,0.000843,0.016176,0.27554
AACATCGATACGTCTA-1,0.00004,0.00004,0.189288,0.00004,0.001135,0.104798,0.01294,0.060218,0.6315
AACATTGTGACTCGAG-1,0.000228,0.000228,0.000228,0.000228,0.000228,0.143133,0.000228,0.798767,0.05673
AACCAAGACTTCTCTG-1,0.000247,0.000247,0.000247,0.000247,0.000247,0.676361,0.000247,0.321909,0.000247
AACCATGGGATCGCTA-1,0.000016,0.000016,0.719464,0.000261,0.005346,0.007014,0.006395,0.032429,0.229059
AACCCAGAGACGGAGA-1,0.000024,0.000024,0.487217,0.000024,0.007719,0.037601,0.001842,0.074937,0.390612
AACCCGACAACCCGTG-1,0.00025,0.118556,0.00025,0.00025,0.00025,0.668217,0.00025,0.211728,0.00025
AACCCGAGCAGAATCG-1,0.00004,0.055049,0.53417,0.000053,0.068446,0.069291,0.00004,0.245657,0.027253
AACCCTACTGTCAATA-1,0.000079,0.000079,0.269107,0.031571,0.035635,0.302312,0.002171,0.239649,0.119397
AACCGCTAAGGGATGC-1,0.000034,0.017364,0.676385,0.066875,0.059964,0.143041,0.000034,0.018377,0.017923
AACCTGTCACGGAATT-1,0.000031,0.033152,0.076789,0.11301,0.066406,0.01748,0.013429,0.143499,0.536205
AACCTTTACGACGTCT-1,0.000042,0.000042,0.003889,0.000042,0.00595,0.121121,0.022377,0.122277,0.724259
AACGATAGAAGGGCCG-1,0.000076,0.000076,0.000076,0.000076,0.000076,0.141044,0.000076,0.232306,0.626196
AACGATATGTCAACTG-1,0.000184,0.000184,0.249888,0.094278,0.000184,0.152995,0.15459,0.023059,0.324637
AACGCATGATCTGGGT-1,0.000024,0.004092,0.293627,0.000024,0.009361,0.008403,0.000024,0.257154,0.427292
AACGCGAACGGCAACA-1,0.000292,0.120669,0.036352,0.000292,0.000292,0.421657,0.000292,0.000292,0.419862
AACGCTGTTGCTGAAA-1,0.000124,0.000124,0.000124,0.152723,0.000124,0.661059,0.025875,0.003215,0.156631
AACGGACGTACGTATA-1,0.000132,0.000132,0.000132,0.000132,0.077136,0.888623,0.03345,0.000132,0.000132
AACGGCCATCTCCGGT-1,0.000049,0.000049,0.039678,0.000049,0.109319,0.660106,0.019861,0.052754,0.118136
AACGTACTGTGGGTAC-1,0.000345,0.000345,0.000345,0.000345,0.000345,0.534779,0.000345,0.462804,0.000345
AACGTCAGACTAGTGG-1,0.00005,0.00005,0.067983,0.005572,0.17005,0.21055,0.007633,0.187284,0.350828
AACGTGATGAAGGACA-1,0.000048,0.000048,0.34323,0.000048,0.000049,0.389912,0.181661,0.020236,0.064768
AACTACCCGTTTGTCA-1,0.000034,0.284648,0.001547,0.259911,0.004193,0.15649,0.015127,0.189892,0.088157
AACTAGGCTTGGGTGT-1,0.000163,0.041414,0.000163,0.094041,0.000163,0.601249,0.036151,0.186634,0.04002
AACTCAAGTTAATTGC-1,0.00001,0.00001,0.017112,0.099333,0.878158,0.00001,0.00001,0.002034,0.003322
AACTCCAGAGCGTGTT-1,0.000153,0.000153,0.000153,0.000153,0.000153,0.732208,0.000153,0.002261,0.264612
AACTCCTAATCCCATG-1,0.000013,0.000013,0.855223,0.007383,0.004275,0.000013,0.000013,0.036244,0.096826
AACTCGATGGCGCAGT-1,0.000144,0.000144,0.000144,0.000144,0.000144,0.998851,0.000144,0.000144,0.000144
AACTCTCAATAGAGCG-1,0.000051,0.000051,0.056426,0.081555,0.132569,0.106624,0.012256,0.283401,0.327067
AACTCTCAGTGTGCTC-1,0.000588,0.000588,0.201107,0.000588,0.000588,0.283307,0.000588,0.475095,0.03755
AACTGAGTTATACTGA-1,0.0001,0.0001,0.0001,0.672827,0.027234,0.149363,0.0001,0.121528,0.028647
AACTTCTGCGTCTATC-1,0.000276,0.000276,0.25809,0.000276,0.000276,0.106085,0.000276,0.634169,0.000276
AACTTGCCCGTATGCA-1,0.000028,0.000028,0.619586,0.000924,0.00074,0.026342,0.017481,0.076049,0.258823
AACTTGCGTTCTCGCG-1,0.000261,0.000261,0.000261,0.000261,0.000261,0.399321,0.000261,0.296224,0.302889
AAGAAGGATCAGTTAG-1,0.000072,0.000072,0.000072,0.000072,0.000072,0.873658,0.121535,0.000072,0.004374
AAGACCCAACTGAACA-1,0.000165,0.000165,0.000165,0.000165,0.007384,0.492882,0.004202,0.448376,0.046498
AAGAGATGAATCGGTA-1,0.000045,0.006866,0.323875,0.060738,0.032434,0.148197,0.00576,0.21001,0.212075
AAGAGGATGTACGCGA-1,0.000096,0.073863,0.023613,0.084811,0.034605,0.507842,0.000096,0.120022,0.155052
AAGAGGCATGGATCGC-1,0.000083,0.000083,0.076521,0.039954,0.025394,0.129813,0.000083,0.727987,0.000083
AAGAGGCCCTTTGGAA-1,0.000137,0.000137,0.000137,0.000137,0.000137,0.120519,0.000137,0.802276,0.076381
AAGATGGCACCGGACC-1,0.000156,0.000156,0.032687,0.058537,0.02511,0.032101,0.000156,0.410591,0.440504
AAGATTGGCGGAACGT-1,0.000089,0.000089,0.000089,0.019789,0.000089,0.255443,0.000089,0.613,0.111323
AAGCCACTTGCAGGTA-1,0.000145,0.000145,0.000145,0.000145,0.000145,0.993359,0.000145,0.000145,0.005625
AAGCCGAAGCGGTTTA-1,0.00003,0.00003,0.564656,0.010244,0.033573,0.167986,0.087654,0.062513,0.073315
AAGCCGCCGTGAAATC-1,0.000197,0.000197,0.000197,0.000197,0.000197,0.889536,0.000197,0.098746,0.010533
AAGCGGCGTCATGGGT-1,0.000022,0.000022,0.463375,0.001887,0.046529,0.000022,0.000932,0.019086,0.468126
AAGCGTCCCTCATCGA-1,0.000281,0.000281,0.362274,0.19257,0.059076,0.22362,0.000281,0.161338,0.000281
AAGGAGCGGTTGGTGC-1,0.000035,0.000035,0.143306,0.011049,0.025249,0.046265,0.023366,0.276228,0.474465
AAGGATCGATCGCTTG-1,0.000029,0.006209,0.039692,0.186678,0.440102,0.064794,0.000029,0.147143,0.115325
AAGGATGAGGGACCTC-1,0.000037,0.000037,0.413232,0.020147,0.003286,0.012986,0.000366,0.107208,0.442702
AAGGCAGGCTGTCTCC-1,0.000018,0.03531,0.563795,0.140757,0.015419,0.000456,0.010622,0.043477,0.190146
AAGGCGCGTAAAGCTT-1,0.000035,0.000035,0.009409,0.018492,0.288496,0.039182,0.014286,0.343188,0.286877
AAGGCTGTGCTCATCG-1,0.000048,0.00799,0.015983,0.103047,0.057775,0.027356,0.022943,0.540701,0.224158
AAGGGAACGACTGGCT-1,0.000342,0.000342,0.000342,0.000342,0.000342,0.14337,0.399683,0.283427,0.171809
AAGGGACAGATTCTGT-1,0.000043,0.000043,0.422067,0.016729,0.003612,0.053971,0.000294,0.430641,0.072599
AAGGGACTATGCATTC-1,0.000193,0.000193,0.000193,0.000193,0.025808,0.703932,0.000193,0.259121,0.010172
AAGGTATCCTAATATA-1,0.000027,0.00016,0.518843,0.002344,0.102678,0.070837,0.103678,0.082485,0.118948
AAGGTGATAAACCAGC-1,0.000084,0.000084,0.000084,0.010141,0.099879,0.702925,0.011796,0.147204,0.027802
AAGTAGAAGACCGGGT-1,0.000019,0.00052,0.103802,0.003456,0.795338,0.000019,0.000019,0.073555,0.023273
AAGTAGTGACGCGAGG-1,0.000042,0.029323,0.390498,0.007007,0.08044,0.05635,0.000042,0.391401,0.044897
AAGTCAATTGTCGTCA-1,0.000058,0.000058,0.000058,0.010849,0.038678,0.287164,0.539837,0.022871,0.100429
AAGTGACGACCGAATT-1,0.000206,0.000206,0.000206,0.026576,0.000206,0.838152,0.000206,0.134037,0.000206
AAGTGAGTCGGGTTTA-1,0.00011,0.00011,0.00011,0.04181,0.00011,0.273713,0.00011,0.201367,0.482559
AAGTGCCTTGACTGTA-1,0.00007,0.00007,0.088303,0.04861,0.02888,0.058153,0.127403,0.588009,0.060502
AAGTGCGTTAGAATCT-1,0.000085,0.000085,0.0189,0.104547,0.160206,0.715924,0.000085,0.000085,0.000085
AAGTGCTTCTCTATTG-1,0.000086,0.000086,0.270602,0.000086,0.000086,0.499878,0.041026,0.12549,0.062661
AAGTTCACTCCAAGCT-1,0.000289,0.000289,0.000289,0.000289,0.000289,0.99769,0.000289,0.000289,0.000289
AAGTTCAGTCTGCGTA-1,0.000026,0.000026,0.497355,0.000534,0.027116,0.018047,0.000026,0.133175,0.323696
AAGTTCGGCCAACAGG-1,0.000078,0.000078,0.097317,0.014518,0.09894,0.695268,0.000078,0.082116,0.011607
AAGTTGTGATGTTATA-1,0.000109,0.000109,0.000109,0.000109,0.000109,0.02869,0.000109,0.941163,0.029491
AATAACAACGCTCGGC-1,0.000033,0.000033,0.7835,0.004424,0.015639,0.011608,0.000033,0.177727,0.007002
AATAACACTAGAACAA-1,0.000115,0.000115,0.000115,0.000115,0.000115,0.788337,0.096227,0.114747,0.000115
AATAATCTTCGTATCG-1,0.000074,0.005279,0.000074,0.054086,0.000074,0.432393,0.024528,0.15483,0.328661
AATACAATGTTTCAGG-1,0.000078,0.39735,0.014302,0.000078,0.047543,0.11823,0.000078,0.422262,0.000078
AATACCGGAGGGCTGT-1,0.00007,0.00007,0.00007,0.00007,0.00007,0.702276,0.297234,0.00007,0.00007
AATACCTGATGTGAAC-1,0.000029,0.000029,0.730236,0.000029,0.001108,0.196168,0.009604,0.01837,0.044428
AATAGAACAGAGTGGC-1,0.000207,0.000207,0.000207,0.000207,0.000207,0.594239,0.404308,0.000207,0.000207
AATAGAATCTGTTTCA-1,0.00011,0.024004,0.041521,0.189703,0.00011,0.732677,0.00011,0.00011,0.011653
AATAGCTACCGCGTGC-1,0.00005,0.00005,0.000832,0.03759,0.007636,0.044267,0.025089,0.377995,0.50649
AATAGGCACGACCCTT-1,0.000075,0.000358,0.253909,0.000075,0.000075,0.136806,0.592735,0.004565,0.011404
AATAGTCCGTCCCGAC-1,0.000184,0.000184,0.000184,0.000184,0.000184,0.455475,0.000184,0.537608,0.005814
AATATCAAGGTCGGAT-1,0.000165,0.000165,0.152002,0.000165,0.009672,0.069602,0.000165,0.073381,0.694684
AATATCGAATCAATGC-1,0.00003,0.001416,0.576337,0.002192,0.046895,0.027434,0.000237,0.280054,0.065403
AATATCGAGGGTTCTC-1,0.000047,0.000047,0.000047,0.060986,0.112489,0.136626,0.017989,0.109178,0.562591
AATATTGGAGTATTGA-1,0.000934,0.000934,0.000934,0.000934,0.000934,0.615192,0.000934,0.378267,0.000934
AATCAGACTGCAGGAC-1,0.000141,0.000141,0.000141,0.000141,0.000141,0.429701,0.000141,0.569313,0.000141
AATCAGGTTTCATTTA-1,0.00015,0.00015,0.368733,0.009241,0.101281,0.26378,0.00015,0.10122,0.155296
AATCATGTAAAGACTC-1,0.00004,0.00004,0.506146,0.00004,0.007429,0.238476,0.18877,0.035793,0.023265
AATCCAAGGGCCTGAG-1,0.000038,0.000038,0.013068,0.000038,0.000038,0.030935,0.022318,0.137734,0.795793
AATCCATGCAAGGGTG-1,0.000095,0.000095,0.000095,0.000095,0.000095,0.6411,0.057815,0.282735,0.017877
AATCGCCTCAGCGCCA-1,0.000244,0.000244,0.372869,0.029462,0.150152,0.266161,0.000244,0.168369,0.012256
AATCGCGCAGAGGACT-1,0.000025,0.019196,0.224534,0.250188,0.033107,0.053062,0.108202,0.107363,0.204321
AATCTAGGTTTACTTG-1,0.000306,0.000306,0.228742,0.000306,0.000306,0.582771,0.08023,0.106726,0.000306
AATCTATGCCGGAGCC-1,0.000035,0.000035,0.328814,0.036983,0.057855,0.000035,0.000035,0.134136,0.442072
AATCTGCGTTGGGACG-1,0.00011,0.00011,0.00011,0.00011,0.009225,0.426699,0.006951,0.244666,0.312018
AATCTGGCTTTCTAGT-1,0.000545,0.000545,0.000545,0.000545,0.000545,0.936069,0.000545,0.000545,0.060116
AATGACAGCAATGTCT-1,0.000115,0.000115,0.000115,0.000115,0.000115,0.999077,0.000115,0.000115,0.000115
AATGACTGTCAGCCGG-1,0.000036,0.000036,0.024325,0.017273,0.086415,0.03507,0.014082,0.440965,0.381798
AATGAGTTCGCATATG-1,0.000086,0.000086,0.000086,0.003032,0.000086,0.556424,0.000086,0.400066,0.040048
AATGATGATACGCTAT-1,0.000041,0.000041,0.225214,0.07171,0.016475,0.194767,0.255985,0.032412,0.203355
AATGATGCGACTCCTG-1,0.000048,0.000048,0.165766,0.010154,0.072312,0.01787,0.000048,0.381859,0.351897
AATGCAACCGGGTACC-1,0.000033,0.002926,0.124551,0.017507,0.02443,0.029699,0.012601,0.308291,0.479962
AATGCACCAAGCAATG-1,0.000011,0.000011,0.292743,0.014739,0.592551,0.000011,0.000011,0.02809,0.071834
AATGGTCCACCGTTCA-1,0.000183,0.000183,0.000183,0.000183,0.007928,0.593036,0.000183,0.397941,0.000183
AATGGTTCTCACAAGC-1,0.000024,0.000024,0.623009,0.002504,0.03289,0.04646,0.002029,0.039399,0.25366
AATGTGCCCGAGGTGT-1,0.0001,0.0001,0.270757,0.042276,0.025863,0.653883,0.0001,0.0001,0.006823
AATGTGCTAATCTGAG-1,0.000397,0.090416,0.000397,0.109275,0.000397,0.600097,0.030083,0.16854,0.000397
AATTAAAGGTCGGCGT-1,0.000012,0.005873,0.358274,0.273646,0.107733,0.006132,0.000012,0.059275,0.189042
AATTAGCGCTGCAGCG-1,0.00009,0.00009,0.00009,0.00009,0.00009,0.598859,0.00009,0.371479,0.029119
AATTCATAAGGGATCT-1,0.000108,0.000108,0.108234,0.025071,0.037509,0.504064,0.000108,0.303657,0.02114
AATTCTAGAGTTAGGC-1,0.000037,0.466565,0.08262,0.184946,0.000701,0.103034,0.000037,0.125625,0.036434
AATTGAACGCTCTGGT-1,0.000183,0.000183,0.000183,0.000183,0.000183,0.867955,0.000183,0.130767,0.000183
AATTGCAGCAATCGAC-1,0.000061,0.000061,0.089636,0.035661,0.054403,0.144107,0.000125,0.463547,0.212399
AATTTGGGACATAGTA-1,0.000031,0.000031,0.217806,0.006461,0.054986,0.041329,0.038931,0.01817,0.622255
ACAAACTCCATCAGAG-1,0.000975,0.000975,0.000975,0.376299,0.000975,0.616874,0.000975,0.000975,0.000975
ACAAAGCATGACCTAG-1,0.000095,0.000095,0.000095,0.000095,0.000095,0.381747,0.000095,0.392161,0.22552
ACAAATCGCACCGAAT-1,0.000169,0.000169,0.000169,0.000169,0.000169,0.998648,0.000169,0.000169,0.000169
ACAAATGGTAGTGTTT-1,0.00005,0.001737,0.33158,0.021914,0.00005,0.3831,0.00005,0.100271,0.161247
ACAACGGTCCCTGCGA-1,0.000036,0.000036,0.389964,0.014212,0.073846,0.137381,0.000036,0.133521,0.250969
ACAAGCAGTGCCTAGC-1,0.000015,0.017221,0.715678,0.036942,0.014194,0.03314,0.159571,0.017516,0.005724
ACAAGGACAAGAGGTT-1,0.000024,0.000024,0.684817,0.00543,0.121915,0.066894,0.000024,0.115963,0.004909
ACAAGGATGCTTTAGG-1,0.000275,0.000275,0.000275,0.000275,0.000275,0.912196,0.000275,0.000275,0.085878
ACAATAGTCGTACGTT-1,0.000148,0.000148,0.380687,0.030925,0.095189,0.27508,0.217525,0.000148,0.000148
ACAATCCATTTAAACC-1,0.000046,0.009037,0.035723,0.053865,0.222063,0.151619,0.000046,0.321587,0.206015
ACAATGAATACGGAGA-1,0.000141,0.000141,0.000141,0.000141,0.000141,0.955111,0.000141,0.043902,0.000141
ACAATTGTGTCTCTTT-1,0.000126,0.000127,0.093086,0.004968,0.000126,0.724757,0.175419,0.000126,0.001264
ACAATTTGAGCAGTGG-1,0.00005,0.128645,0.107092,0.036285,0.068568,0.088706,0.00005,0.554187,0.016415
ACAATTTGGCCATATT-1,0.000016,0.109605,0.009894,0.503625,0.044471,0.025457,0.014073,0.078467,0.214392
ACACAAAGACGGGTGG-1,0.00003,0.01057,0.127962,0.025494,0.009402,0.002348,0.007494,0.232456,0.584244
ACACACCAGGACCAGT-1,0.000072,0.000072,0.012052,0.247284,0.043215,0.584611,0.087073,0.000073,0.025548
ACACCACATAATTAGC-1,0.000037,0.005569,0.03056,0.047949,0.002134,0.038757,0.018776,0.564111,0.292107
ACACCCAGCATGCAGC-1,0.000035,0.000035,0.023277,0.015317,0.056107,0.090272,0.03461,0.093048,0.687299
ACACCCGAGAAATCCG-1,0.00002,0.00002,0.489334,0.005654,0.018813,0.034832,0.000597,0.05317,0.39756
ACACCTTAAGTAGGGC-1,0.000042,0.000042,0.00616,0.056278,0.045654,0.01248,0.002912,0.361234,0.515198
ACACCTTACTACTTGC-1,0.000035,0.008755,0.00014,0.183809,0.005121,0.062895,0.027368,0.148998,0.562878
ACACGTAGGCCACAAG-1,0.000067,0.000067,0.141112,0.000067,0.000067,0.106307,0.047535,0.605592,0.099185
ACACTCCAATGTCACT-1,0.000046,0.000046,0.548373,0.000046,0.001148,0.028591,0.000046,0.421582,0.000123
ACACTGATCAAGGTGT-1,0.000618,0.000618,0.000618,0.000618,0.000618,0.12859,0.000618,0.867086,0.000618
ACACTGGGACAGTCGT-1,0.000039,0.003309,0.646937,0.030785,0.004248,0.064406,0.000039,0.141195,0.109043
ACAGAACTGAGAACAA-1,0.000173,0.000173,0.000173,0.000173,0.000173,0.819861,0.000173,0.178931,0.000173
ACAGCGACATTCTCAT-1,0.000126,0.000126,0.000126,0.000126,0.000126,0.586491,0.083223,0.303277,0.02638
ACAGCGCACCCGCAGC-1,0.000069,0.000069,0.067268,0.000069,0.000069,0.431997,0.377593,0.000292,0.122573
ACAGGCACGGATCCTT-1,0.000235,0.000235,0.000235,0.000235,0.000235,0.417129,0.000235,0.580535,0.000925
ACAGGCTTGCCCGACT-1,0.000119,0.000119,0.013643,0.127623,0.050586,0.807554,0.000119,0.000119,0.000119
ACAGGTGGAGGTGAGG-1,0.00018,0.00018,0.00018,0.00018,0.00018,0.854061,0.00018,0.144682,0.00018
ACAGTAATACAACTTG-1,0.0002,0.0002,0.0002,0.0002,0.0002,0.998403,0.0002,0.0002,0.0002
ACATAATAAGGCGGTG-1,0.000189,0.000189,0.060471,0.054251,0.000189,0.196125,0.000189,0.011226,0.67717
ACATACAATCAAGCGG-1,0.000105,0.000105,0.000105,0.000105,0.000105,0.733903,0.265362,0.000105,0.000105
ACATCCCGGCCATACG-1,0.000036,0.000036,0.799598,0.000036,0.000036,0.007727,0.000036,0.000037,0.192458
ACATCCTGGTAACTGT-1,0.000103,0.000103,0.019791,0.149544,0.141361,0.197098,0.000103,0.399543,0.092353
ACATCGATCGTTTACC-1,0.000005,0.000235,0.028364,0.96506,0.006316,0.000005,0.000005,0.000005,0.000005
ACATCGGTCAGCCGCG-1,0.000099,0.000099,0.044102,0.216134,0.004022,0.379338,0.000099,0.290892,0.065214
ACATCGTATGCAATGG-1,0.000162,0.000162,0.000162,0.000162,0.000162,0.998705,0.000162,0.000162,0.000162
ACATGGCGCCAAAGTA-1,0.000026,0.035436,0.142268,0.314334,0.033464,0.064388,0.078218,0.271604,0.060263
ACATTAGTTTATATCC-1,0.000058,0.000058,0.002528,0.1261,0.040031,0.297678,0.003431,0.217885,0.31223
ACATTCGCGCGGAATA-1,0.001039,0.001039,0.010921,0.001039,0.001039,0.344596,0.161711,0.001039,0.477577
ACATTTGAAACCTAAC-1,0.000085,0.000085,0.000085,0.00669,0.000085,0.603275,0.000085,0.040323,0.349288
ACCAAACACCCAGCGA-1,0.000037,0.000037,0.044835,0.012157,0.018188,0.123813,0.060123,0.169915,0.570896
ACCAACACCACACACT-1,0.000052,0.000052,0.000052,0.000052,0.022398,0.179381,0.059519,0.303015,0.435481
ACCAACCGCACTCCAC-1,0.000123,0.000123,0.153127,0.000123,0.00708,0.647657,0.014727,0.176919,0.000123
ACCAACGCTTATTTAT-1,0.000235,0.000235,0.000235,0.000235,0.000235,0.257442,0.000235,0.734897,0.006253
ACCAAGAACGCGTGTC-1,0.000055,0.000055,0.149225,0.000055,0.000055,0.023112,0.000055,0.27688,0.550508
ACCACAACTCAGAACA-1,0.000049,0.000049,0.302793,0.000814,0.009812,0.368283,0.114121,0.020806,0.183273
ACCACAAGTTTCTATC-1,0.00003,0.00003,0.016176,0.08687,0.01921,0.073841,0.032411,0.186789,0.584643
ACCACCAATGTAACAA-1,0.000017,0.042707,0.473398,0.087745,0.025637,0.031879,0.000017,0.288123,0.050477
ACCAGTGCCCGGTCAA-1,0.000049,0.000049,0.000049,0.000049,0.000049,0.801888,0.197769,0.000049,0.000049
ACCAGTGCGGGAGACG-1,0.000043,0.002885,0.729436,0.026393,0.013073,0.161979,0.000043,0.063728,0.00242
ACCATATCCGCAATAA-1,0.000016,0.011169,0.023861,0.587618,0.015684,0.030264,0.012046,0.073853,0.245489
ACCATCCGCCAACTAG-1,0.000731,0.000732,0.366957,0.004132,0.000732,0.624522,0.000732,0.000732,0.000732
ACCATCGTATATGGTA-1,0.000314,0.000314,0.000314,0.000314,0.000314,0.209657,0.000314,0.788143,0.000315
ACCCAACGCCCGTGGC-1,0.000049,0.025226,0.039063,0.030761,0.061681,0.149913,0.000049,0.208503,0.484754
ACCCACCTACATGCTC-1,0.000033,0.000033,0.484825,0.011291,0.000034,0.137105,0.118401,0.113704,0.134574
ACCCATCTTGAGGGTA-1,0.000112,0.000112,0.000112,0.000112,0.000112,0.358692,0.000112,0.628931,0.011703
ACCCATTTGTCCCTCT-1,0.000061,0.170339,0.431564,0.009895,0.032375,0.123793,0.004091,0.13957,0.088313
ACCCGAGCGAAATTAC-1,0.000351,0.000351,0.000351,0.000351,0.100695,0.299011,0.000351,0.59819,0.000351
ACCCGATTGGTTCCGA-1,0.000232,0.000232,0.000232,0.000232,0.000232,0.726572,0.000232,0.271803,0.000232
ACCCGGAAACTCCCAG-1,0.00012,0.027894,0.293166,0.054021,0.014478,0.242964,0.00012,0.32028,0.046957
ACCCGGAGCACCACAA-1,0.00008,0.000917,0.00008,0.00008,0.00008,0.5182,0.00008,0.184153,0.296332
ACCCGGATGACGCATC-1,0.000088,0.000088,0.000088,0.081626,0.080999,0.330731,0.070257,0.11499,0.321134
ACCCGGTTACACTTCC-1,0.000028,0.00646,0.647568,0.09619,0.018687,0.051348,0.000028,0.10068,0.07901
ACCCGTGTCATCAGTA-1,0.000248,0.000248,0.000248,0.000248,0.000248,0.073572,0.000248,0.924695,0.000248
ACCCTATAGGACTGAG-1,0.000149,0.000149,0.475962,0.027902,0.000149,0.114631,0.000149,0.133993,0.246915
ACCCTATGCCATATCG-1,0.000318,0.000318,0.591244,0.070286,0.02061,0.138992,0.000318,0.170062,0.007853
ACCCTCCCGTCAGGGC-1,0.000197,0.000197,0.196623,0.000197,0.000197,0.801995,0.000197,0.000197,0.000197
ACCCTCCCTTGCTATT-1,0.000161,0.000161,0.000161,0.000161,0.000161,0.998709,0.000161,0.000161,0.000161
ACCCTGGTAACGCCCT-1,0.000039,0.000039,0.01808,0.00994,0.012053,0.203301,0.000039,0.181289,0.57522
ACCCTTTAGTTCTCCA-1,0.000131,0.000131,0.000131,0.000131,0.000131,0.563407,0.435673,0.000131,0.000131
ACCGACTGAGTCCCAC-1,0.00006,0.00006,0.098158,0.001215,0.00006,0.17674,0.00006,0.422108,0.301541
ACCGATAGGCATAACC-1,0.00004,0.047933,0.492507,0.002203,0.003879,0.037877,0.00004,0.297916,0.117605
ACCGATATTTAATCAT-1,0.000061,0.000071,0.33135,0.013817,0.009363,0.157597,0.000061,0.277165,0.210516
ACCGATGGTAGCATCG-1,0.000059,0.000059,0.000576,0.093101,0.018743,0.156619,0.028727,0.201141,0.500974
ACCGCGGTGGAAGTCG-1,0.000015,0.009793,0.125484,0.072416,0.743601,0.00728,0.03301,0.000015,0.008386
ACCGCTAGTCATTGGT-1,0.000337,0.000337,0.171981,0.000337,0.000337,0.82103,0.000337,0.004967,0.000337
ACCGGGCCTTTGTTGA-1,0.000024,0.000024,0.138861,0.021179,0.685792,0.093675,0.056703,0.002039,0.001704
ACCGTGACCACGTGGG-1,0.000133,0.000133,0.442201,0.047585,0.049208,0.097312,0.000133,0.36316,0.000133
ACCTAAGTACCTTTCA-1,0.000091,0.000091,0.000091,0.000091,0.136371,0.858773,0.000091,0.000091,0.004307
ACCTAATCGACTTCCT-1,0.00007,0.000071,0.000071,0.000071,0.000071,0.171041,0.000071,0.647433,0.181102
ACCTACAGTATGTGGT-1,0.000035,0.039666,0.225571,0.297362,0.051286,0.049171,0.066984,0.104463,0.165462
ACCTCAGCGAGGCGCA-1,0.000272,0.000272,0.000272,0.000272,0.000272,0.997825,0.000272,0.000272,0.000272
ACCTCCGCCCTCGCTG-1,0.000219,0.000219,0.017035,0.000219,0.000219,0.431862,0.000219,0.549787,0.000219
ACCTCCGTTATTCACC-1,0.000015,0.242564,0.240411,0.356291,0.009805,0.001662,0.000015,0.031695,0.11754
ACCTGCGTGTCATGTT-1,0.000505,0.000505,0.000505,0.000505,0.000505,0.937241,0.000505,0.059221,0.000505
ACGAAATGGGCGGCAC-1,0.000028,0.000028,0.774531,0.002279,0.09541,0.028753,0.006838,0.062413,0.02972
ACGACTCTAGGGCCGA-1,0.00005,0.00005,0.00005,0.00005,0.00005,0.385352,0.614296,0.00005,0.00005
ACGACTGGTCATACTC-1,0.000601,0.000601,0.000601,0.000601,0.000601,0.422229,0.000601,0.573564,0.000601
ACGAGAACCCATCACG-1,0.000033,0.000033,0.4591,0.000033,0.000033,0.077588,0.000532,0.060067,0.402583
ACGAGATATTTGCTTA-1,0.000031,0.000031,0.620529,0.005999,0.001397,0.159243,0.046778,0.006725,0.159266
ACGAGGATACCACTCT-1,0.000836,0.000836,0.000836,0.000836,0.000836,0.993312,0.000836,0.000836,0.000836
ACGAGTACGGATGCCC-1,0.000023,0.018884,0.467142,0.026291,0.028619,0.022034,0.001576,0.113234,0.322198
ACGATACATAGAACTA-1,0.000063,0.000063,0.303731,0.001113,0.002402,0.179854,0.000063,0.5098,0.002912
ACGATCATACATAGAG-1,0.000038,0.0071,0.413021,0.003318,0.006383,0.023031,0.000038,0.146717,0.400355
ACGATCATCTTGTAAA-1,0.000044,0.161446,0.045939,0.065615,0.116104,0.077335,0.000044,0.300886,0.232585
ACGATGCATATGTTAT-1,0.000066,0.031626,0.243852,0.074018,0.000066,0.095009,0.002144,0.439828,0.11339
ACGCAAACTAATAGAT-1,0.000181,0.000181,0.000181,0.000181,0.048137,0.26961,0.000181,0.638352,0.042997
ACGCAATCACTACAGC-1,0.000039,0.000039,0.094317,0.057074,0.199788,0.000039,0.000039,0.22702,0.421645
ACGCATACGTTTACTA-1,0.000057,0.000057,0.000057,0.000057,0.000057,0.466586,0.52005,0.000848,0.01223
ACGCATTCGTGAGTAC-1,0.000038,0.001803,0.060681,0.074238,0.013699,0.002914,0.008907,0.233707,0.604013
ACGCCAGTGCGTTTGC-1,0.000154,0.000154,0.000154,0.000154,0.000154,0.994124,0.004795,0.000154,0.000154
ACGCGAAGTCAGACGA-1,0.000036,0.020011,0.362485,0.148022,0.026961,0.096866,0.000036,0.249737,0.095848
ACGCGCTACACAGGGT-1,0.000107,0.000107,0.000107,0.013183,0.102599,0.883575,0.000107,0.000107,0.000107
ACGCGGGCCAAGGACA-1,0.000035,0.003446,0.006287,0.081491,0.020784,0.079029,0.013655,0.199926,0.595347
ACGCTAGTGATACACT-1,0.000025,0.000172,0.049197,0.36001,0.092287,0.04231,0.000319,0.126073,0.329607
ACGCTGTGAGGCGTAG-1,0.000849,0.000849,0.000849,0.000849,0.000849,0.640236,0.000849,0.000849,0.353822
ACGGAACACGAGTGCC-1,0.000115,0.000115,0.000115,0.000115,0.000115,0.870476,0.000115,0.008657,0.120177
ACGGAATTTAGCAAAT-1,0.000098,0.000098,0.000098,0.000098,0.000098,0.725791,0.000098,0.273527,0.000098
ACGGAGCGCAAATTAC-1,0.000048,0.000048,0.171874,0.003608,0.065038,0.097983,0.042855,0.329759,0.288787
ACGGCACTTGCTTGGG-1,0.000038,0.003745,0.730112,0.005842,0.002902,0.122415,0.023168,0.096807,0.014971
ACGGCCAACATGGACT-1,0.000075,0.000075,0.005206,0.000075,0.037685,0.340855,0.000075,0.550608,0.065345
ACGGGAGTGTCGGCCC-1,0.000195,0.000195,0.000195,0.000195,0.077358,0.921274,0.000195,0.000195,0.000195
ACGGGCGTATGCGACA-1,0.000024,0.019306,0.268804,0.011758,0.001785,0.032372,0.043899,0.219769,0.402284
ACGGTACAGTTCAATG-1,0.000168,0.000168,0.000168,0.067841,0.000168,0.733263,0.000168,0.000168,0.197887
ACGTACTTTGGCACGG-1,0.000178,0.000178,0.000178,0.000178,0.000178,0.389703,0.000178,0.378033,0.231193
ACGTAGATTGCTGATG-1,0.000039,0.045235,0.391378,0.029265,0.011958,0.073343,0.067121,0.151413,0.230249
ACGTATTACTCCGATC-1,0.000079,0.000079,0.018939,0.051125,0.095253,0.377623,0.000079,0.281919,0.174904
ACGTTAATGTCGAAGA-1,0.000015,0.063785,0.001578,0.606641,0.019421,0.017206,0.002284,0.065335,0.223736
ACGTTAGATTTGCCCG-1,0.000091,0.000091,0.000091,0.346477,0.069662,0.221656,0.000091,0.292518,0.069323
ACGTTCACTATGCCGC-1,0.000338,0.000338,0.000338,0.000338,0.000338,0.997296,0.000338,0.000338,0.000338
ACGTTCGCAATCAATT-1,0.000017,0.005526,0.348656,0.070625,0.011572,0.005807,0.040882,0.009189,0.507727
ACGTTCGTTCAGGAAA-1,0.00026,0.00026,0.00026,0.00026,0.00026,0.189738,0.00026,0.751177,0.057527
ACGTTCTGTACAAGTC-1,0.000232,0.153869,0.000232,0.000232,0.000232,0.80764,0.000232,0.037098,0.000232
ACGTTGTCGTTGAAAG-1,0.000105,0.000105,0.000105,0.000105,0.000105,0.752614,0.246652,0.000105,0.000105
ACTAATACGTCAGGCG-1,0.000042,0.000042,0.221618,0.000042,0.004672,0.115939,0.000042,0.061117,0.596487
ACTACCAGCTCTCTGG-1,0.000039,0.004961,0.473334,0.017698,0.062497,0.001995,0.000039,0.294929,0.144509
ACTACCATCCGAGGGC-1,0.000335,0.000335,0.000335,0.000335,0.000335,0.992929,0.000335,0.004726,0.000335
ACTACGCGTTAGAATT-1,0.000217,0.000217,0.16973,0.000217,0.000217,0.117894,0.000217,0.711073,0.000217
ACTAGTTGCGATCGTC-1,0.000037,0.000037,0.758453,0.008248,0.000037,0.146696,0.001618,0.068221,0.016654
ACTATATGCTGTGTTC-1,0.000037,0.000037,0.267601,0.003052,0.010248,0.040948,0.027059,0.024153,0.626865
ACTATCCAGGGCATGG-1,0.000026,0.007498,0.326223,0.11416,0.011437,0.049168,0.055993,0.197393,0.238101
ACTATCTGCCCGCGTA-1,0.000059,0.000059,0.01493,0.000059,0.220402,0.202294,0.087272,0.439585,0.03534
ACTATGTCCAGCTGCC-1,0.000727,0.000727,0.000727,0.000727,0.000727,0.994186,0.000727,0.000727,0.000727
ACTATTTCCGGGCCCA-1,0.000232,0.000232,0.000232,0.000232,0.000232,0.383824,0.127621,0.316604,0.170792
ACTCAACGAATGTATT-1,0.000109,0.000109,0.079632,0.045404,0.000109,0.581412,0.000109,0.293009,0.000109
ACTCAAGTGCAAGGCT-1,0.00024,0.00024,0.00024,0.00024,0.00024,0.998083,0.00024,0.00024,0.00024
ACTCAGACCTGCTTCT-1,0.000092,0.000092,0.000092,0.000092,0.000092,0.11605,0.000092,0.383388,0.500007
ACTCCAATATCATCAT-1,0.000443,0.000443,0.313474,0.000443,0.000443,0.245246,0.000443,0.438623,0.000443
ACTCCCATTCCTAAAG-1,0.000386,0.000386,0.000386,0.000386,0.000386,0.996912,0.000386,0.000386,0.000386
ACTCCCGAATTCGTTT-1,0.000017,0.057134,0.383342,0.093384,0.122663,0.012524,0.000017,0.104054,0.226865
ACTCCGGCCGACCACT-1,0.000322,0.000322,0.000322,0.000322,0.000322,0.997422,0.000322,0.000322,0.000322
ACTCGCGATCTGACGC-1,0.000007,0.020869,0.061875,0.833173,0.015403,0.005801,0.005057,0.011571,0.046244
ACTCGTAACCCGTCCT-1,0.000311,0.000311,0.000311,0.000311,0.000311,0.997515,0.000311,0.000311,0.000311
ACTCTCTTATACACGA-1,0.000063,0.000063,0.419435,0.000063,0.000063,0.424381,0.000063,0.12089,0.034981
ACTCTGACCTAATAGA-1,0.000241,0.000241,0.000241,0.000241,0.000241,0.845386,0.000241,0.152929,0.000241
ACTGAAACGCCGTTAG-1,0.000063,0.000063,0.188932,0.000063,0.110765,0.151676,0.47137,0.060434,0.016633
ACTGAATGGCGAAAGT-1,0.000152,0.000152,0.000152,0.000152,0.000152,0.998782,0.000152,0.000152,0.000152
ACTGCCCGCCATTCTC-1,0.000783,0.000783,0.000783,0.000783,0.000783,0.452812,0.000783,0.541707,0.000783
ACTGCGGACACACCGT-1,0.000033,0.011312,0.000033,0.241633,0.000037,0.029445,0.019394,0.191148,0.506965
ACTGTACGATACACAT-1,0.000087,0.013715,0.136252,0.113886,0.00368,0.205679,0.265927,0.239642,0.021133
ACTGTAGCACTTTGGA-1,0.000009,0.000972,0.322064,0.061139,0.47883,0.001336,0.031307,0.000015,0.104328
ACTGTATACGCGAGCA-1,0.000017,0.000017,0.595742,0.001226,0.011802,0.000017,0.002301,0.009698,0.37918
ACTGTCCAGGATTATA-1,0.000026,0.008858,0.004611,0.050693,0.011927,0.002278,0.477457,0.132298,0.311852
ACTGTCTTCTTTAGAA-1,0.00004,0.00004,0.044179,0.008331,0.005076,0.069829,0.025254,0.186202,0.661048
ACTGTGCTAGTAGATC-1,0.000048,0.000048,0.300765,0.000048,0.00484,0.092687,0.01006,0.14284,0.448665
ACTTACCGGGCGCGCA-1,0.000013,0.000013,0.726769,0.001498,0.006935,0.000013,0.000013,0.022729,0.242014
ACTTAGTACGACAAGA-1,0.000053,0.000053,0.004847,0.019518,0.000053,0.104539,0.000053,0.509119,0.361764
ACTTATACTTACCCGG-1,0.000075,0.000075,0.279031,0.035244,0.051837,0.22197,0.115597,0.222916,0.073255
ACTTATTAGGATCGGT-1,0.000053,0.000053,0.002388,0.186762,0.042234,0.041994,0.00431,0.30765,0.414557
ACTTATTTATGTGCCA-1,0.000183,0.000183,0.000183,0.000183,0.000183,0.915316,0.0834,0.000183,0.000183
ACTTCAGGCTGATCCC-1,0.000401,0.000401,0.000401,0.131587,0.181084,0.68492,0.000401,0.000401,0.000401
ACTTGGGACCCGGTGG-1,0.000044,0.000044,0.023475,0.028718,0.028112,0.002958,0.006576,0.613829,0.296244
ACTTGTGGATGGAACG-1,0.000091,0.000091,0.000091,0.000091,0.000091,0.688456,0.000091,0.088372,0.222624
ACTTTACCCTCATGAA-1,0.000018,0.011016,0.329596,0.04673,0.01262,0.014474,0.001119,0.204519,0.379907
ACTTTCCTATAGCTTC-1,0.000057,0.000057,0.073253,0.014713,0.000057,0.049648,0.000057,0.199598,0.66256
ACTTTGTCGACGCACT-1,0.000102,0.000103,0.04098,0.111553,0.026949,0.124549,0.015842,0.570698,0.109224
AGAAATTATGACTCGC-1,0.000063,0.000063,0.000063,0.005919,0.217555,0.297484,0.000127,0.395981,0.082746
AGAACCCAGCGTGACA-1,0.000008,0.004315,0.01982,0.769686,0.006194,0.007765,0.0021,0.020606,0.169505
AGAACTGTACTTTGTA-1,0.000049,0.000049,0.479717,0.012065,0.064015,0.205428,0.000049,0.021484,0.217143
AGAAGAGCGCCGTTCC-1,0.000522,0.000522,0.000522,0.042534,0.000522,0.314547,0.000522,0.127742,0.512566
AGAAGGTTGCCGAATT-1,0.000011,0.000011,0.850574,0.035425,0.113938,0.000011,0.000011,0.000011,0.000011
AGAAGTGATTCGTGAT-1,0.000103,0.000103,0.155197,0.061799,0.049797,0.73269,0.000103,0.000103,0.000103
AGAATACAGGCTATCC-1,0.000082,0.000082,0.000082,0.000082,0.000082,0.846998,0.057154,0.000082,0.095356
AGAATGCGGGTTCGGA-1,0.00011,0.00011,0.00011,0.07512,0.00011,0.103663,0.00011,0.165534,0.65513
AGAATTATGGATTCGA-1,0.000049,0.000049,0.047181,0.084043,0.145385,0.12352,0.000049,0.317052,0.282671
AGAATTGTTTGACATA-1,0.000193,0.000193,0.000193,0.000193,0.000193,0.997598,0.000193,0.001051,0.000193
AGACAGGCATCTCAGC-1,0.000061,0.038852,0.078175,0.011256,0.005754,0.429004,0.072129,0.120871,0.243898
AGACCATGGGATACAA-1,0.000085,0.000085,0.001916,0.000085,0.065645,0.165747,0.000085,0.755416,0.010936
AGACCCACCGCTGATC-1,0.000118,0.012952,0.248321,0.044977,0.043112,0.316336,0.000118,0.227789,0.106278
AGACCCGCCCTCCTCG-1,0.000034,0.000034,0.146952,0.065317,0.022543,0.034112,0.010744,0.20493,0.515334
AGACCGCTCCGCGGTT-1,0.000034,0.000034,0.031975,0.021411,0.779422,0.039396,0.000034,0.125483,0.002212
AGACCGGGAAACCCTG-1,0.000184,0.000184,0.062018,0.000184,0.000184,0.501567,0.000184,0.435311,0.000184
AGACGAAGTGCCGGTC-1,0.000082,0.000082,0.077336,0.025255,0.010356,0.781662,0.069234,0.024646,0.011346
AGACGACGATGCCGCT-1,0.000085,0.000085,0.000085,0.000085,0.000085,0.999321,0.000085,0.000085,0.000085
AGACGCCCACTTCGCC-1,0.000025,0.000025,0.519331,0.012775,0.041737,0.253362,0.000025,0.009014,0.163707
AGACGGGCCGATTTAA-1,0.000072,0.000072,0.073744,0.000072,0.000072,0.784842,0.140979,0.000072,0.000072
AGACTAGCCTTCCAGA-1,0.000035,0.007629,0.019245,0.039281,0.001699,0.056385,0.045244,0.336247,0.494235
AGACTGTTACCGGGTC-1,0.000051,0.008974,0.815065,0.000051,0.000051,0.013856,0.000051,0.150835,0.011065
AGAGAAACACCAGAAA-1,0.000138,0.000138,0.000138,0.000138,0.000138,0.839374,0.000138,0.159662,0.000138
AGAGAACCGTCTAGGA-1,0.000053,0.000053,0.160105,0.00199,0.000053,0.109242,0.213718,0.402263,0.112524
AGAGAAGGAGTACAAT-1,0.000686,0.000686,0.25046,0.000686,0.000686,0.452989,0.000686,0.168572,0.124547
AGAGATCTCTAAAGCG-1,0.000159,0.000159,0.059066,0.000159,0.000159,0.832343,0.000159,0.051541,0.056256
AGAGCAGTTATGAGAC-1,0.000094,0.000094,0.109571,0.000094,0.000094,0.319214,0.017602,0.41405,0.139187
AGAGCCGCCGAGATTT-1,0.000059,0.000059,0.3633,0.010538,0.029441,0.260921,0.040252,0.18746,0.107969
AGAGCGTACAAGCTCG-1,0.000076,0.000076,0.000076,0.000076,0.000076,0.39509,0.000999,0.396014,0.207519
AGAGGCTTCGGAAACC-1,0.00009,0.00009,0.052197,0.00009,0.148675,0.393291,0.024243,0.356906,0.024417
AGAGTAAACTTCACTA-1,0.000049,0.000049,0.150125,0.070951,0.052264,0.185879,0.260645,0.239929,0.040108
AGATAACTTCAGGGCC-1,0.000008,0.050932,0.184979,0.67996,0.04219,0.000008,0.000008,0.026164,0.01575
AGATACCAATAGAACC-1,0.000096,0.000096,0.000096,0.000096,0.000096,0.375214,0.000096,0.613951,0.010257
AGATACCGGTGTTCAC-1,0.000066,0.000066,0.482225,0.030756,0.012166,0.101057,0.057805,0.115815,0.200044
AGATACGACTTCATAT-1,0.00005,0.00005,0.088909,0.00005,0.025411,0.035206,0.00005,0.313634,0.536637
AGATACTCAAGATCGA-1,0.000086,0.000086,0.12487,0.000086,0.094778,0.592896,0.000086,0.187026,0.000086
AGATCGTGCATAAGAT-1,0.000027,0.001272,0.257136,0.016044,0.141339,0.062369,0.005557,0.118518,0.397739
AGATGACTCGCCCACG-1,0.000067,0.000067,0.074558,0.059532,0.032402,0.127263,0.000067,0.234664,0.471378
AGATGAGGGTTGCGAT-1,0.000037,0.000037,0.007891,0.02153,0.006731,0.067592,0.000476,0.057979,0.837729
AGATGATGGAGTCTGG-1,0.000025,0.180379,0.116217,0.319559,0.024071,0.055542,0.001455,0.133787,0.168965
AGATGCAAGACGTGCA-1,0.000621,0.000621,0.000621,0.000621,0.000621,0.768145,0.227507,0.000621,0.000621
AGATTATAGGACGTTT-1,0.00003,0.002997,0.124694,0.217619,0.086138,0.034103,0.082043,0.136041,0.316336
AGCAACATATCTTATT-1,0.000078,0.000078,0.068117,0.027777,0.000078,0.473006,0.017059,0.273062,0.140744
AGCAACCGAAAGTAAT-1,0.000628,0.000628,0.000628,0.000628,0.000628,0.697898,0.000628,0.297705,0.000628
AGCACACGTTTAGACT-1,0.001444,0.001444,0.001444,0.001444,0.001444,0.988448,0.001444,0.001444,0.001444
AGCACCAGTACTCACG-1,0.000056,0.000056,0.000056,0.000056,0.000056,0.222902,0.018879,0.307381,0.45056
AGCACTACCGGCCTGT-1,0.000128,0.000128,0.125058,0.000128,0.16376,0.149992,0.000128,0.42904,0.131637
AGCACTTAAGGACGCC-1,0.000087,0.000087,0.000087,0.000087,0.000087,0.217772,0.000365,0.752553,0.028874
AGCAGCCAGATGAATA-1,0.000159,0.032517,0.006409,0.019666,0.000159,0.217402,0.000159,0.675145,0.048383
AGCATATCAATATGCT-1,0.00012,0.00012,0.00012,0.00012,0.107379,0.775147,0.023381,0.030583,0.063032
AGCATCATTTCGAAAG-1,0.000722,0.000722,0.000722,0.000722,0.000722,0.994225,0.000722,0.000722,0.000722
AGCATCGTCGATAATT-1,0.000041,0.002542,0.202221,0.00291,0.098239,0.026003,0.145346,0.144365,0.378333
AGCATTACGAGGCAAG-1,0.000136,0.000136,0.000136,0.083421,0.000136,0.55369,0.000136,0.323627,0.03858
AGCCACAGGTTACCCG-1,0.000188,0.000188,0.000188,0.000188,0.000188,0.19899,0.137999,0.436566,0.225506
AGCCACTCCCGTGCTT-1,0.000035,0.007666,0.477375,0.211711,0.037496,0.226695,0.011404,0.023665,0.003952
AGCCCATACATGTAAG-1,0.000117,0.000117,0.000117,0.000117,0.000117,0.592229,0.000117,0.157088,0.24998
AGCCCGGCATTAGAGG-1,0.000591,0.000591,0.108298,0.000591,0.000591,0.07145,0.000591,0.41276,0.404536
AGCCCGGTAGCCTGTA-1,0.000084,0.000084,0.340999,0.036629,0.0547,0.000084,0.019505,0.460783,0.087132
AGCCCTCCCTGGTGGC-1,0.000601,0.000601,0.269299,0.000601,0.000601,0.000601,0.000601,0.726494,0.000601
AGCCCTGTCGCACCGT-1,0.000007,0.003199,0.017718,0.801927,0.025877,0.000274,0.011791,0.003078,0.136129
AGCCCTTCTAATCCGA-1,0.000029,0.000029,0.553184,0.000029,0.000029,0.000029,0.000029,0.257955,0.188685
AGCCCTTGGACATCCC-1,0.000084,0.000084,0.183374,0.032963,0.000084,0.147924,0.03735,0.434254,0.163882
AGCCGTGGCTAAATGT-1,0.000138,0.000138,0.000138,0.000138,0.000138,0.692453,0.306584,0.000138,0.000138
AGCCTAATACCCACGT-1,0.00051,0.00051,0.07273,0.00051,0.034184,0.292347,0.00051,0.00051,0.598188
AGCCTTAAAGCGGAAG-1,0.000138,0.000138,0.177081,0.000138,0.193058,0.217774,0.000138,0.000138,0.411397
AGCGACAGGAACGGTC-1,0.000063,0.000064,0.343004,0.000064,0.058179,0.432978,0.000064,0.163654,0.001932
