Barcode,Topic 1to4,Topic 5,Topic 6to7,Topic 8,Topic 9
AAACAACGAATAGTTC-1,0.005629,0.988743,0.002815,0.001407,0.001406
AAACAAGTATCTCCCA-1,0.394902,0.365149,0.239835,0.000057,0.000057
AAACAATCTACTAGCA-1,0.356608,0.64295,0.000221,0.00011,0.00011
AAACACCAATAACTGC-1,0.017156,0.982245,0.0003,0.00015,0.00015
AAACAGAGCGACTCCT-1,0.654184,0.345573,0.000122,0.000061,0.000061
AAACAGGGTCTATATT-1,0.286509,0.529812,0.183556,0.000062,0.000061
AAACATTTCCCGGATT-1,0.018164,0.292826,0.688838,0.000087,0.000087
AAACCACTACACAGAT-1,0.266438,0.428564,0.304648,0.000175,0.000175
AAACCGGGTAGGTACC-1,0.276645,0.443274,0.279961,0.00006,0.00006
AAACCGTTCGTCCAGG-1,0.00035,0.621117,0.378358,0.000088,0.000088
AAACCTAAGCAGCCGG-1,0.003046,0.578313,0.417119,0.000761,0.000761
AAACGAAGAACATACC-1,0.002293,0.995416,0.001146,0.000573,0.000573
AAACGCCCGAGATCGG-1,0.000477,0.843908,0.155376,0.000119,0.000119
AAACGGGCGTACGGGT-1,0.000965,0.638499,0.360054,0.000241,0.000241
AAACGGGTTGGTATCC-1,0.002907,0.679379,0.316262,0.000726,0.000726
AAACGGTTGCGAACTG-1,0.072344,0.923067,0.004382,0.000104,0.000104
AAACTAACGTGGCGAC-1,0.000305,0.373223,0.626319,0.000076,0.000076
AAACTCGGTTCGCAAT-1,0.000465,0.086281,0.913022,0.000116,0.000116
AAACTGCTGGCTCCAA-1,0.385111,0.286704,0.328051,0.000066,0.000066
AAACTTGCAAACGTAT-1,0.673038,0.194755,0.132148,0.00003,0.00003
AAAGACATGAAGTTTA-1,0.015886,0.457921,0.518254,0.00397,0.003968
AAAGACCCAAGTCGCG-1,0.509278,0.489685,0.000518,0.000259,0.000259
AAAGGCTACGGACCAT-1,0.000484,0.859699,0.139575,0.000121,0.000121
AAAGGCTCTCGCGCCG-1,0.747263,0.230962,0.021726,0.000025,0.000025
AAAGGGATGTAGCAAG-1,0.36185,0.516637,0.121321,0.000096,0.000096
AAAGGGCAGCTTGAAT-1,0.333806,0.406158,0.259926,0.000055,0.000055
AAAGGTAAGCTGTACC-1,0.000279,0.420872,0.57871,0.00007,0.00007
AAAGGTCAACGACATG-1,0.077107,0.92059,0.001152,0.000576,0.000576
AAAGTAGCATTGCTCA-1,0.249677,0.080175,0.670019,0.000065,0.000065
AAAGTCACTGATGTAA-1,0.514282,0.377006,0.10829,0.000211,0.000211
AAAGTGTGATTTATCT-1,0.000415,0.27873,0.720648,0.000104,0.000104
AAAGTTGACTCCCGTA-1,0.329278,0.250504,0.420027,0.000096,0.000096
AAATAACCATACGGGA-1,0.000828,0.948411,0.050347,0.000207,0.000207
AAATACCTATAAGCAT-1,0.464933,0.346018,0.188918,0.000065,0.000065
AAATAGGGTGCTATTG-1,0.295302,0.419328,0.285082,0.000144,0.000144
AAATCCGATACACGCC-1,0.001534,0.694986,0.302714,0.000383,0.000383
AAATCGTGTACCACAA-1,0.308645,0.598632,0.092559,0.000082,0.000082
AAATCTAGCCCTGCTA-1,0.600323,0.147573,0.252009,0.000047,0.000047
AAATGCTCGTTACGTT-1,0.701917,0.185729,0.112302,0.000026,0.000026
AAATGGCATGTCTTGT-1,0.546613,0.345482,0.10781,0.000048,0.000048
AAATGGCCCGTGCCCT-1,0.000436,0.617717,0.38163,0.000109,0.000109
AAATGTGGGTGCTCCT-1,0.36826,0.625732,0.003005,0.001502,0.001502
AAATTACACGACTCTG-1,0.000948,0.942777,0.055801,0.000237,0.000237
AAATTGATAGTCCTTT-1,0.000688,0.780813,0.218155,0.000172,0.000172
AAATTGCGGCGGTTCT-1,0.129799,0.731175,0.138881,0.000072,0.000072
AAATTTACCGAAATCC-1,0.002763,0.809114,0.186743,0.00069,0.00069
AAATTTGCGGGTGTGG-1,0.227011,0.507043,0.265607,0.000169,0.000169
AACAACTGGTAGTTGC-1,0.259898,0.171538,0.568439,0.000063,0.000062
AACAATACATTGTCGA-1,0.050455,0.794552,0.154713,0.00014,0.00014
AACACACGCTCGCCGC-1,0.638733,0.192317,0.168861,0.000044,0.000044
AACACGACTGTACTGA-1,0.000508,0.832333,0.166906,0.000127,0.000127
AACACGAGACGCGGCC-1,0.552138,0.227855,0.219931,0.000038,0.000038
AACACGCGGCCGCGAA-1,0.000298,0.999403,0.000149,0.000075,0.000075
AACAGCTGTGTGGCAA-1,0.000588,0.847488,0.15163,0.000147,0.000147
AACAGGAAATCGAATA-1,0.861526,0.138119,0.000177,0.000089,0.000089
AACAGGATGGGCCGCG-1,0.544257,0.407178,0.047225,0.000669,0.000669
AACAGGTAGTATGGAT-1,0.298534,0.320954,0.380227,0.000143,0.000143
AACATTGGTCAGCCGT-1,0.001056,0.997888,0.000528,0.000264,0.000264
AACATTGTGACTCGAG-1,0.21509,0.623352,0.161146,0.000206,0.000206
AACCAGTATCACTCTT-1,0.003706,0.690414,0.304027,0.000926,0.000926
AACCATGGGATCGCTA-1,0.789107,0.180794,0.03006,0.00002,0.00002
AACCCAGAGACGGAGA-1,0.800133,0.196252,0.003575,0.00002,0.00002
AACCCATCCCATGATC-1,0.045427,0.903574,0.05078,0.000109,0.000109
AACCCGACAACCCGTG-1,0.00203,0.99594,0.001015,0.000507,0.000507
AACCCGAGCAGAATCG-1,0.576329,0.12114,0.302347,0.000092,0.000092
AACCCTACTGTCAATA-1,0.076061,0.494027,0.429659,0.000126,0.000126
AACCCTGGTGGAACCA-1,0.678053,0.027063,0.294832,0.000026,0.000026
AACCGAGCTTGGTCAT-1,0.196302,0.560147,0.243243,0.000154,0.000154
AACCGCTAAGGGATGC-1,0.000431,0.468565,0.530788,0.000108,0.000108
AACCGTTGTGTTTGCT-1,0.073946,0.812958,0.112749,0.000173,0.000173
AACCTAAAGCCGTCCG-1,0.279075,0.401725,0.31203,0.003585,0.003584
AACCTCGCTTTAGCCC-1,0.544347,0.390996,0.064131,0.000263,0.000263
AACCTTTAAATACGGT-1,0.086959,0.480931,0.431967,0.000071,0.000071
AACCTTTACGACGTCT-1,0.000867,0.600487,0.398213,0.000217,0.000217
AACGAAAGTCGTCCCA-1,0.193664,0.659873,0.145908,0.000277,0.000277
AACGATAATGCCGTAG-1,0.35298,0.488202,0.158646,0.000086,0.000086
AACGATAGAAGGGCCG-1,0.224925,0.308827,0.466083,0.000082,0.000082
AACGATATGTCAACTG-1,0.700637,0.18746,0.111749,0.000077,0.000077
AACGCATGATCTGGGT-1,0.375226,0.21363,0.411065,0.000039,0.000039
AACGCGAACGGCAACA-1,0.16057,0.761096,0.078218,0.000058,0.000058
AACGCGACCTTGGGCG-1,0.000542,0.998916,0.000271,0.000136,0.000136
AACGCGGTCTCCAGCC-1,0.051502,0.656441,0.291725,0.000166,0.000166
AACGCTGTTGCTGAAA-1,0.884194,0.058771,0.05697,0.000033,0.000033
AACGGACGTACGTATA-1,0.29265,0.438545,0.268662,0.000071,0.000071
AACGGCCATCTCCGGT-1,0.464669,0.172479,0.362775,0.000038,0.000038
AACGTACTGTGGGTAC-1,0.21001,0.581292,0.20848,0.000109,0.000109
AACGTAGTCTACCCAT-1,0.265126,0.405116,0.326672,0.001543,0.001543
AACGTCAGACTAGTGG-1,0.062509,0.219009,0.718333,0.000074,0.000074
AACGTGATGAAGGACA-1,0.00171,0.651892,0.345543,0.000427,0.000427
AACTAGCGTATCGCAC-1,0.0039,0.9922,0.00195,0.000975,0.000975
AACTAGGCTTGGGTGT-1,0.039362,0.527072,0.433317,0.000125,0.000125
AACTCAAGTTAATTGC-1,0.189717,0.257749,0.552423,0.000056,0.000056
AACTCCAGAGCGTGTT-1,0.000472,0.765004,0.234288,0.000118,0.000118
AACTCCTAATCCCATG-1,0.557545,0.442186,0.000134,0.000067,0.000067
AACTCGATAAACACGT-1,0.34054,0.659312,0.000074,0.000037,0.000037
AACTCGATGGCGCAGT-1,0.942324,0.055083,0.002574,0.000009,0.000009
AACTCTCAGTGTGCTC-1,0.170126,0.599304,0.230374,0.000098,0.000098
AACTGAGGTCAGCGTC-1,0.000849,0.604775,0.393952,0.000212,0.000212
AACTGATATTAGGCCT-1,0.037099,0.957954,0.004626,0.00016,0.00016
AACTGGGTCCCGACGT-1,0.524222,0.448743,0.026924,0.000056,0.000056
AACTGGGTTCGAGCCG-1,0.010345,0.619981,0.364505,0.002585,0.002584
AACTGGTGTGGGCCTT-1,0.004731,0.990538,0.002366,0.001182,0.001182
AACTTCTGCGTCTATC-1,0.473909,0.363538,0.162457,0.000048,0.000048
AACTTGCGTTCTCGCG-1,0.946654,0.003033,0.050296,0.000009,0.000009
AACTTTAGCTGCTGAG-1,0.543347,0.455418,0.000618,0.000309,0.000309
AAGAAGGATCAGTTAG-1,0.918024,0.067992,0.013968,0.000008,0.000008
AAGACATACGTGGTTT-1,0.397854,0.300464,0.300397,0.000642,0.000642
AAGACCAAATAACTCA-1,0.134267,0.695157,0.170112,0.000232,0.000232
AAGACCCAACTGAACA-1,0.000451,0.912437,0.086886,0.000113,0.000113
AAGACTAACCCGTTGT-1,0.089896,0.645728,0.264281,0.000047,0.000047
AAGACTCACGCCCACT-1,0.154881,0.836569,0.004277,0.002137,0.002137
AAGAGATGAATCGGTA-1,0.381891,0.261327,0.356615,0.000084,0.000084
AAGAGGATGTACGCGA-1,0.52221,0.192626,0.285085,0.000039,0.000039
AAGAGGCATGGATCGC-1,0.159159,0.417766,0.422776,0.00015,0.00015
AAGAGGCCCTTTGGAA-1,0.227824,0.170528,0.600986,0.000331,0.000331
AAGATGGCACCGGACC-1,0.000536,0.95798,0.041216,0.000134,0.000134
AAGATTGGCGGAACGT-1,0.402211,0.356462,0.240958,0.000185,0.000185
AAGCACCCTGCGTATC-1,0.070795,0.788812,0.140047,0.000173,0.000173
AAGCATACTCTCCTGA-1,0.000575,0.798331,0.200807,0.000144,0.000144
AAGCCGAAGCGGTTTA-1,0.414708,0.233107,0.352094,0.000045,0.000045
AAGCGCAGGGCTTTGA-1,0.000923,0.998155,0.000461,0.000231,0.000231
AAGCGGCGTCATGGGT-1,0.000335,0.281618,0.717879,0.000084,0.000084
AAGCGTCCCTCATCGA-1,0.656093,0.145462,0.198375,0.000035,0.000035
AAGCTAGATCGAGTAA-1,0.38131,0.45583,0.162635,0.000113,0.000113
AAGCTCTTTCATGGTG-1,0.309593,0.546488,0.142308,0.000805,0.000805
AAGGAGAACTTATAAG-1,0.00556,0.988883,0.002779,0.001389,0.001389
AAGGAGCGGTTGGTGC-1,0.000476,0.250286,0.749,0.000119,0.000119
AAGGCGCGTAAAGCTT-1,0.093231,0.367345,0.539288,0.000068,0.000068
AAGGCTGTGCTCATCG-1,0.0573,0.466271,0.476062,0.000183,0.000183
AAGGGACAGATTCTGT-1,0.382722,0.405898,0.210989,0.000195,0.000195
AAGGGACTATGCATTC-1,0.223366,0.43841,0.337891,0.000167,0.000167
AAGGTATCCTAATATA-1,0.001132,0.5103,0.488003,0.000283,0.000283
AAGGTGATAAACCAGC-1,0.1544,0.448851,0.396579,0.000085,0.000085
AAGTAAGCTTCCAAAC-1,0.399359,0.588289,0.006178,0.003088,0.003086
AAGTAGAAGACCGGGT-1,0.29475,0.465433,0.239664,0.000077,0.000077
AAGTCAATTGTCGTCA-1,0.531283,0.042075,0.426566,0.000038,0.000038
AAGTGACGACCGAATT-1,0.532131,0.116109,0.351687,0.000036,0.000036
AAGTGAGTCGGGTTTA-1,0.075144,0.543772,0.380233,0.000426,0.000426
AAGTGCCTTGACTGTA-1,0.000245,0.042061,0.957573,0.000061,0.000061
AAGTGCGTTAGAATCT-1,0.470657,0.223883,0.305311,0.000074,0.000074
AAGTGTTTGGAGACGG-1,0.206924,0.487979,0.304688,0.000205,0.000205
AAGTTCACTCCAAGCT-1,0.09432,0.756492,0.148653,0.000268,0.000268
AAGTTCAGTCTGCGTA-1,0.209093,0.218882,0.571875,0.000075,0.000075
AAGTTCGGCCAACAGG-1,0.076216,0.689778,0.233855,0.000075,0.000075
AAGTTGTGATGTTATA-1,0.002353,0.348086,0.648385,0.000588,0.000588
AAGTTTACTAATGGCA-1,0.003447,0.993106,0.001724,0.000861,0.000861
AAGTTTATGGGCCCAA-1,0.074793,0.689274,0.234595,0.000669,0.000669
AATAACAACGCTCGGC-1,0.393978,0.152909,0.453013,0.00005,0.00005
AATAACACTAGAACAA-1,0.04671,0.285121,0.668066,0.000051,0.000051
AATAAGTCCTCGAGAC-1,0.366758,0.632602,0.00032,0.00016,0.00016
AATACAATGTTTCAGG-1,0.116326,0.482349,0.401192,0.000066,0.000066
AATACCGGAGGGCTGT-1,0.250851,0.44444,0.30447,0.00012,0.000119
AATAGAACAGAGTGGC-1,0.092968,0.590548,0.316286,0.000099,0.000099
AATAGAATCTGTTTCA-1,0.149864,0.611928,0.237938,0.000135,0.000135
AATAGCAAGCCTCCTG-1,0.000565,0.610556,0.388597,0.000141,0.000141
AATAGTCCGTCCCGAC-1,0.00042,0.825977,0.173393,0.000105,0.000105
AATATCAAGGTCGGAT-1,0.549505,0.450302,0.000097,0.000048,0.000048
AATATCGAATCAATGC-1,0.313038,0.291044,0.395759,0.00008,0.00008
AATCAGACTGCAGGAC-1,0.054431,0.627342,0.318125,0.000051,0.000051
AATCATGTAAAGACTC-1,0.815777,0.074447,0.109726,0.000025,0.000025
AATCCAAGGGCCTGAG-1,0.544466,0.366422,0.088872,0.00012,0.00012
AATCCATGCAAGGGTG-1,0.152738,0.846883,0.000189,0.000095,0.000095
AATCGCCTCAGCGCCA-1,0.000347,0.096321,0.903158,0.000087,0.000087
AATCGGGACACTACGA-1,0.495112,0.38852,0.116128,0.00012,0.00012
AATCGTGAGCCGAGCA-1,0.068172,0.930105,0.000862,0.000431,0.000431
AATCTAGGTTTACTTG-1,0.000502,0.366811,0.632436,0.000125,0.000125
AATCTGGCTTTCTAGT-1,0.034603,0.063435,0.901786,0.000088,0.000088
AATCTGGGTAGACCCT-1,0.008894,0.870938,0.115722,0.002224,0.002222
AATGACAGCAATGTCT-1,0.000198,0.000049,0.999654,0.000049,0.000049
AATGACGTAGGATGTC-1,0.004969,0.55861,0.436141,0.00014,0.00014
AATGACTGTCAGCCGG-1,0.447798,0.256812,0.295257,0.000067,0.000067
AATGAGTTCGCATATG-1,0.985734,0.009777,0.004474,0.000007,0.000007
AATGATGATACGCTAT-1,0.942321,0.000028,0.057594,0.000028,0.000028
AATGATGCGACTCCTG-1,0.329103,0.360625,0.309959,0.000157,0.000157
AATGCAACCGGGTACC-1,0.185216,0.552722,0.261827,0.000117,0.000117
AATGCACCAAGCAATG-1,0.714531,0.195267,0.09011,0.000046,0.000046
AATGGTTCTCACAAGC-1,0.284477,0.496412,0.218929,0.000092,0.000092
AATGTGCCCGAGGTGT-1,0.753875,0.092871,0.153165,0.000044,0.000044
AATGTGCTAATCTGAG-1,0.003557,0.992885,0.001779,0.000889,0.000889
AATGTTGTCGTGAGAC-1,0.00205,0.109798,0.887128,0.000512,0.000512
AATTAAAGGTCGGCGT-1,0.215422,0.492181,0.29216,0.000119,0.000119
AATTAACGGATTTCCA-1,0.042186,0.957147,0.000333,0.000167,0.000167
AATTACTCGTACGCTC-1,0.194893,0.567867,0.236838,0.000201,0.000201
AATTAGCGCTGCAGCG-1,0.213395,0.59836,0.187822,0.000212,0.000212
AATTCATAAGGGATCT-1,0.496918,0.301577,0.201311,0.000097,0.000097
AATTCCAACTTGGTGA-1,0.546244,0.453553,0.000101,0.000051,0.000051
AATTCCAAGCATGTAC-1,0.088632,0.860978,0.050113,0.000138,0.000138
AATTCGATTCGAGGAT-1,0.00086,0.869409,0.1293,0.000215,0.000215
AATTCTAGAGTTAGGC-1,0.357216,0.642151,0.000317,0.000158,0.000158
AATTGAACGCTCTGGT-1,0.039534,0.541361,0.418852,0.000126,0.000126
AATTGCAGCAATCGAC-1,0.000643,0.194737,0.804299,0.000161,0.000161
AATTGTGGTTGCCAAA-1,0.280156,0.195507,0.523789,0.000274,0.000274
AATTTGGGACATAGTA-1,0.00081,0.594434,0.404351,0.000202,0.000202
AATTTGGTTCCAAAGA-1,0.090495,0.451784,0.457577,0.000072,0.000072
ACAAACCGACAAGGCG-1,0.426919,0.5572,0.007944,0.003969,0.003968
ACAAAGCATGACCTAG-1,0.00062,0.897298,0.101772,0.000155,0.000155
ACAAATCGCACCGAAT-1,0.89498,0.033662,0.071313,0.000022,0.000022
ACAAATGGTAGTGTTT-1,0.020773,0.411712,0.567282,0.000117,0.000117
ACAAATTCAGATCTGA-1,0.000304,0.514933,0.484612,0.000076,0.000076
ACAACGGTCCCTGCGA-1,0.321541,0.332158,0.346198,0.000051,0.000051
ACAAGCAGTGCCTAGC-1,0.582342,0.311562,0.105491,0.000303,0.000303
ACAAGGAAATCCGCCC-1,0.511377,0.254363,0.234146,0.000057,0.000057
ACAAGGACAAGAGGTT-1,0.164088,0.476022,0.359574,0.000159,0.000159
ACAAGGATGCTTTAGG-1,0.000765,0.76311,0.235742,0.000191,0.000191
ACAAGGCCTACCAGCC-1,0.001744,0.615989,0.381396,0.000436,0.000436
ACAAGGGCAGGCTCTG-1,0.244599,0.406622,0.34861,0.000084,0.000084
ACAATAGTCGTACGTT-1,0.693919,0.163565,0.142441,0.000038,0.000037
ACAATCCATTTAAACC-1,0.251758,0.29949,0.448566,0.000093,0.000093
ACAATCGATCTTTATA-1,0.006093,0.987816,0.003046,0.001522,0.001522
ACAATGAATACGGAGA-1,0.09778,0.532091,0.370001,0.000064,0.000064
ACAATGATTCTTCTAC-1,0.079029,0.187405,0.733154,0.000206,0.000206
ACAATTGTGTCTCTTT-1,0.742688,0.140285,0.116956,0.000036,0.000036
ACACAAAGACGGGTGG-1,0.32554,0.486564,0.187723,0.000086,0.000086
ACACACCAGGACCAGT-1,0.352501,0.219522,0.427852,0.000062,0.000062
ACACACTTTCTACACG-1,0.380619,0.618344,0.000518,0.000259,0.000259
ACACATGATCAAATCT-1,0.049424,0.232659,0.693224,0.012347,0.012346
ACACATTGACGCAACA-1,0.002985,0.994031,0.001492,0.000746,0.000746
ACACCCAGCATGCAGC-1,0.269011,0.424772,0.30599,0.000114,0.000114
ACACCCGAGAAATCCG-1,0.206929,0.708421,0.0845,0.000075,0.000075
ACACCTTAAGTAGGGC-1,0.081978,0.011924,0.905992,0.000053,0.000053
ACACGGCACTATGCAT-1,0.000487,0.933351,0.065918,0.000122,0.000122
ACACGGGAACTTAGGG-1,0.073863,0.539429,0.386402,0.000153,0.000153
ACACGTAGGCCACAAG-1,0.542356,0.130856,0.326233,0.000278,0.000278
ACACTCCAATGTCACT-1,0.713706,0.139462,0.146788,0.000022,0.000022
ACACTGATCAAGGTGT-1,0.026865,0.631207,0.341662,0.000133,0.000133
ACACTGGGACAGTCGT-1,0.448972,0.098421,0.451164,0.000722,0.000722
ACAGAACTGAGAACAA-1,0.003741,0.539336,0.456764,0.000079,0.000079
ACAGATTAGGTTAGTG-1,0.005559,0.83546,0.156203,0.001389,0.001389
ACAGCATAGAGCCAGT-1,0.007265,0.114814,0.877777,0.000072,0.000072
ACAGCGACATTCTCAT-1,0.099808,0.447047,0.452845,0.00015,0.00015
ACAGCGCACCCGCAGC-1,0.391793,0.388531,0.219547,0.000065,0.000064
ACAGGAGGCGCAGCCG-1,0.016471,0.390018,0.585279,0.004116,0.004115
ACAGGCACGGATCCTT-1,0.111814,0.284635,0.603062,0.000244,0.000244
ACAGGCTTGCCCGACT-1,0.851041,0.059512,0.089351,0.000048,0.000048
ACAGGTGGAGGTGAGG-1,0.000497,0.799393,0.199862,0.000124,0.000124
ACAGTAATACAACTTG-1,0.200555,0.527903,0.271366,0.000088,0.000088
ACAGTGCAGCGCATTT-1,0.377532,0.409986,0.211749,0.000367,0.000367
ACATAAGTCGTGGTGA-1,0.562744,0.399769,0.037063,0.000212,0.000212
ACATAATAAGGCGGTG-1,0.400446,0.594644,0.004724,0.000093,0.000093
ACATCCCGGCCATACG-1,0.392385,0.352269,0.25522,0.000063,0.000063
ACATCCTGGTAACTGT-1,0.025401,0.421002,0.553424,0.000086,0.000086
ACATCGATCGTTTACC-1,0.282904,0.368288,0.348572,0.000118,0.000118
ACATCGGTCAGCCGCG-1,0.128368,0.47593,0.395509,0.000096,0.000096
ACATCGTATGCAATGG-1,0.551511,0.205157,0.243179,0.000077,0.000077
ACATCGTTAACCTAGT-1,0.000441,0.538068,0.461271,0.00011,0.00011
ACATCTCAACGCGTAA-1,0.001082,0.997836,0.000541,0.00027,0.00027
ACATGGCTCAATTTAG-1,0.004043,0.991915,0.002022,0.00101,0.00101
ACATTAGTTTATATCC-1,0.951089,0.000038,0.048796,0.000038,0.000038
ACCAAACTAGAAATCC-1,0.002341,0.995319,0.00117,0.000585,0.000585
ACCAACCGCACTCCAC-1,0.000352,0.256988,0.742485,0.000088,0.000088
ACCAACGCTTATTTAT-1,0.249868,0.473566,0.276403,0.000081,0.000081
ACCAAGAACGCGTGTC-1,0.331116,0.538321,0.130462,0.00005,0.00005
ACCAATATGCAAGTTA-1,0.178587,0.618733,0.200543,0.001069,0.001068
ACCACAACTCAGAACA-1,0.00136,0.766838,0.231123,0.00034,0.00034
ACCACGTGCAGCTATA-1,0.346788,0.510596,0.142427,0.000095,0.000095
ACCACTGTTCAAGAAG-1,0.201769,0.527479,0.270183,0.000284,0.000284
ACCAGCCCGGTCTTTG-1,0.061339,0.862578,0.074868,0.000607,0.000607
ACCAGGAGTGTGATCT-1,0.015337,0.969331,0.007667,0.003833,0.003831
ACCAGTGCCCGGTCAA-1,0.137719,0.565839,0.296288,0.000077,0.000077
ACCAGTGCGGGAGACG-1,0.076997,0.445646,0.477208,0.000074,0.000074
ACCATATCCGCAATAA-1,0.708144,0.113554,0.1782,0.000051,0.000051
ACCATCGTATATGGTA-1,0.156894,0.634683,0.208113,0.000155,0.000155
ACCATTAAGGGTGTCA-1,0.283052,0.359803,0.356724,0.00021,0.00021
ACCCACCTACATGCTC-1,0.173832,0.378394,0.447629,0.000072,0.000072
ACCCATCTTGAGGGTA-1,0.366372,0.212177,0.42139,0.000031,0.000031
ACCCATTTGTCCCTCT-1,0.263112,0.315391,0.421278,0.00011,0.00011
ACCCGAGCGAAATTAC-1,0.190577,0.697102,0.112135,0.000093,0.000093
ACCCGGAAACTCCCAG-1,0.000465,0.999071,0.000232,0.000116,0.000116
ACCCGGTTACACTTCC-1,0.355015,0.307151,0.33766,0.000087,0.000087
ACCCGTAGTCTAGTTG-1,0.013479,0.261539,0.718246,0.003369,0.003367
ACCCGTGTCATCAGTA-1,0.173242,0.759861,0.066671,0.000113,0.000113
ACCCTATAGGACTGAG-1,0.894945,0.103325,0.001692,0.000019,0.000019
ACCCTATGCCATATCG-1,0.000368,0.474854,0.524594,0.000092,0.000092
ACCCTCCCGTCAGGGC-1,0.000311,0.486494,0.51304,0.000078,0.000078
ACCCTCCCTTGCTATT-1,0.105604,0.473,0.42112,0.000138,0.000138
ACCCTTCATCTGCGAA-1,0.000641,0.998718,0.00032,0.00016,0.00016
ACCCTTTAGTTCTCCA-1,0.226383,0.546286,0.226268,0.000532,0.000532
ACCGAAAGGGCCCTGC-1,0.00143,0.99714,0.000715,0.000357,0.000357
ACCGAAGAGTCTGGTT-1,0.285661,0.481065,0.231406,0.000934,0.000934
ACCGACACATCTCCCA-1,0.000842,0.566743,0.431994,0.00021,0.00021
ACCGACTGAGTCCCAC-1,0.156029,0.414016,0.429567,0.000194,0.000194
ACCGATAGGCATAACC-1,0.38041,0.373173,0.245594,0.000412,0.000412
ACCGATATTTAATCAT-1,0.672258,0.167897,0.15962,0.000112,0.000112
ACCGCAATAACTGCCT-1,0.423413,0.331262,0.245165,0.00008,0.00008
ACCGCGGTGGAAGTCG-1,0.528517,0.000063,0.471293,0.000063,0.000063
ACCGGGCCTTTGTTGA-1,0.255611,0.288044,0.456196,0.000074,0.000074
ACCGGTCAGGTACACC-1,0.078756,0.918787,0.001229,0.000614,0.000614
ACCGGTCTGAGTACGG-1,0.010848,0.978308,0.005423,0.002711,0.00271
ACCGTGACCACGTGGG-1,0.086305,0.710022,0.203467,0.000103,0.000103
ACCGTTCCCGCTCTGA-1,0.106084,0.89074,0.001588,0.000794,0.000794
ACCTAAGTACCTTTCA-1,0.276634,0.022001,0.701257,0.000054,0.000054
ACCTACTATAAATCTA-1,0.000751,0.998498,0.000376,0.000188,0.000188
ACCTCCGCCCTCGCTG-1,0.887171,0.001086,0.111695,0.000024,0.000024
ACCTGCGTGTCATGTT-1,0.085108,0.388264,0.526479,0.000075,0.000075
ACCTTTCCTTTAGAAG-1,0.32531,0.488994,0.182771,0.001462,0.001462
ACGAGAACCCATCACG-1,0.187526,0.486525,0.32578,0.000084,0.000084
ACGAGATATTTGCTTA-1,0.195593,0.627746,0.176259,0.000201,0.000201
ACGAGGATACCACTCT-1,0.688835,0.134413,0.176677,0.000038,0.000038
ACGAGGTTTACAACGT-1,0.229795,0.644617,0.124866,0.000361,0.000361
ACGAGTCGCCGGCGTT-1,0.000172,0.608875,0.390867,0.000043,0.000043
ACGATACATAGAACTA-1,0.145349,0.669603,0.184631,0.000209,0.000208
ACGATCATACATAGAG-1,0.253889,0.507361,0.23852,0.000115,0.000115
ACGATGCATATGTTAT-1,0.094112,0.447384,0.458352,0.000076,0.000076
ACGATGGATCCGATGC-1,0.2189,0.501026,0.279921,0.000076,0.000076
ACGCAAACTAATAGAT-1,0.863108,0.026694,0.109901,0.000148,0.000148
ACGCATAAATGACATG-1,0.796298,0.134569,0.069083,0.000025,0.000025
ACGCATACGTTTACTA-1,0.93559,0.026464,0.037898,0.000024,0.000024
ACGCCAGATGATTTCT-1,0.198944,0.80029,0.000383,0.000191,0.000191
ACGCCCAGCTGTCGAT-1,0.007175,0.985653,0.003588,0.001792,0.001792
ACGCCGCTAGACGACC-1,0.164215,0.472523,0.362983,0.000139,0.000139
ACGCCTGACACGCGCT-1,0.222303,0.555424,0.111157,0.05556,0.055556
ACGCGAAGTCAGACGA-1,0.000528,0.757085,0.242122,0.000132,0.000132
ACGCGCTACACAGGGT-1,0.257441,0.346429,0.395987,0.000072,0.000072
ACGCTTAGTGTCTCTC-1,0.164265,0.673237,0.159277,0.001611,0.00161
ACGGAATTTAGCAAAT-1,0.78053,0.121068,0.098363,0.000019,0.000019
ACGGACTCTCAAAGCG-1,0.006541,0.675668,0.314523,0.001634,0.001634
ACGGAGCGCAAATTAC-1,0.515855,0.211183,0.272885,0.000039,0.000039
ACGGATGGTGCGGATA-1,0.595256,0.400976,0.001885,0.000942,0.000942
ACGGCACTTGCTTGGG-1,0.041806,0.600042,0.357955,0.000099,0.000099
ACGGCCAACATGGACT-1,0.00021,0.281352,0.718332,0.000053,0.000053
ACGGCGACGATGGGAA-1,0.359478,0.466617,0.173733,0.000086,0.000086
ACGGCGGGTTGCCCTG-1,0.000283,0.513636,0.48594,0.000071,0.000071
ACGGCTGGATGTAGAA-1,0.493091,0.260759,0.24344,0.001355,0.001355
ACGGGAGTGTCGGCCC-1,0.220159,0.208907,0.570807,0.000063,0.000063
ACGGGTCATGTGACTT-1,0.702719,0.205809,0.091402,0.000035,0.000035
ACGTACAGATTTCTCT-1,0.795917,0.196267,0.007731,0.000042,0.000042
ACGTATTACTCCGATC-1,0.041695,0.417637,0.540388,0.00014,0.00014
ACGTCCTAAACGAGAT-1,0.636728,0.352156,0.00556,0.002778,0.002778
ACGTGCGCCTCGTGCA-1,0.392537,0.478643,0.128627,0.000096,0.000096
ACGTGGTCGAATGTGC-1,0.204354,0.788909,0.003369,0.001684,0.001684
ACGTTAATGTCGAAGA-1,0.35318,0.252002,0.394661,0.000079,0.000079
ACGTTAGATTTGCCCG-1,0.125171,0.423741,0.450908,0.00009,0.00009
ACGTTATTGGTCACTC-1,0.069086,0.544445,0.386134,0.000167,0.000167
ACGTTCCGCGCTCCGT-1,0.004043,0.991915,0.002022,0.00101,0.00101
ACGTTCGTTCAGGAAA-1,0.420974,0.134373,0.444307,0.000173,0.000173
ACGTTCTGTACAAGTC-1,0.305466,0.694406,0.000064,0.000032,0.000032
ACGTTTAGTTGTGATC-1,0.093131,0.906077,0.000396,0.000198,0.000198
ACTAATACGTCAGGCG-1,0.000581,0.56613,0.433,0.000145,0.000145
ACTACCAGCTCTCTGG-1,0.109483,0.229091,0.661219,0.000104,0.000104
ACTACGCGTTAGAATT-1,0.000563,0.695905,0.303251,0.000141,0.000141
ACTAGTTGCGATCGTC-1,0.374431,0.242516,0.38294,0.000056,0.000056
ACTATATGCTGTGTTC-1,0.163021,0.501789,0.334975,0.000107,0.000107
ACTATCTGCCCGCGTA-1,0.945735,0.000009,0.054238,0.000009,0.000009
ACTATTCGTCCGTGGT-1,0.143505,0.815074,0.041079,0.000171,0.000171
ACTATTTCCGGGCCCA-1,0.000495,0.795448,0.203809,0.000124,0.000124
ACTCAACGAATGTATT-1,0.044938,0.544759,0.410163,0.00007,0.00007
ACTCAAGTGCAAGGCT-1,0.000546,0.998909,0.000273,0.000136,0.000136
ACTCAATAAAGGCACG-1,0.397689,0.429504,0.172612,0.000098,0.000098
ACTCAGACCTGCTTCT-1,0.261988,0.737034,0.000489,0.000244,0.000244
ACTCCCATTCCTAAAG-1,0.554164,0.251338,0.194338,0.00008,0.00008
ACTCCCTAATGCTAAA-1,0.154108,0.625925,0.219794,0.000087,0.000087
ACTCCCTAGAATAGTA-1,0.462176,0.461304,0.07634,0.00009,0.00009
ACTCGATGTATTTCAT-1,0.318497,0.531082,0.149032,0.000695,0.000694
ACTCGCCGTTCGATAA-1,0.545916,0.137341,0.31639,0.000176,0.000176
ACTCGTAACCCGTCCT-1,0.053214,0.298524,0.648121,0.00007,0.00007
ACTCGTCAGTAATCCC-1,0.205334,0.290216,0.504314,0.000068,0.000068
ACTCTCTGACTTAGGT-1,0.159184,0.215711,0.624865,0.00012,0.00012
ACTCTCTTATACACGA-1,0.00205,0.856498,0.140428,0.000512,0.000512
ACTCTGACCTAATAGA-1,0.043429,0.906629,0.049736,0.000103,0.000103
ACTGAAACGCCGTTAG-1,0.201474,0.340627,0.457673,0.000113,0.000113
ACTGAATGGCGAAAGT-1,0.164415,0.495388,0.339971,0.000113,0.000113
ACTGATTTAGTGATTC-1,0.135702,0.857759,0.00327,0.001634,0.001634
ACTGCCGTCGTAACTC-1,0.149271,0.850293,0.000218,0.000109,0.000109
ACTGCTCGGAAGGATG-1,0.332775,0.447868,0.218616,0.00037,0.00037
ACTGTAGCACTTTGGA-1,0.116303,0.381938,0.501517,0.000121,0.000121
ACTGTATACGCGAGCA-1,0.112584,0.678071,0.208952,0.000197,0.000197
ACTGTGCTAGTAGATC-1,0.833952,0.165954,0.000047,0.000023,0.000023
ACTGTTTAGTGTAGGC-1,0.008721,0.982561,0.00436,0.002179,0.002179
ACTTACCGGGCGCGCA-1,0.000746,0.909155,0.089725,0.000186,0.000186
ACTTACGCATCCACGC-1,0.001508,0.996985,0.000754,0.000377,0.000377
ACTTAGTACGACAAGA-1,0.988016,0.011956,0.000014,0.000007,0.000007
ACTTATCTGATCTATA-1,0.218051,0.510731,0.267901,0.001659,0.001658
ACTTATTAGGATCGGT-1,0.240532,0.383579,0.375529,0.00018,0.00018
ACTTATTTATGTGCCA-1,0.072173,0.466975,0.460587,0.000132,0.000132
ACTTCAGGCTGATCCC-1,0.835022,0.050899,0.114008,0.000036,0.000036
ACTTCCATGCGGGACA-1,0.364027,0.230386,0.405326,0.000131,0.000131
ACTTCGCCATACGCAC-1,0.289311,0.420787,0.289652,0.000125,0.000125
ACTTGACTCCCTCTTT-1,0.180256,0.418292,0.401173,0.000139,0.000139
ACTTGCCATATTGTAC-1,0.135434,0.862201,0.001183,0.000591,0.000591
ACTTGTGGATGGAACG-1,0.631599,0.156959,0.211299,0.000071,0.000071
ACTTTCCTATAGCTTC-1,0.000886,0.293962,0.704709,0.000221,0.000221
ACTTTGGTCGTGCTCC-1,0.010345,0.979314,0.005173,0.002584,0.002584
ACTTTGTCGACGCACT-1,0.440801,0.31556,0.243238,0.000201,0.000201
AGAAATTATGACTCGC-1,0.563256,0.208708,0.227944,0.000046,0.000046
AGAACCCTCAATTGGG-1,0.326274,0.668996,0.002365,0.001182,0.001182
AGAACGTGGTACATTC-1,0.082133,0.487392,0.430188,0.000144,0.000144
AGAAGAGCGCCGTTCC-1,0.621119,0.00045,0.377531,0.00045,0.00045
AGAAGGTACACTTCAC-1,0.116254,0.689132,0.194327,0.000143,0.000143
AGAAGGTTGCCGAATT-1,0.103996,0.587402,0.308393,0.000105,0.000105
AGAAGGTTGTAGGTCG-1,0.01271,0.65797,0.32297,0.003175,0.003175
AGAAGTGATTCGTGAT-1,0.115484,0.069781,0.814576,0.00008,0.00008
AGAATGCGGGTTCGGA-1,0.000318,0.407685,0.591838,0.000079,0.000079
AGAATTGTTTGACATA-1,0.712196,0.24505,0.0427,0.000027,0.000027
AGACATAGATCCTTCC-1,0.206474,0.683997,0.108182,0.000674,0.000673
AGACCAAACCACACCT-1,0.405528,0.49424,0.099806,0.000213,0.000213
AGACCATGGGATACAA-1,0.504016,0.278731,0.217179,0.000037,0.000037
AGACCCACCGCTGATC-1,0.414804,0.46836,0.116653,0.000092,0.000092
AGACCCGCCCTCCTCG-1,0.218674,0.434517,0.346647,0.00008,0.00008
AGACCGCTCCGCGGTT-1,0.450249,0.223195,0.326132,0.000212,0.000212
AGACGAAGTGCCGGTC-1,0.29413,0.400089,0.305647,0.000067,0.000067
AGACGACGATGCCGCT-1,0.042579,0.774465,0.18276,0.000098,0.000098
AGACGGGATTGGTATA-1,0.01435,0.87985,0.098631,0.003585,0.003584
AGACGGGCCGATTTAA-1,0.000489,0.612876,0.386391,0.000122,0.000122
AGACTAGCCTTCCAGA-1,0.000356,0.054515,0.944952,0.000089,0.000089
AGACTGTTACCGGGTC-1,0.12699,0.465267,0.405993,0.000875,0.000875
AGAGAACCGTCTAGGA-1,0.559794,0.216819,0.223227,0.00008,0.00008
AGAGAAGGAGTACAAT-1,0.417512,0.533782,0.048555,0.000075,0.000075
AGAGCCGCCGAGATTT-1,0.365972,0.266877,0.366619,0.000266,0.000266
AGAGCGGGCTAATCAT-1,0.579916,0.406008,0.013942,0.000067,0.000067
AGAGCGTACAAGCTCG-1,0.198966,0.562012,0.238824,0.000099,0.000099
AGAGCTACGAAAGCAT-1,0.336689,0.562783,0.100261,0.000134,0.000134
AGAGGCTTCGGAAACC-1,0.497122,0.305655,0.197144,0.00004,0.00004
AGAGGTATCTCGGTCC-1,0.004941,0.99012,0.00247,0.001235,0.001235
AGAGTAAACTTCACTA-1,0.537546,0.08361,0.378779,0.000033,0.000033
AGAGTTAGAGACCGAT-1,0.905248,0.094336,0.000208,0.000104,0.000104
AGATACCAATAGAACC-1,0.007669,0.349239,0.63926,0.001916,0.001916
AGATACCGGTGTTCAC-1,0.525185,0.243941,0.230768,0.000053,0.000053
AGATACGACTTCATAT-1,0.804185,0.105923,0.089856,0.000018,0.000018
AGATACTCAAGATCGA-1,0.131153,0.253537,0.615138,0.000086,0.000086
AGATATAATACGACTA-1,0.229634,0.683086,0.086334,0.000473,0.000473
AGATCGTGCATAAGAT-1,0.511062,0.293486,0.195369,0.000042,0.000042
AGATGACTCGCCCACG-1,0.145943,0.78052,0.073231,0.000154,0.000153
AGATGAGGGTTGCGAT-1,0.264936,0.565321,0.169511,0.000116,0.000116
AGATGCAAGACGTGCA-1,0.094183,0.825318,0.08036,0.000069,0.000069
AGATGCTATAACGAGC-1,0.057964,0.884839,0.057056,0.000071,0.000071
AGATTATAGGACGTTT-1,0.168981,0.547773,0.282678,0.000284,0.000283
AGATTCAAGCGGGTCG-1,0.138014,0.861501,0.000243,0.000121,0.000121
AGATTCACAACCGATA-1,0.000576,0.666125,0.333011,0.000144,0.000144
AGCAAAGGCCGCTAGT-1,0.34074,0.657085,0.001838,0.000169,0.000169
AGCAACATATCTTATT-1,0.049918,0.366343,0.583587,0.000076,0.000076
AGCAACCGAAAGTAAT-1,0.105344,0.317792,0.576778,0.000043,0.000043
AGCACCAGTACTCACG-1,0.13814,0.338732,0.52285,0.000139,0.000139
AGCACTACCTCACCAG-1,0.118595,0.488432,0.392525,0.000224,0.000224
AGCAGAAGGAGAAAGA-1,0.046756,0.273788,0.10248,0.576723,0.000253
AGCAGCCAGATGAATA-1,0.00034,0.804274,0.195217,0.000085,0.000085
AGCATATCAATATGCT-1,0.245055,0.24426,0.510548,0.000068,0.000068
AGCATCATTTCGAAAG-1,0.000392,0.476951,0.522461,0.000098,0.000098
AGCATCGTCGATAATT-1,0.416863,0.345984,0.236929,0.000112,0.000112
AGCATTACGAGGCAAG-1,0.532896,0.198699,0.268053,0.000176,0.000176
AGCCAAGCTTTGTGTC-1,0.000768,0.469838,0.52901,0.000192,0.000192
AGCCACAGGTTACCCG-1,0.019011,0.733474,0.247076,0.000219,0.000219
AGCCACTCCCGTGCTT-1,0.17251,0.683436,0.143708,0.000173,0.000173
AGCCCATACATGTAAG-1,0.59837,0.214605,0.186949,0.000038,0.000038
AGCCCGCAACAAGCAG-1,0.000526,0.986983,0.012229,0.000131,0.000131
AGCCCGGCATTAGAGG-1,0.001155,0.68836,0.309907,0.000289,0.000289
AGCCCGGTAGCCTGTA-1,0.021786,0.356488,0.621369,0.000178,0.000178
AGCCCTAAGCGAAGTT-1,0.54176,0.457263,0.000489,0.000244,0.000244
AGCCCTTCTAATCCGA-1,0.002353,0.197785,0.798686,0.000588,0.000588
AGCCCTTGGACATCCC-1,0.295586,0.321706,0.382198,0.000255,0.000255
AGCCGTGGCTAAATGT-1,0.067713,0.667154,0.264953,0.00009,0.00009
AGCCTAATACCCACGT-1,0.020663,0.264533,0.714555,0.000124,0.000124
AGCCTTAAAGCGGAAG-1,0.362571,0.353589,0.283384,0.000228,0.000228
AGCGACAGGAACGGTC-1,0.050247,0.26111,0.688466,0.000089,0.000089
AGCGACATCCCATTCA-1,0.242591,0.427869,0.329375,0.000083,0.000082
AGCGACCAACGATATT-1,0.480451,0.300178,0.219233,0.00007,0.00007
AGCGATGCGCCTAATA-1,0.008236,0.332054,0.655594,0.002058,0.002058
AGCGCATAATGAATCG-1,0.000453,0.999094,0.000226,0.000113,0.000113
AGCGCGGGTGCCAATG-1,0.479753,0.319443,0.200603,0.0001,0.0001
AGCGCTTATGGGCAAG-1,0.000552,0.402233,0.59694,0.000138,0.000138
AGCGGACACTTCGTAG-1,0.115407,0.457571,0.426043,0.00049,0.000489
AGCGGCGGTTAGCGGT-1,0.622312,0.208012,0.169451,0.000113,0.000113
AGCGGGAAGGGTCCAT-1,0.799226,0.128812,0.071905,0.000028,0.000028
AGCGGGTCTGACACTC-1,0.258525,0.439197,0.301445,0.000416,0.000416
AGCGGTTGAGATGTAC-1,0.34114,0.6494,0.004732,0.002364,0.002364
AGCGTACGAGAGCTAG-1,0.789609,0.187337,0.022998,0.000028,0.000028
AGCGTAGCGCTAGACC-1,0.000877,0.998246,0.000439,0.000219,0.000219
AGCGTCTGAACCCGCA-1,0.000347,0.960456,0.039023,0.000087,0.000087
AGCGTGGTATTCTACT-1,0.216395,0.495108,0.288261,0.000118,0.000118
AGCGTTCCGATTTAAA-1,0.011406,0.584587,0.398307,0.00285,0.002849
AGCTAACAAGCAATGT-1,0.471785,0.474992,0.053115,0.000054,0.000054
AGCTAAGTACGCAGGC-1,0.468681,0.528821,0.001249,0.000624,0.000624
AGCTAGAAGCAGAAGT-1,0.344399,0.299219,0.356276,0.000053,0.000053
AGCTATTTAATCCAAC-1,0.511864,0.464844,0.023125,0.000084,0.000084
AGCTCCATATATGTTC-1,0.435956,0.228569,0.335244,0.000115,0.000115
AGCTCCTTCGCACATC-1,0.607098,0.207247,0.185537,0.000059,0.000059
AGCTCTAGACGTTCCA-1,0.371819,0.256524,0.371327,0.000165,0.000165
AGCTCTTCCCAGTGCA-1,0.623201,0.357567,0.018965,0.000133,0.000133
AGCTCTTTACTCAGTT-1,0.288298,0.50821,0.203266,0.000113,0.000113
AGCTGAAGTAAACCAA-1,0.155529,0.795192,0.048922,0.000179,0.000179
AGCTGCATTTGAGGTG-1,0.297499,0.698307,0.002098,0.001048,0.001048
AGCTGCTGTGCCGAAT-1,0.112528,0.886104,0.000684,0.000342,0.000342
AGCTGTAACCTCAATC-1,0.094944,0.091304,0.813592,0.00008,0.00008
AGCTTATAGAGACCTG-1,0.001605,0.99679,0.000803,0.000401,0.000401
AGCTTCAATACTTTGA-1,0.175897,0.390006,0.428805,0.002647,0.002646
AGCTTCTTCTCGAGCA-1,0.000357,0.731063,0.268402,0.000089,0.000089
AGCTTGATCTTAACTT-1,0.472451,0.248044,0.279412,0.000047,0.000047
AGGAAAGCCTCTGATG-1,0.000403,0.999194,0.000201,0.000101,0.000101
AGGAAGCTGTCCGCCG-1,0.432493,0.504184,0.06277,0.000277,0.000277
AGGACAGTCGAATCCC-1,0.00136,0.216866,0.781538,0.000118,0.000118
AGGACATCGCACGTCG-1,0.425443,0.512199,0.06224,0.000059,0.000059
AGGACATCGGCACACT-1,0.393951,0.246938,0.35838,0.000366,0.000365
AGGACGACCCATTAGA-1,0.12078,0.605153,0.273828,0.00012,0.00012
AGGACGCTCGATGTTG-1,0.67543,0.241801,0.082661,0.000054,0.000054
AGGAGGCCTTCGCGCG-1,0.857219,0.068897,0.073834,0.000025,0.000025
AGGATAAAGTCGGGAT-1,0.074507,0.84791,0.077422,0.00008,0.00008
AGGATATAGGGATTTA-1,0.128246,0.51835,0.353132,0.000136,0.000136
AGGATCACGCGATCTG-1,0.000457,0.55662,0.442695,0.000114,0.000114
AGGCAAAGAGGAATCA-1,0.338136,0.524083,0.127198,0.005292,0.005291
AGGCAATACGGAGGAC-1,0.089114,0.876201,0.034167,0.000259,0.000259
AGGCACGTGACTGTCC-1,0.516011,0.367266,0.116251,0.000236,0.000236
AGGCAGATGCGTAAAC-1,0.745534,0.148623,0.105768,0.000037,0.000037
AGGCAGGGAGCGTACT-1,0.404468,0.356617,0.238742,0.000087,0.000087
AGGCATTGTCGTAGGG-1,0.367265,0.277706,0.354899,0.000065,0.000065
AGGCCACCCGTTATGA-1,0.143842,0.456475,0.399538,0.000073,0.000073
AGGCCCAGTGACTGGT-1,0.423307,0.486935,0.089543,0.000107,0.000107
AGGCCCATTGTACAGG-1,0.307172,0.374796,0.317807,0.000112,0.000112
AGGCCCTAGAACGCCA-1,0.303444,0.443241,0.253191,0.000062,0.000062
AGGCCTGAGAATCTCG-1,0.000715,0.695743,0.303184,0.000179,0.000179
AGGCGGTTTGTCCCGC-1,0.004997,0.990007,0.002498,0.001249,0.001248
AGGCGTCTATGGACGG-1,0.230141,0.459584,0.310049,0.000113,0.000113
AGGCTATGGTTAGCTT-1,0.318609,0.249713,0.43154,0.000069,0.000069
AGGCTTCCCGAAGAAG-1,0.035486,0.670324,0.293977,0.000106,0.000106
AGGCTTGCTAGACACC-1,0.221749,0.250283,0.52768,0.000144,0.000144
AGGGAAACGAGGTACT-1,0.002034,0.670328,0.327398,0.00012,0.000119
AGGGACAGCACGGCGG-1,0.001765,0.996471,0.000882,0.000441,0.000441
AGGGACTCTACGCGAC-1,0.000463,0.428716,0.570589,0.000116,0.000116
AGGGCAGCGGCGTGGT-1,0.000394,0.043075,0.956334,0.000099,0.000099
AGGGCGAGCAGCTGAT-1,0.790582,0.091756,0.117621,0.00002,0.00002
AGGGCGTGATCGGCTA-1,0.44574,0.308204,0.245974,0.000041,0.000041
AGGGTCAGTAACCCTA-1,0.227397,0.312654,0.459647,0.000151,0.000151
AGGGTCTGGACGCAGT-1,0.003132,0.000783,0.994519,0.000783,0.000782
AGGGTGCCGTTCTTTA-1,0.00078,0.931094,0.067736,0.000195,0.000195
AGGTAACCTCCTATTC-1,0.401275,0.502598,0.095945,0.000091,0.000091
AGGTACGATATTGCCA-1,0.000541,0.503819,0.49537,0.000135,0.000135
AGGTAGATCGAGATAT-1,0.286829,0.627452,0.084858,0.000431,0.000431
AGGTCAGGTGAGAGTG-1,0.284688,0.165135,0.550053,0.000062,0.000062
AGGTCGCCACTTCGGT-1,0.000686,0.603411,0.395559,0.000172,0.000171
AGGTGGTGACCTTCGC-1,0.246343,0.569035,0.184118,0.000252,0.000252
AGGTGTTGCCGACCAC-1,0.308134,0.245149,0.445955,0.000381,0.000381
AGGTTGAGGCACGCTT-1,0.280873,0.479523,0.239346,0.000129,0.000129
AGGTTTCACACACCTT-1,0.078379,0.391854,0.529468,0.000149,0.000149
AGTAACGTTCATCCTG-1,0.909513,0.000416,0.089238,0.000416,0.000416
AGTAATGTCTTGCCGC-1,0.745969,0.1559,0.098054,0.000038,0.000038
AGTACCTTCGAGTGCT-1,0.00018,0.000045,0.999686,0.000045,0.000045
AGTACGGGCACCTGGC-1,0.271339,0.591581,0.136664,0.000208,0.000208
AGTACGTGGCCTGTCT-1,0.065713,0.928024,0.003132,0.001566,0.001565
AGTACTCTTATGCCCA-1,0.322955,0.674705,0.00117,0.000585,0.000585
AGTAGCGTGAACGAAC-1,0.388445,0.598081,0.006738,0.003368,0.003367
AGTAGCTAGACGCCGA-1,0.110794,0.400047,0.487937,0.000611,0.000611
AGTAGGAAGGAAGTTG-1,0.043876,0.925785,0.030111,0.000114,0.000114
AGTAGGTAACATACAT-1,0.28189,0.689442,0.028077,0.000296,0.000296
AGTATAATACTAGGCA-1,0.217628,0.439935,0.34229,0.000073,0.000073
AGTATACACAGCGACA-1,0.358224,0.35629,0.284855,0.000316,0.000316
AGTATCCATAATAACG-1,0.124058,0.643017,0.232816,0.000055,0.000054
AGTATGCTGGAGACCA-1,0.232312,0.328709,0.438787,0.000096,0.000096
AGTATTTGGCACGACC-1,0.644853,0.29137,0.063644,0.000066,0.000066
AGTCAAATGATGTGAT-1,0.170843,0.671793,0.156825,0.00027,0.00027
AGTCAACACCACCATC-1,0.338339,0.293506,0.368016,0.000069,0.000069
AGTCAAGATGACACTT-1,0.115808,0.600144,0.283776,0.000136,0.000136
AGTCACTAGCTCTCGA-1,0.896491,0.028156,0.075289,0.000032,0.000032
AGTCACTCCGCCTCAT-1,0.001909,0.540042,0.457924,0.000063,0.000063
AGTCAGCCACCGCCTG-1,0.65713,0.288858,0.053943,0.000035,0.000035
AGTCCAGCGGGTACGT-1,0.000515,0.919858,0.07937,0.000129,0.000129
AGTCCATTGGCTGATG-1,0.000544,0.45531,0.543873,0.000136,0.000136
AGTCCCGCCTTTAATT-1,0.824869,0.144485,0.030538,0.000054,0.000054
AGTCGGCCCAAACGAC-1,0.110122,0.323923,0.565817,0.000069,0.000069
AGTCGGCTCAACTTTA-1,0.03835,0.000029,0.961562,0.000029,0.000029
AGTCGTATAAAGCAGA-1,0.002258,0.386651,0.609964,0.000564,0.000564
AGTCGTCGACCACCAA-1,0.000524,0.772304,0.226918,0.000127,0.000127
AGTCGTGGGCATTACG-1,0.822882,0.050824,0.126176,0.000059,0.000059
AGTCTCACAAGACTAC-1,0.70158,0.081676,0.216666,0.000039,0.000039
AGTCTGGACATCCTTG-1,0.595735,0.250773,0.153414,0.000039,0.000039
AGTCTTCTCCTCAAAT-1,0.230577,0.590507,0.178653,0.000132,0.000132
AGTCTTTAAAGTGTCC-1,0.001098,0.933942,0.064411,0.000274,0.000274
AGTGAACAAACTTCTC-1,0.135125,0.333861,0.530873,0.000071,0.000071
AGTGACCTACTTTACG-1,0.653585,0.270535,0.075775,0.000052,0.000052
AGTGACTGTGACACAA-1,0.271517,0.570674,0.15685,0.000479,0.000479
AGTGAGGGTTTCTGAC-1,0.00353,0.992941,0.001765,0.000882,0.000882
AGTGAGTCGAATTAAC-1,0.002366,0.451406,0.545046,0.000591,0.000591
AGTGATAACCTGCGCG-1,0.000523,0.768018,0.231199,0.000131,0.000131
AGTGATATGAGTAGTT-1,0.439297,0.469977,0.090557,0.000084,0.000084
AGTGCACGCTTAAGAA-1,0.536271,0.29121,0.172395,0.000062,0.000062
AGTGCGTAGCTCGTAA-1,0.391194,0.509992,0.098676,0.000069,0.000069
AGTGCTAAACACAGCA-1,0.277284,0.533242,0.189269,0.000102,0.000102
AGTGCTTGCACGAATA-1,0.001437,0.217324,0.781099,0.00007,0.00007
AGTGGCGGCAATTTGA-1,0.476489,0.127981,0.395395,0.000067,0.000067
AGTGGCGTCTGAAGGT-1,0.615283,0.297563,0.086468,0.000343,0.000343
AGTGTATTGCGCATTG-1,0.080396,0.749248,0.170118,0.000119,0.000119
AGTGTGCTAAGATCGC-1,0.950571,0.049368,0.00003,0.000015,0.000015
AGTGTGGTCTATTGTG-1,0.523755,0.334047,0.14207,0.000064,0.000064
AGTTAAACACTTGCGA-1,0.07483,0.354505,0.570488,0.000088,0.000088
AGTTAAGCGGTCCCGG-1,0.128836,0.548797,0.322159,0.000105,0.000105
AGTTAAGTCAACCGCT-1,0.716878,0.043379,0.239685,0.000029,0.000029
AGTTACTCTATCGTGG-1,0.000652,0.756937,0.242085,0.000163,0.000163
AGTTATTGAAAGGTAA-1,0.014823,0.970357,0.007413,0.003704,0.003704
AGTTCCTATTTATGTT-1,0.003227,0.694401,0.301968,0.000202,0.000202
AGTTCTGCGTTGTATC-1,0.949122,0.02376,0.027091,0.000014,0.000014
AGTTGACATCGGCTGG-1,0.856024,0.143884,0.000046,0.000023,0.000023
AGTTGACGGTCCTTGC-1,0.197883,0.275891,0.525957,0.000134,0.000134
AGTTGCTGACTGATAT-1,0.818808,0.130184,0.050953,0.000028,0.000028
AGTTGGCAAGGCTAGA-1,0.000642,0.348526,0.650512,0.00016,0.00016
AGTTTCGCAGGTCGGA-1,0.000841,0.704031,0.294708,0.00021,0.00021
AGTTTGCACCTGCCTC-1,0.002108,0.995785,0.001054,0.000527,0.000527
AGTTTGGCACGGGTTG-1,0.207508,0.337664,0.454672,0.000078,0.000078
AGTTTGGCCAGACCTA-1,0.292558,0.484592,0.222663,0.000094,0.000094
ATAAACCATTGGACGG-1,0.872409,0.126415,0.000588,0.000294,0.000294
ATAAACGGACCCGTAA-1,0.48856,0.420128,0.091184,0.000064,0.000064
ATAAACGTTGCACCAC-1,0.212387,0.402412,0.384973,0.000114,0.000114
ATAAAGGTCAAGTACG-1,0.005359,0.989283,0.00268,0.001339,0.001339
ATAAATATTAGCAGCT-1,0.31036,0.276765,0.412738,0.000069,0.000069
ATAACGGAGTCCAACG-1,0.337892,0.402602,0.2593,0.000103,0.000103
ATAACGTTACCTCCAC-1,0.421034,0.200826,0.377852,0.000144,0.000144
ATAAGGTGGAGAACAT-1,0.14848,0.355143,0.496186,0.000095,0.000095
ATAAGTACCCGATTGT-1,0.00967,0.746772,0.238727,0.002416,0.002415
ATAAGTTACCGCGACG-1,0.295632,0.677886,0.026275,0.000103,0.000103
ATAATACCGTTAGCCG-1,0.702929,0.10005,0.196969,0.000026,0.000026
ATAATAGCTGTTGAAT-1,0.752677,0.157761,0.089466,0.000048,0.000048
ATAATAGTGTAGGGAC-1,0.40713,0.393809,0.198964,0.000048,0.000048
ATAATCTTGGAGAACC-1,0.004236,0.991528,0.002118,0.001059,0.001058
ATAATTAGCTAAGTAG-1,0.384516,0.327581,0.28639,0.000756,0.000756
ATACAGGCCCTCCAAT-1,0.037971,0.961165,0.000432,0.000216,0.000216
ATACCAGCAAATTGCT-1,0.279367,0.716928,0.001853,0.000926,0.000926
ATACCAGGCTAATAGA-1,0.001161,0.997678,0.000581,0.00029,0.00029
ATACCAGGTGAGCGAT-1,0.011707,0.976593,0.005852,0.002924,0.002924
ATACCCTGGCTCAAAT-1,0.000503,0.837205,0.162041,0.000126,0.000126
ATACCTAACCAAGAAA-1,0.000574,0.998852,0.000287,0.000143,0.000143
ATACGCCGATCTACCG-1,0.004448,0.514439,0.478891,0.001111,0.001111
ATACGCCGGCGAAACC-1,0.000351,0.236426,0.763047,0.000088,0.000088
ATACGGAACGTCGTTT-1,0.081938,0.594738,0.323085,0.000119,0.000119
