Barcode,Topic 1,Topic 2,Topic 3,Topic 4,Topic 5,Topic 6,Topic 7,Topic 8,Topic 9,Topic 10
AAACAACGAATAGTTC-1,0.40189,0.006252,0.006252,0.006252,0.006252,0.006252,0.006252,0.006252,0.548095,0.006252
AAACAAGTATCTCCCA-1,0.038718,0.069438,0.011467,0.2518,0.003969,0.228629,0.13884,0.253278,0.001006,0.002858
AAACAATCTACTAGCA-1,0.000023,0.000023,0.000023,0.000023,0.110337,0.047698,0.16519,0.000023,0.000023,0.676635
AAACACCAATAACTGC-1,0.025582,0.020407,0.655563,0.082249,0.003967,0.057717,0.005854,0.102495,0.031069,0.015098
AAACAGAGCGACTCCT-1,0.009988,0.176071,0.007086,0.182548,0.000051,0.019592,0.06008,0.028574,0.381676,0.134335
AAACAGCTTTCAGAAG-1,0.057526,0.000049,0.047945,0.003462,0.020435,0.325148,0.048354,0.369119,0.046344,0.081617
AAACAGGGTCTATATT-1,0.000052,0.000052,0.032228,0.003917,0.143056,0.292228,0.08027,0.419602,0.028,0.000596
AAACATGGTGAGAGGA-1,0.028296,0.002698,0.156699,0.0593,0.041771,0.081906,0.097043,0.463446,0.03472,0.034121
AAACATTTCCCGGATT-1,0.057806,0.152385,0.005015,0.032123,0.026711,0.253817,0.323793,0.148231,0.000032,0.000087
AAACCACTACACAGAT-1,0.007199,0.072501,0.253222,0.082774,0.001238,0.198074,0.048157,0.050221,0.213361,0.073253
AAACCCGAACGAAATC-1,0.013457,0.131933,0.029933,0.164064,0.024975,0.067565,0.139406,0.397602,0.013173,0.017892
AAACCGGAAATGTTAA-1,0.327611,0.000364,0.000053,0.000053,0.102467,0.088463,0.139512,0.031092,0.000053,0.310332
AAACCGGGTAGGTACC-1,0.000031,0.035986,0.025529,0.174596,0.23664,0.076689,0.031065,0.419401,0.000031,0.000031
AAACCGTTCGTCCAGG-1,0.002068,0.000009,0.000009,0.000009,0.05214,0.060912,0.049312,0.014898,0.820344,0.0003
AAACCTCATGAAGTTG-1,0.101609,0.032416,0.038288,0.339871,0.024725,0.038999,0.163755,0.260304,0.000016,0.000016
AAACGAAGAACATACC-1,0.0592,0.068032,0.032188,0.095401,0.028574,0.232228,0.073997,0.341751,0.001927,0.066703
AAACGAAGATGGAGTA-1,0.000014,0.000014,0.032882,0.003378,0.006426,0.005429,0.863929,0.060899,0.027017,0.000014
AAACGACAGTCTTGCC-1,0.002024,0.019936,0.254812,0.005602,0.000703,0.283452,0.087874,0.12447,0.075261,0.145866
AAACGAGACGGTTGAT-1,0.012796,0.039041,0.009841,0.068543,0.015513,0.141218,0.427072,0.037594,0.086892,0.161491
AAACGCTGGGCACGAC-1,0.126784,0.000386,0.000386,0.000386,0.423798,0.000386,0.098087,0.000386,0.000386,0.349014
AAACGGGTTGGTATCC-1,0.000078,0.000078,0.000078,0.000078,0.999294,0.000078,0.000078,0.000078,0.000078,0.000078
AAACGTGTTCGCCCTA-1,0.009326,0.001987,0.247073,0.007244,0.009763,0.333213,0.008523,0.329244,0.035394,0.018233
AAACTAACGTGGCGAC-1,0.014761,0.00075,0.02041,0.020686,0.010719,0.409316,0.011311,0.007591,0.480032,0.024425
AAACTCGTGATATAAG-1,0.000016,0.315251,0.038332,0.164541,0.03338,0.041873,0.001119,0.269051,0.023721,0.112716
AAACTTAATTGCACGC-1,0.062445,0.011073,0.481666,0.034787,0.002164,0.10293,0.006752,0.245108,0.031026,0.022051
AAACTTGCAAACGTAT-1,0.033353,0.030364,0.033856,0.157186,0.025935,0.074541,0.077849,0.552623,0.010089,0.004203
AAAGAATGACCTTAGA-1,0.032196,0.00175,0.207333,0.020491,0.001882,0.008902,0.347529,0.370852,0.009058,0.000007
AAAGAATGTGGACTAA-1,0.000122,0.000122,0.000122,0.000122,0.389463,0.253025,0.047912,0.000122,0.000122,0.308871
AAAGACCCAAGTCGCG-1,0.316214,0.231914,0.033112,0.027899,0.01933,0.112108,0.059465,0.15868,0.018714,0.022564
AAAGACTGGGCGCTTT-1,0.520642,0.209014,0.027252,0.016573,0.009505,0.089916,0.019396,0.104576,0.000009,0.003116
AAAGCTTGCCTACATA-1,0.00524,0.018314,0.002787,0.034078,0.014927,0.287826,0.030764,0.550549,0.030639,0.024877
AAAGGGATGTAGCAAG-1,0.01506,0.046017,0.020259,0.011699,0.100981,0.617637,0.067721,0.116911,0.000041,0.003674
AAAGGGCAGCTTGAAT-1,0.206006,0.109193,0.024801,0.025168,0.036281,0.220951,0.030944,0.311449,0.010771,0.024436
AAAGGTAAGCTGTACC-1,0.004982,0.000019,0.001542,0.074051,0.000019,0.381268,0.008626,0.005759,0.442248,0.081485
AAAGTAGCATTGCTCA-1,0.054244,0.139003,0.096434,0.089992,0.006667,0.222724,0.081211,0.286751,0.012843,0.010132
AAAGTCACTGATGTAA-1,0.3236,0.280527,0.077689,0.048147,0.014578,0.083793,0.00002,0.116017,0.049501,0.006129
AAAGTCGACCCTCAGT-1,0.019082,0.119389,0.033746,0.163016,0.062598,0.05864,0.098808,0.421986,0.017601,0.005134
AAAGTGCCATCAATTA-1,0.000603,0.000603,0.000603,0.000603,0.816008,0.04976,0.000603,0.000603,0.130013,0.000603
AAAGTGTGATTTATCT-1,0.000017,0.124541,0.050314,0.163761,0.074737,0.038798,0.002823,0.269739,0.128792,0.146479
AAAGTTGACTCCCGTA-1,0.066828,0.023345,0.000034,0.000034,0.009091,0.532555,0.262262,0.10061,0.000034,0.005207
AAATAACCATACGGGA-1,0.007442,0.00003,0.00003,0.00003,0.122372,0.643725,0.033693,0.046024,0.105622,0.041032
AAATAAGGTAGTGCCC-1,0.040445,0.017728,0.011729,0.023583,0.054035,0.234734,0.176497,0.439585,0.000019,0.001644
AAATAGCTTAGACTTT-1,0.179332,0.002175,0.002864,0.809776,0.000009,0.000009,0.000009,0.000009,0.000009,0.005808
AAATCACTCCTAAACG-1,0.00003,0.00003,0.061083,0.00003,0.249468,0.561687,0.00003,0.008317,0.119295,0.00003
AAATCGCGGAAGGAGT-1,0.000012,0.000012,0.000012,0.000012,0.029569,0.000406,0.94923,0.020721,0.000012,0.000012
AAATCGTGTACCACAA-1,0.000024,0.000024,0.020402,0.000024,0.160294,0.735091,0.016381,0.000024,0.053827,0.013909
AAATCTAGCCCTGCTA-1,0.00905,0.184436,0.028525,0.176541,0.17889,0.17166,0.12811,0.116523,0.000016,0.006248
AAATCTGCCCGCGTCC-1,0.035486,0.000015,0.039061,0.000015,0.000015,0.20695,0.642726,0.075701,0.000018,0.000015
AAATGATTCGATCAGC-1,0.028103,0.040018,0.031879,0.011431,0.102807,0.37874,0.201775,0.196721,0.000041,0.008486
AAATGCTCGTTACGTT-1,0.072489,0.071827,0.00008,0.00008,0.27628,0.23004,0.160632,0.182786,0.00008,0.005705
AAATGGCATGTCTTGT-1,0.000046,0.01799,0.000046,0.000046,0.017125,0.00607,0.377499,0.004215,0.064627,0.512335
AAATGGCCCGTGCCCT-1,0.028764,0.01765,0.014407,0.029984,0.060464,0.150722,0.252264,0.386909,0.002337,0.056501
AAATGGTCAATGTGCC-1,0.104291,0.125583,0.003403,0.245241,0.003951,0.162227,0.216791,0.138467,0.000023,0.000023
AAATGTATCTTATCCC-1,0.100244,0.000116,0.000345,0.040202,0.124223,0.000116,0.44542,0.289101,0.000116,0.000116
AAATGTGGGTGCTCCT-1,0.000184,0.000184,0.000184,0.000184,0.403066,0.37722,0.126029,0.03342,0.059344,0.000184
AAATTAACGGGTAGCT-1,0.056924,0.009131,0.000043,0.06244,0.018651,0.528328,0.271792,0.04496,0.00763,0.000102
AAATTAATAAGCGCGA-1,0.028287,0.024826,0.00989,0.203029,0.116916,0.000092,0.507635,0.109301,0.000012,0.000012
AAATTACACGACTCTG-1,0.000057,0.000057,0.037928,0.000057,0.062555,0.728686,0.114762,0.008296,0.044176,0.003427
AAATTACCTATCGATG-1,0.025212,0.000045,0.005848,0.000045,0.031048,0.704597,0.209677,0.023441,0.000045,0.000045
AAATTCCAGGTCCAAA-1,0.040733,0.013069,0.005846,0.016569,0.147629,0.230858,0.281131,0.248109,0.000015,0.01604
AAATTGATAGTCCTTT-1,0.031983,0.012552,0.439963,0.036965,0.046553,0.295985,0.086871,0.044556,0.002364,0.002209
AAATTGCGGCGGTTCT-1,0.000032,0.000032,0.000032,0.000032,0.89081,0.000032,0.000032,0.000032,0.000032,0.108936
AAATTGGTGAGAAGCA-1,0.096425,0.023049,0.783682,0.032273,0.027228,0.011277,0.01349,0.005012,0.007551,0.000012
AAATTTGCGGGTGTGG-1,0.005011,0.023654,0.060156,0.039706,0.298075,0.117652,0.277251,0.17353,0.000021,0.004943
AACAACTGGTAGTTGC-1,0.089971,0.043083,0.02843,0.094061,0.021506,0.495407,0.083856,0.131219,0.000023,0.012444
AACAATTACTCTACGC-1,0.034929,0.102489,0.017547,0.141149,0.030141,0.164612,0.127384,0.369601,0.011408,0.00074
AACACACGCTCGCCGC-1,0.001982,0.185618,0.024898,0.07352,0.017798,0.393966,0.028153,0.240043,0.000025,0.033997
AACACGACTGTACTGA-1,0.032581,0.040073,0.023855,0.067174,0.016117,0.261228,0.130534,0.405962,0.001199,0.021275
AACACGAGACGCGGCC-1,0.028222,0.046443,0.054574,0.05872,0.037587,0.147221,0.112669,0.485547,0.000022,0.028997
AACACGCGGCCGCGAA-1,0.000021,0.000021,0.001837,0.000021,0.993722,0.000021,0.000021,0.000021,0.004294,0.000021
AACAGCTGTGTGGCAA-1,0.027979,0.006323,0.367517,0.009207,0.045918,0.256553,0.181479,0.060163,0.035389,0.009472
AACAGGAAATCGAATA-1,0.02266,0.000033,0.020015,0.002422,0.003282,0.618442,0.218404,0.039818,0.069549,0.005375
AACAGGATGGGCCGCG-1,0.024603,0.011837,0.003411,0.010129,0.393666,0.213062,0.030239,0.300639,0.011611,0.000804
AACAGGTAGTATGGAT-1,0.152352,0.033022,0.020912,0.609018,0.000043,0.04225,0.033585,0.052742,0.018141,0.037935
AACATATCAACTGGTG-1,0.000038,0.002163,0.035427,0.000038,0.15725,0.412685,0.234169,0.158153,0.000038,0.000038
AACATCGATACGTCTA-1,0.006079,0.041098,0.07037,0.027326,0.089214,0.30054,0.031132,0.164548,0.000033,0.269659
AACATTGGTCAGCCGT-1,0.00009,0.01388,0.00009,0.301547,0.655336,0.00009,0.00009,0.028697,0.00009,0.00009
AACCAAGACTTCTCTG-1,0.034491,0.256883,0.023558,0.136556,0.04425,0.042883,0.040846,0.4126,0.005466,0.002467
AACCATAGGGTTGAAC-1,0.049997,0.01786,0.82906,0.092379,0.000004,0.000004,0.000004,0.00142,0.007295,0.001977
AACCATGGGATCGCTA-1,0.209725,0.14144,0.021926,0.012499,0.125888,0.236111,0.022338,0.040883,0.000023,0.189166
AACCCAGAGACGGAGA-1,0.558257,0.353997,0.046726,0.00772,0.00025,0.015646,0.000007,0.00199,0.000172,0.015235
AACCCATCCCATGATC-1,0.000138,0.011952,0.000138,0.000138,0.032679,0.167,0.000138,0.552921,0.046232,0.188665
AACCCGAGCAGAATCG-1,0.367951,0.078794,0.01664,0.001757,0.112945,0.256717,0.010981,0.150337,0.001715,0.002162
AACCCGATAGGGCTTC-1,0.025556,0.001309,0.283149,0.018667,0.036279,0.285636,0.059733,0.115613,0.063952,0.110107
AACCCTACTGTCAATA-1,0.022484,0.023698,0.021795,0.085099,0.176922,0.487511,0.030768,0.086995,0.000022,0.064706
AACCCTGGTGGAACCA-1,0.000023,0.089055,0.036102,0.010403,0.035408,0.074764,0.407383,0.029301,0.02797,0.289591
AACCGAGCTTGGTCAT-1,0.006444,0.000021,0.000021,0.000021,0.061155,0.251331,0.64066,0.014676,0.019519,0.006152
AACCGCTAAGGGATGC-1,0.005541,0.016116,0.035034,0.052047,0.087412,0.407618,0.130655,0.24353,0.000031,0.022016
AACCGTTGTGTTTGCT-1,0.001767,0.11809,0.008661,0.019831,0.073438,0.482316,0.171085,0.046107,0.020661,0.058044
AACCTAAAGCCGTCCG-1,0.777693,0.000061,0.000007,0.043513,0.075477,0.004329,0.008115,0.004957,0.011471,0.074376
AACCTGTCACGGAATT-1,0.037282,0.039494,0.029158,0.177249,0.019995,0.193018,0.123181,0.377809,0.000971,0.001843
AACCTTTACGACGTCT-1,0.000014,0.00217,0.000014,0.000022,0.005577,0.001191,0.038703,0.010219,0.919454,0.022635
AACGAAAGTCGTCCCA-1,0.021421,0.004893,0.114305,0.021509,0.087455,0.064775,0.47714,0.126412,0.04202,0.040069
AACGACCTCCTAGCCG-1,0.000088,0.003534,0.000088,0.000088,0.846886,0.048286,0.000088,0.000088,0.000088,0.100769
AACGATAGAAGGGCCG-1,0.003233,0.191451,0.030025,0.231871,0.018947,0.074897,0.052562,0.33613,0.025313,0.035571
AACGATATGTCAACTG-1,0.000032,0.016995,0.000335,0.000032,0.123603,0.013441,0.404252,0.001793,0.097693,0.341824
AACGCATGATCTGGGT-1,0.095679,0.000059,0.011317,0.000059,0.045171,0.593773,0.161238,0.092585,0.000059,0.000061
AACGCGAACGGCAACA-1,0.00003,0.00003,0.00003,0.00003,0.39254,0.00003,0.532484,0.00003,0.00003,0.074763
AACGCGGTCTCCAGCC-1,0.000032,0.037235,0.000032,0.000032,0.000032,0.759497,0.000032,0.000032,0.19911,0.003964
AACGCTGTTGCTGAAA-1,0.000021,0.138978,0.037629,0.066387,0.281192,0.244808,0.005665,0.11832,0.048665,0.058335
AACGGACGTACGTATA-1,0.000336,0.193024,0.048541,0.10513,0.364931,0.176,0.001133,0.057049,0.007799,0.046057
AACGGCCATCTCCGGT-1,0.007203,0.057833,0.110166,0.025141,0.048307,0.267167,0.247896,0.217325,0.010003,0.008959
AACGTACTGTGGGTAC-1,0.009687,0.00004,0.033958,0.00004,0.008945,0.379224,0.332052,0.235974,0.00004,0.00004
AACGTAGTCTACCCAT-1,0.051783,0.000052,0.000052,0.000052,0.495418,0.289784,0.078373,0.035839,0.000052,0.048593
AACGTCAGACTAGTGG-1,0.026611,0.266773,0.033648,0.12331,0.043836,0.201737,0.018044,0.245727,0.002264,0.038051
AACGTCGCTGCACTTC-1,0.000179,0.000179,0.000179,0.000179,0.607047,0.000179,0.000179,0.000179,0.000179,0.391522
AACGTGCGAAAGTCTC-1,0.015088,0.001313,0.027026,0.000981,0.021346,0.048146,0.827075,0.018484,0.004958,0.035584
AACGTTATCAGCACCT-1,0.189952,0.000112,0.000112,0.241488,0.114628,0.188498,0.077887,0.144083,0.025118,0.018122
AACGTTCTACCATTGT-1,0.090871,0.000148,0.000148,0.000148,0.63567,0.166469,0.103345,0.000148,0.000148,0.002903
AACTACCCGTTTGTCA-1,0.103017,0.015455,0.008474,0.163417,0.024033,0.280896,0.147748,0.251746,0.000016,0.005197
AACTAGCGTATCGCAC-1,0.032968,0.000069,0.000069,0.000069,0.499753,0.056814,0.410051,0.000069,0.000069,0.000069
AACTCAAGTTAATTGC-1,0.104821,0.021054,0.04036,0.268566,0.016132,0.261294,0.15965,0.126878,0.000016,0.00123
AACTCCAGAGCGTGTT-1,0.018269,0.003849,0.024451,0.166426,0.113282,0.234715,0.296059,0.140767,0.00005,0.002132
AACTCCTAATCCCATG-1,0.053629,0.002709,0.209801,0.000799,0.018137,0.5204,0.092638,0.060864,0.040988,0.000035
AACTCGATAAACACGT-1,0.012529,0.000037,0.000037,0.025277,0.866867,0.000037,0.000037,0.000037,0.000037,0.095105
AACTCGATGGCGCAGT-1,0.036294,0.000057,0.000057,0.000057,0.245312,0.25532,0.449089,0.0137,0.000057,0.000057
AACTCTCAATAGAGCG-1,0.029578,0.000073,0.00016,0.025799,0.006001,0.408124,0.307653,0.222542,0.000035,0.000035
AACTCTCAGTGTGCTC-1,0.013003,0.000022,0.027282,0.000022,0.043206,0.290645,0.21127,0.005977,0.338788,0.069786
AACTGAGGTCAGCGTC-1,0.032964,0.005669,0.060337,0.015397,0.061973,0.565491,0.041697,0.041668,0.129122,0.045682
AACTGAGTTATACTGA-1,0.124997,0.000613,0.052361,0.620857,0.179985,0.001306,0.000055,0.000055,0.000055,0.019716
AACTGATATTAGGCCT-1,0.001998,0.05243,0.012013,0.04293,0.132582,0.632059,0.069022,0.038633,0.003065,0.015266
AACTGGGTCCCGACGT-1,0.000027,0.000027,0.000027,0.000027,0.000027,0.785269,0.000027,0.003479,0.208064,0.003028
AACTGGTGTGGGCCTT-1,0.104249,0.002669,0.000026,0.000026,0.089723,0.314537,0.058943,0.002502,0.000026,0.4273
AACTTCTGCGTCTATC-1,0.297477,0.002369,0.006415,0.248043,0.016806,0.016257,0.04931,0.056014,0.000439,0.30687
AACTTGCCCGTATGCA-1,0.016446,0.138243,0.023873,0.084406,0.080753,0.05401,0.134871,0.46737,0.000014,0.000014
AACTTGCGTTCTCGCG-1,0.075449,0.012322,0.000041,0.014045,0.373367,0.080955,0.394536,0.046645,0.000041,0.002599
AACTTTACGGGAGCTT-1,0.047298,0.07276,0.020598,0.259004,0.250785,0.035492,0.045932,0.254043,0.011288,0.002799
AACTTTAGCTGCTGAG-1,0.03436,0.017912,0.000046,0.000046,0.562031,0.167084,0.172937,0.034539,0.006309,0.004736
AACTTTCTCGATCATG-1,0.005137,0.011499,0.036943,0.020472,0.163751,0.300493,0.053975,0.321982,0.000027,0.08572
AAGAAATCACCAGATT-1,0.009138,0.006869,0.002422,0.011019,0.015282,0.158822,0.240326,0.491132,0.023283,0.041706
AAGAAGGATCAGTTAG-1,0.000017,0.219432,0.079346,0.149115,0.160729,0.031429,0.070265,0.271057,0.003716,0.014895
AAGACATACGTGGTTT-1,0.000112,0.22077,0.000112,0.024339,0.235609,0.169093,0.349483,0.000256,0.000112,0.000112
AAGACCAAATAACTCA-1,0.001649,0.001738,0.043221,0.022158,0.004854,0.007292,0.783826,0.110824,0.024425,0.000011
AAGACTAACCCGTTGT-1,0.000055,0.000055,0.000055,0.000055,0.890035,0.066216,0.043366,0.000055,0.000055,0.000055
AAGACTGCAAGCTACT-1,0.013984,0.056131,0.00006,0.00006,0.085118,0.265579,0.367292,0.097249,0.078534,0.035993
AAGAGATGAATCGGTA-1,0.161443,0.091943,0.020446,0.258831,0.013398,0.064341,0.095271,0.290741,0.002683,0.000902
AAGAGGATGTACGCGA-1,0.11474,0.023956,0.021193,0.123294,0.058703,0.280216,0.080011,0.295224,0.000022,0.002642
AAGAGGCATGGATCGC-1,0.001081,0.03314,0.040521,0.042249,0.012266,0.162134,0.328757,0.038332,0.121271,0.220249
AAGAGGCCCTTTGGAA-1,0.681376,0.118103,0.024327,0.001988,0.039671,0.051817,0.006312,0.009453,0.000011,0.066942
AAGATTGGCGGAACGT-1,0.000027,0.000027,0.000027,0.000027,0.000027,0.793589,0.006873,0.047595,0.14723,0.004579
AAGCCGAAGCGGTTTA-1,0.000011,0.283695,0.04091,0.264098,0.070129,0.055239,0.01784,0.24871,0.012955,0.006413
AAGCCGCTTTACCTTG-1,0.000017,0.000017,0.001525,0.000017,0.034899,0.289961,0.027069,0.585523,0.060205,0.000767
AAGCCGGAGAGCAGGA-1,0.185983,0.000122,0.000122,0.019426,0.538016,0.192508,0.001599,0.038221,0.000122,0.02388
AAGCGGAGTGCGCGCA-1,0.000014,0.145658,0.116927,0.200959,0.082683,0.101127,0.022578,0.223924,0.017931,0.088199
AAGCGGCGTCATGGGT-1,0.000016,0.256476,0.10325,0.166496,0.122128,0.027973,0.030482,0.257242,0.025222,0.010715
AAGCGTCCCTCATCGA-1,0.014142,0.000013,0.00284,0.000013,0.029909,0.120315,0.057437,0.048547,0.695175,0.031608
AAGCTATGGATTGACC-1,0.040027,0.026672,0.642337,0.042479,0.000014,0.028845,0.063687,0.02414,0.020961,0.11084
AAGCTCGTGCCAAGTC-1,0.064448,0.004612,0.001789,0.007319,0.125877,0.015138,0.728127,0.046722,0.005943,0.000024
AAGGAGAACTTATAAG-1,0.00014,0.00014,0.00014,0.00014,0.35451,0.107826,0.49459,0.042234,0.00014,0.00014
AAGGAGCGGTTGGTGC-1,0.006015,0.065156,0.019323,0.15647,0.028095,0.265128,0.046506,0.369171,0.031965,0.012171
AAGGATCGATCGCTTG-1,0.14059,0.085227,0.024054,0.05589,0.044311,0.172712,0.188309,0.277634,0.004962,0.006312
AAGGATGAGGGACCTC-1,0.000035,0.000035,0.000035,0.000035,0.015719,0.741553,0.181862,0.026699,0.033994,0.000035
AAGGCAGGCTGTCTCC-1,0.07777,0.12015,0.00781,0.085537,0.008395,0.082958,0.068017,0.410612,0.012261,0.12649
AAGGCGCGTAAAGCTT-1,0.057017,0.002827,0.000016,0.008087,0.004824,0.399468,0.078199,0.439294,0.010251,0.000016
AAGGCTGTGCTCATCG-1,0.026987,0.12438,0.039902,0.075184,0.033474,0.257671,0.11991,0.313756,0.000022,0.008715
AAGGGAACGACTGGCT-1,0.048137,0.013577,0.674014,0.040471,0.044511,0.110817,0.036234,0.020627,0.004953,0.006658
AAGGGACAGATTCTGT-1,0.031955,0.000047,0.000047,0.000047,0.007454,0.63566,0.266126,0.058567,0.000047,0.000047
AAGGGACTATGCATTC-1,0.016708,0.02891,0.581841,0.032452,0.03228,0.204478,0.002951,0.051582,0.015042,0.033755
AAGGGTTAGCCATGCG-1,0.0001,0.0001,0.002136,0.059854,0.550354,0.312919,0.01222,0.0001,0.0001,0.062116
AAGGGTTTGATTTCAG-1,0.016286,0.000024,0.000896,0.000465,0.01823,0.03757,0.335122,0.587204,0.004177,0.000024
AAGGTATCCTAATATA-1,0.002,0.012769,0.002829,0.060891,0.028513,0.212761,0.278694,0.012268,0.256172,0.133104
AAGGTGATAAACCAGC-1,0.050196,0.000033,0.023006,0.000033,0.034294,0.42609,0.208191,0.190918,0.014786,0.052453
AAGTAAGCTTCCAAAC-1,0.000033,0.048633,0.016192,0.164312,0.684211,0.010072,0.000033,0.000033,0.000033,0.076449
AAGTAGAAGACCGGGT-1,0.043823,0.105777,0.007381,0.015052,0.036898,0.349626,0.093969,0.325955,0.001865,0.019654
AAGTAGTGACGCGAGG-1,0.028251,0.050079,0.025429,0.105689,0.037302,0.113797,0.146919,0.471737,0.005333,0.015465
AAGTCAATTGTCGTCA-1,0.000166,0.268368,0.121031,0.298283,0.000166,0.000166,0.000166,0.228886,0.022001,0.060765
AAGTCTAGTAGCTGCC-1,0.004537,0.00773,0.015434,0.06041,0.124711,0.250105,0.0808,0.411762,0.032406,0.012107
AAGTCTTCTGTGGCCT-1,0.163452,0.000236,0.006289,0.104733,0.186372,0.043219,0.391044,0.10082,0.000012,0.003822
AAGTGACGACCGAATT-1,0.003324,0.099347,0.026057,0.19154,0.003098,0.097398,0.099627,0.452373,0.000044,0.027191
AAGTGCAAAGGTAGAC-1,0.119678,0.000037,0.000037,0.000037,0.231774,0.27929,0.287973,0.0811,0.000037,0.000037
AAGTGCCTTGACTGTA-1,0.017354,0.1176,0.003682,0.063063,0.187689,0.373909,0.025254,0.172943,0.000036,0.038471
AAGTGCGTTAGAATCT-1,0.000016,0.137692,0.162451,0.156707,0.031266,0.085228,0.055872,0.35591,0.002565,0.012293
AAGTTCAGTCTGCGTA-1,0.001179,0.043928,0.226847,0.113854,0.03289,0.261195,0.106624,0.164107,0.024852,0.024525
AAGTTCGGCCAACAGG-1,0.031478,0.023769,0.009868,0.004902,0.045644,0.245715,0.027072,0.577377,0.034155,0.000021
AAGTTGTGATGTTATA-1,0.017768,0.096767,0.000191,0.229049,0.372246,0.210012,0.000191,0.000195,0.04275,0.030833
AAGTTTACTAATGGCA-1,0.000105,0.138109,0.000105,0.028992,0.107851,0.02825,0.227007,0.465463,0.000105,0.004013
AATAACAACGCTCGGC-1,0.07004,0.039558,0.030442,0.072515,0.029472,0.149473,0.065303,0.528247,0.000014,0.014936
AATAACACTAGAACAA-1,0.014017,0.044085,0.651968,0.108769,0.046308,0.029205,0.066403,0.019016,0.01357,0.006658
AATAACGTCGCGCCCA-1,0.000102,0.000102,0.000102,0.000102,0.587581,0.168461,0.000102,0.000102,0.000102,0.243248
AATAAGTCCTCGAGAC-1,0.000027,0.071638,0.004422,0.013478,0.097293,0.002173,0.387669,0.009982,0.002096,0.411222
AATAATCTTCGTATCG-1,0.079387,0.172542,0.011999,0.040566,0.113218,0.038541,0.189314,0.214909,0.000025,0.139499
AATACAATGTTTCAGG-1,0.107208,0.000092,0.000092,0.000092,0.233218,0.382441,0.217231,0.05944,0.000092,0.000092
AATAGAACAGAGTGGC-1,0.000012,0.000012,0.000012,0.000012,0.002752,0.445481,0.018423,0.001814,0.530691,0.000789
AATAGAATCTGTTTCA-1,0.000042,0.000042,0.012843,0.015154,0.000042,0.628319,0.242912,0.100561,0.000042,0.000042
AATAGCAAGCCTCCTG-1,0.008575,0.00518,0.009427,0.003247,0.022888,0.14187,0.095392,0.023905,0.536721,0.152794
AATAGCTACCGCGTGC-1,0.000025,0.206819,0.01802,0.293164,0.085815,0.07177,0.008026,0.30149,0.005191,0.009678
AATAGTCGCGAGTCGG-1,0.006455,0.076086,0.010625,0.33828,0.272438,0.015159,0.120077,0.139819,0.021052,0.000008
AATATCAAGGTCGGAT-1,0.00002,0.294502,0.061998,0.272815,0.266251,0.01749,0.001491,0.037046,0.00002,0.048367
AATATCCTAGCAAACT-1,0.000096,0.000096,0.025949,0.346768,0.489619,0.048523,0.000096,0.08866,0.000096,0.000096
AATATCGAATCAATGC-1,0.044385,0.073942,0.02742,0.043388,0.014952,0.080009,0.195322,0.514004,0.005873,0.000704
AATATCGAGGGTTCTC-1,0.000032,0.174617,0.051679,0.228684,0.036361,0.12304,0.086222,0.28161,0.01508,0.002674
AATATTGGAGTATTGA-1,0.158773,0.15588,0.038698,0.044795,0.023579,0.046592,0.071302,0.460346,0.000013,0.000023
AATCAGACTGCAGGAC-1,0.005191,0.162005,0.028849,0.351954,0.319196,0.000014,0.084572,0.040439,0.007766,0.000014
AATCATGTAAAGACTC-1,0.027968,0.206268,0.013673,0.062164,0.022153,0.188742,0.04278,0.411064,0.022687,0.002502
AATCCAAGGGCCTGAG-1,0.545081,0.255255,0.048627,0.00813,0.015006,0.001269,0.089455,0.037165,0.000006,0.000006
AATCCATGCAAGGGTG-1,0.000033,0.165579,0.038655,0.116494,0.454136,0.000033,0.224972,0.000033,0.000033,0.000033
AATCGCGCAGAGGACT-1,0.047471,0.028011,0.00893,0.030465,0.002904,0.165413,0.201005,0.489661,0.012982,0.013159
AATCGGGACACTACGA-1,0.010895,0.131261,0.013537,0.032359,0.070132,0.142694,0.079849,0.439468,0.039119,0.040685
AATCGGTATAGCCCTC-1,0.000885,0.000885,0.000885,0.000885,0.235432,0.555221,0.20315,0.000885,0.000885,0.000885
AATCTAGGTTTACTTG-1,0.001617,0.000022,0.001831,0.000022,0.040366,0.29795,0.110869,0.530172,0.000022,0.017131
AATCTATGCCGGAGCC-1,0.006934,0.10741,0.042586,0.07134,0.047379,0.162571,0.12733,0.421863,0.010902,0.001686
AATCTCTACTGTGGTT-1,0.017948,0.077556,0.004184,0.114376,0.054881,0.071492,0.200753,0.406278,0.000048,0.052484
AATCTGCGTTGGGACG-1,0.006085,0.00004,0.016979,0.067988,0.114838,0.449453,0.197118,0.147408,0.00004,0.000052
AATCTGGCTTTCTAGT-1,0.025443,0.006787,0.009945,0.021841,0.031856,0.180785,0.151539,0.381101,0.00666,0.184044
AATGACAGCAATGTCT-1,0.018669,0.057877,0.040944,0.055456,0.102449,0.337706,0.075574,0.30307,0.000025,0.008229
AATGACTGTCAGCCGG-1,0.048645,0.019019,0.008588,0.083277,0.036223,0.486679,0.070072,0.247409,0.000022,0.000065
AATGAGTTCGCATATG-1,0.5454,0.230929,0.019022,0.005523,0.090251,0.010851,0.0757,0.002679,0.000015,0.019632
AATGATGATACGCTAT-1,0.011395,0.000049,0.000968,0.000049,0.000049,0.816739,0.112268,0.024685,0.018076,0.015722
AATGATGCGACTCCTG-1,0.009252,0.075828,0.0153,0.206097,0.055656,0.353563,0.071133,0.185704,0.015998,0.011469
AATGCAACCGGGTACC-1,0.087624,0.005376,0.014956,0.015908,0.008937,0.652213,0.123109,0.084874,0.00697,0.000033
AATGCACCAAGCAATG-1,0.010304,0.000044,0.019357,0.000044,0.022599,0.805098,0.061237,0.062546,0.018727,0.000044
AATGGCCGCCAATGCG-1,0.008461,0.000013,0.245501,0.01243,0.00419,0.22593,0.001358,0.004325,0.206837,0.290955
AATGGTCCACCGTTCA-1,0.413188,0.17381,0.042749,0.015962,0.016591,0.030396,0.003339,0.057007,0.024915,0.222043
AATGGTTCTCACAAGC-1,0.120892,0.068735,0.024751,0.032355,0.062798,0.189121,0.12569,0.368763,0.000018,0.006877
AATGTATGGCACTGTA-1,0.09738,0.0026,0.303889,0.003191,0.041247,0.152505,0.05583,0.134031,0.006752,0.202575
AATGTGCCCGAGGTGT-1,0.030734,0.089716,0.495157,0.096565,0.077973,0.074189,0.013881,0.042748,0.00199,0.077047
AATGTTGTCGTGAGAC-1,0.039078,0.000226,0.054629,0.000226,0.227675,0.169469,0.508018,0.000226,0.000226,0.000226
AATTAAAGGTCGGCGT-1,0.054298,0.004075,0.030008,0.002895,0.0217,0.367537,0.356053,0.16336,0.000037,0.000037
AATTACGAGACCCATC-1,0.007048,0.000022,0.046259,0.005689,0.018238,0.003038,0.54114,0.010762,0.033402,0.334401
AATTACTCGTACGCTC-1,0.022739,0.000029,0.000029,0.000029,0.746833,0.000029,0.230213,0.000043,0.000029,0.000029
AATTCATAAGGGATCT-1,0.000041,0.000041,0.000041,0.000041,0.049723,0.816438,0.001966,0.007481,0.122411,0.001819
AATTCATTGTCATGCA-1,0.060215,0.001988,0.40547,0.001718,0.015571,0.142601,0.17419,0.186727,0.011488,0.000033
AATTCCAACTTGGTGA-1,0.000187,0.000187,0.000187,0.000187,0.830872,0.019973,0.000187,0.000187,0.000187,0.147846
AATTGAACGCTCTGGT-1,0.000056,0.000056,0.000056,0.000056,0.000067,0.793672,0.183691,0.021856,0.000056,0.000433
AATTGCAGCAATCGAC-1,0.778912,0.080475,0.005785,0.000041,0.000009,0.000009,0.129737,0.005016,0.000009,0.000009
AATTGCGTGGATTACA-1,0.00004,0.00004,0.139966,0.00004,0.187901,0.483125,0.064663,0.01409,0.007489,0.102644
AATTGTGGTTGCCAAA-1,0.006117,0.000034,0.000034,0.000034,0.331443,0.306887,0.34226,0.013125,0.000034,0.000034
AATTTGGGACATAGTA-1,0.024506,0.000046,0.125964,0.000046,0.000046,0.516,0.150916,0.075647,0.064172,0.042657
AATTTGGTTCCAAAGA-1,0.010524,0.061458,0.000025,0.006591,0.013134,0.251305,0.250345,0.053419,0.036361,0.316838
ACAAACCATGCGTCCT-1,0.084865,0.00357,0.679302,0.025242,0.007416,0.0407,0.00336,0.007953,0.007763,0.139828
ACAAACCGACAAGGCG-1,0.060191,0.000031,0.000031,0.000031,0.511387,0.038409,0.131731,0.000031,0.002822,0.255338
ACAAAGAAGGTAGGCC-1,0.005076,0.000552,0.011453,0.008969,0.244229,0.099606,0.462205,0.167751,0.000147,0.000012
ACAAAGCATGACCTAG-1,0.000035,0.407594,0.022512,0.165727,0.000225,0.09918,0.028543,0.276115,0.000035,0.000035
ACAAATGGTAGTGTTT-1,0.022683,0.000066,0.000066,0.000066,0.016673,0.614541,0.297443,0.048328,0.000066,0.000066
ACAAATTCAGATCTGA-1,0.023556,0.000029,0.101046,0.000029,0.00094,0.392833,0.343373,0.138135,0.000029,0.000029
ACAACAGCATGAGCTA-1,0.00875,0.0002,0.000016,0.000016,0.024164,0.030227,0.865709,0.027826,0.043077,0.000016
ACAACGGTCCCTGCGA-1,0.332775,0.270724,0.088137,0.028966,0.002956,0.081322,0.018271,0.176832,0.000009,0.000009
ACAAGCAGTGCCTAGC-1,0.004389,0.128399,0.042845,0.292312,0.19505,0.042791,0.010712,0.275893,0.002873,0.004736
ACAAGCTATATGGAAG-1,0.147216,0.00002,0.003178,0.065267,0.162144,0.055534,0.280693,0.267563,0.008341,0.010044
ACAAGGACAAGAGGTT-1,0.066496,0.006946,0.004024,0.015058,0.0443,0.297134,0.141657,0.417423,0.006946,0.000016
ACAATAGTCGTACGTT-1,0.000012,0.162344,0.021134,0.378081,0.0045,0.007948,0.025057,0.374827,0.008723,0.017374
ACAATCCATTTAAACC-1,0.005334,0.086494,0.037772,0.142306,0.010317,0.081267,0.021012,0.563493,0.02779,0.024216
ACAATCGATCTTTATA-1,0.000303,0.000303,0.000303,0.000303,0.877494,0.000303,0.000303,0.000303,0.071209,0.049175
ACAATGAATACGGAGA-1,0.02575,0.008738,0.293836,0.01196,0.02139,0.11187,0.167758,0.100958,0.131679,0.126062
ACAATGATTCTTCTAC-1,0.00188,0.003097,0.099223,0.006168,0.000027,0.542444,0.024689,0.008932,0.227165,0.086375
ACAATTGTGTCTCTTT-1,0.006155,0.157141,0.026927,0.085208,0.051963,0.172095,0.088426,0.411867,0.000026,0.000192
ACAATTTAGGAGGCTC-1,0.239374,0.000056,0.000056,0.409895,0.131388,0.070951,0.055142,0.093026,0.000056,0.000056
ACAATTTGAGCAGTGG-1,0.007335,0.000084,0.000041,0.000041,0.004307,0.745264,0.019435,0.044382,0.145376,0.033735
ACAATTTGGCCATATT-1,0.309383,0.591985,0.058914,0.023557,0.000007,0.000091,0.000007,0.000484,0.007849,0.007724
ACACAAAGACGGGTGG-1,0.012289,0.020915,0.044476,0.014524,0.078548,0.540344,0.14028,0.148564,0.00003,0.00003
ACACAAATATTCCTAG-1,0.000787,0.137796,0.10522,0.182438,0.059769,0.096564,0.009959,0.312625,0.061506,0.033337
ACACACCAGGACCAGT-1,0.000039,0.000039,0.000039,0.000039,0.028607,0.622046,0.313893,0.035221,0.000039,0.000039
ACACACTTTCTACACG-1,0.016216,0.00005,0.00005,0.00005,0.090723,0.623364,0.143538,0.025894,0.00005,0.100067
ACACATGATCAAATCT-1,0.000918,0.046703,0.275518,0.091589,0.030663,0.075511,0.002769,0.375198,0.003015,0.098116
ACACATTGACGCAACA-1,0.006585,0.000028,0.000028,0.000028,0.88683,0.000028,0.106392,0.000028,0.000028,0.000028
ACACCACATAATTAGC-1,0.018112,0.041323,0.009946,0.063369,0.065793,0.220723,0.177625,0.402122,0.000019,0.000968
ACACCCAGCATGCAGC-1,0.000019,0.187756,0.012079,0.113543,0.034146,0.199006,0.148437,0.273416,0.000062,0.031534
ACACCCGAGAAATCCG-1,0.625746,0.275126,0.050048,0.03608,0.000006,0.004726,0.000006,0.000182,0.003592,0.004489
ACACCCGTAAATCTGT-1,0.006194,0.01106,0.640099,0.121943,0.037059,0.077149,0.023758,0.018207,0.028837,0.035695
ACACCGAGCGCTCTTT-1,0.096736,0.000641,0.00003,0.00003,0.213454,0.002222,0.668112,0.018718,0.00003,0.00003
ACACCGGTCTGACCGC-1,0.016704,0.003158,0.202409,0.008113,0.003772,0.485868,0.0103,0.023068,0.151003,0.095604
ACACCTTAAGTAGGGC-1,0.001739,0.277979,0.013669,0.158511,0.152866,0.042222,0.115902,0.16121,0.000014,0.075888
ACACCTTACTACTTGC-1,0.049966,0.002003,0.000025,0.000025,0.016064,0.277845,0.402697,0.249979,0.000025,0.00137
ACACGAGACTCCTTCT-1,0.075504,0.063383,0.018445,0.158605,0.000642,0.000015,0.606906,0.004513,0.060879,0.011108
ACACGGCACTATGCAT-1,0.017992,0.021416,0.017323,0.044548,0.050077,0.135719,0.360129,0.077403,0.040538,0.234856
ACACGGGAACTTAGGG-1,0.052459,0.041421,0.028579,0.072716,0.080927,0.042085,0.571253,0.073447,0.03704,0.000072
ACACGTAGGCCACAAG-1,0.507889,0.28029,0.022819,0.025816,0.00154,0.118593,0.000711,0.033898,0.000007,0.008437
ACACTCCAATGTCACT-1,0.159789,0.294819,0.039424,0.188889,0.059165,0.018281,0.08563,0.149548,0.004443,0.000012
ACACTGATCAAGGTGT-1,0.002563,0.000019,0.000019,0.000019,0.000019,0.524189,0.00002,0.012851,0.460283,0.000019
ACACTGGGACAGTCGT-1,0.209704,0.000143,0.000143,0.000143,0.153803,0.075758,0.013982,0.546039,0.000143,0.000143
ACAGAACTGAGAACAA-1,0.006292,0.159847,0.102831,0.126495,0.034084,0.106792,0.053018,0.407372,0.003246,0.000022
ACAGATTAGGTTAGTG-1,0.012393,0.180251,0.080655,0.20801,0.10679,0.156008,0.051905,0.200288,0.000418,0.00328
ACAGCATAGAGCCAGT-1,0.065477,0.003584,0.000028,0.000028,0.025201,0.469018,0.03407,0.395606,0.003185,0.003804
ACAGCGACATTCTCAT-1,0.162821,0.041663,0.005636,0.00003,0.026509,0.186698,0.220857,0.195217,0.00003,0.160538
ACAGGAGGCGCAGCCG-1,0.004349,0.004349,0.004349,0.00435,0.960857,0.004349,0.004349,0.004349,0.004349,0.004349
ACAGGCTTGCCCGACT-1,0.02174,0.039557,0.025675,0.000051,0.018461,0.803626,0.054322,0.036464,0.000051,0.000051
ACAGGTGGAGGTGAGG-1,0.009518,0.000035,0.051322,0.000035,0.000035,0.527252,0.300079,0.111651,0.000035,0.000035
ACAGGTGTGTTGTTGC-1,0.182852,0.000305,0.000305,0.705199,0.109814,0.000305,0.000305,0.000305,0.000305,0.000305
ACAGTAATACAACTTG-1,0.000034,0.000034,0.000034,0.000034,0.024132,0.29886,0.155015,0.49309,0.028732,0.000034
ACAGTATACCGTGGGA-1,0.01099,0.07654,0.607809,0.186549,0.021689,0.014711,0.003129,0.06701,0.010176,0.001396
ACATAAGTCGTGGTGA-1,0.000028,0.006469,0.161666,0.162489,0.078128,0.014254,0.400322,0.06406,0.098271,0.014311
ACATAATAAGGCGGTG-1,0.000033,0.011248,0.000033,0.000033,0.095504,0.761262,0.000033,0.001901,0.043606,0.086348
ACATCAGCTGGGACGC-1,0.076485,0.017763,0.000798,0.112826,0.047039,0.243838,0.020387,0.458921,0.015121,0.006822
ACATCCTGGTAACTGT-1,0.00456,0.204193,0.029556,0.160697,0.08991,0.142254,0.120541,0.230779,0.000027,0.017485
ACATCGGTCAGCCGCG-1,0.00379,0.00005,0.00005,0.00005,0.058457,0.370151,0.166738,0.400612,0.00005,0.00005
ACATCGTATGCAATGG-1,0.008899,0.082755,0.049193,0.025428,0.066191,0.523444,0.113633,0.070038,0.047416,0.013001
ACATCGTTAACCTAGT-1,0.034164,0.046819,0.004298,0.005667,0.023804,0.017996,0.407298,0.008436,0.040761,0.410758
ACATCTCAACGCGTAA-1,0.006244,0.117506,0.001468,0.038507,0.084966,0.006727,0.338856,0.063237,0.014975,0.327513
ACATGGCGCCAAAGTA-1,0.014147,0.076247,0.005277,0.066023,0.000017,0.00447,0.36796,0.097788,0.000017,0.368056
ACATGGCTCAATTTAG-1,0.000046,0.000046,0.000046,0.000046,0.32464,0.000265,0.674775,0.000046,0.000046,0.000046
ACCAAACACCCAGCGA-1,0.001048,0.010524,0.10405,0.005624,0.03232,0.355554,0.06713,0.403429,0.017652,0.002669
ACCAAACTAGAAATCC-1,0.394018,0.00003,0.00003,0.00003,0.135137,0.045746,0.284314,0.108163,0.032503,0.00003
ACCAACACCACACACT-1,0.000027,0.046679,0.016476,0.084364,0.226739,0.203851,0.02077,0.315008,0.004769,0.081316
ACCAACCGCACTCCAC-1,0.000493,0.000493,0.159777,0.000493,0.000493,0.225225,0.564225,0.000493,0.047816,0.000493
ACCAAGAACGCGTGTC-1,0.026433,0.118526,0.000033,0.01578,0.279815,0.414609,0.065736,0.039971,0.000033,0.039063
ACCAAGTCATCGGCAG-1,0.005041,0.000403,0.000403,0.000403,0.586908,0.28693,0.1187,0.000403,0.000403,0.000403
ACCACAAGTTTCTATC-1,0.012859,0.104611,0.579488,0.101345,0.056322,0.105158,0.013164,0.020473,0.000016,0.006564
ACCACCAATGTAACAA-1,0.006862,0.094548,0.010829,0.22856,0.009846,0.12021,0.024007,0.484044,0.015416,0.005679
ACCACCCTCTCTTCTA-1,0.011195,0.004952,0.014439,0.024712,0.066765,0.386428,0.196968,0.293276,0.000035,0.00123
ACCACTGTTCAAGAAG-1,0.000062,0.000062,0.000062,0.000062,0.230695,0.009722,0.759148,0.000062,0.000062,0.000062
ACCAGACCATAACAAC-1,0.103189,0.002697,0.004342,0.11924,0.140179,0.121508,0.117099,0.159799,0.015207,0.216741
ACCAGCCCGGTCTTTG-1,0.000038,0.021979,0.008802,0.000038,0.104958,0.001269,0.448151,0.000991,0.014763,0.39901
ACCAGGAGTGTGATCT-1,0.000422,0.000422,0.000422,0.000422,0.68444,0.000422,0.045061,0.267544,0.000422,0.000422
ACCAGTGCCCGGTCAA-1,0.007666,0.011097,0.153688,0.01241,0.00164,0.518307,0.039205,0.047186,0.123398,0.085404
ACCAGTGCGGGAGACG-1,0.005231,0.171209,0.025384,0.041843,0.059937,0.325994,0.11562,0.253598,0.000028,0.001156
ACCATATCCGCAATAA-1,0.073914,0.007904,0.040106,0.02073,0.018471,0.399407,0.217146,0.125591,0.039333,0.057399
ACCATCCGCCAACTAG-1,0.010519,0.068647,0.030637,0.539686,0.029045,0.055179,0.022298,0.196708,0.000024,0.047258
ACCATCGTATATGGTA-1,0.017183,0.085306,0.052037,0.131008,0.057112,0.147483,0.09036,0.406156,0.000033,0.013322
ACCATTAAGGGTGTCA-1,0.00701,0.227479,0.013998,0.28336,0.144669,0.000016,0.259586,0.030049,0.000016,0.033816
ACCCAACGCCCGTGGC-1,0.003636,0.002244,0.007632,0.000189,0.178413,0.478145,0.125481,0.106551,0.097499,0.000209
ACCCACCTACATGCTC-1,0.396932,0.075745,0.031893,0.339095,0.004117,0.050464,0.049677,0.045509,0.002386,0.004182
ACCCATCTTGAGGGTA-1,0.005613,0.082957,0.03952,0.152937,0.177981,0.113303,0.022378,0.400657,0.002476,0.002178
ACCCATTTGTCCCTCT-1,0.134127,0.685031,0.088588,0.052368,0.017527,0.000005,0.013103,0.003733,0.005512,0.000005
ACCCGAGCGAAATTAC-1,0.022619,0.003406,0.2583,0.013761,0.047718,0.413141,0.125902,0.109488,0.001478,0.004188
ACCCGGAGCACCACAA-1,0.109673,0.035154,0.020118,0.00019,0.32851,0.179223,0.007676,0.319076,0.00019,0.00019
ACCCGGATGACGCATC-1,0.003059,0.171377,0.03157,0.301838,0.026739,0.142126,0.06604,0.177721,0.00002,0.07951
ACCCGGTTACACTTCC-1,0.017577,0.018706,0.006773,0.15059,0.061059,0.24249,0.260393,0.200436,0.000036,0.041939
ACCCGTAGTCTAGTTG-1,0.00006,0.00006,0.00006,0.00006,0.328404,0.479353,0.191825,0.00006,0.00006,0.00006
ACCCTATAGGACTGAG-1,0.005379,0.332622,0.005645,0.473432,0.054717,0.000009,0.116669,0.003543,0.007975,0.000009
ACCCTATGCCATATCG-1,0.000012,0.000012,0.000012,0.000012,0.029908,0.176508,0.041462,0.00741,0.736472,0.008192
ACCCTCCCTTGCTATT-1,0.00004,0.00004,0.00004,0.00004,0.00004,0.806495,0.00004,0.00004,0.00004,0.193187
ACCCTGGTAACGCCCT-1,0.000311,0.102705,0.013984,0.105167,0.025286,0.138203,0.07554,0.439977,0.002979,0.095849
ACCCTTCATCTGCGAA-1,0.043236,0.051456,0.047939,0.013183,0.050774,0.461825,0.13363,0.144977,0.000029,0.052951
ACCCTTGCCTGGGTCG-1,0.001557,0.011975,0.013116,0.028581,0.043606,0.250612,0.009449,0.565567,0.067259,0.008279
ACCCTTTAGTTCTCCA-1,0.003044,0.086163,0.00151,0.01008,0.072992,0.101465,0.337633,0.015491,0.101388,0.270234
ACCGAAAGGGCCCTGC-1,0.319032,0.103006,0.006455,0.00203,0.072078,0.24224,0.145095,0.052077,0.000044,0.057944
ACCGAAGAGTCTGGTT-1,0.000202,0.131033,0.029438,0.099753,0.187371,0.000202,0.415505,0.091955,0.044339,0.000202
ACCGACTGAGTCCCAC-1,0.000032,0.000032,0.010812,0.013829,0.000032,0.717097,0.000032,0.000032,0.182662,0.075442
ACCGATAGGCATAACC-1,0.00007,0.262012,0.00007,0.275539,0.449474,0.00007,0.00007,0.00007,0.009831,0.002796
ACCGATATTTAATCAT-1,0.19092,0.664783,0.06971,0.0745,0.000014,0.000014,0.000014,0.000014,0.000014,0.000014
ACCGATGGTAGCATCG-1,0.000013,0.219222,0.108586,0.353301,0.014163,0.06228,0.030824,0.165406,0.017526,0.028677
ACCGCGGTGGAAGTCG-1,0.109135,0.021615,0.000082,0.000082,0.023488,0.239212,0.29827,0.307954,0.000082,0.000082
ACCGGGCCTTTGTTGA-1,0.032521,0.01455,0.000082,0.003083,0.019942,0.34834,0.039972,0.405527,0.135901,0.000082
ACCGGTCAGGTACACC-1,0.002253,0.034907,0.074542,0.000081,0.023332,0.246931,0.172716,0.380425,0.042794,0.02202
ACCGTCCACTGGGCCC-1,0.047112,0.000008,0.178334,0.001039,0.001948,0.054156,0.522469,0.040605,0.031332,0.122997
ACCGTTCCCGCTCTGA-1,0.094731,0.05562,0.000032,0.00605,0.054523,0.353797,0.105347,0.087164,0.005176,0.237561
ACCTAAGTACCTTTCA-1,0.00002,0.026746,0.061978,0.033584,0.030719,0.03228,0.11708,0.260802,0.43677,0.00002
ACCTAATCGACTTCCT-1,0.034399,0.039444,0.014909,0.10256,0.108295,0.184756,0.157865,0.354112,0.00002,0.003641
ACCTACAGTATGTGGT-1,0.000012,0.247189,0.012006,0.15855,0.079698,0.042827,0.013471,0.428392,0.012501,0.005352
ACCTCCGCCCTCGCTG-1,0.043801,0.187255,0.007383,0.05148,0.010126,0.161858,0.149908,0.182313,0.003564,0.202313
ACCTCCGTTATTCACC-1,0.002312,0.070604,0.017571,0.171802,0.07104,0.094228,0.033806,0.501755,0.01131,0.025572
ACCTCGAACTTATGCT-1,0.009253,0.049223,0.242561,0.023019,0.128079,0.262467,0.008962,0.155796,0.033011,0.087628
ACCTGCGTGTCATGTT-1,0.00049,0.103227,0.020081,0.227963,0.260046,0.029294,0.014329,0.277482,0.010556,0.056533
ACCTTTCCTTTAGAAG-1,0.011009,0.017577,0.000042,0.000042,0.694262,0.117893,0.002612,0.053503,0.081998,0.021063
ACGAAATGGGCGGCAC-1,0.058118,0.03574,0.028621,0.078623,0.029204,0.183826,0.125907,0.458234,0.001713,0.000014
ACGACCCATGAGTTGC-1,0.000143,0.235011,0.000143,0.154412,0.592233,0.000143,0.000143,0.017484,0.000143,0.000143
ACGAGAACCCATCACG-1,0.000036,0.040256,0.000036,0.000036,0.366616,0.009908,0.565613,0.017429,0.000036,0.000036
ACGAGGATACCACTCT-1,0.001328,0.093773,0.048425,0.108739,0.0399,0.13961,0.034804,0.50726,0.0111,0.015062
ACGAGGTTTACAACGT-1,0.000788,0.000788,0.000788,0.000788,0.176881,0.13931,0.265666,0.413417,0.000788,0.000788
ACGAGTACGGATGCCC-1,0.060947,0.004814,0.036859,0.253546,0.040192,0.189909,0.182547,0.23112,0.000033,0.000033
ACGAGTCGCCGGCGTT-1,0.045733,0.000033,0.000033,0.000033,0.669394,0.053953,0.218636,0.012117,0.000033,0.000033
ACGATACCTATCCTGA-1,0.139511,0.001381,0.024452,0.470469,0.236369,0.020269,0.013052,0.079757,0.000621,0.014119
ACGATCATACATAGAG-1,0.01423,0.000042,0.00762,0.013085,0.005915,0.903896,0.012359,0.020519,0.004945,0.017388
ACGATCATCTTGTAAA-1,0.000014,0.193144,0.020162,0.191328,0.004772,0.061048,0.008588,0.423942,0.066846,0.030156
ACGATGCATATGTTAT-1,0.070881,0.047303,0.026791,0.037786,0.128862,0.270891,0.181627,0.234784,0.000023,0.001052
ACGATGGATCCGATGC-1,0.006939,0.055462,0.001905,0.007324,0.000148,0.067508,0.328029,0.002926,0.002697,0.527064
ACGCAATCACTACAGC-1,0.008897,0.015203,0.027738,0.048591,0.012199,0.141895,0.337565,0.360471,0.00005,0.047392
ACGCATAAATGACATG-1,0.01453,0.00823,0.336165,0.010652,0.014778,0.483353,0.035276,0.081274,0.004736,0.011005
ACGCATACGTTTACTA-1,0.086217,0.134698,0.008753,0.020599,0.232749,0.264,0.07538,0.168211,0.000023,0.00937
ACGCATTCGTGAGTAC-1,0.038223,0.038698,0.008768,0.060549,0.011754,0.666204,0.036386,0.020776,0.05923,0.059411
ACGCCAGATGATTTCT-1,0.000029,0.000029,0.000029,0.000029,0.075562,0.35271,0.494897,0.003562,0.026357,0.046797
ACGCCAGTGCGTTTGC-1,0.000148,0.000148,0.009149,0.000148,0.545263,0.098692,0.346004,0.000148,0.000148,0.000148
ACGCCCAGCTGTCGAT-1,0.000039,0.196925,0.046644,0.416431,0.142801,0.010893,0.085545,0.074879,0.025803,0.000039
ACGCCGCTAGACGACC-1,0.00004,0.00004,0.00004,0.00004,0.00004,0.00004,0.216155,0.00004,0.126899,0.656669
ACGCCTGACACGCGCT-1,0.005002,0.005002,0.005002,0.005002,0.954986,0.005001,0.005002,0.005002,0.005001,0.005001
ACGCGCTACACAGGGT-1,0.000019,0.239566,0.053289,0.349668,0.153217,0.036723,0.025524,0.118249,0.016007,0.007737
ACGCGGGCCAAGGACA-1,0.011199,0.062224,0.013544,0.081947,0.001226,0.599644,0.092261,0.053961,0.065136,0.018858
