Barcode,Topic 1,Topic 2to4,Topic 5,Topic 6,Topic 7to8
AAACAACGAATAGTTC-1,0.000288,0.80928,0.000289,0.000289,0.189855
AAACAAGTATCTCCCA-1,0.002319,0.56109,0.002319,0.002319,0.431953
AAACAATCTACTAGCA-1,0.055551,0.888153,0.000533,0.000533,0.055231
AAACACCAATAACTGC-1,0.056142,0.769141,0.044254,0.013735,0.116728
AAACAGCTTTCAGAAG-1,0.16449,0.834996,0.000129,0.000129,0.000257
AAACAGGGTCTATATT-1,0.002556,0.987222,0.002556,0.002556,0.005111
AAACAGTGTTCCTGGG-1,0.000294,0.864621,0.000294,0.000294,0.134497
AAACATGGTGAGAGGA-1,0.000025,0.999875,0.000025,0.000025,0.00005
AAACATTTCCCGGATT-1,0.004318,0.978409,0.004317,0.004318,0.008638
AAACCCGAACGAAATC-1,0.000398,0.001192,0.401974,0.581965,0.014471
AAACCGGAAATGTTAA-1,0.002364,0.988185,0.002363,0.002363,0.004725
AAACCGGGTAGGTACC-1,0.035826,0.80387,0.109158,0.000079,0.051067
AAACCTAAGCAGCCGG-1,0.100057,0.525703,0.000307,0.12471,0.249223
AAACCTCATGAAGTTG-1,0.001204,0.806352,0.001204,0.001204,0.190036
AAACGAAGAACATACC-1,0.000642,0.784815,0.000642,0.212616,0.001284
AAACGAAGATGGAGTA-1,0.000259,0.302988,0.000259,0.138017,0.558478
AAACGAGACGGTTGAT-1,0.000105,0.999473,0.000105,0.000105,0.000211
AAACGCTGGGCACGAC-1,0.000159,0.958264,0.000159,0.031993,0.009425
AAACGGGCGTACGGGT-1,0.001149,0.830128,0.001149,0.001149,0.166425
AAACGGGTTGGTATCC-1,0.06399,0.03197,0.382755,0.028027,0.493258
AAACGGTTGCGAACTG-1,0.241534,0.757638,0.000207,0.000207,0.000414
AAACGTGTTCGCCCTA-1,0.002723,0.208368,0.002723,0.002722,0.783464
AAACTCGGTTCGCAAT-1,0.002408,0.98796,0.002408,0.002408,0.004816
AAACTCGTGATATAAG-1,0.100152,0.747467,0.000241,0.034748,0.117391
AAACTGCTGGCTCCAA-1,0.188433,0.660137,0.010142,0.141072,0.000217
AAACTTAATTGCACGC-1,0.186426,0.66766,0.140975,0.000214,0.004725
AAACTTGCAAACGTAT-1,0.000474,0.646289,0.000474,0.043075,0.309687
AAAGAATGACCTTAGA-1,0.000559,0.997205,0.000559,0.000559,0.001118
AAAGAATGTGGACTAA-1,0.000388,0.621159,0.000388,0.000388,0.377678
AAAGACCCAAGTCGCG-1,0.003913,0.526626,0.003914,0.003913,0.461634
AAAGACTGGGCGCTTT-1,0.001216,0.993922,0.001216,0.001216,0.002431
AAAGCTTGCCTACATA-1,0.001669,0.991653,0.001669,0.001669,0.003339
AAAGGCTACGGACCAT-1,0.205308,0.79263,0.00118,0.000056,0.000826
AAAGGCTCTCGCGCCG-1,0.396764,0.509552,0.000105,0.000233,0.093347
AAAGGGCAGCTTGAAT-1,0.001984,0.444592,0.002952,0.400009,0.150464
AAAGTAGCATTGCTCA-1,0.00013,0.948464,0.00013,0.00013,0.051145
AAAGTCACTGATGTAA-1,0.003913,0.705449,0.003913,0.278899,0.007827
AAAGTCGACCCTCAGT-1,0.008937,0.955279,0.008941,0.008947,0.017896
AAAGTGCCATCAATTA-1,0.00027,0.998651,0.00027,0.00027,0.00054
AAAGTGTGATTTATCT-1,0.000934,0.995328,0.000934,0.000934,0.001869
AAAGTTGACTCCCGTA-1,0.136236,0.85832,0.001361,0.001361,0.002722
AAATAAGGTAGTGCCC-1,0.000473,0.001418,0.306752,0.441608,0.249749
AAATACCTATAAGCAT-1,0.255455,0.314636,0.174552,0.00942,0.245937
AAATAGCTTAGACTTT-1,0.004814,0.738711,0.004815,0.004817,0.246843
AAATAGGGTGCTATTG-1,0.00429,0.681385,0.013884,0.101784,0.198657
AAATCCGATACACGCC-1,0.001788,0.991056,0.001789,0.001789,0.003578
AAATCGCGGAAGGAGT-1,0.000684,0.99419,0.000684,0.000684,0.003757
AAATCTAGCCCTGCTA-1,0.130239,0.639433,0.22266,0.002555,0.005112
AAATGACTGATCAAAC-1,0.000493,0.997535,0.000493,0.000493,0.000986
AAATGATTCGATCAGC-1,0.000374,0.998131,0.000374,0.000374,0.000748
AAATGCTCGTTACGTT-1,0.004009,0.994343,0.000412,0.000412,0.000824
AAATGGCATGTCTTGT-1,0.040792,0.935478,0.000085,0.023476,0.00017
AAATGGCCCGTGCCCT-1,0.003384,0.728674,0.257788,0.003384,0.00677
AAATGTATCTTATCCC-1,0.001585,0.715163,0.001585,0.001585,0.280081
AAATGTGGGTGCTCCT-1,0.000684,0.758354,0.000684,0.000684,0.239593
AAATTAATAAGCGCGA-1,0.061821,0.856334,0.000177,0.000177,0.081491
AAATTACCTATCGATG-1,0.000328,0.917541,0.000328,0.000328,0.081475
AAATTCCAGGTCCAAA-1,0.003794,0.981026,0.003795,0.003794,0.00759
AAATTGATAGTCCTTT-1,0.039675,0.493837,0.111197,0.01705,0.338241
AAATTGCGGCGGTTCT-1,0.000515,0.001546,0.849377,0.14753,0.001031
AAATTGGTGAGAAGCA-1,0.000439,0.997803,0.000439,0.000439,0.000879
AAATTTGCGGGTGTGG-1,0.000069,0.956215,0.00727,0.000069,0.036377
AACAACTGGTAGTTGC-1,0.098623,0.601192,0.026795,0.13812,0.135269
AACAATTACTCTACGC-1,0.000022,0.100194,0.000022,0.765288,0.134474
AACACACGCTCGCCGC-1,0.000773,0.483749,0.000773,0.000773,0.513932
AACACGACTGTACTGA-1,0.252856,0.657677,0.084995,0.001491,0.002981
AACACGAGACGCGGCC-1,0.038992,0.456578,0.040869,0.188,0.275562
AACACGCGGCCGCGAA-1,0.001987,0.990063,0.001989,0.001987,0.003975
AACAGGAAATCGAATA-1,0.124995,0.724065,0.000096,0.011849,0.138995
AACAGGATGGGCCGCG-1,0.00001,0.050659,0.030148,0.79061,0.128573
AACAGGTAGTATGGAT-1,0.001456,0.004368,0.157978,0.25123,0.584969
AACATAGCGTGTATCG-1,0.038128,0.642817,0.000128,0.000128,0.318798
AACATATCAACTGGTG-1,0.006588,0.705521,0.006592,0.006591,0.274707
AACATCGATACGTCTA-1,0.001789,0.728477,0.001789,0.264367,0.003578
AACATTGGTCAGCCGT-1,0.001252,0.993739,0.001252,0.001252,0.002504
AACATTGTGACTCGAG-1,0.130675,0.591527,0.001646,0.127169,0.148983
AACCAAGACTTCTCTG-1,0.070338,0.926909,0.000688,0.000688,0.001376
AACCATAGGGTTGAAC-1,0.232668,0.594852,0.000895,0.169797,0.001789
AACCATGGGATCGCTA-1,0.000429,0.266992,0.000429,0.000429,0.731721
AACCCAGAGACGGAGA-1,0.00084,0.70392,0.00084,0.00084,0.293559
AACCCATCCCATGATC-1,0.001474,0.992633,0.001473,0.001473,0.002947
AACCCGACAACCCGTG-1,0.034603,0.963676,0.00043,0.00043,0.000861
AACCCGAGCAGAATCG-1,0.000656,0.266483,0.190661,0.408269,0.133931
AACCCGCTGTATTCCA-1,0.013139,0.900036,0.086159,0.000222,0.000444
AACCCTACTGTCAATA-1,0.000076,0.009893,0.178846,0.644546,0.166639
AACCCTGGTGGAACCA-1,0.000216,0.998919,0.000216,0.000216,0.000433
AACCGCTAAGGGATGC-1,0.002362,0.988185,0.002363,0.002363,0.004727
AACCGTTGTGTTTGCT-1,0.000882,0.588836,0.000882,0.407636,0.001764
AACCTCGCTTTAGCCC-1,0.000125,0.559876,0.000125,0.147266,0.292608
AACCTGTCACGGAATT-1,0.002555,0.987221,0.002556,0.002556,0.005112
AACCTTTAAATACGGT-1,0.096247,0.8856,0.016697,0.000052,0.001404
AACCTTTACGACGTCT-1,0.263892,0.629696,0.062335,0.000238,0.043839
AACGAAAGTCGTCCCA-1,0.046843,0.000437,0.42596,0.4309,0.095859
AACGACCTCCTAGCCG-1,0.000438,0.997811,0.000438,0.000438,0.000876
AACGATAATGCCGTAG-1,0.206918,0.71262,0.028856,0.000067,0.051538
AACGATAGAAGGGCCG-1,0.163391,0.618703,0.066533,0.00005,0.151323
AACGCATGATCTGGGT-1,0.001987,0.990062,0.001987,0.001988,0.003976
AACGCGAACGGCAACA-1,0.001018,0.994909,0.001018,0.001018,0.002036
AACGCGACCTTGGGCG-1,0.000882,0.847006,0.149466,0.000882,0.001764
AACGCTGTTGCTGAAA-1,0.000321,0.833808,0.000321,0.101726,0.063824
AACGGACGTACGTATA-1,0.000783,0.936062,0.000783,0.060807,0.001565
AACGGCCATCTCCGGT-1,0.089922,0.884452,0.003747,0.014347,0.007532
AACGTAGTCTACCCAT-1,0.000118,0.999411,0.000118,0.000118,0.000236
AACGTCAGACTAGTGG-1,0.070551,0.588891,0.131329,0.098224,0.111004
AACGTCATCCGGCTTG-1,0.033343,0.672144,0.146827,0.035285,0.112402
AACGTCGCTGCACTTC-1,0.257359,0.740289,0.000588,0.000588,0.001176
AACGTGCGAAAGTCTC-1,0.030335,0.967897,0.000074,0.000074,0.001619
AACGTTATCAGCACCT-1,0.000847,0.315619,0.000846,0.000846,0.681842
AACGTTCTACCATTGT-1,0.00101,0.994952,0.00101,0.00101,0.002019
AACTACCCGTTTGTCA-1,0.003479,0.982603,0.003481,0.003479,0.006958
AACTAGCGTATCGCAC-1,0.052383,0.946022,0.000399,0.000399,0.000798
AACTAGGCTTGGGTGT-1,0.474833,0.52492,0.000062,0.000062,0.000123
AACTCCAGAGCGTGTT-1,0.00068,0.099434,0.483541,0.358994,0.057352
AACTCGATAAACACGT-1,0.093259,0.134465,0.33645,0.047388,0.388439
AACTCGATGGCGCAGT-1,0.001692,0.898048,0.095184,0.001692,0.003384
AACTCTCAATAGAGCG-1,0.001988,0.99006,0.001988,0.001988,0.003976
AACTGAGTTATACTGA-1,0.001252,0.99374,0.001252,0.001252,0.002504
AACTGATATTAGGCCT-1,0.278365,0.707743,0.013618,0.000091,0.000183
AACTGGGTCCCGACGT-1,0.384672,0.615081,0.000062,0.000062,0.000124
AACTGGTGTGGGCCTT-1,0.168923,0.821971,0.002277,0.002276,0.004553
AACTTCTGCGTCTATC-1,0.001474,0.194738,0.185698,0.001473,0.616617
AACTTGCCCGTATGCA-1,0.009766,0.475036,0.005736,0.47527,0.034192
AACTTGCGTTCTCGCG-1,0.00107,0.63643,0.00107,0.00107,0.360358
AACTTTACGGGAGCTT-1,0.003053,0.98473,0.003055,0.003054,0.006108
AACTTTAGCTGCTGAG-1,0.000544,0.675334,0.322488,0.000544,0.001089
AACTTTCTCGATCATG-1,0.00072,0.531848,0.00072,0.089884,0.376829
AAGAAATCACCAGATT-1,0.002722,0.986386,0.002724,0.002723,0.005446
AAGAAGGATCAGTTAG-1,0.000895,0.995528,0.000894,0.000895,0.001789
AAGACATACGTGGTTT-1,0.065288,0.399292,0.000978,0.000979,0.533463
AAGACCAAATAACTCA-1,0.047051,0.297352,0.015734,0.084105,0.555758
AAGACCCAACTGAACA-1,0.131271,0.868566,0.000041,0.000041,0.000082
AAGACTAACCCGTTGT-1,0.117482,0.881278,0.00031,0.00031,0.00062
AAGAGATGAATCGGTA-1,0.000027,0.122938,0.010361,0.779637,0.087037
AAGAGCTCTTTATCGG-1,0.050642,0.947685,0.000093,0.000093,0.001487
AAGAGGATGTACGCGA-1,0.014782,0.580434,0.055482,0.000047,0.349256
AAGAGGCATGGATCGC-1,0.00011,0.917249,0.065537,0.00011,0.016994
AAGAGGCCCTTTGGAA-1,0.002319,0.988406,0.002319,0.002319,0.004637
AAGATTGGCGGAACGT-1,0.06172,0.478757,0.075963,0.003365,0.380195
AAGCACCCTGCGTATC-1,0.073245,0.623067,0.022127,0.0438,0.23776
AAGCATACTCTCCTGA-1,0.038957,0.504415,0.284502,0.05426,0.117866
AAGCCGAAGCGGTTTA-1,0.00321,0.983948,0.00321,0.00321,0.006421
AAGCCGCTTTACCTTG-1,0.001842,0.814599,0.178034,0.001842,0.003684
AAGCCGGAGAGCAGGA-1,0.000315,0.998423,0.000315,0.000315,0.000631
AAGCGCAGGGCTTTGA-1,0.000212,0.871914,0.000212,0.000212,0.12745
AAGCGGAGTGCGCGCA-1,0.020006,0.633929,0.081492,0.025027,0.239547
AAGCTAGATCGAGTAA-1,0.350802,0.575826,0.053492,0.01058,0.009299
AAGCTCGTGCCAAGTC-1,0.071892,0.865512,0.000184,0.062043,0.000369
AAGCTCTTTCATGGTG-1,0.000017,0.000051,0.002585,0.99719,0.000157
AAGGAGAACTTATAAG-1,0.000244,0.842592,0.057825,0.000244,0.099095
AAGGAGCGGTTGGTGC-1,0.702228,0.156744,0.000046,0.045934,0.095048
AAGGATCGATCGCTTG-1,0.002277,0.988616,0.002277,0.002277,0.004553
AAGGATGAGGGACCTC-1,0.000339,0.998303,0.000339,0.000339,0.000679
AAGGCAGGCTGTCTCC-1,0.002608,0.534902,0.002609,0.454663,0.005218
AAGGCGCGTAAAGCTT-1,0.031453,0.23833,0.117389,0.168148,0.444681
AAGGCTGTGCTCATCG-1,0.489636,0.413977,0.016238,0.062261,0.017888
AAGGGAACGACTGGCT-1,0.206734,0.518774,0.067574,0.004457,0.202462
AAGGGACAGATTCTGT-1,0.171835,0.728774,0.000233,0.000233,0.098926
AAGGGACTATGCATTC-1,0.00016,0.999202,0.00016,0.00016,0.000319
AAGGGTTAGCCATGCG-1,0.000295,0.918399,0.000295,0.08042,0.000591
AAGGGTTTGATTTCAG-1,0.000552,0.997242,0.000552,0.000552,0.001103
AAGGTATCCTAATATA-1,0.322369,0.668388,0.000053,0.000053,0.009138
AAGGTGATAAACCAGC-1,0.00033,0.409783,0.00033,0.010965,0.578593
AAGTAAGCTTCCAAAC-1,0.011367,0.838228,0.079228,0.000062,0.071114
AAGTAGAAGACCGGGT-1,0.046321,0.826158,0.089395,0.000681,0.037446
AAGTAGTGACGCGAGG-1,0.023515,0.404071,0.00275,0.076265,0.493398
AAGTCAATTGTCGTCA-1,0.001391,0.665211,0.001391,0.001391,0.330615
AAGTCTAGTAGCTGCC-1,0.001376,0.993118,0.001376,0.001377,0.002753
AAGTCTTCTGTGGCCT-1,0.002782,0.986087,0.002783,0.002782,0.005565
AAGTGACGACCGAATT-1,0.041163,0.841764,0.000178,0.000178,0.116717
AAGTGAGTCGGGTTTA-1,0.000852,0.65531,0.341283,0.000852,0.001704
AAGTGCAAAGGTAGAC-1,0.002912,0.985438,0.002912,0.002913,0.005825
AAGTGCCTTGACTGTA-1,0.001509,0.205451,0.497719,0.001509,0.293812
AAGTGCGTTAGAATCT-1,0.000224,0.985893,0.000224,0.000224,0.013434
AAGTGCTTCTCTATTG-1,0.001766,0.991174,0.001764,0.001767,0.003529
AAGTGTTTGGAGACGG-1,0.012407,0.150951,0.000069,0.556304,0.280269
AAGTTCACTCCAAGCT-1,0.000261,0.373317,0.000261,0.160735,0.465427
AAGTTCAGTCTGCGTA-1,0.000813,0.222309,0.104892,0.256704,0.415281
AAGTTCGGCCAACAGG-1,0.046379,0.764821,0.016505,0.01492,0.157375
AAGTTGTGATGTTATA-1,0.002019,0.989901,0.00202,0.00202,0.00404
AAGTTTACTAATGGCA-1,0.001376,0.809162,0.185333,0.001376,0.002752
AAGTTTATGGGCCCAA-1,0.089571,0.784342,0.000449,0.000449,0.125189
AATAACAACGCTCGGC-1,0.000086,0.068113,0.021496,0.736594,0.173711
AATAACGTCGCGCCCA-1,0.000313,0.998435,0.000313,0.000313,0.000626
AATAAGTCCTCGAGAC-1,0.000206,0.957359,0.041817,0.000206,0.000412
AATAATCTTCGTATCG-1,0.000732,0.576846,0.000732,0.174494,0.247196
AATACAATGTTTCAGG-1,0.00072,0.577435,0.00072,0.388553,0.032573
AATACCGGAGGGCTGT-1,0.167598,0.617941,0.123359,0.000168,0.090935
AATACCTGATGTGAAC-1,0.000157,0.960499,0.000157,0.000157,0.039029
AATAGAATCTGTTTCA-1,0.000112,0.000336,0.000112,0.995016,0.004424
AATAGCTACCGCGTGC-1,0.001304,0.541669,0.001304,0.001304,0.454418
AATAGGCACGACCCTT-1,0.002122,0.989388,0.002123,0.002122,0.004245
AATAGTCCGTCCCGAC-1,0.485324,0.514502,0.000043,0.000043,0.000087
AATAGTCGCGAGTCGG-1,0.004317,0.012953,0.004319,0.004318,0.974093
AATATCAAGGTCGGAT-1,0.003296,0.983527,0.003294,0.003294,0.006589
AATATCCTAGCAAACT-1,0.001669,0.991653,0.001669,0.001669,0.00334
AATATCGAATCAATGC-1,0.002981,0.985099,0.00298,0.00298,0.00596
AATATCGAGGGTTCTC-1,0.00072,0.996402,0.00072,0.00072,0.001439
AATATTGGAGTATTGA-1,0.000537,0.997313,0.000538,0.000537,0.001075
AATCAGACTGCAGGAC-1,0.001605,0.991975,0.001605,0.001605,0.003211
AATCATGTAAAGACTC-1,0.000632,0.996838,0.000632,0.000632,0.001265
AATCCAAGGGCCTGAG-1,0.098639,0.789849,0.000244,0.000244,0.111023
AATCCATGCAAGGGTG-1,0.002556,0.987222,0.002557,0.002555,0.00511
AATCCCGCTCAGAGCC-1,0.101827,0.310033,0.458595,0.000533,0.129013
AATCGAGGTCTCAAGG-1,0.000076,0.974477,0.000076,0.000076,0.025296
AATCGCCTCAGCGCCA-1,0.00012,0.9994,0.00012,0.00012,0.00024
AATCGCGCAGAGGACT-1,0.000348,0.831571,0.073827,0.093558,0.000696
AATCGGGACACTACGA-1,0.094772,0.903426,0.000451,0.000451,0.000901
AATCGGTATAGCCCTC-1,0.000365,0.869337,0.000365,0.000365,0.129568
AATCGTGAGCCGAGCA-1,0.001715,0.991423,0.001715,0.001716,0.003431
AATCTAGGTTTACTTG-1,0.000599,0.19689,0.619257,0.000599,0.182655
AATCTATGCCGGAGCC-1,0.015655,0.921697,0.015654,0.015669,0.031326
AATCTCTACTGTGGTT-1,0.003129,0.984348,0.00313,0.003132,0.006261
AATCTGCGTTGGGACG-1,0.100868,0.004318,0.000206,0.0858,0.808808
AATCTGGCTTTCTAGT-1,0.003577,0.531477,0.003578,0.003579,0.457789
AATGACAGCAATGTCT-1,0.001121,0.942525,0.000103,0.031349,0.024902
AATGACGTAGGATGTC-1,0.000098,0.992525,0.000098,0.000098,0.007181
AATGACTGTCAGCCGG-1,0.170493,0.473976,0.074138,0.00522,0.276174
AATGAGTTCGCATATG-1,0.001318,0.993409,0.001318,0.001318,0.002636
AATGATGATACGCTAT-1,0.025401,0.805297,0.129851,0.038912,0.000539
AATGATGCGACTCCTG-1,0.000533,0.001599,0.389739,0.607063,0.001066
AATGCACCAAGCAATG-1,0.013025,0.974296,0.00012,0.00012,0.012439
AATGGTCCACCGTTCA-1,0.001228,0.993861,0.001228,0.001228,0.002456
AATGGTTCTCACAAGC-1,0.000058,0.273751,0.000058,0.208817,0.517315
AATGTATGGCACTGTA-1,0.00108,0.564476,0.001079,0.001079,0.432286
AATGTGCCCGAGGTGT-1,0.095409,0.543059,0.155652,0.000391,0.205489
AATGTTAAGACCCTGA-1,0.082821,0.532786,0.000177,0.000177,0.384039
AATGTTGTCGTGAGAC-1,0.002052,0.989739,0.002052,0.002052,0.004105
AATTAACGGATTTCCA-1,0.163727,0.740438,0.092167,0.00082,0.002848
AATTACGAGACCCATC-1,0.000309,0.248037,0.119273,0.0958,0.53658
AATTACTCGTACGCTC-1,0.001605,0.991972,0.001606,0.001606,0.003211
AATTAGCGCTGCAGCG-1,0.628558,0.343273,0.019698,0.000087,0.008384
AATTATACCCAGCAAG-1,0.00017,0.740432,0.042759,0.00017,0.216469
AATTCATAAGGGATCT-1,0.000291,0.868779,0.000291,0.000291,0.130348
AATTCATTGTCATGCA-1,0.221961,0.374615,0.025035,0.000294,0.378095
AATTCCAACTTGGTGA-1,0.001841,0.990792,0.001842,0.001842,0.003684
AATTCCAAGCATGTAC-1,0.216738,0.782828,0.000109,0.000109,0.000217
AATTCGATTCGAGGAT-1,0.000121,0.000363,0.325116,0.254556,0.419844
AATTGAACGCTCTGGT-1,0.000022,0.032952,0.039616,0.623864,0.303547
AATTGCAGCAATCGAC-1,0.001026,0.550004,0.001026,0.44589,0.002053
AATTGTGGTTGCCAAA-1,0.001227,0.993863,0.001227,0.001227,0.002455
AATTTGGTTCCAAAGA-1,0.006572,0.691046,0.115469,0.135987,0.050926
ACAAACCATGCGTCCT-1,0.226523,0.500203,0.000149,0.000149,0.272976
ACAAACCGACAAGGCG-1,0.000239,0.998805,0.000239,0.000239,0.000478
ACAAACTCCATCAGAG-1,0.001138,0.99431,0.001138,0.001138,0.002276
ACAAAGAAGGTAGGCC-1,0.001089,0.885977,0.001089,0.001089,0.110757
ACAAAGCATGACCTAG-1,0.1278,0.869993,0.000552,0.000552,0.001103
ACAAATCGCACCGAAT-1,0.049085,0.026907,0.00669,0.812539,0.10478
ACAAATGGTAGTGTTT-1,0.001581,0.317649,0.002567,0.002078,0.676126
ACAACGGTCCCTGCGA-1,0.018395,0.137527,0.040534,0.617484,0.18606
ACAAGCAGTGCCTAGC-1,0.003031,0.071255,0.000023,0.851705,0.073986
ACAAGCTATATGGAAG-1,0.003055,0.984724,0.003056,0.003055,0.00611
ACAAGGAAATCCGCCC-1,0.131296,0.852461,0.000064,0.000064,0.016114
ACAAGGACAAGAGGTT-1,0.037811,0.55192,0.06161,0.101158,0.247501
ACAAGGATGCTTTAGG-1,0.000118,0.240618,0.000118,0.168736,0.590409
ACAAGGGCAGGCTCTG-1,0.003798,0.921953,0.032771,0.023337,0.01814
ACAATAGTCGTACGTT-1,0.001407,0.992965,0.001407,0.001407,0.002814
ACAATCCATTTAAACC-1,0.00703,0.665311,0.000038,0.117969,0.209653
ACAATCGATCTTTATA-1,0.000684,0.996579,0.000684,0.000684,0.001368
ACAATGAATACGGAGA-1,0.00013,0.783324,0.00013,0.040693,0.175723
ACAATTGTGTCTCTTT-1,0.005215,0.358187,0.005217,0.005218,0.626164
ACAATTTAGGAGGCTC-1,0.002455,0.634968,0.002455,0.355211,0.004911
ACAATTTGAGCAGTGG-1,0.049969,0.862889,0.014756,0.000185,0.072202
ACAATTTGGCCATATT-1,0.002087,0.989566,0.002086,0.002087,0.004174
ACACAAAGACGGGTGG-1,0.340036,0.502582,0.000055,0.14043,0.016897
ACACAAATATTCCTAG-1,0.001869,0.990656,0.001869,0.001869,0.003738
ACACACCAGGACCAGT-1,0.000533,0.550488,0.000533,0.263971,0.184475
ACACACTTTCTACACG-1,0.025318,0.380069,0.000054,0.38472,0.209839
ACACATGATCAAATCT-1,0.000057,0.948567,0.000196,0.000057,0.051123
ACACATTGACGCAACA-1,0.001898,0.695571,0.29684,0.001897,0.003795
ACACATTTCCGTAGAC-1,0.151703,0.847222,0.000269,0.000269,0.000537
ACACCACATAATTAGC-1,0.000489,0.001468,0.175786,0.399031,0.423226
ACACCCAGCATGCAGC-1,0.398991,0.552155,0.000036,0.000118,0.0487
ACACCCGAGAAATCCG-1,0.011553,0.836296,0.000024,0.046873,0.105255
ACACCGAGCGCTCTTT-1,0.004815,0.975928,0.004813,0.004816,0.009629
ACACCGGTCTGACCGC-1,0.08479,0.723515,0.0278,0.087763,0.076132
ACACCTTAAGTAGGGC-1,0.029261,0.751162,0.017775,0.030795,0.171007
ACACCTTACTACTTGC-1,0.002362,0.775636,0.002363,0.002362,0.217277
ACACGGCACTATGCAT-1,0.003654,0.879567,0.000235,0.000235,0.116308
ACACGTAGGCCACAAG-1,0.001816,0.990926,0.001815,0.001815,0.00363
ACACTCCAATGTCACT-1,0.001305,0.645276,0.001305,0.001304,0.350811
ACACTGGGACAGTCGT-1,0.001738,0.991304,0.001739,0.001739,0.003479
ACAGAACTGAGAACAA-1,0.000048,0.87554,0.044243,0.008834,0.071335
ACAGATTAGGTTAGTG-1,0.000293,0.849304,0.149523,0.000293,0.000587
ACAGCATAGAGCCAGT-1,0.00084,0.995798,0.00084,0.00084,0.001681
ACAGCGACATTCTCAT-1,0.004638,0.976806,0.004639,0.004639,0.009279
ACAGGAGGCGCAGCCG-1,0.000471,0.997646,0.000471,0.000471,0.000942
ACAGGCACGGATCCTT-1,0.000788,0.752509,0.000788,0.24434,0.001575
ACAGGCTTGCCCGACT-1,0.026706,0.502464,0.005152,0.424663,0.041014
ACAGGTGTGTTGTTGC-1,0.00391,0.980446,0.00391,0.003911,0.007823
ACAGTAATACAACTTG-1,0.003212,0.705948,0.003211,0.003211,0.284418
ACAGTATACCGTGGGA-1,0.000381,0.813643,0.000381,0.023613,0.161983
ACATAAGTCGTGGTGA-1,0.002846,0.985769,0.002846,0.002846,0.005692
ACATAATAAGGCGGTG-1,0.650853,0.348998,0.000037,0.000037,0.000075
ACATACAATCAAGCGG-1,0.00022,0.897136,0.00022,0.00022,0.102203
ACATCAGCTGGGACGC-1,0.001605,0.402838,0.001605,0.001605,0.592346
ACATCCCGGCCATACG-1,0.873144,0.101696,0.008903,0.016169,0.000088
ACATCCTGGTAACTGT-1,0.002783,0.473774,0.002782,0.515095,0.005566
ACATCGGTCAGCCGCG-1,0.047716,0.746668,0.009409,0.000215,0.195992
ACATCGTATGCAATGG-1,0.013051,0.9867,0.000062,0.000062,0.000125
ACATCGTTAACCTAGT-1,0.000237,0.998816,0.000237,0.000237,0.000473
ACATCTCAACGCGTAA-1,0.000971,0.781654,0.214463,0.000971,0.001942
ACATGGCGCCAAAGTA-1,0.167806,0.829775,0.000605,0.000605,0.00121
ACATGGCTCAATTTAG-1,0.004318,0.978416,0.004315,0.004316,0.008634
ACATTTGAAACCTAAC-1,0.000209,0.918037,0.000209,0.000209,0.081337
ACCAAACACCCAGCGA-1,0.000517,0.535818,0.000517,0.000518,0.46263
ACCAAACTAGAAATCC-1,0.001815,0.853078,0.001815,0.001815,0.141477
ACCAACACCACACACT-1,0.002319,0.006958,0.201934,0.002319,0.786469
ACCAACCGCACTCCAC-1,0.000562,0.001685,0.160402,0.000562,0.83679
ACCAAGAACGCGTGTC-1,0.0601,0.737961,0.022031,0.000036,0.179872
ACCAAGTCATCGGCAG-1,0.000688,0.712522,0.0626,0.222814,0.001376
ACCAATATGCAAGTTA-1,0.023076,0.648723,0.039448,0.093344,0.195409
ACCACACGGTTGATGG-1,0.000288,0.998557,0.000289,0.000289,0.000577
ACCACCAATGTAACAA-1,0.00075,0.690976,0.00075,0.00075,0.306774
ACCACCCTCTCTTCTA-1,0.049792,0.510169,0.001193,0.001192,0.437654
ACCACGTGCAGCTATA-1,0.000159,0.999203,0.000159,0.000159,0.000319
ACCACTGTTCAAGAAG-1,0.099237,0.891868,0.000372,0.000372,0.008152
ACCAGACCATAACAAC-1,0.001692,0.866436,0.126795,0.001692,0.003384
ACCAGCCCGGTCTTTG-1,0.001149,0.994256,0.001149,0.001149,0.002298
ACCAGGAGTGTGATCT-1,0.000302,0.525127,0.283353,0.000302,0.190916
ACCAGTGCGGGAGACG-1,0.00202,0.989901,0.00202,0.00202,0.004039
ACCATCCGCCAACTAG-1,0.003478,0.982604,0.003479,0.00348,0.00696
ACCATTAAGGGTGTCA-1,0.00447,0.660594,0.004472,0.004471,0.325993
ACCCAACGCCCGTGGC-1,0.019202,0.977368,0.000858,0.000858,0.001715
ACCCACCTACATGCTC-1,0.017118,0.160381,0.003205,0.511253,0.308042
ACCCATCTTGAGGGTA-1,0.00292,0.954604,0.00007,0.011234,0.031172
ACCCATTTGTCCCTCT-1,0.000994,0.995031,0.000994,0.000994,0.001988
ACCCGGAAACTCCCAG-1,0.01216,0.91625,0.001492,0.014837,0.055261
ACCCGGAGCACCACAA-1,0.000099,0.999505,0.000099,0.000099,0.000198
ACCCGGATGACGCATC-1,0.000221,0.948262,0.000221,0.000221,0.051075
ACCCGTAGTCTAGTTG-1,0.000214,0.356152,0.455672,0.061576,0.126387
ACCCGTGTCATCAGTA-1,0.397983,0.601713,0.000076,0.000076,0.000152
ACCCTATAGGACTGAG-1,0.067528,0.406294,0.118077,0.000768,0.407332
ACCCTCCCGTCAGGGC-1,0.000745,0.841396,0.000745,0.000745,0.156368
ACCCTCCCTTGCTATT-1,0.000037,0.125288,0.022987,0.408177,0.443512
ACCCTGGTAACGCCCT-1,0.001508,0.880188,0.113778,0.001508,0.003017
ACCCTTCATCTGCGAA-1,0.000106,0.266225,0.000106,0.56121,0.172353
ACCCTTGCCTGGGTCG-1,0.000971,0.995147,0.000971,0.000971,0.001941
ACCGAAAGGGCCCTGC-1,0.004474,0.977642,0.004472,0.004471,0.008941
ACCGAAGAGTCTGGTT-1,0.003131,0.655948,0.00313,0.33153,0.006261
ACCGACACATCTCCCA-1,0.142141,0.632681,0.171576,0.019085,0.034517
ACCGAGTCTCCTTATT-1,0.000459,0.997706,0.000459,0.000459,0.000917
ACCGATAGGCATAACC-1,0.181017,0.210503,0.003914,0.003912,0.600654
ACCGATATTTAATCAT-1,0.002722,0.53197,0.293881,0.165982,0.005445
ACCGATGGTAGCATCG-1,0.001473,0.787059,0.001473,0.001473,0.208522
ACCGCAATAACTGCCT-1,0.189311,0.641974,0.000038,0.088786,0.079891
ACCGCGGTGGAAGTCG-1,0.002555,0.987221,0.002556,0.002556,0.005112
ACCGGGCCTTTGTTGA-1,0.135828,0.527681,0.002455,0.002455,0.33158
ACCGGTCAGGTACACC-1,0.156935,0.727139,0.000219,0.000219,0.115489
ACCGTCCACTGGGCCC-1,0.001035,0.994825,0.001035,0.001035,0.00207
ACCGTGACCACGTGGG-1,0.100568,0.805548,0.016738,0.066517,0.010629
ACCGTTCCCGCTCTGA-1,0.001842,0.824383,0.001842,0.001841,0.170092
ACCTAAGTACCTTTCA-1,0.000104,0.90567,0.000885,0.009675,0.083665
ACCTAATCGACTTCCT-1,0.000016,0.068874,0.009153,0.741306,0.18065
ACCTACAGTATGTGGT-1,0.002505,0.987476,0.002504,0.002505,0.00501
ACCTACTATAAATCTA-1,0.001869,0.990656,0.001869,0.001869,0.003738
ACCTCAGCGAGGCGCA-1,0.000106,0.999472,0.000106,0.000106,0.000211
ACCTCCGCCCTCGCTG-1,0.000895,0.002684,0.993738,0.000894,0.001789
ACCTCCGTTATTCACC-1,0.003212,0.715688,0.003212,0.003211,0.274677
ACCTCGAACTTATGCT-1,0.093649,0.674037,0.076698,0.074901,0.080715
ACCTGCGTGTCATGTT-1,0.000385,0.4685,0.000385,0.000386,0.530344
ACCTTTCCTTTAGAAG-1,0.001491,0.992546,0.001491,0.00149,0.002981
ACGAAATGGGCGGCAC-1,0.000163,0.940804,0.000163,0.032367,0.026503
ACGACCCATGAGTTGC-1,0.040821,0.956051,0.000092,0.002852,0.000184
ACGACTCTAGGGCCGA-1,0.000646,0.899086,0.000645,0.098332,0.001291
ACGAGAACCCATCACG-1,0.001053,0.994739,0.001052,0.001052,0.002104
ACGAGGATACCACTCT-1,0.000111,0.306669,0.017234,0.154149,0.521838
ACGAGGTTTACAACGT-1,0.003385,0.983077,0.003385,0.003384,0.006769
ACGAGTACGGATGCCC-1,0.002407,0.98796,0.002408,0.002408,0.004816
ACGAGTCGCCGGCGTT-1,0.001956,0.628348,0.363826,0.001957,0.003913
ACGATACATAGAACTA-1,0.066669,0.931818,0.000378,0.000378,0.000757
ACGATACCTATCCTGA-1,0.001278,0.534659,0.46023,0.001278,0.002556
ACGATCATCTTGTAAA-1,0.003054,0.984729,0.003054,0.003054,0.006109
ACGATGGATCCGATGC-1,0.09279,0.905599,0.000403,0.000403,0.000805
ACGCAAACTAATAGAT-1,0.147673,0.414124,0.001376,0.001376,0.435451
ACGCAATCACTACAGC-1,0.002087,0.75642,0.002087,0.235233,0.004174
ACGCATACGTTTACTA-1,0.315253,0.283064,0.002087,0.395422,0.004174
ACGCCACTCGAAACAG-1,0.000442,0.997788,0.000442,0.000442,0.000885
ACGCCAGATGATTTCT-1,0.000636,0.996822,0.000636,0.000636,0.001271
ACGCCAGTGCGTTTGC-1,0.000787,0.996062,0.000788,0.000788,0.001575
ACGCCCAGCTGTCGAT-1,0.001546,0.992272,0.001546,0.001545,0.003091
ACGCCGCTAGACGACC-1,0.105144,0.534556,0.30478,0.052245,0.003276
ACGCCTGACACGCGCT-1,0.050225,0.713321,0.184902,0.000204,0.051348
ACGCGCTACACAGGGT-1,0.022435,0.862492,0.000641,0.079163,0.035269
ACGCGTTTCTTAAGAG-1,0.00298,0.98509,0.002982,0.002983,0.005964
ACGCTACTGAATGGGC-1,0.044393,0.907454,0.000441,0.000441,0.047272
ACGCTAGTGATACACT-1,0.001278,0.003833,0.001278,0.001278,0.992333
ACGCTGTGAGGCGTAG-1,0.003793,0.861662,0.003793,0.003794,0.126957
ACGGAACACGAGTGCC-1,0.000373,0.880764,0.000373,0.000373,0.118117
ACGGAATTTAGCAAAT-1,0.000435,0.971741,0.000435,0.000435,0.026955
ACGGACTCTCAAAGCG-1,0.027674,0.17076,0.170144,0.237632,0.39379
ACGGAGCGCAAATTAC-1,0.000517,0.774418,0.000517,0.223512,0.001035
ACGGATGGTGCGGATA-1,0.011265,0.122909,0.023597,0.609103,0.233126
ACGGCGACGATGGGAA-1,0.000055,0.999725,0.000055,0.000055,0.00011
ACGGCGGGTTGCCCTG-1,0.000154,0.999229,0.000154,0.000154,0.000308
ACGGCTGGATGTAGAA-1,0.000617,0.189253,0.000617,0.000617,0.808897
ACGGGAGTGTCGGCCC-1,0.042644,0.82754,0.000089,0.000089,0.129639
ACGGGCGTATGCGACA-1,0.000265,0.830729,0.039881,0.000265,0.128859
ACGGGTCATGTGACTT-1,0.003478,0.98261,0.003478,0.003478,0.006956
ACGGTACAGTTCAATG-1,0.000659,0.840455,0.000659,0.000659,0.157568
ACGTACAGATTTCTCT-1,0.001692,0.99154,0.001692,0.001692,0.003384
ACGTAGGAGAGTCGCT-1,0.000174,0.999129,0.000174,0.000174,0.000348
ACGTATTACTCCGATC-1,0.00167,0.796151,0.001669,0.00167,0.198841
ACGTCCTAAACGAGAT-1,0.001455,0.99272,0.001456,0.001456,0.002912
ACGTCTCGTTCCGGGA-1,0.001841,0.829316,0.163318,0.001841,0.003683
ACGTGACAAAGTAAGT-1,0.001565,0.992174,0.001565,0.001565,0.00313
ACGTGCGCCTCGTGCA-1,0.011879,0.923349,0.000102,0.000102,0.064568
ACGTGGTCGAATGTGC-1,0.000127,0.998267,0.000127,0.001224,0.000255
ACGTTAGATTTGCCCG-1,0.117759,0.786175,0.001896,0.058794,0.035377
ACGTTATTGGTCACTC-1,0.745882,0.227752,0.00659,0.006593,0.013182
ACGTTCACTATGCCGC-1,0.002982,0.985095,0.002981,0.002981,0.005962
ACGTTCCGCGCTCCGT-1,0.001627,0.991868,0.001626,0.001626,0.003253
ACGTTCGCAATCAATT-1,0.001035,0.254976,0.628316,0.113604,0.00207
ACGTTCGTTCAGGAAA-1,0.152425,0.846892,0.000171,0.000171,0.000342
ACGTTCTGTACAAGTC-1,0.00101,0.762176,0.00101,0.233784,0.00202
ACGTTTAGTTGTGATC-1,0.19765,0.796526,0.001456,0.001456,0.002912
ACGTTTCGGTGCACTT-1,0.000474,0.997628,0.000474,0.000474,0.000949
ACTAAGGACGCACACC-1,0.000073,0.710441,0.027692,0.065606,0.196188
ACTACAAAGAGAGGTG-1,0.048482,0.696284,0.022985,0.062038,0.170212
ACTACATCCCGACAAG-1,0.158627,0.630474,0.039978,0.001327,0.169595
ACTACCAGCTCTCTGG-1,0.066069,0.670473,0.039529,0.103859,0.120069
ACTACGCGTTAGAATT-1,0.277125,0.629508,0.085672,0.000054,0.00764
ACTAGTTGCGATCGTC-1,0.003054,0.984728,0.003054,0.003055,0.00611
ACTATATGCTGTGTTC-1,0.115852,0.706988,0.097142,0.000329,0.07969
ACTATCCAGGGCATGG-1,0.005008,0.97496,0.005007,0.005008,0.010016
ACTATCGCCGGCTAAA-1,0.011495,0.353778,0.083714,0.030883,0.520129
ACTATCTGCCCGCGTA-1,0.005007,0.974967,0.005006,0.005006,0.010014
ACTATGTCCAGCTGCC-1,0.125179,0.689489,0.000126,0.060579,0.124626
ACTATTCGTCCGTGGT-1,0.000914,0.99543,0.000914,0.000914,0.001828
ACTATTTCCGGGCCCA-1,0.035113,0.819922,0.123689,0.000178,0.021097
ACTCAACGAATGTATT-1,0.001098,0.994509,0.001098,0.001098,0.002196
ACTCAAGTGCAAGGCT-1,0.000305,0.439322,0.117401,0.000305,0.442666
ACTCAGACCTGCTTCT-1,0.002363,0.988186,0.002363,0.002363,0.004726
ACTCCCATTCCTAAAG-1,0.170637,0.360747,0.003478,0.003479,0.461659
ACTCCCGAATTCGTTT-1,0.005009,0.974952,0.005011,0.005009,0.010018
ACTCCCGTAGACTAGG-1,0.000716,0.684085,0.000716,0.000716,0.313769
ACTCCCTAATGCTAAA-1,0.145251,0.854369,0.000072,0.000072,0.000236
ACTCCCTAGAATAGTA-1,0.20042,0.745119,0.035899,0.007027,0.011535
ACTCCGGCCGACCACT-1,0.026364,0.666188,0.001181,0.001181,0.305085
ACTCGATGTATTTCAT-1,0.003295,0.983525,0.003295,0.003295,0.00659
ACTCGCCGTTCGATAA-1,0.263938,0.731002,0.001265,0.001265,0.00253
ACTCGCGATCTGACGC-1,0.179926,0.810056,0.002505,0.002504,0.005009
ACTCGTAACCCGTCCT-1,0.063561,0.728756,0.045711,0.116481,0.045492
ACTCGTCAGTAATCCC-1,0.144526,0.763932,0.061898,0.000117,0.029527
ACTCTAAACCTGGGAT-1,0.001764,0.991181,0.001763,0.001764,0.003528
ACTCTCTGACTTAGGT-1,0.000099,0.92036,0.000099,0.000099,0.079343
ACTCTGACCTAATAGA-1,0.00097,0.995146,0.000971,0.000971,0.001941
ACTCTTCAGCTCCCGC-1,0.35275,0.632072,0.003793,0.003795,0.00759
ACTGAAACGCCGTTAG-1,0.001606,0.991972,0.001606,0.001606,0.003211
ACTGAATGGCGAAAGT-1,0.00596,0.6941,0.000048,0.156723,0.143168
ACTGCCGTCGTAACTC-1,0.019411,0.979794,0.000199,0.000199,0.000398
ACTGCGGACACACCGT-1,0.001987,0.990064,0.001988,0.001987,0.003975
ACTGCTCGGAAGGATG-1,0.000556,0.997217,0.000557,0.000557,0.001113
ACTGGCGAACCTGCGT-1,0.084681,0.607878,0.182003,0.083724,0.041714
ACTGGGATGCCAGTGC-1,0.081121,0.209762,0.295079,0.1103,0.303738
ACTGTACGATACACAT-1,0.076768,0.705611,0.066166,0.000171,0.151284
ACTGTAGCACTTTGGA-1,0.000058,0.882159,0.0007,0.074354,0.04273
ACTGTATACGCGAGCA-1,0.000754,0.996228,0.000754,0.000754,0.001509
ACTGTGCTAGTAGATC-1,0.062705,0.244521,0.000312,0.511157,0.181305
ACTGTTTAGTGTAGGC-1,0.000835,0.995826,0.000835,0.000835,0.00167
ACTTACGCATCCACGC-1,0.131335,0.593564,0.000058,0.091432,0.183612
ACTTAGTACGACAAGA-1,0.062573,0.238846,0.000075,0.183904,0.514601
ACTTATACTTACCCGG-1,0.000649,0.870428,0.000649,0.000649,0.127626
ACTTATCTGATCTATA-1,0.12012,0.49288,0.239348,0.034796,0.112856
ACTTATTTATGTGCCA-1,0.002608,0.55284,0.003397,0.002609,0.438547
ACTTCAGGCTGATCCC-1,0.000018,0.003079,0.000018,0.552681,0.444204
ACTTCCAGTGGAAGCT-1,0.000927,0.818235,0.000928,0.000928,0.178982
ACTTCCATGCGGGACA-1,0.000258,0.906977,0.000258,0.079179,0.013328
ACTTCGCTAGCGAGTG-1,0.003296,0.983518,0.003296,0.003297,0.006593
ACTTGACTCCCTCTTT-1,0.166176,0.833367,0.000114,0.000114,0.000229
ACTTGCCATATTGTAC-1,0.000281,0.342466,0.027789,0.000281,0.629183
ACTTGGGACCCGGTGG-1,0.289373,0.424384,0.031193,0.216403,0.038646
ACTTGGGCTTTCGCCA-1,0.000064,0.768148,0.018323,0.000064,0.213401
ACTTGTAGTCCCTTCA-1,0.004815,0.975914,0.004819,0.004817,0.009635
ACTTGTGGATGGAACG-1,0.003795,0.981027,0.003794,0.003794,0.00759
ACTTGTTACCGGATCA-1,0.035172,0.488767,0.344737,0.000111,0.131213
ACTTTACCCTCATGAA-1,0.000941,0.002825,0.150669,0.015604,0.829961
ACTTTGACTGCATCCT-1,0.087298,0.676034,0.127572,0.000692,0.108404
ACTTTGGTCGTGCTCC-1,0.000835,0.995825,0.000835,0.000835,0.00167
ACTTTGTCGACGCACT-1,0.001898,0.990514,0.001897,0.001897,0.003794
AGAAATTATGACTCGC-1,0.000882,0.002646,0.187923,0.000882,0.807667
AGAACCCAGCGTGACA-1,0.002913,0.985441,0.002912,0.002912,0.005823
AGAACCCTCAATTGGG-1,0.001291,0.625484,0.001291,0.001291,0.370643
AGAACTGTACTTTGTA-1,0.00035,0.779983,0.00035,0.00035,0.218967
AGAAGAGCGCCGTTCC-1,0.001585,0.830056,0.001585,0.163603,0.00317
AGAAGGTACACTTCAC-1,0.001253,0.993738,0.001252,0.001252,0.002505
AGAAGGTTGTAGGTCG-1,0.040286,0.479161,0.084534,0.04379,0.352229
AGAAGTGATTCGTGAT-1,0.0038,0.868337,0.000141,0.000141,0.127582
AGAATAAATCTTCAGG-1,0.001473,0.221602,0.282395,0.233694,0.260836
AGAATACAGGCTATCC-1,0.000088,0.657412,0.080763,0.015711,0.246026
AGAATGCGGGTTCGGA-1,0.039306,0.883367,0.020748,0.000395,0.056184
AGAATTATGGATTCGA-1,0.001626,0.99187,0.001626,0.001626,0.003252
AGAATTGTTTGACATA-1,0.000239,0.504521,0.014878,0.007861,0.472501
AGACAGCTCAGAATCC-1,0.007823,0.960873,0.007824,0.007826,0.015654
AGACAGGCATCTCAGC-1,0.116862,0.874193,0.002236,0.002237,0.004472
AGACATAGATCCTTCC-1,0.002363,0.807486,0.002363,0.183062,0.004726
AGACCAAACCACACCT-1,0.001763,0.664944,0.001764,0.001764,0.329765
AGACCATGGGATACAA-1,0.004556,0.151162,0.004927,0.415305,0.42405
AGACCCACCGCTGATC-1,0.575755,0.397494,0.000758,0.014999,0.010994
AGACCGCTCCGCGGTT-1,0.205344,0.778497,0.004039,0.00404,0.008079
AGACCGGGAAACCCTG-1,0.002318,0.988405,0.002319,0.002318,0.004639
AGACGAAGTGCCGGTC-1,0.001585,0.85275,0.001585,0.001585,0.142494
AGACGACGATGCCGCT-1,0.10408,0.615718,0.048609,0.111184,0.12041
AGACGCCCACTTCGCC-1,0.000963,0.995183,0.000963,0.000963,0.001927
AGACTAGCCTTCCAGA-1,0.625007,0.221788,0.045364,0.008926,0.098915
AGACTGTTACCGGGTC-1,0.001044,0.994782,0.001043,0.001044,0.002087
AGAGAACCGTCTAGGA-1,0.137407,0.860917,0.000419,0.000419,0.000838
AGAGATCTCTAAAGCG-1,0.000677,0.826729,0.170563,0.000677,0.001354
AGAGCAGTTATGAGAC-1,0.000246,0.356428,0.000246,0.642588,0.000492
AGAGCCGCCGAGATTT-1,0.004038,0.783944,0.199903,0.004037,0.008077
AGAGCGCTTGTAACGG-1,0.25104,0.744279,0.00117,0.00117,0.002341
AGAGCGGGCTAATCAT-1,0.100673,0.761784,0.007609,0.066912,0.063022
AGAGCGTACAAGCTCG-1,0.000017,0.02862,0.020635,0.837724,0.113004
AGAGCTACGAAAGCAT-1,0.003579,0.982108,0.003577,0.003578,0.007157
AGAGGCTTCGGAAACC-1,0.001278,0.99361,0.001278,0.001278,0.002556
AGAGGTATCTCGGTCC-1,0.000501,0.997495,0.000501,0.000501,0.001002
AGAGTAAACTTCACTA-1,0.001361,0.562779,0.186904,0.001361,0.247596
AGAGTATAGTGTTACG-1,0.00202,0.814518,0.002019,0.00202,0.179423
AGAGTCTTAATGAAAG-1,0.156475,0.77415,0.000247,0.000248,0.068881
AGAGTTGCAGGCCTCC-1,0.074179,0.674275,0.014125,0.130281,0.107141
AGATAACTTCAGGGCC-1,0.155206,0.561559,0.00943,0.082552,0.191253
AGATACCAATAGAACC-1,0.001957,0.815123,0.177051,0.001957,0.003913
AGATACCAGCACTTCA-1,0.000058,0.856018,0.000058,0.000058,0.143809
AGATACCGGTGTTCAC-1,0.093637,0.779679,0.105686,0.002534,0.018464
AGATACGACTTCATAT-1,0.011239,0.306912,0.091639,0.224149,0.36606
AGATACTCAAGATCGA-1,0.000048,0.738749,0.000048,0.000048,0.261108
AGATATAATACGACTA-1,0.001044,0.994782,0.001044,0.001043,0.002087
AGATCGTGCATAAGAT-1,0.000368,0.553323,0.091371,0.137181,0.217757
AGATGACTCGCCCACG-1,0.192956,0.78094,0.020721,0.00007,0.005312
AGATGAGGGTTGCGAT-1,0.000365,0.998175,0.000365,0.000365,0.00073
AGATGATGGAGTCTGG-1,0.001763,0.120433,0.305508,0.150253,0.422043
AGATGCAAGACGTGCA-1,0.013924,0.890251,0.026907,0.000078,0.06884
AGATGCATCCTGTGTC-1,0.00313,0.984349,0.003129,0.003131,0.006261
AGATGCTATAACGAGC-1,0.21031,0.693378,0.030786,0.000155,0.065371
AGATTCACAACCGATA-1,0.001252,0.632337,0.362654,0.001252,0.002504
AGCAAAGGCCGCTAGT-1,0.058408,0.707079,0.130774,0.016137,0.0876
AGCAACATATCTTATT-1,0.003684,0.981588,0.003682,0.003682,0.007364
AGCAACCGAAAGTAAT-1,0.029343,0.536596,0.134722,0.004887,0.294451
AGCACTACCGGCCTGT-1,0.000407,0.997967,0.000407,0.000407,0.000813
AGCACTACCTCACCAG-1,0.004767,0.20178,0.004396,0.391695,0.397362
AGCACTTAAGGACGCC-1,0.020035,0.57245,0.020617,0.279668,0.107231
AGCAGAAGGAGAAAGA-1,0.056644,0.272754,0.039511,0.31908,0.312011
AGCAGCCAGATGAATA-1,0.526442,0.473419,0.000035,0.000035,0.00007
AGCAGTCGAAGCATGC-1,0.000147,0.39206,0.082906,0.000147,0.524741
AGCATATCAATATGCT-1,0.001898,0.868475,0.001897,0.001897,0.125833
AGCATCATTTCGAAAG-1,0.02613,0.744056,0.075541,0.012063,0.14221
AGCATCGTCGATAATT-1,0.250542,0.703412,0.000048,0.000048,0.045949
AGCATTACGAGGCAAG-1,0.001423,0.992883,0.001423,0.001424,0.002847
AGCCAAGCTTTGTGTC-1,0.132995,0.477105,0.021517,0.00008,0.368303
AGCCACAGGTTACCCG-1,0.155832,0.841037,0.000783,0.000783,0.001565
AGCCACTCCCGTGCTT-1,0.157354,0.783076,0.058068,0.000501,0.001002
AGCCATATAGTATGTG-1,0.086643,0.913021,0.000084,0.000084,0.000168
AGCCCATACATGTAAG-1,0.077858,0.753891,0.00008,0.001204,0.166967
AGCCCGCAACAAGCAG-1,0.104161,0.894948,0.000223,0.000223,0.000446
AGCCCGCACTACAATG-1,0.000409,0.997954,0.000409,0.000409,0.000819
AGCCCGGCATTAGAGG-1,0.044082,0.723817,0.022532,0.180179,0.029389
AGCCCGGTAGCCTGTA-1,0.14068,0.847933,0.002846,0.002848,0.005693
AGCCCTAAGCGAAGTT-1,0.000157,0.842302,0.05509,0.015304,0.087147
AGCCCTGTCGCACCGT-1,0.002783,0.699346,0.002783,0.002783,0.292305
AGCCCTTCTAATCCGA-1,0.000623,0.850711,0.000623,0.000623,0.14742
AGCCCTTGGACATCCC-1,0.00167,0.846096,0.147225,0.00167,0.003339
AGCCGCAAATTCAAAT-1,0.000072,0.972211,0.000072,0.000072,0.027574
AGCCGCTTGATTAGCG-1,0.000934,0.995329,0.000934,0.000934,0.001869
AGCCGTGGCTAAATGT-1,0.060886,0.817871,0.000114,0.019401,0.101728
AGCCTAATACCCACGT-1,0.000069,0.000206,0.000069,0.182911,0.816746
AGCCTTAAAGCGGAAG-1,0.002914,0.725729,0.26262,0.002914,0.005824
AGCGACATCCCATTCA-1,0.094446,0.645393,0.199387,0.003779,0.056994
AGCGACCAACGATATT-1,0.222993,0.561303,0.003731,0.117424,0.094549
AGCGACTTTGAAGACA-1,0.141513,0.535603,0.001988,0.001987,0.318909
AGCGATGCGCCTAATA-1,0.000533,0.345852,0.000533,0.000533,0.65255
AGCGCATAATGAATCG-1,0.594003,0.404242,0.000029,0.001667,0.000059
AGCGCGGGTGCCAATG-1,0.000274,0.895312,0.000274,0.000274,0.103866
AGCGCTAGAGCGATGT-1,0.002196,0.344399,0.002197,0.002197,0.649011
AGCGGACACTTCGTAG-1,0.104147,0.784816,0.099467,0.00007,0.0115
AGCGGCGGTTAGCGGT-1,0.002363,0.667822,0.322728,0.002363,0.004725
AGCGGGAAGGGTCCAT-1,0.00028,0.657681,0.000279,0.00028,0.34148
AGCGGGTCTGACACTC-1,0.001439,0.992804,0.001439,0.001439,0.002879
AGCGGTTGCCGCTCTG-1,0.000888,0.931652,0.064796,0.000888,0.001776
AGCGTACGAGAGCTAG-1,0.000846,0.879794,0.000846,0.000846,0.117668
AGCGTAGCGCTAGACC-1,0.000476,0.997619,0.000476,0.000476,0.000952
AGCGTCTGAACCCGCA-1,0.00084,0.995798,0.000841,0.00084,0.001681
AGCGTGGTATTCTACT-1,0.297768,0.701992,0.00006,0.00006,0.00012
AGCTAAGCTCCGTCCG-1,0.003682,0.830921,0.154348,0.003683,0.007366
AGCTAAGTACGCAGGC-1,0.053957,0.693517,0.000963,0.000963,0.2506
AGCTACGAATGGTGGT-1,0.000203,0.77454,0.037818,0.000203,0.187236
AGCTAGAAGCAGAAGT-1,0.049735,0.168194,0.200943,0.045812,0.535317
AGCTATTTAATCCAAC-1,0.082492,0.916777,0.000183,0.000183,0.000366
AGCTCCATATATGTTC-1,0.004638,0.97681,0.004639,0.004638,0.009276
AGCTCCTTCGCACATC-1,0.000177,0.213827,0.000177,0.491561,0.294259
AGCTCGTTGATGGAAA-1,0.001098,0.860589,0.001098,0.001098,0.136116
AGCTCTAGACGTTCCA-1,0.144358,0.855175,0.000117,0.000117,0.000234
AGCTCTTCCCAGTGCA-1,0.032554,0.874312,0.00025,0.070131,0.022752
AGCTCTTCGTAACCTT-1,0.002319,0.988403,0.002319,0.002319,0.004639
AGCTGAAGTAAACCAA-1,0.049312,0.587125,0.114683,0.000155,0.248725
AGCTGTAACCTCAATC-1,0.000235,0.58537,0.144669,0.000235,0.26949
AGCTTATAGAGACCTG-1,0.000257,0.998717,0.000257,0.000257,0.000513
AGCTTCAATACTTTGA-1,0.000908,0.995462,0.000907,0.000907,0.001815
AGCTTCTTCTCGAGCA-1,0.000737,0.88923,0.000737,0.000737,0.108559
AGCTTGATCTTAACTT-1,0.105338,0.892841,0.000455,0.000455,0.000911
AGGAAAGCCTCTGATG-1,0.001692,0.991538,0.001692,0.001692,0.003385
AGGAACGAACGACTTC-1,0.000819,0.965364,0.031362,0.000818,0.001637
AGGAAGCTGTCCGCCG-1,0.179587,0.737156,0.000845,0.017681,0.06473
AGGACAGTCGAATCCC-1,0.000274,0.828193,0.000274,0.101407,0.069852
AGGACATCGCACGTCG-1,0.000071,0.632683,0.000071,0.013058,0.354118
AGGACATCGGCACACT-1,0.000788,0.996062,0.000787,0.000788,0.001575
AGGACGCTCGATGTTG-1,0.038605,0.396632,0.00012,0.00012,0.564523
AGGACTTATAGGAGAA-1,0.002556,0.98722,0.002556,0.002556,0.005112
AGGAGACATCCACAGT-1,0.001252,0.708799,0.286193,0.001252,0.002504
AGGAGAGTCTGGCTAC-1,0.001332,0.820329,0.001332,0.001332,0.175675
AGGAGCGTTTATTATC-1,0.000835,0.995826,0.000835,0.000835,0.00167
AGGAGGCCTTCGCGCG-1,0.000921,0.995396,0.000921,0.000921,0.001842
AGGATAAAGTCGGGAT-1,0.423369,0.576468,0.000041,0.000041,0.000082
AGGATATAGGGATTTA-1,0.005442,0.590759,0.005443,0.387468,0.010889
AGGATATCCGACTGCA-1,0.001692,0.991539,0.001692,0.001692,0.003384
AGGATCACGCGATCTG-1,0.002123,0.771263,0.002123,0.002123,0.222369
AGGATTGCTTACGACA-1,0.004171,0.979138,0.004174,0.004171,0.008346
AGGCAAAGAGGAATCA-1,0.000131,0.98177,0.000131,0.000131,0.017837
AGGCAATACGGAGGAC-1,0.001508,0.992455,0.001509,0.001509,0.003019
AGGCACGTGACTGTCC-1,0.002087,0.75887,0.002087,0.002088,0.234868
AGGCAGATGCGTAAAC-1,0.000472,0.997637,0.000473,0.000472,0.000945
