Barcode,Topic 1,Topic 2to3,Topic 4to9
AAACAACGAATAGTTC-1,0.000186,0.019061,0.980752
AAACAAGTATCTCCCA-1,0.000091,0.000182,0.999726
AAACAATCTACTAGCA-1,0.000219,0.166385,0.833396
AAACACCAATAACTGC-1,0.001658,0.363784,0.634558
AAACAGCTTTCAGAAG-1,0.000313,0.081694,0.917994
AAACAGGGTCTATATT-1,0.000782,0.001566,0.997652
AAACATGGTGAGAGGA-1,0.000983,0.001968,0.997049
AAACATTTCCCGGATT-1,0.000325,0.00065,0.999025
AAACCCGAACGAAATC-1,0.00202,0.004043,0.993937
AAACCGGAAATGTTAA-1,0.00117,0.152207,0.846624
AAACCGGGTAGGTACC-1,0.000032,0.000064,0.999903
AAACCGTTCGTCCAGG-1,0.000052,0.555971,0.443978
AAACCTAAGCAGCCGG-1,0.000419,0.062465,0.937116
AAACCTCATGAAGTTG-1,0.001079,0.002159,0.996762
AAACGAAGAACATACC-1,0.000251,0.254542,0.745207
AAACGAAGATGGAGTA-1,0.000092,0.000185,0.999723
AAACGAGACGGTTGAT-1,0.000092,0.264359,0.735548
AAACGGGCGTACGGGT-1,0.000144,0.012528,0.987329
AAACGGGTTGGTATCC-1,0.000416,0.000833,0.998751
AAACGGTTGCGAACTG-1,0.000103,0.416958,0.582939
AAACGTGTTCGCCCTA-1,0.000024,0.177391,0.822585
AAACTCGGTTCGCAAT-1,0.000114,0.234848,0.765038
AAACTCGTGATATAAG-1,0.000377,0.000754,0.99887
AAACTGCTGGCTCCAA-1,0.000083,0.225008,0.774909
AAACTTAATTGCACGC-1,0.0003,0.281323,0.718377
AAACTTGCAAACGTAT-1,0.000408,0.477938,0.521654
AAAGAATGACCTTAGA-1,0.000829,0.319761,0.67941
AAAGACCCAAGTCGCG-1,0.000051,0.046261,0.953688
AAAGACTGGGCGCTTT-1,0.000219,0.067274,0.932507
AAAGCTTGCCTACATA-1,0.000214,0.356802,0.642984
AAAGGCTACGGACCAT-1,0.000131,0.131418,0.868452
AAAGGGATGTAGCAAG-1,0.000038,0.990767,0.009195
AAAGGGCAGCTTGAAT-1,0.000454,0.000908,0.998639
AAAGTAGCATTGCTCA-1,0.000087,0.142075,0.857838
AAAGTCACTGATGTAA-1,0.000918,0.216581,0.782501
AAAGTCGACCCTCAGT-1,0.000255,0.00051,0.999235
AAAGTGCCATCAATTA-1,0.000285,0.00057,0.999145
AAAGTGTGATTTATCT-1,0.000016,0.000859,0.999125
AAAGTTGACTCCCGTA-1,0.000078,0.022218,0.977704
AAATAAGGTAGTGCCC-1,0.000494,0.000988,0.998518
AAATACCTATAAGCAT-1,0.000035,0.449936,0.55003
AAATAGCTTAGACTTT-1,0.000682,0.001364,0.997954
AAATAGGGTGCTATTG-1,0.000079,0.001679,0.998242
AAATCCGATACACGCC-1,0.000089,0.098391,0.90152
AAATCGCGGAAGGAGT-1,0.000284,0.16662,0.833096
AAATCGTGTACCACAA-1,0.000106,0.257747,0.742147
AAATCTAGCCCTGCTA-1,0.000043,0.015416,0.984541
AAATGATTCGATCAGC-1,0.000053,0.000106,0.999842
AAATGCTCGTTACGTT-1,0.000141,0.020864,0.978994
AAATGGCCCGTGCCCT-1,0.001001,0.413006,0.585993
AAATGGTCAATGTGCC-1,0.000033,0.196831,0.803136
AAATGTATCTTATCCC-1,0.00031,0.021669,0.978021
AAATGTGGGTGCTCCT-1,0.000049,0.41586,0.584091
AAATTAACGGGTAGCT-1,0.000076,0.586993,0.412931
AAATTAATAAGCGCGA-1,0.000811,0.001623,0.997566
AAATTACCTATCGATG-1,0.000133,0.003641,0.996226
AAATTCCAGGTCCAAA-1,0.00003,0.430892,0.569078
AAATTGATAGTCCTTT-1,0.000134,0.307609,0.692257
AAATTGCGGCGGTTCT-1,0.001058,0.002118,0.996824
AAATTGGTGAGAAGCA-1,0.000084,0.293529,0.706387
AAATTTGCGGGTGTGG-1,0.000095,0.122669,0.877236
AACAACTGGTAGTTGC-1,0.000102,0.028885,0.971013
AACAATACATTGTCGA-1,0.000192,0.382408,0.6174
AACAATTACTCTACGC-1,0.000983,0.001968,0.997049
AACACACGCTCGCCGC-1,0.000034,0.000067,0.999899
AACACGACTGTACTGA-1,0.000056,0.134621,0.865323
AACACGAGACGCGGCC-1,0.000077,0.45411,0.545813
AACACGCGGCCGCGAA-1,0.000087,0.111468,0.888445
AACAGCTGTGTGGCAA-1,0.001949,0.29073,0.707321
AACAGGATGGGCCGCG-1,0.000276,0.000552,0.999172
AACAGGTAGTATGGAT-1,0.000712,0.241804,0.757484
AACATATCAACTGGTG-1,0.000075,0.223215,0.776709
AACATCGATACGTCTA-1,0.000087,0.106164,0.893749
AACATTGGTCAGCCGT-1,0.001019,0.153379,0.845602
AACCAAGACTTCTCTG-1,0.000136,0.204023,0.795841
AACCATGGGATCGCTA-1,0.000057,0.000114,0.999829
AACCCAGAGACGGAGA-1,0.000012,0.000025,0.999963
AACCCATCCCATGATC-1,0.000056,0.609309,0.390635
AACCCGAGCAGAATCG-1,0.001481,0.002965,0.995553
AACCCTACTGTCAATA-1,0.000155,0.018659,0.981186
AACCCTGGTGGAACCA-1,0.000053,0.298323,0.701625
AACCGCTAAGGGATGC-1,0.000032,0.019923,0.980044
AACCGTTGTGTTTGCT-1,0.001111,0.436943,0.561946
AACCTAAAGCCGTCCG-1,0.001292,0.390499,0.608209
AACCTCGCTTTAGCCC-1,0.000607,0.46673,0.532663
AACCTGTCACGGAATT-1,0.000058,0.000116,0.999826
AACCTTTAAATACGGT-1,0.000056,0.429052,0.570892
AACGAAAGTCGTCCCA-1,0.000374,0.161971,0.837655
AACGATAATGCCGTAG-1,0.000046,0.178312,0.821642
AACGATAGAAGGGCCG-1,0.000033,0.05445,0.945516
AACGATATGTCAACTG-1,0.000154,0.189594,0.810253
AACGCATGATCTGGGT-1,0.000067,0.038847,0.961087
AACGCGAACGGCAACA-1,0.000983,0.001968,0.997049
AACGCGACCTTGGGCG-1,0.000117,0.187144,0.812739
AACGCTGTTGCTGAAA-1,0.000011,0.000022,0.999967
AACGGACGTACGTATA-1,0.000013,0.000026,0.999961
AACGGCCATCTCCGGT-1,0.000066,0.147984,0.851949
AACGTACTGTGGGTAC-1,0.000093,0.250799,0.749108
AACGTAGTCTACCCAT-1,0.001916,0.380368,0.617716
AACGTCAGACTAGTGG-1,0.000151,0.012424,0.987425
AACGTGCGAAAGTCTC-1,0.000078,0.383013,0.616908
AACGTTATCAGCACCT-1,0.000437,0.000875,0.998687
AACTACCCGTTTGTCA-1,0.002525,0.179205,0.818269
AACTAGCGTATCGCAC-1,0.000215,0.199253,0.800532
AACTAGGCTTGGGTGT-1,0.000128,0.059443,0.940429
AACTCAAGTTAATTGC-1,0.000101,0.188288,0.811611
AACTCCAGAGCGTGTT-1,0.000141,0.563424,0.436435
AACTCGATAAACACGT-1,0.000299,0.210097,0.789604
AACTCGATGGCGCAGT-1,0.00003,0.00006,0.999909
AACTCTCAATAGAGCG-1,0.000087,0.047187,0.952725
AACTCTCAGTGTGCTC-1,0.000063,0.657594,0.342343
AACTGAGTTATACTGA-1,0.003831,0.208933,0.787236
AACTGGTGTGGGCCTT-1,0.000386,0.023887,0.975727
AACTTCTGCGTCTATC-1,0.001821,0.003645,0.994533
AACTTGCCCGTATGCA-1,0.000304,0.000609,0.999086
AACTTGCGTTCTCGCG-1,0.000159,0.266033,0.733809
AACTTTACGGGAGCTT-1,0.000811,0.001623,0.997566
AACTTTAGCTGCTGAG-1,0.000161,0.000322,0.999517
AACTTTCTCGATCATG-1,0.000042,0.000083,0.999875
AAGAAATCACCAGATT-1,0.000036,0.220419,0.779546
AAGAAGGATCAGTTAG-1,0.000158,0.023722,0.97612
AAGACCAAATAACTCA-1,0.002096,0.004196,0.993708
AAGACTAACCCGTTGT-1,0.00018,0.00036,0.99946
AAGAGATGAATCGGTA-1,0.000174,0.000349,0.999476
AAGAGCTCTTTATCGG-1,0.000107,0.226951,0.772942
AAGAGGATGTACGCGA-1,0.000097,0.336503,0.6634
AAGAGGCATGGATCGC-1,0.000099,0.099569,0.900332
AAGAGGCCCTTTGGAA-1,0.002415,0.191121,0.806463
AAGATGGCACCGGACC-1,0.000611,0.259931,0.739459
AAGATTGGCGGAACGT-1,0.000125,0.086946,0.912929
AAGCACCCTGCGTATC-1,0.000165,0.142737,0.857098
AAGCATACTCTCCTGA-1,0.000061,0.578887,0.421051
AAGCCGAAGCGGTTTA-1,0.000044,0.170791,0.829165
AAGCCGCTTTACCTTG-1,0.000223,0.114197,0.88558
AAGCCGGAGAGCAGGA-1,0.000274,0.063795,0.935931
AAGCGCAGGGCTTTGA-1,0.000341,0.046672,0.952987
AAGCGGAGTGCGCGCA-1,0.000057,0.341327,0.658616
AAGCTAGATCGAGTAA-1,0.000045,0.270068,0.729886
AAGCTCGTGCCAAGTC-1,0.0001,0.447853,0.552047
AAGCTCTTTCATGGTG-1,0.000271,0.024934,0.974795
AAGGAGAACTTATAAG-1,0.000151,0.189313,0.810536
AAGGAGCGGTTGGTGC-1,0.000141,0.119042,0.880817
AAGGATCGATCGCTTG-1,0.001764,0.143538,0.854698
AAGGATGAGGGACCTC-1,0.000116,0.609249,0.390635
AAGGCAGGCTGTCTCC-1,0.000756,0.001513,0.997731
AAGGCGCGTAAAGCTT-1,0.000058,0.219766,0.780176
AAGGCTGTGCTCATCG-1,0.0001,0.242458,0.757442
AAGGGAACGACTGGCT-1,0.00028,0.156605,0.843115
AAGGGACAGATTCTGT-1,0.000109,0.046438,0.953453
AAGGGACTATGCATTC-1,0.000419,0.332497,0.667083
AAGGGTTTGATTTCAG-1,0.000203,0.170208,0.829589
AAGGTATCCTAATATA-1,0.000182,0.373817,0.626001
AAGGTGATAAACCAGC-1,0.000049,0.072695,0.927256
AAGTAAGCTTCCAAAC-1,0.001208,0.002417,0.996375
AAGTAGAAGACCGGGT-1,0.000069,0.054418,0.945512
AAGTAGTGACGCGAGG-1,0.000125,0.00025,0.999625
AAGTCAATTGTCGTCA-1,0.001658,0.00332,0.995022
AAGTCTAGTAGCTGCC-1,0.000112,0.000223,0.999665
AAGTCTTCTGTGGCCT-1,0.000665,0.001332,0.998003
AAGTGACGACCGAATT-1,0.000118,0.000236,0.999646
AAGTGCAAAGGTAGAC-1,0.000107,0.187608,0.812285
AAGTGCCTTGACTGTA-1,0.000296,0.000591,0.999113
AAGTGCGTTAGAATCT-1,0.000069,0.094734,0.905197
AAGTGTTTGGAGACGG-1,0.000014,0.010343,0.989643
AAGTTCACTCCAAGCT-1,0.000115,0.075928,0.923957
AAGTTCGGCCAACAGG-1,0.00006,0.201978,0.797962
AAGTTGTGATGTTATA-1,0.00011,0.111097,0.888793
AAGTTTACTAATGGCA-1,0.000125,0.090038,0.909836
AAGTTTATGGGCCCAA-1,0.000123,0.182572,0.817305
AATAACAACGCTCGGC-1,0.000066,0.000132,0.999802
AATAACACTAGAACAA-1,0.000022,0.181494,0.818484
AATAAGTCCTCGAGAC-1,0.000055,0.027049,0.972897
AATAATCTTCGTATCG-1,0.001522,0.159967,0.838511
AATACAATGTTTCAGG-1,0.001182,0.002366,0.996452
AATAGAACAGAGTGGC-1,0.000064,0.360331,0.639605
AATAGAATCTGTTTCA-1,0.000017,0.06176,0.938223
AATAGCTACCGCGTGC-1,0.000218,0.042062,0.957721
AATAGTCGCGAGTCGG-1,0.000983,0.001968,0.997049
AATATCAAGGTCGGAT-1,0.000109,0.021438,0.978454
AATATCCTAGCAAACT-1,0.000477,0.203222,0.796302
AATATCGAATCAATGC-1,0.000034,0.249112,0.750853
AATATCGAGGGTTCTC-1,0.000085,0.145675,0.85424
AATATTGGAGTATTGA-1,0.000319,0.000639,0.999042
AATCAGACTGCAGGAC-1,0.000278,0.000556,0.999166
AATCATGTAAAGACTC-1,0.000031,0.067116,0.932853
AATCCAAGGGCCTGAG-1,0.00001,0.000021,0.999969
AATCCATGCAAGGGTG-1,0.000561,0.001123,0.998316
AATCGCCTCAGCGCCA-1,0.000097,0.064646,0.935257
AATCGCGCAGAGGACT-1,0.001709,0.003421,0.994869
AATCGGGACACTACGA-1,0.000144,0.187513,0.812343
AATCGTGAGCCGAGCA-1,0.000072,0.243699,0.756229
AATCTAGGTTTACTTG-1,0.000532,0.363465,0.636003
AATCTATGCCGGAGCC-1,0.000496,0.085525,0.913979
AATCTCTACTGTGGTT-1,0.000505,0.114388,0.885107
AATCTGCGTTGGGACG-1,0.000377,0.000754,0.99887
AATCTGGCTTTCTAGT-1,0.000492,0.246662,0.752846
AATGACAGCAATGTCT-1,0.000084,0.069842,0.930074
AATGACGTAGGATGTC-1,0.000066,0.166575,0.83336
AATGACTGTCAGCCGG-1,0.000109,0.035829,0.964062
AATGAGTTCGCATATG-1,0.000121,0.122303,0.877576
AATGATGATACGCTAT-1,0.000089,0.142874,0.857037
AATGATGCGACTCCTG-1,0.000095,0.142655,0.857251
AATGCAACCGGGTACC-1,0.000032,0.810927,0.189041
AATGGTCCACCGTTCA-1,0.00008,0.062249,0.937671
AATGGTTCTCACAAGC-1,0.000069,0.007754,0.992178
AATGTATGGCACTGTA-1,0.000416,0.196291,0.803292
AATGTGCCCGAGGTGT-1,0.000108,0.51245,0.487441
AATTAAAGGTCGGCGT-1,0.000052,0.198731,0.801217
AATTAACGGATTTCCA-1,0.000463,0.000927,0.99861
AATTACGAGACCCATC-1,0.000903,0.062301,0.936796
AATTACTCGTACGCTC-1,0.000882,0.263232,0.735886
AATTAGCGCTGCAGCG-1,0.000021,0.22787,0.772109
AATTCATAAGGGATCT-1,0.000117,0.23824,0.761642
AATTCATTGTCATGCA-1,0.000415,0.37338,0.626205
AATTCCAACTTGGTGA-1,0.000281,0.178662,0.821057
AATTCCAAGCATGTAC-1,0.000067,0.086714,0.913219
AATTCGATTCGAGGAT-1,0.000624,0.001249,0.998127
AATTCTAGAGTTAGGC-1,0.000078,0.333606,0.666315
AATTGAACGCTCTGGT-1,0.000051,0.06766,0.932289
AATTGCAGCAATCGAC-1,0.000336,0.000672,0.998992
AATTGTGGTTGCCAAA-1,0.001292,0.404748,0.59396
AATTTGGTTCCAAAGA-1,0.000055,0.406027,0.593917
ACAAACCATGCGTCCT-1,0.000163,0.483542,0.516295
ACAAACCGACAAGGCG-1,0.001658,0.139476,0.858865
ACAAAGAAGGTAGGCC-1,0.000678,0.237362,0.76196
ACAAAGCATGACCTAG-1,0.000594,0.001189,0.998217
ACAAATCGCACCGAAT-1,0.000016,0.060895,0.939089
ACAAATGGTAGTGTTT-1,0.000052,0.045427,0.954521
ACAACGGTCCCTGCGA-1,0.000151,0.141256,0.858592
ACAAGCAGTGCCTAGC-1,0.000408,0.000818,0.998774
ACAAGCTATATGGAAG-1,0.000621,0.001242,0.998137
ACAAGGAAATCCGCCC-1,0.000041,0.449025,0.550934
ACAAGGACAAGAGGTT-1,0.000065,0.176888,0.823047
ACAAGGATGCTTTAGG-1,0.000183,0.000367,0.99945
ACAAGGGCAGGCTCTG-1,0.00006,0.059599,0.94034
ACAATAGTCGTACGTT-1,0.000145,0.00029,0.999565
ACAATCCATTTAAACC-1,0.000063,0.029284,0.970653
ACAATCGATCTTTATA-1,0.000053,0.083755,0.916193
ACAATGAATACGGAGA-1,0.000119,0.542826,0.457055
ACAATTGTGTCTCTTT-1,0.000055,0.022041,0.977904
ACAATTTAGGAGGCTC-1,0.001001,0.002004,0.996995
ACAATTTGAGCAGTGG-1,0.000047,0.093322,0.906631
ACAATTTGGCCATATT-1,0.001235,0.117339,0.881427
ACACAAAGACGGGTGG-1,0.000033,0.816342,0.183626
ACACAAATATTCCTAG-1,0.000561,0.131947,0.867492
ACACACCAGGACCAGT-1,0.000062,0.160843,0.839096
ACACATGATCAAATCT-1,0.001821,0.133514,0.864664
ACACATTGACGCAACA-1,0.000823,0.285738,0.713439
ACACCACATAATTAGC-1,0.001122,0.002246,0.996631
ACACCCAGCATGCAGC-1,0.000094,0.113324,0.886582
ACACCCGAGAAATCCG-1,0.000035,0.028207,0.971758
ACACCGAGCGCTCTTT-1,0.000966,0.199649,0.799385
ACACCTTAAGTAGGGC-1,0.000067,0.015421,0.984512
ACACCTTACTACTTGC-1,0.001389,0.158879,0.839732
ACACGGCACTATGCAT-1,0.000093,0.401697,0.59821
ACACGTAGGCCACAAG-1,0.003472,0.330042,0.666485
ACACTCCAATGTCACT-1,0.000665,0.001332,0.998003
ACACTGATCAAGGTGT-1,0.000076,0.549463,0.450461
ACACTGGGACAGTCGT-1,0.002222,0.004447,0.993331
ACAGAACTGAGAACAA-1,0.00007,0.166401,0.833529
ACAGATTAGGTTAGTG-1,0.000274,0.334939,0.664786
ACAGCATAGAGCCAGT-1,0.000861,0.182311,0.816828
ACAGCGACATTCTCAT-1,0.000145,0.000291,0.999563
ACAGGAGGCGCAGCCG-1,0.001195,0.002391,0.996414
ACAGGCTTGCCCGACT-1,0.000015,0.047741,0.952244
ACAGGTGGAGGTGAGG-1,0.000056,0.49077,0.509174
ACAGGTGTGTTGTTGC-1,0.000336,0.108277,0.891387
ACAGTAATACAACTTG-1,0.000507,0.27658,0.722912
ACAGTATACCGTGGGA-1,0.000084,0.221584,0.778332
ACATAAGTCGTGGTGA-1,0.002584,0.005173,0.992243
ACATCAGCTGGGACGC-1,0.001145,0.125976,0.872878
ACATCCTGGTAACTGT-1,0.002315,0.004633,0.993052
ACATCGGTCAGCCGCG-1,0.000075,0.397625,0.6023
ACATCGTATGCAATGG-1,0.000063,0.230036,0.7699
ACATCTCAACGCGTAA-1,0.000265,0.426564,0.573171
ACATGGCGCCAAAGTA-1,0.001736,0.003475,0.994789
ACATGGCTCAATTTAG-1,0.001182,0.37624,0.622578
ACATTAGTTTATATCC-1,0.000069,0.53718,0.462751
ACCAAACACCCAGCGA-1,0.000014,0.155004,0.844982
ACCAAACTAGAAATCC-1,0.000191,0.000381,0.999428
ACCAACACCACACACT-1,0.00006,0.684025,0.315915
ACCAACCGCACTCCAC-1,0.000766,0.001534,0.9977
ACCAACGCTTATTTAT-1,0.000059,0.703516,0.296424
ACCAAGAACGCGTGTC-1,0.000028,0.23141,0.768563
ACCAATATGCAAGTTA-1,0.0001,0.078653,0.921247
ACCACAAGTTTCTATC-1,0.000069,0.420311,0.57962
ACCACCAATGTAACAA-1,0.001079,0.002159,0.996762
ACCACCCTCTCTTCTA-1,0.000436,0.259761,0.739803
ACCACGTGCAGCTATA-1,0.000027,0.130725,0.869248
ACCACTGTTCAAGAAG-1,0.001001,0.24925,0.749749
ACCAGACCATAACAAC-1,0.000429,0.000859,0.998712
ACCAGCCCGGTCTTTG-1,0.000079,0.181391,0.81853
ACCAGGAGTGTGATCT-1,0.000086,0.344183,0.655732
ACCAGTGCGGGAGACG-1,0.000071,0.24653,0.7534
ACCATATCCGCAATAA-1,0.000085,0.258597,0.741318
ACCATCCGCCAACTAG-1,0.000604,0.043807,0.955589
ACCATCGTATATGGTA-1,0.000088,0.129825,0.870087
ACCATTAAGGGTGTCA-1,0.000646,0.175609,0.823745
ACCCAACGCCCGTGGC-1,0.000496,0.000993,0.998511
ACCCACCTACATGCTC-1,0.000811,0.345551,0.653638
ACCCATCTTGAGGGTA-1,0.000176,0.02113,0.978694
ACCCATTTGTCCCTCT-1,0.000387,0.000775,0.998838
ACCCGGAAACTCCCAG-1,0.000081,0.000162,0.999757
ACCCGGAGCACCACAA-1,0.000155,0.195252,0.804593
ACCCGGATGACGCATC-1,0.000224,0.000447,0.999329
ACCCGGTTACACTTCC-1,0.000074,0.134587,0.865339
ACCCTATAGGACTGAG-1,0.001502,0.003005,0.995494
ACCCTCCCTTGCTATT-1,0.000025,0.083559,0.916415
ACCCTGGTAACGCCCT-1,0.000322,0.644145,0.355533
ACCCTTCATCTGCGAA-1,0.000156,0.311658,0.688186
ACCCTTGCCTGGGTCG-1,0.000794,0.244211,0.754995
ACCGAAAGGGCCCTGC-1,0.000276,0.314237,0.685486
ACCGAAGAGTCTGGTT-1,0.000067,0.315358,0.684575
ACCGACACATCTCCCA-1,0.000087,0.02669,0.973222
ACCGATAGGCATAACC-1,0.000669,0.00134,0.997991
ACCGATATTTAATCAT-1,0.000556,0.358964,0.64048
ACCGATGGTAGCATCG-1,0.000067,0.087177,0.912755
ACCGCAATAACTGCCT-1,0.000015,0.089489,0.910496
ACCGCGGTGGAAGTCG-1,0.00004,0.00008,0.99988
ACCGGGCCTTTGTTGA-1,0.000454,0.000908,0.998639
ACCGGTCAGGTACACC-1,0.002137,0.264608,0.733255
ACCGTCCACTGGGCCC-1,0.000539,0.00108,0.998381
ACCGTGACCACGTGGG-1,0.000368,0.301852,0.69778
ACCGTTCCCGCTCTGA-1,0.000108,0.057028,0.942864
ACCTAAGTACCTTTCA-1,0.000104,0.12619,0.873706
ACCTAATCGACTTCCT-1,0.00012,0.160184,0.839695
ACCTACAGTATGTGGT-1,0.001425,0.002851,0.995724
ACCTACTATAAATCTA-1,0.000112,0.059052,0.940836
ACCTCCGCCCTCGCTG-1,0.000406,0.000812,0.998783
ACCTCCGTTATTCACC-1,0.000065,0.052583,0.947352
ACCTGCGTGTCATGTT-1,0.000354,0.092191,0.907455
ACCTTTCCTTTAGAAG-1,0.000238,0.278535,0.721226
ACGAAATGGGCGGCAC-1,0.000236,0.000472,0.999292
ACGACCCATGAGTTGC-1,0.000694,0.25371,0.745596
ACGAGAACCCATCACG-1,0.000027,0.006197,0.993776
ACGAGGATACCACTCT-1,0.00016,0.018625,0.981215
ACGAGGTTTACAACGT-1,0.000079,0.261067,0.738854
ACGAGTACGGATGCCC-1,0.000073,0.000146,0.999782
ACGAGTCGCCGGCGTT-1,0.000564,0.328159,0.671277
ACGATACATAGAACTA-1,0.000095,0.167161,0.832744
ACGATACCTATCCTGA-1,0.000153,0.05503,0.944816
ACGATCATACATAGAG-1,0.000088,0.753198,0.246714
ACGATCATCTTGTAAA-1,0.000209,0.000419,0.999372
ACGATGCATATGTTAT-1,0.000208,0.183056,0.816736
ACGCAATCACTACAGC-1,0.0001,0.0002,0.999701
ACGCATACGTTTACTA-1,0.000408,0.243347,0.756244
ACGCCCAGCTGTCGAT-1,0.00029,0.229075,0.770635
ACGCCGCTAGACGACC-1,0.000103,0.180061,0.819836
ACGCCTGACACGCGCT-1,0.000717,0.317245,0.682038
ACGCGCTACACAGGGT-1,0.00013,0.148227,0.851642
ACGCGTTTCTTAAGAG-1,0.001709,0.003421,0.99487
ACGCTAGTGATACACT-1,0.000146,0.066467,0.933387
ACGCTGTGAGGCGTAG-1,0.000756,0.292355,0.706889
ACGGAATTTAGCAAAT-1,0.000122,0.000245,0.999633
ACGGACTCTCAAAGCG-1,0.00014,0.06453,0.93533
ACGGAGCGCAAATTAC-1,0.000098,0.000196,0.999706
ACGGATGGTGCGGATA-1,0.000229,0.17799,0.821781
ACGGCACTTGCTTGGG-1,0.000122,0.312928,0.68695
ACGGCGACGATGGGAA-1,0.000021,0.107763,0.892215
ACGGCGGGTTGCCCTG-1,0.000545,0.00109,0.998365
ACGGCTGGATGTAGAA-1,0.001355,0.002712,0.995933
ACGGGAGTGTCGGCCC-1,0.000073,0.024281,0.975646
ACGGGCGTATGCGACA-1,0.00007,0.704351,0.295579
ACGGGTCATGTGACTT-1,0.001058,0.07469,0.924252
ACGTACAGATTTCTCT-1,0.00005,0.310049,0.689901
ACGTATTACTCCGATC-1,0.000103,0.000207,0.99969
ACGTCCTAAACGAGAT-1,0.000432,0.000865,0.998702
ACGTCTCGTTCCGGGA-1,0.000299,0.276341,0.723361
ACGTGACAAAGTAAGT-1,0.000126,0.097711,0.902162
ACGTGGTCGAATGTGC-1,0.000512,0.224677,0.774811
ACGTTAGATTTGCCCG-1,0.000187,0.083082,0.916731
ACGTTATTGGTCACTC-1,0.000047,0.000094,0.99986
ACGTTCCGCGCTCCGT-1,0.000077,0.181962,0.817961
ACGTTCGCAATCAATT-1,0.00005,0.180931,0.819019
ACGTTCTGTACAAGTC-1,0.000233,0.082496,0.91727
ACTAAGGACGCACACC-1,0.000051,0.146743,0.853206
ACTACATCCCGACAAG-1,0.000153,0.546098,0.453749
ACTACCAGCTCTCTGG-1,0.000099,0.340706,0.659195
ACTACGCGTTAGAATT-1,0.00006,0.00012,0.999821
ACTAGTTGCGATCGTC-1,0.000049,0.012709,0.987242
ACTATCCAGGGCATGG-1,0.000156,0.000311,0.999533
ACTATCGCCGGCTAAA-1,0.000896,0.195571,0.803533
ACTATCTGCCCGCGTA-1,0.000064,0.000128,0.999808
ACTATTTCCGGGCCCA-1,0.000354,0.54714,0.452506
ACTCAACGAATGTATT-1,0.000168,0.063493,0.936339
ACTCAAGTGCAAGGCT-1,0.000143,0.063128,0.93673
ACTCAGACCTGCTTCT-1,0.000136,0.101998,0.897867
ACTCCCATTCCTAAAG-1,0.000817,0.502374,0.496809
ACTCCCGAATTCGTTT-1,0.000157,0.091335,0.908507
ACTCCCGTAGACTAGG-1,0.000147,0.383137,0.616716
ACTCCCTAATGCTAAA-1,0.000066,0.299437,0.700497
ACTCCCTAGAATAGTA-1,0.000063,0.18033,0.819608
ACTCGATGTATTTCAT-1,0.001949,0.003901,0.99415
ACTCGCGATCTGACGC-1,0.00012,0.016253,0.983627
ACTCGTAACCCGTCCT-1,0.000059,0.00882,0.991121
ACTCGTCAGTAATCCC-1,0.000094,0.169928,0.829978
ACTCTAAACCTGGGAT-1,0.000408,0.000818,0.998774
ACTCTCTGACTTAGGT-1,0.000072,0.314708,0.68522
ACTCTTCAGCTCCCGC-1,0.000911,0.001823,0.997267
ACTCTTGTATAGTAAC-1,0.000228,0.133899,0.865873
ACTGAAACGCCGTTAG-1,0.000018,0.000036,0.999946
ACTGAATGGCGAAAGT-1,0.000015,0.007243,0.992743
ACTGCGGACACACCGT-1,0.000081,0.028775,0.971145
ACTGCTCGGAAGGATG-1,0.000168,0.298263,0.701569
ACTGGCGAACCTGCGT-1,0.000076,0.060243,0.939681
ACTGTACGATACACAT-1,0.000093,0.186762,0.813145
ACTGTAGCACTTTGGA-1,0.00008,0.266811,0.733109
ACTGTATACGCGAGCA-1,0.000025,0.00005,0.999925
ACTGTCCAGGATTATA-1,0.000055,0.450791,0.549154
ACTGTGCTAGTAGATC-1,0.000084,0.000169,0.999746
ACTGTTTAGTGTAGGC-1,0.000124,0.095703,0.904173
ACTTACGCATCCACGC-1,0.000617,0.104092,0.895291
ACTTAGTACGACAAGA-1,0.000033,0.000066,0.999902
ACTTATACTTACCCGG-1,0.000099,0.016063,0.983838
ACTTATCTGATCTATA-1,0.000911,0.001823,0.997266
ACTTATTAGGATCGGT-1,0.00009,0.14404,0.85587
ACTTATTTATGTGCCA-1,0.000073,0.220969,0.778958
ACTTCAGGCTGATCCC-1,0.000028,0.111913,0.888059
ACTTCCAGTGGAAGCT-1,0.000103,0.060961,0.938936
ACTTCCATGCGGGACA-1,0.000131,0.089107,0.910761
ACTTCGCTAGCGAGTG-1,0.000607,0.001215,0.998178
ACTTGACTCCCTCTTT-1,0.000144,0.244906,0.754949
ACTTGCCATATTGTAC-1,0.000349,0.358242,0.641409
ACTTGGGACCCGGTGG-1,0.000086,0.136921,0.862993
ACTTGTAGTCCCTTCA-1,0.001208,0.310031,0.688761
ACTTGTGGATGGAACG-1,0.000336,0.000672,0.998992
ACTTTACCCTCATGAA-1,0.000148,0.09712,0.902731
ACTTTGACTGCATCCT-1,0.000829,0.083851,0.91532
ACTTTGGTCGTGCTCC-1,0.000503,0.360208,0.63929
ACTTTGTCGACGCACT-1,0.00202,0.203308,0.794672
AGAAATTATGACTCGC-1,0.002469,0.004944,0.992587
AGAACCCAGCGTGACA-1,0.001323,0.268105,0.730572
AGAACCCTCAATTGGG-1,0.002849,0.005703,0.991448
AGAAGAGCGCCGTTCC-1,0.001001,0.002004,0.996995
AGAAGGTACACTTCAC-1,0.000297,0.531139,0.468564
AGAAGGTTGCCGAATT-1,0.000069,0.258663,0.741268
AGAAGGTTGTAGGTCG-1,0.000694,0.240528,0.758777
AGAAGTGATTCGTGAT-1,0.000058,0.096058,0.903884
AGAATAAATCTTCAGG-1,0.000628,0.001256,0.998116
AGAATGCGGGTTCGGA-1,0.000036,0.155726,0.844238
AGAATTATGGATTCGA-1,0.000142,0.329591,0.670267
AGAATTGTTTGACATA-1,0.000085,0.245625,0.75429
AGACAGCTCAGAATCC-1,0.000766,0.150402,0.848832
AGACAGGCATCTCAGC-1,0.001821,0.247222,0.750957
AGACATAGATCCTTCC-1,0.000669,0.055409,0.943921
AGACCAAACCACACCT-1,0.000251,0.173366,0.826383
AGACCATGGGATACAA-1,0.000249,0.000499,0.999252
AGACCCACCGCTGATC-1,0.000036,0.10273,0.897234
AGACCCGCCCTCCTCG-1,0.000027,0.867911,0.132061
AGACCGCTCCGCGGTT-1,0.000109,0.062869,0.937022
AGACCGGGAAACCCTG-1,0.000209,0.055586,0.944205
AGACGAAGTGCCGGTC-1,0.000074,0.017674,0.982252
AGACGACGATGCCGCT-1,0.000058,0.45654,0.543403
AGACGCCCACTTCGCC-1,0.000454,0.039106,0.960441
AGACGGGATTGGTATA-1,0.00202,0.198451,0.799529
AGACTAGCCTTCCAGA-1,0.000103,0.052244,0.947653
AGAGAACCGTCTAGGA-1,0.0002,0.106837,0.892963
AGAGAAGGAGTACAAT-1,0.000316,0.744803,0.254881
AGAGATCTCTAAAGCG-1,0.000188,0.746175,0.253637
AGAGCAGTTATGAGAC-1,0.001058,0.059287,0.939654
AGAGCCGCCGAGATTT-1,0.001248,0.002499,0.996253
AGAGCGCTTGTAACGG-1,0.00015,0.132033,0.867817
AGAGCGTACAAGCTCG-1,0.000301,0.019652,0.980047
AGAGCTACGAAAGCAT-1,0.00161,0.074568,0.923821
AGAGGCTTCGGAAACC-1,0.000123,0.000246,0.999632
AGAGGTATCTCGGTCC-1,0.000299,0.313579,0.686122
AGAGTAAACTTCACTA-1,0.000053,0.211842,0.788104
AGAGTATAGTGTTACG-1,0.000382,0.000764,0.998854
AGAGTTGCAGGCCTCC-1,0.000079,0.116367,0.883554
AGATAACTTCAGGGCC-1,0.000136,0.053344,0.94652
AGATACCAATAGAACC-1,0.000882,0.121144,0.877974
AGATACCAGCACTTCA-1,0.000045,0.893379,0.106576
AGATACCGGTGTTCAC-1,0.000064,0.118792,0.881144
AGATACGACTTCATAT-1,0.000046,0.294602,0.705352
AGATACTCAAGATCGA-1,0.00005,0.127486,0.872465
AGATATAATACGACTA-1,0.000039,0.382207,0.617754
AGATCGTGCATAAGAT-1,0.000052,0.059465,0.940483
AGATGACTCGCCCACG-1,0.00006,0.465649,0.534291
AGATGATGGAGTCTGG-1,0.000446,0.05828,0.941274
AGATGCAAGACGTGCA-1,0.000861,0.406846,0.592292
AGATGCATCCTGTGTC-1,0.000848,0.001698,0.997454
AGATGCTATAACGAGC-1,0.001019,0.130805,0.868175
AGATTATAGGACGTTT-1,0.000056,0.268512,0.731432
AGATTCACAACCGATA-1,0.000092,0.850395,0.149513
AGCAAAGGCCGCTAGT-1,0.000064,0.23032,0.769616
AGCAACATATCTTATT-1,0.000114,0.215878,0.784008
AGCAACCGAAAGTAAT-1,0.000046,0.840104,0.159849
AGCACTACCGGCCTGT-1,0.000128,0.124138,0.875734
AGCACTACCTCACCAG-1,0.00005,0.000696,0.999254
AGCACTTAAGGACGCC-1,0.000074,0.149251,0.850675
AGCAGAAGGAGAAAGA-1,0.000048,0.049448,0.950505
AGCAGCCAGATGAATA-1,0.000142,0.077542,0.922316
AGCATATCAATATGCT-1,0.000017,0.000033,0.99995
AGCATCATTTCGAAAG-1,0.000556,0.23681,0.762634
AGCATCGTCGATAATT-1,0.000071,0.302902,0.697027
AGCATTACGAGGCAAG-1,0.000294,0.049145,0.950561
AGCCAAGCTTTGTGTC-1,0.000093,0.000186,0.999721
AGCCACAGGTTACCCG-1,0.000611,0.001222,0.998168
AGCCACTCCCGTGCTT-1,0.000188,0.353288,0.646524
AGCCCATACATGTAAG-1,0.000123,0.095913,0.903963
AGCCCGCAACAAGCAG-1,0.000176,0.029209,0.970616
AGCCCTGTCGCACCGT-1,0.000308,0.000616,0.999076
AGCCCTTGGACATCCC-1,0.002315,0.317501,0.680184
AGCCGCAAATTCAAAT-1,0.000811,0.154769,0.84442
AGCCGCTTGATTAGCG-1,0.000505,0.079092,0.920403
AGCCGTGGCTAAATGT-1,0.000074,0.013387,0.986539
AGCCTAATACCCACGT-1,0.000427,0.286041,0.713531
AGCCTTAAAGCGGAAG-1,0.000179,0.000358,0.999464
AGCGACAGGAACGGTC-1,0.000054,0.203759,0.796188
AGCGACATCCCATTCA-1,0.000095,0.38982,0.610085
AGCGACCAACGATATT-1,0.000048,0.650866,0.349086
AGCGATGCGCCTAATA-1,0.000942,0.001884,0.997174
AGCGCGGGTGCCAATG-1,0.000126,0.08163,0.918244
AGCGCTAGAGCGATGT-1,0.000047,0.605249,0.394704
AGCGGACACTTCGTAG-1,0.000164,0.000328,0.999508
AGCGGCGGTTAGCGGT-1,0.000224,0.279585,0.720191
AGCGGGAAGGGTCCAT-1,0.000049,0.060439,0.939512
AGCGGGTCTGACACTC-1,0.000231,0.088739,0.91103
AGCGGTTGCCGCTCTG-1,0.000044,0.351597,0.648359
AGCGTACGAGAGCTAG-1,0.000346,0.156862,0.842792
AGCGTAGCGCTAGACC-1,0.00027,0.305386,0.694343
AGCGTCTGAACCCGCA-1,0.000135,0.081524,0.91834
AGCGTGGTATTCTACT-1,0.000064,0.081215,0.918721
AGCTAACAAGCAATGT-1,0.000185,0.559941,0.439874
AGCTAAGTACGCAGGC-1,0.000237,0.052688,0.947076
AGCTAGAAGCAGAAGT-1,0.000063,0.197838,0.802099
AGCTCCATATATGTTC-1,0.001195,0.002391,0.996414
AGCTCCTTCGCACATC-1,0.000063,0.1542,0.845738
AGCTCGTTGATGGAAA-1,0.000098,0.263058,0.736844
AGCTCTAGACGTTCCA-1,0.000091,0.297964,0.701945
AGCTCTTCCCAGTGCA-1,0.000026,0.143659,0.856315
AGCTCTTCGTAACCTT-1,0.00025,0.048524,0.951225
AGCTCTTTACTCAGTT-1,0.000049,0.183388,0.816563
AGCTGAAGTAAACCAA-1,0.000033,0.148581,0.851387
AGCTGTAACCTCAATC-1,0.00008,0.368444,0.631476
AGCTTATAGAGACCTG-1,0.00018,0.021101,0.978718
AGCTTCAATACTTTGA-1,0.000918,0.445603,0.553479
AGCTTGATCTTAACTT-1,0.00017,0.000341,0.999489
AGGAAAGCCTCTGATG-1,0.001122,0.002247,0.996631
AGGAACGAACGACTTC-1,0.000494,0.09384,0.905666
AGGAAGCTGTCCGCCG-1,0.000065,0.032319,0.967616
AGGACAGTCGAATCCC-1,0.000045,0.080952,0.919003
AGGACATCGCACGTCG-1,0.000041,0.036567,0.963392
AGGACGACCCATTAGA-1,0.000052,0.25972,0.740228
AGGACTTATAGGAGAA-1,0.001029,0.002059,0.996912
AGGAGACATCCACAGT-1,0.000176,0.207252,0.792572
AGGAGAGTCTGGCTAC-1,0.000761,0.200344,0.798895
AGGAGGCCTTCGCGCG-1,0.000081,0.000162,0.999758
AGGATAAAGTCGGGAT-1,0.000062,0.216094,0.783844
AGGATATAGGGATTTA-1,0.000032,0.000064,0.999904
AGGATCACGCGATCTG-1,0.000341,0.25549,0.744169
AGGATTGCTTACGACA-1,0.000842,0.239998,0.75916
AGGCAAAGAGGAATCA-1,0.0004,0.128615,0.870986
AGGCAATACGGAGGAC-1,0.001145,0.002293,0.996562
AGGCACGTGACTGTCC-1,0.001019,0.00204,0.99694
AGGCAGATGCGTAAAC-1,0.000199,0.003395,0.996405
AGGCATTGTCGTAGGG-1,0.000106,0.000212,0.999683
AGGCCACATTGGTTAC-1,0.001248,0.002499,0.996253
AGGCCACCCGTTATGA-1,0.000076,0.010086,0.989837
AGGCCCAGTGACTGGT-1,0.001425,0.188105,0.810471
AGGCCCATTGTACAGG-1,0.000043,0.434291,0.565666
AGGCCCTAGAACGCCA-1,0.000061,0.182176,0.817763
AGGCCTGAGAATCTCG-1,0.000276,0.000553,0.99917
AGGCGATAACTGGCGT-1,0.000286,0.257078,0.742636
AGGCGGTTTGTCCCGC-1,0.002222,0.407003,0.590774
AGGCGTCTATGGACGG-1,0.000036,0.311479,0.688485
AGGCTATGGTTAGCTT-1,0.000141,0.000282,0.999577
AGGCTTCCCGAAGAAG-1,0.000049,0.335518,0.664433
AGGCTTGCTAGACACC-1,0.000505,0.001011,0.998484
AGGGACAGCACGGCGG-1,0.001587,0.003177,0.995236
AGGGACCGGCTGCGTT-1,0.000875,0.001751,0.997374
AGGGAGACATACTTCG-1,0.001355,0.002712,0.995933
AGGGCCCTAATGTTCT-1,0.000253,0.087952,0.911795
AGGGCGAGCAGCTGAT-1,0.000103,0.162729,0.837168
AGGGCGTGATCGGCTA-1,0.000019,0.005783,0.994198
AGGGTCAGTAACCCTA-1,0.000014,0.215748,0.784238
AGGGTCGATGCGAACT-1,0.000118,0.147243,0.85264
AGGGTGCTCTCGAGGG-1,0.000124,0.000248,0.999627
AGGGTGGATAGTGCAT-1,0.000104,0.000209,0.999687
AGGGTTCCCTTTGGTT-1,0.0004,0.0008,0.9988
AGGTAACCTCCTATTC-1,0.000038,0.03853,0.961432
AGGTAGGTACAAAGCT-1,0.00006,0.039417,0.960523
AGGTATAATTGATAGT-1,0.001089,0.189254,0.809657
AGGTATGCGGACATTA-1,0.000459,0.000919,0.998622
AGGTCAGGTGAGAGTG-1,0.000329,0.016673,0.982998
AGGTCGCCACTTCGGT-1,0.000211,0.000423,0.999366
AGGTCGCCTCCCAACA-1,0.000187,0.161706,0.838107
AGGTCGCGGAGTTACT-1,0.000106,0.061723,0.938171
AGGTGGTGACCTTCGC-1,0.000069,0.000139,0.999792
AGGTGTATCGCCATGA-1,0.000975,0.333745,0.665281
AGGTGTTGCCGACCAC-1,0.000062,0.036806,0.963132
AGGTTACACCATGCCG-1,0.001248,0.002499,0.996253
AGTAATGTCTTGCCGC-1,0.000171,0.215418,0.784412
AGTACATCATTTATCA-1,0.0011,0.002202,0.996698
AGTACGGCCCGTATCG-1,0.000487,0.000975,0.998537
AGTACGGGCACCTGGC-1,0.000091,0.242016,0.757893
AGTACTCTTATGCCCA-1,0.000127,0.10291,0.896963
AGTAGCGTGAACGAAC-1,0.000805,0.25648,0.742715
AGTAGGTAACATACAT-1,0.000041,0.218168,0.78179
AGTATAATACTAGGCA-1,0.000151,0.034156,0.965693
AGTATCCATAATAACG-1,0.000273,0.122989,0.876738
AGTATGCTGGAGACCA-1,0.000766,0.560869,0.438365
AGTCAACACCACCATC-1,0.000058,0.160908,0.839034
AGTCAAGATGACACTT-1,0.000045,0.00009,0.999865
AGTCACTAGCTCTCGA-1,0.000059,0.045186,0.954755
AGTCACTCCGCCTCAT-1,0.000153,0.000307,0.999539
AGTCAGCCACCGCCTG-1,0.000127,0.365136,0.634737
AGTCCAGCGGGTACGT-1,0.001068,0.002138,0.996793
AGTCCATTGGCTGATG-1,0.000152,0.23652,0.763329
AGTCCCGCCTTTAATT-1,0.000092,0.120554,0.879354
AGTCCCTCGCAGAAAG-1,0.000094,0.051167,0.948739
AGTCGACGGTCTCAAG-1,0.000133,0.08725,0.912617
AGTCGGCCCAAACGAC-1,0.000053,0.275859,0.724088
AGTCGGCTCAACTTTA-1,0.000079,0.000254,0.999668
AGTCGGTTGCGTGAGA-1,0.000184,0.307892,0.691925
AGTCGTATAAAGCAGA-1,0.000121,0.019803,0.980076
AGTCGTCGACCACCAA-1,0.000066,0.000132,0.999802
AGTCGTGGGCATTACG-1,0.000146,0.214043,0.785812
AGTCTAAAGTATACTC-1,0.001764,0.00353,0.994707
AGTCTCACAAGACTAC-1,0.000145,0.371966,0.627889
AGTCTGGACATCCTTG-1,0.001565,0.003132,0.995303
AGTCTTTAAAGTGTCC-1,0.000448,0.000897,0.998655
AGTGAACAAACTTCTC-1,0.000139,0.000279,0.999582
AGTGAAGATGGTGTCC-1,0.000065,0.851046,0.148889
AGTGACCTACTTTACG-1,0.000065,0.346887,0.653048
AGTGAGACTTCCAGTA-1,0.000241,0.000481,0.999278
AGTGAGCCTCGCCGCC-1,0.000122,0.000244,0.999634
AGTGATAACCTGCGCG-1,0.000098,0.042814,0.957088
AGTGATATGAGTAGTT-1,0.000068,0.281327,0.718606
AGTGATTCAAGCAGGA-1,0.000172,0.556967,0.442861
AGTGCACGCTTAAGAA-1,0.000028,0.004432,0.995541
AGTGCGTAGCTCGTAA-1,0.000076,0.230331,0.769594
AGTGCTAAACACAGCA-1,0.000329,0.000658,0.999013
AGTGCTTGCACGAATA-1,0.000059,0.038745,0.961196
AGTGGCGGCAATTTGA-1,0.000114,0.036218,0.963668
AGTGGCGTCTGAAGGT-1,0.000501,0.001002,0.998498
AGTGGCTCCGTCGGCC-1,0.000766,0.088009,0.911225
AGTGGGAGTATACACG-1,0.001111,0.002224,0.996665
AGTGGTGTTACCCGTG-1,0.000777,0.248891,0.750332
AGTGGTTGCGTATAGG-1,0.000349,0.063603,0.936048
AGTGTGCTAAGATCGC-1,0.000146,0.000292,0.999562
AGTGTGGTCTATTGTG-1,0.000059,0.000118,0.999823
AGTTAAACACTTGCGA-1,0.000091,0.06737,0.93254
AGTTAAGTCAACCGCT-1,0.00003,0.054823,0.945147
AGTTACCCTTAAGACT-1,0.000184,0.123848,0.875969
AGTTACCGCACATGGT-1,0.001406,0.002815,0.995778
AGTTATTGAAAGGTAA-1,0.001182,0.505995,0.492823
AGTTCACCGGTTGGAC-1,0.000868,0.001737,0.997395
AGTTCCTACAGAATTA-1,0.000063,0.087287,0.912651
AGTTCTGCGTTGTATC-1,0.000194,0.000388,0.999418
AGTTGACATCGGCTGG-1,0.000205,0.093143,0.906652
AGTTGACGGTCCTTGC-1,0.000052,0.000103,0.999845
AGTTGCTGACTGATAT-1,0.000132,0.000265,0.999603
AGTTTATGTAAAGACA-1,0.000123,0.040008,0.959869
AGTTTCGCAGGTCGGA-1,0.000473,0.809736,0.189791
AGTTTGCACCTGCCTC-1,0.000286,0.000573,0.999141
AGTTTGGCACGGGTTG-1,0.000223,0.000446,0.999332
AGTTTGGCCAGACCTA-1,0.000045,0.00009,0.999866
ATAAACCATTGGACGG-1,0.000665,0.110407,0.888928
ATAAACGTTGCACCAC-1,0.00117,0.270615,0.728216
ATAAAGGCTCGGTCGT-1,0.00006,0.227463,0.772477
ATAAATATTAGCAGCT-1,0.000079,0.000158,0.999763
ATAACGCCGGAGGGTC-1,0.00008,0.245531,0.754389
ATAAGCAAACACCGAG-1,0.000042,0.287846,0.712112
ATAAGGTGGAGAACAT-1,0.000036,0.416349,0.583616
ATAAGTAGGATTCAGA-1,0.000094,0.000188,0.999719
ATAAGTAGGGCGACTC-1,0.000103,0.119187,0.88071
ATAAGTTACCGCGACG-1,0.000072,0.144998,0.85493
ATAATACCGTTAGCCG-1,0.001122,0.002246,0.996632
ATAATAGCTGTTGAAT-1,0.00008,0.386236,0.613685
ATAATAGTGTAGGGAC-1,0.000195,0.123323,0.876482
ATAATCTTGGAGAACC-1,0.000299,0.000598,0.999103
ATAATTAGCTAAGTAG-1,0.000111,0.111377,0.888512
ATACAGGCCCTCCAAT-1,0.000242,0.182468,0.81729
ATACCACGGGCAACTT-1,0.000066,0.06006,0.939873
ATACCAGCAAATTGCT-1,0.00009,0.149913,0.849997
ATACCAGGCTAATAGA-1,0.000494,0.649956,0.34955
ATACCAGGTGAGCGAT-1,0.000058,0.448208,0.551733
ATACCCTGGCTCAAAT-1,0.000397,0.190948,0.808655
ATACCGTCATCCATAA-1,0.000027,0.695997,0.303976
ATACCTAACCAAGAAA-1,0.001134,0.00227,0.996597
ATACGAAGGCTTTCCA-1,0.000436,0.106632,0.892932
ATACGCCGATCTACCG-1,0.000673,0.048359,0.950968
ATACGCCGGCGAAACC-1,0.000068,0.408052,0.59188
ATACGGAACGTCGTTT-1,0.000117,0.503189,0.496694
ATACGGGTTTCGATTG-1,0.000144,0.057418,0.942437
ATACGGTGAAGATGCA-1,0.000975,0.001951,0.997075
ATACGTACTTAGCCAC-1,0.000068,0.085153,0.914779
ATACGTCCACTCCTGT-1,0.000036,0.047195,0.952769
ATACGTTATGCACGGA-1,0.00026,0.00052,0.999221
ATACTACCCGTACCAC-1,0.000682,0.207397,0.791921
ATACTCTCGCCACTCT-1,0.000073,0.000146,0.999781
ATACTGCCTTACACCG-1,0.000103,0.178805,0.821092
ATACTTGTTCTCGAGC-1,0.000436,0.000872,0.998692
ATAGACAACGGGACCT-1,0.000078,0.21515,0.784772
ATAGACGAAGAGAAAG-1,0.000085,0.162016,0.837899
ATAGAGTACTGGGACA-1,0.000103,0.092393,0.907504
ATAGAGTTATCAACTT-1,0.000241,0.060363,0.939396
ATAGATTTGCAGTCGG-1,0.000345,0.174192,0.825463
ATAGCAACTAGGGAAG-1,0.000507,0.001015,0.998477
ATAGCCTCAGTACCCA-1,0.001068,0.002139,0.996793
ATAGCTGCTCTTGTTA-1,0.000992,0.07757,0.921438
ATAGGCGGCTATAGAA-1,0.000044,0.065551,0.934405
ATAGGCTAGCTTCGCA-1,0.000134,0.000268,0.999599
ATAGTCTTTGACGTGC-1,0.000151,0.196558,0.803292
ATAGTGAAGCGTTCTC-1,0.00005,0.683622,0.316328
ATAGTTCCACCCACTC-1,0.000203,0.058741,0.941056
ATATAAAGCGCTCGTG-1,0.000088,0.461312,0.5386
ATATAAATGTAGCTGC-1,0.000123,0.825394,0.174484
ATATAACACGGGCGCA-1,0.000138,0.000276,0.999586
ATATACATGTATGGTA-1,0.000903,0.083759,0.915338
ATATACGCTCGTGACG-1,0.002096,0.004196,0.993707
ATATAGAGTATTGGTC-1,0.000273,0.35629,0.643437
ATATCAACCTACAGAG-1,0.000788,0.001577,0.997635
ATATCAATTCCAGCCT-1,0.000112,0.113579,0.886309
ATATCGGTAGGGAGAT-1,0.000461,0.215129,0.78441
ATATCGTTCCTCGAAC-1,0.000114,0.100102,0.899784
ATATCTCCCTCGTTAA-1,0.000076,0.183622,0.816302
ATATGTCTCCCTAGCC-1,0.000138,0.056294,0.943567
ATATGTGCACAAACCA-1,0.000042,0.356036,0.643922
ATATTATCCCGTATTT-1,0.000926,0.2898,0.709274
ATATTCAGTTAAACCT-1,0.000087,0.245281,0.754632
ATATTCCACATAGTGA-1,0.000033,0.016261,0.983706
ATATTCCCACAGGTCA-1,0.001292,0.99095,0.007758
ATATTGCTGTCAAAGT-1,0.000091,0.172285,0.827624
ATATTGGAGAGGCCTT-1,0.000682,0.001364,0.997954
ATATTTAACCCTCAAG-1,0.000052,0.521973,0.477975
ATCAAACACTGTTCCA-1,0.000174,0.000349,0.999476
ATCAAACGAAGGTTTG-1,0.000087,0.116957,0.882956
ATCAATGCCGTGGCTG-1,0.001111,0.422513,0.576376
ATCACATTAGAATATC-1,0.000084,0.173619,0.826297
ATCACGTGCTAATTAA-1,0.000078,0.269568,0.730354
ATCAGACGGCACGCCG-1,0.000075,0.242232,0.757693
ATCAGCCTCATGCTGC-1,0.000089,0.103319,0.896592
ATCAGCTCGTCCACTA-1,0.001089,0.14778,0.85113
ATCAGGTAGCTGACAG-1,0.002268,0.004538,0.993194
ATCAGTAGGCAGGGAT-1,0.000069,0.078401,0.921531
ATCATAGCCCTATGTA-1,0.001522,0.074357,0.924121
ATCATGGACTACCGAC-1,0.000122,0.000244,0.999634
ATCATTGTACCGCATT-1,0.001949,0.249746,0.748305
ATCCAACGCAGTCATA-1,0.000074,0.207733,0.792193
ATCCAATGGAGGGTCC-1,0.000043,0.000087,0.99987
ATCCAATGGTACCGAA-1,0.000075,0.800974,0.198951
ATCCACATCGACAGAA-1,0.000044,0.314589,0.685367
ATCCAGAGCAACAACC-1,0.000121,0.394762,0.605117
ATCCAGGATTCGTGAA-1,0.000064,0.313647,0.68629
ATCCCATCCACAGCGC-1,0.000272,0.301128,0.6986
ATCCGGACCAGCCTGA-1,0.00045,0.137531,0.86202
ATCCTACCTAAGCTCT-1,0.000047,0.510782,0.489171
ATCCTGAATCGCTGCG-1,0.000125,0.125707,0.874167
ATCCTGCGTGGAATGG-1,0.000059,0.333402,0.66654
ATCCTGCTGCAGATAG-1,0.000142,0.063496,0.936362
ATCCTTCTGAAAGAAC-1,0.000492,0.215867,0.783641
ATCGACTCTTTCCGTT-1,0.000073,0.755578,0.244349
ATCGCACGATTGTTCA-1,0.000875,0.503266,0.49586
ATCGCACGCCGGGAGA-1,0.000027,0.993666,0.006307
ATCGCCAGTCAACATT-1,0.000204,0.000407,0.999389
ATCGCTGCGTGCAGCA-1,0.000106,0.000212,0.999682
ATCGCTTTACGTCTCA-1,0.000621,0.001242,0.998137
ATCGGAGACAGACGGC-1,0.000024,0.00602,0.993956
ATCGGCAAGCAGTCCA-1,0.000022,0.236432,0.763547
ATCGGTTACCTAGTAA-1,0.000404,0.000809,0.998787
ATCGTATTCCGAGAAC-1,0.000657,0.001316,0.998027
ATCGTCCAATCGAGTC-1,0.000413,0.000827,0.99876
ATCGTTAGCTAGCGGA-1,0.000119,0.000239,0.999641
ATCTAACGTCCCTATG-1,0.000756,0.001513,0.997731
ATCTAATATCCTACGG-1,0.000124,0.342449,0.657427
ATCTAGCTTGTGAGGG-1,0.000152,0.104085,0.895762
ATCTATCGATGATCAA-1,0.001543,0.003089,0.995368
ATCTCCCACGGAATAT-1,0.000861,0.001724,0.997415
ATCTCGTGAGCGAAAC-1,0.000418,0.313787,0.685795
ATCTGATAGTGTCTTA-1,0.000624,0.12421,0.875165
ATCTGCACCTCTGCGA-1,0.000092,0.040289,0.95962
ATCTGCTGTTATCGCC-1,0.000062,0.060134,0.939805
ATCTGGGCTGTTCTTG-1,0.000054,0.49446,0.505487
ATCTGTAATTGTACCC-1,0.000049,0.342129,0.657822
ATCTTATCGCACACCC-1,0.000358,0.000717,0.998924
ATCTTGACCTGCAACG-1,0.000092,0.073585,0.926324
ATCTTGACTTGTCCAA-1,0.000162,0.000324,0.999514
ATCTTTCGTATAACCA-1,0.000078,0.046982,0.952939
ATGAAGCCAAGGAGCC-1,0.000098,0.157407,0.842495
ATGAAGTGGACCCAGC-1,0.000397,0.000794,0.998809
ATGACGCCGGCTCTAA-1,0.000029,0.506674,0.493297
ATGACGCGTTCTATCC-1,0.000058,0.235089,0.764853
ATGACTATGCGACATT-1,0.000027,0.24892,0.751052
ATGAGGAGTGTTAATC-1,0.000107,0.058999,0.940894
ATGAGGGCAGCGGCTA-1,0.000431,0.170855,0.828714
ATGATCGGGAATAGAC-1,0.000026,0.154512,0.845462
ATGATGCAATGGTACA-1,0.000037,0.241023,0.758941
ATGCACCTTCCTTAAT-1,0.001157,0.002316,0.996526
ATGCACGCGCTGTTCA-1,0.000966,0.217928,0.781105
ATGCACTACCGCATTG-1,0.000105,0.099542,0.900354
ATGCATTCCGTGATGG-1,0.000175,0.178079,0.821746
ATGCCATTTGCGACCA-1,0.000077,0.159073,0.84085
ATGCCGGTCTTGCATA-1,0.000074,0.504396,0.49553
ATGCCGGTTGATGGGA-1,0.000064,0.056766,0.943171
ATGCGACAATTGGTCC-1,0.000054,0.460186,0.539759
ATGCGACAGTCCCATT-1,0.00014,0.263527,0.736333
ATGCGAGTCCCACCAC-1,0.000378,0.140043,0.859579
ATGCTCAGTGTTGCAT-1,0.000553,0.001106,0.998341
ATGCTCTGGCGCGGTA-1,0.0011,0.002202,0.996698
ATGCTTAGGAGTTGAT-1,0.000741,0.142957,0.856302
ATGGAAATTTAAGGAG-1,0.000063,0.661398,0.338539
ATGGAACCTTTGCACA-1,0.000053,0.025847,0.974099
ATGGATTGACCAAACG-1,0.000027,0.996576,0.003397
ATGGCAGCATTACGAT-1,0.000233,0.505051,0.494716
ATGGCAGCCGAGAAAC-1,0.000835,0.001672,0.997493
ATGGCGGAATAGTCGC-1,0.000761,0.098877,0.900362
ATGGGACCTGCTGAAC-1,0.000432,0.196971,0.802597
ATGGGCCTCGGCCTCT-1,0.000048,0.126315,0.873637
ATGGTCGCGTGGTTTC-1,0.000044,0.157789,0.842166
ATGGTGCTCAAAGCCA-1,0.000141,0.150103,0.849756
ATGTAAGGCTGCTCTT-1,0.000048,0.000097,0.999855
ATGTACATGCGGTGAG-1,0.000621,0.001242,0.998137
ATGTACGATGACGTCG-1,0.000114,0.154986,0.8449
ATGTAGCGCGCGTAGG-1,0.000212,0.127981,0.871807
ATGTCATTTCCCATTG-1,0.000992,0.001986,0.997022
ATGTGAAAGCCTAATG-1,0.00007,0.123263,0.876666
ATGTGCATCCGACGCA-1,0.000045,0.849412,0.150544
ATGTGGACATCTTGAT-1,0.000028,0.189217,0.810755
ATGTGTAGTTTAGTCA-1,0.000131,0.162155,0.837715
ATGTTACGAGCAATAC-1,0.000098,0.000196,0.999706
ATGTTCCTGCCCACCT-1,0.000296,0.119281,0.880423
ATGTTCGTCGACCCAC-1,0.000341,0.105463,0.894196
ATGTTTCGGCCCGGAG-1,0.000102,0.537379,0.462519
ATTAAACATGCGGACC-1,0.000111,0.404281,0.595608
ATTAAAGCGGACGAGC-1,0.001001,0.202204,0.796795
ATTAACACCTGAGATA-1,0.000293,0.067855,0.931851
ATTAATGAACCAGTCG-1,0.000081,0.450374,0.549546
ATTACATGTCAGTCTT-1,0.00005,0.29136,0.70859
ATTACCACACTGCCTG-1,0.000966,0.13626,0.862774
ATTACGACTCCACAGT-1,0.000051,0.256541,0.743408
ATTACGCGCTGGCAGG-1,0.000104,0.126726,0.87317
ATTACTAGCCTCTTGC-1,0.000048,0.11648,0.883471
ATTACTTACTGGGCAT-1,0.000094,0.072645,0.927262
ATTAGATTCCTCAGCA-1,0.000109,0.000219,0.999672
ATTAGATTGATAGCGG-1,0.000673,0.001348,0.997979
ATTAGGCGATGCTTTC-1,0.000253,0.12745,0.872298
ATTATAGCTACTTTAC-1,0.000117,0.000234,0.999649
ATTATCTCGACAGATC-1,0.00021,0.113306,0.886484
ATTATGCCATAGGGAG-1,0.000064,0.259937,0.739999
ATTATTATGTCCGTCA-1,0.001764,0.534755,0.463482
ATTATTCAGAGTCACT-1,0.000214,0.066096,0.93369
ATTCAAAGTACCTGTT-1,0.001852,0.054385,0.943763
ATTCAACCATTTAAGG-1,0.000196,0.000392,0.999413
ATTCACTGATGTTGGA-1,0.00008,0.537632,0.462288
ATTCAGGACCTATTTC-1,0.00004,0.121414,0.878546
ATTCAGTAGCAGGGTC-1,0.000377,0.419772,0.579851
ATTCATCGTTGAGGCA-1,0.000116,0.000233,0.999651
ATTCCCACATAAACAA-1,0.000594,0.001189,0.998217
ATTCCCGAAGGTACAG-1,0.000308,0.395253,0.60444
ATTCCTAAGACGTGGA-1,0.000037,0.052824,0.947139
ATTCCTCCGCCAGTGC-1,0.000059,0.288207,0.711733
ATTCCTTCCAGGCGGT-1,0.001565,0.003132,0.995303
ATTCGACGCCGGGCCT-1,0.000109,0.000218,0.999672
