Barcode,Topic 1,Topic 2,Topic 3to4,Topic 5to11
AAACACCAATAACTGC-1,0.000041,0.000041,0.032667,0.96725
AAACAGAGCGACTCCT-1,0.000035,0.000035,0.161018,0.838912
AAACAGCTTTCAGAAG-1,0.000057,0.000057,0.044778,0.955107
AAACAGGGTCTATATT-1,0.000023,0.000023,0.007853,0.992101
AAACCACTACACAGAT-1,0.00007,0.00007,0.512942,0.486919
AAACCCGAACGAAATC-1,0.000052,0.000052,0.381677,0.61822
AAACCGGGTAGGTACC-1,0.000033,0.000033,0.700671,0.299262
AAACCGTTCGTCCAGG-1,0.000212,0.000212,0.637563,0.362012
AAACCTCATGAAGTTG-1,0.00001,0.00001,0.026913,0.973067
AAACGAAGATGGAGTA-1,0.000061,0.000061,0.025524,0.974354
AAACGACAGTCTTGCC-1,0.000058,0.000058,0.585983,0.4139
AAACGAGACGGTTGAT-1,0.00005,0.00005,0.047711,0.952188
AAACGCCCGAGATCGG-1,0.00008,0.00008,0.365352,0.634489
AAACGTGTTCGCCCTA-1,0.044827,0.000054,0.577817,0.377302
AAACTAACGTGGCGAC-1,0.000095,0.000095,0.565003,0.434806
AAACTCGTGATATAAG-1,0.000059,0.000059,0.270828,0.729054
AAACTGCTGGCTCCAA-1,0.000015,0.000015,0.000029,0.999942
AAACTTAATTGCACGC-1,0.044539,0.002114,0.004229,0.949118
AAACTTGCAAACGTAT-1,0.00004,0.00004,0.258823,0.741097
AAAGACATGAAGTTTA-1,0.000048,0.000048,0.121983,0.877921
AAAGACTGGGCGCTTT-1,0.000026,0.000026,0.074207,0.92574
AAAGCTTGCCTACATA-1,0.00005,0.00005,0.552388,0.447513
AAAGGCCCTATAATAC-1,0.001748,0.001748,0.351431,0.645072
AAAGGCTACGGACCAT-1,0.000026,0.000026,0.040777,0.959171
AAAGGCTCTCGCGCCG-1,0.000358,0.000358,0.212019,0.787265
AAAGGGCAGCTTGAAT-1,0.000082,0.000082,0.023519,0.976317
AAAGGTAAGCTGTACC-1,0.119601,0.00002,0.795196,0.085183
AAAGGTCAACGACATG-1,0.000075,0.000075,0.272289,0.727561
AAAGTAGCATTGCTCA-1,0.000015,0.000015,0.000089,0.999882
AAAGTCACTGATGTAA-1,0.000147,0.000147,0.210211,0.789496
AAAGTCGACCCTCAGT-1,0.000162,0.000162,0.048541,0.951134
AAAGTGTGATTTATCT-1,0.000025,0.000025,0.075345,0.924604
AAAGTTGACTCCCGTA-1,0.000041,0.000041,0.99963,0.000288
AAATAACCATACGGGA-1,0.000055,0.000055,0.047737,0.952153
AAATAAGGTAGTGCCC-1,0.000074,0.000074,0.328807,0.671045
AAATACCTATAAGCAT-1,0.012051,0.000016,0.013444,0.974488
AAATAGCTTAGACTTT-1,0.000166,0.000166,0.387783,0.611885
AAATCACTCCTAAACG-1,0.000035,0.000035,0.649864,0.350067
AAATCGCGGAAGGAGT-1,0.000011,0.000011,0.009073,0.990905
AAATCGTGTACCACAA-1,0.000063,0.000063,0.0699,0.929974
AAATGATTCGATCAGC-1,0.015077,0.000051,0.504874,0.479998
AAATGCTCGTTACGTT-1,0.000067,0.000067,0.000135,0.999731
AAATGGCATGTCTTGT-1,0.00005,0.00005,0.046357,0.953542
AAATGGCCCGTGCCCT-1,0.000178,0.000178,0.132572,0.867072
AAATGGTCAATGTGCC-1,0.000103,0.000103,0.222556,0.777237
AAATTAACGGGTAGCT-1,0.000093,0.000093,0.048308,0.951507
AAATTACACGACTCTG-1,0.000051,0.000051,0.184106,0.815793
AAATTACCTATCGATG-1,0.000027,0.000027,0.06403,0.935917
AAATTCCAGGTCCAAA-1,0.000008,0.000008,0.000017,0.999966
AAATTGATAGTCCTTT-1,0.000038,0.000038,0.005487,0.994437
AAATTGGTGAGAAGCA-1,0.05086,0.000047,0.593836,0.355258
AAATTTACCGAAATCC-1,0.000048,0.000048,0.107269,0.892635
AAATTTGCGGGTGTGG-1,0.000023,0.000023,0.795998,0.203957
AACAACTGGTAGTTGC-1,0.000129,0.000129,0.134891,0.864851
AACAATACATTGTCGA-1,0.000029,0.000029,0.192568,0.807374
AACAATTACTCTACGC-1,0.000009,0.000009,0.000017,0.999965
AACACGAGACGCGGCC-1,0.000023,0.000023,0.023846,0.976109
AACAGCTGTGTGGCAA-1,0.000008,0.000008,0.000016,0.999969
AACAGGAAATCGAATA-1,0.000057,0.000057,0.100676,0.89921
AACAGGATGGGCCGCG-1,0.000018,0.000018,0.000037,0.999926
AACATATCAACTGGTG-1,0.00004,0.00004,0.247923,0.751997
AACATCGATACGTCTA-1,0.133991,0.00002,0.751035,0.114953
AACATTGAAGTTGATC-1,0.000037,0.000037,0.151447,0.848479
AACATTGTGACTCGAG-1,0.000067,0.000067,0.133395,0.866471
AACCAAGACTTCTCTG-1,0.000006,0.000006,0.000011,0.999977
AACCAGTATCACTCTT-1,0.000057,0.000057,0.015077,0.98481
AACCATAGGGTTGAAC-1,0.000669,0.000669,0.001337,0.997326
AACCATGGGATCGCTA-1,0.000139,0.000139,0.261351,0.738372
AACCCAGAGACGGAGA-1,0.000036,0.000036,0.043284,0.956645
AACCCATCCCATGATC-1,0.000047,0.000047,0.000093,0.999813
AACCCGATAGGGCTTC-1,0.000098,0.000098,0.553559,0.446246
AACCCTACTGTCAATA-1,0.000051,0.000051,0.290486,0.709412
AACCCTGGTGGAACCA-1,0.000049,0.000049,0.000098,0.999803
AACCGAGCTTGGTCAT-1,0.000024,0.000024,0.024477,0.975476
AACCGCTAAGGGATGC-1,0.000038,0.000038,0.633931,0.365993
AACCTAAAGCCGTCCG-1,0.000097,0.000097,0.150588,0.849217
AACCTGTCACGGAATT-1,0.000087,0.000087,0.265403,0.734423
AACCTTTACGACGTCT-1,0.00007,0.00007,0.104311,0.895548
AACGAAAGTCGTCCCA-1,0.000029,0.000029,0.052565,0.947376
AACGATAGAAGGGCCG-1,0.000041,0.000041,0.249428,0.75049
AACGATATGTCAACTG-1,0.000006,0.000006,0.000012,0.999976
AACGCATGATCTGGGT-1,0.000073,0.000073,0.240232,0.759622
AACGGACGTACGTATA-1,0.000136,0.000136,0.027719,0.972008
AACGGCCATCTCCGGT-1,0.000008,0.000008,0.343338,0.656646
AACGTACTGTGGGTAC-1,0.000157,0.000157,0.243403,0.756284
AACGTCAGACTAGTGG-1,0.000071,0.000071,0.070392,0.929466
AACGTGATGAAGGACA-1,0.000037,0.000037,0.00344,0.996485
AACGTGCGAAAGTCTC-1,0.00191,0.000014,0.001074,0.997002
AACGTTATCAGCACCT-1,0.000294,0.000294,0.670864,0.328547
AACTACCCGTTTGTCA-1,0.000079,0.000079,0.32243,0.677412
AACTAGGCTTGGGTGT-1,0.000631,0.000631,0.435286,0.563451
AACTCAAGTTAATTGC-1,0.000022,0.000022,0.032638,0.967318
AACTCCTAATCCCATG-1,0.00006,0.000059,0.113524,0.886357
AACTCTCAATAGAGCG-1,0.000073,0.000073,0.367787,0.632067
AACTCTCAGTGTGCTC-1,0.000127,0.000127,0.229602,0.770144
AACTGAGGTCAGCGTC-1,0.000132,0.000132,0.596118,0.403619
AACTGGGTCCCGACGT-1,0.000068,0.000068,0.169576,0.830287
AACTGGGTTCGAGCCG-1,0.00004,0.00004,0.08869,0.91123
AACTTCTGCGTCTATC-1,0.000046,0.000046,0.187694,0.812215
AACTTGCCCGTATGCA-1,0.006619,0.000019,0.035052,0.958309
AACTTTACGGGAGCTT-1,0.000093,0.000093,0.151865,0.84795
AACTTTCTCGATCATG-1,0.169917,0.000032,0.67765,0.152401
AAGAAATCACCAGATT-1,0.00012,0.00012,0.617417,0.382343
AAGACCAAATAACTCA-1,0.000026,0.000026,0.085181,0.914766
AAGACCCAACTGAACA-1,0.000212,0.000212,0.23312,0.766455
AAGACTCACGCCCACT-1,0.000069,0.000069,0.108875,0.890987
AAGACTGCAAGCTACT-1,0.000054,0.000054,0.040497,0.959395
AAGAGATGAATCGGTA-1,0.000035,0.000035,0.009388,0.990541
AAGAGCTCTTTATCGG-1,0.000016,0.000016,0.015629,0.984339
AAGAGGATGTACGCGA-1,0.000006,0.000006,0.001515,0.998472
AAGAGGCATGGATCGC-1,0.000043,0.000043,0.237488,0.762426
AAGATGGCACCGGACC-1,0.000049,0.000049,0.088999,0.910903
AAGATTGGCGGAACGT-1,0.000023,0.000023,0.063925,0.93603
AAGCATACTCTCCTGA-1,0.00004,0.00004,0.19461,0.80531
AAGCCGCCGTGAAATC-1,0.000156,0.000156,0.116237,0.88345
AAGCCGCTTTACCTTG-1,0.000163,0.000163,0.530762,0.468913
AAGCGGAGTGCGCGCA-1,0.074648,0.000158,0.437414,0.487781
AAGCGGCGTCATGGGT-1,0.000064,0.000064,0.167606,0.832265
AAGCGTCCCTCATCGA-1,0.000138,0.000138,0.143206,0.856517
AAGCTAGATCGAGTAA-1,0.000034,0.000034,0.119565,0.880368
AAGCTCGTGCCAAGTC-1,0.000088,0.000088,0.000176,0.999647
AAGGAGCGGTTGGTGC-1,0.000058,0.000058,0.517969,0.481916
AAGGATGAGGGACCTC-1,0.000034,0.000034,0.088473,0.911459
AAGGCAGGCTGTCTCC-1,0.000082,0.000082,0.778867,0.220969
AAGGCGCGTAAAGCTT-1,0.000226,0.000226,0.000452,0.999095
AAGGCTGTGCTCATCG-1,0.000088,0.000088,0.291019,0.708805
AAGGGAACGACTGGCT-1,0.000072,0.000072,0.082922,0.916934
AAGGGACAGATTCTGT-1,0.000016,0.000016,0.030975,0.968993
AAGGGACTATGCATTC-1,0.000052,0.000052,0.142909,0.856988
AAGGTATCCTAATATA-1,0.000008,0.000008,0.000418,0.999566
AAGGTGATAAACCAGC-1,0.000049,0.000049,0.06307,0.936831
AAGTAGAAGACCGGGT-1,0.000069,0.000069,0.322374,0.677488
AAGTAGTGACGCGAGG-1,0.000012,0.000012,0.002506,0.997471
AAGTCAATTGTCGTCA-1,0.000027,0.000027,0.346545,0.653402
AAGTCTAGTAGCTGCC-1,0.044041,0.000062,0.581886,0.374011
AAGTGACGACCGAATT-1,0.000019,0.000019,0.004647,0.995314
AAGTGAGTCGGGTTTA-1,0.000161,0.000161,0.000322,0.999356
AAGTGCAAAGGTAGAC-1,0.000491,0.000491,0.227658,0.771359
AAGTGCGTTAGAATCT-1,0.009124,0.000024,0.012591,0.97826
AAGTTCAGTCTGCGTA-1,0.000076,0.000076,0.340964,0.658885
AAGTTCGGCCAACAGG-1,0.000018,0.000018,0.263954,0.73601
AATAACAACGCTCGGC-1,0.000003,0.000003,0.000007,0.999987
AATAACACTAGAACAA-1,0.000082,0.000082,0.079612,0.920225
AATAAGTCCTCGAGAC-1,0.000185,0.000185,0.082712,0.916917
AATACAATGTTTCAGG-1,0.000052,0.000052,0.025095,0.9748
AATAGAACAGAGTGGC-1,0.000123,0.000123,0.381373,0.618381
AATAGAATCTGTTTCA-1,0.000051,0.000051,0.000102,0.999796
AATAGCAAGCCTCCTG-1,0.000091,0.000091,0.484793,0.515024
AATAGCTACCGCGTGC-1,0.087749,0.000026,0.746961,0.165264
AATAGTCCGTCCCGAC-1,0.00009,0.00009,0.186161,0.813658
AATAGTCGCGAGTCGG-1,0.000043,0.000043,0.27642,0.723494
AATATCGAGGGTTCTC-1,0.000032,0.000032,0.149961,0.849976
AATATTGGAGTATTGA-1,0.000009,0.000009,0.000018,0.999964
AATCCAAGGGCCTGAG-1,0.000048,0.000048,0.30549,0.694414
AATCGCCTCAGCGCCA-1,0.000012,0.000012,0.000024,0.999952
AATCGCGCAGAGGACT-1,0.000038,0.000038,0.999654,0.000269
AATCTAGGTTTACTTG-1,0.000033,0.000033,0.000065,0.99987
AATCTATGCCGGAGCC-1,0.000059,0.000059,0.111971,0.887911
AATCTCTACTGTGGTT-1,0.000072,0.000072,0.12705,0.872807
AATCTGCGTTGGGACG-1,0.000017,0.000017,0.087488,0.912477
AATCTGGCTTTCTAGT-1,0.000133,0.000133,0.0028,0.996933
AATCTGGGTAGACCCT-1,0.000064,0.000064,0.081454,0.918417
AATGACAGCAATGTCT-1,0.000052,0.000052,0.041015,0.95888
AATGACGTAGGATGTC-1,0.000044,0.000044,0.09537,0.904542
AATGACTGTCAGCCGG-1,0.000061,0.000061,0.344463,0.655415
AATGAGTTCGCATATG-1,0.00059,0.00059,0.18947,0.80935
AATGATGATACGCTAT-1,0.000039,0.000039,0.115471,0.884451
AATGATGCGACTCCTG-1,0.000021,0.000021,0.103257,0.8967
AATGCAACCGGGTACC-1,0.021353,0.00003,0.558838,0.419779
AATGCACCAAGCAATG-1,0.000039,0.000039,0.317969,0.681953
AATGGCCGCCAATGCG-1,0.000088,0.000088,0.672373,0.32745
AATGGTCCACCGTTCA-1,0.000012,0.000012,0.035319,0.964656
AATGGTTCTCACAAGC-1,0.00003,0.00003,0.000061,0.999878
AATGTATGGCACTGTA-1,0.007577,0.007576,0.015153,0.969694
AATGTGCCCGAGGTGT-1,0.00005,0.00005,0.095162,0.904738
AATGTGCTAATCTGAG-1,0.000052,0.000052,0.079222,0.920674
AATTAAAGGTCGGCGT-1,0.000187,0.000187,0.000373,0.999253
AATTACGAGACCCATC-1,0.000071,0.000071,0.110063,0.889794
AATTCATAAGGGATCT-1,0.000038,0.000038,0.202666,0.797258
AATTCATTGTCATGCA-1,0.081139,0.001337,0.204535,0.712989
AATTGAACGCTCTGGT-1,0.000049,0.000049,0.113609,0.886292
AATTGCGTGGATTACA-1,0.010101,0.010101,0.020204,0.959593
AATTTGGGACATAGTA-1,0.000072,0.000072,0.115376,0.884481
ACAAACCATGCGTCCT-1,0.000022,0.000022,0.151945,0.848012
ACAAAGAAGGTAGGCC-1,0.000321,0.000321,0.093847,0.905511
ACAAATCGCACCGAAT-1,0.00002,0.00002,0.04895,0.951011
ACAAATGGTAGTGTTT-1,0.000048,0.000048,0.107252,0.892653
ACAAATTCAGATCTGA-1,0.00005,0.00005,0.296301,0.703599
ACAACAGCATGAGCTA-1,0.00005,0.00005,0.087826,0.912074
ACAACGGTCCCTGCGA-1,0.000032,0.000032,0.032711,0.967226
ACAAGCAGTGCCTAGC-1,0.000013,0.000013,0.00452,0.995453
ACAAGGAAATCCGCCC-1,0.005484,0.000027,0.029887,0.964602
ACAAGGACAAGAGGTT-1,0.000037,0.000037,0.011273,0.988653
ACAAGGCCTACCAGCC-1,0.000097,0.000097,0.291623,0.708182
ACAAGGGCAGGCTCTG-1,0.000034,0.000034,0.080141,0.91979
ACAATAGTCGTACGTT-1,0.00003,0.00003,0.004261,0.99568
ACAATCCATTTAAACC-1,0.000009,0.000009,0.000416,0.999565
ACAATGAATACGGAGA-1,0.000035,0.000035,0.024366,0.975563
ACAATGATTCTTCTAC-1,0.000068,0.000068,0.759902,0.239962
ACAATTTAGGAGGCTC-1,0.021392,0.000106,0.402032,0.57647
ACAATTTGAGCAGTGG-1,0.000041,0.000041,0.092462,0.907457
ACAATTTGGCCATATT-1,0.000064,0.000064,0.365823,0.634049
ACACAAAGACGGGTGG-1,0.000272,0.000023,0.8754,0.124305
ACACAAATATTCCTAG-1,0.056692,0.000096,0.473249,0.469963
ACACACCAGGACCAGT-1,0.000056,0.000056,0.167942,0.831946
ACACATGATCAAATCT-1,0.000025,0.000025,0.404794,0.595156
ACACCACATAATTAGC-1,0.000053,0.000053,0.373454,0.62644
ACACCCAGCATGCAGC-1,0.000039,0.000039,0.697621,0.3023
ACACCCGAGAAATCCG-1,0.000029,0.000029,0.035003,0.96494
ACACCCGTAAATCTGT-1,0.180639,0.000017,0.703003,0.116341
ACACCGGTCTGACCGC-1,0.000074,0.000074,0.098802,0.901049
ACACCTTAAGTAGGGC-1,0.000095,0.000095,0.130837,0.868974
ACACCTTACTACTTGC-1,0.000146,0.000146,0.435657,0.56405
ACACGAGACTCCTTCT-1,0.000041,0.000041,0.095299,0.904618
ACACGGCACTATGCAT-1,0.000088,0.000088,0.02182,0.978005
ACACGGGAACTTAGGG-1,0.000023,0.000023,0.010661,0.989294
ACACTCCAATGTCACT-1,0.00011,0.00011,0.178392,0.821389
ACACTGATCAAGGTGT-1,0.00039,0.00039,0.548734,0.450486
ACAGAACTGAGAACAA-1,0.000012,0.000012,0.068772,0.931203
ACAGCATAGAGCCAGT-1,0.000083,0.000083,0.152329,0.847505
ACAGCGCACCCGCAGC-1,0.000018,0.000018,0.053391,0.946574
ACAGGTGGAGGTGAGG-1,0.0001,0.0001,0.300143,0.699657
ACAGTAATACAACTTG-1,0.003449,0.000021,0.059412,0.937118
ACAGTATACCGTGGGA-1,0.040495,0.000042,0.600525,0.358938
ACAGTGCAGCGCATTT-1,0.000067,0.000067,0.344311,0.655554
ACATAAGTCGTGGTGA-1,0.000024,0.000024,0.113835,0.886118
ACATCAGCTGGGACGC-1,0.000479,0.000479,0.345687,0.653356
ACATCCCGGCCATACG-1,0.000455,0.000455,0.686709,0.312382
ACATCCTGGTAACTGT-1,0.000014,0.000014,0.070268,0.929704
ACATCGATCGTTTACC-1,0.00013,0.00013,0.138792,0.860948
ACATCGGTCAGCCGCG-1,0.000015,0.000015,0.091254,0.908715
ACATCGTATGCAATGG-1,0.000019,0.000019,0.071255,0.928706
ACATCGTTAACCTAGT-1,0.000037,0.000037,0.005611,0.994316
ACATCTCAACGCGTAA-1,0.000039,0.000039,0.000078,0.999843
ACATGGCGCCAAAGTA-1,0.000132,0.000132,0.185338,0.814399
ACATTAGTTTATATCC-1,0.000292,0.000292,0.360681,0.638734
ACCAAACACCCAGCGA-1,0.301267,0.000011,0.655264,0.043458
ACCAACACCACACACT-1,0.000038,0.000038,0.592916,0.407008
ACCAACGCTTATTTAT-1,0.001595,0.001595,0.00319,0.99362
ACCAAGAACGCGTGTC-1,0.000073,0.000073,0.292632,0.707222
ACCACAACTCAGAACA-1,0.000026,0.000026,0.054023,0.945925
ACCACAAGTTTCTATC-1,0.000058,0.000058,0.307967,0.691918
ACCACCCTCTCTTCTA-1,0.000062,0.000062,0.395086,0.60479
ACCACGTGCAGCTATA-1,0.000026,0.000026,0.075845,0.924102
ACCAGCCCGGTCTTTG-1,0.00101,0.00101,0.00202,0.995959
ACCAGTGCCCGGTCAA-1,0.000052,0.000052,0.555376,0.444521
ACCAGTGCGGGAGACG-1,0.000017,0.000017,0.000035,0.99993
ACCATATCCGCAATAA-1,0.000042,0.000042,0.022643,0.977273
ACCATCCGCCAACTAG-1,0.000034,0.000034,0.023218,0.976713
ACCATCGTATATGGTA-1,0.000026,0.000026,0.031838,0.968109
ACCCAACGCCCGTGGC-1,0.001667,0.000019,0.160031,0.838283
ACCCACCTACATGCTC-1,0.000029,0.000029,0.031717,0.968225
ACCCATCTTGAGGGTA-1,0.000025,0.000025,0.000051,0.999898
ACCCGAGCGAAATTAC-1,0.003632,0.000028,0.111025,0.885316
ACCCGGATGACGCATC-1,0.000208,0.000038,0.966011,0.033742
ACCCGGTTACACTTCC-1,0.000045,0.000045,0.096759,0.90315
ACCCGTGTCATCAGTA-1,0.000095,0.000095,0.06039,0.93942
ACCCTATGCCATATCG-1,0.000255,0.000255,0.079376,0.920114
ACCCTCCCTTGCTATT-1,0.000045,0.000045,0.1005,0.89941
ACCCTGGTAACGCCCT-1,0.000038,0.000038,0.4844,0.515524
ACCCTTGCCTGGGTCG-1,0.114564,0.000206,0.277393,0.607838
ACCCTTTAGTTCTCCA-1,0.00004,0.00004,0.009794,0.990125
ACCGAAGAGTCTGGTT-1,0.00938,0.000011,0.041108,0.949502
ACCGACTGAGTCCCAC-1,0.011761,0.000041,0.015257,0.972942
ACCGATGGTAGCATCG-1,0.000088,0.000088,0.478511,0.521313
ACCGCAATAACTGCCT-1,0.000144,0.000144,0.061169,0.938543
ACCGGGCCTTTGTTGA-1,0.000049,0.000049,0.347145,0.652757
ACCGGTCAGGTACACC-1,0.000021,0.000021,0.06241,0.937547
ACCGGTCTGAGTACGG-1,0.000073,0.000073,0.083196,0.916659
ACCGTCCACTGGGCCC-1,0.000129,0.000129,0.074916,0.924827
ACCGTGACCACGTGGG-1,0.000039,0.000039,0.088332,0.91159
ACCTAAGTACCTTTCA-1,0.000019,0.000019,0.096596,0.903366
ACCTAATCGACTTCCT-1,0.000013,0.000013,0.000026,0.999947
ACCTACAGTATGTGGT-1,0.000172,0.000172,0.47929,0.520367
ACCTCCGTTATTCACC-1,0.00007,0.00007,0.174894,0.824966
ACCTCGAACTTATGCT-1,0.000024,0.000024,0.164941,0.83501
ACCTGCGTGTCATGTT-1,0.000039,0.000039,0.126041,0.873881
ACGAAATGGGCGGCAC-1,0.006108,0.000017,0.011459,0.982417
ACGACTGGTCATACTC-1,0.00005,0.00005,0.097993,0.901906
ACGAGATATTTGCTTA-1,0.000026,0.000026,0.004207,0.995742
ACGAGGATACCACTCT-1,0.000141,0.000141,0.018567,0.981152
ACGAGGTTTACAACGT-1,0.000021,0.000021,0.021705,0.978254
ACGAGTACGGATGCCC-1,0.000051,0.000051,0.282146,0.717752
ACGATACATAGAACTA-1,0.00001,0.00001,0.049709,0.950272
ACGATCATCTTGTAAA-1,0.000141,0.000141,0.390994,0.608723
ACGATGCATATGTTAT-1,0.000037,0.000037,0.039055,0.960872
ACGATGGATCCGATGC-1,0.000198,0.000198,0.097772,0.901832
ACGCAAACTAATAGAT-1,0.000276,0.000276,0.00271,0.996739
ACGCAATCACTACAGC-1,0.000061,0.000061,0.125514,0.874364
ACGCATAAATGACATG-1,0.000107,0.000107,0.323872,0.675914
ACGCATTCGTGAGTAC-1,0.000058,0.000058,0.489633,0.510251
ACGCCAGATGATTTCT-1,0.000016,0.000016,0.000032,0.999936
ACGCCCAGCTGTCGAT-1,0.000444,0.000443,0.000887,0.998226
ACGCCGCTAGACGACC-1,0.000035,0.000035,0.032804,0.967127
ACGCGAAGTCAGACGA-1,0.00013,0.00013,0.237673,0.762066
ACGCGCTACACAGGGT-1,0.000004,0.000004,0.000009,0.999983
ACGCGGGCCAAGGACA-1,0.000275,0.000275,0.327441,0.672009
ACGCTAGTATCAGTGC-1,0.000046,0.000046,0.7168,0.283108
ACGCTAGTGATACACT-1,0.000056,0.000056,0.155478,0.844411
ACGCTGTGAGGCGTAG-1,0.000028,0.000028,0.0193,0.980644
ACGCTTAGTGTCTCTC-1,0.000045,0.000045,0.013222,0.986689
ACGGAATTTAGCAAAT-1,0.00009,0.00009,0.021035,0.978786
ACGGAGCGCAAATTAC-1,0.023209,0.000034,0.474111,0.502647
ACGGCACTTGCTTGGG-1,0.007576,0.007576,0.93181,0.053038
ACGGCCAACATGGACT-1,0.001337,0.001337,0.448164,0.549162
ACGGCGACGATGGGAA-1,0.000067,0.000067,0.024341,0.975526
ACGGCTGGATGTAGAA-1,0.000205,0.000205,0.50328,0.49631
ACGGGAGTGTCGGCCC-1,0.000025,0.000025,0.065702,0.934249
ACGGGCGTATGCGACA-1,0.000087,0.000087,0.428083,0.571742
ACGTAGATTGCTGATG-1,0.000119,0.000119,0.000239,0.999522
ACGTATTACTCCGATC-1,0.000122,0.000122,0.404091,0.595664
ACGTCTCGTTCCGGGA-1,0.000053,0.000053,0.083078,0.916816
ACGTGACAAAGTAAGT-1,0.000168,0.000168,0.167406,0.832258
ACGTGGTCGAATGTGC-1,0.000086,0.000086,0.026941,0.972887
ACGTTAATGTCGAAGA-1,0.000024,0.000024,0.000049,0.999903
ACGTTAGATTTGCCCG-1,0.000026,0.000026,0.011239,0.988708
ACGTTATTGGTCACTC-1,0.000141,0.000141,0.089656,0.910062
ACGTTCGCAATCAATT-1,0.000067,0.000067,0.381342,0.618524
ACGTTCGTTCAGGAAA-1,0.000092,0.000092,0.114699,0.885117
ACGTTTAGTTGTGATC-1,0.000026,0.000026,0.000052,0.999897
ACTAAGGACGCACACC-1,0.016149,0.000141,0.504881,0.47883
ACTAATACGTCAGGCG-1,0.000063,0.000063,0.394194,0.605681
ACTACATCCCGACAAG-1,0.000029,0.000029,0.158646,0.841296
ACTACCAGCTCTCTGG-1,0.000572,0.000572,0.079069,0.919787
ACTACGCGTTAGAATT-1,0.000046,0.000046,0.364786,0.635122
ACTATATGCTGTGTTC-1,0.000033,0.000033,0.769745,0.230188
ACTATGTCCAGCTGCC-1,0.000039,0.000039,0.000079,0.999843
ACTATTCGTCCGTGGT-1,0.000011,0.000011,0.02032,0.979658
ACTATTTCCGGGCCCA-1,0.00023,0.00023,0.07189,0.92765
ACTCAATAAAGGCACG-1,0.000026,0.000026,0.000052,0.999896
ACTCATGGCAGCCTTC-1,0.000065,0.000065,0.119833,0.880038
ACTCCAATATCATCAT-1,0.000027,0.000027,0.000054,0.999893
ACTCCCATTCCTAAAG-1,0.000036,0.000036,0.015475,0.984453
ACTCCCGAATTCGTTT-1,0.000039,0.000039,0.218088,0.781834
ACTCCCGTAGACTAGG-1,0.092992,0.000054,0.700896,0.206058
ACTCCCTAGAATAGTA-1,0.000017,0.000017,0.037695,0.96227
ACTCGATGTATTTCAT-1,0.002598,0.002598,0.005195,0.989609
ACTCGCGATCTGACGC-1,0.000079,0.000079,0.582221,0.41762
ACTCGTAACCCGTCCT-1,0.000136,0.000136,0.000273,0.999455
ACTCGTCAGTAATCCC-1,0.000041,0.000041,0.150738,0.849181
ACTCTCTGACTTAGGT-1,0.000036,0.000036,0.044646,0.955282
ACTCTCTTATACACGA-1,0.000043,0.000043,0.123164,0.876749
ACTCTTCAGCTCCCGC-1,0.00008,0.00008,0.330265,0.669574
ACTCTTGTATAGTAAC-1,0.000053,0.000053,0.000105,0.999789
ACTGAATGGCGAAAGT-1,0.017026,0.000032,0.014259,0.968683
ACTGATTTAGTGATTC-1,0.000028,0.000028,0.021645,0.978299
ACTGCCGTCGTAACTC-1,0.000058,0.000058,0.065801,0.934084
ACTGCGGACACACCGT-1,0.000048,0.000048,0.200894,0.799009
ACTGCTCGGAAGGATG-1,0.000035,0.000035,0.063818,0.936111
ACTGGCGAACCTGCGT-1,0.000154,0.000154,0.584498,0.415195
ACTGTACGATACACAT-1,0.000013,0.000013,0.116394,0.883579
ACTGTAGCACTTTGGA-1,0.000089,0.000089,0.051031,0.94879
ACTGTCCAGGATTATA-1,0.000081,0.000081,0.485827,0.514012
ACTTACCGGGCGCGCA-1,0.000075,0.000075,0.26351,0.73634
ACTTAGTACGACAAGA-1,0.030269,0.000219,0.178819,0.790693
ACTTATACTTACCCGG-1,0.000091,0.000091,0.514335,0.485483
ACTTATTAGGATCGGT-1,0.00007,0.00007,0.027417,0.972443
ACTTATTTATGTGCCA-1,0.000043,0.000043,0.100784,0.89913
ACTTCAGGCTGATCCC-1,0.000319,0.000319,0.097231,0.902131
ACTTCCTGTCGTGCGA-1,0.000065,0.000065,0.513144,0.486727
ACTTCGCCATACGCAC-1,0.000016,0.000016,0.001487,0.998481
ACTTCGCTAGCGAGTG-1,0.001958,0.000031,0.755666,0.242346
ACTTGACTCCCTCTTT-1,0.006827,0.000028,0.000056,0.993088
ACTTGGGACCCGGTGG-1,0.000096,0.000096,0.255533,0.744275
ACTTGTAGTCCCTTCA-1,0.044261,0.000107,0.145767,0.809865
ACTTTACCCTCATGAA-1,0.000089,0.000089,0.203878,0.795944
ACTTTGACTGCATCCT-1,0.000053,0.000053,0.000106,0.999789
ACTTTGGTCGTGCTCC-1,0.000059,0.000059,0.321509,0.678372
AGAACCCAGCGTGACA-1,0.000051,0.000051,0.527032,0.472867
AGAACCCTCAATTGGG-1,0.000238,0.000238,0.000476,0.999048
AGAACGTGGTACATTC-1,0.011288,0.000011,0.000776,0.987925
AGAAGAGCGCCGTTCC-1,0.000223,0.000223,0.000446,0.999109
AGAAGGTACACTTCAC-1,0.000019,0.000019,0.000039,0.999922
AGAAGGTTGCCGAATT-1,0.000018,0.000018,0.086274,0.913691
AGAAGTGATTCGTGAT-1,0.000007,0.000007,0.026875,0.97311
AGAATAAATCTTCAGG-1,0.0128,0.000082,0.128146,0.858971
AGAATGCGGGTTCGGA-1,0.640228,0.000008,0.357802,0.001962
AGAATTATGGATTCGA-1,0.000036,0.000036,0.275646,0.724282
AGAATTGTTTGACATA-1,0.000055,0.000055,0.000111,0.999778
AGACAGCTCAGAATCC-1,0.000425,0.000425,0.304391,0.694759
AGACCAAACCACACCT-1,0.000013,0.000013,0.088199,0.911774
AGACCATGGGATACAA-1,0.000026,0.000026,0.116555,0.883394
AGACCCACCGCTGATC-1,0.000036,0.000036,0.002391,0.997537
AGACCCGCCCTCCTCG-1,0.274911,0.000013,0.689349,0.035726
AGACCGGGAAACCCTG-1,0.000042,0.000042,0.007287,0.992629
AGACGAAGTGCCGGTC-1,0.000063,0.000063,0.141323,0.858552
AGACGACGATGCCGCT-1,0.00003,0.00003,0.112256,0.887684
AGACGGGATTGGTATA-1,0.000039,0.000039,0.020358,0.979564
AGACGGGCCGATTTAA-1,0.00007,0.00007,0.395583,0.604277
AGACTAGCCTTCCAGA-1,0.000067,0.000067,0.265397,0.734468
AGACTGTTACCGGGTC-1,0.000176,0.000176,0.000352,0.999297
AGAGAACCGTCTAGGA-1,0.000025,0.000025,0.141634,0.858316
AGAGAAGGAGTACAAT-1,0.000036,0.000036,0.081693,0.918235
AGAGATCTCTAAAGCG-1,0.000027,0.000027,0.015154,0.984793
AGAGCAGTTATGAGAC-1,0.000033,0.000033,0.043071,0.956863
AGAGCGCTTGTAACGG-1,0.053561,0.000242,0.401469,0.544728
AGAGCGTACAAGCTCG-1,0.000158,0.000158,0.000315,0.99937
AGAGGGACAATTGTCC-1,0.095904,0.000042,0.529801,0.374253
AGAGTATAGTGTTACG-1,0.000098,0.000098,0.331716,0.668089
AGAGTGAACAGACACC-1,0.000058,0.000058,0.585657,0.414227
AGAGTTAGAGACCGAT-1,0.000071,0.000071,0.303008,0.696851
AGAGTTGCAGGCCTCC-1,0.04779,0.000141,0.568782,0.383288
AGATAACTTCAGGGCC-1,0.000116,0.000116,0.000233,0.999535
AGATACCAGCACTTCA-1,0.094391,0.000041,0.585604,0.319963
AGATACCGGTGTTCAC-1,0.000014,0.000014,0.035214,0.964758
AGATACGACTTCATAT-1,0.00008,0.00008,0.037407,0.962432
AGATACTCAAGATCGA-1,0.00004,0.00004,0.00008,0.999839
AGATCGTGCATAAGAT-1,0.000044,0.000044,0.144948,0.854965
AGATCTCAGGTGTGAT-1,0.002034,0.000006,0.03769,0.96027
AGATGACTCGCCCACG-1,0.000082,0.000082,0.391726,0.60811
AGATGAGGGTTGCGAT-1,0.000076,0.000076,0.347297,0.652551
AGATGATGGAGTCTGG-1,0.000205,0.000205,0.474766,0.524825
AGATGCAAGACGTGCA-1,0.00003,0.00003,0.141135,0.858805
AGATGCATCCTGTGTC-1,0.000191,0.000191,0.272194,0.727424
AGATTATAGGACGTTT-1,0.000072,0.000072,0.000145,0.99971
AGATTCAAGCGGGTCG-1,0.000088,0.000088,0.660447,0.339377
AGATTCACAACCGATA-1,0.00002,0.00002,0.00004,0.99992
AGCAACATATCTTATT-1,0.000095,0.000095,0.263544,0.736266
AGCAACCGAAAGTAAT-1,0.00406,0.000029,0.00695,0.98896
AGCACCAGTACTCACG-1,0.000084,0.000084,0.225833,0.773998
AGCACTACCGGCCTGT-1,0.000026,0.000026,0.063996,0.935952
AGCACTTAAGGACGCC-1,0.000046,0.000046,0.023577,0.976331
AGCAGCCAGATGAATA-1,0.00015,0.00015,0.299112,0.700588
AGCATCATTTCGAAAG-1,0.000044,0.000044,0.000087,0.999826
AGCATCGTCGATAATT-1,0.000071,0.000071,0.415271,0.584587
AGCCACTCCCGTGCTT-1,0.000016,0.000016,0.064459,0.935509
AGCCCATACATGTAAG-1,0.000011,0.000011,0.000023,0.999955
AGCCCGGCATTAGAGG-1,0.000583,0.000583,0.112636,0.886198
AGCCCGGTAGCCTGTA-1,0.000215,0.000215,0.271934,0.727635
AGCCCTCCCTGGTGGC-1,0.000096,0.000096,0.096237,0.90357
AGCCCTGTCGCACCGT-1,0.000076,0.000076,0.474746,0.525102
AGCCCTTCTAATCCGA-1,0.000058,0.000058,0.40246,0.597424
AGCCGTGGCTAAATGT-1,0.000043,0.000043,0.000085,0.99983
AGCCTAATACCCACGT-1,0.000023,0.000023,0.027698,0.972256
AGCCTTAAAGCGGAAG-1,0.00003,0.00003,0.142231,0.857709
AGCGACAGGAACGGTC-1,0.000052,0.000052,0.846503,0.153394
AGCGACATCCCATTCA-1,0.023115,0.000091,0.325415,0.651379
AGCGACCAACGATATT-1,0.000062,0.000024,0.862886,0.137027
AGCGAGACGTGAAGGC-1,0.000167,0.000167,0.112493,0.887174
AGCGCATAATGAATCG-1,0.000069,0.000069,0.083008,0.916854
AGCGCGGGTGCCAATG-1,0.000034,0.000034,0.101371,0.898561
AGCGCTAGAGCGATGT-1,0.000053,0.000053,0.69278,0.307113
AGCGCTTATGGGCAAG-1,0.000061,0.000061,0.088077,0.911801
AGCGGACACTTCGTAG-1,0.000059,0.000059,0.18151,0.818372
AGCGGCGGTTAGCGGT-1,0.000787,0.000024,0.003498,0.995691
AGCGGGAAGGGTCCAT-1,0.000231,0.000231,0.209907,0.78963
AGCGGTTGAGATGTAC-1,0.000039,0.000039,0.006282,0.99364
AGCGGTTGCCGCTCTG-1,0.057633,0.000031,0.826475,0.115861
AGCGTGGTATTCTACT-1,0.00004,0.00004,0.068765,0.931156
AGCGTTCCGATTTAAA-1,0.000341,0.000024,0.020109,0.979525
AGCTAACAAGCAATGT-1,0.000033,0.000033,0.030678,0.969256
AGCTAGAAGCAGAAGT-1,0.000865,0.000019,0.067972,0.931143
AGCTATTTAATCCAAC-1,0.000473,0.000007,0.000014,0.999506
AGCTCGTTGATGGAAA-1,0.003816,0.000127,0.530405,0.465652
AGCTCTAGACGTTCCA-1,0.003924,0.000018,0.114811,0.881247
AGCTCTTCCCAGTGCA-1,0.000046,0.000046,0.114841,0.885067
AGCTCTTTACTCAGTT-1,0.000045,0.000045,0.006621,0.993288
AGCTGAAGTAAACCAA-1,0.000037,0.000037,0.052715,0.947211
AGCTGCATTTGAGGTG-1,0.000059,0.000059,0.441859,0.558024
AGCTGCTGTGCCGAAT-1,0.000092,0.000092,0.295581,0.704235
AGCTGTAACCTCAATC-1,0.000048,0.000048,0.000095,0.99981
AGCTTGATCTTAACTT-1,0.000026,0.000026,0.01973,0.980218
AGGACAGTCGAATCCC-1,0.000063,0.000063,0.085761,0.914113
AGGACATCGCACGTCG-1,0.000042,0.000042,0.001594,0.998323
AGGACGACCCATTAGA-1,0.00003,0.00003,0.121413,0.878527
AGGACGCTCGATGTTG-1,0.000095,0.000095,0.03973,0.96008
AGGAGACATCCACAGT-1,0.000064,0.000064,0.43323,0.566642
AGGAGAGTCTGGCTAC-1,0.000041,0.000041,0.821582,0.178336
AGGATAAAGTCGGGAT-1,0.00023,0.00023,0.496097,0.503443
AGGATATAGGGATTTA-1,0.000021,0.000021,0.014941,0.985017
AGGATCACGCGATCTG-1,0.000128,0.000128,0.026229,0.973516
AGGATTGCTTACGACA-1,0.00008,0.00008,0.504808,0.495033
AGGCAGATGCGTAAAC-1,0.000031,0.000031,0.102334,0.897605
AGGCAGGGAGCGTACT-1,0.000689,0.000689,0.202126,0.796497
AGGCATTGTCGTAGGG-1,0.000136,0.000136,0.215653,0.784076
AGGCCACATTGGTTAC-1,0.00045,0.00045,0.30005,0.69905
AGGCCACCCGTTATGA-1,0.000065,0.000065,0.220333,0.779537
AGGCCCATTGTACAGG-1,0.000055,0.000055,0.277119,0.722771
AGGCCCTAGAACGCCA-1,0.004189,0.000022,0.018038,0.97775
AGGCGGTTTGTCCCGC-1,0.000061,0.000061,0.026237,0.973642
AGGCGTCTATGGACGG-1,0.359226,0.000012,0.58882,0.051942
AGGCTATGGTTAGCTT-1,0.00001,0.00001,0.005625,0.994356
AGGCTTCCCGAAGAAG-1,0.000131,0.000131,0.304824,0.694915
AGGCTTGCTAGACACC-1,0.00012,0.00012,0.000239,0.999521
AGGGAAACGAGGTACT-1,0.000042,0.000042,0.132859,0.867058
AGGGACCGGCTGCGTT-1,0.00012,0.00012,0.20026,0.799499
AGGGACTCTACGCGAC-1,0.000267,0.000267,0.902405,0.097061
AGGGAGACATACTTCG-1,0.000078,0.000078,0.205734,0.794111
AGGGCAGCGGCGTGGT-1,0.000029,0.000029,0.106115,0.893826
AGGGCGAGCAGCTGAT-1,0.000044,0.000044,0.121382,0.878529
AGGGCGTGATCGGCTA-1,0.000128,0.000128,0.104091,0.895652
AGGGCTGCAGTTACAG-1,0.000064,0.000064,0.041614,0.958258
AGGGTCAGTAACCCTA-1,0.142585,0.000036,0.623323,0.234056
AGGGTCGATGCGAACT-1,0.000111,0.000111,0.45572,0.544058
AGGGTGCCGTTCTTTA-1,0.002755,0.002755,0.470291,0.524199
AGGGTGCTCTCGAGGG-1,0.000057,0.000057,0.468606,0.531281
AGGGTGGATAGTGCAT-1,0.008266,0.008265,0.925611,0.057859
AGGGTGTGCTACACGC-1,0.000098,0.000098,0.531063,0.468742
AGGGTTCCCTTTGGTT-1,0.000031,0.000031,0.084018,0.91592
AGGTAACCTCCTATTC-1,0.000051,0.000051,0.032089,0.967809
AGGTACGATATTGCCA-1,0.000016,0.000016,0.010536,0.989433
AGGTAGATCGAGATAT-1,0.000053,0.000053,0.117213,0.88268
AGGTAGGTACAAAGCT-1,0.000005,0.000005,0.001709,0.99828
AGGTATGCGGACATTA-1,0.000072,0.000072,0.469586,0.53027
AGGTCAGGTGAGAGTG-1,0.00633,0.000042,0.092577,0.901052
AGGTCGCGGAGTTACT-1,0.000042,0.000042,0.127454,0.872462
AGGTGGTGACCTTCGC-1,0.000292,0.000292,0.132058,0.867357
AGGTGTATCGCCATGA-1,0.000031,0.000031,0.000062,0.999875
AGGTTACACCATGCCG-1,0.000044,0.000044,0.528544,0.471368
AGGTTCTCCTTTCCGG-1,0.007576,0.007576,0.143021,0.841827
AGGTTGAGGCACGCTT-1,0.000016,0.000016,0.10588,0.894088
AGGTTTCACACACCTT-1,0.000047,0.000047,0.000094,0.999813
AGTAACGTTCATCCTG-1,0.000069,0.000069,0.079206,0.920655
AGTAATGTCTTGCCGC-1,0.035777,0.000133,0.190753,0.773336
AGTAATTTGCAAGCGT-1,0.01775,0.000098,0.346292,0.63586
AGTACCTTCGAGTGCT-1,0.000047,0.000047,0.841763,0.158144
AGTACGGCCCGTATCG-1,0.001263,0.001263,0.133891,0.863583
AGTACGGGCACCTGGC-1,0.000015,0.000015,0.022997,0.976974
AGTACGTGGCCTGTCT-1,0.000069,0.000069,0.081068,0.918795
AGTAGCGTGAACGAAC-1,0.000127,0.000127,0.135978,0.863768
AGTAGCTAGACGCCGA-1,0.000086,0.000086,0.32726,0.672567
AGTAGGAAGGAAGTTG-1,0.000063,0.000063,0.268988,0.730887
AGTAGGTAACATACAT-1,0.000053,0.000053,0.069106,0.930787
AGTATAATACTAGGCA-1,0.019117,0.000082,0.000164,0.980638
AGTATACACAGCGACA-1,0.00028,0.00028,0.00056,0.998881
AGTATGCTGGAGACCA-1,0.00009,0.00009,0.170532,0.829288
AGTATTTGGCACGACC-1,0.000052,0.000052,0.798744,0.201152
AGTCAAATGATGTGAT-1,0.000086,0.000086,0.129637,0.870191
AGTCAACACCACCATC-1,0.00451,0.000026,0.199443,0.796021
AGTCAAGATGACACTT-1,0.000059,0.000059,0.123002,0.876881
AGTCAGCCACCGCCTG-1,0.000059,0.000059,0.022239,0.977642
AGTCCATTGGCTGATG-1,0.000045,0.000045,0.191379,0.808531
AGTCCCGCCTTTAATT-1,0.000044,0.000044,0.127283,0.87263
AGTCCCTCGCAGAAAG-1,0.000055,0.000055,0.668888,0.331002
AGTCGACGGTCTCAAG-1,0.00003,0.00003,0.754105,0.245836
AGTCGGCCCAAACGAC-1,0.000092,0.000092,0.000184,0.999632
AGTCGGCTCAACTTTA-1,0.000054,0.000054,0.179645,0.820246
AGTCGGTTGCGTGAGA-1,0.000057,0.000057,0.144177,0.855708
AGTCGTGGGCATTACG-1,0.00003,0.00003,0.104027,0.895912
AGTCTAAAGTATACTC-1,0.000044,0.000044,0.191922,0.807989
AGTCTCACAAGACTAC-1,0.00006,0.00006,0.000452,0.999429
AGTCTGGACATCCTTG-1,0.000117,0.000117,0.000234,0.999531
AGTCTTCTCCTCAAAT-1,0.027007,0.000077,0.015225,0.957691
AGTGAACAAACTTCTC-1,0.00003,0.00003,0.884507,0.115434
AGTGAAGATGGTGTCC-1,0.261688,0.000018,0.687599,0.050695
AGTGACCTACTTTACG-1,0.000046,0.000046,0.160593,0.839316
AGTGACTGTGACACAA-1,0.000544,0.000544,0.001089,0.997822
AGTGAGACTTCCAGTA-1,0.000105,0.000105,0.324465,0.675326
AGTGAGCCTCGCCGCC-1,0.000034,0.000034,0.082166,0.917767
AGTGAGGGTTTCTGAC-1,0.00005,0.00005,0.082676,0.917223
AGTGATATGAGTAGTT-1,0.000042,0.000042,0.155093,0.844822
AGTGATTCAAGCAGGA-1,0.000016,0.000016,0.129547,0.87042
AGTGCGTAGCTCGTAA-1,0.000013,0.000013,0.075312,0.924662
AGTGCTTGCACGAATA-1,0.000037,0.000037,0.028681,0.971245
AGTGGCGGCAATTTGA-1,0.000036,0.000036,0.200994,0.798933
AGTGGCTCCGTCGGCC-1,0.000022,0.000022,0.000044,0.999911
AGTGGTGTTACCCGTG-1,0.000023,0.000023,0.06918,0.930774
AGTGGTTGCGTATAGG-1,0.00029,0.00029,0.000579,0.998842
AGTGTATTGCGCATTG-1,0.000065,0.000065,0.114175,0.885695
AGTGTGGTCTATTGTG-1,0.00005,0.00005,0.024388,0.975513
AGTTAAACACTTGCGA-1,0.000031,0.000031,0.012907,0.987032
AGTTAAGCGGTCCCGG-1,0.000016,0.000016,0.000546,0.999423
AGTTAAGTCAACCGCT-1,0.000036,0.000036,0.075458,0.92447
AGTTACCCTTAAGACT-1,0.06509,0.00018,0.052159,0.882571
AGTTACCGCACATGGT-1,0.000041,0.000041,0.158372,0.841547
AGTTACTCTATCGTGG-1,0.000079,0.000079,0.100869,0.898973
AGTTATTGAAAGGTAA-1,0.000084,0.000084,0.169932,0.829899
AGTTCACCGGTTGGAC-1,0.000037,0.000037,0.091662,0.908263
AGTTCCTACAGAATTA-1,0.000083,0.000083,0.112327,0.887507
AGTTCCTATTTATGTT-1,0.000037,0.000037,0.000074,0.999852
AGTTGCTGACTGATAT-1,0.037275,0.000415,0.040934,0.921375
AGTTTATGTAAAGACA-1,0.000052,0.000052,0.450189,0.549706
AGTTTGGCACGGGTTG-1,0.000117,0.000117,0.381589,0.618176
AGTTTGGCCAGACCTA-1,0.000062,0.000062,0.274678,0.725199
ATAAACGGACCCGTAA-1,0.000076,0.000076,0.094086,0.905762
ATAAAGGCTCGGTCGT-1,0.000063,0.000063,0.189667,0.810207
ATAAAGGTCAAGTACG-1,0.000163,0.000163,0.013425,0.986248
ATAAATATTAGCAGCT-1,0.000038,0.000038,0.000076,0.999849
ATAACGCCGGAGGGTC-1,0.000107,0.000107,0.31485,0.684935
ATAACGGAGTCCAACG-1,0.000004,0.000004,0.000008,0.999985
ATAACGTTACCTCCAC-1,0.007065,0.000032,0.79395,0.198953
ATAAGCAAACACCGAG-1,0.000104,0.000104,0.514507,0.485286
ATAAGGTGGAGAACAT-1,0.000035,0.000035,0.072548,0.927382
ATAAGTACCCGATTGT-1,0.000057,0.000057,0.743208,0.256678
ATAAGTAGGATTCAGA-1,0.000043,0.000043,0.192137,0.807776
ATAAGTTACCGCGACG-1,0.000059,0.000059,0.097906,0.901976
ATAATACCGTTAGCCG-1,0.00038,0.00038,0.147065,0.852175
ATAATAGTGTAGGGAC-1,0.000043,0.000043,0.043055,0.956859
ATACCACGGGCAACTT-1,0.00001,0.00001,0.002598,0.997383
ATACCAGGCTAATAGA-1,0.000156,0.000156,0.193249,0.806439
ATACCGTCATCCATAA-1,0.00952,0.00004,0.521493,0.468948
ATACGAAGGCTTTCCA-1,0.000059,0.000059,0.689348,0.310534
ATACGACAGATGGGTA-1,0.000052,0.000052,0.58683,0.413065
ATACGCCGGCGAAACC-1,0.000036,0.000036,0.082475,0.917453
ATACGGAACGTCGTTT-1,0.000059,0.000059,0.000119,0.999762
ATACGGGTTTCGATTG-1,0.00002,0.00002,0.050959,0.949001
ATACGGTGAAGATGCA-1,0.004785,0.004785,0.480225,0.510205
ATACGTCCACTCCTGT-1,0.000024,0.000024,0.000047,0.999906
ATACGTTATGCACGGA-1,0.000376,0.000376,0.36853,0.630718
ATACTTGTTCTCGAGC-1,0.006494,0.006494,0.204792,0.78222
ATAGACAACGGGACCT-1,0.000021,0.000021,0.112402,0.887557
ATAGACGAAGAGAAAG-1,0.000062,0.000062,0.068206,0.93167
ATAGAGTACTGGGACA-1,0.000046,0.000046,0.503449,0.496459
ATAGAGTTATCAACTT-1,0.000025,0.000025,0.052712,0.947237
ATAGCCTCAGTACCCA-1,0.000021,0.000021,0.139103,0.860855
ATAGGAATCTAAGCTT-1,0.000077,0.000077,0.276047,0.723799
ATAGGCGGCTATAGAA-1,0.000013,0.000013,0.15395,0.846025
ATAGGCTAGCTTCGCA-1,0.000038,0.000038,0.115639,0.884284
ATAGGGATATCCTTGA-1,0.000031,0.000031,0.037788,0.96215
ATAGTGAAGCGTTCTC-1,0.000052,0.000052,0.123565,0.876332
ATAGTTCCACCCACTC-1,0.000107,0.000107,0.572011,0.427774
ATATAGAGTATTGGTC-1,0.001541,0.001541,0.100161,0.896757
ATATCAACCTACAGAG-1,0.000102,0.000102,0.42565,0.574147
ATATCAATTCCAGCCT-1,0.000052,0.000052,0.022572,0.977325
ATATCGTGCCAGACCC-1,0.000031,0.000031,0.000063,0.999874
ATATCTCCCTCGTTAA-1,0.000034,0.000034,0.157845,0.842087
ATATCTTAGGGCCTTC-1,0.00015,0.00015,0.210927,0.788774
ATATGTCTCCCTAGCC-1,0.000054,0.000054,0.765435,0.234457
ATATGTGCACAAACCA-1,0.029165,0.000045,0.629103,0.341686
ATATTCAGTTAAACCT-1,0.000014,0.000014,0.02659,0.973382
ATATTCCACATAGTGA-1,0.00012,0.00012,0.076138,0.923623
ATATTCCCACAGGTCA-1,0.000152,0.000152,0.125798,0.873898
ATATTGCTGTCAAAGT-1,0.00004,0.00004,0.00008,0.999839
ATATTTAACCCTCAAG-1,0.00009,0.00009,0.260316,0.739505
ATCAAACGAAGGTTTG-1,0.000089,0.000089,0.757874,0.241948
ATCAATCTGGGCTGCA-1,0.000075,0.000075,0.07725,0.9226
ATCAATGCCGTGGCTG-1,0.000105,0.000105,0.0906,0.909189
ATCACATTAGAATATC-1,0.00003,0.00003,0.003149,0.99679
ATCACGTGCTAATTAA-1,0.000016,0.000016,0.143559,0.856409
ATCACTTCATCCTCGC-1,0.000021,0.000021,0.031835,0.968122
ATCAGACGGCACGCCG-1,0.000025,0.000025,0.01903,0.98092
ATCAGCTCGTCCACTA-1,0.000097,0.000097,0.000194,0.999611
ATCAGGTAGCTGACAG-1,0.000073,0.000073,0.621605,0.378249
ATCAGGTCGCCATTGC-1,0.000078,0.000078,0.12291,0.876934
ATCAGTAGGCAGGGAT-1,0.000027,0.000027,0.037031,0.962915
ATCATCCAATATTTGT-1,0.000023,0.000023,0.13536,0.864594
ATCATCTGCCCAGTGT-1,0.000227,0.000227,0.050099,0.949447
ATCATGGACTACCGAC-1,0.000067,0.000067,0.45891,0.540956
ATCCAACGCAGTCATA-1,0.00009,0.00009,0.00018,0.99964
ATCCAATGGAGGGTCC-1,0.00004,0.00004,0.087817,0.912103
ATCCAATGGTACCGAA-1,0.000126,0.000126,0.057078,0.942671
ATCCACGCTAAATGTT-1,0.000107,0.000107,0.068366,0.931419
ATCCACTTTCAGACTA-1,0.000048,0.000048,0.553555,0.446349
ATCCAGAGCAACAACC-1,0.000196,0.000196,0.353569,0.64604
ATCCAGGATTCGTGAA-1,0.00005,0.00005,0.106847,0.893053
ATCCCATCCACAGCGC-1,0.000044,0.000044,0.235533,0.764378
ATCCTACCTAAGCTCT-1,0.000036,0.000036,0.043456,0.956473
ATCCTGAATCGCTGCG-1,0.000015,0.000015,0.00003,0.999941
ATCCTGCGTGGAATGG-1,0.000046,0.000046,0.000092,0.999817
ATCGACTCTTTCCGTT-1,0.054908,0.000148,0.493239,0.451705
ATCGCACGCCGGGAGA-1,0.256757,0.000009,0.713325,0.029909
ATCGCTGCGTGCAGCA-1,0.000054,0.000054,0.414161,0.585732
ATCGCTTTACGTCTCA-1,0.00008,0.00008,0.255762,0.744078
ATCGGAGACAGACGGC-1,0.000272,0.000272,0.216855,0.782601
ATCGGCAAGCAGTCCA-1,0.000054,0.000054,0.184877,0.815016
ATCGGTTACCTAGTAA-1,0.000077,0.000077,0.000155,0.99969
ATCGTGGAAAGTCTGG-1,0.000018,0.000018,0.006172,0.993793
ATCGTTCACTTTCGCC-1,0.000045,0.000045,0.342107,0.657803
ATCTCATAAACCTACC-1,0.000047,0.000047,0.171499,0.828408
ATCTCCCTGCAATCTA-1,0.000016,0.000016,0.028066,0.971901
ATCTGACATGGAAGGA-1,0.015497,0.000035,0.125214,0.859255
ATCTGATAGTGTCTTA-1,0.000333,0.643547,0.000666,0.355454
ATCTGCACCTCTGCGA-1,0.000048,0.000048,0.200147,0.799756
ATCTGGTTAAGACTGT-1,0.000121,0.000005,0.000011,0.999863
ATCTGTAATTGTACCC-1,0.000026,0.000026,0.147901,0.852046
ATCTTAGGGCATTAAT-1,0.000094,0.000094,0.211257,0.788555
ATCTTGACCTGCAACG-1,0.000067,0.000067,0.228485,0.771382
ATCTTTCGTATAACCA-1,0.000064,0.000064,0.089409,0.910462
ATGAAGCCAAGGAGCC-1,0.000063,0.000063,0.229805,0.77007
ATGACGCCGGCTCTAA-1,0.001269,0.000034,0.425883,0.572814
ATGACGCGTTCTATCC-1,0.000037,0.000037,0.039403,0.960522
ATGACTATCAGCTGTG-1,0.000019,0.000019,0.000039,0.999922
ATGACTATGCGACATT-1,0.000049,0.000049,0.060077,0.939826
ATGAGGAGTGTTAATC-1,0.000045,0.000045,0.16052,0.83939
ATGAGGGCAGCGGCTA-1,0.000071,0.000071,0.679981,0.319877
ATGATCGGGAATAGAC-1,0.000055,0.000055,0.061521,0.938368
ATGATGCAATGGTACA-1,0.000044,0.000044,0.033795,0.966117
ATGCACGCGCTGTTCA-1,0.000034,0.000034,0.04553,0.954403
ATGCACTACCGCATTG-1,0.000067,0.000067,0.244727,0.755139
ATGCCAATCGCTCTGC-1,0.000064,0.000064,0.558182,0.44169
ATGCCATTTGCGACCA-1,0.000071,0.000071,0.204527,0.79533
ATGCCGGTCTTGCATA-1,0.000018,0.000018,0.005812,0.994151
ATGCCGGTTGATGGGA-1,0.000051,0.000051,0.07136,0.928538
ATGCGACAATTGGTCC-1,0.135103,0.000027,0.695924,0.168946
ATGCGACAGTCCCATT-1,0.002676,0.000042,0.038049,0.959234
ATGCTCAGTGTTGCAT-1,0.000042,0.000042,0.000085,0.99983
ATGGAAATTTAAGGAG-1,0.000425,0.000425,0.00085,0.998301
ATGGAACAGAATAAAC-1,0.000078,0.000078,0.370133,0.629711
ATGGAACCTTTGCACA-1,0.000059,0.000059,0.392434,0.607449
ATGGAGCAGGCCGTGA-1,0.000029,0.000029,0.000058,0.999885
ATGGATCCGGCGTCCG-1,0.000016,0.000016,0.022847,0.977121
ATGGATTGACCAAACG-1,0.109947,0.000076,0.533723,0.356255
ATGGCAGCATTACGAT-1,0.000026,0.000026,0.023341,0.976607
ATGGCAGCCGAGAAAC-1,0.000058,0.000058,0.052034,0.94785
ATGGCGGAATAGTCGC-1,0.000093,0.000093,0.365775,0.634039
ATGGCTGGAAATGGCC-1,0.000045,0.000045,0.417293,0.582617
ATGGGAACGGAAGCGG-1,0.000057,0.000057,0.015992,0.983895
ATGGGACCTGCTGAAC-1,0.000054,0.000054,0.109927,0.889964
ATGGGCCTCGGCCTCT-1,0.000024,0.000024,0.024205,0.975747
ATGGGTGTATACCTCC-1,0.000045,0.000045,0.04119,0.95872
ATGGTATTTACTGATT-1,0.000133,0.000133,0.137332,0.862402
ATGGTCGCGTGGTTTC-1,0.00006,0.00006,0.07198,0.927899
ATGGTTACGAAACATG-1,0.000047,0.000047,0.767557,0.232349
ATGTAAGGCTGCTCTT-1,0.000068,0.000068,0.163463,0.836401
ATGTGAAAGCCTAATG-1,0.000035,0.000035,0.007178,0.992753
ATGTGCATCCGACGCA-1,0.000067,0.000067,0.424877,0.574989
ATGTGGACATCTTGAT-1,0.000022,0.000022,0.020341,0.979614
ATGTTACGAGCAATAC-1,0.000092,0.000092,0.135372,0.864444
ATGTTCGTCGACCCAC-1,0.00008,0.00008,0.04263,0.957211
ATGTTGTAGTCTGTTT-1,0.000065,0.000065,0.075185,0.924686
ATGTTTCGGCCCGGAG-1,0.000056,0.000056,0.667306,0.332581
ATGTTTGTAAGATCAT-1,0.000071,0.000071,0.398879,0.60098
ATTAAACATGCGGACC-1,0.00004,0.00004,0.117774,0.882146
ATTAATACTACGCGGG-1,0.000067,0.000067,0.224096,0.77577
ATTAATGAACCAGTCG-1,0.000012,0.000012,0.000025,0.999951
ATTACAACTACCGGCC-1,0.000033,0.000033,0.099309,0.900624
ATTACGACTCCACAGT-1,0.025187,0.000048,0.562089,0.412675
ATTACGCGCTGGCAGG-1,0.000006,0.000006,0.004481,0.995506
ATTACGGGCTACGGTT-1,0.00006,0.00006,0.203524,0.796355
