Barcode,Topic 1,Topic 2to3,Topic 4to5,Topic 6to10
AAACAAGTATCTCCCA-1,0.000194,0.000388,0.000388,0.999031
AAACACCAATAACTGC-1,0.000139,0.000277,0.076001,0.923583
AAACAGCTTTCAGAAG-1,0.039999,0.000128,0.067796,0.892077
AAACAGGGTCTATATT-1,0.000093,0.000185,0.000185,0.999537
AAACATGGTGAGAGGA-1,0.004348,0.008696,0.008699,0.978257
AAACATTTCCCGGATT-1,0.000275,0.000549,0.042958,0.956218
AAACCCGAACGAAATC-1,0.000086,0.000172,0.000172,0.99957
AAACCGGAAATGTTAA-1,0.010896,0.000177,0.004165,0.984762
AAACCGGGTAGGTACC-1,0.058714,0.00018,0.23287,0.708236
AAACCGTTCGTCCAGG-1,0.00122,0.002439,0.262766,0.733575
AAACCTAAGCAGCCGG-1,0.002703,0.005405,0.005407,0.986485
AAACCTCATGAAGTTG-1,0.000091,0.000182,0.13378,0.865947
AAACGAAGATGGAGTA-1,0.000087,0.000173,0.152901,0.846839
AAACGAGACGGTTGAT-1,0.000135,0.00027,0.29936,0.700235
AAACGGGCGTACGGGT-1,0.123253,0.003175,0.003176,0.870397
AAACTCGGTTCGCAAT-1,0.000224,0.000448,0.16638,0.832947
AAACTCGTGATATAAG-1,0.003449,0.006897,0.006898,0.982756
AAACTGCTGGCTCCAA-1,0.000053,0.000107,0.773719,0.226121
AAACTTAATTGCACGC-1,0.000909,0.001818,0.549976,0.447297
AAACTTGCAAACGTAT-1,0.00011,0.000221,0.10956,0.890109
AAAGAATGACCTTAGA-1,0.000535,0.00107,0.544077,0.454318
AAAGACTGGGCGCTTT-1,0.019994,0.000227,0.000227,0.979553
AAAGCTTGCCTACATA-1,0.002041,0.004082,0.004083,0.989794
AAAGGGATGTAGCAAG-1,0.000241,0.000482,0.000482,0.998795
AAAGGGCAGCTTGAAT-1,0.000157,0.000314,0.000315,0.999214
AAAGTAGCATTGCTCA-1,0.000122,0.000245,0.122144,0.877489
AAAGTCACTGATGTAA-1,0.00014,0.000279,0.290816,0.708765
AAAGTCGACCCTCAGT-1,0.000093,0.000186,0.000186,0.999535
AAAGTGCCATCAATTA-1,0.03502,0.000514,0.004934,0.959532
AAAGTGTGATTTATCT-1,0.007144,0.014286,0.330027,0.648544
AAAGTTGACTCCCGTA-1,0.002779,0.005556,0.429813,0.561853
AAATAAGGTAGTGCCC-1,0.000093,0.000186,0.155608,0.844113
AAATACCTATAAGCAT-1,0.000068,0.000136,0.729153,0.270643
AAATAGCTTAGACTTT-1,0.057484,0.006452,0.006453,0.929611
AAATAGGGTGCTATTG-1,0.015985,0.000185,0.000185,0.983645
AAATCCGATACACGCC-1,0.000918,0.001835,0.262035,0.735213
AAATCGCGGAAGGAGT-1,0.000166,0.000331,0.000331,0.999172
AAATCGTGTACCACAA-1,0.054315,0.000213,0.128034,0.817439
AAATCTAGCCCTGCTA-1,0.000147,0.000294,0.077351,0.922207
AAATGATTCGATCAGC-1,0.102768,0.003704,0.003705,0.889824
AAATGCTCGTTACGTT-1,0.099473,0.001418,0.172168,0.726941
AAATGGCATGTCTTGT-1,0.001429,0.002857,0.002858,0.992856
AAATGGCCCGTGCCCT-1,0.00008,0.00016,0.110408,0.889353
AAATGGTCAATGTGCC-1,0.000685,0.00137,0.107441,0.890504
AAATGTATCTTATCCC-1,0.000095,0.000189,0.000189,0.999526
AAATTAACGGGTAGCT-1,0.000295,0.00059,0.145631,0.853484
AAATTAATAAGCGCGA-1,0.000083,0.000166,0.000166,0.999586
AAATTACCTATCGATG-1,0.000273,0.000545,0.134499,0.864683
AAATTCCAGGTCCAAA-1,0.0001,0.000199,0.057044,0.942657
AAATTGATAGTCCTTT-1,0.000424,0.000847,0.000848,0.997881
AAATTTGCGGGTGTGG-1,0.000098,0.000195,0.255117,0.74459
AACAACTGGTAGTTGC-1,0.000122,0.000245,0.188106,0.811527
AACAATACATTGTCGA-1,0.074816,0.0003,0.141176,0.783708
AACAATTACTCTACGC-1,0.01561,0.00028,0.128918,0.855192
AACACACGCTCGCCGC-1,0.007828,0.00117,0.1907,0.800302
AACACGACTGTACTGA-1,0.000328,0.000656,0.199111,0.799905
AACACGAGACGCGGCC-1,0.000143,0.000287,0.077164,0.922406
AACAGCTGTGTGGCAA-1,0.070774,0.000526,0.110364,0.818336
AACAGGAAATCGAATA-1,0.005,0.01,0.010004,0.974996
AACAGGATGGGCCGCG-1,0.000111,0.000221,0.07983,0.919838
AACAGGTAGTATGGAT-1,0.000234,0.000468,0.00959,0.989707
AACATATCAACTGGTG-1,0.000403,0.000806,0.006245,0.992545
AACCAAGACTTCTCTG-1,0.000138,0.000275,0.114406,0.885181
AACCCAGAGACGGAGA-1,0.000073,0.000147,0.000147,0.999633
AACCCATCCCATGATC-1,0.013634,0.000254,0.084674,0.901439
AACCCGAGCAGAATCG-1,0.000166,0.000331,0.028195,0.971309
AACCCTACTGTCAATA-1,0.003336,0.006667,0.006669,0.983329
AACCGAGCTTGGTCAT-1,0.000273,0.000545,0.243942,0.75524
AACCGCTAAGGGATGC-1,0.001282,0.002564,0.169515,0.826638
AACCGTTGTGTTTGCT-1,0.003334,0.006667,0.166815,0.823184
AACCTCGCTTTAGCCC-1,0.00051,0.00102,0.248701,0.749769
AACCTGTCACGGAATT-1,0.010186,0.000171,0.108661,0.880982
AACCTTTAAATACGGT-1,0.000357,0.000714,0.398506,0.600422
AACGAAAGTCGTCCCA-1,0.000123,0.000246,0.000246,0.999384
AACGATAATGCCGTAG-1,0.000033,0.000067,0.012842,0.987058
AACGATAGAAGGGCCG-1,0.110452,0.003846,0.003847,0.881855
AACGATATGTCAACTG-1,0.000124,0.000249,0.464844,0.534783
AACGCATGATCTGGGT-1,0.222113,0.000211,0.197948,0.579729
AACGCGGTCTCCAGCC-1,0.012578,0.000427,0.094761,0.892233
AACGCTGTTGCTGAAA-1,0.000276,0.000551,0.149343,0.84983
AACGGACGTACGTATA-1,0.006251,0.0125,0.2249,0.756349
AACGGCCATCTCCGGT-1,0.030681,0.00068,0.034793,0.933846
AACGTACTGTGGGTAC-1,0.116256,0.000514,0.21479,0.66844
AACGTCAGACTAGTGG-1,0.000113,0.000226,0.250118,0.749543
AACGTGCGAAAGTCTC-1,0.000099,0.000197,0.495946,0.503758
AACGTTATCAGCACCT-1,0.00022,0.00044,0.247223,0.752117
AACTACCCGTTTGTCA-1,0.00042,0.00084,0.000841,0.997899
AACTAGGCTTGGGTGT-1,0.000134,0.000268,0.199202,0.800397
AACTCAAGTTAATTGC-1,0.010963,0.00036,0.101246,0.887431
AACTCCAGAGCGTGTT-1,0.001588,0.003175,0.262374,0.732863
AACTCTCAATAGAGCG-1,0.002174,0.004348,0.004349,0.989129
AACTCTCAGTGTGCTC-1,0.000424,0.000847,0.184601,0.814128
AACTGAGTTATACTGA-1,0.000092,0.000184,0.000184,0.999541
AACTGATATTAGGCCT-1,0.004168,0.008334,0.271991,0.715507
AACTGGGTCCCGACGT-1,0.000453,0.000905,0.000905,0.997737
AACTTCTGCGTCTATC-1,0.000841,0.001681,0.316312,0.681166
AACTTGCCCGTATGCA-1,0.00014,0.000281,0.217722,0.781857
AACTTTACGGGAGCTT-1,0.032716,0.000174,0.000174,0.966936
AACTTTCTCGATCATG-1,0.006668,0.013334,0.013336,0.966662
AAGAAATCACCAGATT-1,0.002274,0.004546,0.004547,0.988634
AAGACCAAATAACTCA-1,0.000244,0.000488,0.124021,0.875247
AAGAGATGAATCGGTA-1,0.302312,0.00014,0.357256,0.340292
AAGAGCTCTTTATCGG-1,0.000288,0.000576,0.313416,0.685719
AAGAGGATGTACGCGA-1,0.088728,0.000286,0.092123,0.818862
AAGAGGCATGGATCGC-1,0.000179,0.000357,0.290458,0.709007
AAGAGGCCCTTTGGAA-1,0.000155,0.00031,0.00031,0.999226
AAGATGGCACCGGACC-1,0.029036,0.000328,0.045287,0.925349
AAGATTGGCGGAACGT-1,0.000474,0.000948,0.341169,0.657409
AAGCACCCTGCGTATC-1,0.000099,0.000197,0.145311,0.854393
AAGCATACTCTCCTGA-1,0.000189,0.000379,0.666965,0.332467
AAGCCGAAGCGGTTTA-1,0.000271,0.000542,0.000542,0.998645
AAGCCGCTTTACCTTG-1,0.007694,0.015385,0.365138,0.611783
AAGCCGGAGAGCAGGA-1,0.026722,0.000119,0.000119,0.97304
AAGCGCAGGGCTTTGA-1,0.00007,0.000141,0.000141,0.999648
AAGCGTCCCTCATCGA-1,0.027901,0.000588,0.201972,0.769538
AAGCTAGATCGAGTAA-1,0.000036,0.000072,0.852083,0.14781
AAGCTCGTGCCAAGTC-1,0.000099,0.000197,0.593192,0.406512
AAGCTCTTTCATGGTG-1,0.000415,0.00083,0.210151,0.788604
AAGGAGCGGTTGGTGC-1,0.01282,0.000676,0.255178,0.731326
AAGGATCGATCGCTTG-1,0.003449,0.006897,0.388285,0.60137
AAGGATGAGGGACCTC-1,0.000311,0.000621,0.414052,0.585016
AAGGCAGGCTGTCTCC-1,0.099117,0.00021,0.14878,0.751894
AAGGCGCGTAAAGCTT-1,0.000095,0.00019,0.22319,0.776525
AAGGCTGTGCTCATCG-1,0.000257,0.000514,0.159405,0.839824
AAGGGAACGACTGGCT-1,0.003704,0.007408,0.00741,0.981478
AAGGGACAGATTCTGT-1,0.000172,0.000343,0.049918,0.949568
AAGGGACTATGCATTC-1,0.003705,0.007407,0.00741,0.981478
AAGGGTTTGATTTCAG-1,0.000199,0.000398,0.159374,0.84003
AAGGTATCCTAATATA-1,0.000266,0.000532,0.000532,0.99867
AAGGTGATAAACCAGC-1,0.016757,0.001064,0.270921,0.711258
AAGTAGAAGACCGGGT-1,0.001539,0.003077,0.119687,0.875697
AAGTAGTGACGCGAGG-1,0.010714,0.00035,0.00035,0.988586
AAGTCAATTGTCGTCA-1,0.007144,0.014286,0.402005,0.576566
AAGTCTAGTAGCTGCC-1,0.002223,0.004445,0.207682,0.785651
AAGTCTTCTGTGGCCT-1,0.000147,0.000294,0.07492,0.92464
AAGTGACGACCGAATT-1,0.201394,0.00016,0.173811,0.624634
AAGTGCAAAGGTAGAC-1,0.000115,0.000229,0.000229,0.999426
AAGTGCCTTGACTGTA-1,0.003847,0.007692,0.007695,0.980766
AAGTGCGTTAGAATCT-1,0.036678,0.000177,0.274207,0.688938
AAGTGTTTGGAGACGG-1,0.000207,0.000414,0.05115,0.948228
AAGTTCACTCCAAGCT-1,0.003031,0.006061,0.368317,0.622592
AAGTTCAGTCTGCGTA-1,0.036866,0.001212,0.198583,0.763339
AAGTTCGGCCAACAGG-1,0.00011,0.00022,0.129624,0.870047
AAGTTGTGATGTTATA-1,0.035135,0.00042,0.086687,0.877758
AAGTTTATGGGCCCAA-1,0.027649,0.000485,0.17031,0.801556
AATAACAACGCTCGGC-1,0.001731,0.000202,0.163939,0.834128
AATAACACTAGAACAA-1,0.000215,0.00043,0.345713,0.653642
AATAATCTTCGTATCG-1,0.116914,0.000206,0.000206,0.882674
AATACAATGTTTCAGG-1,0.000101,0.000202,0.002828,0.996869
AATAGAACAGAGTGGC-1,0.016121,0.000281,0.120276,0.863323
AATAGAATCTGTTTCA-1,0.00024,0.000481,0.24663,0.752649
AATAGCTACCGCGTGC-1,0.061645,0.001105,0.220123,0.717126
AATAGTCGCGAGTCGG-1,0.000085,0.00017,0.00017,0.999575
AATATCCTAGCAAACT-1,0.000115,0.00023,0.00023,0.999426
AATATCGAATCAATGC-1,0.000565,0.00113,0.00113,0.997175
AATATCGAGGGTTCTC-1,0.001205,0.00241,0.308545,0.68784
AATATTGGAGTATTGA-1,0.000132,0.000265,0.115886,0.883716
AATCATGTAAAGACTC-1,0.000166,0.000331,0.162846,0.836657
AATCCAAGGGCCTGAG-1,0.000526,0.001053,0.001053,0.997368
AATCGCCTCAGCGCCA-1,0.000136,0.000272,0.340231,0.65936
AATCGCGCAGAGGACT-1,0.063569,0.000228,0.059059,0.877144
AATCGGGACACTACGA-1,0.000212,0.000424,0.374029,0.625336
AATCGTGAGCCGAGCA-1,0.000472,0.000943,0.257594,0.740991
AATCTAGGTTTACTTG-1,0.000167,0.000334,0.000334,0.999165
AATCTATGCCGGAGCC-1,0.004001,0.008,0.008003,0.979996
AATCTCTACTGTGGTT-1,0.118499,0.000145,0.009695,0.871661
AATCTGCGTTGGGACG-1,0.028918,0.000631,0.068857,0.901594
AATCTGGCTTTCTAGT-1,0.000184,0.000368,0.000368,0.999079
AATGACAGCAATGTCT-1,0.00014,0.00028,0.156502,0.843078
AATGACGTAGGATGTC-1,0.00004,0.00008,0.009297,0.990584
AATGACTGTCAGCCGG-1,0.000565,0.00113,0.123642,0.874663
AATGATGATACGCTAT-1,0.000422,0.000844,0.473088,0.525646
AATGATGCGACTCCTG-1,0.022874,0.00087,0.00087,0.975387
AATGCAACCGGGTACC-1,0.000228,0.000456,0.093126,0.90619
AATGCACCAAGCAATG-1,0.000306,0.000612,0.393012,0.60607
AATGGTCCACCGTTCA-1,0.000155,0.00031,0.05173,0.947806
AATGGTTCTCACAAGC-1,0.050819,0.000231,0.126068,0.822882
AATGTGCCCGAGGTGT-1,0.000476,0.000952,0.179004,0.819567
AATGTTAAGACCCTGA-1,0.000439,0.000877,0.245501,0.753183
AATTAAAGGTCGGCGT-1,0.050434,0.000435,0.176672,0.772459
AATTAACGGATTTCCA-1,0.00065,0.001299,0.445412,0.55264
AATTACGAGACCCATC-1,0.01589,0.00027,0.317182,0.666658
AATTAGCGCTGCAGCG-1,0.000187,0.000374,0.443967,0.555472
AATTCATAAGGGATCT-1,0.060354,0.003636,0.003637,0.932372
AATTCATTGTCATGCA-1,0.016667,0.033336,0.866646,0.08335
AATTCGATTCGAGGAT-1,0.000071,0.000142,0.057242,0.942545
AATTCTAGAGTTAGGC-1,0.000199,0.000398,0.33704,0.662363
AATTGAACGCTCTGGT-1,0.000061,0.000122,0.000122,0.999696
AATTGCAGCAATCGAC-1,0.000137,0.000275,0.031067,0.968521
AATTTGGTTCCAAAGA-1,0.000234,0.000467,0.270538,0.728761
ACAAACCATGCGTCCT-1,0.000704,0.001408,0.191677,0.80621
ACAAAGAAGGTAGGCC-1,0.013507,0.000142,0.1282,0.858151
ACAAAGCATGACCTAG-1,0.000257,0.000513,0.088295,0.910936
ACAAATCGCACCGAAT-1,0.055492,0.000254,0.000254,0.944
ACAAATGGTAGTGTTT-1,0.000516,0.001031,0.146444,0.85201
ACAACAGCATGAGCTA-1,0.000063,0.000125,0.798691,0.201122
ACAACGGTCCCTGCGA-1,0.000155,0.000309,0.13722,0.862317
ACAAGCAGTGCCTAGC-1,0.023086,0.000311,0.131639,0.844964
ACAAGCTATATGGAAG-1,0.000057,0.000115,0.000115,0.999713
ACAAGGAAATCCGCCC-1,0.000091,0.000181,0.155103,0.844625
ACAAGGACAAGAGGTT-1,0.000116,0.000232,0.050402,0.94925
ACAAGGATGCTTTAGG-1,0.066513,0.011111,0.011114,0.911261
ACAAGGGCAGGCTCTG-1,0.016277,0.000117,0.479712,0.503895
ACAATAGTCGTACGTT-1,0.000143,0.000285,0.000285,0.999287
ACAATCCATTTAAACC-1,0.000113,0.000225,0.063716,0.935946
ACAATGAATACGGAGA-1,0.098517,0.001786,0.240949,0.658747
ACAATTGTGTCTCTTT-1,0.00345,0.006897,0.006899,0.982755
ACAATTTAGGAGGCTC-1,0.15629,0.000147,0.000147,0.843415
ACAATTTGAGCAGTGG-1,0.000617,0.001235,0.20893,0.789218
ACAATTTGGCCATATT-1,0.016691,0.000174,0.000174,0.98296
ACACAAAGACGGGTGG-1,0.000685,0.00137,0.00137,0.996575
ACACACCAGGACCAGT-1,0.000441,0.000881,0.000881,0.997797
ACACACTTTCTACACG-1,0.004764,0.009524,0.009527,0.976185
ACACATGATCAAATCT-1,0.000072,0.000144,0.20978,0.790003
ACACCACATAATTAGC-1,0.000158,0.000315,0.092282,0.907245
ACACCCAGCATGCAGC-1,0.002273,0.004546,0.004547,0.988634
ACACCCGAGAAATCCG-1,0.08467,0.000333,0.193345,0.721651
ACACCTTAAGTAGGGC-1,0.000181,0.000361,0.078318,0.921141
ACACCTTACTACTTGC-1,0.002041,0.004082,0.004083,0.989794
ACACGAGACTCCTTCT-1,0.000062,0.000124,0.792786,0.207028
ACACGTAGGCCACAAG-1,0.081258,0.000315,0.114006,0.804421
ACACTGATCAAGGTGT-1,0.013381,0.000306,0.128961,0.857352
ACACTGGGACAGTCGT-1,0.015338,0.000398,0.000398,0.983866
ACAGAACTGAGAACAA-1,0.000102,0.000205,0.138427,0.861266
ACAGCATAGAGCCAGT-1,0.064499,0.005128,0.350397,0.579976
ACAGCGACATTCTCAT-1,0.181528,0.000184,0.209161,0.609128
ACAGGCACGGATCCTT-1,0.000394,0.000787,0.000788,0.998031
ACAGGCTTGCCCGACT-1,0.036104,0.001183,0.005342,0.957371
ACAGGTGGAGGTGAGG-1,0.054136,0.003175,0.003175,0.939514
ACAGGTGTGTTGTTGC-1,0.066061,0.000199,0.000199,0.933541
ACAGTAATACAACTTG-1,0.000155,0.00031,0.00031,0.999226
ACAGTATACCGTGGGA-1,0.007144,0.014286,0.014289,0.964281
ACATAAGTCGTGGTGA-1,0.000128,0.000256,0.114345,0.885271
ACATAATAAGGCGGTG-1,0.02746,0.000885,0.125726,0.845929
ACATCAGCTGGGACGC-1,0.037898,0.000141,0.120249,0.841712
ACATCCTGGTAACTGT-1,0.070717,0.002985,0.245142,0.681156
ACATCGATCGTTTACC-1,0.000226,0.000451,0.214134,0.785189
ACATCGGTCAGCCGCG-1,0.000208,0.000416,0.102429,0.896947
ACATCGTATGCAATGG-1,0.013615,0.00022,0.160728,0.825438
ACATGGCGCCAAAGTA-1,0.007693,0.015385,0.015389,0.961533
ACATTAGTTTATATCC-1,0.021561,0.000283,0.260617,0.717538
ACCAACACCACACACT-1,0.091147,0.004545,0.004547,0.899761
ACCAACCGCACTCCAC-1,0.001266,0.002532,0.170725,0.825478
ACCAACGCTTATTTAT-1,0.000134,0.000268,0.244584,0.755015
ACCAAGAACGCGTGTC-1,0.001819,0.003637,0.003637,0.990907
ACCAATATGCAAGTTA-1,0.000132,0.000264,0.115642,0.883963
ACCACAAGTTTCTATC-1,0.001316,0.002632,0.254375,0.741678
ACCACACGGTTGATGG-1,0.000119,0.000237,0.185673,0.813971
ACCACCAATGTAACAA-1,0.002858,0.005715,0.005716,0.985711
ACCACCCTCTCTTCTA-1,0.005557,0.011111,0.011114,0.972218
ACCACGTGCAGCTATA-1,0.02831,0.000559,0.236336,0.734795
ACCAGACCATAACAAC-1,0.000065,0.000131,0.000131,0.999674
ACCAGTGCGGGAGACG-1,0.000775,0.00155,0.142189,0.855486
ACCATATCCGCAATAA-1,0.000214,0.000428,0.000428,0.998929
ACCATCCGCCAACTAG-1,0.000105,0.000211,0.000211,0.999474
ACCATCGTATATGGTA-1,0.000287,0.000575,0.116223,0.882915
ACCCAACGCCCGTGGC-1,0.000383,0.000766,0.126128,0.872722
ACCCACCTACATGCTC-1,0.000161,0.000321,0.050375,0.949144
ACCCATCTTGAGGGTA-1,0.035154,0.000251,0.174205,0.79039
ACCCATTTGTCCCTCT-1,0.015016,0.000353,0.216105,0.768527
ACCCGAGCGAAATTAC-1,0.191116,0.005715,0.005716,0.797454
ACCCGGAAACTCCCAG-1,0.000184,0.000368,0.354279,0.64517
ACCCGGAGCACCACAA-1,0.120203,0.000147,0.085184,0.794467
ACCCGGATGACGCATC-1,0.003126,0.00625,0.574692,0.415932
ACCCGGTTACACTTCC-1,0.000143,0.000286,0.076037,0.923534
ACCCTATGCCATATCG-1,0.000187,0.000375,0.223274,0.776164
ACCCTCCCGTCAGGGC-1,0.000132,0.000265,0.082213,0.917389
ACCCTCCCTTGCTATT-1,0.000114,0.000229,0.000229,0.999428
ACCCTGGTAACGCCCT-1,0.001724,0.003448,0.003449,0.991378
ACCCTTCATCTGCGAA-1,0.005883,0.011765,0.011769,0.970583
ACCGAAAGGGCCCTGC-1,0.000355,0.000709,0.077706,0.92123
ACCGAAGAGTCTGGTT-1,0.018644,0.000241,0.151105,0.83001
ACCGACACATCTCCCA-1,0.000926,0.001852,0.254854,0.742368
ACCGACTGAGTCCCAC-1,0.076848,0.000451,0.224569,0.698131
ACCGAGTCTCCTTATT-1,0.048218,0.000749,0.244205,0.706828
ACCGATAGGCATAACC-1,0.000086,0.000171,0.014623,0.98512
ACCGATATTTAATCAT-1,0.000147,0.000294,0.007307,0.992251
ACCGATGGTAGCATCG-1,0.015828,0.000294,0.146543,0.837336
ACCGCAATAACTGCCT-1,0.010463,0.000166,0.000166,0.989206
ACCGCGGTGGAAGTCG-1,0.00087,0.001739,0.00174,0.995651
ACCGGGCCTTTGTTGA-1,0.005557,0.011111,0.011114,0.972218
ACCGGTCAGGTACACC-1,0.000164,0.000327,0.072008,0.927501
ACCGTCCACTGGGCCC-1,0.263529,0.004762,0.128609,0.6031
ACCGTGACCACGTGGG-1,0.126668,0.000211,0.000211,0.872911
ACCTAAGTACCTTTCA-1,0.02994,0.000361,0.128895,0.840804
ACCTAATCGACTTCCT-1,0.00017,0.00034,0.00034,0.999149
ACCTACAGTATGTGGT-1,0.00014,0.00028,0.127276,0.872304
ACCTCCGCCCTCGCTG-1,0.00023,0.000461,0.08519,0.914119
ACCTCCGTTATTCACC-1,0.000625,0.00125,0.00125,0.996874
ACCTGCGTGTCATGTT-1,0.011883,0.000216,0.046942,0.940958
ACGAAATGGGCGGCAC-1,0.000135,0.00027,0.062288,0.937307
ACGACCCATGAGTTGC-1,0.000104,0.000208,0.071894,0.927794
ACGACTCTAGGGCCGA-1,0.000376,0.000752,0.220358,0.778515
ACGACTGGTCATACTC-1,0.000588,0.001177,0.253206,0.745029
ACGAGGATACCACTCT-1,0.000117,0.000235,0.017208,0.98244
ACGAGGTTTACAACGT-1,0.022481,0.000325,0.093401,0.883794
ACGAGTACGGATGCCC-1,0.00122,0.002439,0.270294,0.726047
ACGATACATAGAACTA-1,0.001667,0.003333,0.552433,0.442567
ACGATACCTATCCTGA-1,0.000086,0.000173,0.001976,0.997765
ACGATCATACATAGAG-1,0.045511,0.000398,0.259343,0.694748
ACGATCATCTTGTAAA-1,0.005002,0.01,0.010002,0.974995
ACGATGCATATGTTAT-1,0.000165,0.000329,0.232069,0.767437
ACGATGGATCCGATGC-1,0.000503,0.001005,0.153445,0.845047
ACGCAATCACTACAGC-1,0.188393,0.006897,0.006899,0.797812
ACGCATACGTTTACTA-1,0.000238,0.000475,0.000475,0.998812
ACGCATTCGTGAGTAC-1,0.000241,0.000482,0.059649,0.939628
ACGCCACTCGAAACAG-1,0.000455,0.000909,0.258735,0.739901
ACGCCGCTAGACGACC-1,0.008508,0.00013,0.473733,0.517629
ACGCGAAGTCAGACGA-1,0.000121,0.000243,0.259125,0.740511
ACGCGCTACACAGGGT-1,0.026137,0.000285,0.094178,0.8794
ACGCGGGCCAAGGACA-1,0.020862,0.000146,0.195006,0.783986
ACGCGTTTCTTAAGAG-1,0.000067,0.000133,0.000133,0.999667
ACGCTAGTGATACACT-1,0.003126,0.00625,0.395194,0.595431
ACGCTGTGAGGCGTAG-1,0.000187,0.000373,0.000373,0.999067
ACGGACTCTCAAAGCG-1,0.054494,0.000094,0.135988,0.809425
ACGGAGCGCAAATTAC-1,0.077349,0.000939,0.337571,0.584141
ACGGATGGTGCGGATA-1,0.000135,0.000271,0.04839,0.951204
ACGGCACTTGCTTGGG-1,0.000192,0.000384,0.217099,0.782325
ACGGCGACGATGGGAA-1,0.000172,0.000344,0.125484,0.874
ACGGCTGGATGTAGAA-1,0.000147,0.000294,0.248742,0.750817
ACGGGAGTGTCGGCCC-1,0.000085,0.000169,0.22846,0.771286
ACGGGCGTATGCGACA-1,0.035523,0.002817,0.002818,0.958842
ACGTACAGATTTCTCT-1,0.000311,0.000621,0.161052,0.838016
ACGTAGATTGCTGATG-1,0.000193,0.000387,0.368177,0.631242
ACGTAGGAGAGTCGCT-1,0.000063,0.000126,0.000126,0.999685
ACGTATTACTCCGATC-1,0.01667,0.033333,0.033346,0.916651
ACGTCTCGTTCCGGGA-1,0.00014,0.000281,0.000281,0.999299
ACGTGACAAAGTAAGT-1,0.010878,0.000165,0.000165,0.988791
ACGTGCGCCTCGTGCA-1,0.002273,0.004546,0.004547,0.988634
ACGTTAATGTCGAAGA-1,0.018934,0.000334,0.333924,0.646808
ACGTTAGATTTGCCCG-1,0.000235,0.00047,0.04594,0.953356
ACGTTATTGGTCACTC-1,0.03843,0.001342,0.281625,0.678603
ACGTTCGCAATCAATT-1,0.062054,0.000207,0.240686,0.697052
ACGTTCGTTCAGGAAA-1,0.000339,0.000678,0.345813,0.653169
ACGTTCTGTACAAGTC-1,0.003449,0.006897,0.006899,0.982755
ACGTTTAGTTGTGATC-1,0.003334,0.006667,0.101348,0.888651
ACTACATCCCGACAAG-1,0.004001,0.008001,0.313362,0.674635
ACTACCAGCTCTCTGG-1,0.000153,0.000306,0.049202,0.950339
ACTAGTTGCGATCGTC-1,0.037857,0.000722,0.178053,0.783368
ACTATCCAGGGCATGG-1,0.00099,0.00198,0.316628,0.680402
ACTATCTGCCCGCGTA-1,0.000154,0.000309,0.000309,0.999228
ACTATGTCCAGCTGCC-1,0.001191,0.002381,0.130472,0.865956
ACTATTTCCGGGCCCA-1,0.000195,0.00039,0.042438,0.956977
ACTCAAGTGCAAGGCT-1,0.001471,0.002941,0.198151,0.797437
ACTCAATAAAGGCACG-1,0.000234,0.000468,0.000469,0.998829
ACTCCAATATCATCAT-1,0.001696,0.00339,0.003391,0.991524
ACTCCCATTCCTAAAG-1,0.000091,0.000181,0.121883,0.877845
ACTCCCGAATTCGTTT-1,0.001111,0.002222,0.002223,0.994444
ACTCCCGTAGACTAGG-1,0.005556,0.011111,0.011115,0.972218
ACTCCCTAATGCTAAA-1,0.000524,0.001047,0.267571,0.730858
ACTCCCTAGAATAGTA-1,0.000154,0.000307,0.606411,0.393128
ACTCCGGCCGACCACT-1,0.001021,0.002041,0.204161,0.792778
ACTCGCGATCTGACGC-1,0.000277,0.000554,0.000554,0.998615
ACTCGTAACCCGTCCT-1,0.000129,0.000258,0.007259,0.992354
ACTCGTCAGTAATCCC-1,0.098473,0.000256,0.18783,0.71344
ACTCTAAACCTGGGAT-1,0.000037,0.000074,0.000074,0.999816
ACTCTCTGACTTAGGT-1,0.018564,0.000299,0.294322,0.686815
ACTCTGACCTAATAGA-1,0.013469,0.000455,0.057819,0.928257
ACTCTTCAGCTCCCGC-1,0.000126,0.000251,0.050713,0.94891
ACTGAAACGCCGTTAG-1,0.029974,0.00099,0.00099,0.968046
ACTGAATGGCGAAAGT-1,0.000096,0.000192,0.092381,0.907331
ACTGCCGTCGTAACTC-1,0.002779,0.005556,0.465341,0.526324
ACTGCGGACACACCGT-1,0.000144,0.000289,0.072686,0.926881
ACTGCTCGGAAGGATG-1,0.000143,0.000286,0.153977,0.845594
ACTGTACGATACACAT-1,0.000293,0.000587,0.388117,0.611003
ACTGTAGCACTTTGGA-1,0.000131,0.000262,0.158711,0.840895
ACTGTCCAGGATTATA-1,0.018369,0.000563,0.192309,0.788758
ACTGTCTTCTTTAGAA-1,0.000095,0.00019,0.00019,0.999524
ACTTACGCATCCACGC-1,0.000193,0.000387,0.259756,0.739663
ACTTATACTTACCCGG-1,0.000148,0.000295,0.000295,0.999261
ACTTATTAGGATCGGT-1,0.000144,0.000288,0.03844,0.961128
ACTTATTTATGTGCCA-1,0.076833,0.007407,0.558844,0.356915
ACTTCAGGCTGATCCC-1,0.031389,0.000225,0.166613,0.801773
ACTTCCAGTGGAAGCT-1,0.009116,0.000334,0.088308,0.902241
ACTTCCATGCGGGACA-1,0.004546,0.009091,0.009093,0.977269
ACTTCGCCATACGCAC-1,0.000168,0.000336,0.55318,0.446317
ACTTCGCTAGCGAGTG-1,0.000309,0.000617,0.204813,0.794261
ACTTGACTCCCTCTTT-1,0.000054,0.000107,0.360312,0.639527
ACTTGGGACCCGGTGG-1,0.000286,0.000571,0.200214,0.798929
ACTTGTAGTCCCTTCA-1,0.076897,0.000283,0.000283,0.922537
ACTTGTGGATGGAACG-1,0.031567,0.000461,0.148484,0.819487
ACTTTACCCTCATGAA-1,0.007695,0.015385,0.232423,0.744497
ACTTTCCTATAGCTTC-1,0.000099,0.000197,0.000197,0.999507
ACTTTGACTGCATCCT-1,0.013249,0.000394,0.089715,0.896643
ACTTTGGTCGTGCTCC-1,0.021799,0.00042,0.00042,0.97736
ACTTTGTCGACGCACT-1,0.000153,0.000306,0.000306,0.999235
AGAAATTATGACTCGC-1,0.022447,0.000196,0.000196,0.977161
AGAACCCAGCGTGACA-1,0.000112,0.000224,0.000224,0.99944
AGAACCCTCAATTGGG-1,0.063015,0.000305,0.323169,0.61351
AGAAGAGCGCCGTTCC-1,0.025001,0.05,0.050011,0.874988
AGAAGGTACACTTCAC-1,0.000122,0.000244,0.032201,0.967433
AGAAGGTTGCCGAATT-1,0.000327,0.000654,0.122808,0.876212
AGAAGGTTGTAGGTCG-1,0.065052,0.0016,0.271329,0.662019
AGAAGTGATTCGTGAT-1,0.009985,0.000422,0.000422,0.989171
AGAATAAATCTTCAGG-1,0.080201,0.000124,0.001619,0.918057
AGAATTATGGATTCGA-1,0.00073,0.00146,0.273183,0.724627
AGAATTGTTTGACATA-1,0.000617,0.001235,0.212416,0.785731
AGACAGCTCAGAATCC-1,0.114249,0.000236,0.133498,0.752017
AGACAGGCATCTCAGC-1,0.000111,0.000222,0.036679,0.962988
AGACCAAACCACACCT-1,0.000132,0.000263,0.000263,0.999342
AGACCATGGGATACAA-1,0.018028,0.000257,0.000257,0.981457
AGACCCACCGCTGATC-1,0.000132,0.000263,0.463325,0.536281
AGACCCGCCCTCCTCG-1,0.000331,0.000662,0.088707,0.9103
AGACCGCTCCGCGGTT-1,0.000231,0.000462,0.128608,0.870699
AGACCGGGAAACCCTG-1,0.000066,0.000131,0.022274,0.977529
AGACGAAGTGCCGGTC-1,0.006668,0.013334,0.013338,0.96666
AGACGACGATGCCGCT-1,0.000318,0.000635,0.15608,0.842967
AGACGCCCACTTCGCC-1,0.000129,0.000258,0.000258,0.999354
AGACTAGCCTTCCAGA-1,0.000283,0.000565,0.16679,0.832363
AGACTGTTACCGGGTC-1,0.022201,0.000593,0.135077,0.842129
AGAGAACCGTCTAGGA-1,0.000237,0.000474,0.212685,0.786604
AGAGAAGGAGTACAAT-1,0.000157,0.000313,0.081439,0.918092
AGAGATCTCTAAAGCG-1,0.034564,0.000165,0.072458,0.892813
AGAGCAGTTATGAGAC-1,0.000115,0.000231,0.000231,0.999423
AGAGCCGCCGAGATTT-1,0.000267,0.000533,0.089587,0.909613
AGAGCGCTTGTAACGG-1,0.061828,0.003448,0.28211,0.652614
AGAGCGGGCTAATCAT-1,0.002501,0.005001,0.005001,0.987497
AGAGCGTACAAGCTCG-1,0.000099,0.000198,0.047111,0.952591
AGAGGCTTCGGAAACC-1,0.019498,0.000256,0.054239,0.926007
AGAGTAAACTTCACTA-1,0.085339,0.00056,0.249766,0.664334
AGAGTATAGTGTTACG-1,0.007145,0.014286,0.01429,0.964279
AGATAACTTCAGGGCC-1,0.00008,0.00016,0.00016,0.9996
AGATACCAATAGAACC-1,0.000106,0.000212,0.000212,0.999471
AGATACCGGTGTTCAC-1,0.000163,0.000327,0.113224,0.886285
AGATACGACTTCATAT-1,0.019563,0.000371,0.077025,0.903041
AGATACTCAAGATCGA-1,0.011559,0.000207,0.000207,0.988027
AGATATAATACGACTA-1,0.018358,0.000131,0.000131,0.981381
AGATCGTGCATAAGAT-1,0.00034,0.00068,0.168291,0.830689
AGATCTCAGGTGTGAT-1,0.00015,0.000301,0.495206,0.504343
AGATGACTCGCCCACG-1,0.003847,0.007692,0.007695,0.980766
AGATGATGGAGTCTGG-1,0.005884,0.011765,0.011769,0.970583
AGATGCAAGACGTGCA-1,0.000172,0.000344,0.21221,0.787274
AGATGCATCCTGTGTC-1,0.000105,0.00021,0.00021,0.999474
AGATTATAGGACGTTT-1,0.000193,0.000385,0.031428,0.967993
AGATTCACAACCGATA-1,0.021646,0.000176,0.087054,0.891124
AGCAAAGGCCGCTAGT-1,0.000112,0.000225,0.162383,0.837279
AGCAACATATCTTATT-1,0.203556,0.001439,0.295155,0.499851
AGCAACCGAAAGTAAT-1,0.065791,0.000141,0.222128,0.71194
AGCACCAGTACTCACG-1,0.000827,0.609826,0.001653,0.387694
AGCACTACCGGCCTGT-1,0.000212,0.000425,0.000425,0.998938
AGCACTACCTCACCAG-1,0.000159,0.000318,0.082325,0.917197
AGCACTTAAGGACGCC-1,0.00013,0.000259,0.012346,0.987265
AGCAGTCGAAGCATGC-1,0.048622,0.000917,0.257644,0.692816
AGCATATCAATATGCT-1,0.010003,0.02,0.020005,0.949991
AGCATCATTTCGAAAG-1,0.000118,0.000235,0.109364,0.890284
AGCATCGTCGATAATT-1,0.001614,0.003226,0.211284,0.783877
AGCATTACGAGGCAAG-1,0.000073,0.000146,0.000146,0.999636
AGCCACAGGTTACCCG-1,0.003704,0.007407,0.308225,0.680663
AGCCACTCCCGTGCTT-1,0.033138,0.000685,0.122533,0.843644
AGCCCATACATGTAAG-1,0.000137,0.000273,0.000273,0.999317
AGCCCGGCATTAGAGG-1,0.00068,0.001361,0.243436,0.754523
AGCCCTAAGCGAAGTT-1,0.185714,0.003448,0.003449,0.807389
AGCCCTGTCGCACCGT-1,0.000191,0.000382,0.000382,0.999046
AGCCCTTGGACATCCC-1,0.000148,0.000295,0.000295,0.999262
AGCCGCAAATTCAAAT-1,0.00009,0.00018,0.00018,0.99955
AGCCGTGGCTAAATGT-1,0.022176,0.000205,0.012725,0.964894
AGCCTAATACCCACGT-1,0.000151,0.000301,0.097292,0.902256
AGCCTTAAAGCGGAAG-1,0.000067,0.000133,0.000133,0.999667
AGCGACAGGAACGGTC-1,0.000781,0.001563,0.156167,0.841489
AGCGACATCCCATTCA-1,0.003125,0.00625,0.182814,0.807811
AGCGACCAACGATATT-1,0.000547,0.001093,0.288168,0.710192
AGCGATGCGCCTAATA-1,0.000118,0.000236,0.000236,0.999411
AGCGCGGGTGCCAATG-1,0.008279,0.000489,0.071985,0.919247
AGCGCTAGAGCGATGT-1,0.018655,0.000291,0.000291,0.980762
AGCGGACACTTCGTAG-1,0.422101,0.000784,0.11707,0.460045
AGCGGCGGTTAGCGGT-1,0.042182,0.000185,0.014659,0.942973
AGCGGTTGCCGCTCTG-1,0.001266,0.002532,0.376474,0.619728
AGCGTGGTATTCTACT-1,0.00007,0.00014,0.311094,0.688696
AGCTAACAAGCAATGT-1,0.000085,0.00017,0.00017,0.999576
AGCTAAGTACGCAGGC-1,0.004349,0.008696,0.298268,0.688687
AGCTAGAAGCAGAAGT-1,0.083228,0.000633,0.256703,0.659436
AGCTCCATATATGTTC-1,0.000212,0.000425,0.015083,0.98428
AGCTCCTTCGCACATC-1,0.056052,0.001724,0.065128,0.877096
AGCTCTAGACGTTCCA-1,0.000156,0.000311,0.626264,0.373269
AGCTCTTCGTAACCTT-1,0.005264,0.010527,0.010529,0.97368
AGCTCTTTACTCAGTT-1,0.053221,0.000833,0.302133,0.643813
AGCTGAAGTAAACCAA-1,0.000162,0.000324,0.145623,0.853891
AGCTGTAACCTCAATC-1,0.014465,0.000621,0.271955,0.712958
AGCTTCTTCTCGAGCA-1,0.000055,0.00011,0.00011,0.999726
AGCTTGATCTTAACTT-1,0.020943,0.000182,0.096024,0.882851
AGGAACGAACGACTTC-1,0.000391,0.000781,0.000781,0.998047
AGGAAGCTGTCCGCCG-1,0.000297,0.000593,0.301397,0.697713
AGGACAGTCGAATCCC-1,0.000205,0.00041,0.245742,0.753644
AGGACATCGCACGTCG-1,0.017665,0.000181,0.067894,0.91426
AGGACGACCCATTAGA-1,0.000435,0.00087,0.146689,0.852007
AGGAGACATCCACAGT-1,0.002501,0.005,0.379875,0.612624
AGGAGAGTCTGGCTAC-1,0.004764,0.009524,0.365901,0.619812
AGGAGGCCTTCGCGCG-1,0.004001,0.008001,0.008002,0.979996
AGGATAAAGTCGGGAT-1,0.000048,0.000096,0.297812,0.702043
AGGATATAGGGATTTA-1,0.007696,0.015385,0.354682,0.622238
AGGATATCCGACTGCA-1,0.000317,0.000633,0.273259,0.725791
AGGATCACGCGATCTG-1,0.025841,0.000281,0.008309,0.96557
AGGATTGCTTACGACA-1,0.003705,0.007407,0.288244,0.700644
AGGCACGTGACTGTCC-1,0.044785,0.000355,0.000355,0.954506
AGGCAGATGCGTAAAC-1,0.000559,0.001117,0.311889,0.686434
AGGCATTGTCGTAGGG-1,0.000312,0.000623,0.224916,0.774149
AGGCCACATTGGTTAC-1,0.07321,0.000299,0.073032,0.853459
AGGCCACCCGTTATGA-1,0.000124,0.000249,0.111088,0.888538
AGGCCCATTGTACAGG-1,0.002223,0.004445,0.274158,0.719174
AGGCCCTAGAACGCCA-1,0.000084,0.000169,0.098539,0.901208
AGGCCTGAGAATCTCG-1,0.005883,0.011765,0.01177,0.970582
AGGCGATAACTGGCGT-1,0.000097,0.000194,0.110346,0.889364
AGGCGGTTTGTCCCGC-1,0.000175,0.00035,0.16122,0.838254
AGGCTATGGTTAGCTT-1,0.000148,0.000295,0.048385,0.951173
AGGCTTCCCGAAGAAG-1,0.000429,0.000858,0.219916,0.778797
AGGCTTGCTAGACACC-1,0.000138,0.000277,0.026692,0.972893
AGGGACCGGCTGCGTT-1,0.004001,0.008,0.008002,0.979997
AGGGAGACATACTTCG-1,0.00069,0.001379,0.00138,0.996551
AGGGCGAGCAGCTGAT-1,0.000114,0.000228,0.000228,0.99943
AGGGCGTGATCGGCTA-1,0.001725,0.003448,0.100575,0.894252
AGGGCTGCAGTTACAG-1,0.098675,0.000297,0.518602,0.382426
AGGGTCGATGCGAACT-1,0.000535,0.00107,0.129577,0.868818
AGGGTGCTCTCGAGGG-1,0.000175,0.00035,0.06207,0.937406
AGGGTGGATAGTGCAT-1,0.000121,0.000243,0.000243,0.999393
AGGGTTCCCTTTGGTT-1,0.000303,0.000606,0.236554,0.762537
AGGGTTTAGTTCGGGA-1,0.019452,0.000219,0.222055,0.758274
AGGTAACCTCCTATTC-1,0.000595,0.001191,0.027663,0.970551
AGGTAGATCGAGATAT-1,0.019373,0.000549,0.122417,0.857661
AGGTAGGTACAAAGCT-1,0.000113,0.000226,0.000226,0.999435
AGGTATAATTGATAGT-1,0.003126,0.00625,0.153615,0.837009
AGGTATGCGGACATTA-1,0.048506,0.00019,0.052385,0.898919
AGGTCAGGTGAGAGTG-1,0.000125,0.00025,0.00025,0.999375
AGGTCGCCTCCCAACA-1,0.000093,0.000186,0.115212,0.884509
AGGTCGCGGAGTTACT-1,0.10918,0.016667,0.01667,0.857483
AGGTGTATCGCCATGA-1,0.000159,0.000317,0.000318,0.999206
AGGTTACACCATGCCG-1,0.023066,0.000217,0.000217,0.976501
AGGTTTCACACACCTT-1,0.044355,0.000185,0.507737,0.447723
AGTAATGTCTTGCCGC-1,0.003226,0.006452,0.006454,0.983868
AGTACAGAAGCTTATA-1,0.071789,0.000082,0.095084,0.833046
AGTACATCATTTATCA-1,0.003449,0.006897,0.571028,0.418625
AGTACGGCCCGTATCG-1,0.016636,0.000173,0.05117,0.93202
AGTACGGGCACCTGGC-1,0.000426,0.000851,0.092906,0.905817
AGTACTCTTATGCCCA-1,0.000568,0.001136,0.001137,0.997159
AGTAGGTAACATACAT-1,0.032139,0.002564,0.144904,0.820393
AGTATAATACTAGGCA-1,0.000165,0.000329,0.228016,0.771489
AGTATGCTGGAGACCA-1,0.000276,0.000553,0.000553,0.998619
AGTCAACACCACCATC-1,0.147243,0.000217,0.30205,0.55049
AGTCAAGATGACACTT-1,0.001472,0.002941,0.117481,0.878106
AGTCACTAGCTCTCGA-1,0.000142,0.000283,0.141928,0.857647
AGTCAGCCACCGCCTG-1,0.045429,0.001681,0.228068,0.724823
AGTCCATTGGCTGATG-1,0.004764,0.009524,0.009527,0.976185
AGTCCCTCGCAGAAAG-1,0.002175,0.004348,0.117055,0.876423
AGTCGACGGTCTCAAG-1,0.041479,0.00198,0.001981,0.95456
AGTCGGCCCAAACGAC-1,0.000107,0.000215,0.023958,0.97572
AGTCGGCTCAACTTTA-1,0.032113,0.000229,0.076629,0.89103
AGTCGGTTGCGTGAGA-1,0.00014,0.000281,0.082803,0.916776
AGTCGTATAAAGCAGA-1,0.001053,0.002105,0.332578,0.664264
AGTCGTCGACCACCAA-1,0.003573,0.007143,0.579628,0.409656
AGTCGTGGGCATTACG-1,0.000135,0.000271,0.382515,0.617079
AGTCTAAAGTATACTC-1,0.015807,0.003226,0.003227,0.97774
AGTCTCACAAGACTAC-1,0.000211,0.000423,0.170971,0.828394
AGTCTGGACATCCTTG-1,0.018205,0.001342,0.001343,0.97911
AGTCTTCTCCTCAAAT-1,0.02433,0.001026,0.3469,0.627744
AGTCTTTAAAGTGTCC-1,0.000092,0.000185,0.015908,0.983816
AGTGAACAAACTTCTC-1,0.002858,0.005714,0.567638,0.423789
AGTGAAGATGGTGTCC-1,0.0025,0.005,0.005001,0.987498
AGTGACCTACTTTACG-1,0.000493,0.000985,0.000985,0.997537
AGTGAGACTTCCAGTA-1,0.000179,0.000358,0.104222,0.89524
AGTGAGCCTCGCCGCC-1,0.004546,0.009091,0.341943,0.64442
AGTGATAACCTGCGCG-1,0.034295,0.003226,0.003227,0.959252
AGTGATATGAGTAGTT-1,0.022653,0.000356,0.000356,0.976635
AGTGATTCAAGCAGGA-1,0.000132,0.000264,0.206381,0.793224
AGTGCACGCTTAAGAA-1,0.000291,0.000581,0.110828,0.8883
AGTGCGTAGCTCGTAA-1,0.013706,0.000504,0.422371,0.563419
AGTGCTAAACACAGCA-1,0.152834,0.000641,0.165166,0.681359
AGTGCTTGCACGAATA-1,0.00115,0.002299,0.203414,0.793137
AGTGGCGGCAATTTGA-1,0.068095,0.000881,0.18055,0.750474
AGTGGCGTCTGAAGGT-1,0.004763,0.009524,0.009527,0.976186
AGTGGCTCCGTCGGCC-1,0.000158,0.000315,0.000315,0.999212
AGTGGTGTTACCCGTG-1,0.000185,0.00037,0.00037,0.999076
AGTGGTTGCGTATAGG-1,0.032563,0.000191,0.010695,0.956551
AGTGTGGTCTATTGTG-1,0.000165,0.00033,0.00033,0.999176
AGTTAAACACTTGCGA-1,0.000101,0.000202,0.414911,0.584785
AGTTAAGTCAACCGCT-1,0.000157,0.000313,0.120287,0.879243
AGTTACCCTTAAGACT-1,0.000097,0.000193,0.000193,0.999517
AGTTACCGCACATGGT-1,0.030304,0.000189,0.143658,0.825849
AGTTCCTACAGAATTA-1,0.10313,0.001869,0.276511,0.618489
AGTTCCTATTTATGTT-1,0.033203,0.000295,0.320736,0.645766
AGTTTATGTAAAGACA-1,0.002381,0.004762,0.004763,0.988093
AGTTTCGCAGGTCGGA-1,0.005885,0.011765,0.011768,0.970583
AGTTTGCACCTGCCTC-1,0.000088,0.000177,0.281046,0.718689
AGTTTGGCACGGGTTG-1,0.001316,0.002632,0.002632,0.99342
AGTTTGGCCAGACCTA-1,0.00013,0.00026,0.19377,0.80584
ATAAACGGACCCGTAA-1,0.073086,0.000171,0.42071,0.506033
ATAAACGTTGCACCAC-1,0.043806,0.000184,0.01171,0.9443
ATAAAGGCTCGGTCGT-1,0.01024,0.00066,0.214431,0.77467
ATAAATATTAGCAGCT-1,0.023635,0.000151,0.000151,0.976063
ATAACGCCGGAGGGTC-1,0.000191,0.000381,0.344948,0.65448
ATAACGGAGTCCAACG-1,0.028786,0.000147,0.74748,0.223587
ATAAGGTGGAGAACAT-1,0.022577,0.000126,0.358771,0.618526
ATAAGTAGGATTCAGA-1,0.002565,0.005128,0.183019,0.809288
ATAAGTAGGGCGACTC-1,0.007693,0.015385,0.112344,0.864578
ATAAGTTACCGCGACG-1,0.000101,0.000202,0.078122,0.921575
ATAATAGCTGTTGAAT-1,0.007804,0.000256,0.439091,0.552849
ATAATAGTGTAGGGAC-1,0.000092,0.000184,0.000184,0.99954
ATAATCTTGGAGAACC-1,0.000361,0.000722,0.168896,0.830021
ATAATTAGCTAAGTAG-1,0.000568,0.001136,0.306158,0.692138
ATACAGGCCCTCCAAT-1,0.000074,0.000149,0.026689,0.973087
ATACCACGGGCAACTT-1,0.000115,0.00023,0.146558,0.853096
ATACCAGGCTAATAGA-1,0.000204,0.000408,0.385657,0.613731
ATACCTAACCAAGAAA-1,0.000142,0.000285,0.140118,0.859456
ATACGAAGGCTTTCCA-1,0.000151,0.000303,0.000303,0.999243
ATACGCCGGCGAAACC-1,0.000071,0.000143,0.37431,0.625476
ATACGGAACGTCGTTT-1,0.000147,0.000295,0.271022,0.728536
ATACGGGTTTCGATTG-1,0.000662,0.001325,0.261979,0.736034
ATACGGTGAAGATGCA-1,0.009986,0.000182,0.00569,0.984142
ATACGTACTTAGCCAC-1,0.000157,0.000314,0.049972,0.949557
ATACGTCCACTCCTGT-1,0.000637,0.001274,0.080649,0.91744
ATACGTTATGCACGGA-1,0.298609,0.000592,0.337356,0.363444
ATACTACCCGTACCAC-1,0.000186,0.000372,0.131559,0.867883
ATACTAGCATGACCCT-1,0.000794,0.001587,0.001588,0.996031
ATACTGCCTTACACCG-1,0.005883,0.011765,0.2168,0.765552
ATACTTGTTCTCGAGC-1,0.010877,0.000235,0.008875,0.980012
ATAGACAACGGGACCT-1,0.000212,0.000425,0.234008,0.765355
ATAGACGAAGAGAAAG-1,0.000097,0.000193,0.108298,0.891412
ATAGAGTACTGGGACA-1,0.000369,0.000738,0.159042,0.839851
ATAGAGTTATCAACTT-1,0.000236,0.000473,0.194344,0.804947
ATAGCAACTAGGGAAG-1,0.000172,0.000344,0.084235,0.915249
ATAGGCGGCTATAGAA-1,0.00013,0.000259,0.291287,0.708324
ATAGGCTAGCTTCGCA-1,0.00023,0.000461,0.06935,0.929959
ATAGGGATATCCTTGA-1,0.114277,0.002817,0.002818,0.880089
ATAGGTTGGGCAGATG-1,0.061838,0.001005,0.001005,0.936152
ATAGTCTTTGACGTGC-1,0.000589,0.001177,0.26205,0.736185
ATAGTGAAGCGTTCTC-1,0.000066,0.000131,0.042955,0.956847
ATAGTTCCACCCACTC-1,0.040971,0.004082,0.307198,0.647749
ATATAAAGCGCTCGTG-1,0.000764,0.001527,0.423885,0.573825
ATATAAATGTAGCTGC-1,0.001429,0.002857,0.548559,0.447155
ATATAACACGGGCGCA-1,0.002041,0.004082,0.117488,0.876389
ATATACATGTATGGTA-1,0.000154,0.000309,0.025199,0.974338
ATATACGCTCGTGACG-1,0.000101,0.000201,0.000201,0.999497
ATATAGAGTATTGGTC-1,0.005264,0.010526,0.125636,0.858573
ATATCAACCTACAGAG-1,0.231818,0.007692,0.007695,0.752795
ATATCAATTCCAGCCT-1,0.000144,0.000288,0.096389,0.903179
ATATCGGTAGGGAGAT-1,0.074166,0.00202,0.120954,0.80286
ATATCGTTCCTCGAAC-1,0.005268,0.010526,0.010529,0.973677
ATATCTTAGGGCCTTC-1,0.007711,0.000203,0.049924,0.942162
ATATGTCTCCCTAGCC-1,0.112092,0.003571,0.003573,0.880764
ATATTCAGTTAAACCT-1,0.000163,0.000327,0.283826,0.715684
ATATTCCACATAGTGA-1,0.012273,0.001156,0.001156,0.985414
ATATTCCCACAGGTCA-1,0.005886,0.011765,0.474433,0.507916
ATATTGCTGTCAAAGT-1,0.000114,0.000227,0.000227,0.999432
ATATTGGAGAGGCCTT-1,0.000103,0.000205,0.000205,0.999487
ATATTTAACCCTCAAG-1,0.000099,0.000199,0.000199,0.999503
ATCAAACACTGTTCCA-1,0.0499,0.000654,0.127426,0.822021
ATCAAACGAAGGTTTG-1,0.020119,0.000228,0.210077,0.769577
ATCAATCTGGGCTGCA-1,0.000353,0.000707,0.491676,0.507264
ATCAATGCCGTGGCTG-1,0.000202,0.000405,0.067845,0.931548
ATCACATTAGAATATC-1,0.016374,0.000847,0.372746,0.610032
ATCACGTGCTAATTAA-1,0.000097,0.000195,0.103671,0.896037
ATCACTTCATCCTCGC-1,0.002564,0.005128,0.00513,0.987178
ATCAGACGGCACGCCG-1,0.000429,0.000858,0.089104,0.909609
ATCAGCCTCATGCTGC-1,0.128395,0.010526,0.01053,0.850548
ATCAGCTCGTCCACTA-1,0.000158,0.000315,0.06009,0.939436
ATCAGGTAGCTGACAG-1,0.000136,0.000271,0.14432,0.855273
ATCAGTAGGCAGGGAT-1,0.000582,0.001163,0.231364,0.766892
ATCATAGCCCTATGTA-1,0.104161,0.000445,0.022805,0.872588
ATCATCCAATATTTGT-1,0.000066,0.000133,0.000133,0.999668
ATCATGGACTACCGAC-1,0.156987,0.000224,0.000225,0.842564
ATCATTGTACCGCATT-1,0.001352,0.002703,0.002704,0.993242
ATCCAACGCAGTCATA-1,0.000122,0.000244,0.000244,0.99939
ATCCAATGGAGGGTCC-1,0.000142,0.000284,0.083629,0.915945
ATCCAATGGTACCGAA-1,0.000083,0.000167,0.000167,0.999583
ATCCACATCGACAGAA-1,0.000109,0.000218,0.144821,0.854852
ATCCAGAGCAACAACC-1,0.000226,0.000451,0.07863,0.920693
ATCCAGGATTCGTGAA-1,0.000582,0.001163,0.240881,0.757375
ATCCCATCCACAGCGC-1,0.001852,0.003704,0.003705,0.990739
ATCCTACCTAAGCTCT-1,0.000144,0.000289,0.1163,0.883267
ATCCTGAATCGCTGCG-1,0.000107,0.000213,0.051303,0.948377
ATCCTGCGTGGAATGG-1,0.000227,0.000454,0.178891,0.820428
ATCCTTCTGAAAGAAC-1,0.000145,0.00029,0.00029,0.999275
ATCGACCCAATACAGA-1,0.000152,0.000304,0.348367,0.651177
ATCGACTCTTTCCGTT-1,0.000343,0.000685,0.330096,0.668877
ATCGCACGCCGGGAGA-1,0.13857,0.000826,0.37129,0.489313
ATCGCCAGTCAACATT-1,0.002383,0.004762,0.004763,0.988092
ATCGCTGCGTGCAGCA-1,0.003572,0.007143,0.007145,0.98214
ATCGCTTTACGTCTCA-1,0.000127,0.000255,0.058823,0.940795
ATCGGAGACAGACGGC-1,0.000725,0.001449,0.219621,0.778204
ATCGGCAAGCAGTCCA-1,0.000243,0.000485,0.453841,0.545431
ATCGGTTACCTAGTAA-1,0.049929,0.000327,0.000327,0.949418
ATCGTATTCCGAGAAC-1,0.018008,0.000138,0.088797,0.893057
ATCGTGGAAAGTCTGG-1,0.001515,0.00303,0.373852,0.621602
ATCGTTAGCTAGCGGA-1,0.000163,0.000326,0.1082,0.891311
ATCTAATATCCTACGG-1,0.000144,0.000287,0.446212,0.553357
ATCTACCATCTGCTCC-1,0.003704,0.007408,0.007409,0.981479
ATCTCCCACGGAATAT-1,0.000154,0.000308,0.112801,0.886737
ATCTCCCTGCAATCTA-1,0.011597,0.000855,0.161725,0.825824
ATCTCGTGAGCGAAAC-1,0.00972,0.000342,0.000342,0.989596
ATCTGACATGGAAGGA-1,0.000268,0.000536,0.206954,0.792242
ATCTGCACCTCTGCGA-1,0.065798,0.012501,0.012504,0.909197
ATCTGGGCTGTTCTTG-1,0.017078,0.001105,0.267954,0.713863
ATCTGGTTAAGACTGT-1,0.000154,0.000307,0.510912,0.488627
ATCTGTAATTGTACCC-1,0.104605,0.000714,0.172888,0.721793
ATCTTATCGCACACCC-1,0.000165,0.000329,0.000329,0.999178
ATCTTGACCTGCAACG-1,0.000125,0.00025,0.103069,0.896556
ATCTTGACTTGTCCAA-1,0.002778,0.005556,0.12598,0.865686
ATCTTTCGTATAACCA-1,0.002041,0.004082,0.584075,0.409802
ATGAAGCCAAGGAGCC-1,0.001163,0.002326,0.066267,0.930245
ATGAAGTGGACCCAGC-1,0.000078,0.000157,0.02897,0.970794
ATGACGCCGGCTCTAA-1,0.000953,0.001905,0.40032,0.596822
ATGACGCGTTCTATCC-1,0.000318,0.000635,0.132235,0.866812
ATGACTATCAGCTGTG-1,0.018354,0.000505,0.173703,0.807438
ATGACTATGCGACATT-1,0.117588,0.00303,0.553492,0.325889
ATGAGGAGTGTTAATC-1,0.008957,0.000309,0.038751,0.951983
ATGAGGGCAGCGGCTA-1,0.0001,0.000199,0.000199,0.999502
ATGATCGGGAATAGAC-1,0.002942,0.005882,0.368118,0.623057
ATGATGCAATGGTACA-1,0.015812,0.000403,0.17324,0.810545
ATGCACGCGCTGTTCA-1,0.000165,0.000331,0.203191,0.796313
ATGCACTACCGCATTG-1,0.000181,0.000362,0.35834,0.641118
ATGCATGATCCAGGAT-1,0.000323,0.000645,0.16196,0.837072
ATGCCATTTGCGACCA-1,0.000568,0.001136,0.255537,0.742758
ATGCCGGTCTTGCATA-1,0.000131,0.000263,0.561976,0.43763
ATGCCGGTTGATGGGA-1,0.020781,0.001258,0.302741,0.67522
ATGCGACAGTCCCATT-1,0.000055,0.00011,0.744409,0.255426
ATGCGAGTCCCACCAC-1,0.028466,0.002,0.002001,0.967533
ATGCTCAGTGTTGCAT-1,0.000232,0.000464,0.070929,0.928374
ATGCTCTGGCGCGGTA-1,0.000088,0.000175,0.044908,0.954829
ATGCTTAGGAGTTGAT-1,0.000198,0.000395,0.000395,0.999012
ATGGAAATTTAAGGAG-1,0.000121,0.000242,0.010045,0.989592
ATGGAACCTTTGCACA-1,0.04814,0.000225,0.000225,0.95141
