Barcode,Topic 1,Topic 2,Topic 3to6,Topic 7,Topic 8
AAACAAGTATCTCCCA-1,0.000655,0.000654,0.378559,0.619475,0.000656
AAACAATCTACTAGCA-1,0.000566,0.000566,0.511815,0.470366,0.016687
AAACACCAATAACTGC-1,0.000191,0.000191,0.545361,0.454065,0.000191
AAACAGAGCGACTCCT-1,0.000064,0.000064,0.693927,0.305882,0.000064
AAACAGCTTTCAGAAG-1,0.000028,0.000028,0.866324,0.133181,0.000439
AAACAGGGTCTATATT-1,0.000053,0.000053,0.957377,0.00991,0.032607
AAACAGTGTTCCTGGG-1,0.000188,0.000188,0.264139,0.251891,0.483594
AAACATTTCCCGGATT-1,0.000241,0.000241,0.433909,0.000241,0.565367
AAACCCGAACGAAATC-1,0.000556,0.000556,0.416349,0.581983,0.000557
AAACCGGAAATGTTAA-1,0.000029,0.000029,0.000116,0.723188,0.276637
AAACCGGGTAGGTACC-1,0.000057,0.000057,0.726685,0.2044,0.0688
AAACCGTTCGTCCAGG-1,0.00027,0.00027,0.652287,0.346902,0.00027
AAACCTAAGCAGCCGG-1,0.000373,0.000373,0.239937,0.470307,0.28901
AAACCTCATGAAGTTG-1,0.000027,0.000027,0.798946,0.200972,0.000027
AAACGAAGAACATACC-1,0.00025,0.00025,0.001,0.660443,0.338058
AAACGAAGATGGAGTA-1,0.00053,0.00053,0.725344,0.000531,0.273065
AAACGAGACGGTTGAT-1,0.000369,0.000369,0.998523,0.000369,0.000369
AAACGGGCGTACGGGT-1,0.000416,0.000415,0.001664,0.385285,0.61222
AAACGGTTGCGAACTG-1,0.000102,0.000102,0.833439,0.110475,0.055883
AAACGTGTTCGCCCTA-1,0.000148,0.000148,0.280998,0.718558,0.000148
AAACTAACGTGGCGAC-1,0.00029,0.00029,0.737507,0.261622,0.000291
AAACTCGGTTCGCAAT-1,0.000629,0.000628,0.054307,0.755626,0.188809
AAACTCGTGATATAAG-1,0.001291,0.001289,0.005166,0.990964,0.001291
AAACTGCTGGCTCCAA-1,0.000695,0.000695,0.369999,0.36255,0.266062
AAACTTAATTGCACGC-1,0.000118,0.000118,0.777508,0.222137,0.000118
AAACTTGCAAACGTAT-1,0.000021,0.000021,0.96214,0.000021,0.037796
AAAGAATGTGGACTAA-1,0.00117,0.001168,0.004682,0.777398,0.215582
AAAGACCCAAGTCGCG-1,0.000152,0.000152,0.151528,0.765674,0.082493
AAAGACTGGGCGCTTT-1,0.000202,0.000202,0.595099,0.380175,0.024321
AAAGCTTGCCTACATA-1,0.000216,0.000216,0.000865,0.884718,0.113985
AAAGGCCCTATAATAC-1,0.000245,0.000245,0.500106,0.385763,0.113641
AAAGGCTACGGACCAT-1,0.000201,0.000201,0.338391,0.520793,0.140414
AAAGGCTCTCGCGCCG-1,0.001215,0.001214,0.004862,0.754541,0.238168
AAAGGGATGTAGCAAG-1,0.000372,0.000372,0.334522,0.501405,0.163329
AAAGGGCAGCTTGAAT-1,0.000098,0.000098,0.633516,0.366189,0.000098
AAAGGTAAGCTGTACC-1,0.000097,0.000097,0.620434,0.379274,0.000098
AAAGTAGCATTGCTCA-1,0.000246,0.000246,0.742574,0.256687,0.000247
AAAGTCACTGATGTAA-1,0.000189,0.000189,0.181982,0.804677,0.012964
AAAGTCGACCCTCAGT-1,0.000017,0.000017,0.995864,0.004083,0.000017
AAAGTGCCATCAATTA-1,0.000308,0.000308,0.180466,0.490907,0.328011
AAAGTGTGATTTATCT-1,0.000602,0.000601,0.211247,0.780699,0.006852
AAAGTTGACTCCCGTA-1,0.000894,0.000893,0.211872,0.785447,0.000895
AAATAACCATACGGGA-1,0.000372,0.000372,0.083715,0.915168,0.000373
AAATAAGGTAGTGCCC-1,0.000269,0.000268,0.108908,0.890286,0.000269
AAATACCTATAAGCAT-1,0.000768,0.000767,0.177559,0.38,0.440906
AAATAGCTTAGACTTT-1,0.000524,0.000523,0.24011,0.684346,0.074497
AAATAGGGTGCTATTG-1,0.000895,0.000894,0.003578,0.909731,0.084902
AAATCCGATACACGCC-1,0.00053,0.00053,0.235324,0.481267,0.282349
AAATCGCGGAAGGAGT-1,0.000243,0.000243,0.567859,0.327557,0.104098
AAATCGTGTACCACAA-1,0.000272,0.000272,0.496917,0.37606,0.126479
AAATCTAGCCCTGCTA-1,0.000175,0.000175,0.016855,0.416681,0.566115
AAATGACTGATCAAAC-1,0.000517,0.000517,0.12736,0.374336,0.49727
AAATGATTCGATCAGC-1,0.000971,0.000969,0.003883,0.993206,0.000971
AAATGCTCGTTACGTT-1,0.000128,0.000128,0.844546,0.155069,0.000129
AAATGGCATGTCTTGT-1,0.000103,0.000102,0.862648,0.100251,0.036896
AAATGGCCCGTGCCCT-1,0.000158,0.000158,0.562593,0.385952,0.051139
AAATGGTCAATGTGCC-1,0.000193,0.000193,0.520871,0.46486,0.013883
AAATGTATCTTATCCC-1,0.000159,0.000159,0.697307,0.192505,0.10987
AAATTAACGGGTAGCT-1,0.000337,0.000337,0.379995,0.618994,0.000338
AAATTAATAAGCGCGA-1,0.000148,0.000148,0.6159,0.276388,0.107415
AAATTACACGACTCTG-1,0.001137,0.001136,0.004552,0.992037,0.001138
AAATTACCTATCGATG-1,0.000129,0.000129,0.707131,0.218935,0.073676
AAATTCCAGGTCCAAA-1,0.000229,0.000229,0.122539,0.772677,0.104326
AAATTGATAGTCCTTT-1,0.000095,0.000095,0.999621,0.000095,0.000095
AAATTGGTGAGAAGCA-1,0.000115,0.000115,0.177308,0.753818,0.068644
AAATTTACCGAAATCC-1,0.000286,0.000286,0.367385,0.631758,0.000286
AAATTTGCGGGTGTGG-1,0.000112,0.000112,0.474695,0.494557,0.030524
AACAACTGGTAGTTGC-1,0.001318,0.001316,0.196541,0.799506,0.001318
AACAATACATTGTCGA-1,0.000121,0.000121,0.633529,0.300677,0.065553
AACAATTACTCTACGC-1,0.000042,0.000042,0.916613,0.08326,0.000042
AACACACGCTCGCCGC-1,0.001043,0.001042,0.004174,0.884145,0.109596
AACACGACTGTACTGA-1,0.000652,0.000651,0.135515,0.119744,0.743438
AACACGAGACGCGGCC-1,0.000027,0.000027,0.869713,0.000027,0.130207
AACACGCGGCCGCGAA-1,0.000455,0.000455,0.364184,0.634451,0.000455
AACAGCTGTGTGGCAA-1,0.000406,0.000406,0.413208,0.472074,0.113906
AACAGGAAATCGAATA-1,0.000616,0.000616,0.046814,0.905797,0.046157
AACAGGATGGGCCGCG-1,0.000126,0.000126,0.694837,0.299915,0.004997
AACAGGTAGTATGGAT-1,0.001043,0.001042,0.170923,0.825949,0.001044
AACATAGCGTGTATCG-1,0.00106,0.00106,0.004245,0.172835,0.8208
AACATATCAACTGGTG-1,0.000491,0.00049,0.192585,0.805943,0.000491
AACATCGATACGTCTA-1,0.000413,0.000413,0.083388,0.849967,0.065819
AACATTGAAGTTGATC-1,0.000392,0.000392,0.350319,0.648504,0.000393
AACATTGTGACTCGAG-1,0.000168,0.000168,0.713095,0.189852,0.096718
AACCAAGACTTCTCTG-1,0.000055,0.000055,0.784307,0.149043,0.066538
AACCAGTATCACTCTT-1,0.000211,0.000211,0.269967,0.501034,0.228576
AACCATAGGGTTGAAC-1,0.000162,0.000162,0.402584,0.59693,0.000162
AACCATGGGATCGCTA-1,0.000139,0.000139,0.582716,0.416867,0.000139
AACCCAGAGACGGAGA-1,0.000156,0.000156,0.617973,0.159095,0.22262
AACCCATCCCATGATC-1,0.00016,0.000159,0.17396,0.815455,0.010266
AACCCGACAACCCGTG-1,0.000206,0.000206,0.694754,0.284868,0.019966
AACCCGAGCAGAATCG-1,0.000271,0.000271,0.001087,0.852048,0.146323
AACCCGCTGTATTCCA-1,0.000391,0.000391,0.001565,0.000391,0.997261
AACCCTACTGTCAATA-1,0.00118,0.001179,0.101486,0.894973,0.001181
AACCCTGGTGGAACCA-1,0.000336,0.000335,0.001343,0.809494,0.188492
AACCGAGCTTGGTCAT-1,0.000171,0.000171,0.470005,0.529482,0.000171
AACCGCTAAGGGATGC-1,0.000632,0.000631,0.172266,0.43196,0.394511
AACCGTTGTGTTTGCT-1,0.000167,0.000167,0.146958,0.01193,0.840778
AACCTCGCTTTAGCCC-1,0.002317,0.002315,0.009274,0.70315,0.282944
AACCTGTCACGGAATT-1,0.000707,0.000706,0.276378,0.721501,0.000708
AACCTTTAAATACGGT-1,0.002608,0.002605,0.010435,0.470038,0.514315
AACCTTTACGACGTCT-1,0.000208,0.000207,0.648657,0.242438,0.10849
AACGAAAGTCGTCCCA-1,0.000069,0.000069,0.999723,0.000069,0.000069
AACGACCTCCTAGCCG-1,0.000802,0.000801,0.493551,0.000803,0.504042
AACGATAATGCCGTAG-1,0.000792,0.000791,0.003171,0.821411,0.173835
AACGATAGAAGGGCCG-1,0.000192,0.000191,0.093033,0.763538,0.143045
AACGATATGTCAACTG-1,0.000249,0.000249,0.614534,0.384718,0.000249
AACGCATGATCTGGGT-1,0.000305,0.000305,0.43515,0.448732,0.115507
AACGCGAACGGCAACA-1,0.000391,0.000391,0.557388,0.351471,0.090359
AACGCGACCTTGGGCG-1,0.000127,0.000127,0.516591,0.468636,0.014519
AACGCGGTCTCCAGCC-1,0.00019,0.00019,0.462242,0.537189,0.00019
AACGCTGTTGCTGAAA-1,0.001088,0.001087,0.004356,0.99238,0.001089
AACGGACGTACGTATA-1,0.000648,0.000648,0.002595,0.687917,0.308191
AACGGCCATCTCCGGT-1,0.00008,0.00008,0.833734,0.133884,0.032222
AACGTACTGTGGGTAC-1,0.00061,0.00061,0.439745,0.424754,0.134281
AACGTCAGACTAGTGG-1,0.000122,0.000122,0.759261,0.192891,0.047605
AACGTCATCCGGCTTG-1,0.000823,0.000823,0.140596,0.456799,0.40096
AACGTCGCTGCACTTC-1,0.002611,0.002605,0.010438,0.981736,0.00261
AACGTGATGAAGGACA-1,0.001264,0.001263,0.005059,0.959461,0.032953
AACGTGCGAAAGTCTC-1,0.001691,0.001689,0.61301,0.265537,0.118072
AACGTTATCAGCACCT-1,0.000098,0.000098,0.983004,0.000099,0.016701
AACTACCCGTTTGTCA-1,0.001762,0.001761,0.317455,0.677259,0.001764
AACTAGCGTATCGCAC-1,0.000185,0.000185,0.475028,0.448998,0.075604
AACTAGGCTTGGGTGT-1,0.000808,0.000807,0.003231,0.359068,0.636085
AACTCAAGTTAATTGC-1,0.000252,0.000252,0.405395,0.418986,0.175116
AACTCCAGAGCGTGTT-1,0.001359,0.00136,0.005444,0.885918,0.10592
AACTCCTAATCCCATG-1,0.000684,0.000683,0.199668,0.695373,0.103591
AACTCGATGGCGCAGT-1,0.000141,0.000141,0.390764,0.608813,0.000141
AACTCTCAATAGAGCG-1,0.000715,0.000715,0.002863,0.994992,0.000715
AACTCTCAGTGTGCTC-1,0.00015,0.00015,0.730836,0.241136,0.027728
AACTGAGGTCAGCGTC-1,0.000265,0.000265,0.258595,0.740609,0.000265
AACTGAGTTATACTGA-1,0.000132,0.000131,0.876451,0.000132,0.123154
AACTGATATTAGGCCT-1,0.000201,0.000201,0.27302,0.599496,0.127082
AACTGGGTCCCGACGT-1,0.000303,0.000303,0.180112,0.818979,0.000303
AACTGGGTTCGAGCCG-1,0.000613,0.000613,0.298258,0.605228,0.095288
AACTGGTGTGGGCCTT-1,0.000173,0.000173,0.371827,0.627655,0.000173
AACTTCTGCGTCTATC-1,0.000273,0.000272,0.613809,0.321657,0.063989
AACTTGCCCGTATGCA-1,0.000059,0.000059,0.695629,0.304194,0.000059
AACTTGCGTTCTCGCG-1,0.000122,0.000122,0.71689,0.282745,0.000122
AACTTTACGGGAGCTT-1,0.000197,0.000197,0.604142,0.318203,0.077261
AACTTTAGCTGCTGAG-1,0.000179,0.000179,0.448981,0.550481,0.000179
AACTTTCTCGATCATG-1,0.000049,0.000049,0.000195,0.999659,0.000049
AAGAAATCACCAGATT-1,0.000023,0.000023,0.025443,0.921177,0.053335
AAGAAGGATCAGTTAG-1,0.000108,0.000108,0.732871,0.266803,0.000109
AAGACATACGTGGTTT-1,0.001169,0.001168,0.132199,0.00117,0.864293
AAGACCCAACTGAACA-1,0.000164,0.000164,0.547982,0.33673,0.114961
AAGACTGCAAGCTACT-1,0.000479,0.000479,0.460492,0.373042,0.165507
AAGAGATGAATCGGTA-1,0.000113,0.000113,0.421478,0.578183,0.000113
AAGAGCTCTTTATCGG-1,0.001439,0.001437,0.795611,0.055998,0.145515
AAGAGGATGTACGCGA-1,0.000066,0.000066,0.876416,0.123387,0.000066
AAGAGGCATGGATCGC-1,0.001422,0.001421,0.005694,0.99004,0.001423
AAGAGGCCCTTTGGAA-1,0.000181,0.000181,0.000726,0.336333,0.662578
AAGATGGCACCGGACC-1,0.00021,0.00021,0.58982,0.40955,0.00021
AAGATTGGCGGAACGT-1,0.000582,0.000582,0.133799,0.864455,0.000582
AAGCACCCTGCGTATC-1,0.002554,0.002551,0.010221,0.511651,0.473022
AAGCATACTCTCCTGA-1,0.000875,0.000874,0.19207,0.688746,0.117435
AAGCCACTTGCAGGTA-1,0.000599,0.000598,0.152546,0.626598,0.219659
AAGCCGAAGCGGTTTA-1,0.00232,0.002315,0.185252,0.807794,0.002319
AAGCCGCCGTGAAATC-1,0.000152,0.000152,0.398063,0.179444,0.422188
AAGCCGCTTTACCTTG-1,0.000032,0.000032,0.221599,0.626171,0.152166
AAGCCGGAGAGCAGGA-1,0.00092,0.000919,0.003683,0.829458,0.165019
AAGCGCAGGGCTTTGA-1,0.000688,0.000687,0.002752,0.565094,0.43078
AAGCGGAGTGCGCGCA-1,0.000517,0.000517,0.00207,0.996379,0.000517
AAGCGGCGTCATGGGT-1,0.000368,0.000368,0.457689,0.541207,0.000368
AAGCGTCCCTCATCGA-1,0.00032,0.00032,0.543845,0.455195,0.00032
AAGCTAGATCGAGTAA-1,0.001069,0.001069,0.291872,0.439486,0.266504
AAGCTCGTGCCAAGTC-1,0.001317,0.001316,0.005273,0.990775,0.001318
AAGCTCTTTCATGGTG-1,0.001331,0.00133,0.00533,0.646831,0.345178
AAGGAGAACTTATAAG-1,0.000285,0.000285,0.542235,0.386191,0.071004
AAGGAGCGGTTGGTGC-1,0.000187,0.000187,0.662216,0.316333,0.021077
AAGGATCGATCGCTTG-1,0.000167,0.000167,0.586957,0.41254,0.000168
AAGGATGAGGGACCTC-1,0.000288,0.000287,0.527734,0.379255,0.092436
AAGGCAGGCTGTCTCC-1,0.00108,0.001078,0.276857,0.719906,0.00108
AAGGCGCGTAAAGCTT-1,0.000115,0.000115,0.502558,0.497096,0.000115
AAGGCTGTGCTCATCG-1,0.000235,0.000235,0.511643,0.476738,0.011149
AAGGGAACGACTGGCT-1,0.000157,0.000157,0.534698,0.420457,0.044531
AAGGGACAGATTCTGT-1,0.000184,0.000184,0.518011,0.474254,0.007367
AAGGGACTATGCATTC-1,0.000732,0.000731,0.574366,0.423438,0.000732
AAGGTATCCTAATATA-1,0.000635,0.000635,0.570009,0.428086,0.000636
AAGGTGATAAACCAGC-1,0.000424,0.000424,0.356489,0.545645,0.097018
AAGTAGAAGACCGGGT-1,0.000356,0.000355,0.071525,0.927409,0.000356
AAGTAGTGACGCGAGG-1,0.000629,0.000628,0.616153,0.366831,0.015759
AAGTCAATTGTCGTCA-1,0.000763,0.000762,0.306078,0.691633,0.000764
AAGTCTAGTAGCTGCC-1,0.000082,0.000082,0.096652,0.897438,0.005747
AAGTCTTCTGTGGCCT-1,0.000185,0.000184,0.729669,0.17946,0.090502
AAGTGACGACCGAATT-1,0.000026,0.000026,0.922394,0.030771,0.046783
AAGTGAGTCGGGTTTA-1,0.00012,0.000119,0.714945,0.284697,0.00012
AAGTGCAAAGGTAGAC-1,0.000184,0.000184,0.670475,0.295432,0.033725
AAGTGCCTTGACTGTA-1,0.000436,0.000436,0.294225,0.601854,0.103049
AAGTGCGTTAGAATCT-1,0.000189,0.000188,0.535859,0.463575,0.000189
AAGTGCTTCTCTATTG-1,0.000574,0.000574,0.451615,0.379015,0.168222
AAGTGTTTGGAGACGG-1,0.000409,0.000409,0.394662,0.000409,0.604111
AAGTTCACTCCAAGCT-1,0.001762,0.001761,0.202114,0.538552,0.255811
AAGTTCAGTCTGCGTA-1,0.00025,0.00025,0.312347,0.686904,0.00025
AAGTTCGGCCAACAGG-1,0.00014,0.00014,0.587539,0.412042,0.00014
AAGTTGTGATGTTATA-1,0.00118,0.00118,0.004726,0.001182,0.991732
AAGTTTACTAATGGCA-1,0.000403,0.000403,0.11997,0.878819,0.000404
AAGTTTATGGGCCCAA-1,0.000294,0.000293,0.561965,0.437154,0.000294
AATAACAACGCTCGGC-1,0.000057,0.000057,0.96198,0.014598,0.023308
AATAACACTAGAACAA-1,0.00017,0.00017,0.321804,0.677684,0.000171
AATAACGTCGCGCCCA-1,0.002317,0.002315,0.257325,0.484434,0.253608
AATAAGTCCTCGAGAC-1,0.000436,0.000436,0.191342,0.768517,0.039269
AATAATCTTCGTATCG-1,0.00003,0.00003,0.000122,0.942647,0.05717
AATACAATGTTTCAGG-1,0.000109,0.000109,0.846107,0.153567,0.000109
AATACCGGAGGGCTGT-1,0.000423,0.000422,0.440822,0.369216,0.189117
AATACCTGATGTGAAC-1,0.000875,0.000874,0.03508,0.048216,0.914955
AATAGAACAGAGTGGC-1,0.000426,0.000425,0.486808,0.425456,0.086885
AATAGAATCTGTTTCA-1,0.000613,0.000613,0.189623,0.709109,0.100042
AATAGCTACCGCGTGC-1,0.001148,0.001147,0.134488,0.750992,0.112225
AATAGGCACGACCCTT-1,0.000887,0.000887,0.003552,0.67558,0.319095
AATAGTCCGTCCCGAC-1,0.000298,0.000298,0.807332,0.000298,0.191774
AATAGTCGCGAGTCGG-1,0.000217,0.000216,0.592408,0.406942,0.000217
AATATCAAGGTCGGAT-1,0.000122,0.000122,0.628725,0.370909,0.000122
AATATCCTAGCAAACT-1,0.000186,0.000186,0.546096,0.367245,0.086287
AATATCGAATCAATGC-1,0.002234,0.002233,0.008944,0.527614,0.458975
AATATCGAGGGTTCTC-1,0.000296,0.000296,0.282477,0.716636,0.000296
AATATTGGAGTATTGA-1,0.000053,0.000053,0.82582,0.112462,0.061613
AATCAGGTTTCATTTA-1,0.000187,0.000187,0.897948,0.035002,0.066676
AATCATGTAAAGACTC-1,0.00084,0.000839,0.003362,0.630255,0.364704
AATCCAAGGGCCTGAG-1,0.000353,0.000353,0.434868,0.304865,0.259561
AATCCATGCAAGGGTG-1,0.000127,0.000127,0.52191,0.459066,0.01877
AATCCCGCTCAGAGCC-1,0.000659,0.000658,0.002636,0.695328,0.300719
AATCGAGGTCTCAAGG-1,0.001422,0.001421,0.300862,0.380848,0.315447
AATCGCCTCAGCGCCA-1,0.001043,0.001042,0.499566,0.159392,0.338957
AATCGCGCAGAGGACT-1,0.000294,0.000294,0.263836,0.596863,0.138713
AATCGGGACACTACGA-1,0.000857,0.000856,0.353391,0.350154,0.294741
AATCGGTATAGCCCTC-1,0.003679,0.003677,0.014734,0.974225,0.003685
AATCGTGAGCCGAGCA-1,0.001455,0.001454,0.005825,0.810228,0.181039
AATCTAGGTTTACTTG-1,0.000196,0.000196,0.630992,0.334746,0.03387
AATCTATGCCGGAGCC-1,0.001762,0.001762,0.007057,0.771057,0.218363
AATCTCTACTGTGGTT-1,0.000113,0.000113,0.538331,0.000113,0.461331
AATCTGCGTTGGGACG-1,0.000304,0.000303,0.428254,0.570835,0.000304
AATCTGGCTTTCTAGT-1,0.0002,0.000199,0.55592,0.292315,0.151366
AATCTGGGTAGACCCT-1,0.000445,0.000445,0.70418,0.258123,0.036807
AATGACAGCAATGTCT-1,0.000102,0.000102,0.915996,0.008311,0.075489
AATGACGTAGGATGTC-1,0.000524,0.000523,0.181223,0.000524,0.817206
AATGACTGTCAGCCGG-1,0.000171,0.000171,0.270858,0.728628,0.000171
AATGAGTTCGCATATG-1,0.000152,0.000152,0.593213,0.406332,0.000152
AATGATGATACGCTAT-1,0.000167,0.000167,0.613084,0.187837,0.198746
AATGATGCGACTCCTG-1,0.000274,0.000274,0.197286,0.801891,0.000275
AATGCAACCGGGTACC-1,0.000156,0.000156,0.496147,0.503384,0.000157
AATGCACCAAGCAATG-1,0.000303,0.000303,0.128283,0.870808,0.000303
AATGGTCCACCGTTCA-1,0.000126,0.000126,0.649377,0.350246,0.000126
AATGGTTCTCACAAGC-1,0.00017,0.00017,0.589171,0.410319,0.00017
AATGTATGGCACTGTA-1,0.000521,0.000521,0.74552,0.142728,0.11071
AATGTGCCCGAGGTGT-1,0.000215,0.000214,0.672459,0.326897,0.000215
AATGTGCTAATCTGAG-1,0.000117,0.000117,0.797837,0.000117,0.201812
AATGTTAAGACCCTGA-1,0.000699,0.000698,0.002798,0.255672,0.740133
AATGTTGTCGTGAGAC-1,0.001508,0.001506,0.006033,0.989444,0.001509
AATTAAAGGTCGGCGT-1,0.000155,0.000154,0.516292,0.447591,0.035808
AATTAACGGATTTCCA-1,0.001127,0.001126,0.004512,0.57474,0.418494
AATTACGAGACCCATC-1,0.000616,0.000616,0.689293,0.277474,0.032
AATTACTCGTACGCTC-1,0.000134,0.000134,0.671873,0.050238,0.277622
AATTAGCGCTGCAGCG-1,0.000655,0.000655,0.522217,0.382864,0.093609
AATTATACCCAGCAAG-1,0.000159,0.000159,0.035753,0.000159,0.96377
AATTCATAAGGGATCT-1,0.000272,0.000272,0.322335,0.604102,0.07302
AATTCATTGTCATGCA-1,0.000179,0.000179,0.308256,0.687573,0.003812
AATTCCAAGCATGTAC-1,0.000044,0.000044,0.999825,0.000044,0.000044
AATTCGATTCGAGGAT-1,0.001098,0.001097,0.004394,0.818371,0.175041
AATTCTAGAGTTAGGC-1,0.00059,0.00059,0.884191,0.114039,0.000591
AATTGAACGCTCTGGT-1,0.000851,0.00085,0.346728,0.362478,0.289092
AATTGCAGCAATCGAC-1,0.002276,0.002274,0.009111,0.65561,0.330729
AATTGCGTGGATTACA-1,0.000773,0.000772,0.901701,0.095982,0.000773
AATTGTGGTTGCCAAA-1,0.004467,0.004465,0.017879,0.65295,0.32024
AATTTGGGACATAGTA-1,0.000143,0.000142,0.590044,0.353915,0.055757
AATTTGGTTCCAAAGA-1,0.000371,0.000371,0.11765,0.427944,0.453664
ACAAACCATGCGTCCT-1,0.000155,0.000155,0.530207,0.469328,0.000155
ACAAACCGACAAGGCG-1,0.000348,0.000348,0.593082,0.38528,0.020942
ACAAACTCCATCAGAG-1,0.000623,0.000622,0.002492,0.61532,0.380944
ACAAAGAAGGTAGGCC-1,0.000088,0.000088,0.696912,0.094217,0.208696
ACAAAGCATGACCTAG-1,0.00092,0.000919,0.21956,0.568647,0.209954
ACAAATCGCACCGAAT-1,0.000304,0.000304,0.73386,0.000304,0.265229
ACAAATGGTAGTGTTT-1,0.001204,0.001202,0.344395,0.651994,0.001204
ACAAATTCAGATCTGA-1,0.000542,0.000541,0.445212,0.449713,0.103991
ACAACAGCATGAGCTA-1,0.00041,0.00041,0.375031,0.425064,0.199085
ACAACGGTCCCTGCGA-1,0.000089,0.000089,0.618719,0.381012,0.00009
ACAAGCAGTGCCTAGC-1,0.000059,0.000059,0.819982,0.179841,0.000059
ACAAGCTATATGGAAG-1,0.000054,0.000054,0.967071,0.000054,0.032766
ACAAGGAAATCCGCCC-1,0.000375,0.000374,0.682292,0.21804,0.098918
ACAAGGACAAGAGGTT-1,0.000168,0.000168,0.463219,0.493347,0.043097
ACAAGGATGCTTTAGG-1,0.000963,0.000962,0.003854,0.844659,0.149563
ACAAGGGCAGGCTCTG-1,0.000935,0.000933,0.234661,0.161956,0.601515
ACAAGTAATTGTAAGG-1,0.000978,0.000977,0.317716,0.392503,0.287826
ACAATAGTCGTACGTT-1,0.000025,0.000025,0.934245,0.015512,0.050194
ACAATCCATTTAAACC-1,0.000027,0.000027,0.994162,0.000027,0.005758
ACAATGAATACGGAGA-1,0.000236,0.000235,0.39922,0.600073,0.000236
ACAATGATTCTTCTAC-1,0.000985,0.000985,0.560154,0.43689,0.000986
ACAATTGTGTCTCTTT-1,0.000158,0.000157,0.99937,0.000158,0.000158
ACAATTTAGGAGGCTC-1,0.000166,0.000166,0.729289,0.200343,0.070037
ACAATTTGAGCAGTGG-1,0.000695,0.000695,0.45794,0.322756,0.217914
ACAATTTGGCCATATT-1,0.000023,0.000023,0.608812,0.377633,0.01351
ACACAAAGACGGGTGG-1,0.000103,0.000102,0.580137,0.260563,0.159096
ACACAAATATTCCTAG-1,0.000021,0.000021,0.207134,0.777943,0.014881
ACACACCAGGACCAGT-1,0.001227,0.001226,0.004911,0.737435,0.255202
ACACACTTTCTACACG-1,0.00053,0.00053,0.002122,0.86447,0.132348
ACACATGATCAAATCT-1,0.000289,0.000289,0.407216,0.591917,0.000289
ACACATTGACGCAACA-1,0.000307,0.000306,0.230157,0.612844,0.156386
ACACATTTCCGTAGAC-1,0.000406,0.000406,0.001626,0.066582,0.93098
ACACCACATAATTAGC-1,0.000934,0.000933,0.188613,0.694841,0.11468
ACACCCAGCATGCAGC-1,0.000192,0.000192,0.510523,0.464747,0.024345
ACACCCGAGAAATCCG-1,0.000147,0.000147,0.373461,0.626098,0.000147
ACACCGAGCGCTCTTT-1,0.000294,0.000293,0.61503,0.231898,0.152485
ACACCGGTCTGACCGC-1,0.000187,0.000187,0.408734,0.501241,0.089651
ACACCTTAAGTAGGGC-1,0.000311,0.000311,0.207722,0.791344,0.000312
ACACCTTACTACTTGC-1,0.000477,0.000477,0.154058,0.754757,0.090231
ACACGAGACTCCTTCT-1,0.000507,0.000506,0.611494,0.386987,0.000507
ACACGGCACTATGCAT-1,0.000993,0.000992,0.003975,0.515695,0.478344
ACACGGGAACTTAGGG-1,0.000441,0.00044,0.476945,0.521733,0.000441
ACACGTAGGCCACAAG-1,0.000228,0.000228,0.000912,0.853846,0.144786
ACACTCCAATGTCACT-1,0.000218,0.000217,0.347497,0.517396,0.134672
ACACTGATCAAGGTGT-1,0.000295,0.000295,0.381199,0.617916,0.000295
ACACTGGGACAGTCGT-1,0.001017,0.001016,0.004072,0.664254,0.329641
ACAGAACTGAGAACAA-1,0.000227,0.000227,0.619649,0.379669,0.000228
ACAGATTAGGTTAGTG-1,0.000768,0.000767,0.228476,0.635699,0.13429
ACAGCATAGAGCCAGT-1,0.000807,0.000807,0.003232,0.172584,0.822571
ACAGCGACATTCTCAT-1,0.001455,0.001454,0.204749,0.478648,0.313695
ACAGCGCACCCGCAGC-1,0.000281,0.00028,0.001123,0.000281,0.998035
ACAGGCACGGATCCTT-1,0.002409,0.002404,0.009631,0.901795,0.083762
ACAGGCTTGCCCGACT-1,0.000696,0.000695,0.264002,0.651711,0.082897
ACAGGTGGAGGTGAGG-1,0.00039,0.00039,0.317275,0.446291,0.235655
ACAGGTGTGTTGTTGC-1,0.000193,0.000193,0.837574,0.057902,0.104137
ACAGTAATACAACTTG-1,0.000054,0.000054,0.767508,0.126043,0.106341
ACAGTATACCGTGGGA-1,0.001422,0.001421,0.252082,0.743652,0.001423
ACATAAGTCGTGGTGA-1,0.000046,0.000046,0.984994,0.000046,0.014869
ACATAATAAGGCGGTG-1,0.000118,0.000118,0.622562,0.367037,0.010166
ACATACAATCAAGCGG-1,0.001317,0.001316,0.005272,0.269369,0.722726
ACATCAGCTGGGACGC-1,0.000129,0.000129,0.627132,0.362605,0.010005
ACATCCCGGCCATACG-1,0.002781,0.002781,0.011135,0.698807,0.284497
ACATCCTGGTAACTGT-1,0.000616,0.000616,0.392614,0.605537,0.000617
ACATCGATCGTTTACC-1,0.000652,0.000651,0.271441,0.485267,0.241989
ACATCGCAATATTCGG-1,0.000703,0.000702,0.13457,0.367715,0.49631
ACATCGGTCAGCCGCG-1,0.000187,0.000187,0.615537,0.383902,0.000187
ACATCGTATGCAATGG-1,0.001276,0.001277,0.219957,0.583042,0.194448
ACATCGTTAACCTAGT-1,0.0009,0.000899,0.092531,0.826016,0.079654
ACATCTCAACGCGTAA-1,0.000178,0.000178,0.398888,0.600577,0.000178
ACATGGCGCCAAAGTA-1,0.000226,0.000226,0.323412,0.505403,0.170733
ACATGGCTCAATTTAG-1,0.000386,0.000386,0.486034,0.255317,0.257877
ACATTAGTTTATATCC-1,0.000732,0.000731,0.593391,0.404414,0.000732
ACATTCGCGCGGAATA-1,0.000262,0.000262,0.001048,0.078228,0.9202
ACATTTGAAACCTAAC-1,0.002779,0.002778,0.011131,0.980528,0.002784
ACCAAACACCCAGCGA-1,0.000125,0.000125,0.353734,0.645892,0.000125
ACCAAACTAGAAATCC-1,0.000179,0.000179,0.943048,0.000179,0.056416
ACCAACACCACACACT-1,0.000699,0.000698,0.384778,0.513055,0.100769
ACCAACCGCACTCCAC-1,0.00184,0.001839,0.007366,0.455432,0.533523
ACCAACGCTTATTTAT-1,0.000511,0.00051,0.251586,0.718968,0.028425
ACCAAGAACGCGTGTC-1,0.00048,0.000479,0.053182,0.945379,0.00048
ACCAAGTCATCGGCAG-1,0.000727,0.000727,0.195448,0.212151,0.590947
ACCAATATGCAAGTTA-1,0.002197,0.002193,0.008787,0.696053,0.290769
ACCACAACTCAGAACA-1,0.001169,0.001168,0.107217,0.565631,0.324814
ACCACAAGTTTCTATC-1,0.000271,0.000271,0.56667,0.432517,0.000271
ACCACACGGTTGATGG-1,0.000472,0.000472,0.709735,0.000558,0.288763
ACCACCAATGTAACAA-1,0.000236,0.000235,0.5141,0.485193,0.000236
ACCACCCTCTCTTCTA-1,0.000267,0.000267,0.615229,0.383969,0.000268
ACCACGTGCAGCTATA-1,0.000787,0.000786,0.229085,0.000788,0.768554
ACCACTGTTCAAGAAG-1,0.000151,0.000151,0.570528,0.429019,0.000151
ACCAGACCATAACAAC-1,0.0001,0.000099,0.789536,0.097691,0.112574
ACCAGCCCGGTCTTTG-1,0.000289,0.000289,0.529538,0.469246,0.000639
ACCAGGAGTGTGATCT-1,0.000335,0.000335,0.806772,0.192222,0.000336
ACCAGTGCCCGGTCAA-1,0.000194,0.000194,0.496751,0.429046,0.073815
ACCAGTGCGGGAGACG-1,0.001191,0.001191,0.004769,0.991656,0.001193
ACCATATCCGCAATAA-1,0.000329,0.000329,0.492665,0.506347,0.00033
ACCATCCGCCAACTAG-1,0.000024,0.000024,0.935793,0.064134,0.000024
ACCATCGTATATGGTA-1,0.00017,0.00017,0.707228,0.290566,0.001866
ACCATTAAGGGTGTCA-1,0.000384,0.000384,0.558985,0.226903,0.213345
ACCCAACGCCCGTGGC-1,0.000636,0.000635,0.569896,0.428198,0.000636
ACCCACCTACATGCTC-1,0.000141,0.000141,0.785673,0.21016,0.003884
ACCCATCTTGAGGGTA-1,0.000638,0.000638,0.308194,0.547161,0.143369
ACCCATTTGTCCCTCT-1,0.002359,0.002359,0.260192,0.615722,0.119369
ACCCGAGCGAAATTAC-1,0.000173,0.000173,0.530414,0.365373,0.103868
ACCCGATTGGTTCCGA-1,0.000363,0.000362,0.581752,0.082927,0.334596
ACCCGGAAACTCCCAG-1,0.001667,0.001667,0.198106,0.569996,0.228564
ACCCGGAGCACCACAA-1,0.000818,0.000817,0.003274,0.783709,0.211382
ACCCGGATGACGCATC-1,0.000455,0.000455,0.299634,0.699002,0.000455
ACCCGGTTACACTTCC-1,0.000876,0.000874,0.610297,0.387077,0.000876
ACCCGTAGTCTAGTTG-1,0.000787,0.000787,0.190922,0.000787,0.806717
ACCCGTGTCATCAGTA-1,0.000505,0.000504,0.448276,0.326328,0.224387
ACCCTATAGGACTGAG-1,0.000079,0.000079,0.814686,0.185078,0.000079
ACCCTATGCCATATCG-1,0.000256,0.000256,0.811063,0.18817,0.000256
ACCCTCCCGTCAGGGC-1,0.002274,0.002273,0.009105,0.456235,0.530113
ACCCTCCCTTGCTATT-1,0.00118,0.001179,0.578761,0.176024,0.242855
ACCCTGGTAACGCCCT-1,0.001528,0.001525,0.310493,0.684927,0.001527
ACCCTTCATCTGCGAA-1,0.000458,0.000458,0.001835,0.568355,0.428894
ACCCTTGCCTGGGTCG-1,0.000131,0.000131,0.129885,0.869722,0.000131
ACCCTTTAGTTCTCCA-1,0.000802,0.000801,0.115794,0.592319,0.290283
ACCGAAAGGGCCCTGC-1,0.00012,0.00012,0.649037,0.325858,0.024866
ACCGAAGAGTCTGGTT-1,0.000107,0.000107,0.582387,0.351953,0.065446
ACCGACACATCTCCCA-1,0.000159,0.000159,0.938858,0.000159,0.060665
ACCGACTGAGTCCCAC-1,0.000271,0.000271,0.585653,0.305646,0.108158
ACCGAGTCTCCTTATT-1,0.001088,0.001087,0.004355,0.001089,0.99238
ACCGATAGGCATAACC-1,0.00075,0.000749,0.002999,0.994752,0.00075
ACCGATATTTAATCAT-1,0.000079,0.000079,0.269694,0.529438,0.200709
ACCGATGGTAGCATCG-1,0.000115,0.000115,0.999541,0.000115,0.000115
ACCGCAATAACTGCCT-1,0.001787,0.001786,0.007156,0.626195,0.363076
ACCGCGGTGGAAGTCG-1,0.000213,0.000212,0.365014,0.625639,0.008923
ACCGCTAGTCATTGGT-1,0.000737,0.000735,0.002947,0.994844,0.000737
ACCGGGCCTTTGTTGA-1,0.001128,0.001127,0.004514,0.992102,0.00113
ACCGGTCAGGTACACC-1,0.000134,0.000134,0.545916,0.281048,0.172767
ACCGTGACCACGTGGG-1,0.000177,0.000177,0.597025,0.402443,0.000177
ACCGTTCCCGCTCTGA-1,0.000215,0.000214,0.000859,0.000215,0.998497
ACCTAAGTACCTTTCA-1,0.000194,0.000194,0.681305,0.248039,0.070268
ACCTAATCGACTTCCT-1,0.000125,0.000125,0.677807,0.321819,0.000125
ACCTACAGTATGTGGT-1,0.000264,0.000264,0.782459,0.07198,0.145033
ACCTACTATAAATCTA-1,0.000602,0.000601,0.327145,0.671051,0.000602
ACCTCAGCGAGGCGCA-1,0.003128,0.003125,0.118183,0.00313,0.872435
ACCTCCGCCCTCGCTG-1,0.002159,0.002156,0.387352,0.606173,0.00216
ACCTCCGTTATTCACC-1,0.000201,0.000201,0.231328,0.529353,0.238916
ACCTCGAACTTATGCT-1,0.000144,0.000144,0.597068,0.291538,0.111106
ACCTGCGTGTCATGTT-1,0.000129,0.000129,0.698406,0.265176,0.03616
ACGAAATGGGCGGCAC-1,0.000052,0.000052,0.852703,0.147141,0.000052
ACGACCCATGAGTTGC-1,0.00338,0.003379,0.013542,0.976314,0.003385
ACGACTCTAGGGCCGA-1,0.000269,0.000269,0.563618,0.024695,0.411149
ACGACTGGTCATACTC-1,0.000113,0.000113,0.58953,0.410131,0.000113
ACGAGAACCCATCACG-1,0.000198,0.000198,0.212888,0.786519,0.000198
ACGAGATATTTGCTTA-1,0.000295,0.000295,0.121824,0.000295,0.877291
ACGAGGATACCACTCT-1,0.000058,0.000058,0.969671,0.000058,0.030154
ACGAGGTTTACAACGT-1,0.000141,0.000141,0.506507,0.464589,0.028623
ACGAGTACGGATGCCC-1,0.000391,0.000391,0.496577,0.44402,0.058622
ACGATACATAGAACTA-1,0.000188,0.000188,0.630237,0.321433,0.047954
ACGATACCTATCCTGA-1,0.000163,0.000163,0.663596,0.000163,0.335915
ACGATCATACATAGAG-1,0.000296,0.000296,0.552233,0.446877,0.000297
ACGATCATCTTGTAAA-1,0.000845,0.000845,0.225773,0.616501,0.156035
ACGATGCATATGTTAT-1,0.000247,0.000247,0.367388,0.631872,0.000247
ACGATGGATCCGATGC-1,0.000834,0.000834,0.081322,0.916176,0.000835
ACGCAAACTAATAGAT-1,0.000101,0.000101,0.615027,0.32783,0.056941
ACGCAATCACTACAGC-1,0.00118,0.00118,0.149539,0.846921,0.001181
ACGCATACGTTTACTA-1,0.001625,0.001623,0.111525,0.319556,0.565671
ACGCATTCGTGAGTAC-1,0.000439,0.000439,0.438953,0.470283,0.089887
ACGCCACTCGAAACAG-1,0.000436,0.000436,0.001745,0.167571,0.829812
ACGCCAGATGATTTCT-1,0.001303,0.001302,0.23391,0.762181,0.001304
ACGCCAGTGCGTTTGC-1,0.002158,0.002155,0.008632,0.656609,0.330446
ACGCCCAGCTGTCGAT-1,0.000469,0.000468,0.471156,0.527439,0.000469
ACGCCGCTAGACGACC-1,0.001738,0.001737,0.006958,0.812827,0.17674
ACGCGAAGTCAGACGA-1,0.000741,0.00074,0.627437,0.180162,0.190921
ACGCGCTACACAGGGT-1,0.00001,0.00001,0.99996,0.000011,0.00001
ACGCGGGCCAAGGACA-1,0.00046,0.00046,0.284522,0.714098,0.00046
ACGCGTTTCTTAAGAG-1,0.000213,0.000213,0.75547,0.09879,0.145314
ACGCTAGTGATACACT-1,0.000379,0.000379,0.364307,0.634555,0.000379
ACGCTGTGAGGCGTAG-1,0.000063,0.000063,0.972461,0.000063,0.027351
ACGCTTAGTGTCTCTC-1,0.000442,0.000442,0.482882,0.360218,0.156017
ACGGAACACGAGTGCC-1,0.001625,0.001623,0.006505,0.160097,0.83015
ACGGAATTTAGCAAAT-1,0.000095,0.000095,0.625511,0.352749,0.02155
ACGGACTCTCAAAGCG-1,0.000596,0.000595,0.811311,0.000596,0.186901
ACGGAGCGCAAATTAC-1,0.000626,0.000625,0.02536,0.765935,0.207454
ACGGATGGTGCGGATA-1,0.001455,0.001454,0.005824,0.388599,0.602669
ACGGCACTTGCTTGGG-1,0.001158,0.001158,0.154434,0.52916,0.314091
ACGGCCAACATGGACT-1,0.000845,0.000845,0.281186,0.716278,0.000846
ACGGCGACGATGGGAA-1,0.000532,0.000532,0.199043,0.254561,0.545332
ACGGCTGGATGTAGAA-1,0.00014,0.00014,0.545268,0.264399,0.190053
ACGGGAGTGTCGGCCC-1,0.000119,0.000119,0.650361,0.290688,0.058712
ACGGGCGTATGCGACA-1,0.002018,0.002016,0.008077,0.985869,0.00202
ACGGGTCATGTGACTT-1,0.000211,0.000211,0.694625,0.304741,0.000212
ACGGTACAGTTCAATG-1,0.0009,0.0009,0.345947,0.354486,0.297767
ACGGTCACCGAGAACA-1,0.000463,0.000463,0.337333,0.312192,0.349549
ACGTACAGATTTCTCT-1,0.001251,0.00125,0.00501,0.432461,0.560028
ACGTACTTTGGCACGG-1,0.000782,0.000781,0.305887,0.452502,0.240048
ACGTAGATTGCTGATG-1,0.000941,0.00094,0.23082,0.766357,0.000941
ACGTAGGAGAGTCGCT-1,0.000845,0.000845,0.003385,0.284,0.710925
ACGTATTACTCCGATC-1,0.000551,0.000551,0.348269,0.650077,0.000552
ACGTCTCGTTCCGGGA-1,0.000195,0.000195,0.235933,0.638087,0.12559
ACGTGACAAAGTAAGT-1,0.00006,0.00006,0.809804,0.00006,0.190017
ACGTGCGCCTCGTGCA-1,0.001987,0.001984,0.007951,0.779001,0.209078
ACGTGGTCGAATGTGC-1,0.00038,0.00038,0.570152,0.428707,0.000381
ACGTTAATGTCGAAGA-1,0.001118,0.001116,0.004473,0.751215,0.242078
ACGTTAGATTTGCCCG-1,0.000151,0.000151,0.627286,0.37226,0.000151
ACGTTATTGGTCACTC-1,0.000114,0.000114,0.736291,0.263367,0.000114
ACGTTCACTATGCCGC-1,0.000622,0.000622,0.205127,0.726514,0.067114
ACGTTCCGCGCTCCGT-1,0.000222,0.000222,0.465905,0.533429,0.000222
ACGTTCGCAATCAATT-1,0.000064,0.000064,0.88484,0.000064,0.114967
ACGTTCGTTCAGGAAA-1,0.000109,0.000109,0.588064,0.398322,0.013396
ACGTTCTGTACAAGTC-1,0.001238,0.001238,0.104491,0.433145,0.459889
ACGTTGTCGTTGAAAG-1,0.000736,0.000735,0.002946,0.812049,0.183534
ACGTTTAGTTGTGATC-1,0.001455,0.001454,0.005825,0.964618,0.026649
ACTAAGGACGCACACC-1,0.00028,0.00028,0.537085,0.462074,0.000281
ACTAATACGTCAGGCG-1,0.000367,0.000367,0.244315,0.754584,0.000367
ACTACAAAGAGAGGTG-1,0.000574,0.000573,0.002297,0.880232,0.116323
ACTACATCCCGACAAG-1,0.000109,0.000109,0.652048,0.179914,0.16782
ACTACCAGCTCTCTGG-1,0.000343,0.000343,0.686173,0.312798,0.000343
ACTACCATCCGAGGGC-1,0.000754,0.000753,0.003017,0.448369,0.547107
ACTACGCGTTAGAATT-1,0.000241,0.000241,0.350412,0.452101,0.197005
ACTAGTTGCGATCGTC-1,0.000273,0.000273,0.205069,0.652036,0.142349
ACTATATGCTGTGTTC-1,0.000378,0.000378,0.125918,0.872948,0.000378
ACTATCCAGGGCATGG-1,0.000511,0.00051,0.132555,0.759929,0.106496
ACTATCGCCGGCTAAA-1,0.000203,0.000202,0.449314,0.550079,0.000203
ACTATCTGCCCGCGTA-1,0.003909,0.003907,0.293877,0.694393,0.003915
ACTATGTCCAGCTGCC-1,0.000137,0.000137,0.4479,0.380138,0.171689
ACTATTCGTCCGTGGT-1,0.000684,0.000683,0.202306,0.795643,0.000684
ACTATTTCCGGGCCCA-1,0.000102,0.000102,0.826548,0.079885,0.093363
ACTCAACGAATGTATT-1,0.000193,0.000193,0.355973,0.598107,0.045534
ACTCAAGTGCAAGGCT-1,0.001061,0.001059,0.401696,0.300013,0.296171
ACTCAATAAAGGCACG-1,0.000211,0.000211,0.479978,0.433714,0.085886
ACTCAGACCTGCTTCT-1,0.000304,0.000303,0.569967,0.371419,0.058007
ACTCATGGCAGCCTTC-1,0.000366,0.000366,0.328218,0.583417,0.087634
ACTCCAATATCATCAT-1,0.000528,0.000528,0.56598,0.432437,0.000528
ACTCCCATTCCTAAAG-1,0.00011,0.00011,0.695135,0.201878,0.102767
ACTCCCGAATTCGTTT-1,0.000535,0.000534,0.130563,0.867833,0.000535
ACTCCCGTAGACTAGG-1,0.000099,0.000099,0.000397,0.999305,0.000099
ACTCCCTAATGCTAAA-1,0.001098,0.001097,0.004394,0.628834,0.364577
ACTCCCTAGAATAGTA-1,0.001052,0.001051,0.231711,0.488236,0.277951
ACTCCGGCCGACCACT-1,0.000834,0.000834,0.375786,0.364025,0.258522
ACTCGATGTATTTCAT-1,0.000189,0.000189,0.725555,0.163481,0.110585
ACTCGCCGTTCGATAA-1,0.000782,0.000781,0.00313,0.194183,0.801123
ACTCGCGATCTGACGC-1,0.000028,0.000028,0.051848,0.631928,0.316168
ACTCGTAACCCGTCCT-1,0.000135,0.000135,0.878375,0.042504,0.078851
ACTCGTCAGTAATCCC-1,0.002018,0.002016,0.223787,0.770158,0.00202
ACTCTAAACCTGGGAT-1,0.000149,0.000149,0.647908,0.182535,0.16926
ACTCTCTGACTTAGGT-1,0.000365,0.000365,0.903051,0.095854,0.000365
ACTCTCTTATACACGA-1,0.001148,0.001147,0.178885,0.692083,0.126738
ACTCTGACCTAATAGA-1,0.001052,0.001051,0.300767,0.542387,0.154743
ACTCTTCAGCTCCCGC-1,0.000036,0.000035,0.000142,0.807786,0.192001
ACTCTTGTATAGTAAC-1,0.00092,0.000919,0.494624,0.502616,0.000921
ACTGAAACGCCGTTAG-1,0.000673,0.000672,0.307106,0.590191,0.101358
ACTGAATGGCGAAAGT-1,0.001317,0.001316,0.144019,0.661338,0.19201
ACTGATTTAGTGATTC-1,0.000325,0.000325,0.329979,0.669046,0.000325
ACTGCCCGCCATTCTC-1,0.000142,0.000141,0.931058,0.000142,0.068518
ACTGCCGTCGTAACTC-1,0.001896,0.001895,0.007593,0.757133,0.231483
ACTGCGGACACACCGT-1,0.000619,0.000619,0.098814,0.899328,0.00062
ACTGCTCGGAAGGATG-1,0.00016,0.00016,0.501011,0.498509,0.00016
ACTGGCGAACCTGCGT-1,0.000383,0.000382,0.469705,0.529147,0.000383
ACTGGGATGCCAGTGC-1,0.000617,0.000616,0.089228,0.750229,0.15931
ACTGTACGATACACAT-1,0.001097,0.001097,0.441383,0.492617,0.063806
ACTGTAGCACTTTGGA-1,0.000287,0.000287,0.346946,0.652193,0.000287
ACTGTATACGCGAGCA-1,0.00014,0.00014,0.644536,0.292378,0.062806
ACTGTCCAGGATTATA-1,0.000432,0.000431,0.256389,0.742317,0.000432
ACTGTCTTCTTTAGAA-1,0.00043,0.00043,0.332413,0.666297,0.00043
ACTGTGCTAGTAGATC-1,0.000191,0.00019,0.758234,0.143804,0.097581
ACTGTTTAGTGTAGGC-1,0.000858,0.000856,0.748171,0.249255,0.00086
ACTTACCGGGCGCGCA-1,0.000417,0.000417,0.278994,0.719755,0.000417
ACTTACGCATCCACGC-1,0.00212,0.002119,0.278719,0.714919,0.002122
ACTTAGTACGACAAGA-1,0.000094,0.000094,0.993455,0.000094,0.006264
ACTTATACTTACCCGG-1,0.001764,0.001761,0.007053,0.987657,0.001765
ACTTATTAGGATCGGT-1,0.001138,0.001137,0.221735,0.774852,0.001139
ACTTATTTATGTGCCA-1,0.001169,0.001168,0.004682,0.858764,0.134216
ACTTCAGGCTGATCCC-1,0.00036,0.000359,0.528563,0.00036,0.470358
ACTTCCAGTGGAAGCT-1,0.000234,0.000234,0.560922,0.290105,0.148505
ACTTCCATGCGGGACA-1,0.001117,0.001116,0.004473,0.797665,0.195629
ACTTCGCCATACGCAC-1,0.000303,0.000303,0.617293,0.362311,0.01979
ACTTCGCTAGCGAGTG-1,0.000022,0.000022,0.570793,0.275811,0.153353
ACTTGACTCCCTCTTT-1,0.001564,0.001563,0.006262,0.635459,0.355152
ACTTGCCATATTGTAC-1,0.000154,0.000153,0.84577,0.114841,0.039083
ACTTGGGACCCGGTGG-1,0.000099,0.000099,0.858268,0.124028,0.017507
ACTTGGGCTTTCGCCA-1,0.000993,0.000992,0.387899,0.000994,0.609122
ACTTGTAGTCCCTTCA-1,0.000066,0.000066,0.746368,0.232992,0.020508
ACTTGTGGATGGAACG-1,0.000863,0.000862,0.639428,0.279103,0.079744
ACTTGTTACCGGATCA-1,0.00129,0.001289,0.005162,0.687585,0.304674
ACTTTACCCTCATGAA-1,0.000384,0.000383,0.406574,0.592275,0.000384
ACTTTCCTATAGCTTC-1,0.000413,0.000413,0.362234,0.636527,0.000413
ACTTTGACTGCATCCT-1,0.000034,0.000034,0.883609,0.112371,0.003952
ACTTTGGTCGTGCTCC-1,0.000273,0.000273,0.580059,0.410695,0.0087
ACTTTGTCGACGCACT-1,0.00025,0.00025,0.035803,0.795063,0.168635
AGAAATTATGACTCGC-1,0.001001,0.001,0.004007,0.979051,0.014941
AGAACCCAGCGTGACA-1,0.000019,0.000019,0.031815,0.378724,0.589423
AGAACCCTCAATTGGG-1,0.000131,0.000131,0.753072,0.212556,0.034109
AGAACGTGGTACATTC-1,0.000289,0.000289,0.42204,0.577093,0.000289
AGAACTGTACTTTGTA-1,0.001437,0.001437,0.031951,0.615644,0.34953
AGAAGAGCGCCGTTCC-1,0.0125,0.012503,0.050048,0.912436,0.012512
AGAAGGTACACTTCAC-1,0.000156,0.000156,0.419202,0.580331,0.000156
AGAAGGTTGCCGAATT-1,0.000196,0.000196,0.685022,0.234916,0.079669
AGAAGGTTGTAGGTCG-1,0.001107,0.001106,0.004432,0.545559,0.447796
AGAAGTGATTCGTGAT-1,0.000167,0.000167,0.658758,0.340741,0.000167
AGAATAAATCTTCAGG-1,0.000022,0.000022,0.967593,0.000022,0.03234
AGAATACAGGCTATCC-1,0.000715,0.000714,0.002862,0.203195,0.792514
AGAATGCGGGTTCGGA-1,0.000264,0.000264,0.001059,0.998147,0.000265
AGAATTATGGATTCGA-1,0.000325,0.000325,0.317527,0.681498,0.000325
AGAATTGTTTGACATA-1,0.000298,0.000298,0.614884,0.230136,0.154382
AGACAGCTCAGAATCC-1,0.000168,0.000168,0.769712,0.219752,0.010201
AGACAGGCATCTCAGC-1,0.000096,0.000096,0.049151,0.672555,0.278103
AGACATAGATCCTTCC-1,0.000302,0.000302,0.507487,0.461261,0.030648
AGACCAAACCACACCT-1,0.000082,0.000082,0.700817,0.209762,0.089257
AGACCATGGGATACAA-1,0.00009,0.00009,0.482805,0.516924,0.00009
AGACCCACCGCTGATC-1,0.000242,0.000242,0.33774,0.469374,0.192401
AGACCCGCCCTCCTCG-1,0.0001,0.0001,0.9996,0.0001,0.0001
AGACCGCTCCGCGGTT-1,0.001159,0.001158,0.39148,0.513307,0.092897
AGACCGGGAAACCCTG-1,0.000039,0.000039,0.754354,0.179402,0.066165
AGACGAAGTGCCGGTC-1,0.00129,0.001289,0.005166,0.58119,0.411066
AGACGACGATGCCGCT-1,0.0003,0.0003,0.35084,0.609308,0.039251
AGACGCCCACTTCGCC-1,0.002238,0.002235,0.008945,0.84192,0.144662
AGACGGGATTGGTATA-1,0.000479,0.000479,0.614257,0.384305,0.00048
AGACGGGCCGATTTAA-1,0.000383,0.000382,0.210611,0.788241,0.000383
AGACTAGCCTTCCAGA-1,0.000299,0.000298,0.707533,0.175681,0.116189
AGACTGTTACCGGGTC-1,0.000138,0.000138,0.691291,0.308294,0.000139
AGAGAAACACCAGAAA-1,0.000192,0.000192,0.583968,0.373711,0.041937
AGAGAACCGTCTAGGA-1,0.000308,0.000307,0.53906,0.405426,0.0549
AGAGAAGGAGTACAAT-1,0.000227,0.000227,0.331626,0.639068,0.028851
AGAGATCTCTAAAGCG-1,0.000051,0.000051,0.843074,0.093318,0.063507
AGAGCAGTTATGAGAC-1,0.000019,0.000019,0.940155,0.059788,0.000019
AGAGCCGCCGAGATTT-1,0.000237,0.000237,0.00095,0.875546,0.123029
AGAGCGCTTGTAACGG-1,0.000237,0.000237,0.269903,0.687352,0.042271
AGAGCGGGCTAATCAT-1,0.000122,0.000122,0.865711,0.000122,0.133924
AGAGCGTACAAGCTCG-1,0.000173,0.000173,0.537164,0.462317,0.000173
AGAGCTACGAAAGCAT-1,0.000073,0.000073,0.712437,0.251634,0.035783
AGAGGCTTCGGAAACC-1,0.000731,0.000731,0.217261,0.724134,0.057143
AGAGGTATCTCGGTCC-1,0.000619,0.000619,0.669045,0.329097,0.00062
AGAGTAAACTTCACTA-1,0.000695,0.000695,0.233895,0.76402,0.000696
AGAGTATAGTGTTACG-1,0.000192,0.000191,0.601447,0.365277,0.032893
AGAGTTAGAGACCGAT-1,0.001034,0.001034,0.184523,0.550703,0.262707
AGAGTTGCAGGCCTCC-1,0.000097,0.000097,0.453226,0.486489,0.06009
AGATAACTTCAGGGCC-1,0.000148,0.000147,0.52223,0.436869,0.040607
AGATACCAATAGAACC-1,0.000469,0.000468,0.636991,0.14796,0.214113
AGATACCAGCACTTCA-1,0.000189,0.000189,0.398084,0.601348,0.000189
AGATACCGGTGTTCAC-1,0.000125,0.000125,0.709736,0.289888,0.000125
AGATACGACTTCATAT-1,0.000285,0.000285,0.616577,0.138984,0.243869
AGATACTCAAGATCGA-1,0.00291,0.002907,0.011652,0.584584,0.397947
AGATATAATACGACTA-1,0.000823,0.000823,0.169451,0.367162,0.461741
AGATCGTGCATAAGAT-1,0.000224,0.000224,0.348969,0.496551,0.154032
AGATCTCAGGTGTGAT-1,0.000405,0.000405,0.351988,0.646797,0.000405
AGATGACTCGCCCACG-1,0.000261,0.00026,0.392139,0.607079,0.000261
AGATGAGGGTTGCGAT-1,0.00017,0.00017,0.380418,0.619072,0.00017
AGATGATGGAGTCTGG-1,0.000227,0.000227,0.118348,0.81705,0.064149
AGATGCAAGACGTGCA-1,0.000221,0.000221,0.719174,0.280161,0.000222
AGATGCATCCTGTGTC-1,0.000108,0.000108,0.792012,0.038839,0.168932
AGATGCTATAACGAGC-1,0.000223,0.000223,0.457245,0.542085,0.000224
AGATTATAGGACGTTT-1,0.000246,0.000246,0.862849,0.08692,0.049738
AGATTCACAACCGATA-1,0.000091,0.000091,0.527044,0.435869,0.036905
AGCAAAGGCCGCTAGT-1,0.00068,0.000679,0.080722,0.698919,0.218999
AGCAACATATCTTATT-1,0.001438,0.001437,0.005757,0.989929,0.001439
AGCAACCGAAAGTAAT-1,0.000139,0.000139,0.613415,0.386167,0.00014
AGCACACGTTTAGACT-1,0.000114,0.000114,0.853471,0.000114,0.146188
AGCACCAGTACTCACG-1,0.000143,0.000143,0.517109,0.482461,0.000143
AGCACTACCGGCCTGT-1,0.000042,0.000042,0.964075,0.035799,0.000042
AGCACTACCTCACCAG-1,0.000386,0.000386,0.251197,0.340038,0.407992
