Barcode,Topic 1to4,Topic 5,Topic 6,Topic 7to8,Topic 9,Topic 10
AAACAACGAATAGTTC-1,0.420646,0.006252,0.006252,0.012504,0.548095,0.006252
AAACAAGTATCTCCCA-1,0.371421,0.003969,0.228629,0.392118,0.001006,0.002858
AAACAATCTACTAGCA-1,0.000093,0.110337,0.047698,0.165214,0.000023,0.676635
AAACACCAATAACTGC-1,0.7838,0.003967,0.057717,0.10835,0.031069,0.015098
AAACAGAGCGACTCCT-1,0.375693,0.000051,0.019592,0.088654,0.381676,0.134335
AAACAGCTTTCAGAAG-1,0.108982,0.020435,0.325148,0.417473,0.046344,0.081617
AAACAGGGTCTATATT-1,0.036248,0.143056,0.292228,0.499872,0.028,0.000596
AAACATGGTGAGAGGA-1,0.246994,0.041771,0.081906,0.560489,0.03472,0.034121
AAACATTTCCCGGATT-1,0.24733,0.026711,0.253817,0.472024,0.000032,0.000087
AAACCACTACACAGAT-1,0.415695,0.001238,0.198074,0.098378,0.213361,0.073253
AAACCCGAACGAAATC-1,0.339387,0.024975,0.067565,0.537008,0.013173,0.017892
AAACCGGAAATGTTAA-1,0.328081,0.102467,0.088463,0.170605,0.000053,0.310332
AAACCGGGTAGGTACC-1,0.236142,0.23664,0.076689,0.450466,0.000031,0.000031
AAACCGTTCGTCCAGG-1,0.002093,0.05214,0.060912,0.06421,0.820344,0.0003
AAACCTCATGAAGTTG-1,0.512184,0.024725,0.038999,0.424059,0.000016,0.000016
AAACGAAGAACATACC-1,0.254821,0.028574,0.232228,0.415748,0.001927,0.066703
AAACGAAGATGGAGTA-1,0.036287,0.006426,0.005429,0.924828,0.027017,0.000014
AAACGACAGTCTTGCC-1,0.282374,0.000703,0.283452,0.212344,0.075261,0.145866
AAACGAGACGGTTGAT-1,0.130221,0.015513,0.141218,0.464665,0.086892,0.161491
AAACGCTGGGCACGAC-1,0.127942,0.423798,0.000386,0.098473,0.000386,0.349014
AAACGGGTTGGTATCC-1,0.000314,0.999294,0.000078,0.000157,0.000078,0.000078
AAACGTGTTCGCCCTA-1,0.265631,0.009763,0.333213,0.337767,0.035394,0.018233
AAACTAACGTGGCGAC-1,0.056606,0.010719,0.409316,0.018902,0.480032,0.024425
AAACTCGTGATATAAG-1,0.518139,0.03338,0.041873,0.270171,0.023721,0.112716
AAACTTAATTGCACGC-1,0.58997,0.002164,0.10293,0.25186,0.031026,0.022051
AAACTTGCAAACGTAT-1,0.254758,0.025935,0.074541,0.630472,0.010089,0.004203
AAAGAATGACCTTAGA-1,0.26177,0.001882,0.008902,0.718381,0.009058,0.000007
AAAGAATGTGGACTAA-1,0.000486,0.389463,0.253025,0.048034,0.000122,0.308871
AAAGACCCAAGTCGCG-1,0.60914,0.01933,0.112108,0.218144,0.018714,0.022564
AAAGACTGGGCGCTTT-1,0.773482,0.009505,0.089916,0.123972,0.000009,0.003116
AAAGCTTGCCTACATA-1,0.060419,0.014927,0.287826,0.581312,0.030639,0.024877
AAAGGGATGTAGCAAG-1,0.093035,0.100981,0.617637,0.184632,0.000041,0.003674
AAAGGGCAGCTTGAAT-1,0.365167,0.036281,0.220951,0.342394,0.010771,0.024436
AAAGGTAAGCTGTACC-1,0.080595,0.000019,0.381268,0.014385,0.442248,0.081485
AAAGTAGCATTGCTCA-1,0.379672,0.006667,0.222724,0.367962,0.012843,0.010132
AAAGTCACTGATGTAA-1,0.729962,0.014578,0.083793,0.116037,0.049501,0.006129
AAAGTCGACCCTCAGT-1,0.335233,0.062598,0.05864,0.520794,0.017601,0.005134
AAAGTGCCATCAATTA-1,0.00241,0.816008,0.04976,0.001205,0.130013,0.000603
AAAGTGTGATTTATCT-1,0.338632,0.074737,0.038798,0.272561,0.128792,0.146479
AAAGTTGACTCCCGTA-1,0.090242,0.009091,0.532555,0.362872,0.000034,0.005207
AAATAACCATACGGGA-1,0.007532,0.122372,0.643725,0.079717,0.105622,0.041032
AAATAAGGTAGTGCCC-1,0.093485,0.054035,0.234734,0.616082,0.000019,0.001644
AAATAGCTTAGACTTT-1,0.994146,0.000009,0.000009,0.000019,0.000009,0.005808
AAATCACTCCTAAACG-1,0.061174,0.249468,0.561687,0.008347,0.119295,0.00003
AAATCGCGGAAGGAGT-1,0.000049,0.029569,0.000406,0.969951,0.000012,0.000012
AAATCGTGTACCACAA-1,0.020474,0.160294,0.735091,0.016405,0.053827,0.013909
AAATCTAGCCCTGCTA-1,0.398552,0.17889,0.17166,0.244633,0.000016,0.006248
AAATCTGCCCGCGTCC-1,0.074576,0.000015,0.20695,0.718427,0.000018,0.000015
AAATGATTCGATCAGC-1,0.11143,0.102807,0.37874,0.398496,0.000041,0.008486
AAATGCTCGTTACGTT-1,0.144477,0.27628,0.23004,0.343418,0.00008,0.005705
AAATGGCATGTCTTGT-1,0.018129,0.017125,0.00607,0.381714,0.064627,0.512335
AAATGGCCCGTGCCCT-1,0.090804,0.060464,0.150722,0.639172,0.002337,0.056501
AAATGGTCAATGTGCC-1,0.478518,0.003951,0.162227,0.355258,0.000023,0.000023
AAATGTATCTTATCCC-1,0.140907,0.124223,0.000116,0.734521,0.000116,0.000116
AAATGTGGGTGCTCCT-1,0.000737,0.403066,0.37722,0.159449,0.059344,0.000184
AAATTAACGGGTAGCT-1,0.128538,0.018651,0.528328,0.316752,0.00763,0.000102
AAATTAATAAGCGCGA-1,0.266032,0.116916,0.000092,0.616936,0.000012,0.000012
AAATTACACGACTCTG-1,0.038098,0.062555,0.728686,0.123058,0.044176,0.003427
AAATTACCTATCGATG-1,0.031149,0.031048,0.704597,0.233118,0.000045,0.000045
AAATTCCAGGTCCAAA-1,0.076217,0.147629,0.230858,0.52924,0.000015,0.01604
AAATTGATAGTCCTTT-1,0.521463,0.046553,0.295985,0.131427,0.002364,0.002209
AAATTGCGGCGGTTCT-1,0.000127,0.89081,0.000032,0.000063,0.000032,0.108936
AAATTGGTGAGAAGCA-1,0.93543,0.027228,0.011277,0.018502,0.007551,0.000012
AAATTTGCGGGTGTGG-1,0.128527,0.298075,0.117652,0.450781,0.000021,0.004943
AACAACTGGTAGTTGC-1,0.255545,0.021506,0.495407,0.215075,0.000023,0.012444
AACAATTACTCTACGC-1,0.296114,0.030141,0.164612,0.496985,0.011408,0.00074
AACACACGCTCGCCGC-1,0.286018,0.017798,0.393966,0.268196,0.000025,0.033997
AACACGACTGTACTGA-1,0.163683,0.016117,0.261228,0.536496,0.001199,0.021275
AACACGAGACGCGGCC-1,0.187959,0.037587,0.147221,0.598216,0.000022,0.028997
AACACGCGGCCGCGAA-1,0.0019,0.993722,0.000021,0.000042,0.004294,0.000021
AACAGCTGTGTGGCAA-1,0.411026,0.045918,0.256553,0.241642,0.035389,0.009472
AACAGGAAATCGAATA-1,0.04513,0.003282,0.618442,0.258222,0.069549,0.005375
AACAGGATGGGCCGCG-1,0.04998,0.393666,0.213062,0.330879,0.011611,0.000804
AACAGGTAGTATGGAT-1,0.815304,0.000043,0.04225,0.086326,0.018141,0.037935
AACATATCAACTGGTG-1,0.037666,0.15725,0.412685,0.392322,0.000038,0.000038
AACATCGATACGTCTA-1,0.144873,0.089214,0.30054,0.19568,0.000033,0.269659
AACATTGGTCAGCCGT-1,0.315607,0.655336,0.00009,0.028787,0.00009,0.00009
AACCAAGACTTCTCTG-1,0.451489,0.04425,0.042883,0.453446,0.005466,0.002467
AACCATAGGGTTGAAC-1,0.989297,0.000004,0.000004,0.001423,0.007295,0.001977
AACCATGGGATCGCTA-1,0.385591,0.125888,0.236111,0.063221,0.000023,0.189166
AACCCAGAGACGGAGA-1,0.966699,0.00025,0.015646,0.001997,0.000172,0.015235
AACCCATCCCATGATC-1,0.012366,0.032679,0.167,0.553059,0.046232,0.188665
AACCCGAGCAGAATCG-1,0.465143,0.112945,0.256717,0.161318,0.001715,0.002162
AACCCGATAGGGCTTC-1,0.32868,0.036279,0.285636,0.175346,0.063952,0.110107
AACCCTACTGTCAATA-1,0.153076,0.176922,0.487511,0.117763,0.000022,0.064706
AACCCTGGTGGAACCA-1,0.135583,0.035408,0.074764,0.436684,0.02797,0.289591
AACCGAGCTTGGTCAT-1,0.006507,0.061155,0.251331,0.655336,0.019519,0.006152
AACCGCTAAGGGATGC-1,0.108738,0.087412,0.407618,0.374185,0.000031,0.022016
AACCGTTGTGTTTGCT-1,0.148349,0.073438,0.482316,0.217191,0.020661,0.058044
AACCTAAAGCCGTCCG-1,0.821274,0.075477,0.004329,0.013072,0.011471,0.074376
AACCTGTCACGGAATT-1,0.283184,0.019995,0.193018,0.500989,0.000971,0.001843
AACCTTTACGACGTCT-1,0.00222,0.005577,0.001191,0.048923,0.919454,0.022635
AACGAAAGTCGTCCCA-1,0.162128,0.087455,0.064775,0.603552,0.04202,0.040069
AACGACCTCCTAGCCG-1,0.003796,0.846886,0.048286,0.000175,0.000088,0.100769
AACGATAGAAGGGCCG-1,0.45658,0.018947,0.074897,0.388692,0.025313,0.035571
AACGATATGTCAACTG-1,0.017395,0.123603,0.013441,0.406045,0.097693,0.341824
AACGCATGATCTGGGT-1,0.107113,0.045171,0.593773,0.253823,0.000059,0.000061
AACGCGAACGGCAACA-1,0.000122,0.39254,0.00003,0.532514,0.00003,0.074763
AACGCGGTCTCCAGCC-1,0.037332,0.000032,0.759497,0.000065,0.19911,0.003964
AACGCTGTTGCTGAAA-1,0.243015,0.281192,0.244808,0.123985,0.048665,0.058335
AACGGACGTACGTATA-1,0.347031,0.364931,0.176,0.058182,0.007799,0.046057
AACGGCCATCTCCGGT-1,0.200344,0.048307,0.267167,0.46522,0.010003,0.008959
AACGTACTGTGGGTAC-1,0.043725,0.008945,0.379224,0.568026,0.00004,0.00004
AACGTAGTCTACCCAT-1,0.051941,0.495418,0.289784,0.114211,0.000052,0.048593
AACGTCAGACTAGTGG-1,0.450341,0.043836,0.201737,0.263772,0.002264,0.038051
AACGTCGCTGCACTTC-1,0.000716,0.607047,0.000179,0.000358,0.000179,0.391522
AACGTGCGAAAGTCTC-1,0.044408,0.021346,0.048146,0.845559,0.004958,0.035584
AACGTTATCAGCACCT-1,0.431663,0.114628,0.188498,0.22197,0.025118,0.018122
AACGTTCTACCATTGT-1,0.091316,0.63567,0.166469,0.103493,0.000148,0.002903
AACTACCCGTTTGTCA-1,0.290363,0.024033,0.280896,0.399493,0.000016,0.005197
AACTAGCGTATCGCAC-1,0.033175,0.499753,0.056814,0.41012,0.000069,0.000069
AACTCAAGTTAATTGC-1,0.434801,0.016132,0.261294,0.286527,0.000016,0.00123
AACTCCAGAGCGTGTT-1,0.212995,0.113282,0.234715,0.436825,0.00005,0.002132
AACTCCTAATCCCATG-1,0.266938,0.018137,0.5204,0.153502,0.040988,0.000035
AACTCGATAAACACGT-1,0.037879,0.866867,0.000037,0.000074,0.000037,0.095105
AACTCGATGGCGCAGT-1,0.036465,0.245312,0.25532,0.462789,0.000057,0.000057
AACTCTCAATAGAGCG-1,0.05561,0.006001,0.408124,0.530195,0.000035,0.000035
AACTCTCAGTGTGCTC-1,0.040329,0.043206,0.290645,0.217247,0.338788,0.069786
AACTGAGGTCAGCGTC-1,0.114367,0.061973,0.565491,0.083365,0.129122,0.045682
AACTGAGTTATACTGA-1,0.798828,0.179985,0.001306,0.00011,0.000055,0.019716
AACTGATATTAGGCCT-1,0.109372,0.132582,0.632059,0.107655,0.003065,0.015266
AACTGGGTCCCGACGT-1,0.000107,0.000027,0.785269,0.003506,0.208064,0.003028
AACTGGTGTGGGCCTT-1,0.10697,0.089723,0.314537,0.061445,0.000026,0.4273
AACTTCTGCGTCTATC-1,0.554304,0.016806,0.016257,0.105325,0.000439,0.30687
AACTTGCCCGTATGCA-1,0.262968,0.080753,0.05401,0.602242,0.000014,0.000014
AACTTGCGTTCTCGCG-1,0.101857,0.373367,0.080955,0.441181,0.000041,0.002599
AACTTTACGGGAGCTT-1,0.399661,0.250785,0.035492,0.299975,0.011288,0.002799
AACTTTAGCTGCTGAG-1,0.052363,0.562031,0.167084,0.207476,0.006309,0.004736
AACTTTCTCGATCATG-1,0.074051,0.163751,0.300493,0.375958,0.000027,0.08572
AAGAAATCACCAGATT-1,0.029449,0.015282,0.158822,0.731458,0.023283,0.041706
AAGAAGGATCAGTTAG-1,0.447909,0.160729,0.031429,0.341322,0.003716,0.014895
AAGACATACGTGGTTT-1,0.245334,0.235609,0.169093,0.34974,0.000112,0.000112
AAGACCAAATAACTCA-1,0.068767,0.004854,0.007292,0.894651,0.024425,0.000011
AAGACTAACCCGTTGT-1,0.000219,0.890035,0.066216,0.04342,0.000055,0.000055
AAGACTGCAAGCTACT-1,0.070235,0.085118,0.265579,0.464542,0.078534,0.035993
AAGAGATGAATCGGTA-1,0.532663,0.013398,0.064341,0.386012,0.002683,0.000902
AAGAGGATGTACGCGA-1,0.283183,0.058703,0.280216,0.375235,0.000022,0.002642
AAGAGGCATGGATCGC-1,0.11699,0.012266,0.162134,0.367089,0.121271,0.220249
AAGAGGCCCTTTGGAA-1,0.825794,0.039671,0.051817,0.015765,0.000011,0.066942
AAGATTGGCGGAACGT-1,0.000107,0.000027,0.793589,0.054467,0.14723,0.004579
AAGCCGAAGCGGTTTA-1,0.588714,0.070129,0.055239,0.26655,0.012955,0.006413
AAGCCGCTTTACCTTG-1,0.001576,0.034899,0.289961,0.612592,0.060205,0.000767
AAGCCGGAGAGCAGGA-1,0.205654,0.538016,0.192508,0.039819,0.000122,0.02388
AAGCGGAGTGCGCGCA-1,0.463558,0.082683,0.101127,0.246502,0.017931,0.088199
AAGCGGCGTCATGGGT-1,0.526238,0.122128,0.027973,0.287723,0.025222,0.010715
AAGCGTCCCTCATCGA-1,0.017008,0.029909,0.120315,0.105984,0.695175,0.031608
AAGCTATGGATTGACC-1,0.751515,0.000014,0.028845,0.087826,0.020961,0.11084
AAGCTCGTGCCAAGTC-1,0.078168,0.125877,0.015138,0.774849,0.005943,0.000024
AAGGAGAACTTATAAG-1,0.00056,0.35451,0.107826,0.536824,0.00014,0.00014
AAGGAGCGGTTGGTGC-1,0.246964,0.028095,0.265128,0.415677,0.031965,0.012171
AAGGATCGATCGCTTG-1,0.305761,0.044311,0.172712,0.465942,0.004962,0.006312
AAGGATGAGGGACCTC-1,0.000139,0.015719,0.741553,0.208561,0.033994,0.000035
AAGGCAGGCTGTCTCC-1,0.291267,0.008395,0.082958,0.478629,0.012261,0.12649
AAGGCGCGTAAAGCTT-1,0.067948,0.004824,0.399468,0.517493,0.010251,0.000016
AAGGCTGTGCTCATCG-1,0.266452,0.033474,0.257671,0.433666,0.000022,0.008715
AAGGGAACGACTGGCT-1,0.776199,0.044511,0.110817,0.056861,0.004953,0.006658
AAGGGACAGATTCTGT-1,0.032098,0.007454,0.63566,0.324693,0.000047,0.000047
AAGGGACTATGCATTC-1,0.659911,0.03228,0.204478,0.054534,0.015042,0.033755
AAGGGTTAGCCATGCG-1,0.06219,0.550354,0.312919,0.012321,0.0001,0.062116
AAGGGTTTGATTTCAG-1,0.017672,0.01823,0.03757,0.922326,0.004177,0.000024
AAGGTATCCTAATATA-1,0.078488,0.028513,0.212761,0.290962,0.256172,0.133104
AAGGTGATAAACCAGC-1,0.073268,0.034294,0.42609,0.399109,0.014786,0.052453
AAGTAAGCTTCCAAAC-1,0.22917,0.684211,0.010072,0.000066,0.000033,0.076449
AAGTAGAAGACCGGGT-1,0.172032,0.036898,0.349626,0.419924,0.001865,0.019654
AAGTAGTGACGCGAGG-1,0.209448,0.037302,0.113797,0.618656,0.005333,0.015465
AAGTCAATTGTCGTCA-1,0.687849,0.000166,0.000166,0.229052,0.022001,0.060765
AAGTCTAGTAGCTGCC-1,0.08811,0.124711,0.250105,0.492562,0.032406,0.012107
AAGTCTTCTGTGGCCT-1,0.274711,0.186372,0.043219,0.491864,0.000012,0.003822
AAGTGACGACCGAATT-1,0.320269,0.003098,0.097398,0.552,0.000044,0.027191
AAGTGCAAAGGTAGAC-1,0.119788,0.231774,0.27929,0.369073,0.000037,0.000037
AAGTGCCTTGACTGTA-1,0.201698,0.187689,0.373909,0.198197,0.000036,0.038471
AAGTGCGTTAGAATCT-1,0.456866,0.031266,0.085228,0.411782,0.002565,0.012293
AAGTTCAGTCTGCGTA-1,0.385808,0.03289,0.261195,0.270731,0.024852,0.024525
AAGTTCGGCCAACAGG-1,0.070016,0.045644,0.245715,0.604448,0.034155,0.000021
AAGTTGTGATGTTATA-1,0.343774,0.372246,0.210012,0.000385,0.04275,0.030833
AAGTTTACTAATGGCA-1,0.167311,0.107851,0.02825,0.69247,0.000105,0.004013
AATAACAACGCTCGGC-1,0.212555,0.029472,0.149473,0.59355,0.000014,0.014936
AATAACACTAGAACAA-1,0.818839,0.046308,0.029205,0.08542,0.01357,0.006658
AATAACGTCGCGCCCA-1,0.000406,0.587581,0.168461,0.000203,0.000102,0.243248
AATAAGTCCTCGAGAC-1,0.089565,0.097293,0.002173,0.397652,0.002096,0.411222
AATAATCTTCGTATCG-1,0.304494,0.113218,0.038541,0.404223,0.000025,0.139499
AATACAATGTTTCAGG-1,0.107485,0.233218,0.382441,0.276671,0.000092,0.000092
AATAGAACAGAGTGGC-1,0.000049,0.002752,0.445481,0.020237,0.530691,0.000789
AATAGAATCTGTTTCA-1,0.028081,0.000042,0.628319,0.343473,0.000042,0.000042
AATAGCAAGCCTCCTG-1,0.026429,0.022888,0.14187,0.119298,0.536721,0.152794
AATAGCTACCGCGTGC-1,0.518029,0.085815,0.07177,0.309517,0.005191,0.009678
AATAGTCGCGAGTCGG-1,0.431446,0.272438,0.015159,0.259896,0.021052,0.000008
AATATCAAGGTCGGAT-1,0.629335,0.266251,0.01749,0.038537,0.00002,0.048367
AATATCCTAGCAAACT-1,0.37291,0.489619,0.048523,0.088756,0.000096,0.000096
AATATCGAATCAATGC-1,0.189136,0.014952,0.080009,0.709326,0.005873,0.000704
AATATCGAGGGTTCTC-1,0.455012,0.036361,0.12304,0.367833,0.01508,0.002674
AATATTGGAGTATTGA-1,0.398146,0.023579,0.046592,0.531648,0.000013,0.000023
AATCAGACTGCAGGAC-1,0.547999,0.319196,0.000014,0.125011,0.007766,0.000014
AATCATGTAAAGACTC-1,0.310072,0.022153,0.188742,0.453844,0.022687,0.002502
AATCCAAGGGCCTGAG-1,0.857092,0.015006,0.001269,0.12662,0.000006,0.000006
AATCCATGCAAGGGTG-1,0.320761,0.454136,0.000033,0.225005,0.000033,0.000033
AATCGCGCAGAGGACT-1,0.114877,0.002904,0.165413,0.690665,0.012982,0.013159
AATCGGGACACTACGA-1,0.188053,0.070132,0.142694,0.519318,0.039119,0.040685
AATCGGTATAGCCCTC-1,0.003541,0.235432,0.555221,0.204035,0.000885,0.000885
AATCTAGGTTTACTTG-1,0.003491,0.040366,0.29795,0.64104,0.000022,0.017131
AATCTATGCCGGAGCC-1,0.228269,0.047379,0.162571,0.549193,0.010902,0.001686
AATCTCTACTGTGGTT-1,0.214064,0.054881,0.071492,0.607031,0.000048,0.052484
AATCTGCGTTGGGACG-1,0.091092,0.114838,0.449453,0.344526,0.00004,0.000052
AATCTGGCTTTCTAGT-1,0.064015,0.031856,0.180785,0.53264,0.00666,0.184044
AATGACAGCAATGTCT-1,0.172946,0.102449,0.337706,0.378645,0.000025,0.008229
AATGACTGTCAGCCGG-1,0.159529,0.036223,0.486679,0.317481,0.000022,0.000065
AATGAGTTCGCATATG-1,0.800873,0.090251,0.010851,0.078379,0.000015,0.019632
AATGATGATACGCTAT-1,0.012461,0.000049,0.816739,0.136953,0.018076,0.015722
AATGATGCGACTCCTG-1,0.306476,0.055656,0.353563,0.256837,0.015998,0.011469
AATGCAACCGGGTACC-1,0.123864,0.008937,0.652213,0.207983,0.00697,0.000033
AATGCACCAAGCAATG-1,0.029749,0.022599,0.805098,0.123783,0.018727,0.000044
AATGGCCGCCAATGCG-1,0.266405,0.00419,0.22593,0.005683,0.206837,0.290955
AATGGTCCACCGTTCA-1,0.645709,0.016591,0.030396,0.060346,0.024915,0.222043
AATGGTTCTCACAAGC-1,0.246733,0.062798,0.189121,0.494453,0.000018,0.006877
AATGTATGGCACTGTA-1,0.40706,0.041247,0.152505,0.189861,0.006752,0.202575
AATGTGCCCGAGGTGT-1,0.712172,0.077973,0.074189,0.056629,0.00199,0.077047
AATGTTGTCGTGAGAC-1,0.09416,0.227675,0.169469,0.508244,0.000226,0.000226
AATTAAAGGTCGGCGT-1,0.091276,0.0217,0.367537,0.519413,0.000037,0.000037
AATTACGAGACCCATC-1,0.059019,0.018238,0.003038,0.551902,0.033402,0.334401
AATTACTCGTACGCTC-1,0.022825,0.746833,0.000029,0.230256,0.000029,0.000029
AATTCATAAGGGATCT-1,0.000162,0.049723,0.816438,0.009446,0.122411,0.001819
AATTCATTGTCATGCA-1,0.469391,0.015571,0.142601,0.360917,0.011488,0.000033
AATTCCAACTTGGTGA-1,0.000748,0.830872,0.019973,0.000374,0.000187,0.147846
AATTGAACGCTCTGGT-1,0.000224,0.000067,0.793672,0.205548,0.000056,0.000433
AATTGCAGCAATCGAC-1,0.865213,0.000009,0.000009,0.134752,0.000009,0.000009
AATTGCGTGGATTACA-1,0.140086,0.187901,0.483125,0.078754,0.007489,0.102644
AATTGTGGTTGCCAAA-1,0.006218,0.331443,0.306887,0.355384,0.000034,0.000034
AATTTGGGACATAGTA-1,0.150562,0.000046,0.516,0.226563,0.064172,0.042657
AATTTGGTTCCAAAGA-1,0.078598,0.013134,0.251305,0.303764,0.036361,0.316838
ACAAACCATGCGTCCT-1,0.792979,0.007416,0.0407,0.011313,0.007763,0.139828
ACAAACCGACAAGGCG-1,0.060283,0.511387,0.038409,0.131761,0.002822,0.255338
ACAAAGAAGGTAGGCC-1,0.026051,0.244229,0.099606,0.629956,0.000147,0.000012
ACAAAGCATGACCTAG-1,0.595868,0.000225,0.09918,0.304658,0.000035,0.000035
ACAAATGGTAGTGTTT-1,0.022882,0.016673,0.614541,0.34577,0.000066,0.000066
ACAAATTCAGATCTGA-1,0.124661,0.00094,0.392833,0.481508,0.000029,0.000029
ACAACAGCATGAGCTA-1,0.008982,0.024164,0.030227,0.893534,0.043077,0.000016
ACAACGGTCCCTGCGA-1,0.720601,0.002956,0.081322,0.195103,0.000009,0.000009
ACAAGCAGTGCCTAGC-1,0.467945,0.19505,0.042791,0.286605,0.002873,0.004736
ACAAGCTATATGGAAG-1,0.215681,0.162144,0.055534,0.548256,0.008341,0.010044
ACAAGGACAAGAGGTT-1,0.092524,0.0443,0.297134,0.55908,0.006946,0.000016
ACAATAGTCGTACGTT-1,0.561571,0.0045,0.007948,0.399885,0.008723,0.017374
ACAATCCATTTAAACC-1,0.271906,0.010317,0.081267,0.584505,0.02779,0.024216
ACAATCGATCTTTATA-1,0.001212,0.877494,0.000303,0.000606,0.071209,0.049175
ACAATGAATACGGAGA-1,0.340283,0.02139,0.11187,0.268716,0.131679,0.126062
ACAATGATTCTTCTAC-1,0.110369,0.000027,0.542444,0.033621,0.227165,0.086375
ACAATTGTGTCTCTTT-1,0.275432,0.051963,0.172095,0.500293,0.000026,0.000192
ACAATTTAGGAGGCTC-1,0.649381,0.131388,0.070951,0.148168,0.000056,0.000056
ACAATTTGAGCAGTGG-1,0.007501,0.004307,0.745264,0.063817,0.145376,0.033735
ACAATTTGGCCATATT-1,0.983839,0.000007,0.000091,0.000491,0.007849,0.007724
ACACAAAGACGGGTGG-1,0.092204,0.078548,0.540344,0.288844,0.00003,0.00003
ACACAAATATTCCTAG-1,0.426241,0.059769,0.096564,0.322584,0.061506,0.033337
ACACACCAGGACCAGT-1,0.000156,0.028607,0.622046,0.349114,0.000039,0.000039
ACACACTTTCTACACG-1,0.016365,0.090723,0.623364,0.169432,0.00005,0.100067
ACACATGATCAAATCT-1,0.414728,0.030663,0.075511,0.377968,0.003015,0.098116
ACACATTGACGCAACA-1,0.006668,0.88683,0.000028,0.106419,0.000028,0.000028
ACACCACATAATTAGC-1,0.132751,0.065793,0.220723,0.579747,0.000019,0.000968
ACACCCAGCATGCAGC-1,0.313398,0.034146,0.199006,0.421854,0.000062,0.031534
ACACCCGAGAAATCCG-1,0.987,0.000006,0.004726,0.000187,0.003592,0.004489
ACACCCGTAAATCTGT-1,0.779296,0.037059,0.077149,0.041965,0.028837,0.035695
ACACCGAGCGCTCTTT-1,0.097436,0.213454,0.002222,0.68683,0.00003,0.00003
ACACCGGTCTGACCGC-1,0.230384,0.003772,0.485868,0.033368,0.151003,0.095604
ACACCTTAAGTAGGGC-1,0.451898,0.152866,0.042222,0.277112,0.000014,0.075888
ACACCTTACTACTTGC-1,0.052019,0.016064,0.277845,0.652676,0.000025,0.00137
ACACGAGACTCCTTCT-1,0.315937,0.000642,0.000015,0.611419,0.060879,0.011108
ACACGGCACTATGCAT-1,0.101279,0.050077,0.135719,0.437531,0.040538,0.234856
ACACGGGAACTTAGGG-1,0.195175,0.080927,0.042085,0.6447,0.03704,0.000072
ACACGTAGGCCACAAG-1,0.836814,0.00154,0.118593,0.034609,0.000007,0.008437
ACACTCCAATGTCACT-1,0.682922,0.059165,0.018281,0.235178,0.004443,0.000012
ACACTGATCAAGGTGT-1,0.002619,0.000019,0.524189,0.012871,0.460283,0.000019
ACACTGGGACAGTCGT-1,0.210132,0.153803,0.075758,0.560022,0.000143,0.000143
ACAGAACTGAGAACAA-1,0.395465,0.034084,0.106792,0.46039,0.003246,0.000022
ACAGATTAGGTTAGTG-1,0.48131,0.10679,0.156008,0.252193,0.000418,0.00328
ACAGCATAGAGCCAGT-1,0.069116,0.025201,0.469018,0.429676,0.003185,0.003804
ACAGCGACATTCTCAT-1,0.21015,0.026509,0.186698,0.416074,0.00003,0.160538
ACAGGAGGCGCAGCCG-1,0.017398,0.960857,0.004349,0.008698,0.004349,0.004349
ACAGGCTTGCCCGACT-1,0.087023,0.018461,0.803626,0.090786,0.000051,0.000051
ACAGGTGGAGGTGAGG-1,0.060911,0.000035,0.527252,0.41173,0.000035,0.000035
ACAGGTGTGTTGTTGC-1,0.888661,0.109814,0.000305,0.00061,0.000305,0.000305
ACAGTAATACAACTTG-1,0.000136,0.024132,0.29886,0.648106,0.028732,0.000034
ACAGTATACCGTGGGA-1,0.881888,0.021689,0.014711,0.07014,0.010176,0.001396
ACATAAGTCGTGGTGA-1,0.330653,0.078128,0.014254,0.464382,0.098271,0.014311
ACATAATAAGGCGGTG-1,0.011346,0.095504,0.761262,0.001933,0.043606,0.086348
ACATCAGCTGGGACGC-1,0.207872,0.047039,0.243838,0.479308,0.015121,0.006822
ACATCCTGGTAACTGT-1,0.399005,0.08991,0.142254,0.35132,0.000027,0.017485
ACATCGGTCAGCCGCG-1,0.003942,0.058457,0.370151,0.56735,0.00005,0.00005
ACATCGTATGCAATGG-1,0.166275,0.066191,0.523444,0.183672,0.047416,0.013001
ACATCGTTAACCTAGT-1,0.090948,0.023804,0.017996,0.415734,0.040761,0.410758
ACATCTCAACGCGTAA-1,0.163727,0.084966,0.006727,0.402093,0.014975,0.327513
ACATGGCGCCAAAGTA-1,0.161693,0.000017,0.00447,0.465748,0.000017,0.368056
ACATGGCTCAATTTAG-1,0.000183,0.32464,0.000265,0.67482,0.000046,0.000046
ACCAAACACCCAGCGA-1,0.121246,0.03232,0.355554,0.470558,0.017652,0.002669
ACCAAACTAGAAATCC-1,0.394106,0.135137,0.045746,0.392477,0.032503,0.00003
ACCAACACCACACACT-1,0.147546,0.226739,0.203851,0.335779,0.004769,0.081316
ACCAACCGCACTCCAC-1,0.161256,0.000493,0.225225,0.564718,0.047816,0.000493
ACCAAGAACGCGTGTC-1,0.160773,0.279815,0.414609,0.105707,0.000033,0.039063
ACCAAGTCATCGGCAG-1,0.006251,0.586908,0.28693,0.119104,0.000403,0.000403
ACCACAAGTTTCTATC-1,0.798303,0.056322,0.105158,0.033637,0.000016,0.006564
ACCACCAATGTAACAA-1,0.340798,0.009846,0.12021,0.508051,0.015416,0.005679
ACCACCCTCTCTTCTA-1,0.055298,0.066765,0.386428,0.490244,0.000035,0.00123
ACCACTGTTCAAGAAG-1,0.000249,0.230695,0.009722,0.75921,0.000062,0.000062
ACCAGACCATAACAAC-1,0.229468,0.140179,0.121508,0.276898,0.015207,0.216741
ACCAGCCCGGTCTTTG-1,0.030857,0.104958,0.001269,0.449142,0.014763,0.39901
ACCAGGAGTGTGATCT-1,0.001688,0.68444,0.000422,0.312606,0.000422,0.000422
ACCAGTGCCCGGTCAA-1,0.184861,0.00164,0.518307,0.08639,0.123398,0.085404
ACCAGTGCGGGAGACG-1,0.243667,0.059937,0.325994,0.369218,0.000028,0.001156
ACCATATCCGCAATAA-1,0.142653,0.018471,0.399407,0.342737,0.039333,0.057399
ACCATCCGCCAACTAG-1,0.649489,0.029045,0.055179,0.219005,0.000024,0.047258
ACCATCGTATATGGTA-1,0.285534,0.057112,0.147483,0.496516,0.000033,0.013322
ACCATTAAGGGTGTCA-1,0.531848,0.144669,0.000016,0.289635,0.000016,0.033816
ACCCAACGCCCGTGGC-1,0.013701,0.178413,0.478145,0.232032,0.097499,0.000209
ACCCACCTACATGCTC-1,0.843665,0.004117,0.050464,0.095186,0.002386,0.004182
ACCCATCTTGAGGGTA-1,0.281027,0.177981,0.113303,0.423036,0.002476,0.002178
ACCCATTTGTCCCTCT-1,0.960115,0.017527,0.000005,0.016835,0.005512,0.000005
ACCCGAGCGAAATTAC-1,0.298086,0.047718,0.413141,0.235389,0.001478,0.004188
ACCCGGAGCACCACAA-1,0.165135,0.32851,0.179223,0.326752,0.00019,0.00019
ACCCGGATGACGCATC-1,0.507844,0.026739,0.142126,0.243761,0.00002,0.07951
ACCCGGTTACACTTCC-1,0.193646,0.061059,0.24249,0.460829,0.000036,0.041939
ACCCGTAGTCTAGTTG-1,0.000239,0.328404,0.479353,0.191885,0.00006,0.00006
ACCCTATAGGACTGAG-1,0.817077,0.054717,0.000009,0.120212,0.007975,0.000009
ACCCTATGCCATATCG-1,0.000049,0.029908,0.176508,0.048871,0.736472,0.008192
ACCCTCCCTTGCTATT-1,0.000159,0.00004,0.806495,0.00008,0.00004,0.193187
ACCCTGGTAACGCCCT-1,0.222167,0.025286,0.138203,0.515517,0.002979,0.095849
ACCCTTCATCTGCGAA-1,0.155814,0.050774,0.461825,0.278607,0.000029,0.052951
ACCCTTGCCTGGGTCG-1,0.055229,0.043606,0.250612,0.575015,0.067259,0.008279
ACCCTTTAGTTCTCCA-1,0.100797,0.072992,0.101465,0.353124,0.101388,0.270234
ACCGAAAGGGCCCTGC-1,0.430522,0.072078,0.24224,0.197172,0.000044,0.057944
ACCGAAGAGTCTGGTT-1,0.260426,0.187371,0.000202,0.50746,0.044339,0.000202
ACCGACTGAGTCCCAC-1,0.024704,0.000032,0.717097,0.000063,0.182662,0.075442
ACCGATAGGCATAACC-1,0.53769,0.449474,0.00007,0.000139,0.009831,0.002796
ACCGATATTTAATCAT-1,0.999913,0.000014,0.000014,0.000029,0.000014,0.000014
ACCGATGGTAGCATCG-1,0.681122,0.014163,0.06228,0.19623,0.017526,0.028677
ACCGCGGTGGAAGTCG-1,0.130913,0.023488,0.239212,0.606224,0.000082,0.000082
ACCGGGCCTTTGTTGA-1,0.050237,0.019942,0.34834,0.445499,0.135901,0.000082
ACCGGTCAGGTACACC-1,0.111782,0.023332,0.246931,0.553141,0.042794,0.02202
ACCGTCCACTGGGCCC-1,0.226493,0.001948,0.054156,0.563073,0.031332,0.122997
ACCGTTCCCGCTCTGA-1,0.156432,0.054523,0.353797,0.192511,0.005176,0.237561
ACCTAAGTACCTTTCA-1,0.122328,0.030719,0.03228,0.377882,0.43677,0.00002
ACCTAATCGACTTCCT-1,0.191311,0.108295,0.184756,0.511977,0.00002,0.003641
ACCTACAGTATGTGGT-1,0.417758,0.079698,0.042827,0.441863,0.012501,0.005352
ACCTCCGCCCTCGCTG-1,0.289919,0.010126,0.161858,0.33222,0.003564,0.202313
ACCTCCGTTATTCACC-1,0.262289,0.07104,0.094228,0.535561,0.01131,0.025572
ACCTCGAACTTATGCT-1,0.324056,0.128079,0.262467,0.164758,0.033011,0.087628
ACCTGCGTGTCATGTT-1,0.35176,0.260046,0.029294,0.29181,0.010556,0.056533
ACCTTTCCTTTAGAAG-1,0.028669,0.694262,0.117893,0.056115,0.081998,0.021063
ACGAAATGGGCGGCAC-1,0.201102,0.029204,0.183826,0.584141,0.001713,0.000014
ACGACCCATGAGTTGC-1,0.38971,0.592233,0.000143,0.017627,0.000143,0.000143
ACGAGAACCCATCACG-1,0.040363,0.366616,0.009908,0.583042,0.000036,0.000036
ACGAGGATACCACTCT-1,0.252265,0.0399,0.13961,0.542064,0.0111,0.015062
ACGAGGTTTACAACGT-1,0.003151,0.176881,0.13931,0.679083,0.000788,0.000788
ACGAGTACGGATGCCC-1,0.356166,0.040192,0.189909,0.413667,0.000033,0.000033
ACGAGTCGCCGGCGTT-1,0.045833,0.669394,0.053953,0.230754,0.000033,0.000033
ACGATACCTATCCTGA-1,0.635814,0.236369,0.020269,0.092809,0.000621,0.014119
ACGATCATACATAGAG-1,0.034977,0.005915,0.903896,0.032879,0.004945,0.017388
ACGATCATCTTGTAAA-1,0.404648,0.004772,0.061048,0.43253,0.066846,0.030156
ACGATGCATATGTTAT-1,0.182761,0.128862,0.270891,0.416411,0.000023,0.001052
ACGATGGATCCGATGC-1,0.071629,0.000148,0.067508,0.330955,0.002697,0.527064
ACGCAATCACTACAGC-1,0.100428,0.012199,0.141895,0.698037,0.00005,0.047392
ACGCATAAATGACATG-1,0.369578,0.014778,0.483353,0.11655,0.004736,0.011005
ACGCATACGTTTACTA-1,0.250267,0.232749,0.264,0.243591,0.000023,0.00937
ACGCATTCGTGAGTAC-1,0.146238,0.011754,0.666204,0.057162,0.05923,0.059411
ACGCCAGATGATTTCT-1,0.000116,0.075562,0.35271,0.498459,0.026357,0.046797
ACGCCAGTGCGTTTGC-1,0.009595,0.545263,0.098692,0.346153,0.000148,0.000148
ACGCCCAGCTGTCGAT-1,0.66004,0.142801,0.010893,0.160424,0.025803,0.000039
ACGCCGCTAGACGACC-1,0.000158,0.00004,0.00004,0.216194,0.126899,0.656669
ACGCCTGACACGCGCT-1,0.020007,0.954986,0.005001,0.010003,0.005001,0.005001
ACGCGCTACACAGGGT-1,0.642543,0.153217,0.036723,0.143773,0.016007,0.007737
ACGCGGGCCAAGGACA-1,0.168915,0.001226,0.599644,0.146221,0.065136,0.018858
ACGCGTTTCTTAAGAG-1,0.000081,0.210937,0.007603,0.781338,0.00002,0.00002
ACGCTACTGAATGGGC-1,0.167124,0.293283,0.1968,0.34245,0.000172,0.000172
ACGCTAGTATCAGTGC-1,0.357218,0.056331,0.420242,0.093274,0.007548,0.065388
ACGCTAGTGATACACT-1,0.16617,0.03799,0.271691,0.524067,0.000041,0.000041
ACGCTGTGAGGCGTAG-1,0.121065,0.270635,0.081057,0.526946,0.000149,0.000149
ACGCTTAGTGTCTCTC-1,0.055024,0.055721,0.448596,0.308122,0.013041,0.119496
ACGGAACACGAGTGCC-1,0.301583,0.151104,0.075501,0.469401,0.001205,0.001205
ACGGAATTTAGCAAAT-1,0.167052,0.355378,0.266447,0.183863,0.013472,0.013788
ACGGAGCGCAAATTAC-1,0.070717,0.006087,0.51419,0.14645,0.000041,0.262515
ACGGCGGGTTGCCCTG-1,0.000433,0.534108,0.051507,0.413735,0.000108,0.000108
ACGGCTGGATGTAGAA-1,0.408788,0.04632,0.046937,0.372459,0.034653,0.090843
ACGGGAGTGTCGGCCC-1,0.485098,0.060383,0.104811,0.344199,0.000017,0.005492
ACGGGCGTATGCGACA-1,0.087867,0.28759,0.132175,0.492307,0.00003,0.00003
ACGGGTCATGTGACTT-1,0.597986,0.109084,0.001348,0.219639,0.001742,0.070202
ACGGGTTGTGACCTGT-1,0.121682,0.019996,0.09492,0.643951,0.116971,0.00248
ACGTACAGATTTCTCT-1,0.16656,0.093251,0.271066,0.424817,0.001901,0.042404
ACGTAGATTGCTGATG-1,0.132382,0.011595,0.040701,0.337073,0.113087,0.365162
ACGTATTACTCCGATC-1,0.24001,0.141312,0.151672,0.466123,0.000221,0.000663
ACGTCCTAAACGAGAT-1,0.430664,0.449411,0.000155,0.064502,0.055114,0.000155
ACGTCGGGCAACTCGG-1,0.927805,0.001557,0.000903,0.064673,0.005059,0.000003
ACGTCTCGTTCCGGGA-1,0.324947,0.063318,0.081312,0.499056,0.000987,0.030381
ACGTGACAAAGTAAGT-1,0.033318,0.112761,0.03692,0.769567,0.01183,0.035604
ACGTGCGCCTCGTGCA-1,0.038671,0.07209,0.736814,0.145429,0.000053,0.006943
ACGTGGTCGAATGTGC-1,0.064444,0.000037,0.000013,0.034703,0.012983,0.887822
ACGTTAATGTCGAAGA-1,0.089544,0.002248,0.221539,0.538319,0.054805,0.093545
ACGTTAGATTTGCCCG-1,0.458162,0.000517,0.16632,0.363489,0.000024,0.011487
ACGTTATTGGTCACTC-1,0.990584,0.002308,0.000009,0.00708,0.000009,0.000009
ACGTTCCGCGCTCCGT-1,0.627524,0.104498,0.070495,0.165158,0.001556,0.030769
ACGTTCGCAATCAATT-1,0.142461,0.057086,0.36233,0.383915,0.000022,0.054186
ACGTTTAGTTGTGATC-1,0.106181,0.020391,0.535059,0.208445,0.074168,0.055756
ACGTTTCGGTGCACTT-1,0.022228,0.696027,0.280944,0.0004,0.0002,0.0002
ACTAAGGACGCACACC-1,0.455018,0.067783,0.137265,0.301362,0.007033,0.031539
ACTAATACGTCAGGCG-1,0.152945,0.02587,0.303654,0.454799,0.005156,0.057576
ACTACATCCCGACAAG-1,0.862065,0.014476,0.052916,0.040262,0.025592,0.004689
ACTACCAGCTCTCTGG-1,0.184178,0.056633,0.174942,0.584127,0.000099,0.000021
ACTAGTTGCGATCGTC-1,0.264629,0.085081,0.159143,0.467815,0.01659,0.006742
ACTATATGCTGTGTTC-1,0.108196,0.074808,0.679185,0.001125,0.034942,0.101744
ACTATCCAGGGCATGG-1,0.068242,0.280594,0.264235,0.382911,0.000028,0.003991
ACTATCGCCGGCTAAA-1,0.273467,0.37133,0.000023,0.355133,0.000023,0.000023
ACTATCTGCCCGCGTA-1,0.309358,0.00653,0.19837,0.485564,0.000159,0.000018
ACTATTCGTCCGTGGT-1,0.287219,0.386447,0.03219,0.091442,0.064843,0.137858
ACTCAACGAATGTATT-1,0.000276,0.217268,0.023965,0.758353,0.000069,0.000069
ACTCAATAAAGGCACG-1,0.000089,0.452897,0.205944,0.195661,0.090779,0.05463
ACTCAGACCTGCTTCT-1,0.119277,0.329117,0.237706,0.313767,0.000066,0.000066
ACTCCAATATCATCAT-1,0.307427,0.000029,0.448062,0.110723,0.109743,0.024016
ACTCCCATTCCTAAAG-1,0.162022,0.094398,0.107529,0.618354,0.0027,0.014998
ACTCCCGAATTCGTTT-1,0.037498,0.000077,0.151728,0.716871,0.000077,0.093749
ACTCCCGTAGACTAGG-1,0.387385,0.059729,0.034149,0.490598,0.018536,0.009604
ACTCGATGTATTTCAT-1,0.081392,0.361798,0.028599,0.528148,0.000031,0.000031
ACTCGCCGTTCGATAA-1,0.045339,0.55461,0.250953,0.115592,0.000079,0.033427
ACTCGCGATCTGACGC-1,0.317224,0.086078,0.134165,0.460446,0.000017,0.00207
ACTCGTAACCCGTCCT-1,0.366757,0.033289,0.228478,0.31855,0.000023,0.052903
ACTCTAAACCTGGGAT-1,0.995213,0.001087,0.000003,0.00369,0.000003,0.000003
ACTCTTCAGCTCCCGC-1,0.197839,0.004077,0.076919,0.234964,0.000978,0.485222
ACTCTTGTATAGTAAC-1,0.090146,0.008977,0.000031,0.900783,0.000031,0.000031
ACTGAAACGCCGTTAG-1,0.259102,0.116815,0.212425,0.34055,0.000033,0.071075
ACTGAATGGCGAAAGT-1,0.000123,0.564709,0.294004,0.000061,0.137459,0.003645
ACTGATTTAGTGATTC-1,0.411411,0.012347,0.083356,0.246981,0.028064,0.217842
ACTGCCGTCGTAACTC-1,0.091407,0.006395,0.135007,0.525872,0.105674,0.135645
ACTGCGGACACACCGT-1,0.531429,0.009997,0.036464,0.39045,0.021136,0.010524
ACTGCTCGGAAGGATG-1,0.072937,0.000114,0.000114,0.926608,0.000114,0.000114
ACTGGCGAACCTGCGT-1,0.464018,0.06434,0.213781,0.208707,0.017895,0.031259
ACTGTAGCACTTTGGA-1,0.170824,0.073697,0.175599,0.544057,0.015665,0.020159
ACTGTATACGCGAGCA-1,0.053555,0.147749,0.149351,0.649239,0.000054,0.000054
ACTGTCCAGGATTATA-1,0.182835,0.019899,0.329392,0.467776,0.000049,0.000049
ACTGTCTTCTTTAGAA-1,0.018813,0.014173,0.695832,0.069998,0.100556,0.100629
ACTGTGCTAGTAGATC-1,0.093446,0.378057,0.258105,0.270251,0.00007,0.00007
ACTGTTTAGTGTAGGC-1,0.007155,0.397948,0.263438,0.331117,0.000171,0.000171
ACTTACCGGGCGCGCA-1,0.03857,0.127825,0.562981,0.185194,0.036302,0.049126
ACTTAGTACGACAAGA-1,0.990099,0.002967,0.003606,0.000501,0.002821,0.000007
ACTTATACTTACCCGG-1,0.077658,0.058413,0.32058,0.509651,0.033658,0.000039
ACTTATCTGATCTATA-1,0.619419,0.368077,0.002501,0.005002,0.002501,0.002501
ACTTATTAGGATCGGT-1,0.06649,0.040444,0.388958,0.491565,0.012495,0.000048
ACTTATTTATGTGCCA-1,0.000144,0.000036,0.486323,0.26095,0.020025,0.232523
ACTTCCAGTGGAAGCT-1,0.026557,0.021245,0.007138,0.925309,0.000016,0.019734
ACTTCCTGTCGTGCGA-1,0.225927,0.141346,0.476907,0.136258,0.014613,0.004949
ACTTCGCCATACGCAC-1,0.699965,0.131317,0.072502,0.072918,0.012772,0.010526
ACTTCGCTAGCGAGTG-1,0.121246,0.177124,0.164153,0.426712,0.023116,0.087651
ACTTGACTCCCTCTTT-1,0.073421,0.002001,0.000017,0.270841,0.64023,0.013488
ACTTGCCATATTGTAC-1,0.053616,0.555315,0.124593,0.162993,0.005837,0.097646
ACTTGCTCTATCTACC-1,0.702213,0.003183,0.012567,0.274843,0.007187,0.000007
ACTTGGGACCCGGTGG-1,0.103164,0.009079,0.357967,0.529725,0.000032,0.000032
ACTTGTAGTCCCTTCA-1,0.320661,0.002413,0.025679,0.179249,0.000755,0.471243
ACTTGTGGATGGAACG-1,0.177749,0.022741,0.319102,0.336732,0.008048,0.135627
ACTTTACCCTCATGAA-1,0.0107,0.039783,0.020882,0.292693,0.00003,0.635913
ACTTTCCTATAGCTTC-1,0.192156,0.187461,0.524949,0.060128,0.01793,0.017376
ACTTTGACTGCATCCT-1,0.629118,0.017031,0.032547,0.306968,0.005177,0.009159
ACTTTGGTCGTGCTCC-1,0.386829,0.046257,0.081874,0.389008,0.038078,0.057954
ACTTTGTCGACGCACT-1,0.48614,0.086821,0.060475,0.366477,0.000044,0.000044
AGAAATTATGACTCGC-1,0.999977,0.000004,0.000004,0.000008,0.000004,0.000004
AGAACCCAGCGTGACA-1,0.134791,0.014585,0.280605,0.563515,0.006484,0.00002
AGAACCCTCAATTGGG-1,0.184708,0.032962,0.014279,0.619997,0.084031,0.064023
AGAACGTGGTACATTC-1,0.002342,0.041573,0.122112,0.753135,0.076987,0.003851
AGAAGAGCGCCGTTCC-1,0.001389,0.000347,0.691325,0.306244,0.000347,0.000347
AGAAGGTACACTTCAC-1,0.017126,0.018367,0.202456,0.601272,0.103412,0.057367
AGAAGGTTGCCGAATT-1,0.225647,0.100196,0.19057,0.46998,0.000031,0.013576
AGAAGTGATTCGTGAT-1,0.57871,0.060365,0.152377,0.140371,0.00002,0.068157
AGAATAAATCTTCAGG-1,0.249096,0.106001,0.135327,0.508918,0.000047,0.000612
AGAATGCGGGTTCGGA-1,0.602638,0.00436,0.092258,0.197034,0.046096,0.057615
AGAATTATGGATTCGA-1,0.226045,0.066455,0.258168,0.449271,0.00003,0.00003
AGAATTGTTTGACATA-1,0.605238,0.128647,0.013037,0.241946,0.005529,0.005602
AGACAGCTCAGAATCC-1,0.209096,0.039023,0.148126,0.516905,0.000113,0.086735
AGACAGGCATCTCAGC-1,0.999871,0.000021,0.000021,0.000043,0.000021,0.000021
AGACATAGATCCTTCC-1,0.080195,0.557885,0.264123,0.092649,0.000052,0.005096
AGACCAAACCACACCT-1,0.125944,0.001177,0.000017,0.443556,0.057087,0.372219
AGACCATGGGATACAA-1,0.893391,0.00001,0.058558,0.033787,0.01349,0.000764
AGACCCGCCCTCCTCG-1,0.282395,0.02294,0.390433,0.300906,0.000029,0.003297
AGACCGCTCCGCGGTT-1,0.524708,0.007988,0.141141,0.301559,0.01197,0.012633
AGACCGGGAAACCCTG-1,0.026835,0.282278,0.23925,0.449255,0.000019,0.002363
AGACGAAGTGCCGGTC-1,0.051649,0.000024,0.148175,0.371875,0.00392,0.424358
AGACGACGATGCCGCT-1,0.217451,0.054311,0.445189,0.274837,0.000027,0.008186
AGACGCCCACTTCGCC-1,0.24095,0.196079,0.020096,0.542602,0.000136,0.000136
AGACGGGATTGGTATA-1,0.127666,0.002881,0.063678,0.607156,0.000116,0.198502
AGACGGGCCGATTTAA-1,0.187203,0.018938,0.673734,0.062611,0.003682,0.053832
AGACTAGCCTTCCAGA-1,0.166233,0.12441,0.288116,0.420933,0.000027,0.00028
AGAGAACCGTCTAGGA-1,0.081957,0.026965,0.598023,0.276474,0.000042,0.01654
AGAGAAGGAGTACAAT-1,0.11393,0.000613,0.409102,0.133401,0.182172,0.160783
AGAGATCTCTAAAGCG-1,0.019245,0.052031,0.32199,0.569706,0.001384,0.035644
AGAGCAGTTATGAGAC-1,0.32875,0.090926,0.11941,0.460139,0.000016,0.000758
AGAGCCGCCGAGATTT-1,0.849323,0.000007,0.080483,0.036643,0.031143,0.002401
AGAGCGCTTGTAACGG-1,0.171482,0.001974,0.041107,0.597531,0.00006,0.187845
AGAGCGGGCTAATCAT-1,0.080521,0.070143,0.578738,0.262442,0.008091,0.000065
AGAGCGTACAAGCTCG-1,0.502464,0.032678,0.034246,0.43059,0.000011,0.000011
AGAGCTACGAAAGCAT-1,0.062269,0.365638,0.000033,0.571993,0.000033,0.000033
AGAGGCTTCGGAAACC-1,0.213984,0.044413,0.211539,0.515094,0.012962,0.002007
AGAGGGACAATTGTCC-1,0.364613,0.004886,0.417694,0.063474,0.112662,0.036672
AGAGGTATCTCGGTCC-1,0.379696,0.230558,0.132458,0.256732,0.000278,0.000278
AGAGTAAACTTCACTA-1,0.093184,0.038539,0.359194,0.488594,0.003766,0.016723
AGAGTATAGTGTTACG-1,0.215655,0.069441,0.150082,0.563879,0.000026,0.000918
AGAGTGAACAGACACC-1,0.880664,0.012513,0.015993,0.032434,0.057894,0.000501
AGAGTTAGAGACCGAT-1,0.04039,0.054443,0.000988,0.372361,0.031189,0.500629
AGAGTTGCAGGCCTCC-1,0.940583,0.00118,0.006561,0.00017,0.004344,0.047161
AGATAACTTCAGGGCC-1,0.207884,0.02716,0.249946,0.514149,0.00002,0.00084
AGATACCAATAGAACC-1,0.529069,0.362909,0.07275,0.034911,0.000181,0.000181
AGATACCAGCACTTCA-1,0.968929,0.017141,0.001279,0.012508,0.000131,0.000012
AGATACCGGTGTTCAC-1,0.12993,0.051394,0.381236,0.35275,0.000044,0.084645
AGATACGACTTCATAT-1,0.41141,0.00001,0.00001,0.002335,0.000292,0.585942
AGATACTCAAGATCGA-1,0.028337,0.000051,0.774062,0.06166,0.073579,0.062311
AGATCGTGCATAAGAT-1,0.085393,0.026621,0.515824,0.335328,0.036796,0.000038
AGATCTCAGGTGTGAT-1,0.00214,0.076954,0.252046,0.579897,0.024553,0.06441
AGATGACTCGCCCACG-1,0.162855,0.028632,0.418507,0.350361,0.000045,0.0396
AGATGAGGGTTGCGAT-1,0.00018,0.004995,0.508771,0.021996,0.404248,0.05981
AGATGATGGAGTCTGG-1,0.056062,0.565561,0.242552,0.110195,0.000035,0.025595
AGATGCAAGACGTGCA-1,0.918075,0.014342,0.032982,0.0144,0.005343,0.014858
AGATGCATCCTGTGTC-1,0.044526,0.069771,0.077503,0.808028,0.000086,0.000086
AGATGCTATAACGAGC-1,0.019939,0.297913,0.000047,0.682007,0.000047,0.000047
AGATTATAGGACGTTT-1,0.125911,0.117636,0.321246,0.43372,0.000049,0.001438
AGATTCACAACCGATA-1,0.374526,0.004594,0.031431,0.572331,0.009639,0.007478
AGCAACATATCTTATT-1,0.137158,0.025776,0.318912,0.507671,0.00003,0.010454
AGCAACCGAAAGTAAT-1,0.328156,0.066188,0.200152,0.405465,0.00002,0.00002
AGCACCAGTACTCACG-1,0.06161,0.003403,0.819299,0.040014,0.054275,0.021399
AGCACTACCGGCCTGT-1,0.16461,0.079285,0.156438,0.599622,0.000022,0.000022
AGCACTTAAGGACGCC-1,0.141706,0.048375,0.26332,0.538278,0.000019,0.008301
AGCATATCAATATGCT-1,0.076971,0.062141,0.559755,0.277168,0.014103,0.009862
AGCATCATTTCGAAAG-1,0.305133,0.056623,0.122157,0.491017,0.002653,0.022417
AGCATCGTCGATAATT-1,0.307521,0.105293,0.236788,0.316392,0.003591,0.030414
AGCATTACGAGGCAAG-1,0.088531,0.888844,0.006577,0.000142,0.000071,0.015833
AGCCCATACATGTAAG-1,0.667654,0.041711,0.06371,0.226897,0.000014,0.000014
AGCCCGCACTACAATG-1,0.17528,0.583486,0.159836,0.001274,0.000637,0.079487
AGCCCTAAGCGAAGTT-1,0.020024,0.019633,0.621498,0.300862,0.000044,0.037938
AGCCCTGTCGCACCGT-1,0.973416,0.016228,0.000776,0.0074,0.002175,0.000006
AGCCCTTCTAATCCGA-1,0.324551,0.025841,0.399659,0.244246,0.005665,0.000038
AGCCCTTGGACATCCC-1,0.639429,0.052307,0.134986,0.151,0.00157,0.020708
AGCCGCAAATTCAAAT-1,0.097645,0.160624,0.127377,0.60586,0.008232,0.000262
AGCCGCTTGATTAGCG-1,0.086926,0.374473,0.039128,0.499387,0.000043,0.000043
AGCCGTGGCTAAATGT-1,0.395794,0.050421,0.084134,0.452262,0.003075,0.014313
AGCCTAATACCCACGT-1,0.132568,0.018561,0.113924,0.704112,0.01146,0.019374
AGCCTTAAAGCGGAAG-1,0.424915,0.157472,0.197938,0.219541,0.000067,0.000067
AGCCTTGTCACTGATA-1,0.245608,0.057854,0.132732,0.417529,0.052791,0.093486
AGCGACAGGAACGGTC-1,0.072945,0.096926,0.511066,0.316158,0.002876,0.00003
AGCGACATCCCATTCA-1,0.315124,0.020098,0.357886,0.295848,0.004153,0.00689
AGCGACCAACGATATT-1,0.113068,0.005364,0.534979,0.340986,0.004678,0.000925
AGCGATGCGCCTAATA-1,0.298452,0.248675,0.299764,0.152921,0.000094,0.000094
AGCGCGGGTGCCAATG-1,0.000148,0.075416,0.732019,0.18426,0.007837,0.00032
AGCGCTAGAGCGATGT-1,0.383839,0.052005,0.101138,0.379978,0.027216,0.055825
AGCGCTTATGGGCAAG-1,0.121753,0.128139,0.237495,0.444518,0.014076,0.05402
AGCGGCGGTTAGCGGT-1,0.047664,0.051846,0.181605,0.70807,0.004643,0.006172
