Barcode,Topic 1,Topic 2,Topic 3to4,Topic 5,Topic 6,Topic 7,Topic 8
AAACAACGAATAGTTC-1,0.000288,0.000289,0.808991,0.000289,0.000289,0.000289,0.189566
AAACAAGTATCTCCCA-1,0.002319,0.556452,0.004638,0.002319,0.002319,0.429634,0.002319
AAACAATCTACTAGCA-1,0.055551,0.438156,0.449997,0.000533,0.000533,0.000533,0.054698
AAACACCAATAACTGC-1,0.056142,0.452234,0.316907,0.044254,0.013735,0.00959,0.107138
AAACAGCTTTCAGAAG-1,0.16449,0.50606,0.328936,0.000129,0.000129,0.000129,0.000129
AAACAGGGTCTATATT-1,0.002556,0.002556,0.984666,0.002556,0.002556,0.002555,0.002556
AAACAGTGTTCCTGGG-1,0.000294,0.522314,0.342306,0.000294,0.000294,0.000294,0.134203
AAACATGGTGAGAGGA-1,0.000025,0.534245,0.465631,0.000025,0.000025,0.000025,0.000025
AAACATTTCCCGGATT-1,0.004318,0.004318,0.974091,0.004317,0.004318,0.004318,0.00432
AAACCCGAACGAAATC-1,0.000398,0.000397,0.000795,0.401974,0.581965,0.000398,0.014073
AAACCGGAAATGTTAA-1,0.002364,0.98346,0.004725,0.002363,0.002363,0.002363,0.002363
AAACCGGGTAGGTACC-1,0.035826,0.349736,0.454134,0.109158,0.000079,0.000079,0.050988
AAACCTAAGCAGCCGG-1,0.100057,0.000307,0.525396,0.000307,0.12471,0.044557,0.204666
AAACCTCATGAAGTTG-1,0.001204,0.001204,0.805148,0.001204,0.001204,0.001204,0.188832
AAACGAAGAACATACC-1,0.000642,0.599683,0.185132,0.000642,0.212616,0.000642,0.000642
AAACGAAGATGGAGTA-1,0.000259,0.000259,0.302729,0.000259,0.138017,0.004636,0.553842
AAACGAGACGGTTGAT-1,0.000105,0.022212,0.977262,0.000105,0.000105,0.000105,0.000105
AAACGCTGGGCACGAC-1,0.000159,0.20476,0.753504,0.000159,0.031993,0.000159,0.009266
AAACGGGCGTACGGGT-1,0.001149,0.001149,0.828979,0.001149,0.001149,0.165276,0.001149
AAACGGGTTGGTATCC-1,0.06399,0.022384,0.009586,0.382755,0.028027,0.112569,0.380688
AAACGGTTGCGAACTG-1,0.241534,0.445181,0.312457,0.000207,0.000207,0.000207,0.000207
AAACGTGTTCGCCCTA-1,0.002723,0.002723,0.205645,0.002723,0.002722,0.002723,0.780742
AAACTCGGTTCGCAAT-1,0.002408,0.983143,0.004817,0.002408,0.002408,0.002408,0.002408
AAACTCGTGATATAAG-1,0.100152,0.402577,0.34489,0.000241,0.034748,0.000241,0.11715
AAACTGCTGGCTCCAA-1,0.188433,0.165367,0.49477,0.010142,0.141072,0.000108,0.000108
AAACTTAATTGCACGC-1,0.186426,0.000217,0.667443,0.140975,0.000214,0.00451,0.000214
AAACTTGCAAACGTAT-1,0.000474,0.036075,0.610214,0.000474,0.043075,0.037178,0.272509
AAAGAATGACCTTAGA-1,0.000559,0.115156,0.882049,0.000559,0.000559,0.000559,0.000559
AAAGAATGTGGACTAA-1,0.000388,0.000388,0.620771,0.000388,0.000388,0.195492,0.182186
AAAGACCCAAGTCGCG-1,0.003913,0.518799,0.007827,0.003914,0.003913,0.003913,0.457721
AAAGACTGGGCGCTTT-1,0.001216,0.001216,0.992706,0.001216,0.001216,0.001216,0.001215
AAAGCTTGCCTACATA-1,0.001669,0.367467,0.624186,0.001669,0.001669,0.001669,0.001669
AAAGGCTACGGACCAT-1,0.205308,0.461091,0.331539,0.00118,0.000056,0.000056,0.00077
AAAGGCTCTCGCGCCG-1,0.396764,0.222181,0.28737,0.000105,0.000233,0.000105,0.093242
AAAGGGCAGCTTGAAT-1,0.001984,0.079138,0.365454,0.002952,0.400009,0.11116,0.039304
AAAGTAGCATTGCTCA-1,0.00013,0.594807,0.353657,0.00013,0.00013,0.00013,0.051014
AAAGTCACTGATGTAA-1,0.003913,0.003913,0.701535,0.003913,0.278899,0.003914,0.003913
AAAGTCGACCCTCAGT-1,0.008937,0.008941,0.946338,0.008941,0.008947,0.008952,0.008944
AAAGTGCCATCAATTA-1,0.00027,0.17271,0.82594,0.00027,0.00027,0.00027,0.00027
AAAGTGTGATTTATCT-1,0.000934,0.993459,0.001869,0.000934,0.000934,0.000934,0.000934
AAAGTTGACTCCCGTA-1,0.136236,0.001361,0.856959,0.001361,0.001361,0.001361,0.001361
AAATAAGGTAGTGCCC-1,0.000473,0.000473,0.000945,0.306752,0.441608,0.000473,0.249277
AAATACCTATAAGCAT-1,0.255455,0.119608,0.195028,0.174552,0.00942,0.030736,0.215201
AAATAGCTTAGACTTT-1,0.004814,0.004818,0.733893,0.004815,0.004817,0.242026,0.004817
AAATAGGGTGCTATTG-1,0.00429,0.099712,0.581672,0.013884,0.101784,0.070671,0.127986
AAATCCGATACACGCC-1,0.001788,0.001789,0.989267,0.001789,0.001789,0.001789,0.001789
AAATCGCGGAAGGAGT-1,0.000684,0.148057,0.846133,0.000684,0.000684,0.000684,0.003073
AAATCTAGCCCTGCTA-1,0.130239,0.634321,0.005112,0.22266,0.002555,0.002556,0.002556
AAATGACTGATCAAAC-1,0.000493,0.268494,0.729041,0.000493,0.000493,0.000493,0.000493
AAATGATTCGATCAGC-1,0.000374,0.872839,0.125292,0.000374,0.000374,0.000374,0.000374
AAATGCTCGTTACGTT-1,0.004009,0.506323,0.488021,0.000412,0.000412,0.000412,0.000412
AAATGGCATGTCTTGT-1,0.040792,0.93431,0.001168,0.000085,0.023476,0.000085,0.000085
AAATGGCCCGTGCCCT-1,0.003384,0.003384,0.72529,0.257788,0.003384,0.003385,0.003385
AAATGTATCTTATCCC-1,0.001585,0.658386,0.056777,0.001585,0.001585,0.001585,0.278495
AAATGTGGGTGCTCCT-1,0.000684,0.000684,0.75767,0.000684,0.000684,0.000684,0.238909
AAATTAATAAGCGCGA-1,0.061821,0.511867,0.344467,0.000177,0.000177,0.000177,0.081314
AAATTACCTATCGATG-1,0.000328,0.122048,0.795494,0.000328,0.000328,0.000328,0.081147
AAATTCCAGGTCCAAA-1,0.003794,0.973435,0.007591,0.003795,0.003794,0.003795,0.003795
AAATTGATAGTCCTTT-1,0.039675,0.089473,0.404364,0.111197,0.01705,0.008161,0.33008
AAATTGCGGCGGTTCT-1,0.000515,0.000515,0.001031,0.849377,0.14753,0.000515,0.000515
AAATTGGTGAGAAGCA-1,0.000439,0.000439,0.997364,0.000439,0.000439,0.000439,0.000439
AAATTTGCGGGTGTGG-1,0.000069,0.197326,0.758889,0.00727,0.000069,0.000218,0.036159
AACAACTGGTAGTTGC-1,0.098623,0.294773,0.306419,0.026795,0.13812,0.057843,0.077426
AACAATTACTCTACGC-1,0.000022,0.036481,0.063712,0.000022,0.765288,0.132949,0.001525
AACACACGCTCGCCGC-1,0.000773,0.000773,0.482976,0.000773,0.000773,0.513159,0.000773
AACACGACTGTACTGA-1,0.252856,0.654696,0.002981,0.084995,0.001491,0.001491,0.001491
AACACGAGACGCGGCC-1,0.038992,0.282981,0.173597,0.040869,0.188,0.000133,0.275429
AACACGCGGCCGCGAA-1,0.001987,0.001987,0.988075,0.001989,0.001987,0.001987,0.001987
AACAGGAAATCGAATA-1,0.124995,0.380076,0.343989,0.000096,0.011849,0.138226,0.000769
AACAGGATGGGCCGCG-1,0.00001,0.002267,0.048392,0.030148,0.79061,0.102687,0.025887
AACAGGTAGTATGGAT-1,0.001456,0.001456,0.002912,0.157978,0.25123,0.501001,0.083968
AACATAGCGTGTATCG-1,0.038128,0.135625,0.507192,0.000128,0.000128,0.103858,0.21494
AACATATCAACTGGTG-1,0.006588,0.006592,0.698929,0.006592,0.006591,0.00659,0.268117
AACATCGATACGTCTA-1,0.001789,0.724899,0.003578,0.001789,0.264367,0.001789,0.001789
AACATTGGTCAGCCGT-1,0.001252,0.001252,0.992487,0.001252,0.001252,0.001252,0.001252
AACATTGTGACTCGAG-1,0.130675,0.21544,0.376086,0.001646,0.127169,0.029082,0.1199
AACCAAGACTTCTCTG-1,0.070338,0.394967,0.531943,0.000688,0.000688,0.000688,0.000688
AACCATAGGGTTGAAC-1,0.232668,0.000894,0.593957,0.000895,0.169797,0.000894,0.000895
AACCATGGGATCGCTA-1,0.000429,0.000429,0.266563,0.000429,0.000429,0.296369,0.435352
AACCCAGAGACGGAGA-1,0.00084,0.70224,0.001681,0.00084,0.00084,0.292718,0.00084
AACCCATCCCATGATC-1,0.001474,0.407736,0.584897,0.001473,0.001473,0.001473,0.001473
AACCCGACAACCCGTG-1,0.034603,0.568225,0.39545,0.00043,0.00043,0.00043,0.00043
AACCCGAGCAGAATCG-1,0.000656,0.265171,0.001311,0.190661,0.408269,0.133276,0.000656
AACCCGCTGTATTCCA-1,0.013139,0.309915,0.590121,0.086159,0.000222,0.000222,0.000222
AACCCTACTGTCAATA-1,0.000076,0.000076,0.009816,0.178846,0.644546,0.050363,0.116277
AACCCTGGTGGAACCA-1,0.000216,0.689053,0.309866,0.000216,0.000216,0.000216,0.000216
AACCGCTAAGGGATGC-1,0.002362,0.584071,0.404114,0.002363,0.002363,0.002363,0.002363
AACCGTTGTGTTTGCT-1,0.000882,0.587073,0.001764,0.000882,0.407636,0.000882,0.000882
AACCTCGCTTTAGCCC-1,0.000125,0.015698,0.544177,0.000125,0.147266,0.113103,0.179504
AACCTGTCACGGAATT-1,0.002555,0.480325,0.506896,0.002556,0.002556,0.002556,0.002556
AACCTTTAAATACGGT-1,0.096247,0.187173,0.698427,0.016697,0.000052,0.001352,0.000052
AACCTTTACGACGTCT-1,0.263892,0.060953,0.568743,0.062335,0.000238,0.000238,0.043601
AACGAAAGTCGTCCCA-1,0.046843,0.000146,0.000292,0.42596,0.4309,0.055334,0.040525
AACGACCTCCTAGCCG-1,0.000438,0.183385,0.814426,0.000438,0.000438,0.000438,0.000438
AACGATAATGCCGTAG-1,0.206918,0.267034,0.445587,0.028856,0.000067,0.017088,0.03445
AACGATAGAAGGGCCG-1,0.163391,0.176465,0.442239,0.066533,0.00005,0.012156,0.139167
AACGCATGATCTGGGT-1,0.001987,0.468407,0.521654,0.001987,0.001988,0.001988,0.001988
AACGCGAACGGCAACA-1,0.001018,0.001018,0.993891,0.001018,0.001018,0.001018,0.001018
AACGCGACCTTGGGCG-1,0.000882,0.394249,0.452757,0.149466,0.000882,0.000882,0.000882
AACGCTGTTGCTGAAA-1,0.000321,0.614545,0.219263,0.000321,0.101726,0.063503,0.000321
AACGGACGTACGTATA-1,0.000783,0.000783,0.935279,0.000783,0.060807,0.000783,0.000783
AACGGCCATCTCCGGT-1,0.089922,0.162725,0.721727,0.003747,0.014347,0.00745,0.000082
AACGTAGTCTACCCAT-1,0.000118,0.000118,0.999293,0.000118,0.000118,0.000118,0.000118
AACGTCAGACTAGTGG-1,0.070551,0.144477,0.444414,0.131329,0.098224,0.09199,0.019014
AACGTCATCCGGCTTG-1,0.033343,0.277334,0.394809,0.146827,0.035285,0.072946,0.039456
AACGTCGCTGCACTTC-1,0.257359,0.040392,0.699897,0.000588,0.000588,0.000588,0.000588
AACGTGCGAAAGTCTC-1,0.030335,0.076461,0.891436,0.000074,0.000074,0.001545,0.000074
AACGTTATCAGCACCT-1,0.000847,0.313927,0.001692,0.000846,0.000846,0.000846,0.680996
AACGTTCTACCATTGT-1,0.00101,0.457436,0.537516,0.00101,0.00101,0.00101,0.00101
AACTACCCGTTTGTCA-1,0.003479,0.003479,0.979124,0.003481,0.003479,0.003478,0.00348
AACTAGCGTATCGCAC-1,0.052383,0.01234,0.933682,0.000399,0.000399,0.000399,0.000399
AACTAGGCTTGGGTGT-1,0.474833,0.202518,0.322402,0.000062,0.000062,0.000062,0.000062
AACTCCAGAGCGTGTT-1,0.00068,0.000681,0.098753,0.483541,0.358994,0.056671,0.000681
AACTCGATAAACACGT-1,0.093259,0.00033,0.134134,0.33645,0.047388,0.00033,0.388109
AACTCGATGGCGCAGT-1,0.001692,0.001692,0.896355,0.095184,0.001692,0.001692,0.001692
AACTCTCAATAGAGCG-1,0.001988,0.365298,0.624761,0.001988,0.001988,0.001988,0.001988
AACTGAGTTATACTGA-1,0.001252,0.991235,0.002505,0.001252,0.001252,0.001252,0.001252
AACTGATATTAGGCCT-1,0.278365,0.194662,0.513081,0.013618,0.000091,0.000091,0.000091
AACTGGGTCCCGACGT-1,0.384672,0.080629,0.534452,0.000062,0.000062,0.000062,0.000062
AACTGGTGTGGGCCTT-1,0.168923,0.002277,0.819694,0.002277,0.002276,0.002276,0.002277
AACTTCTGCGTCTATC-1,0.001474,0.001473,0.193265,0.185698,0.001473,0.001474,0.615143
AACTTGCCCGTATGCA-1,0.009766,0.089285,0.385751,0.005736,0.47527,0.03414,0.000053
AACTTGCGTTCTCGCG-1,0.00107,0.00107,0.63536,0.00107,0.00107,0.00107,0.359288
AACTTTACGGGAGCTT-1,0.003053,0.800958,0.183772,0.003055,0.003054,0.003053,0.003055
AACTTTAGCTGCTGAG-1,0.000544,0.000544,0.674789,0.322488,0.000544,0.000545,0.000544
AACTTTCTCGATCATG-1,0.00072,0.530408,0.001439,0.00072,0.089884,0.00072,0.37611
AAGAAATCACCAGATT-1,0.002722,0.002722,0.983664,0.002724,0.002723,0.002723,0.002723
AAGAAGGATCAGTTAG-1,0.000895,0.216874,0.778653,0.000894,0.000895,0.000894,0.000894
AAGACATACGTGGTTT-1,0.065288,0.278409,0.120883,0.000978,0.000979,0.000978,0.532484
AAGACCAAATAACTCA-1,0.047051,0.000399,0.296953,0.015734,0.084105,0.000399,0.555359
AAGACCCAACTGAACA-1,0.131271,0.702642,0.165924,0.000041,0.000041,0.000041,0.000041
AAGACTAACCCGTTGT-1,0.117482,0.00031,0.880968,0.00031,0.00031,0.00031,0.00031
AAGAGATGAATCGGTA-1,0.000027,0.018737,0.104201,0.010361,0.779637,0.078506,0.008531
AAGAGCTCTTTATCGG-1,0.050642,0.438878,0.508807,0.000093,0.000093,0.000093,0.001394
AAGAGGATGTACGCGA-1,0.014782,0.143348,0.437086,0.055482,0.000047,0.005827,0.343429
AAGAGGCATGGATCGC-1,0.00011,0.047024,0.870225,0.065537,0.00011,0.00011,0.016884
AAGAGGCCCTTTGGAA-1,0.002319,0.983768,0.004638,0.002319,0.002319,0.002319,0.002319
AAGATTGGCGGAACGT-1,0.06172,0.467616,0.01114,0.075963,0.003365,0.027273,0.352922
AAGCACCCTGCGTATC-1,0.073245,0.136894,0.486173,0.022127,0.0438,0.203612,0.034148
AAGCATACTCTCCTGA-1,0.038957,0.493511,0.010904,0.284502,0.05426,0.015956,0.10191
AAGCCGAAGCGGTTTA-1,0.00321,0.003211,0.980737,0.00321,0.00321,0.003211,0.00321
AAGCCGCTTTACCTTG-1,0.001842,0.127241,0.687357,0.178034,0.001842,0.001842,0.001842
AAGCCGGAGAGCAGGA-1,0.000315,0.290946,0.707476,0.000315,0.000315,0.000315,0.000315
AAGCGCAGGGCTTTGA-1,0.000212,0.039456,0.832459,0.000212,0.000212,0.127238,0.000212
AAGCGGAGTGCGCGCA-1,0.020006,0.06353,0.570399,0.081492,0.025027,0.091091,0.148456
AAGCTAGATCGAGTAA-1,0.350802,0.262078,0.313749,0.053492,0.01058,0.001614,0.007686
AAGCTCGTGCCAAGTC-1,0.071892,0.336449,0.529063,0.000184,0.062043,0.000184,0.000184
AAGCTCTTTCATGGTG-1,0.000017,0.000017,0.000034,0.002585,0.99719,0.00014,0.000017
AAGGAGAACTTATAAG-1,0.000244,0.114905,0.727687,0.057825,0.000244,0.000244,0.098851
AAGGAGCGGTTGGTGC-1,0.702228,0.016622,0.140122,0.000046,0.045934,0.082229,0.012818
AAGGATCGATCGCTTG-1,0.002277,0.761298,0.227318,0.002277,0.002277,0.002276,0.002276
AAGGATGAGGGACCTC-1,0.000339,0.660468,0.337835,0.000339,0.000339,0.000339,0.000339
AAGGCAGGCTGTCTCC-1,0.002608,0.002609,0.532294,0.002609,0.454663,0.002609,0.002609
AAGGCGCGTAAAGCTT-1,0.031453,0.133728,0.104601,0.117389,0.168148,0.23508,0.209601
AAGGCTGTGCTCATCG-1,0.489636,0.148027,0.265949,0.016238,0.062261,0.014575,0.003313
AAGGGAACGACTGGCT-1,0.206734,0.131743,0.387031,0.067574,0.004457,0.175052,0.02741
AAGGGACAGATTCTGT-1,0.171835,0.000233,0.728541,0.000233,0.000233,0.000233,0.098693
AAGGGACTATGCATTC-1,0.00016,0.963153,0.036049,0.00016,0.00016,0.00016,0.00016
AAGGGTTAGCCATGCG-1,0.000295,0.727608,0.190791,0.000295,0.08042,0.000295,0.000295
AAGGGTTTGATTTCAG-1,0.000552,0.72263,0.274611,0.000552,0.000552,0.000552,0.000552
AAGGTATCCTAATATA-1,0.322369,0.08969,0.578698,0.000053,0.000053,0.008874,0.000264
AAGGTGATAAACCAGC-1,0.00033,0.00033,0.409454,0.00033,0.010965,0.578263,0.00033
AAGTAAGCTTCCAAAC-1,0.011367,0.051021,0.787207,0.079228,0.000062,0.06855,0.002564
AAGTAGAAGACCGGGT-1,0.046321,0.316162,0.509996,0.089395,0.000681,0.0257,0.011746
AAGTAGTGACGCGAGG-1,0.023515,0.05026,0.353811,0.00275,0.076265,0.245873,0.247525
AAGTCAATTGTCGTCA-1,0.001391,0.274401,0.39081,0.001391,0.001391,0.001392,0.329224
AAGTCTAGTAGCTGCC-1,0.001376,0.618409,0.374709,0.001376,0.001377,0.001377,0.001376
AAGTCTTCTGTGGCCT-1,0.002782,0.087948,0.898139,0.002783,0.002782,0.002783,0.002783
AAGTGACGACCGAATT-1,0.041163,0.175081,0.666682,0.000178,0.000178,0.000178,0.116539
AAGTGAGTCGGGTTTA-1,0.000852,0.653606,0.001704,0.341283,0.000852,0.000852,0.000852
AAGTGCAAAGGTAGAC-1,0.002912,0.691754,0.293685,0.002912,0.002913,0.002912,0.002912
AAGTGCCTTGACTGTA-1,0.001509,0.202434,0.003017,0.497719,0.001509,0.001508,0.292303
AAGTGCGTTAGAATCT-1,0.000224,0.369188,0.616706,0.000224,0.000224,0.000224,0.01321
AAGTGCTTCTCTATTG-1,0.001766,0.458942,0.532232,0.001764,0.001767,0.001765,0.001764
AAGTGTTTGGAGACGG-1,0.012407,0.003687,0.147264,0.000069,0.556304,0.274177,0.006091
AAGTTCACTCCAAGCT-1,0.000261,0.105888,0.267429,0.000261,0.160735,0.178854,0.286573
AAGTTCAGTCTGCGTA-1,0.000813,0.220683,0.001626,0.104892,0.256704,0.414468,0.000813
AAGTTCGGCCAACAGG-1,0.046379,0.069988,0.694833,0.016505,0.01492,0.002086,0.155289
AAGTTGTGATGTTATA-1,0.002019,0.00202,0.987881,0.00202,0.00202,0.00202,0.00202
AAGTTTACTAATGGCA-1,0.001376,0.533107,0.276055,0.185333,0.001376,0.001376,0.001376
AAGTTTATGGGCCCAA-1,0.089571,0.324864,0.459478,0.000449,0.000449,0.124741,0.000449
AATAACAACGCTCGGC-1,0.000086,0.004285,0.063827,0.021496,0.736594,0.146002,0.027709
AATAACGTCGCGCCCA-1,0.000313,0.389304,0.609131,0.000313,0.000313,0.000313,0.000313
AATAAGTCCTCGAGAC-1,0.000206,0.000206,0.957153,0.041817,0.000206,0.000206,0.000206
AATAATCTTCGTATCG-1,0.000732,0.000732,0.576114,0.000732,0.174494,0.000732,0.246463
AATACAATGTTTCAGG-1,0.00072,0.051811,0.525623,0.00072,0.388553,0.031853,0.00072
AATACCGGAGGGCTGT-1,0.167598,0.282417,0.335524,0.123359,0.000168,0.001438,0.089497
AATACCTGATGTGAAC-1,0.000157,0.15434,0.80616,0.000157,0.000157,0.035131,0.003897
AATAGAATCTGTTTCA-1,0.000112,0.000112,0.000224,0.000112,0.995016,0.004312,0.000112
AATAGCTACCGCGTGC-1,0.001304,0.001304,0.540365,0.001304,0.001304,0.001304,0.453114
AATAGGCACGACCCTT-1,0.002122,0.525619,0.463769,0.002123,0.002122,0.002122,0.002123
AATAGTCCGTCCCGAC-1,0.485324,0.362481,0.152022,0.000043,0.000043,0.000043,0.000043
AATAGTCGCGAGTCGG-1,0.004317,0.004317,0.008636,0.004319,0.004318,0.969774,0.004319
AATATCAAGGTCGGAT-1,0.003296,0.003297,0.98023,0.003294,0.003294,0.003294,0.003295
AATATCCTAGCAAACT-1,0.001669,0.00167,0.989983,0.001669,0.001669,0.00167,0.00167
AATATCGAATCAATGC-1,0.002981,0.002982,0.982117,0.00298,0.00298,0.00298,0.00298
AATATCGAGGGTTCTC-1,0.00072,0.024742,0.97166,0.00072,0.00072,0.00072,0.00072
AATATTGGAGTATTGA-1,0.000537,0.681565,0.315748,0.000538,0.000537,0.000537,0.000538
AATCAGACTGCAGGAC-1,0.001605,0.001605,0.99037,0.001605,0.001605,0.001605,0.001605
AATCATGTAAAGACTC-1,0.000632,0.590243,0.406595,0.000632,0.000632,0.000632,0.000633
AATCCAAGGGCCTGAG-1,0.098639,0.215943,0.573906,0.000244,0.000244,0.000244,0.110779
AATCCATGCAAGGGTG-1,0.002556,0.002556,0.984666,0.002557,0.002555,0.002555,0.002555
AATCCCGCTCAGAGCC-1,0.101827,0.05854,0.251493,0.458595,0.000533,0.000533,0.12848
AATCGAGGTCTCAAGG-1,0.000076,0.000076,0.974402,0.000076,0.000076,0.02522,0.000076
AATCGCCTCAGCGCCA-1,0.00012,0.312339,0.687061,0.00012,0.00012,0.00012,0.00012
AATCGCGCAGAGGACT-1,0.000348,0.581462,0.250109,0.073827,0.093558,0.000348,0.000348
AATCGGGACACTACGA-1,0.094772,0.351773,0.551654,0.000451,0.000451,0.00045,0.000451
AATCGGTATAGCCCTC-1,0.000365,0.493143,0.376194,0.000365,0.000365,0.000365,0.129203
AATCGTGAGCCGAGCA-1,0.001715,0.086829,0.904593,0.001715,0.001716,0.001716,0.001716
AATCTAGGTTTACTTG-1,0.000599,0.000599,0.196291,0.619257,0.000599,0.182056,0.000599
AATCTATGCCGGAGCC-1,0.015655,0.015655,0.906042,0.015654,0.015669,0.015656,0.01567
AATCTCTACTGTGGTT-1,0.003129,0.003131,0.981218,0.00313,0.003132,0.003131,0.00313
AATCTGCGTTGGGACG-1,0.100868,0.000206,0.004111,0.000206,0.0858,0.01177,0.797038
AATCTGGCTTTCTAGT-1,0.003577,0.003579,0.527898,0.003578,0.003579,0.003579,0.45421
AATGACAGCAATGTCT-1,0.001121,0.388383,0.554142,0.000103,0.031349,0.000103,0.024799
AATGACGTAGGATGTC-1,0.000098,0.000098,0.992427,0.000098,0.000098,0.007083,0.000098
AATGACTGTCAGCCGG-1,0.170493,0.150781,0.323195,0.074138,0.00522,0.142005,0.134168
AATGAGTTCGCATATG-1,0.001318,0.284267,0.709141,0.001318,0.001318,0.001318,0.001318
AATGATGATACGCTAT-1,0.025401,0.111355,0.693943,0.129851,0.038912,0.000269,0.000269
AATGATGCGACTCCTG-1,0.000533,0.000533,0.001066,0.389739,0.607063,0.000533,0.000533
AATGCACCAAGCAATG-1,0.013025,0.099641,0.874655,0.00012,0.00012,0.012319,0.00012
AATGGTCCACCGTTCA-1,0.001228,0.240122,0.753738,0.001228,0.001228,0.001228,0.001228
AATGGTTCTCACAAGC-1,0.000058,0.066138,0.207614,0.000058,0.208817,0.50871,0.008605
AATGTATGGCACTGTA-1,0.00108,0.377918,0.186558,0.001079,0.001079,0.001079,0.431206
AATGTGCCCGAGGTGT-1,0.095409,0.222113,0.320946,0.155652,0.000391,0.000391,0.205098
AATGTTAAGACCCTGA-1,0.082821,0.000177,0.53261,0.000177,0.000177,0.320889,0.06315
AATGTTGTCGTGAGAC-1,0.002052,0.569772,0.419967,0.002052,0.002052,0.002052,0.002052
AATTAACGGATTTCCA-1,0.163727,0.391922,0.348516,0.092167,0.00082,0.00004,0.002808
AATTACGAGACCCATC-1,0.000309,0.076058,0.17198,0.119273,0.0958,0.236782,0.299798
AATTACTCGTACGCTC-1,0.001605,0.553283,0.438689,0.001606,0.001606,0.001606,0.001605
AATTAGCGCTGCAGCG-1,0.628558,0.16118,0.182092,0.019698,0.000087,0.00195,0.006434
AATTATACCCAGCAAG-1,0.00017,0.109522,0.63091,0.042759,0.00017,0.125275,0.091194
AATTCATAAGGGATCT-1,0.000291,0.000291,0.868488,0.000291,0.000291,0.000291,0.130056
AATTCATTGTCATGCA-1,0.221961,0.073889,0.300726,0.025035,0.000294,0.065127,0.312969
AATTCCAACTTGGTGA-1,0.001841,0.001842,0.98895,0.001842,0.001842,0.001842,0.001842
AATTCCAAGCATGTAC-1,0.216738,0.328469,0.454358,0.000109,0.000109,0.000109,0.000109
AATTCGATTCGAGGAT-1,0.000121,0.000121,0.000242,0.325116,0.254556,0.187187,0.232657
AATTGAACGCTCTGGT-1,0.000022,0.031731,0.00122,0.039616,0.623864,0.098284,0.205263
AATTGCAGCAATCGAC-1,0.001026,0.001026,0.548977,0.001026,0.44589,0.001026,0.001027
AATTGTGGTTGCCAAA-1,0.001227,0.646041,0.347822,0.001227,0.001227,0.001228,0.001227
AATTTGGTTCCAAAGA-1,0.006572,0.065917,0.625129,0.115469,0.135987,0.050714,0.000212
ACAAACCATGCGTCCT-1,0.226523,0.021905,0.478298,0.000149,0.000149,0.000214,0.272762
ACAAACCGACAAGGCG-1,0.000239,0.998327,0.000478,0.000239,0.000239,0.000239,0.000239
ACAAACTCCATCAGAG-1,0.001138,0.992033,0.002277,0.001138,0.001138,0.001138,0.001138
ACAAAGAAGGTAGGCC-1,0.001089,0.001089,0.884888,0.001089,0.001089,0.001089,0.109668
ACAAAGCATGACCTAG-1,0.1278,0.350678,0.519315,0.000552,0.000552,0.000552,0.000552
ACAAATCGCACCGAAT-1,0.049085,0.012582,0.014325,0.00669,0.812539,0.089177,0.015603
ACAAATGGTAGTGTTT-1,0.001581,0.000076,0.317572,0.002567,0.002078,0.296585,0.37954
ACAACGGTCCCTGCGA-1,0.018395,0.054385,0.083141,0.040534,0.617484,0.121615,0.064445
ACAAGCAGTGCCTAGC-1,0.003031,0.000023,0.071232,0.000023,0.851705,0.068129,0.005857
ACAAGCTATATGGAAG-1,0.003055,0.003055,0.981669,0.003056,0.003055,0.003055,0.003055
ACAAGGAAATCCGCCC-1,0.131296,0.458859,0.393601,0.000064,0.000064,0.01605,0.000064
ACAAGGACAAGAGGTT-1,0.037811,0.1788,0.37312,0.06161,0.101158,0.17171,0.075791
ACAAGGATGCTTTAGG-1,0.000118,0.010297,0.230321,0.000118,0.168736,0.551739,0.03867
ACAAGGGCAGGCTCTG-1,0.003798,0.244583,0.677371,0.032771,0.023337,0.000075,0.018065
ACAATAGTCGTACGTT-1,0.001407,0.001407,0.991558,0.001407,0.001407,0.001407,0.001407
ACAATCCATTTAAACC-1,0.00703,0.175469,0.489841,0.000038,0.117969,0.139711,0.069942
ACAATCGATCTTTATA-1,0.000684,0.193647,0.802932,0.000684,0.000684,0.000684,0.000684
ACAATGAATACGGAGA-1,0.00013,0.176299,0.607025,0.00013,0.040693,0.051174,0.124548
ACAATTGTGTCTCTTT-1,0.005215,0.005219,0.352968,0.005217,0.005218,0.005218,0.620945
ACAATTTAGGAGGCTC-1,0.002455,0.002456,0.632512,0.002455,0.355211,0.002456,0.002455
ACAATTTGAGCAGTGG-1,0.049969,0.033335,0.829554,0.014756,0.000185,0.041196,0.031006
ACAATTTGGCCATATT-1,0.002087,0.985391,0.004176,0.002086,0.002087,0.002087,0.002087
ACACAAAGACGGGTGG-1,0.340036,0.213215,0.289367,0.000055,0.14043,0.002912,0.013984
ACACAAATATTCCTAG-1,0.001869,0.001869,0.988787,0.001869,0.001869,0.001869,0.001869
ACACACCAGGACCAGT-1,0.000533,0.549422,0.001066,0.000533,0.263971,0.183942,0.000533
ACACACTTTCTACACG-1,0.025318,0.026431,0.353638,0.000054,0.38472,0.005223,0.204616
ACACATGATCAAATCT-1,0.000057,0.03447,0.914098,0.000196,0.000057,0.000057,0.051066
ACACATTGACGCAACA-1,0.001898,0.001897,0.693673,0.29684,0.001897,0.001897,0.001897
ACACATTTCCGTAGAC-1,0.151703,0.515832,0.33139,0.000269,0.000269,0.000269,0.000269
ACACCACATAATTAGC-1,0.000489,0.000489,0.000978,0.175786,0.399031,0.000489,0.422736
ACACCCAGCATGCAGC-1,0.398991,0.136544,0.415611,0.000036,0.000118,0.048664,0.000036
ACACCCGAGAAATCCG-1,0.011553,0.009019,0.827277,0.000024,0.046873,0.086246,0.019009
ACACCGAGCGCTCTTT-1,0.004815,0.004817,0.971111,0.004813,0.004816,0.004815,0.004814
ACACCGGTCTGACCGC-1,0.08479,0.255695,0.467821,0.0278,0.087763,0.013762,0.06237
ACACCTTAAGTAGGGC-1,0.029261,0.30033,0.450832,0.017775,0.030795,0.053936,0.117071
ACACCTTACTACTTGC-1,0.002362,0.423526,0.35211,0.002363,0.002362,0.002363,0.214914
ACACGGCACTATGCAT-1,0.003654,0.024324,0.855243,0.000235,0.000235,0.000235,0.116073
ACACGTAGGCCACAAG-1,0.001816,0.707228,0.283698,0.001815,0.001815,0.001815,0.001815
ACACTCCAATGTCACT-1,0.001305,0.072738,0.572538,0.001305,0.001304,0.001305,0.349506
ACACTGGGACAGTCGT-1,0.001738,0.987825,0.003479,0.001739,0.001739,0.00174,0.001739
ACAGAACTGAGAACAA-1,0.000048,0.41125,0.46429,0.044243,0.008834,0.000816,0.070518
ACAGATTAGGTTAGTG-1,0.000293,0.449094,0.400211,0.149523,0.000293,0.000293,0.000293
ACAGCATAGAGCCAGT-1,0.00084,0.618346,0.377453,0.00084,0.00084,0.00084,0.00084
ACAGCGACATTCTCAT-1,0.004638,0.004638,0.972169,0.004639,0.004639,0.00464,0.004639
ACAGGAGGCGCAGCCG-1,0.000471,0.000471,0.997175,0.000471,0.000471,0.000471,0.000471
ACAGGCACGGATCCTT-1,0.000788,0.000788,0.751722,0.000788,0.24434,0.000788,0.000788
ACAGGCTTGCCCGACT-1,0.026706,0.043125,0.459339,0.005152,0.424663,0.024245,0.016769
ACAGGTGTGTTGTTGC-1,0.00391,0.003912,0.976534,0.00391,0.003911,0.003912,0.003911
ACAGTAATACAACTTG-1,0.003212,0.003211,0.702737,0.003211,0.003211,0.003211,0.281207
ACAGTATACCGTGGGA-1,0.000381,0.000381,0.813262,0.000381,0.023613,0.161602,0.000381
ACATAAGTCGTGGTGA-1,0.002846,0.002847,0.982923,0.002846,0.002846,0.002846,0.002846
ACATAATAAGGCGGTG-1,0.650853,0.256802,0.092196,0.000037,0.000037,0.000037,0.000037
ACATACAATCAAGCGG-1,0.00022,0.049791,0.847345,0.00022,0.00022,0.00022,0.101982
ACATCAGCTGGGACGC-1,0.001605,0.001605,0.401232,0.001605,0.001605,0.001605,0.59074
ACATCCCGGCCATACG-1,0.873144,0.015343,0.086353,0.008903,0.016169,0.000044,0.000044
ACATCCTGGTAACTGT-1,0.002783,0.002783,0.470991,0.002782,0.515095,0.002783,0.002783
ACATCGGTCAGCCGCG-1,0.047716,0.319051,0.427617,0.009409,0.000215,0.074105,0.121886
ACATCGTATGCAATGG-1,0.013051,0.095218,0.891482,0.000062,0.000062,0.000062,0.000062
ACATCGTTAACCTAGT-1,0.000237,0.347079,0.651738,0.000237,0.000237,0.000237,0.000237
ACATCTCAACGCGTAA-1,0.000971,0.086863,0.694791,0.214463,0.000971,0.000971,0.000971
ACATGGCGCCAAAGTA-1,0.167806,0.361501,0.468274,0.000605,0.000605,0.000605,0.000605
ACATGGCTCAATTTAG-1,0.004318,0.00432,0.974096,0.004315,0.004316,0.004317,0.004317
ACATTTGAAACCTAAC-1,0.000209,0.113395,0.804642,0.000209,0.000209,0.000209,0.081129
ACCAAACACCCAGCGA-1,0.000517,0.000517,0.5353,0.000517,0.000518,0.026811,0.435819
ACCAAACTAGAAATCC-1,0.001815,0.490545,0.362533,0.001815,0.001815,0.139663,0.001815
ACCAACACCACACACT-1,0.002319,0.002319,0.004639,0.201934,0.002319,0.002319,0.78415
ACCAACCGCACTCCAC-1,0.000562,0.000562,0.001123,0.160402,0.000562,0.18052,0.65627
ACCAAGAACGCGTGTC-1,0.0601,0.422076,0.315885,0.022031,0.000036,0.027463,0.152409
ACCAAGTCATCGGCAG-1,0.000688,0.000688,0.711834,0.0626,0.222814,0.000688,0.000688
ACCAATATGCAAGTTA-1,0.023076,0.578356,0.070367,0.039448,0.093344,0.15276,0.042649
ACCACACGGTTGATGG-1,0.000288,0.000289,0.998269,0.000289,0.000289,0.000289,0.000289
ACCACCAATGTAACAA-1,0.00075,0.424834,0.266142,0.00075,0.00075,0.00075,0.306025
ACCACCCTCTCTTCTA-1,0.049792,0.001193,0.508976,0.001193,0.001192,0.001193,0.436461
ACCACGTGCAGCTATA-1,0.000159,0.326749,0.672454,0.000159,0.000159,0.000159,0.000159
ACCACTGTTCAAGAAG-1,0.099237,0.073326,0.818542,0.000372,0.000372,0.000372,0.00778
ACCAGACCATAACAAC-1,0.001692,0.134618,0.731818,0.126795,0.001692,0.001692,0.001692
ACCAGCCCGGTCTTTG-1,0.001149,0.957047,0.037209,0.001149,0.001149,0.001149,0.001149
ACCAGGAGTGTGATCT-1,0.000302,0.085974,0.439153,0.283353,0.000302,0.000302,0.190614
ACCAGTGCGGGAGACG-1,0.00202,0.00202,0.987881,0.00202,0.00202,0.00202,0.00202
ACCATCCGCCAACTAG-1,0.003478,0.335321,0.647283,0.003479,0.00348,0.00348,0.003479
ACCATTAAGGGTGTCA-1,0.00447,0.651648,0.008946,0.004472,0.004471,0.32152,0.004473
ACCCAACGCCCGTGGC-1,0.019202,0.000858,0.97651,0.000858,0.000858,0.000858,0.000858
ACCCACCTACATGCTC-1,0.017118,0.078009,0.082373,0.003205,0.511253,0.2916,0.016443
ACCCATCTTGAGGGTA-1,0.00292,0.316793,0.637811,0.00007,0.011234,0.00007,0.031102
ACCCATTTGTCCCTCT-1,0.000994,0.497901,0.497131,0.000994,0.000994,0.000994,0.000994
ACCCGGAAACTCCCAG-1,0.01216,0.800072,0.116177,0.001492,0.014837,0.050179,0.005082
ACCCGGAGCACCACAA-1,0.000099,0.383778,0.615727,0.000099,0.000099,0.000099,0.000099
ACCCGGATGACGCATC-1,0.000221,0.000221,0.948041,0.000221,0.000221,0.015787,0.035288
ACCCGTAGTCTAGTTG-1,0.000214,0.074149,0.282002,0.455672,0.061576,0.074068,0.052319
ACCCGTGTCATCAGTA-1,0.397983,0.320735,0.280978,0.000076,0.000076,0.000076,0.000076
ACCCTATAGGACTGAG-1,0.067528,0.000768,0.405526,0.118077,0.000768,0.406564,0.000768
ACCCTCCCGTCAGGGC-1,0.000745,0.301263,0.540133,0.000745,0.000745,0.155622,0.000745
ACCCTCCCTTGCTATT-1,0.000037,0.021386,0.103901,0.022987,0.408177,0.401295,0.042217
ACCCTGGTAACGCCCT-1,0.001508,0.460468,0.419721,0.113778,0.001508,0.001508,0.001509
ACCCTTCATCTGCGAA-1,0.000106,0.187724,0.078501,0.000106,0.56121,0.001826,0.170527
ACCCTTGCCTGGGTCG-1,0.000971,0.000971,0.994176,0.000971,0.000971,0.000971,0.000971
ACCGAAAGGGCCCTGC-1,0.004474,0.218641,0.759001,0.004472,0.004471,0.004471,0.004471
ACCGAAGAGTCTGGTT-1,0.003131,0.649686,0.006262,0.00313,0.33153,0.003131,0.00313
ACCGACACATCTCCCA-1,0.142141,0.213756,0.418925,0.171576,0.019085,0.031857,0.00266
ACCGAGTCTCCTTATT-1,0.000459,0.000459,0.997248,0.000459,0.000459,0.000459,0.000459
ACCGATAGGCATAACC-1,0.181017,0.003914,0.206589,0.003914,0.003912,0.003912,0.596742
ACCGATATTTAATCAT-1,0.002722,0.002722,0.529248,0.293881,0.165982,0.002723,0.002723
ACCGATGGTAGCATCG-1,0.001473,0.001473,0.785585,0.001473,0.001473,0.207048,0.001473
ACCGCAATAACTGCCT-1,0.189311,0.191876,0.450098,0.000038,0.088786,0.079853,0.000038
ACCGCGGTGGAAGTCG-1,0.002555,0.982108,0.005112,0.002556,0.002556,0.002556,0.002556
ACCGGGCCTTTGTTGA-1,0.135828,0.124549,0.403132,0.002455,0.002455,0.002455,0.329125
ACCGGTCAGGTACACC-1,0.156935,0.00418,0.722958,0.000219,0.000219,0.000219,0.115271
ACCGTCCACTGGGCCC-1,0.001035,0.498772,0.496052,0.001035,0.001035,0.001035,0.001035
ACCGTGACCACGTGGG-1,0.100568,0.012739,0.792809,0.016738,0.066517,0.010468,0.000161
ACCGTTCCCGCTCTGA-1,0.001842,0.331696,0.492687,0.001842,0.001841,0.001842,0.16825
ACCTAAGTACCTTTCA-1,0.000104,0.260921,0.644749,0.000885,0.009675,0.000104,0.083561
ACCTAATCGACTTCCT-1,0.000016,0.041445,0.027429,0.009153,0.741306,0.164091,0.01656
ACCTACAGTATGTGGT-1,0.002505,0.002504,0.984971,0.002504,0.002505,0.002505,0.002505
ACCTACTATAAATCTA-1,0.001869,0.389357,0.601299,0.001869,0.001869,0.001869,0.001869
ACCTCAGCGAGGCGCA-1,0.000106,0.033016,0.966456,0.000106,0.000106,0.000106,0.000106
ACCTCCGCCCTCGCTG-1,0.000895,0.000895,0.001789,0.993738,0.000894,0.000895,0.000894
ACCTCCGTTATTCACC-1,0.003212,0.003211,0.712477,0.003212,0.003211,0.271465,0.003211
ACCTCGAACTTATGCT-1,0.093649,0.04833,0.625707,0.076698,0.074901,0.011213,0.069502
ACCTGCGTGTCATGTT-1,0.000385,0.4654,0.0031,0.000385,0.000386,0.000386,0.529959
ACCTTTCCTTTAGAAG-1,0.001491,0.001491,0.991055,0.001491,0.00149,0.00149,0.001491
ACGAAATGGGCGGCAC-1,0.000163,0.361459,0.579345,0.000163,0.032367,0.000163,0.026341
ACGACCCATGAGTTGC-1,0.040821,0.220303,0.735748,0.000092,0.002852,0.000092,0.000092
ACGACTCTAGGGCCGA-1,0.000646,0.000646,0.89844,0.000645,0.098332,0.000646,0.000646
ACGAGAACCCATCACG-1,0.001053,0.001052,0.993686,0.001052,0.001052,0.001052,0.001052
ACGAGGATACCACTCT-1,0.000111,0.000111,0.306558,0.017234,0.154149,0.234223,0.287615
ACGAGGTTTACAACGT-1,0.003385,0.976306,0.006771,0.003385,0.003384,0.003385,0.003385
ACGAGTACGGATGCCC-1,0.002407,0.576956,0.411004,0.002408,0.002408,0.002408,0.002408
ACGAGTCGCCGGCGTT-1,0.001956,0.001957,0.626391,0.363826,0.001957,0.001956,0.001957
ACGATACATAGAACTA-1,0.066669,0.158722,0.773096,0.000378,0.000378,0.000378,0.000378
ACGATACCTATCCTGA-1,0.001278,0.001278,0.533381,0.46023,0.001278,0.001278,0.001278
ACGATCATCTTGTAAA-1,0.003054,0.27187,0.71286,0.003054,0.003054,0.003055,0.003054
ACGATGGATCCGATGC-1,0.09279,0.000403,0.905197,0.000403,0.000403,0.000403,0.000403
ACGCAAACTAATAGAT-1,0.147673,0.158851,0.255273,0.001376,0.001376,0.001376,0.434074
ACGCAATCACTACAGC-1,0.002087,0.752246,0.004174,0.002087,0.235233,0.002087,0.002087
ACGCATACGTTTACTA-1,0.315253,0.002087,0.280977,0.002087,0.395422,0.002087,0.002087
ACGCCACTCGAAACAG-1,0.000442,0.000442,0.997345,0.000442,0.000442,0.000442,0.000443
ACGCCAGATGATTTCT-1,0.000636,0.995551,0.001271,0.000636,0.000636,0.000636,0.000636
ACGCCAGTGCGTTTGC-1,0.000787,0.111176,0.884886,0.000788,0.000788,0.000788,0.000788
ACGCCCAGCTGTCGAT-1,0.001546,0.001546,0.990726,0.001546,0.001545,0.001545,0.001546
ACGCCGCTAGACGACC-1,0.105144,0.319732,0.214823,0.30478,0.052245,0.000054,0.003222
ACGCCTGACACGCGCT-1,0.050225,0.228942,0.48438,0.184902,0.000204,0.000204,0.051143
ACGCGCTACACAGGGT-1,0.022435,0.382438,0.480054,0.000641,0.079163,0.029005,0.006264
ACGCGTTTCTTAAGAG-1,0.00298,0.200548,0.784542,0.002982,0.002983,0.002982,0.002982
ACGCTACTGAATGGGC-1,0.044393,0.055599,0.851855,0.000441,0.000441,0.000441,0.046831
ACGCTAGTGATACACT-1,0.001278,0.001278,0.002555,0.001278,0.001278,0.001278,0.991056
ACGCTGTGAGGCGTAG-1,0.003793,0.003795,0.857867,0.003793,0.003794,0.003793,0.123164
ACGGAACACGAGTGCC-1,0.000373,0.150259,0.730506,0.000373,0.000373,0.000373,0.117745
ACGGAATTTAGCAAAT-1,0.000435,0.157846,0.813895,0.000435,0.000435,0.02652,0.000435
ACGGACTCTCAAAGCG-1,0.027674,0.130949,0.039811,0.170144,0.237632,0.279513,0.114277
ACGGAGCGCAAATTAC-1,0.000517,0.601687,0.172731,0.000517,0.223512,0.000517,0.000517
ACGGATGGTGCGGATA-1,0.011265,0.020183,0.102726,0.023597,0.609103,0.162935,0.070191
ACGGCGACGATGGGAA-1,0.000055,0.056938,0.942787,0.000055,0.000055,0.000055,0.000055
ACGGCGGGTTGCCCTG-1,0.000154,0.000154,0.999075,0.000154,0.000154,0.000154,0.000154
ACGGCTGGATGTAGAA-1,0.000617,0.000617,0.188636,0.000617,0.000617,0.000617,0.80828
ACGGGAGTGTCGGCCC-1,0.042644,0.520521,0.307019,0.000089,0.000089,0.000089,0.12955
ACGGGCGTATGCGACA-1,0.000265,0.161693,0.669036,0.039881,0.000265,0.000265,0.128593
ACGGGTCATGTGACTT-1,0.003478,0.534776,0.447834,0.003478,0.003478,0.003478,0.003478
ACGGTACAGTTCAATG-1,0.000659,0.000659,0.839796,0.000659,0.000659,0.156908,0.000659
ACGTACAGATTTCTCT-1,0.001692,0.988155,0.003384,0.001692,0.001692,0.001692,0.001692
ACGTAGGAGAGTCGCT-1,0.000174,0.000174,0.998955,0.000174,0.000174,0.000174,0.000174
ACGTATTACTCCGATC-1,0.00167,0.161357,0.634794,0.001669,0.00167,0.00167,0.197171
ACGTCCTAAACGAGAT-1,0.001455,0.001456,0.991264,0.001456,0.001456,0.001456,0.001456
ACGTCTCGTTCCGGGA-1,0.001841,0.001841,0.827475,0.163318,0.001841,0.001842,0.001841
ACGTGACAAAGTAAGT-1,0.001565,0.275975,0.7162,0.001565,0.001565,0.001565,0.001565
ACGTGCGCCTCGTGCA-1,0.011879,0.477192,0.446157,0.000102,0.000102,0.000102,0.064466
ACGTGGTCGAATGTGC-1,0.000127,0.721909,0.276358,0.000127,0.001224,0.000127,0.000127
ACGTTAGATTTGCCCG-1,0.117759,0.255199,0.530976,0.001896,0.058794,0.006028,0.029348
ACGTTATTGGTCACTC-1,0.745882,0.006592,0.221161,0.00659,0.006593,0.006592,0.00659
ACGTTCACTATGCCGC-1,0.002982,0.731765,0.25333,0.002981,0.002981,0.002981,0.002981
ACGTTCCGCGCTCCGT-1,0.001627,0.860745,0.131123,0.001626,0.001626,0.001627,0.001627
ACGTTCGCAATCAATT-1,0.001035,0.252906,0.00207,0.628316,0.113604,0.001035,0.001035
ACGTTCGTTCAGGAAA-1,0.152425,0.099807,0.747085,0.000171,0.000171,0.000171,0.000171
ACGTTCTGTACAAGTC-1,0.00101,0.00101,0.761166,0.00101,0.233784,0.00101,0.00101
ACGTTTAGTTGTGATC-1,0.19765,0.238734,0.557792,0.001456,0.001456,0.001456,0.001456
ACGTTTCGGTGCACTT-1,0.000474,0.000474,0.997154,0.000474,0.000474,0.000474,0.000474
ACTAAGGACGCACACC-1,0.000073,0.181847,0.528594,0.027692,0.065606,0.022715,0.173473
ACTACAAAGAGAGGTG-1,0.048482,0.016907,0.679377,0.022985,0.062038,0.000158,0.170054
ACTACATCCCGACAAG-1,0.158627,0.074336,0.556138,0.039978,0.001327,0.026388,0.143206
ACTACCAGCTCTCTGG-1,0.066069,0.206362,0.464112,0.039529,0.103859,0.064834,0.055235
ACTACGCGTTAGAATT-1,0.277125,0.431935,0.197573,0.085672,0.000054,0.000054,0.007586
ACTAGTTGCGATCGTC-1,0.003054,0.003054,0.981674,0.003054,0.003055,0.003055,0.003054
ACTATATGCTGTGTTC-1,0.115852,0.186906,0.520082,0.097142,0.000329,0.047166,0.032524
ACTATCCAGGGCATGG-1,0.005008,0.005008,0.969952,0.005007,0.005008,0.005009,0.005007
ACTATCGCCGGCTAAA-1,0.011495,0.102645,0.251133,0.083714,0.030883,0.17977,0.340359
ACTATCTGCCCGCGTA-1,0.005007,0.005009,0.969959,0.005006,0.005006,0.005007,0.005007
ACTATGTCCAGCTGCC-1,0.125179,0.14462,0.54487,0.000126,0.060579,0.075543,0.049083
ACTATTCGTCCGTGGT-1,0.000914,0.903126,0.092304,0.000914,0.000914,0.000914,0.000914
ACTATTTCCGGGCCCA-1,0.035113,0.190379,0.629543,0.123689,0.000178,0.000178,0.02092
ACTCAACGAATGTATT-1,0.001098,0.001099,0.99341,0.001098,0.001098,0.001098,0.001098
ACTCAAGTGCAAGGCT-1,0.000305,0.351931,0.087392,0.117401,0.000305,0.442361,0.000305
ACTCAGACCTGCTTCT-1,0.002363,0.98346,0.004725,0.002363,0.002363,0.002363,0.002363
ACTCCCATTCCTAAAG-1,0.170637,0.353789,0.006958,0.003478,0.003479,0.003478,0.458181
ACTCCCGAATTCGTTT-1,0.005009,0.00501,0.969942,0.005011,0.005009,0.005009,0.005009
ACTCCCGTAGACTAGG-1,0.000716,0.121447,0.562638,0.000716,0.000716,0.000716,0.313053
ACTCCCTAATGCTAAA-1,0.145251,0.412265,0.442104,0.000072,0.000072,0.000072,0.000165
ACTCCCTAGAATAGTA-1,0.20042,0.726073,0.019047,0.035899,0.007027,0.000505,0.01103
ACTCCGGCCGACCACT-1,0.026364,0.001182,0.665007,0.001181,0.001181,0.18934,0.115745
ACTCGATGTATTTCAT-1,0.003295,0.003295,0.98023,0.003295,0.003295,0.003295,0.003295
ACTCGCCGTTCGATAA-1,0.263938,0.414023,0.316978,0.001265,0.001265,0.001265,0.001265
ACTCGCGATCTGACGC-1,0.179926,0.308868,0.501187,0.002505,0.002504,0.002504,0.002505
ACTCGTAACCCGTCCT-1,0.063561,0.350613,0.378143,0.045711,0.116481,0.000074,0.045418
ACTCGTCAGTAATCCC-1,0.144526,0.209752,0.55418,0.061898,0.000117,0.000117,0.02941
ACTCTAAACCTGGGAT-1,0.001764,0.447944,0.543237,0.001763,0.001764,0.001764,0.001764
ACTCTCTGACTTAGGT-1,0.000099,0.032741,0.887619,0.000099,0.000099,0.001594,0.077749
ACTCTGACCTAATAGA-1,0.00097,0.000971,0.994176,0.000971,0.000971,0.000971,0.000971
ACTCTTCAGCTCCCGC-1,0.35275,0.003794,0.628278,0.003793,0.003795,0.003795,0.003795
ACTGAAACGCCGTTAG-1,0.001606,0.240659,0.751313,0.001606,0.001606,0.001606,0.001606
ACTGAATGGCGAAAGT-1,0.00596,0.000048,0.694052,0.000048,0.156723,0.14312,0.000048
ACTGCCGTCGTAACTC-1,0.019411,0.89155,0.088244,0.000199,0.000199,0.000199,0.000199
ACTGCGGACACACCGT-1,0.001987,0.986088,0.003976,0.001988,0.001987,0.001987,0.001987
ACTGCTCGGAAGGATG-1,0.000556,0.395681,0.601536,0.000557,0.000557,0.000557,0.000557
ACTGGCGAACCTGCGT-1,0.084681,0.044829,0.563049,0.182003,0.083724,0.027988,0.013726
ACTGGGATGCCAGTGC-1,0.081121,0.141063,0.0687,0.295079,0.1103,0.015451,0.288287
ACTGTACGATACACAT-1,0.076768,0.134712,0.570899,0.066166,0.000171,0.151113,0.000171
ACTGTAGCACTTTGGA-1,0.000058,0.298552,0.583607,0.0007,0.074354,0.036548,0.006182
ACTGTATACGCGAGCA-1,0.000754,0.000754,0.995474,0.000754,0.000754,0.000754,0.000754
ACTGTGCTAGTAGATC-1,0.062705,0.013991,0.23053,0.000312,0.511157,0.144886,0.036419
ACTGTTTAGTGTAGGC-1,0.000835,0.000835,0.994991,0.000835,0.000835,0.000835,0.000835
ACTTACGCATCCACGC-1,0.131335,0.265817,0.327747,0.000058,0.091432,0.179552,0.00406
ACTTAGTACGACAAGA-1,0.062573,0.012203,0.226643,0.000075,0.183904,0.512205,0.002396
ACTTATACTTACCCGG-1,0.000649,0.000649,0.869779,0.000649,0.000649,0.000649,0.126977
ACTTATCTGATCTATA-1,0.12012,0.075194,0.417686,0.239348,0.034796,0.012534,0.100322
ACTTATTTATGTGCCA-1,0.002608,0.547622,0.005218,0.003397,0.002609,0.435937,0.002609
ACTTCAGGCTGATCCC-1,0.000018,0.000018,0.003061,0.000018,0.552681,0.437386,0.006818
ACTTCCAGTGGAAGCT-1,0.000927,0.721259,0.096977,0.000928,0.000928,0.000928,0.178055
ACTTCCATGCGGGACA-1,0.000258,0.288252,0.618725,0.000258,0.079179,0.01307,0.000258
ACTTCGCTAGCGAGTG-1,0.003296,0.003296,0.980223,0.003296,0.003297,0.003297,0.003296
ACTTGACTCCCTCTTT-1,0.166176,0.149633,0.683734,0.000114,0.000114,0.000114,0.000114
ACTTGCCATATTGTAC-1,0.000281,0.003358,0.339108,0.027789,0.000281,0.000281,0.628901
ACTTGGGACCCGGTGG-1,0.289373,0.025264,0.39912,0.031193,0.216403,0.021027,0.017619
ACTTGGGCTTTCGCCA-1,0.000064,0.000064,0.768084,0.018323,0.000064,0.076986,0.136415
ACTTGTAGTCCCTTCA-1,0.004815,0.966279,0.009635,0.004819,0.004817,0.004818,0.004817
ACTTGTGGATGGAACG-1,0.003795,0.003795,0.977232,0.003794,0.003794,0.003795,0.003795
ACTTGTTACCGGATCA-1,0.035172,0.00077,0.487998,0.344737,0.000111,0.000111,0.131102
ACTTTACCCTCATGAA-1,0.000941,0.000942,0.001883,0.150669,0.015604,0.829019,0.000942
ACTTTGACTGCATCCT-1,0.087298,0.000692,0.675342,0.127572,0.000692,0.000692,0.107712
ACTTTGGTCGTGCTCC-1,0.000835,0.889192,0.106634,0.000835,0.000835,0.000835,0.000835
ACTTTGTCGACGCACT-1,0.001898,0.746146,0.244368,0.001897,0.001897,0.001897,0.001897
AGAAATTATGACTCGC-1,0.000882,0.000882,0.001764,0.187923,0.000882,0.199646,0.608022
AGAACCCAGCGTGACA-1,0.002913,0.002913,0.982529,0.002912,0.002912,0.002912,0.002911
AGAACCCTCAATTGGG-1,0.001291,0.001291,0.624193,0.001291,0.001291,0.001291,0.369352
AGAACTGTACTTTGTA-1,0.00035,0.00035,0.779634,0.00035,0.00035,0.00035,0.218617
AGAAGAGCGCCGTTCC-1,0.001585,0.344871,0.485186,0.001585,0.163603,0.001585,0.001585
AGAAGGTACACTTCAC-1,0.001253,0.759407,0.234331,0.001252,0.001252,0.001252,0.001252
