Barcode,Topic 1,Topic 2,Topic 3,Topic 4,Topic 5,Topic 6,Topic 7,Topic 8,Topic 9,Topic 10
AAACACCAATAACTGC-1,0.000105,0.316001,0.135383,0.034899,0.000105,0.000105,0.000105,0.161569,0.05153,0.3002
AAACAGAGCGACTCCT-1,0.000034,0.21047,0.173413,0.121063,0.000034,0.013413,0.000395,0.322741,0.14613,0.012306
AAACAGCTTTCAGAAG-1,0.000032,0.860215,0.139526,0.000032,0.000032,0.000032,0.000032,0.000032,0.000032,0.000032
AAACAGGGTCTATATT-1,0.000008,0.071715,0.011514,0.00784,0.000008,0.12844,0.585144,0.003929,0.183823,0.007581
AAACCGGGTAGGTACC-1,0.000007,0.052719,0.015552,0.104356,0.000007,0.084809,0.734505,0.003548,0.004401,0.000095
AAACCTCATGAAGTTG-1,0.000012,0.12156,0.061456,0.086377,0.000012,0.057245,0.658129,0.004423,0.009733,0.001052
AAACGAGACGGTTGAT-1,0.000013,0.02918,0.305073,0.226494,0.000013,0.068071,0.351002,0.009592,0.003497,0.007064
AAACGGTTGCGAACTG-1,0.000136,0.546347,0.09486,0.186213,0.000136,0.000136,0.000136,0.157596,0.014305,0.000136
AAACGTGTTCGCCCTA-1,0.000102,0.556958,0.000102,0.055715,0.000102,0.027069,0.09607,0.263679,0.000102,0.000102
AAACTAACGTGGCGAC-1,0.000667,0.860317,0.000667,0.134348,0.000667,0.000667,0.000667,0.000667,0.000667,0.000667
AAACTCGGTTCGCAAT-1,0.000081,0.140663,0.184894,0.268778,0.000081,0.000081,0.026388,0.066469,0.240423,0.072143
AAACTGCTGGCTCCAA-1,0.000042,0.227472,0.0386,0.40752,0.000042,0.002357,0.211689,0.095409,0.016825,0.000042
AAACTTAATTGCACGC-1,0.000053,0.94506,0.000053,0.05452,0.000053,0.000053,0.000053,0.000053,0.000053,0.000053
AAACTTGCAAACGTAT-1,0.000006,0.034134,0.001223,0.002712,0.000006,0.136101,0.76306,0.004368,0.056668,0.001722
AAAGACCCAAGTCGCG-1,0.000043,0.372076,0.454183,0.173438,0.000043,0.000043,0.000043,0.000043,0.000043,0.000043
AAAGGGATGTAGCAAG-1,0.00003,0.100186,0.383829,0.00003,0.00003,0.270234,0.00003,0.00003,0.243315,0.002287
AAAGGGCAGCTTGAAT-1,0.000036,0.553144,0.084305,0.269107,0.000036,0.072276,0.009816,0.004117,0.007126,0.000036
AAAGGTAAGCTGTACC-1,0.000347,0.000347,0.060538,0.152559,0.000347,0.105611,0.000347,0.335369,0.344185,0.000347
AAAGTAGCATTGCTCA-1,0.000092,0.570969,0.379354,0.049034,0.000092,0.000092,0.000092,0.000092,0.000092,0.000092
AAAGTCGACCCTCAGT-1,0.000005,0.000005,0.000005,0.000005,0.000005,0.301714,0.64935,0.001523,0.046582,0.000809
AAATAACCATACGGGA-1,0.000114,0.066889,0.86639,0.065923,0.000114,0.000114,0.000114,0.000114,0.000114,0.000114
AAATACCTATAAGCAT-1,0.000017,0.084619,0.052546,0.24922,0.000017,0.035523,0.54546,0.026484,0.004173,0.001942
AAATAGCTTAGACTTT-1,0.000045,0.542269,0.100402,0.357018,0.000045,0.000045,0.000045,0.000045,0.000045,0.000045
AAATAGGGTGCTATTG-1,0.000012,0.000804,0.012676,0.05113,0.000012,0.010913,0.001577,0.000012,0.000012,0.922855
AAATGCTCGTTACGTT-1,0.000065,0.869147,0.000065,0.057297,0.000065,0.000065,0.000065,0.000065,0.073103,0.000065
AAATGGCATGTCTTGT-1,0.000167,0.037293,0.000167,0.000167,0.000167,0.114321,0.000167,0.276393,0.470866,0.100292
AAATGGCCCGTGCCCT-1,0.00003,0.199599,0.348334,0.196389,0.00003,0.040511,0.167895,0.026487,0.016487,0.004238
AAATTAACGGGTAGCT-1,0.000051,0.245256,0.217258,0.168832,0.000051,0.164494,0.038854,0.111748,0.052829,0.000627
AAATTAATAAGCGCGA-1,0.000011,0.529837,0.021147,0.135665,0.000011,0.036398,0.089597,0.047646,0.133113,0.006575
AAATTACACGACTCTG-1,0.000083,0.490836,0.493332,0.015249,0.000083,0.000083,0.000083,0.000083,0.000083,0.000083
AAATTACCTATCGATG-1,0.000024,0.150263,0.151257,0.42902,0.000024,0.000025,0.000024,0.220104,0.009242,0.040017
AAATTTGCGGGTGTGG-1,0.000005,0.047845,0.000005,0.021282,0.000005,0.106948,0.715631,0.069182,0.032885,0.00621
AACAACTGGTAGTTGC-1,0.000047,0.349135,0.049615,0.290375,0.000047,0.003524,0.045479,0.261303,0.000426,0.000047
AACAATTACTCTACGC-1,0.00007,0.029748,0.920984,0.002627,0.00007,0.00007,0.046218,0.00007,0.00007,0.00007
AACACACGCTCGCCGC-1,0.000023,0.127097,0.119519,0.175834,0.000023,0.054072,0.272406,0.153599,0.08421,0.013217
AACACGAGACGCGGCC-1,0.000053,0.011656,0.445524,0.4089,0.000053,0.000053,0.1336,0.000053,0.000053,0.000053
AACAGGAAATCGAATA-1,0.000029,0.109563,0.083631,0.046078,0.000029,0.336185,0.094167,0.096563,0.132962,0.100794
AACAGGATGGGCCGCG-1,0.000012,0.161991,0.033285,0.105734,0.000012,0.136493,0.485531,0.016328,0.055426,0.005189
AACATATCAACTGGTG-1,0.000017,0.093526,0.163505,0.013333,0.000017,0.081892,0.036101,0.559657,0.020606,0.031344
AACCAAGACTTCTCTG-1,0.000006,0.00445,0.000755,0.101724,0.000006,0.251705,0.377552,0.225624,0.033032,0.005146
AACCATAGGGTTGAAC-1,0.000044,0.9996,0.000044,0.000044,0.000044,0.000044,0.000044,0.000044,0.000044,0.000044
AACCATGGGATCGCTA-1,0.000056,0.62405,0.375501,0.000056,0.000056,0.000056,0.000056,0.000056,0.000056,0.000056
AACCCAGAGACGGAGA-1,0.000097,0.42565,0.562993,0.010681,0.000097,0.000097,0.000097,0.000097,0.000097,0.000097
AACCCATCCCATGATC-1,0.000129,0.77482,0.000129,0.007853,0.000129,0.005834,0.152037,0.000129,0.058811,0.000129
AACCCTACTGTCAATA-1,0.000029,0.222488,0.001646,0.373825,0.000029,0.022714,0.014423,0.315162,0.049654,0.000029
AACCGAGCTTGGTCAT-1,0.000039,0.000039,0.36794,0.036235,0.000039,0.321851,0.034938,0.034659,0.051313,0.152947
AACCGCTAAGGGATGC-1,0.000027,0.067879,0.010322,0.343662,0.001029,0.15284,0.03286,0.307673,0.07686,0.006848
AACCGTTGTGTTTGCT-1,0.0001,0.699543,0.299653,0.0001,0.0001,0.0001,0.0001,0.0001,0.0001,0.0001
AACCTCGCTTTAGCCC-1,0.00014,0.188552,0.362679,0.222989,0.00014,0.007113,0.166829,0.00014,0.031758,0.019661
AACCTTTAAATACGGT-1,0.00006,0.414452,0.026362,0.391883,0.00006,0.008306,0.031994,0.083281,0.043542,0.00006
AACCTTTACGACGTCT-1,0.000091,0.556723,0.014607,0.258184,0.000091,0.000091,0.000091,0.169941,0.000091,0.000091
AACGAAAGTCGTCCCA-1,0.000027,0.755827,0.000027,0.000027,0.000027,0.000027,0.002022,0.000235,0.241752,0.000027
AACGATAATGCCGTAG-1,0.000059,0.163852,0.10902,0.350845,0.000059,0.050902,0.27156,0.050955,0.00269,0.000059
AACGATATGTCAACTG-1,0.000213,0.29411,0.000213,0.215033,0.471717,0.000213,0.005137,0.000213,0.000213,0.012939
AACGCATGATCTGGGT-1,0.000068,0.267599,0.090429,0.294165,0.000068,0.011437,0.035423,0.152052,0.096184,0.052575
AACGCGAACGGCAACA-1,0.000018,0.75598,0.116679,0.127216,0.000018,0.000018,0.000018,0.000018,0.000018,0.000018
AACGCGGTCTCCAGCC-1,0.000265,0.374119,0.413242,0.113803,0.000265,0.000265,0.000265,0.000265,0.097248,0.000265
AACGCTGTTGCTGAAA-1,0.000107,0.150119,0.419548,0.176502,0.000107,0.028545,0.210435,0.005948,0.000107,0.008582
AACGGACGTACGTATA-1,0.000019,0.191954,0.020409,0.350341,0.000019,0.011321,0.341965,0.05907,0.014617,0.010286
AACGTCAGACTAGTGG-1,0.000021,0.280459,0.021855,0.260316,0.000021,0.009118,0.003902,0.390243,0.02309,0.010976
AACGTGATGAAGGACA-1,0.000322,0.171451,0.575228,0.000322,0.000322,0.000322,0.000322,0.000322,0.25107,0.000322
AACGTGCGAAAGTCTC-1,0.000006,0.033027,0.000185,0.139108,0.000006,0.054986,0.743983,0.027476,0.000801,0.000421
AACGTTATCAGCACCT-1,0.000592,0.319289,0.601831,0.000592,0.000592,0.000592,0.074737,0.000592,0.000592,0.000592
AACTAGGCTTGGGTGT-1,0.000031,0.517957,0.165654,0.005269,0.000031,0.000031,0.000031,0.055819,0.242413,0.012765
AACTCAAGTTAATTGC-1,0.000023,0.229115,0.018596,0.401877,0.000023,0.042648,0.263472,0.026767,0.014828,0.002651
AACTCCTAATCCCATG-1,0.000162,0.586829,0.000162,0.411876,0.000162,0.000162,0.000162,0.000162,0.000162,0.000162
AACTCGATAAACACGT-1,0.00082,0.00082,0.992621,0.00082,0.00082,0.00082,0.00082,0.00082,0.00082,0.00082
AACTCGATGGCGCAGT-1,0.000073,0.784411,0.000073,0.023537,0.000073,0.020809,0.079475,0.000073,0.0914,0.000073
AACTCTCAATAGAGCG-1,0.000024,0.121976,0.013174,0.349342,0.000024,0.055289,0.007988,0.283183,0.138287,0.030714
AACTGAGGTCAGCGTC-1,0.001111,0.542015,0.001111,0.449093,0.001111,0.001111,0.001111,0.001111,0.001111,0.001111
AACTGATATTAGGCCT-1,0.000194,0.358974,0.000194,0.244279,0.000194,0.28501,0.000194,0.060726,0.050042,0.000194
AACTGGGTCCCGACGT-1,0.000117,0.0057,0.944109,0.000117,0.000117,0.000117,0.049373,0.000117,0.000117,0.000117
AACTTCTGCGTCTATC-1,0.000033,0.734009,0.155396,0.000033,0.000033,0.000033,0.001286,0.000033,0.109111,0.000033
AACTTGCCCGTATGCA-1,0.000006,0.056602,0.000006,0.000347,0.000006,0.12582,0.654834,0.010888,0.141921,0.00957
AACTTGCGTTCTCGCG-1,0.000076,0.867818,0.000076,0.000076,0.000076,0.000076,0.000076,0.000076,0.131575,0.000076
AACTTTACGGGAGCTT-1,0.000051,0.318966,0.107085,0.286883,0.000051,0.089331,0.045192,0.011848,0.140045,0.000548
AAGAAGGATCAGTTAG-1,0.000029,0.372747,0.012327,0.002653,0.000029,0.326004,0.013417,0.000029,0.272735,0.000029
AAGACCAAATAACTCA-1,0.000161,0.848633,0.000161,0.077085,0.000161,0.000161,0.000161,0.000161,0.073156,0.000161
AAGACTGCAAGCTACT-1,0.000017,0.0557,0.019803,0.041148,0.000017,0.217146,0.580366,0.059569,0.014894,0.011339
AAGAGATGAATCGGTA-1,0.000034,0.305742,0.196668,0.253241,0.000034,0.113993,0.051382,0.001792,0.041522,0.035591
AAGAGCTCTTTATCGG-1,0.00001,0.010338,0.000713,0.152131,0.00001,0.234399,0.137372,0.296682,0.0915,0.076844
AAGAGGATGTACGCGA-1,0.000015,0.118716,0.0061,0.317211,0.000015,0.013036,0.505696,0.0112,0.025211,0.002799
AAGAGGCATGGATCGC-1,0.000022,0.032945,0.419682,0.420435,0.000022,0.001637,0.118477,0.006734,0.000022,0.000022
AAGATTGGCGGAACGT-1,0.000028,0.352338,0.06671,0.390939,0.000028,0.000028,0.000028,0.189847,0.000028,0.000028
AAGCATACTCTCCTGA-1,0.000108,0.053242,0.120526,0.351739,0.000108,0.042322,0.337115,0.04345,0.051279,0.000108
AAGCGGAGTGCGCGCA-1,0.000033,0.640342,0.000033,0.359397,0.000033,0.000033,0.000033,0.000033,0.000033,0.000033
AAGCGGCGTCATGGGT-1,0.000082,0.614809,0.177932,0.206684,0.000082,0.000082,0.000082,0.000082,0.000082,0.000082
AAGCTAGATCGAGTAA-1,0.000019,0.079152,0.035896,0.21577,0.000019,0.103938,0.380071,0.119211,0.036532,0.029391
AAGCTCGTGCCAAGTC-1,0.000054,0.371212,0.000054,0.37206,0.000054,0.000054,0.256347,0.000054,0.000054,0.000054
AAGCTCTTTCATGGTG-1,0.000098,0.022341,0.331738,0.053164,0.000098,0.000098,0.002723,0.472514,0.117129,0.000098
AAGGATGAGGGACCTC-1,0.000022,0.229663,0.059494,0.136457,0.000022,0.002916,0.024705,0.520065,0.02547,0.001186
AAGGCGCGTAAAGCTT-1,0.000027,0.243779,0.013001,0.35136,0.000027,0.059504,0.053671,0.059254,0.190512,0.028865
AAGGGAACGACTGGCT-1,0.00006,0.297436,0.132583,0.089017,0.00006,0.00961,0.00006,0.038609,0.147559,0.285005
AAGGGACAGATTCTGT-1,0.000029,0.400085,0.037942,0.276466,0.000029,0.000029,0.000029,0.27876,0.004439,0.002193
AAGGTATCCTAATATA-1,0.000035,0.318244,0.042424,0.530798,0.000035,0.048044,0.007611,0.000041,0.052733,0.000035
AAGGTGATAAACCAGC-1,0.000032,0.136152,0.013266,0.281261,0.000032,0.033364,0.075537,0.371087,0.074429,0.014841
AAGTAGAAGACCGGGT-1,0.000123,0.370898,0.034103,0.213286,0.000123,0.000123,0.175477,0.121841,0.083904,0.000123
AAGTAGTGACGCGAGG-1,0.000015,0.110431,0.005051,0.154268,0.000015,0.160267,0.356878,0.12501,0.051946,0.036119
AAGTCTTCTGTGGCCT-1,0.000135,0.454643,0.140993,0.000135,0.000135,0.000135,0.000135,0.263393,0.140163,0.000135
AAGTGACGACCGAATT-1,0.00001,0.069455,0.006768,0.139349,0.00001,0.068894,0.674683,0.028797,0.008916,0.003118
AAGTGCGTTAGAATCT-1,0.000339,0.746016,0.000339,0.134874,0.000339,0.000339,0.000339,0.000339,0.000339,0.116736
AAGTGTTTGGAGACGG-1,0.000334,0.000335,0.996989,0.000335,0.000335,0.000335,0.000335,0.000335,0.000335,0.000335
AAGTTCACTCCAAGCT-1,0.001163,0.398628,0.592068,0.001163,0.001163,0.001163,0.001163,0.001163,0.001163,0.001163
AAGTTCGGCCAACAGG-1,0.000025,0.14829,0.048931,0.652683,0.000025,0.006591,0.111621,0.021775,0.010034,0.000025
AAGTTTATGGGCCCAA-1,0.000071,0.188361,0.330859,0.197642,0.000071,0.016426,0.005004,0.076321,0.099283,0.085961
AATAACAACGCTCGGC-1,0.000009,0.101621,0.039634,0.173666,0.000009,0.028613,0.617888,0.017887,0.010999,0.009674
AATACAATGTTTCAGG-1,0.00005,0.999547,0.00005,0.00005,0.00005,0.00005,0.00005,0.00005,0.00005,0.00005
AATAGAATCTGTTTCA-1,0.000013,0.030634,0.073494,0.353603,0.000013,0.09687,0.410048,0.030209,0.002851,0.002267
AATAGCAAGCCTCCTG-1,0.000018,0.000018,0.007204,0.000018,0.000018,0.153346,0.002899,0.416863,0.164218,0.255401
AATAGTCGCGAGTCGG-1,0.000021,0.691706,0.145309,0.000021,0.000021,0.005464,0.006503,0.000021,0.149072,0.001863
AATATCAAGGTCGGAT-1,0.000029,0.332027,0.459934,0.04464,0.000029,0.000029,0.000381,0.154032,0.000029,0.008869
AATATCGAGGGTTCTC-1,0.000053,0.448139,0.052565,0.376028,0.000053,0.000053,0.000053,0.122948,0.000053,0.000053
AATATTGGAGTATTGA-1,0.000091,0.282282,0.032145,0.329363,0.000091,0.023,0.332753,0.000091,0.000091,0.000091
AATCCAAGGGCCTGAG-1,0.000078,0.323758,0.484209,0.102941,0.000078,0.000078,0.000078,0.088621,0.000078,0.000078
AATCCATGCAAGGGTG-1,0.000068,0.46678,0.165945,0.03261,0.000068,0.000068,0.000068,0.168076,0.096028,0.070288
AATCGCCTCAGCGCCA-1,0.000008,0.002281,0.000358,0.058835,0.000008,0.154,0.304391,0.224717,0.22164,0.033762
AATCTAGGTTTACTTG-1,0.000032,0.150433,0.017199,0.087129,0.000032,0.003386,0.113346,0.414837,0.213574,0.000032
AATCTCTACTGTGGTT-1,0.000357,0.150876,0.553817,0.292806,0.000357,0.000357,0.000357,0.000357,0.000357,0.000357
AATCTGCGTTGGGACG-1,0.000026,0.350598,0.043103,0.208597,0.000026,0.032468,0.027879,0.213618,0.119933,0.003754
AATCTGGCTTTCTAGT-1,0.000052,0.32414,0.02905,0.492822,0.000052,0.010595,0.014456,0.057203,0.053347,0.018283
AATGACAGCAATGTCT-1,0.000031,0.138305,0.154125,0.651304,0.000031,0.000031,0.05078,0.000031,0.000031,0.005328
AATGACGTAGGATGTC-1,0.000014,0.096446,0.026196,0.166126,0.000014,0.084578,0.597792,0.024337,0.004037,0.00046
AATGAGTTCGCATATG-1,0.000024,0.204573,0.081016,0.019145,0.000024,0.007062,0.020634,0.042249,0.625087,0.000187
AATGATGATACGCTAT-1,0.000027,0.337085,0.021223,0.21986,0.000027,0.00267,0.006127,0.41142,0.001534,0.000027
AATGATGCGACTCCTG-1,0.000026,0.175084,0.08961,0.067925,0.000026,0.021406,0.01159,0.604123,0.030185,0.000026
AATGCAACCGGGTACC-1,0.000019,0.712992,0.024453,0.000019,0.000019,0.0762,0.000019,0.000019,0.186241,0.000019
AATGCACCAAGCAATG-1,0.000017,0.238382,0.023799,0.206018,0.000017,0.0223,0.012973,0.411711,0.053377,0.031406
AATGGTCCACCGTTCA-1,0.000047,0.36222,0.157601,0.320986,0.000047,0.030684,0.111831,0.016487,0.000047,0.000047
AATGGTTCTCACAAGC-1,0.000025,0.262998,0.087867,0.289311,0.000025,0.017177,0.025867,0.149732,0.133533,0.033463
AATGTATGGCACTGTA-1,0.000046,0.99959,0.000046,0.000046,0.000046,0.000046,0.000046,0.000046,0.000046,0.000046
AATGTGCCCGAGGTGT-1,0.000163,0.183344,0.494224,0.164533,0.000163,0.060791,0.06799,0.028466,0.000163,0.000163
AATTAACGGATTTCCA-1,0.000015,0.018314,0.254203,0.025397,0.000015,0.011215,0.012927,0.254231,0.30743,0.116253
AATTACTCGTACGCTC-1,0.000398,0.185198,0.811614,0.000399,0.000398,0.000399,0.000399,0.000399,0.000399,0.000399
AATTAGCGCTGCAGCG-1,0.000008,0.044738,0.007328,0.055674,0.000008,0.040871,0.013163,0.03687,0.45714,0.344201
AATTCATAAGGGATCT-1,0.00003,0.450322,0.003922,0.334532,0.00003,0.00003,0.00003,0.200067,0.011007,0.00003
AATTCATTGTCATGCA-1,0.000038,0.470021,0.000038,0.000038,0.000038,0.000038,0.009918,0.01652,0.503315,0.000038
AATTCCAACTTGGTGA-1,0.000039,0.13082,0.854652,0.014252,0.000039,0.000039,0.000039,0.000039,0.000039,0.000039
AATTCTAGAGTTAGGC-1,0.000028,0.322756,0.133849,0.232002,0.000028,0.002095,0.034592,0.139383,0.116191,0.019075
AATTGAACGCTCTGGT-1,0.000025,0.252667,0.004557,0.552272,0.000025,0.004171,0.184707,0.001523,0.000025,0.000025
AATTGCGTGGATTACA-1,0.000058,0.99948,0.000058,0.000058,0.000058,0.000058,0.000058,0.000058,0.000058,0.000058
AATTTGGGACATAGTA-1,0.000135,0.424504,0.074074,0.399314,0.000135,0.039498,0.000482,0.058314,0.000135,0.003409
AATTTGGTTCCAAAGA-1,0.000113,0.454422,0.062567,0.325006,0.000113,0.021854,0.03261,0.103089,0.000113,0.000113
ACAAACCATGCGTCCT-1,0.000157,0.998589,0.000157,0.000157,0.000157,0.000157,0.000157,0.000157,0.000157,0.000157
ACAAATCGCACCGAAT-1,0.000043,0.346612,0.080281,0.16337,0.000043,0.021285,0.376551,0.000043,0.000043,0.011729
ACAAATGGTAGTGTTT-1,0.000023,0.124597,0.027753,0.614852,0.000023,0.010608,0.124812,0.094129,0.00109,0.002113
ACAAATTCAGATCTGA-1,0.000431,0.246285,0.000431,0.503731,0.000431,0.000431,0.000431,0.088365,0.159032,0.000431
ACAACAGCATGAGCTA-1,0.000364,0.334669,0.112219,0.098096,0.000364,0.000364,0.302863,0.000364,0.000364,0.150334
ACAACGGTCCCTGCGA-1,0.000055,0.584106,0.397786,0.017722,0.000055,0.000055,0.000055,0.000055,0.000055,0.000055
ACAAGCAGTGCCTAGC-1,0.000041,0.250321,0.271165,0.252355,0.000041,0.000041,0.225912,0.000041,0.000041,0.000041
ACAAGGAAATCCGCCC-1,0.000143,0.15277,0.210924,0.276088,0.000143,0.000143,0.359358,0.000143,0.000143,0.000143
ACAAGGACAAGAGGTT-1,0.000027,0.364682,0.030064,0.470573,0.000027,0.003195,0.01715,0.063793,0.046229,0.00426
ACAAGGATGCTTTAGG-1,0.000115,0.470765,0.225465,0.098959,0.000115,0.000115,0.112918,0.000115,0.000115,0.091321
ACAAGGGCAGGCTCTG-1,0.000005,0.000393,0.000005,0.039421,0.000005,0.19978,0.728604,0.026292,0.004216,0.001279
ACAATAGTCGTACGTT-1,0.000038,0.149876,0.000038,0.308221,0.000038,0.000295,0.541379,0.000038,0.000038,0.000038
ACAATCCATTTAAACC-1,0.000017,0.200784,0.017279,0.41048,0.000017,0.053214,0.269274,0.014012,0.020228,0.014697
ACAATGATTCTTCTAC-1,0.000199,0.007439,0.26188,0.087932,0.000199,0.162524,0.02349,0.395172,0.060967,0.000199
ACAATTTGAGCAGTGG-1,0.000032,0.347312,0.006738,0.598669,0.000032,0.010304,0.0216,0.015249,0.000032,0.000032
ACACAAATATTCCTAG-1,0.000095,0.394494,0.03013,0.357962,0.000095,0.007236,0.018081,0.188065,0.00154,0.002303
ACACACCAGGACCAGT-1,0.00004,0.316858,0.010166,0.522156,0.00004,0.006389,0.117877,0.025126,0.001309,0.00004
ACACACTTTCTACACG-1,0.000053,0.310713,0.311556,0.078866,0.000053,0.004592,0.000053,0.053125,0.20143,0.039557
ACACATGATCAAATCT-1,0.000442,0.309059,0.193647,0.494196,0.000443,0.000443,0.000443,0.000443,0.000443,0.000443
ACACATTGACGCAACA-1,0.000581,0.081409,0.913939,0.000582,0.000582,0.000582,0.000582,0.000582,0.000582,0.000582
ACACATTTCCGTAGAC-1,0.000055,0.216945,0.628417,0.000055,0.000055,0.000055,0.001022,0.000055,0.122307,0.031033
ACACCCGAGAAATCCG-1,0.00004,0.598507,0.088787,0.308523,0.00004,0.00004,0.00004,0.003943,0.00004,0.00004
ACACCGAGCGCTCTTT-1,0.000282,0.953827,0.043919,0.000282,0.000282,0.000282,0.000282,0.000282,0.000282,0.000282
ACACCGGTCTGACCGC-1,0.000197,0.997746,0.000679,0.000197,0.000197,0.000197,0.000197,0.000197,0.000197,0.000197
ACACCTTAAGTAGGGC-1,0.000065,0.268749,0.160458,0.180821,0.135742,0.032956,0.041963,0.032106,0.144922,0.002218
ACACGAGACTCCTTCT-1,0.00007,0.421639,0.00007,0.441863,0.00007,0.00007,0.136011,0.00007,0.00007,0.00007
ACACGGGAACTTAGGG-1,0.000124,0.551954,0.000124,0.396962,0.000124,0.000124,0.050216,0.000124,0.000124,0.000124
ACACTCCAATGTCACT-1,0.000045,0.999595,0.000045,0.000045,0.000045,0.000045,0.000045,0.000045,0.000045,0.000045
ACAGAACTGAGAACAA-1,0.000299,0.19086,0.279163,0.489744,0.000299,0.000299,0.000299,0.000299,0.000299,0.038442
ACAGCGCACCCGCAGC-1,0.00007,0.281066,0.612071,0.00007,0.00007,0.00007,0.00007,0.00007,0.105276,0.001165
ACAGGCTTGCCCGACT-1,0.000183,0.000183,0.998354,0.000183,0.000183,0.000183,0.000183,0.000183,0.000183,0.000183
ACAGTAATACAACTTG-1,0.000033,0.128935,0.226533,0.430116,0.000033,0.020024,0.058194,0.038919,0.095943,0.001272
ACATAAGTCGTGGTGA-1,0.000035,0.364997,0.057039,0.0485,0.000035,0.012139,0.110926,0.108285,0.293906,0.004138
ACATAATAAGGCGGTG-1,0.000047,0.807418,0.097791,0.000047,0.000047,0.000047,0.000047,0.000047,0.094462,0.000047
ACATCGATCGTTTACC-1,0.000022,0.483813,0.0709,0.014713,0.000022,0.042563,0.071446,0.104129,0.208192,0.004201
ACATCGGTCAGCCGCG-1,0.000019,0.068335,0.002587,0.41039,0.031605,0.081841,0.072292,0.267832,0.028017,0.037083
ACATCGTATGCAATGG-1,0.000011,0.029839,0.014955,0.103318,0.000011,0.168357,0.282983,0.340262,0.048962,0.011301
ACATCGTTAACCTAGT-1,0.000136,0.429995,0.291915,0.038,0.000136,0.026315,0.000136,0.034531,0.062697,0.116138
ACATGGCTCAATTTAG-1,0.000483,0.202825,0.693604,0.100188,0.000483,0.000483,0.000483,0.000483,0.000483,0.000483
ACATTAGTTTATATCC-1,0.000014,0.15029,0.053895,0.011858,0.000014,0.013815,0.037758,0.199604,0.369318,0.163435
ACCAATATGCAAGTTA-1,0.000103,0.165483,0.098544,0.368094,0.000103,0.000103,0.318266,0.049097,0.000103,0.000103
ACCACGTGCAGCTATA-1,0.0001,0.267468,0.153043,0.134928,0.0001,0.036478,0.363568,0.0001,0.044113,0.0001
ACCACTGTTCAAGAAG-1,0.000056,0.908117,0.091435,0.000056,0.000056,0.000056,0.000056,0.000056,0.000056,0.000056
ACCAGACCATAACAAC-1,0.000059,0.766581,0.146105,0.086902,0.000059,0.000059,0.000059,0.000059,0.000059,0.000059
ACCAGTGCCCGGTCAA-1,0.000089,0.33966,0.030036,0.217025,0.000089,0.036882,0.078026,0.130128,0.137149,0.030916
ACCATCCGCCAACTAG-1,0.000131,0.166099,0.256665,0.241458,0.000131,0.036739,0.007805,0.167619,0.000131,0.123223
ACCATCGTATATGGTA-1,0.00011,0.216746,0.078044,0.21741,0.00011,0.00011,0.351874,0.055377,0.061997,0.018222
ACCATTAAGGGTGTCA-1,0.000052,0.6484,0.000052,0.000052,0.000052,0.000052,0.000052,0.084247,0.266986,0.000052
ACCCAACGCCCGTGGC-1,0.000031,0.343405,0.041646,0.537652,0.000031,0.000031,0.00453,0.066909,0.000031,0.005734
ACCCACCTACATGCTC-1,0.000051,0.244225,0.746304,0.000051,0.000051,0.000051,0.009114,0.000051,0.000051,0.000051
ACCCATCTTGAGGGTA-1,0.000026,0.234014,0.068537,0.400464,0.000026,0.046524,0.203761,0.027659,0.018963,0.000026
ACCCGGAAACTCCCAG-1,0.000014,0.182697,0.19019,0.0788,0.000014,0.041006,0.089136,0.097224,0.269893,0.051025
ACCCTATAGGACTGAG-1,0.000065,0.999415,0.000065,0.000065,0.000065,0.000065,0.000065,0.000065,0.000065,0.000065
ACCCTCCCTTGCTATT-1,0.00003,0.299137,0.017227,0.42302,0.00003,0.009303,0.2413,0.008227,0.001698,0.00003
ACCCTTCATCTGCGAA-1,0.000518,0.394028,0.199972,0.000518,0.000518,0.000518,0.022294,0.074742,0.000518,0.306373
ACCGAAGAGTCTGGTT-1,0.000076,0.957724,0.000076,0.000076,0.000076,0.000076,0.009161,0.000076,0.032582,0.000076
ACCGACACATCTCCCA-1,0.000032,0.155347,0.596139,0.215942,0.000032,0.000032,0.000032,0.032381,0.000032,0.000032
ACCGACTGAGTCCCAC-1,0.000035,0.013878,0.032557,0.498836,0.000035,0.060299,0.004209,0.00488,0.384571,0.000701
ACCGATGGTAGCATCG-1,0.000039,0.428992,0.121665,0.325131,0.000039,0.008376,0.03528,0.080402,0.000039,0.000039
ACCGCAATAACTGCCT-1,0.000694,0.452614,0.53513,0.007393,0.000695,0.000695,0.000695,0.000695,0.000695,0.000695
ACCGGTCAGGTACACC-1,0.000463,0.499728,0.093036,0.000463,0.000463,0.000463,0.000463,0.000463,0.000463,0.403995
ACCGGTCTGAGTACGG-1,0.000113,0.430116,0.343837,0.199775,0.000113,0.000113,0.000113,0.025594,0.000113,0.000113
ACCTAAGTACCTTTCA-1,0.000053,0.266275,0.560132,0.173223,0.000053,0.000053,0.000053,0.000053,0.000053,0.000053
ACCTAATCGACTTCCT-1,0.000014,0.102254,0.050589,0.273523,0.000014,0.03348,0.5197,0.006058,0.0076,0.006769
ACCTCGAACTTATGCT-1,0.000067,0.175611,0.000067,0.000067,0.000067,0.000067,0.000067,0.000067,0.43198,0.391937
ACCTGCGTGTCATGTT-1,0.00001,0.205173,0.00001,0.00001,0.00001,0.028504,0.643154,0.00001,0.12311,0.00001
ACGAAATGGGCGGCAC-1,0.000041,0.297644,0.262583,0.215048,0.000041,0.00278,0.221742,0.000041,0.000041,0.000041
ACGAGAACCCATCACG-1,0.000039,0.305824,0.333835,0.003778,0.000039,0.00274,0.001354,0.090284,0.232521,0.029587
ACGAGATATTTGCTTA-1,0.000062,0.230771,0.046402,0.012401,0.000062,0.259454,0.018996,0.030311,0.40148,0.000062
ACGAGGATACCACTCT-1,0.000037,0.268547,0.189369,0.294552,0.000037,0.030503,0.06873,0.046657,0.078675,0.022893
ACGAGGTTTACAACGT-1,0.00038,0.494772,0.134955,0.367611,0.00038,0.00038,0.00038,0.00038,0.00038,0.00038
ACGAGTACGGATGCCC-1,0.000046,0.336537,0.061646,0.445494,0.000046,0.000046,0.003029,0.153063,0.000046,0.000046
ACGAGTCGCCGGCGTT-1,0.000037,0.202007,0.770633,0.017495,0.000037,0.000037,0.000037,0.009336,0.000344,0.000037
ACGATACATAGAACTA-1,0.000036,0.043157,0.02435,0.101179,0.000036,0.034921,0.020161,0.502298,0.201572,0.072289
ACGATCATACATAGAG-1,0.000035,0.67261,0.131601,0.000035,0.000035,0.035296,0.002313,0.000035,0.158003,0.000035
ACGATCATCTTGTAAA-1,0.000039,0.533746,0.000155,0.426199,0.000039,0.000039,0.000039,0.039662,0.000039,0.000039
ACGATGCATATGTTAT-1,0.00002,0.336738,0.148519,0.254636,0.00002,0.020667,0.120251,0.088833,0.004345,0.02597
ACGATGGATCCGATGC-1,0.000053,0.409439,0.129034,0.145661,0.000053,0.235663,0.01038,0.000053,0.069609,0.000053
ACGCATAAATGACATG-1,0.000056,0.214058,0.077676,0.087955,0.000056,0.000056,0.000056,0.394781,0.027242,0.198064
ACGCATTCGTGAGTAC-1,0.00003,0.131681,0.0541,0.031463,0.00003,0.245323,0.034474,0.083731,0.400374,0.018793
ACGCCAGATGATTTCT-1,0.000719,0.559753,0.00072,0.43449,0.00072,0.00072,0.00072,0.00072,0.00072,0.00072
ACGCCGCTAGACGACC-1,0.000048,0.102722,0.20712,0.425259,0.000048,0.014183,0.225717,0.01003,0.000048,0.014828
ACGCGAAGTCAGACGA-1,0.000055,0.303477,0.093423,0.374601,0.000055,0.000055,0.000055,0.228171,0.000055,0.000055
ACGCGCTACACAGGGT-1,0.000015,0.042317,0.005567,0.440979,0.000015,0.057294,0.245576,0.130627,0.065946,0.011663
ACGCGGGCCAAGGACA-1,0.000021,0.335773,0.247079,0.000878,0.000021,0.066789,0.044216,0.00642,0.285353,0.01345
ACGCGTTTCTTAAGAG-1,0.00003,0.728938,0.101178,0.037215,0.00003,0.004817,0.0048,0.044667,0.078016,0.000307
ACGCTAGTGATACACT-1,0.000057,0.702051,0.011805,0.246582,0.000057,0.000057,0.000057,0.03922,0.000057,0.000057
ACGCTGTGAGGCGTAG-1,0.000051,0.100534,0.113518,0.485594,0.000051,0.006441,0.114372,0.036971,0.100547,0.041922
ACGGAATTTAGCAAAT-1,0.000039,0.535554,0.225145,0.070724,0.000039,0.059188,0.033595,0.008926,0.06603,0.000758
ACGGATGGTGCGGATA-1,0.000048,0.000048,0.6789,0.115947,0.000048,0.074723,0.004627,0.121533,0.000048,0.004077
ACGGCACTTGCTTGGG-1,0.00003,0.295458,0.131352,0.15193,0.00003,0.031313,0.037598,0.230679,0.101234,0.020376
ACGGCGACGATGGGAA-1,0.000452,0.000453,0.830479,0.000453,0.000453,0.000453,0.165901,0.000453,0.000453,0.000453
ACGGCTGGATGTAGAA-1,0.000045,0.536717,0.000045,0.000045,0.000045,0.000045,0.000045,0.000045,0.445357,0.017609
ACGGGAGTGTCGGCCC-1,0.000287,0.000287,0.743536,0.221576,0.000287,0.000287,0.032876,0.000287,0.000287,0.000287
ACGGGTCATGTGACTT-1,0.000051,0.000051,0.000051,0.000051,0.000051,0.866683,0.000051,0.000051,0.118819,0.014143
ACGGTCACCGAGAACA-1,0.000016,0.120086,0.012762,0.006826,0.000016,0.34499,0.076224,0.282852,0.148551,0.007677
ACGTACAGATTTCTCT-1,0.000148,0.395902,0.122361,0.000148,0.000148,0.279018,0.000148,0.000148,0.016106,0.185873
ACGTAGATTGCTGATG-1,0.000037,0.009807,0.028781,0.019738,0.000037,0.254061,0.2983,0.126575,0.152219,0.110445
ACGTCTCGTTCCGGGA-1,0.000023,0.666087,0.000023,0.000023,0.000023,0.000051,0.002623,0.000023,0.331101,0.000023
ACGTGCGCCTCGTGCA-1,0.000015,0.101078,0.008884,0.000015,0.000015,0.511281,0.044195,0.000482,0.334018,0.000015
ACGTTAATGTCGAAGA-1,0.000011,0.019247,0.098496,0.035798,0.000011,0.179263,0.606232,0.013877,0.041141,0.005923
ACGTTAGATTTGCCCG-1,0.000028,0.20356,0.067767,0.631912,0.000028,0.000028,0.043336,0.04216,0.00648,0.004702
ACGTTATTGGTCACTC-1,0.000235,0.172752,0.269528,0.000235,0.000235,0.174416,0.033348,0.000235,0.348782,0.000235
ACGTTTAGTTGTGATC-1,0.000173,0.155579,0.073491,0.221138,0.000173,0.000174,0.114003,0.048931,0.386164,0.000173
ACTAAGGACGCACACC-1,0.000013,0.17281,0.000359,0.268676,0.000013,0.085461,0.073418,0.380297,0.016465,0.002487
ACTAATACGTCAGGCG-1,0.000051,0.73043,0.000051,0.19975,0.000051,0.000051,0.000051,0.069464,0.000051,0.000051
ACTACATCCCGACAAG-1,0.000256,0.408352,0.322227,0.267631,0.000256,0.000256,0.000256,0.000256,0.000256,0.000256
ACTACCAGCTCTCTGG-1,0.000032,0.332022,0.114738,0.258998,0.000032,0.003964,0.009508,0.265961,0.011739,0.003006
ACTATATGCTGTGTTC-1,0.000049,0.278987,0.028258,0.231923,0.000049,0.150471,0.054536,0.217028,0.000049,0.038649
ACTATTCGTCCGTGGT-1,0.000441,0.350274,0.000441,0.646201,0.000441,0.000441,0.000441,0.000441,0.000441,0.000441
ACTCAACGAATGTATT-1,0.000063,0.340264,0.197723,0.126615,0.000063,0.041885,0.01877,0.01525,0.095531,0.163835
ACTCAAGTGCAAGGCT-1,0.000087,0.188647,0.601326,0.137792,0.000087,0.000087,0.062385,0.009416,0.000087,0.000087
ACTCAATAAAGGCACG-1,0.000017,0.061894,0.016826,0.114876,0.000017,0.095556,0.037212,0.016013,0.456563,0.201028
ACTCAGACCTGCTTCT-1,0.000055,0.407885,0.591674,0.000055,0.000055,0.000055,0.000055,0.000055,0.000055,0.000055
ACTCATGGCAGCCTTC-1,0.000064,0.25683,0.057995,0.030058,0.000064,0.039918,0.013793,0.000132,0.046046,0.5551
ACTCCCATTCCTAAAG-1,0.000018,0.218269,0.000018,0.002198,0.000018,0.061675,0.567935,0.000018,0.149575,0.000277
ACTCCCGAATTCGTTT-1,0.000021,0.075356,0.010497,0.032089,0.000021,0.067968,0.027943,0.712139,0.068864,0.005101
ACTCCCTAATGCTAAA-1,0.000032,0.134059,0.041003,0.278328,0.000032,0.039294,0.127361,0.150848,0.097499,0.131543
ACTCCCTAGAATAGTA-1,0.000031,0.133748,0.049679,0.203164,0.000031,0.04309,0.49277,0.039711,0.021113,0.016663
ACTCGATGTATTTCAT-1,0.00051,0.00051,0.744508,0.00051,0.00051,0.00051,0.00051,0.00051,0.00051,0.251409
ACTCGTAACCCGTCCT-1,0.000309,0.002258,0.622937,0.372643,0.000309,0.000309,0.000309,0.000309,0.000309,0.000309
ACTCGTCAGTAATCCC-1,0.000018,0.170524,0.018248,0.364824,0.000018,0.003582,0.437004,0.005746,0.000018,0.000018
ACTCTCTGACTTAGGT-1,0.000005,0.000005,0.000005,0.005563,0.000005,0.238671,0.72401,0.016013,0.011679,0.004044
ACTCTCTTATACACGA-1,0.000119,0.213101,0.46219,0.171143,0.00012,0.00012,0.00012,0.036861,0.116107,0.00012
ACTCTTGTATAGTAAC-1,0.000038,0.19802,0.041372,0.365081,0.000038,0.001595,0.383925,0.009854,0.000038,0.000038
ACTGAATGGCGAAAGT-1,0.00002,0.143821,0.094158,0.45981,0.00002,0.052528,0.214329,0.0137,0.018689,0.002926
ACTGCCGTCGTAACTC-1,0.000725,0.402464,0.337725,0.254737,0.000725,0.000725,0.000725,0.000725,0.000725,0.000725
ACTGCTCGGAAGGATG-1,0.000013,0.406551,0.01545,0.000264,0.000013,0.003604,0.009249,0.005644,0.544657,0.014553
ACTGGCGAACCTGCGT-1,0.000025,0.229607,0.009509,0.303331,0.000025,0.001108,0.014817,0.4261,0.013111,0.002366
ACTGTACGATACACAT-1,0.000017,0.119715,0.011974,0.380305,0.000017,0.201795,0.194699,0.055665,0.022886,0.012926
ACTGTAGCACTTTGGA-1,0.000039,0.369984,0.024124,0.480879,0.000039,0.000039,0.000039,0.124778,0.000039,0.000039
ACTGTATACGCGAGCA-1,0.00008,0.525891,0.448463,0.025088,0.00008,0.00008,0.00008,0.00008,0.00008,0.00008
ACTGTCTTCTTTAGAA-1,0.000016,0.517142,0.000016,0.000526,0.000016,0.01048,0.07204,0.024933,0.374763,0.000068
ACTGTGCTAGTAGATC-1,0.000198,0.735113,0.136708,0.12679,0.000198,0.000198,0.000198,0.000198,0.000198,0.000198
ACTTACCGGGCGCGCA-1,0.000042,0.263451,0.140442,0.30798,0.000042,0.000042,0.000847,0.094456,0.055175,0.137523
ACTTAGTACGACAAGA-1,0.00006,0.999389,0.00006,0.000128,0.00006,0.00006,0.00006,0.00006,0.00006,0.00006
ACTTATACTTACCCGG-1,0.000039,0.316452,0.088316,0.509016,0.000039,0.000039,0.016179,0.069842,0.000039,0.000039
ACTTATTTATGTGCCA-1,0.000022,0.081919,0.067552,0.50462,0.000022,0.058966,0.051216,0.169102,0.051063,0.015518
ACTTCAGGCTGATCCC-1,0.000461,0.000461,0.723554,0.000461,0.000461,0.000461,0.000461,0.000461,0.000461,0.272759
ACTTCCATGCGGGACA-1,0.000072,0.472254,0.346421,0.180821,0.000072,0.000072,0.000072,0.000072,0.000072,0.000072
ACTTCGCCATACGCAC-1,0.000116,0.320512,0.151306,0.527369,0.000116,0.000116,0.000116,0.000116,0.000116,0.000116
ACTTGACTCCCTCTTT-1,0.000012,0.001396,0.024354,0.113531,0.000012,0.177679,0.454814,0.209085,0.01435,0.004769
ACTTGTAGTCCCTTCA-1,0.000023,0.056393,0.392854,0.004337,0.000023,0.017862,0.031738,0.121612,0.371449,0.003708
ACTTTACCCTCATGAA-1,0.000061,0.340035,0.277902,0.367851,0.000061,0.000061,0.000061,0.013846,0.000061,0.000061
ACTTTCCTATAGCTTC-1,0.00008,0.004631,0.540463,0.00008,0.00008,0.031398,0.00008,0.00008,0.261436,0.161673
ACTTTGACTGCATCCT-1,0.000244,0.484903,0.060065,0.438052,0.000245,0.000245,0.015512,0.000245,0.000245,0.000245
ACTTTGGTCGTGCTCC-1,0.000151,0.463092,0.152965,0.120632,0.000151,0.000151,0.000151,0.000151,0.000151,0.262406
AGAACCCTCAATTGGG-1,0.000012,0.263087,0.000012,0.000012,0.000012,0.013016,0.005199,0.000012,0.602696,0.115942
AGAACGTGGTACATTC-1,0.000105,0.319341,0.174613,0.497472,0.000105,0.007944,0.000105,0.000105,0.000105,0.000105
AGAAGAGCGCCGTTCC-1,0.000101,0.068228,0.004459,0.548073,0.000101,0.093416,0.00063,0.284789,0.000101,0.000101
AGAAGGTACACTTCAC-1,0.00009,0.11279,0.39461,0.029952,0.00009,0.161064,0.00009,0.177488,0.063119,0.060707
AGAAGTGATTCGTGAT-1,0.000053,0.76389,0.005936,0.000053,0.000053,0.001429,0.119156,0.000053,0.000053,0.109322
AGAATAAATCTTCAGG-1,0.000043,0.073993,0.062668,0.025878,0.000043,0.127034,0.015505,0.464402,0.182113,0.048322
AGAATGCGGGTTCGGA-1,0.000016,0.083989,0.124689,0.291739,0.000016,0.048503,0.049496,0.319381,0.080817,0.001355
AGAATTATGGATTCGA-1,0.000042,0.559165,0.000042,0.439671,0.000042,0.000042,0.000042,0.000871,0.000042,0.000042
AGAATTGTTTGACATA-1,0.000069,0.979082,0.020367,0.000069,0.000069,0.000069,0.000069,0.000069,0.000069,0.000069
AGACAGCTCAGAATCC-1,0.000048,0.365248,0.42182,0.0134,0.000048,0.019354,0.060257,0.012789,0.104402,0.002634
AGACCAAACCACACCT-1,0.000015,0.839523,0.000369,0.000015,0.000015,0.000015,0.001143,0.000015,0.158875,0.000015
AGACCATGGGATACAA-1,0.000026,0.502102,0.003067,0.110194,0.000026,0.216763,0.032302,0.001152,0.130412,0.003955
AGACCCACCGCTGATC-1,0.000036,0.204054,0.121667,0.521997,0.000036,0.002498,0.0402,0.055882,0.053595,0.000036
AGACCGGGAAACCCTG-1,0.000038,0.285801,0.024011,0.538706,0.000038,0.000038,0.151254,0.000038,0.000038,0.000038
AGACGGGCCGATTTAA-1,0.000052,0.475036,0.075097,0.304747,0.000052,0.000052,0.028736,0.056069,0.002504,0.057654
AGAGAACCGTCTAGGA-1,0.000023,0.270118,0.014989,0.421388,0.000023,0.000703,0.000023,0.270002,0.003091,0.019641
AGAGATCTCTAAAGCG-1,0.000029,0.140397,0.022674,0.659593,0.000029,0.000029,0.17716,0.000029,0.000029,0.000029
AGAGCAGTTATGAGAC-1,0.00011,0.723446,0.096724,0.00011,0.00011,0.029996,0.103363,0.00011,0.045919,0.00011
AGAGCGGGCTAATCAT-1,0.000015,0.021094,0.107692,0.000015,0.000015,0.020736,0.005211,0.000015,0.473146,0.372059
AGAGCGTACAAGCTCG-1,0.000079,0.703218,0.17431,0.121917,0.000079,0.000079,0.000079,0.000079,0.000079,0.000079
AGAGCTACGAAAGCAT-1,0.003846,0.629157,0.003847,0.003847,0.003847,0.340065,0.003847,0.003847,0.003847,0.003847
AGAGGGACAATTGTCC-1,0.000039,0.120292,0.114705,0.603071,0.000039,0.002813,0.000039,0.123655,0.008066,0.02728
AGAGTTAGAGACCGAT-1,0.00026,0.56628,0.279923,0.151399,0.00026,0.00026,0.00026,0.000835,0.00026,0.00026
AGAGTTGCAGGCCTCC-1,0.000027,0.300442,0.013942,0.302875,0.000027,0.000027,0.000336,0.37648,0.005818,0.000027
AGATAACTTCAGGGCC-1,0.000016,0.155573,0.043504,0.218992,0.000016,0.024968,0.01847,0.375793,0.11932,0.043348
AGATACCGGTGTTCAC-1,0.00003,0.237952,0.078486,0.593106,0.00003,0.000373,0.087915,0.002049,0.00003,0.00003
AGATACGACTTCATAT-1,0.000071,0.926171,0.047334,0.025994,0.000071,0.000071,0.000071,0.000071,0.000071,0.000071
AGATACTCAAGATCGA-1,0.000012,0.016241,0.045374,0.191746,0.000012,0.092033,0.242368,0.243834,0.138852,0.029528
AGATCGTGCATAAGAT-1,0.000024,0.360865,0.1087,0.180905,0.000024,0.000024,0.00888,0.313338,0.004989,0.022253
AGATCTCAGGTGTGAT-1,0.000137,0.046752,0.498402,0.45389,0.000137,0.000137,0.000137,0.000137,0.000137,0.000137
AGATGAGGGTTGCGAT-1,0.000036,0.290612,0.061485,0.385808,0.000036,0.008076,0.016598,0.186762,0.029043,0.021545
AGATGATGGAGTCTGG-1,0.000052,0.479855,0.000052,0.497513,0.000052,0.000052,0.000052,0.022268,0.000052,0.000052
AGATGCAAGACGTGCA-1,0.000131,0.018817,0.629432,0.235241,0.000131,0.000131,0.115727,0.000131,0.000131,0.000131
AGATGCATCCTGTGTC-1,0.000031,0.617888,0.131848,0.000031,0.000031,0.008216,0.020662,0.020624,0.088035,0.112635
AGATGCTATAACGAGC-1,0.000033,0.319365,0.680371,0.000033,0.000033,0.000033,0.000033,0.000033,0.000033,0.000033
AGATTCACAACCGATA-1,0.000105,0.094234,0.344601,0.428811,0.000105,0.000513,0.037582,0.001997,0.091949,0.000105
AGCAACATATCTTATT-1,0.000028,0.195862,0.021801,0.3892,0.000028,0.063977,0.02368,0.226884,0.02755,0.050987
AGCAACCGAAAGTAAT-1,0.000031,0.137085,0.050842,0.312508,0.000031,0.000031,0.003158,0.309902,0.181254,0.005157
AGCACCAGTACTCACG-1,0.000052,0.216378,0.377373,0.162224,0.000052,0.114932,0.003394,0.046985,0.063608,0.015002
AGCACTACCGGCCTGT-1,0.000024,0.000024,0.000024,0.000024,0.000024,0.315001,0.66653,0.001334,0.001389,0.015625
AGCACTACCTCACCAG-1,0.000077,0.000077,0.475659,0.523726,0.000077,0.000077,0.000077,0.000077,0.000077,0.000077
AGCACTTAAGGACGCC-1,0.000012,0.102537,0.023863,0.159381,0.077709,0.121843,0.076196,0.223125,0.165524,0.049812
AGCAGAAGGAGAAAGA-1,0.000057,0.058472,0.267854,0.06551,0.000057,0.000057,0.000057,0.024018,0.000057,0.583864
AGCAGCCAGATGAATA-1,0.0001,0.238055,0.437023,0.271715,0.0001,0.032319,0.0001,0.0001,0.020387,0.0001
AGCATCATTTCGAAAG-1,0.000094,0.356562,0.18119,0.432976,0.000094,0.000094,0.000094,0.028711,0.000094,0.000094
AGCCACTCCCGTGCTT-1,0.000047,0.297206,0.003714,0.440637,0.000047,0.050877,0.046319,0.018845,0.122756,0.019551
AGCCATATAGTATGTG-1,0.000022,0.70981,0.278716,0.005589,0.000022,0.000022,0.000022,0.002727,0.001833,0.001239
AGCCCATACATGTAAG-1,0.000003,0.000003,0.000003,0.000107,0.000003,0.328089,0.659585,0.004655,0.005149,0.002405
AGCCCTAAGCGAAGTT-1,0.000202,0.445591,0.309919,0.243072,0.000202,0.000202,0.000202,0.000202,0.000202,0.000202
AGCCGCAAATTCAAAT-1,0.000031,0.344867,0.507466,0.07552,0.000031,0.004065,0.007204,0.02123,0.038277,0.001309
AGCCGCTTGATTAGCG-1,0.000151,0.219532,0.473496,0.000151,0.000151,0.195854,0.000151,0.000151,0.110211,0.000151
AGCCGTGGCTAAATGT-1,0.000008,0.040224,0.000084,0.000008,0.000008,0.002335,0.000722,0.000008,0.014249,0.942352
AGCCTAATACCCACGT-1,0.000057,0.000057,0.001458,0.003896,0.000057,0.007283,0.092881,0.360179,0.414432,0.119701
AGCCTTAAAGCGGAAG-1,0.000016,0.264416,0.100146,0.04451,0.000016,0.303737,0.008681,0.002678,0.274984,0.000816
AGCGACATCCCATTCA-1,0.000033,0.739225,0.199455,0.000033,0.000033,0.000033,0.000033,0.000033,0.061092,0.000033
AGCGCGGGTGCCAATG-1,0.000015,0.129606,0.004229,0.048566,0.000015,0.030984,0.035768,0.511556,0.225139,0.014122
AGCGCTTATGGGCAAG-1,0.00006,0.377186,0.097009,0.418133,0.00006,0.00006,0.00006,0.057191,0.00006,0.050179
AGCGGACACTTCGTAG-1,0.000026,0.488838,0.010349,0.039103,0.000026,0.019145,0.001204,0.100803,0.321271,0.019235
AGCGGCGGTTAGCGGT-1,0.000082,0.678013,0.066516,0.254898,0.000082,0.000082,0.000082,0.000082,0.000082,0.000082
AGCGGGAAGGGTCCAT-1,0.000429,0.000429,0.881339,0.000429,0.000429,0.000429,0.115227,0.000429,0.000429,0.000429
AGCGGGTCTGACACTC-1,0.000024,0.287025,0.384415,0.245395,0.000024,0.010208,0.014046,0.028866,0.001581,0.028417
AGCGTACGAGAGCTAG-1,0.000023,0.390764,0.423269,0.098938,0.000023,0.018607,0.004207,0.016934,0.037001,0.010233
AGCGTGGTATTCTACT-1,0.000009,0.051477,0.000499,0.025608,0.000009,0.089208,0.799519,0.014095,0.019137,0.000439
AGCTAGAAGCAGAAGT-1,0.000026,0.203141,0.048886,0.4002,0.000026,0.001768,0.000026,0.334627,0.006977,0.004324
AGCTATTTAATCCAAC-1,0.000104,0.329955,0.084935,0.328101,0.000104,0.116028,0.030853,0.043945,0.057271,0.008704
AGCTCCTTCGCACATC-1,0.000251,0.235949,0.526698,0.235598,0.000251,0.000251,0.000251,0.000251,0.000251,0.000251
AGCTCTAGACGTTCCA-1,0.000006,0.000006,0.000863,0.074464,0.000006,0.205178,0.702276,0.012611,0.001651,0.00294
AGCTCTTCCCAGTGCA-1,0.00004,0.361984,0.250875,0.211108,0.00004,0.00004,0.007861,0.163947,0.000041,0.004063
AGCTGAAGTAAACCAA-1,0.000023,0.239672,0.087422,0.31593,0.000023,0.041485,0.012257,0.181129,0.062681,0.059376
AGCTGTAACCTCAATC-1,0.000086,0.24625,0.155615,0.19274,0.000086,0.003475,0.049111,0.192728,0.139186,0.020723
AGCTTGATCAGGGTAG-1,0.000198,0.619532,0.075193,0.196766,0.000198,0.07276,0.000198,0.034757,0.000198,0.000198
AGCTTGATCTTAACTT-1,0.000006,0.000055,0.002891,0.021704,0.000006,0.224272,0.719427,0.01867,0.00354,0.009429
AGGAAAGCCTCTGATG-1,0.0002,0.542066,0.456337,0.0002,0.0002,0.0002,0.0002,0.0002,0.0002,0.0002
AGGAAGCTGTCCGCCG-1,0.00002,0.386315,0.042647,0.06995,0.00002,0.000131,0.015205,0.161972,0.28041,0.04333
AGGACAGTCGAATCCC-1,0.000023,0.044505,0.157223,0.62036,0.000023,0.004008,0.147541,0.013652,0.008362,0.004304
AGGACATCGCACGTCG-1,0.000068,0.206521,0.55162,0.237445,0.000068,0.000068,0.000068,0.004005,0.000068,0.000068
AGGACGCTCGATGTTG-1,0.000034,0.338282,0.132675,0.377103,0.000034,0.000034,0.000034,0.146523,0.000034,0.005247
AGGACTTATAGGAGAA-1,0.000043,0.51179,0.414862,0.021459,0.000043,0.001846,0.014489,0.000043,0.031274,0.00415
