Barcode,Topic 1,Topic 2to3,Topic 4,Topic 5,Topic 6,Topic 7
AAACAACGAATAGTTC-1,0.000107,0.741721,0.069615,0.000107,0.188344,0.000107
AAACAAGTATCTCCCA-1,0.000063,0.427729,0.277147,0.020897,0.244504,0.02966
AAACAGAGCGACTCCT-1,0.000039,0.000078,0.018392,0.74861,0.232843,0.000039
AAACAGCTTTCAGAAG-1,0.001554,0.352214,0.00156,0.355541,0.287568,0.001563
AAACAGGGTCTATATT-1,0.444011,0.004047,0.00202,0.002017,0.278638,0.269266
AAACCCGAACGAAATC-1,0.000087,0.572793,0.000087,0.000087,0.401096,0.02585
AAACCGGGTAGGTACC-1,0.001627,0.003262,0.615272,0.001631,0.376578,0.001631
AAACCGTTCGTCCAGG-1,0.000249,0.976449,0.004594,0.00025,0.00025,0.018208
AAACCTCATGAAGTTG-1,0.003175,0.082786,0.003191,0.003191,0.820564,0.087093
AAACGAGACGGTTGAT-1,0.000076,0.553354,0.337901,0.000076,0.097963,0.01063
AAACGCCCGAGATCGG-1,0.000332,0.684,0.112659,0.054905,0.034988,0.113116
AAACGGGTTGGTATCC-1,0.000092,0.502132,0.269926,0.00639,0.192645,0.028816
AAACGTGTTCGCCCTA-1,0.001301,0.273922,0.437632,0.213605,0.072237,0.001303
AAACTAACGTGGCGAC-1,0.002236,0.360224,0.002242,0.165506,0.467546,0.002245
AAACTCGTGATATAAG-1,0.002073,0.120942,0.002081,0.002083,0.870743,0.002079
AAACTTGCAAACGTAT-1,0.005963,0.011968,0.005997,0.005993,0.68103,0.289048
AAAGACTGGGCGCTTT-1,0.002699,0.117854,0.002708,0.002706,0.640188,0.233845
AAAGCTTGCCTACATA-1,0.002012,0.250051,0.00202,0.002024,0.741872,0.002021
AAAGGGCAGCTTGAAT-1,0.000877,0.128517,0.00088,0.00088,0.867965,0.00088
AAAGGTAAGCTGTACC-1,0.001059,0.692886,0.001063,0.104589,0.199339,0.001064
AAAGTCGACCCTCAGT-1,0.000049,0.102856,0.11753,0.170034,0.49798,0.111551
AAAGTGTGATTTATCT-1,0.000112,0.43127,0.297139,0.096596,0.15038,0.024502
AAAGTTGACTCCCGTA-1,0.000062,0.817,0.110791,0.072023,0.000062,0.000062
AAATAACCATACGGGA-1,0.000872,0.550637,0.000875,0.021938,0.291564,0.134114
AAATAAGGTAGTGCCC-1,0.000067,0.000133,0.000067,0.057456,0.942211,0.000067
AAATAGCTTAGACTTT-1,0.000115,0.123189,0.031352,0.000115,0.82504,0.02019
AAATCGTGTACCACAA-1,0.000748,0.741154,0.019553,0.000752,0.237042,0.000751
AAATGATTCGATCAGC-1,0.001833,0.003681,0.215449,0.001837,0.775357,0.001843
AAATGCTCGTTACGTT-1,0.000228,0.339313,0.000228,0.000228,0.659775,0.000228
AAATGGCATGTCTTGT-1,0.000134,0.080345,0.704393,0.009041,0.205952,0.000135
AAATGGCCCGTGCCCT-1,0.000112,0.559793,0.198196,0.040632,0.123488,0.077778
AAATGGTCAATGTGCC-1,0.000182,0.600183,0.000183,0.000183,0.399086,0.000183
AAATGTATCTTATCCC-1,0.000039,0.084491,0.000039,0.008523,0.904558,0.00235
AAATTAACGGGTAGCT-1,0.00011,0.74524,0.00011,0.00011,0.227593,0.026838
AAATTAATAAGCGCGA-1,0.000044,0.11916,0.000044,0.000044,0.880664,0.000044
AAATTACACGACTCTG-1,0.001416,0.483487,0.001421,0.001421,0.414896,0.097359
AAATTACCTATCGATG-1,0.000056,0.303174,0.001442,0.275308,0.419965,0.000056
AAATTCCAGGTCCAAA-1,0.001287,0.002586,0.05849,0.001292,0.847881,0.088464
AAATTGCGGCGGTTCT-1,0.000136,0.444618,0.000137,0.000137,0.535769,0.019204
AAATTGGTGAGAAGCA-1,0.004335,0.156531,0.225867,0.004346,0.604579,0.004341
AAATTTACCGAAATCC-1,0.001276,0.659442,0.024983,0.092139,0.091509,0.130651
AAATTTGCGGGTGTGG-1,0.000372,0.161905,0.689199,0.000374,0.120914,0.027236
AACAACTGGTAGTTGC-1,0.00007,0.03448,0.00007,0.00007,0.965241,0.00007
AACAATTACTCTACGC-1,0.000307,0.000617,0.000308,0.000308,0.927519,0.07094
AACACACGCTCGCCGC-1,0.00009,0.471834,0.271325,0.050944,0.174322,0.031485
AACACGAGACGCGGCC-1,0.001809,0.003631,0.001816,0.001815,0.319781,0.671148
AACACGCGGCCGCGAA-1,0.000146,0.391096,0.203115,0.15507,0.145003,0.105569
AACAGGAAATCGAATA-1,0.000176,0.680416,0.000177,0.000176,0.274277,0.044778
AACAGGATGGGCCGCG-1,0.000256,0.259616,0.000257,0.018904,0.72071,0.000257
AACAGGTAGTATGGAT-1,0.000124,0.400284,0.000124,0.022783,0.513148,0.063537
AACATATCAACTGGTG-1,0.000298,0.19962,0.000299,0.000299,0.776817,0.022667
AACATCGATACGTCTA-1,0.003178,0.448918,0.003186,0.003188,0.318202,0.223328
AACATTGGTCAGCCGT-1,0.00007,0.997338,0.00007,0.00007,0.002381,0.00007
AACCAAGACTTCTCTG-1,0.001662,0.375843,0.00167,0.001669,0.617486,0.00167
AACCAGTATCACTCTT-1,0.000379,0.990696,0.007784,0.000381,0.000381,0.00038
AACCATGGGATCGCTA-1,0.000123,0.512149,0.000123,0.000123,0.487359,0.000123
AACCCAGAGACGGAGA-1,0.00014,0.337337,0.069491,0.059309,0.529849,0.003874
AACCCTACTGTCAATA-1,0.000088,0.652007,0.092288,0.000089,0.253268,0.002259
AACCCTGGTGGAACCA-1,0.000979,0.331724,0.078973,0.000982,0.450226,0.137116
AACCGAGCTTGGTCAT-1,0.000037,0.000073,0.911765,0.082917,0.005172,0.000037
AACCGCTAAGGGATGC-1,0.000111,0.611033,0.21069,0.000111,0.078101,0.099955
AACCTGTCACGGAATT-1,0.002383,0.004776,0.002388,0.002389,0.985671,0.002393
AACCTTTACGACGTCT-1,0.000922,0.376166,0.000926,0.000925,0.580921,0.040139
AACGATAGAAGGGCCG-1,0.000058,0.397664,0.551503,0.025888,0.024829,0.000058
AACGATATGTCAACTG-1,0.000127,0.7565,0.000813,0.000127,0.242306,0.000127
AACGCATGATCTGGGT-1,0.000831,0.332898,0.000834,0.087299,0.577302,0.000835
AACGCGAACGGCAACA-1,0.000079,0.425962,0.000079,0.000079,0.573722,0.000079
AACGGACGTACGTATA-1,0.000115,0.566573,0.255029,0.000116,0.102795,0.075372
AACGGCCATCTCCGGT-1,0.000705,0.535236,0.155012,0.000707,0.224473,0.083868
AACGTACTGTGGGTAC-1,0.001212,0.458597,0.332234,0.001216,0.205525,0.001215
AACGTCAGACTAGTGG-1,0.000081,0.306095,0.000082,0.011451,0.682209,0.000081
AACGTGATGAAGGACA-1,0.000198,0.502841,0.200735,0.01428,0.281747,0.000199
AACGTGCGAAAGTCTC-1,0.000071,0.996448,0.003266,0.000071,0.000071,0.000071
AACGTTATCAGCACCT-1,0.004929,0.17754,0.004943,0.004937,0.802693,0.004958
AACTACCCGTTTGTCA-1,0.00012,0.462893,0.00012,0.065088,0.471659,0.00012
AACTCAAGTTAATTGC-1,0.000548,0.596626,0.000549,0.000549,0.301925,0.099803
AACTCCTAATCCCATG-1,0.001932,0.390926,0.001938,0.001938,0.492305,0.110961
AACTCGATAAACACGT-1,0.001091,0.367367,0.001095,0.001096,0.606101,0.02325
AACTCGATGGCGCAGT-1,0.000087,0.013599,0.000088,0.000088,0.986051,0.000088
AACTCTCAATAGAGCG-1,0.00009,0.711451,0.091416,0.00009,0.196863,0.00009
AACTCTCAGTGTGCTC-1,0.000273,0.55089,0.10252,0.074433,0.140972,0.130912
AACTGAGGTCAGCGTC-1,0.002343,0.42879,0.277467,0.002353,0.286695,0.002351
AACTGAGTTATACTGA-1,0.001214,0.932828,0.001216,0.001216,0.062309,0.001216
AACTGATATTAGGCCT-1,0.000262,0.769487,0.040623,0.039031,0.058162,0.092436
AACTGGGTCCCGACGT-1,0.000232,0.374586,0.497393,0.048372,0.000233,0.079184
AACTGGGTTCGAGCCG-1,0.000934,0.553614,0.044027,0.000938,0.303435,0.097051
AACTTCTGCGTCTATC-1,0.002233,0.815633,0.002241,0.002241,0.175415,0.002237
AACTTGCCCGTATGCA-1,0.000383,0.281237,0.000385,0.000385,0.717226,0.000384
AACTTGCGTTCTCGCG-1,0.000339,0.28404,0.00034,0.039765,0.675176,0.00034
AACTTTACGGGAGCTT-1,0.000062,0.000124,0.03073,0.052766,0.846547,0.069771
AACTTTCTCGATCATG-1,0.00149,0.355997,0.001495,0.001494,0.571057,0.068468
AAGAAATCACCAGATT-1,0.001986,0.422043,0.001994,0.001994,0.569989,0.001994
AAGAAGGATCAGTTAG-1,0.00021,0.035705,0.130007,0.000211,0.833656,0.000211
AAGACTAACCCGTTGT-1,0.000314,0.330324,0.200797,0.094567,0.286653,0.087345
AAGAGATGAATCGGTA-1,0.000627,0.048171,0.00063,0.00063,0.949313,0.00063
AAGAGCTCTTTATCGG-1,0.000081,0.67959,0.254867,0.003003,0.043404,0.019056
AAGAGGATGTACGCGA-1,0.002465,0.6252,0.002475,0.002477,0.364906,0.002476
AAGAGGCATGGATCGC-1,0.000085,0.729643,0.073395,0.013908,0.151409,0.03156
AAGATTGGCGGAACGT-1,0.000147,0.318686,0.098365,0.009994,0.572662,0.000147
AAGCCGAAGCGGTTTA-1,0.000093,0.377946,0.229709,0.029645,0.328436,0.034172
AAGCCGCTTTACCTTG-1,0.000794,0.399908,0.146949,0.000797,0.450754,0.000798
AAGCGGAGTGCGCGCA-1,0.001959,0.580482,0.001966,0.001968,0.293168,0.120457
AAGCGGCGTCATGGGT-1,0.002166,0.653472,0.002174,0.002176,0.283046,0.056966
AAGCTCGTGCCAAGTC-1,0.000118,0.590084,0.223046,0.009787,0.082521,0.094444
AAGGAGCGGTTGGTGC-1,0.000147,0.52186,0.037567,0.016297,0.402551,0.021577
AAGGATCGATCGCTTG-1,0.000115,0.445866,0.000116,0.000116,0.553671,0.000116
AAGGATGAGGGACCTC-1,0.000159,0.171185,0.091895,0.024854,0.651268,0.060639
AAGGCAGGCTGTCTCC-1,0.000243,0.421195,0.000243,0.000243,0.543151,0.034925
AAGGCGCGTAAAGCTT-1,0.000096,0.225043,0.000096,0.05412,0.698648,0.021997
AAGGCTGTGCTCATCG-1,0.000227,0.197177,0.169422,0.044226,0.58872,0.000227
AAGGGACAGATTCTGT-1,0.000118,0.224986,0.072846,0.053392,0.648539,0.000119
AAGGTATCCTAATATA-1,0.000142,0.414671,0.244453,0.000142,0.340449,0.000142
AAGGTGATAAACCAGC-1,0.000063,0.705606,0.210735,0.02216,0.061374,0.000063
AAGTAGAAGACCGGGT-1,0.000098,0.733463,0.091127,0.000098,0.175116,0.000098
AAGTAGTGACGCGAGG-1,0.001232,0.200463,0.001237,0.359893,0.435936,0.001238
AAGTCAATTGTCGTCA-1,0.000104,0.694225,0.063389,0.052458,0.17638,0.013444
AAGTCTAGTAGCTGCC-1,0.003402,0.167238,0.179178,0.003416,0.643348,0.003419
AAGTCTTCTGTGGCCT-1,0.000309,0.320151,0.145376,0.000364,0.53349,0.00031
AAGTGACGACCGAATT-1,0.003251,0.191262,0.003257,0.00326,0.433642,0.365329
AAGTGCAAAGGTAGAC-1,0.000108,0.267285,0.000108,0.063768,0.58491,0.083821
AAGTGCCTTGACTGTA-1,0.000045,0.000091,0.333609,0.430708,0.2355,0.000046
AAGTGCGTTAGAATCT-1,0.002697,0.24978,0.666324,0.002708,0.00271,0.075781
AAGTTCAGTCTGCGTA-1,0.001473,0.380131,0.001479,0.001479,0.583799,0.031638
AAGTTCGGCCAACAGG-1,0.001537,0.992295,0.001542,0.001542,0.001544,0.00154
AATAACAACGCTCGGC-1,0.001522,0.286566,0.001527,0.127022,0.581835,0.001528
AATAACACTAGAACAA-1,0.000041,0.649763,0.0889,0.017292,0.182872,0.061133
AATAATCTTCGTATCG-1,0.00006,0.044547,0.515563,0.018999,0.399615,0.021216
AATACAATGTTTCAGG-1,0.003249,0.006524,0.00326,0.085227,0.898478,0.003262
AATAGCAAGCCTCCTG-1,0.001349,0.185971,0.001354,0.594639,0.001354,0.215332
AATAGCTACCGCGTGC-1,0.001666,0.003337,0.322513,0.00167,0.628463,0.042351
AATAGTCGCGAGTCGG-1,0.000076,0.000153,0.000077,0.000077,0.900133,0.099484
AATATCCTAGCAAACT-1,0.003485,0.812711,0.003503,0.0035,0.003502,0.173299
AATATCGAATCAATGC-1,0.000094,0.401661,0.130614,0.000095,0.449823,0.017713
AATATCGAGGGTTCTC-1,0.001222,0.13724,0.001227,0.001227,0.666499,0.192584
AATATTGGAGTATTGA-1,0.000488,0.43948,0.00049,0.00049,0.50631,0.052743
AATCAGACTGCAGGAC-1,0.000195,0.454107,0.066729,0.000196,0.448042,0.030731
AATCCAAGGGCCTGAG-1,0.000046,0.22599,0.769452,0.004419,0.000047,0.000047
AATCCATGCAAGGGTG-1,0.000603,0.148062,0.175164,0.000605,0.642511,0.033055
AATCGCCTCAGCGCCA-1,0.000078,0.797184,0.11934,0.000079,0.08324,0.000079
AATCGCGCAGAGGACT-1,0.000121,0.000501,0.242165,0.041389,0.695296,0.020528
AATCTATGCCGGAGCC-1,0.009534,0.019146,0.009557,0.009544,0.942614,0.009605
AATCTCTACTGTGGTT-1,0.000096,0.159784,0.003067,0.01195,0.531253,0.29385
AATCTGCGTTGGGACG-1,0.000149,0.266807,0.040209,0.000149,0.667453,0.025233
AATCTGGGTAGACCCT-1,0.000665,0.612027,0.133379,0.000667,0.188077,0.065185
AATGACAGCAATGTCT-1,0.001682,0.671429,0.321827,0.001688,0.001689,0.001685
AATGACTGTCAGCCGG-1,0.000114,0.492496,0.143068,0.000115,0.342419,0.021789
AATGAGTTCGCATATG-1,0.000327,0.025749,0.000328,0.109089,0.822172,0.042337
AATGATGATACGCTAT-1,0.000115,0.034942,0.039091,0.385182,0.540555,0.000115
AATGATGCGACTCCTG-1,0.000326,0.644841,0.000328,0.000406,0.353772,0.000327
AATGCAACCGGGTACC-1,0.000045,0.566142,0.326585,0.000045,0.088519,0.018664
AATGCACCAAGCAATG-1,0.000239,0.385348,0.00024,0.048133,0.5658,0.00024
AATGGTCCACCGTTCA-1,0.003107,0.194847,0.00312,0.003117,0.792688,0.003121
AATGGTTCTCACAAGC-1,0.000147,0.453773,0.040459,0.014206,0.491267,0.000148
AATTAAAGGTCGGCGT-1,0.000253,0.975628,0.000253,0.023359,0.000253,0.000253
AATTACTCGTACGCTC-1,0.002233,0.145117,0.002243,0.002243,0.796034,0.05213
AATTCATAAGGGATCT-1,0.000063,0.000127,0.000063,0.37047,0.629214,0.000063
AATTCCAACTTGGTGA-1,0.000134,0.355426,0.000135,0.000135,0.622562,0.021608
AATTTGGGACATAGTA-1,0.000439,0.53299,0.00044,0.00044,0.427769,0.037922
ACAAAGAAGGTAGGCC-1,0.000132,0.052355,0.216296,0.730952,0.000132,0.000133
ACAAATGGTAGTGTTT-1,0.000434,0.258463,0.362734,0.000436,0.133699,0.244233
ACAAATTCAGATCTGA-1,0.0003,0.747254,0.113985,0.000301,0.079469,0.058691
ACAACAGCATGAGCTA-1,0.000136,0.554187,0.228836,0.022032,0.122947,0.071863
ACAACGGTCCCTGCGA-1,0.000081,0.045248,0.16158,0.108905,0.684105,0.000081
ACAAGCAGTGCCTAGC-1,0.002234,0.004487,0.002244,0.002246,0.986542,0.002247
ACAAGCTATATGGAAG-1,0.000307,0.492833,0.000308,0.000308,0.505937,0.000308
ACAAGGACAAGAGGTT-1,0.000041,0.015415,0.090586,0.49786,0.396057,0.000041
ACAAGGCCTACCAGCC-1,0.000581,0.859135,0.000583,0.000583,0.110232,0.028885
ACAATAGTCGTACGTT-1,0.001521,0.066732,0.001527,0.473908,0.260223,0.196089
ACAATCCATTTAAACC-1,0.000681,0.366759,0.000684,0.000683,0.63051,0.000684
ACAATGATTCTTCTAC-1,0.000362,0.330838,0.49434,0.140341,0.033756,0.000363
ACAATTTAGGAGGCTC-1,0.000059,0.007022,0.000059,0.057749,0.778652,0.156458
ACAATTTGAGCAGTGG-1,0.00012,0.550419,0.108879,0.00012,0.340341,0.00012
ACAATTTGGCCATATT-1,0.0004,0.214717,0.000402,0.000402,0.726576,0.057503
ACACAAAGACGGGTGG-1,0.000037,0.444363,0.499746,0.020146,0.021393,0.014315
ACACAAATATTCCTAG-1,0.002465,0.404492,0.002475,0.002473,0.585615,0.002479
ACACACCAGGACCAGT-1,0.000107,0.519588,0.32125,0.005581,0.100021,0.053454
ACACATTGACGCAACA-1,0.000947,0.482114,0.00095,0.00095,0.447873,0.067166
ACACCACATAATTAGC-1,0.001905,0.350308,0.001913,0.001914,0.642046,0.001914
ACACCCAGCATGCAGC-1,0.000137,0.572288,0.131889,0.000137,0.269877,0.025672
ACACCCGAGAAATCCG-1,0.000069,0.742983,0.000069,0.001567,0.255242,0.000069
ACACCGAGCGCTCTTT-1,0.002858,0.005729,0.002862,0.00286,0.840484,0.145208
ACACCTTAAGTAGGGC-1,0.000104,0.661668,0.000105,0.000105,0.337914,0.000105
ACACCTTACTACTTGC-1,0.00019,0.275641,0.003305,0.000191,0.647923,0.072749
ACACGAGACTCCTTCT-1,0.000104,0.634489,0.179746,0.054317,0.078357,0.052988
ACACGGCACTATGCAT-1,0.00069,0.542848,0.000693,0.000694,0.330491,0.124583
ACACGGGAACTTAGGG-1,0.000106,0.610718,0.315937,0.000106,0.053686,0.019447
ACACTCCAATGTCACT-1,0.000846,0.296692,0.122615,0.000849,0.578148,0.000849
ACAGCGCACCCGCAGC-1,0.000274,0.382528,0.217002,0.000275,0.313972,0.08595
ACAGGAGGCGCAGCCG-1,0.001312,0.582164,0.001315,0.001315,0.412579,0.001316
ACAGGTGGAGGTGAGG-1,0.003975,0.680456,0.003987,0.003988,0.226865,0.080729
ACAGGTGTGTTGTTGC-1,0.000268,0.200007,0.000269,0.000269,0.000269,0.798918
ACAGTAATACAACTTG-1,0.002599,0.375367,0.002609,0.002611,0.559481,0.057334
ACAGTATACCGTGGGA-1,0.001474,0.53548,0.001479,0.001479,0.279198,0.18089
ACATCAGCTGGGACGC-1,0.000087,0.161799,0.000087,0.000087,0.690821,0.147119
ACATCCTGGTAACTGT-1,0.0001,0.546051,0.017138,0.036718,0.39348,0.006514
ACATCGGTCAGCCGCG-1,0.00157,0.432583,0.001578,0.001578,0.479824,0.082867
ACATCGTTAACCTAGT-1,0.001014,0.501702,0.001017,0.001017,0.49423,0.001018
ACATGGCGCCAAAGTA-1,0.000083,0.530251,0.000083,0.046886,0.399898,0.022799
ACATGGCTCAATTTAG-1,0.000221,0.045166,0.000222,0.171878,0.782292,0.000222
ACCAAACACCCAGCGA-1,0.002507,0.405542,0.002517,0.002515,0.460768,0.126151
ACCAACACCACACACT-1,0.002074,0.209389,0.00208,0.077018,0.571243,0.138196
ACCAAGAACGCGTGTC-1,0.000055,0.729222,0.174205,0.063357,0.033106,0.000055
ACCACAACTCAGAACA-1,0.000158,0.709044,0.000159,0.000159,0.241266,0.049214
ACCACAAGTTTCTATC-1,0.000081,0.554324,0.195352,0.012614,0.23755,0.000081
ACCACCAATGTAACAA-1,0.000097,0.066489,0.002872,0.066323,0.832511,0.031708
ACCACCCTCTCTTCTA-1,0.005104,0.322071,0.005125,0.143932,0.00513,0.518638
ACCACTGTTCAAGAAG-1,0.00275,0.088265,0.002754,0.002752,0.900721,0.002758
ACCAGACCATAACAAC-1,0.0001,0.228597,0.18313,0.008737,0.579337,0.0001
ACCAGTGCCCGGTCAA-1,0.000337,0.120079,0.631054,0.000338,0.219259,0.028934
ACCAGTGCGGGAGACG-1,0.000119,0.439511,0.393987,0.000119,0.10582,0.060444
ACCATATCCGCAATAA-1,0.000318,0.496463,0.000319,0.000319,0.49413,0.008452
ACCATCCGCCAACTAG-1,0.002469,0.760028,0.002476,0.002475,0.143587,0.088965
ACCATCGTATATGGTA-1,0.000507,0.367115,0.000509,0.000509,0.63085,0.000509
ACCATTAAGGGTGTCA-1,0.003968,0.166295,0.003977,0.003976,0.48518,0.336605
ACCCAACGCCCGTGGC-1,0.00013,0.360554,0.108109,0.00013,0.473365,0.057713
ACCCACCTACATGCTC-1,0.001126,0.00226,0.001129,0.001129,0.969766,0.02459
ACCCATCTTGAGGGTA-1,0.000103,0.003506,0.000104,0.000104,0.954301,0.041882
ACCCGGATGACGCATC-1,0.000162,0.244853,0.051943,0.000163,0.660255,0.042624
ACCCGGTTACACTTCC-1,0.006858,0.341826,0.006835,0.368034,0.269613,0.006834
ACCCTATAGGACTGAG-1,0.00069,0.328999,0.000693,0.000694,0.668229,0.000694
ACCCTGGTAACGCCCT-1,0.004202,0.387817,0.004219,0.004215,0.595332,0.004214
ACCCTTGCCTGGGTCG-1,0.000851,0.001708,0.351311,0.546974,0.098301,0.000855
ACCCTTTAGTTCTCCA-1,0.000195,0.601235,0.159327,0.000196,0.215928,0.023119
ACCGATATTTAATCAT-1,0.000339,0.461526,0.141705,0.00034,0.326054,0.070036
ACCGATGGTAGCATCG-1,0.000205,0.333038,0.152876,0.000206,0.484058,0.029617
ACCGCGGTGGAAGTCG-1,0.00011,0.224601,0.131113,0.034525,0.561049,0.048601
ACCGGGCCTTTGTTGA-1,0.000062,0.180249,0.550851,0.175853,0.070305,0.02268
ACCGGTCTGAGTACGG-1,0.000207,0.803036,0.109091,0.027096,0.060364,0.000207
ACCTAAGTACCTTTCA-1,0.000072,0.667612,0.092629,0.006212,0.171205,0.062271
ACCTAATCGACTTCCT-1,0.000591,0.057786,0.000593,0.112525,0.827913,0.000593
ACCTACAGTATGTGGT-1,0.000129,0.704365,0.000129,0.000129,0.295119,0.000129
ACCTCCGTTATTCACC-1,0.000154,0.000309,0.000154,0.800689,0.185438,0.013256
ACCTGCGTGTCATGTT-1,0.000156,0.370208,0.256775,0.137642,0.212868,0.022351
ACGAAATGGGCGGCAC-1,0.002553,0.785939,0.002563,0.002564,0.203816,0.002565
ACGAGAACCCATCACG-1,0.000075,0.131936,0.632475,0.034568,0.183319,0.017628
ACGAGATATTTGCTTA-1,0.000362,0.64694,0.061819,0.000363,0.245722,0.044794
ACGAGGATACCACTCT-1,0.000073,0.726797,0.058624,0.058866,0.103373,0.052268
ACGAGTACGGATGCCC-1,0.002132,0.09057,0.002142,0.002143,0.778877,0.124136
ACGAGTCGCCGGCGTT-1,0.000678,0.106573,0.000679,0.000679,0.890711,0.00068
ACGATACATAGAACTA-1,0.000381,0.407861,0.000383,0.000383,0.494269,0.096723
ACGATACCTATCCTGA-1,0.000069,0.232886,0.091104,0.124476,0.511969,0.039496
ACGATCATCTTGTAAA-1,0.000116,0.35485,0.000117,0.000117,0.602935,0.041865
ACGATGCATATGTTAT-1,0.000326,0.768137,0.000328,0.000328,0.230554,0.000328
ACGATGGATCCGATGC-1,0.003175,0.467866,0.003187,0.003185,0.345295,0.177292
ACGCAATCACTACAGC-1,0.000773,0.485707,0.000776,0.000776,0.511193,0.000776
ACGCATAAATGACATG-1,0.000141,0.999295,0.000141,0.000141,0.000141,0.000141
ACGCATTCGTGAGTAC-1,0.000075,0.532621,0.272358,0.000076,0.194794,0.000076
ACGCCAGATGATTTCT-1,0.00022,0.581985,0.000221,0.000221,0.346935,0.070418
ACGCCTGACACGCGCT-1,0.002804,0.225845,0.002814,0.002815,0.602424,0.163298
ACGCGCTACACAGGGT-1,0.002697,0.052536,0.19957,0.002708,0.739777,0.002712
ACGCGGGCCAAGGACA-1,0.000051,0.126014,0.783367,0.01001,0.07994,0.000618
ACGCGTTTCTTAAGAG-1,0.000082,0.054646,0.000082,0.000082,0.871004,0.074103
ACGCTAGTGATACACT-1,0.000224,0.00045,0.000225,0.000225,0.99865,0.000225
ACGCTGTGAGGCGTAG-1,0.000039,0.1219,0.281218,0.39356,0.150239,0.053044
ACGCTTAGTGTCTCTC-1,0.000087,0.130352,0.857507,0.011879,0.000088,0.000088
ACGGAATTTAGCAAAT-1,0.000129,0.377912,0.000129,0.000129,0.621572,0.000129
ACGGAGCGCAAATTAC-1,0.003177,0.498192,0.003188,0.003189,0.489061,0.003194
ACGGCGGGTTGCCCTG-1,0.000104,0.82391,0.021517,0.106674,0.04769,0.000105
ACGGGAGTGTCGGCCC-1,0.001212,0.627768,0.292952,0.001216,0.001216,0.075636
ACGGGCGTATGCGACA-1,0.000257,0.104711,0.305267,0.210348,0.379159,0.000258
ACGGGTCATGTGACTT-1,0.004762,0.009566,0.004788,0.11527,0.86083,0.004785
ACGTATTACTCCGATC-1,0.000137,0.614836,0.012759,0.071338,0.294588,0.006342
ACGTCTCGTTCCGGGA-1,0.000791,0.471203,0.000793,0.000793,0.525628,0.000793
ACGTTAGATTTGCCCG-1,0.000382,0.260082,0.204762,0.000384,0.50454,0.02985
ACGTTATTGGTCACTC-1,0.001661,0.201221,0.001669,0.001669,0.792113,0.001667
ACGTTCGCAATCAATT-1,0.000992,0.001992,0.000996,0.000997,0.994027,0.000996
ACGTTTAGTTGTGATC-1,0.00026,0.645101,0.000261,0.000261,0.310744,0.043374
ACTAAGGACGCACACC-1,0.002102,0.569691,0.192647,0.002111,0.231338,0.002111
ACTAATACGTCAGGCG-1,0.000593,0.777751,0.000595,0.094298,0.126167,0.000595
ACTACCAGCTCTCTGG-1,0.000121,0.323142,0.06106,0.016678,0.598878,0.000121
ACTAGTTGCGATCGTC-1,0.00003,0.069984,0.559433,0.370492,0.000031,0.000031
ACTATATGCTGTGTTC-1,0.00035,0.366563,0.227563,0.052192,0.286518,0.066814
ACTATCCAGGGCATGG-1,0.000092,0.122454,0.037255,0.000092,0.840015,0.000092
ACTATCGCCGGCTAAA-1,0.003106,0.187239,0.003119,0.003117,0.800298,0.003122
ACTATCTGCCCGCGTA-1,0.000082,0.344398,0.192865,0.000082,0.433373,0.0292
ACTATTCGTCCGTGGT-1,0.000487,0.198062,0.000488,0.000488,0.799987,0.000488
ACTCAACGAATGTATT-1,0.000132,0.475687,0.231228,0.000132,0.249344,0.043478
ACTCAATAAAGGCACG-1,0.000069,0.399144,0.54773,0.023766,0.01545,0.01384
ACTCAGACCTGCTTCT-1,0.000118,0.361962,0.5079,0.022994,0.06433,0.042697
ACTCCCATTCCTAAAG-1,0.000621,0.464432,0.23159,0.000624,0.107318,0.195416
ACTCCCGAATTCGTTT-1,0.000119,0.077476,0.010205,0.00012,0.91196,0.00012
ACTCCCGTAGACTAGG-1,0.00304,0.773922,0.003055,0.003054,0.213874,0.003055
ACTCGATGTATTTCAT-1,0.001743,0.003498,0.00175,0.040263,0.847826,0.104921
ACTCGCGATCTGACGC-1,0.001555,0.383187,0.00156,0.00156,0.473436,0.138702
ACTCGTAACCCGTCCT-1,0.001415,0.155601,0.53111,0.00142,0.253217,0.057236
ACTCGTCAGTAATCCC-1,0.000094,0.789935,0.157368,0.000095,0.028102,0.024406
ACTCTAAACCTGGGAT-1,0.000058,0.040258,0.049057,0.036478,0.865491,0.008658
ACTCTCTGACTTAGGT-1,0.000729,0.327884,0.210983,0.043961,0.178343,0.2381
ACTCTCTTATACACGA-1,0.000463,0.399889,0.227229,0.000464,0.320417,0.051538
ACTCTTCAGCTCCCGC-1,0.001182,0.002372,0.126628,0.001186,0.867446,0.001186
ACTGATTTAGTGATTC-1,0.000439,0.663439,0.049039,0.00044,0.224619,0.062025
ACTGCCGTCGTAACTC-1,0.000178,0.628238,0.024602,0.000179,0.315837,0.030966
ACTGCGGACACACCGT-1,0.000262,0.021723,0.040481,0.523211,0.41406,0.000263
ACTGGCGAACCTGCGT-1,0.002464,0.326057,0.002475,0.254316,0.364477,0.050211
ACTGTACGATACACAT-1,0.000068,0.459439,0.471969,0.009908,0.031576,0.02704
ACTGTAGCACTTTGGA-1,0.000139,0.312082,0.091758,0.018864,0.577018,0.000139
ACTGTATACGCGAGCA-1,0.000138,0.538762,0.186397,0.000738,0.252754,0.021212
ACTGTCCAGGATTATA-1,0.00019,0.53514,0.020236,0.030941,0.413302,0.000191
ACTGTCTTCTTTAGAA-1,0.00012,0.324345,0.358577,0.06216,0.149449,0.105349
ACTGTGCTAGTAGATC-1,0.000309,0.396815,0.000311,0.042124,0.56013,0.000311
ACTTACCGGGCGCGCA-1,0.001786,0.003587,0.391838,0.201002,0.334657,0.067129
ACTTAGTACGACAAGA-1,0.000158,0.029873,0.532125,0.000159,0.437527,0.000159
ACTTATACTTACCCGG-1,0.000139,0.643682,0.035897,0.028485,0.243702,0.048094
ACTTATTAGGATCGGT-1,0.000558,0.5553,0.000561,0.000561,0.442459,0.000561
ACTTATTTATGTGCCA-1,0.000187,0.529055,0.269814,0.000188,0.090636,0.11012
ACTTCGCCATACGCAC-1,0.000112,0.628732,0.247514,0.035289,0.059278,0.029076
ACTTCGCTAGCGAGTG-1,0.000332,0.591212,0.000334,0.000334,0.407455,0.000334
ACTTGGGACCCGGTGG-1,0.000205,0.352914,0.000205,0.062693,0.564781,0.019203
ACTTGTAGTCCCTTCA-1,0.005505,0.011035,0.149776,0.00552,0.456438,0.371726
ACTTGTGGATGGAACG-1,0.000054,0.802067,0.07768,0.027817,0.092329,0.000054
ACTTTACCCTCATGAA-1,0.000148,0.271577,0.000149,0.000149,0.727829,0.000149
ACTTTCCTATAGCTTC-1,0.00017,0.504251,0.188269,0.101998,0.06301,0.142302
ACTTTGACTGCATCCT-1,0.00013,0.000262,0.076761,0.000131,0.595402,0.327313
AGAAATTATGACTCGC-1,0.000081,0.273633,0.163001,0.000081,0.507442,0.055761
AGAACCCAGCGTGACA-1,0.002271,0.300507,0.002276,0.002274,0.58449,0.108181
AGAACGTGGTACATTC-1,0.000083,0.645008,0.213494,0.021971,0.097787,0.021656
AGAAGAGCGCCGTTCC-1,0.000495,0.454386,0.54363,0.000497,0.000497,0.000496
AGAAGGTTGCCGAATT-1,0.000397,0.271061,0.237933,0.000399,0.458116,0.032095
AGAAGTGATTCGTGAT-1,0.002233,0.256328,0.493591,0.002243,0.14628,0.099325
AGAATAAATCTTCAGG-1,0.000078,0.050464,0.02468,0.000078,0.566227,0.358474
AGAATGCGGGTTCGGA-1,0.001172,0.598001,0.001177,0.001176,0.380321,0.018153
AGAATTATGGATTCGA-1,0.000095,0.392406,0.000096,0.000096,0.581823,0.025484
AGAATTGTTTGACATA-1,0.000104,0.000208,0.000104,0.038994,0.960486,0.000104
AGACAGCTCAGAATCC-1,0.002165,0.004351,0.002176,0.002174,0.828302,0.160833
AGACCATGGGATACAA-1,0.000154,0.122441,0.000155,0.03715,0.839945,0.000155
AGACCCGCCCTCCTCG-1,0.000034,0.231148,0.73249,0.019309,0.016984,0.000035
AGACCGCTCCGCGGTT-1,0.000107,0.519191,0.002439,0.000107,0.433957,0.044199
AGACCGGGAAACCCTG-1,0.000136,0.196146,0.063974,0.131936,0.560781,0.047027
AGACGGGCCGATTTAA-1,0.000189,0.772499,0.043775,0.00019,0.169847,0.0135
AGACTAGCCTTCCAGA-1,0.00013,0.30833,0.003049,0.204718,0.483641,0.000131
AGAGAACCGTCTAGGA-1,0.000103,0.237786,0.000308,0.071366,0.690333,0.000104
AGAGATCTCTAAAGCG-1,0.003973,0.00798,0.274567,0.003985,0.506951,0.202545
AGAGCAGTTATGAGAC-1,0.000037,0.207554,0.337291,0.040903,0.40889,0.005325
AGAGCGCTTGTAACGG-1,0.001337,0.289585,0.001342,0.1677,0.453762,0.086273
AGAGCGTACAAGCTCG-1,0.000345,0.003376,0.047269,0.000346,0.914937,0.033727
AGAGCTACGAAAGCAT-1,0.000467,0.375826,0.000469,0.000469,0.591628,0.031141
AGAGGCTTCGGAAACC-1,0.000098,0.603484,0.094149,0.091476,0.164823,0.04597
AGAGGGACAATTGTCC-1,0.000228,0.526772,0.205121,0.190003,0.077647,0.000229
AGAGTAAACTTCACTA-1,0.000086,0.123173,0.408935,0.168411,0.299309,0.000086
AGAGTATAGTGTTACG-1,0.002166,0.004345,0.002174,0.002177,0.986959,0.002178
AGAGTTAGAGACCGAT-1,0.002555,0.90026,0.002563,0.00256,0.002565,0.089498
AGAGTTGCAGGCCTCC-1,0.002343,0.988246,0.002354,0.002356,0.002353,0.002347
AGATAACTTCAGGGCC-1,0.000087,0.379705,0.000154,0.12192,0.498046,0.000088
AGATACCAGCACTTCA-1,0.004766,0.291923,0.004787,0.094874,0.598852,0.004799
AGATACCGGTGTTCAC-1,0.000095,0.000191,0.11213,0.128638,0.75885,0.000095
AGATACGACTTCATAT-1,0.000353,0.397638,0.066918,0.000354,0.519654,0.015083
AGATCGTGCATAAGAT-1,0.000799,0.424541,0.000802,0.000802,0.506662,0.066394
AGATCTCAGGTGTGAT-1,0.000131,0.622742,0.20052,0.000131,0.139197,0.037279
AGATGACTCGCCCACG-1,0.00008,0.704671,0.230098,0.00008,0.057153,0.007918
AGATGAGGGTTGCGAT-1,0.000593,0.309204,0.137042,0.000596,0.404973,0.147592
AGATGATGGAGTCTGG-1,0.000143,0.060252,0.000164,0.036067,0.878886,0.024488
AGATGCATCCTGTGTC-1,0.000167,0.541099,0.254144,0.062948,0.076488,0.065153
AGATGCTATAACGAGC-1,0.004202,0.008432,0.004215,0.101078,0.625281,0.256791
AGATTATAGGACGTTT-1,0.001458,0.665371,0.001464,0.001464,0.328779,0.001464
AGCAACATATCTTATT-1,0.000092,0.515303,0.135446,0.069841,0.252531,0.026786
AGCACTACCGGCCTGT-1,0.00227,0.240152,0.123627,0.002278,0.629393,0.00228
AGCACTTAAGGACGCC-1,0.00004,0.005502,0.046595,0.545096,0.402726,0.00004
AGCATATCAATATGCT-1,0.000117,0.384099,0.45064,0.018714,0.101944,0.044485
AGCATCGTCGATAATT-1,0.000119,0.624354,0.195234,0.000119,0.160861,0.019313
AGCCACTCCCGTGCTT-1,0.000212,0.549145,0.000213,0.000906,0.374055,0.07547
AGCCCATACATGTAAG-1,0.003405,0.330641,0.003419,0.003413,0.655704,0.003418
AGCCCTGTCGCACCGT-1,0.000647,0.332449,0.000649,0.000649,0.587967,0.077638
AGCCCTTCTAATCCGA-1,0.000761,0.401825,0.051439,0.155458,0.389752,0.000764
AGCCGCAAATTCAAAT-1,0.000087,0.289156,0.069093,0.027871,0.613706,0.000087
AGCCGCTTGATTAGCG-1,0.003485,0.220158,0.003498,0.003503,0.76585,0.003505
AGCCGTGGCTAAATGT-1,0.000249,0.590378,0.187035,0.076873,0.047681,0.097784
AGCCTTAAAGCGGAAG-1,0.004203,0.360604,0.004218,0.004219,0.622523,0.004232
AGCGACAGGAACGGTC-1,0.005113,0.838915,0.005129,0.005128,0.14058,0.005136
AGCGACCAACGATATT-1,0.000061,0.503543,0.360389,0.006626,0.12147,0.007911
AGCGCGGGTGCCAATG-1,0.000102,0.293055,0.000102,0.100184,0.606454,0.000102
AGCGCTAGAGCGATGT-1,0.000745,0.506707,0.000747,0.000747,0.360427,0.130627
AGCGCTTATGGGCAAG-1,0.000367,0.34069,0.000368,0.65784,0.000368,0.000368
AGCGGGAAGGGTCCAT-1,0.000106,0.043038,0.706841,0.009029,0.24088,0.000106
AGCGGTTGCCGCTCTG-1,0.002101,0.407484,0.002109,0.002109,0.584084,0.002112
AGCGTACGAGAGCTAG-1,0.00044,0.426131,0.000442,0.000441,0.572104,0.000442
AGCGTAGCGCTAGACC-1,0.000117,0.758387,0.000118,0.114064,0.127197,0.000118
AGCGTCTGAACCCGCA-1,0.000253,0.444767,0.19521,0.095869,0.142978,0.120924
AGCTAGAAGCAGAAGT-1,0.000299,0.24451,0.0003,0.384146,0.370444,0.0003
AGCTATTTAATCCAAC-1,0.000258,0.555692,0.000259,0.000259,0.392297,0.051235
AGCTCGTTGATGGAAA-1,0.002167,0.455216,0.002173,0.002173,0.385047,0.153224
AGCTCTAGACGTTCCA-1,0.000097,0.909338,0.035081,0.025905,0.00082,0.028759
AGCTCTTCCCAGTGCA-1,0.002647,0.4974,0.002655,0.002653,0.491988,0.002657
AGCTCTTCGTAACCTT-1,0.000139,0.459028,0.00014,0.00014,0.51863,0.021923
AGCTCTTTACTCAGTT-1,0.002382,0.31087,0.002391,0.002387,0.679574,0.002396
AGCTGAAGTAAACCAA-1,0.000191,0.303017,0.11166,0.000192,0.551475,0.033465
AGCTTGATCTTAACTT-1,0.003665,0.303272,0.162023,0.00368,0.253024,0.274336
AGGAAAGCCTCTGATG-1,0.00008,0.608656,0.000081,0.000081,0.384548,0.006555
AGGACAGTCGAATCCC-1,0.00018,0.370517,0.380558,0.00018,0.128193,0.120371
AGGACATCGCACGTCG-1,0.000126,0.502547,0.126205,0.000126,0.346737,0.024259
AGGACGACCCATTAGA-1,0.00157,0.493213,0.001576,0.001576,0.405611,0.096455
AGGACGCTCGATGTTG-1,0.000656,0.362648,0.000658,0.011052,0.613616,0.01137
AGGACTTATAGGAGAA-1,0.005495,0.213517,0.00552,0.183299,0.586655,0.005514
AGGAGACATCCACAGT-1,0.001475,0.217304,0.00148,0.00148,0.776781,0.001481
AGGAGAGTCTGGCTAC-1,0.000552,0.217232,0.000554,0.000554,0.780555,0.000554
AGGATATAGGGATTTA-1,0.000061,0.244859,0.688589,0.017736,0.048693,0.000061
AGGATCACGCGATCTG-1,0.000077,0.616775,0.125104,0.042353,0.189959,0.025731
AGGATTGCTTACGACA-1,0.000608,0.386945,0.00061,0.00061,0.560907,0.050319
AGGCAATACGGAGGAC-1,0.001433,0.610569,0.001435,0.114598,0.270531,0.001434
AGGCAGATGCGTAAAC-1,0.000196,0.345295,0.048407,0.019335,0.558619,0.028148
AGGCATTGTCGTAGGG-1,0.000306,0.360726,0.287245,0.000307,0.100371,0.251044
AGGCCACATTGGTTAC-1,0.003106,0.217629,0.003114,0.003112,0.640223,0.132815
AGGCCACCCGTTATGA-1,0.000088,0.556525,0.000088,0.023706,0.419504,0.000088
AGGCCCAGTGACTGGT-1,0.000233,0.312254,0.000234,0.000234,0.68681,0.000234
AGGCCCATTGTACAGG-1,0.000437,0.326224,0.416891,0.010887,0.211315,0.034246
AGGCCCTAGAACGCCA-1,0.001935,0.690538,0.00194,0.001943,0.301706,0.001938
AGGCGTCTATGGACGG-1,0.001607,0.003225,0.414642,0.001612,0.577303,0.001611
AGGCTATGGTTAGCTT-1,0.000433,0.074036,0.000435,0.000435,0.924225,0.000435
AGGCTTCCCGAAGAAG-1,0.000443,0.434096,0.399271,0.000444,0.165302,0.000444
AGGCTTGCTAGACACC-1,0.004085,0.00821,0.0041,0.004097,0.782193,0.197315
AGGGAAACGAGGTACT-1,0.00004,0.00008,0.000997,0.694504,0.304339,0.00004
AGGGACCGGCTGCGTT-1,0.000111,0.000223,0.000111,0.000111,0.999332,0.000111
AGGGAGACATACTTCG-1,0.001722,0.168534,0.001729,0.001729,0.82456,0.001726
AGGGCAGCGGCGTGGT-1,0.001786,0.363826,0.001794,0.001793,0.462934,0.167867
AGGGCGAGCAGCTGAT-1,0.001764,0.003544,0.649269,0.001772,0.205018,0.138633
AGGGCGTGATCGGCTA-1,0.000086,0.553033,0.213318,0.000086,0.206504,0.026973
AGGGTCAGTAACCCTA-1,0.002202,0.679137,0.002208,0.002207,0.312036,0.00221
AGGGTCGATGCGAACT-1,0.000146,0.441952,0.000146,0.000146,0.50619,0.05142
AGGGTGCTCTCGAGGG-1,0.000142,0.515734,0.00261,0.033902,0.425291,0.022321
AGGGTGGATAGTGCAT-1,0.000084,0.056953,0.000085,0.035983,0.717041,0.189854
AGGGTTCCCTTTGGTT-1,0.000308,0.390868,0.000309,0.000309,0.607896,0.000309
AGGGTTTAGTTCGGGA-1,0.00012,0.592568,0.209793,0.050362,0.091791,0.055367
AGGTAACCTCCTATTC-1,0.00009,0.646959,0.160241,0.010994,0.181626,0.00009
AGGTACGATATTGCCA-1,0.001324,0.728159,0.001327,0.001326,0.266533,0.00133
AGGTAGGTACAAAGCT-1,0.000234,0.367304,0.000234,0.03287,0.584145,0.015212
AGGTATAATTGATAGT-1,0.000181,0.033002,0.000181,0.000181,0.926177,0.040278
AGGTATGCGGACATTA-1,0.00014,0.000281,0.00014,0.00014,0.999159,0.00014
AGGTCAGGTGAGAGTG-1,0.002982,0.286552,0.00299,0.002988,0.565478,0.13901
AGGTCGCCACTTCGGT-1,0.000089,0.656787,0.054951,0.165992,0.122091,0.00009
AGGTCGCGGAGTTACT-1,0.002977,0.288236,0.002991,0.002991,0.699819,0.002987
AGGTGTATCGCCATGA-1,0.001327,0.197239,0.198549,0.001329,0.600226,0.00133
AGGTTACACCATGCCG-1,0.000378,0.227196,0.000379,0.000379,0.729194,0.042472
AGGTTGAGGCACGCTT-1,0.000163,0.845215,0.000164,0.000164,0.154131,0.000164
AGTAACGTTCATCCTG-1,0.001489,0.532537,0.348587,0.001494,0.114396,0.001497
AGTACATCATTTATCA-1,0.003324,0.094673,0.003332,0.00333,0.892001,0.00334
AGTACCTTCGAGTGCT-1,0.001134,0.002278,0.769944,0.026744,0.19876,0.001139
AGTACGGCCCGTATCG-1,0.000059,0.082935,0.000059,0.000059,0.721715,0.195174
AGTACGGGCACCTGGC-1,0.000111,0.294341,0.460908,0.006086,0.227793,0.01076
AGTACGTGGCCTGTCT-1,0.000711,0.21458,0.475136,0.033561,0.275298,0.000715
AGTAGCTAGACGCCGA-1,0.000911,0.823146,0.000914,0.000915,0.089542,0.084572
AGTAGGAAGGAAGTTG-1,0.000109,0.104292,0.000109,0.000109,0.895272,0.000109
AGTAGGTAACATACAT-1,0.000109,0.753097,0.152294,0.022509,0.066833,0.005157
AGTATAATACTAGGCA-1,0.000226,0.261821,0.012751,0.068376,0.6566,0.000226
AGTATCCATAATAACG-1,0.000224,0.518815,0.000225,0.000225,0.452647,0.027863
AGTCAACACCACCATC-1,0.000511,0.554098,0.250174,0.000512,0.194192,0.000513
AGTCACTCCGCCTCAT-1,0.000303,0.401965,0.279121,0.000304,0.274079,0.044228
AGTCAGCCACCGCCTG-1,0.000139,0.465517,0.000139,0.00014,0.533925,0.00014
AGTCCAGCGGGTACGT-1,0.000141,0.599809,0.000141,0.000141,0.392095,0.007672
AGTCCATTGGCTGATG-1,0.000108,0.610702,0.052462,0.026251,0.310369,0.000108
AGTCCCGCCTTTAATT-1,0.00045,0.654027,0.000451,0.000451,0.34417,0.000451
AGTCCCTCGCAGAAAG-1,0.001108,0.237823,0.001113,0.001113,0.603377,0.155465
AGTCGACGGTCTCAAG-1,0.000084,0.665638,0.104189,0.038359,0.191644,0.000085
AGTCGGCCCAAACGAC-1,0.000076,0.185888,0.04596,0.091218,0.676089,0.00077
AGTCGGCTCAACTTTA-1,0.000719,0.966576,0.000721,0.000721,0.000721,0.030542
AGTCGGTTGCGTGAGA-1,0.000074,0.000149,0.000075,0.279232,0.720395,0.000075
AGTCTAAAGTATACTC-1,0.000922,0.001853,0.000925,0.000924,0.994449,0.000926
AGTCTGGACATCCTTG-1,0.00023,0.309345,0.000231,0.066461,0.623501,0.000231
AGTGAACAAACTTCTC-1,0.000102,0.427137,0.130846,0.000102,0.44171,0.000102
AGTGAAGATGGTGTCC-1,0.003493,0.007,0.003503,0.003506,0.769672,0.212826
AGTGACCTACTTTACG-1,0.002507,0.376677,0.002518,0.002516,0.413801,0.201981
AGTGAGACTTCCAGTA-1,0.00004,0.084812,0.493644,0.41814,0.00004,0.003324
AGTGAGCCTCGCCGCC-1,0.000421,0.135355,0.000422,0.031271,0.751112,0.081419
AGTGAGGGTTTCTGAC-1,0.001643,0.589888,0.001649,0.00165,0.403519,0.001651
AGTGATATGAGTAGTT-1,0.001445,0.418254,0.060343,0.001449,0.517062,0.001448
AGTGATTCAAGCAGGA-1,0.00016,0.471595,0.000161,0.01674,0.44835,0.062994
AGTGCGTAGCTCGTAA-1,0.000528,0.80378,0.00053,0.00053,0.194104,0.000529
AGTGCTTGCACGAATA-1,0.000081,0.450115,0.459593,0.026434,0.038581,0.025196
AGTGGCGGCAATTTGA-1,0.000096,0.000193,0.000096,0.126418,0.873102,0.000096
AGTGGCTCCGTCGGCC-1,0.000117,0.166462,0.095624,0.008342,0.541709,0.187746
AGTGGGAGTATACACG-1,0.336778,0.472242,0.047823,0.047826,0.047697,0.047634
AGTGGTGTTACCCGTG-1,0.000119,0.527713,0.115255,0.256323,0.057765,0.042825
AGTGGTTGCGTATAGG-1,0.000058,0.570457,0.000058,0.043946,0.313832,0.071648
AGTGTATTGCGCATTG-1,0.001201,0.70165,0.001206,0.001206,0.293531,0.001207
AGTGTGCTAAGATCGC-1,0.003175,0.26427,0.003188,0.003186,0.52282,0.203361
AGTGTGGTCTATTGTG-1,0.000133,0.000266,0.000133,0.776579,0.222755,0.000133
AGTTAAACACTTGCGA-1,0.00052,0.686648,0.000522,0.027362,0.234043,0.050906
AGTTAAGCGGTCCCGG-1,0.001224,0.240711,0.001227,0.001226,0.652107,0.103506
AGTTACCCTTAAGACT-1,0.000953,0.001914,0.000957,0.000956,0.890049,0.10517
AGTTACCGCACATGGT-1,0.001832,0.003678,0.001839,0.178594,0.812219,0.001838
AGTTACTCTATCGTGG-1,0.00052,0.457844,0.000522,0.133814,0.329162,0.078138
AGTTCACCGGTTGGAC-1,0.000565,0.001134,0.000567,0.253432,0.743734,0.000567
AGTTCCTACAGAATTA-1,0.000118,0.477875,0.000119,0.111166,0.402337,0.008384
AGTTCTGCGTTGTATC-1,0.000069,0.000139,0.00007,0.517712,0.48194,0.00007
AGTTGACATCGGCTGG-1,0.000224,0.682714,0.000225,0.000225,0.316386,0.000225
AGTTGCTGACTGATAT-1,0.000097,0.045837,0.003031,0.433978,0.51696,0.000097
AGTTTATGTAAAGACA-1,0.001192,0.18194,0.001196,0.001195,0.813279,0.001197
AGTTTGGCACGGGTTG-1,0.000116,0.269693,0.462657,0.000116,0.221002,0.046416
AGTTTGGCCAGACCTA-1,0.003487,0.469209,0.003499,0.003498,0.264772,0.255534
ATAAAGGCTCGGTCGT-1,0.000211,0.456593,0.044353,0.000211,0.472078,0.026554
ATAAAGGTCAAGTACG-1,0.00029,0.883117,0.00029,0.00029,0.069849,0.046164
ATAAATATTAGCAGCT-1,0.000063,0.000126,0.001094,0.822076,0.176578,0.000063
ATAACGCCGGAGGGTC-1,0.000107,0.715106,0.040194,0.065272,0.129623,0.049699
ATAACGGAGTCCAACG-1,0.000125,0.494152,0.184584,0.051152,0.222242,0.047745
ATAACGTTACCTCCAC-1,0.002167,0.593093,0.002175,0.002174,0.398218,0.002174
ATAAGCAAACACCGAG-1,0.002603,0.18534,0.176429,0.108054,0.337682,0.189892
ATAAGTACCCGATTGT-1,0.001985,0.558497,0.001994,0.124089,0.31144,0.001996
ATAAGTAGGATTCAGA-1,0.004202,0.220892,0.004222,0.004219,0.730051,0.036416
ATAAGTAGGGCGACTC-1,0.000115,0.166518,0.000115,0.038509,0.794627,0.000115
ATAAGTTACCGCGACG-1,0.002343,0.208445,0.002353,0.126837,0.657668,0.002354
ATAATACCGTTAGCCG-1,0.000745,0.001496,0.000748,0.000748,0.995517,0.000747
ATAATAGTGTAGGGAC-1,0.000089,0.688124,0.000089,0.033036,0.278572,0.000089
ATACCACGGGCAACTT-1,0.002552,0.097919,0.293476,0.00256,0.600932,0.00256
ATACCCTGGCTCAAAT-1,0.000267,0.594746,0.000268,0.000268,0.404182,0.000268
ATACCGTCATCCATAA-1,0.001663,0.395061,0.286576,0.001668,0.202103,0.11293
ATACGAAGGCTTTCCA-1,0.003401,0.006833,0.003421,0.003427,0.979493,0.003424
ATACGCCGGCGAAACC-1,0.000086,0.72054,0.118862,0.037536,0.097678,0.025298
ATACGGGTTTCGATTG-1,0.000361,0.341816,0.000362,0.000362,0.558289,0.098808
ATACGGTGAAGATGCA-1,0.000072,0.000145,0.000072,0.000072,0.733333,0.266306
ATACGTCCACTCCTGT-1,0.000092,0.417097,0.378211,0.000092,0.179601,0.024907
ATACTCTCGCCACTCT-1,0.000278,0.108903,0.06922,0.325767,0.495555,0.000279
ATACTTGTTCTCGAGC-1,0.000083,0.000167,0.016771,0.000084,0.814529,0.168365
ATAGACAACGGGACCT-1,0.00016,0.251824,0.000161,0.022644,0.708887,0.016324
ATAGACGAAGAGAAAG-1,0.00027,0.249892,0.071506,0.027318,0.611981,0.039033
ATAGAGTACTGGGACA-1,0.000105,0.72272,0.014937,0.000106,0.262026,0.000106
ATAGAGTTATCAACTT-1,0.000205,0.28187,0.011727,0.080211,0.54691,0.079077
ATAGCCTCAGTACCCA-1,0.001278,0.544839,0.001281,0.001281,0.450041,0.00128
ATAGCTGCTCTTGTTA-1,0.002597,0.146278,0.00261,0.002609,0.770768,0.075137
ATAGGAATCTAAGCTT-1,0.000127,0.383583,0.370139,0.000128,0.192929,0.053094
ATAGGCGGCTATAGAA-1,0.005105,0.195062,0.005127,0.005123,0.557356,0.232228
ATAGGCTAGCTTCGCA-1,0.000447,0.280933,0.000449,0.000449,0.717275,0.000448
ATAGGGATATCCTTGA-1,0.000211,0.435832,0.160151,0.000212,0.374259,0.029335
ATAGTCTTTGACGTGC-1,0.000477,0.526707,0.254819,0.034298,0.034269,0.14943
ATAGTGAAGCGTTCTC-1,0.000113,0.608745,0.056779,0.012489,0.321761,0.000113
ATAGTTCCACCCACTC-1,0.000099,0.015989,0.137366,0.276662,0.545731,0.024153
ATATCAACCTACAGAG-1,0.000115,0.213233,0.051032,0.000115,0.64551,0.089996
ATATCGGTAGGGAGAT-1,0.000142,0.062205,0.048595,0.000143,0.881048,0.007867
ATATCGTGCCAGACCC-1,0.000246,0.83558,0.016359,0.000247,0.000247,0.147321
ATATCTCCCTCGTTAA-1,0.000785,0.720465,0.000788,0.000789,0.276383,0.000789
ATATCTTAGGGCCTTC-1,0.000078,0.833889,0.052802,0.000079,0.113074,0.000078
ATATGTCTCCCTAGCC-1,0.000174,0.154453,0.157815,0.000175,0.614265,0.073117
ATATGTGCACAAACCA-1,0.002072,0.481446,0.002079,0.116782,0.233842,0.163778
ATATTATCCCGTATTT-1,0.004926,0.55381,0.004948,0.004948,0.42643,0.004937
ATATTCAGTTAAACCT-1,0.004762,0.009574,0.004781,0.004781,0.773853,0.20225
ATATTGCTGTCAAAGT-1,0.000132,0.376062,0.000132,0.020189,0.603353,0.000132
ATATTTAACCCTCAAG-1,0.000057,0.666236,0.154595,0.011676,0.167381,0.000057
ATCAAACACTGTTCCA-1,0.000134,0.206709,0.281853,0.08591,0.386757,0.038638
ATCAAACGAAGGTTTG-1,0.002978,0.664552,0.002989,0.002991,0.217633,0.108857
ATCACATTAGAATATC-1,0.000194,0.439484,0.011861,0.014485,0.457284,0.076691
ATCACGTGCTAATTAA-1,0.002552,0.637938,0.002563,0.123936,0.230448,0.002563
ATCACTTCATCCTCGC-1,0.000254,0.475061,0.249472,0.022572,0.227664,0.024978
ATCAGACGGCACGCCG-1,0.000718,0.590776,0.211355,0.000721,0.195709,0.000721
ATCAGGTAGCTGACAG-1,0.000761,0.001528,0.000764,0.000764,0.99542,0.000763
ATCAGGTCGCCATTGC-1,0.001325,0.296879,0.577866,0.001329,0.121272,0.00133
ATCAGTAGGCAGGGAT-1,0.000117,0.186921,0.001831,0.142542,0.668472,0.000117
ATCATCCAATATTTGT-1,0.000314,0.867473,0.03698,0.000315,0.094602,0.000315
