Barcode,Topic 1,Topic 2to5,Topic 6,Topic 7to9
AAACAAGTATCTCCCA-1,0.000056,0.48611,0.328955,0.184879
AAACACCAATAACTGC-1,0.000767,0.236362,0.319847,0.443025
AAACAGAGCGACTCCT-1,0.000024,0.157489,0.172941,0.669546
AAACAGGGTCTATATT-1,0.000376,0.001503,0.994134,0.003988
AAACAGTGTTCCTGGG-1,0.000467,0.001869,0.325729,0.671935
AAACATTTCCCGGATT-1,0.000183,0.120948,0.452072,0.426796
AAACCCGAACGAAATC-1,0.000005,0.976534,0.009127,0.014335
AAACCGGAAATGTTAA-1,0.000043,0.224061,0.318606,0.45729
AAACCGGGTAGGTACC-1,0.000088,0.404573,0.55812,0.037219
AAACCGTTCGTCCAGG-1,0.000196,0.13805,0.246542,0.615211
AAACCTCATGAAGTTG-1,0.000243,0.149621,0.578626,0.271509
AAACGAGACGGTTGAT-1,0.000055,0.620129,0.096703,0.283112
AAACGGGCGTACGGGT-1,0.000108,0.097852,0.14669,0.75535
AAACTCGTGATATAAG-1,0.000041,0.038489,0.03403,0.927439
AAACTGCTGGCTCCAA-1,0.000019,0.443475,0.19413,0.362376
AAACTTGCAAACGTAT-1,0.000085,0.350618,0.491747,0.15755
AAAGACCCAAGTCGCG-1,0.000053,0.519218,0.000053,0.480675
AAAGACTGGGCGCTTT-1,0.000199,0.000796,0.600764,0.398242
AAAGGCTACGGACCAT-1,0.000105,0.026643,0.482615,0.490637
AAAGGCTCTCGCGCCG-1,0.000073,0.822063,0.078232,0.099632
AAAGGGATGTAGCAAG-1,0.000048,0.005678,0.231745,0.762528
AAAGGGCAGCTTGAAT-1,0.000139,0.000556,0.458574,0.540731
AAAGTAGCATTGCTCA-1,0.000099,0.255953,0.693885,0.050063
AAAGTCGACCCTCAGT-1,0.000179,0.211296,0.787987,0.000538
AAAGTGTGATTTATCT-1,0.00007,0.366535,0.171549,0.461846
AAAGTTGACTCCCGTA-1,0.00004,0.523109,0.073276,0.403575
AAATAACCATACGGGA-1,0.000031,0.370418,0.150056,0.479495
AAATAAGGTAGTGCCC-1,0.000028,0.252771,0.001123,0.746078
AAATAGCTTAGACTTT-1,0.00003,0.39135,0.030795,0.577825
AAATCGTGTACCACAA-1,0.000059,0.390601,0.392368,0.216973
AAATCTAGCCCTGCTA-1,0.000103,0.016814,0.435305,0.547777
AAATGATTCGATCAGC-1,0.000043,0.442745,0.038803,0.51841
AAATGCTCGTTACGTT-1,0.000083,0.00033,0.655721,0.343866
AAATGGCCCGTGCCCT-1,0.000424,0.001697,0.996605,0.001273
AAATGGTCAATGTGCC-1,0.000028,0.261697,0.041663,0.696613
AAATTAACGGGTAGCT-1,0.000034,0.196874,0.012059,0.791034
AAATTACACGACTCTG-1,0.000123,0.000493,0.78446,0.214923
AAATTACCTATCGATG-1,0.000077,0.040897,0.169418,0.789608
AAATTCCAGGTCCAAA-1,0.000018,0.229958,0.01344,0.756583
AAATTGATAGTCCTTT-1,0.000141,0.000563,0.998874,0.000422
AAATTTGCGGGTGTGG-1,0.000137,0.000549,0.736355,0.262959
AACAACTGGTAGTTGC-1,0.000022,0.494905,0.005688,0.499385
AACAATACATTGTCGA-1,0.000221,0.000884,0.544868,0.454027
AACAATTACTCTACGC-1,0.000063,0.198037,0.070459,0.731442
AACACACGCTCGCCGC-1,0.000085,0.240608,0.404399,0.354909
AACACGAGACGCGGCC-1,0.000312,0.001249,0.933314,0.065125
AACACGCGGCCGCGAA-1,0.000201,0.213426,0.561839,0.224534
AACAGCTGTGTGGCAA-1,0.000126,0.615156,0.165903,0.218814
AACAGGATGGGCCGCG-1,0.000117,0.000467,0.674073,0.325343
AACAGGTAGTATGGAT-1,0.000046,0.248607,0.233722,0.517626
AACATATCAACTGGTG-1,0.000013,0.70276,0.004668,0.292559
AACATCGATACGTCTA-1,0.00004,0.190503,0.104798,0.704658
AACATTGTGACTCGAG-1,0.000228,0.000913,0.143133,0.855725
AACCAAGACTTCTCTG-1,0.000247,0.000988,0.676361,0.322404
AACCATGGGATCGCTA-1,0.000016,0.725087,0.007014,0.267883
AACCCAGAGACGGAGA-1,0.000024,0.494984,0.037601,0.467391
AACCCGACAACCCGTG-1,0.00025,0.119306,0.668217,0.212228
AACCCGAGCAGAATCG-1,0.00004,0.657718,0.069291,0.272951
AACCCTACTGTCAATA-1,0.000079,0.336393,0.302312,0.361216
AACCGCTAAGGGATGC-1,0.000034,0.820589,0.143041,0.036335
AACCTGTCACGGAATT-1,0.000031,0.289356,0.01748,0.693134
AACCTTTACGACGTCT-1,0.000042,0.009924,0.121121,0.868913
AACGATAGAAGGGCCG-1,0.000076,0.000303,0.141044,0.858577
AACGATATGTCAACTG-1,0.000184,0.344534,0.152995,0.502287
AACGCATGATCTGGGT-1,0.000024,0.307103,0.008403,0.68447
AACGCGAACGGCAACA-1,0.000292,0.157605,0.421657,0.420446
AACGCTGTTGCTGAAA-1,0.000124,0.153096,0.661059,0.185721
AACGGACGTACGTATA-1,0.000132,0.077532,0.888623,0.033714
AACGGCCATCTCCGGT-1,0.000049,0.149094,0.660106,0.190751
AACGTACTGTGGGTAC-1,0.000345,0.001381,0.534779,0.463494
AACGTCAGACTAGTGG-1,0.00005,0.243656,0.21055,0.545744
AACGTGATGAAGGACA-1,0.000048,0.343375,0.389912,0.266665
AACTACCCGTTTGTCA-1,0.000034,0.550299,0.15649,0.293177
AACTAGGCTTGGGTGT-1,0.000163,0.135782,0.601249,0.262805
AACTCAAGTTAATTGC-1,0.00001,0.994613,0.00001,0.005366
AACTCCAGAGCGTGTT-1,0.000153,0.000613,0.732208,0.267026
AACTCCTAATCCCATG-1,0.000013,0.866893,0.000013,0.133082
AACTCGATGGCGCAGT-1,0.000144,0.000575,0.998851,0.000431
AACTCTCAATAGAGCG-1,0.000051,0.270601,0.106624,0.622724
AACTCTCAGTGTGCTC-1,0.000588,0.202872,0.283307,0.513233
AACTGAGTTATACTGA-1,0.0001,0.700262,0.149363,0.150275
AACTTCTGCGTCTATC-1,0.000276,0.258918,0.106085,0.634721
AACTTGCCCGTATGCA-1,0.000028,0.621278,0.026342,0.352353
AACTTGCGTTCTCGCG-1,0.000261,0.001044,0.399321,0.599374
AAGAAGGATCAGTTAG-1,0.000072,0.000289,0.873658,0.125981
AAGACCCAACTGAACA-1,0.000165,0.007878,0.492882,0.499076
AAGAGATGAATCGGTA-1,0.000045,0.423913,0.148197,0.427845
AAGAGGATGTACGCGA-1,0.000096,0.216893,0.507842,0.27517
AAGAGGCATGGATCGC-1,0.000083,0.141952,0.129813,0.728152
AAGAGGCCCTTTGGAA-1,0.000137,0.00055,0.120519,0.878794
AAGATGGCACCGGACC-1,0.000156,0.116491,0.032101,0.851252
AAGATTGGCGGAACGT-1,0.000089,0.020055,0.255443,0.724412
AAGCCACTTGCAGGTA-1,0.000145,0.000581,0.993359,0.005916
AAGCCGAAGCGGTTTA-1,0.00003,0.608502,0.167986,0.223482
AAGCCGCCGTGAAATC-1,0.000197,0.00079,0.889536,0.109477
AAGCGGCGTCATGGGT-1,0.000022,0.511812,0.000022,0.488144
AAGCGTCCCTCATCGA-1,0.000281,0.6142,0.22362,0.161899
AAGGAGCGGTTGGTGC-1,0.000035,0.179639,0.046265,0.77406
AAGGATCGATCGCTTG-1,0.000029,0.672681,0.064794,0.262497
AAGGATGAGGGACCTC-1,0.000037,0.436701,0.012986,0.550276
AAGGCAGGCTGTCTCC-1,0.000018,0.755281,0.000456,0.244245
AAGGCGCGTAAAGCTT-1,0.000035,0.316432,0.039182,0.644351
AAGGCTGTGCTCATCG-1,0.000048,0.184795,0.027356,0.787802
AAGGGAACGACTGGCT-1,0.000342,0.001369,0.14337,0.854919
AAGGGACAGATTCTGT-1,0.000043,0.442452,0.053971,0.503534
AAGGGACTATGCATTC-1,0.000193,0.026388,0.703932,0.269486
AAGGTATCCTAATATA-1,0.000027,0.624025,0.070837,0.30511
AAGGTGATAAACCAGC-1,0.000084,0.110188,0.702925,0.186802
AAGTAGAAGACCGGGT-1,0.000019,0.903116,0.000019,0.096847
AAGTAGTGACGCGAGG-1,0.000042,0.507267,0.05635,0.436341
AAGTCAATTGTCGTCA-1,0.000058,0.049642,0.287164,0.663136
AAGTGACGACCGAATT-1,0.000206,0.027193,0.838152,0.134449
AAGTGAGTCGGGTTTA-1,0.00011,0.04214,0.273713,0.684037
AAGTGCCTTGACTGTA-1,0.00007,0.165863,0.058153,0.775914
AAGTGCGTTAGAATCT-1,0.000085,0.283737,0.715924,0.000254
AAGTGCTTCTCTATTG-1,0.000086,0.27086,0.499878,0.229176
AAGTTCACTCCAAGCT-1,0.000289,0.001155,0.99769,0.000866
AAGTTCAGTCTGCGTA-1,0.000026,0.525031,0.018047,0.456896
AAGTTCGGCCAACAGG-1,0.000078,0.210853,0.695268,0.093801
AAGTTGTGATGTTATA-1,0.000109,0.000437,0.02869,0.970764
AATAACAACGCTCGGC-1,0.000033,0.803597,0.011608,0.184762
AATAACACTAGAACAA-1,0.000115,0.000459,0.788337,0.211089
AATAATCTTCGTATCG-1,0.000074,0.059513,0.432393,0.50802
AATACAATGTTTCAGG-1,0.000078,0.459274,0.11823,0.422418
AATACCGGAGGGCTGT-1,0.00007,0.00028,0.702276,0.297374
AATACCTGATGTGAAC-1,0.000029,0.731401,0.196168,0.072402
AATAGAACAGAGTGGC-1,0.000207,0.00083,0.594239,0.404723
AATAGAATCTGTTTCA-1,0.00011,0.255338,0.732677,0.011874
AATAGCTACCGCGTGC-1,0.00005,0.046109,0.044267,0.909574
AATAGGCACGACCCTT-1,0.000075,0.254416,0.136806,0.608704
AATAGTCCGTCCCGAC-1,0.000184,0.000735,0.455475,0.543606
AATATCAAGGTCGGAT-1,0.000165,0.162004,0.069602,0.768229
AATATCGAATCAATGC-1,0.00003,0.626841,0.027434,0.345695
AATATCGAGGGTTCTC-1,0.000047,0.173569,0.136626,0.689758
AATATTGGAGTATTGA-1,0.000934,0.003737,0.615192,0.380136
AATCAGACTGCAGGAC-1,0.000141,0.000564,0.429701,0.569595
AATCAGGTTTCATTTA-1,0.00015,0.479405,0.26378,0.256665
AATCATGTAAAGACTC-1,0.00004,0.513655,0.238476,0.247828
AATCCAAGGGCCTGAG-1,0.000038,0.013183,0.030935,0.955845
AATCCATGCAAGGGTG-1,0.000095,0.000378,0.6411,0.358427
AATCGCCTCAGCGCCA-1,0.000244,0.552727,0.266161,0.180869
AATCGCGCAGAGGACT-1,0.000025,0.527026,0.053062,0.419886
AATCTAGGTTTACTTG-1,0.000306,0.229661,0.582771,0.187263
AATCTATGCCGGAGCC-1,0.000035,0.423688,0.000035,0.576243
AATCTGCGTTGGGACG-1,0.00011,0.009556,0.426699,0.563635
AATCTGGCTTTCTAGT-1,0.000545,0.00218,0.936069,0.061206
AATGACAGCAATGTCT-1,0.000115,0.000461,0.999077,0.000346
AATGACTGTCAGCCGG-1,0.000036,0.128049,0.03507,0.836845
AATGAGTTCGCATATG-1,0.000086,0.003289,0.556424,0.4402
AATGATGATACGCTAT-1,0.000041,0.31344,0.194767,0.491752
AATGATGCGACTCCTG-1,0.000048,0.248279,0.01787,0.733804
AATGCAACCGGGTACC-1,0.000033,0.169414,0.029699,0.800854
AATGCACCAAGCAATG-1,0.000011,0.900044,0.000011,0.099935
AATGGTCCACCGTTCA-1,0.000183,0.008476,0.593036,0.398306
AATGGTTCTCACAAGC-1,0.000024,0.658428,0.04646,0.295088
AATGTGCCCGAGGTGT-1,0.0001,0.338995,0.653883,0.007022
AATGTGCTAATCTGAG-1,0.000397,0.200486,0.600097,0.199021
AATTAAAGGTCGGCGT-1,0.000012,0.745526,0.006132,0.24833
AATTAGCGCTGCAGCG-1,0.00009,0.000362,0.598859,0.400688
AATTCATAAGGGATCT-1,0.000108,0.170923,0.504064,0.324905
AATTCTAGAGTTAGGC-1,0.000037,0.734832,0.103034,0.162097
AATTGAACGCTCTGGT-1,0.000183,0.00073,0.867955,0.131132
AATTGCAGCAATCGAC-1,0.000061,0.179761,0.144107,0.676071
AATTTGGGACATAGTA-1,0.000031,0.279284,0.041329,0.679356
ACAAACTCCATCAGAG-1,0.000975,0.379225,0.616874,0.002926
ACAAAGCATGACCTAG-1,0.000095,0.000381,0.381747,0.617777
ACAAATCGCACCGAAT-1,0.000169,0.000676,0.998648,0.000507
ACAAATGGTAGTGTTT-1,0.00005,0.355282,0.3831,0.261568
ACAACGGTCCCTGCGA-1,0.000036,0.478058,0.137381,0.384525
ACAAGCAGTGCCTAGC-1,0.000015,0.784034,0.03314,0.18281
ACAAGGACAAGAGGTT-1,0.000024,0.812186,0.066894,0.120896
ACAAGGATGCTTTAGG-1,0.000275,0.001101,0.912196,0.086428
ACAATAGTCGTACGTT-1,0.000148,0.50695,0.27508,0.217822
ACAATCCATTTAAACC-1,0.000046,0.320687,0.151619,0.527648
ACAATGAATACGGAGA-1,0.000141,0.000564,0.955111,0.044184
ACAATTGTGTCTCTTT-1,0.000126,0.098307,0.724757,0.17681
ACAATTTGAGCAGTGG-1,0.00005,0.340591,0.088706,0.570653
ACAATTTGGCCATATT-1,0.000016,0.667594,0.025457,0.306933
ACACAAAGACGGGTGG-1,0.00003,0.173429,0.002348,0.824194
ACACACCAGGACCAGT-1,0.000072,0.302624,0.584611,0.112694
ACACCACATAATTAGC-1,0.000037,0.086212,0.038757,0.874994
ACACCCAGCATGCAGC-1,0.000035,0.094736,0.090272,0.814958
ACACCCGAGAAATCCG-1,0.00002,0.513821,0.034832,0.451327
ACACCTTAAGTAGGGC-1,0.000042,0.108134,0.01248,0.879344
ACACCTTACTACTTGC-1,0.000035,0.197826,0.062895,0.739244
ACACGTAGGCCACAAG-1,0.000067,0.141314,0.106307,0.752312
ACACTCCAATGTCACT-1,0.000046,0.549613,0.028591,0.421751
ACACTGATCAAGGTGT-1,0.000618,0.002471,0.12859,0.868322
ACACTGGGACAGTCGT-1,0.000039,0.685278,0.064406,0.250277
ACAGAACTGAGAACAA-1,0.000173,0.000691,0.819861,0.179276
ACAGCGACATTCTCAT-1,0.000126,0.000504,0.586491,0.41288
ACAGCGCACCCGCAGC-1,0.000069,0.067475,0.431997,0.500459
ACAGGCACGGATCCTT-1,0.000235,0.00094,0.417129,0.581696
ACAGGCTTGCCCGACT-1,0.000119,0.191971,0.807554,0.000356
ACAGGTGGAGGTGAGG-1,0.00018,0.000718,0.854061,0.145041
ACAGTAATACAACTTG-1,0.0002,0.000798,0.998403,0.000599
ACATAATAAGGCGGTG-1,0.000189,0.115101,0.196125,0.688585
ACATACAATCAAGCGG-1,0.000105,0.00042,0.733903,0.265572
ACATCCCGGCCATACG-1,0.000036,0.799706,0.007727,0.192531
ACATCCTGGTAACTGT-1,0.000103,0.310799,0.197098,0.491999
ACATCGATCGTTTACC-1,0.000005,0.999974,0.000005,0.000015
ACATCGGTCAGCCGCG-1,0.000099,0.264357,0.379338,0.356206
ACATCGTATGCAATGG-1,0.000162,0.000647,0.998705,0.000486
ACATGGCGCCAAAGTA-1,0.000026,0.525502,0.064388,0.410085
ACATTAGTTTATATCC-1,0.000058,0.168718,0.297678,0.533546
ACATTCGCGCGGAATA-1,0.001039,0.014038,0.344596,0.640327
ACATTTGAAACCTAAC-1,0.000085,0.006944,0.603275,0.389696
ACCAAACACCCAGCGA-1,0.000037,0.075217,0.123813,0.800933
ACCAACACCACACACT-1,0.000052,0.022553,0.179381,0.798014
ACCAACCGCACTCCAC-1,0.000123,0.160452,0.647657,0.191768
ACCAACGCTTATTTAT-1,0.000235,0.000938,0.257442,0.741385
ACCAAGAACGCGTGTC-1,0.000055,0.14939,0.023112,0.827443
ACCACAACTCAGAACA-1,0.000049,0.313468,0.368283,0.3182
ACCACAAGTTTCTATC-1,0.00003,0.122287,0.073841,0.803843
ACCACCAATGTAACAA-1,0.000017,0.629487,0.031879,0.338617
ACCAGTGCCCGGTCAA-1,0.000049,0.000196,0.801888,0.197867
ACCAGTGCGGGAGACG-1,0.000043,0.771788,0.161979,0.06619
ACCATATCCGCAATAA-1,0.000016,0.638332,0.030264,0.331388
ACCATCCGCCAACTAG-1,0.000731,0.372552,0.624522,0.002195
ACCATCGTATATGGTA-1,0.000314,0.001256,0.209657,0.788773
ACCCAACGCCCGTGGC-1,0.000049,0.156731,0.149913,0.693307
ACCCACCTACATGCTC-1,0.000033,0.496183,0.137105,0.366679
ACCCATCTTGAGGGTA-1,0.000112,0.000449,0.358692,0.640747
ACCCATTTGTCCCTCT-1,0.000061,0.644172,0.123793,0.231974
ACCCGAGCGAAATTAC-1,0.000351,0.101747,0.299011,0.598891
ACCCGATTGGTTCCGA-1,0.000232,0.000929,0.726572,0.272267
ACCCGGAAACTCCCAG-1,0.00012,0.389559,0.242964,0.367357
ACCCGGAGCACCACAA-1,0.00008,0.001156,0.5182,0.480565
ACCCGGATGACGCATC-1,0.000088,0.1628,0.330731,0.50638
ACCCGGTTACACTTCC-1,0.000028,0.768906,0.051348,0.179718
ACCCGTGTCATCAGTA-1,0.000248,0.000991,0.073572,0.92519
ACCCTATAGGACTGAG-1,0.000149,0.504162,0.114631,0.381057
ACCCTATGCCATATCG-1,0.000318,0.682458,0.138992,0.178233
ACCCTCCCGTCAGGGC-1,0.000197,0.197215,0.801995,0.000592
ACCCTCCCTTGCTATT-1,0.000161,0.000645,0.998709,0.000484
ACCCTGGTAACGCCCT-1,0.000039,0.040111,0.203301,0.756549
ACCCTTTAGTTCTCCA-1,0.000131,0.000526,0.563407,0.435936
ACCGACTGAGTCCCAC-1,0.00006,0.099491,0.17674,0.723709
ACCGATAGGCATAACC-1,0.00004,0.546522,0.037877,0.415561
ACCGATATTTAATCAT-1,0.000061,0.354601,0.157597,0.487742
ACCGATGGTAGCATCG-1,0.000059,0.11248,0.156619,0.730842
ACCGCGGTGGAAGTCG-1,0.000015,0.951294,0.00728,0.041411
ACCGCTAGTCATTGGT-1,0.000337,0.172992,0.82103,0.005641
ACCGGGCCTTTGTTGA-1,0.000024,0.845855,0.093675,0.060445
ACCGTGACCACGTGGG-1,0.000133,0.539128,0.097312,0.363426
ACCTAAGTACCTTTCA-1,0.000091,0.136646,0.858773,0.00449
ACCTAATCGACTTCCT-1,0.00007,0.000282,0.171041,0.828606
ACCTACAGTATGTGGT-1,0.000035,0.613886,0.049171,0.336908
ACCTCAGCGAGGCGCA-1,0.000272,0.001087,0.997825,0.000816
ACCTCCGCCCTCGCTG-1,0.000219,0.017693,0.431862,0.550226
ACCTCCGTTATTCACC-1,0.000015,0.849072,0.001662,0.149251
ACCTGCGTGTCATGTT-1,0.000505,0.002022,0.937241,0.060232
ACGAAATGGGCGGCAC-1,0.000028,0.872248,0.028753,0.09897
ACGACTCTAGGGCCGA-1,0.00005,0.000201,0.385352,0.614396
ACGACTGGTCATACTC-1,0.000601,0.002404,0.422229,0.574766
ACGAGAACCCATCACG-1,0.000033,0.459197,0.077588,0.463182
ACGAGATATTTGCTTA-1,0.000031,0.627957,0.159243,0.212769
ACGAGGATACCACTCT-1,0.000836,0.003344,0.993312,0.002508
ACGAGTACGGATGCCC-1,0.000023,0.540935,0.022034,0.437008
ACGATACATAGAACTA-1,0.000063,0.307309,0.179854,0.512774
ACGATCATACATAGAG-1,0.000038,0.429823,0.023031,0.547109
ACGATCATCTTGTAAA-1,0.000044,0.389105,0.077335,0.533515
ACGATGCATATGTTAT-1,0.000066,0.349563,0.095009,0.555362
ACGCAAACTAATAGAT-1,0.000181,0.04868,0.26961,0.68153
ACGCAATCACTACAGC-1,0.000039,0.351218,0.000039,0.648704
ACGCATACGTTTACTA-1,0.000057,0.000228,0.466586,0.533129
ACGCATTCGTGAGTAC-1,0.000038,0.150421,0.002914,0.846626
ACGCCAGTGCGTTTGC-1,0.000154,0.000618,0.994124,0.005104
ACGCGAAGTCAGACGA-1,0.000036,0.557478,0.096866,0.34562
ACGCGCTACACAGGGT-1,0.000107,0.115996,0.883575,0.000322
ACGCGGGCCAAGGACA-1,0.000035,0.112008,0.079029,0.808928
ACGCTAGTGATACACT-1,0.000025,0.501667,0.04231,0.455998
ACGCTGTGAGGCGTAG-1,0.000849,0.003395,0.640236,0.35552
ACGGAACACGAGTGCC-1,0.000115,0.00046,0.870476,0.128949
ACGGAATTTAGCAAAT-1,0.000098,0.00039,0.725791,0.273722
ACGGAGCGCAAATTAC-1,0.000048,0.240568,0.097983,0.661401
ACGGCACTTGCTTGGG-1,0.000038,0.7426,0.122415,0.134946
ACGGCCAACATGGACT-1,0.000075,0.043042,0.340855,0.616028
ACGGGAGTGTCGGCCC-1,0.000195,0.077945,0.921274,0.000586
ACGGGCGTATGCGACA-1,0.000024,0.301653,0.032372,0.665952
ACGGTACAGTTCAATG-1,0.000168,0.068346,0.733263,0.198223
ACGTACTTTGGCACGG-1,0.000178,0.000714,0.389703,0.609404
ACGTAGATTGCTGATG-1,0.000039,0.477835,0.073343,0.448783
ACGTATTACTCCGATC-1,0.000079,0.165396,0.377623,0.456902
ACGTTAATGTCGAAGA-1,0.000015,0.691425,0.017206,0.291354
ACGTTAGATTTGCCCG-1,0.000091,0.416321,0.221656,0.361932
ACGTTCACTATGCCGC-1,0.000338,0.001352,0.997296,0.001014
ACGTTCGCAATCAATT-1,0.000017,0.436378,0.005807,0.557798
ACGTTCGTTCAGGAAA-1,0.00026,0.001039,0.189738,0.808963
ACGTTCTGTACAAGTC-1,0.000232,0.154566,0.80764,0.037562
ACGTTGTCGTTGAAAG-1,0.000105,0.00042,0.752614,0.246861
ACTAATACGTCAGGCG-1,0.000042,0.226373,0.115939,0.657646
ACTACCAGCTCTCTGG-1,0.000039,0.558489,0.001995,0.439477
ACTACCATCCGAGGGC-1,0.000335,0.00134,0.992929,0.005396
ACTACGCGTTAGAATT-1,0.000217,0.170382,0.117894,0.711508
ACTAGTTGCGATCGTC-1,0.000037,0.766774,0.146696,0.086493
ACTATATGCTGTGTTC-1,0.000037,0.280938,0.040948,0.678076
ACTATCCAGGGCATGG-1,0.000026,0.459319,0.049168,0.491487
ACTATCTGCCCGCGTA-1,0.000059,0.23545,0.202294,0.562196
ACTATGTCCAGCTGCC-1,0.000727,0.002907,0.994186,0.00218
ACTATTTCCGGGCCCA-1,0.000232,0.000927,0.383824,0.615018
ACTCAACGAATGTATT-1,0.000109,0.125253,0.581412,0.293227
ACTCAAGTGCAAGGCT-1,0.00024,0.000959,0.998083,0.000719
ACTCAGACCTGCTTCT-1,0.000092,0.00037,0.11605,0.883488
ACTCCAATATCATCAT-1,0.000443,0.314803,0.245246,0.439509
ACTCCCATTCCTAAAG-1,0.000386,0.001544,0.996912,0.001158
ACTCCCGAATTCGTTT-1,0.000017,0.656523,0.012524,0.330936
ACTCCGGCCGACCACT-1,0.000322,0.001289,0.997422,0.000967
ACTCGCGATCTGACGC-1,0.000007,0.93132,0.005801,0.062872
ACTCGTAACCCGTCCT-1,0.000311,0.001242,0.997515,0.000932
ACTCTCTTATACACGA-1,0.000063,0.419623,0.424381,0.155934
ACTCTGACCTAATAGA-1,0.000241,0.000963,0.845386,0.153411
ACTGAAACGCCGTTAG-1,0.000063,0.299824,0.151676,0.548437
ACTGAATGGCGAAAGT-1,0.000152,0.000609,0.998782,0.000457
ACTGCCCGCCATTCTC-1,0.000783,0.003132,0.452812,0.543273
ACTGCGGACACACCGT-1,0.000033,0.253015,0.029445,0.717507
ACTGTACGATACACAT-1,0.000087,0.267533,0.205679,0.526702
ACTGTAGCACTTTGGA-1,0.000009,0.863005,0.001336,0.13565
ACTGTATACGCGAGCA-1,0.000017,0.608788,0.000017,0.391179
ACTGTCCAGGATTATA-1,0.000026,0.076089,0.002278,0.921607
ACTGTCTTCTTTAGAA-1,0.00004,0.057626,0.069829,0.872505
ACTGTGCTAGTAGATC-1,0.000048,0.3057,0.092687,0.601565
ACTTACCGGGCGCGCA-1,0.000013,0.735216,0.000013,0.264757
ACTTAGTACGACAAGA-1,0.000053,0.024472,0.104539,0.870936
ACTTATACTTACCCGG-1,0.000075,0.366187,0.22197,0.411768
ACTTATTAGGATCGGT-1,0.000053,0.231437,0.041994,0.726516
ACTTATTTATGTGCCA-1,0.000183,0.000734,0.915316,0.083767
ACTTCAGGCTGATCCC-1,0.000401,0.313474,0.68492,0.001204
ACTTGGGACCCGGTGG-1,0.000044,0.080349,0.002958,0.916649
ACTTGTGGATGGAACG-1,0.000091,0.000366,0.688456,0.311087
ACTTTACCCTCATGAA-1,0.000018,0.399962,0.014474,0.585545
ACTTTCCTATAGCTTC-1,0.000057,0.08808,0.049648,0.862214
ACTTTGTCGACGCACT-1,0.000102,0.179585,0.124549,0.695764
AGAAATTATGACTCGC-1,0.000063,0.2236,0.297484,0.478854
AGAACCCAGCGTGACA-1,0.000008,0.800015,0.007765,0.192211
AGAACTGTACTTTGTA-1,0.000049,0.555847,0.205428,0.238676
AGAAGAGCGCCGTTCC-1,0.000522,0.044101,0.314547,0.64083
AGAAGGTTGCCGAATT-1,0.000011,0.999947,0.000011,0.000032
AGAAGTGATTCGTGAT-1,0.000103,0.266897,0.73269,0.00031
AGAATACAGGCTATCC-1,0.000082,0.000328,0.846998,0.152593
AGAATGCGGGTTCGGA-1,0.00011,0.075452,0.103663,0.820775
AGAATTATGGATTCGA-1,0.000049,0.276658,0.12352,0.599772
AGAATTGTTTGACATA-1,0.000193,0.000772,0.997598,0.001437
AGACAGGCATCTCAGC-1,0.000061,0.134037,0.429004,0.436898
AGACCATGGGATACAA-1,0.000085,0.067731,0.165747,0.766437
AGACCCACCGCTGATC-1,0.000118,0.349361,0.316336,0.334185
AGACCCGCCCTCCTCG-1,0.000034,0.234846,0.034112,0.731008
AGACCGCTCCGCGGTT-1,0.000034,0.832841,0.039396,0.127729
AGACCGGGAAACCCTG-1,0.000184,0.06257,0.501567,0.435679
AGACGAAGTGCCGGTC-1,0.000082,0.113029,0.781662,0.105226
AGACGACGATGCCGCT-1,0.000085,0.000339,0.999321,0.000255
AGACGCCCACTTCGCC-1,0.000025,0.573867,0.253362,0.172746
AGACGGGCCGATTTAA-1,0.000072,0.073962,0.784842,0.141124
AGACTAGCCTTCCAGA-1,0.000035,0.067854,0.056385,0.875726
AGACTGTTACCGGGTC-1,0.000051,0.824142,0.013856,0.161951
AGAGAAACACCAGAAA-1,0.000138,0.000551,0.839374,0.159937
AGAGAACCGTCTAGGA-1,0.000053,0.1622,0.109242,0.728505
AGAGAAGGAGTACAAT-1,0.000686,0.252519,0.452989,0.293806
AGAGATCTCTAAAGCG-1,0.000159,0.059543,0.832343,0.107956
AGAGCAGTTATGAGAC-1,0.000094,0.109853,0.319214,0.570839
AGAGCCGCCGAGATTT-1,0.000059,0.403339,0.260921,0.335681
AGAGCGTACAAGCTCG-1,0.000076,0.000303,0.39509,0.604531
AGAGGCTTCGGAAACC-1,0.00009,0.201052,0.393291,0.405566
AGAGTAAACTTCACTA-1,0.000049,0.27339,0.185879,0.540682
AGATAACTTCAGGGCC-1,0.000008,0.958061,0.000008,0.041922
AGATACCAATAGAACC-1,0.000096,0.000385,0.375214,0.624304
AGATACCGGTGTTCAC-1,0.000066,0.525213,0.101057,0.373664
AGATACGACTTCATAT-1,0.00005,0.114422,0.035206,0.850322
AGATACTCAAGATCGA-1,0.000086,0.21982,0.592896,0.187198
AGATCGTGCATAAGAT-1,0.000027,0.41579,0.062369,0.521814
AGATGACTCGCCCACG-1,0.000067,0.16656,0.127263,0.70611
AGATGAGGGTTGCGAT-1,0.000037,0.036188,0.067592,0.896184
AGATGATGGAGTCTGG-1,0.000025,0.640227,0.055542,0.304207
AGATGCAAGACGTGCA-1,0.000621,0.002485,0.768145,0.228749
AGATTATAGGACGTTT-1,0.00003,0.431447,0.034103,0.53442
AGCAACATATCTTATT-1,0.000078,0.096051,0.473006,0.430865
AGCAACCGAAAGTAAT-1,0.000628,0.002513,0.697898,0.298961
AGCACACGTTTAGACT-1,0.001444,0.005776,0.988448,0.004332
AGCACCAGTACTCACG-1,0.000056,0.000222,0.222902,0.77682
AGCACTACCGGCCTGT-1,0.000128,0.289075,0.149992,0.560805
AGCACTTAAGGACGCC-1,0.000087,0.000349,0.217772,0.781792
AGCAGCCAGATGAATA-1,0.000159,0.058751,0.217402,0.723688
AGCATATCAATATGCT-1,0.00012,0.107738,0.775147,0.116996
AGCATCATTTCGAAAG-1,0.000722,0.002888,0.994225,0.002166
AGCATCGTCGATAATT-1,0.000041,0.305912,0.026003,0.668044
AGCATTACGAGGCAAG-1,0.000136,0.08383,0.55369,0.362343
AGCCACAGGTTACCCG-1,0.000188,0.000751,0.19899,0.800071
AGCCACTCCCGTGCTT-1,0.000035,0.734249,0.226695,0.039021
AGCCCATACATGTAAG-1,0.000117,0.000469,0.592229,0.407185
AGCCCGGCATTAGAGG-1,0.000591,0.110072,0.07145,0.817887
AGCCCGGTAGCCTGTA-1,0.000084,0.432412,0.000084,0.56742
AGCCCTCCCTGGTGGC-1,0.000601,0.271102,0.000601,0.727696
AGCCCTGTCGCACCGT-1,0.000007,0.848721,0.000274,0.150998
AGCCCTTCTAATCCGA-1,0.000029,0.553272,0.000029,0.44667
AGCCCTTGGACATCCC-1,0.000084,0.216506,0.147924,0.635486
AGCCGTGGCTAAATGT-1,0.000138,0.00055,0.692453,0.306859
AGCCTAATACCCACGT-1,0.00051,0.107934,0.292347,0.599209
AGCCTTAAAGCGGAAG-1,0.000138,0.370415,0.217774,0.411673
AGCGACAGGAACGGTC-1,0.000063,0.40131,0.432978,0.165649
AGCGACATCCCATTCA-1,0.000138,0.377326,0.12737,0.495166
AGCGACCAACGATATT-1,0.000042,0.000168,0.109388,0.890401
AGCGATGCGCCTAATA-1,0.000085,0.067127,0.065876,0.866911
AGCGCATAATGAATCG-1,0.000254,0.001015,0.478636,0.520094
AGCGCGGGTGCCAATG-1,0.000052,0.166487,0.172595,0.660866
AGCGCTAGAGCGATGT-1,0.000014,0.59478,0.000014,0.405191
AGCGCTTATGGGCAAG-1,0.000083,0.428477,0.000083,0.571357
AGCGGGAAGGGTCCAT-1,0.000035,0.160257,0.004511,0.835197
AGCGGTTGCCGCTCTG-1,0.000173,0.113726,0.000173,0.885927
AGCGTACGAGAGCTAG-1,0.000387,0.00155,0.459516,0.538547
AGCGTCTGAACCCGCA-1,0.000284,0.13147,0.242333,0.625912
AGCTAACAAGCAATGT-1,0.000237,0.564497,0.23804,0.197227
AGCTAAGCTCCGTCCG-1,0.000205,0.000822,0.998356,0.000617
AGCTAGAAGCAGAAGT-1,0.000052,0.049277,0.040803,0.909868
AGCTCCATATATGTTC-1,0.000084,0.291287,0.431251,0.277377
AGCTCCTTCGCACATC-1,0.000152,0.063932,0.775716,0.1602
AGCTCTTCCCAGTGCA-1,0.000147,0.21298,0.461323,0.32555
AGCTCTTCGTAACCTT-1,0.000009,0.891005,0.040367,0.06862
AGCTCTTTACTCAGTT-1,0.000061,0.647095,0.183308,0.169536
AGCTGAAGTAAACCAA-1,0.000037,0.45003,0.228128,0.321804
AGCTGTAACCTCAATC-1,0.000097,0.247864,0.688907,0.063131
AGCTTCTTCTCGAGCA-1,0.000199,0.021833,0.781879,0.19609
AGCTTGATCTTAACTT-1,0.000112,0.047791,0.695252,0.256845
AGGACAGTCGAATCCC-1,0.000096,0.017119,0.914298,0.068487
AGGACATCGCACGTCG-1,0.000039,0.174649,0.044115,0.781197
AGGACGACCCATTAGA-1,0.000045,0.782204,0.085218,0.132533
AGGACGCTCGATGTTG-1,0.000028,0.346237,0.021295,0.63244
AGGAGGCCTTCGCGCG-1,0.000118,0.000747,0.676942,0.322192
AGGATAAAGTCGGGAT-1,0.000068,0.330501,0.160317,0.509114
AGGATATAGGGATTTA-1,0.000103,0.338485,0.393923,0.267489
AGGATATCCGACTGCA-1,0.000186,0.000745,0.99851,0.000559
AGGATCACGCGATCTG-1,0.000225,0.127021,0.409199,0.463555
AGGATTGCTTACGACA-1,0.00002,0.284575,0.015326,0.700078
AGGCACGTGACTGTCC-1,0.000066,0.16962,0.457394,0.37292
AGGCAGATGCGTAAAC-1,0.000094,0.016553,0.290369,0.692984
AGGCAGGGAGCGTACT-1,0.000065,0.61139,0.027875,0.36067
AGGCATTGTCGTAGGG-1,0.000155,0.015589,0.656197,0.328058
AGGCCACATTGGTTAC-1,0.000042,0.194792,0.240151,0.565015
AGGCCACCCGTTATGA-1,0.000008,0.973936,0.006214,0.019842
AGGCCCATTGTACAGG-1,0.000096,0.00086,0.113215,0.885829
AGGCCCTAGAACGCCA-1,0.000083,0.110322,0.763445,0.12615
AGGCCTGAGAATCTCG-1,0.000216,0.000865,0.510195,0.488723
AGGCGATAACTGGCGT-1,0.00007,0.021848,0.294105,0.683977
AGGCGTCTATGGACGG-1,0.000033,0.394585,0.007144,0.598238
AGGCTATGGTTAGCTT-1,0.000143,0.000574,0.236878,0.762405
AGGCTTCCCGAAGAAG-1,0.00013,0.142454,0.216451,0.640965
AGGCTTGCTAGACACC-1,0.000294,0.047997,0.421864,0.529845
AGGGAAACGAGGTACT-1,0.000048,0.182827,0.083028,0.734097
AGGGACCGGCTGCGTT-1,0.000027,0.276317,0.027022,0.696634
AGGGACTCTACGCGAC-1,0.000394,0.001577,0.515482,0.482546
AGGGAGACATACTTCG-1,0.000028,0.463134,0.03534,0.501497
AGGGCGAGCAGCTGAT-1,0.000406,0.001623,0.996754,0.001217
AGGGCGTGATCGGCTA-1,0.000047,0.069325,0.179299,0.751329
AGGGCTGCAGTTACAG-1,0.000024,0.458865,0.004793,0.536318
AGGGTCAGAGCACTCG-1,0.000259,0.001037,0.997927,0.000777
AGGGTCAGTAACCCTA-1,0.000037,0.000149,0.066511,0.933302
AGGGTCGATGCGAACT-1,0.000088,0.113761,0.153998,0.732153
AGGGTGCCGTTCTTTA-1,0.001793,0.007173,0.985654,0.00538
AGGGTGCTCTCGAGGG-1,0.000046,0.352153,0.056857,0.590944
AGGGTTCAGACGGTCC-1,0.000226,0.000906,0.946655,0.052213
AGGGTTCCCTTTGGTT-1,0.000104,0.201133,0.207467,0.591296
AGGGTTTAGTTCGGGA-1,0.000026,0.525663,0.000026,0.474284
AGGTAACCTCCTATTC-1,0.000029,0.23633,0.008932,0.75471
AGGTACGATATTGCCA-1,0.000279,0.064417,0.50901,0.426295
AGGTAGATCGAGATAT-1,0.000855,0.003421,0.067334,0.92839
AGGTAGGTACAAAGCT-1,0.000063,0.180901,0.191789,0.627248
AGGTATAATTGATAGT-1,0.000033,0.233641,0.131845,0.63448
AGGTATGCGGACATTA-1,0.000051,0.166261,0.153499,0.68019
AGGTCAGGTGAGAGTG-1,0.000057,0.657269,0.33189,0.010784
AGGTCGCCTCCCAACA-1,0.000132,0.353867,0.462954,0.183048
AGGTCGCGGAGTTACT-1,0.000031,0.29128,0.000031,0.708658
AGGTGCACGTCCACAT-1,0.000143,0.00057,0.99886,0.000428
AGGTGTATCGCCATGA-1,0.000299,0.001196,0.900883,0.097623
AGGTTACACCATGCCG-1,0.000055,0.16693,0.115979,0.717036
AGGTTTCACACACCTT-1,0.000018,0.668709,0.031987,0.299286
AGTACATCATTTATCA-1,0.000035,0.302722,0.02577,0.671473
AGTACGGGCACCTGGC-1,0.00005,0.219247,0.184189,0.596514
AGTACTCTTATGCCCA-1,0.00015,0.326336,0.567343,0.106171
AGTAGGAAGGAAGTTG-1,0.000047,0.008505,0.044771,0.946677
AGTAGGTAACATACAT-1,0.000076,0.012783,0.119784,0.867357
AGTATAATACTAGGCA-1,0.000085,0.083167,0.12453,0.792218
AGTATACACAGCGACA-1,0.000017,0.875074,0.000017,0.124892
AGTATGCTGGAGACCA-1,0.000135,0.00054,0.983584,0.015741
AGTATTTGGCACGACC-1,0.000241,0.089334,0.334099,0.576326
AGTCAAATGATGTGAT-1,0.000178,0.000713,0.284777,0.714332
AGTCAACACCACCATC-1,0.000031,0.495392,0.063583,0.440994
AGTCAAGATGACACTT-1,0.000155,0.035931,0.832073,0.13184
AGTCACTAGCTCTCGA-1,0.000032,0.93111,0.061973,0.006885
AGTCACTCCGCCTCAT-1,0.000218,0.000872,0.279105,0.719805
AGTCAGCCACCGCCTG-1,0.000119,0.000474,0.751298,0.24811
AGTCCATTGGCTGATG-1,0.000035,0.525955,0.111126,0.362884
AGTCCCGCCTTTAATT-1,0.000046,0.059124,0.064263,0.876567
AGTCGACGGTCTCAAG-1,0.000059,0.194876,0.216117,0.588948
AGTCGGCCCAAACGAC-1,0.000025,0.383111,0.037236,0.579629
AGTCGGCTCAACTTTA-1,0.000113,0.000454,0.977031,0.022401
AGTCGGTTGCGTGAGA-1,0.000006,0.99963,0.000006,0.000359
AGTCGTCGACCACCAA-1,0.000181,0.420726,0.546559,0.032534
AGTCGTGGGCATTACG-1,0.000127,0.000509,0.998948,0.000416
AGTCTAAAGTATACTC-1,0.000013,0.794918,0.004074,0.200994
AGTCTCACAAGACTAC-1,0.000114,0.000455,0.917897,0.081535
AGTCTGGACATCCTTG-1,0.000272,0.001087,0.640026,0.358615
AGTGAACAAACTTCTC-1,0.000023,0.56189,0.042567,0.395521
AGTGACCTACTTTACG-1,0.000018,0.871194,0.040118,0.088669
AGTGACTGTGACACAA-1,0.000576,0.002304,0.731978,0.265141
AGTGAGACTTCCAGTA-1,0.000089,0.150279,0.199377,0.650255
AGTGAGCCTCGCCGCC-1,0.000022,0.337895,0.036238,0.625845
AGTGAGGGTTTCTGAC-1,0.000071,0.000286,0.624585,0.375058
AGTGATAACCTGCGCG-1,0.000119,0.149868,0.745432,0.104581
AGTGATATGAGTAGTT-1,0.000135,0.352093,0.471031,0.176741
AGTGATTCAAGCAGGA-1,0.000062,0.354864,0.079199,0.565875
AGTGCACGCTTAAGAA-1,0.000068,0.000272,0.442502,0.557158
AGTGCGTAGCTCGTAA-1,0.000124,0.453445,0.446234,0.100196
AGTGCTAAACACAGCA-1,0.000128,0.000512,0.39074,0.60862
AGTGCTTGCACGAATA-1,0.000057,0.553615,0.439313,0.007015
AGTGGCCCGCAAATGG-1,0.000109,0.000436,0.742184,0.257271
AGTGGCGGCAATTTGA-1,0.000068,0.276451,0.209163,0.514317
AGTGTATTGCGCATTG-1,0.00006,0.000241,0.149942,0.849757
AGTGTGGTCTATTGTG-1,0.000133,0.013252,0.530766,0.45585
AGTTAAACACTTGCGA-1,0.000094,0.180886,0.331332,0.487689
AGTTAAGCGGTCCCGG-1,0.000092,0.134027,0.183677,0.682204
AGTTAAGTCAACCGCT-1,0.000109,0.069338,0.920508,0.010045
AGTTACCGCACATGGT-1,0.000243,0.014994,0.406208,0.578555
AGTTACTCTATCGTGG-1,0.000048,0.309107,0.093258,0.597587
AGTTCCTACAGAATTA-1,0.000036,0.101696,0.055757,0.842512
AGTTCCTATTTATGTT-1,0.00001,0.881078,0.00001,0.118903
AGTTCTGCGTTGTATC-1,0.000216,0.036024,0.29035,0.673411
AGTTGACATCGGCTGG-1,0.000059,0.047085,0.680826,0.272031
AGTTGCTGACTGATAT-1,0.000268,0.068139,0.358482,0.573111
AGTTGGCAAGGCTAGA-1,0.000173,0.000692,0.693255,0.30588
AGTTTGGCACGGGTTG-1,0.0001,0.115241,0.547406,0.337253
AGTTTGGCCAGACCTA-1,0.000121,0.000485,0.724392,0.275003
ATAAACGGACCCGTAA-1,0.000039,0.283188,0.187074,0.529699
ATAAACGTTGCACCAC-1,0.000057,0.24887,0.251359,0.499714
ATAAAGGCTCGGTCGT-1,0.000006,0.996002,0.000006,0.003987
ATAAAGGTCAAGTACG-1,0.00011,0.148099,0.436699,0.415092
ATAAATATTAGCAGCT-1,0.000334,0.001336,0.840628,0.157703
ATAACGCCGGAGGGTC-1,0.000142,0.000568,0.621028,0.378262
ATAAGTAGGATTCAGA-1,0.000029,0.382277,0.094041,0.523653
ATAAGTAGGGCGACTC-1,0.000023,0.423054,0.096274,0.480648
ATAAGTTACCGCGACG-1,0.000018,0.946672,0.04431,0.009
ATAATACCGTTAGCCG-1,0.000347,0.00139,0.840819,0.157443
ATAATAGCTGTTGAAT-1,0.000007,0.974964,0.013807,0.011223
ATAATAGTGTAGGGAC-1,0.00005,0.21376,0.13511,0.651081
ATACCACGGGCAACTT-1,0.000218,0.112874,0.266993,0.619915
ATACCTAACCAAGAAA-1,0.000229,0.103671,0.343106,0.552994
ATACGAAGGCTTTCCA-1,0.000015,0.203134,0.002171,0.79468
ATACGGAACGTCGTTT-1,0.00095,0.003802,0.539873,0.455375
ATACGGGTTTCGATTG-1,0.000081,0.195819,0.317185,0.486915
ATACGTCCACTCCTGT-1,0.000135,0.006081,0.394078,0.599707
ATACTACCCGTACCAC-1,0.000167,0.000667,0.431059,0.568107
ATACTAGCATGACCCT-1,0.000072,0.066868,0.333457,0.599603
ATACTCTCGCCACTCT-1,0.000253,0.001011,0.682419,0.316318
ATAGACAACGGGACCT-1,0.000028,0.560936,0.051192,0.387844
ATAGACGAAGAGAAAG-1,0.000022,0.309036,0.040141,0.650801
ATAGAGTACTGGGACA-1,0.000027,0.251177,0.000027,0.748769
ATAGAGTTATCAACTT-1,0.000029,0.810514,0.020726,0.16873
ATAGCAACTAGGGAAG-1,0.000059,0.633222,0.151561,0.215159
ATAGGCGGCTATAGAA-1,0.000058,0.419832,0.237383,0.342726
ATAGGCTAGCTTCGCA-1,0.000027,0.539887,0.031299,0.428788
ATAGGTTGGGCAGATG-1,0.000059,0.050231,0.073817,0.875893
ATAGTGAAGCGTTCTC-1,0.000044,0.357436,0.049523,0.592997
ATAGTTCCACCCACTC-1,0.000052,0.382017,0.130469,0.487463
ATATAACACGGGCGCA-1,0.000183,0.000731,0.582754,0.416332
ATATACGCTCGTGACG-1,0.000222,0.000888,0.087646,0.911244
ATATCAACCTACAGAG-1,0.000031,0.303818,0.121219,0.574933
ATATCGGTAGGGAGAT-1,0.000033,0.287902,0.292442,0.419623
ATATCGTTCCTCGAAC-1,0.000188,0.122028,0.736105,0.141678
ATATCTCCCTCGTTAA-1,0.000082,0.000328,0.724003,0.275587
ATATCTTAGGGCCTTC-1,0.000019,0.586773,0.024683,0.388525
ATATGTCTCCCTAGCC-1,0.00006,0.611945,0.131016,0.256979
ATATTCAGTTAAACCT-1,0.000125,0.107817,0.42521,0.466849
ATATTGCTGTCAAAGT-1,0.000019,0.523795,0.07075,0.405436
ATATTGGAGAGGCCTT-1,0.000075,0.002998,0.358174,0.638754
ATATTTAACCCTCAAG-1,0.000025,0.242886,0.009449,0.747639
ATCAAACACTGTTCCA-1,0.000041,0.355428,0.055595,0.588935
ATCAAACGAAGGTTTG-1,0.000107,0.099143,0.900431,0.00032
ATCAATCTGGGCTGCA-1,0.000038,0.218228,0.02094,0.760794
ATCACATTAGAATATC-1,0.000078,0.134407,0.351709,0.513807
ATCACGTGCTAATTAA-1,0.000054,0.192494,0.784136,0.023315
ATCAGACGGCACGCCG-1,0.000056,0.339637,0.18176,0.478547
ATCAGCCTCATGCTGC-1,0.000129,0.137013,0.862472,0.000386
ATCAGCTCGTCCACTA-1,0.000306,0.001225,0.99755,0.000919
ATCAGGTCGCCATTGC-1,0.000174,0.146153,0.046371,0.807302
ATCAGTAGGCAGGGAT-1,0.000127,0.182044,0.26152,0.556309
ATCATAGCCCTATGTA-1,0.000203,0.073814,0.229861,0.696122
ATCATCCAATATTTGT-1,0.000017,0.511511,0.01482,0.473652
ATCATGGACTACCGAC-1,0.000004,0.989629,0.000004,0.010363
ATCCAACGCAGTCATA-1,0.000013,0.776687,0.000013,0.223288
ATCCAATGGAGGGTCC-1,0.000086,0.375834,0.607615,0.016464
ATCCACGCTAAATGTT-1,0.000094,0.029405,0.099943,0.870558
ATCCAGAGCAACAACC-1,0.000084,0.643729,0.07048,0.285707
ATCCAGGATTCGTGAA-1,0.000132,0.314511,0.341734,0.343623
ATCCTACCTAAGCTCT-1,0.000087,0.223279,0.19642,0.580214
ATCCTGAATCGCTGCG-1,0.000234,0.037749,0.749367,0.212651
ATCCTGCGTGGAATGG-1,0.000136,0.049269,0.170344,0.780251
ATCCTTCTGAAAGAAC-1,0.000042,0.266142,0.240031,0.493785
ATCGACCCAATACAGA-1,0.000004,0.999224,0.000004,0.000768
ATCGACTCTTTCCGTT-1,0.000095,0.000382,0.268485,0.731038
ATCGCACGCCGGGAGA-1,0.000042,0.385866,0.029801,0.584292
ATCGCCAGTCAACATT-1,0.000103,0.320409,0.341588,0.3379
ATCGCTGCGTGCAGCA-1,0.000037,0.270084,0.03034,0.69954
ATCGGCAAGCAGTCCA-1,0.000053,0.081025,0.12672,0.792203
ATCGTGGAAAGTCTGG-1,0.000604,0.660952,0.000604,0.33784
ATCGTTAGCTAGCGGA-1,0.000182,0.030635,0.092035,0.877147
ATCGTTCACTTTCGCC-1,0.000021,0.529443,0.008512,0.462023
ATCTAATATCCTACGG-1,0.000076,0.492598,0.04997,0.457356
ATCTCCCACGGAATAT-1,0.000287,0.177931,0.504959,0.316823
ATCTCGTGAGCGAAAC-1,0.000027,0.579274,0.108302,0.312397
ATCTGACATGGAAGGA-1,0.000233,0.00093,0.228538,0.770299
ATCTGCACCTCTGCGA-1,0.000039,0.317915,0.170685,0.511361
ATCTGTAATTGTACCC-1,0.000132,0.278078,0.16357,0.55822
ATCTTATCGCACACCC-1,0.00017,0.00068,0.360337,0.638813
ATCTTGACCTGCAACG-1,0.000018,0.429307,0.001722,0.568953
ATCTTGACTTGTCCAA-1,0.000038,0.22704,0.025012,0.747909
ATGAAGCCAAGGAGCC-1,0.00003,0.238715,0.085519,0.675736
ATGACGCCGGCTCTAA-1,0.000125,0.253254,0.000125,0.746497
ATGACGCGTTCTATCC-1,0.000148,0.000593,0.998814,0.000445
ATGACTATCAGCTGTG-1,0.000153,0.049409,0.026655,0.923783
ATGACTATGCGACATT-1,0.000093,0.226555,0.773073,0.000279
ATGAGGAGTGTTAATC-1,0.000008,0.9765,0.000008,0.023485
ATGAGGGCAGCGGCTA-1,0.000035,0.458104,0.077377,0.464483
ATGATCGGGAATAGAC-1,0.000027,0.56735,0.009696,0.422928
ATGATGCAATGGTACA-1,0.000068,0.379929,0.190937,0.429066
ATGCACTACCGCATTG-1,0.000016,0.631879,0.000016,0.36809
ATGCATGATCCAGGAT-1,0.000065,0.060591,0.264482,0.674862
ATGCCAATCGCTCTGC-1,0.000044,0.124297,0.045825,0.829834
ATGCCATTTGCGACCA-1,0.000052,0.455698,0.258703,0.285547
ATGCCGGTTGATGGGA-1,0.000053,0.241825,0.408486,0.349637
ATGCGACAATTGGTCC-1,0.000037,0.281182,0.023829,0.694951
ATGCGAGTCCCACCAC-1,0.000077,0.178587,0.575618,0.245718
ATGCTCAGTGTTGCAT-1,0.000085,0.039223,0.309338,0.651354
ATGCTTAGGAGTTGAT-1,0.00014,0.065982,0.510182,0.423696
ATGGAACCTTTGCACA-1,0.000009,0.862775,0.000009,0.137206
ATGGACTGCTTAGTTG-1,0.000102,0.000407,0.829753,0.169738
ATGGAGCAGGCCGTGA-1,0.000022,0.473945,0.005745,0.520288
ATGGATCCGGCGTCCG-1,0.000104,0.000416,0.384133,0.615347
ATGGATTGACCAAACG-1,0.000052,0.003186,0.001606,0.995157
ATGGCTGGAAATGGCC-1,0.000025,0.483201,0.033194,0.48358
ATGGGACCTGCTGAAC-1,0.000508,0.002031,0.264984,0.732478
ATGGGCCTCGGCCTCT-1,0.000108,0.289287,0.623994,0.086612
ATGGGTGTATACCTCC-1,0.001195,0.004782,0.491801,0.502221
ATGGTCGCGTGGTTTC-1,0.000114,0.000456,0.999088,0.000342
ATGTAAGGCTGCTCTT-1,0.000035,0.100075,0.00547,0.894419
ATGTACATGCGGTGAG-1,0.000089,0.000357,0.315461,0.684092
ATGTCTTGTTTGACTC-1,0.000271,0.001085,0.99783,0.000814
ATGTGAAAGCCTAATG-1,0.00007,0.501432,0.476776,0.021722
ATGTGCATCCGACGCA-1,0.000032,0.338935,0.016377,0.644655
ATGTTACGAGCAATAC-1,0.000096,0.000384,0.5774,0.42212
ATGTTCGTCGACCCAC-1,0.000265,0.170684,0.50426,0.324792
ATGTTGATTAGAGACT-1,0.000168,0.000671,0.564832,0.434329
ATGTTGTAGTCTGTTT-1,0.000244,0.000975,0.421952,0.576829
ATTAAACATGCGGACC-1,0.000031,0.551004,0.060915,0.38805
ATTAATGAACCAGTCG-1,0.000102,0.154323,0.189774,0.655802
ATTACAACTACCGGCC-1,0.000105,0.055461,0.848975,0.095459
ATTACATGTCAGTCTT-1,0.000103,0.259284,0.237947,0.502666
ATTACCACACTGCCTG-1,0.000052,0.356561,0.23907,0.404318
ATTACGCGCTGGCAGG-1,0.000101,0.330807,0.668791,0.000302
ATTACTAGCCTCTTGC-1,0.000032,0.490607,0.014234,0.495128
ATTACTTACTGGGCAT-1,0.00007,0.056464,0.120706,0.822761
ATTAGATTCCTCAGCA-1,0.000017,0.653251,0.000017,0.346715
ATTAGATTGATAGCGG-1,0.000036,0.358686,0.013148,0.62813
ATTATACTTTGCTCGT-1,0.000039,0.781121,0.066795,0.152045
ATTATAGCTACTTTAC-1,0.000049,0.147147,0.082993,0.76981
ATTATGCCATAGGGAG-1,0.000084,0.002932,0.137363,0.859621
ATTATTATGTCCGTCA-1,0.000274,0.063974,0.203327,0.732426
ATTATTCAGAGTCACT-1,0.000233,0.000931,0.90084,0.097997
ATTCAACCATTTAAGG-1,0.000103,0.012398,0.446734,0.540765
ATTCAGGACCTATTTC-1,0.000058,0.214485,0.045064,0.740393
ATTCAGTAGCAGGGTC-1,0.000093,0.055443,0.237834,0.706631
ATTCATATACTGTCCA-1,0.000025,0.573113,0.139824,0.287037
ATTCATCGTTGAGGCA-1,0.000269,0.001077,0.686397,0.312257
ATTCCCACATAAACAA-1,0.000075,0.100207,0.14161,0.758107
ATTCCTAAGACGTGGA-1,0.000021,0.4782,0.000021,0.521758
ATTCCTCCGCCAGTGC-1,0.000014,0.852807,0.004696,0.142483
ATTCCTTCCAGGCGGT-1,0.00009,0.098223,0.640373,0.261314
ATTCGACGCCGGGCCT-1,0.000236,0.000942,0.216036,0.782787
ATTCGCGCCTTGAGAG-1,0.000087,0.247112,0.34784,0.404961
ATTCGTGCTATCTCTT-1,0.000054,0.528808,0.059252,0.411886
ATTCGTGTACCCATTC-1,0.000579,0.002316,0.804372,0.192733
ATTCTGAGTATGAACT-1,0.000147,0.137803,0.410115,0.451935
ATTCTTCGTACTTATG-1,0.000063,0.074018,0.171289,0.75463
ATTGAAGATCTTAGTG-1,0.000044,0.105615,0.003866,0.890475
ATTGACCGGCGATGAC-1,0.000047,0.087655,0.180979,0.731319
ATTGATAGCAACGAGA-1,0.000467,0.525659,0.130433,0.34344
ATTGATGAGTCCTAAC-1,0.000071,0.252357,0.245931,0.501641
ATTGCCTATTAGACCG-1,0.000564,0.002258,0.995485,0.001693
ATTGCGATCAGTAACT-1,0.000073,0.155715,0.74725,0.096962
ATTGCTGCTCCTCCAT-1,0.000019,0.847122,0.011456,0.141403
ATTGGATTACAGCGTA-1,0.000015,0.999923,0.000015,0.000046
ATTGGGAATATCTTGG-1,0.000171,0.479869,0.000171,0.51979
ATTGTACAACTCGGCT-1,0.000027,0.234343,0.134675,0.630955
ATTGTCGCAATACCTT-1,0.000072,0.000288,0.451581,0.54806
ATTGTTCAACGATCCG-1,0.000076,0.072201,0.440841,0.486882
ATTTAACTCGTATTAC-1,0.000025,0.678445,0.001672,0.319857
ATTTACAGTTTACTGG-1,0.000046,0.243216,0.083195,0.673543
ATTTACTAAGTCCATT-1,0.000018,0.5187,0.000018,0.481264
ATTTCATTATTTCGCG-1,0.000084,0.164936,0.704783,0.130197
ATTTCCGGGTTCTGCG-1,0.000178,0.198525,0.588444,0.212853
ATTTGCGCGAGTAGCT-1,0.000196,0.000783,0.998434,0.000587
ATTTGTCTTGGGAGCT-1,0.000155,0.00062,0.862229,0.136995
CAAACGAGTATCGCAG-1,0.000091,0.299749,0.374851,0.32531
CAAACGGTCGCACTTT-1,0.000021,0.615269,0.042763,0.341947
CAAACTACGATAGAGA-1,0.000014,0.688733,0.058508,0.252744
CAAACTCGCGACGCCG-1,0.000029,0.680318,0.006914,0.312739
CAAAGATTATTGGGCC-1,0.000148,0.000591,0.988306,0.010956
CAAAGGTCATCTGAAA-1,0.00003,0.452226,0.255622,0.292122
CAAATCTCTCACAAGG-1,0.000228,0.000911,0.998177,0.000684
CAAATGTCCTTCCGTG-1,0.000043,0.540763,0.286951,0.172243
CAAATTGGATTATGCC-1,0.000046,0.107262,0.107992,0.7847
CAACACATCTCCTGCC-1,0.000016,0.479227,0.008367,0.51239
CAACCAGTGGCCTACC-1,0.000063,0.034252,0.444494,0.521191
CAACCTACCGAGCAGT-1,0.000079,0.436334,0.263218,0.300369
CAACGACCCGTTTACA-1,0.000031,0.235448,0.036244,0.728277
CAACGCGATGAGCCAA-1,0.000183,0.000734,0.828048,0.171035
CAACGGTTCTTGATAC-1,0.000025,0.506253,0.00108,0.492641
CAACGTGGTGGAGTCT-1,0.000058,0.3355,0.136478,0.527963
CAACTATATCGAATGC-1,0.000104,0.188875,0.204264,0.606757
CAACTCCTTGATCCCG-1,0.000034,0.345203,0.048028,0.606736
CAACTGCTCATCCGAT-1,0.000142,0.000569,0.278986,0.720303
