Barcode,Topic 1to2,Topic 3to5,Topic 6to8
AAACAAGTATCTCCCA-1,0.522783,0.34173,0.135488
AAACACCAATAACTGC-1,0.041234,0.692374,0.266391
AAACAGAGCGACTCCT-1,0.000963,0.997592,0.001445
AAACAGCTTTCAGAAG-1,0.000242,0.420605,0.579153
AAACAGGGTCTATATT-1,0.000599,0.998502,0.000899
AAACAGTGTTCCTGGG-1,0.847551,0.003633,0.148816
AAACATGGTGAGAGGA-1,0.000876,0.844206,0.154919
AAACATTTCCCGGATT-1,0.140443,0.577194,0.282363
AAACCACTACACAGAT-1,0.427966,0.004816,0.567219
AAACCCGAACGAAATC-1,0.023133,0.920782,0.056085
AAACCGGAAATGTTAA-1,0.12311,0.675552,0.201338
AAACCGGGTAGGTACC-1,0.116072,0.662814,0.221114
AAACCGTTCGTCCAGG-1,0.000299,0.16148,0.838221
AAACCTAAGCAGCCGG-1,0.013177,0.019773,0.96705
AAACGAAGAACATACC-1,0.048298,0.061527,0.890176
AAACGAAGATGGAGTA-1,0.000287,0.837741,0.161973
AAACGACAGTCTTGCC-1,0.393194,0.086146,0.52066
AAACGAGACGGTTGAT-1,0.442849,0.075279,0.481872
AAACGCCCGAGATCGG-1,0.197349,0.799967,0.002684
AAACGGGCGTACGGGT-1,0.000956,0.517472,0.481572
AAACGGGTTGGTATCC-1,0.662679,0.026526,0.310795
AAACGGTTGCGAACTG-1,0.005822,0.663092,0.331086
AAACGTGTTCGCCCTA-1,0.001066,0.915306,0.083628
AAACTAACGTGGCGAC-1,0.009631,0.512093,0.478276
AAACTCGGTTCGCAAT-1,0.00491,0.379797,0.615293
AAACTCGTGATATAAG-1,0.00062,0.622068,0.377312
AAACTGCTGGCTCCAA-1,0.00051,0.614728,0.384762
AAACTTAATTGCACGC-1,0.000427,0.897377,0.102197
AAACTTGCAAACGTAT-1,0.000108,0.420489,0.579403
AAAGAATGACCTTAGA-1,0.614723,0.319822,0.065455
AAAGACATGAAGTTTA-1,0.078972,0.503044,0.417985
AAAGACCCAAGTCGCG-1,0.154873,0.604345,0.240782
AAAGACTGGGCGCTTT-1,0.000242,0.999395,0.000363
AAAGCTTGCCTACATA-1,0.000306,0.359426,0.640268
AAAGGCCCTATAATAC-1,0.104619,0.615188,0.280193
AAAGGCTACGGACCAT-1,0.002198,0.26633,0.731472
AAAGGCTCTCGCGCCG-1,0.001827,0.181307,0.816866
AAAGGGATGTAGCAAG-1,0.004913,0.987719,0.007368
AAAGGGCAGCTTGAAT-1,0.238816,0.715816,0.045368
AAAGGTAAGCTGTACC-1,0.004728,0.423552,0.57172
AAAGGTCAACGACATG-1,0.135692,0.501898,0.36241
AAAGTAGCATTGCTCA-1,0.000659,0.770004,0.229337
AAAGTCACTGATGTAA-1,0.000194,0.843448,0.156359
AAAGTGTGATTTATCT-1,0.000546,0.779654,0.2198
AAAGTTGACTCCCGTA-1,0.00048,0.864538,0.134982
AAATAACCATACGGGA-1,0.001002,0.997496,0.001502
AAATAAGGTAGTGCCC-1,0.141978,0.60321,0.254813
AAATACCTATAAGCAT-1,0.003211,0.991974,0.004815
AAATAGCTTAGACTTT-1,0.002555,0.623556,0.373889
AAATAGGGTGCTATTG-1,0.005567,0.986083,0.00835
AAATCACTCCTAAACG-1,0.207167,0.613511,0.179322
AAATCCGATACACGCC-1,0.003737,0.856031,0.140232
AAATCGCGGAAGGAGT-1,0.00021,0.239979,0.759811
AAATCGTGTACCACAA-1,0.007361,0.981589,0.01105
AAATCTAGCCCTGCTA-1,0.00069,0.7488,0.25051
AAATCTGCCCGCGTCC-1,0.000525,0.997292,0.002183
AAATGATTCGATCAGC-1,0.004244,0.759291,0.236464
AAATGGCATGTCTTGT-1,0.040164,0.250371,0.709465
AAATGGCCCGTGCCCT-1,0.000465,0.649787,0.349749
AAATGGTCAATGTGCC-1,0.00501,0.987476,0.007514
AAATGTGGGTGCTCCT-1,0.051809,0.308492,0.639698
AAATTACACGACTCTG-1,0.000735,0.998164,0.001102
AAATTACCTATCGATG-1,0.000998,0.798949,0.200053
AAATTCCAGGTCCAAA-1,0.658394,0.324928,0.016678
AAATTGATAGTCCTTT-1,0.022752,0.365728,0.61152
AAATTGCGGCGGTTCT-1,0.03126,0.922544,0.046196
AAATTGGTGAGAAGCA-1,0.314639,0.549307,0.136055
AAATTTACCGAAATCC-1,0.008351,0.84132,0.150329
AAATTTGCGGGTGTGG-1,0.000634,0.770811,0.228554
AACAACTGGTAGTTGC-1,0.000841,0.908453,0.090706
AACAATACATTGTCGA-1,0.000195,0.279233,0.720571
AACAATTACTCTACGC-1,0.198612,0.464835,0.336553
AACACACGCTCGCCGC-1,0.439935,0.368116,0.191949
AACACGACTGTACTGA-1,0.039593,0.70861,0.251797
AACACGAGACGCGGCC-1,0.000115,0.467297,0.532587
AACACGCGGCCGCGAA-1,0.162157,0.787986,0.049857
AACAGCTGTGTGGCAA-1,0.001658,0.995855,0.002487
AACAGGAAATCGAATA-1,0.025605,0.349161,0.625234
AACAGGATGGGCCGCG-1,0.002505,0.721813,0.275682
AACAGGTAGTATGGAT-1,0.363373,0.561146,0.075481
AACATATCAACTGGTG-1,0.854974,0.14278,0.002246
AACATCGATACGTCTA-1,0.017876,0.955308,0.026816
AACATTGAAGTTGATC-1,0.56892,0.430749,0.000331
AACATTGGTCAGCCGT-1,0.103249,0.652674,0.244077
AACATTGTGACTCGAG-1,0.002385,0.994037,0.003578
AACCAGTATCACTCTT-1,0.15371,0.834173,0.012117
AACCATAGGGTTGAAC-1,0.069126,0.864285,0.066589
AACCATGGGATCGCTA-1,0.061717,0.693565,0.244717
AACCCATCCCATGATC-1,0.000483,0.799511,0.200005
AACCCGACAACCCGTG-1,0.15084,0.725116,0.124044
AACCCGAGCAGAATCG-1,0.31426,0.684525,0.001216
AACCCGATAGGGCTTC-1,0.211952,0.784943,0.003105
AACCCTACTGTCAATA-1,0.079239,0.354143,0.566617
AACCCTGGTGGAACCA-1,0.037368,0.816732,0.145899
AACCGAGCTTGGTCAT-1,0.084526,0.737699,0.177776
AACCGCTAAGGGATGC-1,0.000389,0.102335,0.897275
AACCGTTGTGTTTGCT-1,0.597451,0.345744,0.056804
AACCTAAAGCCGTCCG-1,0.052035,0.135795,0.812171
AACCTCGCTTTAGCCC-1,0.016703,0.958249,0.025048
AACCTGTCACGGAATT-1,0.347565,0.648347,0.004089
AACCTTTAAATACGGT-1,0.002783,0.993043,0.004174
AACCTTTACGACGTCT-1,0.000901,0.54097,0.458129
AACGAAAGTCGTCCCA-1,0.000307,0.896766,0.102927
AACGATAATGCCGTAG-1,0.065118,0.045389,0.889493
AACGATAGAAGGGCCG-1,0.102778,0.859832,0.037391
AACGATATGTCAACTG-1,0.001056,0.915663,0.08328
AACGCATGATCTGGGT-1,0.537913,0.353391,0.108696
AACGCGAACGGCAACA-1,0.084533,0.79081,0.124657
AACGCGACCTTGGGCG-1,0.003736,0.387905,0.608359
AACGCGGTCTCCAGCC-1,0.002431,0.667028,0.330541
AACGCTGTTGCTGAAA-1,0.004818,0.987956,0.007226
AACGGACGTACGTATA-1,0.002982,0.814204,0.182815
AACGGCCATCTCCGGT-1,0.153116,0.125668,0.721215
AACGTACTGTGGGTAC-1,0.161352,0.611546,0.227102
AACGTCAGACTAGTGG-1,0.006112,0.984727,0.009161
AACGTGATGAAGGACA-1,0.001159,0.997102,0.001739
AACGTGCGAAAGTCTC-1,0.003796,0.990512,0.005692
AACGTTATCAGCACCT-1,0.106728,0.892865,0.000407
AACTACCCGTTTGTCA-1,0.185599,0.680336,0.134064
AACTAGGCTTGGGTGT-1,0.001271,0.833285,0.165444
AACTCAAGTTAATTGC-1,0.284428,0.697019,0.018553
AACTCCAGAGCGTGTT-1,0.006108,0.535886,0.458006
AACTCCTAATCCCATG-1,0.117848,0.637801,0.244351
AACTCGATAAACACGT-1,0.29344,0.705412,0.001149
AACTCGATGGCGCAGT-1,0.056254,0.407879,0.535867
AACTCTCAATAGAGCG-1,0.030564,0.523446,0.44599
AACTCTCAGTGTGCTC-1,0.000582,0.356076,0.643341
AACTGAGGTCAGCGTC-1,0.006764,0.19962,0.793615
AACTGAGTTATACTGA-1,0.25172,0.684459,0.063822
AACTGATATTAGGCCT-1,0.02584,0.22632,0.74784
AACTGGGTCCCGACGT-1,0.003431,0.717892,0.278677
AACTGGGTTCGAGCCG-1,0.001118,0.001677,0.997205
AACTTCTGCGTCTATC-1,0.19256,0.806145,0.001296
AACTTGCCCGTATGCA-1,0.050758,0.918876,0.030367
AACTTTCTCGATCATG-1,0.000956,0.713038,0.286006
AAGAAAGTTTGATGGG-1,0.180519,0.6599,0.159581
AAGAAATCACCAGATT-1,0.05723,0.184279,0.758491
AAGAAGGATCAGTTAG-1,0.066837,0.448551,0.484612
AAGACATACGTGGTTT-1,0.18119,0.6644,0.154411
AAGACCAAATAACTCA-1,0.136429,0.709652,0.15392
AAGACCCAACTGAACA-1,0.005827,0.485137,0.509036
AAGACTAACCCGTTGT-1,0.430712,0.203775,0.365513
AAGACTCACGCCCACT-1,0.001855,0.002783,0.995362
AAGACTGCAAGCTACT-1,0.005963,0.755196,0.238842
AAGAGATGAATCGGTA-1,0.34812,0.528649,0.12323
AAGAGGATGTACGCGA-1,0.00883,0.888587,0.102582
AAGAGGCATGGATCGC-1,0.092483,0.684515,0.223002
AAGAGGCCCTTTGGAA-1,0.240228,0.693023,0.066749
AAGATGGCACCGGACC-1,0.125681,0.602437,0.271882
AAGATTGGCGGAACGT-1,0.00097,0.997574,0.001455
AAGCACCCTGCGTATC-1,0.180676,0.648571,0.170754
AAGCATACTCTCCTGA-1,0.005963,0.920441,0.073596
AAGCCACTTGCAGGTA-1,0.151313,0.557588,0.291098
AAGCCGAAGCGGTTTA-1,0.373719,0.624967,0.001314
AAGCCGCCGTGAAATC-1,0.00026,0.975631,0.024109
AAGCCGCTTTACCTTG-1,0.000928,0.799529,0.199544
AAGCCGGAGAGCAGGA-1,0.434417,0.462947,0.102636
AAGCGCAGGGCTTTGA-1,0.00321,0.587508,0.409282
AAGCGGAGTGCGCGCA-1,0.071316,0.924557,0.004127
AAGCGGCGTCATGGGT-1,0.010436,0.973912,0.015652
AAGCGTCCCTCATCGA-1,0.001089,0.997278,0.001633
AAGCTAGATCGAGTAA-1,0.00313,0.422546,0.574324
AAGCTATGGATTGACC-1,0.344725,0.4739,0.181376
AAGCTCTTTCATGGTG-1,0.113408,0.584045,0.302547
AAGGAGAACTTATAAG-1,0.001252,0.189875,0.808873
AAGGAGCGGTTGGTGC-1,0.000249,0.000374,0.999376
AAGGATCGATCGCTTG-1,0.105028,0.841873,0.053099
AAGGATGAGGGACCTC-1,0.000603,0.493792,0.505605
AAGGCAGGCTGTCTCC-1,0.062422,0.930996,0.006582
AAGGCGCGTAAAGCTT-1,0.196622,0.654818,0.14856
AAGGCTGTGCTCATCG-1,0.000975,0.451406,0.547619
AAGGGAACGACTGGCT-1,0.030839,0.907327,0.061834
AAGGGACAGATTCTGT-1,0.124127,0.081163,0.79471
AAGGGACTATGCATTC-1,0.039374,0.079536,0.881089
AAGGGTTTGATTTCAG-1,0.305006,0.535581,0.159413
AAGGTATCCTAATATA-1,0.000284,0.522715,0.477002
AAGGTGATAAACCAGC-1,0.031035,0.464008,0.504958
AAGTAGAAGACCGGGT-1,0.076839,0.922482,0.000679
AAGTAGTGACGCGAGG-1,0.240617,0.604851,0.154532
AAGTCAATTGTCGTCA-1,0.001776,0.29958,0.698644
AAGTCTAGTAGCTGCC-1,0.000879,0.548646,0.450475
AAGTGACGACCGAATT-1,0.629669,0.283023,0.087308
AAGTGAGTCGGGTTTA-1,0.005445,0.986386,0.008169
AAGTGCAAAGGTAGAC-1,0.440253,0.559677,0.000071
AAGTGCCTTGACTGTA-1,0.996883,0.000241,0.002877
AAGTGCGTTAGAATCT-1,0.000481,0.788993,0.210526
AAGTGCTTCTCTATTG-1,0.008352,0.25042,0.741228
AAGTGTTTGGAGACGG-1,0.002197,0.480513,0.51729
AAGTTCACTCCAAGCT-1,0.007154,0.982109,0.010736
AAGTTCAGTCTGCGTA-1,0.039592,0.493172,0.467236
AAGTTCGGCCAACAGG-1,0.000657,0.496577,0.502766
AAGTTGTGATGTTATA-1,0.505585,0.214473,0.279942
AAGTTTACTAATGGCA-1,0.009273,0.358419,0.632308
AAGTTTATGGGCCCAA-1,0.000517,0.27122,0.728262
AATAACACTAGAACAA-1,0.000379,0.431686,0.567935
AATAAGTCCTCGAGAC-1,0.005441,0.49162,0.502938
AATAATCTTCGTATCG-1,0.000411,0.934112,0.065477
AATACAATGTTTCAGG-1,0.023928,0.856832,0.11924
AATACCGGAGGGCTGT-1,0.002052,0.994869,0.003079
AATAGAACAGAGTGGC-1,0.000621,0.654158,0.345221
AATAGAATCTGTTTCA-1,0.001258,0.996854,0.001887
AATAGCAAGCCTCCTG-1,0.292083,0.699749,0.008169
AATAGCTACCGCGTGC-1,0.158188,0.828394,0.013418
AATAGTCCGTCCCGAC-1,0.000524,0.458349,0.541127
AATAGTCGCGAGTCGG-1,0.028415,0.948573,0.023011
AATATCCTAGCAAACT-1,0.05098,0.13465,0.81437
AATATCGAATCAATGC-1,0.19351,0.380511,0.425979
AATATCGAGGGTTCTC-1,0.000301,0.116643,0.883056
AATCAGACTGCAGGAC-1,0.070431,0.760223,0.169346
AATCAGGTTTCATTTA-1,0.00214,0.305901,0.691959
AATCATGTAAAGACTC-1,0.002004,0.308394,0.689602
AATCCAAGGGCCTGAG-1,0.006268,0.131324,0.862408
AATCCATGCAAGGGTG-1,0.144138,0.478215,0.377647
AATCGCCTCAGCGCCA-1,0.001311,0.652127,0.346561
AATCGCGCAGAGGACT-1,0.124707,0.839536,0.035756
AATCGGGACACTACGA-1,0.074288,0.540886,0.384826
AATCGTGAGCCGAGCA-1,0.078409,0.176831,0.74476
AATCTAGGTTTACTTG-1,0.041446,0.64161,0.316944
AATCTATGCCGGAGCC-1,0.114147,0.800183,0.08567
AATCTGCGTTGGGACG-1,0.001143,0.997142,0.001715
AATCTGGCTTTCTAGT-1,0.026116,0.83027,0.143614
AATCTGGGTAGACCCT-1,0.001855,0.313896,0.684249
AATGACAGCAATGTCT-1,0.101993,0.585807,0.3122
AATGACGTAGGATGTC-1,0.001669,0.995827,0.002504
AATGACTGTCAGCCGG-1,0.001912,0.101265,0.896823
AATGATGATACGCTAT-1,0.001913,0.99522,0.002867
AATGATGCGACTCCTG-1,0.006769,0.47377,0.519461
AATGCAACCGGGTACC-1,0.002142,0.300885,0.696974
AATGCACCAAGCAATG-1,0.004471,0.98882,0.006709
AATGGCCGCCAATGCG-1,0.501089,0.155569,0.343342
AATGGTCCACCGTTCA-1,0.050636,0.913431,0.035933
AATGGTTCTCACAAGC-1,0.202518,0.611292,0.18619
AATGTATGGCACTGTA-1,0.167724,0.52305,0.309226
AATGTGCCCGAGGTGT-1,0.000835,0.997913,0.001252
AATGTGCTAATCTGAG-1,0.003433,0.572306,0.424261
AATGTTGTCGTGAGAC-1,0.001066,0.310038,0.688896
AATTAAAGGTCGGCGT-1,0.006108,0.686925,0.306967
AATTAACGGATTTCCA-1,0.000692,0.922737,0.076571
AATTACGAGACCCATC-1,0.001354,0.446478,0.552168
AATTAGCGCTGCAGCG-1,0.004638,0.760823,0.234539
AATTCATAAGGGATCT-1,0.000694,0.431869,0.567438
AATTCATTGTCATGCA-1,0.409608,0.318868,0.271524
AATTCCAACTTGGTGA-1,0.315112,0.683442,0.001445
AATTCCAAGCATGTAC-1,0.008631,0.978417,0.012952
AATTCGATTCGAGGAT-1,0.002947,0.004421,0.992632
AATTCTAGAGTTAGGC-1,0.004105,0.391394,0.604501
AATTGAACGCTCTGGT-1,0.000706,0.200003,0.799292
AATTGCAGCAATCGAC-1,0.142772,0.698746,0.158482
AATTGCGTGGATTACA-1,0.000585,0.982087,0.017327
AATTGTGGTTGCCAAA-1,0.001187,0.982903,0.01591
AATTTGGGACATAGTA-1,0.001565,0.996087,0.002348
AATTTGGTTCCAAAGA-1,0.108802,0.832885,0.058312
ACAAACCATGCGTCCT-1,0.00121,0.996975,0.001815
ACAAACCGACAAGGCG-1,0.208795,0.024674,0.76653
ACAAAGAAGGTAGGCC-1,0.00026,0.158597,0.841143
ACAAAGCATGACCTAG-1,0.196804,0.615582,0.187614
ACAAATCGCACCGAAT-1,0.006258,0.984351,0.00939
ACAAATGGTAGTGTTT-1,0.062069,0.32896,0.608971
ACAAATTCAGATCTGA-1,0.011927,0.613469,0.374605
ACAACAGCATGAGCTA-1,0.00321,0.61313,0.383659
ACAACGGTCCCTGCGA-1,0.862999,0.100554,0.036447
ACAAGCAGTGCCTAGC-1,0.000399,0.999001,0.000599
ACAAGGAAATCCGCCC-1,0.158032,0.605082,0.236886
ACAAGGACAAGAGGTT-1,0.557195,0.006832,0.435973
ACAAGGATGCTTTAGG-1,0.00374,0.745314,0.250946
ACAAGGCCTACCAGCC-1,0.002159,0.416355,0.581486
ACAAGGGCAGGCTCTG-1,0.001605,0.995987,0.002408
ACAATAGTCGTACGTT-1,0.000385,0.999037,0.000578
ACAATCGATCTTTATA-1,0.032248,0.00616,0.961592
ACAATGAATACGGAGA-1,0.001536,0.933262,0.065202
ACAATGATTCTTCTAC-1,0.229446,0.526724,0.24383
ACAATTGTGTCTCTTT-1,0.005332,0.619568,0.3751
ACAATTTGAGCAGTGG-1,0.00675,0.449431,0.543819
ACAATTTGGCCATATT-1,0.144465,0.828552,0.026983
ACACAAAGACGGGTGG-1,0.180353,0.150406,0.66924
ACACAAATATTCCTAG-1,0.098075,0.896481,0.005444
ACACACCAGGACCAGT-1,0.000668,0.399758,0.599574
ACACACTTTCTACACG-1,0.004912,0.940542,0.054546
ACACATGATCAAATCT-1,0.312138,0.550209,0.137652
ACACCACATAATTAGC-1,0.050713,0.503403,0.445884
ACACCCAGCATGCAGC-1,0.000361,0.54211,0.457529
ACACCCGAGAAATCCG-1,0.139634,0.856855,0.003511
ACACCCGTAAATCTGT-1,0.334758,0.473562,0.19168
ACACCGGTCTGACCGC-1,0.122507,0.779911,0.097583
ACACCTTAAGTAGGGC-1,0.315228,0.348828,0.335944
ACACCTTACTACTTGC-1,0.132245,0.802727,0.065028
ACACGAGACTCCTTCT-1,0.070204,0.357208,0.572589
ACACGGCACTATGCAT-1,0.172128,0.598509,0.229363
ACACGGGAACTTAGGG-1,0.000312,0.272912,0.726776
ACACGTAGGCCACAAG-1,0.072509,0.779709,0.147781
ACACTGATCAAGGTGT-1,0.006768,0.983079,0.010154
ACACTGGGACAGTCGT-1,0.00062,0.892226,0.107155
ACAGAACTGAGAACAA-1,0.14122,0.719351,0.139429
ACAGATTAGGTTAGTG-1,0.010437,0.25554,0.734023
ACAGCATAGAGCCAGT-1,0.000544,0.974537,0.024918
ACAGCGACATTCTCAT-1,0.436275,0.220562,0.343163
ACAGCGCACCCGCAGC-1,0.001354,0.878343,0.120303
ACAGGCACGGATCCTT-1,0.139428,0.072305,0.788268
ACAGGCTTGCCCGACT-1,0.128844,0.005781,0.865376
ACAGGTGGAGGTGAGG-1,0.00086,0.974513,0.024627
ACAGTAATACAACTTG-1,0.036259,0.370149,0.593592
ACAGTATACCGTGGGA-1,0.036543,0.894985,0.068471
ACAGTGCAGCGCATTT-1,0.084297,0.368247,0.547457
ACATAAGTCGTGGTGA-1,0.000277,0.370199,0.629524
ACATAATAAGGCGGTG-1,0.000604,0.498824,0.500572
ACATCAGCTGGGACGC-1,0.002723,0.993193,0.004083
ACATCCCGGCCATACG-1,0.091956,0.001917,0.906127
ACATCCTGGTAACTGT-1,0.364472,0.359162,0.276366
ACATCGATCGTTTACC-1,0.000559,0.123281,0.87616
ACATCGGTCAGCCGCG-1,0.000914,0.997715,0.001371
ACATCGTATGCAATGG-1,0.020233,0.000385,0.979382
ACATCGTTAACCTAGT-1,0.001084,0.779266,0.219649
ACATCTCAACGCGTAA-1,0.001585,0.353091,0.645324
ACATGCTTACGGCAGC-1,0.000595,0.656117,0.343288
ACATGGCGCCAAAGTA-1,0.002237,0.752597,0.245166
ACATGGCTCAATTTAG-1,0.000692,0.998271,0.001038
ACATTAGTTTATATCC-1,0.004106,0.838925,0.156969
ACATTCGCGCGGAATA-1,0.100928,0.289528,0.609544
ACCAAACACCCAGCGA-1,0.000336,0.1966,0.803064
ACCAAACTAGAAATCC-1,0.091373,0.27433,0.634297
ACCAACACCACACACT-1,0.004042,0.006061,0.989897
ACCAACCGCACTCCAC-1,0.002455,0.173306,0.824239
ACCAACGCTTATTTAT-1,0.000614,0.126651,0.872735
ACCAAGAACGCGTGTC-1,0.2108,0.636484,0.152716
ACCAATATGCAAGTTA-1,0.005444,0.98639,0.008166
ACCACAACTCAGAACA-1,0.000301,0.201472,0.798228
ACCACAAGTTTCTATC-1,0.042704,0.863836,0.09346
ACCACCAATGTAACAA-1,0.001616,0.749652,0.248733
ACCACCCTCTCTTCTA-1,0.353469,0.00324,0.643291
ACCACGTGCAGCTATA-1,0.001716,0.265784,0.7325
ACCAGCCCGGTCTTTG-1,0.001764,0.304322,0.693914
ACCAGGAGTGTGATCT-1,0.001897,0.695218,0.302884
ACCAGTGCCCGGTCAA-1,0.011384,0.68458,0.304036
ACCAGTGCGGGAGACG-1,0.256203,0.679718,0.064079
ACCATATCCGCAATAA-1,0.131206,0.573883,0.294911
ACCATCCGCCAACTAG-1,0.000169,0.036539,0.963292
ACCATCGTATATGGTA-1,0.001842,0.824092,0.174066
ACCCAACGCCCGTGGC-1,0.000663,0.9505,0.048838
ACCCACCTACATGCTC-1,0.300505,0.688142,0.011353
ACCCATCTTGAGGGTA-1,0.363316,0.552598,0.084086
ACCCATTTGTCCCTCT-1,0.090951,0.319931,0.589118
ACCCGAGCGAAATTAC-1,0.018443,0.85177,0.129787
ACCCGATTGGTTCCGA-1,0.002783,0.196126,0.801092
ACCCGGAAACTCCCAG-1,0.000284,0.35307,0.646646
ACCCGGAGCACCACAA-1,0.004903,0.993861,0.001236
ACCCGGATGACGCATC-1,0.677992,0.296467,0.025541
ACCCGGTTACACTTCC-1,0.000554,0.669528,0.329917
ACCCGTAGCAGAGAAT-1,0.065777,0.81808,0.116144
ACCCGTAGTCTAGTTG-1,0.360698,0.49965,0.139652
ACCCGTGTCATCAGTA-1,0.00544,0.490851,0.503709
ACCCTATAGGACTGAG-1,0.460745,0.475392,0.063863
ACCCTATGCCATATCG-1,0.001605,0.5407,0.457695
ACCCTCCCGTCAGGGC-1,0.058809,0.105464,0.835728
ACCCTCCCTTGCTATT-1,0.017879,0.955292,0.026829
ACCCTGGTAACGCCCT-1,0.895077,0.104176,0.000747
ACCCTTCATCTGCGAA-1,0.000365,0.372661,0.626974
ACCCTTGCCTGGGTCG-1,0.001159,0.997101,0.001739
ACCCTTTAGTTCTCCA-1,0.011926,0.808406,0.179668
ACCGAAAGGGCCCTGC-1,0.0002,0.825675,0.174125
ACCGAAGAGTCTGGTT-1,0.06838,0.736794,0.194825
ACCGACACATCTCCCA-1,0.000803,0.788657,0.21054
ACCGACTGAGTCCCAC-1,0.034257,0.00035,0.965394
ACCGAGTCTCCTTATT-1,0.999877,0.000061,0.000061
ACCGATAGGCATAACC-1,0.003431,0.745033,0.251535
ACCGATATTTAATCAT-1,0.198773,0.664125,0.137102
ACCGATGGTAGCATCG-1,0.000537,0.702972,0.296491
ACCGCAATAACTGCCT-1,0.13567,0.858551,0.005779
ACCGCGGTGGAAGTCG-1,0.193954,0.569938,0.236108
ACCGCTAGTCATTGGT-1,0.086931,0.802949,0.110119
ACCGGGCCTTTGTTGA-1,0.714616,0.085899,0.199485
ACCGGTCAGGTACACC-1,0.524771,0.453528,0.021701
ACCGGTCTGAGTACGG-1,0.19248,0.328322,0.479198
ACCGTCCACTGGGCCC-1,0.339678,0.426169,0.234153
ACCGTGACCACGTGGG-1,0.035296,0.906111,0.058594
ACCGTTCCCGCTCTGA-1,0.001801,0.527072,0.471126
ACCTAAGTACCTTTCA-1,0.086904,0.826136,0.08696
ACCTAATCGACTTCCT-1,0.00253,0.993676,0.003794
ACCTACAGTATGTGGT-1,0.392816,0.564744,0.04244
ACCTACTATAAATCTA-1,0.003339,0.565621,0.431039
ACCTCCGCCCTCGCTG-1,0.062395,0.649021,0.288583
ACCTCCGTTATTCACC-1,0.490459,0.133844,0.375697
ACCTCGAACTTATGCT-1,0.001252,0.785558,0.21319
ACCTGCGTGTCATGTT-1,0.000543,0.998642,0.000815
ACCTTTCCTTTAGAAG-1,0.767614,0.030341,0.202045
ACGAAATGGGCGGCAC-1,0.0007,0.998251,0.001049
ACGACCCATGAGTTGC-1,0.166858,0.408918,0.424224
ACGACTGGTCATACTC-1,0.002947,0.83764,0.159413
ACGAGAACCCATCACG-1,0.03618,0.963259,0.000561
ACGAGATATTTGCTTA-1,0.192766,0.413355,0.393879
ACGAGGATACCACTCT-1,0.000688,0.99828,0.001032
ACGAGGTTTACAACGT-1,0.000431,0.654006,0.345563
ACGAGTACGGATGCCC-1,0.000406,0.053497,0.946097
ACGATACATAGAACTA-1,0.000525,0.304016,0.695459
ACGATCATACATAGAG-1,0.000775,0.536634,0.462591
ACGATCATCTTGTAAA-1,0.000621,0.951299,0.04808
ACGATGCATATGTTAT-1,0.002752,0.99312,0.004128
ACGATGGATCCGATGC-1,0.043605,0.811469,0.144926
ACGCAAACTAATAGAT-1,0.069483,0.651675,0.278842
ACGCAATCACTACAGC-1,0.265088,0.732689,0.002223
ACGCATAAATGACATG-1,0.169206,0.303778,0.527015
ACGCATACGTTTACTA-1,0.000819,0.766529,0.232652
ACGCATTCGTGAGTAC-1,0.008954,0.977629,0.013417
ACGCCAGATGATTTCT-1,0.148024,0.849274,0.002702
ACGCCCAGCTGTCGAT-1,0.479796,0.001227,0.518976
ACGCCGCTAGACGACC-1,0.001133,0.860316,0.138551
ACGCGAAGTCAGACGA-1,0.004041,0.9899,0.006059
ACGCGCTACACAGGGT-1,0.000318,0.949538,0.050143
ACGCTAGTATCAGTGC-1,0.253012,0.422883,0.324105
ACGCTAGTGATACACT-1,0.025038,0.143533,0.831429
ACGCTGTGAGGCGTAG-1,0.149721,0.649991,0.200288
ACGCTTAGTGTCTCTC-1,0.217726,0.001977,0.780296
ACGGACGCAGCGACAA-1,0.000425,0.9785,0.021075
ACGGACTCTCAAAGCG-1,0.000316,0.102611,0.897073
ACGGAGCGCAAATTAC-1,0.001399,0.002099,0.996502
ACGGATGGTGCGGATA-1,0.199125,0.791242,0.009633
ACGGCACTTGCTTGGG-1,0.001133,0.997167,0.0017
ACGGCCAACATGGACT-1,0.000473,0.00071,0.998817
ACGGCGACGATGGGAA-1,0.220336,0.556156,0.223508
ACGGCGGGTTGCCCTG-1,0.168853,0.655115,0.176031
ACGGCTGGATGTAGAA-1,0.000228,0.844432,0.155339
ACGGGAGTGTCGGCCC-1,0.404878,0.594772,0.000349
ACGGGCGTATGCGACA-1,0.349568,0.63486,0.015572
ACGGGTTGTGACCTGT-1,0.073489,0.850947,0.075563
ACGGTCACCGAGAACA-1,0.129921,0.760399,0.10968
ACGTACAGATTTCTCT-1,0.182891,0.564296,0.252813
ACGTACTTTGGCACGG-1,0.905915,0.033889,0.060196
ACGTAGATTGCTGATG-1,0.475882,0.512005,0.012113
ACGTAGGAGAGTCGCT-1,0.81225,0.093945,0.093805
ACGTATTACTCCGATC-1,0.000338,0.776255,0.223407
ACGTCCTAAACGAGAT-1,0.057056,0.001261,0.941683
ACGTCGGGCAACTCGG-1,0.000222,0.262051,0.737727
ACGTCTCGTTCCGGGA-1,0.000952,0.987579,0.011469
ACGTGACAAAGTAAGT-1,0.014395,0.285025,0.700581
ACGTGCGCCTCGTGCA-1,0.001659,0.445568,0.552774
ACGTGGTCGAATGTGC-1,0.010012,0.015022,0.974966
ACGTTAATGTCGAAGA-1,0.001368,0.996579,0.002053
ACGTTAGATTTGCCCG-1,0.154041,0.843069,0.00289
ACGTTATTGGTCACTC-1,0.000272,0.939144,0.060584
ACGTTCACTATGCCGC-1,0.097409,0.681996,0.220595
ACGTTCCGCGCTCCGT-1,0.000686,0.765397,0.233917
ACGTTCGCAATCAATT-1,0.001927,0.572899,0.425174
ACGTTCGTTCAGGAAA-1,0.00101,0.001515,0.997475
ACGTTCTGTACAAGTC-1,0.121631,0.87166,0.006709
ACGTTGTCGTTGAAAG-1,0.107926,0.51577,0.376304
ACGTTTAGTTGTGATC-1,0.152373,0.258395,0.589232
ACTAAGGACGCACACC-1,0.178541,0.818736,0.002723
ACTAATACGTCAGGCG-1,0.276381,0.000341,0.723278
ACTACAAAGAGAGGTG-1,0.13178,0.075857,0.792363
ACTACATCCCGACAAG-1,0.015086,0.937099,0.047815
ACTACCAGCTCTCTGG-1,0.010438,0.664466,0.325095
ACTACCATCCGAGGGC-1,0.129101,0.001261,0.869638
ACTACGCGTTAGAATT-1,0.044409,0.00086,0.954731
ACTAGTTGCGATCGTC-1,0.204838,0.755666,0.039496
ACTATATGCTGTGTTC-1,0.002257,0.003383,0.99436
ACTATCCAGGGCATGG-1,0.042827,0.954016,0.003157
ACTATCTGCCCGCGTA-1,0.196709,0.667521,0.135771
ACTATGTCCAGCTGCC-1,0.07633,0.139009,0.784661
ACTATTCGTCCGTGGT-1,0.197033,0.310027,0.49294
ACTATTTCCGGGCCCA-1,0.000503,0.509879,0.489618
ACTCAACGAATGTATT-1,0.000226,0.630313,0.369462
ACTCAAGTGCAAGGCT-1,0.008946,0.977632,0.013421
ACTCAATAAAGGCACG-1,0.00103,0.997424,0.001546
ACTCATGGCAGCCTTC-1,0.110935,0.888063,0.001002
ACTCCAATATCATCAT-1,0.579814,0.311674,0.108512
ACTCCCATTCCTAAAG-1,0.000347,0.427223,0.57243
ACTCCCGAATTCGTTT-1,0.50523,0.494392,0.000378
ACTCCCGTAGACTAGG-1,0.003793,0.405414,0.590793
ACTCCCTAATGCTAAA-1,0.00269,0.622164,0.375146
ACTCCCTAGAATAGTA-1,0.280676,0.536892,0.182432
ACTCCGGCCGACCACT-1,0.178476,0.618253,0.203271
ACTCGATGTATTTCAT-1,0.167917,0.831837,0.000246
ACTCGCCGTTCGATAA-1,0.378842,0.000706,0.620452
ACTCGCGATCTGACGC-1,0.050258,0.949344,0.000397
ACTCGTAACCCGTCCT-1,0.690882,0.308796,0.000322
ACTCGTCAGTAATCCC-1,0.002408,0.993981,0.003612
ACTCTCTGACTTAGGT-1,0.000306,0.000459,0.999235
ACTCTCTTATACACGA-1,0.001066,0.832516,0.166419
ACTCTGACCTAATAGA-1,0.000451,0.537933,0.461615
ACTCTTCAGCTCCCGC-1,0.221836,0.427605,0.350558
ACTCTTGTATAGTAAC-1,0.005008,0.816454,0.178539
ACTGAAACGCCGTTAG-1,0.196872,0.242009,0.561119
ACTGAATGGCGAAAGT-1,0.002216,0.090615,0.907169
ACTGATTTAGTGATTC-1,0.185258,0.592014,0.222728
ACTGCCCGCCATTCTC-1,0.128478,0.513883,0.357639
ACTGCCGTCGTAACTC-1,0.045511,0.90616,0.04833
ACTGCGGACACACCGT-1,0.000201,0.866885,0.132913
ACTGCTCGGAAGGATG-1,0.003815,0.633107,0.363078
ACTGGCGAACCTGCGT-1,0.079163,0.697625,0.223212
ACTGGGATGCCAGTGC-1,0.052887,0.453405,0.493707
ACTGTACGATACACAT-1,0.001423,0.996444,0.002134
ACTGTAGCACTTTGGA-1,0.408943,0.581664,0.009393
ACTGTATACGCGAGCA-1,0.162295,0.690427,0.147278
ACTGTCCAGGATTATA-1,0.4749,0.517733,0.007367
ACTGTCTTCTTTAGAA-1,0.009803,0.634719,0.355478
ACTGTGCTAGTAGATC-1,0.003691,0.802021,0.194288
ACTGTTTAGTGTAGGC-1,0.002036,0.60465,0.393314
ACTTACCGGGCGCGCA-1,0.000385,0.305127,0.694488
ACTTACGCATCCACGC-1,0.269875,0.608487,0.121638
ACTTAGTACGACAAGA-1,0.064352,0.680649,0.254999
ACTTATACTTACCCGG-1,0.000754,0.998114,0.001132
ACTTATCTGATCTATA-1,0.580358,0.092694,0.326948
ACTTATTAGGATCGGT-1,0.011917,0.692002,0.296081
ACTTATTTATGTGCCA-1,0.000647,0.323428,0.675924
ACTTCAGGCTGATCCC-1,0.045428,0.727853,0.22672
ACTTCCAGTGGAAGCT-1,0.000315,0.541537,0.458148
ACTTCCATGCGGGACA-1,0.01318,0.604283,0.382537
ACTTCCTGTCGTGCGA-1,0.238944,0.211826,0.549231
ACTTCGCCATACGCAC-1,0.000778,0.672029,0.327193
ACTTCGCTAGCGAGTG-1,0.031343,0.197828,0.77083
ACTTGACTCCCTCTTT-1,0.000644,0.675374,0.323983
ACTTGCCATATTGTAC-1,0.010437,0.833607,0.155956
ACTTGCTCTATCTACC-1,0.000598,0.661077,0.338325
ACTTGGGACCCGGTGG-1,0.001022,0.997445,0.001533
ACTTGTAGTCCCTTCA-1,0.000531,0.777156,0.222314
ACTTGTGGATGGAACG-1,0.249343,0.614654,0.136003
ACTTTACCCTCATGAA-1,0.000299,0.75687,0.242831
ACTTTATACACCACTT-1,0.030268,0.872604,0.097129
ACTTTCCTATAGCTTC-1,0.415413,0.296157,0.28843
ACTTTGACTGCATCCT-1,0.30105,0.528821,0.170129
ACTTTGGTCGTGCTCC-1,0.263933,0.432304,0.303763
ACTTTGTCGACGCACT-1,0.004554,0.988617,0.006829
AGAAATTATGACTCGC-1,0.001869,0.773373,0.224758
AGAACACGGCGATGGT-1,0.043226,0.819587,0.137188
AGAACCCAGCGTGACA-1,0.057991,0.934974,0.007035
AGAACCCTCAATTGGG-1,0.000319,0.625472,0.374209
AGAACGTGGTACATTC-1,0.001216,0.996961,0.001824
AGAAGAGCGCCGTTCC-1,0.005111,0.987222,0.007667
AGAAGGTACACTTCAC-1,0.011205,0.000335,0.98846
AGAAGGTTGCCGAATT-1,0.000852,0.680149,0.318999
AGAAGGTTGTAGGTCG-1,0.001311,0.577928,0.420761
AGAAGTGATTCGTGAT-1,0.131362,0.468326,0.400312
AGAATGCGGGTTCGGA-1,0.006771,0.983075,0.010154
AGAATTATGGATTCGA-1,0.00047,0.601568,0.397963
AGACAGCTCAGAATCC-1,0.047616,0.952095,0.000289
AGACAGGCATCTCAGC-1,0.000242,0.986619,0.013138
AGACCAAACCACACCT-1,0.05275,0.223011,0.724239
AGACCATGGGATACAA-1,0.349655,0.554294,0.096051
AGACCCACCGCTGATC-1,0.232044,0.1813,0.586655
AGACCCGCCCTCCTCG-1,0.003132,0.885566,0.111301
AGACCGCTCCGCGGTT-1,0.175777,0.613132,0.211091
AGACCGGGAAACCCTG-1,0.000128,0.44941,0.550462
AGACGAAGTGCCGGTC-1,0.002277,0.901032,0.096691
AGACGACGATGCCGCT-1,0.000305,0.71827,0.281425
AGACGCCCACTTCGCC-1,0.000914,0.471939,0.527147
AGACGGGATTGGTATA-1,0.003579,0.219821,0.776599
AGACGGGCCGATTTAA-1,0.081052,0.633731,0.285217
AGACTAGCCTTCCAGA-1,0.03704,0.71956,0.2434
AGACTGTTACCGGGTC-1,0.002879,0.545071,0.45205
AGAGAAACACCAGAAA-1,0.002504,0.993741,0.003756
AGAGAACCGTCTAGGA-1,0.013125,0.158506,0.828369
AGAGAAGGAGTACAAT-1,0.000652,0.883063,0.116285
AGAGATCTCTAAAGCG-1,0.008423,0.561943,0.429634
AGAGCAGTTATGAGAC-1,0.000321,0.999197,0.000482
AGAGCCGCCGAGATTT-1,0.275108,0.520801,0.204091
AGAGCGCTTGTAACGG-1,0.004885,0.448781,0.546334
AGAGCGGGCTAATCAT-1,0.011991,0.001007,0.987002
AGAGCGTACAAGCTCG-1,0.001972,0.836597,0.16143
AGAGCTACGAAAGCAT-1,0.000091,0.944151,0.055758
AGAGGCTTCGGAAACC-1,0.65622,0.130431,0.213349
AGAGGGACAATTGTCC-1,0.194256,0.6174,0.188344
AGAGGTATCTCGGTCC-1,0.158246,0.645612,0.196142
AGAGTAAACTTCACTA-1,0.250375,0.393102,0.356524
AGAGTATAGTGTTACG-1,0.059218,0.939303,0.001479
AGAGTGAACAGACACC-1,0.118029,0.68693,0.195042
AGAGTTAGAGACCGAT-1,0.020627,0.479515,0.499858
AGAGTTGCAGGCCTCC-1,0.002982,0.647107,0.349911
AGATAACTTCAGGGCC-1,0.000683,0.478133,0.521184
AGATACCAATAGAACC-1,0.028956,0.438478,0.532566
AGATACCAGCACTTCA-1,0.36952,0.628621,0.00186
AGATACCGGTGTTCAC-1,0.05488,0.18589,0.75923
AGATACGACTTCATAT-1,0.193031,0.666737,0.140232
AGATACTCAAGATCGA-1,0.002813,0.024021,0.973166
AGATATAATACGACTA-1,0.001842,0.35043,0.647728
AGATCGTGCATAAGAT-1,0.012471,0.270218,0.717311
AGATCTCAGGTGTGAT-1,0.000978,0.774629,0.224392
AGATCTGGAGAGGATA-1,0.087584,0.69422,0.218196
AGATGACTCGCCCACG-1,0.10604,0.097542,0.796417
AGATGAGGGTTGCGAT-1,0.005822,0.841931,0.152247
AGATGATGGAGTCTGG-1,0.183752,0.737252,0.078995
AGATGCAAGACGTGCA-1,0.061162,0.65214,0.286698
AGATGCATCCTGTGTC-1,0.000211,0.000316,0.999473
AGATTATAGGACGTTT-1,0.302483,0.690292,0.007224
AGATTCAAGCGGGTCG-1,0.000952,0.295307,0.70374
AGATTCACAACCGATA-1,0.000449,0.7753,0.224252
AGCAAAGGCCGCTAGT-1,0.004176,0.638512,0.357312
AGCAACATATCTTATT-1,0.000342,0.454105,0.545553
AGCAACCGAAAGTAAT-1,0.246243,0.512743,0.241014
AGCACACGTTTAGACT-1,0.000768,0.96002,0.039212
AGCACCAGTACTCACG-1,0.000949,0.686402,0.31265
AGCACTACCTCACCAG-1,0.004245,0.204196,0.791559
AGCACTTAAGGACGCC-1,0.002664,0.72321,0.274126
AGCAGAAGGAGAAAGA-1,0.0007,0.522615,0.476686
AGCAGCCAGATGAATA-1,0.746927,0.170442,0.082632
AGCATATCAATATGCT-1,0.013934,0.965199,0.020867
AGCATCATTTCGAAAG-1,0.000269,0.771099,0.228633
AGCATCGTCGATAATT-1,0.161084,0.831405,0.007512
AGCATTACGAGGCAAG-1,0.200309,0.325215,0.474476
AGCCAAGCTTTGTGTC-1,0.005692,0.745927,0.24838
AGCCACAGGTTACCCG-1,0.354866,0.245391,0.399742
AGCCACTCCCGTGCTT-1,0.123212,0.794235,0.082553
AGCCATATAGTATGTG-1,0.117025,0.001907,0.881068
AGCCCATACATGTAAG-1,0.420157,0.569828,0.010015
AGCCCGCAACAAGCAG-1,0.004554,0.684011,0.311436
AGCCCGGCATTAGAGG-1,0.000553,0.79309,0.206357
AGCCCGGTAGCCTGTA-1,0.000372,0.166459,0.833169
AGCCCTAAGCGAAGTT-1,0.004245,0.750496,0.245259
AGCCCTCCCTGGTGGC-1,0.018979,0.884037,0.096984
AGCCCTGTCGCACCGT-1,0.012259,0.987436,0.000305
AGCCCTTCTAATCCGA-1,0.383473,0.440909,0.175618
AGCCCTTGGACATCCC-1,0.313849,0.379052,0.307099
AGCCGTGGCTAAATGT-1,0.000248,0.912736,0.087015
AGCCTAATACCCACGT-1,0.045012,0.416129,0.538859
AGCCTTAAAGCGGAAG-1,0.00015,0.999624,0.000225
AGCCTTGTCACTGATA-1,0.016378,0.257914,0.725708
AGCGACAGGAACGGTC-1,0.001143,0.997142,0.001715
AGCGACATCCCATTCA-1,0.000634,0.961732,0.037633
AGCGACCAACGATATT-1,0.15925,0.202683,0.638067
AGCGAGACGTGAAGGC-1,0.073829,0.73714,0.189032
AGCGATGCGCCTAATA-1,0.074116,0.613191,0.312693
AGCGCATAATGAATCG-1,0.004244,0.388887,0.606869
AGCGCGGGTGCCAATG-1,0.000191,0.000286,0.999523
AGCGCTAGAGCGATGT-1,0.196714,0.783929,0.019358
AGCGCTTATGGGCAAG-1,0.080168,0.914387,0.005445
AGCGGACACTTCGTAG-1,0.004104,0.371215,0.624681
AGCGGCGGTTAGCGGT-1,0.028863,0.06275,0.908387
AGCGGGAAGGGTCCAT-1,0.325576,0.671556,0.002868
AGCGGGTCTGACACTC-1,0.002981,0.004472,0.992547
AGCGGTTGAGATGTAC-1,0.079375,0.165593,0.755031
AGCGGTTGCCGCTCTG-1,0.007648,0.566685,0.425667
AGCGTACGAGAGCTAG-1,0.183916,0.731405,0.084679
AGCGTAGCGCTAGACC-1,0.391691,0.544395,0.063914
AGCGTCTGAACCCGCA-1,0.209376,0.788305,0.002319
AGCGTGGTATTCTACT-1,0.001089,0.338083,0.660828
AGCGTTCCGATTTAAA-1,0.004317,0.298,0.697683
AGCTAACAAGCAATGT-1,0.001057,0.997358,0.001585
AGCTAAGTACGCAGGC-1,0.00677,0.983077,0.010153
AGCTAGAAGCAGAAGT-1,0.043306,0.007825,0.948868
AGCTATTTAATCCAAC-1,0.000808,0.99798,0.001212
AGCTCCATATATGTTC-1,0.000741,0.998147,0.001111
AGCTCCTTCGCACATC-1,0.007366,0.600216,0.392418
AGCTCGTTGATGGAAA-1,0.020669,0.541116,0.438215
AGCTCTAGACGTTCCA-1,0.172436,0.827158,0.000406
AGCTCTTCCCAGTGCA-1,0.000553,0.249957,0.74949
AGCTCTTCGTAACCTT-1,0.001176,0.772466,0.226358
AGCTCTTTACTCAGTT-1,0.003338,0.860926,0.135736
AGCTGAAGTAAACCAA-1,0.045751,0.448653,0.505597
AGCTGCATTTGAGGTG-1,0.00248,0.551924,0.445596
AGCTGCTGTGCCGAAT-1,0.101876,0.05164,0.846483
AGCTGTAACCTCAATC-1,0.013359,0.113301,0.87334
AGCTTCAATACTTTGA-1,0.130179,0.024476,0.845345
AGCTTCTTCTCGAGCA-1,0.003252,0.26118,0.735568
AGCTTGATCAGGGTAG-1,0.000206,0.886253,0.113541
AGCTTGATCTTAACTT-1,0.047891,0.684449,0.26766
AGGAAAGCCTCTGATG-1,0.144046,0.854627,0.001328
AGGAACGAACGACTTC-1,0.17838,0.448661,0.372959
AGGAAGCTGTCCGCCG-1,0.12573,0.619214,0.255056
AGGACAGTCGAATCCC-1,0.00039,0.498695,0.500915
AGGACGACCCATTAGA-1,0.001339,0.996652,0.002009
AGGACGCTCGATGTTG-1,0.006106,0.280046,0.713847
AGGAGACATCCACAGT-1,0.000696,0.751249,0.248055
AGGAGAGTCTGGCTAC-1,0.051661,0.684624,0.263715
AGGAGGCCTTCGCGCG-1,0.00501,0.410418,0.584572
AGGATAAAGTCGGGAT-1,0.000829,0.997927,0.001244
AGGATATAGGGATTTA-1,0.000775,0.964836,0.034388
AGGATCACGCGATCTG-1,0.000644,0.71103,0.288326
AGGATTGCTTACGACA-1,0.000813,0.752842,0.246345
AGGCAAAGAGGAATCA-1,0.382258,0.230678,0.387064
AGGCACGTGACTGTCC-1,0.133328,0.862676,0.003997
AGGCAGATGCGTAAAC-1,0.000703,0.963679,0.035617
AGGCAGGGAGCGTACT-1,0.084957,0.338063,0.576979
AGGCATTGTCGTAGGG-1,0.00207,0.312263,0.685667
AGGCCACATTGGTTAC-1,0.342742,0.645771,0.011487
AGGCCACCCGTTATGA-1,0.002782,0.611423,0.385795
AGGCCCAGTGACTGGT-1,0.000144,0.979023,0.020833
AGGCCCATTGTACAGG-1,0.0007,0.953661,0.04564
AGGCCCTAGAACGCCA-1,0.000247,0.999382,0.000371
AGGCCTATCATACCAA-1,0.00079,0.077748,0.921462
AGGCCTGAGAATCTCG-1,0.077384,0.598945,0.323671
AGGCGATAACTGGCGT-1,0.002693,0.796192,0.201115
AGGCGGTTTGTCCCGC-1,0.037712,0.918626,0.043662
AGGCGTCTATGGACGG-1,0.190787,0.589395,0.219818
AGGCTATGGTTAGCTT-1,0.371738,0.625914,0.002348
AGGCTTCCCGAAGAAG-1,0.000998,0.997506,0.001497
AGGCTTGCTAGACACC-1,0.000238,0.999405,0.000357
AGGGAAACGAGGTACT-1,0.001278,0.996806,0.001917
AGGGACCGGCTGCGTT-1,0.108669,0.890505,0.000826
AGGGACTCTACGCGAC-1,0.001815,0.498252,0.499934
AGGGAGACATACTTCG-1,0.001423,0.89851,0.100067
AGGGCAGCGGCGTGGT-1,0.000655,0.735481,0.263864
AGGGCCCTAATGTTCT-1,0.320406,0.676948,0.002646
AGGGCGAGCAGCTGAT-1,0.000157,0.631161,0.368683
AGGGCGTGATCGGCTA-1,0.372982,0.597539,0.029479
AGGGTCAGAGCACTCG-1,0.003384,0.991539,0.005077
AGGGTCAGTAACCCTA-1,0.007826,0.498987,0.493187
AGGGTCGATGCGAACT-1,0.37699,0.61222,0.01079
AGGGTGCCGTTCTTTA-1,0.004907,0.987728,0.007365
AGGGTGGATAGTGCAT-1,0.000342,0.999145,0.000513
AGGGTGTGCTACACGC-1,0.454638,0.003385,0.541977
AGGGTTCAGACGGTCC-1,0.001291,0.503934,0.494775
AGGGTTCCCTTTGGTT-1,0.095044,0.730591,0.174364
AGGGTTTAGTTCGGGA-1,0.008349,0.979131,0.01252
AGGTACGATATTGCCA-1,0.000982,0.997545,0.001473
AGGTAGATCGAGATAT-1,0.001801,0.892631,0.105568
AGGTATAATTGATAGT-1,0.199736,0.737156,0.063108
AGGTATGCGGACATTA-1,0.000565,0.836304,0.16313
AGGTCAGGTGAGAGTG-1,0.195347,0.686084,0.118569
AGGTCGCCACTTCGGT-1,0.097041,0.306699,0.59626
AGGTCGCCTCCCAACA-1,0.000585,0.471825,0.52759
AGGTCGCGGAGTTACT-1,0.102611,0.887235,0.010155
AGGTGGTGACCTTCGC-1,0.081789,0.001585,0.916625
AGGTGTTGCCGACCAC-1,0.244526,0.588654,0.16682
AGGTTACACCATGCCG-1,0.206421,0.734034,0.059545
AGGTTCTCCTTTCCGG-1,0.000289,0.514311,0.485399
AGGTTGAGGCACGCTT-1,0.004394,0.878586,0.11702
AGGTTTCACACACCTT-1,0.000949,0.494211,0.50484
AGTAACGTTCATCCTG-1,0.015644,0.960864,0.023492
AGTAATGTCTTGCCGC-1,0.000605,0.774069,0.225326
AGTAATTTGCAAGCGT-1,0.053336,0.874325,0.07234
AGTACAGAAGCTTATA-1,0.039047,0.160405,0.800548
AGTACATCATTTATCA-1,0.268648,0.72698,0.004373
AGTACCTTCGAGTGCT-1,0.463632,0.034162,0.502206
AGTACGGGCACCTGGC-1,0.000303,0.105244,0.894453
AGTACGTGGCCTGTCT-1,0.075078,0.5823,0.342622
AGTACTCTTATGCCCA-1,0.133787,0.458232,0.407981
AGTAGAAGGCGCCTCA-1,0.000938,0.416412,0.58265
AGTAGCGTGAACGAAC-1,0.086317,0.262386,0.651297
AGTAGCTAGACGCCGA-1,0.001716,0.378207,0.620078
AGTAGGAAGGAAGTTG-1,0.00447,0.48777,0.50776
AGTAGGTAACATACAT-1,0.000279,0.594162,0.405559
AGTATAATACTAGGCA-1,0.854749,0.144903,0.000349
AGTATACACAGCGACA-1,0.003526,0.991183,0.005291
AGTATCCATAATAACG-1,0.132044,0.581804,0.286151
AGTATGCTGGAGACCA-1,0.001546,0.937612,0.060843
AGTATTTGGCACGACC-1,0.007591,0.708308,0.284101
AGTCAAATGATGTGAT-1,0.001376,0.569763,0.428861
AGTCAACACCACCATC-1,0.001297,0.996757,0.001946
AGTCAAGATGACACTT-1,0.001298,0.135052,0.86365
AGTCACTAGCTCTCGA-1,0.996843,0.001579,0.001578
AGTCACTCCGCCTCAT-1,0.467418,0.17116,0.361422
AGTCCAGCGGGTACGT-1,0.000133,0.883046,0.116821
AGTCCATTGGCTGATG-1,0.033692,0.779266,0.187041
AGTCCCGCCTTTAATT-1,0.001216,0.245522,0.753262
AGTCCCTCGCAGAAAG-1,0.000898,0.485246,0.513857
AGTCGAAACGATTCAG-1,0.000248,0.470748,0.529004
AGTCGACGGTCTCAAG-1,0.27425,0.203922,0.521828
AGTCGGCCCAAACGAC-1,0.004395,0.674994,0.320612
AGTCGGCTCAACTTTA-1,0.000285,0.982849,0.016866
AGTCGGTTGCGTGAGA-1,0.097857,0.662432,0.239711
AGTCGTATAAAGCAGA-1,0.005824,0.98544,0.008736
AGTCGTCGACCACCAA-1,0.010017,0.974961,0.015022
AGTCGTGGGCATTACG-1,0.000841,0.955456,0.043704
AGTCTAAAGTATACTC-1,0.001647,0.995881,0.002471
AGTCTCACAAGACTAC-1,0.001271,0.996822,0.001907
AGTCTGGACATCCTTG-1,0.213979,0.676896,0.109125
AGTCTTCTCCTCAAAT-1,0.076766,0.364561,0.558672
AGTCTTTAAAGTGTCC-1,0.000549,0.547431,0.45202
AGTGAACAAACTTCTC-1,0.557835,0.43837,0.003795
AGTGAAGATGGTGTCC-1,0.320806,0.673587,0.005607
AGTGACCTACTTTACG-1,0.000173,0.030175,0.969652
AGTGACTGTGACACAA-1,0.000486,0.000729,0.998784
AGTGAGACTTCCAGTA-1,0.168377,0.632461,0.199162
AGTGAGCCTCGCCGCC-1,0.000675,0.706332,0.292993
AGTGAGGGTTTCTGAC-1,0.051931,0.379857,0.568212
AGTGAGTCGAATTAAC-1,0.29263,0.303698,0.403672
AGTGATAACCTGCGCG-1,0.408388,0.440478,0.151134
AGTGATATGAGTAGTT-1,0.001204,0.918624,0.080172
AGTGATTCAAGCAGGA-1,0.337877,0.51273,0.149393
AGTGCACGCTTAAGAA-1,0.00522,0.986952,0.007829
AGTGCGTAGCTCGTAA-1,0.00062,0.631504,0.367876
AGTGCTAAACACAGCA-1,0.002665,0.197477,0.799858
AGTGCTTGCACGAATA-1,0.000352,0.239957,0.759691
AGTGGCGGCAATTTGA-1,0.00121,0.996976,0.001815
AGTGGCGTCTGAAGGT-1,0.153267,0.641316,0.205417
AGTGGCTCCGTCGGCC-1,0.015495,0.133275,0.85123
AGTGGTGTTACCCGTG-1,0.000745,0.650535,0.348719
AGTGTATTGCGCATTG-1,0.002479,0.775348,0.222173
AGTGTGGTCTATTGTG-1,0.288667,0.56169,0.149643
AGTTAAACACTTGCGA-1,0.000666,0.22965,0.769684
AGTTAAGCGGTCCCGG-1,0.029614,0.53111,0.439276
AGTTAAGTCAACCGCT-1,0.000816,0.997961,0.001224
AGTTACCCTTAAGACT-1,0.000287,0.999284,0.00043
AGTTACCGCACATGGT-1,0.000246,0.999384,0.00037
AGTTACTCTATCGTGG-1,0.001423,0.996443,0.002134
AGTTATTGAAAGGTAA-1,0.112,0.002824,0.885175
AGTTCACCGGTTGGAC-1,0.000201,0.999498,0.000301
AGTTCCTACAGAATTA-1,0.000623,0.292722,0.706655
AGTTCCTATTTATGTT-1,0.485856,0.513215,0.00093
AGTTCTGCGTTGTATC-1,0.244782,0.734668,0.02055
AGTTGACATCGGCTGG-1,0.128635,0.852318,0.019046
AGTTGACGGTCCTTGC-1,0.00363,0.643913,0.352456
AGTTGCGGTCCTCAAC-1,0.130906,0.697322,0.171771
AGTTGGCAAGGCTAGA-1,0.497393,0.172926,0.32968
AGTTTATGTAAAGACA-1,0.031467,0.093402,0.87513
AGTTTCGCAGGTCGGA-1,0.001128,0.479106,0.519765
AGTTTGCACCTGCCTC-1,0.071987,0.552794,0.375219
AGTTTGGCACGGGTTG-1,0.005111,0.732687,0.262202
AGTTTGGCCAGACCTA-1,0.00079,0.998025,0.001185
ATAAACGGACCCGTAA-1,0.005563,0.493035,0.501402
ATAAACGTTGCACCAC-1,0.148725,0.105189,0.746086
ATAAAGGTCAAGTACG-1,0.125966,0.400726,0.473308
ATAAATATTAGCAGCT-1,0.165948,0.671525,0.162527
ATAACGCCGGAGGGTC-1,0.290798,0.698467,0.010735
ATAACGGAGTCCAACG-1,0.000914,0.920387,0.078699
ATAACGTTACCTCCAC-1,0.014728,0.811583,0.173689
ATAAGCAAACACCGAG-1,0.284757,0.712993,0.00225
ATAAGGTGGAGAACAT-1,0.001407,0.168282,0.830311
ATAAGTACCCGATTGT-1,0.009635,0.601516,0.388849
ATAAGTAGGATTCAGA-1,0.001103,0.001655,0.997242
ATAAGTAGGGCGACTC-1,0.001204,0.963439,0.035357
ATAAGTTACCGCGACG-1,0.311968,0.000082,0.687949
ATAATAGCTGTTGAAT-1,0.003017,0.540022,0.456961
ATAATAGTGTAGGGAC-1,0.549995,0.448098,0.001907
ATAATCTTGGAGAACC-1,0.00071,0.685567,0.313723
ATAATTAGCTAAGTAG-1,0.935064,0.063205,0.001731
ATACAGCGTCCACTGA-1,0.101172,0.898327,0.000501
ATACAGGCCCTCCAAT-1,0.004043,0.666726,0.329231
ATACCAGCAAATTGCT-1,0.013903,0.752867,0.23323
ATACCAGGCTAATAGA-1,0.000329,0.695777,0.303895
ATACCAGGTGAGCGAT-1,0.29034,0.255421,0.454239
ATACCCTCCCGGCCAA-1,0.231335,0.706855,0.06181
ATACCGTCATCCATAA-1,0.002913,0.778252,0.218835
ATACCTAACCAAGAAA-1,0.037773,0.389917,0.572309
ATACGAAGGCTTTCCA-1,0.176286,0.822517,0.001197
ATACGACAGATGGGTA-1,0.197065,0.520422,0.282513
ATACGCCGATCTACCG-1,0.49177,0.074689,0.43354
ATACGCCGGCGAAACC-1,0.000253,0.223766,0.77598
ATACGGAACGTCGTTT-1,0.001821,0.898687,0.099493
ATACGGGTTTCGATTG-1,0.00084,0.339125,0.660035
ATACGTACTTAGCCAC-1,0.013172,0.967055,0.019773
ATACGTCCACTCCTGT-1,0.010889,0.33927,0.649841
ATACGTTATGCACGGA-1,0.011932,0.595133,0.392935
ATACTACCCGTACCAC-1,0.070075,0.438746,0.491178
ATACTAGCATGACCCT-1,0.001703,0.402159,0.596138
ATACTCTCGCCACTCT-1,0.505408,0.386469,0.108122
ATACTGCCTTACACCG-1,0.372197,0.612146,0.015657
ATACTTGTTCTCGAGC-1,0.054738,0.944113,0.001149
ATAGACAACGGGACCT-1,0.00031,0.249163,0.750527
ATAGACGAAGAGAAAG-1,0.2439,0.594144,0.161956
ATAGAGTACTGGGACA-1,0.001031,0.853453,0.145516
ATAGAGTTATCAACTT-1,0.541457,0.138955,0.319588
ATAGATTTGCAGTCGG-1,0.248559,0.1808,0.570641
ATAGCAACTAGGGAAG-1,0.153726,0.845805,0.000469
ATAGCCTCAGTACCCA-1,0.000338,0.999155,0.000507
ATAGGAATCTAAGCTT-1,0.00596,0.008946,0.985095
ATAGGCGGCTATAGAA-1,0.000219,0.712497,0.287284
ATAGGCTAGCTTCGCA-1,0.002721,0.921935,0.075344
ATAGGGATATCCTTGA-1,0.000752,0.001128,0.99812
ATAGGTTGGGCAGATG-1,0.000393,0.415267,0.58434
ATAGTCTTTGACGTGC-1,0.000614,0.998465,0.000921
ATAGTGAAGCGTTCTC-1,0.001912,0.99522,0.002867
ATAGTTCCACCCACTC-1,0.000617,0.368217,0.631166
ATATAAAGCGCTCGTG-1,0.001407,0.331084,0.667509
ATATAAATGTAGCTGC-1,0.14963,0.003579,0.846792
ATATAACACGGGCGCA-1,0.181626,0.452622,0.365752
ATATACATGTATGGTA-1,0.05461,0.003761,0.941629
ATATACGCTCGTGACG-1,0.494649,0.455805,0.049546
