Barcode,Topic 1,Topic 2,Topic 3,Topic 4to9,Topic 10,Topic 11to13
AAACAACGAATAGTTC-1,0.000228,0.000228,0.000228,0.030288,0.047698,0.921331
AAACAAGTATCTCCCA-1,0.00002,0.00002,0.022102,0.51173,0.00002,0.466109
AAACAATCTACTAGCA-1,0.000675,0.000675,0.000675,0.296497,0.000675,0.700804
AAACACCAATAACTGC-1,0.000011,0.000011,0.040522,0.847623,0.078749,0.033083
AAACAGAGCGACTCCT-1,0.000047,0.000047,0.000047,0.060447,0.226841,0.712569
AAACAGCTTTCAGAAG-1,0.000345,0.143871,0.000345,0.575873,0.000345,0.279221
AAACAGGGTCTATATT-1,0.000016,0.000016,0.027955,0.898172,0.000016,0.073825
AAACATTTCCCGGATT-1,0.000006,0.000006,0.045251,0.939963,0.013351,0.001423
AAACCCGAACGAAATC-1,0.000015,0.000015,0.367514,0.353324,0.000015,0.279115
AAACCGGAAATGTTAA-1,0.000021,0.015715,0.494935,0.417018,0.008391,0.063921
AAACCGGGTAGGTACC-1,0.000014,0.000014,0.000082,0.722309,0.000014,0.277566
AAACCGTTCGTCCAGG-1,0.000034,0.000034,0.148647,0.222406,0.000034,0.628846
AAACCTAAGCAGCCGG-1,0.000004,0.000004,0.028071,0.971284,0.000454,0.000183
AAACCTCATGAAGTTG-1,0.00002,0.00002,0.008993,0.546688,0.008666,0.435613
AAACGAAGAACATACC-1,0.000037,0.000037,0.000037,0.002592,0.087669,0.909629
AAACGAAGATGGAGTA-1,0.000051,0.000051,0.008334,0.05954,0.479218,0.452804
AAACGAGACGGTTGAT-1,0.000044,0.000044,0.000044,0.454897,0.104041,0.440928
AAACGGGCGTACGGGT-1,0.000009,0.000009,0.051362,0.845607,0.000009,0.103005
AAACGGGTTGGTATCC-1,0.000025,0.000025,0.066771,0.038262,0.500642,0.394275
AAACGGTTGCGAACTG-1,0.000027,0.000027,0.000027,0.000159,0.843156,0.156605
AAACGTGTTCGCCCTA-1,0.000016,0.000016,0.020757,0.825733,0.087452,0.066027
AAACTAACGTGGCGAC-1,0.000024,0.000024,0.003476,0.589616,0.000024,0.406835
AAACTCGGTTCGCAAT-1,0.000014,0.000014,0.000395,0.574444,0.015108,0.410024
AAACTCGTGATATAAG-1,0.000022,0.000022,0.047131,0.535445,0.000022,0.417358
AAACTGCTGGCTCCAA-1,0.000018,0.000018,0.02285,0.387886,0.050085,0.539145
AAACTTGCAAACGTAT-1,0.000022,0.000022,0.02706,0.644393,0.000022,0.32848
AAAGACCCAAGTCGCG-1,0.000021,0.000021,0.000021,0.242103,0.000021,0.757815
AAAGACTGGGCGCTTT-1,0.000024,0.000024,0.021546,0.650317,0.000024,0.328065
AAAGCTTGCCTACATA-1,0.000015,0.000015,0.048135,0.74132,0.000721,0.209794
AAAGGCTACGGACCAT-1,0.000003,0.000003,0.016646,0.917049,0.001181,0.065119
AAAGGCTCTCGCGCCG-1,0.000015,0.000015,0.000751,0.286768,0.000015,0.712435
AAAGGGATGTAGCAAG-1,0.000042,0.000042,0.000042,0.138361,0.000042,0.861472
AAAGGGCAGCTTGAAT-1,0.000028,0.000028,0.000028,0.299331,0.000028,0.700556
AAAGGTAAGCTGTACC-1,0.000025,0.000025,0.000025,0.562837,0.000025,0.437065
AAAGTAGCATTGCTCA-1,0.000015,0.000015,0.012106,0.795218,0.002084,0.190561
AAAGTCACTGATGTAA-1,0.000019,0.000019,0.019321,0.633975,0.000019,0.346646
AAAGTCGACCCTCAGT-1,0.000025,0.000025,0.075686,0.412428,0.000025,0.511811
AAAGTGTGATTTATCT-1,0.00001,0.00001,0.00001,0.809295,0.00001,0.190664
AAAGTTGACTCCCGTA-1,0.000005,0.000005,0.016462,0.974188,0.000005,0.009333
AAATAACCATACGGGA-1,0.000022,0.000022,0.001865,0.364664,0.361048,0.272378
AAATAAGGTAGTGCCC-1,0.000032,0.000032,0.010436,0.628955,0.051067,0.309478
AAATACCTATAAGCAT-1,0.000024,0.000024,0.000024,0.785267,0.02812,0.186543
AAATAGCTTAGACTTT-1,0.000013,0.000013,0.002196,0.739884,0.000013,0.257879
AAATAGGGTGCTATTG-1,0.00003,0.00003,0.00003,0.560945,0.159361,0.279604
AAATCCGATACACGCC-1,0.000013,0.000013,0.083794,0.79085,0.011922,0.113409
AAATCGCGGAAGGAGT-1,0.000062,0.000062,0.000062,0.008323,0.277541,0.713952
AAATCGTGTACCACAA-1,0.000012,0.000012,0.002143,0.53946,0.058797,0.399576
AAATCTAGCCCTGCTA-1,0.000016,0.000016,0.010455,0.562798,0.123126,0.30359
AAATGATTCGATCAGC-1,0.000027,0.000027,0.007177,0.660448,0.117121,0.2152
AAATGCTCGTTACGTT-1,0.00011,0.00011,0.00011,0.480725,0.00011,0.518834
AAATGGCATGTCTTGT-1,0.000048,0.000048,0.000048,0.000287,0.000048,0.999522
AAATGGCCCGTGCCCT-1,0.000025,0.000025,0.047632,0.582856,0.000025,0.369437
AAATGGTCAATGTGCC-1,0.000072,0.000072,0.551534,0.292687,0.15542,0.000216
AAATGTATCTTATCCC-1,0.000011,0.000011,0.000011,0.17316,0.000011,0.826797
AAATGTGGGTGCTCCT-1,0.000074,0.000074,0.000074,0.589632,0.03118,0.378966
AAATTAACGGGTAGCT-1,0.000034,0.000034,0.000034,0.018324,0.000034,0.981541
AAATTAATAAGCGCGA-1,0.000014,0.000014,0.004877,0.247148,0.025316,0.722631
AAATTACACGACTCTG-1,0.000081,0.000081,0.000081,0.000487,0.000081,0.999188
AAATTACCTATCGATG-1,0.000026,0.000026,0.006777,0.570217,0.000026,0.422929
AAATTCCAGGTCCAAA-1,0.000017,0.000017,0.087504,0.489343,0.153196,0.269923
AAATTGATAGTCCTTT-1,0.000016,0.000016,0.517777,0.465361,0.006964,0.009866
AAATTGCGGCGGTTCT-1,0.000039,0.000039,0.000039,0.110265,0.220402,0.669216
AAATTGGTGAGAAGCA-1,0.00002,0.00002,0.013752,0.83883,0.041226,0.106153
AAATTTACCGAAATCC-1,0.000036,0.000036,0.018919,0.218913,0.457205,0.304892
AAATTTGCGGGTGTGG-1,0.000031,0.000031,0.007084,0.277915,0.015942,0.698998
AACAACTGGTAGTTGC-1,0.000024,0.000024,0.054012,0.581036,0.000024,0.364879
AACAATTACTCTACGC-1,0.000005,0.000005,0.000005,0.98419,0.000005,0.015791
AACACACGCTCGCCGC-1,0.000005,0.000005,0.000747,0.914065,0.000005,0.085174
AACACGACTGTACTGA-1,0.000027,0.000027,0.010237,0.126066,0.318007,0.545635
AACACGAGACGCGGCC-1,0.000013,0.000013,0.044405,0.604781,0.079545,0.271243
AACACGCGGCCGCGAA-1,0.000006,0.000006,0.000006,0.938219,0.061746,0.000018
AACAGCTGTGTGGCAA-1,0.000023,0.035946,0.07409,0.720763,0.00016,0.169019
AACAGGAAATCGAATA-1,0.000026,0.000026,0.000026,0.008901,0.140167,0.850854
AACAGGATGGGCCGCG-1,0.000021,0.000021,0.000021,0.280944,0.000021,0.71897
AACAGGTAGTATGGAT-1,0.000015,0.000015,0.102327,0.725727,0.034043,0.137873
AACATAGCGTGTATCG-1,0.000032,0.000032,0.000032,0.623406,0.000032,0.376468
AACATATCAACTGGTG-1,0.000014,0.000014,0.001313,0.717799,0.004337,0.276524
AACATCGATACGTCTA-1,0.000021,0.000021,0.00173,0.706503,0.013429,0.278295
AACATTGGTCAGCCGT-1,0.000033,0.000033,0.014246,0.161488,0.225555,0.598644
AACATTGTGACTCGAG-1,0.000029,0.000029,0.02067,0.388742,0.071579,0.518952
AACCAAGACTTCTCTG-1,0.000015,0.000015,0.000015,0.59606,0.000015,0.403882
AACCAGTATCACTCTT-1,0.000078,0.000078,0.000078,0.117811,0.000078,0.881875
AACCATGGGATCGCTA-1,0.000065,0.000065,0.091859,0.162868,0.000065,0.745079
AACCCAGAGACGGAGA-1,0.000049,0.000049,0.000049,0.319148,0.000049,0.680656
AACCCATCCCATGATC-1,0.000012,0.000012,0.03297,0.949668,0.007925,0.009413
AACCCGAGCAGAATCG-1,0.000024,0.000024,0.13362,0.467379,0.000024,0.39893
AACCCTACTGTCAATA-1,0.00001,0.00001,0.010353,0.557249,0.03689,0.395488
AACCCTGGTGGAACCA-1,0.000032,0.000032,0.03388,0.043553,0.000032,0.92247
AACCGAGCTTGGTCAT-1,0.000027,0.000027,0.000027,0.057878,0.015385,0.926657
AACCGCTAAGGGATGC-1,0.000011,0.000011,0.013036,0.781208,0.000011,0.205723
AACCGTTGTGTTTGCT-1,0.000051,0.000051,0.011697,0.006252,0.080024,0.901925
AACCTCGCTTTAGCCC-1,0.000007,0.000007,0.009326,0.917516,0.020638,0.052507
AACCTGTCACGGAATT-1,0.000061,0.008821,0.000061,0.169724,0.474427,0.346906
AACCTTTAAATACGGT-1,0.000023,0.000023,0.000023,0.050062,0.000023,0.949845
AACCTTTACGACGTCT-1,0.000061,0.000061,0.000061,0.163424,0.000061,0.836332
AACGAAAGTCGTCCCA-1,0.00033,0.00033,0.00033,0.135023,0.00033,0.863657
AACGATAATGCCGTAG-1,0.00003,0.00003,0.005533,0.245975,0.00003,0.748402
AACGATAGAAGGGCCG-1,0.000019,0.000019,0.027322,0.153695,0.012232,0.806714
AACGATATGTCAACTG-1,0.000013,0.000013,0.010013,0.630476,0.001419,0.358066
AACGCATGATCTGGGT-1,0.000137,0.000137,0.000137,0.41281,0.000137,0.586641
AACGCGAACGGCAACA-1,0.000035,0.000035,0.000035,0.16765,0.001093,0.831153
AACGCGACCTTGGGCG-1,0.000179,0.430466,0.000179,0.047756,0.000179,0.521241
AACGCGGTCTCCAGCC-1,0.000046,0.000046,0.001125,0.08013,0.053682,0.864971
AACGCTGTTGCTGAAA-1,0.00002,0.00002,0.023808,0.526864,0.02495,0.424339
AACGGACGTACGTATA-1,0.000011,0.000011,0.012132,0.827426,0.000014,0.160405
AACGGCCATCTCCGGT-1,0.000023,0.000023,0.040885,0.4365,0.007584,0.514985
AACGTACTGTGGGTAC-1,0.000027,0.000027,0.016444,0.650166,0.000027,0.33331
AACGTAGTCTACCCAT-1,0.000079,0.000079,0.001162,0.776427,0.000079,0.222174
AACGTCAGACTAGTGG-1,0.000014,0.000014,0.021449,0.875797,0.000014,0.102712
AACGTGATGAAGGACA-1,0.000049,0.000049,0.000049,0.000292,0.000049,0.999514
AACGTGCGAAAGTCTC-1,0.000022,0.000022,0.003183,0.179683,0.21083,0.606261
AACGTTATCAGCACCT-1,0.00021,0.00021,0.00021,0.216033,0.00021,0.783128
AACTACCCGTTTGTCA-1,0.000025,0.001809,0.110115,0.381149,0.000025,0.506878
AACTAGCGTATCGCAC-1,0.000156,0.000156,0.000156,0.919169,0.000156,0.080208
AACTAGGCTTGGGTGT-1,0.000031,0.000031,0.000031,0.000188,0.971535,0.028183
AACTCAAGTTAATTGC-1,0.000018,0.000018,0.036457,0.561514,0.015165,0.386829
AACTCCAGAGCGTGTT-1,0.000012,0.000012,0.013608,0.95943,0.00084,0.026098
AACTCCTAATCCCATG-1,0.000163,0.000163,0.00756,0.617344,0.000163,0.374607
AACTCGATAAACACGT-1,0.000028,0.000028,0.013696,0.079767,0.424791,0.48169
AACTCGATGGCGCAGT-1,0.000065,0.000065,0.036197,0.031162,0.000065,0.932447
AACTCTCAATAGAGCG-1,0.000013,0.000013,0.031424,0.536093,0.053178,0.37928
AACTCTCAGTGTGCTC-1,0.000042,0.000042,0.158805,0.522584,0.000042,0.318486
AACTGAGGTCAGCGTC-1,0.000015,0.000015,0.024561,0.901761,0.001157,0.07249
AACTGAGTTATACTGA-1,0.000037,0.234312,0.460925,0.229444,0.000037,0.075245
AACTGATATTAGGCCT-1,0.000037,0.000037,0.000037,0.000219,0.000037,0.999635
AACTGGGTCCCGACGT-1,0.000034,0.000034,0.000034,0.000207,0.240678,0.759012
AACTGGTGTGGGCCTT-1,0.000055,0.000055,0.000055,0.47243,0.000055,0.527349
AACTTCTGCGTCTATC-1,0.000044,0.000044,0.000044,0.724854,0.000044,0.274971
AACTTGCCCGTATGCA-1,0.000015,0.000015,0.007592,0.58828,0.000576,0.403522
AACTTGCGTTCTCGCG-1,0.000157,0.000157,0.000157,0.709305,0.000157,0.290066
AACTTTACGGGAGCTT-1,0.000038,0.000038,0.000038,0.13362,0.045126,0.82114
AACTTTAGCTGCTGAG-1,0.000278,0.000278,0.000278,0.652802,0.000278,0.346087
AACTTTCTCGATCATG-1,0.000028,0.000028,0.035324,0.810623,0.000028,0.153968
AAGAAGGATCAGTTAG-1,0.000022,0.000022,0.000022,0.972057,0.023918,0.00396
AAGACCAAATAACTCA-1,0.000191,0.000191,0.000191,0.479873,0.148273,0.371281
AAGACCCAACTGAACA-1,0.000004,0.000004,0.007828,0.455689,0.008394,0.528083
AAGACTAACCCGTTGT-1,0.000025,0.000025,0.000025,0.133409,0.28195,0.584566
AAGACTGCAAGCTACT-1,0.000019,0.000019,0.000019,0.335204,0.111664,0.553076
AAGAGATGAATCGGTA-1,0.000016,0.000016,0.000016,0.794985,0.000016,0.204952
AAGAGCTCTTTATCGG-1,0.000225,0.000225,0.000225,0.453082,0.000225,0.546018
AAGAGGATGTACGCGA-1,0.000036,0.000036,0.000036,0.413198,0.000036,0.58666
AAGAGGCATGGATCGC-1,0.000013,0.000013,0.007632,0.946677,0.000708,0.044957
AAGAGGCCCTTTGGAA-1,0.000024,0.000024,0.034933,0.687779,0.003793,0.273446
AAGATTGGCGGAACGT-1,0.000021,0.000021,0.000021,0.805607,0.000021,0.194309
AAGCACCCTGCGTATC-1,0.000016,0.000016,0.020999,0.638896,0.000016,0.340056
AAGCATACTCTCCTGA-1,0.000049,0.000049,0.013854,0.060664,0.000049,0.925336
AAGCCGAAGCGGTTTA-1,0.000023,0.000023,0.04026,0.468909,0.000023,0.490762
AAGCCGCTTTACCTTG-1,0.000046,0.000046,0.022273,0.753743,0.000046,0.223845
AAGCGCAGGGCTTTGA-1,0.000015,0.000015,0.007139,0.522926,0.010098,0.459806
AAGCGGCGTCATGGGT-1,0.000128,0.038319,0.000128,0.081963,0.000128,0.879332
AAGCGTCCCTCATCGA-1,0.000028,0.013859,0.18319,0.682635,0.018215,0.102073
AAGCTAGATCGAGTAA-1,0.000018,0.000018,0.000018,0.518123,0.077243,0.404579
AAGCTCGTGCCAAGTC-1,0.000052,0.000052,0.008664,0.561668,0.004477,0.425086
AAGCTCTTTCATGGTG-1,0.000019,0.000019,0.001521,0.82844,0.000019,0.169984
AAGGAGAACTTATAAG-1,0.000133,0.000133,0.014892,0.503348,0.208562,0.272931
AAGGAGCGGTTGGTGC-1,0.000015,0.000015,0.135925,0.43202,0.049458,0.382567
AAGGATCGATCGCTTG-1,0.000022,0.000022,0.037001,0.45465,0.000022,0.508282
AAGGATGAGGGACCTC-1,0.00009,0.00009,0.03867,0.408614,0.501789,0.050747
AAGGCAGGCTGTCTCC-1,0.000008,0.000008,0.778109,0.221845,0.000008,0.000023
AAGGCGCGTAAAGCTT-1,0.000013,0.000013,0.000013,0.814838,0.000013,0.185111
AAGGCTGTGCTCATCG-1,0.000021,0.000021,0.025904,0.653898,0.000021,0.320134
AAGGGAACGACTGGCT-1,0.000009,0.000009,0.026051,0.609534,0.000767,0.36363
AAGGGACAGATTCTGT-1,0.000016,0.000016,0.000016,0.996478,0.002666,0.000808
AAGGGACTATGCATTC-1,0.000024,0.000024,0.011806,0.465845,0.005415,0.516887
AAGGGTTTGATTTCAG-1,0.000248,0.087349,0.06396,0.286847,0.234191,0.327404
AAGGTATCCTAATATA-1,0.00005,0.00005,0.00005,0.267942,0.014385,0.717522
AAGGTGATAAACCAGC-1,0.000007,0.000007,0.011864,0.918463,0.011058,0.058601
AAGTAAGCTTCCAAAC-1,0.000175,0.000175,0.000175,0.459107,0.000175,0.540193
AAGTAGAAGACCGGGT-1,0.000014,0.000014,0.017941,0.771009,0.000014,0.211008
AAGTAGTGACGCGAGG-1,0.000011,0.000011,0.000011,0.925418,0.000011,0.074537
AAGTCAATTGTCGTCA-1,0.000014,0.000014,0.021066,0.675329,0.007615,0.295963
AAGTCTAGTAGCTGCC-1,0.000052,0.000052,0.024582,0.710976,0.053693,0.210645
AAGTCTTCTGTGGCCT-1,0.000108,0.000108,0.023534,0.481665,0.00886,0.485724
AAGTGACGACCGAATT-1,0.00002,0.00002,0.001971,0.50327,0.017704,0.477015
AAGTGCAAAGGTAGAC-1,0.000129,0.000129,0.121376,0.006394,0.026503,0.845469
AAGTGCCTTGACTGTA-1,0.000019,0.000019,0.015681,0.586121,0.014858,0.383302
AAGTGCGTTAGAATCT-1,0.000022,0.000022,0.057342,0.663071,0.000022,0.279521
AAGTGTTTGGAGACGG-1,0.000024,0.000024,0.014445,0.905104,0.000024,0.080381
AAGTTCACTCCAAGCT-1,0.00002,0.00002,0.026383,0.750385,0.00002,0.223173
AAGTTCAGTCTGCGTA-1,0.000056,0.000056,0.000056,0.301017,0.000056,0.698761
AAGTTCGGCCAACAGG-1,0.000025,0.000025,0.053025,0.634946,0.000025,0.311954
AAGTTGTGATGTTATA-1,0.000019,0.004577,0.595995,0.2121,0.000019,0.18729
AAGTTTACTAATGGCA-1,0.000038,0.000038,0.000038,0.725215,0.000038,0.274632
AAGTTTATGGGCCCAA-1,0.00003,0.00003,0.001891,0.481995,0.09151,0.424545
AATAACAACGCTCGGC-1,0.00002,0.00002,0.020087,0.419082,0.002071,0.558719
AATAACACTAGAACAA-1,0.000021,0.000021,0.05375,0.59021,0.000021,0.355978
AATAAGTCCTCGAGAC-1,0.000039,0.000039,0.000039,0.000233,0.007584,0.992067
AATACAATGTTTCAGG-1,0.000088,0.000088,0.000088,0.648873,0.000088,0.350775
AATAGAACAGAGTGGC-1,0.00002,0.00002,0.18101,0.425395,0.003743,0.389811
AATAGAATCTGTTTCA-1,0.000014,0.000014,0.026656,0.590149,0.000014,0.383155
AATAGCAAGCCTCCTG-1,0.000019,0.000019,0.008623,0.591132,0.154287,0.245919
AATAGCTACCGCGTGC-1,0.000017,0.000017,0.030817,0.939238,0.022826,0.007086
AATAGTCCGTCCCGAC-1,0.000015,0.000015,0.013298,0.099126,0.04377,0.843776
AATAGTCGCGAGTCGG-1,0.000025,0.000025,0.000025,0.227918,0.014535,0.757471
AATATCAAGGTCGGAT-1,0.00011,0.00011,0.014078,0.607087,0.00011,0.378505
AATATCCTAGCAAACT-1,0.000041,0.000041,0.007534,0.180294,0.111796,0.700295
AATATCGAATCAATGC-1,0.000014,0.000014,0.00473,0.812719,0.000014,0.182508
AATATCGAGGGTTCTC-1,0.000023,0.000023,0.011398,0.541401,0.005454,0.441701
AATATTGGAGTATTGA-1,0.000028,0.000028,0.000028,0.593093,0.000028,0.406793
AATCAGACTGCAGGAC-1,0.000021,0.000021,0.000021,0.450611,0.018162,0.531165
AATCATGTAAAGACTC-1,0.000011,0.000011,0.026995,0.736407,0.001144,0.235432
AATCCAAGGGCCTGAG-1,0.000014,0.000014,0.000014,0.720667,0.000014,0.279277
AATCCATGCAAGGGTG-1,0.000038,0.000038,0.000038,0.00023,0.000038,0.999617
AATCGCCTCAGCGCCA-1,0.000027,0.000027,0.000027,0.495059,0.107818,0.397043
AATCGCGCAGAGGACT-1,0.00002,0.00002,0.182549,0.567015,0.019444,0.230952
AATCGGGACACTACGA-1,0.000042,0.000042,0.000042,0.040547,0.000578,0.95875
AATCGTGAGCCGAGCA-1,0.000011,0.000011,0.020433,0.792371,0.000011,0.187162
AATCTAGGTTTACTTG-1,0.000017,0.000017,0.012568,0.904623,0.002956,0.079819
AATCTATGCCGGAGCC-1,0.000015,0.000015,0.022166,0.790682,0.000015,0.187108
AATCTCTACTGTGGTT-1,0.000029,0.000029,0.000029,0.833797,0.000029,0.166087
AATCTGCGTTGGGACG-1,0.000011,0.000011,0.0168,0.811617,0.003429,0.168132
AATCTGGCTTTCTAGT-1,0.000014,0.000014,0.021892,0.943911,0.021166,0.013005
AATCTGGGTAGACCCT-1,0.000145,0.000145,0.000145,0.499609,0.000145,0.499809
AATGACAGCAATGTCT-1,0.000021,0.000021,0.048777,0.609826,0.001591,0.339763
AATGACGTAGGATGTC-1,0.000035,0.000035,0.001874,0.305515,0.001458,0.691082
AATGACTGTCAGCCGG-1,0.000011,0.000011,0.059442,0.808767,0.011534,0.120236
AATGAGTTCGCATATG-1,0.000045,0.000045,0.000045,0.953114,0.000045,0.046708
AATGATGATACGCTAT-1,0.00011,0.00011,0.00011,0.458948,0.245541,0.295181
AATGATGCGACTCCTG-1,0.00001,0.00001,0.000216,0.874295,0.006672,0.118798
AATGCAACCGGGTACC-1,0.000008,0.000008,0.000008,0.938715,0.016299,0.044961
AATGCACCAAGCAATG-1,0.000012,0.000012,0.000012,0.976679,0.004313,0.018972
AATGGTCCACCGTTCA-1,0.000025,0.000025,0.022268,0.454237,0.032829,0.490616
AATGGTTCTCACAAGC-1,0.000011,0.000011,0.002242,0.820959,0.000011,0.176768
AATGTGCCCGAGGTGT-1,0.000024,0.000024,0.141829,0.66701,0.000024,0.19109
AATTAAAGGTCGGCGT-1,0.000012,0.000012,0.570222,0.12562,0.000012,0.304124
AATTAACGGATTTCCA-1,0.00003,0.00003,0.00003,0.220941,0.433514,0.345456
AATTACGAGACCCATC-1,0.000055,0.000055,0.000055,0.000331,0.997279,0.002224
AATTACTCGTACGCTC-1,0.000121,0.000121,0.000121,0.449701,0.000121,0.549813
AATTAGCGCTGCAGCG-1,0.000022,0.000022,0.030907,0.105048,0.203306,0.660696
AATTCATAAGGGATCT-1,0.000068,0.000068,0.000068,0.175535,0.018833,0.805428
AATTCATTGTCATGCA-1,0.000257,0.000257,0.000257,0.132064,0.150211,0.716954
AATTCCAACTTGGTGA-1,0.000038,0.000038,0.000038,0.220201,0.087516,0.69217
AATTCCAAGCATGTAC-1,0.000027,0.000027,0.011778,0.000162,0.98789,0.000116
AATTCGATTCGAGGAT-1,0.000014,0.000014,0.002255,0.866225,0.004879,0.126613
AATTCTAGAGTTAGGC-1,0.000014,0.000014,0.000014,0.769171,0.183904,0.046884
AATTGAACGCTCTGGT-1,0.000009,0.000009,0.001491,0.822573,0.000009,0.175909
AATTGCAGCAATCGAC-1,0.000019,0.007431,0.097682,0.669818,0.051086,0.173965
AATTGTGGTTGCCAAA-1,0.000014,0.040085,0.292665,0.369735,0.011035,0.286466
AATTTGGGACATAGTA-1,0.000024,0.000024,0.000024,0.918154,0.000024,0.081752
AATTTGGTTCCAAAGA-1,0.000016,0.000016,0.000016,0.139682,0.193257,0.667014
ACAAAGAAGGTAGGCC-1,0.00001,0.00001,0.001631,0.905586,0.006608,0.086154
ACAAAGCATGACCTAG-1,0.000013,0.000013,0.078731,0.705118,0.003838,0.212287
ACAAATCGCACCGAAT-1,0.000009,0.000009,0.005047,0.963174,0.002211,0.02955
ACAAATGGTAGTGTTT-1,0.000008,0.000008,0.01498,0.939696,0.000439,0.044868
ACAAATTCAGATCTGA-1,0.000014,0.000014,0.003565,0.996354,0.000014,0.000041
ACAACAGCATGAGCTA-1,0.00004,0.00004,0.00004,0.000237,0.00004,0.999604
ACAACGGTCCCTGCGA-1,0.000014,0.000014,0.005689,0.671785,0.000014,0.322483
ACAAGCAGTGCCTAGC-1,0.000019,0.000019,0.012266,0.202511,0.000019,0.785168
ACAAGCTATATGGAAG-1,0.000058,0.000058,0.000058,0.221117,0.000058,0.778651
ACAAGGAAATCCGCCC-1,0.000022,0.000022,0.006321,0.597609,0.000022,0.396003
ACAAGGACAAGAGGTT-1,0.000016,0.000016,0.002471,0.411507,0.000016,0.585974
ACAAGGATGCTTTAGG-1,0.000004,0.000004,0.017689,0.976199,0.006094,0.000011
ACAAGGGCAGGCTCTG-1,0.000055,0.000055,0.000055,0.314128,0.000055,0.685654
ACAATAGTCGTACGTT-1,0.000044,0.000044,0.023606,0.344155,0.000044,0.632106
ACAATCCATTTAAACC-1,0.000015,0.000015,0.000015,0.616032,0.000015,0.383908
ACAATGAATACGGAGA-1,0.000018,0.000018,0.044464,0.680269,0.061917,0.213315
ACAATGATTCTTCTAC-1,0.000022,0.000022,0.000215,0.818909,0.006767,0.174066
ACAATTGTGTCTCTTT-1,0.000018,0.000018,0.000107,0.531272,0.000018,0.468567
ACAATTTAGGAGGCTC-1,0.000048,0.000048,0.000048,0.842839,0.047061,0.109956
ACAATTTGAGCAGTGG-1,0.000014,0.000014,0.000014,0.967093,0.000014,0.032852
ACAATTTGGCCATATT-1,0.000145,0.000145,0.348345,0.351976,0.000145,0.299245
ACACAAAGACGGGTGG-1,0.000015,0.000015,0.000015,0.239103,0.000189,0.760663
ACACAAATATTCCTAG-1,0.000011,0.000011,0.02619,0.842258,0.112162,0.019369
ACACACCAGGACCAGT-1,0.000008,0.000008,0.013677,0.846419,0.000008,0.139881
ACACACTTTCTACACG-1,0.000039,0.000039,0.060246,0.109142,0.137703,0.692831
ACACATGATCAAATCT-1,0.000017,0.000017,0.00274,0.518563,0.011208,0.467455
ACACATTGACGCAACA-1,0.000026,0.000026,0.000026,0.360025,0.270629,0.369268
ACACATTTCCGTAGAC-1,0.000028,0.000028,0.012222,0.73458,0.024722,0.228419
ACACCACATAATTAGC-1,0.000015,0.000015,0.021498,0.767216,0.102103,0.109153
ACACCCAGCATGCAGC-1,0.000071,0.000071,0.086831,0.155613,0.191714,0.565701
ACACCCGAGAAATCCG-1,0.000013,0.000013,0.099045,0.468443,0.000013,0.432472
ACACCGAGCGCTCTTT-1,0.00004,0.00004,0.00004,0.00024,0.00004,0.999601
ACACCTTAAGTAGGGC-1,0.000017,0.000017,0.013431,0.847752,0.00597,0.132813
ACACCTTACTACTTGC-1,0.00002,0.00002,0.066782,0.647539,0.00002,0.285617
ACACGAGACTCCTTCT-1,0.000035,0.000035,0.000035,0.000211,0.000035,0.999648
ACACGGCACTATGCAT-1,0.000022,0.000022,0.000022,0.005532,0.401183,0.593218
ACACGGGAACTTAGGG-1,0.000033,0.000033,0.000033,0.034277,0.077424,0.888201
ACACGTAGGCCACAAG-1,0.000026,0.000026,0.021671,0.63937,0.000026,0.33888
ACACTCCAATGTCACT-1,0.00062,0.00062,0.00062,0.190755,0.00062,0.806763
ACACTGATCAAGGTGT-1,0.00003,0.00003,0.319268,0.275813,0.249745,0.155115
ACACTGGGACAGTCGT-1,0.000014,0.000014,0.691828,0.286024,0.009229,0.012891
ACAGAACTGAGAACAA-1,0.000012,0.000012,0.110524,0.782557,0.001063,0.105832
ACAGATTAGGTTAGTG-1,0.000455,0.000455,0.059983,0.002731,0.000455,0.935921
ACAGCATAGAGCCAGT-1,0.00002,0.00002,0.00002,0.066643,0.0147,0.918596
ACAGCGACATTCTCAT-1,0.000019,0.001327,0.013815,0.660085,0.153802,0.170952
ACAGCGCACCCGCAGC-1,0.000035,0.000035,0.000035,0.000212,0.31275,0.686931
ACAGGAGGCGCAGCCG-1,0.000152,0.000152,0.000152,0.000912,0.095455,0.903177
ACAGGCACGGATCCTT-1,0.000022,0.093781,0.048243,0.67654,0.001216,0.180198
ACAGGCTTGCCCGACT-1,0.000015,0.000015,0.028399,0.655597,0.031825,0.28415
ACAGGTGGAGGTGAGG-1,0.000025,0.000025,0.056051,0.359326,0.081727,0.502846
ACAGGTGTGTTGTTGC-1,0.000029,0.000029,0.000029,0.797282,0.000029,0.202604
ACAGTAATACAACTTG-1,0.000044,0.000044,0.175975,0.509312,0.000044,0.31458
ACAGTATACCGTGGGA-1,0.000022,0.000022,0.058785,0.659295,0.01734,0.264537
ACATAAGTCGTGGTGA-1,0.000372,0.000372,0.000372,0.262142,0.000372,0.736371
ACATAATAAGGCGGTG-1,0.000026,0.000026,0.005284,0.038965,0.448877,0.506822
ACATCAGCTGGGACGC-1,0.000057,0.000057,0.000057,0.464586,0.000057,0.535187
ACATCCCGGCCATACG-1,0.000018,0.000018,0.012233,0.016415,0.106354,0.864961
ACATCCTGGTAACTGT-1,0.000009,0.000009,0.0001,0.874673,0.000009,0.125199
ACATCGATCGTTTACC-1,0.000035,0.000035,0.000035,0.219781,0.317299,0.462814
ACATCGGTCAGCCGCG-1,0.000045,0.000045,0.070189,0.184683,0.004875,0.740164
ACATCGTATGCAATGG-1,0.000012,0.000012,0.003853,0.738252,0.000012,0.257861
ACATCGTTAACCTAGT-1,0.000061,0.000061,0.047023,0.011097,0.251288,0.690471
ACATCTCAACGCGTAA-1,0.000175,0.069614,0.000175,0.15387,0.189787,0.586378
ACATGGCGCCAAAGTA-1,0.000016,0.000016,0.004891,0.560022,0.000016,0.435039
ACATGGCTCAATTTAG-1,0.000043,0.000043,0.005278,0.144082,0.071062,0.779492
ACATTAGTTTATATCC-1,0.000032,0.000032,0.000032,0.634899,0.008284,0.356721
ACCAAACACCCAGCGA-1,0.000016,0.000016,0.022048,0.74551,0.007714,0.224697
ACCAACACCACACACT-1,0.000027,0.000027,0.016963,0.510298,0.008337,0.464348
ACCAACCGCACTCCAC-1,0.000007,0.000007,0.924147,0.073746,0.002074,0.00002
ACCAACGCTTATTTAT-1,0.000031,0.000031,0.472243,0.141709,0.09606,0.289927
ACCAAGAACGCGTGTC-1,0.000017,0.000017,0.016223,0.37671,0.000772,0.60626
ACCAATATGCAAGTTA-1,0.000028,0.000028,0.000458,0.564013,0.000028,0.435445
ACCACAACTCAGAACA-1,0.000027,0.000027,0.000027,0.000161,0.401168,0.59859
ACCACAAGTTTCTATC-1,0.000015,0.000015,0.0452,0.240464,0.017978,0.696328
ACCACCAATGTAACAA-1,0.000017,0.000017,0.023003,0.498623,0.000017,0.478323
ACCACCCTCTCTTCTA-1,0.00002,0.00002,0.088281,0.506348,0.039532,0.3658
ACCACGTGCAGCTATA-1,0.000025,0.000025,0.052684,0.439522,0.000955,0.50679
ACCACTGTTCAAGAAG-1,0.000026,0.000026,0.000026,0.114078,0.27394,0.611905
ACCAGACCATAACAAC-1,0.000043,0.000043,0.000043,0.145513,0.000043,0.854314
ACCAGCCCGGTCTTTG-1,0.000227,0.025137,0.000227,0.2556,0.000227,0.718583
ACCAGGAGTGTGATCT-1,0.295269,0.000106,0.012481,0.263562,0.119415,0.309167
ACCAGTGCCCGGTCAA-1,0.000053,0.000053,0.058483,0.360788,0.000053,0.58057
ACCAGTGCGGGAGACG-1,0.000014,0.000014,0.004291,0.786495,0.012545,0.19664
ACCATATCCGCAATAA-1,0.000023,0.000023,0.000023,0.143952,0.000023,0.855954
ACCATCCGCCAACTAG-1,0.000027,0.000027,0.000027,0.886624,0.000027,0.113269
ACCATCGTATATGGTA-1,0.000043,0.000043,0.031177,0.2221,0.000043,0.746596
ACCATTAAGGGTGTCA-1,0.000052,0.000052,0.000052,0.00031,0.009811,0.989724
ACCCAACGCCCGTGGC-1,0.000253,0.000253,0.000253,0.091568,0.000253,0.907419
ACCCACCTACATGCTC-1,0.000021,0.000021,0.000021,0.423684,0.000021,0.576231
ACCCATCTTGAGGGTA-1,0.000031,0.000031,0.025164,0.503874,0.000031,0.470869
ACCCATTTGTCCCTCT-1,0.000022,0.000022,0.027514,0.693358,0.003709,0.275374
ACCCGGAAACTCCCAG-1,0.000026,0.000026,0.000026,0.480713,0.048187,0.471023
ACCCGGAGCACCACAA-1,0.000024,0.009477,0.29291,0.360726,0.196652,0.140211
ACCCGGATGACGCATC-1,0.000015,0.000015,0.016077,0.638812,0.022442,0.322638
ACCCGGTTACACTTCC-1,0.00003,0.00003,0.076401,0.521645,0.218285,0.183609
ACCCGTGTCATCAGTA-1,0.000012,0.000012,0.012046,0.494796,0.007076,0.486059
ACCCTATAGGACTGAG-1,0.000127,0.000127,0.000127,0.309179,0.147214,0.543226
ACCCTATGCCATATCG-1,0.000013,0.000013,0.959594,0.040326,0.000013,0.00004
ACCCTCCCTTGCTATT-1,0.000015,0.000015,0.022126,0.704804,0.01345,0.259589
ACCCTGGTAACGCCCT-1,0.000033,0.000033,0.061044,0.688905,0.000033,0.249951
ACCCTTCATCTGCGAA-1,0.00002,0.00002,0.00002,0.778159,0.009369,0.212413
ACCCTTGCCTGGGTCG-1,0.000051,0.003934,0.026255,0.732936,0.026298,0.210526
ACCCTTTAGTTCTCCA-1,0.000029,0.000029,0.000029,0.237228,0.34294,0.419745
ACCGAAAGGGCCCTGC-1,0.000038,0.000038,0.000038,0.00023,0.112248,0.887407
ACCGAAGAGTCTGGTT-1,0.000027,0.000027,0.012467,0.533486,0.015771,0.438221
ACCGACACATCTCCCA-1,0.00001,0.00001,0.01407,0.783612,0.096846,0.105452
ACCGACTGAGTCCCAC-1,0.000019,0.000019,0.008303,0.000117,0.29226,0.699281
ACCGAGTCTCCTTATT-1,0.00001,0.00001,0.010303,0.837448,0.000023,0.152206
ACCGATAGGCATAACC-1,0.000012,0.000012,0.77608,0.148462,0.003982,0.071453
ACCGATGGTAGCATCG-1,0.000004,0.000004,0.00001,0.9251,0.000004,0.074879
ACCGCAATAACTGCCT-1,0.00002,0.00002,0.00002,0.911968,0.001825,0.086146
ACCGCGGTGGAAGTCG-1,0.000021,0.000021,0.001532,0.667861,0.020744,0.309822
ACCGGGCCTTTGTTGA-1,0.000011,0.000011,0.005582,0.785363,0.000011,0.209024
ACCGGTCAGGTACACC-1,0.000018,0.000018,0.022766,0.663472,0.003397,0.31033
ACCGTTCCCGCTCTGA-1,0.000095,0.000095,0.000095,0.000568,0.035605,0.963542
ACCTAAGTACCTTTCA-1,0.00002,0.00002,0.064069,0.727722,0.00002,0.20815
ACCTAATCGACTTCCT-1,0.000016,0.000016,0.071977,0.533472,0.000016,0.394503
ACCTACAGTATGTGGT-1,0.000026,0.000026,0.098647,0.62476,0.013161,0.26338
ACCTACTATAAATCTA-1,0.000029,0.000029,0.049475,0.107195,0.141961,0.701311
ACCTCCGCCCTCGCTG-1,0.00002,0.008346,0.014533,0.774309,0.039787,0.163004
ACCTCCGTTATTCACC-1,0.000017,0.000017,0.026511,0.768556,0.000017,0.204883
ACCTGCGTGTCATGTT-1,0.000031,0.000031,0.006046,0.684878,0.000031,0.308983
ACGAAATGGGCGGCAC-1,0.000017,0.000017,0.000017,0.50553,0.000017,0.494404
ACGACCCATGAGTTGC-1,0.000054,0.062876,0.320977,0.399384,0.07361,0.143099
ACGACTCTAGGGCCGA-1,0.000036,0.022698,0.061101,0.702979,0.017444,0.195743
ACGAGAACCCATCACG-1,0.000037,0.000037,0.000037,0.003065,0.571812,0.425012
ACGAGATATTTGCTTA-1,0.000028,0.000028,0.000028,0.00017,0.755736,0.244009
ACGAGGATACCACTCT-1,0.000024,0.000024,0.035603,0.730546,0.012247,0.221556
ACGAGGTTTACAACGT-1,0.000009,0.000009,0.003312,0.892251,0.036327,0.068092
ACGAGTACGGATGCCC-1,0.000017,0.000017,0.003958,0.780782,0.000017,0.215208
ACGAGTCGCCGGCGTT-1,0.00004,0.00004,0.00004,0.00024,0.00004,0.9996
ACGATACATAGAACTA-1,0.000013,0.000013,0.001595,0.793856,0.054353,0.150171
ACGATACCTATCCTGA-1,0.000053,0.000053,0.004376,0.229787,0.151514,0.614217
ACGATCATACATAGAG-1,0.000025,0.000025,0.009487,0.127791,0.290554,0.572119
ACGATCATCTTGTAAA-1,0.000014,0.000014,0.003487,0.690401,0.000014,0.30607
ACGATGCATATGTTAT-1,0.000033,0.000033,0.044913,0.385121,0.000033,0.569866
ACGATGGATCCGATGC-1,0.000031,0.000031,0.000031,0.023742,0.096476,0.879688
ACGCAATCACTACAGC-1,0.000008,0.000008,0.009832,0.968878,0.007322,0.013951
ACGCATAAATGACATG-1,0.000031,0.000031,0.058307,0.532203,0.019714,0.389713
ACGCATACGTTTACTA-1,0.000023,0.001664,0.009008,0.507685,0.00919,0.472429
ACGCATTCGTGAGTAC-1,0.000014,0.000014,0.000014,0.670898,0.031776,0.297282
ACGCCACTCGAAACAG-1,0.000057,0.000057,0.027225,0.35285,0.199122,0.420689
ACGCCAGATGATTTCT-1,0.000035,0.000035,0.000035,0.218056,0.000035,0.781804
ACGCCGCTAGACGACC-1,0.000029,0.000029,0.000029,0.151417,0.135217,0.713277
ACGCCTGACACGCGCT-1,0.000466,0.000466,0.000466,0.002797,0.000466,0.995338
ACGCGAAGTCAGACGA-1,0.000018,0.000018,0.013156,0.320851,0.043867,0.622089
ACGCGCTACACAGGGT-1,0.000012,0.000012,0.00248,0.839395,0.000012,0.15809
ACGCGGGCCAAGGACA-1,0.000014,0.000014,0.000014,0.889248,0.026017,0.084692
ACGCGTTTCTTAAGAG-1,0.000036,0.000036,0.002062,0.167396,0.292546,0.537923
ACGCTAGTGATACACT-1,0.000015,0.000015,0.017066,0.670585,0.000944,0.311375
ACGCTGTGAGGCGTAG-1,0.000042,0.000042,0.068814,0.284656,0.000042,0.646403
ACGGAATTTAGCAAAT-1,0.000015,0.000015,0.000015,0.93094,0.000015,0.069
ACGGACTCTCAAAGCG-1,0.000015,0.000015,0.032504,0.639957,0.009224,0.318285
ACGGAGCGCAAATTAC-1,0.000021,0.000021,0.000275,0.740042,0.095843,0.163797
ACGGATGGTGCGGATA-1,0.000018,0.000018,0.015158,0.561117,0.000018,0.42367
ACGGCACTTGCTTGGG-1,0.000031,0.000031,0.020317,0.08419,0.259175,0.636257
ACGGCCAACATGGACT-1,0.000016,0.000016,0.000016,0.340472,0.000016,0.659464
ACGGCGACGATGGGAA-1,0.000023,0.000023,0.006159,0.475982,0.000023,0.517791
ACGGCGGGTTGCCCTG-1,0.000042,0.000042,0.000042,0.000251,0.02083,0.978793
ACGGCTGGATGTAGAA-1,0.000065,0.000065,0.036484,0.654679,0.128943,0.179765
ACGGGAGTGTCGGCCC-1,0.00003,0.00003,0.067916,0.766935,0.00003,0.16506
ACGGGCGTATGCGACA-1,0.000039,0.000039,0.005348,0.508054,0.000039,0.486483
ACGGGTCATGTGACTT-1,0.00004,0.00004,0.000222,0.175721,0.000867,0.823109
ACGTACAGATTTCTCT-1,0.00002,0.00002,0.006591,0.362585,0.002661,0.628124
ACGTAGATTGCTGATG-1,0.000028,0.000028,0.000028,0.002818,0.010603,0.986495
ACGTAGGAGAGTCGCT-1,0.000023,0.000023,0.000023,0.000135,0.993746,0.006051
ACGTATTACTCCGATC-1,0.000018,0.000018,0.026152,0.507217,0.004967,0.461628
ACGTCTCGTTCCGGGA-1,0.000019,0.000019,0.000019,0.769041,0.011225,0.219676
ACGTGACAAAGTAAGT-1,0.000006,0.000006,0.018614,0.960391,0.007374,0.013608
ACGTGCGCCTCGTGCA-1,0.000072,0.000072,0.000072,0.000429,0.000072,0.999284
ACGTTAATGTCGAAGA-1,0.000037,0.000037,0.019529,0.078446,0.376017,0.525934
ACGTTAGATTTGCCCG-1,0.000047,0.000047,0.053156,0.459964,0.000047,0.48674
ACGTTATTGGTCACTC-1,0.000058,0.000058,0.000058,0.1249,0.06376,0.811166
ACGTTCCGCGCTCCGT-1,0.000785,0.000785,0.000785,0.00471,0.000785,0.992151
ACGTTCGCAATCAATT-1,0.000021,0.000021,0.012115,0.543256,0.009591,0.434995
ACGTTCTGTACAAGTC-1,0.000007,0.000007,0.984316,0.015643,0.000007,0.000021
ACGTTTAGTTGTGATC-1,0.000069,0.000069,0.000069,0.000412,0.208257,0.791125
ACTAATACGTCAGGCG-1,0.000207,0.000207,0.047403,0.320041,0.154798,0.477345
ACTACATCCCGACAAG-1,0.000032,0.000032,0.051818,0.491959,0.027326,0.428833
ACTACCAGCTCTCTGG-1,0.000019,0.000019,0.035032,0.915511,0.000019,0.049401
ACTACGCGTTAGAATT-1,0.000008,0.000008,0.012072,0.649712,0.000008,0.338191
ACTAGTTGCGATCGTC-1,0.000007,0.000007,0.000007,0.870861,0.000007,0.129111
ACTATATGCTGTGTTC-1,0.000043,0.000043,0.017235,0.959529,0.000043,0.023106
ACTATCCAGGGCATGG-1,0.00002,0.00002,0.01078,0.448061,0.00002,0.5411
ACTATCGCCGGCTAAA-1,0.000013,0.000013,0.006275,0.417602,0.010318,0.565779
ACTATCTGCCCGCGTA-1,0.000025,0.000025,0.106167,0.520112,0.019662,0.354009
ACTATGTCCAGCTGCC-1,0.00005,0.00005,0.057509,0.505982,0.011133,0.425275
ACTATTCGTCCGTGGT-1,0.000068,0.000068,0.000068,0.00041,0.000068,0.999317
ACTCAACGAATGTATT-1,0.000033,0.000033,0.016185,0.135781,0.225807,0.62216
ACTCAAGTGCAAGGCT-1,0.000006,0.000006,0.037,0.958082,0.004887,0.000018
ACTCAATAAAGGCACG-1,0.000028,0.000028,0.000028,0.004867,0.000028,0.995022
ACTCAGACCTGCTTCT-1,0.000088,0.000088,0.029974,0.580212,0.000088,0.38955
ACTCCCATTCCTAAAG-1,0.000029,0.000029,0.017516,0.456126,0.000029,0.52627
ACTCCCGAATTCGTTT-1,0.000016,0.000016,0.0222,0.669086,0.000016,0.308664
ACTCCCGTAGACTAGG-1,0.000012,0.000012,0.022339,0.7935,0.134839,0.049298
ACTCCCTAATGCTAAA-1,0.000016,0.000016,0.025838,0.62027,0.054154,0.299707
ACTCCCTAGAATAGTA-1,0.000041,0.000041,0.000041,0.31237,0.000041,0.687466
ACTCCGGCCGACCACT-1,0.000023,0.02304,0.017844,0.755528,0.060931,0.142633
ACTCGATGTATTTCAT-1,0.000389,0.000389,0.114561,0.202295,0.000389,0.681978
ACTCGTAACCCGTCCT-1,0.000026,0.000026,0.012815,0.726725,0.000026,0.260381
ACTCGTCAGTAATCCC-1,0.000024,0.000024,0.000024,0.592406,0.002777,0.404744
ACTCTAAACCTGGGAT-1,0.000015,0.000015,0.000015,0.413676,0.00032,0.585959
ACTCTCTGACTTAGGT-1,0.00003,0.00003,0.00003,0.493238,0.00003,0.50664
ACTCTCTTATACACGA-1,0.000044,0.000044,0.000044,0.00543,0.129391,0.865047
ACTCTGACCTAATAGA-1,0.00002,0.018836,0.088247,0.854626,0.013434,0.024837
ACTCTTGTATAGTAAC-1,0.000017,0.000017,0.000017,0.73282,0.000017,0.267111
ACTGAAACGCCGTTAG-1,0.000026,0.000026,0.016927,0.491095,0.004296,0.487631
ACTGAATGGCGAAAGT-1,0.000015,0.000015,0.005756,0.425375,0.014626,0.554213
ACTGATTTAGTGATTC-1,0.00019,0.00019,0.00019,0.230132,0.00019,0.769106
ACTGCCGTCGTAACTC-1,0.000032,0.000032,0.000032,0.000191,0.446546,0.553167
ACTGCGGACACACCGT-1,0.000055,0.000055,0.006119,0.233002,0.403957,0.356813
ACTGCTCGGAAGGATG-1,0.000018,0.000018,0.017657,0.618335,0.003536,0.360436
ACTGTACGATACACAT-1,0.000036,0.000036,0.000036,0.215568,0.000036,0.784287
ACTGTAGCACTTTGGA-1,0.000034,0.000034,0.000034,0.46793,0.000034,0.531933
ACTGTATACGCGAGCA-1,0.000024,0.000024,0.000024,0.479095,0.015894,0.50494
ACTGTCCAGGATTATA-1,0.000013,0.000013,0.037057,0.166582,0.000013,0.796321
ACTGTCTTCTTTAGAA-1,0.000027,0.000027,0.000027,0.211122,0.011518,0.777279
ACTGTGCTAGTAGATC-1,0.000195,0.000195,0.000195,0.367388,0.000195,0.631831
ACTTACCGGGCGCGCA-1,0.000068,0.000068,0.000068,0.171419,0.069694,0.758684
ACTTACGCATCCACGC-1,0.000022,0.000022,0.088552,0.53724,0.00686,0.367305
ACTTAGTACGACAAGA-1,0.000086,0.000086,0.000086,0.444334,0.404559,0.150849
ACTTATACTTACCCGG-1,0.000004,0.000004,0.000039,0.98688,0.000004,0.01307
ACTTATCTGATCTATA-1,0.000067,0.000067,0.011085,0.262698,0.000067,0.726017
ACTTATTAGGATCGGT-1,0.000247,0.000247,0.313179,0.293568,0.392021,0.00074
ACTTATTTATGTGCCA-1,0.000012,0.000012,0.018334,0.633563,0.002058,0.346021
ACTTCAGGCTGATCCC-1,0.00004,0.00004,0.014528,0.283448,0.055101,0.646844
ACTTCCAGTGGAAGCT-1,0.000063,0.000063,0.101065,0.027885,0.390944,0.47998
ACTTCCATGCGGGACA-1,0.000017,0.000017,0.055759,0.654927,0.124349,0.16493
ACTTCGCCATACGCAC-1,0.000061,0.000061,0.000061,0.381711,0.248957,0.369147
ACTTGACTCCCTCTTT-1,0.000124,0.000124,0.000124,0.348465,0.240133,0.411028
ACTTGCCATATTGTAC-1,0.00023,0.00023,0.00023,0.001378,0.032127,0.965806
ACTTGGGACCCGGTGG-1,0.00001,0.00001,0.396653,0.259384,0.103138,0.240805
ACTTGTAGTCCCTTCA-1,0.000054,0.000054,0.055856,0.652646,0.000054,0.291336
ACTTGTGGATGGAACG-1,0.000017,0.000017,0.005354,0.722288,0.000017,0.272306
ACTTTACCCTCATGAA-1,0.000014,0.000014,0.022495,0.733053,0.016062,0.228361
ACTTTCCTATAGCTTC-1,0.000041,0.000041,0.000041,0.000245,0.224221,0.775412
ACTTTGACTGCATCCT-1,0.000062,0.000062,0.000062,0.345339,0.000062,0.654413
ACTTTGGTCGTGCTCC-1,0.000334,0.000334,0.000334,0.400089,0.000334,0.598574
AGAAATTATGACTCGC-1,0.000008,0.000008,0.945434,0.021714,0.000008,0.032829
AGAACCCTCAATTGGG-1,0.000077,0.000077,0.000077,0.230459,0.03409,0.735219
AGAACGTGGTACATTC-1,0.000048,0.000048,0.000048,0.425431,0.000048,0.574379
AGAAGAGCGCCGTTCC-1,0.000053,0.000053,0.000053,0.789287,0.000053,0.210501
AGAAGGTACACTTCAC-1,0.000007,0.000007,0.014291,0.974065,0.011611,0.00002
AGAAGGTTGCCGAATT-1,0.00003,0.00003,0.048509,0.359901,0.023718,0.567813
AGAAGGTTGTAGGTCG-1,0.000007,0.000007,0.021392,0.886627,0.000007,0.09196
AGAAGTGATTCGTGAT-1,0.000024,0.000024,0.02728,0.803632,0.025898,0.143141
AGAATAAATCTTCAGG-1,0.000027,0.000027,0.000027,0.785693,0.000027,0.214199
AGAATGCGGGTTCGGA-1,0.000015,0.000015,0.003737,0.945615,0.008938,0.041681
AGAATTATGGATTCGA-1,0.000005,0.000005,0.000005,0.838257,0.004702,0.157025
AGAATTGTTTGACATA-1,0.00008,0.00008,0.00008,0.435371,0.00008,0.564309
AGACAGCTCAGAATCC-1,0.000006,0.000006,0.000006,0.861543,0.000006,0.138435
AGACAGGCATCTCAGC-1,0.000021,0.023559,0.643028,0.21295,0.050478,0.069965
AGACATAGATCCTTCC-1,0.000111,0.000111,0.08292,0.089083,0.000111,0.827663
AGACCAAACCACACCT-1,0.000006,0.000006,0.031585,0.968377,0.000006,0.000019
AGACCATGGGATACAA-1,0.000021,0.000021,0.000021,0.299047,0.048417,0.652472
AGACCCACCGCTGATC-1,0.000009,0.000009,0.000009,0.889904,0.075391,0.034678
AGACCCGCCCTCCTCG-1,0.000021,0.000021,0.000021,0.180816,0.047607,0.771515
AGACCGCTCCGCGGTT-1,0.000025,0.000025,0.085056,0.726021,0.000025,0.188848
AGACCGGGAAACCCTG-1,0.000034,0.000034,0.000034,0.58703,0.000034,0.412833
AGACGAAGTGCCGGTC-1,0.000018,0.000018,0.007694,0.623497,0.000018,0.368755
AGACGACGATGCCGCT-1,0.000022,0.000022,0.132439,0.591037,0.000022,0.276459
AGACGCCCACTTCGCC-1,0.000068,0.000068,0.409591,0.257058,0.086782,0.246433
AGACGGGCCGATTTAA-1,0.000041,0.000041,0.002388,0.537289,0.000041,0.4602
AGACTAGCCTTCCAGA-1,0.000016,0.000016,0.04419,0.637524,0.036711,0.281543
AGAGAACCGTCTAGGA-1,0.000011,0.000011,0.00362,0.886797,0.104909,0.004652
AGAGAAGGAGTACAAT-1,0.000012,0.000232,0.055301,0.922218,0.022203,0.000035
AGAGATCTCTAAAGCG-1,0.000019,0.000019,0.00101,0.88242,0.000019,0.116513
AGAGCAGTTATGAGAC-1,0.000023,0.000023,0.000023,0.603473,0.000023,0.396434
AGAGCCGCCGAGATTT-1,0.000032,0.000032,0.097709,0.533658,0.000032,0.368536
AGAGCGGGCTAATCAT-1,0.000035,0.000035,0.000035,0.377594,0.000035,0.622265
AGAGCGTACAAGCTCG-1,0.000028,0.000028,0.058065,0.174709,0.000028,0.767143
AGAGCTACGAAAGCAT-1,0.000046,0.000046,0.042777,0.071989,0.000046,0.885098
AGAGGCTTCGGAAACC-1,0.000016,0.000016,0.029148,0.624029,0.015253,0.331538
AGAGGGACAATTGTCC-1,0.000039,0.000039,0.047779,0.626166,0.000039,0.325938
AGAGGTATCTCGGTCC-1,0.000031,0.000031,0.004521,0.94062,0.03159,0.023207
AGAGTAAACTTCACTA-1,0.000016,0.000016,0.017103,0.646298,0.000016,0.336551
AGAGTATAGTGTTACG-1,0.000015,0.000015,0.075157,0.752915,0.010393,0.161504
AGAGTTAGAGACCGAT-1,0.000232,0.000232,0.000232,0.522295,0.094404,0.382604
AGAGTTGCAGGCCTCC-1,0.000031,0.003551,0.013331,0.852614,0.052436,0.078037
AGATAACTTCAGGGCC-1,0.000024,0.000024,0.067661,0.405356,0.008131,0.518805
AGATACCAATAGAACC-1,0.000018,0.000018,0.216554,0.615698,0.014623,0.153088
AGATACCAGCACTTCA-1,0.000026,0.000026,0.012383,0.6084,0.000801,0.378363
AGATACCGGTGTTCAC-1,0.000039,0.000039,0.023856,0.239426,0.000039,0.7366
AGATACGACTTCATAT-1,0.000061,0.000061,0.000061,0.749965,0.000061,0.249789
AGATACTCAAGATCGA-1,0.000014,0.000014,0.00875,0.622143,0.005907,0.363172
AGATATAATACGACTA-1,0.000008,0.000008,0.037671,0.86584,0.000008,0.096463
AGATCGTGCATAAGAT-1,0.000111,0.000111,0.000111,0.325261,0.171184,0.503221
AGATCTCAGGTGTGAT-1,0.000061,0.000061,0.000061,0.004667,0.000061,0.99509
AGATGACTCGCCCACG-1,0.000033,0.000033,0.020057,0.781584,0.000033,0.198261
AGATGAGGGTTGCGAT-1,0.000164,0.303654,0.000164,0.243739,0.049985,0.402294
AGATGATGGAGTCTGG-1,0.000012,0.000012,0.018248,0.89394,0.000012,0.087777
AGATGCAAGACGTGCA-1,0.000009,0.000009,0.020498,0.960894,0.01533,0.00326
AGATGCATCCTGTGTC-1,0.00024,0.00024,0.00024,0.195467,0.399318,0.404493
AGATGCTATAACGAGC-1,0.000167,0.000167,0.000167,0.001001,0.152191,0.846307
AGATTATAGGACGTTT-1,0.000024,0.000024,0.191271,0.202302,0.000024,0.606357
AGATTCACAACCGATA-1,0.000005,0.000005,0.018723,0.934338,0.010903,0.036026
AGCAAAGGCCGCTAGT-1,0.000011,0.000011,0.000107,0.616931,0.037076,0.345864
AGCAACATATCTTATT-1,0.000012,0.000012,0.00839,0.699288,0.000012,0.292287
AGCAACCGAAAGTAAT-1,0.00001,0.00001,0.04405,0.920136,0.004426,0.031368
AGCACCAGTACTCACG-1,0.000036,0.000036,0.000036,0.070026,0.095267,0.834599
AGCACTACCGGCCTGT-1,0.000022,0.000022,0.000022,0.552507,0.000022,0.447404
AGCACTACCTCACCAG-1,0.000051,0.000051,0.000051,0.54828,0.000051,0.451515
AGCACTTAAGGACGCC-1,0.000017,0.000017,0.002443,0.54535,0.000017,0.452156
AGCAGAAGGAGAAAGA-1,0.000006,0.000006,0.011841,0.890156,0.007476,0.090514
