Barcode,Topic 1,Topic 2,Topic 3,Topic 4,Topic 5,Topic 6to8,Topic 9,Topic 10
AAACAACGAATAGTTC-1,0.000049,0.412306,0.009135,0.000049,0.200347,0.362565,0.015501,0.000049
AAACAAGTATCTCCCA-1,0.000049,0.16679,0.19963,0.032911,0.138321,0.307553,0.154698,0.000049
AAACAATCTACTAGCA-1,0.000052,0.183342,0.032506,0.0091,0.188134,0.110675,0.476139,0.000052
AAACACCAATAACTGC-1,0.000049,0.372229,0.538105,0.000049,0.000049,0.089423,0.000049,0.000049
AAACAGCTTTCAGAAG-1,0.000103,0.107245,0.000103,0.000103,0.391605,0.23966,0.261078,0.000103
AAACAGGGTCTATATT-1,0.000033,0.022427,0.000033,0.003217,0.00259,0.55084,0.409846,0.011013
AAACATTTCCCGGATT-1,0.000185,0.000185,0.067179,0.000185,0.000185,0.702589,0.229309,0.000185
AAACCCGAACGAAATC-1,0.000065,0.287222,0.097605,0.034177,0.1073,0.44963,0.00836,0.015641
AAACCGGAAATGTTAA-1,0.000036,0.091707,0.145409,0.179175,0.115244,0.366346,0.102047,0.000036
AAACCGGGTAGGTACC-1,0.000032,0.054189,0.082798,0.23228,0.002456,0.441243,0.18697,0.000032
AAACCGTTCGTCCAGG-1,0.000036,0.000036,0.000036,0.000036,0.243143,0.02842,0.726926,0.001365
AAACCTAAGCAGCCGG-1,0.000024,0.174152,0.164167,0.000024,0.428838,0.18437,0.048399,0.000024
AAACCTCATGAAGTTG-1,0.000104,0.186668,0.000104,0.000104,0.068653,0.450894,0.293369,0.000104
AAACGAAGAACATACC-1,0.000144,0.22874,0.000144,0.000144,0.687627,0.006852,0.076205,0.000144
AAACGAGACGGTTGAT-1,0.000084,0.917533,0.000084,0.000084,0.037423,0.044622,0.000084,0.000084
AAACGCTGGGCACGAC-1,0.000055,0.000055,0.016022,0.043978,0.537348,0.107757,0.294731,0.000055
AAACGGGCGTACGGGT-1,0.000062,0.223374,0.020108,0.022733,0.030051,0.682459,0.01594,0.005272
AAACGGGTTGGTATCC-1,0.000023,0.111464,0.159309,0.017584,0.276431,0.267802,0.167364,0.000023
AAACGTGTTCGCCCTA-1,0.000211,0.157657,0.13537,0.000211,0.49107,0.000633,0.214637,0.000211
AAACTCGGTTCGCAAT-1,0.000097,0.868644,0.000097,0.000097,0.000097,0.130775,0.000097,0.000097
AAACTCGTGATATAAG-1,0.000329,0.327161,0.000329,0.000329,0.32649,0.344704,0.000329,0.000329
AAACTTGCAAACGTAT-1,0.00004,0.010258,0.026971,0.021157,0.0026,0.508704,0.396654,0.033617
AAAGAATGTGGACTAA-1,0.000039,0.043816,0.076535,0.028766,0.082158,0.383783,0.316406,0.068496
AAAGACCCAAGTCGCG-1,0.000096,0.27288,0.005757,0.003682,0.183898,0.413919,0.116406,0.003363
AAAGACTGGGCGCTTT-1,0.000039,0.324578,0.163402,0.004157,0.3145,0.193244,0.000039,0.000039
AAAGCTTGCCTACATA-1,0.000042,0.315001,0.000042,0.000042,0.612197,0.072592,0.000042,0.000042
AAAGGGCAGCTTGAAT-1,0.000022,0.111058,0.771463,0.016661,0.022069,0.070422,0.008285,0.000022
AAAGTAGCATTGCTCA-1,0.000031,0.063499,0.000031,0.25002,0.029107,0.314379,0.086265,0.256668
AAAGTCACTGATGTAA-1,0.000426,0.419037,0.000426,0.000426,0.476604,0.102231,0.000426,0.000426
AAAGTCGACCCTCAGT-1,0.000032,0.209209,0.033989,0.000712,0.375996,0.330774,0.049256,0.000032
AAAGTGCCATCAATTA-1,0.000041,0.218769,0.181405,0.18241,0.035296,0.238084,0.000041,0.143954
AAAGTGTGATTTATCT-1,0.000038,0.054936,0.94476,0.000038,0.000038,0.000114,0.000038,0.000038
AAAGTTGACTCCCGTA-1,0.000426,0.000426,0.183215,0.047745,0.178732,0.588606,0.000426,0.000426
AAATAAGGTAGTGCCC-1,0.000042,0.000042,0.000042,0.124889,0.402936,0.302679,0.169328,0.000042
AAATACCTATAAGCAT-1,0.000071,0.995801,0.000071,0.000071,0.000071,0.000214,0.000071,0.003628
AAATAGCTTAGACTTT-1,0.000058,0.103196,0.053739,0.153356,0.179657,0.236995,0.247538,0.025461
AAATAGGGTGCTATTG-1,0.000051,0.245083,0.474612,0.039392,0.106324,0.134435,0.000051,0.000051
AAATCCGATACACGCC-1,0.000735,0.000735,0.000735,0.105958,0.221899,0.668466,0.000736,0.000735
AAATCGTGTACCACAA-1,0.000079,0.049345,0.0718,0.001697,0.121669,0.332754,0.408069,0.014588
AAATCTAGCCCTGCTA-1,0.000392,0.000392,0.105575,0.000392,0.104662,0.711646,0.076548,0.000392
AAATGACTGATCAAAC-1,0.000093,0.08741,0.129839,0.000093,0.088502,0.461568,0.232403,0.000093
AAATGATTCGATCAGC-1,0.000413,0.379279,0.000413,0.000413,0.473992,0.144662,0.000413,0.000413
AAATGCTCGTTACGTT-1,0.000069,0.528191,0.391722,0.000069,0.000069,0.074769,0.005041,0.000069
AAATGGCATGTCTTGT-1,0.002128,0.110092,0.002128,0.002128,0.756426,0.006385,0.118586,0.002128
AAATGGCCCGTGCCCT-1,0.000036,0.006688,0.000036,0.001331,0.004774,0.588617,0.374699,0.023821
AAATGGTCAATGTGCC-1,0.000048,0.145111,0.141902,0.032121,0.000048,0.494131,0.186591,0.000048
AAATGTATCTTATCCC-1,0.000033,0.766287,0.163947,0.038212,0.00164,0.029816,0.000033,0.000033
AAATGTGGGTGCTCCT-1,0.000075,0.323605,0.000075,0.000075,0.662151,0.000226,0.013716,0.000075
AAATTAACGGGTAGCT-1,0.000054,0.220209,0.088297,0.1037,0.107555,0.067057,0.413074,0.000054
AAATTAATAAGCGCGA-1,0.000066,0.869687,0.000066,0.000066,0.010043,0.119938,0.000066,0.000066
AAATTACCTATCGATG-1,0.000118,0.124323,0.116733,0.014726,0.350795,0.009389,0.383799,0.000118
AAATTCCAGGTCCAAA-1,0.000029,0.028773,0.011892,0.480778,0.04477,0.320494,0.113234,0.000029
AAATTGATAGTCCTTT-1,0.000031,0.050857,0.000031,0.178233,0.000031,0.09903,0.538382,0.133403
AAATTGCGGCGGTTCT-1,0.000062,0.571813,0.10834,0.018517,0.216252,0.079058,0.005897,0.000062
AAATTGGTGAGAAGCA-1,0.000426,0.188295,0.000426,0.000426,0.568076,0.241501,0.000426,0.000426
AAATTTGCGGGTGTGG-1,0.000015,0.133621,0.000015,0.387207,0.006436,0.014507,0.439781,0.018418
AACAACTGGTAGTTGC-1,0.000041,0.069788,0.180862,0.000041,0.000041,0.533459,0.215726,0.000041
AACAATACATTGTCGA-1,0.000027,0.067034,0.017216,0.098683,0.038751,0.191331,0.5007,0.086258
AACAATTACTCTACGC-1,0.000485,0.203052,0.368178,0.110319,0.202294,0.001457,0.113729,0.000486
AACACACGCTCGCCGC-1,0.000049,0.118268,0.435945,0.026645,0.032885,0.382339,0.003821,0.000049
AACACGACTGTACTGA-1,0.000382,0.130196,0.000382,0.000382,0.175868,0.692027,0.000382,0.000382
AACACGAGACGCGGCC-1,0.000039,0.037473,0.000039,0.000039,0.000039,0.606619,0.341893,0.013859
AACACGCGGCCGCGAA-1,0.000032,0.288023,0.066156,0.29909,0.068104,0.158205,0.100944,0.019447
AACAGCTGTGTGGCAA-1,0.000043,0.19906,0.068602,0.164966,0.007865,0.048453,0.227966,0.283045
AACAGGAAATCGAATA-1,0.000368,0.440334,0.000368,0.191866,0.291198,0.075132,0.000368,0.000368
AACAGGATGGGCCGCG-1,0.000067,0.288121,0.077727,0.000067,0.196186,0.086721,0.351044,0.000067
AACAGGTAGTATGGAT-1,0.000047,0.127268,0.129936,0.026834,0.081728,0.562981,0.046092,0.025115
AACATAGCGTGTATCG-1,0.000045,0.063767,0.069469,0.033354,0.182726,0.547871,0.102723,0.000045
AACATATCAACTGGTG-1,0.000038,0.197176,0.163365,0.04027,0.103651,0.257999,0.237463,0.000038
AACATCGATACGTCTA-1,0.000067,0.000067,0.006384,0.018826,0.359381,0.356619,0.258588,0.000067
AACATTGGTCAGCCGT-1,0.000074,0.579847,0.074105,0.00033,0.27543,0.04453,0.02561,0.000074
AACCAAGACTTCTCTG-1,0.000064,0.035437,0.024988,0.000064,0.057949,0.842558,0.038875,0.000064
AACCATGGGATCGCTA-1,0.000059,0.183208,0.03374,0.031865,0.539915,0.157745,0.053408,0.000059
AACCCAGAGACGGAGA-1,0.000052,0.155708,0.014638,0.000858,0.063251,0.369243,0.084629,0.31162
AACCCATCCCATGATC-1,0.000114,0.541765,0.079667,0.029138,0.014194,0.334895,0.000114,0.000114
AACCCGAGCAGAATCG-1,0.000041,0.050046,0.28592,0.029236,0.043962,0.45029,0.140464,0.000041
AACCCTACTGTCAATA-1,0.000348,0.09827,0.232134,0.000349,0.259352,0.40885,0.000349,0.000349
AACCCTGGTGGAACCA-1,0.00026,0.00026,0.034138,0.00026,0.614034,0.053057,0.297732,0.00026
AACCGAGCTTGGTCAT-1,0.00013,0.531573,0.00013,0.00013,0.174295,0.249247,0.000384,0.04411
AACCGCTAAGGGATGC-1,0.000047,0.071204,0.900849,0.000047,0.000047,0.027712,0.000047,0.000047
AACCGTTGTGTTTGCT-1,0.00006,0.198651,0.00006,0.002355,0.586467,0.15069,0.000244,0.061474
AACCTCGCTTTAGCCC-1,0.000781,0.491706,0.000781,0.000781,0.15535,0.349037,0.000781,0.000781
AACCTGTCACGGAATT-1,0.000118,0.224421,0.000118,0.181991,0.288676,0.304442,0.000118,0.000118
AACCTTTAAATACGGT-1,0.000059,0.865333,0.089933,0.000059,0.000059,0.000178,0.04432,0.000059
AACCTTTACGACGTCT-1,0.00005,0.200397,0.128378,0.02063,0.022942,0.357031,0.270522,0.00005
AACGACCTCCTAGCCG-1,0.00003,0.00003,0.040564,0.133604,0.277553,0.204528,0.256696,0.086996
AACGATAATGCCGTAG-1,0.000083,0.564967,0.120697,0.065386,0.180644,0.03437,0.033769,0.000083
AACGATAGAAGGGCCG-1,0.000391,0.537751,0.000391,0.071439,0.000391,0.130621,0.258626,0.000391
AACGATATGTCAACTG-1,0.000175,0.850909,0.018062,0.029928,0.10005,0.000526,0.000175,0.000175
AACGCATGATCTGGGT-1,0.000209,0.328427,0.000209,0.001122,0.09913,0.350362,0.220331,0.000209
AACGCGAACGGCAACA-1,0.000075,0.441248,0.076876,0.159919,0.276593,0.021511,0.023704,0.000075
AACGCGGTCTCCAGCC-1,0.000181,0.067461,0.033702,0.000181,0.187189,0.710925,0.000181,0.000181
AACGCTGTTGCTGAAA-1,0.000043,0.0631,0.760484,0.000043,0.156675,0.003323,0.016288,0.000043
AACGGACGTACGTATA-1,0.000087,0.199715,0.556311,0.02141,0.030892,0.19141,0.000087,0.000087
AACGGCCATCTCCGGT-1,0.000032,0.140274,0.000032,0.031411,0.046447,0.413615,0.305749,0.06244
AACGTACTGTGGGTAC-1,0.000062,0.089271,0.000062,0.000062,0.125563,0.162493,0.611089,0.011397
AACGTAGTCTACCCAT-1,0.000062,0.134981,0.000062,0.000062,0.09437,0.443451,0.326949,0.000062
AACGTCAGACTAGTGG-1,0.000084,0.198022,0.224186,0.000084,0.000084,0.477593,0.090317,0.009631
AACGTCGCTGCACTTC-1,0.000036,0.005039,0.035922,0.144132,0.172504,0.185897,0.207312,0.249159
AACGTGCGAAAGTCTC-1,0.000099,0.955891,0.04332,0.000099,0.000099,0.000296,0.000099,0.000099
AACGTTATCAGCACCT-1,0.000085,0.722892,0.129564,0.000085,0.056375,0.02336,0.067555,0.000085
AACGTTCTACCATTGT-1,0.000053,0.115562,0.009936,0.081333,0.394434,0.281477,0.028418,0.088787
AACTACCCGTTTGTCA-1,0.000068,0.095169,0.128616,0.057754,0.042429,0.510566,0.140482,0.024915
AACTAGCGTATCGCAC-1,0.000095,0.169804,0.146511,0.000095,0.350936,0.142742,0.189724,0.000095
AACTAGGCTTGGGTGT-1,0.000164,0.324175,0.059395,0.098181,0.219385,0.000492,0.298044,0.000164
AACTCAAGTTAATTGC-1,0.000033,0.049003,0.075849,0.007843,0.047608,0.478037,0.333275,0.008352
AACTCCAGAGCGTGTT-1,0.001176,0.001177,0.206365,0.001177,0.292015,0.480992,0.015922,0.001177
AACTCGATAAACACGT-1,0.00009,0.974181,0.00009,0.00009,0.00009,0.025278,0.00009,0.00009
AACTCGATGGCGCAGT-1,0.000061,0.140309,0.000061,0.31278,0.251867,0.293509,0.001353,0.000061
AACTCTCAATAGAGCG-1,0.000087,0.6604,0.015884,0.034842,0.152248,0.136364,0.000087,0.000087
AACTCTCAGTGTGCTC-1,0.000048,0.000606,0.000048,0.144535,0.169774,0.232889,0.436826,0.015274
AACTGAGTTATACTGA-1,0.000042,0.173263,0.174536,0.023249,0.103709,0.470124,0.055035,0.000042
AACTGATATTAGGCCT-1,0.000061,0.260508,0.000061,0.000061,0.698969,0.011277,0.029002,0.000061
AACTGGGTCCCGACGT-1,0.000136,0.127886,0.000136,0.000136,0.163174,0.702161,0.000136,0.006236
AACTGGTGTGGGCCTT-1,0.000488,0.439535,0.000488,0.093671,0.149342,0.3155,0.000488,0.000488
AACTTCTGCGTCTATC-1,0.000139,0.728935,0.080398,0.000139,0.067442,0.122671,0.000139,0.000139
AACTTGCCCGTATGCA-1,0.000763,0.070715,0.349719,0.000764,0.000764,0.488567,0.087944,0.000764
AACTTGCGTTCTCGCG-1,0.000117,0.32088,0.485583,0.000117,0.095701,0.017684,0.079802,0.000117
AACTTTACGGGAGCTT-1,0.000057,0.577218,0.177117,0.012147,0.156118,0.077229,0.000057,0.000057
AACTTTAGCTGCTGAG-1,0.000143,0.277288,0.000143,0.069541,0.387643,0.1916,0.073498,0.000143
AACTTTCTCGATCATG-1,0.00028,0.107839,0.00028,0.00028,0.88992,0.000841,0.00028,0.00028
AAGAAATCACCAGATT-1,0.000427,0.000427,0.000427,0.000427,0.953195,0.044241,0.000427,0.000427
AAGAAGGATCAGTTAG-1,0.000051,0.131384,0.349222,0.000051,0.462152,0.000152,0.056939,0.000051
AAGACATACGTGGTTT-1,0.000047,0.189647,0.203613,0.079423,0.017646,0.464295,0.029896,0.015433
AAGACTAACCCGTTGT-1,0.000114,0.200945,0.095156,0.000114,0.526956,0.033156,0.143445,0.000114
AAGAGATGAATCGGTA-1,0.00028,0.095299,0.148887,0.077893,0.313137,0.363943,0.00028,0.00028
AAGAGCTCTTTATCGG-1,0.000125,0.967292,0.000125,0.000125,0.000125,0.03196,0.000125,0.000125
AAGAGGATGTACGCGA-1,0.000051,0.212361,0.02621,0.005067,0.002519,0.642945,0.110795,0.000051
AAGAGGCATGGATCGC-1,0.000132,0.962538,0.000132,0.024519,0.000132,0.012283,0.000132,0.000132
AAGAGGCCCTTTGGAA-1,0.00005,0.112165,0.168039,0.005158,0.002589,0.654544,0.052612,0.004843
AAGATGGCACCGGACC-1,0.00002,0.035554,0.030442,0.002685,0.096574,0.018148,0.77972,0.036858
AAGATTGGCGGAACGT-1,0.000056,0.137378,0.041682,0.000056,0.736577,0.000169,0.084024,0.000056
AAGCACCCTGCGTATC-1,0.000102,0.245225,0.056395,0.258505,0.050716,0.388852,0.000102,0.000102
AAGCATACTCTCCTGA-1,0.00005,0.891716,0.107887,0.00005,0.00005,0.000149,0.00005,0.00005
AAGCCGAAGCGGTTTA-1,0.000056,0.000056,0.150546,0.030636,0.089033,0.719543,0.010075,0.000056
AAGCCGCTTTACCTTG-1,0.000275,0.000275,0.09111,0.062997,0.843969,0.000824,0.000275,0.000275
AAGCCGGAGAGCAGGA-1,0.000031,0.088258,0.083473,0.458439,0.062756,0.047847,0.000031,0.259164
AAGCGCAGGGCTTTGA-1,0.000125,0.260129,0.119133,0.000126,0.163674,0.183342,0.273345,0.000126
AAGCGTCCCTCATCGA-1,0.000038,0.09881,0.000038,0.017496,0.065153,0.350386,0.261254,0.206824
AAGCTAGATCGAGTAA-1,0.00004,0.706623,0.293058,0.00004,0.00004,0.00012,0.00004,0.00004
AAGCTCGTGCCAAGTC-1,0.000114,0.998973,0.000114,0.000114,0.000114,0.000342,0.000114,0.000114
AAGCTCTTTCATGGTG-1,0.002,0.53238,0.002001,0.002001,0.002001,0.25345,0.002001,0.204168
AAGGAGAACTTATAAG-1,0.000071,0.285494,0.000071,0.000071,0.61245,0.1017,0.000071,0.000071
AAGGAGCGGTTGGTGC-1,0.000063,0.041629,0.085138,0.000063,0.003817,0.488856,0.245522,0.13491
AAGGATCGATCGCTTG-1,0.000069,0.16164,0.075428,0.00007,0.185316,0.342833,0.234574,0.00007
AAGGATGAGGGACCTC-1,0.000065,0.443865,0.148837,0.000065,0.030293,0.376744,0.000065,0.000065
AAGGCAGGCTGTCTCC-1,0.000055,0.00213,0.079719,0.032126,0.236266,0.331272,0.318379,0.000055
AAGGCGCGTAAAGCTT-1,0.000076,0.085223,0.255094,0.001256,0.003679,0.539287,0.000076,0.11531
AAGGCTGTGCTCATCG-1,0.000053,0.000053,0.096764,0.107017,0.000053,0.650651,0.145358,0.000053
AAGGGACAGATTCTGT-1,0.000084,0.147557,0.10217,0.045355,0.364197,0.102215,0.238222,0.0002
AAGGGACTATGCATTC-1,0.000043,0.247893,0.062682,0.095058,0.001453,0.232407,0.163168,0.197296
AAGGGTTAGCCATGCG-1,0.000071,0.088658,0.04092,0.066911,0.293668,0.329971,0.13281,0.04699
AAGGTATCCTAATATA-1,0.000162,0.998546,0.000162,0.000162,0.000162,0.000485,0.000162,0.000162
AAGGTGATAAACCAGC-1,0.000314,0.263108,0.244258,0.069814,0.000315,0.421562,0.000315,0.000315
AAGTAAGCTTCCAAAC-1,0.000047,0.21097,0.000053,0.011766,0.134513,0.13315,0.509453,0.000047
AAGTAGAAGACCGGGT-1,0.000056,0.01024,0.04596,0.000056,0.459741,0.000169,0.475974,0.007803
AAGTAGTGACGCGAGG-1,0.000075,0.042237,0.007513,0.018461,0.091654,0.839909,0.000075,0.000075
AAGTCAATTGTCGTCA-1,0.000045,0.146938,0.263063,0.01649,0.039636,0.374715,0.159069,0.000045
AAGTCTAGTAGCTGCC-1,0.000277,0.184449,0.000277,0.000277,0.578106,0.236059,0.000277,0.000277
AAGTCTTCTGTGGCCT-1,0.00006,0.237782,0.18341,0.00006,0.110777,0.066333,0.401518,0.00006
AAGTGACGACCGAATT-1,0.000035,0.066932,0.122661,0.068504,0.039581,0.394754,0.307497,0.000035
AAGTGCAAAGGTAGAC-1,0.000061,0.508855,0.138577,0.000061,0.057847,0.294478,0.000061,0.000061
AAGTGCCTTGACTGTA-1,0.00006,0.087979,0.180887,0.004125,0.018687,0.68259,0.025613,0.00006
AAGTGCGTTAGAATCT-1,0.000033,0.030461,0.000033,0.171305,0.00144,0.594351,0.202344,0.000033
AAGTGTTTGGAGACGG-1,0.000076,0.487003,0.026993,0.000076,0.131252,0.33887,0.000076,0.015654
AAGTTCACTCCAAGCT-1,0.000302,0.100846,0.274727,0.214152,0.000302,0.409066,0.000302,0.000302
AAGTTCAGTCTGCGTA-1,0.00013,0.043148,0.00013,0.00013,0.167377,0.553102,0.235851,0.00013
AAGTTCGGCCAACAGG-1,0.000032,0.095424,0.00461,0.080712,0.036119,0.178456,0.557252,0.047395
AAGTTGTGATGTTATA-1,0.000033,0.027417,0.232714,0.33353,0.038195,0.366347,0.001731,0.000033
AAGTTTACTAATGGCA-1,0.000072,0.132892,0.000072,0.007837,0.647462,0.211521,0.000072,0.000072
AAGTTTATGGGCCCAA-1,0.000039,0.329791,0.040765,0.000039,0.629174,0.000116,0.000039,0.000039
AATAACAACGCTCGGC-1,0.00004,0.073084,0.01783,0.00004,0.017208,0.725564,0.166194,0.00004
AATAACACTAGAACAA-1,0.000039,0.000039,0.000039,0.005374,0.109551,0.112104,0.772814,0.000039
AATAACGTCGCGCCCA-1,0.000047,0.056626,0.056892,0.054333,0.104855,0.562118,0.134903,0.030226
AATAAGTCCTCGAGAC-1,0.000138,0.051814,0.122847,0.000138,0.611417,0.000414,0.213093,0.000138
AATAATCTTCGTATCG-1,0.000044,0.087584,0.07797,0.037827,0.03336,0.490144,0.226567,0.046504
AATACAATGTTTCAGG-1,0.000135,0.415573,0.292311,0.065085,0.022421,0.204206,0.000135,0.000135
AATACCTGATGTGAAC-1,0.000051,0.000051,0.015179,0.166022,0.025465,0.485612,0.247737,0.059882
AATAGAACAGAGTGGC-1,0.000038,0.065939,0.038275,0.025324,0.251096,0.081873,0.537416,0.000038
AATAGAATCTGTTTCA-1,0.000901,0.600675,0.177837,0.21518,0.000901,0.002704,0.000901,0.000901
AATAGCTACCGCGTGC-1,0.000039,0.136827,0.000039,0.000039,0.673267,0.002025,0.187727,0.000039
AATAGTCGCGAGTCGG-1,0.000091,0.82652,0.03242,0.011709,0.027666,0.101411,0.000091,0.000091
AATATCAAGGTCGGAT-1,0.000015,0.000015,0.000015,0.999864,0.000015,0.000045,0.000015,0.000015
AATATCGAATCAATGC-1,0.000051,0.014644,0.093327,0.111963,0.001832,0.740993,0.03714,0.000051
AATATCGAGGGTTCTC-1,0.000021,0.001588,0.032557,0.612413,0.000211,0.26678,0.086409,0.000021
AATATTGGAGTATTGA-1,0.000142,0.072443,0.000142,0.000142,0.255567,0.463109,0.208313,0.000142
AATCAGACTGCAGGAC-1,0.000041,0.119624,0.039258,0.000041,0.838678,0.000124,0.002193,0.000041
AATCATGTAAAGACTC-1,0.000526,0.289568,0.303384,0.000526,0.204673,0.200269,0.000526,0.000526
AATCCAAGGGCCTGAG-1,0.000121,0.285535,0.000121,0.40179,0.125794,0.15229,0.000121,0.034228
AATCCATGCAAGGGTG-1,0.000066,0.193485,0.000066,0.046654,0.401725,0.357872,0.000066,0.000066
AATCGAGGTCTCAAGG-1,0.000089,0.187863,0.050166,0.000089,0.110413,0.44802,0.20327,0.000089
AATCGCCTCAGCGCCA-1,0.0025,0.977493,0.002501,0.002501,0.002501,0.007503,0.002501,0.002501
AATCGCGCAGAGGACT-1,0.00006,0.322691,0.069159,0.173911,0.11677,0.291661,0.00006,0.025688
AATCGGGACACTACGA-1,0.000087,0.248154,0.000087,0.000087,0.751148,0.000262,0.000087,0.000087
AATCGGTATAGCCCTC-1,0.000037,0.041617,0.027774,0.262594,0.095412,0.457246,0.011883,0.103437
AATCGTGAGCCGAGCA-1,0.000172,0.000172,0.000172,0.000172,0.393724,0.563827,0.041589,0.000172
AATCTAGGTTTACTTG-1,0.000028,0.088149,0.021297,0.047893,0.000028,0.294875,0.523131,0.024599
AATCTATGCCGGAGCC-1,0.000041,0.068587,0.007513,0.227738,0.476128,0.148158,0.071794,0.000041
AATCTCTACTGTGGTT-1,0.000067,0.529385,0.000067,0.009859,0.197413,0.258848,0.004293,0.000067
AATCTGCGTTGGGACG-1,0.000065,0.231442,0.115632,0.062785,0.220804,0.285328,0.004093,0.079852
AATCTGGCTTTCTAGT-1,0.000029,0.06502,0.000029,0.000029,0.000029,0.082918,0.818971,0.032977
AATGACAGCAATGTCT-1,0.000033,0.059839,0.000033,0.451539,0.010432,0.264241,0.079771,0.134113
AATGACGTAGGATGTC-1,0.000133,0.736345,0.051283,0.000133,0.042373,0.169467,0.000133,0.000133
AATGACTGTCAGCCGG-1,0.000063,0.137418,0.030016,0.000082,0.065826,0.527535,0.222043,0.017017
AATGAGTTCGCATATG-1,0.000191,0.852782,0.000191,0.000191,0.000191,0.14607,0.000191,0.000191
AATGATGATACGCTAT-1,0.000056,0.340561,0.189676,0.000056,0.084679,0.008673,0.008834,0.367465
AATGATGCGACTCCTG-1,0.000023,0.000023,0.019748,0.507377,0.000023,0.342382,0.119239,0.011185
AATGCAACCGGGTACC-1,0.000056,0.043124,0.077573,0.034727,0.168965,0.506218,0.169281,0.000056
AATGCACCAAGCAATG-1,0.000044,0.026529,0.049679,0.016827,0.009015,0.51928,0.357174,0.021453
AATGGTCCACCGTTCA-1,0.000041,0.11039,0.783948,0.003142,0.003078,0.099319,0.000041,0.000041
AATGGTTCTCACAAGC-1,0.000109,0.128666,0.100431,0.000109,0.07928,0.691186,0.000109,0.000109
AATGTGCCCGAGGTGT-1,0.000035,0.156592,0.025689,0.333455,0.004514,0.266217,0.107138,0.10636
AATGTTAAGACCCTGA-1,0.000066,0.110993,0.03012,0.000066,0.187013,0.430662,0.241012,0.000066
AATGTTGTCGTGAGAC-1,0.00006,0.055524,0.076702,0.041083,0.126522,0.601501,0.089211,0.009397
AATTAAAGGTCGGCGT-1,0.000057,0.141264,0.150868,0.05063,0.000057,0.438261,0.140297,0.078566
AATTAACGGATTTCCA-1,0.00011,0.934225,0.00011,0.00011,0.044735,0.020488,0.00011,0.00011
AATTACTCGTACGCTC-1,0.000127,0.850039,0.010156,0.000127,0.042666,0.096633,0.000127,0.000127
AATTAGCGCTGCAGCG-1,0.000055,0.06768,0.032467,0.048737,0.222877,0.29591,0.332219,0.000055
AATTATACCCAGCAAG-1,0.000052,0.000052,0.004104,0.092141,0.319838,0.399587,0.184173,0.000052
AATTCATAAGGGATCT-1,0.000061,0.173517,0.197571,0.150875,0.012678,0.01226,0.315509,0.137528
AATTCCAACTTGGTGA-1,0.000093,0.845254,0.070642,0.000093,0.000093,0.030497,0.053233,0.000093
AATTCGATTCGAGGAT-1,0.001282,0.474361,0.001282,0.157366,0.001282,0.32673,0.036413,0.001282
AATTGAACGCTCTGGT-1,0.000181,0.549551,0.33916,0.000181,0.000181,0.110385,0.000181,0.000181
AATTGCAGCAATCGAC-1,0.000064,0.111501,0.079928,0.046886,0.096004,0.646663,0.000064,0.01889
AATTGTGGTTGCCAAA-1,0.000045,0.126044,0.176194,0.061874,0.02021,0.292037,0.293897,0.029698
AATTTGGTTCCAAAGA-1,0.000158,0.117953,0.000158,0.000158,0.13615,0.712496,0.004087,0.02884
ACAAAGCATGACCTAG-1,0.000043,0.027358,0.133108,0.000043,0.040922,0.769642,0.028841,0.000043
ACAAATCGCACCGAAT-1,0.000086,0.508325,0.084867,0.030369,0.000086,0.376096,0.000086,0.000086
ACAAATGGTAGTGTTT-1,0.000228,0.406461,0.024165,0.000228,0.036219,0.532242,0.000228,0.000228
ACAACAGCATGAGCTA-1,0.000076,0.534619,0.224903,0.039285,0.048195,0.152771,0.000076,0.000076
ACAACGGTCCCTGCGA-1,0.000014,0.001808,0.998077,0.000014,0.000014,0.000043,0.000014,0.000014
ACAAGCAGTGCCTAGC-1,0.000735,0.213014,0.181544,0.000736,0.32403,0.27847,0.000736,0.000735
ACAAGCTATATGGAAG-1,0.000149,0.362844,0.14949,0.000149,0.02234,0.336145,0.128735,0.000149
ACAAGGAAATCCGCCC-1,0.000038,0.560457,0.380981,0.000038,0.031617,0.000114,0.026718,0.000038
ACAAGGACAAGAGGTT-1,0.000076,0.141148,0.158817,0.000076,0.004713,0.695018,0.000076,0.000076
ACAAGGATGCTTTAGG-1,0.001515,0.159367,0.001516,0.001516,0.828508,0.004547,0.001516,0.001516
ACAAGGGCAGGCTCTG-1,0.000103,0.890899,0.000103,0.000103,0.034485,0.074103,0.000103,0.000103
ACAATAGTCGTACGTT-1,0.000038,0.101671,0.08812,0.058369,0.016185,0.631283,0.104295,0.000038
ACAATCCATTTAAACC-1,0.000037,0.095492,0.019276,0.000037,0.046219,0.474371,0.36453,0.000037
ACAATCGATCTTTATA-1,0.000926,0.183294,0.000926,0.000926,0.809297,0.002779,0.000926,0.000926
ACAATGAATACGGAGA-1,0.00003,0.20682,0.092859,0.121176,0.03956,0.162018,0.19068,0.186857
ACAATTGTGTCTCTTT-1,0.000069,0.386981,0.247351,0.011386,0.08381,0.237778,0.032556,0.000069
ACAATTTAGGAGGCTC-1,0.000068,0.638349,0.046418,0.001473,0.052074,0.261482,0.000068,0.000068
ACAATTTGAGCAGTGG-1,0.000176,0.969763,0.000176,0.000176,0.000176,0.02918,0.000176,0.000176
ACAATTTGGCCATATT-1,0.000262,0.280916,0.000263,0.000263,0.254538,0.451607,0.000263,0.011888
ACACAAAGACGGGTGG-1,0.000038,0.100685,0.078484,0.000038,0.090775,0.138816,0.591128,0.000038
ACACAAATATTCCTAG-1,0.000231,0.281033,0.000231,0.017593,0.346326,0.03761,0.316746,0.000231
ACACACCAGGACCAGT-1,0.000676,0.1233,0.572696,0.000676,0.120716,0.180585,0.000676,0.000676
ACACACTTTCTACACG-1,0.000069,0.347768,0.000069,0.000069,0.628179,0.023707,0.000069,0.000069
ACACATGATCAAATCT-1,0.000046,0.297781,0.06121,0.005241,0.000046,0.306705,0.32265,0.006321
ACACATTGACGCAACA-1,0.000097,0.916116,0.024983,0.000097,0.000097,0.000292,0.058219,0.000097
ACACATTTCCGTAGAC-1,0.000114,0.905876,0.000114,0.000114,0.000114,0.093438,0.000114,0.000114
ACACCACATAATTAGC-1,0.000067,0.249955,0.000067,0.099329,0.308196,0.30952,0.032798,0.000067
ACACCCAGCATGCAGC-1,0.000077,0.132834,0.128775,0.000077,0.080882,0.551015,0.106265,0.000077
ACACCCGAGAAATCCG-1,0.000075,0.212166,0.113703,0.000076,0.122909,0.162721,0.380599,0.00775
ACACCGAGCGCTCTTT-1,0.000047,0.499671,0.456984,0.020932,0.000047,0.022225,0.000047,0.000047
ACACCTTAAGTAGGGC-1,0.00009,0.090066,0.146941,0.00009,0.065439,0.419804,0.125175,0.152395
ACACCTTACTACTTGC-1,0.000113,0.5361,0.113014,0.033148,0.003375,0.314025,0.000113,0.000113
ACACGAGACTCCTTCT-1,0.000074,0.168335,0.095545,0.000074,0.139897,0.002172,0.593831,0.000074
ACACGGCACTATGCAT-1,0.000242,0.000242,0.000242,0.000242,0.817361,0.000725,0.180707,0.000242
ACACGGGAACTTAGGG-1,0.000158,0.396877,0.000158,0.000158,0.086908,0.515425,0.000158,0.000158
ACACGTAGGCCACAAG-1,0.000079,0.148075,0.165786,0.000079,0.101827,0.583997,0.000079,0.000079
ACACTCCAATGTCACT-1,0.00011,0.706313,0.01249,0.000111,0.088005,0.168258,0.024602,0.000111
ACACTGATCAAGGTGT-1,0.000057,0.145366,0.016375,0.034562,0.02161,0.220838,0.510407,0.050785
ACACTGGGACAGTCGT-1,0.000053,0.102817,0.100985,0.000053,0.007498,0.646019,0.142521,0.000053
ACAGAACTGAGAACAA-1,0.000029,0.032217,0.043986,0.196981,0.000691,0.508082,0.184677,0.033337
ACAGATTAGGTTAGTG-1,0.000128,0.540517,0.000128,0.000128,0.357377,0.101466,0.000128,0.000128
ACAGCATAGAGCCAGT-1,0.000136,0.466331,0.000136,0.000136,0.344439,0.18855,0.000136,0.000136
ACAGCGACATTCTCAT-1,0.00021,0.00021,0.019222,0.019625,0.199515,0.723246,0.037762,0.00021
ACAGGAGGCGCAGCCG-1,0.000045,0.999592,0.000045,0.000045,0.000045,0.000136,0.000045,0.000045
ACAGGCACGGATCCTT-1,0.00005,0.053713,0.005876,0.00005,0.00666,0.649987,0.283615,0.00005
ACAGGCTTGCCCGACT-1,0.000578,0.244035,0.038295,0.000578,0.515931,0.199427,0.000578,0.000578
ACAGGTGGAGGTGAGG-1,0.000032,0.000032,0.000032,0.011404,0.004563,0.374834,0.600634,0.008468
ACAGGTGTGTTGTTGC-1,0.000077,0.374401,0.195466,0.000077,0.056074,0.230897,0.14293,0.000077
ACAGTAATACAACTTG-1,0.000026,0.000026,0.00572,0.000026,0.023357,0.505859,0.46496,0.000026
ACAGTATACCGTGGGA-1,0.000078,0.158632,0.000078,0.000078,0.795635,0.045341,0.000078,0.000078
ACATAATAAGGCGGTG-1,0.000117,0.192894,0.000117,0.072157,0.173632,0.228694,0.332272,0.000117
ACATACAATCAAGCGG-1,0.000045,0.058324,0.036903,0.376024,0.130988,0.388381,0.00929,0.000045
ACATCAGCTGGGACGC-1,0.000104,0.7129,0.124369,0.000104,0.013606,0.148709,0.000104,0.000104
ACATCCTGGTAACTGT-1,0.000052,0.149023,0.178433,0.024128,0.00981,0.584799,0.043862,0.009893
ACATCGATCGTTTACC-1,0.00006,0.00006,0.007864,0.059823,0.16333,0.166329,0.602475,0.00006
ACATCGGTCAGCCGCG-1,0.000035,0.048016,0.053792,0.12221,0.017407,0.528953,0.229551,0.000035
ACATCGTATGCAATGG-1,0.000218,0.661041,0.028814,0.000218,0.000218,0.309055,0.000218,0.000218
ACATCGTTAACCTAGT-1,0.000221,0.000221,0.072415,0.000221,0.580335,0.000662,0.345704,0.000221
ACATGGCGCCAAAGTA-1,0.000088,0.038841,0.030698,0.026397,0.351721,0.126733,0.425435,0.000088
ACATGGCTCAATTTAG-1,0.00009,0.99919,0.00009,0.00009,0.00009,0.00027,0.00009,0.00009
ACATTAGTTTATATCC-1,0.000294,0.343888,0.000294,0.182352,0.399756,0.000883,0.000294,0.072238
ACATTTGAAACCTAAC-1,0.000052,0.000052,0.019503,0.030572,0.181276,0.48124,0.287253,0.000052
ACCAAACACCCAGCGA-1,0.0001,0.109358,0.336135,0.0001,0.178813,0.375294,0.0001,0.0001
ACCAAACTAGAAATCC-1,0.006667,0.00667,0.006669,0.006669,0.939981,0.020007,0.006669,0.006669
ACCAACACCACACACT-1,0.000103,0.3057,0.000103,0.000103,0.505214,0.187557,0.001115,0.000103
ACCAACCGCACTCCAC-1,0.000069,0.165783,0.192485,0.020041,0.08539,0.491018,0.012425,0.03279
ACCAACGCTTATTTAT-1,0.000139,0.173435,0.014669,0.031089,0.142331,0.042024,0.552086,0.044227
ACCAAGAACGCGTGTC-1,0.000065,0.02021,0.066556,0.046018,0.429281,0.2831,0.154704,0.000065
ACCAAGTCATCGGCAG-1,0.000049,0.071079,0.046242,0.056129,0.093505,0.499337,0.23361,0.000049
ACCAATATGCAAGTTA-1,0.000158,0.472708,0.014521,0.209449,0.047359,0.186858,0.068788,0.000159
ACCACAAGTTTCTATC-1,0.000042,0.089427,0.44867,0.089233,0.069138,0.101122,0.202326,0.000042
ACCACCAATGTAACAA-1,0.000253,0.289842,0.101431,0.000253,0.225671,0.218563,0.163734,0.000253
ACCACCCTCTCTTCTA-1,0.000058,0.013304,0.239125,0.000058,0.686611,0.000174,0.060613,0.000058
ACCACGTGCAGCTATA-1,0.000062,0.48148,0.409733,0.000062,0.007339,0.070743,0.000062,0.030519
ACCACTGTTCAAGAAG-1,0.000078,0.910977,0.088398,0.000078,0.000078,0.000234,0.000078,0.000078
ACCAGACCATAACAAC-1,0.000086,0.30507,0.000086,0.000086,0.130972,0.524681,0.033995,0.005023
ACCAGGAGTGTGATCT-1,0.000093,0.332927,0.000093,0.168386,0.298876,0.199438,0.000093,0.000093
ACCAGTGCGGGAGACG-1,0.000069,0.155693,0.843755,0.000069,0.000069,0.000207,0.000069,0.000069
ACCATATCCGCAATAA-1,0.000066,0.306061,0.154524,0.076075,0.013689,0.032623,0.101503,0.31546
ACCATCCGCCAACTAG-1,0.000071,0.104937,0.037448,0.000071,0.177125,0.666755,0.013523,0.000071
ACCATCGTATATGGTA-1,0.000055,0.102434,0.000055,0.223098,0.000055,0.619655,0.054593,0.000055
ACCATTAAGGGTGTCA-1,0.000104,0.852662,0.033189,0.057382,0.050973,0.005483,0.000104,0.000104
ACCCAACGCCCGTGGC-1,0.000095,0.56028,0.046262,0.330048,0.062842,0.000284,0.000095,0.000095
ACCCACCTACATGCTC-1,0.000025,0.000025,0.909585,0.000025,0.000025,0.081445,0.008847,0.000025
ACCCATCTTGAGGGTA-1,0.000055,0.131845,0.000055,0.000055,0.167692,0.490127,0.210115,0.000055
ACCCATTTGTCCCTCT-1,0.000066,0.000066,0.050456,0.000066,0.049589,0.817988,0.081705,0.000066
ACCCGAGCGAAATTAC-1,0.000032,0.038269,0.18988,0.109347,0.026543,0.351553,0.094405,0.18997
ACCCGGAAACTCCCAG-1,0.000129,0.177788,0.259246,0.000129,0.021219,0.300035,0.241326,0.000129
ACCCGGAGCACCACAA-1,0.000031,0.054485,0.136961,0.071333,0.085193,0.286429,0.1219,0.243667
ACCCGGATGACGCATC-1,0.000735,0.062247,0.000735,0.000736,0.931869,0.002207,0.000736,0.000735
ACCCGGTTACACTTCC-1,0.000227,0.211984,0.179902,0.118837,0.132452,0.106062,0.000227,0.250309
ACCCGTAGTCTAGTTG-1,0.00003,0.077473,0.071993,0.530958,0.01764,0.019364,0.00003,0.282512
ACCCTATAGGACTGAG-1,0.000225,0.902045,0.000225,0.000225,0.000225,0.096606,0.000225,0.000225
ACCCTATGCCATATCG-1,0.000033,0.000033,0.000033,0.023565,0.051786,0.32517,0.599346,0.000033
ACCCTCCCGTCAGGGC-1,0.000056,0.157496,0.027,0.034275,0.011024,0.498784,0.261558,0.009808
ACCCTCCCTTGCTATT-1,0.000059,0.07121,0.751849,0.026792,0.099192,0.017903,0.032936,0.000059
ACCCTGGTAACGCCCT-1,0.000042,0.149559,0.275623,0.16703,0.362639,0.045022,0.000042,0.000042
ACCCTTCATCTGCGAA-1,0.000092,0.315526,0.000092,0.000092,0.43339,0.250624,0.000092,0.000092
ACCCTTGCCTGGGTCG-1,0.0008,0.134473,0.0008,0.11896,0.580403,0.162964,0.0008,0.0008
ACCGAAAGGGCCCTGC-1,0.000126,0.383029,0.000126,0.150984,0.130285,0.251327,0.083997,0.000126
ACCGAAGAGTCTGGTT-1,0.000122,0.144994,0.116824,0.058477,0.000122,0.19207,0.487269,0.000122
ACCGACACATCTCCCA-1,0.000067,0.999401,0.000067,0.000067,0.000067,0.0002,0.000067,0.000067
ACCGAGTCTCCTTATT-1,0.000044,0.000044,0.000044,0.000044,0.150243,0.04683,0.802706,0.000044
ACCGATAGGCATAACC-1,0.000052,0.132959,0.142738,0.002899,0.037828,0.673706,0.009766,0.000052
ACCGATATTTAATCAT-1,0.000049,0.000049,0.123985,0.004915,0.059471,0.165532,0.620926,0.025074
ACCGATGGTAGCATCG-1,0.000145,0.617775,0.03314,0.000145,0.028171,0.320333,0.000145,0.000145
ACCGCAATAACTGCCT-1,0.000023,0.124452,0.847113,0.000023,0.003682,0.023468,0.000023,0.001216
ACCGCGGTGGAAGTCG-1,0.000045,0.097793,0.061562,0.010521,0.07658,0.638882,0.114573,0.000045
ACCGGGCCTTTGTTGA-1,0.000053,0.027272,0.219333,0.208557,0.203332,0.331649,0.000053,0.00975
ACCGGTCAGGTACACC-1,0.000136,0.457546,0.097315,0.000136,0.008509,0.436085,0.000136,0.000136
ACCGTGACCACGTGGG-1,0.000025,0.026809,0.01596,0.05638,0.168263,0.041463,0.567409,0.123691
ACCGTTCCCGCTCTGA-1,0.001639,0.00164,0.00164,0.00164,0.985242,0.00492,0.00164,0.00164
ACCTAAGTACCTTTCA-1,0.000029,0.073507,0.009244,0.350442,0.000029,0.204256,0.146153,0.216339
ACCTAATCGACTTCCT-1,0.000855,0.200838,0.048885,0.000855,0.744292,0.002565,0.000855,0.000855
ACCTACAGTATGTGGT-1,0.000047,0.219006,0.055361,0.489577,0.08927,0.123471,0.02322,0.000047
ACCTCAGCGAGGCGCA-1,0.00006,0.00006,0.00006,0.4538,0.234991,0.310908,0.00006,0.00006
ACCTCCGCCCTCGCTG-1,0.000067,0.000067,0.070346,0.048976,0.000067,0.721301,0.159107,0.000067
ACCTCCGTTATTCACC-1,0.000039,0.000039,0.000039,0.501079,0.000039,0.056169,0.365032,0.077565
ACCTGCGTGTCATGTT-1,0.000048,0.082003,0.009154,0.008002,0.000048,0.435731,0.431448,0.033567
ACCTTTCCTTTAGAAG-1,0.001351,0.058672,0.001352,0.158508,0.001352,0.776061,0.001352,0.001352
ACGAAATGGGCGGCAC-1,0.000769,0.328244,0.2973,0.000769,0.137604,0.233774,0.000769,0.000769
ACGACCCATGAGTTGC-1,0.00002,0.012649,0.093513,0.672242,0.043321,0.055573,0.00002,0.122663
ACGACTCTAGGGCCGA-1,0.000045,0.000045,0.003531,0.005676,0.189752,0.431069,0.364094,0.005788
ACGACTGGTCATACTC-1,0.000028,0.126047,0.021321,0.134115,0.007149,0.042581,0.486253,0.182506
ACGAGAACCCATCACG-1,0.000017,0.108945,0.009976,0.711358,0.011172,0.028807,0.129708,0.000017
ACGAGGATACCACTCT-1,0.000034,0.048638,0.039535,0.011706,0.000034,0.368629,0.508497,0.022927
ACGAGGTTTACAACGT-1,0.000075,0.286184,0.38049,0.000075,0.000075,0.280659,0.045933,0.006509
ACGAGTACGGATGCCC-1,0.000023,0.000023,0.000023,0.872562,0.000023,0.127302,0.000023,0.000023
ACGAGTCGCCGGCGTT-1,0.000075,0.999324,0.000075,0.000075,0.000075,0.000225,0.000075,0.000075
ACGATACATAGAACTA-1,0.000105,0.603631,0.358977,0.000105,0.000105,0.036866,0.000105,0.000105
ACGATACCTATCCTGA-1,0.000064,0.656512,0.075091,0.00878,0.074963,0.18446,0.000064,0.000064
ACGATCATCTTGTAAA-1,0.000433,0.176321,0.000433,0.000433,0.493688,0.327826,0.000433,0.000433
ACGATGCATATGTTAT-1,0.000053,0.233459,0.058372,0.035274,0.000053,0.529317,0.143418,0.000053
ACGATGGATCCGATGC-1,0.001961,0.001961,0.136568,0.001961,0.847741,0.005884,0.001961,0.001961
ACGCAATCACTACAGC-1,0.000069,0.05839,0.149515,0.058618,0.159027,0.475211,0.099101,0.000069
ACGCATACGTTTACTA-1,0.000179,0.154535,0.000179,0.000179,0.114435,0.695528,0.02446,0.010505
ACGCCACTCGAAACAG-1,0.000131,0.179897,0.064289,0.13277,0.616546,0.006106,0.000131,0.000131
ACGCCAGATGATTTCT-1,0.000137,0.300123,0.274212,0.014286,0.112383,0.159096,0.139625,0.000137
ACGCCAGTGCGTTTGC-1,0.000051,0.07334,0.014722,0.393713,0.018061,0.453771,0.011343,0.035
ACGCCGCTAGACGACC-1,0.000061,0.999451,0.000061,0.000061,0.000061,0.000183,0.000061,0.000061
ACGCCTGACACGCGCT-1,0.000043,0.840767,0.158891,0.000043,0.000043,0.000128,0.000043,0.000043
ACGCGAAGTCAGACGA-1,0.000901,0.128609,0.000901,0.000901,0.447478,0.419407,0.000901,0.000901
ACGCGCTACACAGGGT-1,0.000047,0.193617,0.000047,0.006778,0.000047,0.487649,0.277381,0.034434
ACGCGTTTCTTAAGAG-1,0.000027,0.360756,0.573172,0.000027,0.000027,0.065507,0.000027,0.000458
ACGCTACTGAATGGGC-1,0.000072,0.059806,0.086165,0.089976,0.35188,0.202754,0.207595,0.001751
ACGCTAGTGATACACT-1,0.000065,0.201488,0.114779,0.04756,0.102688,0.349391,0.183965,0.000065
ACGCTGTGAGGCGTAG-1,0.000069,0.116891,0.000069,0.000069,0.186901,0.667152,0.028781,0.000069
ACGGAACACGAGTGCC-1,0.000048,0.017519,0.000048,0.105087,0.000048,0.507088,0.306245,0.063918
ACGGAATTTAGCAAAT-1,0.000047,0.161359,0.035389,0.212628,0.565051,0.024366,0.001114,0.000047
ACGGACTCTCAAAGCG-1,0.001515,0.458015,0.001516,0.001516,0.112756,0.421651,0.001516,0.001516
ACGGAGCGCAAATTAC-1,0.000049,0.608939,0.000049,0.073272,0.155716,0.161876,0.000049,0.000049
ACGGATGGTGCGGATA-1,0.001449,0.586615,0.00145,0.00145,0.00145,0.404687,0.00145,0.00145
ACGGCACTTGCTTGGG-1,0.000251,0.457558,0.000251,0.229474,0.311208,0.000754,0.000251,0.000251
ACGGCGACGATGGGAA-1,0.000112,0.657562,0.001155,0.000112,0.203727,0.137109,0.000112,0.000112
ACGGCGGGTTGCCCTG-1,0.000023,0.213992,0.000144,0.416657,0.021807,0.130726,0.208269,0.008384
ACGGGAGTGTCGGCCC-1,0.000036,0.098632,0.000036,0.016902,0.161559,0.38394,0.338859,0.000036
ACGGGCGTATGCGACA-1,0.000085,0.502157,0.000085,0.000085,0.216423,0.275531,0.005551,0.000085
ACGGGTCATGTGACTT-1,0.00009,0.806465,0.140458,0.00009,0.048687,0.004031,0.00009,0.00009
ACGGTACAGTTCAATG-1,0.000051,0.016862,0.015489,0.024908,0.000051,0.445853,0.154339,0.342445
ACGTACAGATTTCTCT-1,0.000214,0.262789,0.000214,0.000214,0.38074,0.355402,0.000214,0.000214
ACGTAGGAGAGTCGCT-1,0.000218,0.028825,0.000218,0.120097,0.228406,0.20075,0.421268,0.000218
ACGTATTACTCCGATC-1,0.000065,0.021944,0.969924,0.000066,0.000066,0.000197,0.000066,0.007674
ACGTCCTAAACGAGAT-1,0.000298,0.000298,0.000298,0.076418,0.9212,0.000893,0.000298,0.000298
ACGTCTCGTTCCGGGA-1,0.000575,0.205484,0.000575,0.000575,0.049941,0.741701,0.000575,0.000575
ACGTGCGCCTCGTGCA-1,0.000074,0.200529,0.024899,0.000074,0.260666,0.016089,0.469423,0.028248
ACGTTAATGTCGAAGA-1,0.00008,0.047298,0.087869,0.00008,0.030836,0.106902,0.516353,0.210582
ACGTTAGATTTGCCCG-1,0.000048,0.087365,0.147117,0.032554,0.000048,0.675316,0.057503,0.000048
ACGTTATTGGTCACTC-1,0.000134,0.855283,0.03828,0.000134,0.012713,0.093189,0.000134,0.000134
ACGTTCCGCGCTCCGT-1,0.00009,0.326613,0.00009,0.00009,0.65881,0.014129,0.00009,0.00009
ACGTTCGCAATCAATT-1,0.000024,0.000024,0.000024,0.969254,0.030553,0.000072,0.000024,0.000024
ACGTTCTGTACAAGTC-1,0.000048,0.000048,0.13929,0.000048,0.283146,0.304152,0.273219,0.000048
ACGTTTAGTTGTGATC-1,0.00098,0.116449,0.000981,0.000981,0.507186,0.371462,0.000981,0.000981
ACGTTTCGGTGCACTT-1,0.000074,0.000074,0.037775,0.000074,0.473229,0.225339,0.201934,0.061503
ACTACCAGCTCTCTGG-1,0.000059,0.064607,0.100053,0.000059,0.040829,0.506507,0.282793,0.005094
ACTAGTTGCGATCGTC-1,0.000059,0.00008,0.039479,0.016515,0.081923,0.689161,0.172724,0.000059
ACTATCCAGGGCATGG-1,0.000057,0.110748,0.059717,0.052891,0.055202,0.546679,0.155029,0.019678
ACTATCGCCGGCTAAA-1,0.000041,0.878882,0.106082,0.000041,0.000041,0.000124,0.000041,0.014747
ACTATCTGCCCGCGTA-1,0.000054,0.088276,0.145297,0.000054,0.000054,0.462313,0.300797,0.003154
ACTATTTCCGGGCCCA-1,0.000034,0.000034,0.000034,0.011195,0.09714,0.000102,0.856698,0.034762
ACTCAACGAATGTATT-1,0.000017,0.095707,0.000017,0.857285,0.008012,0.000644,0.036952,0.001367
ACTCAAGTGCAAGGCT-1,0.001389,0.358363,0.001389,0.001389,0.001389,0.633301,0.001389,0.001389
ACTCAATAAAGGCACG-1,0.000098,0.288748,0.000098,0.057831,0.351017,0.302012,0.000098,0.000098
ACTCAGACCTGCTTCT-1,0.00002,0.00002,0.00002,0.809688,0.00002,0.147628,0.042582,0.00002
ACTCCAATATCATCAT-1,0.000035,0.084363,0.063164,0.062796,0.000035,0.207845,0.365192,0.216571
ACTCCCATTCCTAAAG-1,0.00003,0.00003,0.00003,0.00003,0.000747,0.407779,0.591323,0.00003
ACTCCCGAATTCGTTT-1,0.000026,0.034029,0.041088,0.360247,0.06579,0.184309,0.192561,0.121951
ACTCCCGTAGACTAGG-1,0.000298,0.16758,0.000298,0.000298,0.582996,0.247935,0.000298,0.000298
ACTCCCTAATGCTAAA-1,0.000059,0.919151,0.000059,0.000059,0.069419,0.011136,0.000059,0.000059
ACTCCCTAGAATAGTA-1,0.000117,0.998951,0.000117,0.000117,0.000117,0.00035,0.000117,0.000117
ACTCCGGCCGACCACT-1,0.000045,0.000045,0.000045,0.054046,0.012245,0.658941,0.274587,0.000045
ACTCGATGTATTTCAT-1,0.000133,0.87359,0.060203,0.000133,0.000133,0.065543,0.000133,0.000133
ACTCGCCGTTCGATAA-1,0.000048,0.099968,0.16434,0.037471,0.124174,0.467263,0.067073,0.039663
ACTCGCGATCTGACGC-1,0.00038,0.10225,0.087023,0.00038,0.214162,0.595043,0.00038,0.00038
ACTCGTAACCCGTCCT-1,0.000032,0.000683,0.000032,0.000032,0.006878,0.692365,0.299946,0.000032
ACTCGTCAGTAATCCC-1,0.000188,0.981787,0.000188,0.000188,0.000188,0.017082,0.000188,0.000188
ACTCTAAACCTGGGAT-1,0.000037,0.762531,0.069003,0.025194,0.047335,0.095827,0.000037,0.000037
ACTCTCTGACTTAGGT-1,0.000119,0.673276,0.232627,0.00012,0.012421,0.011586,0.069732,0.00012
ACTCTGACCTAATAGA-1,0.000049,0.000049,0.104365,0.055168,0.045073,0.492611,0.266231,0.036456
ACTCTTCAGCTCCCGC-1,0.000045,0.172081,0.000045,0.000045,0.602613,0.075991,0.029199,0.119983
ACTGAAACGCCGTTAG-1,0.000162,0.147177,0.040779,0.021264,0.053283,0.664194,0.072979,0.000162
ACTGAATGGCGAAAGT-1,0.000183,0.505408,0.167915,0.101649,0.000183,0.224297,0.000183,0.000183
ACTGCCGTCGTAACTC-1,0.000602,0.000603,0.000603,0.000603,0.670005,0.001808,0.325175,0.000603
ACTGCGGACACACCGT-1,0.000331,0.129053,0.000331,0.0307,0.250619,0.588304,0.000331,0.000331
ACTGCTCGGAAGGATG-1,0.000034,0.127358,0.241702,0.000034,0.042201,0.529412,0.059224,0.000034
ACTGTACGATACACAT-1,0.000054,0.935818,0.063747,0.000054,0.000054,0.000163,0.000054,0.000054
ACTGTAGCACTTTGGA-1,0.00007,0.050103,0.094374,0.00007,0.00007,0.820824,0.031781,0.002709
ACTGTATACGCGAGCA-1,0.000032,0.090275,0.001499,0.664327,0.016311,0.03569,0.188093,0.003773
ACTGTCCAGGATTATA-1,0.000025,0.082634,0.03438,0.477883,0.037274,0.092008,0.057562,0.218234
ACTGTGCTAGTAGATC-1,0.000096,0.244541,0.000096,0.000096,0.429699,0.32528,0.000096,0.000096
ACTGTTTAGTGTAGGC-1,0.000051,0.00041,0.000051,0.049267,0.74569,0.162502,0.041978,0.000051
ACTTACGCATCCACGC-1,0.0025,0.332873,0.002501,0.002501,0.002501,0.652124,0.002501,0.002501
ACTTAGTACGACAAGA-1,0.000093,0.209813,0.000093,0.000093,0.14876,0.562649,0.078406,0.000093
