Barcode,Topic 1,Topic 2,Topic 3to5,Topic 6to8,Topic 9to10
AAACAACGAATAGTTC-1,0.000578,0.000578,0.406223,0.244724,0.347896
AAACAAGTATCTCCCA-1,0.000031,0.000031,0.201286,0.502706,0.295946
AAACAATCTACTAGCA-1,0.000069,0.03457,0.166968,0.585841,0.212552
AAACACCAATAACTGC-1,0.001961,0.001961,0.352353,0.005884,0.637841
AAACAGAGCGACTCCT-1,0.002858,0.002858,0.008574,0.290829,0.694881
AAACAGCTTTCAGAAG-1,0.00087,0.00087,0.002609,0.002609,0.993042
AAACAGGGTCTATATT-1,0.002326,0.002326,0.006979,0.006979,0.981389
AAACATTTCCCGGATT-1,0.000061,0.035316,0.274344,0.426627,0.263652
AAACCCGAACGAAATC-1,0.000029,0.492542,0.073117,0.257413,0.176899
AAACCGGGTAGGTACC-1,0.000018,0.001227,0.275336,0.174984,0.548436
AAACCGTTCGTCCAGG-1,0.000019,0.059362,0.42571,0.39682,0.118089
AAACCTAAGCAGCCGG-1,0.000513,0.000513,0.865221,0.132727,0.001026
AAACCTCATGAAGTTG-1,0.000013,0.004241,0.891552,0.001653,0.102541
AAACGAAGAACATACC-1,0.000476,0.000476,0.001429,0.073031,0.924588
AAACGAAGATGGAGTA-1,0.000402,0.00138,0.078524,0.436559,0.483135
AAACGAGACGGTTGAT-1,0.000127,0.000127,0.131415,0.3253,0.543032
AAACGGGCGTACGGGT-1,0.00006,0.024723,0.382239,0.441612,0.151366
AAACGGGTTGGTATCC-1,0.00099,0.00099,0.413423,0.002971,0.581625
AAACTAACGTGGCGAC-1,0.000108,0.015739,0.225575,0.382564,0.376015
AAACTCGGTTCGCAAT-1,0.000238,0.000238,0.25126,0.149517,0.598747
AAACTCGTGATATAAG-1,0.000034,0.025201,0.068132,0.484706,0.421927
AAACTGCTGGCTCCAA-1,0.000085,0.046408,0.105763,0.159257,0.688488
AAACTTAATTGCACGC-1,0.00026,0.00026,0.000779,0.111769,0.886932
AAACTTGCAAACGTAT-1,0.000037,0.000037,0.999738,0.000112,0.000075
AAAGACCCAAGTCGCG-1,0.000196,0.000196,0.000587,0.35585,0.643171
AAAGACTGGGCGCTTT-1,0.00004,0.00004,0.584033,0.18604,0.229847
AAAGGCCCTATAATAC-1,0.001389,0.001389,0.004168,0.004168,0.988886
AAAGGCTACGGACCAT-1,0.000109,0.069902,0.195129,0.434793,0.300067
AAAGGGCAGCTTGAAT-1,0.39253,0.02251,0.000407,0.046324,0.538229
AAAGGTAAGCTGTACC-1,0.001205,0.001205,0.734576,0.003615,0.259398
AAAGTAGCATTGCTCA-1,0.000065,0.039556,0.256407,0.049385,0.654587
AAAGTCGACCCTCAGT-1,0.000155,0.000155,0.45123,0.037631,0.51083
AAAGTGTGATTTATCT-1,0.00003,0.060771,0.246437,0.289159,0.403603
AAAGTTGACTCCCGTA-1,0.000016,0.023152,0.595086,0.173789,0.207957
AAATAACCATACGGGA-1,0.0008,0.0008,0.002401,0.002401,0.993598
AAATAAGGTAGTGCCC-1,0.000028,0.115579,0.102696,0.513279,0.268418
AAATACCTATAAGCAT-1,0.000051,0.000051,0.000153,0.000153,0.999591
AAATAGCTTAGACTTT-1,0.000035,0.000035,0.149977,0.531893,0.31806
AAATAGGGTGCTATTG-1,0.006251,0.006252,0.956236,0.018757,0.012505
AAATCCGATACACGCC-1,0.000297,0.000297,0.997922,0.00089,0.000594
AAATCGCGGAAGGAGT-1,0.000259,0.000259,0.000777,0.402075,0.596629
AAATCTAGCCCTGCTA-1,0.000036,0.020931,0.042638,0.540909,0.395487
AAATCTGCCCGCGTCC-1,0.000813,0.000813,0.00244,0.00244,0.993494
AAATGATTCGATCAGC-1,0.000033,0.020458,0.464353,0.21474,0.300416
AAATGCTCGTTACGTT-1,0.000049,0.004495,0.000148,0.128664,0.866644
AAATGGCATGTCTTGT-1,0.000855,0.000855,0.002565,0.002565,0.99316
AAATGGCCCGTGCCCT-1,0.001924,0.001924,0.1435,0.005771,0.846882
AAATGGTCAATGTGCC-1,0.000021,0.232169,0.038669,0.528954,0.200187
AAATTACACGACTCTG-1,0.001299,0.001299,0.003897,0.003897,0.989608
AAATTACCTATCGATG-1,0.000067,0.000067,0.623568,0.311973,0.064325
AAATTCCAGGTCCAAA-1,0.000017,0.53526,0.000056,0.352408,0.112259
AAATTGATAGTCCTTT-1,0.000075,0.020546,0.160802,0.21321,0.605367
AAATTGCGGCGGTTCT-1,0.001177,0.001177,0.203773,0.220012,0.573861
AAATTTACCGAAATCC-1,0.001099,0.001099,0.338025,0.003298,0.656479
AAATTTGCGGGTGTGG-1,0.000028,0.000685,0.014591,0.21827,0.766427
AACAACTGGTAGTTGC-1,0.000028,0.042245,0.33172,0.416917,0.20909
AACAATACATTGTCGA-1,0.000221,0.000221,0.000662,0.049471,0.949425
AACAATTACTCTACGC-1,0.000004,0.000004,0.980441,0.000012,0.019539
AACACACGCTCGCCGC-1,0.00002,0.006191,0.297941,0.46682,0.229028
AACACGACTGTACTGA-1,0.000239,0.000239,0.227209,0.092733,0.679581
AACACGAGACGCGGCC-1,0.000051,0.000051,0.320129,0.230621,0.449149
AACACGCGGCCGCGAA-1,0.000045,0.038935,0.195984,0.051779,0.713257
AACAGCTGTGTGGCAA-1,0.000087,0.022354,0.08259,0.152231,0.742738
AACAGGAAATCGAATA-1,0.000181,0.000181,0.327194,0.000543,0.671902
AACAGGATGGGCCGCG-1,0.000013,0.052226,0.40425,0.247792,0.295719
AACAGGTAGTATGGAT-1,0.000012,0.890325,0.018916,0.008063,0.082684
AACATAGCGTGTATCG-1,0.025007,0.025005,0.824943,0.075026,0.050019
AACATATCAACTGGTG-1,0.000034,0.020581,0.083225,0.43243,0.463731
AACATCGATACGTCTA-1,0.000068,0.000068,0.150935,0.273513,0.575417
AACATTGAAGTTGATC-1,0.000085,0.000085,0.875451,0.000255,0.124124
AACATTGGTCAGCCGT-1,0.000351,0.000351,0.206304,0.001053,0.791942
AACATTGTGACTCGAG-1,0.000249,0.000249,0.000748,0.000748,0.998004
AACCAAGACTTCTCTG-1,0.000007,0.010914,0.933117,0.008751,0.04721
AACCAGTATCACTCTT-1,0.000498,0.000498,0.228702,0.158927,0.611376
AACCATAGGGTTGAAC-1,0.000112,0.000112,0.15276,0.066436,0.78058
AACCATGGGATCGCTA-1,0.000033,0.013961,0.003314,0.247288,0.735404
AACCCAGAGACGGAGA-1,0.000074,0.000074,0.006393,0.105592,0.887866
AACCCATCCCATGATC-1,0.001961,0.001962,0.005884,0.0796,0.910594
AACCCGACAACCCGTG-1,0.000039,0.000039,0.118742,0.000118,0.881062
AACCCGAGCAGAATCG-1,0.000045,0.073886,0.075587,0.545772,0.30471
AACCCTACTGTCAATA-1,0.000029,0.000029,0.374944,0.288592,0.336406
AACCCTGGTGGAACCA-1,0.000337,0.000337,0.787275,0.211377,0.000674
AACCGAGCTTGGTCAT-1,0.000072,0.000072,0.100095,0.000216,0.899545
AACCGCTAAGGGATGC-1,0.000022,0.005935,0.227781,0.331309,0.434954
AACCGTTGTGTTTGCT-1,0.000347,0.000347,0.372707,0.001042,0.625557
AACCTAAAGCCGTCCG-1,0.000172,0.000172,0.016715,0.092554,0.890388
AACCTCGCTTTAGCCC-1,0.002632,0.002632,0.240492,0.007897,0.746347
AACCTGTCACGGAATT-1,0.00004,0.258146,0.09075,0.269986,0.381077
AACCTTTAAATACGGT-1,0.000224,0.000224,0.309192,0.047399,0.642961
AACCTTTACGACGTCT-1,0.003449,0.003449,0.576685,0.409519,0.006899
AACGAAAGTCGTCCCA-1,0.000081,0.000081,0.170059,0.000242,0.829539
AACGATAATGCCGTAG-1,0.00003,0.00003,0.114799,0.043887,0.841253
AACGATAGAAGGGCCG-1,0.000071,0.000071,0.292258,0.007122,0.700478
AACGATATGTCAACTG-1,0.001924,0.001924,0.389486,0.005771,0.600897
AACGCATGATCTGGGT-1,0.001588,0.001588,0.398045,0.004763,0.594016
AACGCGAACGGCAACA-1,0.000188,0.000188,0.000563,0.000563,0.998499
AACGCGACCTTGGGCG-1,0.000083,0.056895,0.308803,0.080479,0.55374
AACGCTGTTGCTGAAA-1,0.000033,0.023849,0.054838,0.550795,0.370485
AACGGACGTACGTATA-1,0.000021,0.008403,0.429181,0.370877,0.191518
AACGGCCATCTCCGGT-1,0.000022,0.0048,0.222215,0.578189,0.194774
AACGTACTGTGGGTAC-1,0.000032,0.087456,0.06393,0.581204,0.267378
AACGTAGTCTACCCAT-1,0.000079,0.004186,0.008996,0.78956,0.197179
AACGTCAGACTAGTGG-1,0.000048,0.031741,0.09673,0.410099,0.461382
AACGTGATGAAGGACA-1,0.000375,0.000375,0.549903,0.088862,0.360486
AACGTGCGAAAGTCTC-1,0.000234,0.000234,0.000703,0.594483,0.404346
AACGTTATCAGCACCT-1,0.000617,0.000617,0.625301,0.001852,0.371612
AACTACCCGTTTGTCA-1,0.000007,0.999346,0.000611,0.000021,0.000014
AACTCAAGTTAATTGC-1,0.000033,0.113602,0.010049,0.371515,0.5048
AACTCCAGAGCGTGTT-1,0.000106,0.000106,0.118252,0.407554,0.473982
AACTCCTAATCCCATG-1,0.001471,0.001471,0.004413,0.004413,0.988232
AACTCGATAAACACGT-1,0.000037,0.011766,0.074528,0.103762,0.809908
AACTCGATGGCGCAGT-1,0.000045,0.010783,0.125605,0.009428,0.854138
AACTCTCAATAGAGCG-1,0.000016,0.004683,0.610094,0.253887,0.13132
AACTCTCAGTGTGCTC-1,0.000048,0.000048,0.102495,0.444349,0.45306
AACTGAGGTCAGCGTC-1,0.000123,0.000123,0.46727,0.10824,0.424244
AACTGGGTTCGAGCCG-1,0.004546,0.004547,0.01364,0.01364,0.963628
AACTTCTGCGTCTATC-1,0.000028,0.055873,0.356031,0.411314,0.176754
AACTTGCCCGTATGCA-1,0.000007,0.000273,0.938215,0.000148,0.061357
AACTTGCGTTCTCGCG-1,0.000077,0.000077,0.000231,0.000231,0.999384
AACTTTACGGGAGCTT-1,0.001316,0.001316,0.003949,0.304298,0.689121
AAGAAAGTTTGATGGG-1,0.000503,0.000503,0.001508,0.001508,0.995979
AAGAAGGATCAGTTAG-1,0.00004,0.007367,0.104255,0.00012,0.888218
AAGACATACGTGGTTT-1,0.000017,0.020364,0.287602,0.239243,0.452774
AAGACCAAATAACTCA-1,0.00035,0.00035,0.284474,0.192998,0.521829
AAGACCCAACTGAACA-1,0.000065,0.071955,0.036605,0.462409,0.428965
AAGACTAACCCGTTGT-1,0.000637,0.000637,0.001911,0.106428,0.890386
AAGACTGCAAGCTACT-1,0.000037,0.00675,0.349701,0.179071,0.464442
AAGAGATGAATCGGTA-1,0.000025,0.042565,0.24859,0.090669,0.61815
AAGAGCTCTTTATCGG-1,0.000172,0.000172,0.163641,0.407141,0.428875
AAGAGGATGTACGCGA-1,0.000021,0.000263,0.266016,0.258668,0.475031
AAGAGGCATGGATCGC-1,0.000129,0.052246,0.098839,0.212473,0.636314
AAGAGGCCCTTTGGAA-1,0.000038,0.040785,0.000114,0.612564,0.3465
AAGATGGCACCGGACC-1,0.000236,0.000236,0.000708,0.454262,0.544558
AAGATTGGCGGAACGT-1,0.000149,0.000149,0.187457,0.000447,0.811797
AAGCACCCTGCGTATC-1,0.000439,0.000439,0.001316,0.018303,0.979503
AAGCATACTCTCCTGA-1,0.000084,0.014138,0.103059,0.051078,0.831641
AAGCCGAAGCGGTTTA-1,0.000043,0.021229,0.123566,0.43646,0.418701
AAGCCGCCGTGAAATC-1,0.000578,0.000578,0.001735,0.546071,0.451038
AAGCGCAGGGCTTTGA-1,0.000198,0.000198,0.251369,0.000594,0.74764
AAGCGGCGTCATGGGT-1,0.000855,0.000855,0.002565,0.002565,0.993161
AAGCGTCCCTCATCGA-1,0.00009,0.00009,0.406942,0.328569,0.264309
AAGCTAGATCGAGTAA-1,0.000094,0.000094,0.081706,0.160499,0.757607
AAGCTATGGATTGACC-1,0.000312,0.000312,0.101392,0.381816,0.516169
AAGCTCGTGCCAAGTC-1,0.000098,0.000098,0.999313,0.000294,0.000196
AAGCTCTTTCATGGTG-1,0.004547,0.004547,0.013641,0.390521,0.586745
AAGGAGCGGTTGGTGC-1,0.000032,0.184578,0.000095,0.634527,0.180769
AAGGATCGATCGCTTG-1,0.000035,0.149513,0.028604,0.517457,0.304391
AAGGATGAGGGACCTC-1,0.000176,0.1504,0.014598,0.174908,0.659917
AAGGCGCGTAAAGCTT-1,0.000034,0.061977,0.109331,0.440459,0.388199
AAGGCTGTGCTCATCG-1,0.000033,0.230752,0.047399,0.420556,0.301259
AAGGGAACGACTGGCT-1,0.001334,0.001334,0.004001,0.004001,0.98933
AAGGGACAGATTCTGT-1,0.000028,0.000028,0.922389,0.077498,0.000056
AAGGGACTATGCATTC-1,0.000109,0.029093,0.000327,0.024773,0.945698
AAGGTATCCTAATATA-1,0.001099,0.001099,0.288725,0.180546,0.52853
AAGGTGATAAACCAGC-1,0.000025,0.01825,0.176824,0.369026,0.435876
AAGTAGAAGACCGGGT-1,0.000048,0.000048,0.427004,0.372067,0.200834
AAGTAGTGACGCGAGG-1,0.000022,0.005839,0.26663,0.24631,0.4812
AAGTCAATTGTCGTCA-1,0.000036,0.000036,0.170096,0.389509,0.440322
AAGTGACGACCGAATT-1,0.000005,0.008315,0.936086,0.04404,0.011554
AAGTGAGTCGGGTTTA-1,0.000049,0.056815,0.152415,0.063236,0.727485
AAGTGCAAAGGTAGAC-1,0.000345,0.000345,0.001035,0.406421,0.591854
AAGTGCCTTGACTGTA-1,0.000047,0.019252,0.157192,0.374086,0.449423
AAGTGCGTTAGAATCT-1,0.000053,0.014572,0.027194,0.383282,0.5749
AAGTGCTTCTCTATTG-1,0.000051,0.023294,0.16875,0.058676,0.749228
AAGTGTTTGGAGACGG-1,0.001613,0.001613,0.00484,0.177481,0.814453
AAGTTCACTCCAAGCT-1,0.000827,0.000827,0.773653,0.00248,0.222214
AAGTTCAGTCTGCGTA-1,0.000541,0.136018,0.001622,0.410254,0.451565
AAGTTCGGCCAACAGG-1,0.000024,0.002239,0.144506,0.504865,0.348366
AAGTTGTGATGTTATA-1,0.000041,0.018062,0.459391,0.356452,0.166054
AAGTTTACTAATGGCA-1,0.00007,0.021112,0.000211,0.046343,0.932264
AAGTTTATGGGCCCAA-1,0.001352,0.001352,0.172178,0.110419,0.714699
AATAACAACGCTCGGC-1,0.000021,0.007627,0.278469,0.176439,0.537444
AATAACACTAGAACAA-1,0.000035,0.043553,0.016989,0.251988,0.687435
AATAAGTCCTCGAGAC-1,0.000056,0.000056,0.224247,0.058683,0.716958
AATACAATGTTTCAGG-1,0.001235,0.001235,0.003705,0.382551,0.611274
AATACCGGAGGGCTGT-1,0.000046,0.000046,0.130613,0.000138,0.869157
AATAGAACAGAGTGGC-1,0.000033,0.179272,0.0001,0.503844,0.316751
AATAGAATCTGTTTCA-1,0.000029,0.05694,0.114757,0.42195,0.406324
AATAGCTACCGCGTGC-1,0.000944,0.000944,0.002831,0.404464,0.590818
AATAGTCGCGAGTCGG-1,0.002128,0.131518,0.006385,0.625331,0.234638
AATATCAAGGTCGGAT-1,0.000027,0.000662,0.443531,0.400018,0.155762
AATATCGAATCAATGC-1,0.000036,0.15878,0.027429,0.506429,0.307325
AATATCGAGGGTTCTC-1,0.000038,0.017564,0.215151,0.420918,0.346329
AATATTGGAGTATTGA-1,0.000032,0.000032,0.186483,0.003079,0.810374
AATCAGACTGCAGGAC-1,0.000885,0.000885,0.77018,0.002656,0.225394
AATCATGTAAAGACTC-1,0.000043,0.011681,0.000128,0.468236,0.519913
AATCCAAGGGCCTGAG-1,0.000051,0.000051,0.000152,0.039117,0.960629
AATCCATGCAAGGGTG-1,0.000204,0.000204,0.310016,0.000611,0.688966
AATCGAGGTCTCAAGG-1,0.010002,0.010002,0.030009,0.92998,0.020006
AATCGCCTCAGCGCCA-1,0.000215,0.000215,0.01364,0.447923,0.538008
AATCGCGCAGAGGACT-1,0.000019,0.629885,0.053619,0.155033,0.161445
AATCGGGACACTACGA-1,0.000096,0.000096,0.000289,0.000289,0.999231
AATCGGTATAGCCCTC-1,0.000047,0.009672,0.265234,0.297752,0.427295
AATCGTGAGCCGAGCA-1,0.00164,0.00164,0.004919,0.004919,0.986882
AATCTAGGTTTACTTG-1,0.000621,0.000621,0.001864,0.614702,0.382192
AATCTATGCCGGAGCC-1,0.000034,0.041794,0.161728,0.590539,0.205905
AATCTCTACTGTGGTT-1,0.001053,0.001053,0.095152,0.462407,0.440335
AATCTGCGTTGGGACG-1,0.000005,0.006769,0.936722,0.051972,0.004532
AATCTGGCTTTCTAGT-1,0.003334,0.003334,0.010003,0.010004,0.973325
AATCTGGGTAGACCCT-1,0.000725,0.000725,0.002175,0.994926,0.00145
AATGACAGCAATGTCT-1,0.000029,0.066655,0.076831,0.319572,0.536913
AATGACGTAGGATGTC-1,0.001695,0.001695,0.005086,0.63453,0.356993
AATGACTGTCAGCCGG-1,0.000047,0.028336,0.243213,0.438946,0.289458
AATGAGTTCGCATATG-1,0.000111,0.000111,0.000333,0.110406,0.88904
AATGATGATACGCTAT-1,0.000124,0.000124,0.363515,0.161716,0.474521
AATGATGCGACTCCTG-1,0.000066,0.10829,0.127304,0.084123,0.680216
AATGCACCAAGCAATG-1,0.000581,0.000582,0.582396,0.14822,0.26822
AATGGTCCACCGTTCA-1,0.00008,0.00008,0.048712,0.076683,0.874446
AATGGTTCTCACAAGC-1,0.000058,0.024618,0.044832,0.598229,0.332264
AATGTATGGCACTGTA-1,0.000152,0.000152,0.000455,0.000455,0.998788
AATGTGCCCGAGGTGT-1,0.000103,0.000103,0.156326,0.412376,0.431091
AATGTTAAGACCCTGA-1,0.020003,0.020003,0.06002,0.060019,0.839955
AATGTTGTCGTGAGAC-1,0.000043,0.000043,0.158464,0.00013,0.841319
AATTAAAGGTCGGCGT-1,0.000014,0.848306,0.000043,0.144199,0.007437
AATTACGAGACCCATC-1,0.000447,0.000447,0.140614,0.224698,0.633795
AATTACTCGTACGCTC-1,0.00012,0.00012,0.00036,0.00036,0.999039
AATTATACCCAGCAAG-1,0.000158,0.000158,0.203278,0.406726,0.389681
AATTCATAAGGGATCT-1,0.00164,0.00164,0.004919,0.632192,0.359609
AATTCATTGTCATGCA-1,0.000685,0.000685,0.459384,0.002055,0.537191
AATTCCAACTTGGTGA-1,0.000212,0.000212,0.386404,0.000637,0.612534
AATTCGATTCGAGGAT-1,0.000833,0.33291,0.002501,0.002501,0.661255
AATTGAACGCTCTGGT-1,0.000129,0.000129,0.274537,0.54417,0.181034
AATTGCAGCAATCGAC-1,0.000041,0.010231,0.000122,0.508611,0.480994
AATTGCGTGGATTACA-1,0.000036,0.000036,0.142438,0.000108,0.857383
AATTTGGGACATAGTA-1,0.002501,0.002501,0.007502,0.007502,0.979995
AATTTGGTTCCAAAGA-1,0.000199,0.000199,0.293722,0.000598,0.705282
ACAAACCATGCGTCCT-1,0.000935,0.000935,0.002805,0.002805,0.992521
ACAAACCGACAAGGCG-1,0.000207,0.000207,0.000621,0.000621,0.998343
ACAAAGCATGACCTAG-1,0.000043,0.004668,0.301167,0.617837,0.076284
ACAAATCGCACCGAAT-1,0.000192,0.20031,0.135225,0.198896,0.465376
ACAAATGGTAGTGTTT-1,0.00015,0.034875,0.015522,0.392215,0.557239
ACAAATTCAGATCTGA-1,0.000379,0.000379,0.571015,0.197081,0.231146
ACAACAGCATGAGCTA-1,0.000068,0.053517,0.946076,0.000203,0.000136
ACAACGGTCCCTGCGA-1,0.000283,0.000283,0.000848,0.000848,0.997739
ACAAGCAGTGCCTAGC-1,0.000021,0.054054,0.298167,0.422221,0.225537
ACAAGGAAATCCGCCC-1,0.003334,0.191131,0.204977,0.010003,0.590554
ACAAGGACAAGAGGTT-1,0.000027,0.009533,0.144412,0.314372,0.531656
ACAAGGATGCTTTAGG-1,0.000094,0.000094,0.870848,0.117973,0.010992
ACAAGGGCAGGCTCTG-1,0.000741,0.000741,0.002223,0.209962,0.786333
ACAAGTAATTGTAAGG-1,0.000082,0.000082,0.4033,0.449643,0.146894
ACAATAGTCGTACGTT-1,0.000614,0.000614,0.107726,0.220494,0.670553
ACAATCCATTTAAACC-1,0.000025,0.020662,0.154805,0.303816,0.520693
ACAATCGATCTTTATA-1,0.000341,0.000341,0.691071,0.294344,0.013903
ACAATGAATACGGAGA-1,0.000066,0.000066,0.002986,0.175148,0.821734
ACAATGATTCTTCTAC-1,0.000162,0.000162,0.262529,0.288188,0.44896
ACAATTGTGTCTCTTT-1,0.000031,0.009433,0.063046,0.412592,0.514898
ACAATTTAGGAGGCTC-1,0.000781,0.000781,0.776846,0.002344,0.219247
ACAATTTGAGCAGTGG-1,0.000362,0.000362,0.608726,0.19793,0.19262
ACACACCAGGACCAGT-1,0.000015,0.017656,0.465547,0.266473,0.250307
ACACATGATCAAATCT-1,0.001352,0.077185,0.004055,0.265468,0.65194
ACACATTGACGCAACA-1,0.000044,0.000044,0.424066,0.163944,0.411902
ACACCACATAATTAGC-1,0.000038,0.045353,0.232858,0.299193,0.422558
ACACCCAGCATGCAGC-1,0.000165,0.000165,0.212196,0.173546,0.613928
ACACCCGAGAAATCCG-1,0.000057,0.043116,0.000171,0.265039,0.691617
ACACCGAGCGCTCTTT-1,0.000087,0.000087,0.406925,0.401836,0.191065
ACACCGGTCTGACCGC-1,0.000893,0.000893,0.002679,0.002679,0.992855
ACACCTTAAGTAGGGC-1,0.000059,0.026476,0.167499,0.346676,0.45929
ACACCTTACTACTTGC-1,0.000031,0.299564,0.01814,0.388668,0.293597
ACACGAGACTCCTTCT-1,0.000115,0.000115,0.000344,0.000344,0.999083
ACACGGCACTATGCAT-1,0.00011,0.00011,0.651148,0.042195,0.306437
ACACGGGAACTTAGGG-1,0.000083,0.000083,0.106394,0.077286,0.816154
ACACGTAGGCCACAAG-1,0.000039,0.01205,0.00033,0.781566,0.206014
ACACTCCAATGTCACT-1,0.000065,0.014236,0.000194,0.072074,0.913431
ACACTGATCAAGGTGT-1,0.000038,0.172231,0.000115,0.503084,0.324532
ACAGAACTGAGAACAA-1,0.000042,0.033534,0.070939,0.351344,0.544141
ACAGATTAGGTTAGTG-1,0.000402,0.000402,0.014983,0.001205,0.983008
ACAGCATAGAGCCAGT-1,0.000083,0.000083,0.00025,0.210712,0.788871
ACAGCGACATTCTCAT-1,0.000034,0.000034,0.200236,0.641895,0.157802
ACAGCGCACCCGCAGC-1,0.000575,0.000575,0.182143,0.001725,0.814982
ACAGGCACGGATCCTT-1,0.000038,0.049171,0.103903,0.537578,0.30931
ACAGGCTTGCCCGACT-1,0.000107,0.040763,0.000322,0.485919,0.472888
ACAGGTGGAGGTGAGG-1,0.000028,0.043158,0.205135,0.402986,0.348694
ACAGTAATACAACTTG-1,0.000287,0.124685,0.000862,0.134601,0.739565
ACAGTATACCGTGGGA-1,0.000093,0.088624,0.219262,0.316374,0.375647
ACATAAGTCGTGGTGA-1,0.001021,0.001021,0.003062,0.003062,0.991834
ACATCAGCTGGGACGC-1,0.000419,0.075536,0.001256,0.523003,0.399786
ACATCCTGGTAACTGT-1,0.000039,0.014807,0.173836,0.449026,0.362291
ACATCGGTCAGCCGCG-1,0.000036,0.037161,0.119539,0.40919,0.434073
ACATCGTATGCAATGG-1,0.000332,0.120305,0.000997,0.228106,0.650259
ACATCGTTAACCTAGT-1,0.000526,0.154601,0.001579,0.147248,0.696046
ACATCTCAACGCGTAA-1,0.000038,0.000038,0.738749,0.111698,0.149477
ACATGCTTACGGCAGC-1,0.000807,0.000807,0.00242,0.00242,0.993547
ACATGGCGCCAAAGTA-1,0.000033,0.042772,0.075555,0.357256,0.524385
ACATGGCTCAATTTAG-1,0.000154,0.000154,0.998921,0.000462,0.000308
ACCAAACTAGAAATCC-1,0.000126,0.000126,0.433805,0.084701,0.481242
ACCAACACCACACACT-1,0.000035,0.011635,0.446542,0.291937,0.249851
ACCAACCGCACTCCAC-1,0.000045,0.029629,0.075192,0.416488,0.478646
ACCAACGCTTATTTAT-1,0.000024,0.080833,0.528816,0.339907,0.05042
ACCAAGAACGCGTGTC-1,0.00011,0.00011,0.192901,0.227059,0.57982
ACCAAGTCATCGGCAG-1,0.000047,0.028922,0.241126,0.429395,0.30051
ACCAATATGCAAGTTA-1,0.001563,0.001563,0.004689,0.568814,0.423371
ACCACAACTCAGAACA-1,0.000538,0.000538,0.467301,0.001613,0.53001
ACCACACGGTTGATGG-1,0.00244,0.00244,0.007319,0.220865,0.766937
ACCACCAATGTAACAA-1,0.000014,0.146843,0.517904,0.275174,0.060065
ACCACGTGCAGCTATA-1,0.00137,0.00137,0.004111,0.312605,0.680544
ACCACTGTTCAAGAAG-1,0.000125,0.000125,0.235787,0.000375,0.763587
ACCAGACCATAACAAC-1,0.00012,0.079435,0.136937,0.054773,0.728735
ACCAGCCCGGTCTTTG-1,0.000086,0.072791,0.000259,0.000275,0.926588
ACCAGTGCCCGGTCAA-1,0.000117,0.036131,0.63878,0.037214,0.287759
ACCAGTGCGGGAGACG-1,0.000018,0.026084,0.35847,0.477891,0.137537
ACCATCCGCCAACTAG-1,0.000349,0.000349,0.52069,0.083099,0.395514
ACCATCGTATATGGTA-1,0.00003,0.029602,0.176017,0.649373,0.144977
ACCATTAAGGGTGTCA-1,0.000203,0.039788,0.075484,0.185473,0.699053
ACCCAACGCCCGTGGC-1,0.000226,0.044919,0.250054,0.215838,0.488963
ACCCACCTACATGCTC-1,0.000031,0.001123,0.662377,0.012778,0.323692
ACCCATCTTGAGGGTA-1,0.000038,0.055413,0.119292,0.615587,0.209669
ACCCATTTGTCCCTCT-1,0.000036,0.014677,0.000299,0.517144,0.467845
ACCCGGATGACGCATC-1,0.000024,0.001647,0.414505,0.30696,0.276864
ACCCGGTTACACTTCC-1,0.000011,0.983784,0.004753,0.011429,0.000023
ACCCGTAGCAGAGAAT-1,0.000065,0.000065,0.241351,0.000195,0.758323
ACCCGTGTCATCAGTA-1,0.000101,0.062006,0.023309,0.507294,0.407291
ACCCTATAGGACTGAG-1,0.000047,0.000047,0.163931,0.332441,0.503534
ACCCTATGCCATATCG-1,0.000056,0.010211,0.000167,0.355508,0.634059
ACCCTCCCGTCAGGGC-1,0.000036,0.032413,0.185509,0.166997,0.615045
ACCCTCCCTTGCTATT-1,0.000237,0.000237,0.000711,0.306281,0.692534
ACCCTGGTAACGCCCT-1,0.00006,0.054593,0.000179,0.451258,0.49391
ACCCTTCATCTGCGAA-1,0.000538,0.000538,0.393384,0.001613,0.603927
ACCCTTTAGTTCTCCA-1,0.000493,0.000493,0.001478,0.503747,0.493789
ACCGAAGAGTCTGGTT-1,0.000855,0.000855,0.002565,0.002565,0.99316
ACCGAGTCTCCTTATT-1,0.00125,0.00125,0.003751,0.092005,0.901743
ACCGATGGTAGCATCG-1,0.00002,0.010668,0.532704,0.185622,0.270986
ACCGCAATAACTGCCT-1,0.001053,0.001053,0.003159,0.909171,0.085565
ACCGCGGTGGAAGTCG-1,0.000035,0.076222,0.137751,0.445293,0.340699
ACCGGGCCTTTGTTGA-1,0.00002,0.012931,0.442313,0.162469,0.382266
ACCGGTCAGGTACACC-1,0.001205,0.222671,0.21659,0.101669,0.457864
ACCGTGACCACGTGGG-1,0.000215,0.143267,0.000645,0.152318,0.703554
ACCGTTCCCGCTCTGA-1,0.000562,0.023771,0.001686,0.209818,0.764164
ACCTAAGTACCTTTCA-1,0.00005,0.040945,0.071959,0.453286,0.43376
ACCTAATCGACTTCCT-1,0.000023,0.000023,0.179935,0.400043,0.419976
ACCTACAGTATGTGGT-1,0.000025,0.409304,0.079866,0.408073,0.102731
ACCTCCGCCCTCGCTG-1,0.000015,0.042516,0.294412,0.380619,0.282438
ACCTCCGTTATTCACC-1,0.000012,0.048083,0.488935,0.110641,0.352329
ACCTCGAACTTATGCT-1,0.001205,0.001205,0.003615,0.306596,0.687378
ACCTGCGTGTCATGTT-1,0.000714,0.000715,0.09201,0.002144,0.904418
ACCTTTCCTTTAGAAG-1,0.000117,0.000117,0.394857,0.000351,0.604559
ACGAAATGGGCGGCAC-1,0.000006,0.006035,0.888562,0.028978,0.076419
ACGACTCTAGGGCCGA-1,0.000031,0.002495,0.136945,0.217625,0.642904
ACGACTGGTCATACTC-1,0.000058,0.000058,0.000175,0.00262,0.997089
ACGAGAACCCATCACG-1,0.000044,0.000044,0.000131,0.214405,0.785378
ACGAGATATTTGCTTA-1,0.000278,0.000278,0.234409,0.000834,0.764202
ACGAGGATACCACTCT-1,0.001852,0.001852,0.005557,0.665119,0.325619
ACGAGGTTTACAACGT-1,0.001177,0.001177,0.644964,0.00353,0.349152
ACGAGTACGGATGCCC-1,0.000037,0.04459,0.3043,0.385879,0.265194
ACGAGTCGCCGGCGTT-1,0.00003,0.00003,0.291956,0.444802,0.263181
ACGATACATAGAACTA-1,0.003572,0.003572,0.27198,0.010717,0.710158
ACGATCATCTTGTAAA-1,0.000028,0.004369,0.228347,0.434325,0.332931
ACGATGCATATGTTAT-1,0.00004,0.083354,0.00012,0.664695,0.25179
ACGATGGATCCGATGC-1,0.000529,0.061801,0.001588,0.623453,0.312629
ACGCAAACTAATAGAT-1,0.000043,0.050216,0.134412,0.00013,0.815199
ACGCAATCACTACAGC-1,0.000042,0.076185,0.000824,0.561341,0.361608
ACGCATACGTTTACTA-1,0.000039,0.010413,0.003379,0.516401,0.469768
ACGCCACTCGAAACAG-1,0.00017,0.00017,0.000511,0.000511,0.998637
ACGCCAGATGATTTCT-1,0.001588,0.001588,0.004763,0.004763,0.987299
ACGCCCAGCTGTCGAT-1,0.000091,0.000091,0.000274,0.000274,0.999271
ACGCCGCTAGACGACC-1,0.000051,0.000051,0.000153,0.029563,0.970183
ACGCGCTACACAGGGT-1,0.000026,0.006497,0.249937,0.317985,0.425555
ACGCGTTTCTTAAGAG-1,0.000355,0.000355,0.001064,0.094163,0.904063
ACGCTAGTGATACACT-1,0.00004,0.050094,0.163788,0.368923,0.417155
ACGCTGTGAGGCGTAG-1,0.000151,0.000151,0.014881,0.108036,0.876781
ACGCTTAGTGTCTCTC-1,0.000758,0.000758,0.62452,0.002273,0.371691
ACGGAATTTAGCAAAT-1,0.000058,0.000058,0.000174,0.000174,0.999537
ACGGACGCAGCGACAA-1,0.000375,0.000375,0.483368,0.001124,0.514759
ACGGACTCTCAAAGCG-1,0.001539,0.001539,0.004617,0.004617,0.987689
ACGGAGCGCAAATTAC-1,0.001961,0.224716,0.005884,0.005884,0.761555
ACGGATGGTGCGGATA-1,0.002858,0.002858,0.008574,0.008574,0.977137
ACGGCGACGATGGGAA-1,0.000588,0.000588,0.001765,0.859385,0.137673
ACGGCGGGTTGCCCTG-1,0.000038,0.558386,0.000113,0.000113,0.441351
ACGGCTGGATGTAGAA-1,0.000516,0.000516,0.094185,0.001547,0.903237
ACGGGAGTGTCGGCCC-1,0.000041,0.000041,0.016162,0.385773,0.597983
ACGGGCGTATGCGACA-1,0.000068,0.000068,0.236163,0.287459,0.476242
ACGGGTCATGTGACTT-1,0.002942,0.002942,0.008826,0.008826,0.976464
ACGGGTTGTGACCTGT-1,0.000493,0.123427,0.001478,0.035219,0.839383
ACGGTACAGTTCAATG-1,0.000021,0.004562,0.220136,0.342034,0.433246
ACGGTCACCGAGAACA-1,0.000562,0.000562,0.001686,0.001686,0.995505
ACGTACAGATTTCTCT-1,0.000476,0.000476,0.001429,0.001429,0.996189
ACGTAGATTGCTGATG-1,0.000166,0.000166,0.20521,0.328618,0.465839
ACGTAGGAGAGTCGCT-1,0.000066,0.000066,0.000197,0.000197,0.999474
ACGTATTACTCCGATC-1,0.000013,0.000823,0.702855,0.280942,0.015367
ACGTCCTAAACGAGAT-1,0.000053,0.035131,0.372355,0.115638,0.476823
ACGTCTCGTTCCGGGA-1,0.000108,0.000108,0.42767,0.057617,0.514496
ACGTGACAAAGTAAGT-1,0.00023,0.00023,0.000691,0.276876,0.721971
ACGTGGTCGAATGTGC-1,0.000114,0.000114,0.000342,0.000342,0.999088
ACGTTAATGTCGAAGA-1,0.000037,0.003819,0.00011,0.359736,0.636299
ACGTTAGATTTGCCCG-1,0.000036,0.147999,0.041711,0.424352,0.385902
ACGTTATTGGTCACTC-1,0.000488,0.000488,0.428481,0.001464,0.569079
ACGTTCGCAATCAATT-1,0.000015,0.119053,0.377496,0.383056,0.120381
ACGTTCGTTCAGGAAA-1,0.000012,0.006809,0.940935,0.051782,0.000462
ACGTTCTGTACAAGTC-1,0.000062,0.092773,0.000186,0.544987,0.361991
ACGTTTAGTTGTGATC-1,0.003126,0.003126,0.009378,0.600213,0.384158
ACTAATACGTCAGGCG-1,0.000412,0.000412,0.876632,0.001235,0.121309
ACTACATCCCGACAAG-1,0.001613,0.001613,0.00484,0.00484,0.987093
ACTACCAGCTCTCTGG-1,0.000037,0.08304,0.195912,0.457918,0.263092
ACTAGTTGCGATCGTC-1,0.000043,0.067943,0.154178,0.463725,0.314111
ACTATATGCTGTGTTC-1,0.003031,0.003031,0.128227,0.735128,0.130583
ACTATCCAGGGCATGG-1,0.000037,0.051918,0.0478,0.576976,0.323269
ACTATCTGCCCGCGTA-1,0.000037,0.113828,0.090859,0.460925,0.334352
ACTATGTCCAGCTGCC-1,0.00007,0.00007,0.766218,0.019438,0.214203
ACTATTCGTCCGTGGT-1,0.000157,0.000157,0.254031,0.00047,0.745186
ACTATTTCCGGGCCCA-1,0.000073,0.042638,0.381138,0.336905,0.239246
ACTCAACGAATGTATT-1,0.000103,0.000103,0.030529,0.009789,0.959475
ACTCAAGTGCAAGGCT-1,0.000351,0.000351,0.352762,0.35579,0.290746
ACTCAATAAAGGCACG-1,0.000078,0.000078,0.148855,0.000233,0.850757
ACTCAGACCTGCTTCT-1,0.000043,0.001959,0.298969,0.122051,0.576978
ACTCATGGCAGCCTTC-1,0.000971,0.000971,0.002913,0.002913,0.992231
ACTCCAATATCATCAT-1,0.000183,0.008187,0.273655,0.352363,0.365613
ACTCCCATTCCTAAAG-1,0.00164,0.00164,0.00492,0.825385,0.166415
ACTCCCGAATTCGTTT-1,0.000035,0.006723,0.101133,0.482737,0.409372
ACTCCCTAATGCTAAA-1,0.000389,0.000389,0.139449,0.29589,0.563883
ACTCCCTAGAATAGTA-1,0.000041,0.000041,0.000122,0.00178,0.998016
ACTCCGGCCGACCACT-1,0.000164,0.000164,0.03586,0.620789,0.343024
ACTCGATGTATTTCAT-1,0.000331,0.000331,0.963792,0.000994,0.034552
ACTCGCCGTTCGATAA-1,0.000041,0.038972,0.210913,0.079099,0.670975
ACTCGTAACCCGTCCT-1,0.000032,0.048431,0.363081,0.275549,0.312906
ACTCGTCAGTAATCCC-1,0.000115,0.005583,0.662823,0.163904,0.167575
ACTCTCTGACTTAGGT-1,0.000034,0.000034,0.451119,0.000102,0.548711
ACTCTCTTATACACGA-1,0.000259,0.063581,0.751354,0.085478,0.099328
ACTCTGACCTAATAGA-1,0.000022,0.047338,0.380055,0.251356,0.321228
ACTCTTGTATAGTAAC-1,0.00008,0.00008,0.000241,0.307507,0.692091
ACTGAAACGCCGTTAG-1,0.000027,0.000027,0.631299,0.327708,0.040939
ACTGAATGGCGAAAGT-1,0.000071,0.000071,0.000212,0.019458,0.980188
ACTGATTTAGTGATTC-1,0.000909,0.000909,0.993635,0.002728,0.001819
ACTGCCCGCCATTCTC-1,0.000209,0.000209,0.343114,0.364275,0.292193
ACTGCCGTCGTAACTC-1,0.000326,0.000326,0.752992,0.000977,0.245379
ACTGCTCGGAAGGATG-1,0.000172,0.000172,0.168961,0.231072,0.599622
ACTGTACGATACACAT-1,0.001191,0.001191,0.318586,0.676651,0.002382
ACTGTAGCACTTTGGA-1,0.000037,0.029873,0.11345,0.496799,0.359842
ACTGTATACGCGAGCA-1,0.00004,0.006726,0.056487,0.094004,0.842743
ACTGTGCTAGTAGATC-1,0.000049,0.037129,0.000146,0.402814,0.559862
ACTGTTTAGTGTAGGC-1,0.000112,0.007146,0.000335,0.300825,0.691583
ACTTACCGGGCGCGCA-1,0.002942,0.002942,0.008826,0.504386,0.480904
ACTTACGCATCCACGC-1,0.003847,0.003847,0.011542,0.011542,0.969223
ACTTAGTACGACAAGA-1,0.000021,0.082411,0.567847,0.34046,0.00926
ACTTATACTTACCCGG-1,0.000011,0.022863,0.596599,0.149285,0.231242
ACTTATCTGATCTATA-1,0.000098,0.000098,0.000294,0.311911,0.687599
ACTTATTAGGATCGGT-1,0.000028,0.494814,0.000083,0.50502,0.000055
ACTTATTTATGTGCCA-1,0.00002,0.098788,0.136695,0.265915,0.498581
ACTTCAGGCTGATCCC-1,0.000971,0.000971,0.502292,0.335513,0.160252
ACTTCCATGCGGGACA-1,0.002041,0.002042,0.465605,0.41896,0.111352
ACTTCGCCATACGCAC-1,0.000518,0.109954,0.001555,0.090286,0.797686
ACTTGACTCCCTCTTT-1,0.000582,0.000582,0.001745,0.001745,0.995348
ACTTGGGACCCGGTGG-1,0.000019,0.648511,0.000058,0.13988,0.211532
ACTTGGGCTTTCGCCA-1,0.000355,0.000355,0.482147,0.386578,0.130565
ACTTGTAGTCCCTTCA-1,0.000603,0.000603,0.001808,0.001808,0.995179
ACTTGTGGATGGAACG-1,0.000045,0.016724,0.069538,0.625632,0.288062
ACTTTACCCTCATGAA-1,0.000018,0.014609,0.623555,0.293516,0.068303
ACTTTATACACCACTT-1,0.000148,0.000148,0.730634,0.000443,0.268627
ACTTTGACTGCATCCT-1,0.000453,0.000453,0.001358,0.218654,0.779083
ACTTTGGTCGTGCTCC-1,0.001282,0.001282,0.003847,0.003847,0.989741
AGAAATTATGACTCGC-1,0.00004,0.16423,0.123299,0.28033,0.432101
AGAACACGGCGATGGT-1,0.000559,0.000559,0.001676,0.001676,0.995529
AGAACCCTCAATTGGG-1,0.004546,0.004546,0.01364,0.013639,0.963628
AGAACGTGGTACATTC-1,0.000408,0.000408,0.872319,0.126047,0.000817
AGAAGAGCGCCGTTCC-1,0.00007,0.00007,0.442572,0.135794,0.421496
AGAAGGTACACTTCAC-1,0.001124,0.001124,0.203015,0.147161,0.647576
AGAAGGTTGCCGAATT-1,0.00004,0.059127,0.000119,0.526483,0.414231
AGAAGGTTGTAGGTCG-1,0.001177,0.001177,0.426254,0.00353,0.567863
AGAAGTGATTCGTGAT-1,0.000042,0.013077,0.151608,0.177927,0.657346
AGAATAAATCTTCAGG-1,0.000197,0.083778,0.022601,0.056591,0.836834
AGAATGCGGGTTCGGA-1,0.002041,0.002041,0.200512,0.560712,0.234693
AGAATTATGGATTCGA-1,0.000023,0.029558,0.246176,0.289009,0.435234
AGAATTGTTTGACATA-1,0.000022,0.008997,0.676505,0.089623,0.224853
AGACAGCTCAGAATCC-1,0.000603,0.000603,0.490902,0.001808,0.506085
AGACCAAACCACACCT-1,0.000433,0.059149,0.064256,0.001299,0.874863
AGACCATGGGATACAA-1,0.000023,0.000023,0.62255,0.000769,0.376635
AGACCGCTCCGCGGTT-1,0.000045,0.168053,0.040459,0.508196,0.283247
AGACCGGGAAACCCTG-1,0.000155,0.000155,0.000465,0.220332,0.778893
AGACGAAGTGCCGGTC-1,0.000026,0.004185,0.336404,0.337846,0.321539
AGACGACGATGCCGCT-1,0.000021,0.007035,0.913377,0.079523,0.000043
AGACGGGATTGGTATA-1,0.000182,0.000182,0.000545,0.000545,0.998548
AGACGGGCCGATTTAA-1,0.000255,0.000255,0.24131,0.082477,0.675703
AGACTAGCCTTCCAGA-1,0.000049,0.039634,0.012525,0.44418,0.503612
AGACTGTTACCGGGTC-1,0.000079,0.034522,0.007663,0.034321,0.923415
AGAGAACCGTCTAGGA-1,0.000099,0.019261,0.084682,0.21416,0.681797
AGAGAAGGAGTACAAT-1,0.000226,0.03242,0.375751,0.221974,0.369629
AGAGATCTCTAAAGCG-1,0.000121,0.000121,0.011527,0.000362,0.987869
AGAGCAGTTATGAGAC-1,0.000049,0.000049,0.402519,0.000148,0.597233
AGAGCCGCCGAGATTT-1,0.000047,0.030088,0.00014,0.726688,0.243038
AGAGCGTACAAGCTCG-1,0.000055,0.026053,0.765228,0.148196,0.060469
AGAGCTACGAAAGCAT-1,0.000108,0.000108,0.000323,0.000323,0.999139
AGAGGCTTCGGAAACC-1,0.000019,0.0013,0.353062,0.530707,0.114912
AGAGTAAACTTCACTA-1,0.000037,0.022543,0.123969,0.451158,0.402293
AGAGTTAGAGACCGAT-1,0.003031,0.003031,0.009093,0.009094,0.975751
AGATAACTTCAGGGCC-1,0.000032,0.123445,0.046956,0.395226,0.43434
AGATAATCACACCTAT-1,0.000629,0.000629,0.431603,0.565881,0.001258
AGATACCAATAGAACC-1,0.00004,0.003128,0.107657,0.500496,0.388679
AGATACCGGTGTTCAC-1,0.000032,0.112257,0.030093,0.355393,0.502224
AGATACGACTTCATAT-1,0.000069,0.000069,0.000206,0.000206,0.99945
AGATACTCAAGATCGA-1,0.000105,0.000105,0.2258,0.343232,0.430759
AGATATAATACGACTA-1,0.000146,0.000146,0.162707,0.000437,0.836565
AGATCGTGCATAAGAT-1,0.000291,0.020953,0.153091,0.190298,0.635368
AGATCTCAGGTGTGAT-1,0.000353,0.172905,0.680396,0.00106,0.145284
AGATCTGGAGAGGATA-1,0.000402,0.000402,0.301114,0.001205,0.696877
AGATGAGGGTTGCGAT-1,0.001493,0.001493,0.004479,0.437235,0.5553
AGATGATGGAGTCTGG-1,0.000041,0.005766,0.031859,0.59234,0.369993
AGATGCAAGACGTGCA-1,0.000182,0.077749,0.150902,0.208946,0.562222
AGATGCTATAACGAGC-1,0.000074,0.000074,0.000222,0.294192,0.705438
AGATTATAGGACGTTT-1,0.000047,0.4296,0.001764,0.424163,0.144426
AGATTCACAACCGATA-1,0.003227,0.003227,0.285216,0.00968,0.698651
AGCAAAGGCCGCTAGT-1,0.000188,0.000188,0.311034,0.000563,0.688028
AGCAACATATCTTATT-1,0.000019,0.000019,0.312234,0.167137,0.520592
AGCAACCGAAAGTAAT-1,0.000981,0.117012,0.002942,0.002942,0.876123
AGCACACGTTTAGACT-1,0.000093,0.000093,0.136163,0.150116,0.713534
AGCACTACCGGCCTGT-1,0.000026,0.000026,0.969495,0.001482,0.028971
AGCACTACCTCACCAG-1,0.001429,0.001429,0.004287,0.004287,0.988568
AGCACTTAAGGACGCC-1,0.00002,0.098413,0.07448,0.533901,0.293186
AGCAGTCGAAGCATGC-1,0.00009,0.009835,0.253833,0.493102,0.24314
AGCATATCAATATGCT-1,0.000047,0.000049,0.001612,0.499948,0.498344
AGCATCATTTCGAAAG-1,0.001493,0.001493,0.004479,0.337502,0.655033
AGCATCGTCGATAATT-1,0.000055,0.179895,0.002524,0.694888,0.122638
AGCATTACGAGGCAAG-1,0.000072,0.021376,0.202639,0.486028,0.289884
AGCCACAGGTTACCCG-1,0.00012,0.00012,0.323339,0.241632,0.434788
AGCCACTCCCGTGCTT-1,0.001299,0.001299,0.222652,0.009392,0.765358
AGCCCATACATGTAAG-1,0.000014,0.007865,0.452819,0.138296,0.401006
AGCCCGGCATTAGAGG-1,0.000137,0.121007,0.000411,0.147047,0.731399
AGCCCGGTAGCCTGTA-1,0.000026,0.032654,0.419135,0.478492,0.069693
AGCCCTCCCTGGTGGC-1,0.000091,0.000091,0.113093,0.263411,0.623314
AGCCCTTCTAATCCGA-1,0.00099,0.00099,0.706313,0.002971,0.288735
AGCCGCTTGATTAGCG-1,0.000453,0.000453,0.001358,0.147848,0.849889
AGCCGTGGCTAAATGT-1,0.000107,0.000107,0.508454,0.084148,0.407184
AGCCTAATACCCACGT-1,0.002,0.002001,0.006001,0.006002,0.983996
AGCCTTAAAGCGGAAG-1,0.000095,0.013443,0.000285,0.107778,0.878399
AGCCTTGTCACTGATA-1,0.000746,0.000746,0.002239,0.21485,0.781418
AGCGACAGGAACGGTC-1,0.000022,0.066952,0.255909,0.422819,0.254297
AGCGAGACGTGAAGGC-1,0.001724,0.001725,0.005174,0.181919,0.809458
AGCGATGCGCCTAATA-1,0.000037,0.039411,0.049142,0.567267,0.344143
AGCGCATAATGAATCG-1,0.000061,0.03707,0.000182,0.513182,0.449506
AGCGCGGGTGCCAATG-1,0.00038,0.00038,0.024826,0.452784,0.52163
AGCGCTTATGGGCAAG-1,0.000565,0.000565,0.001695,0.301903,0.695271
AGCGGCGGTTAGCGGT-1,0.001053,0.001053,0.003159,0.003159,0.991577
AGCGGGAAGGGTCCAT-1,0.000049,0.000049,0.012378,0.394668,0.592856
AGCGGTTGAGATGTAC-1,0.000129,0.000129,0.254778,0.122749,0.622215
AGCGTACGAGAGCTAG-1,0.001471,0.001471,0.81432,0.004413,0.178326
AGCGTAGCGCTAGACC-1,0.001852,0.001852,0.005557,0.005557,0.985181
AGCGTCTGAACCCGCA-1,0.00007,0.00007,0.061545,0.00021,0.938105
AGCGTGGTATTCTACT-1,0.000045,0.000045,0.000134,0.067877,0.9319
AGCGTTCCGATTTAAA-1,0.000144,0.000144,0.135279,0.312137,0.552295
AGCTAACAAGCAATGT-1,0.001352,0.001352,0.004055,0.004055,0.989186
AGCTAAGTACGCAGGC-1,0.001266,0.001266,0.003799,0.409689,0.58398
AGCTAGAAGCAGAAGT-1,0.000106,0.026247,0.239206,0.097311,0.637129
AGCTATTTAATCCAAC-1,0.000109,0.000109,0.093447,0.064022,0.842313
AGCTCCATATATGTTC-1,0.000047,0.002344,0.013447,0.741206,0.242956
AGCTCCTTCGCACATC-1,0.000056,0.05387,0.224032,0.421723,0.300319
AGCTCTAGACGTTCCA-1,0.000637,0.388221,0.215593,0.001911,0.393637
AGCTCTTCCCAGTGCA-1,0.001409,0.001409,0.611951,0.382414,0.002818
AGCTCTTCGTAACCTT-1,0.000032,0.158886,0.000097,0.684335,0.156649
AGCTCTTTACTCAGTT-1,0.000041,0.278451,0.000124,0.368311,0.353072
AGCTGAAGTAAACCAA-1,0.002632,0.002632,0.007897,0.007897,0.978942
AGCTGTAACCTCAATC-1,0.000042,0.009103,0.264195,0.417291,0.309369
AGCTTCAATACTTTGA-1,0.000142,0.000142,0.000427,0.100092,0.899196
AGCTTCTTCTCGAGCA-1,0.000032,0.03721,0.085022,0.499264,0.378471
AGCTTGATCAGGGTAG-1,0.000068,0.000068,0.000205,0.000205,0.999452
AGCTTGATCTTAACTT-1,0.000033,0.078743,0.039972,0.344113,0.537138
AGGAAAGCCTCTGATG-1,0.000037,0.021619,0.102162,0.322788,0.553395
AGGACAGTCGAATCCC-1,0.000006,0.006816,0.920857,0.004844,0.067477
AGGACATCGCACGTCG-1,0.000062,0.02622,0.000187,0.152138,0.821393
AGGACGACCCATTAGA-1,0.000047,0.139975,0.000142,0.469536,0.390299
AGGACGCTCGATGTTG-1,0.000637,0.000637,0.15376,0.0723,0.772666
AGGACTTATAGGAGAA-1,0.000217,0.000217,0.115986,0.448558,0.435022
AGGAGGCCTTCGCGCG-1,0.000024,0.016175,0.456235,0.475369,0.052198
AGGATATAGGGATTTA-1,0.000029,0.035682,0.236148,0.327263,0.400877
AGGATATCCGACTGCA-1,0.000052,0.000052,0.206086,0.423173,0.370638
AGGATCACGCGATCTG-1,0.001539,0.001539,0.004617,0.004617,0.987689
AGGCAAAGAGGAATCA-1,0.00004,0.00004,0.162233,0.367371,0.470315
AGGCAATACGGAGGAC-1,0.000592,0.000592,0.162427,0.731132,0.105258
AGGCAGATGCGTAAAC-1,0.000909,0.092237,0.335608,0.359278,0.211967
AGGCAGGGAGCGTACT-1,0.000055,0.045361,0.020634,0.381962,0.551988
AGGCATTGTCGTAGGG-1,0.000025,0.000025,0.48656,0.361158,0.152232
AGGCCACCCGTTATGA-1,0.000027,0.017114,0.392826,0.437325,0.152708
AGGCCCAGTGACTGGT-1,0.000118,0.000118,0.000353,0.000353,0.999059
AGGCCCATTGTACAGG-1,0.0001,0.011879,0.006376,0.185767,0.795879
AGGCCCTAGAACGCCA-1,0.000009,0.000009,0.782391,0.039719,0.177871
AGGCCTGAGAATCTCG-1,0.000255,0.000255,0.56306,0.000764,0.435668
AGGCGGTTTGTCCCGC-1,0.002778,0.002778,0.008336,0.008336,0.977772
AGGCGTCTATGGACGG-1,0.000113,0.060642,0.195279,0.210067,0.533899
AGGCTATGGTTAGCTT-1,0.000023,0.018958,0.140273,0.091512,0.749234
AGGCTTCCCGAAGAAG-1,0.000025,0.04714,0.109487,0.625607,0.217741
AGGCTTGCTAGACACC-1,0.000299,0.067032,0.000898,0.09745,0.834321
AGGGAAACGAGGTACT-1,0.000764,0.000764,0.318712,0.012447,0.667314
AGGGACCGGCTGCGTT-1,0.000039,0.000039,0.008724,0.525135,0.466063
AGGGACTCTACGCGAC-1,0.000103,0.032849,0.011027,0.467716,0.488304
AGGGAGACATACTTCG-1,0.000042,0.04809,0.008311,0.52054,0.423018
AGGGCAGCGGCGTGGT-1,0.000162,0.015782,0.178593,0.005354,0.800109
AGGGCGAGCAGCTGAT-1,0.000055,0.000055,0.1597,0.086908,0.753283
AGGGCGTGATCGGCTA-1,0.000101,0.050329,0.000302,0.26216,0.687109
AGGGTCAGAGCACTCG-1,0.000032,0.000032,0.217801,0.017409,0.764727
AGGGTCAGTAACCCTA-1,0.000072,0.008586,0.207296,0.329873,0.454173
AGGGTCGATGCGAACT-1,0.000018,0.004554,0.583065,0.204159,0.208204
AGGGTGCCGTTCTTTA-1,0.000076,0.000076,0.237493,0.206466,0.555889
AGGGTGCTCTCGAGGG-1,0.000011,0.000011,0.84473,0.091615,0.063634
AGGGTGGATAGTGCAT-1,0.001021,0.001021,0.003062,0.003062,0.991834
AGGGTTCCCTTTGGTT-1,0.000405,0.000405,0.469925,0.528455,0.00081
AGGTAACCTCCTATTC-1,0.000068,0.000068,0.000203,0.076996,0.922665
AGGTACGATATTGCCA-1,0.001282,0.145091,0.315439,0.003847,0.53434
AGGTAGATCGAGATAT-1,0.000735,0.000736,0.046874,0.002207,0.949448
AGGTAGGTACAAAGCT-1,0.00002,0.00002,0.216902,0.154838,0.628219
AGGTATAATTGATAGT-1,0.000035,0.019123,0.003025,0.663063,0.314755
AGGTCAGGTGAGAGTG-1,0.000935,0.133325,0.002805,0.002805,0.860131
AGGTCGCCACTTCGGT-1,0.000265,0.000265,0.159338,0.196331,0.6438
AGGTCGCGGAGTTACT-1,0.000034,0.059211,0.132768,0.619029,0.188957
AGGTGGTGACCTTCGC-1,0.000119,0.043504,0.103509,0.427784,0.425084
AGGTGTATCGCCATGA-1,0.000094,0.000094,0.041769,0.107177,0.850865
AGGTTACACCATGCCG-1,0.000016,0.173859,0.779509,0.000049,0.046567
AGGTTCTCCTTTCCGG-1,0.00012,0.00012,0.000361,0.000361,0.999038
AGGTTGAGGCACGCTT-1,0.001191,0.001191,0.003572,0.590261,0.403785
AGGTTTCACACACCTT-1,0.000115,0.096784,0.084072,0.178338,0.640691
AGTAACGTTCATCCTG-1,0.000807,0.000807,0.994353,0.00242,0.001613
AGTAACTATAGCAGCC-1,0.000063,0.000063,0.292685,0.384187,0.323002
AGTAATCTAAGGGTGG-1,0.000036,0.022943,0.326344,0.405184,0.245493
AGTAATTTGCAAGCGT-1,0.000048,0.000048,0.000144,0.000144,0.999616
AGTACAGAAGCTTATA-1,0.001695,0.001695,0.005086,0.005086,0.986437
AGTACATCATTTATCA-1,0.000038,0.040603,0.021271,0.63023,0.307858
AGTACCTTCGAGTGCT-1,0.001137,0.001137,0.13355,0.773917,0.090259
AGTACGGCCCGTATCG-1,0.002,0.002,0.163807,0.006002,0.826191
AGTACGGGCACCTGGC-1,0.003031,0.003031,0.009093,0.336609,0.648235
AGTACGTGGCCTGTCT-1,0.002439,0.00244,0.518544,0.007319,0.469257
AGTACTCTTATGCCCA-1,0.000162,0.000162,0.000486,0.42299,0.5762
AGTAGCGTGAACGAAC-1,0.000066,0.000066,0.27065,0.067573,0.661646
AGTAGGAAGGAAGTTG-1,0.001471,0.001471,0.004413,0.604471,0.388174
AGTAGGTAACATACAT-1,0.000188,0.000188,0.000565,0.000565,0.998493
