Barcode,Topic 1,Topic 2,Topic 3to4,Topic 5,Topic 6to11
AAACACCAATAACTGC-1,0.000041,0.000041,0.032667,0.000041,0.967208
AAACAGAGCGACTCCT-1,0.000035,0.000035,0.161018,0.000035,0.838877
AAACAGCTTTCAGAAG-1,0.000057,0.000057,0.044778,0.000057,0.95505
AAACAGGGTCTATATT-1,0.000023,0.000023,0.007853,0.000023,0.992078
AAACCACTACACAGAT-1,0.00007,0.00007,0.512942,0.00007,0.486849
AAACCCGAACGAAATC-1,0.000052,0.000052,0.381677,0.000052,0.618168
AAACCGGGTAGGTACC-1,0.000033,0.000033,0.700671,0.000033,0.299229
AAACCGTTCGTCCAGG-1,0.000212,0.000212,0.637563,0.000212,0.361799
AAACCTCATGAAGTTG-1,0.00001,0.00001,0.026913,0.00001,0.973058
AAACGAAGATGGAGTA-1,0.000061,0.000061,0.025524,0.000061,0.974293
AAACGACAGTCTTGCC-1,0.000058,0.000058,0.585983,0.000058,0.413841
AAACGAGACGGTTGAT-1,0.00005,0.00005,0.047711,0.00005,0.952138
AAACGCCCGAGATCGG-1,0.00008,0.00008,0.365352,0.00008,0.634409
AAACGTGTTCGCCCTA-1,0.044827,0.000054,0.577817,0.000054,0.377248
AAACTAACGTGGCGAC-1,0.000095,0.000095,0.565003,0.000095,0.434711
AAACTCGTGATATAAG-1,0.000059,0.000059,0.270828,0.000059,0.728995
AAACTGCTGGCTCCAA-1,0.000015,0.000015,0.000029,0.000015,0.999927
AAACTTAATTGCACGC-1,0.044539,0.002114,0.004229,0.002114,0.947004
AAACTTGCAAACGTAT-1,0.00004,0.00004,0.258823,0.00004,0.741057
AAAGACATGAAGTTTA-1,0.000048,0.000048,0.121983,0.000048,0.877873
AAAGACTGGGCGCTTT-1,0.000026,0.000026,0.074207,0.000026,0.925714
AAAGCTTGCCTACATA-1,0.00005,0.00005,0.552388,0.00005,0.447463
AAAGGCCCTATAATAC-1,0.001748,0.001748,0.351431,0.001748,0.643323
AAAGGCTACGGACCAT-1,0.000026,0.000026,0.040777,0.000026,0.959144
AAAGGCTCTCGCGCCG-1,0.000358,0.000358,0.212019,0.000358,0.786907
AAAGGGCAGCTTGAAT-1,0.000082,0.000082,0.023519,0.000082,0.976234
AAAGGTAAGCTGTACC-1,0.119601,0.00002,0.795196,0.00002,0.085163
AAAGGTCAACGACATG-1,0.000075,0.000075,0.272289,0.000075,0.727486
AAAGTAGCATTGCTCA-1,0.000015,0.000015,0.000089,0.000015,0.999867
AAAGTCACTGATGTAA-1,0.000147,0.000147,0.210211,0.000147,0.78935
AAAGTCGACCCTCAGT-1,0.000162,0.000162,0.048541,0.000162,0.950972
AAAGTGTGATTTATCT-1,0.000025,0.000025,0.075345,0.000025,0.924578
AAAGTTGACTCCCGTA-1,0.000041,0.000041,0.99963,0.000041,0.000247
AAATAACCATACGGGA-1,0.000055,0.000055,0.047737,0.000055,0.952099
AAATAAGGTAGTGCCC-1,0.000074,0.000074,0.328807,0.000074,0.670972
AAATACCTATAAGCAT-1,0.012051,0.000016,0.013444,0.000016,0.974472
AAATAGCTTAGACTTT-1,0.000166,0.000166,0.387783,0.000166,0.61172
AAATCACTCCTAAACG-1,0.000035,0.000035,0.649864,0.000035,0.350033
AAATCGCGGAAGGAGT-1,0.000011,0.000011,0.009073,0.000011,0.990894
AAATCGTGTACCACAA-1,0.000063,0.000063,0.0699,0.000063,0.92991
AAATGATTCGATCAGC-1,0.015077,0.000051,0.504874,0.000051,0.479948
AAATGCTCGTTACGTT-1,0.000067,0.000067,0.000135,0.000067,0.999664
AAATGGCATGTCTTGT-1,0.00005,0.00005,0.046357,0.00005,0.953492
AAATGGCCCGTGCCCT-1,0.000178,0.000178,0.132572,0.000178,0.866894
AAATGGTCAATGTGCC-1,0.000103,0.000103,0.222556,0.000103,0.777134
AAATTAACGGGTAGCT-1,0.000093,0.000093,0.048308,0.000093,0.951414
AAATTACACGACTCTG-1,0.000051,0.000051,0.184106,0.000051,0.815743
AAATTACCTATCGATG-1,0.000027,0.000027,0.06403,0.000027,0.935891
AAATTCCAGGTCCAAA-1,0.000008,0.000008,0.000017,0.000008,0.999958
AAATTGATAGTCCTTT-1,0.000038,0.000038,0.005487,0.000038,0.9944
AAATTGGTGAGAAGCA-1,0.05086,0.000047,0.593836,0.000047,0.355211
AAATTTACCGAAATCC-1,0.000048,0.000048,0.107269,0.000048,0.892586
AAATTTGCGGGTGTGG-1,0.000023,0.000023,0.795998,0.000023,0.203935
AACAACTGGTAGTTGC-1,0.000129,0.000129,0.134891,0.000129,0.864722
AACAATACATTGTCGA-1,0.000029,0.000029,0.192568,0.000029,0.807345
AACAATTACTCTACGC-1,0.000009,0.000009,0.000017,0.000009,0.999956
AACACGAGACGCGGCC-1,0.000023,0.000023,0.023846,0.000023,0.976086
AACAGCTGTGTGGCAA-1,0.000008,0.000008,0.000016,0.000008,0.999961
AACAGGAAATCGAATA-1,0.000057,0.000057,0.100676,0.000057,0.899153
AACAGGATGGGCCGCG-1,0.000018,0.000018,0.000037,0.000018,0.999908
AACATATCAACTGGTG-1,0.00004,0.00004,0.247923,0.00004,0.751957
AACATCGATACGTCTA-1,0.133991,0.00002,0.751035,0.00002,0.114933
AACATTGAAGTTGATC-1,0.000037,0.000037,0.151447,0.000037,0.848442
AACATTGTGACTCGAG-1,0.000067,0.000067,0.133395,0.000067,0.866404
AACCAAGACTTCTCTG-1,0.000006,0.000006,0.000011,0.000006,0.999972
AACCAGTATCACTCTT-1,0.000057,0.000057,0.015077,0.000057,0.984754
AACCATAGGGTTGAAC-1,0.000669,0.000669,0.001337,0.000668,0.996657
AACCATGGGATCGCTA-1,0.000139,0.000139,0.261351,0.000139,0.738233
AACCCAGAGACGGAGA-1,0.000036,0.000036,0.043284,0.000036,0.956609
AACCCATCCCATGATC-1,0.000047,0.000047,0.000093,0.000047,0.999767
AACCCGATAGGGCTTC-1,0.000098,0.000098,0.553559,0.000098,0.446148
AACCCTACTGTCAATA-1,0.000051,0.000051,0.290486,0.000051,0.709361
AACCCTGGTGGAACCA-1,0.000049,0.000049,0.000098,0.000049,0.999754
AACCGAGCTTGGTCAT-1,0.000024,0.000024,0.024477,0.000024,0.975452
AACCGCTAAGGGATGC-1,0.000038,0.000038,0.633931,0.000038,0.365955
AACCTAAAGCCGTCCG-1,0.000097,0.000097,0.150588,0.000097,0.84912
AACCTGTCACGGAATT-1,0.000087,0.000087,0.265403,0.000087,0.734336
AACCTTTACGACGTCT-1,0.00007,0.00007,0.104311,0.00007,0.895478
AACGAAAGTCGTCCCA-1,0.000029,0.000029,0.052565,0.000029,0.947347
AACGATAGAAGGGCCG-1,0.000041,0.000041,0.249428,0.000041,0.750448
AACGATATGTCAACTG-1,0.000006,0.000006,0.000012,0.000006,0.99997
AACGCATGATCTGGGT-1,0.000073,0.000073,0.240232,0.000073,0.759549
AACGGACGTACGTATA-1,0.000136,0.000136,0.027719,0.000136,0.971872
AACGGCCATCTCCGGT-1,0.000008,0.000008,0.343338,0.000008,0.656638
AACGTACTGTGGGTAC-1,0.000157,0.000157,0.243403,0.000157,0.756127
AACGTCAGACTAGTGG-1,0.000071,0.000071,0.070392,0.000071,0.929395
AACGTGATGAAGGACA-1,0.000037,0.000037,0.00344,0.000037,0.996448
AACGTGCGAAAGTCTC-1,0.00191,0.000014,0.001074,0.000014,0.996988
AACGTTATCAGCACCT-1,0.000294,0.000294,0.670864,0.000294,0.328253
AACTACCCGTTTGTCA-1,0.000079,0.000079,0.32243,0.000079,0.677333
AACTAGGCTTGGGTGT-1,0.000631,0.000631,0.435286,0.000631,0.562819
AACTCAAGTTAATTGC-1,0.000022,0.000022,0.032638,0.000022,0.967296
AACTCCTAATCCCATG-1,0.00006,0.000059,0.113524,0.00006,0.886298
AACTCTCAATAGAGCG-1,0.000073,0.000073,0.367787,0.000073,0.631994
AACTCTCAGTGTGCTC-1,0.000127,0.000127,0.229602,0.000127,0.770017
AACTGAGGTCAGCGTC-1,0.000132,0.000132,0.596118,0.000132,0.403487
AACTGGGTCCCGACGT-1,0.000068,0.000068,0.169576,0.000068,0.830219
AACTGGGTTCGAGCCG-1,0.00004,0.00004,0.08869,0.00004,0.91119
AACTTCTGCGTCTATC-1,0.000046,0.000046,0.187694,0.000046,0.81217
AACTTGCCCGTATGCA-1,0.006619,0.000019,0.035052,0.000019,0.95829
AACTTTACGGGAGCTT-1,0.000093,0.000093,0.151865,0.000093,0.847857
AACTTTCTCGATCATG-1,0.169917,0.000032,0.67765,0.000032,0.152369
AAGAAATCACCAGATT-1,0.00012,0.00012,0.617417,0.00012,0.382223
AAGACCAAATAACTCA-1,0.000026,0.000026,0.085181,0.000026,0.91474
AAGACCCAACTGAACA-1,0.000212,0.000212,0.23312,0.000212,0.766242
AAGACTCACGCCCACT-1,0.000069,0.000069,0.108875,0.000069,0.890917
AAGACTGCAAGCTACT-1,0.000054,0.000054,0.040497,0.000054,0.959342
AAGAGATGAATCGGTA-1,0.000035,0.000035,0.009388,0.000035,0.990506
AAGAGCTCTTTATCGG-1,0.000016,0.000016,0.015629,0.000016,0.984324
AAGAGGATGTACGCGA-1,0.000006,0.000006,0.001515,0.000006,0.998466
AAGAGGCATGGATCGC-1,0.000043,0.000043,0.237488,0.000043,0.762383
AAGATGGCACCGGACC-1,0.000049,0.000049,0.088999,0.000049,0.910854
AAGATTGGCGGAACGT-1,0.000023,0.000023,0.063925,0.000023,0.936007
AAGCATACTCTCCTGA-1,0.00004,0.00004,0.19461,0.00004,0.80527
AAGCCGCCGTGAAATC-1,0.000156,0.000156,0.116237,0.000156,0.883294
AAGCCGCTTTACCTTG-1,0.000163,0.000163,0.530762,0.000163,0.468751
AAGCGGAGTGCGCGCA-1,0.074648,0.000158,0.437414,0.000158,0.487623
AAGCGGCGTCATGGGT-1,0.000064,0.000064,0.167606,0.000064,0.832201
AAGCGTCCCTCATCGA-1,0.000138,0.000138,0.143206,0.000138,0.856379
AAGCTAGATCGAGTAA-1,0.000034,0.000034,0.119565,0.000034,0.880334
AAGCTCGTGCCAAGTC-1,0.000088,0.000088,0.000176,0.000088,0.999559
AAGGAGCGGTTGGTGC-1,0.000058,0.000058,0.517969,0.000058,0.481858
AAGGATGAGGGACCTC-1,0.000034,0.000034,0.088473,0.000034,0.911425
AAGGCAGGCTGTCTCC-1,0.000082,0.000082,0.778867,0.000082,0.220887
AAGGCGCGTAAAGCTT-1,0.000226,0.000226,0.000452,0.000226,0.998869
AAGGCTGTGCTCATCG-1,0.000088,0.000088,0.291019,0.000088,0.708717
AAGGGAACGACTGGCT-1,0.000072,0.000072,0.082922,0.000072,0.916863
AAGGGACAGATTCTGT-1,0.000016,0.000016,0.030975,0.000016,0.968976
AAGGGACTATGCATTC-1,0.000052,0.000052,0.142909,0.000052,0.856936
AAGGTATCCTAATATA-1,0.000008,0.000008,0.000418,0.000008,0.999558
AAGGTGATAAACCAGC-1,0.000049,0.000049,0.06307,0.000049,0.936782
AAGTAGAAGACCGGGT-1,0.000069,0.000069,0.322374,0.000069,0.677418
AAGTAGTGACGCGAGG-1,0.000012,0.000012,0.002506,0.000012,0.997459
AAGTCAATTGTCGTCA-1,0.000027,0.000027,0.346545,0.000027,0.653375
AAGTCTAGTAGCTGCC-1,0.044041,0.000062,0.581886,0.000062,0.373949
AAGTGACGACCGAATT-1,0.000019,0.000019,0.004647,0.000019,0.995295
AAGTGAGTCGGGTTTA-1,0.000161,0.000161,0.000322,0.000161,0.999195
AAGTGCAAAGGTAGAC-1,0.000491,0.000491,0.227658,0.000491,0.770867
AAGTGCGTTAGAATCT-1,0.009124,0.000024,0.012591,0.000024,0.978235
AAGTTCAGTCTGCGTA-1,0.000076,0.000076,0.340964,0.000076,0.658809
AAGTTCGGCCAACAGG-1,0.000018,0.000018,0.263954,0.000018,0.735991
AATAACAACGCTCGGC-1,0.000003,0.000003,0.000007,0.000003,0.999983
AATAACACTAGAACAA-1,0.000082,0.000082,0.079612,0.000082,0.920143
AATAAGTCCTCGAGAC-1,0.000185,0.000185,0.082712,0.000185,0.916732
AATACAATGTTTCAGG-1,0.000052,0.000052,0.025095,0.000052,0.974748
AATAGAACAGAGTGGC-1,0.000123,0.000123,0.381373,0.000123,0.618259
AATAGAATCTGTTTCA-1,0.000051,0.000051,0.000102,0.000051,0.999745
AATAGCAAGCCTCCTG-1,0.000091,0.000091,0.484793,0.000091,0.514933
AATAGCTACCGCGTGC-1,0.087749,0.000026,0.746961,0.000026,0.165237
AATAGTCCGTCCCGAC-1,0.00009,0.00009,0.186161,0.00009,0.813568
AATAGTCGCGAGTCGG-1,0.000043,0.000043,0.27642,0.000043,0.723451
AATATCGAGGGTTCTC-1,0.000032,0.000032,0.149961,0.000032,0.849944
AATATTGGAGTATTGA-1,0.000009,0.000009,0.000018,0.000009,0.999955
AATCCAAGGGCCTGAG-1,0.000048,0.000048,0.30549,0.000048,0.694367
AATCGCCTCAGCGCCA-1,0.000012,0.000012,0.000024,0.000012,0.999939
AATCGCGCAGAGGACT-1,0.000038,0.000038,0.999654,0.000038,0.000231
AATCTAGGTTTACTTG-1,0.000033,0.000033,0.000065,0.000033,0.999837
AATCTATGCCGGAGCC-1,0.000059,0.000059,0.111971,0.000059,0.887852
AATCTCTACTGTGGTT-1,0.000072,0.000072,0.12705,0.000072,0.872735
AATCTGCGTTGGGACG-1,0.000017,0.000017,0.087488,0.000017,0.91246
AATCTGGCTTTCTAGT-1,0.000133,0.000133,0.0028,0.000133,0.9968
AATCTGGGTAGACCCT-1,0.000064,0.000064,0.081454,0.000064,0.918353
AATGACAGCAATGTCT-1,0.000052,0.000052,0.041015,0.000052,0.958828
AATGACGTAGGATGTC-1,0.000044,0.000044,0.09537,0.000044,0.904497
AATGACTGTCAGCCGG-1,0.000061,0.000061,0.344463,0.000061,0.655353
AATGAGTTCGCATATG-1,0.00059,0.00059,0.18947,0.00059,0.808759
AATGATGATACGCTAT-1,0.000039,0.000039,0.115471,0.000039,0.884412
AATGATGCGACTCCTG-1,0.000021,0.000021,0.103257,0.000021,0.896679
AATGCAACCGGGTACC-1,0.021353,0.00003,0.558838,0.00003,0.41975
AATGCACCAAGCAATG-1,0.000039,0.000039,0.317969,0.000039,0.681914
AATGGCCGCCAATGCG-1,0.000088,0.000088,0.672373,0.000088,0.327361
AATGGTCCACCGTTCA-1,0.000012,0.000012,0.035319,0.000012,0.964644
AATGGTTCTCACAAGC-1,0.00003,0.00003,0.000061,0.00003,0.999848
AATGTATGGCACTGTA-1,0.007577,0.007576,0.015153,0.007576,0.962118
AATGTGCCCGAGGTGT-1,0.00005,0.00005,0.095162,0.00005,0.904688
AATGTGCTAATCTGAG-1,0.000052,0.000052,0.079222,0.000052,0.920622
AATTAAAGGTCGGCGT-1,0.000187,0.000187,0.000373,0.000187,0.999067
AATTACGAGACCCATC-1,0.000071,0.000071,0.110063,0.000071,0.889723
AATTCATAAGGGATCT-1,0.000038,0.000038,0.202666,0.000038,0.79722
AATTCATTGTCATGCA-1,0.081139,0.001337,0.204535,0.001337,0.711652
AATTGAACGCTCTGGT-1,0.000049,0.000049,0.113609,0.000049,0.886243
AATTGCGTGGATTACA-1,0.010101,0.010101,0.020204,0.010102,0.949491
AATTTGGGACATAGTA-1,0.000072,0.000072,0.115376,0.000072,0.884409
ACAAACCATGCGTCCT-1,0.000022,0.000022,0.151945,0.000022,0.84799
ACAAAGAAGGTAGGCC-1,0.000321,0.000321,0.093847,0.000321,0.90519
ACAAATCGCACCGAAT-1,0.00002,0.00002,0.04895,0.00002,0.950991
ACAAATGGTAGTGTTT-1,0.000048,0.000048,0.107252,0.000048,0.892605
ACAAATTCAGATCTGA-1,0.00005,0.00005,0.296301,0.00005,0.703549
ACAACAGCATGAGCTA-1,0.00005,0.00005,0.087826,0.00005,0.912024
ACAACGGTCCCTGCGA-1,0.000032,0.000032,0.032711,0.000032,0.967194
ACAAGCAGTGCCTAGC-1,0.000013,0.000013,0.00452,0.000013,0.99544
ACAAGGAAATCCGCCC-1,0.005484,0.000027,0.029887,0.000027,0.964575
ACAAGGACAAGAGGTT-1,0.000037,0.000037,0.011273,0.000037,0.988615
ACAAGGCCTACCAGCC-1,0.000097,0.000097,0.291623,0.000097,0.708085
ACAAGGGCAGGCTCTG-1,0.000034,0.000034,0.080141,0.000034,0.919755
ACAATAGTCGTACGTT-1,0.00003,0.00003,0.004261,0.00003,0.99565
ACAATCCATTTAAACC-1,0.000009,0.000009,0.000416,0.000009,0.999556
ACAATGAATACGGAGA-1,0.000035,0.000035,0.024366,0.000035,0.975528
ACAATGATTCTTCTAC-1,0.000068,0.000068,0.759902,0.000068,0.239894
ACAATTTAGGAGGCTC-1,0.021392,0.000106,0.402032,0.000106,0.576364
ACAATTTGAGCAGTGG-1,0.000041,0.000041,0.092462,0.000041,0.907417
ACAATTTGGCCATATT-1,0.000064,0.000064,0.365823,0.000064,0.633985
ACACAAAGACGGGTGG-1,0.000272,0.000023,0.8754,0.000023,0.124283
ACACAAATATTCCTAG-1,0.056692,0.000096,0.473249,0.000096,0.469867
ACACACCAGGACCAGT-1,0.000056,0.000056,0.167942,0.000056,0.83189
ACACATGATCAAATCT-1,0.000025,0.000025,0.404794,0.000025,0.595132
ACACCACATAATTAGC-1,0.000053,0.000053,0.373454,0.000053,0.626386
ACACCCAGCATGCAGC-1,0.000039,0.000039,0.697621,0.000039,0.302261
ACACCCGAGAAATCCG-1,0.000029,0.000029,0.035003,0.000029,0.964911
ACACCCGTAAATCTGT-1,0.180639,0.000017,0.703003,0.000017,0.116324
ACACCGGTCTGACCGC-1,0.000074,0.000074,0.098802,0.000074,0.900975
ACACCTTAAGTAGGGC-1,0.000095,0.000095,0.130837,0.000095,0.868879
ACACCTTACTACTTGC-1,0.000146,0.000146,0.435657,0.000146,0.563904
ACACGAGACTCCTTCT-1,0.000041,0.000041,0.095299,0.000041,0.904577
ACACGGCACTATGCAT-1,0.000088,0.000088,0.02182,0.000088,0.977917
ACACGGGAACTTAGGG-1,0.000023,0.000023,0.010661,0.000023,0.989271
ACACTCCAATGTCACT-1,0.00011,0.00011,0.178392,0.00011,0.821279
ACACTGATCAAGGTGT-1,0.00039,0.00039,0.548734,0.00039,0.450096
ACAGAACTGAGAACAA-1,0.000012,0.000012,0.068772,0.000012,0.931191
ACAGCATAGAGCCAGT-1,0.000083,0.000083,0.152329,0.000083,0.847422
ACAGCGCACCCGCAGC-1,0.000018,0.000018,0.053391,0.000018,0.946556
ACAGGTGGAGGTGAGG-1,0.0001,0.0001,0.300143,0.0001,0.699557
ACAGTAATACAACTTG-1,0.003449,0.000021,0.059412,0.000021,0.937096
ACAGTATACCGTGGGA-1,0.040495,0.000042,0.600525,0.000042,0.358896
ACAGTGCAGCGCATTT-1,0.000067,0.000067,0.344311,0.000067,0.655487
ACATAAGTCGTGGTGA-1,0.000024,0.000024,0.113835,0.000024,0.886094
ACATCAGCTGGGACGC-1,0.000479,0.000479,0.345687,0.000479,0.652878
ACATCCCGGCCATACG-1,0.000455,0.000455,0.686709,0.000455,0.311928
ACATCCTGGTAACTGT-1,0.000014,0.000014,0.070268,0.000014,0.929691
ACATCGATCGTTTACC-1,0.00013,0.00013,0.138792,0.00013,0.860817
ACATCGGTCAGCCGCG-1,0.000015,0.000015,0.091254,0.000015,0.9087
ACATCGTATGCAATGG-1,0.000019,0.000019,0.071255,0.000019,0.928687
ACATCGTTAACCTAGT-1,0.000037,0.000037,0.005611,0.000037,0.994279
ACATCTCAACGCGTAA-1,0.000039,0.000039,0.000078,0.000039,0.999804
ACATGGCGCCAAAGTA-1,0.000132,0.000132,0.185338,0.000132,0.814267
ACATTAGTTTATATCC-1,0.000292,0.000292,0.360681,0.000292,0.638442
ACCAAACACCCAGCGA-1,0.301267,0.000011,0.655264,0.000011,0.043448
ACCAACACCACACACT-1,0.000038,0.000038,0.592916,0.000038,0.40697
ACCAACGCTTATTTAT-1,0.001595,0.001595,0.00319,0.001595,0.992025
ACCAAGAACGCGTGTC-1,0.000073,0.000073,0.292632,0.000073,0.707149
ACCACAACTCAGAACA-1,0.000026,0.000026,0.054023,0.000026,0.945899
ACCACAAGTTTCTATC-1,0.000058,0.000058,0.307967,0.000058,0.69186
ACCACCCTCTCTTCTA-1,0.000062,0.000062,0.395086,0.000062,0.604728
ACCACGTGCAGCTATA-1,0.000026,0.000026,0.075845,0.000026,0.924076
ACCAGCCCGGTCTTTG-1,0.00101,0.00101,0.00202,0.00101,0.994949
ACCAGTGCCCGGTCAA-1,0.000052,0.000052,0.555376,0.000052,0.444469
ACCAGTGCGGGAGACG-1,0.000017,0.000017,0.000035,0.000017,0.999913
ACCATATCCGCAATAA-1,0.000042,0.000042,0.022643,0.000042,0.977231
ACCATCCGCCAACTAG-1,0.000034,0.000034,0.023218,0.000034,0.976679
ACCATCGTATATGGTA-1,0.000026,0.000026,0.031838,0.000026,0.968083
ACCCAACGCCCGTGGC-1,0.001667,0.000019,0.160031,0.000019,0.838264
ACCCACCTACATGCTC-1,0.000029,0.000029,0.031717,0.000029,0.968196
ACCCATCTTGAGGGTA-1,0.000025,0.000025,0.000051,0.000025,0.999873
ACCCGAGCGAAATTAC-1,0.003632,0.000028,0.111025,0.000028,0.885288
ACCCGGATGACGCATC-1,0.000208,0.000038,0.966011,0.000038,0.033704
ACCCGGTTACACTTCC-1,0.000045,0.000045,0.096759,0.000045,0.903104
ACCCGTGTCATCAGTA-1,0.000095,0.000095,0.06039,0.000095,0.939325
ACCCTATGCCATATCG-1,0.000255,0.000255,0.079376,0.000255,0.91986
ACCCTCCCTTGCTATT-1,0.000045,0.000045,0.1005,0.000045,0.899365
ACCCTGGTAACGCCCT-1,0.000038,0.000038,0.4844,0.000038,0.515486
ACCCTTGCCTGGGTCG-1,0.114564,0.000206,0.277393,0.000206,0.607632
ACCCTTTAGTTCTCCA-1,0.00004,0.00004,0.009794,0.00004,0.990085
ACCGAAGAGTCTGGTT-1,0.00938,0.000011,0.041108,0.000011,0.949491
ACCGACTGAGTCCCAC-1,0.011761,0.000041,0.015257,0.000041,0.972901
ACCGATGGTAGCATCG-1,0.000088,0.000088,0.478511,0.000088,0.521226
ACCGCAATAACTGCCT-1,0.000144,0.000144,0.061169,0.000144,0.938399
ACCGGGCCTTTGTTGA-1,0.000049,0.000049,0.347145,0.000049,0.652708
ACCGGTCAGGTACACC-1,0.000021,0.000021,0.06241,0.000021,0.937526
ACCGGTCTGAGTACGG-1,0.000073,0.000073,0.083196,0.000073,0.916586
ACCGTCCACTGGGCCC-1,0.000129,0.000129,0.074916,0.000129,0.924698
ACCGTGACCACGTGGG-1,0.000039,0.000039,0.088332,0.000039,0.911552
ACCTAAGTACCTTTCA-1,0.000019,0.000019,0.096596,0.000019,0.903347
ACCTAATCGACTTCCT-1,0.000013,0.000013,0.000026,0.000013,0.999934
ACCTACAGTATGTGGT-1,0.000172,0.000172,0.47929,0.000172,0.520195
ACCTCCGTTATTCACC-1,0.00007,0.00007,0.174894,0.00007,0.824897
ACCTCGAACTTATGCT-1,0.000024,0.000024,0.164941,0.000024,0.834985
ACCTGCGTGTCATGTT-1,0.000039,0.000039,0.126041,0.000039,0.873842
ACGAAATGGGCGGCAC-1,0.006108,0.000017,0.011459,0.000017,0.9824
ACGACTGGTCATACTC-1,0.00005,0.00005,0.097993,0.00005,0.901855
ACGAGATATTTGCTTA-1,0.000026,0.000026,0.004207,0.000026,0.995717
ACGAGGATACCACTCT-1,0.000141,0.000141,0.018567,0.000141,0.981012
ACGAGGTTTACAACGT-1,0.000021,0.000021,0.021705,0.000021,0.978233
ACGAGTACGGATGCCC-1,0.000051,0.000051,0.282146,0.000051,0.717702
ACGATACATAGAACTA-1,0.00001,0.00001,0.049709,0.00001,0.950262
ACGATCATCTTGTAAA-1,0.000141,0.000141,0.390994,0.000141,0.608582
ACGATGCATATGTTAT-1,0.000037,0.000037,0.039055,0.000037,0.960835
ACGATGGATCCGATGC-1,0.000198,0.000198,0.097772,0.000198,0.901634
ACGCAAACTAATAGAT-1,0.000276,0.000276,0.00271,0.000276,0.996464
ACGCAATCACTACAGC-1,0.000061,0.000061,0.125514,0.000061,0.874302
ACGCATAAATGACATG-1,0.000107,0.000107,0.323872,0.000107,0.675807
ACGCATTCGTGAGTAC-1,0.000058,0.000058,0.489633,0.000058,0.510194
ACGCCAGATGATTTCT-1,0.000016,0.000016,0.000032,0.000016,0.999921
ACGCCCAGCTGTCGAT-1,0.000444,0.000443,0.000887,0.000443,0.997782
ACGCCGCTAGACGACC-1,0.000035,0.000035,0.032804,0.000035,0.967092
ACGCGAAGTCAGACGA-1,0.00013,0.00013,0.237673,0.00013,0.761936
ACGCGCTACACAGGGT-1,0.000004,0.000004,0.000009,0.000004,0.999979
ACGCGGGCCAAGGACA-1,0.000275,0.000275,0.327441,0.000275,0.671735
ACGCTAGTATCAGTGC-1,0.000046,0.000046,0.7168,0.000046,0.283062
ACGCTAGTGATACACT-1,0.000056,0.000056,0.155478,0.000056,0.844356
ACGCTGTGAGGCGTAG-1,0.000028,0.000028,0.0193,0.000028,0.980617
ACGCTTAGTGTCTCTC-1,0.000045,0.000045,0.013222,0.000045,0.986644
ACGGAATTTAGCAAAT-1,0.00009,0.00009,0.021035,0.00009,0.978696
ACGGAGCGCAAATTAC-1,0.023209,0.000034,0.474111,0.000034,0.502613
ACGGCACTTGCTTGGG-1,0.007576,0.007576,0.93181,0.007576,0.045461
ACGGCCAACATGGACT-1,0.001337,0.001337,0.448164,0.001337,0.547825
ACGGCGACGATGGGAA-1,0.000067,0.000067,0.024341,0.000067,0.975459
ACGGCTGGATGTAGAA-1,0.000205,0.000205,0.50328,0.000205,0.496105
ACGGGAGTGTCGGCCC-1,0.000025,0.000025,0.065702,0.000025,0.934224
ACGGGCGTATGCGACA-1,0.000087,0.000087,0.428083,0.000087,0.571655
ACGTAGATTGCTGATG-1,0.000119,0.000119,0.000239,0.000119,0.999403
ACGTATTACTCCGATC-1,0.000122,0.000122,0.404091,0.000122,0.595542
ACGTCTCGTTCCGGGA-1,0.000053,0.000053,0.083078,0.000053,0.916763
ACGTGACAAAGTAAGT-1,0.000168,0.000168,0.167406,0.000168,0.832091
ACGTGGTCGAATGTGC-1,0.000086,0.000086,0.026941,0.000086,0.972801
ACGTTAATGTCGAAGA-1,0.000024,0.000024,0.000049,0.000024,0.999879
ACGTTAGATTTGCCCG-1,0.000026,0.000026,0.011239,0.000026,0.988681
ACGTTATTGGTCACTC-1,0.000141,0.000141,0.089656,0.000141,0.90992
ACGTTCGCAATCAATT-1,0.000067,0.000067,0.381342,0.000067,0.618457
ACGTTCGTTCAGGAAA-1,0.000092,0.000092,0.114699,0.000092,0.885026
ACGTTTAGTTGTGATC-1,0.000026,0.000026,0.000052,0.000026,0.999871
ACTAAGGACGCACACC-1,0.016149,0.000141,0.504881,0.000141,0.478689
ACTAATACGTCAGGCG-1,0.000063,0.000063,0.394194,0.000063,0.605618
ACTACATCCCGACAAG-1,0.000029,0.000029,0.158646,0.000029,0.841267
ACTACCAGCTCTCTGG-1,0.000572,0.000572,0.079069,0.000572,0.919216
ACTACGCGTTAGAATT-1,0.000046,0.000046,0.364786,0.000046,0.635076
ACTATATGCTGTGTTC-1,0.000033,0.000033,0.769745,0.000033,0.230155
ACTATGTCCAGCTGCC-1,0.000039,0.000039,0.000079,0.000039,0.999803
ACTATTCGTCCGTGGT-1,0.000011,0.000011,0.02032,0.000011,0.979647
ACTATTTCCGGGCCCA-1,0.00023,0.00023,0.07189,0.00023,0.92742
ACTCAATAAAGGCACG-1,0.000026,0.000026,0.000052,0.000026,0.99987
ACTCATGGCAGCCTTC-1,0.000065,0.000065,0.119833,0.000065,0.879974
ACTCCAATATCATCAT-1,0.000027,0.000027,0.000054,0.000027,0.999866
ACTCCCATTCCTAAAG-1,0.000036,0.000036,0.015475,0.000036,0.984417
ACTCCCGAATTCGTTT-1,0.000039,0.000039,0.218088,0.000039,0.781795
ACTCCCGTAGACTAGG-1,0.092992,0.000054,0.700896,0.000054,0.206005
ACTCCCTAGAATAGTA-1,0.000017,0.000017,0.037695,0.000017,0.962253
ACTCGATGTATTTCAT-1,0.002598,0.002598,0.005195,0.002598,0.987012
ACTCGCGATCTGACGC-1,0.000079,0.000079,0.582221,0.000079,0.417541
ACTCGTAACCCGTCCT-1,0.000136,0.000136,0.000273,0.000136,0.999318
ACTCGTCAGTAATCCC-1,0.000041,0.000041,0.150738,0.000041,0.84914
ACTCTCTGACTTAGGT-1,0.000036,0.000036,0.044646,0.000036,0.955246
ACTCTCTTATACACGA-1,0.000043,0.000043,0.123164,0.000043,0.876706
ACTCTTCAGCTCCCGC-1,0.00008,0.00008,0.330265,0.00008,0.669494
ACTCTTGTATAGTAAC-1,0.000053,0.000053,0.000105,0.000053,0.999736
ACTGAATGGCGAAAGT-1,0.017026,0.000032,0.014259,0.000032,0.968651
ACTGATTTAGTGATTC-1,0.000028,0.000028,0.021645,0.000028,0.978271
ACTGCCGTCGTAACTC-1,0.000058,0.000058,0.065801,0.000058,0.934027
ACTGCGGACACACCGT-1,0.000048,0.000048,0.200894,0.000048,0.798961
ACTGCTCGGAAGGATG-1,0.000035,0.000035,0.063818,0.000035,0.936076
ACTGGCGAACCTGCGT-1,0.000154,0.000154,0.584498,0.000154,0.415041
ACTGTACGATACACAT-1,0.000013,0.000013,0.116394,0.000013,0.883566
ACTGTAGCACTTTGGA-1,0.000089,0.000089,0.051031,0.000089,0.9487
ACTGTCCAGGATTATA-1,0.000081,0.000081,0.485827,0.000081,0.513931
ACTTACCGGGCGCGCA-1,0.000075,0.000075,0.26351,0.000075,0.736265
ACTTAGTACGACAAGA-1,0.030269,0.000219,0.178819,0.000219,0.790475
ACTTATACTTACCCGG-1,0.000091,0.000091,0.514335,0.000091,0.485391
ACTTATTAGGATCGGT-1,0.00007,0.00007,0.027417,0.00007,0.972373
ACTTATTTATGTGCCA-1,0.000043,0.000043,0.100784,0.000043,0.899087
ACTTCAGGCTGATCCC-1,0.000319,0.000319,0.097231,0.000319,0.901812
ACTTCCTGTCGTGCGA-1,0.000065,0.000065,0.513144,0.000065,0.486662
ACTTCGCCATACGCAC-1,0.000016,0.000016,0.001487,0.000016,0.998465
ACTTCGCTAGCGAGTG-1,0.001958,0.000031,0.755666,0.000031,0.242315
ACTTGACTCCCTCTTT-1,0.006827,0.000028,0.000056,0.000028,0.99306
ACTTGGGACCCGGTGG-1,0.000096,0.000096,0.255533,0.000096,0.744179
ACTTGTAGTCCCTTCA-1,0.044261,0.000107,0.145767,0.000107,0.809758
ACTTTACCCTCATGAA-1,0.000089,0.000089,0.203878,0.000089,0.795855
ACTTTGACTGCATCCT-1,0.000053,0.000053,0.000106,0.000053,0.999736
ACTTTGGTCGTGCTCC-1,0.000059,0.000059,0.321509,0.000059,0.678313
AGAACCCAGCGTGACA-1,0.000051,0.000051,0.527032,0.000051,0.472816
AGAACCCTCAATTGGG-1,0.000238,0.000238,0.000476,0.000238,0.99881
AGAACGTGGTACATTC-1,0.011288,0.000011,0.000776,0.000011,0.987914
AGAAGAGCGCCGTTCC-1,0.000223,0.000223,0.000446,0.634738,0.36437
AGAAGGTACACTTCAC-1,0.000019,0.000019,0.000039,0.000019,0.999903
AGAAGGTTGCCGAATT-1,0.000018,0.000018,0.086274,0.000018,0.913673
AGAAGTGATTCGTGAT-1,0.000007,0.000007,0.026875,0.000007,0.973102
AGAATAAATCTTCAGG-1,0.0128,0.000082,0.128146,0.000083,0.858889
AGAATGCGGGTTCGGA-1,0.640228,0.000008,0.357802,0.000008,0.001955
AGAATTATGGATTCGA-1,0.000036,0.000036,0.275646,0.000036,0.724245
AGAATTGTTTGACATA-1,0.000055,0.000055,0.000111,0.000055,0.999723
AGACAGCTCAGAATCC-1,0.000425,0.000425,0.304391,0.000425,0.694334
AGACCAAACCACACCT-1,0.000013,0.000013,0.088199,0.000013,0.911761
AGACCATGGGATACAA-1,0.000026,0.000026,0.116555,0.000026,0.883368
AGACCCACCGCTGATC-1,0.000036,0.000036,0.002391,0.000036,0.9975
AGACCCGCCCTCCTCG-1,0.274911,0.000013,0.689349,0.000013,0.035714
AGACCGGGAAACCCTG-1,0.000042,0.000042,0.007287,0.000042,0.992587
AGACGAAGTGCCGGTC-1,0.000063,0.000063,0.141323,0.000063,0.858489
AGACGACGATGCCGCT-1,0.00003,0.00003,0.112256,0.00003,0.887654
AGACGGGATTGGTATA-1,0.000039,0.000039,0.020358,0.000039,0.979525
AGACGGGCCGATTTAA-1,0.00007,0.00007,0.395583,0.00007,0.604207
AGACTAGCCTTCCAGA-1,0.000067,0.000067,0.265397,0.000067,0.734401
AGACTGTTACCGGGTC-1,0.000176,0.000176,0.000352,0.000176,0.999121
AGAGAACCGTCTAGGA-1,0.000025,0.000025,0.141634,0.000025,0.858291
AGAGAAGGAGTACAAT-1,0.000036,0.000036,0.081693,0.000036,0.918199
AGAGATCTCTAAAGCG-1,0.000027,0.000027,0.015154,0.000027,0.984766
AGAGCAGTTATGAGAC-1,0.000033,0.000033,0.043071,0.000033,0.956831
AGAGCGCTTGTAACGG-1,0.053561,0.000242,0.401469,0.000242,0.544486
AGAGCGTACAAGCTCG-1,0.000158,0.000158,0.000315,0.000158,0.999212
AGAGGGACAATTGTCC-1,0.095904,0.000042,0.529801,0.000042,0.374211
AGAGTATAGTGTTACG-1,0.000098,0.000098,0.331716,0.000098,0.667991
AGAGTGAACAGACACC-1,0.000058,0.000058,0.585657,0.000058,0.414169
AGAGTTAGAGACCGAT-1,0.000071,0.000071,0.303008,0.000071,0.69678
AGAGTTGCAGGCCTCC-1,0.04779,0.000141,0.568782,0.000141,0.383147
AGATAACTTCAGGGCC-1,0.000116,0.000116,0.000233,0.000116,0.999419
AGATACCAGCACTTCA-1,0.094391,0.000041,0.585604,0.000041,0.319922
AGATACCGGTGTTCAC-1,0.000014,0.000014,0.035214,0.000014,0.964744
AGATACGACTTCATAT-1,0.00008,0.00008,0.037407,0.00008,0.962352
AGATACTCAAGATCGA-1,0.00004,0.00004,0.00008,0.00004,0.999799
AGATCGTGCATAAGAT-1,0.000044,0.000044,0.144948,0.000044,0.854921
AGATCTCAGGTGTGAT-1,0.002034,0.000006,0.03769,0.000006,0.960264
AGATGACTCGCCCACG-1,0.000082,0.000082,0.391726,0.000082,0.608028
AGATGAGGGTTGCGAT-1,0.000076,0.000076,0.347297,0.000076,0.652475
AGATGATGGAGTCTGG-1,0.000205,0.000205,0.474766,0.000205,0.52462
AGATGCAAGACGTGCA-1,0.00003,0.00003,0.141135,0.00003,0.858775
AGATGCATCCTGTGTC-1,0.000191,0.000191,0.272194,0.000191,0.727233
AGATTATAGGACGTTT-1,0.000072,0.000072,0.000145,0.000072,0.999638
AGATTCAAGCGGGTCG-1,0.000088,0.000088,0.660447,0.000088,0.339289
AGATTCACAACCGATA-1,0.00002,0.00002,0.00004,0.00002,0.9999
AGCAACATATCTTATT-1,0.000095,0.000095,0.263544,0.000095,0.736171
AGCAACCGAAAGTAAT-1,0.00406,0.000029,0.00695,0.000029,0.98893
AGCACCAGTACTCACG-1,0.000084,0.000084,0.225833,0.000084,0.773914
AGCACTACCGGCCTGT-1,0.000026,0.000026,0.063996,0.000026,0.935925
AGCACTTAAGGACGCC-1,0.000046,0.000046,0.023577,0.000046,0.976285
AGCAGCCAGATGAATA-1,0.00015,0.00015,0.299112,0.00015,0.700438
AGCATCATTTCGAAAG-1,0.000044,0.000044,0.000087,0.000044,0.999782
AGCATCGTCGATAATT-1,0.000071,0.000071,0.415271,0.000071,0.584516
AGCCACTCCCGTGCTT-1,0.000016,0.000016,0.064459,0.000016,0.935492
AGCCCATACATGTAAG-1,0.000011,0.000011,0.000023,0.000011,0.999944
AGCCCGGCATTAGAGG-1,0.000583,0.000583,0.112636,0.000583,0.885615
AGCCCGGTAGCCTGTA-1,0.000215,0.000215,0.271934,0.000215,0.72742
AGCCCTCCCTGGTGGC-1,0.000096,0.000096,0.096237,0.000096,0.903474
AGCCCTGTCGCACCGT-1,0.000076,0.000076,0.474746,0.000076,0.525025
AGCCCTTCTAATCCGA-1,0.000058,0.000058,0.40246,0.000058,0.597366
AGCCGTGGCTAAATGT-1,0.000043,0.000043,0.000085,0.000043,0.999787
AGCCTAATACCCACGT-1,0.000023,0.000023,0.027698,0.000023,0.972233
AGCCTTAAAGCGGAAG-1,0.00003,0.00003,0.142231,0.00003,0.857679
AGCGACAGGAACGGTC-1,0.000052,0.000052,0.846503,0.000052,0.153343
AGCGACATCCCATTCA-1,0.023115,0.000091,0.325415,0.000091,0.651288
AGCGACCAACGATATT-1,0.000062,0.000024,0.862886,0.000024,0.137003
AGCGAGACGTGAAGGC-1,0.000167,0.000167,0.112493,0.000167,0.887008
AGCGCATAATGAATCG-1,0.000069,0.000069,0.083008,0.000069,0.916785
AGCGCGGGTGCCAATG-1,0.000034,0.000034,0.101371,0.000034,0.898527
AGCGCTAGAGCGATGT-1,0.000053,0.000053,0.69278,0.000053,0.30706
AGCGCTTATGGGCAAG-1,0.000061,0.000061,0.088077,0.000061,0.911741
AGCGGACACTTCGTAG-1,0.000059,0.000059,0.18151,0.000059,0.818313
AGCGGCGGTTAGCGGT-1,0.000787,0.000024,0.003498,0.000024,0.995667
AGCGGGAAGGGTCCAT-1,0.000231,0.000231,0.209907,0.000231,0.789399
AGCGGTTGAGATGTAC-1,0.000039,0.000039,0.006282,0.000039,0.993601
AGCGGTTGCCGCTCTG-1,0.057633,0.000031,0.826475,0.000031,0.11583
AGCGTGGTATTCTACT-1,0.00004,0.00004,0.068765,0.00004,0.931116
AGCGTTCCGATTTAAA-1,0.000341,0.000024,0.020109,0.000024,0.979502
AGCTAACAAGCAATGT-1,0.000033,0.000033,0.030678,0.000033,0.969222
AGCTAGAAGCAGAAGT-1,0.000865,0.000019,0.067972,0.000019,0.931124
AGCTATTTAATCCAAC-1,0.000473,0.000007,0.000014,0.000007,0.999499
AGCTCGTTGATGGAAA-1,0.003816,0.000127,0.530405,0.000127,0.465524
AGCTCTAGACGTTCCA-1,0.003924,0.000018,0.114811,0.000018,0.881229
AGCTCTTCCCAGTGCA-1,0.000046,0.000046,0.114841,0.000046,0.885021
AGCTCTTTACTCAGTT-1,0.000045,0.000045,0.006621,0.000045,0.993243
AGCTGAAGTAAACCAA-1,0.000037,0.000037,0.052715,0.000037,0.947175
AGCTGCATTTGAGGTG-1,0.000059,0.000059,0.441859,0.000059,0.557965
AGCTGCTGTGCCGAAT-1,0.000092,0.000092,0.295581,0.000092,0.704142
AGCTGTAACCTCAATC-1,0.000048,0.000048,0.000095,0.000048,0.999762
AGCTTGATCTTAACTT-1,0.000026,0.000026,0.01973,0.000026,0.980192
AGGACAGTCGAATCCC-1,0.000063,0.000063,0.085761,0.000063,0.914051
AGGACATCGCACGTCG-1,0.000042,0.000042,0.001594,0.000042,0.998281
AGGACGACCCATTAGA-1,0.00003,0.00003,0.121413,0.00003,0.878497
AGGACGCTCGATGTTG-1,0.000095,0.000095,0.03973,0.000095,0.959985
AGGAGACATCCACAGT-1,0.000064,0.000064,0.43323,0.000064,0.566578
AGGAGAGTCTGGCTAC-1,0.000041,0.000041,0.821582,0.000041,0.178295
AGGATAAAGTCGGGAT-1,0.00023,0.00023,0.496097,0.00023,0.503213
AGGATATAGGGATTTA-1,0.000021,0.000021,0.014941,0.000021,0.984997
AGGATCACGCGATCTG-1,0.000128,0.000128,0.026229,0.000128,0.973388
AGGATTGCTTACGACA-1,0.00008,0.00008,0.504808,0.00008,0.494953
AGGCAGATGCGTAAAC-1,0.000031,0.000031,0.102334,0.000031,0.897574
AGGCAGGGAGCGTACT-1,0.000689,0.000689,0.202126,0.000689,0.795808
AGGCATTGTCGTAGGG-1,0.000136,0.000136,0.215653,0.000136,0.78394
AGGCCACATTGGTTAC-1,0.00045,0.00045,0.30005,0.00045,0.6986
AGGCCACCCGTTATGA-1,0.000065,0.000065,0.220333,0.000065,0.779472
AGGCCCATTGTACAGG-1,0.000055,0.000055,0.277119,0.000055,0.722715
AGGCCCTAGAACGCCA-1,0.004189,0.000022,0.018038,0.000022,0.977728
AGGCGGTTTGTCCCGC-1,0.000061,0.000061,0.026237,0.000061,0.973581
AGGCGTCTATGGACGG-1,0.359226,0.000012,0.58882,0.000012,0.05193
AGGCTATGGTTAGCTT-1,0.00001,0.00001,0.005625,0.00001,0.994346
AGGCTTCCCGAAGAAG-1,0.000131,0.000131,0.304824,0.000131,0.694784
AGGCTTGCTAGACACC-1,0.00012,0.00012,0.000239,0.00012,0.999402
AGGGAAACGAGGTACT-1,0.000042,0.000042,0.132859,0.000042,0.867016
AGGGACCGGCTGCGTT-1,0.00012,0.00012,0.20026,0.00012,0.799378
AGGGACTCTACGCGAC-1,0.000267,0.000267,0.902405,0.000267,0.096795
AGGGAGACATACTTCG-1,0.000078,0.000078,0.205734,0.000078,0.794033
AGGGCAGCGGCGTGGT-1,0.000029,0.000029,0.106115,0.000029,0.893797
AGGGCGAGCAGCTGAT-1,0.000044,0.000044,0.121382,0.000044,0.878485
AGGGCGTGATCGGCTA-1,0.000128,0.000128,0.104091,0.000128,0.895524
AGGGCTGCAGTTACAG-1,0.000064,0.000064,0.041614,0.000064,0.958195
AGGGTCAGTAACCCTA-1,0.142585,0.000036,0.623323,0.000036,0.23402
AGGGTCGATGCGAACT-1,0.000111,0.000111,0.45572,0.000111,0.543947
AGGGTGCCGTTCTTTA-1,0.002755,0.002755,0.470291,0.002755,0.521444
AGGGTGCTCTCGAGGG-1,0.000057,0.000057,0.468606,0.000057,0.531224
AGGGTGGATAGTGCAT-1,0.008266,0.008265,0.925611,0.008266,0.049593
AGGGTGTGCTACACGC-1,0.000098,0.000098,0.531063,0.000098,0.468644
AGGGTTCCCTTTGGTT-1,0.000031,0.000031,0.084018,0.000031,0.915889
AGGTAACCTCCTATTC-1,0.000051,0.000051,0.032089,0.000051,0.967758
AGGTACGATATTGCCA-1,0.000016,0.000016,0.010536,0.000016,0.989417
AGGTAGATCGAGATAT-1,0.000053,0.000053,0.117213,0.000053,0.882626
AGGTAGGTACAAAGCT-1,0.000005,0.000005,0.001709,0.000005,0.998275
AGGTATGCGGACATTA-1,0.000072,0.000072,0.469586,0.000072,0.530198
AGGTCAGGTGAGAGTG-1,0.00633,0.000042,0.092577,0.000042,0.90101
AGGTCGCGGAGTTACT-1,0.000042,0.000042,0.127454,0.000042,0.87242
AGGTGGTGACCTTCGC-1,0.000292,0.000292,0.132058,0.000292,0.867065
AGGTGTATCGCCATGA-1,0.000031,0.000031,0.000062,0.000031,0.999844
AGGTTACACCATGCCG-1,0.000044,0.000044,0.528544,0.000044,0.471324
AGGTTCTCCTTTCCGG-1,0.007576,0.007576,0.143021,0.007576,0.834251
AGGTTGAGGCACGCTT-1,0.000016,0.000016,0.10588,0.000016,0.894072
AGGTTTCACACACCTT-1,0.000047,0.000047,0.000094,0.000047,0.999766
AGTAACGTTCATCCTG-1,0.000069,0.000069,0.079206,0.000069,0.920586
AGTAATGTCTTGCCGC-1,0.035777,0.000133,0.190753,0.000134,0.773202
AGTAATTTGCAAGCGT-1,0.01775,0.000098,0.346292,0.000098,0.635762
AGTACCTTCGAGTGCT-1,0.000047,0.000047,0.841763,0.000047,0.158097
AGTACGGCCCGTATCG-1,0.001263,0.001263,0.133891,0.001263,0.862321
AGTACGGGCACCTGGC-1,0.000015,0.000015,0.022997,0.000015,0.976959
AGTACGTGGCCTGTCT-1,0.000069,0.000069,0.081068,0.000069,0.918727
AGTAGCGTGAACGAAC-1,0.000127,0.000127,0.135978,0.000127,0.863641
AGTAGCTAGACGCCGA-1,0.000086,0.000086,0.32726,0.000086,0.672481
AGTAGGAAGGAAGTTG-1,0.000063,0.000063,0.268988,0.000063,0.730824
AGTAGGTAACATACAT-1,0.000053,0.000053,0.069106,0.000053,0.930734
AGTATAATACTAGGCA-1,0.019117,0.000082,0.000164,0.000082,0.980556
AGTATACACAGCGACA-1,0.00028,0.00028,0.00056,0.00028,0.998601
AGTATGCTGGAGACCA-1,0.00009,0.00009,0.170532,0.00009,0.829198
AGTATTTGGCACGACC-1,0.000052,0.000052,0.798744,0.000052,0.2011
AGTCAAATGATGTGAT-1,0.000086,0.000086,0.129637,0.000086,0.870106
AGTCAACACCACCATC-1,0.00451,0.000026,0.199443,0.000026,0.795996
AGTCAAGATGACACTT-1,0.000059,0.000059,0.123002,0.000059,0.876823
AGTCAGCCACCGCCTG-1,0.000059,0.000059,0.022239,0.000059,0.977583
AGTCCATTGGCTGATG-1,0.000045,0.000045,0.191379,0.000045,0.808486
AGTCCCGCCTTTAATT-1,0.000044,0.000044,0.127283,0.000044,0.872586
AGTCCCTCGCAGAAAG-1,0.000055,0.000055,0.668888,0.000055,0.330948
AGTCGACGGTCTCAAG-1,0.00003,0.00003,0.754105,0.00003,0.245806
AGTCGGCCCAAACGAC-1,0.000092,0.000092,0.000184,0.000092,0.99954
AGTCGGCTCAACTTTA-1,0.000054,0.000054,0.179645,0.000054,0.820191
AGTCGGTTGCGTGAGA-1,0.000057,0.000057,0.144177,0.000057,0.855651
AGTCGTGGGCATTACG-1,0.00003,0.00003,0.104027,0.00003,0.895882
AGTCTAAAGTATACTC-1,0.000044,0.000044,0.191922,0.000044,0.807945
AGTCTCACAAGACTAC-1,0.00006,0.00006,0.000452,0.00006,0.999369
AGTCTGGACATCCTTG-1,0.000117,0.000117,0.000234,0.000117,0.999414
AGTCTTCTCCTCAAAT-1,0.027007,0.000077,0.015225,0.000077,0.957615
AGTGAACAAACTTCTC-1,0.00003,0.00003,0.884507,0.00003,0.115404
AGTGAAGATGGTGTCC-1,0.261688,0.000018,0.687599,0.000018,0.050677
AGTGACCTACTTTACG-1,0.000046,0.000046,0.160593,0.000046,0.83927
AGTGACTGTGACACAA-1,0.000544,0.000544,0.001089,0.000544,0.997278
AGTGAGACTTCCAGTA-1,0.000105,0.000105,0.324465,0.000105,0.675221
AGTGAGCCTCGCCGCC-1,0.000034,0.000034,0.082166,0.000034,0.917734
AGTGAGGGTTTCTGAC-1,0.00005,0.00005,0.082676,0.00005,0.917173
AGTGATATGAGTAGTT-1,0.000042,0.000042,0.155093,0.000042,0.844779
AGTGATTCAAGCAGGA-1,0.000016,0.000016,0.129547,0.000016,0.870404
AGTGCGTAGCTCGTAA-1,0.000013,0.000013,0.075312,0.000013,0.924649
AGTGCTTGCACGAATA-1,0.000037,0.000037,0.028681,0.000037,0.971209
AGTGGCGGCAATTTGA-1,0.000036,0.000036,0.200994,0.000036,0.798897
AGTGGCTCCGTCGGCC-1,0.000022,0.000022,0.000044,0.000022,0.999889
AGTGGTGTTACCCGTG-1,0.000023,0.000023,0.06918,0.000023,0.930751
AGTGGTTGCGTATAGG-1,0.00029,0.00029,0.000579,0.00029,0.998552
AGTGTATTGCGCATTG-1,0.000065,0.000065,0.114175,0.000065,0.88563
AGTGTGGTCTATTGTG-1,0.00005,0.00005,0.024388,0.00005,0.975463
AGTTAAACACTTGCGA-1,0.000031,0.000031,0.012907,0.000031,0.987001
AGTTAAGCGGTCCCGG-1,0.000016,0.000016,0.000546,0.000016,0.999407
AGTTAAGTCAACCGCT-1,0.000036,0.000036,0.075458,0.000036,0.924434
AGTTACCCTTAAGACT-1,0.06509,0.00018,0.052159,0.00018,0.88239
AGTTACCGCACATGGT-1,0.000041,0.000041,0.158372,0.000041,0.841506
AGTTACTCTATCGTGG-1,0.000079,0.000079,0.100869,0.000079,0.898895
AGTTATTGAAAGGTAA-1,0.000084,0.000084,0.169932,0.000084,0.829815
AGTTCACCGGTTGGAC-1,0.000037,0.000037,0.091662,0.000037,0.908226
AGTTCCTACAGAATTA-1,0.000083,0.000083,0.112327,0.000083,0.887424
AGTTCCTATTTATGTT-1,0.000037,0.000037,0.000074,0.000037,0.999815
AGTTGCTGACTGATAT-1,0.037275,0.000415,0.040934,0.000415,0.92096
AGTTTATGTAAAGACA-1,0.000052,0.000052,0.450189,0.000052,0.549654
AGTTTGGCACGGGTTG-1,0.000117,0.000117,0.381589,0.000117,0.618059
AGTTTGGCCAGACCTA-1,0.000062,0.000062,0.274678,0.000062,0.725137
ATAAACGGACCCGTAA-1,0.000076,0.000076,0.094086,0.000076,0.905686
ATAAAGGCTCGGTCGT-1,0.000063,0.000063,0.189667,0.000063,0.810145
ATAAAGGTCAAGTACG-1,0.000163,0.000163,0.013425,0.000163,0.986085
ATAAATATTAGCAGCT-1,0.000038,0.000038,0.000076,0.000038,0.999811
ATAACGCCGGAGGGTC-1,0.000107,0.000107,0.31485,0.000107,0.684827
ATAACGGAGTCCAACG-1,0.000004,0.000004,0.000008,0.000004,0.999981
ATAACGTTACCTCCAC-1,0.007065,0.000032,0.79395,0.000032,0.198922
ATAAGCAAACACCGAG-1,0.000104,0.000104,0.514507,0.000104,0.485182
ATAAGGTGGAGAACAT-1,0.000035,0.000035,0.072548,0.000035,0.927346
ATAAGTACCCGATTGT-1,0.000057,0.000057,0.743208,0.000057,0.256621
ATAAGTAGGATTCAGA-1,0.000043,0.000043,0.192137,0.000043,0.807733
ATAAGTTACCGCGACG-1,0.000059,0.000059,0.097906,0.000059,0.901917
ATAATACCGTTAGCCG-1,0.00038,0.00038,0.147065,0.00038,0.851794
ATAATAGTGTAGGGAC-1,0.000043,0.000043,0.043055,0.000043,0.956816
ATACCACGGGCAACTT-1,0.00001,0.00001,0.002598,0.00001,0.997373
ATACCAGGCTAATAGA-1,0.000156,0.000156,0.193249,0.000156,0.806282
ATACCGTCATCCATAA-1,0.00952,0.00004,0.521493,0.00004,0.468908
ATACGAAGGCTTTCCA-1,0.000059,0.000059,0.689348,0.000059,0.310475
ATACGACAGATGGGTA-1,0.000052,0.000052,0.58683,0.000052,0.413013
ATACGCCGGCGAAACC-1,0.000036,0.000036,0.082475,0.000036,0.917418
ATACGGAACGTCGTTT-1,0.000059,0.000059,0.000119,0.000059,0.999703
ATACGGGTTTCGATTG-1,0.00002,0.00002,0.050959,0.00002,0.948981
ATACGGTGAAGATGCA-1,0.004785,0.004785,0.480225,0.004785,0.50542
ATACGTCCACTCCTGT-1,0.000024,0.000024,0.000047,0.000024,0.999882
ATACGTTATGCACGGA-1,0.000376,0.000376,0.36853,0.000376,0.630342
ATACTTGTTCTCGAGC-1,0.006494,0.006494,0.204792,0.006494,0.775726
ATAGACAACGGGACCT-1,0.000021,0.000021,0.112402,0.000021,0.887536
ATAGACGAAGAGAAAG-1,0.000062,0.000062,0.068206,0.463655,0.468015
ATAGAGTACTGGGACA-1,0.000046,0.000046,0.503449,0.000046,0.496413
ATAGAGTTATCAACTT-1,0.000025,0.000025,0.052712,0.000025,0.947212
ATAGCCTCAGTACCCA-1,0.000021,0.000021,0.139103,0.000021,0.860834
ATAGGAATCTAAGCTT-1,0.000077,0.000077,0.276047,0.000077,0.723722
ATAGGCGGCTATAGAA-1,0.000013,0.000013,0.15395,0.000013,0.846012
ATAGGCTAGCTTCGCA-1,0.000038,0.000038,0.115639,0.000038,0.884246
ATAGGGATATCCTTGA-1,0.000031,0.000031,0.037788,0.000031,0.962119
ATAGTGAAGCGTTCTC-1,0.000052,0.000052,0.123565,0.000052,0.876281
ATAGTTCCACCCACTC-1,0.000107,0.000107,0.572011,0.000107,0.427667
ATATAGAGTATTGGTC-1,0.001541,0.001541,0.100161,0.001541,0.895216
ATATCAACCTACAGAG-1,0.000102,0.000102,0.42565,0.000102,0.574045
ATATCAATTCCAGCCT-1,0.000052,0.000052,0.022572,0.000052,0.977273
ATATCGTGCCAGACCC-1,0.000031,0.000031,0.000063,0.000031,0.999843
ATATCTCCCTCGTTAA-1,0.000034,0.000034,0.157845,0.000034,0.842053
ATATCTTAGGGCCTTC-1,0.00015,0.00015,0.210927,0.00015,0.788625
ATATGTCTCCCTAGCC-1,0.000054,0.000054,0.765435,0.000054,0.234403
ATATGTGCACAAACCA-1,0.029165,0.000045,0.629103,0.000045,0.341641
