Barcode,Topic 1,Topic 2,Topic 3,Topic 4,Topic 5,Topic 6,Topic 7,Topic 8,Topic 9
AAACAACGAATAGTTC-1,0.000096,0.000096,0.235407,0.118576,0.381414,0.000096,0.138068,0.079627,0.04662
AAACAAGTATCTCCCA-1,0.000039,0.000039,0.158082,0.04465,0.176456,0.089531,0.303999,0.137321,0.089882
AAACACCAATAACTGC-1,0.000026,0.000026,0.534146,0.008278,0.294333,0.021673,0.006559,0.134495,0.000465
AAACAGAGCGACTCCT-1,0.001883,0.001883,0.34767,0.001885,0.001885,0.001885,0.508989,0.001885,0.132036
AAACAGCTTTCAGAAG-1,0.000015,0.000015,0.000015,0.002261,0.959508,0.000015,0.000772,0.025727,0.011671
AAACAGGGTCTATATT-1,0.000024,0.000024,0.000702,0.01169,0.590061,0.000024,0.113433,0.271881,0.01216
AAACATTTCCCGGATT-1,0.000073,0.000073,0.060889,0.127531,0.146266,0.016472,0.102629,0.538129,0.007938
AAACCGGGTAGGTACC-1,0.001792,0.001792,0.243579,0.001793,0.74387,0.001793,0.001793,0.001794,0.001794
AAACCGTTCGTCCAGG-1,0.000021,0.000021,0.08358,0.01665,0.082562,0.045705,0.082101,0.660579,0.028779
AAACCTAAGCAGCCGG-1,0.000055,0.000055,0.050894,0.47128,0.070291,0.08175,0.143772,0.160533,0.02137
AAACCTCATGAAGTTG-1,0.000054,0.000054,0.028477,0.287011,0.684186,0.000054,0.000054,0.000054,0.000054
AAACGAAGATGGAGTA-1,0.000035,0.000035,0.334465,0.002449,0.058684,0.060969,0.130897,0.391178,0.021287
AAACGAGACGGTTGAT-1,0.000229,0.000229,0.000229,0.000229,0.868743,0.000229,0.021506,0.000229,0.108379
AAACGGGTTGGTATCC-1,0.000114,0.000114,0.254997,0.03825,0.303875,0.003907,0.235038,0.021462,0.142243
AAACGGTTGCGAACTG-1,0.000072,0.000072,0.859578,0.03,0.102721,0.007342,0.000072,0.000072,0.000072
AAACTAACGTGGCGAC-1,0.000061,0.000061,0.040911,0.1477,0.188429,0.000061,0.150407,0.455437,0.016931
AAACTCGGTTCGCAAT-1,0.000019,0.000019,0.052112,0.000939,0.000019,0.925929,0.004095,0.016848,0.000019
AAACTGCTGGCTCCAA-1,0.000233,0.000233,0.000234,0.136687,0.737949,0.051647,0.072548,0.000234,0.000234
AAACTTAATTGCACGC-1,0.000035,0.000035,0.734065,0.000348,0.004347,0.261064,0.000035,0.000035,0.000035
AAACTTGCAAACGTAT-1,0.000389,0.000389,0.000389,0.249596,0.66292,0.000389,0.085152,0.000389,0.000389
AAAGACTGGGCGCTTT-1,0.000191,0.000191,0.000191,0.000191,0.848366,0.000191,0.059546,0.075463,0.015671
AAAGGGATGTAGCAAG-1,0.000026,0.000026,0.042695,0.737482,0.085228,0.000026,0.115662,0.016841,0.002014
AAAGGGCAGCTTGAAT-1,0.000164,0.000164,0.000164,0.024059,0.315068,0.047892,0.144326,0.000164,0.467997
AAAGGTAAGCTGTACC-1,0.000646,0.000646,0.000646,0.091262,0.411936,0.000646,0.291027,0.202544,0.000646
AAAGTAGCATTGCTCA-1,0.000189,0.000189,0.000189,0.484966,0.266682,0.075849,0.001229,0.124986,0.045721
AAAGTCGACCCTCAGT-1,0.000089,0.000089,0.000089,0.037065,0.700703,0.000089,0.261696,0.000089,0.000089
AAAGTGTGATTTATCT-1,0.000191,0.000191,0.000191,0.000191,0.604308,0.000191,0.243983,0.012893,0.137859
AAAGTTGACTCCCGTA-1,0.000077,0.000077,0.000077,0.000077,0.541018,0.000077,0.147476,0.064243,0.246877
AAATAACCATACGGGA-1,0.000558,0.000558,0.045905,0.000559,0.605178,0.312184,0.03394,0.000559,0.000559
AAATACCTATAAGCAT-1,0.000349,0.000349,0.00035,0.00035,0.765061,0.00035,0.223007,0.00035,0.009835
AAATAGCTTAGACTTT-1,0.000039,0.000039,0.175033,0.013187,0.360052,0.000039,0.278347,0.09308,0.080183
AAATAGGGTGCTATTG-1,0.00011,0.00011,0.00011,0.00011,0.843894,0.00011,0.14179,0.013654,0.00011
AAATCCGATACACGCC-1,0.000089,0.000089,0.154782,0.299192,0.207627,0.000089,0.104482,0.193878,0.039771
AAATCGCGGAAGGAGT-1,0.000017,0.000017,0.000017,0.000017,0.000017,0.313107,0.000017,0.669545,0.017246
AAATCTAGCCCTGCTA-1,0.00013,0.00013,0.394266,0.030412,0.133312,0.00013,0.12147,0.182096,0.138053
AAATGCTCGTTACGTT-1,0.000036,0.000036,0.07878,0.41982,0.005642,0.004242,0.378391,0.000036,0.113016
AAATGGCATGTCTTGT-1,0.000487,0.000487,0.009429,0.123348,0.464497,0.141032,0.000488,0.000488,0.259743
AAATGGCCCGTGCCCT-1,0.000383,0.000383,0.140478,0.000383,0.489147,0.000383,0.148793,0.000384,0.219665
AAATGTATCTTATCCC-1,0.000028,0.000028,0.000028,0.848062,0.000029,0.022823,0.098481,0.003378,0.027144
AAATTAATAAGCGCGA-1,0.000016,0.000016,0.128463,0.039319,0.778707,0.047313,0.004561,0.000563,0.001042
AAATTACACGACTCTG-1,0.001406,0.001407,0.001408,0.001407,0.630676,0.188743,0.172138,0.001407,0.001408
AAATTACCTATCGATG-1,0.000064,0.000064,0.038409,0.02811,0.230557,0.000064,0.064517,0.01286,0.625354
AAATTGATAGTCCTTT-1,0.000249,0.000249,0.29655,0.085139,0.235698,0.000249,0.164244,0.217372,0.000249
AAATTGCGGCGGTTCT-1,0.000029,0.000029,0.039314,0.544894,0.231873,0.011363,0.115511,0.016934,0.040053
AAATTTACCGAAATCC-1,0.000173,0.000173,0.351335,0.000173,0.31337,0.000173,0.02516,0.297457,0.011986
AAATTTGCGGGTGTGG-1,0.000119,0.000119,0.074828,0.069437,0.518818,0.000119,0.155113,0.147723,0.033725
AACAACTGGTAGTTGC-1,0.00031,0.00031,0.00031,0.133356,0.218279,0.16884,0.167854,0.282494,0.028248
AACAATTACTCTACGC-1,0.000199,0.000199,0.054689,0.168836,0.159702,0.000199,0.198292,0.000199,0.417684
AACACACGCTCGCCGC-1,0.000717,0.000717,0.25347,0.000717,0.225272,0.232684,0.000717,0.194253,0.091453
AACACGACTGTACTGA-1,0.000218,0.000218,0.129151,0.116306,0.091272,0.000218,0.000218,0.392911,0.269486
AACACGAGACGCGGCC-1,0.000294,0.000294,0.000294,0.000294,0.458985,0.000294,0.174476,0.364775,0.000294
AACACGCGGCCGCGAA-1,0.000119,0.000119,0.013294,0.081685,0.318401,0.000119,0.21978,0.366364,0.000119
AACAGCTGTGTGGCAA-1,0.000108,0.000108,0.238733,0.006065,0.548787,0.018128,0.02683,0.160372,0.000869
AACAGGAAATCGAATA-1,0.000079,0.000079,0.082835,0.352324,0.301941,0.04415,0.053799,0.068796,0.095996
AACAGGATGGGCCGCG-1,0.00002,0.00002,0.01775,0.028663,0.076219,0.003023,0.090044,0.077505,0.706758
AACAGGTAGTATGGAT-1,0.000109,0.000109,0.124838,0.088707,0.202152,0.000109,0.321148,0.192344,0.070487
AACATATCAACTGGTG-1,0.000078,0.000078,0.076394,0.003669,0.393062,0.000078,0.300925,0.135202,0.090513
AACATTGGTCAGCCGT-1,0.000085,0.000085,0.259746,0.095242,0.634207,0.000085,0.000085,0.000085,0.010377
AACCAAGACTTCTCTG-1,0.001038,0.001039,0.001039,0.290397,0.483638,0.001039,0.001039,0.001039,0.219731
AACCAGTATCACTCTT-1,0.000534,0.000534,0.104108,0.000535,0.212358,0.000535,0.000535,0.412926,0.267935
AACCATAGGGTTGAAC-1,0.000052,0.000052,0.977825,0.000052,0.000052,0.021813,0.000052,0.000052,0.000052
AACCATGGGATCGCTA-1,0.001852,0.001853,0.001853,0.88548,0.001853,0.10155,0.001853,0.001853,0.001853
AACCCAGAGACGGAGA-1,0.000085,0.000085,0.040665,0.028442,0.118929,0.239742,0.13161,0.348258,0.092184
AACCCATCCCATGATC-1,0.000011,0.000011,0.172326,0.006567,0.173892,0.139503,0.036825,0.452933,0.017932
AACCCTACTGTCAATA-1,0.000057,0.000057,0.006263,0.000057,0.46498,0.000057,0.116056,0.011909,0.400565
AACCGAGCTTGGTCAT-1,0.00005,0.00005,0.143647,0.272154,0.443236,0.00005,0.013158,0.095529,0.032127
AACCGCTAAGGGATGC-1,0.001984,0.001984,0.001986,0.001986,0.394434,0.001985,0.001985,0.361581,0.232074
AACCGTTGTGTTTGCT-1,0.000033,0.000033,0.12113,0.018876,0.598894,0.000033,0.071145,0.147681,0.042176
AACCTCGCTTTAGCCC-1,0.000036,0.000036,0.35226,0.005413,0.367006,0.202937,0.028644,0.035749,0.007918
AACCTTTAAATACGGT-1,0.000079,0.000079,0.017369,0.06509,0.377298,0.032852,0.122458,0.367715,0.017061
AACCTTTACGACGTCT-1,0.002525,0.002525,0.628295,0.002527,0.002527,0.002527,0.354018,0.002527,0.002527
AACGAAAGTCGTCCCA-1,0.000033,0.000033,0.437403,0.003,0.145106,0.05734,0.034281,0.25028,0.072526
AACGATAATGCCGTAG-1,0.000093,0.000093,0.000093,0.000093,0.289185,0.000093,0.055973,0.645787,0.008587
AACGATATGTCAACTG-1,0.000145,0.000145,0.024958,0.051658,0.451244,0.000145,0.250449,0.135649,0.085607
AACGCATGATCTGGGT-1,0.000115,0.000115,0.016201,0.674758,0.012587,0.035316,0.125667,0.135127,0.000115
AACGCGAACGGCAACA-1,0.000016,0.000016,0.011932,0.042071,0.000016,0.029581,0.001165,0.896266,0.018937
AACGCGGTCTCCAGCC-1,0.000039,0.000039,0.152284,0.057051,0.344342,0.191241,0.05868,0.121647,0.074678
AACGCTGTTGCTGAAA-1,0.00007,0.00007,0.47485,0.005629,0.142431,0.000767,0.313353,0.062759,0.00007
AACGGACGTACGTATA-1,0.000512,0.000512,0.086209,0.000512,0.36381,0.05649,0.49093,0.000512,0.000512
AACGGCCATCTCCGGT-1,0.000159,0.000159,0.175626,0.517145,0.030481,0.000159,0.000159,0.275952,0.000159
AACGTACTGTGGGTAC-1,0.000258,0.000258,0.486839,0.099264,0.33347,0.000259,0.000259,0.079135,0.000259
AACGTCAGACTAGTGG-1,0.000556,0.000556,0.000556,0.228158,0.08061,0.248788,0.294069,0.000556,0.146152
AACGTGATGAAGGACA-1,0.000646,0.000646,0.000646,0.000646,0.000646,0.000646,0.000646,0.994829,0.000646
AACGTGCGAAAGTCTC-1,0.000083,0.000083,0.067883,0.016332,0.759557,0.000083,0.055108,0.072828,0.028043
AACGTTATCAGCACCT-1,0.000027,0.000027,0.032358,0.083934,0.322805,0.000027,0.057927,0.430006,0.07289
AACTACCCGTTTGTCA-1,0.000067,0.000067,0.024875,0.120051,0.118442,0.000067,0.511572,0.21854,0.00632
AACTAGGCTTGGGTGT-1,0.000018,0.000018,0.042445,0.028989,0.373868,0.000278,0.113292,0.391044,0.050049
AACTCAAGTTAATTGC-1,0.000201,0.000201,0.188389,0.062788,0.166061,0.000201,0.367396,0.214561,0.000201
AACTCCAGAGCGTGTT-1,0.000132,0.000132,0.000132,0.000132,0.179788,0.000132,0.082581,0.661453,0.07552
AACTCCTAATCCCATG-1,0.003704,0.003704,0.54141,0.003706,0.432651,0.003706,0.003707,0.003707,0.003706
AACTCGATAAACACGT-1,0.00005,0.00005,0.15659,0.041335,0.69943,0.00005,0.102396,0.00005,0.00005
AACTCGATGGCGCAGT-1,0.00161,0.001611,0.250891,0.418611,0.001612,0.001611,0.001612,0.001611,0.320831
AACTCTCAATAGAGCG-1,0.000033,0.000033,0.000033,0.000033,0.277978,0.000033,0.040133,0.001945,0.679779
AACTCTCAGTGTGCTC-1,0.000514,0.000514,0.000515,0.126694,0.18871,0.000515,0.195801,0.486222,0.000515
AACTGAGGTCAGCGTC-1,0.00008,0.00008,0.002035,0.166319,0.069318,0.118481,0.260062,0.383546,0.00008
AACTGATATTAGGCCT-1,0.000342,0.000342,0.000342,0.801539,0.000342,0.117527,0.040768,0.038455,0.000342
AACTGGGTCCCGACGT-1,0.000054,0.000054,0.161297,0.327994,0.399876,0.000054,0.031365,0.000054,0.079255
AACTTCTGCGTCTATC-1,0.00004,0.00004,0.00004,0.00004,0.319102,0.00004,0.00004,0.005711,0.674948
AACTTGCCCGTATGCA-1,0.000053,0.000053,0.000053,0.003549,0.219783,0.000053,0.132505,0.013879,0.630071
AACTTGCGTTCTCGCG-1,0.000717,0.000717,0.000717,0.130047,0.425384,0.000717,0.000717,0.209673,0.231311
AACTTTACGGGAGCTT-1,0.000037,0.000037,0.070278,0.077166,0.767544,0.000037,0.021739,0.047031,0.016132
AAGAAGGATCAGTTAG-1,0.000475,0.000475,0.000475,0.461686,0.000475,0.171318,0.279988,0.084633,0.000475
AAGACCAAATAACTCA-1,0.000139,0.000139,0.651366,0.15208,0.125494,0.000139,0.000139,0.011264,0.059238
AAGACTAACCCGTTGT-1,0.000665,0.000665,0.000666,0.61678,0.055236,0.116228,0.000666,0.208427,0.000666
AAGACTGCAAGCTACT-1,0.000034,0.000034,0.032745,0.002101,0.862136,0.000034,0.086865,0.000034,0.016019
AAGAGATGAATCGGTA-1,0.000064,0.000064,0.000064,0.000064,0.259431,0.000064,0.160187,0.006729,0.573334
AAGAGCTCTTTATCGG-1,0.0002,0.0002,0.0002,0.040648,0.626353,0.0002,0.015342,0.246778,0.070079
AAGAGGATGTACGCGA-1,0.001029,0.001029,0.00103,0.00103,0.420252,0.00103,0.477424,0.03924,0.057937
AAGAGGCATGGATCGC-1,0.000248,0.000248,0.000248,0.006998,0.645678,0.000248,0.301378,0.01198,0.032974
AAGATGGCACCGGACC-1,0.000157,0.000157,0.108475,0.060505,0.312907,0.107436,0.132947,0.250943,0.026472
AAGATTGGCGGAACGT-1,0.000294,0.000294,0.02779,0.000294,0.291172,0.066972,0.112682,0.085819,0.414683
AAGCACCCTGCGTATC-1,0.000028,0.000029,0.161549,0.006066,0.201341,0.320695,0.015835,0.28639,0.008068
AAGCATACTCTCCTGA-1,0.000214,0.000214,0.177611,0.000214,0.422323,0.000214,0.278165,0.120833,0.000214
AAGCCGAAGCGGTTTA-1,0.000102,0.000102,0.074265,0.02737,0.1528,0.000102,0.322913,0.414012,0.008334
AAGCGCAGGGCTTTGA-1,0.000142,0.000142,0.417502,0.095566,0.171485,0.018507,0.24282,0.01541,0.038427
AAGCGGCGTCATGGGT-1,0.003831,0.003834,0.003834,0.457831,0.003834,0.003834,0.515333,0.003834,0.003834
AAGCGTCCCTCATCGA-1,0.000228,0.000228,0.000228,0.000228,0.341832,0.000228,0.201847,0.323292,0.131891
AAGCTAGATCGAGTAA-1,0.000115,0.000115,0.000115,0.000115,0.339605,0.000115,0.03509,0.593948,0.030783
AAGCTCGTGCCAAGTC-1,0.000064,0.000064,0.009189,0.054965,0.663097,0.000064,0.088453,0.147572,0.036532
AAGCTCTTTCATGGTG-1,0.000156,0.000156,0.099561,0.136889,0.414996,0.000156,0.347776,0.000156,0.000156
AAGGATCGATCGCTTG-1,0.000027,0.000027,0.060528,0.037289,0.245281,0.032864,0.465993,0.066098,0.091893
AAGGATGAGGGACCTC-1,0.000116,0.000116,0.013595,0.256549,0.247642,0.000116,0.028829,0.000116,0.452922
AAGGCGCGTAAAGCTT-1,0.000296,0.000296,0.000297,0.000297,0.573811,0.000297,0.173582,0.063806,0.187319
AAGGCTGTGCTCATCG-1,0.000053,0.000053,0.049297,0.091285,0.309741,0.000053,0.376032,0.035849,0.137638
AAGGGAACGACTGGCT-1,0.000035,0.000035,0.485726,0.000071,0.061359,0.402889,0.000035,0.049817,0.000035
AAGGGACAGATTCTGT-1,0.000077,0.000077,0.000078,0.011495,0.000078,0.000078,0.000078,0.212193,0.775847
AAGGGACTATGCATTC-1,0.00003,0.00003,0.629417,0.006308,0.196285,0.063738,0.035086,0.066705,0.002401
AAGGGTTTGATTTCAG-1,0.000298,0.000298,0.358938,0.015824,0.087555,0.141387,0.209571,0.185831,0.000298
AAGGTATCCTAATATA-1,0.00101,0.00101,0.041548,0.001011,0.389691,0.001011,0.562697,0.001011,0.001011
AAGGTGATAAACCAGC-1,0.001089,0.001089,0.328758,0.00109,0.52158,0.00109,0.00109,0.00109,0.143123
AAGTAAGCTTCCAAAC-1,0.000166,0.000166,0.000166,0.231843,0.243461,0.062083,0.241399,0.220551,0.000166
AAGTAGTGACGCGAGG-1,0.000021,0.000021,0.000021,0.000021,0.000021,0.000021,0.041225,0.133282,0.82537
AAGTCAATTGTCGTCA-1,0.000163,0.000163,0.116561,0.000163,0.418898,0.000163,0.228399,0.017082,0.218408
AAGTCTTCTGTGGCCT-1,0.000081,0.000081,0.096615,0.207174,0.589291,0.000081,0.053369,0.027763,0.025545
AAGTGACGACCGAATT-1,0.003472,0.003472,0.003475,0.003475,0.639696,0.003477,0.194225,0.003475,0.145233
AAGTGCAAAGGTAGAC-1,0.000022,0.000022,0.04289,0.061667,0.265918,0.000022,0.000022,0.036278,0.593158
AAGTGCCTTGACTGTA-1,0.000058,0.000058,0.031224,0.083059,0.257114,0.000058,0.377937,0.115832,0.13466
AAGTGCGTTAGAATCT-1,0.000299,0.000299,0.000299,0.031143,0.577633,0.000299,0.240249,0.149481,0.000299
AAGTGTTTGGAGACGG-1,0.000108,0.000108,0.000108,0.000297,0.87597,0.000108,0.116665,0.00653,0.000108
AAGTTCACTCCAAGCT-1,0.000324,0.000324,0.000324,0.064894,0.398952,0.000324,0.33202,0.202513,0.000324
AAGTTCAGTCTGCGTA-1,0.000143,0.000143,0.000143,0.000143,0.339883,0.000143,0.115209,0.479968,0.064224
AAGTTCGGCCAACAGG-1,0.000158,0.000158,0.14665,0.172923,0.436772,0.000158,0.126375,0.116648,0.000158
AAGTTTACTAATGGCA-1,0.000037,0.000037,0.283596,0.092312,0.587278,0.035648,0.000037,0.001017,0.000037
AATAACAACGCTCGGC-1,0.000053,0.000053,0.000053,0.000053,0.245707,0.000053,0.057037,0.002981,0.694008
AATAACACTAGAACAA-1,0.000134,0.000134,0.000134,0.000134,0.449074,0.000134,0.223232,0.254351,0.072671
AATACAATGTTTCAGG-1,0.000029,0.000029,0.000029,0.000029,0.184986,0.000029,0.000029,0.042053,0.772788
AATAGAACAGAGTGGC-1,0.000099,0.000099,0.058047,0.271875,0.033054,0.052903,0.128138,0.444141,0.011643
AATAGAATCTGTTTCA-1,0.00095,0.00095,0.00095,0.00095,0.666983,0.208733,0.118583,0.00095,0.00095
AATAGCAAGCCTCCTG-1,0.000209,0.000209,0.049558,0.276836,0.160573,0.000209,0.330376,0.172803,0.009226
AATAGTCCGTCCCGAC-1,0.000243,0.000243,0.227841,0.242279,0.032365,0.031757,0.223519,0.063567,0.178186
AATAGTCGCGAGTCGG-1,0.000032,0.000032,0.112673,0.099828,0.787307,0.000032,0.000032,0.000032,0.000032
AATATCGAATCAATGC-1,0.000085,0.000085,0.094497,0.10335,0.039185,0.000085,0.443645,0.285598,0.033472
AATATCGAGGGTTCTC-1,0.000304,0.000304,0.000305,0.000305,0.583879,0.000305,0.326665,0.000305,0.087628
AATATTGGAGTATTGA-1,0.001195,0.001195,0.001196,0.001196,0.552003,0.001196,0.001196,0.439628,0.001196
AATCAGACTGCAGGAC-1,0.000099,0.000099,0.221251,0.006234,0.422304,0.03722,0.312594,0.000099,0.000099
AATCATGTAAAGACTC-1,0.000158,0.000158,0.675836,0.000162,0.111398,0.031009,0.095351,0.073237,0.012691
AATCCATGCAAGGGTG-1,0.000992,0.000992,0.000993,0.000993,0.676467,0.265918,0.000993,0.05166,0.000993
AATCGCCTCAGCGCCA-1,0.000166,0.000166,0.007822,0.000166,0.679542,0.000166,0.137634,0.151046,0.023291
AATCGCGCAGAGGACT-1,0.000081,0.000081,0.033286,0.001762,0.228092,0.008901,0.55917,0.110885,0.057741
AATCGGGACACTACGA-1,0.00031,0.00031,0.038463,0.327906,0.631774,0.00031,0.00031,0.00031,0.00031
AATCTAGGTTTACTTG-1,0.000288,0.000288,0.088202,0.314727,0.141176,0.000288,0.247382,0.20736,0.000288
AATCTATGCCGGAGCC-1,0.000072,0.000072,0.220245,0.144152,0.000072,0.005176,0.51832,0.015711,0.09618
AATCTCTACTGTGGTT-1,0.000903,0.000904,0.000904,0.000904,0.845921,0.000904,0.147752,0.000904,0.000904
AATCTGCGTTGGGACG-1,0.000012,0.000012,0.000012,0.023366,0.086582,0.000012,0.020901,0.020513,0.84859
AATCTGGCTTTCTAGT-1,0.000507,0.000508,0.134366,0.209718,0.493182,0.000508,0.000508,0.000508,0.160197
AATGACAGCAATGTCT-1,0.001068,0.001068,0.001069,0.001069,0.33241,0.001069,0.660107,0.001069,0.001069
AATGACGTAGGATGTC-1,0.000418,0.000418,0.122267,0.000418,0.697249,0.021695,0.156699,0.000418,0.000418
AATGAGTTCGCATATG-1,0.002315,0.002315,0.381216,0.002317,0.602572,0.002316,0.002317,0.002316,0.002317
AATGATGATACGCTAT-1,0.000708,0.000708,0.171384,0.372196,0.151282,0.134648,0.000708,0.000708,0.167657
AATGATGCGACTCCTG-1,0.000121,0.000121,0.05129,0.000121,0.292106,0.000121,0.405017,0.144652,0.106451
AATGCACCAAGCAATG-1,0.000751,0.000751,0.416059,0.000751,0.258919,0.000751,0.000751,0.320515,0.000751
AATGGTCCACCGTTCA-1,0.00014,0.00014,0.00014,0.054757,0.73842,0.00014,0.205984,0.00014,0.00014
AATGGTTCTCACAAGC-1,0.000336,0.000336,0.061124,0.013942,0.369517,0.000336,0.433829,0.000336,0.120245
AATGTATGGCACTGTA-1,0.000114,0.000114,0.32499,0.000114,0.000114,0.640554,0.000114,0.016794,0.017092
AATGTGCCCGAGGTGT-1,0.00028,0.00028,0.066582,0.00028,0.096236,0.00028,0.00028,0.835502,0.00028
AATTAAAGGTCGGCGT-1,0.000079,0.000079,0.071689,0.032886,0.090977,0.000079,0.474568,0.250317,0.079327
AATTAACGGATTTCCA-1,0.00004,0.00004,0.223009,0.088731,0.375882,0.00004,0.044182,0.181375,0.0867
AATTACGAGACCCATC-1,0.000274,0.000274,0.39986,0.000274,0.000274,0.490081,0.108416,0.000274,0.000274
AATTACTCGTACGCTC-1,0.000029,0.000029,0.045937,0.00025,0.831643,0.000029,0.000029,0.074908,0.047144
AATTAGCGCTGCAGCG-1,0.000051,0.000051,0.006673,0.015625,0.616621,0.026536,0.283028,0.051363,0.000051
AATTCATAAGGGATCT-1,0.000958,0.000958,0.000959,0.000959,0.476798,0.137306,0.000959,0.380146,0.000959
AATTCATTGTCATGCA-1,0.000101,0.000101,0.033326,0.712262,0.000101,0.253805,0.000101,0.000101,0.000101
AATTCCAACTTGGTGA-1,0.000082,0.000082,0.356469,0.112301,0.530738,0.000082,0.000082,0.000082,0.000082
AATTCCAAGCATGTAC-1,0.000037,0.000037,0.75853,0.000037,0.02632,0.152108,0.050083,0.012809,0.000037
AATTCGATTCGAGGAT-1,0.000234,0.000234,0.837465,0.032948,0.070009,0.000234,0.058408,0.000234,0.000234
AATTCTAGAGTTAGGC-1,0.000039,0.00004,0.002307,0.015169,0.767545,0.00004,0.129093,0.060914,0.024853
AATTGAACGCTCTGGT-1,0.000348,0.000348,0.078715,0.000349,0.622943,0.000349,0.296251,0.000349,0.000349
AATTGCGTGGATTACA-1,0.001339,0.001339,0.420931,0.00134,0.00134,0.373758,0.197276,0.00134,0.001339
AATTTGGGACATAGTA-1,0.003831,0.003832,0.379397,0.003834,0.003834,0.276392,0.003834,0.32121,0.003834
ACAAACCATGCGTCCT-1,0.000048,0.000048,0.787429,0.017046,0.195237,0.000048,0.000048,0.000048,0.000048
ACAAATCGCACCGAAT-1,0.000094,0.000094,0.148726,0.044135,0.633876,0.000315,0.092293,0.000094,0.080373
ACAAATGGTAGTGTTT-1,0.000341,0.000341,0.066907,0.000341,0.691614,0.143507,0.059635,0.000341,0.036972
ACAAATTCAGATCTGA-1,0.000088,0.000088,0.000088,0.717155,0.000088,0.027078,0.081585,0.173744,0.000088
ACAACAGCATGAGCTA-1,0.000038,0.000038,0.07302,0.147328,0.505745,0.000038,0.1232,0.038494,0.112099
ACAACGGTCCCTGCGA-1,0.000028,0.000028,0.000028,0.100618,0.15061,0.000028,0.103175,0.007878,0.637608
ACAAGCAGTGCCTAGC-1,0.00006,0.00006,0.00006,0.00006,0.340243,0.00006,0.07236,0.046873,0.540225
ACAAGCTATATGGAAG-1,0.000012,0.000012,0.002085,0.00559,0.791438,0.000012,0.0029,0.190277,0.007674
ACAAGGAAATCCGCCC-1,0.000105,0.000105,0.000105,0.000105,0.649025,0.000105,0.097765,0.251327,0.001357
ACAAGGACAAGAGGTT-1,0.000037,0.000037,0.03036,0.004041,0.370283,0.080473,0.133347,0.006814,0.374608
ACAAGGATGCTTTAGG-1,0.00007,0.00007,0.00007,0.131808,0.334675,0.00007,0.176743,0.337351,0.019142
ACAAGGGCAGGCTCTG-1,0.000078,0.000078,0.000078,0.000078,0.857566,0.000078,0.066653,0.037592,0.037797
ACAATAGTCGTACGTT-1,0.000084,0.000084,0.000084,0.000084,0.614309,0.000084,0.116661,0.260913,0.007696
ACAATCCATTTAAACC-1,0.000073,0.000073,0.057346,0.000073,0.391681,0.000073,0.138769,0.000073,0.411841
ACAATCGATCTTTATA-1,0.002364,0.002366,0.002366,0.654257,0.002366,0.329183,0.002366,0.002367,0.002366
ACAATGAATACGGAGA-1,0.00022,0.00022,0.120885,0.076834,0.343874,0.00022,0.06218,0.390379,0.005187
ACAATGATTCTTCTAC-1,0.000122,0.000122,0.064095,0.332952,0.046911,0.000122,0.258265,0.295465,0.001945
ACAATTGTGTCTCTTT-1,0.00021,0.00021,0.388333,0.199818,0.16046,0.00021,0.119923,0.00021,0.130626
ACAATTTAGGAGGCTC-1,0.000046,0.000046,0.076679,0.033766,0.606291,0.115685,0.047967,0.07214,0.04738
ACAATTTGAGCAGTGG-1,0.000096,0.000096,0.000097,0.000097,0.573628,0.000097,0.012632,0.01649,0.396768
ACACACCAGGACCAGT-1,0.002525,0.002525,0.002527,0.002527,0.619313,0.002527,0.363001,0.002527,0.002527
ACACACTTTCTACACG-1,0.000054,0.000054,0.167506,0.499424,0.11323,0.000054,0.219572,0.000054,0.000054
ACACATGATCAAATCT-1,0.000049,0.000049,0.653638,0.05789,0.278001,0.010224,0.000049,0.000049,0.000049
ACACATTGACGCAACA-1,0.000041,0.000041,0.077307,0.138031,0.72247,0.000041,0.000041,0.061988,0.000041
ACACCCGAGAAATCCG-1,0.000067,0.000067,0.000067,0.589111,0.000067,0.025961,0.310628,0.02184,0.052192
ACACCGAGCGCTCTTT-1,0.000035,0.000035,0.355437,0.025692,0.573485,0.045212,0.000035,0.000035,0.000035
ACACCGGTCTGACCGC-1,0.000092,0.000092,0.712121,0.072251,0.031449,0.002037,0.09913,0.079372,0.003454
ACACCTTAAGTAGGGC-1,0.00009,0.00009,0.193701,0.082784,0.328454,0.00009,0.285708,0.00009,0.108993
ACACCTTACTACTTGC-1,0.000012,0.000012,0.000012,0.000012,0.000012,0.0092,0.743691,0.235464,0.011583
ACACGAGACTCCTTCT-1,0.000055,0.000055,0.222524,0.10543,0.33765,0.000276,0.03008,0.00053,0.303399
ACACGGGAACTTAGGG-1,0.000055,0.000055,0.230007,0.165031,0.552637,0.000181,0.003537,0.00505,0.043446
ACACTCCAATGTCACT-1,0.000065,0.000065,0.091911,0.043208,0.605882,0.000065,0.10995,0.043954,0.1049
ACAGAACTGAGAACAA-1,0.000313,0.000313,0.000313,0.173278,0.501723,0.000313,0.116289,0.207144,0.000313
ACAGCATAGAGCCAGT-1,0.000527,0.000527,0.080181,0.005352,0.399954,0.070824,0.114946,0.24799,0.0797
ACAGCGACATTCTCAT-1,0.000153,0.000153,0.000153,0.130628,0.371312,0.000153,0.327734,0.148287,0.021426
ACAGCGCACCCGCAGC-1,0.001984,0.001984,0.001986,0.001986,0.664132,0.001986,0.321971,0.001986,0.001986
ACAGGAGGCGCAGCCG-1,0.000177,0.000177,0.088785,0.249075,0.314543,0.030377,0.079974,0.236716,0.000177
ACAGGCTTGCCCGACT-1,0.000181,0.000181,0.000181,0.021149,0.121777,0.087686,0.045313,0.571451,0.152082
ACAGGTGGAGGTGAGG-1,0.000122,0.000122,0.014955,0.231514,0.434608,0.000122,0.264673,0.053761,0.000122
ACAGTAATACAACTTG-1,0.000182,0.000182,0.000182,0.000182,0.804382,0.000182,0.000182,0.194346,0.000182
ACATAAGTCGTGGTGA-1,0.00004,0.00004,0.170952,0.012489,0.00004,0.313822,0.117598,0.376174,0.008846
ACATAATAAGGCGGTG-1,0.000036,0.000036,0.174927,0.213295,0.510558,0.000036,0.014807,0.067834,0.018471
ACATCAGCTGGGACGC-1,0.000054,0.000054,0.000054,0.019153,0.788134,0.000054,0.101658,0.069191,0.021647
ACATCCCGGCCATACG-1,0.000289,0.000289,0.000289,0.339974,0.02518,0.000289,0.257565,0.254718,0.12141
ACATCCTGGTAACTGT-1,0.00005,0.00005,0.055977,0.086483,0.378426,0.040831,0.139044,0.184825,0.114314
ACATCGATCGTTTACC-1,0.000024,0.000024,0.0583,0.012754,0.696773,0.034923,0.075339,0.082632,0.039229
ACATCGGTCAGCCGCG-1,0.000119,0.000119,0.017157,0.093718,0.489983,0.000119,0.316347,0.05575,0.026688
ACATCGTATGCAATGG-1,0.000292,0.000292,0.129734,0.081411,0.675663,0.000293,0.000293,0.000293,0.111729
ACATCGTTAACCTAGT-1,0.00271,0.002711,0.281603,0.002712,0.699416,0.002712,0.002712,0.002712,0.002712
ACATCTCAACGCGTAA-1,0.000218,0.000218,0.208004,0.056421,0.40112,0.000218,0.150992,0.036345,0.146464
ACATGGCGCCAAAGTA-1,0.000042,0.000042,0.002802,0.018362,0.387651,0.000042,0.45917,0.067473,0.064415
ACATGGCTCAATTTAG-1,0.000065,0.000065,0.241811,0.254687,0.4143,0.000065,0.088878,0.000065,0.000065
ACATTAGTTTATATCC-1,0.000717,0.000717,0.000717,0.000717,0.772665,0.000717,0.000717,0.222315,0.000717
ACCAACACCACACACT-1,0.000056,0.000056,0.20981,0.098176,0.00579,0.06721,0.47098,0.08478,0.063141
ACCAATATGCAAGTTA-1,0.000221,0.000221,0.083139,0.003058,0.59115,0.000221,0.270034,0.051735,0.000221
ACCACAACTCAGAACA-1,0.000407,0.000407,0.000407,0.000407,0.360082,0.000407,0.000407,0.562375,0.075099
ACCACCAATGTAACAA-1,0.00002,0.00002,0.068847,0.035464,0.147744,0.006844,0.494801,0.157812,0.088448
ACCACGTGCAGCTATA-1,0.000236,0.000236,0.023158,0.000236,0.855386,0.000236,0.066625,0.000236,0.05365
ACCACTGTTCAAGAAG-1,0.000034,0.000034,0.172808,0.08224,0.587924,0.005332,0.118909,0.031986,0.000732
ACCAGACCATAACAAC-1,0.000042,0.000042,0.000042,0.000042,0.584604,0.000042,0.000042,0.351767,0.063374
ACCAGTGCCCGGTCAA-1,0.000069,0.000069,0.000225,0.539098,0.000069,0.000069,0.088134,0.351922,0.020346
ACCAGTGCGGGAGACG-1,0.00022,0.000221,0.342562,0.042156,0.294182,0.000221,0.250364,0.000221,0.069854
ACCATCCGCCAACTAG-1,0.000761,0.000761,0.000762,0.111161,0.883509,0.000762,0.000762,0.000762,0.000762
ACCATCGTATATGGTA-1,0.000157,0.000157,0.095375,0.000157,0.404805,0.26197,0.209115,0.022043,0.006221
ACCATTAAGGGTGTCA-1,0.000035,0.000035,0.194473,0.052225,0.705601,0.000035,0.000035,0.029171,0.018388
ACCCAACGCCCGTGGC-1,0.000029,0.000029,0.000029,0.000029,0.058643,0.000029,0.000029,0.117016,0.824167
ACCCACCTACATGCTC-1,0.000171,0.000171,0.000172,0.000172,0.213875,0.040453,0.263254,0.040386,0.441346
ACCCATCTTGAGGGTA-1,0.000278,0.000279,0.000279,0.000279,0.444863,0.000279,0.283515,0.26995,0.000279
ACCCATTTGTCCCTCT-1,0.000101,0.000101,0.000101,0.424754,0.044421,0.000101,0.10413,0.426189,0.000101
ACCCGAGCGAAATTAC-1,0.000067,0.000067,0.344181,0.285341,0.079409,0.004242,0.033918,0.229431,0.023345
ACCCGGAAACTCCCAG-1,0.000028,0.000028,0.152729,0.047839,0.329648,0.020485,0.006278,0.425718,0.017246
ACCCGGATGACGCATC-1,0.000326,0.000326,0.025164,0.006111,0.643334,0.000326,0.219843,0.104244,0.000326
ACCCGGTTACACTTCC-1,0.000038,0.000038,0.000038,0.000038,0.000038,0.105454,0.322191,0.572126,0.000038
ACCCTATAGGACTGAG-1,0.00271,0.00271,0.978304,0.002712,0.002712,0.002712,0.002712,0.002714,0.002714
ACCCTATGCCATATCG-1,0.000034,0.000034,0.000034,0.000034,0.000034,0.000034,0.10502,0.894743,0.000034
ACCCTCCCTTGCTATT-1,0.000461,0.000461,0.000461,0.000461,0.114789,0.000461,0.000461,0.642993,0.23945
ACCCTTCATCTGCGAA-1,0.000076,0.000076,0.244149,0.091772,0.467481,0.000076,0.000076,0.140335,0.05596
ACCCTTTAGTTCTCCA-1,0.004274,0.004274,0.004277,0.004277,0.965789,0.004278,0.004278,0.004277,0.004277
ACCGAAGAGTCTGGTT-1,0.000051,0.000051,0.400877,0.152213,0.254139,0.001806,0.001334,0.189137,0.000394
ACCGACACATCTCCCA-1,0.000054,0.000054,0.376567,0.366665,0.130132,0.064482,0.000054,0.061937,0.000054
ACCGACTGAGTCCCAC-1,0.000086,0.000086,0.301555,0.18063,0.361855,0.005436,0.109312,0.000087,0.040953
ACCGATGGTAGCATCG-1,0.000019,0.000019,0.000019,0.000019,0.177393,0.000019,0.0029,0.011586,0.808027
ACCGCAATAACTGCCT-1,0.000181,0.000181,0.030758,0.116885,0.722576,0.000181,0.128876,0.000181,0.000181
ACCGCGGTGGAAGTCG-1,0.000042,0.000042,0.174212,0.063727,0.26578,0.000042,0.293555,0.099187,0.103413
ACCGGGCCTTTGTTGA-1,0.00009,0.00009,0.00009,0.055657,0.382955,0.00009,0.393626,0.021991,0.145411
ACCGGTCAGGTACACC-1,0.000023,0.000023,0.470256,0.020652,0.160532,0.348446,0.000023,0.000023,0.000023
ACCGTCCACTGGGCCC-1,0.001277,0.001277,0.989776,0.001278,0.001278,0.001278,0.001278,0.001278,0.001278
ACCTAAGTACCTTTCA-1,0.000081,0.000081,0.000081,0.340211,0.003552,0.000081,0.318607,0.247271,0.090037
ACCTAATCGACTTCCT-1,0.000033,0.000033,0.000033,0.000033,0.141765,0.000033,0.030241,0.03897,0.78886
ACCTACAGTATGTGGT-1,0.000071,0.000071,0.000071,0.059096,0.000071,0.000071,0.920165,0.014428,0.005954
ACCTACTATAAATCTA-1,0.000039,0.000039,0.555765,0.004605,0.000039,0.31296,0.123434,0.000039,0.003078
ACCTCCGCCCTCGCTG-1,0.0001,0.0001,0.016521,0.165944,0.010824,0.035446,0.509076,0.23088,0.031108
ACCTCCGTTATTCACC-1,0.000023,0.000023,0.000023,0.000023,0.000023,0.000023,0.999819,0.000023,0.000023
ACCTCGAACTTATGCT-1,0.00004,0.00004,0.2537,0.00004,0.000106,0.745954,0.00004,0.00004,0.00004
ACCTGCGTGTCATGTT-1,0.001157,0.001158,0.001158,0.001158,0.815916,0.001158,0.14244,0.001158,0.034695
ACGAAATGGGCGGCAC-1,0.000206,0.000206,0.000206,0.012676,0.509341,0.000206,0.128055,0.000206,0.348898
ACGAGAACCCATCACG-1,0.00004,0.00004,0.027543,0.067319,0.417947,0.00004,0.198458,0.211854,0.076758
ACGAGATATTTGCTTA-1,0.002584,0.002585,0.002586,0.658908,0.002586,0.002586,0.002586,0.322994,0.002586
ACGAGGATACCACTCT-1,0.001372,0.001372,0.001373,0.001373,0.773817,0.001373,0.216575,0.001373,0.001373
ACGAGGTTTACAACGT-1,0.000037,0.000037,0.549696,0.036286,0.366614,0.000037,0.000037,0.047221,0.000037
ACGAGTACGGATGCCC-1,0.000067,0.000067,0.028466,0.014312,0.296468,0.088123,0.481797,0.000067,0.090635
ACGAGTCGCCGGCGTT-1,0.00003,0.00003,0.152101,0.017224,0.790112,0.00003,0.038887,0.00003,0.001556
ACGATACATAGAACTA-1,0.000139,0.000139,0.113652,0.596759,0.288287,0.000139,0.000139,0.000139,0.000609
ACGATACCTATCCTGA-1,0.000022,0.000022,0.00661,0.158512,0.74586,0.000023,0.004328,0.071594,0.013028
ACGATCATACATAGAG-1,0.000046,0.000046,0.143627,0.393505,0.278069,0.000046,0.004358,0.105636,0.074668
ACGATCATCTTGTAAA-1,0.000081,0.000081,0.026901,0.018233,0.493682,0.000081,0.195098,0.126978,0.138863
ACGATGCATATGTTAT-1,0.000103,0.000103,0.140529,0.003491,0.358365,0.000103,0.328276,0.15062,0.018411
ACGCAATCACTACAGC-1,0.000144,0.000144,0.313361,0.000144,0.000144,0.091344,0.522132,0.000144,0.072445
ACGCATACGTTTACTA-1,0.000079,0.000079,0.000079,0.0757,0.000079,0.682091,0.241732,0.000079,0.000079
ACGCATTCGTGAGTAC-1,0.000018,0.000018,0.000018,0.010699,0.420967,0.000018,0.000741,0.35013,0.217393
ACGCCAGATGATTTCT-1,0.000093,0.000093,0.000657,0.151154,0.47079,0.055448,0.078142,0.243529,0.000093
ACGCCGCTAGACGACC-1,0.000346,0.000346,0.000346,0.000346,0.564696,0.000346,0.260733,0.066081,0.106758
ACGCCTGACACGCGCT-1,0.000239,0.000239,0.214223,0.294695,0.293611,0.000239,0.136427,0.000239,0.060088
ACGCGAAGTCAGACGA-1,0.000171,0.000171,0.000171,0.000185,0.512793,0.000171,0.226744,0.222339,0.037255
ACGCGCTACACAGGGT-1,0.003086,0.003087,0.24376,0.003089,0.617625,0.003089,0.003089,0.120087,0.003088
ACGCGGGCCAAGGACA-1,0.000028,0.000028,0.13367,0.032389,0.675484,0.072857,0.085487,0.000028,0.000028
ACGCGTTTCTTAAGAG-1,0.000027,0.000027,0.074478,0.124484,0.652526,0.000027,0.115793,0.000027,0.032611
ACGCTAGTGATACACT-1,0.00023,0.00023,0.093873,0.00023,0.493759,0.00023,0.212163,0.00023,0.199054
ACGCTGTGAGGCGTAG-1,0.000078,0.000078,0.010765,0.041109,0.751904,0.000078,0.195832,0.000078,0.000078
ACGGAATTTAGCAAAT-1,0.000823,0.000823,0.250068,0.000824,0.508258,0.000824,0.133895,0.000824,0.103661
ACGGACTCTCAAAGCG-1,0.000039,0.000039,0.369347,0.043433,0.478451,0.000039,0.064567,0.015372,0.028711
ACGGAGCGCAAATTAC-1,0.000431,0.000431,0.000431,0.000431,0.000431,0.000431,0.526712,0.437351,0.033352
ACGGATGGTGCGGATA-1,0.000072,0.000072,0.022786,0.025829,0.515906,0.000072,0.197328,0.176078,0.061856
ACGGCACTTGCTTGGG-1,0.000356,0.000356,0.000356,0.000356,0.997149,0.000356,0.000356,0.000356,0.000356
ACGGCGACGATGGGAA-1,0.000063,0.000063,0.000063,0.000063,0.396712,0.000063,0.094577,0.468431,0.039964
ACGGCGGGTTGCCCTG-1,0.002415,0.002416,0.324872,0.002417,0.31121,0.349418,0.002417,0.002417,0.002417
ACGGCTGGATGTAGAA-1,0.000036,0.000036,0.709688,0.001174,0.005626,0.205807,0.010648,0.038498,0.028487
ACGGGAGTGTCGGCCC-1,0.001565,0.001565,0.001566,0.189479,0.44511,0.001566,0.001566,0.356017,0.001566
ACGGGTCATGTGACTT-1,0.000031,0.000031,0.140429,0.011476,0.62656,0.178999,0.042413,0.000031,0.000031
ACGTACAGATTTCTCT-1,0.000341,0.000341,0.025473,0.195861,0.207515,0.171909,0.000341,0.150753,0.247467
ACGTAGATTGCTGATG-1,0.000091,0.000091,0.138219,0.171808,0.539614,0.000091,0.019619,0.00933,0.121138
ACGTATTACTCCGATC-1,0.000075,0.000075,0.047439,0.000075,0.550498,0.000075,0.076163,0.026675,0.298923
ACGTCTCGTTCCGGGA-1,0.000015,0.000015,0.001627,0.002969,0.573191,0.000015,0.002331,0.401134,0.018703
ACGTGACAAAGTAAGT-1,0.000014,0.000014,0.033884,0.240347,0.392651,0.007871,0.061794,0.24908,0.014346
ACGTGCGCCTCGTGCA-1,0.00008,0.00008,0.367945,0.211724,0.362422,0.002778,0.011917,0.00008,0.042974
ACGTTAATGTCGAAGA-1,0.000296,0.000296,0.000297,0.000297,0.906411,0.000297,0.045122,0.000297,0.046688
ACGTTAGATTTGCCCG-1,0.000253,0.000253,0.188346,0.004663,0.325513,0.000253,0.367722,0.000253,0.112746
ACGTTATTGGTCACTC-1,0.000046,0.000046,0.02776,0.222777,0.557529,0.000046,0.031749,0.009883,0.150162
ACGTTCGCAATCAATT-1,0.000077,0.000077,0.000078,0.121112,0.080532,0.019699,0.597746,0.037657,0.143021
ACGTTTAGTTGTGATC-1,0.000253,0.000253,0.19734,0.189059,0.190189,0.000253,0.139807,0.105765,0.177082
ACTAATACGTCAGGCG-1,0.001134,0.001134,0.752524,0.001135,0.001135,0.001135,0.239535,0.001135,0.001135
ACTACATCCCGACAAG-1,0.000022,0.000022,0.417875,0.002691,0.075153,0.503684,0.00051,0.000022,0.000022
ACTACCAGCTCTCTGG-1,0.000524,0.000524,0.258462,0.000524,0.163245,0.000525,0.323534,0.000524,0.252137
ACTACGCGTTAGAATT-1,0.00039,0.00039,0.271594,0.240287,0.00039,0.00039,0.10504,0.381129,0.00039
ACTAGTTGCGATCGTC-1,0.000112,0.000112,0.178432,0.050061,0.130317,0.009389,0.291437,0.175357,0.164784
ACTATATGCTGTGTTC-1,0.001883,0.001883,0.001885,0.001885,0.396679,0.001885,0.236732,0.355283,0.001885
ACTATCCAGGGCATGG-1,0.000033,0.000033,0.112755,0.0307,0.32957,0.000033,0.447562,0.037924,0.04139
ACTATCGCCGGCTAAA-1,0.000019,0.000019,0.176664,0.213451,0.588647,0.021145,0.000019,0.000019,0.000019
ACTATGTCCAGCTGCC-1,0.000217,0.000217,0.246578,0.197633,0.379531,0.077468,0.000217,0.060162,0.037978
ACTATTCGTCCGTGGT-1,0.002268,0.002268,0.184589,0.002269,0.79953,0.002269,0.002269,0.00227,0.002269
ACTCAACGAATGTATT-1,0.000087,0.000087,0.000087,0.000087,0.11137,0.000087,0.130003,0.671727,0.086467
ACTCAAGTGCAAGGCT-1,0.000062,0.000062,0.007394,0.156376,0.479184,0.000062,0.076476,0.280321,0.000062
ACTCAATAAAGGCACG-1,0.000039,0.000039,0.176265,0.427512,0.158065,0.026513,0.101667,0.074436,0.035464
ACTCCCATTCCTAAAG-1,0.000378,0.000378,0.000378,0.000378,0.890954,0.000378,0.000378,0.106399,0.000378
ACTCCCGAATTCGTTT-1,0.00008,0.00008,0.118344,0.027724,0.347823,0.00008,0.356722,0.069929,0.079218
ACTCCCTAATGCTAAA-1,0.000029,0.000029,0.1386,0.043139,0.696561,0.000029,0.027851,0.063648,0.030115
ACTCCCTAGAATAGTA-1,0.000258,0.000258,0.112695,0.057694,0.762674,0.000258,0.019768,0.02382,0.022575
ACTCGATGTATTTCAT-1,0.000042,0.000042,0.160787,0.042446,0.633529,0.152982,0.000042,0.008834,0.001296
ACTCGTAACCCGTCCT-1,0.000722,0.000722,0.000722,0.185912,0.694143,0.000722,0.115614,0.000722,0.000722
ACTCGTCAGTAATCCC-1,0.000185,0.000185,0.000185,0.000185,0.939393,0.000185,0.05931,0.000185,0.000185
ACTCTAAACCTGGGAT-1,0.000014,0.000014,0.007642,0.447234,0.545041,0.000014,0.000014,0.000014,0.000014
ACTCTCTGACTTAGGT-1,0.000119,0.000119,0.021357,0.000119,0.442499,0.204683,0.100014,0.145606,0.085483
ACTCTCTTATACACGA-1,0.002137,0.002138,0.612508,0.002138,0.002138,0.002138,0.203682,0.002138,0.170983
ACTCTTGTATAGTAAC-1,0.000043,0.000043,0.000043,0.000043,0.384877,0.000043,0.000043,0.455545,0.15932
ACTGAAACGCCGTTAG-1,0.00045,0.00045,0.00045,0.281306,0.159554,0.00045,0.272716,0.204452,0.080172
ACTGAATGGCGAAAGT-1,0.000109,0.000109,0.000109,0.037446,0.617407,0.000109,0.165844,0.122698,0.056168
ACTGATTTAGTGATTC-1,0.000191,0.000191,0.092021,0.379421,0.395362,0.000191,0.000191,0.089126,0.043304
ACTGCCGTCGTAACTC-1,0.000133,0.000133,0.166253,0.021458,0.629087,0.05565,0.000133,0.046026,0.081126
ACTGCTCGGAAGGATG-1,0.000026,0.000026,0.035815,0.008809,0.564964,0.000026,0.010427,0.36115,0.018757
ACTGTACGATACACAT-1,0.000203,0.000203,0.125186,0.106757,0.400564,0.000203,0.107876,0.000203,0.258804
ACTGTAGCACTTTGGA-1,0.000178,0.000178,0.246422,0.013284,0.148339,0.000179,0.27272,0.007738,0.310961
ACTGTATACGCGAGCA-1,0.000061,0.000061,0.053531,0.035847,0.334602,0.000061,0.306625,0.234457,0.034754
ACTGTCTTCTTTAGAA-1,0.000055,0.000055,0.191651,0.39362,0.271501,0.091851,0.031224,0.000055,0.019989
ACTGTGCTAGTAGATC-1,0.002924,0.002924,0.002926,0.177497,0.002926,0.439696,0.365254,0.002926,0.002926
ACTGTTTAGTGTAGGC-1,0.000597,0.000597,0.175076,0.060652,0.410173,0.000598,0.068053,0.283656,0.000598
ACTTACCGGGCGCGCA-1,0.002058,0.002058,0.502403,0.002059,0.002059,0.002059,0.250981,0.234265,0.002059
ACTTACGCATCCACGC-1,0.000088,0.000088,0.175134,0.056158,0.433069,0.000088,0.033048,0.274173,0.028153
ACTTAGTACGACAAGA-1,0.001709,0.00171,0.43165,0.001711,0.001711,0.001711,0.404368,0.153719,0.001711
ACTTATACTTACCCGG-1,0.00002,0.00002,0.00002,0.000783,0.205269,0.00002,0.094215,0.000021,0.699631
ACTTATCTGATCTATA-1,0.000161,0.000161,0.00119,0.429061,0.261525,0.047867,0.040246,0.219628,0.000161
ACTTATTTATGTGCCA-1,0.00117,0.00117,0.00117,0.003043,0.517248,0.00117,0.31941,0.00117,0.154448
ACTTCAGGCTGATCCC-1,0.000197,0.000197,0.000197,0.000197,0.577121,0.000198,0.168446,0.120534,0.132913
ACTTCCAGTGGAAGCT-1,0.000485,0.000485,0.092694,0.000486,0.000486,0.000486,0.000486,0.903908,0.000486
ACTTCCATGCGGGACA-1,0.000224,0.000224,0.066026,0.000224,0.365007,0.000224,0.063282,0.491642,0.013146
ACTTCGCCATACGCAC-1,0.000019,0.000019,0.000019,0.000019,0.000019,0.016098,0.000019,0.610848,0.372938
ACTTGACTCCCTCTTT-1,0.000089,0.000089,0.000089,0.02546,0.803006,0.000089,0.058273,0.088389,0.024517
ACTTGTAGTCCCTTCA-1,0.000026,0.000026,0.000026,0.000086,0.960846,0.000026,0.009942,0.027908,0.001113
ACTTGTGGATGGAACG-1,0.000205,0.000205,0.03716,0.190697,0.179529,0.115803,0.196188,0.029799,0.250412
ACTTTACCCTCATGAA-1,0.000032,0.000032,0.126441,0.048629,0.150501,0.000032,0.558576,0.000032,0.115724
ACTTTCCTATAGCTTC-1,0.000031,0.000031,0.232569,0.115378,0.412922,0.072587,0.111947,0.049714,0.004821
ACTTTGACTGCATCCT-1,0.000154,0.000154,0.000154,0.037038,0.955765,0.000154,0.000154,0.006272,0.000154
ACTTTGGTCGTGCTCC-1,0.000057,0.000057,0.707278,0.020707,0.040832,0.123484,0.07145,0.019685,0.01645
AGAACCCTCAATTGGG-1,0.000024,0.000024,0.135745,0.00032,0.000024,0.231317,0.007949,0.562178,0.06242
AGAACGTGGTACATTC-1,0.000134,0.000134,0.32781,0.066105,0.432683,0.000134,0.000134,0.030364,0.142503
AGAAGAGCGCCGTTCC-1,0.000292,0.000292,0.000292,0.000292,0.331554,0.000292,0.000292,0.157001,0.509694
AGAAGGTACACTTCAC-1,0.000611,0.000611,0.171048,0.000611,0.289528,0.000611,0.284215,0.000611,0.252155
AGAAGGTTGCCGAATT-1,0.000119,0.000119,0.043406,0.000119,0.126953,0.000119,0.225686,0.562331,0.041149
AGAAGGTTGTAGGTCG-1,0.000033,0.000033,0.309973,0.002886,0.168112,0.264214,0.000033,0.254681,0.000033
AGAAGTGATTCGTGAT-1,0.000614,0.000614,0.01906,0.036492,0.535857,0.000614,0.40552,0.000614,0.000614
AGAATAAATCTTCAGG-1,0.000424,0.000424,0.000424,0.055486,0.62679,0.000424,0.141201,0.000424,0.174401
AGAATGCGGGTTCGGA-1,0.000224,0.000224,0.000224,0.097182,0.266909,0.03218,0.26502,0.336954,0.001083
AGAATTATGGATTCGA-1,0.000019,0.000019,0.003337,0.006652,0.050347,0.000019,0.065105,0.067912,0.80659
AGAATTGTTTGACATA-1,0.000099,0.000099,0.041625,0.160516,0.588173,0.000099,0.05115,0.000099,0.158138
AGACAGCTCAGAATCC-1,0.000056,0.000056,0.265312,0.137695,0.500298,0.000056,0.019919,0.019466,0.057142
AGACCAAACCACACCT-1,0.000056,0.000056,0.016629,0.000827,0.573171,0.036763,0.163492,0.20895,0.000056
AGACCATGGGATACAA-1,0.000049,0.000049,0.000049,0.000049,0.000049,0.041019,0.02088,0.135733,0.802123
AGACCCACCGCTGATC-1,0.000178,0.000178,0.000178,0.000178,0.472732,0.000178,0.174547,0.295353,0.056476
AGACCGCTCCGCGGTT-1,0.000107,0.000107,0.240408,0.161446,0.000107,0.000107,0.465589,0.119786,0.012344
AGACCGGGAAACCCTG-1,0.000125,0.000125,0.049351,0.046808,0.623239,0.000125,0.258325,0.021775,0.000125
AGACGAAGTGCCGGTC-1,0.000138,0.000138,0.720572,0.000138,0.0547,0.078088,0.043239,0.102848,0.000138
