Barcode,Topic 1,Topic 2,Topic 3,Topic 4to5,Topic 6,Topic 7
AAACAAGTATCTCCCA-1,0.000815,0.000813,0.000815,0.070806,0.83324,0.093511
AAACACCAATAACTGC-1,0.00044,0.000439,0.00044,0.00088,0.463751,0.534049
AAACAGCTTTCAGAAG-1,0.000183,0.002537,0.000183,0.040882,0.181556,0.77466
AAACAGGGTCTATATT-1,0.000432,0.000434,0.042346,0.226385,0.729971,0.000432
AAACATGGTGAGAGGA-1,0.013028,0.013015,0.013071,0.026084,0.921754,0.013049
AAACATTTCCCGGATT-1,0.000952,0.000948,0.000952,0.001901,0.580941,0.414307
AAACCCGAACGAAATC-1,0.000278,0.00028,0.000278,0.000556,0.606155,0.392453
AAACCGGAAATGTTAA-1,0.000259,0.000259,0.00026,0.000519,0.359099,0.639604
AAACCGGGTAGGTACC-1,0.000312,0.031502,0.000312,0.207405,0.307851,0.452618
AAACCGTTCGTCCAGG-1,0.005316,0.0053,0.124462,0.845885,0.005315,0.013722
AAACCTAAGCAGCCGG-1,0.014304,0.138462,0.014363,0.028684,0.01433,0.789857
AAACCTCATGAAGTTG-1,0.000346,0.000346,0.021747,0.378545,0.429652,0.169364
AAACGAAGATGGAGTA-1,0.000368,0.000367,0.000368,0.190076,0.344832,0.463988
AAACGAGACGGTTGAT-1,0.061694,0.078333,0.000664,0.520385,0.155667,0.183257
AAACGGGCGTACGGGT-1,0.081254,0.005964,0.005973,0.166965,0.733863,0.005983
AAACTCGGTTCGCAAT-1,0.000885,0.000884,0.000886,0.10931,0.311729,0.576306
AAACTCGTGATATAAG-1,0.011935,0.011934,0.41977,0.532423,0.011973,0.011964
AAACTGCTGGCTCCAA-1,0.050254,0.000284,0.000284,0.860995,0.0879,0.000284
AAACTTAATTGCACGC-1,0.005123,0.005113,0.005137,0.010252,0.969248,0.005128
AAACTTGCAAACGTAT-1,0.000476,0.000474,0.000475,0.051508,0.102416,0.844651
AAAGAATGACCTTAGA-1,0.052709,0.025832,0.00252,0.328401,0.510966,0.079571
AAAGACTGGGCGCTTT-1,0.000432,0.000431,0.000432,0.000865,0.663487,0.334352
AAAGCTTGCCTACATA-1,0.005999,0.005963,0.005982,0.011969,0.005985,0.964102
AAAGGGATGTAGCAAG-1,0.000824,0.000822,0.000824,0.00165,0.000824,0.995056
AAAGGGCAGCTTGAAT-1,0.000588,0.000587,0.000588,0.001176,0.493822,0.503239
AAAGTAGCATTGCTCA-1,0.000497,0.000495,0.000496,0.277462,0.547068,0.173982
AAAGTCACTGATGTAA-1,0.000581,0.028107,0.000581,0.367303,0.306727,0.296702
AAAGTCGACCCTCAGT-1,0.000317,0.000316,0.000317,0.000633,0.294713,0.703705
AAAGTGCCATCAATTA-1,0.021857,0.000994,0.000997,0.001993,0.415598,0.558561
AAAGTGTGATTTATCT-1,0.142857,0.142857,0.142857,0.285714,0.142857,0.142857
AAAGTTGACTCCCGTA-1,0.010219,0.010236,0.010248,0.429683,0.010255,0.529357
AAATAAGGTAGTGCCC-1,0.048357,0.000332,0.000333,0.230448,0.000333,0.720197
AAATACCTATAAGCAT-1,0.062183,0.013742,0.000395,0.765651,0.089499,0.06853
AAATAGCTTAGACTTT-1,0.017862,0.017896,0.017931,0.035868,0.017928,0.892516
AAATAGGGTGCTATTG-1,0.071843,0.063561,0.000433,0.128684,0.000433,0.735045
AAATCCGATACACGCC-1,0.004216,0.004209,0.004219,0.008444,0.97469,0.004223
AAATCGCGGAAGGAGT-1,0.000547,0.000546,0.000548,0.078548,0.588815,0.330996
AAATCGTGTACCACAA-1,0.032123,0.000446,0.000447,0.300123,0.000447,0.666414
AAATCTAGCCCTGCTA-1,0.000498,0.000497,0.124949,0.068003,0.492767,0.313286
AAATGATTCGATCAGC-1,0.008978,0.008949,0.008984,0.017956,0.234688,0.720445
AAATGCTCGTTACGTT-1,0.002814,0.036506,0.002811,0.563517,0.002815,0.391537
AAATGGCATGTCTTGT-1,0.004789,0.00477,0.004775,0.193248,0.19878,0.593638
AAATGGCCCGTGCCCT-1,0.034008,0.000287,0.040003,0.108577,0.348077,0.469047
AAATGGTCAATGTGCC-1,0.003331,0.003329,0.253403,0.225893,0.003338,0.510706
AAATGTATCTTATCCC-1,0.000414,0.028008,0.000414,0.000827,0.612052,0.358287
AAATTAACGGGTAGCT-1,0.001186,0.001183,0.001186,0.166674,0.001186,0.828586
AAATTAATAAGCGCGA-1,0.000278,0.000277,0.000277,0.000555,0.369081,0.629532
AAATTACCTATCGATG-1,0.025462,0.124304,0.001079,0.182493,0.133129,0.533533
AAATTCCAGGTCCAAA-1,0.000288,0.000292,0.000288,0.000576,0.174119,0.824436
AAATTGATAGTCCTTT-1,0.001667,0.001665,0.001668,0.003337,0.250846,0.740818
AAATTTGCGGGTGTGG-1,0.000475,0.000476,0.000475,0.552943,0.355164,0.090467
AACAACTGGTAGTTGC-1,0.000453,0.000452,0.054797,0.000906,0.188405,0.754988
AACAATACATTGTCGA-1,0.000598,0.095062,0.000598,0.219166,0.340367,0.344209
AACAATTACTCTACGC-1,0.000503,0.000507,0.000504,0.147166,0.53599,0.31533
AACACACGCTCGCCGC-1,0.002396,0.002385,0.002392,0.219365,0.11769,0.655772
AACACGACTGTACTGA-1,0.001271,0.001267,0.001271,0.107897,0.453517,0.434777
AACACGAGACGCGGCC-1,0.000478,0.000477,0.000478,0.078617,0.478242,0.441706
AACAGCTGTGTGGCAA-1,0.000739,0.016467,0.000739,0.194252,0.154768,0.633034
AACAGGAAATCGAATA-1,0.018016,0.017905,0.017912,0.03595,0.892296,0.017922
AACAGGATGGGCCGCG-1,0.000383,0.000382,0.000383,0.071797,0.53874,0.388317
AACAGGTAGTATGGAT-1,0.000759,0.000757,0.000759,0.001519,0.684738,0.311467
AACATATCAACTGGTG-1,0.001283,0.027725,0.00128,0.225584,0.001282,0.742847
AACCAAGACTTCTCTG-1,0.000502,0.000501,0.000502,0.141746,0.200591,0.656159
AACCCAGAGACGGAGA-1,0.000377,0.000377,0.000378,0.339654,0.658837,0.000378
AACCCATCCCATGATC-1,0.000418,0.009039,0.000417,0.000834,0.444042,0.545249
AACCCGAGCAGAATCG-1,0.00049,0.000489,0.00049,0.00098,0.522858,0.474694
AACCCTACTGTCAATA-1,0.012239,0.011942,0.011931,0.023965,0.012007,0.927916
AACCGAGCTTGGTCAT-1,0.001121,0.001119,0.001122,0.215851,0.085888,0.6949
AACCGCTAAGGGATGC-1,0.004623,0.004617,0.004628,0.464986,0.004626,0.516521
AACCGTTGTGTTTGCT-1,0.014333,0.014323,0.014348,0.412661,0.01437,0.529965
AACCTCGCTTTAGCCC-1,0.001795,0.001789,0.001796,0.43258,0.001794,0.560246
AACCTGTCACGGAATT-1,0.000256,0.000255,0.000256,0.068623,0.121199,0.809411
AACCTTTAAATACGGT-1,0.00208,0.002074,0.002081,0.842311,0.149373,0.00208
AACGAAAGTCGTCCCA-1,0.028323,0.000471,0.000472,0.161114,0.536744,0.272876
AACGATAATGCCGTAG-1,0.007783,0.000109,0.000109,0.000218,0.000109,0.991672
AACGATAGAAGGGCCG-1,0.139234,0.006825,0.006833,0.013675,0.006836,0.826597
AACGATATGTCAACTG-1,0.000643,0.0112,0.000643,0.737563,0.000643,0.249306
AACGCATGATCTGGGT-1,0.04069,0.113022,0.000563,0.463183,0.381979,0.000563
AACGCGGTCTCCAGCC-1,0.00078,0.00778,0.000779,0.00156,0.170692,0.818409
AACGCTGTTGCTGAAA-1,0.001119,0.001119,0.00112,0.124126,0.672905,0.199612
AACGGACGTACGTATA-1,0.028697,0.028607,0.028666,0.856589,0.028714,0.028726
AACGGCCATCTCCGGT-1,0.001214,0.223783,0.001216,0.099919,0.257822,0.416046
AACGTACTGTGGGTAC-1,0.001095,0.035548,0.001094,0.593178,0.001095,0.367989
AACGTCAGACTAGTGG-1,0.000446,0.000449,0.000445,0.334665,0.266287,0.397709
AACGTGCGAAAGTCTC-1,0.116706,0.000453,0.000453,0.443148,0.070211,0.36903
AACGTTATCAGCACCT-1,0.00097,0.047781,0.000969,0.197942,0.703944,0.048393
AACTACCCGTTTGTCA-1,0.001435,0.001432,0.001437,0.002869,0.586655,0.406174
AACTAGGCTTGGGTGT-1,0.000633,0.086254,0.000632,0.369515,0.339349,0.203617
AACTCAAGTTAATTGC-1,0.000717,0.000716,0.000718,0.211175,0.299628,0.487046
AACTCCAGAGCGTGTT-1,0.184966,0.004774,0.004782,0.009568,0.004786,0.791123
AACTCTCAATAGAGCG-1,0.014327,0.014328,0.014372,0.028736,0.913886,0.01435
AACTCTCAGTGTGCTC-1,0.001934,0.023706,0.001939,0.171566,0.00194,0.798916
AACTGAGTTATACTGA-1,0.000328,0.000327,0.000327,0.000655,0.460598,0.537765
AACTGATATTAGGCCT-1,0.02383,0.023867,0.023963,0.047754,0.023921,0.856664
AACTGGGTCCCGACGT-1,0.001792,0.001789,0.001795,0.080839,0.001793,0.911993
AACTTCTGCGTCTATC-1,0.002925,0.002922,0.002932,0.29125,0.002929,0.697042
AACTTGCCCGTATGCA-1,0.000439,0.000438,0.000439,0.22478,0.271311,0.502593
AACTTTACGGGAGCTT-1,0.000308,0.00627,0.000309,0.002895,0.608518,0.3817
AACTTTCTCGATCATG-1,0.016144,0.015899,0.015915,0.031904,0.015927,0.904212
AAGAAATCACCAGATT-1,0.006245,0.006223,0.006233,0.012482,0.199808,0.769008
AAGACCAAATAACTCA-1,0.000839,0.000837,0.023306,0.001679,0.543193,0.430146
AAGAGATGAATCGGTA-1,0.000364,0.000363,0.000364,0.574972,0.423572,0.000364
AAGAGCTCTTTATCGG-1,0.00142,0.001418,0.001422,0.685809,0.001421,0.30851
AAGAGGATGTACGCGA-1,0.00048,0.066189,0.00048,0.130057,0.486394,0.316401
AAGAGGCATGGATCGC-1,0.000789,0.025917,0.000789,0.474033,0.270065,0.228406
AAGAGGCCCTTTGGAA-1,0.000495,0.000494,0.000495,0.00099,0.695297,0.30223
AAGATGGCACCGGACC-1,0.000756,0.069981,0.000755,0.242168,0.2713,0.41504
AAGATTGGCGGAACGT-1,0.002562,0.240463,0.00256,0.385137,0.229917,0.139361
AAGCACCCTGCGTATC-1,0.000361,0.000361,0.000361,0.116197,0.378067,0.504653
AAGCATACTCTCCTGA-1,0.063838,0.001061,0.001055,0.799027,0.133964,0.001055
AAGCCGAAGCGGTTTA-1,0.000826,0.000823,0.032943,0.064655,0.403991,0.496762
AAGCCGCTTTACCTTG-1,0.020417,0.020446,0.020438,0.496455,0.421733,0.020511
AAGCCGGAGAGCAGGA-1,0.000167,0.004788,0.000167,0.000334,0.383953,0.610591
AAGCGCAGGGCTTTGA-1,0.000248,0.000247,0.000248,0.000496,0.510378,0.488384
AAGCGTCCCTCATCGA-1,0.001102,0.001102,0.001104,0.310658,0.343817,0.342217
AAGCTAGATCGAGTAA-1,0.18164,0.019974,0.000218,0.79718,0.000218,0.000769
AAGCTCGTGCCAAGTC-1,0.09825,0.000489,0.000488,0.476635,0.129257,0.294881
AAGCTCTTTCATGGTG-1,0.00184,0.001835,0.00184,0.444812,0.001839,0.547833
AAGGAGCGGTTGGTGC-1,0.001279,0.001278,0.001282,0.368365,0.433141,0.194654
AAGGATCGATCGCTTG-1,0.015916,0.015904,0.015956,0.031878,0.904391,0.015956
AAGGATGAGGGACCTC-1,0.001316,0.008672,0.001316,0.663721,0.001317,0.323658
AAGGCAGGCTGTCTCC-1,0.000325,0.000325,0.000325,0.191774,0.12211,0.68514
AAGGCGCGTAAAGCTT-1,0.000353,0.000353,0.000353,0.325324,0.230573,0.443044
AAGGCTGTGCTCATCG-1,0.001046,0.001045,0.001046,0.002095,0.540998,0.45377
AAGGGAACGACTGGCT-1,0.017895,0.017881,0.017918,0.035847,0.017956,0.892503
AAGGGACAGATTCTGT-1,0.00068,0.121133,0.00068,0.302595,0.00068,0.574232
AAGGGACTATGCATTC-1,0.011911,0.011924,0.011948,0.023879,0.011975,0.928363
AAGGGTTTGATTTCAG-1,0.00082,0.000818,0.119428,0.106379,0.265263,0.507292
AAGGTATCCTAATATA-1,0.075465,0.249919,0.001393,0.002787,0.328513,0.341924
AAGGTGATAAACCAGC-1,0.002182,0.002169,0.228325,0.004352,0.002175,0.760798
AAGTAGAAGACCGGGT-1,0.006835,0.006816,0.00683,0.013678,0.405915,0.559927
AAGTAGTGACGCGAGG-1,0.000674,0.006795,0.000674,0.012407,0.978777,0.000674
AAGTCAATTGTCGTCA-1,0.028599,0.028702,0.827923,0.057365,0.028729,0.028682
AAGTCTAGTAGCTGCC-1,0.013029,0.013013,0.921785,0.026068,0.013043,0.013061
AAGTCTTCTGTGGCCT-1,0.000546,0.023743,0.000546,0.001091,0.587917,0.386157
AAGTGACGACCGAATT-1,0.000357,0.000358,0.000357,0.510203,0.432839,0.055886
AAGTGCAAAGGTAGAC-1,0.000356,0.000355,0.000356,0.015808,0.643412,0.339712
AAGTGCCTTGACTGTA-1,0.154893,0.020441,0.020509,0.04102,0.742623,0.020514
AAGTGCGTTAGAATCT-1,0.000354,0.004328,0.000354,0.313481,0.235973,0.445511
AAGTGTTTGGAGACGG-1,0.000849,0.000847,0.000849,0.163687,0.000849,0.832919
AAGTTCACTCCAAGCT-1,0.011938,0.152525,0.011943,0.023958,0.258996,0.54064
AAGTTCAGTCTGCGTA-1,0.002313,0.00231,0.002314,0.582051,0.002315,0.408698
AAGTTCGGCCAACAGG-1,0.000383,0.000382,0.000383,0.188702,0.000383,0.809768
AAGTTGTGATGTTATA-1,0.000845,0.000842,0.000844,0.001689,0.559839,0.435942
AAGTTTATGGGCCCAA-1,0.00107,0.022114,0.001071,0.427587,0.001071,0.547088
AATAACAACGCTCGGC-1,0.0004,0.000399,0.000399,0.151372,0.644796,0.202633
AATAACACTAGAACAA-1,0.001041,0.001037,0.001039,0.63376,0.00104,0.362083
AATAATCTTCGTATCG-1,0.000349,0.000348,0.000349,0.000698,0.287431,0.710824
AATACAATGTTTCAGG-1,0.000402,0.000401,0.000402,0.070297,0.726153,0.202345
AATAGAACAGAGTGGC-1,0.000576,0.109365,0.000576,0.216856,0.083832,0.588794
AATAGAATCTGTTTCA-1,0.000957,0.000954,0.000956,0.146645,0.000956,0.849532
AATAGCTACCGCGTGC-1,0.001963,0.019572,0.001964,0.129498,0.001964,0.845039
AATAGTCGCGAGTCGG-1,0.000284,0.000283,0.000283,0.000567,0.790663,0.20792
AATATCCTAGCAAACT-1,0.000388,0.000388,0.000389,0.000778,0.575987,0.42207
AATATCGAATCAATGC-1,0.002078,0.002074,0.00208,0.00416,0.987527,0.00208
AATATCGAGGGTTCTC-1,0.004482,0.004477,0.00449,0.008968,0.004488,0.973094
AATATTGGAGTATTGA-1,0.000573,0.000578,0.000574,0.273371,0.72433,0.000574
AATCATGTAAAGACTC-1,0.000647,0.000653,0.000646,0.195717,0.119428,0.682908
AATCCAAGGGCCTGAG-1,0.001941,0.001934,0.001938,0.297229,0.327525,0.369434
AATCGCCTCAGCGCCA-1,0.034381,0.000588,0.000585,0.382912,0.353774,0.22776
AATCGCGCAGAGGACT-1,0.000388,0.000387,0.000388,0.16637,0.303429,0.529038
AATCGGGACACTACGA-1,0.000892,0.017296,0.000891,0.363463,0.154979,0.462479
AATCGTGAGCCGAGCA-1,0.001751,0.001746,0.001748,0.003503,0.00175,0.989501
AATCTAGGTTTACTTG-1,0.000602,0.000599,0.0006,0.029512,0.550026,0.418661
AATCTATGCCGGAGCC-1,0.198997,0.011921,0.011961,0.7532,0.011954,0.011966
AATCTCTACTGTGGTT-1,0.000345,0.000344,0.000345,0.195984,0.802637,0.000345
AATCTGCGTTGGGACG-1,0.001527,0.034012,0.001527,0.09427,0.001526,0.867138
AATCTGGCTTTCTAGT-1,0.04004,0.014888,0.000643,0.001287,0.225584,0.717558
AATGACAGCAATGTCT-1,0.00049,0.000488,0.00049,0.285707,0.110483,0.602341
AATGACGTAGGATGTC-1,0.08619,0.000177,0.000175,0.012691,0.000175,0.900592
AATGACTGTCAGCCGG-1,0.00194,0.001935,0.001941,0.003882,0.988364,0.001939
AATGATGATACGCTAT-1,0.002243,0.024715,0.002243,0.469091,0.002244,0.499465
AATGATGCGACTCCTG-1,0.001847,0.221502,0.001838,0.00368,0.310234,0.460898
AATGCAACCGGGTACC-1,0.000773,0.000769,0.000772,0.209328,0.000771,0.787586
AATGCACCAAGCAATG-1,0.001155,0.001155,0.001158,0.723048,0.229282,0.044202
AATGGTCCACCGTTCA-1,0.000554,0.000553,0.000554,0.100018,0.527176,0.371145
AATGGTTCTCACAAGC-1,0.000483,0.016997,0.000483,0.103075,0.511369,0.367592
AATGTGCCCGAGGTGT-1,0.001629,0.01542,0.263678,0.142532,0.00163,0.575111
AATGTTAAGACCCTGA-1,0.001886,0.0208,0.001887,0.254399,0.719139,0.001889
AATTAAAGGTCGGCGT-1,0.000937,0.006081,0.000938,0.332418,0.246626,0.412999
AATTAACGGATTTCCA-1,0.160854,0.002982,0.219405,0.347391,0.00299,0.266378
AATTACGAGACCCATC-1,0.000584,0.000587,0.000583,0.24673,0.618764,0.132752
AATTAGCGCTGCAGCG-1,0.000855,0.000852,0.029596,0.656925,0.000854,0.310918
AATTCATAAGGGATCT-1,0.006816,0.081753,0.006843,0.013684,0.006843,0.88406
AATTCATTGTCATGCA-1,0.024111,0.023876,0.023929,0.047986,0.0239,0.856199
AATTCGATTCGAGGAT-1,0.018558,0.000277,0.000278,0.10221,0.566117,0.312559
AATTCTAGAGTTAGGC-1,0.000933,0.019654,0.000931,0.405034,0.378874,0.194574
AATTGAACGCTCTGGT-1,0.009567,0.000232,0.000232,0.000464,0.000232,0.989273
AATTGCAGCAATCGAC-1,0.000472,0.000471,0.000472,0.000944,0.590396,0.407245
AATTTGGTTCCAAAGA-1,0.001033,0.001038,0.001032,0.689233,0.306632,0.001032
ACAAACCATGCGTCCT-1,0.003985,0.003977,0.003985,0.342889,0.483272,0.161891
ACAAAGAAGGTAGGCC-1,0.000265,0.000267,0.054945,0.007463,0.523784,0.413277
ACAAAGCATGACCTAG-1,0.000763,0.007564,0.000764,0.001526,0.612959,0.376424
ACAAATCGCACCGAAT-1,0.000439,0.000438,0.000439,0.000878,0.000439,0.997368
ACAAATGGTAGTGTTT-1,0.001702,0.001683,0.001685,0.003374,0.001687,0.989868
ACAACAGCATGAGCTA-1,0.181514,0.000398,0.000396,0.816899,0.000396,0.000396
ACAACGGTCCCTGCGA-1,0.000582,0.000579,0.049381,0.179539,0.306939,0.46298
ACAAGCAGTGCCTAGC-1,0.000535,0.00054,0.000536,0.095459,0.483543,0.419387
ACAAGCTATATGGAAG-1,0.000182,0.03517,0.040641,0.025479,0.483223,0.415304
ACAAGGAAATCCGCCC-1,0.063889,0.000436,0.000438,0.385405,0.000438,0.549395
ACAAGGACAAGAGGTT-1,0.011684,0.000474,0.000475,0.153891,0.833002,0.000475
ACAAGGATGCTTTAGG-1,0.028599,0.028659,0.02864,0.057382,0.828005,0.028715
ACAAGGGCAGGCTCTG-1,0.033621,0.000266,0.000266,0.56944,0.000266,0.39614
ACAATAGTCGTACGTT-1,0.000494,0.000494,0.000495,0.000989,0.472444,0.525084
ACAATCCATTTAAACC-1,0.000452,0.009018,0.000451,0.083749,0.818178,0.088152
ACAATGAATACGGAGA-1,0.093809,0.002702,0.002704,0.165458,0.263471,0.471856
ACAATTGTGTCTCTTT-1,0.013002,0.013016,0.013038,0.02609,0.921797,0.013057
ACAATTTAGGAGGCTC-1,0.000276,0.000276,0.000276,0.241808,0.757087,0.000277
ACAATTTGAGCAGTGG-1,0.003334,0.003328,0.227755,0.315698,0.003336,0.44655
ACAATTTGGCCATATT-1,0.000255,0.000255,0.000256,0.000511,0.400674,0.598048
ACACAAAGACGGGTGG-1,0.002431,0.002425,0.00243,0.004863,0.002431,0.985419
ACACACCAGGACCAGT-1,0.001237,0.001234,0.001237,0.172326,0.109942,0.714024
ACACACTTTCTACACG-1,0.036036,0.035727,0.035714,0.821016,0.035734,0.035773
ACACATGATCAAATCT-1,0.052548,0.000273,0.000274,0.215344,0.039332,0.692229
ACACCACATAATTAGC-1,0.000415,0.000414,0.044595,0.00083,0.028465,0.925282
ACACCCAGCATGCAGC-1,0.008956,0.008944,0.008969,0.955175,0.008979,0.008977
ACACCCGAGAAATCCG-1,0.000644,0.000649,0.000643,0.160273,0.746733,0.091059
ACACCTTAAGTAGGGC-1,0.000735,0.000734,0.000736,0.001472,0.950387,0.045936
ACACCTTACTACTTGC-1,0.007958,0.007948,0.00796,0.015912,0.007973,0.95225
ACACGAGACTCCTTCT-1,0.261793,0.000437,0.000435,0.736466,0.000435,0.000435
ACACGTAGGCCACAAG-1,0.000631,0.000636,0.000632,0.21566,0.649461,0.132979
ACACTGATCAAGGTGT-1,0.000635,0.256069,0.061865,0.170275,0.000635,0.510521
ACACTGGGACAGTCGT-1,0.000706,0.000705,0.000707,0.001414,0.720204,0.276264
ACAGAACTGAGAACAA-1,0.026102,0.000345,0.000343,0.117579,0.403407,0.452223
ACAGCATAGAGCCAGT-1,0.009615,0.009539,0.009548,0.952165,0.009562,0.009571
ACAGCGACATTCTCAT-1,0.000499,0.000499,0.0005,0.355021,0.642981,0.0005
ACAGGCACGGATCCTT-1,0.001772,0.001767,0.00177,0.003543,0.284347,0.706801
ACAGGCTTGCCCGACT-1,0.002111,0.002105,0.045627,0.004219,0.002109,0.943829
ACAGGTGGAGGTGAGG-1,0.005314,0.005304,0.005314,0.447301,0.005318,0.531449
ACAGGTGTGTTGTTGC-1,0.000359,0.011142,0.00036,0.000719,0.729323,0.258097
ACAGTAATACAACTTG-1,0.000461,0.003701,0.090146,0.000923,0.153916,0.750854
ACAGTATACCGTGGGA-1,0.023819,0.023861,0.02394,0.88054,0.023937,0.023902
ACATAAGTCGTGGTGA-1,0.000441,0.000445,0.000441,0.088276,0.41124,0.499157
ACATAATAAGGCGGTG-1,0.001732,0.001724,0.00173,0.00346,0.00173,0.989623
ACATCAGCTGGGACGC-1,0.000241,0.000242,0.025781,0.061948,0.607482,0.304306
ACATCCTGGTAACTGT-1,0.007955,0.007956,0.007968,0.441737,0.007978,0.526405
ACATCGATCGTTTACC-1,0.001017,0.03853,0.001018,0.155679,0.001018,0.802738
ACATCGGTCAGCCGCG-1,0.00069,0.007329,0.00069,0.00138,0.400868,0.589042
ACATCGTATGCAATGG-1,0.039711,0.00756,0.000409,0.097811,0.000409,0.8541
ACATGGCGCCAAAGTA-1,0.035743,0.035762,0.035843,0.071604,0.035846,0.785202
ACATTAGTTTATATCC-1,0.00092,0.000918,0.000919,0.420355,0.094347,0.482542
ACCAACACCACACACT-1,0.007157,0.007157,0.007175,0.314383,0.007175,0.656953
ACCAACCGCACTCCAC-1,0.003985,0.003979,0.217367,0.007972,0.003991,0.762705
ACCAACGCTTATTTAT-1,0.000635,0.174926,0.000635,0.247707,0.000635,0.575462
ACCAAGAACGCGTGTC-1,0.005727,0.005728,0.005732,0.011474,0.380151,0.591189
ACCAATATGCAAGTTA-1,0.035211,0.000477,0.057255,0.037984,0.000478,0.868595
ACCACAAGTTTCTATC-1,0.005307,0.005302,0.005315,0.597932,0.020517,0.365627
ACCACACGGTTGATGG-1,0.000492,0.053336,0.000492,0.440414,0.259662,0.245604
ACCACCAATGTAACAA-1,0.009544,0.009546,0.942621,0.019135,0.009568,0.009587
ACCACCCTCTCTTCTA-1,0.047671,0.047717,0.713384,0.095505,0.047839,0.047884
ACCACGTGCAGCTATA-1,0.001528,0.001523,0.001527,0.302662,0.001527,0.691233
ACCAGACCATAACAAC-1,0.037928,0.000208,0.000207,0.000415,0.557332,0.40391
ACCAGTGCGGGAGACG-1,0.002988,0.113447,0.084112,0.005983,0.00299,0.790479
ACCATATCCGCAATAA-1,0.000901,0.0009,0.000902,0.165597,0.174983,0.656717
ACCATCCGCCAACTAG-1,0.000372,0.000373,0.000371,0.126714,0.593966,0.278204
ACCATCGTATATGGTA-1,0.001366,0.001363,0.001367,0.313421,0.319039,0.363444
ACCCAACGCCCGTGGC-1,0.001561,0.202751,0.00156,0.359275,0.299694,0.13516
ACCCACCTACATGCTC-1,0.000556,0.000555,0.000556,0.167204,0.382853,0.448275
ACCCATCTTGAGGGTA-1,0.000509,0.000508,0.000509,0.494276,0.154119,0.350079
ACCCATTTGTCCCTCT-1,0.000657,0.000657,0.000658,0.181422,0.424392,0.392214
ACCCGAGCGAAATTAC-1,0.011003,0.334155,0.01106,0.022106,0.610633,0.011043
ACCCGGAAACTCCCAG-1,0.000798,0.196109,0.000798,0.341597,0.277735,0.182964
ACCCGGAGCACCACAA-1,0.000239,0.00421,0.000239,0.046784,0.484782,0.463746
ACCCGGATGACGCATC-1,0.013038,0.013013,0.013039,0.93481,0.013038,0.013062
ACCCGGTTACACTTCC-1,0.000527,0.152788,0.000527,0.07547,0.149612,0.621076
ACCCTATGCCATATCG-1,0.000706,0.09009,0.000706,0.314764,0.219583,0.37415
ACCCTCCCGTCAGGGC-1,0.000389,0.022827,0.000389,0.076672,0.209151,0.690572
ACCCTCCCTTGCTATT-1,0.000359,0.000358,0.000359,0.000717,0.000359,0.997849
ACCCTGGTAACGCCCT-1,0.00448,0.386711,0.004481,0.008976,0.444824,0.150528
ACCCTTCATCTGCGAA-1,0.035733,0.035764,0.035866,0.466902,0.389932,0.035802
ACCGAAAGGGCCCTGC-1,0.001268,0.033769,0.00127,0.175531,0.17094,0.617222
ACCGAAGAGTCTGGTT-1,0.000428,0.000427,0.000428,0.228617,0.311309,0.458791
ACCGACACATCTCCCA-1,0.003495,0.003492,0.003501,0.4337,0.003502,0.552312
ACCGACTGAGTCCCAC-1,0.000926,0.00586,0.000925,0.419117,0.000926,0.572247
ACCGAGTCTCCTTATT-1,0.001381,0.001377,0.001381,0.148234,0.001381,0.846247
ACCGATAGGCATAACC-1,0.000291,0.000291,0.00029,0.160765,0.606952,0.231411
ACCGATATTTAATCAT-1,0.000442,0.000442,0.035258,0.000885,0.440615,0.522357
ACCGATGGTAGCATCG-1,0.000588,0.162705,0.000588,0.127562,0.037294,0.671263
ACCGCAATAACTGCCT-1,0.058053,0.000393,0.000394,0.020498,0.000394,0.920268
ACCGCGGTGGAAGTCG-1,0.002866,0.002864,0.002869,0.447137,0.541393,0.002871
ACCGGGCCTTTGTTGA-1,0.023826,0.02385,0.0239,0.047742,0.023897,0.856785
ACCGGTCAGGTACACC-1,0.000486,0.000485,0.000487,0.134852,0.375254,0.488437
ACCGTCCACTGGGCCC-1,0.01588,0.015902,0.015907,0.920432,0.015934,0.015945
ACCGTGACCACGTGGG-1,0.000416,0.376398,0.000416,0.290453,0.331897,0.00042
ACCTAAGTACCTTTCA-1,0.021813,0.000703,0.000697,0.273211,0.37538,0.328198
ACCTAATCGACTTCCT-1,0.035756,0.005092,0.000649,0.001299,0.831278,0.125925
ACCTACAGTATGTGGT-1,0.025518,0.004475,0.000522,0.001044,0.616877,0.351564
ACCTCCGCCCTCGCTG-1,0.000848,0.009862,0.000849,0.075657,0.677665,0.235119
ACCTCCGTTATTCACC-1,0.002425,0.002427,0.095569,0.004865,0.216371,0.678344
ACCTGCGTGTCATGTT-1,0.000356,0.000359,0.000356,0.000712,0.671831,0.326385
ACGAAATGGGCGGCAC-1,0.000464,0.000463,0.000464,0.045295,0.524386,0.428927
ACGACCCATGAGTTGC-1,0.000278,0.000277,0.023473,0.000555,0.297739,0.677678
ACGACTCTAGGGCCGA-1,0.001464,0.065393,0.034429,0.176608,0.117446,0.60466
ACGACTGGTCATACTC-1,0.002395,0.085285,0.00239,0.399102,0.318388,0.19244
ACGAGGATACCACTCT-1,0.033567,0.000409,0.00041,0.00082,0.251768,0.713026
ACGAGGTTTACAACGT-1,0.000556,0.005022,0.101911,0.001112,0.344251,0.547146
ACGAGTACGGATGCCC-1,0.004937,0.004937,0.004946,0.682085,0.004945,0.29815
ACGATACATAGAACTA-1,0.009615,0.009537,0.226121,0.735586,0.009568,0.009573
ACGATACCTATCCTGA-1,0.046382,0.000287,0.000288,0.000575,0.558008,0.39446
ACGATCATACATAGAG-1,0.000819,0.000818,0.00082,0.403615,0.00082,0.593108
ACGATCATCTTGTAAA-1,0.028584,0.028624,0.028731,0.057298,0.02869,0.828074
ACGATGCATATGTTAT-1,0.000623,0.000627,0.000624,0.357754,0.332196,0.308176
ACGATGGATCCGATGC-1,0.001911,0.001909,0.001911,0.443325,0.001914,0.549029
ACGCAATCACTACAGC-1,0.011964,0.011934,0.011955,0.940219,0.011959,0.011969
ACGCATACGTTTACTA-1,0.00087,0.000868,0.000869,0.001739,0.472819,0.522835
ACGCATTCGTGAGTAC-1,0.000932,0.000929,0.000932,0.001864,0.000932,0.994411
ACGCCACTCGAAACAG-1,0.002022,0.002016,0.066867,0.004044,0.677414,0.247637
ACGCCGCTAGACGACC-1,0.000416,0.000249,0.035976,0.502323,0.138252,0.322784
ACGCGAAGTCAGACGA-1,0.000442,0.063969,0.000442,0.327356,0.076451,0.53134
ACGCGCTACACAGGGT-1,0.000453,0.000452,0.000452,0.043272,0.205328,0.750043
ACGCGGGCCAAGGACA-1,0.030926,0.006568,0.000283,0.403078,0.000284,0.558862
ACGCGTTTCTTAAGAG-1,0.000233,0.000233,0.011102,0.000466,0.555398,0.432567
ACGCTAGTGATACACT-1,0.020427,0.020446,0.02048,0.040947,0.87719,0.02051
ACGCTGTGAGGCGTAG-1,0.000523,0.000522,0.000524,0.001047,0.759879,0.237505
ACGGACTCTCAAAGCG-1,0.000174,0.000174,0.000174,0.29768,0.000174,0.701625
ACGGAGCGCAAATTAC-1,0.001993,0.040131,0.001991,0.364827,0.001994,0.589064
ACGGATGGTGCGGATA-1,0.088679,0.004694,0.000518,0.036192,0.000518,0.8694
ACGGCACTTGCTTGGG-1,0.076344,0.016298,0.023946,0.19839,0.49862,0.186403
ACGGCGACGATGGGAA-1,0.041596,0.000578,0.000574,0.12145,0.000574,0.835229
ACGGCTGGATGTAGAA-1,0.000466,0.000468,0.048844,0.157538,0.130912,0.661772
ACGGGAGTGTCGGCCC-1,0.000325,0.000325,0.000325,0.208574,0.353296,0.437154
ACGGGCGTATGCGACA-1,0.124603,0.003767,0.003785,0.007557,0.003777,0.856511
ACGTACAGATTTCTCT-1,0.001078,0.001077,0.001078,0.086915,0.482706,0.427146
ACGTAGATTGCTGATG-1,0.00078,0.000784,0.000779,0.422307,0.000779,0.574571
ACGTAGGAGAGTCGCT-1,0.000219,0.000219,0.000219,0.000439,0.153785,0.845119
ACGTATTACTCCGATC-1,0.071441,0.07156,0.071664,0.143337,0.071741,0.570258
ACGTCTCGTTCCGGGA-1,0.00049,0.000489,0.045126,0.00098,0.451038,0.501878
ACGTGACAAAGTAAGT-1,0.000262,0.004985,0.000262,0.000525,0.52252,0.471445
ACGTGCGCCTCGTGCA-1,0.008964,0.008947,0.008962,0.423134,0.008963,0.54103
ACGTTAATGTCGAAGA-1,0.000793,0.000791,0.100853,0.571474,0.000793,0.325296
ACGTTAGATTTGCCCG-1,0.000868,0.000868,0.116829,0.001739,0.591832,0.287865
ACGTTATTGGTCACTC-1,0.002109,0.020897,0.002109,0.324379,0.374998,0.275509
ACGTTCGCAATCAATT-1,0.000392,0.006978,0.000392,0.275301,0.225004,0.491933
ACGTTCGTTCAGGAAA-1,0.001225,0.100137,0.001226,0.180638,0.001226,0.715548
ACGTTCTGTACAAGTC-1,0.010252,0.010223,0.010253,0.948761,0.010247,0.010265
ACGTTTAGTTGTGATC-1,0.014298,0.014317,0.014327,0.02875,0.014344,0.913964
ACTACATCCCGACAAG-1,0.015903,0.015902,0.015983,0.031854,0.904412,0.015946
ACTACCAGCTCTCTGG-1,0.000592,0.000591,0.000593,0.137373,0.309437,0.551413
ACTAGTTGCGATCGTC-1,0.001435,0.013432,0.001434,0.00287,0.693641,0.287188
ACTATCCAGGGCATGG-1,0.003417,0.003407,0.003414,0.006834,0.755384,0.227545
ACTATCTGCCCGCGTA-1,0.000538,0.000536,0.000538,0.001075,0.83093,0.166385
ACTATGTCCAGCTGCC-1,0.005323,0.005301,0.293832,0.010636,0.005318,0.679589
ACTATTTCCGGGCCCA-1,0.000782,0.241851,0.062462,0.064865,0.0128,0.61724
ACTCAAGTGCAAGGCT-1,0.004626,0.053483,0.004632,0.009259,0.385055,0.542945
ACTCAATAAAGGCACG-1,0.000891,0.008008,0.000891,0.001783,0.097656,0.89077
ACTCCAATATCATCAT-1,0.006816,0.006818,0.006819,0.013663,0.006834,0.959049
ACTCCCATTCCTAAAG-1,0.01271,0.000358,0.000358,0.370768,0.579559,0.036247
ACTCCCGAATTCGTTT-1,0.003765,0.003767,0.003771,0.007557,0.003776,0.977363
ACTCCCGTAGACTAGG-1,0.020427,0.020477,0.02049,0.040961,0.877122,0.020524
ACTCCCTAATGCTAAA-1,0.003507,0.003492,0.263289,0.007003,0.671135,0.051574
ACTCCCTAGAATAGTA-1,0.000865,0.000862,0.000864,0.540885,0.157994,0.298529
ACTCCGGCCGACCACT-1,0.076008,0.003045,0.396931,0.006112,0.003056,0.514848
ACTCGCGATCTGACGC-1,0.000823,0.000822,0.000824,0.001649,0.275015,0.720867
ACTCGTAACCCGTCCT-1,0.000509,0.000508,0.000509,0.023127,0.339836,0.635512
ACTCGTCAGTAATCCC-1,0.000619,0.247937,0.000618,0.501349,0.028479,0.220998
ACTCTAAACCTGGGAT-1,0.000135,0.010264,0.000135,0.000271,0.582548,0.406646
ACTCTCTGACTTAGGT-1,0.000665,0.000663,0.000664,0.254424,0.000664,0.742921
ACTCTGACCTAATAGA-1,0.00074,0.000738,0.000739,0.140152,0.00074,0.856891
ACTCTTCAGCTCCCGC-1,0.019715,0.000443,0.000444,0.203688,0.454148,0.321562
ACTGAAACGCCGTTAG-1,0.001405,0.013439,0.001406,0.20002,0.619727,0.164002
ACTGAATGGCGAAAGT-1,0.000343,0.005974,0.000343,0.147872,0.000343,0.845124
ACTGCCGTCGTAACTC-1,0.011047,0.011017,0.011044,0.944821,0.011033,0.011039
ACTGCGGACACACCGT-1,0.038594,0.000408,0.000409,0.000817,0.145095,0.814677
ACTGCTCGGAAGGATG-1,0.000461,0.00046,0.000461,0.052756,0.339471,0.60639
ACTGTACGATACACAT-1,0.001293,0.010239,0.001293,0.615803,0.001293,0.370079
ACTGTAGCACTTTGGA-1,0.035474,0.000583,0.000579,0.237425,0.322592,0.403349
ACTGTCCAGGATTATA-1,0.000996,0.000994,0.000996,0.2618,0.000996,0.734219
ACTGTCTTCTTTAGAA-1,0.000481,0.312251,0.000481,0.126916,0.000481,0.559388
ACTTACGCATCCACGC-1,0.000743,0.000742,0.000744,0.195659,0.000743,0.801369
ACTTATACTTACCCGG-1,0.000637,0.616654,0.000638,0.001276,0.211091,0.169704
ACTTATTAGGATCGGT-1,0.000681,0.000678,0.00068,0.088093,0.00068,0.909188
ACTTATTTATGTGCCA-1,0.013013,0.01302,0.013033,0.934805,0.01305,0.013078
ACTTCAGGCTGATCCC-1,0.000485,0.000488,0.000485,0.260863,0.000485,0.737195
ACTTCCAGTGGAAGCT-1,0.00055,0.005332,0.00055,0.0011,0.400613,0.591855
ACTTCCATGCGGGACA-1,0.028996,0.028608,0.028639,0.057455,0.028683,0.827618
ACTTCGCCATACGCAC-1,0.036425,0.000854,0.000849,0.576775,0.000849,0.384248
ACTTCGCTAGCGAGTG-1,0.00092,0.010239,0.00092,0.00184,0.175321,0.810759
ACTTGACTCCCTCTTT-1,0.000279,0.000278,0.032819,0.526938,0.147286,0.292399
ACTTGGGACCCGGTGG-1,0.000982,0.000981,0.224975,0.001967,0.000983,0.770112
ACTTGTAGTCCCTTCA-1,0.000617,0.000614,0.000615,0.256728,0.727659,0.013767
ACTTGTGGATGGAACG-1,0.000826,0.000823,0.028256,0.052213,0.460164,0.457718
ACTTTACCCTCATGAA-1,0.020602,0.02048,0.020494,0.041127,0.876801,0.020496
ACTTTCCTATAGCTTC-1,0.071706,0.000487,0.000488,0.052539,0.000488,0.874294
ACTTTGACTGCATCCT-1,0.000697,0.000695,0.000696,0.001394,0.464479,0.53204
ACTTTGGTCGTGCTCC-1,0.000746,0.037167,0.000747,0.081498,0.248973,0.63087
ACTTTGTCGACGCACT-1,0.000389,0.000389,0.00039,0.00078,0.245596,0.752456
AGAAATTATGACTCGC-1,0.000334,0.018434,0.000334,0.000667,0.70678,0.273451
AGAACCCAGCGTGACA-1,0.000316,0.000316,0.000317,0.000633,0.255643,0.742775
AGAACCCTCAATTGGG-1,0.000591,0.000589,0.000591,0.319323,0.336014,0.342893
AGAAGAGCGCCGTTCC-1,0.071441,0.07156,0.071664,0.143337,0.071741,0.570258
AGAAGGTACACTTCAC-1,0.000463,0.030715,0.000463,0.164681,0.539387,0.264291
AGAAGGTTGCCGAATT-1,0.001339,0.001353,0.001341,0.542099,0.112552,0.341315
AGAAGGTTGTAGGTCG-1,0.003978,0.053066,0.003987,0.249637,0.685344,0.003988
AGAAGTGATTCGTGAT-1,0.000763,0.007259,0.088513,0.001526,0.000763,0.901175
AGAATAAATCTTCAGG-1,0.016255,0.000286,0.000286,0.28387,0.649803,0.0495
AGAATTATGGATTCGA-1,0.127932,0.003672,0.003677,0.120983,0.003681,0.740055
AGAATTGTTTGACATA-1,0.00261,0.06708,0.002607,0.114377,0.433943,0.379383
AGACAGCTCAGAATCC-1,0.000489,0.000489,0.00049,0.162934,0.769658,0.065941
AGACAGGCATCTCAGC-1,0.000292,0.005485,0.000292,0.000583,0.420307,0.573042
AGACCAAACCACACCT-1,0.000452,0.000452,0.051538,0.000905,0.473087,0.473566
AGACCATGGGATACAA-1,0.000448,0.000447,0.000449,0.094224,0.379757,0.524676
AGACCCACCGCTGATC-1,0.000551,0.037647,0.000552,0.563619,0.221036,0.176594
AGACCCGCCCTCCTCG-1,0.001149,0.011497,0.001147,0.002296,0.001148,0.982762
AGACCGCTCCGCGGTT-1,0.00107,0.001068,0.00107,0.154684,0.738313,0.103795
AGACCGGGAAACCCTG-1,0.000252,0.000252,0.000252,0.237755,0.718266,0.043223
AGACGAAGTGCCGGTC-1,0.017913,0.01789,0.892457,0.035848,0.017931,0.017963
AGACGACGATGCCGCT-1,0.001292,0.011566,0.001294,0.214962,0.001293,0.769594
AGACGCCCACTTCGCC-1,0.000408,0.000407,0.000408,0.141732,0.570787,0.286259
AGACTAGCCTTCCAGA-1,0.001195,0.001193,0.001195,0.252098,0.522434,0.221884
AGACTGTTACCGGGTC-1,0.001217,0.389383,0.001215,0.605751,0.001217,0.001216
AGAGAACCGTCTAGGA-1,0.000956,0.1423,0.000956,0.144603,0.185321,0.525863
AGAGAAGGAGTACAAT-1,0.000649,0.000648,0.000649,0.001299,0.996105,0.000649
AGAGATCTCTAAAGCG-1,0.000348,0.000347,0.000348,0.208795,0.560493,0.229668
AGAGCAGTTATGAGAC-1,0.000427,0.000426,0.000427,0.000854,0.656302,0.341565
AGAGCCGCCGAGATTT-1,0.000816,0.000813,0.000816,0.001631,0.331443,0.664481
AGAGCGCTTGTAACGG-1,0.005503,0.005505,0.005517,0.011023,0.280329,0.692124
AGAGCGGGCTAATCAT-1,0.007529,0.007533,0.007537,0.015102,0.954744,0.007555
AGAGCGTACAAGCTCG-1,0.000381,0.00038,0.00038,0.150939,0.689303,0.158617
AGAGGCTTCGGAAACC-1,0.000386,0.003746,0.000386,0.000772,0.097674,0.897036
AGAGTAAACTTCACTA-1,0.001327,0.001325,0.001328,0.472183,0.522508,0.001329
AGAGTATAGTGTTACG-1,0.023833,0.023846,0.023866,0.047737,0.023886,0.856832
AGATAACTTCAGGGCC-1,0.000387,0.011596,0.000387,0.207733,0.779511,0.000387
AGATACCAATAGAACC-1,0.000415,0.000414,0.000415,0.069435,0.692356,0.236966
AGATACCGGTGTTCAC-1,0.062854,0.000596,0.000598,0.053967,0.076187,0.805797
AGATACGACTTCATAT-1,0.000743,0.025781,0.000743,0.249888,0.502649,0.220196
AGATACTCAAGATCGA-1,0.000421,0.00042,0.000421,0.000841,0.000421,0.997476
AGATATAATACGACTA-1,0.076049,0.000302,0.000301,0.103053,0.169912,0.650383
AGATCGTGCATAAGAT-1,0.001544,0.080165,0.001543,0.46715,0.001543,0.448056
AGATCTCAGGTGTGAT-1,0.023985,0.00073,0.000732,0.686935,0.138458,0.14916
AGATGACTCGCCCACG-1,0.01101,0.011022,0.011026,0.022132,0.011034,0.933776
AGATGATGGAGTCTGG-1,0.023851,0.023843,0.023886,0.880533,0.023955,0.023933
AGATGCAAGACGTGCA-1,0.000613,0.01994,0.050123,0.285897,0.18067,0.462757
AGATGCATCCTGTGTC-1,0.000401,0.058432,0.000401,0.000802,0.388868,0.551096
AGATTATAGGACGTTT-1,0.000859,0.000857,0.000859,0.362823,0.000859,0.633743
AGATTCACAACCGATA-1,0.000305,0.000307,0.086011,0.052404,0.321779,0.539194
AGCAAAGGCCGCTAGT-1,0.000423,0.013203,0.000423,0.205962,0.427125,0.352864
AGCAACATATCTTATT-1,0.003188,0.035084,0.003192,0.549316,0.137428,0.271792
AGCAACCGAAAGTAAT-1,0.000294,0.000293,0.000293,0.322502,0.383872,0.292747
AGCACCAGTACTCACG-1,0.055073,0.002651,0.237563,0.233755,0.002658,0.468301
AGCACTACCGGCCTGT-1,0.000627,0.000625,0.030348,0.001253,0.522178,0.444969
AGCACTACCTCACCAG-1,0.093719,0.004482,0.000569,0.001139,0.000569,0.899521
AGCACTTAAGGACGCC-1,0.000551,0.000551,0.000552,0.100447,0.897347,0.000552
AGCAGTCGAAGCATGC-1,0.002177,0.002169,0.002173,0.203063,0.225389,0.565029
AGCATATCAATATGCT-1,0.03574,0.371182,0.035847,0.071628,0.035856,0.449747
AGCATCATTTCGAAAG-1,0.000438,0.000436,0.000437,0.113811,0.427801,0.457076
AGCATCGTCGATAATT-1,0.005971,0.005972,0.456924,0.234339,0.005982,0.290813
AGCATTACGAGGCAAG-1,0.000253,0.000252,0.000253,0.056121,0.408793,0.534327
AGCCACAGGTTACCCG-1,0.010239,0.010223,0.010242,0.294723,0.010253,0.66432
AGCCACTCCCGTGCTT-1,0.00214,0.041402,0.002142,0.419202,0.532974,0.00214
AGCCCATACATGTAAG-1,0.000453,0.000452,0.075696,0.000905,0.425554,0.496941
AGCCCGGCATTAGAGG-1,0.002655,0.026526,0.002659,0.41378,0.002658,0.551722
AGCCCTAAGCGAAGTT-1,0.004934,0.004937,0.00495,0.134257,0.845973,0.004949
AGCCCTGTCGCACCGT-1,0.000605,0.000604,0.000606,0.001211,0.857554,0.13942
AGCCCTTGGACATCCC-1,0.000414,0.000414,0.000415,0.000829,0.425644,0.572284
AGCCGCAAATTCAAAT-1,0.000369,0.000368,0.000369,0.068017,0.873321,0.057557
AGCCGTGGCTAAATGT-1,0.00032,0.000319,0.00032,0.006355,0.112597,0.88009
AGCCTAATACCCACGT-1,0.000494,0.004448,0.064805,0.000986,0.310367,0.618899
AGCCTTAAAGCGGAAG-1,0.000234,0.000233,0.000234,0.000467,0.588881,0.409951
AGCGACAGGAACGGTC-1,0.055452,0.002864,0.090835,0.212046,0.002869,0.635934
AGCGACATCCCATTCA-1,0.011933,0.011926,0.467631,0.023895,0.011951,0.472664
AGCGACCAACGATATT-1,0.002605,0.002602,0.002612,0.546427,0.00261,0.443144
AGCGATGCGCCTAATA-1,0.000483,0.000482,0.000484,0.151208,0.62685,0.220494
AGCGCGGGTGCCAATG-1,0.001103,0.151956,0.001104,0.276374,0.271251,0.298213
AGCGCTAGAGCGATGT-1,0.000478,0.003591,0.000478,0.000956,0.393546,0.600951
AGCGGACACTTCGTAG-1,0.001962,0.001962,0.001967,0.45878,0.001966,0.533363
AGCGGCGGTTAGCGGT-1,0.000338,0.000337,0.03568,0.000675,0.566084,0.396887
AGCGGTTGCCGCTCTG-1,0.006523,0.006506,0.006522,0.499365,0.006522,0.474563
AGCGTGGTATTCTACT-1,0.045442,0.000304,0.000305,0.27616,0.345649,0.33214
AGCTAACAAGCAATGT-1,0.053635,0.013758,0.000327,0.000655,0.256827,0.674798
AGCTAAGTACGCAGGC-1,0.017877,0.017875,0.017946,0.035899,0.01791,0.892493
AGCTAGAAGCAGAAGT-1,0.002315,0.320038,0.002321,0.144712,0.528299,0.002315
AGCTCCATATATGTTC-1,0.025042,0.007842,0.000865,0.001729,0.884516,0.080007
AGCTCCTTCGCACATC-1,0.003501,0.00349,0.056299,0.007003,0.0035,0.926206
AGCTCTAGACGTTCCA-1,0.056603,0.000807,0.000801,0.518666,0.000802,0.422322
AGCTCTTCGTAACCTT-1,0.011015,0.011011,0.109096,0.846796,0.011043,0.011039
AGCTCTTTACTCAGTT-1,0.001727,0.001725,0.13266,0.366547,0.001729,0.495611
AGCTGAAGTAAACCAA-1,0.000797,0.000795,0.000797,0.611633,0.113337,0.272641
AGCTGTAACCTCAATC-1,0.001228,0.095885,0.001226,0.173241,0.175863,0.552556
AGCTTCTTCTCGAGCA-1,0.000137,0.000137,0.000137,0.000274,0.000137,0.999177
AGCTTGATCTTAACTT-1,0.025898,0.000353,0.000351,0.105552,0.474261,0.393585
AGGAACGAACGACTTC-1,0.001908,0.001909,0.691081,0.003824,0.299364,0.001914
AGGAAGCTGTCCGCCG-1,0.001146,0.001157,0.001148,0.360327,0.001148,0.635074
AGGACAGTCGAATCCC-1,0.000784,0.000782,0.000784,0.293536,0.000784,0.703331
AGGACATCGCACGTCG-1,0.000277,0.000276,0.000277,0.007813,0.48432,0.507037
AGGACGACCCATTAGA-1,0.001749,0.001746,0.16796,0.360628,0.269535,0.198382
AGGAGACATCCACAGT-1,0.01792,0.0179,0.017952,0.035978,0.892317,0.017932
AGGAGAGTCTGGCTAC-1,0.011919,0.011933,0.011948,0.621821,0.330419,0.011959
AGGAGGCCTTCGCGCG-1,0.008942,0.008949,0.008962,0.017924,0.946245,0.008979
AGGATAAAGTCGGGAT-1,0.027765,0.023339,0.000324,0.885961,0.062287,0.000324
AGGATATAGGGATTTA-1,0.035889,0.035749,0.035758,0.821062,0.035775,0.035768
AGGATATCCGACTGCA-1,0.001216,0.001213,0.001216,0.380071,0.186505,0.429779
AGGATCACGCGATCTG-1,0.000421,0.00042,0.000422,0.03466,0.361737,0.60234
AGGATTGCTTACGACA-1,0.02384,0.023872,0.023871,0.047891,0.856646,0.02388
AGGCACGTGACTGTCC-1,0.000604,0.020886,0.000603,0.001206,0.434844,0.541857
AGGCAGATGCGTAAAC-1,0.002928,0.002922,0.002928,0.178998,0.00293,0.809295
AGGCATTGTCGTAGGG-1,0.001176,0.001174,0.175455,0.137053,0.001176,0.683967
AGGCCACATTGGTTAC-1,0.000543,0.012307,0.000544,0.036899,0.543916,0.405791
AGGCCACCCGTTATGA-1,0.00055,0.000548,0.00055,0.421251,0.576552,0.00055
AGGCCCATTGTACAGG-1,0.215514,0.007156,0.007165,0.014346,0.007184,0.748635
AGGCCCTAGAACGCCA-1,0.000274,0.004412,0.050419,0.113445,0.178113,0.653336
AGGCCTGAGAATCTCG-1,0.017867,0.017886,0.017918,0.035879,0.017964,0.892486
AGGCGATAACTGGCGT-1,0.000261,0.00026,0.031282,0.000522,0.029045,0.93863
AGGCGGTTTGTCCCGC-1,0.000566,0.01279,0.000567,0.260749,0.230158,0.49517
AGGCTATGGTTAGCTT-1,0.000557,0.012171,0.000556,0.001113,0.699886,0.285717
AGGCTTCCCGAAGAAG-1,0.001885,0.001883,0.001888,0.259677,0.001889,0.732778
AGGCTTGCTAGACACC-1,0.000432,0.014429,0.000431,0.000862,0.606959,0.376886
AGGGACCGGCTGCGTT-1,0.020424,0.020464,0.020497,0.040957,0.877148,0.020511
AGGGAGACATACTTCG-1,0.002241,0.002237,0.002244,0.004483,0.084954,0.903841
AGGGCGAGCAGCTGAT-1,0.000331,0.000333,0.00033,0.000661,0.24328,0.755064
AGGGCGTGATCGGCTA-1,0.005974,0.005963,0.005969,0.154084,0.126959,0.70105
AGGGCTGCAGTTACAG-1,0.000671,0.025065,0.00067,0.77289,0.000671,0.200034
AGGGTCGATGCGAACT-1,0.001633,0.001626,0.045517,0.003263,0.180122,0.767839
AGGGTGCTCTCGAGGG-1,0.000829,0.235787,0.02652,0.175934,0.231367,0.329563
AGGGTGGATAGTGCAT-1,0.00046,0.000462,0.00046,0.15436,0.843798,0.00046
AGGGTTCCCTTTGGTT-1,0.107793,0.178164,0.001317,0.326463,0.090364,0.295898
AGGGTTTAGTTCGGGA-1,0.000504,0.000506,0.000503,0.332694,0.000503,0.66529
AGGTAACCTCCTATTC-1,0.150249,0.092128,0.002611,0.00522,0.503766,0.246026
AGGTAGATCGAGATAT-1,0.001147,0.179643,0.001147,0.552769,0.264145,0.001148
AGGTAGGTACAAAGCT-1,0.000457,0.024963,0.000457,0.086325,0.763309,0.124489
AGGTATAATTGATAGT-1,0.271488,0.013012,0.013031,0.026089,0.663336,0.013045
AGGTATGCGGACATTA-1,0.01853,0.000353,0.000354,0.000709,0.473698,0.506356
AGGTCAGGTGAGAGTG-1,0.00042,0.000419,0.000419,0.000839,0.314402,0.683501
AGGTCGCCTCCCAACA-1,0.000324,0.000323,0.000324,0.000648,0.433529,0.564851
AGGTCGCGGAGTTACT-1,0.011914,0.011931,0.011972,0.023886,0.011953,0.928344
AGGTGTATCGCCATGA-1,0.000598,0.000597,0.000598,0.042364,0.281556,0.674288
AGGTTACACCATGCCG-1,0.000319,0.000318,0.000319,0.025547,0.149973,0.823524
AGGTTTCACACACCTT-1,0.000491,0.000492,0.000492,0.786683,0.155246,0.056595
AGTAATGTCTTGCCGC-1,0.345906,0.017877,0.017921,0.035888,0.017927,0.564481
AGTACAGAAGCTTATA-1,0.000149,0.000149,0.000149,0.187181,0.321562,0.490811
AGTACATCATTTATCA-1,0.011022,0.011005,0.011038,0.175279,0.01103,0.780628
AGTACGGCCCGTATCG-1,0.000342,0.000342,0.000342,0.000685,0.768149,0.23014
AGTACGGGCACCTGGC-1,0.132531,0.153793,0.134956,0.003828,0.001914,0.572979
AGTACTCTTATGCCCA-1,0.002171,0.052207,0.002173,0.004346,0.247773,0.691329
AGTAGGTAACATACAT-1,0.005324,0.005302,0.005316,0.211253,0.767493,0.005312
AGTATAATACTAGGCA-1,0.000605,0.000604,0.032036,0.069544,0.512748,0.384462
AGTATGCTGGAGACCA-1,0.000897,0.000895,0.000897,0.186195,0.81022,0.000897
AGTCAACACCACCATC-1,0.000526,0.000527,0.000525,0.670544,0.23857,0.089309
AGTCAAGATGACACTT-1,0.006824,0.006817,0.006827,0.013667,0.46607,0.499794
AGTCACTAGCTCTCGA-1,0.000535,0.000539,0.000535,0.232919,0.423798,0.341673
AGTCAGCCACCGCCTG-1,0.003675,0.003671,0.003679,0.474126,0.51117,0.00368
AGTCCATTGGCTGATG-1,0.020505,0.02047,0.020483,0.041021,0.020502,0.87702
AGTCCCTCGCAGAAAG-1,0.007163,0.007157,0.00717,0.964161,0.007171,0.007178
AGTCGACGGTCTCAAG-1,0.111228,0.00409,0.0041,0.008203,0.004097,0.868283
AGTCGGCCCAAACGAC-1,0.000382,0.000385,0.000383,0.104006,0.526811,0.368032
