Barcode,Topic 1,Topic 2to3,Topic 4to5,Topic 6to8
AAACAACGAATAGTTC-1,0.000057,0.08003,0.191688,0.728224
AAACAAGTATCTCCCA-1,0.000038,0.126043,0.235071,0.638848
AAACAATCTACTAGCA-1,0.000136,0.339201,0.235009,0.425654
AAACACCAATAACTGC-1,0.000051,0.512995,0.378631,0.108323
AAACAGAGCGACTCCT-1,0.000065,0.00013,0.679834,0.319971
AAACAGCTTTCAGAAG-1,0.000288,0.174787,0.419964,0.404961
AAACAGGGTCTATATT-1,0.057488,0.007826,0.551185,0.383501
AAACAGTGTTCCTGGG-1,0.000035,0.478061,0.065579,0.456325
AAACATTTCCCGGATT-1,0.001722,0.048353,0.217069,0.732856
AAACCGGGTAGGTACC-1,0.00003,0.239999,0.532456,0.227515
AAACCGTTCGTCCAGG-1,0.000031,0.423039,0.16964,0.407289
AAACCTAAGCAGCCGG-1,0.000056,0.138127,0.272565,0.589252
AAACCTCATGAAGTTG-1,0.001528,0.003054,0.597217,0.398201
AAACGAAGAACATACC-1,0.000129,0.25255,0.746934,0.000387
AAACGAGACGGTTGAT-1,0.000279,0.071049,0.449377,0.479295
AAACGCCCGAGATCGG-1,0.000067,0.347921,0.189186,0.462826
AAACGGGCGTACGGGT-1,0.000059,0.296238,0.231872,0.471831
AAACGGGTTGGTATCC-1,0.000732,0.001465,0.995606,0.002197
AAACTAACGTGGCGAC-1,0.00016,0.081756,0.458285,0.459799
AAACTCGGTTCGCAAT-1,0.000444,0.144822,0.484441,0.370293
AAACTGCTGGCTCCAA-1,0.000241,0.000482,0.481755,0.517523
AAACTTGCAAACGTAT-1,0.000256,0.068165,0.721029,0.210551
AAAGACATGAAGTTTA-1,0.000072,0.195089,0.296507,0.508333
AAAGACTGGGCGCTTT-1,0.633264,0.000277,0.366044,0.000415
AAAGGCCCTATAATAC-1,0.000319,0.411842,0.529607,0.058232
AAAGGGATGTAGCAAG-1,0.037164,0.000199,0.962338,0.000299
AAAGGGCAGCTTGAAT-1,0.003803,0.007588,0.977226,0.011383
AAAGGTAAGCTGTACC-1,0.000032,0.580782,0.178419,0.240768
AAAGTAGCATTGCTCA-1,0.000017,0.801512,0.167874,0.030597
AAAGTCGACCCTCAGT-1,0.003476,0.006959,0.979131,0.010434
AAAGTGTGATTTATCT-1,0.000075,0.071485,0.474162,0.454278
AAAGTTGACTCCCGTA-1,0.000046,0.000092,0.202339,0.797524
AAATAACCATACGGGA-1,0.00007,0.22838,0.410062,0.361488
AAATACCTATAAGCAT-1,0.000095,0.247978,0.44531,0.306616
AAATAGCTTAGACTTT-1,0.000034,0.000068,0.040547,0.95935
AAATAGGGTGCTATTG-1,0.000053,0.408182,0.390773,0.200993
AAATCCGATACACGCC-1,0.000053,0.261319,0.194407,0.544222
AAATCTAGCCCTGCTA-1,0.00005,0.0001,0.093617,0.906233
AAATGCTCGTTACGTT-1,0.019486,0.000381,0.589483,0.390651
AAATGGCATGTCTTGT-1,0.000086,0.429366,0.464126,0.106422
AAATGGCCCGTGCCCT-1,0.000172,0.499888,0.418216,0.081724
AAATTACACGACTCTG-1,0.000076,0.215487,0.496914,0.287522
AAATTACCTATCGATG-1,0.000054,0.120653,0.496421,0.382872
AAATTGATAGTCCTTT-1,0.007149,0.075716,0.575644,0.341491
AAATTGCGGCGGTTCT-1,0.000103,0.408581,0.443498,0.147818
AAATTTACCGAAATCC-1,0.000065,0.110229,0.460274,0.429432
AAATTTGCGGGTGTGG-1,0.003368,0.164353,0.65923,0.173049
AACAACTGGTAGTTGC-1,0.000051,0.197595,0.264927,0.537427
AACAATACATTGTCGA-1,0.000019,0.591152,0.134589,0.27424
AACAATTACTCTACGC-1,0.073842,0.000417,0.87182,0.053921
AACACACGCTCGCCGC-1,0.000048,0.182355,0.165084,0.652513
AACACGACTGTACTGA-1,0.000052,0.000105,0.999686,0.000157
AACACGAGACGCGGCC-1,0.002121,0.361103,0.630409,0.006367
AACACGCGGCCGCGAA-1,0.000073,0.007114,0.636042,0.356771
AACAGCTGTGTGGCAA-1,0.005906,0.735035,0.192156,0.066903
AACAGGAAATCGAATA-1,0.00016,0.000321,0.970789,0.02873
AACAGGATGGGCCGCG-1,0.000443,0.000885,0.997346,0.001327
AACATAGCGTGTATCG-1,0.000185,0.120312,0.297445,0.582059
AACATATCAACTGGTG-1,0.000071,0.000142,0.41679,0.582997
AACATTGAAGTTGATC-1,0.004639,0.009279,0.972165,0.013917
AACATTGGTCAGCCGT-1,0.000282,0.000564,0.998308,0.000846
AACCAAGACTTCTCTG-1,0.001473,0.002947,0.991161,0.00442
AACCAGTATCACTCTT-1,0.000055,0.302868,0.470929,0.226147
AACCATGGGATCGCTA-1,0.000035,0.476065,0.494535,0.029365
AACCCAGAGACGGAGA-1,0.000073,0.000145,0.726217,0.273565
AACCCATCCCATGATC-1,0.034433,0.22266,0.600207,0.1427
AACCCGACAACCCGTG-1,0.000042,0.235569,0.270124,0.494266
AACCCTACTGTCAATA-1,0.000057,0.068845,0.452198,0.4789
AACCCTGGTGGAACCA-1,0.00008,0.215698,0.765446,0.018776
AACCGAGCTTGGTCAT-1,0.000103,0.09947,0.711211,0.189216
AACCGCTAAGGGATGC-1,0.000071,0.096795,0.50604,0.397093
AACCGTTGTGTTTGCT-1,0.000089,0.000177,0.999468,0.000266
AACCTAAAGCCGTCCG-1,0.003363,0.071541,0.410811,0.514285
AACCTCGCTTTAGCCC-1,0.000144,0.135741,0.502067,0.362048
AACCTTTAAATACGGT-1,0.000308,0.310952,0.506236,0.182505
AACCTTTACGACGTCT-1,0.01381,0.000184,0.382903,0.603103
AACGATAATGCCGTAG-1,0.000013,0.963951,0.023745,0.012291
AACGATATGTCAACTG-1,0.000405,0.000811,0.997569,0.001216
AACGCATGATCTGGGT-1,0.000073,0.013903,0.424955,0.561068
AACGCGAACGGCAACA-1,0.00018,0.000359,0.981002,0.018459
AACGCGGTCTCCAGCC-1,0.000066,0.000132,0.999603,0.000198
AACGCTGTTGCTGAAA-1,0.005886,0.382276,0.236821,0.375017
AACGGACGTACGTATA-1,0.000041,0.427819,0.285516,0.286625
AACGGCCATCTCCGGT-1,0.000023,0.42303,0.280152,0.296795
AACGTACTGTGGGTAC-1,0.001824,0.004509,0.333902,0.659765
AACGTAGTCTACCCAT-1,0.000104,0.392924,0.309357,0.297615
AACGTCAGACTAGTGG-1,0.000104,0.243125,0.380659,0.376113
AACGTGATGAAGGACA-1,0.000101,0.000203,0.728093,0.271603
AACGTGCGAAAGTCTC-1,0.000914,0.056185,0.722965,0.219937
AACGTTATCAGCACCT-1,0.002158,0.375934,0.615431,0.006477
AACTAGGCTTGGGTGT-1,0.003383,0.337923,0.648545,0.01015
AACTCAAGTTAATTGC-1,0.000046,0.077977,0.359588,0.562389
AACTCCAGAGCGTGTT-1,0.000042,0.348369,0.261016,0.390572
AACTCCTAATCCCATG-1,0.000051,0.061244,0.648281,0.290425
AACTCGATAAACACGT-1,0.001764,0.003527,0.989419,0.00529
AACTCGATGGCGCAGT-1,0.000085,0.23547,0.657734,0.106711
AACTCTCAATAGAGCG-1,0.000082,0.01971,0.48332,0.496888
AACTCTCAGTGTGCTC-1,0.000053,0.000107,0.375143,0.624696
AACTGATATTAGGCCT-1,0.000138,0.000277,0.99917,0.000415
AACTGGGTCCCGACGT-1,0.000083,0.000165,0.999504,0.000248
AACTGGGTTCGAGCCG-1,0.000094,0.057285,0.424287,0.518333
AACTTCTGCGTCTATC-1,0.001331,0.002664,0.002664,0.993341
AACTTGCCCGTATGCA-1,0.000787,0.001575,0.995276,0.002362
AACTTGCGTTCTCGCG-1,0.000511,0.001022,0.887281,0.111186
AACTTTACGGGAGCTT-1,0.001625,0.205261,0.788235,0.004879
AAGAAGGATCAGTTAG-1,0.000559,0.001118,0.996647,0.001677
AAGACTAACCCGTTGT-1,0.003212,0.252692,0.734462,0.009633
AAGACTCACGCCCACT-1,0.000028,0.678863,0.172341,0.148769
AAGACTGCAAGCTACT-1,0.000376,0.001643,0.85652,0.141461
AAGAGATGAATCGGTA-1,0.001438,0.002879,0.991364,0.004319
AAGAGCTCTTTATCGG-1,0.000666,0.001332,0.841328,0.156674
AAGAGGATGTACGCGA-1,0.000076,0.000151,0.876339,0.123434
AAGAGGCATGGATCGC-1,0.000105,0.165347,0.474995,0.359552
AAGATGGCACCGGACC-1,0.000027,0.410165,0.213048,0.37676
AAGATTGGCGGAACGT-1,0.000421,0.36881,0.097919,0.53285
AAGCACCCTGCGTATC-1,0.004037,0.379074,0.26757,0.349319
AAGCATACTCTCCTGA-1,0.000109,0.605437,0.321177,0.073277
AAGCCACTTGCAGGTA-1,0.000272,0.000544,0.467061,0.532122
AAGCCGAAGCGGTTTA-1,0.002926,0.000114,0.066256,0.930703
AAGCCGCCGTGAAATC-1,0.00014,0.777585,0.221853,0.000422
AAGCGCAGGGCTTTGA-1,0.000073,0.663425,0.179869,0.156633
AAGCGGCGTCATGGGT-1,0.002526,0.28712,0.186187,0.524167
AAGCGTCCCTCATCGA-1,0.000033,0.467655,0.337337,0.194975
AAGCTAGATCGAGTAA-1,0.003146,0.166273,0.571571,0.25901
AAGCTCGTGCCAAGTC-1,0.000955,0.311869,0.23947,0.447705
AAGCTCTTTCATGGTG-1,0.000049,0.248083,0.283485,0.468382
AAGGAGCGGTTGGTGC-1,0.000046,0.509222,0.243409,0.247323
AAGGATGAGGGACCTC-1,0.012133,0.217439,0.394872,0.375557
AAGGCGCGTAAAGCTT-1,0.000083,0.000673,0.603221,0.396023
AAGGCTGTGCTCATCG-1,0.000037,0.439662,0.234171,0.32613
AAGGGAACGACTGGCT-1,0.000234,0.19765,0.738246,0.063869
AAGGGACAGATTCTGT-1,0.00503,0.197132,0.265127,0.532711
AAGGGACTATGCATTC-1,0.000007,0.957457,0.042517,0.00002
AAGGTATCCTAATATA-1,0.013953,0.000798,0.589368,0.395881
AAGGTGATAAACCAGC-1,0.000035,0.558715,0.242106,0.199145
AAGTAAGCTTCCAAAC-1,0.000037,0.394983,0.16924,0.43574
AAGTAGAAGACCGGGT-1,0.000086,0.0463,0.437387,0.516227
AAGTAGTGACGCGAGG-1,0.000048,0.30518,0.471481,0.223291
AAGTCAATTGTCGTCA-1,0.000039,0.098767,0.136805,0.764389
AAGTGACGACCGAATT-1,0.000035,0.282695,0.455522,0.261748
AAGTGAGTCGGGTTTA-1,0.000088,0.032014,0.24161,0.726287
AAGTGCAAAGGTAGAC-1,0.009628,0.019253,0.019264,0.951855
AAGTGCCTTGACTGTA-1,0.000047,0.009985,0.16834,0.821628
AAGTGCGTTAGAATCT-1,0.000026,0.317301,0.54008,0.142593
AAGTGCTTCTCTATTG-1,0.000042,0.170614,0.07085,0.758494
AAGTGTTTGGAGACGG-1,0.000248,0.95346,0.000023,0.04627
AAGTTCACTCCAAGCT-1,0.00005,0.204486,0.327059,0.468405
AAGTTCAGTCTGCGTA-1,0.000041,0.504829,0.103007,0.392123
AAGTTCGGCCAACAGG-1,0.000041,0.088685,0.623291,0.287983
AAGTTGTGATGTTATA-1,0.000135,0.00027,0.297908,0.701688
AAGTTTATGGGCCCAA-1,0.001149,0.002298,0.723982,0.272572
AATAACAACGCTCGGC-1,0.000147,0.000294,0.999118,0.000441
AATAACACTAGAACAA-1,0.000026,0.043052,0.218422,0.7385
AATAAGTCCTCGAGAC-1,0.000118,0.062129,0.818627,0.119127
AATACAATGTTTCAGG-1,0.001605,0.003211,0.990367,0.004817
AATACCGGAGGGCTGT-1,0.000043,0.182104,0.381016,0.436838
AATACCTGATGTGAAC-1,0.001425,0.028554,0.15428,0.81574
AATAGAACAGAGTGGC-1,0.000048,0.000096,0.171187,0.828668
AATAGAATCTGTTTCA-1,0.000044,0.40108,0.497058,0.101818
AATAGCTACCGCGTGC-1,0.000187,0.023923,0.375245,0.600645
AATAGGCACGACCCTT-1,0.000029,0.731504,0.000059,0.268408
AATAGTCGCGAGTCGG-1,0.010431,0.02086,0.937418,0.031292
AATATCAAGGTCGGAT-1,0.000068,0.000135,0.480237,0.51956
AATATCGAGGGTTCTC-1,0.000065,0.215547,0.272906,0.511483
AATATTGGAGTATTGA-1,0.003915,0.007826,0.659063,0.329196
AATCAGACTGCAGGAC-1,0.000132,0.041642,0.388457,0.569768
AATCAGGTTTCATTTA-1,0.000044,0.456705,0.343708,0.199543
AATCATGTAAAGACTC-1,0.000036,0.315412,0.197331,0.487222
AATCCAAGGGCCTGAG-1,0.000211,0.087932,0.36695,0.544907
AATCCATGCAAGGGTG-1,0.001407,0.002814,0.832943,0.162837
AATCGAGGTCTCAAGG-1,0.000065,0.40038,0.156245,0.443309
AATCGCCTCAGCGCCA-1,0.000022,0.76753,0.086187,0.146261
AATCGTGAGCCGAGCA-1,0.000177,0.16302,0.290567,0.546237
AATCTAGGTTTACTTG-1,0.000399,0.51351,0.484895,0.001197
AATCTCTACTGTGGTT-1,0.008938,0.017885,0.946359,0.026818
AATCTGCGTTGGGACG-1,0.000046,0.435603,0.276293,0.288057
AATCTGGCTTTCTAGT-1,0.004172,0.008351,0.608495,0.378982
AATCTGGGTAGACCCT-1,0.000059,0.150778,0.42014,0.429023
AATGACAGCAATGTCT-1,0.000035,0.0795,0.919869,0.000596
AATGACGTAGGATGTC-1,0.000046,0.327258,0.427804,0.244893
AATGACTGTCAGCCGG-1,0.000053,0.069234,0.399149,0.531565
AATGAGTTCGCATATG-1,0.000296,0.000591,0.998228,0.000886
AATGATGATACGCTAT-1,0.000085,0.007082,0.44625,0.546583
AATGATGCGACTCCTG-1,0.000066,0.000131,0.302462,0.697341
AATGCACCAAGCAATG-1,0.000073,0.078259,0.673922,0.247747
AATGGTCCACCGTTCA-1,0.151664,0.056253,0.537892,0.254192
AATGGTTCTCACAAGC-1,0.000093,0.000186,0.881196,0.118525
AATGTGCCCGAGGTGT-1,0.0229,0.393982,0.416252,0.166865
AATGTGCTAATCTGAG-1,0.000017,0.593252,0.240607,0.166124
AATGTTAAGACCCTGA-1,0.000149,0.07145,0.303782,0.624618
AATTAAAGGTCGGCGT-1,0.001395,0.018636,0.197701,0.782267
AATTAACGGATTTCCA-1,0.001317,0.47843,0.500745,0.019507
AATTACTCGTACGCTC-1,0.201768,0.000577,0.074893,0.722762
AATTAGCGCTGCAGCG-1,0.000901,0.139212,0.857184,0.002703
AATTATACCCAGCAAG-1,0.000048,0.333352,0.000096,0.666504
AATTCATAAGGGATCT-1,0.00007,0.00014,0.468295,0.531495
AATTCCAACTTGGTGA-1,0.001043,0.002087,0.99374,0.00313
AATTCGATTCGAGGAT-1,0.000148,0.679116,0.235012,0.085723
AATTCTAGAGTTAGGC-1,0.000517,0.001035,0.996896,0.001552
AATTGAACGCTCTGGT-1,0.000015,0.960165,0.00003,0.039791
AATTGCAGCAATCGAC-1,0.000074,0.000147,0.116886,0.882893
AATTTGGGACATAGTA-1,0.000042,0.583483,0.246609,0.169867
AATTTGGTTCCAAAGA-1,0.000058,0.00229,0.997477,0.000175
ACAAACCATGCGTCCT-1,0.002319,0.004638,0.832612,0.160431
ACAAACCGACAAGGCG-1,0.042488,0.16666,0.749601,0.041251
ACAAACTCCATCAGAG-1,0.000036,0.478277,0.037469,0.484218
ACAAAGCATGACCTAG-1,0.003823,0.115638,0.237877,0.642662
ACAAATCGCACCGAAT-1,0.000986,0.731063,0.229652,0.038299
ACAAATGGTAGTGTTT-1,0.000015,0.845639,0.073229,0.081117
ACAAATTCAGATCTGA-1,0.000035,0.427486,0.169544,0.402935
ACAACAGCATGAGCTA-1,0.001669,0.24755,0.569696,0.181085
ACAACGGTCCCTGCGA-1,0.000113,0.000227,0.979132,0.020528
ACAAGCAGTGCCTAGC-1,0.061685,0.001298,0.93507,0.001947
ACAAGGAAATCCGCCC-1,0.000017,0.808507,0.139538,0.051939
ACAAGGACAAGAGGTT-1,0.012115,0.005009,0.54332,0.439556
ACAAGGATGCTTTAGG-1,0.000052,0.332982,0.312546,0.35442
ACAAGGCCTACCAGCC-1,0.000084,0.000168,0.426939,0.57281
ACAAGGGCAGGCTCTG-1,0.001483,0.365697,0.546162,0.086657
ACAAGTAATTGTAAGG-1,0.00404,0.008081,0.430057,0.557822
ACAATAGTCGTACGTT-1,0.007362,0.014721,0.955832,0.022084
ACAATCCATTTAAACC-1,0.000067,0.360564,0.44823,0.191139
ACAATGAATACGGAGA-1,0.000034,0.267502,0.573599,0.158865
ACAATTGTGTCTCTTT-1,0.000048,0.218447,0.098618,0.682887
ACAATTTAGGAGGCTC-1,0.005214,0.010435,0.55703,0.427321
ACAATTTGAGCAGTGG-1,0.000212,0.000424,0.56603,0.433335
ACACACCAGGACCAGT-1,0.000056,0.119223,0.532322,0.348399
ACACACTTTCTACACG-1,0.000081,0.065758,0.933916,0.000244
ACACATGATCAAATCT-1,0.002844,0.258448,0.730171,0.008538
ACACATTGACGCAACA-1,0.00184,0.003683,0.988953,0.005524
ACACATTTCCGTAGAC-1,0.00658,0.090189,0.80324,0.099991
ACACCCGAGAAATCCG-1,0.002826,0.089693,0.559908,0.347573
ACACCGAGCGCTCTTT-1,0.000941,0.026575,0.49335,0.479134
ACACCGGTCTGACCGC-1,0.001089,0.138003,0.857642,0.003267
ACACCTTAAGTAGGGC-1,0.000059,0.365887,0.219134,0.414921
ACACGAGACTCCTTCT-1,0.000519,0.11989,0.845083,0.034508
ACACGGCACTATGCAT-1,0.000076,0.116366,0.832851,0.050707
ACACGGGAACTTAGGG-1,0.004172,0.008346,0.840248,0.147235
ACACTCCAATGTCACT-1,0.002454,0.004912,0.691171,0.301463
ACACTGATCAAGGTGT-1,0.000039,0.022805,0.135175,0.841981
ACAGAACTGAGAACAA-1,0.000022,0.487161,0.410363,0.102455
ACAGCGACATTCTCAT-1,0.000074,0.068261,0.28117,0.650495
ACAGCGCACCCGCAGC-1,0.002197,0.004394,0.453006,0.540403
ACAGGCACGGATCCTT-1,0.000074,0.161103,0.018247,0.820575
ACAGGCTTGCCCGACT-1,0.000022,0.755678,0.136399,0.107901
ACAGGTGGAGGTGAGG-1,0.000031,0.197442,0.280153,0.522374
ACAGTAATACAACTTG-1,0.001346,0.321577,0.673038,0.00404
ACATAATAAGGCGGTG-1,0.00787,0.000093,0.991898,0.000139
ACATACAATCAAGCGG-1,0.000063,0.22379,0.000539,0.775608
ACATCAGCTGGGACGC-1,0.002019,0.411474,0.580447,0.006059
ACATCCTGGTAACTGT-1,0.000063,0.000127,0.228036,0.771774
ACATCGATCGTTTACC-1,0.00007,0.127927,0.871793,0.00021
ACATCGCAATATTCGG-1,0.000127,0.077141,0.000253,0.922479
ACATCGGTCAGCCGCG-1,0.000046,0.222881,0.556478,0.220596
ACATCGTATGCAATGG-1,0.00003,0.578218,0.253477,0.168274
ACATCGTTAACCTAGT-1,0.000252,0.000505,0.779863,0.21938
ACATCTCAACGCGTAA-1,0.000086,0.000172,0.999485,0.000258
ACATGCTTACGGCAGC-1,0.000539,0.266407,0.625567,0.107487
ACATGGCGCCAAAGTA-1,0.000021,0.442716,0.051155,0.506108
ACATGGCTCAATTTAG-1,0.000143,0.339099,0.660328,0.00043
ACATTAGTTTATATCC-1,0.001625,0.003251,0.990245,0.004878
ACATTCGCGCGGAATA-1,0.000526,0.001052,0.424141,0.574281
ACATTTGAAACCTAAC-1,0.000083,0.188193,0.032374,0.77935
ACCAAACTAGAAATCC-1,0.000037,0.109969,0.889884,0.00011
ACCAACACCACACACT-1,0.00011,0.022856,0.254456,0.722577
ACCAACCGCACTCCAC-1,0.000066,0.057801,0.087483,0.854651
ACCAACGCTTATTTAT-1,0.000046,0.000092,0.177321,0.82254
ACCAATATGCAAGTTA-1,0.000025,0.729095,0.08674,0.184141
ACCACAACTCAGAACA-1,0.003477,0.006956,0.97913,0.010437
ACCACACGGTTGATGG-1,0.00014,0.125435,0.433546,0.440879
ACCACCAATGTAACAA-1,0.000036,0.000073,0.002316,0.997574
ACCACGTGCAGCTATA-1,0.000028,0.546514,0.266642,0.186816
ACCACTGTTCAAGAAG-1,0.002122,0.004247,0.643303,0.350328
ACCAGCCCGGTCTTTG-1,0.000193,0.000385,0.872996,0.126426
ACCAGTGCCCGGTCAA-1,0.000061,0.061529,0.502072,0.436339
ACCAGTGCGGGAGACG-1,0.000043,0.466623,0.367751,0.165583
ACCATCCGCCAACTAG-1,0.001089,0.384965,0.382501,0.231444
ACCATCGTATATGGTA-1,0.000068,0.114012,0.491281,0.394639
ACCATTAAGGGTGTCA-1,0.023169,0.125354,0.849305,0.002172
ACCCAACGCCCGTGGC-1,0.000075,0.063296,0.464199,0.47243
ACCCACCTACATGCTC-1,0.00291,0.005824,0.982531,0.008735
ACCCATCTTGAGGGTA-1,0.000047,0.502795,0.244598,0.25256
ACCCATTTGTCCCTCT-1,0.000055,0.242453,0.157426,0.600066
ACCCGAGCGAAATTAC-1,0.000016,0.675957,0.203315,0.120711
ACCCGATTGGTTCCGA-1,0.000024,0.676108,0.098614,0.225254
ACCCGGAAACTCCCAG-1,0.002721,0.144747,0.570213,0.28232
ACCCGGATGACGCATC-1,0.00007,0.126012,0.203902,0.670016
ACCCGGTTACACTTCC-1,0.00005,0.004704,0.051494,0.943752
ACCCTATAGGACTGAG-1,0.001692,0.003385,0.859622,0.135301
ACCCTATGCCATATCG-1,0.000065,0.062646,0.403366,0.533922
ACCCTCCCGTCAGGGC-1,0.000089,0.219893,0.042989,0.737029
ACCCTCCCTTGCTATT-1,0.005661,0.529169,0.284049,0.18112
ACCCTTCATCTGCGAA-1,0.000057,0.000114,0.999657,0.000171
ACCCTTTAGTTCTCCA-1,0.000279,0.679263,0.209778,0.11068
ACCGACACATCTCCCA-1,0.003211,0.006425,0.980729,0.009635
ACCGACTGAGTCCCAC-1,0.027313,0.000513,0.80446,0.167714
ACCGAGTCTCCTTATT-1,0.000652,0.001305,0.323004,0.675039
ACCGATGGTAGCATCG-1,0.000089,0.069163,0.662418,0.26833
ACCGCAATAACTGCCT-1,0.000033,0.537555,0.349868,0.112545
ACCGCGGTGGAAGTCG-1,0.000026,0.003673,0.017981,0.978319
ACCGCTAGTCATTGGT-1,0.000064,0.174037,0.408917,0.416982
ACCGGGCCTTTGTTGA-1,0.000052,0.226194,0.258658,0.515096
ACCGGTCAGGTACACC-1,0.022741,0.404623,0.422277,0.150359
ACCGGTCTGAGTACGG-1,0.000063,0.141446,0.334802,0.523689
ACCGTGACCACGTGGG-1,0.000039,0.12857,0.410525,0.460866
ACCGTTCCCGCTCTGA-1,0.000105,0.000211,0.999368,0.000316
ACCTAAGTACCTTTCA-1,0.000035,0.207678,0.705749,0.086539
ACCTAATCGACTTCCT-1,0.000058,0.245628,0.517543,0.236771
ACCTCCGCCCTCGCTG-1,0.000083,0.000166,0.14663,0.853121
ACCTCGAACTTATGCT-1,0.00037,0.284784,0.652241,0.062605
ACCTGCGTGTCATGTT-1,0.000282,0.470581,0.282665,0.246473
ACCTTTCCTTTAGAAG-1,0.000037,0.555189,0.352427,0.092347
ACGAAATGGGCGGCAC-1,0.000763,0.001527,0.820626,0.177084
ACGACTCTAGGGCCGA-1,0.000048,0.317856,0.048303,0.633792
ACGACTGGTCATACTC-1,0.000025,0.425651,0.250244,0.32408
ACGAGAACCCATCACG-1,0.000104,0.000209,0.839544,0.160143
ACGAGATATTTGCTTA-1,0.001108,0.002217,0.486591,0.510085
ACGAGGATACCACTCT-1,0.000174,0.047567,0.59075,0.361509
ACGAGGTTTACAACGT-1,0.011291,0.000945,0.854765,0.132999
ACGAGTACGGATGCCC-1,0.006404,0.099929,0.135877,0.75779
ACGAGTCGCCGGCGTT-1,0.002362,0.004724,0.61733,0.375584
ACGATACATAGAACTA-1,0.002663,0.005328,0.771631,0.220378
ACGATCATACATAGAG-1,0.000082,0.000164,0.999509,0.000245
ACGATCATCTTGTAAA-1,0.000031,0.061582,0.041672,0.896716
ACGATGCATATGTTAT-1,0.000043,0.36489,0.263488,0.371579
ACGATGGATCCGATGC-1,0.000051,0.712105,0.287691,0.000153
ACGCAATCACTACAGC-1,0.00503,0.126364,0.441373,0.427233
ACGCATACGTTTACTA-1,0.000059,0.105357,0.150793,0.743791
ACGCATTCGTGAGTAC-1,0.00003,0.794403,0.124804,0.080763
ACGCCACTCGAAACAG-1,0.000349,0.000698,0.893735,0.105219
ACGCCAGATGATTTCT-1,0.001181,0.002362,0.992915,0.003543
ACGCCAGTGCGTTTGC-1,0.000069,0.000139,0.000139,0.999653
ACGCCCAGCTGTCGAT-1,0.000038,0.38817,0.543178,0.068614
ACGCCGCTAGACGACC-1,0.000226,0.405373,0.479525,0.114875
ACGCGAAGTCAGACGA-1,0.010379,0.336572,0.232654,0.420395
ACGCGCTACACAGGGT-1,0.000035,0.197252,0.500838,0.301874
ACGCGGGCCAAGGACA-1,0.000039,0.000078,0.813647,0.186236
ACGCGTTTCTTAAGAG-1,0.000433,0.247646,0.684118,0.067802
ACGCTAGTGATACACT-1,0.001925,0.003532,0.234945,0.759599
ACGCTGTGAGGCGTAG-1,0.003129,0.006258,0.981224,0.009389
ACGCTTAGTGTCTCTC-1,0.001422,0.002845,0.991465,0.004268
ACGGAACACGAGTGCC-1,0.000064,0.028726,0.000128,0.971083
ACGGAATTTAGCAAAT-1,0.002574,0.000158,0.99703,0.000237
ACGGACTCTCAAAGCG-1,0.000227,0.330177,0.578051,0.091545
ACGGAGCGCAAATTAC-1,0.000076,0.048636,0.262845,0.688443
ACGGATGGTGCGGATA-1,0.000091,0.398995,0.347995,0.252919
ACGGCACTTGCTTGGG-1,0.000719,0.001439,0.894273,0.103568
ACGGCGACGATGGGAA-1,0.000029,0.508985,0.280295,0.210691
ACGGCGGGTTGCCCTG-1,0.000045,0.426605,0.362821,0.210529
ACGGGAGTGTCGGCCC-1,0.000033,0.411972,0.474637,0.113358
ACGGGTCATGTGACTT-1,0.003211,0.315373,0.671782,0.009633
ACGGTACAGTTCAATG-1,0.000076,0.385353,0.20688,0.407691
ACGTACAGATTTCTCT-1,0.000097,0.000194,0.999418,0.000291
ACGTACTTTGGCACGG-1,0.000048,0.469029,0.314188,0.216735
ACGTAGATTGCTGATG-1,0.003292,0.006588,0.489441,0.500679
ACGTAGGAGAGTCGCT-1,0.000688,0.001376,0.995872,0.002064
ACGTATTACTCCGATC-1,0.000055,0.13686,0.232659,0.630426
ACGTGCGCCTCGTGCA-1,0.001287,0.175128,0.442568,0.381018
ACGTGGTCGAATGTGC-1,0.000099,0.070786,0.482623,0.446493
ACGTTAATGTCGAAGA-1,0.005155,0.530389,0.373482,0.090975
ACGTTAGATTTGCCCG-1,0.00005,0.353073,0.388274,0.258604
ACGTTATTGGTCACTC-1,0.003576,0.007155,0.978538,0.010731
ACGTTCACTATGCCGC-1,0.000047,0.485289,0.022635,0.492029
ACGTTCGTTCAGGAAA-1,0.000053,0.024224,0.278558,0.697165
ACGTTCTGTACAAGTC-1,0.007012,0.267815,0.049367,0.675806
ACGTTGTCGTTGAAAG-1,0.000085,0.20944,0.337137,0.453337
ACGTTTAGTTGTGATC-1,0.000127,0.579394,0.420098,0.000381
ACTAATACGTCAGGCG-1,0.000041,0.451429,0.241182,0.307348
ACTACAAAGAGAGGTG-1,0.000159,0.072761,0.279615,0.647464
ACTACATCCCGACAAG-1,0.079763,0.006419,0.904184,0.009634
ACTACCAGCTCTCTGG-1,0.000089,0.032644,0.324391,0.642876
ACTACCATCCGAGGGC-1,0.000324,0.000649,0.228063,0.770963
ACTAGTTGCGATCGTC-1,0.000054,0.085547,0.11776,0.796639
ACTATATGCTGTGTTC-1,0.000074,0.114315,0.302256,0.583355
ACTATGTCCAGCTGCC-1,0.000215,0.335369,0.663772,0.000644
ACTATTCGTCCGTGGT-1,0.000184,0.000368,0.998897,0.000552
ACTATTTCCGGGCCCA-1,0.00004,0.365144,0.181828,0.452988
ACTCAACGAATGTATT-1,0.000076,0.007649,0.524081,0.468194
ACTCAAGTGCAAGGCT-1,0.00027,0.867329,0.023936,0.108465
ACTCAATAAAGGCACG-1,0.000141,0.000282,0.999155,0.000423
ACTCAGACCTGCTTCT-1,0.000076,0.000152,0.448383,0.551388
ACTCATGGCAGCCTTC-1,0.001869,0.003738,0.584012,0.410381
ACTCCAATATCATCAT-1,0.000022,0.48707,0.196812,0.316096
ACTCCCATTCCTAAAG-1,0.00031,0.203428,0.642137,0.154125
ACTCCCGAATTCGTTT-1,0.000019,0.540883,0.000039,0.459059
ACTCCCTAATGCTAAA-1,0.003233,0.599334,0.298971,0.098462
ACTCCCTAGAATAGTA-1,0.000107,0.472707,0.435025,0.092161
ACTCCGGCCGACCACT-1,0.000059,0.110507,0.053903,0.835531
ACTCGATGTATTTCAT-1,0.001896,0.003795,0.988618,0.005691
ACTCGTAACCCGTCCT-1,0.000134,0.630452,0.36901,0.000404
ACTCGTCAGTAATCCC-1,0.000544,0.148463,0.849359,0.001633
ACTCTCTGACTTAGGT-1,0.000197,0.351496,0.601709,0.046598
ACTCTCTTATACACGA-1,0.000096,0.212065,0.601215,0.186625
ACTCTGACCTAATAGA-1,0.000075,0.165458,0.096236,0.738232
ACTCTTGTATAGTAAC-1,0.000941,0.303661,0.692573,0.002825
ACTGAAACGCCGTTAG-1,0.004966,0.736269,0.048026,0.210739
ACTGAATGGCGAAAGT-1,0.018063,0.930992,0.018212,0.032732
ACTGATTTAGTGATTC-1,0.002782,0.005564,0.289535,0.702118
ACTGCCCGCCATTCTC-1,0.000039,0.254698,0.458052,0.287211
ACTGCCGTCGTAACTC-1,0.000579,0.214995,0.782686,0.001739
ACTGTACGATACACAT-1,0.001869,0.003737,0.653938,0.340456
ACTGTAGCACTTTGGA-1,0.004777,0.158517,0.666775,0.169931
ACTGTATACGCGAGCA-1,0.000057,0.331827,0.375467,0.292649
ACTGTCTTCTTTAGAA-1,0.000136,0.000271,0.999186,0.000407
ACTGTGCTAGTAGATC-1,0.000057,0.000115,0.794647,0.205181
ACTTACCGGGCGCGCA-1,0.001961,0.006044,0.493922,0.498074
ACTTACGCATCCACGC-1,0.000031,0.681763,0.204832,0.113374
ACTTAGTACGACAAGA-1,0.000037,0.102023,0.593709,0.304232
ACTTATACTTACCCGG-1,0.000067,0.092574,0.345838,0.561522
ACTTATCTGATCTATA-1,0.002136,0.87329,0.008832,0.115742
ACTTATTTATGTGCCA-1,0.000057,0.044964,0.464696,0.490282
ACTTCAGGCTGATCCC-1,0.000011,0.929355,0.003033,0.0676
ACTTCCATGCGGGACA-1,0.000016,0.906813,0.017505,0.075666
ACTTCGCCATACGCAC-1,0.000669,0.813082,0.18424,0.002009
ACTTGACTCCCTCTTT-1,0.000379,0.185007,0.717334,0.09728
ACTTGGGACCCGGTGG-1,0.000069,0.000139,0.226909,0.772883
ACTTGGGCTTTCGCCA-1,0.00006,0.694202,0.000119,0.305619
ACTTGTAGTCCCTTCA-1,0.000741,0.246059,0.367496,0.385704
ACTTGTGGATGGAACG-1,0.000118,0.000237,0.296934,0.70271
ACTTTACCCTCATGAA-1,0.000053,0.184562,0.055312,0.760074
ACTTTCCTATAGCTTC-1,0.000113,0.000226,0.999321,0.000339
ACTTTGACTGCATCCT-1,0.004315,0.008636,0.368285,0.618764
ACTTTGGTCGTGCTCC-1,0.000605,0.436857,0.528909,0.03363
AGAACGTGGTACATTC-1,0.000319,0.000639,0.844228,0.154814
AGAACTGTACTTTGTA-1,0.000059,0.269015,0.000118,0.730808
AGAAGAGCGCCGTTCC-1,0.093738,0.011294,0.571464,0.323503
AGAAGGTACACTTCAC-1,0.002665,0.005329,0.717551,0.274455
AGAAGGTTGCCGAATT-1,0.00003,0.435174,0.169552,0.395244
AGAAGGTTGTAGGTCG-1,0.001026,0.185776,0.640126,0.173072
AGAAGTGATTCGTGAT-1,0.000034,0.190079,0.63202,0.177867
AGAATAAATCTTCAGG-1,0.004316,0.008627,0.974108,0.012948
AGAATACAGGCTATCC-1,0.001649,0.154265,0.209711,0.634374
AGAATGCGGGTTCGGA-1,0.000055,0.273405,0.252605,0.473935
AGAATTATGGATTCGA-1,0.000059,0.170842,0.231168,0.597931
AGAATTGTTTGACATA-1,0.000103,0.000206,0.999381,0.000309
AGACAGCTCAGAATCC-1,0.003209,0.006418,0.98074,0.009634
AGACCATGGGATACAA-1,0.000978,0.000154,0.879164,0.119703
AGACCCACCGCTGATC-1,0.000184,0.000368,0.46418,0.535268
AGACCGGGAAACCCTG-1,0.000797,0.174709,0.633157,0.191337
AGACGAAGTGCCGGTC-1,0.00004,0.067696,0.291675,0.640589
AGACGACGATGCCGCT-1,0.000033,0.043916,0.594016,0.362034
AGACGGGATTGGTATA-1,0.000189,0.000378,0.774248,0.225186
AGACGGGCCGATTTAA-1,0.144565,0.000109,0.073788,0.781538
AGACTAGCCTTCCAGA-1,0.000058,0.051345,0.236621,0.711977
AGACTGTTACCGGGTC-1,0.000065,0.00013,0.360531,0.639274
AGAGAAACACCAGAAA-1,0.000019,0.444445,0.234033,0.321503
AGAGAACCGTCTAGGA-1,0.000214,0.173622,0.391776,0.434387
AGAGAAGGAGTACAAT-1,0.000026,0.633499,0.136813,0.229662
AGAGATCTCTAAAGCG-1,0.000151,0.250896,0.502326,0.246628
AGAGCAGTTATGAGAC-1,0.002052,0.235049,0.756741,0.006158
AGAGCGGGCTAATCAT-1,0.010788,0.043741,0.945304,0.000167
AGAGCGTACAAGCTCG-1,0.003142,0.02101,0.806199,0.169649
AGAGCTACGAAAGCAT-1,0.002784,0.005565,0.983302,0.008349
AGAGGCTTCGGAAACC-1,0.000051,0.03475,0.265044,0.700156
AGAGTAAACTTCACTA-1,0.001007,0.479176,0.153396,0.366422
AGAGTTAGAGACCGAT-1,0.000039,0.451899,0.162826,0.385236
AGATAACTTCAGGGCC-1,0.000056,0.051045,0.338285,0.610614
AGATACCGGTGTTCAC-1,0.000021,0.551532,0.114093,0.334353
AGATACGACTTCATAT-1,0.002248,0.056754,0.586076,0.354923
AGATACTCAAGATCGA-1,0.000019,0.760072,0.153969,0.085941
AGATATAATACGACTA-1,0.001692,0.165534,0.368505,0.464269
AGATCGTGCATAAGAT-1,0.012204,0.344346,0.351424,0.292026
AGATCTCAGGTGTGAT-1,0.004171,0.317952,0.665355,0.012521
AGATGAGGGTTGCGAT-1,0.000059,0.000119,0.39752,0.602302
AGATGATGGAGTCTGG-1,0.000052,0.000103,0.000103,0.999742
AGATGCAAGACGTGCA-1,0.000117,0.329414,0.551053,0.119415
AGATGCTATAACGAGC-1,0.004038,0.008074,0.975774,0.012114
AGATTCACAACCGATA-1,0.003174,0.130986,0.564506,0.301335
AGCAAAGGCCGCTAGT-1,0.003684,0.1517,0.833564,0.011052
AGCAACATATCTTATT-1,0.000062,0.00923,0.591184,0.399524
AGCAACCGAAAGTAAT-1,0.000031,0.26986,0.56511,0.164999
AGCACACGTTTAGACT-1,0.001331,0.13749,0.465681,0.395497
AGCACCAGTACTCACG-1,0.000124,0.000247,0.999258,0.000371
AGCACTACCGGCCTGT-1,0.000177,0.309572,0.673206,0.017046
AGCACTACCTCACCAG-1,0.000023,0.707339,0.099316,0.193322
AGCACTTAAGGACGCC-1,0.000058,0.119114,0.560991,0.319837
AGCAGAAGGAGAAAGA-1,0.002979,0.360762,0.627317,0.008942
AGCAGTCGAAGCATGC-1,0.000057,0.198063,0.045301,0.756579
AGCATATCAATATGCT-1,0.000058,0.196843,0.310875,0.492224
AGCATCATTTCGAAAG-1,0.000047,0.463008,0.452802,0.084143
AGCATTACGAGGCAAG-1,0.009781,0.000353,0.292133,0.697733
AGCCACAGGTTACCCG-1,0.00003,0.584443,0.010705,0.404822
AGCCACTCCCGTGCTT-1,0.023586,0.000307,0.618115,0.357992
AGCCATATAGTATGTG-1,0.027155,0.31013,0.380449,0.282265
AGCCCATACATGTAAG-1,0.000046,0.045752,0.727809,0.226393
AGCCCGGCATTAGAGG-1,0.000302,0.251111,0.447133,0.301454
AGCCCGGTAGCCTGTA-1,0.000075,0.000151,0.175568,0.824206
AGCCCTAAGCGAAGTT-1,0.000089,0.000178,0.999465,0.000268
AGCCCTCCCTGGTGGC-1,0.000028,0.539952,0.324141,0.135879
AGCCCTTCTAATCCGA-1,0.000055,0.00011,0.168509,0.831326
AGCCGTGGCTAAATGT-1,0.000471,0.709365,0.288752,0.001412
AGCCTAATACCCACGT-1,0.006952,0.078569,0.893612,0.020866
AGCCTTAAAGCGGAAG-1,0.001739,0.003479,0.989563,0.005219
AGCGACAGGAACGGTC-1,0.000021,0.53927,0.142788,0.31792
AGCGACTTTGAAGACA-1,0.000028,0.49867,0.000055,0.501247
AGCGAGACGTGAAGGC-1,0.002085,0.004175,0.738181,0.255559
AGCGATGCGCCTAATA-1,0.000789,0.003452,0.089136,0.906623
AGCGCGGGTGCCAATG-1,0.002804,0.401815,0.292482,0.302898
AGCGCTTATGGGCAAG-1,0.042916,0.357264,0.231803,0.368018
AGCGGACACTTCGTAG-1,0.002979,0.005964,0.982116,0.008941
AGCGGCGGTTAGCGGT-1,0.001318,0.002637,0.611148,0.384898
AGCGGGAAGGGTCCAT-1,0.016607,0.000172,0.440787,0.542435
AGCGGGTCTGACACTC-1,0.002196,0.576548,0.414665,0.006591
AGCGGTTGAGATGTAC-1,0.000246,0.160354,0.542216,0.297184
AGCGTACGAGAGCTAG-1,0.044867,0.000211,0.335857,0.619065
AGCGTAGCGCTAGACC-1,0.000226,0.000453,0.812438,0.186883
AGCGTCTGAACCCGCA-1,0.000057,0.281884,0.304138,0.413921
AGCGTGGTATTCTACT-1,0.00039,0.17198,0.483568,0.344062
AGCGTTCCGATTTAAA-1,0.000065,0.1448,0.309427,0.545708
AGCTAACAAGCAATGT-1,0.000021,0.373699,0.34069,0.28559
AGCTAAGCTCCGTCCG-1,0.000038,0.548031,0.073843,0.378087
AGCTAAGTACGCAGGC-1,0.001329,0.500753,0.247214,0.250705
AGCTAGAAGCAGAAGT-1,0.00311,0.193223,0.390987,0.41268
AGCTATTTAATCCAAC-1,0.001043,0.002088,0.993739,0.003131
AGCTCCTTCGCACATC-1,0.00004,0.524708,0.259793,0.215458
AGCTCTAGACGTTCCA-1,0.000128,0.283783,0.308208,0.407881
AGCTCTTCCCAGTGCA-1,0.000139,0.000278,0.365347,0.634236
AGCTCTTCGTAACCTT-1,0.000051,0.000101,0.025906,0.973942
AGCTCTTTACTCAGTT-1,0.000025,0.524718,0.090913,0.384345
AGCTGAAGTAAACCAA-1,0.116148,0.082091,0.479728,0.322033
AGCTGCATTTGAGGTG-1,0.000132,0.000264,0.546083,0.45352
AGCTGTAACCTCAATC-1,0.010687,0.289835,0.617047,0.082431
AGCTTCAATACTTTGA-1,0.000192,0.15263,0.819981,0.027197
AGCTTCTTCTCGAGCA-1,0.00011,0.020453,0.07716,0.902276
AGCTTGATCTTAACTT-1,0.001526,0.003054,0.67891,0.31651
AGGAAAGCCTCTGATG-1,0.000846,0.001691,0.994926,0.002537
AGGAAGCTGTCCGCCG-1,0.005959,0.011932,0.964213,0.017897
AGGACAGTCGAATCCC-1,0.000025,0.769522,0.059022,0.17143
AGGACATCGCACGTCG-1,0.000066,0.148092,0.400077,0.451764
AGGACGACCCATTAGA-1,0.000056,0.037291,0.27629,0.686364
AGGACGCTCGATGTTG-1,0.00011,0.000221,0.493105,0.506565
AGGACTTATAGGAGAA-1,0.000549,0.181958,0.674703,0.142791
AGGAGGCCTTCGCGCG-1,0.000036,0.41207,0.103827,0.484067
AGGATAAAGTCGGGAT-1,0.000271,0.364715,0.394208,0.240807
AGGATATAGGGATTTA-1,0.000066,0.086322,0.352051,0.561561
AGGATATCCGACTGCA-1,0.000032,0.678639,0.000063,0.321266
AGGATCACGCGATCTG-1,0.000688,0.001376,0.855679,0.142257
AGGCAAAGAGGAATCA-1,0.000044,0.533833,0.115986,0.350137
AGGCAGATGCGTAAAC-1,0.000166,0.000333,0.414643,0.584858
AGGCAGGGAGCGTACT-1,0.000077,0.009667,0.330503,0.659753
AGGCATTGTCGTAGGG-1,0.000052,0.244948,0.19636,0.55864
AGGCCACCCGTTATGA-1,0.000116,0.282679,0.372561,0.344644
AGGCCCAGTGACTGGT-1,0.001043,0.002087,0.99374,0.00313
AGGCCCTAGAACGCCA-1,0.000472,0.743113,0.229439,0.026976
AGGCCTGAGAATCTCG-1,0.00003,0.496122,0.142884,0.360963
AGGCGGTTTGTCCCGC-1,0.00298,0.005961,0.982115,0.008944
AGGCTATGGTTAGCTT-1,0.000143,0.089032,0.858024,0.052801
AGGCTTAAGTTGCACA-1,0.000188,0.358292,0.199287,0.442233
AGGCTTCCCGAAGAAG-1,0.000042,0.011449,0.334643,0.653866
AGGCTTGCTAGACACC-1,0.001061,0.002122,0.993635,0.003182
AGGGAAACGAGGTACT-1,0.000059,0.07055,0.586208,0.343182
AGGGCAGCGGCGTGGT-1,0.000137,0.000274,0.355266,0.644323
AGGGCGAGCAGCTGAT-1,0.00075,0.688089,0.308911,0.002249
AGGGCGTGATCGGCTA-1,0.000181,0.091877,0.633571,0.27437
AGGGCTGCAGTTACAG-1,0.000117,0.000234,0.767116,0.232533
AGGGTCAGAGCACTCG-1,0.000043,0.424721,0.225058,0.350178
AGGGTCGATGCGAACT-1,0.000047,0.093099,0.199117,0.707736
AGGGTGCCGTTCTTTA-1,0.000034,0.096376,0.422504,0.481087
AGGGTGCTCTCGAGGG-1,0.000064,0.27537,0.348898,0.375668
AGGGTGGATAGTGCAT-1,0.002121,0.004245,0.149981,0.843654
AGGGTTCAGACGGTCC-1,0.00008,0.043711,0.204164,0.752045
AGGGTTCCCTTTGGTT-1,0.000096,0.114184,0.329261,0.556458
AGGGTTTAGTTCGGGA-1,0.000057,0.312257,0.687516,0.00017
AGGTAACCTCCTATTC-1,0.000073,0.095558,0.355845,0.548523
AGGTACGATATTGCCA-1,0.00062,0.00124,0.99628,0.00186
AGGTAGATCGAGATAT-1,0.000021,0.40575,0.377576,0.216653
AGGTAGGTACAAAGCT-1,0.000041,0.338871,0.417713,0.243374
AGGTCAGGTGAGAGTG-1,0.000439,0.160248,0.837994,0.001318
AGGTCGCCACTTCGGT-1,0.000174,0.000347,0.000347,0.999132
AGGTCGCGGAGTTACT-1,0.000067,0.093486,0.246318,0.660129
AGGTGCACGTCCACAT-1,0.004473,0.000191,0.067611,0.927725
AGGTGTATCGCCATGA-1,0.006592,0.013183,0.960457,0.019768
AGGTTGAGGCACGCTT-1,0.003204,0.000393,0.995815,0.000589
AGGTTTCACACACCTT-1,0.001691,0.003384,0.692773,0.302152
AGTAACGTTCATCCTG-1,0.00006,0.111625,0.598065,0.29025
AGTAATCTAAGGGTGG-1,0.000077,0.409803,0.150618,0.439502
AGTACAGAAGCTTATA-1,0.000487,0.167786,0.197006,0.634721
AGTACCTTCGAGTGCT-1,0.000076,0.071076,0.248461,0.680388
AGTACGGCCCGTATCG-1,0.003212,0.00642,0.980734,0.009634
AGTACGGGCACCTGGC-1,0.001061,0.431647,0.424014,0.143278
AGTACGTGGCCTGTCT-1,0.000079,0.168872,0.567502,0.263547
AGTACTCTTATGCCCA-1,0.000069,0.354088,0.386456,0.259388
AGTAGCGTGAACGAAC-1,0.000072,0.215599,0.784114,0.000215
AGTAGCTAGACGCCGA-1,0.000061,0.005389,0.276425,0.718124
AGTAGGAAGGAAGTTG-1,0.000072,0.089357,0.492647,0.417923
AGTATAATACTAGGCA-1,0.000109,0.000218,0.623516,0.376157
AGTATCCATAATAACG-1,0.014641,0.00049,0.728484,0.256385
AGTATGCTGGAGACCA-1,0.000019,0.569409,0.207176,0.223396
AGTATTTGGCACGACC-1,0.007923,0.124392,0.243874,0.623811
AGTCAAATGATGTGAT-1,0.000025,0.414298,0.256205,0.329472
AGTCAACACCACCATC-1,0.000049,0.000098,0.166687,0.833166
AGTCAAGATGACACTT-1,0.000066,0.192986,0.638904,0.168043
AGTCACTAGCTCTCGA-1,0.000057,0.123439,0.137629,0.738874
AGTCACTCCGCCTCAT-1,0.000042,0.615466,0.273511,0.11098
AGTCAGCCACCGCCTG-1,0.007223,0.000172,0.926416,0.066189
AGTCCAGCGGGTACGT-1,0.000135,0.328965,0.661451,0.00945
AGTCCATTGGCTGATG-1,0.000058,0.05489,0.274261,0.67079
AGTCCCGCCTTTAATT-1,0.000087,0.000173,0.479959,0.519781
AGTCGACGGTCTCAAG-1,0.000957,0.424206,0.428798,0.146039
AGTCGGCCCAAACGAC-1,0.0008,0.314098,0.210154,0.474948
AGTCGGCTCAACTTTA-1,0.00154,0.61468,0.383511,0.000268
AGTCGTATAAAGCAGA-1,0.000252,0.099234,0.453656,0.446858
AGTCGTCGACCACCAA-1,0.000053,0.149652,0.324137,0.526159
AGTCGTGGGCATTACG-1,0.000033,0.250756,0.592764,0.156447
AGTCTCACAAGACTAC-1,0.000037,0.170455,0.688122,0.141386
AGTCTGGACATCCTTG-1,0.005444,0.010889,0.967329,0.016338
AGTCTTCTCCTCAAAT-1,0.000093,0.000186,0.999442,0.000279
AGTCTTTAAAGTGTCC-1,0.00005,0.754889,0.073117,0.171943
AGTGAACAAACTTCTC-1,0.000061,0.000122,0.20775,0.792068
AGTGACTGTGACACAA-1,0.000022,0.553074,0.322377,0.124527
AGTGAGACTTCCAGTA-1,0.000044,0.558285,0.210684,0.230988
AGTGAGCCTCGCCGCC-1,0.000026,0.286869,0.005702,0.707402
AGTGAGGGTTTCTGAC-1,0.000096,0.000193,0.823076,0.176636
AGTGATAACCTGCGCG-1,0.00004,0.14038,0.233271,0.626309
AGTGATATGAGTAGTT-1,0.002992,0.00012,0.035536,0.961352
AGTGATTCAAGCAGGA-1,0.000079,0.12745,0.400256,0.472216
AGTGCACGCTTAAGAA-1,0.000034,0.072481,0.264153,0.663333
AGTGCGTAGCTCGTAA-1,0.000048,0.015235,0.321783,0.662934
AGTGCTAAACACAGCA-1,0.000025,0.588691,0.117969,0.293314
AGTGCTTGCACGAATA-1,0.036407,0.184544,0.370264,0.408786
AGTGGCCCGCAAATGG-1,0.003255,0.191983,0.037907,0.766855
AGTGGCGGCAATTTGA-1,0.000059,0.000118,0.270171,0.729652
AGTGGCGTCTGAAGGT-1,0.000019,0.749892,0.028021,0.222067
AGTGGCTCCGTCGGCC-1,0.468401,0.058907,0.122505,0.350188
AGTGGTGTTACCCGTG-1,0.000677,0.264223,0.73307,0.002031
AGTGGTTGCGTATAGG-1,0.251404,0.001606,0.676584,0.070406
AGTGTATTGCGCATTG-1,0.000093,0.074421,0.351487,0.574
AGTGTGCTAAGATCGC-1,0.002555,0.005111,0.4504,0.541935
AGTGTGGTCTATTGTG-1,0.002504,0.005009,0.984972,0.007515
AGTTAAACACTTGCGA-1,0.000041,0.000083,0.283195,0.716681
AGTTAAGCGGTCCCGG-1,0.002555,0.005112,0.735931,0.256402
AGTTAAGTCAACCGCT-1,0.000014,0.635558,0.280531,0.083897
AGTTACCCTTAAGACT-1,0.002236,0.004475,0.892763,0.100526
AGTTACCGCACATGGT-1,0.002407,0.004815,0.985558,0.007221
AGTTACTCTATCGTGG-1,0.221032,0.000192,0.390724,0.388052
AGTTATTGAAAGGTAA-1,0.000031,0.419316,0.580558,0.000094
AGTTCACCGGTTGGAC-1,0.004314,0.00863,0.974106,0.012949
AGTTCCTACAGAATTA-1,0.00009,0.126867,0.334553,0.53849
AGTTCCTATTTATGTT-1,0.000623,0.069285,0.503547,0.426545
AGTTCTGCGTTGTATC-1,0.000175,0.246226,0.753075,0.000525
AGTTGACATCGGCTGG-1,0.000571,0.277318,0.619751,0.102359
AGTTGACGGTCCTTGC-1,0.000684,0.575092,0.422171,0.002053
AGTTGCTGACTGATAT-1,0.05382,0.004471,0.820631,0.121078
AGTTTCGCAGGTCGGA-1,0.000193,0.522903,0.425302,0.051602
AGTTTGCACCTGCCTC-1,0.001711,0.577861,0.263583,0.156845
AGTTTGGCACGGGTTG-1,0.000044,0.036739,0.386311,0.576906
AGTTTGGCCAGACCTA-1,0.093466,0.098199,0.560665,0.24767
ATAAACGGACCCGTAA-1,0.000039,0.062645,0.887138,0.050178
ATAAACGTTGCACCAC-1,0.000092,0.028908,0.212156,0.758844
ATAAAGGCTCGGTCGT-1,0.000101,0.098575,0.177759,0.723566
ATAAAGGTCAAGTACG-1,0.000201,0.223533,0.276221,0.500045
ATAAATATTAGCAGCT-1,0.000117,0.000233,0.999301,0.00035
ATAACGCCGGAGGGTC-1,0.000052,0.450121,0.414808,0.135019
ATAACGGAGTCCAACG-1,0.000118,0.000236,0.912173,0.087473
ATAAGGTGGAGAACAT-1,0.000113,0.361157,0.396441,0.242288
ATAAGTAGGATTCAGA-1,0.000042,0.58829,0.094383,0.317284
ATAATACCGTTAGCCG-1,0.001956,0.003913,0.988261,0.00587
ATAATAGCTGTTGAAT-1,0.006153,0.101562,0.691407,0.200878
ATAATAGTGTAGGGAC-1,0.000073,0.000146,0.981374,0.018406
ATAATCTTGGAGAACC-1,0.00041,0.111223,0.664654,0.223712
ATAATTAGCTAAGTAG-1,0.005959,0.011921,0.964242,0.017878
ATACAGGCCCTCCAAT-1,0.000852,0.178783,0.60388,0.216485
ATACCACGGGCAACTT-1,0.000056,0.155067,0.666047,0.17883
ATACCCTGGCTCAAAT-1,0.001926,0.003855,0.988438,0.00578
ATACCTAACCAAGAAA-1,0.004472,0.008946,0.973163,0.013419
ATACGAGGTTTGTAAG-1,0.002998,0.000117,0.078106,0.918779
ATACGCCGATCTACCG-1,0.003368,0.112583,0.510578,0.373471
ATACGCCGGCGAAACC-1,0.00004,0.348804,0.272392,0.378765
ATACGGAACGTCGTTT-1,0.000029,0.937691,0.062195,0.000086
ATACGGGTTTCGATTG-1,0.999233,0.000219,0.000219,0.000329
ATACGGTGAAGATGCA-1,0.005687,0.011377,0.96586,0.017076
ATACGTACTTAGCCAC-1,0.00003,0.36765,0.0021,0.630221
ATACGTCCACTCCTGT-1,0.000067,0.263379,0.537952,0.198602
ATACGTTATGCACGGA-1,0.007817,0.015649,0.953055,0.02348
ATACTACCCGTACCAC-1,0.000047,0.000094,0.02761,0.97225
ATACTAGCATGACCCT-1,0.060659,0.122133,0.816,0.001208
ATACTCTCGCCACTCT-1,0.033323,0.002582,0.738211,0.225884
ATACTGCCTTACACCG-1,0.000017,0.652952,0.118162,0.228868
ATACTTGTTCTCGAGC-1,0.004315,0.008632,0.693347,0.293706
ATAGACAACGGGACCT-1,0.000056,0.159525,0.311997,0.528422
ATAGACGAAGAGAAAG-1,0.000043,0.242715,0.301225,0.456017
ATAGAGTACTGGGACA-1,0.000021,0.781863,0.016025,0.202091
ATAGAGTTATCAACTT-1,0.000066,0.306804,0.296167,0.396964
ATAGATTTGCAGTCGG-1,0.000021,0.570729,0.421702,0.007547
ATAGCAACTAGGGAAG-1,0.000038,0.471038,0.123558,0.405366
ATAGCCTCAGTACCCA-1,0.001291,0.002582,0.992255,0.003873
ATAGCTGCTCTTGTTA-1,0.00313,0.006263,0.796954,0.193653
ATAGGAATCTAAGCTT-1,0.000046,0.385919,0.220371,0.393663
ATAGGCGGCTATAGAA-1,0.000048,0.033175,0.526373,0.440404
ATAGGCTAGCTTCGCA-1,0.006344,0.334083,0.320249,0.339323
ATAGGGATATCCTTGA-1,0.000098,0.000197,0.734859,0.264846
ATAGGTTGGGCAGATG-1,0.0001,0.0002,0.999399,0.0003
ATAGTCTTTGACGTGC-1,0.000094,0.000188,0.999436,0.000282
ATAGTTCCACCCACTC-1,0.000056,0.151117,0.168747,0.68008
ATATAAAGCGCTCGTG-1,0.000198,0.424734,0.495354,0.079714
ATATAAATGTAGCTGC-1,0.000045,0.464515,0.359477,0.175964
ATATAACACGGGCGCA-1,0.000085,0.118287,0.170115,0.711513
ATATACGCTCGTGACG-1,0.001308,0.000139,0.086561,0.911992
ATATCAACCTACAGAG-1,0.000021,0.120045,0.000345,0.879589
ATATCGTGCCAGACCC-1,0.000121,0.017176,0.982339,0.000364
ATATCGTTCCTCGAAC-1,0.000017,0.89916,0.024736,0.076087
ATATCTCCCTCGTTAA-1,0.000284,0.000568,0.546763,0.452385
ATATCTTAGGGCCTTC-1,0.000124,0.000248,0.979971,0.019657
ATATGTCTAGAGCGTG-1,0.000156,0.614619,0.356326,0.028899
ATATGTCTCCCTAGCC-1,0.000077,0.113931,0.299072,0.58692
ATATTCAGTTAAACCT-1,0.000071,0.019253,0.489505,0.491171
ATATTCCACATAGTGA-1,0.000033,0.718452,0.208592,0.072923
ATATTGCTGTCAAAGT-1,0.000062,0.000124,0.863308,0.136506
ATCAAACACTGTTCCA-1,0.000029,0.133045,0.031026,0.835901
ATCAAACGAAGGTTTG-1,0.000038,0.053711,0.606143,0.340108
ATCAATCTGGGCTGCA-1,0.000108,0.122418,0.713595,0.163878
ATCAATGCCGTGGCTG-1,0.000754,0.275593,0.509562,0.21409
ATCACATTAGAATATC-1,0.008733,0.103289,0.687702,0.200277
ATCACGTGCTAATTAA-1,0.000054,0.126152,0.661898,0.211897
ATCACTTCATCCTCGC-1,0.023926,0.000229,0.975502,0.000343
ATCAGACGGCACGCCG-1,0.000054,0.185926,0.376813,0.437207
ATCAGCCTCATGCTGC-1,0.000042,0.507337,0.211178,0.281443
ATCAGCTCGTCCACTA-1,0.001626,0.003253,0.234477,0.760645
ATCAGGTCGCCATTGC-1,0.000048,0.18167,0.402228,0.416054
