Barcode,Topic 1,Topic 2to5,Topic 6to8
AAACAACGAATAGTTC-1,0.000121,0.503149,0.49673
AAACAAGTATCTCCCA-1,0.000048,0.731453,0.2685
AAACACCAATAACTGC-1,0.000029,0.553472,0.4465
AAACAGAGCGACTCCT-1,0.000239,0.334252,0.665509
AAACAGCTTTCAGAAG-1,0.000033,0.705923,0.294044
AAACAGGGTCTATATT-1,0.000041,0.020461,0.979498
AAACATGGTGAGAGGA-1,0.000083,0.071376,0.928541
AAACATTTCCCGGATT-1,0.002458,0.239424,0.758119
AAACCACTACACAGAT-1,0.000034,0.657525,0.34244
AAACCCGAACGAAATC-1,0.000023,0.638623,0.361353
AAACCGGAAATGTTAA-1,0.00003,0.630589,0.369381
AAACCGGGTAGGTACC-1,0.000026,0.679827,0.320147
AAACCGTTCGTCCAGG-1,0.012873,0.449174,0.537953
AAACCTAAGCAGCCGG-1,0.000054,0.000217,0.999729
AAACCTCATGAAGTTG-1,0.000084,0.707443,0.292473
AAACGAAGATGGAGTA-1,0.000434,0.768573,0.230993
AAACGACAGTCTTGCC-1,0.000042,0.630559,0.369399
AAACGAGACGGTTGAT-1,0.000034,0.000137,0.999829
AAACGCCCGAGATCGG-1,0.000242,0.76847,0.231288
AAACGGGCGTACGGGT-1,0.000031,0.335517,0.664452
AAACGGGTTGGTATCC-1,0.009143,0.484124,0.506734
AAACGTGTTCGCCCTA-1,0.000329,0.530223,0.469448
AAACTAACGTGGCGAC-1,0.000723,0.685342,0.313935
AAACTCGTGATATAAG-1,0.000027,0.56807,0.431903
AAACTGCTGGCTCCAA-1,0.013739,0.480721,0.50554
AAACTTAATTGCACGC-1,0.000259,0.085931,0.91381
AAACTTGCAAACGTAT-1,0.000093,0.353896,0.64601
AAAGAATGACCTTAGA-1,0.000025,0.231124,0.768851
AAAGAATGTGGACTAA-1,0.000077,0.659243,0.34068
AAAGACATGAAGTTTA-1,0.001181,0.392948,0.605871
AAAGACTGGGCGCTTT-1,0.032034,0.967493,0.000472
AAAGGCCCTATAATAC-1,0.00001,0.913856,0.086134
AAAGGCTACGGACCAT-1,0.000049,0.157438,0.842513
AAAGGCTCTCGCGCCG-1,0.000076,0.089254,0.91067
AAAGGGCAGCTTGAAT-1,0.000147,0.588177,0.411676
AAAGGTAAGCTGTACC-1,0.014899,0.550572,0.434529
AAAGGTCAACGACATG-1,0.053135,0.534114,0.412751
AAAGTAGCATTGCTCA-1,0.000043,0.231892,0.768065
AAAGTCGACCCTCAGT-1,0.000599,0.426221,0.573179
AAAGTGCCATCAATTA-1,0.00002,0.758507,0.241472
AAAGTGTGATTTATCT-1,0.000505,0.094499,0.904997
AAAGTTGACTCCCGTA-1,0.000238,0.962022,0.037741
AAATAACCATACGGGA-1,0.000026,0.467133,0.53284
AAATAAGGTAGTGCCC-1,0.000007,0.907367,0.092625
AAATACCTATAAGCAT-1,0.006669,0.458483,0.534847
AAATAGCTTAGACTTT-1,0.000004,0.999642,0.000355
AAATAGGGTGCTATTG-1,0.000018,0.351404,0.648578
AAATCCGATACACGCC-1,0.000015,0.544146,0.455839
AAATCGCGGAAGGAGT-1,0.00003,0.513933,0.486038
AAATCGTGTACCACAA-1,0.000099,0.216174,0.783727
AAATCTAGCCCTGCTA-1,0.000039,0.354239,0.645722
AAATCTGCCCGCGTCC-1,0.000026,0.674388,0.325586
AAATGATTCGATCAGC-1,0.000036,0.488923,0.511041
AAATGCTCGTTACGTT-1,0.000042,0.600354,0.399604
AAATGGCCCGTGCCCT-1,0.000138,0.158311,0.841551
AAATGTATCTTATCCC-1,0.000194,0.731214,0.268592
AAATTAATAAGCGCGA-1,0.000029,0.000114,0.999857
AAATTACACGACTCTG-1,0.000049,0.236675,0.763276
AAATTACCTATCGATG-1,0.000124,0.021734,0.978142
AAATTCCAGGTCCAAA-1,0.000018,0.602477,0.397505
AAATTGATAGTCCTTT-1,0.00007,0.435897,0.564033
AAATTGCGGCGGTTCT-1,0.000184,0.429874,0.569943
AAATTGGTGAGAAGCA-1,0.000235,0.364499,0.635266
AAATTTACCGAAATCC-1,0.001439,0.289215,0.709346
AAATTTGCGGGTGTGG-1,0.000042,0.905006,0.094952
AACAATACATTGTCGA-1,0.000026,0.648373,0.351601
AACAATTACTCTACGC-1,0.000044,0.575322,0.424634
AACACACGCTCGCCGC-1,0.000045,0.276229,0.723726
AACACGAGACGCGGCC-1,0.000064,0.415301,0.584635
AACAGCTGTGTGGCAA-1,0.000014,0.866541,0.133445
AACAGGATGGGCCGCG-1,0.000007,0.999971,0.000022
AACAGGTAGTATGGAT-1,0.000061,0.764569,0.23537
AACATAGCGTGTATCG-1,0.000067,0.399793,0.60014
AACATATCAACTGGTG-1,0.037904,0.920649,0.041446
AACATCGATACGTCTA-1,0.000593,0.834076,0.165331
AACATTGAAGTTGATC-1,0.000028,0.639952,0.36002
AACATTGGTCAGCCGT-1,0.000204,0.564841,0.434955
AACATTGTGACTCGAG-1,0.020461,0.510502,0.469037
AACCAAGACTTCTCTG-1,0.000244,0.392321,0.607435
AACCAGTATCACTCTT-1,0.000515,0.651336,0.348149
AACCATAGGGTTGAAC-1,0.000137,0.20601,0.793853
AACCATGGGATCGCTA-1,0.000128,0.466991,0.532881
AACCCATCCCATGATC-1,0.000238,0.091348,0.908413
AACCCGACAACCCGTG-1,0.003232,0.754297,0.242472
AACCCGAGCAGAATCG-1,0.000042,0.511788,0.48817
AACCCGATAGGGCTTC-1,0.002246,0.752002,0.245752
AACCCTACTGTCAATA-1,0.000759,0.428718,0.570523
AACCGCTAAGGGATGC-1,0.000108,0.000431,0.999461
AACCTAAAGCCGTCCG-1,0.00301,0.300601,0.696389
AACCTCGCTTTAGCCC-1,0.000007,0.977745,0.022247
AACCTGTCACGGAATT-1,0.000028,0.522814,0.477158
AACCTTTAAATACGGT-1,0.005393,0.064199,0.930408
AACCTTTACGACGTCT-1,0.000074,0.31795,0.681976
AACGAAAGTCGTCCCA-1,0.000031,0.14952,0.850449
AACGACCTCCTAGCCG-1,0.000408,0.886285,0.113307
AACGATATGTCAACTG-1,0.00003,0.00637,0.993601
AACGCATGATCTGGGT-1,0.000107,0.572977,0.426916
AACGCGAACGGCAACA-1,0.000107,0.452755,0.547138
AACGCGACCTTGGGCG-1,0.000131,0.579977,0.419892
AACGCTGTTGCTGAAA-1,0.00043,0.443411,0.556159
AACGGACGTACGTATA-1,0.000057,0.112377,0.887566
AACGGCCATCTCCGGT-1,0.001681,0.38376,0.614559
AACGTACTGTGGGTAC-1,0.000056,0.520005,0.479939
AACGTCAGACTAGTGG-1,0.033466,0.643212,0.323322
AACGTGATGAAGGACA-1,0.000026,0.102754,0.89722
AACGTGCGAAAGTCTC-1,0.00003,0.027103,0.972867
AACGTTATCAGCACCT-1,0.000032,0.003545,0.996423
AACTACCCGTTTGTCA-1,0.000051,0.604115,0.395834
AACTAGGCTTGGGTGT-1,0.00006,0.000239,0.999701
AACTCCAGAGCGTGTT-1,0.000072,0.182976,0.816951
AACTCCTAATCCCATG-1,0.000051,0.76759,0.232359
AACTCGATAAACACGT-1,0.001223,0.483772,0.515005
AACTCGATGGCGCAGT-1,0.000144,0.568458,0.431398
AACTCTCAATAGAGCG-1,0.000835,0.273949,0.725216
AACTCTCAGTGTGCTC-1,0.005232,0.343019,0.651749
AACTGAGGTCAGCGTC-1,0.001018,0.732375,0.266608
AACTGAGTTATACTGA-1,0.015858,0.591427,0.392715
AACTGGGTTCGAGCCG-1,0.001159,0.604621,0.394219
AACTTCTGCGTCTATC-1,0.000031,0.800382,0.199587
AACTTGCCCGTATGCA-1,0.000078,0.656726,0.343197
AACTTGCGTTCTCGCG-1,0.000023,0.804367,0.19561
AACTTTACGGGAGCTT-1,0.000135,0.107493,0.892372
AAGAAAGTTTGATGGG-1,0.000145,0.128804,0.871051
AAGAAATCACCAGATT-1,0.120767,0.569975,0.309258
AAGAAGGATCAGTTAG-1,0.000048,0.538817,0.461135
AAGACATACGTGGTTT-1,0.000012,0.901484,0.098504
AAGACCAAATAACTCA-1,0.000086,0.142293,0.857621
AAGACCCAACTGAACA-1,0.000048,0.000192,0.99976
AAGACTAACCCGTTGT-1,0.000111,0.464939,0.53495
AAGACTCACGCCCACT-1,0.000611,0.442355,0.557034
AAGAGATGAATCGGTA-1,0.000009,0.953628,0.046363
AAGAGCTCTTTATCGG-1,0.000017,0.300466,0.699517
AAGAGGATGTACGCGA-1,0.00003,0.410032,0.589937
AAGAGGCATGGATCGC-1,0.000036,0.004684,0.99528
AAGAGGCCCTTTGGAA-1,0.000037,0.545246,0.454717
AAGATGGCACCGGACC-1,0.000034,0.5378,0.462166
AAGATTGGCGGAACGT-1,0.000058,0.208475,0.791467
AAGCATACTCTCCTGA-1,0.008438,0.077498,0.914064
AAGCCGAAGCGGTTTA-1,0.000057,0.295796,0.704147
AAGCCGCCGTGAAATC-1,0.000018,0.70315,0.296832
AAGCCGCTTTACCTTG-1,0.368516,0.400365,0.231119
AAGCCGGAGAGCAGGA-1,0.000031,0.631422,0.368547
AAGCGGAGTGCGCGCA-1,0.029754,0.552001,0.418245
AAGCGGCGTCATGGGT-1,0.000313,0.452987,0.5467
AAGCGTCCCTCATCGA-1,0.021925,0.59155,0.386525
AAGCTAGATCGAGTAA-1,0.010964,0.317377,0.671659
AAGCTATGGATTGACC-1,0.008325,0.336108,0.655567
AAGCTCGTGCCAAGTC-1,0.000072,0.242213,0.757715
AAGCTCTTTCATGGTG-1,0.000031,0.153512,0.846457
AAGGATCGATCGCTTG-1,0.000029,0.579288,0.420682
AAGGATGAGGGACCTC-1,0.000085,0.000341,0.999574
AAGGCAGGCTGTCTCC-1,0.006821,0.656199,0.336979
AAGGCGCGTAAAGCTT-1,0.493307,0.369309,0.137384
AAGGGAACGACTGGCT-1,0.000039,0.313149,0.686812
AAGGGACAGATTCTGT-1,0.000062,0.353167,0.646771
AAGGGACTATGCATTC-1,0.000037,0.352751,0.647211
AAGGGTTAGCCATGCG-1,0.004994,0.403793,0.591213
AAGGGTTTGATTTCAG-1,0.00004,0.497196,0.502764
AAGGTATCCTAATATA-1,0.00003,0.281088,0.718882
AAGGTGATAAACCAGC-1,0.000137,0.376729,0.623134
AAGTAGTGACGCGAGG-1,0.000024,0.563124,0.436852
AAGTCAATTGTCGTCA-1,0.000041,0.505468,0.494492
AAGTCTAGTAGCTGCC-1,0.036531,0.583828,0.379641
AAGTCTTCTGTGGCCT-1,0.000152,0.184014,0.815834
AAGTGACGACCGAATT-1,0.000042,0.468677,0.531281
AAGTGAGTCGGGTTTA-1,0.000171,0.26368,0.736149
AAGTGCAAAGGTAGAC-1,0.000033,0.086998,0.912969
AAGTGCCTTGACTGTA-1,0.000035,0.361896,0.63807
AAGTGCGTTAGAATCT-1,0.000036,0.550784,0.44918
AAGTGTTTGGAGACGG-1,0.000017,0.696081,0.303902
AAGTTCACTCCAAGCT-1,0.000031,0.224859,0.775111
AAGTTCAGTCTGCGTA-1,0.000386,0.517051,0.482563
AAGTTCGGCCAACAGG-1,0.000959,0.2711,0.727941
AAGTTGTGATGTTATA-1,0.000014,0.982627,0.017358
AATAACAACGCTCGGC-1,0.000009,0.875895,0.124096
AATAACACTAGAACAA-1,0.002695,0.304636,0.692669
AATAATCTTCGTATCG-1,0.000033,0.479531,0.520436
AATACAATGTTTCAGG-1,0.000072,0.437716,0.562213
AATACCGGAGGGCTGT-1,0.00004,0.58535,0.414609
AATAGAACAGAGTGGC-1,0.001239,0.53773,0.461031
AATAGAATCTGTTTCA-1,0.000035,0.236649,0.763316
AATAGCAAGCCTCCTG-1,0.000614,0.539321,0.460064
AATAGCTACCGCGTGC-1,0.000154,0.8254,0.174447
AATAGTCCGTCCCGAC-1,0.00006,0.225363,0.774577
AATAGTCGCGAGTCGG-1,0.000026,0.162592,0.837382
AATATCCTAGCAAACT-1,0.000035,0.668134,0.331831
AATATCGAATCAATGC-1,0.000049,0.453577,0.546374
AATATCGAGGGTTCTC-1,0.000028,0.999889,0.000084
AATATTGGAGTATTGA-1,0.000441,0.636855,0.362704
AATCAGACTGCAGGAC-1,0.000059,0.519291,0.48065
AATCATGTAAAGACTC-1,0.000039,0.329017,0.670944
AATCCATGCAAGGGTG-1,0.000026,0.80027,0.199704
AATCGAGGTCTCAAGG-1,0.050838,0.272506,0.676656
AATCGCCTCAGCGCCA-1,0.000045,0.00018,0.999775
AATCGCGCAGAGGACT-1,0.000437,0.633589,0.365973
AATCGTGAGCCGAGCA-1,0.000067,0.142286,0.857648
AATCTAGGTTTACTTG-1,0.000054,0.409999,0.589947
AATCTATGCCGGAGCC-1,0.000017,0.830551,0.169432
AATCTCTACTGTGGTT-1,0.000362,0.513754,0.485885
AATCTGCGTTGGGACG-1,0.000105,0.819161,0.180735
AATCTGGCTTTCTAGT-1,0.000095,0.120927,0.878978
AATCTGGGTAGACCCT-1,0.001118,0.302376,0.696507
AATGACAGCAATGTCT-1,0.000059,0.336539,0.663402
AATGACGTAGGATGTC-1,0.000019,0.358701,0.64128
AATGAGTTCGCATATG-1,0.000033,0.215632,0.784335
AATGATGATACGCTAT-1,0.000102,0.230515,0.769383
AATGATGCGACTCCTG-1,0.000151,0.900658,0.099191
AATGCACCAAGCAATG-1,0.00018,0.620701,0.379119
AATGGCCGCCAATGCG-1,0.000096,0.763496,0.236408
AATGGTCCACCGTTCA-1,0.000253,0.506035,0.493712
AATGGTTCTCACAAGC-1,0.000072,0.437627,0.562301
AATGTATGGCACTGTA-1,0.000129,0.02054,0.979331
AATGTGCCCGAGGTGT-1,0.000062,0.489384,0.510554
AATGTGCTAATCTGAG-1,0.000023,0.764395,0.235582
AATGTTAAGACCCTGA-1,0.000096,0.594995,0.404909
AATGTTGTCGTGAGAC-1,0.000013,0.966546,0.033442
AATTAACGGATTTCCA-1,0.000076,0.000303,0.999622
AATTACGAGACCCATC-1,0.000051,0.089075,0.910873
AATTACTCGTACGCTC-1,0.00003,0.276315,0.723655
AATTAGCGCTGCAGCG-1,0.009485,0.023958,0.966557
AATTATACCCAGCAAG-1,0.000027,0.374508,0.625464
AATTCATAAGGGATCT-1,0.000095,0.067552,0.932352
AATTCATTGTCATGCA-1,0.000051,0.33854,0.66141
AATTCCAACTTGGTGA-1,0.000394,0.05671,0.942897
AATTCGATTCGAGGAT-1,0.004376,0.402181,0.593444
AATTCTAGAGTTAGGC-1,0.008573,0.054214,0.937213
AATTGAACGCTCTGGT-1,0.000284,0.414088,0.585627
AATTGCAGCAATCGAC-1,0.000041,0.453234,0.546725
AATTGCGTGGATTACA-1,0.000121,0.446148,0.553731
AATTGTGGTTGCCAAA-1,0.000009,0.813102,0.186889
AATTTGGGACATAGTA-1,0.000096,0.200961,0.798943
ACAAACCATGCGTCCT-1,0.00002,0.574406,0.425574
ACAAACCGACAAGGCG-1,0.000028,0.18275,0.817222
ACAAAGAAGGTAGGCC-1,0.000021,0.101616,0.898363
ACAAAGCATGACCTAG-1,0.000023,0.891001,0.108976
ACAAATCGCACCGAAT-1,0.000019,0.235161,0.76482
ACAAATGGTAGTGTTT-1,0.000547,0.571566,0.427888
ACAAATTCAGATCTGA-1,0.000662,0.512671,0.486667
ACAACGGTCCCTGCGA-1,0.000028,0.468981,0.530991
ACAAGCAGTGCCTAGC-1,0.000171,0.686048,0.313781
ACAAGCTATATGGAAG-1,0.000016,0.196439,0.803545
ACAAGGAAATCCGCCC-1,0.000024,0.488949,0.511027
ACAAGGACAAGAGGTT-1,0.000015,0.772908,0.227076
ACAAGGATGCTTTAGG-1,0.000038,0.449283,0.550679
ACAAGGCCTACCAGCC-1,0.000375,0.524638,0.474987
ACAAGGGCAGGCTCTG-1,0.000013,0.426439,0.573548
ACAATAGTCGTACGTT-1,0.000125,0.179442,0.820433
ACAATCCATTTAAACC-1,0.000026,0.271951,0.728023
ACAATGAATACGGAGA-1,0.000043,0.408318,0.591639
ACAATGATTCTTCTAC-1,0.000169,0.55797,0.44186
ACAATTGTGTCTCTTT-1,0.000058,0.426868,0.573074
ACAATTTAGGAGGCTC-1,0.000058,0.247452,0.75249
ACAATTTGAGCAGTGG-1,0.000045,0.00018,0.999775
ACACAAATATTCCTAG-1,0.026983,0.408644,0.564373
ACACACCAGGACCAGT-1,0.00018,0.634521,0.3653
ACACATGATCAAATCT-1,0.00005,0.734992,0.264958
ACACATTGACGCAACA-1,0.00002,0.37285,0.62713
ACACCACATAATTAGC-1,0.000006,0.939892,0.060102
ACACCCGAGAAATCCG-1,0.03639,0.704258,0.259352
ACACCGAGCGCTCTTT-1,0.000066,0.536138,0.463796
ACACCGGTCTGACCGC-1,0.000014,0.957709,0.042277
ACACCTTACTACTTGC-1,0.002105,0.870142,0.127753
ACACGTAGGCCACAAG-1,0.000025,0.748561,0.251414
ACACTCCAATGTCACT-1,0.000044,0.244796,0.75516
ACACTGATCAAGGTGT-1,0.015434,0.154907,0.829659
ACACTGGGACAGTCGT-1,0.000013,0.99992,0.000067
ACAGAACTGAGAACAA-1,0.00003,0.634008,0.365962
ACAGCGACATTCTCAT-1,0.000041,0.613989,0.385971
ACAGCGCACCCGCAGC-1,0.0001,0.380431,0.619469
ACAGGAGGCGCAGCCG-1,0.000049,0.483667,0.516283
ACAGGCACGGATCCTT-1,0.000037,0.575151,0.424812
ACAGGCTTGCCCGACT-1,0.000031,0.463788,0.536181
ACAGGTGGAGGTGAGG-1,0.013129,0.051963,0.934908
ACAGGTGTGTTGTTGC-1,0.000043,0.219654,0.780303
ACAGTAATACAACTTG-1,0.000294,0.269046,0.73066
ACAGTATACCGTGGGA-1,0.012236,0.612699,0.375065
ACATAAGTCGTGGTGA-1,0.230198,0.038331,0.731471
ACATCAGCTGGGACGC-1,0.000511,0.002044,0.997445
ACATCCCGGCCATACG-1,0.000046,0.000182,0.999772
ACATCCTGGTAACTGT-1,0.000049,0.487347,0.512604
ACATCGATCGTTTACC-1,0.003808,0.493052,0.50314
ACATCGGTCAGCCGCG-1,0.00774,0.480671,0.511589
ACATCGTATGCAATGG-1,0.000031,0.469903,0.530066
ACATCGTTAACCTAGT-1,0.000028,0.282329,0.717642
ACATCTCAACGCGTAA-1,0.000087,0.388058,0.611855
ACATGCTTACGGCAGC-1,0.000062,0.301181,0.698756
ACATGGCGCCAAAGTA-1,0.000027,0.860417,0.139556
ACATGGCTCAATTTAG-1,0.000032,0.679751,0.320217
ACATTAGTTTATATCC-1,0.001562,0.005743,0.992695
ACCAAACACCCAGCGA-1,0.000239,0.834177,0.165584
ACCAACACCACACACT-1,0.000041,0.733227,0.266731
ACCAACCGCACTCCAC-1,0.000036,0.614595,0.385369
ACCAACGCTTATTTAT-1,0.000024,0.514088,0.485887
ACCAAGTCATCGGCAG-1,0.00007,0.719155,0.280775
ACCAATATGCAAGTTA-1,0.001767,0.152738,0.845495
ACCACAACTCAGAACA-1,0.000029,0.412893,0.587078
ACCACACGGTTGATGG-1,0.019062,0.450806,0.530132
ACCACCAATGTAACAA-1,0.000028,0.52883,0.471142
ACCACCCTCTCTTCTA-1,0.028871,0.662324,0.308806
ACCACGTGCAGCTATA-1,0.000019,0.067763,0.932218
ACCACTGTTCAAGAAG-1,0.000024,0.101191,0.898785
ACCAGACCATAACAAC-1,0.000089,0.708579,0.291332
ACCAGTGCCCGGTCAA-1,0.000688,0.686235,0.313077
ACCAGTGCGGGAGACG-1,0.000403,0.462673,0.536924
ACCATCCGCCAACTAG-1,0.000054,0.367348,0.632598
ACCATTAAGGGTGTCA-1,0.000058,0.549631,0.450311
ACCCAACGCCCGTGGC-1,0.000057,0.133212,0.866732
ACCCACCTACATGCTC-1,0.000115,0.742095,0.25779
ACCCATCTTGAGGGTA-1,0.000079,0.489626,0.510296
ACCCATTTGTCCCTCT-1,0.000035,0.440652,0.559312
ACCCGAGCGAAATTAC-1,0.000029,0.609806,0.390164
ACCCGGAAACTCCCAG-1,0.000054,0.002675,0.997272
ACCCGGAGCACCACAA-1,0.000027,0.678953,0.32102
ACCCGGATGACGCATC-1,0.005681,0.254706,0.739613
ACCCGTAGCAGAGAAT-1,0.000114,0.357104,0.642781
ACCCGTAGTCTAGTTG-1,0.000028,0.680382,0.31959
ACCCGTGTCATCAGTA-1,0.005506,0.018945,0.975548
ACCCTATAGGACTGAG-1,0.000049,0.413545,0.586406
ACCCTATGCCATATCG-1,0.00006,0.798856,0.201085
ACCCTCCCGTCAGGGC-1,0.000023,0.573336,0.426641
ACCCTCCCTTGCTATT-1,0.000029,0.041126,0.958845
ACCCTGGTAACGCCCT-1,0.002267,0.963411,0.034323
ACCCTTGCCTGGGTCG-1,0.040871,0.519855,0.439273
ACCCTTTAGTTCTCCA-1,0.000127,0.503252,0.496621
ACCGAAGAGTCTGGTT-1,0.00019,0.389061,0.610749
ACCGACACATCTCCCA-1,0.000052,0.103683,0.896266
ACCGAGTCTCCTTATT-1,0.000012,0.250041,0.749947
ACCGATAGGCATAACC-1,0.00003,0.535795,0.464175
ACCGATATTTAATCAT-1,0.000061,0.484541,0.515398
ACCGATGGTAGCATCG-1,0.000178,0.726391,0.273431
ACCGCAATAACTGCCT-1,0.000016,0.308747,0.691237
ACCGCGGTGGAAGTCG-1,0.00003,0.389918,0.610052
ACCGGGCCTTTGTTGA-1,0.000149,0.493123,0.506728
ACCGGTCAGGTACACC-1,0.000194,0.207599,0.792207
ACCGGTCTGAGTACGG-1,0.00107,0.314326,0.684604
ACCGTCCACTGGGCCC-1,0.000647,0.432002,0.56735
ACCGTGACCACGTGGG-1,0.000018,0.985014,0.014968
ACCTAAGTACCTTTCA-1,0.000076,0.360765,0.63916
ACCTAATCGACTTCCT-1,0.000021,0.626525,0.373454
ACCTACAGTATGTGGT-1,0.000028,0.494613,0.505358
ACCTCCGCCCTCGCTG-1,0.000054,0.504157,0.495788
ACCTCCGTTATTCACC-1,0.000014,0.878886,0.121101
ACCTCGAACTTATGCT-1,0.000022,0.787972,0.212006
ACCTGCGTGTCATGTT-1,0.000132,0.67363,0.326238
ACGAAATGGGCGGCAC-1,0.000042,0.999832,0.000126
ACGACCCATGAGTTGC-1,0.000034,0.61322,0.386746
ACGACTCTAGGGCCGA-1,0.00002,0.672536,0.327444
ACGACTGGTCATACTC-1,0.000022,0.621968,0.378009
ACGAGATATTTGCTTA-1,0.000028,0.693089,0.306882
ACGAGGATACCACTCT-1,0.000046,0.697197,0.302757
ACGAGGTTTACAACGT-1,0.000577,0.334438,0.664985
ACGAGTACGGATGCCC-1,0.000012,0.993576,0.006411
ACGAGTCGCCGGCGTT-1,0.000014,0.752007,0.247978
ACGATACATAGAACTA-1,0.000163,0.388566,0.611271
ACGATACCTATCCTGA-1,0.000962,0.315906,0.683132
ACGATCATCTTGTAAA-1,0.000787,0.360214,0.638998
ACGCAAACTAATAGAT-1,0.000045,0.475537,0.524418
ACGCAATCACTACAGC-1,0.000022,0.703459,0.296519
ACGCATAAATGACATG-1,0.000101,0.823394,0.176505
ACGCATACGTTTACTA-1,0.00003,0.483973,0.515997
ACGCCTGACACGCGCT-1,0.000046,0.148368,0.851585
ACGCGAAGTCAGACGA-1,0.000065,0.000259,0.999676
ACGCGCTACACAGGGT-1,0.000032,0.478657,0.521311
ACGCGTTTCTTAAGAG-1,0.000023,0.307439,0.692538
ACGCTACTGAATGGGC-1,0.003973,0.433604,0.562422
ACGCTAGTGATACACT-1,0.002027,0.838162,0.159811
ACGCTGTGAGGCGTAG-1,0.001108,0.085328,0.913565
ACGCTTAGTGTCTCTC-1,0.001568,0.427042,0.57139
ACGGAATTTAGCAAAT-1,0.000054,0.67534,0.324606
ACGGACGCAGCGACAA-1,0.000039,0.418002,0.58196
ACGGACTCTCAAAGCG-1,0.000059,0.406941,0.593
ACGGAGCGCAAATTAC-1,0.000232,0.313079,0.686689
ACGGATGGTGCGGATA-1,0.000013,0.376568,0.623419
ACGGCACTTGCTTGGG-1,0.000065,0.00026,0.999675
ACGGCCAACATGGACT-1,0.000028,0.191471,0.808502
ACGGCGACGATGGGAA-1,0.000003,0.926778,0.073219
ACGGCTGGATGTAGAA-1,0.004112,0.789415,0.206473
ACGGGAGTGTCGGCCC-1,0.000045,0.27308,0.726875
ACGGGCGTATGCGACA-1,0.019868,0.67991,0.300222
ACGGGTCATGTGACTT-1,0.000019,0.352102,0.64788
ACGGGTTGTGACCTGT-1,0.000078,0.393282,0.606641
ACGGTACAGTTCAATG-1,0.000032,0.394183,0.605785
ACGGTCACCGAGAACA-1,0.006412,0.455164,0.538425
ACGTATTACTCCGATC-1,0.000118,0.86974,0.130143
ACGTCGGGCAACTCGG-1,0.000028,0.407281,0.592691
ACGTCTCGTTCCGGGA-1,0.00002,0.277821,0.722158
ACGTGACAAAGTAAGT-1,0.000008,0.557072,0.44292
ACGTGGTCGAATGTGC-1,0.000083,0.697818,0.3021
ACGTTATTGGTCACTC-1,0.000018,0.849272,0.15071
ACGTTCGCAATCAATT-1,0.000013,0.836945,0.163042
ACGTTCGTTCAGGAAA-1,0.000062,0.493884,0.506054
ACGTTCTGTACAAGTC-1,0.006022,0.485685,0.508294
ACGTTTCGGTGCACTT-1,0.000569,0.293448,0.705983
ACTAAGGACGCACACC-1,0.001361,0.652926,0.345713
ACTAATACGTCAGGCG-1,0.001626,0.255827,0.742547
ACTACATCCCGACAAG-1,0.000022,0.651597,0.348381
ACTACGCGTTAGAATT-1,0.000057,0.047515,0.952428
ACTAGTTGCGATCGTC-1,0.000051,0.680659,0.31929
ACTATATGCTGTGTTC-1,0.010272,0.685154,0.304574
ACTATCCAGGGCATGG-1,0.000027,0.454057,0.545916
ACTATCGCCGGCTAAA-1,0.000086,0.300364,0.699551
ACTATCTGCCCGCGTA-1,0.000069,0.735744,0.264187
ACTATGTCCAGCTGCC-1,0.000012,0.868174,0.131814
ACTATTTCCGGGCCCA-1,0.000041,0.694805,0.305154
ACTCAAGTGCAAGGCT-1,0.000043,0.246531,0.753426
ACTCATGGCAGCCTTC-1,0.000029,0.62577,0.374201
ACTCCAATATCATCAT-1,0.002134,0.627829,0.370037
ACTCCCATTCCTAAAG-1,0.00022,0.579962,0.419818
ACTCCCGAATTCGTTT-1,0.000072,0.673629,0.326299
ACTCCCGTAGACTAGG-1,0.021383,0.634981,0.343636
ACTCCCTAATGCTAAA-1,0.00012,0.340506,0.659374
ACTCCCTAGAATAGTA-1,0.007117,0.494335,0.498548
ACTCCGGCCGACCACT-1,0.000034,0.502443,0.497523
ACTCGATGTATTTCAT-1,0.000043,0.086591,0.913366
ACTCGCCGTTCGATAA-1,0.000024,0.597501,0.402475
ACTCGTAACCCGTCCT-1,0.001225,0.172236,0.82654
ACTCGTCAGTAATCCC-1,0.000054,0.000218,0.999728
ACTCTAAACCTGGGAT-1,0.000079,0.384549,0.615371
ACTCTCTGACTTAGGT-1,0.000024,0.526325,0.473651
ACTCTCTTATACACGA-1,0.000042,0.050557,0.949401
ACTCTGACCTAATAGA-1,0.000024,0.722813,0.277163
ACTGAAACGCCGTTAG-1,0.000476,0.384459,0.615065
ACTGAATGGCGAAAGT-1,0.000033,0.207848,0.792119
ACTGATTTAGTGATTC-1,0.000149,0.408897,0.590954
ACTGCCCGCCATTCTC-1,0.00005,0.610953,0.388997
ACTGCGGACACACCGT-1,0.00003,0.656753,0.343217
ACTGCTCGGAAGGATG-1,0.0001,0.03655,0.963349
ACTGGCGAACCTGCGT-1,0.000863,0.793873,0.205263
ACTGTACGATACACAT-1,0.000085,0.291811,0.708104
ACTGTAGCACTTTGGA-1,0.001516,0.695537,0.302947
ACTGTGCTAGTAGATC-1,0.006926,0.745081,0.247993
ACTTACCGGGCGCGCA-1,0.000692,0.564039,0.43527
ACTTACGCATCCACGC-1,0.00115,0.735294,0.263556
ACTTAGTACGACAAGA-1,0.000068,0.731456,0.268476
ACTTATACTTACCCGG-1,0.000116,0.683563,0.316321
ACTTATTTATGTGCCA-1,0.000073,0.440134,0.559793
ACTTCAGGCTGATCCC-1,0.000026,0.13833,0.861644
ACTTCCAGTGGAAGCT-1,0.000025,0.336101,0.663874
ACTTCCATGCGGGACA-1,0.000082,0.066849,0.933069
ACTTCGCCATACGCAC-1,0.000083,0.42948,0.570438
ACTTGCTCTATCTACC-1,0.000057,0.612843,0.3871
ACTTGTAGTCCCTTCA-1,0.000035,0.405964,0.594001
ACTTGTGGATGGAACG-1,0.000067,0.272789,0.727144
ACTTTACCCTCATGAA-1,0.000194,0.564253,0.435553
ACTTTATACACCACTT-1,0.000349,0.493369,0.506282
ACTTTGACTGCATCCT-1,0.000768,0.443929,0.555303
ACTTTGGTCGTGCTCC-1,0.001346,0.264497,0.734157
ACTTTGTCGACGCACT-1,0.00005,0.633849,0.366101
AGAAATTATGACTCGC-1,0.000034,0.501493,0.498473
AGAACACGGCGATGGT-1,0.014664,0.269132,0.716204
AGAACCCTCAATTGGG-1,0.000086,0.180007,0.819907
AGAACTGTACTTTGTA-1,0.000059,0.56642,0.433521
AGAAGAGCGCCGTTCC-1,0.003576,0.347559,0.648865
AGAAGGTACACTTCAC-1,0.00059,0.158108,0.841302
AGAAGGTTGTAGGTCG-1,0.000075,0.652377,0.347548
AGAAGTGATTCGTGAT-1,0.000052,0.140497,0.85945
AGAATAAATCTTCAGG-1,0.000285,0.976243,0.023472
AGAATGCGGGTTCGGA-1,0.000808,0.266354,0.732839
AGAATTATGGATTCGA-1,0.000077,0.802964,0.196959
AGAATTGTTTGACATA-1,0.000024,0.743415,0.256561
AGACAGCTCAGAATCC-1,0.000031,0.080466,0.919503
AGACAGGCATCTCAGC-1,0.000037,0.689147,0.310816
AGACCAAACCACACCT-1,0.000019,0.710634,0.289347
AGACCATGGGATACAA-1,0.00002,0.85208,0.1479
AGACCCACCGCTGATC-1,0.009031,0.139344,0.851625
AGACCGCTCCGCGGTT-1,0.001425,0.914979,0.083596
AGACCGGGAAACCCTG-1,0.000142,0.847714,0.152144
AGACGAAGTGCCGGTC-1,0.000112,0.664942,0.334946
AGACGACGATGCCGCT-1,0.000066,0.245875,0.75406
AGACGCCCACTTCGCC-1,0.000033,0.760146,0.239821
AGACGGGATTGGTATA-1,0.000052,0.169701,0.830247
AGACGGGCCGATTTAA-1,0.000632,0.648417,0.350951
AGACTGTTACCGGGTC-1,0.004038,0.749183,0.24678
AGAGAACCGTCTAGGA-1,0.000042,0.290817,0.709141
AGAGAAGGAGTACAAT-1,0.000028,0.812844,0.187129
AGAGATCTCTAAAGCG-1,0.000107,0.834282,0.165611
AGAGCAGTTATGAGAC-1,0.000464,0.256678,0.742859
AGAGCCGCCGAGATTT-1,0.000038,0.654744,0.345218
AGAGCGCTTGTAACGG-1,0.050318,0.319999,0.629682
AGAGCGTACAAGCTCG-1,0.000032,0.458878,0.54109
AGAGCTACGAAAGCAT-1,0.002609,0.528324,0.469068
AGAGGCTTCGGAAACC-1,0.000045,0.723861,0.276094
AGAGGGACAATTGTCC-1,0.002772,0.450862,0.546366
AGAGTAAACTTCACTA-1,0.00004,0.177862,0.822098
AGAGTCTTAATGAAAG-1,0.0039,0.327726,0.668374
AGAGTTAGAGACCGAT-1,0.000684,0.401493,0.597823
AGAGTTGCAGGCCTCC-1,0.014306,0.419913,0.565781
AGATAATCACACCTAT-1,0.000048,0.258272,0.74168
AGATACCAATAGAACC-1,0.00003,0.535924,0.464046
AGATACCAGCACTTCA-1,0.000378,0.711645,0.287976
AGATACCGGTGTTCAC-1,0.000065,0.309622,0.690312
AGATACGACTTCATAT-1,0.000029,0.904887,0.095085
AGATACTCAAGATCGA-1,0.000078,0.671232,0.32869
AGATCGTGCATAAGAT-1,0.020645,0.317408,0.661947
AGATCTCAGGTGTGAT-1,0.000012,0.799137,0.20085
AGATCTGGAGAGGATA-1,0.000214,0.35605,0.643736
AGATGAGGGTTGCGAT-1,0.000962,0.821323,0.177715
AGATGATGGAGTCTGG-1,0.000036,0.646326,0.353638
AGATGCAAGACGTGCA-1,0.000033,0.688714,0.311253
AGATGCATCCTGTGTC-1,0.000023,0.347023,0.652954
AGATGCTATAACGAGC-1,0.000017,0.326234,0.673749
AGATTCAAGCGGGTCG-1,0.00007,0.518363,0.481567
AGATTCACAACCGATA-1,0.00033,0.427902,0.571767
AGCAACATATCTTATT-1,0.000103,0.303111,0.696786
AGCAACCGAAAGTAAT-1,0.000043,0.175811,0.824146
AGCACACGTTTAGACT-1,0.000065,0.56166,0.438274
AGCACTACCGGCCTGT-1,0.000258,0.998967,0.000775
AGCACTACCTCACCAG-1,0.000047,0.000189,0.999763
AGCACTTAAGGACGCC-1,0.00001,0.841523,0.158468
AGCAGCCAGATGAATA-1,0.000024,0.027294,0.972682
AGCAGTCGAAGCATGC-1,0.000022,0.816503,0.183475
AGCATATCAATATGCT-1,0.000224,0.037679,0.962098
AGCATCATTTCGAAAG-1,0.000058,0.011863,0.988079
AGCATTACGAGGCAAG-1,0.000023,0.883064,0.116913
AGCCAAGCTTTGTGTC-1,0.000146,0.047623,0.952231
AGCCACAGGTTACCCG-1,0.000034,0.000766,0.999199
AGCCACTCCCGTGCTT-1,0.000034,0.182887,0.817079
AGCCCATACATGTAAG-1,0.00003,0.486009,0.513961
AGCCCGGCATTAGAGG-1,0.001078,0.614604,0.384318
AGCCCGGTAGCCTGTA-1,0.001408,0.050771,0.947821
AGCCCTCCCTGGTGGC-1,0.000021,0.705477,0.294502
AGCCCTTCTAATCCGA-1,0.000178,0.852015,0.147807
AGCCCTTGGACATCCC-1,0.000025,0.993827,0.006148
AGCCGCAAATTCAAAT-1,0.000017,0.042659,0.957324
AGCCGCTTGATTAGCG-1,0.000098,0.410826,0.589076
AGCCGTGGCTAAATGT-1,0.00006,0.289767,0.710172
AGCCTAATACCCACGT-1,0.001204,0.08137,0.917426
AGCCTTAAAGCGGAAG-1,0.000036,0.281027,0.718937
AGCCTTGTCACTGATA-1,0.000051,0.404981,0.594968
AGCGACAGGAACGGTC-1,0.000028,0.664637,0.335335
AGCGAGACGTGAAGGC-1,0.000046,0.606193,0.393761
AGCGATGCGCCTAATA-1,0.000014,0.709275,0.290711
AGCGCATAATGAATCG-1,0.000053,0.072793,0.927154
AGCGCGGGTGCCAATG-1,0.000053,0.486823,0.513124
AGCGCTTATGGGCAAG-1,0.000835,0.248907,0.750258
AGCGGACACTTCGTAG-1,0.047337,0.134037,0.818626
AGCGGCGGTTAGCGGT-1,0.000632,0.002529,0.996838
AGCGGTTGAGATGTAC-1,0.00037,0.959109,0.04052
AGCGGTTGCCGCTCTG-1,0.000118,0.631128,0.368754
AGCGTACGAGAGCTAG-1,0.000046,0.972042,0.027912
AGCGTAGCGCTAGACC-1,0.000144,0.536765,0.46309
AGCGTTCCGATTTAAA-1,0.000025,0.864221,0.135753
AGCTAACAAGCAATGT-1,0.00003,0.537141,0.462828
AGCTAAGTACGCAGGC-1,0.000075,0.075781,0.924144
AGCTAGAAGCAGAAGT-1,0.021991,0.736039,0.241971
AGCTCCATATATGTTC-1,0.000025,0.917947,0.082027
AGCTCCTTCGCACATC-1,0.004595,0.24653,0.748875
AGCTCGTTGATGGAAA-1,0.003687,0.546397,0.449917
AGCTCTAGACGTTCCA-1,0.000011,0.507805,0.492184
AGCTCTTCCCAGTGCA-1,0.000056,0.11229,0.887654
AGCTCTTCGTAACCTT-1,0.000037,0.537925,0.462038
AGCTGAAGTAAACCAA-1,0.000033,0.114463,0.885504
AGCTGCATTTGAGGTG-1,0.000106,0.518445,0.481449
AGCTGCTGTGCCGAAT-1,0.000039,0.757322,0.242639
AGCTGTAACCTCAATC-1,0.000051,0.707706,0.292242
AGCTTCAATACTTTGA-1,0.000078,0.061037,0.938885
AGCTTCTTCTCGAGCA-1,0.000017,0.953431,0.046552
AGCTTGATCAGGGTAG-1,0.000062,0.513032,0.486906
AGCTTGATCTTAACTT-1,0.000051,0.776272,0.223677
AGGAAAGCCTCTGATG-1,0.000085,0.910891,0.089024
AGGAACGAACGACTTC-1,0.001854,0.719354,0.278791
AGGAAGCTGTCCGCCG-1,0.000053,0.000214,0.999733
AGGACAGTCGAATCCC-1,0.000086,0.817738,0.182176
AGGACATCGCACGTCG-1,0.000076,0.494165,0.505759
AGGACATCGGCACACT-1,0.000026,0.799737,0.200237
AGGACGCTCGATGTTG-1,0.000711,0.342589,0.656699
AGGACTTATAGGAGAA-1,0.000091,0.435327,0.564582
AGGAGGCCTTCGCGCG-1,0.000029,0.472721,0.52725
AGGATAAAGTCGGGAT-1,0.006057,0.011355,0.982588
AGGATATAGGGATTTA-1,0.001715,0.006862,0.991423
AGGATATCCGACTGCA-1,0.000025,0.453619,0.546356
AGGATCACGCGATCTG-1,0.001108,0.224823,0.774069
AGGCAATACGGAGGAC-1,0.000093,0.50983,0.490077
AGGCACGTGACTGTCC-1,0.000052,0.569315,0.430633
AGGCAGATGCGTAAAC-1,0.000033,0.303008,0.696959
AGGCAGGGAGCGTACT-1,0.000034,0.180238,0.819728
AGGCATTGTCGTAGGG-1,0.048979,0.326143,0.624877
AGGCCACCCGTTATGA-1,0.000033,0.733428,0.266539
AGGCCCAGTGACTGGT-1,0.003638,0.095135,0.901226
AGGCCCTAGAACGCCA-1,0.000024,0.52723,0.472746
AGGCCTGAGAATCTCG-1,0.00006,0.173849,0.826091
AGGCGATAACTGGCGT-1,0.000026,0.740777,0.259197
AGGCGGTTTGTCCCGC-1,0.000037,0.415243,0.58472
AGGCGTCTATGGACGG-1,0.000176,0.919844,0.07998
AGGCTATGGTTAGCTT-1,0.000087,0.667328,0.332585
AGGCTTCCCGAAGAAG-1,0.00345,0.492419,0.504131
AGGCTTGCTAGACACC-1,0.000033,0.790112,0.209855
AGGGAAACGAGGTACT-1,0.00007,0.268685,0.731245
AGGGACCGGCTGCGTT-1,0.00002,0.652736,0.347244
AGGGACTCTACGCGAC-1,0.000028,0.000113,0.999859
AGGGAGACATACTTCG-1,0.000011,0.756531,0.243458
AGGGCAGCGGCGTGGT-1,0.000089,0.461074,0.538837
AGGGCCCTAATGTTCT-1,0.000023,0.770248,0.229729
AGGGCGAGCAGCTGAT-1,0.000054,0.353749,0.646196
AGGGTCAGAGCACTCG-1,0.000515,0.835999,0.163486
AGGGTCAGTAACCCTA-1,0.000372,0.896161,0.103466
AGGGTCGATGCGAACT-1,0.00729,0.332802,0.659908
AGGGTCTGGACGCAGT-1,0.000026,0.768014,0.23196
AGGGTGCCGTTCTTTA-1,0.000038,0.629772,0.37019
AGGGTGCTCTCGAGGG-1,0.000645,0.140422,0.858933
AGGGTGGATAGTGCAT-1,0.000066,0.000263,0.999671
AGGGTGTGCTACACGC-1,0.000117,0.647364,0.352519
AGGGTTCCCTTTGGTT-1,0.000087,0.148201,0.851712
AGGTACGATATTGCCA-1,0.264178,0.735798,0.000024
AGGTAGATCGAGATAT-1,0.001835,0.83806,0.160105
AGGTAGGTACAAAGCT-1,0.000022,0.585128,0.414849
AGGTATAATTGATAGT-1,0.000017,0.700958,0.299026
AGGTCAGGTGAGAGTG-1,0.000052,0.467955,0.531994
AGGTCGCCTCCCAACA-1,0.000029,0.613429,0.386543
AGGTCGCGGAGTTACT-1,0.000097,0.666164,0.333739
AGGTGCACGTCCACAT-1,0.000031,0.852246,0.147722
AGGTGGTGACCTTCGC-1,0.000251,0.001004,0.998745
AGGTGTATCGCCATGA-1,0.000355,0.329415,0.670231
AGGTGTTGCCGACCAC-1,0.000026,0.711619,0.288355
AGGTTACACCATGCCG-1,0.000016,0.541896,0.458088
AGGTTCTCCTTTCCGG-1,0.000079,0.000316,0.999605
AGTAACGTTCATCCTG-1,0.001626,0.559828,0.438546
AGTAATCTAAGGGTGG-1,0.000036,0.428595,0.57137
AGTAATTTGCAAGCGT-1,0.000036,0.787492,0.212472
AGTACAGAAGCTTATA-1,0.031731,0.510517,0.457753
AGTACATCATTTATCA-1,0.000019,0.963771,0.03621
AGTACCTTCGAGTGCT-1,0.001407,0.504541,0.494052
AGTACGGCCCGTATCG-1,0.00062,0.87324,0.12614
AGTACGGGCACCTGGC-1,0.000241,0.360672,0.639087
AGTACGTGGCCTGTCT-1,0.001001,0.476015,0.522983
AGTACTCTTATGCCCA-1,0.002064,0.521311,0.476625
AGTAGCTAGACGCCGA-1,0.00011,0.99956,0.00033
AGTAGGAAGGAAGTTG-1,0.0001,0.872789,0.127111
AGTATAATACTAGGCA-1,0.000009,0.845196,0.154795
AGTATACACAGCGACA-1,0.000022,0.627484,0.372495
AGTATCCATAATAACG-1,0.000067,0.598615,0.401318
AGTATGCTGGAGACCA-1,0.00135,0.585904,0.412746
AGTATTTGGCACGACC-1,0.000045,0.000181,0.999773
AGTCAAGATGACACTT-1,0.000044,0.289973,0.709984
AGTCACTAGCTCTCGA-1,0.00004,0.206483,0.793477
AGTCAGCCACCGCCTG-1,0.000058,0.544381,0.45556
AGTCCAGCGGGTACGT-1,0.00018,0.423576,0.576244
AGTCCATTGGCTGATG-1,0.000352,0.667417,0.332232
AGTCCCGCCTTTAATT-1,0.000042,0.637985,0.361973
AGTCGAAACGATTCAG-1,0.000029,0.176047,0.823924
AGTCGACGGTCTCAAG-1,0.000224,0.999106,0.000671
AGTCGGCCCAAACGAC-1,0.00862,0.620488,0.370892
AGTCGGCTCAACTTTA-1,0.000047,0.344484,0.655469
AGTCGGTTGCGTGAGA-1,0.000028,0.528693,0.471279
AGTCGTATAAAGCAGA-1,0.000034,0.044003,0.955963
AGTCGTCGACCACCAA-1,0.000078,0.239827,0.760096
AGTCGTGGGCATTACG-1,0.000046,0.695371,0.304583
AGTCTAAAGTATACTC-1,0.00002,0.832857,0.167123
AGTCTCACAAGACTAC-1,0.000062,0.305865,0.694073
AGTCTGGACATCCTTG-1,0.000044,0.048008,0.951948
AGTCTTTAAAGTGTCC-1,0.000039,0.303312,0.696649
AGTGAACAAACTTCTC-1,0.000047,0.168611,0.831342
AGTGAAGATGGTGTCC-1,0.018041,0.87622,0.105738
AGTGACTGTGACACAA-1,0.00002,0.82185,0.178129
AGTGAGACTTCCAGTA-1,0.000105,0.833806,0.166089
AGTGAGCCTCGCCGCC-1,0.038156,0.584284,0.377559
AGTGAGGGTTTCTGAC-1,0.000329,0.371221,0.62845
AGTGAGTCGAATTAAC-1,0.000017,0.780495,0.219488
AGTGATAACCTGCGCG-1,0.000041,0.020262,0.979697
AGTGATTCAAGCAGGA-1,0.000131,0.077947,0.921923
AGTGCACGCTTAAGAA-1,0.00006,0.463653,0.536287
AGTGCTAAACACAGCA-1,0.00406,0.127372,0.868568
AGTGCTTGCACGAATA-1,0.000178,0.693077,0.306745
AGTGGCCCGCAAATGG-1,0.000027,0.559904,0.440069
AGTGGCGGCAATTTGA-1,0.000041,0.907964,0.091995
AGTGGCGTCTGAAGGT-1,0.00005,0.071676,0.928273
AGTGGCTCCGTCGGCC-1,0.00075,0.384799,0.614451
AGTGGGAGTATACACG-1,0.000846,0.119397,0.879756
AGTGGTGTTACCCGTG-1,0.000024,0.011268,0.988708
AGTGGTTGCGTATAGG-1,0.00101,0.335968,0.663022
AGTGTATTGCGCATTG-1,0.000088,0.377037,0.622875
AGTGTGCTAAGATCGC-1,0.000034,0.137347,0.862619
AGTGTGGTCTATTGTG-1,0.000245,0.652891,0.346864
AGTTAAGCGGTCCCGG-1,0.001346,0.12072,0.877934
AGTTAAGTCAACCGCT-1,0.000041,0.398697,0.601262
AGTTACCCTTAAGACT-1,0.000028,0.016436,0.983536
AGTTACCGCACATGGT-1,0.000042,0.311727,0.68823
AGTTACTCTATCGTGG-1,0.000045,0.591762,0.408193
AGTTATTGAAAGGTAA-1,0.000085,0.339937,0.659979
AGTTCACCGGTTGGAC-1,0.000032,0.000128,0.999841
AGTTCCTATTTATGTT-1,0.013683,0.309422,0.676895
AGTTCTGCGTTGTATC-1,0.000042,0.504789,0.495169
AGTTGACATCGGCTGG-1,0.000084,0.357874,0.642042
AGTTGCGGTCCTCAAC-1,0.00004,0.724442,0.275518
AGTTGCTGACTGATAT-1,0.000037,0.083546,0.916417
AGTTGGCAAGGCTAGA-1,0.000015,0.719945,0.28004
AGTTTGGCACGGGTTG-1,0.000089,0.253622,0.746288
AGTTTGGCCAGACCTA-1,0.000053,0.319766,0.680181
ATAAACGGACCCGTAA-1,0.005504,0.175838,0.818658
ATAAACGTTGCACCAC-1,0.00003,0.507369,0.492602
ATAAAGGTCAAGTACG-1,0.014466,0.429839,0.555695
ATAAATATTAGCAGCT-1,0.000038,0.234266,0.765696
ATAACGCCGGAGGGTC-1,0.002755,0.496354,0.500891
ATAACGGAGTCCAACG-1,0.002947,0.599355,0.397699
ATAACGTTACCTCCAC-1,0.000474,0.774982,0.224544
ATAAGCAAACACCGAG-1,0.000382,0.370184,0.629434
ATAAGTACCCGATTGT-1,0.000724,0.615796,0.38348
ATAAGTAGGATTCAGA-1,0.000018,0.911642,0.08834
ATAAGTAGGGCGACTC-1,0.000012,0.925775,0.074213
ATAAGTTACCGCGACG-1,0.005856,0.564825,0.429318
ATAATACCGTTAGCCG-1,0.000039,0.093863,0.906098
ATAATAGCTGTTGAAT-1,0.021609,0.290509,0.687883
ATAATAGTGTAGGGAC-1,0.000008,0.725176,0.274816
ATAATCTTGGAGAACC-1,0.000058,0.276251,0.723691
ATAATTAGCTAAGTAG-1,0.000112,0.244853,0.755034
ATACAGCGTCCACTGA-1,0.000052,0.145309,0.854639
ATACCACGGGCAACTT-1,0.000024,0.5468,0.453176
ATACCCTCCCGGCCAA-1,0.005207,0.173939,0.820854
ATACCCTGGCTCAAAT-1,0.00017,0.473594,0.526236
ATACCGTCATCCATAA-1,0.000147,0.618774,0.381079
ATACCTAACCAAGAAA-1,0.000041,0.009464,0.990495
ATACGACAGATGGGTA-1,0.000084,0.716033,0.283883
ATACGCCGGCGAAACC-1,0.000018,0.205375,0.794607
ATACGGAACGTCGTTT-1,0.000025,0.883623,0.116352
ATACGGGTTTCGATTG-1,0.000042,0.181127,0.818831
ATACGGTGAAGATGCA-1,0.000367,0.08485,0.914783
ATACGTACTTAGCCAC-1,0.003192,0.413582,0.583226
ATACGTCCACTCCTGT-1,0.00011,0.226373,0.773517
ATACGTTATGCACGGA-1,0.000087,0.018846,0.981067
ATACTACCCGTACCAC-1,0.000021,0.894136,0.105843
ATACTCTCGCCACTCT-1,0.00005,0.66131,0.33864
ATACTGCCTTACACCG-1,0.000023,0.145866,0.854111
ATACTTGTTCTCGAGC-1,0.000055,0.354511,0.645434
ATAGACAACGGGACCT-1,0.000172,0.999312,0.000516
ATAGAGTTATCAACTT-1,0.000599,0.331692,0.667709
ATAGCAACTAGGGAAG-1,0.000067,0.421794,0.57814
ATAGCCATAACAGTCA-1,0.00418,0.630617,0.365202
ATAGCCTCAGTACCCA-1,0.000032,0.038244,0.961724
ATAGCTGCTCTTGTTA-1,0.000033,0.000133,0.999834
ATAGGAATCTAAGCTT-1,0.000535,0.767331,0.232134
ATAGGCGGCTATAGAA-1,0.000028,0.71085,0.289122
ATAGGCTAGCTTCGCA-1,0.000323,0.492596,0.507081
ATAGTTCCACCCACTC-1,0.000267,0.585953,0.41378
ATATAAAGCGCTCGTG-1,0.000216,0.321161,0.678623
ATATAACACGGGCGCA-1,0.000067,0.314108,0.685825
ATATACATGTATGGTA-1,0.00005,0.344089,0.655861
ATATACGCTCGTGACG-1,0.000032,0.551123,0.448845
ATATAGAGTATTGGTC-1,0.000585,0.086457,0.912958
ATATCAACCTACAGAG-1,0.000041,0.577674,0.422285
ATATCAATTCCAGCCT-1,0.000024,0.104674,0.895302
ATATCGGTAGGGAGAT-1,0.000029,0.453248,0.546722
ATATCGTGCCAGACCC-1,0.000386,0.527209,0.472405
ATATCGTTCCTCGAAC-1,0.000085,0.240872,0.759042
ATATCTCCCTCGTTAA-1,0.000029,0.563326,0.436644
ATATGTCTCCCTAGCC-1,0.000096,0.794218,0.205686
ATATGTGCACAAACCA-1,0.00647,0.611261,0.382268
ATATTATCCCGTATTT-1,0.000073,0.116401,0.883526
ATATTCCACATAGTGA-1,0.000014,0.220324,0.779661
ATATTGCTGTCAAAGT-1,0.000078,0.326747,0.673175
ATATTGGAGAGGCCTT-1,0.000037,0.422062,0.5779
ATCAAACACTGTTCCA-1,0.000024,0.414902,0.585074
ATCAAACGAAGGTTTG-1,0.000056,0.474792,0.525152
ATCAATGCCGTGGCTG-1,0.001724,0.561848,0.436427
ATCACATTAGAATATC-1,0.000023,0.21772,0.782257
ATCACGTGCTAATTAA-1,0.000036,0.531684,0.46828
ATCAGAAGCTGGTTGC-1,0.002023,0.232157,0.76582
ATCAGCCTCATGCTGC-1,0.000094,0.047857,0.952049
ATCAGCTCGTCCACTA-1,0.000914,0.098473,0.900613
ATCAGGTCGCCATTGC-1,0.000692,0.635829,0.363479
ATCAGTAGGCAGGGAT-1,0.000074,0.199441,0.800485
ATCATAGCCCTATGTA-1,0.00004,0.5823,0.41766
ATCATCTGCCCAGTGT-1,0.000067,0.447365,0.552568
ATCATTGTACCGCATT-1,0.000049,0.041027,0.958924
ATCCAACGCAGTCATA-1,0.009479,0.572258,0.418263
ATCCAATGGAGGGTCC-1,0.000034,0.563401,0.436565
ATCCAATGGTACCGAA-1,0.000649,0.214801,0.784551
ATCCACGCTAAATGTT-1,0.000096,0.130744,0.86916
ATCCACTTTCAGACTA-1,0.000368,0.459003,0.540628
ATCCAGAGCAACAACC-1,0.000057,0.273953,0.72599
ATCCCATCCACAGCGC-1,0.000132,0.298252,0.701616
ATCCGGACCAGCCTGA-1,0.000051,0.749334,0.250615
ATCCTGAATCGCTGCG-1,0.000036,0.380481,0.619483
ATCGACCCAATACAGA-1,0.000098,0.390118,0.609784
ATCGCACGATTGTTCA-1,0.000441,0.399438,0.600122
ATCGCCAGTCAACATT-1,0.000029,0.498732,0.501239
ATCGCCGTGGTTCATG-1,0.000051,0.603734,0.396215
ATCGCTGCGTGCAGCA-1,0.000005,0.989771,0.010224
ATCGGAGACAGACGGC-1,0.008074,0.561975,0.429951
ATCGGCAAGCAGTCCA-1,0.005775,0.121225,0.873
ATCGGTTACCTAGTAA-1,0.000787,0.565371,0.433842
ATCGTATTCCGAGAAC-1,0.000029,0.132653,0.867318
ATCGTCCAATCGAGTC-1,0.000034,0.345444,0.654523
ATCGTGGAAAGTCTGG-1,0.000025,0.759877,0.240098
ATCGTTAGCTAGCGGA-1,0.000058,0.193512,0.806429
ATCGTTCACTTTCGCC-1,0.001265,0.198159,0.800576
ATCTAACGTCCCTATG-1,0.00006,0.261338,0.738602
ATCTAATATCCTACGG-1,0.007376,0.000221,0.992404
ATCTACCATCTGCTCC-1,0.000039,0.346228,0.653733
ATCTATCGATGATCAA-1,0.000043,0.169013,0.830944
ATCTCATAAACCTACC-1,0.000068,0.616609,0.383323
ATCTCCCACGGAATAT-1,0.000035,0.506116,0.49385
ATCTCGTGAGCGAAAC-1,0.000043,0.425205,0.574752
ATCTGACATGGAAGGA-1,0.000028,0.595147,0.404824
ATCTGATAGTGTCTTA-1,0.000036,0.000336,0.999628
ATCTGCACCTCTGCGA-1,0.000051,0.527989,0.47196
ATCTGGTTAAGACTGT-1,0.120379,0.810722,0.068899
ATCTTAGGGCATTAAT-1,0.000056,0.448287,0.551657
ATCTTATCGCACACCC-1,0.000038,0.782884,0.217078
ATCTTGACTTGTCCAA-1,0.000009,0.987781,0.01221
ATCTTTCGTATAACCA-1,0.000046,0.694757,0.305197
ATGAAGTGGACCCAGC-1,0.000027,0.033728,0.966245
ATGACGCGTTCTATCC-1,0.000059,0.479716,0.520226
ATGACTATCAGCTGTG-1,0.023604,0.695406,0.280989
ATGACTATGCGACATT-1,0.000054,0.088152,0.911794
ATGAGGAGTGTTAATC-1,0.00002,0.631311,0.368669
ATGAGGGCAGCGGCTA-1,0.002801,0.502505,0.494695
ATGCACCTTCCTTAAT-1,0.000027,0.207987,0.791986
ATGCACGCGCTGTTCA-1,0.000265,0.015977,0.983759
ATGCCAATCGCTCTGC-1,0.000852,0.557793,0.441355
ATGCCATTTGCGACCA-1,0.00046,0.564427,0.435112
ATGCCGGTCTTGCATA-1,0.000046,0.000184,0.99977
ATGCCGGTTGATGGGA-1,0.00003,0.055474,0.944495
ATGCGACAATTGGTCC-1,0.009157,0.920836,0.070007
ATGCGAGTCCCACCAC-1,0.000038,0.378558,0.621404
ATGCTCAGTGTTGCAT-1,0.000024,0.876986,0.122991
ATGCTCTGGCGCGGTA-1,0.000018,0.24974,0.750241
ATGCTTAGGAGTTGAT-1,0.000067,0.274867,0.725065
ATGGAAATTTAAGGAG-1,0.000034,0.300162,0.699805
ATGGAACAGAATAAAC-1,0.00006,0.615656,0.384284
ATGGAACCTTTGCACA-1,0.000052,0.602404,0.397544
ATGGATCCGGCGTCCG-1,0.000115,0.48051,0.519375
ATGGCAGCATTACGAT-1,0.000027,0.730804,0.269168
ATGGCAGCCGAGAAAC-1,0.000105,0.999581,0.000314
ATGGCTGGAAATGGCC-1,0.000655,0.265842,0.733503
ATGGGAACGGAAGCGG-1,0.000197,0.599068,0.400735
ATGGGACCTGCTGAAC-1,0.001152,0.654264,0.344584
ATGGGCCTCGGCCTCT-1,0.000071,0.331161,0.668768
ATGGGTGTATACCTCC-1,0.000018,0.836822,0.16316
ATGGTATTTACTGATT-1,0.000064,0.460443,0.539493
ATGGTCGCGTGGTTTC-1,0.000096,0.418702,0.581202
ATGGTTACGAAACATG-1,0.000127,0.377038,0.622835
ATGTAAGGCTGCTCTT-1,0.000006,0.918884,0.08111
ATGTACATGCGGTGAG-1,0.000011,0.704085,0.295903
ATGTCATTTCCCATTG-1,0.000039,0.342986,0.656976
ATGTGAAAGCCTAATG-1,0.000069,0.16627,0.83366
ATGTTACGAGCAATAC-1,0.000079,0.54944,0.450482
ATGTTCCTGCCCACCT-1,0.000023,0.271065,0.728912
ATGTTCGTCGACCCAC-1,0.000301,0.998796,0.000903
ATGTTGATTAGAGACT-1,0.000066,0.316678,0.683256
ATGTTGTAGTCTGTTT-1,0.001985,0.688468,0.309546
ATGTTTGTAAGATCAT-1,0.000182,0.999272,0.000546
ATTAAACATGCGGACC-1,0.01009,0.036355,0.953556
ATTAAAGCGGACGAGC-1,0.000024,0.272031,0.727946
ATTAACACCTGAGATA-1,0.000035,0.036298,0.963667
ATTAATGAACCAGTCG-1,0.000134,0.222618,0.777249
ATTACAACTACCGGCC-1,0.000032,0.214648,0.785319
ATTACATGTCAGTCTT-1,0.000048,0.529019,0.470932
ATTACCACACTGCCTG-1,0.000067,0.252999,0.746934
ATTACGACTCCACAGT-1,0.033175,0.70351,0.263315
ATTACGCGCTGGCAGG-1,0.000031,0.74897,0.250999
ATTACGGGCTACGGTT-1,0.000053,0.688423,0.311524
ATTACTTACTGGGCAT-1,0.000483,0.715772,0.283745
ATTAGATTCCTCAGCA-1,0.000068,0.433043,0.56689
ATTATACTTTGCTCGT-1,0.000203,0.175408,0.824389
ATTATAGCTACTTTAC-1,0.00002,0.65941,0.34057
