Barcode,Topic 1,Topic 2,Topic 3,Topic 4to7,Topic 8,Topic 9to10
AAACAACGAATAGTTC-1,0.000029,0.01403,0.098404,0.481048,0.104156,0.302333
AAACAAGTATCTCCCA-1,0.000013,0.006955,0.01565,0.924693,0.000013,0.052676
AAACACCAATAACTGC-1,0.000405,0.000405,0.000405,0.00162,0.472431,0.524734
AAACAGAGCGACTCCT-1,0.000035,0.046977,0.175914,0.000138,0.110739,0.666196
AAACAGCTTTCAGAAG-1,0.000069,0.000069,0.057948,0.040309,0.398994,0.502611
AAACAGGGTCTATATT-1,0.000084,0.000084,0.066681,0.000338,0.171557,0.761255
AAACATTTCCCGGATT-1,0.000015,0.020314,0.022937,0.709945,0.031263,0.215526
AAACCGGGTAGGTACC-1,0.000145,0.000145,0.000145,0.295664,0.251763,0.452139
AAACCGTTCGTCCAGG-1,0.000044,0.000044,0.007862,0.511265,0.054938,0.425847
AAACCTAAGCAGCCGG-1,0.000037,0.000037,0.215588,0.449245,0.277521,0.057572
AAACCTCATGAAGTTG-1,0.000083,0.016641,0.137387,0.218893,0.138395,0.488601
AAACGAAGAACATACC-1,0.000122,0.028074,0.000122,0.099335,0.148302,0.724045
AAACGAGACGGTTGAT-1,0.000026,0.000026,0.026857,0.418513,0.00584,0.548738
AAACGGGCGTACGGGT-1,0.000083,0.067087,0.087844,0.278583,0.003979,0.562424
AAACTAACGTGGCGAC-1,0.000031,0.431164,0.142241,0.016647,0.014866,0.395051
AAACTCGGTTCGCAAT-1,0.000476,0.000476,0.000476,0.001905,0.181687,0.814979
AAACTCGTGATATAAG-1,0.000022,0.000022,0.004043,0.769307,0.000022,0.226584
AAACTGCTGGCTCCAA-1,0.000022,0.000022,0.000022,0.059285,0.561628,0.379021
AAACTTAATTGCACGC-1,0.000094,0.07169,0.000094,0.000376,0.529454,0.398291
AAACTTGCAAACGTAT-1,0.000334,0.000335,0.000335,0.001338,0.000335,0.997324
AAAGACCCAAGTCGCG-1,0.00002,0.029136,0.042936,0.505411,0.00002,0.422477
AAAGACTGGGCGCTTT-1,0.0001,0.0001,0.0001,0.364665,0.073106,0.56193
AAAGGCCCTATAATAC-1,0.000102,0.014883,0.189824,0.134928,0.091105,0.569158
AAAGGGATGTAGCAAG-1,0.000225,0.000225,0.000225,0.000899,0.003036,0.995391
AAAGGGCAGCTTGAAT-1,0.000053,0.000053,0.000053,0.000214,0.381953,0.617673
AAAGGTAAGCTGTACC-1,0.000036,0.085282,0.037749,0.275816,0.158308,0.442809
AAAGTAGCATTGCTCA-1,0.000168,0.125915,0.000168,0.000671,0.178022,0.695056
AAAGTCACTGATGTAA-1,0.000017,0.009692,0.030983,0.755548,0.055594,0.148167
AAAGTCGACCCTCAGT-1,0.000068,0.000068,0.095504,0.073181,0.141883,0.689296
AAAGTGTGATTTATCT-1,0.000006,0.006388,0.060072,0.922406,0.007717,0.00341
AAAGTTGACTCCCGTA-1,0.000016,0.036644,0.071465,0.611532,0.0207,0.259643
AAATAACCATACGGGA-1,0.000025,0.000025,0.017168,0.286073,0.000025,0.696683
AAATAAGGTAGTGCCC-1,0.000043,0.000556,0.01654,0.230218,0.000043,0.7526
AAATACCTATAAGCAT-1,0.000029,0.000029,0.000029,0.073079,0.324833,0.602002
AAATAGCTTAGACTTT-1,0.000028,0.024397,0.004704,0.232301,0.000169,0.738401
AAATAGGGTGCTATTG-1,0.000052,0.000052,0.000052,0.040945,0.077686,0.881212
AAATCCGATACACGCC-1,0.000091,0.029934,0.248246,0.000363,0.05383,0.667535
AAATCTAGCCCTGCTA-1,0.000011,0.004976,0.056145,0.855947,0.007397,0.075523
AAATGATTCGATCAGC-1,0.000071,0.000071,0.004404,0.162047,0.000071,0.833337
AAATGCTCGTTACGTT-1,0.000031,0.000031,0.000031,0.000123,0.999724,0.000061
AAATGGCATGTCTTGT-1,0.000077,0.000077,0.000077,0.000307,0.575012,0.424452
AAATGGCCCGTGCCCT-1,0.000233,0.000233,0.000233,0.00093,0.122707,0.875664
AAATGGTCAATGTGCC-1,0.000091,0.023973,0.109236,0.371864,0.000091,0.494745
AAATGTATCTTATCCC-1,0.000027,0.000027,0.000027,0.620476,0.078773,0.300671
AAATTAATAAGCGCGA-1,0.000102,0.000102,0.000102,0.131858,0.000102,0.867734
AAATTACACGACTCTG-1,0.000032,0.000032,0.184422,0.136803,0.000032,0.678679
AAATTACCTATCGATG-1,0.000027,0.015952,0.03656,0.42121,0.000027,0.526223
AAATTGATAGTCCTTT-1,0.000011,0.000011,0.000011,0.999934,0.000011,0.000022
AAATTGCGGCGGTTCT-1,0.000111,0.000112,0.000112,0.294906,0.249999,0.45476
AAATTTACCGAAATCC-1,0.000025,0.086517,0.107771,0.223575,0.285045,0.297068
AAATTTGCGGGTGTGG-1,0.000068,0.000068,0.000068,0.080747,0.059395,0.859655
AACAACTGGTAGTTGC-1,0.000055,0.026421,0.081574,0.063731,0.000055,0.828164
AACAATACATTGTCGA-1,0.000023,0.02072,0.03042,0.679537,0.032983,0.236316
AACAATTACTCTACGC-1,0.00026,0.00026,0.00026,0.111764,0.175037,0.712419
AACACACGCTCGCCGC-1,0.000018,0.001062,0.057106,0.574006,0.180034,0.187774
AACACGACTGTACTGA-1,0.000251,0.000251,0.045786,0.176254,0.114773,0.662687
AACACGAGACGCGGCC-1,0.000521,0.083154,0.000521,0.002084,0.215254,0.698466
AACACGCGGCCGCGAA-1,0.000026,0.06643,0.076906,0.507128,0.020862,0.328648
AACAGCTGTGTGGCAA-1,0.000054,0.000054,0.008054,0.193067,0.042697,0.756073
AACAGGAAATCGAATA-1,0.001587,0.001588,0.001588,0.006352,0.001588,0.987298
AACAGGATGGGCCGCG-1,0.000296,0.000296,0.171497,0.0915,0.000296,0.736115
AACATATCAACTGGTG-1,0.000045,0.022404,0.015931,0.040014,0.000045,0.921561
AACATCGATACGTCTA-1,0.00003,0.070567,0.049784,0.40804,0.00003,0.471549
AACATTGAAGTTGATC-1,0.000122,0.059461,0.008122,0.003855,0.109478,0.818962
AACATTGGTCAGCCGT-1,0.000119,0.000119,0.196257,0.018029,0.000119,0.785357
AACCAAGACTTCTCTG-1,0.000375,0.000375,0.000375,0.001499,0.520154,0.477223
AACCAGTATCACTCTT-1,0.000041,0.086764,0.047099,0.307018,0.041084,0.517994
AACCATAGGGTTGAAC-1,0.000073,0.000073,0.004884,0.349423,0.293869,0.351679
AACCATGGGATCGCTA-1,0.000358,0.000359,0.000359,0.001434,0.180819,0.816672
AACCCAGAGACGGAGA-1,0.000035,0.014743,0.060466,0.266493,0.000035,0.658228
AACCCATCCCATGATC-1,0.000103,0.000103,0.000103,0.023335,0.213282,0.763072
AACCCGACAACCCGTG-1,0.000076,0.000076,0.243212,0.051076,0.037436,0.668123
AACCCTACTGTCAATA-1,0.000026,0.039187,0.016939,0.259989,0.020268,0.66359
AACCCTGGTGGAACCA-1,0.000085,0.000085,0.000085,0.000339,0.154747,0.84466
AACCGAGCTTGGTCAT-1,0.000044,0.000044,0.000044,0.707846,0.097647,0.194375
AACCGCTAAGGGATGC-1,0.000019,0.054509,0.010539,0.360052,0.07452,0.500361
AACCGTTGTGTTTGCT-1,0.000176,0.000176,0.000176,0.138716,0.296586,0.564171
AACCTAAAGCCGTCCG-1,0.000121,0.000121,0.000121,0.213929,0.065944,0.719766
AACCTCGCTTTAGCCC-1,0.000078,0.037796,0.15201,0.053714,0.20498,0.551422
AACCTTTAAATACGGT-1,0.000023,0.048669,0.000023,0.161837,0.219263,0.570185
AACCTTTACGACGTCT-1,0.000042,0.048024,0.033439,0.0681,0.000042,0.850352
AACGAAAGTCGTCCCA-1,0.000145,0.030525,0.000145,0.000581,0.280408,0.688196
AACGATAATGCCGTAG-1,0.000047,0.000047,0.000047,0.000188,0.118334,0.881337
AACGATAGAAGGGCCG-1,0.00003,0.116541,0.151858,0.051286,0.025615,0.654669
AACGATATGTCAACTG-1,0.00005,0.00005,0.00005,0.351236,0.25271,0.395905
AACGCATGATCTGGGT-1,0.000029,0.010814,0.084251,0.530293,0.000029,0.374584
AACGCGAACGGCAACA-1,0.000044,0.000044,0.000044,0.000177,0.543012,0.456679
AACGCGGTCTCCAGCC-1,0.000289,0.000289,0.000289,0.502219,0.000289,0.496625
AACGCTGTTGCTGAAA-1,0.000027,0.000027,0.017786,0.409266,0.059476,0.513419
AACGGACGTACGTATA-1,0.000011,0.000011,0.011071,0.761931,0.019395,0.20758
AACGGCCATCTCCGGT-1,0.000039,0.000039,0.003254,0.355047,0.099051,0.542569
AACGTACTGTGGGTAC-1,0.000023,0.004072,0.007298,0.478042,0.118346,0.39222
AACGTCAGACTAGTGG-1,0.000049,0.019643,0.008757,0.07507,0.000049,0.896433
AACGTGATGAAGGACA-1,0.000026,0.064871,0.387939,0.062692,0.086886,0.397585
AACGTGCGAAAGTCTC-1,0.000046,0.000046,0.000046,0.000182,0.318159,0.681522
AACGTTATCAGCACCT-1,0.000032,0.000032,0.000032,0.511194,0.192949,0.295762
AACTAGCGTATCGCAC-1,0.000065,0.000065,0.104439,0.202486,0.000065,0.692881
AACTAGGCTTGGGTGT-1,0.000251,0.000251,0.000251,0.001003,0.184833,0.813412
AACTCAAGTTAATTGC-1,0.000029,0.000029,0.000045,0.223706,0.147247,0.628944
AACTCCAGAGCGTGTT-1,0.000075,0.000075,0.007258,0.278986,0.098673,0.614933
AACTCCTAATCCCATG-1,0.000038,0.036156,0.037749,0.146644,0.001375,0.778037
AACTCGATAAACACGT-1,0.000066,0.023663,0.000066,0.382609,0.077212,0.516385
AACTCGATGGCGCAGT-1,0.000067,0.000067,0.000067,0.000268,0.701918,0.297613
AACTCTCAATAGAGCG-1,0.000016,0.116719,0.034966,0.622532,0.020322,0.205445
AACTCTCAGTGTGCTC-1,0.000009,0.000009,0.000009,0.999948,0.000009,0.000017
AACTGAGGTCAGCGTC-1,0.000039,0.560941,0.029294,0.069757,0.030957,0.309011
AACTGATATTAGGCCT-1,0.001639,0.00164,0.00164,0.447869,0.00164,0.545573
AACTGGGTCCCGACGT-1,0.00073,0.00073,0.00073,0.428431,0.00073,0.568648
AACTGGGTTCGAGCCG-1,0.000059,0.025611,0.000059,0.453544,0.086826,0.433901
AACTGGTGTGGGCCTT-1,0.000034,0.006584,0.265609,0.067344,0.19663,0.4638
AACTTCTGCGTCTATC-1,0.000053,0.000053,0.028975,0.358004,0.052693,0.560221
AACTTGCCCGTATGCA-1,0.000266,0.000266,0.000266,0.075146,0.157148,0.766909
AACTTGCGTTCTCGCG-1,0.000086,0.000086,0.054213,0.026791,0.167929,0.750896
AACTTTACGGGAGCTT-1,0.000018,0.000018,0.000018,0.481061,0.183605,0.335279
AACTTTAGCTGCTGAG-1,0.000037,0.031638,0.019114,0.615009,0.004754,0.329449
AAGAAGGATCAGTTAG-1,0.000082,0.000082,0.000082,0.00033,0.528168,0.471255
AAGACCAAATAACTCA-1,0.000305,0.000305,0.000305,0.307493,0.055584,0.636008
AAGACTAACCCGTTGT-1,0.000019,0.000019,0.000019,0.97805,0.021857,0.000037
AAGACTGCAAGCTACT-1,0.000025,0.000025,0.000025,0.517893,0.140608,0.341423
AAGAGATGAATCGGTA-1,0.000036,0.000036,0.023343,0.949232,0.012375,0.014977
AAGAGCTCTTTATCGG-1,0.000042,0.000042,0.000042,0.186208,0.128638,0.685028
AAGAGGATGTACGCGA-1,0.000193,0.090053,0.000193,0.000774,0.202309,0.706477
AAGAGGCATGGATCGC-1,0.000045,0.000045,0.017723,0.065598,0.126317,0.790271
AAGATGGCACCGGACC-1,0.000045,0.004359,0.124489,0.292571,0.087004,0.491532
AAGATTGGCGGAACGT-1,0.000038,0.087077,0.241588,0.021403,0.010352,0.639541
AAGCACCCTGCGTATC-1,0.000044,0.000044,0.000044,0.000177,0.645567,0.354123
AAGCATACTCTCCTGA-1,0.000033,0.000033,0.000033,0.176561,0.237584,0.585755
AAGCCACTTGCAGGTA-1,0.000026,0.000026,0.002268,0.322353,0.032535,0.642792
AAGCCGCCGTGAAATC-1,0.000234,0.000234,0.000234,0.000937,0.087005,0.911355
AAGCGCAGGGCTTTGA-1,0.000704,0.018701,0.000704,0.002818,0.000704,0.976369
AAGCGGCGTCATGGGT-1,0.000042,0.018381,0.294721,0.156754,0.000042,0.530061
AAGCGTCCCTCATCGA-1,0.000059,0.000059,0.000335,0.403663,0.034193,0.561692
AAGCTAGATCGAGTAA-1,0.000069,0.118623,0.009071,0.408767,0.463332,0.000138
AAGCTCGTGCCAAGTC-1,0.000057,0.000057,0.004401,0.262646,0.117412,0.615427
AAGCTCTTTCATGGTG-1,0.000034,0.000034,0.01702,0.463415,0.150749,0.368747
AAGGAGCGGTTGGTGC-1,0.000043,0.000043,0.001494,0.045314,0.001307,0.951799
AAGGATGAGGGACCTC-1,0.000065,0.056007,0.049724,0.093289,0.114778,0.686136
AAGGCGCGTAAAGCTT-1,0.000037,0.032871,0.000459,0.237257,0.046222,0.683154
AAGGCTGTGCTCATCG-1,0.000038,0.089734,0.000282,0.835383,0.000038,0.074525
AAGGGAACGACTGGCT-1,0.000278,0.104096,0.135645,0.001111,0.276761,0.482109
AAGGGACAGATTCTGT-1,0.000041,0.012245,0.00869,0.082541,0.03281,0.863672
AAGGGACTATGCATTC-1,0.000116,0.000116,0.058382,0.091054,0.24024,0.610092
AAGGTATCCTAATATA-1,0.000047,0.001318,0.034402,0.000188,0.258595,0.70545
AAGGTGATAAACCAGC-1,0.000011,0.018607,0.010408,0.75368,0.02192,0.195375
AAGTAGAAGACCGGGT-1,0.00005,0.021243,0.00005,0.466168,0.00005,0.512438
AAGTAGTGACGCGAGG-1,0.000272,0.000272,0.000272,0.039832,0.000272,0.959081
AAGTCAATTGTCGTCA-1,0.000026,0.000026,0.028875,0.547409,0.002116,0.421548
AAGTCTTCTGTGGCCT-1,0.001266,0.001266,0.001266,0.350146,0.001266,0.644789
AAGTGACGACCGAATT-1,0.000358,0.000359,0.000359,0.001434,0.000359,0.997132
AAGTGAGTCGGGTTTA-1,0.000019,0.000019,0.000019,0.487512,0.011926,0.500505
AAGTGCAAAGGTAGAC-1,0.000039,0.019732,0.168681,0.235571,0.297939,0.278038
AAGTGCCTTGACTGTA-1,0.000037,0.04688,0.066166,0.230335,0.000037,0.656545
AAGTGCGTTAGAATCT-1,0.00015,0.00015,0.00015,0.179544,0.00015,0.819856
AAGTGCTTCTCTATTG-1,0.000073,0.000073,0.000073,0.29978,0.000947,0.699054
AAGTGTTTGGAGACGG-1,0.000195,0.000195,0.020145,0.282113,0.313435,0.383918
AAGTTCACTCCAAGCT-1,0.000028,0.000028,0.050731,0.802,0.028875,0.118338
AAGTTCAGTCTGCGTA-1,0.000196,0.000196,0.000196,0.30868,0.000196,0.690536
AAGTTCGGCCAACAGG-1,0.000027,0.008598,0.060163,0.472352,0.19265,0.266209
AAGTTTATGGGCCCAA-1,0.000059,0.000059,0.000059,0.000236,0.137936,0.861652
AATAACAACGCTCGGC-1,0.000071,0.000072,0.000072,0.350873,0.078631,0.570281
AATAACACTAGAACAA-1,0.000021,0.045869,0.124131,0.354521,0.024757,0.450701
AATAAGTCCTCGAGAC-1,0.000055,0.000055,0.000055,0.00022,0.567108,0.432507
AATACAATGTTTCAGG-1,0.00006,0.034016,0.01727,0.0851,0.189602,0.673952
AATACCGGAGGGCTGT-1,0.000058,0.000058,0.000058,0.172767,0.018006,0.809054
AATAGAACAGAGTGGC-1,0.000011,0.041255,0.002831,0.534206,0.004117,0.41758
AATAGAATCTGTTTCA-1,0.00008,0.00008,0.009983,0.296832,0.013469,0.679556
AATAGCAAGCCTCCTG-1,0.000031,0.62936,0.056574,0.107187,0.038527,0.16832
AATAGCTACCGCGTGC-1,0.000044,0.017705,0.000044,0.110771,0.001875,0.869561
AATAGTCGCGAGTCGG-1,0.000017,0.000017,0.000017,0.241,0.061288,0.697662
AATATCAAGGTCGGAT-1,0.000023,0.073368,0.000023,0.593242,0.000749,0.332595
AATATCGAGGGTTCTC-1,0.000063,0.032179,0.000063,0.012491,0.000063,0.955141
AATATTGGAGTATTGA-1,0.000351,0.000351,0.000351,0.001404,0.121449,0.876095
AATCAGACTGCAGGAC-1,0.000062,0.000062,0.000062,0.000249,0.51252,0.487044
AATCAGGTTTCATTTA-1,0.00004,0.00004,0.00004,0.201051,0.00004,0.798789
AATCATGTAAAGACTC-1,0.000012,0.000012,0.009517,0.814044,0.015308,0.161107
AATCCAAGGGCCTGAG-1,0.000032,0.026663,0.055052,0.673505,0.05692,0.187829
AATCCATGCAAGGGTG-1,0.000069,0.043019,0.230037,0.000277,0.316952,0.409645
AATCGCCTCAGCGCCA-1,0.000026,0.036747,0.090043,0.443588,0.01672,0.412877
AATCGTGAGCCGAGCA-1,0.000126,0.005191,0.063337,0.439501,0.137069,0.354777
AATCTAGGTTTACTTG-1,0.0001,0.176861,0.06122,0.000399,0.494761,0.266659
AATCTATGCCGGAGCC-1,0.000077,0.000077,0.000077,0.051077,0.000077,0.948616
AATCTCTACTGTGGTT-1,0.000101,0.000101,0.000101,0.203822,0.204841,0.591035
AATCTGCGTTGGGACG-1,0.00003,0.056233,0.104682,0.052883,0.00003,0.786141
AATCTGGCTTTCTAGT-1,0.00009,0.0268,0.028611,0.00036,0.438427,0.505712
AATCTGGGTAGACCCT-1,0.000039,0.080519,0.347248,0.156444,0.019491,0.396258
AATGACAGCAATGTCT-1,0.000094,0.000094,0.000094,0.069465,0.001037,0.929215
AATGACGTAGGATGTC-1,0.000064,0.000064,0.000064,0.137677,0.000064,0.862066
AATGACTGTCAGCCGG-1,0.000078,0.021683,0.011099,0.289144,0.008835,0.669161
AATGAGTTCGCATATG-1,0.000045,0.000045,0.02076,0.381342,0.152467,0.445341
AATGATGATACGCTAT-1,0.000034,0.000034,0.074419,0.468398,0.000034,0.457082
AATGATGCGACTCCTG-1,0.000046,0.000046,0.000046,0.028434,0.000046,0.971382
AATGCACCAAGCAATG-1,0.000025,0.004584,0.02047,0.551266,0.000025,0.42363
AATGGTCCACCGTTCA-1,0.000287,0.000287,0.000287,0.340009,0.145489,0.51364
AATGGTTCTCACAAGC-1,0.000055,0.000055,0.000055,0.00022,0.0156,0.984014
AATGTATGGCACTGTA-1,0.000112,0.000112,0.025107,0.000448,0.515298,0.458924
AATGTGCCCGAGGTGT-1,0.000196,0.000197,0.000197,0.38645,0.188332,0.424628
AATGTGCTAATCTGAG-1,0.000062,0.028499,0.000062,0.293155,0.023044,0.655178
AATTAAAGGTCGGCGT-1,0.000185,0.000185,0.050762,0.046528,0.000185,0.902155
AATTAACGGATTTCCA-1,0.001163,0.001163,0.001163,0.004652,0.061213,0.930646
AATTACTCGTACGCTC-1,0.000962,0.000962,0.203911,0.467232,0.024585,0.302348
AATTAGCGCTGCAGCG-1,0.001493,0.170503,0.001493,0.303437,0.520088,0.002986
AATTCATAAGGGATCT-1,0.000042,0.054288,0.11126,0.00017,0.000042,0.834198
AATTCATTGTCATGCA-1,0.000035,0.000035,0.000035,0.72677,0.018316,0.254808
AATTCCAACTTGGTGA-1,0.000153,0.000153,0.000153,0.402195,0.07986,0.517485
AATTCGATTCGAGGAT-1,0.000153,0.042136,0.000153,0.359896,0.011626,0.586037
AATTCTAGAGTTAGGC-1,0.004546,0.155222,0.004547,0.575753,0.004547,0.255385
AATTGAACGCTCTGGT-1,0.000042,0.000042,0.000042,0.204283,0.14199,0.6536
AATTGCAGCAATCGAC-1,0.000039,0.04082,0.00091,0.215,0.115359,0.627872
AATTGCGTGGATTACA-1,0.000094,0.119984,0.000094,0.000377,0.467116,0.412334
AATTTGGGACATAGTA-1,0.000046,0.044783,0.000046,0.242984,0.049074,0.663068
AATTTGGTTCCAAAGA-1,0.000433,0.000433,0.000433,0.575802,0.244404,0.178495
ACAAACCATGCGTCCT-1,0.000105,0.000105,0.000105,0.000421,0.247661,0.751603
ACAAAGAAGGTAGGCC-1,0.000121,0.050403,0.000121,0.000484,0.301706,0.647166
ACAAAGCATGACCTAG-1,0.000031,0.016555,0.087202,0.16118,0.119302,0.61573
ACAAATCGCACCGAAT-1,0.000053,0.000053,0.165481,0.460629,0.061217,0.312567
ACAAATGGTAGTGTTT-1,0.000028,0.016521,0.001406,0.43338,0.086383,0.462283
ACAAATTCAGATCTGA-1,0.000032,0.17834,0.111502,0.264115,0.043289,0.402722
ACAACAGCATGAGCTA-1,0.000034,0.000035,0.000035,0.286475,0.00705,0.706371
ACAACGGTCCCTGCGA-1,0.000025,0.000025,0.030435,0.513126,0.000025,0.456364
ACAAGCAGTGCCTAGC-1,0.000133,0.000133,0.000133,0.000533,0.048794,0.950273
ACAAGCTATATGGAAG-1,0.000092,0.000092,0.000092,0.079655,0.414829,0.50524
ACAAGGAAATCCGCCC-1,0.00008,0.00008,0.00008,0.29029,0.015738,0.693733
ACAAGGACAAGAGGTT-1,0.00004,0.03957,0.00004,0.000161,0.41198,0.548208
ACAAGGATGCTTTAGG-1,0.000267,0.000267,0.000267,0.12684,0.35654,0.51582
ACAAGGGCAGGCTCTG-1,0.000042,0.000042,0.004655,0.436782,0.000042,0.558438
ACAATAGTCGTACGTT-1,0.000107,0.000107,0.040096,0.140071,0.634362,0.185255
ACAATCCATTTAAACC-1,0.000059,0.04708,0.009625,0.287264,0.079017,0.576955
ACAATGAATACGGAGA-1,0.000037,0.000037,0.030808,0.446576,0.299809,0.222734
ACAATGATTCTTCTAC-1,0.000031,0.433653,0.142775,0.079247,0.015823,0.32847
ACAATTGTGTCTCTTT-1,0.000008,0.002511,0.000525,0.99473,0.001463,0.000762
ACAATTTAGGAGGCTC-1,0.000262,0.000262,0.000262,0.001047,0.270128,0.72804
ACAATTTGAGCAGTGG-1,0.000082,0.000082,0.000082,0.021357,0.000082,0.978314
ACACAAAGACGGGTGG-1,0.00016,0.070097,0.035664,0.000639,0.072186,0.821254
ACACACCAGGACCAGT-1,0.000012,0.000012,0.000012,0.898159,0.004217,0.097587
ACACACTTTCTACACG-1,0.000234,0.000234,0.000234,0.315068,0.153713,0.530517
ACACATGATCAAATCT-1,0.000093,0.000093,0.136137,0.035062,0.202827,0.625788
ACACATTGACGCAACA-1,0.000971,0.000971,0.000971,0.223568,0.000971,0.772547
ACACATTTCCGTAGAC-1,0.000229,0.000229,0.000229,0.460512,0.046721,0.492078
ACACCCAGCATGCAGC-1,0.000123,0.081209,0.044329,0.304477,0.000123,0.569738
ACACCCGAGAAATCCG-1,0.000032,0.042914,0.036673,0.283093,0.10931,0.527977
ACACCGAGCGCTCTTT-1,0.005,0.005001,0.005001,0.020005,0.005002,0.95999
ACACCGGTCTGACCGC-1,0.00021,0.00021,0.00021,0.000841,0.246585,0.751944
ACACCTTAAGTAGGGC-1,0.00006,0.002743,0.00006,0.111333,0.00006,0.885745
ACACGAGACTCCTTCT-1,0.000053,0.000053,0.000053,0.059784,0.337008,0.603049
ACACGGCACTATGCAT-1,0.000075,0.000075,0.000075,0.000302,0.765504,0.233968
ACACGGGAACTTAGGG-1,0.00009,0.00009,0.00009,0.014279,0.374478,0.610974
ACACTCCAATGTCACT-1,0.000048,0.000048,0.000048,0.422978,0.162005,0.414872
ACACTGATCAAGGTGT-1,0.000045,0.000045,0.000045,0.648025,0.013836,0.338005
ACAGAACTGAGAACAA-1,0.000257,0.108016,0.045037,0.063823,0.289061,0.493806
ACAGATTAGGTTAGTG-1,0.00004,0.387229,0.030612,0.00016,0.03573,0.546229
ACAGCATAGAGCCAGT-1,0.000017,0.645808,0.071784,0.00007,0.041825,0.240496
ACAGCGACATTCTCAT-1,0.000021,0.000957,0.126345,0.571399,0.034241,0.267037
ACAGCGCACCCGCAGC-1,0.000031,0.000031,0.013517,0.826139,0.015797,0.144486
ACAGGCACGGATCCTT-1,0.000158,0.029317,0.0322,0.000634,0.000159,0.937532
ACAGGCTTGCCCGACT-1,0.000027,0.000027,0.020451,0.340609,0.118711,0.520176
ACAGGTGGAGGTGAGG-1,0.000021,0.003715,0.008298,0.566158,0.031894,0.389914
ACAGGTGTGTTGTTGC-1,0.00007,0.00007,0.00007,0.325344,0.251895,0.422551
ACAGTAATACAACTTG-1,0.000149,0.000149,0.000149,0.000596,0.089065,0.909891
ACATAAGTCGTGGTGA-1,0.000124,0.108886,0.039819,0.000497,0.249246,0.601428
ACATAATAAGGCGGTG-1,0.000171,0.000171,0.000171,0.12051,0.013177,0.8658
ACATCAGCTGGGACGC-1,0.000128,0.000128,0.000128,0.136499,0.076454,0.786662
ACATCCTGGTAACTGT-1,0.000032,0.011971,0.05063,0.296421,0.000032,0.640914
ACATCGATCGTTTACC-1,0.000943,0.000944,0.000944,0.142391,0.059883,0.794895
ACATCGGTCAGCCGCG-1,0.000039,0.019208,0.028,0.768161,0.03999,0.144603
ACATCGTATGCAATGG-1,0.000016,0.000016,0.000016,0.999904,0.000016,0.000032
ACATCGTTAACCTAGT-1,0.000033,0.075791,0.038899,0.000131,0.88508,0.000066
ACATCTCAACGCGTAA-1,0.000134,0.000134,0.000134,0.000537,0.140575,0.858485
ACATGGCGCCAAAGTA-1,0.000028,0.023227,0.005724,0.233029,0.030005,0.707987
ACATGGCTCAATTTAG-1,0.000029,0.000029,0.000108,0.287413,0.405852,0.306569
ACATTAGTTTATATCC-1,0.001639,0.268807,0.00164,0.363429,0.097343,0.267142
ACATTCGCGCGGAATA-1,0.000029,0.035745,0.000029,0.17818,0.082219,0.703798
ACCAAACACCCAGCGA-1,0.000036,0.012772,0.43294,0.046894,0.000036,0.507321
ACCAAACTAGAAATCC-1,0.000262,0.000262,0.000262,0.667663,0.000262,0.33129
ACCAACACCACACACT-1,0.000061,0.007059,0.000061,0.147117,0.000061,0.845642
ACCAACCGCACTCCAC-1,0.000048,0.013938,0.027792,0.035359,0.458044,0.464819
ACCAAGAACGCGTGTC-1,0.000053,0.044626,0.062251,0.326104,0.001175,0.565791
ACCAATATGCAAGTTA-1,0.000044,0.000044,0.031183,0.054762,0.351053,0.562916
ACCACAACTCAGAACA-1,0.000067,0.078838,0.011278,0.000269,0.140971,0.768577
ACCACAAGTTTCTATC-1,0.000104,0.000104,0.000104,0.000416,0.000104,0.999168
ACCACCAATGTAACAA-1,0.000043,0.049615,0.042957,0.16204,0.028856,0.716489
ACCACGTGCAGCTATA-1,0.000108,0.000108,0.000108,0.691091,0.000108,0.308479
ACCACTGTTCAAGAAG-1,0.000971,0.14017,0.000971,0.782366,0.073579,0.001942
ACCAGACCATAACAAC-1,0.002084,0.002084,0.192613,0.008336,0.19073,0.604154
ACCAGCCCGGTCTTTG-1,0.000073,0.000073,0.000073,0.167947,0.062302,0.769533
ACCAGTGCCCGGTCAA-1,0.000043,0.060152,0.134806,0.188233,0.010193,0.606573
ACCAGTGCGGGAGACG-1,0.000013,0.000013,0.00011,0.555721,0.023929,0.420215
ACCATCCGCCAACTAG-1,0.000052,0.000052,0.073206,0.52894,0.229723,0.168027
ACCATCGTATATGGTA-1,0.000041,0.000041,0.437436,0.063245,0.031114,0.468124
ACCATTAAGGGTGTCA-1,0.002564,0.002565,0.002565,0.415606,0.002565,0.574136
ACCCAACGCCCGTGGC-1,0.000058,0.000058,0.142859,0.081578,0.066307,0.70914
ACCCACCTACATGCTC-1,0.00008,0.00008,0.191381,0.005301,0.166041,0.637117
ACCCATCTTGAGGGTA-1,0.000064,0.000892,0.000064,0.041268,0.013609,0.944104
ACCCATTTGTCCCTCT-1,0.00001,0.00001,0.00143,0.938445,0.003762,0.056344
ACCCGAGCGAAATTAC-1,0.000101,0.053139,0.000101,0.249965,0.053492,0.643202
ACCCGATTGGTTCCGA-1,0.000103,0.010202,0.000103,0.135456,0.000103,0.854032
ACCCGGAAACTCCCAG-1,0.553083,0.000645,0.000645,0.002581,0.000645,0.4424
ACCCGGATGACGCATC-1,0.000026,0.015659,0.061906,0.548142,0.014691,0.359576
ACCCGGTTACACTTCC-1,0.000058,0.011433,0.165158,0.098594,0.000058,0.724698
ACCCGTAGCAGAGAAT-1,0.000465,0.000465,0.000465,0.001861,0.352197,0.644547
ACCCTATAGGACTGAG-1,0.000051,0.000051,0.279047,0.028544,0.228298,0.464008
ACCCTATGCCATATCG-1,0.000043,0.005034,0.016181,0.348473,0.028882,0.601386
ACCCTCCCGTCAGGGC-1,0.000054,0.055508,0.000054,0.083715,0.029582,0.831087
ACCCTCCCTTGCTATT-1,0.000071,0.000071,0.000071,0.221806,0.005599,0.772381
ACCCTTCATCTGCGAA-1,0.000415,0.000415,0.000415,0.288654,0.092027,0.618074
ACCCTTTAGTTCTCCA-1,0.000081,0.119278,0.052796,0.004679,0.019474,0.803693
ACCGAAAGGGCCCTGC-1,0.000037,0.12814,0.029075,0.136433,0.144404,0.561911
ACCGAAGAGTCTGGTT-1,0.000148,0.000148,0.000148,0.000592,0.487987,0.510978
ACCGACACATCTCCCA-1,0.001053,0.001053,0.001053,0.004211,0.223607,0.769023
ACCGACTGAGTCCCAC-1,0.000056,0.000056,0.000056,0.000224,0.000056,0.999552
ACCGAGTCTCCTTATT-1,0.000108,0.090939,0.000108,0.000431,0.039038,0.869376
ACCGATGGTAGCATCG-1,0.00002,0.012076,0.058877,0.549715,0.034881,0.344431
ACCGCAATAACTGCCT-1,0.000291,0.000291,0.000291,0.470267,0.000291,0.52857
ACCGCGGTGGAAGTCG-1,0.000021,0.050198,0.151849,0.477871,0.13361,0.186451
ACCGCTAGTCATTGGT-1,0.000039,0.000039,0.055552,0.21048,0.028101,0.705789
ACCGGGCCTTTGTTGA-1,0.000013,0.014687,0.020371,0.802922,0.000013,0.161994
ACCGGTCAGGTACACC-1,0.000082,0.000082,0.026828,0.271381,0.164721,0.536905
ACCGGTCTGAGTACGG-1,0.000036,0.016356,0.030167,0.540475,0.04542,0.367546
ACCGTGACCACGTGGG-1,0.000061,0.000061,0.000061,0.258957,0.000061,0.7408
ACCGTTCCCGCTCTGA-1,0.000198,0.000198,0.000198,0.156783,0.000198,0.842423
ACCTAAGTACCTTTCA-1,0.000137,0.000137,0.216666,0.000547,0.161894,0.620619
ACCTAATCGACTTCCT-1,0.000068,0.001515,0.233989,0.484191,0.128141,0.152096
ACCTCCGCCCTCGCTG-1,0.000074,0.000074,0.000074,0.631942,0.000074,0.367763
ACCTCCGTTATTCACC-1,0.00004,0.041079,0.031372,0.352972,0.020181,0.554356
ACCTCGAACTTATGCT-1,0.000086,0.000086,0.00205,0.11688,0.06841,0.812488
ACCTGCGTGTCATGTT-1,0.00005,0.00005,0.00005,0.834358,0.165391,0.0001
ACGAAATGGGCGGCAC-1,0.000186,0.041957,0.167038,0.23862,0.000186,0.552012
ACGACTCTAGGGCCGA-1,0.000048,0.013606,0.02821,0.60548,0.052962,0.299695
ACGACTGGTCATACTC-1,0.000046,0.015977,0.068694,0.160549,0.000046,0.754688
ACGAGAACCCATCACG-1,0.00007,0.064701,0.127868,0.000279,0.115109,0.691973
ACGAGATATTTGCTTA-1,0.00005,0.00005,0.189474,0.049325,0.288083,0.473019
ACGAGGATACCACTCT-1,0.000135,0.000135,0.08526,0.616391,0.105564,0.192515
ACGAGGTTTACAACGT-1,0.000107,0.072633,0.000107,0.000429,0.242354,0.684369
ACGAGTACGGATGCCC-1,0.000055,0.020624,0.040014,0.000477,0.000055,0.938776
ACGAGTCGCCGGCGTT-1,0.000183,0.000183,0.000183,0.326612,0.000183,0.672655
ACGATACATAGAACTA-1,0.000045,0.000045,0.004726,0.29007,0.000045,0.705071
ACGATACCTATCCTGA-1,0.00115,0.00115,0.00115,0.185492,0.215538,0.59552
ACGATCATACATAGAG-1,0.000048,0.000048,0.000048,0.585259,0.000048,0.41455
ACGATCATCTTGTAAA-1,0.000039,0.058344,0.090956,0.064956,0.000039,0.785665
ACGATGCATATGTTAT-1,0.000039,0.028073,0.009462,0.676217,0.000039,0.28617
ACGATGGATCCGATGC-1,0.000058,0.040965,0.000058,0.000233,0.76701,0.191676
ACGCAAACTAATAGAT-1,0.000017,0.000017,0.000017,0.424946,0.026074,0.548929
ACGCATAAATGACATG-1,0.000066,0.233166,0.000066,0.011541,0.000066,0.755095
ACGCATACGTTTACTA-1,0.000007,0.015136,0.022232,0.962605,0.000007,0.000014
ACGCATTCGTGAGTAC-1,0.000063,0.000063,0.000063,0.000253,0.000063,0.999493
ACGCCACTCGAAACAG-1,0.000102,0.000102,0.000102,0.115357,0.065772,0.818565
ACGCCAGATGATTTCT-1,0.00015,0.041128,0.033754,0.000599,0.184813,0.739557
ACGCCCAGCTGTCGAT-1,0.000176,0.038105,0.049248,0.335915,0.16544,0.411117
ACGCCGCTAGACGACC-1,0.000025,0.000025,0.018801,0.444588,0.079511,0.457051
ACGCGCTACACAGGGT-1,0.000056,0.000056,0.030541,0.290066,0.00869,0.67059
ACGCGGGCCAAGGACA-1,0.000027,0.000027,0.000027,0.000107,0.000027,0.999787
ACGCGTTTCTTAAGAG-1,0.000068,0.000068,0.000068,0.427016,0.028657,0.544122
ACGCTAGTGATACACT-1,0.000041,0.000041,0.09875,0.077661,0.000041,0.823465
ACGCTGTGAGGCGTAG-1,0.000037,0.000037,0.003182,0.555061,0.441608,0.000074
ACGCTTAGTGTCTCTC-1,0.000138,0.021646,0.01554,0.206346,0.099317,0.657013
ACGGAATTTAGCAAAT-1,0.000147,0.000147,0.049407,0.000588,0.391635,0.558075
ACGGACTCTCAAAGCG-1,0.000068,0.000068,0.000068,0.015664,0.163328,0.820804
ACGGAGCGCAAATTAC-1,0.000029,0.069099,0.269738,0.184814,0.000505,0.475816
ACGGATGGTGCGGATA-1,0.00005,0.00005,0.00005,0.002172,0.373092,0.624586
ACGGCACTTGCTTGGG-1,0.000149,0.0302,0.000149,0.781984,0.178973,0.008544
ACGGCGACGATGGGAA-1,0.000074,0.000074,0.000074,0.231573,0.115598,0.652607
ACGGCGGGTTGCCCTG-1,0.00007,0.049451,0.023735,0.120114,0.106371,0.700258
ACGGCTGGATGTAGAA-1,0.000148,0.000148,0.000148,0.000593,0.225727,0.773236
ACGGGAGTGTCGGCCC-1,0.000069,0.000069,0.190048,0.187567,0.168809,0.453438
ACGGGCGTATGCGACA-1,0.000087,0.028896,0.006598,0.034328,0.000087,0.930004
ACGGGTCATGTGACTT-1,0.000105,0.000105,0.000105,0.317692,0.1226,0.559393
ACGGTACAGTTCAATG-1,0.000083,0.000083,0.037451,0.273759,0.152959,0.535665
ACGGTCACCGAGAACA-1,0.00006,0.009019,0.000085,0.000238,0.120506,0.870092
ACGTACAGATTTCTCT-1,0.001124,0.001124,0.001124,0.137887,0.453924,0.404818
ACGTACTTTGGCACGG-1,0.000031,0.000031,0.007371,0.153761,0.017487,0.821319
ACGTAGATTGCTGATG-1,0.000028,0.022366,0.003242,0.571191,0.017459,0.385714
ACGTAGGAGAGTCGCT-1,0.000093,0.000093,0.151459,0.000372,0.084362,0.763622
ACGTATTACTCCGATC-1,0.000031,0.075731,0.21568,0.25273,0.034508,0.421321
ACGTCTCGTTCCGGGA-1,0.001042,0.001042,0.001042,0.004168,0.10078,0.891927
ACGTGCGCCTCGTGCA-1,0.000106,0.000106,0.000106,0.185534,0.000106,0.814042
ACGTGGTCGAATGTGC-1,0.000287,0.000287,0.056894,0.207643,0.098227,0.636663
ACGTTAATGTCGAAGA-1,0.000041,0.000041,0.000041,0.04598,0.069268,0.884629
ACGTTAGATTTGCCCG-1,0.000041,0.058593,0.022815,0.371069,0.011998,0.535483
ACGTTATTGGTCACTC-1,0.00004,0.00004,0.014738,0.374303,0.096691,0.514189
ACGTTCACTATGCCGC-1,0.000045,0.006021,0.111414,0.105475,0.031225,0.74582
ACGTTCCGCGCTCCGT-1,0.000038,0.103525,0.202495,0.120602,0.026777,0.546564
ACGTTCGCAATCAATT-1,0.000042,0.003954,0.088661,0.384409,0.010798,0.512136
ACGTTCGTTCAGGAAA-1,0.00003,0.003835,0.040737,0.337662,0.195366,0.42237
ACGTTCTGTACAAGTC-1,0.000052,0.010982,0.000052,0.67518,0.019513,0.294221
ACGTTTAGTTGTGATC-1,0.000453,0.000453,0.000453,0.00181,0.054599,0.942233
ACTAATACGTCAGGCG-1,0.000031,0.028377,0.225519,0.450848,0.001599,0.293626
ACTACATCCCGACAAG-1,0.000118,0.124658,0.000118,0.000474,0.23827,0.636362
ACTACCAGCTCTCTGG-1,0.000037,0.003476,0.149701,0.393501,0.051031,0.402255
ACTACCATCCGAGGGC-1,0.000043,0.005759,0.000043,0.304057,0.034833,0.655264
ACTAGTTGCGATCGTC-1,0.000027,0.054586,0.04833,0.581099,0.024159,0.2918
ACTATATGCTGTGTTC-1,0.00004,0.00004,0.008944,0.54899,0.00004,0.441946
ACTATCCAGGGCATGG-1,0.000059,0.045523,0.01518,0.199003,0.000059,0.740175
ACTATCGCCGGCTAAA-1,0.000039,0.002952,0.002538,0.571699,0.244331,0.178441
ACTATGTCCAGCTGCC-1,0.000248,0.093536,0.000248,0.000993,0.513673,0.391302
ACTATTCGTCCGTGGT-1,0.000189,0.000189,0.047759,0.000755,0.852796,0.098313
ACTATTTCCGGGCCCA-1,0.000041,0.000041,0.000041,0.29635,0.091557,0.611969
ACTCAACGAATGTATT-1,0.000075,0.03995,0.048318,0.136694,0.075158,0.699805
ACTCAAGTGCAAGGCT-1,0.00004,0.00004,0.00004,0.964211,0.00004,0.035629
ACTCAATAAAGGCACG-1,0.000071,0.000071,0.000071,0.088734,0.670355,0.240697
ACTCAGACCTGCTTCT-1,0.000033,0.006851,0.020714,0.576062,0.012657,0.383683
ACTCATGGCAGCCTTC-1,0.000368,0.000368,0.000368,0.109563,0.000368,0.888966
ACTCCAATATCATCAT-1,0.00012,0.011747,0.000121,0.168857,0.000121,0.819034
ACTCCCATTCCTAAAG-1,0.000206,0.000206,0.000206,0.000825,0.658242,0.340315
ACTCCCGAATTCGTTT-1,0.000025,0.029337,0.044027,0.216045,0.635501,0.075066
ACTCCCTAATGCTAAA-1,0.000059,0.000059,0.000059,0.000235,0.298184,0.701404
ACTCCCTAGAATAGTA-1,0.00008,0.00008,0.00008,0.02086,0.008056,0.970844
ACTCCGGCCGACCACT-1,0.000495,0.000495,0.000495,0.001981,0.000495,0.996038
ACTCGATGTATTTCAT-1,0.000013,0.000013,0.009477,0.78653,0.069522,0.134447
ACTCGTAACCCGTCCT-1,0.000079,0.033558,0.040968,0.200287,0.000079,0.725028
ACTCGTCAGTAATCCC-1,0.000042,0.088941,0.000042,0.292563,0.003031,0.615381
ACTCTAAACCTGGGAT-1,0.000008,0.000008,0.000008,0.894878,0.046866,0.058231
ACTCTCTGACTTAGGT-1,0.00003,0.00003,0.017363,0.49704,0.056493,0.429044
ACTCTCTTATACACGA-1,0.000042,0.031071,0.303787,0.139853,0.02394,0.501307
ACTCTGACCTAATAGA-1,0.000053,0.000053,0.000053,0.160905,0.034953,0.803983
ACTCTTGTATAGTAAC-1,0.000061,0.000061,0.000061,0.000244,0.051153,0.948421
ACTGAAACGCCGTTAG-1,0.00005,0.00354,0.014054,0.338094,0.047454,0.596807
ACTGAATGGCGAAAGT-1,0.000104,0.000104,0.000104,0.29648,0.000104,0.703106
ACTGATTTAGTGATTC-1,0.000121,0.039356,0.000121,0.50722,0.000121,0.453062
ACTGCCCGCCATTCTC-1,0.000083,0.000083,0.009686,0.181022,0.000083,0.809043
ACTGCCGTCGTAACTC-1,0.000225,0.000225,0.000225,0.000899,0.997977,0.00045
ACTGCTCGGAAGGATG-1,0.000131,0.000131,0.000131,0.000524,0.349035,0.650049
ACTGTACGATACACAT-1,0.000092,0.000092,0.000092,0.000367,0.000092,0.999267
ACTGTAGCACTTTGGA-1,0.000054,0.000054,0.000054,0.456061,0.005482,0.538294
ACTGTATACGCGAGCA-1,0.000014,0.007011,0.000942,0.922232,0.000014,0.069787
ACTGTCCAGGATTATA-1,0.000046,0.021032,0.000046,0.377876,0.00593,0.59507
ACTGTCTTCTTTAGAA-1,0.000095,0.000095,0.000095,0.00038,0.000095,0.999241
ACTGTGCTAGTAGATC-1,0.000107,0.000107,0.041409,0.000429,0.501244,0.456704
ACTTACCGGGCGCGCA-1,0.000045,0.076381,0.056341,0.047238,0.000045,0.819951
ACTTACGCATCCACGC-1,0.000021,0.004444,0.064334,0.824033,0.087313,0.019856
ACTTAGTACGACAAGA-1,0.000071,0.000071,0.017249,0.059966,0.210974,0.711669
ACTTATACTTACCCGG-1,0.000039,0.076354,0.015184,0.233754,0.000039,0.674631
ACTTATTAGGATCGGT-1,0.00011,0.052821,0.106809,0.098008,0.101182,0.64107
ACTTATTTATGTGCCA-1,0.000009,0.000009,0.000422,0.970012,0.004045,0.025503
ACTTCAGGCTGATCCC-1,0.00013,0.00013,0.03067,0.169732,0.227274,0.572065
ACTTCCATGCGGGACA-1,0.000146,0.071305,0.083055,0.284741,0.128186,0.432566
ACTTCGCCATACGCAC-1,0.000054,0.000054,0.000054,0.409895,0.008609,0.581333
ACTTGACTCCCTCTTT-1,0.000033,0.000033,0.000033,0.301018,0.231042,0.467841
ACTTGGGACCCGGTGG-1,0.000051,0.000051,0.000051,0.089537,0.000051,0.910258
ACTTGTAGTCCCTTCA-1,0.000124,0.000124,0.000124,0.000495,0.385217,0.613917
ACTTTACCCTCATGAA-1,0.000024,0.000986,0.137591,0.597199,0.067994,0.196205
ACTTTCCTATAGCTTC-1,0.000052,0.000052,0.000052,0.000207,0.000052,0.999585
ACTTTGACTGCATCCT-1,0.00013,0.049861,0.00013,0.000521,0.337033,0.612324
ACTTTGGTCGTGCTCC-1,0.00012,0.1018,0.018901,0.046988,0.278524,0.553666
AGAACCCTCAATTGGG-1,0.000042,0.000952,0.155104,0.620058,0.112763,0.111081
AGAACGTGGTACATTC-1,0.000087,0.000087,0.014241,0.000349,0.168911,0.816324
AGAAGAGCGCCGTTCC-1,0.000513,0.000513,0.000513,0.002052,0.083155,0.913254
AGAAGGTACACTTCAC-1,0.0001,0.0001,0.001109,0.000399,0.635782,0.36251
AGAAGGTTGCCGAATT-1,0.000036,0.000036,0.048791,0.138864,0.000036,0.812236
AGAAGGTTGTAGGTCG-1,0.000023,0.000023,0.000023,0.933374,0.040189,0.026369
AGAAGTGATTCGTGAT-1,0.000015,0.000015,0.000015,0.999908,0.000015,0.000031
AGAATAAATCTTCAGG-1,0.000042,0.000042,0.000042,0.345758,0.178379,0.475737
AGAATGCGGGTTCGGA-1,0.000038,0.039673,0.077509,0.273591,0.015852,0.593338
AGAATTATGGATTCGA-1,0.00003,0.02733,0.098237,0.223794,0.062201,0.588408
AGAATTGTTTGACATA-1,0.000018,0.000018,0.000018,0.840478,0.007776,0.151693
AGACAGCTCAGAATCC-1,0.000029,0.009835,0.002644,0.40676,0.107693,0.47304
AGACATAGATCCTTCC-1,0.000026,0.000384,0.190673,0.582763,0.062109,0.164045
AGACCAAACCACACCT-1,0.000098,0.000098,0.036663,0.000394,0.755048,0.207699
AGACCATGGGATACAA-1,0.000036,0.068018,0.005657,0.055659,0.00789,0.86274
AGACCCACCGCTGATC-1,0.001031,0.126785,0.001031,0.366746,0.502345,0.002062
AGACCCGCCCTCCTCG-1,0.00004,0.00004,0.052737,0.263252,0.00004,0.683892
AGACCGGGAAACCCTG-1,0.00009,0.093665,0.021435,0.075627,0.11144,0.697742
AGACGAAGTGCCGGTC-1,0.000007,0.000007,0.000007,0.881596,0.000436,0.117948
AGACGACGATGCCGCT-1,0.000024,0.00053,0.000024,0.594497,0.000024,0.4049
AGACGGGATTGGTATA-1,0.000141,0.000141,0.000141,0.292286,0.148932,0.55836
AGACGGGCCGATTTAA-1,0.000042,0.061291,0.550296,0.000166,0.084174,0.304031
AGACTAGCCTTCCAGA-1,0.000044,0.000044,0.000044,0.000176,0.000044,0.999647
AGACTGTTACCGGGTC-1,0.000067,0.033964,0.105323,0.26223,0.063877,0.534539
AGAGAAACACCAGAAA-1,0.000047,0.015525,0.154135,0.040543,0.003415,0.786335
AGAGAACCGTCTAGGA-1,0.000024,0.007436,0.032639,0.646324,0.000024,0.313552
AGAGAAGGAGTACAAT-1,0.000082,0.000082,0.05262,0.215822,0.006907,0.724486
AGAGATCTCTAAAGCG-1,0.000034,0.022699,0.027522,0.781172,0.168505,0.000068
AGAGCAGTTATGAGAC-1,0.000144,0.000144,0.000144,0.045491,0.407506,0.546571
AGAGCGGGCTAATCAT-1,0.000174,0.000174,0.000174,0.430353,0.000174,0.56895
AGAGCGTACAAGCTCG-1,0.000306,0.000306,0.000306,0.001224,0.108561,0.889298
AGAGCTACGAAAGCAT-1,0.00011,0.00011,0.008903,0.090686,0.195751,0.704441
AGAGGCTTCGGAAACC-1,0.000016,0.001115,0.088847,0.647368,0.009555,0.2531
AGAGTAAACTTCACTA-1,0.000046,0.000046,0.006818,0.362979,0.000046,0.630065
AGAGTTAGAGACCGAT-1,0.000036,0.071917,0.074406,0.329199,0.210293,0.314149
AGATAACTTCAGGGCC-1,0.000018,0.062587,0.106528,0.23407,0.123504,0.473294
AGATACCGGTGTTCAC-1,0.000038,0.043306,0.014941,0.400228,0.038067,0.503419
AGATACGACTTCATAT-1,0.000031,0.000031,0.084589,0.508224,0.000232,0.406893
AGATACTCAAGATCGA-1,0.000024,0.000024,0.000024,0.812075,0.005945,0.181909
AGATATAATACGACTA-1,0.000275,0.050737,0.000275,0.001099,0.397652,0.549963
AGATCGTGCATAAGAT-1,0.000027,0.000027,0.000027,0.256267,0.000027,0.743625
AGATCTCAGGTGTGAT-1,0.000058,0.000058,0.000058,0.025157,0.084677,0.889993
AGATGACTCGCCCACG-1,0.000279,0.05339,0.00028,0.557959,0.387532,0.000559
AGATGAGGGTTGCGAT-1,0.000042,0.040609,0.17178,0.184952,0.032976,0.56964
AGATGATGGAGTCTGG-1,0.000035,0.000035,0.267837,0.199529,0.022088,0.510477
AGATGCAAGACGTGCA-1,0.000481,0.000481,0.000481,0.001924,0.317924,0.67871
AGATGCATCCTGTGTC-1,0.000441,0.000441,0.000441,0.001763,0.162759,0.834157
AGATGCTATAACGAGC-1,0.000556,0.111365,0.000556,0.885857,0.000556,0.001111
AGATTATAGGACGTTT-1,0.000044,0.050031,0.001523,0.351078,0.000044,0.597279
AGATTCACAACCGATA-1,0.000092,0.000092,0.000092,0.000367,0.337608,0.661749
AGCAAAGGCCGCTAGT-1,0.000026,0.000026,0.000026,0.133025,0.626876,0.240023
AGCAACATATCTTATT-1,0.00002,0.008389,0.036921,0.481019,0.038615,0.435035
AGCAACCGAAAGTAAT-1,0.000565,0.000565,0.000565,0.145079,0.252622,0.600603
AGCACACGTTTAGACT-1,0.000089,0.000089,0.000089,0.110904,0.050141,0.838689
AGCACCAGTACTCACG-1,0.000115,0.000115,0.000115,0.000459,0.000115,0.999082
AGCACTACCGGCCTGT-1,0.000156,0.000156,0.000156,0.187566,0.000156,0.811809
AGCACTACCTCACCAG-1,0.000057,0.000057,0.000057,0.136337,0.22074,0.642752
AGCACTTAAGGACGCC-1,0.000039,0.017039,0.037231,0.121861,0.297553,0.526277
AGCAGAAGGAGAAAGA-1,0.000541,0.000541,0.000541,0.002163,0.000541,0.995675
AGCAGTCGAAGCATGC-1,0.000094,0.076422,0.000094,0.014754,0.051194,0.857441
AGCATATCAATATGCT-1,0.000014,0.048314,0.065664,0.713965,0.08443,0.087613
AGCATCATTTCGAAAG-1,0.000275,0.000275,0.114413,0.037147,0.425434,0.422456
AGCATCGTCGATAATT-1,0.000045,0.000045,0.260638,0.680163,0.026591,0.032519
AGCCACAGGTTACCCG-1,0.000058,0.000058,0.072065,0.684037,0.000058,0.243724
AGCCACTCCCGTGCTT-1,0.000087,0.000087,0.000087,0.000349,0.000087,0.999303
AGCCATATAGTATGTG-1,0.000935,0.000935,0.000935,0.003739,0.000935,0.992521
AGCCCATACATGTAAG-1,0.000128,0.000128,0.088207,0.150745,0.075692,0.6851
AGCCCGGCATTAGAGG-1,0.000145,0.000145,0.035402,0.384271,0.062946,0.517091
AGCCCTAAGCGAAGTT-1,0.000741,0.000741,0.000741,0.002964,0.000741,0.994073
AGCCCTCCCTGGTGGC-1,0.000094,0.050689,0.000094,0.193875,0.000094,0.755156
AGCCCTTCTAATCCGA-1,0.000058,0.039098,0.000058,0.226174,0.03773,0.696882
AGCCGCAAATTCAAAT-1,0.00303,0.122603,0.003031,0.353732,0.511541,0.006062
AGCCGCTTGATTAGCG-1,0.000014,0.016813,0.000014,0.522184,0.20376,0.257216
AGCCGTGGCTAAATGT-1,0.000315,0.123257,0.000316,0.14762,0.410222,0.31827
AGCCTAATACCCACGT-1,0.000125,0.000573,0.000126,0.000502,0.001159,0.997515
AGCCTTAAAGCGGAAG-1,0.000054,0.000054,0.125864,0.357764,0.01535,0.500914
AGCGACAGGAACGGTC-1,0.000037,0.000037,0.000037,0.493567,0.011702,0.494619
AGCGACATCCCATTCA-1,0.000051,0.009012,0.000051,0.270483,0.002533,0.71787
AGCGACCAACGATATT-1,0.000207,0.070079,0.021173,0.000828,0.226671,0.681041
AGCGAGACGTGAAGGC-1,0.000222,0.000222,0.000222,0.000889,0.022324,0.97612
AGCGCGGGTGCCAATG-1,0.000036,0.061674,0.023191,0.068131,0.000036,0.846932
AGCGCTTATGGGCAAG-1,0.000023,0.004947,0.023023,0.71641,0.000023,0.255575
AGCGGACACTTCGTAG-1,0.000498,0.000498,0.000498,0.001991,0.046858,0.949659
AGCGGCGGTTAGCGGT-1,0.000107,0.062785,0.000107,0.030636,0.199049,0.707315
AGCGGGAAGGGTCCAT-1,0.000024,0.001368,0.012518,0.749991,0.024023,0.212076
AGCGGGTCTGACACTC-1,0.001136,0.001137,0.001137,0.004547,0.330857,0.661186
AGCGGTTGCCGCTCTG-1,0.000066,0.006046,0.000066,0.103568,0.000066,0.890187
AGCGTACGAGAGCTAG-1,0.00008,0.00008,0.00008,0.000322,0.287543,0.711894
AGCGTAGCGCTAGACC-1,0.000043,0.073684,0.042738,0.078518,0.415569,0.389447
AGCGTCTGAACCCGCA-1,0.000037,0.040097,0.029818,0.496647,0.050146,0.383254
AGCGTGGTATTCTACT-1,0.000058,0.000058,0.000058,0.000233,0.077462,0.92213
AGCTAACAAGCAATGT-1,0.000077,0.009849,0.000077,0.228571,0.109296,0.652129
AGCTAAGTACGCAGGC-1,0.000059,0.044358,0.013051,0.154545,0.149515,0.638471
AGCTAGAAGCAGAAGT-1,0.000014,0.031479,0.050825,0.891739,0.000014,0.025929
AGCTATTTAATCCAAC-1,0.000187,0.000187,0.000187,0.000746,0.000187,0.998507
AGCTCCTTCGCACATC-1,0.00001,0.011778,0.00001,0.943626,0.00282,0.041756
AGCTCTAGACGTTCCA-1,0.000059,0.015569,0.000059,0.000235,0.000059,0.984019
AGCTCTTCCCAGTGCA-1,0.000035,0.012677,0.056173,0.307509,0.001405,0.622202
AGCTCTTCGTAACCTT-1,0.000057,0.044688,0.064028,0.222685,0.000057,0.668484
AGCTCTTTACTCAGTT-1,0.000039,0.000039,0.000039,0.084233,0.000039,0.915612
AGCTGAAGTAAACCAA-1,0.000036,0.000036,0.000036,0.000146,0.000036,0.999709
AGCTGTAACCTCAATC-1,0.000138,0.000138,0.097903,0.13062,0.146419,0.624782
