Barcode,Topic 1,Topic 2to5,Topic 6to9
AAACAAGTATCTCCCA-1,0.000056,0.48611,0.513834
AAACACCAATAACTGC-1,0.000767,0.236362,0.762872
AAACAGAGCGACTCCT-1,0.000024,0.157489,0.842487
AAACAGGGTCTATATT-1,0.000376,0.001503,0.998122
AAACAGTGTTCCTGGG-1,0.000467,0.001869,0.997664
AAACATTTCCCGGATT-1,0.000183,0.120948,0.878868
AAACCCGAACGAAATC-1,0.000005,0.976534,0.023462
AAACCGGAAATGTTAA-1,0.000043,0.224061,0.775896
AAACCGGGTAGGTACC-1,0.000088,0.404573,0.595339
AAACCGTTCGTCCAGG-1,0.000196,0.13805,0.861753
AAACCTCATGAAGTTG-1,0.000243,0.149621,0.850136
AAACGAGACGGTTGAT-1,0.000055,0.620129,0.379816
AAACGGGCGTACGGGT-1,0.000108,0.097852,0.90204
AAACTCGTGATATAAG-1,0.000041,0.038489,0.961469
AAACTGCTGGCTCCAA-1,0.000019,0.443475,0.556506
AAACTTGCAAACGTAT-1,0.000085,0.350618,0.649297
AAAGACCCAAGTCGCG-1,0.000053,0.519218,0.480728
AAAGACTGGGCGCTTT-1,0.000199,0.000796,0.999005
AAAGGCTACGGACCAT-1,0.000105,0.026643,0.973252
AAAGGCTCTCGCGCCG-1,0.000073,0.822063,0.177864
AAAGGGATGTAGCAAG-1,0.000048,0.005678,0.994273
AAAGGGCAGCTTGAAT-1,0.000139,0.000556,0.999305
AAAGTAGCATTGCTCA-1,0.000099,0.255953,0.743948
AAAGTCGACCCTCAGT-1,0.000179,0.211296,0.788525
AAAGTGTGATTTATCT-1,0.00007,0.366535,0.633395
AAAGTTGACTCCCGTA-1,0.00004,0.523109,0.47685
AAATAACCATACGGGA-1,0.000031,0.370418,0.629551
AAATAAGGTAGTGCCC-1,0.000028,0.252771,0.7472
AAATAGCTTAGACTTT-1,0.00003,0.39135,0.60862
AAATCGTGTACCACAA-1,0.000059,0.390601,0.609341
AAATCTAGCCCTGCTA-1,0.000103,0.016814,0.983083
AAATGATTCGATCAGC-1,0.000043,0.442745,0.557212
AAATGCTCGTTACGTT-1,0.000083,0.00033,0.999587
AAATGGCCCGTGCCCT-1,0.000424,0.001697,0.997878
AAATGGTCAATGTGCC-1,0.000028,0.261697,0.738275
AAATTAACGGGTAGCT-1,0.000034,0.196874,0.803092
AAATTACACGACTCTG-1,0.000123,0.000493,0.999384
AAATTACCTATCGATG-1,0.000077,0.040897,0.959026
AAATTCCAGGTCCAAA-1,0.000018,0.229958,0.770023
AAATTGATAGTCCTTT-1,0.000141,0.000563,0.999296
AAATTTGCGGGTGTGG-1,0.000137,0.000549,0.999314
AACAACTGGTAGTTGC-1,0.000022,0.494905,0.505074
AACAATACATTGTCGA-1,0.000221,0.000884,0.998895
AACAATTACTCTACGC-1,0.000063,0.198037,0.8019
AACACACGCTCGCCGC-1,0.000085,0.240608,0.759308
AACACGAGACGCGGCC-1,0.000312,0.001249,0.998438
AACACGCGGCCGCGAA-1,0.000201,0.213426,0.786373
AACAGCTGTGTGGCAA-1,0.000126,0.615156,0.384718
AACAGGATGGGCCGCG-1,0.000117,0.000467,0.999417
AACAGGTAGTATGGAT-1,0.000046,0.248607,0.751348
AACATATCAACTGGTG-1,0.000013,0.70276,0.297227
AACATCGATACGTCTA-1,0.00004,0.190503,0.809456
AACATTGTGACTCGAG-1,0.000228,0.000913,0.998858
AACCAAGACTTCTCTG-1,0.000247,0.000988,0.998765
AACCATGGGATCGCTA-1,0.000016,0.725087,0.274898
AACCCAGAGACGGAGA-1,0.000024,0.494984,0.504992
AACCCGACAACCCGTG-1,0.00025,0.119306,0.880445
AACCCGAGCAGAATCG-1,0.00004,0.657718,0.342241
AACCCTACTGTCAATA-1,0.000079,0.336393,0.663528
AACCGCTAAGGGATGC-1,0.000034,0.820589,0.179376
AACCTGTCACGGAATT-1,0.000031,0.289356,0.710613
AACCTTTACGACGTCT-1,0.000042,0.009924,0.990034
AACGATAGAAGGGCCG-1,0.000076,0.000303,0.999621
AACGATATGTCAACTG-1,0.000184,0.344534,0.655282
AACGCATGATCTGGGT-1,0.000024,0.307103,0.692873
AACGCGAACGGCAACA-1,0.000292,0.157605,0.842103
AACGCTGTTGCTGAAA-1,0.000124,0.153096,0.846779
AACGGACGTACGTATA-1,0.000132,0.077532,0.922337
AACGGCCATCTCCGGT-1,0.000049,0.149094,0.850857
AACGTACTGTGGGTAC-1,0.000345,0.001381,0.998273
AACGTCAGACTAGTGG-1,0.00005,0.243656,0.756294
AACGTGATGAAGGACA-1,0.000048,0.343375,0.656577
AACTACCCGTTTGTCA-1,0.000034,0.550299,0.449666
AACTAGGCTTGGGTGT-1,0.000163,0.135782,0.864055
AACTCAAGTTAATTGC-1,0.00001,0.994613,0.005376
AACTCCAGAGCGTGTT-1,0.000153,0.000613,0.999234
AACTCCTAATCCCATG-1,0.000013,0.866893,0.133095
AACTCGATGGCGCAGT-1,0.000144,0.000575,0.999282
AACTCTCAATAGAGCG-1,0.000051,0.270601,0.729348
AACTCTCAGTGTGCTC-1,0.000588,0.202872,0.79654
AACTGAGTTATACTGA-1,0.0001,0.700262,0.299638
AACTTCTGCGTCTATC-1,0.000276,0.258918,0.740806
AACTTGCCCGTATGCA-1,0.000028,0.621278,0.378695
AACTTGCGTTCTCGCG-1,0.000261,0.001044,0.998695
AAGAAGGATCAGTTAG-1,0.000072,0.000289,0.999639
AAGACCCAACTGAACA-1,0.000165,0.007878,0.991957
AAGAGATGAATCGGTA-1,0.000045,0.423913,0.576042
AAGAGGATGTACGCGA-1,0.000096,0.216893,0.783011
AAGAGGCATGGATCGC-1,0.000083,0.141952,0.857966
AAGAGGCCCTTTGGAA-1,0.000137,0.00055,0.999313
AAGATGGCACCGGACC-1,0.000156,0.116491,0.883353
AAGATTGGCGGAACGT-1,0.000089,0.020055,0.979856
AAGCCACTTGCAGGTA-1,0.000145,0.000581,0.999274
AAGCCGAAGCGGTTTA-1,0.00003,0.608502,0.391468
AAGCCGCCGTGAAATC-1,0.000197,0.00079,0.999013
AAGCGGCGTCATGGGT-1,0.000022,0.511812,0.488166
AAGCGTCCCTCATCGA-1,0.000281,0.6142,0.385519
AAGGAGCGGTTGGTGC-1,0.000035,0.179639,0.820325
AAGGATCGATCGCTTG-1,0.000029,0.672681,0.32729
AAGGATGAGGGACCTC-1,0.000037,0.436701,0.563262
AAGGCAGGCTGTCTCC-1,0.000018,0.755281,0.2447
AAGGCGCGTAAAGCTT-1,0.000035,0.316432,0.683533
AAGGCTGTGCTCATCG-1,0.000048,0.184795,0.815158
AAGGGAACGACTGGCT-1,0.000342,0.001369,0.998289
AAGGGACAGATTCTGT-1,0.000043,0.442452,0.557505
AAGGGACTATGCATTC-1,0.000193,0.026388,0.973418
AAGGTATCCTAATATA-1,0.000027,0.624025,0.375947
AAGGTGATAAACCAGC-1,0.000084,0.110188,0.889728
AAGTAGAAGACCGGGT-1,0.000019,0.903116,0.096865
AAGTAGTGACGCGAGG-1,0.000042,0.507267,0.49269
AAGTCAATTGTCGTCA-1,0.000058,0.049642,0.9503
AAGTGACGACCGAATT-1,0.000206,0.027193,0.972601
AAGTGAGTCGGGTTTA-1,0.00011,0.04214,0.957749
AAGTGCCTTGACTGTA-1,0.00007,0.165863,0.834067
AAGTGCGTTAGAATCT-1,0.000085,0.283737,0.716178
AAGTGCTTCTCTATTG-1,0.000086,0.27086,0.729055
AAGTTCACTCCAAGCT-1,0.000289,0.001155,0.998556
AAGTTCAGTCTGCGTA-1,0.000026,0.525031,0.474944
AAGTTCGGCCAACAGG-1,0.000078,0.210853,0.789068
AAGTTGTGATGTTATA-1,0.000109,0.000437,0.999454
AATAACAACGCTCGGC-1,0.000033,0.803597,0.19637
AATAACACTAGAACAA-1,0.000115,0.000459,0.999426
AATAATCTTCGTATCG-1,0.000074,0.059513,0.940412
AATACAATGTTTCAGG-1,0.000078,0.459274,0.540648
AATACCGGAGGGCTGT-1,0.00007,0.00028,0.99965
AATACCTGATGTGAAC-1,0.000029,0.731401,0.26857
AATAGAACAGAGTGGC-1,0.000207,0.00083,0.998963
AATAGAATCTGTTTCA-1,0.00011,0.255338,0.744552
AATAGCTACCGCGTGC-1,0.00005,0.046109,0.953842
AATAGGCACGACCCTT-1,0.000075,0.254416,0.74551
AATAGTCCGTCCCGAC-1,0.000184,0.000735,0.999081
AATATCAAGGTCGGAT-1,0.000165,0.162004,0.837831
AATATCGAATCAATGC-1,0.00003,0.626841,0.373129
AATATCGAGGGTTCTC-1,0.000047,0.173569,0.826384
AATATTGGAGTATTGA-1,0.000934,0.003737,0.995328
AATCAGACTGCAGGAC-1,0.000141,0.000564,0.999295
AATCAGGTTTCATTTA-1,0.00015,0.479405,0.520445
AATCATGTAAAGACTC-1,0.00004,0.513655,0.486304
AATCCAAGGGCCTGAG-1,0.000038,0.013183,0.986779
AATCCATGCAAGGGTG-1,0.000095,0.000378,0.999527
AATCGCCTCAGCGCCA-1,0.000244,0.552727,0.447029
AATCGCGCAGAGGACT-1,0.000025,0.527026,0.472949
AATCTAGGTTTACTTG-1,0.000306,0.229661,0.770033
AATCTATGCCGGAGCC-1,0.000035,0.423688,0.576278
AATCTGCGTTGGGACG-1,0.00011,0.009556,0.990334
AATCTGGCTTTCTAGT-1,0.000545,0.00218,0.997275
AATGACAGCAATGTCT-1,0.000115,0.000461,0.999423
AATGACTGTCAGCCGG-1,0.000036,0.128049,0.871915
AATGAGTTCGCATATG-1,0.000086,0.003289,0.996625
AATGATGATACGCTAT-1,0.000041,0.31344,0.686519
AATGATGCGACTCCTG-1,0.000048,0.248279,0.751673
AATGCAACCGGGTACC-1,0.000033,0.169414,0.830553
AATGCACCAAGCAATG-1,0.000011,0.900044,0.099946
AATGGTCCACCGTTCA-1,0.000183,0.008476,0.991342
AATGGTTCTCACAAGC-1,0.000024,0.658428,0.341548
AATGTGCCCGAGGTGT-1,0.0001,0.338995,0.660905
AATGTGCTAATCTGAG-1,0.000397,0.200486,0.799117
AATTAAAGGTCGGCGT-1,0.000012,0.745526,0.254462
AATTAGCGCTGCAGCG-1,0.00009,0.000362,0.999548
AATTCATAAGGGATCT-1,0.000108,0.170923,0.828969
AATTCTAGAGTTAGGC-1,0.000037,0.734832,0.26513
AATTGAACGCTCTGGT-1,0.000183,0.00073,0.999087
AATTGCAGCAATCGAC-1,0.000061,0.179761,0.820178
AATTTGGGACATAGTA-1,0.000031,0.279284,0.720686
ACAAACTCCATCAGAG-1,0.000975,0.379225,0.6198
ACAAAGCATGACCTAG-1,0.000095,0.000381,0.999524
ACAAATCGCACCGAAT-1,0.000169,0.000676,0.999155
ACAAATGGTAGTGTTT-1,0.00005,0.355282,0.644668
ACAACGGTCCCTGCGA-1,0.000036,0.478058,0.521906
ACAAGCAGTGCCTAGC-1,0.000015,0.784034,0.21595
ACAAGGACAAGAGGTT-1,0.000024,0.812186,0.18779
ACAAGGATGCTTTAGG-1,0.000275,0.001101,0.998624
ACAATAGTCGTACGTT-1,0.000148,0.50695,0.492902
ACAATCCATTTAAACC-1,0.000046,0.320687,0.679267
ACAATGAATACGGAGA-1,0.000141,0.000564,0.999295
ACAATTGTGTCTCTTT-1,0.000126,0.098307,0.901567
ACAATTTGAGCAGTGG-1,0.00005,0.340591,0.659359
ACAATTTGGCCATATT-1,0.000016,0.667594,0.33239
ACACAAAGACGGGTGG-1,0.00003,0.173429,0.826541
ACACACCAGGACCAGT-1,0.000072,0.302624,0.697304
ACACCACATAATTAGC-1,0.000037,0.086212,0.913751
ACACCCAGCATGCAGC-1,0.000035,0.094736,0.90523
ACACCCGAGAAATCCG-1,0.00002,0.513821,0.486159
ACACCTTAAGTAGGGC-1,0.000042,0.108134,0.891824
ACACCTTACTACTTGC-1,0.000035,0.197826,0.802139
ACACGTAGGCCACAAG-1,0.000067,0.141314,0.858618
ACACTCCAATGTCACT-1,0.000046,0.549613,0.450342
ACACTGATCAAGGTGT-1,0.000618,0.002471,0.996911
ACACTGGGACAGTCGT-1,0.000039,0.685278,0.314683
ACAGAACTGAGAACAA-1,0.000173,0.000691,0.999137
ACAGCGACATTCTCAT-1,0.000126,0.000504,0.99937
ACAGCGCACCCGCAGC-1,0.000069,0.067475,0.932456
ACAGGCACGGATCCTT-1,0.000235,0.00094,0.998825
ACAGGCTTGCCCGACT-1,0.000119,0.191971,0.80791
ACAGGTGGAGGTGAGG-1,0.00018,0.000718,0.999102
ACAGTAATACAACTTG-1,0.0002,0.000798,0.999002
ACATAATAAGGCGGTG-1,0.000189,0.115101,0.88471
ACATACAATCAAGCGG-1,0.000105,0.00042,0.999475
ACATCCCGGCCATACG-1,0.000036,0.799706,0.200258
ACATCCTGGTAACTGT-1,0.000103,0.310799,0.689098
ACATCGATCGTTTACC-1,0.000005,0.999974,0.00002
ACATCGGTCAGCCGCG-1,0.000099,0.264357,0.735544
ACATCGTATGCAATGG-1,0.000162,0.000647,0.999191
ACATGGCGCCAAAGTA-1,0.000026,0.525502,0.474472
ACATTAGTTTATATCC-1,0.000058,0.168718,0.831224
ACATTCGCGCGGAATA-1,0.001039,0.014038,0.984923
ACATTTGAAACCTAAC-1,0.000085,0.006944,0.992971
ACCAAACACCCAGCGA-1,0.000037,0.075217,0.924746
ACCAACACCACACACT-1,0.000052,0.022553,0.977395
ACCAACCGCACTCCAC-1,0.000123,0.160452,0.839425
ACCAACGCTTATTTAT-1,0.000235,0.000938,0.998827
ACCAAGAACGCGTGTC-1,0.000055,0.14939,0.850555
ACCACAACTCAGAACA-1,0.000049,0.313468,0.686483
ACCACAAGTTTCTATC-1,0.00003,0.122287,0.877683
ACCACCAATGTAACAA-1,0.000017,0.629487,0.370496
ACCAGTGCCCGGTCAA-1,0.000049,0.000196,0.999755
ACCAGTGCGGGAGACG-1,0.000043,0.771788,0.22817
ACCATATCCGCAATAA-1,0.000016,0.638332,0.361652
ACCATCCGCCAACTAG-1,0.000731,0.372552,0.626717
ACCATCGTATATGGTA-1,0.000314,0.001256,0.99843
ACCCAACGCCCGTGGC-1,0.000049,0.156731,0.84322
ACCCACCTACATGCTC-1,0.000033,0.496183,0.503784
ACCCATCTTGAGGGTA-1,0.000112,0.000449,0.999439
ACCCATTTGTCCCTCT-1,0.000061,0.644172,0.355767
ACCCGAGCGAAATTAC-1,0.000351,0.101747,0.897902
ACCCGATTGGTTCCGA-1,0.000232,0.000929,0.998839
ACCCGGAAACTCCCAG-1,0.00012,0.389559,0.610321
ACCCGGAGCACCACAA-1,0.00008,0.001156,0.998765
ACCCGGATGACGCATC-1,0.000088,0.1628,0.837112
ACCCGGTTACACTTCC-1,0.000028,0.768906,0.231066
ACCCGTGTCATCAGTA-1,0.000248,0.000991,0.998762
ACCCTATAGGACTGAG-1,0.000149,0.504162,0.495689
ACCCTATGCCATATCG-1,0.000318,0.682458,0.317225
ACCCTCCCGTCAGGGC-1,0.000197,0.197215,0.802587
ACCCTCCCTTGCTATT-1,0.000161,0.000645,0.999193
ACCCTGGTAACGCCCT-1,0.000039,0.040111,0.95985
ACCCTTTAGTTCTCCA-1,0.000131,0.000526,0.999343
ACCGACTGAGTCCCAC-1,0.00006,0.099491,0.900449
ACCGATAGGCATAACC-1,0.00004,0.546522,0.453438
ACCGATATTTAATCAT-1,0.000061,0.354601,0.645338
ACCGATGGTAGCATCG-1,0.000059,0.11248,0.887461
ACCGCGGTGGAAGTCG-1,0.000015,0.951294,0.048691
ACCGCTAGTCATTGGT-1,0.000337,0.172992,0.826671
ACCGGGCCTTTGTTGA-1,0.000024,0.845855,0.15412
ACCGTGACCACGTGGG-1,0.000133,0.539128,0.460739
ACCTAAGTACCTTTCA-1,0.000091,0.136646,0.863263
ACCTAATCGACTTCCT-1,0.00007,0.000282,0.999647
ACCTACAGTATGTGGT-1,0.000035,0.613886,0.386079
ACCTCAGCGAGGCGCA-1,0.000272,0.001087,0.998641
ACCTCCGCCCTCGCTG-1,0.000219,0.017693,0.982088
ACCTCCGTTATTCACC-1,0.000015,0.849072,0.150913
ACCTGCGTGTCATGTT-1,0.000505,0.002022,0.997473
ACGAAATGGGCGGCAC-1,0.000028,0.872248,0.127724
ACGACTCTAGGGCCGA-1,0.00005,0.000201,0.999749
ACGACTGGTCATACTC-1,0.000601,0.002404,0.996995
ACGAGAACCCATCACG-1,0.000033,0.459197,0.54077
ACGAGATATTTGCTTA-1,0.000031,0.627957,0.372012
ACGAGGATACCACTCT-1,0.000836,0.003344,0.99582
ACGAGTACGGATGCCC-1,0.000023,0.540935,0.459042
ACGATACATAGAACTA-1,0.000063,0.307309,0.692628
ACGATCATACATAGAG-1,0.000038,0.429823,0.57014
ACGATCATCTTGTAAA-1,0.000044,0.389105,0.610851
ACGATGCATATGTTAT-1,0.000066,0.349563,0.650371
ACGCAAACTAATAGAT-1,0.000181,0.04868,0.951139
ACGCAATCACTACAGC-1,0.000039,0.351218,0.648743
ACGCATACGTTTACTA-1,0.000057,0.000228,0.999715
ACGCATTCGTGAGTAC-1,0.000038,0.150421,0.84954
ACGCCAGTGCGTTTGC-1,0.000154,0.000618,0.999228
ACGCGAAGTCAGACGA-1,0.000036,0.557478,0.442486
ACGCGCTACACAGGGT-1,0.000107,0.115996,0.883897
ACGCGGGCCAAGGACA-1,0.000035,0.112008,0.887957
ACGCTAGTGATACACT-1,0.000025,0.501667,0.498308
ACGCTGTGAGGCGTAG-1,0.000849,0.003395,0.995756
ACGGAACACGAGTGCC-1,0.000115,0.00046,0.999425
ACGGAATTTAGCAAAT-1,0.000098,0.00039,0.999512
ACGGAGCGCAAATTAC-1,0.000048,0.240568,0.759384
ACGGCACTTGCTTGGG-1,0.000038,0.7426,0.257361
ACGGCCAACATGGACT-1,0.000075,0.043042,0.956883
ACGGGAGTGTCGGCCC-1,0.000195,0.077945,0.92186
ACGGGCGTATGCGACA-1,0.000024,0.301653,0.698323
ACGGTACAGTTCAATG-1,0.000168,0.068346,0.931486
ACGTACTTTGGCACGG-1,0.000178,0.000714,0.999108
ACGTAGATTGCTGATG-1,0.000039,0.477835,0.522126
ACGTATTACTCCGATC-1,0.000079,0.165396,0.834525
ACGTTAATGTCGAAGA-1,0.000015,0.691425,0.30856
ACGTTAGATTTGCCCG-1,0.000091,0.416321,0.583588
ACGTTCACTATGCCGC-1,0.000338,0.001352,0.99831
ACGTTCGCAATCAATT-1,0.000017,0.436378,0.563605
ACGTTCGTTCAGGAAA-1,0.00026,0.001039,0.998701
ACGTTCTGTACAAGTC-1,0.000232,0.154566,0.845202
ACGTTGTCGTTGAAAG-1,0.000105,0.00042,0.999476
ACTAATACGTCAGGCG-1,0.000042,0.226373,0.773585
ACTACCAGCTCTCTGG-1,0.000039,0.558489,0.441472
ACTACCATCCGAGGGC-1,0.000335,0.00134,0.998325
ACTACGCGTTAGAATT-1,0.000217,0.170382,0.829401
ACTAGTTGCGATCGTC-1,0.000037,0.766774,0.23319
ACTATATGCTGTGTTC-1,0.000037,0.280938,0.719025
ACTATCCAGGGCATGG-1,0.000026,0.459319,0.540656
ACTATCTGCCCGCGTA-1,0.000059,0.23545,0.764491
ACTATGTCCAGCTGCC-1,0.000727,0.002907,0.996367
ACTATTTCCGGGCCCA-1,0.000232,0.000927,0.998842
ACTCAACGAATGTATT-1,0.000109,0.125253,0.874639
ACTCAAGTGCAAGGCT-1,0.00024,0.000959,0.998802
ACTCAGACCTGCTTCT-1,0.000092,0.00037,0.999538
ACTCCAATATCATCAT-1,0.000443,0.314803,0.684755
ACTCCCATTCCTAAAG-1,0.000386,0.001544,0.99807
ACTCCCGAATTCGTTT-1,0.000017,0.656523,0.34346
ACTCCGGCCGACCACT-1,0.000322,0.001289,0.998389
ACTCGCGATCTGACGC-1,0.000007,0.93132,0.068673
ACTCGTAACCCGTCCT-1,0.000311,0.001242,0.998447
ACTCTCTTATACACGA-1,0.000063,0.419623,0.580315
ACTCTGACCTAATAGA-1,0.000241,0.000963,0.998797
ACTGAAACGCCGTTAG-1,0.000063,0.299824,0.700113
ACTGAATGGCGAAAGT-1,0.000152,0.000609,0.999239
ACTGCCCGCCATTCTC-1,0.000783,0.003132,0.996085
ACTGCGGACACACCGT-1,0.000033,0.253015,0.746952
ACTGTACGATACACAT-1,0.000087,0.267533,0.732381
ACTGTAGCACTTTGGA-1,0.000009,0.863005,0.136986
ACTGTATACGCGAGCA-1,0.000017,0.608788,0.391196
ACTGTCCAGGATTATA-1,0.000026,0.076089,0.923885
ACTGTCTTCTTTAGAA-1,0.00004,0.057626,0.942334
ACTGTGCTAGTAGATC-1,0.000048,0.3057,0.694252
ACTTACCGGGCGCGCA-1,0.000013,0.735216,0.26477
ACTTAGTACGACAAGA-1,0.000053,0.024472,0.975475
ACTTATACTTACCCGG-1,0.000075,0.366187,0.633738
ACTTATTAGGATCGGT-1,0.000053,0.231437,0.76851
ACTTATTTATGTGCCA-1,0.000183,0.000734,0.999083
ACTTCAGGCTGATCCC-1,0.000401,0.313474,0.686124
ACTTGGGACCCGGTGG-1,0.000044,0.080349,0.919607
ACTTGTGGATGGAACG-1,0.000091,0.000366,0.999543
ACTTTACCCTCATGAA-1,0.000018,0.399962,0.60002
ACTTTCCTATAGCTTC-1,0.000057,0.08808,0.911863
ACTTTGTCGACGCACT-1,0.000102,0.179585,0.820313
AGAAATTATGACTCGC-1,0.000063,0.2236,0.776337
AGAACCCAGCGTGACA-1,0.000008,0.800015,0.199976
AGAACTGTACTTTGTA-1,0.000049,0.555847,0.444104
AGAAGAGCGCCGTTCC-1,0.000522,0.044101,0.955377
AGAAGGTTGCCGAATT-1,0.000011,0.999947,0.000042
AGAAGTGATTCGTGAT-1,0.000103,0.266897,0.733
AGAATACAGGCTATCC-1,0.000082,0.000328,0.99959
AGAATGCGGGTTCGGA-1,0.00011,0.075452,0.924438
AGAATTATGGATTCGA-1,0.000049,0.276658,0.723292
AGAATTGTTTGACATA-1,0.000193,0.000772,0.999035
AGACAGGCATCTCAGC-1,0.000061,0.134037,0.865902
AGACCATGGGATACAA-1,0.000085,0.067731,0.932184
AGACCCACCGCTGATC-1,0.000118,0.349361,0.650521
AGACCCGCCCTCCTCG-1,0.000034,0.234846,0.76512
AGACCGCTCCGCGGTT-1,0.000034,0.832841,0.167125
AGACCGGGAAACCCTG-1,0.000184,0.06257,0.937246
AGACGAAGTGCCGGTC-1,0.000082,0.113029,0.886888
AGACGACGATGCCGCT-1,0.000085,0.000339,0.999576
AGACGCCCACTTCGCC-1,0.000025,0.573867,0.426108
AGACGGGCCGATTTAA-1,0.000072,0.073962,0.925966
AGACTAGCCTTCCAGA-1,0.000035,0.067854,0.932111
AGACTGTTACCGGGTC-1,0.000051,0.824142,0.175807
AGAGAAACACCAGAAA-1,0.000138,0.000551,0.999311
AGAGAACCGTCTAGGA-1,0.000053,0.1622,0.837747
AGAGAAGGAGTACAAT-1,0.000686,0.252519,0.746795
AGAGATCTCTAAAGCG-1,0.000159,0.059543,0.940298
AGAGCAGTTATGAGAC-1,0.000094,0.109853,0.890053
AGAGCCGCCGAGATTT-1,0.000059,0.403339,0.596602
AGAGCGTACAAGCTCG-1,0.000076,0.000303,0.999622
AGAGGCTTCGGAAACC-1,0.00009,0.201052,0.798858
AGAGTAAACTTCACTA-1,0.000049,0.27339,0.726561
AGATAACTTCAGGGCC-1,0.000008,0.958061,0.041931
AGATACCAATAGAACC-1,0.000096,0.000385,0.999518
AGATACCGGTGTTCAC-1,0.000066,0.525213,0.474721
AGATACGACTTCATAT-1,0.00005,0.114422,0.885528
AGATACTCAAGATCGA-1,0.000086,0.21982,0.780095
AGATCGTGCATAAGAT-1,0.000027,0.41579,0.584183
AGATGACTCGCCCACG-1,0.000067,0.16656,0.833373
AGATGAGGGTTGCGAT-1,0.000037,0.036188,0.963775
AGATGATGGAGTCTGG-1,0.000025,0.640227,0.359748
AGATGCAAGACGTGCA-1,0.000621,0.002485,0.996894
AGATTATAGGACGTTT-1,0.00003,0.431447,0.568522
AGCAACATATCTTATT-1,0.000078,0.096051,0.903871
AGCAACCGAAAGTAAT-1,0.000628,0.002513,0.996859
AGCACACGTTTAGACT-1,0.001444,0.005776,0.992781
AGCACCAGTACTCACG-1,0.000056,0.000222,0.999722
AGCACTACCGGCCTGT-1,0.000128,0.289075,0.710797
AGCACTTAAGGACGCC-1,0.000087,0.000349,0.999564
AGCAGCCAGATGAATA-1,0.000159,0.058751,0.94109
AGCATATCAATATGCT-1,0.00012,0.107738,0.892143
AGCATCATTTCGAAAG-1,0.000722,0.002888,0.996391
AGCATCGTCGATAATT-1,0.000041,0.305912,0.694047
AGCATTACGAGGCAAG-1,0.000136,0.08383,0.916033
AGCCACAGGTTACCCG-1,0.000188,0.000751,0.999061
AGCCACTCCCGTGCTT-1,0.000035,0.734249,0.265716
AGCCCATACATGTAAG-1,0.000117,0.000469,0.999414
AGCCCGGCATTAGAGG-1,0.000591,0.110072,0.889337
AGCCCGGTAGCCTGTA-1,0.000084,0.432412,0.567504
AGCCCTCCCTGGTGGC-1,0.000601,0.271102,0.728297
AGCCCTGTCGCACCGT-1,0.000007,0.848721,0.151272
AGCCCTTCTAATCCGA-1,0.000029,0.553272,0.446699
AGCCCTTGGACATCCC-1,0.000084,0.216506,0.78341
AGCCGTGGCTAAATGT-1,0.000138,0.00055,0.999312
AGCCTAATACCCACGT-1,0.00051,0.107934,0.891556
AGCCTTAAAGCGGAAG-1,0.000138,0.370415,0.629447
AGCGACAGGAACGGTC-1,0.000063,0.40131,0.598627
AGCGACATCCCATTCA-1,0.000138,0.377326,0.622536
AGCGACCAACGATATT-1,0.000042,0.000168,0.999789
AGCGATGCGCCTAATA-1,0.000085,0.067127,0.932788
AGCGCATAATGAATCG-1,0.000254,0.001015,0.998731
AGCGCGGGTGCCAATG-1,0.000052,0.166487,0.833461
AGCGCTAGAGCGATGT-1,0.000014,0.59478,0.405205
AGCGCTTATGGGCAAG-1,0.000083,0.428477,0.57144
AGCGGGAAGGGTCCAT-1,0.000035,0.160257,0.839708
AGCGGTTGCCGCTCTG-1,0.000173,0.113726,0.8861
AGCGTACGAGAGCTAG-1,0.000387,0.00155,0.998063
AGCGTCTGAACCCGCA-1,0.000284,0.13147,0.868246
AGCTAACAAGCAATGT-1,0.000237,0.564497,0.435266
AGCTAAGCTCCGTCCG-1,0.000205,0.000822,0.998972
AGCTAGAAGCAGAAGT-1,0.000052,0.049277,0.950671
AGCTCCATATATGTTC-1,0.000084,0.291287,0.708628
AGCTCCTTCGCACATC-1,0.000152,0.063932,0.935916
AGCTCTTCCCAGTGCA-1,0.000147,0.21298,0.786873
AGCTCTTCGTAACCTT-1,0.000009,0.891005,0.108986
AGCTCTTTACTCAGTT-1,0.000061,0.647095,0.352844
AGCTGAAGTAAACCAA-1,0.000037,0.45003,0.549932
AGCTGTAACCTCAATC-1,0.000097,0.247864,0.752039
AGCTTCTTCTCGAGCA-1,0.000199,0.021833,0.977968
AGCTTGATCTTAACTT-1,0.000112,0.047791,0.952097
AGGACAGTCGAATCCC-1,0.000096,0.017119,0.982785
AGGACATCGCACGTCG-1,0.000039,0.174649,0.825312
AGGACGACCCATTAGA-1,0.000045,0.782204,0.217751
AGGACGCTCGATGTTG-1,0.000028,0.346237,0.653735
AGGAGGCCTTCGCGCG-1,0.000118,0.000747,0.999134
AGGATAAAGTCGGGAT-1,0.000068,0.330501,0.669431
AGGATATAGGGATTTA-1,0.000103,0.338485,0.661412
AGGATATCCGACTGCA-1,0.000186,0.000745,0.999069
AGGATCACGCGATCTG-1,0.000225,0.127021,0.872754
AGGATTGCTTACGACA-1,0.00002,0.284575,0.715405
AGGCACGTGACTGTCC-1,0.000066,0.16962,0.830314
AGGCAGATGCGTAAAC-1,0.000094,0.016553,0.983353
AGGCAGGGAGCGTACT-1,0.000065,0.61139,0.388545
AGGCATTGTCGTAGGG-1,0.000155,0.015589,0.984256
AGGCCACATTGGTTAC-1,0.000042,0.194792,0.805167
AGGCCACCCGTTATGA-1,0.000008,0.973936,0.026056
AGGCCCATTGTACAGG-1,0.000096,0.00086,0.999044
AGGCCCTAGAACGCCA-1,0.000083,0.110322,0.889594
AGGCCTGAGAATCTCG-1,0.000216,0.000865,0.998918
AGGCGATAACTGGCGT-1,0.00007,0.021848,0.978083
AGGCGTCTATGGACGG-1,0.000033,0.394585,0.605382
AGGCTATGGTTAGCTT-1,0.000143,0.000574,0.999283
AGGCTTCCCGAAGAAG-1,0.00013,0.142454,0.857417
AGGCTTGCTAGACACC-1,0.000294,0.047997,0.951709
AGGGAAACGAGGTACT-1,0.000048,0.182827,0.817125
AGGGACCGGCTGCGTT-1,0.000027,0.276317,0.723657
AGGGACTCTACGCGAC-1,0.000394,0.001577,0.998029
AGGGAGACATACTTCG-1,0.000028,0.463134,0.536837
AGGGCGAGCAGCTGAT-1,0.000406,0.001623,0.997971
AGGGCGTGATCGGCTA-1,0.000047,0.069325,0.930628
AGGGCTGCAGTTACAG-1,0.000024,0.458865,0.541111
AGGGTCAGAGCACTCG-1,0.000259,0.001037,0.998704
AGGGTCAGTAACCCTA-1,0.000037,0.000149,0.999813
AGGGTCGATGCGAACT-1,0.000088,0.113761,0.886151
AGGGTGCCGTTCTTTA-1,0.001793,0.007173,0.991034
AGGGTGCTCTCGAGGG-1,0.000046,0.352153,0.647801
AGGGTTCAGACGGTCC-1,0.000226,0.000906,0.998868
AGGGTTCCCTTTGGTT-1,0.000104,0.201133,0.798763
AGGGTTTAGTTCGGGA-1,0.000026,0.525663,0.474311
AGGTAACCTCCTATTC-1,0.000029,0.23633,0.763642
AGGTACGATATTGCCA-1,0.000279,0.064417,0.935305
AGGTAGATCGAGATAT-1,0.000855,0.003421,0.995724
AGGTAGGTACAAAGCT-1,0.000063,0.180901,0.819037
AGGTATAATTGATAGT-1,0.000033,0.233641,0.766326
AGGTATGCGGACATTA-1,0.000051,0.166261,0.833689
AGGTCAGGTGAGAGTG-1,0.000057,0.657269,0.342674
AGGTCGCCTCCCAACA-1,0.000132,0.353867,0.646001
AGGTCGCGGAGTTACT-1,0.000031,0.29128,0.708689
AGGTGCACGTCCACAT-1,0.000143,0.00057,0.999287
AGGTGTATCGCCATGA-1,0.000299,0.001196,0.998506
AGGTTACACCATGCCG-1,0.000055,0.16693,0.833015
AGGTTTCACACACCTT-1,0.000018,0.668709,0.331273
AGTACATCATTTATCA-1,0.000035,0.302722,0.697243
AGTACGGGCACCTGGC-1,0.00005,0.219247,0.780703
AGTACTCTTATGCCCA-1,0.00015,0.326336,0.673513
AGTAGGAAGGAAGTTG-1,0.000047,0.008505,0.991448
AGTAGGTAACATACAT-1,0.000076,0.012783,0.987142
AGTATAATACTAGGCA-1,0.000085,0.083167,0.916748
AGTATACACAGCGACA-1,0.000017,0.875074,0.124909
AGTATGCTGGAGACCA-1,0.000135,0.00054,0.999324
AGTATTTGGCACGACC-1,0.000241,0.089334,0.910425
AGTCAAATGATGTGAT-1,0.000178,0.000713,0.999109
AGTCAACACCACCATC-1,0.000031,0.495392,0.504577
AGTCAAGATGACACTT-1,0.000155,0.035931,0.963913
AGTCACTAGCTCTCGA-1,0.000032,0.93111,0.068858
AGTCACTCCGCCTCAT-1,0.000218,0.000872,0.99891
AGTCAGCCACCGCCTG-1,0.000119,0.000474,0.999407
AGTCCATTGGCTGATG-1,0.000035,0.525955,0.47401
AGTCCCGCCTTTAATT-1,0.000046,0.059124,0.94083
AGTCGACGGTCTCAAG-1,0.000059,0.194876,0.805064
AGTCGGCCCAAACGAC-1,0.000025,0.383111,0.616865
AGTCGGCTCAACTTTA-1,0.000113,0.000454,0.999433
AGTCGGTTGCGTGAGA-1,0.000006,0.99963,0.000365
AGTCGTCGACCACCAA-1,0.000181,0.420726,0.579093
AGTCGTGGGCATTACG-1,0.000127,0.000509,0.999364
AGTCTAAAGTATACTC-1,0.000013,0.794918,0.205068
AGTCTCACAAGACTAC-1,0.000114,0.000455,0.999432
AGTCTGGACATCCTTG-1,0.000272,0.001087,0.998641
AGTGAACAAACTTCTC-1,0.000023,0.56189,0.438088
AGTGACCTACTTTACG-1,0.000018,0.871194,0.128787
AGTGACTGTGACACAA-1,0.000576,0.002304,0.99712
AGTGAGACTTCCAGTA-1,0.000089,0.150279,0.849632
AGTGAGCCTCGCCGCC-1,0.000022,0.337895,0.662083
AGTGAGGGTTTCTGAC-1,0.000071,0.000286,0.999643
AGTGATAACCTGCGCG-1,0.000119,0.149868,0.850013
AGTGATATGAGTAGTT-1,0.000135,0.352093,0.647772
AGTGATTCAAGCAGGA-1,0.000062,0.354864,0.645074
AGTGCACGCTTAAGAA-1,0.000068,0.000272,0.99966
AGTGCGTAGCTCGTAA-1,0.000124,0.453445,0.546431
AGTGCTAAACACAGCA-1,0.000128,0.000512,0.99936
AGTGCTTGCACGAATA-1,0.000057,0.553615,0.446328
AGTGGCCCGCAAATGG-1,0.000109,0.000436,0.999455
AGTGGCGGCAATTTGA-1,0.000068,0.276451,0.72348
AGTGTATTGCGCATTG-1,0.00006,0.000241,0.999699
AGTGTGGTCTATTGTG-1,0.000133,0.013252,0.986616
AGTTAAACACTTGCGA-1,0.000094,0.180886,0.819021
AGTTAAGCGGTCCCGG-1,0.000092,0.134027,0.865881
AGTTAAGTCAACCGCT-1,0.000109,0.069338,0.930553
AGTTACCGCACATGGT-1,0.000243,0.014994,0.984764
AGTTACTCTATCGTGG-1,0.000048,0.309107,0.690845
AGTTCCTACAGAATTA-1,0.000036,0.101696,0.898269
AGTTCCTATTTATGTT-1,0.00001,0.881078,0.118912
AGTTCTGCGTTGTATC-1,0.000216,0.036024,0.96376
AGTTGACATCGGCTGG-1,0.000059,0.047085,0.952856
AGTTGCTGACTGATAT-1,0.000268,0.068139,0.931593
AGTTGGCAAGGCTAGA-1,0.000173,0.000692,0.999135
AGTTTGGCACGGGTTG-1,0.0001,0.115241,0.884659
AGTTTGGCCAGACCTA-1,0.000121,0.000485,0.999394
ATAAACGGACCCGTAA-1,0.000039,0.283188,0.716773
ATAAACGTTGCACCAC-1,0.000057,0.24887,0.751073
ATAAAGGCTCGGTCGT-1,0.000006,0.996002,0.003993
ATAAAGGTCAAGTACG-1,0.00011,0.148099,0.851791
ATAAATATTAGCAGCT-1,0.000334,0.001336,0.998331
ATAACGCCGGAGGGTC-1,0.000142,0.000568,0.99929
ATAAGTAGGATTCAGA-1,0.000029,0.382277,0.617694
ATAAGTAGGGCGACTC-1,0.000023,0.423054,0.576923
ATAAGTTACCGCGACG-1,0.000018,0.946672,0.05331
ATAATACCGTTAGCCG-1,0.000347,0.00139,0.998263
ATAATAGCTGTTGAAT-1,0.000007,0.974964,0.025029
ATAATAGTGTAGGGAC-1,0.00005,0.21376,0.786191
ATACCACGGGCAACTT-1,0.000218,0.112874,0.886907
ATACCTAACCAAGAAA-1,0.000229,0.103671,0.8961
ATACGAAGGCTTTCCA-1,0.000015,0.203134,0.796851
ATACGGAACGTCGTTT-1,0.00095,0.003802,0.995248
ATACGGGTTTCGATTG-1,0.000081,0.195819,0.8041
ATACGTCCACTCCTGT-1,0.000135,0.006081,0.993785
ATACTACCCGTACCAC-1,0.000167,0.000667,0.999167
ATACTAGCATGACCCT-1,0.000072,0.066868,0.93306
ATACTCTCGCCACTCT-1,0.000253,0.001011,0.998736
ATAGACAACGGGACCT-1,0.000028,0.560936,0.439036
ATAGACGAAGAGAAAG-1,0.000022,0.309036,0.690942
ATAGAGTACTGGGACA-1,0.000027,0.251177,0.748796
ATAGAGTTATCAACTT-1,0.000029,0.810514,0.189456
ATAGCAACTAGGGAAG-1,0.000059,0.633222,0.36672
ATAGGCGGCTATAGAA-1,0.000058,0.419832,0.580109
ATAGGCTAGCTTCGCA-1,0.000027,0.539887,0.460086
ATAGGTTGGGCAGATG-1,0.000059,0.050231,0.94971
ATAGTGAAGCGTTCTC-1,0.000044,0.357436,0.64252
ATAGTTCCACCCACTC-1,0.000052,0.382017,0.617932
ATATAACACGGGCGCA-1,0.000183,0.000731,0.999086
ATATACGCTCGTGACG-1,0.000222,0.000888,0.99889
ATATCAACCTACAGAG-1,0.000031,0.303818,0.696151
ATATCGGTAGGGAGAT-1,0.000033,0.287902,0.712065
ATATCGTTCCTCGAAC-1,0.000188,0.122028,0.877784
ATATCTCCCTCGTTAA-1,0.000082,0.000328,0.99959
ATATCTTAGGGCCTTC-1,0.000019,0.586773,0.413208
ATATGTCTCCCTAGCC-1,0.00006,0.611945,0.387995
ATATTCAGTTAAACCT-1,0.000125,0.107817,0.892059
ATATTGCTGTCAAAGT-1,0.000019,0.523795,0.476186
ATATTGGAGAGGCCTT-1,0.000075,0.002998,0.996927
ATATTTAACCCTCAAG-1,0.000025,0.242886,0.757089
ATCAAACACTGTTCCA-1,0.000041,0.355428,0.64453
ATCAAACGAAGGTTTG-1,0.000107,0.099143,0.900751
ATCAATCTGGGCTGCA-1,0.000038,0.218228,0.781735
ATCACATTAGAATATC-1,0.000078,0.134407,0.865515
ATCACGTGCTAATTAA-1,0.000054,0.192494,0.807451
ATCAGACGGCACGCCG-1,0.000056,0.339637,0.660307
ATCAGCCTCATGCTGC-1,0.000129,0.137013,0.862859
ATCAGCTCGTCCACTA-1,0.000306,0.001225,0.998469
ATCAGGTCGCCATTGC-1,0.000174,0.146153,0.853673
ATCAGTAGGCAGGGAT-1,0.000127,0.182044,0.817829
ATCATAGCCCTATGTA-1,0.000203,0.073814,0.925983
ATCATCCAATATTTGT-1,0.000017,0.511511,0.488472
ATCATGGACTACCGAC-1,0.000004,0.989629,0.010367
ATCCAACGCAGTCATA-1,0.000013,0.776687,0.223301
ATCCAATGGAGGGTCC-1,0.000086,0.375834,0.62408
ATCCACGCTAAATGTT-1,0.000094,0.029405,0.970501
ATCCAGAGCAACAACC-1,0.000084,0.643729,0.356187
ATCCAGGATTCGTGAA-1,0.000132,0.314511,0.685357
ATCCTACCTAAGCTCT-1,0.000087,0.223279,0.776634
ATCCTGAATCGCTGCG-1,0.000234,0.037749,0.962018
ATCCTGCGTGGAATGG-1,0.000136,0.049269,0.950595
ATCCTTCTGAAAGAAC-1,0.000042,0.266142,0.733816
ATCGACCCAATACAGA-1,0.000004,0.999224,0.000772
ATCGACTCTTTCCGTT-1,0.000095,0.000382,0.999523
ATCGCACGCCGGGAGA-1,0.000042,0.385866,0.614093
ATCGCCAGTCAACATT-1,0.000103,0.320409,0.679488
ATCGCTGCGTGCAGCA-1,0.000037,0.270084,0.729879
ATCGGCAAGCAGTCCA-1,0.000053,0.081025,0.918922
ATCGTGGAAAGTCTGG-1,0.000604,0.660952,0.338444
ATCGTTAGCTAGCGGA-1,0.000182,0.030635,0.969183
ATCGTTCACTTTCGCC-1,0.000021,0.529443,0.470535
ATCTAATATCCTACGG-1,0.000076,0.492598,0.507326
ATCTCCCACGGAATAT-1,0.000287,0.177931,0.821782
ATCTCGTGAGCGAAAC-1,0.000027,0.579274,0.420699
ATCTGACATGGAAGGA-1,0.000233,0.00093,0.998837
ATCTGCACCTCTGCGA-1,0.000039,0.317915,0.682046
ATCTGTAATTGTACCC-1,0.000132,0.278078,0.72179
ATCTTATCGCACACCC-1,0.00017,0.00068,0.99915
ATCTTGACCTGCAACG-1,0.000018,0.429307,0.570675
ATCTTGACTTGTCCAA-1,0.000038,0.22704,0.772922
ATGAAGCCAAGGAGCC-1,0.00003,0.238715,0.761255
ATGACGCCGGCTCTAA-1,0.000125,0.253254,0.746621
ATGACGCGTTCTATCC-1,0.000148,0.000593,0.999259
ATGACTATCAGCTGTG-1,0.000153,0.049409,0.950438
ATGACTATGCGACATT-1,0.000093,0.226555,0.773352
ATGAGGAGTGTTAATC-1,0.000008,0.9765,0.023492
ATGAGGGCAGCGGCTA-1,0.000035,0.458104,0.541861
ATGATCGGGAATAGAC-1,0.000027,0.56735,0.432623
ATGATGCAATGGTACA-1,0.000068,0.379929,0.620003
ATGCACTACCGCATTG-1,0.000016,0.631879,0.368105
ATGCATGATCCAGGAT-1,0.000065,0.060591,0.939344
ATGCCAATCGCTCTGC-1,0.000044,0.124297,0.875659
ATGCCATTTGCGACCA-1,0.000052,0.455698,0.54425
ATGCCGGTTGATGGGA-1,0.000053,0.241825,0.758123
ATGCGACAATTGGTCC-1,0.000037,0.281182,0.71878
ATGCGAGTCCCACCAC-1,0.000077,0.178587,0.821336
ATGCTCAGTGTTGCAT-1,0.000085,0.039223,0.960692
ATGCTTAGGAGTTGAT-1,0.00014,0.065982,0.933878
ATGGAACCTTTGCACA-1,0.000009,0.862775,0.137215
ATGGACTGCTTAGTTG-1,0.000102,0.000407,0.999491
ATGGAGCAGGCCGTGA-1,0.000022,0.473945,0.526033
ATGGATCCGGCGTCCG-1,0.000104,0.000416,0.99948
ATGGATTGACCAAACG-1,0.000052,0.003186,0.996763
ATGGCTGGAAATGGCC-1,0.000025,0.483201,0.516774
ATGGGACCTGCTGAAC-1,0.000508,0.002031,0.997462
ATGGGCCTCGGCCTCT-1,0.000108,0.289287,0.710605
ATGGGTGTATACCTCC-1,0.001195,0.004782,0.994022
ATGGTCGCGTGGTTTC-1,0.000114,0.000456,0.99943
ATGTAAGGCTGCTCTT-1,0.000035,0.100075,0.89989
ATGTACATGCGGTGAG-1,0.000089,0.000357,0.999553
ATGTCTTGTTTGACTC-1,0.000271,0.001085,0.998644
ATGTGAAAGCCTAATG-1,0.00007,0.501432,0.498498
ATGTGCATCCGACGCA-1,0.000032,0.338935,0.661033
ATGTTACGAGCAATAC-1,0.000096,0.000384,0.99952
ATGTTCGTCGACCCAC-1,0.000265,0.170684,0.829052
ATGTTGATTAGAGACT-1,0.000168,0.000671,0.999161
ATGTTGTAGTCTGTTT-1,0.000244,0.000975,0.998781
ATTAAACATGCGGACC-1,0.000031,0.551004,0.448965
ATTAATGAACCAGTCG-1,0.000102,0.154323,0.845575
ATTACAACTACCGGCC-1,0.000105,0.055461,0.944434
ATTACATGTCAGTCTT-1,0.000103,0.259284,0.740613
ATTACCACACTGCCTG-1,0.000052,0.356561,0.643387
ATTACGCGCTGGCAGG-1,0.000101,0.330807,0.669093
ATTACTAGCCTCTTGC-1,0.000032,0.490607,0.509362
ATTACTTACTGGGCAT-1,0.00007,0.056464,0.943467
ATTAGATTCCTCAGCA-1,0.000017,0.653251,0.346732
ATTAGATTGATAGCGG-1,0.000036,0.358686,0.641278
ATTATACTTTGCTCGT-1,0.000039,0.781121,0.218841
ATTATAGCTACTTTAC-1,0.000049,0.147147,0.852804
ATTATGCCATAGGGAG-1,0.000084,0.002932,0.996983
ATTATTATGTCCGTCA-1,0.000274,0.063974,0.935752
ATTATTCAGAGTCACT-1,0.000233,0.000931,0.998837
ATTCAACCATTTAAGG-1,0.000103,0.012398,0.9875
ATTCAGGACCTATTTC-1,0.000058,0.214485,0.785457
ATTCAGTAGCAGGGTC-1,0.000093,0.055443,0.944465
ATTCATATACTGTCCA-1,0.000025,0.573113,0.426862
ATTCATCGTTGAGGCA-1,0.000269,0.001077,0.998654
ATTCCCACATAAACAA-1,0.000075,0.100207,0.899717
ATTCCTAAGACGTGGA-1,0.000021,0.4782,0.521779
ATTCCTCCGCCAGTGC-1,0.000014,0.852807,0.147179
ATTCCTTCCAGGCGGT-1,0.00009,0.098223,0.901687
ATTCGACGCCGGGCCT-1,0.000236,0.000942,0.998822
ATTCGCGCCTTGAGAG-1,0.000087,0.247112,0.752801
ATTCGTGCTATCTCTT-1,0.000054,0.528808,0.471138
ATTCGTGTACCCATTC-1,0.000579,0.002316,0.997105
ATTCTGAGTATGAACT-1,0.000147,0.137803,0.86205
ATTCTTCGTACTTATG-1,0.000063,0.074018,0.925919
ATTGAAGATCTTAGTG-1,0.000044,0.105615,0.894341
ATTGACCGGCGATGAC-1,0.000047,0.087655,0.912298
ATTGATAGCAACGAGA-1,0.000467,0.525659,0.473873
ATTGATGAGTCCTAAC-1,0.000071,0.252357,0.747573
ATTGCCTATTAGACCG-1,0.000564,0.002258,0.997178
ATTGCGATCAGTAACT-1,0.000073,0.155715,0.844212
ATTGCTGCTCCTCCAT-1,0.000019,0.847122,0.152859
ATTGGATTACAGCGTA-1,0.000015,0.999923,0.000062
ATTGGGAATATCTTGG-1,0.000171,0.479869,0.51996
ATTGTACAACTCGGCT-1,0.000027,0.234343,0.76563
ATTGTCGCAATACCTT-1,0.000072,0.000288,0.99964
ATTGTTCAACGATCCG-1,0.000076,0.072201,0.927723
ATTTAACTCGTATTAC-1,0.000025,0.678445,0.32153
ATTTACAGTTTACTGG-1,0.000046,0.243216,0.756738
ATTTACTAAGTCCATT-1,0.000018,0.5187,0.481282
ATTTCATTATTTCGCG-1,0.000084,0.164936,0.834981
ATTTCCGGGTTCTGCG-1,0.000178,0.198525,0.801297
ATTTGCGCGAGTAGCT-1,0.000196,0.000783,0.999021
ATTTGTCTTGGGAGCT-1,0.000155,0.00062,0.999225
CAAACGAGTATCGCAG-1,0.000091,0.299749,0.700161
CAAACGGTCGCACTTT-1,0.000021,0.615269,0.38471
CAAACTACGATAGAGA-1,0.000014,0.688733,0.311252
CAAACTCGCGACGCCG-1,0.000029,0.680318,0.319653
CAAAGATTATTGGGCC-1,0.000148,0.000591,0.999262
CAAAGGTCATCTGAAA-1,0.00003,0.452226,0.547744
CAAATCTCTCACAAGG-1,0.000228,0.000911,0.998861
CAAATGTCCTTCCGTG-1,0.000043,0.540763,0.459195
CAAATTGGATTATGCC-1,0.000046,0.107262,0.892692
CAACACATCTCCTGCC-1,0.000016,0.479227,0.520757
CAACCAGTGGCCTACC-1,0.000063,0.034252,0.965685
CAACCTACCGAGCAGT-1,0.000079,0.436334,0.563587
CAACGACCCGTTTACA-1,0.000031,0.235448,0.764521
CAACGCGATGAGCCAA-1,0.000183,0.000734,0.999083
CAACGGTTCTTGATAC-1,0.000025,0.506253,0.493722
CAACGTGGTGGAGTCT-1,0.000058,0.3355,0.664442
CAACTATATCGAATGC-1,0.000104,0.188875,0.811021
CAACTCCTTGATCCCG-1,0.000034,0.345203,0.654764
CAACTGCTCATCCGAT-1,0.000142,0.000569,0.999289
CAACTTGTAGTGGGCA-1,0.00007,0.030008,0.969922
CAAGATATTATAACGT-1,0.000117,0.187806,0.812077
CAAGCAACGTCGGAGT-1,0.000041,0.324561,0.675398
CAAGGATCGCATGTTC-1,0.000031,0.437506,0.562462
CAAGGCCAGTGGTGCA-1,0.000191,0.000763,0.999046
CAAGGTCCTATAGGCT-1,0.000007,0.906154,0.09384
CAAGTGTGGTTGCAAA-1,0.000097,0.056047,0.943857
CAATACGAGAGTCTGA-1,0.000021,0.639992,0.359986
CAATATTCTTGACCTA-1,0.00054,0.32539,0.67407
CAATATTGGACTAGTG-1,0.000393,0.189027,0.810581
CAATCCCTATACCAGC-1,0.000086,0.037762,0.962153
CAATCCTGCCGTGGAG-1,0.000124,0.000495,0.999381
CAATGAGGTTCGACTA-1,0.000024,0.374813,0.625163
CAATGCGAGAAGTATC-1,0.000367,0.001468,0.998165
CAATGGAATCTACATA-1,0.000025,0.484002,0.515973
CAATGGATCTCTACCA-1,0.00004,0.491317,0.508643
CAATGTGCCAACCCTT-1,0.000029,0.365855,0.634116
CAATTAAGGGTGATGA-1,0.000034,0.255305,0.744662
CAATTTCGTATAAGGG-1,0.000036,0.211632,0.788332
CACAAGAAAGATATTA-1,0.000026,0.475876,0.524099
CACAATGAGCTGCTAT-1,0.000045,0.180406,0.819549
CACACACGCTAACGAG-1,0.000016,0.895738,0.104247
CACACAGCTTGCGCTC-1,0.000037,0.316379,0.683583
CACACAGGGATAGATT-1,0.000086,0.000345,0.999568
CACACGCGCTGTCTTA-1,0.000085,0.148264,0.851651
CACAGCACCCACGGCA-1,0.000033,0.069985,0.929982
CACAGCTAGGGAGTGA-1,0.000051,0.064089,0.93586
CACAGGGCCATATAGT-1,0.000123,0.291655,0.708222
CACAGTCCCGCTTCGC-1,0.00009,0.000359,0.999552
CACAGTTCGCTTCCCA-1,0.0001,0.047234,0.952666
CACATCGTGCACGCGC-1,0.000197,0.080985,0.918817
CACATGATTCAGCAAC-1,0.000033,0.176371,0.823596
CACATGTTTGGACATG-1,0.000218,0.00087,0.998912
CACATTCTTTCGATGG-1,0.000041,0.297907,0.702052
CACATTTCTTGTCAGA-1,0.000136,0.253417,0.746447
CACCAGTCAGCATGCA-1,0.000993,0.00397,0.995037
CACCCAAATCTTATGT-1,0.00001,0.932677,0.067313
CACCCACACGTCACCC-1,0.000042,0.089381,0.910578
CACCCACGAGGCAATT-1,0.000068,0.18488,0.815052
CACCCGGTTTGTGACT-1,0.000475,0.001901,0.997624
CACCCTTGGTGAGACC-1,0.000481,0.001925,0.997594
CACCCTTTCCTCGCTC-1,0.000093,0.232329,0.767578
CACCGATACACCGAGC-1,0.000025,0.639116,0.36086
CACCGCCAGAAGGTTT-1,0.000059,0.020464,0.979477
CACCGCGTCCACTCTA-1,0.000049,0.004357,0.995593
CACCGGGCATCACAAG-1,0.000063,0.000253,0.999684
CACCGTATCCCATCCG-1,0.000109,0.093791,0.9061
CACCGTTAGGGATCAC-1,0.000198,0.000791,0.999011
CACCGTTGCGCGATAT-1,0.000091,0.07638,0.923529
CACCTAATAGAGTCGT-1,0.000076,0.000304,0.99962
CACCTTGCGAAACTCG-1,0.000107,0.00043,0.999463
CACCTTGGCGCCTTTG-1,0.000033,0.558492,0.441475
CACGAAAGTTAGTCCC-1,0.000127,0.00051,0.999362
CACGCAGCGAGGCTTT-1,0.000008,0.991023,0.008968
CACGCGGAACTGTTGC-1,0.00008,0.173327,0.826593
CACGGCGCGCCAAAGG-1,0.000034,0.098438,0.901528
CACGTCAATCAATGGA-1,0.000102,0.221657,0.778241
CACGTCGGCAACCTCT-1,0.000159,0.000637,0.999204
CACGTTCGTGCTCTAG-1,0.000088,0.163396,0.836516
CACGTTTCGTACACAC-1,0.000187,0.09208,0.907733
CACTAAAGTTGCCTAT-1,0.000029,0.402557,0.597414
CACTACGGGAGCTGCC-1,0.000229,0.040816,0.958955
CACTCAAGAGCTATGG-1,0.00001,0.901193,0.098797
CACTCCTATGTAAGAT-1,0.0001,0.484626,0.515274
CACTCCTCTCGGTCGG-1,0.000069,0.159264,0.840668
CACTCGGTTAGGAGGA-1,0.000553,0.376551,0.622896
CACTCTTCTGCTAGCC-1,0.000067,0.533756,0.466177
CACTGACGATTGTGGA-1,0.000152,0.000607,0.999242
CACTGTCCAAGTGAGA-1,0.000023,0.516237,0.483739
CACTTAATCAGACGGA-1,0.000014,0.798755,0.201231
CACTTCGCCACAGGCT-1,0.000071,0.251526,0.748403
CAGAACTTAGCCCTCT-1,0.000138,0.018759,0.981103
CAGAATAACACACGGA-1,0.000102,0.073229,0.926669
CAGAATATTCGTTATC-1,0.00005,0.071922,0.928028
CAGACACCGATCGCTG-1,0.000378,0.090004,0.909618
CAGACCTGTAAGTGTT-1,0.000027,0.402584,0.59739
CAGACGAACCTGATAC-1,0.000021,0.999896,0.000083
CAGAGACGGTCACCCA-1,0.000023,0.790149,0.209828
CAGAGGCGATGCATGA-1,0.000421,0.001685,0.997894
CAGATAATGGGCGGGT-1,0.00004,0.646214,0.353746
CAGATACTAACATAGT-1,0.000041,0.008527,0.991431
CAGATCATTTAAAGTC-1,0.00003,0.379431,0.620539
CAGATCCTGGTTTGAA-1,0.000658,0.002631,0.996711
CAGCAGCCCGTTCCTT-1,0.000158,0.000634,0.999208
CAGCAGTCCAGACTAT-1,0.00004,0.483253,0.516708
CAGCCGGGCCCTCTAT-1,0.000079,0.014018,0.985903
CAGCCTCCTGCAGAGG-1,0.00005,0.766226,0.233724
CAGCCTCTCCTCAAGA-1,0.000027,0.310671,0.689302
CAGCGATTCCCTTCAA-1,0.000311,0.179174,0.820516
CAGCTCACTGAGACAT-1,0.000051,0.072024,0.927925
CAGCTCGACAAGTTAA-1,0.000055,0.305914,0.694031
CAGCTCGTGCTTGTGT-1,0.000061,0.000243,0.999696
CAGCTCTGGGCTCACT-1,0.000221,0.000884,0.998895
CAGCTGGCGTAACCGT-1,0.000193,0.000772,0.999035
CAGCTTAGTAGGTAGC-1,0.00005,0.17926,0.820691
CAGGAAGACTTTATAT-1,0.000092,0.07288,0.927029
CAGGATATATCGTTGT-1,0.000008,0.950821,0.049171
CAGGCCGTTTGGGTGT-1,0.000021,0.847593,0.152386
CAGGCGCACGGTGGTC-1,0.000089,0.216197,0.783714
CAGTAACTATTTATTG-1,0.00004,0.217024,0.782936
CAGTAATCCCTCCCAG-1,0.000076,0.307673,0.692251
CAGTACATTCTCTAAA-1,0.000033,0.090217,0.909751
CAGTACCAGTTTACGT-1,0.000267,0.637341,0.362393
CAGTAGCCCACGCGGT-1,0.000057,0.224619,0.775323
CAGTCGAGGATGCAAT-1,0.000035,0.14929,0.850675
CAGTCTGTATACTGGG-1,0.000012,0.806667,0.193321
CAGTGAATAAATGACT-1,0.000066,0.16674,0.833195
CAGTGGTTGCACATGA-1,0.000054,0.356948,0.642998
CAGTGTCCGCAGAATG-1,0.000043,0.026549,0.973408
CAGTGTCGGCTGGCCC-1,0.00018,0.029707,0.970112
CAGTTCAAATTGACAC-1,0.000033,0.214084,0.785883
CAGTTCCGCGGGTCGA-1,0.000092,0.061911,0.937996
CATAACGGACAGTCGT-1,0.000099,0.005745,0.994156
CATAAGCTCTCCGTCT-1,0.000889,0.003558,0.995552
CATACAAAGCCGAACC-1,0.000024,0.329297,0.670679
CATACACGGTTCCCAC-1,0.000119,0.000475,0.999407
CATACCCGTACCCAGT-1,0.000039,0.131721,0.868239
CATACGAACTAGCTGG-1,0.000459,0.001838,0.997703
CATACGGCGTCTGGGC-1,0.000038,0.407591,0.592371
CATACTATGTAATTGT-1,0.000012,0.944912,0.055076
CATACTTAGGCAATAC-1,0.000018,0.531279,0.468703
CATAGCCGCCCGGGAT-1,0.000097,0.000389,0.999514
CATAGCGTTGCCCACC-1,0.000217,0.54497,0.454813
CATAGTACATTGAGAG-1,0.000089,0.026998,0.972913
CATAGTAGCATAGTAG-1,0.000025,0.601694,0.398281
CATAGTCAAATACATA-1,0.000199,0.000797,0.999004
CATAGTCCACAAGAAC-1,0.000148,0.000592,0.99926
CATATACTACTGATAA-1,0.000043,0.13374,0.866216
CATATAGGTACAGTCA-1,0.000059,0.186818,0.813122
CATATGTCAGGCTACG-1,0.000109,0.000436,0.999455
CATATTATTTGCCCTA-1,0.00007,0.253001,0.746929
CATCATTACCCTGAGG-1,0.000201,0.000804,0.998995
CATCCTCTCAAAGATC-1,0.00015,0.323677,0.676174
CATCGCCCGCGGCCAA-1,0.000059,0.023948,0.975993
CATCGGACGGGTTAAT-1,0.000017,0.676288,0.323695
CATCTAGTGAAGGGAA-1,0.000032,0.436373,0.563595
CATCTATCCCGTGTCT-1,0.000028,0.46639,0.533582
CATCTTACACCACCTC-1,0.000056,0.439122,0.560821
