Barcode,Topic 1,Topic 2to4,Topic 5,Topic 6,Topic 7,Topic 8,Topic 9
AAACAACGAATAGTTC-1,0.001407,0.004222,0.988743,0.001407,0.001407,0.001407,0.001406
AAACAAGTATCTCCCA-1,0.147761,0.247141,0.365149,0.000057,0.239779,0.000057,0.000057
AAACAATCTACTAGCA-1,0.237731,0.118877,0.64295,0.00011,0.00011,0.00011,0.00011
AAACACCAATAACTGC-1,0.016706,0.00045,0.982245,0.00015,0.00015,0.00015,0.00015
AAACAGAGCGACTCCT-1,0.000061,0.654123,0.345573,0.000061,0.000061,0.000061,0.000061
AAACAGGGTCTATATT-1,0.261738,0.024771,0.529812,0.000062,0.183495,0.000062,0.000061
AAACATTTCCCGGATT-1,0.000087,0.018077,0.292826,0.07029,0.618547,0.000087,0.000087
AAACCACTACACAGAT-1,0.112936,0.153502,0.428564,0.08671,0.217937,0.000175,0.000175
AAACCGGGTAGGTACC-1,0.032766,0.243879,0.443274,0.047307,0.232654,0.00006,0.00006
AAACCGTTCGTCCAGG-1,0.000088,0.000263,0.621117,0.197876,0.180482,0.000088,0.000088
AAACCTAAGCAGCCGG-1,0.000762,0.002285,0.578313,0.416357,0.000762,0.000761,0.000761
AAACGAAGAACATACC-1,0.000573,0.001719,0.995416,0.000573,0.000573,0.000573,0.000573
AAACGCCCGAGATCGG-1,0.000119,0.000358,0.843908,0.155257,0.000119,0.000119,0.000119
AAACGGGCGTACGGGT-1,0.000241,0.000724,0.638499,0.349501,0.010553,0.000241,0.000241
AAACGGGTTGGTATCC-1,0.000727,0.00218,0.679379,0.315535,0.000727,0.000726,0.000726
AAACGGTTGCGAACTG-1,0.000104,0.07224,0.923067,0.004278,0.000104,0.000104,0.000104
AAACTAACGTGGCGAC-1,0.000076,0.000229,0.373223,0.432468,0.193851,0.000076,0.000076
AAACTCGGTTCGCAAT-1,0.000116,0.000349,0.086281,0.912906,0.000116,0.000116,0.000116
AAACTGCTGGCTCCAA-1,0.350875,0.034236,0.286704,0.234726,0.093325,0.000066,0.000066
AAACTTGCAAACGTAT-1,0.049612,0.623426,0.194755,0.00003,0.132118,0.00003,0.00003
AAAGACATGAAGTTTA-1,0.003971,0.011915,0.457921,0.003972,0.514281,0.00397,0.003968
AAAGACCCAAGTCGCG-1,0.248415,0.260863,0.489685,0.000259,0.000259,0.000259,0.000259
AAAGGCTACGGACCAT-1,0.000121,0.000363,0.859699,0.036648,0.102928,0.000121,0.000121
AAAGGCTCTCGCGCCG-1,0.416583,0.33068,0.230962,0.021701,0.000025,0.000025,0.000025
AAAGGGATGTAGCAAG-1,0.275533,0.086316,0.516637,0.000096,0.121225,0.000096,0.000096
AAAGGGCAGCTTGAAT-1,0.209565,0.124242,0.406158,0.104903,0.155023,0.000055,0.000055
AAAGGTAAGCTGTACC-1,0.00007,0.000209,0.420872,0.575875,0.002835,0.00007,0.00007
AAAGGTCAACGACATG-1,0.000576,0.076531,0.92059,0.000576,0.000576,0.000576,0.000576
AAAGTAGCATTGCTCA-1,0.010129,0.239549,0.080175,0.625576,0.044443,0.000065,0.000065
AAAGTCACTGATGTAA-1,0.513649,0.000633,0.377006,0.029671,0.078619,0.000211,0.000211
AAAGTGTGATTTATCT-1,0.000104,0.000311,0.27873,0.016814,0.703833,0.000104,0.000104
AAAGTTGACTCCCGTA-1,0.202595,0.126683,0.250504,0.025462,0.394565,0.000096,0.000096
AAATAACCATACGGGA-1,0.000207,0.000621,0.948411,0.05014,0.000207,0.000207,0.000207
AAATACCTATAAGCAT-1,0.410441,0.054492,0.346018,0.044129,0.14479,0.000065,0.000065
AAATAGGGTGCTATTG-1,0.114468,0.180834,0.419328,0.120566,0.164515,0.000144,0.000144
AAATCCGATACACGCC-1,0.000383,0.00115,0.694986,0.234639,0.068075,0.000383,0.000383
AAATCGTGTACCACAA-1,0.308398,0.000247,0.598632,0.010415,0.082145,0.000082,0.000082
AAATCTAGCCCTGCTA-1,0.030313,0.57001,0.147573,0.037021,0.214988,0.000047,0.000047
AAATGCTCGTTACGTT-1,0.024239,0.677678,0.185729,0.003301,0.109001,0.000026,0.000026
AAATGGCATGTCTTGT-1,0.489575,0.057038,0.345482,0.107762,0.000048,0.000048,0.000048
AAATGGCCCGTGCCCT-1,0.000109,0.000327,0.617717,0.143336,0.238293,0.000109,0.000109
AAATGTGGGTGCTCCT-1,0.001503,0.366757,0.625732,0.001502,0.001502,0.001502,0.001502
AAATTACACGACTCTG-1,0.000237,0.000711,0.942777,0.055564,0.000237,0.000237,0.000237
AAATTGATAGTCCTTT-1,0.000172,0.000516,0.780813,0.217983,0.000172,0.000172,0.000172
AAATTGCGGCGGTTCT-1,0.000521,0.129279,0.731175,0.117176,0.021706,0.000072,0.000072
AAATTTACCGAAATCC-1,0.000691,0.002072,0.809114,0.186052,0.000691,0.00069,0.00069
AAATTTGCGGGTGTGG-1,0.00017,0.226841,0.507043,0.229028,0.036579,0.000169,0.000169
AACAACTGGTAGTTGC-1,0.259711,0.000188,0.171538,0.217168,0.351271,0.000063,0.000062
AACAATACATTGTCGA-1,0.011169,0.039286,0.794552,0.030981,0.123733,0.00014,0.00014
AACACACGCTCGCCGC-1,0.128737,0.509997,0.192317,0.07028,0.098582,0.000044,0.000044
AACACGACTGTACTGA-1,0.000127,0.000381,0.832333,0.135478,0.031428,0.000127,0.000127
AACACGAGACGCGGCC-1,0.442178,0.10996,0.227855,0.063965,0.155966,0.000038,0.000038
AACACGCGGCCGCGAA-1,0.000075,0.000224,0.999403,0.000075,0.000075,0.000075,0.000075
AACAGCTGTGTGGCAA-1,0.000147,0.000441,0.847488,0.079357,0.072273,0.000147,0.000147
AACAGGAAATCGAATA-1,0.034713,0.826813,0.138119,0.000089,0.000089,0.000089,0.000089
AACAGGATGGGCCGCG-1,0.00067,0.543587,0.407178,0.00067,0.046556,0.000669,0.000669
AACAGGTAGTATGGAT-1,0.056044,0.242489,0.320954,0.132715,0.247511,0.000143,0.000143
AACATTGGTCAGCCGT-1,0.000264,0.000792,0.997888,0.000264,0.000264,0.000264,0.000264
AACATTGTGACTCGAG-1,0.214471,0.000619,0.623352,0.046801,0.114345,0.000206,0.000206
AACCAGTATCACTCTT-1,0.000927,0.00278,0.690414,0.303101,0.000927,0.000926,0.000926
AACCATGGGATCGCTA-1,0.020678,0.768429,0.180794,0.011556,0.018503,0.00002,0.00002
AACCCAGAGACGGAGA-1,0.00606,0.794073,0.196252,0.00002,0.003555,0.00002,0.00002
AACCCATCCCATGATC-1,0.000109,0.045318,0.903574,0.000109,0.050671,0.000109,0.000109
AACCCGACAACCCGTG-1,0.000508,0.001523,0.99594,0.000508,0.000508,0.000507,0.000507
AACCCGAGCAGAATCG-1,0.33471,0.241619,0.12114,0.069343,0.233004,0.000092,0.000092
AACCCTACTGTCAATA-1,0.075682,0.00038,0.494027,0.000126,0.429532,0.000126,0.000126
AACCCTGGTGGAACCA-1,0.075101,0.602952,0.027063,0.186137,0.108694,0.000026,0.000026
AACCGAGCTTGGTCAT-1,0.027631,0.168671,0.560147,0.16187,0.081373,0.000154,0.000154
AACCGCTAAGGGATGC-1,0.000108,0.000324,0.468565,0.125917,0.404872,0.000108,0.000108
AACCGTTGTGTTTGCT-1,0.000173,0.073773,0.812958,0.034229,0.07852,0.000173,0.000173
AACCTAAAGCCGTCCG-1,0.003587,0.275488,0.401725,0.003587,0.308443,0.003585,0.003584
AACCTCGCTTTAGCCC-1,0.084436,0.459911,0.390996,0.000263,0.063867,0.000263,0.000263
AACCTTTAAATACGGT-1,0.038332,0.048626,0.480931,0.304541,0.127426,0.000071,0.000071
AACCTTTACGACGTCT-1,0.000217,0.00065,0.600487,0.333368,0.064845,0.000217,0.000217
AACGAAAGTCGTCCCA-1,0.000277,0.193387,0.659873,0.075523,0.070386,0.000277,0.000277
AACGATAATGCCGTAG-1,0.025975,0.327006,0.488202,0.050216,0.10843,0.000086,0.000086
AACGATAGAAGGGCCG-1,0.000082,0.224843,0.308827,0.000082,0.466001,0.000082,0.000082
AACGATATGTCAACTG-1,0.187382,0.513255,0.18746,0.024741,0.087008,0.000077,0.000077
AACGCATGATCTGGGT-1,0.283699,0.091527,0.21363,0.010518,0.400548,0.000039,0.000039
AACGCGAACGGCAACA-1,0.003495,0.157075,0.761096,0.000058,0.07816,0.000058,0.000058
AACGCGACCTTGGGCG-1,0.000136,0.000407,0.998916,0.000136,0.000136,0.000136,0.000136
AACGCGGTCTCCAGCC-1,0.051005,0.000497,0.656441,0.087652,0.204074,0.000166,0.000166
AACGCTGTTGCTGAAA-1,0.059106,0.825088,0.058771,0.045891,0.011079,0.000033,0.000033
AACGGACGTACGTATA-1,0.05252,0.240131,0.438545,0.000071,0.26859,0.000071,0.000071
AACGGCCATCTCCGGT-1,0.413539,0.05113,0.172479,0.120355,0.242421,0.000038,0.000038
AACGTACTGTGGGTAC-1,0.06072,0.14929,0.581292,0.000109,0.208371,0.000109,0.000109
AACGTAGTCTACCCAT-1,0.260493,0.004633,0.405116,0.325127,0.001544,0.001543,0.001543
AACGTCAGACTAGTGG-1,0.021831,0.040679,0.219009,0.141789,0.576544,0.000074,0.000074
AACGTGATGAAGGACA-1,0.000428,0.001283,0.651892,0.345115,0.000428,0.000427,0.000427
AACTAGCGTATCGCAC-1,0.000975,0.002925,0.9922,0.000975,0.000975,0.000975,0.000975
AACTAGGCTTGGGTGT-1,0.038986,0.000375,0.527072,0.409312,0.024005,0.000125,0.000125
AACTCAAGTTAATTGC-1,0.074763,0.114954,0.257749,0.01035,0.542073,0.000056,0.000056
AACTCCAGAGCGTGTT-1,0.000118,0.000354,0.765004,0.075454,0.158834,0.000118,0.000118
AACTCCTAATCCCATG-1,0.312912,0.244633,0.442186,0.000067,0.000067,0.000067,0.000067
AACTCGATAAACACGT-1,0.329633,0.010907,0.659312,0.000037,0.000037,0.000037,0.000037
AACTCGATGGCGCAGT-1,0.019067,0.923258,0.055083,0.002565,0.000009,0.000009,0.000009
AACTCTCAGTGTGCTC-1,0.127291,0.042835,0.599304,0.117641,0.112733,0.000098,0.000098
AACTGAGGTCAGCGTC-1,0.000212,0.000637,0.604775,0.324224,0.069729,0.000212,0.000212
AACTGATATTAGGCCT-1,0.005371,0.031728,0.957954,0.00016,0.004465,0.00016,0.00016
AACTGGGTCCCGACGT-1,0.51459,0.009632,0.448743,0.000056,0.026868,0.000056,0.000056
AACTGGGTTCGAGCCG-1,0.002586,0.007759,0.619981,0.361919,0.002586,0.002585,0.002584
AACTGGTGTGGGCCTT-1,0.001183,0.003548,0.990538,0.001183,0.001183,0.001182,0.001182
AACTTCTGCGTCTATC-1,0.05903,0.414878,0.363538,0.000048,0.162408,0.000048,0.000048
AACTTGCGTTCTCGCG-1,0.121269,0.825385,0.003033,0.050159,0.000137,0.000009,0.000009
AACTTTAGCTGCTGAG-1,0.000309,0.543038,0.455418,0.000309,0.000309,0.000309,0.000309
AAGAAGGATCAGTTAG-1,0.034691,0.883332,0.067992,0.01396,0.000008,0.000008,0.000008
AAGACATACGTGGTTT-1,0.395925,0.001928,0.300464,0.239557,0.06084,0.000642,0.000642
AAGACCAAATAACTCA-1,0.000232,0.134034,0.695157,0.067688,0.102425,0.000232,0.000232
AAGACCCAACTGAACA-1,0.000113,0.000338,0.912437,0.047167,0.039719,0.000113,0.000113
AAGACTAACCCGTTGT-1,0.003132,0.086764,0.645728,0.073328,0.190953,0.000047,0.000047
AAGACTCACGCCCACT-1,0.002138,0.152742,0.836569,0.002138,0.002138,0.002137,0.002137
AAGAGATGAATCGGTA-1,0.237729,0.144162,0.261327,0.032013,0.324602,0.000084,0.000084
AAGAGGATGTACGCGA-1,0.197279,0.324931,0.192626,0.000039,0.285046,0.000039,0.000039
AAGAGGCATGGATCGC-1,0.066599,0.09256,0.417766,0.029459,0.393317,0.00015,0.00015
AAGAGGCCCTTTGGAA-1,0.000331,0.227493,0.170528,0.3086,0.292386,0.000331,0.000331
AAGATGGCACCGGACC-1,0.000134,0.000402,0.95798,0.041082,0.000134,0.000134,0.000134
AAGATTGGCGGAACGT-1,0.134108,0.268103,0.356462,0.000185,0.240773,0.000185,0.000185
AAGCACCCTGCGTATC-1,0.070275,0.00052,0.788812,0.139874,0.000173,0.000173,0.000173
AAGCATACTCTCCTGA-1,0.000144,0.000431,0.798331,0.094998,0.105809,0.000144,0.000144
AAGCCGAAGCGGTTTA-1,0.106295,0.308413,0.233107,0.04827,0.303824,0.000045,0.000045
AAGCGCAGGGCTTTGA-1,0.000231,0.000692,0.998155,0.000231,0.000231,0.000231,0.000231
AAGCGGCGTCATGGGT-1,0.000084,0.000251,0.281618,0.708628,0.009252,0.000084,0.000084
AAGCGTCCCTCATCGA-1,0.088563,0.567529,0.145462,0.198339,0.000035,0.000035,0.000035
AAGCTAGATCGAGTAA-1,0.117414,0.263896,0.45583,0.027171,0.135463,0.000113,0.000113
AAGCTCTTTCATGGTG-1,0.307176,0.002417,0.546488,0.141502,0.000806,0.000805,0.000805
AAGGAGAACTTATAAG-1,0.00139,0.00417,0.988883,0.00139,0.00139,0.001389,0.001389
AAGGAGCGGTTGGTGC-1,0.000119,0.000357,0.250286,0.01573,0.73327,0.000119,0.000119
AAGGCGCGTAAAGCTT-1,0.034677,0.058554,0.367345,0.065967,0.473321,0.000068,0.000068
AAGGCTGTGCTCATCG-1,0.05675,0.00055,0.466271,0.000183,0.475879,0.000183,0.000183
AAGGGACAGATTCTGT-1,0.000195,0.382527,0.405898,0.000195,0.210794,0.000195,0.000195
AAGGGACTATGCATTC-1,0.222865,0.0005,0.43841,0.337724,0.000167,0.000167,0.000167
AAGGTATCCTAATATA-1,0.000283,0.000849,0.5103,0.069321,0.418682,0.000283,0.000283
AAGGTGATAAACCAGC-1,0.141751,0.012649,0.448851,0.000085,0.396494,0.000085,0.000085
AAGTAAGCTTCCAAAC-1,0.003089,0.39627,0.588289,0.003089,0.003089,0.003088,0.003086
AAGTAGAAGACCGGGT-1,0.216331,0.078419,0.465433,0.111283,0.128381,0.000077,0.000077
AAGTCAATTGTCGTCA-1,0.448753,0.082529,0.042075,0.132196,0.294369,0.000038,0.000038
AAGTGACGACCGAATT-1,0.429606,0.102526,0.116109,0.000036,0.351651,0.000036,0.000036
AAGTGAGTCGGGTTTA-1,0.073866,0.001278,0.543772,0.275752,0.104481,0.000426,0.000426
AAGTGCCTTGACTGTA-1,0.000061,0.000183,0.042061,0.446035,0.511537,0.000061,0.000061
AAGTGCGTTAGAATCT-1,0.007501,0.463156,0.223883,0.194613,0.110698,0.000074,0.000074
AAGTGTTTGGAGACGG-1,0.052343,0.154581,0.487979,0.13483,0.169857,0.000205,0.000205
AAGTTCACTCCAAGCT-1,0.093516,0.000804,0.756492,0.000268,0.148385,0.000268,0.000268
AAGTTCAGTCTGCGTA-1,0.16419,0.044903,0.218882,0.210548,0.361327,0.000075,0.000075
AAGTTCGGCCAACAGG-1,0.066484,0.009732,0.689778,0.016779,0.217076,0.000075,0.000075
AAGTTGTGATGTTATA-1,0.000588,0.001765,0.348086,0.227954,0.420431,0.000588,0.000588
AAGTTTACTAATGGCA-1,0.000862,0.002585,0.993106,0.000862,0.000862,0.000861,0.000861
AAGTTTATGGGCCCAA-1,0.072783,0.00201,0.689274,0.233925,0.00067,0.000669,0.000669
AATAACAACGCTCGGC-1,0.094069,0.299909,0.152909,0.00005,0.452963,0.00005,0.00005
AATAACACTAGAACAA-1,0.000051,0.046659,0.285121,0.648329,0.019737,0.000051,0.000051
AATAAGTCCTCGAGAC-1,0.282052,0.084706,0.632602,0.00016,0.00016,0.00016,0.00016
AATACAATGTTTCAGG-1,0.10378,0.012546,0.482349,0.070268,0.330924,0.000066,0.000066
AATACCGGAGGGCTGT-1,0.250493,0.000359,0.44444,0.25545,0.04902,0.00012,0.000119
AATAGAACAGAGTGGC-1,0.033645,0.059323,0.590548,0.291577,0.024708,0.000099,0.000099
AATAGAATCTGTTTCA-1,0.000135,0.14973,0.611928,0.000135,0.237803,0.000135,0.000135
AATAGCAAGCCTCCTG-1,0.000141,0.000424,0.610556,0.381838,0.006758,0.000141,0.000141
AATAGTCCGTCCCGAC-1,0.000105,0.000315,0.825977,0.073736,0.099657,0.000105,0.000105
AATATCAAGGTCGGAT-1,0.016682,0.532822,0.450302,0.000048,0.000048,0.000048,0.000048
AATATCGAATCAATGC-1,0.190342,0.122696,0.291044,0.052387,0.343372,0.00008,0.00008
AATCAGACTGCAGGAC-1,0.000051,0.05438,0.627342,0.221686,0.096439,0.000051,0.000051
AATCATGTAAAGACTC-1,0.027797,0.78798,0.074447,0.048335,0.06139,0.000025,0.000025
AATCCAAGGGCCTGAG-1,0.090043,0.454423,0.366422,0.038964,0.049908,0.00012,0.00012
AATCCATGCAAGGGTG-1,0.000095,0.152644,0.846883,0.000095,0.000095,0.000095,0.000095
AATCGCCTCAGCGCCA-1,0.000087,0.00026,0.096321,0.086366,0.816793,0.000087,0.000087
AATCGGGACACTACGA-1,0.494752,0.00036,0.38852,0.116008,0.00012,0.00012,0.00012
AATCGTGAGCCGAGCA-1,0.066879,0.001293,0.930105,0.000431,0.000431,0.000431,0.000431
AATCTAGGTTTACTTG-1,0.000125,0.000376,0.366811,0.577722,0.054714,0.000125,0.000125
AATCTGGCTTTCTAGT-1,0.025562,0.009041,0.063435,0.799126,0.10266,0.000088,0.000088
AATCTGGGTAGACCCT-1,0.002224,0.006671,0.870938,0.113499,0.002223,0.002224,0.002222
AATGACAGCAATGTCT-1,0.000049,0.000148,0.000049,0.990347,0.009307,0.000049,0.000049
AATGACGTAGGATGTC-1,0.004546,0.000423,0.55861,0.0207,0.415442,0.00014,0.00014
AATGACTGTCAGCCGG-1,0.412853,0.034945,0.256812,0.000067,0.29519,0.000067,0.000067
AATGAGTTCGCATATG-1,0.033362,0.952373,0.009777,0.004467,0.000007,0.000007,0.000007
AATGATGATACGCTAT-1,0.263295,0.679027,0.000028,0.00934,0.048253,0.000028,0.000028
AATGATGCGACTCCTG-1,0.003389,0.325714,0.360625,0.044547,0.265412,0.000157,0.000157
AATGCAACCGGGTACC-1,0.09749,0.087726,0.552722,0.000118,0.261709,0.000117,0.000117
AATGCACCAAGCAATG-1,0.585369,0.129162,0.195267,0.009934,0.080176,0.000046,0.000046
AATGGTTCTCACAAGC-1,0.001339,0.283138,0.496412,0.075778,0.14315,0.000092,0.000092
AATGTGCCCGAGGTGT-1,0.000334,0.753541,0.092871,0.15312,0.000044,0.000044,0.000044
AATGTGCTAATCTGAG-1,0.000889,0.002668,0.992885,0.000889,0.00089,0.000889,0.000889
AATGTTGTCGTGAGAC-1,0.000512,0.001537,0.109798,0.886616,0.000512,0.000512,0.000512
AATTAAAGGTCGGCGT-1,0.103879,0.111543,0.492181,0.000119,0.292041,0.000119,0.000119
AATTAACGGATTTCCA-1,0.041686,0.0005,0.957147,0.000167,0.000167,0.000167,0.000167
AATTACTCGTACGCTC-1,0.000201,0.194693,0.567867,0.114142,0.122696,0.000201,0.000201
AATTAGCGCTGCAGCG-1,0.130277,0.083118,0.59836,0.056805,0.131017,0.000212,0.000212
AATTCATAAGGGATCT-1,0.117973,0.378945,0.301577,0.024884,0.176427,0.000097,0.000097
AATTCCAACTTGGTGA-1,0.445711,0.100533,0.453553,0.000051,0.000051,0.000051,0.000051
AATTCCAAGCATGTAC-1,0.004574,0.084058,0.860978,0.049974,0.000138,0.000138,0.000138
AATTCGATTCGAGGAT-1,0.000215,0.000645,0.869409,0.129085,0.000215,0.000215,0.000215
AATTCTAGAGTTAGGC-1,0.261864,0.095352,0.642151,0.000158,0.000158,0.000158,0.000158
AATTGAACGCTCTGGT-1,0.000127,0.039408,0.541361,0.000126,0.418725,0.000126,0.000126
AATTGCAGCAATCGAC-1,0.000161,0.000482,0.194737,0.345173,0.459126,0.000161,0.000161
AATTGTGGTTGCCAAA-1,0.099214,0.180942,0.195507,0.350491,0.173298,0.000274,0.000274
AATTTGGGACATAGTA-1,0.000203,0.000608,0.594434,0.067309,0.337042,0.000202,0.000202
AATTTGGTTCCAAAGA-1,0.09028,0.000216,0.451784,0.457505,0.000072,0.000072,0.000072
ACAAACCGACAAGGCG-1,0.003971,0.422948,0.5572,0.003972,0.003972,0.003969,0.003968
ACAAAGCATGACCTAG-1,0.000155,0.000465,0.897298,0.101617,0.000155,0.000155,0.000155
ACAAATCGCACCGAAT-1,0.009207,0.885774,0.033662,0.000022,0.07129,0.000022,0.000022
ACAAATGGTAGTGTTT-1,0.020423,0.00035,0.411712,0.000117,0.567165,0.000117,0.000117
ACAAATTCAGATCTGA-1,0.000076,0.000228,0.514933,0.457833,0.026779,0.000076,0.000076
ACAACGGTCCCTGCGA-1,0.261651,0.05989,0.332158,0.15395,0.192249,0.000051,0.000051
ACAAGCAGTGCCTAGC-1,0.047283,0.535058,0.311562,0.000303,0.105188,0.000303,0.000303
ACAAGGAAATCCGCCC-1,0.417127,0.09425,0.254363,0.138713,0.095433,0.000057,0.000057
ACAAGGACAAGAGGTT-1,0.021222,0.142865,0.476022,0.020559,0.339014,0.000159,0.000159
ACAAGGATGCTTTAGG-1,0.000191,0.000574,0.76311,0.23555,0.000191,0.000191,0.000191
ACAAGGCCTACCAGCC-1,0.000436,0.001308,0.615989,0.38096,0.000436,0.000436,0.000436
ACAAGGGCAGGCTCTG-1,0.135664,0.108935,0.406622,0.010975,0.337636,0.000084,0.000084
ACAATAGTCGTACGTT-1,0.097216,0.596702,0.163565,0.000038,0.142404,0.000038,0.000037
ACAATCCATTTAAACC-1,0.03656,0.215197,0.29949,0.000093,0.448473,0.000093,0.000093
ACAATCGATCTTTATA-1,0.001523,0.00457,0.987816,0.001523,0.001523,0.001522,0.001522
ACAATGAATACGGAGA-1,0.024949,0.072831,0.532091,0.366392,0.003609,0.000064,0.000064
ACAATGATTCTTCTAC-1,0.078412,0.000618,0.187405,0.638853,0.0943,0.000206,0.000206
ACAATTGTGTCTCTTT-1,0.178291,0.564397,0.140285,0.000036,0.11692,0.000036,0.000036
ACACAAAGACGGGTGG-1,0.264851,0.060689,0.486564,0.000086,0.187636,0.000086,0.000086
ACACACCAGGACCAGT-1,0.324804,0.027698,0.219522,0.040026,0.387826,0.000062,0.000062
ACACACTTTCTACACG-1,0.15714,0.223479,0.618344,0.000259,0.000259,0.000259,0.000259
ACACATGATCAAATCT-1,0.012357,0.037067,0.232659,0.012353,0.680871,0.012347,0.012346
ACACATTGACGCAACA-1,0.000746,0.002239,0.994031,0.000746,0.000746,0.000746,0.000746
ACACCCAGCATGCAGC-1,0.188478,0.080532,0.424772,0.000114,0.305876,0.000114,0.000114
ACACCCGAGAAATCCG-1,0.026541,0.180388,0.708421,0.000075,0.084425,0.000075,0.000075
ACACCTTAAGTAGGGC-1,0.059407,0.022571,0.011924,0.014053,0.891939,0.000053,0.000053
ACACGGCACTATGCAT-1,0.000122,0.000365,0.933351,0.065796,0.000122,0.000122,0.000122
ACACGGGAACTTAGGG-1,0.073403,0.000459,0.539429,0.000153,0.386249,0.000153,0.000153
ACACGTAGGCCACAAG-1,0.45693,0.085426,0.130856,0.000278,0.325955,0.000278,0.000278
ACACTCCAATGTCACT-1,0.381045,0.332661,0.139462,0.050888,0.0959,0.000022,0.000022
ACACTGATCAAGGTGT-1,0.000133,0.026732,0.631207,0.319329,0.022333,0.000133,0.000133
ACACTGGGACAGTCGT-1,0.331736,0.117236,0.098421,0.450442,0.000722,0.000722,0.000722
ACAGAACTGAGAACAA-1,0.000079,0.003661,0.539336,0.02891,0.427854,0.000079,0.000079
ACAGATTAGGTTAGTG-1,0.00139,0.004169,0.83546,0.154813,0.00139,0.001389,0.001389
ACAGCATAGAGCCAGT-1,0.007048,0.000217,0.114814,0.877704,0.000072,0.000072,0.000072
ACAGCGACATTCTCAT-1,0.06606,0.033747,0.447047,0.452695,0.00015,0.00015,0.00015
ACAGCGCACCCGCAGC-1,0.114575,0.277218,0.388531,0.177658,0.04189,0.000065,0.000064
ACAGGAGGCGCAGCCG-1,0.004118,0.012354,0.390018,0.004119,0.581161,0.004116,0.004115
ACAGGCACGGATCCTT-1,0.111081,0.000733,0.284635,0.299024,0.304038,0.000244,0.000244
ACAGGCTTGCCCGACT-1,0.069655,0.781386,0.059512,0.030589,0.058762,0.000048,0.000048
ACAGGTGGAGGTGAGG-1,0.000124,0.000373,0.799393,0.083876,0.115986,0.000124,0.000124
ACAGTAATACAACTTG-1,0.171488,0.029067,0.527903,0.015635,0.255732,0.000088,0.000088
ACAGTGCAGCGCATTT-1,0.183597,0.193935,0.409986,0.000367,0.211382,0.000367,0.000367
ACATAAGTCGTGGTGA-1,0.021324,0.54142,0.399769,0.036851,0.000212,0.000212,0.000212
ACATAATAAGGCGGTG-1,0.399336,0.00111,0.594644,0.00463,0.000094,0.000093,0.000093
ACATCCCGGCCATACG-1,0.098129,0.294255,0.352269,0.16771,0.08751,0.000063,0.000063
ACATCCTGGTAACTGT-1,0.025142,0.000259,0.421002,0.036303,0.517121,0.000086,0.000086
ACATCGATCGTTTACC-1,0.278348,0.004557,0.368288,0.064902,0.28367,0.000118,0.000118
ACATCGGTCAGCCGCG-1,0.099742,0.028627,0.47593,0.050154,0.345356,0.000096,0.000096
ACATCGTATGCAATGG-1,0.550959,0.000552,0.205157,0.072832,0.170347,0.000077,0.000077
ACATCGTTAACCTAGT-1,0.00011,0.000331,0.538068,0.46116,0.00011,0.00011,0.00011
ACATCTCAACGCGTAA-1,0.00027,0.000811,0.997836,0.000271,0.00027,0.00027,0.00027
ACATGGCTCAATTTAG-1,0.001011,0.003032,0.991915,0.001011,0.001011,0.00101,0.00101
ACATTAGTTTATATCC-1,0.038607,0.912482,0.000038,0.048758,0.000038,0.000038,0.000038
ACCAAACTAGAAATCC-1,0.000585,0.001756,0.995319,0.000585,0.000585,0.000585,0.000585
ACCAACCGCACTCCAC-1,0.000088,0.000264,0.256988,0.733754,0.008731,0.000088,0.000088
ACCAACGCTTATTTAT-1,0.153985,0.095883,0.473566,0.186565,0.089838,0.000081,0.000081
ACCAAGAACGCGTGTC-1,0.085918,0.245199,0.538321,0.01178,0.118682,0.00005,0.00005
ACCAATATGCAAGTTA-1,0.17538,0.003207,0.618733,0.001069,0.199474,0.001069,0.001068
ACCACAACTCAGAACA-1,0.00034,0.00102,0.766838,0.203489,0.027633,0.00034,0.00034
ACCACGTGCAGCTATA-1,0.341365,0.005423,0.510596,0.000095,0.142332,0.000095,0.000095
ACCACTGTTCAAGAAG-1,0.000313,0.201457,0.527479,0.232531,0.037652,0.000284,0.000284
ACCAGCCCGGTCTTTG-1,0.000608,0.060732,0.862578,0.07426,0.000608,0.000607,0.000607
ACCAGGAGTGTGATCT-1,0.003835,0.011503,0.969331,0.003834,0.003834,0.003833,0.003831
ACCAGTGCCCGGTCAA-1,0.001844,0.135875,0.565839,0.217242,0.079046,0.000077,0.000077
ACCAGTGCGGGAGACG-1,0.05662,0.020377,0.445646,0.000244,0.476965,0.000074,0.000074
ACCATATCCGCAATAA-1,0.575647,0.132497,0.113554,0.01936,0.15884,0.000051,0.000051
ACCATCGTATATGGTA-1,0.147311,0.009583,0.634683,0.000155,0.207959,0.000155,0.000155
ACCATTAAGGGTGTCA-1,0.222651,0.060402,0.359803,0.193712,0.163012,0.00021,0.00021
ACCCACCTACATGCTC-1,0.001233,0.172599,0.378394,0.054373,0.393256,0.000072,0.000072
ACCCATCTTGAGGGTA-1,0.255497,0.110875,0.212177,0.349455,0.071935,0.000031,0.000031
ACCCATTTGTCCCTCT-1,0.262782,0.00033,0.315391,0.421168,0.00011,0.00011,0.00011
ACCCGAGCGAAATTAC-1,0.190299,0.000278,0.697102,0.08114,0.030995,0.000093,0.000093
ACCCGGAAACTCCCAG-1,0.000116,0.000349,0.999071,0.000116,0.000116,0.000116,0.000116
ACCCGGTTACACTTCC-1,0.273219,0.081795,0.307151,0.024874,0.312786,0.000087,0.000087
ACCCGTAGTCTAGTTG-1,0.003369,0.010109,0.261539,0.278242,0.440003,0.003369,0.003367
ACCCGTGTCATCAGTA-1,0.172903,0.000339,0.759861,0.066558,0.000113,0.000113,0.000113
ACCCTATAGGACTGAG-1,0.014847,0.880098,0.103325,0.000413,0.001279,0.000019,0.000019
ACCCTATGCCATATCG-1,0.000092,0.000276,0.474854,0.524502,0.000092,0.000092,0.000092
ACCCTCCCGTCAGGGC-1,0.000078,0.000233,0.486494,0.512962,0.000078,0.000078,0.000078
ACCCTCCCTTGCTATT-1,0.105189,0.000414,0.473,0.012535,0.408586,0.000138,0.000138
ACCCTTCATCTGCGAA-1,0.00016,0.000481,0.998718,0.00016,0.00016,0.00016,0.00016
ACCCTTTAGTTCTCCA-1,0.077467,0.148915,0.546286,0.225736,0.000532,0.000532,0.000532
ACCGAAAGGGCCCTGC-1,0.000358,0.001073,0.99714,0.000358,0.000358,0.000357,0.000357
ACCGAAGAGTCTGGTT-1,0.000934,0.284727,0.481065,0.177394,0.054012,0.000934,0.000934
ACCGACACATCTCCCA-1,0.000211,0.000632,0.566743,0.224152,0.207842,0.00021,0.00021
ACCGACTGAGTCCCAC-1,0.109856,0.046173,0.414016,0.000194,0.429373,0.000194,0.000194
ACCGATAGGCATAACC-1,0.379174,0.001235,0.373173,0.099529,0.146065,0.000412,0.000412
ACCGATATTTAATCAT-1,0.195606,0.476652,0.167897,0.092901,0.066719,0.000112,0.000112
ACCGCAATAACTGCCT-1,0.169145,0.254268,0.331262,0.060654,0.184511,0.00008,0.00008
ACCGCGGTGGAAGTCG-1,0.528301,0.000216,0.000063,0.34734,0.123953,0.000063,0.000063
ACCGGGCCTTTGTTGA-1,0.238652,0.016959,0.288044,0.096478,0.359718,0.000074,0.000074
ACCGGTCAGGTACACC-1,0.000614,0.078142,0.918787,0.000614,0.000614,0.000614,0.000614
ACCGGTCTGAGTACGG-1,0.002712,0.008136,0.978308,0.002711,0.002712,0.002711,0.00271
ACCGTGACCACGTGGG-1,0.053041,0.033264,0.710022,0.107659,0.095808,0.000103,0.000103
ACCGTTCCCGCTCTGA-1,0.103701,0.002383,0.89074,0.000794,0.000794,0.000794,0.000794
ACCTAAGTACCTTTCA-1,0.000054,0.27658,0.022001,0.596758,0.104499,0.000054,0.000054
ACCTACTATAAATCTA-1,0.000188,0.000563,0.998498,0.000188,0.000188,0.000188,0.000188
ACCTCCGCCCTCGCTG-1,0.088187,0.798985,0.001086,0.00591,0.105786,0.000024,0.000024
ACCTGCGTGTCATGTT-1,0.055192,0.029916,0.388264,0.186548,0.339931,0.000075,0.000075
ACCTTTCCTTTAGAAG-1,0.016545,0.308765,0.488994,0.181308,0.001463,0.001462,0.001462
ACGAGAACCCATCACG-1,0.046814,0.140713,0.486525,0.081568,0.244212,0.000084,0.000084
ACGAGATATTTGCTTA-1,0.168787,0.026806,0.627746,0.176057,0.000201,0.000201,0.000201
ACGAGGATACCACTCT-1,0.003142,0.685694,0.134413,0.111512,0.065164,0.000038,0.000038
ACGAGGTTTACAACGT-1,0.000361,0.229434,0.644617,0.000361,0.124505,0.000361,0.000361
ACGAGTCGCCGGCGTT-1,0.000043,0.000129,0.608875,0.175966,0.214901,0.000043,0.000043
ACGATACATAGAACTA-1,0.112893,0.032456,0.669603,0.074124,0.110507,0.000209,0.000208
ACGATCATACATAGAG-1,0.100854,0.153035,0.507361,0.074792,0.163728,0.000115,0.000115
ACGATGCATATGTTAT-1,0.008275,0.085838,0.447384,0.003476,0.454875,0.000076,0.000076
ACGATGGATCCGATGC-1,0.209126,0.009773,0.501026,0.279845,0.000077,0.000076,0.000076
ACGCAAACTAATAGAT-1,0.862664,0.000444,0.026694,0.061057,0.048844,0.000148,0.000148
ACGCATAAATGACATG-1,0.019447,0.776851,0.134569,0.069058,0.000025,0.000025,0.000025
ACGCATACGTTTACTA-1,0.096121,0.839469,0.026464,0.00962,0.028277,0.000024,0.000024
ACGCCAGATGATTTCT-1,0.19837,0.000574,0.80029,0.000191,0.000191,0.000191,0.000191
ACGCCCAGCTGTCGAT-1,0.001793,0.005381,0.985653,0.001794,0.001794,0.001792,0.001792
ACGCCGCTAGACGACC-1,0.064707,0.099508,0.472523,0.035961,0.327022,0.000139,0.000139
ACGCCTGACACGCGCT-1,0.055573,0.16673,0.555424,0.055587,0.05557,0.05556,0.055556
ACGCGAAGTCAGACGA-1,0.000132,0.000396,0.757085,0.102791,0.139332,0.000132,0.000132
ACGCGCTACACAGGGT-1,0.115361,0.14208,0.346429,0.125079,0.270907,0.000072,0.000072
ACGCTTAGTGTCTCTC-1,0.159431,0.004834,0.673237,0.157665,0.001611,0.001611,0.00161
ACGGAATTTAGCAAAT-1,0.035546,0.744984,0.121068,0.001427,0.096937,0.000019,0.000019
ACGGACTCTCAAAGCG-1,0.001635,0.004906,0.675668,0.312887,0.001635,0.001634,0.001634
ACGGAGCGCAAATTAC-1,0.464797,0.051058,0.211183,0.005803,0.267082,0.000039,0.000039
ACGGATGGTGCGGATA-1,0.592429,0.002827,0.400976,0.000942,0.000942,0.000942,0.000942
ACGGCACTTGCTTGGG-1,0.000099,0.041707,0.600042,0.299493,0.058462,0.000099,0.000099
ACGGCCAACATGGACT-1,0.000053,0.000158,0.281352,0.713562,0.00477,0.000053,0.000053
ACGGCGACGATGGGAA-1,0.01102,0.348459,0.466617,0.019508,0.154224,0.000086,0.000086
ACGGCGGGTTGCCCTG-1,0.000071,0.000212,0.513636,0.485869,0.000071,0.000071,0.000071
ACGGCTGGATGTAGAA-1,0.001356,0.491735,0.260759,0.242084,0.001356,0.001355,0.001355
ACGGGAGTGTCGGCCC-1,0.072887,0.147272,0.208907,0.169691,0.401117,0.000063,0.000063
ACGGGTCATGTGACTT-1,0.333376,0.369343,0.205809,0.019374,0.072028,0.000035,0.000035
ACGTACAGATTTCTCT-1,0.714007,0.08191,0.196267,0.007689,0.000042,0.000042,0.000042
ACGTATTACTCCGATC-1,0.041276,0.000419,0.417637,0.00014,0.540249,0.00014,0.00014
ACGTCCTAAACGAGAT-1,0.62839,0.008339,0.352156,0.00278,0.00278,0.002778,0.002778
ACGTGCGCCTCGTGCA-1,0.353775,0.038762,0.478643,0.120086,0.008541,0.000096,0.000096
ACGTGGTCGAATGTGC-1,0.1993,0.005054,0.788909,0.001685,0.001685,0.001684,0.001684
ACGTTAATGTCGAAGA-1,0.320758,0.032422,0.252002,0.069935,0.324726,0.000079,0.000079
ACGTTAGATTTGCCCG-1,0.032733,0.092438,0.423741,0.015355,0.435553,0.00009,0.00009
ACGTTATTGGTCACTC-1,0.000167,0.068919,0.544445,0.151738,0.234396,0.000167,0.000167
ACGTTCCGCGCTCCGT-1,0.001011,0.003032,0.991915,0.001011,0.001011,0.00101,0.00101
ACGTTCGTTCAGGAAA-1,0.401449,0.019525,0.134373,0.444133,0.000173,0.000173,0.000173
ACGTTCTGTACAAGTC-1,0.226496,0.07897,0.694406,0.000032,0.000032,0.000032,0.000032
ACGTTTAGTTGTGATC-1,0.027746,0.065385,0.906077,0.000198,0.000198,0.000198,0.000198
ACTAATACGTCAGGCG-1,0.000145,0.000435,0.56613,0.432855,0.000145,0.000145,0.000145
ACTACCAGCTCTCTGG-1,0.021559,0.087924,0.229091,0.000104,0.661115,0.000104,0.000104
ACTACGCGTTAGAATT-1,0.000141,0.000422,0.695905,0.11507,0.188181,0.000141,0.000141
ACTAGTTGCGATCGTC-1,0.030817,0.343614,0.242516,0.142774,0.240166,0.000056,0.000056
ACTATATGCTGTGTTC-1,0.000107,0.162914,0.501789,0.152144,0.182831,0.000107,0.000107
ACTATCTGCCCGCGTA-1,0.129242,0.816493,0.000009,0.008343,0.045895,0.000009,0.000009
ACTATTCGTCCGTGGT-1,0.000171,0.143334,0.815074,0.040908,0.000171,0.000171,0.000171
ACTATTTCCGGGCCCA-1,0.000124,0.000371,0.795448,0.100057,0.103752,0.000124,0.000124
ACTCAACGAATGTATT-1,0.00007,0.044868,0.544759,0.19301,0.217153,0.00007,0.00007
ACTCAAGTGCAAGGCT-1,0.000136,0.000409,0.998909,0.000136,0.000136,0.000136,0.000136
ACTCAATAAAGGCACG-1,0.356678,0.04101,0.429504,0.000098,0.172514,0.000098,0.000098
ACTCAGACCTGCTTCT-1,0.066809,0.195179,0.737034,0.000244,0.000244,0.000244,0.000244
ACTCCCATTCCTAAAG-1,0.506151,0.048013,0.251338,0.076171,0.118167,0.00008,0.00008
ACTCCCTAATGCTAAA-1,0.153848,0.00026,0.625925,0.2025,0.017294,0.000087,0.000087
ACTCCCTAGAATAGTA-1,0.37466,0.087516,0.461304,0.017307,0.059033,0.00009,0.00009
ACTCGATGTATTTCAT-1,0.031851,0.286647,0.531082,0.148337,0.000695,0.000695,0.000694
ACTCGCCGTTCGATAA-1,0.545388,0.000529,0.137341,0.115921,0.200469,0.000176,0.000176
ACTCGTAACCCGTCCT-1,0.053003,0.000211,0.298524,0.399886,0.248235,0.00007,0.00007
ACTCGTCAGTAATCCC-1,0.045102,0.160232,0.290216,0.087274,0.41704,0.000068,0.000068
ACTCTCTGACTTAGGT-1,0.00012,0.159064,0.215711,0.00012,0.624745,0.00012,0.00012
ACTCTCTTATACACGA-1,0.000512,0.001537,0.856498,0.000512,0.139916,0.000512,0.000512
ACTCTGACCTAATAGA-1,0.043119,0.00031,0.906629,0.049632,0.000103,0.000103,0.000103
ACTGAAACGCCGTTAG-1,0.103181,0.098293,0.340627,0.277152,0.180522,0.000113,0.000113
ACTGAATGGCGAAAGT-1,0.080052,0.084363,0.495388,0.208259,0.131712,0.000113,0.000113
ACTGATTTAGTGATTC-1,0.001635,0.134067,0.857759,0.001635,0.001635,0.001634,0.001634
ACTGCCGTCGTAACTC-1,0.068988,0.080283,0.850293,0.000109,0.000109,0.000109,0.000109
ACTGCTCGGAAGGATG-1,0.262047,0.070728,0.447868,0.141875,0.076741,0.00037,0.00037
ACTGTAGCACTTTGGA-1,0.000121,0.116182,0.381938,0.000121,0.501396,0.000121,0.000121
ACTGTATACGCGAGCA-1,0.000197,0.112387,0.678071,0.088666,0.120286,0.000197,0.000197
ACTGTGCTAGTAGATC-1,0.022065,0.811887,0.165954,0.000024,0.000024,0.000023,0.000023
ACTGTTTAGTGTAGGC-1,0.00218,0.006541,0.982561,0.00218,0.00218,0.002179,0.002179
ACTTACCGGGCGCGCA-1,0.000187,0.00056,0.909155,0.089539,0.000187,0.000186,0.000186
ACTTACGCATCCACGC-1,0.000377,0.001131,0.996985,0.000377,0.000377,0.000377,0.000377
ACTTAGTACGACAAGA-1,0.033129,0.954886,0.011956,0.000007,0.000007,0.000007,0.000007
ACTTATCTGATCTATA-1,0.213072,0.004979,0.510731,0.102949,0.164951,0.001659,0.001658
ACTTATTAGGATCGGT-1,0.157917,0.082615,0.383579,0.00018,0.375349,0.00018,0.00018
ACTTATTTATGTGCCA-1,0.071777,0.000396,0.466975,0.096138,0.36445,0.000132,0.000132
ACTTCAGGCTGATCCC-1,0.047998,0.787023,0.050899,0.025387,0.088621,0.000036,0.000036
ACTTCCATGCGGGACA-1,0.128191,0.235836,0.230386,0.405195,0.000131,0.000131,0.000131
ACTTCGCCATACGCAC-1,0.287238,0.002074,0.420787,0.043561,0.246092,0.000125,0.000125
ACTTGACTCCCTCTTT-1,0.144226,0.03603,0.418292,0.006,0.395173,0.000139,0.000139
ACTTGCCATATTGTAC-1,0.058365,0.077069,0.862201,0.000591,0.000591,0.000591,0.000591
ACTTGTGGATGGAACG-1,0.000071,0.631527,0.156959,0.035902,0.175397,0.000071,0.000071
ACTTTCCTATAGCTTC-1,0.000221,0.000664,0.293962,0.000222,0.704488,0.000221,0.000221
ACTTTGGTCGTGCTCC-1,0.002586,0.007759,0.979314,0.002586,0.002586,0.002584,0.002584
ACTTTGTCGACGCACT-1,0.335368,0.105433,0.31556,0.159313,0.083925,0.000201,0.000201
AGAAATTATGACTCGC-1,0.10812,0.455136,0.208708,0.130469,0.097476,0.000046,0.000046
AGAACCCTCAATTGGG-1,0.001183,0.325091,0.668996,0.001183,0.001183,0.001182,0.001182
AGAACGTGGTACATTC-1,0.026299,0.055834,0.487392,0.000144,0.430044,0.000144,0.000144
AGAAGAGCGCCGTTCC-1,0.619768,0.001351,0.00045,0.019269,0.358262,0.00045,0.00045
AGAAGGTACACTTCAC-1,0.058254,0.058,0.689132,0.16733,0.026997,0.000143,0.000143
AGAAGGTTGCCGAATT-1,0.088571,0.015425,0.587402,0.060542,0.247851,0.000105,0.000105
AGAAGGTTGTAGGTCG-1,0.003178,0.009533,0.65797,0.319793,0.003177,0.003175,0.003175
AGAAGTGATTCGTGAT-1,0.057698,0.057786,0.069781,0.703953,0.110623,0.00008,0.00008
AGAATGCGGGTTCGGA-1,0.000079,0.000238,0.407685,0.346155,0.245683,0.000079,0.000079
AGAATTGTTTGACATA-1,0.167072,0.545123,0.24505,0.000027,0.042673,0.000027,0.000027
AGACATAGATCCTTCC-1,0.155199,0.051275,0.683997,0.107509,0.000674,0.000674,0.000673
AGACCAAACCACACCT-1,0.289195,0.116332,0.49424,0.086444,0.013362,0.000213,0.000213
AGACCATGGGATACAA-1,0.388714,0.115302,0.278731,0.005707,0.211472,0.000037,0.000037
AGACCCACCGCTGATC-1,0.351847,0.062958,0.46836,0.000092,0.116561,0.000092,0.000092
AGACCCGCCCTCCTCG-1,0.103385,0.115289,0.434517,0.00008,0.346567,0.00008,0.00008
AGACCGCTCCGCGGTT-1,0.000212,0.450036,0.223195,0.176349,0.149783,0.000212,0.000212
AGACGAAGTGCCGGTC-1,0.129059,0.165071,0.400089,0.000067,0.30558,0.000067,0.000067
AGACGACGATGCCGCT-1,0.000098,0.042481,0.774465,0.1745,0.00826,0.000098,0.000098
AGACGGGATTGGTATA-1,0.003587,0.010762,0.87985,0.003587,0.095044,0.003585,0.003584
AGACGGGCCGATTTAA-1,0.000122,0.000367,0.612876,0.148271,0.23812,0.000122,0.000122
AGACTAGCCTTCCAGA-1,0.000089,0.000267,0.054515,0.103545,0.841407,0.000089,0.000089
AGACTGTTACCGGGTC-1,0.124363,0.002627,0.465267,0.405118,0.000876,0.000875,0.000875
AGAGAACCGTCTAGGA-1,0.031256,0.528538,0.216819,0.00008,0.223147,0.00008,0.00008
AGAGAAGGAGTACAAT-1,0.264226,0.153286,0.533782,0.04848,0.000075,0.000075,0.000075
AGAGCCGCCGAGATTT-1,0.278979,0.086993,0.266877,0.000266,0.366353,0.000266,0.000266
AGAGCGGGCTAATCAT-1,0.495612,0.084305,0.406008,0.004086,0.009856,0.000067,0.000067
AGAGCGTACAAGCTCG-1,0.117076,0.08189,0.562012,0.000099,0.238724,0.000099,0.000099
AGAGCTACGAAAGCAT-1,0.000134,0.336555,0.562783,0.000134,0.100127,0.000134,0.000134
AGAGGCTTCGGAAACC-1,0.025305,0.471817,0.305655,0.001271,0.195873,0.00004,0.00004
AGAGGTATCTCGGTCC-1,0.001235,0.003705,0.99012,0.001235,0.001235,0.001235,0.001235
AGAGTAAACTTCACTA-1,0.241355,0.296191,0.08361,0.205756,0.173022,0.000033,0.000033
AGAGTTAGAGACCGAT-1,0.000104,0.905144,0.094336,0.000104,0.000104,0.000104,0.000104
AGATACCAATAGAACC-1,0.001917,0.005752,0.349239,0.125221,0.514039,0.001916,0.001916
AGATACCGGTGTTCAC-1,0.035423,0.489761,0.243941,0.018406,0.212362,0.000053,0.000053
AGATACGACTTCATAT-1,0.00858,0.795606,0.105923,0.007945,0.081911,0.000018,0.000018
AGATACTCAAGATCGA-1,0.10569,0.025462,0.253537,0.412208,0.20293,0.000086,0.000086
AGATATAATACGACTA-1,0.183021,0.046613,0.683086,0.000473,0.085861,0.000473,0.000473
AGATCGTGCATAAGAT-1,0.231605,0.279456,0.293486,0.000697,0.194672,0.000042,0.000042
AGATGACTCGCCCACG-1,0.05683,0.089113,0.78052,0.000154,0.073077,0.000154,0.000153
AGATGAGGGTTGCGAT-1,0.000116,0.26482,0.565321,0.000116,0.169395,0.000116,0.000116
AGATGCAAGACGTGCA-1,0.031698,0.062485,0.825318,0.080291,0.000069,0.000069,0.000069
AGATGCTATAACGAGC-1,0.000071,0.057893,0.884839,0.039832,0.017224,0.000071,0.000071
AGATTATAGGACGTTT-1,0.030581,0.1384,0.547773,0.000284,0.282395,0.000284,0.000283
AGATTCAAGCGGGTCG-1,0.000121,0.137893,0.861501,0.000121,0.000121,0.000121,0.000121
AGATTCACAACCGATA-1,0.000144,0.000432,0.666125,0.301452,0.03156,0.000144,0.000144
AGCAAAGGCCGCTAGT-1,0.022076,0.318664,0.657085,0.000169,0.001669,0.000169,0.000169
AGCAACATATCTTATT-1,0.04969,0.000228,0.366343,0.03623,0.547356,0.000076,0.000076
AGCAACCGAAAGTAAT-1,0.080363,0.02498,0.317792,0.576735,0.000043,0.000043,0.000043
AGCACCAGTACTCACG-1,0.000139,0.138001,0.338732,0.005606,0.517244,0.000139,0.000139
AGCACTACCTCACCAG-1,0.000224,0.118371,0.488432,0.392301,0.000224,0.000224,0.000224
AGCAGAAGGAGAAAGA-1,0.000253,0.046503,0.273788,0.102227,0.000253,0.576723,0.000253
AGCAGCCAGATGAATA-1,0.000085,0.000255,0.804274,0.195132,0.000085,0.000085,0.000085
AGCATATCAATATGCT-1,0.000068,0.244987,0.24426,0.027,0.483548,0.000068,0.000068
AGCATCATTTCGAAAG-1,0.000098,0.000294,0.476951,0.522363,0.000098,0.000098,0.000098
AGCATCGTCGATAATT-1,0.299634,0.11723,0.345984,0.000112,0.236817,0.000112,0.000112
AGCATTACGAGGCAAG-1,0.03669,0.496206,0.198699,0.129578,0.138475,0.000176,0.000176
AGCCAAGCTTTGTGTC-1,0.000192,0.000576,0.469838,0.479405,0.049605,0.000192,0.000192
AGCCACAGGTTACCCG-1,0.018353,0.000658,0.733474,0.089528,0.157548,0.000219,0.000219
AGCCACTCCCGTGCTT-1,0.165652,0.006858,0.683436,0.000173,0.143535,0.000173,0.000173
AGCCCATACATGTAAG-1,0.424941,0.173429,0.214605,0.000038,0.186911,0.000038,0.000038
AGCCCGCAACAAGCAG-1,0.000131,0.000394,0.986983,0.012097,0.000131,0.000131,0.000131
AGCCCGGCATTAGAGG-1,0.000289,0.000866,0.68836,0.065443,0.244464,0.000289,0.000289
AGCCCGGTAGCCTGTA-1,0.021251,0.000535,0.356488,0.621191,0.000179,0.000178,0.000178
AGCCCTAAGCGAAGTT-1,0.000244,0.541515,0.457263,0.000244,0.000244,0.000244,0.000244
AGCCCTTCTAATCCGA-1,0.000588,0.001765,0.197785,0.752717,0.045969,0.000588,0.000588
AGCCCTTGGACATCCC-1,0.000255,0.295331,0.321706,0.149069,0.233129,0.000255,0.000255
AGCCGTGGCTAAATGT-1,0.067444,0.00027,0.667154,0.105834,0.159119,0.00009,0.00009
AGCCTAATACCCACGT-1,0.000125,0.020538,0.264533,0.524134,0.190421,0.000124,0.000124
AGCCTTAAAGCGGAAG-1,0.249987,0.112584,0.353589,0.167538,0.115846,0.000228,0.000228
AGCGACAGGAACGGTC-1,0.000089,0.050158,0.26111,0.57799,0.110476,0.000089,0.000089
AGCGACATCCCATTCA-1,0.127334,0.115257,0.427869,0.114145,0.21523,0.000083,0.000082
AGCGACCAACGATATT-1,0.433851,0.046599,0.300178,0.045975,0.173258,0.00007,0.00007
AGCGATGCGCCTAATA-1,0.002059,0.006177,0.332054,0.04168,0.613914,0.002058,0.002058
AGCGCATAATGAATCG-1,0.000113,0.00034,0.999094,0.000113,0.000113,0.000113,0.000113
AGCGCGGGTGCCAATG-1,0.238402,0.241351,0.319443,0.071585,0.129018,0.0001,0.0001
AGCGCTTATGGGCAAG-1,0.000138,0.000414,0.402233,0.551879,0.045061,0.000138,0.000138
AGCGGACACTTCGTAG-1,0.113937,0.00147,0.457571,0.425553,0.00049,0.00049,0.000489
AGCGGCGGTTAGCGGT-1,0.094404,0.527908,0.208012,0.080742,0.088709,0.000113,0.000113
AGCGGGAAGGGTCCAT-1,0.163542,0.635684,0.128812,0.000028,0.071876,0.000028,0.000028
AGCGGGTCTGACACTC-1,0.080282,0.178244,0.439197,0.301029,0.000416,0.000416,0.000416
AGCGGTTGAGATGTAC-1,0.002366,0.338774,0.6494,0.002366,0.002366,0.002364,0.002364
AGCGTACGAGAGCTAG-1,0.667131,0.122478,0.187337,0.000028,0.02297,0.000028,0.000028
AGCGTAGCGCTAGACC-1,0.000219,0.000658,0.998246,0.000219,0.000219,0.000219,0.000219
AGCGTCTGAACCCGCA-1,0.000087,0.000261,0.960456,0.011091,0.027932,0.000087,0.000087
AGCGTGGTATTCTACT-1,0.207646,0.008749,0.495108,0.01347,0.274791,0.000118,0.000118
AGCGTTCCGATTTAAA-1,0.002852,0.008555,0.584587,0.002852,0.395455,0.00285,0.002849
AGCTAACAAGCAATGT-1,0.29168,0.180105,0.474992,0.053062,0.000054,0.000054,0.000054
AGCTAAGTACGCAGGC-1,0.266687,0.201994,0.528821,0.000625,0.000625,0.000624,0.000624
AGCTAGAAGCAGAAGT-1,0.255716,0.088684,0.299219,0.000053,0.356223,0.000053,0.000053
AGCTATTTAATCCAAC-1,0.497601,0.014263,0.464844,0.000084,0.023041,0.000084,0.000084
AGCTCCATATATGTTC-1,0.272871,0.163084,0.228569,0.070858,0.264387,0.000115,0.000115
AGCTCCTTCGCACATC-1,0.164712,0.442387,0.207247,0.061622,0.123915,0.000059,0.000059
AGCTCTAGACGTTCCA-1,0.000165,0.371653,0.256524,0.056853,0.314474,0.000165,0.000165
AGCTCTTCCCAGTGCA-1,0.610952,0.01225,0.357567,0.000133,0.018831,0.000133,0.000133
AGCTCTTTACTCAGTT-1,0.287958,0.000339,0.50821,0.000113,0.203153,0.000113,0.000113
AGCTGAAGTAAACCAA-1,0.154993,0.000536,0.795192,0.000179,0.048743,0.000179,0.000179
AGCTGCATTTGAGGTG-1,0.001049,0.29645,0.698307,0.001049,0.001049,0.001048,0.001048
AGCTGCTGTGCCGAAT-1,0.000342,0.112186,0.886104,0.000342,0.000342,0.000342,0.000342
AGCTGTAACCTCAATC-1,0.0105,0.084443,0.091304,0.81326,0.000332,0.00008,0.00008
AGCTTATAGAGACCTG-1,0.000401,0.001204,0.99679,0.000401,0.000401,0.000401,0.000401
AGCTTCAATACTTTGA-1,0.167955,0.007942,0.390006,0.426157,0.002647,0.002647,0.002646
AGCTTCTTCTCGAGCA-1,0.000089,0.000267,0.731063,0.268313,0.000089,0.000089,0.000089
