Barcode,Topic 1to2,Topic 3,Topic 4to6
AAACAAGTATCTCCCA-1,0.606302,0.172282,0.221417
AAACACCAATAACTGC-1,0.645264,0.351955,0.002782
AAACAGAGCGACTCCT-1,0.533449,0.00228,0.464271
AAACAGGGTCTATATT-1,0.283226,0.000375,0.716399
AAACATGGTGAGAGGA-1,0.827251,0.171382,0.001366
AAACATTTCCCGGATT-1,0.999392,0.000152,0.000456
AAACCGTTCGTCCAGG-1,0.422961,0.251718,0.325321
AAACCTAAGCAGCCGG-1,0.990522,0.00237,0.007108
AAACCTCATGAAGTTG-1,0.429758,0.269284,0.300957
AAACGAAGATGGAGTA-1,0.83193,0.002635,0.165435
AAACGAGACGGTTGAT-1,0.56106,0.313175,0.125765
AAACGCTGGGCACGAC-1,0.811079,0.185593,0.003328
AAACGGGCGTACGGGT-1,0.975078,0.006225,0.018697
AAACGGTTGCGAACTG-1,0.988804,0.002803,0.008394
AAACGTGTTCGCCCTA-1,0.741404,0.053453,0.205142
AAACTCGGTTCGCAAT-1,0.989139,0.002716,0.008146
AAACTCGTGATATAAG-1,0.765252,0.055071,0.179677
AAACTTAATTGCACGC-1,0.993701,0.001574,0.004726
AAAGAATGACCTTAGA-1,0.985359,0.003659,0.010983
AAAGAATGTGGACTAA-1,0.997769,0.000558,0.001673
AAAGACCCAAGTCGCG-1,0.557946,0.13872,0.303334
AAAGACTGGGCGCTTT-1,0.330998,0.000456,0.668547
AAAGCTTGCCTACATA-1,0.455445,0.357327,0.187229
AAAGGCCCTATAATAC-1,0.970679,0.007337,0.021984
AAAGGCTACGGACCAT-1,0.988173,0.002958,0.008868
AAAGGCTCTCGCGCCG-1,0.330282,0.182765,0.486953
AAAGGGATGTAGCAAG-1,0.4012,0.000102,0.598698
AAAGGGCAGCTTGAAT-1,0.98818,0.002957,0.008863
AAAGGTAAGCTGTACC-1,0.392073,0.26777,0.340157
AAAGTAGCATTGCTCA-1,0.751363,0.009087,0.239551
AAAGTCACTGATGTAA-1,0.577756,0.279998,0.142247
AAAGTGCCATCAATTA-1,0.747081,0.000942,0.251978
AAATAACCATACGGGA-1,0.782118,0.204911,0.012971
AAATACCTATAAGCAT-1,0.60009,0.212179,0.187731
AAATAGGGTGCTATTG-1,0.377811,0.009395,0.612794
AAATCCGATACACGCC-1,0.608439,0.000562,0.391
AAATCGCGGAAGGAGT-1,0.991027,0.002242,0.006731
AAATCTAGCCCTGCTA-1,0.384432,0.009389,0.60618
AAATGATTCGATCAGC-1,0.898961,0.047257,0.053782
AAATGCTCGTTACGTT-1,0.979657,0.005089,0.015254
AAATGGCATGTCTTGT-1,0.421153,0.57739,0.001456
AAATGGCCCGTGCCCT-1,0.08131,0.142569,0.776121
AAATGGTCAATGTGCC-1,0.643242,0.112319,0.24444
AAATGTATCTTATCCC-1,0.733673,0.265917,0.00041
AAATTAACGGGTAGCT-1,0.713458,0.002221,0.284321
AAATTAATAAGCGCGA-1,0.776843,0.16833,0.054827
AAATTACACGACTCTG-1,0.768264,0.22331,0.008425
AAATTACCTATCGATG-1,0.712087,0.242077,0.045836
AAATTGATAGTCCTTT-1,0.981806,0.004552,0.013642
AAATTGGTGAGAAGCA-1,0.999332,0.000167,0.000501
AAATTTGCGGGTGTGG-1,0.216156,0.030292,0.753552
AACAACTGGTAGTTGC-1,0.98903,0.001774,0.009197
AACAATACATTGTCGA-1,0.857583,0.001212,0.141204
AACAATTACTCTACGC-1,0.50408,0.064583,0.431337
AACACACGCTCGCCGC-1,0.263485,0.710912,0.025603
AACACGACTGTACTGA-1,0.634252,0.10282,0.262928
AACAGCTGTGTGGCAA-1,0.993986,0.001506,0.004507
AACAGGAAATCGAATA-1,0.999347,0.000163,0.00049
AACAGGATGGGCCGCG-1,0.401197,0.328247,0.270556
AACATATCAACTGGTG-1,0.538815,0.348345,0.112841
AACATCGATACGTCTA-1,0.903653,0.078229,0.018118
AACATTGAAGTTGATC-1,0.979657,0.005104,0.015239
AACATTGTGACTCGAG-1,0.988557,0.002853,0.00859
AACCAAGACTTCTCTG-1,0.474732,0.482773,0.042495
AACCATAGGGTTGAAC-1,0.991357,0.002163,0.006479
AACCATGGGATCGCTA-1,0.972978,0.006735,0.020287
AACCCAGAGACGGAGA-1,0.983568,0.004105,0.012327
AACCCATCCCATGATC-1,0.874807,0.042792,0.082401
AACCCGACAACCCGTG-1,0.974071,0.00648,0.019449
AACCCGAGCAGAATCG-1,0.486666,0.000831,0.512503
AACCGAGCTTGGTCAT-1,0.608239,0.163872,0.227888
AACCGTTGTGTTTGCT-1,0.780031,0.214466,0.005503
AACCTCGCTTTAGCCC-1,0.977549,0.005617,0.016835
AACCTTTAAATACGGT-1,0.151807,0.019045,0.829148
AACCTTTACGACGTCT-1,0.71245,0.002376,0.285174
AACGAAAGTCGTCCCA-1,0.984643,0.003824,0.011533
AACGACCTCCTAGCCG-1,0.795381,0.08089,0.123728
AACGATAATGCCGTAG-1,0.441458,0.072497,0.486045
AACGATAGAAGGGCCG-1,0.861178,0.000265,0.138557
AACGATATGTCAACTG-1,0.65734,0.000799,0.341861
AACGCATGATCTGGGT-1,0.680252,0.314749,0.004999
AACGCGACCTTGGGCG-1,0.556273,0.077586,0.366141
AACGCGGTCTCCAGCC-1,0.567412,0.000408,0.43218
AACGCTGTTGCTGAAA-1,0.918159,0.079716,0.002125
AACGGACGTACGTATA-1,0.575252,0.165672,0.259076
AACGGCCATCTCCGGT-1,0.244286,0.524859,0.230855
AACGTACTGTGGGTAC-1,0.991772,0.002058,0.00617
AACGTCAGACTAGTGG-1,0.98565,0.003587,0.010762
AACGTCGCTGCACTTC-1,0.448066,0.004324,0.54761
AACGTGATGAAGGACA-1,0.49057,0.240675,0.268756
AACGTTATCAGCACCT-1,0.99902,0.000245,0.000735
AACGTTCTACCATTGT-1,0.786699,0.102882,0.110419
AACTAGGCTTGGGTGT-1,0.460808,0.161555,0.377637
AACTCCAGAGCGTGTT-1,0.502936,0.166106,0.330958
AACTCCTAATCCCATG-1,0.236224,0.307933,0.455843
AACTCGATGGCGCAGT-1,0.641964,0.286481,0.071555
AACTCTCAATAGAGCG-1,0.377299,0.386968,0.235733
AACTCTCAGTGTGCTC-1,0.433823,0.000272,0.565905
AACTGATATTAGGCCT-1,0.689858,0.129374,0.180768
AACTGGGTCCCGACGT-1,0.987494,0.011896,0.00061
AACTTCTGCGTCTATC-1,0.988344,0.000484,0.011172
AACTTGCCCGTATGCA-1,0.312968,0.682258,0.004774
AACTTGCGTTCTCGCG-1,0.978865,0.005272,0.015863
AACTTTACGGGAGCTT-1,0.879231,0.00027,0.120499
AACTTTCTCGATCATG-1,0.709418,0.082166,0.208416
AAGAAATCACCAGATT-1,0.800884,0.000204,0.198912
AAGAAGGATCAGTTAG-1,0.298167,0.140346,0.561487
AAGACATACGTGGTTT-1,0.09096,0.114031,0.795009
AAGACCAAATAACTCA-1,0.990085,0.002478,0.007437
AAGACCCAACTGAACA-1,0.83433,0.162366,0.003304
AAGACTGCAAGCTACT-1,0.242486,0.369821,0.387693
AAGAGATGAATCGGTA-1,0.711292,0.273877,0.014831
AAGAGCTCTTTATCGG-1,0.152701,0.517442,0.329857
AAGAGGCATGGATCGC-1,0.263732,0.49612,0.240148
AAGAGGCCCTTTGGAA-1,0.577807,0.366459,0.055734
AAGATGGCACCGGACC-1,0.696092,0.106989,0.196919
AAGATTGGCGGAACGT-1,0.835779,0.161507,0.002714
AAGCACCCTGCGTATC-1,0.978939,0.005263,0.015797
AAGCATACTCTCCTGA-1,0.272736,0.127542,0.599722
AAGCCGCCGTGAAATC-1,0.859255,0.078614,0.062131
AAGCCGCTTTACCTTG-1,0.761842,0.214536,0.023621
AAGCCGGAGAGCAGGA-1,0.632768,0.00078,0.366452
AAGCGCAGGGCTTTGA-1,0.987026,0.003241,0.009733
AAGCGGAGTGCGCGCA-1,0.701738,0.297494,0.000769
AAGCGGCGTCATGGGT-1,0.7495,0.247561,0.002939
AAGCGTCCCTCATCGA-1,0.991243,0.002187,0.006569
AAGCTAGATCGAGTAA-1,0.275114,0.472065,0.252821
AAGCTCGTGCCAAGTC-1,0.317026,0.332746,0.350228
AAGCTCTTTCATGGTG-1,0.994818,0.001297,0.003885
AAGGAGCGGTTGGTGC-1,0.522727,0.033992,0.443281
AAGGATGAGGGACCTC-1,0.426484,0.347645,0.225871
AAGGCGCGTAAAGCTT-1,0.99326,0.001684,0.005056
AAGGCTGTGCTCATCG-1,0.205972,0.443196,0.350832
AAGGGAACGACTGGCT-1,0.504804,0.489311,0.005885
AAGGGACAGATTCTGT-1,0.414737,0.518399,0.066864
AAGGGACTATGCATTC-1,0.701148,0.282002,0.016851
AAGGGTTTGATTTCAG-1,0.993578,0.001606,0.004816
AAGGTATCCTAATATA-1,0.856286,0.025423,0.118291
AAGTAGAAGACCGGGT-1,0.999446,0.000138,0.000415
AAGTAGTGACGCGAGG-1,0.781266,0.218167,0.000567
AAGTCTAGTAGCTGCC-1,0.670106,0.111932,0.217962
AAGTGAGTCGGGTTTA-1,0.783839,0.002276,0.213885
AAGTGCAAAGGTAGAC-1,0.528365,0.058586,0.413049
AAGTGCGTTAGAATCT-1,0.987534,0.003118,0.009347
AAGTGCTTCTCTATTG-1,0.756403,0.238098,0.005499
AAGTGTTTGGAGACGG-1,0.939235,0.018066,0.042699
AAGTTCACTCCAAGCT-1,0.584099,0.119744,0.296156
AAGTTCAGTCTGCGTA-1,0.921298,0.001833,0.07687
AAGTTGTGATGTTATA-1,0.998892,0.000175,0.000933
AAGTTTATGGGCCCAA-1,0.989804,0.002551,0.007645
AATAACAACGCTCGGC-1,0.571051,0.428863,0.000086
AATAACACTAGAACAA-1,0.115255,0.26093,0.623814
AATACAATGTTTCAGG-1,0.910772,0.001685,0.087543
AATACCGGAGGGCTGT-1,0.542494,0.005276,0.45223
AATACCTGATGTGAAC-1,0.687389,0.005786,0.306825
AATAGAACAGAGTGGC-1,0.00468,0.043151,0.952169
AATAGAATCTGTTTCA-1,0.588669,0.272048,0.139283
AATAGCTACCGCGTGC-1,0.999098,0.000226,0.000677
AATAGTCCGTCCCGAC-1,0.000047,0.004177,0.995776
AATAGTCGCGAGTCGG-1,0.858128,0.023012,0.11886
AATATCCTAGCAAACT-1,0.770133,0.188135,0.041731
AATATCGAGGGTTCTC-1,0.468032,0.18838,0.343589
AATATTGGAGTATTGA-1,0.562566,0.43008,0.007354
AATCATGTAAAGACTC-1,0.626921,0.250895,0.122185
AATCCAAGGGCCTGAG-1,0.997854,0.000536,0.00161
AATCGGTATAGCCCTC-1,0.99939,0.000153,0.000458
AATCGTGAGCCGAGCA-1,0.972102,0.006973,0.020924
AATCTAGGTTTACTTG-1,0.961424,0.000333,0.038243
AATCTATGCCGGAGCC-1,0.72021,0.276304,0.003486
AATCTGCGTTGGGACG-1,0.370635,0.254824,0.374541
AATCTGGCTTTCTAGT-1,0.488264,0.31085,0.200886
AATGACAGCAATGTCT-1,0.606341,0.005257,0.388402
AATGACTGTCAGCCGG-1,0.967912,0.031537,0.000551
AATGAGTTCGCATATG-1,0.979584,0.005099,0.015317
AATGATGATACGCTAT-1,0.661136,0.055199,0.283666
AATGATGCGACTCCTG-1,0.250446,0.559755,0.189798
AATGCAACCGGGTACC-1,0.538768,0.067737,0.393495
AATGCACCAAGCAATG-1,0.464464,0.000691,0.534846
AATGGTCCACCGTTCA-1,0.98838,0.002904,0.008716
AATGGTTCTCACAAGC-1,0.98465,0.003837,0.011513
AATGTATGGCACTGTA-1,0.611933,0.22283,0.165237
AATGTGCCCGAGGTGT-1,0.238544,0.216727,0.54473
AATGTGCTAATCTGAG-1,0.642449,0.01629,0.341261
AATGTTGTCGTGAGAC-1,0.87173,0.126694,0.001576
AATTAACGGATTTCCA-1,0.918756,0.000399,0.080845
AATTACGAGACCCATC-1,0.986519,0.003375,0.010106
AATTAGCGCTGCAGCG-1,0.343426,0.049031,0.607542
AATTCATAAGGGATCT-1,0.714864,0.279584,0.005552
AATTCATTGTCATGCA-1,0.994854,0.001286,0.00386
AATTCCAAGCATGTAC-1,0.345125,0.134427,0.520448
AATTCGATTCGAGGAT-1,0.983083,0.004223,0.012694
AATTCTAGAGTTAGGC-1,0.538069,0.196385,0.265545
AATTGCAGCAATCGAC-1,0.999563,0.000109,0.000328
AATTGCGTGGATTACA-1,0.98625,0.003444,0.010306
AATTGTGGTTGCCAAA-1,0.731131,0.000753,0.268116
AATTTGGGACATAGTA-1,0.728595,0.002189,0.269216
AATTTGGTTCCAAAGA-1,0.686067,0.007668,0.306266
ACAAACCATGCGTCCT-1,0.997551,0.000613,0.001836
ACAAAGAAGGTAGGCC-1,0.879759,0.017045,0.103196
ACAAAGCATGACCTAG-1,0.667968,0.22946,0.102572
ACAAATCGCACCGAAT-1,0.818948,0.180461,0.000591
ACAACAGCATGAGCTA-1,0.090406,0.178888,0.730705
ACAACGGTCCCTGCGA-1,0.74496,0.001984,0.253056
ACAAGCAGTGCCTAGC-1,0.937614,0.060986,0.0014
ACAAGGAAATCCGCCC-1,0.334066,0.227947,0.437987
ACAAGGACAAGAGGTT-1,0.846294,0.110299,0.043408
ACAAGGATGCTTTAGG-1,0.65617,0.002131,0.341699
ACAATCCATTTAAACC-1,0.673904,0.325586,0.00051
ACAATGAATACGGAGA-1,0.607375,0.000627,0.391998
ACAATTGTGTCTCTTT-1,0.757418,0.209441,0.03314
ACAATTTAGGAGGCTC-1,0.738942,0.001004,0.260055
ACAATTTGAGCAGTGG-1,0.315718,0.328194,0.356088
ACACAAAGACGGGTGG-1,0.029241,0.000043,0.970716
ACACAAATATTCCTAG-1,0.790891,0.182447,0.026663
ACACACTTTCTACACG-1,0.952193,0.047076,0.000731
ACACATGATCAAATCT-1,0.573086,0.42363,0.003284
ACACCCAGCATGCAGC-1,0.410198,0.128909,0.460894
ACACCCGAGAAATCCG-1,0.422266,0.426057,0.151677
ACACCGAGCGCTCTTT-1,0.998373,0.000407,0.00122
ACACCGGTCTGACCGC-1,0.987973,0.003005,0.009021
ACACCTTAAGTAGGGC-1,0.539785,0.004008,0.456207
ACACGAGACTCCTTCT-1,0.402329,0.264707,0.332965
ACACGGGAACTTAGGG-1,0.035393,0.046416,0.918191
ACACGTAGGCCACAAG-1,0.735318,0.26396,0.000723
ACACTCCAATGTCACT-1,0.998509,0.000373,0.001119
ACACTGATCAAGGTGT-1,0.150526,0.277242,0.572231
ACACTGGGACAGTCGT-1,0.628116,0.002446,0.369439
ACAGAACTGAGAACAA-1,0.998856,0.000399,0.000744
ACAGCATAGAGCCAGT-1,0.688523,0.305373,0.006104
ACAGCGACATTCTCAT-1,0.801816,0.093438,0.104746
ACAGCGCACCCGCAGC-1,0.986532,0.003365,0.010103
ACAGGCACGGATCCTT-1,0.991239,0.002192,0.006569
ACAGGCTTGCCCGACT-1,0.757753,0.241852,0.000395
ACAGGTGGAGGTGAGG-1,0.83217,0.001758,0.166073
ACAGTAATACAACTTG-1,0.707957,0.109663,0.18238
ACAGTATACCGTGGGA-1,0.561237,0.142881,0.295882
ACATAAGTCGTGGTGA-1,0.99007,0.002473,0.007456
ACATAATAAGGCGGTG-1,0.998745,0.000314,0.000941
ACATCAGCTGGGACGC-1,0.871,0.000447,0.128553
ACATCCCGGCCATACG-1,0.247049,0.121021,0.63193
ACATCGTTAACCTAGT-1,0.370939,0.22429,0.404771
ACATTAGTTTATATCC-1,0.07303,0.063343,0.863627
ACATTTGAAACCTAAC-1,0.578893,0.051442,0.369665
ACCAAACACCCAGCGA-1,0.616026,0.280679,0.103295
ACCAACACCACACACT-1,0.999326,0.000168,0.000505
ACCAACCGCACTCCAC-1,0.99923,0.000192,0.000577
ACCAACGCTTATTTAT-1,0.097248,0.067926,0.834826
ACCAAGAACGCGTGTC-1,0.173236,0.331986,0.494778
ACCAAGTCATCGGCAG-1,0.9994,0.00015,0.00045
ACCAATATGCAAGTTA-1,0.538759,0.384308,0.076933
ACCACAAGTTTCTATC-1,0.198816,0.019473,0.781712
ACCACCCTCTCTTCTA-1,0.113483,0.496169,0.390348
ACCACGTGCAGCTATA-1,0.703226,0.147243,0.149531
ACCATTAAGGGTGTCA-1,0.998403,0.0004,0.001197
ACCCAACGCCCGTGGC-1,0.645283,0.001792,0.352925
ACCCACCTACATGCTC-1,0.989097,0.002723,0.00818
ACCCATCTTGAGGGTA-1,0.548316,0.371502,0.080182
ACCCATTTGTCCCTCT-1,0.432298,0.040327,0.527375
ACCCGAGCGAAATTAC-1,0.764579,0.008025,0.227396
ACCCGATTGGTTCCGA-1,0.628519,0.144426,0.227055
ACCCGGAAACTCCCAG-1,0.424486,0.27575,0.299764
ACCCGGAGCACCACAA-1,0.995029,0.000112,0.004859
ACCCGTAGTCTAGTTG-1,0.999038,0.00024,0.000721
ACCCGTGTCATCAGTA-1,0.481498,0.213418,0.305084
ACCCTATAGGACTGAG-1,0.888764,0.001516,0.109719
ACCCTATGCCATATCG-1,0.41212,0.001318,0.586562
ACCCTCCCGTCAGGGC-1,0.99695,0.000762,0.002288
ACCCTCCCTTGCTATT-1,0.425316,0.435779,0.138904
ACCCTGGTAACGCCCT-1,0.932034,0.067627,0.000339
ACCCTTCATCTGCGAA-1,0.787598,0.092841,0.119562
ACCCTTGCCTGGGTCG-1,0.640653,0.282441,0.076906
ACCGAAGAGTCTGGTT-1,0.629662,0.000753,0.369586
ACCGACACATCTCCCA-1,0.984678,0.003829,0.011494
ACCGACTGAGTCCCAC-1,0.045128,0.044755,0.910116
ACCGAGTCTCCTTATT-1,0.001339,0.477273,0.521388
ACCGATAGGCATAACC-1,0.419204,0.086997,0.493799
ACCGATATTTAATCAT-1,0.634825,0.16813,0.197045
ACCGCAATAACTGCCT-1,0.97211,0.004659,0.02323
ACCGGTCAGGTACACC-1,0.805781,0.142871,0.051348
ACCGTCCACTGGGCCC-1,0.992523,0.001873,0.005603
ACCGTGACCACGTGGG-1,0.995077,0.00123,0.003693
ACCTAAGTACCTTTCA-1,0.231704,0.334298,0.433999
ACCTAATCGACTTCCT-1,0.858238,0.128251,0.013511
ACCTACTATAAATCTA-1,0.755465,0.002807,0.241729
ACCTCCGCCCTCGCTG-1,0.346745,0.331985,0.321269
ACCTCGAACTTATGCT-1,0.981322,0.004672,0.014006
ACCTGCGTGTCATGTT-1,0.5216,0.371959,0.10644
ACGAAATGGGCGGCAC-1,0.773233,0.134934,0.091833
ACGACTCTAGGGCCGA-1,0.677341,0.239179,0.08348
ACGACTGGTCATACTC-1,0.985977,0.003503,0.01052
ACGAGATATTTGCTTA-1,0.533506,0.196932,0.269561
ACGAGGATACCACTCT-1,0.016822,0.556619,0.426559
ACGAGGTTTACAACGT-1,0.919586,0.079015,0.0014
ACGAGTACGGATGCCC-1,0.66922,0.329709,0.001071
ACGATACATAGAACTA-1,0.874674,0.000389,0.124937
ACGATACCTATCCTGA-1,0.990376,0.002406,0.007218
ACGATCATACATAGAG-1,0.474734,0.15321,0.372056
ACGATGCATATGTTAT-1,0.807041,0.192568,0.000391
ACGATGGATCCGATGC-1,0.982716,0.004328,0.012956
ACGCAAACTAATAGAT-1,0.981301,0.004675,0.014024
ACGCAATCACTACAGC-1,0.982296,0.004436,0.013267
ACGCATACGTTTACTA-1,0.72353,0.002596,0.273874
ACGCATTCGTGAGTAC-1,0.702797,0.131491,0.165712
ACGCCAGATGATTTCT-1,0.604851,0.000185,0.394963
ACGCCAGTGCGTTTGC-1,0.174181,0.723134,0.102685
ACGCGAAGTCAGACGA-1,0.393125,0.230562,0.376314
ACGCGGGCCAAGGACA-1,0.873898,0.000251,0.125851
ACGCGTTTCTTAAGAG-1,0.848107,0.151462,0.000431
ACGCTACTGAATGGGC-1,0.827953,0.169443,0.002604
ACGCTAGTGATACACT-1,0.472067,0.363778,0.164154
ACGGAACACGAGTGCC-1,0.677603,0.079868,0.242528
ACGGAATTTAGCAAAT-1,0.973019,0.006766,0.020215
ACGGACTCTCAAAGCG-1,0.585785,0.001736,0.41248
ACGGAGCGCAAATTAC-1,0.716943,0.004208,0.278848
ACGGATGGTGCGGATA-1,0.435404,0.328825,0.235771
ACGGCACTTGCTTGGG-1,0.268318,0.111976,0.619706
ACGGCCAACATGGACT-1,0.029259,0.033596,0.937145
ACGGCGACGATGGGAA-1,0.402641,0.401431,0.195928
ACGGCTGGATGTAGAA-1,0.992076,0.00198,0.005944
ACGGGAGTGTCGGCCC-1,0.964634,0.008889,0.026478
ACGGGCGTATGCGACA-1,0.174869,0.621159,0.203972
ACGGGTCATGTGACTT-1,0.474143,0.000049,0.525808
ACGGTACAGTTCAATG-1,0.983574,0.004106,0.01232
ACGTACAGATTTCTCT-1,0.679584,0.004955,0.315461
ACGTAGATTGCTGATG-1,0.866865,0.106358,0.026777
ACGTAGGAGAGTCGCT-1,0.549386,0.003304,0.44731
ACGTCGGGCAACTCGG-1,0.650839,0.253545,0.095615
ACGTGACAAAGTAAGT-1,0.99188,0.002031,0.006089
ACGTGCGCCTCGTGCA-1,0.99942,0.000145,0.000435
ACGTTATTGGTCACTC-1,0.947833,0.000125,0.052043
ACGTTCGTTCAGGAAA-1,0.838771,0.000887,0.160342
ACGTTCTGTACAAGTC-1,0.61153,0.289156,0.099314
ACGTTTAGTTGTGATC-1,0.277986,0.167889,0.554125
ACGTTTCGGTGCACTT-1,0.998677,0.000331,0.000992
ACTAAGGACGCACACC-1,0.439354,0.36264,0.198006
ACTACATCCCGACAAG-1,0.706129,0.000946,0.292924
ACTACCAGCTCTCTGG-1,0.798462,0.001257,0.200281
ACTACGCGTTAGAATT-1,0.990078,0.00248,0.007442
ACTATATGCTGTGTTC-1,0.981749,0.004559,0.013692
ACTATCGCCGGCTAAA-1,0.618878,0.279234,0.101888
ACTATCTGCCCGCGTA-1,0.698519,0.00083,0.30065
ACTATGTCCAGCTGCC-1,0.627282,0.368919,0.003799
ACTATTCGTCCGTGGT-1,0.998947,0.000263,0.00079
ACTATTTCCGGGCCCA-1,0.030623,0.000066,0.969312
ACTCAAGTGCAAGGCT-1,0.990637,0.002339,0.007024
ACTCAATAAAGGCACG-1,0.397418,0.000032,0.60255
ACTCATGGCAGCCTTC-1,0.529028,0.439625,0.031347
ACTCCAATATCATCAT-1,0.275052,0.242171,0.482777
ACTCCCATTCCTAAAG-1,0.995257,0.001187,0.003556
ACTCCCGTAGACTAGG-1,0.66054,0.016737,0.322723
ACTCCCTAATGCTAAA-1,0.651905,0.000312,0.347783
ACTCCCTAGAATAGTA-1,0.876957,0.0003,0.122743
ACTCCGGCCGACCACT-1,0.993626,0.001592,0.004781
ACTCGATGTATTTCAT-1,0.998899,0.000275,0.000826
ACTCGCCGTTCGATAA-1,0.807392,0.174872,0.017736
ACTCGTAACCCGTCCT-1,0.971911,0.007007,0.021082
ACTCGTCAGTAATCCC-1,0.367432,0.384533,0.248034
ACTCTAAACCTGGGAT-1,0.874275,0.000118,0.125607
ACTCTGACCTAATAGA-1,0.625234,0.000651,0.374115
ACTGAAACGCCGTTAG-1,0.672997,0.181283,0.145719
ACTGCCCGCCATTCTC-1,0.367033,0.274114,0.358852
ACTGCCGTCGTAACTC-1,0.776968,0.040126,0.182907
ACTGCTCGGAAGGATG-1,0.997724,0.000569,0.001707
ACTGGCGAACCTGCGT-1,0.424307,0.196798,0.378895
ACTGTACGATACACAT-1,0.543411,0.2218,0.23479
ACTGTAGCACTTTGGA-1,0.99051,0.002371,0.007119
ACTGTATACGCGAGCA-1,0.258579,0.495524,0.245896
ACTGTCCAGGATTATA-1,0.746876,0.074623,0.178501
ACTGTCTTCTTTAGAA-1,0.060753,0.104466,0.834781
ACTGTGCTAGTAGATC-1,0.130853,0.367086,0.502061
ACTTACCGGGCGCGCA-1,0.971913,0.007014,0.021073
ACTTACGCATCCACGC-1,0.149315,0.087958,0.762727
ACTTAGTACGACAAGA-1,0.974939,0.00627,0.018792
ACTTCAGGCTGATCCC-1,0.769178,0.084122,0.1467
ACTTCCAGTGGAAGCT-1,0.996976,0.000756,0.002268
ACTTCCATGCGGGACA-1,0.610978,0.000743,0.388279
ACTTCGCCATACGCAC-1,0.433773,0.260244,0.305983
ACTTGGGACCCGGTGG-1,0.636301,0.096739,0.266959
ACTTGTGGATGGAACG-1,0.987525,0.003119,0.009356
ACTTTCCTATAGCTTC-1,0.234957,0.030513,0.73453
ACTTTGGTCGTGCTCC-1,0.994474,0.001381,0.004144
ACTTTGTCGACGCACT-1,0.757586,0.114114,0.1283
AGAAATTATGACTCGC-1,0.159352,0.415876,0.424771
AGAACCCTCAATTGGG-1,0.99493,0.001267,0.003803
AGAACGTGGTACATTC-1,0.493564,0.234753,0.271682
AGAACTGTACTTTGTA-1,0.478804,0.34689,0.174306
AGAAGGTACACTTCAC-1,0.923208,0.000403,0.076389
AGAAGGTTGTAGGTCG-1,0.974065,0.006486,0.019449
AGAAGTGATTCGTGAT-1,0.97757,0.005604,0.016826
AGAATGCGGGTTCGGA-1,0.648775,0.001546,0.34968
AGAATTATGGATTCGA-1,0.381181,0.285088,0.333731
AGAATTGTTTGACATA-1,0.992885,0.001772,0.005343
AGACAGCTCAGAATCC-1,0.792306,0.071499,0.136195
AGACCAAACCACACCT-1,0.996085,0.000978,0.002937
AGACCATGGGATACAA-1,0.98355,0.004114,0.012336
AGACCCACCGCTGATC-1,0.581036,0.109144,0.30982
AGACCCGCCCTCCTCG-1,0.205101,0.000044,0.794854
AGACCGCTCCGCGGTT-1,0.813882,0.102569,0.083548
AGACGAAGTGCCGGTC-1,0.856965,0.003503,0.139532
AGACGACGATGCCGCT-1,0.588218,0.406826,0.004956
AGACGCCCACTTCGCC-1,0.768969,0.122094,0.108937
AGACTAGCCTTCCAGA-1,0.519078,0.000307,0.480614
AGACTGTTACCGGGTC-1,0.988965,0.00276,0.008275
AGAGAAACACCAGAAA-1,0.428502,0.226622,0.344876
AGAGAACCGTCTAGGA-1,0.583897,0.277333,0.13877
AGAGAAGGAGTACAAT-1,0.844909,0.002405,0.152686
AGAGCAGTTATGAGAC-1,0.989639,0.002589,0.007772
AGAGCCGCCGAGATTT-1,0.992152,0.001961,0.005887
AGAGCGCTTGTAACGG-1,0.737967,0.000439,0.261594
AGAGCGGGCTAATCAT-1,0.900301,0.000135,0.099563
AGAGCGTACAAGCTCG-1,0.196213,0.001548,0.802239
AGAGGCTTCGGAAACC-1,0.993703,0.001575,0.004722
AGAGTTGCAGGCCTCC-1,0.181974,0.813945,0.00408
AGATAACTTCAGGGCC-1,0.6296,0.049507,0.320893
AGATACCAATAGAACC-1,0.999044,0.000239,0.000717
AGATACCAGCACTTCA-1,0.81106,0.129118,0.059822
AGATACGACTTCATAT-1,0.537777,0.24557,0.216653
AGATATAATACGACTA-1,0.095305,0.538495,0.3662
AGATCGTGCATAAGAT-1,0.573685,0.243618,0.182697
AGATCTCAGGTGTGAT-1,0.430538,0.568088,0.001374
AGATGACTCGCCCACG-1,0.612242,0.106118,0.28164
AGATGAGGGTTGCGAT-1,0.92023,0.071864,0.007907
AGATGCAAGACGTGCA-1,0.994334,0.001417,0.004249
AGATGCATCCTGTGTC-1,0.782251,0.001065,0.216684
AGATTATAGGACGTTT-1,0.733412,0.255284,0.011304
AGATTCACAACCGATA-1,0.995186,0.001204,0.003611
AGCAAAGGCCGCTAGT-1,0.844794,0.147771,0.007435
AGCAACCGAAAGTAAT-1,0.822122,0.123654,0.054224
AGCACACGTTTAGACT-1,0.350869,0.123144,0.525988
AGCACCAGTACTCACG-1,0.351251,0.11576,0.532988
AGCACTACCGGCCTGT-1,0.558909,0.411555,0.029536
AGCACTACCTCACCAG-1,0.973418,0.025862,0.00072
AGCACTTAAGGACGCC-1,0.882805,0.009931,0.107264
AGCAGAAGGAGAAAGA-1,0.985967,0.003509,0.010525
AGCAGCCAGATGAATA-1,0.432745,0.0041,0.563156
AGCATATCAATATGCT-1,0.436345,0.384379,0.179276
AGCATCATTTCGAAAG-1,0.879899,0.072355,0.047746
AGCATCGTCGATAATT-1,0.999241,0.00019,0.000569
AGCATTACGAGGCAAG-1,0.999359,0.00016,0.000481
AGCCAAGCTTTGTGTC-1,0.975081,0.006225,0.018694
AGCCACAGGTTACCCG-1,0.828075,0.002597,0.169328
AGCCACTCCCGTGCTT-1,0.965617,0.000193,0.03419
AGCCATATAGTATGTG-1,0.413303,0.045618,0.541079
AGCCCGCAACAAGCAG-1,0.964481,0.008884,0.026635
AGCCCGCACTACAATG-1,0.982729,0.004313,0.012958
AGCCCGGCATTAGAGG-1,0.926986,0.071414,0.0016
AGCCCGGTAGCCTGTA-1,0.770449,0.004439,0.225112
AGCCCTAAGCGAAGTT-1,0.908722,0.000181,0.091097
AGCCCTCCCTGGTGGC-1,0.47573,0.233633,0.290637
AGCCCTTCTAATCCGA-1,0.685968,0.309744,0.004288
AGCCCTTGGACATCCC-1,0.615378,0.378131,0.006492
AGCCGTGGCTAAATGT-1,0.40548,0.445206,0.149314
AGCCTAATACCCACGT-1,0.989806,0.002553,0.007641
AGCCTTAAAGCGGAAG-1,0.999279,0.00018,0.000541
AGCGACAGGAACGGTC-1,0.425741,0.169485,0.404774
AGCGACATCCCATTCA-1,0.999195,0.000201,0.000604
AGCGACCAACGATATT-1,0.235831,0.000088,0.764081
AGCGAGACGTGAAGGC-1,0.74102,0.225986,0.032994
AGCGATGCGCCTAATA-1,0.999079,0.00023,0.000691
AGCGCATAATGAATCG-1,0.280911,0.001055,0.718033
AGCGCGGGTGCCAATG-1,0.487009,0.385557,0.127434
AGCGGACACTTCGTAG-1,0.749978,0.235974,0.014047
AGCGGCGGTTAGCGGT-1,0.994428,0.001393,0.00418
AGCGGGAAGGGTCCAT-1,0.83666,0.161729,0.00161
AGCGGGTCTGACACTC-1,0.705906,0.003235,0.290859
AGCGGTTGCCGCTCTG-1,0.999401,0.00015,0.000449
AGCTAACAAGCAATGT-1,0.086074,0.000509,0.913416
AGCTAAGTACGCAGGC-1,0.989663,0.002584,0.007753
AGCTAGAAGCAGAAGT-1,0.857605,0.000981,0.141414
AGCTATTTAATCCAAC-1,0.755632,0.139743,0.104625
AGCTCCATATATGTTC-1,0.705395,0.203503,0.091102
AGCTCCTTCGCACATC-1,0.925625,0.073926,0.000449
AGCTCGTTGATGGAAA-1,0.617254,0.071147,0.311599
AGCTCTTCCCAGTGCA-1,0.344199,0.001162,0.654639
AGCTGAAGTAAACCAA-1,0.989644,0.002587,0.007769
AGCTGTAACCTCAATC-1,0.882849,0.048581,0.06857
AGCTTCTTCTCGAGCA-1,0.844863,0.106769,0.048367
AGGAACGAACGACTTC-1,0.360426,0.563377,0.076198
AGGAAGCTGTCCGCCG-1,0.448419,0.001134,0.550448
AGGACATCGCACGTCG-1,0.986517,0.003373,0.01011
AGGACATCGGCACACT-1,0.996082,0.00098,0.002938
AGGACGCTCGATGTTG-1,0.364605,0.093487,0.541908
AGGACTTATAGGAGAA-1,0.526125,0.13105,0.342824
AGGAGACATCCACAGT-1,0.381107,0.295584,0.323309
AGGAGGCCTTCGCGCG-1,0.81086,0.184999,0.004142
AGGATAAAGTCGGGAT-1,0.407569,0.04581,0.546621
AGGATATCCGACTGCA-1,0.848527,0.002134,0.149339
AGGATCACGCGATCTG-1,0.542596,0.014111,0.443293
AGGCACGTGACTGTCC-1,0.626758,0.001518,0.371724
AGGCAGATGCGTAAAC-1,0.000561,0.466149,0.53329
AGGCAGGGAGCGTACT-1,0.679701,0.10694,0.213359
AGGCCACCCGTTATGA-1,0.998549,0.000363,0.001088
AGGCCCATTGTACAGG-1,0.567622,0.00022,0.432158
AGGCCTGAGAATCTCG-1,0.992254,0.001934,0.005812
AGGCGATAACTGGCGT-1,0.672632,0.005501,0.321866
AGGCGGTTTGTCCCGC-1,0.989808,0.002557,0.007635
AGGCGTCTATGGACGG-1,0.999274,0.000181,0.000544
AGGCTATGGTTAGCTT-1,0.654898,0.174062,0.17104
AGGCTTCCCGAAGAAG-1,0.539754,0.151943,0.308303
AGGCTTGCTAGACACC-1,0.9905,0.002376,0.007124
AGGGAAACGAGGTACT-1,0.23134,0.289528,0.479132
AGGGACTCTACGCGAC-1,0.114254,0.169751,0.715995
AGGGAGACATACTTCG-1,0.591445,0.232176,0.17638
AGGGCCCTAATGTTCT-1,0.889616,0.006502,0.103883
AGGGCGTGATCGGCTA-1,0.943668,0.055854,0.000478
AGGGCTGCAGTTACAG-1,0.353404,0.343092,0.303504
AGGGTCAGAGCACTCG-1,0.616543,0.00543,0.378028
AGGGTCAGTAACCCTA-1,0.999271,0.000182,0.000547
AGGGTCTGGACGCAGT-1,0.998964,0.000259,0.000778
AGGGTGCCGTTCTTTA-1,0.986761,0.003314,0.009925
AGGGTGCTCTCGAGGG-1,0.562361,0.433204,0.004435
AGGGTGGATAGTGCAT-1,0.650811,0.169758,0.179431
AGGGTTCAGACGGTCC-1,0.463937,0.265459,0.270604
AGGGTTCCCTTTGGTT-1,0.450491,0.540956,0.008553
AGGGTTTAGTTCGGGA-1,0.610571,0.000326,0.389104
AGGTAACCTCCTATTC-1,0.908595,0.001117,0.090288
AGGTACGATATTGCCA-1,0.945998,0.000231,0.053771
AGGTAGATCGAGATAT-1,0.680304,0.302971,0.016725
AGGTAGGTACAAAGCT-1,0.156083,0.839277,0.00464
AGGTCAGGTGAGAGTG-1,0.406719,0.325439,0.267842
AGGTCGCCTCCCAACA-1,0.60567,0.052629,0.3417
AGGTCGCGGAGTTACT-1,0.994692,0.001327,0.003981
AGGTGCACGTCCACAT-1,0.985616,0.000162,0.014223
AGGTGGTGACCTTCGC-1,0.476533,0.139151,0.384317
AGGTGTATCGCCATGA-1,0.624101,0.353662,0.022237
AGGTGTTGCCGACCAC-1,0.464477,0.244573,0.29095
AGGTTCTCCTTTCCGG-1,0.985029,0.003742,0.011229
AGGTTGAGGCACGCTT-1,0.11169,0.000552,0.887758
AGTAACTATAGCAGCC-1,0.999439,0.00014,0.000421
AGTAATGTCTTGCCGC-1,0.837751,0.000195,0.162055
AGTACAGAAGCTTATA-1,0.842905,0.003443,0.153652
AGTACATCATTTATCA-1,0.499017,0.249276,0.251706
AGTACCTTCGAGTGCT-1,0.996865,0.000784,0.002351
AGTACGGGCACCTGGC-1,0.981988,0.017559,0.000453
AGTACTCTTATGCCCA-1,0.643049,0.351201,0.00575
AGTAGAAGGCGCCTCA-1,0.980792,0.004798,0.01441
AGTAGGAAGGAAGTTG-1,0.464584,0.005261,0.530155
AGTAGGTAACATACAT-1,0.990761,0.00231,0.006928
AGTATAATACTAGGCA-1,0.983535,0.004116,0.012349
AGTATACACAGCGACA-1,0.992161,0.001961,0.005878
AGTATGCTGGAGACCA-1,0.692867,0.002187,0.304946
AGTATTTGGCACGACC-1,0.440322,0.000319,0.559359
AGTCAAATGATGTGAT-1,0.759435,0.004442,0.236124
AGTCAAGATGACACTT-1,0.695385,0.050155,0.25446
AGTCACTAGCTCTCGA-1,0.856024,0.001719,0.142257
AGTCAGCCACCGCCTG-1,0.948154,0.012966,0.03888
AGTCCCGCCTTTAATT-1,0.584678,0.001562,0.413761
AGTCCCTCGCAGAAAG-1,0.529772,0.291154,0.179074
AGTCGGCCCAAACGAC-1,0.988185,0.002955,0.00886
AGTCGGCTCAACTTTA-1,0.97892,0.005269,0.015811
AGTCGTATAAAGCAGA-1,0.98225,0.004429,0.013321
AGTCGTCGACCACCAA-1,0.985037,0.003738,0.011225
AGTCGTGGGCATTACG-1,0.65083,0.006478,0.342692
AGTCTAAAGTATACTC-1,0.523825,0.105768,0.370407
AGTCTCACAAGACTAC-1,0.835619,0.15798,0.006401
AGTCTGGACATCCTTG-1,0.994774,0.001306,0.00392
AGTCTTCTCCTCAAAT-1,0.379227,0.176725,0.444047
AGTCTTTAAAGTGTCC-1,0.992745,0.001814,0.005441
AGTGAAGATGGTGTCC-1,0.472806,0.44798,0.079214
AGTGACTGTGACACAA-1,0.97598,0.006003,0.018017
AGTGAGACTTCCAGTA-1,0.324351,0.303065,0.372584
AGTGAGCCTCGCCGCC-1,0.443945,0.265442,0.290614
AGTGAGTCGAATTAAC-1,0.999317,0.000171,0.000512
AGTGATAACCTGCGCG-1,0.986777,0.003315,0.009907
AGTGATTCAAGCAGGA-1,0.525601,0.045637,0.428762
AGTGCACGCTTAAGAA-1,0.783907,0.199182,0.016911
AGTGCTAAACACAGCA-1,0.990633,0.00234,0.007027
AGTGGCCCGCAAATGG-1,0.705095,0.293848,0.001057
AGTGGCGGCAATTTGA-1,0.580245,0.199267,0.220488
AGTGGCGTCTGAAGGT-1,0.54326,0.450335,0.006405
AGTGGTGTTACCCGTG-1,0.728812,0.241513,0.029675
AGTGTATTGCGCATTG-1,0.889059,0.002518,0.108423
AGTGTGCTAAGATCGC-1,0.999228,0.000193,0.000579
AGTGTGGTCTATTGTG-1,0.572023,0.417446,0.010531
AGTTAAGCGGTCCCGG-1,0.985641,0.003585,0.010774
AGTTAAGTCAACCGCT-1,0.873027,0.093253,0.03372
AGTTACCCTTAAGACT-1,0.999443,0.000139,0.000418
AGTTACCGCACATGGT-1,0.997459,0.000635,0.001905
AGTTACTCTATCGTGG-1,0.778222,0.091889,0.129889
AGTTCACCGGTTGGAC-1,0.863563,0.000123,0.136314
AGTTCCTACAGAATTA-1,0.094424,0.025177,0.880399
AGTTCTGCGTTGTATC-1,0.975987,0.006009,0.018004
AGTTGACGGTCCTTGC-1,0.978349,0.005423,0.016229
AGTTGCTGACTGATAT-1,0.812764,0.184574,0.002662
AGTTGGCAAGGCTAGA-1,0.999438,0.00014,0.000422
AGTTTATGTAAAGACA-1,0.324119,0.339858,0.336023
AGTTTCGCAGGTCGGA-1,0.981802,0.004563,0.013635
AGTTTGCACCTGCCTC-1,0.579579,0.215515,0.204906
AGTTTGGCCAGACCTA-1,0.985336,0.003669,0.010995
ATAAACGGACCCGTAA-1,0.537784,0.146048,0.316168
ATAAACGTTGCACCAC-1,0.135028,0.000163,0.864809
ATAAAGGCTCGGTCGT-1,0.726179,0.001813,0.272008
ATAAATATTAGCAGCT-1,0.427282,0.504047,0.068671
ATAACGCCGGAGGGTC-1,0.275483,0.438732,0.285785
ATAACGGAGTCCAACG-1,0.402996,0.002434,0.59457
ATAACGTTACCTCCAC-1,0.737404,0.163438,0.099158
ATAAGCAAACACCGAG-1,0.318909,0.376351,0.304739
ATAAGGTGGAGAACAT-1,0.676145,0.088265,0.23559
ATAAGTAGGATTCAGA-1,0.356486,0.17219,0.471324
ATAATACCGTTAGCCG-1,0.999166,0.000209,0.000626
ATAATAGCTGTTGAAT-1,0.506256,0.087801,0.405943
ATAATAGTGTAGGGAC-1,0.986241,0.003432,0.010327
ATAATCTTGGAGAACC-1,0.981231,0.004673,0.014095
ATAATTAGCTAAGTAG-1,0.98468,0.00383,0.01149
ATACAGGCCCTCCAAT-1,0.80525,0.000314,0.194436
ATACCACGGGCAACTT-1,0.000051,0.996187,0.003762
ATACCGTCATCCATAA-1,0.685461,0.148886,0.165653
ATACCTAACCAAGAAA-1,0.211915,0.579703,0.208382
ATACGGAACGTCGTTT-1,0.887047,0.11207,0.000883
ATACGGGTTTCGATTG-1,0.854216,0.141281,0.004503
ATACGGTGAAGATGCA-1,0.993399,0.001653,0.004949
ATACGTACTTAGCCAC-1,0.973164,0.024369,0.002467
ATACGTTATGCACGGA-1,0.769555,0.003916,0.226529
ATACTACCCGTACCAC-1,0.77902,0.107013,0.113968
ATACTAGCATGACCCT-1,0.965756,0.033579,0.000665
ATACTGCCTTACACCG-1,0.825766,0.000634,0.173601
ATACTTGTTCTCGAGC-1,0.899282,0.001022,0.099697
ATAGACAACGGGACCT-1,0.073734,0.458878,0.467388
ATAGACGAAGAGAAAG-1,0.8529,0.062839,0.08426
ATAGAGTACTGGGACA-1,0.608989,0.131991,0.25902
ATAGAGTTATCAACTT-1,0.750491,0.080384,0.169125
ATAGCAACTAGGGAAG-1,0.874377,0.065366,0.060257
ATAGCCATAACAGTCA-1,0.999221,0.000195,0.000584
ATAGCCTCAGTACCCA-1,0.963236,0.036384,0.00038
ATAGCTGCTCTTGTTA-1,0.627429,0.119797,0.252773
ATAGGCTAGCTTCGCA-1,0.613669,0.28583,0.100502
ATAGGGATATCCTTGA-1,0.526304,0.002597,0.4711
ATAGGTTGGGCAGATG-1,0.176453,0.117183,0.706364
ATATAAAGCGCTCGTG-1,0.274021,0.000144,0.725836
ATATAAATGTAGCTGC-1,0.665528,0.032551,0.301922
ATATAACACGGGCGCA-1,0.99569,0.001078,0.003232
ATATACATGTATGGTA-1,0.989644,0.002687,0.007668
ATATACGCTCGTGACG-1,0.675726,0.139815,0.184459
ATATAGAGTATTGGTC-1,0.995602,0.0011,0.003298
ATATCAATTCCAGCCT-1,0.63422,0.194548,0.171231
ATATCGTTCCTCGAAC-1,0.867183,0.001851,0.130966
ATATCTCCCTCGTTAA-1,0.785986,0.001297,0.212717
ATATCTTAGGGCCTTC-1,0.400243,0.305027,0.294729
ATATTCCACATAGTGA-1,0.698075,0.165737,0.136188
ATATTCCCACAGGTCA-1,0.31391,0.67688,0.00921
ATATTGCTGTCAAAGT-1,0.992833,0.001793,0.005374
ATATTGGAGAGGCCTT-1,0.76964,0.209371,0.02099
ATATTTAACCCTCAAG-1,0.220623,0.033127,0.74625
ATCAAACGAAGGTTTG-1,0.658141,0.004104,0.337755
ATCAATCTGGGCTGCA-1,0.916931,0.000233,0.082836
ATCAATGCCGTGGCTG-1,0.987251,0.003185,0.009564
ATCACATTAGAATATC-1,0.983983,0.004013,0.012004
ATCACTTCATCCTCGC-1,0.999069,0.000233,0.000698
ATCAGCCTCATGCTGC-1,0.986776,0.003306,0.009918
ATCAGCTCGTCCACTA-1,0.975991,0.006009,0.018
ATCAGTAGGCAGGGAT-1,0.667587,0.265703,0.06671
ATCATAGCCCTATGTA-1,0.851667,0.14762,0.000713
ATCATTGTACCGCATT-1,0.758763,0.000901,0.240336
ATCCAACGCAGTCATA-1,0.565325,0.001046,0.433628
ATCCACATCGACAGAA-1,0.986523,0.003373,0.010104
ATCCAGAGCAACAACC-1,0.17129,0.257025,0.571685
ATCCCATCCACAGCGC-1,0.989638,0.00259,0.007772
ATCCGGACCAGCCTGA-1,0.356929,0.054316,0.588755
ATCCTGAATCGCTGCG-1,0.314043,0.685557,0.000399
ATCGACTCTTTCCGTT-1,0.888196,0.001491,0.110313
ATCGCACGCCGGGAGA-1,0.17477,0.000069,0.82516
ATCGCCGTGGTTCATG-1,0.988966,0.002766,0.008268
ATCGCTGCGTGCAGCA-1,0.509526,0.008849,0.481626
ATCGGAGACAGACGGC-1,0.716508,0.000089,0.283404
ATCGGCAAGCAGTCCA-1,0.696672,0.296304,0.007025
ATCGGTTACCTAGTAA-1,0.604486,0.394703,0.00081
ATCGTATTCCGAGAAC-1,0.935301,0.040284,0.024415
ATCGTGGAAAGTCTGG-1,0.710844,0.000437,0.28872
ATCGTTAGCTAGCGGA-1,0.417232,0.039293,0.543475
ATCGTTCACTTTCGCC-1,0.437596,0.399066,0.163338
ATCTAATATCCTACGG-1,0.594737,0.000313,0.40495
ATCTACCATCTGCTCC-1,0.732479,0.144227,0.123294
ATCTAGCTTGTGAGGG-1,0.990509,0.002376,0.007115
ATCTCCCACGGAATAT-1,0.955208,0.00019,0.044602
ATCTCCCTGCAATCTA-1,0.953128,0.000134,0.046738
ATCTGACATGGAAGGA-1,0.972982,0.006741,0.020276
ATCTGATAGTGTCTTA-1,0.739656,0.076763,0.183581
ATCTGCACCTCTGCGA-1,0.64902,0.347895,0.003085
ATCTGCTGTTATCGCC-1,0.6081,0.291851,0.100049
ATCTGGGCTGTTCTTG-1,0.977547,0.00561,0.016844
ATCTGGTTAAGACTGT-1,0.690863,0.002905,0.306232
ATCTGTAATTGTACCC-1,0.598933,0.209291,0.191776
ATCTTATCGCACACCC-1,0.789057,0.069641,0.141302
ATCTTGACCTGCAACG-1,0.414947,0.000158,0.584895
ATCTTTCGTATAACCA-1,0.408791,0.328451,0.262758
ATGAAGCCAAGGAGCC-1,0.998568,0.000358,0.001074
ATGAAGTGGACCCAGC-1,0.228451,0.235465,0.536084
ATGACGCCGGCTCTAA-1,0.998952,0.000262,0.000786
ATGACGCGTTCTATCC-1,0.983933,0.004022,0.012046
ATGACTATCAGCTGTG-1,0.671174,0.001739,0.327087
ATGACTATGCGACATT-1,0.616336,0.214078,0.169586
ATGAGGAGTGTTAATC-1,0.906424,0.00456,0.089016
ATGATCGGGAATAGAC-1,0.873803,0.000143,0.126054
ATGCACCTTCCTTAAT-1,0.945589,0.053245,0.001165
ATGCACGCGCTGTTCA-1,0.987744,0.003059,0.009197
ATGCACTACCGCATTG-1,0.993191,0.001705,0.005104
ATGCATGATCCAGGAT-1,0.343275,0.000585,0.65614
ATGCCAATCGCTCTGC-1,0.295587,0.409372,0.295041
ATGCCGGTCTTGCATA-1,0.254913,0.070459,0.674628
ATGCCGGTTGATGGGA-1,0.9604,0.00987,0.02973
ATGCGACAATTGGTCC-1,0.9891,0.002722,0.008179
ATGCGACAGTCCCATT-1,0.249805,0.350818,0.399377
ATGCTCAGTGTTGCAT-1,0.986795,0.003304,0.009901
ATGCTCTGGCGCGGTA-1,0.559751,0.005739,0.434511
ATGCTTAGGAGTTGAT-1,0.9875,0.003125,0.009375
ATGGAAATTTAAGGAG-1,0.997451,0.000637,0.001912
ATGGAGCAGGCCGTGA-1,0.277096,0.246316,0.476588
ATGGATCCGGCGTCCG-1,0.99251,0.001874,0.005616
ATGGATTGACCAAACG-1,0.343377,0.179125,0.477498
ATGGCAGCATTACGAT-1,0.995568,0.001108,0.003324
ATGGCAGCCGAGAAAC-1,0.869644,0.125497,0.00486
ATGGCTGGAAATGGCC-1,0.993699,0.001574,0.004727
ATGGGACCTGCTGAAC-1,0.754213,0.002275,0.243512
ATGGGTGTATACCTCC-1,0.985369,0.003663,0.010968
ATGTACATGCGGTGAG-1,0.689502,0.123732,0.186766
ATGTACGATGACGTCG-1,0.775148,0.212217,0.012635
ATGTAGCGCGCGTAGG-1,0.981275,0.00468,0.014045
ATGTCATTTCCCATTG-1,0.9991,0.000225,0.000674
ATGTGAAAGCCTAATG-1,0.463981,0.342767,0.193252
ATGTGCATCCGACGCA-1,0.999386,0.000154,0.000461
ATGTGGACATCTTGAT-1,0.598661,0.197272,0.204067
ATGTTACGAGCAATAC-1,0.981272,0.004681,0.014047
ATGTTCCTGCCCACCT-1,0.999133,0.00035,0.000517
ATGTTCGTCGACCCAC-1,0.788744,0.209923,0.001333
ATGTTGATTAGAGACT-1,0.986494,0.003373,0.010133
ATGTTGTAGTCTGTTT-1,0.981828,0.004549,0.013623
ATTAACACCTGAGATA-1,0.996193,0.000952,0.002855
ATTAATACTACGCGGG-1,0.755765,0.054799,0.189436
ATTAATGAACCAGTCG-1,0.918533,0.000193,0.081274
ATTAATTCGGTCACTC-1,0.998863,0.000284,0.000853
ATTACAACTACCGGCC-1,0.936713,0.061913,0.001375
ATTACGACTCCACAGT-1,0.543642,0.393064,0.063295
ATTACGGGCTACGGTT-1,0.509358,0.390974,0.099668
ATTACTAGCCTCTTGC-1,0.998853,0.000287,0.00086
ATTACTTACTGGGCAT-1,0.993587,0.001603,0.00481
ATTAGATTCCTCAGCA-1,0.716109,0.279603,0.004287
ATTAGATTGATAGCGG-1,0.74371,0.000251,0.256039
ATTATACTTTGCTCGT-1,0.816401,0.172338,0.011261
ATTATCGGAATGTACG-1,0.974094,0.006466,0.01944
ATTATGAGACCCAATT-1,0.974044,0.006487,0.019469
ATTATGCCATAGGGAG-1,0.84507,0.035611,0.119319
ATTATTATGTCCGTCA-1,0.993058,0.001736,0.005205
ATTATTCAGAGTCACT-1,0.999024,0.000244,0.000732
ATTCAACCATTTAAGG-1,0.796133,0.166252,0.037615
ATTCACTGATGTTGGA-1,0.600807,0.000342,0.398851
ATTCAGGACCTATTTC-1,0.601752,0.387928,0.010321
ATTCAGTAGCAGGGTC-1,0.86742,0.124285,0.008295
ATTCATCGTTGAGGCA-1,0.982238,0.004446,0.013316
ATTCCCACATAAACAA-1,0.832726,0.004013,0.163261
ATTCCCGAAGGTACAG-1,0.993874,0.001529,0.004598
ATTCCTAAGACGTGGA-1,0.835578,0.157938,0.006484
ATTCCTCCGCCAGTGC-1,0.789132,0.071145,0.139723
ATTCGACGCCGGGCCT-1,0.52996,0.460043,0.009997
ATTCGCAGAGGACACT-1,0.846885,0.000839,0.152277
ATTCGCGCCTTGAGAG-1,0.999272,0.000182,0.000546
ATTCGTCCCGAGGTTA-1,0.585411,0.21645,0.198139
ATTCTCGTCTCTTTAG-1,0.97502,0.006236,0.018744
ATTCTTCGTACTTATG-1,0.516028,0.177723,0.306249
ATTGAAGATCTTAGTG-1,0.30356,0.175986,0.520454
ATTGACCGGCGATGAC-1,0.708832,0.194609,0.096559
ATTGATAGCAACGAGA-1,0.993463,0.001635,0.004903
ATTGATCACCACATTT-1,0.995567,0.001109,0.003324
ATTGCCTATTAGACCG-1,0.975899,0.006023,0.018078
ATTGCCTTTATGTTTG-1,0.982751,0.004313,0.012936
ATTGCGATCAGTAACT-1,0.997237,0.000691,0.002072
ATTGCTGCTCCTCCAT-1,0.808756,0.190521,0.000723
ATTGGATTACAGCGTA-1,0.660631,0.040884,0.298485
ATTGGGAATATCTTGG-1,0.791152,0.002906,0.205943
ATTGGTAGGATCCGCT-1,0.574326,0.299463,0.126211
ATTGGTTGTGCATTAC-1,0.978237,0.005441,0.016322
ATTGTCGCAATACCTT-1,0.595259,0.003013,0.401728
ATTGTGACTTCGCTGC-1,0.738142,0.203006,0.058852
ATTTAACTCGTATTAC-1,0.99352,0.001624,0.004857
ATTTACAGTTTACTGG-1,0.448401,0.109225,0.442374
ATTTCATTATTTCGCG-1,0.730261,0.242486,0.027252
ATTTCCGGGTTCTGCG-1,0.149632,0.121301,0.729066
ATTTGCGCGAGTAGCT-1,0.987507,0.003125,0.009368
ATTTGGAGATTGCGGT-1,0.989935,0.002513,0.007551
ATTTGTTCCAGGGCTC-1,0.758496,0.00081,0.240693
CAAACCCTCCGGCGGG-1,0.986492,0.003374,0.010134
CAAACGAGTATCGCAG-1,0.616415,0.329508,0.054076
CAAACGGTCGCACTTT-1,0.224661,0.001436,0.773903
CAAACTACGATAGAGA-1,0.944609,0.000447,0.054944
CAAACTATTGAGCTTC-1,0.922258,0.076215,0.001527
CAAAGATTATTGGGCC-1,0.804758,0.00318,0.192063
CAAATTGGATTATGCC-1,0.735207,0.069862,0.194931
CAAATTGTCAGCAAGC-1,0.995811,0.001048,0.003142
CAACCAGTGGCCTACC-1,0.750697,0.000277,0.249026
CAACCTACCGAGCAGT-1,0.595156,0.152039,0.252805
CAACCTGAACCTGCCA-1,0.382028,0.207905,0.410067
CAACGACCCGTTTACA-1,0.950164,0.049218,0.000618
CAACGATCGATCCAAT-1,0.996316,0.000922,0.002763
CAACGGTTCTTGATAC-1,0.975118,0.006226,0.018656
CAACGTGGTGGAGTCT-1,0.998293,0.000427,0.00128
CAACTATATCGAATGC-1,0.933423,0.008594,0.057982
CAACTCCGTAACTTGC-1,0.996851,0.000787,0.002362
CAACTCCTTGATCCCG-1,0.673849,0.016841,0.30931
CAACTGCTCATCCGAT-1,0.55872,0.002443,0.438837
CAAGCAACGTCGGAGT-1,0.728051,0.248707,0.023242
CAAGCACCAAATGCCT-1,0.999481,0.00013,0.000389
CAAGCGGCACATAATT-1,0.5544,0.135383,0.310217
CAAGGCCAGTGGTGCA-1,0.886881,0.0768,0.036318
CAAGTAAGTGATAGAC-1,0.995969,0.001008,0.003024
CAATAAACCTTGGCCC-1,0.154355,0.020422,0.825223
CAATATTCTTGACCTA-1,0.278953,0.254305,0.466743
CAATCCCTATACCAGC-1,0.69674,0.001756,0.301503
CAATCCTGCCGTGGAG-1,0.987024,0.003245,0.009731
CAATGCGAGAAGTATC-1,0.741787,0.040896,0.217317
CAATGGAATCTACATA-1,0.975576,0.022281,0.002143
CAATGGATCTCTACCA-1,0.39808,0.348095,0.253824
CAATTAAGGGTGATGA-1,0.079398,0.019382,0.90122
CAATTGGGCCGCACTC-1,0.992164,0.00196,0.005876
CACAAACCGCAGAACT-1,0.629349,0.17327,0.197381
CACAAGAAAGATATTA-1,0.736369,0.154529,0.109102
CACAAGCTAAGAAAGG-1,0.591164,0.407038,0.001798
CACACACGCTAACGAG-1,0.307106,0.002084,0.69081
CACACAGGGATAGATT-1,0.985358,0.00366,0.010982
CACACGCGCTGTCTTA-1,0.529916,0.000958,0.469125
CACACTTGTATTGCGA-1,0.160322,0.587913,0.251765
CACAGAGACGAGGACG-1,0.947093,0.028544,0.024363
CACAGCACCCACGGCA-1,0.30303,0.068234,0.628736
CACAGCTAGGGAGTGA-1,0.983085,0.016442,0.000472
CACAGGGCCATATAGT-1,0.510864,0.000476,0.48866
CACAGGGCCGTTGTCA-1,0.512102,0.47666,0.011239
CACAGTCCCGCTTCGC-1,0.866109,0.058247,0.075645
CACAGTTCGCTTCCCA-1,0.987299,0.003175,0.009526
CACATATTAGCAGGAT-1,0.541488,0.179394,0.279118
CACATCGTGCACGCGC-1,0.70236,0.004103,0.293536
CACATCTCACCGACGA-1,0.760733,0.234984,0.004284
CACATTCTTTCGATGG-1,0.78486,0.097682,0.117457
CACCAATCATCCGTCT-1,0.800048,0.03856,0.161392
CACCAGTCAGCATGCA-1,0.996596,0.000852,0.002552
CACCATCGGAGGAGAC-1,0.969378,0.00765,0.022972
CACCATGATCGCAAAG-1,0.277564,0.286803,0.435634
CACCCACACGTCACCC-1,0.99919,0.000203,0.000608
CACCCACGAGGCAATT-1,0.98836,0.002908,0.008732
CACCCGCGTTTGACAC-1,0.646687,0.001668,0.351645
CACCCGGTTTGTGACT-1,0.995837,0.001041,0.003123
CACCCTAACAAGATCT-1,0.990891,0.002276,0.006833
CACCCTTGGTGAGACC-1,0.506186,0.4898,0.004014
CACCGATACACCGAGC-1,0.995481,0.00113,0.003389
CACCGATGATGGGTAC-1,0.95076,0.000126,0.049115
CACCGCCAGAAGGTTT-1,0.103983,0.017728,0.878289
CACCGCCGACCAGCGA-1,0.58524,0.219106,0.195654
CACCGCGTCCACTCTA-1,0.616215,0.142424,0.241361
CACCGGGCATCACAAG-1,0.99101,0.002248,0.006742
CACCGGTAGAGACATT-1,0.680221,0.003913,0.315866
CACCGTATCCCATCCG-1,0.755403,0.23954,0.005057
CACCGTTAGGGATCAC-1,0.740689,0.250871,0.00844
CACCGTTGCGCGATAT-1,0.004959,0.832528,0.162513
CACCTAATAGAGTCGT-1,0.988409,0.002899,0.008692
CACCTAATCAGTTTAC-1,0.718321,0.001533,0.280146
CACCTCGATGGTGGAC-1,0.746204,0.000545,0.25325
CACCTTGCGAAACTCG-1,0.952323,0.047183,0.000493
CACGAAAGTTAGTCCC-1,0.399342,0.48542,0.115237
CACGCACAGCGCAGCT-1,0.404129,0.066362,0.52951
