Barcode,Topic 1,Topic 2to4,Topic 5,Topic 6to7
AAACAACGAATAGTTC-1,0.226655,0.149617,0.50929,0.114438
AAACAAGTATCTCCCA-1,0.274599,0.17836,0.314109,0.232933
AAACAATCTACTAGCA-1,0.994408,0.002796,0.000932,0.001864
AAACACCAATAACTGC-1,0.473031,0.005061,0.272858,0.24905
AAACAGAGCGACTCCT-1,0.098027,0.861271,0.039829,0.000874
AAACAGGGTCTATATT-1,0.431454,0.232773,0.266593,0.06918
AAACATTTCCCGGATT-1,0.99782,0.00109,0.000363,0.000727
AAACCACTACACAGAT-1,0.983884,0.00017,0.015833,0.000113
AAACCGTTCGTCCAGG-1,0.374645,0.434621,0.090132,0.100602
AAACCTAAGCAGCCGG-1,0.446763,0.488935,0.049271,0.015031
AAACGAAGAACATACC-1,0.995716,0.002142,0.000713,0.001428
AAACGACAGTCTTGCC-1,0.000834,0.668889,0.251565,0.078712
AAACGCCCGAGATCGG-1,0.617131,0.302949,0.001176,0.078745
AAACGGGCGTACGGGT-1,0.997011,0.001495,0.000498,0.000996
AAACGGGTTGGTATCC-1,0.402767,0.126142,0.469362,0.001728
AAACGGTTGCGAACTG-1,0.506515,0.491816,0.000556,0.001113
AAACGTGTTCGCCCTA-1,0.013044,0.257249,0.491541,0.238166
AAACTAACGTGGCGAC-1,0.972243,0.013873,0.004632,0.009252
AAACTCGGTTCGCAAT-1,0.791765,0.204678,0.001186,0.002372
AAACTCGTGATATAAG-1,0.764311,0.226721,0.002987,0.005981
AAACTGCTGGCTCCAA-1,0.274115,0.15751,0.000073,0.568303
AAACTTAATTGCACGC-1,0.991305,0.00435,0.001449,0.002896
AAACTTGCAAACGTAT-1,0.425944,0.222647,0.10658,0.244829
AAAGAATGTGGACTAA-1,0.240643,0.416998,0.20212,0.140239
AAAGACATGAAGTTTA-1,0.438395,0.327707,0.158837,0.075062
AAAGACCCAAGTCGCG-1,0.755993,0.240695,0.001104,0.002208
AAAGCTTGCCTACATA-1,0.719568,0.165275,0.020324,0.094832
AAAGGCCCTATAATAC-1,0.752894,0.217146,0.000129,0.029831
AAAGGCTACGGACCAT-1,0.154146,0.825325,0.000327,0.020202
AAAGGCTCTCGCGCCG-1,0.081105,0.473107,0.299995,0.145794
AAAGGGATGTAGCAAG-1,0.426192,0.324461,0.00025,0.249097
AAAGGGCAGCTTGAAT-1,0.520301,0.269266,0.000222,0.21021
AAAGGTAAGCTGTACC-1,0.430358,0.346159,0.217109,0.006374
AAAGGTCAACGACATG-1,0.000154,0.784004,0.114115,0.101727
AAAGTAGCATTGCTCA-1,0.26769,0.400867,0.009896,0.321547
AAAGTCACTGATGTAA-1,0.735846,0.259934,0.001408,0.002812
AAATAACCATACGGGA-1,0.066425,0.933029,0.000182,0.000364
AAATAAGGTAGTGCCC-1,0.768503,0.126857,0.000686,0.103954
AAATACCTATAAGCAT-1,0.172692,0.036403,0.010872,0.780033
AAATAGGGTGCTATTG-1,0.640423,0.146408,0.084782,0.128387
AAATCACTCCTAAACG-1,0.449029,0.300291,0.152713,0.097967
AAATCCGATACACGCC-1,0.821605,0.001715,0.000571,0.176109
AAATCTAGCCCTGCTA-1,0.139932,0.001087,0.376501,0.48248
AAATGATTCGATCAGC-1,0.690704,0.002253,0.30554,0.001503
AAATGCTCGTTACGTT-1,0.871352,0.003032,0.123596,0.00202
AAATGGCATGTCTTGT-1,0.573516,0.350936,0.001236,0.074312
AAATGGCCCGTGCCCT-1,0.618275,0.052655,0.006748,0.322322
AAATGGTCAATGTGCC-1,0.232344,0.021437,0.014753,0.731466
AAATGTGGGTGCTCCT-1,0.43894,0.338993,0.021064,0.201003
AAATTAACGGGTAGCT-1,0.266125,0.07563,0.193389,0.464856
AAATTACACGACTCTG-1,0.245229,0.585015,0.101703,0.068053
AAATTACCTATCGATG-1,0.341776,0.350208,0.068687,0.239329
AAATTGATAGTCCTTT-1,0.986328,0.006835,0.002279,0.004558
AAATTGCGGCGGTTCT-1,0.426014,0.00545,0.5649,0.003637
AAATTGGTGAGAAGCA-1,0.028708,0.086192,0.028785,0.856316
AAATTTACCGAAATCC-1,0.841573,0.002208,0.000736,0.155483
AAATTTGCGGGTGTGG-1,0.637427,0.059449,0.032486,0.270639
AACAACTGGTAGTTGC-1,0.178199,0.032106,0.738816,0.050879
AACAATACATTGTCGA-1,0.508235,0.343083,0.00148,0.147201
AACAATTACTCTACGC-1,0.00024,0.977847,0.00024,0.021673
AACACACGCTCGCCGC-1,0.263723,0.426858,0.067196,0.242224
AACACGACTGTACTGA-1,0.805897,0.153013,0.038431,0.002659
AACACGAGACGCGGCC-1,0.454076,0.219687,0.000198,0.326038
AACACGCGGCCGCGAA-1,0.651552,0.339434,0.000139,0.008875
AACAGCTGTGTGGCAA-1,0.586475,0.002793,0.000932,0.4098
AACAGGAAATCGAATA-1,0.984053,0.007979,0.002654,0.005313
AACAGGATGGGCCGCG-1,0.505133,0.00633,0.484315,0.004222
AACATATCAACTGGTG-1,0.453725,0.248451,0.075253,0.22257
AACATCGATACGTCTA-1,0.002111,0.730811,0.26286,0.004218
AACATTGGTCAGCCGT-1,0.035657,0.341078,0.523691,0.099573
AACATTGTGACTCGAG-1,0.207564,0.615029,0.153691,0.023716
AACCAGTATCACTCTT-1,0.988669,0.005666,0.001888,0.003777
AACCATAGGGTTGAAC-1,0.475823,0.220909,0.188306,0.114961
AACCATGGGATCGCTA-1,0.6955,0.276808,0.000211,0.02748
AACCCAGAGACGGAGA-1,0.989378,0.005313,0.00177,0.003539
AACCCATCCCATGATC-1,0.382812,0.467523,0.148502,0.001162
AACCCGACAACCCGTG-1,0.917034,0.004178,0.076003,0.002785
AACCCGATAGGGCTTC-1,0.485642,0.277731,0.118201,0.118426
AACCCTGGTGGAACCA-1,0.984639,0.00768,0.002563,0.005119
AACCGAGCTTGGTCAT-1,0.002255,0.921613,0.033936,0.042196
AACCGTTGTGTTTGCT-1,0.711095,0.28228,0.002205,0.004419
AACCTCGCTTTAGCCC-1,0.93341,0.062879,0.001237,0.002474
AACCTTTAAATACGGT-1,0.36288,0.41667,0.000218,0.220231
AACCTTTACGACGTCT-1,0.547765,0.449981,0.000751,0.001503
AACGACCTCCTAGCCG-1,0.077075,0.000122,0.913837,0.008966
AACGATAATGCCGTAG-1,0.529837,0.356235,0.053115,0.060813
AACGATAGAAGGGCCG-1,0.530279,0.466773,0.000983,0.001965
AACGATATGTCAACTG-1,0.329804,0.489173,0.000171,0.180852
AACGCATGATCTGGGT-1,0.988818,0.005589,0.001866,0.003727
AACGCGAACGGCAACA-1,0.798913,0.005663,0.001889,0.193535
AACGCGACCTTGGGCG-1,0.708371,0.289375,0.000751,0.001502
AACGCGGTCTCCAGCC-1,0.065912,0.841233,0.001417,0.091438
AACGCTGTTGCTGAAA-1,0.000063,0.001495,0.936795,0.061646
AACGGACGTACGTATA-1,0.144522,0.355914,0.125353,0.37421
AACGGCCATCTCCGGT-1,0.353917,0.111873,0.053661,0.480549
AACGTACTGTGGGTAC-1,0.046259,0.627436,0.088408,0.237897
AACGTAGTCTACCCAT-1,0.762741,0.20787,0.000291,0.029097
AACGTCAGACTAGTGG-1,0.616597,0.240428,0.029321,0.113654
AACGTCGCTGCACTTC-1,0.520477,0.153114,0.221825,0.104584
AACGTGATGAAGGACA-1,0.984628,0.007682,0.002563,0.005128
AACGTTCTACCATTGT-1,0.449307,0.006419,0.311599,0.232674
AACTAGCGTATCGCAC-1,0.993625,0.003189,0.001063,0.002124
AACTAGGCTTGGGTGT-1,0.351716,0.542561,0.017406,0.088317
AACTCCAGAGCGTGTT-1,0.64851,0.22387,0.125228,0.002392
AACTCCTAATCCCATG-1,0.37891,0.616607,0.001496,0.002987
AACTCGATAAACACGT-1,0.058546,0.188824,0.749815,0.002815
AACTCGATGGCGCAGT-1,0.7958,0.20227,0.000643,0.001287
AACTCTCAATAGAGCG-1,0.430343,0.064354,0.040463,0.46484
AACTCTCAGTGTGCTC-1,0.385485,0.187367,0.0006,0.426548
AACTGAGGTCAGCGTC-1,0.981287,0.009351,0.003123,0.006239
AACTGATATTAGGCCT-1,0.369685,0.597983,0.000168,0.032163
AACTGGGTCCCGACGT-1,0.006871,0.942826,0.000029,0.050274
AACTGGGTTCGAGCCG-1,0.383791,0.007828,0.603165,0.005216
AACTGGTGTGGGCCTT-1,0.992033,0.003984,0.001328,0.002656
AACTTCTGCGTCTATC-1,0.979014,0.010487,0.003497,0.007002
AACTTGCCCGTATGCA-1,0.752911,0.111654,0.001206,0.134229
AACTTGCGTTCTCGCG-1,0.293088,0.634626,0.000768,0.071518
AACTTTAGCTGCTGAG-1,0.991388,0.004304,0.001436,0.002871
AACTTTCTCGATCATG-1,0.601315,0.061212,0.157603,0.179869
AAGAAGGATCAGTTAG-1,0.94698,0.051218,0.000601,0.001201
AAGACATACGTGGTTT-1,0.000043,0.00013,0.99974,0.000087
AAGACCCAACTGAACA-1,0.031227,0.96866,0.000038,0.000075
AAGACTAACCCGTTGT-1,0.991307,0.004345,0.001449,0.002898
AAGACTCACGCCCACT-1,0.993115,0.003443,0.001148,0.002294
AAGACTGCAAGCTACT-1,0.037313,0.013848,0.00002,0.948819
AAGAGATGAATCGGTA-1,0.36726,0.207386,0.052244,0.37311
AAGAGGCCCTTTGGAA-1,0.206945,0.508559,0.000403,0.284092
AAGATGGCACCGGACC-1,0.268655,0.40684,0.150883,0.173622
AAGATTGGCGGAACGT-1,0.603932,0.11157,0.000459,0.284039
AAGCACCCTGCGTATC-1,0.215184,0.60061,0.000125,0.184081
AAGCATACTCTCCTGA-1,0.140249,0.573428,0.046491,0.239833
AAGCCGCCGTGAAATC-1,0.977356,0.011327,0.003773,0.007544
AAGCGCAGGGCTTTGA-1,0.994024,0.002988,0.000996,0.001992
AAGCGGCGTCATGGGT-1,0.970299,0.014844,0.004955,0.009902
AAGCGTCCCTCATCGA-1,0.595873,0.006837,0.392732,0.004558
AAGCTAGATCGAGTAA-1,0.149055,0.234895,0.426047,0.190003
AAGCTCGTGCCAAGTC-1,0.031597,0.068354,0.029586,0.870463
AAGCTCTTTCATGGTG-1,0.474296,0.446873,0.067736,0.011095
AAGGAGAACTTATAAG-1,0.941205,0.055459,0.001112,0.002224
AAGGAGCGGTTGGTGC-1,0.645212,0.084103,0.000146,0.270539
AAGGATGAGGGACCTC-1,0.415756,0.091973,0.116636,0.375635
AAGGCGCGTAAAGCTT-1,0.000593,0.756726,0.000593,0.242088
AAGGCTGTGCTCATCG-1,0.011417,0.742094,0.000169,0.246321
AAGGGAACGACTGGCT-1,0.929827,0.064351,0.002279,0.003544
AAGGGACAGATTCTGT-1,0.414874,0.402308,0.000335,0.182483
AAGGGACTATGCATTC-1,0.674137,0.241103,0.080056,0.004704
AAGGGTTAGCCATGCG-1,0.703308,0.003618,0.095557,0.197517
AAGGTATCCTAATATA-1,0.348436,0.282165,0.131827,0.237572
AAGTAAGCTTCCAAAC-1,0.879162,0.002431,0.000811,0.117596
AAGTAGAAGACCGGGT-1,0.928374,0.000678,0.000226,0.070722
AAGTAGTGACGCGAGG-1,0.622812,0.007176,0.002393,0.367619
AAGTGAGTCGGGTTTA-1,0.435654,0.478394,0.00005,0.085902
AAGTGCGTTAGAATCT-1,0.447205,0.290972,0.115196,0.146627
AAGTGTTTGGAGACGG-1,0.063161,0.701398,0.041042,0.194399
AAGTTCACTCCAAGCT-1,0.232242,0.079541,0.380231,0.307985
AAGTTCAGTCTGCGTA-1,0.719481,0.006427,0.079128,0.194964
AAGTTCGGCCAACAGG-1,0.355327,0.298332,0.037636,0.308705
AAGTTGTGATGTTATA-1,0.532837,0.3481,0.118573,0.00049
AAGTTTACTAATGGCA-1,0.987152,0.006423,0.002144,0.004281
AAGTTTATGGGCCCAA-1,0.849625,0.001397,0.000466,0.148513
AATAACACTAGAACAA-1,0.477132,0.283748,0.044609,0.19451
AATAAGTCCTCGAGAC-1,0.98987,0.005064,0.00169,0.003376
AATACAATGTTTCAGG-1,0.597213,0.291788,0.000403,0.110596
AATACCGGAGGGCTGT-1,0.586019,0.409631,0.00145,0.0029
AATAGAACAGAGTGGC-1,0.612043,0.000659,0.015711,0.371587
AATAGAATCTGTTTCA-1,0.225833,0.249196,0.158081,0.36689
AATAGCAAGCCTCCTG-1,0.617434,0.377113,0.001818,0.003635
AATAGCTACCGCGTGC-1,0.60147,0.008275,0.384733,0.005521
AATAGTCCGTCCCGAC-1,0.02673,0.95577,0.000033,0.017467
AATATCAAGGTCGGAT-1,0.751075,0.145298,0.00087,0.102757
AATATCGAGGGTTCTC-1,0.245173,0.383054,0.101487,0.270285
AATCAGACTGCAGGAC-1,0.588596,0.171881,0.234741,0.004783
AATCATGTAAAGACTC-1,0.304511,0.005678,0.570181,0.11963
AATCCAAGGGCCTGAG-1,0.812745,0.003528,0.001177,0.18255
AATCCATGCAAGGGTG-1,0.860615,0.00261,0.135037,0.001738
AATCGGGACACTACGA-1,0.993113,0.003444,0.001148,0.002295
AATCGGTATAGCCCTC-1,0.526303,0.003556,0.467771,0.00237
AATCGTGAGCCGAGCA-1,0.472266,0.342109,0.000616,0.185009
AATCTAGGTTTACTTG-1,0.856901,0.002012,0.000671,0.140417
AATCTATGCCGGAGCC-1,0.746624,0.094044,0.000211,0.159121
AATCTGCGTTGGGACG-1,0.000859,0.482537,0.159679,0.356924
AATCTGGCTTTCTAGT-1,0.860448,0.029201,0.045163,0.065189
AATCTGGGTAGACCCT-1,0.692712,0.303514,0.001259,0.002515
AATGACAGCAATGTCT-1,0.429511,0.354529,0.099952,0.116008
AATGACTGTCAGCCGG-1,0.320739,0.240436,0.232407,0.206417
AATGAGTTCGCATATG-1,0.903178,0.092564,0.00142,0.002839
AATGATGATACGCTAT-1,0.510636,0.081997,0.291234,0.116133
AATGATGCGACTCCTG-1,0.550503,0.352259,0.000094,0.097144
AATGCAACCGGGTACC-1,0.329717,0.369456,0.022502,0.278326
AATGCACCAAGCAATG-1,0.387885,0.007552,0.530187,0.074377
AATGGTTCTCACAAGC-1,0.008534,0.000148,0.000049,0.991268
AATGTGCCCGAGGTGT-1,0.243903,0.004305,0.748921,0.00287
AATGTGCTAATCTGAG-1,0.979012,0.010499,0.003503,0.006986
AATGTTGTCGTGAGAC-1,0.775904,0.079483,0.02907,0.115543
AATTAACGGATTTCCA-1,0.028119,0.946069,0.025208,0.000604
AATTACTCGTACGCTC-1,0.09856,0.005859,0.625555,0.270026
AATTAGCGCTGCAGCG-1,0.430634,0.213043,0.134834,0.22149
AATTCATAAGGGATCT-1,0.771218,0.126796,0.098726,0.00326
AATTCATTGTCATGCA-1,0.487147,0.20073,0.128692,0.183431
AATTCCAACTTGGTGA-1,0.71017,0.004675,0.282041,0.003114
AATTCCAAGCATGTAC-1,0.612599,0.342595,0.000811,0.043995
AATTCGATTCGAGGAT-1,0.767677,0.230983,0.000447,0.000893
AATTCTAGAGTTAGGC-1,0.41012,0.152685,0.018033,0.419163
AATTGCAGCAATCGAC-1,0.808631,0.059073,0.000252,0.132044
AATTTGGGACATAGTA-1,0.271391,0.422693,0.22983,0.076086
AATTTGGTTCCAAAGA-1,0.550364,0.335947,0.001752,0.111937
ACAAACCATGCGTCCT-1,0.980879,0.009557,0.003185,0.006379
ACAAAGCATGACCTAG-1,0.674878,0.211211,0.000078,0.113833
ACAAATCGCACCGAAT-1,0.225045,0.173984,0.367331,0.23364
ACAAATTCAGATCTGA-1,0.655434,0.088502,0.253938,0.002126
ACAACAGCATGAGCTA-1,0.243901,0.245966,0.132121,0.378013
ACAACGGTCCCTGCGA-1,0.253427,0.531806,0.042932,0.171836
ACAAGCAGTGCCTAGC-1,0.582874,0.24947,0.000844,0.166812
ACAAGGAAATCCGCCC-1,0.464414,0.163053,0.000119,0.372414
ACAAGGACAAGAGGTT-1,0.000567,0.132652,0.781189,0.085592
ACAAGGATGCTTTAGG-1,0.993714,0.003142,0.001049,0.002095
ACAAGGCCTACCAGCC-1,0.92507,0.003949,0.001317,0.069664
ACAATCGATCTTTATA-1,0.99532,0.002341,0.00078,0.001559
ACAATGAATACGGAGA-1,0.425296,0.189572,0.215203,0.169929
ACAATGATTCTTCTAC-1,0.428578,0.348441,0.148991,0.07399
ACAATTGTGTCTCTTT-1,0.000011,0.999958,0.000011,0.000021
ACAATTTGAGCAGTGG-1,0.489911,0.106643,0.141703,0.261743
ACACAAAGACGGGTGG-1,0.402792,0.142943,0.000069,0.454196
ACACACTTTCTACACG-1,0.297303,0.403539,0.14436,0.154798
ACACATGATCAAATCT-1,0.001079,0.425112,0.571651,0.002158
ACACATTGACGCAACA-1,0.264489,0.005974,0.725554,0.003983
ACACCACATAATTAGC-1,0.761164,0.147221,0.000148,0.091466
ACACCCAGCATGCAGC-1,0.018799,0.981179,0.000007,0.000015
ACACCCGAGAAATCCG-1,0.2454,0.751875,0.000908,0.001817
ACACCGGTCTGACCGC-1,0.944187,0.053583,0.000743,0.001486
ACACCTTAAGTAGGGC-1,0.257562,0.001521,0.463872,0.277045
ACACGAGACTCCTTCT-1,0.374807,0.174838,0.070705,0.379649
ACACGGCACTATGCAT-1,0.821634,0.176494,0.000624,0.001248
ACACGGGAACTTAGGG-1,0.182914,0.550199,0.179995,0.086892
ACACGTAGGCCACAAG-1,0.523811,0.104978,0.122565,0.248646
ACACTCCAATGTCACT-1,0.976108,0.011943,0.003986,0.007963
ACACTGATCAAGGTGT-1,0.348971,0.125491,0.326065,0.199473
ACAGAACTGAGAACAA-1,0.528335,0.195462,0.019747,0.256457
ACAGATTAGGTTAGTG-1,0.644203,0.352485,0.001104,0.002208
ACAGCATAGAGCCAGT-1,0.989372,0.005315,0.00177,0.003542
ACAGCGACATTCTCAT-1,0.439027,0.376169,0.000278,0.184527
ACAGCGCACCCGCAGC-1,0.38009,0.513145,0.077426,0.029338
ACAGGAGGCGCAGCCG-1,0.644462,0.006943,0.343967,0.004628
ACAGGCACGGATCCTT-1,0.736976,0.262637,0.000129,0.000257
ACAGGCTTGCCCGACT-1,0.601838,0.117259,0.010545,0.270359
ACAGGTGGAGGTGAGG-1,0.522527,0.245402,0.000302,0.231769
ACAGTAATACAACTTG-1,0.364002,0.361017,0.042188,0.232793
ACAGTATACCGTGGGA-1,0.011961,0.952149,0.011954,0.023936
ACAGTGCAGCGCATTT-1,0.245719,0.306636,0.307851,0.139794
ACATAATAAGGCGGTG-1,0.036082,0.963747,0.000057,0.000114
ACATCCCGGCCATACG-1,0.251064,0.639305,0.000087,0.109544
ACATCGTTAACCTAGT-1,0.346071,0.532171,0.117599,0.004159
ACATCTCAACGCGTAA-1,0.224381,0.772804,0.000939,0.001876
ACATGGCTCAATTTAG-1,0.451157,0.008115,0.535311,0.005417
ACATTAGTTTATATCC-1,0.604165,0.157477,0.022758,0.215601
ACCAAACACCCAGCGA-1,0.717295,0.00109,0.280889,0.000726
ACCAAACTAGAAATCC-1,0.994877,0.002562,0.000853,0.001707
ACCAACACCACACACT-1,0.22553,0.338748,0.103919,0.331803
ACCAACCGCACTCCAC-1,0.953111,0.045496,0.000464,0.000929
ACCAACGCTTATTTAT-1,0.636453,0.096799,0.037435,0.229313
ACCAAGAACGCGTGTC-1,0.927377,0.007059,0.002353,0.063211
ACCAAGTCATCGGCAG-1,0.424846,0.004218,0.317886,0.25305
ACCAATATGCAAGTTA-1,0.381202,0.386116,0.000067,0.232615
ACCACAACTCAGAACA-1,0.53838,0.198058,0.166378,0.097184
ACCACAAGTTTCTATC-1,0.438671,0.319947,0.026555,0.214828
ACCACCCTCTCTTCTA-1,0.001527,0.472873,0.13892,0.386679
ACCACGTGCAGCTATA-1,0.410926,0.084997,0.149169,0.354908
ACCAGCCCGGTCTTTG-1,0.986961,0.006518,0.002174,0.004347
ACCAGGAGTGTGATCT-1,0.657743,0.183801,0.09201,0.066446
ACCAGTGCCCGGTCAA-1,0.986109,0.006945,0.002314,0.004631
ACCAGTGCGGGAGACG-1,0.318822,0.324073,0.029022,0.328082
ACCCAACGCCCGTGGC-1,0.472206,0.048898,0.018021,0.460875
ACCCACCTACATGCTC-1,0.265761,0.423216,0.115807,0.195215
ACCCATTTGTCCCTCT-1,0.7782,0.22057,0.00041,0.00082
ACCCGAGCGAAATTAC-1,0.59631,0.197776,0.204235,0.001679
ACCCGGAAACTCCCAG-1,0.143588,0.82924,0.000058,0.027114
ACCCGTAGTCTAGTTG-1,0.061689,0.000224,0.937937,0.000149
ACCCGTGTCATCAGTA-1,0.000015,0.999942,0.000015,0.000029
ACCCTATAGGACTGAG-1,0.00205,0.363289,0.466076,0.168585
ACCCTATGCCATATCG-1,0.692816,0.005896,0.001965,0.299322
ACCCTCCCGTCAGGGC-1,0.681055,0.21763,0.046706,0.054609
ACCCTCCCTTGCTATT-1,0.280835,0.232083,0.086309,0.400773
ACCCTGGTAACGCCCT-1,0.581154,0.003616,0.248552,0.166678
ACCCTTCATCTGCGAA-1,0.627087,0.252751,0.002277,0.117885
ACCCTTTAGTTCTCCA-1,0.670917,0.017234,0.005735,0.306114
ACCGAAAGGGCCCTGC-1,0.985649,0.007173,0.002391,0.004788
ACCGAAGAGTCTGGTT-1,0.29787,0.476155,0.109373,0.116602
ACCGACACATCTCCCA-1,0.03971,0.83581,0.000037,0.124443
ACCGACTGAGTCCCAC-1,0.355016,0.375607,0.154083,0.115293
ACCGAGTCTCCTTATT-1,0.888596,0.109761,0.000548,0.001096
ACCGATGGTAGCATCG-1,0.33721,0.000214,0.08754,0.575037
ACCGCAATAACTGCCT-1,0.211955,0.463914,0.094147,0.229984
ACCGGTCAGGTACACC-1,0.838379,0.005248,0.00175,0.154622
ACCGGTCTGAGTACGG-1,0.990326,0.004835,0.001614,0.003226
ACCGTGACCACGTGGG-1,0.754194,0.181939,0.061644,0.002224
ACCGTTCCCGCTCTGA-1,0.991392,0.004305,0.001434,0.002869
ACCTAAGTACCTTTCA-1,0.40198,0.294462,0.07448,0.229079
ACCTAATCGACTTCCT-1,0.22749,0.004783,0.574778,0.192948
ACCTACTATAAATCTA-1,0.966908,0.01656,0.005517,0.011015
ACCTCCGCCCTCGCTG-1,0.386607,0.240397,0.1013,0.271696
ACCTCGAACTTATGCT-1,0.789565,0.08428,0.013102,0.113053
ACCTGCGTGTCATGTT-1,0.372895,0.41869,0.000088,0.208327
ACCTTTCCTTTAGAAG-1,0.946333,0.052982,0.000229,0.000457
ACGAAATGGGCGGCAC-1,0.343836,0.332215,0.134909,0.18904
ACGACTCTAGGGCCGA-1,0.994966,0.002518,0.000838,0.001677
ACGACTGGTCATACTC-1,0.995999,0.002001,0.000667,0.001333
ACGAGAACCCATCACG-1,0.861153,0.031411,0.000603,0.106833
ACGAGATATTTGCTTA-1,0.352107,0.644923,0.00099,0.00198
ACGAGGATACCACTCT-1,0.366168,0.192921,0.000067,0.440844
ACGAGGTTTACAACGT-1,0.817033,0.012301,0.004101,0.166565
ACGAGTACGGATGCCC-1,0.000269,0.621872,0.234879,0.14298
ACGAGTCGCCGGCGTT-1,0.014357,0.309372,0.647578,0.028693
ACGATACATAGAACTA-1,0.00007,0.983552,0.012848,0.003529
ACGATCATACATAGAG-1,0.437661,0.224598,0.02178,0.315961
ACGATGGATCCGATGC-1,0.391109,0.595467,0.000219,0.013204
ACGCAAACTAATAGAT-1,0.045607,0.950605,0.000156,0.003632
ACGCAATCACTACAGC-1,0.066205,0.406522,0.084781,0.442492
ACGCATAAATGACATG-1,0.990544,0.004727,0.001577,0.003152
ACGCATACGTTTACTA-1,0.405015,0.254442,0.000241,0.340302
ACGCATTCGTGAGTAC-1,0.392962,0.219418,0.013034,0.374586
ACGCCAGATGATTTCT-1,0.002876,0.952402,0.000067,0.044655
ACGCCAGTGCGTTTGC-1,0.607303,0.002692,0.14314,0.246865
ACGCCCAGCTGTCGAT-1,0.601402,0.396167,0.00081,0.00162
ACGCCTGACACGCGCT-1,0.087456,0.310035,0.391969,0.21054
ACGCGAAGTCAGACGA-1,0.354923,0.148751,0.046917,0.449408
ACGCGGGCCAAGGACA-1,0.454456,0.191576,0.004919,0.349048
ACGCTACTGAATGGGC-1,0.000228,0.015707,0.964363,0.019702
ACGCTAGTGATACACT-1,0.063381,0.051523,0.057725,0.827372
ACGCTTAGTGTCTCTC-1,0.789285,0.003054,0.013439,0.194222
ACGGAACACGAGTGCC-1,0.689311,0.219799,0.053311,0.037578
ACGGAATTTAGCAAAT-1,0.704982,0.199945,0.000272,0.094802
ACGGACTCTCAAAGCG-1,0.021408,0.978444,0.000049,0.000099
ACGGAGCGCAAATTAC-1,0.714902,0.014853,0.260339,0.009905
ACGGATGGTGCGGATA-1,0.682949,0.192211,0.000162,0.124679
ACGGCACTTGCTTGGG-1,0.588802,0.118497,0.000401,0.2923
ACGGCCAACATGGACT-1,0.502394,0.019197,0.014832,0.463577
ACGGCGACGATGGGAA-1,0.432218,0.112666,0.0291,0.426016
ACGGCGGGTTGCCCTG-1,0.807002,0.109599,0.030928,0.052471
ACGGCTGGATGTAGAA-1,0.60222,0.224159,0.121436,0.052185
ACGGGAGTGTCGGCCC-1,0.644608,0.214088,0.001329,0.139974
ACGGGCGTATGCGACA-1,0.753609,0.030886,0.072267,0.143238
ACGGTACAGTTCAATG-1,0.901482,0.096478,0.00068,0.00136
ACGTACAGATTTCTCT-1,0.471246,0.189894,0.248122,0.090738
ACGTAGATTGCTGATG-1,0.4889,0.169999,0.01648,0.324622
ACGTAGGAGAGTCGCT-1,0.981703,0.009146,0.003055,0.006096
ACGTCCTAAACGAGAT-1,0.600542,0.000741,0.000247,0.39847
ACGTGCGCCTCGTGCA-1,0.01868,0.890884,0.000593,0.089843
ACGTTCCGCGCTCCGT-1,0.990747,0.004624,0.001542,0.003086
ACGTTCGCAATCAATT-1,0.483794,0.180449,0.121148,0.214609
ACGTTCGTTCAGGAAA-1,0.125581,0.860284,0.000111,0.014025
ACGTTCTGTACAAGTC-1,0.738544,0.125838,0.000225,0.135393
ACGTTTAGTTGTGATC-1,0.463096,0.389182,0.000258,0.147464
ACGTTTCGGTGCACTT-1,0.488613,0.000255,0.510962,0.00017
ACTAATACGTCAGGCG-1,0.903324,0.006833,0.085292,0.004552
ACTACATCCCGACAAG-1,0.776643,0.205417,0.005987,0.011954
ACTACCAGCTCTCTGG-1,0.428057,0.005384,0.174211,0.392348
ACTACGCGTTAGAATT-1,0.161211,0.761306,0.000076,0.077406
ACTAGTTGCGATCGTC-1,0.25801,0.368212,0.23279,0.140987
ACTATATGCTGTGTTC-1,0.746053,0.007301,0.241784,0.004863
ACTATGTCCAGCTGCC-1,0.614239,0.035865,0.01195,0.337946
ACTATTCGTCCGTGGT-1,0.72407,0.270926,0.001667,0.003337
ACTATTTCCGGGCCCA-1,0.659128,0.231624,0.001368,0.107881
ACTCAACGAATGTATT-1,0.669474,0.001216,0.000405,0.328905
ACTCAAGTGCAAGGCT-1,0.858747,0.002931,0.000976,0.137346
ACTCAATAAAGGCACG-1,0.303052,0.557971,0.020118,0.11886
ACTCAGACCTGCTTCT-1,0.594762,0.402229,0.001003,0.002006
ACTCCAATATCATCAT-1,0.664852,0.333058,0.000696,0.001393
ACTCCCATTCCTAAAG-1,0.486941,0.204868,0.065024,0.243166
ACTCCCGAATTCGTTT-1,0.783153,0.004948,0.00165,0.210249
ACTCCCGTAGACTAGG-1,0.550928,0.139304,0.129746,0.180022
ACTCCCTAATGCTAAA-1,0.313871,0.625948,0.000065,0.060115
ACTCCCTAGAATAGTA-1,0.365739,0.044667,0.153885,0.435709
ACTCCGGCCGACCACT-1,0.990542,0.004731,0.001577,0.00315
ACTCGCCGTTCGATAA-1,0.943277,0.000296,0.05623,0.000197
ACTCGTAACCCGTCCT-1,0.669689,0.000462,0.000154,0.329695
ACTCTCTTATACACGA-1,0.74694,0.24747,0.001865,0.003725
ACTCTGACCTAATAGA-1,0.367042,0.330328,0.162691,0.139939
ACTCTTGTATAGTAAC-1,0.045171,0.104323,0.032365,0.818141
ACTGAAACGCCGTTAG-1,0.000183,0.277105,0.596244,0.126468
ACTGAATGGCGAAAGT-1,0.348451,0.099354,0.061697,0.490498
ACTGATTTAGTGATTC-1,0.052578,0.946156,0.000422,0.000844
ACTGCCGTCGTAACTC-1,0.097701,0.803898,0.001103,0.097298
ACTGTACGATACACAT-1,0.385528,0.094261,0.077668,0.442543
ACTGTAGCACTTTGGA-1,0.00023,0.000689,0.759445,0.239637
ACTGTATACGCGAGCA-1,0.991801,0.0041,0.001365,0.002733
ACTGTCCAGGATTATA-1,0.41883,0.15845,0.282173,0.140546
ACTGTCTTCTTTAGAA-1,0.311537,0.308509,0.037051,0.342903
ACTGTGCTAGTAGATC-1,0.695265,0.179841,0.123163,0.00173
ACTGTTTAGTGTAGGC-1,0.685831,0.006332,0.21344,0.094397
ACTTACCGGGCGCGCA-1,0.451129,0.546246,0.000875,0.00175
ACTTACGCATCCACGC-1,0.134877,0.012015,0.811082,0.042026
ACTTAGTACGACAAGA-1,0.338508,0.548467,0.000638,0.112387
ACTTATACTTACCCGG-1,0.118675,0.047815,0.154374,0.679136
ACTTATCTGATCTATA-1,0.723894,0.004222,0.193418,0.078465
ACTTCAGGCTGATCCC-1,0.343436,0.272487,0.104669,0.279409
ACTTCCATGCGGGACA-1,0.579446,0.305083,0.112283,0.003188
ACTTCCTGTCGTGCGA-1,0.418379,0.289835,0.161728,0.130059
ACTTCGCCATACGCAC-1,0.18049,0.350791,0.204689,0.264029
ACTTGCCATATTGTAC-1,0.992643,0.003678,0.001227,0.002453
ACTTGGGACCCGGTGG-1,0.167332,0.02905,0.04132,0.762298
ACTTGTGGATGGAACG-1,0.299951,0.216258,0.061604,0.422186
ACTTTACCCTCATGAA-1,0.039817,0.58823,0.072111,0.299842
ACTTTCCTATAGCTTC-1,0.38875,0.316099,0.131325,0.163826
ACTTTGGTCGTGCTCC-1,0.371514,0.434728,0.192256,0.001503
AGAACGTGGTACATTC-1,0.305832,0.23226,0.040841,0.421067
AGAAGAGCGCCGTTCC-1,0.576298,0.08803,0.000969,0.334703
AGAAGGTACACTTCAC-1,0.305469,0.465275,0.22562,0.003635
AGAAGGTTGTAGGTCG-1,0.216281,0.779943,0.001258,0.002517
AGAAGTGATTCGTGAT-1,0.413404,0.347598,0.039506,0.199492
AGAATGCGGGTTCGGA-1,0.987345,0.006329,0.002109,0.004217
AGAATTATGGATTCGA-1,0.33677,0.15963,0.239753,0.263846
AGAATTGTTTGACATA-1,0.229836,0.396686,0.13048,0.242998
AGACATAGATCCTTCC-1,0.935025,0.061065,0.001303,0.002607
AGACCATGGGATACAA-1,0.379878,0.494836,0.000593,0.124693
AGACCCACCGCTGATC-1,0.307963,0.040712,0.143722,0.507603
AGACCCGCCCTCCTCG-1,0.56156,0.250424,0.107871,0.080144
AGACGAAGTGCCGGTC-1,0.354147,0.212999,0.098174,0.33468
AGACGACGATGCCGCT-1,0.46541,0.267943,0.000258,0.266389
AGACGGGCCGATTTAA-1,0.591053,0.254157,0.001728,0.153062
AGACTAGCCTTCCAGA-1,0.363325,0.37752,0.024361,0.234793
AGACTGTTACCGGGTC-1,0.00635,0.993514,0.000045,0.00009
AGAGAACCGTCTAGGA-1,0.351443,0.055064,0.140154,0.453339
AGAGAAGGAGTACAAT-1,0.823112,0.004102,0.001367,0.171419
AGAGCCGCCGAGATTT-1,0.855477,0.007762,0.014467,0.122294
AGAGCGGGCTAATCAT-1,0.135971,0.627521,0.000284,0.236224
AGAGCGTACAAGCTCG-1,0.552464,0.42191,0.000516,0.02511
AGAGCTACGAAAGCAT-1,0.375356,0.00545,0.615559,0.003636
AGAGGCTTCGGAAACC-1,0.192279,0.336013,0.330259,0.141449
AGAGGGACAATTGTCC-1,0.688045,0.283252,0.009562,0.019141
AGAGGTATCTCGGTCC-1,0.991127,0.004436,0.001479,0.002958
AGAGTATAGTGTTACG-1,0.684803,0.277566,0.006763,0.030869
AGAGTCTTAATGAAAG-1,0.473065,0.157378,0.074928,0.29463
AGAGTTAGAGACCGAT-1,0.921034,0.070191,0.002929,0.005847
AGATAACTTCAGGGCC-1,0.431432,0.17959,0.059167,0.329811
AGATACCAATAGAACC-1,0.946468,0.000236,0.053139,0.000157
AGATACCAGCACTTCA-1,0.700807,0.159296,0.134677,0.00522
AGATACGACTTCATAT-1,0.750334,0.125936,0.120888,0.002841
AGATACTCAAGATCGA-1,0.308644,0.188861,0.048521,0.453974
AGATATAATACGACTA-1,0.928305,0.069441,0.000751,0.001503
AGATCGTGCATAAGAT-1,0.743596,0.084717,0.167206,0.004481
AGATCTCAGGTGTGAT-1,0.323333,0.209097,0.054561,0.413009
AGATGACTCGCCCACG-1,0.458976,0.50374,0.004428,0.032856
AGATGAGGGTTGCGAT-1,0.468492,0.076519,0.451164,0.003824
AGATGCAAGACGTGCA-1,0.001708,0.097455,0.773954,0.126884
AGATTATAGGACGTTT-1,0.235182,0.085026,0.057296,0.622496
AGATTCAAGCGGGTCG-1,0.757644,0.000771,0.146526,0.095059
AGATTCACAACCGATA-1,0.531307,0.084606,0.212733,0.171355
AGCAAAGGCCGCTAGT-1,0.308161,0.586596,0.0158,0.089444
AGCAACCGAAAGTAAT-1,0.462435,0.003645,0.531487,0.002432
AGCACCAGTACTCACG-1,0.529202,0.161286,0.000166,0.309345
AGCACTACCTCACCAG-1,0.124884,0.178974,0.057992,0.63815
AGCACTTAAGGACGCC-1,0.001943,0.977527,0.004337,0.016193
AGCAGAAGGAGAAAGA-1,0.251106,0.639714,0.108619,0.000561
AGCAGCCAGATGAATA-1,0.509366,0.424778,0.000278,0.065579
AGCATATCAATATGCT-1,0.000023,0.903292,0.028896,0.06779
AGCATCATTTCGAAAG-1,0.547962,0.095731,0.142946,0.21336
AGCATCGTCGATAATT-1,0.273261,0.67511,0.029261,0.022368
AGCATTACGAGGCAAG-1,0.702008,0.271763,0.025733,0.000496
AGCCAAGCTTTGTGTC-1,0.431427,0.1689,0.000355,0.399318
AGCCACAGGTTACCCG-1,0.446882,0.128145,0.001186,0.423787
AGCCACTCCCGTGCTT-1,0.945668,0.001588,0.000529,0.052214
AGCCCGCAACAAGCAG-1,0.654372,0.339009,0.002207,0.004412
AGCCCGCACTACAATG-1,0.43007,0.26904,0.300381,0.000509
AGCCCGGCATTAGAGG-1,0.722128,0.021505,0.242046,0.01432
AGCCCGGTAGCCTGTA-1,0.299276,0.516959,0.000825,0.18294
AGCCCTAAGCGAAGTT-1,0.728913,0.269885,0.000401,0.000802
AGCCCTCCCTGGTGGC-1,0.697153,0.163013,0.087452,0.052381
AGCCCTTCTAATCCGA-1,0.556718,0.004835,0.183726,0.254721
AGCCGTGGCTAAATGT-1,0.45067,0.484141,0.000565,0.064624
AGCCTAATACCCACGT-1,0.661739,0.175691,0.030711,0.131859
AGCCTTAAAGCGGAAG-1,0.610624,0.051005,0.112239,0.226132
AGCGACAGGAACGGTC-1,0.481941,0.045221,0.127116,0.345723
AGCGACATCCCATTCA-1,0.247964,0.457448,0.000772,0.293817
AGCGACCAACGATATT-1,0.394629,0.332067,0.046529,0.226775
AGCGATGCGCCTAATA-1,0.933588,0.001066,0.064636,0.000711
AGCGCATAATGAATCG-1,0.119378,0.78395,0.041319,0.055353
AGCGCGGGTGCCAATG-1,0.643871,0.117875,0.000497,0.237757
AGCGCTTATGGGCAAG-1,0.838816,0.154239,0.002315,0.00463
AGCGGACACTTCGTAG-1,0.227165,0.682169,0.000136,0.09053
AGCGGCGGTTAGCGGT-1,0.406639,0.159939,0.000255,0.433166
AGCGGGAAGGGTCCAT-1,0.962639,0.03397,0.00113,0.002261
AGCGGGTCTGACACTC-1,0.702066,0.002948,0.000982,0.294003
AGCGGTTGCCGCTCTG-1,0.448373,0.000145,0.551385,0.000097
AGCGTACGAGAGCTAG-1,0.989629,0.005185,0.00173,0.003456
AGCGTAGCGCTAGACC-1,0.827606,0.084666,0.083953,0.003775
AGCGTCTGAACCCGCA-1,0.953977,0.000961,0.00032,0.044741
AGCGTGGTATTCTACT-1,0.242928,0.165176,0.043594,0.548302
AGCGTTCCGATTTAAA-1,0.322734,0.552367,0.001479,0.123419
AGCTAACAAGCAATGT-1,0.100888,0.870258,0.015914,0.01294
AGCTAAGTACGCAGGC-1,0.441573,0.487281,0.000815,0.070331
AGCTAGAAGCAGAAGT-1,0.001939,0.00582,0.988366,0.003876
AGCTATTTAATCCAAC-1,0.000056,0.996594,0.000056,0.003293
AGCTCCATATATGTTC-1,0.669501,0.221877,0.054926,0.053696
AGCTCCTTCGCACATC-1,0.324847,0.62534,0.002494,0.047318
AGCTCTTCCCAGTGCA-1,0.027923,0.951172,0.000245,0.02066
AGCTGAAGTAAACCAA-1,0.238366,0.748287,0.006674,0.006673
AGCTGCATTTGAGGTG-1,0.314814,0.67836,0.002276,0.00455
AGCTGCTGTGCCGAAT-1,0.824918,0.050557,0.124029,0.000496
AGCTGTAACCTCAATC-1,0.772338,0.004579,0.220028,0.003055
AGCTTATAGAGACCTG-1,0.993055,0.003473,0.001157,0.002315
AGCTTCTTCTCGAGCA-1,0.424147,0.248368,0.000068,0.327417
AGGAAAGCCTCTGATG-1,0.142248,0.262027,0.25366,0.342065
AGGAAGCTGTCCGCCG-1,0.340895,0.622275,0.000122,0.036707
AGGACATCGCACGTCG-1,0.486245,0.432098,0.000447,0.08121
AGGACGCTCGATGTTG-1,0.177285,0.734596,0.087048,0.001071
AGGAGACATCCACAGT-1,0.318605,0.257438,0.232715,0.191241
AGGAGGCCTTCGCGCG-1,0.201186,0.362724,0.359803,0.076288
AGGATAAAGTCGGGAT-1,0.381205,0.316491,0.196997,0.105307
AGGATATCCGACTGCA-1,0.804256,0.193513,0.000743,0.001487
AGGATCACGCGATCTG-1,0.459837,0.240093,0.212061,0.088008
AGGATTGCTTACGACA-1,0.548271,0.269716,0.068484,0.113529
AGGCAAAGAGGAATCA-1,0.723355,0.214449,0.000353,0.061843
AGGCAATACGGAGGAC-1,0.001668,0.005002,0.828699,0.164631
AGGCAGATGCGTAAAC-1,0.433113,0.216859,0.148411,0.201617
AGGCAGGGAGCGTACT-1,0.200029,0.73272,0.000139,0.067112
AGGCATTGTCGTAGGG-1,0.234379,0.20813,0.315776,0.241716
AGGCCACCCGTTATGA-1,0.415165,0.075781,0.435804,0.07325
AGGCCCAGTGACTGGT-1,0.078247,0.152178,0.701123,0.068452
AGGCCCATTGTACAGG-1,0.827002,0.171824,0.000391,0.000782
AGGCCCTAGAACGCCA-1,0.44495,0.239262,0.055066,0.260722
AGGCCTGAGAATCTCG-1,0.747762,0.248976,0.001087,0.002175
AGGCGGTTTGTCCCGC-1,0.682262,0.095402,0.219984,0.002353
AGGCGTCTATGGACGG-1,0.810142,0.014342,0.165959,0.009557
AGGCTATGGTTAGCTT-1,0.36011,0.265618,0.031147,0.343125
AGGCTTCCCGAAGAAG-1,0.528943,0.111692,0.00092,0.358445
AGGCTTGCTAGACACC-1,0.665053,0.11689,0.064326,0.153731
AGGGAAACGAGGTACT-1,0.049595,0.57429,0.26111,0.115006
AGGGACAGCACGGCGG-1,0.879252,0.117193,0.001185,0.00237
AGGGACTCTACGCGAC-1,0.267948,0.239595,0.421494,0.070962
AGGGAGACATACTTCG-1,0.579405,0.235814,0.00101,0.183771
AGGGCAGCGGCGTGGT-1,0.585158,0.311544,0.000401,0.102898
AGGGCGTGATCGGCTA-1,0.965567,0.000619,0.000207,0.033607
AGGGCTGCAGTTACAG-1,0.266907,0.020077,0.005097,0.70792
AGGGTCAGAGCACTCG-1,0.764744,0.142455,0.092603,0.000199
AGGGTCAGTAACCCTA-1,0.203253,0.003473,0.653297,0.139977
AGGGTCGATGCGAACT-1,0.088016,0.502847,0.036365,0.372772
AGGGTCTGGACGCAGT-1,0.000114,0.000343,0.965457,0.034086
AGGGTGCCGTTCTTTA-1,0.971313,0.014344,0.004777,0.009565
AGGGTGCTCTCGAGGG-1,0.165207,0.385688,0.091666,0.357439
AGGGTGTGCTACACGC-1,0.66286,0.127126,0.191296,0.018718
AGGGTTCCCTTTGGTT-1,0.558435,0.001333,0.000444,0.439788
AGGGTTTAGTTCGGGA-1,0.389323,0.140707,0.027802,0.442168
AGGTAACCTCCTATTC-1,0.349919,0.646095,0.00133,0.002656
AGGTACGATATTGCCA-1,0.692309,0.213906,0.089958,0.003827
AGGTAGATCGAGATAT-1,0.898953,0.043924,0.000281,0.056841
AGGTCAGGTGAGAGTG-1,0.462696,0.385532,0.043471,0.108301
AGGTCGCCACTTCGGT-1,0.561745,0.187267,0.24845,0.002538
AGGTCGCGGAGTTACT-1,0.4342,0.468397,0.000474,0.096929
AGGTGCACGTCCACAT-1,0.871272,0.003529,0.122846,0.002353
AGGTGGTGACCTTCGC-1,0.270118,0.565555,0.117904,0.046424
AGGTTGAGGCACGCTT-1,0.000028,0.990264,0.007934,0.001774
AGTAACGTTCATCCTG-1,0.516208,0.010254,0.466711,0.006827
AGTAACTATAGCAGCC-1,0.001186,0.532121,0.464322,0.002371
AGTAATGTCTTGCCGC-1,0.583596,0.20596,0.000496,0.209948
AGTACAGAAGCTTATA-1,0.780968,0.217548,0.000495,0.000989
AGTACATCATTTATCA-1,0.577839,0.419535,0.000875,0.00175
AGTACCTTCGAGTGCT-1,0.984345,0.007825,0.002611,0.005219
AGTACGGGCACCTGGC-1,0.518027,0.133507,0.039042,0.309424
AGTACGTGGCCTGTCT-1,0.981679,0.00916,0.003054,0.006107
AGTACTCTTATGCCCA-1,0.000085,0.031512,0.823312,0.145091
AGTAGAAGGCGCCTCA-1,0.714525,0.125465,0.000267,0.159744
AGTAGCGTGAACGAAC-1,0.85298,0.011967,0.003986,0.131068
AGTAGCTAGACGCCGA-1,0.983446,0.00828,0.002759,0.005515
AGTAGGAAGGAAGTTG-1,0.000608,0.916409,0.081766,0.001217
AGTAGGTAACATACAT-1,0.662102,0.220281,0.111758,0.005858
AGTATAATACTAGGCA-1,0.463047,0.305684,0.001751,0.229518
AGTATACACAGCGACA-1,0.039483,0.955919,0.001578,0.003021
AGTATCCATAATAACG-1,0.696179,0.002909,0.234029,0.066882
AGTATGCTGGAGACCA-1,0.116992,0.276255,0.505172,0.101581
AGTATTTGGCACGACC-1,0.00229,0.997671,0.000013,0.000027
AGTCAAATGATGTGAT-1,0.622604,0.135642,0.194441,0.047314
AGTCAAGATGACACTT-1,0.212288,0.101335,0.319638,0.366739
AGTCACTAGCTCTCGA-1,0.041158,0.381742,0.503925,0.073175
AGTCACTCCGCCTCAT-1,0.453158,0.507118,0.023913,0.015811
AGTCAGCCACCGCCTG-1,0.70957,0.001452,0.000467,0.28851
AGTCCAGCGGGTACGT-1,0.811918,0.00489,0.179934,0.003259
AGTCCCGCCTTTAATT-1,0.346816,0.444372,0.033587,0.175226
AGTCCCTCGCAGAAAG-1,0.650742,0.137851,0.035149,0.176258
AGTCGAATTAGCGTAA-1,0.405082,0.184896,0.263913,0.146109
AGTCGACGGTCTCAAG-1,0.132039,0.079923,0.011718,0.77632
AGTCGGCCCAAACGAC-1,0.573529,0.100383,0.000938,0.325151
AGTCGGCTCAACTTTA-1,0.450509,0.547138,0.000784,0.001569
AGTCGTATAAAGCAGA-1,0.908823,0.013588,0.000397,0.077192
AGTCGTCGACCACCAA-1,0.52892,0.142004,0.326962,0.002114
AGTCGTGGGCATTACG-1,0.411866,0.260855,0.069285,0.257994
AGTCTAAAGTATACTC-1,0.462875,0.157391,0.000361,0.379373
AGTCTCACAAGACTAC-1,0.792097,0.003914,0.001305,0.202684
AGTCTGGACATCCTTG-1,0.810882,0.003164,0.183847,0.002108
AGTCTTCTCCTCAAAT-1,0.190944,0.627931,0.013357,0.167768
AGTCTTTAAAGTGTCC-1,0.77813,0.003649,0.001216,0.217005
AGTGAAGATGGTGTCC-1,0.366522,0.213546,0.064554,0.355378
AGTGACTGTGACACAA-1,0.992947,0.003528,0.001175,0.002349
AGTGAGACTTCCAGTA-1,0.00004,0.000119,0.073211,0.926631
AGTGAGCCTCGCCGCC-1,0.383797,0.016554,0.588607,0.011042
AGTGAGGGTTTCTGAC-1,0.883899,0.00574,0.001916,0.108446
AGTGAGTCGAATTAAC-1,0.929533,0.0003,0.069968,0.0002
AGTGATAACCTGCGCG-1,0.915373,0.005521,0.001839,0.077267
AGTGATATGAGTAGTT-1,0.338059,0.179785,0.006313,0.475843
AGTGATTCAAGCAGGA-1,0.114885,0.023059,0.339553,0.522502
AGTGCACGCTTAAGAA-1,0.019509,0.42906,0.367447,0.183984
AGTGCGTAGCTCGTAA-1,0.367522,0.115572,0.004311,0.512595
AGTGCTAAACACAGCA-1,0.828313,0.167109,0.001526,0.003052
AGTGGCGGCAATTTGA-1,0.414266,0.240501,0.220166,0.125067
AGTGGCGTCTGAAGGT-1,0.854241,0.139943,0.001938,0.003878
AGTGGGAGTATACACG-1,0.322725,0.135391,0.229907,0.311977
AGTGTATTGCGCATTG-1,0.75971,0.157423,0.001354,0.081514
AGTGTGGTCTATTGTG-1,0.135563,0.321346,0.393021,0.15007
AGTTAAGCGGTCCCGG-1,0.620708,0.37727,0.000674,0.001348
AGTTAAGTCAACCGCT-1,0.306447,0.429628,0.058594,0.20533
AGTTACTCTATCGTGG-1,0.06932,0.882916,0.000365,0.047399
AGTTATTGAAAGGTAA-1,0.809979,0.187615,0.000802,0.001604
AGTTCCTACAGAATTA-1,0.543691,0.128826,0.205887,0.121596
AGTTCTGCGTTGTATC-1,0.656781,0.21052,0.002315,0.130383
AGTTGACATCGGCTGG-1,0.846443,0.002889,0.068136,0.082532
AGTTGACGGTCCTTGC-1,0.507413,0.430579,0.000307,0.061701
AGTTGCTGACTGATAT-1,0.717711,0.003497,0.276459,0.002332
AGTTGGCAAGGCTAGA-1,0.588808,0.081506,0.279326,0.05036
AGTTTATGTAAAGACA-1,0.313857,0.417598,0.039564,0.228981
AGTTTCGCAGGTCGGA-1,0.803808,0.006429,0.002141,0.187622
AGTTTGCACCTGCCTC-1,0.253961,0.744207,0.000611,0.001221
AGTTTGGCACGGGTTG-1,0.39386,0.247713,0.173263,0.185163
AGTTTGGCCAGACCTA-1,0.37309,0.059372,0.219359,0.348179
ATAAACCATTGGACGG-1,0.992945,0.003529,0.001176,0.00235
ATAAACGGACCCGTAA-1,0.058286,0.042953,0.017468,0.881294
ATAAACGTTGCACCAC-1,0.117863,0.767162,0.033685,0.08129
ATAAAGGCTCGGTCGT-1,0.465337,0.119782,0.00006,0.414822
ATAAAGGTCAAGTACG-1,0.765929,0.006062,0.223963,0.004046
ATAACGGAGTCCAACG-1,0.61179,0.198004,0.000183,0.190023
ATAACGTTACCTCCAC-1,0.876861,0.004349,0.00145,0.11734
ATAAGGTGGAGAACAT-1,0.423556,0.21194,0.034221,0.330283
ATAAGTACCCGATTGT-1,0.978786,0.014155,0.002352,0.004708
ATAAGTAGGATTCAGA-1,0.142197,0.565156,0.135324,0.157323
ATAATACCGTTAGCCG-1,0.423957,0.203004,0.002208,0.370831
ATAATAGCTGTTGAAT-1,0.172511,0.07934,0.001768,0.746381
ATAATAGTGTAGGGAC-1,0.775152,0.001329,0.000443,0.223077
ATAATCTTGGAGAACC-1,0.774862,0.184271,0.001047,0.03982
ATAATTAGCTAAGTAG-1,0.750967,0.180226,0.066289,0.002518
ATACAGGCCCTCCAAT-1,0.541616,0.275993,0.05962,0.122771
ATACCAGCAAATTGCT-1,0.766554,0.002489,0.000829,0.230128
ATACCAGGCTAATAGA-1,0.9891,0.00545,0.001817,0.003633
ATACCAGGTGAGCGAT-1,0.907318,0.003054,0.087593,0.002035
ATACCCTGGCTCAAAT-1,0.520856,0.002987,0.474165,0.001991
ATACCGTCATCCATAA-1,0.566726,0.002518,0.303221,0.127535
ATACCTAACCAAGAAA-1,0.033382,0.809265,0.036062,0.121291
ATACGACAGATGGGTA-1,0.632797,0.001663,0.078835,0.286705
ATACGCCGATCTACCG-1,0.732801,0.103533,0.105548,0.058118
ATACGGAACGTCGTTT-1,0.623274,0.193796,0.001237,0.181692
ATACGGGTTTCGATTG-1,0.32144,0.343814,0.323815,0.010931
ATACGTACTTAGCCAC-1,0.550263,0.142729,0.000202,0.306805
ATACGTTATGCACGGA-1,0.480388,0.51861,0.000334,0.000668
ATACTACCCGTACCAC-1,0.433923,0.448799,0.000437,0.116841
ATACTAGCATGACCCT-1,0.174794,0.636463,0.010419,0.178323
ATACTCTCGCCACTCT-1,0.630965,0.36596,0.001024,0.002051
ATACTGCCTTACACCG-1,0.777218,0.087497,0.050274,0.085011
ATAGACAACGGGACCT-1,0.478818,0.089835,0.22982,0.201527
ATAGACGAAGAGAAAG-1,0.062987,0.619822,0.023359,0.293832
ATAGAGTACTGGGACA-1,0.332623,0.318939,0.192451,0.155987
ATAGAGTTATCAACTT-1,0.663859,0.057718,0.0003,0.278124
ATAGATTTGCAGTCGG-1,0.996123,0.001938,0.000646,0.001292
ATAGCAACTAGGGAAG-1,0.647621,0.290889,0.000119,0.061371
ATAGCCATAACAGTCA-1,0.692415,0.000503,0.306747,0.000335
ATAGCCTCAGTACCCA-1,0.381544,0.10463,0.51109,0.002735
ATAGGAATCTAAGCTT-1,0.72972,0.254329,0.005316,0.010634
ATAGGCTAGCTTCGCA-1,0.336763,0.146407,0.087905,0.428926
ATAGGGATATCCTTGA-1,0.101891,0.806513,0.014087,0.077509
ATAGGTTGGGCAGATG-1,0.241988,0.230714,0.149873,0.377425
ATAGTCTTTGACGTGC-1,0.993759,0.00312,0.00104,0.002082
ATATAAAGCGCTCGTG-1,0.249848,0.749931,0.000074,0.000147
ATATAAATGTAGCTGC-1,0.57781,0.326439,0.000177,0.095574
ATATAACACGGGCGCA-1,0.858655,0.061971,0.00021,0.079164
ATATACGCTCGTGACG-1,0.993099,0.006224,0.000226,0.000451
ATATAGAGTATTGGTC-1,0.986557,0.00672,0.002242,0.004481
ATATCGTGCCAGACCC-1,0.916319,0.004533,0.076128,0.00302
ATATCGTTCCTCGAAC-1,0.794454,0.005123,0.001709,0.198714
ATATCTCCCTCGTTAA-1,0.044088,0.678554,0.065537,0.211821
ATATCTTAGGGCCTTC-1,0.349661,0.096119,0.000065,0.554155
ATATGTCTCCCTAGCC-1,0.323836,0.164096,0.101424,0.410644
ATATGTGCACAAACCA-1,0.04765,0.809375,0.047657,0.095318
ATATTCCACATAGTGA-1,0.298604,0.263349,0.006405,0.431642
ATATTCCCACAGGTCA-1,0.86991,0.126313,0.001259,0.002518
ATATTGCTGTCAAAGT-1,0.74683,0.124146,0.001464,0.12756
ATATTTAACCCTCAAG-1,0.128591,0.569317,0.031196,0.270897
ATCAAACGAAGGTTTG-1,0.316026,0.18582,0.157929,0.340225
ATCAATCTGGGCTGCA-1,0.305587,0.323204,0.029143,0.342067
ATCAATGCCGTGGCTG-1,0.815356,0.005661,0.175207,0.003776
ATCACATTAGAATATC-1,0.064911,0.884397,0.023305,0.027387
ATCACGTGCTAATTAA-1,0.570515,0.111786,0.056654,0.261045
ATCACTTCATCCTCGC-1,0.001933,0.955912,0.00004,0.042116
ATCAGCCTCATGCTGC-1,0.652429,0.010924,0.276404,0.060242
ATCAGCTCGTCCACTA-1,0.40863,0.064023,0.036883,0.490465
ATCAGGTCGCCATTGC-1,0.983744,0.008132,0.002707,0.005417
ATCAGTAGGCAGGGAT-1,0.116762,0.264056,0.509849,0.109333
ATCATAGCCCTATGTA-1,0.370665,0.500765,0.000203,0.128367
ATCCAACGCAGTCATA-1,0.830996,0.001274,0.083807,0.083922
ATCCACATCGACAGAA-1,0.662453,0.231377,0.069361,0.036808
ATCCACGCTAAATGTT-1,0.989987,0.005006,0.00167,0.003338
ATCCACTTTCAGACTA-1,0.549175,0.158593,0.00092,0.291312
ATCCAGAGCAACAACC-1,0.42162,0.165432,0.033108,0.37984
ATCCCATCCACAGCGC-1,0.769829,0.04316,0.181044,0.005968
ATCCTGCGTGGAATGG-1,0.266186,0.193451,0.027546,0.512817
ATCCTGCTGCAGATAG-1,0.795614,0.002379,0.000792,0.201215
ATCGACTCTTTCCGTT-1,0.394501,0.364886,0.015313,0.2253
ATCGCACGATTGTTCA-1,0.003123,0.009359,0.981284,0.006234
ATCGCACGCCGGGAGA-1,0.336236,0.438439,0.000093,0.225232
ATCGCTGCGTGCAGCA-1,0.654568,0.001728,0.075198,0.268506
ATCGGAGACAGACGGC-1,0.430069,0.233926,0.189888,0.146117
ATCGGCAAGCAGTCCA-1,0.694074,0.006836,0.294533,0.004557
ATCGTCCAATCGAGTC-1,0.161459,0.00531,0.776156,0.057074
ATCGTGGAAAGTCTGG-1,0.990838,0.004581,0.001526,0.003054
ATCGTTAGCTAGCGGA-1,0.829673,0.002991,0.000997,0.166339
ATCGTTCACTTTCGCC-1,0.697469,0.290574,0.003983,0.007975
ATCTAATATCCTACGG-1,0.452988,0.394269,0.000178,0.152565
ATCTACCATCTGCTCC-1,0.985312,0.013429,0.000419,0.000839
ATCTAGCTTGTGAGGG-1,0.947,0.050699,0.000767,0.001534
ATCTATCGATGATCAA-1,0.596933,0.006066,0.206134,0.190868
ATCTCATAAACCTACC-1,0.98313,0.008431,0.002816,0.005623
ATCTCCCACGGAATAT-1,0.440799,0.069232,0.150459,0.33951
ATCTCCCTGCAATCTA-1,0.316139,0.654341,0.028906,0.000615
ATCTGACATGGAAGGA-1,0.286796,0.71196,0.000415,0.00083
