Barcode,Topic 1,Topic 2,Topic 3to4,Topic 5,Topic 6to7,Topic 8to10
AAACACCAATAACTGC-1,0.000105,0.316001,0.170281,0.000105,0.000209,0.513299
AAACAGAGCGACTCCT-1,0.000034,0.21047,0.294476,0.000034,0.013808,0.481177
AAACAGCTTTCAGAAG-1,0.000032,0.860215,0.139558,0.000032,0.000065,0.000097
AAACAGGGTCTATATT-1,0.000008,0.071715,0.019354,0.000008,0.713584,0.195332
AAACCGGGTAGGTACC-1,0.000007,0.052719,0.119908,0.000007,0.819313,0.008044
AAACCTCATGAAGTTG-1,0.000012,0.12156,0.147833,0.000012,0.715375,0.015208
AAACGAGACGGTTGAT-1,0.000013,0.02918,0.531567,0.000013,0.419073,0.020153
AAACGGTTGCGAACTG-1,0.000136,0.546347,0.281073,0.000136,0.000271,0.172037
AAACGTGTTCGCCCTA-1,0.000102,0.556958,0.055817,0.000102,0.123139,0.263882
AAACTAACGTGGCGAC-1,0.000667,0.860317,0.135015,0.000667,0.001334,0.002001
AAACTCGGTTCGCAAT-1,0.000081,0.140663,0.453672,0.000081,0.026468,0.379036
AAACTGCTGGCTCCAA-1,0.000042,0.227472,0.44612,0.000042,0.214046,0.112277
AAACTTAATTGCACGC-1,0.000053,0.94506,0.054572,0.000053,0.000105,0.000158
AAACTTGCAAACGTAT-1,0.000006,0.034134,0.003935,0.000006,0.899161,0.062758
AAAGACCCAAGTCGCG-1,0.000043,0.372076,0.62762,0.000043,0.000087,0.00013
AAAGGGATGTAGCAAG-1,0.00003,0.100186,0.383859,0.00003,0.270264,0.245631
AAAGGGCAGCTTGAAT-1,0.000036,0.553144,0.353412,0.000036,0.082092,0.011279
AAAGGTAAGCTGTACC-1,0.000347,0.000347,0.213097,0.000347,0.105959,0.679902
AAAGTAGCATTGCTCA-1,0.000092,0.570969,0.428388,0.000092,0.000184,0.000276
AAAGTCGACCCTCAGT-1,0.000005,0.000005,0.000009,0.000005,0.951064,0.048913
AAATAACCATACGGGA-1,0.000114,0.066889,0.932313,0.000114,0.000228,0.000342
AAATACCTATAAGCAT-1,0.000017,0.084619,0.301766,0.000017,0.580983,0.032599
AAATAGCTTAGACTTT-1,0.000045,0.542269,0.45742,0.000045,0.000089,0.000134
AAATAGGGTGCTATTG-1,0.000012,0.000804,0.063806,0.000012,0.01249,0.922878
AAATGCTCGTTACGTT-1,0.000065,0.869147,0.057362,0.000065,0.000129,0.073233
AAATGGCATGTCTTGT-1,0.000167,0.037293,0.000334,0.000167,0.114488,0.847551
AAATGGCCCGTGCCCT-1,0.00003,0.199599,0.544722,0.00003,0.208406,0.047212
AAATTAACGGGTAGCT-1,0.000051,0.245256,0.38609,0.000051,0.203348,0.165204
AAATTAATAAGCGCGA-1,0.000011,0.529837,0.156812,0.000011,0.125994,0.187334
AAATTACACGACTCTG-1,0.000083,0.490836,0.508581,0.000083,0.000166,0.00025
AAATTACCTATCGATG-1,0.000024,0.150263,0.580277,0.000024,0.000049,0.269362
AAATTTGCGGGTGTGG-1,0.000005,0.047845,0.021288,0.000005,0.822579,0.108277
AACAACTGGTAGTTGC-1,0.000047,0.349135,0.33999,0.000047,0.049003,0.261777
AACAATTACTCTACGC-1,0.00007,0.029748,0.923611,0.00007,0.046289,0.000211
AACACACGCTCGCCGC-1,0.000023,0.127097,0.295354,0.000023,0.326478,0.251026
AACACGAGACGCGGCC-1,0.000053,0.011656,0.854424,0.000053,0.133654,0.00016
AACAGGAAATCGAATA-1,0.000029,0.109563,0.129709,0.000029,0.430352,0.330318
AACAGGATGGGCCGCG-1,0.000012,0.161991,0.139019,0.000012,0.622024,0.076943
AACATATCAACTGGTG-1,0.000017,0.093526,0.176839,0.000017,0.117994,0.611608
AACCAAGACTTCTCTG-1,0.000006,0.00445,0.102479,0.000006,0.629256,0.263802
AACCATAGGGTTGAAC-1,0.000044,0.9996,0.000089,0.000044,0.000089,0.000133
AACCATGGGATCGCTA-1,0.000056,0.62405,0.375557,0.000056,0.000112,0.000168
AACCCAGAGACGGAGA-1,0.000097,0.42565,0.573674,0.000097,0.000193,0.00029
AACCCATCCCATGATC-1,0.000129,0.77482,0.007982,0.000129,0.157871,0.059069
AACCCTACTGTCAATA-1,0.000029,0.222488,0.375471,0.000029,0.037137,0.364845
AACCGAGCTTGGTCAT-1,0.000039,0.000039,0.404175,0.000039,0.356789,0.238919
AACCGCTAAGGGATGC-1,0.000027,0.067879,0.353983,0.001029,0.185701,0.391381
AACCGTTGTGTTTGCT-1,0.0001,0.699543,0.299754,0.0001,0.000201,0.000301
AACCTCGCTTTAGCCC-1,0.00014,0.188552,0.585668,0.00014,0.173941,0.051559
AACCTTTAAATACGGT-1,0.00006,0.414452,0.418245,0.00006,0.0403,0.126883
AACCTTTACGACGTCT-1,0.000091,0.556723,0.27279,0.000091,0.000182,0.170123
AACGAAAGTCGTCCCA-1,0.000027,0.755827,0.000054,0.000027,0.002049,0.242015
AACGATAATGCCGTAG-1,0.000059,0.163852,0.459865,0.000059,0.322462,0.053704
AACGATATGTCAACTG-1,0.000213,0.29411,0.215246,0.471717,0.00535,0.013364
AACGCATGATCTGGGT-1,0.000068,0.267599,0.384594,0.000068,0.04686,0.300811
AACGCGAACGGCAACA-1,0.000018,0.75598,0.243894,0.000018,0.000036,0.000054
AACGCGGTCTCCAGCC-1,0.000265,0.374119,0.527045,0.000265,0.000529,0.097777
AACGCTGTTGCTGAAA-1,0.000107,0.150119,0.59605,0.000107,0.238981,0.014637
AACGGACGTACGTATA-1,0.000019,0.191954,0.37075,0.000019,0.353286,0.083972
AACGTCAGACTAGTGG-1,0.000021,0.280459,0.282171,0.000021,0.013021,0.424308
AACGTGATGAAGGACA-1,0.000322,0.171451,0.575549,0.000322,0.000643,0.251714
AACGTGCGAAAGTCTC-1,0.000006,0.033027,0.139293,0.000006,0.798969,0.028699
AACGTTATCAGCACCT-1,0.000592,0.319289,0.602423,0.000592,0.075329,0.001776
AACTAGGCTTGGGTGT-1,0.000031,0.517957,0.170923,0.000031,0.000061,0.310997
AACTCAAGTTAATTGC-1,0.000023,0.229115,0.420473,0.000023,0.30612,0.044246
AACTCCTAATCCCATG-1,0.000162,0.586829,0.412038,0.000162,0.000324,0.000486
AACTCGATAAACACGT-1,0.00082,0.00082,0.993441,0.00082,0.00164,0.00246
AACTCGATGGCGCAGT-1,0.000073,0.784411,0.02361,0.000073,0.100284,0.091547
AACTCTCAATAGAGCG-1,0.000024,0.121976,0.362516,0.000024,0.063277,0.452183
AACTGAGGTCAGCGTC-1,0.001111,0.542015,0.450205,0.001111,0.002223,0.003334
AACTGATATTAGGCCT-1,0.000194,0.358974,0.244473,0.000194,0.285204,0.110961
AACTGGGTCCCGACGT-1,0.000117,0.0057,0.944226,0.000117,0.04949,0.00035
AACTTCTGCGTCTATC-1,0.000033,0.734009,0.155429,0.000033,0.001319,0.109177
AACTTGCCCGTATGCA-1,0.000006,0.056602,0.000353,0.000006,0.780653,0.16238
AACTTGCGTTCTCGCG-1,0.000076,0.867818,0.000152,0.000076,0.000152,0.131727
AACTTTACGGGAGCTT-1,0.000051,0.318966,0.393968,0.000051,0.134523,0.15244
AAGAAGGATCAGTTAG-1,0.000029,0.372747,0.01498,0.000029,0.33942,0.272794
AAGACCAAATAACTCA-1,0.000161,0.848633,0.077245,0.000161,0.000322,0.073478
AAGACTGCAAGCTACT-1,0.000017,0.0557,0.060951,0.000017,0.797512,0.085802
AAGAGATGAATCGGTA-1,0.000034,0.305742,0.44991,0.000034,0.165375,0.078905
AAGAGCTCTTTATCGG-1,0.00001,0.010338,0.152844,0.00001,0.371771,0.465026
AAGAGGATGTACGCGA-1,0.000015,0.118716,0.323311,0.000015,0.518732,0.03921
AAGAGGCATGGATCGC-1,0.000022,0.032945,0.840117,0.000022,0.120114,0.006779
AAGATTGGCGGAACGT-1,0.000028,0.352338,0.457649,0.000028,0.000055,0.189903
AAGCATACTCTCCTGA-1,0.000108,0.053242,0.472265,0.000108,0.379437,0.094838
AAGCGGAGTGCGCGCA-1,0.000033,0.640342,0.35943,0.000033,0.000065,0.000098
AAGCGGCGTCATGGGT-1,0.000082,0.614809,0.384616,0.000082,0.000164,0.000247
AAGCTAGATCGAGTAA-1,0.000019,0.079152,0.251666,0.000019,0.48401,0.185133
AAGCTCGTGCCAAGTC-1,0.000054,0.371212,0.372115,0.000054,0.256402,0.000163
AAGCTCTTTCATGGTG-1,0.000098,0.022341,0.384902,0.000098,0.002821,0.589741
AAGGATGAGGGACCTC-1,0.000022,0.229663,0.195951,0.000022,0.02762,0.546721
AAGGCGCGTAAAGCTT-1,0.000027,0.243779,0.364361,0.000027,0.113175,0.278631
AAGGGAACGACTGGCT-1,0.00006,0.297436,0.2216,0.00006,0.00967,0.471174
AAGGGACAGATTCTGT-1,0.000029,0.400085,0.314408,0.000029,0.000057,0.285392
AAGGTATCCTAATATA-1,0.000035,0.318244,0.573222,0.000035,0.055655,0.052809
AAGGTGATAAACCAGC-1,0.000032,0.136152,0.294526,0.000032,0.108901,0.460357
AAGTAGAAGACCGGGT-1,0.000123,0.370898,0.247388,0.000123,0.1756,0.205868
AAGTAGTGACGCGAGG-1,0.000015,0.110431,0.15932,0.000015,0.517145,0.213074
AAGTCTTCTGTGGCCT-1,0.000135,0.454643,0.141128,0.000135,0.00027,0.40369
AAGTGACGACCGAATT-1,0.00001,0.069455,0.146117,0.00001,0.743577,0.04083
AAGTGCGTTAGAATCT-1,0.000339,0.746016,0.135213,0.000339,0.000678,0.117415
AAGTGTTTGGAGACGG-1,0.000334,0.000335,0.997324,0.000335,0.000669,0.001004
AAGTTCACTCCAAGCT-1,0.001163,0.398628,0.593231,0.001163,0.002326,0.003489
AAGTTCGGCCAACAGG-1,0.000025,0.14829,0.701613,0.000025,0.118212,0.031834
AAGTTTATGGGCCCAA-1,0.000071,0.188361,0.528501,0.000071,0.021431,0.261565
AATAACAACGCTCGGC-1,0.000009,0.101621,0.2133,0.000009,0.6465,0.038561
AATACAATGTTTCAGG-1,0.00005,0.999547,0.000101,0.00005,0.000101,0.000151
AATAGAATCTGTTTCA-1,0.000013,0.030634,0.427096,0.000013,0.506918,0.035326
AATAGCAAGCCTCCTG-1,0.000018,0.000018,0.007221,0.000018,0.156244,0.836482
AATAGTCGCGAGTCGG-1,0.000021,0.691706,0.14533,0.000021,0.011966,0.150956
AATATCAAGGTCGGAT-1,0.000029,0.332027,0.504574,0.000029,0.000411,0.16293
AATATCGAGGGTTCTC-1,0.000053,0.448139,0.428594,0.000053,0.000106,0.123055
AATATTGGAGTATTGA-1,0.000091,0.282282,0.361508,0.000091,0.355753,0.000274
AATCCAAGGGCCTGAG-1,0.000078,0.323758,0.58715,0.000078,0.000157,0.088778
AATCCATGCAAGGGTG-1,0.000068,0.46678,0.198555,0.000068,0.000137,0.334392
AATCGCCTCAGCGCCA-1,0.000008,0.002281,0.059193,0.000008,0.458391,0.480119
AATCTAGGTTTACTTG-1,0.000032,0.150433,0.104327,0.000032,0.116732,0.628443
AATCTCTACTGTGGTT-1,0.000357,0.150876,0.846623,0.000357,0.000715,0.001072
AATCTGCGTTGGGACG-1,0.000026,0.350598,0.2517,0.000026,0.060346,0.337305
AATCTGGCTTTCTAGT-1,0.000052,0.32414,0.521872,0.000052,0.02505,0.128834
AATGACAGCAATGTCT-1,0.000031,0.138305,0.805429,0.000031,0.050812,0.005391
AATGACGTAGGATGTC-1,0.000014,0.096446,0.192323,0.000014,0.682371,0.028834
AATGAGTTCGCATATG-1,0.000024,0.204573,0.10016,0.000024,0.027696,0.667524
AATGATGATACGCTAT-1,0.000027,0.337085,0.241083,0.000027,0.008798,0.412981
AATGATGCGACTCCTG-1,0.000026,0.175084,0.157535,0.000026,0.032996,0.634333
AATGCAACCGGGTACC-1,0.000019,0.712992,0.024472,0.000019,0.076219,0.186279
AATGCACCAAGCAATG-1,0.000017,0.238382,0.229817,0.000017,0.035273,0.496494
AATGGTCCACCGTTCA-1,0.000047,0.36222,0.478587,0.000047,0.142516,0.016582
AATGGTTCTCACAAGC-1,0.000025,0.262998,0.377178,0.000025,0.043044,0.316729
AATGTATGGCACTGTA-1,0.000046,0.99959,0.000091,0.000046,0.000091,0.000137
AATGTGCCCGAGGTGT-1,0.000163,0.183344,0.658757,0.000163,0.128781,0.028792
AATTAACGGATTTCCA-1,0.000015,0.018314,0.2796,0.000015,0.024142,0.677915
AATTACTCGTACGCTC-1,0.000398,0.185198,0.812012,0.000398,0.000797,0.001196
AATTAGCGCTGCAGCG-1,0.000008,0.044738,0.063002,0.000008,0.054034,0.838211
AATTCATAAGGGATCT-1,0.00003,0.450322,0.338454,0.00003,0.00006,0.211104
AATTCATTGTCATGCA-1,0.000038,0.470021,0.000075,0.000038,0.009956,0.519872
AATTCCAACTTGGTGA-1,0.000039,0.13082,0.868905,0.000039,0.000079,0.000118
AATTCTAGAGTTAGGC-1,0.000028,0.322756,0.365851,0.000028,0.036687,0.274649
AATTGAACGCTCTGGT-1,0.000025,0.252667,0.556829,0.000025,0.188878,0.001574
AATTGCGTGGATTACA-1,0.000058,0.99948,0.000116,0.000058,0.000116,0.000173
AATTTGGGACATAGTA-1,0.000135,0.424504,0.473388,0.000135,0.03998,0.061858
AATTTGGTTCCAAAGA-1,0.000113,0.454422,0.387573,0.000113,0.054463,0.103315
ACAAACCATGCGTCCT-1,0.000157,0.998589,0.000314,0.000157,0.000314,0.00047
ACAAATCGCACCGAAT-1,0.000043,0.346612,0.243651,0.000043,0.397836,0.011815
ACAAATGGTAGTGTTT-1,0.000023,0.124597,0.642605,0.000023,0.13542,0.097332
ACAAATTCAGATCTGA-1,0.000431,0.246285,0.504162,0.000431,0.000862,0.247829
ACAACAGCATGAGCTA-1,0.000364,0.334669,0.210315,0.000364,0.303227,0.151062
ACAACGGTCCCTGCGA-1,0.000055,0.584106,0.415508,0.000055,0.00011,0.000165
ACAAGCAGTGCCTAGC-1,0.000041,0.250321,0.52352,0.000041,0.225954,0.000123
ACAAGGAAATCCGCCC-1,0.000143,0.15277,0.487012,0.000143,0.359501,0.00043
ACAAGGACAAGAGGTT-1,0.000027,0.364682,0.500637,0.000027,0.020345,0.114282
ACAAGGATGCTTTAGG-1,0.000115,0.470765,0.324423,0.000115,0.113033,0.09155
ACAAGGGCAGGCTCTG-1,0.000005,0.000393,0.039426,0.000005,0.928384,0.031787
ACAATAGTCGTACGTT-1,0.000038,0.149876,0.30826,0.000038,0.541674,0.000115
ACAATCCATTTAAACC-1,0.000017,0.200784,0.427759,0.000017,0.322487,0.048937
ACAATGATTCTTCTAC-1,0.000199,0.007439,0.349811,0.000199,0.186015,0.456338
ACAATTTGAGCAGTGG-1,0.000032,0.347312,0.605407,0.000032,0.031905,0.015312
ACACAAATATTCCTAG-1,0.000095,0.394494,0.388092,0.000095,0.025316,0.191908
ACACACCAGGACCAGT-1,0.00004,0.316858,0.532321,0.00004,0.124266,0.026475
ACACACTTTCTACACG-1,0.000053,0.310713,0.390422,0.000053,0.004646,0.294113
ACACATGATCAAATCT-1,0.000442,0.309059,0.687843,0.000443,0.000885,0.001328
ACACATTGACGCAACA-1,0.000581,0.081409,0.914521,0.000582,0.001163,0.001745
ACACATTTCCGTAGAC-1,0.000055,0.216945,0.628472,0.000055,0.001077,0.153395
ACACCCGAGAAATCCG-1,0.00004,0.598507,0.39731,0.00004,0.00008,0.004023
ACACCGAGCGCTCTTT-1,0.000282,0.953827,0.044201,0.000282,0.000564,0.000845
ACACCGGTCTGACCGC-1,0.000197,0.997746,0.000876,0.000197,0.000394,0.000591
ACACCTTAAGTAGGGC-1,0.000065,0.268749,0.341279,0.135742,0.074919,0.179246
ACACGAGACTCCTTCT-1,0.00007,0.421639,0.441933,0.00007,0.13608,0.000209
ACACGGGAACTTAGGG-1,0.000124,0.551954,0.397086,0.000124,0.05034,0.000372
ACACTCCAATGTCACT-1,0.000045,0.999595,0.00009,0.000045,0.00009,0.000135
ACAGAACTGAGAACAA-1,0.000299,0.19086,0.768907,0.000299,0.000597,0.039039
ACAGCGCACCCGCAGC-1,0.00007,0.281066,0.612142,0.00007,0.00014,0.106511
ACAGGCTTGCCCGACT-1,0.000183,0.000183,0.998537,0.000183,0.000366,0.000549
ACAGTAATACAACTTG-1,0.000033,0.128935,0.656649,0.000033,0.078218,0.136134
ACATAAGTCGTGGTGA-1,0.000035,0.364997,0.105539,0.000035,0.123065,0.406329
ACATAATAAGGCGGTG-1,0.000047,0.807418,0.097838,0.000047,0.000094,0.094556
ACATCGATCGTTTACC-1,0.000022,0.483813,0.085613,0.000022,0.114009,0.316521
ACATCGGTCAGCCGCG-1,0.000019,0.068335,0.412976,0.031605,0.154133,0.332932
ACATCGTATGCAATGG-1,0.000011,0.029839,0.118273,0.000011,0.45134,0.400525
ACATCGTTAACCTAGT-1,0.000136,0.429995,0.329916,0.000136,0.026451,0.213366
ACATGGCTCAATTTAG-1,0.000483,0.202825,0.793792,0.000483,0.000966,0.00145
ACATTAGTTTATATCC-1,0.000014,0.15029,0.065753,0.000014,0.051573,0.732357
ACCAATATGCAAGTTA-1,0.000103,0.165483,0.466639,0.000103,0.318369,0.049303
ACCACGTGCAGCTATA-1,0.0001,0.267468,0.287971,0.0001,0.400047,0.044313
ACCACTGTTCAAGAAG-1,0.000056,0.908117,0.091491,0.000056,0.000112,0.000168
ACCAGACCATAACAAC-1,0.000059,0.766581,0.233007,0.000059,0.000118,0.000177
ACCAGTGCCCGGTCAA-1,0.000089,0.33966,0.247062,0.000089,0.114907,0.298193
ACCATCCGCCAACTAG-1,0.000131,0.166099,0.498123,0.000131,0.044544,0.290972
ACCATCGTATATGGTA-1,0.00011,0.216746,0.295454,0.00011,0.351984,0.135597
ACCATTAAGGGTGTCA-1,0.000052,0.6484,0.000105,0.000052,0.000105,0.351285
ACCCAACGCCCGTGGC-1,0.000031,0.343405,0.579298,0.000031,0.004561,0.072674
ACCCACCTACATGCTC-1,0.000051,0.244225,0.746355,0.000051,0.009165,0.000153
ACCCATCTTGAGGGTA-1,0.000026,0.234014,0.469001,0.000026,0.250285,0.046648
ACCCGGAAACTCCCAG-1,0.000014,0.182697,0.268991,0.000014,0.130142,0.418142
ACCCTATAGGACTGAG-1,0.000065,0.999415,0.00013,0.000065,0.00013,0.000195
ACCCTCCCTTGCTATT-1,0.00003,0.299137,0.440247,0.00003,0.250603,0.009954
ACCCTTCATCTGCGAA-1,0.000518,0.394028,0.20049,0.000518,0.022812,0.381633
ACCGAAGAGTCTGGTT-1,0.000076,0.957724,0.000152,0.000076,0.009237,0.032734
ACCGACACATCTCCCA-1,0.000032,0.155347,0.812082,0.000032,0.000063,0.032444
ACCGACTGAGTCCCAC-1,0.000035,0.013878,0.531394,0.000035,0.064508,0.390151
ACCGATGGTAGCATCG-1,0.000039,0.428992,0.446795,0.000039,0.043656,0.080479
ACCGCAATAACTGCCT-1,0.000694,0.452614,0.542523,0.000695,0.001389,0.002084
ACCGGTCAGGTACACC-1,0.000463,0.499728,0.093499,0.000463,0.000926,0.404921
ACCGGTCTGAGTACGG-1,0.000113,0.430116,0.543612,0.000113,0.000226,0.02582
ACCTAAGTACCTTTCA-1,0.000053,0.266275,0.733355,0.000053,0.000106,0.000159
ACCTAATCGACTTCCT-1,0.000014,0.102254,0.324112,0.000014,0.55318,0.020427
ACCTCGAACTTATGCT-1,0.000067,0.175611,0.000135,0.000067,0.000135,0.823984
ACCTGCGTGTCATGTT-1,0.00001,0.205173,0.00002,0.00001,0.671657,0.12313
ACGAAATGGGCGGCAC-1,0.000041,0.297644,0.477631,0.000041,0.224522,0.000122
ACGAGAACCCATCACG-1,0.000039,0.305824,0.337613,0.000039,0.004094,0.352392
ACGAGATATTTGCTTA-1,0.000062,0.230771,0.058803,0.000062,0.27845,0.431853
ACGAGGATACCACTCT-1,0.000037,0.268547,0.483921,0.000037,0.099233,0.148225
ACGAGGTTTACAACGT-1,0.00038,0.494772,0.502566,0.00038,0.000761,0.001141
ACGAGTACGGATGCCC-1,0.000046,0.336537,0.50714,0.000046,0.003075,0.153155
ACGAGTCGCCGGCGTT-1,0.000037,0.202007,0.788128,0.000037,0.000074,0.009717
ACGATACATAGAACTA-1,0.000036,0.043157,0.125529,0.000036,0.055082,0.776159
ACGATCATACATAGAG-1,0.000035,0.67261,0.131636,0.000035,0.037609,0.158073
ACGATCATCTTGTAAA-1,0.000039,0.533746,0.426355,0.000039,0.000079,0.039741
ACGATGCATATGTTAT-1,0.00002,0.336738,0.403155,0.00002,0.140918,0.119148
ACGATGGATCCGATGC-1,0.000053,0.409439,0.274695,0.000053,0.246043,0.069716
ACGCATAAATGACATG-1,0.000056,0.214058,0.165631,0.000056,0.000112,0.620087
ACGCATTCGTGAGTAC-1,0.00003,0.131681,0.085563,0.00003,0.279797,0.502899
ACGCCAGATGATTTCT-1,0.000719,0.559753,0.43521,0.00072,0.001439,0.002159
ACGCCGCTAGACGACC-1,0.000048,0.102722,0.632379,0.000048,0.239899,0.024905
ACGCGAAGTCAGACGA-1,0.000055,0.303477,0.468024,0.000055,0.000109,0.228281
ACGCGCTACACAGGGT-1,0.000015,0.042317,0.446546,0.000015,0.302871,0.208236
ACGCGGGCCAAGGACA-1,0.000021,0.335773,0.247957,0.000021,0.111005,0.305223
ACGCGTTTCTTAAGAG-1,0.00003,0.728938,0.138394,0.00003,0.009618,0.12299
ACGCTAGTGATACACT-1,0.000057,0.702051,0.258387,0.000057,0.000114,0.039334
ACGCTGTGAGGCGTAG-1,0.000051,0.100534,0.599111,0.000051,0.120813,0.17944
ACGGAATTTAGCAAAT-1,0.000039,0.535554,0.295869,0.000039,0.092784,0.075715
ACGGATGGTGCGGATA-1,0.000048,0.000048,0.794848,0.000048,0.079349,0.125658
ACGGCACTTGCTTGGG-1,0.00003,0.295458,0.283282,0.00003,0.06891,0.352289
ACGGCGACGATGGGAA-1,0.000452,0.000453,0.830931,0.000453,0.166353,0.001358
ACGGCTGGATGTAGAA-1,0.000045,0.536717,0.000091,0.000045,0.000091,0.463011
ACGGGAGTGTCGGCCC-1,0.000287,0.000287,0.965112,0.000287,0.033164,0.000862
ACGGGTCATGTGACTT-1,0.000051,0.000051,0.000102,0.000051,0.866733,0.133012
ACGGTCACCGAGAACA-1,0.000016,0.120086,0.019588,0.000016,0.421214,0.439079
ACGTACAGATTTCTCT-1,0.000148,0.395902,0.122509,0.000148,0.279166,0.202127
ACGTAGATTGCTGATG-1,0.000037,0.009807,0.048519,0.000037,0.552362,0.389239
ACGTCTCGTTCCGGGA-1,0.000023,0.666087,0.000046,0.000023,0.002673,0.331147
ACGTGCGCCTCGTGCA-1,0.000015,0.101078,0.008899,0.000015,0.555476,0.334516
ACGTTAATGTCGAAGA-1,0.000011,0.019247,0.134294,0.000011,0.785495,0.060941
ACGTTAGATTTGCCCG-1,0.000028,0.20356,0.699679,0.000028,0.043364,0.053342
ACGTTATTGGTCACTC-1,0.000235,0.172752,0.269763,0.000235,0.207764,0.349252
ACGTTTAGTTGTGATC-1,0.000173,0.155579,0.294629,0.000173,0.114177,0.435268
ACTAAGGACGCACACC-1,0.000013,0.17281,0.269035,0.000013,0.158879,0.399249
ACTAATACGTCAGGCG-1,0.000051,0.73043,0.199801,0.000051,0.000102,0.069565
ACTACATCCCGACAAG-1,0.000256,0.408352,0.589858,0.000256,0.000512,0.000767
ACTACCAGCTCTCTGG-1,0.000032,0.332022,0.373736,0.000032,0.013472,0.280706
ACTATATGCTGTGTTC-1,0.000049,0.278987,0.260181,0.000049,0.205006,0.255727
ACTATTCGTCCGTGGT-1,0.000441,0.350274,0.646641,0.000441,0.000881,0.001322
ACTCAACGAATGTATT-1,0.000063,0.340264,0.324338,0.000063,0.060654,0.274616
ACTCAAGTGCAAGGCT-1,0.000087,0.188647,0.739118,0.000087,0.062472,0.00959
ACTCAATAAAGGCACG-1,0.000017,0.061894,0.131701,0.000017,0.132767,0.673604
ACTCAGACCTGCTTCT-1,0.000055,0.407885,0.591729,0.000055,0.00011,0.000165
ACTCATGGCAGCCTTC-1,0.000064,0.25683,0.088053,0.000064,0.053711,0.601278
ACTCCCATTCCTAAAG-1,0.000018,0.218269,0.002216,0.000018,0.62961,0.14987
ACTCCCGAATTCGTTT-1,0.000021,0.075356,0.042586,0.000021,0.095911,0.786104
ACTCCCTAATGCTAAA-1,0.000032,0.134059,0.319331,0.000032,0.166655,0.37989
ACTCCCTAGAATAGTA-1,0.000031,0.133748,0.252843,0.000031,0.535861,0.077487
ACTCGATGTATTTCAT-1,0.00051,0.00051,0.745019,0.00051,0.001021,0.25243
ACTCGTAACCCGTCCT-1,0.000309,0.002258,0.995581,0.000309,0.000617,0.000926
ACTCGTCAGTAATCCC-1,0.000018,0.170524,0.383072,0.000018,0.440586,0.005782
ACTCTCTGACTTAGGT-1,0.000005,0.000005,0.005568,0.000005,0.962681,0.031736
ACTCTCTTATACACGA-1,0.000119,0.213101,0.633333,0.00012,0.000239,0.153087
ACTCTTGTATAGTAAC-1,0.000038,0.19802,0.406453,0.000038,0.385521,0.00993
ACTGAATGGCGAAAGT-1,0.00002,0.143821,0.553967,0.00002,0.266857,0.035315
ACTGCCGTCGTAACTC-1,0.000725,0.402464,0.592462,0.000725,0.00145,0.002175
ACTGCTCGGAAGGATG-1,0.000013,0.406551,0.015715,0.000013,0.012854,0.564854
ACTGGCGAACCTGCGT-1,0.000025,0.229607,0.31284,0.000025,0.015926,0.441577
ACTGTACGATACACAT-1,0.000017,0.119715,0.392279,0.000017,0.396494,0.091477
ACTGTAGCACTTTGGA-1,0.000039,0.369984,0.505003,0.000039,0.000078,0.124856
ACTGTATACGCGAGCA-1,0.00008,0.525891,0.473551,0.00008,0.000159,0.000239
ACTGTCTTCTTTAGAA-1,0.000016,0.517142,0.000542,0.000016,0.082521,0.399764
ACTGTGCTAGTAGATC-1,0.000198,0.735113,0.263498,0.000198,0.000397,0.000595
ACTTACCGGGCGCGCA-1,0.000042,0.263451,0.448422,0.000042,0.000889,0.287154
ACTTAGTACGACAAGA-1,0.00006,0.999389,0.000188,0.00006,0.000121,0.000181
ACTTATACTTACCCGG-1,0.000039,0.316452,0.597332,0.000039,0.016218,0.06992
ACTTATTTATGTGCCA-1,0.000022,0.081919,0.572172,0.000022,0.110182,0.235683
ACTTCAGGCTGATCCC-1,0.000461,0.000461,0.724015,0.000461,0.000922,0.273681
ACTTCCATGCGGGACA-1,0.000072,0.472254,0.527242,0.000072,0.000144,0.000216
ACTTCGCCATACGCAC-1,0.000116,0.320512,0.678675,0.000116,0.000232,0.000348
ACTTGACTCCCTCTTT-1,0.000012,0.001396,0.137885,0.000012,0.632493,0.228203
ACTTGTAGTCCCTTCA-1,0.000023,0.056393,0.397191,0.000023,0.0496,0.496769
ACTTTACCCTCATGAA-1,0.000061,0.340035,0.645753,0.000061,0.000122,0.013968
ACTTTCCTATAGCTTC-1,0.00008,0.004631,0.540543,0.00008,0.031478,0.423189
ACTTTGACTGCATCCT-1,0.000244,0.484903,0.498117,0.000245,0.015757,0.000734
ACTTTGGTCGTGCTCC-1,0.000151,0.463092,0.273598,0.000151,0.000301,0.262708
AGAACCCTCAATTGGG-1,0.000012,0.263087,0.000024,0.000012,0.018215,0.71865
AGAACGTGGTACATTC-1,0.000105,0.319341,0.672086,0.000105,0.008049,0.000315
AGAAGAGCGCCGTTCC-1,0.000101,0.068228,0.552532,0.000101,0.094046,0.284992
AGAAGGTACACTTCAC-1,0.00009,0.11279,0.424562,0.00009,0.161155,0.301314
AGAAGTGATTCGTGAT-1,0.000053,0.76389,0.00599,0.000053,0.120585,0.109429
AGAATAAATCTTCAGG-1,0.000043,0.073993,0.088546,0.000043,0.142539,0.694836
AGAATGCGGGTTCGGA-1,0.000016,0.083989,0.416428,0.000016,0.097999,0.401552
AGAATTATGGATTCGA-1,0.000042,0.559165,0.439713,0.000042,0.000084,0.000955
AGAATTGTTTGACATA-1,0.000069,0.979082,0.020436,0.000069,0.000138,0.000207
AGACAGCTCAGAATCC-1,0.000048,0.365248,0.43522,0.000048,0.079611,0.119825
AGACCAAACCACACCT-1,0.000015,0.839523,0.000384,0.000015,0.001158,0.158905
AGACCATGGGATACAA-1,0.000026,0.502102,0.113261,0.000026,0.249065,0.13552
AGACCCACCGCTGATC-1,0.000036,0.204054,0.643664,0.000036,0.042698,0.109513
AGACCGGGAAACCCTG-1,0.000038,0.285801,0.562717,0.000038,0.151292,0.000114
AGACGGGCCGATTTAA-1,0.000052,0.475036,0.379843,0.000052,0.028789,0.116227
AGAGAACCGTCTAGGA-1,0.000023,0.270118,0.436378,0.000023,0.000726,0.292734
AGAGATCTCTAAAGCG-1,0.000029,0.140397,0.682267,0.000029,0.177189,0.000088
AGAGCAGTTATGAGAC-1,0.00011,0.723446,0.096834,0.00011,0.133358,0.04614
AGAGCGGGCTAATCAT-1,0.000015,0.021094,0.107707,0.000015,0.025947,0.845221
AGAGCGTACAAGCTCG-1,0.000079,0.703218,0.296227,0.000079,0.000159,0.000238
AGAGCTACGAAAGCAT-1,0.003846,0.629157,0.007695,0.003847,0.343913,0.011542
AGAGGGACAATTGTCC-1,0.000039,0.120292,0.717777,0.000039,0.002852,0.159001
AGAGTTAGAGACCGAT-1,0.00026,0.56628,0.431323,0.00026,0.000521,0.001356
AGAGTTGCAGGCCTCC-1,0.000027,0.300442,0.316817,0.000027,0.000363,0.382325
AGATAACTTCAGGGCC-1,0.000016,0.155573,0.262496,0.000016,0.043439,0.53846
AGATACCGGTGTTCAC-1,0.00003,0.237952,0.671592,0.00003,0.088288,0.002109
AGATACGACTTCATAT-1,0.000071,0.926171,0.073328,0.000071,0.000143,0.000214
AGATACTCAAGATCGA-1,0.000012,0.016241,0.237121,0.000012,0.334401,0.412214
AGATCGTGCATAAGAT-1,0.000024,0.360865,0.289604,0.000024,0.008904,0.340579
AGATCTCAGGTGTGAT-1,0.000137,0.046752,0.952292,0.000137,0.000273,0.00041
AGATGAGGGTTGCGAT-1,0.000036,0.290612,0.447293,0.000036,0.024674,0.23735
AGATGATGGAGTCTGG-1,0.000052,0.479855,0.497565,0.000052,0.000104,0.022372
AGATGCAAGACGTGCA-1,0.000131,0.018817,0.864673,0.000131,0.115857,0.000392
AGATGCATCCTGTGTC-1,0.000031,0.617888,0.131879,0.000031,0.028877,0.221294
AGATGCTATAACGAGC-1,0.000033,0.319365,0.680404,0.000033,0.000066,0.000099
AGATTCACAACCGATA-1,0.000105,0.094234,0.773411,0.000105,0.038095,0.09405
AGCAACATATCTTATT-1,0.000028,0.195862,0.411002,0.000028,0.087657,0.305421
AGCAACCGAAAGTAAT-1,0.000031,0.137085,0.363349,0.000031,0.00319,0.496312
AGCACCAGTACTCACG-1,0.000052,0.216378,0.539598,0.000052,0.118326,0.125594
AGCACTACCGGCCTGT-1,0.000024,0.000024,0.000049,0.000024,0.981531,0.018348
AGCACTACCTCACCAG-1,0.000077,0.000077,0.999384,0.000077,0.000154,0.000231
AGCACTTAAGGACGCC-1,0.000012,0.102537,0.183243,0.077709,0.198039,0.43846
AGCAGAAGGAGAAAGA-1,0.000057,0.058472,0.333363,0.000057,0.000113,0.607938
AGCAGCCAGATGAATA-1,0.0001,0.238055,0.708738,0.0001,0.032419,0.020587
AGCATCATTTCGAAAG-1,0.000094,0.356562,0.614166,0.000094,0.000187,0.028898
AGCCACTCCCGTGCTT-1,0.000047,0.297206,0.444351,0.000047,0.097196,0.161152
AGCCATATAGTATGTG-1,0.000022,0.70981,0.284306,0.000022,0.000043,0.005798
AGCCCATACATGTAAG-1,0.000003,0.000003,0.000109,0.000003,0.987674,0.012209
AGCCCTAAGCGAAGTT-1,0.000202,0.445591,0.552991,0.000202,0.000405,0.000607
AGCCGCAAATTCAAAT-1,0.000031,0.344867,0.582987,0.000031,0.011269,0.060816
AGCCGCTTGATTAGCG-1,0.000151,0.219532,0.473647,0.000151,0.196005,0.110513
AGCCGTGGCTAAATGT-1,0.000008,0.040224,0.000092,0.000008,0.003057,0.95661
AGCCTAATACCCACGT-1,0.000057,0.000057,0.005353,0.000057,0.100164,0.894312
AGCCTTAAAGCGGAAG-1,0.000016,0.264416,0.144657,0.000016,0.312418,0.278477
AGCGACATCCCATTCA-1,0.000033,0.739225,0.199488,0.000033,0.000065,0.061157
AGCGCGGGTGCCAATG-1,0.000015,0.129606,0.052794,0.000015,0.066752,0.750817
AGCGCTTATGGGCAAG-1,0.00006,0.377186,0.515142,0.00006,0.000121,0.10743
AGCGGACACTTCGTAG-1,0.000026,0.488838,0.049452,0.000026,0.020349,0.441309
AGCGGCGGTTAGCGGT-1,0.000082,0.678013,0.321413,0.000082,0.000164,0.000246
AGCGGGAAGGGTCCAT-1,0.000429,0.000429,0.881768,0.000429,0.115656,0.001288
AGCGGGTCTGACACTC-1,0.000024,0.287025,0.62981,0.000024,0.024254,0.058863
AGCGTACGAGAGCTAG-1,0.000023,0.390764,0.522207,0.000023,0.022814,0.064169
AGCGTGGTATTCTACT-1,0.000009,0.051477,0.026107,0.000009,0.888727,0.033671
AGCTAGAAGCAGAAGT-1,0.000026,0.203141,0.449085,0.000026,0.001794,0.345928
AGCTATTTAATCCAAC-1,0.000104,0.329955,0.413036,0.000104,0.146881,0.10992
AGCTCCTTCGCACATC-1,0.000251,0.235949,0.762297,0.000251,0.000501,0.000752
AGCTCTAGACGTTCCA-1,0.000006,0.000006,0.075327,0.000006,0.907454,0.017202
AGCTCTTCCCAGTGCA-1,0.00004,0.361984,0.461983,0.00004,0.007901,0.168052
AGCTGAAGTAAACCAA-1,0.000023,0.239672,0.403352,0.000023,0.053743,0.303186
AGCTGTAACCTCAATC-1,0.000086,0.24625,0.348356,0.000086,0.052586,0.352637
AGCTTGATCAGGGTAG-1,0.000198,0.619532,0.271959,0.000198,0.072958,0.035154
AGCTTGATCTTAACTT-1,0.000006,0.000055,0.024595,0.000006,0.943699,0.031639
AGGAAAGCCTCTGATG-1,0.0002,0.542066,0.456537,0.0002,0.000399,0.000599
AGGAAGCTGTCCGCCG-1,0.00002,0.386315,0.112597,0.00002,0.015336,0.485713
AGGACAGTCGAATCCC-1,0.000023,0.044505,0.777583,0.000023,0.151549,0.026318
AGGACATCGCACGTCG-1,0.000068,0.206521,0.789066,0.000068,0.000136,0.004141
AGGACGCTCGATGTTG-1,0.000034,0.338282,0.509778,0.000034,0.000067,0.151804
AGGACTTATAGGAGAA-1,0.000043,0.51179,0.436321,0.000043,0.016335,0.035467
AGGATAAAGTCGGGAT-1,0.00004,0.315507,0.450619,0.00004,0.065003,0.16879
AGGATCACGCGATCTG-1,0.000059,0.24623,0.437754,0.000059,0.274018,0.041881
AGGCAGATGCGTAAAC-1,0.000017,0.192602,0.180335,0.000017,0.062054,0.564976
AGGCCACCCGTTATGA-1,0.000029,0.287825,0.63793,0.000029,0.003184,0.071003
AGGCCCAGTGACTGGT-1,0.000813,0.009753,0.984555,0.000813,0.001626,0.00244
AGGCCCTAGAACGCCA-1,0.000022,0.209033,0.650858,0.000022,0.131991,0.008073
AGGCGGTTTGTCCCGC-1,0.000345,0.054983,0.706816,0.000345,0.00069,0.236822
AGGCTATGGTTAGCTT-1,0.000043,0.35761,0.54038,0.000043,0.039805,0.062118
AGGCTTAAGTTGCACA-1,0.000073,0.164449,0.254515,0.000073,0.062409,0.518481
AGGCTTGCTAGACACC-1,0.000054,0.779008,0.220616,0.000054,0.000107,0.000161
AGGGAAACGAGGTACT-1,0.000256,0.417532,0.580677,0.000256,0.000512,0.000767
AGGGCGAGCAGCTGAT-1,0.000006,0.014933,0.022493,0.000006,0.887574,0.074988
AGGGCGTGATCGGCTA-1,0.000026,0.190188,0.244847,0.000026,0.018255,0.546658
AGGGCTGCAGTTACAG-1,0.000027,0.239763,0.440621,0.000027,0.171025,0.148537
AGGGTCGATGCGAACT-1,0.00004,0.45767,0.366435,0.00004,0.008193,0.167621
AGGGTGCTCTCGAGGG-1,0.000048,0.464533,0.436389,0.000048,0.000097,0.098885
AGGGTTCCCTTTGGTT-1,0.000027,0.11247,0.405724,0.000027,0.026754,0.455
AGGGTTTAGTTCGGGA-1,0.000019,0.0968,0.045531,0.000019,0.557381,0.30025
AGGTAACCTCCTATTC-1,0.000952,0.492164,0.501168,0.000953,0.001905,0.002858
AGGTACGATATTGCCA-1,0.000613,0.207079,0.582909,0.000614,0.001227,0.207557
AGGTAGGTACAAAGCT-1,0.000014,0.150171,0.319671,0.000014,0.512752,0.017378
AGGTATAATTGATAGT-1,0.000069,0.56514,0.379008,0.000069,0.000138,0.055577
AGGTCAGGTGAGAGTG-1,0.000015,0.013703,0.136218,0.000015,0.743737,0.106312
AGGTCGCGGAGTTACT-1,0.000034,0.262415,0.219786,0.000034,0.175705,0.342025
AGGTGTATCGCCATGA-1,0.000009,0.014637,0.016325,0.00001,0.829398,0.13962
AGGTTCTCCTTTCCGG-1,0.000052,0.867542,0.006095,0.000052,0.000105,0.126153
AGGTTGAGGCACGCTT-1,0.000132,0.006073,0.456397,0.000132,0.098073,0.439193
AGGTTTCACACACCTT-1,0.000014,0.029026,0.124083,0.000014,0.696719,0.150143
AGTAATGTCTTGCCGC-1,0.000012,0.000012,0.019232,0.000012,0.131506,0.849226
AGTAATTTGCAAGCGT-1,0.000036,0.882011,0.052137,0.000036,0.000073,0.065707
AGTACCTTCGAGTGCT-1,0.000498,0.099758,0.000995,0.000498,0.000995,0.897256
AGTACGGCCCGTATCG-1,0.000234,0.748152,0.250212,0.000234,0.000467,0.000701
AGTACGGGCACCTGGC-1,0.00001,0.020721,0.310764,0.00001,0.313885,0.35461
AGTACTCTTATGCCCA-1,0.000763,0.10958,0.885076,0.000764,0.001527,0.002291
AGTAGAAGGCGCCTCA-1,0.000023,0.977593,0.022247,0.000023,0.000046,0.000068
AGTAGCTAGACGCCGA-1,0.000066,0.401785,0.582062,0.000066,0.000133,0.015887
AGTAGGAAGGAAGTTG-1,0.000025,0.322643,0.513309,0.000025,0.000049,0.163949
AGTATAATACTAGGCA-1,0.000029,0.321678,0.551304,0.000029,0.021119,0.105841
AGTCAAGATGACACTT-1,0.000027,0.065091,0.758069,0.000027,0.117867,0.05892
AGTCAGCCACCGCCTG-1,0.000062,0.740647,0.154084,0.000062,0.000125,0.105019
AGTCCCGCCTTTAATT-1,0.000029,0.352409,0.315017,0.000029,0.001864,0.330653
AGTCGACGGTCTCAAG-1,0.000026,0.116414,0.721742,0.000026,0.016616,0.145176
AGTCGGCCCAAACGAC-1,0.000018,0.274601,0.326238,0.000018,0.049572,0.349553
AGTCGGCTCAACTTTA-1,0.000474,0.763869,0.232812,0.000474,0.000948,0.001422
AGTCGTCGACCACCAA-1,0.000183,0.326434,0.478855,0.000183,0.193796,0.000549
AGTCGTGGGCATTACG-1,0.000023,0.001032,0.267772,0.000023,0.112301,0.618849
AGTCTCACAAGACTAC-1,0.000127,0.27085,0.319774,0.000127,0.083372,0.325749
AGTCTGGACATCCTTG-1,0.00003,0.560166,0.000061,0.00003,0.000061,0.439652
AGTCTTCTCCTCAAAT-1,0.000102,0.038466,0.204586,0.419713,0.094696,0.242436
AGTGAGACTTCCAGTA-1,0.000048,0.433906,0.565758,0.000048,0.000096,0.000144
AGTGAGCCTCGCCGCC-1,0.000025,0.1169,0.219608,0.000025,0.093941,0.569502
AGTGAGGGTTTCTGAC-1,0.00009,0.567562,0.407339,0.000091,0.000181,0.024737
AGTGATAACCTGCGCG-1,0.000123,0.390181,0.455426,0.000123,0.138394,0.015753
AGTGATTCAAGCAGGA-1,0.000038,0.457972,0.438398,0.000038,0.037304,0.06625
AGTGCTTGCACGAATA-1,0.000017,0.080431,0.210143,0.000017,0.111339,0.598052
AGTGGCGGCAATTTGA-1,0.00002,0.16064,0.208517,0.00002,0.045905,0.584898
AGTGGCGTCTGAAGGT-1,0.00009,0.14171,0.846167,0.00009,0.000181,0.011762
AGTGGCTCCGTCGGCC-1,0.000122,0.336116,0.531727,0.000122,0.125467,0.006446
AGTGGTGTTACCCGTG-1,0.000035,0.331195,0.567937,0.000035,0.035691,0.065107
AGTGGTTGCGTATAGG-1,0.000019,0.087881,0.250955,0.000019,0.12168,0.539445
AGTGTATTGCGCATTG-1,0.000035,0.31057,0.38105,0.000035,0.019325,0.288985
AGTGTGCTAAGATCGC-1,0.007143,0.16122,0.01429,0.007144,0.014289,0.795914
AGTGTGGTCTATTGTG-1,0.000031,0.194342,0.114748,0.000031,0.088433,0.602415
AGTTAAACACTTGCGA-1,0.000033,0.309219,0.155281,0.000033,0.442323,0.09311
AGTTAAGCGGTCCCGG-1,0.000794,0.000794,0.993649,0.000794,0.001588,0.002382
AGTTAAGTCAACCGCT-1,0.000097,0.670925,0.328396,0.000097,0.000194,0.000291
AGTTACCCTTAAGACT-1,0.000122,0.575692,0.423453,0.000122,0.000244,0.000366
AGTTACTCTATCGTGG-1,0.000045,0.447816,0.056126,0.000045,0.077889,0.418078
AGTTCACCGGTTGGAC-1,0.000109,0.000109,0.375031,0.000109,0.384161,0.24048
AGTTCCTATTTATGTT-1,0.000114,0.077406,0.608164,0.000114,0.214178,0.100024
AGTTCTGCGTTGTATC-1,0.000024,0.53063,0.009813,0.000024,0.075958,0.383552
AGTTGACATCGGCTGG-1,0.000015,0.193631,0.000896,0.000015,0.270113,0.53533
AGTTGACGGTCCTTGC-1,0.00002,0.286405,0.405556,0.00002,0.05961,0.248388
AGTTGCGGTCCTCAAC-1,0.000034,0.950259,0.049503,0.000034,0.000068,0.000102
AGTTGCTGACTGATAT-1,0.000029,0.426751,0.087023,0.000029,0.099341,0.386828
AGTTTCGCAGGTCGGA-1,0.000024,0.74485,0.036743,0.000024,0.034524,0.183835
AGTTTGGCCAGACCTA-1,0.000011,0.008084,0.107984,0.000011,0.207568,0.676341
ATAAACGGACCCGTAA-1,0.00001,0.00001,0.143658,0.00001,0.074365,0.781949
ATAAATATTAGCAGCT-1,0.00001,0.02467,0.284135,0.00001,0.595638,0.095537
ATAACGCCGGAGGGTC-1,0.000024,0.254134,0.415257,0.000024,0.190881,0.139679
ATAACGGAGTCCAACG-1,0.000185,0.190992,0.807714,0.000185,0.00037,0.000555
ATAACGTTACCTCCAC-1,0.000068,0.000069,0.033195,0.000069,0.419773,0.546827
ATAAGCAAACACCGAG-1,0.000023,0.341351,0.341936,0.000023,0.069892,0.246776
ATAAGGTGGAGAACAT-1,0.000043,0.099434,0.594302,0.000043,0.29351,0.012667
ATAAGTACCCGATTGT-1,0.000426,0.129517,0.535843,0.000426,0.100538,0.233252
ATAAGTAGGATTCAGA-1,0.000054,0.475596,0.508429,0.000054,0.000107,0.01576
ATAAGTAGGGCGACTC-1,0.000039,0.149952,0.808933,0.000039,0.000078,0.04096
ATAATACCGTTAGCCG-1,0.000038,0.494659,0.505073,0.000038,0.000077,0.000115
ATAATAGCTGTTGAAT-1,0.000015,0.001231,0.239215,0.000015,0.132384,0.627139
ATAATAGTGTAGGGAC-1,0.000039,0.572625,0.005106,0.000039,0.024004,0.398186
ATAATTAGCTAAGTAG-1,0.000009,0.44433,0.129901,0.000009,0.185404,0.240346
ATACCACGGGCAACTT-1,0.000004,0.002945,0.036408,0.000004,0.901105,0.059533
ATACCTAACCAAGAAA-1,0.000018,0.630685,0.046698,0.000018,0.111677,0.210903
ATACGCCGGCGAAACC-1,0.00001,0.052606,0.180037,0.00001,0.633426,0.133911
ATACGGAACGTCGTTT-1,0.000063,0.304961,0.283586,0.000063,0.317737,0.093589
ATACGGGTTTCGATTG-1,0.000006,0.018365,0.027512,0.000006,0.905607,0.048503
ATACGTACTTAGCCAC-1,0.000066,0.614163,0.383611,0.000066,0.001895,0.000199
ATACGTCCACTCCTGT-1,0.00006,0.266113,0.38191,0.00006,0.211019,0.140838
ATACGTTATGCACGGA-1,0.00002,0.264658,0.10597,0.00002,0.079386,0.549947
ATACTAGCATGACCCT-1,0.000043,0.145735,0.294588,0.000043,0.038715,0.520876
ATACTCTCGCCACTCT-1,0.000042,0.112827,0.061527,0.000042,0.000084,0.825477
ATACTGCCTTACACCG-1,0.000943,0.054802,0.938593,0.000944,0.001887,0.002831
ATAGACAACGGGACCT-1,0.000021,0.243418,0.238091,0.000021,0.031208,0.48724
ATAGAGTTATCAACTT-1,0.000054,0.381185,0.50514,0.000054,0.000108,0.113459
ATAGCCTCAGTACCCA-1,0.000031,0.066455,0.518138,0.000031,0.09785,0.317493
ATAGCTGCTCTTGTTA-1,0.003333,0.003334,0.973325,0.003335,0.006668,0.010003
ATAGGAATCTAAGCTT-1,0.000069,0.29389,0.076479,0.000069,0.000137,0.629357
ATAGGCGGCTATAGAA-1,0.000022,0.161253,0.645917,0.000022,0.159101,0.033685
ATAGGCTAGCTTCGCA-1,0.000034,0.350118,0.177904,0.000034,0.011658,0.460251
ATAGGGATATCCTTGA-1,0.000189,0.174818,0.31878,0.000189,0.000378,0.505646
ATAGGTTGGGCAGATG-1,0.000008,0.022894,0.022659,0.000008,0.516699,0.437732
ATAGTTCCACCCACTC-1,0.000072,0.620746,0.378753,0.000072,0.000143,0.000215
ATATAAAGCGCTCGTG-1,0.000069,0.000069,0.593619,0.000069,0.132,0.274174
ATATAAATGTAGCTGC-1,0.000113,0.219517,0.226987,0.000113,0.408284,0.144987
ATATAGAGTATTGGTC-1,0.000064,0.816916,0.000127,0.000064,0.000127,0.182702
ATATCAACCTACAGAG-1,0.000047,0.581352,0.418318,0.000047,0.000094,0.000141
ATATCAATTCCAGCCT-1,0.00007,0.274175,0.330176,0.00007,0.061882,0.333627
ATATCTCCCTCGTTAA-1,0.000039,0.473167,0.489636,0.000039,0.000078,0.037041
ATATCTTAGGGCCTTC-1,0.000035,0.666834,0.04646,0.000035,0.086685,0.199951
ATATGTCTAGAGCGTG-1,0.000021,0.016579,0.370246,0.000021,0.071527,0.541605
ATATGTCTCCCTAGCC-1,0.000035,0.316774,0.223418,0.000035,0.095113,0.364626
ATATGTGCACAAACCA-1,0.000013,0.109099,0.335479,0.015435,0.071138,0.468836
ATATTATCCCGTATTT-1,0.000154,0.126205,0.77716,0.000154,0.053376,0.042952
ATATTCAGTTAAACCT-1,0.000052,0.163712,0.459479,0.000052,0.246228,0.130477
ATATTCCACATAGTGA-1,0.000278,0.280276,0.66279,0.000278,0.055545,0.000834
ATATTCCCACAGGTCA-1,0.000139,0.489157,0.000277,0.000139,0.14143,0.368858
ATATTGCTGTCAAAGT-1,0.000058,0.760047,0.239551,0.000058,0.000115,0.000173
ATCAAACGAAGGTTTG-1,0.000048,0.153125,0.777171,0.000048,0.052613,0.016994
ATCAAAGAGCCGTGGT-1,0.000063,0.422888,0.544581,0.000063,0.00146,0.030945
ATCAATCTGGGCTGCA-1,0.00003,0.312722,0.313261,0.00003,0.235637,0.13832
ATCAATGCCGTGGCTG-1,0.000427,0.257998,0.484664,0.000427,0.000855,0.255629
ATCACATTAGAATATC-1,0.000095,0.000095,0.805039,0.000095,0.071994,0.122682
ATCACGTGCTAATTAA-1,0.000032,0.125936,0.607334,0.000032,0.17602,0.090646
ATCACTTCATCCTCGC-1,0.000241,0.19934,0.798972,0.000241,0.000482,0.000723
ATCAGCCTCATGCTGC-1,0.000641,0.229427,0.766085,0.000641,0.001282,0.001924
ATCAGCTCGTCCACTA-1,0.000026,0.000026,0.361306,0.000026,0.013314,0.625301
ATCAGGTCGCCATTGC-1,0.000045,0.002072,0.734507,0.000045,0.000089,0.263241
ATCAGTAGGCAGGGAT-1,0.000017,0.066016,0.111216,0.000017,0.050361,0.772372
ATCATCCAATATTTGT-1,0.000049,0.400122,0.599538,0.000049,0.000097,0.000146
ATCCAACGCAGTCATA-1,0.00002,0.243916,0.373404,0.000021,0.369433,0.013207
ATCCAATGGAGGGTCC-1,0.000007,0.004772,0.029896,0.000007,0.944884,0.020434
ATCCAATGGTACCGAA-1,0.000025,0.507801,0.102677,0.000025,0.017398,0.372073
ATCCACTTTCAGACTA-1,0.000042,0.528661,0.418806,0.000042,0.000083,0.052367
ATCCCATCCACAGCGC-1,0.000265,0.413586,0.345757,0.000265,0.024113,0.216014
ATCCTGAATCGCTGCG-1,0.000013,0.009096,0.449545,0.000013,0.441964,0.099369
ATCGACCCAATACAGA-1,0.000012,0.255533,0.069932,0.000012,0.043296,0.631214
ATCGACTCTTTCCGTT-1,0.000068,0.379771,0.324526,0.000068,0.033217,0.262349
ATCGCACGATTGTTCA-1,0.000082,0.272538,0.397397,0.000082,0.165608,0.164293
ATCGCACGCCGGGAGA-1,0.000092,0.143486,0.331472,0.000092,0.001541,0.523318
ATCGGAGACAGACGGC-1,0.00006,0.333748,0.647969,0.00006,0.017982,0.000181
ATCGGCAAGCAGTCCA-1,0.000015,0.093987,0.144056,0.000015,0.036276,0.725652
ATCGGTTACCTAGTAA-1,0.000052,0.282768,0.328101,0.000052,0.226994,0.162032
ATCGTATTCCGAGAAC-1,0.000038,0.671541,0.000077,0.000039,0.021193,0.307112
ATCGTCCAATCGAGTC-1,0.005,0.185263,0.010003,0.005002,0.779729,0.015004
ATCGTTCACTTTCGCC-1,0.000065,0.289041,0.617589,0.000065,0.000129,0.093112
ATCTAACGTCCCTATG-1,0.000291,0.368347,0.522672,0.000291,0.107527,0.000872
ATCTAATATCCTACGG-1,0.0001,0.0001,0.969706,0.0001,0.000602,0.02939
ATCTAGCTTGTGAGGG-1,0.000074,0.32408,0.581656,0.000074,0.000149,0.093966
ATCTCCCTGCAATCTA-1,0.000472,0.770764,0.225933,0.000472,0.000944,0.001415
ATCTGATAGTGTCTTA-1,0.014286,0.87139,0.028581,0.01429,0.028582,0.042871
ATCTGCACCTCTGCGA-1,0.000026,0.161573,0.097863,0.117009,0.133023,0.490506
ATCTGGGCTGTTCTTG-1,0.000043,0.223414,0.314552,0.000043,0.062614,0.399335
ATCTGGTTAAGACTGT-1,0.000069,0.000069,0.885415,0.000069,0.079993,0.034386
ATCTGTAATTGTACCC-1,0.000201,0.652261,0.015873,0.000201,0.181372,0.150091
ATCTTAGGGCATTAAT-1,0.000086,0.927765,0.069464,0.000086,0.000173,0.002426
ATGAAGTGGACCCAGC-1,0.000028,0.837064,0.16274,0.000028,0.000056,0.000084
ATGACGCCGGCTCTAA-1,0.000031,0.301023,0.019747,0.000031,0.041784,0.637384
ATGACGCGTTCTATCC-1,0.000093,0.000093,0.999258,0.000093,0.000185,0.000278
ATGACTATGCGACATT-1,0.000025,0.159379,0.722053,0.000025,0.117524,0.000994
ATGAGGAGTGTTAATC-1,0.000029,0.321334,0.559777,0.000029,0.043902,0.074929
ATGCACCTTCCTTAAT-1,0.001961,0.982349,0.003923,0.001961,0.003923,0.005884
ATGCACGCGCTGTTCA-1,0.000023,0.592307,0.019025,0.000023,0.046018,0.342603
ATGCATGATCCAGGAT-1,0.000036,0.066025,0.520982,0.000036,0.261552,0.151369
ATGCCATTTGCGACCA-1,0.000069,0.174451,0.480229,0.00007,0.249843,0.095338
ATGCCGGTCTTGCATA-1,0.000026,0.232006,0.609562,0.000026,0.103957,0.054424
ATGCCGGTTGATGGGA-1,0.00002,0.00002,0.000053,0.00002,0.101529,0.898358
ATGCGACAATTGGTCC-1,0.000017,0.196924,0.357586,0.000017,0.244227,0.20123
