Barcode,Topic 1,Topic 2to4,Topic 5to6,Topic 7to8
AAACAAGTATCTCCCA-1,0.000207,0.050346,0.705939,0.243508
AAACACCAATAACTGC-1,0.001605,0.191614,0.803571,0.003211
AAACAGAGCGACTCCT-1,0.000707,0.33693,0.532855,0.129507
AAACAGTGTTCCTGGG-1,0.005445,0.573664,0.010891,0.41
AAACATGGTGAGAGGA-1,0.000699,0.002098,0.995805,0.001398
AAACATTTCCCGGATT-1,0.000188,0.090182,0.554504,0.355125
AAACCACTACACAGAT-1,0.00202,0.784596,0.209344,0.00404
AAACCCGAACGAAATC-1,0.465077,0.022634,0.510222,0.002067
AAACCGGAAATGTTAA-1,0.000148,0.678568,0.203106,0.118178
AAACCGTTCGTCCAGG-1,0.000149,0.000447,0.813195,0.186209
AAACCTAAGCAGCCGG-1,0.001788,0.09571,0.789416,0.113085
AAACGAAGAACATACC-1,0.000031,0.204953,0.230906,0.56411
AAACGAAGATGGAGTA-1,0.004468,0.013407,0.973188,0.008937
AAACGACAGTCTTGCC-1,0.001545,0.376523,0.258951,0.362981
AAACGAGACGGTTGAT-1,0.000209,0.128599,0.470583,0.40061
AAACGCCCGAGATCGG-1,0.001714,0.303651,0.419958,0.274677
AAACGCTGGGCACGAC-1,0.00026,0.846841,0.049207,0.103691
AAACGGGCGTACGGGT-1,0.000423,0.051001,0.745373,0.203204
AAACGGTTGCGAACTG-1,0.004636,0.27147,0.505482,0.218412
AAACGTGTTCGCCCTA-1,0.004174,0.38811,0.465695,0.142021
AAACTAACGTGGCGAC-1,0.001842,0.042197,0.695965,0.259997
AAACTCGGTTCGCAAT-1,0.00596,0.309236,0.672877,0.011927
AAACTCGTGATATAAG-1,0.000161,0.018183,0.405154,0.576503
AAACTTAATTGCACGC-1,0.002052,0.006159,0.968833,0.022957
AAAGAATGACCTTAGA-1,0.002157,0.006505,0.987021,0.004317
AAAGAATGTGGACTAA-1,0.000319,0.120632,0.87841,0.000639
AAAGACCCAAGTCGCG-1,0.000037,0.794743,0.205148,0.000073
AAAGACTGGGCGCTTT-1,0.000052,0.733457,0.266386,0.000105
AAAGCTTGCCTACATA-1,0.000754,0.002263,0.697939,0.299043
AAAGGCCCTATAATAC-1,0.002275,0.00683,0.801281,0.189614
AAAGGCTACGGACCAT-1,0.003912,0.263685,0.724574,0.007829
AAAGGCTCTCGCGCCG-1,0.000782,0.067677,0.683352,0.248189
AAAGGGATGTAGCAAG-1,0.000185,0.092264,0.649023,0.258528
AAAGGGCAGCTTGAAT-1,0.000054,0.743835,0.256002,0.000109
AAAGGTAAGCTGTACC-1,0.003051,0.009168,0.981671,0.00611
AAAGTAGCATTGCTCA-1,0.000306,0.000918,0.998164,0.000612
AAAGTCACTGATGTAA-1,0.000017,0.943761,0.037559,0.018664
AAAGTGCCATCAATTA-1,0.000148,0.926457,0.03079,0.042605
AAAGTGTGATTTATCT-1,0.000132,0.018165,0.554703,0.427001
AAAGTTGACTCCCGTA-1,0.000306,0.000919,0.647768,0.351007
AAATAACCATACGGGA-1,0.004035,0.012113,0.881541,0.102311
AAATAAGGTAGTGCCC-1,0.000017,0.028778,0.210546,0.760659
AAATACCTATAAGCAT-1,0.000014,0.019669,0.017939,0.962377
AAATAGGGTGCTATTG-1,0.008243,0.000636,0.235541,0.75558
AAATCCGATACACGCC-1,0.000782,0.002348,0.784414,0.212455
AAATCGCGGAAGGAGT-1,0.0009,0.002702,0.994596,0.001801
AAATCTAGCCCTGCTA-1,0.000284,0.290442,0.522975,0.186298
AAATCTGCCCGCGTCC-1,0.002317,0.006959,0.789058,0.201666
AAATGACTGATCAAAC-1,0.00021,0.101215,0.898155,0.00042
AAATGATTCGATCAGC-1,0.010628,0.001716,0.821488,0.166168
AAATGCTCGTTACGTT-1,0.000016,0.959794,0.032231,0.00796
AAATGGCATGTCTTGT-1,0.00029,0.00087,0.578804,0.420037
AAATGGCCCGTGCCCT-1,0.001434,0.049014,0.845517,0.104035
AAATGGTCAATGTGCC-1,0.000154,0.008206,0.740395,0.251245
AAATGTATCTTATCCC-1,0.000178,0.054851,0.535834,0.409137
AAATTAACGGGTAGCT-1,0.167483,0.185947,0.555148,0.091422
AAATTAATAAGCGCGA-1,0.000683,0.536008,0.435327,0.027982
AAATTACACGACTCTG-1,0.003475,0.220511,0.769059,0.006954
AAATTACCTATCGATG-1,0.000517,0.031335,0.789912,0.178236
AAATTGATAGTCCTTT-1,0.00298,0.008944,0.982113,0.005964
AAATTGCGGCGGTTCT-1,0.000105,0.305432,0.580152,0.11431
AAATTGGTGAGAAGCA-1,0.003382,0.010157,0.979691,0.00677
AAATTTACCGAAATCC-1,0.0003,0.635364,0.282715,0.081621
AAATTTGCGGGTGTGG-1,0.000535,0.001605,0.655824,0.342036
AACAACTGGTAGTTGC-1,0.000121,0.222236,0.777399,0.000243
AACAATACATTGTCGA-1,0.002053,0.00616,0.824709,0.167077
AACAATTACTCTACGC-1,0.000123,0.2374,0.762231,0.000246
AACACACGCTCGCCGC-1,0.001026,0.139674,0.649506,0.209795
AACACGACTGTACTGA-1,0.000145,0.000434,0.973364,0.026058
AACACGCGGCCGCGAA-1,0.000043,0.332592,0.580783,0.086582
AACAGCTGTGTGGCAA-1,0.002979,0.22438,0.383083,0.389558
AACAGGAAATCGAATA-1,0.000659,0.001977,0.996046,0.001319
AACAGGATGGGCCGCG-1,0.000108,0.120132,0.879543,0.000217
AACAGGTAGTATGGAT-1,0.000846,0.002538,0.859195,0.137421
AACATAGCGTGTATCG-1,0.001738,0.123706,0.364983,0.509572
AACATATCAACTGGTG-1,0.000079,0.040793,0.517489,0.441639
AACATCGATACGTCTA-1,0.005956,0.246344,0.362624,0.385076
AACATTGAAGTTGATC-1,0.003476,0.65754,0.332026,0.006959
AACATTGGTCAGCCGT-1,0.000311,0.3633,0.605947,0.030442
AACATTGTGACTCGAG-1,0.006586,0.019781,0.960455,0.013178
AACCAAGACTTCTCTG-1,0.001018,0.23278,0.591112,0.175091
AACCAGTATCACTCTT-1,0.000561,0.228851,0.562537,0.208051
AACCATAGGGTTGAAC-1,0.002721,0.008166,0.912502,0.076611
AACCATGGGATCGCTA-1,0.000076,0.022092,0.977679,0.000153
AACCCAGAGACGGAGA-1,0.00074,0.71714,0.273443,0.008677
AACCCATCCCATGATC-1,0.000672,0.002018,0.995963,0.001346
AACCCGACAACCCGTG-1,0.003477,0.247385,0.742183,0.006954
AACCCGAGCAGAATCG-1,0.000113,0.151086,0.806527,0.042274
AACCCGATAGGGCTTC-1,0.001331,0.221362,0.476262,0.301044
AACCCGCTGTATTCCA-1,0.000564,0.374973,0.46479,0.159673
AACCCTACTGTCAATA-1,0.001626,0.173072,0.330319,0.494984
AACCCTGGTGGAACCA-1,0.001253,0.003757,0.871459,0.123531
AACCGAGCTTGGTCAT-1,0.00023,0.000691,0.499005,0.500074
AACCGCTAAGGGATGC-1,0.000396,0.399458,0.576408,0.023737
AACCGTTGTGTTTGCT-1,0.000158,0.416534,0.407272,0.176037
AACCTCGCTTTAGCCC-1,0.000894,0.427232,0.570085,0.001789
AACCTTTAAATACGGT-1,0.000318,0.033301,0.411268,0.555113
AACCTTTACGACGTCT-1,0.002195,0.157907,0.514051,0.325847
AACGAAAGTCGTCCCA-1,0.002555,0.007666,0.705611,0.284168
AACGACCTCCTAGCCG-1,0.000948,0.10642,0.890734,0.001897
AACGATAATGCCGTAG-1,0.000588,0.001764,0.354812,0.642837
AACGATAGAAGGGCCG-1,0.000073,0.466152,0.49851,0.035266
AACGATATGTCAACTG-1,0.000238,0.548232,0.247238,0.204292
AACGCATGATCTGGGT-1,0.002554,0.070852,0.622204,0.30439
AACGCGAACGGCAACA-1,0.000266,0.128258,0.629747,0.241729
AACGCGACCTTGGGCG-1,0.008344,0.274357,0.700612,0.016687
AACGCGGTCTCCAGCC-1,0.000082,0.000246,0.117629,0.882043
AACGCTGTTGCTGAAA-1,0.000533,0.293668,0.433274,0.272526
AACGGACGTACGTATA-1,0.00084,0.002522,0.908913,0.087725
AACGGCCATCTCCGGT-1,0.000177,0.00053,0.44042,0.558873
AACGTACTGTGGGTAC-1,0.000024,0.000072,0.184841,0.815064
AACGTCAGACTAGTGG-1,0.000099,0.635559,0.218088,0.146254
AACGTCATCCGGCTTG-1,0.000455,0.100846,0.232449,0.66625
AACGTCGCTGCACTTC-1,0.000167,0.821721,0.154914,0.023199
AACGTGATGAAGGACA-1,0.002782,0.008349,0.9833,0.005569
AACGTGCGAAAGTCTC-1,0.000122,0.000367,0.759568,0.239942
AACGTTATCAGCACCT-1,0.000106,0.192458,0.807223,0.000213
AACGTTCTACCATTGT-1,0.000243,0.589687,0.258094,0.151977
AACTACCCGTTTGTCA-1,0.00236,0.167301,0.167517,0.662822
AACTAGCGTATCGCAC-1,0.000489,0.389368,0.513526,0.096617
AACTAGGCTTGGGTGT-1,0.001926,0.08359,0.747264,0.16722
AACTCCAGAGCGTGTT-1,0.000626,0.001878,0.671388,0.326108
AACTCCTAATCCCATG-1,0.001304,0.182828,0.253131,0.562738
AACTCGATAAACACGT-1,0.000118,0.355601,0.575338,0.068943
AACTCGATGGCGCAGT-1,0.001956,0.491961,0.496637,0.009446
AACTCTCAGTGTGCTC-1,0.00061,0.001833,0.996335,0.001222
AACTGAGGTCAGCGTC-1,0.004469,0.013423,0.780505,0.201603
AACTGAGTTATACTGA-1,0.08707,0.432056,0.243709,0.237165
AACTGATATTAGGCCT-1,0.000515,0.173648,0.151224,0.674612
AACTGGGTCCCGACGT-1,0.000076,0.042515,0.502802,0.454606
AACTGGGTTCGAGCCG-1,0.001375,0.354768,0.445632,0.198224
AACTGGTGTGGGCCTT-1,0.000027,0.859043,0.126251,0.014679
AACTTCTGCGTCTATC-1,0.000081,0.210551,0.789207,0.000162
AACTTGCCCGTATGCA-1,0.000644,0.940722,0.000055,0.058579
AACTTGCGTTCTCGCG-1,0.000013,0.370338,0.000026,0.629623
AACTTTACGGGAGCTT-1,0.000223,0.00067,0.998661,0.000447
AACTTTAGCTGCTGAG-1,0.000131,0.294196,0.680834,0.02484
AACTTTCTCGATCATG-1,0.000476,0.082847,0.136745,0.779931
AAGAAAGTTTGATGGG-1,0.000914,0.190785,0.806473,0.001828
AAGAAATCACCAGATT-1,0.000427,0.001282,0.500119,0.498172
AAGAAGGATCAGTTAG-1,0.000048,0.688184,0.311671,0.000097
AAGACATACGTGGTTT-1,0.000251,0.000753,0.927467,0.071529
AAGACCAAATAACTCA-1,0.000823,0.216083,0.781447,0.001647
AAGACCCAACTGAACA-1,0.046006,0.010149,0.810569,0.133276
AAGACTAACCCGTTGT-1,0.001814,0.254869,0.560672,0.182644
AAGACTCACGCCCACT-1,0.001192,0.161732,0.742624,0.094452
AAGACTGCAAGCTACT-1,0.000076,0.035466,0.548721,0.415737
AAGAGATGAATCGGTA-1,0.000035,0.873752,0.11484,0.011373
AAGAGCTCTTTATCGG-1,0.0002,0.11155,0.695999,0.192251
AAGAGGCATGGATCGC-1,0.000635,0.001907,0.73524,0.262218
AAGAGGCCCTTTGGAA-1,0.000215,0.02762,0.300142,0.672023
AAGATGGCACCGGACC-1,0.002318,0.006956,0.809008,0.181719
AAGATTGGCGGAACGT-1,0.00026,0.14722,0.634654,0.217866
AAGCACCCTGCGTATC-1,0.001073,0.003212,0.697254,0.298461
AAGCATACTCTCCTGA-1,0.000128,0.115162,0.435612,0.449098
AAGCCACTTGCAGGTA-1,0.042038,0.124568,0.832453,0.000941
AAGCCGAAGCGGTTTA-1,0.000183,0.000548,0.472193,0.527076
AAGCCGCCGTGAAATC-1,0.003131,0.009394,0.630347,0.357127
AAGCCGCTTTACCTTG-1,0.007357,0.223244,0.754666,0.014732
AAGCCGGAGAGCAGGA-1,0.00048,0.32406,0.6745,0.00096
AAGCGCAGGGCTTTGA-1,0.001787,0.460159,0.534476,0.003578
AAGCGGAGTGCGCGCA-1,0.00184,0.186294,0.717419,0.094447
AAGCGGCGTCATGGGT-1,0.001181,0.601161,0.395296,0.002362
AAGCGTCCCTCATCGA-1,0.001815,0.005445,0.989111,0.003629
AAGCTAGATCGAGTAA-1,0.000031,0.000092,0.407569,0.592309
AAGCTCGTGCCAAGTC-1,0.00423,0.00064,0.562898,0.432232
AAGCTCTTTCATGGTG-1,0.002608,0.225939,0.680446,0.091007
AAGGAGAACTTATAAG-1,0.000503,0.243574,0.615034,0.14089
AAGGAGCGGTTGGTGC-1,0.000171,0.279174,0.720313,0.000342
AAGGATGAGGGACCTC-1,0.000813,0.250472,0.646633,0.102083
AAGGCAGGCTGTCTCC-1,0.021991,0.130916,0.473754,0.37334
AAGGCGCGTAAAGCTT-1,0.000041,0.885425,0.102039,0.012494
AAGGCTGTGCTCATCG-1,0.000112,0.660004,0.33966,0.000224
AAGGGAACGACTGGCT-1,0.003383,0.010153,0.979695,0.006769
AAGGGACAGATTCTGT-1,0.000447,0.001342,0.796103,0.202108
AAGGGACTATGCATTC-1,0.006258,0.577841,0.403384,0.012517
AAGGGTTAGCCATGCG-1,0.000484,0.001451,0.624175,0.373891
AAGGGTTTGATTTCAG-1,0.000986,0.311979,0.685064,0.001972
AAGGTATCCTAATATA-1,0.000719,0.058979,0.70139,0.238911
AAGGTGATAAACCAGC-1,0.000358,0.014285,0.740954,0.244404
AAGTAGAAGACCGGGT-1,0.001578,0.199528,0.772427,0.026467
AAGTAGTGACGCGAGG-1,0.000262,0.084478,0.914735,0.000525
AAGTCAATTGTCGTCA-1,0.011458,0.000477,0.496263,0.491802
AAGTCTAGTAGCTGCC-1,0.000574,0.106673,0.504148,0.388605
AAGTGAGTCGGGTTTA-1,0.006256,0.018781,0.603428,0.371535
AAGTGCAAAGGTAGAC-1,0.00008,0.56667,0.415389,0.017861
AAGTGCCTTGACTGTA-1,0.013049,0.000226,0.466043,0.520682
AAGTGCGTTAGAATCT-1,0.000413,0.00124,0.75931,0.239037
AAGTGCTTCTCTATTG-1,0.013893,0.04169,0.916598,0.027819
AAGTGTTTGGAGACGG-1,0.001046,0.003131,0.701542,0.294281
AAGTTCACTCCAAGCT-1,0.001129,0.069727,0.833981,0.095163
AAGTTCAGTCTGCGTA-1,0.000472,0.055996,0.000945,0.942586
AAGTTGTGATGTTATA-1,0.000501,0.001503,0.996995,0.001002
AAGTTTACTAATGGCA-1,0.000529,0.921934,0.059921,0.017616
AAGTTTATGGGCCCAA-1,0.004315,0.012952,0.625167,0.357566
AATAACAACGCTCGGC-1,0.00117,0.419581,0.576908,0.002341
AATAACACTAGAACAA-1,0.000254,0.000762,0.870696,0.128288
AATAACGTCGCGCCCA-1,0.000401,0.629379,0.369417,0.000803
AATAAGTCCTCGAGAC-1,0.000559,0.200839,0.797484,0.001118
AATAATCTTCGTATCG-1,0.000253,0.512111,0.395926,0.09171
AATACAATGTTTCAGG-1,0.000056,0.800174,0.199658,0.000112
AATACCGGAGGGCTGT-1,0.003129,0.009389,0.14852,0.838962
AATACCTGATGTGAAC-1,0.001051,0.003157,0.993687,0.002105
AATAGAACAGAGTGGC-1,0.000554,0.130171,0.370265,0.49901
AATAGAATCTGTTTCA-1,0.000588,0.086559,0.550351,0.362502
AATAGCAAGCCTCCTG-1,0.000829,0.037726,0.522052,0.439393
AATAGCTACCGCGTGC-1,0.002503,0.269212,0.627266,0.101019
AATAGTCCGTCCCGAC-1,0.000455,0.001366,0.000911,0.997268
AATAGTCGCGAGTCGG-1,0.000132,0.104911,0.894694,0.000263
AATATCAAGGTCGGAT-1,0.000034,0.810754,0.178712,0.0105
AATATCGAATCAATGC-1,0.001841,0.005523,0.875582,0.117054
AATATCGAGGGTTCTC-1,0.002168,0.010524,0.510904,0.476404
AATATTGGAGTATTGA-1,0.001814,0.191724,0.689458,0.117004
AATCAGACTGCAGGAC-1,0.000245,0.037876,0.432043,0.529836
AATCAGGTTTCATTTA-1,0.005006,0.309107,0.675863,0.010024
AATCATGTAAAGACTC-1,0.00039,0.244908,0.543074,0.211627
AATCCAAGGGCCTGAG-1,0.000048,0.606504,0.235516,0.157931
AATCCATGCAAGGGTG-1,0.000081,0.027725,0.643522,0.328673
AATCCCGCTCAGAGCC-1,0.000433,0.242686,0.756015,0.000867
AATCGAGGTCTCAAGG-1,0.00015,0.057205,0.730543,0.212102
AATCGCGCAGAGGACT-1,0.001203,0.084747,0.911641,0.002409
AATCGGGACACTACGA-1,0.000077,0.545212,0.454556,0.000155
AATCGGTATAGCCCTC-1,0.000327,0.163169,0.83585,0.000654
AATCGTGAGCCGAGCA-1,0.002407,0.007223,0.78842,0.20195
AATCTAGGTTTACTTG-1,0.00149,0.254864,0.631941,0.111705
AATCTATGCCGGAGCC-1,0.000043,0.000129,0.301224,0.698604
AATCTGCGTTGGGACG-1,0.000229,0.044877,0.163647,0.791247
AATCTGGCTTTCTAGT-1,0.002361,0.007089,0.985824,0.004726
AATCTGGGTAGACCCT-1,0.000121,0.374434,0.581096,0.044349
AATGACAGCAATGTCT-1,0.00058,0.001739,0.849861,0.147819
AATGACTGTCAGCCGG-1,0.000036,0.926277,0.061369,0.012318
AATGAGTTCGCATATG-1,0.000069,0.397197,0.602595,0.000139
AATGATGATACGCTAT-1,0.000948,0.002846,0.78072,0.215486
AATGATGCGACTCCTG-1,0.004815,0.054444,0.381179,0.559562
AATGCAACCGGGTACC-1,0.000124,0.317349,0.618222,0.064304
AATGCACCAAGCAATG-1,0.000759,0.276889,0.612433,0.10992
AATGGCCGCCAATGCG-1,0.002553,0.007668,0.788199,0.20158
AATGGTCCACCGTTCA-1,0.000086,0.275158,0.680924,0.043831
AATGGTTCTCACAAGC-1,0.000125,0.302148,0.697479,0.000249
AATGTATGGCACTGTA-1,0.002723,0.008172,0.791507,0.197599
AATGTGCCCGAGGTGT-1,0.002276,0.006831,0.986341,0.004553
AATGTGCTAATCTGAG-1,0.00596,0.017894,0.57348,0.402666
AATGTTAAGACCCTGA-1,0.003793,0.287569,0.605051,0.103587
AATGTTGTCGTGAGAC-1,0.000218,0.190507,0.725029,0.084246
AATTAACGGATTTCCA-1,0.001986,0.163108,0.17653,0.658375
AATTACGAGACCCATC-1,0.003792,0.011382,0.977237,0.007588
AATTACTCGTACGCTC-1,0.00018,0.645647,0.231227,0.122947
AATTAGCGCTGCAGCG-1,0.001516,0.0263,0.183871,0.788313
AATTATACCCAGCAAG-1,0.000813,0.093845,0.504385,0.400957
AATTCATAAGGGATCT-1,0.000384,0.089722,0.339211,0.570683
AATTCATTGTCATGCA-1,0.005214,0.015658,0.968686,0.010442
AATTCCAACTTGGTGA-1,0.001691,0.621576,0.321944,0.054788
AATTCCAAGCATGTAC-1,0.008937,0.026824,0.526143,0.438095
AATTCGATTCGAGGAT-1,0.005214,0.678251,0.010438,0.306097
AATTCTAGAGTTAGGC-1,0.000431,0.037032,0.040634,0.921904
AATTGAACGCTCTGGT-1,0.00032,0.12062,0.844766,0.034294
AATTGCAGCAATCGAC-1,0.000818,0.43651,0.364072,0.198599
AATTGCGTGGATTACA-1,0.005956,0.017886,0.646252,0.329906
AATTGTGGTTGCCAAA-1,0.000349,0.1241,0.805545,0.070006
AATTTGGGACATAGTA-1,0.006257,0.018787,0.962429,0.012528
AATTTGGTTCCAAAGA-1,0.000031,0.028898,0.890655,0.080415
ACAAACCATGCGTCCT-1,0.002663,0.328268,0.663741,0.005329
ACAAACTCCATCAGAG-1,0.003051,0.311554,0.679287,0.006107
ACAAAGCATGACCTAG-1,0.000182,0.156867,0.709568,0.133383
ACAAATCGCACCGAAT-1,0.000829,0.055634,0.336977,0.60656
ACAAATGGTAGTGTTT-1,0.000212,0.07739,0.482858,0.43954
ACAAATTCAGATCTGA-1,0.000258,0.046926,0.952299,0.000516
ACAACAGCATGAGCTA-1,0.000149,0.015449,0.63511,0.349292
ACAACGGTCCCTGCGA-1,0.000154,0.056295,0.943243,0.000308
ACAAGCAGTGCCTAGC-1,0.000117,0.162746,0.836903,0.000234
ACAAGGAAATCCGCCC-1,0.000426,0.001278,0.735733,0.262564
ACAAGGACAAGAGGTT-1,0.000126,0.000378,0.999245,0.000252
ACAAGGATGCTTTAGG-1,0.000591,0.077098,0.692138,0.230173
ACAAGGCCTACCAGCC-1,0.003476,0.382146,0.607422,0.006956
ACAATCCATTTAAACC-1,0.025697,0.462297,0.50975,0.002256
ACAATCGATCTTTATA-1,0.000435,0.202093,0.637336,0.160136
ACAATGAATACGGAGA-1,0.001277,0.003833,0.414628,0.580262
ACAATGATTCTTCTAC-1,0.000818,0.002455,0.101681,0.895046
ACAATTGTGTCTCTTT-1,0.001118,0.575542,0.168109,0.255231
ACAATTTAGGAGGCTC-1,0.000185,0.020109,0.937757,0.041949
ACAATTTGAGCAGTGG-1,0.001626,0.004878,0.846232,0.147264
ACAATTTGGCCATATT-1,0.000459,0.001376,0.735461,0.262704
ACACAAAGACGGGTGG-1,0.000092,0.269443,0.730281,0.000184
ACACAAATATTCCTAG-1,0.002276,0.283331,0.598675,0.115719
ACACACCAGGACCAGT-1,0.000274,0.068675,0.666059,0.264992
ACACACTTTCTACACG-1,0.000242,0.03885,0.828632,0.132276
ACACATGATCAAATCT-1,0.002553,0.007666,0.984672,0.005109
ACACATTGACGCAACA-1,0.000284,0.168685,0.710812,0.12022
ACACATTTCCGTAGAC-1,0.000378,0.806305,0.119803,0.073514
ACACCACATAATTAGC-1,0.003821,0.025111,0.407537,0.563531
ACACCCAGCATGCAGC-1,0.000062,0.29566,0.538798,0.165481
ACACCCGAGAAATCCG-1,0.000084,0.243984,0.755764,0.000168
ACACCGAGCGCTCTTT-1,0.000131,0.121051,0.862906,0.015912
ACACCGGTCTGACCGC-1,0.002847,0.283471,0.707991,0.005692
ACACCTTAAGTAGGGC-1,0.000144,0.260335,0.739232,0.000289
ACACCTTACTACTTGC-1,0.000963,0.00289,0.535737,0.460411
ACACGAGACTCCTTCT-1,0.000187,0.00056,0.533959,0.465294
ACACGGCACTATGCAT-1,0.000935,0.377532,0.521979,0.099554
ACACGGGAACTTAGGG-1,0.000813,0.055392,0.748702,0.195093
ACACGTAGGCCACAAG-1,0.000119,0.033571,0.036534,0.929777
ACACTCCAATGTCACT-1,0.000431,0.965357,0.023776,0.010436
ACACTGATCAAGGTGT-1,0.000429,0.143945,0.365144,0.490483
ACACTGGGACAGTCGT-1,0.000076,0.579173,0.4206,0.000152
ACAGAACTGAGAACAA-1,0.000265,0.000794,0.899472,0.099469
ACAGATTAGGTTAGTG-1,0.00007,0.4705,0.503167,0.026263
ACAGCATAGAGCCAGT-1,0.000137,0.01898,0.84294,0.137943
ACAGCGACATTCTCAT-1,0.000135,0.000404,0.195216,0.804246
ACAGCGCACCCGCAGC-1,0.001763,0.005292,0.719332,0.273613
ACAGGAGGCGCAGCCG-1,0.004171,0.012523,0.767558,0.215748
ACAGGCACGGATCCTT-1,0.002196,0.006594,0.689911,0.301299
ACAGGCTTGCCCGACT-1,0.002607,0.007825,0.557723,0.431845
ACAGGTGGAGGTGAGG-1,0.000026,0.00363,0.068168,0.928176
ACAGTATACCGTGGGA-1,0.003912,0.011741,0.203705,0.780643
ACATAAGTCGTGGTGA-1,0.000452,0.001356,0.67028,0.327912
ACATAATAAGGCGGTG-1,0.000087,0.000261,0.680664,0.318987
ACATACAATCAAGCGG-1,0.000292,0.653128,0.074813,0.271767
ACATCAGCTGGGACGC-1,0.000059,0.696162,0.303662,0.000117
ACATCCCGGCCATACG-1,0.000081,0.000243,0.166369,0.833307
ACATCCTGGTAACTGT-1,0.011509,0.003795,0.502023,0.482673
ACATCGTATGCAATGG-1,0.000635,0.182155,0.33687,0.480339
ACATCGTTAACCTAGT-1,0.000649,0.273039,0.725015,0.001298
ACATCTCAACGCGTAA-1,0.000948,0.148648,0.313763,0.536641
ACATGCTTACGGCAGC-1,0.001669,0.279768,0.662989,0.055573
ACATGGCGCCAAAGTA-1,0.001159,0.003477,0.401024,0.59434
ACATGGCTCAATTTAG-1,0.001223,0.031505,0.159868,0.807404
ACATTAGTTTATATCC-1,0.000053,0.00252,0.180755,0.816672
ACATTCGCGCGGAATA-1,0.002979,0.008948,0.893635,0.094438
ACATTTGAAACCTAAC-1,0.000237,0.578141,0.180416,0.241207
ACCAAACACCCAGCGA-1,0.00417,0.470455,0.381747,0.143628
ACCAAACTAGAAATCC-1,0.003732,0.19976,0.510961,0.285547
ACCAACACCACACACT-1,0.001763,0.10395,0.765548,0.12874
ACCAACCGCACTCCAC-1,0.001264,0.003796,0.658418,0.336523
ACCAACGCTTATTTAT-1,0.000246,0.046289,0.590564,0.3629
ACCAAGAACGCGTGTC-1,0.001658,0.998283,0.00003,0.00003
ACCAAGTCATCGGCAG-1,0.000369,0.001108,0.997784,0.000739
ACCAATATGCAAGTTA-1,0.000582,0.001766,0.9197,0.077952
ACCACAACTCAGAACA-1,0.003127,0.009391,0.618223,0.369259
ACCACAAGTTTCTATC-1,0.000047,0.503269,0.183508,0.313176
ACCACACGGTTGATGG-1,0.000585,0.897048,0.101197,0.001171
ACCACCAATGTAACAA-1,0.00021,0.00063,0.274317,0.724843
ACCACCCTCTCTTCTA-1,0.00029,0.046294,0.431855,0.521561
ACCACGTGCAGCTATA-1,0.003768,0.032293,0.5902,0.373739
ACCACTGTTCAAGAAG-1,0.000219,0.094091,0.086549,0.819141
ACCAGCCCGGTCTTTG-1,0.001925,0.00578,0.869191,0.123104
ACCAGTGCCCGGTCAA-1,0.001762,0.005292,0.897131,0.095815
ACCAGTGCGGGAGACG-1,0.001026,0.003079,0.81014,0.185756
ACCATATCCGCAATAA-1,0.000763,0.118272,0.445191,0.435773
ACCATTAAGGGTGTCA-1,0.000164,0.018384,0.981123,0.000329
ACCCAACGCCCGTGGC-1,0.001472,0.004419,0.722468,0.271641
ACCCACCTACATGCTC-1,0.000101,0.368242,0.629616,0.002041
ACCCATCTTGAGGGTA-1,0.001345,0.074877,0.72646,0.197318
ACCCATTTGTCCCTCT-1,0.002121,0.006367,0.670404,0.321109
ACCCGAGCGAAATTAC-1,0.002663,0.007992,0.821111,0.168234
ACCCGATTGGTTCCGA-1,0.008936,0.026813,0.946358,0.017893
ACCCGGAAACTCCCAG-1,0.000303,0.083402,0.494051,0.422244
ACCCGGAGCACCACAA-1,0.00048,0.00144,0.997121,0.00096
ACCCGTAGCAGAGAAT-1,0.003128,0.219702,0.770909,0.006261
ACCCGTAGTCTAGTTG-1,0.000038,0.985147,0.000076,0.01474
ACCCGTGTCATCAGTA-1,0.002556,0.169234,0.823098,0.005112
ACCCTATAGGACTGAG-1,0.000124,0.321899,0.677731,0.000247
ACCCTATGCCATATCG-1,0.005965,0.017888,0.964224,0.011923
ACCCTCCCGTCAGGGC-1,0.002235,0.784371,0.208918,0.004476
ACCCTCCCTTGCTATT-1,0.000635,0.086913,0.642759,0.269692
ACCCTGGTAACGCCCT-1,0.001117,0.112013,0.433305,0.453564
ACCCTTCATCTGCGAA-1,0.00084,0.002521,0.994957,0.001681
ACCCTTGCCTGGGTCG-1,0.002319,0.227821,0.765221,0.004639
ACCCTTTAGTTCTCCA-1,0.00447,0.013414,0.525454,0.456662
ACCGAAAGGGCCCTGC-1,0.003702,0.13219,0.852706,0.011402
ACCGAAGAGTCTGGTT-1,0.001564,0.004694,0.990611,0.003131
ACCGACACATCTCCCA-1,0.003209,0.316804,0.673564,0.006424
ACCGACTGAGTCCCAC-1,0.000298,0.048429,0.810242,0.141031
ACCGAGTCTCCTTATT-1,0.002235,0.141854,0.851438,0.004473
ACCGATAGGCATAACC-1,0.000243,0.042477,0.863068,0.094212
ACCGATATTTAATCAT-1,0.000132,0.877378,0.083943,0.038546
ACCGCAATAACTGCCT-1,0.001251,0.003757,0.750411,0.24458
ACCGCGGTGGAAGTCG-1,0.00011,0.026378,0.762208,0.211303
ACCGCTAGTCATTGGT-1,0.001277,0.003833,0.917932,0.076958
ACCGGGCCTTTGTTGA-1,0.00024,0.055244,0.678103,0.266413
ACCGGTCAGGTACACC-1,0.000736,0.00221,0.603113,0.393941
ACCGGTCTGAGTACGG-1,0.002844,0.331963,0.6595,0.005693
ACCGTCCACTGGGCCC-1,0.001376,0.464126,0.531745,0.002753
ACCGTGACCACGTGGG-1,0.000556,0.088544,0.355203,0.555697
ACCGTTCCCGCTCTGA-1,0.000103,0.186701,0.73631,0.076886
ACCTAAGTACCTTTCA-1,0.007635,0.000526,0.946604,0.045235
ACCTAATCGACTTCCT-1,0.000178,0.028161,0.762805,0.208856
ACCTACAGTATGTGGT-1,0.001127,0.003385,0.678264,0.317224
ACCTACTATAAATCTA-1,0.003576,0.010737,0.823659,0.162028
ACCTCAGCGAGGCGCA-1,0.000421,0.001265,0.728466,0.269848
ACCTCCGCCCTCGCTG-1,0.000513,0.111575,0.592467,0.295445
ACCTCGAACTTATGCT-1,0.003053,0.009159,0.981678,0.006109
ACGAAATGGGCGGCAC-1,0.000053,0.512982,0.438431,0.048534
ACGACCCATGAGTTGC-1,0.000176,0.899605,0.070975,0.029245
ACGACTCTAGGGCCGA-1,0.001088,0.053041,0.693993,0.251877
ACGACTGGTCATACTC-1,0.010427,0.031298,0.937403,0.020873
ACGAGAACCCATCACG-1,0.000034,0.40828,0.202766,0.388919
ACGAGATATTTGCTTA-1,0.000582,0.42842,0.395132,0.175866
ACGAGGATACCACTCT-1,0.013207,0.165361,0.573987,0.247446
ACGAGGTTTACAACGT-1,0.00291,0.008734,0.982533,0.005822
ACGAGTACGGATGCCC-1,0.001193,0.000192,0.2445,0.754115
ACGAGTCGCCGGCGTT-1,0.000076,0.597063,0.392028,0.010833
ACGATACATAGAACTA-1,0.00046,0.240611,0.64893,0.109999
ACGATACCTATCCTGA-1,0.000131,0.035416,0.964192,0.000261
ACGATCATACATAGAG-1,0.000457,0.227639,0.691301,0.080604
ACGATGCATATGTTAT-1,0.001391,0.181665,0.709746,0.107198
ACGATGGATCCGATGC-1,0.001472,0.004419,0.794723,0.199386
ACGCAAACTAATAGAT-1,0.003385,0.421939,0.567907,0.00677
ACGCAATCACTACAGC-1,0.000016,0.008748,0.036735,0.954502
ACGCATAAATGACATG-1,0.001239,0.157184,0.419409,0.422168
ACGCATACGTTTACTA-1,0.000113,0.000339,0.335879,0.663669
ACGCATTCGTGAGTAC-1,0.129822,0.002703,0.81523,0.052246
ACGCCACTCGAAACAG-1,0.000288,0.171568,0.797488,0.030656
ACGCCAGATGATTTCT-1,0.000507,0.001521,0.91964,0.078332
ACGCCAGTGCGTTTGC-1,0.000377,0.512016,0.323733,0.163873
ACGCCCAGCTGTCGAT-1,0.000802,0.328656,0.481547,0.188994
ACGCGAAGTCAGACGA-1,0.000045,0.000135,0.339555,0.660265
ACGCGGGCCAAGGACA-1,0.443305,0.000515,0.323919,0.232262
ACGCGTTTCTTAAGAG-1,0.000137,0.000411,0.999178,0.000274
ACGCTACTGAATGGGC-1,0.000547,0.339653,0.658706,0.001094
ACGCTAGTGATACACT-1,0.000059,0.043987,0.219435,0.73652
ACGCTTAGTGTCTCTC-1,0.003293,0.228347,0.761771,0.006589
ACGGAACACGAGTGCC-1,0.000526,0.001578,0.996844,0.001052
ACGGAATTTAGCAAAT-1,0.000076,0.360453,0.615902,0.023568
ACGGACGCAGCGACAA-1,0.001787,0.171183,0.823452,0.003577
ACGGACTCTCAAAGCG-1,0.002195,0.226842,0.493322,0.277641
ACGGAGCGCAAATTAC-1,0.004813,0.446116,0.539434,0.009637
ACGGATGGTGCGGATA-1,0.000745,0.087469,0.618874,0.292913
ACGGCACTTGCTTGGG-1,0.000041,0.000122,0.050223,0.949614
ACGGCCAACATGGACT-1,0.000101,0.147568,0.480723,0.371608
ACGGCGACGATGGGAA-1,0.000186,0.000559,0.34687,0.652384
ACGGCGGGTTGCCCTG-1,0.002525,0.103706,0.893541,0.000229
ACGGCTGGATGTAGAA-1,0.000511,0.193824,0.804643,0.001022
ACGGGCGTATGCGACA-1,0.000132,0.057185,0.516396,0.426287
ACGGGTCATGTGACTT-1,0.0002,0.211901,0.305692,0.482207
ACGGGTTGTGACCTGT-1,0.004318,0.209265,0.441335,0.345082
ACGGTACAGTTCAATG-1,0.000813,0.076733,0.577391,0.345063
ACGGTCACCGAGAACA-1,0.002914,0.270763,0.720498,0.005825
ACGTACAGATTTCTCT-1,0.000155,0.000466,0.863864,0.135515
ACGTACTTTGGCACGG-1,0.005439,0.418681,0.564997,0.010883
ACGTAGATTGCTGATG-1,0.000347,0.039944,0.659408,0.300302
ACGTAGGAGAGTCGCT-1,0.000206,0.123665,0.78564,0.090489
ACGTATTACTCCGATC-1,0.000424,0.067662,0.429495,0.502419
ACGTCGGGCAACTCGG-1,0.007361,0.022102,0.713831,0.256707
ACGTGACAAAGTAAGT-1,0.000703,0.063409,0.573665,0.362222
ACGTGCGCCTCGTGCA-1,0.000217,0.226495,0.772855,0.000433
ACGTGGTCGAATGTGC-1,0.01138,0.001356,0.659017,0.328247
ACGTTAATGTCGAAGA-1,0.000691,0.002075,0.54158,0.455653
ACGTTATTGGTCACTC-1,0.000156,0.000468,0.999064,0.000312
ACGTTCACTATGCCGC-1,0.008342,0.958259,0.016705,0.016694
ACGTTCCGCGCTCCGT-1,0.000029,0.930503,0.06941,0.000058
ACGTTCGTTCAGGAAA-1,0.002319,0.332579,0.556669,0.108434
ACGTTCTGTACAAGTC-1,0.002318,0.400874,0.446197,0.150611
ACGTTGTCGTTGAAAG-1,0.000192,0.134878,0.864547,0.000383
ACGTTTAGTTGTGATC-1,0.000377,0.093747,0.783429,0.122447
ACGTTTCGGTGCACTT-1,0.000941,0.329149,0.668026,0.001884
ACTAAGGACGCACACC-1,0.001814,0.187225,0.560564,0.250397
ACTAATACGTCAGGCG-1,0.000652,0.236285,0.761759,0.001304
ACTACAAAGAGAGGTG-1,0.000234,0.03543,0.904127,0.060208
ACTACATCCCGACAAG-1,0.001444,0.004318,0.857408,0.13683
ACTACCAGCTCTCTGG-1,0.000147,0.569264,0.401041,0.029548
ACTACCATCCGAGGGC-1,0.002158,0.006476,0.864167,0.127199
ACTACGCGTTAGAATT-1,0.004816,0.014448,0.56649,0.414246
ACTAGTTGCGATCGTC-1,0.000143,0.00043,0.531252,0.468174
ACTATATGCTGTGTTC-1,0.004172,0.201057,0.317789,0.476982
ACTATCGCCGGCTAAA-1,0.000283,0.090709,0.244569,0.664439
ACTATCTGCCCGCGTA-1,0.000163,0.000488,0.999023,0.000326
ACTATGTCCAGCTGCC-1,0.002454,0.007369,0.985266,0.004912
ACTATTCGTCCGTGGT-1,0.00184,0.120625,0.797985,0.079549
ACTATTTCCGGGCCCA-1,0.003132,0.113667,0.800812,0.08239
ACTCAACGAATGTATT-1,0.000041,0.574741,0.341041,0.084178
ACTCAAGTGCAAGGCT-1,0.001332,0.496104,0.295982,0.206583
ACTCAATAAAGGCACG-1,0.000249,0.000747,0.716907,0.282097
ACTCAGACCTGCTTCT-1,0.000016,0.999922,0.000031,0.000031
ACTCATGGCAGCCTTC-1,0.008341,0.025059,0.949903,0.016697
ACTCCAATATCATCAT-1,0.00278,0.008348,0.983304,0.005567
ACTCCCGAATTCGTTT-1,0.000565,0.152596,0.323296,0.523543
ACTCCCGTAGACTAGG-1,0.001604,0.004817,0.335341,0.658237
ACTCCCTAATGCTAAA-1,0.000395,0.12238,0.00079,0.876436
ACTCCCTAGAATAGTA-1,0.000024,0.000073,0.000543,0.99936
ACTCCGGCCGACCACT-1,0.002453,0.007368,0.848643,0.141537
ACTCGATGTATTTCAT-1,0.000131,0.08792,0.911688,0.000261
ACTCGCCGTTCGATAA-1,0.000291,0.098063,0.798895,0.102751
ACTCGCGATCTGACGC-1,0.00272,0.008166,0.983669,0.005445
ACTCGTAACCCGTCCT-1,0.000463,0.001391,0.962698,0.035447
ACTCGTCAGTAATCCC-1,0.000417,0.025761,0.603404,0.370418
ACTCTAAACCTGGGAT-1,0.00013,0.150685,0.778471,0.070714
ACTCTCTTATACACGA-1,0.003476,0.260938,0.512217,0.223369
ACTCTGACCTAATAGA-1,0.00074,0.002223,0.363002,0.634035
ACTCTTGTATAGTAAC-1,0.002947,0.000473,0.578372,0.418209
ACTGAAACGCCGTTAG-1,0.00149,0.004473,0.991055,0.002982
ACTGAATGGCGAAAGT-1,0.001239,0.194361,0.801919,0.002481
ACTGATTTAGTGATTC-1,0.00278,0.18436,0.80729,0.00557
ACTGCCCGCCATTCTC-1,0.010425,0.0313,0.402216,0.556059
ACTGCCGTCGTAACTC-1,0.000274,0.000822,0.868958,0.129946
ACTGCTCGGAAGGATG-1,0.002275,0.006827,0.930236,0.060661
ACTGGCGAACCTGCGT-1,0.002554,0.007667,0.59136,0.39842
ACTGGGATGCCAGTGC-1,0.00358,0.70698,0.007158,0.282283
ACTGTACGATACACAT-1,0.000166,0.031476,0.425855,0.542502
ACTGTAGCACTTTGGA-1,0.000123,0.647447,0.340518,0.011912
ACTGTATACGCGAGCA-1,0.000076,0.547752,0.452021,0.000152
ACTGTCCAGGATTATA-1,0.003229,0.000589,0.826213,0.169969
ACTGTCTTCTTTAGAA-1,0.000329,0.048366,0.580649,0.370656
ACTGTGCTAGTAGATC-1,0.000078,0.719243,0.280522,0.000156
ACTGTTTAGTGTAGGC-1,0.000759,0.138675,0.71553,0.145036
ACTTACCGGGCGCGCA-1,0.001868,0.163712,0.830681,0.003739
ACTTACGCATCCACGC-1,0.028428,0.224182,0.486366,0.261024
ACTTAGTACGACAAGA-1,0.000048,0.629983,0.345409,0.02456
ACTTATTAGGATCGGT-1,0.019178,0.18932,0.348961,0.442541
ACTTATTTATGTGCCA-1,0.000528,0.053198,0.498453,0.447821
ACTTCAGGCTGATCCC-1,0.000659,0.117931,0.621028,0.260382
ACTTCCAGTGGAAGCT-1,0.002407,0.148783,0.654692,0.194118
ACTTCCATGCGGGACA-1,0.001109,0.080098,0.566324,0.352469
ACTTCGCCATACGCAC-1,0.001738,0.177356,0.540072,0.280833
ACTTCGCTAGCGAGTG-1,0.000313,0.172183,0.42063,0.406874
ACTTGCCATATTGTAC-1,0.000465,0.33715,0.48247,0.179915
ACTTGCTCTATCTACC-1,0.003794,0.431651,0.407351,0.157205
ACTTGGGACCCGGTGG-1,0.000069,0.664264,0.222612,0.113054
ACTTGGGCTTTCGCCA-1,0.000684,0.695488,0.168379,0.135448
ACTTGTGGATGGAACG-1,0.000914,0.098488,0.717879,0.182719
ACTTGTTACCGGATCA-1,0.000442,0.513171,0.485501,0.000885
ACTTTATACACCACTT-1,0.001304,0.190284,0.805804,0.002609
ACTTTCCTATAGCTTC-1,0.001896,0.313164,0.681144,0.003795
ACTTTGGTCGTGCTCC-1,0.002555,0.007668,0.984667,0.005111
ACTTTGTCGACGCACT-1,0.00023,0.329759,0.365795,0.304216
AGAAATTATGACTCGC-1,0.000131,0.000394,0.999212,0.000263
AGAACACGGCGATGGT-1,0.001034,0.003105,0.99379,0.00207
AGAACCCAGCGTGACA-1,0.007863,0.155246,0.772542,0.064349
AGAACCCTCAATTGGG-1,0.000758,0.002276,0.883777,0.113189
AGAACGTGGTACATTC-1,0.001439,0.305631,0.492591,0.200339
AGAACTGTACTTTGTA-1,0.003793,0.396583,0.341385,0.258239
AGAAGGTACACTTCAC-1,0.002606,0.00783,0.984347,0.005216
AGAAGGTTGTAGGTCG-1,0.005442,0.016342,0.780644,0.197571
AGAAGTGATTCGTGAT-1,0.000963,0.002888,0.937247,0.058902
AGAATACAGGCTATCC-1,0.001052,0.003158,0.842744,0.153047
AGAATGCGGGTTCGGA-1,0.004171,0.012527,0.657421,0.325881
AGAATTATGGATTCGA-1,0.000423,0.042123,0.167195,0.790259
AGAATTGTTTGACATA-1,0.000434,0.931736,0.067796,0.000034
AGACAGCTCAGAATCC-1,0.000099,0.320245,0.679458,0.000198
AGACAGGCATCTCAGC-1,0.000248,0.912176,0.087078,0.000497
AGACATAGATCCTTCC-1,0.000027,0.528849,0.286175,0.184949
AGACCAAACCACACCT-1,0.000857,0.579871,0.417556,0.001716
AGACCATGGGATACAA-1,0.000082,0.481314,0.51844,0.000164
AGACCCACCGCTGATC-1,0.0005,0.035615,0.281203,0.682681
AGACCCGCCCTCCTCG-1,0.000201,0.000845,0.998552,0.000402
AGACCGCTCCGCGGTT-1,0.001332,0.256869,0.739136,0.002664
AGACGAAGTGCCGGTC-1,0.000266,0.166519,0.618106,0.215109
AGACGACGATGCCGCT-1,0.000239,0.000717,0.960605,0.03844
AGACGCCCACTTCGCC-1,0.000195,0.113617,0.68207,0.204118
AGACGGGATTGGTATA-1,0.013191,0.001282,0.667014,0.318513
AGACGGGCCGATTTAA-1,0.000289,0.448755,0.550378,0.000578
AGACTAGCCTTCCAGA-1,0.000108,0.581278,0.418397,0.000217
AGACTGTTACCGGGTC-1,0.00596,0.017894,0.319967,0.65618
AGAGAAACACCAGAAA-1,0.005214,0.188837,0.141287,0.664662
AGAGAACCGTCTAGGA-1,0.000728,0.226199,0.542674,0.2304
AGAGAAGGAGTACAAT-1,0.003292,0.009882,0.88891,0.097916
AGAGCAGTTATGAGAC-1,0.000104,0.126525,0.873162,0.000209
AGAGCCGCCGAGATTT-1,0.004835,0.625086,0.29116,0.07892
AGAGCGCTTGTAACGG-1,0.001455,0.004368,0.786035,0.208142
AGAGCGGGCTAATCAT-1,0.000299,0.229196,0.487236,0.283268
AGAGCGTACAAGCTCG-1,0.014814,0.107438,0.866945,0.010804
AGAGCTACGAAAGCAT-1,0.001291,0.233995,0.762133,0.002582
AGAGGCTTCGGAAACC-1,0.000057,0.035258,0.075274,0.889411
AGAGGGACAATTGTCC-1,0.002608,0.369464,0.408347,0.219581
AGAGTAAACTTCACTA-1,0.000107,0.01184,0.344378,0.643675
AGAGTATAGTGTTACG-1,0.000201,0.136388,0.25491,0.608501
AGAGTCTTAATGAAAG-1,0.000669,0.181632,0.653761,0.163937
AGAGTGAACAGACACC-1,0.000547,0.282952,0.524105,0.192397
AGAGTTAGAGACCGAT-1,0.000167,0.784732,0.214768,0.000334
AGAGTTGCAGGCCTCC-1,0.003576,0.237513,0.575787,0.183124
AGATAACTTCAGGGCC-1,0.000117,0.318308,0.680347,0.001228
AGATACCAATAGAACC-1,0.000135,0.479265,0.439528,0.081072
AGATACCAGCACTTCA-1,0.002453,0.007369,0.004913,0.985265
AGATACGACTTCATAT-1,0.000026,0.902039,0.094453,0.003482
AGATACTCAAGATCGA-1,0.000419,0.148608,0.598824,0.252149
AGATATAATACGACTA-1,0.003476,0.010438,0.70832,0.277767
AGATCGTGCATAAGAT-1,0.001304,0.003914,0.850607,0.144176
AGATCTCAGGTGTGAT-1,0.000652,0.001957,0.83156,0.165831
AGATCTGGAGAGGATA-1,0.001045,0.003131,0.741489,0.254334
AGATGACTCGCCCACG-1,0.000101,0.339507,0.66019,0.000202
AGATGAGGGTTGCGAT-1,0.000593,0.177439,0.720006,0.101962
AGATGCAAGACGTGCA-1,0.004171,0.150392,0.837094,0.008343
AGATGCTATAACGAGC-1,0.000102,0.432993,0.302668,0.264237
AGATTATAGGACGTTT-1,0.220032,0.087988,0.580999,0.11098
AGATTCAAGCGGGTCG-1,0.004172,0.352453,0.635025,0.00835
AGATTCACAACCGATA-1,0.001406,0.00422,0.764446,0.229928
AGCAAAGGCCGCTAGT-1,0.001763,0.213784,0.470184,0.31427
AGCAACATATCTTATT-1,0.001277,0.003834,0.468198,0.526691
AGCAACCGAAAGTAAT-1,0.001439,0.184433,0.811249,0.002879
AGCACACGTTTAGACT-1,0.007826,0.435532,0.540996,0.015645
AGCACCAGTACTCACG-1,0.000453,0.084496,0.62871,0.28634
AGCACTACCGGCCTGT-1,0.000112,0.48234,0.517324,0.000224
AGCACTACCTCACCAG-1,0.000559,0.068642,0.631911,0.298888
AGCACTTAAGGACGCC-1,0.000145,0.296253,0.6536,0.050003
AGCAGAAGGAGAAAGA-1,0.001192,0.661829,0.334594,0.002385
AGCAGCCAGATGAATA-1,0.000295,0.184386,0.520807,0.294512
AGCAGTCGAAGCATGC-1,0.003477,0.38618,0.255926,0.354417
AGCATATCAATATGCT-1,0.001668,0.005008,0.803345,0.189979
AGCATCATTTCGAAAG-1,0.011335,0.001739,0.941924,0.045002
AGCATCGTCGATAATT-1,0.000141,0.035456,0.96412,0.000282
AGCATTACGAGGCAAG-1,0.00043,0.001291,0.997418,0.000861
AGCCAAGCTTTGTGTC-1,0.00894,0.572274,0.400891,0.017895
AGCCACAGGTTACCCG-1,0.000645,0.001936,0.668235,0.329183
AGCCACTCCCGTGCTT-1,0.000985,0.160544,0.421766,0.416705
AGCCATATAGTATGTG-1,0.005685,0.159733,0.495676,0.338905
AGCCCGCAACAAGCAG-1,0.00298,0.369544,0.388304,0.239172
AGCCCGCACTACAATG-1,0.000357,0.00107,0.99786,0.000713
AGCCCGGCATTAGAGG-1,0.004814,0.193301,0.792255,0.00963
AGCCCGGTAGCCTGTA-1,0.006586,0.267516,0.317004,0.408894
AGCCCTAAGCGAAGTT-1,0.000907,0.002723,0.786066,0.210304
AGCCCTCCCTGGTGGC-1,0.005444,0.204515,0.263575,0.526466
AGCCCTTCTAATCCGA-1,0.009632,0.028895,0.231813,0.729661
AGCCCTTGGACATCCC-1,0.000519,0.200424,0.726169,0.072888
AGCCGCTTGATTAGCG-1,0.002019,0.443375,0.550566,0.00404
AGCCGTGGCTAAATGT-1,0.00045,0.001351,0.997297,0.000901
AGCCTAATACCCACGT-1,0.000304,0.000912,0.965741,0.033043
AGCCTTAAAGCGGAAG-1,0.000067,0.291657,0.708143,0.000133
AGCCTTGTCACTGATA-1,0.001956,0.005871,0.819264,0.172909
AGCGACAGGAACGGTC-1,0.001472,0.004419,0.71221,0.281899
AGCGACATCCCATTCA-1,0.009574,0.060682,0.929515,0.000229
AGCGACCAACGATATT-1,0.000129,0.16657,0.801113,0.032187
AGCGACTTTGAAGACA-1,0.000914,0.15247,0.67235,0.174265
AGCGAGACGTGAAGGC-1,0.004474,0.013412,0.973164,0.00895
AGCGATGCGCCTAATA-1,0.000116,0.592609,0.407042,0.000233
AGCGCATAATGAATCG-1,0.001406,0.004222,0.535957,0.458415
AGCGCGGGTGCCAATG-1,0.00062,0.00186,0.582696,0.414824
AGCGCTTATGGGCAAG-1,0.000509,0.049365,0.803828,0.146297
AGCGGACACTTCGTAG-1,0.008941,0.026825,0.946352,0.017881
AGCGGCGGTTAGCGGT-1,0.002196,0.100808,0.892603,0.004393
AGCGGGAAGGGTCCAT-1,0.000028,0.758123,0.228709,0.01314
AGCGGGTCTGACACTC-1,0.00184,0.559088,0.318771,0.120301
AGCGGTTGCCGCTCTG-1,0.012516,0.652153,0.310296,0.025035
AGCGTACGAGAGCTAG-1,0.000094,0.077379,0.605589,0.316939
AGCGTAGCGCTAGACC-1,0.000288,0.12775,0.424503,0.447459
AGCGTCTGAACCCGCA-1,0.000097,0.057881,0.941827,0.000195
AGCGTTCCGATTTAAA-1,0.003915,0.478514,0.509745,0.007826
AGCTAACAAGCAATGT-1,0.003052,0.212571,0.347892,0.436485
AGCTAAGCTCCGTCCG-1,0.000436,0.412417,0.385882,0.201265
AGCTAAGTACGCAGGC-1,0.000978,0.002935,0.994131,0.001957
AGCTACGAATGGTGGT-1,0.002554,0.289141,0.703193,0.005112
AGCTAGAAGCAGAAGT-1,0.000914,0.091087,0.618075,0.289923
AGCTATTTAATCCAAC-1,0.000395,0.067793,0.931022,0.00079
AGCTCCATATATGTTC-1,0.003209,0.257195,0.43728,0.302316
AGCTCCTTCGCACATC-1,0.001406,0.004222,0.337437,0.656936
AGCTCGTTGATGGAAA-1,0.002455,0.262674,0.592745,0.142126
AGCTCTAGACGTTCCA-1,0.000287,0.00086,0.526273,0.472581
AGCTCTTCCCAGTGCA-1,0.002845,0.008538,0.982925,0.005693
AGCTGAAGTAAACCAA-1,0.001375,0.004126,0.782673,0.211825
AGCTGCATTTGAGGTG-1,0.001472,0.127921,0.641059,0.229548
AGCTGCTGTGCCGAAT-1,0.001585,0.004757,0.68491,0.308748
AGCTGTAACCTCAATC-1,0.000652,0.001956,0.996088,0.001304
AGCTTATAGAGACCTG-1,0.000148,0.565131,0.395124,0.039598
AGCTTCTTCTCGAGCA-1,0.001227,0.003684,0.782285,0.212805
AGCTTGATCAGGGTAG-1,0.003681,0.35072,0.63823,0.007369
AGGAAAGCCTCTGATG-1,0.000098,0.093794,0.797051,0.109057
AGGAACGAACGACTTC-1,0.000091,0.975352,0.000182,0.024375
AGGAAGCTGTCCGCCG-1,0.001546,0.073938,0.003092,0.921424
AGGACAGTCGAATCCC-1,0.00139,0.004174,0.741795,0.25264
AGGACATCGCACGTCG-1,0.000061,0.57503,0.424787,0.000122
AGGACATCGGCACACT-1,0.000139,0.984461,0.000279,0.01512
AGGACGCTCGATGTTG-1,0.003681,0.011058,0.642492,0.34277
AGGACTTATAGGAGAA-1,0.000073,0.16252,0.478806,0.358601
AGGAGACATCCACAGT-1,0.005446,0.016334,0.967337,0.010884
AGGAGAGTCTGGCTAC-1,0.000422,0.001265,0.24942,0.748894
AGGAGCGTTTATTATC-1,0.005216,0.479052,0.342968,0.172764
AGGAGGCCTTCGCGCG-1,0.000582,0.07417,0.773231,0.152017
AGGATAAAGTCGGGAT-1,0.000085,0.1289,0.433177,0.437838
AGGATATAGGGATTTA-1,0.000395,0.079324,0.741495,0.178786
AGGATATCCGACTGCA-1,0.000894,0.002683,0.766656,0.229767
AGGATCACGCGATCTG-1,0.000605,0.001815,0.856577,0.141003
AGGATTGCTTACGACA-1,0.000101,0.024516,0.367728,0.607655
AGGCAATACGGAGGAC-1,0.000171,0.097048,0.90244,0.000342
AGGCACGTGACTGTCC-1,0.000309,0.298407,0.668756,0.032528
AGGCAGATGCGTAAAC-1,0.000524,0.156924,0.699129,0.143424
AGGCAGGGAGCGTACT-1,0.000438,0.001314,0.000876,0.997373
AGGCATTGTCGTAGGG-1,0.000639,0.001917,0.883778,0.113666
AGGCCACATTGGTTAC-1,0.000067,0.930125,0.000133,0.069675
AGGCCACCCGTTATGA-1,0.000234,0.025815,0.912362,0.061589
AGGCCCAGTGACTGGT-1,0.000138,0.074635,0.828692,0.096536
AGGCCCATTGTACAGG-1,0.00014,0.184395,0.815184,0.000281
AGGCCTATCATACCAA-1,0.006256,0.968706,0.012524,0.012514
AGGCCTGAGAATCTCG-1,0.00059,0.001772,0.76437,0.233267
AGGCGATAACTGGCGT-1,0.000185,0.855273,0.055697,0.088845
AGGCGGTTTGTCCCGC-1,0.003128,0.059034,0.931574,0.006263
AGGCGTCTATGGACGG-1,0.004317,0.637592,0.008636,0.349455
AGGCTATGGTTAGCTT-1,0.000216,0.012876,0.986477,0.000431
AGGCTTAAGTTGCACA-1,0.001026,0.161277,0.699607,0.138091
AGGCTTCCCGAAGAAG-1,0.000048,0.000144,0.182857,0.816951
AGGCTTGCTAGACACC-1,0.000093,0.533171,0.46655,0.000186
AGGGAAACGAGGTACT-1,0.003208,0.009634,0.796637,0.190521
AGGGACAGCACGGCGG-1,0.000297,0.28345,0.532056,0.184198
AGGGACTCTACGCGAC-1,0.000538,0.131022,0.443311,0.425129
AGGGAGACATACTTCG-1,0.000211,0.036641,0.451451,0.511697
AGGGCAGCGGCGTGGT-1,0.000495,0.001485,0.765803,0.232218
AGGGCCCTAATGTTCT-1,0.000433,0.520289,0.460119,0.019158
AGGGCGTGATCGGCTA-1,0.001218,0.445472,0.55319,0.00012
AGGGCTGCAGTTACAG-1,0.003533,0.000065,0.199898,0.796504
AGGGTCAGAGCACTCG-1,0.00782,0.203926,0.772589,0.015664
AGGGTCAGTAACCCTA-1,0.001564,0.232705,0.586236,0.179494
AGGGTCTGGACGCAGT-1,0.000858,0.115771,0.881655,0.001716
AGGGTGCCGTTCTTTA-1,0.007816,0.244643,0.73189,0.01565
AGGGTGGATAGTGCAT-1,0.000122,0.135116,0.864518,0.000244
AGGGTGTGCTACACGC-1,0.001956,0.45495,0.256124,0.286971
AGGGTTCAGACGGTCC-1,0.006256,0.018779,0.962443,0.012522
AGGGTTCCCTTTGGTT-1,0.000406,0.00122,0.704281,0.294093
AGGGTTTAGTTCGGGA-1,0.136304,0.066115,0.27992,0.51766
AGGTAACCTCCTATTC-1,0.000101,0.764049,0.198511,0.037339
AGGTACGATATTGCCA-1,0.001565,0.398675,0.563832,0.035928
AGGTAGATCGAGATAT-1,0.003576,0.186378,0.556588,0.253457
AGGTAGGTACAAAGCT-1,0.000144,0.247262,0.701369,0.051225
AGGTCGCCACTTCGGT-1,0.000435,0.19232,0.536389,0.270856
AGGTCGCCTCCCAACA-1,0.000075,0.613273,0.270157,0.116495
AGGTCGCGGAGTTACT-1,0.000017,0.000052,0.158606,0.841324
AGGTGCACGTCCACAT-1,0.000373,0.001118,0.964894,0.033615
AGGTGGTGACCTTCGC-1,0.008945,0.026838,0.94632,0.017897
AGGTGTTGCCGACCAC-1,0.000319,0.798409,0.200633,0.000639
AGGTTACACCATGCCG-1,0.102098,0.290733,0.572125,0.035045
AGGTTCTCCTTTCCGG-1,0.00447,0.013414,0.97317,0.008946
AGGTTGAGGCACGCTT-1,0.000501,0.133404,0.728381,0.137714
AGGTTTCACACACCTT-1,0.000773,0.070144,0.304057,0.625027
