Barcode,Topic 1,Topic 2,Topic 3,Topic 4to7
AAACAAGTATCTCCCA-1,0.00007,0.216331,0.115734,0.667865
AAACAATCTACTAGCA-1,0.664871,0.000279,0.000279,0.334572
AAACACCAATAACTGC-1,0.443673,0.040449,0.000155,0.515723
AAACAGAGCGACTCCT-1,0.200434,0.003498,0.003499,0.792569
AAACAGCTTTCAGAAG-1,0.477203,0.141124,0.003774,0.377899
AAACAGGGTCTATATT-1,0.984629,0.002562,0.002561,0.010248
AAACAGTGTTCCTGGG-1,0.251979,0.089234,0.069296,0.589491
AAACATTTCCCGGATT-1,0.00411,0.241523,0.023837,0.73053
AAACCACTACACAGAT-1,0.55619,0.000346,0.000346,0.443118
AAACCGGGTAGGTACC-1,0.234005,0.001011,0.001011,0.763973
AAACCGTTCGTCCAGG-1,0.001158,0.607683,0.001157,0.390001
AAACCTAAGCAGCCGG-1,0.000088,0.025504,0.05352,0.920888
AAACCTCATGAAGTTG-1,0.590608,0.158145,0.000524,0.250723
AAACGAAGAACATACC-1,0.902889,0.054633,0.000149,0.042329
AAACGAAGATGGAGTA-1,0.322163,0.159938,0.003679,0.51422
AAACGACAGTCTTGCC-1,0.384786,0.000211,0.000211,0.614791
AAACGAGACGGTTGAT-1,0.557852,0.002109,0.002112,0.437927
AAACGCCCGAGATCGG-1,0.303768,0.000341,0.000341,0.69555
AAACGGGCGTACGGGT-1,0.070352,0.040074,0.021692,0.867882
AAACGGGTTGGTATCC-1,0.572203,0.059985,0.097601,0.270211
AAACTAACGTGGCGAC-1,0.325923,0.000127,0.000127,0.673822
AAACTCGGTTCGCAAT-1,0.002049,0.280659,0.002049,0.715243
AAACTGCTGGCTCCAA-1,0.445819,0.090534,0.002563,0.461085
AAACTTAATTGCACGC-1,0.905443,0.000178,0.000178,0.094201
AAACTTGCAAACGTAT-1,0.980431,0.003261,0.003258,0.01305
AAAGAATGACCTTAGA-1,0.089299,0.007225,0.000644,0.902833
AAAGACATGAAGTTTA-1,0.257585,0.263228,0.084103,0.395084
AAAGACCCAAGTCGCG-1,0.511615,0.000152,0.000152,0.488081
AAAGACTGGGCGCTTT-1,0.873313,0.000197,0.008105,0.118385
AAAGGCCCTATAATAC-1,0.009098,0.129787,0.02125,0.839865
AAAGGGCAGCTTGAAT-1,0.688997,0.000065,0.000065,0.310873
AAAGGTAAGCTGTACC-1,0.247795,0.000137,0.000137,0.75193
AAAGGTCAACGACATG-1,0.542851,0.068867,0.000178,0.388103
AAAGTAGCATTGCTCA-1,0.228083,0.022314,0.000439,0.749165
AAAGTCACTGATGTAA-1,0.882405,0.000165,0.000165,0.117264
AAAGTCGACCCTCAGT-1,0.723135,0.009014,0.008948,0.258903
AAAGTGTGATTTATCT-1,0.000088,0.089825,0.129338,0.780749
AAAGTTGACTCCCGTA-1,0.140442,0.000146,0.054742,0.804669
AAATAACCATACGGGA-1,0.642714,0.007972,0.007959,0.341355
AAATACCTATAAGCAT-1,0.563763,0.006232,0.006236,0.42377
AAATAGCTTAGACTTT-1,0.094945,0.007369,0.011793,0.885892
AAATAGGGTGCTATTG-1,0.338769,0.003589,0.003579,0.654062
AAATCCGATACACGCC-1,0.011813,0.258186,0.040105,0.689897
AAATCGCGGAAGGAGT-1,0.965513,0.005756,0.005742,0.022988
AAATCGTGTACCACAA-1,0.000029,0.967575,0.000029,0.032366
AAATCTAGCCCTGCTA-1,0.001081,0.033254,0.049364,0.916301
AAATCTGCCCGCGTCC-1,0.37187,0.001071,0.001071,0.625988
AAATGCTCGTTACGTT-1,0.998282,0.000286,0.000286,0.001145
AAATGGCATGTCTTGT-1,0.79022,0.000317,0.000317,0.209145
AAATGGCCCGTGCCCT-1,0.973879,0.00436,0.004348,0.017412
AAATGTGGGTGCTCCT-1,0.728962,0.002605,0.002613,0.26582
AAATTAATAAGCGCGA-1,0.008982,0.00896,0.008966,0.973091
AAATTACACGACTCTG-1,0.550026,0.002319,0.002312,0.445342
AAATTACCTATCGATG-1,0.270222,0.627265,0.020521,0.081992
AAATTGATAGTCCTTT-1,0.270317,0.000474,0.000474,0.728736
AAATTGCGGCGGTTCT-1,0.537332,0.188828,0.0539,0.21994
AAATTTACCGAAATCC-1,0.006529,0.006523,0.006516,0.980432
AAATTTGCGGGTGTGG-1,0.030608,0.208642,0.000232,0.760518
AACAATACATTGTCGA-1,0.368256,0.000419,0.00042,0.630905
AACAATTACTCTACGC-1,0.545832,0.190828,0.000256,0.263083
AACACACGCTCGCCGC-1,0.01338,0.056811,0.083998,0.845811
AACACGACTGTACTGA-1,0.998627,0.000229,0.000229,0.000916
AACACGAGACGCGGCC-1,0.575758,0.000652,0.000652,0.422938
AACACGCGGCCGCGAA-1,0.498187,0.000109,0.026952,0.474753
AACAGCTGTGTGGCAA-1,0.242771,0.000193,0.086937,0.670099
AACAGGAAATCGAATA-1,0.701728,0.000825,0.000825,0.296622
AACAGGATGGGCCGCG-1,0.398437,0.000565,0.000565,0.600433
AACATATCAACTGGTG-1,0.000326,0.777619,0.000326,0.221728
AACATTGAAGTTGATC-1,0.119602,0.040231,0.012854,0.827313
AACATTGGTCAGCCGT-1,0.49083,0.503933,0.001047,0.004191
AACCAAGACTTCTCTG-1,0.562066,0.414785,0.004633,0.018516
AACCAGTATCACTCTT-1,0.179194,0.7527,0.000398,0.067708
AACCATAGGGTTGAAC-1,0.841101,0.000213,0.000213,0.158472
AACCATGGGATCGCTA-1,0.808973,0.000208,0.000208,0.190611
AACCCAGAGACGGAGA-1,0.492268,0.000101,0.000101,0.50753
AACCCATCCCATGATC-1,0.294078,0.278039,0.000084,0.427799
AACCCGACAACCCGTG-1,0.197812,0.060077,0.060149,0.681962
AACCCGATAGGGCTTC-1,0.15198,0.001726,0.035262,0.811032
AACCCTACTGTCAATA-1,0.178628,0.048104,0.000147,0.773121
AACCCTGGTGGAACCA-1,0.757763,0.000141,0.000141,0.241955
AACCGAGCTTGGTCAT-1,0.119849,0.000134,0.000134,0.879883
AACCGCTAAGGGATGC-1,0.104182,0.056881,0.000166,0.838771
AACCGTTGTGTTTGCT-1,0.816844,0.000414,0.000414,0.182327
AACCTAAAGCCGTCCG-1,0.603401,0.002082,0.00208,0.392438
AACCTCGCTTTAGCCC-1,0.016022,0.153236,0.000147,0.830595
AACCTTTAAATACGGT-1,0.48281,0.227223,0.124162,0.165804
AACCTTTACGACGTCT-1,0.617926,0.005519,0.153076,0.223479
AACGAAAGTCGTCCCA-1,0.337692,0.509344,0.002517,0.150447
AACGATAATGCCGTAG-1,0.952173,0.007965,0.007968,0.031894
AACGATAGAAGGGCCG-1,0.394518,0.023947,0.000409,0.581126
AACGATATGTCAACTG-1,0.523517,0.000306,0.000306,0.475872
AACGCATGATCTGGGT-1,0.227756,0.343529,0.0001,0.428615
AACGCGAACGGCAACA-1,0.279551,0.020516,0.000076,0.699858
AACGCTGTTGCTGAAA-1,0.170374,0.001877,0.012549,0.8152
AACGGACGTACGTATA-1,0.077524,0.127436,0.094738,0.700301
AACGGCCATCTCCGGT-1,0.501317,0.000788,0.000788,0.497107
AACGTACTGTGGGTAC-1,0.182011,0.001281,0.044538,0.772169
AACGTAGTCTACCCAT-1,0.43383,0.158071,0.000802,0.407297
AACGTCAGACTAGTGG-1,0.420182,0.131345,0.037423,0.41105
AACGTGATGAAGGACA-1,0.412811,0.34146,0.001247,0.244482
AACGTGCGAAAGTCTC-1,0.264299,0.084438,0.002562,0.648701
AACGTTATCAGCACCT-1,0.753267,0.000394,0.000394,0.245945
AACTAGCGTATCGCAC-1,0.734792,0.000548,0.000547,0.264113
AACTCCAGAGCGTGTT-1,0.000044,0.013445,0.045828,0.940683
AACTCCTAATCCCATG-1,0.389186,0.003676,0.003679,0.603459
AACTCGATAAACACGT-1,0.951115,0.000209,0.000209,0.048468
AACTCGATGGCGCAGT-1,0.396535,0.000565,0.000565,0.602335
AACTCTCAATAGAGCG-1,0.493478,0.17614,0.003496,0.326886
AACTCTCAGTGTGCTC-1,0.102812,0.461298,0.000431,0.435459
AACTGAGGTCAGCGTC-1,0.331069,0.00011,0.010972,0.657849
AACTGATATTAGGCCT-1,0.592146,0.186505,0.000962,0.220387
AACTGGGTTCGAGCCG-1,0.550728,0.002989,0.002995,0.443288
AACTGGTGTGGGCCTT-1,0.656562,0.000167,0.04652,0.296751
AACTTCTGCGTCTATC-1,0.533464,0.000433,0.000177,0.465926
AACTTGCCCGTATGCA-1,0.493185,0.105631,0.037887,0.363297
AACTTGCGTTCTCGCG-1,0.607485,0.12048,0.000241,0.271794
AACTTTACGGGAGCTT-1,0.004147,0.002209,0.002208,0.991437
AACTTTAGCTGCTGAG-1,0.659981,0.001248,0.001247,0.337524
AAGAAAGTTTGATGGG-1,0.394792,0.071435,0.000124,0.533649
AAGAAGGATCAGTTAG-1,0.306207,0.193469,0.000106,0.500218
AAGACCAAATAACTCA-1,0.654769,0.206573,0.000529,0.138129
AAGACTAACCCGTTGT-1,0.35083,0.171463,0.000241,0.477465
AAGACTCACGCCCACT-1,0.24881,0.001913,0.001914,0.747363
AAGACTGCAAGCTACT-1,0.000023,0.999161,0.000023,0.000794
AAGAGATGAATCGGTA-1,0.217679,0.643836,0.016456,0.12203
AAGAGCTCTTTATCGG-1,0.570165,0.000437,0.000437,0.42896
AAGAGGATGTACGCGA-1,0.380016,0.000498,0.000499,0.618987
AAGAGGCATGGATCGC-1,0.365246,0.198147,0.003878,0.432729
AAGAGGCCCTTTGGAA-1,0.004401,0.02029,0.121491,0.853818
AAGATGGCACCGGACC-1,0.388012,0.000339,0.020434,0.591214
AAGATTGGCGGAACGT-1,0.242675,0.004348,0.004349,0.748627
AAGCACCCTGCGTATC-1,0.427278,0.298295,0.003502,0.270924
AAGCATACTCTCCTGA-1,0.294355,0.001578,0.001576,0.702491
AAGCCACTTGCAGGTA-1,0.093541,0.000306,0.034549,0.871604
AAGCCGAAGCGGTTTA-1,0.227178,0.051574,0.04871,0.672538
AAGCCGCCGTGAAATC-1,0.22534,0.001346,0.071421,0.701894
AAGCGCAGGGCTTTGA-1,0.042915,0.202254,0.000159,0.754672
AAGCGGCGTCATGGGT-1,0.398729,0.245187,0.003335,0.352749
AAGCGTCCCTCATCGA-1,0.415616,0.078559,0.084601,0.421224
AAGCTAGATCGAGTAA-1,0.335408,0.003054,0.003053,0.658486
AAGCTCGTGCCAAGTC-1,0.681315,0.118233,0.00107,0.199381
AAGCTCTTTCATGGTG-1,0.00399,0.003987,0.003982,0.988042
AAGGAGAACTTATAAG-1,0.699338,0.000187,0.000187,0.300288
AAGGATCGATCGCTTG-1,0.117397,0.158285,0.006359,0.71796
AAGGATGAGGGACCTC-1,0.002992,0.00299,0.002988,0.99103
AAGGCGCGTAAAGCTT-1,0.444026,0.02305,0.000091,0.532833
AAGGGAACGACTGGCT-1,0.173276,0.010035,0.003022,0.813667
AAGGGACAGATTCTGT-1,0.00208,0.002081,0.002079,0.99376
AAGGGACTATGCATTC-1,0.430949,0.006843,0.04895,0.513258
AAGGGTTTGATTTCAG-1,0.251381,0.001613,0.001614,0.745392
AAGGTATCCTAATATA-1,0.306369,0.000427,0.1438,0.549404
AAGGTGATAAACCAGC-1,0.013524,0.000293,0.000293,0.985889
AAGTAAGCTTCCAAAC-1,0.507861,0.000247,0.000247,0.491646
AAGTAGAAGACCGGGT-1,0.727978,0.000236,0.000236,0.27155
AAGTAGTGACGCGAGG-1,0.344503,0.238254,0.005973,0.41127
AAGTCAATTGTCGTCA-1,0.02909,0.056292,0.069132,0.845485
AAGTCTTCTGTGGCCT-1,0.705202,0.286052,0.001749,0.006996
AAGTGACGACCGAATT-1,0.575359,0.000444,0.065086,0.359111
AAGTGCAAAGGTAGAC-1,0.774641,0.000323,0.000323,0.224713
AAGTGCCTTGACTGTA-1,0.160647,0.063133,0.000072,0.776149
AAGTGCGTTAGAATCT-1,0.563039,0.001025,0.001024,0.434912
AAGTGCTTCTCTATTG-1,0.211374,0.016564,0.597908,0.174154
AAGTGTTTGGAGACGG-1,0.324283,0.002433,0.002433,0.670852
AAGTTCACTCCAAGCT-1,0.212228,0.002199,0.000165,0.785409
AAGTTCAGTCTGCGTA-1,0.275822,0.169495,0.010223,0.54446
AAGTTCGGCCAACAGG-1,0.418315,0.025816,0.000207,0.555662
AAGTTGTGATGTTATA-1,0.209092,0.106685,0.357592,0.326631
AAGTTTACTAATGGCA-1,0.735,0.000281,0.000281,0.264437
AAGTTTATGGGCCCAA-1,0.004235,0.056697,0.000205,0.938863
AATAACAACGCTCGGC-1,0.262532,0.002815,0.113815,0.620838
AATAACACTAGAACAA-1,0.691879,0.001579,0.001578,0.304964
AATAAGTCCTCGAGAC-1,0.871267,0.000189,0.000189,0.128355
AATACAATGTTTCAGG-1,0.651997,0.274474,0.000147,0.073382
AATACCGGAGGGCTGT-1,0.299006,0.045254,0.055192,0.600549
AATAGAATCTGTTTCA-1,0.266676,0.377357,0.0003,0.355666
AATAGCAAGCCTCCTG-1,0.512934,0.000262,0.000262,0.486542
AATAGTCGCGAGTCGG-1,0.773131,0.000908,0.000909,0.225053
AATATCAAGGTCGGAT-1,0.780035,0.000241,0.000241,0.219482
AATATCCTAGCAAACT-1,0.389193,0.188799,0.040862,0.381145
AATATCGAATCAATGC-1,0.267424,0.004876,0.024808,0.702892
AATATCGAGGGTTCTC-1,0.294405,0.195653,0.00035,0.509591
AATATTGGAGTATTGA-1,0.003261,0.003259,0.003261,0.990219
AATCAGACTGCAGGAC-1,0.453094,0.00056,0.000561,0.545785
AATCAGGTTTCATTTA-1,0.128729,0.039382,0.195322,0.636568
AATCATGTAAAGACTC-1,0.000892,0.200034,0.027794,0.77128
AATCCAAGGGCCTGAG-1,0.710916,0.000091,0.000091,0.288902
AATCCATGCAAGGGTG-1,0.313799,0.008422,0.00015,0.677628
AATCGCCTCAGCGCCA-1,0.337682,0.007548,0.007556,0.647215
AATCGGGACACTACGA-1,0.62882,0.00009,0.00009,0.371
AATCGTGAGCCGAGCA-1,0.063651,0.122542,0.100857,0.71295
AATCTAGGTTTACTTG-1,0.004956,0.517554,0.004949,0.472541
AATCTCTACTGTGGTT-1,0.348101,0.346363,0.285036,0.0205
AATCTGCGTTGGGACG-1,0.000168,0.666468,0.000168,0.333196
AATCTGGCTTTCTAGT-1,0.788713,0.008462,0.008451,0.194375
AATCTGGGTAGACCCT-1,0.398716,0.276869,0.001464,0.322951
AATGACAGCAATGTCT-1,0.266014,0.000477,0.154257,0.579252
AATGACGTAGGATGTC-1,0.615194,0.274331,0.00512,0.105355
AATGAGTTCGCATATG-1,0.998157,0.000307,0.000307,0.001229
AATGATGATACGCTAT-1,0.218473,0.562816,0.000267,0.218445
AATGATGCGACTCCTG-1,0.065467,0.240973,0.000342,0.693218
AATGCACCAAGCAATG-1,0.000591,0.048282,0.000591,0.950537
AATGGCCGCCAATGCG-1,0.308428,0.000144,0.000144,0.691285
AATGGTCCACCGTTCA-1,0.757975,0.000219,0.000219,0.241587
AATGGTTCTCACAAGC-1,0.474796,0.00009,0.054581,0.470533
AATGTATGGCACTGTA-1,0.53659,0.000563,0.000562,0.462285
AATGTGCCCGAGGTGT-1,0.371084,0.000478,0.000478,0.627959
AATGTGCTAATCTGAG-1,0.000998,0.2096,0.000018,0.789384
AATGTTGTCGTGAGAC-1,0.171039,0.098731,0.148262,0.581968
AATTAACGGATTTCCA-1,0.899544,0.000309,0.000309,0.099837
AATTACGAGACCCATC-1,0.527057,0.007174,0.007173,0.458596
AATTACTCGTACGCTC-1,0.603844,0.128048,0.004789,0.263319
AATTAGCGCTGCAGCG-1,0.999188,0.000135,0.000135,0.000542
AATTCATAAGGGATCT-1,0.020468,0.739717,0.000146,0.239669
AATTCATTGTCATGCA-1,0.753145,0.001303,0.001306,0.244247
AATTCCAACTTGGTGA-1,0.769839,0.00156,0.001559,0.227042
AATTCGATTCGAGGAT-1,0.20118,0.000491,0.025732,0.772597
AATTCTAGAGTTAGGC-1,0.9198,0.000202,0.000202,0.079797
AATTGAACGCTCTGGT-1,0.164805,0.237945,0.004946,0.592303
AATTGCAGCAATCGAC-1,0.171658,0.000034,0.715775,0.112534
AATTGCGTGGATTACA-1,0.851588,0.000155,0.000155,0.148102
AATTTGGGACATAGTA-1,0.020524,0.020501,0.020463,0.938512
AATTTGGTTCCAAAGA-1,0.998868,0.000189,0.000189,0.000755
ACAAACCATGCGTCCT-1,0.3622,0.013321,0.03702,0.587459
ACAAACCGACAAGGCG-1,0.589665,0.002021,0.002019,0.406295
ACAAAGAAGGTAGGCC-1,0.990326,0.001612,0.001616,0.006445
ACAAAGCATGACCTAG-1,0.071244,0.25865,0.037295,0.632812
ACAAATCGCACCGAAT-1,0.43422,0.001666,0.001666,0.562448
ACAAATGGTAGTGTTT-1,0.013066,0.012999,0.013007,0.960929
ACAAATTCAGATCTGA-1,0.327019,0.000409,0.000409,0.672164
ACAACAGCATGAGCTA-1,0.00005,0.710159,0.019511,0.27028
ACAACGGTCCCTGCGA-1,0.498112,0.050489,0.066773,0.384627
ACAAGCAGTGCCTAGC-1,0.319501,0.023337,0.000109,0.657054
ACAAGGAAATCCGCCC-1,0.456828,0.505415,0.007548,0.030208
ACAAGGACAAGAGGTT-1,0.165754,0.000771,0.000771,0.832704
ACAAGGATGCTTTAGG-1,0.031616,0.049121,0.052415,0.866848
ACAAGGCCTACCAGCC-1,0.510179,0.000541,0.000541,0.488738
ACAAGGGCAGGCTCTG-1,0.378693,0.004949,0.004948,0.61141
ACAAGTAATTGTAAGG-1,0.213947,0.22575,0.000493,0.55981
ACAATAGTCGTACGTT-1,0.771313,0.00025,0.00025,0.228187
ACAATCCATTTAAACC-1,0.176096,0.09235,0.000552,0.731002
ACAATCGATCTTTATA-1,0.502122,0.067689,0.00153,0.428659
ACAATGAATACGGAGA-1,0.423703,0.000395,0.056051,0.519851
ACAATGATTCTTCTAC-1,0.202925,0.017593,0.000135,0.779348
ACAATTGTGTCTCTTT-1,0.119141,0.000095,0.003039,0.877725
ACAATTTAGGAGGCTC-1,0.810811,0.005516,0.005518,0.178156
ACAATTTGAGCAGTGG-1,0.172844,0.023366,0.000236,0.803554
ACACACCAGGACCAGT-1,0.000278,0.225424,0.000278,0.77402
ACACACTTTCTACACG-1,0.979234,0.000314,0.000314,0.020139
ACACATGATCAAATCT-1,0.87779,0.001464,0.001464,0.119283
ACACATTGACGCAACA-1,0.465786,0.003776,0.203334,0.327105
ACACATTTCCGTAGAC-1,0.003587,0.003586,0.003589,0.989238
ACACCCGAGAAATCCG-1,0.278949,0.000053,0.000054,0.720944
ACACCGAGCGCTCTTT-1,0.658854,0.000976,0.000975,0.339195
ACACCGGTCTGACCGC-1,0.208392,0.000118,0.336909,0.454581
ACACGAGACTCCTTCT-1,0.717409,0.000255,0.000255,0.282081
ACACGGCACTATGCAT-1,0.420661,0.000156,0.000156,0.579027
ACACGGGAACTTAGGG-1,0.455358,0.052349,0.000263,0.49203
ACACGTAGGCCACAAG-1,0.110051,0.008999,0.072451,0.808498
ACACTCCAATGTCACT-1,0.713032,0.069665,0.020839,0.196463
ACAGAACTGAGAACAA-1,0.463485,0.110814,0.000176,0.425525
ACAGATTAGGTTAGTG-1,0.868072,0.000533,0.105862,0.025532
ACAGCATAGAGCCAGT-1,0.499478,0.000211,0.000211,0.5001
ACAGCGACATTCTCAT-1,0.000052,0.235403,0.002991,0.761554
ACAGCGCACCCGCAGC-1,0.51919,0.003263,0.003261,0.474286
ACAGGCACGGATCCTT-1,0.00184,0.001839,0.00184,0.994481
ACAGGCTTGCCCGACT-1,0.196605,0.000432,0.024884,0.778078
ACAGGTGGAGGTGAGG-1,0.027756,0.33091,0.057663,0.583671
ACAGTAATACAACTTG-1,0.977374,0.003765,0.003768,0.015093
ACAGTGCAGCGCATTT-1,0.268354,0.00018,0.000181,0.731285
ACATAAGTCGTGGTGA-1,0.35046,0.000776,0.135858,0.512906
ACATCAGCTGGGACGC-1,0.144662,0.839767,0.000029,0.015542
ACATCCTGGTAACTGT-1,0.00949,0.265293,0.013092,0.712126
ACATCGGTCAGCCGCG-1,0.386286,0.091026,0.000189,0.522498
ACATCGTATGCAATGG-1,0.01027,0.010244,0.010244,0.969241
ACATCGTTAACCTAGT-1,0.445045,0.000288,0.000288,0.554378
ACATCTCAACGCGTAA-1,0.249535,0.246622,0.00069,0.503153
ACATGCTTACGGCAGC-1,0.331459,0.482575,0.001863,0.184103
ACATGGCGCCAAAGTA-1,0.162353,0.048467,0.026896,0.762285
ACATGGCTCAATTTAG-1,0.733168,0.000209,0.000208,0.266415
ACATTAGTTTATATCC-1,0.395602,0.268818,0.000784,0.334797
ACATTCGCGCGGAATA-1,0.200547,0.143025,0.00006,0.656367
ACCAAACTAGAAATCC-1,0.999392,0.000101,0.000101,0.000405
ACCAACCGCACTCCAC-1,0.151944,0.058186,0.150824,0.639046
ACCAAGAACGCGTGTC-1,0.953509,0.000118,0.000118,0.046255
ACCAATATGCAAGTTA-1,0.002279,0.002281,0.002277,0.993163
ACCACAACTCAGAACA-1,0.194409,0.002818,0.002816,0.799957
ACCACCAATGTAACAA-1,0.000048,0.166677,0.028937,0.804338
ACCACGTGCAGCTATA-1,0.00145,0.001451,0.001448,0.995651
ACCACTGTTCAAGAAG-1,0.98852,0.001913,0.001915,0.007652
ACCAGACCATAACAAC-1,0.705324,0.002763,0.002761,0.289151
ACCAGCCCGGTCTTTG-1,0.82579,0.123821,0.000119,0.05027
ACCAGGAGTGTGATCT-1,0.635495,0.001449,0.00145,0.361606
ACCAGTGCCCGGTCAA-1,0.217771,0.172584,0.000208,0.609436
ACCAGTGCGGGAGACG-1,0.138754,0.088556,0.000193,0.772497
ACCATCCGCCAACTAG-1,0.965589,0.005737,0.005731,0.022942
ACCATCGTATATGGTA-1,0.342492,0.025819,0.00013,0.631559
ACCATTAAGGGTGTCA-1,0.97607,0.003989,0.003988,0.015954
ACCCAACGCCCGTGGC-1,0.247631,0.104685,0.044864,0.60282
ACCCACCTACATGCTC-1,0.741191,0.074978,0.000147,0.183683
ACCCATCTTGAGGGTA-1,0.212201,0.293205,0.000147,0.494446
ACCCATTTGTCCCTCT-1,0.000024,0.270726,0.08481,0.64444
ACCCGAGCGAAATTAC-1,0.556697,0.001139,0.00114,0.441025
ACCCGATTGGTTCCGA-1,0.077989,0.011329,0.464386,0.446295
ACCCGGAAACTCCCAG-1,0.730641,0.01009,0.000079,0.25919
ACCCGGATGACGCATC-1,0.236302,0.132639,0.00033,0.630728
ACCCGTAGCAGAGAAT-1,0.407876,0.027287,0.00014,0.564696
ACCCTATAGGACTGAG-1,0.940713,0.04164,0.000208,0.01744
ACCCTATGCCATATCG-1,0.13526,0.038568,0.000158,0.826015
ACCCTCCCGTCAGGGC-1,0.332832,0.394432,0.030584,0.242152
ACCCTCCCTTGCTATT-1,0.32767,0.005318,0.005325,0.661687
ACCCTTCATCTGCGAA-1,0.246007,0.281461,0.000123,0.472409
ACCCTTTAGTTCTCCA-1,0.293189,0.296309,0.002867,0.407635
ACCGAAAGGGCCCTGC-1,0.714116,0.000148,0.000148,0.285588
ACCGAAGAGTCTGGTT-1,0.702218,0.123911,0.000258,0.173613
ACCGACACATCTCCCA-1,0.653259,0.068613,0.04552,0.232608
ACCGAGTCTCCTTATT-1,0.139556,0.162026,0.000339,0.698079
ACCGATGGTAGCATCG-1,0.070453,0.330138,0.000326,0.599083
ACCGCAATAACTGCCT-1,0.136559,0.004481,0.004478,0.854482
ACCGCGGTGGAAGTCG-1,0.149055,0.150412,0.006483,0.694049
ACCGCTAGTCATTGGT-1,0.131635,0.046301,0.00038,0.821684
ACCGGGCCTTTGTTGA-1,0.076835,0.08898,0.000116,0.834069
ACCGGTCAGGTACACC-1,0.58737,0.001063,0.116969,0.294598
ACCGGTCTGAGTACGG-1,0.489436,0.002475,0.340718,0.167372
ACCGTCCACTGGGCCC-1,0.454258,0.459147,0.000382,0.086214
ACCGTGACCACGTGGG-1,0.277897,0.000217,0.092924,0.628961
ACCGTTCCCGCTCTGA-1,0.038749,0.610921,0.000103,0.350228
ACCTAAGTACCTTTCA-1,0.446282,0.339066,0.000528,0.214123
ACCTAATCGACTTCCT-1,0.001271,0.734293,0.001269,0.263167
ACCTCCGCCCTCGCTG-1,0.193052,0.002555,0.096821,0.707573
ACCTCGAACTTATGCT-1,0.321244,0.052043,0.034147,0.592566
ACCTGCGTGTCATGTT-1,0.673906,0.003985,0.003988,0.318121
ACCTTTCCTTTAGAAG-1,0.716148,0.190578,0.000235,0.09304
ACGAAATGGGCGGCAC-1,0.261528,0.226528,0.000108,0.511836
ACGACTCTAGGGCCGA-1,0.221007,0.265607,0.04359,0.469796
ACGACTGGTCATACTC-1,0.001557,0.281813,0.000045,0.716584
ACGAGAACCCATCACG-1,0.543761,0.011781,0.000113,0.444346
ACGAGATATTTGCTTA-1,0.521885,0.003497,0.003496,0.471122
ACGAGGATACCACTCT-1,0.43427,0.284264,0.001206,0.28026
ACGAGGTTTACAACGT-1,0.822857,0.000174,0.000174,0.176795
ACGAGTACGGATGCCC-1,0.000348,0.000348,0.000348,0.998955
ACGAGTCGCCGGCGTT-1,0.693378,0.000546,0.000546,0.305531
ACGATACATAGAACTA-1,0.001967,0.001965,0.001964,0.994105
ACGATCATCTTGTAAA-1,0.206638,0.133593,0.014132,0.645637
ACGATGGATCCGATGC-1,0.381221,0.127512,0.000153,0.491114
ACGCATAAATGACATG-1,0.421671,0.00056,0.067625,0.510143
ACGCATACGTTTACTA-1,0.056431,0.04006,0.019912,0.883597
ACGCCAGATGATTTCT-1,0.309437,0.000245,0.000245,0.690072
ACGCCCAGCTGTCGAT-1,0.43576,0.00016,0.00016,0.563921
ACGCCGCTAGACGACC-1,0.00957,0.00956,0.183546,0.797325
ACGCGCTACACAGGGT-1,0.378099,0.536131,0.00088,0.084889
ACGCGTTTCTTAAGAG-1,0.594111,0.003586,0.003593,0.398711
ACGCTAGTGATACACT-1,0.000078,0.124075,0.084798,0.791049
ACGCTGTGAGGCGTAG-1,0.954645,0.007542,0.007565,0.030248
ACGCTTAGTGTCTCTC-1,0.280885,0.002924,0.002927,0.713264
ACGGAATTTAGCAAAT-1,0.796223,0.000165,0.000165,0.203447
ACGGACGCAGCGACAA-1,0.126524,0.115599,0.001708,0.756169
ACGGACTCTCAAAGCG-1,0.697426,0.274979,0.005518,0.022078
ACGGAGCGCAAATTAC-1,0.221132,0.247888,0.010859,0.520121
ACGGATGGTGCGGATA-1,0.003053,0.244948,0.00305,0.748949
ACGGCGACGATGGGAA-1,0.315729,0.444604,0.001227,0.23844
ACGGCGGGTTGCCCTG-1,0.672573,0.071989,0.000606,0.254832
ACGGCTGGATGTAGAA-1,0.874733,0.003116,0.003119,0.119032
ACGGGAGTGTCGGCCC-1,0.149435,0.227148,0.000132,0.623284
ACGGGTCATGTGACTT-1,0.556676,0.000586,0.000586,0.442153
ACGGGTTGTGACCTGT-1,0.601212,0.000192,0.036036,0.36256
ACGGTACAGTTCAATG-1,0.178694,0.000276,0.077278,0.743752
ACGGTCACCGAGAACA-1,0.275949,0.068747,0.000103,0.655201
ACGTACAGATTTCTCT-1,0.874764,0.000224,0.000225,0.124787
ACGTACTTTGGCACGG-1,0.291068,0.013284,0.191403,0.504244
ACGTAGATTGCTGATG-1,0.408145,0.27629,0.001709,0.313856
ACGTAGGAGAGTCGCT-1,0.229629,0.156782,0.00063,0.61296
ACGTATTACTCCGATC-1,0.012628,0.061492,0.122108,0.803771
ACGTCCTAAACGAGAT-1,0.465538,0.02565,0.000142,0.508671
ACGTCGGGCAACTCGG-1,0.372204,0.000776,0.000776,0.626244
ACGTCTCGTTCCGGGA-1,0.95704,0.007156,0.007156,0.028648
ACGTGACAAAGTAAGT-1,0.474398,0.001329,0.001329,0.522944
ACGTGCGCCTCGTGCA-1,0.725173,0.235141,0.001465,0.038221
ACGTGGTCGAATGTGC-1,0.000474,0.76914,0.000473,0.229913
ACGTTAATGTCGAAGA-1,0.965548,0.005744,0.00575,0.022958
ACGTTAGATTTGCCCG-1,0.18377,0.000477,0.012141,0.803612
ACGTTATTGGTCACTC-1,0.879586,0.000284,0.000284,0.119846
ACGTTCACTATGCCGC-1,0.210465,0.102753,0.000323,0.686459
ACGTTCCGCGCTCCGT-1,0.667159,0.000194,0.000194,0.332453
ACGTTCGTTCAGGAAA-1,0.335789,0.042113,0.000159,0.621938
ACGTTCTGTACAAGTC-1,0.14052,0.056192,0.000156,0.803132
ACGTTTAGTTGTGATC-1,0.771509,0.000576,0.000577,0.227339
ACTAATACGTCAGGCG-1,0.85018,0.13314,0.003333,0.013348
ACTACATCCCGACAAG-1,0.707349,0.000143,0.012885,0.279623
ACTACCATCCGAGGGC-1,0.415786,0.001079,0.001078,0.582057
ACTAGTTGCGATCGTC-1,0.143043,0.028717,0.000082,0.828158
ACTATATGCTGTGTTC-1,0.364552,0.03976,0.000124,0.595565
ACTATCCAGGGCATGG-1,0.116684,0.014689,0.000086,0.868542
ACTATCGCCGGCTAAA-1,0.952478,0.046126,0.000279,0.001116
ACTATGTCCAGCTGCC-1,0.326863,0.000075,0.026156,0.646907
ACTATTCGTCCGTGGT-1,0.340392,0.000601,0.000601,0.658407
ACTATTTCCGGGCCCA-1,0.309417,0.000188,0.047983,0.642412
ACTCAACGAATGTATT-1,0.70547,0.000219,0.000219,0.294092
ACTCAAGTGCAAGGCT-1,0.096098,0.027318,0.029817,0.846767
ACTCAATAAAGGCACG-1,0.429375,0.000845,0.000844,0.568936
ACTCAGACCTGCTTCT-1,0.754303,0.000346,0.000347,0.245004
ACTCATGGCAGCCTTC-1,0.219768,0.005705,0.000059,0.774468
ACTCCAATATCATCAT-1,0.081425,0.121874,0.055693,0.741008
ACTCCCATTCCTAAAG-1,0.969259,0.005128,0.00512,0.020493
ACTCCCGAATTCGTTT-1,0.019592,0.729602,0.025362,0.225444
ACTCCCTAATGCTAAA-1,0.060524,0.001462,0.001463,0.93655
ACTCCCTAGAATAGTA-1,0.475183,0.004105,0.004096,0.516616
ACTCCGGCCGACCACT-1,0.001688,0.001688,0.001689,0.994934
ACTCGATGTATTTCAT-1,0.397548,0.000565,0.000652,0.601235
ACTCGTAACCCGTCCT-1,0.442467,0.00069,0.00069,0.556153
ACTCGTCAGTAATCCC-1,0.522766,0.133094,0.00243,0.341709
ACTCTCTGACTTAGGT-1,0.001226,0.161444,0.001226,0.836104
ACTCTCTTATACACGA-1,0.463264,0.00266,0.002656,0.53142
ACTCTGACCTAATAGA-1,0.237265,0.002474,0.002475,0.757786
ACTCTTGTATAGTAAC-1,0.405193,0.19149,0.001157,0.40216
ACTGAAACGCCGTTAG-1,0.149252,0.000598,0.036556,0.813594
ACTGAATGGCGAAAGT-1,0.007975,0.008014,0.007977,0.976034
ACTGATTTAGTGATTC-1,0.52222,0.005131,0.005126,0.467523
ACTGCCCGCCATTCTC-1,0.218362,0.035014,0.083658,0.662966
ACTGCCGTCGTAACTC-1,0.29198,0.000167,0.000167,0.707686
ACTGCTCGGAAGGATG-1,0.96924,0.00512,0.005137,0.020503
ACTGGCGAACCTGCGT-1,0.18543,0.022613,0.060259,0.731698
ACTGTACGATACACAT-1,0.498241,0.00032,0.00032,0.501119
ACTGTAGCACTTTGGA-1,0.448512,0.108703,0.000212,0.442574
ACTGTATACGCGAGCA-1,0.661016,0.000158,0.000158,0.338669
ACTGTGCTAGTAGATC-1,0.646404,0.01788,0.000163,0.335553
ACTTACCGGGCGCGCA-1,0.360559,0.366353,0.244371,0.028717
ACTTACGCATCCACGC-1,0.004789,0.225315,0.004786,0.76511
ACTTAGTACGACAAGA-1,0.1966,0.156333,0.010843,0.636224
ACTTATACTTACCCGG-1,0.304379,0.238331,0.001121,0.456169
ACTTATCTGATCTATA-1,0.610241,0.001039,0.001039,0.38768
ACTTATTTATGTGCCA-1,0.167952,0.000384,0.042169,0.789495
ACTTCAGGCTGATCCC-1,0.007981,0.00796,0.007974,0.976085
ACTTCCAGTGGAAGCT-1,0.91391,0.014345,0.014344,0.057401
ACTTCCATGCGGGACA-1,0.150922,0.093846,0.069256,0.685977
ACTTCCTGTCGTGCGA-1,0.242698,0.000358,0.000358,0.756586
ACTTCGCCATACGCAC-1,0.213259,0.00101,0.001011,0.784721
ACTTGACTCCCTCTTT-1,0.01196,0.265615,0.011951,0.710474
ACTTGCCATATTGTAC-1,0.578791,0.000244,0.068298,0.352667
ACTTGCTCTATCTACC-1,0.989877,0.001687,0.001686,0.00675
ACTTGTAGTCCCTTCA-1,0.960862,0.006538,0.006507,0.026094
ACTTGTGGATGGAACG-1,0.187203,0.003322,0.035788,0.773688
ACTTTACCCTCATGAA-1,0.103674,0.354822,0.000062,0.541442
ACTTTATACACCACTT-1,0.366438,0.000321,0.066852,0.566389
ACTTTGACTGCATCCT-1,0.781721,0.006828,0.184129,0.027321
ACTTTGGTCGTGCTCC-1,0.237801,0.00088,0.00088,0.760439
AGAACACGGCGATGGT-1,0.177793,0.198441,0.000296,0.62347
AGAACCCTCAATTGGG-1,0.725129,0.082511,0.000844,0.191516
AGAACGTGGTACATTC-1,0.155048,0.071531,0.000554,0.772867
AGAAGAGCGCCGTTCC-1,0.015954,0.015909,0.015923,0.952213
AGAAGGTACACTTCAC-1,0.892872,0.005725,0.005726,0.095678
AGAAGGTTGCCGAATT-1,0.096119,0.200782,0.000127,0.702972
AGAAGGTTGTAGGTCG-1,0.107771,0.192335,0.000312,0.699582
AGAAGTGATTCGTGAT-1,0.548613,0.032233,0.125696,0.293458
AGAATAAATCTTCAGG-1,0.16457,0.001259,0.001258,0.832913
AGAATGCGGGTTCGGA-1,0.143064,0.025129,0.009075,0.822733
AGAATTATGGATTCGA-1,0.339245,0.161559,0.000403,0.498793
AGAATTGTTTGACATA-1,0.998286,0.000286,0.000286,0.001143
AGACAGCTCAGAATCC-1,0.998712,0.000214,0.000215,0.000859
AGACATAGATCCTTCC-1,0.844531,0.000366,0.059001,0.096102
AGACCAAACCACACCT-1,0.293144,0.403308,0.00163,0.301918
AGACCATGGGATACAA-1,0.492227,0.068244,0.042686,0.396843
AGACCCACCGCTGATC-1,0.864457,0.000114,0.000114,0.135315
AGACCGCTCCGCGGTT-1,0.36393,0.204389,0.021265,0.410415
AGACCGGGAAACCCTG-1,0.997366,0.000439,0.000439,0.001756
AGACGAAGTGCCGGTC-1,0.000072,0.083407,0.111095,0.805425
AGACGACGATGCCGCT-1,0.430665,0.001839,0.00184,0.565657
AGACGGGATTGGTATA-1,0.545507,0.003778,0.003776,0.446939
AGACGGGCCGATTTAA-1,0.379789,0.112242,0.000355,0.507615
AGACTGTTACCGGGTC-1,0.49407,0.000274,0.060648,0.445008
AGAGAAACACCAGAAA-1,0.270861,0.017639,0.068979,0.642522
AGAGAACCGTCTAGGA-1,0.02819,0.001543,0.001543,0.968723
AGAGAAGGAGTACAAT-1,0.258075,0.000751,0.000751,0.740423
AGAGATCTCTAAAGCG-1,0.959467,0.000181,0.000181,0.04017
AGAGCAGTTATGAGAC-1,0.857801,0.00112,0.001121,0.139957
AGAGCCGCCGAGATTT-1,0.26609,0.038631,0.155203,0.540076
AGAGCGGGCTAATCAT-1,0.91674,0.069545,0.000439,0.013276
AGAGCGTACAAGCTCG-1,0.591918,0.047701,0.000157,0.360224
AGAGCTACGAAAGCAT-1,0.393476,0.058725,0.000122,0.547677
AGAGGCTTCGGAAACC-1,0.000071,0.002197,0.051992,0.945741
AGAGGGACAATTGTCC-1,0.303706,0.000095,0.028309,0.66789
AGAGGTATCTCGGTCC-1,0.403947,0.000815,0.000815,0.594422
AGAGTAAACTTCACTA-1,0.21451,0.113327,0.003042,0.669121
AGAGTGAACAGACACC-1,0.40252,0.000247,0.000247,0.596986
AGAGTTAGAGACCGAT-1,0.329719,0.003263,0.00326,0.663758
AGATAATCACACCTAT-1,0.240094,0.295997,0.00065,0.463259
AGATACCAATAGAACC-1,0.055885,0.000052,0.239098,0.704965
AGATACCGGTGTTCAC-1,0.038454,0.000123,0.000123,0.9613
AGATACGACTTCATAT-1,0.560818,0.000148,0.000148,0.438886
AGATACTCAAGATCGA-1,0.146155,0.138963,0.002707,0.712175
AGATATAATACGACTA-1,0.597971,0.002081,0.002083,0.397865
AGATCGTGCATAAGAT-1,0.12608,0.438651,0.000334,0.434936
AGATCTCAGGTGTGAT-1,0.492934,0.000345,0.000345,0.506375
AGATCTGGAGAGGATA-1,0.259224,0.17235,0.000312,0.568114
AGATGACTCGCCCACG-1,0.751561,0.054448,0.000269,0.193722
AGATGAGGGTTGCGAT-1,0.572439,0.003194,0.003186,0.421181
AGATGATGGAGTCTGG-1,0.163406,0.000081,0.071561,0.764952
AGATGCAAGACGTGCA-1,0.09739,0.000182,0.000182,0.902247
AGATGCATCCTGTGTC-1,0.311122,0.006816,0.006859,0.675203
AGATGCTATAACGAGC-1,0.872813,0.00059,0.000591,0.126006
AGATTCAAGCGGGTCG-1,0.281211,0.000626,0.076089,0.642074
AGATTCACAACCGATA-1,0.995493,0.000751,0.000751,0.003005
AGCAAAGGCCGCTAGT-1,0.002434,0.193542,0.00243,0.801594
AGCAACATATCTTATT-1,0.390026,0.000325,0.096164,0.513486
AGCAACCGAAAGTAAT-1,0.476663,0.000152,0.000152,0.523033
AGCACACGTTTAGACT-1,0.146283,0.019562,0.061189,0.772965
AGCACTACCGGCCTGT-1,0.663592,0.215456,0.109696,0.011256
AGCACTACCTCACCAG-1,0.367613,0.00299,0.002988,0.626409
AGCACTTAAGGACGCC-1,0.423117,0.001612,0.001613,0.573658
AGCAGAAGGAGAAAGA-1,0.22049,0.000206,0.000205,0.779099
AGCATATCAATATGCT-1,0.12209,0.00919,0.000947,0.867773
AGCATCATTTCGAAAG-1,0.505829,0.058667,0.000265,0.435239
AGCATTACGAGGCAAG-1,0.208917,0.050401,0.058465,0.682218
AGCCACAGGTTACCCG-1,0.011258,0.105476,0.002999,0.880267
AGCCACTCCCGTGCTT-1,0.435859,0.004954,0.004943,0.554244
AGCCATATAGTATGTG-1,0.064283,0.00031,0.00031,0.935097
AGCCCATACATGTAAG-1,0.308752,0.000784,0.000784,0.68968
AGCCCGGCATTAGAGG-1,0.410578,0.000172,0.000172,0.589078
AGCCCTAAGCGAAGTT-1,0.998332,0.000278,0.000278,0.001112
AGCCCTCCCTGGTGGC-1,0.133833,0.063738,0.000048,0.802381
AGCCCTTCTAATCCGA-1,0.181992,0.299675,0.000371,0.517963
AGCCGCAAATTCAAAT-1,0.6656,0.001865,0.178549,0.153986
AGCCGCTTGATTAGCG-1,0.512561,0.001228,0.001228,0.484984
AGCCGTGGCTAAATGT-1,0.517323,0.168597,0.000418,0.313661
AGCCTAATACCCACGT-1,0.771392,0.216451,0.002431,0.009727
AGCCTTAAAGCGGAAG-1,0.559896,0.000169,0.000169,0.439766
AGCCTTGTCACTGATA-1,0.369871,0.118264,0.001237,0.510628
AGCGACAGGAACGGTC-1,0.373561,0.402003,0.001451,0.222986
AGCGACATCCCATTCA-1,0.71433,0.000095,0.000095,0.285481
AGCGAGACGTGAAGGC-1,0.251874,0.012394,0.000037,0.735695
AGCGATGCGCCTAATA-1,0.114722,0.000057,0.30322,0.582002
AGCGCGGGTGCCAATG-1,0.055454,0.931698,0.000116,0.012732
AGCGCTTATGGGCAAG-1,0.269541,0.001771,0.001771,0.726916
AGCGGACACTTCGTAG-1,0.458157,0.000532,0.000532,0.540779
AGCGGCGGTTAGCGGT-1,0.989878,0.001685,0.001688,0.006749
AGCGGGAAGGGTCCAT-1,0.3868,0.000088,0.054881,0.558231
AGCGGGTCTGACACTC-1,0.640459,0.000206,0.000206,0.359128
AGCGGTTGAGATGTAC-1,0.150088,0.07103,0.000963,0.77792
AGCGTACGAGAGCTAG-1,0.396494,0.000124,0.000124,0.603258
AGCGTAGCGCTAGACC-1,0.53086,0.000759,0.000759,0.467622
AGCGTCTGAACCCGCA-1,0.469475,0.000133,0.000133,0.530259
AGCGTGGTATTCTACT-1,0.003776,0.003778,0.003779,0.988668
AGCGTTCCGATTTAAA-1,0.000875,0.000875,0.000875,0.997375
AGCTAACAAGCAATGT-1,0.378006,0.001561,0.001559,0.618874
AGCTAAGTACGCAGGC-1,0.024311,0.052598,0.014082,0.909009
AGCTAGAAGCAGAAGT-1,0.473078,0.48208,0.008966,0.035877
AGCTATTTAATCCAAC-1,0.167686,0.001104,0.001104,0.830105
AGCTCCATATATGTTC-1,0.10142,0.00007,0.001538,0.896972
AGCTCCTTCGCACATC-1,0.296987,0.105839,0.024876,0.572299
AGCTCTAGACGTTCCA-1,0.580597,0.004949,0.004943,0.409511
AGCTCTTCCCAGTGCA-1,0.006243,0.006237,0.006237,0.981282
AGCTCTTCGTAACCTT-1,0.200522,0.130842,0.000061,0.668575
AGCTGAAGTAAACCAA-1,0.006841,0.006843,0.006833,0.979483
AGCTGCATTTGAGGTG-1,0.566019,0.149259,0.000363,0.284359
AGCTGCTGTGCCGAAT-1,0.225595,0.001204,0.00013,0.77307
AGCTGTAACCTCAATC-1,0.494183,0.001113,0.001113,0.503591
AGCTTATAGAGACCTG-1,0.274805,0.000683,0.000683,0.723829
AGCTTCAATACTTTGA-1,0.363453,0.62758,0.001793,0.007174
AGCTTCTTCTCGAGCA-1,0.417709,0.336811,0.001993,0.243487
AGCTTGATCAGGGTAG-1,0.55857,0.029934,0.000076,0.411419
AGCTTGATCTTAACTT-1,0.390434,0.353165,0.001294,0.255108
AGGAAAGCCTCTGATG-1,0.991578,0.000203,0.000203,0.008017
AGGAAGCTGTCCGCCG-1,0.994781,0.000869,0.00087,0.00348
AGGACAGTCGAATCCC-1,0.017974,0.01793,0.017899,0.946197
AGGACATCGCACGTCG-1,0.504462,0.049604,0.000136,0.445798
AGGACGCTCGATGTTG-1,0.108486,0.002546,0.000424,0.888543
AGGACTTATAGGAGAA-1,0.756903,0.000512,0.044921,0.197664
AGGAGGCCTTCGCGCG-1,0.000042,0.28208,0.054865,0.663013
AGGATAAAGTCGGGAT-1,0.95242,0.000121,0.000121,0.047338
AGGATATAGGGATTTA-1,0.160219,0.317578,0.000229,0.521974
AGGATATCCGACTGCA-1,0.204947,0.0651,0.000159,0.729794
AGGATCACGCGATCTG-1,0.692275,0.003045,0.003048,0.301632
AGGCAAAGAGGAATCA-1,0.419398,0.000649,0.000649,0.579303
AGGCAATACGGAGGAC-1,0.312434,0.262848,0.000516,0.424201
AGGCAGATGCGTAAAC-1,0.253602,0.006516,0.006519,0.733363
AGGCATTGTCGTAGGG-1,0.184967,0.072551,0.000117,0.742365
AGGCCACCCGTTATGA-1,0.237054,0.059191,0.000163,0.703591
AGGCCCAGTGACTGGT-1,0.662781,0.00022,0.00022,0.336779
AGGCCCATTGTACAGG-1,0.71175,0.000151,0.00015,0.287948
AGGCCCTAGAACGCCA-1,0.468822,0.000459,0.000459,0.530261
AGGCCTGAGAATCTCG-1,0.016915,0.097384,0.000039,0.885662
AGGCGGTTTGTCCCGC-1,0.631331,0.00163,0.001629,0.365409
AGGCTATGGTTAGCTT-1,0.583997,0.181483,0.000561,0.233959
AGGCTTCCCGAAGAAG-1,0.236812,0.00068,0.00068,0.761828
AGGCTTGCTAGACACC-1,0.568859,0.010183,0.000219,0.420738
AGGGAAACGAGGTACT-1,0.310707,0.008971,0.008964,0.671359
AGGGACAGCACGGCGG-1,0.720693,0.000454,0.000454,0.278399
AGGGCAGCGGCGTGGT-1,0.80141,0.000214,0.000214,0.198163
AGGGCGAGCAGCTGAT-1,0.785214,0.008428,0.008452,0.197906
AGGGCGTGATCGGCTA-1,0.998895,0.000184,0.000184,0.000737
AGGGTCAGAGCACTCG-1,0.17273,0.000097,0.114788,0.712385
AGGGTCGATGCGAACT-1,0.146767,0.000137,0.102211,0.750885
AGGGTGCCGTTCTTTA-1,0.027598,0.156028,0.000042,0.816332
AGGGTGCTCTCGAGGG-1,0.304422,0.080134,0.152796,0.462648
AGGGTGGATAGTGCAT-1,0.994519,0.000912,0.000913,0.003656
AGGGTGTGCTACACGC-1,0.341594,0.056117,0.000265,0.602025
AGGGTTCAGACGGTCC-1,0.307629,0.000105,0.115197,0.577069
AGGGTTCCCTTTGGTT-1,0.000443,0.885057,0.000443,0.114058
AGGTAACCTCCTATTC-1,0.511436,0.000153,0.000153,0.488257
AGGTACGATATTGCCA-1,0.199992,0.215229,0.000164,0.584614
AGGTAGATCGAGATAT-1,0.446343,0.105392,0.000335,0.44793
AGGTAGGTACAAAGCT-1,0.128644,0.272909,0.000359,0.598088
AGGTCAGGTGAGAGTG-1,0.597504,0.06293,0.000569,0.338997
AGGTCGCCACTTCGGT-1,0.595874,0.00087,0.06928,0.333976
AGGTCGCGGAGTTACT-1,0.333677,0.001611,0.001611,0.6631
AGGTGTATCGCCATGA-1,0.564839,0.00388,0.003872,0.427408
AGGTTCTCCTTTCCGG-1,0.923404,0.048146,0.000251,0.028198
AGGTTGAGGCACGCTT-1,0.352565,0.000296,0.000296,0.646844
AGGTTTCACACACCTT-1,0.304771,0.435516,0.003262,0.25645
AGTAACGTTCATCCTG-1,0.003055,0.00305,0.003056,0.990839
AGTAATGTCTTGCCGC-1,0.769289,0.000154,0.000154,0.230404
AGTAATTTGCAAGCGT-1,0.712973,0.000163,0.005192,0.281672
AGTACAGAAGCTTATA-1,0.24094,0.21421,0.000186,0.544664
AGTACCTTCGAGTGCT-1,0.285193,0.000128,0.008253,0.706426
AGTACGGCCCGTATCG-1,0.236692,0.757915,0.001079,0.004315
AGTACGGGCACCTGGC-1,0.502276,0.00064,0.00064,0.496443
AGTACGTGGCCTGTCT-1,0.011048,0.011035,0.011045,0.966872
AGTACTCTTATGCCCA-1,0.045413,0.010306,0.000166,0.944115
AGTAGAAGGCGCCTCA-1,0.317332,0.000402,0.000402,0.681864
AGTAGCGTGAACGAAC-1,0.703257,0.000763,0.000765,0.295215
AGTAGCTAGACGCCGA-1,0.178276,0.081434,0.00239,0.7379
AGTAGGAAGGAAGTTG-1,0.128035,0.251313,0.000457,0.620195
AGTAGGTAACATACAT-1,0.677106,0.000197,0.000197,0.322501
AGTATAATACTAGGCA-1,0.174933,0.560292,0.000036,0.26474
AGTATCCATAATAACG-1,0.292291,0.083388,0.000131,0.62419
AGTATGCTGGAGACCA-1,0.401865,0.000343,0.077157,0.520634
AGTCAAATGATGTGAT-1,0.25901,0.000066,0.068662,0.672262
AGTCAAGATGACACTT-1,0.263795,0.000891,0.000892,0.734423
AGTCACTAGCTCTCGA-1,0.18033,0.002541,0.000105,0.817024
AGTCACTCCGCCTCAT-1,0.534932,0.000874,0.07992,0.384273
AGTCAGCCACCGCCTG-1,0.439472,0.469765,0.000056,0.090707
AGTCCAGCGGGTACGT-1,0.52947,0.20806,0.000473,0.261996
AGTCCATTGGCTGATG-1,0.004602,0.175398,0.000063,0.819937
AGTCCCGCCTTTAATT-1,0.083432,0.17753,0.000215,0.738823
AGTCGAAACGATTCAG-1,0.229282,0.002608,0.002608,0.765501
AGTCGACGGTCTCAAG-1,0.000216,0.399745,0.000216,0.599824
AGTCGGCCCAAACGAC-1,0.328894,0.025165,0.007421,0.63852
AGTCGGCTCAACTTTA-1,0.627088,0.000886,0.000886,0.371141
AGTCGTATAAAGCAGA-1,0.000067,0.228913,0.000067,0.770952
AGTCGTCGACCACCAA-1,0.113436,0.008213,0.043561,0.83479
AGTCGTGGGCATTACG-1,0.500709,0.007018,0.000262,0.492011
AGTCTCACAAGACTAC-1,0.444894,0.000332,0.021322,0.533452
AGTCTGGACATCCTTG-1,0.898894,0.000285,0.000285,0.100536
AGTCTTTAAAGTGTCC-1,0.479015,0.005134,0.495338,0.020513
AGTGAACAAACTTCTC-1,0.000267,0.210121,0.004778,0.784835
AGTGACTGTGACACAA-1,0.103835,0.051938,0.003927,0.840301
AGTGAGACTTCCAGTA-1,0.126342,0.003588,0.003587,0.866484
AGTGAGCCTCGCCGCC-1,0.132553,0.098155,0.000106,0.769186
AGTGAGGGTTTCTGAC-1,0.002243,0.081981,0.002242,0.913534
AGTGAGTCGAATTAAC-1,0.142972,0.103705,0.228275,0.525047
AGTGATAACCTGCGCG-1,0.086407,0.047995,0.000125,0.865473
AGTGATTCAAGCAGGA-1,0.41454,0.228447,0.001594,0.355419
AGTGCACGCTTAAGAA-1,0.172994,0.000081,0.000081,0.826844
AGTGCGTAGCTCGTAA-1,0.000358,0.385992,0.027656,0.585993
AGTGCTAAACACAGCA-1,0.000024,0.10693,0.076297,0.816749
AGTGCTTGCACGAATA-1,0.181186,0.094082,0.000491,0.724241
AGTGGCGGCAATTTGA-1,0.000703,0.48169,0.000704,0.516904
AGTGGCGTCTGAAGGT-1,0.023268,0.050349,0.015611,0.910772
AGTGGCTCCGTCGGCC-1,0.255524,0.01193,0.684697,0.047848
AGTGGTGTTACCCGTG-1,0.548771,0.011034,0.011048,0.429147
AGTGGTTGCGTATAGG-1,0.454258,0.005307,0.005323,0.535112
AGTGTATTGCGCATTG-1,0.007199,0.002049,0.00205,0.988702
AGTGTGCTAAGATCGC-1,0.733696,0.134924,0.000646,0.130734
AGTGTGGTCTATTGTG-1,0.886839,0.000167,0.007786,0.105208
AGTTAAACACTTGCGA-1,0.305404,0.172752,0.025296,0.496548
AGTTAAGCGGTCCCGG-1,0.592025,0.000806,0.000807,0.406362
AGTTAAGTCAACCGCT-1,0.393646,0.111339,0.00019,0.494826
AGTTACCCTTAAGACT-1,0.995195,0.000801,0.000801,0.003204
AGTTACCGCACATGGT-1,0.779646,0.000194,0.000194,0.219966
AGTTACTCTATCGTGG-1,0.498771,0.199949,0.001938,0.299343
AGTTATTGAAAGGTAA-1,0.00623,0.006265,0.006238,0.981267
AGTTCACCGGTTGGAC-1,0.56721,0.227857,0.000246,0.204688
AGTTCCTATTTATGTT-1,0.40551,0.365307,0.00205,0.227133
AGTTCTGCGTTGTATC-1,0.922265,0.04517,0.000289,0.032275
AGTTGACATCGGCTGG-1,0.383358,0.000253,0.000253,0.616136
AGTTGACGGTCCTTGC-1,0.477653,0.052484,0.01361,0.456253
AGTTGCGGTCCTCAAC-1,0.449635,0.000081,0.003414,0.546869
AGTTGCTGACTGATAT-1,0.863174,0.136017,0.000162,0.000647
AGTTGGCAAGGCTAGA-1,0.208802,0.048921,0.000089,0.742188
AGTTTCGCAGGTCGGA-1,0.537757,0.403282,0.000207,0.058754
AGTTTGCACCTGCCTC-1,0.178829,0.005129,0.005125,0.810916
AGTTTGGCACGGGTTG-1,0.060448,0.115805,0.000227,0.82352
AGTTTGGCCAGACCTA-1,0.299826,0.220498,0.000259,0.479416
ATAAACCATTGGACGG-1,0.471322,0.000886,0.000885,0.526907
ATAAACGGACCCGTAA-1,0.999559,0.000074,0.000073,0.000294
ATAAACGTTGCACCAC-1,0.172399,0.020158,0.000083,0.807361
ATAAAGGTCAAGTACG-1,0.607604,0.007176,0.007179,0.37804
ATAAATATTAGCAGCT-1,0.000076,0.854351,0.013798,0.131775
ATAACGCCGGAGGGTC-1,0.449218,0.538623,0.00243,0.009728
ATAACGGAGTCCAACG-1,0.000634,0.434038,0.000058,0.56527
ATAACGTTACCTCCAC-1,0.167818,0.002819,0.033899,0.795464
ATAAGCAAACACCGAG-1,0.218676,0.052273,0.035209,0.693843
ATAAGGTGGAGAACAT-1,0.396514,0.413011,0.001449,0.189026
ATAAGTACCCGATTGT-1,0.154195,0.029593,0.000083,0.816129
ATAAGTAGGATTCAGA-1,0.29951,0.101404,0.000514,0.598572
ATAAGTAGGGCGACTC-1,0.18882,0.08461,0.000195,0.726375
ATAAGTTACCGCGACG-1,0.723243,0.27307,0.000148,0.00354
ATAATACCGTTAGCCG-1,0.944878,0.00014,0.00014,0.054841
ATAATAGCTGTTGAAT-1,0.999199,0.000133,0.000134,0.000534
ATAATAGTGTAGGGAC-1,0.440042,0.000139,0.000139,0.55968
ATAATCTTGGAGAACC-1,0.554159,0.000849,0.000849,0.444144
ATAATTAGCTAAGTAG-1,0.449088,0.22465,0.000463,0.325799
ATACAGGCCCTCCAAT-1,0.26602,0.005979,0.005986,0.722015
ATACCACGGGCAACTT-1,0.384485,0.321303,0.272136,0.022075
ATACCAGGCTAATAGA-1,0.691148,0.000117,0.000117,0.308618
ATACCAGGTGAGCGAT-1,0.942583,0.009565,0.009587,0.038265
ATACCCTCCCGGCCAA-1,0.414445,0.063269,0.000338,0.521947
ATACCCTGGCTCAAAT-1,0.583341,0.117511,0.000391,0.298757
ATACCTAACCAAGAAA-1,0.770754,0.049795,0.000054,0.179397
ATACGACAGATGGGTA-1,0.145851,0.027439,0.00017,0.82654
ATACGCCGATCTACCG-1,0.434378,0.089521,0.000426,0.475675
ATACGCCGGCGAAACC-1,0.209688,0.001527,0.001526,0.787259
ATACGGAACGTCGTTT-1,0.219764,0.000152,0.000152,0.779932
ATACGGGTTTCGATTG-1,0.282413,0.196434,0.00108,0.520073
ATACGGTGAAGATGCA-1,0.997642,0.000393,0.000393,0.001572
ATACGTACTTAGCCAC-1,0.000577,0.000576,0.000576,0.998271
ATACGTCCACTCCTGT-1,0.142738,0.117714,0.000189,0.739359
ATACGTTATGCACGGA-1,0.516254,0.249562,0.000579,0.233604
ATACTACCCGTACCAC-1,0.01066,0.153106,0.037513,0.798721
ATACTCTCGCCACTCT-1,0.482776,0.000339,0.000339,0.516546
