Barcode,Topic 1,Topic 2,Topic 3,Topic 4,Topic 5
AAACAAGTATCTCCCA-1,0.033723,0.033699,0.034775,0.034131,0.863671
AAACACCAATAACTGC-1,0.013377,0.013483,0.945711,0.013635,0.013795
AAACAGAGCGACTCCT-1,0.004554,0.004601,0.740964,0.004669,0.245212
AAACAGCTTTCAGAAG-1,0.002227,0.004364,0.993106,0.000151,0.000152
AAACAGGGTCTATATT-1,0.000117,0.000119,0.999531,0.000117,0.000116
AAACATGGTGAGAGGA-1,0.100021,0.594056,0.102156,0.101164,0.102603
AAACATTTCCCGGATT-1,0.039778,0.006532,0.530538,0.416502,0.006652
AAACCCGAACGAAATC-1,0.001719,0.001718,0.530832,0.254813,0.210919
AAACCGGAAATGTTAA-1,0.001478,0.001486,0.742594,0.222932,0.031508
AAACCGGGTAGGTACC-1,0.005137,0.005189,0.876332,0.108075,0.005267
AAACCTAAGCAGCCGG-1,0.000223,0.045813,0.297508,0.365209,0.291247
AAACCTCATGAAGTTG-1,0.005449,0.005479,0.761923,0.005511,0.221638
AAACGAAGATGGAGTA-1,0.018234,0.018345,0.610913,0.333816,0.018691
AAACGAGACGGTTGAT-1,0.000234,0.000231,0.878211,0.000235,0.121088
AAACGCTGGGCACGAC-1,0.000253,0.113393,0.803104,0.048143,0.035107
AAACGGGCGTACGGGT-1,0.000189,0.013427,0.392477,0.000189,0.593719
AAACGTGTTCGCCCTA-1,0.036814,0.007225,0.685022,0.263538,0.007401
AAACTCGTGATATAAG-1,0.001518,0.001425,0.30153,0.305909,0.389617
AAACTTAATTGCACGC-1,0.2,0.2,0.2,0.2,0.2
AAACTTGCAAACGTAT-1,0.001161,0.001136,0.995406,0.001146,0.001151
AAAGAATGACCTTAGA-1,0.2,0.2,0.2,0.2,0.2
AAAGAATGTGGACTAA-1,0.010012,0.010126,0.584728,0.384787,0.010346
AAAGACCCAAGTCGCG-1,0.011202,0.218753,0.455672,0.000348,0.314024
AAAGACTGGGCGCTTT-1,0.000481,0.002983,0.980709,0.015338,0.000489
AAAGCTTGCCTACATA-1,0.007143,0.007239,0.278778,0.221049,0.485791
AAAGGCCCTATAATAC-1,0.08821,0.000609,0.76256,0.040685,0.107936
AAAGGGCAGCTTGAAT-1,0.000482,0.005418,0.640864,0.036571,0.316665
AAAGTAGCATTGCTCA-1,0.000178,0.000174,0.88717,0.038866,0.073613
AAAGTCACTGATGTAA-1,0.014737,0.026541,0.733523,0.089767,0.135432
AAAGTCGACCCTCAGT-1,0.002951,0.002973,0.988072,0.002992,0.003012
AAAGTGCCATCAATTA-1,0.00254,0.002565,0.719114,0.002596,0.273186
AAAGTGTGATTTATCT-1,0.007005,0.007001,0.457992,0.19265,0.335352
AAAGTTGACTCCCGTA-1,0.003934,0.039271,0.783274,0.004034,0.169488
AAATAACCATACGGGA-1,0.031677,0.006751,0.440561,0.006846,0.514166
AAATAAGGTAGTGCCC-1,0.006677,0.006753,0.34328,0.218096,0.425195
AAATAGCTTAGACTTT-1,0.005416,0.005468,0.868787,0.114749,0.005579
AAATAGGGTGCTATTG-1,0.000311,0.000318,0.502137,0.051151,0.446083
AAATCCGATACACGCC-1,0.000173,0.000183,0.554954,0.000176,0.444514
AAATCGCGGAAGGAGT-1,0.010531,0.010662,0.010852,0.010876,0.957079
AAATCTAGCCCTGCTA-1,0.018412,0.0184,0.018826,0.018726,0.925636
AAATGATTCGATCAGC-1,0.061721,0.01013,0.010282,0.010216,0.907651
AAATGCTCGTTACGTT-1,0.070389,0.000432,0.388237,0.000438,0.540504
AAATGGCCCGTGCCCT-1,0.012561,0.000301,0.986525,0.000306,0.000306
AAATGGTCAATGTGCC-1,0.001993,0.001968,0.887811,0.002008,0.10622
AAATGTATCTTATCCC-1,0.000932,0.000936,0.87184,0.125364,0.000928
AAATTAATAAGCGCGA-1,0.023323,0.004045,0.865619,0.004133,0.102881
AAATTACACGACTCTG-1,0.057508,0.072265,0.347689,0.378061,0.144478
AAATTACCTATCGATG-1,0.004553,0.004609,0.00559,0.194412,0.790834
AAATTCCAGGTCCAAA-1,0.096711,0.009201,0.648938,0.009303,0.235848
AAATTGATAGTCCTTT-1,0.003042,0.003062,0.98768,0.003109,0.003107
AAATTGCGGCGGTTCT-1,0.000507,0.000493,0.822907,0.000498,0.175595
AAATTGGTGAGAAGCA-1,0.00224,0.002135,0.583119,0.002171,0.410335
AAATTTGCGGGTGTGG-1,0.002671,0.002703,0.989084,0.002798,0.002745
AACAACTGGTAGTTGC-1,0.000959,0.000959,0.521047,0.064031,0.413004
AACAATACATTGTCGA-1,0.050756,0.050717,0.052735,0.79468,0.051112
AACAATTACTCTACGC-1,0.008658,0.007669,0.89595,0.063004,0.024718
AACACACGCTCGCCGC-1,0.097659,0.018476,0.846122,0.018785,0.018957
AACACGAGACGCGGCC-1,0.006708,0.006753,0.972806,0.006826,0.006906
AACACGCGGCCGCGAA-1,0.001858,0.00178,0.532086,0.001817,0.462459
AACAGCTGTGTGGCAA-1,0.015405,0.015634,0.937232,0.015836,0.015892
AACAGGATGGGCCGCG-1,0.033096,0.000502,0.670714,0.000508,0.29518
AACAGGTAGTATGGAT-1,0.004451,0.078948,0.793671,0.004543,0.118387
AACATATCAACTGGTG-1,0.006484,0.006525,0.549939,0.006645,0.430407
AACATCGATACGTCTA-1,0.381409,0.002001,0.002015,0.043295,0.57128
AACATTGGTCAGCCGT-1,0.018537,0.024287,0.49741,0.001396,0.45837
AACCAAGACTTCTCTG-1,0.000544,0.000543,0.928405,0.069955,0.000553
AACCATAGGGTTGAAC-1,0.177371,0.00493,0.383994,0.004974,0.42873
AACCATGGGATCGCTA-1,0.000913,0.006111,0.725935,0.000903,0.266137
AACCCAGAGACGGAGA-1,0.000317,0.164559,0.374484,0.000314,0.460326
AACCCATCCCATGATC-1,0.069699,0.004599,0.671221,0.004678,0.249803
AACCCGAGCAGAATCG-1,0.051942,0.005327,0.250693,0.197846,0.494193
AACCCTACTGTCAATA-1,0.007411,0.007495,0.969706,0.007732,0.007657
AACCGCTAAGGGATGC-1,0.004659,0.004709,0.541387,0.214171,0.235074
AACCTCGCTTTAGCCC-1,0.00022,0.008633,0.540599,0.117268,0.33328
AACCTGTCACGGAATT-1,0.003523,0.003493,0.496449,0.003532,0.493003
AACCTTTAAATACGGT-1,0.020698,0.000446,0.591249,0.05825,0.329357
AACCTTTACGACGTCT-1,0.016905,0.016867,0.0173,0.017184,0.931743
AACGAAAGTCGTCCCA-1,0.028573,0.028756,0.884239,0.029049,0.029384
AACGACCTCCTAGCCG-1,0.011287,0.000525,0.785162,0.000488,0.202538
AACGATAATGCCGTAG-1,0.000238,0.018369,0.164878,0.188159,0.628356
AACGATAGAAGGGCCG-1,0.000178,0.013607,0.387232,0.000176,0.598807
AACGCATGATCTGGGT-1,0.004962,0.004934,0.433812,0.004986,0.551306
AACGCGAACGGCAACA-1,0.00044,0.012905,0.877151,0.06277,0.046734
AACGCTGTTGCTGAAA-1,0.001173,0.001183,0.881005,0.057722,0.058918
AACGGACGTACGTATA-1,0.003405,0.003424,0.749946,0.003452,0.239774
AACGGCCATCTCCGGT-1,0.028208,0.005624,0.841348,0.005722,0.119098
AACGTACTGTGGGTAC-1,0.000859,0.025419,0.213895,0.371854,0.387974
AACGTCAGACTAGTGG-1,0.002324,0.002327,0.766196,0.002372,0.226781
AACGTCGCTGCACTTC-1,0.012098,0.002246,0.901949,0.002271,0.081437
AACGTGCGAAAGTCTC-1,0.000309,0.000353,0.95593,0.000318,0.043091
AACGTTATCAGCACCT-1,0.003609,0.000281,0.99554,0.000284,0.000286
AACGTTCTACCATTGT-1,0.000338,0.000337,0.817909,0.000343,0.181073
AACTACCCGTTTGTCA-1,0.033835,0.005945,0.948131,0.006009,0.00608
AACTAGGCTTGGGTGT-1,0.000798,0.000782,0.866462,0.022754,0.109204
AACTCAAGTTAATTGC-1,0.001047,0.097473,0.740269,0.00103,0.160182
AACTCCAGAGCGTGTT-1,0.000353,0.004463,0.381565,0.000349,0.613269
AACTCGATAAACACGT-1,0.000292,0.004176,0.858107,0.005721,0.131704
AACTCGATGGCGCAGT-1,0.000508,0.012209,0.822485,0.000514,0.164284
AACTCTCAATAGAGCG-1,0.005741,0.005775,0.933179,0.04949,0.005814
AACTCTCAGTGTGCTC-1,0.001492,0.001501,0.921179,0.001517,0.07431
AACTGAGTTATACTGA-1,0.004553,0.004604,0.714492,0.004669,0.271682
AACTTCTGCGTCTATC-1,0.018403,0.000599,0.822854,0.032105,0.126039
AACTTGCCCGTATGCA-1,0.027232,0.000347,0.720765,0.042503,0.209153
AACTTGCGTTCTCGCG-1,0.002515,0.002232,0.902034,0.05937,0.033848
AACTTTACGGGAGCTT-1,0.004664,0.004699,0.981149,0.004738,0.00475
AACTTTCTCGATCATG-1,0.015385,0.015584,0.015924,0.937352,0.015755
AAGAAATCACCAGATT-1,0.008069,0.008085,0.967422,0.008141,0.008284
AAGAAGGATCAGTTAG-1,0.00275,0.002777,0.779387,0.002808,0.212278
AAGACATACGTGGTTT-1,0.005901,0.05163,0.579684,0.006015,0.356769
AAGACCAAATAACTCA-1,0.599913,0.1,0.100043,0.100006,0.100038
AAGACTAACCCGTTGT-1,0.000897,0.000877,0.612091,0.000891,0.385245
AAGAGATGAATCGGTA-1,0.006187,0.00035,0.741583,0.146373,0.105506
AAGAGCTCTTTATCGG-1,0.000303,0.000301,0.94663,0.000304,0.052462
AAGAGGATGTACGCGA-1,0.008431,0.000356,0.969014,0.021855,0.000344
AAGAGGCATGGATCGC-1,0.000279,0.000277,0.851862,0.00028,0.147302
AAGAGGCCCTTTGGAA-1,0.014337,0.014492,0.525199,0.014737,0.431235
AAGATGGCACCGGACC-1,0.011794,0.011907,0.952097,0.012047,0.012154
AAGATTGGCGGAACGT-1,0.001729,0.001746,0.759388,0.001771,0.235366
AAGCACCCTGCGTATC-1,0.000189,0.011695,0.000189,0.077294,0.910633
AAGCCGAAGCGGTTTA-1,0.010535,0.010629,0.48533,0.010696,0.48281
AAGCCGCCGTGAAATC-1,0.076022,0.005487,0.575838,0.005542,0.337112
AAGCCGCTTTACCTTG-1,0.01429,0.014539,0.095495,0.01461,0.861066
AAGCCGGAGAGCAGGA-1,0.001127,0.001127,0.869352,0.001145,0.12725
AAGCGGAGTGCGCGCA-1,0.00405,0.003975,0.389581,0.004034,0.598359
AAGCGTCCCTCATCGA-1,0.016684,0.016814,0.932639,0.016952,0.016912
AAGCTCGTGCCAAGTC-1,0.002785,0.00281,0.785819,0.002834,0.205752
AAGCTCTTTCATGGTG-1,0.00043,0.000427,0.51181,0.000435,0.486898
AAGGAGCGGTTGGTGC-1,0.001927,0.014269,0.706581,0.001866,0.275357
AAGGATCGATCGCTTG-1,0.005562,0.005618,0.892432,0.090686,0.005702
AAGGATGAGGGACCTC-1,0.003341,0.00337,0.690879,0.003406,0.299004
AAGGCAGGCTGTCTCC-1,0.010005,0.092669,0.447988,0.010208,0.439131
AAGGCGCGTAAAGCTT-1,0.002033,0.002042,0.456426,0.133062,0.406438
AAGGCTGTGCTCATCG-1,0.002198,0.0022,0.729756,0.059299,0.206548
AAGGGAACGACTGGCT-1,0.1,0.101313,0.593699,0.102312,0.102677
AAGGGACAGATTCTGT-1,0.007467,0.412786,0.565011,0.007355,0.007381
AAGGGACTATGCATTC-1,0.040073,0.040333,0.838226,0.040716,0.040653
AAGGGTTAGCCATGCG-1,0.000399,0.201754,0.674354,0.000401,0.123092
AAGGGTTTGATTTCAG-1,0.040003,0.040326,0.621845,0.040696,0.25713
AAGGTATCCTAATATA-1,0.000569,0.00057,0.775184,0.045049,0.178627
AAGGTGATAAACCAGC-1,0.002504,0.002528,0.847551,0.144835,0.002583
AAGTAGAAGACCGGGT-1,0.019952,0.000527,0.487846,0.000492,0.491184
AAGTAGTGACGCGAGG-1,0.005428,0.005459,0.929131,0.054436,0.005547
AAGTCAATTGTCGTCA-1,0.003402,0.029401,0.796307,0.068315,0.102575
AAGTCTAGTAGCTGCC-1,0.013453,0.013462,0.013812,0.013635,0.945638
AAGTCTTCTGTGGCCT-1,0.000513,0.000509,0.997945,0.000516,0.000517
AAGTGACGACCGAATT-1,0.00914,0.009189,0.963152,0.009256,0.009263
AAGTGCAAAGGTAGAC-1,0.000182,0.002413,0.997043,0.000182,0.000181
AAGTGCCTTGACTGTA-1,0.035854,0.010122,0.010305,0.010214,0.933505
AAGTGCGTTAGAATCT-1,0.001369,0.001375,0.994467,0.001392,0.001397
AAGTGTTTGGAGACGG-1,0.000369,0.000375,0.449117,0.055495,0.494644
AAGTTCACTCCAAGCT-1,0.000464,0.000489,0.453808,0.000475,0.544764
AAGTTCAGTCTGCGTA-1,0.002912,0.002935,0.178028,0.003003,0.813122
AAGTTCGGCCAACAGG-1,0.001863,0.001836,0.992586,0.001851,0.001863
AAGTTGTGATGTTATA-1,0.000366,0.000364,0.763158,0.000371,0.23574
AATAACAACGCTCGGC-1,0.000292,0.000281,0.769638,0.000285,0.229504
AATAACACTAGAACAA-1,0.006679,0.006738,0.864032,0.115696,0.006856
AATAACGTCGCGCCCA-1,0.000432,0.133933,0.64672,0.000428,0.218486
AATAATCTTCGTATCG-1,0.001946,0.001929,0.612895,0.069826,0.313405
AATACAATGTTTCAGG-1,0.011354,0.000333,0.76757,0.014203,0.20654
AATACCTGATGTGAAC-1,0.004941,0.004935,0.613955,0.196456,0.179712
AATAGAACAGAGTGGC-1,0.05061,0.009653,0.660083,0.269819,0.009837
AATAGAATCTGTTTCA-1,0.000593,0.01487,0.803605,0.042393,0.138539
AATAGCTACCGCGTGC-1,0.167027,0.006349,0.298379,0.006386,0.521859
AATAGTCGCGAGTCGG-1,0.000311,0.000308,0.950776,0.048293,0.000312
AATATCAAGGTCGGAT-1,0.000498,0.341777,0.180472,0.14649,0.330763
AATATCCTAGCAAACT-1,0.021001,0.000157,0.820002,0.000154,0.158687
AATATCGAATCAATGC-1,0.001374,0.001386,0.64917,0.259329,0.088741
AATATCGAGGGTTCTC-1,0.01821,0.018343,0.926303,0.018483,0.018662
AATATTGGAGTATTGA-1,0.005985,0.005944,0.97603,0.006029,0.006012
AATCAGACTGCAGGAC-1,0.000397,0.000437,0.782592,0.0004,0.216174
AATCATGTAAAGACTC-1,0.004121,0.106389,0.430151,0.004197,0.455141
AATCCAAGGGCCTGAG-1,0.000424,0.015954,0.699706,0.041709,0.242208
AATCCATGCAAGGGTG-1,0.026339,0.000364,0.144992,0.291667,0.536638
AATCGCCTCAGCGCCA-1,0.000415,0.000404,0.819451,0.000412,0.179318
AATCGCGCAGAGGACT-1,0.010017,0.01017,0.959198,0.01033,0.010285
AATCGGTATAGCCCTC-1,0.000744,0.000713,0.677002,0.062589,0.258952
AATCGTGAGCCGAGCA-1,0.009317,0.000567,0.774455,0.000521,0.21514
AATCTAGGTTTACTTG-1,0.007651,0.005071,0.914466,0.072503,0.000309
AATCTATGCCGGAGCC-1,0.003708,0.003497,0.817748,0.003551,0.171497
AATCTCTACTGTGGTT-1,0.000751,0.005498,0.885251,0.00076,0.107739
AATCTGCGTTGGGACG-1,0.004424,0.004396,0.982238,0.004447,0.004495
AATCTGGCTTTCTAGT-1,0.000281,0.038694,0.269756,0.554922,0.136345
AATGACAGCAATGTCT-1,0.001262,0.001271,0.994835,0.00133,0.001302
AATGACGTAGGATGTC-1,0.000638,0.000636,0.884491,0.000647,0.113588
AATGACTGTCAGCCGG-1,0.012402,0.00031,0.346907,0.07605,0.564331
AATGAGTTCGCATATG-1,0.000816,0.000811,0.823587,0.067921,0.106866
AATGATGATACGCTAT-1,0.020036,0.020232,0.918852,0.020332,0.020548
AATGATGCGACTCCTG-1,0.007421,0.051388,0.625828,0.307749,0.007613
AATGCACCAAGCAATG-1,0.008565,0.008425,0.766409,0.008504,0.208097
AATGGTCCACCGTTCA-1,0.000661,0.000629,0.997426,0.000644,0.00064
AATGGTTCTCACAAGC-1,0.000436,0.000432,0.590445,0.000441,0.408247
AATGTATGGCACTGTA-1,0.2,0.2,0.2,0.2,0.2
AATGTGCCCGAGGTGT-1,0.002065,0.002059,0.991715,0.002075,0.002085
AATGTGCTAATCTGAG-1,0.012542,0.000186,0.854348,0.021845,0.111079
AATGTTGTCGTGAGAC-1,0.000499,0.000489,0.760172,0.098027,0.140812
AATTAAAGGTCGGCGT-1,0.000597,0.000602,0.789227,0.000612,0.208961
AATTAACGGATTTCCA-1,0.00028,0.000277,0.307048,0.159955,0.53244
AATTACGAGACCCATC-1,0.045845,0.004591,0.004662,0.004718,0.940184
AATTACTCGTACGCTC-1,0.000931,0.000905,0.883072,0.000924,0.114168
AATTAGCGCTGCAGCG-1,0.030147,0.001637,0.738084,0.001669,0.228464
AATTCATAAGGGATCT-1,0.020006,0.020296,0.466074,0.473058,0.020567
AATTCATTGTCATGCA-1,0.2,0.2,0.2,0.2,0.2
AATTCCAACTTGGTGA-1,0.001371,0.047819,0.716711,0.001396,0.232704
AATTCGATTCGAGGAT-1,0.000391,0.000403,0.769489,0.023482,0.206235
AATTGAACGCTCTGGT-1,0.001492,0.390393,0.406369,0.001509,0.200237
AATTGCAGCAATCGAC-1,0.000665,0.000669,0.850931,0.000679,0.147056
AATTGTGGTTGCCAAA-1,0.000432,0.021574,0.805651,0.000427,0.171916
AATTTGGGACATAGTA-1,0.007163,0.007217,0.554455,0.007298,0.423866
ACAAACCATGCGTCCT-1,0.040001,0.04049,0.041565,0.040885,0.837059
ACAAAGAAGGTAGGCC-1,0.007413,0.000214,0.879363,0.042806,0.070204
ACAAAGCATGACCTAG-1,0.000225,0.000219,0.787169,0.000222,0.212165
ACAAATCGCACCGAAT-1,0.001315,0.01057,0.757985,0.001354,0.228776
ACAAATGGTAGTGTTT-1,0.000297,0.000299,0.901149,0.023124,0.075131
ACAACGGTCCCTGCGA-1,0.016122,0.000664,0.659755,0.000672,0.322788
ACAAGCAGTGCCTAGC-1,0.005781,0.000414,0.967736,0.000419,0.02565
ACAAGCTATATGGAAG-1,0.0053,0.000378,0.817592,0.082008,0.094722
ACAAGGAAATCCGCCC-1,0.012721,0.000927,0.793891,0.077901,0.114559
ACAAGGACAAGAGGTT-1,0.019194,0.00049,0.465198,0.178274,0.336843
ACAAGGATGCTTTAGG-1,0.000189,0.000192,0.613842,0.000188,0.385589
ACAAGGGCAGGCTCTG-1,0.000467,0.05594,0.537272,0.274618,0.131704
ACAATAGTCGTACGTT-1,0.013651,0.012618,0.948305,0.012675,0.012751
ACAATCCATTTAAACC-1,0.000474,0.000476,0.828988,0.000487,0.169575
ACAATGAATACGGAGA-1,0.025068,0.025343,0.025925,0.025888,0.897776
ACAATTGTGTCTCTTT-1,0.025001,0.025165,0.898824,0.025538,0.025472
ACAATTTAGGAGGCTC-1,0.003397,0.003429,0.986244,0.003467,0.003463
ACAATTTGAGCAGTGG-1,0.000367,0.000363,0.871629,0.008349,0.119292
ACAATTTGGCCATATT-1,0.001269,0.001282,0.81736,0.001305,0.178784
ACACAAAGACGGGTGG-1,0.00034,0.00033,0.368815,0.000334,0.630181
ACACAAATATTCCTAG-1,0.012403,0.011904,0.466917,0.012083,0.496692
ACACACCAGGACCAGT-1,0.012533,0.002808,0.706732,0.002832,0.275095
ACACATGATCAAATCT-1,0.1,0.101313,0.593699,0.102312,0.102677
ACACATTGACGCAACA-1,0.00742,0.007497,0.740568,0.007602,0.236913
ACACCACATAATTAGC-1,0.009524,0.00963,0.961211,0.009781,0.009855
ACACCCAGCATGCAGC-1,0.000361,0.000351,0.518876,0.000355,0.480057
ACACCCGAGAAATCCG-1,0.000245,0.000243,0.374323,0.000246,0.624943
ACACCGAGCGCTCTTT-1,0.004268,0.004305,0.941306,0.04575,0.004372
ACACCGGTCTGACCGC-1,0.034477,0.002598,0.905483,0.002634,0.054808
ACACCTTAAGTAGGGC-1,0.001405,0.001348,0.86352,0.001375,0.132352
ACACCTTACTACTTGC-1,0.004465,0.004216,0.982728,0.004301,0.004291
ACACGTAGGCCACAAG-1,0.020111,0.020329,0.020688,0.345527,0.593344
ACACTCCAATGTCACT-1,0.038994,0.000523,0.783146,0.00053,0.176806
ACACTGATCAAGGTGT-1,0.002203,0.002226,0.893798,0.002255,0.099519
ACACTGGGACAGTCGT-1,0.003042,0.00307,0.202955,0.171966,0.618968
ACAGAACTGAGAACAA-1,0.012583,0.002312,0.981302,0.003616,0.000186
ACAGCGACATTCTCAT-1,0.004169,0.004226,0.52118,0.127545,0.342879
ACAGGAGGCGCAGCCG-1,0.000915,0.007269,0.872587,0.000942,0.118287
ACAGGCACGGATCCTT-1,0.004275,0.034009,0.81352,0.004194,0.144002
ACAGGCTTGCCCGACT-1,0.003592,0.003614,0.574027,0.00366,0.415107
ACAGGTGGAGGTGAGG-1,0.002412,0.002438,0.990185,0.002478,0.002488
ACAGGTGTGTTGTTGC-1,0.000241,0.003347,0.995941,0.000235,0.000236
ACAGTAATACAACTTG-1,0.000192,0.000192,0.909233,0.090191,0.000193
ACAGTATACCGTGGGA-1,0.013342,0.013533,0.013697,0.013709,0.945719
ACATAAGTCGTGGTGA-1,0.066673,0.06724,0.068828,0.067509,0.72975
ACATCAGCTGGGACGC-1,0.002765,0.002768,0.988847,0.002807,0.002812
ACATCCTGGTAACTGT-1,0.003282,0.003326,0.933617,0.003387,0.056388
ACATCGGTCAGCCGCG-1,0.001461,0.001446,0.994141,0.001473,0.001478
ACATCGTATGCAATGG-1,0.00083,0.013542,0.652251,0.000828,0.332549
ACATGGCGCCAAAGTA-1,0.00313,0.003161,0.551475,0.439019,0.003215
ACATGGCTCAATTTAG-1,0.001779,0.014817,0.875136,0.001785,0.106483
ACATTAGTTTATATCC-1,0.001023,0.001026,0.711675,0.001041,0.285235
ACATTTGAAACCTAAC-1,0.001114,0.013076,0.576973,0.133797,0.27504
ACCAAACACCCAGCGA-1,0.008362,0.008456,0.316552,0.008508,0.658121
ACCAACACCACACACT-1,0.004211,0.004046,0.236934,0.325939,0.42887
ACCAACCGCACTCCAC-1,0.000282,0.000275,0.737534,0.00028,0.261629
ACCAACGCTTATTTAT-1,0.001331,0.001323,0.881887,0.001342,0.114117
ACCAAGAACGCGTGTC-1,0.000285,0.006157,0.290457,0.145745,0.557356
ACCAAGTCATCGGCAG-1,0.004094,0.004121,0.983457,0.004149,0.00418
ACCAATATGCAAGTTA-1,0.000305,0.015985,0.522311,0.03322,0.428178
ACCACAAGTTTCTATC-1,0.000948,0.074726,0.465895,0.12968,0.328751
ACCACCAATGTAACAA-1,0.002479,0.0025,0.974629,0.002627,0.017766
ACCACCCTCTCTTCTA-1,0.003512,0.003549,0.487348,0.188814,0.316777
ACCACGTGCAGCTATA-1,0.000451,0.058746,0.773139,0.000454,0.167209
ACCACTGTTCAAGAAG-1,0.000563,0.000563,0.936653,0.00057,0.06165
ACCAGACCATAACAAC-1,0.000188,0.002638,0.974363,0.00019,0.022621
ACCAGTGCGGGAGACG-1,0.002994,0.00302,0.987866,0.003045,0.003074
ACCATATCCGCAATAA-1,0.001076,0.007412,0.74654,0.184711,0.06026
ACCATCCGCCAACTAG-1,0.000211,0.008669,0.970823,0.000208,0.020089
ACCATCGTATATGGTA-1,0.001755,0.001759,0.789384,0.001783,0.205319
ACCATTAAGGGTGTCA-1,0.000197,0.020307,0.798072,0.057096,0.124329
ACCCAACGCCCGTGGC-1,0.002515,0.00253,0.944249,0.002566,0.04814
ACCCACCTACATGCTC-1,0.009658,0.000302,0.783596,0.021622,0.184822
ACCCATCTTGAGGGTA-1,0.002105,0.00206,0.991652,0.002078,0.002105
ACCCATTTGTCCCTCT-1,0.013361,0.013513,0.662069,0.01369,0.297368
ACCCGAGCGAAATTAC-1,0.338109,0.020232,0.020572,0.020349,0.600738
ACCCGGAAACTCCCAG-1,0.000505,0.000533,0.628047,0.000507,0.370408
ACCCGGAGCACCACAA-1,0.002535,0.002563,0.356148,0.002613,0.636141
ACCCGGATGACGCATC-1,0.007738,0.007788,0.810525,0.16604,0.007909
ACCCGGTTACACTTCC-1,0.000522,0.000546,0.825105,0.041186,0.132641
ACCCGTAGTCTAGTTG-1,0.023507,0.001436,0.96547,0.001459,0.008127
ACCCTATAGGACTGAG-1,0.000828,0.02237,0.793962,0.00085,0.181991
ACCCTATGCCATATCG-1,0.003564,0.003431,0.986032,0.003494,0.003479
ACCCTCCCGTCAGGGC-1,0.013361,0.013526,0.47804,0.013756,0.481318
ACCCTCCCTTGCTATT-1,0.001553,0.001555,0.890951,0.023906,0.082035
ACCCTGGTAACGCCCT-1,0.012751,0.002409,0.002459,0.213385,0.768996
ACCCTTGCCTGGGTCG-1,0.037298,0.006118,0.006204,0.006234,0.944147
ACCGAAGAGTCTGGTT-1,0.00956,0.009647,0.961188,0.009714,0.009891
ACCGACACATCTCCCA-1,0.019859,0.000855,0.54051,0.02158,0.417196
ACCGATAGGCATAACC-1,0.002207,0.00214,0.831687,0.002179,0.161788
ACCGATATTTAATCAT-1,0.002358,0.002383,0.645977,0.002417,0.346865
ACCGATGGTAGCATCG-1,0.005411,0.005476,0.660948,0.005529,0.322636
ACCGCAATAACTGCCT-1,0.000486,0.006739,0.534872,0.000487,0.457414
ACCGCGGTGGAAGTCG-1,0.003967,0.003968,0.722603,0.164184,0.105278
ACCGGGCCTTTGTTGA-1,0.007064,0.006989,0.007105,0.007033,0.971809
ACCGGTCAGGTACACC-1,0.183747,0.028825,0.729362,0.029073,0.028992
ACCGTCCACTGGGCCC-1,0.100003,0.10048,0.10111,0.103503,0.594904
ACCGTGACCACGTGGG-1,0.028572,0.028956,0.884032,0.029007,0.029434
ACCTAAGTACCTTTCA-1,0.00467,0.004693,0.981125,0.004749,0.004763
ACCTAATCGACTTCCT-1,0.000367,0.000356,0.806575,0.010626,0.182075
ACCTACAGTATGTGGT-1,0.010549,0.010702,0.957131,0.010773,0.010845
ACCTCCGCCCTCGCTG-1,0.050358,0.050293,0.797992,0.050704,0.050653
ACCTCCGTTATTCACC-1,0.010566,0.010673,0.867581,0.010818,0.100361
ACCTCGAACTTATGCT-1,0.095895,0.003985,0.583725,0.00401,0.312385
ACCTGCGTGTCATGTT-1,0.000379,0.000369,0.998501,0.000375,0.000376
ACGAAATGGGCGGCAC-1,0.005335,0.000387,0.827746,0.000392,0.166139
ACGACCCATGAGTTGC-1,0.007665,0.019933,0.864205,0.000796,0.107402
ACGACTCTAGGGCCGA-1,0.001044,0.008592,0.908068,0.00102,0.081275
ACGACTGGTCATACTC-1,0.2,0.2,0.2,0.2,0.2
ACGAGAACCCATCACG-1,0.0041,0.00413,0.499857,0.004206,0.487707
ACGAGGATACCACTCT-1,0.000275,0.000266,0.99892,0.000269,0.00027
ACGAGGTTTACAACGT-1,0.068366,0.006741,0.370133,0.006808,0.547952
ACGAGTACGGATGCCC-1,0.015451,0.015557,0.71869,0.234483,0.015819
ACGAGTCGCCGGCGTT-1,0.000452,0.000447,0.998191,0.000454,0.000455
ACGATACATAGAACTA-1,0.005567,0.005636,0.473739,0.005706,0.509352
ACGATACCTATCCTGA-1,0.000205,0.044174,0.884266,0.066661,0.004694
ACGATCATCTTGTAAA-1,0.033334,0.375592,0.522065,0.034199,0.03481
ACGATGCATATGTTAT-1,0.010049,0.001926,0.590709,0.262196,0.135121
ACGCAATCACTACAGC-1,0.21967,0.018418,0.236295,0.506872,0.018746
ACGCATACGTTTACTA-1,0.023471,0.022425,0.90894,0.022577,0.022588
ACGCCAGTGCGTTTGC-1,0.00716,0.007224,0.007336,0.556647,0.421632
ACGCCGCTAGACGACC-1,0.00502,0.005041,0.97975,0.005081,0.005109
ACGCCTGACACGCGCT-1,0.000544,0.042551,0.799025,0.000546,0.157333
ACGCGAAGTCAGACGA-1,0.009243,0.001457,0.843386,0.144486,0.001429
ACGCGCTACACAGGGT-1,0.008708,0.000495,0.748431,0.217377,0.024989
ACGCGTTTCTTAAGAG-1,0.002004,0.044183,0.807159,0.144659,0.001995
ACGCTACTGAATGGGC-1,0.00036,0.000405,0.865535,0.00036,0.13334
ACGCTAGTGATACACT-1,0.011123,0.011221,0.95499,0.011287,0.01138
ACGCTGTGAGGCGTAG-1,0.026786,0.002699,0.804531,0.002735,0.163248
ACGGAACACGAGTGCC-1,0.029198,0.002176,0.298325,0.002194,0.668107
ACGGAATTTAGCAAAT-1,0.000851,0.000837,0.667714,0.029375,0.301223
ACGGACTCTCAAAGCG-1,0.000165,0.000168,0.525831,0.080183,0.393653
ACGGAGCGCAAATTAC-1,0.011132,0.011231,0.338495,0.300841,0.338301
ACGGATGGTGCGGATA-1,0.000386,0.00038,0.000385,0.351737,0.647112
ACGGCACTTGCTTGGG-1,0.001793,0.001808,0.434,0.453003,0.109397
ACGGCGACGATGGGAA-1,0.00032,0.004276,0.745683,0.000313,0.249407
ACGGCGGGTTGCCCTG-1,0.003379,0.003169,0.429212,0.003231,0.561008
ACGGCTGGATGTAGAA-1,0.02,0.020216,0.918402,0.020504,0.020878
ACGGGAGTGTCGGCCC-1,0.001554,0.00151,0.993878,0.001524,0.001534
ACGGGCGTATGCGACA-1,0.10598,0.007783,0.007974,0.007928,0.870334
ACGGGTCATGTGACTT-1,0.009606,0.000741,0.680001,0.150232,0.15942
ACGGTACAGTTCAATG-1,0.008023,0.008109,0.665847,0.008219,0.309803
ACGTATTACTCCGATC-1,0.008018,0.008154,0.798201,0.177311,0.008317
ACGTCTCGTTCCGGGA-1,0.000165,0.00017,0.945292,0.049083,0.00529
ACGTGACAAAGTAAGT-1,0.016737,0.000225,0.982581,0.000228,0.000229
ACGTTAATGTCGAAGA-1,0.011354,0.013174,0.887746,0.000826,0.086899
ACGTTAGATTTGCCCG-1,0.000585,0.000606,0.53234,0.400099,0.06637
ACGTTATTGGTCACTC-1,0.024361,0.000473,0.974202,0.000482,0.000482
ACGTTCGCAATCAATT-1,0.002712,0.002739,0.592912,0.002767,0.39887
ACGTTCTGTACAAGTC-1,0.000277,0.000271,0.734577,0.000276,0.264598
ACGTTTCGGTGCACTT-1,0.000291,0.000287,0.837523,0.000293,0.161607
ACTAAGGACGCACACC-1,0.01002,0.010111,0.010283,0.010272,0.959314
ACTACATCCCGACAAG-1,0.101577,0.101272,0.592701,0.102116,0.102333
ACTACCAGCTCTCTGG-1,0.027335,0.0025,0.50647,0.002532,0.461163
ACTAGTTGCGATCGTC-1,0.007414,0.007535,0.969816,0.007525,0.00771
ACTATATGCTGTGTTC-1,0.055532,0.003899,0.430017,0.102088,0.408463
ACTATCCAGGGCATGG-1,0.004468,0.004491,0.981942,0.004542,0.004557
ACTATCGCCGGCTAAA-1,0.000848,0.015989,0.981456,0.000853,0.000854
ACTATCTGCCCGCGTA-1,0.011779,0.011907,0.012199,0.951955,0.012159
ACTATGTCCAGCTGCC-1,0.2,0.2,0.2,0.2,0.2
ACTATTTCCGGGCCCA-1,0.002013,0.002029,0.99185,0.00205,0.002058
ACTCAACGAATGTATT-1,0.001339,0.001341,0.542433,0.001359,0.453528
ACTCAAGTGCAAGGCT-1,0.000207,0.000207,0.393136,0.000211,0.606239
ACTCAGACCTGCTTCT-1,0.000388,0.05859,0.470084,0.000391,0.470546
ACTCCAATATCATCAT-1,0.066669,0.067543,0.068929,0.068775,0.728084
ACTCCCATTCCTAAAG-1,0.000439,0.000441,0.845379,0.000449,0.153293
ACTCCCGAATTCGTTT-1,0.014286,0.014506,0.941923,0.014584,0.0147
ACTCCCGTAGACTAGG-1,0.038005,0.070109,0.168173,0.004261,0.719452
ACTCCCTAATGCTAAA-1,0.007495,0.000315,0.571877,0.000309,0.420003
ACTCCCTAGAATAGTA-1,0.001104,0.02681,0.684268,0.001112,0.286707
ACTCCGGCCGACCACT-1,0.004017,0.004425,0.883367,0.000283,0.107908
ACTCGATGTATTTCAT-1,0.000401,0.000407,0.938277,0.034324,0.026591
ACTCGCCGTTCGATAA-1,0.001542,0.001534,0.70047,0.088222,0.208233
ACTCGCGATCTGACGC-1,0.002417,0.002532,0.479206,0.242645,0.273199
ACTCGTAACCCGTCCT-1,0.000339,0.000322,0.998686,0.000327,0.000326
ACTCGTCAGTAATCCC-1,0.000351,0.000381,0.883541,0.000356,0.115371
ACTCTAAACCTGGGAT-1,0.00383,0.006754,0.743748,0.245128,0.00054
ACTCTCTGACTTAGGT-1,0.000712,0.004983,0.841735,0.00072,0.15185
ACTCTGACCTAATAGA-1,0.007421,0.007502,0.969682,0.007692,0.007703
ACTCTTCAGCTCCCGC-1,0.006682,0.006739,0.740688,0.006864,0.239026
ACTGAAACGCCGTTAG-1,0.000543,0.003481,0.618739,0.000538,0.376699
ACTGAATGGCGAAAGT-1,0.000708,0.000703,0.880787,0.000716,0.117086
ACTGCGGACACACCGT-1,0.015564,0.002933,0.442975,0.203332,0.335196
ACTGCTCGGAAGGATG-1,0.00038,0.000378,0.998475,0.000384,0.000383
ACTGGCGAACCTGCGT-1,0.014287,0.014446,0.386182,0.014686,0.570398
ACTGTACGATACACAT-1,0.022222,0.022578,0.519423,0.41287,0.022905
ACTGTAGCACTTTGGA-1,0.003639,0.003684,0.452436,0.003723,0.536517
ACTGTATACGCGAGCA-1,0.001167,0.008181,0.604658,0.001178,0.384815
ACTGTCCAGGATTATA-1,0.014791,0.002851,0.847572,0.131887,0.002899
ACTGTGCTAGTAGATC-1,0.002943,0.000483,0.663213,0.008264,0.325097
ACTTACGCATCCACGC-1,0.000438,0.000424,0.403887,0.00043,0.594822
ACTTAGTACGACAAGA-1,0.000479,0.000472,0.719215,0.000478,0.279356
ACTTATACTTACCCGG-1,0.002556,0.002499,0.989846,0.002548,0.002551
ACTTATTAGGATCGGT-1,0.001795,0.001778,0.99276,0.001859,0.001808
ACTTATTTATGTGCCA-1,0.000356,0.02826,0.960511,0.000359,0.010514
ACTTCAGGCTGATCCC-1,0.000624,0.00063,0.491835,0.17132,0.335591
ACTTCCAGTGGAAGCT-1,0.016684,0.01689,0.931687,0.017411,0.017327
ACTTCCATGCGGGACA-1,0.000345,0.000348,0.253867,0.356968,0.388473
ACTTCGCTAGCGAGTG-1,0.012854,0.012616,0.858458,0.103358,0.012714
ACTTGACTCCCTCTTT-1,0.001587,0.001569,0.643966,0.138021,0.214858
ACTTGGGACCCGGTGG-1,0.001866,0.001856,0.68452,0.001879,0.309878
ACTTGTAGTCCCTTCA-1,0.002398,0.000206,0.927005,0.000198,0.070193
ACTTGTGGATGGAACG-1,0.040132,0.040428,0.837977,0.040651,0.040812
ACTTTACCCTCATGAA-1,0.011136,0.011272,0.954544,0.011597,0.011451
ACTTTGACTGCATCCT-1,0.000431,0.000424,0.998285,0.00043,0.00043
ACTTTGGTCGTGCTCC-1,0.018389,0.018416,0.018682,0.018901,0.925611
ACTTTGTCGACGCACT-1,0.004178,0.004217,0.714925,0.215849,0.06083
AGAAATTATGACTCGC-1,0.053723,0.002934,0.420945,0.126211,0.396186
AGAACCCAGCGTGACA-1,0.038972,0.007255,0.93902,0.00733,0.007422
AGAACCCTCAATTGGG-1,0.2,0.2,0.2,0.2,0.2
AGAACTGTACTTTGTA-1,0.008975,0.02564,0.573283,0.000793,0.39131
AGAAGAGCGCCGTTCC-1,0.05,0.050792,0.051769,0.795935,0.051504
AGAAGGTACACTTCAC-1,0.000251,0.000243,0.975029,0.000248,0.024229
AGAAGGTTGCCGAATT-1,0.000894,0.0009,0.980038,0.017257,0.000912
AGAAGGTTGTAGGTCG-1,0.000257,0.000262,0.681093,0.000257,0.318131
AGAAGTGATTCGTGAT-1,0.001801,0.00179,0.992783,0.001809,0.001817
AGAATAAATCTTCAGG-1,0.003305,0.00326,0.986844,0.003282,0.003309
AGAATACAGGCTATCC-1,0.000907,0.014279,0.628758,0.000902,0.355155
AGAATGCGGGTTCGGA-1,0.021543,0.003431,0.784349,0.00353,0.187147
AGAATTATGGATTCGA-1,0.000627,0.011865,0.986221,0.000643,0.000644
AGAATTGTTTGACATA-1,0.008662,0.000401,0.810872,0.000406,0.17966
AGACAGCTCAGAATCC-1,0.000192,0.000191,0.681623,0.16223,0.155764
AGACAGGCATCTCAGC-1,0.002344,0.002089,0.991322,0.00212,0.002125
AGACATAGATCCTTCC-1,0.03061,0.183024,0.456804,0.000805,0.328756
AGACCAAACCACACCT-1,0.000291,0.00029,0.998829,0.000295,0.000295
AGACCATGGGATACAA-1,0.00055,0.000534,0.86766,0.000541,0.130715
AGACCCGCCCTCCTCG-1,0.005048,0.000296,0.338607,0.062444,0.593605
AGACCGCTCCGCGGTT-1,0.003051,0.003066,0.79416,0.003095,0.196627
AGACCGGGAAACCCTG-1,0.00386,0.003891,0.984384,0.003925,0.00394
AGACGAAGTGCCGGTC-1,0.006974,0.00701,0.43714,0.359325,0.18955
AGACGACGATGCCGCT-1,0.002038,0.002025,0.848585,0.145291,0.002062
AGACGCCCACTTCGCC-1,0.014622,0.001838,0.691593,0.001874,0.290073
AGACTAGCCTTCCAGA-1,0.002915,0.002697,0.482031,0.163331,0.349026
AGACTGTTACCGGGTC-1,0.000546,0.007392,0.822286,0.036953,0.132823
AGAGAACCGTCTAGGA-1,0.008013,0.008073,0.967292,0.008297,0.008325
AGAGAAGGAGTACAAT-1,0.004447,0.004508,0.861883,0.004552,0.124609
AGAGATCTCTAAAGCG-1,0.006901,0.006978,0.97194,0.007098,0.007083
AGAGCAGTTATGAGAC-1,0.00678,0.002812,0.952519,0.000413,0.037476
AGAGCCGCCGAGATTT-1,0.070025,0.008438,0.904409,0.008546,0.008581
AGAGCGCTTGTAACGG-1,0.012892,0.012699,0.948683,0.012905,0.01282
AGAGCGTACAAGCTCG-1,0.000587,0.019804,0.746766,0.00057,0.232273
AGAGCTACGAAAGCAT-1,0.009783,0.002114,0.983801,0.002145,0.002157
AGAGGCTTCGGAAACC-1,0.006493,0.006149,0.872208,0.006216,0.108934
AGAGTAAACTTCACTA-1,0.014329,0.014473,0.666,0.290588,0.01461
AGAGTATAGTGTTACG-1,0.007693,0.007774,0.71711,0.007892,0.259531
AGAGTCTTAATGAAAG-1,0.000486,0.074017,0.828697,0.03511,0.061689
AGAGTTGCAGGCCTCC-1,0.088096,0.008785,0.338198,0.008908,0.556014
AGATAACTTCAGGGCC-1,0.001983,0.002006,0.991936,0.002031,0.002044
AGATACCAATAGAACC-1,0.011466,0.002698,0.642277,0.002729,0.34083
AGATACCAGCACTTCA-1,0.113659,0.007516,0.415457,0.007568,0.455801
AGATACCGGTGTTCAC-1,0.002308,0.002329,0.757733,0.002361,0.235268
AGATACGACTTCATAT-1,0.000356,0.000343,0.523633,0.000348,0.475319
AGATACTCAAGATCGA-1,0.000529,0.000526,0.567025,0.186646,0.245274
AGATATAATACGACTA-1,0.004736,0.000485,0.541044,0.090159,0.363576
AGATCGTGCATAAGAT-1,0.016688,0.016907,0.561169,0.017006,0.388231
AGATGAGGGTTGCGAT-1,0.018212,0.018405,0.368223,0.203781,0.39138
AGATGATGGAGTCTGG-1,0.005788,0.00578,0.843948,0.005841,0.138643
AGATGCAAGACGTGCA-1,0.011206,0.011256,0.279463,0.011285,0.686791
AGATGCATCCTGTGTC-1,0.01216,0.000176,0.969256,0.000179,0.01823
AGATGCTATAACGAGC-1,0.000324,0.00033,0.000331,0.802098,0.196917
AGATTATAGGACGTTT-1,0.006779,0.006128,0.974716,0.006156,0.006221
AGATTCACAACCGATA-1,0.00422,0.000245,0.959075,0.036218,0.000243
AGCAAAGGCCGCTAGT-1,0.000167,0.000169,0.000167,0.032285,0.967212
AGCAACATATCTTATT-1,0.004683,0.004722,0.857566,0.004829,0.1282
AGCAACCGAAAGTAAT-1,0.00108,0.001038,0.826829,0.041005,0.130049
AGCACTACCGGCCTGT-1,0.001039,0.001043,0.995799,0.001054,0.001065
AGCACTACCTCACCAG-1,0.024818,0.00063,0.60516,0.000636,0.368756
AGCACTTAAGGACGCC-1,0.000447,0.000446,0.904949,0.000454,0.093704
AGCATATCAATATGCT-1,0.020037,0.020227,0.918373,0.020669,0.020694
AGCATCATTTCGAAAG-1,0.006448,0.00023,0.96802,0.025068,0.000234
AGCATCGTCGATAATT-1,0.004989,0.000317,0.353567,0.000321,0.640806
AGCATTACGAGGCAAG-1,0.000787,0.006148,0.848572,0.000805,0.143687
AGCCACAGGTTACCCG-1,0.000244,0.020826,0.527223,0.055329,0.396378
AGCCACTCCCGTGCTT-1,0.002061,0.001873,0.992266,0.001898,0.001902
AGCCCATACATGTAAG-1,0.039948,0.005454,0.943555,0.00552,0.005523
AGCCCGCACTACAATG-1,0.024552,0.002474,0.84433,0.002518,0.126127
AGCCCGGCATTAGAGG-1,0.020534,0.020365,0.020741,0.468318,0.470042
AGCCCTGTCGCACCGT-1,0.006919,0.006999,0.851268,0.127649,0.007164
AGCCCTTCTAATCCGA-1,0.045754,0.002894,0.254007,0.002923,0.694422
AGCCCTTGGACATCCC-1,0.002722,0.023948,0.618736,0.002777,0.351817
AGCCGCAAATTCAAAT-1,0.000164,0.000162,0.999345,0.000165,0.000164
AGCCGCTTGATTAGCG-1,0.003673,0.003547,0.970582,0.003581,0.018618
AGCCGTGGCTAAATGT-1,0.002158,0.002177,0.991267,0.002192,0.002207
AGCCTAATACCCACGT-1,0.014247,0.000279,0.906486,0.000284,0.078704
AGCCTTAAAGCGGAAG-1,0.000227,0.000221,0.639305,0.191604,0.168643
AGCGACAGGAACGGTC-1,0.00456,0.004589,0.981563,0.00464,0.004647
AGCGACATCCCATTCA-1,0.000312,0.035019,0.42351,0.000313,0.540846
AGCGACCAACGATATT-1,0.000389,0.000406,0.499795,0.0004,0.499011
AGCGATGCGCCTAATA-1,0.001342,0.00135,0.994571,0.001365,0.001372
AGCGCGGGTGCCAATG-1,0.014308,0.014448,0.941447,0.014839,0.014958
AGCGCTAGAGCGATGT-1,0.00163,0.011744,0.606645,0.040544,0.339436
AGCGGCGGTTAGCGGT-1,0.006139,0.000221,0.993189,0.000226,0.000225
AGCGGGAAGGGTCCAT-1,0.000373,0.000392,0.623719,0.000372,0.375144
AGCGGTTGCCGCTCTG-1,0.004771,0.00482,0.429184,0.064826,0.496399
AGCGTACGAGAGCTAG-1,0.009408,0.000603,0.738793,0.000613,0.250583
AGCGTAGCGCTAGACC-1,0.022381,0.022505,0.023125,0.022696,0.909293
AGCGTCTGAACCCGCA-1,0.01106,0.086777,0.70851,0.182907,0.010745
AGCGTGGTATTCTACT-1,0.001311,0.00129,0.475975,0.001311,0.520112
AGCTAACAAGCAATGT-1,0.066667,0.067219,0.068668,0.729865,0.067581
AGCTAAGTACGCAGGC-1,0.000162,0.000159,0.552065,0.000162,0.447451
AGCTAGAAGCAGAAGT-1,0.01177,0.011905,0.492787,0.012052,0.471486
AGCTCCATATATGTTC-1,0.013349,0.013493,0.43544,0.01367,0.524048
AGCTCCTTCGCACATC-1,0.003789,0.003752,0.620943,0.003802,0.367714
AGCTCGTTGATGGAAA-1,0.004091,0.003817,0.277358,0.003861,0.710873
AGCTCTAGACGTTCCA-1,0.00044,0.018146,0.948279,0.000447,0.032688
AGCTCTTCCCAGTGCA-1,0.007432,0.007508,0.969796,0.007587,0.007678
AGCTCTTCGTAACCTT-1,0.003913,0.003888,0.63843,0.004039,0.34973
AGCTCTTTACTCAGTT-1,0.001329,0.001332,0.574489,0.26531,0.15754
AGCTGAAGTAAACCAA-1,0.082619,0.015904,0.86937,0.015939,0.016168
AGCTGTAACCTCAATC-1,0.001308,0.001317,0.921773,0.074263,0.001339
AGCTTCTTCTCGAGCA-1,0.000408,0.000396,0.647505,0.000403,0.351288
AGCTTGATCTTAACTT-1,0.005405,0.005346,0.97832,0.005466,0.005462
AGGAAAGCCTCTGATG-1,0.005684,0.000443,0.911182,0.036175,0.046515
AGGAACGAACGACTTC-1,0.0034,0.638768,0.32966,0.002166,0.026006
AGGACAGTCGAATCCC-1,0.000378,0.010881,0.749848,0.063118,0.175774
AGGACATCGCACGTCG-1,0.000419,0.009134,0.409942,0.145585,0.434921
AGGACATCGGCACACT-1,0.000536,0.000584,0.725134,0.000538,0.273208
AGGACGACCCATTAGA-1,0.000996,0.000933,0.87755,0.000946,0.119575
AGGACGCTCGATGTTG-1,0.034205,0.006981,0.55248,0.007071,0.399263
AGGACTTATAGGAGAA-1,0.000186,0.340685,0.436065,0.117948,0.105116
AGGAGACATCCACAGT-1,0.006475,0.249716,0.730433,0.006686,0.006689
AGGAGAGTCTGGCTAC-1,0.057909,0.006762,0.690976,0.006849,0.237503
AGGAGGCCTTCGCGCG-1,0.010622,0.010604,0.957372,0.010672,0.01073
AGGATAAAGTCGGGAT-1,0.000331,0.000329,0.680122,0.009009,0.310209
AGGATATAGGGATTTA-1,0.020907,0.020244,0.917306,0.020924,0.020619
AGGATATCCGACTGCA-1,0.001331,0.001324,0.572433,0.192329,0.232582
AGGATCACGCGATCTG-1,0.000355,0.000336,0.801019,0.191303,0.006987
AGGATTGCTTACGACA-1,0.003103,0.003111,0.268483,0.218126,0.507177
AGGCAATACGGAGGAC-1,0.00049,0.000495,0.897934,0.000506,0.100575
AGGCACGTGACTGTCC-1,0.003474,0.003497,0.896104,0.09338,0.003546
AGGCAGATGCGTAAAC-1,0.00212,0.002131,0.166615,0.528666,0.300468
AGGCATTGTCGTAGGG-1,0.016742,0.133344,0.815466,0.016899,0.017549
AGGCCACATTGGTTAC-1,0.00605,0.054244,0.630616,0.00608,0.303009
AGGCCACCCGTTATGA-1,0.001292,0.001263,0.831949,0.001295,0.164201
AGGCCCAGTGACTGGT-1,0.001707,0.001607,0.539996,0.333705,0.122984
AGGCCCATTGTACAGG-1,0.000283,0.000294,0.435242,0.000288,0.563893
AGGCCCTAGAACGCCA-1,0.004279,0.004291,0.982777,0.004331,0.004322
AGGCCTGAGAATCTCG-1,0.000337,0.000345,0.577346,0.029229,0.392743
AGGCGATAACTGGCGT-1,0.001007,0.001061,0.682033,0.061262,0.254637
AGGCGGTTTGTCCCGC-1,0.028577,0.028837,0.884489,0.029074,0.029022
AGGCGTCTATGGACGG-1,0.008074,0.008097,0.623908,0.00839,0.351532
AGGCTATGGTTAGCTT-1,0.014046,0.000516,0.899531,0.000524,0.085383
AGGCTTCCCGAAGAAG-1,0.001824,0.230808,0.645599,0.001864,0.119905
AGGCTTGCTAGACACC-1,0.02187,0.000552,0.846778,0.00056,0.130241
AGGGAAACGAGGTACT-1,0.002571,0.0215,0.352623,0.002635,0.620671
AGGGACCGGCTGCGTT-1,0.003744,0.003748,0.79488,0.003795,0.193833
AGGGAGACATACTTCG-1,0.011115,0.011243,0.011462,0.011551,0.95463
AGGGCCCTAATGTTCT-1,0.000444,0.152978,0.726898,0.05623,0.063451
AGGGCGAGCAGCTGAT-1,0.003647,0.003672,0.85275,0.003735,0.136195
AGGGCGTGATCGGCTA-1,0.000299,0.020218,0.248968,0.000295,0.730219
AGGGTCAGTAACCCTA-1,0.0264,0.003025,0.003082,0.183468,0.784024
AGGGTCGATGCGAACT-1,0.00426,0.004312,0.982692,0.004349,0.004386
AGGGTCTGGACGCAGT-1,0.001264,0.001242,0.823224,0.07125,0.103021
AGGGTGCCGTTCTTTA-1,0.141716,0.001697,0.853108,0.00175,0.001728
AGGGTGCTCTCGAGGG-1,0.02502,0.025261,0.898797,0.025462,0.02546
AGGGTGGATAGTGCAT-1,0.000552,0.000555,0.905442,0.092888,0.000563
AGGGTTCCCTTTGGTT-1,0.002416,0.00213,0.991139,0.002147,0.002168
AGGTAACCTCCTATTC-1,0.000332,0.000339,0.571001,0.000333,0.427994
AGGTAGATCGAGATAT-1,0.1,0.101109,0.594566,0.102593,0.101732
AGGTAGGTACAAAGCT-1,0.00061,0.00059,0.893059,0.0006,0.105141
AGGTATAATTGATAGT-1,0.003863,0.003893,0.69616,0.046054,0.25003
AGGTATGCGGACATTA-1,0.013349,0.013476,0.945678,0.013755,0.013743
AGGTCAGGTGAGAGTG-1,0.002282,0.002249,0.990882,0.002292,0.002295
AGGTCGCCACTTCGGT-1,0.089148,0.015588,0.557704,0.015705,0.321855
AGGTCGCCTCCCAACA-1,0.001238,0.010109,0.796937,0.001273,0.190443
AGGTCGCGGAGTTACT-1,0.022822,0.022529,0.908355,0.022978,0.023316
AGGTGCACGTCCACAT-1,0.082169,0.014432,0.874126,0.014493,0.014779
AGGTGTATCGCCATGA-1,0.007163,0.00721,0.971109,0.007267,0.00725
AGGTGTTGCCGACCAC-1,0.00056,0.013843,0.801355,0.000565,0.183676
AGGTTACACCATGCCG-1,0.025181,0.00492,0.95993,0.004952,0.005018
AGGTTCTCCTTTCCGG-1,0.022382,0.009462,0.364133,0.12285,0.481172
AGTAACTATAGCAGCC-1,0.020954,0.003889,0.967272,0.003924,0.003961
AGTAATGTCTTGCCGC-1,0.000314,0.000311,0.323424,0.000314,0.675637
AGTACATCATTTATCA-1,0.016726,0.141707,0.807203,0.017201,0.017164
AGTACGGCCCGTATCG-1,0.000842,0.000776,0.9968,0.000792,0.00079
AGTACGGGCACCTGGC-1,0.004119,0.000445,0.915492,0.032381,0.047563
AGTACTCTTATGCCCA-1,0.000325,0.000357,0.765795,0.00033,0.233193
AGTAGGAAGGAAGTTG-1,0.009542,0.009618,0.764169,0.206911,0.009761
AGTAGGTAACATACAT-1,0.000483,0.012426,0.759464,0.000494,0.227133
AGTATAATACTAGGCA-1,0.000755,0.005521,0.832391,0.000769,0.160564
AGTATCCATAATAACG-1,0.035912,0.015298,0.20289,0.000677,0.745222
AGTATGCTGGAGACCA-1,0.022224,0.022542,0.670214,0.262025,0.022996
AGTCAACACCACCATC-1,0.001073,0.001176,0.707729,0.037829,0.252193
AGTCAAGATGACACTT-1,0.000451,0.006979,0.863967,0.000463,0.12814
AGTCACTAGCTCTCGA-1,0.01115,0.011237,0.868472,0.097844,0.011297
AGTCACTCCGCCTCAT-1,0.000414,0.014496,0.652757,0.00041,0.331922
AGTCAGCCACCGCCTG-1,0.000661,0.000649,0.38345,0.262562,0.352679
AGTCCAGCGGGTACGT-1,0.013554,0.000698,0.426179,0.181645,0.377924
AGTCCATTGGCTGATG-1,0.010014,0.014752,0.660235,0.080193,0.234806
AGTCCCGCCTTTAATT-1,0.010041,0.010107,0.010295,0.390473,0.579084
AGTCCCTCGCAGAAAG-1,0.004597,0.004598,0.250316,0.004727,0.73576
AGTCGAATTAGCGTAA-1,0.000286,0.000283,0.788807,0.000288,0.210336
AGTCGACGGTCTCAAG-1,0.001885,0.021041,0.973179,0.00196,0.001935
AGTCGGCCCAAACGAC-1,0.000433,0.043712,0.000438,0.676462,0.278954
AGTCGGCTCAACTTTA-1,0.000999,0.017055,0.9799,0.001026,0.001019
AGTCGGTTGCGTGAGA-1,0.042628,0.002351,0.274692,0.002383,0.677946
AGTCGTATAAAGCAGA-1,0.000234,0.026744,0.574346,0.145351,0.253325
AGTCGTCGACCACCAA-1,0.000268,0.000275,0.52646,0.072606,0.400392
AGTCGTGGGCATTACG-1,0.000291,0.000291,0.998826,0.000295,0.000296
AGTCTAAAGTATACTC-1,0.004658,0.004716,0.415957,0.047232,0.527436
AGTCTCACAAGACTAC-1,0.000448,0.000427,0.998258,0.000434,0.000432
AGTCTGGACATCCTTG-1,0.025868,0.000535,0.676816,0.001067,0.295714
AGTCTTTAAAGTGTCC-1,0.011575,0.003662,0.829304,0.000537,0.154922
AGTGAACAAACTTCTC-1,0.012567,0.012672,0.774684,0.187201,0.012875
AGTGAAGATGGTGTCC-1,0.003406,0.187244,0.003457,0.46772,0.338174
AGTGACCTACTTTACG-1,0.000453,0.01954,0.843077,0.00046,0.13647
AGTGACTGTGACACAA-1,0.028435,0.000218,0.866069,0.058663,0.046614
AGTGAGACTTCCAGTA-1,0.009527,0.009659,0.961118,0.009808,0.009888
AGTGAGCCTCGCCGCC-1,0.028574,0.028749,0.884674,0.029078,0.028925
AGTGAGTCGAATTAAC-1,0.000632,0.00063,0.763936,0.055079,0.179723
AGTGATAACCTGCGCG-1,0.00023,0.000227,0.458548,0.00023,0.540765
AGTGATATGAGTAGTT-1,0.000513,0.006024,0.763906,0.074247,0.15531
AGTGATTCAAGCAGGA-1,0.006701,0.006754,0.476661,0.006858,0.503026
AGTGCACGCTTAAGAA-1,0.035215,0.003821,0.003891,0.244036,0.713038
