Barcode,Topic 1,Topic 2to4,Topic 5to7,Topic 8,Topic 9
AAACAACGAATAGTTC-1,0.000056,0.349777,0.650054,0.000056,0.000056
AAACAAGTATCTCCCA-1,0.00025,0.174243,0.825008,0.00025,0.00025
AAACAATCTACTAGCA-1,0.000439,0.235361,0.763321,0.000439,0.000439
AAACACCAATAACTGC-1,0.001293,0.195032,0.801091,0.001292,0.001293
AAACAGCTTTCAGAAG-1,0.000072,0.088443,0.91134,0.000072,0.000072
AAACAGGGTCTATATT-1,0.000332,0.000996,0.998009,0.000332,0.000332
AAACATGGTGAGAGGA-1,0.000038,0.000115,0.99977,0.000038,0.000038
AAACATTTCCCGGATT-1,0.000299,0.000897,0.998207,0.000299,0.000299
AAACCACTACACAGAT-1,0.000407,0.202574,0.705317,0.000407,0.091295
AAACCCGAACGAAATC-1,0.00006,0.335871,0.66395,0.00006,0.00006
AAACCGGAAATGTTAA-1,0.000035,0.52036,0.479535,0.000035,0.000035
AAACCGGGTAGGTACC-1,0.000076,0.000228,0.953707,0.000076,0.045913
AAACCTAAGCAGCCGG-1,0.000195,0.000586,0.998828,0.000195,0.000195
AAACCTCATGAAGTTG-1,0.005072,0.43622,0.508421,0.000031,0.050255
AAACGAAGAACATACC-1,0.000039,0.101655,0.898227,0.000039,0.000039
AAACGAAGATGGAGTA-1,0.000124,0.055952,0.911086,0.000124,0.032714
AAACGCTGGGCACGAC-1,0.002526,0.007582,0.984839,0.002525,0.002527
AAACGGGCGTACGGGT-1,0.000465,0.001396,0.997209,0.000465,0.000465
AAACGGGTTGGTATCC-1,0.000742,0.084945,0.912831,0.000741,0.000741
AAACGGTTGCGAACTG-1,0.00004,0.040148,0.959734,0.00004,0.00004
AAACGTGTTCGCCCTA-1,0.001058,0.003177,0.993648,0.001058,0.001059
AAACTAACGTGGCGAC-1,0.000095,0.000286,0.999428,0.000095,0.000095
AAACTCGGTTCGCAAT-1,0.000272,0.000816,0.972462,0.000272,0.026179
AAACTCGTGATATAAG-1,0.000934,0.002803,0.994395,0.000934,0.000934
AAACTTGCAAACGTAT-1,0.000048,0.0002,0.999655,0.000048,0.000048
AAAGAATGACCTTAGA-1,0.010917,0.084222,0.904294,0.000283,0.000284
AAAGAATGTGGACTAA-1,0.020648,0.093886,0.866306,0.000368,0.018792
AAAGACCCAAGTCGCG-1,0.000111,0.321533,0.678132,0.000111,0.000112
AAAGACTGGGCGCTTT-1,0.002926,0.109736,0.881489,0.002924,0.002925
AAAGCTTGCCTACATA-1,0.00023,0.000691,0.998619,0.00023,0.00023
AAAGGCTACGGACCAT-1,0.000875,0.002627,0.994748,0.000875,0.000875
AAAGGGATGTAGCAAG-1,0.000042,0.640499,0.299747,0.000042,0.059671
AAAGGGCAGCTTGAAT-1,0.000118,0.000353,0.956133,0.000118,0.043279
AAAGGTAAGCTGTACC-1,0.000037,0.161206,0.838683,0.000037,0.000037
AAAGTAGCATTGCTCA-1,0.00046,0.001379,0.997243,0.000459,0.000459
AAAGTCACTGATGTAA-1,0.090002,0.007099,0.898169,0.002364,0.002366
AAAGTCGACCCTCAGT-1,0.000118,0.000353,0.999293,0.000118,0.000118
AAAGTGCCATCAATTA-1,0.001112,0.054337,0.942328,0.001111,0.001112
AAAGTGTGATTTATCT-1,0.000019,0.84198,0.157962,0.000019,0.000019
AAAGTTGACTCCCGTA-1,0.000028,0.817515,0.182401,0.000028,0.000028
AAATAAGGTAGTGCCC-1,0.000268,0.000804,0.998393,0.000268,0.000268
AAATACCTATAAGCAT-1,0.000023,0.134049,0.244548,0.000023,0.621356
AAATAGCTTAGACTTT-1,0.000975,0.002926,0.834104,0.000975,0.16102
AAATAGGGTGCTATTG-1,0.000079,0.339451,0.621504,0.000079,0.038887
AAATCCGATACACGCC-1,0.000095,0.000285,0.99943,0.000095,0.000095
AAATCGCGGAAGGAGT-1,0.002911,0.042305,0.954664,0.00006,0.00006
AAATCTAGCCCTGCTA-1,0.000296,0.247606,0.751507,0.000296,0.000296
AAATGATTCGATCAGC-1,0.000621,0.001863,0.996274,0.000621,0.000621
AAATGCTCGTTACGTT-1,0.001634,0.004906,0.885126,0.001634,0.1067
AAATGGCATGTCTTGT-1,0.000704,0.095338,0.804451,0.000703,0.098804
AAATGGCCCGTGCCCT-1,0.000097,0.000292,0.999417,0.000097,0.000097
AAATGGTCAATGTGCC-1,0.000061,0.329584,0.670232,0.000061,0.000061
AAATGTATCTTATCCC-1,0.004631,0.391795,0.594312,0.00463,0.004631
AAATTAATAAGCGCGA-1,0.117698,0.849601,0.019623,0.006536,0.006543
AAATTCCAGGTCCAAA-1,0.001822,0.384178,0.610356,0.001821,0.001823
AAATTGCGGCGGTTCT-1,0.003412,0.279353,0.717125,0.000055,0.000055
AAATTGGTGAGAAGCA-1,0.003269,0.009812,0.980381,0.003268,0.00327
AAATTTGCGGGTGTGG-1,0.024417,0.000849,0.974168,0.000283,0.000283
AACAACTGGTAGTTGC-1,0.000103,0.749689,0.250003,0.000103,0.000103
AACAATACATTGTCGA-1,0.000161,0.000483,0.905108,0.000161,0.094087
AACAATTACTCTACGC-1,0.000156,0.072423,0.906943,0.000156,0.020321
AACACACGCTCGCCGC-1,0.000046,0.496073,0.50379,0.000046,0.000046
AACACGACTGTACTGA-1,0.000767,0.0023,0.9954,0.000766,0.000767
AACACGAGACGCGGCC-1,0.000043,0.000128,0.992061,0.000043,0.007726
AACACGCGGCCGCGAA-1,0.000031,0.417667,0.582239,0.000031,0.000031
AACAGCTGTGTGGCAA-1,0.000027,0.094736,0.249161,0.000027,0.656048
AACAGGAAATCGAATA-1,0.00005,0.40708,0.592771,0.00005,0.00005
AACAGGATGGGCCGCG-1,0.000088,0.000263,0.972539,0.000088,0.027023
AACAGGTAGTATGGAT-1,0.002058,0.006178,0.987646,0.002058,0.002059
AACATATCAACTGGTG-1,0.000084,0.162956,0.785035,0.000084,0.05184
AACATCGATACGTCTA-1,0.024569,0.73626,0.237894,0.000639,0.000639
AACATTGGTCAGCCGT-1,0.000591,0.275414,0.668339,0.000591,0.055065
AACATTGTGACTCGAG-1,0.000727,0.00218,0.9018,0.000726,0.094567
AACCAAGACTTCTCTG-1,0.00608,0.199749,0.794083,0.000044,0.000044
AACCATGGGATCGCTA-1,0.00171,0.005132,0.989738,0.001709,0.001711
AACCCAGAGACGGAGA-1,0.00227,0.006807,0.986387,0.002268,0.002269
AACCCATCCCATGATC-1,0.000114,0.000343,0.999314,0.000114,0.000114
AACCCGACAACCCGTG-1,0.000242,0.919895,0.05582,0.000242,0.0238
AACCCGAGCAGAATCG-1,0.000529,0.119681,0.831845,0.000529,0.047415
AACCCGATAGGGCTTC-1,0.000423,0.670158,0.328574,0.000422,0.000423
AACCCTACTGTCAATA-1,0.000021,0.857301,0.142637,0.000021,0.000021
AACCGCTAAGGGATGC-1,0.000051,0.207698,0.79215,0.000051,0.000051
AACCGTTGTGTTTGCT-1,0.004831,0.0145,0.971003,0.004831,0.004835
AACCTCGCTTTAGCCC-1,0.009289,0.000338,0.990148,0.000112,0.000113
AACCTGTCACGGAATT-1,0.001635,0.004906,0.99019,0.001634,0.001635
AACCTTTAAATACGGT-1,0.009734,0.006144,0.983914,0.000104,0.000104
AACGAAAGTCGTCCCA-1,0.000084,0.000252,0.999496,0.000084,0.000084
AACGACCTCCTAGCCG-1,0.006672,0.178605,0.814096,0.000313,0.000313
AACGATAATGCCGTAG-1,0.000113,0.105154,0.881543,0.000113,0.013077
AACGATAGAAGGGCCG-1,0.003705,0.011122,0.977764,0.003704,0.003706
AACGCATGATCTGGGT-1,0.000071,0.914678,0.046031,0.000071,0.039149
AACGCGAACGGCAACA-1,0.000072,0.166412,0.83337,0.000072,0.000072
AACGCGACCTTGGGCG-1,0.000118,0.054842,0.944805,0.000118,0.000118
AACGCGGTCTCCAGCC-1,0.000209,0.069723,0.867614,0.000209,0.062244
AACGCTGTTGCTGAAA-1,0.000115,0.212844,0.786809,0.000115,0.000115
AACGGACGTACGTATA-1,0.00104,0.490144,0.502523,0.000027,0.006265
AACGGCCATCTCCGGT-1,0.000171,0.489635,0.509852,0.000171,0.000171
AACGTAGTCTACCCAT-1,0.00005,0.436017,0.563832,0.00005,0.00005
AACGTCAGACTAGTGG-1,0.024378,0.180966,0.791805,0.001425,0.001426
AACGTTATCAGCACCT-1,0.001039,0.67047,0.326414,0.001038,0.001039
AACTACCCGTTTGTCA-1,0.001308,0.003924,0.886255,0.001307,0.107205
AACTAGCGTATCGCAC-1,0.027816,0.833255,0.083372,0.027778,0.02778
AACTAGGCTTGGGTGT-1,0.000351,0.080036,0.864019,0.000351,0.055243
AACTCAAGTTAATTGC-1,0.000055,0.575832,0.424004,0.000055,0.000055
AACTCCAGAGCGTGTT-1,0.00807,0.001864,0.865553,0.000621,0.123893
AACTCGATAAACACGT-1,0.003473,0.254039,0.73554,0.003472,0.003476
AACTCGATGGCGCAGT-1,0.000926,0.00278,0.994441,0.000926,0.000927
AACTCTCAATAGAGCG-1,0.000074,0.000221,0.999558,0.000074,0.000074
AACTGAGGTCAGCGTC-1,0.000573,0.166559,0.831722,0.000573,0.000573
AACTGAGTTATACTGA-1,0.000085,0.488046,0.469467,0.000085,0.042316
AACTGATATTAGGCCT-1,0.000137,0.016241,0.983346,0.000137,0.000137
AACTGGGTCCCGACGT-1,0.062042,0.091433,0.844617,0.000157,0.001752
AACTGGTGTGGGCCTT-1,0.000243,0.413743,0.585527,0.000243,0.000243
AACTTCTGCGTCTATC-1,0.003368,0.123294,0.866602,0.003367,0.003368
AACTTGCCCGTATGCA-1,0.000054,0.10775,0.862024,0.000054,0.030118
AACTTGCGTTCTCGCG-1,0.000722,0.585018,0.412817,0.000722,0.000722
AACTTTACGGGAGCTT-1,0.011121,0.639368,0.327277,0.011111,0.011123
AACTTTAGCTGCTGAG-1,0.027778,0.833242,0.083412,0.027778,0.027791
AACTTTCTCGATCATG-1,0.001764,0.005295,0.989412,0.001764,0.001765
AAGAAATCACCAGATT-1,0.001765,0.335946,0.658761,0.001764,0.001764
AAGAAGGATCAGTTAG-1,0.000882,0.002648,0.994706,0.000882,0.000883
AAGACATACGTGGTTT-1,0.001249,0.278844,0.71741,0.001248,0.001249
AAGACCAAATAACTCA-1,0.000211,0.05035,0.949018,0.00021,0.000211
AAGACTAACCCGTTGT-1,0.00016,0.548601,0.450919,0.00016,0.00016
AAGAGATGAATCGGTA-1,0.000073,0.210802,0.768536,0.000073,0.020516
AAGAGGATGTACGCGA-1,0.000096,0.000289,0.999422,0.000096,0.000096
AAGAGGCCCTTTGGAA-1,0.029107,0.002317,0.967033,0.000772,0.000772
AAGATGGCACCGGACC-1,0.010439,0.091961,0.676387,0.000418,0.220795
AAGATTGGCGGAACGT-1,0.000097,0.334621,0.665086,0.000097,0.000097
AAGCACCCTGCGTATC-1,0.000456,0.001367,0.997266,0.000455,0.000456
AAGCATACTCTCCTGA-1,0.000109,0.000326,0.832132,0.000109,0.167324
AAGCCGAAGCGGTTTA-1,0.000686,0.248398,0.749544,0.000686,0.000686
AAGCCGCTTTACCTTG-1,0.002224,0.006672,0.986658,0.002222,0.002224
AAGCCGGAGAGCAGGA-1,0.001389,0.00417,0.991662,0.001389,0.00139
AAGCGCAGGGCTTTGA-1,0.00041,0.001231,0.970461,0.00041,0.027488
AAGCGGAGTGCGCGCA-1,0.000296,0.71928,0.279833,0.000296,0.000296
AAGCGTCCCTCATCGA-1,0.000098,0.056465,0.721791,0.000098,0.221548
AAGCTAGATCGAGTAA-1,0.000064,0.027593,0.751678,0.000064,0.2206
AAGCTCTTTCATGGTG-1,0.009668,0.000617,0.989304,0.000205,0.000206
AAGGAGCGGTTGGTGC-1,0.000031,0.935227,0.053079,0.000031,0.011632
AAGGATCGATCGCTTG-1,0.001659,0.004979,0.990043,0.001658,0.00166
AAGGATGAGGGACCTC-1,0.000211,0.000632,0.810629,0.00021,0.188318
AAGGCAGGCTGTCTCC-1,0.005578,0.049279,0.944859,0.000142,0.000142
AAGGCGCGTAAAGCTT-1,0.00117,0.331408,0.665082,0.00117,0.00117
AAGGCTGTGCTCATCG-1,0.000071,0.727347,0.27244,0.000071,0.000071
AAGGGAACGACTGGCT-1,0.000119,0.742852,0.256791,0.000119,0.000119
AAGGGTTTGATTTCAG-1,0.000125,0.171356,0.828268,0.000125,0.000125
AAGGTATCCTAATATA-1,0.000109,0.000326,0.954007,0.000109,0.045449
AAGGTGATAAACCAGC-1,0.005175,0.879054,0.107652,0.000015,0.008104
AAGTAGAAGACCGGGT-1,0.077417,0.066784,0.710449,0.000918,0.144431
AAGTAGTGACGCGAGG-1,0.000091,0.041272,0.883204,0.00009,0.075343
AAGTCAATTGTCGTCA-1,0.006304,0.847402,0.144898,0.000038,0.001358
AAGTCTAGTAGCTGCC-1,0.000732,0.002194,0.995611,0.000731,0.000731
AAGTCTTCTGTGGCCT-1,0.015874,0.04766,0.904716,0.015873,0.015876
AAGTGACGACCGAATT-1,0.000072,0.000216,0.999567,0.000072,0.000072
AAGTGAGTCGGGTTTA-1,0.000691,0.002072,0.995857,0.00069,0.000691
AAGTGCAAAGGTAGAC-1,0.064535,0.009809,0.919117,0.003268,0.00327
AAGTGCCTTGACTGTA-1,0.004487,0.867497,0.125111,0.000041,0.002864
AAGTGCGTTAGAATCT-1,0.000213,0.000638,0.998724,0.000212,0.000213
AAGTGCTTCTCTATTG-1,0.000433,0.001298,0.997404,0.000432,0.000433
AAGTGTTTGGAGACGG-1,0.000083,0.230285,0.64533,0.000083,0.124219
AAGTTCACTCCAAGCT-1,0.000142,0.228436,0.77114,0.000142,0.000142
AAGTTCAGTCTGCGTA-1,0.000138,0.003274,0.996313,0.000138,0.000138
AAGTTCGGCCAACAGG-1,0.000746,0.002239,0.823753,0.000746,0.172516
AAGTTGTGATGTTATA-1,0.000579,0.286739,0.711524,0.000579,0.000579
AAGTTTACTAATGGCA-1,0.000576,0.3512,0.580018,0.000576,0.067631
AAGTTTATGGGCCCAA-1,0.000285,0.151486,0.847659,0.000285,0.000285
AATAACAACGCTCGGC-1,0.000057,0.010442,0.989388,0.000057,0.000057
AATAATCTTCGTATCG-1,0.00305,0.087373,0.909467,0.000055,0.000055
AATACAATGTTTCAGG-1,0.003268,0.00981,0.980384,0.003268,0.00327
AATACCGGAGGGCTGT-1,0.000193,0.85798,0.141442,0.000193,0.000193
AATAGAATCTGTTTCA-1,0.000165,0.172947,0.723283,0.000165,0.103439
AATAGCAAGCCTCCTG-1,0.000481,0.144103,0.727237,0.000481,0.127698
AATAGCTACCGCGTGC-1,0.015118,0.371907,0.612685,0.000145,0.000145
AATAGTCCGTCCCGAC-1,0.000503,0.00151,0.909733,0.000503,0.087752
AATAGTCGCGAGTCGG-1,0.30114,0.495809,0.202473,0.000289,0.000289
AATATCAAGGTCGGAT-1,0.000062,0.000185,0.99963,0.000062,0.000062
AATATCCTAGCAAACT-1,0.012347,0.466472,0.037066,0.012346,0.471769
AATATCGAATCAATGC-1,0.000639,0.001917,0.996166,0.000639,0.000639
AATATCGAGGGTTCTC-1,0.000173,0.073638,0.925841,0.000173,0.000173
AATATTGGAGTATTGA-1,0.000085,0.093746,0.906001,0.000085,0.000085
AATCAGACTGCAGGAC-1,0.000193,0.257622,0.7418,0.000193,0.000193
AATCAGGTTTCATTTA-1,0.008022,0.225382,0.757588,0.000579,0.00843
AATCATGTAAAGACTC-1,0.000208,0.329144,0.670232,0.000208,0.000208
AATCCAAGGGCCTGAG-1,0.004116,0.012357,0.975295,0.004115,0.004118
AATCCATGCAAGGGTG-1,0.000076,0.118796,0.880975,0.000076,0.000076
AATCGCGCAGAGGACT-1,0.002849,0.086035,0.905415,0.002849,0.002851
AATCGGGACACTACGA-1,0.00125,0.078677,0.917575,0.001248,0.001249
AATCGGTATAGCCCTC-1,0.000271,0.000814,0.898043,0.000271,0.100602
AATCGTGAGCCGAGCA-1,0.000268,0.000804,0.963126,0.000268,0.035535
AATCTAGGTTTACTTG-1,0.000074,0.000223,0.999555,0.000074,0.000074
AATCTATGCCGGAGCC-1,0.000805,0.002417,0.995167,0.000805,0.000806
AATCTCTACTGTGGTT-1,0.000471,0.001414,0.997173,0.000471,0.000471
AATCTGCGTTGGGACG-1,0.000251,0.221745,0.734204,0.00025,0.04355
AATCTGGCTTTCTAGT-1,0.000098,0.000294,0.999412,0.000098,0.000098
AATGACAGCAATGTCT-1,0.000564,0.203756,0.794551,0.000564,0.000564
AATGACGTAGGATGTC-1,0.000024,0.179616,0.150185,0.000024,0.670152
AATGACTGTCAGCCGG-1,0.000036,0.886476,0.113415,0.000036,0.000036
AATGAGTTCGCATATG-1,0.00095,0.304858,0.692292,0.00095,0.00095
AATGATGCGACTCCTG-1,0.00032,0.000961,0.998078,0.00032,0.00032
AATGCAACCGGGTACC-1,0.000028,0.81929,0.16019,0.000028,0.020464
AATGGCCGCCAATGCG-1,0.001079,0.199161,0.797601,0.001079,0.00108
AATGGTCCACCGTTCA-1,0.001886,0.005654,0.949711,0.001883,0.040866
AATGGTTCTCACAAGC-1,0.001793,0.382143,0.612479,0.001792,0.001793
AATGTGCCCGAGGTGT-1,0.012117,0.159213,0.82822,0.000225,0.000226
AATGTGCTAATCTGAG-1,0.000089,0.000267,0.999465,0.000089,0.000089
AATGTTGTCGTGAGAC-1,0.000093,0.715501,0.28422,0.000093,0.000093
AATTAACGGATTTCCA-1,0.024336,0.001962,0.972394,0.000654,0.000654
AATTACGAGACCCATC-1,0.000159,0.441898,0.557626,0.000159,0.000159
AATTACTCGTACGCTC-1,0.000448,0.407297,0.591358,0.000448,0.000448
AATTAGCGCTGCAGCG-1,0.000098,0.066905,0.665855,0.000098,0.267044
AATTCCAACTTGGTGA-1,0.005849,0.535653,0.446797,0.005848,0.005853
AATTCCAAGCATGTAC-1,0.000157,0.00047,0.999059,0.000157,0.000157
AATTCGATTCGAGGAT-1,0.000248,0.210907,0.771407,0.000247,0.01719
AATTCTAGAGTTAGGC-1,0.000052,0.088927,0.548316,0.000052,0.362654
AATTGAACGCTCTGGT-1,0.0001,0.051278,0.798202,0.0001,0.150321
AATTGCAGCAATCGAC-1,0.000783,0.002349,0.995303,0.000782,0.000783
AATTGTGGTTGCCAAA-1,0.001278,0.003834,0.992333,0.001277,0.001278
AATTTGGTTCCAAAGA-1,0.002058,0.150897,0.842928,0.002058,0.002059
ACAAAGAAGGTAGGCC-1,0.010102,0.03032,0.939373,0.010101,0.010105
ACAAAGCATGACCTAG-1,0.000456,0.001367,0.997266,0.000455,0.000456
ACAAATCGCACCGAAT-1,0.000104,0.339387,0.6603,0.000104,0.000104
ACAAATGGTAGTGTTT-1,0.000113,0.100757,0.839686,0.000113,0.059332
ACAACGGTCCCTGCGA-1,0.000151,0.052622,0.946925,0.000151,0.000151
ACAAGCAGTGCCTAGC-1,0.000121,0.000363,0.999274,0.000121,0.000121
ACAAGCTATATGGAAG-1,0.022226,0.380659,0.552652,0.022222,0.02224
ACAAGGAAATCCGCCC-1,0.000113,0.019975,0.921732,0.000113,0.058067
ACAAGGACAAGAGGTT-1,0.000801,0.3912,0.6064,0.000799,0.0008
ACAAGGATGCTTTAGG-1,0.000123,0.000368,0.999265,0.000123,0.000123
ACAAGGGCAGGCTCTG-1,0.000051,0.150918,0.356134,0.000051,0.492845
ACAATAGTCGTACGTT-1,0.000058,0.000174,0.999652,0.000058,0.000058
ACAATCCATTTAAACC-1,0.003735,0.072505,0.832581,0.000054,0.091125
ACAATGATTCTTCTAC-1,0.020177,0.08323,0.895811,0.000391,0.000391
ACAATTGTGTCTCTTT-1,0.000046,0.669711,0.330152,0.000046,0.000046
ACAATTTAGGAGGCTC-1,0.018539,0.661547,0.282858,0.018519,0.018536
ACAATTTGAGCAGTGG-1,0.000138,0.000414,0.883216,0.000138,0.116095
ACAATTTGGCCATATT-1,0.000118,0.000354,0.999293,0.000118,0.000118
ACACAAAGACGGGTGG-1,0.008448,0.373565,0.617758,0.000114,0.000114
ACACAAATATTCCTAG-1,0.064801,0.293941,0.636088,0.002584,0.002586
ACACACCAGGACCAGT-1,0.00008,0.107448,0.880581,0.00008,0.011811
ACACACTTTCTACACG-1,0.002851,0.008551,0.874768,0.002849,0.110981
ACACATTGACGCAACA-1,0.001765,0.005295,0.989411,0.001764,0.001766
ACACCACATAATTAGC-1,0.105035,0.235822,0.656527,0.001307,0.001309
ACACCCAGCATGCAGC-1,0.007956,0.7259,0.234749,0.000056,0.031339
ACACCCGAGAAATCCG-1,0.001566,0.235849,0.759454,0.001565,0.001566
ACACCCGTAAATCTGT-1,0.005586,0.289256,0.704377,0.000069,0.000711
ACACCGAGCGCTCTTT-1,0.006174,0.700687,0.28079,0.006173,0.006176
ACACCTTAAGTAGGGC-1,0.000148,0.830301,0.14438,0.000148,0.025024
ACACCTTACTACTTGC-1,0.00278,0.008339,0.983324,0.002778,0.00278
ACACGTAGGCCACAAG-1,0.000628,0.001885,0.996231,0.000628,0.000628
ACACTCCAATGTCACT-1,0.001522,0.00457,0.990863,0.001522,0.001523
ACACTGGGACAGTCGT-1,0.000767,0.224061,0.773639,0.000766,0.000767
ACAGAACTGAGAACAA-1,0.001793,0.00538,0.989242,0.001792,0.001793
ACAGATTAGGTTAGTG-1,0.000171,0.284343,0.676086,0.000171,0.039229
ACAGCATAGAGCCAGT-1,0.002315,0.006948,0.906413,0.002315,0.08201
ACAGCGACATTCTCAT-1,0.000984,0.002952,0.994097,0.000983,0.000984
ACAGGAGGCGCAGCCG-1,0.011112,0.273117,0.227551,0.011111,0.477108
ACAGGCACGGATCCTT-1,0.000194,0.302102,0.697315,0.000194,0.000194
ACAGGCTTGCCCGACT-1,0.00897,0.442827,0.519052,0.000072,0.029079
ACAGGTGTGTTGTTGC-1,0.037037,0.111143,0.777744,0.037037,0.037039
ACAGTAATACAACTTG-1,0.0003,0.000899,0.998202,0.000299,0.0003
ACAGTATACCGTGGGA-1,0.00171,0.005132,0.989737,0.001709,0.001711
ACATAAGTCGTGGTGA-1,0.000063,0.19239,0.807423,0.000062,0.000063
ACATAATAAGGCGGTG-1,0.000043,0.308159,0.627482,0.000043,0.064272
ACATCAGCTGGGACGC-1,0.005851,0.42221,0.560241,0.005848,0.00585
ACATCCCGGCCATACG-1,0.001589,0.004765,0.99047,0.001587,0.001589
ACATCCTGGTAACTGT-1,0.000097,0.556687,0.443022,0.000097,0.000097
ACATCGGTCAGCCGCG-1,0.000635,0.213824,0.784271,0.000635,0.000635
ACATCGTATGCAATGG-1,0.000097,0.030265,0.918474,0.000097,0.051066
ACATGGCGCCAAAGTA-1,0.0001,0.807132,0.178833,0.0001,0.013835
ACATGGCTCAATTTAG-1,0.000235,0.274162,0.661859,0.000234,0.063511
ACATTAGTTTATATCC-1,0.000219,0.083428,0.701587,0.000219,0.214546
ACCAAACACCCAGCGA-1,0.002588,0.007759,0.984485,0.002584,0.002585
ACCAACACCACACACT-1,0.041084,0.255193,0.701738,0.000992,0.000993
ACCAACCGCACTCCAC-1,0.00009,0.04967,0.937402,0.000089,0.012749
ACCAAGAACGCGTGTC-1,0.001793,0.00538,0.989242,0.001792,0.001794
ACCAAGTCATCGGCAG-1,0.000206,0.016036,0.950645,0.000206,0.032908
ACCAATATGCAAGTTA-1,0.027202,0.140856,0.830925,0.000117,0.0009
ACCACAAGTTTCTATC-1,0.00007,0.301907,0.662008,0.00007,0.035944
ACCACCAATGTAACAA-1,0.000409,0.133426,0.865348,0.000408,0.000409
ACCACCCTCTCTTCTA-1,0.001463,0.146224,0.849388,0.001462,0.001463
ACCACGTGCAGCTATA-1,0.000142,0.000425,0.930607,0.000142,0.068684
ACCACTGTTCAAGAAG-1,0.000794,0.207576,0.790042,0.000794,0.000794
ACCAGACCATAACAAC-1,0.027827,0.083365,0.833238,0.027778,0.027792
ACCAGGAGTGTGATCT-1,0.000034,0.329461,0.585206,0.000034,0.085264
ACCAGTGCCCGGTCAA-1,0.000461,0.325823,0.638543,0.000461,0.034712
ACCAGTGCGGGAGACG-1,0.000034,0.948789,0.05111,0.000034,0.000034
ACCATCCGCCAACTAG-1,0.000862,0.002586,0.994829,0.000861,0.000862
ACCATCGTATATGGTA-1,0.000122,0.224011,0.775622,0.000122,0.000122
ACCATTAAGGGTGTCA-1,0.000386,0.398034,0.600808,0.000386,0.000386
ACCCAACGCCCGTGGC-1,0.000215,0.000644,0.90027,0.000215,0.098657
ACCCACCTACATGCTC-1,0.000483,0.330927,0.667623,0.000483,0.000483
ACCCATCTTGAGGGTA-1,0.000243,0.762958,0.220137,0.000243,0.016419
ACCCATTTGTCCCTCT-1,0.001324,0.00397,0.930385,0.001323,0.062998
ACCCGAGCGAAATTAC-1,0.000147,0.093603,0.803384,0.000147,0.102719
ACCCGATTGGTTCCGA-1,0.00008,0.108791,0.822253,0.00008,0.068798
ACCCGGAAACTCCCAG-1,0.203029,0.690043,0.106912,0.000008,0.000008
ACCCGGAGCACCACAA-1,0.001483,0.004448,0.991106,0.001481,0.001482
ACCCGGATGACGCATC-1,0.000172,0.902517,0.096967,0.000172,0.000172
ACCCGTAGTCTAGTTG-1,0.005741,0.163787,0.79122,0.000338,0.038914
ACCCTATAGGACTGAG-1,0.001049,0.091414,0.90544,0.001048,0.001049
ACCCTATGCCATATCG-1,0.000153,0.000474,0.955102,0.000153,0.044119
ACCCTCCCGTCAGGGC-1,0.000187,0.470247,0.471153,0.000186,0.058227
ACCCTCCCTTGCTATT-1,0.000106,0.480687,0.503644,0.000106,0.015457
ACCCTGGTAACGCCCT-1,0.003705,0.011119,0.977765,0.003704,0.003707
ACCCTTCATCTGCGAA-1,0.005557,0.22783,0.755498,0.005556,0.005559
ACCCTTGCCTGGGTCG-1,0.053627,0.007942,0.771311,0.002646,0.164475
ACCGAAAGGGCCCTGC-1,0.000046,0.498134,0.477613,0.000046,0.024161
ACCGAAGAGTCTGGTT-1,0.004261,0.000249,0.995324,0.000083,0.000083
ACCGACACATCTCCCA-1,0.001482,0.004448,0.823321,0.001481,0.169267
ACCGATAGGCATAACC-1,0.000522,0.235674,0.76276,0.000522,0.000522
ACCGATATTTAATCAT-1,0.000129,0.000387,0.999226,0.000129,0.000129
ACCGATGGTAGCATCG-1,0.012407,0.290453,0.697014,0.000063,0.000063
ACCGCAATAACTGCCT-1,0.000111,0.106038,0.877824,0.000111,0.015916
ACCGCGGTGGAAGTCG-1,0.000176,0.796743,0.202729,0.000176,0.000176
ACCGGGCCTTTGTTGA-1,0.000079,0.305574,0.694189,0.000079,0.000079
ACCGTCCACTGGGCCC-1,0.00028,0.082718,0.916442,0.00028,0.00028
ACCGTGACCACGTGGG-1,0.000397,0.053376,0.778254,0.000397,0.167577
ACCGTTCCCGCTCTGA-1,0.000082,0.107105,0.886487,0.000082,0.006244
ACCTAAGTACCTTTCA-1,0.00034,0.389534,0.609446,0.00034,0.00034
ACCTAATCGACTTCCT-1,0.000086,0.079871,0.919871,0.000086,0.000086
ACCTACAGTATGTGGT-1,0.001308,0.003925,0.992153,0.001307,0.001308
ACCTACTATAAATCTA-1,0.000103,0.000309,0.984786,0.000103,0.014699
ACCTCCGCCCTCGCTG-1,0.001389,0.192288,0.803544,0.001389,0.00139
ACCTCCGTTATTCACC-1,0.00247,0.278379,0.714211,0.002469,0.002471
ACCTGCGTGTCATGTT-1,0.02463,0.628506,0.346791,0.000036,0.000036
ACGAAATGGGCGGCAC-1,0.000043,0.434896,0.503973,0.000043,0.061044
ACGACCCATGAGTTGC-1,0.000722,0.401574,0.596261,0.000722,0.000722
ACGACTCTAGGGCCGA-1,0.001504,0.285352,0.71014,0.001502,0.001502
ACGACTGGTCATACTC-1,0.001853,0.005559,0.843344,0.001852,0.147393
ACGAGAACCCATCACG-1,0.000934,0.19096,0.806237,0.000934,0.000934
ACGAGGATACCACTCT-1,0.000073,0.000218,0.984103,0.000072,0.015534
ACGAGGTTTACAACGT-1,0.000142,0.005794,0.992779,0.000142,0.001142
ACGAGTACGGATGCCC-1,0.002924,0.008777,0.875262,0.002924,0.110112
ACGAGTCGCCGGCGTT-1,0.009267,0.821841,0.027795,0.009259,0.131837
ACGATACCTATCCTGA-1,0.015877,0.904701,0.047673,0.015873,0.015877
ACGATCATACATAGAG-1,0.000066,0.317383,0.659891,0.000066,0.022594
ACGATCATCTTGTAAA-1,0.001001,0.003005,0.993991,0.001001,0.001002
ACGATGCATATGTTAT-1,0.000041,0.58146,0.411938,0.000041,0.006519
ACGATGGATCCGATGC-1,0.002268,0.006808,0.986386,0.002268,0.00227
ACGCAAACTAATAGAT-1,0.002851,0.130753,0.860696,0.002849,0.002851
ACGCAATCACTACAGC-1,0.000494,0.001483,0.997035,0.000494,0.000494
ACGCATAAATGACATG-1,0.000354,0.380453,0.528686,0.000354,0.090153
ACGCATACGTTTACTA-1,0.001611,0.085223,0.909944,0.00161,0.001611
ACGCCTGACACGCGCT-1,0.001523,0.139681,0.855751,0.001522,0.001523
ACGCGCTACACAGGGT-1,0.007853,0.101017,0.890251,0.000439,0.00044
ACGCGTTTCTTAAGAG-1,0.009266,0.027805,0.944406,0.009259,0.009263
ACGCTAGTGATACACT-1,0.000117,0.114815,0.884834,0.000117,0.000117
ACGCTGTGAGGCGTAG-1,0.000055,0.002292,0.997544,0.000055,0.000055
ACGGAATTTAGCAAAT-1,0.001566,0.004699,0.990603,0.001565,0.001566
ACGGACTCTCAAAGCG-1,0.001463,0.190323,0.805289,0.001462,0.001463
ACGGAGCGCAAATTAC-1,0.000934,0.750749,0.246449,0.000934,0.000935
ACGGATGGTGCGGATA-1,0.025988,0.00051,0.970055,0.00017,0.003277
ACGGCACTTGCTTGGG-1,0.000441,0.001324,0.878389,0.000441,0.119406
ACGGCGACGATGGGAA-1,0.000101,0.000304,0.952539,0.000101,0.046954
ACGGCGGGTTGCCCTG-1,0.00013,0.292948,0.706664,0.00013,0.00013
ACGGGAGTGTCGGCCC-1,0.000073,0.037866,0.961916,0.000073,0.000073
ACGGGCGTATGCGACA-1,0.001884,0.461918,0.53243,0.001883,0.001884
ACGGGTCATGTGACTT-1,0.00041,0.337923,0.660846,0.00041,0.00041
ACGGTACAGTTCAATG-1,0.000695,0.383737,0.614179,0.000694,0.000695
ACGTACAGATTTCTCT-1,0.003269,0.009813,0.98038,0.003268,0.00327
ACGTAGGAGAGTCGCT-1,0.000038,0.279317,0.720569,0.000038,0.000038
ACGTATTACTCCGATC-1,0.000153,0.431259,0.568283,0.000153,0.000153
ACGTCTCGTTCCGGGA-1,0.000173,0.271891,0.72759,0.000173,0.000173
ACGTGACAAAGTAAGT-1,0.028463,0.75436,0.21691,0.000133,0.000133
ACGTGCGCCTCGTGCA-1,0.000116,0.066589,0.933062,0.000116,0.000116
ACGTTAGATTTGCCCG-1,0.000691,0.37021,0.627718,0.00069,0.000691
ACGTTATTGGTCACTC-1,0.000573,0.280901,0.71738,0.000573,0.000573
ACGTTCCGCGCTCCGT-1,0.000109,0.499755,0.481506,0.000109,0.018521
ACGTTCGCAATCAATT-1,0.001635,0.093958,0.901138,0.001634,0.001635
ACGTTCGTTCAGGAAA-1,0.000475,0.001426,0.864714,0.000475,0.132911
ACGTTCTGTACAAGTC-1,0.000238,0.000714,0.998572,0.000238,0.000238
ACGTTTAGTTGTGATC-1,0.000284,0.557545,0.441599,0.000283,0.000289
ACTAAGGACGCACACC-1,0.002181,0.00654,0.986921,0.002179,0.002179
ACTACCAGCTCTCTGG-1,0.000436,0.477276,0.415854,0.000436,0.105999
ACTACGCGTTAGAATT-1,0.069762,0.001985,0.926929,0.000661,0.000662
ACTAGTTGCGATCGTC-1,0.000481,0.146984,0.805097,0.000481,0.046957
ACTATATGCTGTGTTC-1,0.000106,0.064009,0.935674,0.000106,0.000106
ACTATCCAGGGCATGG-1,0.000695,0.002085,0.995831,0.000694,0.000695
ACTATCGCCGGCTAAA-1,0.000611,0.37815,0.620018,0.000611,0.000611
ACTATCTGCCCGCGTA-1,0.000309,0.182037,0.817037,0.000309,0.000309
ACTATTTCCGGGCCCA-1,0.000153,0.014809,0.944755,0.000153,0.04013
ACTCAACGAATGTATT-1,0.000271,0.000814,0.998373,0.000271,0.000271
ACTCAAGTGCAAGGCT-1,0.000136,0.000409,0.999181,0.000136,0.000136
ACTCAGACCTGCTTCT-1,0.000133,0.000399,0.999202,0.000133,0.000133
ACTCCAATATCATCAT-1,0.000048,0.113649,0.620313,0.000048,0.265942
ACTCCCATTCCTAAAG-1,0.000081,0.011706,0.988052,0.000081,0.000081
ACTCCCGAATTCGTTT-1,0.00285,0.008553,0.982897,0.002849,0.002851
ACTCCCGTAGACTAGG-1,0.002365,0.007096,0.985808,0.002364,0.002366
ACTCCCTAATGCTAAA-1,0.035766,0.002626,0.920095,0.000875,0.040638
ACTCCCTAGAATAGTA-1,0.000072,0.120487,0.720153,0.000072,0.159216
ACTCCGGCCGACCACT-1,0.000147,0.036956,0.962603,0.000147,0.000147
ACTCGATGTATTTCAT-1,0.00036,0.204652,0.794269,0.00036,0.00036
ACTCGCCGTTCGATAA-1,0.000278,0.283959,0.715207,0.000278,0.000278
ACTCGCGATCTGACGC-1,0.001793,0.005379,0.989242,0.001792,0.001793
ACTCGTAACCCGTCCT-1,0.000091,0.000272,0.999457,0.00009,0.000091
ACTCTAAACCTGGGAT-1,0.003834,0.148732,0.839768,0.003831,0.003835
ACTCTCTGACTTAGGT-1,0.000078,0.213728,0.510864,0.000078,0.275252
ACTCTGACCTAATAGA-1,0.000116,0.245372,0.654881,0.000116,0.099514
ACTCTTCAGCTCCCGC-1,0.000919,0.002757,0.994487,0.000918,0.000919
ACTGAAACGCCGTTAG-1,0.000319,0.1277,0.871344,0.000318,0.000319
ACTGAATGGCGAAAGT-1,0.000144,0.388922,0.494856,0.000144,0.115933
ACTGCCGTCGTAACTC-1,0.000463,0.170655,0.77685,0.000463,0.051569
ACTGCGGACACACCGT-1,0.001852,0.005559,0.988883,0.001852,0.001853
ACTGCTCGGAAGGATG-1,0.000157,0.181563,0.817965,0.000157,0.000157
ACTGGCGAACCTGCGT-1,0.000942,0.002827,0.994347,0.000942,0.000942
ACTGGGATGCCAGTGC-1,0.003269,0.009809,0.980384,0.003268,0.003271
ACTGTAGCACTTTGGA-1,0.01281,0.417695,0.499474,0.000378,0.069643
ACTGTATACGCGAGCA-1,0.001852,0.005559,0.988884,0.001852,0.001853
ACTGTCCAGGATTATA-1,0.000094,0.24671,0.75301,0.000093,0.000094
ACTGTGCTAGTAGATC-1,0.001852,0.00556,0.988882,0.001852,0.001854
ACTTACGCATCCACGC-1,0.021477,0.000345,0.977948,0.000115,0.000115
ACTTAGTACGACAAGA-1,0.015999,0.153632,0.827001,0.001684,0.001685
ACTTATACTTACCCGG-1,0.000136,0.033132,0.96646,0.000136,0.000136
ACTTATTTATGTGCCA-1,0.000141,0.191747,0.807829,0.000141,0.000141
ACTTCAGGCTGATCCC-1,0.000056,0.623589,0.331956,0.000056,0.044343
ACTTCCAGTGGAAGCT-1,0.00009,0.011164,0.988566,0.00009,0.00009
ACTTCCATGCGGGACA-1,0.000119,0.000356,0.941671,0.000118,0.057736
ACTTCGCTAGCGAGTG-1,0.001123,0.306508,0.690124,0.001122,0.001123
ACTTGCCATATTGTAC-1,0.000246,0.119476,0.879786,0.000246,0.000246
ACTTGGGACCCGGTGG-1,0.000046,0.657072,0.342791,0.000046,0.000046
ACTTGTAGTCCCTTCA-1,0.000097,0.016162,0.983547,0.000097,0.000097
ACTTGTGGATGGAACG-1,0.000911,0.205182,0.792085,0.000911,0.000911
ACTTTACCCTCATGAA-1,0.001659,0.17813,0.816893,0.001658,0.001659
ACTTTCCTATAGCTTC-1,0.000089,0.181711,0.806476,0.000089,0.011635
ACTTTGACTGCATCCT-1,0.000351,0.001052,0.997896,0.000351,0.000351
ACTTTGTCGACGCACT-1,0.000104,0.000312,0.999377,0.000104,0.000104
AGAAATTATGACTCGC-1,0.019689,0.081169,0.865209,0.000269,0.033664
AGAACCCAGCGTGACA-1,0.000124,0.000373,0.999255,0.000124,0.000124
AGAACCCTCAATTGGG-1,0.045346,0.211265,0.742741,0.000324,0.000324
AGAAGAGCGCCGTTCC-1,0.000958,0.002875,0.99425,0.000958,0.000959
AGAAGGTACACTTCAC-1,0.000046,0.105492,0.894369,0.000046,0.000046
AGAAGGTTGCCGAATT-1,0.000112,0.135518,0.817377,0.000111,0.046882
AGAAGGTTGTAGGTCG-1,0.000311,0.000932,0.937058,0.00031,0.061389
AGAAGTGATTCGTGAT-1,0.000159,0.080793,0.918728,0.000159,0.00016
AGAATAAATCTTCAGG-1,0.006478,0.00059,0.992538,0.000197,0.000197
AGAATGCGGGTTCGGA-1,0.000065,0.09019,0.884856,0.000065,0.024823
AGAATTATGGATTCGA-1,0.011691,0.571708,0.385159,0.000031,0.03141
AGAATTGTTTGACATA-1,0.001195,0.558178,0.438235,0.001195,0.001196
AGACAGCTCAGAATCC-1,0.001196,0.003587,0.992827,0.001195,0.001195
AGACAGGCATCTCAGC-1,0.003564,0.219548,0.776788,0.00005,0.00005
AGACATAGATCCTTCC-1,0.000209,0.248099,0.751273,0.000209,0.000209
AGACCAAACCACACCT-1,0.000176,0.000529,0.998943,0.000176,0.000176
AGACCATGGGATACAA-1,0.000117,0.234384,0.765267,0.000116,0.000117
AGACCCACCGCTGATC-1,0.000054,0.096082,0.572382,0.000054,0.331429
AGACCCGCCCTCCTCG-1,0.000076,0.323002,0.619517,0.000076,0.05733
AGACCGCTCCGCGGTT-1,0.000241,0.052555,0.946723,0.000241,0.000241
AGACCGGGAAACCCTG-1,0.003414,0.010501,0.944421,0.000036,0.041628
AGACGAAGTGCCGGTC-1,0.000015,0.992071,0.007885,0.000015,0.000015
AGACGCCCACTTCGCC-1,0.001249,0.389496,0.606757,0.001248,0.001249
AGACTAGCCTTCCAGA-1,0.000012,0.98091,0.015141,0.000012,0.003925
AGACTGTTACCGGGTC-1,0.001916,0.391121,0.60313,0.001916,0.001917
AGAGAAACACCAGAAA-1,0.000107,0.037104,0.944114,0.000107,0.018568
AGAGAACCGTCTAGGA-1,0.000119,0.13002,0.869623,0.000119,0.000119
AGAGAAGGAGTACAAT-1,0.000064,0.153021,0.561139,0.000064,0.285711
AGAGATCTCTAAAGCG-1,0.000082,0.000247,0.999506,0.000082,0.000082
AGAGCAGTTATGAGAC-1,0.003706,0.011117,0.977768,0.003704,0.003706
AGAGCCGCCGAGATTT-1,0.038329,0.007252,0.949587,0.002415,0.002417
AGAGCGCTTGTAACGG-1,0.002223,0.165251,0.828079,0.002222,0.002224
AGAGCGGGCTAATCAT-1,0.000119,0.000356,0.950984,0.000119,0.048422
AGAGCGTACAAGCTCG-1,0.00011,0.000331,0.999338,0.00011,0.00011
AGAGCTACGAAAGCAT-1,0.000479,0.001438,0.997125,0.000479,0.000479
AGAGGCTTCGGAAACC-1,0.000068,0.588397,0.411397,0.000068,0.000068
AGAGGGACAATTGTCC-1,0.0002,0.000599,0.998802,0.000199,0.0002
AGAGGTATCTCGGTCC-1,0.000099,0.247738,0.650128,0.000098,0.101936
AGAGTAAACTTCACTA-1,0.000194,0.805128,0.19429,0.000194,0.000194
AGAGTATAGTGTTACG-1,0.00309,0.009267,0.981469,0.003086,0.003088
AGAGTGAACAGACACC-1,0.014247,0.230886,0.717557,0.000153,0.037157
AGAGTTGCAGGCCTCC-1,0.001292,0.179999,0.816124,0.001292,0.001293
AGATAACTTCAGGGCC-1,0.000028,0.887548,0.094769,0.000028,0.017627
AGATACCAATAGAACC-1,0.000708,0.054599,0.943277,0.000708,0.000708
AGATACCAGCACTTCA-1,0.001425,0.29225,0.703475,0.001425,0.001426
AGATACCGGTGTTCAC-1,0.001079,0.204208,0.792555,0.001079,0.00108
AGATACGACTTCATAT-1,0.000625,0.501168,0.496958,0.000624,0.000625
AGATACTCAAGATCGA-1,0.000081,0.167324,0.710237,0.000081,0.122277
AGATATAATACGACTA-1,0.000227,0.308996,0.690322,0.000227,0.000227
AGATCGTGCATAAGAT-1,0.001884,0.522794,0.471553,0.001883,0.001885
AGATGACTCGCCCACG-1,0.000186,0.10593,0.893511,0.000186,0.000186
AGATGATGGAGTCTGG-1,0.00089,0.002669,0.994663,0.000889,0.00089
AGATGCAAGACGTGCA-1,0.00049,0.294633,0.703898,0.000489,0.00049
AGATGCATCCTGTGTC-1,0.00019,0.125173,0.874256,0.00019,0.00019
AGATGCTATAACGAGC-1,0.000496,0.147758,0.850754,0.000496,0.000496
AGATTATAGGACGTTT-1,0.000075,0.121102,0.783825,0.000075,0.094923
AGATTCACAACCGATA-1,0.000064,0.000191,0.999618,0.000064,0.000064
AGCAAAGGCCGCTAGT-1,0.004123,0.012353,0.687021,0.004115,0.292388
AGCAACATATCTTATT-1,0.000056,0.12355,0.876281,0.000056,0.000056
AGCAACCGAAAGTAAT-1,0.001081,0.003239,0.993522,0.001079,0.00108
AGCACCAGTACTCACG-1,0.000167,0.497809,0.501689,0.000167,0.000167
AGCACTACCGGCCTGT-1,0.000293,0.304589,0.694533,0.000292,0.000293
AGCACTACCTCACCAG-1,0.000047,0.445113,0.422841,0.000047,0.131953
AGCACTTAAGGACGCC-1,0.000239,0.914809,0.084475,0.000238,0.000239
AGCAGAAGGAGAAAGA-1,0.000221,0.139591,0.859746,0.000221,0.000221
AGCAGCCAGATGAATA-1,0.002268,0.006807,0.986389,0.002268,0.002269
AGCATATCAATATGCT-1,0.000034,0.635503,0.364396,0.000034,0.000034
AGCATCATTTCGAAAG-1,0.012946,0.139645,0.847251,0.000079,0.000079
AGCATCGTCGATAATT-1,0.000423,0.502836,0.495896,0.000422,0.000423
AGCATTACGAGGCAAG-1,0.000869,0.280663,0.716731,0.000868,0.000869
AGCCAAGCTTTGTGTC-1,0.000191,0.138459,0.766724,0.000191,0.094435
AGCCACAGGTTACCCG-1,0.000319,0.000958,0.886539,0.000319,0.111864
AGCCACTCCCGTGCTT-1,0.000184,0.000553,0.901856,0.000184,0.097222
AGCCATATAGTATGTG-1,0.000096,0.000288,0.999424,0.000096,0.000096
AGCCCATACATGTAAG-1,0.000063,0.000188,0.96123,0.000063,0.038456
AGCCCGCAACAAGCAG-1,0.000047,0.265996,0.733863,0.000047,0.000047
AGCCCGGTAGCCTGTA-1,0.00134,0.229587,0.766395,0.001339,0.00134
AGCCCTAAGCGAAGTT-1,0.000105,0.336103,0.663583,0.000105,0.000105
AGCCCTGTCGCACCGT-1,0.018197,0.003271,0.976353,0.001089,0.00109
AGCCCTTCTAATCCGA-1,0.000102,0.000305,0.999391,0.000101,0.000102
AGCCCTTGGACATCCC-1,0.03923,0.003239,0.915391,0.001079,0.041062
AGCCGCAAATTCAAAT-1,0.111111,0.333333,0.333333,0.111111,0.111111
AGCCGCTTGATTAGCG-1,0.001985,0.471301,0.522744,0.001984,0.001986
AGCCGTGGCTAAATGT-1,0.000074,0.000221,0.99851,0.000074,0.001122
AGCCTAATACCCACGT-1,0.000215,0.11203,0.837519,0.000215,0.050021
AGCCTTAAAGCGGAAG-1,0.001011,0.43107,0.445209,0.00101,0.121701
AGCGACATCCCATTCA-1,0.000281,0.126568,0.853806,0.000281,0.019064
AGCGACCAACGATATT-1,0.000091,0.392229,0.522091,0.000091,0.085499
AGCGATGCGCCTAATA-1,0.009671,0.640032,0.350113,0.000092,0.000092
AGCGCTAGAGCGATGT-1,0.001885,0.005654,0.988693,0.001883,0.001885
AGCGGACACTTCGTAG-1,0.000173,0.409587,0.560065,0.000173,0.030002
AGCGGCGGTTAGCGGT-1,0.000251,0.000753,0.998494,0.000251,0.000251
AGCGGGAAGGGTCCAT-1,0.001444,0.004333,0.991335,0.001443,0.001445
AGCGGGTCTGACACTC-1,0.000219,0.399906,0.599438,0.000219,0.000219
AGCGGTTGCCGCTCTG-1,0.05185,0.58619,0.361406,0.000277,0.000277
AGCGTACGAGAGCTAG-1,0.000082,0.18581,0.813943,0.000082,0.000082
AGCGTAGCGCTAGACC-1,0.007938,0.299446,0.676741,0.007937,0.007939
AGCGTCTGAACCCGCA-1,0.000051,0.908647,0.091199,0.000051,0.000051
AGCTAACAAGCAATGT-1,0.000035,0.983407,0.000106,0.000035,0.016416
AGCTAAGTACGCAGGC-1,0.00022,0.000659,0.998682,0.00022,0.00022
AGCTAGAAGCAGAAGT-1,0.000114,0.473068,0.526589,0.000114,0.000114
AGCTCCATATATGTTC-1,0.000783,0.515232,0.368426,0.000782,0.114777
AGCTCCTTCGCACATC-1,0.000106,0.147517,0.852166,0.000106,0.000106
AGCTCGTTGATGGAAA-1,0.050632,0.818553,0.129791,0.000512,0.000512
AGCTCTTCGTAACCTT-1,0.000505,0.206048,0.746741,0.000505,0.046202
AGCTCTTTACTCAGTT-1,0.000128,0.122407,0.877209,0.000128,0.000128
AGCTGTAACCTCAATC-1,0.000228,0.33349,0.665826,0.000228,0.000228
AGCTTATAGAGACCTG-1,0.002021,0.203422,0.790515,0.00202,0.002021
AGCTTCTTCTCGAGCA-1,0.000249,0.000746,0.998508,0.000249,0.000249
AGCTTGATCTTAACTT-1,0.000079,0.000238,0.999525,0.000079,0.000079
AGGAAAGCCTCTGATG-1,0.002416,0.007252,0.985498,0.002415,0.002418
AGGAACGAACGACTTC-1,0.000334,0.323603,0.675396,0.000334,0.000334
AGGAAGCTGTCCGCCG-1,0.000553,0.155099,0.843242,0.000553,0.000553
AGGACAGTCGAATCCC-1,0.000098,0.087735,0.90706,0.000098,0.005008
AGGACATCGCACGTCG-1,0.002097,0.293211,0.700497,0.002096,0.002098
AGGACATCGGCACACT-1,0.001523,0.00457,0.990863,0.001522,0.001523
AGGACTTATAGGAGAA-1,0.000545,0.285146,0.713219,0.000545,0.000545
AGGAGACATCCACAGT-1,0.044593,0.00439,0.948092,0.001462,0.001463
AGGAGAGTCTGGCTAC-1,0.003175,0.280068,0.710405,0.003175,0.003176
AGGAGGCCTTCGCGCG-1,0.00007,0.283772,0.699433,0.00007,0.016655
AGGATAAAGTCGGGAT-1,0.008526,0.239973,0.701023,0.000185,0.050293
AGGATATAGGGATTTA-1,0.000044,0.694505,0.305364,0.000044,0.000044
AGGATATCCGACTGCA-1,0.000475,0.001426,0.997149,0.000475,0.000475
AGGATCACGCGATCTG-1,0.000388,0.001162,0.997676,0.000387,0.000387
AGGATTGCTTACGACA-1,0.001951,0.546481,0.447668,0.001949,0.00195
AGGCAAAGAGGAATCA-1,0.000026,0.403865,0.58691,0.000026,0.009173
AGGCAATACGGAGGAC-1,0.009264,0.515235,0.456978,0.009259,0.009263
AGGCACGTGACTGTCC-1,0.000403,0.118189,0.880603,0.000403,0.000403
AGGCAGATGCGTAAAC-1,0.000115,0.420912,0.533042,0.000115,0.045817
AGGCAGGGAGCGTACT-1,0.000624,0.001874,0.996253,0.000624,0.000625
AGGCATTGTCGTAGGG-1,0.00011,0.288407,0.711263,0.00011,0.00011
AGGCCACATTGGTTAC-1,0.000078,0.000233,0.996662,0.000078,0.002949
AGGCCACCCGTTATGA-1,0.000399,0.609833,0.388972,0.000398,0.000398
AGGCCCAGTGACTGGT-1,0.000081,0.462592,0.532648,0.000081,0.004599
AGGCCCATTGTACAGG-1,0.003087,0.251622,0.739116,0.003086,0.003088
AGGCCCTAGAACGCCA-1,0.000163,0.00049,0.999021,0.000163,0.000163
AGGCCTATCATACCAA-1,0.001195,0.003587,0.992828,0.001195,0.001195
AGGCCTGAGAATCTCG-1,0.000236,0.000707,0.928929,0.000235,0.069893
AGGCGATAACTGGCGT-1,0.022912,0.004068,0.970309,0.001355,0.001356
AGGCGGTTTGTCCCGC-1,0.00057,0.199525,0.798764,0.00057,0.00057
AGGCGTCTATGGACGG-1,0.002223,0.00667,0.98666,0.002222,0.002224
AGGCTATGGTTAGCTT-1,0.000111,0.000333,0.999335,0.000111,0.000111
AGGCTTGCTAGACACC-1,0.001222,0.195861,0.800474,0.001221,0.001222
AGGGACAGCACGGCGG-1,0.00065,0.533452,0.464598,0.00065,0.00065
AGGGACCGGCTGCGTT-1,0.000682,0.560008,0.437946,0.000682,0.000682
AGGGAGACATACTTCG-1,0.00031,0.000929,0.896537,0.00031,0.101915
AGGGCCCTAATGTTCT-1,0.002779,0.00834,0.983324,0.002778,0.002779
AGGGCGAGCAGCTGAT-1,0.000061,0.000183,0.999633,0.000061,0.000061
AGGGCGTGATCGGCTA-1,0.003473,0.010421,0.979158,0.003472,0.003476
AGGGTCAGAGCACTCG-1,0.002022,0.006066,0.870416,0.00202,0.119476
AGGGTCAGTAACCCTA-1,0.000699,0.002098,0.995804,0.000699,0.000699
AGGGTCGATGCGAACT-1,0.000035,0.453809,0.534013,0.000035,0.012108
AGGGTCTGGACGCAGT-1,0.000236,0.382463,0.616829,0.000236,0.000236
AGGGTGCCGTTCTTTA-1,0.000811,0.002435,0.930134,0.000811,0.065809
AGGGTGCTCTCGAGGG-1,0.000089,0.000267,0.999466,0.000089,0.000089
AGGGTGGATAGTGCAT-1,0.007408,0.022242,0.955533,0.007407,0.00741
AGGGTGTGCTACACGC-1,0.00083,0.173452,0.746307,0.000829,0.078582
AGGGTTCCCTTTGGTT-1,0.000319,0.070774,0.92827,0.000318,0.000319
AGGTAACCTCCTATTC-1,0.003003,0.009016,0.981972,0.003003,0.003006
AGGTAGATCGAGATAT-1,0.000527,0.001581,0.861583,0.000527,0.135783
AGGTAGGTACAAAGCT-1,0.000071,0.072967,0.92682,0.000071,0.000071
AGGTATAATTGATAGT-1,0.003706,0.01112,0.977765,0.003704,0.003706
AGGTATGCGGACATTA-1,0.00397,0.011913,0.976178,0.003968,0.003971
AGGTCAGGTGAGAGTG-1,0.003167,0.022119,0.974609,0.000053,0.000053
AGGTCGCCACTTCGGT-1,0.004118,0.69605,0.173155,0.004115,0.122562
AGGTCGCCTCCCAACA-1,0.001544,0.274302,0.721067,0.001543,0.001544
AGGTCGCGGAGTTACT-1,0.007941,0.508152,0.468029,0.007937,0.00794
AGGTGCACGTCCACAT-1,0.000713,0.002138,0.995724,0.000712,0.000713
AGGTGGTGACCTTCGC-1,0.000767,0.0023,0.9954,0.000766,0.000767
AGGTGTATCGCCATGA-1,0.000054,0.526979,0.472859,0.000054,0.000054
AGGTGTTGCCGACCAC-1,0.001886,0.005654,0.988692,0.001883,0.001885
AGGTTACACCATGCCG-1,0.001279,0.189099,0.807067,0.001277,0.001278
AGTAACTATAGCAGCC-1,0.000383,0.22035,0.7785,0.000383,0.000383
AGTAATGTCTTGCCGC-1,0.000639,0.001917,0.996167,0.000639,0.000639
AGTACATCATTTATCA-1,0.000618,0.466977,0.53117,0.000617,0.000618
AGTACCTTCGAGTGCT-1,0.000089,0.000267,0.978511,0.000089,0.021044
AGTACGGCCCGTATCG-1,0.248306,0.666874,0.084689,0.000065,0.000065
AGTACTCTTATGCCCA-1,0.000073,0.881531,0.078523,0.000073,0.039799
AGTAGAAGGCGCCTCA-1,0.0001,0.000299,0.999402,0.0001,0.0001
AGTAGGTAACATACAT-1,0.001463,0.004389,0.991224,0.001462,0.001463
AGTATAATACTAGGCA-1,0.00011,0.522278,0.477393,0.00011,0.00011
AGTATACACAGCGACA-1,0.000756,0.042718,0.840692,0.000756,0.115079
AGTATCCATAATAACG-1,0.018331,0.187097,0.791987,0.001292,0.001293
AGTCAAATGATGTGAT-1,0.00134,0.004019,0.991963,0.001339,0.00134
AGTCAAGATGACACTT-1,0.000084,0.278872,0.701751,0.000084,0.01921
AGTCACTAGCTCTCGA-1,0.000296,0.00089,0.998221,0.000296,0.000297
AGTCACTCCGCCTCAT-1,0.000069,0.067846,0.931946,0.000069,0.000069
AGTCAGCCACCGCCTG-1,0.001425,0.004276,0.899019,0.001425,0.093855
AGTCCAGCGGGTACGT-1,0.000058,0.32372,0.668673,0.000058,0.007492
AGTCCATTGGCTGATG-1,0.000053,0.644324,0.355517,0.000053,0.000053
AGTCCCTCGCAGAAAG-1,0.001918,0.005752,0.988497,0.001916,0.001917
AGTCGACGGTCTCAAG-1,0.000092,0.000277,0.888001,0.000092,0.111537
