Barcode,Topic 1,Topic 2to4,Topic 5,Topic 6to7,Topic 8,Topic 9
AAACAACGAATAGTTC-1,0.000056,0.349777,0.308505,0.341549,0.000056,0.000056
AAACAAGTATCTCCCA-1,0.00025,0.174243,0.071742,0.753266,0.00025,0.00025
AAACAATCTACTAGCA-1,0.000439,0.235361,0.478261,0.28506,0.000439,0.000439
AAACACCAATAACTGC-1,0.001293,0.195032,0.131409,0.669682,0.001292,0.001293
AAACAGCTTTCAGAAG-1,0.000072,0.088443,0.143932,0.767408,0.000072,0.000072
AAACAGGGTCTATATT-1,0.000332,0.000996,0.000332,0.997677,0.000332,0.000332
AAACATGGTGAGAGGA-1,0.000038,0.000115,0.000038,0.999732,0.000038,0.000038
AAACATTTCCCGGATT-1,0.000299,0.000897,0.000299,0.997908,0.000299,0.000299
AAACCACTACACAGAT-1,0.000407,0.202574,0.369059,0.336258,0.000407,0.091295
AAACCCGAACGAAATC-1,0.00006,0.335871,0.240677,0.423273,0.00006,0.00006
AAACCGGAAATGTTAA-1,0.000035,0.52036,0.213392,0.266143,0.000035,0.000035
AAACCGGGTAGGTACC-1,0.000076,0.000228,0.053132,0.900576,0.000076,0.045913
AAACCTAAGCAGCCGG-1,0.000195,0.000586,0.000195,0.998632,0.000195,0.000195
AAACCTCATGAAGTTG-1,0.005072,0.43622,0.011759,0.496662,0.000031,0.050255
AAACGAAGAACATACC-1,0.000039,0.101655,0.000039,0.898187,0.000039,0.000039
AAACGAAGATGGAGTA-1,0.000124,0.055952,0.010115,0.900971,0.000124,0.032714
AAACGCTGGGCACGAC-1,0.002526,0.007582,0.298323,0.686517,0.002525,0.002527
AAACGGGCGTACGGGT-1,0.000465,0.001396,0.000465,0.996744,0.000465,0.000465
AAACGGGTTGGTATCC-1,0.000742,0.084945,0.004832,0.907999,0.000741,0.000741
AAACGGTTGCGAACTG-1,0.00004,0.040148,0.745985,0.213748,0.00004,0.00004
AAACGTGTTCGCCCTA-1,0.001058,0.003177,0.499845,0.493803,0.001058,0.001059
AAACTAACGTGGCGAC-1,0.000095,0.000286,0.136494,0.862935,0.000095,0.000095
AAACTCGGTTCGCAAT-1,0.000272,0.000816,0.439051,0.533411,0.000272,0.026179
AAACTCGTGATATAAG-1,0.000934,0.002803,0.992526,0.001869,0.000934,0.000934
AAACTTGCAAACGTAT-1,0.000048,0.0002,0.006742,0.992913,0.000048,0.000048
AAAGAATGACCTTAGA-1,0.010917,0.084222,0.195763,0.708531,0.000283,0.000284
AAAGAATGTGGACTAA-1,0.020648,0.093886,0.359246,0.50706,0.000368,0.018792
AAAGACCCAAGTCGCG-1,0.000111,0.321533,0.000112,0.678021,0.000111,0.000112
AAAGACTGGGCGCTTT-1,0.002926,0.109736,0.002926,0.878562,0.002924,0.002925
AAAGCTTGCCTACATA-1,0.00023,0.000691,0.00023,0.998389,0.00023,0.00023
AAAGGCTACGGACCAT-1,0.000875,0.002627,0.992997,0.001751,0.000875,0.000875
AAAGGGATGTAGCAAG-1,0.000042,0.640499,0.0925,0.207247,0.000042,0.059671
AAAGGGCAGCTTGAAT-1,0.000118,0.000353,0.000118,0.956015,0.000118,0.043279
AAAGGTAAGCTGTACC-1,0.000037,0.161206,0.143311,0.695372,0.000037,0.000037
AAAGTAGCATTGCTCA-1,0.00046,0.001379,0.895139,0.102105,0.000459,0.000459
AAAGTCACTGATGTAA-1,0.090002,0.007099,0.002366,0.895803,0.002364,0.002366
AAAGTCGACCCTCAGT-1,0.000118,0.000353,0.000118,0.999176,0.000118,0.000118
AAAGTGCCATCAATTA-1,0.001112,0.054337,0.001112,0.941216,0.001111,0.001112
AAAGTGTGATTTATCT-1,0.000019,0.84198,0.000019,0.157942,0.000019,0.000019
AAAGTTGACTCCCGTA-1,0.000028,0.817515,0.025747,0.156653,0.000028,0.000028
AAATAAGGTAGTGCCC-1,0.000268,0.000804,0.997857,0.000536,0.000268,0.000268
AAATACCTATAAGCAT-1,0.000023,0.134049,0.118839,0.125709,0.000023,0.621356
AAATAGCTTAGACTTT-1,0.000975,0.002926,0.253159,0.580945,0.000975,0.16102
AAATAGGGTGCTATTG-1,0.000079,0.339451,0.170701,0.450803,0.000079,0.038887
AAATCCGATACACGCC-1,0.000095,0.000285,0.072415,0.927015,0.000095,0.000095
AAATCGCGGAAGGAGT-1,0.002911,0.042305,0.00006,0.954604,0.00006,0.00006
AAATCTAGCCCTGCTA-1,0.000296,0.247606,0.160582,0.590925,0.000296,0.000296
AAATGATTCGATCAGC-1,0.000621,0.001863,0.643956,0.352317,0.000621,0.000621
AAATGCTCGTTACGTT-1,0.001634,0.004906,0.188286,0.696839,0.001634,0.1067
AAATGGCATGTCTTGT-1,0.000704,0.095338,0.000704,0.803747,0.000703,0.098804
AAATGGCCCGTGCCCT-1,0.000097,0.000292,0.28059,0.718827,0.000097,0.000097
AAATGGTCAATGTGCC-1,0.000061,0.329584,0.263339,0.406893,0.000061,0.000061
AAATGTATCTTATCCC-1,0.004631,0.391795,0.004633,0.589679,0.00463,0.004631
AAATTAATAAGCGCGA-1,0.117698,0.849601,0.006541,0.013082,0.006536,0.006543
AAATTCCAGGTCCAAA-1,0.001822,0.384178,0.001823,0.608533,0.001821,0.001823
AAATTGCGGCGGTTCT-1,0.003412,0.279353,0.144735,0.57239,0.000055,0.000055
AAATTGGTGAGAAGCA-1,0.003269,0.009812,0.387905,0.592476,0.003268,0.00327
AAATTTGCGGGTGTGG-1,0.024417,0.000849,0.905951,0.068217,0.000283,0.000283
AACAACTGGTAGTTGC-1,0.000103,0.749689,0.179933,0.070071,0.000103,0.000103
AACAATACATTGTCGA-1,0.000161,0.000483,0.376142,0.528967,0.000161,0.094087
AACAATTACTCTACGC-1,0.000156,0.072423,0.000156,0.906787,0.000156,0.020321
AACACACGCTCGCCGC-1,0.000046,0.496073,0.050766,0.453025,0.000046,0.000046
AACACGACTGTACTGA-1,0.000767,0.0023,0.087788,0.907612,0.000766,0.000767
AACACGAGACGCGGCC-1,0.000043,0.000128,0.186007,0.806054,0.000043,0.007726
AACACGCGGCCGCGAA-1,0.000031,0.417667,0.000031,0.582208,0.000031,0.000031
AACAGCTGTGTGGCAA-1,0.000027,0.094736,0.208593,0.040568,0.000027,0.656048
AACAGGAAATCGAATA-1,0.00005,0.40708,0.00005,0.592721,0.00005,0.00005
AACAGGATGGGCCGCG-1,0.000088,0.000263,0.000088,0.972451,0.000088,0.027023
AACAGGTAGTATGGAT-1,0.002058,0.006178,0.601931,0.385715,0.002058,0.002059
AACATATCAACTGGTG-1,0.000084,0.162956,0.107427,0.677608,0.000084,0.05184
AACATCGATACGTCTA-1,0.024569,0.73626,0.000639,0.237255,0.000639,0.000639
AACATTGGTCAGCCGT-1,0.000591,0.275414,0.30972,0.358619,0.000591,0.055065
AACATTGTGACTCGAG-1,0.000727,0.00218,0.000727,0.901073,0.000726,0.094567
AACCAAGACTTCTCTG-1,0.00608,0.199749,0.000044,0.794039,0.000044,0.000044
AACCATGGGATCGCTA-1,0.00171,0.005132,0.001711,0.988027,0.001709,0.001711
AACCCAGAGACGGAGA-1,0.00227,0.006807,0.002269,0.984118,0.002268,0.002269
AACCCATCCCATGATC-1,0.000114,0.000343,0.428776,0.570539,0.000114,0.000114
AACCCGACAACCCGTG-1,0.000242,0.919895,0.000242,0.055578,0.000242,0.0238
AACCCGAGCAGAATCG-1,0.000529,0.119681,0.22991,0.601935,0.000529,0.047415
AACCCGATAGGGCTTC-1,0.000423,0.670158,0.182648,0.145927,0.000422,0.000423
AACCCTACTGTCAATA-1,0.000021,0.857301,0.010057,0.132579,0.000021,0.000021
AACCGCTAAGGGATGC-1,0.000051,0.207698,0.000051,0.7921,0.000051,0.000051
AACCGTTGTGTTTGCT-1,0.004831,0.0145,0.004835,0.966169,0.004831,0.004835
AACCTCGCTTTAGCCC-1,0.009289,0.000338,0.000113,0.990035,0.000112,0.000113
AACCTGTCACGGAATT-1,0.001635,0.004906,0.623303,0.366887,0.001634,0.001635
AACCTTTAAATACGGT-1,0.009734,0.006144,0.720115,0.263799,0.000104,0.000104
AACGAAAGTCGTCCCA-1,0.000084,0.000252,0.198835,0.800661,0.000084,0.000084
AACGACCTCCTAGCCG-1,0.006672,0.178605,0.167504,0.646593,0.000313,0.000313
AACGATAATGCCGTAG-1,0.000113,0.105154,0.506112,0.37543,0.000113,0.013077
AACGATAGAAGGGCCG-1,0.003705,0.011122,0.003706,0.974057,0.003704,0.003706
AACGCATGATCTGGGT-1,0.000071,0.914678,0.044672,0.001359,0.000071,0.039149
AACGCGAACGGCAACA-1,0.000072,0.166412,0.000072,0.833298,0.000072,0.000072
AACGCGACCTTGGGCG-1,0.000118,0.054842,0.308095,0.63671,0.000118,0.000118
AACGCGGTCTCCAGCC-1,0.000209,0.069723,0.151279,0.716336,0.000209,0.062244
AACGCTGTTGCTGAAA-1,0.000115,0.212844,0.000115,0.786694,0.000115,0.000115
AACGGACGTACGTATA-1,0.00104,0.490144,0.000333,0.502191,0.000027,0.006265
AACGGCCATCTCCGGT-1,0.000171,0.489635,0.245814,0.264038,0.000171,0.000171
AACGTAGTCTACCCAT-1,0.00005,0.436017,0.228493,0.335339,0.00005,0.00005
AACGTCAGACTAGTGG-1,0.024378,0.180966,0.294426,0.497379,0.001425,0.001426
AACGTTATCAGCACCT-1,0.001039,0.67047,0.324335,0.002078,0.001038,0.001039
AACTACCCGTTTGTCA-1,0.001308,0.003924,0.307895,0.57836,0.001307,0.107205
AACTAGCGTATCGCAC-1,0.027816,0.833255,0.027786,0.055586,0.027778,0.02778
AACTAGGCTTGGGTGT-1,0.000351,0.080036,0.443142,0.420878,0.000351,0.055243
AACTCAAGTTAATTGC-1,0.000055,0.575832,0.071878,0.352127,0.000055,0.000055
AACTCCAGAGCGTGTT-1,0.00807,0.001864,0.126363,0.73919,0.000621,0.123893
AACTCGATAAACACGT-1,0.003473,0.254039,0.003475,0.732065,0.003472,0.003476
AACTCGATGGCGCAGT-1,0.000926,0.00278,0.000927,0.993514,0.000926,0.000927
AACTCTCAATAGAGCG-1,0.000074,0.000221,0.102543,0.897015,0.000074,0.000074
AACTGAGGTCAGCGTC-1,0.000573,0.166559,0.14557,0.686152,0.000573,0.000573
AACTGAGTTATACTGA-1,0.000085,0.488046,0.27169,0.197776,0.000085,0.042316
AACTGATATTAGGCCT-1,0.000137,0.016241,0.000137,0.983209,0.000137,0.000137
AACTGGGTCCCGACGT-1,0.062042,0.091433,0.780886,0.063731,0.000157,0.001752
AACTGGTGTGGGCCTT-1,0.000243,0.413743,0.000243,0.585284,0.000243,0.000243
AACTTCTGCGTCTATC-1,0.003368,0.123294,0.484204,0.382399,0.003367,0.003368
AACTTGCCCGTATGCA-1,0.000054,0.10775,0.308928,0.553096,0.000054,0.030118
AACTTGCGTTCTCGCG-1,0.000722,0.585018,0.000722,0.412095,0.000722,0.000722
AACTTTACGGGAGCTT-1,0.011121,0.639368,0.01112,0.316157,0.011111,0.011123
AACTTTAGCTGCTGAG-1,0.027778,0.833242,0.027796,0.055615,0.027778,0.027791
AACTTTCTCGATCATG-1,0.001764,0.005295,0.494971,0.494441,0.001764,0.001765
AAGAAATCACCAGATT-1,0.001765,0.335946,0.001765,0.656996,0.001764,0.001764
AAGAAGGATCAGTTAG-1,0.000882,0.002648,0.000882,0.993823,0.000882,0.000883
AAGACATACGTGGTTT-1,0.001249,0.278844,0.001249,0.71616,0.001248,0.001249
AAGACCAAATAACTCA-1,0.000211,0.05035,0.170083,0.778935,0.00021,0.000211
AAGACTAACCCGTTGT-1,0.00016,0.548601,0.00016,0.45076,0.00016,0.00016
AAGAGATGAATCGGTA-1,0.000073,0.210802,0.063323,0.705213,0.000073,0.020516
AAGAGGATGTACGCGA-1,0.000096,0.000289,0.098905,0.900517,0.000096,0.000096
AAGAGGCCCTTTGGAA-1,0.029107,0.002317,0.000772,0.966261,0.000772,0.000772
AAGATGGCACCGGACC-1,0.010439,0.091961,0.368729,0.307659,0.000418,0.220795
AAGATTGGCGGAACGT-1,0.000097,0.334621,0.29892,0.366167,0.000097,0.000097
AAGCACCCTGCGTATC-1,0.000456,0.001367,0.555641,0.441625,0.000455,0.000456
AAGCATACTCTCCTGA-1,0.000109,0.000326,0.286019,0.546113,0.000109,0.167324
AAGCCGAAGCGGTTTA-1,0.000686,0.248398,0.161946,0.587598,0.000686,0.000686
AAGCCGCTTTACCTTG-1,0.002224,0.006672,0.002224,0.984434,0.002222,0.002224
AAGCCGGAGAGCAGGA-1,0.001389,0.00417,0.247776,0.743886,0.001389,0.00139
AAGCGCAGGGCTTTGA-1,0.00041,0.001231,0.150788,0.819673,0.00041,0.027488
AAGCGGAGTGCGCGCA-1,0.000296,0.71928,0.102621,0.177212,0.000296,0.000296
AAGCGTCCCTCATCGA-1,0.000098,0.056465,0.306421,0.415369,0.000098,0.221548
AAGCTAGATCGAGTAA-1,0.000064,0.027593,0.561538,0.19014,0.000064,0.2206
AAGCTCTTTCATGGTG-1,0.009668,0.000617,0.503442,0.485863,0.000205,0.000206
AAGGAGCGGTTGGTGC-1,0.000031,0.935227,0.010569,0.04251,0.000031,0.011632
AAGGATCGATCGCTTG-1,0.001659,0.004979,0.240067,0.749977,0.001658,0.00166
AAGGATGAGGGACCTC-1,0.000211,0.000632,0.149095,0.661534,0.00021,0.188318
AAGGCAGGCTGTCTCC-1,0.005578,0.049279,0.351981,0.592879,0.000142,0.000142
AAGGCGCGTAAAGCTT-1,0.00117,0.331408,0.20468,0.460402,0.00117,0.00117
AAGGCTGTGCTCATCG-1,0.000071,0.727347,0.044925,0.227515,0.000071,0.000071
AAGGGAACGACTGGCT-1,0.000119,0.742852,0.111313,0.145478,0.000119,0.000119
AAGGGTTTGATTTCAG-1,0.000125,0.171356,0.069348,0.75892,0.000125,0.000125
AAGGTATCCTAATATA-1,0.000109,0.000326,0.245589,0.708419,0.000109,0.045449
AAGGTGATAAACCAGC-1,0.005175,0.879054,0.096009,0.011643,0.000015,0.008104
AAGTAGAAGACCGGGT-1,0.077417,0.066784,0.000919,0.70953,0.000918,0.144431
AAGTAGTGACGCGAGG-1,0.000091,0.041272,0.000091,0.883113,0.00009,0.075343
AAGTCAATTGTCGTCA-1,0.006304,0.847402,0.043919,0.10098,0.000038,0.001358
AAGTCTAGTAGCTGCC-1,0.000732,0.002194,0.761117,0.234494,0.000731,0.000731
AAGTCTTCTGTGGCCT-1,0.015874,0.04766,0.872952,0.031764,0.015873,0.015876
AAGTGACGACCGAATT-1,0.000072,0.000216,0.000072,0.999495,0.000072,0.000072
AAGTGAGTCGGGTTTA-1,0.000691,0.002072,0.994475,0.001381,0.00069,0.000691
AAGTGCAAAGGTAGAC-1,0.064535,0.009809,0.544566,0.374551,0.003268,0.00327
AAGTGCCTTGACTGTA-1,0.004487,0.867497,0.017668,0.107443,0.000041,0.002864
AAGTGCGTTAGAATCT-1,0.000213,0.000638,0.539986,0.458739,0.000212,0.000213
AAGTGCTTCTCTATTG-1,0.000433,0.001298,0.784766,0.212638,0.000432,0.000433
AAGTGTTTGGAGACGG-1,0.000083,0.230285,0.218148,0.427182,0.000083,0.124219
AAGTTCACTCCAAGCT-1,0.000142,0.228436,0.489743,0.281396,0.000142,0.000142
AAGTTCAGTCTGCGTA-1,0.000138,0.003274,0.142783,0.85353,0.000138,0.000138
AAGTTCGGCCAACAGG-1,0.000746,0.002239,0.485412,0.338341,0.000746,0.172516
AAGTTGTGATGTTATA-1,0.000579,0.286739,0.000579,0.710945,0.000579,0.000579
AAGTTTACTAATGGCA-1,0.000576,0.3512,0.236792,0.343225,0.000576,0.067631
AAGTTTATGGGCCCAA-1,0.000285,0.151486,0.450541,0.397118,0.000285,0.000285
AATAACAACGCTCGGC-1,0.000057,0.010442,0.000057,0.989332,0.000057,0.000057
AATAATCTTCGTATCG-1,0.00305,0.087373,0.587997,0.32147,0.000055,0.000055
AATACAATGTTTCAGG-1,0.003268,0.00981,0.322281,0.658103,0.003268,0.00327
AATACCGGAGGGCTGT-1,0.000193,0.85798,0.000193,0.141249,0.000193,0.000193
AATAGAATCTGTTTCA-1,0.000165,0.172947,0.120266,0.603018,0.000165,0.103439
AATAGCAAGCCTCCTG-1,0.000481,0.144103,0.106022,0.621216,0.000481,0.127698
AATAGCTACCGCGTGC-1,0.015118,0.371907,0.000145,0.612541,0.000145,0.000145
AATAGTCCGTCCCGAC-1,0.000503,0.00151,0.717155,0.192578,0.000503,0.087752
AATAGTCGCGAGTCGG-1,0.30114,0.495809,0.201896,0.000578,0.000289,0.000289
AATATCAAGGTCGGAT-1,0.000062,0.000185,0.000062,0.999568,0.000062,0.000062
AATATCCTAGCAAACT-1,0.012347,0.466472,0.012355,0.024711,0.012346,0.471769
AATATCGAATCAATGC-1,0.000639,0.001917,0.168635,0.827531,0.000639,0.000639
AATATCGAGGGTTCTC-1,0.000173,0.073638,0.347187,0.578655,0.000173,0.000173
AATATTGGAGTATTGA-1,0.000085,0.093746,0.006924,0.899076,0.000085,0.000085
AATCAGACTGCAGGAC-1,0.000193,0.257622,0.022389,0.719411,0.000193,0.000193
AATCAGGTTTCATTTA-1,0.008022,0.225382,0.483115,0.274473,0.000579,0.00843
AATCATGTAAAGACTC-1,0.000208,0.329144,0.000208,0.670023,0.000208,0.000208
AATCCAAGGGCCTGAG-1,0.004116,0.012357,0.004117,0.971178,0.004115,0.004118
AATCCATGCAAGGGTG-1,0.000076,0.118796,0.000076,0.880899,0.000076,0.000076
AATCGCGCAGAGGACT-1,0.002849,0.086035,0.705176,0.20024,0.002849,0.002851
AATCGGGACACTACGA-1,0.00125,0.078677,0.001249,0.916326,0.001248,0.001249
AATCGGTATAGCCCTC-1,0.000271,0.000814,0.333044,0.564999,0.000271,0.100602
AATCGTGAGCCGAGCA-1,0.000268,0.000804,0.000268,0.962858,0.000268,0.035535
AATCTAGGTTTACTTG-1,0.000074,0.000223,0.289644,0.709911,0.000074,0.000074
AATCTATGCCGGAGCC-1,0.000805,0.002417,0.000806,0.994361,0.000805,0.000806
AATCTCTACTGTGGTT-1,0.000471,0.001414,0.162819,0.834354,0.000471,0.000471
AATCTGCGTTGGGACG-1,0.000251,0.221745,0.233948,0.500255,0.00025,0.04355
AATCTGGCTTTCTAGT-1,0.000098,0.000294,0.277127,0.722285,0.000098,0.000098
AATGACAGCAATGTCT-1,0.000564,0.203756,0.374912,0.419639,0.000564,0.000564
AATGACGTAGGATGTC-1,0.000024,0.179616,0.109135,0.04105,0.000024,0.670152
AATGACTGTCAGCCGG-1,0.000036,0.886476,0.000036,0.113379,0.000036,0.000036
AATGAGTTCGCATATG-1,0.00095,0.304858,0.00095,0.691342,0.00095,0.00095
AATGATGCGACTCCTG-1,0.00032,0.000961,0.00032,0.997757,0.00032,0.00032
AATGCAACCGGGTACC-1,0.000028,0.81929,0.053749,0.106441,0.000028,0.020464
AATGGCCGCCAATGCG-1,0.001079,0.199161,0.428366,0.369235,0.001079,0.00108
AATGGTCCACCGTTCA-1,0.001886,0.005654,0.346858,0.602852,0.001883,0.040866
AATGGTTCTCACAAGC-1,0.001793,0.382143,0.001794,0.610685,0.001792,0.001793
AATGTGCCCGAGGTGT-1,0.012117,0.159213,0.204402,0.623817,0.000225,0.000226
AATGTGCTAATCTGAG-1,0.000089,0.000267,0.579609,0.419856,0.000089,0.000089
AATGTTGTCGTGAGAC-1,0.000093,0.715501,0.135138,0.149082,0.000093,0.000093
AATTAACGGATTTCCA-1,0.024336,0.001962,0.493293,0.479101,0.000654,0.000654
AATTACGAGACCCATC-1,0.000159,0.441898,0.139674,0.417952,0.000159,0.000159
AATTACTCGTACGCTC-1,0.000448,0.407297,0.185985,0.405373,0.000448,0.000448
AATTAGCGCTGCAGCG-1,0.000098,0.066905,0.367413,0.298442,0.000098,0.267044
AATTCCAACTTGGTGA-1,0.005849,0.535653,0.120515,0.326282,0.005848,0.005853
AATTCCAAGCATGTAC-1,0.000157,0.00047,0.325518,0.673541,0.000157,0.000157
AATTCGATTCGAGGAT-1,0.000248,0.210907,0.02552,0.745887,0.000247,0.01719
AATTCTAGAGTTAGGC-1,0.000052,0.088927,0.326041,0.222274,0.000052,0.362654
AATTGAACGCTCTGGT-1,0.0001,0.051278,0.070445,0.727757,0.0001,0.150321
AATTGCAGCAATCGAC-1,0.000783,0.002349,0.000783,0.99452,0.000782,0.000783
AATTGTGGTTGCCAAA-1,0.001278,0.003834,0.080334,0.911999,0.001277,0.001278
AATTTGGTTCCAAAGA-1,0.002058,0.150897,0.002059,0.840869,0.002058,0.002059
ACAAAGAAGGTAGGCC-1,0.010102,0.03032,0.010106,0.929266,0.010101,0.010105
ACAAAGCATGACCTAG-1,0.000456,0.001367,0.000456,0.996811,0.000455,0.000456
ACAAATCGCACCGAAT-1,0.000104,0.339387,0.060251,0.600049,0.000104,0.000104
ACAAATGGTAGTGTTT-1,0.000113,0.100757,0.042499,0.797187,0.000113,0.059332
ACAACGGTCCCTGCGA-1,0.000151,0.052622,0.025646,0.921278,0.000151,0.000151
ACAAGCAGTGCCTAGC-1,0.000121,0.000363,0.000121,0.999153,0.000121,0.000121
ACAAGCTATATGGAAG-1,0.022226,0.380659,0.508194,0.044459,0.022222,0.02224
ACAAGGAAATCCGCCC-1,0.000113,0.019975,0.291097,0.630635,0.000113,0.058067
ACAAGGACAAGAGGTT-1,0.000801,0.3912,0.0008,0.6056,0.000799,0.0008
ACAAGGATGCTTTAGG-1,0.000123,0.000368,0.000123,0.999142,0.000123,0.000123
ACAAGGGCAGGCTCTG-1,0.000051,0.150918,0.250251,0.105882,0.000051,0.492845
ACAATAGTCGTACGTT-1,0.000058,0.000174,0.130676,0.868976,0.000058,0.000058
ACAATCCATTTAAACC-1,0.003735,0.072505,0.142076,0.690505,0.000054,0.091125
ACAATGATTCTTCTAC-1,0.020177,0.08323,0.342212,0.553599,0.000391,0.000391
ACAATTGTGTCTCTTT-1,0.000046,0.669711,0.026078,0.304073,0.000046,0.000046
ACAATTTAGGAGGCTC-1,0.018539,0.661547,0.018535,0.264323,0.018519,0.018536
ACAATTTGAGCAGTGG-1,0.000138,0.000414,0.060589,0.822626,0.000138,0.116095
ACAATTTGGCCATATT-1,0.000118,0.000354,0.207999,0.791294,0.000118,0.000118
ACACAAAGACGGGTGG-1,0.008448,0.373565,0.000114,0.617644,0.000114,0.000114
ACACAAATATTCCTAG-1,0.064801,0.293941,0.002586,0.633502,0.002584,0.002586
ACACACCAGGACCAGT-1,0.00008,0.107448,0.00008,0.880502,0.00008,0.011811
ACACACTTTCTACACG-1,0.002851,0.008551,0.002851,0.871918,0.002849,0.110981
ACACATTGACGCAACA-1,0.001765,0.005295,0.334047,0.655364,0.001764,0.001766
ACACCACATAATTAGC-1,0.105035,0.235822,0.321313,0.335214,0.001307,0.001309
ACACCCAGCATGCAGC-1,0.007956,0.7259,0.038543,0.196206,0.000056,0.031339
ACACCCGAGAAATCCG-1,0.001566,0.235849,0.001566,0.757888,0.001565,0.001566
ACACCCGTAAATCTGT-1,0.005586,0.289256,0.34953,0.354847,0.000069,0.000711
ACACCGAGCGCTCTTT-1,0.006174,0.700687,0.268434,0.012357,0.006173,0.006176
ACACCTTAAGTAGGGC-1,0.000148,0.830301,0.038469,0.105911,0.000148,0.025024
ACACCTTACTACTTGC-1,0.00278,0.008339,0.337306,0.646018,0.002778,0.00278
ACACGTAGGCCACAAG-1,0.000628,0.001885,0.351709,0.644522,0.000628,0.000628
ACACTCCAATGTCACT-1,0.001522,0.00457,0.001523,0.989339,0.001522,0.001523
ACACTGGGACAGTCGT-1,0.000767,0.224061,0.000767,0.772872,0.000766,0.000767
ACAGAACTGAGAACAA-1,0.001793,0.00538,0.202324,0.786918,0.001792,0.001793
ACAGATTAGGTTAGTG-1,0.000171,0.284343,0.000171,0.675915,0.000171,0.039229
ACAGCATAGAGCCAGT-1,0.002315,0.006948,0.002316,0.904096,0.002315,0.08201
ACAGCGACATTCTCAT-1,0.000984,0.002952,0.000984,0.993113,0.000983,0.000984
ACAGGAGGCGCAGCCG-1,0.011112,0.273117,0.01112,0.216431,0.011111,0.477108
ACAGGCACGGATCCTT-1,0.000194,0.302102,0.171297,0.526018,0.000194,0.000194
ACAGGCTTGCCCGACT-1,0.00897,0.442827,0.004612,0.51444,0.000072,0.029079
ACAGGTGTGTTGTTGC-1,0.037037,0.111143,0.03705,0.740694,0.037037,0.037039
ACAGTAATACAACTTG-1,0.0003,0.000899,0.0003,0.997902,0.000299,0.0003
ACAGTATACCGTGGGA-1,0.00171,0.005132,0.622443,0.367294,0.001709,0.001711
ACATAAGTCGTGGTGA-1,0.000063,0.19239,0.086508,0.720915,0.000062,0.000063
ACATAATAAGGCGGTG-1,0.000043,0.308159,0.165401,0.462081,0.000043,0.064272
ACATCAGCTGGGACGC-1,0.005851,0.42221,0.548538,0.011703,0.005848,0.00585
ACATCCCGGCCATACG-1,0.001589,0.004765,0.769877,0.220593,0.001587,0.001589
ACATCCTGGTAACTGT-1,0.000097,0.556687,0.02187,0.421153,0.000097,0.000097
ACATCGGTCAGCCGCG-1,0.000635,0.213824,0.555162,0.229109,0.000635,0.000635
ACATCGTATGCAATGG-1,0.000097,0.030265,0.292976,0.625498,0.000097,0.051066
ACATGGCGCCAAAGTA-1,0.0001,0.807132,0.0001,0.178732,0.0001,0.013835
ACATGGCTCAATTTAG-1,0.000235,0.274162,0.181207,0.480652,0.000234,0.063511
ACATTAGTTTATATCC-1,0.000219,0.083428,0.413698,0.287889,0.000219,0.214546
ACCAAACACCCAGCGA-1,0.002588,0.007759,0.259491,0.724993,0.002584,0.002585
ACCAACACCACACACT-1,0.041084,0.255193,0.128378,0.57336,0.000992,0.000993
ACCAACCGCACTCCAC-1,0.00009,0.04967,0.120759,0.816643,0.000089,0.012749
ACCAAGAACGCGTGTC-1,0.001793,0.00538,0.001794,0.987448,0.001792,0.001794
ACCAAGTCATCGGCAG-1,0.000206,0.016036,0.608458,0.342187,0.000206,0.032908
ACCAATATGCAAGTTA-1,0.027202,0.140856,0.266205,0.56472,0.000117,0.0009
ACCACAAGTTTCTATC-1,0.00007,0.301907,0.175418,0.486591,0.00007,0.035944
ACCACCAATGTAACAA-1,0.000409,0.133426,0.269358,0.59599,0.000408,0.000409
ACCACCCTCTCTTCTA-1,0.001463,0.146224,0.550442,0.298946,0.001462,0.001463
ACCACGTGCAGCTATA-1,0.000142,0.000425,0.129242,0.801365,0.000142,0.068684
ACCACTGTTCAAGAAG-1,0.000794,0.207576,0.100871,0.689171,0.000794,0.000794
ACCAGACCATAACAAC-1,0.027827,0.083365,0.027793,0.805445,0.027778,0.027792
ACCAGGAGTGTGATCT-1,0.000034,0.329461,0.051835,0.533372,0.000034,0.085264
ACCAGTGCCCGGTCAA-1,0.000461,0.325823,0.420041,0.218502,0.000461,0.034712
ACCAGTGCGGGAGACG-1,0.000034,0.948789,0.005719,0.04539,0.000034,0.000034
ACCATCCGCCAACTAG-1,0.000862,0.002586,0.000862,0.993967,0.000861,0.000862
ACCATCGTATATGGTA-1,0.000122,0.224011,0.248635,0.526987,0.000122,0.000122
ACCATTAAGGGTGTCA-1,0.000386,0.398034,0.308085,0.292723,0.000386,0.000386
ACCCAACGCCCGTGGC-1,0.000215,0.000644,0.087757,0.812513,0.000215,0.098657
ACCCACCTACATGCTC-1,0.000483,0.330927,0.000483,0.66714,0.000483,0.000483
ACCCATCTTGAGGGTA-1,0.000243,0.762958,0.036975,0.183162,0.000243,0.016419
ACCCATTTGTCCCTCT-1,0.001324,0.00397,0.001324,0.929061,0.001323,0.062998
ACCCGAGCGAAATTAC-1,0.000147,0.093603,0.306076,0.497308,0.000147,0.102719
ACCCGATTGGTTCCGA-1,0.00008,0.108791,0.347787,0.474466,0.00008,0.068798
ACCCGGAAACTCCCAG-1,0.203029,0.690043,0.000008,0.106904,0.000008,0.000008
ACCCGGAGCACCACAA-1,0.001483,0.004448,0.312286,0.67882,0.001481,0.001482
ACCCGGATGACGCATC-1,0.000172,0.902517,0.091273,0.005694,0.000172,0.000172
ACCCGTAGTCTAGTTG-1,0.005741,0.163787,0.219842,0.571379,0.000338,0.038914
ACCCTATAGGACTGAG-1,0.001049,0.091414,0.100243,0.805198,0.001048,0.001049
ACCCTATGCCATATCG-1,0.000153,0.000474,0.300934,0.654167,0.000153,0.044119
ACCCTCCCGTCAGGGC-1,0.000187,0.470247,0.125218,0.345935,0.000186,0.058227
ACCCTCCCTTGCTATT-1,0.000106,0.480687,0.243944,0.2597,0.000106,0.015457
ACCCTGGTAACGCCCT-1,0.003705,0.011119,0.003706,0.974059,0.003704,0.003707
ACCCTTCATCTGCGAA-1,0.005557,0.22783,0.005559,0.749939,0.005556,0.005559
ACCCTTGCCTGGGTCG-1,0.053627,0.007942,0.405838,0.365473,0.002646,0.164475
ACCGAAAGGGCCCTGC-1,0.000046,0.498134,0.000046,0.477568,0.000046,0.024161
ACCGAAGAGTCTGGTT-1,0.004261,0.000249,0.275269,0.720055,0.000083,0.000083
ACCGACACATCTCCCA-1,0.001482,0.004448,0.150372,0.672949,0.001481,0.169267
ACCGATAGGCATAACC-1,0.000522,0.235674,0.000522,0.762238,0.000522,0.000522
ACCGATATTTAATCAT-1,0.000129,0.000387,0.305734,0.693492,0.000129,0.000129
ACCGATGGTAGCATCG-1,0.012407,0.290453,0.077464,0.61955,0.000063,0.000063
ACCGCAATAACTGCCT-1,0.000111,0.106038,0.273381,0.604442,0.000111,0.015916
ACCGCGGTGGAAGTCG-1,0.000176,0.796743,0.15516,0.04757,0.000176,0.000176
ACCGGGCCTTTGTTGA-1,0.000079,0.305574,0.181409,0.51278,0.000079,0.000079
ACCGTCCACTGGGCCC-1,0.00028,0.082718,0.147687,0.768755,0.00028,0.00028
ACCGTGACCACGTGGG-1,0.000397,0.053376,0.395557,0.382696,0.000397,0.167577
ACCGTTCCCGCTCTGA-1,0.000082,0.107105,0.148353,0.738135,0.000082,0.006244
ACCTAAGTACCTTTCA-1,0.00034,0.389534,0.00034,0.609106,0.00034,0.00034
ACCTAATCGACTTCCT-1,0.000086,0.079871,0.000086,0.919785,0.000086,0.000086
ACCTACAGTATGTGGT-1,0.001308,0.003925,0.385341,0.606811,0.001307,0.001308
ACCTACTATAAATCTA-1,0.000103,0.000309,0.256386,0.728401,0.000103,0.014699
ACCTCCGCCCTCGCTG-1,0.001389,0.192288,0.00139,0.802154,0.001389,0.00139
ACCTCCGTTATTCACC-1,0.00247,0.278379,0.132861,0.581349,0.002469,0.002471
ACCTGCGTGTCATGTT-1,0.02463,0.628506,0.000036,0.346755,0.000036,0.000036
ACGAAATGGGCGGCAC-1,0.000043,0.434896,0.090167,0.413806,0.000043,0.061044
ACGACCCATGAGTTGC-1,0.000722,0.401574,0.000722,0.595539,0.000722,0.000722
ACGACTCTAGGGCCGA-1,0.001504,0.285352,0.26694,0.4432,0.001502,0.001502
ACGACTGGTCATACTC-1,0.001853,0.005559,0.268483,0.574861,0.001852,0.147393
ACGAGAACCCATCACG-1,0.000934,0.19096,0.000934,0.805303,0.000934,0.000934
ACGAGGATACCACTCT-1,0.000073,0.000218,0.095337,0.888766,0.000072,0.015534
ACGAGGTTTACAACGT-1,0.000142,0.005794,0.253409,0.73937,0.000142,0.001142
ACGAGTACGGATGCCC-1,0.002924,0.008777,0.002926,0.872336,0.002924,0.110112
ACGAGTCGCCGGCGTT-1,0.009267,0.821841,0.009264,0.018532,0.009259,0.131837
ACGATACCTATCCTGA-1,0.015877,0.904701,0.015889,0.031784,0.015873,0.015877
ACGATCATACATAGAG-1,0.000066,0.317383,0.418958,0.240933,0.000066,0.022594
ACGATCATCTTGTAAA-1,0.001001,0.003005,0.496496,0.497495,0.001001,0.001002
ACGATGCATATGTTAT-1,0.000041,0.58146,0.185915,0.226023,0.000041,0.006519
ACGATGGATCCGATGC-1,0.002268,0.006808,0.179509,0.806877,0.002268,0.00227
ACGCAAACTAATAGAT-1,0.002851,0.130753,0.854993,0.005703,0.002849,0.002851
ACGCAATCACTACAGC-1,0.000494,0.001483,0.480141,0.516895,0.000494,0.000494
ACGCATAAATGACATG-1,0.000354,0.380453,0.14854,0.380145,0.000354,0.090153
ACGCATACGTTTACTA-1,0.001611,0.085223,0.214239,0.695705,0.00161,0.001611
ACGCCTGACACGCGCT-1,0.001523,0.139681,0.15826,0.697491,0.001522,0.001523
ACGCGCTACACAGGGT-1,0.007853,0.101017,0.126789,0.763461,0.000439,0.00044
ACGCGTTTCTTAAGAG-1,0.009266,0.027805,0.009267,0.935139,0.009259,0.009263
ACGCTAGTGATACACT-1,0.000117,0.114815,0.133766,0.751068,0.000117,0.000117
ACGCTGTGAGGCGTAG-1,0.000055,0.002292,0.369191,0.628353,0.000055,0.000055
ACGGAATTTAGCAAAT-1,0.001566,0.004699,0.001566,0.989037,0.001565,0.001566
ACGGACTCTCAAAGCG-1,0.001463,0.190323,0.001463,0.803826,0.001462,0.001463
ACGGAGCGCAAATTAC-1,0.000934,0.750749,0.24458,0.001869,0.000934,0.000935
ACGGATGGTGCGGATA-1,0.025988,0.00051,0.368177,0.601878,0.00017,0.003277
ACGGCACTTGCTTGGG-1,0.000441,0.001324,0.429953,0.448435,0.000441,0.119406
ACGGCGACGATGGGAA-1,0.000101,0.000304,0.185241,0.767298,0.000101,0.046954
ACGGCGGGTTGCCCTG-1,0.00013,0.292948,0.00013,0.706534,0.00013,0.00013
ACGGGAGTGTCGGCCC-1,0.000073,0.037866,0.335206,0.62671,0.000073,0.000073
ACGGGCGTATGCGACA-1,0.001884,0.461918,0.528661,0.003769,0.001883,0.001884
ACGGGTCATGTGACTT-1,0.00041,0.337923,0.622128,0.038718,0.00041,0.00041
ACGGTACAGTTCAATG-1,0.000695,0.383737,0.229447,0.384731,0.000694,0.000695
ACGTACAGATTTCTCT-1,0.003269,0.009813,0.003271,0.977109,0.003268,0.00327
ACGTAGGAGAGTCGCT-1,0.000038,0.279317,0.265035,0.455534,0.000038,0.000038
ACGTATTACTCCGATC-1,0.000153,0.431259,0.000153,0.56813,0.000153,0.000153
ACGTCTCGTTCCGGGA-1,0.000173,0.271891,0.182921,0.544669,0.000173,0.000173
ACGTGACAAAGTAAGT-1,0.028463,0.75436,0.052166,0.164744,0.000133,0.000133
ACGTGCGCCTCGTGCA-1,0.000116,0.066589,0.000168,0.932894,0.000116,0.000116
ACGTTAGATTTGCCCG-1,0.000691,0.37021,0.114602,0.513117,0.00069,0.000691
ACGTTATTGGTCACTC-1,0.000573,0.280901,0.288268,0.429112,0.000573,0.000573
ACGTTCCGCGCTCCGT-1,0.000109,0.499755,0.015533,0.465972,0.000109,0.018521
ACGTTCGCAATCAATT-1,0.001635,0.093958,0.30264,0.598498,0.001634,0.001635
ACGTTCGTTCAGGAAA-1,0.000475,0.001426,0.63355,0.231164,0.000475,0.132911
ACGTTCTGTACAAGTC-1,0.000238,0.000714,0.000238,0.998334,0.000238,0.000238
ACGTTTAGTTGTGATC-1,0.000284,0.557545,0.248131,0.193468,0.000283,0.000289
ACTAAGGACGCACACC-1,0.002181,0.00654,0.554119,0.432802,0.002179,0.002179
ACTACCAGCTCTCTGG-1,0.000436,0.477276,0.000436,0.415418,0.000436,0.105999
ACTACGCGTTAGAATT-1,0.069762,0.001985,0.370373,0.556556,0.000661,0.000662
ACTAGTTGCGATCGTC-1,0.000481,0.146984,0.061367,0.74373,0.000481,0.046957
ACTATATGCTGTGTTC-1,0.000106,0.064009,0.084151,0.851523,0.000106,0.000106
ACTATCCAGGGCATGG-1,0.000695,0.002085,0.994441,0.00139,0.000694,0.000695
ACTATCGCCGGCTAAA-1,0.000611,0.37815,0.000611,0.619408,0.000611,0.000611
ACTATCTGCCCGCGTA-1,0.000309,0.182037,0.263043,0.553994,0.000309,0.000309
ACTATTTCCGGGCCCA-1,0.000153,0.014809,0.944449,0.000306,0.000153,0.04013
ACTCAACGAATGTATT-1,0.000271,0.000814,0.058467,0.939906,0.000271,0.000271
ACTCAAGTGCAAGGCT-1,0.000136,0.000409,0.000136,0.999045,0.000136,0.000136
ACTCAGACCTGCTTCT-1,0.000133,0.000399,0.000133,0.999069,0.000133,0.000133
ACTCCAATATCATCAT-1,0.000048,0.113649,0.198022,0.422291,0.000048,0.265942
ACTCCCATTCCTAAAG-1,0.000081,0.011706,0.154686,0.833366,0.000081,0.000081
ACTCCCGAATTCGTTT-1,0.00285,0.008553,0.423797,0.5591,0.002849,0.002851
ACTCCCGTAGACTAGG-1,0.002365,0.007096,0.539901,0.445907,0.002364,0.002366
ACTCCCTAATGCTAAA-1,0.035766,0.002626,0.615187,0.304908,0.000875,0.040638
ACTCCCTAGAATAGTA-1,0.000072,0.120487,0.436388,0.283765,0.000072,0.159216
ACTCCGGCCGACCACT-1,0.000147,0.036956,0.014204,0.948399,0.000147,0.000147
ACTCGATGTATTTCAT-1,0.00036,0.204652,0.561728,0.232541,0.00036,0.00036
ACTCGCCGTTCGATAA-1,0.000278,0.283959,0.129208,0.585999,0.000278,0.000278
ACTCGCGATCTGACGC-1,0.001793,0.005379,0.504417,0.484825,0.001792,0.001793
ACTCGTAACCCGTCCT-1,0.000091,0.000272,0.571436,0.428021,0.00009,0.000091
ACTCTAAACCTGGGAT-1,0.003834,0.148732,0.003835,0.835933,0.003831,0.003835
ACTCTCTGACTTAGGT-1,0.000078,0.213728,0.255819,0.255046,0.000078,0.275252
ACTCTGACCTAATAGA-1,0.000116,0.245372,0.200627,0.454254,0.000116,0.099514
ACTCTTCAGCTCCCGC-1,0.000919,0.002757,0.701494,0.292992,0.000918,0.000919
ACTGAAACGCCGTTAG-1,0.000319,0.1277,0.227506,0.643838,0.000318,0.000319
ACTGAATGGCGAAAGT-1,0.000144,0.388922,0.19555,0.299306,0.000144,0.115933
ACTGCCGTCGTAACTC-1,0.000463,0.170655,0.436009,0.340841,0.000463,0.051569
ACTGCGGACACACCGT-1,0.001852,0.005559,0.428639,0.560244,0.001852,0.001853
ACTGCTCGGAAGGATG-1,0.000157,0.181563,0.000157,0.817807,0.000157,0.000157
ACTGGCGAACCTGCGT-1,0.000942,0.002827,0.336914,0.657433,0.000942,0.000942
ACTGGGATGCCAGTGC-1,0.003269,0.009809,0.973844,0.00654,0.003268,0.003271
ACTGTAGCACTTTGGA-1,0.01281,0.417695,0.000378,0.499095,0.000378,0.069643
ACTGTATACGCGAGCA-1,0.001852,0.005559,0.001853,0.987031,0.001852,0.001853
ACTGTCCAGGATTATA-1,0.000094,0.24671,0.163797,0.589213,0.000093,0.000094
ACTGTGCTAGTAGATC-1,0.001852,0.00556,0.001853,0.987029,0.001852,0.001854
ACTTACGCATCCACGC-1,0.021477,0.000345,0.887907,0.090042,0.000115,0.000115
ACTTAGTACGACAAGA-1,0.015999,0.153632,0.204125,0.622876,0.001684,0.001685
ACTTATACTTACCCGG-1,0.000136,0.033132,0.34697,0.61949,0.000136,0.000136
ACTTATTTATGTGCCA-1,0.000141,0.191747,0.065155,0.742674,0.000141,0.000141
ACTTCAGGCTGATCCC-1,0.000056,0.623589,0.175662,0.156295,0.000056,0.044343
ACTTCCAGTGGAAGCT-1,0.00009,0.011164,0.00009,0.988476,0.00009,0.00009
ACTTCCATGCGGGACA-1,0.000119,0.000356,0.000119,0.941553,0.000118,0.057736
ACTTCGCTAGCGAGTG-1,0.001123,0.306508,0.28673,0.403394,0.001122,0.001123
ACTTGCCATATTGTAC-1,0.000246,0.119476,0.065299,0.814487,0.000246,0.000246
ACTTGGGACCCGGTGG-1,0.000046,0.657072,0.050453,0.292338,0.000046,0.000046
ACTTGTAGTCCCTTCA-1,0.000097,0.016162,0.478252,0.505296,0.000097,0.000097
ACTTGTGGATGGAACG-1,0.000911,0.205182,0.367833,0.424251,0.000911,0.000911
ACTTTACCCTCATGAA-1,0.001659,0.17813,0.504628,0.312266,0.001658,0.001659
ACTTTCCTATAGCTTC-1,0.000089,0.181711,0.385057,0.421419,0.000089,0.011635
ACTTTGACTGCATCCT-1,0.000351,0.001052,0.048665,0.94923,0.000351,0.000351
ACTTTGTCGACGCACT-1,0.000104,0.000312,0.355531,0.643846,0.000104,0.000104
AGAAATTATGACTCGC-1,0.019689,0.081169,0.21843,0.646779,0.000269,0.033664
AGAACCCAGCGTGACA-1,0.000124,0.000373,0.12921,0.870044,0.000124,0.000124
AGAACCCTCAATTGGG-1,0.045346,0.211265,0.205843,0.536898,0.000324,0.000324
AGAAGAGCGCCGTTCC-1,0.000958,0.002875,0.075452,0.918798,0.000958,0.000959
AGAAGGTACACTTCAC-1,0.000046,0.105492,0.032611,0.861758,0.000046,0.000046
AGAAGGTTGCCGAATT-1,0.000112,0.135518,0.190486,0.626891,0.000111,0.046882
AGAAGGTTGTAGGTCG-1,0.000311,0.000932,0.467263,0.469795,0.00031,0.061389
AGAAGTGATTCGTGAT-1,0.000159,0.080793,0.723045,0.195683,0.000159,0.00016
AGAATAAATCTTCAGG-1,0.006478,0.00059,0.218353,0.774185,0.000197,0.000197
AGAATGCGGGTTCGGA-1,0.000065,0.09019,0.217264,0.667593,0.000065,0.024823
AGAATTATGGATTCGA-1,0.011691,0.571708,0.063193,0.321967,0.000031,0.03141
AGAATTGTTTGACATA-1,0.001195,0.558178,0.001196,0.43704,0.001195,0.001196
AGACAGCTCAGAATCC-1,0.001196,0.003587,0.547464,0.445363,0.001195,0.001195
AGACAGGCATCTCAGC-1,0.003564,0.219548,0.180509,0.596279,0.00005,0.00005
AGACATAGATCCTTCC-1,0.000209,0.248099,0.000209,0.751063,0.000209,0.000209
AGACCAAACCACACCT-1,0.000176,0.000529,0.141229,0.857714,0.000176,0.000176
AGACCATGGGATACAA-1,0.000117,0.234384,0.000117,0.76515,0.000116,0.000117
AGACCCACCGCTGATC-1,0.000054,0.096082,0.41263,0.159751,0.000054,0.331429
AGACCCGCCCTCCTCG-1,0.000076,0.323002,0.099757,0.51976,0.000076,0.05733
AGACCGCTCCGCGGTT-1,0.000241,0.052555,0.000241,0.946482,0.000241,0.000241
AGACCGGGAAACCCTG-1,0.003414,0.010501,0.288369,0.656052,0.000036,0.041628
AGACGAAGTGCCGGTC-1,0.000015,0.992071,0.000015,0.00787,0.000015,0.000015
AGACGCCCACTTCGCC-1,0.001249,0.389496,0.001249,0.605508,0.001248,0.001249
AGACTAGCCTTCCAGA-1,0.000012,0.98091,0.015117,0.000024,0.000012,0.003925
AGACTGTTACCGGGTC-1,0.001916,0.391121,0.599295,0.003834,0.001916,0.001917
AGAGAAACACCAGAAA-1,0.000107,0.037104,0.571636,0.372479,0.000107,0.018568
AGAGAACCGTCTAGGA-1,0.000119,0.13002,0.104253,0.76537,0.000119,0.000119
AGAGAAGGAGTACAAT-1,0.000064,0.153021,0.343085,0.218054,0.000064,0.285711
AGAGATCTCTAAAGCG-1,0.000082,0.000247,0.000082,0.999423,0.000082,0.000082
AGAGCAGTTATGAGAC-1,0.003706,0.011117,0.003705,0.974063,0.003704,0.003706
AGAGCCGCCGAGATTT-1,0.038329,0.007252,0.10392,0.845667,0.002415,0.002417
AGAGCGCTTGTAACGG-1,0.002223,0.165251,0.259869,0.568209,0.002222,0.002224
AGAGCGGGCTAATCAT-1,0.000119,0.000356,0.000119,0.950866,0.000119,0.048422
AGAGCGTACAAGCTCG-1,0.00011,0.000331,0.051839,0.947499,0.00011,0.00011
AGAGCTACGAAAGCAT-1,0.000479,0.001438,0.075769,0.921356,0.000479,0.000479
AGAGGCTTCGGAAACC-1,0.000068,0.588397,0.171324,0.240074,0.000068,0.000068
AGAGGGACAATTGTCC-1,0.0002,0.000599,0.314742,0.68406,0.000199,0.0002
AGAGGTATCTCGGTCC-1,0.000099,0.247738,0.000098,0.65003,0.000098,0.101936
AGAGTAAACTTCACTA-1,0.000194,0.805128,0.033974,0.160316,0.000194,0.000194
AGAGTATAGTGTTACG-1,0.00309,0.009267,0.553002,0.428467,0.003086,0.003088
AGAGTGAACAGACACC-1,0.014247,0.230886,0.60621,0.111347,0.000153,0.037157
AGAGTTGCAGGCCTCC-1,0.001292,0.179999,0.629363,0.186761,0.001292,0.001293
AGATAACTTCAGGGCC-1,0.000028,0.887548,0.066937,0.027832,0.000028,0.017627
AGATACCAATAGAACC-1,0.000708,0.054599,0.000708,0.942569,0.000708,0.000708
AGATACCAGCACTTCA-1,0.001425,0.29225,0.106444,0.597031,0.001425,0.001426
AGATACCGGTGTTCAC-1,0.001079,0.204208,0.790396,0.002159,0.001079,0.00108
AGATACGACTTCATAT-1,0.000625,0.501168,0.000625,0.496333,0.000624,0.000625
AGATACTCAAGATCGA-1,0.000081,0.167324,0.082389,0.627848,0.000081,0.122277
AGATATAATACGACTA-1,0.000227,0.308996,0.02093,0.669392,0.000227,0.000227
AGATCGTGCATAAGAT-1,0.001884,0.522794,0.186425,0.285129,0.001883,0.001885
AGATGACTCGCCCACG-1,0.000186,0.10593,0.205451,0.68806,0.000186,0.000186
AGATGATGGAGTCTGG-1,0.00089,0.002669,0.382406,0.612257,0.000889,0.00089
AGATGCAAGACGTGCA-1,0.00049,0.294633,0.327406,0.376491,0.000489,0.00049
AGATGCATCCTGTGTC-1,0.00019,0.125173,0.060824,0.813432,0.00019,0.00019
AGATGCTATAACGAGC-1,0.000496,0.147758,0.281983,0.568771,0.000496,0.000496
AGATTATAGGACGTTT-1,0.000075,0.121102,0.299388,0.484436,0.000075,0.094923
AGATTCACAACCGATA-1,0.000064,0.000191,0.114655,0.884962,0.000064,0.000064
AGCAAAGGCCGCTAGT-1,0.004123,0.012353,0.004118,0.682903,0.004115,0.292388
AGCAACATATCTTATT-1,0.000056,0.12355,0.040089,0.836192,0.000056,0.000056
AGCAACCGAAAGTAAT-1,0.001081,0.003239,0.379287,0.614235,0.001079,0.00108
AGCACCAGTACTCACG-1,0.000167,0.497809,0.249058,0.252631,0.000167,0.000167
AGCACTACCGGCCTGT-1,0.000293,0.304589,0.000293,0.694241,0.000292,0.000293
AGCACTACCTCACCAG-1,0.000047,0.445113,0.070643,0.352198,0.000047,0.131953
AGCACTTAAGGACGCC-1,0.000239,0.914809,0.083998,0.000477,0.000238,0.000239
AGCAGAAGGAGAAAGA-1,0.000221,0.139591,0.476482,0.383263,0.000221,0.000221
AGCAGCCAGATGAATA-1,0.002268,0.006807,0.450157,0.536232,0.002268,0.002269
AGCATATCAATATGCT-1,0.000034,0.635503,0.000034,0.364362,0.000034,0.000034
AGCATCATTTCGAAAG-1,0.012946,0.139645,0.435258,0.411993,0.000079,0.000079
AGCATCGTCGATAATT-1,0.000423,0.502836,0.213408,0.282488,0.000422,0.000423
AGCATTACGAGGCAAG-1,0.000869,0.280663,0.000869,0.715862,0.000868,0.000869
AGCCAAGCTTTGTGTC-1,0.000191,0.138459,0.131399,0.635325,0.000191,0.094435
AGCCACAGGTTACCCG-1,0.000319,0.000958,0.00032,0.886219,0.000319,0.111864
AGCCACTCCCGTGCTT-1,0.000184,0.000553,0.620553,0.281303,0.000184,0.097222
AGCCATATAGTATGTG-1,0.000096,0.000288,0.377806,0.621619,0.000096,0.000096
AGCCCATACATGTAAG-1,0.000063,0.000188,0.000063,0.961167,0.000063,0.038456
AGCCCGCAACAAGCAG-1,0.000047,0.265996,0.553684,0.180179,0.000047,0.000047
AGCCCGGTAGCCTGTA-1,0.00134,0.229587,0.720366,0.04603,0.001339,0.00134
AGCCCTAAGCGAAGTT-1,0.000105,0.336103,0.000105,0.663479,0.000105,0.000105
AGCCCTGTCGCACCGT-1,0.018197,0.003271,0.476531,0.499822,0.001089,0.00109
AGCCCTTCTAATCCGA-1,0.000102,0.000305,0.089011,0.91038,0.000101,0.000102
AGCCCTTGGACATCCC-1,0.03923,0.003239,0.329576,0.585816,0.001079,0.041062
AGCCGCAAATTCAAAT-1,0.111111,0.333333,0.111111,0.222222,0.111111,0.111111
AGCCGCTTGATTAGCG-1,0.001985,0.471301,0.001986,0.520758,0.001984,0.001986
AGCCGTGGCTAAATGT-1,0.000074,0.000221,0.124815,0.873695,0.000074,0.001122
AGCCTAATACCCACGT-1,0.000215,0.11203,0.000215,0.837304,0.000215,0.050021
AGCCTTAAAGCGGAAG-1,0.001011,0.43107,0.001011,0.444198,0.00101,0.121701
AGCGACATCCCATTCA-1,0.000281,0.126568,0.000281,0.853525,0.000281,0.019064
AGCGACCAACGATATT-1,0.000091,0.392229,0.163717,0.358374,0.000091,0.085499
AGCGATGCGCCTAATA-1,0.009671,0.640032,0.039241,0.310872,0.000092,0.000092
AGCGCTAGAGCGATGT-1,0.001885,0.005654,0.321771,0.666921,0.001883,0.001885
AGCGGACACTTCGTAG-1,0.000173,0.409587,0.307719,0.252346,0.000173,0.030002
AGCGGCGGTTAGCGGT-1,0.000251,0.000753,0.000251,0.998243,0.000251,0.000251
AGCGGGAAGGGTCCAT-1,0.001444,0.004333,0.001444,0.989891,0.001443,0.001445
AGCGGGTCTGACACTC-1,0.000219,0.399906,0.095597,0.503841,0.000219,0.000219
AGCGGTTGCCGCTCTG-1,0.05185,0.58619,0.000277,0.361129,0.000277,0.000277
AGCGTACGAGAGCTAG-1,0.000082,0.18581,0.004023,0.809921,0.000082,0.000082
AGCGTAGCGCTAGACC-1,0.007938,0.299446,0.007943,0.668798,0.007937,0.007939
AGCGTCTGAACCCGCA-1,0.000051,0.908647,0.000051,0.091148,0.000051,0.000051
AGCTAACAAGCAATGT-1,0.000035,0.983407,0.000035,0.000071,0.000035,0.016416
AGCTAAGTACGCAGGC-1,0.00022,0.000659,0.00022,0.998462,0.00022,0.00022
AGCTAGAAGCAGAAGT-1,0.000114,0.473068,0.147991,0.378598,0.000114,0.000114
AGCTCCATATATGTTC-1,0.000783,0.515232,0.242896,0.12553,0.000782,0.114777
AGCTCCTTCGCACATC-1,0.000106,0.147517,0.000106,0.85206,0.000106,0.000106
AGCTCGTTGATGGAAA-1,0.050632,0.818553,0.128766,0.001025,0.000512,0.000512
AGCTCTTCGTAACCTT-1,0.000505,0.206048,0.007105,0.739635,0.000505,0.046202
AGCTCTTTACTCAGTT-1,0.000128,0.122407,0.743986,0.133222,0.000128,0.000128
AGCTGTAACCTCAATC-1,0.000228,0.33349,0.17037,0.495457,0.000228,0.000228
AGCTTATAGAGACCTG-1,0.002021,0.203422,0.002021,0.788493,0.00202,0.002021
AGCTTCTTCTCGAGCA-1,0.000249,0.000746,0.000249,0.998259,0.000249,0.000249
AGCTTGATCTTAACTT-1,0.000079,0.000238,0.000079,0.999446,0.000079,0.000079
AGGAAAGCCTCTGATG-1,0.002416,0.007252,0.163961,0.821537,0.002415,0.002418
AGGAACGAACGACTTC-1,0.000334,0.323603,0.169331,0.506065,0.000334,0.000334
AGGAAGCTGTCCGCCG-1,0.000553,0.155099,0.230875,0.612367,0.000553,0.000553
AGGACAGTCGAATCCC-1,0.000098,0.087735,0.194708,0.712352,0.000098,0.005008
AGGACATCGCACGTCG-1,0.002097,0.293211,0.002098,0.698399,0.002096,0.002098
AGGACATCGGCACACT-1,0.001523,0.00457,0.197495,0.793368,0.001522,0.001523
AGGACTTATAGGAGAA-1,0.000545,0.285146,0.211059,0.50216,0.000545,0.000545
