Barcode,Topic 1to4,Topic 5to8,Topic 9to10
AAACAACGAATAGTTC-1,0.420646,0.025008,0.554347
AAACAAGTATCTCCCA-1,0.371421,0.624715,0.003863
AAACAATCTACTAGCA-1,0.000093,0.323249,0.676658
AAACACCAATAACTGC-1,0.7838,0.170033,0.046167
AAACAGAGCGACTCCT-1,0.375693,0.108297,0.516011
AAACAGCTTTCAGAAG-1,0.108982,0.763057,0.127961
AAACAGGGTCTATATT-1,0.036248,0.935156,0.028595
AAACATGGTGAGAGGA-1,0.246994,0.684165,0.068841
AAACATTTCCCGGATT-1,0.24733,0.752552,0.000119
AAACCACTACACAGAT-1,0.415695,0.297691,0.286614
AAACCCGAACGAAATC-1,0.339387,0.629548,0.031065
AAACCGGAAATGTTAA-1,0.328081,0.361535,0.310385
AAACCGGGTAGGTACC-1,0.236142,0.763795,0.000062
AAACCGTTCGTCCAGG-1,0.002093,0.177263,0.820644
AAACCTCATGAAGTTG-1,0.512184,0.487783,0.000032
AAACGAAGAACATACC-1,0.254821,0.676549,0.06863
AAACGAAGATGGAGTA-1,0.036287,0.936682,0.027031
AAACGACAGTCTTGCC-1,0.282374,0.496499,0.221127
AAACGAGACGGTTGAT-1,0.130221,0.621396,0.248382
AAACGCTGGGCACGAC-1,0.127942,0.522657,0.3494
AAACGGGTTGGTATCC-1,0.000314,0.99953,0.000157
AAACGTGTTCGCCCTA-1,0.265631,0.680743,0.053627
AAACTAACGTGGCGAC-1,0.056606,0.438937,0.504457
AAACTCGTGATATAAG-1,0.518139,0.345424,0.136437
AAACTTAATTGCACGC-1,0.58997,0.356953,0.053076
AAACTTGCAAACGTAT-1,0.254758,0.730949,0.014293
AAAGAATGACCTTAGA-1,0.26177,0.729165,0.009065
AAAGAATGTGGACTAA-1,0.000486,0.690522,0.308992
AAAGACCCAAGTCGCG-1,0.60914,0.349582,0.041278
AAAGACTGGGCGCTTT-1,0.773482,0.223393,0.003125
AAAGCTTGCCTACATA-1,0.060419,0.884065,0.055516
AAAGGGATGTAGCAAG-1,0.093035,0.90325,0.003715
AAAGGGCAGCTTGAAT-1,0.365167,0.599626,0.035207
AAAGGTAAGCTGTACC-1,0.080595,0.395672,0.523733
AAAGTAGCATTGCTCA-1,0.379672,0.597352,0.022976
AAAGTCACTGATGTAA-1,0.729962,0.214408,0.05563
AAAGTCGACCCTCAGT-1,0.335233,0.642033,0.022735
AAAGTGCCATCAATTA-1,0.00241,0.866974,0.130616
AAAGTGTGATTTATCT-1,0.338632,0.386096,0.275272
AAAGTTGACTCCCGTA-1,0.090242,0.904517,0.005241
AAATAACCATACGGGA-1,0.007532,0.845815,0.146654
AAATAAGGTAGTGCCC-1,0.093485,0.904852,0.001663
AAATAGCTTAGACTTT-1,0.994146,0.000037,0.005817
AAATCACTCCTAAACG-1,0.061174,0.819501,0.119325
AAATCGCGGAAGGAGT-1,0.000049,0.999926,0.000025
AAATCGTGTACCACAA-1,0.020474,0.91179,0.067736
AAATCTAGCCCTGCTA-1,0.398552,0.595184,0.006264
AAATCTGCCCGCGTCC-1,0.074576,0.925391,0.000033
AAATGATTCGATCAGC-1,0.11143,0.880043,0.008526
AAATGCTCGTTACGTT-1,0.144477,0.849737,0.005785
AAATGGCATGTCTTGT-1,0.018129,0.404909,0.576962
AAATGGCCCGTGCCCT-1,0.090804,0.850358,0.058838
AAATGGTCAATGTGCC-1,0.478518,0.521436,0.000046
AAATGTATCTTATCCC-1,0.140907,0.85886,0.000232
AAATGTGGGTGCTCCT-1,0.000737,0.939735,0.059528
AAATTAACGGGTAGCT-1,0.128538,0.863731,0.007732
AAATTAATAAGCGCGA-1,0.266032,0.733944,0.000024
AAATTACACGACTCTG-1,0.038098,0.914299,0.047603
AAATTACCTATCGATG-1,0.031149,0.968762,0.000089
AAATTCCAGGTCCAAA-1,0.076217,0.907728,0.016055
AAATTGATAGTCCTTT-1,0.521463,0.473964,0.004573
AAATTGCGGCGGTTCT-1,0.000127,0.890905,0.108968
AAATTGGTGAGAAGCA-1,0.93543,0.057006,0.007563
AAATTTGCGGGTGTGG-1,0.128527,0.866509,0.004964
AACAACTGGTAGTTGC-1,0.255545,0.731988,0.012467
AACAATTACTCTACGC-1,0.296114,0.691738,0.012148
AACACACGCTCGCCGC-1,0.286018,0.67996,0.034022
AACACGACTGTACTGA-1,0.163683,0.813842,0.022475
AACACGAGACGCGGCC-1,0.187959,0.783023,0.029018
AACACGCGGCCGCGAA-1,0.0019,0.993785,0.004315
AACAGCTGTGTGGCAA-1,0.411026,0.544113,0.04486
AACAGGAAATCGAATA-1,0.04513,0.879946,0.074924
AACAGGATGGGCCGCG-1,0.04998,0.937606,0.012414
AACAGGTAGTATGGAT-1,0.815304,0.12862,0.056076
AACATATCAACTGGTG-1,0.037666,0.962257,0.000077
AACATCGATACGTCTA-1,0.144873,0.585434,0.269693
AACATTGGTCAGCCGT-1,0.315607,0.684213,0.00018
AACCAAGACTTCTCTG-1,0.451489,0.540578,0.007933
AACCATAGGGTTGAAC-1,0.989297,0.001431,0.009273
AACCATGGGATCGCTA-1,0.385591,0.42522,0.189189
AACCCAGAGACGGAGA-1,0.966699,0.017894,0.015407
AACCCATCCCATGATC-1,0.012366,0.752737,0.234897
AACCCGAGCAGAATCG-1,0.465143,0.53098,0.003877
AACCCGATAGGGCTTC-1,0.32868,0.497261,0.174059
AACCCTACTGTCAATA-1,0.153076,0.782196,0.064728
AACCCTGGTGGAACCA-1,0.135583,0.546856,0.317561
AACCGAGCTTGGTCAT-1,0.006507,0.967822,0.025671
AACCGCTAAGGGATGC-1,0.108738,0.869215,0.022047
AACCGTTGTGTTTGCT-1,0.148349,0.772946,0.078705
AACCTAAAGCCGTCCG-1,0.821274,0.092879,0.085847
AACCTGTCACGGAATT-1,0.283184,0.714002,0.002814
AACCTTTACGACGTCT-1,0.00222,0.055691,0.942089
AACGAAAGTCGTCCCA-1,0.162128,0.755783,0.082089
AACGACCTCCTAGCCG-1,0.003796,0.895347,0.100857
AACGATAGAAGGGCCG-1,0.45658,0.482535,0.060884
AACGATATGTCAACTG-1,0.017395,0.543088,0.439517
AACGCATGATCTGGGT-1,0.107113,0.892767,0.00012
AACGCGAACGGCAACA-1,0.000122,0.925085,0.074793
AACGCGGTCTCCAGCC-1,0.037332,0.759594,0.203074
AACGCTGTTGCTGAAA-1,0.243015,0.649985,0.107
AACGGACGTACGTATA-1,0.347031,0.599113,0.053856
AACGGCCATCTCCGGT-1,0.200344,0.780694,0.018962
AACGTACTGTGGGTAC-1,0.043725,0.956195,0.00008
AACGTAGTCTACCCAT-1,0.051941,0.899414,0.048645
AACGTCAGACTAGTGG-1,0.450341,0.509344,0.040314
AACGTCGCTGCACTTC-1,0.000716,0.607584,0.391701
AACGTGCGAAAGTCTC-1,0.044408,0.915051,0.040541
AACGTTATCAGCACCT-1,0.431663,0.525097,0.043241
AACGTTCTACCATTGT-1,0.091316,0.905633,0.003052
AACTACCCGTTTGTCA-1,0.290363,0.704423,0.005214
AACTAGCGTATCGCAC-1,0.033175,0.966687,0.000138
AACTCAAGTTAATTGC-1,0.434801,0.563953,0.001246
AACTCCAGAGCGTGTT-1,0.212995,0.784823,0.002181
AACTCCTAATCCCATG-1,0.266938,0.692039,0.041023
AACTCGATAAACACGT-1,0.037879,0.866978,0.095142
AACTCGATGGCGCAGT-1,0.036465,0.963421,0.000114
AACTCTCAATAGAGCG-1,0.05561,0.94432,0.00007
AACTCTCAGTGTGCTC-1,0.040329,0.551097,0.408574
AACTGAGGTCAGCGTC-1,0.114367,0.710829,0.174804
AACTGAGTTATACTGA-1,0.798828,0.181401,0.019771
AACTGATATTAGGCCT-1,0.109372,0.872297,0.018332
AACTGGGTCCCGACGT-1,0.000107,0.788802,0.211092
AACTGGTGTGGGCCTT-1,0.10697,0.465704,0.427326
AACTTCTGCGTCTATC-1,0.554304,0.138387,0.307309
AACTTGCCCGTATGCA-1,0.262968,0.737004,0.000028
AACTTGCGTTCTCGCG-1,0.101857,0.895503,0.00264
AACTTTACGGGAGCTT-1,0.399661,0.586252,0.014087
AACTTTAGCTGCTGAG-1,0.052363,0.936592,0.011045
AACTTTCTCGATCATG-1,0.074051,0.840202,0.085747
AAGAAATCACCAGATT-1,0.029449,0.905562,0.064989
AAGAAGGATCAGTTAG-1,0.447909,0.53348,0.018611
AAGACATACGTGGTTT-1,0.245334,0.754441,0.000225
AAGACCAAATAACTCA-1,0.068767,0.906797,0.024436
AAGACTAACCCGTTGT-1,0.000219,0.999672,0.000109
AAGACTGCAAGCTACT-1,0.070235,0.815238,0.114527
AAGAGATGAATCGGTA-1,0.532663,0.463751,0.003586
AAGAGGATGTACGCGA-1,0.283183,0.714153,0.002664
AAGAGGCATGGATCGC-1,0.11699,0.541489,0.341521
AAGAGGCCCTTTGGAA-1,0.825794,0.107253,0.066953
AAGATTGGCGGAACGT-1,0.000107,0.848084,0.151809
AAGCCGAAGCGGTTTA-1,0.588714,0.391918,0.019368
AAGCCGCTTTACCTTG-1,0.001576,0.937452,0.060972
AAGCCGGAGAGCAGGA-1,0.205654,0.770343,0.024003
AAGCGGAGTGCGCGCA-1,0.463558,0.430312,0.10613
AAGCGGCGTCATGGGT-1,0.526238,0.437825,0.035937
AAGCGTCCCTCATCGA-1,0.017008,0.256208,0.726784
AAGCTATGGATTGACC-1,0.751515,0.116685,0.1318
AAGCTCGTGCCAAGTC-1,0.078168,0.915864,0.005968
AAGGAGAACTTATAAG-1,0.00056,0.999161,0.00028
AAGGAGCGGTTGGTGC-1,0.246964,0.7089,0.044136
AAGGATCGATCGCTTG-1,0.305761,0.682965,0.011274
AAGGATGAGGGACCTC-1,0.000139,0.965833,0.034028
AAGGCAGGCTGTCTCC-1,0.291267,0.569983,0.138751
AAGGCGCGTAAAGCTT-1,0.067948,0.921786,0.010267
AAGGCTGTGCTCATCG-1,0.266452,0.724811,0.008737
AAGGGAACGACTGGCT-1,0.776199,0.21219,0.011611
AAGGGACAGATTCTGT-1,0.032098,0.967807,0.000095
AAGGGACTATGCATTC-1,0.659911,0.291292,0.048797
AAGGGTTAGCCATGCG-1,0.06219,0.875594,0.062216
AAGGGTTTGATTTCAG-1,0.017672,0.978126,0.004201
AAGGTATCCTAATATA-1,0.078488,0.532236,0.389276
AAGGTGATAAACCAGC-1,0.073268,0.859493,0.067239
AAGTAAGCTTCCAAAC-1,0.22917,0.694348,0.076482
AAGTAGAAGACCGGGT-1,0.172032,0.806448,0.02152
AAGTAGTGACGCGAGG-1,0.209448,0.769754,0.020798
AAGTCAATTGTCGTCA-1,0.687849,0.229385,0.082766
AAGTCTAGTAGCTGCC-1,0.08811,0.867378,0.044512
AAGTCTTCTGTGGCCT-1,0.274711,0.721455,0.003834
AAGTGACGACCGAATT-1,0.320269,0.652496,0.027235
AAGTGCAAAGGTAGAC-1,0.119788,0.880138,0.000074
AAGTGCCTTGACTGTA-1,0.201698,0.759795,0.038507
AAGTGCGTTAGAATCT-1,0.456866,0.528276,0.014858
AAGTTCAGTCTGCGTA-1,0.385808,0.564815,0.049377
AAGTTCGGCCAACAGG-1,0.070016,0.895807,0.034176
AAGTTGTGATGTTATA-1,0.343774,0.582643,0.073583
AAGTTTACTAATGGCA-1,0.167311,0.828571,0.004118
AATAACAACGCTCGGC-1,0.212555,0.772495,0.01495
AATAACACTAGAACAA-1,0.818839,0.160933,0.020228
AATAACGTCGCGCCCA-1,0.000406,0.756244,0.243349
AATAAGTCCTCGAGAC-1,0.089565,0.497117,0.413318
AATAATCTTCGTATCG-1,0.304494,0.555982,0.139524
AATACAATGTTTCAGG-1,0.107485,0.89233,0.000185
AATAGAACAGAGTGGC-1,0.000049,0.46847,0.531481
AATAGAATCTGTTTCA-1,0.028081,0.971834,0.000085
AATAGCAAGCCTCCTG-1,0.026429,0.284056,0.689516
AATAGCTACCGCGTGC-1,0.518029,0.467101,0.01487
AATAGTCGCGAGTCGG-1,0.431446,0.547494,0.02106
AATATCAAGGTCGGAT-1,0.629335,0.322279,0.048387
AATATCCTAGCAAACT-1,0.37291,0.626898,0.000192
AATATCGAATCAATGC-1,0.189136,0.804287,0.006577
AATATCGAGGGTTCTC-1,0.455012,0.527234,0.017753
AATATTGGAGTATTGA-1,0.398146,0.601819,0.000035
AATCAGACTGCAGGAC-1,0.547999,0.444221,0.00778
AATCATGTAAAGACTC-1,0.310072,0.664739,0.02519
AATCCAAGGGCCTGAG-1,0.857092,0.142896,0.000012
AATCCATGCAAGGGTG-1,0.320761,0.679173,0.000066
AATCGCGCAGAGGACT-1,0.114877,0.858982,0.026141
AATCGGGACACTACGA-1,0.188053,0.732144,0.079804
AATCGGTATAGCCCTC-1,0.003541,0.994689,0.00177
AATCTAGGTTTACTTG-1,0.003491,0.979356,0.017152
AATCTATGCCGGAGCC-1,0.228269,0.759143,0.012588
AATCTCTACTGTGGTT-1,0.214064,0.733405,0.052531
AATCTGCGTTGGGACG-1,0.091092,0.908817,0.000092
AATCTGGCTTTCTAGT-1,0.064015,0.745281,0.190704
AATGACAGCAATGTCT-1,0.172946,0.8188,0.008254
AATGACTGTCAGCCGG-1,0.159529,0.840384,0.000088
AATGAGTTCGCATATG-1,0.800873,0.179481,0.019646
AATGATGATACGCTAT-1,0.012461,0.953741,0.033798
AATGATGCGACTCCTG-1,0.306476,0.666057,0.027467
AATGCAACCGGGTACC-1,0.123864,0.869133,0.007003
AATGCACCAAGCAATG-1,0.029749,0.95148,0.018771
AATGGCCGCCAATGCG-1,0.266405,0.235803,0.497792
AATGGTCCACCGTTCA-1,0.645709,0.107333,0.246958
AATGGTTCTCACAAGC-1,0.246733,0.746373,0.006895
AATGTATGGCACTGTA-1,0.40706,0.383613,0.209327
AATGTGCCCGAGGTGT-1,0.712172,0.208791,0.079037
AATGTTGTCGTGAGAC-1,0.09416,0.905387,0.000453
AATTAAAGGTCGGCGT-1,0.091276,0.90865,0.000074
AATTACGAGACCCATC-1,0.059019,0.573178,0.367803
AATTACTCGTACGCTC-1,0.022825,0.977118,0.000057
AATTCATAAGGGATCT-1,0.000162,0.875607,0.12423
AATTCATTGTCATGCA-1,0.469391,0.519088,0.011521
AATTCCAACTTGGTGA-1,0.000748,0.851219,0.148033
AATTGAACGCTCTGGT-1,0.000224,0.999287,0.000489
AATTGCAGCAATCGAC-1,0.865213,0.13477,0.000017
AATTGCGTGGATTACA-1,0.140086,0.74978,0.110134
AATTGTGGTTGCCAAA-1,0.006218,0.993714,0.000067
AATTTGGGACATAGTA-1,0.150562,0.742609,0.106829
AATTTGGTTCCAAAGA-1,0.078598,0.568203,0.353199
ACAAACCATGCGTCCT-1,0.792979,0.059429,0.147592
ACAAACCGACAAGGCG-1,0.060283,0.681557,0.25816
ACAAAGAAGGTAGGCC-1,0.026051,0.97379,0.000159
ACAAAGCATGACCTAG-1,0.595868,0.404063,0.000069
ACAAATGGTAGTGTTT-1,0.022882,0.976985,0.000133
ACAAATTCAGATCTGA-1,0.124661,0.875281,0.000058
ACAACAGCATGAGCTA-1,0.008982,0.947925,0.043093
ACAACGGTCCCTGCGA-1,0.720601,0.279381,0.000017
ACAAGCAGTGCCTAGC-1,0.467945,0.524446,0.007609
ACAAGCTATATGGAAG-1,0.215681,0.765934,0.018385
ACAAGGACAAGAGGTT-1,0.092524,0.900514,0.006963
ACAATAGTCGTACGTT-1,0.561571,0.412332,0.026097
ACAATCCATTTAAACC-1,0.271906,0.676088,0.052006
ACAATCGATCTTTATA-1,0.001212,0.878403,0.120384
ACAATGAATACGGAGA-1,0.340283,0.401976,0.257741
ACAATGATTCTTCTAC-1,0.110369,0.576091,0.31354
ACAATTGTGTCTCTTT-1,0.275432,0.724351,0.000217
ACAATTTAGGAGGCTC-1,0.649381,0.350507,0.000112
ACAATTTGAGCAGTGG-1,0.007501,0.813388,0.179112
ACAATTTGGCCATATT-1,0.983839,0.000588,0.015573
ACACAAAGACGGGTGG-1,0.092204,0.907736,0.00006
ACACAAATATTCCTAG-1,0.426241,0.478917,0.094842
ACACACCAGGACCAGT-1,0.000156,0.999767,0.000078
ACACACTTTCTACACG-1,0.016365,0.883519,0.100116
ACACATGATCAAATCT-1,0.414728,0.484141,0.10113
ACACATTGACGCAACA-1,0.006668,0.993277,0.000055
ACACCACATAATTAGC-1,0.132751,0.866262,0.000987
ACACCCAGCATGCAGC-1,0.313398,0.655006,0.031596
ACACCCGAGAAATCCG-1,0.987,0.004919,0.008081
ACACCCGTAAATCTGT-1,0.779296,0.156173,0.064532
ACACCGAGCGCTCTTT-1,0.097436,0.902505,0.000059
ACACCGGTCTGACCGC-1,0.230384,0.523009,0.246607
ACACCTTAAGTAGGGC-1,0.451898,0.4722,0.075902
ACACCTTACTACTTGC-1,0.052019,0.946586,0.001395
ACACGAGACTCCTTCT-1,0.315937,0.612076,0.071987
ACACGGCACTATGCAT-1,0.101279,0.623327,0.275394
ACACGGGAACTTAGGG-1,0.195175,0.767712,0.037113
ACACGTAGGCCACAAG-1,0.836814,0.154742,0.008444
ACACTCCAATGTCACT-1,0.682922,0.312624,0.004454
ACACTGATCAAGGTGT-1,0.002619,0.537079,0.460302
ACACTGGGACAGTCGT-1,0.210132,0.789583,0.000285
ACAGAACTGAGAACAA-1,0.395465,0.601267,0.003268
ACAGATTAGGTTAGTG-1,0.48131,0.514992,0.003698
ACAGCATAGAGCCAGT-1,0.069116,0.923895,0.006989
ACAGCGACATTCTCAT-1,0.21015,0.629282,0.160568
ACAGGAGGCGCAGCCG-1,0.017398,0.973904,0.008698
ACAGGCTTGCCCGACT-1,0.087023,0.912874,0.000103
ACAGGTGGAGGTGAGG-1,0.060911,0.939018,0.000071
ACAGGTGTGTTGTTGC-1,0.888661,0.110729,0.00061
ACAGTAATACAACTTG-1,0.000136,0.971098,0.028766
ACAGTATACCGTGGGA-1,0.881888,0.10654,0.011572
ACATAAGTCGTGGTGA-1,0.330653,0.556764,0.112583
ACATAATAAGGCGGTG-1,0.011346,0.8587,0.129954
ACATCAGCTGGGACGC-1,0.207872,0.770185,0.021942
ACATCCTGGTAACTGT-1,0.399005,0.583483,0.017512
ACATCGGTCAGCCGCG-1,0.003942,0.995958,0.000101
ACATCGTATGCAATGG-1,0.166275,0.773307,0.060418
ACATCGTTAACCTAGT-1,0.090948,0.457534,0.451518
ACATCTCAACGCGTAA-1,0.163727,0.493785,0.342488
ACATGGCGCCAAAGTA-1,0.161693,0.470235,0.368072
ACATGGCTCAATTTAG-1,0.000183,0.999726,0.000091
ACCAAACACCCAGCGA-1,0.121246,0.858433,0.020321
ACCAAACTAGAAATCC-1,0.394106,0.573361,0.032533
ACCAACACCACACACT-1,0.147546,0.766368,0.086085
ACCAACCGCACTCCAC-1,0.161256,0.790436,0.048309
ACCAAGAACGCGTGTC-1,0.160773,0.800131,0.039096
ACCAAGTCATCGGCAG-1,0.006251,0.992942,0.000807
ACCACAAGTTTCTATC-1,0.798303,0.195117,0.00658
ACCACCAATGTAACAA-1,0.340798,0.638107,0.021095
ACCACCCTCTCTTCTA-1,0.055298,0.943437,0.001265
ACCACTGTTCAAGAAG-1,0.000249,0.999627,0.000124
ACCAGACCATAACAAC-1,0.229468,0.538584,0.231948
ACCAGCCCGGTCTTTG-1,0.030857,0.555369,0.413773
ACCAGGAGTGTGATCT-1,0.001688,0.997468,0.000844
ACCAGTGCCCGGTCAA-1,0.184861,0.606337,0.208802
ACCAGTGCGGGAGACG-1,0.243667,0.755149,0.001184
ACCATATCCGCAATAA-1,0.142653,0.760615,0.096732
ACCATCCGCCAACTAG-1,0.649489,0.303229,0.047282
ACCATCGTATATGGTA-1,0.285534,0.701111,0.013355
ACCATTAAGGGTGTCA-1,0.531848,0.43432,0.033832
ACCCAACGCCCGTGGC-1,0.013701,0.88859,0.097709
ACCCACCTACATGCTC-1,0.843665,0.149768,0.006567
ACCCATCTTGAGGGTA-1,0.281027,0.714319,0.004654
ACCCATTTGTCCCTCT-1,0.960115,0.034368,0.005518
ACCCGAGCGAAATTAC-1,0.298086,0.696248,0.005666
ACCCGGAGCACCACAA-1,0.165135,0.834485,0.00038
ACCCGGATGACGCATC-1,0.507844,0.412626,0.079529
ACCCGGTTACACTTCC-1,0.193646,0.764378,0.041975
ACCCGTAGTCTAGTTG-1,0.000239,0.999641,0.00012
ACCCTATAGGACTGAG-1,0.817077,0.174939,0.007984
ACCCTATGCCATATCG-1,0.000049,0.255288,0.744664
ACCCTCCCTTGCTATT-1,0.000159,0.806614,0.193227
ACCCTGGTAACGCCCT-1,0.222167,0.679006,0.098827
ACCCTTCATCTGCGAA-1,0.155814,0.791205,0.052981
ACCCTTGCCTGGGTCG-1,0.055229,0.869233,0.075538
ACCCTTTAGTTCTCCA-1,0.100797,0.52758,0.371623
ACCGAAAGGGCCCTGC-1,0.430522,0.51149,0.057988
ACCGAAGAGTCTGGTT-1,0.260426,0.695033,0.044541
ACCGACTGAGTCCCAC-1,0.024704,0.717192,0.258104
ACCGATAGGCATAACC-1,0.53769,0.449684,0.012626
ACCGATATTTAATCAT-1,0.999913,0.000058,0.000029
ACCGATGGTAGCATCG-1,0.681122,0.272674,0.046204
ACCGCGGTGGAAGTCG-1,0.130913,0.868923,0.000164
ACCGGGCCTTTGTTGA-1,0.050237,0.81378,0.135983
ACCGGTCAGGTACACC-1,0.111782,0.823403,0.064814
ACCGTCCACTGGGCCC-1,0.226493,0.619177,0.15433
ACCGTTCCCGCTCTGA-1,0.156432,0.600831,0.242738
ACCTAAGTACCTTTCA-1,0.122328,0.440881,0.43679
ACCTAATCGACTTCCT-1,0.191311,0.805028,0.003661
ACCTACAGTATGTGGT-1,0.417758,0.564388,0.017854
ACCTCCGCCCTCGCTG-1,0.289919,0.504205,0.205876
ACCTCCGTTATTCACC-1,0.262289,0.700829,0.036882
ACCTCGAACTTATGCT-1,0.324056,0.555305,0.120639
ACCTGCGTGTCATGTT-1,0.35176,0.581151,0.067089
ACCTTTCCTTTAGAAG-1,0.028669,0.86827,0.103061
ACGAAATGGGCGGCAC-1,0.201102,0.797171,0.001728
ACGACCCATGAGTTGC-1,0.38971,0.610004,0.000287
ACGAGAACCCATCACG-1,0.040363,0.959566,0.000071
ACGAGGATACCACTCT-1,0.252265,0.721573,0.026162
ACGAGGTTTACAACGT-1,0.003151,0.995274,0.001575
ACGAGTACGGATGCCC-1,0.356166,0.643768,0.000066
ACGAGTCGCCGGCGTT-1,0.045833,0.954101,0.000066
ACGATACCTATCCTGA-1,0.635814,0.349446,0.01474
ACGATCATACATAGAG-1,0.034977,0.942689,0.022334
ACGATCATCTTGTAAA-1,0.404648,0.49835,0.097002
ACGATGCATATGTTAT-1,0.182761,0.816164,0.001075
ACGATGGATCCGATGC-1,0.071629,0.39861,0.529761
ACGCAATCACTACAGC-1,0.100428,0.852131,0.047442
ACGCATAAATGACATG-1,0.369578,0.614682,0.01574
ACGCATACGTTTACTA-1,0.250267,0.74034,0.009393
ACGCATTCGTGAGTAC-1,0.146238,0.73512,0.118642
ACGCCAGATGATTTCT-1,0.000116,0.92673,0.073154
ACGCCAGTGCGTTTGC-1,0.009595,0.990108,0.000297
ACGCCCAGCTGTCGAT-1,0.66004,0.314119,0.025842
ACGCCGCTAGACGACC-1,0.000158,0.216274,0.783568
ACGCCTGACACGCGCT-1,0.020007,0.96999,0.010003
ACGCGCTACACAGGGT-1,0.642543,0.333712,0.023745
ACGCGGGCCAAGGACA-1,0.168915,0.747091,0.083994
ACGCGTTTCTTAAGAG-1,0.000081,0.999879,0.00004
ACGCTACTGAATGGGC-1,0.167124,0.832533,0.000344
ACGCTAGTATCAGTGC-1,0.357218,0.569846,0.072935
ACGCTAGTGATACACT-1,0.16617,0.833748,0.000082
ACGCTGTGAGGCGTAG-1,0.121065,0.878637,0.000297
ACGCTTAGTGTCTCTC-1,0.055024,0.812439,0.132537
ACGGAACACGAGTGCC-1,0.301583,0.696007,0.00241
ACGGAATTTAGCAAAT-1,0.167052,0.805688,0.02726
ACGGAGCGCAAATTAC-1,0.070717,0.666727,0.262556
ACGGCGGGTTGCCCTG-1,0.000433,0.99935,0.000217
ACGGCTGGATGTAGAA-1,0.408788,0.465716,0.125496
ACGGGAGTGTCGGCCC-1,0.485098,0.509394,0.005508
ACGGGCGTATGCGACA-1,0.087867,0.912072,0.000061
ACGGGTCATGTGACTT-1,0.597986,0.33007,0.071944
ACGGGTTGTGACCTGT-1,0.121682,0.758867,0.119451
ACGTACAGATTTCTCT-1,0.16656,0.789135,0.044305
ACGTAGATTGCTGATG-1,0.132382,0.389368,0.478249
ACGTATTACTCCGATC-1,0.24001,0.759107,0.000883
ACGTCCTAAACGAGAT-1,0.430664,0.514067,0.055269
ACGTCGGGCAACTCGG-1,0.927805,0.067133,0.005062
ACGTCTCGTTCCGGGA-1,0.324947,0.643685,0.031368
ACGTGACAAAGTAAGT-1,0.033318,0.919248,0.047434
ACGTGCGCCTCGTGCA-1,0.038671,0.954333,0.006996
ACGTGGTCGAATGTGC-1,0.064444,0.034752,0.900804
ACGTTAATGTCGAAGA-1,0.089544,0.762107,0.148349
ACGTTAGATTTGCCCG-1,0.458162,0.530326,0.011512
ACGTTATTGGTCACTC-1,0.990584,0.009398,0.000019
ACGTTCCGCGCTCCGT-1,0.627524,0.340151,0.032325
ACGTTCGCAATCAATT-1,0.142461,0.803331,0.054208
ACGTTTAGTTGTGATC-1,0.106181,0.763895,0.129924
ACGTTTCGGTGCACTT-1,0.022228,0.977372,0.0004
ACTAAGGACGCACACC-1,0.455018,0.50641,0.038572
ACTAATACGTCAGGCG-1,0.152945,0.784323,0.062733
ACTACATCCCGACAAG-1,0.862065,0.107654,0.030281
ACTACCAGCTCTCTGG-1,0.184178,0.815701,0.00012
ACTAGTTGCGATCGTC-1,0.264629,0.712039,0.023332
ACTATATGCTGTGTTC-1,0.108196,0.755118,0.136686
ACTATCCAGGGCATGG-1,0.068242,0.92774,0.004018
ACTATCGCCGGCTAAA-1,0.273467,0.726486,0.000046
ACTATCTGCCCGCGTA-1,0.309358,0.690465,0.000177
ACTATTCGTCCGTGGT-1,0.287219,0.51008,0.202701
ACTCAACGAATGTATT-1,0.000276,0.999586,0.000138
ACTCAATAAAGGCACG-1,0.000089,0.854503,0.145408
ACTCAGACCTGCTTCT-1,0.119277,0.88059,0.000133
ACTCCAATATCATCAT-1,0.307427,0.558814,0.133759
ACTCCCATTCCTAAAG-1,0.162022,0.820281,0.017698
ACTCCCGAATTCGTTT-1,0.037498,0.868675,0.093826
ACTCCCGTAGACTAGG-1,0.387385,0.584476,0.028139
ACTCGATGTATTTCAT-1,0.081392,0.918545,0.000063
ACTCGCCGTTCGATAA-1,0.045339,0.921155,0.033507
ACTCGCGATCTGACGC-1,0.317224,0.680689,0.002087
ACTCGTAACCCGTCCT-1,0.366757,0.580317,0.052926
ACTCTAAACCTGGGAT-1,0.995213,0.00478,0.000006
ACTCTTCAGCTCCCGC-1,0.197839,0.315961,0.4862
ACTCTTGTATAGTAAC-1,0.090146,0.909792,0.000062
ACTGAAACGCCGTTAG-1,0.259102,0.66979,0.071108
ACTGAATGGCGAAAGT-1,0.000123,0.858774,0.141103
ACTGATTTAGTGATTC-1,0.411411,0.342684,0.245905
ACTGCCGTCGTAACTC-1,0.091407,0.667275,0.241319
ACTGCGGACACACCGT-1,0.531429,0.436911,0.03166
ACTGCTCGGAAGGATG-1,0.072937,0.926835,0.000228
ACTGGCGAACCTGCGT-1,0.464018,0.486828,0.049154
ACTGTAGCACTTTGGA-1,0.170824,0.793352,0.035824
ACTGTATACGCGAGCA-1,0.053555,0.946338,0.000107
ACTGTCCAGGATTATA-1,0.182835,0.817067,0.000098
ACTGTCTTCTTTAGAA-1,0.018813,0.780003,0.201185
ACTGTGCTAGTAGATC-1,0.093446,0.906414,0.00014
ACTGTTTAGTGTAGGC-1,0.007155,0.992502,0.000343
ACTTACCGGGCGCGCA-1,0.03857,0.876001,0.085429
ACTTAGTACGACAAGA-1,0.990099,0.007073,0.002828
ACTTATACTTACCCGG-1,0.077658,0.888645,0.033697
ACTTATCTGATCTATA-1,0.619419,0.375579,0.005002
ACTTATTAGGATCGGT-1,0.06649,0.920967,0.012543
ACTTATTTATGTGCCA-1,0.000144,0.747309,0.252548
ACTTCCAGTGGAAGCT-1,0.026557,0.953693,0.01975
ACTTCCTGTCGTGCGA-1,0.225927,0.754511,0.019563
ACTTCGCCATACGCAC-1,0.699965,0.276737,0.023297
ACTTCGCTAGCGAGTG-1,0.121246,0.767988,0.110766
ACTTGACTCCCTCTTT-1,0.073421,0.27286,0.653718
ACTTGCCATATTGTAC-1,0.053616,0.842901,0.103483
ACTTGCTCTATCTACC-1,0.702213,0.290593,0.007194
ACTTGGGACCCGGTGG-1,0.103164,0.896772,0.000065
ACTTGTAGTCCCTTCA-1,0.320661,0.207341,0.471998
ACTTGTGGATGGAACG-1,0.177749,0.678576,0.143675
ACTTTACCCTCATGAA-1,0.0107,0.353357,0.635943
ACTTTCCTATAGCTTC-1,0.192156,0.772539,0.035306
ACTTTGACTGCATCCT-1,0.629118,0.356546,0.014336
ACTTTGGTCGTGCTCC-1,0.386829,0.517139,0.096032
ACTTTGTCGACGCACT-1,0.48614,0.513773,0.000088
AGAAATTATGACTCGC-1,0.999977,0.000016,0.000008
AGAACCCAGCGTGACA-1,0.134791,0.858706,0.006503
AGAACCCTCAATTGGG-1,0.184708,0.667238,0.148055
AGAACGTGGTACATTC-1,0.002342,0.91682,0.080838
AGAAGAGCGCCGTTCC-1,0.001389,0.997916,0.000695
AGAAGGTACACTTCAC-1,0.017126,0.822095,0.160779
AGAAGGTTGCCGAATT-1,0.225647,0.760746,0.013607
AGAAGTGATTCGTGAT-1,0.57871,0.353113,0.068177
AGAATAAATCTTCAGG-1,0.249096,0.750245,0.000658
AGAATGCGGGTTCGGA-1,0.602638,0.293651,0.10371
AGAATTATGGATTCGA-1,0.226045,0.773895,0.000061
AGAATTGTTTGACATA-1,0.605238,0.38363,0.011131
AGACAGCTCAGAATCC-1,0.209096,0.704055,0.086849
AGACAGGCATCTCAGC-1,0.999871,0.000086,0.000043
AGACATAGATCCTTCC-1,0.080195,0.914657,0.005148
AGACCAAACCACACCT-1,0.125944,0.44475,0.429306
AGACCATGGGATACAA-1,0.893391,0.092356,0.014254
AGACCCGCCCTCCTCG-1,0.282395,0.714279,0.003326
AGACCGCTCCGCGGTT-1,0.524708,0.450689,0.024603
AGACCGGGAAACCCTG-1,0.026835,0.970783,0.002382
AGACGAAGTGCCGGTC-1,0.051649,0.520073,0.428278
AGACGACGATGCCGCT-1,0.217451,0.774337,0.008213
AGACGCCCACTTCGCC-1,0.24095,0.758777,0.000273
AGACGGGATTGGTATA-1,0.127666,0.673715,0.198619
AGACGGGCCGATTTAA-1,0.187203,0.755283,0.057514
AGACTAGCCTTCCAGA-1,0.166233,0.833459,0.000308
AGAGAACCGTCTAGGA-1,0.081957,0.901461,0.016582
AGAGAAGGAGTACAAT-1,0.11393,0.543115,0.342955
AGAGATCTCTAAAGCG-1,0.019245,0.943727,0.037027
AGAGCAGTTATGAGAC-1,0.32875,0.670476,0.000774
AGAGCCGCCGAGATTT-1,0.849323,0.117133,0.033544
AGAGCGCTTGTAACGG-1,0.171482,0.640613,0.187905
AGAGCGGGCTAATCAT-1,0.080521,0.911323,0.008156
AGAGCGTACAAGCTCG-1,0.502464,0.497514,0.000022
AGAGCTACGAAAGCAT-1,0.062269,0.937664,0.000067
AGAGGCTTCGGAAACC-1,0.213984,0.771047,0.014969
AGAGGGACAATTGTCC-1,0.364613,0.486054,0.149333
AGAGGTATCTCGGTCC-1,0.379696,0.619748,0.000556
AGAGTAAACTTCACTA-1,0.093184,0.886327,0.02049
AGAGTATAGTGTTACG-1,0.215655,0.783402,0.000944
AGAGTGAACAGACACC-1,0.880664,0.060941,0.058395
AGAGTTAGAGACCGAT-1,0.04039,0.427792,0.531818
AGAGTTGCAGGCCTCC-1,0.940583,0.007911,0.051505
AGATAACTTCAGGGCC-1,0.207884,0.791256,0.00086
AGATACCAATAGAACC-1,0.529069,0.47057,0.000361
AGATACCAGCACTTCA-1,0.968929,0.030928,0.000143
AGATACCGGTGTTCAC-1,0.12993,0.785381,0.084689
AGATACGACTTCATAT-1,0.41141,0.002356,0.586234
AGATACTCAAGATCGA-1,0.028337,0.835773,0.13589
AGATCGTGCATAAGAT-1,0.085393,0.877773,0.036834
AGATCTCAGGTGTGAT-1,0.00214,0.908897,0.088963
AGATGACTCGCCCACG-1,0.162855,0.797501,0.039644
AGATGAGGGTTGCGAT-1,0.00018,0.535763,0.464058
AGATGATGGAGTCTGG-1,0.056062,0.918309,0.02563
AGATGCAAGACGTGCA-1,0.918075,0.061724,0.020201
AGATGCATCCTGTGTC-1,0.044526,0.955301,0.000173
AGATGCTATAACGAGC-1,0.019939,0.979967,0.000094
AGATTATAGGACGTTT-1,0.125911,0.872602,0.001487
AGATTCACAACCGATA-1,0.374526,0.608356,0.017117
AGCAACATATCTTATT-1,0.137158,0.852359,0.010483
AGCAACCGAAAGTAAT-1,0.328156,0.671805,0.000039
AGCACCAGTACTCACG-1,0.06161,0.862716,0.075674
AGCACTACCGGCCTGT-1,0.16461,0.835345,0.000045
AGCACTTAAGGACGCC-1,0.141706,0.849974,0.00832
AGCATATCAATATGCT-1,0.076971,0.899063,0.023966
AGCATCATTTCGAAAG-1,0.305133,0.669797,0.025069
AGCATCGTCGATAATT-1,0.307521,0.658474,0.034005
AGCATTACGAGGCAAG-1,0.088531,0.895564,0.015905
AGCCCATACATGTAAG-1,0.667654,0.332318,0.000029
AGCCCGCACTACAATG-1,0.17528,0.744596,0.080124
AGCCCTAAGCGAAGTT-1,0.020024,0.941993,0.037982
AGCCCTGTCGCACCGT-1,0.973416,0.024404,0.00218
AGCCCTTCTAATCCGA-1,0.324551,0.669746,0.005703
AGCCCTTGGACATCCC-1,0.639429,0.338293,0.022278
AGCCGCAAATTCAAAT-1,0.097645,0.89386,0.008495
AGCCGCTTGATTAGCG-1,0.086926,0.912988,0.000086
AGCCGTGGCTAAATGT-1,0.395794,0.586818,0.017387
AGCCTAATACCCACGT-1,0.132568,0.836598,0.030834
AGCCTTAAAGCGGAAG-1,0.424915,0.574951,0.000134
AGCCTTGTCACTGATA-1,0.245608,0.608115,0.146277
AGCGACAGGAACGGTC-1,0.072945,0.924149,0.002906
AGCGACATCCCATTCA-1,0.315124,0.673833,0.011043
AGCGACCAACGATATT-1,0.113068,0.881329,0.005604
AGCGATGCGCCTAATA-1,0.298452,0.701361,0.000187
AGCGCGGGTGCCAATG-1,0.000148,0.991695,0.008157
AGCGCTAGAGCGATGT-1,0.383839,0.53312,0.083041
AGCGCTTATGGGCAAG-1,0.121753,0.810152,0.068095
AGCGGCGGTTAGCGGT-1,0.047664,0.941521,0.010815
AGCGGGAAGGGTCCAT-1,0.622975,0.369378,0.007648
AGCGGTTGCCGCTCTG-1,0.208399,0.656195,0.135406
AGCGTACGAGAGCTAG-1,0.269661,0.704227,0.026112
AGCGTAGCGCTAGACC-1,0.000767,0.937624,0.06161
AGCGTCTGAACCCGCA-1,0.000217,0.999675,0.000108
AGCTAACAAGCAATGT-1,0.141456,0.506938,0.351606
AGCTACGAATGGTGGT-1,0.008575,0.965381,0.026043
AGCTAGAAGCAGAAGT-1,0.327537,0.603133,0.06933
AGCTATTTAATCCAAC-1,0.000075,0.592351,0.407574
AGCTCCATATATGTTC-1,0.525468,0.448947,0.025585
AGCTCCTTCGCACATC-1,0.081266,0.889416,0.029318
AGCTCGTTGATGGAAA-1,0.249413,0.600784,0.149803
AGCTCTAGACGTTCCA-1,0.185727,0.44023,0.374043
AGCTCTTCCCAGTGCA-1,0.000062,0.018756,0.981182
AGCTCTTCGTAACCTT-1,0.339093,0.6519,0.009007
AGCTCTTTACTCAGTT-1,0.124655,0.875236,0.000108
AGCTGAAGTAAACCAA-1,0.130885,0.574629,0.294486
AGCTGTAACCTCAATC-1,0.727099,0.267817,0.005084
AGCTTATAGAGACCTG-1,0.141518,0.858355,0.000127
AGCTTCAATACTTTGA-1,0.122325,0.861235,0.01644
AGCTTCTTCTCGAGCA-1,0.001429,0.997857,0.000714
AGCTTGATCTTAACTT-1,0.066689,0.869836,0.063475
AGGAAAGCCTCTGATG-1,0.000127,0.999809,0.000064
AGGAACGAACGACTTC-1,0.02,0.979889,0.00011
AGGACAGTCGAATCCC-1,0.054571,0.945299,0.00013
AGGACATCGCACGTCG-1,0.378928,0.591143,0.029928
AGGACATCGGCACACT-1,0.000163,0.999755,0.000082
AGGACGACCCATTAGA-1,0.186469,0.811824,0.001707
AGGACGCTCGATGTTG-1,0.038913,0.921183,0.039904
AGGACTTATAGGAGAA-1,0.33893,0.661012,0.000058
AGGAGACATCCACAGT-1,0.161907,0.785416,0.052677
AGGAGAGTCTGGCTAC-1,0.071821,0.889467,0.038711
AGGAGGCCTTCGCGCG-1,0.257297,0.685013,0.05769
AGGATATAGGGATTTA-1,0.257213,0.732206,0.010581
AGGATCACGCGATCTG-1,0.129257,0.845002,0.025741
AGGATTGCTTACGACA-1,0.450437,0.531451,0.018112
AGGCAAAGAGGAATCA-1,0.000023,0.340715,0.659262
AGGCAATACGGAGGAC-1,0.451389,0.433222,0.115389
AGGCACGTGACTGTCC-1,0.335513,0.65114,0.013348
AGGCAGATGCGTAAAC-1,0.000744,0.975635,0.023621
AGGCATTGTCGTAGGG-1,0.431278,0.561766,0.006957
AGGCCACATTGGTTAC-1,0.258838,0.665268,0.075894
AGGCCACCCGTTATGA-1,0.168772,0.831182,0.000046
AGGCCCAGTGACTGGT-1,0.438304,0.560403,0.001293
AGGCCCATTGTACAGG-1,0.326793,0.567119,0.106088
AGGCCCTAGAACGCCA-1,0.10953,0.878553,0.011917
AGGCGATAACTGGCGT-1,0.589936,0.409664,0.0004
AGGCGGTTTGTCCCGC-1,0.300409,0.379937,0.319654
AGGCGTCTATGGACGG-1,0.420166,0.579784,0.00005
AGGCTATGGTTAGCTT-1,0.415053,0.580483,0.004464
AGGCTTCCCGAAGAAG-1,0.129978,0.819655,0.050368
AGGCTTGCTAGACACC-1,0.374525,0.381556,0.243919
AGGGAAACGAGGTACT-1,0.084342,0.774434,0.141224
AGGGACAGCACGGCGG-1,0.498367,0.490873,0.01076
AGGGACCGGCTGCGTT-1,0.381217,0.617623,0.001159
AGGGAGACATACTTCG-1,0.054908,0.928564,0.016528
AGGGCAGCGGCGTGGT-1,0.231626,0.550703,0.217671
AGGGCCCTAATGTTCT-1,0.345565,0.654088,0.000347
AGGGCGAGCAGCTGAT-1,0.038907,0.960687,0.000406
AGGGCGTGATCGGCTA-1,0.438684,0.546117,0.015199
AGGGCTGCAGTTACAG-1,0.039021,0.438376,0.522603
AGGGTCAGTAACCCTA-1,0.434497,0.559635,0.005867
AGGGTCGATGCGAACT-1,0.055692,0.904863,0.039446
AGGGTCTGGACGCAGT-1,0.00634,0.912703,0.080957
AGGGTGCTCTCGAGGG-1,0.071149,0.925733,0.003118
AGGGTGGATAGTGCAT-1,0.423063,0.518497,0.05844
AGGGTGTGCTACACGC-1,0.003564,0.318583,0.677853
AGGGTTCCCTTTGGTT-1,0.025067,0.920909,0.054024
AGGGTTTAGTTCGGGA-1,0.128448,0.729542,0.14201
AGGTAACCTCCTATTC-1,0.488245,0.499501,0.012254
AGGTACGATATTGCCA-1,0.072085,0.475363,0.452552
AGGTAGGTACAAAGCT-1,0.119154,0.879684,0.001162
AGGTATAATTGATAGT-1,0.23425,0.760447,0.005303
AGGTATGCGGACATTA-1,0.532275,0.442873,0.024851
AGGTCAGGTGAGAGTG-1,0.007255,0.960142,0.032603
AGGTCGCCACTTCGGT-1,0.000142,0.951438,0.04842
AGGTCGCCTCCCAACA-1,0.208228,0.407662,0.384111
AGGTCGCGGAGTTACT-1,0.139138,0.860778,0.000084
AGGTGCACGTCCACAT-1,0.000985,0.804463,0.194552
AGGTGTATCGCCATGA-1,0.586322,0.391756,0.021921
AGGTGTTGCCGACCAC-1,0.384102,0.615804,0.000094
AGGTTACACCATGCCG-1,0.032471,0.942952,0.024577
AGGTTCTCCTTTCCGG-1,0.319669,0.661732,0.0186
AGGTTGAGGCACGCTT-1,0.145448,0.325215,0.529337
AGGTTTCACACACCTT-1,0.10862,0.264008,0.627373
AGTAACTATAGCAGCC-1,0.000789,0.998816,0.000395
AGTAAGGGACAGAATC-1,0.014318,0.807547,0.178135
AGTAATGTCTTGCCGC-1,0.096342,0.8923,0.011358
AGTAATTTGCAAGCGT-1,0.183178,0.624745,0.192076
AGTACATCATTTATCA-1,0.506876,0.432778,0.060346
AGTACCTTCGAGTGCT-1,0.15304,0.566259,0.280701
AGTACGGCCCGTATCG-1,0.393709,0.559741,0.046551
AGTACTCTTATGCCCA-1,0.000357,0.853007,0.146636
AGTAGCGTGAACGAAC-1,0.00035,0.959971,0.039679
AGTAGGAAGGAAGTTG-1,0.013376,0.70675,0.279874
AGTAGGTAACATACAT-1,0.300225,0.692965,0.00681
AGTATAATACTAGGCA-1,0.135844,0.86135,0.002806
AGTATCCATAATAACG-1,0.559058,0.437859,0.003082
AGTATGCTGGAGACCA-1,0.728566,0.256707,0.014727
AGTCAACACCACCATC-1,0.15754,0.84166,0.0008
AGTCAAGATGACACTT-1,0.280294,0.407798,0.311909
AGTCACTAGCTCTCGA-1,0.177685,0.803883,0.018433
AGTCACTCCGCCTCAT-1,0.000237,0.999645,0.000118
AGTCAGCCACCGCCTG-1,0.146224,0.851461,0.002316
AGTCCAGCGGGTACGT-1,0.000261,0.999609,0.00013
AGTCCATTGGCTGATG-1,0.222867,0.75164,0.025493
AGTCCCGCCTTTAATT-1,0.000096,0.388575,0.611328
AGTCCCTCGCAGAAAG-1,0.316241,0.655854,0.027905
AGTCGAAACGATTCAG-1,0.394747,0.604248,0.001004
AGTCGACGGTCTCAAG-1,0.01646,0.983419,0.000121
AGTCGGCCCAAACGAC-1,0.599915,0.289464,0.110621
AGTCGGCTCAACTTTA-1,0.089819,0.891545,0.018636
AGTCGGTTGCGTGAGA-1,0.462765,0.525967,0.011268
AGTCGTCGACCACCAA-1,0.230191,0.768252,0.001557
AGTCGTGGGCATTACG-1,0.308464,0.691472,0.000064
AGTCTAAAGTATACTC-1,0.108734,0.833961,0.057306
AGTCTCACAAGACTAC-1,0.209938,0.789996,0.000066
AGTCTGGACATCCTTG-1,0.115853,0.752459,0.131688
AGTCTTCTCCTCAAAT-1,0.000124,0.766742,0.233134
AGTGAACAAACTTCTC-1,0.607631,0.392088,0.00028
AGTGAAGATGGTGTCC-1,0.124394,0.835621,0.039985
AGTGACCTACTTTACG-1,0.00008,0.585474,0.414446
AGTGAGACTTCCAGTA-1,0.067335,0.835398,0.097267
AGTGAGCCTCGCCGCC-1,0.650959,0.323155,0.025886
AGTGAGTCGAATTAAC-1,0.440198,0.547669,0.012133
AGTGATAACCTGCGCG-1,0.103223,0.89645,0.000327
AGTGATATGAGTAGTT-1,0.216587,0.349656,0.433758
AGTGATTCAAGCAGGA-1,0.041041,0.937362,0.021597
AGTGCACGCTTAAGAA-1,0.266293,0.62107,0.112637
AGTGCGTAGCTCGTAA-1,0.064061,0.932995,0.002944
AGTGCTAAACACAGCA-1,0.064371,0.935112,0.000517
AGTGCTTGCACGAATA-1,0.08946,0.887352,0.023188
AGTGGCGGCAATTTGA-1,0.175072,0.816202,0.008726
AGTGGCTCCGTCGGCC-1,0.209133,0.771643,0.019223
AGTGGGAGTATACACG-1,0.673533,0.314146,0.012321
AGTGGTGTTACCCGTG-1,0.082777,0.826882,0.090342
AGTGGTTGCGTATAGG-1,0.218268,0.781595,0.000137
AGTGTATTGCGCATTG-1,0.000168,0.65203,0.347802
AGTGTGCTAAGATCGC-1,0.829218,0.170765,0.000017
AGTGTGGTCTATTGTG-1,0.34762,0.566013,0.086367
AGTTAAACACTTGCGA-1,0.045539,0.954394,0.000067
AGTTAAGTCAACCGCT-1,0.06413,0.928222,0.007648
AGTTACCCTTAAGACT-1,0.192039,0.80529,0.002672
AGTTACCGCACATGGT-1,0.001343,0.997986,0.000671
AGTTACTCTATCGTGG-1,0.00017,0.646693,0.353138
AGTTATTCAGACTGTG-1,0.000749,0.998876,0.000375
AGTTATTGAAAGGTAA-1,0.12356,0.822521,0.053919
AGTTCACCGGTTGGAC-1,0.167249,0.832682,0.000069
AGTTCCTACAGAATTA-1,0.151856,0.848075,0.000069
AGTTCTGCGTTGTATC-1,0.202326,0.797597,0.000077
AGTTGACATCGGCTGG-1,0.032608,0.707814,0.259578
AGTTGCTGACTGATAT-1,0.238453,0.761488,0.000059
AGTTGGCAAGGCTAGA-1,0.684213,0.300319,0.015468
AGTTTATGTAAAGACA-1,0.126352,0.873595,0.000053
AGTTTCGCAGGTCGGA-1,0.265344,0.703745,0.030911
AGTTTGGCACGGGTTG-1,0.29481,0.695325,0.009865
AGTTTGGCCAGACCTA-1,0.340341,0.632414,0.027244
ATAAACCATTGGACGG-1,0.000148,0.845352,0.1545
ATAAACGTTGCACCAC-1,0.662349,0.305813,0.031838
ATAAAGGCTCGGTCGT-1,0.259071,0.740259,0.00067
ATAAATATTAGCAGCT-1,0.111449,0.887527,0.001023
ATAACGCCGGAGGGTC-1,0.030172,0.753059,0.216769
ATAACGGAGTCCAACG-1,0.187982,0.667574,0.144443
ATAACGTTACCTCCAC-1,0.775728,0.165596,0.058676
ATAAGCAAACACCGAG-1,0.770956,0.19797,0.031075
ATAAGTACCCGATTGT-1,0.234645,0.653418,0.111938
ATAAGTAGGATTCAGA-1,0.465031,0.498774,0.036194
ATAAGTAGGGCGACTC-1,0.160222,0.839716,0.000062
ATAAGTTACCGCGACG-1,0.153445,0.648303,0.198251
ATAATACCGTTAGCCG-1,0.518483,0.481486,0.000031
ATAATAGTGTAGGGAC-1,0.9673,0.026243,0.006457
ATACAGCGTCCACTGA-1,0.352331,0.52727,0.120399
ATACCACGGGCAACTT-1,0.340106,0.657329,0.002565
ATACCAGCAAATTGCT-1,0.628126,0.353208,0.018666
ATACCAGGCTAATAGA-1,0.250174,0.691544,0.058282
ATACCAGGTGAGCGAT-1,0.105793,0.893808,0.000399
ATACCCTGGCTCAAAT-1,0.019055,0.971419,0.009526
ATACCGTCATCCATAA-1,0.634803,0.356477,0.008719
ATACGAAGGCTTTCCA-1,0.181658,0.783776,0.034566
ATACGACAGATGGGTA-1,0.383109,0.349835,0.267056
ATACGCCGATCTACCG-1,0.217566,0.781621,0.000813
ATACGGAACGTCGTTT-1,0.560347,0.400371,0.039282
ATACGGGTTTCGATTG-1,0.068208,0.544103,0.387689
ATACGGTGAAGATGCA-1,0.423415,0.507688,0.068897
ATACGTCCACTCCTGT-1,0.187017,0.689116,0.123867
ATACTACCCGTACCAC-1,0.934694,0.057289,0.008017
ATACTAGCATGACCCT-1,0.029709,0.954863,0.015428
ATACTCTCGCCACTCT-1,0.535879,0.443062,0.021059
ATACTTGTTCTCGAGC-1,0.64052,0.359349,0.000131
ATAGACAACGGGACCT-1,0.000182,0.999726,0.000091
ATAGACGAAGAGAAAG-1,0.460312,0.539641,0.000047
ATAGAGTACTGGGACA-1,0.384748,0.60821,0.007042
ATAGAGTTATCAACTT-1,0.000235,0.999648,0.000117
ATAGATTTGCAGTCGG-1,0.000141,0.999788,0.000071
ATAGCAACTAGGGAAG-1,0.297687,0.702246,0.000067
ATAGCCATAACAGTCA-1,0.328038,0.436415,0.235547
ATAGCCTCAGTACCCA-1,0.603453,0.39651,0.000036
ATAGCTGCTCTTGTTA-1,0.296447,0.703503,0.000049
ATAGGCGGCTATAGAA-1,0.14437,0.855563,0.000067
ATAGGCTAGCTTCGCA-1,0.006126,0.993769,0.000104
ATAGGGATATCCTTGA-1,0.006576,0.937172,0.056251
ATAGGTTGGGCAGATG-1,0.151418,0.607542,0.24104
ATAGTCTTTGACGTGC-1,0.018934,0.78072,0.200346
ATAGTGAAGCGTTCTC-1,0.009912,0.201424,0.788663
ATAGTTCCACCCACTC-1,0.375216,0.570755,0.054029
ATATACATGTATGGTA-1,0.005196,0.992206,0.002598
ATATACGCTCGTGACG-1,0.040003,0.937555,0.022443
ATATAGAGTATTGGTC-1,0.466455,0.453307,0.080238
ATATCAACCTACAGAG-1,0.477272,0.479302,0.043426
ATATCAATTCCAGCCT-1,0.007624,0.992352,0.000024
ATATCGGTAGGGAGAT-1,0.156226,0.834938,0.008836
ATATCGTGCCAGACCC-1,0.013968,0.423589,0.562443
ATATCGTTCCTCGAAC-1,0.034551,0.965348,0.000101
ATATCTCCCTCGTTAA-1,0.03716,0.166311,0.79653
ATATCTTAGGGCCTTC-1,0.117773,0.753105,0.129122
ATATGTCTCCCTAGCC-1,0.322263,0.659519,0.018218
ATATGTGCACAAACCA-1,0.447647,0.402332,0.15002
ATATTATCCCGTATTT-1,0.259882,0.660163,0.079955
ATATTCAGTTAAACCT-1,0.143033,0.856883,0.000084
ATATTCCCACAGGTCA-1,0.158518,0.783809,0.057673
ATATTGCTGTCAAAGT-1,0.336064,0.638214,0.025722
ATATTGGAGAGGCCTT-1,0.893208,0.087706,0.019086
ATATTTAACCCTCAAG-1,0.110673,0.889255,0.000071
ATCAAACACTGTTCCA-1,0.190818,0.809107,0.000074
ATCAAACGAAGGTTTG-1,0.437819,0.552117,0.010064
ATCAATCTGGGCTGCA-1,0.055336,0.173332,0.771332
ATCAATGCCGTGGCTG-1,0.88731,0.06149,0.0512
ATCACGTGCTAATTAA-1,0.424664,0.493948,0.081388
ATCACTTCATCCTCGC-1,0.035848,0.752346,0.211807
ATCAGAAGCTGGTTGC-1,0.335017,0.180756,0.484227
ATCAGACGGCACGCCG-1,0.212345,0.787582,0.000073
ATCAGCCTCATGCTGC-1,0.224659,0.774984,0.000357
ATCAGCTCGTCCACTA-1,0.124033,0.834082,0.041885
ATCAGGTAGCTGACAG-1,0.183078,0.7811,0.035822
ATCAGGTCGCCATTGC-1,0.206563,0.570864,0.222573
ATCAGTAGGCAGGGAT-1,0.000127,0.657667,0.342206
ATCATAGCCCTATGTA-1,0.11445,0.885461,0.000088
ATCATCCAATATTTGT-1,0.089384,0.528563,0.382052
ATCATCTGCCCAGTGT-1,0.147597,0.723798,0.128604
ATCATGGACTACCGAC-1,0.152832,0.822808,0.02436
ATCATTGTACCGCATT-1,0.162719,0.792816,0.044465
ATCCAACGCAGTCATA-1,0.215725,0.750463,0.033812
ATCCAATGGAGGGTCC-1,0.070925,0.928991,0.000085
ATCCAATGGTACCGAA-1,0.65088,0.328508,0.020612
ATCCACGCTAAATGTT-1,0.341353,0.542858,0.115789
ATCCACTTTCAGACTA-1,0.06705,0.510468,0.422482
ATCCAGAGCAACAACC-1,0.037388,0.741398,0.221214
ATCCAGGATTCGTGAA-1,0.617999,0.376798,0.005203
ATCCCATCCACAGCGC-1,0.756463,0.204021,0.039516
ATCCGGACCAGCCTGA-1,0.178918,0.753593,0.067489
ATCCTACCTAAGCTCT-1,0.084411,0.915496,0.000092
ATCCTGAATCGCTGCG-1,0.431642,0.564957,0.003401
ATCCTGCGTGGAATGG-1,0.048912,0.911148,0.03994
ATCCTGCTGCAGATAG-1,0.479258,0.471388,0.049355
ATCCTTCTGAAAGAAC-1,0.1691,0.830592,0.000307
ATCGACTCTTTCCGTT-1,0.209073,0.778789,0.012138
ATCGCACGATTGTTCA-1,0.011751,0.988162,0.000087
ATCGCACGCCGGGAGA-1,0.095957,0.880332,0.023711
ATCGCCAGTCAACATT-1,0.206937,0.790935,0.002128
ATCGCCGTGGTTCATG-1,0.203595,0.794804,0.0016
ATCGCTGCGTGCAGCA-1,0.17386,0.755833,0.070307
ATCGCTTTACGTCTCA-1,0.248691,0.418588,0.332721
ATCGGCAAGCAGTCCA-1,0.114269,0.869179,0.016552
ATCGGTTACCTAGTAA-1,0.113802,0.88602,0.000178
ATCGTATTCCGAGAAC-1,0.071876,0.928101,0.000023
ATCGTCCAATCGAGTC-1,0.000213,0.999681,0.000106
ATCGTGGAAAGTCTGG-1,0.483884,0.468919,0.047197
ATCGTTAGCTAGCGGA-1,0.137554,0.720828,0.141618
ATCGTTCACTTTCGCC-1,0.227155,0.772759,0.000086
ATCTAACGTCCCTATG-1,0.000187,0.99972,0.000093
ATCTATCGATGATCAA-1,0.303815,0.578737,0.117448
ATCTCCCACGGAATAT-1,0.704382,0.287315,0.008303
ATCTCCCTGCAATCTA-1,0.000106,0.903833,0.096061
ATCTCGTGAGCGAAAC-1,0.114242,0.885726,0.000031
ATCTGATAGTGTCTTA-1,0.181998,0.817919,0.000083
ATCTGCACCTCTGCGA-1,0.218434,0.749588,0.031978
ATCTGGTTAAGACTGT-1,0.067725,0.473354,0.45892
ATCTGTAATTGTACCC-1,0.33861,0.645261,0.01613
ATCTTATCGCACACCC-1,0.015973,0.983874,0.000153
ATCTTGACCTGCAACG-1,0.096808,0.90308,0.000112
ATCTTGACTTGTCCAA-1,0.109722,0.819273,0.071005
ATCTTTCGTATAACCA-1,0.335152,0.531679,0.133168
ATGAAGCCAAGGAGCC-1,0.160073,0.839869,0.000058
ATGAAGTGGACCCAGC-1,0.253323,0.746507,0.00017
ATGACGCCGGCTCTAA-1,0.265871,0.718532,0.015597
ATGACGCGTTCTATCC-1,0.217586,0.757693,0.024721
ATGACTATGCGACATT-1,0.178267,0.72051,0.101222
ATGAGGAGTGTTAATC-1,0.588147,0.407993,0.00386
ATGAGGGCAGCGGCTA-1,0.553332,0.437078,0.00959
ATGATCGGGAATAGAC-1,0.164039,0.826907,0.009054
ATGATGCAATGGTACA-1,0.049775,0.892579,0.057646
ATGCACCTTCCTTAAT-1,0.308671,0.691078,0.000251
ATGCACGCGCTGTTCA-1,0.528313,0.340309,0.131378
ATGCACTACCGCATTG-1,0.296969,0.702942,0.000089
ATGCATGATCCAGGAT-1,0.115021,0.5916,0.293379
ATGCATTCCGTGATGG-1,0.064981,0.866092,0.068927
ATGCCAATCGCTCTGC-1,0.107278,0.799629,0.093093
ATGCCATTTGCGACCA-1,0.063937,0.935298,0.000766
ATGCCGGTCTTGCATA-1,0.197041,0.802345,0.000614
ATGCGACAATTGGTCC-1,0.252311,0.621931,0.125758
ATGCGACAGTCCCATT-1,0.000086,0.998458,0.001456
ATGCGAGTCCCACCAC-1,0.145654,0.850697,0.003649
ATGCTCAGTGTTGCAT-1,0.693103,0.260052,0.046845
ATGCTTAGGAGTTGAT-1,0.935699,0.052179,0.012122
ATGGAAATTTAAGGAG-1,0.112774,0.871918,0.015308
ATGGAACCTTTGCACA-1,0.065671,0.934291,0.000038
ATGGAGCAGGCCGTGA-1,0.150329,0.469607,0.380064
ATGGATTGACCAAACG-1,0.010945,0.940286,0.048768
ATGGCAGCATTACGAT-1,0.835353,0.115706,0.04894
ATGGCAGCCGAGAAAC-1,0.347018,0.543292,0.10969
ATGGCCCGAAAGGTTA-1,0.098938,0.900766,0.000296
