Barcode,Topic 1,Topic 2to6,Topic 7to8,Topic 9to10
AAACAACGAATAGTTC-1,0.000269,0.171827,0.827367,0.000538
AAACAAGTATCTCCCA-1,0.00049,0.928609,0.000981,0.06992
AAACAATCTACTAGCA-1,0.000098,0.884845,0.089559,0.025498
AAACACCAATAACTGC-1,0.002326,0.98837,0.004652,0.004652
AAACAGAGCGACTCCT-1,0.000282,0.873066,0.000564,0.126088
AAACAGCTTTCAGAAG-1,0.000068,0.800184,0.183554,0.016194
AAACAGGGTCTATATT-1,0.00008,0.999602,0.000159,0.000159
AAACATTTCCCGGATT-1,0.001667,0.991665,0.003334,0.003335
AAACCACTACACAGAT-1,0.000115,0.249464,0.039229,0.711192
AAACCCGAACGAAATC-1,0.000068,0.976499,0.023298,0.000135
AAACCGGAAATGTTAA-1,0.00004,0.74884,0.25104,0.00008
AAACCGGGTAGGTACC-1,0.000043,0.987223,0.000086,0.012648
AAACCGTTCGTCCAGG-1,0.000353,0.70756,0.000707,0.29138
AAACCTAAGCAGCCGG-1,0.000155,0.234992,0.078585,0.686268
AAACCTCATGAAGTTG-1,0.000069,0.949582,0.041069,0.00928
AAACGAAGAACATACC-1,0.000071,0.45256,0.020897,0.526472
AAACGAAGATGGAGTA-1,0.002778,0.986109,0.005557,0.005556
AAACGACAGTCTTGCC-1,0.000633,0.714479,0.001266,0.283622
AAACGAGACGGTTGAT-1,0.000077,0.945853,0.053917,0.000153
AAACGCCCGAGATCGG-1,0.001493,0.845084,0.002986,0.150437
AAACGGGCGTACGGGT-1,0.000439,0.002194,0.000877,0.99649
AAACGGGTTGGTATCC-1,0.000054,0.602533,0.388843,0.00857
AAACGGTTGCGAACTG-1,0.002941,0.662341,0.005883,0.328835
AAACGTGTTCGCCCTA-1,0.000043,0.972502,0.003391,0.024063
AAACTAACGTGGCGAC-1,0.000388,0.903886,0.000775,0.094951
AAACTCGTGATATAAG-1,0.000027,0.999863,0.000055,0.000055
AAACTGCTGGCTCCAA-1,0.00014,0.889515,0.056503,0.053842
AAACTTAATTGCACGC-1,0.001613,0.991934,0.003226,0.003227
AAACTTGCAAACGTAT-1,0.000058,0.99971,0.000116,0.000116
AAAGACATGAAGTTTA-1,0.002222,0.988887,0.004445,0.004445
AAAGACCCAAGTCGCG-1,0.000243,0.864358,0.000486,0.134913
AAAGACTGGGCGCTTT-1,0.000091,0.851895,0.096482,0.051532
AAAGCTTGCCTACATA-1,0.00009,0.971138,0.00018,0.028592
AAAGGCCCTATAATAC-1,0.001639,0.991802,0.00328,0.00328
AAAGGCTACGGACCAT-1,0.001887,0.990564,0.003775,0.003775
AAAGGCTCTCGCGCCG-1,0.001923,0.990382,0.003848,0.003847
AAAGGGATGTAGCAAG-1,0.000115,0.78264,0.00023,0.217015
AAAGGGCAGCTTGAAT-1,0.000066,0.954903,0.044898,0.000133
AAAGGTAAGCTGTACC-1,0.001299,0.81209,0.002598,0.184013
AAAGGTCAACGACATG-1,0.000446,0.810546,0.066562,0.122446
AAAGTAGCATTGCTCA-1,0.000046,0.965349,0.000091,0.034513
AAAGTCACTGATGTAA-1,0.000625,0.996874,0.00125,0.00125
AAAGTCGACCCTCAGT-1,0.000095,0.842672,0.152836,0.004397
AAAGTGCCATCAATTA-1,0.00003,0.568861,0.431048,0.000061
AAAGTGTGATTTATCT-1,0.000125,0.920826,0.061095,0.017954
AAAGTTGACTCCCGTA-1,0.000091,0.950099,0.006264,0.043546
AAATAACCATACGGGA-1,0.002326,0.929805,0.004652,0.063217
AAATAAGGTAGTGCCC-1,0.000103,0.975826,0.023866,0.000205
AAATACCTATAAGCAT-1,0.000187,0.750505,0.183077,0.066231
AAATAGCTTAGACTTT-1,0.00006,0.618915,0.151709,0.229317
AAATAGGGTGCTATTG-1,0.002632,0.898782,0.005265,0.093322
AAATCACTCCTAAACG-1,0.000256,0.742615,0.000513,0.256616
AAATCCGATACACGCC-1,0.000077,0.000385,0.000154,0.999384
AAATCGCGGAAGGAGT-1,0.000275,0.912668,0.00055,0.086508
AAATCGTGTACCACAA-1,0.000081,0.970171,0.000162,0.029586
AAATCTAGCCCTGCTA-1,0.00098,0.791574,0.001961,0.205485
AAATGATTCGATCAGC-1,0.000066,0.88777,0.030057,0.082108
AAATGCTCGTTACGTT-1,0.00008,0.662425,0.244348,0.093147
AAATGGCATGTCTTGT-1,0.000463,0.528233,0.000926,0.470378
AAATGGCCCGTGCCCT-1,0.000058,0.832169,0.021392,0.146381
AAATGTATCTTATCCC-1,0.000021,0.073288,0.856987,0.069703
AAATGTGGGTGCTCCT-1,0.000134,0.415183,0.000269,0.584414
AAATTAACGGGTAGCT-1,0.000114,0.936416,0.005344,0.058127
AAATTAATAAGCGCGA-1,0.000036,0.483247,0.492911,0.023807
AAATTACACGACTCTG-1,0.003335,0.522845,0.006669,0.467151
AAATTACCTATCGATG-1,0.000069,0.968038,0.031755,0.000138
AAATTCCAGGTCCAAA-1,0.000076,0.827555,0.033088,0.139281
AAATTGATAGTCCTTT-1,0.00049,0.997548,0.000981,0.000981
AAATTGCGGCGGTTCT-1,0.00006,0.353459,0.624022,0.022459
AAATTGGTGAGAAGCA-1,0.000038,0.996722,0.000077,0.003162
AAATTTACCGAAATCC-1,0.001923,0.990382,0.003847,0.003847
AAATTTGCGGGTGTGG-1,0.000054,0.959779,0.000108,0.040059
AACAACTGGTAGTTGC-1,0.000064,0.999679,0.000128,0.000128
AACAATACATTGTCGA-1,0.00082,0.919298,0.00164,0.078243
AACAATTACTCTACGC-1,0.000063,0.871105,0.022835,0.105998
AACACACGCTCGCCGC-1,0.001724,0.735703,0.003449,0.259124
AACACGACTGTACTGA-1,0.000524,0.876581,0.001047,0.121848
AACACGAGACGCGGCC-1,0.000053,0.906862,0.000769,0.092315
AACACGCGGCCGCGAA-1,0.000114,0.935616,0.014694,0.049576
AACAGCTGTGTGGCAA-1,0.000196,0.794711,0.000392,0.204702
AACAGGAAATCGAATA-1,0.001021,0.758617,0.002041,0.238322
AACAGGATGGGCCGCG-1,0.000081,0.999594,0.000163,0.000163
AACAGGTAGTATGGAT-1,0.000097,0.872959,0.093873,0.03307
AACATATCAACTGGTG-1,0.000097,0.984934,0.014774,0.000195
AACATCGATACGTCTA-1,0.000041,0.976327,0.023552,0.000081
AACATTGAAGTTGATC-1,0.0002,0.819669,0.000401,0.179729
AACATTGGTCAGCCGT-1,0.000062,0.231898,0.749257,0.018783
AACATTGTGACTCGAG-1,0.001235,0.867638,0.00247,0.128658
AACCAAGACTTCTCTG-1,0.000057,0.999716,0.000114,0.000114
AACCAGTATCACTCTT-1,0.00164,0.811844,0.003279,0.183237
AACCATAGGGTTGAAC-1,0.001563,0.608526,0.003126,0.386786
AACCATGGGATCGCTA-1,0.000066,0.83566,0.164143,0.000131
AACCCAGAGACGGAGA-1,0.00008,0.820648,0.117348,0.061924
AACCCATCCCATGATC-1,0.000266,0.99867,0.000532,0.000532
AACCCGACAACCCGTG-1,0.0008,0.952516,0.0016,0.045083
AACCCGAGCAGAATCG-1,0.000515,0.767197,0.001031,0.231256
AACCCGATAGGGCTTC-1,0.000226,0.979273,0.000452,0.02005
AACCCTACTGTCAATA-1,0.000092,0.964025,0.010699,0.025184
AACCCTGGTGGAACCA-1,0.000122,0.710859,0.024571,0.264448
AACCGAGCTTGGTCAT-1,0.000052,0.980376,0.000105,0.019468
AACCGCTAAGGGATGC-1,0.000129,0.966576,0.021273,0.012022
AACCGTTGTGTTTGCT-1,0.001429,0.909075,0.002858,0.086638
AACCTCGCTTTAGCCC-1,0.002174,0.339352,0.004349,0.654125
AACCTGTCACGGAATT-1,0.000093,0.999535,0.000186,0.000186
AACCTTTAAATACGGT-1,0.000309,0.715063,0.000617,0.284011
AACCTTTACGACGTCT-1,0.003031,0.749376,0.006063,0.241531
AACGAAAGTCGTCCCA-1,0.000306,0.998471,0.000612,0.000612
AACGATAATGCCGTAG-1,0.003125,0.669209,0.006252,0.321414
AACGATAGAAGGGCCG-1,0.002941,0.719193,0.089352,0.188513
AACGCATGATCTGGGT-1,0.000068,0.939728,0.060067,0.000137
AACGCGAACGGCAACA-1,0.000034,0.594436,0.405461,0.000069
AACGCGACCTTGGGCG-1,0.002439,0.953402,0.00488,0.03928
AACGCGGTCTCCAGCC-1,0.000145,0.999275,0.00029,0.00029
AACGCTGTTGCTGAAA-1,0.001819,0.586082,0.408462,0.003638
AACGGACGTACGTATA-1,0.002084,0.832804,0.004168,0.160944
AACGGCCATCTCCGGT-1,0.000043,0.999786,0.000085,0.000085
AACGTACTGTGGGTAC-1,0.000041,0.999797,0.000081,0.000081
AACGTAGTCTACCCAT-1,0.000571,0.36129,0.465449,0.17269
AACGTCAGACTAGTGG-1,0.000096,0.936308,0.063403,0.000193
AACGTGATGAAGGACA-1,0.000127,0.999363,0.000255,0.000255
AACGTGCGAAAGTCTC-1,0.000054,0.985765,0.000109,0.014072
AACGTTATCAGCACCT-1,0.00004,0.420788,0.579092,0.000081
AACTACCCGTTTGTCA-1,0.000147,0.802253,0.197306,0.000295
AACTAGCGTATCGCAC-1,0.001053,0.994736,0.002106,0.002106
AACTAGGCTTGGGTGT-1,0.002778,0.701394,0.005557,0.290271
AACTCAAGTTAATTGC-1,0.000057,0.995245,0.000115,0.004582
AACTCCAGAGCGTGTT-1,0.001887,0.741332,0.003775,0.253006
AACTCCTAATCCCATG-1,0.000248,0.907986,0.000496,0.091269
AACTCGATAAACACGT-1,0.00002,0.260691,0.739248,0.000041
AACTCGATGGCGCAGT-1,0.000091,0.490218,0.3006,0.209092
AACTCTCAATAGAGCG-1,0.000055,0.958686,0.041148,0.000111
AACTCTCAGTGTGCTC-1,0.00125,0.70072,0.002501,0.295529
AACTGAGGTCAGCGTC-1,0.000431,0.914769,0.000862,0.083938
AACTGAGTTATACTGA-1,0.000078,0.474578,0.494027,0.031317
AACTGATATTAGGCCT-1,0.000168,0.676563,0.000335,0.322935
AACTGGGTCCCGACGT-1,0.000283,0.908166,0.000567,0.090984
AACTGGGTTCGAGCCG-1,0.003449,0.879932,0.006899,0.10972
AACTGGTGTGGGCCTT-1,0.00041,0.99795,0.00082,0.00082
AACTTCTGCGTCTATC-1,0.000072,0.623273,0.365625,0.011031
AACTTGCCCGTATGCA-1,0.00007,0.935888,0.063903,0.000139
AACTTGCGTTCTCGCG-1,0.00006,0.443426,0.552355,0.004159
AACTTTACGGGAGCTT-1,0.000068,0.456227,0.494708,0.048996
AACTTTAGCTGCTGAG-1,0.00098,0.921907,0.001961,0.075152
AACTTTCTCGATCATG-1,0.000118,0.903621,0.069295,0.026966
AAGAAATCACCAGATT-1,0.000058,0.94318,0.031283,0.025479
AAGAAGGATCAGTTAG-1,0.000052,0.682802,0.317042,0.000104
AAGACCAAATAACTCA-1,0.000465,0.713868,0.00093,0.284736
AAGACCCAACTGAACA-1,0.000426,0.59249,0.000851,0.406233
AAGACTAACCCGTTGT-1,0.000081,0.7075,0.20642,0.085999
AAGACTCACGCCCACT-1,0.000395,0.62259,0.170321,0.206694
AAGACTGCAAGCTACT-1,0.000083,0.966983,0.000165,0.032769
AAGAGATGAATCGGTA-1,0.000057,0.959852,0.035366,0.004725
AAGAGCTCTTTATCGG-1,0.000061,0.999696,0.000122,0.000122
AAGAGGATGTACGCGA-1,0.000077,0.96265,0.037119,0.000154
AAGAGGCATGGATCGC-1,0.000089,0.985779,0.000178,0.013953
AAGAGGCCCTTTGGAA-1,0.000063,0.833725,0.166084,0.000127
AAGATGGCACCGGACC-1,0.002222,0.728861,0.004445,0.264472
AAGATTGGCGGAACGT-1,0.000074,0.99963,0.000148,0.000148
AAGCACCCTGCGTATC-1,0.000091,0.413623,0.115388,0.470898
AAGCCGAAGCGGTTTA-1,0.000108,0.970404,0.029273,0.000216
AAGCCGCCGTGAAATC-1,0.00026,0.872888,0.00052,0.126333
AAGCCGCTTTACCTTG-1,0.00009,0.884917,0.000179,0.114814
AAGCCGGAGAGCAGGA-1,0.000028,0.503551,0.496366,0.000056
AAGCGCAGGGCTTTGA-1,0.000833,0.390754,0.001667,0.606745
AAGCGGAGTGCGCGCA-1,0.00005,0.999749,0.0001,0.0001
AAGCGGCGTCATGGGT-1,0.00073,0.914029,0.038581,0.046661
AAGCGTCCCTCATCGA-1,0.001639,0.991801,0.003279,0.00328
AAGCTCGTGCCAAGTC-1,0.000075,0.894778,0.099603,0.005544
AAGCTCTTTCATGGTG-1,0.000775,0.804981,0.192693,0.001551
AAGGAGAACTTATAAG-1,0.000097,0.425518,0.289798,0.284588
AAGGAGCGGTTGGTGC-1,0.000063,0.969837,0.029972,0.000127
AAGGATCGATCGCTTG-1,0.000106,0.999472,0.000211,0.000211
AAGGATGAGGGACCTC-1,0.00007,0.99965,0.00014,0.00014
AAGGCAGGCTGTCTCC-1,0.000087,0.904491,0.095247,0.000174
AAGGCGCGTAAAGCTT-1,0.000077,0.903547,0.027649,0.068726
AAGGCTGTGCTCATCG-1,0.000037,0.999817,0.000073,0.000073
AAGGGAACGACTGGCT-1,0.000725,0.885421,0.00145,0.112405
AAGGGACAGATTCTGT-1,0.000081,0.962596,0.03716,0.000163
AAGGGACTATGCATTC-1,0.000935,0.903775,0.093421,0.00187
AAGGGTTTGATTTCAG-1,0.000521,0.997395,0.001042,0.001042
AAGGTATCCTAATATA-1,0.000319,0.998402,0.000639,0.000639
AAGGTGATAAACCAGC-1,0.000089,0.983362,0.000179,0.01637
AAGTAAGCTTCCAAAC-1,0.000209,0.512656,0.135455,0.351679
AAGTAGAAGACCGGGT-1,0.000106,0.932871,0.066813,0.000211
AAGTAGTGACGCGAGG-1,0.000076,0.970104,0.028546,0.001274
AAGTCAATTGTCGTCA-1,0.000118,0.681266,0.040274,0.278341
AAGTCTAGTAGCTGCC-1,0.00011,0.974403,0.00022,0.025267
AAGTCTTCTGTGGCCT-1,0.000083,0.227903,0.693805,0.078209
AAGTGACGACCGAATT-1,0.00007,0.999649,0.00014,0.00014
AAGTGAGTCGGGTTTA-1,0.001818,0.990907,0.003637,0.003637
AAGTGCAAAGGTAGAC-1,0.00005,0.854889,0.141351,0.003709
AAGTGCCTTGACTGTA-1,0.000104,0.971744,0.000208,0.027944
AAGTGCGTTAGAATCT-1,0.000061,0.918952,0.048716,0.032271
AAGTGCTTCTCTATTG-1,0.000763,0.935713,0.001527,0.061997
AAGTGTTTGGAGACGG-1,0.002041,0.989793,0.004083,0.004083
AAGTTCACTCCAAGCT-1,0.001786,0.702,0.151235,0.144979
AAGTTCAGTCTGCGTA-1,0.000038,0.999809,0.000076,0.000076
AAGTTCGGCCAACAGG-1,0.000046,0.981908,0.017955,0.000091
AAGTTGTGATGTTATA-1,0.000147,0.601033,0.142083,0.256736
AAGTTTACTAATGGCA-1,0.000099,0.430991,0.32885,0.24006
AATAACAACGCTCGGC-1,0.00006,0.999698,0.000121,0.000121
AATAACACTAGAACAA-1,0.001961,0.761844,0.003922,0.232273
AATAAGTCCTCGAGAC-1,0.000067,0.180437,0.044192,0.775304
AATAATCTTCGTATCG-1,0.000051,0.790165,0.209681,0.000103
AATACAATGTTTCAGG-1,0.000059,0.739719,0.20527,0.054952
AATACCGGAGGGCTGT-1,0.000235,0.912808,0.000471,0.086486
AATAGAACAGAGTGGC-1,0.002381,0.902919,0.004763,0.089937
AATAGAATCTGTTTCA-1,0.000775,0.90165,0.001551,0.096024
AATAGCAAGCCTCCTG-1,0.001299,0.993505,0.002598,0.002598
AATAGCTACCGCGTGC-1,0.000055,0.999724,0.000111,0.000111
AATAGTCCGTCCCGAC-1,0.003125,0.444002,0.546622,0.006252
AATAGTCGCGAGTCGG-1,0.000083,0.435014,0.56078,0.004123
AATATCAAGGTCGGAT-1,0.000215,0.907417,0.000429,0.091939
AATATCCTAGCAAACT-1,0.001695,0.991523,0.003391,0.003391
AATATCGAATCAATGC-1,0.000086,0.998293,0.00145,0.000172
AATATCGAGGGTTCTC-1,0.00004,0.999797,0.000083,0.000081
AATATTGGAGTATTGA-1,0.000078,0.860518,0.05798,0.081424
AATCAGACTGCAGGAC-1,0.000045,0.614214,0.38565,0.00009
AATCAGGTTTCATTTA-1,0.000345,0.860535,0.00069,0.13843
AATCATGTAAAGACTC-1,0.001887,0.651617,0.003775,0.342721
AATCCAAGGGCCTGAG-1,0.000599,0.872554,0.001198,0.125649
AATCCATGCAAGGGTG-1,0.000051,0.537732,0.430848,0.031369
AATCGCCTCAGCGCCA-1,0.000145,0.941335,0.038454,0.020066
AATCGCGCAGAGGACT-1,0.000104,0.956555,0.043132,0.000209
AATCGGGACACTACGA-1,0.00042,0.644443,0.298188,0.056949
AATCGTGAGCCGAGCA-1,0.000813,0.166246,0.001626,0.831315
AATCTAGGTTTACTTG-1,0.00007,0.974701,0.000141,0.025088
AATCTATGCCGGAGCC-1,0.000109,0.999453,0.000219,0.000219
AATCTCTACTGTGGTT-1,0.000122,0.82473,0.119903,0.055245
AATCTGGCTTTCTAGT-1,0.000111,0.898298,0.04713,0.054461
AATCTGGGTAGACCCT-1,0.000231,0.563086,0.000463,0.436219
AATGACAGCAATGTCT-1,0.000064,0.985151,0.000128,0.014657
AATGACGTAGGATGTC-1,0.000198,0.99901,0.000396,0.000396
AATGACTGTCAGCCGG-1,0.000104,0.945216,0.02382,0.030861
AATGAGTTCGCATATG-1,0.000066,0.450114,0.45111,0.09871
AATGATGATACGCTAT-1,0.000075,0.908549,0.00015,0.091226
AATGATGCGACTCCTG-1,0.000084,0.984346,0.015401,0.000169
AATGCAACCGGGTACC-1,0.000079,0.999605,0.000158,0.000158
AATGCACCAAGCAATG-1,0.00008,0.999599,0.00016,0.00016
AATGGCCGCCAATGCG-1,0.000546,0.869364,0.001093,0.128997
AATGGTCCACCGTTCA-1,0.000091,0.871922,0.116626,0.011361
AATGGTTCTCACAAGC-1,0.000068,0.278047,0.078973,0.642912
AATGTATGGCACTGTA-1,0.000629,0.897779,0.001258,0.100334
AATGTGCCCGAGGTGT-1,0.000211,0.814562,0.000422,0.184805
AATGTGCTAATCTGAG-1,0.002381,0.756847,0.004763,0.236009
AATTAAAGGTCGGCGT-1,0.000049,0.999753,0.000099,0.000099
AATTAACGGATTTCCA-1,0.000441,0.670592,0.000881,0.328086
AATTACGAGACCCATC-1,0.002273,0.927538,0.004546,0.065643
AATTACTCGTACGCTC-1,0.000119,0.109225,0.677041,0.213615
AATTAGCGCTGCAGCG-1,0.004348,0.978256,0.008698,0.008698
AATTCATAAGGGATCT-1,0.000074,0.999628,0.000149,0.000149
AATTCATTGTCATGCA-1,0.001887,0.652624,0.275448,0.07004
AATTCCAACTTGGTGA-1,0.000035,0.084103,0.908354,0.007507
AATTCCAAGCATGTAC-1,0.002273,0.988634,0.004547,0.004546
AATTCGATTCGAGGAT-1,0.00019,0.202326,0.000381,0.797102
AATTCTAGAGTTAGGC-1,0.001695,0.991523,0.003391,0.003391
AATTGAACGCTCTGGT-1,0.000213,0.744854,0.018928,0.236005
AATTGCAGCAATCGAC-1,0.000322,0.498242,0.33754,0.163896
AATTGCGTGGATTACA-1,0.000787,0.99604,0.001575,0.001597
AATTGTGGTTGCCAAA-1,0.0001,0.693683,0.26538,0.040837
AATTTGGGACATAGTA-1,0.002565,0.987176,0.00513,0.00513
AATTTGGTTCCAAAGA-1,0.000602,0.722137,0.001205,0.276055
ACAAACCATGCGTCCT-1,0.000806,0.995967,0.001613,0.001613
ACAAAGAAGGTAGGCC-1,0.000064,0.985658,0.000127,0.014151
ACAAAGCATGACCTAG-1,0.000532,0.278677,0.001064,0.719727
ACAAATCGCACCGAAT-1,0.001818,0.890784,0.003637,0.103761
ACAAATGGTAGTGTTT-1,0.000225,0.971892,0.000451,0.027432
ACAAATTCAGATCTGA-1,0.000429,0.997854,0.000859,0.000859
ACAACAGCATGAGCTA-1,0.000069,0.973212,0.001991,0.024729
ACAACGGTCCCTGCGA-1,0.000052,0.938547,0.061297,0.000104
ACAAGCAGTGCCTAGC-1,0.000054,0.964378,0.029351,0.006217
ACAAGCTATATGGAAG-1,0.000029,0.32852,0.581065,0.090387
ACAAGGAAATCCGCCC-1,0.000213,0.440425,0.000426,0.558937
ACAAGGACAAGAGGTT-1,0.000028,0.974684,0.017891,0.007397
ACAAGGATGCTTTAGG-1,0.00137,0.006851,0.002741,0.989038
ACAAGGCCTACCAGCC-1,0.000218,0.559548,0.000436,0.439798
ACAAGGGCAGGCTCTG-1,0.000176,0.99912,0.000352,0.000352
ACAATAGTCGTACGTT-1,0.000081,0.949219,0.000161,0.050539
ACAATCCATTTAAACC-1,0.000057,0.840232,0.038208,0.121503
ACAATCGATCTTTATA-1,0.000179,0.201228,0.000358,0.798235
ACAATGAATACGGAGA-1,0.002041,0.989793,0.004083,0.004083
ACAATGATTCTTCTAC-1,0.000885,0.995574,0.00177,0.00177
ACAATTGTGTCTCTTT-1,0.000293,0.826054,0.063894,0.109759
ACAATTTAGGAGGCTC-1,0.000071,0.774975,0.176422,0.048533
ACAATTTGAGCAGTGG-1,0.000062,0.959343,0.040472,0.000124
ACAATTTGGCCATATT-1,0.000121,0.443716,0.226614,0.329549
ACACAAAGACGGGTGG-1,0.000096,0.944087,0.000192,0.055624
ACACAAATATTCCTAG-1,0.000052,0.975854,0.006486,0.017608
ACACACCAGGACCAGT-1,0.000145,0.999275,0.00029,0.00029
ACACACTTTCTACACG-1,0.002857,0.985711,0.005716,0.005716
ACACATGATCAAATCT-1,0.002222,0.934825,0.004446,0.058507
ACACCACATAATTAGC-1,0.000078,0.917241,0.000157,0.082524
ACACCCAGCATGCAGC-1,0.000151,0.972909,0.000301,0.026639
ACACCCGAGAAATCCG-1,0.000058,0.910531,0.089295,0.000116
ACACCCGTAAATCTGT-1,0.000581,0.977715,0.02054,0.001163
ACACCGAGCGCTCTTT-1,0.529389,0.466528,0.002041,0.002041
ACACCGGTCTGACCGC-1,0.001408,0.946967,0.002818,0.048807
ACACCTTAAGTAGGGC-1,0.000116,0.989197,0.000233,0.010454
ACACCTTACTACTTGC-1,0.000132,0.88858,0.111024,0.000264
ACACGAGACTCCTTCT-1,0.000051,0.858344,0.042784,0.098822
ACACGGCACTATGCAT-1,0.000152,0.538836,0.000303,0.460709
ACACGGGAACTTAGGG-1,0.000078,0.945731,0.035434,0.018757
ACACGTAGGCCACAAG-1,0.000182,0.908021,0.015689,0.076109
ACACTCCAATGTCACT-1,0.000063,0.579061,0.415182,0.005693
ACACTGATCAAGGTGT-1,0.002174,0.908063,0.004349,0.085414
ACACTGGGACAGTCGT-1,0.00037,0.847946,0.100862,0.050822
ACAGAACTGAGAACAA-1,0.000082,0.999588,0.000165,0.000165
ACAGATTAGGTTAGTG-1,0.000307,0.736463,0.210682,0.052548
ACAGCATAGAGCCAGT-1,0.000122,0.861534,0.053788,0.084556
ACAGCGACATTCTCAT-1,0.000332,0.998338,0.000665,0.000665
ACAGCGCACCCGCAGC-1,0.003226,0.819417,0.006453,0.170903
ACAGGCACGGATCCTT-1,0.000662,0.20226,0.001325,0.795753
ACAGGCTTGCCCGACT-1,0.000658,0.99671,0.001316,0.001316
ACAGGTGGAGGTGAGG-1,0.000625,0.891441,0.00125,0.106683
ACAGGTGTGTTGTTGC-1,0.000053,0.245216,0.722404,0.032327
ACAGTAATACAACTTG-1,0.000045,0.999777,0.000089,0.000089
ACAGTATACCGTGGGA-1,0.00008,0.976167,0.00016,0.023593
ACAGTGCAGCGCATTT-1,0.005263,0.973679,0.010528,0.01053
ACATAAGTCGTGGTGA-1,0.001961,0.717302,0.003923,0.276815
ACATAATAAGGCGGTG-1,0.000158,0.949167,0.000316,0.05036
ACATCAGCTGGGACGC-1,0.000081,0.683817,0.21242,0.103682
ACATCCCGGCCATACG-1,0.005263,0.697804,0.010528,0.286405
ACATCCTGGTAACTGT-1,0.000124,0.973821,0.000247,0.025808
ACATCGATCGTTTACC-1,0.000119,0.990008,0.000238,0.009635
ACATCGGTCAGCCGCG-1,0.000069,0.999652,0.000142,0.000137
ACATCGTATGCAATGG-1,0.000633,0.95628,0.001266,0.041821
ACATCGTTAACCTAGT-1,0.000202,0.816631,0.037245,0.145921
ACATCTCAACGCGTAA-1,0.000298,0.715952,0.000595,0.283155
ACATGGCGCCAAAGTA-1,0.000071,0.954922,0.010729,0.034278
ACATGGCTCAATTTAG-1,0.000065,0.050613,0.909609,0.039712
ACATTAGTTTATATCC-1,0.004,0.719407,0.008002,0.268591
ACCAAACACCCAGCGA-1,0.000024,0.999881,0.000048,0.000048
ACCAAACTAGAAATCC-1,0.000063,0.129024,0.040785,0.830128
ACCAACACCACACACT-1,0.000047,0.991708,0.00815,0.000095
ACCAACCGCACTCCAC-1,0.002174,0.547585,0.004349,0.445892
ACCAACGCTTATTTAT-1,0.001,0.839013,0.002001,0.157986
ACCAAGAACGCGTGTC-1,0.000118,0.870815,0.01527,0.113797
ACCAATATGCAAGTTA-1,0.002564,0.914093,0.005129,0.078214
ACCACAACTCAGAACA-1,0.000862,0.889995,0.001725,0.107419
ACCACAAGTTTCTATC-1,0.000071,0.962676,0.037112,0.000141
ACCACCAATGTAACAA-1,0.000062,0.949179,0.044709,0.006051
ACCACCCTCTCTTCTA-1,0.000058,0.999708,0.000117,0.000117
ACCACGTGCAGCTATA-1,0.000403,0.792954,0.000807,0.205836
ACCAGACCATAACAAC-1,0.000069,0.423885,0.44431,0.131736
ACCAGCCCGGTCTTTG-1,0.000063,0.195682,0.122451,0.681803
ACCAGGAGTGTGATCT-1,0.000146,0.408777,0.244644,0.346433
ACCAGTGCCCGGTCAA-1,0.004167,0.631759,0.008336,0.355738
ACCAGTGCGGGAGACG-1,0.000175,0.898741,0.009581,0.091503
ACCATATCCGCAATAA-1,0.000038,0.992854,0.007031,0.000077
ACCATCCGCCAACTAG-1,0.000106,0.951661,0.029146,0.019087
ACCATCGTATATGGTA-1,0.000089,0.999555,0.000178,0.000178
ACCCAACGCCCGTGGC-1,0.000044,0.977708,0.000089,0.02216
ACCCACCTACATGCTC-1,0.000048,0.638476,0.042813,0.318662
ACCCATCTTGAGGGTA-1,0.000079,0.968113,0.022672,0.009136
ACCCATTTGTCCCTCT-1,0.000275,0.864219,0.000551,0.134954
ACCCGAGCGAAATTAC-1,0.002857,0.981818,0.009609,0.005716
ACCCGATTGGTTCCGA-1,0.000495,0.920962,0.00099,0.077553
ACCCGGAAACTCCCAG-1,0.000581,0.878533,0.001163,0.119723
ACCCGGAGCACCACAA-1,0.000056,0.723421,0.27641,0.000112
ACCCGGATGACGCATC-1,0.000094,0.846029,0.132332,0.021544
ACCCGGTTACACTTCC-1,0.000076,0.761539,0.008228,0.230157
ACCCGTGTCATCAGTA-1,0.00303,0.85773,0.006062,0.133177
ACCCTATAGGACTGAG-1,0.000062,0.365051,0.602851,0.032036
ACCCTATGCCATATCG-1,0.006668,0.966656,0.013338,0.013338
ACCCTCCCGTCAGGGC-1,0.001409,0.37773,0.119357,0.501505
ACCCTCCCTTGCTATT-1,0.000599,0.842698,0.001198,0.155506
ACCCTGGTAACGCCCT-1,0.000088,0.999558,0.000177,0.000177
ACCCTTCATCTGCGAA-1,0.00164,0.51384,0.00328,0.481241
ACCCTTGCCTGGGTCG-1,0.000095,0.953801,0.000189,0.045914
ACCCTTTAGTTCTCCA-1,0.000483,0.979767,0.000966,0.018784
ACCGAAAGGGCCCTGC-1,0.000248,0.890603,0.000496,0.108652
ACCGAAGAGTCTGGTT-1,0.000229,0.920607,0.047574,0.03159
ACCGACTGAGTCCCAC-1,0.000029,0.999853,0.000059,0.000059
ACCGATAGGCATAACC-1,0.000224,0.803418,0.139436,0.056922
ACCGATATTTAATCAT-1,0.000066,0.584713,0.332529,0.082691
ACCGATGGTAGCATCG-1,0.000101,0.977455,0.000203,0.022241
ACCGCAATAACTGCCT-1,0.002174,0.989128,0.004349,0.004349
ACCGCGGTGGAAGTCG-1,0.00008,0.964076,0.00016,0.035684
ACCGGGCCTTTGTTGA-1,0.000154,0.802065,0.123943,0.073838
ACCGGTCAGGTACACC-1,0.003125,0.984372,0.006252,0.006251
ACCGGTCTGAGTACGG-1,0.002703,0.813402,0.005407,0.178488
ACCGTCCACTGGGCCC-1,0.000305,0.799335,0.00061,0.19975
ACCGTGACCACGTGGG-1,0.001724,0.991377,0.003449,0.003449
ACCGTTCCCGCTCTGA-1,0.000166,0.306248,0.000332,0.693254
ACCTAAGTACCTTTCA-1,0.000091,0.936612,0.000183,0.063114
ACCTAATCGACTTCCT-1,0.000067,0.999667,0.000133,0.000133
ACCTACAGTATGTGGT-1,0.000147,0.999263,0.000295,0.000295
ACCTACTATAAATCTA-1,0.000645,0.898623,0.001291,0.099441
ACCTCCGCCCTCGCTG-1,0.001266,0.691147,0.002532,0.305055
ACCTCCGTTATTCACC-1,0.000123,0.957569,0.000246,0.042062
ACCTCGAACTTATGCT-1,0.00033,0.998349,0.00066,0.00066
ACCTGCGTGTCATGTT-1,0.000079,0.999605,0.000158,0.000158
ACCTTTCCTTTAGAAG-1,0.000121,0.243589,0.526254,0.230036
ACGAAATGGGCGGCAC-1,0.000035,0.999825,0.00007,0.00007
ACGACCCATGAGTTGC-1,0.000051,0.633989,0.36586,0.000101
ACGACTGGTCATACTC-1,0.000495,0.966419,0.00099,0.032096
ACGAGAACCCATCACG-1,0.000394,0.86041,0.138409,0.000788
ACGAGATATTTGCTTA-1,0.001695,0.698032,0.296882,0.003391
ACGAGGATACCACTCT-1,0.000085,0.99179,0.000169,0.007956
ACGAGGTTTACAACGT-1,0.001852,0.880504,0.003704,0.11394
ACGAGTACGGATGCCC-1,0.000051,0.999745,0.000102,0.000102
ACGATACATAGAACTA-1,0.000052,0.9509,0.023808,0.025241
ACGATACCTATCCTGA-1,0.000031,0.251621,0.60239,0.145958
ACGATCATACATAGAG-1,0.000121,0.839544,0.160092,0.000243
ACGATCATCTTGTAAA-1,0.00008,0.999598,0.000161,0.000161
ACGATGCATATGTTAT-1,0.000034,0.991597,0.000069,0.0083
ACGATGGATCCGATGC-1,0.001563,0.698887,0.296424,0.003126
ACGCAAACTAATAGAT-1,0.001333,0.93257,0.002667,0.063429
ACGCAATCACTACAGC-1,0.000094,0.979465,0.020253,0.000188
ACGCATAAATGACATG-1,0.002273,0.720828,0.004546,0.272353
ACGCATACGTTTACTA-1,0.000498,0.914889,0.000995,0.083618
ACGCATTCGTGAGTAC-1,0.000155,0.999225,0.00031,0.00031
ACGCCAGATGATTTCT-1,0.000505,0.834463,0.00101,0.164021
ACGCCCAGCTGTCGAT-1,0.000196,0.154849,0.105394,0.73956
ACGCCGCTAGACGACC-1,0.000204,0.998981,0.000407,0.000407
ACGCGAAGTCAGACGA-1,0.002273,0.899641,0.004546,0.093539
ACGCGCTACACAGGGT-1,0.000075,0.999623,0.000151,0.000151
ACGCGGGCCAAGGACA-1,0.000114,0.999432,0.000227,0.000227
ACGCGTTTCTTAAGAG-1,0.000051,0.371443,0.597891,0.030614
ACGCTAGTATCAGTGC-1,0.000515,0.733853,0.001031,0.264601
ACGCTAGTGATACACT-1,0.000088,0.974698,0.000175,0.025039
ACGCTGTGAGGCGTAG-1,0.000125,0.884168,0.10116,0.014547
ACGCTTAGTGTCTCTC-1,0.001,0.994998,0.002001,0.002001
ACGGAATTTAGCAAAT-1,0.000074,0.680001,0.273163,0.046762
ACGGACTCTCAAAGCG-1,0.000087,0.120606,0.017003,0.862304
ACGGAGCGCAAATTAC-1,0.00002,0.997171,0.000041,0.002768
ACGGATGGTGCGGATA-1,0.002041,0.989793,0.004083,0.004083
ACGGCACTTGCTTGGG-1,0.000329,0.998355,0.000658,0.000658
ACGGCCAACATGGACT-1,0.00024,0.96985,0.000481,0.029428
ACGGCGACGATGGGAA-1,0.000284,0.998579,0.000568,0.000568
ACGGCGGGTTGCCCTG-1,0.000194,0.790217,0.132655,0.076934
ACGGCTGGATGTAGAA-1,0.001176,0.994116,0.002354,0.002354
ACGGGAGTGTCGGCCC-1,0.00005,0.848829,0.0001,0.151021
ACGGGCGTATGCGACA-1,0.000105,0.999474,0.000211,0.000211
ACGGGTCATGTGACTT-1,0.000027,0.283553,0.566791,0.149629
ACGGTCACCGAGAACA-1,0.000156,0.894271,0.000311,0.105262
ACGTACAGATTTCTCT-1,0.001588,0.734776,0.260461,0.003176
ACGTACTTTGGCACGG-1,0.000488,0.820903,0.000976,0.177633
ACGTAGATTGCTGATG-1,0.000049,0.999754,0.000098,0.000098
ACGTATTACTCCGATC-1,0.000172,0.999139,0.000344,0.000344
ACGTCCTAAACGAGAT-1,0.000339,0.173697,0.000678,0.825286
ACGTCTCGTTCCGGGA-1,0.000122,0.948714,0.033854,0.017311
ACGTGACAAAGTAAGT-1,0.000084,0.934702,0.000168,0.065046
ACGTGCGCCTCGTGCA-1,0.000763,0.996182,0.001527,0.001527
ACGTTAATGTCGAAGA-1,0.000119,0.956828,0.000238,0.042815
ACGTTAGATTTGCCCG-1,0.000096,0.99952,0.000192,0.000192
ACGTTATTGGTCACTC-1,0.000061,0.46304,0.44046,0.096439
ACGTTCCGCGCTCCGT-1,0.000195,0.750801,0.136016,0.112988
ACGTTCGCAATCAATT-1,0.000119,0.984275,0.000238,0.015368
ACGTTCGTTCAGGAAA-1,0.002083,0.989581,0.004168,0.004168
ACGTTCTGTACAAGTC-1,0.0025,0.455463,0.005001,0.537035
ACGTTTAGTTGTGATC-1,0.002778,0.631859,0.005557,0.359806
ACTAAGGACGCACACC-1,0.000217,0.885519,0.063092,0.051172
ACTAATACGTCAGGCG-1,0.000637,0.762841,0.040294,0.196228
ACTACATCCCGACAAG-1,0.000524,0.702977,0.001047,0.295452
ACTACCAGCTCTCTGG-1,0.000123,0.955139,0.008306,0.036432
ACTACGCGTTAGAATT-1,0.003571,0.98214,0.007144,0.007144
ACTAGTTGCGATCGTC-1,0.000147,0.965649,0.017393,0.016812
ACTATATGCTGTGTTC-1,0.000221,0.782575,0.076016,0.141187
ACTATCCAGGGCATGG-1,0.000082,0.715033,0.215381,0.069504
ACTATCTGCCCGCGTA-1,0.000137,0.848077,0.151511,0.000274
ACTATGTCCAGCTGCC-1,0.001852,0.990738,0.003705,0.003705
ACTATTCGTCCGTGGT-1,0.000205,0.739045,0.00041,0.26034
ACTATTTCCGGGCCCA-1,0.002174,0.71296,0.004349,0.280517
ACTCAACGAATGTATT-1,0.002273,0.749822,0.243358,0.004547
ACTCAAGTGCAAGGCT-1,0.000671,0.562923,0.001343,0.435063
ACTCAATAAAGGCACG-1,0.000046,0.971053,0.000092,0.028809
ACTCAGACCTGCTTCT-1,0.003846,0.980765,0.007694,0.007694
ACTCATGGCAGCCTTC-1,0.000467,0.888945,0.000935,0.109653
ACTCCAATATCATCAT-1,0.002439,0.987801,0.00488,0.00488
ACTCCCATTCCTAAAG-1,0.000072,0.96929,0.020041,0.010597
ACTCCCGAATTCGTTT-1,0.000058,0.999712,0.000115,0.000115
ACTCCCGTAGACTAGG-1,0.000114,0.898071,0.088296,0.013519
ACTCCCTAGAATAGTA-1,0.000253,0.906569,0.000505,0.092674
ACTCCGGCCGACCACT-1,0.001266,0.648452,0.002532,0.34775
ACTCGATGTATTTCAT-1,0.000052,0.183935,0.810319,0.005694
ACTCGCCGTTCGATAA-1,0.000505,0.662479,0.163649,0.173368
ACTCGCGATCTGACGC-1,0.000087,0.821412,0.161308,0.017193
ACTCGTAACCCGTCCT-1,0.000043,0.97362,0.02625,0.000087
ACTCGTCAGTAATCCC-1,0.0001,0.999498,0.000201,0.000201
ACTCTAAACCTGGGAT-1,0.000034,0.217132,0.540719,0.242116
ACTCTCTGACTTAGGT-1,0.000166,0.8683,0.014453,0.117082
ACTCTCTTATACACGA-1,0.000621,0.996894,0.001243,0.001243
ACTCTGACCTAATAGA-1,0.001087,0.464904,0.002175,0.531834
ACTCTTCAGCTCCCGC-1,0.000114,0.905008,0.074628,0.020251
ACTCTTGTATAGTAAC-1,0.00007,0.99965,0.00014,0.00014
ACTGAAACGCCGTTAG-1,0.001163,0.994185,0.002326,0.002326
ACTGAATGGCGAAAGT-1,0.000168,0.958451,0.000336,0.041045
ACTGCCCGCCATTCTC-1,0.001351,0.763473,0.002703,0.232472
ACTGCCGTCGTAACTC-1,0.000383,0.902919,0.023518,0.07318
ACTGCGGACACACCGT-1,0.000094,0.961538,0.03818,0.000188
ACTGCTCGGAAGGATG-1,0.000083,0.934059,0.000165,0.065693
ACTGGCGAACCTGCGT-1,0.00042,0.997899,0.000841,0.000841
ACTGTACGATACACAT-1,0.000066,0.940337,0.000132,0.059464
ACTGTAGCACTTTGGA-1,0.000056,0.886953,0.112881,0.000111
ACTGTATACGCGAGCA-1,0.0005,0.794205,0.021431,0.183864
ACTGTCTTCTTTAGAA-1,0.000046,0.959642,0.04022,0.000092
ACTGTGCTAGTAGATC-1,0.000124,0.676102,0.089324,0.23445
ACTGTTTAGTGTAGGC-1,0.000049,0.014876,0.068328,0.916747
ACTTACCGGGCGCGCA-1,0.000508,0.592681,0.195939,0.210872
ACTTACGCATCCACGC-1,0.000962,0.462191,0.001924,0.534924
ACTTAGTACGACAAGA-1,0.000062,0.894416,0.105398,0.000124
ACTTATACTTACCCGG-1,0.000077,0.961811,0.03796,0.000153
ACTTATCTGATCTATA-1,0.000862,0.947903,0.001725,0.04951
ACTTATTAGGATCGGT-1,0.00007,0.896944,0.011967,0.091019
ACTTATTTATGTGCCA-1,0.000253,0.876677,0.000505,0.122565
ACTTCAGGCTGATCCC-1,0.00122,0.752135,0.159026,0.087619
ACTTCCAGTGGAAGCT-1,0.003704,0.797317,0.19157,0.007409
ACTTCCATGCGGGACA-1,0.000662,0.293383,0.04305,0.662905
ACTTCCTGTCGTGCGA-1,0.003226,0.83803,0.006453,0.152291
ACTTCGCTAGCGAGTG-1,0.000113,0.868342,0.108799,0.022746
ACTTGACTCCCTCTTT-1,0.000219,0.984754,0.000439,0.014588
ACTTGCCATATTGTAC-1,0.00033,0.342669,0.390411,0.26659
ACTTGGGACCCGGTGG-1,0.000057,0.999713,0.000115,0.000115
ACTTGTAGTCCCTTCA-1,0.00012,0.924087,0.028592,0.0472
ACTTGTGGATGGAACG-1,0.000185,0.839501,0.159945,0.00037
ACTTTACCCTCATGAA-1,0.000081,0.757884,0.223224,0.018812
ACTTTCCTATAGCTTC-1,0.000072,0.862182,0.089835,0.04791
ACTTTGACTGCATCCT-1,0.000124,0.976288,0.023339,0.000249
ACTTTGGTCGTGCTCC-1,0.001099,0.994504,0.002198,0.002198
ACTTTGTCGACGCACT-1,0.00006,0.38721,0.263967,0.348763
AGAAATTATGACTCGC-1,0.000071,0.817236,0.17762,0.005072
AGAACCCAGCGTGACA-1,0.000074,0.826807,0.11819,0.054929
AGAACCCTCAATTGGG-1,0.003226,0.575871,0.006453,0.414451
AGAACGTGGTACATTC-1,0.00014,0.934918,0.010607,0.054335
AGAAGAGCGCCGTTCC-1,0.000763,0.680977,0.001527,0.316733
AGAAGGTACACTTCAC-1,0.000079,0.927624,0.072139,0.000158
AGAAGGTTGCCGAATT-1,0.000068,0.829335,0.026077,0.144521
AGAAGGTTGTAGGTCG-1,0.000115,0.039612,0.00023,0.960043
AGAAGTGATTCGTGAT-1,0.000118,0.956948,0.000235,0.042699
AGAATAAATCTTCAGG-1,0.000073,0.841764,0.010047,0.148115
AGAATGCGGGTTCGGA-1,0.0008,0.45755,0.0016,0.54005
AGAATTATGGATTCGA-1,0.000095,0.756045,0.000191,0.243668
AGAATTGTTTGACATA-1,0.000091,0.661901,0.288615,0.049394
AGACAGCTCAGAATCC-1,0.000069,0.437004,0.464374,0.098553
AGACAGGCATCTCAGC-1,0.000079,0.559055,0.440709,0.000158
AGACATAGATCCTTCC-1,0.001754,0.844108,0.00351,0.150628
AGACCAAACCACACCT-1,0.000067,0.982867,0.000134,0.016932
AGACCATGGGATACAA-1,0.000056,0.984456,0.015376,0.000112
AGACCCACCGCTGATC-1,0.000877,0.91835,0.001755,0.079018
AGACCCGCCCTCCTCG-1,0.000119,0.945929,0.022469,0.031483
AGACCGCTCCGCGGTT-1,0.000151,0.772662,0.000303,0.226884
AGACCGGGAAACCCTG-1,0.000051,0.939217,0.052994,0.007737
AGACGAAGTGCCGGTC-1,0.000714,0.805282,0.001429,0.192575
AGACGACGATGCCGCT-1,0.002128,0.847574,0.004256,0.146042
AGACGCCCACTTCGCC-1,0.00008,0.687401,0.205814,0.106705
AGACGGGCCGATTTAA-1,0.003572,0.982138,0.007145,0.007145
AGACTAGCCTTCCAGA-1,0.000078,0.713768,0.084709,0.201444
AGACTGTTACCGGGTC-1,0.003448,0.982755,0.006898,0.006899
AGAGAAACACCAGAAA-1,0.000885,0.995574,0.00177,0.001771
AGAGAACCGTCTAGGA-1,0.000075,0.999585,0.000149,0.000191
AGAGAAGGAGTACAAT-1,0.001064,0.794535,0.164069,0.040332
AGAGATCTCTAAAGCG-1,0.000062,0.946843,0.042662,0.010432
AGAGCAGTTATGAGAC-1,0.000079,0.99093,0.008832,0.000159
AGAGCCGCCGAGATTT-1,0.002083,0.892456,0.004168,0.101292
AGAGCGCTTGTAACGG-1,0.000075,0.999624,0.00015,0.00015
AGAGCGGGCTAATCAT-1,0.001515,0.671746,0.003031,0.323708
AGAGCGTACAAGCTCG-1,0.000048,0.999761,0.000096,0.000096
AGAGCTACGAAAGCAT-1,0.000057,0.310806,0.617651,0.071485
AGAGGCTTCGGAAACC-1,0.00009,0.818957,0.02699,0.153963
AGAGGGACAATTGTCC-1,0.000578,0.920828,0.001156,0.077438
AGAGGTATCTCGGTCC-1,0.00051,0.74755,0.001021,0.250919
AGAGTAAACTTCACTA-1,0.00011,0.811313,0.014133,0.174444
AGAGTATAGTGTTACG-1,0.000063,0.986413,0.013397,0.000127
AGAGTGAACAGACACC-1,0.001515,0.659852,0.003031,0.335602
AGAGTTAGAGACCGAT-1,0.002174,0.824776,0.004349,0.168701
AGAGTTGCAGGCCTCC-1,0.000505,0.863365,0.00101,0.135119
AGATAACTTCAGGGCC-1,0.000086,0.988754,0.007211,0.00395
AGATACCAATAGAACC-1,0.00029,0.857031,0.077804,0.064876
AGATACCAGCACTTCA-1,0.000137,0.933908,0.000274,0.065681
AGATACCGGTGTTCAC-1,0.000069,0.947555,0.052237,0.000139
AGATACGACTTCATAT-1,0.000133,0.82315,0.152969,0.023748
AGATACTCAAGATCGA-1,0.000133,0.915884,0.083718,0.000266
AGATATAATACGACTA-1,0.001087,0.735148,0.002175,0.26159
AGATCGTGCATAAGAT-1,0.000067,0.87793,0.108281,0.013722
AGATCTCAGGTGTGAT-1,0.000152,0.999242,0.000303,0.000303
AGATGACTCGCCCACG-1,0.000132,0.980362,0.000264,0.019242
AGATGAGGGTTGCGAT-1,0.001136,0.994317,0.002273,0.002273
AGATGATGGAGTCTGG-1,0.000098,0.972032,0.020209,0.007661
AGATGCAAGACGTGCA-1,0.002041,0.989794,0.004083,0.004083
AGATGCATCCTGTGTC-1,0.000157,0.969692,0.000313,0.029839
AGATGCTATAACGAGC-1,0.000342,0.226793,0.510525,0.262339
AGATTATAGGACGTTT-1,0.000079,0.992886,0.000158,0.006877
AGATTCAAGCGGGTCG-1,0.000485,0.941344,0.000971,0.057199
AGATTCACAACCGATA-1,0.000076,0.96641,0.000151,0.033364
AGCAAAGGCCGCTAGT-1,0.000086,0.563271,0.045723,0.39092
AGCAACATATCTTATT-1,0.000097,0.952796,0.046913,0.000194
AGCAACCGAAAGTAAT-1,0.001087,0.865451,0.002174,0.131288
AGCACACGTTTAGACT-1,0.000345,0.901944,0.00069,0.097021
AGCACCAGTACTCACG-1,0.00004,0.955934,0.00008,0.043946
AGCACTACCGGCCTGT-1,0.000075,0.999626,0.00015,0.00015
AGCACTACCTCACCAG-1,0.000935,0.838663,0.00187,0.158533
AGCACTTAAGGACGCC-1,0.000076,0.885886,0.113886,0.000152
AGCAGCCAGATGAATA-1,0.001409,0.992956,0.002818,0.002818
AGCATATCAATATGCT-1,0.00042,0.685087,0.122496,0.191997
AGCATCATTTCGAAAG-1,0.000064,0.999678,0.000129,0.000129
AGCATCGTCGATAATT-1,0.000117,0.900941,0.066929,0.032012
AGCATTACGAGGCAAG-1,0.000351,0.341053,0.189807,0.46879
AGCCAAGCTTTGTGTC-1,0.000952,0.995237,0.001905,0.001905
AGCCACAGGTTACCCG-1,0.000177,0.000884,0.130872,0.868068
AGCCACTCCCGTGCTT-1,0.000153,0.789313,0.175859,0.034675
AGCCCATACATGTAAG-1,0.000064,0.999681,0.000127,0.000127
AGCCCGCAACAAGCAG-1,0.000893,0.895211,0.001786,0.10211
AGCCCGGCATTAGAGG-1,0.00101,0.938021,0.002021,0.058948
AGCCCGGTAGCCTGTA-1,0.001887,0.874798,0.003775,0.11954
AGCCCTAAGCGAAGTT-1,0.00303,0.833434,0.006062,0.157473
AGCCCTCCCTGGTGGC-1,0.002041,0.989794,0.004083,0.004083
AGCCCTGTCGCACCGT-1,0.000097,0.866417,0.040227,0.093259
AGCCCTTCTAATCCGA-1,0.000093,0.906814,0.074173,0.01892
AGCCCTTGGACATCCC-1,0.000134,0.784844,0.208902,0.00612
AGCCGCAAATTCAAAT-1,0.000094,0.227976,0.639813,0.132118
AGCCGTGGCTAAATGT-1,0.000044,0.962868,0.000089,0.036999
AGCCTAATACCCACGT-1,0.000083,0.999585,0.000166,0.000166
AGCCTTAAAGCGGAAG-1,0.000033,0.64969,0.340043,0.010234
AGCGACAGGAACGGTC-1,0.000394,0.949325,0.000788,0.049493
AGCGACATCCCATTCA-1,0.000289,0.942505,0.000578,0.056627
AGCGACCAACGATATT-1,0.000154,0.987134,0.012405,0.000308
AGCGAGACGTGAAGGC-1,0.000515,0.997422,0.001031,0.001031
AGCGATGCGCCTAATA-1,0.000144,0.741704,0.111405,0.146747
AGCGCATAATGAATCG-1,0.001449,0.937697,0.002899,0.057954
AGCGCGGGTGCCAATG-1,0.000069,0.992818,0.000139,0.006974
AGCGCTAGAGCGATGT-1,0.000084,0.997071,0.002676,0.000168
AGCGCTTATGGGCAAG-1,0.000334,0.926526,0.000669,0.07247
AGCGGACACTTCGTAG-1,0.000273,0.89445,0.000547,0.10473
AGCGGCGGTTAGCGGT-1,0.000081,0.999596,0.000162,0.000162
AGCGGGAAGGGTCCAT-1,0.000164,0.936008,0.063499,0.000329
AGCGGTTGAGATGTAC-1,0.005,0.810754,0.010002,0.174244
AGCGGTTGCCGCTCTG-1,0.000074,0.907771,0.07569,0.016464
AGCGTACGAGAGCTAG-1,0.000077,0.57927,0.403378,0.017276
AGCGTAGCGCTAGACC-1,0.000099,0.608575,0.385776,0.005549
AGCGTCTGAACCCGCA-1,0.00005,0.637531,0.311723,0.050696
AGCGTGGTATTCTACT-1,0.000227,0.939819,0.027071,0.032883
AGCGTTCCGATTTAAA-1,0.001667,0.770349,0.003334,0.22465
AGCTAACAAGCAATGT-1,0.000286,0.945328,0.053814,0.000572
AGCTAAGTACGCAGGC-1,0.000264,0.471401,0.060096,0.468239
AGCTAGAAGCAGAAGT-1,0.000085,0.999577,0.000169,0.000169
AGCTATTTAATCCAAC-1,0.000102,0.605729,0.016312,0.377857
AGCTCCATATATGTTC-1,0.003125,0.720737,0.006251,0.269886
AGCTCCTTCGCACATC-1,0.001266,0.832465,0.002532,0.163736
AGCTCGTTGATGGAAA-1,0.000046,0.972334,0.022291,0.005329
AGCTCTAGACGTTCCA-1,0.000245,0.900022,0.033054,0.066679
AGCTCTTCCCAGTGCA-1,0.000115,0.972591,0.000231,0.027063
AGCTCTTCGTAACCTT-1,0.000092,0.999542,0.000183,0.000183
AGCTCTTTACTCAGTT-1,0.000086,0.999568,0.000173,0.000173
AGCTGAAGTAAACCAA-1,0.000086,0.923662,0.000171,0.076081
AGCTGCATTTGAGGTG-1,0.001639,0.873366,0.00328,0.121715
AGCTGCTGTGCCGAAT-1,0.001639,0.991802,0.003279,0.00328
AGCTGTAACCTCAATC-1,0.000862,0.995688,0.001725,0.001725
AGCTTATAGAGACCTG-1,0.000398,0.751125,0.075501,0.172975
AGCTTCTTCTCGAGCA-1,0.000465,0.394857,0.246258,0.35842
AGCTTGATCTTAACTT-1,0.000071,0.896328,0.03251,0.07109
AGGAAAGCCTCTGATG-1,0.000045,0.171816,0.82805,0.000089
AGGAACGAACGACTTC-1,0.000044,0.66104,0.338829,0.000088
AGGAAGCTGTCCGCCG-1,0.000463,0.652591,0.214471,0.132475
AGGACAGTCGAATCCC-1,0.000132,0.986979,0.000264,0.012626
AGGACATCGCACGTCG-1,0.00018,0.971155,0.011505,0.01716
AGGACGACCCATTAGA-1,0.000077,0.851431,0.03999,0.108503
AGGACGCTCGATGTTG-1,0.000111,0.979235,0.020433,0.000222
AGGAGACATCCACAGT-1,0.000103,0.910115,0.089577,0.000206
AGGAGAGTCTGGCTAC-1,0.00008,0.969431,0.03033,0.00016
AGGAGGCCTTCGCGCG-1,0.001351,0.675081,0.033128,0.290439
AGGATAAAGTCGGGAT-1,0.000981,0.995097,0.001961,0.001961
AGGATATAGGGATTTA-1,0.00019,0.917298,0.00038,0.082133
AGGATCACGCGATCTG-1,0.00006,0.960167,0.033001,0.006772
AGGATTGCTTACGACA-1,0.000102,0.95871,0.023537,0.017651
AGGCAAAGAGGAATCA-1,0.00069,0.909366,0.00138,0.088564
AGGCACGTGACTGTCC-1,0.000299,0.920381,0.017545,0.061776
AGGCAGATGCGTAAAC-1,0.000074,0.99963,0.000148,0.000148
AGGCAGGGAGCGTACT-1,0.002778,0.791368,0.005557,0.200297
AGGCATTGTCGTAGGG-1,0.000781,0.996093,0.001563,0.001563
AGGCCACATTGGTTAC-1,0.000063,0.614878,0.329045,0.056014
AGGCCACCCGTTATGA-1,0.000063,0.935545,0.064265,0.000126
AGGCCCAGTGACTGGT-1,0.000082,0.123779,0.875977,0.000163
AGGCCCATTGTACAGG-1,0.000735,0.419813,0.383741,0.195711
AGGCCCTAGAACGCCA-1,0.000046,0.983957,0.015906,0.000091
AGGCCTGAGAATCTCG-1,0.002941,0.394064,0.005884,0.597111
AGGCGATAACTGGCGT-1,0.000074,0.825377,0.173753,0.000796
AGGCGGTTTGTCCCGC-1,0.002778,0.986109,0.005557,0.005557
AGGCGTCTATGGACGG-1,0.000089,0.848932,0.035298,0.115681
AGGCTATGGTTAGCTT-1,0.000116,0.91153,0.049545,0.03881
AGGCTTCCCGAAGAAG-1,0.00013,0.924684,0.074927,0.000259
AGGCTTGCTAGACACC-1,0.000088,0.602505,0.205777,0.19163
AGGGAAACGAGGTACT-1,0.000662,0.952047,0.001325,0.045966
AGGGACAGCACGGCGG-1,0.000249,0.77852,0.180787,0.040444
AGGGACCGGCTGCGTT-1,0.000096,0.999522,0.000191,0.000191
AGGGACTCTACGCGAC-1,0.00038,0.475164,0.137683,0.386772
AGGGAGACATACTTCG-1,0.000083,0.946294,0.034325,0.019297
AGGGCAGCGGCGTGGT-1,0.000181,0.883834,0.000362,0.115622
AGGGCCCTAATGTTCT-1,0.000064,0.553951,0.40732,0.038665
AGGGCGAGCAGCTGAT-1,0.000053,0.995416,0.000107,0.004424
AGGGCGTGATCGGCTA-1,0.000109,0.982818,0.016855,0.000218
AGGGCTGCAGTTACAG-1,0.000042,0.999788,0.000085,0.000085
AGGGTCAGAGCACTCG-1,0.000258,0.998711,0.000516,0.000516
AGGGTCAGTAACCCTA-1,0.000069,0.999657,0.000137,0.000137
AGGGTCGATGCGAACT-1,0.000115,0.999423,0.000231,0.000231
AGGGTGCCGTTCTTTA-1,0.000685,0.596319,0.00137,0.401625
AGGGTGCTCTCGAGGG-1,0.000072,0.857422,0.000143,0.142363
AGGGTGGATAGTGCAT-1,0.000082,0.747965,0.184194,0.067759
AGGGTGTGCTACACGC-1,0.002273,0.577159,0.004547,0.416021
AGGGTTCAGACGGTCC-1,0.000426,0.798729,0.000851,0.199994
AGGGTTCCCTTTGGTT-1,0.000082,0.966499,0.00539,0.02803
AGGGTTTAGTTCGGGA-1,0.000096,0.999519,0.000193,0.000193
AGGTAACCTCCTATTC-1,0.000211,0.942642,0.056123,0.001024
AGGTAGATCGAGATAT-1,0.001299,0.993505,0.002598,0.002598
AGGTAGGTACAAAGCT-1,0.000055,0.965155,0.000111,0.034678
AGGTATAATTGATAGT-1,0.00008,0.999599,0.00016,0.00016
AGGTATGCGGACATTA-1,0.000078,0.917994,0.081771,0.000157
AGGTCAGGTGAGAGTG-1,0.000059,0.999705,0.000118,0.000118
AGGTCGCCACTTCGGT-1,0.000081,0.648308,0.35145,0.000161
AGGTCGCCTCCCAACA-1,0.000079,0.767989,0.202599,0.029333
AGGTCGCGGAGTTACT-1,0.000056,0.999721,0.000112,0.000112
AGGTGGTGACCTTCGC-1,0.001471,0.992645,0.002942,0.002942
AGGTGTATCGCCATGA-1,0.000098,0.953359,0.000196,0.046346
AGGTGTTGCCGACCAC-1,0.000348,0.712,0.286955,0.000697
AGGTTACACCATGCCG-1,0.000045,0.898369,0.086219,0.015367
AGGTTCTCCTTTCCGG-1,0.001639,0.762157,0.00328,0.232924
AGGTTGAGGCACGCTT-1,0.000262,0.971298,0.000525,0.027914
AGGTTTCACACACCTT-1,0.000092,0.999539,0.000184,0.000184
AGTAACGTTCATCCTG-1,0.000257,0.677559,0.000514,0.32167
