Barcode,Topic 1,Topic 2,Topic 3,Topic 4,Topic 5,Topic 6,Topic 7
AAACAAGTATCTCCCA-1,0.003247,0.003262,0.56186,0.003261,0.209866,0.215242,0.003262
AAACACCAATAACTGC-1,0.005291,0.005312,0.005315,0.462892,0.005316,0.005317,0.510558
AAACAGAGCGACTCCT-1,0.001401,0.001407,0.001407,0.001407,0.001406,0.001407,0.991566
AAACAGCTTTCAGAAG-1,0.00085,0.000854,0.000854,0.000854,0.994879,0.000854,0.000854
AAACAGGGTCTATATT-1,0.003484,0.003497,0.003502,0.003502,0.381986,0.118515,0.485513
AAACATGGTGAGAGGA-1,0.000284,0.364309,0.000285,0.000285,0.085345,0.463399,0.086092
AAACATTTCCCGGATT-1,0.000168,0.088917,0.000169,0.106456,0.107289,0.686682,0.010318
AAACCGGAAATGTTAA-1,0.006211,0.006243,0.249951,0.00624,0.006238,0.006237,0.71888
AAACCGGGTAGGTACC-1,0.000284,0.085793,0.063671,0.043444,0.707103,0.077496,0.022209
AAACCGTTCGTCCAGG-1,0.000066,0.008176,0.778112,0.056207,0.13397,0.000066,0.023403
AAACCTAAGCAGCCGG-1,0.000177,0.000178,0.082409,0.150907,0.00537,0.437991,0.322969
AAACGAAGAACATACC-1,0.000308,0.000309,0.000309,0.000309,0.000309,0.862655,0.1358
AAACGAAGATGGAGTA-1,0.000733,0.061853,0.000736,0.000736,0.26912,0.666086,0.000736
AAACGGGCGTACGGGT-1,0.000219,0.101847,0.042524,0.088282,0.00022,0.37085,0.396057
AAACGGTTGCGAACTG-1,0.000051,0.594894,0.079212,0.325688,0.000051,0.000051,0.000051
AAACGTGTTCGCCCTA-1,0.000516,0.000518,0.000518,0.000518,0.256328,0.741084,0.000518
AAACTAACGTGGCGAC-1,0.000999,0.001003,0.001004,0.001003,0.001004,0.001004,0.993983
AAACTCGGTTCGCAAT-1,0.000334,0.000335,0.000335,0.19965,0.095146,0.490743,0.213457
AAACTCGTGATATAAG-1,0.000376,0.000378,0.000378,0.093223,0.639908,0.261593,0.004144
AAACTGCTGGCTCCAA-1,0.000179,0.011534,0.00018,0.00018,0.785682,0.174761,0.027485
AAACTTAATTGCACGC-1,0.002132,0.367309,0.00214,0.002142,0.002142,0.621994,0.002141
AAACTTGCAAACGTAT-1,0.000677,0.00068,0.11606,0.237881,0.330177,0.313844,0.00068
AAAGAATGACCTTAGA-1,0.000143,0.374865,0.000144,0.000143,0.000143,0.424319,0.200242
AAAGACCCAAGTCGCG-1,0.000139,0.091059,0.091548,0.146246,0.00014,0.312677,0.358191
AAAGACTGGGCGCTTT-1,0.000111,0.465375,0.030269,0.071771,0.12536,0.000111,0.307003
AAAGGCCCTATAATAC-1,0.000194,0.000194,0.031371,0.000194,0.000194,0.585905,0.381948
AAAGGCTACGGACCAT-1,0.005291,0.005307,0.005309,0.005314,0.766573,0.206892,0.005313
AAAGGCTCTCGCGCCG-1,0.000371,0.000373,0.391596,0.000373,0.402699,0.008356,0.196233
AAAGGGATGTAGCAAG-1,0.000064,0.041289,0.910605,0.000064,0.000064,0.000064,0.047849
AAAGGGCAGCTTGAAT-1,0.000132,0.439979,0.092426,0.093738,0.167957,0.043117,0.162651
AAAGGTAAGCTGTACC-1,0.003663,0.547461,0.00368,0.003678,0.42874,0.003679,0.009099
AAAGTAGCATTGCTCA-1,0.00304,0.407695,0.003054,0.332087,0.003055,0.248019,0.003052
AAAGTCACTGATGTAA-1,0.000209,0.000209,0.000209,0.223904,0.027347,0.747912,0.000209
AAAGTGCCATCAATTA-1,0.000239,0.218191,0.079814,0.000241,0.282507,0.357601,0.061407
AAAGTGTGATTTATCT-1,0.002857,0.002869,0.00287,0.002871,0.788441,0.197223,0.002869
AAATAACCATACGGGA-1,0.00019,0.000191,0.000191,0.000191,0.06788,0.608465,0.322894
AAATACCTATAAGCAT-1,0.000235,0.247174,0.1413,0.048071,0.369674,0.000237,0.19331
AAATAGGGTGCTATTG-1,0.000756,0.278758,0.000759,0.000759,0.000759,0.045538,0.672671
AAATCCGATACACGCC-1,0.000354,0.000356,0.000356,0.000356,0.000356,0.593864,0.404357
AAATCGCGGAAGGAGT-1,0.002646,0.002658,0.002657,0.21263,0.002658,0.0168,0.759951
AAATCGTGTACCACAA-1,0.000233,0.119489,0.000234,0.000234,0.519498,0.044163,0.31615
AAATCTAGCCCTGCTA-1,0.005102,0.394312,0.005126,0.005124,0.005126,0.005124,0.580086
AAATGATTCGATCAGC-1,0.000252,0.450396,0.074233,0.000253,0.008875,0.166333,0.299659
AAATGCTCGTTACGTT-1,0.000107,0.104362,0.229982,0.278028,0.000108,0.000108,0.387305
AAATGGCATGTCTTGT-1,0.000184,0.000185,0.000185,0.117901,0.000185,0.8811,0.000258
AAATGGCCCGTGCCCT-1,0.010204,0.010244,0.290553,0.010248,0.010261,0.658241,0.010248
AAATGGTCAATGTGCC-1,0.000215,0.308145,0.039542,0.026964,0.469391,0.033433,0.122309
AAATGTATCTTATCCC-1,0.000173,0.451097,0.000174,0.110428,0.058376,0.010602,0.36915
AAATTACACGACTCTG-1,0.010989,0.011026,0.011035,0.011058,0.011034,0.30093,0.643928
AAATTACCTATCGATG-1,0.001855,0.001864,0.001863,0.001863,0.924409,0.066281,0.001864
AAATTGATAGTCCTTT-1,0.005102,0.005124,0.675277,0.005125,0.005123,0.299123,0.005126
AAATTGCGGCGGTTCT-1,0.000562,0.000565,0.000565,0.000565,0.000565,0.993133,0.004045
AAATTGGTGAGAAGCA-1,0.000125,0.000126,0.000126,0.462641,0.004532,0.532324,0.000126
AAATTTACCGAAATCC-1,0.008403,0.008442,0.008439,0.008438,0.00844,0.442703,0.515135
AAATTTGCGGGTGTGG-1,0.000296,0.000297,0.000297,0.000297,0.876324,0.04558,0.07691
AACAACTGGTAGTTGC-1,0.000189,0.020781,0.059671,0.128334,0.341209,0.044974,0.404842
AACAATACATTGTCGA-1,0.000156,0.000157,0.737597,0.000157,0.000157,0.000157,0.261618
AACAATTACTCTACGC-1,0.000156,0.082374,0.028302,0.000157,0.351237,0.139365,0.39841
AACACACGCTCGCCGC-1,0.000733,0.000736,0.000736,0.000736,0.573347,0.104491,0.319222
AACACGACTGTACTGA-1,0.000345,0.000346,0.000347,0.000346,0.010112,0.988156,0.000347
AACACGAGACGCGGCC-1,0.000488,0.000489,0.000489,0.475226,0.253781,0.269037,0.000489
AACACGCGGCCGCGAA-1,0.005291,0.005317,0.005315,0.005317,0.496488,0.476957,0.005314
AACAGCTGTGTGGCAA-1,0.000178,0.000179,0.017705,0.13096,0.236267,0.532523,0.082187
AACAGGAAATCGAATA-1,0.000125,0.149096,0.011081,0.023844,0.000126,0.335429,0.480299
AACAGGATGGGCCGCG-1,0.000133,0.392713,0.000133,0.112146,0.272759,0.044101,0.178015
AACAGGTAGTATGGAT-1,0.00085,0.12268,0.162047,0.000854,0.407833,0.238437,0.067298
AACATATCAACTGGTG-1,0.004202,0.004216,0.13773,0.004215,0.004219,0.004221,0.841197
AACATCGATACGTCTA-1,0.000295,0.000296,0.000296,0.000296,0.039372,0.37517,0.584275
AACATTGAAGTTGATC-1,0.000263,0.000264,0.000264,0.000264,0.000264,0.986015,0.012667
AACATTGTGACTCGAG-1,0.000319,0.00032,0.00032,0.00032,0.326148,0.652706,0.019866
AACCAGTATCACTCTT-1,0.004082,0.004101,0.004099,0.333716,0.004102,0.004102,0.645799
AACCATAGGGTTGAAC-1,0.000217,0.309828,0.000218,0.000218,0.000218,0.296866,0.392433
AACCATGGGATCGCTA-1,0.00023,0.000231,0.000232,0.000231,0.000231,0.583932,0.414911
AACCCAGAGACGGAGA-1,0.000125,0.021912,0.644819,0.002763,0.000126,0.268485,0.06177
AACCCATCCCATGATC-1,0.000327,0.338224,0.000328,0.000328,0.16139,0.246864,0.252538
AACCCGACAACCCGTG-1,0.00027,0.000271,0.000271,0.163047,0.000271,0.835598,0.000271
AACCCGAGCAGAATCG-1,0.000232,0.000233,0.000233,0.2118,0.091897,0.695372,0.000233
AACCCGATAGGGCTTC-1,0.010989,0.011024,0.011037,0.933804,0.011044,0.011058,0.011044
AACCCTGGTGGAACCA-1,0.000176,0.050904,0.000177,0.000176,0.04209,0.672137,0.23434
AACCGAGCTTGGTCAT-1,0.000904,0.000908,0.269654,0.000908,0.256014,0.000908,0.470704
AACCGCTAAGGGATGC-1,0.00039,0.475688,0.000392,0.000392,0.118415,0.196397,0.208326
AACCGTTGTGTTTGCT-1,0.000289,0.00029,0.00029,0.00029,0.15936,0.624653,0.214829
AACCTCGCTTTAGCCC-1,0.000603,0.400308,0.158001,0.000606,0.130453,0.309423,0.000606
AACCTTTAAATACGGT-1,0.000904,0.000909,0.000909,0.000908,0.530319,0.000908,0.465143
AACCTTTACGACGTCT-1,0.003484,0.425493,0.0035,0.003499,0.0035,0.003499,0.557025
AACGAAAGTCGTCCCA-1,0.003663,0.413699,0.003679,0.003679,0.00368,0.003679,0.567921
AACGATAATGCCGTAG-1,0.000364,0.313398,0.124029,0.1753,0.21014,0.000365,0.176404
AACGATAGAAGGGCCG-1,0.000173,0.000174,0.250113,0.009459,0.008132,0.535236,0.196713
AACGATATGTCAACTG-1,0.002597,0.002611,0.002609,0.002611,0.806678,0.180284,0.002609
AACGCATGATCTGGGT-1,0.000101,0.007054,0.297691,0.281027,0.078658,0.335367,0.000102
AACGCGAACGGCAACA-1,0.000225,0.028752,0.000226,0.000226,0.000226,0.599579,0.370765
AACGCGACCTTGGGCG-1,0.000281,0.000282,0.000282,0.029444,0.393135,0.51777,0.058808
AACGCGGTCTCCAGCC-1,0.000486,0.133919,0.755171,0.000488,0.108959,0.000488,0.000488
AACGCTGTTGCTGAAA-1,0.010989,0.011028,0.011028,0.01103,0.496688,0.448196,0.01104
AACGGACGTACGTATA-1,0.000501,0.000503,0.000504,0.236222,0.439531,0.322235,0.000503
AACGGCCATCTCCGGT-1,0.000124,0.701332,0.152282,0.049717,0.094907,0.000125,0.001513
AACGTACTGTGGGTAC-1,0.000262,0.264422,0.164375,0.000263,0.270109,0.019306,0.281263
AACGTCAGACTAGTGG-1,0.000104,0.000111,0.55388,0.005921,0.128234,0.080162,0.231588
AACGTGATGAAGGACA-1,0.000816,0.260036,0.00082,0.00082,0.219555,0.04201,0.475942
AACGTTATCAGCACCT-1,0.000571,0.000574,0.000574,0.000574,0.034293,0.61108,0.352333
AACTACCCGTTTGTCA-1,0.000632,0.293538,0.000635,0.000635,0.170655,0.000635,0.53327
AACTAGCGTATCGCAC-1,0.001264,0.007682,0.352116,0.00127,0.086276,0.550121,0.00127
AACTAGGCTTGGGTGT-1,0.000491,0.148545,0.206161,0.244144,0.000493,0.354257,0.045908
AACTCCAGAGCGTGTT-1,0.000518,0.00052,0.00052,0.000519,0.00052,0.416688,0.580716
AACTCCTAATCCCATG-1,0.000552,0.496903,0.000554,0.000554,0.000554,0.50033,0.000554
AACTCGATGGCGCAGT-1,0.000198,0.000199,0.000199,0.000199,0.006513,0.787578,0.205117
AACTCTCAGTGTGCTC-1,0.000051,0.006894,0.948082,0.041117,0.003753,0.000052,0.000052
AACTGAGGTCAGCGTC-1,0.000321,0.514127,0.140882,0.000322,0.000322,0.000322,0.343702
AACTGAGTTATACTGA-1,0.001931,0.001939,0.001939,0.235006,0.302059,0.455188,0.001939
AACTGATATTAGGCCT-1,0.000225,0.000226,0.07488,0.000226,0.133441,0.006576,0.784426
AACTGGGTCCCGACGT-1,0.000219,0.00022,0.302315,0.008692,0.286007,0.225783,0.176763
AACTGGTGTGGGCCTT-1,0.00084,0.000844,0.000843,0.000843,0.000844,0.900706,0.09508
AACTTCTGCGTCTATC-1,0.000162,0.264237,0.026544,0.180066,0.000165,0.26242,0.266405
AACTTGCCCGTATGCA-1,0.000173,0.172314,0.022601,0.000201,0.352937,0.285321,0.166452
AACTTGCGTTCTCGCG-1,0.000231,0.130688,0.043744,0.000232,0.000232,0.243612,0.581262
AACTTTACGGGAGCTT-1,0.000458,0.006406,0.00046,0.05778,0.186026,0.207714,0.541157
AACTTTAGCTGCTGAG-1,0.004762,0.004782,0.004784,0.004786,0.440684,0.53542,0.004782
AAGAAATCACCAGATT-1,0.001335,0.048347,0.001341,0.001341,0.560426,0.385869,0.001341
AAGAAGGATCAGTTAG-1,0.000222,0.000223,0.000223,0.000223,0.000223,0.373049,0.625838
AAGACATACGTGGTTT-1,0.000209,0.192563,0.00021,0.00021,0.00021,0.042179,0.764418
AAGACCAAATAACTCA-1,0.000245,0.378036,0.000247,0.173194,0.000247,0.435346,0.012686
AAGACCCAACTGAACA-1,0.000558,0.070144,0.068009,0.000561,0.37987,0.330102,0.150756
AAGACTAACCCGTTGT-1,0.001721,0.001729,0.001729,0.276206,0.001729,0.715157,0.001729
AAGAGATGAATCGGTA-1,0.000486,0.000488,0.000488,0.000488,0.418566,0.030443,0.549041
AAGAGGCCCTTTGGAA-1,0.000271,0.152138,0.000272,0.028167,0.201477,0.611022,0.006654
AAGATGGCACCGGACC-1,0.002421,0.002431,0.002432,0.373232,0.235842,0.381209,0.002432
AAGATTGGCGGAACGT-1,0.000736,0.000739,0.00074,0.000739,0.26397,0.00074,0.732336
AAGCACCCTGCGTATC-1,0.001605,0.915221,0.076726,0.001612,0.001613,0.001611,0.001612
AAGCATACTCTCCTGA-1,0.000166,0.000167,0.321327,0.000167,0.000167,0.001175,0.676832
AAGCCGAAGCGGTTTA-1,0.000855,0.399904,0.139624,0.000859,0.278414,0.000859,0.179484
AAGCCGCCGTGAAATC-1,0.000329,0.155018,0.000331,0.000331,0.094512,0.241843,0.507636
AAGCCGCTTTACCTTG-1,0.000518,0.00052,0.00052,0.019611,0.231394,0.746919,0.00052
AAGCCGGAGAGCAGGA-1,0.000059,0.000406,0.040232,0.363919,0.036626,0.555977,0.002781
AAGCGCAGGGCTTTGA-1,0.000191,0.000192,0.000192,0.373159,0.148265,0.47781,0.000192
AAGCGGAGTGCGCGCA-1,0.000159,0.00016,0.00016,0.399672,0.00094,0.598751,0.000159
AAGCGGCGTCATGGGT-1,0.0002,0.227547,0.0002,0.079925,0.109714,0.367884,0.21453
AAGCGTCCCTCATCGA-1,0.002132,0.002141,0.299779,0.002141,0.398195,0.293469,0.002142
AAGCTAGATCGAGTAA-1,0.000209,0.085803,0.28219,0.018967,0.468165,0.000209,0.144457
AAGCTCTTTCATGGTG-1,0.006211,0.868969,0.006241,0.006246,0.00624,0.006246,0.099848
AAGGAGCGGTTGGTGC-1,0.00042,0.000422,0.214582,0.043421,0.182106,0.090089,0.468959
AAGGATGAGGGACCTC-1,0.002101,0.00211,0.090808,0.164626,0.55325,0.184995,0.00211
AAGGCGCGTAAAGCTT-1,0.000077,0.000111,0.53372,0.058367,0.203651,0.000077,0.203998
AAGGCTGTGCTCATCG-1,0.000409,0.146844,0.000411,0.000411,0.431434,0.091997,0.328493
AAGGGAACGACTGGCT-1,0.008404,0.008441,0.282124,0.37964,0.008432,0.304524,0.008435
AAGGGACAGATTCTGT-1,0.001504,0.00151,0.001511,0.001511,0.421177,0.571276,0.001511
AAGGGACTATGCATTC-1,0.001957,0.501548,0.001966,0.001965,0.286186,0.001966,0.204411
AAGGGTTTGATTTCAG-1,0.001553,0.00156,0.00156,0.677515,0.001559,0.001559,0.314694
AAGGTATCCTAATATA-1,0.002198,0.183524,0.002207,0.002207,0.30545,0.002207,0.502207
AAGGTGATAAACCAGC-1,0.001414,0.270698,0.001421,0.001421,0.042992,0.001421,0.680633
AAGTAGAAGACCGGGT-1,0.001211,0.001216,0.32549,0.001216,0.229516,0.001216,0.440135
AAGTAGTGACGCGAGG-1,0.001107,0.257747,0.001113,0.001113,0.245209,0.464559,0.029152
AAGTCAATTGTCGTCA-1,0.00304,0.266491,0.003053,0.003053,0.109214,0.612097,0.003054
AAGTCTAGTAGCTGCC-1,0.001125,0.00113,0.00113,0.00113,0.556823,0.437532,0.00113
AAGTGAGTCGGGTTTA-1,0.001832,0.00184,0.00184,0.262432,0.335512,0.394705,0.00184
AAGTGCAAAGGTAGAC-1,0.000173,0.530196,0.000174,0.000174,0.088992,0.118774,0.261519
AAGTGCCTTGACTGTA-1,0.000794,0.000797,0.000797,0.000797,0.728577,0.094179,0.174058
AAGTGCGTTAGAATCT-1,0.002232,0.002241,0.002241,0.50676,0.002243,0.482042,0.00224
AAGTGCTTCTCTATTG-1,0.000465,0.000467,0.000467,0.000467,0.29327,0.704395,0.000467
AAGTGTTTGGAGACGG-1,0.000505,0.000507,0.000507,0.322591,0.039734,0.000507,0.635649
AAGTTCACTCCAAGCT-1,0.000595,0.000598,0.000598,0.379605,0.000598,0.617409,0.000598
AAGTTCAGTCTGCGTA-1,0.000343,0.000345,0.000345,0.000345,0.004477,0.42181,0.572335
AAGTTCGGCCAACAGG-1,0.000213,0.30363,0.141295,0.050878,0.320073,0.000214,0.183699
AAGTTGTGATGTTATA-1,0.000684,0.000686,0.000686,0.000686,0.000687,0.745296,0.251275
AAGTTTACTAATGGCA-1,0.001443,0.001449,0.342768,0.001449,0.137008,0.514433,0.001449
AAGTTTATGGGCCCAA-1,0.0003,0.170609,0.000301,0.000301,0.000301,0.389592,0.438595
AATAACACTAGAACAA-1,0.000069,0.021343,0.836561,0.005622,0.110517,0.00007,0.025817
AATAATCTTCGTATCG-1,0.015873,0.015955,0.015952,0.509637,0.01596,0.410676,0.015947
AATACAATGTTTCAGG-1,0.00037,0.493955,0.055968,0.000372,0.270139,0.001817,0.177378
AATACCGGAGGGCTGT-1,0.00025,0.000251,0.000251,0.186596,0.146354,0.666048,0.000251
AATAGAACAGAGTGGC-1,0.000131,0.012753,0.584131,0.000132,0.293127,0.013059,0.096666
AATAGAATCTGTTTCA-1,0.00017,0.399349,0.191141,0.162151,0.207678,0.000171,0.039341
AATAGCTACCGCGTGC-1,0.000386,0.000388,0.000388,0.000388,0.345476,0.398736,0.254239
AATAGTCCGTCCCGAC-1,0.000501,0.000504,0.461524,0.000503,0.206759,0.197726,0.132482
AATAGTCGCGAGTCGG-1,0.000514,0.100653,0.000516,0.000516,0.000516,0.376299,0.520985
AATATCAAGGTCGGAT-1,0.000271,0.241024,0.000272,0.000272,0.000272,0.553372,0.204518
AATATCCTAGCAAACT-1,0.001473,0.001479,0.001479,0.001479,0.241384,0.021963,0.730743
AATATCGAATCAATGC-1,0.001429,0.001435,0.001435,0.311819,0.319583,0.304162,0.060137
AATATCGAGGGTTCTC-1,0.004608,0.004627,0.408323,0.421234,0.004628,0.15195,0.00463
AATCAGACTGCAGGAC-1,0.000221,0.000222,0.129678,0.031566,0.1016,0.735542,0.00117
AATCAGGTTTCATTTA-1,0.000627,0.000629,0.000629,0.000629,0.000629,0.996229,0.00063
AATCATGTAAAGACTC-1,0.001488,0.209587,0.17314,0.001495,0.113088,0.352584,0.148617
AATCCAAGGGCCTGAG-1,0.000252,0.000253,0.000253,0.000253,0.000254,0.900453,0.098281
AATCCATGCAAGGGTG-1,0.000217,0.114869,0.000218,0.000218,0.000218,0.403579,0.480679
AATCGGGACACTACGA-1,0.000484,0.000486,0.000487,0.000486,0.000486,0.852469,0.145101
AATCGTGAGCCGAGCA-1,0.000299,0.000301,0.000301,0.021483,0.294146,0.683169,0.000301
AATCTAGGTTTACTTG-1,0.001361,0.456656,0.001367,0.250179,0.001367,0.001366,0.287705
AATCTATGCCGGAGCC-1,0.001335,0.001341,0.001341,0.001341,0.735185,0.258116,0.001341
AATCTGCGTTGGGACG-1,0.000798,0.000801,0.000801,0.000801,0.782,0.213997,0.000802
AATCTGGCTTTCTAGT-1,0.00152,0.174378,0.001527,0.001526,0.488442,0.001526,0.331082
AATGACAGCAATGTCT-1,0.004329,0.004347,0.004358,0.004347,0.341597,0.636674,0.004349
AATGACGTAGGATGTC-1,0.00026,0.000261,0.000261,0.026176,0.78258,0.1902,0.000261
AATGACTGTCAGCCGG-1,0.000264,0.00027,0.67484,0.000265,0.068308,0.104369,0.151685
AATGAGTTCGCATATG-1,0.000191,0.414221,0.039961,0.000192,0.000192,0.083469,0.461774
AATGATGATACGCTAT-1,0.000441,0.36498,0.000634,0.018281,0.302346,0.000443,0.312876
AATGATGCGACTCCTG-1,0.017857,0.017912,0.017906,0.017896,0.017923,0.892561,0.017945
AATGCAACCGGGTACC-1,0.000068,0.046193,0.940139,0.013395,0.000068,0.000068,0.000068
AATGCACCAAGCAATG-1,0.003322,0.281918,0.003339,0.003337,0.296888,0.407859,0.003338
AATGGTCCACCGTTCA-1,0.000087,0.531438,0.035738,0.116433,0.100399,0.01234,0.203565
AATGGTTCTCACAAGC-1,0.000148,0.093214,0.171867,0.045547,0.206184,0.096263,0.386778
AATGTATGGCACTGTA-1,0.000295,0.110947,0.000297,0.000296,0.000296,0.327253,0.560615
AATGTGCCCGAGGTGT-1,0.000978,0.199067,0.000983,0.000983,0.386526,0.223757,0.187706
AATGTGCTAATCTGAG-1,0.000323,0.000325,0.000325,0.000325,0.301067,0.697311,0.000325
AATGTTGTCGTGAGAC-1,0.000264,0.000265,0.000265,0.000264,0.000265,0.430089,0.568589
AATTAACGGATTTCCA-1,0.002506,0.002518,0.498671,0.002518,0.190408,0.300862,0.002517
AATTACGAGACCCATC-1,0.005953,0.00598,0.403395,0.005982,0.00598,0.566731,0.00598
AATTACTCGTACGCTC-1,0.000176,0.000176,0.000176,0.093984,0.054935,0.833191,0.017362
AATTAGCGCTGCAGCG-1,0.000114,0.000115,0.482961,0.046827,0.108912,0.111429,0.249642
AATTCATAAGGGATCT-1,0.000464,0.273975,0.000466,0.210593,0.000466,0.209953,0.304083
AATTCATTGTCATGCA-1,0.002268,0.002278,0.002279,0.002279,0.002279,0.344383,0.644235
AATTCCAAGCATGTAC-1,0.00047,0.000472,0.000472,0.080892,0.200537,0.378373,0.338783
AATTCGATTCGAGGAT-1,0.000354,0.149048,0.000356,0.000356,0.199447,0.260968,0.38947
AATTCTAGAGTTAGGC-1,0.000319,0.00032,0.187346,0.275259,0.302083,0.059201,0.175471
AATTGAACGCTCTGGT-1,0.000298,0.128231,0.000299,0.000299,0.457151,0.253151,0.160571
AATTGCAGCAATCGAC-1,0.0002,0.157405,0.000201,0.090927,0.28065,0.454329,0.016287
AATTGCGTGGATTACA-1,0.00051,0.000512,0.000512,0.000512,0.000512,0.801208,0.196233
AATTGTGGTTGCCAAA-1,0.001786,0.001794,0.001794,0.24557,0.243599,0.503663,0.001794
AATTTGGGACATAGTA-1,0.009524,0.009561,0.009558,0.009569,0.00957,0.596302,0.355916
AATTTGGTTCCAAAGA-1,0.000262,0.077696,0.000263,0.000263,0.008194,0.416166,0.497156
ACAAACCATGCGTCCT-1,0.005714,0.00574,0.005738,0.005736,0.005744,0.965583,0.005743
ACAAAGAAGGTAGGCC-1,0.000468,0.000471,0.000471,0.000471,0.487586,0.510064,0.00047
ACAAAGCATGACCTAG-1,0.000539,0.247377,0.000541,0.000542,0.000541,0.653856,0.096603
ACAAATCGCACCGAAT-1,0.0002,0.586251,0.065937,0.000201,0.058912,0.000201,0.288298
ACAAATGGTAGTGTTT-1,0.000347,0.074407,0.000348,0.000348,0.295152,0.000348,0.629049
ACAAATTCAGATCTGA-1,0.001161,0.306554,0.112965,0.001167,0.402805,0.174182,0.001167
ACAACAGCATGAGCTA-1,0.000481,0.000483,0.000483,0.116404,0.63827,0.243395,0.000483
ACAACGGTCCCTGCGA-1,0.000317,0.362459,0.081221,0.160455,0.139678,0.000319,0.255551
ACAAGCAGTGCCTAGC-1,0.000107,0.000108,0.000108,0.000108,0.360939,0.041136,0.597495
ACAAGGAAATCCGCCC-1,0.000215,0.186287,0.065438,0.000216,0.402414,0.063801,0.281628
ACAAGGACAAGAGGTT-1,0.000285,0.000286,0.071362,0.12234,0.332909,0.134269,0.338548
ACAAGGATGCTTTAGG-1,0.000209,0.176107,0.008696,0.007969,0.005734,0.443128,0.358157
ACAAGGGCAGGCTCTG-1,0.000298,0.00825,0.142835,0.0003,0.59402,0.131084,0.123213
ACAATAGTCGTACGTT-1,0.000598,0.131533,0.0006,0.068375,0.2194,0.578892,0.0006
ACAATGAATACGGAGA-1,0.000204,0.032118,0.044153,0.000205,0.285231,0.31166,0.326429
ACAATGATTCTTCTAC-1,0.001143,0.085947,0.199855,0.001148,0.169168,0.419663,0.123076
ACAATTGTGTCTCTTT-1,0.000598,0.000601,0.000601,0.2645,0.415185,0.317916,0.0006
ACAATTTAGGAGGCTC-1,0.000616,0.000619,0.132875,0.000619,0.377404,0.000619,0.487249
ACAATTTGAGCAGTGG-1,0.000529,0.000531,0.000531,0.000531,0.378608,0.269627,0.349642
ACACAAAGACGGGTGG-1,0.000412,0.000413,0.568341,0.141984,0.000414,0.199398,0.089039
ACACAAATATTCCTAG-1,0.000367,0.000369,0.000369,0.318031,0.000369,0.680127,0.000369
ACACACCAGGACCAGT-1,0.000764,0.000768,0.072124,0.000767,0.173815,0.320318,0.431444
ACACACTTTCTACACG-1,0.000364,0.000366,0.000366,0.000366,0.000366,0.55091,0.447261
ACACATGATCAAATCT-1,0.003861,0.508757,0.003878,0.003878,0.471865,0.003881,0.003881
ACACATTGACGCAACA-1,0.00012,0.252942,0.090705,0.087395,0.00012,0.311221,0.257496
ACACCCAGCATGCAGC-1,0.000045,0.015032,0.978523,0.003807,0.000045,0.000045,0.002503
ACACCCGAGAAATCCG-1,0.000131,0.000412,0.196677,0.165074,0.258642,0.123647,0.255418
ACACCGAGCGCTCTTT-1,0.000293,0.000294,0.000294,0.000294,0.055517,0.649942,0.293367
ACACCGGTCTGACCGC-1,0.000444,0.610735,0.15706,0.000446,0.000446,0.226086,0.004783
ACACCTTAAGTAGGGC-1,0.000112,0.000112,0.39278,0.000112,0.158176,0.006331,0.442377
ACACGAGACTCCTTCT-1,0.00016,0.179098,0.341679,0.00341,0.166796,0.249394,0.059463
ACACGGCACTATGCAT-1,0.000238,0.000239,0.000239,0.156136,0.057821,0.785089,0.000239
ACACGGGAACTTAGGG-1,0.000446,0.000448,0.023645,0.000449,0.624658,0.21398,0.136374
ACACGTAGGCCACAAG-1,0.000343,0.000344,0.000344,0.000344,0.177757,0.729272,0.091597
ACACTCCAATGTCACT-1,0.000202,0.215465,0.000203,0.000203,0.217755,0.292345,0.273827
ACACTGATCAAGGTGT-1,0.000236,0.000237,0.393599,0.093262,0.36411,0.024439,0.124116
ACACTGGGACAGTCGT-1,0.000598,0.0006,0.076271,0.146795,0.000619,0.774516,0.0006
ACAGAACTGAGAACAA-1,0.002381,0.472382,0.194717,0.002394,0.010013,0.002392,0.315721
ACAGATTAGGTTAGTG-1,0.000309,0.176941,0.00031,0.00031,0.00031,0.806045,0.015776
ACAGCATAGAGCCAGT-1,0.000438,0.00044,0.000441,0.13344,0.00044,0.86436,0.00044
ACAGCGACATTCTCAT-1,0.002012,0.002021,0.185302,0.002021,0.395114,0.411508,0.002021
ACAGCGCACCCGCAGC-1,0.000598,0.017049,0.63411,0.0006,0.0006,0.000805,0.346237
ACAGGCACGGATCCTT-1,0.000163,0.000163,0.000163,0.000163,0.000163,0.366799,0.632385
ACAGGCTTGCCCGACT-1,0.000518,0.339508,0.440439,0.00052,0.00052,0.072936,0.14556
ACAGGTGGAGGTGAGG-1,0.000169,0.00017,0.516188,0.00017,0.1527,0.054636,0.275968
ACAGTAATACAACTTG-1,0.001221,0.001226,0.001227,0.307537,0.498608,0.188954,0.001227
ACAGTATACCGTGGGA-1,0.000215,0.086782,0.000216,0.273808,0.280606,0.358156,0.000216
ACATAAGTCGTGGTGA-1,0.001931,0.00194,0.001939,0.00194,0.00194,0.471724,0.518588
ACATAATAAGGCGGTG-1,0.000335,0.061765,0.858606,0.078282,0.000337,0.000337,0.000337
ACATCCCGGCCATACG-1,0.000798,0.000801,0.489623,0.046642,0.223286,0.103712,0.135138
ACATCGTATGCAATGG-1,0.000328,0.111364,0.00033,0.09619,0.256174,0.019173,0.516441
ACATCGTTAACCTAGT-1,0.000389,0.000391,0.000391,0.000391,0.000391,0.483095,0.514952
ACATGGCTCAATTTAG-1,0.000216,0.115322,0.072689,0.090066,0.000217,0.567176,0.154314
ACATTAGTTTATATCC-1,0.000195,0.000196,0.552482,0.078216,0.305483,0.000196,0.063232
ACCAAACACCCAGCGA-1,0.000373,0.000374,0.000374,0.000374,0.224786,0.773344,0.000375
ACCAACACCACACACT-1,0.000147,0.178667,0.000148,0.121088,0.306527,0.393275,0.000148
ACCAACCGCACTCCAC-1,0.000163,0.000164,0.000164,0.178036,0.063789,0.757521,0.000164
ACCAACGCTTATTTAT-1,0.000169,0.04154,0.610411,0.00017,0.169525,0.080302,0.097884
ACCAAGAACGCGTGTC-1,0.00018,0.102566,0.108371,0.135165,0.00018,0.349528,0.30401
ACCAAGTCATCGGCAG-1,0.000768,0.2827,0.000771,0.000771,0.144594,0.569624,0.000771
ACCAATATGCAAGTTA-1,0.005714,0.329322,0.005739,0.005743,0.410466,0.237277,0.005739
ACCACAACTCAGAACA-1,0.000535,0.000537,0.000537,0.000537,0.000537,0.629446,0.367869
ACCACAAGTTTCTATC-1,0.000978,0.000983,0.000982,0.000983,0.300502,0.005171,0.6904
ACCACCCTCTCTTCTA-1,0.001171,0.001176,0.253227,0.049456,0.001176,0.692618,0.001176
ACCACGTGCAGCTATA-1,0.000237,0.306039,0.000238,0.000238,0.54356,0.130205,0.019481
ACCACTGTTCAAGAAG-1,0.000153,0.000154,0.000154,0.000154,0.000154,0.91036,0.08887
ACCAGTGCCCGGTCAA-1,0.000147,0.292656,0.009709,0.133544,0.013641,0.202135,0.348168
ACCAGTGCGGGAGACG-1,0.001414,0.283678,0.001421,0.001421,0.001421,0.00142,0.709226
ACCATCCGCCAACTAG-1,0.001623,0.00163,0.001631,0.001631,0.990222,0.001632,0.001631
ACCATCGTATATGGTA-1,0.000718,0.000721,0.151831,0.313029,0.532259,0.000721,0.000721
ACCATTAAGGGTGTCA-1,0.000191,0.000192,0.000192,0.089344,0.12197,0.787919,0.000192
ACCCAACGCCCGTGGC-1,0.000646,0.000649,0.000649,0.057173,0.302188,0.638045,0.000649
ACCCACCTACATGCTC-1,0.000184,0.183554,0.000813,0.101717,0.079856,0.036098,0.597778
ACCCATTTGTCCCTCT-1,0.00015,0.000151,0.000151,0.502858,0.000159,0.496381,0.000151
ACCCGAGCGAAATTAC-1,0.000473,0.000475,0.000475,0.130292,0.185014,0.621802,0.061469
ACCCGATTGGTTCCGA-1,0.000261,0.000262,0.000262,0.133487,0.002283,0.863184,0.000262
ACCCGGAAACTCCCAG-1,0.000352,0.153826,0.737254,0.107509,0.000353,0.000353,0.000353
ACCCGGAGCACCACAA-1,0.000112,0.066999,0.292921,0.03064,0.000113,0.160392,0.448823
ACCCGGTTACACTTCC-1,0.000812,0.000815,0.001813,0.350357,0.411154,0.000815,0.234233
ACCCGTAGTCTAGTTG-1,0.000194,0.000195,0.000195,0.000194,0.000195,0.51795,0.481078
ACCCGTGTCATCAGTA-1,0.010989,0.011034,0.011039,0.011041,0.60006,0.344808,0.011028
ACCCTATAGGACTGAG-1,0.000256,0.000257,0.000257,0.000257,0.000257,0.80804,0.190675
ACCCTATGCCATATCG-1,0.000218,0.000219,0.72165,0.159229,0.023827,0.000219,0.094639
ACCCTCCCGTCAGGGC-1,0.0002,0.000201,0.000201,0.000201,0.000201,0.668504,0.330491
ACCCTCCCTTGCTATT-1,0.000281,0.315303,0.000283,0.012963,0.555078,0.094863,0.021229
ACCCTGGTAACGCCCT-1,0.00044,0.000441,0.000441,0.000441,0.552495,0.4453,0.000441
ACCCTTCATCTGCGAA-1,0.000262,0.245723,0.013759,0.000263,0.000263,0.276817,0.462913
ACCCTTGCCTGGGTCG-1,0.000407,0.000409,0.000409,0.353776,0.104215,0.540375,0.000409
ACCCTTTAGTTCTCCA-1,0.001623,0.154654,0.00163,0.001631,0.001631,0.545408,0.293422
ACCGAAAGGGCCCTGC-1,0.000412,0.000413,0.000413,0.000413,0.000413,0.847169,0.150765
ACCGAAGAGTCTGGTT-1,0.000934,0.000938,0.051787,0.000938,0.000938,0.237796,0.706669
ACCGACACATCTCCCA-1,0.015873,0.904378,0.015951,0.015937,0.015945,0.015955,0.015961
ACCGACTGAGTCCCAC-1,0.000486,0.000488,0.062704,0.000488,0.508745,0.177183,0.249907
ACCGAGTCTCCTTATT-1,0.000821,0.069974,0.000825,0.133905,0.164777,0.628873,0.000825
ACCGATAGGCATAACC-1,0.000312,0.000313,0.000313,0.387976,0.000313,0.610459,0.000313
ACCGATATTTAATCAT-1,0.005953,0.005981,0.005979,0.299129,0.67099,0.005985,0.005984
ACCGCAATAACTGCCT-1,0.000158,0.349482,0.1492,0.146136,0.303726,0.000159,0.051138
ACCGCGGTGGAAGTCG-1,0.001211,0.0855,0.001216,0.001216,0.001216,0.319709,0.589931
ACCGGGCCTTTGTTGA-1,0.002857,0.002872,0.002871,0.00287,0.595659,0.390001,0.00287
ACCGGTCAGGTACACC-1,0.005291,0.39828,0.005313,0.005316,0.005315,0.575169,0.005315
ACCGTCCACTGGGCCC-1,0.000226,0.050561,0.000227,0.000227,0.246963,0.301542,0.400253
ACCGTGACCACGTGGG-1,0.000603,0.000605,0.819966,0.000606,0.000605,0.040688,0.136926
ACCTAAGTACCTTTCA-1,0.003759,0.003777,0.003776,0.169939,0.811193,0.003778,0.003777
ACCTAATCGACTTCCT-1,0.000904,0.059728,0.000908,0.37935,0.142896,0.071437,0.344777
ACCTACTATAAATCTA-1,0.00027,0.000271,0.000271,0.132236,0.110654,0.756028,0.000271
ACCTCCGCCCTCGCTG-1,0.008404,0.008433,0.008441,0.30881,0.008445,0.64903,0.008438
ACCTCGAACTTATGCT-1,0.001221,0.220283,0.001226,0.001226,0.001226,0.417242,0.357576
ACCTGCGTGTCATGTT-1,0.002597,0.002609,0.180265,0.002609,0.002609,0.806702,0.002608
ACGAAATGGGCGGCAC-1,0.000768,0.1244,0.000771,0.000772,0.434576,0.000772,0.437941
ACGACCCATGAGTTGC-1,0.00012,0.23194,0.079569,0.311589,0.000121,0.018496,0.358165
ACGACTGGTCATACTC-1,0.000286,0.065166,0.000287,0.380208,0.18915,0.364616,0.000287
ACGAGAACCCATCACG-1,0.000223,0.000224,0.000224,0.000224,0.000224,0.740608,0.258274
ACGAGATATTTGCTTA-1,0.002646,0.253799,0.002658,0.002659,0.002657,0.002659,0.732923
ACGAGGATACCACTCT-1,0.007519,0.007559,0.007554,0.406542,0.555716,0.007558,0.007553
ACGAGGTTTACAACGT-1,0.002342,0.002353,0.15591,0.002352,0.415663,0.002352,0.419027
ACGAGTACGGATGCCC-1,0.012987,0.013059,0.013078,0.013072,0.013043,0.921706,0.013055
ACGATACATAGAACTA-1,0.00207,0.00208,0.215515,0.002078,0.774095,0.00208,0.002081
ACGATCATACATAGAG-1,0.002381,0.002391,0.675845,0.002391,0.100218,0.214381,0.002392
ACGATGGATCCGATGC-1,0.000306,0.000307,0.000307,0.000307,0.000307,0.73018,0.268286
ACGCAAACTAATAGAT-1,0.005495,0.966904,0.005519,0.005524,0.005519,0.005521,0.005519
ACGCAATCACTACAGC-1,0.000367,0.000369,0.000369,0.000369,0.294534,0.420365,0.283628
ACGCATACGTTTACTA-1,0.000452,0.0897,0.259182,0.305102,0.086885,0.258225,0.000454
ACGCATTCGTGAGTAC-1,0.000483,0.363456,0.04495,0.000485,0.330738,0.032635,0.227253
ACGCCAGATGATTTCT-1,0.000527,0.00053,0.148712,0.00053,0.433546,0.266074,0.150082
ACGCCGCTAGACGACC-1,0.000298,0.000299,0.061718,0.120042,0.601953,0.000299,0.215392
ACGCGAAGTCAGACGA-1,0.000216,0.000217,0.299866,0.000217,0.429873,0.000217,0.269392
ACGCGTTTCTTAAGAG-1,0.000106,0.181229,0.000106,0.000106,0.021871,0.13754,0.659042
ACGCTAGTGATACACT-1,0.009524,0.009571,0.009566,0.482502,0.009563,0.469707,0.009568
ACGGAATTTAGCAAAT-1,0.000278,0.000279,0.000279,0.000279,0.000279,0.524322,0.474283
ACGGACTCTCAAAGCG-1,0.003401,0.627873,0.003418,0.003418,0.355053,0.003418,0.003418
ACGGAGCGCAAATTAC-1,0.000211,0.256174,0.000217,0.09992,0.085641,0.138136,0.419701
ACGGATGGTGCGGATA-1,0.002976,0.48945,0.002991,0.002992,0.002992,0.002991,0.495609
ACGGCACTTGCTTGGG-1,0.000118,0.00511,0.679813,0.001053,0.141702,0.014679,0.157524
ACGGCCAACATGGACT-1,0.000095,0.000095,0.640182,0.00109,0.142898,0.042144,0.173496
ACGGCGACGATGGGAA-1,0.000114,0.482695,0.096626,0.002836,0.39571,0.000115,0.021905
ACGGCGGGTTGCCCTG-1,0.008403,0.008441,0.008437,0.949384,0.008451,0.008444,0.008439
ACGGCTGGATGTAGAA-1,0.005952,0.365674,0.005981,0.005979,0.005981,0.604452,0.005981
ACGGGAGTGTCGGCCC-1,0.003175,0.278735,0.003188,0.00319,0.00319,0.471098,0.237423
ACGGGCGTATGCGACA-1,0.001681,0.001688,0.162342,0.001689,0.309624,0.52129,0.001688
ACGGGTCATGTGACTT-1,0.000235,0.000236,0.000236,0.000236,0.059344,0.493458,0.446257
ACGTACAGATTTCTCT-1,0.000334,0.000335,0.000335,0.093053,0.103684,0.801923,0.000335
ACGTACTTTGGCACGG-1,0.000624,0.000627,0.000626,0.337584,0.000627,0.659286,0.000627
ACGTAGGAGAGTCGCT-1,0.000416,0.000418,0.000418,0.000418,0.000418,0.93508,0.062832
ACGTCGGGCAACTCGG-1,0.00056,0.116406,0.000563,0.000563,0.000563,0.589246,0.2921
ACGTCTCGTTCCGGGA-1,0.001701,0.001708,0.001707,0.081888,0.646094,0.265195,0.001708
ACGTGACAAAGTAAGT-1,0.001808,0.55332,0.001816,0.001816,0.001816,0.137156,0.302268
ACGTGCGCCTCGTGCA-1,0.010204,0.393342,0.010245,0.010242,0.010257,0.010254,0.555455
ACGTTATTGGTCACTC-1,0.000164,0.229554,0.011254,0.336706,0.000165,0.093687,0.328471
ACGTTCCGCGCTCCGT-1,0.00047,0.000472,0.000472,0.000472,0.088093,0.638114,0.271906
ACGTTCGTTCAGGAAA-1,0.006211,0.006241,0.962601,0.006235,0.006239,0.006234,0.006239
ACGTTCTGTACAAGTC-1,0.000259,0.051609,0.00026,0.132188,0.025167,0.790256,0.00026
ACGTTTAGTTGTGATC-1,0.000177,0.286991,0.196181,0.046405,0.000178,0.427433,0.042634
ACTAAGGACGCACACC-1,0.000243,0.000244,0.000244,0.263715,0.184902,0.550406,0.000244
ACTAATACGTCAGGCG-1,0.000076,0.413715,0.095975,0.102843,0.120501,0.235829,0.031062
ACTACAAAGAGAGGTG-1,0.000374,0.056915,0.000376,0.000376,0.339617,0.601967,0.000376
ACTACATCCCGACAAG-1,0.003484,0.0035,0.003499,0.107393,0.396296,0.396629,0.089199
ACTACCAGCTCTCTGG-1,0.000057,0.017905,0.795809,0.000057,0.016722,0.000668,0.168782
ACTACGCGTTAGAATT-1,0.002747,0.002761,0.002761,0.300995,0.002763,0.685213,0.00276
ACTAGTTGCGATCGTC-1,0.003175,0.003188,0.00319,0.394089,0.035772,0.003189,0.557398
ACTATATGCTGTGTTC-1,0.000583,0.000586,0.000585,0.000585,0.000585,0.381953,0.615122
ACTATCGCCGGCTAAA-1,0.000121,0.000122,0.000122,0.000122,0.000123,0.758068,0.241322
ACTATCTGCCCGCGTA-1,0.010204,0.010239,0.010233,0.010238,0.010249,0.938578,0.010259
ACTATGTCCAGCTGCC-1,0.006211,0.00624,0.006235,0.462519,0.006242,0.006242,0.506312
ACTATTCGTCCGTGGT-1,0.000159,0.040903,0.424827,0.120192,0.00016,0.135837,0.277923
ACTATTTCCGGGCCCA-1,0.004082,0.004099,0.247877,0.49085,0.0041,0.244891,0.004101
ACTCAACGAATGTATT-1,0.005102,0.141199,0.408696,0.005124,0.005126,0.429628,0.005125
ACTCAAGTGCAAGGCT-1,0.00044,0.005189,0.000442,0.000442,0.061849,0.172573,0.759066
ACTCAATAAAGGCACG-1,0.000357,0.000359,0.14018,0.125626,0.250759,0.122913,0.359806
ACTCAGACCTGCTTCT-1,0.000344,0.000346,0.000346,0.000346,0.000346,0.743488,0.254784
ACTCATGGCAGCCTTC-1,0.000319,0.00032,0.00032,0.00032,0.00032,0.731165,0.267236
ACTCCAATATCATCAT-1,0.000704,0.243604,0.000707,0.385261,0.090669,0.262113,0.016942
ACTCCCATTCCTAAAG-1,0.001742,0.001749,0.001749,0.493549,0.215514,0.283948,0.001749
ACTCCCGTAGACTAGG-1,0.000516,0.000518,0.000518,0.102015,0.290328,0.560265,0.045839
ACTCCCTAATGCTAAA-1,0.001984,0.001993,0.001994,0.001993,0.801014,0.189028,0.001993
ACTCCCTAGAATAGTA-1,0.000338,0.000339,0.185938,0.000339,0.097592,0.047348,0.668106
ACTCCGGCCGACCACT-1,0.000277,0.085395,0.043244,0.000279,0.000279,0.870248,0.000279
ACTCGATGTATTTCAT-1,0.000229,0.248194,0.00023,0.135226,0.074082,0.506929,0.03511
ACTCGCCGTTCGATAA-1,0.000232,0.20261,0.000233,0.005808,0.01032,0.705822,0.074976
ACTCGTAACCCGTCCT-1,0.010204,0.01025,0.010253,0.010248,0.938536,0.01026,0.010248
ACTCTAAACCTGGGAT-1,0.000092,0.076035,0.000092,0.000092,0.096571,0.358083,0.469036
ACTCTCTTATACACGA-1,0.000697,0.0007,0.109256,0.0007,0.0007,0.681114,0.206833
ACTCTGACCTAATAGA-1,0.000123,0.440641,0.000124,0.000124,0.000124,0.375612,0.183253
ACTGAAACGCCGTTAG-1,0.000288,0.000289,0.000289,0.000289,0.138729,0.280867,0.579249
ACTGAATGGCGAAAGT-1,0.000218,0.288551,0.000219,0.157183,0.352033,0.167434,0.034362
ACTGCCCGCCATTCTC-1,0.000539,0.000541,0.000541,0.195303,0.000542,0.801992,0.000541
ACTGCCGTCGTAACTC-1,0.000139,0.018047,0.404296,0.024687,0.007444,0.093372,0.452014
ACTGCTCGGAAGGATG-1,0.000736,0.831488,0.00074,0.030121,0.00074,0.00074,0.135435
ACTGGCGAACCTGCGT-1,0.000415,0.000417,0.000417,0.000417,0.073339,0.924577,0.000417
ACTGTACGATACACAT-1,0.000263,0.000264,0.000264,0.553162,0.064734,0.381048,0.000264
ACTGTAGCACTTTGGA-1,0.000336,0.000338,0.204762,0.024842,0.187512,0.05033,0.531881
ACTGTATACGCGAGCA-1,0.000289,0.00029,0.00029,0.00029,0.00029,0.406317,0.592236
ACTGTCCAGGATTATA-1,0.00047,0.035235,0.019636,0.000472,0.631919,0.082147,0.23012
ACTGTCTTCTTTAGAA-1,0.00014,0.401442,0.339885,0.154351,0.048443,0.000141,0.055597
ACTGTGCTAGTAGATC-1,0.000168,0.30105,0.033875,0.090109,0.000169,0.431071,0.143558
ACTTACCGGGCGCGCA-1,0.003861,0.003879,0.480686,0.003879,0.003878,0.499939,0.003878
ACTTACGCATCCACGC-1,0.006211,0.006239,0.006239,0.813072,0.006244,0.155757,0.006239
ACTTAGTACGACAAGA-1,0.000195,0.320956,0.019148,0.000196,0.000196,0.300742,0.358567
ACTTATTTATGTGCCA-1,0.00157,0.349519,0.001577,0.001577,0.472822,0.171358,0.001577
ACTTCAGGCTGATCCC-1,0.000464,0.000466,0.121431,0.000466,0.671768,0.000466,0.20494
ACTTCCAGTGGAAGCT-1,0.000444,0.038123,0.112226,0.157237,0.381359,0.108808,0.201804
ACTTCCATGCGGGACA-1,0.000159,0.419538,0.004357,0.186644,0.098504,0.182839,0.107957
ACTTCGCCATACGCAC-1,0.000283,0.041481,0.048143,0.108429,0.286452,0.004048,0.511165
ACTTGGGACCCGGTGG-1,0.000366,0.000368,0.11412,0.000368,0.504185,0.171238,0.209354
ACTTGTAGTCCCTTCA-1,0.004464,0.004481,0.004484,0.277856,0.699742,0.004487,0.004486
ACTTGTGGATGGAACG-1,0.004762,0.004786,0.004782,0.004785,0.644169,0.331934,0.004783
ACTTTCCTATAGCTTC-1,0.001028,0.126101,0.295878,0.001033,0.573894,0.001033,0.001034
ACTTTGGTCGTGCTCC-1,0.010989,0.011037,0.011036,0.011041,0.542927,0.401925,0.011044
ACTTTGTCGACGCACT-1,0.001504,0.001511,0.001511,0.263793,0.00151,0.001511,0.728661
AGAAATTATGACTCGC-1,0.005952,0.005983,0.005978,0.393234,0.19577,0.387101,0.005981
AGAACCCTCAATTGGG-1,0.001764,0.229975,0.001772,0.178928,0.145182,0.001772,0.440607
AGAACGTGGTACATTC-1,0.000382,0.000383,0.000384,0.593975,0.047731,0.356761,0.000383
AGAAGGTACACTTCAC-1,0.000992,0.945333,0.04969,0.000997,0.000996,0.000996,0.000996
AGAAGGTTGCCGAATT-1,0.000876,0.000881,0.191926,0.156775,0.169156,0.19001,0.290375
AGAAGGTTGTAGGTCG-1,0.000387,0.000389,0.000389,0.000389,0.05402,0.519088,0.425339
AGAAGTGATTCGTGAT-1,0.004464,0.004485,0.004487,0.004487,0.456684,0.52091,0.004482
AGAATGCGGGTTCGGA-1,0.000411,0.011394,0.000412,0.000412,0.000412,0.113022,0.873936
AGAATTGTTTGACATA-1,0.000224,0.000225,0.138313,0.032803,0.203849,0.53124,0.093345
AGACAGCTCAGAATCC-1,0.000127,0.116051,0.157943,0.118792,0.10643,0.169007,0.33165
AGACAGGCATCTCAGC-1,0.014286,0.014358,0.014365,0.014358,0.014364,0.014345,0.913923
AGACATAGATCCTTCC-1,0.000722,0.273353,0.000725,0.000725,0.029758,0.679743,0.014976
AGACCAAACCACACCT-1,0.000649,0.17636,0.000652,0.691857,0.000652,0.129177,0.000652
AGACCATGGGATACAA-1,0.00019,0.000191,0.000191,0.003067,0.445162,0.504961,0.046237
AGACCCACCGCTGATC-1,0.000392,0.084674,0.069679,0.000394,0.369487,0.000394,0.474979
AGACCCGCCCTCCTCG-1,0.000085,0.001738,0.719659,0.012723,0.139007,0.000085,0.126703
AGACCGCTCCGCGGTT-1,0.005714,0.00574,0.281459,0.005739,0.107946,0.58766,0.005743
AGACGAAGTGCCGGTC-1,0.000693,0.198648,0.000697,0.000696,0.557555,0.241014,0.000697
AGACGACGATGCCGCT-1,0.000362,0.005767,0.632358,0.000363,0.093848,0.071018,0.196284
AGACGCCCACTTCGCC-1,0.000281,0.183675,0.25523,0.000282,0.226028,0.167859,0.166643
AGACGGGCCGATTTAA-1,0.000091,0.263684,0.037057,0.000364,0.047665,0.143086,0.508053
AGACTAGCCTTCCAGA-1,0.000207,0.370217,0.462819,0.000208,0.166001,0.000208,0.000338
AGACTGTTACCGGGTC-1,0.008403,0.008438,0.008445,0.008441,0.008432,0.949401,0.00844
AGAGAAACACCAGAAA-1,0.000238,0.22592,0.000239,0.000239,0.143306,0.629819,0.000239
AGAGAACCGTCTAGGA-1,0.000397,0.111087,0.005157,0.197123,0.225511,0.245034,0.215691
AGAGAAGGAGTACAAT-1,0.000866,0.170206,0.147736,0.00087,0.593613,0.00087,0.08584
AGAGCAGTTATGAGAC-1,0.000141,0.291487,0.009124,0.020446,0.27431,0.000142,0.404349
AGAGCCGCCGAGATTT-1,0.000554,0.000556,0.000556,0.000556,0.37696,0.612466,0.008352
AGAGCGCTTGTAACGG-1,0.000426,0.000428,0.000428,0.273688,0.082479,0.642122,0.000428
AGAGCGGGCTAATCAT-1,0.000131,0.321333,0.089932,0.116261,0.000132,0.122382,0.349828
AGAGCGTACAAGCTCG-1,0.000325,0.000327,0.000327,0.232465,0.203053,0.074016,0.489487
AGAGCTACGAAAGCAT-1,0.000209,0.00021,0.00021,0.00021,0.00021,0.742137,0.256813
AGAGGCTTCGGAAACC-1,0.001181,0.54527,0.001186,0.001186,0.448806,0.001186,0.001186
AGAGTAAACTTCACTA-1,0.002916,0.002929,0.411236,0.002928,0.574131,0.00293,0.00293
AGAGTTGCAGGCCTCC-1,0.000329,0.000331,0.00033,0.315157,0.000331,0.683192,0.00033
AGATAACTTCAGGGCC-1,0.000212,0.000213,0.000213,0.035339,0.402834,0.042069,0.51912
AGATACCAATAGAACC-1,0.00028,0.306177,0.000281,0.059473,0.049049,0.196626,0.388113
AGATACCAGCACTTCA-1,0.000201,0.077609,0.00706,0.122975,0.188678,0.603266,0.000211
AGATACGACTTCATAT-1,0.000166,0.438146,0.034976,0.000167,0.000167,0.062444,0.463935
AGATACTCAAGATCGA-1,0.000198,0.381101,0.005251,0.000199,0.401738,0.180338,0.031174
AGATATAATACGACTA-1,0.000292,0.000293,0.000293,0.000293,0.106361,0.495347,0.397122
AGATCGTGCATAAGAT-1,0.006211,0.006235,0.006234,0.006233,0.006235,0.006239,0.962612
AGATCTCAGGTGTGAT-1,0.000521,0.000524,0.225707,0.000524,0.289804,0.482397,0.000524
AGATGACTCGCCCACG-1,0.000131,0.000131,0.759741,0.00468,0.106529,0.000254,0.128534
AGATGAGGGTTGCGAT-1,0.000845,0.000849,0.000849,0.000849,0.000849,0.025631,0.970127
AGATGCAAGACGTGCA-1,0.000444,0.019743,0.040233,0.000446,0.177247,0.308033,0.453855
AGATGCATCCTGTGTC-1,0.002976,0.002992,0.00299,0.002992,0.513101,0.104906,0.370043
AGATGCTATAACGAGC-1,0.00008,0.100582,0.00008,0.085847,0.003594,0.709888,0.099929
AGATTCACAACCGATA-1,0.000624,0.130505,0.000626,0.190995,0.000627,0.133372,0.543251
AGCAAAGGCCGCTAGT-1,0.003968,0.003988,0.003986,0.669227,0.003986,0.310858,0.003986
AGCAACCGAAAGTAAT-1,0.000185,0.114631,0.000186,0.225594,0.283081,0.376137,0.000186
AGCACACGTTTAGACT-1,0.000285,0.052511,0.000286,0.021425,0.24813,0.677077,0.000286
AGCACCAGTACTCACG-1,0.000882,0.000886,0.206063,0.000886,0.358629,0.000886,0.431768
AGCACTACCTCACCAG-1,0.000317,0.696135,0.000319,0.102094,0.200497,0.000319,0.000319
AGCACTTAAGGACGCC-1,0.000176,0.098711,0.022902,0.000177,0.335439,0.048039,0.494555
AGCAGAAGGAGAAAGA-1,0.000245,0.000247,0.000247,0.000247,0.229134,0.767762,0.002119
AGCAGCCAGATGAATA-1,0.000211,0.000212,0.632363,0.003519,0.21218,0.000212,0.151304
AGCATATCAATATGCT-1,0.001348,0.001354,0.001354,0.001354,0.358613,0.149621,0.486356
AGCATCATTTCGAAAG-1,0.007519,0.549816,0.007548,0.007549,0.412462,0.007551,0.007556
