Barcode,Topic 1,Topic 2,Topic 3to6,Topic 7to8
AAACAAGTATCTCCCA-1,0.000655,0.000654,0.378559,0.620131
AAACAATCTACTAGCA-1,0.000566,0.000566,0.511815,0.487053
AAACACCAATAACTGC-1,0.000191,0.000191,0.545361,0.454256
AAACAGAGCGACTCCT-1,0.000064,0.000064,0.693927,0.305946
AAACAGCTTTCAGAAG-1,0.000028,0.000028,0.866324,0.13362
AAACAGGGTCTATATT-1,0.000053,0.000053,0.957377,0.042517
AAACAGTGTTCCTGGG-1,0.000188,0.000188,0.264139,0.735485
AAACATTTCCCGGATT-1,0.000241,0.000241,0.433909,0.565608
AAACCCGAACGAAATC-1,0.000556,0.000556,0.416349,0.582539
AAACCGGAAATGTTAA-1,0.000029,0.000029,0.000116,0.999826
AAACCGGGTAGGTACC-1,0.000057,0.000057,0.726685,0.2732
AAACCGTTCGTCCAGG-1,0.00027,0.00027,0.652287,0.347173
AAACCTAAGCAGCCGG-1,0.000373,0.000373,0.239937,0.759316
AAACCTCATGAAGTTG-1,0.000027,0.000027,0.798946,0.200999
AAACGAAGAACATACC-1,0.00025,0.00025,0.001,0.998501
AAACGAAGATGGAGTA-1,0.00053,0.00053,0.725344,0.273595
AAACGAGACGGTTGAT-1,0.000369,0.000369,0.998523,0.000739
AAACGGGCGTACGGGT-1,0.000416,0.000415,0.001664,0.997504
AAACGGTTGCGAACTG-1,0.000102,0.000102,0.833439,0.166357
AAACGTGTTCGCCCTA-1,0.000148,0.000148,0.280998,0.718706
AAACTAACGTGGCGAC-1,0.00029,0.00029,0.737507,0.261913
AAACTCGGTTCGCAAT-1,0.000629,0.000628,0.054307,0.944436
AAACTCGTGATATAAG-1,0.001291,0.001289,0.005166,0.992255
AAACTGCTGGCTCCAA-1,0.000695,0.000695,0.369999,0.628611
AAACTTAATTGCACGC-1,0.000118,0.000118,0.777508,0.222255
AAACTTGCAAACGTAT-1,0.000021,0.000021,0.96214,0.037817
AAAGAATGTGGACTAA-1,0.00117,0.001168,0.004682,0.99298
AAAGACCCAAGTCGCG-1,0.000152,0.000152,0.151528,0.848167
AAAGACTGGGCGCTTT-1,0.000202,0.000202,0.595099,0.404496
AAAGCTTGCCTACATA-1,0.000216,0.000216,0.000865,0.998703
AAAGGCCCTATAATAC-1,0.000245,0.000245,0.500106,0.499404
AAAGGCTACGGACCAT-1,0.000201,0.000201,0.338391,0.661207
AAAGGCTCTCGCGCCG-1,0.001215,0.001214,0.004862,0.992709
AAAGGGATGTAGCAAG-1,0.000372,0.000372,0.334522,0.664734
AAAGGGCAGCTTGAAT-1,0.000098,0.000098,0.633516,0.366287
AAAGGTAAGCTGTACC-1,0.000097,0.000097,0.620434,0.379371
AAAGTAGCATTGCTCA-1,0.000246,0.000246,0.742574,0.256934
AAAGTCACTGATGTAA-1,0.000189,0.000189,0.181982,0.817641
AAAGTCGACCCTCAGT-1,0.000017,0.000017,0.995864,0.004101
AAAGTGCCATCAATTA-1,0.000308,0.000308,0.180466,0.818918
AAAGTGTGATTTATCT-1,0.000602,0.000601,0.211247,0.78755
AAAGTTGACTCCCGTA-1,0.000894,0.000893,0.211872,0.786341
AAATAACCATACGGGA-1,0.000372,0.000372,0.083715,0.91554
AAATAAGGTAGTGCCC-1,0.000269,0.000268,0.108908,0.890555
AAATACCTATAAGCAT-1,0.000768,0.000767,0.177559,0.820906
AAATAGCTTAGACTTT-1,0.000524,0.000523,0.24011,0.758843
AAATAGGGTGCTATTG-1,0.000895,0.000894,0.003578,0.994633
AAATCCGATACACGCC-1,0.00053,0.00053,0.235324,0.763617
AAATCGCGGAAGGAGT-1,0.000243,0.000243,0.567859,0.431656
AAATCGTGTACCACAA-1,0.000272,0.000272,0.496917,0.502539
AAATCTAGCCCTGCTA-1,0.000175,0.000175,0.016855,0.982796
AAATGACTGATCAAAC-1,0.000517,0.000517,0.12736,0.871607
AAATGATTCGATCAGC-1,0.000971,0.000969,0.003883,0.994177
AAATGCTCGTTACGTT-1,0.000128,0.000128,0.844546,0.155197
AAATGGCATGTCTTGT-1,0.000103,0.000102,0.862648,0.137147
AAATGGCCCGTGCCCT-1,0.000158,0.000158,0.562593,0.437091
AAATGGTCAATGTGCC-1,0.000193,0.000193,0.520871,0.478743
AAATGTATCTTATCCC-1,0.000159,0.000159,0.697307,0.302375
AAATTAACGGGTAGCT-1,0.000337,0.000337,0.379995,0.619331
AAATTAATAAGCGCGA-1,0.000148,0.000148,0.6159,0.383804
AAATTACACGACTCTG-1,0.001137,0.001136,0.004552,0.993175
AAATTACCTATCGATG-1,0.000129,0.000129,0.707131,0.292611
AAATTCCAGGTCCAAA-1,0.000229,0.000229,0.122539,0.877003
AAATTGATAGTCCTTT-1,0.000095,0.000095,0.999621,0.00019
AAATTGGTGAGAAGCA-1,0.000115,0.000115,0.177308,0.822462
AAATTTACCGAAATCC-1,0.000286,0.000286,0.367385,0.632044
AAATTTGCGGGTGTGG-1,0.000112,0.000112,0.474695,0.525081
AACAACTGGTAGTTGC-1,0.001318,0.001316,0.196541,0.800824
AACAATACATTGTCGA-1,0.000121,0.000121,0.633529,0.36623
AACAATTACTCTACGC-1,0.000042,0.000042,0.916613,0.083302
AACACACGCTCGCCGC-1,0.001043,0.001042,0.004174,0.993741
AACACGACTGTACTGA-1,0.000652,0.000651,0.135515,0.863182
AACACGAGACGCGGCC-1,0.000027,0.000027,0.869713,0.130234
AACACGCGGCCGCGAA-1,0.000455,0.000455,0.364184,0.634906
AACAGCTGTGTGGCAA-1,0.000406,0.000406,0.413208,0.58598
AACAGGAAATCGAATA-1,0.000616,0.000616,0.046814,0.951954
AACAGGATGGGCCGCG-1,0.000126,0.000126,0.694837,0.304912
AACAGGTAGTATGGAT-1,0.001043,0.001042,0.170923,0.826993
AACATAGCGTGTATCG-1,0.00106,0.00106,0.004245,0.993635
AACATATCAACTGGTG-1,0.000491,0.00049,0.192585,0.806434
AACATCGATACGTCTA-1,0.000413,0.000413,0.083388,0.915787
AACATTGAAGTTGATC-1,0.000392,0.000392,0.350319,0.648897
AACATTGTGACTCGAG-1,0.000168,0.000168,0.713095,0.28657
AACCAAGACTTCTCTG-1,0.000055,0.000055,0.784307,0.215582
AACCAGTATCACTCTT-1,0.000211,0.000211,0.269967,0.72961
AACCATAGGGTTGAAC-1,0.000162,0.000162,0.402584,0.597092
AACCATGGGATCGCTA-1,0.000139,0.000139,0.582716,0.417006
AACCCAGAGACGGAGA-1,0.000156,0.000156,0.617973,0.381716
AACCCATCCCATGATC-1,0.00016,0.000159,0.17396,0.82572
AACCCGACAACCCGTG-1,0.000206,0.000206,0.694754,0.304834
AACCCGAGCAGAATCG-1,0.000271,0.000271,0.001087,0.998371
AACCCGCTGTATTCCA-1,0.000391,0.000391,0.001565,0.997653
AACCCTACTGTCAATA-1,0.00118,0.001179,0.101486,0.896155
AACCCTGGTGGAACCA-1,0.000336,0.000335,0.001343,0.997987
AACCGAGCTTGGTCAT-1,0.000171,0.000171,0.470005,0.529653
AACCGCTAAGGGATGC-1,0.000632,0.000631,0.172266,0.826471
AACCGTTGTGTTTGCT-1,0.000167,0.000167,0.146958,0.852708
AACCTCGCTTTAGCCC-1,0.002317,0.002315,0.009274,0.986094
AACCTGTCACGGAATT-1,0.000707,0.000706,0.276378,0.722209
AACCTTTAAATACGGT-1,0.002608,0.002605,0.010435,0.984353
AACCTTTACGACGTCT-1,0.000208,0.000207,0.648657,0.350928
AACGAAAGTCGTCCCA-1,0.000069,0.000069,0.999723,0.000139
AACGACCTCCTAGCCG-1,0.000802,0.000801,0.493551,0.504845
AACGATAATGCCGTAG-1,0.000792,0.000791,0.003171,0.995246
AACGATAGAAGGGCCG-1,0.000192,0.000191,0.093033,0.906583
AACGATATGTCAACTG-1,0.000249,0.000249,0.614534,0.384968
AACGCATGATCTGGGT-1,0.000305,0.000305,0.43515,0.56424
AACGCGAACGGCAACA-1,0.000391,0.000391,0.557388,0.44183
AACGCGACCTTGGGCG-1,0.000127,0.000127,0.516591,0.483155
AACGCGGTCTCCAGCC-1,0.00019,0.00019,0.462242,0.537379
AACGCTGTTGCTGAAA-1,0.001088,0.001087,0.004356,0.993469
AACGGACGTACGTATA-1,0.000648,0.000648,0.002595,0.996109
AACGGCCATCTCCGGT-1,0.00008,0.00008,0.833734,0.166106
AACGTACTGTGGGTAC-1,0.00061,0.00061,0.439745,0.559035
AACGTCAGACTAGTGG-1,0.000122,0.000122,0.759261,0.240496
AACGTCATCCGGCTTG-1,0.000823,0.000823,0.140596,0.857758
AACGTCGCTGCACTTC-1,0.002611,0.002605,0.010438,0.984346
AACGTGATGAAGGACA-1,0.001264,0.001263,0.005059,0.992414
AACGTGCGAAAGTCTC-1,0.001691,0.001689,0.61301,0.38361
AACGTTATCAGCACCT-1,0.000098,0.000098,0.983004,0.0168
AACTACCCGTTTGTCA-1,0.001762,0.001761,0.317455,0.679023
AACTAGCGTATCGCAC-1,0.000185,0.000185,0.475028,0.524602
AACTAGGCTTGGGTGT-1,0.000808,0.000807,0.003231,0.995154
AACTCAAGTTAATTGC-1,0.000252,0.000252,0.405395,0.594102
AACTCCAGAGCGTGTT-1,0.001359,0.00136,0.005444,0.991837
AACTCCTAATCCCATG-1,0.000684,0.000683,0.199668,0.798965
AACTCGATGGCGCAGT-1,0.000141,0.000141,0.390764,0.608954
AACTCTCAATAGAGCG-1,0.000715,0.000715,0.002863,0.995708
AACTCTCAGTGTGCTC-1,0.00015,0.00015,0.730836,0.268863
AACTGAGGTCAGCGTC-1,0.000265,0.000265,0.258595,0.740875
AACTGAGTTATACTGA-1,0.000132,0.000131,0.876451,0.123286
AACTGATATTAGGCCT-1,0.000201,0.000201,0.27302,0.726578
AACTGGGTCCCGACGT-1,0.000303,0.000303,0.180112,0.819282
AACTGGGTTCGAGCCG-1,0.000613,0.000613,0.298258,0.700516
AACTGGTGTGGGCCTT-1,0.000173,0.000173,0.371827,0.627828
AACTTCTGCGTCTATC-1,0.000273,0.000272,0.613809,0.385646
AACTTGCCCGTATGCA-1,0.000059,0.000059,0.695629,0.304253
AACTTGCGTTCTCGCG-1,0.000122,0.000122,0.71689,0.282867
AACTTTACGGGAGCTT-1,0.000197,0.000197,0.604142,0.395465
AACTTTAGCTGCTGAG-1,0.000179,0.000179,0.448981,0.55066
AACTTTCTCGATCATG-1,0.000049,0.000049,0.000195,0.999708
AAGAAATCACCAGATT-1,0.000023,0.000023,0.025443,0.974511
AAGAAGGATCAGTTAG-1,0.000108,0.000108,0.732871,0.266912
AAGACATACGTGGTTT-1,0.001169,0.001168,0.132199,0.865464
AAGACCCAACTGAACA-1,0.000164,0.000164,0.547982,0.451691
AAGACTGCAAGCTACT-1,0.000479,0.000479,0.460492,0.538549
AAGAGATGAATCGGTA-1,0.000113,0.000113,0.421478,0.578296
AAGAGCTCTTTATCGG-1,0.001439,0.001437,0.795611,0.201513
AAGAGGATGTACGCGA-1,0.000066,0.000066,0.876416,0.123453
AAGAGGCATGGATCGC-1,0.001422,0.001421,0.005694,0.991463
AAGAGGCCCTTTGGAA-1,0.000181,0.000181,0.000726,0.998911
AAGATGGCACCGGACC-1,0.00021,0.00021,0.58982,0.40976
AAGATTGGCGGAACGT-1,0.000582,0.000582,0.133799,0.865038
AAGCACCCTGCGTATC-1,0.002554,0.002551,0.010221,0.984673
AAGCATACTCTCCTGA-1,0.000875,0.000874,0.19207,0.806181
AAGCCACTTGCAGGTA-1,0.000599,0.000598,0.152546,0.846257
AAGCCGAAGCGGTTTA-1,0.00232,0.002315,0.185252,0.810113
AAGCCGCCGTGAAATC-1,0.000152,0.000152,0.398063,0.601633
AAGCCGCTTTACCTTG-1,0.000032,0.000032,0.221599,0.778338
AAGCCGGAGAGCAGGA-1,0.00092,0.000919,0.003683,0.994477
AAGCGCAGGGCTTTGA-1,0.000688,0.000687,0.002752,0.995874
AAGCGGAGTGCGCGCA-1,0.000517,0.000517,0.00207,0.996897
AAGCGGCGTCATGGGT-1,0.000368,0.000368,0.457689,0.541576
AAGCGTCCCTCATCGA-1,0.00032,0.00032,0.543845,0.455516
AAGCTAGATCGAGTAA-1,0.001069,0.001069,0.291872,0.70599
AAGCTCGTGCCAAGTC-1,0.001317,0.001316,0.005273,0.992094
AAGCTCTTTCATGGTG-1,0.001331,0.00133,0.00533,0.99201
AAGGAGAACTTATAAG-1,0.000285,0.000285,0.542235,0.457196
AAGGAGCGGTTGGTGC-1,0.000187,0.000187,0.662216,0.33741
AAGGATCGATCGCTTG-1,0.000167,0.000167,0.586957,0.412708
AAGGATGAGGGACCTC-1,0.000288,0.000287,0.527734,0.471691
AAGGCAGGCTGTCTCC-1,0.00108,0.001078,0.276857,0.720986
AAGGCGCGTAAAGCTT-1,0.000115,0.000115,0.502558,0.497212
AAGGCTGTGCTCATCG-1,0.000235,0.000235,0.511643,0.487887
AAGGGAACGACTGGCT-1,0.000157,0.000157,0.534698,0.464988
AAGGGACAGATTCTGT-1,0.000184,0.000184,0.518011,0.481621
AAGGGACTATGCATTC-1,0.000732,0.000731,0.574366,0.424171
AAGGTATCCTAATATA-1,0.000635,0.000635,0.570009,0.428722
AAGGTGATAAACCAGC-1,0.000424,0.000424,0.356489,0.642663
AAGTAGAAGACCGGGT-1,0.000356,0.000355,0.071525,0.927765
AAGTAGTGACGCGAGG-1,0.000629,0.000628,0.616153,0.38259
AAGTCAATTGTCGTCA-1,0.000763,0.000762,0.306078,0.692396
AAGTCTAGTAGCTGCC-1,0.000082,0.000082,0.096652,0.903184
AAGTCTTCTGTGGCCT-1,0.000185,0.000184,0.729669,0.269962
AAGTGACGACCGAATT-1,0.000026,0.000026,0.922394,0.077554
AAGTGAGTCGGGTTTA-1,0.00012,0.000119,0.714945,0.284816
AAGTGCAAAGGTAGAC-1,0.000184,0.000184,0.670475,0.329157
AAGTGCCTTGACTGTA-1,0.000436,0.000436,0.294225,0.704903
AAGTGCGTTAGAATCT-1,0.000189,0.000188,0.535859,0.463764
AAGTGCTTCTCTATTG-1,0.000574,0.000574,0.451615,0.547238
AAGTGTTTGGAGACGG-1,0.000409,0.000409,0.394662,0.60452
AAGTTCACTCCAAGCT-1,0.001762,0.001761,0.202114,0.794363
AAGTTCAGTCTGCGTA-1,0.00025,0.00025,0.312347,0.687154
AAGTTCGGCCAACAGG-1,0.00014,0.00014,0.587539,0.412182
AAGTTGTGATGTTATA-1,0.00118,0.00118,0.004726,0.992914
AAGTTTACTAATGGCA-1,0.000403,0.000403,0.11997,0.879223
AAGTTTATGGGCCCAA-1,0.000294,0.000293,0.561965,0.437448
AATAACAACGCTCGGC-1,0.000057,0.000057,0.96198,0.037906
AATAACACTAGAACAA-1,0.00017,0.00017,0.321804,0.677855
AATAACGTCGCGCCCA-1,0.002317,0.002315,0.257325,0.738042
AATAAGTCCTCGAGAC-1,0.000436,0.000436,0.191342,0.807787
AATAATCTTCGTATCG-1,0.00003,0.00003,0.000122,0.999818
AATACAATGTTTCAGG-1,0.000109,0.000109,0.846107,0.153676
AATACCGGAGGGCTGT-1,0.000423,0.000422,0.440822,0.558333
AATACCTGATGTGAAC-1,0.000875,0.000874,0.03508,0.963171
AATAGAACAGAGTGGC-1,0.000426,0.000425,0.486808,0.512341
AATAGAATCTGTTTCA-1,0.000613,0.000613,0.189623,0.809151
AATAGCTACCGCGTGC-1,0.001148,0.001147,0.134488,0.863217
AATAGGCACGACCCTT-1,0.000887,0.000887,0.003552,0.994674
AATAGTCCGTCCCGAC-1,0.000298,0.000298,0.807332,0.192072
AATAGTCGCGAGTCGG-1,0.000217,0.000216,0.592408,0.407159
AATATCAAGGTCGGAT-1,0.000122,0.000122,0.628725,0.371031
AATATCCTAGCAAACT-1,0.000186,0.000186,0.546096,0.453532
AATATCGAATCAATGC-1,0.002234,0.002233,0.008944,0.986589
AATATCGAGGGTTCTC-1,0.000296,0.000296,0.282477,0.716932
AATATTGGAGTATTGA-1,0.000053,0.000053,0.82582,0.174075
AATCAGGTTTCATTTA-1,0.000187,0.000187,0.897948,0.101678
AATCATGTAAAGACTC-1,0.00084,0.000839,0.003362,0.994959
AATCCAAGGGCCTGAG-1,0.000353,0.000353,0.434868,0.564426
AATCCATGCAAGGGTG-1,0.000127,0.000127,0.52191,0.477836
AATCCCGCTCAGAGCC-1,0.000659,0.000658,0.002636,0.996048
AATCGAGGTCTCAAGG-1,0.001422,0.001421,0.300862,0.696295
AATCGCCTCAGCGCCA-1,0.001043,0.001042,0.499566,0.498349
AATCGCGCAGAGGACT-1,0.000294,0.000294,0.263836,0.735577
AATCGGGACACTACGA-1,0.000857,0.000856,0.353391,0.644895
AATCGGTATAGCCCTC-1,0.003679,0.003677,0.014734,0.97791
AATCGTGAGCCGAGCA-1,0.001455,0.001454,0.005825,0.991267
AATCTAGGTTTACTTG-1,0.000196,0.000196,0.630992,0.368616
AATCTATGCCGGAGCC-1,0.001762,0.001762,0.007057,0.98942
AATCTCTACTGTGGTT-1,0.000113,0.000113,0.538331,0.461444
AATCTGCGTTGGGACG-1,0.000304,0.000303,0.428254,0.571138
AATCTGGCTTTCTAGT-1,0.0002,0.000199,0.55592,0.443681
AATCTGGGTAGACCCT-1,0.000445,0.000445,0.70418,0.294929
AATGACAGCAATGTCT-1,0.000102,0.000102,0.915996,0.0838
AATGACGTAGGATGTC-1,0.000524,0.000523,0.181223,0.81773
AATGACTGTCAGCCGG-1,0.000171,0.000171,0.270858,0.7288
AATGAGTTCGCATATG-1,0.000152,0.000152,0.593213,0.406484
AATGATGATACGCTAT-1,0.000167,0.000167,0.613084,0.386582
AATGATGCGACTCCTG-1,0.000274,0.000274,0.197286,0.802166
AATGCAACCGGGTACC-1,0.000156,0.000156,0.496147,0.50354
AATGCACCAAGCAATG-1,0.000303,0.000303,0.128283,0.871112
AATGGTCCACCGTTCA-1,0.000126,0.000126,0.649377,0.350372
AATGGTTCTCACAAGC-1,0.00017,0.00017,0.589171,0.410489
AATGTATGGCACTGTA-1,0.000521,0.000521,0.74552,0.253438
AATGTGCCCGAGGTGT-1,0.000215,0.000214,0.672459,0.327112
AATGTGCTAATCTGAG-1,0.000117,0.000117,0.797837,0.201929
AATGTTAAGACCCTGA-1,0.000699,0.000698,0.002798,0.995805
AATGTTGTCGTGAGAC-1,0.001508,0.001506,0.006033,0.990953
AATTAAAGGTCGGCGT-1,0.000155,0.000154,0.516292,0.483399
AATTAACGGATTTCCA-1,0.001127,0.001126,0.004512,0.993234
AATTACGAGACCCATC-1,0.000616,0.000616,0.689293,0.309474
AATTACTCGTACGCTC-1,0.000134,0.000134,0.671873,0.327859
AATTAGCGCTGCAGCG-1,0.000655,0.000655,0.522217,0.476473
AATTATACCCAGCAAG-1,0.000159,0.000159,0.035753,0.963929
AATTCATAAGGGATCT-1,0.000272,0.000272,0.322335,0.677122
AATTCATTGTCATGCA-1,0.000179,0.000179,0.308256,0.691385
AATTCCAAGCATGTAC-1,0.000044,0.000044,0.999825,0.000088
AATTCGATTCGAGGAT-1,0.001098,0.001097,0.004394,0.993411
AATTCTAGAGTTAGGC-1,0.00059,0.00059,0.884191,0.11463
AATTGAACGCTCTGGT-1,0.000851,0.00085,0.346728,0.65157
AATTGCAGCAATCGAC-1,0.002276,0.002274,0.009111,0.98634
AATTGCGTGGATTACA-1,0.000773,0.000772,0.901701,0.096755
AATTGTGGTTGCCAAA-1,0.004467,0.004465,0.017879,0.97319
AATTTGGGACATAGTA-1,0.000143,0.000142,0.590044,0.409672
AATTTGGTTCCAAAGA-1,0.000371,0.000371,0.11765,0.881607
ACAAACCATGCGTCCT-1,0.000155,0.000155,0.530207,0.469483
ACAAACCGACAAGGCG-1,0.000348,0.000348,0.593082,0.406221
ACAAACTCCATCAGAG-1,0.000623,0.000622,0.002492,0.996264
ACAAAGAAGGTAGGCC-1,0.000088,0.000088,0.696912,0.302913
ACAAAGCATGACCTAG-1,0.00092,0.000919,0.21956,0.778601
ACAAATCGCACCGAAT-1,0.000304,0.000304,0.73386,0.265533
ACAAATGGTAGTGTTT-1,0.001204,0.001202,0.344395,0.653198
ACAAATTCAGATCTGA-1,0.000542,0.000541,0.445212,0.553705
ACAACAGCATGAGCTA-1,0.00041,0.00041,0.375031,0.624149
ACAACGGTCCCTGCGA-1,0.000089,0.000089,0.618719,0.381102
ACAAGCAGTGCCTAGC-1,0.000059,0.000059,0.819982,0.1799
ACAAGCTATATGGAAG-1,0.000054,0.000054,0.967071,0.032821
ACAAGGAAATCCGCCC-1,0.000375,0.000374,0.682292,0.316959
ACAAGGACAAGAGGTT-1,0.000168,0.000168,0.463219,0.536444
ACAAGGATGCTTTAGG-1,0.000963,0.000962,0.003854,0.994221
ACAAGGGCAGGCTCTG-1,0.000935,0.000933,0.234661,0.763471
ACAAGTAATTGTAAGG-1,0.000978,0.000977,0.317716,0.68033
ACAATAGTCGTACGTT-1,0.000025,0.000025,0.934245,0.065706
ACAATCCATTTAAACC-1,0.000027,0.000027,0.994162,0.005785
ACAATGAATACGGAGA-1,0.000236,0.000235,0.39922,0.600309
ACAATGATTCTTCTAC-1,0.000985,0.000985,0.560154,0.437876
ACAATTGTGTCTCTTT-1,0.000158,0.000157,0.99937,0.000315
ACAATTTAGGAGGCTC-1,0.000166,0.000166,0.729289,0.27038
ACAATTTGAGCAGTGG-1,0.000695,0.000695,0.45794,0.54067
ACAATTTGGCCATATT-1,0.000023,0.000023,0.608812,0.391142
ACACAAAGACGGGTGG-1,0.000103,0.000102,0.580137,0.419658
ACACAAATATTCCTAG-1,0.000021,0.000021,0.207134,0.792825
ACACACCAGGACCAGT-1,0.001227,0.001226,0.004911,0.992636
ACACACTTTCTACACG-1,0.00053,0.00053,0.002122,0.996818
ACACATGATCAAATCT-1,0.000289,0.000289,0.407216,0.592206
ACACATTGACGCAACA-1,0.000307,0.000306,0.230157,0.76923
ACACATTTCCGTAGAC-1,0.000406,0.000406,0.001626,0.997561
ACACCACATAATTAGC-1,0.000934,0.000933,0.188613,0.809521
ACACCCAGCATGCAGC-1,0.000192,0.000192,0.510523,0.489092
ACACCCGAGAAATCCG-1,0.000147,0.000147,0.373461,0.626245
ACACCGAGCGCTCTTT-1,0.000294,0.000293,0.61503,0.384383
ACACCGGTCTGACCGC-1,0.000187,0.000187,0.408734,0.590892
ACACCTTAAGTAGGGC-1,0.000311,0.000311,0.207722,0.791655
ACACCTTACTACTTGC-1,0.000477,0.000477,0.154058,0.844988
ACACGAGACTCCTTCT-1,0.000507,0.000506,0.611494,0.387494
ACACGGCACTATGCAT-1,0.000993,0.000992,0.003975,0.994039
ACACGGGAACTTAGGG-1,0.000441,0.00044,0.476945,0.522174
ACACGTAGGCCACAAG-1,0.000228,0.000228,0.000912,0.998632
ACACTCCAATGTCACT-1,0.000218,0.000217,0.347497,0.652068
ACACTGATCAAGGTGT-1,0.000295,0.000295,0.381199,0.618211
ACACTGGGACAGTCGT-1,0.001017,0.001016,0.004072,0.993895
ACAGAACTGAGAACAA-1,0.000227,0.000227,0.619649,0.379896
ACAGATTAGGTTAGTG-1,0.000768,0.000767,0.228476,0.769989
ACAGCATAGAGCCAGT-1,0.000807,0.000807,0.003232,0.995154
ACAGCGACATTCTCAT-1,0.001455,0.001454,0.204749,0.792343
ACAGCGCACCCGCAGC-1,0.000281,0.00028,0.001123,0.998316
ACAGGCACGGATCCTT-1,0.002409,0.002404,0.009631,0.985557
ACAGGCTTGCCCGACT-1,0.000696,0.000695,0.264002,0.734608
ACAGGTGGAGGTGAGG-1,0.00039,0.00039,0.317275,0.681945
ACAGGTGTGTTGTTGC-1,0.000193,0.000193,0.837574,0.162039
ACAGTAATACAACTTG-1,0.000054,0.000054,0.767508,0.232385
ACAGTATACCGTGGGA-1,0.001422,0.001421,0.252082,0.745075
ACATAAGTCGTGGTGA-1,0.000046,0.000046,0.984994,0.014915
ACATAATAAGGCGGTG-1,0.000118,0.000118,0.622562,0.377203
ACATACAATCAAGCGG-1,0.001317,0.001316,0.005272,0.992095
ACATCAGCTGGGACGC-1,0.000129,0.000129,0.627132,0.37261
ACATCCCGGCCATACG-1,0.002781,0.002781,0.011135,0.983304
ACATCCTGGTAACTGT-1,0.000616,0.000616,0.392614,0.606154
ACATCGATCGTTTACC-1,0.000652,0.000651,0.271441,0.727256
ACATCGCAATATTCGG-1,0.000703,0.000702,0.13457,0.864025
ACATCGGTCAGCCGCG-1,0.000187,0.000187,0.615537,0.384089
ACATCGTATGCAATGG-1,0.001276,0.001277,0.219957,0.777489
ACATCGTTAACCTAGT-1,0.0009,0.000899,0.092531,0.905669
ACATCTCAACGCGTAA-1,0.000178,0.000178,0.398888,0.600756
ACATGGCGCCAAAGTA-1,0.000226,0.000226,0.323412,0.676136
ACATGGCTCAATTTAG-1,0.000386,0.000386,0.486034,0.513194
ACATTAGTTTATATCC-1,0.000732,0.000731,0.593391,0.405146
ACATTCGCGCGGAATA-1,0.000262,0.000262,0.001048,0.998429
ACATTTGAAACCTAAC-1,0.002779,0.002778,0.011131,0.983312
ACCAAACACCCAGCGA-1,0.000125,0.000125,0.353734,0.646017
ACCAAACTAGAAATCC-1,0.000179,0.000179,0.943048,0.056595
ACCAACACCACACACT-1,0.000699,0.000698,0.384778,0.613825
ACCAACCGCACTCCAC-1,0.00184,0.001839,0.007366,0.988955
ACCAACGCTTATTTAT-1,0.000511,0.00051,0.251586,0.747393
ACCAAGAACGCGTGTC-1,0.00048,0.000479,0.053182,0.945859
ACCAAGTCATCGGCAG-1,0.000727,0.000727,0.195448,0.803098
ACCAATATGCAAGTTA-1,0.002197,0.002193,0.008787,0.986823
ACCACAACTCAGAACA-1,0.001169,0.001168,0.107217,0.890445
ACCACAAGTTTCTATC-1,0.000271,0.000271,0.56667,0.432788
ACCACACGGTTGATGG-1,0.000472,0.000472,0.709735,0.289321
ACCACCAATGTAACAA-1,0.000236,0.000235,0.5141,0.485429
ACCACCCTCTCTTCTA-1,0.000267,0.000267,0.615229,0.384236
ACCACGTGCAGCTATA-1,0.000787,0.000786,0.229085,0.769342
ACCACTGTTCAAGAAG-1,0.000151,0.000151,0.570528,0.42917
ACCAGACCATAACAAC-1,0.0001,0.000099,0.789536,0.210265
ACCAGCCCGGTCTTTG-1,0.000289,0.000289,0.529538,0.469885
ACCAGGAGTGTGATCT-1,0.000335,0.000335,0.806772,0.192557
ACCAGTGCCCGGTCAA-1,0.000194,0.000194,0.496751,0.502861
ACCAGTGCGGGAGACG-1,0.001191,0.001191,0.004769,0.992849
ACCATATCCGCAATAA-1,0.000329,0.000329,0.492665,0.506677
ACCATCCGCCAACTAG-1,0.000024,0.000024,0.935793,0.064159
ACCATCGTATATGGTA-1,0.00017,0.00017,0.707228,0.292432
ACCATTAAGGGTGTCA-1,0.000384,0.000384,0.558985,0.440248
ACCCAACGCCCGTGGC-1,0.000636,0.000635,0.569896,0.428834
ACCCACCTACATGCTC-1,0.000141,0.000141,0.785673,0.214044
ACCCATCTTGAGGGTA-1,0.000638,0.000638,0.308194,0.69053
ACCCATTTGTCCCTCT-1,0.002359,0.002359,0.260192,0.735091
ACCCGAGCGAAATTAC-1,0.000173,0.000173,0.530414,0.469241
ACCCGATTGGTTCCGA-1,0.000363,0.000362,0.581752,0.417523
ACCCGGAAACTCCCAG-1,0.001667,0.001667,0.198106,0.79856
ACCCGGAGCACCACAA-1,0.000818,0.000817,0.003274,0.995092
ACCCGGATGACGCATC-1,0.000455,0.000455,0.299634,0.699457
ACCCGGTTACACTTCC-1,0.000876,0.000874,0.610297,0.387953
ACCCGTAGTCTAGTTG-1,0.000787,0.000787,0.190922,0.807504
ACCCGTGTCATCAGTA-1,0.000505,0.000504,0.448276,0.550716
ACCCTATAGGACTGAG-1,0.000079,0.000079,0.814686,0.185157
ACCCTATGCCATATCG-1,0.000256,0.000256,0.811063,0.188426
ACCCTCCCGTCAGGGC-1,0.002274,0.002273,0.009105,0.986348
ACCCTCCCTTGCTATT-1,0.00118,0.001179,0.578761,0.418879
ACCCTGGTAACGCCCT-1,0.001528,0.001525,0.310493,0.686455
ACCCTTCATCTGCGAA-1,0.000458,0.000458,0.001835,0.997249
ACCCTTGCCTGGGTCG-1,0.000131,0.000131,0.129885,0.869854
ACCCTTTAGTTCTCCA-1,0.000802,0.000801,0.115794,0.882603
ACCGAAAGGGCCCTGC-1,0.00012,0.00012,0.649037,0.350723
ACCGAAGAGTCTGGTT-1,0.000107,0.000107,0.582387,0.417399
ACCGACACATCTCCCA-1,0.000159,0.000159,0.938858,0.060824
ACCGACTGAGTCCCAC-1,0.000271,0.000271,0.585653,0.413804
ACCGAGTCTCCTTATT-1,0.001088,0.001087,0.004355,0.993469
ACCGATAGGCATAACC-1,0.00075,0.000749,0.002999,0.995502
ACCGATATTTAATCAT-1,0.000079,0.000079,0.269694,0.730148
ACCGATGGTAGCATCG-1,0.000115,0.000115,0.999541,0.00023
ACCGCAATAACTGCCT-1,0.001787,0.001786,0.007156,0.989271
ACCGCGGTGGAAGTCG-1,0.000213,0.000212,0.365014,0.634561
ACCGCTAGTCATTGGT-1,0.000737,0.000735,0.002947,0.99558
ACCGGGCCTTTGTTGA-1,0.001128,0.001127,0.004514,0.993231
ACCGGTCAGGTACACC-1,0.000134,0.000134,0.545916,0.453815
ACCGTGACCACGTGGG-1,0.000177,0.000177,0.597025,0.40262
ACCGTTCCCGCTCTGA-1,0.000215,0.000214,0.000859,0.998712
ACCTAAGTACCTTTCA-1,0.000194,0.000194,0.681305,0.318307
ACCTAATCGACTTCCT-1,0.000125,0.000125,0.677807,0.321944
ACCTACAGTATGTGGT-1,0.000264,0.000264,0.782459,0.217013
ACCTACTATAAATCTA-1,0.000602,0.000601,0.327145,0.671653
ACCTCAGCGAGGCGCA-1,0.003128,0.003125,0.118183,0.875565
ACCTCCGCCCTCGCTG-1,0.002159,0.002156,0.387352,0.608333
ACCTCCGTTATTCACC-1,0.000201,0.000201,0.231328,0.768269
ACCTCGAACTTATGCT-1,0.000144,0.000144,0.597068,0.402644
ACCTGCGTGTCATGTT-1,0.000129,0.000129,0.698406,0.301335
ACGAAATGGGCGGCAC-1,0.000052,0.000052,0.852703,0.147193
ACGACCCATGAGTTGC-1,0.00338,0.003379,0.013542,0.979699
ACGACTCTAGGGCCGA-1,0.000269,0.000269,0.563618,0.435844
ACGACTGGTCATACTC-1,0.000113,0.000113,0.58953,0.410244
ACGAGAACCCATCACG-1,0.000198,0.000198,0.212888,0.786717
ACGAGATATTTGCTTA-1,0.000295,0.000295,0.121824,0.877586
ACGAGGATACCACTCT-1,0.000058,0.000058,0.969671,0.030212
ACGAGGTTTACAACGT-1,0.000141,0.000141,0.506507,0.493211
ACGAGTACGGATGCCC-1,0.000391,0.000391,0.496577,0.502641
ACGATACATAGAACTA-1,0.000188,0.000188,0.630237,0.369387
ACGATACCTATCCTGA-1,0.000163,0.000163,0.663596,0.336078
ACGATCATACATAGAG-1,0.000296,0.000296,0.552233,0.447174
ACGATCATCTTGTAAA-1,0.000845,0.000845,0.225773,0.772537
ACGATGCATATGTTAT-1,0.000247,0.000247,0.367388,0.632119
ACGATGGATCCGATGC-1,0.000834,0.000834,0.081322,0.91701
ACGCAAACTAATAGAT-1,0.000101,0.000101,0.615027,0.384771
ACGCAATCACTACAGC-1,0.00118,0.00118,0.149539,0.848102
ACGCATACGTTTACTA-1,0.001625,0.001623,0.111525,0.885227
ACGCATTCGTGAGTAC-1,0.000439,0.000439,0.438953,0.560169
ACGCCACTCGAAACAG-1,0.000436,0.000436,0.001745,0.997383
ACGCCAGATGATTTCT-1,0.001303,0.001302,0.23391,0.763485
ACGCCAGTGCGTTTGC-1,0.002158,0.002155,0.008632,0.987055
ACGCCCAGCTGTCGAT-1,0.000469,0.000468,0.471156,0.527908
ACGCCGCTAGACGACC-1,0.001738,0.001737,0.006958,0.989567
ACGCGAAGTCAGACGA-1,0.000741,0.00074,0.627437,0.371082
ACGCGCTACACAGGGT-1,0.00001,0.00001,0.99996,0.000021
ACGCGGGCCAAGGACA-1,0.00046,0.00046,0.284522,0.714559
ACGCGTTTCTTAAGAG-1,0.000213,0.000213,0.75547,0.244104
ACGCTAGTGATACACT-1,0.000379,0.000379,0.364307,0.634935
ACGCTGTGAGGCGTAG-1,0.000063,0.000063,0.972461,0.027413
ACGCTTAGTGTCTCTC-1,0.000442,0.000442,0.482882,0.516235
ACGGAACACGAGTGCC-1,0.001625,0.001623,0.006505,0.990247
ACGGAATTTAGCAAAT-1,0.000095,0.000095,0.625511,0.374299
ACGGACTCTCAAAGCG-1,0.000596,0.000595,0.811311,0.187498
ACGGAGCGCAAATTAC-1,0.000626,0.000625,0.02536,0.973389
ACGGATGGTGCGGATA-1,0.001455,0.001454,0.005824,0.991267
ACGGCACTTGCTTGGG-1,0.001158,0.001158,0.154434,0.84325
ACGGCCAACATGGACT-1,0.000845,0.000845,0.281186,0.717124
ACGGCGACGATGGGAA-1,0.000532,0.000532,0.199043,0.799893
ACGGCTGGATGTAGAA-1,0.00014,0.00014,0.545268,0.454453
ACGGGAGTGTCGGCCC-1,0.000119,0.000119,0.650361,0.3494
ACGGGCGTATGCGACA-1,0.002018,0.002016,0.008077,0.987889
ACGGGTCATGTGACTT-1,0.000211,0.000211,0.694625,0.304952
ACGGTACAGTTCAATG-1,0.0009,0.0009,0.345947,0.652253
ACGGTCACCGAGAACA-1,0.000463,0.000463,0.337333,0.661741
ACGTACAGATTTCTCT-1,0.001251,0.00125,0.00501,0.992489
ACGTACTTTGGCACGG-1,0.000782,0.000781,0.305887,0.69255
ACGTAGATTGCTGATG-1,0.000941,0.00094,0.23082,0.767299
ACGTAGGAGAGTCGCT-1,0.000845,0.000845,0.003385,0.994925
ACGTATTACTCCGATC-1,0.000551,0.000551,0.348269,0.650629
ACGTCTCGTTCCGGGA-1,0.000195,0.000195,0.235933,0.763676
ACGTGACAAAGTAAGT-1,0.00006,0.00006,0.809804,0.190077
ACGTGCGCCTCGTGCA-1,0.001987,0.001984,0.007951,0.988078
ACGTGGTCGAATGTGC-1,0.00038,0.00038,0.570152,0.429088
ACGTTAATGTCGAAGA-1,0.001118,0.001116,0.004473,0.993293
ACGTTAGATTTGCCCG-1,0.000151,0.000151,0.627286,0.372411
ACGTTATTGGTCACTC-1,0.000114,0.000114,0.736291,0.263481
ACGTTCACTATGCCGC-1,0.000622,0.000622,0.205127,0.793629
ACGTTCCGCGCTCCGT-1,0.000222,0.000222,0.465905,0.533652
ACGTTCGCAATCAATT-1,0.000064,0.000064,0.88484,0.115031
ACGTTCGTTCAGGAAA-1,0.000109,0.000109,0.588064,0.411718
ACGTTCTGTACAAGTC-1,0.001238,0.001238,0.104491,0.893033
ACGTTGTCGTTGAAAG-1,0.000736,0.000735,0.002946,0.995582
ACGTTTAGTTGTGATC-1,0.001455,0.001454,0.005825,0.991267
ACTAAGGACGCACACC-1,0.00028,0.00028,0.537085,0.462355
ACTAATACGTCAGGCG-1,0.000367,0.000367,0.244315,0.754951
ACTACAAAGAGAGGTG-1,0.000574,0.000573,0.002297,0.996556
ACTACATCCCGACAAG-1,0.000109,0.000109,0.652048,0.347734
ACTACCAGCTCTCTGG-1,0.000343,0.000343,0.686173,0.313141
ACTACCATCCGAGGGC-1,0.000754,0.000753,0.003017,0.995476
ACTACGCGTTAGAATT-1,0.000241,0.000241,0.350412,0.649106
ACTAGTTGCGATCGTC-1,0.000273,0.000273,0.205069,0.794384
ACTATATGCTGTGTTC-1,0.000378,0.000378,0.125918,0.873326
ACTATCCAGGGCATGG-1,0.000511,0.00051,0.132555,0.866424
ACTATCGCCGGCTAAA-1,0.000203,0.000202,0.449314,0.550281
ACTATCTGCCCGCGTA-1,0.003909,0.003907,0.293877,0.698307
ACTATGTCCAGCTGCC-1,0.000137,0.000137,0.4479,0.551827
ACTATTCGTCCGTGGT-1,0.000684,0.000683,0.202306,0.796327
ACTATTTCCGGGCCCA-1,0.000102,0.000102,0.826548,0.173248
ACTCAACGAATGTATT-1,0.000193,0.000193,0.355973,0.643641
ACTCAAGTGCAAGGCT-1,0.001061,0.001059,0.401696,0.596184
ACTCAATAAAGGCACG-1,0.000211,0.000211,0.479978,0.5196
ACTCAGACCTGCTTCT-1,0.000304,0.000303,0.569967,0.429425
ACTCATGGCAGCCTTC-1,0.000366,0.000366,0.328218,0.67105
ACTCCAATATCATCAT-1,0.000528,0.000528,0.56598,0.432965
ACTCCCATTCCTAAAG-1,0.00011,0.00011,0.695135,0.304645
ACTCCCGAATTCGTTT-1,0.000535,0.000534,0.130563,0.868368
ACTCCCGTAGACTAGG-1,0.000099,0.000099,0.000397,0.999404
ACTCCCTAATGCTAAA-1,0.001098,0.001097,0.004394,0.993411
ACTCCCTAGAATAGTA-1,0.001052,0.001051,0.231711,0.766187
ACTCCGGCCGACCACT-1,0.000834,0.000834,0.375786,0.622546
ACTCGATGTATTTCAT-1,0.000189,0.000189,0.725555,0.274066
ACTCGCCGTTCGATAA-1,0.000782,0.000781,0.00313,0.995306
ACTCGCGATCTGACGC-1,0.000028,0.000028,0.051848,0.948097
ACTCGTAACCCGTCCT-1,0.000135,0.000135,0.878375,0.121355
ACTCGTCAGTAATCCC-1,0.002018,0.002016,0.223787,0.772178
ACTCTAAACCTGGGAT-1,0.000149,0.000149,0.647908,0.351795
ACTCTCTGACTTAGGT-1,0.000365,0.000365,0.903051,0.096219
ACTCTCTTATACACGA-1,0.001148,0.001147,0.178885,0.818821
ACTCTGACCTAATAGA-1,0.001052,0.001051,0.300767,0.69713
ACTCTTCAGCTCCCGC-1,0.000036,0.000035,0.000142,0.999787
ACTCTTGTATAGTAAC-1,0.00092,0.000919,0.494624,0.503537
ACTGAAACGCCGTTAG-1,0.000673,0.000672,0.307106,0.691549
ACTGAATGGCGAAAGT-1,0.001317,0.001316,0.144019,0.853348
ACTGATTTAGTGATTC-1,0.000325,0.000325,0.329979,0.669371
ACTGCCCGCCATTCTC-1,0.000142,0.000141,0.931058,0.068659
ACTGCCGTCGTAACTC-1,0.001896,0.001895,0.007593,0.988616
ACTGCGGACACACCGT-1,0.000619,0.000619,0.098814,0.899948
ACTGCTCGGAAGGATG-1,0.00016,0.00016,0.501011,0.498669
ACTGGCGAACCTGCGT-1,0.000383,0.000382,0.469705,0.52953
ACTGGGATGCCAGTGC-1,0.000617,0.000616,0.089228,0.90954
ACTGTACGATACACAT-1,0.001097,0.001097,0.441383,0.556423
ACTGTAGCACTTTGGA-1,0.000287,0.000287,0.346946,0.65248
ACTGTATACGCGAGCA-1,0.00014,0.00014,0.644536,0.355184
ACTGTCCAGGATTATA-1,0.000432,0.000431,0.256389,0.742749
ACTGTCTTCTTTAGAA-1,0.00043,0.00043,0.332413,0.666727
ACTGTGCTAGTAGATC-1,0.000191,0.00019,0.758234,0.241385
ACTGTTTAGTGTAGGC-1,0.000858,0.000856,0.748171,0.250115
ACTTACCGGGCGCGCA-1,0.000417,0.000417,0.278994,0.720172
ACTTACGCATCCACGC-1,0.00212,0.002119,0.278719,0.717041
ACTTAGTACGACAAGA-1,0.000094,0.000094,0.993455,0.006358
ACTTATACTTACCCGG-1,0.001764,0.001761,0.007053,0.989422
ACTTATTAGGATCGGT-1,0.001138,0.001137,0.221735,0.775991
ACTTATTTATGTGCCA-1,0.001169,0.001168,0.004682,0.992981
ACTTCAGGCTGATCCC-1,0.00036,0.000359,0.528563,0.470718
ACTTCCAGTGGAAGCT-1,0.000234,0.000234,0.560922,0.43861
ACTTCCATGCGGGACA-1,0.001117,0.001116,0.004473,0.993295
ACTTCGCCATACGCAC-1,0.000303,0.000303,0.617293,0.382101
ACTTCGCTAGCGAGTG-1,0.000022,0.000022,0.570793,0.429163
ACTTGACTCCCTCTTT-1,0.001564,0.001563,0.006262,0.990612
ACTTGCCATATTGTAC-1,0.000154,0.000153,0.84577,0.153923
ACTTGGGACCCGGTGG-1,0.000099,0.000099,0.858268,0.141535
ACTTGGGCTTTCGCCA-1,0.000993,0.000992,0.387899,0.610116
ACTTGTAGTCCCTTCA-1,0.000066,0.000066,0.746368,0.2535
ACTTGTGGATGGAACG-1,0.000863,0.000862,0.639428,0.358847
ACTTGTTACCGGATCA-1,0.00129,0.001289,0.005162,0.992259
ACTTTACCCTCATGAA-1,0.000384,0.000383,0.406574,0.592659
ACTTTCCTATAGCTTC-1,0.000413,0.000413,0.362234,0.63694
ACTTTGACTGCATCCT-1,0.000034,0.000034,0.883609,0.116323
ACTTTGGTCGTGCTCC-1,0.000273,0.000273,0.580059,0.419394
ACTTTGTCGACGCACT-1,0.00025,0.00025,0.035803,0.963698
AGAAATTATGACTCGC-1,0.001001,0.001,0.004007,0.993992
AGAACCCAGCGTGACA-1,0.000019,0.000019,0.031815,0.968147
AGAACCCTCAATTGGG-1,0.000131,0.000131,0.753072,0.246665
AGAACGTGGTACATTC-1,0.000289,0.000289,0.42204,0.577382
AGAACTGTACTTTGTA-1,0.001437,0.001437,0.031951,0.965174
AGAAGAGCGCCGTTCC-1,0.0125,0.012503,0.050048,0.924949
AGAAGGTACACTTCAC-1,0.000156,0.000156,0.419202,0.580487
AGAAGGTTGCCGAATT-1,0.000196,0.000196,0.685022,0.314585
AGAAGGTTGTAGGTCG-1,0.001107,0.001106,0.004432,0.993355
AGAAGTGATTCGTGAT-1,0.000167,0.000167,0.658758,0.340908
AGAATAAATCTTCAGG-1,0.000022,0.000022,0.967593,0.032362
AGAATACAGGCTATCC-1,0.000715,0.000714,0.002862,0.995709
AGAATGCGGGTTCGGA-1,0.000264,0.000264,0.001059,0.998412
AGAATTATGGATTCGA-1,0.000325,0.000325,0.317527,0.681823
AGAATTGTTTGACATA-1,0.000298,0.000298,0.614884,0.384519
AGACAGCTCAGAATCC-1,0.000168,0.000168,0.769712,0.229952
AGACAGGCATCTCAGC-1,0.000096,0.000096,0.049151,0.950658
AGACATAGATCCTTCC-1,0.000302,0.000302,0.507487,0.491909
AGACCAAACCACACCT-1,0.000082,0.000082,0.700817,0.299019
AGACCATGGGATACAA-1,0.00009,0.00009,0.482805,0.517014
AGACCCACCGCTGATC-1,0.000242,0.000242,0.33774,0.661776
AGACCCGCCCTCCTCG-1,0.0001,0.0001,0.9996,0.0002
AGACCGCTCCGCGGTT-1,0.001159,0.001158,0.39148,0.606203
AGACCGGGAAACCCTG-1,0.000039,0.000039,0.754354,0.245568
AGACGAAGTGCCGGTC-1,0.00129,0.001289,0.005166,0.992256
AGACGACGATGCCGCT-1,0.0003,0.0003,0.35084,0.64856
AGACGCCCACTTCGCC-1,0.002238,0.002235,0.008945,0.986582
AGACGGGATTGGTATA-1,0.000479,0.000479,0.614257,0.384785
AGACGGGCCGATTTAA-1,0.000383,0.000382,0.210611,0.788624
AGACTAGCCTTCCAGA-1,0.000299,0.000298,0.707533,0.29187
AGACTGTTACCGGGTC-1,0.000138,0.000138,0.691291,0.308432
AGAGAAACACCAGAAA-1,0.000192,0.000192,0.583968,0.415648
AGAGAACCGTCTAGGA-1,0.000308,0.000307,0.53906,0.460325
AGAGAAGGAGTACAAT-1,0.000227,0.000227,0.331626,0.667919
AGAGATCTCTAAAGCG-1,0.000051,0.000051,0.843074,0.156825
AGAGCAGTTATGAGAC-1,0.000019,0.000019,0.940155,0.059807
AGAGCCGCCGAGATTT-1,0.000237,0.000237,0.00095,0.998575
AGAGCGCTTGTAACGG-1,0.000237,0.000237,0.269903,0.729623
AGAGCGGGCTAATCAT-1,0.000122,0.000122,0.865711,0.134045
AGAGCGTACAAGCTCG-1,0.000173,0.000173,0.537164,0.462491
AGAGCTACGAAAGCAT-1,0.000073,0.000073,0.712437,0.287417
AGAGGCTTCGGAAACC-1,0.000731,0.000731,0.217261,0.781277
AGAGGTATCTCGGTCC-1,0.000619,0.000619,0.669045,0.329717
AGAGTAAACTTCACTA-1,0.000695,0.000695,0.233895,0.764715
AGAGTATAGTGTTACG-1,0.000192,0.000191,0.601447,0.39817
AGAGTTAGAGACCGAT-1,0.001034,0.001034,0.184523,0.81341
AGAGTTGCAGGCCTCC-1,0.000097,0.000097,0.453226,0.546579
AGATAACTTCAGGGCC-1,0.000148,0.000147,0.52223,0.477475
AGATACCAATAGAACC-1,0.000469,0.000468,0.636991,0.362073
AGATACCAGCACTTCA-1,0.000189,0.000189,0.398084,0.601538
AGATACCGGTGTTCAC-1,0.000125,0.000125,0.709736,0.290013
AGATACGACTTCATAT-1,0.000285,0.000285,0.616577,0.382853
AGATACTCAAGATCGA-1,0.00291,0.002907,0.011652,0.982531
AGATATAATACGACTA-1,0.000823,0.000823,0.169451,0.828903
AGATCGTGCATAAGAT-1,0.000224,0.000224,0.348969,0.650583
AGATCTCAGGTGTGAT-1,0.000405,0.000405,0.351988,0.647202
AGATGACTCGCCCACG-1,0.000261,0.00026,0.392139,0.60734
AGATGAGGGTTGCGAT-1,0.00017,0.00017,0.380418,0.619242
AGATGATGGAGTCTGG-1,0.000227,0.000227,0.118348,0.881199
AGATGCAAGACGTGCA-1,0.000221,0.000221,0.719174,0.280383
AGATGCATCCTGTGTC-1,0.000108,0.000108,0.792012,0.207771
AGATGCTATAACGAGC-1,0.000223,0.000223,0.457245,0.542308
AGATTATAGGACGTTT-1,0.000246,0.000246,0.862849,0.136658
AGATTCACAACCGATA-1,0.000091,0.000091,0.527044,0.472774
AGCAAAGGCCGCTAGT-1,0.00068,0.000679,0.080722,0.917918
AGCAACATATCTTATT-1,0.001438,0.001437,0.005757,0.991368
AGCAACCGAAAGTAAT-1,0.000139,0.000139,0.613415,0.386306
AGCACACGTTTAGACT-1,0.000114,0.000114,0.853471,0.146302
AGCACCAGTACTCACG-1,0.000143,0.000143,0.517109,0.482604
AGCACTACCGGCCTGT-1,0.000042,0.000042,0.964075,0.035841
AGCACTACCTCACCAG-1,0.000386,0.000386,0.251197,0.74803
AGCACTTAAGGACGCC-1,0.00008,0.000079,0.999682,0.000159
AGCAGAAGGAGAAAGA-1,0.000455,0.000455,0.344871,0.654219
AGCAGCCAGATGAATA-1,0.000978,0.000977,0.175319,0.822726
AGCAGTCGAAGCATGC-1,0.000807,0.000807,0.003232,0.995154
AGCATATCAATATGCT-1,0.000271,0.000271,0.620087,0.379371
AGCATCATTTCGAAAG-1,0.000109,0.000109,0.455804,0.543979
AGCATCGTCGATAATT-1,0.001438,0.001437,0.005759,0.991367
AGCATTACGAGGCAAG-1,0.001868,0.001867,0.007477,0.988788
AGCCAAGCTTTGTGTC-1,0.000202,0.000202,0.648721,0.350874
AGCCACAGGTTACCCG-1,0.001375,0.001375,0.243794,0.753456
AGCCACTCCCGTGCTT-1,0.000695,0.000695,0.346666,0.651944
AGCCATATAGTATGTG-1,0.000736,0.000735,0.244123,0.754405
AGCCCATACATGTAAG-1,0.000036,0.000036,0.803167,0.196761
AGCCCGCAACAAGCAG-1,0.000824,0.000823,0.034926,0.963428
AGCCCGCACTACAATG-1,0.00129,0.001289,0.063577,0.933844
AGCCCGGCATTAGAGG-1,0.000243,0.000243,0.438544,0.560969
AGCCCGGTAGCCTGTA-1,0.000109,0.000109,0.769542,0.230239
AGCCCTAAGCGAAGTT-1,0.000134,0.000134,0.676462,0.323269
AGCCCTCCCTGGTGGC-1,0.000311,0.000311,0.614557,0.384821
AGCCCTGTCGCACCGT-1,0.000985,0.000985,0.223392,0.774638
AGCCCTTCTAATCCGA-1,0.00014,0.00014,0.412751,0.586969
AGCCCTTGGACATCCC-1,0.000715,0.000715,0.002862,0.995708
AGCCGCAAATTCAAAT-1,0.000037,0.000037,0.998322,0.001603
AGCCGCTTGATTAGCG-1,0.000279,0.000279,0.529763,0.469679
AGCCGTGGCTAAATGT-1,0.000165,0.000165,0.617653,0.382018
AGCCTAATACCCACGT-1,0.000127,0.000127,0.303749,0.695996
AGCCTTAAAGCGGAAG-1,0.000071,0.000071,0.772595,0.227263
AGCGACAGGAACGGTC-1,0.000123,0.000123,0.649021,0.350733
AGCGACATCCCATTCA-1,0.000758,0.000758,0.487084,0.5114
AGCGACCAACGATATT-1,0.000221,0.000221,0.401352,0.598205
AGCGACTTTGAAGACA-1,0.000941,0.00094,0.003766,0.994353
AGCGAGACGTGAAGGC-1,0.00015,0.00015,0.68742,0.31228
AGCGATGCGCCTAATA-1,0.001564,0.001563,0.326295,0.670579
AGCGCATAATGAATCG-1,0.000437,0.000437,0.077802,0.921323
AGCGCGGGTGCCAATG-1,0.000556,0.000556,0.260161,0.738728
AGCGCTAGAGCGATGT-1,0.000085,0.000085,0.745749,0.25408
AGCGCTTATGGGCAAG-1,0.000319,0.000319,0.19722,0.802142
AGCGGACACTTCGTAG-1,0.000441,0.00044,0.389079,0.610041
AGCGGCGGTTAGCGGT-1,0.000139,0.000139,0.684326,0.315396
AGCGGGAAGGGTCCAT-1,0.000116,0.000116,0.849208,0.150561
AGCGGGTCTGACACTC-1,0.000315,0.000315,0.357475,0.641895
AGCGGTTGCCGCTCTG-1,0.000947,0.000948,0.351166,0.646939
AGCGTACGAGAGCTAG-1,0.000227,0.000227,0.740703,0.258843
AGCGTCTGAACCCGCA-1,0.000505,0.000504,0.342788,0.656203
AGCGTGGTATTCTACT-1,0.000813,0.000812,0.003253,0.995122
AGCTAACAAGCAATGT-1,0.000131,0.000131,0.658935,0.340803
AGCTAAGCTCCGTCCG-1,0.000845,0.000845,0.003385,0.994925
AGCTAAGTACGCAGGC-1,0.001137,0.001137,0.171318,0.826408
AGCTACGAATGGTGGT-1,0.000582,0.000581,0.00233,0.996507
AGCTAGAAGCAGAAGT-1,0.000214,0.000214,0.528202,0.47137
AGCTATTTAATCCAAC-1,0.000336,0.000336,0.34776,0.651567
AGCTCCATATATGTTC-1,0.000707,0.000706,0.148554,0.850033
AGCTCCTTCGCACATC-1,0.001714,0.001713,0.10388,0.892692
AGCTCGTTGATGGAAA-1,0.00004,0.00004,0.160269,0.839652
AGCTCTAGACGTTCCA-1,0.004171,0.004169,0.143254,0.848406
AGCTCTTCCCAGTGCA-1,0.000252,0.000252,0.37814,0.621357
AGCTCTTCGTAACCTT-1,0.00083,0.000828,0.003317,0.995025
AGCTCTTTACTCAGTT-1,0.000198,0.000198,0.682942,0.316663
AGCTGAAGTAAACCAA-1,0.000178,0.000178,0.547223,0.452421
AGCTGTAACCTCAATC-1,0.000136,0.000136,0.924985,0.074743
AGCTTATAGAGACCTG-1,0.000267,0.000267,0.544711,0.454755
AGCTTCAATACTTTGA-1,0.000414,0.000414,0.558077,0.441095
AGCTTCTTCTCGAGCA-1,0.001455,0.001454,0.133239,0.863852
AGCTTGATCTTAACTT-1,0.000041,0.000041,0.853224,0.146693
AGGAACGAACGACTTC-1,0.003576,0.003572,0.014306,0.978546
AGGAAGCTGTCCGCCG-1,0.000767,0.000767,0.11395,0.884515
AGGACAGTCGAATCCC-1,0.000556,0.000556,0.32838,0.670508
AGGACATCGCACGTCG-1,0.000314,0.000314,0.563563,0.435808
AGGACATCGGCACACT-1,0.000405,0.000405,0.539682,0.459508
AGGACGACCCATTAGA-1,0.00024,0.00024,0.693661,0.305858
AGGACGCTCGATGTTG-1,0.000365,0.000365,0.747914,0.251356
AGGACTTATAGGAGAA-1,0.000218,0.000218,0.642431,0.357133
AGGAGACATCCACAGT-1,0.000109,0.000109,0.000436,0.999346
AGGAGAGTCTGGCTAC-1,0.000024,0.000024,0.074759,0.925192
AGGAGCGTTTATTATC-1,0.000389,0.000388,0.825542,0.173681
AGGAGGCCTTCGCGCG-1,0.001088,0.001087,0.004356,0.993469
AGGATAAAGTCGGGAT-1,0.000629,0.000628,0.338467,0.660276
AGGATATAGGGATTTA-1,0.000993,0.000992,0.003976,0.994039
AGGATATCCGACTGCA-1,0.001896,0.001894,0.007588,0.988622
AGGATCACGCGATCTG-1,0.000119,0.000119,0.751349,0.248413
AGGATTGCTTACGACA-1,0.00169,0.001691,0.006772,0.989848
AGGCACGTGACTGTCC-1,0.000471,0.00047,0.001883,0.997177
AGGCAGATGCGTAAAC-1,0.000212,0.000212,0.645636,0.353941
AGGCAGGGAGCGTACT-1,0.000102,0.000102,0.798147,0.201649
AGGCATTGTCGTAGGG-1,0.000368,0.000368,0.119627,0.879638
AGGCCACATTGGTTAC-1,0.000094,0.000094,0.033968,0.965844
AGGCCACCCGTTATGA-1,0.000251,0.000251,0.452603,0.546896
AGGCCCAGTGACTGGT-1,0.000188,0.000188,0.537545,0.462078
AGGCCCATTGTACAGG-1,0.000179,0.000178,0.172807,0.826836
AGGCCCTAGAACGCCA-1,0.000029,0.000029,0.885982,0.11396
AGGCCTATCATACCAA-1,0.000688,0.000687,0.002753,0.995873
AGGCCTGAGAATCTCG-1,0.000426,0.000425,0.001703,0.997446
AGGCGATAACTGGCGT-1,0.000079,0.000079,0.000315,0.999528
AGGCGGTTTGTCCCGC-1,0.000138,0.000138,0.564387,0.435337
AGGCGTCTATGGACGG-1,0.000328,0.000327,0.001311,0.998034
AGGCTATGGTTAGCTT-1,0.000183,0.000183,0.562025,0.437609
AGGCTTAAGTTGCACA-1,0.000662,0.000661,0.444993,0.553683
AGGCTTCCCGAAGAAG-1,0.000101,0.000101,0.75285,0.246947
AGGCTTGCTAGACACC-1,0.000075,0.000075,0.896448,0.103401
