Barcode,Topic 1to4,Topic 5to7,Topic 8,Topic 9
AAACAAGTATCTCCCA-1,0.653775,0.305258,0.000188,0.040778
AAACACCAATAACTGC-1,0.803049,0.174058,0.002615,0.020278
AAACAGAGCGACTCCT-1,0.130924,0.697005,0.011134,0.160937
AAACAGCTTTCAGAAG-1,0.844545,0.153662,0.000897,0.000897
AAACAGGGTCTATATT-1,0.994441,0.003336,0.001112,0.001112
AAACATTTCCCGGATT-1,0.776654,0.177849,0.000061,0.045436
AAACCCGAACGAAATC-1,0.364287,0.614639,0.000197,0.020877
AAACCGGAAATGTTAA-1,0.286968,0.258364,0.000205,0.454462
AAACCGGGTAGGTACC-1,0.999288,0.000427,0.000142,0.000142
AAACCGTTCGTCCAGG-1,0.829515,0.055306,0.000123,0.115056
AAACCTAAGCAGCCGG-1,0.454262,0.490735,0.025227,0.029776
AAACCTCATGAAGTTG-1,0.999349,0.000391,0.00013,0.00013
AAACGAAGATGGAGTA-1,0.965571,0.0208,0.000066,0.013563
AAACGAGACGGTTGAT-1,0.796819,0.177083,0.025999,0.0001
AAACGGGCGTACGGGT-1,0.554894,0.378028,0.027602,0.039476
AAACTCGGTTCGCAAT-1,0.577201,0.296862,0.000121,0.125817
AAACTGCTGGCTCCAA-1,0.919084,0.038756,0.000072,0.042088
AAACTTGCAAACGTAT-1,0.944853,0.004508,0.049138,0.001502
AAAGACTGGGCGCTTT-1,0.999562,0.000263,0.000088,0.000088
AAAGGGATGTAGCAAG-1,0.242867,0.517407,0.107879,0.131847
AAAGGGCAGCTTGAAT-1,0.846627,0.152734,0.000319,0.000319
AAAGTAGCATTGCTCA-1,0.902757,0.089338,0.007836,0.000069
AAAGTCGACCCTCAGT-1,0.997854,0.001288,0.000429,0.000429
AAAGTGTGATTTATCT-1,0.810318,0.167416,0.000111,0.022156
AAAGTTGACTCCCGTA-1,0.413528,0.586193,0.00014,0.00014
AAATAACCATACGGGA-1,0.193316,0.586844,0.000164,0.219675
AAATAAGGTAGTGCCC-1,0.228723,0.69029,0.013838,0.067149
AAATACCTATAAGCAT-1,0.834709,0.006178,0.002059,0.157055
AAATAGCTTAGACTTT-1,0.012258,0.946838,0.00007,0.040834
AAATAGGGTGCTATTG-1,0.789112,0.210414,0.000237,0.000237
AAATCCGATACACGCC-1,0.376837,0.608942,0.00434,0.009881
AAATCGCGGAAGGAGT-1,0.996269,0.002239,0.000746,0.000746
AAATCGTGTACCACAA-1,0.522344,0.28432,0.193184,0.000153
AAATCTAGCCCTGCTA-1,0.670178,0.329482,0.00017,0.00017
AAATGCTCGTTACGTT-1,0.772626,0.221134,0.005923,0.000317
AAATGGCATGTCTTGT-1,0.132382,0.660007,0.049478,0.158133
AAATGGCCCGTGCCCT-1,0.997583,0.00145,0.000483,0.000484
AAATGTATCTTATCCC-1,0.969666,0.002138,0.027483,0.000713
AAATTAACGGGTAGCT-1,0.494701,0.112151,0.077791,0.315357
AAATTAATAAGCGCGA-1,0.55013,0.448648,0.000611,0.000611
AAATTACACGACTCTG-1,0.241863,0.186217,0.086491,0.485429
AAATTACCTATCGATG-1,0.230305,0.750321,0.019341,0.000032
AAATTCCAGGTCCAAA-1,0.277861,0.630692,0.005486,0.085961
AAATTGATAGTCCTTT-1,0.925479,0.074315,0.000103,0.000103
AAATTTGCGGGTGTGG-1,0.999845,0.000093,0.000031,0.000031
AACAACTGGTAGTTGC-1,0.999753,0.000148,0.000049,0.000049
AACAATACATTGTCGA-1,0.903374,0.096113,0.000257,0.000257
AACAATTACTCTACGC-1,0.910404,0.088571,0.000512,0.000512
AACACACGCTCGCCGC-1,0.627356,0.360986,0.011607,0.00005
AACACGAGACGCGGCC-1,0.988323,0.00023,0.01137,0.000077
AACAGCTGTGTGGCAA-1,0.855214,0.144614,0.000086,0.000086
AACAGGAAATCGAATA-1,0.123416,0.294857,0.00009,0.581638
AACAGGATGGGCCGCG-1,0.910397,0.088579,0.000512,0.000512
AACAGGTAGTATGGAT-1,0.928848,0.037754,0.000153,0.033245
AACATATCAACTGGTG-1,0.256933,0.670697,0.06951,0.002861
AACCAAGACTTCTCTG-1,0.998529,0.000882,0.000294,0.000294
AACCATGGGATCGCTA-1,0.392031,0.572976,0.000093,0.034901
AACCCATCCCATGATC-1,0.99962,0.000228,0.000076,0.000076
AACCCGAGCAGAATCG-1,0.332318,0.618631,0.000431,0.04862
AACCCTACTGTCAATA-1,0.464037,0.529368,0.005968,0.000627
AACCCTGGTGGAACCA-1,0.444088,0.405352,0.030005,0.120555
AACCGAGCTTGGTCAT-1,0.84198,0.132695,0.00007,0.025255
AACCGCTAAGGGATGC-1,0.710986,0.288846,0.000084,0.000084
AACCTCGCTTTAGCCC-1,0.550452,0.363364,0.001263,0.084921
AACCTGTCACGGAATT-1,0.094591,0.61503,0.000222,0.290157
AACCTTTAAATACGGT-1,0.978479,0.003666,0.016633,0.001222
AACCTTTACGACGTCT-1,0.456227,0.490736,0.031376,0.02166
AACGAAAGTCGTCCCA-1,0.84151,0.125318,0.01918,0.013992
AACGATAATGCCGTAG-1,0.831902,0.166498,0.0008,0.0008
AACGATAGAAGGGCCG-1,0.000208,0.28792,0.602576,0.109296
AACGATATGTCAACTG-1,0.702684,0.297128,0.000094,0.000094
AACGCGAACGGCAACA-1,0.494646,0.185281,0.146471,0.173602
AACGCGGTCTCCAGCC-1,0.776245,0.181739,0.000097,0.041919
AACGCTGTTGCTGAAA-1,0.53888,0.460961,0.000079,0.000079
AACGGACGTACGTATA-1,0.658673,0.318668,0.022619,0.00004
AACGGCCATCTCCGGT-1,0.518755,0.38097,0.041635,0.058641
AACGTACTGTGGGTAC-1,0.66784,0.064113,0.000178,0.267869
AACGTCAGACTAGTGG-1,0.593417,0.378617,0.026615,0.001351
AACGTGCGAAAGTCTC-1,0.615216,0.331653,0.000326,0.052805
AACGTTATCAGCACCT-1,0.992385,0.00457,0.001523,0.001523
AACTACCCGTTTGTCA-1,0.001115,0.968236,0.000279,0.03037
AACTAGGCTTGGGTGT-1,0.530241,0.468967,0.000396,0.000396
AACTCCAGAGCGTGTT-1,0.658134,0.341785,0.000041,0.000041
AACTCGATGGCGCAGT-1,0.236818,0.602566,0.049039,0.111577
AACTCTCAATAGAGCG-1,0.54584,0.443884,0.000069,0.010207
AACTCTCAGTGTGCTC-1,0.94267,0.000314,0.000105,0.056911
AACTGAGTTATACTGA-1,0.092702,0.000444,0.005064,0.901791
AACTGATATTAGGCCT-1,0.202295,0.378853,0.000244,0.418607
AACTGGGTCCCGACGT-1,0.39999,0.470961,0.028052,0.100998
AACTTCTGCGTCTATC-1,0.935226,0.000899,0.0003,0.063576
AACTTGCCCGTATGCA-1,0.997971,0.001217,0.000406,0.000406
AACTTGCGTTCTCGCG-1,0.794357,0.205333,0.000155,0.000155
AACTTTACGGGAGCTT-1,0.889514,0.001432,0.000477,0.108577
AAGAAGGATCAGTTAG-1,0.317173,0.673404,0.009342,0.00008
AAGACATACGTGGTTT-1,0.190703,0.654921,0.029462,0.124914
AAGACTGCAAGCTACT-1,0.445142,0.554547,0.000156,0.000156
AAGAGATGAATCGGTA-1,0.855948,0.143362,0.000345,0.000345
AAGAGCTCTTTATCGG-1,0.743884,0.25586,0.000128,0.000128
AAGAGGATGTACGCGA-1,0.878621,0.098623,0.022556,0.0002
AAGAGGCATGGATCGC-1,0.679586,0.320215,0.000099,0.000099
AAGAGGCCCTTTGGAA-1,0.171005,0.717239,0.024903,0.086854
AAGATGGCACCGGACC-1,0.537239,0.286012,0.000086,0.176663
AAGATTGGCGGAACGT-1,0.55454,0.445358,0.000051,0.000051
AAGCACCCTGCGTATC-1,0.907601,0.00337,0.001123,0.087906
AAGCATACTCTCCTGA-1,0.232244,0.693226,0.07351,0.00102
AAGCCGAAGCGGTTTA-1,0.433003,0.566769,0.000114,0.000114
AAGCGCAGGGCTTTGA-1,0.326794,0.536057,0.000559,0.136591
AAGCGTCCCTCATCGA-1,0.949774,0.027721,0.00015,0.022354
AAGCTAGATCGAGTAA-1,0.754707,0.205088,0.000975,0.039229
AAGCTCGTGCCAAGTC-1,0.353916,0.645676,0.000204,0.000204
AAGCTCTTTCATGGTG-1,0.717939,0.249034,0.000225,0.032802
AAGGATCGATCGCTTG-1,0.058309,0.941086,0.000302,0.000302
AAGGATGAGGGACCTC-1,0.389056,0.610827,0.000058,0.000058
AAGGCAGGCTGTCTCC-1,0.08035,0.507072,0.001112,0.411466
AAGGCGCGTAAAGCTT-1,0.896698,0.103264,0.000019,0.000019
AAGGGACAGATTCTGT-1,0.253728,0.741456,0.004768,0.000048
AAGGGACTATGCATTC-1,0.642526,0.316855,0.021439,0.019179
AAGGGTTTGATTTCAG-1,0.8965,0.001803,0.000601,0.101096
AAGGTATCCTAATATA-1,0.582741,0.411829,0.000066,0.005364
AAGGTGATAAACCAGC-1,0.731351,0.237731,0.000142,0.030776
AAGTAGTGACGCGAGG-1,0.998923,0.000646,0.000215,0.000215
AAGTCAATTGTCGTCA-1,0.46356,0.527409,0.008884,0.000147
AAGTCTTCTGTGGCCT-1,0.893153,0.104729,0.001059,0.001059
AAGTGACGACCGAATT-1,0.958744,0.010979,0.00007,0.030208
AAGTGCAAAGGTAGAC-1,0.999246,0.000453,0.000151,0.000151
AAGTGCCTTGACTGTA-1,0.61029,0.389268,0.000221,0.000221
AAGTGCGTTAGAATCT-1,0.97014,0.029788,0.000036,0.000036
AAGTGTTTGGAGACGG-1,0.618591,0.381064,0.000172,0.000172
AAGTTCACTCCAAGCT-1,0.721198,0.267727,0.011004,0.00007
AAGTTCGGCCAACAGG-1,0.999764,0.000142,0.000047,0.000047
AAGTTGTGATGTTATA-1,0.364098,0.626659,0.00009,0.009153
AAGTTTATGGGCCCAA-1,0.544812,0.35299,0.00039,0.101808
AATAACAACGCTCGGC-1,0.997134,0.00172,0.000573,0.000573
AATAACACTAGAACAA-1,0.615864,0.384054,0.000041,0.000041
AATAATCTTCGTATCG-1,0.375714,0.338968,0.000171,0.285147
AATACAATGTTTCAGG-1,0.797795,0.199982,0.001112,0.001112
AATAGAATCTGTTTCA-1,0.894043,0.105694,0.000132,0.000132
AATAGTCGCGAGTCGG-1,0.997134,0.001719,0.000573,0.000573
AATATCCTAGCAAACT-1,0.988545,0.000397,0.000132,0.010926
AATATCGAATCAATGC-1,0.748346,0.179811,0.000185,0.071659
AATATCGAGGGTTCTC-1,0.261459,0.738392,0.000075,0.000075
AATATTGGAGTATTGA-1,0.452585,0.532985,0.014369,0.000061
AATCATGTAAAGACTC-1,0.654642,0.177845,0.000075,0.167437
AATCCATGCAAGGGTG-1,0.255498,0.693158,0.020071,0.031272
AATCGCCTCAGCGCCA-1,0.81657,0.172135,0.000118,0.011177
AATCGCGCAGAGGACT-1,0.202342,0.330481,0.195193,0.271984
AATCGTGAGCCGAGCA-1,0.381129,0.611021,0.000037,0.007813
AATCTAGGTTTACTTG-1,0.999405,0.000357,0.000119,0.000119
AATCTCTACTGTGGTT-1,0.996548,0.002071,0.00069,0.00069
AATCTGCGTTGGGACG-1,0.446094,0.552641,0.00005,0.001215
AATCTGGCTTTCTAGT-1,0.999,0.0006,0.0002,0.0002
AATGACAGCAATGTCT-1,0.858752,0.083726,0.000087,0.057436
AATGACGTAGGATGTC-1,0.702669,0.242466,0.000157,0.054708
AATGAGTTCGCATATG-1,0.996928,0.001843,0.000614,0.000614
AATGATGATACGCTAT-1,0.344271,0.635848,0.019827,0.000054
AATGATGCGACTCCTG-1,0.230021,0.769871,0.000054,0.000054
AATGCAACCGGGTACC-1,0.287205,0.416708,0.218789,0.077298
AATGCACCAAGCAATG-1,0.170195,0.822925,0.000044,0.006836
AATGGTCCACCGTTCA-1,0.746973,0.252496,0.000265,0.000265
AATGGTTCTCACAAGC-1,0.074615,0.925365,0.00001,0.00001
AATGTGCCCGAGGTGT-1,0.645986,0.095313,0.000063,0.258638
AATGTTGTCGTGAGAC-1,0.253724,0.555089,0.00015,0.191036
AATTAACGGATTTCCA-1,0.90019,0.000599,0.0002,0.099012
AATTACGAGACCCATC-1,0.357286,0.642626,0.000044,0.000044
AATTACTCGTACGCTC-1,0.791793,0.206958,0.000625,0.000625
AATTAGCGCTGCAGCG-1,0.817,0.182919,0.00004,0.00004
AATTCATAAGGGATCT-1,0.394876,0.605006,0.000059,0.000059
AATTCGATTCGAGGAT-1,0.57822,0.331185,0.049849,0.040746
AATTCTAGAGTTAGGC-1,0.999677,0.000194,0.000065,0.000065
AATTGAACGCTCTGGT-1,0.763407,0.236403,0.000095,0.000095
AATTGCAGCAATCGAC-1,0.540741,0.459202,0.000028,0.000028
AATTGTGGTTGCCAAA-1,0.277463,0.614796,0.000054,0.107687
AATTTGGGACATAGTA-1,0.392692,0.467084,0.000152,0.140072
ACAAAGAAGGTAGGCC-1,0.999232,0.000461,0.000154,0.000154
ACAAAGCATGACCTAG-1,0.488771,0.511032,0.000099,0.000099
ACAAATCGCACCGAAT-1,0.754809,0.24492,0.000135,0.000135
ACAAATGGTAGTGTTT-1,0.593684,0.406153,0.000081,0.000081
ACAACAGCATGAGCTA-1,0.295847,0.703979,0.000087,0.000087
ACAACGGTCCCTGCGA-1,0.997894,0.001264,0.000421,0.000421
ACAAGCAGTGCCTAGC-1,0.998331,0.001002,0.000334,0.000334
ACAAGCTATATGGAAG-1,0.994756,0.003147,0.001049,0.001049
ACAAGGAAATCCGCCC-1,0.184519,0.804416,0.010966,0.000098
ACAAGGACAAGAGGTT-1,0.723763,0.249169,0.000037,0.027031
ACAAGGATGCTTTAGG-1,0.471697,0.528249,0.000027,0.000027
ACAAGGGCAGGCTCTG-1,0.657035,0.312157,0.000385,0.030424
ACAATAGTCGTACGTT-1,0.999704,0.000178,0.000059,0.000059
ACAATCCATTTAAACC-1,0.99912,0.000528,0.000176,0.000176
ACAATGAATACGGAGA-1,0.635114,0.231009,0.084741,0.049136
ACAATTGTGTCTCTTT-1,0.500883,0.498929,0.000094,0.000094
ACAATTTAGGAGGCTC-1,0.997949,0.001231,0.00041,0.00041
ACAATTTGAGCAGTGG-1,0.70885,0.290963,0.000093,0.000093
ACAATTTGGCCATATT-1,0.250428,0.544752,0.000591,0.204228
ACACAAAGACGGGTGG-1,0.151435,0.019966,0.723086,0.105513
ACACACCAGGACCAGT-1,0.91165,0.088233,0.000058,0.000058
ACACACTTTCTACACG-1,0.000206,0.023316,0.117248,0.859231
ACACATGATCAAATCT-1,0.455934,0.521977,0.000137,0.021952
ACACATTGACGCAACA-1,0.607649,0.343814,0.000588,0.047948
ACACCACATAATTAGC-1,0.33134,0.543606,0.050164,0.07489
ACACCCAGCATGCAGC-1,0.000241,0.220756,0.676176,0.102827
ACACCCGAGAAATCCG-1,0.373327,0.60879,0.017803,0.00008
ACACCGAGCGCTCTTT-1,0.825211,0.158342,0.01615,0.000297
ACACCTTAAGTAGGGC-1,0.496763,0.449186,0.0275,0.026551
ACACCTTACTACTTGC-1,0.013898,0.979152,0.003475,0.003475
ACACGAGACTCCTTCT-1,0.809498,0.155483,0.000201,0.034818
ACACGGGAACTTAGGG-1,0.977015,0.022844,0.000071,0.000071
ACACGTAGGCCACAAG-1,0.223838,0.470216,0.000406,0.30554
ACACTCCAATGTCACT-1,0.752001,0.246582,0.000708,0.000708
ACACTGGGACAGTCGT-1,0.420193,0.5013,0.078178,0.000329
ACAGAACTGAGAACAA-1,0.999908,0.000055,0.000018,0.000018
ACAGCGACATTCTCAT-1,0.813715,0.141416,0.000096,0.044773
ACAGGCACGGATCCTT-1,0.295227,0.664072,0.000245,0.040457
ACAGGCTTGCCCGACT-1,0.654989,0.344841,0.000085,0.000085
ACAGGTGGAGGTGAGG-1,0.784939,0.214775,0.000143,0.000143
ACAGGTGTGTTGTTGC-1,0.996139,0.002316,0.000772,0.000772
ACAGTAATACAACTTG-1,0.996894,0.001863,0.000621,0.000621
ACATAAGTCGTGGTGA-1,0.912823,0.063829,0.007673,0.015675
ACATAATAAGGCGGTG-1,0.166835,0.294668,0.021006,0.517491
ACATCAGCTGGGACGC-1,0.962984,0.036887,0.000064,0.000064
ACATCCTGGTAACTGT-1,0.470054,0.529473,0.000237,0.000237
ACATCGATCGTTTACC-1,0.76259,0.198712,0.028649,0.010048
ACATCGGTCAGCCGCG-1,0.903774,0.000559,0.000186,0.095481
ACATCGTATGCAATGG-1,0.659559,0.305661,0.034702,0.000078
ACATGGCGCCAAAGTA-1,0.366419,0.489669,0.000215,0.143697
ACATGGCTCAATTTAG-1,0.706003,0.193619,0.037376,0.063002
ACATTAGTTTATATCC-1,0.424673,0.289045,0.040274,0.246008
ACCAACCGCACTCCAC-1,0.603904,0.378194,0.007987,0.009915
ACCAATATGCAAGTTA-1,0.6482,0.351458,0.000171,0.000171
ACCACAAGTTTCTATC-1,0.289477,0.047257,0.492267,0.170999
ACCACCAATGTAACAA-1,0.002696,0.872282,0.000674,0.124348
ACCACGTGCAGCTATA-1,0.77886,0.001885,0.218627,0.000628
ACCACTGTTCAAGAAG-1,0.265234,0.67545,0.020309,0.039007
ACCAGACCATAACAAC-1,0.878217,0.121182,0.000301,0.000301
ACCAGTGCGGGAGACG-1,0.522839,0.463925,0.000098,0.013137
ACCATATCCGCAATAA-1,0.224804,0.00269,0.771609,0.000897
ACCATCCGCCAACTAG-1,0.902267,0.096994,0.000369,0.000369
ACCATCGTATATGGTA-1,0.809907,0.119937,0.000109,0.070047
ACCATTAAGGGTGTCA-1,0.99389,0.003666,0.001222,0.001222
ACCCAACGCCCGTGGC-1,0.386039,0.613867,0.000047,0.000047
ACCCACCTACATGCTC-1,0.996057,0.002366,0.000788,0.000788
ACCCATCTTGAGGGTA-1,0.973746,0.000217,0.000072,0.025965
ACCCATTTGTCCCTCT-1,0.807886,0.186707,0.000109,0.005299
ACCCGAGCGAAATTAC-1,0.568769,0.422434,0.000111,0.008686
ACCCGGAAACTCCCAG-1,0.844633,0.154739,0.000314,0.000314
ACCCGGAGCACCACAA-1,0.182753,0.197107,0.000545,0.619595
ACCCGGATGACGCATC-1,0.389793,0.610007,0.0001,0.0001
ACCCGTAGTCTAGTTG-1,0.341408,0.579101,0.000247,0.079243
ACCCTATAGGACTGAG-1,0.855286,0.143506,0.000604,0.000604
ACCCTATGCCATATCG-1,0.344044,0.126336,0.000279,0.52934
ACCCTCCCGTCAGGGC-1,0.280026,0.719363,0.000305,0.000305
ACCCTCCCTTGCTATT-1,0.568788,0.401295,0.029834,0.000082
ACCCTTCATCTGCGAA-1,0.125392,0.462382,0.177707,0.234519
ACCGAAGAGTCTGGTT-1,0.999381,0.000371,0.000124,0.000124
ACCGACACATCTCCCA-1,0.996084,0.002349,0.000783,0.000783
ACCGACTGAGTCCCAC-1,0.749594,0.232469,0.017854,0.000083
ACCGATAGGCATAACC-1,0.451857,0.547859,0.000142,0.000142
ACCGATATTTAATCAT-1,0.444886,0.438729,0.000438,0.115947
ACCGATGGTAGCATCG-1,0.54934,0.450525,0.000067,0.000067
ACCGCAATAACTGCCT-1,0.640527,0.359307,0.000083,0.000083
ACCGCGGTGGAAGTCG-1,0.423872,0.513108,0.000225,0.062795
ACCGGGCCTTTGTTGA-1,0.672692,0.327123,0.000093,0.000093
ACCGGTCAGGTACACC-1,0.346986,0.566601,0.030779,0.055634
ACCGTGACCACGTGGG-1,0.785892,0.213577,0.000265,0.000265
ACCTAAGTACCTTTCA-1,0.908986,0.09059,0.000212,0.000212
ACCTAATCGACTTCCT-1,0.997918,0.001249,0.000416,0.000416
ACCTACAGTATGTGGT-1,0.212149,0.472261,0.002138,0.313452
ACCTCCGCCCTCGCTG-1,0.673106,0.247071,0.000157,0.079666
ACCTCCGTTATTCACC-1,0.173794,0.789054,0.021671,0.015481
ACCTGCGTGTCATGTT-1,0.462935,0.536905,0.00008,0.00008
ACGAAATGGGCGGCAC-1,0.99807,0.001158,0.000386,0.000386
ACGACCCATGAGTTGC-1,0.131894,0.661786,0.045463,0.160857
ACGACTGGTCATACTC-1,0.358823,0.596249,0.021848,0.023081
ACGAGGATACCACTCT-1,0.901735,0.097426,0.00042,0.00042
ACGAGGTTTACAACGT-1,0.998422,0.001477,0.000051,0.000051
ACGAGTACGGATGCCC-1,0.093524,0.875909,0.00005,0.030518
ACGATACATAGAACTA-1,0.807907,0.134183,0.00012,0.05779
ACGATACCTATCCTGA-1,0.905757,0.006672,0.085348,0.002223
ACGATCATACATAGAG-1,0.606908,0.325608,0.000114,0.06737
ACGATCATCTTGTAAA-1,0.264747,0.729273,0.00008,0.0059
ACGATGCATATGTTAT-1,0.649122,0.241469,0.032774,0.076635
ACGATGGATCCGATGC-1,0.44619,0.408626,0.082202,0.062982
ACGCATACGTTTACTA-1,0.820535,0.179022,0.000221,0.000222
ACGCATTCGTGAGTAC-1,0.317822,0.55661,0.045674,0.079894
ACGCCAGATGATTTCT-1,0.254414,0.67627,0.069105,0.000211
ACGCCGCTAGACGACC-1,0.580371,0.38246,0.036945,0.000224
ACGCGAAGTCAGACGA-1,0.201818,0.452999,0.21569,0.129493
ACGCGCTACACAGGGT-1,0.99569,0.002586,0.000862,0.000862
ACGCGGGCCAAGGACA-1,0.858392,0.075266,0.000123,0.06622
ACGCGTTTCTTAAGAG-1,0.951419,0.001756,0.04624,0.000585
ACGCTAGTGATACACT-1,0.35587,0.623865,0.000081,0.020183
ACGCTGTGAGGCGTAG-1,0.928076,0.071352,0.000286,0.000286
ACGGAATTTAGCAAAT-1,0.877062,0.122577,0.00018,0.000181
ACGGACTCTCAAAGCG-1,0.697018,0.301835,0.000573,0.000573
ACGGATGGTGCGGATA-1,0.775151,0.22396,0.000445,0.000445
ACGGCGACGATGGGAA-1,0.445069,0.533173,0.021663,0.000095
ACGGGAGTGTCGGCCC-1,0.883215,0.104226,0.000056,0.012504
ACGGGTCATGTGACTT-1,0.825772,0.172957,0.000635,0.000635
ACGTAGATTGCTGATG-1,0.815445,0.183372,0.000591,0.000592
ACGTATTACTCCGATC-1,0.018446,0.979303,0.000027,0.002224
ACGTCTCGTTCCGGGA-1,0.676608,0.321929,0.000731,0.000732
ACGTGACAAAGTAAGT-1,0.690915,0.308485,0.0003,0.0003
ACGTGCGCCTCGTGCA-1,0.053665,0.372506,0.09608,0.47775
ACGTTAATGTCGAAGA-1,0.709608,0.288407,0.000993,0.000993
ACGTTAGATTTGCCCG-1,0.704084,0.171742,0.000065,0.124109
ACGTTATTGGTCACTC-1,0.996504,0.002098,0.000699,0.000699
ACGTTCGCAATCAATT-1,0.000157,0.962056,0.02296,0.014826
ACGTTCGTTCAGGAAA-1,0.372369,0.626455,0.000588,0.000588
ACGTTCTGTACAAGTC-1,0.711532,0.239716,0.000061,0.048691
ACGTTTAGTTGTGATC-1,0.288907,0.335341,0.051351,0.324401
ACTACCAGCTCTCTGG-1,0.358155,0.639182,0.00004,0.002623
ACTAGTTGCGATCGTC-1,0.678238,0.321317,0.000223,0.000223
ACTATCCAGGGCATGG-1,0.212398,0.743467,0.000229,0.043906
ACTATCGCCGGCTAAA-1,0.460559,0.276602,0.000183,0.262656
ACTATCTGCCCGCGTA-1,0.420367,0.000449,0.000149,0.579035
ACTATTCGTCCGTGGT-1,0.227478,0.771937,0.000293,0.000293
ACTATTTCCGGGCCCA-1,0.995328,0.002803,0.000934,0.000934
ACTCAAGTGCAAGGCT-1,0.647607,0.352329,0.000032,0.000032
ACTCAATAAAGGCACG-1,0.800956,0.171367,0.009943,0.017733
ACTCCCATTCCTAAAG-1,0.998596,0.000842,0.000281,0.000281
ACTCCCGAATTCGTTT-1,0.290941,0.70046,0.008529,0.00007
ACTCCCTAATGCTAAA-1,0.376535,0.607555,0.015734,0.000176
ACTCCCTAGAATAGTA-1,0.196015,0.802162,0.000911,0.000911
ACTCGATGTATTTCAT-1,0.491361,0.462442,0.044961,0.001236
ACTCGCCGTTCGATAA-1,0.148491,0.500461,0.316733,0.034316
ACTCGCGATCTGACGC-1,0.003246,0.262466,0.000812,0.733476
ACTCGTAACCCGTCCT-1,0.966071,0.033684,0.000123,0.000123
ACTCGTCAGTAATCCC-1,0.395687,0.531455,0.07276,0.000098
ACTCTAAACCTGGGAT-1,0.924928,0.07413,0.000471,0.000471
ACTCTCTGACTTAGGT-1,0.51713,0.482459,0.000206,0.000206
ACTCTGACCTAATAGA-1,0.371969,0.4952,0.065125,0.067706
ACTCTTCAGCTCCCGC-1,0.196009,0.72019,0.006721,0.077079
ACTCTTGTATAGTAAC-1,0.191082,0.808446,0.000236,0.000236
ACTGAAACGCCGTTAG-1,0.947852,0.05212,0.000014,0.000014
ACTGAATGGCGAAAGT-1,0.653497,0.346314,0.000094,0.000094
ACTGCCGTCGTAACTC-1,0.440468,0.544166,0.014017,0.001348
ACTGCGGACACACCGT-1,0.135038,0.692701,0.000662,0.171599
ACTGCTCGGAAGGATG-1,0.998274,0.001036,0.000345,0.000345
ACTGTACGATACACAT-1,0.681869,0.317874,0.000128,0.000128
ACTGTAGCACTTTGGA-1,0.770589,0.220612,0.000041,0.008758
ACTGTCCAGGATTATA-1,0.33152,0.044621,0.623466,0.000393
ACTGTCTTCTTTAGAA-1,0.871591,0.127962,0.000142,0.000306
ACTGTGCTAGTAGATC-1,0.143065,0.819744,0.037085,0.000106
ACTTACGCATCCACGC-1,0.716211,0.28256,0.000614,0.000614
ACTTAGTACGACAAGA-1,0.387894,0.58306,0.000091,0.028955
ACTTATACTTACCCGG-1,0.624709,0.375168,0.000061,0.000061
ACTTATTAGGATCGGT-1,0.313767,0.114735,0.485664,0.085833
ACTTATTTATGTGCCA-1,0.622936,0.376911,0.000077,0.000077
ACTTCAGGCTGATCCC-1,0.409168,0.586049,0.000102,0.004681
ACTTCCAGTGGAAGCT-1,0.957302,0.000871,0.00029,0.041536
ACTTCCATGCGGGACA-1,0.316895,0.6808,0.000023,0.002283
ACTTCGCCATACGCAC-1,0.354647,0.645094,0.00013,0.00013
ACTTCGCTAGCGAGTG-1,0.195774,0.803733,0.000247,0.000247
ACTTGACTCCCTCTTT-1,0.557504,0.441781,0.000358,0.000358
ACTTGTAGTCCCTTCA-1,0.806592,0.191508,0.00095,0.00095
ACTTGTGGATGGAACG-1,0.671499,0.188256,0.056697,0.083548
ACTTTACCCTCATGAA-1,0.176537,0.721982,0.101427,0.000055
ACTTTCCTATAGCTTC-1,0.763373,0.031332,0.000107,0.205188
ACTTTGACTGCATCCT-1,0.995248,0.002851,0.00095,0.000951
ACTTTGTCGACGCACT-1,0.453472,0.397477,0.000407,0.148644
AGAAATTATGACTCGC-1,0.665817,0.217921,0.000415,0.115847
AGAACCCAGCGTGACA-1,0.010595,0.640587,0.00022,0.348598
AGAACCCTCAATTGGG-1,0.441654,0.469594,0.033818,0.054934
AGAACGTGGTACATTC-1,0.927153,0.062582,0.0102,0.000065
AGAAGAGCGCCGTTCC-1,0.83095,0.168092,0.000479,0.000479
AGAAGGTACACTTCAC-1,0.997654,0.001408,0.000469,0.000469
AGAAGGTTGCCGAATT-1,0.653758,0.255486,0.039277,0.05148
AGAAGGTTGTAGGTCG-1,0.633283,0.365045,0.000836,0.000836
AGAAGTGATTCGTGAT-1,0.556367,0.443496,0.000068,0.000068
AGAATAAATCTTCAGG-1,0.997583,0.00145,0.000483,0.000483
AGAATTATGGATTCGA-1,0.219876,0.778175,0.001909,0.00004
AGAATTGTTTGACATA-1,0.20941,0.790465,0.000063,0.000063
AGACAGCTCAGAATCC-1,0.996192,0.002285,0.000761,0.000762
AGACAGGCATCTCAGC-1,0.315556,0.218821,0.000217,0.465406
AGACCAAACCACACCT-1,0.999344,0.000393,0.000131,0.000131
AGACCATGGGATACAA-1,0.998839,0.000696,0.000232,0.000232
AGACCCACCGCTGATC-1,0.998914,0.000651,0.000217,0.000217
AGACCCGCCCTCCTCG-1,0.148673,0.020221,0.769492,0.061614
AGACCGCTCCGCGGTT-1,0.554133,0.001652,0.000275,0.443941
AGACCGGGAAACCCTG-1,0.924971,0.024665,0.018765,0.031598
AGACGAAGTGCCGGTC-1,0.705146,0.294646,0.000104,0.000104
AGACGACGATGCCGCT-1,0.996768,0.001939,0.000646,0.000646
AGACGCCCACTTCGCC-1,0.359535,0.540059,0.010051,0.090355
AGAGAACCGTCTAGGA-1,0.405973,0.593921,0.000053,0.000053
AGAGAAGGAGTACAAT-1,0.813416,0.185751,0.000416,0.000417
AGAGATCTCTAAAGCG-1,0.998201,0.001079,0.00036,0.00036
AGAGCAGTTATGAGAC-1,0.996749,0.00195,0.00065,0.00065
AGAGCCGCCGAGATTT-1,0.453406,0.507585,0.000456,0.038553
AGAGCGGGCTAATCAT-1,0.231826,0.138043,0.033796,0.596335
AGAGCGTACAAGCTCG-1,0.778597,0.220809,0.000297,0.000297
AGAGCTACGAAAGCAT-1,0.999676,0.000194,0.000065,0.000065
AGAGGCTTCGGAAACC-1,0.816087,0.18361,0.000151,0.000151
AGAGTAAACTTCACTA-1,0.666603,0.332641,0.000378,0.000378
AGATAACTTCAGGGCC-1,0.545007,0.355223,0.008027,0.091742
AGATACCAATAGAACC-1,0.273746,0.663419,0.000205,0.06263
AGATACCGGTGTTCAC-1,0.40154,0.346663,0.000235,0.251562
AGATACTCAAGATCGA-1,0.736214,0.218944,0.021133,0.023709
AGATATAATACGACTA-1,0.888735,0.094359,0.016652,0.000253
AGATCGTGCATAAGAT-1,0.341232,0.637109,0.007248,0.014411
AGATCTCAGGTGTGAT-1,0.791842,0.207765,0.000196,0.000196
AGATGACTCGCCCACG-1,0.000256,0.158794,0.737245,0.103705
AGATGATGGAGTCTGG-1,0.283472,0.69516,0.003183,0.018185
AGATGCAAGACGTGCA-1,0.53098,0.437891,0.000047,0.031081
AGATGCATCCTGTGTC-1,0.99675,0.00195,0.00065,0.00065
AGATGCTATAACGAGC-1,0.951061,0.001313,0.000438,0.047188
AGATTATAGGACGTTT-1,0.365396,0.118209,0.444849,0.071546
AGATTCACAACCGATA-1,0.999398,0.000361,0.00012,0.00012
AGCAAAGGCCGCTAGT-1,0.794266,0.204394,0.00067,0.00067
AGCAACATATCTTATT-1,0.58696,0.412882,0.000079,0.000079
AGCAACCGAAAGTAAT-1,0.949086,0.050817,0.000048,0.000048
AGCACCAGTACTCACG-1,0.839337,0.160521,0.000071,0.000071
AGCACTACCGGCCTGT-1,0.999276,0.000434,0.000145,0.000145
AGCACTACCTCACCAG-1,0.891083,0.094921,0.013791,0.000204
AGCACTTAAGGACGCC-1,0.929371,0.008818,0.028628,0.033182
AGCAGAAGGAGAAAGA-1,0.712256,0.163516,0.001049,0.12318
AGCATATCAATATGCT-1,0.740829,0.258853,0.000159,0.000159
AGCATCATTTCGAAAG-1,0.999695,0.000183,0.000061,0.000061
AGCATCGTCGATAATT-1,0.222953,0.001204,0.775441,0.000401
AGCATTACGAGGCAAG-1,0.60075,0.302137,0.004263,0.09285
AGCCACAGGTTACCCG-1,0.378318,0.621614,0.000034,0.000034
AGCCACTCCCGTGCTT-1,0.203483,0.781514,0.014928,0.000075
AGCCCATACATGTAAG-1,0.999248,0.000451,0.00015,0.00015
AGCCCTAAGCGAAGTT-1,0.078885,0.216864,0.00007,0.704181
AGCCCTGTCGCACCGT-1,0.002601,0.716557,0.00065,0.280192
AGCCCTTGGACATCCC-1,0.330367,0.646088,0.000117,0.023429
AGCCGCAAATTCAAAT-1,0.928067,0.070632,0.00065,0.00065
AGCCGCTTGATTAGCG-1,0.18006,0.152385,0.17343,0.494124
AGCCGTGGCTAAATGT-1,0.97492,0.024996,0.000042,0.000042
AGCCTAATACCCACGT-1,0.589852,0.408884,0.000632,0.000632
AGCCTTAAAGCGGAAG-1,0.670115,0.328836,0.000524,0.000524
AGCGACAGGAACGGTC-1,0.92458,0.074841,0.00029,0.00029
AGCGACATCCCATTCA-1,0.054084,0.325949,0.48111,0.138857
AGCGACCAACGATATT-1,0.151294,0.007808,0.832264,0.008634
AGCGATGCGCCTAATA-1,0.69906,0.248991,0.000236,0.051713
AGCGCGGGTGCCAATG-1,0.088612,0.911315,0.000037,0.000037
AGCGCTAGAGCGATGT-1,0.125655,0.873227,0.000559,0.000559
AGCGGACACTTCGTAG-1,0.827885,0.099097,0.061393,0.011625
AGCGGCGGTTAGCGGT-1,0.703534,0.293786,0.00134,0.00134
AGCGGGTCTGACACTC-1,0.477704,0.366037,0.000112,0.156148
AGCGTACGAGAGCTAG-1,0.200258,0.20996,0.231594,0.358188
AGCGTGGTATTCTACT-1,0.368735,0.631041,0.000112,0.000112
AGCTAACAAGCAATGT-1,0.828968,0.139322,0.031477,0.000233
AGCTAAGTACGCAGGC-1,0.629939,0.369832,0.000211,0.000018
AGCTAGAAGCAGAAGT-1,0.095491,0.904414,0.000048,0.000048
AGCTATTTAATCCAAC-1,0.68698,0.312266,0.000377,0.000377
AGCTCCATATATGTTC-1,0.000313,0.903114,0.012723,0.08385
AGCTCCTTCGCACATC-1,0.707871,0.283147,0.008868,0.000115
AGCTCTAGACGTTCCA-1,0.130714,0.869232,0.000027,0.000027
AGCTCTTCCCAGTGCA-1,0.435313,0.502839,0.035456,0.026391
AGCTCTTCGTAACCTT-1,0.001869,0.997197,0.000467,0.000467
AGCTGAAGTAAACCAA-1,0.53858,0.461281,0.000069,0.000069
AGCTGTAACCTCAATC-1,0.743104,0.210282,0.000131,0.046483
AGCTTCTTCTCGAGCA-1,0.550172,0.449636,0.000096,0.000096
AGCTTGATCTTAACTT-1,0.999748,0.000151,0.00005,0.00005
AGGAACGAACGACTTC-1,0.017266,0.755619,0.000109,0.227006
AGGAAGCTGTCCGCCG-1,0.997378,0.001573,0.000524,0.000524
AGGACAGTCGAATCCC-1,0.664782,0.335051,0.000084,0.000084
AGGACGCTCGATGTTG-1,0.075656,0.850839,0.00007,0.073434
AGGACTTATAGGAGAA-1,0.559126,0.275913,0.065293,0.099667
AGGAGGCCTTCGCGCG-1,0.716685,0.251353,0.000101,0.031862
AGGATAAAGTCGGGAT-1,0.995248,0.002851,0.00095,0.00095
AGGATATAGGGATTTA-1,0.728811,0.271114,0.000037,0.000037
AGGATCACGCGATCTG-1,0.995329,0.002803,0.000934,0.000934
AGGCAATACGGAGGAC-1,0.313538,0.163918,0.515187,0.007357
AGGCACGTGACTGTCC-1,0.34273,0.604711,0.015158,0.037401
AGGCAGATGCGTAAAC-1,0.435685,0.564211,0.000052,0.000052
AGGCATTGTCGTAGGG-1,0.672856,0.326877,0.000134,0.000134
AGGCCACATTGGTTAC-1,0.056963,0.756861,0.000134,0.186041
AGGCCACCCGTTATGA-1,0.795635,0.194109,0.010176,0.00008
AGGCCCAGTGACTGGT-1,0.911921,0.087604,0.000238,0.000238
AGGCCCATTGTACAGG-1,0.000255,0.299567,0.655455,0.044724
AGGCCCTAGAACGCCA-1,0.573958,0.405132,0.000033,0.020876
AGGCCTGAGAATCTCG-1,0.686115,0.313807,0.000041,0.000037
AGGCGATAACTGGCGT-1,0.286274,0.443579,0.000301,0.269845
AGGCGGTTTGTCCCGC-1,0.891766,0.094455,0.013419,0.00036
AGGCTATGGTTAGCTT-1,0.999583,0.00025,0.000083,0.000083
AGGCTTCCCGAAGAAG-1,0.903511,0.000496,0.000165,0.095828
AGGCTTGCTAGACACC-1,0.786123,0.212554,0.000662,0.000662
AGGGAAACGAGGTACT-1,0.3675,0.502748,0.061431,0.068321
AGGGACCGGCTGCGTT-1,0.173768,0.78336,0.00009,0.042782
AGGGCCCTAATGTTCT-1,0.340231,0.60743,0.051964,0.000376
AGGGCGAGCAGCTGAT-1,0.75691,0.242876,0.000107,0.000107
AGGGCTGCAGTTACAG-1,0.617421,0.168058,0.183567,0.030955
AGGGTCGATGCGAACT-1,0.173074,0.808251,0.000064,0.01861
AGGGTGCTCTCGAGGG-1,0.329692,0.572692,0.097565,0.000051
AGGGTGGATAGTGCAT-1,0.999724,0.000166,0.000055,0.000055
AGGGTTCCCTTTGGTT-1,0.629919,0.341914,0.000069,0.028098
AGGGTTTAGTTCGGGA-1,0.777189,0.158078,0.006891,0.057842
AGGTAGATCGAGATAT-1,0.374305,0.572824,0.001913,0.050958
AGGTAGGTACAAAGCT-1,0.997426,0.001544,0.000515,0.000515
AGGTATAATTGATAGT-1,0.217455,0.702204,0.023849,0.056493
AGGTATGCGGACATTA-1,0.360402,0.590754,0.00823,0.040614
AGGTCAGGTGAGAGTG-1,0.999894,0.000064,0.000021,0.000021
AGGTCGCCTCCCAACA-1,0.10404,0.697486,0.000134,0.19834
AGGTCGCGGAGTTACT-1,0.217163,0.782714,0.000062,0.000062
AGGTGTATCGCCATGA-1,0.999302,0.000419,0.00014,0.00014
AGGTTACACCATGCCG-1,0.219276,0.721061,0.025973,0.033691
AGGTTGAGGCACGCTT-1,0.855903,0.103275,0.03897,0.001852
AGGTTTCACACACCTT-1,0.969389,0.030378,0.000117,0.000117
AGTAATGTCTTGCCGC-1,0.106486,0.253316,0.552776,0.087422
AGTACATCATTTATCA-1,0.114055,0.885799,0.000073,0.000073
AGTACGGCCCGTATCG-1,0.848677,0.151012,0.000155,0.000155
AGTACGGGCACCTGGC-1,0.675943,0.249576,0.000075,0.074406
AGTACTCTTATGCCCA-1,0.696702,0.267171,0.036057,0.000069
AGTAGGTAACATACAT-1,0.041824,0.058717,0.899411,0.000048
AGTATAATACTAGGCA-1,0.997986,0.001209,0.000403,0.000403
AGTATGCTGGAGACCA-1,0.517529,0.482359,0.000056,0.000056
AGTCAAGATGACACTT-1,0.448389,0.551488,0.000062,0.000062
AGTCACTAGCTCTCGA-1,0.823274,0.155686,0.000197,0.020844
AGTCAGCCACCGCCTG-1,0.7199,0.216826,0.000515,0.062759
AGTCCATTGGCTGATG-1,0.495967,0.440977,0.000198,0.062857
AGTCCCGCCTTTAATT-1,0.281639,0.706326,0.011085,0.00095
AGTCGACGGTCTCAAG-1,0.660164,0.339724,0.000056,0.000056
AGTCGGCCCAAACGAC-1,0.421594,0.578391,0.000008,0.000008
AGTCGGCTCAACTTTA-1,0.85359,0.146252,0.000079,0.000079
AGTCGGTTGCGTGAGA-1,0.005852,0.991222,0.001463,0.001463
AGTCGTATAAAGCAGA-1,0.409481,0.547998,0.017394,0.025127
AGTCGTCGACCACCAA-1,0.718838,0.276075,0.000088,0.004999
AGTCGTGGGCATTACG-1,0.936943,0.062767,0.000145,0.000145
AGTCTAAAGTATACTC-1,0.213179,0.786419,0.000201,0.000201
AGTCTCACAAGACTAC-1,0.846818,0.094407,0.000185,0.05859
AGTCTGGACATCCTTG-1,0.795895,0.203779,0.000163,0.000163
AGTCTTCTCCTCAAAT-1,0.604211,0.395644,0.000072,0.000072
AGTCTTTAAAGTGTCC-1,0.438247,0.384997,0.000267,0.176489
AGTGAACAAACTTCTC-1,0.51941,0.480314,0.000138,0.000138
AGTGAGACTTCCAGTA-1,0.398814,0.553435,0.047693,0.000058
AGTGAGCCTCGCCGCC-1,0.167498,0.832366,0.000068,0.000068
AGTGAGTCGAATTAAC-1,0.17758,0.788954,0.033327,0.000138
AGTGATAACCTGCGCG-1,0.441935,0.556778,0.000026,0.001261
AGTGATTCAAGCAGGA-1,0.562925,0.431485,0.005529,0.000061
AGTGCACGCTTAAGAA-1,0.827034,0.152419,0.000079,0.020467
AGTGCGTAGCTCGTAA-1,0.401914,0.090584,0.000079,0.507423
AGTGCTAAACACAGCA-1,0.739855,0.254404,0.000029,0.005711
AGTGCTTGCACGAATA-1,0.621045,0.378774,0.00009,0.00009
AGTGGCGGCAATTTGA-1,0.349245,0.650681,0.000037,0.000037
AGTGGCGTCTGAAGGT-1,0.605977,0.386174,0.007816,0.000033
AGTGGCTCCGTCGGCC-1,0.829687,0.170122,0.000096,0.000096
AGTGGGAGTATACACG-1,0.068307,0.000235,0.93138,0.000078
AGTGGTGTTACCCGTG-1,0.993051,0.00417,0.00139,0.00139
AGTGGTTGCGTATAGG-1,0.399597,0.600258,0.000073,0.000073
AGTGTATTGCGCATTG-1,0.158809,0.788156,0.000069,0.052967
AGTGTGCTAAGATCGC-1,0.995516,0.00269,0.000897,0.000897
AGTGTGGTCTATTGTG-1,0.177318,0.822572,0.000055,0.000055
AGTTAAGCGGTCCCGG-1,0.287563,0.691621,0.000165,0.020651
AGTTAAGTCAACCGCT-1,0.938342,0.061481,0.000089,0.000089
AGTTACCCTTAAGACT-1,0.915308,0.063938,0.000407,0.020346
AGTTACCGCACATGGT-1,0.999769,0.000139,0.000046,0.000046
AGTTACTCTATCGTGG-1,0.392594,0.606217,0.000594,0.000594
AGTTCACCGGTTGGAC-1,0.802578,0.130621,0.066233,0.000567
AGTTCCTATTTATGTT-1,0.971179,0.000274,0.000091,0.028456
AGTTCTGCGTTGTATC-1,0.786434,0.213142,0.000212,0.000212
AGTTGACATCGGCTGG-1,0.110898,0.648508,0.131759,0.108835
AGTTGACGGTCCTTGC-1,0.880795,0.001793,0.000598,0.116813
AGTTGCTGACTGATAT-1,0.766388,0.215689,0.017794,0.000128
AGTTGGCAAGGCTAGA-1,0.307703,0.635204,0.020108,0.036985
AGTTTGCACCTGCCTC-1,0.809045,0.003924,0.001308,0.185723
AGTTTGGCACGGGTTG-1,0.702817,0.296718,0.000233,0.000233
AGTTTGGCCAGACCTA-1,0.951902,0.047709,0.000195,0.000195
ATAAACGGACCCGTAA-1,0.52846,0.33029,0.000862,0.140387
ATAAACGTTGCACCAC-1,0.718161,0.28079,0.000524,0.000524
ATAAATATTAGCAGCT-1,0.917474,0.000282,0.08215,0.000094
ATAACGCCGGAGGGTC-1,0.717068,0.282754,0.000089,0.000089
ATAACGGAGTCCAACG-1,0.929431,0.052684,0.000237,0.017648
ATAAGGTGGAGAACAT-1,0.277652,0.559787,0.000812,0.161749
ATAAGTAGGATTCAGA-1,0.059042,0.940858,0.00005,0.00005
ATAAGTAGGGCGACTC-1,0.212475,0.688204,0.022427,0.076894
ATAATACCGTTAGCCG-1,0.99603,0.002382,0.000794,0.000794
ATAATAGCTGTTGAAT-1,0.909867,0.090058,0.000037,0.000037
ATAATAGTGTAGGGAC-1,0.755866,0.243837,0.000148,0.000148
ATAATCTTGGAGAACC-1,0.844355,0.001803,0.000601,0.153241
ATAATTAGCTAAGTAG-1,0.539453,0.410199,0.034717,0.015631
ATACAGGCCCTCCAAT-1,0.645813,0.347013,0.003587,0.003587
ATACCACGGGCAACTT-1,0.819672,0.161342,0.018853,0.000132
ATACCTAACCAAGAAA-1,0.998493,0.000904,0.000301,0.000301
ATACGAAGGCTTTCCA-1,0.002833,0.381895,0.000708,0.614564
ATACGCCGGCGAAACC-1,0.754662,0.237135,0.008101,0.000102
ATACGGAACGTCGTTT-1,0.505385,0.494553,0.000031,0.000031
ATACGGGTTTCGATTG-1,0.594656,0.356401,0.048843,0.0001
ATACGGTGAAGATGCA-1,0.984175,0.015709,0.000058,0.000058
ATACGTACTTAGCCAC-1,0.365098,0.630286,0.000132,0.004484
ATACGTCCACTCCTGT-1,0.733139,0.231527,0.035223,0.000111
ATACGTTATGCACGGA-1,0.700435,0.024789,0.000067,0.274708
ATACTACCCGTACCAC-1,0.813447,0.186119,0.000217,0.000217
ATACTAGCATGACCCT-1,0.108368,0.188467,0.000183,0.702982
ATACTCTCGCCACTCT-1,0.239954,0.548773,0.027424,0.18385
ATACTGCCTTACACCG-1,0.667753,0.311006,0.000097,0.021143
ATACTTGTTCTCGAGC-1,0.998868,0.000679,0.000226,0.000226
ATAGACAACGGGACCT-1,0.677845,0.322035,0.00006,0.00006
ATAGAGTTATCAACTT-1,0.356907,0.642963,0.000065,0.000065
ATAGCAACTAGGGAAG-1,0.606061,0.375416,0.011437,0.007086
ATAGCCTCAGTACCCA-1,0.994087,0.003548,0.001182,0.001183
ATAGCTGCTCTTGTTA-1,0.949439,0.005957,0.001985,0.042619
ATAGGCGGCTATAGAA-1,0.999647,0.000212,0.000071,0.00007
ATAGGCTAGCTTCGCA-1,0.342107,0.654304,0.003528,0.00006
ATAGGGATATCCTTGA-1,0.700846,0.287133,0.000154,0.011867
ATAGGTTGGGCAGATG-1,0.856583,0.004581,0.049913,0.088922
ATAGTGAAGCGTTCTC-1,0.257058,0.156678,0.344466,0.241798
ATAGTTCCACCCACTC-1,0.248526,0.75112,0.000177,0.000177
ATATAAAGCGCTCGTG-1,0.669683,0.328593,0.000862,0.000862
ATATAAATGTAGCTGC-1,0.418265,0.579785,0.000975,0.000975
ATATAACACGGGCGCA-1,0.316224,0.683705,0.000036,0.000036
ATATACATGTATGGTA-1,0.830126,0.169214,0.00033,0.00033
ATATACGCTCGTGACG-1,0.387834,0.306434,0.000277,0.305455
ATATCAACCTACAGAG-1,0.342234,0.657479,0.000144,0.000144
ATATCAATTCCAGCCT-1,0.775895,0.22308,0.000512,0.000512
ATATCGGTAGGGAGAT-1,0.066166,0.872936,0.000141,0.060757
ATATCGTTCCTCGAAC-1,0.624469,0.375495,0.000018,0.000018
ATATCTCCCTCGTTAA-1,0.326997,0.67287,0.000066,0.000066
ATATCTTAGGGCCTTC-1,0.569181,0.30603,0.053943,0.070846
ATATGTCTCCCTAGCC-1,0.311387,0.607825,0.080706,0.000082
ATATTATCCCGTATTT-1,0.125875,0.632738,0.130939,0.110448
ATATTCAGTTAAACCT-1,0.855193,0.051229,0.000179,0.0934
ATATTCCACATAGTGA-1,0.636541,0.35401,0.009331,0.000118
ATATTGCTGTCAAAGT-1,0.547179,0.452441,0.00019,0.00019
ATATTGGAGAGGCCTT-1,0.453014,0.281491,0.071726,0.19377
ATATTTAACCCTCAAG-1,0.322901,0.06472,0.444311,0.168067
ATCAAACACTGTTCCA-1,0.635617,0.364068,0.000158,0.000158
ATCAAACGAAGGTTTG-1,0.99966,0.000204,0.000068,0.000068
ATCAATCTGGGCTGCA-1,0.904461,0.071009,0.000089,0.024441
ATCAATGCCGTGGCTG-1,0.538078,0.453324,0.000124,0.008475
ATCACATTAGAATATC-1,0.754423,0.245394,0.000092,0.000092
ATCACGTGCTAATTAA-1,0.948356,0.051537,0.000054,0.000054
ATCACTTCATCCTCGC-1,0.575545,0.392016,0.000159,0.032281
ATCAGACGGCACGCCG-1,0.662811,0.195257,0.053231,0.088701
ATCAGCCTCATGCTGC-1,0.671741,0.290486,0.024923,0.01285
ATCAGCTCGTCCACTA-1,0.920591,0.001373,0.000458,0.077579
ATCAGGTAGCTGACAG-1,0.34344,0.58851,0.006311,0.061739
ATCAGTAGGCAGGGAT-1,0.067907,0.932071,0.000011,0.000011
ATCATAGCCCTATGTA-1,0.540704,0.341476,0.00015,0.11767
ATCATCCAATATTTGT-1,0.255435,0.184457,0.508753,0.051355
ATCATGGACTACCGAC-1,0.175693,0.460059,0.000177,0.364071
ATCCAACGCAGTCATA-1,0.876913,0.12303,0.000028,0.000028
ATCCAATGGAGGGTCC-1,0.730849,0.268971,0.00009,0.00009
ATCCAATGGTACCGAA-1,0.704894,0.290155,0.004744,0.000207
ATCCACATCGACAGAA-1,0.899378,0.099306,0.000658,0.000658
ATCCTGAATCGCTGCG-1,0.999736,0.000158,0.000053,0.000053
ATCCTTCTGAAAGAAC-1,0.207682,0.550114,0.000727,0.241477
ATCGACCCAATACAGA-1,0.772896,0.227018,0.000043,0.000043
ATCGACTCTTTCCGTT-1,0.241788,0.332044,0.134747,0.291421
ATCGCACGATTGTTCA-1,0.435144,0.486504,0.05967,0.018683
ATCGCACGCCGGGAGA-1,0.201738,0.218399,0.520788,0.059075
ATCGCCAGTCAACATT-1,0.378817,0.62084,0.000172,0.000172
ATCGCTTTACGTCTCA-1,0.044548,0.880989,0.000089,0.074373
ATCGGAGACAGACGGC-1,0.366019,0.63317,0.000406,0.000406
ATCGGCAAGCAGTCCA-1,0.036091,0.959359,0.004511,0.000039
ATCGGTTACCTAGTAA-1,0.998722,0.000767,0.000256,0.000256
ATCGTATTCCGAGAAC-1,0.733595,0.210751,0.054151,0.001503
ATCGTCCAATCGAGTC-1,0.877096,0.004571,0.001523,0.11681
ATCGTTAGCTAGCGGA-1,0.767565,0.232171,0.000132,0.000132
ATCTAACGTCCCTATG-1,0.614808,0.360161,0.024127,0.000904
ATCTAATATCCTACGG-1,0.828389,0.113956,0.002316,0.055338
ATCTAGCTTGTGAGGG-1,0.575204,0.249314,0.028847,0.146634
ATCTCCCACGGAATAT-1,0.240731,0.483815,0.00007,0.275384
ATCTCCCTGCAATCTA-1,0.36235,0.489637,0.000184,0.147829
ATCTCGTGAGCGAAAC-1,0.500565,0.353723,0.001146,0.144566
ATCTGACATGGAAGGA-1,0.589339,0.291465,0.000454,0.118742
ATCTGATAGTGTCTTA-1,0.799438,0.197977,0.001293,0.001293
ATCTGCACCTCTGCGA-1,0.288121,0.711758,0.00006,0.00006
ATCTGGGCTGTTCTTG-1,0.745435,0.001236,0.000412,0.252918
ATCTGGTTAAGACTGT-1,0.354892,0.644986,0.000061,0.000061
ATCTGTAATTGTACCC-1,0.113088,0.179695,0.626136,0.08108
ATCTTATCGCACACCC-1,0.619672,0.35171,0.000193,0.028425
ATCTTGACCTGCAACG-1,0.545131,0.364631,0.09011,0.000127
ATCTTGACTTGTCCAA-1,0.051048,0.92543,0.017208,0.006314
ATGAAGTGGACCCAGC-1,0.597604,0.385949,0.014984,0.001463
ATGACGCCGGCTCTAA-1,0.185447,0.113849,0.497497,0.203208
ATGACGCGTTCTATCC-1,0.876199,0.123426,0.000187,0.000188
ATGACTATGCGACATT-1,0.826809,0.172964,0.000113,0.000113
ATGAGGAGTGTTAATC-1,0.868966,0.130915,0.00006,0.00006
ATGAGGGCAGCGGCTA-1,0.127414,0.642611,0.002059,0.227917
ATGATCGGGAATAGAC-1,0.000216,0.20179,0.708425,0.089569
ATGCACCTTCCTTAAT-1,0.601984,0.395956,0.00103,0.00103
ATGCACGCGCTGTTCA-1,0.677287,0.300038,0.000091,0.022584
ATGCATGATCCAGGAT-1,0.78813,0.173605,0.018457,0.019808
ATGCCATTTGCGACCA-1,0.541166,0.451389,0.007342,0.000104
ATGCCGGTCTTGCATA-1,0.863394,0.13619,0.000208,0.000208
ATGCCGGTTGATGGGA-1,0.641429,0.265655,0.014668,0.078248
ATGCGACAGTCCCATT-1,0.812099,0.144324,0.000429,0.043148
ATGCGAGTCCCACCAC-1,0.608476,0.390692,0.000187,0.000645
ATGCTCAGTGTTGCAT-1,0.997802,0.001319,0.000439,0.00044
ATGCTCTGGCGCGGTA-1,0.632291,0.132846,0.001158,0.233705
ATGCTTAGGAGTTGAT-1,0.225872,0.773476,0.000326,0.000326
ATGGAAATTTAAGGAG-1,0.999084,0.00055,0.000183,0.000183
ATGGAACCTTTGCACA-1,0.1777,0.568147,0.000551,0.253603
ATGGAGCAGGCCGTGA-1,0.959714,0.003227,0.036987,0.000072
ATGGATCCGGCGTCCG-1,0.45516,0.544765,0.000038,0.000038
ATGGATTGACCAAACG-1,0.832685,0.133327,0.033885,0.000102
ATGGCAGCCGAGAAAC-1,0.999371,0.000377,0.000126,0.000126
ATGGCGGAATAGTCGC-1,0.010347,0.421338,0.000073,0.568243
ATGGGACCTGCTGAAC-1,0.998345,0.000993,0.000331,0.000331
ATGGGCCTCGGCCTCT-1,0.778276,0.201481,0.000097,0.020146
ATGGTCGCGTGGTTTC-1,0.834098,0.165661,0.00012,0.00012
ATGTAAGGCTGCTCTT-1,0.254975,0.700686,0.015293,0.029045
ATGTACATGCGGTGAG-1,0.000906,0.796298,0.000226,0.202569
ATGTACGATGACGTCG-1,0.719305,0.230942,0.000142,0.049611
ATGTAGCGCGCGTAGG-1,0.69436,0.140268,0.001264,0.164108
ATGTCATTTCCCATTG-1,0.991313,0.005213,0.001737,0.001737
ATGTGAAAGCCTAATG-1,0.959703,0.00018,0.040057,0.00006
ATGTGCATCCGACGCA-1,0.160601,0.115868,0.440145,0.283386
ATGTGGACATCTTGAT-1,0.431285,0.512291,0.055734,0.000691
ATGTTACGAGCAATAC-1,0.671622,0.326876,0.000751,0.000751
ATGTTCCTGCCCACCT-1,0.898267,0.098919,0.001407,0.001407
ATGTTCGTCGACCCAC-1,0.999323,0.000406,0.000135,0.000135
ATGTTGATTAGAGACT-1,0.722405,0.144276,0.00008,0.133238
ATGTTTCGGCCCGGAG-1,0.153605,0.797751,0.021276,0.027369
ATTAAACATGCGGACC-1,0.293046,0.189878,0.222344,0.294733
ATTAACACCTGAGATA-1,0.915921,0.083049,0.000515,0.000515
ATTAATACTACGCGGG-1,0.826121,0.160421,0.000109,0.013349
ATTAATGAACCAGTCG-1,0.556416,0.443401,0.000092,0.000092
ATTAATTCGGTCACTC-1,0.08457,0.115818,0.076223,0.72339
ATTACATGTCAGTCTT-1,0.573907,0.375996,0.000109,0.049988
ATTACCACACTGCCTG-1,0.4247,0.446823,0.000392,0.128085
ATTACGCGCTGGCAGG-1,0.956964,0.001083,0.041592,0.000361
ATTACTTACTGGGCAT-1,0.159618,0.800177,0.000054,0.040151
ATTAGATTCCTCAGCA-1,0.240406,0.759175,0.00021,0.00021
ATTAGATTGATAGCGG-1,0.102513,0.225233,0.670365,0.001889
ATTAGGCGATGCTTTC-1,0.609757,0.389147,0.000548,0.000548
ATTATACTTTGCTCGT-1,0.176023,0.823897,0.00004,0.00004
ATTATAGCTACTTTAC-1,0.121337,0.875785,0.002817,0.000062
ATTATGCCATAGGGAG-1,0.000923,0.08925,0.849017,0.060811
ATTATTATGTCCGTCA-1,0.573196,0.426432,0.000186,0.000186
