Barcode,Topic 1,Topic 2,Topic 3to7,Topic 8to10
AAACAACGAATAGTTC-1,0.000029,0.01403,0.579452,0.406489
AAACAAGTATCTCCCA-1,0.000013,0.006955,0.940344,0.052689
AAACACCAATAACTGC-1,0.000405,0.000405,0.002025,0.997165
AAACAGAGCGACTCCT-1,0.000035,0.046977,0.176053,0.776936
AAACAGCTTTCAGAAG-1,0.000069,0.000069,0.098258,0.901605
AAACAGGGTCTATATT-1,0.000084,0.000084,0.067019,0.932812
AAACATTTCCCGGATT-1,0.000015,0.020314,0.732882,0.246789
AAACCGGGTAGGTACC-1,0.000145,0.000145,0.295809,0.703902
AAACCGTTCGTCCAGG-1,0.000044,0.000044,0.519127,0.480784
AAACCTAAGCAGCCGG-1,0.000037,0.000037,0.664832,0.335093
AAACCTCATGAAGTTG-1,0.000083,0.016641,0.356281,0.626995
AAACGAAGAACATACC-1,0.000122,0.028074,0.099457,0.872347
AAACGAGACGGTTGAT-1,0.000026,0.000026,0.44537,0.554578
AAACGGGCGTACGGGT-1,0.000083,0.067087,0.366427,0.566403
AAACTAACGTGGCGAC-1,0.000031,0.431164,0.158888,0.409917
AAACTCGGTTCGCAAT-1,0.000476,0.000476,0.002382,0.996666
AAACTCGTGATATAAG-1,0.000022,0.000022,0.773349,0.226606
AAACTGCTGGCTCCAA-1,0.000022,0.000022,0.059307,0.940649
AAACTTAATTGCACGC-1,0.000094,0.07169,0.000471,0.927746
AAACTTGCAAACGTAT-1,0.000334,0.000335,0.001673,0.997658
AAAGACCCAAGTCGCG-1,0.00002,0.029136,0.548347,0.422497
AAAGACTGGGCGCTTT-1,0.0001,0.0001,0.364765,0.635036
AAAGGCCCTATAATAC-1,0.000102,0.014883,0.324752,0.660262
AAAGGGATGTAGCAAG-1,0.000225,0.000225,0.001124,0.998427
AAAGGGCAGCTTGAAT-1,0.000053,0.000053,0.000267,0.999626
AAAGGTAAGCTGTACC-1,0.000036,0.085282,0.313564,0.601117
AAAGTAGCATTGCTCA-1,0.000168,0.125915,0.000839,0.873078
AAAGTCACTGATGTAA-1,0.000017,0.009692,0.78653,0.203761
AAAGTCGACCCTCAGT-1,0.000068,0.000068,0.168685,0.831179
AAAGTGTGATTTATCT-1,0.000006,0.006388,0.982478,0.011127
AAAGTTGACTCCCGTA-1,0.000016,0.036644,0.682997,0.280343
AAATAACCATACGGGA-1,0.000025,0.000025,0.303241,0.696708
AAATAAGGTAGTGCCC-1,0.000043,0.000556,0.246758,0.752643
AAATACCTATAAGCAT-1,0.000029,0.000029,0.073108,0.926835
AAATAGCTTAGACTTT-1,0.000028,0.024397,0.237005,0.73857
AAATAGGGTGCTATTG-1,0.000052,0.000052,0.040997,0.958898
AAATCCGATACACGCC-1,0.000091,0.029934,0.248609,0.721365
AAATCTAGCCCTGCTA-1,0.000011,0.004976,0.912093,0.08292
AAATGATTCGATCAGC-1,0.000071,0.000071,0.166451,0.833408
AAATGCTCGTTACGTT-1,0.000031,0.000031,0.000153,0.999785
AAATGGCATGTCTTGT-1,0.000077,0.000077,0.000383,0.999463
AAATGGCCCGTGCCCT-1,0.000233,0.000233,0.001163,0.998372
AAATGGTCAATGTGCC-1,0.000091,0.023973,0.481101,0.494836
AAATGTATCTTATCCC-1,0.000027,0.000027,0.620503,0.379444
AAATTAATAAGCGCGA-1,0.000102,0.000102,0.13196,0.867836
AAATTACACGACTCTG-1,0.000032,0.000032,0.321225,0.678711
AAATTACCTATCGATG-1,0.000027,0.015952,0.45777,0.526251
AAATTGATAGTCCTTT-1,0.000011,0.000011,0.999945,0.000033
AAATTGCGGCGGTTCT-1,0.000111,0.000112,0.295018,0.704759
AAATTTACCGAAATCC-1,0.000025,0.086517,0.331346,0.582113
AAATTTGCGGGTGTGG-1,0.000068,0.000068,0.080815,0.91905
AACAACTGGTAGTTGC-1,0.000055,0.026421,0.145304,0.828219
AACAATACATTGTCGA-1,0.000023,0.02072,0.709957,0.269299
AACAATTACTCTACGC-1,0.00026,0.00026,0.112024,0.887456
AACACACGCTCGCCGC-1,0.000018,0.001062,0.631112,0.367808
AACACGACTGTACTGA-1,0.000251,0.000251,0.222039,0.77746
AACACGAGACGCGGCC-1,0.000521,0.083154,0.002605,0.91372
AACACGCGGCCGCGAA-1,0.000026,0.06643,0.584034,0.34951
AACAGCTGTGTGGCAA-1,0.000054,0.000054,0.201121,0.79877
AACAGGAAATCGAATA-1,0.001587,0.001588,0.007939,0.988886
AACAGGATGGGCCGCG-1,0.000296,0.000296,0.262997,0.736411
AACATATCAACTGGTG-1,0.000045,0.022404,0.055945,0.921606
AACATCGATACGTCTA-1,0.00003,0.070567,0.457824,0.471579
AACATTGAAGTTGATC-1,0.000122,0.059461,0.011977,0.92844
AACATTGGTCAGCCGT-1,0.000119,0.000119,0.214286,0.785476
AACCAAGACTTCTCTG-1,0.000375,0.000375,0.001873,0.997378
AACCAGTATCACTCTT-1,0.000041,0.086764,0.354117,0.559078
AACCATAGGGTTGAAC-1,0.000073,0.000073,0.354307,0.645548
AACCATGGGATCGCTA-1,0.000358,0.000359,0.001793,0.99749
AACCCAGAGACGGAGA-1,0.000035,0.014743,0.326959,0.658263
AACCCATCCCATGATC-1,0.000103,0.000103,0.023438,0.976355
AACCCGACAACCCGTG-1,0.000076,0.000076,0.294288,0.705559
AACCCTACTGTCAATA-1,0.000026,0.039187,0.276928,0.683859
AACCCTGGTGGAACCA-1,0.000085,0.000085,0.000424,0.999406
AACCGAGCTTGGTCAT-1,0.000044,0.000044,0.70789,0.292023
AACCGCTAAGGGATGC-1,0.000019,0.054509,0.370591,0.574881
AACCGTTGTGTTTGCT-1,0.000176,0.000176,0.138892,0.860757
AACCTAAAGCCGTCCG-1,0.000121,0.000121,0.214049,0.785709
AACCTCGCTTTAGCCC-1,0.000078,0.037796,0.205724,0.756402
AACCTTTAAATACGGT-1,0.000023,0.048669,0.16186,0.789448
AACCTTTACGACGTCT-1,0.000042,0.048024,0.101539,0.850394
AACGAAAGTCGTCCCA-1,0.000145,0.030525,0.000726,0.968604
AACGATAATGCCGTAG-1,0.000047,0.000047,0.000235,0.999671
AACGATAGAAGGGCCG-1,0.00003,0.116541,0.203144,0.680285
AACGATATGTCAACTG-1,0.00005,0.00005,0.351285,0.648616
AACGCATGATCTGGGT-1,0.000029,0.010814,0.614543,0.374614
AACGCGAACGGCAACA-1,0.000044,0.000044,0.000221,0.999691
AACGCGGTCTCCAGCC-1,0.000289,0.000289,0.502508,0.496914
AACGCTGTTGCTGAAA-1,0.000027,0.000027,0.427052,0.572894
AACGGACGTACGTATA-1,0.000011,0.000011,0.773002,0.226975
AACGGCCATCTCCGGT-1,0.000039,0.000039,0.358301,0.64162
AACGTACTGTGGGTAC-1,0.000023,0.004072,0.485339,0.510565
AACGTCAGACTAGTGG-1,0.000049,0.019643,0.083827,0.896481
AACGTGATGAAGGACA-1,0.000026,0.064871,0.450631,0.484471
AACGTGCGAAAGTCTC-1,0.000046,0.000046,0.000228,0.999681
AACGTTATCAGCACCT-1,0.000032,0.000032,0.511225,0.488711
AACTAGCGTATCGCAC-1,0.000065,0.000065,0.306924,0.692946
AACTAGGCTTGGGTGT-1,0.000251,0.000251,0.001254,0.998245
AACTCAAGTTAATTGC-1,0.000029,0.000029,0.223752,0.776191
AACTCCAGAGCGTGTT-1,0.000075,0.000075,0.286244,0.713606
AACTCCTAATCCCATG-1,0.000038,0.036156,0.184394,0.779412
AACTCGATAAACACGT-1,0.000066,0.023663,0.382674,0.593597
AACTCGATGGCGCAGT-1,0.000067,0.000067,0.000335,0.999531
AACTCTCAATAGAGCG-1,0.000016,0.116719,0.657498,0.225767
AACTCTCAGTGTGCTC-1,0.000009,0.000009,0.999957,0.000026
AACTGAGGTCAGCGTC-1,0.000039,0.560941,0.099051,0.339969
AACTGATATTAGGCCT-1,0.001639,0.00164,0.449509,0.547212
AACTGGGTCCCGACGT-1,0.00073,0.00073,0.429162,0.569378
AACTGGGTTCGAGCCG-1,0.000059,0.025611,0.453603,0.520727
AACTGGTGTGGGCCTT-1,0.000034,0.006584,0.332952,0.66043
AACTTCTGCGTCTATC-1,0.000053,0.000053,0.386978,0.612915
AACTTGCCCGTATGCA-1,0.000266,0.000266,0.075412,0.924056
AACTTGCGTTCTCGCG-1,0.000086,0.000086,0.081003,0.918824
AACTTTACGGGAGCTT-1,0.000018,0.000018,0.481079,0.518884
AACTTTAGCTGCTGAG-1,0.000037,0.031638,0.634123,0.334203
AAGAAGGATCAGTTAG-1,0.000082,0.000082,0.000412,0.999423
AAGACCAAATAACTCA-1,0.000305,0.000305,0.307798,0.691592
AAGACTAACCCGTTGT-1,0.000019,0.000019,0.978068,0.021894
AAGACTGCAAGCTACT-1,0.000025,0.000025,0.517919,0.48203
AAGAGATGAATCGGTA-1,0.000036,0.000036,0.972575,0.027352
AAGAGCTCTTTATCGG-1,0.000042,0.000042,0.18625,0.813665
AAGAGGATGTACGCGA-1,0.000193,0.090053,0.000967,0.908786
AAGAGGCATGGATCGC-1,0.000045,0.000045,0.083322,0.916589
AAGATGGCACCGGACC-1,0.000045,0.004359,0.417061,0.578536
AAGATTGGCGGAACGT-1,0.000038,0.087077,0.262991,0.649893
AAGCACCCTGCGTATC-1,0.000044,0.000044,0.000222,0.99969
AAGCATACTCTCCTGA-1,0.000033,0.000033,0.176594,0.823339
AAGCCACTTGCAGGTA-1,0.000026,0.000026,0.324621,0.675327
AAGCCGCCGTGAAATC-1,0.000234,0.000234,0.001171,0.99836
AAGCGCAGGGCTTTGA-1,0.000704,0.018701,0.003522,0.977073
AAGCGGCGTCATGGGT-1,0.000042,0.018381,0.451475,0.530103
AAGCGTCCCTCATCGA-1,0.000059,0.000059,0.403998,0.595885
AAGCTAGATCGAGTAA-1,0.000069,0.118623,0.417838,0.46347
AAGCTCGTGCCAAGTC-1,0.000057,0.000057,0.267047,0.732839
AAGCTCTTTCATGGTG-1,0.000034,0.000034,0.480435,0.519496
AAGGAGCGGTTGGTGC-1,0.000043,0.000043,0.046808,0.953106
AAGGATGAGGGACCTC-1,0.000065,0.056007,0.143013,0.800914
AAGGCGCGTAAAGCTT-1,0.000037,0.032871,0.237715,0.729376
AAGGCTGTGCTCATCG-1,0.000038,0.089734,0.835665,0.074563
AAGGGAACGACTGGCT-1,0.000278,0.104096,0.136756,0.75887
AAGGGACAGATTCTGT-1,0.000041,0.012245,0.091232,0.896482
AAGGGACTATGCATTC-1,0.000116,0.000116,0.149436,0.850332
AAGGTATCCTAATATA-1,0.000047,0.001318,0.03459,0.964045
AAGGTGATAAACCAGC-1,0.000011,0.018607,0.764088,0.217294
AAGTAGAAGACCGGGT-1,0.00005,0.021243,0.466218,0.512488
AAGTAGTGACGCGAGG-1,0.000272,0.000272,0.040104,0.959353
AAGTCAATTGTCGTCA-1,0.000026,0.000026,0.576284,0.423664
AAGTCTTCTGTGGCCT-1,0.001266,0.001266,0.351412,0.646056
AAGTGACGACCGAATT-1,0.000358,0.000359,0.001793,0.99749
AAGTGAGTCGGGTTTA-1,0.000019,0.000019,0.487531,0.512431
AAGTGCAAAGGTAGAC-1,0.000039,0.019732,0.404252,0.575977
AAGTGCCTTGACTGTA-1,0.000037,0.04688,0.296501,0.656582
AAGTGCGTTAGAATCT-1,0.00015,0.00015,0.179694,0.820006
AAGTGCTTCTCTATTG-1,0.000073,0.000073,0.299853,0.700001
AAGTGTTTGGAGACGG-1,0.000195,0.000195,0.302258,0.697353
AAGTTCACTCCAAGCT-1,0.000028,0.000028,0.852731,0.147213
AAGTTCAGTCTGCGTA-1,0.000196,0.000196,0.308876,0.690732
AAGTTCGGCCAACAGG-1,0.000027,0.008598,0.532516,0.458859
AAGTTTATGGGCCCAA-1,0.000059,0.000059,0.000295,0.999587
AATAACAACGCTCGGC-1,0.000071,0.000072,0.350945,0.648912
AATAACACTAGAACAA-1,0.000021,0.045869,0.478652,0.475458
AATAAGTCCTCGAGAC-1,0.000055,0.000055,0.000275,0.999615
AATACAATGTTTCAGG-1,0.00006,0.034016,0.10237,0.863554
AATACCGGAGGGCTGT-1,0.000058,0.000058,0.172824,0.82706
AATAGAACAGAGTGGC-1,0.000011,0.041255,0.537037,0.421697
AATAGAATCTGTTTCA-1,0.00008,0.00008,0.306815,0.693026
AATAGCAAGCCTCCTG-1,0.000031,0.62936,0.163762,0.206847
AATAGCTACCGCGTGC-1,0.000044,0.017705,0.110815,0.871436
AATAGTCGCGAGTCGG-1,0.000017,0.000017,0.241017,0.758949
AATATCAAGGTCGGAT-1,0.000023,0.073368,0.593265,0.333344
AATATCGAGGGTTCTC-1,0.000063,0.032179,0.012554,0.955204
AATATTGGAGTATTGA-1,0.000351,0.000351,0.001755,0.997543
AATCAGACTGCAGGAC-1,0.000062,0.000062,0.000311,0.999564
AATCAGGTTTCATTTA-1,0.00004,0.00004,0.201091,0.798829
AATCATGTAAAGACTC-1,0.000012,0.000012,0.823561,0.176415
AATCCAAGGGCCTGAG-1,0.000032,0.026663,0.728557,0.244749
AATCCATGCAAGGGTG-1,0.000069,0.043019,0.230314,0.726597
AATCGCCTCAGCGCCA-1,0.000026,0.036747,0.533631,0.429597
AATCGTGAGCCGAGCA-1,0.000126,0.005191,0.502838,0.491846
AATCTAGGTTTACTTG-1,0.0001,0.176861,0.061619,0.76142
AATCTATGCCGGAGCC-1,0.000077,0.000077,0.051154,0.948693
AATCTCTACTGTGGTT-1,0.000101,0.000101,0.203923,0.795876
AATCTGCGTTGGGACG-1,0.00003,0.056233,0.157565,0.786172
AATCTGGCTTTCTAGT-1,0.00009,0.0268,0.028971,0.944139
AATCTGGGTAGACCCT-1,0.000039,0.080519,0.503692,0.41575
AATGACAGCAATGTCT-1,0.000094,0.000094,0.06956,0.930252
AATGACGTAGGATGTC-1,0.000064,0.000064,0.137741,0.862131
AATGACTGTCAGCCGG-1,0.000078,0.021683,0.300243,0.677996
AATGAGTTCGCATATG-1,0.000045,0.000045,0.402102,0.597808
AATGATGATACGCTAT-1,0.000034,0.000034,0.542817,0.457115
AATGATGCGACTCCTG-1,0.000046,0.000046,0.02848,0.971428
AATGCACCAAGCAATG-1,0.000025,0.004584,0.571736,0.423656
AATGGTCCACCGTTCA-1,0.000287,0.000287,0.340296,0.659129
AATGGTTCTCACAAGC-1,0.000055,0.000055,0.000275,0.999615
AATGTATGGCACTGTA-1,0.000112,0.000112,0.025555,0.974221
AATGTGCCCGAGGTGT-1,0.000196,0.000197,0.386647,0.61296
AATGTGCTAATCTGAG-1,0.000062,0.028499,0.293217,0.678222
AATTAAAGGTCGGCGT-1,0.000185,0.000185,0.09729,0.90234
AATTAACGGATTTCCA-1,0.001163,0.001163,0.005816,0.991858
AATTACTCGTACGCTC-1,0.000962,0.000962,0.671144,0.326933
AATTAGCGCTGCAGCG-1,0.001493,0.170503,0.30493,0.523074
AATTCATAAGGGATCT-1,0.000042,0.054288,0.111429,0.83424
AATTCATTGTCATGCA-1,0.000035,0.000035,0.726805,0.273124
AATTCCAACTTGGTGA-1,0.000153,0.000153,0.402349,0.597345
AATTCGATTCGAGGAT-1,0.000153,0.042136,0.360049,0.597662
AATTCTAGAGTTAGGC-1,0.004546,0.155222,0.5803,0.259932
AATTGAACGCTCTGGT-1,0.000042,0.000042,0.204325,0.79559
AATTGCAGCAATCGAC-1,0.000039,0.04082,0.21591,0.743231
AATTGCGTGGATTACA-1,0.000094,0.119984,0.000471,0.879451
AATTTGGGACATAGTA-1,0.000046,0.044783,0.24303,0.712141
AATTTGGTTCCAAAGA-1,0.000433,0.000433,0.576235,0.422899
ACAAACCATGCGTCCT-1,0.000105,0.000105,0.000526,0.999264
ACAAAGAAGGTAGGCC-1,0.000121,0.050403,0.000605,0.948871
ACAAAGCATGACCTAG-1,0.000031,0.016555,0.248382,0.735032
ACAAATCGCACCGAAT-1,0.000053,0.000053,0.62611,0.373783
ACAAATGGTAGTGTTT-1,0.000028,0.016521,0.434786,0.548666
ACAAATTCAGATCTGA-1,0.000032,0.17834,0.375617,0.446011
ACAACAGCATGAGCTA-1,0.000034,0.000035,0.28651,0.713421
ACAACGGTCCCTGCGA-1,0.000025,0.000025,0.543561,0.456389
ACAAGCAGTGCCTAGC-1,0.000133,0.000133,0.000667,0.999066
ACAAGCTATATGGAAG-1,0.000092,0.000092,0.079747,0.920069
ACAAGGAAATCCGCCC-1,0.00008,0.00008,0.29037,0.709471
ACAAGGACAAGAGGTT-1,0.00004,0.03957,0.000201,0.960189
ACAAGGATGCTTTAGG-1,0.000267,0.000267,0.127106,0.87236
ACAAGGGCAGGCTCTG-1,0.000042,0.000042,0.441437,0.558479
ACAATAGTCGTACGTT-1,0.000107,0.000107,0.180167,0.819618
ACAATCCATTTAAACC-1,0.000059,0.04708,0.296889,0.655972
ACAATGAATACGGAGA-1,0.000037,0.000037,0.477384,0.522542
ACAATGATTCTTCTAC-1,0.000031,0.433653,0.222023,0.344294
ACAATTGTGTCTCTTT-1,0.000008,0.002511,0.995255,0.002226
ACAATTTAGGAGGCTC-1,0.000262,0.000262,0.001309,0.998167
ACAATTTGAGCAGTGG-1,0.000082,0.000082,0.021439,0.978396
ACACAAAGACGGGTGG-1,0.00016,0.070097,0.036303,0.893441
ACACACCAGGACCAGT-1,0.000012,0.000012,0.898171,0.101804
ACACACTTTCTACACG-1,0.000234,0.000234,0.315302,0.684231
ACACATGATCAAATCT-1,0.000093,0.000093,0.171199,0.828615
ACACATTGACGCAACA-1,0.000971,0.000971,0.224539,0.773519
ACACATTTCCGTAGAC-1,0.000229,0.000229,0.460742,0.538799
ACACCCAGCATGCAGC-1,0.000123,0.081209,0.348807,0.569861
ACACCCGAGAAATCCG-1,0.000032,0.042914,0.319767,0.637287
ACACCGAGCGCTCTTT-1,0.005,0.005001,0.025006,0.964992
ACACCGGTCTGACCGC-1,0.00021,0.00021,0.001051,0.998529
ACACCTTAAGTAGGGC-1,0.00006,0.002743,0.111392,0.885805
ACACGAGACTCCTTCT-1,0.000053,0.000053,0.059837,0.940057
ACACGGCACTATGCAT-1,0.000075,0.000075,0.000377,0.999472
ACACGGGAACTTAGGG-1,0.00009,0.00009,0.014369,0.985452
ACACTCCAATGTCACT-1,0.000048,0.000048,0.423026,0.576877
ACACTGATCAAGGTGT-1,0.000045,0.000045,0.64807,0.351841
ACAGAACTGAGAACAA-1,0.000257,0.108016,0.10886,0.782867
ACAGATTAGGTTAGTG-1,0.00004,0.387229,0.030772,0.581959
ACAGCATAGAGCCAGT-1,0.000017,0.645808,0.071853,0.282321
ACAGCGACATTCTCAT-1,0.000021,0.000957,0.697744,0.301278
ACAGCGCACCCGCAGC-1,0.000031,0.000031,0.839656,0.160283
ACAGGCACGGATCCTT-1,0.000158,0.029317,0.032834,0.937691
ACAGGCTTGCCCGACT-1,0.000027,0.000027,0.36106,0.638887
ACAGGTGGAGGTGAGG-1,0.000021,0.003715,0.574455,0.421809
ACAGGTGTGTTGTTGC-1,0.00007,0.00007,0.325414,0.674447
ACAGTAATACAACTTG-1,0.000149,0.000149,0.000745,0.998957
ACATAAGTCGTGGTGA-1,0.000124,0.108886,0.040316,0.850674
ACATAATAAGGCGGTG-1,0.000171,0.000171,0.120681,0.878977
ACATCAGCTGGGACGC-1,0.000128,0.000128,0.136627,0.863116
ACATCCTGGTAACTGT-1,0.000032,0.011971,0.347051,0.640946
ACATCGATCGTTTACC-1,0.000943,0.000944,0.143335,0.854778
ACATCGGTCAGCCGCG-1,0.000039,0.019208,0.796161,0.184592
ACATCGTATGCAATGG-1,0.000016,0.000016,0.99992,0.000048
ACATCGTTAACCTAGT-1,0.000033,0.075791,0.03903,0.885145
ACATCTCAACGCGTAA-1,0.000134,0.000134,0.000671,0.99906
ACATGGCGCCAAAGTA-1,0.000028,0.023227,0.238753,0.737992
ACATGGCTCAATTTAG-1,0.000029,0.000029,0.28752,0.712421
ACATTAGTTTATATCC-1,0.001639,0.268807,0.365068,0.364485
ACATTCGCGCGGAATA-1,0.000029,0.035745,0.178209,0.786018
ACCAAACACCCAGCGA-1,0.000036,0.012772,0.479834,0.507357
ACCAAACTAGAAATCC-1,0.000262,0.000262,0.667925,0.331552
ACCAACACCACACACT-1,0.000061,0.007059,0.147178,0.845703
ACCAACCGCACTCCAC-1,0.000048,0.013938,0.063151,0.922863
ACCAAGAACGCGTGTC-1,0.000053,0.044626,0.388355,0.566966
ACCAATATGCAAGTTA-1,0.000044,0.000044,0.085944,0.913968
ACCACAACTCAGAACA-1,0.000067,0.078838,0.011547,0.909548
ACCACAAGTTTCTATC-1,0.000104,0.000104,0.00052,0.999272
ACCACCAATGTAACAA-1,0.000043,0.049615,0.204997,0.745345
ACCACGTGCAGCTATA-1,0.000108,0.000108,0.691199,0.308586
ACCACTGTTCAAGAAG-1,0.000971,0.14017,0.783338,0.075521
ACCAGACCATAACAAC-1,0.002084,0.002084,0.200949,0.794884
ACCAGCCCGGTCTTTG-1,0.000073,0.000073,0.16802,0.831835
ACCAGTGCCCGGTCAA-1,0.000043,0.060152,0.32304,0.616766
ACCAGTGCGGGAGACG-1,0.000013,0.000013,0.555831,0.444143
ACCATCCGCCAACTAG-1,0.000052,0.000052,0.602146,0.397751
ACCATCGTATATGGTA-1,0.000041,0.000041,0.50068,0.499238
ACCATTAAGGGTGTCA-1,0.002564,0.002565,0.41817,0.576701
ACCCAACGCCCGTGGC-1,0.000058,0.000058,0.224438,0.775447
ACCCACCTACATGCTC-1,0.00008,0.00008,0.196681,0.803158
ACCCATCTTGAGGGTA-1,0.000064,0.000892,0.041331,0.957713
ACCCATTTGTCCCTCT-1,0.00001,0.00001,0.939874,0.060106
ACCCGAGCGAAATTAC-1,0.000101,0.053139,0.250066,0.696693
ACCCGATTGGTTCCGA-1,0.000103,0.010202,0.135559,0.854136
ACCCGGAAACTCCCAG-1,0.553083,0.000645,0.003227,0.443045
ACCCGGATGACGCATC-1,0.000026,0.015659,0.610048,0.374267
ACCCGGTTACACTTCC-1,0.000058,0.011433,0.263752,0.724756
ACCCGTAGCAGAGAAT-1,0.000465,0.000465,0.002326,0.996743
ACCCTATAGGACTGAG-1,0.000051,0.000051,0.307591,0.692306
ACCCTATGCCATATCG-1,0.000043,0.005034,0.364655,0.630268
ACCCTCCCGTCAGGGC-1,0.000054,0.055508,0.083769,0.860669
ACCCTCCCTTGCTATT-1,0.000071,0.000071,0.221878,0.77798
ACCCTTCATCTGCGAA-1,0.000415,0.000415,0.289069,0.710101
ACCCTTTAGTTCTCCA-1,0.000081,0.119278,0.057474,0.823167
ACCGAAAGGGCCCTGC-1,0.000037,0.12814,0.165508,0.706315
ACCGAAGAGTCTGGTT-1,0.000148,0.000148,0.00074,0.998964
ACCGACACATCTCCCA-1,0.001053,0.001053,0.005264,0.99263
ACCGACTGAGTCCCAC-1,0.000056,0.000056,0.00028,0.999608
ACCGAGTCTCCTTATT-1,0.000108,0.090939,0.000539,0.908414
ACCGATGGTAGCATCG-1,0.00002,0.012076,0.608591,0.379313
ACCGCAATAACTGCCT-1,0.000291,0.000291,0.470557,0.528861
ACCGCGGTGGAAGTCG-1,0.000021,0.050198,0.62972,0.32006
ACCGCTAGTCATTGGT-1,0.000039,0.000039,0.266032,0.733889
ACCGGGCCTTTGTTGA-1,0.000013,0.014687,0.823293,0.162007
ACCGGTCAGGTACACC-1,0.000082,0.000082,0.298209,0.701626
ACCGGTCTGAGTACGG-1,0.000036,0.016356,0.570642,0.412966
ACCGTGACCACGTGGG-1,0.000061,0.000061,0.259017,0.740861
ACCGTTCCCGCTCTGA-1,0.000198,0.000198,0.156982,0.842621
ACCTAAGTACCTTTCA-1,0.000137,0.000137,0.217213,0.782513
ACCTAATCGACTTCCT-1,0.000068,0.001515,0.71818,0.280237
ACCTCCGCCCTCGCTG-1,0.000074,0.000074,0.632015,0.367837
ACCTCCGTTATTCACC-1,0.00004,0.041079,0.384344,0.574537
ACCTCGAACTTATGCT-1,0.000086,0.000086,0.11893,0.880898
ACCTGCGTGTCATGTT-1,0.00005,0.00005,0.834408,0.165491
ACGAAATGGGCGGCAC-1,0.000186,0.041957,0.405659,0.552198
ACGACTCTAGGGCCGA-1,0.000048,0.013606,0.63369,0.352657
ACGACTGGTCATACTC-1,0.000046,0.015977,0.229243,0.754734
ACGAGAACCCATCACG-1,0.00007,0.064701,0.128148,0.807082
ACGAGATATTTGCTTA-1,0.00005,0.00005,0.238799,0.761102
ACGAGGATACCACTCT-1,0.000135,0.000135,0.701651,0.29808
ACGAGGTTTACAACGT-1,0.000107,0.072633,0.000536,0.926723
ACGAGTACGGATGCCC-1,0.000055,0.020624,0.040491,0.93883
ACGAGTCGCCGGCGTT-1,0.000183,0.000183,0.326796,0.672838
ACGATACATAGAACTA-1,0.000045,0.000045,0.294796,0.705115
ACGATACCTATCCTGA-1,0.00115,0.00115,0.186642,0.811059
ACGATCATACATAGAG-1,0.000048,0.000048,0.585307,0.414597
ACGATCATCTTGTAAA-1,0.000039,0.058344,0.155912,0.785704
ACGATGCATATGTTAT-1,0.000039,0.028073,0.68568,0.286209
ACGATGGATCCGATGC-1,0.000058,0.040965,0.000291,0.958686
ACGCAAACTAATAGAT-1,0.000017,0.000017,0.424963,0.575003
ACGCATAAATGACATG-1,0.000066,0.233166,0.011607,0.755161
ACGCATACGTTTACTA-1,0.000007,0.015136,0.984837,0.00002
ACGCATTCGTGAGTAC-1,0.000063,0.000063,0.000317,0.999557
ACGCCACTCGAAACAG-1,0.000102,0.000102,0.115459,0.884337
ACGCCAGATGATTTCT-1,0.00015,0.041128,0.034353,0.92437
ACGCCCAGCTGTCGAT-1,0.000176,0.038105,0.385163,0.576557
ACGCCGCTAGACGACC-1,0.000025,0.000025,0.463389,0.536562
ACGCGCTACACAGGGT-1,0.000056,0.000056,0.320607,0.67928
ACGCGGGCCAAGGACA-1,0.000027,0.000027,0.000133,0.999814
ACGCGTTTCTTAAGAG-1,0.000068,0.000068,0.427085,0.572779
ACGCTAGTGATACACT-1,0.000041,0.000041,0.176411,0.823507
ACGCTGTGAGGCGTAG-1,0.000037,0.000037,0.558243,0.441683
ACGCTTAGTGTCTCTC-1,0.000138,0.021646,0.221886,0.756331
ACGGAATTTAGCAAAT-1,0.000147,0.000147,0.049996,0.94971
ACGGACTCTCAAAGCG-1,0.000068,0.000068,0.015732,0.984133
ACGGAGCGCAAATTAC-1,0.000029,0.069099,0.454552,0.476321
ACGGATGGTGCGGATA-1,0.00005,0.00005,0.002222,0.997678
ACGGCACTTGCTTGGG-1,0.000149,0.0302,0.782134,0.187517
ACGGCGACGATGGGAA-1,0.000074,0.000074,0.231647,0.768205
ACGGCGGGTTGCCCTG-1,0.00007,0.049451,0.14385,0.806629
ACGGCTGGATGTAGAA-1,0.000148,0.000148,0.000741,0.998963
ACGGGAGTGTCGGCCC-1,0.000069,0.000069,0.377615,0.622246
ACGGGCGTATGCGACA-1,0.000087,0.028896,0.040927,0.930091
ACGGGTCATGTGACTT-1,0.000105,0.000105,0.317797,0.681992
ACGGTACAGTTCAATG-1,0.000083,0.000083,0.311211,0.688624
ACGGTCACCGAGAACA-1,0.00006,0.009019,0.000323,0.990598
ACGTACAGATTTCTCT-1,0.001124,0.001124,0.13901,0.858742
ACGTACTTTGGCACGG-1,0.000031,0.000031,0.161133,0.838806
ACGTAGATTGCTGATG-1,0.000028,0.022366,0.574433,0.403173
ACGTAGGAGAGTCGCT-1,0.000093,0.000093,0.15183,0.847984
ACGTATTACTCCGATC-1,0.000031,0.075731,0.46841,0.455828
ACGTCTCGTTCCGGGA-1,0.001042,0.001042,0.005209,0.992707
ACGTGCGCCTCGTGCA-1,0.000106,0.000106,0.18564,0.814148
ACGTGGTCGAATGTGC-1,0.000287,0.000287,0.264537,0.73489
ACGTTAATGTCGAAGA-1,0.000041,0.000041,0.046021,0.953898
ACGTTAGATTTGCCCG-1,0.000041,0.058593,0.393884,0.547482
ACGTTATTGGTCACTC-1,0.00004,0.00004,0.38904,0.61088
ACGTTCACTATGCCGC-1,0.000045,0.006021,0.21689,0.777044
ACGTTCCGCGCTCCGT-1,0.000038,0.103525,0.323096,0.573341
ACGTTCGCAATCAATT-1,0.000042,0.003954,0.47307,0.522934
ACGTTCGTTCAGGAAA-1,0.00003,0.003835,0.3784,0.617735
ACGTTCTGTACAAGTC-1,0.000052,0.010982,0.675232,0.313734
ACGTTTAGTTGTGATC-1,0.000453,0.000453,0.002263,0.996832
ACTAATACGTCAGGCG-1,0.000031,0.028377,0.676367,0.295225
ACTACATCCCGACAAG-1,0.000118,0.124658,0.000592,0.874632
ACTACCAGCTCTCTGG-1,0.000037,0.003476,0.543201,0.453285
ACTACCATCCGAGGGC-1,0.000043,0.005759,0.3041,0.690097
ACTAGTTGCGATCGTC-1,0.000027,0.054586,0.629429,0.315959
ACTATATGCTGTGTTC-1,0.00004,0.00004,0.557935,0.441986
ACTATCCAGGGCATGG-1,0.000059,0.045523,0.214183,0.740235
ACTATCGCCGGCTAAA-1,0.000039,0.002952,0.574238,0.422771
ACTATGTCCAGCTGCC-1,0.000248,0.093536,0.001241,0.904975
ACTATTCGTCCGTGGT-1,0.000189,0.000189,0.048514,0.951108
ACTATTTCCGGGCCCA-1,0.000041,0.000041,0.296391,0.703527
ACTCAACGAATGTATT-1,0.000075,0.03995,0.185012,0.774964
ACTCAAGTGCAAGGCT-1,0.00004,0.00004,0.964251,0.035669
ACTCAATAAAGGCACG-1,0.000071,0.000071,0.088805,0.911052
ACTCAGACCTGCTTCT-1,0.000033,0.006851,0.596776,0.396339
ACTCATGGCAGCCTTC-1,0.000368,0.000368,0.109931,0.889334
ACTCCAATATCATCAT-1,0.00012,0.011747,0.168977,0.819155
ACTCCCATTCCTAAAG-1,0.000206,0.000206,0.001031,0.998556
ACTCCCGAATTCGTTT-1,0.000025,0.029337,0.260072,0.710567
ACTCCCTAATGCTAAA-1,0.000059,0.000059,0.000294,0.999588
ACTCCCTAGAATAGTA-1,0.00008,0.00008,0.02094,0.9789
ACTCCGGCCGACCACT-1,0.000495,0.000495,0.002476,0.996534
ACTCGATGTATTTCAT-1,0.000013,0.000013,0.796007,0.203968
ACTCGTAACCCGTCCT-1,0.000079,0.033558,0.241255,0.725107
ACTCGTCAGTAATCCC-1,0.000042,0.088941,0.292605,0.618412
ACTCTAAACCTGGGAT-1,0.000008,0.000008,0.894887,0.105097
ACTCTCTGACTTAGGT-1,0.00003,0.00003,0.514403,0.485537
ACTCTCTTATACACGA-1,0.000042,0.031071,0.44364,0.525247
ACTCTGACCTAATAGA-1,0.000053,0.000053,0.160958,0.838936
ACTCTTGTATAGTAAC-1,0.000061,0.000061,0.000304,0.999574
ACTGAAACGCCGTTAG-1,0.00005,0.00354,0.352148,0.644261
ACTGAATGGCGAAAGT-1,0.000104,0.000104,0.296583,0.703209
ACTGATTTAGTGATTC-1,0.000121,0.039356,0.507341,0.453183
ACTGCCCGCCATTCTC-1,0.000083,0.000083,0.190707,0.809126
ACTGCCGTCGTAACTC-1,0.000225,0.000225,0.001124,0.998427
ACTGCTCGGAAGGATG-1,0.000131,0.000131,0.000655,0.999084
ACTGTACGATACACAT-1,0.000092,0.000092,0.000458,0.999358
ACTGTAGCACTTTGGA-1,0.000054,0.000054,0.456115,0.543776
ACTGTATACGCGAGCA-1,0.000014,0.007011,0.923174,0.0698
ACTGTCCAGGATTATA-1,0.000046,0.021032,0.377922,0.601
ACTGTCTTCTTTAGAA-1,0.000095,0.000095,0.000475,0.999336
ACTGTGCTAGTAGATC-1,0.000107,0.000107,0.041838,0.957948
ACTTACCGGGCGCGCA-1,0.000045,0.076381,0.103578,0.819996
ACTTACGCATCCACGC-1,0.000021,0.004444,0.888366,0.107169
ACTTAGTACGACAAGA-1,0.000071,0.000071,0.077215,0.922643
ACTTATACTTACCCGG-1,0.000039,0.076354,0.248938,0.67467
ACTTATTAGGATCGGT-1,0.00011,0.052821,0.204816,0.742253
ACTTATTTATGTGCCA-1,0.000009,0.000009,0.970434,0.029548
ACTTCAGGCTGATCCC-1,0.00013,0.00013,0.200402,0.799339
ACTTCCATGCGGGACA-1,0.000146,0.071305,0.367797,0.560752
ACTTCGCCATACGCAC-1,0.000054,0.000054,0.40995,0.589942
ACTTGACTCCCTCTTT-1,0.000033,0.000033,0.301051,0.698883
ACTTGGGACCCGGTGG-1,0.000051,0.000051,0.089589,0.910309
ACTTGTAGTCCCTTCA-1,0.000124,0.000124,0.000619,0.999133
ACTTTACCCTCATGAA-1,0.000024,0.000986,0.734791,0.264199
ACTTTCCTATAGCTTC-1,0.000052,0.000052,0.000259,0.999637
ACTTTGACTGCATCCT-1,0.00013,0.049861,0.000651,0.949357
ACTTTGGTCGTGCTCC-1,0.00012,0.1018,0.065889,0.83219
AGAACCCTCAATTGGG-1,0.000042,0.000952,0.775162,0.223844
AGAACGTGGTACATTC-1,0.000087,0.000087,0.01459,0.985236
AGAAGAGCGCCGTTCC-1,0.000513,0.000513,0.002565,0.996409
AGAAGGTACACTTCAC-1,0.0001,0.0001,0.001508,0.998293
AGAAGGTTGCCGAATT-1,0.000036,0.000036,0.187654,0.812273
AGAAGGTTGTAGGTCG-1,0.000023,0.000023,0.933397,0.066558
AGAAGTGATTCGTGAT-1,0.000015,0.000015,0.999924,0.000046
AGAATAAATCTTCAGG-1,0.000042,0.000042,0.3458,0.654117
AGAATGCGGGTTCGGA-1,0.000038,0.039673,0.351099,0.60919
AGAATTATGGATTCGA-1,0.00003,0.02733,0.322031,0.650609
AGAATTGTTTGACATA-1,0.000018,0.000018,0.840496,0.159469
AGACAGCTCAGAATCC-1,0.000029,0.009835,0.409403,0.580733
AGACATAGATCCTTCC-1,0.000026,0.000384,0.773436,0.226154
AGACCAAACCACACCT-1,0.000098,0.000098,0.037056,0.962747
AGACCATGGGATACAA-1,0.000036,0.068018,0.061316,0.87063
AGACCCACCGCTGATC-1,0.001031,0.126785,0.367777,0.504407
AGACCCGCCCTCCTCG-1,0.00004,0.00004,0.31599,0.683931
AGACCGGGAAACCCTG-1,0.00009,0.093665,0.097062,0.809183
AGACGAAGTGCCGGTC-1,0.000007,0.000007,0.881602,0.118384
AGACGACGATGCCGCT-1,0.000024,0.00053,0.594521,0.404925
AGACGGGATTGGTATA-1,0.000141,0.000141,0.292427,0.707291
AGACGGGCCGATTTAA-1,0.000042,0.061291,0.550462,0.388205
AGACTAGCCTTCCAGA-1,0.000044,0.000044,0.000221,0.999691
AGACTGTTACCGGGTC-1,0.000067,0.033964,0.367553,0.598416
AGAGAAACACCAGAAA-1,0.000047,0.015525,0.194678,0.789751
AGAGAACCGTCTAGGA-1,0.000024,0.007436,0.678963,0.313576
AGAGAAGGAGTACAAT-1,0.000082,0.000082,0.268442,0.731393
AGAGATCTCTAAAGCG-1,0.000034,0.022699,0.808694,0.168573
AGAGCAGTTATGAGAC-1,0.000144,0.000144,0.045635,0.954077
AGAGCGGGCTAATCAT-1,0.000174,0.000174,0.430527,0.569125
AGAGCGTACAAGCTCG-1,0.000306,0.000306,0.001529,0.997859
AGAGCTACGAAAGCAT-1,0.00011,0.00011,0.099589,0.900191
AGAGGCTTCGGAAACC-1,0.000016,0.001115,0.736215,0.262654
AGAGTAAACTTCACTA-1,0.000046,0.000046,0.369797,0.630111
AGAGTTAGAGACCGAT-1,0.000036,0.071917,0.403605,0.524442
AGATAACTTCAGGGCC-1,0.000018,0.062587,0.340598,0.596798
AGATACCGGTGTTCAC-1,0.000038,0.043306,0.415169,0.541486
AGATACGACTTCATAT-1,0.000031,0.000031,0.592813,0.407125
AGATACTCAAGATCGA-1,0.000024,0.000024,0.812099,0.187854
AGATATAATACGACTA-1,0.000275,0.050737,0.001374,0.947614
AGATCGTGCATAAGAT-1,0.000027,0.000027,0.256294,0.743652
AGATCTCAGGTGTGAT-1,0.000058,0.000058,0.025215,0.97467
AGATGACTCGCCCACG-1,0.000279,0.05339,0.558239,0.388091
AGATGAGGGTTGCGAT-1,0.000042,0.040609,0.356732,0.602616
AGATGATGGAGTCTGG-1,0.000035,0.000035,0.467366,0.532565
AGATGCAAGACGTGCA-1,0.000481,0.000481,0.002405,0.996634
AGATGCATCCTGTGTC-1,0.000441,0.000441,0.002203,0.996915
AGATGCTATAACGAGC-1,0.000556,0.111365,0.886412,0.001667
AGATTATAGGACGTTT-1,0.000044,0.050031,0.352601,0.597323
AGATTCACAACCGATA-1,0.000092,0.000092,0.000459,0.999357
AGCAAAGGCCGCTAGT-1,0.000026,0.000026,0.13305,0.866898
AGCAACATATCTTATT-1,0.00002,0.008389,0.51794,0.47365
AGCAACCGAAAGTAAT-1,0.000565,0.000565,0.145644,0.853225
AGCACACGTTTAGACT-1,0.000089,0.000089,0.110993,0.88883
AGCACCAGTACTCACG-1,0.000115,0.000115,0.000574,0.999197
AGCACTACCGGCCTGT-1,0.000156,0.000156,0.187722,0.811965
AGCACTACCTCACCAG-1,0.000057,0.000057,0.136394,0.863493
AGCACTTAAGGACGCC-1,0.000039,0.017039,0.159093,0.823829
AGCAGAAGGAGAAAGA-1,0.000541,0.000541,0.002703,0.996215
AGCAGTCGAAGCATGC-1,0.000094,0.076422,0.014848,0.908635
AGCATATCAATATGCT-1,0.000014,0.048314,0.779629,0.172043
AGCATCATTTCGAAAG-1,0.000275,0.000275,0.15156,0.847891
AGCATCGTCGATAATT-1,0.000045,0.000045,0.940801,0.05911
AGCCACAGGTTACCCG-1,0.000058,0.000058,0.756101,0.243782
AGCCACTCCCGTGCTT-1,0.000087,0.000087,0.000436,0.99939
AGCCATATAGTATGTG-1,0.000935,0.000935,0.004674,0.993456
AGCCCATACATGTAAG-1,0.000128,0.000128,0.238952,0.760793
AGCCCGGCATTAGAGG-1,0.000145,0.000145,0.419673,0.580037
AGCCCTAAGCGAAGTT-1,0.000741,0.000741,0.003705,0.994814
AGCCCTCCCTGGTGGC-1,0.000094,0.050689,0.193969,0.755249
AGCCCTTCTAATCCGA-1,0.000058,0.039098,0.226232,0.734612
AGCCGCAAATTCAAAT-1,0.00303,0.122603,0.356763,0.517604
AGCCGCTTGATTAGCG-1,0.000014,0.016813,0.522197,0.460976
AGCCGTGGCTAAATGT-1,0.000315,0.123257,0.147935,0.728492
AGCCTAATACCCACGT-1,0.000125,0.000573,0.000628,0.998674
AGCCTTAAAGCGGAAG-1,0.000054,0.000054,0.483628,0.516264
AGCGACAGGAACGGTC-1,0.000037,0.000037,0.493605,0.506321
AGCGACATCCCATTCA-1,0.000051,0.009012,0.270534,0.720402
AGCGACCAACGATATT-1,0.000207,0.070079,0.022002,0.907712
AGCGAGACGTGAAGGC-1,0.000222,0.000222,0.001111,0.998444
AGCGCGGGTGCCAATG-1,0.000036,0.061674,0.091322,0.846968
AGCGCTTATGGGCAAG-1,0.000023,0.004947,0.739433,0.255598
AGCGGACACTTCGTAG-1,0.000498,0.000498,0.002488,0.996517
AGCGGCGGTTAGCGGT-1,0.000107,0.062785,0.030743,0.906364
AGCGGGAAGGGTCCAT-1,0.000024,0.001368,0.762509,0.236099
AGCGGGTCTGACACTC-1,0.001136,0.001137,0.005683,0.992043
AGCGGTTGCCGCTCTG-1,0.000066,0.006046,0.103634,0.890254
AGCGTACGAGAGCTAG-1,0.00008,0.00008,0.000402,0.999437
AGCGTAGCGCTAGACC-1,0.000043,0.073684,0.121256,0.805016
AGCGTCTGAACCCGCA-1,0.000037,0.040097,0.526465,0.4334
AGCGTGGTATTCTACT-1,0.000058,0.000058,0.000291,0.999592
AGCTAACAAGCAATGT-1,0.000077,0.009849,0.228648,0.761426
AGCTAAGTACGCAGGC-1,0.000059,0.044358,0.167596,0.787986
AGCTAGAAGCAGAAGT-1,0.000014,0.031479,0.942564,0.025943
AGCTATTTAATCCAAC-1,0.000187,0.000187,0.000933,0.998694
AGCTCCTTCGCACATC-1,0.00001,0.011778,0.943636,0.044576
AGCTCTAGACGTTCCA-1,0.000059,0.015569,0.000294,0.984078
AGCTCTTCCCAGTGCA-1,0.000035,0.012677,0.363682,0.623607
AGCTCTTCGTAACCTT-1,0.000057,0.044688,0.286713,0.668541
AGCTCTTTACTCAGTT-1,0.000039,0.000039,0.084272,0.91565
AGCTGAAGTAAACCAA-1,0.000036,0.000036,0.000182,0.999745
AGCTGTAACCTCAATC-1,0.000138,0.000138,0.228523,0.771201
AGCTTATAGAGACCTG-1,0.000035,0.009336,0.593352,0.397277
AGCTTCTTCTCGAGCA-1,0.000086,0.000086,0.124969,0.874858
AGCTTGATCAGGGTAG-1,0.001471,0.001471,0.007355,0.989703
AGCTTGATCTTAACTT-1,0.000281,0.046511,0.001405,0.951804
AGGAAAGCCTCTGATG-1,0.000065,0.000065,0.404906,0.594964
AGGAAGCTGTCCGCCG-1,0.00137,0.00137,0.006851,0.990409
AGGACAGTCGAATCCC-1,0.000021,0.000021,0.658238,0.34172
AGGACATCGCACGTCG-1,0.00004,0.00004,0.318829,0.68109
AGGACGACCCATTAGA-1,0.000026,0.037667,0.346773,0.615534
AGGACGCTCGATGTTG-1,0.000038,0.0056,0.444392,0.54997
AGGACTTATAGGAGAA-1,0.001539,0.001539,0.992306,0.004617
AGGAGGCCTTCGCGCG-1,0.000014,0.042369,0.77418,0.183438
AGGATAAAGTCGGGAT-1,0.000123,0.000123,0.2155,0.784253
AGGATATAGGGATTTA-1,0.000011,0.002659,0.966334,0.030996
AGGATATCCGACTGCA-1,0.000075,0.017825,0.29738,0.68472
AGGATCACGCGATCTG-1,0.000084,0.000084,0.093283,0.906549
AGGCAGATGCGTAAAC-1,0.00005,0.103853,0.28176,0.614337
AGGCATTGTCGTAGGG-1,0.000009,0.009952,0.923713,0.066326
AGGCCACCCGTTATGA-1,0.000057,0.015774,0.229492,0.754677
AGGCCCAGTGACTGGT-1,0.00007,0.00007,0.17836,0.8215
AGGCCCATTGTACAGG-1,0.000099,0.070959,0.000497,0.928444
AGGCCCTAGAACGCCA-1,0.000098,0.049097,0.075841,0.874964
AGGCCTGAGAATCTCG-1,0.000071,0.000071,0.15014,0.849719
AGGCGGTTTGTCCCGC-1,0.000226,0.000226,0.029053,0.970495
AGGCGTCTATGGACGG-1,0.000025,0.061846,0.539387,0.398742
AGGCTATGGTTAGCTT-1,0.000089,0.025808,0.000444,0.973659
AGGCTTCCCGAAGAAG-1,0.000012,0.000012,0.827379,0.172597
AGGCTTGCTAGACACC-1,0.000052,0.033968,0.329864,0.636117
AGGGAAACGAGGTACT-1,0.000023,0.07324,0.430033,0.496705
AGGGACAGCACGGCGG-1,0.000062,0.014954,0.395466,0.589517
AGGGACCGGCTGCGTT-1,0.000052,0.129286,0.081155,0.789508
AGGGAGACATACTTCG-1,0.000043,0.076723,0.134727,0.788506
AGGGCAGCGGCGTGGT-1,0.000107,0.000107,0.000537,0.999249
AGGGCGAGCAGCTGAT-1,0.000262,0.000263,0.011332,0.988143
AGGGCGTGATCGGCTA-1,0.000048,0.000048,0.23572,0.764183
AGGGCTGCAGTTACAG-1,0.000051,0.000052,0.000258,0.999639
AGGGTCAGAGCACTCG-1,0.000095,0.000095,0.219554,0.780257
AGGGTCAGTAACCCTA-1,0.00002,0.035214,0.591698,0.373068
AGGGTCGATGCGAACT-1,0.000028,0.032453,0.1888,0.778719
AGGGTGCCGTTCTTTA-1,0.000075,0.000075,0.126389,0.873461
AGGGTGCTCTCGAGGG-1,0.000034,0.062491,0.079132,0.858343
AGGGTGGATAGTGCAT-1,0.000051,0.024987,0.28152,0.693443
AGGGTTCAGACGGTCC-1,0.000038,0.000038,0.312846,0.687078
AGGGTTCCCTTTGGTT-1,0.000109,0.000109,0.208192,0.79159
AGGGTTTAGTTCGGGA-1,0.000098,0.000098,0.000488,0.999316
AGGTAACCTCCTATTC-1,0.000052,0.05316,0.310234,0.636554
AGGTACGATATTGCCA-1,0.000034,0.000034,0.000168,0.999765
AGGTAGATCGAGATAT-1,0.000066,0.000066,0.133867,0.866
AGGTAGGTACAAAGCT-1,0.00007,0.00007,0.655005,0.344856
AGGTATAATTGATAGT-1,0.000037,0.050517,0.136214,0.813233
AGGTCAGGTGAGAGTG-1,0.000297,0.000297,0.001484,0.997922
AGGTCGCCACTTCGGT-1,0.0001,0.0001,0.256783,0.743017
AGGTCGCGGAGTTACT-1,0.000057,0.000057,0.111455,0.888431
AGGTGTATCGCCATGA-1,0.000309,0.000309,0.001544,0.997839
AGGTTCTCCTTTCCGG-1,0.000174,0.08081,0.032147,0.886868
AGGTTGAGGCACGCTT-1,0.00008,0.00008,0.013056,0.986784
AGGTTTCACACACCTT-1,0.000048,0.000048,0.124974,0.874931
AGTAACGTTCATCCTG-1,0.000033,0.004343,0.697978,0.297646
AGTAATCTAAGGGTGG-1,0.000054,0.000054,0.153407,0.846485
AGTAATTTGCAAGCGT-1,0.000364,0.000364,0.091702,0.90757
AGTACAGAAGCTTATA-1,0.000541,0.000541,0.002703,0.996215
AGTACATCATTTATCA-1,0.000091,0.007176,0.15223,0.840503
AGTACCTTCGAGTGCT-1,0.000035,0.034743,0.690527,0.274695
AGTACGGCCCGTATCG-1,0.000068,0.000068,0.203152,0.796711
AGTACGGGCACCTGGC-1,0.000082,0.000082,0.00041,0.999426
AGTACGTGGCCTGTCT-1,0.00003,0.010046,0.599326,0.390598
AGTACTCTTATGCCCA-1,0.000057,0.0533,0.353181,0.593461
AGTAGCGTGAACGAAC-1,0.000046,0.000046,0.44706,0.552849
AGTAGCTAGACGCCGA-1,0.000055,0.109578,0.334534,0.555833
AGTAGGAAGGAAGTTG-1,0.000037,0.030658,0.205983,0.763321
AGTAGGTAACATACAT-1,0.000043,0.000043,0.382141,0.617774
AGTATAATACTAGGCA-1,0.00008,0.00008,0.0004,0.999439
AGTATACACAGCGACA-1,0.000022,0.000022,0.490167,0.50979
AGTATCCATAATAACG-1,0.000036,0.000036,0.427378,0.572551
AGTATGCTGGAGACCA-1,0.000105,0.090494,0.210378,0.699023
AGTCAAATGATGTGAT-1,0.000082,0.000082,0.160611,0.839225
AGTCAACACCACCATC-1,0.000034,0.035014,0.049295,0.915657
AGTCAAGATGACACTT-1,0.000022,0.017228,0.826556,0.156195
AGTCACTAGCTCTCGA-1,0.000008,0.012891,0.904696,0.082405
AGTCACTCCGCCTCAT-1,0.000072,0.000072,0.000362,0.999493
AGTCAGCCACCGCCTG-1,0.000059,0.000059,0.4388,0.561082
AGTCCAGCGGGTACGT-1,0.000056,0.002538,0.170325,0.82708
AGTCCATTGGCTGATG-1,0.000024,0.050265,0.630337,0.319374
AGTCCCGCCTTTAATT-1,0.000027,0.040668,0.508327,0.450979
AGTCGACGGTCTCAAG-1,0.00001,0.007305,0.782507,0.210177
AGTCGGCCCAAACGAC-1,0.000025,0.024885,0.620544,0.354545
AGTCGGCTCAACTTTA-1,0.000094,0.000094,0.446706,0.553107
AGTCGTATAAAGCAGA-1,0.000321,0.000321,0.082069,0.91729
AGTCGTCGACCACCAA-1,0.00001,0.00001,0.975228,0.024752
AGTCGTGGGCATTACG-1,0.000314,0.056493,0.026851,0.916342
AGTCTAAAGTATACTC-1,0.000054,0.000054,0.045391,0.954501
AGTCTCACAAGACTAC-1,0.000078,0.000078,0.185556,0.814288
AGTCTGGACATCCTTG-1,0.000146,0.059709,0.294523,0.645622
AGTCTTCTCCTCAAAT-1,0.000043,0.000043,0.260592,0.739321
AGTCTTTAAAGTGTCC-1,0.000263,0.000263,0.618033,0.381441
AGTGAACAAACTTCTC-1,0.000026,0.062228,0.285709,0.652037
AGTGACCTACTTTACG-1,0.000034,0.000809,0.395448,0.603709
AGTGACTGTGACACAA-1,0.000125,0.000125,0.000624,0.999126
AGTGAGACTTCCAGTA-1,0.000057,0.055713,0.197037,0.747194
AGTGAGCCTCGCCGCC-1,0.000041,0.148918,0.009661,0.84138
AGTGAGGGTTTCTGAC-1,0.000023,0.063695,0.599689,0.336593
AGTGATAACCTGCGCG-1,0.000043,0.000043,0.271944,0.727969
AGTGATATGAGTAGTT-1,0.000027,0.019386,0.775363,0.205223
AGTGATTCAAGCAGGA-1,0.000052,0.000052,0.378398,0.621498
AGTGCACGCTTAAGAA-1,0.000008,0.0024,0.957281,0.040312
AGTGCGTAGCTCGTAA-1,0.000012,0.000012,0.76865,0.231325
AGTGCTAAACACAGCA-1,0.000218,0.000218,0.107988,0.891577
AGTGCTTGCACGAATA-1,0.000008,0.000008,0.955298,0.044686
AGTGGCCCGCAAATGG-1,0.000066,0.01933,0.205296,0.775308
AGTGGCGGCAATTTGA-1,0.000017,0.008329,0.862903,0.128751
AGTGGCGTCTGAAGGT-1,0.000226,0.079459,0.174743,0.745572
AGTGGCTCCGTCGGCC-1,0.000104,0.000104,0.04156,0.958232
AGTGGTGTTACCCGTG-1,0.000255,0.000255,0.001276,0.998214
AGTGGTTGCGTATAGG-1,0.000036,0.000036,0.18462,0.815307
AGTGTATTGCGCATTG-1,0.000032,0.003818,0.41057,0.58558
AGTGTGCTAAGATCGC-1,0.000019,0.000019,0.353196,0.646766
AGTGTGGTCTATTGTG-1,0.000066,0.000067,0.000333,0.999534
AGTTAAACACTTGCGA-1,0.000035,0.031411,0.182777,0.785777
AGTTAAGCGGTCCCGG-1,0.000075,0.01013,0.117684,0.872111
AGTTAAGTCAACCGCT-1,0.00034,0.00034,0.150485,0.848835
AGTTACCCTTAAGACT-1,0.000023,0.000023,0.468795,0.531158
AGTTACCGCACATGGT-1,0.000042,0.012512,0.275973,0.711473
AGTTACTCTATCGTGG-1,0.000029,0.00004,0.528953,0.470978
AGTTCACCGGTTGGAC-1,0.000203,0.000203,0.244498,0.755096
AGTTCCTACAGAATTA-1,0.000035,0.050429,0.248624,0.700912
AGTTCCTATTTATGTT-1,0.000045,0.000045,0.000225,0.999685
AGTTCTGCGTTGTATC-1,0.000097,0.000097,0.038007,0.961799
AGTTGACATCGGCTGG-1,0.000123,0.103356,0.000614,0.895907
AGTTGACGGTCCTTGC-1,0.000645,0.000645,0.003227,0.995483
AGTTGCGGTCCTCAAC-1,0.000658,0.000658,0.00329,0.995394
AGTTGCTGACTGATAT-1,0.000225,0.000225,0.146946,0.852603
AGTTTGCACCTGCCTC-1,0.000045,0.000045,0.000227,0.999682
AGTTTGGCACGGGTTG-1,0.000021,0.019194,0.610015,0.37077
AGTTTGGCCAGACCTA-1,0.000065,0.03223,0.189906,0.777798
ATAAACGGACCCGTAA-1,0.000169,0.000169,0.115395,0.884267
ATAAAGGCTCGGTCGT-1,0.000061,0.069942,0.128113,0.801884
ATAAAGGTCAAGTACG-1,0.000026,0.000026,0.427667,0.572281
ATAAATATTAGCAGCT-1,0.000061,0.015259,0.100564,0.884117
ATAACGCCGGAGGGTC-1,0.000052,0.000052,0.080681,0.919214
ATAACGGAGTCCAACG-1,0.000092,0.000092,0.077813,0.922003
ATAACGTTACCTCCAC-1,0.000031,0.390799,0.376968,0.232202
ATAAGGTGGAGAACAT-1,0.00028,0.00028,0.071043,0.928397
ATAAGTACCCGATTGT-1,0.000028,0.49423,0.228599,0.277143
ATAAGTAGGATTCAGA-1,0.000054,0.056508,0.051893,0.891546
ATAAGTAGGGCGACTC-1,0.000032,0.042047,0.423765,0.534155
ATAAGTTACCGCGACG-1,0.000032,0.000032,0.375621,0.624315
ATAATACCGTTAGCCG-1,0.000023,0.000023,0.637181,0.362773
ATAATAGCTGTTGAAT-1,0.00009,0.00009,0.043454,0.956366
ATAATAGTGTAGGGAC-1,0.000239,0.000239,0.001197,0.998325
ATAATCTTGGAGAACC-1,0.000065,0.005108,0.036429,0.958399
ATAATTAGCTAAGTAG-1,0.00102,0.001021,0.005103,0.992856
ATACAGGCCCTCCAAT-1,0.00005,0.00005,0.346325,0.653574
ATACCACGGGCAACTT-1,0.000256,0.000256,0.15849,0.840998
ATACCAGGCTAATAGA-1,0.000038,0.236959,0.038256,0.724747
ATACCCTGGCTCAAAT-1,0.000303,0.000303,0.369175,0.630219
ATACCGTCATCCATAA-1,0.000049,0.084772,0.246663,0.668516
ATACCTAACCAAGAAA-1,0.001818,0.001819,0.009093,0.98727
ATACGCCGGCGAAACC-1,0.000029,0.080438,0.166628,0.752905
ATACGGAACGTCGTTT-1,0.000407,0.000407,0.248515,0.750672
ATACGGGTTTCGATTG-1,0.000076,0.000076,0.00038,0.999468
ATACGGTGAAGATGCA-1,0.00009,0.00009,0.429144,0.570675
ATACGTACTTAGCCAC-1,0.000063,0.000063,0.052279,0.947595
ATACGTCCACTCCTGT-1,0.00002,0.00002,0.569247,0.430712
ATACGTTATGCACGGA-1,0.000926,0.000926,0.004631,0.993517
ATACTCTCGCCACTCT-1,0.000025,0.003127,0.887106,0.109743
ATACTGCCTTACACCG-1,0.00007,0.00007,0.28313,0.71673
ATACTTGTTCTCGAGC-1,0.000318,0.000318,0.286075,0.71329
ATAGACAACGGGACCT-1,0.000028,0.000028,0.621649,0.378294
ATAGACGAAGAGAAAG-1,0.000033,0.023706,0.072538,0.903723
ATAGAGTACTGGGACA-1,0.000098,0.061798,0.245148,0.692956
ATAGAGTTATCAACTT-1,0.000045,0.015821,0.319243,0.664891
ATAGATTTGCAGTCGG-1,0.000152,0.000152,0.44575,0.553946
ATAGCAACTAGGGAAG-1,0.000067,0.04625,0.233312,0.720371
ATAGCCTCAGTACCCA-1,0.000032,0.000032,0.510791,0.489145
ATAGCTGCTCTTGTTA-1,0.000034,0.000034,0.421399,0.578533
