Barcode,Topic 1,Topic 2to3,Topic 4to5,Topic 6,Topic 7to10
AAACAAGTATCTCCCA-1,0.000194,0.000388,0.000388,0.000194,0.998837
AAACACCAATAACTGC-1,0.000139,0.000277,0.076001,0.015857,0.907726
AAACAGCTTTCAGAAG-1,0.039999,0.000128,0.067796,0.000064,0.892014
AAACAGGGTCTATATT-1,0.000093,0.000185,0.000185,0.003439,0.996098
AAACATGGTGAGAGGA-1,0.004348,0.008696,0.008699,0.004349,0.973909
AAACATTTCCCGGATT-1,0.000275,0.000549,0.042958,0.017352,0.938866
AAACCCGAACGAAATC-1,0.000086,0.000172,0.000172,0.000086,0.999484
AAACCGGAAATGTTAA-1,0.010896,0.000177,0.004165,0.000088,0.984674
AAACCGGGTAGGTACC-1,0.058714,0.00018,0.23287,0.029707,0.678529
AAACCGTTCGTCCAGG-1,0.00122,0.002439,0.262766,0.00122,0.732355
AAACCTAAGCAGCCGG-1,0.002703,0.005405,0.005407,0.125946,0.860539
AAACCTCATGAAGTTG-1,0.000091,0.000182,0.13378,0.000091,0.865856
AAACGAAGATGGAGTA-1,0.000087,0.000173,0.152901,0.000087,0.846752
AAACGAGACGGTTGAT-1,0.000135,0.00027,0.29936,0.089314,0.610921
AAACGGGCGTACGGGT-1,0.123253,0.003175,0.003176,0.001588,0.868809
AAACTCGGTTCGCAAT-1,0.000224,0.000448,0.16638,0.022434,0.810513
AAACTCGTGATATAAG-1,0.003449,0.006897,0.006898,0.003449,0.979307
AAACTGCTGGCTCCAA-1,0.000053,0.000107,0.773719,0.015697,0.210424
AAACTTAATTGCACGC-1,0.000909,0.001818,0.549976,0.000909,0.446387
AAACTTGCAAACGTAT-1,0.00011,0.000221,0.10956,0.00011,0.889999
AAAGAATGACCTTAGA-1,0.000535,0.00107,0.544077,0.000535,0.453783
AAAGACTGGGCGCTTT-1,0.019994,0.000227,0.000227,0.000113,0.979439
AAAGCTTGCCTACATA-1,0.002041,0.004082,0.004083,0.002041,0.987753
AAAGGGATGTAGCAAG-1,0.000241,0.000482,0.000482,0.000241,0.998554
AAAGGGCAGCTTGAAT-1,0.000157,0.000314,0.000315,0.000157,0.999056
AAAGTAGCATTGCTCA-1,0.000122,0.000245,0.122144,0.01377,0.863718
AAAGTCACTGATGTAA-1,0.00014,0.000279,0.290816,0.102516,0.60625
AAAGTCGACCCTCAGT-1,0.000093,0.000186,0.000186,0.000093,0.999442
AAAGTGCCATCAATTA-1,0.03502,0.000514,0.004934,0.029732,0.9298
AAAGTGTGATTTATCT-1,0.007144,0.014286,0.330027,0.007144,0.6414
AAAGTTGACTCCCGTA-1,0.002779,0.005556,0.429813,0.002778,0.559075
AAATAAGGTAGTGCCC-1,0.000093,0.000186,0.155608,0.000093,0.84402
AAATACCTATAAGCAT-1,0.000068,0.000136,0.729153,0.0132,0.257443
AAATAGCTTAGACTTT-1,0.057484,0.006452,0.006453,0.003226,0.926385
AAATAGGGTGCTATTG-1,0.015985,0.000185,0.000185,0.170089,0.813556
AAATCCGATACACGCC-1,0.000918,0.001835,0.262035,0.017773,0.71744
AAATCGCGGAAGGAGT-1,0.000166,0.000331,0.000331,0.000166,0.999006
AAATCGTGTACCACAA-1,0.054315,0.000213,0.128034,0.007083,0.810356
AAATCTAGCCCTGCTA-1,0.000147,0.000294,0.077351,0.000147,0.92206
AAATGATTCGATCAGC-1,0.102768,0.003704,0.003705,0.137451,0.752373
AAATGCTCGTTACGTT-1,0.099473,0.001418,0.172168,0.048457,0.678484
AAATGGCATGTCTTGT-1,0.001429,0.002857,0.002858,0.001429,0.991427
AAATGGCCCGTGCCCT-1,0.00008,0.00016,0.110408,0.00008,0.889273
AAATGGTCAATGTGCC-1,0.000685,0.00137,0.107441,0.000685,0.889819
AAATGTATCTTATCCC-1,0.000095,0.000189,0.000189,0.080636,0.91889
AAATTAACGGGTAGCT-1,0.000295,0.00059,0.145631,0.000295,0.853189
AAATTAATAAGCGCGA-1,0.000083,0.000166,0.000166,0.000083,0.999503
AAATTACCTATCGATG-1,0.000273,0.000545,0.134499,0.34785,0.516834
AAATTCCAGGTCCAAA-1,0.0001,0.000199,0.057044,0.0001,0.942557
AAATTGATAGTCCTTT-1,0.000424,0.000847,0.000848,0.000424,0.997457
AAATTTGCGGGTGTGG-1,0.000098,0.000195,0.255117,0.000098,0.744492
AACAACTGGTAGTTGC-1,0.000122,0.000245,0.188106,0.000122,0.811405
AACAATACATTGTCGA-1,0.074816,0.0003,0.141176,0.230502,0.553206
AACAATTACTCTACGC-1,0.01561,0.00028,0.128918,0.00014,0.855052
AACACACGCTCGCCGC-1,0.007828,0.00117,0.1907,0.000585,0.799717
AACACGACTGTACTGA-1,0.000328,0.000656,0.199111,0.012868,0.787037
AACACGAGACGCGGCC-1,0.000143,0.000287,0.077164,0.000143,0.922263
AACAGCTGTGTGGCAA-1,0.070774,0.000526,0.110364,0.000263,0.818073
AACAGGAAATCGAATA-1,0.005,0.01,0.010004,0.005001,0.969995
AACAGGATGGGCCGCG-1,0.000111,0.000221,0.07983,0.00718,0.912658
AACAGGTAGTATGGAT-1,0.000234,0.000468,0.00959,0.005231,0.984477
AACATATCAACTGGTG-1,0.000403,0.000806,0.006245,0.114719,0.877826
AACCAAGACTTCTCTG-1,0.000138,0.000275,0.114406,0.000138,0.885044
AACCCAGAGACGGAGA-1,0.000073,0.000147,0.000147,0.000073,0.999559
AACCCATCCCATGATC-1,0.013634,0.000254,0.084674,0.000127,0.901312
AACCCGAGCAGAATCG-1,0.000166,0.000331,0.028195,0.000166,0.971143
AACCCTACTGTCAATA-1,0.003336,0.006667,0.006669,0.003334,0.979995
AACCGAGCTTGGTCAT-1,0.000273,0.000545,0.243942,0.018081,0.737159
AACCGCTAAGGGATGC-1,0.001282,0.002564,0.169515,0.001282,0.825356
AACCGTTGTGTTTGCT-1,0.003334,0.006667,0.166815,0.003334,0.81985
AACCTCGCTTTAGCCC-1,0.00051,0.00102,0.248701,0.000511,0.749258
AACCTGTCACGGAATT-1,0.010186,0.000171,0.108661,0.000086,0.880896
AACCTTTAAATACGGT-1,0.000357,0.000714,0.398506,0.057106,0.543317
AACGAAAGTCGTCCCA-1,0.000123,0.000246,0.000246,0.000123,0.999261
AACGATAATGCCGTAG-1,0.000033,0.000067,0.012842,0.000033,0.987025
AACGATAGAAGGGCCG-1,0.110452,0.003846,0.003847,0.001923,0.879931
AACGATATGTCAACTG-1,0.000124,0.000249,0.464844,0.047929,0.486854
AACGCATGATCTGGGT-1,0.222113,0.000211,0.197948,0.188828,0.390901
AACGCGGTCTCCAGCC-1,0.012578,0.000427,0.094761,0.000214,0.89202
AACGCTGTTGCTGAAA-1,0.000276,0.000551,0.149343,0.000276,0.849555
AACGGACGTACGTATA-1,0.006251,0.0125,0.2249,0.006251,0.750098
AACGGCCATCTCCGGT-1,0.030681,0.00068,0.034793,0.469726,0.46412
AACGTACTGTGGGTAC-1,0.116256,0.000514,0.21479,0.074403,0.594038
AACGTCAGACTAGTGG-1,0.000113,0.000226,0.250118,0.011286,0.738257
AACGTGCGAAAGTCTC-1,0.000099,0.000197,0.495946,0.000099,0.503659
AACGTTATCAGCACCT-1,0.00022,0.00044,0.247223,0.061094,0.691023
AACTACCCGTTTGTCA-1,0.00042,0.00084,0.000841,0.00042,0.997478
AACTAGGCTTGGGTGT-1,0.000134,0.000268,0.199202,0.273072,0.527325
AACTCAAGTTAATTGC-1,0.010963,0.00036,0.101246,0.00018,0.887251
AACTCCAGAGCGTGTT-1,0.001588,0.003175,0.262374,0.001588,0.731276
AACTCTCAATAGAGCG-1,0.002174,0.004348,0.004349,0.219039,0.77009
AACTCTCAGTGTGCTC-1,0.000424,0.000847,0.184601,0.070969,0.743159
AACTGAGTTATACTGA-1,0.000092,0.000184,0.000184,0.005217,0.994323
AACTGATATTAGGCCT-1,0.004168,0.008334,0.271991,0.004167,0.71134
AACTGGGTCCCGACGT-1,0.000453,0.000905,0.000905,0.000453,0.997285
AACTTCTGCGTCTATC-1,0.000841,0.001681,0.316312,0.035872,0.645294
AACTTGCCCGTATGCA-1,0.00014,0.000281,0.217722,0.00014,0.781717
AACTTTACGGGAGCTT-1,0.032716,0.000174,0.000174,0.02346,0.943477
AACTTTCTCGATCATG-1,0.006668,0.013334,0.013336,0.006668,0.959994
AAGAAATCACCAGATT-1,0.002274,0.004546,0.004547,0.039709,0.948925
AAGACCAAATAACTCA-1,0.000244,0.000488,0.124021,0.000244,0.875003
AAGAGATGAATCGGTA-1,0.302312,0.00014,0.357256,0.00007,0.340222
AAGAGCTCTTTATCGG-1,0.000288,0.000576,0.313416,0.000288,0.685431
AAGAGGATGTACGCGA-1,0.088728,0.000286,0.092123,0.128327,0.690535
AAGAGGCATGGATCGC-1,0.000179,0.000357,0.290458,0.046057,0.66295
AAGAGGCCCTTTGGAA-1,0.000155,0.00031,0.00031,0.000155,0.999071
AAGATGGCACCGGACC-1,0.029036,0.000328,0.045287,0.198329,0.727019
AAGATTGGCGGAACGT-1,0.000474,0.000948,0.341169,0.353351,0.304058
AAGCACCCTGCGTATC-1,0.000099,0.000197,0.145311,0.000099,0.854294
AAGCATACTCTCCTGA-1,0.000189,0.000379,0.666965,0.01443,0.318037
AAGCCGAAGCGGTTTA-1,0.000271,0.000542,0.000542,0.000271,0.998374
AAGCCGCTTTACCTTG-1,0.007694,0.015385,0.365138,0.007694,0.60409
AAGCCGGAGAGCAGGA-1,0.026722,0.000119,0.000119,0.0053,0.967739
AAGCGCAGGGCTTTGA-1,0.00007,0.000141,0.000141,0.00007,0.999577
AAGCGTCCCTCATCGA-1,0.027901,0.000588,0.201972,0.000294,0.769244
AAGCTAGATCGAGTAA-1,0.000036,0.000072,0.852083,0.014766,0.133044
AAGCTCGTGCCAAGTC-1,0.000099,0.000197,0.593192,0.000099,0.406413
AAGCTCTTTCATGGTG-1,0.000415,0.00083,0.210151,0.000415,0.788189
AAGGAGCGGTTGGTGC-1,0.01282,0.000676,0.255178,0.000338,0.730988
AAGGATCGATCGCTTG-1,0.003449,0.006897,0.388285,0.003449,0.597921
AAGGATGAGGGACCTC-1,0.000311,0.000621,0.414052,0.05226,0.532756
AAGGCAGGCTGTCTCC-1,0.099117,0.00021,0.14878,0.000105,0.751789
AAGGCGCGTAAAGCTT-1,0.000095,0.00019,0.22319,0.009869,0.766655
AAGGCTGTGCTCATCG-1,0.000257,0.000514,0.159405,0.000257,0.839567
AAGGGAACGACTGGCT-1,0.003704,0.007408,0.00741,0.003704,0.977774
AAGGGACAGATTCTGT-1,0.000172,0.000343,0.049918,0.337683,0.611885
AAGGGACTATGCATTC-1,0.003705,0.007407,0.00741,0.003704,0.977774
AAGGGTTTGATTTCAG-1,0.000199,0.000398,0.159374,0.000199,0.839831
AAGGTATCCTAATATA-1,0.000266,0.000532,0.000532,0.522758,0.475912
AAGGTGATAAACCAGC-1,0.016757,0.001064,0.270921,0.000532,0.710726
AAGTAGAAGACCGGGT-1,0.001539,0.003077,0.119687,0.001539,0.874158
AAGTAGTGACGCGAGG-1,0.010714,0.00035,0.00035,0.012069,0.976517
AAGTCAATTGTCGTCA-1,0.007144,0.014286,0.402005,0.007144,0.569421
AAGTCTAGTAGCTGCC-1,0.002223,0.004445,0.207682,0.002223,0.783428
AAGTCTTCTGTGGCCT-1,0.000147,0.000294,0.07492,0.032483,0.892157
AAGTGACGACCGAATT-1,0.201394,0.00016,0.173811,0.00008,0.624554
AAGTGCAAAGGTAGAC-1,0.000115,0.000229,0.000229,0.000115,0.999312
AAGTGCCTTGACTGTA-1,0.003847,0.007692,0.007695,0.003847,0.976919
AAGTGCGTTAGAATCT-1,0.036678,0.000177,0.274207,0.004522,0.684416
AAGTGTTTGGAGACGG-1,0.000207,0.000414,0.05115,0.000207,0.948021
AAGTTCACTCCAAGCT-1,0.003031,0.006061,0.368317,0.610466,0.012125
AAGTTCAGTCTGCGTA-1,0.036866,0.001212,0.198583,0.087923,0.675416
AAGTTCGGCCAACAGG-1,0.00011,0.00022,0.129624,0.006662,0.863385
AAGTTGTGATGTTATA-1,0.035135,0.00042,0.086687,0.00021,0.877548
AAGTTTATGGGCCCAA-1,0.027649,0.000485,0.17031,0.02233,0.779226
AATAACAACGCTCGGC-1,0.001731,0.000202,0.163939,0.009074,0.825053
AATAACACTAGAACAA-1,0.000215,0.00043,0.345713,0.013632,0.64001
AATAATCTTCGTATCG-1,0.116914,0.000206,0.000206,0.000103,0.882571
AATACAATGTTTCAGG-1,0.000101,0.000202,0.002828,0.000101,0.996768
AATAGAACAGAGTGGC-1,0.016121,0.000281,0.120276,0.351536,0.511786
AATAGAATCTGTTTCA-1,0.00024,0.000481,0.24663,0.012921,0.739729
AATAGCTACCGCGTGC-1,0.061645,0.001105,0.220123,0.03523,0.681896
AATAGTCGCGAGTCGG-1,0.000085,0.00017,0.00017,0.000085,0.99949
AATATCCTAGCAAACT-1,0.000115,0.00023,0.00023,0.000115,0.999311
AATATCGAATCAATGC-1,0.000565,0.00113,0.00113,0.000565,0.99661
AATATCGAGGGTTCTC-1,0.001205,0.00241,0.308545,0.001205,0.686635
AATATTGGAGTATTGA-1,0.000132,0.000265,0.115886,0.010349,0.873367
AATCATGTAAAGACTC-1,0.000166,0.000331,0.162846,0.000166,0.836492
AATCCAAGGGCCTGAG-1,0.000526,0.001053,0.001053,0.000526,0.996842
AATCGCCTCAGCGCCA-1,0.000136,0.000272,0.340231,0.000136,0.659224
AATCGCGCAGAGGACT-1,0.063569,0.000228,0.059059,0.000114,0.87703
AATCGGGACACTACGA-1,0.000212,0.000424,0.374029,0.07741,0.547925
AATCGTGAGCCGAGCA-1,0.000472,0.000943,0.257594,0.000472,0.740519
AATCTAGGTTTACTTG-1,0.000167,0.000334,0.000334,0.000167,0.998998
AATCTATGCCGGAGCC-1,0.004001,0.008,0.008003,0.100173,0.879823
AATCTCTACTGTGGTT-1,0.118499,0.000145,0.009695,0.000073,0.871589
AATCTGCGTTGGGACG-1,0.028918,0.000631,0.068857,0.257903,0.643691
AATCTGGCTTTCTAGT-1,0.000184,0.000368,0.000368,0.000184,0.998895
AATGACAGCAATGTCT-1,0.00014,0.00028,0.156502,0.005178,0.8379
AATGACGTAGGATGTC-1,0.00004,0.00008,0.009297,0.00004,0.990544
AATGACTGTCAGCCGG-1,0.000565,0.00113,0.123642,0.000565,0.874097
AATGATGATACGCTAT-1,0.000422,0.000844,0.473088,0.057256,0.46839
AATGATGCGACTCCTG-1,0.022874,0.00087,0.00087,0.445671,0.529716
AATGCAACCGGGTACC-1,0.000228,0.000456,0.093126,0.005022,0.901168
AATGCACCAAGCAATG-1,0.000306,0.000612,0.393012,0.018846,0.587225
AATGGTCCACCGTTCA-1,0.000155,0.00031,0.05173,0.000155,0.947651
AATGGTTCTCACAAGC-1,0.050819,0.000231,0.126068,0.000116,0.822767
AATGTGCCCGAGGTGT-1,0.000476,0.000952,0.179004,0.000476,0.819091
AATGTTAAGACCCTGA-1,0.000439,0.000877,0.245501,0.046683,0.7065
AATTAAAGGTCGGCGT-1,0.050434,0.000435,0.176672,0.000217,0.772241
AATTAACGGATTTCCA-1,0.00065,0.001299,0.445412,0.00065,0.55199
AATTACGAGACCCATC-1,0.01589,0.00027,0.317182,0.000135,0.666523
AATTAGCGCTGCAGCG-1,0.000187,0.000374,0.443967,0.038584,0.516888
AATTCATAAGGGATCT-1,0.060354,0.003636,0.003637,0.172787,0.759586
AATTCATTGTCATGCA-1,0.016667,0.033336,0.866646,0.016669,0.066681
AATTCGATTCGAGGAT-1,0.000071,0.000142,0.057242,0.000071,0.942474
AATTCTAGAGTTAGGC-1,0.000199,0.000398,0.33704,0.043464,0.618898
AATTGAACGCTCTGGT-1,0.000061,0.000122,0.000122,0.000061,0.999635
AATTGCAGCAATCGAC-1,0.000137,0.000275,0.031067,0.000137,0.968383
AATTTGGTTCCAAAGA-1,0.000234,0.000467,0.270538,0.014788,0.713973
ACAAACCATGCGTCCT-1,0.000704,0.001408,0.191677,0.000704,0.805506
ACAAAGAAGGTAGGCC-1,0.013507,0.000142,0.1282,0.001899,0.856252
ACAAAGCATGACCTAG-1,0.000257,0.000513,0.088295,0.000256,0.910679
ACAAATCGCACCGAAT-1,0.055492,0.000254,0.000254,0.000127,0.943873
ACAAATGGTAGTGTTT-1,0.000516,0.001031,0.146444,0.000516,0.851494
ACAACAGCATGAGCTA-1,0.000063,0.000125,0.798691,0.000063,0.201059
ACAACGGTCCCTGCGA-1,0.000155,0.000309,0.13722,0.000155,0.862162
ACAAGCAGTGCCTAGC-1,0.023086,0.000311,0.131639,0.000155,0.844809
ACAAGCTATATGGAAG-1,0.000057,0.000115,0.000115,0.117183,0.88253
ACAAGGAAATCCGCCC-1,0.000091,0.000181,0.155103,0.000091,0.844534
ACAAGGACAAGAGGTT-1,0.000116,0.000232,0.050402,0.008407,0.940844
ACAAGGATGCTTTAGG-1,0.066513,0.011111,0.011114,0.114664,0.796598
ACAAGGGCAGGCTCTG-1,0.016277,0.000117,0.479712,0.000058,0.503836
ACAATAGTCGTACGTT-1,0.000143,0.000285,0.000285,0.000143,0.999144
ACAATCCATTTAAACC-1,0.000113,0.000225,0.063716,0.069879,0.866067
ACAATGAATACGGAGA-1,0.098517,0.001786,0.240949,0.000893,0.657854
ACAATTGTGTCTCTTT-1,0.00345,0.006897,0.006899,0.003449,0.979306
ACAATTTAGGAGGCTC-1,0.15629,0.000147,0.000147,0.000074,0.843342
ACAATTTGAGCAGTGG-1,0.000617,0.001235,0.20893,0.000618,0.7886
ACAATTTGGCCATATT-1,0.016691,0.000174,0.000174,0.000087,0.982873
ACACAAAGACGGGTGG-1,0.000685,0.00137,0.00137,0.000685,0.995889
ACACACCAGGACCAGT-1,0.000441,0.000881,0.000881,0.000441,0.997356
ACACACTTTCTACACG-1,0.004764,0.009524,0.009527,0.004763,0.971423
ACACATGATCAAATCT-1,0.000072,0.000144,0.20978,0.000072,0.789931
ACACCACATAATTAGC-1,0.000158,0.000315,0.092282,0.000158,0.907087
ACACCCAGCATGCAGC-1,0.002273,0.004546,0.004547,0.002273,0.986361
ACACCCGAGAAATCCG-1,0.08467,0.000333,0.193345,0.000167,0.721485
ACACCTTAAGTAGGGC-1,0.000181,0.000361,0.078318,0.000181,0.92096
ACACCTTACTACTTGC-1,0.002041,0.004082,0.004083,0.002041,0.987753
ACACGAGACTCCTTCT-1,0.000062,0.000124,0.792786,0.007313,0.199715
ACACGTAGGCCACAAG-1,0.081258,0.000315,0.114006,0.000158,0.804264
ACACTGATCAAGGTGT-1,0.013381,0.000306,0.128961,0.408962,0.448389
ACACTGGGACAGTCGT-1,0.015338,0.000398,0.000398,0.000199,0.983667
ACAGAACTGAGAACAA-1,0.000102,0.000205,0.138427,0.005378,0.855888
ACAGCATAGAGCCAGT-1,0.064499,0.005128,0.350397,0.002565,0.577411
ACAGCGACATTCTCAT-1,0.181528,0.000184,0.209161,0.000092,0.609036
ACAGGCACGGATCCTT-1,0.000394,0.000787,0.000788,0.000394,0.997637
ACAGGCTTGCCCGACT-1,0.036104,0.001183,0.005342,0.000592,0.956779
ACAGGTGGAGGTGAGG-1,0.054136,0.003175,0.003175,0.001588,0.937926
ACAGGTGTGTTGTTGC-1,0.066061,0.000199,0.000199,0.026456,0.907085
ACAGTAATACAACTTG-1,0.000155,0.00031,0.00031,0.033671,0.965555
ACAGTATACCGTGGGA-1,0.007144,0.014286,0.014289,0.007144,0.957137
ACATAAGTCGTGGTGA-1,0.000128,0.000256,0.114345,0.003143,0.882128
ACATAATAAGGCGGTG-1,0.02746,0.000885,0.125726,0.000443,0.845487
ACATCAGCTGGGACGC-1,0.037898,0.000141,0.120249,0.000071,0.841641
ACATCCTGGTAACTGT-1,0.070717,0.002985,0.245142,0.001493,0.679663
ACATCGATCGTTTACC-1,0.000226,0.000451,0.214134,0.034732,0.750457
ACATCGGTCAGCCGCG-1,0.000208,0.000416,0.102429,0.011157,0.88579
ACATCGTATGCAATGG-1,0.013615,0.00022,0.160728,0.00011,0.825328
ACATGGCGCCAAAGTA-1,0.007693,0.015385,0.015389,0.007694,0.953839
ACATTAGTTTATATCC-1,0.021561,0.000283,0.260617,0.000142,0.717397
ACCAACACCACACACT-1,0.091147,0.004545,0.004547,0.002273,0.897488
ACCAACCGCACTCCAC-1,0.001266,0.002532,0.170725,0.001266,0.824212
ACCAACGCTTATTTAT-1,0.000134,0.000268,0.244584,0.278578,0.476437
ACCAAGAACGCGTGTC-1,0.001819,0.003637,0.003637,0.001819,0.989088
ACCAATATGCAAGTTA-1,0.000132,0.000264,0.115642,0.000132,0.883831
ACCACAAGTTTCTATC-1,0.001316,0.002632,0.254375,0.067132,0.674546
ACCACACGGTTGATGG-1,0.000119,0.000237,0.185673,0.162333,0.651637
ACCACCAATGTAACAA-1,0.002858,0.005715,0.005716,0.002858,0.982853
ACCACCCTCTCTTCTA-1,0.005557,0.011111,0.011114,0.005557,0.966661
ACCACGTGCAGCTATA-1,0.02831,0.000559,0.236336,0.000279,0.734516
ACCAGACCATAACAAC-1,0.000065,0.000131,0.000131,0.000065,0.999608
ACCAGTGCGGGAGACG-1,0.000775,0.00155,0.142189,0.055923,0.799562
ACCATATCCGCAATAA-1,0.000214,0.000428,0.000428,0.000214,0.998715
ACCATCCGCCAACTAG-1,0.000105,0.000211,0.000211,0.000105,0.999368
ACCATCGTATATGGTA-1,0.000287,0.000575,0.116223,0.009469,0.873446
ACCCAACGCCCGTGGC-1,0.000383,0.000766,0.126128,0.269337,0.603385
ACCCACCTACATGCTC-1,0.000161,0.000321,0.050375,0.000161,0.948983
ACCCATCTTGAGGGTA-1,0.035154,0.000251,0.174205,0.000126,0.790264
ACCCATTTGTCCCTCT-1,0.015016,0.000353,0.216105,0.000176,0.76835
ACCCGAGCGAAATTAC-1,0.191116,0.005715,0.005716,0.137214,0.66024
ACCCGGAAACTCCCAG-1,0.000184,0.000368,0.354279,0.31111,0.33406
ACCCGGAGCACCACAA-1,0.120203,0.000147,0.085184,0.000073,0.794393
ACCCGGATGACGCATC-1,0.003126,0.00625,0.574692,0.003126,0.412806
ACCCGGTTACACTTCC-1,0.000143,0.000286,0.076037,0.32817,0.595364
ACCCTATGCCATATCG-1,0.000187,0.000375,0.223274,0.193916,0.582248
ACCCTCCCGTCAGGGC-1,0.000132,0.000265,0.082213,0.078572,0.838817
ACCCTCCCTTGCTATT-1,0.000114,0.000229,0.000229,0.000114,0.999313
ACCCTGGTAACGCCCT-1,0.001724,0.003448,0.003449,0.98448,0.006898
ACCCTTCATCTGCGAA-1,0.005883,0.011765,0.011769,0.005884,0.964699
ACCGAAAGGGCCCTGC-1,0.000355,0.000709,0.077706,0.035225,0.886005
ACCGAAGAGTCTGGTT-1,0.018644,0.000241,0.151105,0.00012,0.82989
ACCGACACATCTCCCA-1,0.000926,0.001852,0.254854,0.015279,0.727089
ACCGACTGAGTCCCAC-1,0.076848,0.000451,0.224569,0.015315,0.682817
ACCGAGTCTCCTTATT-1,0.048218,0.000749,0.244205,0.000375,0.706454
ACCGATAGGCATAACC-1,0.000086,0.000171,0.014623,0.003033,0.982087
ACCGATATTTAATCAT-1,0.000147,0.000294,0.007307,0.000147,0.992104
ACCGATGGTAGCATCG-1,0.015828,0.000294,0.146543,0.439513,0.397822
ACCGCAATAACTGCCT-1,0.010463,0.000166,0.000166,0.000083,0.989123
ACCGCGGTGGAAGTCG-1,0.00087,0.001739,0.00174,0.00087,0.994782
ACCGGGCCTTTGTTGA-1,0.005557,0.011111,0.011114,0.005557,0.966662
ACCGGTCAGGTACACC-1,0.000164,0.000327,0.072008,0.000164,0.927337
ACCGTCCACTGGGCCC-1,0.263529,0.004762,0.128609,0.002381,0.600719
ACCGTGACCACGTGGG-1,0.126668,0.000211,0.000211,0.742333,0.130578
ACCTAAGTACCTTTCA-1,0.02994,0.000361,0.128895,0.000181,0.840624
ACCTAATCGACTTCCT-1,0.00017,0.00034,0.00034,0.00017,0.998979
ACCTACAGTATGTGGT-1,0.00014,0.00028,0.127276,0.009673,0.862631
ACCTCCGCCCTCGCTG-1,0.00023,0.000461,0.08519,0.014714,0.899405
ACCTCCGTTATTCACC-1,0.000625,0.00125,0.00125,0.000625,0.996249
ACCTGCGTGTCATGTT-1,0.011883,0.000216,0.046942,0.000108,0.94085
ACGAAATGGGCGGCAC-1,0.000135,0.00027,0.062288,0.008743,0.928564
ACGACCCATGAGTTGC-1,0.000104,0.000208,0.071894,0.000104,0.92769
ACGACTCTAGGGCCGA-1,0.000376,0.000752,0.220358,0.091294,0.68722
ACGACTGGTCATACTC-1,0.000588,0.001177,0.253206,0.157866,0.587163
ACGAGGATACCACTCT-1,0.000117,0.000235,0.017208,0.000117,0.982322
ACGAGGTTTACAACGT-1,0.022481,0.000325,0.093401,0.007564,0.87623
ACGAGTACGGATGCCC-1,0.00122,0.002439,0.270294,0.00122,0.724827
ACGATACATAGAACTA-1,0.001667,0.003333,0.552433,0.001667,0.4409
ACGATACCTATCCTGA-1,0.000086,0.000173,0.001976,0.000086,0.997678
ACGATCATACATAGAG-1,0.045511,0.000398,0.259343,0.000199,0.69455
ACGATCATCTTGTAAA-1,0.005002,0.01,0.010002,0.097413,0.877582
ACGATGCATATGTTAT-1,0.000165,0.000329,0.232069,0.014397,0.753041
ACGATGGATCCGATGC-1,0.000503,0.001005,0.153445,0.000503,0.844544
ACGCAATCACTACAGC-1,0.188393,0.006897,0.006899,0.003449,0.794363
ACGCATACGTTTACTA-1,0.000238,0.000475,0.000475,0.000238,0.998574
ACGCATTCGTGAGTAC-1,0.000241,0.000482,0.059649,0.000241,0.939387
ACGCCACTCGAAACAG-1,0.000455,0.000909,0.258735,0.136204,0.603697
ACGCCGCTAGACGACC-1,0.008508,0.00013,0.473733,0.000065,0.517564
ACGCGAAGTCAGACGA-1,0.000121,0.000243,0.259125,0.108491,0.63202
ACGCGCTACACAGGGT-1,0.026137,0.000285,0.094178,0.000142,0.879257
ACGCGGGCCAAGGACA-1,0.020862,0.000146,0.195006,0.009174,0.774812
ACGCGTTTCTTAAGAG-1,0.000067,0.000133,0.000133,0.000067,0.999601
ACGCTAGTGATACACT-1,0.003126,0.00625,0.395194,0.003126,0.592305
ACGCTGTGAGGCGTAG-1,0.000187,0.000373,0.000373,0.000187,0.99888
ACGGACTCTCAAAGCG-1,0.054494,0.000094,0.135988,0.000047,0.809378
ACGGAGCGCAAATTAC-1,0.077349,0.000939,0.337571,0.102036,0.482105
ACGGATGGTGCGGATA-1,0.000135,0.000271,0.04839,0.000135,0.951069
ACGGCACTTGCTTGGG-1,0.000192,0.000384,0.217099,0.02828,0.754045
ACGGCGACGATGGGAA-1,0.000172,0.000344,0.125484,0.000172,0.873828
ACGGCTGGATGTAGAA-1,0.000147,0.000294,0.248742,0.000147,0.750669
ACGGGAGTGTCGGCCC-1,0.000085,0.000169,0.22846,0.000085,0.771201
ACGGGCGTATGCGACA-1,0.035523,0.002817,0.002818,0.033436,0.925407
ACGTACAGATTTCTCT-1,0.000311,0.000621,0.161052,0.000311,0.837706
ACGTAGATTGCTGATG-1,0.000193,0.000387,0.368177,0.000193,0.631049
ACGTAGGAGAGTCGCT-1,0.000063,0.000126,0.000126,0.000063,0.999623
ACGTATTACTCCGATC-1,0.01667,0.033333,0.033346,0.01667,0.89998
ACGTCTCGTTCCGGGA-1,0.00014,0.000281,0.000281,0.00014,0.999158
ACGTGACAAAGTAAGT-1,0.010878,0.000165,0.000165,0.000083,0.988708
ACGTGCGCCTCGTGCA-1,0.002273,0.004546,0.004547,0.002273,0.986361
ACGTTAATGTCGAAGA-1,0.018934,0.000334,0.333924,0.011599,0.635209
ACGTTAGATTTGCCCG-1,0.000235,0.00047,0.04594,0.000235,0.953121
ACGTTATTGGTCACTC-1,0.03843,0.001342,0.281625,0.021506,0.657097
ACGTTCGCAATCAATT-1,0.062054,0.000207,0.240686,0.000104,0.696949
ACGTTCGTTCAGGAAA-1,0.000339,0.000678,0.345813,0.126914,0.526256
ACGTTCTGTACAAGTC-1,0.003449,0.006897,0.006899,0.003449,0.979306
ACGTTTAGTTGTGATC-1,0.003334,0.006667,0.101348,0.003334,0.885317
ACTACATCCCGACAAG-1,0.004001,0.008001,0.313362,0.097198,0.577437
ACTACCAGCTCTCTGG-1,0.000153,0.000306,0.049202,0.000153,0.950186
ACTAGTTGCGATCGTC-1,0.037857,0.000722,0.178053,0.037103,0.746265
ACTATCCAGGGCATGG-1,0.00099,0.00198,0.316628,0.00099,0.679412
ACTATCTGCCCGCGTA-1,0.000154,0.000309,0.000309,0.000154,0.999074
ACTATGTCCAGCTGCC-1,0.001191,0.002381,0.130472,0.001191,0.864766
ACTATTTCCGGGCCCA-1,0.000195,0.00039,0.042438,0.61037,0.346607
ACTCAAGTGCAAGGCT-1,0.001471,0.002941,0.198151,0.02511,0.772327
ACTCAATAAAGGCACG-1,0.000234,0.000468,0.000469,0.000234,0.998595
ACTCCAATATCATCAT-1,0.001696,0.00339,0.003391,0.001695,0.989829
ACTCCCATTCCTAAAG-1,0.000091,0.000181,0.121883,0.000091,0.877755
ACTCCCGAATTCGTTT-1,0.001111,0.002222,0.002223,0.001111,0.993332
ACTCCCGTAGACTAGG-1,0.005556,0.011111,0.011115,0.176885,0.795332
ACTCCCTAATGCTAAA-1,0.000524,0.001047,0.267571,0.020247,0.710611
ACTCCCTAGAATAGTA-1,0.000154,0.000307,0.606411,0.000154,0.392975
ACTCCGGCCGACCACT-1,0.001021,0.002041,0.204161,0.001021,0.791757
ACTCGCGATCTGACGC-1,0.000277,0.000554,0.000554,0.000277,0.998338
ACTCGTAACCCGTCCT-1,0.000129,0.000258,0.007259,0.004853,0.987502
ACTCGTCAGTAATCCC-1,0.098473,0.000256,0.18783,0.422812,0.290629
ACTCTAAACCTGGGAT-1,0.000037,0.000074,0.000074,0.02121,0.978606
ACTCTCTGACTTAGGT-1,0.018564,0.000299,0.294322,0.000149,0.686666
ACTCTGACCTAATAGA-1,0.013469,0.000455,0.057819,0.009536,0.918721
ACTCTTCAGCTCCCGC-1,0.000126,0.000251,0.050713,0.000126,0.948784
ACTGAAACGCCGTTAG-1,0.029974,0.00099,0.00099,0.008403,0.959643
ACTGAATGGCGAAAGT-1,0.000096,0.000192,0.092381,0.029564,0.877767
ACTGCCGTCGTAACTC-1,0.002779,0.005556,0.465341,0.059702,0.466622
ACTGCGGACACACCGT-1,0.000144,0.000289,0.072686,0.000144,0.926737
ACTGCTCGGAAGGATG-1,0.000143,0.000286,0.153977,0.000143,0.845451
ACTGTACGATACACAT-1,0.000293,0.000587,0.388117,0.01046,0.600543
ACTGTAGCACTTTGGA-1,0.000131,0.000262,0.158711,0.006933,0.833962
ACTGTCCAGGATTATA-1,0.018369,0.000563,0.192309,0.000282,0.788477
ACTGTCTTCTTTAGAA-1,0.000095,0.00019,0.00019,0.587539,0.411985
ACTTACGCATCCACGC-1,0.000193,0.000387,0.259756,0.000193,0.73947
ACTTATACTTACCCGG-1,0.000148,0.000295,0.000295,0.99867,0.000591
ACTTATTAGGATCGGT-1,0.000144,0.000288,0.03844,0.008292,0.952836
ACTTATTTATGTGCCA-1,0.076833,0.007407,0.558844,0.003704,0.353211
ACTTCAGGCTGATCCC-1,0.031389,0.000225,0.166613,0.010799,0.790974
ACTTCCAGTGGAAGCT-1,0.009116,0.000334,0.088308,0.000167,0.902074
ACTTCCATGCGGGACA-1,0.004546,0.009091,0.009093,0.004546,0.972723
ACTTCGCCATACGCAC-1,0.000168,0.000336,0.55318,0.012494,0.433823
ACTTCGCTAGCGAGTG-1,0.000309,0.000617,0.204813,0.000309,0.793952
ACTTGACTCCCTCTTT-1,0.000054,0.000107,0.360312,0.000054,0.639473
ACTTGGGACCCGGTGG-1,0.000286,0.000571,0.200214,0.000286,0.798643
ACTTGTAGTCCCTTCA-1,0.076897,0.000283,0.000283,0.000142,0.922395
ACTTGTGGATGGAACG-1,0.031567,0.000461,0.148484,0.00023,0.819257
ACTTTACCCTCATGAA-1,0.007695,0.015385,0.232423,0.007694,0.736802
ACTTTCCTATAGCTTC-1,0.000099,0.000197,0.000197,0.000099,0.999409
ACTTTGACTGCATCCT-1,0.013249,0.000394,0.089715,0.000197,0.896446
ACTTTGGTCGTGCTCC-1,0.021799,0.00042,0.00042,0.251369,0.725992
ACTTTGTCGACGCACT-1,0.000153,0.000306,0.000306,0.000153,0.999082
AGAAATTATGACTCGC-1,0.022447,0.000196,0.000196,0.05203,0.925131
AGAACCCAGCGTGACA-1,0.000112,0.000224,0.000224,0.000112,0.999328
AGAACCCTCAATTGGG-1,0.063015,0.000305,0.323169,0.000153,0.613358
AGAAGAGCGCCGTTCC-1,0.025001,0.05,0.050011,0.025003,0.849985
AGAAGGTACACTTCAC-1,0.000122,0.000244,0.032201,0.047641,0.919792
AGAAGGTTGCCGAATT-1,0.000327,0.000654,0.122808,0.000327,0.875885
AGAAGGTTGTAGGTCG-1,0.065052,0.0016,0.271329,0.089779,0.572241
AGAAGTGATTCGTGAT-1,0.009985,0.000422,0.000422,0.008635,0.980536
AGAATAAATCTTCAGG-1,0.080201,0.000124,0.001619,0.000062,0.917995
AGAATTATGGATTCGA-1,0.00073,0.00146,0.273183,0.00073,0.723897
AGAATTGTTTGACATA-1,0.000617,0.001235,0.212416,0.081326,0.704405
AGACAGCTCAGAATCC-1,0.114249,0.000236,0.133498,0.000118,0.7519
AGACAGGCATCTCAGC-1,0.000111,0.000222,0.036679,0.012096,0.950892
AGACCAAACCACACCT-1,0.000132,0.000263,0.000263,0.000132,0.99921
AGACCATGGGATACAA-1,0.018028,0.000257,0.000257,0.000129,0.981329
AGACCCACCGCTGATC-1,0.000132,0.000263,0.463325,0.058421,0.47786
AGACCCGCCCTCCTCG-1,0.000331,0.000662,0.088707,0.000331,0.909968
AGACCGCTCCGCGGTT-1,0.000231,0.000462,0.128608,0.000231,0.870468
AGACCGGGAAACCCTG-1,0.000066,0.000131,0.022274,0.000066,0.977463
AGACGAAGTGCCGGTC-1,0.006668,0.013334,0.013338,0.006668,0.959992
AGACGACGATGCCGCT-1,0.000318,0.000635,0.15608,0.01968,0.823287
AGACGCCCACTTCGCC-1,0.000129,0.000258,0.000258,0.000129,0.999225
AGACTAGCCTTCCAGA-1,0.000283,0.000565,0.16679,0.000283,0.83208
AGACTGTTACCGGGTC-1,0.022201,0.000593,0.135077,0.802745,0.039384
AGAGAACCGTCTAGGA-1,0.000237,0.000474,0.212685,0.155904,0.630701
AGAGAAGGAGTACAAT-1,0.000157,0.000313,0.081439,0.000157,0.917935
AGAGATCTCTAAAGCG-1,0.034564,0.000165,0.072458,0.000082,0.892731
AGAGCAGTTATGAGAC-1,0.000115,0.000231,0.000231,0.000115,0.999308
AGAGCCGCCGAGATTT-1,0.000267,0.000533,0.089587,0.000267,0.909346
AGAGCGCTTGTAACGG-1,0.061828,0.003448,0.28211,0.001725,0.650889
AGAGCGGGCTAATCAT-1,0.002501,0.005001,0.005001,0.002501,0.984997
AGAGCGTACAAGCTCG-1,0.000099,0.000198,0.047111,0.006837,0.945754
AGAGGCTTCGGAAACC-1,0.019498,0.000256,0.054239,0.000128,0.925879
AGAGTAAACTTCACTA-1,0.085339,0.00056,0.249766,0.00028,0.664054
AGAGTATAGTGTTACG-1,0.007145,0.014286,0.01429,0.007144,0.957135
AGATAACTTCAGGGCC-1,0.00008,0.00016,0.00016,0.010953,0.988646
AGATACCAATAGAACC-1,0.000106,0.000212,0.000212,0.000106,0.999365
AGATACCGGTGTTCAC-1,0.000163,0.000327,0.113224,0.000163,0.886122
AGATACGACTTCATAT-1,0.019563,0.000371,0.077025,0.109396,0.793645
AGATACTCAAGATCGA-1,0.011559,0.000207,0.000207,0.000103,0.987924
AGATATAATACGACTA-1,0.018358,0.000131,0.000131,0.000065,0.981315
AGATCGTGCATAAGAT-1,0.00034,0.00068,0.168291,0.084113,0.746575
AGATCTCAGGTGTGAT-1,0.00015,0.000301,0.495206,0.00015,0.504192
AGATGACTCGCCCACG-1,0.003847,0.007692,0.007695,0.089952,0.890814
AGATGATGGAGTCTGG-1,0.005884,0.011765,0.011769,0.005883,0.9647
AGATGCAAGACGTGCA-1,0.000172,0.000344,0.21221,0.013069,0.774206
AGATGCATCCTGTGTC-1,0.000105,0.00021,0.00021,0.165,0.834474
AGATTATAGGACGTTT-1,0.000193,0.000385,0.031428,0.000193,0.967801
AGATTCACAACCGATA-1,0.021646,0.000176,0.087054,0.000088,0.891036
AGCAAAGGCCGCTAGT-1,0.000112,0.000225,0.162383,0.000112,0.837167
AGCAACATATCTTATT-1,0.203556,0.001439,0.295155,0.025158,0.474693
AGCAACCGAAAGTAAT-1,0.065791,0.000141,0.222128,0.000071,0.711869
AGCACCAGTACTCACG-1,0.000827,0.609826,0.001653,0.000827,0.386868
AGCACTACCGGCCTGT-1,0.000212,0.000425,0.000425,0.000212,0.998726
AGCACTACCTCACCAG-1,0.000159,0.000318,0.082325,0.011179,0.906018
AGCACTTAAGGACGCC-1,0.00013,0.000259,0.012346,0.00013,0.987136
AGCAGTCGAAGCATGC-1,0.048622,0.000917,0.257644,0.014243,0.678573
AGCATATCAATATGCT-1,0.010003,0.02,0.020005,0.491576,0.458415
AGCATCATTTCGAAAG-1,0.000118,0.000235,0.109364,0.000118,0.890166
AGCATCGTCGATAATT-1,0.001614,0.003226,0.211284,0.001613,0.782263
AGCATTACGAGGCAAG-1,0.000073,0.000146,0.000146,0.009591,0.990045
AGCCACAGGTTACCCG-1,0.003704,0.007407,0.308225,0.003704,0.676959
AGCCACTCCCGTGCTT-1,0.033138,0.000685,0.122533,0.040224,0.803419
AGCCCATACATGTAAG-1,0.000137,0.000273,0.000273,0.000137,0.99918
AGCCCGGCATTAGAGG-1,0.00068,0.001361,0.243436,0.118122,0.6364
AGCCCTAAGCGAAGTT-1,0.185714,0.003448,0.003449,0.001725,0.805664
AGCCCTGTCGCACCGT-1,0.000191,0.000382,0.000382,0.000191,0.998855
AGCCCTTGGACATCCC-1,0.000148,0.000295,0.000295,0.000148,0.999115
AGCCGCAAATTCAAAT-1,0.00009,0.00018,0.00018,0.00009,0.99946
AGCCGTGGCTAAATGT-1,0.022176,0.000205,0.012725,0.000103,0.964791
AGCCTAATACCCACGT-1,0.000151,0.000301,0.097292,0.000151,0.902105
AGCCTTAAAGCGGAAG-1,0.000067,0.000133,0.000133,0.004758,0.994909
AGCGACAGGAACGGTC-1,0.000781,0.001563,0.156167,0.000781,0.840708
AGCGACATCCCATTCA-1,0.003125,0.00625,0.182814,0.003126,0.804685
AGCGACCAACGATATT-1,0.000547,0.001093,0.288168,0.000547,0.709645
AGCGATGCGCCTAATA-1,0.000118,0.000236,0.000236,0.000118,0.999293
AGCGCGGGTGCCAATG-1,0.008279,0.000489,0.071985,0.320757,0.598491
AGCGCTAGAGCGATGT-1,0.018655,0.000291,0.000291,0.000146,0.980617
AGCGGACACTTCGTAG-1,0.422101,0.000784,0.11707,0.000392,0.459653
AGCGGCGGTTAGCGGT-1,0.042182,0.000185,0.014659,0.000093,0.942881
AGCGGTTGCCGCTCTG-1,0.001266,0.002532,0.376474,0.001266,0.618462
AGCGTGGTATTCTACT-1,0.00007,0.00014,0.311094,0.00491,0.683786
AGCTAACAAGCAATGT-1,0.000085,0.00017,0.00017,0.016603,0.982973
AGCTAAGTACGCAGGC-1,0.004349,0.008696,0.298268,0.004349,0.684338
AGCTAGAAGCAGAAGT-1,0.083228,0.000633,0.256703,0.352482,0.306954
AGCTCCATATATGTTC-1,0.000212,0.000425,0.015083,0.000212,0.984068
AGCTCCTTCGCACATC-1,0.056052,0.001724,0.065128,0.000862,0.876234
AGCTCTAGACGTTCCA-1,0.000156,0.000311,0.626264,0.000156,0.373114
AGCTCTTCGTAACCTT-1,0.005264,0.010527,0.010529,0.005264,0.968416
AGCTCTTTACTCAGTT-1,0.053221,0.000833,0.302133,0.000417,0.643396
AGCTGAAGTAAACCAA-1,0.000162,0.000324,0.145623,0.000162,0.853729
AGCTGTAACCTCAATC-1,0.014465,0.000621,0.271955,0.140526,0.572432
AGCTTCTTCTCGAGCA-1,0.000055,0.00011,0.00011,0.000055,0.999671
AGCTTGATCTTAACTT-1,0.020943,0.000182,0.096024,0.016411,0.86644
AGGAACGAACGACTTC-1,0.000391,0.000781,0.000781,0.0518,0.946246
AGGAAGCTGTCCGCCG-1,0.000297,0.000593,0.301397,0.025373,0.672339
AGGACAGTCGAATCCC-1,0.000205,0.00041,0.245742,0.017166,0.736478
AGGACATCGCACGTCG-1,0.017665,0.000181,0.067894,0.000091,0.914169
AGGACGACCCATTAGA-1,0.000435,0.00087,0.146689,0.000435,0.851572
AGGAGACATCCACAGT-1,0.002501,0.005,0.379875,0.002501,0.610123
AGGAGAGTCTGGCTAC-1,0.004764,0.009524,0.365901,0.004763,0.615049
AGGAGGCCTTCGCGCG-1,0.004001,0.008001,0.008002,0.004001,0.975995
AGGATAAAGTCGGGAT-1,0.000048,0.000096,0.297812,0.027094,0.674949
AGGATATAGGGATTTA-1,0.007696,0.015385,0.354682,0.007694,0.614544
AGGATATCCGACTGCA-1,0.000317,0.000633,0.273259,0.000317,0.725475
AGGATCACGCGATCTG-1,0.025841,0.000281,0.008309,0.00014,0.965429
AGGATTGCTTACGACA-1,0.003705,0.007407,0.288244,0.003705,0.69694
AGGCACGTGACTGTCC-1,0.044785,0.000355,0.000355,0.000177,0.954328
AGGCAGATGCGTAAAC-1,0.000559,0.001117,0.311889,0.039033,0.647401
AGGCATTGTCGTAGGG-1,0.000312,0.000623,0.224916,0.000312,0.773838
AGGCCACATTGGTTAC-1,0.07321,0.000299,0.073032,0.000149,0.853309
AGGCCACCCGTTATGA-1,0.000124,0.000249,0.111088,0.000124,0.888414
AGGCCCATTGTACAGG-1,0.002223,0.004445,0.274158,0.002223,0.716952
AGGCCCTAGAACGCCA-1,0.000084,0.000169,0.098539,0.014194,0.887014
AGGCCTGAGAATCTCG-1,0.005883,0.011765,0.01177,0.005884,0.964699
AGGCGATAACTGGCGT-1,0.000097,0.000194,0.110346,0.000097,0.889267
AGGCGGTTTGTCCCGC-1,0.000175,0.00035,0.16122,0.000175,0.838079
AGGCTATGGTTAGCTT-1,0.000148,0.000295,0.048385,0.043822,0.907351
AGGCTTCCCGAAGAAG-1,0.000429,0.000858,0.219916,0.000429,0.778367
AGGCTTGCTAGACACC-1,0.000138,0.000277,0.026692,0.018992,0.953902
AGGGACCGGCTGCGTT-1,0.004001,0.008,0.008002,0.004001,0.975996
AGGGAGACATACTTCG-1,0.00069,0.001379,0.00138,0.00069,0.995861
AGGGCGAGCAGCTGAT-1,0.000114,0.000228,0.000228,0.000114,0.999316
AGGGCGTGATCGGCTA-1,0.001725,0.003448,0.100575,0.001724,0.892527
AGGGCTGCAGTTACAG-1,0.098675,0.000297,0.518602,0.000148,0.382278
AGGGTCGATGCGAACT-1,0.000535,0.00107,0.129577,0.000535,0.868283
AGGGTGCTCTCGAGGG-1,0.000175,0.00035,0.06207,0.429674,0.507731
AGGGTGGATAGTGCAT-1,0.000121,0.000243,0.000243,0.000121,0.999272
AGGGTTCCCTTTGGTT-1,0.000303,0.000606,0.236554,0.353981,0.408556
AGGGTTTAGTTCGGGA-1,0.019452,0.000219,0.222055,0.000109,0.758165
AGGTAACCTCCTATTC-1,0.000595,0.001191,0.027663,0.246863,0.723688
AGGTAGATCGAGATAT-1,0.019373,0.000549,0.122417,0.346943,0.510718
AGGTAGGTACAAAGCT-1,0.000113,0.000226,0.000226,0.056973,0.942462
AGGTATAATTGATAGT-1,0.003126,0.00625,0.153615,0.169478,0.667531
AGGTATGCGGACATTA-1,0.048506,0.00019,0.052385,0.000095,0.898824
AGGTCAGGTGAGAGTG-1,0.000125,0.00025,0.00025,0.00373,0.995645
AGGTCGCCTCCCAACA-1,0.000093,0.000186,0.115212,0.000093,0.884416
AGGTCGCGGAGTTACT-1,0.10918,0.016667,0.01667,0.008335,0.849149
AGGTGTATCGCCATGA-1,0.000159,0.000317,0.000318,0.000159,0.999047
AGGTTACACCATGCCG-1,0.023066,0.000217,0.000217,0.008345,0.968155
AGGTTTCACACACCTT-1,0.044355,0.000185,0.507737,0.000092,0.447631
AGTAATGTCTTGCCGC-1,0.003226,0.006452,0.006454,0.003226,0.980642
AGTACAGAAGCTTATA-1,0.071789,0.000082,0.095084,0.009082,0.823964
AGTACATCATTTATCA-1,0.003449,0.006897,0.571028,0.003449,0.415176
AGTACGGCCCGTATCG-1,0.016636,0.000173,0.05117,0.000086,0.931934
AGTACGGGCACCTGGC-1,0.000426,0.000851,0.092906,0.341383,0.564434
AGTACTCTTATGCCCA-1,0.000568,0.001136,0.001137,0.000568,0.99659
AGTAGGTAACATACAT-1,0.032139,0.002564,0.144904,0.001282,0.81911
AGTATAATACTAGGCA-1,0.000165,0.000329,0.228016,0.007949,0.76354
AGTATGCTGGAGACCA-1,0.000276,0.000553,0.000553,0.000276,0.998342
AGTCAACACCACCATC-1,0.147243,0.000217,0.30205,0.000109,0.550381
AGTCAAGATGACACTT-1,0.001472,0.002941,0.117481,0.001471,0.876635
AGTCACTAGCTCTCGA-1,0.000142,0.000283,0.141928,0.000142,0.857505
AGTCAGCCACCGCCTG-1,0.045429,0.001681,0.228068,0.000841,0.723982
AGTCCATTGGCTGATG-1,0.004764,0.009524,0.009527,0.004763,0.971422
AGTCCCTCGCAGAAAG-1,0.002175,0.004348,0.117055,0.002174,0.874249
AGTCGACGGTCTCAAG-1,0.041479,0.00198,0.001981,0.033845,0.920716
AGTCGGCCCAAACGAC-1,0.000107,0.000215,0.023958,0.012963,0.962757
AGTCGGCTCAACTTTA-1,0.032113,0.000229,0.076629,0.023006,0.868024
AGTCGGTTGCGTGAGA-1,0.00014,0.000281,0.082803,0.00014,0.916636
AGTCGTATAAAGCAGA-1,0.001053,0.002105,0.332578,0.001053,0.663212
AGTCGTCGACCACCAA-1,0.003573,0.007143,0.579628,0.003572,0.406084
AGTCGTGGGCATTACG-1,0.000135,0.000271,0.382515,0.000135,0.616944
AGTCTAAAGTATACTC-1,0.015807,0.003226,0.003227,0.001613,0.976127
AGTCTCACAAGACTAC-1,0.000211,0.000423,0.170971,0.003888,0.824506
AGTCTGGACATCCTTG-1,0.018205,0.001342,0.001343,0.096678,0.882432
AGTCTTCTCCTCAAAT-1,0.02433,0.001026,0.3469,0.031794,0.59595
AGTCTTTAAAGTGTCC-1,0.000092,0.000185,0.015908,0.000092,0.983723
AGTGAACAAACTTCTC-1,0.002858,0.005714,0.567638,0.002858,0.420931
AGTGAAGATGGTGTCC-1,0.0025,0.005,0.005001,0.056497,0.931001
AGTGACCTACTTTACG-1,0.000493,0.000985,0.000985,0.063326,0.934211
AGTGAGACTTCCAGTA-1,0.000179,0.000358,0.104222,0.403098,0.492143
AGTGAGCCTCGCCGCC-1,0.004546,0.009091,0.341943,0.004546,0.639874
AGTGATAACCTGCGCG-1,0.034295,0.003226,0.003227,0.001613,0.957639
AGTGATATGAGTAGTT-1,0.022653,0.000356,0.000356,0.975923,0.000712
AGTGATTCAAGCAGGA-1,0.000132,0.000264,0.206381,0.131834,0.66139
AGTGCACGCTTAAGAA-1,0.000291,0.000581,0.110828,0.000291,0.888009
AGTGCGTAGCTCGTAA-1,0.013706,0.000504,0.422371,0.000252,0.563167
AGTGCTAAACACAGCA-1,0.152834,0.000641,0.165166,0.275785,0.405574
AGTGCTTGCACGAATA-1,0.00115,0.002299,0.203414,0.088473,0.704664
AGTGGCGGCAATTTGA-1,0.068095,0.000881,0.18055,0.208367,0.542107
AGTGGCGTCTGAAGGT-1,0.004763,0.009524,0.009527,0.099653,0.876533
AGTGGCTCCGTCGGCC-1,0.000158,0.000315,0.000315,0.000158,0.999055
AGTGGTGTTACCCGTG-1,0.000185,0.00037,0.00037,0.000185,0.998891
AGTGGTTGCGTATAGG-1,0.032563,0.000191,0.010695,0.000096,0.956456
AGTGTGGTCTATTGTG-1,0.000165,0.00033,0.00033,0.007619,0.991557
AGTTAAACACTTGCGA-1,0.000101,0.000202,0.414911,0.000101,0.584684
AGTTAAGTCAACCGCT-1,0.000157,0.000313,0.120287,0.006817,0.872426
AGTTACCCTTAAGACT-1,0.000097,0.000193,0.000193,0.000097,0.99942
AGTTACCGCACATGGT-1,0.030304,0.000189,0.143658,0.000095,0.825755
AGTTCCTACAGAATTA-1,0.10313,0.001869,0.276511,0.059766,0.558723
AGTTCCTATTTATGTT-1,0.033203,0.000295,0.320736,0.005472,0.640295
AGTTTATGTAAAGACA-1,0.002381,0.004762,0.004763,0.050688,0.937406
AGTTTCGCAGGTCGGA-1,0.005885,0.011765,0.011768,0.005883,0.964699
AGTTTGCACCTGCCTC-1,0.000088,0.000177,0.281046,0.004779,0.713911
AGTTTGGCACGGGTTG-1,0.001316,0.002632,0.002632,0.001316,0.992104
AGTTTGGCCAGACCTA-1,0.00013,0.00026,0.19377,0.029583,0.776257
ATAAACGGACCCGTAA-1,0.073086,0.000171,0.42071,0.073169,0.432864
ATAAACGTTGCACCAC-1,0.043806,0.000184,0.01171,0.532236,0.412065
ATAAAGGCTCGGTCGT-1,0.01024,0.00066,0.214431,0.010852,0.763818
ATAAATATTAGCAGCT-1,0.023635,0.000151,0.000151,0.000076,0.975988
ATAACGCCGGAGGGTC-1,0.000191,0.000381,0.344948,0.000191,0.65429
ATAACGGAGTCCAACG-1,0.028786,0.000147,0.74748,0.071579,0.152008
ATAAGGTGGAGAACAT-1,0.022577,0.000126,0.358771,0.000063,0.618464
ATAAGTAGGATTCAGA-1,0.002565,0.005128,0.183019,0.002565,0.806723
ATAAGTAGGGCGACTC-1,0.007693,0.015385,0.112344,0.007694,0.856884
ATAAGTTACCGCGACG-1,0.000101,0.000202,0.078122,0.613317,0.308258
ATAATAGCTGTTGAAT-1,0.007804,0.000256,0.439091,0.0331,0.519749
ATAATAGTGTAGGGAC-1,0.000092,0.000184,0.000184,0.000092,0.999447
ATAATCTTGGAGAACC-1,0.000361,0.000722,0.168896,0.000361,0.82966
ATAATTAGCTAAGTAG-1,0.000568,0.001136,0.306158,0.166051,0.526087
ATACAGGCCCTCCAAT-1,0.000074,0.000149,0.026689,0.005468,0.96762
ATACCACGGGCAACTT-1,0.000115,0.00023,0.146558,0.01519,0.837907
ATACCAGGCTAATAGA-1,0.000204,0.000408,0.385657,0.078428,0.535303
ATACCTAACCAAGAAA-1,0.000142,0.000285,0.140118,0.118212,0.741244
ATACGAAGGCTTTCCA-1,0.000151,0.000303,0.000303,0.000151,0.999092
ATACGCCGGCGAAACC-1,0.000071,0.000143,0.37431,0.011284,0.614192
ATACGGAACGTCGTTT-1,0.000147,0.000295,0.271022,0.000147,0.728388
ATACGGGTTTCGATTG-1,0.000662,0.001325,0.261979,0.033389,0.702645
ATACGGTGAAGATGCA-1,0.009986,0.000182,0.00569,0.012673,0.971469
ATACGTACTTAGCCAC-1,0.000157,0.000314,0.049972,0.000157,0.9494
ATACGTCCACTCCTGT-1,0.000637,0.001274,0.080649,0.044367,0.873074
ATACGTTATGCACGGA-1,0.298609,0.000592,0.337356,0.000296,0.363148
ATACTACCCGTACCAC-1,0.000186,0.000372,0.131559,0.000186,0.867697
ATACTAGCATGACCCT-1,0.000794,0.001587,0.001588,0.000794,0.995237
ATACTGCCTTACACCG-1,0.005883,0.011765,0.2168,0.005884,0.759669
ATACTTGTTCTCGAGC-1,0.010877,0.000235,0.008875,0.000118,0.979895
ATAGACAACGGGACCT-1,0.000212,0.000425,0.234008,0.501431,0.263924
ATAGACGAAGAGAAAG-1,0.000097,0.000193,0.108298,0.012372,0.87904
ATAGAGTACTGGGACA-1,0.000369,0.000738,0.159042,0.000369,0.839482
ATAGAGTTATCAACTT-1,0.000236,0.000473,0.194344,0.493929,0.311017
ATAGCAACTAGGGAAG-1,0.000172,0.000344,0.084235,0.000172,0.915077
ATAGGCGGCTATAGAA-1,0.00013,0.000259,0.291287,0.02618,0.682144
ATAGGCTAGCTTCGCA-1,0.00023,0.000461,0.06935,0.929037,0.000922
