Barcode,Topic 1,Topic 2,Topic 3,Topic 4,Topic 5,Topic 6to7,Topic 8to10
AAACAAGTATCTCCCA-1,0.000049,0.025852,0.000049,0.230118,0.400257,0.181771,0.161905
AAACACCAATAACTGC-1,0.012599,0.123977,0.023277,0.188243,0.09821,0.526026,0.027668
AAACAGAGCGACTCCT-1,0.000062,0.000062,0.000062,0.000062,0.000062,0.216894,0.782796
AAACAGCTTTCAGAAG-1,0.000029,0.002911,0.050557,0.171687,0.460175,0.036097,0.278545
AAACAGGGTCTATATT-1,0.000089,0.03696,0.024256,0.196949,0.077734,0.219288,0.444723
AAACATGGTGAGAGGA-1,0.055987,0.026744,0.086427,0.000243,0.000243,0.354486,0.47587
AAACATTTCCCGGATT-1,0.018518,0.045883,0.052276,0.096318,0.000089,0.212646,0.57427
AAACCCGAACGAAATC-1,0.000043,0.014966,0.01221,0.036443,0.003832,0.564529,0.367977
AAACCGGAAATGTTAA-1,0.000026,0.282497,0.035392,0.030407,0.055156,0.383701,0.212821
AAACCGGGTAGGTACC-1,0.00003,0.010782,0.003141,0.137648,0.0824,0.515931,0.250069
AAACCGTTCGTCCAGG-1,0.000045,0.074175,0.002449,0.028318,0.007877,0.514329,0.372805
AAACCTAAGCAGCCGG-1,0.003821,0.012132,0.0932,0.052479,0.142257,0.022376,0.673737
AAACCTCATGAAGTTG-1,0.000035,0.012434,0.055906,0.139641,0.053048,0.526519,0.212417
AAACGAAGATGGAGTA-1,0.000039,0.030517,0.046334,0.025299,0.313703,0.307928,0.276181
AAACGAGACGGTTGAT-1,0.000019,0.000019,0.189979,0.06118,0.037872,0.027318,0.683612
AAACGGGCGTACGGGT-1,0.000042,0.026058,0.071957,0.042423,0.044306,0.59711,0.218104
AAACGGTTGCGAACTG-1,0.020001,0.819968,0.020002,0.020004,0.020004,0.040013,0.060009
AAACGTGTTCGCCCTA-1,0.000033,0.000033,0.030103,0.000033,0.189604,0.077981,0.702213
AAACTAACGTGGCGAC-1,0.000035,0.039178,0.02234,0.000035,0.022819,0.245395,0.670197
AAACTCGTGATATAAG-1,0.000258,0.243344,0.100447,0.000258,0.507915,0.147005,0.000773
AAACTGCTGGCTCCAA-1,0.000339,0.000339,0.000339,0.000339,0.000339,0.072063,0.926241
AAACTTAATTGCACGC-1,0.000048,0.000048,0.107689,0.349533,0.007721,0.224551,0.31041
AAACTTGCAAACGTAT-1,0.10551,0.000107,0.000107,0.328132,0.133663,0.2006,0.231882
AAAGAATGACCTTAGA-1,0.000118,0.000544,0.000118,0.000118,0.000118,0.287985,0.710999
AAAGACCCAAGTCGCG-1,0.000216,0.000216,0.000216,0.000216,0.000216,0.099541,0.899378
AAAGACTGGGCGCTTT-1,0.00001,0.015358,0.324868,0.005944,0.464674,0.048608,0.140538
AAAGCTTGCCTACATA-1,0.000018,0.006859,0.032579,0.01309,0.846425,0.021007,0.080022
AAAGGCCCTATAATAC-1,0.07252,0.017106,0.077771,0.064203,0.252984,0.285701,0.229716
AAAGGCTACGGACCAT-1,0.000294,0.41148,0.053677,0.000294,0.021253,0.360618,0.152383
AAAGGGATGTAGCAAG-1,0.000113,0.044369,0.000113,0.000113,0.127575,0.044133,0.783584
AAAGGGCAGCTTGAAT-1,0.000019,0.011148,0.355111,0.01295,0.08425,0.123135,0.413386
AAAGGTAAGCTGTACC-1,0.014583,0.048181,0.019446,0.076177,0.130548,0.378465,0.332599
AAAGTAGCATTGCTCA-1,0.000029,0.014207,0.023677,0.126387,0.644126,0.029933,0.16164
AAAGTCACTGATGTAA-1,0.000345,0.110244,0.000345,0.000345,0.000345,0.12594,0.762436
AAAGTCGACCCTCAGT-1,0.000055,0.014383,0.024766,0.007732,0.009034,0.502106,0.441925
AAAGTGCCATCAATTA-1,0.000035,0.065743,0.004536,0.000035,0.000035,0.630664,0.298952
AAAGTGTGATTTATCT-1,0.000081,0.000081,0.042355,0.494413,0.037637,0.091687,0.333745
AAAGTTGACTCCCGTA-1,0.000066,0.000066,0.11411,0.068758,0.546225,0.031788,0.238987
AAATAACCATACGGGA-1,0.000023,0.003422,0.014894,0.028379,0.334618,0.018769,0.599894
AAATAAGGTAGTGCCC-1,0.000023,0.005332,0.030153,0.030214,0.552349,0.266863,0.115066
AAATACCTATAAGCAT-1,0.00029,0.00029,0.00029,0.00029,0.00029,0.240153,0.758398
AAATAGCTTAGACTTT-1,0.000055,0.000055,0.012937,0.000055,0.258092,0.309841,0.418967
AAATAGGGTGCTATTG-1,0.000332,0.000332,0.000332,0.268675,0.016013,0.050046,0.664269
AAATCCGATACACGCC-1,0.013462,0.000109,0.040428,0.214115,0.103848,0.002227,0.625811
AAATCGCGGAAGGAGT-1,0.041988,0.037948,0.022552,0.025972,0.301247,0.392148,0.178144
AAATCTAGCCCTGCTA-1,0.00098,0.043097,0.000138,0.000138,0.000138,0.173114,0.782395
AAATGATTCGATCAGC-1,0.000048,0.034309,0.140373,0.000048,0.004407,0.420603,0.400213
AAATGCTCGTTACGTT-1,0.000107,0.000107,0.000107,0.000107,0.000107,0.325887,0.673578
AAATGGCATGTCTTGT-1,0.000266,0.000266,0.000266,0.000266,0.000266,0.000532,0.998138
AAATGGCCCGTGCCCT-1,0.000102,0.015205,0.000102,0.003975,0.478018,0.103611,0.398988
AAATGGTCAATGTGCC-1,0.000032,0.004884,0.021383,0.056901,0.186809,0.206276,0.523716
AAATGTATCTTATCCC-1,0.000083,0.000083,0.428062,0.000083,0.11814,0.069051,0.384498
AAATTAATAAGCGCGA-1,0.000009,0.006555,0.549543,0.076113,0.107282,0.023374,0.237124
AAATTACACGACTCTG-1,0.000046,0.000357,0.000046,0.000046,0.000046,0.25152,0.74794
AAATTACCTATCGATG-1,0.000008,0.014794,0.766793,0.010189,0.166904,0.021201,0.020111
AAATTCCAGGTCCAAA-1,0.000038,0.031928,0.029766,0.055148,0.164993,0.455776,0.26235
AAATTGATAGTCCTTT-1,0.000049,0.032646,0.036595,0.044223,0.401889,0.177744,0.306853
AAATTGCGGCGGTTCT-1,0.00006,0.00006,0.043721,0.008287,0.587385,0.030799,0.329688
AAATTGGTGAGAAGCA-1,0.000044,0.072165,0.03977,0.000446,0.050002,0.138634,0.698938
AAATTTGCGGGTGTGG-1,0.000046,0.013279,0.000454,0.052386,0.027667,0.371203,0.534965
AACAACTGGTAGTTGC-1,0.000019,0.007302,0.188434,0.00702,0.484583,0.160862,0.151781
AACAATACATTGTCGA-1,0.000041,0.077365,0.034725,0.000041,0.018847,0.464847,0.404134
AACAATTACTCTACGC-1,0.050294,0.040256,0.12284,0.020776,0.049692,0.303996,0.412146
AACACACGCTCGCCGC-1,0.000093,0.000093,0.000093,0.05087,0.256934,0.005019,0.686899
AACACGACTGTACTGA-1,0.000538,0.000538,0.000538,0.000538,0.000538,0.204004,0.793307
AACACGAGACGCGGCC-1,0.000068,0.019899,0.035179,0.240263,0.10734,0.245987,0.351264
AACACGCGGCCGCGAA-1,0.000031,0.000031,0.012206,0.041252,0.330216,0.115345,0.50092
AACAGCTGTGTGGCAA-1,0.000041,0.024705,0.015685,0.027044,0.094274,0.178624,0.659628
AACAGGAAATCGAATA-1,0.000197,0.000197,0.000197,0.000197,0.000197,0.000393,0.998624
AACAGGATGGGCCGCG-1,0.000033,0.01323,0.07899,0.069976,0.181073,0.195911,0.460786
AACAGGTAGTATGGAT-1,0.000046,0.009875,0.050121,0.055618,0.086122,0.400068,0.39815
AACATATCAACTGGTG-1,0.000017,0.013818,0.482653,0.042027,0.045994,0.091399,0.324092
AACATCGATACGTCTA-1,0.000034,0.014287,0.098556,0.02083,0.153418,0.315104,0.397772
AACATTGAAGTTGATC-1,0.286618,0.294649,0.077786,0.003455,0.045469,0.244741,0.047282
AACATTGGTCAGCCGT-1,0.000141,0.047118,0.000141,0.010886,0.133869,0.387632,0.420212
AACATTGTGACTCGAG-1,0.00004,0.450285,0.00004,0.00004,0.00004,0.510633,0.038925
AACCAAGACTTCTCTG-1,0.089986,0.002077,0.044699,0.00271,0.000066,0.350776,0.509687
AACCATAGGGTTGAAC-1,0.000029,0.011034,0.047967,0.389373,0.405805,0.016016,0.129777
AACCATGGGATCGCTA-1,0.00006,0.00006,0.048728,0.010574,0.042321,0.293202,0.605056
AACCCAGAGACGGAGA-1,0.00004,0.006455,0.000041,0.002638,0.607533,0.129906,0.253386
AACCCATCCCATGATC-1,0.000116,0.000116,0.000116,0.000116,0.000116,0.419171,0.580251
AACCCGAGCAGAATCG-1,0.00005,0.068645,0.009357,0.038112,0.171026,0.502279,0.210531
AACCCTACTGTCAATA-1,0.000064,0.056631,0.035807,0.009157,0.38782,0.098443,0.412078
AACCCTGGTGGAACCA-1,0.000209,0.000209,0.000209,0.000209,0.000209,0.462111,0.536843
AACCGAGCTTGGTCAT-1,0.000086,0.000086,0.000086,0.000086,0.000086,0.00538,0.994191
AACCGCTAAGGGATGC-1,0.015563,0.023011,0.041202,0.020889,0.000097,0.255365,0.643873
AACCGTTGTGTTTGCT-1,0.000488,0.140738,0.000488,0.000488,0.000488,0.000976,0.856335
AACCTCGCTTTAGCCC-1,0.000068,0.049815,0.000068,0.000068,0.000068,0.159145,0.790767
AACCTGTCACGGAATT-1,0.000037,0.034155,0.019551,0.004388,0.128828,0.64606,0.166982
AACCTTTAAATACGGT-1,0.000562,0.000562,0.073486,0.000562,0.000562,0.001124,0.923142
AACCTTTACGACGTCT-1,0.000046,0.011646,0.06523,0.003822,0.099831,0.058467,0.760957
AACGAAAGTCGTCCCA-1,0.000045,0.000045,0.015301,0.192483,0.017195,0.103821,0.671111
AACGATAATGCCGTAG-1,0.000151,0.007451,0.072356,0.000151,0.000151,0.036592,0.883147
AACGATAGAAGGGCCG-1,0.034892,0.000229,0.000229,0.000229,0.296907,0.212941,0.454571
AACGATATGTCAACTG-1,0.000073,0.000073,0.000073,0.000073,0.000073,0.066731,0.932902
AACGCATGATCTGGGT-1,0.000036,0.011628,0.232685,0.000036,0.058009,0.256017,0.441589
AACGCGAACGGCAACA-1,0.000169,0.000169,0.000169,0.000169,0.000169,0.000338,0.998817
AACGCGGTCTCCAGCC-1,0.000085,0.000085,0.000085,0.000085,0.000085,0.00017,0.999407
AACGCTGTTGCTGAAA-1,0.00011,0.000415,0.092958,0.194527,0.296685,0.14592,0.269385
AACGGACGTACGTATA-1,0.000038,0.000038,0.104971,0.116119,0.170974,0.02557,0.582291
AACGGCCATCTCCGGT-1,0.000016,0.013274,0.008036,0.088526,0.665176,0.15467,0.070302
AACGTACTGTGGGTAC-1,0.000035,0.089363,0.005794,0.006534,0.257693,0.434473,0.206108
AACGTCAGACTAGTGG-1,0.00008,0.00008,0.042998,0.00008,0.00008,0.636673,0.320011
AACGTGATGAAGGACA-1,0.000089,0.000089,0.000089,0.000089,0.000089,0.000179,0.999375
AACGTGCGAAAGTCTC-1,0.000035,0.000035,0.107752,0.024321,0.029595,0.000069,0.838194
AACGTTATCAGCACCT-1,0.000022,0.000322,0.465348,0.007783,0.001148,0.166793,0.358584
AACTACCCGTTTGTCA-1,0.000039,0.067033,0.000203,0.008823,0.047578,0.428533,0.447791
AACTCAAGTTAATTGC-1,0.000041,0.123177,0.082343,0.00812,0.007129,0.724208,0.054982
AACTCCAGAGCGTGTT-1,0.069388,0.022994,0.004628,0.003581,0.003272,0.099396,0.796741
AACTCCTAATCCCATG-1,0.000058,0.005583,0.011982,0.017392,0.072924,0.170752,0.721309
AACTCGATAAACACGT-1,0.00011,0.00011,0.011285,0.026431,0.357928,0.003162,0.600974
AACTCGATGGCGCAGT-1,0.000029,0.005015,0.058355,0.127623,0.54632,0.162287,0.100371
AACTCTCAATAGAGCG-1,0.000039,0.032103,0.12888,0.009739,0.002574,0.116266,0.7104
AACTCTCAGTGTGCTC-1,0.000058,0.026735,0.01905,0.009104,0.082447,0.506935,0.355671
AACTGAGGTCAGCGTC-1,0.000032,0.017477,0.003718,0.000032,0.272097,0.036982,0.669663
AACTGAGTTATACTGA-1,0.000024,0.315886,0.009251,0.003952,0.025162,0.475131,0.170594
AACTGATATTAGGCCT-1,0.000082,0.034056,0.000082,0.000082,0.000082,0.087756,0.877859
AACTGGGTCCCGACGT-1,0.000064,0.000064,0.000064,0.000064,0.000064,0.000251,0.999428
AACTGGTGTGGGCCTT-1,0.000397,0.000397,0.000397,0.000397,0.000397,0.409488,0.588527
AACTTCTGCGTCTATC-1,0.000083,0.000083,0.060378,0.000083,0.000083,0.297082,0.642207
AACTTGCCCGTATGCA-1,0.000034,0.003387,0.14851,0.00556,0.035987,0.494177,0.312345
AACTTGCGTTCTCGCG-1,0.000028,0.000028,0.160644,0.016739,0.19874,0.030082,0.593738
AACTTTACGGGAGCTT-1,0.000014,0.007195,0.470511,0.010113,0.168567,0.057919,0.285681
AACTTTCTCGATCATG-1,0.000034,0.007402,0.034596,0.011596,0.365106,0.166358,0.414908
AAGAAATCACCAGATT-1,0.000045,0.003183,0.066729,0.000045,0.014778,0.284585,0.630634
AAGAAGGATCAGTTAG-1,0.00005,0.025721,0.043509,0.031734,0.110425,0.114498,0.674064
AAGACATACGTGGTTT-1,0.432083,0.144831,0.047977,0.003983,0.043419,0.246569,0.081137
AAGACCAAATAACTCA-1,0.007001,0.008381,0.049483,0.114014,0.25734,0.33125,0.232531
AAGACCCAACTGAACA-1,0.000165,0.61439,0.000165,0.141609,0.000165,0.102091,0.141417
AAGACTGCAAGCTACT-1,0.000158,0.017891,0.251569,0.093169,0.008324,0.359833,0.269058
AAGAGATGAATCGGTA-1,0.000013,0.020986,0.179129,0.002943,0.634675,0.108549,0.053704
AAGAGCTCTTTATCGG-1,0.000032,0.000032,0.12051,0.015253,0.000114,0.000064,0.863995
AAGAGGATGTACGCGA-1,0.000043,0.002357,0.024971,0.007509,0.000043,0.920252,0.044826
AAGAGGCATGGATCGC-1,0.012999,0.025124,0.162036,0.009887,0.057933,0.11035,0.621671
AAGAGGCCCTTTGGAA-1,0.000052,0.008837,0.195681,0.036533,0.486501,0.108221,0.164176
AAGATGGCACCGGACC-1,0.000042,0.019352,0.000042,0.000224,0.000042,0.582103,0.398195
AAGATTGGCGGAACGT-1,0.000011,0.000759,0.709329,0.002501,0.080451,0.008534,0.198415
AAGCATACTCTCCTGA-1,0.000606,0.000606,0.000606,0.000606,0.000606,0.122109,0.87486
AAGCCGAAGCGGTTTA-1,0.000059,0.027841,0.01836,0.064378,0.040709,0.431309,0.417344
AAGCCGCCGTGAAATC-1,0.000028,0.002592,0.024229,0.235331,0.509803,0.054516,0.173501
AAGCCGCTTTACCTTG-1,0.000032,0.019614,0.016071,0.048594,0.348706,0.068724,0.498259
AAGCCGGAGAGCAGGA-1,0.000027,0.265615,0.014428,0.096493,0.051641,0.432777,0.139019
AAGCGGAGTGCGCGCA-1,0.000273,0.212828,0.000273,0.000273,0.000273,0.087991,0.69809
AAGCGGCGTCATGGGT-1,0.000326,0.000326,0.184498,0.000326,0.064957,0.452569,0.296999
AAGCGTCCCTCATCGA-1,0.000034,0.026564,0.032511,0.063184,0.40413,0.236175,0.237402
AAGCTAGATCGAGTAA-1,0.000633,0.000633,0.13457,0.31732,0.069163,0.001266,0.476414
AAGCTCGTGCCAAGTC-1,0.000031,0.000031,0.147837,0.015836,0.018426,0.000062,0.817778
AAGCTCTTTCATGGTG-1,0.000089,0.000089,0.000089,0.000089,0.000089,0.036891,0.962666
AAGGAGCGGTTGGTGC-1,0.000076,0.000076,0.016544,0.008967,0.246362,0.303973,0.424003
AAGGATCGATCGCTTG-1,0.000072,0.051173,0.066252,0.000072,0.079088,0.370303,0.433042
AAGGATGAGGGACCTC-1,0.000014,0.007207,0.662318,0.008013,0.07156,0.046453,0.204435
AAGGCAGGCTGTCTCC-1,0.000038,0.022685,0.000218,0.000912,0.001929,0.824681,0.149538
AAGGCGCGTAAAGCTT-1,0.000041,0.000041,0.050785,0.000041,0.000041,0.040908,0.908142
AAGGCTGTGCTCATCG-1,0.000025,0.058045,0.024441,0.003996,0.615967,0.256245,0.041281
AAGGGAACGACTGGCT-1,0.00081,0.011617,0.054777,0.63561,0.046589,0.136267,0.114331
AAGGGACAGATTCTGT-1,0.000011,0.038293,0.619127,0.010262,0.121586,0.045118,0.165603
AAGGGACTATGCATTC-1,0.000035,0.035574,0.002731,0.292697,0.400508,0.160419,0.108036
AAGGGTTTGATTTCAG-1,0.00006,0.021235,0.030672,0.003076,0.092761,0.323078,0.529118
AAGGTATCCTAATATA-1,0.000013,0.015529,0.547677,0.023551,0.106234,0.011192,0.295805
AAGGTGATAAACCAGC-1,0.000063,0.029521,0.00997,0.057388,0.045419,0.207974,0.649664
AAGTAGAAGACCGGGT-1,0.000153,0.000153,0.000153,0.000153,0.000153,0.015381,0.983852
AAGTAGTGACGCGAGG-1,0.000047,0.022176,0.074784,0.000047,0.013823,0.823098,0.066026
AAGTCAATTGTCGTCA-1,0.000071,0.051855,0.072768,0.046655,0.10391,0.56562,0.159122
AAGTCTAGTAGCTGCC-1,0.000053,0.015169,0.034066,0.000053,0.08119,0.217797,0.651673
AAGTCTTCTGTGGCCT-1,0.000041,0.000041,0.025819,0.029747,0.016,0.316036,0.612315
AAGTGACGACCGAATT-1,0.000039,0.00775,0.031743,0.000166,0.02774,0.668294,0.264267
AAGTGAGTCGGGTTTA-1,0.000057,0.417504,0.000057,0.000057,0.000057,0.509286,0.072982
AAGTGCAAAGGTAGAC-1,0.00001,0.004073,0.430026,0.054487,0.198413,0.040349,0.272643
AAGTGCCTTGACTGTA-1,0.000124,0.000124,0.082272,0.000124,0.000128,0.346604,0.570625
AAGTGCGTTAGAATCT-1,0.000106,0.070787,0.000106,0.010567,0.074429,0.470718,0.373287
AAGTGTTTGGAGACGG-1,0.00018,0.00018,0.00018,0.00018,0.00018,0.00036,0.998741
AAGTTCACTCCAAGCT-1,0.029743,0.000039,0.045985,0.047907,0.000561,0.228201,0.647564
AAGTTCAGTCTGCGTA-1,0.000029,0.033313,0.146272,0.041231,0.296888,0.168825,0.313442
AAGTTCGGCCAACAGG-1,0.004798,0.0031,0.005203,0.025325,0.000041,0.57844,0.383093
AAGTTGTGATGTTATA-1,0.000058,0.063462,0.080805,0.036713,0.011742,0.413189,0.394032
AATAACAACGCTCGGC-1,0.014269,0.008159,0.000117,0.007666,0.000039,0.712791,0.256958
AATAACACTAGAACAA-1,0.000026,0.057235,0.027535,0.120959,0.263402,0.33982,0.191021
AATAATCTTCGTATCG-1,0.000024,0.093454,0.013465,0.05123,0.242338,0.384024,0.215465
AATACAATGTTTCAGG-1,0.000022,0.000022,0.426543,0.001794,0.083457,0.153383,0.33478
AATAGAACAGAGTGGC-1,0.000033,0.14245,0.000033,0.000033,0.000033,0.763813,0.093605
AATAGAATCTGTTTCA-1,0.042001,0.000051,0.021137,0.03574,0.007441,0.000102,0.893529
AATAGCAAGCCTCCTG-1,0.000078,0.000078,0.000078,0.000078,0.000078,0.048505,0.951102
AATAGCTACCGCGTGC-1,0.031057,0.018645,0.013498,0.042813,0.377684,0.061563,0.45474
AATAGTCGCGAGTCGG-1,0.000008,0.000008,0.693961,0.001346,0.02594,0.006765,0.271972
AATATCAAGGTCGGAT-1,0.00007,0.026096,0.00007,0.00007,0.00007,0.298996,0.674629
AATATCCTAGCAAACT-1,0.04526,0.003995,0.073078,0.044732,0.162619,0.275012,0.395303
AATATCGAATCAATGC-1,0.000058,0.062526,0.001513,0.009411,0.001898,0.42702,0.497575
AATATCGAGGGTTCTC-1,0.00002,0.000721,0.49684,0.037068,0.072378,0.061632,0.331341
AATATTGGAGTATTGA-1,0.000058,0.087685,0.001262,0.000788,0.000058,0.382713,0.527436
AATCAGACTGCAGGAC-1,0.000275,0.000275,0.041198,0.053058,0.363859,0.28874,0.252595
AATCATGTAAAGACTC-1,0.000106,0.000106,0.001695,0.036993,0.120751,0.01203,0.828318
AATCCAAGGGCCTGAG-1,0.000195,0.000195,0.000195,0.000195,0.000195,0.022012,0.977011
AATCCATGCAAGGGTG-1,0.000203,0.013116,0.079759,0.112413,0.035133,0.467536,0.291839
AATCGCCTCAGCGCCA-1,0.023727,0.000076,0.000076,0.000076,0.000076,0.214034,0.761936
AATCGCGCAGAGGACT-1,0.000036,0.03948,0.011022,0.008282,0.000036,0.892772,0.048373
AATCGGTATAGCCCTC-1,0.005774,0.112545,0.124757,0.011711,0.136262,0.285899,0.323053
AATCGTGAGCCGAGCA-1,0.000077,0.063654,0.05135,0.000077,0.000077,0.427687,0.457077
AATCTAGGTTTACTTG-1,0.000057,0.063258,0.000892,0.520059,0.167192,0.063101,0.18544
AATCTATGCCGGAGCC-1,0.024519,0.049055,0.508503,0.018132,0.10577,0.059689,0.234333
AATCTCTACTGTGGTT-1,0.000032,0.000032,0.034909,0.082693,0.404559,0.049454,0.428321
AATCTGCGTTGGGACG-1,0.000023,0.001072,0.384472,0.003941,0.039519,0.031159,0.539815
AATCTGGCTTTCTAGT-1,0.00012,0.00012,0.00012,0.09133,0.007506,0.175951,0.724853
AATGACAGCAATGTCT-1,0.000067,0.021743,0.000067,0.000067,0.036273,0.697826,0.243955
AATGACGTAGGATGTC-1,0.040303,0.036557,0.009182,0.00006,0.128314,0.050385,0.735199
AATGACTGTCAGCCGG-1,0.000071,0.000071,0.000071,0.000071,0.000071,0.2741,0.725543
AATGAGTTCGCATATG-1,0.000087,0.024739,0.062602,0.000087,0.000087,0.232084,0.680313
AATGATGATACGCTAT-1,0.001736,0.031099,0.353637,0.023875,0.025323,0.261965,0.302364
AATGATGCGACTCCTG-1,0.000036,0.019114,0.172534,0.001678,0.208183,0.15176,0.446696
AATGCACCAAGCAATG-1,0.000026,0.039609,0.192985,0.007592,0.04319,0.188725,0.527872
AATGGTCCACCGTTCA-1,0.000024,0.021347,0.386123,0.011444,0.225781,0.094461,0.26082
AATGGTTCTCACAAGC-1,0.000361,0.000361,0.000361,0.000361,0.000361,0.291339,0.706855
AATGTATGGCACTGTA-1,0.000071,0.007157,0.004428,0.01504,0.000071,0.413649,0.559584
AATGTGCCCGAGGTGT-1,0.00006,0.035973,0.00868,0.098248,0.182483,0.427729,0.246826
AATGTGCTAATCTGAG-1,0.182865,0.227969,0.03678,0.003514,0.126248,0.343278,0.079346
AATGTTGTCGTGAGAC-1,0.004824,0.047906,0.098498,0.041261,0.141458,0.091543,0.57451
AATTAAAGGTCGGCGT-1,0.000089,0.093736,0.000089,0.008452,0.084519,0.495694,0.31742
AATTAACGGATTTCCA-1,0.002084,0.002084,0.002084,0.002084,0.002084,0.004168,0.985412
AATTACGAGACCCATC-1,0.00004,0.00004,0.000481,0.00004,0.152704,0.846575,0.00012
AATTACTCGTACGCTC-1,0.00009,0.00009,0.106449,0.000226,0.025093,0.204925,0.663126
AATTAGCGCTGCAGCG-1,0.00021,0.200392,0.024378,0.196715,0.176139,0.049913,0.352253
AATTCATAAGGGATCT-1,0.000012,0.017069,0.438019,0.111342,0.316894,0.019615,0.097049
AATTCATTGTCATGCA-1,0.00005,0.022717,0.057394,0.831232,0.059722,0.002427,0.026457
AATTCCAACTTGGTGA-1,0.000174,0.000174,0.055621,0.43303,0.000174,0.102598,0.408231
AATTCCAAGCATGTAC-1,0.012503,0.012503,0.887468,0.012503,0.012504,0.025007,0.037513
AATTCGATTCGAGGAT-1,0.000238,0.01619,0.170339,0.000238,0.208469,0.302741,0.301785
AATTCTAGAGTTAGGC-1,0.00026,0.079526,0.150492,0.00026,0.167871,0.413643,0.187948
AATTGAACGCTCTGGT-1,0.000072,0.000072,0.000072,0.000072,0.000072,0.070358,0.929282
AATTGCAGCAATCGAC-1,0.000042,0.054997,0.043673,0.488236,0.139443,0.150686,0.122922
AATTGCGTGGATTACA-1,0.382007,0.276373,0.022858,0.001302,0.080036,0.193403,0.044021
AATTGTGGTTGCCAAA-1,0.000024,0.103076,0.025269,0.00721,0.14037,0.320482,0.403569
AATTTGGGACATAGTA-1,0.000069,0.051751,0.094338,0.012182,0.032091,0.380398,0.429171
AATTTGGTTCCAAAGA-1,0.000109,0.062686,0.000109,0.000109,0.12219,0.106092,0.708704
ACAAACCATGCGTCCT-1,0.000052,0.002784,0.000052,0.080813,0.000052,0.469743,0.446504
ACAAAGAAGGTAGGCC-1,0.000034,0.000034,0.083332,0.08585,0.064323,0.194903,0.571525
ACAAAGCATGACCTAG-1,0.000038,0.055636,0.003909,0.497055,0.150147,0.234233,0.058981
ACAAATCGCACCGAAT-1,0.000261,0.000261,0.000261,0.000261,0.000261,0.000522,0.998172
ACAAATGGTAGTGTTT-1,0.000043,0.000043,0.060671,0.017905,0.022048,0.117016,0.782274
ACAAATTCAGATCTGA-1,0.00003,0.00003,0.062707,0.017057,0.477102,0.004354,0.43872
ACAACAGCATGAGCTA-1,0.000042,0.000042,0.000042,0.000042,0.000042,0.000084,0.999706
ACAACGGTCCCTGCGA-1,0.000009,0.000009,0.676531,0.011405,0.064778,0.123586,0.123683
ACAAGCAGTGCCTAGC-1,0.000029,0.026963,0.103046,0.037618,0.273897,0.392509,0.165937
ACAAGCTATATGGAAG-1,0.000024,0.048276,0.178563,0.035657,0.162004,0.254977,0.3205
ACAAGGAAATCCGCCC-1,0.000172,0.000172,0.152196,0.058142,0.000172,0.20988,0.579267
ACAAGGACAAGAGGTT-1,0.000018,0.035987,0.041921,0.055332,0.500616,0.300518,0.065608
ACAAGGATGCTTTAGG-1,0.000294,0.000294,0.000294,0.000294,0.000294,0.000588,0.997941
ACAAGGGCAGGCTCTG-1,0.000542,0.05762,0.000055,0.000055,0.000055,0.048485,0.893189
ACAATAGTCGTACGTT-1,0.000039,0.010245,0.003388,0.162689,0.441729,0.200304,0.181606
ACAATCCATTTAAACC-1,0.000037,0.051273,0.049113,0.000037,0.031493,0.860723,0.007324
ACAATGAATACGGAGA-1,0.000035,0.022499,0.035236,0.011845,0.374654,0.180031,0.3757
ACAATGATTCTTCTAC-1,0.000034,0.000034,0.032075,0.009167,0.146809,0.016191,0.795689
ACAATTGTGTCTCTTT-1,0.000088,0.060143,0.098125,0.031516,0.000088,0.119433,0.690607
ACAATTTAGGAGGCTC-1,0.000031,0.000031,0.296824,0.022927,0.021228,0.231896,0.427062
ACAATTTGAGCAGTGG-1,0.000028,0.000028,0.233968,0.006051,0.031426,0.008284,0.720215
ACAATTTGGCCATATT-1,0.000029,0.108612,0.03727,0.000029,0.103738,0.698477,0.051846
ACACAAATATTCCTAG-1,0.00004,0.109412,0.00004,0.00004,0.00004,0.130304,0.760124
ACACACCAGGACCAGT-1,0.000055,0.000055,0.006119,0.000055,0.000055,0.170368,0.823295
ACACACTTTCTACACG-1,0.000614,0.000614,0.000614,0.000614,0.417068,0.001227,0.57925
ACACATGATCAAATCT-1,0.000044,0.064682,0.040977,0.043367,0.103259,0.131359,0.616312
ACACATTGACGCAACA-1,0.000078,0.000078,0.000078,0.000078,0.000078,0.206072,0.793538
ACACCACATAATTAGC-1,0.000023,0.037997,0.061528,0.091272,0.379802,0.280808,0.14857
ACACCCAGCATGCAGC-1,0.000042,0.005784,0.005387,0.019406,0.354483,0.032995,0.581903
ACACCCGAGAAATCCG-1,0.005637,0.066319,0.034753,0.009469,0.109963,0.637614,0.136246
ACACCGAGCGCTCTTT-1,0.000067,0.000067,0.124156,0.000067,0.016796,0.216923,0.641926
ACACCGGTCTGACCGC-1,0.000075,0.000075,0.000075,0.016375,0.000075,0.24759,0.735736
ACACCTTAAGTAGGGC-1,0.00009,0.063404,0.011268,0.00009,0.143997,0.252878,0.528272
ACACCTTACTACTTGC-1,0.000072,0.000072,0.077519,0.000072,0.001125,0.788067,0.133075
ACACGAGACTCCTTCT-1,0.03748,0.000054,0.018147,0.009313,0.207756,0.000108,0.727142
ACACGGGAACTTAGGG-1,0.000105,0.000105,0.000105,0.000105,0.000105,0.00057,0.998903
ACACGTAGGCCACAAG-1,0.000046,0.084832,0.018484,0.051087,0.510989,0.146554,0.188008
ACACTCCAATGTCACT-1,0.00004,0.000446,0.181036,0.001352,0.003068,0.227264,0.586795
ACACTGATCAAGGTGT-1,0.000008,0.983158,0.000008,0.000008,0.016775,0.000017,0.000025
ACACTGGGACAGTCGT-1,0.000039,0.017601,0.011239,0.131655,0.408561,0.240086,0.190819
ACAGAACTGAGAACAA-1,0.000045,0.005548,0.001674,0.004778,0.37678,0.28447,0.326706
ACAGCGACATTCTCAT-1,0.04418,0.000155,0.052647,0.000155,0.010914,0.232676,0.659274
ACAGCGCACCCGCAGC-1,0.000188,0.029618,0.000188,0.028047,0.000188,0.010471,0.931299
ACAGGAGGCGCAGCCG-1,0.000313,0.000313,0.000313,0.000313,0.000313,0.098045,0.900392
ACAGGCTTGCCCGACT-1,0.060768,0.000045,0.000045,0.000045,0.000045,0.089861,0.849189
ACAGGTGGAGGTGAGG-1,0.000033,0.055775,0.004323,0.026523,0.211166,0.383165,0.319015
ACAGGTGTGTTGTTGC-1,0.000032,0.025119,0.219683,0.031244,0.221472,0.098187,0.404263
ACAGTAATACAACTTG-1,0.000065,0.006127,0.014467,0.013843,0.336246,0.244019,0.385233
ACAGTATACCGTGGGA-1,0.00003,0.029734,0.051661,0.001974,0.551969,0.202356,0.162276
ACATAAGTCGTGGTGA-1,0.000046,0.04783,0.012324,0.222866,0.182651,0.099527,0.434755
ACATAATAAGGCGGTG-1,0.000121,0.000121,0.000121,0.000121,0.000121,0.000242,0.999152
ACATCAGCTGGGACGC-1,0.000055,0.009752,0.25822,0.006607,0.027935,0.190998,0.506433
ACATCCTGGTAACTGT-1,0.000122,0.000122,0.089042,0.000122,0.242247,0.317564,0.350781
ACATCGGTCAGCCGCG-1,0.000036,0.061951,0.004257,0.009947,0.007984,0.681417,0.234408
ACATCGTATGCAATGG-1,0.000064,0.000064,0.00696,0.000064,0.000064,0.128864,0.86392
ACATCGTTAACCTAGT-1,0.000106,0.000106,0.056376,0.000106,0.000106,0.200867,0.742334
ACATGGCGCCAAAGTA-1,0.000188,0.083763,0.13806,0.000188,0.000188,0.558279,0.219335
ACATGGCTCAATTTAG-1,0.000153,0.000153,0.000153,0.000153,0.000153,0.225741,0.773494
ACCAAACACCCAGCGA-1,0.000033,0.034259,0.024815,0.00986,0.022254,0.294915,0.613864
ACCAACACCACACACT-1,0.000026,0.03927,0.068212,0.007874,0.452043,0.166158,0.266416
ACCAACCGCACTCCAC-1,0.000089,0.112307,0.037358,0.203226,0.023344,0.152455,0.47122
ACCAACGCTTATTTAT-1,0.000011,0.941682,0.014743,0.000011,0.005071,0.03845,0.000032
ACCAAGAACGCGTGTC-1,0.000399,0.000399,0.000399,0.000399,0.000398,0.176289,0.821719
ACCAAGTCATCGGCAG-1,0.000059,0.05439,0.033568,0.283973,0.106955,0.359448,0.161608
ACCAATATGCAAGTTA-1,0.000056,0.000056,0.318036,0.000056,0.507901,0.000111,0.173785
ACCACAAGTTTCTATC-1,0.00006,0.037655,0.045972,0.07783,0.32197,0.210688,0.305825
ACCACCAATGTAACAA-1,0.000016,0.018356,0.025219,0.000509,0.943017,0.012787,0.000096
ACCACCCTCTCTTCTA-1,0.000057,0.067214,0.08916,0.009191,0.364346,0.372359,0.097673
ACCACGTGCAGCTATA-1,0.008752,0.00003,0.076913,0.00003,0.070159,0.528453,0.315664
ACCACTGTTCAAGAAG-1,0.000036,0.052489,0.021212,0.014251,0.000036,0.284695,0.627281
ACCAGACCATAACAAC-1,0.000061,0.000061,0.091036,0.000061,0.000061,0.419902,0.488817
ACCAGTGCCCGGTCAA-1,0.000035,0.000046,0.028441,0.015158,0.09547,0.135082,0.725768
ACCAGTGCGGGAGACG-1,0.000148,0.000148,0.014591,0.032148,0.640161,0.000295,0.31251
ACCATCCGCCAACTAG-1,0.054467,0.000099,0.000099,0.26687,0.000099,0.098817,0.579549
ACCATCGTATATGGTA-1,0.000051,0.042812,0.000051,0.010422,0.058836,0.807547,0.08028
ACCATTAAGGGTGTCA-1,0.000076,0.024976,0.000076,0.011601,0.000076,0.221309,0.741884
ACCCAACGCCCGTGGC-1,0.000012,0.005296,0.369861,0.009286,0.330152,0.052594,0.232799
ACCCACCTACATGCTC-1,0.000017,0.018825,0.195849,0.002991,0.390557,0.135828,0.255933
ACCCATCTTGAGGGTA-1,0.000044,0.039096,0.000044,0.000044,0.000044,0.960597,0.000132
ACCCATTTGTCCCTCT-1,0.000116,0.099952,0.05244,0.129797,0.063868,0.330476,0.32335
ACCCGAGCGAAATTAC-1,0.000051,0.004038,0.077518,0.201883,0.179171,0.295051,0.242287
ACCCGGAAACTCCCAG-1,0.127191,0.002223,0.002223,0.002223,0.002223,0.004446,0.859471
ACCCGGAGCACCACAA-1,0.000021,0.254652,0.007922,0.045642,0.094292,0.458386,0.139084
ACCCGGATGACGCATC-1,0.000032,0.059614,0.038479,0.122416,0.607674,0.031821,0.139962
ACCCGGTTACACTTCC-1,0.000453,0.578025,0.002189,0.009816,0.01851,0.390891,0.000118
ACCCGTAGTCTAGTTG-1,0.000021,0.118938,0.010207,0.005167,0.000292,0.553523,0.311853
ACCCGTGTCATCAGTA-1,0.000097,0.579997,0.000097,0.000097,0.000097,0.393719,0.025898
ACCCTATAGGACTGAG-1,0.000021,0.000021,0.026186,0.008057,0.797999,0.015115,0.152602
ACCCTATGCCATATCG-1,0.000049,0.05774,0.000049,0.211714,0.000796,0.359137,0.370514
ACCCTCCCTTGCTATT-1,0.05282,0.000086,0.062857,0.614243,0.005623,0.06792,0.196452
ACCCTGGTAACGCCCT-1,0.000022,0.272556,0.000022,0.000022,0.127514,0.108892,0.490971
ACCCTTCATCTGCGAA-1,0.000152,0.000152,0.000152,0.146195,0.000152,0.000305,0.852891
ACCCTTGCCTGGGTCG-1,0.000067,0.00345,0.000067,0.000067,0.000067,0.224178,0.772102
ACCGAAGAGTCTGGTT-1,0.000092,0.000092,0.000092,0.493815,0.000092,0.25373,0.252088
ACCGACACATCTCCCA-1,0.000606,0.044573,0.000606,0.000606,0.55617,0.275151,0.122287
ACCGACTGAGTCCCAC-1,0.002277,0.000056,0.05945,0.00717,0.023276,0.000112,0.90766
ACCGATAGGCATAACC-1,0.000021,0.153363,0.024356,0.194891,0.185429,0.333312,0.108629
ACCGATATTTAATCAT-1,0.000028,0.126315,0.032462,0.004808,0.168669,0.451072,0.216647
ACCGATGGTAGCATCG-1,0.000045,0.014497,0.157977,0.018648,0.219602,0.306788,0.282444
ACCGCAATAACTGCCT-1,0.000055,0.03296,0.128314,0.004034,0.044254,0.08292,0.707463
ACCGCGGTGGAAGTCG-1,0.000049,0.034669,0.002698,0.008986,0.162444,0.279488,0.511666
ACCGGGCCTTTGTTGA-1,0.00005,0.044913,0.116369,0.102497,0.276147,0.162487,0.297538
ACCGGTCAGGTACACC-1,0.000104,0.000104,0.000104,0.022984,0.000104,0.45763,0.518969
ACCGTCCACTGGGCCC-1,0.02851,0.000023,0.064317,0.226241,0.039896,0.021982,0.619031
ACCGTGACCACGTGGG-1,0.000056,0.087755,0.000056,0.000056,0.000056,0.302187,0.609835
ACCTAAGTACCTTTCA-1,0.000054,0.061942,0.046054,0.227712,0.18204,0.160346,0.321853
ACCTAATCGACTTCCT-1,0.000027,0.047974,0.037756,0.040329,0.473397,0.346496,0.054022
ACCTACAGTATGTGGT-1,0.000048,0.019232,0.014066,0.000048,0.003501,0.960363,0.002742
ACCTACTATAAATCTA-1,0.000044,0.159247,0.000044,0.000044,0.230635,0.182307,0.427679
ACCTCCGCCCTCGCTG-1,0.0002,0.062048,0.186354,0.603008,0.147392,0.000399,0.000599
ACCTCCGTTATTCACC-1,0.006539,0.030688,0.048069,0.011208,0.11286,0.790529,0.000106
ACCTCGAACTTATGCT-1,0.000053,0.000053,0.044345,0.45859,0.066401,0.371346,0.059212
ACCTGCGTGTCATGTT-1,0.000048,0.039843,0.038037,0.175652,0.254272,0.244182,0.247966
ACGAAATGGGCGGCAC-1,0.000028,0.015087,0.01815,0.069355,0.691854,0.158996,0.046529
ACGACCCATGAGTTGC-1,0.000028,0.336356,0.000034,0.008715,0.000028,0.400393,0.254445
ACGACTGGTCATACTC-1,0.000023,0.073626,0.003647,0.020354,0.441798,0.319197,0.141355
ACGAGAACCCATCACG-1,0.000027,0.000027,0.006793,0.009742,0.177562,0.172489,0.633359
ACGAGATATTTGCTTA-1,0.000353,0.000353,0.000353,0.000353,0.000353,0.000707,0.997526
ACGAGGATACCACTCT-1,0.000088,0.000088,0.000088,0.657463,0.00387,0.162261,0.176143
ACGAGGTTTACAACGT-1,0.000094,0.121087,0.024527,0.189864,0.039526,0.105024,0.519877
ACGAGTACGGATGCCC-1,0.000029,0.017284,0.33164,0.013363,0.105913,0.132534,0.399238
ACGAGTCGCCGGCGTT-1,0.0204,0.000064,0.000064,0.036427,0.378696,0.086903,0.477447
ACGATACATAGAACTA-1,0.000042,0.000044,0.094691,0.043066,0.035462,0.10067,0.726025
ACGATACCTATCCTGA-1,0.000016,0.041966,0.299135,0.077788,0.20136,0.079429,0.300306
ACGATCATACATAGAG-1,0.000221,0.000221,0.000221,0.000221,0.000221,0.000442,0.998454
ACGATCATCTTGTAAA-1,0.000067,0.010767,0.131131,0.016764,0.177737,0.273868,0.389667
ACGATGCATATGTTAT-1,0.000035,0.190132,0.02771,0.000459,0.091462,0.636678,0.053525
ACGATGGATCCGATGC-1,0.000077,0.000077,0.000077,0.000077,0.000077,0.048127,0.95149
ACGCAAACTAATAGAT-1,0.000008,0.872507,0.023601,0.017465,0.073345,0.007091,0.005983
ACGCAATCACTACAGC-1,0.014603,0.075627,0.492506,0.058712,0.167315,0.03534,0.155897
ACGCATACGTTTACTA-1,0.000095,0.000095,0.037374,0.061685,0.072325,0.266729,0.561697
ACGCCAGATGATTTCT-1,0.000126,0.000126,0.000126,0.000126,0.000126,0.120329,0.879041
ACGCCGCTAGACGACC-1,0.000079,0.000079,0.000079,0.000079,0.000079,0.21741,0.782196
ACGCCTGACACGCGCT-1,0.028287,0.023576,0.001382,0.000234,0.193055,0.005256,0.74821
ACGCGCTACACAGGGT-1,0.000032,0.053436,0.021844,0.308143,0.16705,0.251519,0.197976
ACGCGTTTCTTAAGAG-1,0.000008,0.013836,0.671695,0.013915,0.022024,0.145731,0.132792
ACGCTAGTGATACACT-1,0.000033,0.000033,0.156993,0.016452,0.164088,0.142729,0.51967
ACGCTGTGAGGCGTAG-1,0.000102,0.097903,0.000102,0.000102,0.000102,0.36211,0.539579
ACGGAATTTAGCAAAT-1,0.000026,0.070319,0.073816,0.000026,0.412092,0.085537,0.358184
ACGGAGCGCAAATTAC-1,0.000035,0.024628,0.053057,0.000035,0.063689,0.281258,0.577299
ACGGATGGTGCGGATA-1,0.000298,0.000298,0.000298,0.000298,0.000298,0.081282,0.91723
ACGGCGACGATGGGAA-1,0.02074,0.064022,0.086703,0.00003,0.063884,0.428709,0.335912
ACGGCGGGTTGCCCTG-1,0.00004,0.00004,0.00004,0.010253,0.00004,0.308314,0.681275
ACGGCTGGATGTAGAA-1,0.000027,0.02768,0.091374,0.475375,0.281057,0.105448,0.019039
ACGGGAGTGTCGGCCC-1,0.023785,0.007341,0.004097,0.000097,0.000117,0.290038,0.674525
ACGGGCGTATGCGACA-1,0.000025,0.122773,0.013817,0.004956,0.394549,0.266674,0.197205
ACGGGTCATGTGACTT-1,0.00005,0.000834,0.05501,0.00005,0.00005,0.2255,0.718505
ACGTACAGATTTCTCT-1,0.000292,0.000292,0.000292,0.000292,0.019065,0.000583,0.979186
ACGTAGATTGCTGATG-1,0.000255,0.000255,0.000255,0.000255,0.000255,0.000509,0.998218
ACGTATTACTCCGATC-1,0.000054,0.000054,0.052196,0.05489,0.657826,0.016421,0.218559
ACGTCGGGCAACTCGG-1,0.000217,0.097485,0.057508,0.277387,0.110739,0.363908,0.092756
ACGTCTCGTTCCGGGA-1,0.000036,0.087242,0.001789,0.050652,0.342027,0.072013,0.446241
ACGTGACAAAGTAAGT-1,0.032283,0.074221,0.062067,0.129342,0.107387,0.570296,0.024404
ACGTGCGCCTCGTGCA-1,0.003031,0.003031,0.003031,0.003031,0.003031,0.628869,0.355975
ACGTTAATGTCGAAGA-1,0.000101,0.000101,0.017574,0.00063,0.000101,0.389269,0.592225
ACGTTAGATTTGCCCG-1,0.000044,0.15166,0.032021,0.015871,0.048494,0.739184,0.012726
ACGTTATTGGTCACTC-1,0.00895,0.010497,0.804216,0.005544,0.166438,0.002522,0.001832
ACGTTCGCAATCAATT-1,0.000028,0.040784,0.056834,0.082613,0.302887,0.45795,0.058905
ACGTTCGTTCAGGAAA-1,0.000054,0.083559,0.000054,0.000054,0.000054,0.763129,0.153096
ACGTTTAGTTGTGATC-1,0.000197,0.000197,0.000197,0.000197,0.270282,0.042603,0.686327
ACTAAGGACGCACACC-1,0.000328,0.138863,0.000328,0.000328,0.175661,0.29191,0.392582
ACTAATACGTCAGGCG-1,0.000074,0.000074,0.000074,0.000074,0.000074,0.305342,0.694287
ACTACATCCCGACAAG-1,0.000069,0.005115,0.007308,0.070308,0.000069,0.402558,0.514573
ACTACCAGCTCTCTGG-1,0.000073,0.0164,0.000073,0.000073,0.158012,0.083607,0.741761
ACTAGTTGCGATCGTC-1,0.000069,0.000069,0.000069,0.013608,0.023653,0.535343,0.42719
ACTATATGCTGTGTTC-1,0.000058,0.036072,0.030981,0.000114,0.053821,0.320178,0.558776
ACTATCCAGGGCATGG-1,0.000058,0.059618,0.026405,0.000058,0.061305,0.330712,0.521843
ACTATCGCCGGCTAAA-1,0.000578,0.000578,0.000578,0.000578,0.000578,0.001156,0.995953
ACTATCTGCCCGCGTA-1,0.000034,0.049053,0.006505,0.235075,0.507661,0.077844,0.123828
ACTATGTCCAGCTGCC-1,0.000048,0.007432,0.055785,0.260533,0.127021,0.216837,0.332345
ACTATTCGTCCGTGGT-1,0.000199,0.000199,0.025375,0.000199,0.000199,0.185443,0.788384
ACTATTTCCGGGCCCA-1,0.000056,0.042545,0.000056,0.027167,0.000056,0.501997,0.428123
ACTCAACGAATGTATT-1,0.000032,0.000032,0.005297,0.023717,0.367311,0.107077,0.496534
ACTCAAGTGCAAGGCT-1,0.000061,0.067644,0.006565,0.083783,0.000138,0.145008,0.696802
ACTCAATAAAGGCACG-1,0.000054,0.035545,0.000054,0.007377,0.020098,0.124928,0.811945
ACTCAGACCTGCTTCT-1,0.000051,0.000051,0.000051,0.000051,0.000051,0.010043,0.989703
ACTCATGGCAGCCTTC-1,0.238444,0.191649,0.05048,0.004692,0.113482,0.281064,0.120189
ACTCCAATATCATCAT-1,0.000065,0.075616,0.018551,0.007701,0.08512,0.487376,0.325571
ACTCCCATTCCTAAAG-1,0.000181,0.000181,0.000181,0.05469,0.000181,0.226268,0.71832
ACTCCCGAATTCGTTT-1,0.000055,0.005794,0.107341,0.027086,0.093223,0.280817,0.485683
ACTCCCGTAGACTAGG-1,0.000048,0.021474,0.060639,0.079412,0.144226,0.377553,0.316648
ACTCCCTAATGCTAAA-1,0.000424,0.000424,0.000424,0.000424,0.000424,0.000848,0.997033
ACTCCCTAGAATAGTA-1,0.000316,0.125589,0.000316,0.000316,0.000316,0.000631,0.872517
ACTCGATGTATTTCAT-1,0.000025,0.008176,0.540806,0.020579,0.038272,0.054151,0.337992
ACTCGCCGTTCGATAA-1,0.000055,0.152301,0.089862,0.087417,0.077196,0.198475,0.394694
ACTCGCGATCTGACGC-1,0.000033,0.065187,0.008677,0.004596,0.003537,0.69721,0.22076
ACTCGTAACCCGTCCT-1,0.000083,0.000083,0.0116,0.271059,0.01655,0.268742,0.431881
ACTCGTCAGTAATCCC-1,0.00829,0.000039,0.189632,0.000039,0.000039,0.000078,0.801883
ACTCTAAACCTGGGAT-1,0.00003,0.015592,0.218477,0.000038,0.022337,0.111089,0.632437
ACTCTCTGACTTAGGT-1,0.00419,0.020413,0.09762,0.000078,0.033252,0.049936,0.79451
ACTCTCTTATACACGA-1,0.000337,0.081627,0.010179,0.000337,0.025469,0.2086,0.673452
ACTCTTCAGCTCCCGC-1,0.000061,0.005933,0.000328,0.023681,0.140501,0.518509,0.310986
ACTCTTGTATAGTAAC-1,0.000061,0.033828,0.090793,0.028138,0.10781,0.052489,0.686881
ACTGAAACGCCGTTAG-1,0.000207,0.074645,0.000207,0.322916,0.000207,0.272095,0.329724
ACTGAATGGCGAAAGT-1,0.00007,0.00007,0.025699,0.453967,0.519842,0.000141,0.000211
ACTGCCGTCGTAACTC-1,0.000092,0.000092,0.000092,0.000092,0.000092,0.048755,0.950783
ACTGCGGACACACCGT-1,0.000036,0.030096,0.000036,0.012594,0.425379,0.531534,0.000325
ACTGCTCGGAAGGATG-1,0.009133,0.041397,0.007921,0.206487,0.058284,0.199583,0.477194
ACTGGCGAACCTGCGT-1,0.000284,0.000284,0.000284,0.000284,0.000284,0.721485,0.277094
ACTGTACGATACACAT-1,0.000035,0.013632,0.096704,0.003376,0.021003,0.144257,0.720993
ACTGTAGCACTTTGGA-1,0.00003,0.010111,0.07538,0.013271,0.480085,0.193142,0.227981
ACTGTATACGCGAGCA-1,0.000039,0.000039,0.000039,0.000039,0.000039,0.350807,0.648998
ACTGTCTTCTTTAGAA-1,0.000138,0.000138,0.040823,0.000138,0.165165,0.179049,0.61455
ACTGTGCTAGTAGATC-1,0.000124,0.000124,0.000124,0.000124,0.000124,0.105149,0.894232
ACTTACCGGGCGCGCA-1,0.000035,0.01054,0.001688,0.046268,0.214412,0.165757,0.5613
ACTTACGCATCCACGC-1,0.000267,0.000267,0.000267,0.000267,0.000267,0.087186,0.91148
ACTTAGTACGACAAGA-1,0.020686,0.013341,0.017665,0.046747,0.000051,0.2525,0.649009
ACTTATACTTACCCGG-1,0.00006,0.047607,0.114603,0.001667,0.00006,0.128355,0.707649
ACTTATTAGGATCGGT-1,0.000056,0.03974,0.000056,0.000056,0.002222,0.837678,0.120191
ACTTATTTATGTGCCA-1,0.033651,0.000043,0.060244,0.15411,0.316044,0.081294,0.354613
ACTTCAGGCTGATCCC-1,0.01704,0.018523,0.2224,0.005947,0.364114,0.019396,0.352579
ACTTCCAGTGGAAGCT-1,0.000056,0.056404,0.000056,0.113365,0.000056,0.327536,0.502526
ACTTCCATGCGGGACA-1,0.000045,0.017072,0.066347,0.365939,0.050093,0.000091,0.500412
ACTTCGCCATACGCAC-1,0.000027,0.025052,0.07054,0.003135,0.477527,0.016574,0.407145
ACTTCGCTAGCGAGTG-1,0.000158,0.000158,0.000158,0.000158,0.161948,0.465902,0.371519
ACTTGACTCCCTCTTT-1,0.000097,0.000097,0.000097,0.000097,0.000097,0.011132,0.988384
ACTTGGGACCCGGTGG-1,0.048929,0.000085,0.000085,0.000085,0.000085,0.177672,0.773061
ACTTGTAGTCCCTTCA-1,0.000095,0.000095,0.013683,0.000095,0.023114,0.025121,0.937798
ACTTGTGGATGGAACG-1,0.000316,0.000316,0.000316,0.000316,0.000316,0.292191,0.706231
ACTTTACCCTCATGAA-1,0.00004,0.014798,0.11382,0.003695,0.194773,0.561344,0.111529
ACTTTCCTATAGCTTC-1,0.001299,0.001299,0.001299,0.001299,0.001299,0.002598,0.990907
ACTTTGACTGCATCCT-1,0.000071,0.000071,0.002545,0.057494,0.245998,0.225766,0.468054
ACTTTGGTCGTGCTCC-1,0.000053,0.000053,0.041204,0.41561,0.221903,0.025641,0.295534
ACTTTGTCGACGCACT-1,0.000036,0.163581,0.000036,0.01948,0.000036,0.480984,0.335848
AGAAATTATGACTCGC-1,0.000029,0.043973,0.021565,0.07989,0.272224,0.216593,0.365726
AGAACCCAGCGTGACA-1,0.000027,0.141312,0.03125,0.017443,0.030502,0.656353,0.123113
AGAACCCTCAATTGGG-1,0.000049,0.000049,0.092333,0.236728,0.2082,0.013865,0.448777
AGAACGTGGTACATTC-1,0.000061,0.000061,0.076093,0.000061,0.010736,0.010022,0.902964
AGAAGAGCGCCGTTCC-1,0.000422,0.000422,0.390448,0.000422,0.000422,0.000844,0.60702
AGAAGGTACACTTCAC-1,0.000081,0.000081,0.000081,0.000081,0.000081,0.283159,0.716437
AGAAGGTTGCCGAATT-1,0.000026,0.359481,0.000026,0.010195,0.034341,0.577108,0.018822
AGAAGGTTGTAGGTCG-1,0.127989,0.192057,0.043339,0.00497,0.21574,0.235903,0.180001
AGAAGTGATTCGTGAT-1,0.000088,0.000088,0.000088,0.002167,0.000088,0.19727,0.800209
AGAATAAATCTTCAGG-1,0.000067,0.000067,0.02881,0.020329,0.000067,0.256402,0.69426
AGAATGCGGGTTCGGA-1,0.000018,0.017063,0.049703,0.025117,0.498431,0.074712,0.334956
AGAATTATGGATTCGA-1,0.00471,0.000042,0.132908,0.066055,0.017064,0.232009,0.547211
AGAATTGTTTGACATA-1,0.00006,0.070228,0.020585,0.00006,0.00006,0.616827,0.29218
AGACAGCTCAGAATCC-1,0.000004,0.000004,0.748492,0.000004,0.251477,0.000008,0.000011
AGACAGGCATCTCAGC-1,0.000031,0.289549,0.011335,0.004384,0.008314,0.39193,0.294458
AGACATAGATCCTTCC-1,0.000277,0.240773,0.000277,0.000277,0.161257,0.068269,0.528871
AGACCAAACCACACCT-1,0.000039,0.000039,0.018304,0.14009,0.249221,0.101369,0.490938
AGACCATGGGATACAA-1,0.000015,0.017071,0.114539,0.002573,0.779167,0.04618,0.040455
AGACCCACCGCTGATC-1,0.001409,0.001409,0.001409,0.001409,0.001409,0.002818,0.990138
AGACCGCTCCGCGGTT-1,0.000131,0.056887,0.000131,0.065182,0.000131,0.44296,0.434579
AGACCGGGAAACCCTG-1,0.000079,0.024907,0.011882,0.038632,0.117434,0.378081,0.428984
AGACGAAGTGCCGGTC-1,0.000243,0.000243,0.000243,0.402115,0.000243,0.353914,0.242998
AGACGACGATGCCGCT-1,0.000048,0.000048,0.034287,0.023728,0.119402,0.479492,0.342994
AGACGCCCACTTCGCC-1,0.000028,0.138827,0.000028,0.083395,0.018488,0.411308,0.347926
AGACGGGCCGATTTAA-1,0.000026,0.034654,0.033191,0.006339,0.434822,0.082351,0.408618
AGACTAGCCTTCCAGA-1,0.000081,0.035435,0.001835,0.045725,0.018073,0.328199,0.570651
AGACTGTTACCGGGTC-1,0.022254,0.302191,0.055272,0.000131,0.000131,0.581062,0.038958
AGAGAACCGTCTAGGA-1,0.000015,0.03043,0.408546,0.024863,0.257863,0.03829,0.239994
AGAGAAGGAGTACAAT-1,0.021422,0.008753,0.353168,0.003539,0.481445,0.058911,0.072762
