Barcode,Topic 1,Topic 2,Topic 3,Topic 4,Topic 5,Topic 6
AAACAAGTATCTCCCA-1,0.324229,0.282073,0.172282,0.000342,0.000342,0.220733
AAACACCAATAACTGC-1,0.065478,0.579786,0.351955,0.000926,0.000928,0.000927
AAACAGAGCGACTCCT-1,0.167727,0.365722,0.00228,0.002278,0.459715,0.002277
AAACAGGGTCTATATT-1,0.167386,0.115841,0.000375,0.000375,0.044452,0.671572
AAACATGGTGAGAGGA-1,0.586575,0.240677,0.171382,0.000455,0.000455,0.000456
AAACATTTCCCGGATT-1,0.116812,0.88258,0.000152,0.000152,0.000152,0.000152
AAACCGTTCGTCCAGG-1,0.27443,0.148531,0.251718,0.075073,0.220689,0.029559
AAACCTAAGCAGCCGG-1,0.24624,0.744282,0.00237,0.002366,0.002372,0.002371
AAACCTCATGAAGTTG-1,0.428509,0.001249,0.269284,0.032278,0.267431,0.001248
AAACGAAGATGGAGTA-1,0.31846,0.51347,0.002635,0.160165,0.002635,0.002635
AAACGAGACGGTTGAT-1,0.410308,0.150752,0.313175,0.000084,0.020789,0.104891
AAACGCTGGGCACGAC-1,0.001109,0.80997,0.185593,0.001108,0.00111,0.00111
AAACGGGCGTACGGGT-1,0.006253,0.968826,0.006225,0.006231,0.006227,0.006239
AAACGGTTGCGAACTG-1,0.002806,0.985998,0.002803,0.002799,0.002799,0.002796
AAACGTGTTCGCCCTA-1,0.158222,0.583183,0.053453,0.163211,0.000438,0.041493
AAACTCGGTTCGCAAT-1,0.534071,0.455067,0.002716,0.002717,0.002714,0.002715
AAACTCGTGATATAAG-1,0.482144,0.283108,0.055071,0.032117,0.109361,0.038199
AAACTTAATTGCACGC-1,0.300749,0.692952,0.001574,0.001574,0.001575,0.001577
AAAGAATGACCTTAGA-1,0.003661,0.981697,0.003659,0.003659,0.003661,0.003662
AAAGAATGTGGACTAA-1,0.196101,0.801668,0.000558,0.000557,0.000558,0.000558
AAAGACCCAAGTCGCG-1,0.079068,0.478878,0.13872,0.101667,0.000499,0.201169
AAAGACTGGGCGCTTT-1,0.330542,0.000456,0.000456,0.276388,0.361761,0.030398
AAAGCTTGCCTACATA-1,0.000188,0.455257,0.357327,0.186853,0.000188,0.000188
AAAGGCCCTATAATAC-1,0.96334,0.007339,0.007337,0.007333,0.007333,0.007319
AAAGGCTACGGACCAT-1,0.771648,0.216525,0.002958,0.002956,0.002957,0.002956
AAAGGCTCTCGCGCCG-1,0.266372,0.06391,0.182765,0.00388,0.223696,0.259377
AAAGGGATGTAGCAAG-1,0.341991,0.059209,0.000102,0.000102,0.000102,0.598494
AAAGGGCAGCTTGAAT-1,0.274091,0.714089,0.002957,0.002951,0.002956,0.002957
AAAGGTAAGCTGTACC-1,0.137473,0.2546,0.26777,0.253294,0.000671,0.086192
AAAGTAGCATTGCTCA-1,0.001794,0.749569,0.009087,0.001794,0.235964,0.001793
AAAGTCACTGATGTAA-1,0.000458,0.577298,0.279998,0.14133,0.000458,0.000458
AAAGTGCCATCAATTA-1,0.000941,0.746139,0.000942,0.140386,0.000942,0.11065
AAATAACCATACGGGA-1,0.004324,0.777793,0.204911,0.00433,0.004319,0.004323
AAATACCTATAAGCAT-1,0.349191,0.250899,0.212179,0.000138,0.03494,0.152652
AAATAGGGTGCTATTG-1,0.361669,0.016142,0.009395,0.040335,0.15149,0.420968
AAATCCGATACACGCC-1,0.607877,0.000561,0.000562,0.349357,0.041081,0.000562
AAATCGCGGAAGGAGT-1,0.002247,0.98878,0.002242,0.002245,0.002242,0.002244
AAATCTAGCCCTGCTA-1,0.384303,0.000129,0.009389,0.259348,0.329714,0.017118
AAATGATTCGATCAGC-1,0.444034,0.454927,0.047257,0.027281,0.026338,0.000164
AAATGCTCGTTACGTT-1,0.005097,0.97456,0.005089,0.005082,0.005081,0.005091
AAATGGCATGTCTTGT-1,0.000485,0.420668,0.57739,0.000486,0.000485,0.000486
AAATGGCCCGTGCCCT-1,0.000773,0.080537,0.142569,0.226331,0.549018,0.000773
AAATGGTCAATGTGCC-1,0.478955,0.164287,0.112319,0.000148,0.049566,0.194725
AAATGTATCTTATCCC-1,0.000137,0.733536,0.265917,0.000137,0.000137,0.000137
AAATTAACGGGTAGCT-1,0.360256,0.353202,0.002221,0.002219,0.279469,0.002633
AAATTAATAAGCGCGA-1,0.776538,0.000305,0.16833,0.000305,0.024296,0.030226
AAATTACACGACTCTG-1,0.432873,0.335391,0.22331,0.002811,0.002807,0.002807
AAATTACCTATCGATG-1,0.539886,0.172201,0.242077,0.000851,0.044133,0.000852
AAATTGATAGTCCTTT-1,0.406784,0.575021,0.004552,0.004543,0.004547,0.004552
AAATTGGTGAGAAGCA-1,0.245877,0.753456,0.000167,0.000167,0.000167,0.000167
AAATTTGCGGGTGTGG-1,0.000946,0.21521,0.030292,0.751658,0.000947,0.000947
AACAACTGGTAGTTGC-1,0.752677,0.236352,0.001774,0.001776,0.001775,0.005646
AACAATACATTGTCGA-1,0.401744,0.455839,0.001212,0.001213,0.001213,0.138778
AACAATTACTCTACGC-1,0.404113,0.099967,0.064583,0.430174,0.000581,0.000581
AACACACGCTCGCCGC-1,0.038436,0.225049,0.710912,0.000615,0.000121,0.024867
AACACGACTGTACTGA-1,0.00072,0.633532,0.10282,0.234995,0.000721,0.027212
AACAGCTGTGTGGCAA-1,0.83824,0.155746,0.001506,0.001501,0.001503,0.001504
AACAGGAAATCGAATA-1,0.1969,0.802448,0.000163,0.000163,0.000163,0.000163
AACAGGATGGGCCGCG-1,0.400808,0.000389,0.328247,0.205847,0.018093,0.046616
AACATATCAACTGGTG-1,0.433918,0.104897,0.348345,0.044615,0.067881,0.000344
AACATCGATACGTCTA-1,0.556815,0.346838,0.078229,0.017833,0.000143,0.000143
AACATTGAAGTTGATC-1,0.661989,0.317668,0.005104,0.005075,0.005081,0.005083
AACATTGTGACTCGAG-1,0.25963,0.728928,0.002853,0.002853,0.00287,0.002867
AACCAAGACTTCTCTG-1,0.435934,0.038798,0.482773,0.015797,0.018131,0.008567
AACCATAGGGTTGAAC-1,0.002163,0.989194,0.002163,0.00216,0.002159,0.002161
AACCATGGGATCGCTA-1,0.006765,0.966214,0.006735,0.006756,0.006781,0.006749
AACCCAGAGACGGAGA-1,0.004109,0.979459,0.004105,0.004112,0.004111,0.004104
AACCCATCCCATGATC-1,0.583452,0.291355,0.042792,0.00037,0.081662,0.00037
AACCCGACAACCCGTG-1,0.329717,0.644353,0.00648,0.006477,0.006483,0.006489
AACCCGAGCAGAATCG-1,0.00083,0.485836,0.000831,0.510843,0.00083,0.00083
AACCGAGCTTGGTCAT-1,0.32515,0.283089,0.163872,0.055047,0.000198,0.172643
AACCGTTGTGTTTGCT-1,0.001833,0.778198,0.214466,0.001834,0.001835,0.001835
AACCTCGCTTTAGCCC-1,0.427105,0.550444,0.005617,0.005603,0.005618,0.005613
AACCTTTAAATACGGT-1,0.125563,0.026244,0.019045,0.026983,0.16983,0.632335
AACCTTTACGACGTCT-1,0.567504,0.144946,0.002376,0.280428,0.002373,0.002373
AACGAAAGTCGTCCCA-1,0.290683,0.69396,0.003824,0.003824,0.003862,0.003847
AACGACCTCCTAGCCG-1,0.406901,0.38848,0.08089,0.020795,0.096126,0.006808
AACGATAATGCCGTAG-1,0.192196,0.249262,0.072497,0.000137,0.000137,0.485771
AACGATAGAAGGGCCG-1,0.025744,0.835434,0.000265,0.101009,0.037283,0.000265
AACGATATGTCAACTG-1,0.656541,0.000799,0.000799,0.000798,0.102096,0.238967
AACGCATGATCTGGGT-1,0.001669,0.678583,0.314749,0.001665,0.001666,0.001667
AACGCGACCTTGGGCG-1,0.145088,0.411186,0.077586,0.356293,0.000303,0.009545
AACGCGGTCTCCAGCC-1,0.414883,0.152529,0.000408,0.000408,0.087314,0.344457
AACGCTGTTGCTGAAA-1,0.421132,0.497028,0.079716,0.000708,0.000708,0.000708
AACGGACGTACGTATA-1,0.567141,0.008111,0.165672,0.16462,0.0905,0.003956
AACGGCCATCTCCGGT-1,0.000751,0.243535,0.524859,0.229353,0.000751,0.000751
AACGTACTGTGGGTAC-1,0.905078,0.086694,0.002058,0.002058,0.002057,0.002055
AACGTCAGACTAGTGG-1,0.612765,0.372886,0.003587,0.003579,0.003592,0.003591
AACGTCGCTGCACTTC-1,0.00432,0.443746,0.004324,0.004319,0.004319,0.538971
AACGTGATGAAGGACA-1,0.000553,0.490017,0.240675,0.26765,0.000553,0.000553
AACGTTATCAGCACCT-1,0.437291,0.561729,0.000245,0.000245,0.000245,0.000245
AACGTTCTACCATTGT-1,0.439568,0.347131,0.102882,0.000506,0.109406,0.000506
AACTAGGCTTGGGTGT-1,0.375554,0.085254,0.161555,0.018922,0.060159,0.298555
AACTCCAGAGCGTGTT-1,0.002555,0.500381,0.166106,0.325851,0.002554,0.002554
AACTCCTAATCCCATG-1,0.001637,0.234587,0.307933,0.001638,0.452569,0.001636
AACTCGATGGCGCAGT-1,0.262799,0.379165,0.286481,0.069752,0.000902,0.000901
AACTCTCAATAGAGCG-1,0.000165,0.377134,0.386968,0.122949,0.035958,0.076826
AACTCTCAGTGTGCTC-1,0.21517,0.218653,0.000272,0.235119,0.150601,0.180185
AACTGATATTAGGCCT-1,0.000126,0.689732,0.129374,0.180515,0.000127,0.000127
AACTGGGTCCCGACGT-1,0.427186,0.560308,0.011896,0.000203,0.000203,0.000203
AACTTCTGCGTCTATC-1,0.437371,0.550973,0.000484,0.010204,0.000484,0.000484
AACTTGCCCGTATGCA-1,0.001591,0.311378,0.682258,0.00159,0.001592,0.001592
AACTTGCGTTCTCGCG-1,0.005287,0.973578,0.005272,0.005275,0.005306,0.005282
AACTTTACGGGAGCTT-1,0.723094,0.156136,0.00027,0.119958,0.00027,0.00027
AACTTTCTCGATCATG-1,0.000142,0.709277,0.082166,0.208132,0.000142,0.000142
AAGAAATCACCAGATT-1,0.000203,0.800681,0.000204,0.198506,0.000203,0.000203
AAGAAGGATCAGTTAG-1,0.004112,0.294054,0.140346,0.553256,0.004114,0.004116
AAGACATACGTGGTTT-1,0.073512,0.017448,0.114031,0.51089,0.136593,0.147527
AAGACCAAATAACTCA-1,0.987602,0.002483,0.002478,0.00248,0.002479,0.002479
AAGACCCAACTGAACA-1,0.833227,0.001103,0.162366,0.001101,0.001101,0.001101
AAGACTGCAAGCTACT-1,0.000176,0.242309,0.369821,0.09354,0.124702,0.169451
AAGAGATGAATCGGTA-1,0.004956,0.706336,0.273877,0.00494,0.00494,0.004952
AAGAGCTCTTTATCGG-1,0.152642,0.000059,0.517442,0.068415,0.231649,0.029794
AAGAGGCATGGATCGC-1,0.032727,0.231005,0.49612,0.042581,0.001659,0.195907
AAGAGGCCCTTTGGAA-1,0.000116,0.577691,0.366459,0.052189,0.000116,0.003429
AAGATGGCACCGGACC-1,0.69563,0.000462,0.106989,0.195996,0.000462,0.000462
AAGATTGGCGGAACGT-1,0.545266,0.290513,0.161507,0.000904,0.000905,0.000905
AAGCACCCTGCGTATC-1,0.412284,0.566656,0.005263,0.005262,0.005265,0.00527
AAGCATACTCTCCTGA-1,0.197201,0.075535,0.127542,0.000056,0.244957,0.35471
AAGCCGCCGTGAAATC-1,0.704847,0.154408,0.078614,0.00052,0.06109,0.00052
AAGCCGCTTTACCTTG-1,0.071114,0.690729,0.214536,0.022876,0.000373,0.000373
AAGCCGGAGAGCAGGA-1,0.000781,0.631987,0.00078,0.364893,0.000779,0.00078
AAGCGCAGGGCTTTGA-1,0.586817,0.400208,0.003241,0.003246,0.003244,0.003243
AAGCGGAGTGCGCGCA-1,0.071456,0.630281,0.297494,0.000256,0.000256,0.000256
AAGCGGCGTCATGGGT-1,0.237965,0.511535,0.247561,0.00098,0.00098,0.00098
AAGCGTCCCTCATCGA-1,0.734072,0.257172,0.002187,0.002187,0.002191,0.002191
AAGCTAGATCGAGTAA-1,0.172957,0.102157,0.472065,0.010362,0.032914,0.209546
AAGCTCGTGCCAAGTC-1,0.04004,0.276986,0.332746,0.180372,0.158627,0.011229
AAGCTCTTTCATGGTG-1,0.690955,0.303863,0.001297,0.001296,0.001295,0.001294
AAGGAGCGGTTGGTGC-1,0.443174,0.079553,0.033992,0.000085,0.075729,0.367467
AAGGATGAGGGACCTC-1,0.252595,0.17389,0.347645,0.000535,0.000535,0.2248
AAGGCGCGTAAAGCTT-1,0.620411,0.372849,0.001684,0.001685,0.001686,0.001685
AAGGCTGTGCTCATCG-1,0.205917,0.000055,0.443196,0.019061,0.085564,0.246207
AAGGGAACGACTGGCT-1,0.001961,0.502843,0.489311,0.00196,0.001961,0.001964
AAGGGACAGATTCTGT-1,0.314947,0.099791,0.518399,0.064893,0.001381,0.000589
AAGGGACTATGCATTC-1,0.005625,0.695523,0.282002,0.00562,0.005614,0.005616
AAGGGTTTGATTTCAG-1,0.453567,0.540011,0.001606,0.001606,0.001606,0.001604
AAGGTATCCTAATATA-1,0.539094,0.317192,0.025423,0.040939,0.048966,0.028387
AAGTAGAAGACCGGGT-1,0.434432,0.565014,0.000138,0.000138,0.000138,0.000138
AAGTAGTGACGCGAGG-1,0.531763,0.249503,0.218167,0.000189,0.000189,0.000189
AAGTCTAGTAGCTGCC-1,0.000157,0.669949,0.111932,0.217649,0.000157,0.000157
AAGTGAGTCGGGTTTA-1,0.002279,0.78156,0.002276,0.002272,0.002279,0.209334
AAGTGCAAAGGTAGAC-1,0.000079,0.528286,0.058586,0.412586,0.000079,0.000385
AAGTGCGTTAGAATCT-1,0.003123,0.984412,0.003118,0.003118,0.003113,0.003116
AAGTGCTTCTCTATTG-1,0.001832,0.754572,0.238098,0.001834,0.001833,0.001832
AAGTGTTTGGAGACGG-1,0.813814,0.125421,0.018066,0.000137,0.014822,0.02774
AAGTTCACTCCAAGCT-1,0.264777,0.319323,0.119744,0.001702,0.0017,0.292754
AAGTTCAGTCTGCGTA-1,0.705322,0.215975,0.001833,0.001832,0.073205,0.001833
AAGTTGTGATGTTATA-1,0.312953,0.685939,0.000175,0.000175,0.000175,0.000584
AAGTTTATGGGCCCAA-1,0.002556,0.987248,0.002551,0.002546,0.002548,0.002551
AATAACAACGCTCGGC-1,0.459208,0.111843,0.428863,0.000029,0.000029,0.000029
AATAACACTAGAACAA-1,0.053624,0.061631,0.26093,0.394455,0.228624,0.000735
AATACAATGTTTCAGG-1,0.258446,0.652326,0.001685,0.001684,0.001687,0.084172
AATACCGGAGGGCTGT-1,0.00527,0.537224,0.005276,0.005267,0.005269,0.441694
AATACCTGATGTGAAC-1,0.547003,0.140386,0.005786,0.229936,0.076108,0.000781
AATAGAACAGAGTGGC-1,0.004667,0.000013,0.043151,0.042286,0.691443,0.21844
AATAGAATCTGTTTCA-1,0.577424,0.011245,0.272048,0.067615,0.064594,0.007074
AATAGCTACCGCGTGC-1,0.457668,0.54143,0.000226,0.000225,0.000226,0.000226
AATAGTCCGTCCCGAC-1,0.000024,0.000024,0.004177,0.097983,0.871722,0.026071
AATAGTCGCGAGTCGG-1,0.277759,0.58037,0.023012,0.011615,0.000084,0.107161
AATATCCTAGCAAACT-1,0.399812,0.370321,0.188135,0.037834,0.000263,0.003635
AATATCGAGGGTTCTC-1,0.1008,0.367231,0.18838,0.340894,0.000306,0.002389
AATATTGGAGTATTGA-1,0.527969,0.034597,0.43008,0.000121,0.000122,0.007111
AATCATGTAAAGACTC-1,0.626745,0.000175,0.250895,0.063511,0.052521,0.006153
AATCCAAGGGCCTGAG-1,0.016975,0.980879,0.000536,0.000536,0.000537,0.000537
AATCGGTATAGCCCTC-1,0.031151,0.968239,0.000153,0.000152,0.000153,0.000153
AATCGTGAGCCGAGCA-1,0.007008,0.965094,0.006973,0.006966,0.006972,0.006987
AATCTAGGTTTACTTG-1,0.727518,0.233906,0.000333,0.000333,0.037577,0.000333
AATCTATGCCGGAGCC-1,0.719047,0.001163,0.276304,0.001162,0.001162,0.001162
AATCTGCGTTGGGACG-1,0.001665,0.368969,0.254824,0.371208,0.001666,0.001667
AATCTGGCTTTCTAGT-1,0.451807,0.036457,0.31085,0.134625,0.066131,0.00013
AATGACAGCAATGTCT-1,0.005264,0.601077,0.005257,0.377879,0.00526,0.005263
AATGACTGTCAGCCGG-1,0.789612,0.1783,0.031537,0.000121,0.00031,0.000121
AATGAGTTCGCATATG-1,0.622911,0.356674,0.005099,0.005105,0.005103,0.005108
AATGATGATACGCTAT-1,0.516524,0.144612,0.055199,0.194859,0.088448,0.000359
AATGATGCGACTCCTG-1,0.115189,0.135257,0.559755,0.000493,0.188813,0.000493
AATGCAACCGGGTACC-1,0.38113,0.157637,0.067737,0.023565,0.106392,0.263539
AATGCACCAAGCAATG-1,0.463772,0.000691,0.000691,0.533464,0.000691,0.000691
AATGGTCCACCGTTCA-1,0.408708,0.579672,0.002904,0.002905,0.002906,0.002905
AATGGTTCTCACAAGC-1,0.003839,0.980811,0.003837,0.003834,0.003843,0.003836
AATGTATGGCACTGTA-1,0.494864,0.117068,0.22283,0.002445,0.160351,0.002441
AATGTGCCCGAGGTGT-1,0.007561,0.230983,0.216727,0.543904,0.000413,0.000413
AATGTGCTAATCTGAG-1,0.461106,0.181343,0.01629,0.113261,0.226973,0.001028
AATGTTGTCGTGAGAC-1,0.15048,0.72125,0.126694,0.001347,0.000114,0.000114
AATTAACGGATTTCCA-1,0.810441,0.108315,0.000399,0.000398,0.000399,0.080048
AATTACGAGACCCATC-1,0.271234,0.715285,0.003375,0.003366,0.003371,0.003369
AATTAGCGCTGCAGCG-1,0.31065,0.032776,0.049031,0.019817,0.065163,0.522562
AATTCATAAGGGATCT-1,0.237963,0.476901,0.279584,0.001852,0.00185,0.00185
AATTCATTGTCATGCA-1,0.636005,0.358849,0.001286,0.001286,0.001287,0.001287
AATTCCAAGCATGTAC-1,0.343697,0.001428,0.134427,0.517593,0.001427,0.001428
AATTCGATTCGAGGAT-1,0.004218,0.978865,0.004223,0.00423,0.004241,0.004223
AATTCTAGAGTTAGGC-1,0.429171,0.108898,0.196385,0.073875,0.143769,0.047901
AATTGCAGCAATCGAC-1,0.431888,0.567675,0.000109,0.000109,0.000109,0.000109
AATTGCGTGGATTACA-1,0.800219,0.186031,0.003444,0.003436,0.003436,0.003435
AATTGTGGTTGCCAAA-1,0.000751,0.73038,0.000753,0.266613,0.000751,0.000752
AATTTGGGACATAGTA-1,0.726405,0.00219,0.002189,0.264841,0.002187,0.002188
AATTTGGTTCCAAAGA-1,0.007648,0.678418,0.007668,0.290951,0.007652,0.007662
ACAAACCATGCGTCCT-1,0.679861,0.31769,0.000613,0.000611,0.000612,0.000612
ACAAAGAAGGTAGGCC-1,0.411357,0.468402,0.017045,0.085081,0.005776,0.01234
ACAAAGCATGACCTAG-1,0.243361,0.424608,0.22946,0.086952,0.000202,0.015418
ACAAATCGCACCGAAT-1,0.542939,0.276009,0.180461,0.000197,0.000197,0.000197
ACAACAGCATGAGCTA-1,0.05914,0.031266,0.178888,0.309031,0.081497,0.340177
ACAACGGTCCCTGCGA-1,0.354231,0.390729,0.001984,0.17995,0.071124,0.001982
ACAAGCAGTGCCTAGC-1,0.636677,0.300937,0.060986,0.000467,0.000467,0.000467
ACAAGGAAATCCGCCC-1,0.333988,0.000079,0.227947,0.233641,0.159434,0.044912
ACAAGGACAAGAGGTT-1,0.369299,0.476995,0.110299,0.042377,0.000516,0.000515
ACAAGGATGCTTTAGG-1,0.380988,0.275181,0.002131,0.113303,0.225982,0.002415
ACAATCCATTTAAACC-1,0.500219,0.173685,0.325586,0.000041,0.000153,0.000315
ACAATGAATACGGAGA-1,0.000627,0.606749,0.000627,0.390745,0.000626,0.000626
ACAATTGTGTCTCTTT-1,0.631759,0.125659,0.209441,0.000262,0.000262,0.032616
ACAATTTAGGAGGCTC-1,0.001004,0.737938,0.001004,0.001004,0.258047,0.001003
ACAATTTGAGCAGTGG-1,0.105037,0.21068,0.328194,0.091045,0.001714,0.263329
ACACAAAGACGGGTGG-1,0.029198,0.000043,0.000043,0.006726,0.591705,0.372285
ACACAAATATTCCTAG-1,0.076599,0.714291,0.182447,0.000268,0.000268,0.026127
ACACACTTTCTACACG-1,0.000243,0.95195,0.047076,0.000244,0.000244,0.000244
ACACATGATCAAATCT-1,0.001095,0.571991,0.42363,0.001094,0.001095,0.001095
ACACCCAGCATGCAGC-1,0.342793,0.067405,0.128909,0.004058,0.095554,0.361282
ACACCCGAGAAATCCG-1,0.001561,0.420705,0.426057,0.001562,0.001561,0.148555
ACACCGAGCGCTCTTT-1,0.312725,0.685648,0.000407,0.000407,0.000407,0.000407
ACACCGGTCTGACCGC-1,0.984956,0.003017,0.003005,0.003007,0.003007,0.003007
ACACCTTAAGTAGGGC-1,0.027945,0.51184,0.004008,0.004012,0.004016,0.448179
ACACGAGACTCCTTCT-1,0.132888,0.269441,0.264707,0.000339,0.000785,0.33184
ACACGGGAACTTAGGG-1,0.030123,0.00527,0.046416,0.024121,0.273914,0.620156
ACACGTAGGCCACAAG-1,0.088417,0.6469,0.26396,0.000241,0.000241,0.000241
ACACTCCAATGTCACT-1,0.055176,0.943333,0.000373,0.000373,0.000373,0.000373
ACACTGATCAAGGTGT-1,0.111429,0.039098,0.277242,0.063701,0.078725,0.429805
ACACTGGGACAGTCGT-1,0.002444,0.625671,0.002446,0.364549,0.002445,0.002445
ACAGAACTGAGAACAA-1,0.557347,0.441509,0.000399,0.000248,0.000248,0.000248
ACAGCATAGAGCCAGT-1,0.002031,0.686492,0.305373,0.002034,0.002036,0.002033
ACAGCGACATTCTCAT-1,0.092559,0.709258,0.093438,0.000298,0.000298,0.104149
ACAGCGCACCCGCAGC-1,0.592984,0.393547,0.003365,0.003363,0.003371,0.003369
ACAGGCACGGATCCTT-1,0.289035,0.702204,0.002192,0.002189,0.00219,0.002191
ACAGGCTTGCCCGACT-1,0.64496,0.112793,0.241852,0.000132,0.000132,0.000132
ACAGGTGGAGGTGAGG-1,0.830412,0.001758,0.001758,0.001757,0.001756,0.162559
ACAGTAATACAACTTG-1,0.4,0.307957,0.109663,0.000296,0.000296,0.181789
ACAGTATACCGTGGGA-1,0.000079,0.561158,0.142881,0.295725,0.000079,0.000079
ACATAAGTCGTGGTGA-1,0.286922,0.703149,0.002473,0.002475,0.002491,0.00249
ACATAATAAGGCGGTG-1,0.420188,0.578557,0.000314,0.000313,0.000314,0.000314
ACATCAGCTGGGACGC-1,0.557533,0.313467,0.000447,0.000398,0.000398,0.127756
ACATCCCGGCCATACG-1,0.245063,0.001986,0.121021,0.145817,0.11943,0.366684
ACATCGTTAACCTAGT-1,0.000459,0.37048,0.22429,0.403854,0.000459,0.000459
ACATTAGTTTATATCC-1,0.073013,0.000017,0.063343,0.032483,0.28401,0.547134
ACATTTGAAACCTAAC-1,0.525851,0.053042,0.051442,0.368491,0.000587,0.000587
ACCAAACACCCAGCGA-1,0.450762,0.165264,0.280679,0.087183,0.000084,0.016028
ACCAACACCACACACT-1,0.298889,0.700437,0.000168,0.000168,0.000168,0.000168
ACCAACCGCACTCCAC-1,0.496431,0.502799,0.000192,0.000193,0.000193,0.000192
ACCAACGCTTATTTAT-1,0.096059,0.001189,0.067926,0.01185,0.251564,0.571412
ACCAAGAACGCGTGTC-1,0.121344,0.051893,0.331986,0.491035,0.002429,0.001313
ACCAAGTCATCGGCAG-1,0.00015,0.99925,0.00015,0.00015,0.00015,0.00015
ACCAATATGCAAGTTA-1,0.462409,0.07635,0.384308,0.000245,0.000245,0.076444
ACCACAAGTTTCTATC-1,0.198543,0.000273,0.019473,0.000329,0.294626,0.486756
ACCACCCTCTCTTCTA-1,0.036647,0.076836,0.496169,0.283148,0.099434,0.007767
ACCACGTGCAGCTATA-1,0.587257,0.115968,0.147243,0.058084,0.080869,0.010578
ACCATTAAGGGTGTCA-1,0.156222,0.842182,0.0004,0.000399,0.000399,0.000399
ACCCAACGCCCGTGGC-1,0.001789,0.643494,0.001792,0.349349,0.001788,0.001789
ACCCACCTACATGCTC-1,0.002722,0.986375,0.002723,0.002724,0.002727,0.002729
ACCCATCTTGAGGGTA-1,0.399861,0.148455,0.371502,0.000106,0.079969,0.000106
ACCCATTTGTCCCTCT-1,0.000094,0.432204,0.040327,0.527187,0.000094,0.000094
ACCCGAGCGAAATTAC-1,0.008036,0.756543,0.008025,0.008031,0.008032,0.211333
ACCCGATTGGTTCCGA-1,0.288403,0.340116,0.144426,0.000851,0.00841,0.217793
ACCCGGAAACTCCCAG-1,0.337343,0.087143,0.27575,0.016115,0.040353,0.243296
ACCCGGAGCACCACAA-1,0.445823,0.549206,0.000112,0.001677,0.000112,0.003071
ACCCGTAGTCTAGTTG-1,0.043179,0.955859,0.00024,0.00024,0.00024,0.00024
ACCCGTGTCATCAGTA-1,0.163972,0.317525,0.213418,0.000254,0.000254,0.304576
ACCCTATAGGACTGAG-1,0.212095,0.676669,0.001516,0.001516,0.001518,0.106686
ACCCTATGCCATATCG-1,0.037942,0.374178,0.001318,0.182766,0.001317,0.402479
ACCCTCCCGTCAGGGC-1,0.190714,0.806236,0.000762,0.000762,0.000763,0.000763
ACCCTCCCTTGCTATT-1,0.424932,0.000384,0.435779,0.055686,0.045518,0.037701
ACCCTGGTAACGCCCT-1,0.284813,0.647221,0.067627,0.000113,0.000113,0.000113
ACCCTTCATCTGCGAA-1,0.000187,0.78741,0.092841,0.119187,0.000188,0.000187
ACCCTTGCCTGGGTCG-1,0.000231,0.640422,0.282441,0.076444,0.000231,0.000231
ACCGAAGAGTCTGGTT-1,0.595259,0.034403,0.000753,0.353651,0.015182,0.000752
ACCGACACATCTCCCA-1,0.401865,0.582812,0.003829,0.003834,0.003829,0.003831
ACCGACTGAGTCCCAC-1,0.043846,0.001282,0.044755,0.029468,0.284714,0.595934
ACCGAGTCTCCTTATT-1,0.000669,0.00067,0.477273,0.513238,0.007481,0.000669
ACCGATAGGCATAACC-1,0.215831,0.203373,0.086997,0.493178,0.00031,0.00031
ACCGATATTTAATCAT-1,0.482014,0.15281,0.16813,0.151155,0.03689,0.009001
ACCGCAATAACTGCCT-1,0.738435,0.233675,0.004659,0.000142,0.007835,0.015253
ACCGGTCAGGTACACC-1,0.805295,0.000486,0.142871,0.050376,0.000486,0.000485
ACCGTCCACTGGGCCC-1,0.477213,0.51531,0.001873,0.001866,0.001867,0.00187
ACCGTGACCACGTGGG-1,0.55092,0.444157,0.00123,0.00123,0.001233,0.001231
ACCTAAGTACCTTTCA-1,0.004685,0.227019,0.334298,0.424642,0.004674,0.004682
ACCTAATCGACTTCCT-1,0.671465,0.186773,0.128251,0.013216,0.000147,0.000147
ACCTACTATAAATCTA-1,0.002811,0.752654,0.002807,0.236115,0.002807,0.002807
ACCTCCGCCCTCGCTG-1,0.021276,0.32547,0.331985,0.00219,0.002189,0.31689
ACCTCGAACTTATGCT-1,0.636964,0.344358,0.004672,0.004662,0.004671,0.004672
ACCTGCGTGTCATGTT-1,0.03436,0.48724,0.371959,0.090156,0.015984,0.0003
ACGAAATGGGCGGCAC-1,0.711445,0.061788,0.134934,0.061005,0.030529,0.000299
ACGACTCTAGGGCCGA-1,0.003304,0.674037,0.239179,0.003298,0.003304,0.076878
ACGACTGGTCATACTC-1,0.518694,0.467283,0.003503,0.003499,0.003512,0.00351
ACGAGATATTTGCTTA-1,0.000549,0.532958,0.196932,0.268464,0.000548,0.000549
ACGAGGATACCACTCT-1,0.016539,0.000283,0.556619,0.000283,0.057212,0.369065
ACGAGGTTTACAACGT-1,0.690985,0.228601,0.079015,0.000467,0.000466,0.000467
ACGAGTACGGATGCCC-1,0.075734,0.593486,0.329709,0.000357,0.000357,0.000357
ACGATACATAGAACTA-1,0.514297,0.360377,0.000389,0.109425,0.011511,0.004002
ACGATACCTATCCTGA-1,0.61858,0.371795,0.002406,0.002404,0.002407,0.002407
ACGATCATACATAGAG-1,0.320288,0.154446,0.15321,0.050325,0.078091,0.243641
ACGATGCATATGTTAT-1,0.682915,0.124126,0.192568,0.000131,0.00013,0.00013
ACGATGGATCCGATGC-1,0.00432,0.978396,0.004328,0.004319,0.004317,0.00432
ACGCAAACTAATAGAT-1,0.004698,0.976603,0.004675,0.004673,0.004678,0.004673
ACGCAATCACTACAGC-1,0.965895,0.016401,0.004436,0.004421,0.00442,0.004426
ACGCATACGTTTACTA-1,0.002595,0.720935,0.002596,0.002592,0.002594,0.268687
ACGCATTCGTGAGTAC-1,0.599067,0.10373,0.131491,0.000375,0.157432,0.007905
ACGCCAGATGATTTCT-1,0.310448,0.294403,0.000185,0.279032,0.002861,0.11307
ACGCCAGTGCGTTTGC-1,0.001211,0.172969,0.723134,0.100264,0.001211,0.001211
ACGCGAAGTCAGACGA-1,0.300787,0.092338,0.230562,0.080592,0.04489,0.250832
ACGCGGGCCAAGGACA-1,0.576302,0.297596,0.000251,0.000251,0.125349,0.000251
ACGCGTTTCTTAAGAG-1,0.304194,0.543913,0.151462,0.000144,0.000143,0.000144
ACGCTACTGAATGGGC-1,0.610875,0.217078,0.169443,0.000868,0.000868,0.000868
ACGCTAGTGATACACT-1,0.032013,0.440054,0.363778,0.000322,0.000322,0.163511
ACGGAACACGAGTGCC-1,0.3679,0.309704,0.079868,0.240908,0.00081,0.00081
ACGGAATTTAGCAAAT-1,0.006734,0.966285,0.006766,0.006741,0.006739,0.006735
ACGGACTCTCAAAGCG-1,0.51436,0.071425,0.001736,0.222351,0.001737,0.188392
ACGGAGCGCAAATTAC-1,0.004215,0.712728,0.004208,0.270423,0.004211,0.004214
ACGGATGGTGCGGATA-1,0.002031,0.433373,0.328825,0.002031,0.002031,0.231708
ACGGCACTTGCTTGGG-1,0.26764,0.000679,0.111976,0.00105,0.116562,0.502094
ACGGCCAACATGGACT-1,0.02924,0.000019,0.033596,0.067554,0.573842,0.295749
ACGGCGACGATGGGAA-1,0.402519,0.000122,0.401431,0.057702,0.062924,0.075302
ACGGCTGGATGTAGAA-1,0.568317,0.423759,0.00198,0.001982,0.001981,0.001982
ACGGGAGTGTCGGCCC-1,0.008849,0.955785,0.008889,0.008829,0.008819,0.00883
ACGGGCGTATGCGACA-1,0.081223,0.093647,0.621159,0.173105,0.023566,0.007301
ACGGGTCATGTGACTT-1,0.423789,0.050353,0.000049,0.524385,0.00135,0.000074
ACGGTACAGTTCAATG-1,0.004118,0.979456,0.004106,0.004108,0.004106,0.004106
ACGTACAGATTTCTCT-1,0.417208,0.262376,0.004955,0.004964,0.00496,0.305538
ACGTAGATTGCTGATG-1,0.61173,0.255135,0.106358,0.000255,0.000255,0.026267
ACGTAGGAGAGTCGCT-1,0.003306,0.54608,0.003304,0.440701,0.003304,0.003305
ACGTCGGGCAACTCGG-1,0.425798,0.225042,0.253545,0.063741,0.000661,0.031213
ACGTGACAAAGTAAGT-1,0.194975,0.796905,0.002031,0.002028,0.00203,0.002031
ACGTGCGCCTCGTGCA-1,0.000145,0.999274,0.000145,0.000145,0.000145,0.000145
ACGTTATTGGTCACTC-1,0.18355,0.764283,0.000125,0.001303,0.013851,0.036889
ACGTTCGTTCAGGAAA-1,0.051722,0.787049,0.000887,0.000887,0.000887,0.158567
ACGTTCTGTACAAGTC-1,0.530476,0.081054,0.289156,0.000581,0.098151,0.000581
ACGTTTAGTTGTGATC-1,0.072343,0.205643,0.167889,0.525136,0.028887,0.000103
ACGTTTCGGTGCACTT-1,0.169512,0.829166,0.000331,0.00033,0.000331,0.000331
ACTAAGGACGCACACC-1,0.000488,0.438866,0.36264,0.19703,0.000488,0.000488
ACTACATCCCGACAAG-1,0.329624,0.376505,0.000946,0.000946,0.291031,0.000947
ACTACCAGCTCTCTGG-1,0.797204,0.001258,0.001257,0.001258,0.001258,0.197766
ACTACGCGTTAGAATT-1,0.519645,0.470433,0.00248,0.002482,0.002481,0.002479
ACTATATGCTGTGTTC-1,0.377881,0.603868,0.004559,0.004546,0.004576,0.004569
ACTATCGCCGGCTAAA-1,0.000865,0.618014,0.279234,0.076616,0.000865,0.024407
ACTATCTGCCCGCGTA-1,0.561549,0.136971,0.00083,0.145661,0.00083,0.154159
ACTATGTCCAGCTGCC-1,0.438579,0.188703,0.368919,0.001267,0.001266,0.001266
ACTATTCGTCCGTGGT-1,0.000263,0.998684,0.000263,0.000263,0.000264,0.000263
ACTATTTCCGGGCCCA-1,0.030557,0.000066,0.000066,0.007577,0.801291,0.160444
ACTCAAGTGCAAGGCT-1,0.842212,0.148425,0.002339,0.00234,0.002342,0.002341
ACTCAATAAAGGCACG-1,0.385215,0.012203,0.000032,0.000033,0.035105,0.567412
ACTCATGGCAGCCTTC-1,0.377361,0.151666,0.439625,0.030724,0.000311,0.000311
ACTCCAATATCATCAT-1,0.206149,0.068903,0.242171,0.000403,0.481971,0.000403
ACTCCCATTCCTAAAG-1,0.373537,0.62172,0.001187,0.001185,0.001186,0.001186
ACTCCCGTAGACTAGG-1,0.000122,0.660418,0.016737,0.322479,0.000122,0.000122
ACTCCCTAATGCTAAA-1,0.597365,0.054541,0.000312,0.057745,0.273336,0.016702
ACTCCCTAGAATAGTA-1,0.709452,0.167505,0.0003,0.0003,0.019557,0.102886
ACTCCGGCCGACCACT-1,0.001592,0.992034,0.001592,0.001594,0.001595,0.001593
ACTCGATGTATTTCAT-1,0.43732,0.561578,0.000275,0.000275,0.000275,0.000275
ACTCGCCGTTCGATAA-1,0.197372,0.61002,0.174872,0.000131,0.000131,0.017474
ACTCGTAACCCGTCCT-1,0.221593,0.750318,0.007007,0.00702,0.007028,0.007034
ACTCGTCAGTAATCCC-1,0.164619,0.202813,0.384533,0.016325,0.000206,0.231504
ACTCTAAACCTGGGAT-1,0.239564,0.634712,0.000118,0.000118,0.120493,0.004996
ACTCTGACCTAATAGA-1,0.301129,0.324105,0.000651,0.372813,0.000651,0.000651
ACTGAAACGCCGTTAG-1,0.527192,0.145805,0.181283,0.141931,0.001893,0.001895
ACTGCCCGCCATTCTC-1,0.000415,0.366619,0.274114,0.358022,0.000415,0.000415
ACTGCCGTCGTAACTC-1,0.261074,0.515894,0.040126,0.000115,0.182676,0.000115
ACTGCTCGGAAGGATG-1,0.545795,0.451929,0.000569,0.000569,0.000569,0.000569
ACTGGCGAACCTGCGT-1,0.08082,0.343488,0.196798,0.378311,0.000292,0.000292
ACTGTACGATACACAT-1,0.21743,0.325981,0.2218,0.071671,0.00038,0.162738
ACTGTAGCACTTTGGA-1,0.805532,0.184978,0.002371,0.00237,0.002375,0.002374
ACTGTATACGCGAGCA-1,0.152074,0.106505,0.495524,0.19325,0.000624,0.052022
ACTGTCCAGGATTATA-1,0.584371,0.162505,0.074623,0.034847,0.051335,0.092319
ACTGTCTTCTTTAGAA-1,0.060216,0.000537,0.104466,0.017883,0.127908,0.68899
ACTGTGCTAGTAGATC-1,0.001984,0.128868,0.367086,0.498096,0.001982,0.001983
ACTTACCGGGCGCGCA-1,0.007028,0.964884,0.007014,0.00703,0.007012,0.007032
ACTTACGCATCCACGC-1,0.095191,0.054124,0.087958,0.000314,0.592928,0.169485
ACTTAGTACGACAAGA-1,0.006261,0.968678,0.00627,0.006277,0.006258,0.006256
ACTTCAGGCTGATCCC-1,0.741401,0.027777,0.084122,0.142286,0.00013,0.004284
ACTTCCAGTGGAAGCT-1,0.813067,0.183909,0.000756,0.000756,0.000756,0.000756
ACTTCCATGCGGGACA-1,0.61023,0.000748,0.000743,0.315448,0.072089,0.000743
ACTTCGCCATACGCAC-1,0.291753,0.14202,0.260244,0.000447,0.239006,0.06653
ACTTGGGACCCGGTGG-1,0.587002,0.0493,0.096739,0.000082,0.046738,0.220139
ACTTGTGGATGGAACG-1,0.588001,0.399524,0.003119,0.003118,0.003116,0.003122
ACTTTCCTATAGCTTC-1,0.176909,0.058048,0.030513,0.014062,0.295814,0.424654
ACTTTGGTCGTGCTCC-1,0.205984,0.78849,0.001381,0.001381,0.001382,0.001382
ACTTTGTCGACGCACT-1,0.468942,0.288644,0.114114,0.127939,0.000181,0.000181
AGAAATTATGACTCGC-1,0.159207,0.000146,0.415876,0.187873,0.158534,0.078364
AGAACCCTCAATTGGG-1,0.66167,0.333259,0.001267,0.001269,0.001268,0.001267
AGAACGTGGTACATTC-1,0.287081,0.206483,0.234753,0.000714,0.000302,0.270666
AGAACTGTACTTTGTA-1,0.107249,0.371555,0.34689,0.000532,0.008485,0.165289
AGAAGGTACACTTCAC-1,0.697763,0.225445,0.000403,0.000403,0.000403,0.075583
AGAAGGTTGTAGGTCG-1,0.361563,0.612502,0.006486,0.006489,0.006481,0.00648
AGAAGTGATTCGTGAT-1,0.005615,0.971955,0.005604,0.005623,0.005601,0.005602
AGAATGCGGGTTCGGA-1,0.001546,0.647228,0.001546,0.346591,0.001544,0.001545
AGAATTATGGATTCGA-1,0.004344,0.376837,0.285088,0.299821,0.000185,0.033725
AGAATTGTTTGACATA-1,0.001777,0.991108,0.001772,0.00178,0.001783,0.001779
AGACAGCTCAGAATCC-1,0.232872,0.559434,0.071499,0.055066,0.000142,0.080987
AGACCAAACCACACCT-1,0.106781,0.889304,0.000978,0.000977,0.00098,0.000979
AGACCATGGGATACAA-1,0.004119,0.979431,0.004114,0.004117,0.004109,0.004109
AGACCCACCGCTGATC-1,0.47691,0.104125,0.109144,0.053826,0.0522,0.203794
AGACCCGCCCTCCTCG-1,0.191479,0.013623,0.000044,0.000865,0.265462,0.528528
AGACCGCTCCGCGGTT-1,0.216801,0.597081,0.102569,0.000452,0.000452,0.082645
AGACGAAGTGCCGGTC-1,0.545042,0.311923,0.003503,0.000389,0.125835,0.013307
AGACGACGATGCCGCT-1,0.204025,0.384194,0.406826,0.001653,0.001652,0.001652
AGACGCCCACTTCGCC-1,0.497645,0.271324,0.122094,0.107737,0.0006,0.0006
AGACTAGCCTTCCAGA-1,0.381854,0.137225,0.000307,0.004666,0.113044,0.362905
AGACTGTTACCGGGTC-1,0.527545,0.46142,0.00276,0.002754,0.002761,0.002761
AGAGAAACACCAGAAA-1,0.000397,0.428105,0.226622,0.174883,0.000397,0.169596
AGAGAACCGTCTAGGA-1,0.192231,0.391666,0.277333,0.13427,0.00225,0.00225
AGAGAAGGAGTACAAT-1,0.139021,0.705888,0.002405,0.002409,0.14787,0.002407
AGAGCAGTTATGAGAC-1,0.773289,0.21635,0.002589,0.002594,0.002589,0.002589
AGAGCCGCCGAGATTT-1,0.001963,0.990189,0.001961,0.001963,0.001962,0.001962
AGAGCGCTTGTAACGG-1,0.122442,0.615525,0.000439,0.079404,0.048402,0.133788
AGAGCGGGCTAATCAT-1,0.000135,0.900166,0.000135,0.099292,0.000135,0.000135
AGAGCGTACAAGCTCG-1,0.001548,0.194665,0.001548,0.001548,0.001546,0.799145
AGAGGCTTCGGAAACC-1,0.865552,0.12815,0.001575,0.001574,0.001574,0.001574
AGAGTTGCAGGCCTCC-1,0.001359,0.180616,0.813945,0.00136,0.00136,0.00136
AGATAACTTCAGGGCC-1,0.518419,0.111181,0.049507,0.019499,0.110709,0.190684
AGATACCAATAGAACC-1,0.000239,0.998805,0.000239,0.000239,0.000239,0.000239
AGATACCAGCACTTCA-1,0.35388,0.45718,0.129118,0.031854,0.000203,0.027765
AGATACGACTTCATAT-1,0.003588,0.534188,0.24557,0.003586,0.003585,0.209482
AGATATAATACGACTA-1,0.001653,0.093651,0.538495,0.063926,0.300621,0.001653
AGATCGTGCATAAGAT-1,0.572652,0.001033,0.243618,0.18063,0.001033,0.001034
AGATCTCAGGTGTGAT-1,0.119523,0.311014,0.568088,0.000458,0.000458,0.000458
AGATGACTCGCCCACG-1,0.087361,0.524881,0.106118,0.23476,0.000148,0.046732
AGATGAGGGTTGCGAT-1,0.58745,0.33278,0.071864,0.002637,0.002636,0.002634
AGATGCAAGACGTGCA-1,0.58657,0.407764,0.001417,0.001416,0.001417,0.001416
AGATGCATCCTGTGTC-1,0.274323,0.507928,0.001065,0.001065,0.001067,0.214552
AGATTATAGGACGTTT-1,0.58994,0.143472,0.255284,0.000137,0.000137,0.01103
AGATTCACAACCGATA-1,0.797457,0.197729,0.001204,0.001204,0.001204,0.001203
AGCAAAGGCCGCTAGT-1,0.383014,0.46178,0.147771,0.002477,0.002478,0.00248
AGCAACCGAAAGTAAT-1,0.432039,0.390082,0.123654,0.00035,0.000351,0.053523
AGCACACGTTTAGACT-1,0.078931,0.271938,0.123144,0.517938,0.000733,0.007317
AGCACCAGTACTCACG-1,0.18658,0.164671,0.11576,0.000107,0.012074,0.520807
AGCACTACCGGCCTGT-1,0.222484,0.336425,0.411555,0.00027,0.013354,0.015912
AGCACTACCTCACCAG-1,0.755984,0.217433,0.025862,0.00024,0.00024,0.00024
AGCACTTAAGGACGCC-1,0.644657,0.238147,0.009931,0.01475,0.00014,0.092374
AGCAGAAGGAGAAAGA-1,0.003512,0.982455,0.003509,0.003507,0.003507,0.003511
AGCAGCCAGATGAATA-1,0.307687,0.125057,0.0041,0.01159,0.219036,0.33253
AGCATATCAATATGCT-1,0.209069,0.227277,0.384379,0.097218,0.000131,0.081927
AGCATCATTTCGAAAG-1,0.83885,0.04105,0.072355,0.000238,0.04727,0.000238
AGCATCGTCGATAATT-1,0.17118,0.828062,0.00019,0.00019,0.00019,0.00019
AGCATTACGAGGCAAG-1,0.00016,0.999199,0.00016,0.00016,0.00016,0.00016
AGCCAAGCTTTGTGTC-1,0.622966,0.352116,0.006225,0.00622,0.006236,0.006239
AGCCACAGGTTACCCG-1,0.002593,0.825482,0.002597,0.164147,0.002592,0.00259
AGCCACTCCCGTGCTT-1,0.321761,0.643856,0.000193,0.000193,0.000193,0.033805
AGCCATATAGTATGTG-1,0.000209,0.413094,0.045618,0.540662,0.000209,0.000209
AGCCCGCAACAAGCAG-1,0.008868,0.955613,0.008884,0.008872,0.008882,0.008881
AGCCCGCACTACAATG-1,0.580424,0.402305,0.004313,0.004317,0.004317,0.004324
AGCCCGGCATTAGAGG-1,0.787399,0.139587,0.071414,0.000533,0.000534,0.000533
AGCCCGGTAGCCTGTA-1,0.004439,0.76601,0.004439,0.004438,0.004427,0.216247
AGCCCTAAGCGAAGTT-1,0.000181,0.908541,0.000181,0.038,0.016722,0.036376
AGCCCTCCCTGGTGGC-1,0.035709,0.440021,0.233633,0.17631,0.113885,0.000441
AGCCCTTCTAATCCGA-1,0.443188,0.24278,0.309744,0.001429,0.00143,0.001429
AGCCCTTGGACATCCC-1,0.101429,0.513949,0.378131,0.002163,0.002164,0.002164
AGCCGTGGCTAAATGT-1,0.405353,0.000127,0.445206,0.049567,0.09962,0.000127
AGCCTAATACCCACGT-1,0.486374,0.503432,0.002553,0.002547,0.002547,0.002547
AGCCTTAAAGCGGAAG-1,0.006742,0.992537,0.00018,0.00018,0.00018,0.00018
AGCGACAGGAACGGTC-1,0.17015,0.255591,0.169485,0.030607,0.372946,0.001221
AGCGACATCCCATTCA-1,0.000202,0.998994,0.000201,0.000201,0.000201,0.000201
AGCGACCAACGATATT-1,0.221633,0.014198,0.000088,0.000088,0.128683,0.635309
AGCGAGACGTGAAGGC-1,0.315741,0.425279,0.225986,0.032005,0.000494,0.000494
AGCGATGCGCCTAATA-1,0.073498,0.925581,0.00023,0.00023,0.00023,0.00023
AGCGCATAATGAATCG-1,0.224164,0.056747,0.001055,0.006448,0.323721,0.387864
AGCGCGGGTGCCAATG-1,0.484684,0.002326,0.385557,0.125993,0.00072,0.00072
AGCGGACACTTCGTAG-1,0.441049,0.308929,0.235974,0.004688,0.004678,0.004682
AGCGGCGGTTAGCGGT-1,0.215953,0.778475,0.001393,0.001394,0.001392,0.001394
AGCGGGAAGGGTCCAT-1,0.001293,0.835368,0.161729,0.000537,0.000537,0.000537
AGCGGGTCTGACACTC-1,0.003243,0.702663,0.003235,0.003235,0.003244,0.28438
AGCGGTTGCCGCTCTG-1,0.009109,0.990292,0.00015,0.00015,0.00015,0.00015
AGCTAACAAGCAATGT-1,0.000509,0.085565,0.000509,0.000509,0.757297,0.15561
AGCTAAGTACGCAGGC-1,0.002593,0.98707,0.002584,0.002584,0.002583,0.002586
AGCTAGAAGCAGAAGT-1,0.553056,0.304549,0.000981,0.139455,0.000979,0.00098
AGCTATTTAATCCAAC-1,0.043549,0.712083,0.139743,0.000125,0.104374,0.000125
AGCTCCATATATGTTC-1,0.000613,0.704782,0.203503,0.000613,0.000613,0.089876
AGCTCCTTCGCACATC-1,0.748892,0.176733,0.073926,0.00015,0.000149,0.00015
AGCTCGTTGATGGAAA-1,0.000119,0.617135,0.071147,0.311361,0.000119,0.000119
AGCTCTTCCCAGTGCA-1,0.146533,0.197666,0.001162,0.652317,0.001161,0.001162
AGCTGAAGTAAACCAA-1,0.741338,0.248306,0.002587,0.002587,0.002588,0.002593
AGCTGTAACCTCAATC-1,0.355123,0.527726,0.048581,0.001108,0.066352,0.001109
AGCTTCTTCTCGAGCA-1,0.000236,0.844627,0.106769,0.047895,0.000236,0.000236
AGGAACGAACGACTTC-1,0.001889,0.358536,0.563377,0.072415,0.001891,0.001891
AGGAAGCTGTCCGCCG-1,0.001131,0.447288,0.001134,0.037566,0.511751,0.00113
AGGACATCGCACGTCG-1,0.492502,0.494015,0.003373,0.003368,0.00337,0.003372
AGGACATCGGCACACT-1,0.205619,0.790463,0.00098,0.00098,0.000979,0.00098
AGGACGCTCGATGTTG-1,0.36428,0.000326,0.093487,0.518219,0.023363,0.000326
AGGACTTATAGGAGAA-1,0.427888,0.098237,0.13105,0.341774,0.000525,0.000525
AGGAGACATCCACAGT-1,0.000699,0.380408,0.295584,0.321913,0.000698,0.000698
AGGAGGCCTTCGCGCG-1,0.743759,0.067101,0.184999,0.001381,0.00138,0.001381
AGGATAAAGTCGGGAT-1,0.22675,0.180819,0.04581,0.025737,0.020828,0.500057
AGGATATCCGACTGCA-1,0.002132,0.846395,0.002134,0.002132,0.002135,0.145071
AGGATCACGCGATCTG-1,0.01405,0.528546,0.014111,0.01404,0.014047,0.415206
AGGCACGTGACTGTCC-1,0.001517,0.62524,0.001518,0.36869,0.001517,0.001517
AGGCAGATGCGTAAAC-1,0.000281,0.00028,0.466149,0.2837,0.249309,0.000281
AGGCAGGGAGCGTACT-1,0.393088,0.286613,0.10694,0.001667,0.001668,0.210023
AGGCCACCCGTTATGA-1,0.744269,0.25428,0.000363,0.000362,0.000363,0.000363
AGGCCCATTGTACAGG-1,0.351403,0.216219,0.00022,0.313428,0.00331,0.11542
AGGCCTGAGAATCTCG-1,0.23124,0.761014,0.001934,0.001935,0.001938,0.001939
AGGCGATAACTGGCGT-1,0.256978,0.415655,0.005501,0.321139,0.000267,0.000461
AGGCGGTTTGTCCCGC-1,0.151049,0.838759,0.002557,0.002544,0.002545,0.002546
AGGCGTCTATGGACGG-1,0.215343,0.783932,0.000181,0.000181,0.000181,0.000181
AGGCTATGGTTAGCTT-1,0.654226,0.000672,0.174062,0.000672,0.169698,0.000671
AGGCTTCCCGAAGAAG-1,0.431948,0.107806,0.151943,0.303033,0.002635,0.002635
AGGCTTGCTAGACACC-1,0.311266,0.679234,0.002376,0.002375,0.002375,0.002374
AGGGAAACGAGGTACT-1,0.117181,0.114159,0.289528,0.103493,0.000766,0.374873
AGGGACTCTACGCGAC-1,0.103075,0.011179,0.169751,0.036413,0.469071,0.210511
AGGGAGACATACTTCG-1,0.001048,0.590397,0.232176,0.058559,0.113413,0.004408
AGGGCCCTAATGTTCT-1,0.000481,0.889134,0.006502,0.10292,0.000481,0.000481
AGGGCGTGATCGGCTA-1,0.000159,0.943509,0.055854,0.000159,0.000159,0.000159
AGGGCTGCAGTTACAG-1,0.162688,0.190715,0.343092,0.000111,0.024041,0.279352
AGGGTCAGAGCACTCG-1,0.005441,0.611101,0.00543,0.005433,0.005443,0.367152
AGGGTCAGTAACCCTA-1,0.168042,0.831229,0.000182,0.000182,0.000182,0.000182
AGGGTCTGGACGCAGT-1,0.091135,0.907829,0.000259,0.000259,0.000259,0.000259
AGGGTGCCGTTCTTTA-1,0.003312,0.98345,0.003314,0.003303,0.003312,0.00331
AGGGTGCTCTCGAGGG-1,0.001477,0.560884,0.433204,0.00148,0.001477,0.001478
AGGGTGGATAGTGCAT-1,0.530957,0.119854,0.169758,0.104424,0.074776,0.000231
AGGGTTCAGACGGTCC-1,0.00044,0.463497,0.265459,0.186152,0.035742,0.048711
AGGGTTCCCTTTGGTT-1,0.002853,0.447638,0.540956,0.002853,0.002849,0.002851
AGGGTTTAGTTCGGGA-1,0.444004,0.166567,0.000326,0.000326,0.325665,0.063113
AGGTAACCTCCTATTC-1,0.052562,0.856033,0.001117,0.089811,0.000238,0.000238
AGGTACGATATTGCCA-1,0.000231,0.945767,0.000231,0.053309,0.000231,0.000231
AGGTAGATCGAGATAT-1,0.409551,0.270753,0.302971,0.001287,0.001288,0.01415
AGGTAGGTACAAAGCT-1,0.081533,0.07455,0.839277,0.000028,0.000487,0.004125
AGGTCAGGTGAGAGTG-1,0.000515,0.406204,0.325439,0.266811,0.000516,0.000516
AGGTCGCCTCCCAACA-1,0.000829,0.604841,0.052629,0.340043,0.000829,0.000829
AGGTCGCGGAGTTACT-1,0.501462,0.493229,0.001327,0.001327,0.001328,0.001326
AGGTGCACGTCCACAT-1,0.503095,0.48252,0.000162,0.013899,0.000162,0.000162
AGGTGGTGACCTTCGC-1,0.002956,0.473577,0.139151,0.378405,0.002956,0.002956
AGGTGTATCGCCATGA-1,0.363265,0.260836,0.353662,0.000141,0.013655,0.008441
AGGTGTTGCCGACCAC-1,0.294905,0.169572,0.244573,0.234227,0.000212,0.056511
AGGTTCTCCTTTCCGG-1,0.707691,0.277338,0.003742,0.003743,0.00374,0.003746
AGGTTGAGGCACGCTT-1,0.111137,0.000553,0.000552,0.000553,0.886653,0.000552
AGTAACTATAGCAGCC-1,0.482047,0.517392,0.00014,0.00014,0.00014,0.00014
AGTAATGTCTTGCCGC-1,0.065937,0.771814,0.000195,0.059906,0.101954,0.000195
AGTACAGAAGCTTATA-1,0.291809,0.551095,0.003443,0.146785,0.003431,0.003436
AGTACATCATTTATCA-1,0.000185,0.498832,0.249276,0.251335,0.000185,0.000185
AGTACCTTCGAGTGCT-1,0.558207,0.438657,0.000784,0.000784,0.000784,0.000784
AGTACGGGCACCTGGC-1,0.444825,0.537164,0.017559,0.000151,0.000151,0.000151
AGTACTCTTATGCCCA-1,0.159316,0.483733,0.351201,0.001918,0.001916,0.001916
AGTAGAAGGCGCCTCA-1,0.004812,0.97598,0.004798,0.004806,0.004797,0.004807
AGTAGGAAGGAAGTTG-1,0.00527,0.459314,0.005261,0.005265,0.005264,0.519625
AGTAGGTAACATACAT-1,0.18173,0.809031,0.00231,0.002309,0.00231,0.002309
AGTATAATACTAGGCA-1,0.004118,0.979418,0.004116,0.004111,0.004119,0.004119
AGTATACACAGCGACA-1,0.001958,0.990203,0.001961,0.001958,0.001961,0.001959
AGTATGCTGGAGACCA-1,0.002189,0.690678,0.002187,0.002189,0.002188,0.300568
AGTATTTGGCACGACC-1,0.300304,0.140018,0.000319,0.000319,0.045977,0.513064
AGTCAAATGATGTGAT-1,0.098364,0.661071,0.004442,0.22725,0.004435,0.004438
AGTCAAGATGACACTT-1,0.443606,0.251779,0.050155,0.113632,0.140518,0.000311
