Barcode,Topic 1to3,Topic 4,Topic 5to6
AAACAACGAATAGTTC-1,0.94496,0.05461,0.000431
AAACAAGTATCTCCCA-1,0.99175,0.002784,0.005466
AAACACCAATAACTGC-1,0.769531,0.229462,0.001007
AAACAGAGCGACTCCT-1,0.999639,0.000121,0.00024
AAACAGCTTTCAGAAG-1,0.842945,0.156757,0.000298
AAACAGGGTCTATATT-1,0.867885,0.130243,0.001873
AAACATTTCCCGGATT-1,0.782691,0.213433,0.003876
AAACCCGAACGAAATC-1,0.713917,0.285784,0.000299
AAACCGGAAATGTTAA-1,0.592222,0.404073,0.003704
AAACCGGGTAGGTACC-1,0.997665,0.000785,0.001551
AAACCGTTCGTCCAGG-1,0.998773,0.000412,0.000815
AAACCTAAGCAGCCGG-1,0.596059,0.398965,0.004976
AAACCTCATGAAGTTG-1,0.732901,0.267077,0.000022
AAACGAGACGGTTGAT-1,0.991489,0.00286,0.00565
AAACGGGCGTACGGGT-1,0.556719,0.438449,0.004831
AAACTCGGTTCGCAAT-1,0.763309,0.234695,0.001996
AAACTCGTGATATAAG-1,0.71829,0.278908,0.002801
AAACTGCTGGCTCCAA-1,0.525488,0.474346,0.000166
AAACTTGCAAACGTAT-1,0.722495,0.277358,0.000147
AAAGACTGGGCGCTTT-1,0.999818,0.000061,0.000121
AAAGGCTCTCGCGCCG-1,0.615169,0.38446,0.000371
AAAGGGCAGCTTGAAT-1,0.999594,0.000136,0.000269
AAAGTAGCATTGCTCA-1,0.341311,0.657711,0.000978
AAAGTCGACCCTCAGT-1,0.690031,0.309852,0.000117
AAAGTGCCATCAATTA-1,0.927289,0.072245,0.000466
AAAGTGTGATTTATCT-1,0.823717,0.174481,0.001802
AAAGTTGACTCCCGTA-1,0.763976,0.234459,0.001565
AAATAACCATACGGGA-1,0.949306,0.050389,0.000306
AAATAAGGTAGTGCCC-1,0.847359,0.152439,0.000203
AAATACCTATAAGCAT-1,0.887476,0.112192,0.000332
AAATAGCTTAGACTTT-1,0.914558,0.08503,0.000413
AAATAGGGTGCTATTG-1,0.894511,0.105133,0.000356
AAATCCGATACACGCC-1,0.796865,0.200998,0.002137
AAATCGTGTACCACAA-1,0.753291,0.246516,0.000192
AAATCTAGCCCTGCTA-1,0.308731,0.686574,0.004695
AAATGATTCGATCAGC-1,0.999533,0.000362,0.000105
AAATGCTCGTTACGTT-1,0.999455,0.000183,0.000362
AAATGGCATGTCTTGT-1,0.999742,0.000086,0.000171
AAATGGCCCGTGCCCT-1,0.891399,0.10827,0.000331
AAATGGTCAATGTGCC-1,0.911612,0.087885,0.000503
AAATTAATAAGCGCGA-1,0.782361,0.21749,0.00015
AAATTACACGACTCTG-1,0.871972,0.127021,0.001007
AAATTACCTATCGATG-1,0.998904,0.000368,0.000728
AAATTCCAGGTCCAAA-1,0.999749,0.000084,0.000167
AAATTGATAGTCCTTT-1,0.789606,0.209136,0.001258
AAATTGCGGCGGTTCT-1,0.962064,0.03776,0.000176
AAATTTGCGGGTGTGG-1,0.922634,0.076416,0.00095
AACAACTGGTAGTTGC-1,0.928234,0.071513,0.000253
AACAATTACTCTACGC-1,0.997492,0.000842,0.001667
AACACACGCTCGCCGC-1,0.988595,0.003829,0.007576
AACACGAGACGCGGCC-1,0.945529,0.054137,0.000333
AACACGCGGCCGCGAA-1,0.766102,0.233753,0.000145
AACAGCTGTGTGGCAA-1,0.88014,0.119116,0.000744
AACAGGAAATCGAATA-1,0.895134,0.103913,0.000952
AACAGGATGGGCCGCG-1,0.999666,0.000112,0.000222
AACAGGTAGTATGGAT-1,0.976052,0.008074,0.015874
AACATATCAACTGGTG-1,0.999384,0.000207,0.00041
AACATTGGTCAGCCGT-1,0.832267,0.167581,0.000151
AACCAAGACTTCTCTG-1,0.663421,0.336321,0.000258
AACCATGGGATCGCTA-1,0.999707,0.000098,0.000195
AACCCAGAGACGGAGA-1,0.999775,0.000075,0.000149
AACCCATCCCATGATC-1,0.771977,0.226182,0.001842
AACCCGAGCAGAATCG-1,0.740678,0.254193,0.005129
AACCCTACTGTCAATA-1,0.758966,0.240073,0.000961
AACCCTGGTGGAACCA-1,0.86847,0.131333,0.000197
AACCGAGCTTGGTCAT-1,0.870556,0.129346,0.000098
AACCGCTAAGGGATGC-1,0.754362,0.242401,0.003237
AACCTCGCTTTAGCCC-1,0.743122,0.256341,0.000537
AACCTGTCACGGAATT-1,0.895659,0.104194,0.000147
AACCTTTAAATACGGT-1,0.855045,0.144586,0.000368
AACCTTTACGACGTCT-1,0.832678,0.167103,0.000219
AACGATAATGCCGTAG-1,0.882401,0.117424,0.000176
AACGATATGTCAACTG-1,0.999464,0.00018,0.000356
AACGCATGATCTGGGT-1,0.9473,0.05247,0.000229
AACGCGAACGGCAACA-1,0.905691,0.094113,0.000196
AACGCTGTTGCTGAAA-1,0.750819,0.246331,0.002849
AACGGACGTACGTATA-1,0.677554,0.315501,0.006945
AACGGCCATCTCCGGT-1,0.991628,0.002816,0.005556
AACGTACTGTGGGTAC-1,0.998541,0.00049,0.000969
AACGTCAGACTAGTGG-1,0.999576,0.000142,0.000282
AACGTGCGAAAGTCTC-1,0.446033,0.553709,0.000258
AACGTTATCAGCACCT-1,0.99585,0.001395,0.002755
AACTACCCGTTTGTCA-1,0.66928,0.326089,0.00463
AACTCAAGTTAATTGC-1,0.724022,0.27559,0.000388
AACTCCAGAGCGTGTT-1,0.375583,0.624213,0.000203
AACTCCTAATCCCATG-1,0.999813,0.000063,0.000124
AACTCGATAAACACGT-1,0.506159,0.492353,0.001488
AACTCGATGGCGCAGT-1,0.917502,0.082314,0.000184
AACTCTCAATAGAGCG-1,0.867462,0.130802,0.001736
AACTCTCAGTGTGCTC-1,0.99913,0.000292,0.000578
AACTTCTGCGTCTATC-1,0.997999,0.000672,0.001328
AACTTGCCCGTATGCA-1,0.997779,0.000746,0.001475
AACTTGCGTTCTCGCG-1,0.999044,0.000321,0.000635
AACTTTACGGGAGCTT-1,0.889132,0.11072,0.000148
AAGAAGGATCAGTTAG-1,0.999579,0.000141,0.00028
AAGACATACGTGGTTT-1,0.909505,0.090146,0.000349
AAGACTAACCCGTTGT-1,0.805519,0.194317,0.000164
AAGACTGCAAGCTACT-1,0.551072,0.448839,0.000089
AAGAGATGAATCGGTA-1,0.999499,0.000168,0.000333
AAGAGCTCTTTATCGG-1,0.926929,0.07242,0.000651
AAGAGGATGTACGCGA-1,0.852474,0.146458,0.001068
AAGAGGCATGGATCGC-1,0.907354,0.092186,0.000459
AAGAGGCCCTTTGGAA-1,0.539165,0.45924,0.001595
AAGATGGCACCGGACC-1,0.947099,0.052283,0.000617
AAGATTGGCGGAACGT-1,0.996335,0.001231,0.002433
AAGCACCCTGCGTATC-1,0.741662,0.258186,0.000153
AAGCATACTCTCCTGA-1,0.563647,0.436279,0.000073
AAGCCGAAGCGGTTTA-1,0.818609,0.180601,0.00079
AAGCCGGAGAGCAGGA-1,0.990147,0.003316,0.006537
AAGCGCAGGGCTTTGA-1,0.747429,0.251253,0.001318
AAGCGTCCCTCATCGA-1,0.999109,0.000299,0.000592
AAGCTAGATCGAGTAA-1,0.966124,0.03362,0.000255
AAGCTCGTGCCAAGTC-1,0.827065,0.172738,0.000197
AAGCTCTTTCATGGTG-1,0.999328,0.000226,0.000446
AAGGATCGATCGCTTG-1,0.893313,0.106297,0.00039
AAGGATGAGGGACCTC-1,0.935882,0.062826,0.001292
AAGGCAGGCTGTCTCC-1,0.895453,0.104408,0.000139
AAGGCGCGTAAAGCTT-1,0.999688,0.000105,0.000208
AAGGCTGTGCTCATCG-1,0.936964,0.062836,0.0002
AAGGGACAGATTCTGT-1,0.998953,0.000351,0.000696
AAGGTATCCTAATATA-1,0.851459,0.148164,0.000377
AAGGTGATAAACCAGC-1,0.996389,0.001213,0.002398
AAGTAGTGACGCGAGG-1,0.998275,0.000579,0.001146
AAGTCAATTGTCGTCA-1,0.827805,0.166818,0.005377
AAGTCTTCTGTGGCCT-1,0.887318,0.111918,0.000765
AAGTGACGACCGAATT-1,0.764706,0.235104,0.00019
AAGTGCAAAGGTAGAC-1,0.99979,0.000071,0.00014
AAGTGCCTTGACTGTA-1,0.720905,0.278037,0.001058
AAGTGCGTTAGAATCT-1,0.996562,0.001155,0.002283
AAGTGTTTGGAGACGG-1,0.999248,0.000253,0.000499
AAGTTCACTCCAAGCT-1,0.820091,0.179534,0.000375
AAGTTCAGTCTGCGTA-1,0.966549,0.033241,0.000209
AAGTTCGGCCAACAGG-1,0.941704,0.056821,0.001475
AAGTTGTGATGTTATA-1,0.992927,0.002377,0.004695
AATAACAACGCTCGGC-1,0.957673,0.041518,0.000809
AATAACACTAGAACAA-1,0.874809,0.124511,0.00068
AATAAGTCCTCGAGAC-1,0.695669,0.304284,0.000048
AATAATCTTCGTATCG-1,0.724994,0.272381,0.002625
AATACAATGTTTCAGG-1,0.997214,0.000934,0.001852
AATAGAACAGAGTGGC-1,0.999157,0.000283,0.00056
AATAGAATCTGTTTCA-1,0.358309,0.641536,0.000155
AATAGCTACCGCGTGC-1,0.625343,0.374484,0.000173
AATAGTCGCGAGTCGG-1,0.999613,0.00013,0.000257
AATATCCTAGCAAACT-1,0.727738,0.270753,0.001508
AATATCGAATCAATGC-1,0.992608,0.00249,0.004902
AATATCGAGGGTTCTC-1,0.973169,0.026475,0.000356
AATATTGGAGTATTGA-1,0.874015,0.12424,0.001745
AATCAGACTGCAGGAC-1,0.999506,0.000166,0.000328
AATCATGTAAAGACTC-1,0.758127,0.238604,0.003268
AATCCATGCAAGGGTG-1,0.939696,0.060107,0.000197
AATCGCCTCAGCGCCA-1,0.959923,0.039563,0.000514
AATCGCGCAGAGGACT-1,0.91759,0.081951,0.000459
AATCGTGAGCCGAGCA-1,0.855482,0.141669,0.002849
AATCTAGGTTTACTTG-1,0.884597,0.114758,0.000645
AATCTATGCCGGAGCC-1,0.842724,0.156749,0.000527
AATCTCTACTGTGGTT-1,0.825653,0.173971,0.000376
AATCTGCGTTGGGACG-1,0.998941,0.000356,0.000703
AATCTGGCTTTCTAGT-1,0.891686,0.10779,0.000524
AATGACAGCAATGTCT-1,0.99595,0.001361,0.002689
AATGACGTAGGATGTC-1,0.904943,0.094681,0.000376
AATGAGTTCGCATATG-1,0.998916,0.000364,0.00072
AATGATGATACGCTAT-1,0.998895,0.000371,0.000734
AATGATGCGACTCCTG-1,0.999657,0.000115,0.000228
AATGCACCAAGCAATG-1,0.999472,0.000177,0.000351
AATGGTCCACCGTTCA-1,0.99887,0.000379,0.000751
AATGGTTCTCACAAGC-1,0.999707,0.000098,0.000194
AATGTGCCCGAGGTGT-1,0.99721,0.000938,0.001852
AATGTTGTCGTGAGAC-1,0.998859,0.000383,0.000758
AATTAAAGGTCGGCGT-1,0.999126,0.000293,0.000581
AATTACTCGTACGCTC-1,0.920443,0.077549,0.002008
AATTCATAAGGGATCT-1,0.999046,0.00032,0.000634
AATTCCAACTTGGTGA-1,0.774018,0.225669,0.000313
AATTCGATTCGAGGAT-1,0.59314,0.405665,0.001195
AATTGAACGCTCTGGT-1,0.772459,0.227134,0.000407
AATTGCAGCAATCGAC-1,0.822073,0.16999,0.007938
AATTGTGGTTGCCAAA-1,0.864154,0.135683,0.000163
AATTTGGGACATAGTA-1,0.907166,0.092639,0.000195
AATTTGGTTCCAAAGA-1,0.810681,0.187953,0.001366
ACAAAGAAGGTAGGCC-1,0.606824,0.392929,0.000248
ACAAAGCATGACCTAG-1,0.513658,0.483654,0.002688
ACAAATCGCACCGAAT-1,0.822265,0.177448,0.000286
ACAAATGGTAGTGTTT-1,0.899597,0.099878,0.000525
ACAACAGCATGAGCTA-1,0.905225,0.094358,0.000417
ACAACGGTCCCTGCGA-1,0.728002,0.27194,0.000058
ACAAGCAGTGCCTAGC-1,0.523628,0.475707,0.000665
ACAAGCTATATGGAAG-1,0.70616,0.291236,0.002604
ACAAGGAAATCCGCCC-1,0.844234,0.155402,0.000364
ACAAGGACAAGAGGTT-1,0.932829,0.067021,0.00015
ACAAGGATGCTTTAGG-1,0.999449,0.000185,0.000366
ACAAGGGCAGGCTCTG-1,0.706658,0.293124,0.000217
ACAATAGTCGTACGTT-1,0.278399,0.721538,0.000063
ACAATCCATTTAAACC-1,0.979428,0.019904,0.000668
ACAATGAATACGGAGA-1,0.937087,0.061817,0.001097
ACAATTGTGTCTCTTT-1,0.328896,0.670966,0.000138
ACAATTTAGGAGGCTC-1,0.814532,0.185295,0.000172
ACAATTTGAGCAGTGG-1,0.859321,0.136934,0.003746
ACAATTTGGCCATATT-1,0.915737,0.084087,0.000176
ACACACCAGGACCAGT-1,0.450299,0.548955,0.000746
ACACATTGACGCAACA-1,0.895878,0.103496,0.000627
ACACCACATAATTAGC-1,0.861721,0.138147,0.000132
ACACCCGAGAAATCCG-1,0.999735,0.000089,0.000176
ACACCGAGCGCTCTTT-1,0.994718,0.001773,0.003509
ACACCTTAAGTAGGGC-1,0.938732,0.061055,0.000213
ACACCTTACTACTTGC-1,0.866241,0.133567,0.000192
ACACGAGACTCCTTCT-1,0.836737,0.162987,0.000275
ACACGGCACTATGCAT-1,0.805868,0.193975,0.000157
ACACGGGAACTTAGGG-1,0.879895,0.119708,0.000397
ACACGTAGGCCACAAG-1,0.776848,0.218585,0.004567
ACACTCCAATGTCACT-1,0.997656,0.000786,0.001558
ACACTGATCAAGGTGT-1,0.904851,0.092439,0.00271
ACACTGGGACAGTCGT-1,0.817946,0.177989,0.004066
ACAGAACTGAGAACAA-1,0.740121,0.259022,0.000857
ACAGCGACATTCTCAT-1,0.608759,0.389347,0.001894
ACAGCGCACCCGCAGC-1,0.857486,0.141572,0.000942
ACAGGAGGCGCAGCCG-1,0.999732,0.00009,0.000178
ACAGGCTTGCCCGACT-1,0.99872,0.000429,0.00085
ACAGGTGGAGGTGAGG-1,0.997539,0.000827,0.001634
ACAGTAATACAACTTG-1,0.92245,0.076428,0.001122
ACATCAGCTGGGACGC-1,0.999839,0.000054,0.000107
ACATCCTGGTAACTGT-1,0.990524,0.003186,0.00629
ACATCGGTCAGCCGCG-1,0.487859,0.511603,0.000538
ACATCGTATGCAATGG-1,0.328822,0.670993,0.000184
ACATCGTTAACCTAGT-1,0.851874,0.147904,0.000221
ACATCTCAACGCGTAA-1,0.551784,0.447966,0.00025
ACATGGCGCCAAAGTA-1,0.996977,0.001015,0.002008
ACATGGCTCAATTTAG-1,0.999358,0.000216,0.000426
ACCAACACCACACACT-1,0.923143,0.076706,0.000151
ACCAACCGCACTCCAC-1,0.463932,0.531794,0.004274
ACCAACGCTTATTTAT-1,0.9979,0.000705,0.001395
ACCAATATGCAAGTTA-1,0.743532,0.256196,0.000272
ACCACCAATGTAACAA-1,0.847618,0.15187,0.000512
ACCACGTGCAGCTATA-1,0.814903,0.184706,0.000391
ACCACTGTTCAAGAAG-1,0.523188,0.475872,0.000939
ACCAGACCATAACAAC-1,0.87842,0.121192,0.000388
ACCAGCCCGGTCTTTG-1,0.693164,0.306422,0.000414
ACCAGTGCGGGAGACG-1,0.740104,0.259322,0.000574
ACCATCCGCCAACTAG-1,0.778178,0.221592,0.00023
ACCATCGTATATGGTA-1,0.952075,0.04754,0.000385
ACCATTAAGGGTGTCA-1,0.576313,0.423134,0.000553
ACCCAACGCCCGTGGC-1,0.435743,0.555923,0.008334
ACCCACCTACATGCTC-1,0.999568,0.000145,0.000287
ACCCATCTTGAGGGTA-1,0.665494,0.333777,0.000729
ACCCATTTGTCCCTCT-1,0.684647,0.312429,0.002924
ACCCGGAGCACCACAA-1,0.729281,0.257384,0.013335
ACCCGGATGACGCATC-1,0.996632,0.001131,0.002237
ACCCGGTTACACTTCC-1,0.951939,0.047471,0.00059
ACCCGTAGTCTAGTTG-1,0.811797,0.187993,0.00021
ACCCGTGTCATCAGTA-1,0.697823,0.302092,0.000085
ACCCTATAGGACTGAG-1,0.999114,0.000297,0.000589
ACCCTATGCCATATCG-1,0.998761,0.000416,0.000823
ACCCTCCCTTGCTATT-1,0.654067,0.34561,0.000323
ACCGAAGAGTCTGGTT-1,0.734235,0.264829,0.000936
ACCGACTGAGTCCCAC-1,0.930824,0.068026,0.00115
ACCGATAGGCATAACC-1,0.912085,0.086826,0.001089
ACCGATATTTAATCAT-1,0.849965,0.147004,0.003031
ACCGATGGTAGCATCG-1,0.964115,0.012073,0.023812
ACCGCAATAACTGCCT-1,0.784803,0.21491,0.000287
ACCGCGGTGGAAGTCG-1,0.995563,0.001487,0.00295
ACCGGGCCTTTGTTGA-1,0.499202,0.500066,0.000733
ACCTAAGTACCTTTCA-1,0.889165,0.107777,0.003058
ACCTAATCGACTTCCT-1,0.997302,0.000906,0.001792
ACCTACAGTATGTGGT-1,0.546958,0.45296,0.000081
ACCTCCGCCCTCGCTG-1,0.526872,0.470418,0.00271
ACCTCCGTTATTCACC-1,0.99969,0.000104,0.000206
ACCTGCGTGTCATGTT-1,0.742862,0.2568,0.000338
ACGAAATGGGCGGCAC-1,0.951144,0.048196,0.00066
ACGACCCATGAGTTGC-1,0.987453,0.004213,0.008334
ACGAGAACCCATCACG-1,0.856172,0.143659,0.000169
ACGAGATATTTGCTTA-1,0.655852,0.343654,0.000494
ACGAGGATACCACTCT-1,0.844549,0.155169,0.000282
ACGAGGTTTACAACGT-1,0.620967,0.378531,0.000502
ACGAGTACGGATGCCC-1,0.94888,0.050666,0.000454
ACGAGTCGCCGGCGTT-1,0.776029,0.223551,0.00042
ACGATACATAGAACTA-1,0.880568,0.119151,0.000281
ACGATCATCTTGTAAA-1,0.999225,0.00026,0.000514
ACGATGCATATGTTAT-1,0.902119,0.097242,0.000639
ACGATGGATCCGATGC-1,0.999714,0.000096,0.00019
ACGCAATCACTACAGC-1,0.999018,0.00033,0.000652
ACGCATACGTTTACTA-1,0.716758,0.275995,0.007248
ACGCCAGATGATTTCT-1,0.999689,0.000104,0.000207
ACGCCCAGCTGTCGAT-1,0.851796,0.148003,0.0002
ACGCCGCTAGACGACC-1,0.952261,0.047293,0.000446
ACGCCTGACACGCGCT-1,0.76258,0.236939,0.000481
ACGCGCTACACAGGGT-1,0.898302,0.099351,0.002348
ACGCGTTTCTTAAGAG-1,0.516303,0.483639,0.000058
ACGCTAGTGATACACT-1,0.999413,0.000197,0.00039
ACGCTGTGAGGCGTAG-1,0.818561,0.181125,0.000314
ACGGAATTTAGCAAAT-1,0.951882,0.047943,0.000175
ACGGACTCTCAAAGCG-1,0.926743,0.073039,0.000218
ACGGAGCGCAAATTAC-1,0.999732,0.00009,0.000178
ACGGATGGTGCGGATA-1,0.999146,0.000287,0.000567
ACGGCCAACATGGACT-1,0.997491,0.000843,0.001667
ACGGCGACGATGGGAA-1,0.858756,0.140946,0.000298
ACGGCGGGTTGCCCTG-1,0.797282,0.202526,0.000192
ACGGGAGTGTCGGCCC-1,0.997271,0.000917,0.001812
ACGGGTCATGTGACTT-1,0.654678,0.343897,0.001425
ACGTAGATTGCTGATG-1,0.966754,0.033033,0.000213
ACGTATTACTCCGATC-1,0.396149,0.602389,0.001462
ACGTCTCGTTCCGGGA-1,0.717065,0.282435,0.000501
ACGTGACAAAGTAAGT-1,0.873114,0.126511,0.000375
ACGTTAATGTCGAAGA-1,0.87465,0.125006,0.000344
ACGTTAGATTTGCCCG-1,0.674371,0.325116,0.000513
ACGTTATTGGTCACTC-1,0.993395,0.002218,0.004387
ACGTTCGCAATCAATT-1,0.958189,0.041588,0.000223
ACGTTCGTTCAGGAAA-1,0.966417,0.032773,0.000809
ACGTTCTGTACAAGTC-1,0.830926,0.167992,0.001082
ACGTTTAGTTGTGATC-1,0.999358,0.000215,0.000426
ACTACCAGCTCTCTGG-1,0.999382,0.000207,0.000411
ACTAGTTGCGATCGTC-1,0.62506,0.373858,0.001082
ACTATCCAGGGCATGG-1,0.999435,0.00019,0.000375
ACTATCGCCGGCTAAA-1,0.852768,0.14659,0.000642
ACTATCTGCCCGCGTA-1,0.423944,0.575282,0.000773
ACTATTCGTCCGTGGT-1,0.897465,0.102,0.000535
ACTATTTCCGGGCCCA-1,0.8781,0.121226,0.000673
ACTCAACGAATGTATT-1,0.818643,0.181205,0.000152
ACTCAAGTGCAAGGCT-1,0.999521,0.000161,0.000318
ACTCAATAAAGGCACG-1,0.999809,0.000064,0.000127
ACTCCCATTCCTAAAG-1,0.904591,0.09507,0.000338
ACTCCCGAATTCGTTT-1,0.696699,0.303098,0.000202
ACTCCCTAATGCTAAA-1,0.836213,0.163228,0.000559
ACTCCCTAGAATAGTA-1,0.89451,0.105216,0.000274
ACTCGATGTATTTCAT-1,0.881545,0.117945,0.00051
ACTCGCCGTTCGATAA-1,0.997575,0.000815,0.00161
ACTCGTAACCCGTCCT-1,0.996337,0.001229,0.002433
ACTCGTCAGTAATCCC-1,0.848167,0.151192,0.000641
ACTCTCTGACTTAGGT-1,0.722581,0.277082,0.000336
ACTCTTGTATAGTAAC-1,0.899156,0.100656,0.000188
ACTGAAACGCCGTTAG-1,0.303862,0.696016,0.000122
ACTGAATGGCGAAAGT-1,0.774814,0.224838,0.000348
ACTGCCGTCGTAACTC-1,0.99979,0.00007,0.000139
ACTGCGGACACACCGT-1,0.908818,0.09098,0.000202
ACTGCTCGGAAGGATG-1,0.805883,0.193172,0.000944
ACTGTACGATACACAT-1,0.995312,0.001572,0.003116
ACTGTAGCACTTTGGA-1,0.899467,0.100309,0.000224
ACTGTATACGCGAGCA-1,0.881388,0.118426,0.000186
ACTGTGCTAGTAGATC-1,0.999707,0.000098,0.000195
ACTTACCGGGCGCGCA-1,0.998054,0.000654,0.001292
ACTTACGCATCCACGC-1,0.567015,0.432685,0.0003
ACTTAGTACGACAAGA-1,0.999668,0.000112,0.000221
ACTTATACTTACCCGG-1,0.998497,0.000505,0.000998
ACTTATTAGGATCGGT-1,0.779848,0.219838,0.000313
ACTTATTTATGTGCCA-1,0.429827,0.569598,0.000575
ACTTCAGGCTGATCCC-1,0.778234,0.22148,0.000286
ACTTCCATGCGGGACA-1,0.85387,0.145342,0.000788
ACTTCGCCATACGCAC-1,0.889053,0.110222,0.000725
ACTTGACTCCCTCTTT-1,0.968203,0.031291,0.000506
ACTTGTAGTCCCTTCA-1,0.819566,0.180036,0.000397
ACTTGTGGATGGAACG-1,0.503512,0.49422,0.002268
ACTTTACCCTCATGAA-1,0.978491,0.021307,0.000202
ACTTTGACTGCATCCT-1,0.560935,0.438771,0.000294
ACTTTGTCGACGCACT-1,0.790727,0.205906,0.003367
AGAAATTATGACTCGC-1,0.762491,0.230972,0.006537
AGAACCCAGCGTGACA-1,0.877746,0.122144,0.00011
AGAACGTGGTACATTC-1,0.699217,0.300476,0.000307
AGAAGAGCGCCGTTCC-1,0.993564,0.002162,0.004274
AGAAGGTACACTTCAC-1,0.997836,0.000727,0.001437
AGAAGGTTGCCGAATT-1,0.997196,0.000942,0.001862
AGAAGGTTGTAGGTCG-1,0.999676,0.000109,0.000215
AGAAGTGATTCGTGAT-1,0.883727,0.112972,0.003301
AGAATAAATCTTCAGG-1,0.867624,0.132146,0.00023
AGAATTATGGATTCGA-1,0.998923,0.000362,0.000715
AGAATTGTTTGACATA-1,0.999494,0.00017,0.000336
AGACAGCTCAGAATCC-1,0.999384,0.000207,0.00041
AGACAGGCATCTCAGC-1,0.988334,0.003913,0.007753
AGACCAAACCACACCT-1,0.928349,0.069593,0.002058
AGACCATGGGATACAA-1,0.999766,0.000078,0.000155
AGACCGCTCCGCGGTT-1,0.322319,0.67305,0.00463
AGACCGGGAAACCCTG-1,0.993898,0.005949,0.000153
AGACGAAGTGCCGGTC-1,0.990337,0.003252,0.006411
AGACGACGATGCCGCT-1,0.915523,0.083664,0.000813
AGACGCCCACTTCGCC-1,0.997926,0.000696,0.001378
AGACTAGCCTTCCAGA-1,0.999643,0.00012,0.000237
AGAGAACCGTCTAGGA-1,0.998253,0.000586,0.001162
AGAGAAGGAGTACAAT-1,0.949818,0.04965,0.000532
AGAGATCTCTAAAGCG-1,0.923988,0.075555,0.000457
AGAGCAGTTATGAGAC-1,0.999683,0.000106,0.00021
AGAGCCGCCGAGATTT-1,0.993723,0.00211,0.004167
AGAGCGTACAAGCTCG-1,0.99937,0.000212,0.000419
AGAGCTACGAAAGCAT-1,0.999376,0.00021,0.000415
AGAGGCTTCGGAAACC-1,0.909698,0.089462,0.00084
AGAGTAAACTTCACTA-1,0.530704,0.468823,0.000473
AGATAACTTCAGGGCC-1,0.864206,0.135598,0.000196
AGATACCAATAGAACC-1,0.994426,0.00187,0.003704
AGATACCGGTGTTCAC-1,0.870354,0.128959,0.000687
AGATACGACTTCATAT-1,0.999609,0.000131,0.000259
AGATACTCAAGATCGA-1,0.662873,0.336881,0.000245
AGATATAATACGACTA-1,0.99984,0.000054,0.000106
AGATCGTGCATAAGAT-1,0.999379,0.000208,0.000413
AGATCTCAGGTGTGAT-1,0.39711,0.602581,0.000309
AGATGAGGGTTGCGAT-1,0.999521,0.000161,0.000318
AGATGATGGAGTCTGG-1,0.860485,0.1392,0.000315
AGATGCAAGACGTGCA-1,0.851356,0.148012,0.000631
AGATGCATCCTGTGTC-1,0.762203,0.237372,0.000425
AGATGCTATAACGAGC-1,0.816614,0.182425,0.000961
AGATTCACAACCGATA-1,0.974271,0.024164,0.001565
AGCAAAGGCCGCTAGT-1,0.99964,0.000121,0.000239
AGCAACATATCTTATT-1,0.722285,0.275477,0.002237
AGCAACCGAAAGTAAT-1,0.952659,0.045805,0.001536
AGCACTACCGGCCTGT-1,0.89783,0.101365,0.000805
AGCACTACCTCACCAG-1,0.864861,0.134792,0.000347
AGCACTTAAGGACGCC-1,0.999669,0.000111,0.00022
AGCATATCAATATGCT-1,0.848236,0.147197,0.004567
AGCATCATTTCGAAAG-1,0.787391,0.212027,0.000582
AGCATTACGAGGCAAG-1,0.993215,0.00228,0.004505
AGCCACAGGTTACCCG-1,0.748293,0.250621,0.001086
AGCCACTCCCGTGCTT-1,0.529804,0.469862,0.000334
AGCCCATACATGTAAG-1,0.890781,0.108024,0.001195
AGCCCTGTCGCACCGT-1,0.917044,0.082797,0.000158
AGCCCTTCTAATCCGA-1,0.852427,0.147315,0.000257
AGCCCTTGGACATCCC-1,0.297133,0.702708,0.000159
AGCCGCAAATTCAAAT-1,0.771941,0.227416,0.000642
AGCCGCTTGATTAGCG-1,0.999277,0.000243,0.00048
AGCCGTGGCTAAATGT-1,0.64979,0.34876,0.001449
AGCCTAATACCCACGT-1,0.666139,0.333297,0.000564
AGCCTTAAAGCGGAAG-1,0.994162,0.001961,0.003876
AGCGACAGGAACGGTC-1,0.996921,0.001033,0.002045
AGCGATGCGCCTAATA-1,0.989954,0.003379,0.006668
AGCGCATAATGAATCG-1,0.654006,0.345718,0.000276
AGCGCGGGTGCCAATG-1,0.998223,0.000595,0.001182
AGCGCTAGAGCGATGT-1,0.942384,0.057062,0.000554
AGCGGCGGTTAGCGGT-1,0.659523,0.337989,0.002488
AGCGGGAAGGGTCCAT-1,0.875491,0.124271,0.000239
AGCGTACGAGAGCTAG-1,0.999669,0.000111,0.00022
AGCGTAGCGCTAGACC-1,0.896384,0.103448,0.000168
AGCGTCTGAACCCGCA-1,0.663798,0.336054,0.000148
AGCGTGGTATTCTACT-1,0.776483,0.223187,0.00033
AGCTAAGTACGCAGGC-1,0.996518,0.001167,0.002315
AGCTAGAAGCAGAAGT-1,0.999519,0.000162,0.000319
AGCTATTTAATCCAAC-1,0.539484,0.460322,0.000194
AGCTCCATATATGTTC-1,0.989084,0.003668,0.007248
AGCTCCTTCGCACATC-1,0.858724,0.140778,0.000498
AGCTCTAGACGTTCCA-1,0.89003,0.109697,0.000273
AGCTCTTCCCAGTGCA-1,0.999112,0.000298,0.00059
AGCTCTTCGTAACCTT-1,0.773105,0.22664,0.000255
AGCTCTTTACTCAGTT-1,0.99781,0.000735,0.001456
AGCTGAAGTAAACCAA-1,0.866333,0.132459,0.001208
AGCTGTAACCTCAATC-1,0.995079,0.001653,0.003268
AGCTTCTTCTCGAGCA-1,0.996197,0.001278,0.002526
AGCTTGATCTTAACTT-1,0.521931,0.477769,0.0003
AGGAAAGCCTCTGATG-1,0.927224,0.06966,0.003116
AGGAACGAACGACTTC-1,0.842574,0.157129,0.000297
AGGACAGTCGAATCCC-1,0.58339,0.416211,0.0004
AGGACATCGCACGTCG-1,0.999435,0.00019,0.000375
AGGACATCGGCACACT-1,0.983875,0.015338,0.000786
AGGACGACCCATTAGA-1,0.912407,0.087208,0.000385
AGGACGCTCGATGTTG-1,0.928415,0.070803,0.000783
AGGACTTATAGGAGAA-1,0.586254,0.413213,0.000533
AGGAGGCCTTCGCGCG-1,0.70812,0.287184,0.004695
AGGATATAGGGATTTA-1,0.993562,0.002164,0.004274
AGGATCACGCGATCTG-1,0.869525,0.130097,0.000378
AGGCAATACGGAGGAC-1,0.999855,0.000049,0.000096
AGGCACGTGACTGTCC-1,0.874994,0.117253,0.007753
AGGCAGATGCGTAAAC-1,0.991198,0.002953,0.005849
AGGCAGGGAGCGTACT-1,0.897169,0.10253,0.000301
AGGCATTGTCGTAGGG-1,0.989756,0.00344,0.006804
AGGCCACCCGTTATGA-1,0.999664,0.000113,0.000223
AGGCCCAGTGACTGGT-1,0.998776,0.000411,0.000813
AGGCCCTAGAACGCCA-1,0.885844,0.113569,0.000587
AGGCCTGAGAATCTCG-1,0.921042,0.07867,0.000289
AGGCGATAACTGGCGT-1,0.994232,0.001936,0.003832
AGGCTATGGTTAGCTT-1,0.999534,0.000157,0.00031
AGGCTTCCCGAAGAAG-1,0.997708,0.00077,0.001522
AGGCTTGCTAGACACC-1,0.993402,0.002211,0.004386
AGGGAAACGAGGTACT-1,0.99965,0.000118,0.000233
AGGGACCGGCTGCGTT-1,0.999626,0.000126,0.000248
AGGGACTCTACGCGAC-1,0.997818,0.000733,0.001449
AGGGAGACATACTTCG-1,0.643816,0.353659,0.002526
AGGGCAGCGGCGTGGT-1,0.835986,0.163903,0.00011
AGGGCCCTAATGTTCT-1,0.795341,0.199009,0.00565
AGGGCGAGCAGCTGAT-1,0.739661,0.26021,0.000128
AGGGCGTGATCGGCTA-1,0.737443,0.262293,0.000264
AGGGTCGATGCGAACT-1,0.997817,0.000733,0.001449
AGGGTCTGGACGCAGT-1,0.876499,0.123142,0.000359
AGGGTGCTCTCGAGGG-1,0.999023,0.000328,0.000649
AGGGTGGATAGTGCAT-1,0.756643,0.243228,0.000129
AGGGTTCCCTTTGGTT-1,0.992394,0.002554,0.005051
AGGTAACCTCCTATTC-1,0.898602,0.101233,0.000165
AGGTACGATATTGCCA-1,0.89273,0.106928,0.000342
AGGTAGGTACAAAGCT-1,0.712463,0.286865,0.000672
AGGTATAATTGATAGT-1,0.999554,0.00015,0.000296
AGGTCAGGTGAGAGTG-1,0.778375,0.221401,0.000224
AGGTCGCCACTTCGGT-1,0.656462,0.34293,0.000608
AGGTCGCCTCCCAACA-1,0.996783,0.00108,0.002137
AGGTCGCGGAGTTACT-1,0.999586,0.000139,0.000275
AGGTGTATCGCCATGA-1,0.826358,0.173487,0.000155
AGGTGTTGCCGACCAC-1,0.993303,0.002252,0.004445
AGGTTACACCATGCCG-1,0.982479,0.017241,0.000279
AGGTTGAGGCACGCTT-1,0.494245,0.505496,0.000259
AGGTTTCACACACCTT-1,0.92172,0.077674,0.000606
AGTACATCATTTATCA-1,0.999571,0.000144,0.000285
AGTACGGCCCGTATCG-1,0.849183,0.150617,0.000201
AGTACGGGCACCTGGC-1,0.741948,0.257706,0.000345
AGTACTCTTATGCCCA-1,0.990943,0.008558,0.0005
AGTAGGAAGGAAGTTG-1,0.999129,0.000293,0.000579
AGTATAATACTAGGCA-1,0.999731,0.00009,0.000179
AGTATCCATAATAACG-1,0.868921,0.130887,0.000192
AGTATGCTGGAGACCA-1,0.895987,0.103626,0.000387
AGTATTTGGCACGACC-1,0.460691,0.539155,0.000153
AGTCAACACCACCATC-1,0.998838,0.00039,0.000772
AGTCAAGATGACACTT-1,0.487277,0.511405,0.001318
AGTCACTAGCTCTCGA-1,0.700737,0.295717,0.003546
AGTCACTCCGCCTCAT-1,0.779502,0.220294,0.000204
AGTCAGCCACCGCCTG-1,0.771519,0.228333,0.000148
AGTCCAGCGGGTACGT-1,0.999651,0.000117,0.000232
AGTCCATTGGCTGATG-1,0.996283,0.001247,0.002469
AGTCCCGCCTTTAATT-1,0.999606,0.000132,0.000262
AGTCGACGGTCTCAAG-1,0.85208,0.146068,0.001852
AGTCGGCCCAAACGAC-1,0.997481,0.002324,0.000195
AGTCGGCTCAACTTTA-1,0.900727,0.097848,0.001425
AGTCGGTTGCGTGAGA-1,0.971203,0.028463,0.000334
AGTCGTATAAAGCAGA-1,0.998507,0.000501,0.000992
AGTCGTCGACCACCAA-1,0.703634,0.29612,0.000246
AGTCGTGGGCATTACG-1,0.860119,0.137007,0.002874
AGTCTAAAGTATACTC-1,0.714199,0.285359,0.000442
AGTCTCACAAGACTAC-1,0.731822,0.266133,0.002045
AGTCTGGACATCCTTG-1,0.894346,0.105283,0.000371
AGTCTTCTCCTCAAAT-1,0.833706,0.165069,0.001226
AGTCTTTAAAGTGTCC-1,0.606581,0.38821,0.005209
AGTGAACAAACTTCTC-1,0.781288,0.213661,0.005051
AGTGACCTACTTTACG-1,0.851728,0.147652,0.00062
AGTGAGACTTCCAGTA-1,0.842388,0.151551,0.006061
AGTGAGCCTCGCCGCC-1,0.999454,0.000183,0.000363
AGTGAGTCGAATTAAC-1,0.699997,0.298229,0.001773
AGTGATAACCTGCGCG-1,0.726173,0.273606,0.000221
AGTGATATGAGTAGTT-1,0.998872,0.000378,0.000749
AGTGATTCAAGCAGGA-1,0.592191,0.404021,0.003788
AGTGCACGCTTAAGAA-1,0.712547,0.287139,0.000314
AGTGCGTAGCTCGTAA-1,0.939691,0.059566,0.000742
AGTGCTAAACACAGCA-1,0.633322,0.366405,0.000273
AGTGCTTGCACGAATA-1,0.993559,0.002167,0.004274
AGTGGCGGCAATTTGA-1,0.999054,0.000317,0.000629
AGTGGCGTCTGAAGGT-1,0.994723,0.001768,0.003509
AGTGGCTCCGTCGGCC-1,0.29337,0.706486,0.000143
AGTGGGAGTATACACG-1,0.897539,0.102387,0.000074
AGTGGTGTTACCCGTG-1,0.776433,0.222166,0.001401
AGTGGTTGCGTATAGG-1,0.900143,0.099443,0.000415
AGTGTATTGCGCATTG-1,0.900186,0.099541,0.000273
AGTGTGCTAAGATCGC-1,0.994771,0.001756,0.003473
AGTGTGGTCTATTGTG-1,0.998966,0.000347,0.000687
AGTTAAACACTTGCGA-1,0.952418,0.047134,0.000447
AGTTAAGCGGTCCCGG-1,0.925075,0.074606,0.000319
AGTTAAGTCAACCGCT-1,0.830523,0.168598,0.00088
AGTTACCCTTAAGACT-1,0.711656,0.287737,0.000607
AGTTACCGCACATGGT-1,0.999728,0.000091,0.000181
AGTTACTCTATCGTGG-1,0.820581,0.179166,0.000253
AGTTATTGAAAGGTAA-1,0.874256,0.12514,0.000604
AGTTCACCGGTTGGAC-1,0.851617,0.145297,0.003087
AGTTCTGCGTTGTATC-1,0.998926,0.00036,0.000714
AGTTGACATCGGCTGG-1,0.99959,0.000138,0.000272
AGTTGCTGACTGATAT-1,0.998365,0.000549,0.001086
AGTTGGCAAGGCTAGA-1,0.858334,0.141343,0.000322
AGTTTGCACCTGCCTC-1,0.951579,0.048135,0.000287
AGTTTGGCACGGGTTG-1,0.765637,0.232032,0.002331
AGTTTGGCCAGACCTA-1,0.617457,0.381374,0.00117
ATAAACGTTGCACCAC-1,0.723124,0.272954,0.003922
ATAAAGGCTCGGTCGT-1,0.941724,0.05806,0.000216
ATAAATATTAGCAGCT-1,0.998822,0.000395,0.000783
ATAACGCCGGAGGGTC-1,0.997047,0.000992,0.001961
ATAACGGAGTCCAACG-1,0.54001,0.455014,0.004976
ATAAGGTGGAGAACAT-1,0.591076,0.408739,0.000185
ATAAGTAGGATTCAGA-1,0.999586,0.000139,0.000275
ATAAGTAGGGCGACTC-1,0.999631,0.000124,0.000245
ATAAGTTACCGCGACG-1,0.99416,0.001964,0.003876
ATAATACCGTTAGCCG-1,0.998669,0.000446,0.000884
ATAATAGTGTAGGGAC-1,0.999669,0.000111,0.00022
ATAATCTTGGAGAACC-1,0.71361,0.286298,0.000092
ATACAGGCCCTCCAAT-1,0.999604,0.000133,0.000263
ATACCACGGGCAACTT-1,0.995916,0.001374,0.00271
ATACCCTGGCTCAAAT-1,0.954608,0.045263,0.000129
ATACGCCGGCGAAACC-1,0.754219,0.245606,0.000174
ATACGGAACGTCGTTT-1,0.748811,0.24984,0.00135
ATACGGGTTTCGATTG-1,0.942529,0.056829,0.000642
ATACGGTGAAGATGCA-1,0.915841,0.084014,0.000145
ATACGTACTTAGCCAC-1,0.913321,0.08626,0.000419
ATACGTCCACTCCTGT-1,0.417541,0.581652,0.000807
ATACTACCCGTACCAC-1,0.800022,0.187156,0.012822
ATACTCTCGCCACTCT-1,0.999711,0.000097,0.000192
ATACTGCCTTACACCG-1,0.946919,0.052672,0.000409
ATACTTGTTCTCGAGC-1,0.781356,0.218484,0.00016
ATAGACAACGGGACCT-1,0.887772,0.111791,0.000437
ATAGACGAAGAGAAAG-1,0.99971,0.000097,0.000192
ATAGAGTTATCAACTT-1,0.946919,0.051478,0.001603
ATAGCAACTAGGGAAG-1,0.826735,0.16876,0.004505
ATAGCCTCAGTACCCA-1,0.996198,0.001276,0.002525
ATAGCTGCTCTTGTTA-1,0.859322,0.13991,0.000768
ATAGGCGGCTATAGAA-1,0.997131,0.000964,0.001905
ATAGGCTAGCTTCGCA-1,0.999066,0.000313,0.000621
ATAGGGATATCCTTGA-1,0.974245,0.025628,0.000127
ATAGTTCCACCCACTC-1,0.998397,0.000538,0.001065
ATATAAAGCGCTCGTG-1,0.994296,0.001916,0.003788
ATATAAATGTAGCTGC-1,0.672477,0.32739,0.000133
ATATAACACGGGCGCA-1,0.744137,0.252748,0.003116
ATATACATGTATGGTA-1,0.602723,0.396789,0.000487
ATATACGCTCGTGACG-1,0.684667,0.304916,0.010417
ATATCAACCTACAGAG-1,0.999257,0.000249,0.000494
ATATCAATTCCAGCCT-1,0.722949,0.276353,0.000697
ATATCGGTAGGGAGAT-1,0.587067,0.412743,0.00019
ATATCGTTCCTCGAAC-1,0.928467,0.071081,0.000452
ATATCTCCCTCGTTAA-1,0.997874,0.000713,0.001413
ATATGTCTCCCTAGCC-1,0.999144,0.000287,0.000569
ATATTATCCCGTATTT-1,0.889467,0.109754,0.000779
ATATTCAGTTAAACCT-1,0.998024,0.000663,0.001312
ATATTCCACATAGTGA-1,0.902789,0.096819,0.000392
ATATTGCTGTCAAAGT-1,0.99974,0.000087,0.000173
ATATTGGAGAGGCCTT-1,0.876648,0.120207,0.003145
ATCAAACACTGTTCCA-1,0.705042,0.293759,0.001199
ATCAAACGAAGGTTTG-1,0.895153,0.100782,0.004066
ATCACATTAGAATATC-1,0.722733,0.276662,0.000605
ATCACGTGCTAATTAA-1,0.995919,0.00137,0.00271
ATCACTTCATCCTCGC-1,0.999263,0.000247,0.00049
ATCAGACGGCACGCCG-1,0.677556,0.321578,0.000866
ATCAGCCTCATGCTGC-1,0.99778,0.000745,0.001475
ATCAGCTCGTCCACTA-1,0.901477,0.098032,0.000491
ATCAGTAGGCAGGGAT-1,0.997226,0.000932,0.001842
ATCATAGCCCTATGTA-1,0.814495,0.172683,0.012822
ATCCAACGCAGTCATA-1,0.999691,0.000104,0.000205
ATCCAATGGAGGGTCC-1,0.938674,0.055861,0.005465
ATCCAATGGTACCGAA-1,0.704856,0.294896,0.000247
ATCCACATCGACAGAA-1,0.606287,0.393643,0.00007
ATCCAGAGCAACAACC-1,0.996335,0.001232,0.002433
ATCCAGGATTCGTGAA-1,0.999485,0.000173,0.000342
ATCCGGACCAGCCTGA-1,0.737971,0.259404,0.002625
ATCCTACCTAAGCTCT-1,0.998484,0.000509,0.001007
ATCCTGAATCGCTGCG-1,0.931185,0.068376,0.000439
ATCCTGCGTGGAATGG-1,0.826541,0.172507,0.000952
ATCGCACGATTGTTCA-1,0.999647,0.000119,0.000234
ATCGCCAGTCAACATT-1,0.357741,0.641001,0.001258
ATCGCTGCGTGCAGCA-1,0.435556,0.564121,0.000322
ATCGGAGACAGACGGC-1,0.939494,0.060071,0.000436
ATCGGCAAGCAGTCCA-1,0.978622,0.020956,0.000421
ATCGGTTACCTAGTAA-1,0.784086,0.215663,0.00025
ATCGTATTCCGAGAAC-1,0.433159,0.566013,0.000827
ATCGTCCAATCGAGTC-1,0.999165,0.00028,0.000555
ATCGTTAGCTAGCGGA-1,0.583564,0.412732,0.003704
ATCTAACGTCCCTATG-1,0.585568,0.414019,0.000413
ATCTAATATCCTACGG-1,0.990161,0.003303,0.006537
ATCTATCGATGATCAA-1,0.999833,0.000056,0.000111
ATCTCCCACGGAATAT-1,0.422641,0.571611,0.005748
ATCTCCCTGCAATCTA-1,0.885535,0.114391,0.000073
ATCTCGTGAGCGAAAC-1,0.974891,0.008442,0.016668
ATCTGATAGTGTCTTA-1,0.845092,0.15112,0.003788
ATCTGCACCTCTGCGA-1,0.99926,0.000248,0.000492
ATCTGGGCTGTTCTTG-1,0.895356,0.10372,0.000923
ATCTGGTTAAGACTGT-1,0.776043,0.22354,0.000417
ATCTTATCGCACACCC-1,0.978208,0.007299,0.014493
ATCTTGACCTGCAACG-1,0.996813,0.002974,0.000213
ATCTTGACTTGTCCAA-1,0.999587,0.000139,0.000275
ATGAAGCCAAGGAGCC-1,0.841576,0.157799,0.000624
ATGAAGTGGACCCAGC-1,0.274503,0.725314,0.000183
ATGACGCGTTCTATCC-1,0.993646,0.002134,0.00422
ATGACTATGCGACATT-1,0.44745,0.551435,0.001115
ATGAGGAGTGTTAATC-1,0.999789,0.000071,0.00014
ATGAGGGCAGCGGCTA-1,0.948324,0.05149,0.000186
ATGATGCAATGGTACA-1,0.998154,0.00062,0.001226
ATGCACCTTCCTTAAT-1,0.830355,0.168869,0.000775
ATGCACTACCGCATTG-1,0.999547,0.000152,0.000301
ATGCCAATCGCTCTGC-1,0.538446,0.461328,0.000226
ATGCCATTTGCGACCA-1,0.990344,0.003245,0.006411
ATGCCGGTCTTGCATA-1,0.705866,0.29342,0.000714
ATGCCGGTTGATGGGA-1,0.920152,0.079208,0.00064
ATGCGACAGTCCCATT-1,0.931445,0.068172,0.000383
ATGCGAGTCCCACCAC-1,0.993878,0.002056,0.004065
ATGCTCAGTGTTGCAT-1,0.999643,0.00012,0.000237
ATGCTCTGGCGCGGTA-1,0.816386,0.183434,0.00018
ATGCTTAGGAGTTGAT-1,0.811844,0.185307,0.002849
ATGGAAATTTAAGGAG-1,0.83343,0.165257,0.001312
ATGGAACCTTTGCACA-1,0.947117,0.05266,0.000223
ATGGATCCGGCGTCCG-1,0.824443,0.175179,0.000378
ATGGCAGCCGAGAAAC-1,0.816938,0.182882,0.00018
ATGGGCCTCGGCCTCT-1,0.993949,0.002034,0.004017
ATGGTCGCGTGGTTTC-1,0.998854,0.000385,0.000761
ATGTAAGGCTGCTCTT-1,0.999547,0.000152,0.000301
ATGTACATGCGGTGAG-1,0.998323,0.000562,0.001115
ATGTCATTTCCCATTG-1,0.871115,0.126487,0.002398
ATGTGAAAGCCTAATG-1,0.860665,0.138982,0.000352
ATGTGGACATCTTGAT-1,0.681158,0.318605,0.000237
ATGTTACGAGCAATAC-1,0.99969,0.000104,0.000206
ATGTTCCTGCCCACCT-1,0.742842,0.256545,0.000613
ATGTTCGTCGACCCAC-1,0.603885,0.396012,0.000103
ATGTTGATTAGAGACT-1,0.861808,0.137303,0.000889
ATTAAAGCGGACGAGC-1,0.618766,0.381116,0.000119
ATTAACACCTGAGATA-1,0.885947,0.113846,0.000206
ATTAATACTACGCGGG-1,0.826412,0.171954,0.001634
ATTAATGAACCAGTCG-1,0.909169,0.090435,0.000396
ATTACAACTACCGGCC-1,0.811756,0.187978,0.000266
ATTACATGTCAGTCTT-1,0.66872,0.330302,0.000978
ATTACCACACTGCCTG-1,0.331216,0.657288,0.011496
ATTACGCGCTGGCAGG-1,0.880289,0.118709,0.001001
ATTACTAGCCTCTTGC-1,0.566085,0.433798,0.000117
ATTACTTACTGGGCAT-1,0.964234,0.035502,0.000264
ATTAGATTCCTCAGCA-1,0.896993,0.102527,0.00048
ATTAGGCGATGCTTTC-1,0.977306,0.022457,0.000237
ATTATACTTTGCTCGT-1,0.861551,0.137809,0.00064
ATTATAGCTACTTTAC-1,0.999742,0.000087,0.000172
ATTATTATGTCCGTCA-1,0.867974,0.13164,0.000386
ATTATTCAGAGTCACT-1,0.990146,0.003318,0.006537
ATTCAAAGTACCTGTT-1,0.722847,0.276747,0.000406
ATTCAACCATTTAAGG-1,0.588029,0.410528,0.001443
ATTCACTGATGTTGGA-1,0.997146,0.00096,0.001894
ATTCAGGACCTATTTC-1,0.998882,0.000376,0.000742
ATTCAGTAGCAGGGTC-1,0.997527,0.000831,0.001642
ATTCATCGTTGAGGCA-1,0.653536,0.346215,0.000249
ATTCCCACATAAACAA-1,0.999454,0.000183,0.000362
ATTCCTAAGACGTGGA-1,0.755198,0.24414,0.000663
ATTCCTCCGCCAGTGC-1,0.999379,0.000208,0.000413
ATTCCTTCCAGGCGGT-1,0.921357,0.078347,0.000296
ATTCGACGCCGGGCCT-1,0.867609,0.131305,0.001086
ATTCGCGCCTTGAGAG-1,0.612517,0.384367,0.003116
ATTCGTGCTATCTCTT-1,0.809547,0.189974,0.000479
ATTGAAGATCTTAGTG-1,0.822706,0.176915,0.000379
ATTGACGTAACTCGGT-1,0.990269,0.009525,0.000206
ATTGATAGCAACGAGA-1,0.999443,0.000187,0.00037
ATTGATCACCACATTT-1,0.759502,0.238752,0.001745
ATTGATGAGTCCTAAC-1,0.893244,0.106154,0.000602
ATTGCCTTTATGTTTG-1,0.900226,0.093821,0.005953
ATTGCGATCAGTAACT-1,0.869035,0.130782,0.000183
ATTGCTGCTCCTCCAT-1,0.998706,0.000435,0.000859
ATTGGATTACAGCGTA-1,0.331557,0.66636,0.002084
ATTGGTAGGATCCGCT-1,0.764466,0.23531,0.000224
ATTGTACAACTCGGCT-1,0.85589,0.142,0.00211
ATTGTCGCAATACCTT-1,0.766681,0.232685,0.000634
ATTGTTCAACGATCCG-1,0.616691,0.378018,0.005292
ATTTACAGTTTACTGG-1,0.999588,0.000138,0.000274
ATTTACTAAGTCCATT-1,0.930177,0.069637,0.000187
ATTTCATTATTTCGCG-1,0.800905,0.198578,0.000517
ATTTCCGGGTTCTGCG-1,0.99881,0.0004,0.00079
ATTTGCGCGAGTAGCT-1,0.869828,0.128753,0.001419
ATTTGTCTTGGGAGCT-1,0.998993,0.000338,0.000669
ATTTGTTCCAGGGCTC-1,0.99973,0.000091,0.00018
CAAACGAGTATCGCAG-1,0.994659,0.001794,0.003547
CAAACGGTCGCACTTT-1,0.999425,0.000193,0.000382
CAAACTACGATAGAGA-1,0.84721,0.15216,0.00063
CAAACTATTGAGCTTC-1,0.718034,0.281682,0.000284
CAAACTCGCGACGCCG-1,0.997438,0.000861,0.001701
CAAAGATTATTGGGCC-1,0.880534,0.118017,0.001449
CAAAGGTCATCTGAAA-1,0.931497,0.068158,0.000345
CAAAGTCAGGTTAGCT-1,0.846774,0.152458,0.000768
CAAATCTCTCACAAGG-1,0.881071,0.118184,0.000746
CAAATGTCCTTCCGTG-1,0.682628,0.3168,0.000573
CAAATTGTCAGCAAGC-1,0.752926,0.244881,0.002193
CAACATGGCCTGATAA-1,0.913766,0.084392,0.001842
CAACCAGTGGCCTACC-1,0.998127,0.000629,0.001244
CAACCGCACCTAGACA-1,0.694673,0.304944,0.000383
CAACCTACCGAGCAGT-1,0.401719,0.594313,0.003969
CAACGGTTCTTGATAC-1,0.999643,0.00012,0.000237
CAACGTGGTGGAGTCT-1,0.927224,0.06934,0.003437
CAACTATATCGAATGC-1,0.892557,0.107064,0.000379
CAACTCCTTGATCCCG-1,0.755944,0.243177,0.00088
CAAGAGGGCGGAGTAC-1,0.806687,0.192998,0.000315
CAAGATATTATAACGT-1,0.996881,0.001048,0.002071
CAAGCAACGTCGGAGT-1,0.99955,0.000151,0.000299
CAAGCGGCACATAATT-1,0.859753,0.140066,0.000181
CAAGGATCGCATGTTC-1,0.704969,0.294724,0.000307
CAAGGCCAGTGGTGCA-1,0.847661,0.149164,0.003175
CAAGGGAGTGTATTTG-1,0.944692,0.05505,0.000259
CAAGGTCCTATAGGCT-1,0.893842,0.105985,0.000173
CAAGTGTGGTTGCAAA-1,0.907042,0.091954,0.001004
CAATAAACCTTGGCCC-1,0.824074,0.175672,0.000254
CAATACGAGAGTCTGA-1,0.839593,0.160239,0.000168
CAATACGCTCTGAGGC-1,0.636334,0.36333,0.000336
CAATATTCTTGACCTA-1,0.852852,0.146222,0.000926
CAATATTGGACTAGTG-1,0.972213,0.02751,0.000277
CAATCCCTATACCAGC-1,0.999529,0.000158,0.000313
CAATCCTGCCGTGGAG-1,0.999645,0.000119,0.000236
CAATGCGAGAAGTATC-1,0.944601,0.055064,0.000334
CAATGGATCTCTACCA-1,0.910937,0.081125,0.007938
CAATGTGCCAACCCTT-1,0.982691,0.017172,0.000138
CAATTAAGGGTGATGA-1,0.675534,0.322799,0.001667
CAATTGGGCCGCACTC-1,0.95667,0.043142,0.000189
CAATTTGACCGGGAAG-1,0.969223,0.029683,0.001093
CACAATGAGCTGCTAT-1,0.999307,0.000233,0.00046
CACACACGCTAACGAG-1,0.456384,0.53955,0.004066
CACACAGCTTGCGCTC-1,0.854191,0.138056,0.007753
CACACAGGGATAGATT-1,0.999575,0.000143,0.000283
CACACGCGCTGTCTTA-1,0.982718,0.005787,0.011495
CACAGGGCCATATAGT-1,0.720935,0.275143,0.003922
CACAGTCCCGCTTCGC-1,0.80998,0.184728,0.005291
CACAGTTCGCTTCCCA-1,0.771257,0.228232,0.000511
CACATATTAGCAGGAT-1,0.776129,0.223468,0.000403
CACATCTCACCGACGA-1,0.868548,0.131223,0.000229
CACATGTTTGGACATG-1,0.998751,0.00042,0.000829
CACATTCTTTCGATGG-1,0.955766,0.043867,0.000366
CACATTTCTTGTCAGA-1,0.98566,0.004815,0.009525
CACCAATCATCCGTCT-1,0.771081,0.228766,0.000152
CACCACGCCACACAGA-1,0.669578,0.330141,0.000282
CACCCAAATCTTATGT-1,0.948867,0.05078,0.000354
CACCCACACGTCACCC-1,0.663434,0.3364,0.000166
CACCCACGAGGCAATT-1,0.998838,0.00039,0.000772
CACCCGGTTTGTGACT-1,0.998008,0.000669,0.001323
CACCCTAACAAGATCT-1,0.99959,0.000138,0.000272
CACCCTTGGTGAGACC-1,0.999355,0.000217,0.000428
CACCGATACACCGAGC-1,0.821566,0.177726,0.000708
CACCGCGTCCACTCTA-1,0.70675,0.292852,0.000398
CACCGTATCCCATCCG-1,0.996167,0.001288,0.002545
CACCGTTAGGGATCAC-1,0.845034,0.152635,0.002331
CACCGTTGCGCGATAT-1,0.996741,0.001095,0.002165
CACCTAATAGAGTCGT-1,0.999741,0.000087,0.000172
CACCTAATCAGTTTAC-1,0.999734,0.000089,0.000176
CACCTCGATGGTGGAC-1,0.999664,0.000113,0.000223
CACCTTGCGAAACTCG-1,0.925347,0.07262,0.002033
CACCTTGGCGCCTTTG-1,0.995476,0.001521,0.003003
CACGAAAGTTAGTCCC-1,0.99812,0.000631,0.001249
CACGCACAGCGCAGCT-1,0.850359,0.149237,0.000404
CACGCAGCGAGGCTTT-1,0.739314,0.260527,0.000159
CACGCGGAACTGTTGC-1,0.987454,0.004212,0.008334
CACGGCGCGCCAAAGG-1,0.571452,0.42828,0.000267
CACGGGATTGAGGGTT-1,0.997865,0.001929,0.000206
CACGTCAATCAATGGA-1,0.99864,0.000457,0.000903
CACGTCGGCAACCTCT-1,0.931687,0.067686,0.000628
CACGTCGGGTTCTAGA-1,0.821537,0.176012,0.002451
CACGTTCGTGCTCTAG-1,0.709777,0.290021,0.000202
CACGTTTCGTACACAC-1,0.530475,0.469453,0.000072
CACTAAAGTTGCCTAT-1,0.996293,0.003485,0.000221
CACTACGGGAGCTGCC-1,0.486636,0.510063,0.003301
CACTACTCAGTTCTGT-1,0.649666,0.350189,0.000145
CACTCAGCTCTTGAGG-1,0.96888,0.030958,0.000162
CACTCCTATGTAAGAT-1,0.990269,0.009387,0.000344
CACTCCTCTCGGTCGG-1,0.851976,0.14741,0.000614
CACTCGAGCTGAACAA-1,0.939257,0.060419,0.000325
CACTCGGTTAGGAGGA-1,0.915122,0.084604,0.000273
CACTCTTCTGCTAGCC-1,0.815136,0.173751,0.011113
CACTGTCCAAGTGAGA-1,0.461754,0.538196,0.00005
CACTTAATCAGACGGA-1,0.898729,0.101044,0.000226
CACTTCGCCACAGGCT-1,0.999592,0.000137,0.000271
CACTTCGTCTTATCTC-1,0.99776,0.000752,0.001488
CAGAACTTAGCCCTCT-1,0.999323,0.000227,0.00045
CAGAATAACACACGGA-1,0.942574,0.051961,0.005465
CAGAATATTCGTTATC-1,0.997863,0.000718,0.001419
CAGACACCGATCGCTG-1,0.998617,0.000464,0.000918
CAGACCTGTAAGTGTT-1,0.949886,0.049834,0.00028
CAGACGAACCTGATAC-1,0.994665,0.001789,0.003546
CAGAGACGGTCACCCA-1,0.998134,0.000627,0.001239
CAGAGCATGAGCTTGC-1,0.85243,0.147462,0.000108
CAGAGGCGATGCATGA-1,0.998758,0.000417,0.000825
CAGAGTGATTTAACGT-1,0.759237,0.240408,0.000355
CAGATAATGGGCGGGT-1,0.983742,0.005505,0.010753
CAGATACTAACATAGT-1,0.872124,0.12733,0.000546
CAGATCATTTAAAGTC-1,0.991709,0.008,0.000292
CAGATCCTGGTTTGAA-1,0.631946,0.36692,0.001134
CAGATGTTTGTCCCAA-1,0.753551,0.245697,0.000753
CAGCAGCCCGTTCCTT-1,0.996901,0.001041,0.002058
CAGCAGTCCAGACTAT-1,0.998451,0.000521,0.001029
CAGCAGTCTGTGCTGC-1,0.999512,0.000164,0.000324
CAGCCGGGCCCTCTAT-1,0.805635,0.194092,0.000273
CAGCCTCCTGCAGAGG-1,0.724439,0.275317,0.000245
CAGCCTCGATAGCGGT-1,0.837715,0.16145,0.000836
CAGCCTCTCCTCAAGA-1,0.964077,0.035509,0.000415
CAGCGATTCCCTTCAA-1,0.976234,0.023367,0.000399
CAGCGCCAACACGATA-1,0.773995,0.225669,0.000336
CAGCTCGACAAGTTAA-1,0.751974,0.246415,0.001611
CAGCTCGTGCTTGTGT-1,0.743167,0.256666,0.000168
CAGCTGGCGTAACCGT-1,0.629813,0.369674,0.000513
CAGCTTAGTAGGTAGC-1,0.989084,0.003668,0.007247
CAGGAAGACTTTATAT-1,0.747027,0.25248,0.000493
CAGGCAGTCTTACCAG-1,0.989756,0.00344,0.006804
CAGGCCGTTTGGGTGT-1,0.491578,0.508175,0.000246
