Barcode,Topic 1,Topic 2to7,Topic 8to9
AAACAACGAATAGTTC-1,0.000056,0.999831,0.000113
AAACAAGTATCTCCCA-1,0.00025,0.999251,0.0005
AAACAATCTACTAGCA-1,0.000439,0.998682,0.000879
AAACACCAATAACTGC-1,0.001293,0.996123,0.002585
AAACAGCTTTCAGAAG-1,0.000072,0.999783,0.000145
AAACAGGGTCTATATT-1,0.000332,0.999005,0.000664
AAACATGGTGAGAGGA-1,0.000038,0.999885,0.000076
AAACATTTCCCGGATT-1,0.000299,0.999104,0.000598
AAACCACTACACAGAT-1,0.000407,0.907891,0.091702
AAACCCGAACGAAATC-1,0.00006,0.999821,0.00012
AAACCGGAAATGTTAA-1,0.000035,0.999896,0.00007
AAACCGGGTAGGTACC-1,0.000076,0.953935,0.045989
AAACCTAAGCAGCCGG-1,0.000195,0.999414,0.000391
AAACCTCATGAAGTTG-1,0.005072,0.944641,0.050287
AAACGAAGAACATACC-1,0.000039,0.999882,0.000079
AAACGAAGATGGAGTA-1,0.000124,0.967038,0.032838
AAACGCTGGGCACGAC-1,0.002526,0.992421,0.005053
AAACGGGCGTACGGGT-1,0.000465,0.998604,0.00093
AAACGGGTTGGTATCC-1,0.000742,0.997776,0.001482
AAACGGTTGCGAACTG-1,0.00004,0.999881,0.000079
AAACGTGTTCGCCCTA-1,0.001058,0.996824,0.002117
AAACTAACGTGGCGAC-1,0.000095,0.999714,0.00019
AAACTCGGTTCGCAAT-1,0.000272,0.973278,0.02645
AAACTCGTGATATAAG-1,0.000934,0.997198,0.001868
AAACTTGCAAACGTAT-1,0.000048,0.999855,0.000096
AAAGAATGACCTTAGA-1,0.010917,0.988516,0.000567
AAAGAATGTGGACTAA-1,0.020648,0.960192,0.01916
AAAGACCCAAGTCGCG-1,0.000111,0.999666,0.000223
AAAGACTGGGCGCTTT-1,0.002926,0.991225,0.005849
AAAGCTTGCCTACATA-1,0.00023,0.99931,0.00046
AAAGGCTACGGACCAT-1,0.000875,0.997374,0.00175
AAAGGGATGTAGCAAG-1,0.000042,0.940246,0.059712
AAAGGGCAGCTTGAAT-1,0.000118,0.956486,0.043396
AAAGGTAAGCTGTACC-1,0.000037,0.999889,0.000074
AAAGTAGCATTGCTCA-1,0.00046,0.998622,0.000919
AAAGTCACTGATGTAA-1,0.090002,0.905268,0.00473
AAAGTCGACCCTCAGT-1,0.000118,0.999647,0.000235
AAAGTGCCATCAATTA-1,0.001112,0.996665,0.002223
AAAGTGTGATTTATCT-1,0.000019,0.999942,0.000039
AAAGTTGACTCCCGTA-1,0.000028,0.999916,0.000056
AAATAAGGTAGTGCCC-1,0.000268,0.999196,0.000536
AAATACCTATAAGCAT-1,0.000023,0.378597,0.62138
AAATAGCTTAGACTTT-1,0.000975,0.83703,0.161994
AAATAGGGTGCTATTG-1,0.000079,0.960956,0.038965
AAATCCGATACACGCC-1,0.000095,0.999715,0.00019
AAATCGCGGAAGGAGT-1,0.002911,0.996969,0.00012
AAATCTAGCCCTGCTA-1,0.000296,0.999113,0.000591
AAATGATTCGATCAGC-1,0.000621,0.998137,0.001242
AAATGCTCGTTACGTT-1,0.001634,0.890031,0.108334
AAATGGCATGTCTTGT-1,0.000704,0.899789,0.099508
AAATGGCCCGTGCCCT-1,0.000097,0.999709,0.000194
AAATGGTCAATGTGCC-1,0.000061,0.999816,0.000123
AAATGTATCTTATCCC-1,0.004631,0.986108,0.009261
AAATTAATAAGCGCGA-1,0.117698,0.869224,0.013079
AAATTCCAGGTCCAAA-1,0.001822,0.994533,0.003644
AAATTGCGGCGGTTCT-1,0.003412,0.996478,0.00011
AAATTGGTGAGAAGCA-1,0.003269,0.990194,0.006537
AAATTTGCGGGTGTGG-1,0.024417,0.975017,0.000566
AACAACTGGTAGTTGC-1,0.000103,0.999692,0.000205
AACAATACATTGTCGA-1,0.000161,0.905591,0.094248
AACAATTACTCTACGC-1,0.000156,0.979366,0.020478
AACACACGCTCGCCGC-1,0.000046,0.999863,0.000091
AACACGACTGTACTGA-1,0.000767,0.9977,0.001533
AACACGAGACGCGGCC-1,0.000043,0.992189,0.007769
AACACGCGGCCGCGAA-1,0.000031,0.999906,0.000062
AACAGCTGTGTGGCAA-1,0.000027,0.343897,0.656075
AACAGGAAATCGAATA-1,0.00005,0.999851,0.000099
AACAGGATGGGCCGCG-1,0.000088,0.972802,0.027111
AACAGGTAGTATGGAT-1,0.002058,0.993825,0.004117
AACATATCAACTGGTG-1,0.000084,0.947992,0.051924
AACATCGATACGTCTA-1,0.024569,0.974154,0.001278
AACATTGGTCAGCCGT-1,0.000591,0.943753,0.055656
AACATTGTGACTCGAG-1,0.000727,0.90398,0.095293
AACCAAGACTTCTCTG-1,0.00608,0.993832,0.000088
AACCATGGGATCGCTA-1,0.00171,0.99487,0.00342
AACCCAGAGACGGAGA-1,0.00227,0.993194,0.004536
AACCCATCCCATGATC-1,0.000114,0.999657,0.000228
AACCCGACAACCCGTG-1,0.000242,0.975715,0.024042
AACCCGAGCAGAATCG-1,0.000529,0.951526,0.047945
AACCCGATAGGGCTTC-1,0.000423,0.998732,0.000845
AACCCTACTGTCAATA-1,0.000021,0.999937,0.000042
AACCGCTAAGGGATGC-1,0.000051,0.999848,0.000101
AACCGTTGTGTTTGCT-1,0.004831,0.985504,0.009666
AACCTCGCTTTAGCCC-1,0.009289,0.990486,0.000225
AACCTGTCACGGAATT-1,0.001635,0.995096,0.003269
AACCTTTAAATACGGT-1,0.009734,0.990058,0.000208
AACGAAAGTCGTCCCA-1,0.000084,0.999748,0.000168
AACGACCTCCTAGCCG-1,0.006672,0.992702,0.000626
AACGATAATGCCGTAG-1,0.000113,0.986697,0.01319
AACGATAGAAGGGCCG-1,0.003705,0.988885,0.00741
AACGCATGATCTGGGT-1,0.000071,0.960709,0.03922
AACGCGAACGGCAACA-1,0.000072,0.999783,0.000145
AACGCGACCTTGGGCG-1,0.000118,0.999647,0.000235
AACGCGGTCTCCAGCC-1,0.000209,0.937337,0.062453
AACGCTGTTGCTGAAA-1,0.000115,0.999654,0.000231
AACGGACGTACGTATA-1,0.00104,0.992668,0.006292
AACGGCCATCTCCGGT-1,0.000171,0.999487,0.000342
AACGTAGTCTACCCAT-1,0.00005,0.99985,0.0001
AACGTCAGACTAGTGG-1,0.024378,0.972772,0.00285
AACGTTATCAGCACCT-1,0.001039,0.996884,0.002077
AACTACCCGTTTGTCA-1,0.001308,0.89018,0.108513
AACTAGCGTATCGCAC-1,0.027816,0.916627,0.055558
AACTAGGCTTGGGTGT-1,0.000351,0.944056,0.055594
AACTCAAGTTAATTGC-1,0.000055,0.999836,0.000109
AACTCCAGAGCGTGTT-1,0.00807,0.867416,0.124514
AACTCGATAAACACGT-1,0.003473,0.989579,0.006948
AACTCGATGGCGCAGT-1,0.000926,0.997221,0.001853
AACTCTCAATAGAGCG-1,0.000074,0.999779,0.000147
AACTGAGGTCAGCGTC-1,0.000573,0.998281,0.001146
AACTGAGTTATACTGA-1,0.000085,0.957513,0.042402
AACTGATATTAGGCCT-1,0.000137,0.999588,0.000275
AACTGGGTCCCGACGT-1,0.062042,0.93605,0.001909
AACTGGTGTGGGCCTT-1,0.000243,0.99927,0.000486
AACTTCTGCGTCTATC-1,0.003368,0.989896,0.006735
AACTTGCCCGTATGCA-1,0.000054,0.969773,0.030172
AACTTGCGTTCTCGCG-1,0.000722,0.997835,0.001444
AACTTTACGGGAGCTT-1,0.011121,0.966645,0.022234
AACTTTAGCTGCTGAG-1,0.027778,0.916653,0.055569
AACTTTCTCGATCATG-1,0.001764,0.994707,0.003529
AAGAAATCACCAGATT-1,0.001765,0.994707,0.003528
AAGAAGGATCAGTTAG-1,0.000882,0.997353,0.001764
AAGACATACGTGGTTT-1,0.001249,0.996254,0.002497
AAGACCAAATAACTCA-1,0.000211,0.999368,0.000421
AAGACTAACCCGTTGT-1,0.00016,0.999521,0.000319
AAGAGATGAATCGGTA-1,0.000073,0.979338,0.020589
AAGAGGATGTACGCGA-1,0.000096,0.999711,0.000192
AAGAGGCCCTTTGGAA-1,0.029107,0.96935,0.001544
AAGATGGCACCGGACC-1,0.010439,0.768349,0.221213
AAGATTGGCGGAACGT-1,0.000097,0.999708,0.000195
AAGCACCCTGCGTATC-1,0.000456,0.998633,0.000911
AAGCATACTCTCCTGA-1,0.000109,0.832458,0.167433
AAGCCGAAGCGGTTTA-1,0.000686,0.997941,0.001372
AAGCCGCTTTACCTTG-1,0.002224,0.99333,0.004446
AAGCCGGAGAGCAGGA-1,0.001389,0.995832,0.002779
AAGCGCAGGGCTTTGA-1,0.00041,0.971692,0.027898
AAGCGGAGTGCGCGCA-1,0.000296,0.999113,0.000591
AAGCGTCCCTCATCGA-1,0.000098,0.778256,0.221646
AAGCTAGATCGAGTAA-1,0.000064,0.779271,0.220664
AAGCTCTTTCATGGTG-1,0.009668,0.989921,0.000411
AAGGAGCGGTTGGTGC-1,0.000031,0.988306,0.011663
AAGGATCGATCGCTTG-1,0.001659,0.995023,0.003318
AAGGATGAGGGACCTC-1,0.000211,0.811261,0.188529
AAGGCAGGCTGTCTCC-1,0.005578,0.994139,0.000283
AAGGCGCGTAAAGCTT-1,0.00117,0.99649,0.00234
AAGGCTGTGCTCATCG-1,0.000071,0.999787,0.000142
AAGGGAACGACTGGCT-1,0.000119,0.999643,0.000238
AAGGGTTTGATTTCAG-1,0.000125,0.999624,0.000251
AAGGTATCCTAATATA-1,0.000109,0.954334,0.045557
AAGGTGATAAACCAGC-1,0.005175,0.986706,0.008119
AAGTAGAAGACCGGGT-1,0.077417,0.777233,0.145349
AAGTAGTGACGCGAGG-1,0.000091,0.924476,0.075434
AAGTCAATTGTCGTCA-1,0.006304,0.9923,0.001396
AAGTCTAGTAGCTGCC-1,0.000732,0.997806,0.001462
AAGTCTTCTGTGGCCT-1,0.015874,0.952376,0.031749
AAGTGACGACCGAATT-1,0.000072,0.999784,0.000144
AAGTGAGTCGGGTTTA-1,0.000691,0.997929,0.001381
AAGTGCAAAGGTAGAC-1,0.064535,0.928927,0.006538
AAGTGCCTTGACTGTA-1,0.004487,0.992608,0.002905
AAGTGCGTTAGAATCT-1,0.000213,0.999362,0.000425
AAGTGCTTCTCTATTG-1,0.000433,0.998702,0.000865
AAGTGTTTGGAGACGG-1,0.000083,0.875615,0.124302
AAGTTCACTCCAAGCT-1,0.000142,0.999575,0.000283
AAGTTCAGTCTGCGTA-1,0.000138,0.999587,0.000275
AAGTTCGGCCAACAGG-1,0.000746,0.825992,0.173262
AAGTTGTGATGTTATA-1,0.000579,0.998263,0.001158
AAGTTTACTAATGGCA-1,0.000576,0.931217,0.068207
AAGTTTATGGGCCCAA-1,0.000285,0.999145,0.00057
AATAACAACGCTCGGC-1,0.000057,0.99983,0.000113
AATAATCTTCGTATCG-1,0.00305,0.996841,0.00011
AATACAATGTTTCAGG-1,0.003268,0.990194,0.006538
AATACCGGAGGGCTGT-1,0.000193,0.999422,0.000385
AATAGAATCTGTTTCA-1,0.000165,0.896231,0.103604
AATAGCAAGCCTCCTG-1,0.000481,0.87134,0.128179
AATAGCTACCGCGTGC-1,0.015118,0.984592,0.000289
AATAGTCCGTCCCGAC-1,0.000503,0.911242,0.088254
AATAGTCGCGAGTCGG-1,0.30114,0.698282,0.000577
AATATCAAGGTCGGAT-1,0.000062,0.999815,0.000123
AATATCCTAGCAAACT-1,0.012347,0.503538,0.484115
AATATCGAATCAATGC-1,0.000639,0.998083,0.001278
AATATCGAGGGTTCTC-1,0.000173,0.99948,0.000347
AATATTGGAGTATTGA-1,0.000085,0.999746,0.000169
AATCAGACTGCAGGAC-1,0.000193,0.999421,0.000386
AATCAGGTTTCATTTA-1,0.008022,0.982969,0.009009
AATCATGTAAAGACTC-1,0.000208,0.999375,0.000416
AATCCAAGGGCCTGAG-1,0.004116,0.987651,0.008233
AATCCATGCAAGGGTG-1,0.000076,0.999771,0.000153
AATCGCGCAGAGGACT-1,0.002849,0.991451,0.0057
AATCGGGACACTACGA-1,0.00125,0.996253,0.002498
AATCGGTATAGCCCTC-1,0.000271,0.898856,0.100873
AATCGTGAGCCGAGCA-1,0.000268,0.963929,0.035803
AATCTAGGTTTACTTG-1,0.000074,0.999777,0.000148
AATCTATGCCGGAGCC-1,0.000805,0.997584,0.001611
AATCTCTACTGTGGTT-1,0.000471,0.998587,0.000942
AATCTGCGTTGGGACG-1,0.000251,0.955949,0.0438
AATCTGGCTTTCTAGT-1,0.000098,0.999706,0.000196
AATGACAGCAATGTCT-1,0.000564,0.998307,0.001128
AATGACGTAGGATGTC-1,0.000024,0.329801,0.670176
AATGACTGTCAGCCGG-1,0.000036,0.999891,0.000072
AATGAGTTCGCATATG-1,0.00095,0.99715,0.0019
AATGATGCGACTCCTG-1,0.00032,0.999039,0.000641
AATGCAACCGGGTACC-1,0.000028,0.97948,0.020492
AATGGCCGCCAATGCG-1,0.001079,0.996762,0.002158
AATGGTCCACCGTTCA-1,0.001886,0.955365,0.042749
AATGGTTCTCACAAGC-1,0.001793,0.994622,0.003586
AATGTGCCCGAGGTGT-1,0.012117,0.987432,0.000451
AATGTGCTAATCTGAG-1,0.000089,0.999733,0.000178
AATGTTGTCGTGAGAC-1,0.000093,0.999721,0.000186
AATTAACGGATTTCCA-1,0.024336,0.974356,0.001308
AATTACGAGACCCATC-1,0.000159,0.999524,0.000318
AATTACTCGTACGCTC-1,0.000448,0.998655,0.000896
AATTAGCGCTGCAGCG-1,0.000098,0.73276,0.267142
AATTCCAACTTGGTGA-1,0.005849,0.98245,0.011701
AATTCCAAGCATGTAC-1,0.000157,0.99953,0.000314
AATTCGATTCGAGGAT-1,0.000248,0.982315,0.017438
AATTCTAGAGTTAGGC-1,0.000052,0.637242,0.362706
AATTGAACGCTCTGGT-1,0.0001,0.849479,0.150421
AATTGCAGCAATCGAC-1,0.000783,0.997652,0.001565
AATTGTGGTTGCCAAA-1,0.001278,0.996167,0.002555
AATTTGGTTCCAAAGA-1,0.002058,0.993825,0.004116
ACAAAGAAGGTAGGCC-1,0.010102,0.969692,0.020206
ACAAAGCATGACCTAG-1,0.000456,0.998633,0.000911
ACAAATCGCACCGAAT-1,0.000104,0.999688,0.000208
ACAAATGGTAGTGTTT-1,0.000113,0.940443,0.059444
ACAACGGTCCCTGCGA-1,0.000151,0.999547,0.000302
ACAAGCAGTGCCTAGC-1,0.000121,0.999637,0.000242
ACAAGCTATATGGAAG-1,0.022226,0.933312,0.044462
ACAAGGAAATCCGCCC-1,0.000113,0.941706,0.058181
ACAAGGACAAGAGGTT-1,0.000801,0.9976,0.001599
ACAAGGATGCTTTAGG-1,0.000123,0.999632,0.000245
ACAAGGGCAGGCTCTG-1,0.000051,0.507052,0.492897
ACAATAGTCGTACGTT-1,0.000058,0.999826,0.000116
ACAATCCATTTAAACC-1,0.003735,0.905086,0.091179
ACAATGATTCTTCTAC-1,0.020177,0.979041,0.000783
ACAATTGTGTCTCTTT-1,0.000046,0.999863,0.000091
ACAATTTAGGAGGCTC-1,0.018539,0.944406,0.037055
ACAATTTGAGCAGTGG-1,0.000138,0.883629,0.116233
ACAATTTGGCCATATT-1,0.000118,0.999646,0.000236
ACACAAAGACGGGTGG-1,0.008448,0.991324,0.000228
ACACAAATATTCCTAG-1,0.064801,0.930029,0.00517
ACACACCAGGACCAGT-1,0.00008,0.98803,0.011891
ACACACTTTCTACACG-1,0.002851,0.883319,0.11383
ACACATTGACGCAACA-1,0.001765,0.994706,0.003529
ACACCACATAATTAGC-1,0.105035,0.892349,0.002616
ACACCCAGCATGCAGC-1,0.007956,0.960648,0.031395
ACACCCGAGAAATCCG-1,0.001566,0.995304,0.003131
ACACCCGTAAATCTGT-1,0.005586,0.993633,0.000781
ACACCGAGCGCTCTTT-1,0.006174,0.981478,0.012349
ACACCTTAAGTAGGGC-1,0.000148,0.974681,0.025171
ACACCTTACTACTTGC-1,0.00278,0.991662,0.005558
ACACGTAGGCCACAAG-1,0.000628,0.998116,0.001256
ACACTCCAATGTCACT-1,0.001522,0.995433,0.003045
ACACTGGGACAGTCGT-1,0.000767,0.9977,0.001533
ACAGAACTGAGAACAA-1,0.001793,0.994621,0.003585
ACAGATTAGGTTAGTG-1,0.000171,0.960429,0.0394
ACAGCATAGAGCCAGT-1,0.002315,0.91336,0.084325
ACAGCGACATTCTCAT-1,0.000984,0.997049,0.001967
ACAGGAGGCGCAGCCG-1,0.011112,0.500669,0.48822
ACAGGCACGGATCCTT-1,0.000194,0.999417,0.000389
ACAGGCTTGCCCGACT-1,0.00897,0.961879,0.029151
ACAGGTGTGTTGTTGC-1,0.037037,0.888887,0.074076
ACAGTAATACAACTTG-1,0.0003,0.999101,0.000599
ACAGTATACCGTGGGA-1,0.00171,0.994869,0.00342
ACATAAGTCGTGGTGA-1,0.000063,0.999812,0.000125
ACATAATAAGGCGGTG-1,0.000043,0.935641,0.064316
ACATCAGCTGGGACGC-1,0.005851,0.982451,0.011698
ACATCCCGGCCATACG-1,0.001589,0.995235,0.003176
ACATCCTGGTAACTGT-1,0.000097,0.99971,0.000193
ACATCGGTCAGCCGCG-1,0.000635,0.998095,0.00127
ACATCGTATGCAATGG-1,0.000097,0.948739,0.051163
ACATGGCGCCAAAGTA-1,0.0001,0.985965,0.013935
ACATGGCTCAATTTAG-1,0.000235,0.93602,0.063745
ACATTAGTTTATATCC-1,0.000219,0.785015,0.214765
ACCAAACACCCAGCGA-1,0.002588,0.992243,0.005169
ACCAACACCACACACT-1,0.041084,0.956931,0.001985
ACCAACCGCACTCCAC-1,0.00009,0.987072,0.012838
ACCAAGAACGCGTGTC-1,0.001793,0.994622,0.003586
ACCAAGTCATCGGCAG-1,0.000206,0.966681,0.033113
ACCAATATGCAAGTTA-1,0.027202,0.971781,0.001017
ACCACAAGTTTCTATC-1,0.00007,0.963915,0.036014
ACCACCAATGTAACAA-1,0.000409,0.998774,0.000817
ACCACCCTCTCTTCTA-1,0.001463,0.995612,0.002925
ACCACGTGCAGCTATA-1,0.000142,0.931033,0.068825
ACCACTGTTCAAGAAG-1,0.000794,0.997618,0.001588
ACCAGACCATAACAAC-1,0.027827,0.916603,0.05557
ACCAGGAGTGTGATCT-1,0.000034,0.914667,0.085298
ACCAGTGCCCGGTCAA-1,0.000461,0.964366,0.035173
ACCAGTGCGGGAGACG-1,0.000034,0.999899,0.000067
ACCATCCGCCAACTAG-1,0.000862,0.997415,0.001723
ACCATCGTATATGGTA-1,0.000122,0.999633,0.000245
ACCATTAAGGGTGTCA-1,0.000386,0.998842,0.000772
ACCCAACGCCCGTGGC-1,0.000215,0.900914,0.098872
ACCCACCTACATGCTC-1,0.000483,0.99855,0.000967
ACCCATCTTGAGGGTA-1,0.000243,0.983095,0.016662
ACCCATTTGTCCCTCT-1,0.001324,0.934355,0.064321
ACCCGAGCGAAATTAC-1,0.000147,0.896987,0.102866
ACCCGATTGGTTCCGA-1,0.00008,0.931043,0.068877
ACCCGGAAACTCCCAG-1,0.203029,0.796955,0.000016
ACCCGGAGCACCACAA-1,0.001483,0.995553,0.002964
ACCCGGATGACGCATC-1,0.000172,0.999485,0.000344
ACCCGTAGTCTAGTTG-1,0.005741,0.955007,0.039252
ACCCTATAGGACTGAG-1,0.001049,0.996854,0.002097
ACCCTATGCCATATCG-1,0.000153,0.955575,0.044272
ACCCTCCCGTCAGGGC-1,0.000187,0.9414,0.058414
ACCCTCCCTTGCTATT-1,0.000106,0.984331,0.015563
ACCCTGGTAACGCCCT-1,0.003705,0.988884,0.007411
ACCCTTCATCTGCGAA-1,0.005557,0.983329,0.011114
ACCCTTGCCTGGGTCG-1,0.053627,0.779253,0.167121
ACCGAAAGGGCCCTGC-1,0.000046,0.975747,0.024207
ACCGAAGAGTCTGGTT-1,0.004261,0.995573,0.000166
ACCGACACATCTCCCA-1,0.001482,0.827769,0.170749
ACCGATAGGCATAACC-1,0.000522,0.998434,0.001044
ACCGATATTTAATCAT-1,0.000129,0.999613,0.000258
ACCGATGGTAGCATCG-1,0.012407,0.987466,0.000127
ACCGCAATAACTGCCT-1,0.000111,0.983861,0.016027
ACCGCGGTGGAAGTCG-1,0.000176,0.999472,0.000352
ACCGGGCCTTTGTTGA-1,0.000079,0.999763,0.000158
ACCGTCCACTGGGCCC-1,0.00028,0.99916,0.00056
ACCGTGACCACGTGGG-1,0.000397,0.831629,0.167974
ACCGTTCCCGCTCTGA-1,0.000082,0.993592,0.006326
ACCTAAGTACCTTTCA-1,0.00034,0.99898,0.00068
ACCTAATCGACTTCCT-1,0.000086,0.999742,0.000172
ACCTACAGTATGTGGT-1,0.001308,0.996077,0.002615
ACCTACTATAAATCTA-1,0.000103,0.985095,0.014802
ACCTCCGCCCTCGCTG-1,0.001389,0.995832,0.002778
ACCTCCGTTATTCACC-1,0.00247,0.99259,0.00494
ACCTGCGTGTCATGTT-1,0.02463,0.975297,0.000073
ACGAAATGGGCGGCAC-1,0.000043,0.938869,0.061087
ACGACCCATGAGTTGC-1,0.000722,0.997835,0.001443
ACGACTCTAGGGCCGA-1,0.001504,0.995492,0.003004
ACGACTGGTCATACTC-1,0.001853,0.848903,0.149244
ACGAGAACCCATCACG-1,0.000934,0.997198,0.001868
ACGAGGATACCACTCT-1,0.000073,0.984321,0.015607
ACGAGGTTTACAACGT-1,0.000142,0.998573,0.001285
ACGAGTACGGATGCCC-1,0.002924,0.884039,0.113036
ACGAGTCGCCGGCGTT-1,0.009267,0.849636,0.141097
ACGATACCTATCCTGA-1,0.015877,0.952374,0.03175
ACGATCATACATAGAG-1,0.000066,0.977274,0.02266
ACGATCATCTTGTAAA-1,0.001001,0.996996,0.002003
ACGATGCATATGTTAT-1,0.000041,0.993398,0.006561
ACGATGGATCCGATGC-1,0.002268,0.993194,0.004537
ACGCAAACTAATAGAT-1,0.002851,0.991449,0.0057
ACGCAATCACTACAGC-1,0.000494,0.998518,0.000988
ACGCATAAATGACATG-1,0.000354,0.909139,0.090507
ACGCATACGTTTACTA-1,0.001611,0.995167,0.003222
ACGCCTGACACGCGCT-1,0.001523,0.995432,0.003045
ACGCGCTACACAGGGT-1,0.007853,0.991268,0.000879
ACGCGTTTCTTAAGAG-1,0.009266,0.972211,0.018523
ACGCTAGTGATACACT-1,0.000117,0.999649,0.000234
ACGCTGTGAGGCGTAG-1,0.000055,0.999836,0.000109
ACGGAATTTAGCAAAT-1,0.001566,0.995303,0.003131
ACGGACTCTCAAAGCG-1,0.001463,0.995612,0.002925
ACGGAGCGCAAATTAC-1,0.000934,0.997197,0.001868
ACGGATGGTGCGGATA-1,0.025988,0.970566,0.003447
ACGGCACTTGCTTGGG-1,0.000441,0.879712,0.119847
ACGGCGACGATGGGAA-1,0.000101,0.952844,0.047055
ACGGCGGGTTGCCCTG-1,0.00013,0.999611,0.000259
ACGGGAGTGTCGGCCC-1,0.000073,0.999781,0.000146
ACGGGCGTATGCGACA-1,0.001884,0.994348,0.003768
ACGGGTCATGTGACTT-1,0.00041,0.998769,0.00082
ACGGTACAGTTCAATG-1,0.000695,0.997915,0.001389
ACGTACAGATTTCTCT-1,0.003269,0.990193,0.006538
ACGTAGGAGAGTCGCT-1,0.000038,0.999886,0.000076
ACGTATTACTCCGATC-1,0.000153,0.999542,0.000305
ACGTCTCGTTCCGGGA-1,0.000173,0.999481,0.000346
ACGTGACAAAGTAAGT-1,0.028463,0.97127,0.000267
ACGTGCGCCTCGTGCA-1,0.000116,0.999651,0.000233
ACGTTAGATTTGCCCG-1,0.000691,0.997929,0.001381
ACGTTATTGGTCACTC-1,0.000573,0.998281,0.001146
ACGTTCCGCGCTCCGT-1,0.000109,0.98126,0.018631
ACGTTCGCAATCAATT-1,0.001635,0.995096,0.003269
ACGTTCGTTCAGGAAA-1,0.000475,0.86614,0.133385
ACGTTCTGTACAAGTC-1,0.000238,0.999286,0.000476
ACGTTTAGTTGTGATC-1,0.000284,0.999144,0.000572
ACTAAGGACGCACACC-1,0.002181,0.993461,0.004358
ACTACCAGCTCTCTGG-1,0.000436,0.89313,0.106434
ACTACGCGTTAGAATT-1,0.069762,0.928915,0.001323
ACTAGTTGCGATCGTC-1,0.000481,0.952081,0.047438
ACTATATGCTGTGTTC-1,0.000106,0.999683,0.000211
ACTATCCAGGGCATGG-1,0.000695,0.997916,0.001389
ACTATCGCCGGCTAAA-1,0.000611,0.998168,0.001221
ACTATCTGCCCGCGTA-1,0.000309,0.999074,0.000618
ACTATTTCCGGGCCCA-1,0.000153,0.959564,0.040283
ACTCAACGAATGTATT-1,0.000271,0.999187,0.000542
ACTCAAGTGCAAGGCT-1,0.000136,0.999591,0.000273
ACTCAGACCTGCTTCT-1,0.000133,0.999601,0.000266
ACTCCAATATCATCAT-1,0.000048,0.733962,0.26599
ACTCCCATTCCTAAAG-1,0.000081,0.999758,0.000161
ACTCCCGAATTCGTTT-1,0.00285,0.99145,0.0057
ACTCCCGTAGACTAGG-1,0.002365,0.992904,0.00473
ACTCCCTAATGCTAAA-1,0.035766,0.922721,0.041513
ACTCCCTAGAATAGTA-1,0.000072,0.84064,0.159288
ACTCCGGCCGACCACT-1,0.000147,0.999559,0.000294
ACTCGATGTATTTCAT-1,0.00036,0.998921,0.000719
ACTCGCCGTTCGATAA-1,0.000278,0.999166,0.000556
ACTCGCGATCTGACGC-1,0.001793,0.994622,0.003585
ACTCGTAACCCGTCCT-1,0.000091,0.999728,0.000181
ACTCTAAACCTGGGAT-1,0.003834,0.988499,0.007666
ACTCTCTGACTTAGGT-1,0.000078,0.724592,0.27533
ACTCTGACCTAATAGA-1,0.000116,0.900253,0.09963
ACTCTTCAGCTCCCGC-1,0.000919,0.997244,0.001837
ACTGAAACGCCGTTAG-1,0.000319,0.999044,0.000637
ACTGAATGGCGAAAGT-1,0.000144,0.883779,0.116077
ACTGCCGTCGTAACTC-1,0.000463,0.947505,0.052032
ACTGCGGACACACCGT-1,0.001852,0.994442,0.003705
ACTGCTCGGAAGGATG-1,0.000157,0.999528,0.000315
ACTGGCGAACCTGCGT-1,0.000942,0.997174,0.001884
ACTGGGATGCCAGTGC-1,0.003269,0.990193,0.006539
ACTGTAGCACTTTGGA-1,0.01281,0.917169,0.070021
ACTGTATACGCGAGCA-1,0.001852,0.994443,0.003705
ACTGTCCAGGATTATA-1,0.000094,0.99972,0.000187
ACTGTGCTAGTAGATC-1,0.001852,0.994441,0.003706
ACTTACGCATCCACGC-1,0.021477,0.978293,0.00023
ACTTAGTACGACAAGA-1,0.015999,0.980633,0.003368
ACTTATACTTACCCGG-1,0.000136,0.999592,0.000272
ACTTATTTATGTGCCA-1,0.000141,0.999576,0.000283
ACTTCAGGCTGATCCC-1,0.000056,0.955545,0.044399
ACTTCCAGTGGAAGCT-1,0.00009,0.99973,0.00018
ACTTCCATGCGGGACA-1,0.000119,0.942027,0.057855
ACTTCGCTAGCGAGTG-1,0.001123,0.996632,0.002246
ACTTGCCATATTGTAC-1,0.000246,0.999262,0.000492
ACTTGGGACCCGGTGG-1,0.000046,0.999863,0.000091
ACTTGTAGTCCCTTCA-1,0.000097,0.99971,0.000194
ACTTGTGGATGGAACG-1,0.000911,0.997266,0.001822
ACTTTACCCTCATGAA-1,0.001659,0.995023,0.003318
ACTTTCCTATAGCTTC-1,0.000089,0.988187,0.011724
ACTTTGACTGCATCCT-1,0.000351,0.998948,0.000701
ACTTTGTCGACGCACT-1,0.000104,0.999688,0.000208
AGAAATTATGACTCGC-1,0.019689,0.946378,0.033933
AGAACCCAGCGTGACA-1,0.000124,0.999627,0.000248
AGAACCCTCAATTGGG-1,0.045346,0.954006,0.000648
AGAAGAGCGCCGTTCC-1,0.000958,0.997125,0.001916
AGAAGGTACACTTCAC-1,0.000046,0.999862,0.000092
AGAAGGTTGCCGAATT-1,0.000112,0.952895,0.046994
AGAAGGTTGTAGGTCG-1,0.000311,0.93799,0.061699
AGAAGTGATTCGTGAT-1,0.000159,0.999522,0.000319
AGAATAAATCTTCAGG-1,0.006478,0.993129,0.000393
AGAATGCGGGTTCGGA-1,0.000065,0.975047,0.024888
AGAATTATGGATTCGA-1,0.011691,0.956867,0.031442
AGAATTGTTTGACATA-1,0.001195,0.996414,0.002391
AGACAGCTCAGAATCC-1,0.001196,0.996414,0.00239
AGACAGGCATCTCAGC-1,0.003564,0.996336,0.0001
AGACATAGATCCTTCC-1,0.000209,0.999372,0.000419
AGACCAAACCACACCT-1,0.000176,0.999472,0.000352
AGACCATGGGATACAA-1,0.000117,0.99965,0.000233
AGACCCACCGCTGATC-1,0.000054,0.668464,0.331482
AGACCCGCCCTCCTCG-1,0.000076,0.942518,0.057406
AGACCGCTCCGCGGTT-1,0.000241,0.999278,0.000481
AGACCGGGAAACCCTG-1,0.003414,0.954922,0.041664
AGACGAAGTGCCGGTC-1,0.000015,0.999956,0.000029
AGACGCCCACTTCGCC-1,0.001249,0.996253,0.002498
AGACTAGCCTTCCAGA-1,0.000012,0.99605,0.003937
AGACTGTTACCGGGTC-1,0.001916,0.994251,0.003833
AGAGAAACACCAGAAA-1,0.000107,0.981219,0.018674
AGAGAACCGTCTAGGA-1,0.000119,0.999643,0.000238
AGAGAAGGAGTACAAT-1,0.000064,0.714161,0.285775
AGAGATCTCTAAAGCG-1,0.000082,0.999753,0.000165
AGAGCAGTTATGAGAC-1,0.003706,0.988885,0.007409
AGAGCCGCCGAGATTT-1,0.038329,0.956839,0.004832
AGAGCGCTTGTAACGG-1,0.002223,0.99333,0.004446
AGAGCGGGCTAATCAT-1,0.000119,0.95134,0.048541
AGAGCGTACAAGCTCG-1,0.00011,0.999669,0.000221
AGAGCTACGAAAGCAT-1,0.000479,0.998563,0.000958
AGAGGCTTCGGAAACC-1,0.000068,0.999795,0.000137
AGAGGGACAATTGTCC-1,0.0002,0.999401,0.000399
AGAGGTATCTCGGTCC-1,0.000099,0.897867,0.102035
AGAGTAAACTTCACTA-1,0.000194,0.999418,0.000388
AGAGTATAGTGTTACG-1,0.00309,0.990736,0.006174
AGAGTGAACAGACACC-1,0.014247,0.948443,0.03731
AGAGTTGCAGGCCTCC-1,0.001292,0.996123,0.002585
AGATAACTTCAGGGCC-1,0.000028,0.982317,0.017655
AGATACCAATAGAACC-1,0.000708,0.997876,0.001416
AGATACCAGCACTTCA-1,0.001425,0.995725,0.00285
AGATACCGGTGTTCAC-1,0.001079,0.996763,0.002158
AGATACGACTTCATAT-1,0.000625,0.998126,0.001249
AGATACTCAAGATCGA-1,0.000081,0.877561,0.122358
AGATATAATACGACTA-1,0.000227,0.999318,0.000455
AGATCGTGCATAAGAT-1,0.001884,0.994347,0.003768
AGATGACTCGCCCACG-1,0.000186,0.999441,0.000372
AGATGATGGAGTCTGG-1,0.00089,0.997332,0.001778
AGATGCAAGACGTGCA-1,0.00049,0.998531,0.000979
AGATGCATCCTGTGTC-1,0.00019,0.999429,0.000381
AGATGCTATAACGAGC-1,0.000496,0.998511,0.000992
AGATTATAGGACGTTT-1,0.000075,0.904927,0.094998
AGATTCACAACCGATA-1,0.000064,0.999809,0.000127
AGCAAAGGCCGCTAGT-1,0.004123,0.699374,0.296503
AGCAACATATCTTATT-1,0.000056,0.999831,0.000113
AGCAACCGAAAGTAAT-1,0.001081,0.996761,0.002158
AGCACCAGTACTCACG-1,0.000167,0.999498,0.000334
AGCACTACCGGCCTGT-1,0.000293,0.999122,0.000585
AGCACTACCTCACCAG-1,0.000047,0.867954,0.131999
AGCACTTAAGGACGCC-1,0.000239,0.999284,0.000477
AGCAGAAGGAGAAAGA-1,0.000221,0.999337,0.000442
AGCAGCCAGATGAATA-1,0.002268,0.993196,0.004537
AGCATATCAATATGCT-1,0.000034,0.999898,0.000068
AGCATCATTTCGAAAG-1,0.012946,0.986897,0.000157
AGCATCGTCGATAATT-1,0.000423,0.998732,0.000845
AGCATTACGAGGCAAG-1,0.000869,0.997394,0.001737
AGCCAAGCTTTGTGTC-1,0.000191,0.905183,0.094626
AGCCACAGGTTACCCG-1,0.000319,0.887497,0.112183
AGCCACTCCCGTGCTT-1,0.000184,0.902409,0.097406
AGCCATATAGTATGTG-1,0.000096,0.999712,0.000192
AGCCCATACATGTAAG-1,0.000063,0.961419,0.038519
AGCCCGCAACAAGCAG-1,0.000047,0.999859,0.000094
AGCCCGGTAGCCTGTA-1,0.00134,0.995982,0.002678
AGCCCTAAGCGAAGTT-1,0.000105,0.999686,0.000209
AGCCCTGTCGCACCGT-1,0.018197,0.979624,0.00218
AGCCCTTCTAATCCGA-1,0.000102,0.999695,0.000203
AGCCCTTGGACATCCC-1,0.03923,0.91863,0.04214
AGCCGCAAATTCAAAT-1,0.111111,0.666667,0.222222
AGCCGCTTGATTAGCG-1,0.001985,0.994045,0.00397
AGCCGTGGCTAAATGT-1,0.000074,0.998731,0.001195
AGCCTAATACCCACGT-1,0.000215,0.949549,0.050236
AGCCTTAAAGCGGAAG-1,0.001011,0.876279,0.122711
AGCGACATCCCATTCA-1,0.000281,0.980375,0.019345
AGCGACCAACGATATT-1,0.000091,0.91432,0.085589
AGCGATGCGCCTAATA-1,0.009671,0.990146,0.000183
AGCGCTAGAGCGATGT-1,0.001885,0.994347,0.003768
AGCGGACACTTCGTAG-1,0.000173,0.969652,0.030175
AGCGGCGGTTAGCGGT-1,0.000251,0.999247,0.000502
AGCGGGAAGGGTCCAT-1,0.001444,0.995668,0.002888
AGCGGGTCTGACACTC-1,0.000219,0.999344,0.000438
AGCGGTTGCCGCTCTG-1,0.05185,0.947596,0.000554
AGCGTACGAGAGCTAG-1,0.000082,0.999754,0.000164
AGCGTAGCGCTAGACC-1,0.007938,0.976187,0.015876
AGCGTCTGAACCCGCA-1,0.000051,0.999846,0.000103
AGCTAACAAGCAATGT-1,0.000035,0.983513,0.016452
AGCTAAGTACGCAGGC-1,0.00022,0.999341,0.000439
AGCTAGAAGCAGAAGT-1,0.000114,0.999657,0.000229
AGCTCCATATATGTTC-1,0.000783,0.883658,0.115559
AGCTCCTTCGCACATC-1,0.000106,0.999683,0.000212
AGCTCGTTGATGGAAA-1,0.050632,0.948344,0.001024
AGCTCTTCGTAACCTT-1,0.000505,0.952788,0.046707
AGCTCTTTACTCAGTT-1,0.000128,0.999616,0.000256
AGCTGTAACCTCAATC-1,0.000228,0.999317,0.000456
AGCTTATAGAGACCTG-1,0.002021,0.993937,0.004041
AGCTTCTTCTCGAGCA-1,0.000249,0.999254,0.000497
AGCTTGATCTTAACTT-1,0.000079,0.999762,0.000158
AGGAAAGCCTCTGATG-1,0.002416,0.99275,0.004834
AGGAACGAACGACTTC-1,0.000334,0.998999,0.000668
AGGAAGCTGTCCGCCG-1,0.000553,0.998341,0.001106
AGGACAGTCGAATCCC-1,0.000098,0.994796,0.005106
AGGACATCGCACGTCG-1,0.002097,0.993709,0.004194
AGGACATCGGCACACT-1,0.001523,0.995432,0.003045
AGGACTTATAGGAGAA-1,0.000545,0.998365,0.00109
AGGAGACATCCACAGT-1,0.044593,0.952481,0.002925
AGGAGAGTCTGGCTAC-1,0.003175,0.990474,0.006351
AGGAGGCCTTCGCGCG-1,0.00007,0.983205,0.016725
AGGATAAAGTCGGGAT-1,0.008526,0.940996,0.050478
AGGATATAGGGATTTA-1,0.000044,0.999869,0.000088
AGGATATCCGACTGCA-1,0.000475,0.998575,0.00095
AGGATCACGCGATCTG-1,0.000388,0.998838,0.000774
AGGATTGCTTACGACA-1,0.001951,0.994149,0.0039
AGGCAAAGAGGAATCA-1,0.000026,0.990775,0.009199
AGGCAATACGGAGGAC-1,0.009264,0.972213,0.018522
AGGCACGTGACTGTCC-1,0.000403,0.998792,0.000805
AGGCAGATGCGTAAAC-1,0.000115,0.953953,0.045932
AGGCAGGGAGCGTACT-1,0.000624,0.998127,0.001249
AGGCATTGTCGTAGGG-1,0.00011,0.999669,0.00022
AGGCCACATTGGTTAC-1,0.000078,0.996896,0.003027
AGGCCACCCGTTATGA-1,0.000399,0.998805,0.000797
AGGCCCAGTGACTGGT-1,0.000081,0.99524,0.004679
AGGCCCATTGTACAGG-1,0.003087,0.990738,0.006175
AGGCCCTAGAACGCCA-1,0.000163,0.99951,0.000326
AGGCCTATCATACCAA-1,0.001195,0.996415,0.00239
AGGCCTGAGAATCTCG-1,0.000236,0.929636,0.070129
AGGCGATAACTGGCGT-1,0.022912,0.974377,0.002711
AGGCGGTTTGTCCCGC-1,0.00057,0.99829,0.00114
AGGCGTCTATGGACGG-1,0.002223,0.993331,0.004446
AGGCTATGGTTAGCTT-1,0.000111,0.999668,0.000222
AGGCTTGCTAGACACC-1,0.001222,0.996335,0.002443
AGGGACAGCACGGCGG-1,0.00065,0.99805,0.0013
AGGGACCGGCTGCGTT-1,0.000682,0.997954,0.001364
AGGGAGACATACTTCG-1,0.00031,0.897466,0.102224
AGGGCCCTAATGTTCT-1,0.002779,0.991664,0.005557
AGGGCGAGCAGCTGAT-1,0.000061,0.999817,0.000122
AGGGCGTGATCGGCTA-1,0.003473,0.989579,0.006948
AGGGTCAGAGCACTCG-1,0.002022,0.876481,0.121497
AGGGTCAGTAACCCTA-1,0.000699,0.997902,0.001398
AGGGTCGATGCGAACT-1,0.000035,0.987822,0.012143
AGGGTCTGGACGCAGT-1,0.000236,0.999292,0.000472
AGGGTGCCGTTCTTTA-1,0.000811,0.932569,0.06662
AGGGTGCTCTCGAGGG-1,0.000089,0.999733,0.000178
AGGGTGGATAGTGCAT-1,0.007408,0.977774,0.014818
AGGGTGTGCTACACGC-1,0.00083,0.919759,0.079411
AGGGTTCCCTTTGGTT-1,0.000319,0.999044,0.000637
AGGTAACCTCCTATTC-1,0.003003,0.990988,0.006009
AGGTAGATCGAGATAT-1,0.000527,0.863164,0.136309
AGGTAGGTACAAAGCT-1,0.000071,0.999787,0.000142
AGGTATAATTGATAGT-1,0.003706,0.988885,0.00741
AGGTATGCGGACATTA-1,0.00397,0.988091,0.007939
AGGTCAGGTGAGAGTG-1,0.003167,0.996728,0.000105
AGGTCGCCACTTCGGT-1,0.004118,0.869206,0.126677
AGGTCGCCTCCCAACA-1,0.001544,0.995369,0.003087
AGGTCGCGGAGTTACT-1,0.007941,0.976182,0.015877
AGGTGCACGTCCACAT-1,0.000713,0.997862,0.001425
AGGTGGTGACCTTCGC-1,0.000767,0.9977,0.001533
AGGTGTATCGCCATGA-1,0.000054,0.999838,0.000108
AGGTGTTGCCGACCAC-1,0.001886,0.994346,0.003768
AGGTTACACCATGCCG-1,0.001279,0.996166,0.002555
AGTAACTATAGCAGCC-1,0.000383,0.99885,0.000767
AGTAATGTCTTGCCGC-1,0.000639,0.998084,0.001278
AGTACATCATTTATCA-1,0.000618,0.998147,0.001235
AGTACCTTCGAGTGCT-1,0.000089,0.978778,0.021133
AGTACGGCCCGTATCG-1,0.248306,0.751563,0.000131
AGTACTCTTATGCCCA-1,0.000073,0.960054,0.039872
AGTAGAAGGCGCCTCA-1,0.0001,0.999701,0.000199
AGTAGGTAACATACAT-1,0.001463,0.995613,0.002925
AGTATAATACTAGGCA-1,0.00011,0.999671,0.000219
AGTATACACAGCGACA-1,0.000756,0.883409,0.115835
AGTATCCATAATAACG-1,0.018331,0.979084,0.002585
AGTCAAATGATGTGAT-1,0.00134,0.995982,0.002678
AGTCAAGATGACACTT-1,0.000084,0.980623,0.019293
AGTCACTAGCTCTCGA-1,0.000296,0.999111,0.000593
AGTCACTCCGCCTCAT-1,0.000069,0.999792,0.000139
AGTCAGCCACCGCCTG-1,0.001425,0.903296,0.09528
AGTCCAGCGGGTACGT-1,0.000058,0.992393,0.007549
AGTCCATTGGCTGATG-1,0.000053,0.999842,0.000105
AGTCCCTCGCAGAAAG-1,0.001918,0.994249,0.003833
AGTCGACGGTCTCAAG-1,0.000092,0.888279,0.111629
AGTCGGCCCAAACGAC-1,0.000353,0.998941,0.000706
AGTCGGCTCAACTTTA-1,0.000037,0.99441,0.005553
AGTCGGTTGCGTGAGA-1,0.08908,0.905361,0.005559
AGTCGTATAAAGCAGA-1,0.000309,0.968857,0.030834
AGTCGTCGACCACCAA-1,0.000576,0.998272,0.001152
AGTCGTGGGCATTACG-1,0.003089,0.990737,0.006174
AGTCTAAAGTATACTC-1,0.001444,0.995669,0.002887
AGTCTGGACATCCTTG-1,0.001659,0.995023,0.003318
AGTCTTCTCCTCAAAT-1,0.000229,0.959101,0.04067
AGTCTTTAAAGTGTCC-1,0.000582,0.998254,0.001164
AGTGAACAAACTTCTC-1,0.000039,0.999883,0.000078
AGTGAAGATGGTGTCC-1,0.00134,0.995982,0.002678
AGTGAGACTTCCAGTA-1,0.000113,0.979451,0.020436
AGTGAGCCTCGCCGCC-1,0.001324,0.996029,0.002647
AGTGAGTCGAATTAAC-1,0.000272,0.999183,0.000545
AGTGATAACCTGCGCG-1,0.003671,0.917974,0.078355
AGTGATTCAAGCAGGA-1,0.000293,0.99912,0.000587
AGTGCACGCTTAAGAA-1,0.000024,0.999927,0.000049
AGTGCTAAACACAGCA-1,0.000471,0.990502,0.009027
AGTGCTTGCACGAATA-1,0.000246,0.999262,0.000492
AGTGGCGTCTGAAGGT-1,0.000104,0.999689,0.000207
AGTGGCTCCGTCGGCC-1,0.00011,0.99967,0.00022
AGTGGGAGTATACACG-1,0.178066,0.766377,0.055557
AGTGGTGTTACCCGTG-1,0.000482,0.998556,0.000962
AGTGGTTGCGTATAGG-1,0.027778,0.916653,0.055569
AGTGTGCTAAGATCGC-1,0.000316,0.999053,0.000631
AGTGTGGTCTATTGTG-1,0.004445,0.986663,0.008891
AGTTAAACACTTGCGA-1,0.007318,0.992628,0.000054
AGTTAAGTCAACCGCT-1,0.000934,0.997198,0.001868
AGTTACCCTTAAGACT-1,0.001612,0.995166,0.003222
AGTTACCGCACATGGT-1,0.001196,0.996414,0.00239
AGTTCACCGGTTGGAC-1,0.002223,0.993332,0.004445
AGTTCCTACAGAATTA-1,0.000051,0.992093,0.007857
AGTTCTGCGTTGTATC-1,0.000919,0.997244,0.001837
AGTTGACATCGGCTGG-1,0.000316,0.999053,0.000632
AGTTGACGGTCCTTGC-1,0.000297,0.999108,0.000594
AGTTGCTGACTGATAT-1,0.002316,0.993053,0.004631
AGTTGGCAAGGCTAGA-1,0.000138,0.981998,0.017864
AGTTTATGTAAAGACA-1,0.001737,0.99479,0.003473
AGTTTCGCAGGTCGGA-1,0.005058,0.984838,0.010104
AGTTTGCACCTGCCTC-1,0.016145,0.983185,0.00067
AGTTTGGCACGGGTTG-1,0.000037,0.999889,0.000074
AGTTTGGCCAGACCTA-1,0.002365,0.992905,0.00473
ATAAACCATTGGACGG-1,0.000105,0.965227,0.034668
ATAAACGGACCCGTAA-1,0.000053,0.673014,0.326933
ATAAACGTTGCACCAC-1,0.000443,0.932313,0.067244
ATAAAGGCTCGGTCGT-1,0.000043,0.99987,0.000087
ATAAATATTAGCAGCT-1,0.000062,0.999814,0.000124
ATAACGTTACCTCCAC-1,0.001426,0.995725,0.00285
ATAAGCAAACACCGAG-1,0.001293,0.996123,0.002585
ATAAGGTGGAGAACAT-1,0.000106,0.960359,0.039535
ATAAGTACCCGATTGT-1,0.03017,0.966742,0.003087
ATAAGTAGGATTCAGA-1,0.000695,0.861188,0.138116
ATAAGTAGGGCGACTC-1,0.001544,0.995369,0.003087
ATAATACCGTTAGCCG-1,0.001611,0.995167,0.003222
ATAATAGCTGTTGAAT-1,0.000171,0.882815,0.117014
ATAATAGTGTAGGGAC-1,0.002268,0.993196,0.004536
ATAATCTTGGAGAACC-1,0.000167,0.966411,0.033422
ATAATTAGCTAAGTAG-1,0.000112,0.999665,0.000224
ATACAGGCCCTCCAAT-1,0.011433,0.988418,0.000149
ATACCACGGGCAACTT-1,0.002665,0.926517,0.070818
ATACCAGCAAATTGCT-1,0.000042,0.999874,0.000084
ATACCAGGCTAATAGA-1,0.001822,0.994534,0.003644
ATACCCTGGCTCAAAT-1,0.00666,0.992743,0.000598
ATACCGTCATCCATAA-1,0.003474,0.989579,0.006947
ATACCTAACCAAGAAA-1,0.059317,0.940346,0.000337
ATACGAAGGCTTTCCA-1,0.00109,0.996731,0.002179
ATACGCCGATCTACCG-1,0.000023,0.950663,0.049314
ATACGGAACGTCGTTT-1,0.000926,0.997221,0.001852
ATACGGGTTTCGATTG-1,0.001158,0.996526,0.002316
ATACGGTGAAGATGCA-1,0.006946,0.979163,0.013891
ATACGTACTTAGCCAC-1,0.000139,0.919781,0.08008
ATACGTCCACTCCTGT-1,0.000021,0.999937,0.000042
ATACGTTATGCACGGA-1,0.000315,0.999055,0.00063
ATACTACCCGTACCAC-1,0.000801,0.9976,0.001599
ATACTAGCATGACCCT-1,0.000068,0.99487,0.005063
ATACTCTCGCCACTCT-1,0.000082,0.999755,0.000163
ATACTGCCTTACACCG-1,0.000205,0.999385,0.00041
ATACTTGTTCTCGAGC-1,0.005561,0.98332,0.011119
ATAGACGAAGAGAAAG-1,0.000048,0.999475,0.000477
ATAGAGTACTGGGACA-1,0.000129,0.999614,0.000257
ATAGCAACTAGGGAAG-1,0.009338,0.953716,0.036946
ATAGCCTCAGTACCCA-1,0.052345,0.94609,0.001566
ATAGCTGCTCTTGTTA-1,0.000249,0.999252,0.000498
ATAGGCGGCTATAGAA-1,0.000187,0.99944,0.000374
ATAGGCTAGCTTCGCA-1,0.000105,0.999684,0.000211
ATAGGTTGGGCAGATG-1,0.005072,0.930648,0.064281
ATAGTCTTTGACGTGC-1,0.000292,0.999125,0.000584
ATAGTTCCACCCACTC-1,0.000481,0.998557,0.000962
ATATAAAGCGCTCGTG-1,0.015677,0.983701,0.000623
ATATAAATGTAGCTGC-1,0.000059,0.958729,0.041212
ATATAACACGGGCGCA-1,0.000104,0.99593,0.003966
ATATACATGTATGGTA-1,0.010104,0.96969,0.020206
ATATACGCTCGTGACG-1,0.0267,0.971911,0.001389
ATATCAACCTACAGAG-1,0.000238,0.999286,0.000476
ATATCAATTCCAGCCT-1,0.001712,0.998144,0.000144
ATATCGGTAGGGAGAT-1,0.001001,0.996996,0.002003
ATATCGTTCCTCGAAC-1,0.000374,0.998877,0.000749
ATATGGGATAGCAACT-1,0.0001,0.9997,0.0002
ATATGTCTCCCTAGCC-1,0.000103,0.999692,0.000205
ATATGTGCACAAACCA-1,0.001049,0.996854,0.002097
ATATTATCCCGTATTT-1,0.007939,0.845384,0.146677
ATATTCAGTTAAACCT-1,0.00012,0.999641,0.000239
ATATTCCACATAGTGA-1,0.000128,0.938177,0.061695
ATATTCCCACAGGTCA-1,0.00397,0.988089,0.007941
ATATTGCTGTCAAAGT-1,0.002849,0.991452,0.005699
ATATTGGAGAGGCCTT-1,0.001853,0.994443,0.003704
ATATTTAACCCTCAAG-1,0.00008,0.986038,0.013883
ATCAAACACTGTTCCA-1,0.000215,0.940983,0.058802
ATCAAACGAAGGTTTG-1,0.000165,0.967674,0.032162
ATCAAGATCCCAGGAC-1,0.000079,0.999763,0.000158
ATCAATGCCGTGGCTG-1,0.000542,0.998373,0.001084
ATCACGTGCTAATTAA-1,0.000184,0.999448,0.000368
ATCACTTCATCCTCGC-1,0.047102,0.931829,0.021069
ATCAGACGGCACGCCG-1,0.000231,0.999308,0.000461
ATCAGCCTCATGCTGC-1,0.00022,0.999341,0.000439
ATCAGCTCGTCCACTA-1,0.000229,0.999314,0.000457
ATCAGGTAGCTGACAG-1,0.002021,0.993937,0.004042
ATCAGTAGGCAGGGAT-1,0.000614,0.998157,0.001228
ATCATAGCCCTATGTA-1,0.000817,0.995699,0.003484
ATCATGGACTACCGAC-1,0.000147,0.999558,0.000295
ATCATTGTACCGCATT-1,0.000678,0.997967,0.001355
ATCCAACGCAGTCATA-1,0.000975,0.997075,0.00195
ATCCAATGGAGGGTCC-1,0.000069,0.999792,0.000139
ATCCAATGGTACCGAA-1,0.018522,0.94444,0.037038
ATCCACATCGACAGAA-1,0.000196,0.999413,0.000391
ATCCACTTTCAGACTA-1,0.000311,0.94435,0.055339
ATCCAGGATTCGTGAA-1,0.000087,0.999738,0.000175
ATCCCATTTCCGTGGG-1,0.000047,0.999858,0.000095
ATCCGGACCAGCCTGA-1,0.000751,0.997747,0.001502
ATCCTGAATCGCTGCG-1,0.00417,0.995704,0.000126
ATCCTGCTGCAGATAG-1,0.000537,0.998389,0.001074
ATCCTTCTGAAAGAAC-1,0.003634,0.996227,0.000139
ATCGACTCTTTCCGTT-1,0.007629,0.942622,0.049749
ATCGCACGATTGTTCA-1,0.000098,0.989227,0.010676
ATCGCACGCCGGGAGA-1,0.000064,0.999809,0.000128
ATCGCCAGTCAACATT-1,0.000123,0.999632,0.000246
ATCGCCGTGGTTCATG-1,0.000403,0.998792,0.000805
ATCGCTGCGTGCAGCA-1,0.002366,0.992905,0.004729
ATCGCTTTACGTCTCA-1,0.00171,0.99487,0.00342
ATCGGAGACAGACGGC-1,0.00007,0.998233,0.001697
ATCGGTTACCTAGTAA-1,0.010114,0.969672,0.020214
ATCGTATTCCGAGAAC-1,0.006536,0.980389,0.013074
ATCGTCCAATCGAGTC-1,0.000154,0.972564,0.027282
ATCGTTAGCTAGCGGA-1,0.001684,0.994948,0.003368
ATCTAACGTCCCTATG-1,0.002364,0.992906,0.00473
ATCTAATATCCTACGG-1,0.000167,0.918354,0.081479
ATCTACCATCTGCTCC-1,0.000247,0.974907,0.024846
ATCTAGCTTGTGAGGG-1,0.036275,0.963555,0.00017
ATCTATCGATGATCAA-1,0.012347,0.962954,0.024698
ATCTCCCACGGAATAT-1,0.001372,0.995884,0.002744
ATCTCGTGAGCGAAAC-1,0.000327,0.963255,0.036418
ATCTGACATGGAAGGA-1,0.000882,0.942387,0.056731
ATCTGATAGTGTCTTA-1,0.00011,0.999669,0.000221
ATCTGCACCTCTGCGA-1,0.001182,0.996453,0.002365
ATCTGCTGTTATCGCC-1,0.000116,0.999653,0.000231
ATCTGGGCTGTTCTTG-1,0.019562,0.914317,0.066121
ATCTGTAATTGTACCC-1,0.004279,0.987172,0.008549
ATCTTATCGCACACCC-1,0.00139,0.995831,0.002779
ATCTTGACCTGCAACG-1,0.000112,0.984129,0.015759
ATCTTGACTTGTCCAA-1,0.001308,0.996077,0.002615
ATCTTTCGTATAACCA-1,0.002317,0.993052,0.004631
ATGAAGCCAAGGAGCC-1,0.000077,0.969985,0.029939
ATGAAGTGGACCCAGC-1,0.007941,0.976183,0.015875
ATGACGCCGGCTCTAA-1,0.002058,0.993825,0.004117
ATGACGCGTTCTATCC-1,0.00012,0.999641,0.000239
ATGACTATCAGCTGTG-1,0.000501,0.998498,0.001001
ATGACTATGCGACATT-1,0.000112,0.971405,0.028484
ATGAGGAGTGTTAATC-1,0.00227,0.993193,0.004537
ATGAGGGCAGCGGCTA-1,0.000209,0.999372,0.000419
ATGATCGGGAATAGAC-1,0.002416,0.99275,0.004833
ATGCACCTTCCTTAAT-1,0.092967,0.897771,0.009263
ATGCACGCGCTGTTCA-1,0.000191,0.999426,0.000383
ATGCACTACCGCATTG-1,0.000076,0.995089,0.004835
ATGCATGATCCAGGAT-1,0.000149,0.948951,0.050901
ATGCATTCCGTGATGG-1,0.111111,0.666667,0.222222
ATGCCAATCGCTCTGC-1,0.000093,0.941709,0.058198
ATGCCATTTGCGACCA-1,0.000083,0.946656,0.053261
ATGCGACAATTGGTCC-1,0.000188,0.999437,0.000375
ATGCGAGTCCCACCAC-1,0.000205,0.999384,0.000411
ATGCTCAGTGTTGCAT-1,0.00013,0.999609,0.000261
ATGCTCTGGCGCGGTA-1,0.000264,0.960896,0.038839
ATGCTTAGGAGTTGAT-1,0.000717,0.997849,0.001434
ATGGAAATTTAAGGAG-1,0.000216,0.999352,0.000432
ATGGAACAGAATAAAC-1,0.000292,0.941301,0.058407
ATGGAACCTTTGCACA-1,0.000934,0.997198,0.001868
ATGGATTGACCAAACG-1,0.000098,0.97961,0.020292
ATGGCAGCCGAGAAAC-1,0.015874,0.952373,0.031753
ATGGCGGAATAGTCGC-1,0.001885,0.92716,0.070955
ATGGGACCTGCTGAAC-1,0.019227,0.735694,0.245079
ATGGGCCTCGGCCTCT-1,0.000042,0.999873,0.000085
ATGGTATTGGGAACCG-1,0.00052,0.998442,0.001039
ATGGTCGCGTGGTTTC-1,0.000137,0.977742,0.022121
ATGGTTACGAAACATG-1,0.000362,0.918511,0.081126
ATGTAAGGCTGCTCTT-1,0.011634,0.957693,0.030674
ATGTACATGCGGTGAG-1,0.000567,0.998298,0.001134
ATGTACGATGACGTCG-1,0.000562,0.998316,0.001123
ATGTAGCGCGCGTAGG-1,0.001685,0.994947,0.003368
ATGTCATTTCCCATTG-1,0.002268,0.993195,0.004537
ATGTGAAAGCCTAATG-1,0.000083,0.991237,0.00868
ATGTGCATCCGACGCA-1,0.00726,0.90872,0.08402
ATGTGGACATCTTGAT-1,0.000179,0.857935,0.141886
ATGTGTAGTTTAGTCA-1,0.001635,0.995096,0.003269
ATGTTACGAGCAATAC-1,0.001985,0.994046,0.003969
ATGTTCCTGCCCACCT-1,0.04286,0.843532,0.113608
ATGTTCGTCGACCCAC-1,0.000959,0.997125,0.001916
ATGTTGATTAGAGACT-1,0.000079,0.937142,0.062779
ATGTTGTAGTCTGTTT-1,0.000926,0.997221,0.001853
ATGTTTCGGCCCGGAG-1,0.001884,0.994348,0.003768
ATTAAAGCGGACGAGC-1,0.00139,0.995832,0.002779
ATTAACACCTGAGATA-1,0.000806,0.997584,0.001611
ATTAATACTACGCGGG-1,0.000106,0.967483,0.032411
ATTAATTCGGTCACTC-1,0.003584,0.793898,0.202518
ATTACATGTCAGTCTT-1,0.000579,0.998263,0.001158
ATTACCACACTGCCTG-1,0.000067,0.9998,0.000133
ATTACGACTCCACAGT-1,0.002712,0.991867,0.005421
ATTACGCGCTGGCAGG-1,0.000087,0.996618,0.003295
ATTACTAGCCTCTTGC-1,0.001021,0.99694,0.002039
ATTACTTACTGGGCAT-1,0.000058,0.946253,0.053689
ATTAGATTCCTCAGCA-1,0.000678,0.912096,0.087227
ATTAGATTGATAGCGG-1,0.002584,0.992246,0.005169
ATTATAGCTACTTTAC-1,0.003007,0.990986,0.006007
ATTATCGGAATGTACG-1,0.000169,0.999494,0.000337
ATTATCTCGACAGATC-1,0.000086,0.999743,0.000171
ATTATGCCATAGGGAG-1,0.000167,0.9995,0.000333
ATTATGCTCAGTATTG-1,0.001102,0.996697,0.002201
ATTATTATGTCCGTCA-1,0.000524,0.72902,0.270455
ATTATTCAGAGTCACT-1,0.000125,0.99956,0.000316
ATTCAAAGTACCTGTT-1,0.002316,0.993052,0.004632
ATTCAACCATTTAAGG-1,0.003473,0.989579,0.006948
ATTCACTGATGTTGGA-1,0.018459,0.957549,0.023992
ATTCAGGACCTATTTC-1,0.00109,0.996731,0.002179
ATTCAGTAGCAGGGTC-1,0.000243,0.999272,0.000485
ATTCATCGTTGAGGCA-1,0.000635,0.998095,0.00127
ATTCCCACATAAACAA-1,0.000401,0.998796,0.000803
ATTCCCGAAGGTACAG-1,0.002479,0.958529,0.038992
ATTCCTAAGACGTGGA-1,0.000246,0.999261,0.000493
