Barcode,Topic 1,Topic 2,Topic 3,Topic 4,Topic 5,Topic 6,Topic 7,Topic 8,Topic 9
AAACAAGTATCTCCCA-1,0.001643,0.000023,0.000023,0.458388,0.100794,0.156599,0.148416,0.11066,0.023453
AAACACCAATAACTGC-1,0.004236,0.000225,0.074277,0.000226,0.747898,0.172461,0.000226,0.000226,0.000226
AAACAGAGCGACTCCT-1,0.000309,0.000309,0.020405,0.000309,0.977433,0.000309,0.000309,0.000309,0.000309
AAACAGCTTTCAGAAG-1,0.05461,0.000167,0.000167,0.149825,0.732616,0.032589,0.02969,0.000167,0.000167
AAACAGGGTCTATATT-1,0.00016,0.00016,0.00016,0.229873,0.350243,0.224679,0.017536,0.148338,0.028849
AAACATGGTGAGAGGA-1,0.000334,0.000334,0.000334,0.000334,0.568619,0.429044,0.000334,0.000334,0.000334
AAACCACTACACAGAT-1,0.000699,0.000699,0.034815,0.380838,0.000699,0.000699,0.580151,0.000699,0.000699
AAACCCGAACGAAATC-1,0.000015,0.000015,0.000015,0.10918,0.258535,0.112762,0.344508,0.153332,0.021639
AAACCGGGTAGGTACC-1,0.000198,0.000198,0.000198,0.244882,0.75373,0.000198,0.000198,0.000198,0.000198
AAACCGTTCGTCCAGG-1,0.001943,0.000082,0.000082,0.460696,0.073673,0.017559,0.221609,0.061402,0.162951
AAACCTCATGAAGTTG-1,0.006349,0.00023,0.00023,0.13501,0.286321,0.00023,0.084275,0.336827,0.150528
AAACGAAGAACATACC-1,0.003735,0.000281,0.153788,0.100686,0.406617,0.024442,0.000281,0.000281,0.30989
AAACGAAGATGGAGTA-1,0.084345,0.000214,0.153632,0.116204,0.571275,0.000214,0.008815,0.000214,0.065087
AAACGACAGTCTTGCC-1,0.001659,0.001659,0.001659,0.00166,0.00166,0.00166,0.447903,0.540481,0.00166
AAACGAGACGGTTGAT-1,0.010031,0.000048,0.000048,0.274685,0.181989,0.000048,0.122838,0.410267,0.000048
AAACGCCCGAGATCGG-1,0.000374,0.000374,0.000374,0.288739,0.25777,0.000374,0.363576,0.000374,0.088044
AAACGTGTTCGCCCTA-1,0.000992,0.000992,0.000993,0.000993,0.992058,0.000993,0.000993,0.000993,0.000993
AAACTAACGTGGCGAC-1,0.000169,0.000169,0.015011,0.321943,0.275722,0.000169,0.345197,0.000169,0.041452
AAACTCGTGATATAAG-1,0.000112,0.000112,0.076469,0.021947,0.773147,0.104709,0.000112,0.000112,0.023281
AAACTGCTGGCTCCAA-1,0.000237,0.000237,0.000237,0.000237,0.536181,0.036798,0.241236,0.000237,0.1846
AAACTTAATTGCACGC-1,0.000148,0.000148,0.525861,0.065148,0.375323,0.000148,0.011604,0.000148,0.021474
AAACTTGCAAACGTAT-1,0.000145,0.000145,0.000145,0.574423,0.424563,0.000145,0.000145,0.000145,0.000145
AAAGAATGACCTTAGA-1,0.000254,0.000254,0.000254,0.000254,0.942674,0.000254,0.000254,0.000254,0.05555
AAAGACATGAAGTTTA-1,0.000315,0.000315,0.000315,0.774224,0.022539,0.201347,0.000315,0.000315,0.000315
AAAGACCCAAGTCGCG-1,0.006923,0.000101,0.000101,0.252461,0.45203,0.000101,0.140121,0.000101,0.14806
AAAGACTGGGCGCTTT-1,0.000121,0.000121,0.000121,0.02381,0.165723,0.142652,0.297459,0.369871,0.000121
AAAGCTTGCCTACATA-1,0.000381,0.000381,0.085728,0.000381,0.709985,0.119636,0.082747,0.000381,0.000381
AAAGGCCCTATAATAC-1,0.003528,0.000158,0.265322,0.027666,0.544758,0.000158,0.158095,0.000158,0.000158
AAAGGCTACGGACCAT-1,0.000434,0.000434,0.000434,0.000434,0.571008,0.184972,0.173812,0.000434,0.068036
AAAGGCTCTCGCGCCG-1,0.000063,0.000063,0.01342,0.393958,0.035225,0.003528,0.016587,0.000063,0.537091
AAAGGGATGTAGCAAG-1,0.00006,0.00006,0.00006,0.773766,0.081413,0.00006,0.039191,0.00006,0.10533
AAAGGGCAGCTTGAAT-1,0.00775,0.000133,0.046556,0.815278,0.12845,0.000133,0.001436,0.000133,0.000133
AAAGGTAAGCTGTACC-1,0.000201,0.000201,0.026147,0.417346,0.198342,0.000201,0.357162,0.000201,0.000201
AAAGGTCAACGACATG-1,0.004631,0.00463,0.004633,0.004633,0.753581,0.004632,0.004633,0.213993,0.004633
AAAGTAGCATTGCTCA-1,0.000152,0.000152,0.073508,0.673666,0.240278,0.000152,0.000152,0.000152,0.011789
AAAGTCACTGATGTAA-1,0.000228,0.000228,0.000228,0.511095,0.434916,0.000228,0.000228,0.000228,0.052622
AAAGTCGACCCTCAGT-1,0.000262,0.000262,0.000262,0.24323,0.439016,0.025138,0.171196,0.039955,0.080678
AAAGTGTGATTTATCT-1,0.000117,0.000117,0.000117,0.387074,0.461665,0.112484,0.001782,0.036525,0.000117
AAAGTTGACTCCCGTA-1,0.000043,0.000043,0.000043,0.000255,0.016548,0.125553,0.151128,0.676675,0.029713
AAATAACCATACGGGA-1,0.006631,0.000278,0.148241,0.000278,0.786909,0.000278,0.056829,0.000278,0.000278
AAATAAGGTAGTGCCC-1,0.071098,0.000102,0.01441,0.000102,0.789263,0.119101,0.005721,0.000102,0.000102
AAATACCTATAAGCAT-1,0.005169,0.000322,0.000322,0.000322,0.54649,0.000322,0.268896,0.153816,0.02434
AAATAGCTTAGACTTT-1,0.000084,0.000084,0.007453,0.047449,0.932891,0.000084,0.011785,0.000084,0.000084
AAATCACTCCTAAACG-1,0.002058,0.002058,0.078559,0.616496,0.292592,0.002059,0.002059,0.002059,0.002059
AAATCGCGGAAGGAGT-1,0.000214,0.000214,0.190922,0.000214,0.741501,0.000214,0.066294,0.000214,0.000214
AAATCGTGTACCACAA-1,0.00037,0.000371,0.018816,0.000371,0.203474,0.000371,0.240816,0.184546,0.350866
AAATCTGCCCGCGTCC-1,0.000294,0.000294,0.000294,0.000294,0.45995,0.000294,0.537991,0.000294,0.000294
AAATGATTCGATCAGC-1,0.013307,0.000106,0.186137,0.001717,0.678705,0.119711,0.000106,0.000106,0.000106
AAATGGCATGTCTTGT-1,0.015854,0.000159,0.255733,0.551262,0.135331,0.000159,0.018932,0.022412,0.000159
AAATGGCCCGTGCCCT-1,0.000761,0.000761,0.000762,0.262967,0.397851,0.000762,0.334613,0.000762,0.000762
AAATGTATCTTATCCC-1,0.000368,0.000368,0.028892,0.596675,0.000368,0.324806,0.047786,0.000368,0.000368
AAATTAACGGGTAGCT-1,0.000943,0.000043,0.036886,0.558186,0.299108,0.012015,0.016728,0.076048,0.000043
AAATTAATAAGCGCGA-1,0.000138,0.000138,0.000138,0.325875,0.385012,0.000138,0.105236,0.183187,0.000138
AAATTACACGACTCTG-1,0.000322,0.000322,0.087251,0.000322,0.910494,0.000322,0.000322,0.000322,0.000322
AAATTACCTATCGATG-1,0.000246,0.000247,0.000247,0.000247,0.998028,0.000247,0.000247,0.000247,0.000247
AAATTCCAGGTCCAAA-1,0.007894,0.000049,0.040599,0.533414,0.319182,0.000049,0.090768,0.000049,0.007996
AAATTGATAGTCCTTT-1,0.000121,0.000122,0.000122,0.251863,0.205397,0.054396,0.12238,0.181316,0.184284
AAATTGGTGAGAAGCA-1,0.000545,0.000545,0.141342,0.409264,0.446124,0.000545,0.000545,0.000545,0.000545
AAATTTACCGAAATCC-1,0.000145,0.000145,0.000145,0.385608,0.18512,0.000145,0.428403,0.000145,0.000145
AAATTTGCGGGTGTGG-1,0.000175,0.000175,0.038309,0.532587,0.209727,0.000175,0.116139,0.102536,0.000175
AACAACTGGTAGTTGC-1,0.000286,0.000286,0.000286,0.000286,0.559297,0.000286,0.438702,0.000286,0.000286
AACAATACATTGTCGA-1,0.000632,0.000632,0.000632,0.517577,0.296332,0.000632,0.000632,0.000632,0.182301
AACAATTACTCTACGC-1,0.000169,0.000169,0.000169,0.535854,0.364278,0.000169,0.000169,0.098852,0.000169
AACACACGCTCGCCGC-1,0.007178,0.00018,0.00018,0.00018,0.528908,0.00018,0.38279,0.080223,0.00018
AACACGACTGTACTGA-1,0.000086,0.000086,0.016345,0.000086,0.039365,0.005048,0.497686,0.33812,0.103178
AACACGAGACGCGGCC-1,0.003172,0.00009,0.052991,0.643691,0.213753,0.002004,0.072557,0.011654,0.00009
AACAGCTGTGTGGCAA-1,0.000259,0.000259,0.048939,0.000259,0.949251,0.000259,0.000259,0.000259,0.000259
AACAGGAAATCGAATA-1,0.000239,0.000239,0.022229,0.000239,0.000239,0.000239,0.409436,0.40603,0.16111
AACAGGATGGGCCGCG-1,0.000138,0.000138,0.051965,0.777271,0.169935,0.000138,0.000138,0.000138,0.000138
AACAGGTAGTATGGAT-1,0.000026,0.000026,0.003738,0.531801,0.154095,0.077672,0.178546,0.041183,0.012913
AACATATCAACTGGTG-1,0.000065,0.000065,0.032318,0.000065,0.129626,0.033354,0.307998,0.496443,0.000065
AACATCGATACGTCTA-1,0.000169,0.000169,0.048875,0.090849,0.583654,0.275778,0.000169,0.000169,0.000169
AACATTGAAGTTGATC-1,0.000377,0.000377,0.098794,0.645848,0.150865,0.000377,0.000377,0.000377,0.102609
AACATTGTGACTCGAG-1,0.000145,0.000145,0.045581,0.126052,0.259863,0.000145,0.402953,0.000145,0.164971
AACCAAGACTTCTCTG-1,0.000274,0.000275,0.000275,0.000275,0.845654,0.152424,0.000275,0.000275,0.000275
AACCAGTATCACTCTT-1,0.004587,0.000186,0.000186,0.401441,0.157854,0.000186,0.326706,0.037707,0.071148
AACCATAGGGTTGAAC-1,0.0001,0.0001,0.010717,0.288515,0.19837,0.021724,0.226094,0.130987,0.123392
AACCCATCCCATGATC-1,0.000157,0.000157,0.403861,0.04846,0.546738,0.000157,0.000157,0.000157,0.000157
AACCCGACAACCCGTG-1,0.000731,0.000731,0.213028,0.000732,0.586838,0.000732,0.000732,0.000732,0.195746
AACCCGATAGGGCTTC-1,0.000365,0.000365,0.000365,0.032377,0.206433,0.000365,0.759002,0.000365,0.000365
AACCCTACTGTCAATA-1,0.000027,0.000026,0.000026,0.000026,0.000027,0.134909,0.112297,0.737479,0.015182
AACCCTGGTGGAACCA-1,0.001123,0.342087,0.02099,0.630184,0.001123,0.001123,0.001123,0.001123,0.001123
AACCGAGCTTGGTCAT-1,0.000119,0.000119,0.034608,0.438431,0.337863,0.002632,0.021002,0.038392,0.126835
AACCGCTAAGGGATGC-1,0.000045,0.000044,0.001414,0.58353,0.414789,0.000044,0.000044,0.000044,0.000044
AACCGTTGTGTTTGCT-1,0.013813,0.000415,0.000415,0.397147,0.140929,0.000415,0.189677,0.084824,0.172366
AACCTGTCACGGAATT-1,0.000051,0.000051,0.220641,0.081596,0.6653,0.000051,0.01753,0.008639,0.006139
AACCTTTACGACGTCT-1,0.042679,0.000294,0.337929,0.129842,0.488079,0.000294,0.000294,0.000294,0.000294
AACGAAAGTCGTCCCA-1,0.000178,0.000178,0.148439,0.000178,0.832001,0.018489,0.000178,0.000178,0.000178
AACGATAGAAGGGCCG-1,0.000058,0.000058,0.000058,0.410327,0.03051,0.000058,0.057467,0.000058,0.501409
AACGATATGTCAACTG-1,0.002624,0.00011,0.00011,0.62194,0.224808,0.00011,0.00011,0.085349,0.06484
AACGCATGATCTGGGT-1,0.000159,0.000159,0.299289,0.271861,0.399832,0.000159,0.000159,0.028224,0.000159
AACGCGGTCTCCAGCC-1,0.000156,0.000156,0.000156,0.68607,0.312838,0.000156,0.000156,0.000156,0.000156
AACGGACGTACGTATA-1,0.000031,0.000031,0.003497,0.916872,0.067467,0.000031,0.01201,0.000031,0.000031
AACGGCCATCTCCGGT-1,0.000094,0.000094,0.033344,0.519391,0.169625,0.012369,0.068562,0.082898,0.113626
AACGTACTGTGGGTAC-1,0.000154,0.000154,0.000154,0.369941,0.088001,0.000154,0.228507,0.120494,0.192439
AACGTGATGAAGGACA-1,0.002925,0.002925,0.002926,0.002926,0.519407,0.002926,0.460112,0.002926,0.002926
AACGTGCGAAAGTCTC-1,0.006588,0.000065,0.028663,0.442462,0.331908,0.000065,0.000065,0.190118,0.000065
AACGTTATCAGCACCT-1,0.002545,0.000123,0.000123,0.571824,0.126226,0.112499,0.135033,0.051503,0.000123
AACTACCCGTTTGTCA-1,0.000053,0.000053,0.015996,0.388882,0.060228,0.130388,0.327618,0.061541,0.015242
AACTAGGCTTGGGTGT-1,0.000049,0.000049,0.01205,0.387077,0.000784,0.000049,0.181009,0.018375,0.400558
AACTCAAGTTAATTGC-1,0.000107,0.000107,0.000107,0.739459,0.259791,0.000107,0.000107,0.000107,0.000107
AACTCCTAATCCCATG-1,0.005985,0.000199,0.03504,0.16686,0.30491,0.377957,0.000199,0.000199,0.10865
AACTCTCAATAGAGCG-1,0.000104,0.000104,0.000104,0.20406,0.618773,0.000104,0.000104,0.176546,0.000104
AACTCTCAGTGTGCTC-1,0.000034,0.000034,0.012643,0.255136,0.000034,0.000034,0.011362,0.196742,0.52398
AACTGAGGTCAGCGTC-1,0.000327,0.000327,0.000327,0.414849,0.338819,0.000327,0.244371,0.000327,0.000327
AACTGATATTAGGCCT-1,0.003974,0.000337,0.000337,0.426947,0.170478,0.000337,0.117149,0.123867,0.156575
AACTGGGTCCCGACGT-1,0.000159,0.000159,0.023055,0.6973,0.247727,0.000159,0.000159,0.000159,0.031124
AACTGGGTTCGAGCCG-1,0.000325,0.000325,0.000325,0.000332,0.043034,0.000325,0.954683,0.000325,0.000325
AACTTCTGCGTCTATC-1,0.000125,0.000125,0.000125,0.45578,0.170547,0.058259,0.192712,0.122202,0.000125
AACTTGCCCGTATGCA-1,0.006347,0.000219,0.000219,0.392987,0.599352,0.000219,0.000219,0.000219,0.000219
AACTTTACGGGAGCTT-1,0.000222,0.000222,0.045359,0.91037,0.000222,0.000222,0.042939,0.000222,0.000222
AACTTTCTCGATCATG-1,0.064704,0.000741,0.080609,0.000741,0.732717,0.000741,0.118263,0.000741,0.000741
AAGAAAGTTTGATGGG-1,0.000958,0.000958,0.000958,0.000959,0.527327,0.000958,0.204594,0.000958,0.262328
AAGAAATCACCAGATT-1,0.000532,0.000532,0.143118,0.000532,0.853158,0.000532,0.000532,0.000532,0.000532
AAGACCAAATAACTCA-1,0.000162,0.000162,0.114585,0.000162,0.792033,0.092411,0.000162,0.000162,0.000162
AAGACCCAACTGAACA-1,0.000194,0.000194,0.29245,0.395822,0.296611,0.000194,0.014146,0.000194,0.000194
AAGACTCACGCCCACT-1,0.000394,0.000394,0.026225,0.000394,0.201864,0.197474,0.572465,0.000394,0.000394
AAGACTGCAAGCTACT-1,0.01126,0.000042,0.338528,0.08904,0.166675,0.02986,0.137938,0.214478,0.012179
AAGAGATGAATCGGTA-1,0.052527,0.000142,0.000142,0.574614,0.372009,0.000142,0.000142,0.000142,0.000142
AAGAGCTCTTTATCGG-1,0.000031,0.000031,0.016094,0.095874,0.061137,0.014305,0.01573,0.796768,0.000031
AAGAGGATGTACGCGA-1,0.002315,0.000089,0.100605,0.283855,0.062781,0.059193,0.072889,0.418184,0.000089
AAGAGGCATGGATCGC-1,0.007072,0.000167,0.000167,0.323072,0.668798,0.000167,0.000167,0.000224,0.000167
AAGATGGCACCGGACC-1,0.000224,0.000224,0.033557,0.483608,0.479401,0.000224,0.002315,0.000224,0.000224
AAGATTGGCGGAACGT-1,0.00013,0.00013,0.00013,0.517384,0.250332,0.00013,0.205848,0.025788,0.00013
AAGCCGAAGCGGTTTA-1,0.001967,0.000092,0.000092,0.434653,0.023397,0.085249,0.18101,0.273449,0.000092
AAGCCGCCGTGAAATC-1,0.000114,0.000114,0.36779,0.350366,0.281157,0.000115,0.000115,0.000115,0.000115
AAGCCGCTTTACCTTG-1,0.000171,0.000171,0.913776,0.000171,0.065918,0.000171,0.000171,0.019281,0.000171
AAGCGGAGTGCGCGCA-1,0.000436,0.000436,0.000436,0.000436,0.000436,0.117374,0.485823,0.000436,0.394187
AAGCGGCGTCATGGGT-1,0.016993,0.000443,0.13249,0.306588,0.152814,0.000443,0.351853,0.000443,0.037933
AAGCGTCCCTCATCGA-1,0.009224,0.000102,0.008995,0.570626,0.097648,0.188439,0.09982,0.000102,0.025045
AAGCTATGGATTGACC-1,0.004274,0.004274,0.004279,0.965792,0.004277,0.004276,0.004276,0.004276,0.004276
AAGCTCGTGCCAAGTC-1,0.001259,0.000072,0.023532,0.322022,0.422012,0.090868,0.000072,0.14005,0.000113
AAGGATCGATCGCTTG-1,0.002571,0.000046,0.000046,0.272236,0.222986,0.243591,0.054974,0.203504,0.000046
AAGGATGAGGGACCTC-1,0.00338,0.000063,0.000063,0.550575,0.064475,0.000063,0.10882,0.272498,0.000063
AAGGCAGGCTGTCTCC-1,0.000097,0.000097,0.000097,0.057093,0.849913,0.000097,0.000097,0.092411,0.000097
AAGGCGCGTAAAGCTT-1,0.000364,0.000365,0.000365,0.000365,0.673177,0.000365,0.209057,0.000365,0.115578
AAGGCTGTGCTCATCG-1,0.008003,0.000291,0.000291,0.000291,0.521552,0.000291,0.24415,0.224839,0.000291
AAGGGAACGACTGGCT-1,0.000167,0.000167,0.192735,0.206302,0.408718,0.183749,0.000167,0.000167,0.007829
AAGGGACAGATTCTGT-1,0.000179,0.000179,0.000179,0.024179,0.316907,0.18445,0.169149,0.304597,0.000179
AAGGGACTATGCATTC-1,0.000167,0.000167,0.692111,0.000167,0.227534,0.000167,0.07935,0.000167,0.000167
AAGGGTTTGATTTCAG-1,0.00015,0.00015,0.371804,0.29346,0.126738,0.066868,0.140528,0.00015,0.00015
AAGGTATCCTAATATA-1,0.000088,0.000088,0.052236,0.3814,0.155512,0.000088,0.162262,0.233027,0.015301
AAGGTGATAAACCAGC-1,0.000152,0.000153,0.000153,0.247827,0.517494,0.038713,0.16829,0.000153,0.027066
AAGTAGAAGACCGGGT-1,0.009682,0.000371,0.000371,0.000371,0.555059,0.000371,0.064817,0.000371,0.368589
AAGTAGTGACGCGAGG-1,0.000321,0.000321,0.000321,0.342258,0.608185,0.047628,0.000321,0.000321,0.000321
AAGTCAATTGTCGTCA-1,0.051633,0.141034,0.000046,0.022682,0.031625,0.284703,0.249649,0.21611,0.002519
AAGTCTAGTAGCTGCC-1,0.04275,0.000277,0.509401,0.082895,0.188293,0.000277,0.175556,0.000277,0.000277
AAGTCTTCTGTGGCCT-1,0.000325,0.000325,0.000325,0.108636,0.722807,0.000325,0.000325,0.056336,0.110595
AAGTGACGACCGAATT-1,0.000616,0.000079,0.000079,0.118315,0.000079,0.000079,0.041616,0.787734,0.051403
AAGTGAGTCGGGTTTA-1,0.000089,0.000089,0.050886,0.446919,0.146671,0.000089,0.176353,0.000089,0.178813
AAGTGCAAAGGTAGAC-1,0.006202,0.000231,0.000231,0.395483,0.581631,0.000231,0.000231,0.000231,0.015531
AAGTGCCTTGACTGTA-1,0.000142,0.000142,0.000142,0.106042,0.479967,0.184319,0.01824,0.187369,0.023638
AAGTGCGTTAGAATCT-1,0.003455,0.000136,0.246217,0.263441,0.094126,0.000136,0.283694,0.100673,0.008121
AAGTGCTTCTCTATTG-1,0.000862,0.000862,0.000862,0.000862,0.657218,0.000862,0.000862,0.000862,0.336749
AAGTTCAGTCTGCGTA-1,0.000178,0.000178,0.097768,0.014843,0.659265,0.105662,0.000178,0.121747,0.000178
AAGTTCGGCCAACAGG-1,0.005601,0.000134,0.000134,0.607118,0.144139,0.000134,0.103557,0.076043,0.06314
AAGTTTACTAATGGCA-1,0.000463,0.000463,0.000463,0.000463,0.464079,0.000463,0.205195,0.000463,0.327946
AATAACAACGCTCGGC-1,0.000404,0.000404,0.067361,0.357013,0.017292,0.307183,0.228696,0.004609,0.017037
AATAACACTAGAACAA-1,0.00002,0.00002,0.00002,0.031661,0.00002,0.033351,0.000289,0.367418,0.567201
AATAAGTCCTCGAGAC-1,0.00247,0.00247,0.002472,0.002471,0.654518,0.107809,0.222848,0.002471,0.002471
AATACAATGTTTCAGG-1,0.001011,0.001011,0.001011,0.162597,0.001011,0.001011,0.184489,0.351604,0.296256
AATACCGGAGGGCTGT-1,0.000274,0.000274,0.205205,0.208126,0.585022,0.000275,0.000275,0.000275,0.000275
AATAGAACAGAGTGGC-1,0.002613,0.000116,0.000116,0.671657,0.210986,0.000116,0.000116,0.000116,0.114164
AATAGAATCTGTTTCA-1,0.001635,0.000035,0.000035,0.530548,0.040198,0.130501,0.218062,0.078951,0.000035
AATAGCAAGCCTCCTG-1,0.000161,0.000161,0.000161,0.626589,0.000161,0.000161,0.119307,0.019865,0.233434
AATAGCTACCGCGTGC-1,0.000165,0.000165,0.02569,0.217532,0.74089,0.015062,0.000165,0.000165,0.000165
AATAGTCCGTCCCGAC-1,0.000051,0.000051,0.000051,0.28795,0.001347,0.01297,0.189753,0.011123,0.496704
AATAGTCGCGAGTCGG-1,0.000713,0.000713,0.000713,0.744803,0.000713,0.000713,0.000713,0.250208,0.000713
AATATCCTAGCAAACT-1,0.000234,0.000234,0.000234,0.000234,0.86224,0.136125,0.000234,0.000234,0.000234
AATATCGAATCAATGC-1,0.000037,0.000037,0.008987,0.734627,0.118776,0.043469,0.081261,0.012767,0.000037
AATATCGAGGGTTCTC-1,0.000209,0.000209,0.000209,0.196007,0.802533,0.000209,0.000209,0.000209,0.000209
AATATTGGAGTATTGA-1,0.098017,0.000166,0.000166,0.538034,0.269411,0.000166,0.013489,0.080383,0.000166
AATCAGGTTTCATTTA-1,0.000361,0.000361,0.000361,0.030772,0.475745,0.000361,0.414072,0.053031,0.024936
AATCCAAGGGCCTGAG-1,0.000069,0.000069,0.025692,0.433458,0.03228,0.070748,0.256819,0.000069,0.180797
AATCGCCTCAGCGCCA-1,0.000196,0.000196,0.102887,0.114625,0.638567,0.000196,0.115799,0.027337,0.000196
AATCGCGCAGAGGACT-1,0.002189,0.000106,0.000106,0.253402,0.536828,0.000106,0.017763,0.189394,0.000106
AATCGGGACACTACGA-1,0.000159,0.000159,0.000159,0.135485,0.331386,0.000159,0.269997,0.044279,0.218217
AATCTAGGTTTACTTG-1,0.001916,0.001916,0.001917,0.001917,0.984665,0.001917,0.001917,0.001917,0.001917
AATCTATGCCGGAGCC-1,0.000155,0.000155,0.000155,0.003574,0.995339,0.000155,0.000155,0.000155,0.000155
AATCTCTACTGTGGTT-1,0.018796,0.000428,0.000428,0.29271,0.571881,0.000428,0.044072,0.070831,0.000428
AATCTGCGTTGGGACG-1,0.003584,0.000147,0.000147,0.060247,0.935288,0.000147,0.000147,0.000147,0.000147
AATCTGGCTTTCTAGT-1,0.021347,0.000746,0.000746,0.098473,0.875703,0.000746,0.000746,0.000746,0.000746
AATCTGGGTAGACCCT-1,0.000344,0.000344,0.000344,0.569469,0.137757,0.000344,0.290708,0.000344,0.000344
AATGACAGCAATGTCT-1,0.00017,0.00017,0.00017,0.387838,0.205804,0.00017,0.055769,0.176095,0.173813
AATGACGTAGGATGTC-1,0.004246,0.000155,0.000155,0.384249,0.404592,0.05186,0.118176,0.036411,0.000156
AATGATGATACGCTAT-1,0.00031,0.00031,0.068821,0.00031,0.929011,0.00031,0.00031,0.00031,0.00031
AATGATGCGACTCCTG-1,0.000286,0.000287,0.042026,0.050913,0.673233,0.000287,0.167012,0.000287,0.06567
AATGCAACCGGGTACC-1,0.000095,0.000095,0.169833,0.279031,0.451705,0.000095,0.04221,0.000095,0.05684
AATGCACCAAGCAATG-1,0.081853,0.000849,0.000849,0.000849,0.912206,0.000849,0.000849,0.000849,0.000849
AATGGCCGCCAATGCG-1,0.003175,0.003177,0.003179,0.974584,0.003177,0.003177,0.003177,0.003177,0.003177
AATGGTCCACCGTTCA-1,0.000263,0.000263,0.000263,0.383151,0.615009,0.000263,0.000263,0.000263,0.000263
AATGTATGGCACTGTA-1,0.000438,0.000438,0.089451,0.410119,0.427911,0.000438,0.000438,0.07033,0.000438
AATGTGCCCGAGGTGT-1,0.00021,0.00021,0.00021,0.011912,0.761507,0.00021,0.09983,0.083196,0.042714
AATGTGCTAATCTGAG-1,0.00036,0.00036,0.00036,0.299452,0.465821,0.166285,0.016098,0.00036,0.050905
AATTAAAGGTCGGCGT-1,0.000034,0.000034,0.04025,0.759045,0.038157,0.004315,0.017478,0.117431,0.023256
AATTACGAGACCCATC-1,0.005008,0.000338,0.258244,0.000338,0.73472,0.000338,0.000338,0.000338,0.000338
AATTCATAAGGGATCT-1,0.000211,0.000211,0.000211,0.233519,0.765004,0.000211,0.000211,0.000211,0.000211
AATTCATTGTCATGCA-1,0.000387,0.000387,0.000387,0.000387,0.996901,0.000387,0.000387,0.000387,0.000387
AATTCTAGAGTTAGGC-1,0.0002,0.0002,0.0002,0.37303,0.218045,0.199077,0.036566,0.172482,0.0002
AATTGAACGCTCTGGT-1,0.000065,0.000065,0.000065,0.159914,0.076835,0.000065,0.117524,0.645402,0.000065
AATTGCGTGGATTACA-1,0.000139,0.000139,0.000139,0.543285,0.067102,0.035847,0.260165,0.000139,0.093044
AATTTGGGACATAGTA-1,0.000545,0.000545,0.000545,0.000545,0.99564,0.000545,0.000545,0.000545,0.000545
AATTTGGTTCCAAAGA-1,0.00583,0.000471,0.031281,0.019629,0.702631,0.000471,0.000471,0.000471,0.238745
ACAAACCATGCGTCCT-1,0.000113,0.000113,0.45011,0.000116,0.486868,0.029805,0.000113,0.000113,0.032647
ACAAAGAAGGTAGGCC-1,0.000224,0.000224,0.048508,0.003364,0.857792,0.000224,0.000224,0.000224,0.089215
ACAAATCGCACCGAAT-1,0.000011,0.000011,0.011561,0.18733,0.030539,0.062286,0.436318,0.265824,0.006121
ACAAATGGTAGTGTTT-1,0.000138,0.000138,0.000138,0.448087,0.428711,0.000138,0.000138,0.122373,0.000138
ACAAATTCAGATCTGA-1,0.000168,0.000168,0.000168,0.176673,0.245845,0.000168,0.32541,0.000168,0.25123
ACAACAGCATGAGCTA-1,0.000084,0.000084,0.000084,0.387744,0.552094,0.000084,0.000084,0.059657,0.000084
ACAACGGTCCCTGCGA-1,0.006734,0.000071,0.000071,0.832979,0.159862,0.000071,0.000071,0.000071,0.000071
ACAAGCAGTGCCTAGC-1,0.00024,0.00024,0.00024,0.542512,0.280186,0.00024,0.13419,0.041914,0.00024
ACAAGCTATATGGAAG-1,0.040309,0.000241,0.000241,0.311766,0.646481,0.000241,0.000241,0.000241,0.000241
ACAAGGAAATCCGCCC-1,0.000021,0.000021,0.000021,0.627848,0.239745,0.002724,0.083581,0.03439,0.011648
ACAAGGACAAGAGGTT-1,0.00006,0.00006,0.013142,0.691889,0.190729,0.00006,0.095158,0.00006,0.008841
ACAAGGCCTACCAGCC-1,0.000553,0.000553,0.000553,0.490105,0.028831,0.000553,0.477745,0.000553,0.000553
ACAAGGGCAGGCTCTG-1,0.002856,0.00012,0.00012,0.453712,0.542712,0.00012,0.00012,0.00012,0.00012
ACAATAGTCGTACGTT-1,0.000165,0.000165,0.116169,0.387191,0.427286,0.000227,0.009452,0.000165,0.05918
ACAATCCATTTAAACC-1,0.001208,0.001208,0.001209,0.550167,0.042407,0.192708,0.001209,0.001209,0.208675
ACAATGAATACGGAGA-1,0.000154,0.000154,0.009094,0.382871,0.414723,0.000154,0.027978,0.000154,0.164717
ACAATGATTCTTCTAC-1,0.000116,0.000116,0.000116,0.129644,0.000116,0.3069,0.394814,0.039857,0.128322
ACAATTGTGTCTCTTT-1,0.000108,0.000108,0.000108,0.329951,0.407437,0.000108,0.1233,0.138772,0.000108
ACAATTTAGGAGGCTC-1,0.000228,0.000228,0.000228,0.247506,0.532061,0.060628,0.000711,0.158181,0.000228
ACAATTTGAGCAGTGG-1,0.000122,0.000122,0.000122,0.492594,0.50655,0.000122,0.000122,0.000122,0.000122
ACAATTTGGCCATATT-1,0.00011,0.00011,0.00011,0.269218,0.31065,0.201022,0.07816,0.123912,0.016708
ACACAAAGACGGGTGG-1,0.000118,0.000118,0.073526,0.538181,0.176709,0.004198,0.126295,0.080737,0.000118
ACACAAATATTCCTAG-1,0.000741,0.000741,0.099455,0.895356,0.000741,0.000741,0.000741,0.000742,0.000741
ACACACCAGGACCAGT-1,0.000116,0.000116,0.027892,0.358453,0.223905,0.264241,0.122355,0.002807,0.000116
ACACACTTTCTACACG-1,0.0003,0.0003,0.000301,0.294266,0.058695,0.410063,0.000301,0.000301,0.235472
ACACATGATCAAATCT-1,0.000305,0.000306,0.088866,0.000305,0.908995,0.000305,0.000305,0.000305,0.000305
ACACCACATAATTAGC-1,0.002991,0.000088,0.000088,0.010474,0.713606,0.004162,0.042786,0.162969,0.062835
ACACCCAGCATGCAGC-1,0.002994,0.000329,0.034086,0.571944,0.32059,0.000329,0.000497,0.000329,0.068904
ACACCCGTAAATCTGT-1,0.000238,0.000238,0.000238,0.56899,0.429343,0.000238,0.000238,0.000238,0.000238
ACACCGGTCTGACCGC-1,0.000257,0.000257,0.148883,0.000257,0.721149,0.128424,0.000257,0.000257,0.000257
ACACCTTACTACTTGC-1,0.003893,0.000127,0.000127,0.049565,0.726987,0.000127,0.00661,0.212437,0.000127
ACACGAGACTCCTTCT-1,0.000039,0.000039,0.000039,0.239619,0.07027,0.000039,0.012554,0.672158,0.005242
ACACGGCACTATGCAT-1,0.007939,0.007944,0.007941,0.219491,0.485911,0.246945,0.007942,0.007943,0.007944
ACACGGGAACTTAGGG-1,0.00012,0.00012,0.064811,0.618523,0.315944,0.00012,0.00012,0.00012,0.00012
ACACTGATCAAGGTGT-1,0.000031,0.000031,0.000031,0.00745,0.000031,0.014087,0.003044,0.214104,0.761189
ACAGAACTGAGAACAA-1,0.004901,0.000104,0.009899,0.248864,0.347982,0.000104,0.303926,0.080464,0.003757
ACAGATTAGGTTAGTG-1,0.000479,0.000479,0.000479,0.000479,0.450943,0.000479,0.000479,0.119085,0.427097
ACAGCATAGAGCCAGT-1,0.001764,0.000073,0.01792,0.232677,0.022878,0.000073,0.006992,0.1525,0.565124
ACAGCGCACCCGCAGC-1,0.030194,0.000639,0.000639,0.046268,0.737055,0.000639,0.000639,0.000639,0.183288
ACAGGTGGAGGTGAGG-1,0.000157,0.000157,0.000157,0.632546,0.26175,0.000157,0.000157,0.095438,0.009482
ACAGGTGTGTTGTTGC-1,0.000288,0.000288,0.000288,0.014683,0.842924,0.000288,0.000288,0.140665,0.000288
ACAGTAATACAACTTG-1,0.000479,0.000479,0.039584,0.000479,0.213853,0.126168,0.314396,0.157802,0.14676
ACAGTATACCGTGGGA-1,0.000273,0.000273,0.000273,0.000273,0.997814,0.000273,0.000273,0.000273,0.000273
ACAGTGCAGCGCATTT-1,0.002021,0.002021,0.23155,0.306788,0.294977,0.002022,0.156578,0.002022,0.002022
ACATAAGTCGTGGTGA-1,0.000257,0.000257,0.000257,0.000257,0.846653,0.023416,0.12839,0.000257,0.000257
ACATAATAAGGCGGTG-1,0.000091,0.000091,0.000091,0.00706,0.000091,0.078298,0.000091,0.716243,0.197944
ACATCAGCTGGGACGC-1,0.002912,0.000355,0.000355,0.34287,0.652086,0.000355,0.000355,0.000355,0.000355
ACATCCCGGCCATACG-1,0.002595,0.000094,0.000094,0.286126,0.114101,0.06403,0.105797,0.000094,0.427069
ACATCCTGGTAACTGT-1,0.004817,0.000197,0.000197,0.289775,0.704224,0.000197,0.000198,0.000198,0.000197
ACATCGATCGTTTACC-1,0.000389,0.000389,0.000389,0.000389,0.562812,0.000389,0.000389,0.307466,0.12739
ACATCGGTCAGCCGCG-1,0.000155,0.000155,0.029933,0.377961,0.307203,0.000155,0.28327,0.001013,0.000155
ACATCGTATGCAATGG-1,0.000192,0.000192,0.000192,0.59868,0.397442,0.000192,0.002727,0.000192,0.000192
ACATCGTTAACCTAGT-1,0.003585,0.003586,0.112181,0.660357,0.205943,0.003587,0.003587,0.003586,0.003587
ACATCTCAACGCGTAA-1,0.000366,0.000366,0.110236,0.011614,0.204847,0.000366,0.628636,0.043205,0.000366
ACATGCTTACGGCAGC-1,0.000241,0.000241,0.027375,0.086628,0.449075,0.000241,0.405113,0.000241,0.030844
ACATGGCGCCAAAGTA-1,0.002527,0.000136,0.000136,0.106982,0.889673,0.000136,0.000136,0.000136,0.000136
ACATTAGTTTATATCC-1,0.000298,0.000298,0.000298,0.283917,0.193674,0.000298,0.000298,0.282491,0.238428
ACCAAACACCCAGCGA-1,0.003579,0.000087,0.661582,0.000087,0.28345,0.000087,0.008453,0.042588,0.000087
ACCAACACCACACACT-1,0.00012,0.00012,0.176298,0.00012,0.82286,0.00012,0.00012,0.00012,0.00012
ACCAACGCTTATTTAT-1,0.004489,0.000041,0.000041,0.016425,0.047294,0.002621,0.009163,0.220449,0.699477
ACCAAGAACGCGTGTC-1,0.00003,0.00003,0.00003,0.283083,0.002502,0.00003,0.171366,0.142285,0.400642
ACCACAACTCAGAACA-1,0.004833,0.004832,0.004835,0.004834,0.96133,0.004834,0.004835,0.004833,0.004833
ACCACAAGTTTCTATC-1,0.000189,0.000189,0.000189,0.000189,0.362384,0.000189,0.223695,0.378283,0.034695
ACCACCAATGTAACAA-1,0.018202,0.000077,0.000077,0.185703,0.680982,0.11473,0.000077,0.000077,0.000077
ACCACCCTCTCTTCTA-1,0.000258,0.000258,0.141727,0.000258,0.768364,0.000258,0.000258,0.000258,0.088361
ACCACGTGCAGCTATA-1,0.000018,0.000018,0.002889,0.489518,0.031615,0.04386,0.227099,0.188072,0.016909
ACCAGACCATAACAAC-1,0.000409,0.000409,0.000409,0.000409,0.683282,0.138219,0.000409,0.176047,0.000409
ACCAGCCCGGTCTTTG-1,0.000882,0.000882,0.000882,0.992941,0.000883,0.000882,0.000882,0.000882,0.000882
ACCAGTGCCCGGTCAA-1,0.000193,0.000193,0.000193,0.676264,0.120009,0.000193,0.075965,0.000193,0.126797
ACCAGTGCGGGAGACG-1,0.001315,0.000081,0.014275,0.261325,0.003215,0.15197,0.435594,0.129235,0.00299
ACCATCCGCCAACTAG-1,0.000239,0.000239,0.000239,0.230257,0.768073,0.000239,0.000239,0.000239,0.000239
ACCATCGTATATGGTA-1,0.000213,0.000213,0.000213,0.760604,0.070968,0.000213,0.000213,0.105275,0.062089
ACCCAACGCCCGTGGC-1,0.000132,0.000132,0.000132,0.55259,0.42071,0.0106,0.001773,0.013799,0.000132
ACCCACCTACATGCTC-1,0.000183,0.000183,0.000183,0.565786,0.251965,0.181147,0.000183,0.000183,0.000183
ACCCATCTTGAGGGTA-1,0.000126,0.000126,0.021021,0.569579,0.000126,0.000126,0.015712,0.373115,0.020069
ACCCGAGCGAAATTAC-1,0.000205,0.000205,0.447901,0.000205,0.477127,0.001063,0.000205,0.000205,0.072885
ACCCGATTGGTTCCGA-1,0.000519,0.000519,0.00052,0.00052,0.515179,0.00052,0.481184,0.00052,0.00052
ACCCGGAAACTCCCAG-1,0.006026,0.000481,0.028023,0.000481,0.280165,0.000481,0.056465,0.000481,0.627395
ACCCGGATGACGCATC-1,0.013139,0.000138,0.224476,0.125688,0.514045,0.000138,0.000138,0.122098,0.000138
ACCCGGTTACACTTCC-1,0.000063,0.000063,0.007383,0.294637,0.013013,0.021721,0.03203,0.628947,0.002142
ACCCGTAGCAGAGAAT-1,0.000111,0.000111,0.000111,0.304971,0.1096,0.000111,0.415695,0.000111,0.16918
ACCCGTGTCATCAGTA-1,0.010132,0.000059,0.035508,0.502081,0.000059,0.000059,0.219771,0.000059,0.232271
ACCCTATGCCATATCG-1,0.000128,0.000128,0.000128,0.059698,0.166792,0.128588,0.029926,0.151861,0.462752
ACCCTCCCTTGCTATT-1,0.00015,0.00015,0.00015,0.556321,0.038553,0.003087,0.32053,0.080911,0.00015
ACCCTGGTAACGCCCT-1,0.000179,0.000179,0.323809,0.000179,0.674939,0.000179,0.000179,0.000179,0.000179
ACCCTTCATCTGCGAA-1,0.000621,0.000621,0.000621,0.429768,0.227932,0.000621,0.000621,0.000621,0.338573
ACCCTTGCCTGGGTCG-1,0.000162,0.000162,0.000162,0.000162,0.000162,0.083798,0.273084,0.478067,0.164243
ACCCTTTAGTTCTCCA-1,0.00041,0.00041,0.00041,0.618855,0.180218,0.00041,0.0892,0.00041,0.109676
ACCGAAAGGGCCCTGC-1,0.002643,0.000114,0.000114,0.814677,0.181994,0.000114,0.000114,0.000114,0.000114
ACCGAAGAGTCTGGTT-1,0.010592,0.000169,0.288801,0.067582,0.544792,0.000169,0.078562,0.000169,0.009165
ACCGACTGAGTCCCAC-1,0.000225,0.000225,0.000225,0.309126,0.611977,0.000225,0.000225,0.000225,0.077549
ACCGATGGTAGCATCG-1,0.000112,0.000112,0.000112,0.328412,0.670804,0.000112,0.000112,0.000112,0.000112
ACCGCAATAACTGCCT-1,0.008453,0.000325,0.000325,0.000325,0.416034,0.041353,0.471032,0.042773,0.01938
ACCGCGGTGGAAGTCG-1,0.00131,0.00004,0.00004,0.00004,0.06455,0.28123,0.162178,0.481645,0.008967
ACCGGGCCTTTGTTGA-1,0.004717,0.000045,0.017923,0.512189,0.081379,0.010014,0.212216,0.161471,0.000045
ACCGGTCAGGTACACC-1,0.000307,0.000306,0.165644,0.000306,0.832212,0.000306,0.000306,0.000306,0.000306
ACCGGTCTGAGTACGG-1,0.008613,0.000325,0.044604,0.012711,0.255364,0.000325,0.510262,0.000325,0.167471
ACCGTCCACTGGGCCC-1,0.000113,0.000113,0.743722,0.080692,0.166269,0.000113,0.008753,0.000113,0.000113
ACCGTGACCACGTGGG-1,0.000354,0.000354,0.119147,0.413573,0.465155,0.000354,0.000354,0.000354,0.000354
ACCGTTCCCGCTCTGA-1,0.001443,0.001443,0.001444,0.001444,0.902658,0.001444,0.001444,0.001444,0.087234
ACCTAAGTACCTTTCA-1,0.000168,0.000167,0.000167,0.532535,0.307678,0.000167,0.091669,0.055307,0.012141
ACCTAATCGACTTCCT-1,0.000219,0.000219,0.000219,0.182627,0.631799,0.000219,0.082564,0.049831,0.0523
ACCTACAGTATGTGGT-1,0.000112,0.000112,0.380758,0.012682,0.504565,0.000112,0.100499,0.000112,0.001049
ACCTCCGTTATTCACC-1,0.001358,0.000076,0.000076,0.056595,0.489087,0.000076,0.024762,0.34664,0.081329
ACCTCGAACTTATGCT-1,0.000394,0.000394,0.081364,0.000394,0.786072,0.000394,0.130199,0.000394,0.000394
ACCTGCGTGTCATGTT-1,0.000214,0.000214,0.000214,0.535122,0.416268,0.000214,0.000214,0.047327,0.000214
ACGAAATGGGCGGCAC-1,0.00051,0.00051,0.191434,0.268384,0.537122,0.00051,0.00051,0.00051,0.00051
ACGACTGGTCATACTC-1,0.000316,0.000316,0.000316,0.216973,0.691063,0.000316,0.090069,0.000316,0.000316
ACGAGATATTTGCTTA-1,0.003473,0.003474,0.414259,0.003474,0.231514,0.003475,0.003475,0.003475,0.333381
ACGAGGATACCACTCT-1,0.000423,0.000423,0.119856,0.36915,0.18345,0.05326,0.272593,0.000423,0.000423
ACGAGGTTTACAACGT-1,0.004753,0.000107,0.618382,0.078884,0.297447,0.000107,0.000107,0.000107,0.000107
ACGAGTACGGATGCCC-1,0.000161,0.000161,0.288614,0.000161,0.710262,0.000161,0.000161,0.000161,0.000161
ACGATACATAGAACTA-1,0.000092,0.000092,0.000092,0.206396,0.067829,0.053034,0.350131,0.23341,0.088925
ACGATACCTATCCTGA-1,0.00014,0.00014,0.097343,0.073403,0.21239,0.184707,0.048829,0.352875,0.030171
ACGATCATACATAGAG-1,0.00006,0.00006,0.021871,0.00006,0.025228,0.089208,0.019242,0.729929,0.114343
ACGATCATCTTGTAAA-1,0.00113,0.000096,0.000096,0.350004,0.648291,0.000096,0.000096,0.000096,0.000096
ACGATGCATATGTTAT-1,0.000127,0.000127,0.021825,0.94987,0.003261,0.000127,0.009387,0.015151,0.000127
ACGATGGATCCGATGC-1,0.00067,0.00067,0.00067,0.182551,0.16544,0.00067,0.581889,0.00067,0.066771
ACGCAAACTAATAGAT-1,0.003316,0.000324,0.000324,0.364682,0.533867,0.000324,0.000324,0.000324,0.096514
ACGCAATCACTACAGC-1,0.000191,0.00019,0.062907,0.00019,0.892856,0.00019,0.00019,0.043095,0.00019
ACGCATAAATGACATG-1,0.000206,0.000205,0.034525,0.401306,0.077339,0.000206,0.386655,0.000206,0.099353
ACGCATTCGTGAGTAC-1,0.000019,0.000019,0.004459,0.000019,0.000019,0.000019,0.000019,0.993185,0.002243
ACGCCAGATGATTTCT-1,0.000585,0.000585,0.000585,0.501687,0.307475,0.000585,0.000585,0.126591,0.061321
ACGCCCAGCTGTCGAT-1,0.001355,0.001356,0.001356,0.001356,0.634787,0.001356,0.226066,0.001356,0.131013
ACGCCGCTAGACGACC-1,0.004546,0.000011,0.004841,0.000011,0.000011,0.141325,0.169164,0.675687,0.004403
ACGCGAAGTCAGACGA-1,0.000135,0.000135,0.000135,0.203033,0.19969,0.004874,0.16527,0.044452,0.382278
ACGCGCTACACAGGGT-1,0.000218,0.000218,0.000218,0.606515,0.391958,0.000218,0.000218,0.000218,0.000218
ACGCGGGCCAAGGACA-1,0.000031,0.000031,0.000031,0.206385,0.065484,0.001977,0.085852,0.44542,0.194787
ACGCGTTTCTTAAGAG-1,0.000258,0.000258,0.000258,0.283374,0.558394,0.000258,0.000258,0.156684,0.000258
ACGCTAGTATCAGTGC-1,0.108662,0.003088,0.003087,0.869721,0.003089,0.003088,0.003089,0.003088,0.003088
ACGCTAGTGATACACT-1,0.004652,0.00017,0.26257,0.012385,0.48436,0.00017,0.235352,0.00017,0.00017
ACGCTGTGAGGCGTAG-1,0.402513,0.000238,0.032284,0.22089,0.343126,0.000238,0.000238,0.000238,0.000238
ACGCTTAGTGTCTCTC-1,0.001292,0.001293,0.001293,0.001293,0.668894,0.001293,0.322056,0.001293,0.001293
ACGGACGCAGCGACAA-1,0.000202,0.000203,0.088622,0.52586,0.000203,0.000203,0.161275,0.000203,0.223231
ACGGAGCGCAAATTAC-1,0.000254,0.000254,0.018431,0.000254,0.979788,0.000254,0.000254,0.000254,0.000254
ACGGCACTTGCTTGGG-1,0.000069,0.000069,0.000069,0.810534,0.022225,0.000069,0.036837,0.000069,0.130059
ACGGCCAACATGGACT-1,0.000039,0.000039,0.01947,0.234108,0.058282,0.004896,0.234732,0.035011,0.413423
ACGGCGACGATGGGAA-1,0.000024,0.000024,0.023342,0.42469,0.067466,0.117804,0.272699,0.089504,0.004449
ACGGCTGGATGTAGAA-1,0.008016,0.000197,0.334029,0.000197,0.656773,0.000197,0.000197,0.000197,0.000197
ACGGGAGTGTCGGCCC-1,0.000066,0.000066,0.000066,0.243253,0.035049,0.000066,0.026854,0.641765,0.052815
ACGGGCGTATGCGACA-1,0.000201,0.000201,0.017314,0.000201,0.981281,0.000201,0.000201,0.000201,0.000201
ACGGGTTGTGACCTGT-1,0.000868,0.000868,0.000869,0.392525,0.320451,0.000869,0.000869,0.000869,0.281813
ACGGTCACCGAGAACA-1,0.000153,0.000153,0.000153,0.306569,0.318051,0.000153,0.334568,0.000153,0.04005
ACGTACAGATTTCTCT-1,0.000868,0.000869,0.000869,0.747236,0.090891,0.000869,0.000869,0.156662,0.000869
ACGTACTTTGGCACGG-1,0.000654,0.000654,0.000654,0.000654,0.640336,0.000654,0.000654,0.000654,0.355086
ACGTAGATTGCTGATG-1,0.005945,0.000138,0.000138,0.356929,0.493446,0.000138,0.000144,0.142985,0.000138
ACGTATTACTCCGATC-1,0.0002,0.0002,0.040302,0.277938,0.597066,0.0002,0.083697,0.0002,0.0002
ACGTCGGGCAACTCGG-1,0.000177,0.000177,0.000177,0.759242,0.056781,0.000177,0.182915,0.000177,0.000177
ACGTCTCGTTCCGGGA-1,0.02023,0.000102,0.000102,0.314697,0.471489,0.000102,0.077331,0.115847,0.000102
ACGTGACAAAGTAAGT-1,0.000212,0.000212,0.052232,0.095807,0.850688,0.000212,0.000212,0.000212,0.000212
ACGTGCGCCTCGTGCA-1,0.000099,0.000099,0.000099,0.374481,0.023906,0.000099,0.042353,0.085191,0.473675
ACGTTAATGTCGAAGA-1,0.006919,0.000032,0.054358,0.306299,0.155138,0.123606,0.215447,0.108787,0.029414
ACGTTAGATTTGCCCG-1,0.000218,0.000218,0.166466,0.61388,0.000218,0.000218,0.167955,0.030016,0.020812
ACGTTATTGGTCACTC-1,0.000601,0.000601,0.000601,0.599474,0.000601,0.000601,0.396319,0.000601,0.000601
ACGTTCCGCGCTCCGT-1,0.103361,0.000251,0.000251,0.051031,0.458555,0.000251,0.325942,0.060107,0.000251
ACGTTCGCAATCAATT-1,0.000108,0.000108,0.000108,0.020809,0.978433,0.000108,0.000108,0.000108,0.000108
ACGTTCGTTCAGGAAA-1,0.001727,0.000089,0.150298,0.152051,0.115286,0.000089,0.28123,0.179778,0.119452
ACGTTTAGTTGTGATC-1,0.001407,0.001408,0.001407,0.467957,0.226849,0.001407,0.001408,0.001407,0.29675
ACTAAGGACGCACACC-1,0.00039,0.00039,0.028986,0.372058,0.00039,0.205601,0.213791,0.00039,0.178003
ACTAATACGTCAGGCG-1,0.000211,0.000211,0.000211,0.367285,0.206603,0.000211,0.36306,0.000211,0.061997
ACTACATCCCGACAAG-1,0.000279,0.000279,0.101593,0.000279,0.896457,0.000279,0.000279,0.000279,0.000279
ACTACGCGTTAGAATT-1,0.000231,0.000231,0.411444,0.222566,0.280763,0.000231,0.084073,0.000231,0.000231
ACTAGTTGCGATCGTC-1,0.000588,0.000031,0.000031,0.346614,0.107543,0.056493,0.201748,0.151189,0.135764
ACTATATGCTGTGTTC-1,0.00101,0.001011,0.14798,0.016212,0.599139,0.001011,0.231615,0.001011,0.001011
ACTATCCAGGGCATGG-1,0.000047,0.000047,0.000047,0.061353,0.275873,0.242381,0.099341,0.320866,0.000047
ACTATGTCCAGCTGCC-1,0.000215,0.000215,0.343495,0.037834,0.548188,0.069409,0.000215,0.000215,0.000215
ACTATTCGTCCGTGGT-1,0.009214,0.000307,0.304918,0.39467,0.183123,0.000307,0.000307,0.106847,0.000307
ACTATTTCCGGGCCCA-1,0.004473,0.000483,0.000483,0.000483,0.749431,0.000483,0.096864,0.000483,0.146815
ACTCAATAAAGGCACG-1,0.000137,0.000137,0.000137,0.413845,0.091217,0.000137,0.242544,0.008291,0.243556
ACTCATGGCAGCCTTC-1,0.000761,0.000761,0.047684,0.704842,0.242905,0.000762,0.000762,0.000762,0.000762
ACTCCAATATCATCAT-1,0.020751,0.000434,0.000434,0.000434,0.976209,0.000434,0.000434,0.000434,0.000434
ACTCCCATTCCTAAAG-1,0.000101,0.000101,0.000101,0.727317,0.22938,0.000101,0.01985,0.000101,0.02295
ACTCCCGAATTCGTTT-1,0.000087,0.000087,0.494576,0.290957,0.213943,0.000087,0.000087,0.000087,0.000087
ACTCCCGTAGACTAGG-1,0.023357,0.000232,0.608768,0.080552,0.139043,0.147352,0.000232,0.000232,0.000232
ACTCCCTAGAATAGTA-1,0.000642,0.000643,0.000643,0.000643,0.419121,0.000643,0.291714,0.000643,0.285309
ACTCGATGTATTTCAT-1,0.005706,0.000227,0.000227,0.023658,0.53271,0.000227,0.379752,0.057265,0.000227
ACTCGCGATCTGACGC-1,0.000312,0.000312,0.047196,0.119259,0.564663,0.041378,0.226255,0.000312,0.000312
ACTCGTAACCCGTCCT-1,0.000746,0.000746,0.000746,0.479353,0.336645,0.000746,0.000746,0.179525,0.000746
ACTCGTCAGTAATCCC-1,0.000144,0.000144,0.136786,0.128099,0.708929,0.000144,0.000144,0.025468,0.000144
ACTCTAAACCTGGGAT-1,0.004869,0.000438,0.000438,0.53356,0.291028,0.123708,0.045083,0.000438,0.000438
ACTCTCTGACTTAGGT-1,0.010514,0.000249,0.036397,0.154011,0.707642,0.000249,0.09044,0.000249,0.000249
ACTCTCTTATACACGA-1,0.00247,0.00247,0.375672,0.343701,0.265803,0.002471,0.002471,0.002471,0.002471
ACTCTTCAGCTCCCGC-1,0.006247,0.000107,0.197283,0.000107,0.348012,0.447922,0.000107,0.000107,0.000107
ACTCTTGTATAGTAAC-1,0.000023,0.000023,0.000023,0.093417,0.001224,0.000023,0.002458,0.902784,0.000023
ACTGAATGGCGAAAGT-1,0.000038,0.000038,0.005699,0.757133,0.097979,0.000038,0.123264,0.015772,0.000038
ACTGATTTAGTGATTC-1,0.000741,0.000741,0.000741,0.151813,0.376542,0.000741,0.366544,0.000741,0.101395
ACTGCCCGCCATTCTC-1,0.001182,0.001183,0.180413,0.559096,0.001183,0.253394,0.001183,0.001183,0.001183
ACTGCCGTCGTAACTC-1,0.000087,0.000087,0.009769,0.194071,0.000087,0.000087,0.000087,0.169318,0.626406
ACTGCGGACACACCGT-1,0.000106,0.000106,0.000106,0.002351,0.962664,0.000107,0.000107,0.034346,0.000107
ACTGCTCGGAAGGATG-1,0.01535,0.000083,0.697173,0.012229,0.209783,0.000083,0.000083,0.065133,0.000083
ACTGGCGAACCTGCGT-1,0.000534,0.000535,0.000535,0.000535,0.191433,0.015545,0.789816,0.000535,0.000535
ACTGTACGATACACAT-1,0.000145,0.000145,0.000145,0.276261,0.589296,0.000145,0.000145,0.133571,0.000145
ACTGTAGCACTTTGGA-1,0.002844,0.000131,0.000131,0.807836,0.188536,0.000131,0.000131,0.000131,0.000131
ACTGTCCAGGATTATA-1,0.000457,0.000458,0.062108,0.000458,0.464312,0.000458,0.318934,0.152358,0.000458
ACTGTCTTCTTTAGAA-1,0.000064,0.000064,0.035011,0.418813,0.063955,0.048353,0.248334,0.151846,0.033558
