Barcode,Topic 1to2,Topic 3to4,Topic 5to6
AAACAACGAATAGTTC-1,0.938356,0.030744,0.030899
AAACAAGTATCTCCCA-1,0.993044,0.003479,0.003477
AAACAATCTACTAGCA-1,0.997456,0.001271,0.001273
AAACACCAATAACTGC-1,0.994139,0.00293,0.002931
AAACAGAGCGACTCCT-1,0.99312,0.00344,0.00344
AAACAGCTTTCAGAAG-1,0.647598,0.05557,0.296832
AAACAGGGTCTATATT-1,0.768861,0.229178,0.001961
AAACAGTGTTCCTGGG-1,0.991872,0.004065,0.004063
AAACATTTCCCGGATT-1,0.999492,0.000254,0.000254
AAACCACTACACAGAT-1,0.627464,0.039863,0.332673
AAACCCGAACGAAATC-1,0.991688,0.004155,0.004157
AAACCGGAAATGTTAA-1,0.995732,0.002134,0.002133
AAACCGGGTAGGTACC-1,0.957494,0.011074,0.031433
AAACCGTTCGTCCAGG-1,0.985686,0.007158,0.007156
AAACCTAAGCAGCCGG-1,0.998593,0.000703,0.000704
AAACCTCATGAAGTTG-1,0.245645,0.037256,0.717098
AAACGAAGAACATACC-1,0.462373,0.002836,0.53479
AAACGAAGATGGAGTA-1,0.666972,0.182924,0.150104
AAACGACAGTCTTGCC-1,0.624015,0.374647,0.001338
AAACGAGACGGTTGAT-1,0.284123,0.63964,0.076237
AAACGCCCGAGATCGG-1,0.496841,0.268916,0.234243
AAACGCTGGGCACGAC-1,0.509905,0.00095,0.489146
AAACGGGCGTACGGGT-1,0.997285,0.001357,0.001357
AAACGGGTTGGTATCC-1,0.987028,0.006487,0.006485
AAACGGTTGCGAACTG-1,0.815616,0.004555,0.179829
AAACGTGTTCGCCCTA-1,0.41149,0.104082,0.484428
AAACTAACGTGGCGAC-1,0.785347,0.002147,0.212506
AAACTCGGTTCGCAAT-1,0.995013,0.002494,0.002493
AAACTCGTGATATAAG-1,0.317877,0.161849,0.520274
AAACTGCTGGCTCCAA-1,0.158315,0.001862,0.839823
AAACTTAATTGCACGC-1,0.872453,0.068931,0.058616
AAACTTGCAAACGTAT-1,0.587943,0.028785,0.383272
AAAGAATGACCTTAGA-1,0.900957,0.071139,0.027904
AAAGAATGTGGACTAA-1,0.997026,0.002737,0.000237
AAAGACATGAAGTTTA-1,0.669965,0.092216,0.237819
AAAGACCCAAGTCGCG-1,0.871145,0.000376,0.128479
AAAGACTGGGCGCTTT-1,0.998317,0.000259,0.001425
AAAGGCCCTATAATAC-1,0.655854,0.340139,0.004007
AAAGGCTACGGACCAT-1,0.990996,0.004502,0.004501
AAAGGCTCTCGCGCCG-1,0.771439,0.000936,0.227625
AAAGGGATGTAGCAAG-1,0.235411,0.682527,0.082062
AAAGGGCAGCTTGAAT-1,0.587817,0.003965,0.408218
AAAGGTAAGCTGTACC-1,0.821756,0.002068,0.176176
AAAGGTCAACGACATG-1,0.993979,0.003012,0.00301
AAAGTAGCATTGCTCA-1,0.659078,0.007652,0.333271
AAAGTCACTGATGTAA-1,0.985703,0.007147,0.00715
AAAGTCGACCCTCAGT-1,0.738143,0.042008,0.219849
AAAGTGCCATCAATTA-1,0.998946,0.000527,0.000527
AAAGTGTGATTTATCT-1,0.982262,0.00887,0.008869
AAAGTTGACTCCCGTA-1,0.326756,0.633849,0.039395
AAATAACCATACGGGA-1,0.843755,0.004684,0.151561
AAATAAGGTAGTGCCC-1,0.978578,0.018136,0.003286
AAATACCTATAAGCAT-1,0.983978,0.00801,0.008012
AAATAGCTTAGACTTT-1,0.653955,0.002342,0.343703
AAATAGGGTGCTATTG-1,0.883193,0.009357,0.10745
AAATCCGATACACGCC-1,0.657509,0.003371,0.339121
AAATCGCGGAAGGAGT-1,0.784585,0.026145,0.18927
AAATCGTGTACCACAA-1,0.441063,0.091961,0.466976
AAATCTAGCCCTGCTA-1,0.986772,0.006606,0.006622
AAATCTGCCCGCGTCC-1,0.994094,0.002952,0.002953
AAATGATTCGATCAGC-1,0.309118,0.162567,0.528315
AAATGCTCGTTACGTT-1,0.999117,0.000442,0.000441
AAATGGCATGTCTTGT-1,0.766375,0.126267,0.107358
AAATGGCCCGTGCCCT-1,0.699192,0.127063,0.173744
AAATGGTCAATGTGCC-1,0.996334,0.001833,0.001832
AAATGTATCTTATCCC-1,0.466289,0.028387,0.505323
AAATGTGGGTGCTCCT-1,0.971868,0.014062,0.01407
AAATTAACGGGTAGCT-1,0.484066,0.384057,0.131876
AAATTACACGACTCTG-1,0.489243,0.27245,0.238307
AAATTCCAGGTCCAAA-1,0.980679,0.000385,0.018935
AAATTGATAGTCCTTT-1,0.984663,0.007659,0.007678
AAATTGCGGCGGTTCT-1,0.048461,0.048003,0.903536
AAATTGGTGAGAAGCA-1,0.20656,0.081092,0.712348
AAATTTACCGAAATCC-1,0.979605,0.010192,0.010203
AAATTTGCGGGTGTGG-1,0.99358,0.003208,0.003212
AACAACTGGTAGTTGC-1,0.435544,0.556285,0.008171
AACAATACATTGTCGA-1,0.366448,0.003508,0.630044
AACAATTACTCTACGC-1,0.718742,0.135808,0.14545
AACACACGCTCGCCGC-1,0.539099,0.004377,0.456524
AACACGACTGTACTGA-1,0.98227,0.008855,0.008875
AACACGAGACGCGGCC-1,0.477623,0.091132,0.431244
AACACGCGGCCGCGAA-1,0.992064,0.003967,0.003969
AACAGCTGTGTGGCAA-1,0.449471,0.000985,0.549544
AACAGGAAATCGAATA-1,0.575334,0.011552,0.413114
AACAGGATGGGCCGCG-1,0.720538,0.085299,0.194164
AACAGGTAGTATGGAT-1,0.76997,0.228781,0.001248
AACATCGATACGTCTA-1,0.234558,0.00032,0.765122
AACATTGAAGTTGATC-1,0.987512,0.006245,0.006243
AACATTGGTCAGCCGT-1,0.452884,0.521249,0.025867
AACATTGTGACTCGAG-1,0.988184,0.00591,0.005906
AACCAAGACTTCTCTG-1,0.472705,0.040838,0.486456
AACCAGTATCACTCTT-1,0.514984,0.046999,0.438018
AACCATAGGGTTGAAC-1,0.995412,0.002295,0.002293
AACCATGGGATCGCTA-1,0.828772,0.034479,0.136749
AACCCAGAGACGGAGA-1,0.999225,0.000387,0.000387
AACCCATCCCATGATC-1,0.84034,0.095422,0.064238
AACCCGACAACCCGTG-1,0.984684,0.007649,0.007668
AACCCGAGCAGAATCG-1,0.164939,0.074379,0.760683
AACCCTACTGTCAATA-1,0.360318,0.108316,0.531366
AACCCTGGTGGAACCA-1,0.19038,0.124738,0.684883
AACCGAGCTTGGTCAT-1,0.592109,0.234613,0.173279
AACCGCTAAGGGATGC-1,0.195527,0.187947,0.616526
AACCGTTGTGTTTGCT-1,0.752328,0.005031,0.24264
AACCTAAAGCCGTCCG-1,0.990506,0.004744,0.00475
AACCTCGCTTTAGCCC-1,0.989481,0.005258,0.005261
AACCTGTCACGGAATT-1,0.133901,0.079538,0.786561
AACCTTTAAATACGGT-1,0.986232,0.006893,0.006875
AACCTTTACGACGTCT-1,0.839408,0.157609,0.002984
AACGAAAGTCGTCCCA-1,0.981455,0.016411,0.002134
AACGACCTCCTAGCCG-1,0.555197,0.076632,0.368171
AACGATAATGCCGTAG-1,0.971911,0.014036,0.014053
AACGATAGAAGGGCCG-1,0.612763,0.385157,0.00208
AACGATATGTCAACTG-1,0.620749,0.074431,0.304821
AACGCATGATCTGGGT-1,0.243225,0.027092,0.729682
AACGCGAACGGCAACA-1,0.183626,0.098698,0.717676
AACGCGACCTTGGGCG-1,0.98652,0.006735,0.006745
AACGCGGTCTCCAGCC-1,0.532792,0.457853,0.009355
AACGCTGTTGCTGAAA-1,0.9823,0.008856,0.008844
AACGGACGTACGTATA-1,0.001948,0.00195,0.996102
AACGGCCATCTCCGGT-1,0.4897,0.218853,0.291447
AACGTACTGTGGGTAC-1,0.353222,0.196679,0.450099
AACGTAGTCTACCCAT-1,0.975103,0.012448,0.01245
AACGTCAGACTAGTGG-1,0.251872,0.402653,0.345475
AACGTCGCTGCACTTC-1,0.563728,0.434469,0.001804
AACGTGATGAAGGACA-1,0.9901,0.004952,0.004948
AACGTGCGAAAGTCTC-1,0.415703,0.512907,0.07139
AACGTTATCAGCACCT-1,0.821297,0.078767,0.099936
AACTACCCGTTTGTCA-1,0.586272,0.071331,0.342397
AACTAGCGTATCGCAC-1,0.988762,0.005616,0.005622
AACTAGGCTTGGGTGT-1,0.982679,0.008663,0.008658
AACTCAAGTTAATTGC-1,0.919008,0.080262,0.00073
AACTCCAGAGCGTGTT-1,0.999461,0.00027,0.00027
AACTCCTAATCCCATG-1,0.000122,0.485284,0.514594
AACTCGATAAACACGT-1,0.666363,0.010879,0.322758
AACTCGATGGCGCAGT-1,0.800038,0.031384,0.168577
AACTCTCAATAGAGCG-1,0.441113,0.105476,0.45341
AACTCTCAGTGTGCTC-1,0.995443,0.002277,0.002279
AACTGAGGTCAGCGTC-1,0.163459,0.342578,0.493963
AACTGAGTTATACTGA-1,0.22728,0.121918,0.650801
AACTGATATTAGGCCT-1,0.441892,0.297101,0.261006
AACTGGGTCCCGACGT-1,0.407906,0.286151,0.305943
AACTGGGTTCGAGCCG-1,0.333866,0.069307,0.596827
AACTGGTGTGGGCCTT-1,0.998009,0.000995,0.000995
AACTTCTGCGTCTATC-1,0.49473,0.094409,0.410861
AACTTGCCCGTATGCA-1,0.703491,0.258654,0.037855
AACTTGCGTTCTCGCG-1,0.99706,0.00147,0.001471
AACTTTAGCTGCTGAG-1,0.797322,0.003968,0.19871
AAGAAATCACCAGATT-1,0.336232,0.212303,0.451465
AAGAAGGATCAGTTAG-1,0.872535,0.059077,0.068388
AAGACATACGTGGTTT-1,0.988596,0.000334,0.01107
AAGACCAAATAACTCA-1,0.998186,0.000907,0.000907
AAGACCCAACTGAACA-1,0.979614,0.010192,0.010194
AAGACTAACCCGTTGT-1,0.98021,0.009889,0.009902
AAGACTCACGCCCACT-1,0.918692,0.080016,0.001292
AAGACTGCAAGCTACT-1,0.009992,0.589348,0.40066
AAGAGATGAATCGGTA-1,0.524639,0.002247,0.473114
AAGAGCTCTTTATCGG-1,0.124257,0.795978,0.079765
AAGAGGATGTACGCGA-1,0.928436,0.017589,0.053976
AAGAGGCATGGATCGC-1,0.001845,0.899436,0.09872
AAGAGGCCCTTTGGAA-1,0.999324,0.000338,0.000338
AAGATGGCACCGGACC-1,0.991245,0.004376,0.004379
AAGCACCCTGCGTATC-1,0.983128,0.008439,0.008432
AAGCATACTCTCCTGA-1,0.875964,0.119076,0.004959
AAGCCACTTGCAGGTA-1,0.988794,0.005603,0.005603
AAGCCGAAGCGGTTTA-1,0.993389,0.003305,0.003306
AAGCCGCCGTGAAATC-1,0.990884,0.004556,0.004559
AAGCCGCTTTACCTTG-1,0.124107,0.258956,0.616937
AAGCCGGAGAGCAGGA-1,0.999226,0.000387,0.000387
AAGCGCAGGGCTTTGA-1,0.986529,0.00674,0.00673
AAGCGGCGTCATGGGT-1,0.988759,0.005626,0.005615
AAGCGTCCCTCATCGA-1,0.655807,0.06589,0.278303
AAGCTAGATCGAGTAA-1,0.740181,0.256233,0.003587
AAGCTCGTGCCAAGTC-1,0.118918,0.771619,0.109463
AAGCTCTTTCATGGTG-1,0.984308,0.007849,0.007842
AAGGAGAACTTATAAG-1,0.990627,0.004687,0.004686
AAGGAGCGGTTGGTGC-1,0.211584,0.787334,0.001082
AAGGATCGATCGCTTG-1,0.990491,0.004752,0.004757
AAGGCAGGCTGTCTCC-1,0.781649,0.001801,0.21655
AAGGCGCGTAAAGCTT-1,0.713067,0.267324,0.019609
AAGGGAACGACTGGCT-1,0.991976,0.004013,0.004011
AAGGGACTATGCATTC-1,0.584991,0.412789,0.00222
AAGGTATCCTAATATA-1,0.000626,0.067582,0.931792
AAGGTGATAAACCAGC-1,0.978929,0.010547,0.010524
AAGTAAGCTTCCAAAC-1,0.981327,0.009334,0.009339
AAGTAGAAGACCGGGT-1,0.629276,0.099391,0.271333
AAGTAGTGACGCGAGG-1,0.716639,0.000367,0.282994
AAGTCAATTGTCGTCA-1,0.991976,0.00401,0.004014
AAGTCTAGTAGCTGCC-1,0.140687,0.223539,0.635774
AAGTCTTCTGTGGCCT-1,0.570972,0.261518,0.16751
AAGTGACGACCGAATT-1,0.544649,0.00032,0.455032
AAGTGAGTCGGGTTTA-1,0.866132,0.12739,0.006478
AAGTGCAAAGGTAGAC-1,0.999724,0.000138,0.000138
AAGTGCCTTGACTGTA-1,0.986523,0.006733,0.006744
AAGTGCGTTAGAATCT-1,0.360944,0.060309,0.578747
AAGTGCTTCTCTATTG-1,0.987284,0.006359,0.006356
AAGTGTTTGGAGACGG-1,0.485242,0.512832,0.001926
AAGTTCACTCCAAGCT-1,0.988584,0.005711,0.005706
AAGTTCAGTCTGCGTA-1,0.865397,0.025921,0.108682
AAGTTCGGCCAACAGG-1,0.992584,0.003708,0.003707
AAGTTGTGATGTTATA-1,0.999236,0.000382,0.000382
AAGTTTACTAATGGCA-1,0.97311,0.013443,0.013447
AAGTTTATGGGCCCAA-1,0.995216,0.002393,0.002391
AATAACAACGCTCGGC-1,0.192394,0.00216,0.805446
AATAACACTAGAACAA-1,0.634044,0.293362,0.072595
AATAAGTCCTCGAGAC-1,0.424243,0.571796,0.003961
AATAATCTTCGTATCG-1,0.997783,0.001109,0.001108
AATACAATGTTTCAGG-1,0.78781,0.004215,0.207976
AATACCGGAGGGCTGT-1,0.80389,0.004214,0.191895
AATAGAACAGAGTGGC-1,0.995677,0.002162,0.002161
AATAGAATCTGTTTCA-1,0.677948,0.315033,0.00702
AATAGCAAGCCTCCTG-1,0.755771,0.148477,0.095752
AATAGCTACCGCGTGC-1,0.636765,0.023489,0.339746
AATAGTCCGTCCCGAC-1,0.97953,0.010238,0.010231
AATAGTCGCGAGTCGG-1,0.995251,0.002374,0.002375
AATATCAAGGTCGGAT-1,0.634676,0.047417,0.317907
AATATCCTAGCAAACT-1,0.669538,0.021479,0.308983
AATATCGAATCAATGC-1,0.996475,0.001764,0.001761
AATATTGGAGTATTGA-1,0.793849,0.017814,0.188336
AATCAGACTGCAGGAC-1,0.971937,0.014025,0.014038
AATCAGGTTTCATTTA-1,0.492386,0.502582,0.005032
AATCATGTAAAGACTC-1,0.874611,0.004434,0.120955
AATCCAAGGGCCTGAG-1,0.998916,0.000542,0.000542
AATCCATGCAAGGGTG-1,0.447657,0.192151,0.360193
AATCGCCTCAGCGCCA-1,0.473041,0.525751,0.001208
AATCGCGCAGAGGACT-1,0.799023,0.002958,0.198019
AATCGGGACACTACGA-1,0.327568,0.003867,0.668565
AATCGGTATAGCCCTC-1,0.997888,0.001057,0.001056
AATCGTGAGCCGAGCA-1,0.99599,0.002006,0.002004
AATCTAGGTTTACTTG-1,0.00049,0.510299,0.489211
AATCTCTACTGTGGTT-1,0.67604,0.043252,0.280708
AATCTGCGTTGGGACG-1,0.785033,0.211742,0.003226
AATCTGGCTTTCTAGT-1,0.50444,0.00344,0.49212
AATCTGGGTAGACCCT-1,0.811422,0.180558,0.00802
AATGACAGCAATGTCT-1,0.274754,0.371123,0.354122
AATGACGTAGGATGTC-1,0.982713,0.008647,0.00864
AATGACTGTCAGCCGG-1,0.070429,0.81584,0.113731
AATGAGTTCGCATATG-1,0.99888,0.00056,0.00056
AATGATGATACGCTAT-1,0.81749,0.0576,0.12491
AATGATGCGACTCCTG-1,0.273803,0.160493,0.565704
AATGCAACCGGGTACC-1,0.073048,0.894751,0.032201
AATGCACCAAGCAATG-1,0.689671,0.012468,0.297861
AATGGTCCACCGTTCA-1,0.821773,0.000611,0.177616
AATGGTTCTCACAAGC-1,0.461075,0.000479,0.538446
AATGTATGGCACTGTA-1,0.746618,0.24932,0.004063
AATGTGCCCGAGGTGT-1,0.701422,0.00527,0.293308
AATGTGCTAATCTGAG-1,0.98858,0.005707,0.005712
AATGTTGTCGTGAGAC-1,0.890636,0.0003,0.109064
AATTAAAGGTCGGCGT-1,0.999304,0.000348,0.000348
AATTAACGGATTTCCA-1,0.99319,0.003404,0.003405
AATTACGAGACCCATC-1,0.828663,0.168504,0.002833
AATTACTCGTACGCTC-1,0.569667,0.006878,0.423454
AATTAGCGCTGCAGCG-1,0.992252,0.003875,0.003873
AATTCATAAGGGATCT-1,0.856052,0.008697,0.135251
AATTCATTGTCATGCA-1,0.74069,0.254125,0.005185
AATTCCAACTTGGTGA-1,0.580122,0.007489,0.412389
AATTCCAAGCATGTAC-1,0.704963,0.003034,0.292003
AATTCGATTCGAGGAT-1,0.981816,0.009094,0.00909
AATTCTAGAGTTAGGC-1,0.98677,0.006617,0.006613
AATTGAACGCTCTGGT-1,0.980181,0.009913,0.009905
AATTGCAGCAATCGAC-1,0.99938,0.00031,0.00031
AATTGCGTGGATTACA-1,0.993262,0.003369,0.003369
AATTGTGGTTGCCAAA-1,0.999661,0.00017,0.00017
AATTTGGGACATAGTA-1,0.6872,0.003064,0.309736
AATTTGGTTCCAAAGA-1,0.981292,0.009354,0.009354
ACAAACCATGCGTCCT-1,0.543039,0.324644,0.132317
ACAAACCGACAAGGCG-1,0.992513,0.003742,0.003745
ACAAAGAAGGTAGGCC-1,0.791678,0.011725,0.196597
ACAAAGCATGACCTAG-1,0.962937,0.003445,0.033618
ACAAATCGCACCGAAT-1,0.989779,0.00511,0.005111
ACAAATGGTAGTGTTT-1,0.983135,0.008433,0.008432
ACAAATTCAGATCTGA-1,0.990772,0.004618,0.00461
ACAACAGCATGAGCTA-1,0.360444,0.573671,0.065885
ACAACGGTCCCTGCGA-1,0.272776,0.104008,0.623216
ACAAGGAAATCCGCCC-1,0.981329,0.009327,0.009344
ACAAGGACAAGAGGTT-1,0.358264,0.356392,0.285344
ACAAGGATGCTTTAGG-1,0.993633,0.003184,0.003184
ACAAGGCCTACCAGCC-1,0.238979,0.002354,0.758668
ACAAGGGCAGGCTCTG-1,0.569019,0.426163,0.004818
ACAATAGTCGTACGTT-1,0.747148,0.17028,0.082572
ACAATCCATTTAAACC-1,0.854071,0.002633,0.143296
ACAATCGATCTTTATA-1,0.992418,0.003792,0.003791
ACAATGAATACGGAGA-1,0.82272,0.004435,0.172845
ACAATGATTCTTCTAC-1,0.723528,0.002516,0.273955
ACAATTGTGTCTCTTT-1,0.993975,0.003011,0.003015
ACAATTTGGCCATATT-1,0.497817,0.050583,0.451599
ACACAAAGACGGGTGG-1,0.113362,0.843612,0.043026
ACACAAATATTCCTAG-1,0.419567,0.236218,0.344215
ACACACCAGGACCAGT-1,0.631948,0.00842,0.359632
ACACACTTTCTACACG-1,0.973029,0.013512,0.01346
ACACATGATCAAATCT-1,0.870329,0.127849,0.001822
ACACATTGACGCAACA-1,0.625394,0.007016,0.36759
ACACATTTCCGTAGAC-1,0.994772,0.002616,0.002613
ACACCACATAATTAGC-1,0.719314,0.067455,0.21323
ACACCCAGCATGCAGC-1,0.340547,0.568812,0.090642
ACACCCGAGAAATCCG-1,0.629143,0.001813,0.369044
ACACCGAGCGCTCTTT-1,0.995224,0.002389,0.002388
ACACCGGTCTGACCGC-1,0.992744,0.003626,0.00363
ACACCTTAAGTAGGGC-1,0.045367,0.865365,0.089268
ACACCTTACTACTTGC-1,0.882247,0.079722,0.03803
ACACGGCACTATGCAT-1,0.17094,0.149365,0.679696
ACACGGGAACTTAGGG-1,0.718327,0.237153,0.04452
ACACGTAGGCCACAAG-1,0.64514,0.000243,0.354617
ACACTCCAATGTCACT-1,0.994291,0.002854,0.002855
ACACTGATCAAGGTGT-1,0.981759,0.009119,0.009122
ACACTGGGACAGTCGT-1,0.745843,0.017724,0.236433
ACAGAACTGAGAACAA-1,0.705493,0.107819,0.186688
ACAGATTAGGTTAGTG-1,0.951868,0.024069,0.024063
ACAGCATAGAGCCAGT-1,0.885939,0.003969,0.110092
ACAGCGACATTCTCAT-1,0.957428,0.042358,0.000214
ACAGCGCACCCGCAGC-1,0.054748,0.086233,0.859019
ACAGGAGGCGCAGCCG-1,0.996978,0.001511,0.001511
ACAGGCACGGATCCTT-1,0.220722,0.051285,0.727993
ACAGGCTTGCCCGACT-1,0.853914,0.004617,0.141468
ACAGGTGGAGGTGAGG-1,0.884196,0.004554,0.11125
ACAGTAATACAACTTG-1,0.315497,0.126301,0.558201
ACAGTATACCGTGGGA-1,0.536528,0.071322,0.39215
ACAGTGCAGCGCATTT-1,0.531056,0.045917,0.423027
ACATAAGTCGTGGTGA-1,0.565011,0.001862,0.433126
ACATAATAAGGCGGTG-1,0.354234,0.524896,0.12087
ACATCCCGGCCATACG-1,0.982239,0.008878,0.008883
ACATCCTGGTAACTGT-1,0.703338,0.293705,0.002958
ACATCGATCGTTTACC-1,0.548579,0.333903,0.117519
ACATCGGTCAGCCGCG-1,0.999487,0.000257,0.000257
ACATCGTATGCAATGG-1,0.987964,0.006016,0.00602
ACATCGTTAACCTAGT-1,0.991684,0.004161,0.004155
ACATCTCAACGCGTAA-1,0.989633,0.005181,0.005186
ACATGCTTACGGCAGC-1,0.858997,0.140278,0.000725
ACATGGCGCCAAAGTA-1,0.702563,0.001478,0.295959
ACATGGCTCAATTTAG-1,0.738129,0.006486,0.255385
ACATTAGTTTATATCC-1,0.985351,0.007326,0.007323
ACATTCGCGCGGAATA-1,0.994389,0.002806,0.002805
ACATTTGAAACCTAAC-1,0.532296,0.036388,0.431315
ACCAAACACCCAGCGA-1,0.028207,0.056952,0.914841
ACCAAACTAGAAATCC-1,0.788102,0.003068,0.20883
ACCAACACCACACACT-1,0.285333,0.049978,0.664689
ACCAACCGCACTCCAC-1,0.792362,0.000339,0.207299
ACCAACGCTTATTTAT-1,0.78537,0.008649,0.205981
ACCAAGAACGCGTGTC-1,0.865894,0.13083,0.003276
ACCAAGTCATCGGCAG-1,0.999352,0.000324,0.000324
ACCAATATGCAAGTTA-1,0.985339,0.007331,0.00733
ACCACAACTCAGAACA-1,0.836077,0.159308,0.004615
ACCACCAATGTAACAA-1,0.874354,0.000365,0.125281
ACCACGTGCAGCTATA-1,0.987511,0.006243,0.006246
ACCACTGTTCAAGAAG-1,0.985957,0.007027,0.007016
ACCAGACCATAACAAC-1,0.391829,0.205436,0.402735
ACCAGCCCGGTCTTTG-1,0.98729,0.006356,0.006354
ACCAGGAGTGTGATCT-1,0.930787,0.008012,0.061201
ACCAGTGCCCGGTCAA-1,0.621532,0.374144,0.004324
ACCAGTGCGGGAGACG-1,0.987738,0.006132,0.006129
ACCATATCCGCAATAA-1,0.34154,0.639671,0.018789
ACCATCCGCCAACTAG-1,0.7551,0.000317,0.244583
ACCATCGTATATGGTA-1,0.690123,0.174116,0.135761
ACCATTAAGGGTGTCA-1,0.651953,0.342781,0.005266
ACCCAACGCCCGTGGC-1,0.013196,0.843591,0.143212
ACCCACCTACATGCTC-1,0.283677,0.704066,0.012258
ACCCATCTTGAGGGTA-1,0.482583,0.013462,0.503955
ACCCATTTGTCCCTCT-1,0.264077,0.105844,0.63008
ACCCGAGCGAAATTAC-1,0.860697,0.00571,0.133593
ACCCGATTGGTTCCGA-1,0.986244,0.006878,0.006878
ACCCGGAAACTCCCAG-1,0.158892,0.001629,0.83948
ACCCGGAGCACCACAA-1,0.076718,0.000296,0.922986
ACCCGGATGACGCATC-1,0.865635,0.00383,0.130535
ACCCGGTTACACTTCC-1,0.572363,0.001959,0.425677
ACCCGTAGCAGAGAAT-1,0.993126,0.003437,0.003436
ACCCGTAGTCTAGTTG-1,0.882798,0.074272,0.04293
ACCCGTGTCATCAGTA-1,0.984701,0.007649,0.00765
ACCCTATAGGACTGAG-1,0.985012,0.007493,0.007495
ACCCTATGCCATATCG-1,0.782789,0.000931,0.21628
ACCCTCCCGTCAGGGC-1,0.999267,0.000367,0.000366
ACCCTCCCTTGCTATT-1,0.206847,0.003211,0.789942
ACCCTGGTAACGCCCT-1,0.541034,0.001851,0.457114
ACCCTTCATCTGCGAA-1,0.637894,0.002516,0.35959
ACCCTTTAGTTCTCCA-1,0.615215,0.00309,0.381695
ACCGAAAGGGCCCTGC-1,0.588852,0.400604,0.010544
ACCGAAGAGTCTGGTT-1,0.991975,0.004012,0.004013
ACCGACACATCTCCCA-1,0.162842,0.132321,0.704837
ACCGACTGAGTCCCAC-1,0.303819,0.454484,0.241697
ACCGAGTCTCCTTATT-1,0.994614,0.002694,0.002692
ACCGATAGGCATAACC-1,0.787582,0.021137,0.191281
ACCGATATTTAATCAT-1,0.740328,0.256837,0.002835
ACCGATGGTAGCATCG-1,0.99682,0.00159,0.00159
ACCGCAATAACTGCCT-1,0.785241,0.003178,0.211581
ACCGCGGTGGAAGTCG-1,0.806338,0.003589,0.190073
ACCGCTAGTCATTGGT-1,0.993396,0.0033,0.003304
ACCGGGCCTTTGTTGA-1,0.988385,0.005811,0.005804
ACCGGTCAGGTACACC-1,0.993978,0.003011,0.003011
ACCGGTCTGAGTACGG-1,0.27632,0.482674,0.241006
ACCGTCCACTGGGCCC-1,0.874134,0.124575,0.00129
ACCGTGACCACGTGGG-1,0.986793,0.006604,0.006603
ACCGTTCCCGCTCTGA-1,0.983222,0.008389,0.008389
ACCTAAGTACCTTTCA-1,0.62136,0.374934,0.003706
ACCTACAGTATGTGGT-1,0.472199,0.146408,0.381394
ACCTACTATAAATCTA-1,0.989791,0.005102,0.005107
ACCTCCGCCCTCGCTG-1,0.998783,0.000609,0.000608
ACCTCCGTTATTCACC-1,0.844386,0.002006,0.153608
ACCTCGAACTTATGCT-1,0.753218,0.242718,0.004064
ACCTGCGTGTCATGTT-1,0.616659,0.023139,0.360202
ACCTTTCCTTTAGAAG-1,0.611542,0.005028,0.38343
ACGACCCATGAGTTGC-1,0.993981,0.00301,0.003009
ACGACTCTAGGGCCGA-1,0.911885,0.000227,0.087889
ACGACTGGTCATACTC-1,0.150168,0.12785,0.721981
ACGAGAACCCATCACG-1,0.985996,0.000306,0.013698
ACGAGATATTTGCTTA-1,0.131697,0.237417,0.630886
ACGAGGATACCACTCT-1,0.320993,0.207576,0.471432
ACGAGGTTTACAACGT-1,0.664588,0.259671,0.075742
ACGAGTCGCCGGCGTT-1,0.991787,0.004108,0.004105
ACGATACATAGAACTA-1,0.86835,0.006921,0.12473
ACGATCATACATAGAG-1,0.425353,0.429951,0.144696
ACGATCATCTTGTAAA-1,0.984999,0.007496,0.007504
ACGATGCATATGTTAT-1,0.468049,0.076367,0.455585
ACGATGGATCCGATGC-1,0.793628,0.00318,0.203192
ACGCAAACTAATAGAT-1,0.994968,0.002518,0.002514
ACGCATAAATGACATG-1,0.244483,0.029668,0.725849
ACGCATACGTTTACTA-1,0.825312,0.064373,0.110316
ACGCATTCGTGAGTAC-1,0.493142,0.160094,0.346764
ACGCCAGATGATTTCT-1,0.881483,0.077143,0.041373
ACGCCAGTGCGTTTGC-1,0.99906,0.00047,0.00047
ACGCCCAGCTGTCGAT-1,0.816528,0.007838,0.175634
ACGCCGCTAGACGACC-1,0.302063,0.126092,0.571845
ACGCCTGACACGCGCT-1,0.998495,0.000752,0.000753
ACGCGAAGTCAGACGA-1,0.985968,0.00702,0.007013
ACGCGCTACACAGGGT-1,0.733298,0.128292,0.13841
ACGCGGGCCAAGGACA-1,0.65166,0.341233,0.007107
ACGCGTTTCTTAAGAG-1,0.840412,0.066914,0.092674
ACGCTGTGAGGCGTAG-1,0.452182,0.053617,0.494201
ACGCTTAGTGTCTCTC-1,0.879709,0.118261,0.00203
ACGGAACACGAGTGCC-1,0.817913,0.18064,0.001447
ACGGAATTTAGCAAAT-1,0.985278,0.000465,0.014257
ACGGACGCAGCGACAA-1,0.727994,0.061157,0.210849
ACGGACTCTCAAAGCG-1,0.838437,0.00624,0.155324
ACGGAGCGCAAATTAC-1,0.368498,0.003291,0.628211
ACGGATGGTGCGGATA-1,0.9578,0.021104,0.021096
ACGGCACTTGCTTGGG-1,0.7043,0.284823,0.010877
ACGGCCAACATGGACT-1,0.865678,0.132594,0.001728
ACGGCGACGATGGGAA-1,0.854461,0.141707,0.003832
ACGGCGGGTTGCCCTG-1,0.977541,0.011226,0.011233
ACGGCTGGATGTAGAA-1,0.997531,0.001235,0.001234
ACGGGAGTGTCGGCCC-1,0.434386,0.37042,0.195194
ACGGGTCATGTGACTT-1,0.60015,0.384006,0.015844
ACGGGTTGTGACCTGT-1,0.832879,0.004684,0.162437
ACGGTACAGTTCAATG-1,0.999088,0.000456,0.000456
ACGGTCACCGAGAACA-1,0.518014,0.016305,0.465681
ACGTACAGATTTCTCT-1,0.203044,0.002784,0.794172
ACGTACTTTGGCACGG-1,0.988581,0.005709,0.005709
ACGTAGATTGCTGATG-1,0.106744,0.655955,0.2373
ACGTAGGAGAGTCGCT-1,0.480172,0.002018,0.517811
ACGTATTACTCCGATC-1,0.682137,0.006017,0.311846
ACGTCCTAAACGAGAT-1,0.886827,0.100698,0.012474
ACGTCGGGCAACTCGG-1,0.998936,0.000532,0.000532
ACGTCTCGTTCCGGGA-1,0.581347,0.026718,0.391934
ACGTGACAAAGTAAGT-1,0.443736,0.197795,0.35847
ACGTGCGCCTCGTGCA-1,0.821165,0.172099,0.006736
ACGTGGTCGAATGTGC-1,0.721226,0.270934,0.00784
ACGTTAATGTCGAAGA-1,0.108784,0.363942,0.527275
ACGTTATTGGTCACTC-1,0.764951,0.00197,0.23308
ACGTTCACTATGCCGC-1,0.994432,0.002784,0.002784
ACGTTCCGCGCTCCGT-1,0.497097,0.010224,0.492679
ACGTTCGCAATCAATT-1,0.898009,0.066709,0.035281
ACGTTCGTTCAGGAAA-1,0.988184,0.005911,0.005906
ACGTTCTGTACAAGTC-1,0.998889,0.000555,0.000555
ACGTTGTCGTTGAAAG-1,0.795149,0.000885,0.203966
ACGTTTAGTTGTGATC-1,0.985341,0.007329,0.00733
ACTAATACGTCAGGCG-1,0.998022,0.000989,0.000989
ACTACAAAGAGAGGTG-1,0.856022,0.005704,0.138274
ACTACATCCCGACAAG-1,0.986506,0.006753,0.006741
ACTACCAGCTCTCTGG-1,0.012599,0.725862,0.261539
ACTACCATCCGAGGGC-1,0.988772,0.005616,0.005612
ACTACGCGTTAGAATT-1,0.58207,0.10359,0.31434
ACTAGTTGCGATCGTC-1,0.995473,0.002269,0.002258
ACTATATGCTGTGTTC-1,0.994187,0.002906,0.002907
ACTATCCAGGGCATGG-1,0.993578,0.00321,0.003212
ACTATCGCCGGCTAAA-1,0.991354,0.004323,0.004324
ACTATCTGCCCGCGTA-1,0.992328,0.003839,0.003833
ACTATGTCCAGCTGCC-1,0.992987,0.003505,0.003507
ACTATTCGTCCGTGGT-1,0.873914,0.123532,0.002554
ACTATTTCCGGGCCCA-1,0.792992,0.002759,0.204249
ACTCAACGAATGTATT-1,0.980165,0.009925,0.00991
ACTCAAGTGCAAGGCT-1,0.995939,0.00203,0.00203
ACTCAATAAAGGCACG-1,0.684807,0.238164,0.07703
ACTCAGACCTGCTTCT-1,0.916229,0.000332,0.08344
ACTCATGGCAGCCTTC-1,0.991471,0.004265,0.004264
ACTCCAATATCATCAT-1,0.990764,0.004616,0.00462
ACTCCCATTCCTAAAG-1,0.98597,0.007015,0.007015
ACTCCCGAATTCGTTT-1,0.710243,0.179299,0.110458
ACTCCCGTAGACTAGG-1,0.308779,0.113478,0.577743
ACTCCCTAATGCTAAA-1,0.002006,0.003235,0.994758
ACTCCCTAGAATAGTA-1,0.969369,0.01533,0.015301
ACTCCGGCCGACCACT-1,0.999481,0.00026,0.00026
ACTCGATGTATTTCAT-1,0.399734,0.011637,0.588629
ACTCGCCGTTCGATAA-1,0.968384,0.013788,0.017828
ACTCGCGATCTGACGC-1,0.694977,0.302599,0.002424
ACTCGTAACCCGTCCT-1,0.988764,0.00562,0.005616
ACTCGTCAGTAATCCC-1,0.00003,0.89279,0.10718
ACTCTAAACCTGGGAT-1,0.048915,0.0672,0.883885
ACTCTCTGACTTAGGT-1,0.680473,0.312036,0.007491
ACTCTCTTATACACGA-1,0.992425,0.003786,0.003789
ACTCTGACCTAATAGA-1,0.99933,0.000335,0.000335
ACTCTTCAGCTCCCGC-1,0.774347,0.000457,0.225196
ACTCTTGTATAGTAAC-1,0.088186,0.698511,0.213303
ACTGAAACGCCGTTAG-1,0.717999,0.220813,0.061188
ACTGAATGGCGAAAGT-1,0.502398,0.489557,0.008045
ACTGATTTAGTGATTC-1,0.743456,0.00765,0.248893
ACTGCCCGCCATTCTC-1,0.799308,0.19488,0.005812
ACTGCCGTCGTAACTC-1,0.487589,0.002007,0.510404
ACTGCGGACACACCGT-1,0.691433,0.098867,0.2097
ACTGCTCGGAAGGATG-1,0.875936,0.123189,0.000876
ACTGGGATGCCAGTGC-1,0.705254,0.002785,0.291962
ACTGTACGATACACAT-1,0.297759,0.582741,0.1195
ACTGTAGCACTTTGGA-1,0.167377,0.760231,0.072392
ACTGTATACGCGAGCA-1,0.999219,0.000391,0.000391
ACTGTCCAGGATTATA-1,0.690474,0.145107,0.164419
ACTGTGCTAGTAGATC-1,0.999016,0.000492,0.000492
ACTGTTTAGTGTAGGC-1,0.981296,0.009337,0.009367
ACTTACCGGGCGCGCA-1,0.988956,0.005518,0.005526
ACTTACGCATCCACGC-1,0.823596,0.1713,0.005104
ACTTAGTACGACAAGA-1,0.907503,0.000329,0.092168
ACTTATACTTACCCGG-1,0.239882,0.168254,0.591864
ACTTATCTGATCTATA-1,0.983938,0.008028,0.008034
ACTTATTAGGATCGGT-1,0.64417,0.129735,0.226095
ACTTATTTATGTGCCA-1,0.992743,0.00363,0.003627
ACTTCAGGCTGATCCC-1,0.064265,0.312982,0.622754
ACTTCCAGTGGAAGCT-1,0.348091,0.319621,0.332288
ACTTCCATGCGGGACA-1,0.931209,0.065912,0.002879
ACTTCCTGTCGTGCGA-1,0.430957,0.175428,0.393614
ACTTCGCCATACGCAC-1,0.730708,0.124984,0.144308
ACTTCGCTAGCGAGTG-1,0.983135,0.009605,0.00726
ACTTGACTCCCTCTTT-1,0.916564,0.002575,0.080861
ACTTGCCATATTGTAC-1,0.747086,0.157599,0.095315
ACTTGCTCTATCTACC-1,0.996981,0.00151,0.001509
ACTTGTAGTCCCTTCA-1,0.769264,0.014557,0.216178
ACTTGTGGATGGAACG-1,0.747076,0.030966,0.221958
ACTTTACCCTCATGAA-1,0.999109,0.000446,0.000445
ACTTTATACACCACTT-1,0.905854,0.093254,0.000892
ACTTTCCTATAGCTTC-1,0.524078,0.310259,0.165664
ACTTTGACTGCATCCT-1,0.851857,0.019773,0.12837
ACTTTGGTCGTGCTCC-1,0.983568,0.008216,0.008216
ACTTTGTCGACGCACT-1,0.985958,0.007022,0.007021
AGAAATTATGACTCGC-1,0.982731,0.008633,0.008636
AGAACACGGCGATGGT-1,0.835018,0.000742,0.164239
AGAACCCAGCGTGACA-1,0.96422,0.000249,0.035532
AGAACCCTCAATTGGG-1,0.996864,0.001568,0.001568
AGAACGTGGTACATTC-1,0.920216,0.079605,0.000179
AGAAGAGCGCCGTTCC-1,0.984327,0.007826,0.007847
AGAAGGTACACTTCAC-1,0.463775,0.088563,0.447662
AGAAGGTTGCCGAATT-1,0.710927,0.06523,0.223843
AGAAGGTTGTAGGTCG-1,0.216934,0.357042,0.426024
AGAAGTGATTCGTGAT-1,0.643231,0.19106,0.165709
AGAATAAATCTTCAGG-1,0.218984,0.326178,0.454838
AGAATGCGGGTTCGGA-1,0.83205,0.165394,0.002555
AGAATTATGGATTCGA-1,0.618776,0.245848,0.135377
AGAATTGTTTGACATA-1,0.60799,0.081073,0.310936
AGACAGCTCAGAATCC-1,0.93366,0.001109,0.065231
AGACAGGCATCTCAGC-1,0.874605,0.004436,0.120959
AGACATAGATCCTTCC-1,0.983133,0.008443,0.008424
AGACCAAACCACACCT-1,0.679569,0.002717,0.317713
AGACCATGGGATACAA-1,0.742005,0.002132,0.255862
AGACCCACCGCTGATC-1,0.65372,0.007491,0.338789
AGACCCGCCCTCCTCG-1,0.104365,0.8827,0.012935
AGACCGCTCCGCGGTT-1,0.370039,0.166271,0.46369
AGACCGGGAAACCCTG-1,0.455088,0.013364,0.531549
AGACGAAGTGCCGGTC-1,0.993649,0.003175,0.003176
AGACGACGATGCCGCT-1,0.99765,0.001175,0.001175
AGACGCCCACTTCGCC-1,0.864085,0.116875,0.01904
AGACGGGATTGGTATA-1,0.986238,0.006878,0.006884
AGACGGGCCGATTTAA-1,0.219234,0.06144,0.719326
AGACTAGCCTTCCAGA-1,0.239568,0.758828,0.001605
AGACTGTTACCGGGTC-1,0.728561,0.266002,0.005436
AGAGAAACACCAGAAA-1,0.994134,0.002936,0.002931
AGAGAAGGAGTACAAT-1,0.598827,0.004784,0.39639
AGAGATCTCTAAAGCG-1,0.496115,0.054133,0.449752
AGAGCAGTTATGAGAC-1,0.949358,0.042397,0.008245
AGAGCCGCCGAGATTT-1,0.995005,0.002498,0.002497
AGAGCGCTTGTAACGG-1,0.300379,0.209779,0.489842
AGAGCGGGCTAATCAT-1,0.348388,0.001406,0.650206
AGAGCGTACAAGCTCG-1,0.995387,0.002305,0.002308
AGAGCTACGAAAGCAT-1,0.996101,0.001949,0.00195
AGAGGCTTCGGAAACC-1,0.781307,0.00312,0.215573
AGAGGTATCTCGGTCC-1,0.655756,0.333718,0.010527
AGAGTAAACTTCACTA-1,0.932269,0.066047,0.001685
AGAGTTAGAGACCGAT-1,0.831487,0.166811,0.001702
AGATAACTTCAGGGCC-1,0.319724,0.42069,0.259585
AGATACCAATAGAACC-1,0.99944,0.00028,0.00028
AGATACCAGCACTTCA-1,0.666452,0.049393,0.284155
AGATACGACTTCATAT-1,0.735259,0.000348,0.264392
AGATACTCAAGATCGA-1,0.390252,0.003036,0.606712
AGATATAATACGACTA-1,0.150581,0.136602,0.712817
AGATCGTGCATAAGAT-1,0.430639,0.082655,0.486706
AGATCTGGAGAGGATA-1,0.383618,0.095106,0.521276
AGATGACTCGCCCACG-1,0.514865,0.484827,0.000308
AGATGAGGGTTGCGAT-1,0.179954,0.019842,0.800203
AGATGATGGAGTCTGG-1,0.993128,0.003433,0.003439
AGATGCAAGACGTGCA-1,0.374118,0.060476,0.565407
AGATGCATCCTGTGTC-1,0.751473,0.246367,0.002161
AGATGCTATAACGAGC-1,0.987282,0.00636,0.006359
AGATTATAGGACGTTT-1,0.572612,0.28988,0.137508
AGATTCAAGCGGGTCG-1,0.993751,0.003131,0.003118
AGATTCACAACCGATA-1,0.435215,0.314915,0.249869
AGCAAAGGCCGCTAGT-1,0.992158,0.003921,0.003921
AGCAACATATCTTATT-1,0.667643,0.138022,0.194335
AGCAACCGAAAGTAAT-1,0.782115,0.211144,0.006741
AGCACACGTTTAGACT-1,0.623754,0.146742,0.229503
AGCACCAGTACTCACG-1,0.81418,0.182965,0.002855
AGCACTACCGGCCTGT-1,0.916914,0.020063,0.063023
AGCACTACCTCACCAG-1,0.98395,0.008031,0.008019
AGCAGAAGGAGAAAGA-1,0.988765,0.005622,0.005613
AGCAGCCAGATGAATA-1,0.640781,0.002007,0.357213
AGCAGTCGAAGCATGC-1,0.890494,0.002162,0.107344
AGCATATCAATATGCT-1,0.987735,0.006135,0.00613
AGCATCATTTCGAAAG-1,0.212288,0.164501,0.623211
AGCATCGTCGATAATT-1,0.228611,0.629134,0.142255
AGCATTACGAGGCAAG-1,0.999235,0.000383,0.000382
AGCCAAGCTTTGTGTC-1,0.975953,0.012025,0.012022
AGCCACAGGTTACCCG-1,0.239309,0.110185,0.650506
AGCCACTCCCGTGCTT-1,0.787749,0.00114,0.211112
AGCCATATAGTATGTG-1,0.672857,0.002424,0.324719
AGCCCATACATGTAAG-1,0.648301,0.102954,0.248745
AGCCCGCAACAAGCAG-1,0.986514,0.006751,0.006735
AGCCCGGCATTAGAGG-1,0.98677,0.00661,0.006619
AGCCCGGTAGCCTGTA-1,0.983568,0.008214,0.008219
AGCCCTAAGCGAAGTT-1,0.590703,0.406119,0.003177
AGCCCTCCCTGGTGGC-1,0.282768,0.001747,0.715485
AGCCCTGTCGCACCGT-1,0.722751,0.00082,0.276429
AGCCCTTCTAATCCGA-1,0.680249,0.000283,0.319467
AGCCCTTGGACATCCC-1,0.997069,0.001466,0.001465
AGCCGCTTGATTAGCG-1,0.98913,0.005434,0.005436
AGCCGTGGCTAAATGT-1,0.270008,0.002291,0.727701
AGCCTAATACCCACGT-1,0.995757,0.002122,0.002121
AGCCTTAAAGCGGAAG-1,0.350057,0.16975,0.480193
AGCCTTGTCACTGATA-1,0.776339,0.004209,0.219452
AGCGACAGGAACGGTC-1,0.863094,0.003209,0.133697
AGCGACATCCCATTCA-1,0.880684,0.003243,0.116073
AGCGACCAACGATATT-1,0.183743,0.800877,0.015379
AGCGAGACGTGAAGGC-1,0.991873,0.004066,0.004062
AGCGATGCGCCTAATA-1,0.648969,0.009864,0.341167
AGCGCATAATGAATCG-1,0.977621,0.011189,0.01119
AGCGCGGGTGCCAATG-1,0.875254,0.119306,0.00544
AGCGCTAGAGCGATGT-1,0.970341,0.00433,0.025329
AGCGCTTATGGGCAAG-1,0.996319,0.001842,0.00184
AGCGGACACTTCGTAG-1,0.992507,0.003745,0.003748
AGCGGCGGTTAGCGGT-1,0.189977,0.405175,0.404848
AGCGGGAAGGGTCCAT-1,0.986079,0.001926,0.011996
AGCGGGTCTGACACTC-1,0.997227,0.001386,0.001386
AGCGGTTGAGATGTAC-1,0.260116,0.000839,0.739046
AGCGGTTGCCGCTCTG-1,0.609693,0.123503,0.266804
AGCGTACGAGAGCTAG-1,0.994645,0.002678,0.002677
AGCGTAGCGCTAGACC-1,0.94199,0.000421,0.05759
AGCGTCTGAACCCGCA-1,0.785038,0.001812,0.21315
AGCGTGGTATTCTACT-1,0.448096,0.287791,0.264113
AGCGTTCCGATTTAAA-1,0.890458,0.107235,0.002307
AGCTAACAAGCAATGT-1,0.990093,0.004951,0.004955
AGCTAAGTACGCAGGC-1,0.99038,0.004807,0.004813
AGCTAGAAGCAGAAGT-1,0.406765,0.078107,0.515128
AGCTATTTAATCCAAC-1,0.751893,0.001803,0.246304
AGCTCCATATATGTTC-1,0.999083,0.000459,0.000458
AGCTCCTTCGCACATC-1,0.989796,0.0051,0.005104
AGCTCGTTGATGGAAA-1,0.405067,0.113689,0.481244
AGCTCTAGACGTTCCA-1,0.110899,0.75967,0.129431
AGCTCTTCCCAGTGCA-1,0.435712,0.208086,0.356202
AGCTCTTCGTAACCTT-1,0.620435,0.160776,0.218789
AGCTCTTTACTCAGTT-1,0.841724,0.05376,0.104516
AGCTGAAGTAAACCAA-1,0.64749,0.126197,0.226313
AGCTGCATTTGAGGTG-1,0.573081,0.42496,0.001959
AGCTGCTGTGCCGAAT-1,0.654455,0.053416,0.292129
AGCTGTAACCTCAATC-1,0.576827,0.000904,0.422269
AGCTTATAGAGACCTG-1,0.990513,0.004743,0.004744
AGCTTCAATACTTTGA-1,0.776385,0.003787,0.219828
AGCTTCTTCTCGAGCA-1,0.999144,0.000428,0.000428
AGCTTGATCAGGGTAG-1,0.375599,0.102943,0.521459
AGCTTGATCTTAACTT-1,0.618083,0.046742,0.335175
AGGAAAGCCTCTGATG-1,0.810765,0.186558,0.002677
AGGAACGAACGACTTC-1,0.77177,0.084125,0.144105
AGGAAGCTGTCCGCCG-1,0.992986,0.003512,0.003502
AGGACAGTCGAATCCC-1,0.986254,0.00687,0.006876
AGGACATCGCACGTCG-1,0.764845,0.092706,0.142448
AGGACATCGGCACACT-1,0.999249,0.000376,0.000376
AGGACGACCCATTAGA-1,0.669119,0.001511,0.32937
AGGACGCTCGATGTTG-1,0.807825,0.000345,0.19183
AGGACTTATAGGAGAA-1,0.839879,0.155709,0.004413
AGGAGGCCTTCGCGCG-1,0.983925,0.008048,0.008027
AGGATAAAGTCGGGAT-1,0.167925,0.000909,0.831167
AGGATATAGGGATTTA-1,0.979565,0.010221,0.010214
AGGATATCCGACTGCA-1,0.999317,0.000341,0.000341
AGGATCACGCGATCTG-1,0.983129,0.008437,0.008434
AGGATTGCTTACGACA-1,0.662751,0.294857,0.042392
AGGCAAAGAGGAATCA-1,0.84848,0.011631,0.139889
AGGCAATACGGAGGAC-1,0.987032,0.006485,0.006483
AGGCACGTGACTGTCC-1,0.76187,0.000344,0.237785
AGGCAGATGCGTAAAC-1,0.3492,0.038829,0.611971
AGGCAGGGAGCGTACT-1,0.679078,0.315301,0.005621
AGGCATTGTCGTAGGG-1,0.989626,0.005194,0.00518
AGGCCACATTGGTTAC-1,0.66762,0.094652,0.237728
AGGCCACCCGTTATGA-1,0.23245,0.676398,0.091152
AGGCCCAGTGACTGGT-1,0.609618,0.265379,0.125003
AGGCCCATTGTACAGG-1,0.000544,0.640221,0.359234
AGGCCCTAGAACGCCA-1,0.946066,0.001243,0.05269
AGGCCTATCATACCAA-1,0.618717,0.375477,0.005806
AGGCCTGAGAATCTCG-1,0.990389,0.004804,0.004807
AGGCGATAACTGGCGT-1,0.461696,0.068347,0.469956
AGGCGGTTTGTCCCGC-1,0.04195,0.153395,0.804655
AGGCGTCTATGGACGG-1,0.727898,0.000461,0.271641
AGGCTATGGTTAGCTT-1,0.518297,0.232974,0.248728
AGGCTTCCCGAAGAAG-1,0.754938,0.00212,0.242942
AGGCTTGCTAGACACC-1,0.726395,0.002554,0.271052
AGGGAAACGAGGTACT-1,0.877592,0.120731,0.001677
AGGGACAGCACGGCGG-1,0.96944,0.015276,0.015284
AGGGACCGGCTGCGTT-1,0.937646,0.000421,0.061933
AGGGACTCTACGCGAC-1,0.981256,0.009377,0.009367
AGGGCAGCGGCGTGGT-1,0.885021,0.111318,0.003661
AGGGCCCTAATGTTCT-1,0.992437,0.007257,0.000306
AGGGCGAGCAGCTGAT-1,0.598765,0.021184,0.380051
AGGGCGTGATCGGCTA-1,0.977518,0.011241,0.011241
AGGGCTGCAGTTACAG-1,0.034935,0.898379,0.066686
AGGGTCAGAGCACTCG-1,0.976786,0.011604,0.011611
AGGGTCAGTAACCCTA-1,0.409525,0.019738,0.570737
AGGGTCGATGCGAACT-1,0.995476,0.002263,0.002261
AGGGTCTGGACGCAGT-1,0.985191,0.000445,0.014364
AGGGTGCCGTTCTTTA-1,0.986236,0.006872,0.006892
AGGGTGCTCTCGAGGG-1,0.635277,0.200841,0.163881
AGGGTGGATAGTGCAT-1,0.995419,0.002291,0.002289
AGGGTTCAGACGGTCC-1,0.765936,0.228358,0.005707
AGGGTTCCCTTTGGTT-1,0.262861,0.720048,0.017092
AGGGTTTAGTTCGGGA-1,0.826835,0.172354,0.000811
AGGTAACCTCCTATTC-1,0.633463,0.082014,0.284523
AGGTACGATATTGCCA-1,0.747621,0.248867,0.003511
AGGTAGATCGAGATAT-1,0.988566,0.005714,0.005719
AGGTAGGTACAAAGCT-1,0.167859,0.349717,0.482424
AGGTATAATTGATAGT-1,0.987957,0.00602,0.006023
AGGTATGCGGACATTA-1,0.927272,0.07171,0.001018
AGGTCAGGTGAGAGTG-1,0.99788,0.00106,0.00106
AGGTCGCCACTTCGGT-1,0.527714,0.458833,0.013453
AGGTCGCCTCCCAACA-1,0.916792,0.000412,0.082796
AGGTGCACGTCCACAT-1,0.834504,0.026401,0.139095
AGGTGGTGACCTTCGC-1,0.98396,0.008029,0.008011
AGGTGTATCGCCATGA-1,0.449328,0.025961,0.524711
AGGTGTTGCCGACCAC-1,0.999606,0.000197,0.000197
AGGTTACACCATGCCG-1,0.990885,0.00456,0.004556
AGGTTCTCCTTTCCGG-1,0.980723,0.00934,0.009937
AGGTTGAGGCACGCTT-1,0.587721,0.171559,0.24072
AGGTTTCACACACCTT-1,0.3408,0.307377,0.351823
AGTAACGTTCATCCTG-1,0.647191,0.002515,0.350294
AGTAACTATAGCAGCC-1,0.998722,0.000639,0.000639
AGTAATCTAAGGGTGG-1,0.64389,0.001694,0.354416
AGTAATGTCTTGCCGC-1,0.695464,0.004957,0.299579
AGTAATTTGCAAGCGT-1,0.989472,0.005263,0.005265
AGTACAGAAGCTTATA-1,0.581789,0.001737,0.416474
AGTACATCATTTATCA-1,0.54931,0.199378,0.251313
AGTACCTTCGAGTGCT-1,0.550563,0.335379,0.114058
AGTACGGCCCGTATCG-1,0.997142,0.001429,0.001429
AGTACGGGCACCTGGC-1,0.516535,0.012239,0.471226
AGTACGTGGCCTGTCT-1,0.675442,0.130789,0.193769
AGTACTCTTATGCCCA-1,0.290254,0.003664,0.706083
AGTAGAAGGCGCCTCA-1,0.242304,0.195321,0.562375
AGTAGCGTGAACGAAC-1,0.861249,0.00462,0.134131
AGTAGCTAGACGCCGA-1,0.700018,0.298458,0.001525
AGTAGGAAGGAAGTTG-1,0.888682,0.110714,0.000604
AGTAGGTAACATACAT-1,0.99525,0.002375,0.002376
AGTATAATACTAGGCA-1,0.597621,0.001226,0.401153
AGTATACACAGCGACA-1,0.254035,0.02858,0.717386
AGTATCCATAATAACG-1,0.450807,0.004819,0.544374
AGTATGCTGGAGACCA-1,0.950929,0.046111,0.00296
AGTATTTGGCACGACC-1,0.989302,0.005347,0.005351
AGTCAAATGATGTGAT-1,0.866541,0.130057,0.003402
AGTCAACACCACCATC-1,0.970346,0.02941,0.000244
AGTCAAGATGACACTT-1,0.978257,0.010875,0.010868
AGTCACTAGCTCTCGA-1,0.818749,0.001702,0.179549
AGTCACTCCGCCTCAT-1,0.979625,0.010183,0.010193
AGTCAGCCACCGCCTG-1,0.999014,0.000493,0.000493
AGTCCAGCGGGTACGT-1,0.675511,0.021062,0.303426
AGTCCATTGGCTGATG-1,0.555788,0.175065,0.269147
AGTCCCGCCTTTAATT-1,0.610532,0.274027,0.115441
AGTCGAAACGATTCAG-1,0.998228,0.000886,0.000886
AGTCGACGGTCTCAAG-1,0.948675,0.005106,0.046219
AGTCGGCCCAAACGAC-1,0.742825,0.233943,0.023233
AGTCGGCTCAACTTTA-1,0.482082,0.291033,0.226885
AGTCGGTTGCGTGAGA-1,0.291324,0.054029,0.654647
AGTCGTATAAAGCAGA-1,0.996575,0.001713,0.001713
AGTCGTCGACCACCAA-1,0.991024,0.004489,0.004487
AGTCGTGGGCATTACG-1,0.684006,0.138147,0.177847
AGTCTCACAAGACTAC-1,0.728071,0.004954,0.266976
AGTCTGGACATCCTTG-1,0.83241,0.001861,0.165729
AGTCTTCTCCTCAAAT-1,0.509188,0.374347,0.116465
AGTCTTTAAAGTGTCC-1,0.986239,0.006879,0.006883
AGTGAACAAACTTCTC-1,0.069199,0.042859,0.887942
AGTGAAGATGGTGTCC-1,0.334986,0.2573,0.407714
AGTGACCTACTTTACG-1,0.679825,0.042946,0.277229
AGTGACTGTGACACAA-1,0.991573,0.004208,0.004219
AGTGAGACTTCCAGTA-1,0.576057,0.41676,0.007183
AGTGAGCCTCGCCGCC-1,0.475092,0.263293,0.261615
AGTGAGGGTTTCTGAC-1,0.654992,0.186702,0.158306
AGTGAGTCGAATTAAC-1,0.999389,0.000306,0.000306
AGTGATAACCTGCGCG-1,0.99808,0.00096,0.00096
AGTGATATGAGTAGTT-1,0.807552,0.003092,0.189356
AGTGATTCAAGCAGGA-1,0.694942,0.30295,0.002108
AGTGCACGCTTAAGAA-1,0.985966,0.007011,0.007023
AGTGCGTAGCTCGTAA-1,0.115539,0.001,0.88346
AGTGCTAAACACAGCA-1,0.896492,0.102287,0.001221
AGTGCTTGCACGAATA-1,0.781067,0.166134,0.052799
AGTGGCCCGCAAATGG-1,0.676898,0.001377,0.321725
AGTGGCGGCAATTTGA-1,0.224337,0.346484,0.429179
AGTGGCGTCTGAAGGT-1,0.861769,0.002787,0.135444
AGTGGCTCCGTCGGCC-1,0.763397,0.044826,0.191777
AGTGGGAGTATACACG-1,0.968691,0.003274,0.028035
AGTGGTGTTACCCGTG-1,0.768031,0.091159,0.14081
AGTGGTTGCGTATAGG-1,0.821627,0.124495,0.053878
AGTGTATTGCGCATTG-1,0.783594,0.215789,0.000616
AGTGTGCTAAGATCGC-1,0.734966,0.001983,0.26305
AGTGTGGTCTATTGTG-1,0.674093,0.000321,0.325585
AGTTAAACACTTGCGA-1,0.690794,0.047804,0.261402
AGTTAAGCGGTCCCGG-1,0.998177,0.000911,0.000911
AGTTAAGTCAACCGCT-1,0.831224,0.16476,0.004016
AGTTACCCTTAAGACT-1,0.627573,0.00312,0.369307
AGTTACCGCACATGGT-1,0.997556,0.001221,0.001222
AGTTACTCTATCGTGG-1,0.996254,0.001873,0.001873
AGTTATTGAAAGGTAA-1,0.883457,0.006484,0.110059
AGTTCACCGGTTGGAC-1,0.805863,0.002018,0.192119
AGTTCCTATTTATGTT-1,0.699401,0.298843,0.001756
AGTTCTGCGTTGTATC-1,0.74728,0.249099,0.003621
AGTTGACATCGGCTGG-1,0.93461,0.000284,0.065106
AGTTGACGGTCCTTGC-1,0.991572,0.004213,0.004215
AGTTGCGGTCCTCAAC-1,0.717979,0.001959,0.280062
AGTTGCTGACTGATAT-1,0.993187,0.003407,0.003406
AGTTGGCAAGGCTAGA-1,0.973755,0.008942,0.017304
AGTTTCGCAGGTCGGA-1,0.983548,0.008234,0.008218
AGTTTGCACCTGCCTC-1,0.851539,0.143273,0.005187
AGTTTGGCACGGGTTG-1,0.893997,0.000931,0.105072
AGTTTGGCCAGACCTA-1,0.982706,0.00864,0.008654
ATAAACCATTGGACGG-1,0.977642,0.001466,0.020892
ATAAACGGACCCGTAA-1,0.753385,0.238396,0.008219
ATAAACGTTGCACCAC-1,0.955976,0.043785,0.000239
ATAAAGGCTCGGTCGT-1,0.830022,0.001045,0.168933
ATAAAGGTCAAGTACG-1,0.873806,0.121087,0.005107
ATAAATATTAGCAGCT-1,0.813856,0.001477,0.184667
ATAACGCCGGAGGGTC-1,0.014476,0.939326,0.046198
ATAACGGAGTCCAACG-1,0.850135,0.148242,0.001623
ATAACGTTACCTCCAC-1,0.000096,0.567609,0.432295
ATAAGGTGGAGAACAT-1,0.964577,0.017683,0.017741
ATAAGTACCCGATTGT-1,0.531245,0.232101,0.236655
ATAAGTAGGGCGACTC-1,0.989642,0.00518,0.005178
ATAAGTTACCGCGACG-1,0.990502,0.00475,0.004748
ATAATACCGTTAGCCG-1,0.692141,0.002408,0.305451
ATAATAGCTGTTGAAT-1,0.5668,0.402488,0.030712
ATAATAGTGTAGGGAC-1,0.997915,0.001042,0.001042
ATAATCTTGGAGAACC-1,0.627517,0.160226,0.212257
ATAATTAGCTAAGTAG-1,0.030921,0.001948,0.967131
ATACAGCGTCCACTGA-1,0.728052,0.260145,0.011803
ATACAGGCCCTCCAAT-1,0.700786,0.286251,0.012963
ATACCACGGGCAACTT-1,0.05075,0.000749,0.948501
ATACCAGCAAATTGCT-1,0.974081,0.012968,0.012951
ATACCAGGCTAATAGA-1,0.570005,0.262612,0.167383
ATACCAGGTGAGCGAT-1,0.967917,0.01604,0.016044
ATACCCTGGCTCAAAT-1,0.948282,0.025866,0.025851
ATACCGTCATCCATAA-1,0.357436,0.02832,0.614243
ATACCTAACCAAGAAA-1,0.982279,0.008859,0.008862
ATACGAAGGCTTTCCA-1,0.824249,0.068885,0.106867
ATACGACAGATGGGTA-1,0.527062,0.092653,0.380286
ATACGCCGATCTACCG-1,0.985637,0.007185,0.007178
