Barcode,Topic 1to3,Topic 4to5,Topic 6to7
AAACAAGTATCTCCCA-1,0.961939,0.000274,0.037787
AAACAATCTACTAGCA-1,0.866003,0.006647,0.12735
AAACATTTCCCGGATT-1,0.967477,0.000966,0.031557
AAACCCGAACGAAATC-1,0.965735,0.000446,0.033819
AAACCGGAAATGTTAA-1,0.679612,0.000161,0.320228
AAACCGGGTAGGTACC-1,0.999519,0.00024,0.000241
AAACCTAAGCAGCCGG-1,0.712664,0.001589,0.285747
AAACCTCATGAAGTTG-1,0.962618,0.000242,0.03714
AAACGAAGAACATACC-1,0.86074,0.004027,0.135233
AAACGAGACGGTTGAT-1,0.999824,0.000088,0.000088
AAACGCTGGGCACGAC-1,0.866122,0.000496,0.133383
AAACGGGCGTACGGGT-1,0.989587,0.005197,0.005216
AAACGGGTTGGTATCC-1,0.022678,0.015045,0.962277
AAACTCGTGATATAAG-1,0.999257,0.000371,0.000372
AAACTGCTGGCTCCAA-1,0.965334,0.00024,0.034426
AAAGAATGTGGACTAA-1,0.790374,0.003211,0.206415
AAAGACCCAAGTCGCG-1,0.631748,0.000643,0.367609
AAAGACTGGGCGCTTT-1,0.41734,0.004083,0.578577
AAAGCTTGCCTACATA-1,0.999329,0.000335,0.000336
AAAGGGATGTAGCAAG-1,0.952129,0.000292,0.047579
AAAGGGCAGCTTGAAT-1,0.449925,0.010997,0.539078
AAAGTCACTGATGTAA-1,0.698746,0.000514,0.30074
AAAGTCGACCCTCAGT-1,0.559073,0.002673,0.438254
AAAGTGCCATCAATTA-1,0.643814,0.000289,0.355898
AAAGTGTGATTTATCT-1,0.909957,0.000325,0.089718
AAAGTTGACTCCCGTA-1,0.999623,0.000188,0.000189
AAATAAGGTAGTGCCC-1,0.999757,0.000121,0.000122
AAATACCTATAAGCAT-1,0.918004,0.000234,0.081762
AAATAGCTTAGACTTT-1,0.850642,0.000169,0.149189
AAATCCGATACACGCC-1,0.948691,0.000363,0.050946
AAATCGTGTACCACAA-1,0.870893,0.000199,0.128908
AAATCTAGCCCTGCTA-1,0.99952,0.00024,0.00024
AAATGATTCGATCAGC-1,0.999101,0.000449,0.00045
AAATGCTCGTTACGTT-1,0.996071,0.00196,0.001969
AAATGGCATGTCTTGT-1,0.777033,0.000499,0.222468
AAATGGTCAATGTGCC-1,0.999726,0.000137,0.000137
AAATGTGGGTGCTCCT-1,0.701221,0.006977,0.291802
AAATTAACGGGTAGCT-1,0.940241,0.00032,0.059439
AAATTACCTATCGATG-1,0.97625,0.000377,0.023373
AAATTCCAGGTCCAAA-1,0.999692,0.000154,0.000154
AAATTGCGGCGGTTCT-1,0.030778,0.020409,0.948813
AACAACTGGTAGTTGC-1,0.989954,0.005015,0.005031
AACAATTACTCTACGC-1,0.50185,0.006645,0.491505
AACACACGCTCGCCGC-1,0.992174,0.000196,0.00763
AACACGACTGTACTGA-1,0.991697,0.004144,0.004159
AACACGCGGCCGCGAA-1,0.676965,0.001775,0.32126
AACAGGAAATCGAATA-1,0.93314,0.000615,0.066245
AACAGGATGGGCCGCG-1,0.570889,0.003969,0.425142
AACAGGTAGTATGGAT-1,0.994392,0.002802,0.002806
AACATATCAACTGGTG-1,0.902849,0.000274,0.096877
AACATTGGTCAGCCGT-1,0.003197,0.001846,0.994957
AACCAAGACTTCTCTG-1,0.510949,0.007148,0.481902
AACCATGGGATCGCTA-1,0.805257,0.002623,0.19212
AACCCAGAGACGGAGA-1,0.705263,0.007728,0.287009
AACCCGAGCAGAATCG-1,0.834476,0.000202,0.165322
AACCCTACTGTCAATA-1,0.992046,0.000134,0.00782
AACCCTGGTGGAACCA-1,0.885428,0.00502,0.109552
AACCGAGCTTGGTCAT-1,0.949306,0.000385,0.050309
AACCGCTAAGGGATGC-1,0.999323,0.000273,0.000404
AACCGTTGTGTTTGCT-1,0.991932,0.004027,0.004041
AACCTAAAGCCGTCCG-1,0.853745,0.000735,0.14552
AACCTCGCTTTAGCCC-1,0.915741,0.001821,0.082438
AACCTGTCACGGAATT-1,0.9995,0.00025,0.00025
AACGACCTCCTAGCCG-1,0.789916,0.000274,0.20981
AACGATAGAAGGGCCG-1,0.733934,0.004849,0.261217
AACGATATGTCAACTG-1,0.996866,0.00029,0.002844
AACGCATGATCTGGGT-1,0.89858,0.000525,0.100895
AACGCGAACGGCAACA-1,0.343877,0.006982,0.649141
AACGCGGTCTCCAGCC-1,0.988057,0.000398,0.011545
AACGCTGTTGCTGAAA-1,0.99967,0.000165,0.000165
AACGGACGTACGTATA-1,0.999535,0.000232,0.000233
AACGTAGTCTACCCAT-1,0.669905,0.005198,0.324897
AACGTCAGACTAGTGG-1,0.658207,0.004272,0.337521
AACGTGATGAAGGACA-1,0.694479,0.001288,0.304232
AACGTGCGAAAGTCTC-1,0.997883,0.000198,0.00192
AACGTTATCAGCACCT-1,0.917489,0.000713,0.081798
AACTACCCGTTTGTCA-1,0.999188,0.000404,0.000408
AACTAGCGTATCGCAC-1,0.775059,0.0055,0.21944
AACTCAAGTTAATTGC-1,0.969095,0.000505,0.030399
AACTCCAGAGCGTGTT-1,0.72745,0.001459,0.271091
AACTCGATGGCGCAGT-1,0.43507,0.003107,0.561823
AACTCTCAATAGAGCG-1,0.970421,0.000185,0.029394
AACTGAGTTATACTGA-1,0.837815,0.000281,0.161904
AACTGATATTAGGCCT-1,0.954338,0.002485,0.043177
AACTGGGTCCCGACGT-1,0.997272,0.001362,0.001366
AACTGGTGTGGGCCTT-1,0.559083,0.000488,0.440429
AACTTCTGCGTCTATC-1,0.772018,0.003444,0.224538
AACTTGCCCGTATGCA-1,0.271179,0.002979,0.725842
AACTTGCGTTCTCGCG-1,0.971331,0.014287,0.014382
AACTTTACGGGAGCTT-1,0.329019,0.000854,0.670127
AACTTTAGCTGCTGAG-1,0.764523,0.001362,0.234115
AACTTTCTCGATCATG-1,0.997081,0.001458,0.001461
AAGAAATCACCAGATT-1,0.889831,0.000605,0.109564
AAGAAGGATCAGTTAG-1,0.825409,0.004088,0.170503
AAGACATACGTGGTTT-1,0.93127,0.000115,0.068615
AAGACTAACCCGTTGT-1,0.523807,0.012433,0.46376
AAGACTGCAAGCTACT-1,0.945817,0.000264,0.05392
AAGAGATGAATCGGTA-1,0.760478,0.007522,0.232
AAGAGCTCTTTATCGG-1,0.966201,0.000136,0.033663
AAGAGGATGTACGCGA-1,0.92054,0.000155,0.079305
AAGAGGCATGGATCGC-1,0.999823,0.000088,0.000088
AAGAGGCCCTTTGGAA-1,0.637665,0.000271,0.362064
AAGATTGGCGGAACGT-1,0.998464,0.000767,0.000769
AAGCCGAAGCGGTTTA-1,0.999216,0.000392,0.000393
AAGCCGCTTTACCTTG-1,0.918202,0.001692,0.080106
AAGCCGGAGAGCAGGA-1,0.456278,0.000165,0.543557
AAGCTCGTGCCAAGTC-1,0.999523,0.000238,0.000239
AAGCTCTTTCATGGTG-1,0.883675,0.00064,0.115685
AAGGAGAACTTATAAG-1,0.641416,0.003042,0.355542
AAGGAGCGGTTGGTGC-1,0.880142,0.000234,0.119624
AAGGATCGATCGCTTG-1,0.973105,0.000227,0.026668
AAGGATGAGGGACCTC-1,0.999305,0.000347,0.000348
AAGGCAGGCTGTCTCC-1,0.871883,0.000339,0.127778
AAGGCGCGTAAAGCTT-1,0.595662,0.005103,0.399235
AAGGCTGTGCTCATCG-1,0.735513,0.000311,0.264176
AAGGGACAGATTCTGT-1,0.998716,0.000641,0.000643
AAGGTATCCTAATATA-1,0.996217,0.00026,0.003522
AAGGTGATAAACCAGC-1,0.99953,0.000235,0.000235
AAGTAAGCTTCCAAAC-1,0.475588,0.000705,0.523707
AAGTAGAAGACCGGGT-1,0.582106,0.00454,0.413354
AAGTAGTGACGCGAGG-1,0.862733,0.000285,0.136982
AAGTCAATTGTCGTCA-1,0.999426,0.000287,0.000287
AAGTCTAGTAGCTGCC-1,0.999131,0.000434,0.000435
AAGTGACGACCGAATT-1,0.773741,0.000322,0.225938
AAGTGCAAAGGTAGAC-1,0.790196,0.008408,0.201396
AAGTGCCTTGACTGTA-1,0.966571,0.000294,0.033135
AAGTTCACTCCAAGCT-1,0.723153,0.001893,0.274954
AAGTTCGGCCAACAGG-1,0.997032,0.001482,0.001486
AAGTTGTGATGTTATA-1,0.866419,0.003107,0.130474
AAGTTTACTAATGGCA-1,0.737352,0.001788,0.26086
AATAACAACGCTCGGC-1,0.974155,0.001047,0.024798
AATAAGTCCTCGAGAC-1,0.91392,0.007735,0.078345
AATAATCTTCGTATCG-1,0.697591,0.000348,0.302061
AATACAATGTTTCAGG-1,0.210628,0.00752,0.781852
AATAGAATCTGTTTCA-1,0.960847,0.000153,0.039001
AATAGTCGCGAGTCGG-1,0.992651,0.003669,0.00368
AATATCAAGGTCGGAT-1,0.52272,0.00027,0.47701
AATATCGAATCAATGC-1,0.999021,0.000489,0.00049
AATATCGAGGGTTCTC-1,0.999494,0.000252,0.000253
AATATTGGAGTATTGA-1,0.604421,0.001117,0.394461
AATCAGACTGCAGGAC-1,0.233534,0.002918,0.763548
AATCATGTAAAGACTC-1,0.999587,0.000206,0.000207
AATCCAAGGGCCTGAG-1,0.679674,0.000437,0.319889
AATCCATGCAAGGGTG-1,0.622279,0.005833,0.371887
AATCGCCTCAGCGCCA-1,0.99984,0.00008,0.00008
AATCGCGCAGAGGACT-1,0.999618,0.000191,0.000191
AATCGGGACACTACGA-1,0.990291,0.004849,0.00486
AATCGGTATAGCCCTC-1,0.83309,0.001079,0.165831
AATCGTGAGCCGAGCA-1,0.98668,0.006645,0.006675
AATCTATGCCGGAGCC-1,0.999466,0.000267,0.000268
AATCTCTACTGTGGTT-1,0.797528,0.010212,0.19226
AATCTGCGTTGGGACG-1,0.999486,0.000257,0.000257
AATGACGTAGGATGTC-1,0.962832,0.000246,0.036921
AATGACTGTCAGCCGG-1,0.709004,0.001416,0.28958
AATGAGTTCGCATATG-1,0.982601,0.008704,0.008695
AATGATGATACGCTAT-1,0.904384,0.000316,0.095301
AATGATGCGACTCCTG-1,0.972754,0.00029,0.026956
AATGCAACCGGGTACC-1,0.919135,0.000356,0.080509
AATGGTCCACCGTTCA-1,0.702935,0.006809,0.290256
AATGGTTCTCACAAGC-1,0.618165,0.002981,0.378855
AATGTTGTCGTGAGAC-1,0.867969,0.000773,0.131258
AATTAAAGGTCGGCGT-1,0.999613,0.000193,0.000194
AATTCATAAGGGATCT-1,0.939054,0.000376,0.06057
AATTCTAGAGTTAGGC-1,0.999732,0.000134,0.000134
AATTGAACGCTCTGGT-1,0.999858,0.000071,0.000071
AATTGCAGCAATCGAC-1,0.786542,0.001521,0.211937
AATTGTGGTTGCCAAA-1,0.57159,0.000214,0.428196
AATTTGGTTCCAAAGA-1,0.9968,0.001598,0.001602
ACAAACCGACAAGGCG-1,0.862092,0.000573,0.137335
ACAAAGCATGACCTAG-1,0.814458,0.005015,0.180527
ACAAATCGCACCGAAT-1,0.93368,0.000364,0.065955
ACAAATGGTAGTGTTT-1,0.999747,0.000126,0.000126
ACAACAGCATGAGCTA-1,0.99961,0.000195,0.000195
ACAACGGTCCCTGCGA-1,0.672987,0.003044,0.323968
ACAAGCAGTGCCTAGC-1,0.337607,0.01021,0.652184
ACAAGGAAATCCGCCC-1,0.998259,0.000869,0.000872
ACAAGGACAAGAGGTT-1,0.803766,0.00038,0.195854
ACAAGGATGCTTTAGG-1,0.471804,0.000283,0.527913
ACAAGGGCAGGCTCTG-1,0.944789,0.000255,0.054956
ACAATAGTCGTACGTT-1,0.946764,0.000145,0.053091
ACAATCCATTTAAACC-1,0.995804,0.00013,0.004067
ACAATCGATCTTTATA-1,0.434482,0.001104,0.564414
ACAATTGTGTCTCTTT-1,0.999493,0.000253,0.000254
ACAATTTAGGAGGCTC-1,0.70661,0.003975,0.289415
ACAATTTGAGCAGTGG-1,0.99974,0.00013,0.00013
ACAATTTGGCCATATT-1,0.881609,0.00014,0.118251
ACACAAAGACGGGTGG-1,0.906741,0.000569,0.092691
ACACACCAGGACCAGT-1,0.974669,0.000615,0.024716
ACACACTTTCTACACG-1,0.768018,0.001821,0.230161
ACACCACATAATTAGC-1,0.999733,0.000133,0.000133
ACACCCAGCATGCAGC-1,0.932394,0.000583,0.067024
ACACCCGAGAAATCCG-1,0.786006,0.002917,0.211077
ACACCTTAAGTAGGGC-1,0.687367,0.001201,0.311432
ACACCTTACTACTTGC-1,0.999503,0.000248,0.000249
ACACGAGACTCCTTCT-1,0.995978,0.000179,0.003843
ACACGGCACTATGCAT-1,0.757142,0.003972,0.238886
ACACGGGAACTTAGGG-1,0.953712,0.000223,0.046066
ACACGTAGGCCACAAG-1,0.752389,0.000299,0.247312
ACACTCCAATGTCACT-1,0.984518,0.007731,0.007751
ACACTGGGACAGTCGT-1,0.526773,0.000232,0.472994
ACAGATTAGGTTAGTG-1,0.757481,0.005018,0.237502
ACAGCATAGAGCCAGT-1,0.986973,0.00651,0.006517
ACAGCGACATTCTCAT-1,0.511596,0.000731,0.487673
ACAGCGCACCCGCAGC-1,0.296565,0.001845,0.70159
ACAGGCACGGATCCTT-1,0.803355,0.004085,0.19256
ACAGGCTTGCCCGACT-1,0.982391,0.000349,0.017259
ACAGTATACCGTGGGA-1,0.849697,0.000462,0.149841
ACATAATAAGGCGGTG-1,0.998755,0.000622,0.000623
ACATCAGCTGGGACGC-1,0.54821,0.015884,0.435906
ACATCCTGGTAACTGT-1,0.983779,0.000113,0.016108
ACATCGATCGTTTACC-1,0.999284,0.000303,0.000413
ACATCGGTCAGCCGCG-1,0.888194,0.000397,0.111409
ACATCGTATGCAATGG-1,0.999858,0.000071,0.000071
ACATCGTTAACCTAGT-1,0.902196,0.001227,0.096576
ACATCTCAACGCGTAA-1,0.522184,0.021989,0.455827
ACATGGCGCCAAAGTA-1,0.999825,0.000087,0.000088
ACATGGCTCAATTTAG-1,0.608445,0.015874,0.375681
ACCAAACTAGAAATCC-1,0.94033,0.000691,0.05898
ACCAACCGCACTCCAC-1,0.790136,0.003917,0.205947
ACCAAGAACGCGTGTC-1,0.923515,0.003366,0.073119
ACCAAGTCATCGGCAG-1,0.83943,0.003408,0.157162
ACCACAACTCAGAACA-1,0.583385,0.006213,0.410402
ACCACAAGTTTCTATC-1,0.961603,0.000217,0.03818
ACCACCAATGTAACAA-1,0.969561,0.000146,0.030293
ACCACCCTCTCTTCTA-1,0.999705,0.000148,0.000148
ACCACGTGCAGCTATA-1,0.999019,0.00049,0.000491
ACCAGACCATAACAAC-1,0.617627,0.006217,0.376155
ACCAGCCCGGTCTTTG-1,0.861895,0.003403,0.134702
ACCAGGAGTGTGATCT-1,0.758571,0.003445,0.237983
ACCAGTGCGGGAGACG-1,0.999502,0.000249,0.00025
ACCATATCCGCAATAA-1,0.99967,0.000165,0.000165
ACCATCGTATATGGTA-1,0.999472,0.000264,0.000264
ACCCAACGCCCGTGGC-1,0.896751,0.000684,0.102565
ACCCACCTACATGCTC-1,0.453258,0.003531,0.54321
ACCCATCTTGAGGGTA-1,0.924213,0.000399,0.075388
ACCCATTTGTCCCTCT-1,0.940535,0.001362,0.058103
ACCCGGAGCACCACAA-1,0.649135,0.000605,0.35026
ACCCGGATGACGCATC-1,0.992746,0.000397,0.006857
ACCCGGTTACACTTCC-1,0.863017,0.00019,0.136793
ACCCGTAGTCTAGTTG-1,0.708076,0.000433,0.291491
ACCCTATAGGACTGAG-1,0.961819,0.019051,0.01913
ACCCTCCCGTCAGGGC-1,0.633399,0.001021,0.36558
ACCCTCCCTTGCTATT-1,0.972307,0.00018,0.027513
ACCCTTCATCTGCGAA-1,0.717921,0.001375,0.280704
ACCCTTTAGTTCTCCA-1,0.989584,0.005199,0.005217
ACCGAAAGGGCCCTGC-1,0.534371,0.000412,0.465217
ACCGACTGAGTCCCAC-1,0.999662,0.000169,0.000169
ACCGATAGGCATAACC-1,0.567238,0.000226,0.432536
ACCGATATTTAATCAT-1,0.846067,0.000303,0.153631
ACCGATGGTAGCATCG-1,0.994191,0.000152,0.005657
ACCGCGGTGGAAGTCG-1,0.929516,0.000204,0.07028
ACCGGGCCTTTGTTGA-1,0.999297,0.000351,0.000352
ACCGTTCCCGCTCTGA-1,0.984942,0.00752,0.007539
ACCTAATCGACTTCCT-1,0.732251,0.002071,0.265678
ACCTACAGTATGTGGT-1,0.982491,0.000229,0.01728
ACCTCCGCCCTCGCTG-1,0.911453,0.000627,0.08792
ACCTCCGTTATTCACC-1,0.991823,0.000198,0.007979
ACCTTTCCTTTAGAAG-1,0.795254,0.003444,0.201302
ACGAAATGGGCGGCAC-1,0.744345,0.002917,0.252738
ACGACCCATGAGTTGC-1,0.715037,0.000441,0.284522
ACGACTCTAGGGCCGA-1,0.909302,0.001537,0.089161
ACGAGAACCCATCACG-1,0.367315,0.00454,0.628145
ACGAGATATTTGCTTA-1,0.633406,0.003715,0.362879
ACGAGTACGGATGCCC-1,0.99964,0.00018,0.00018
ACGATACATAGAACTA-1,0.886232,0.000167,0.113601
ACGATCATACATAGAG-1,0.868892,0.000348,0.130759
ACGATCATCTTGTAAA-1,0.999589,0.000205,0.000206
ACGATGCATATGTTAT-1,0.875856,0.00069,0.123454
ACGATGGATCCGATGC-1,0.601567,0.003363,0.39507
ACGCAATCACTACAGC-1,0.992222,0.000413,0.007364
ACGCATACGTTTACTA-1,0.993452,0.000289,0.006259
ACGCATTCGTGAGTAC-1,0.99616,0.000318,0.003522
ACGCCAGATGATTTCT-1,0.998937,0.00053,0.000532
ACGCCAGTGCGTTTGC-1,0.721039,0.001754,0.277207
ACGCCCAGCTGTCGAT-1,0.584461,0.009532,0.406008
ACGCCGCTAGACGACC-1,0.980886,0.000223,0.01889
ACGCGCTACACAGGGT-1,0.994864,0.000125,0.005012
ACGCGGGCCAAGGACA-1,0.941587,0.000237,0.058176
ACGCTAGTGATACACT-1,0.907509,0.000218,0.092274
ACGCTGTGAGGCGTAG-1,0.712077,0.003179,0.284744
ACGCTTAGTGTCTCTC-1,0.660283,0.004148,0.335569
ACGGAATTTAGCAAAT-1,0.971653,0.002073,0.026274
ACGGCGGGTTGCCCTG-1,0.626667,0.003761,0.369572
ACGGGCGTATGCGACA-1,0.999528,0.000236,0.000237
ACGGGTCATGTGACTT-1,0.422604,0.031771,0.545625
ACGGTACAGTTCAATG-1,0.732611,0.001336,0.266054
ACGTACAGATTTCTCT-1,0.779215,0.006512,0.214273
ACGTAGATTGCTGATG-1,0.962845,0.000268,0.036886
ACGTATTACTCCGATC-1,0.999473,0.000263,0.000264
ACGTCCTAAACGAGAT-1,0.654059,0.002117,0.343824
ACGTGCGCCTCGTGCA-1,0.640387,0.002673,0.35694
ACGTGGTCGAATGTGC-1,0.933027,0.005403,0.061571
ACGTTAATGTCGAAGA-1,0.921674,0.000255,0.07807
ACGTTAGATTTGCCCG-1,0.778386,0.000491,0.221123
ACGTTATTGGTCACTC-1,0.753949,0.005198,0.240853
ACGTTCCGCGCTCCGT-1,0.380321,0.000454,0.619225
ACGTTCGCAATCAATT-1,0.99984,0.00008,0.00008
ACGTTCTGTACAAGTC-1,0.763565,0.005393,0.231042
ACGTTTAGTTGTGATC-1,0.889719,0.000826,0.109455
ACTACCAGCTCTCTGG-1,0.569632,0.000751,0.429617
ACTAGTTGCGATCGTC-1,0.978895,0.000274,0.020831
ACTATCCAGGGCATGG-1,0.999661,0.000169,0.00017
ACTATCTGCCCGCGTA-1,0.56692,0.000256,0.432825
ACTATTCGTCCGTGGT-1,0.934447,0.001048,0.064505
ACTCAACGAATGTATT-1,0.395823,0.001222,0.602955
ACTCAAGTGCAAGGCT-1,0.654135,0.000326,0.345539
ACTCAATAAAGGCACG-1,0.999212,0.000393,0.000395
ACTCAGACCTGCTTCT-1,0.608044,0.000285,0.391671
ACTCCCGAATTCGTTT-1,0.998957,0.000127,0.000916
ACTCCCGTAGACTAGG-1,0.997815,0.001091,0.001094
ACTCCCTAGAATAGTA-1,0.937393,0.000183,0.062424
ACTCCGGCCGACCACT-1,0.858439,0.000516,0.141045
ACTCGATGTATTTCAT-1,0.800948,0.008937,0.190115
ACTCGCCGTTCGATAA-1,0.860707,0.000227,0.139066
ACTCGCGATCTGACGC-1,0.593774,0.00052,0.405706
ACTCGTCAGTAATCCC-1,0.988889,0.000056,0.011055
ACTCTCTGACTTAGGT-1,0.999622,0.000189,0.000189
ACTCTCTTATACACGA-1,0.681528,0.000715,0.317757
ACTCTGACCTAATAGA-1,0.757968,0.005104,0.236928
ACTCTTCAGCTCCCGC-1,0.972584,0.000342,0.027074
ACTCTTGTATAGTAAC-1,0.946453,0.000247,0.0533
ACTGAAACGCCGTTAG-1,0.938291,0.000474,0.061235
ACTGAATGGCGAAAGT-1,0.999726,0.000137,0.000137
ACTGATTTAGTGATTC-1,0.984938,0.007527,0.007535
ACTGCCGTCGTAACTC-1,0.956078,0.000583,0.04334
ACTGCGGACACACCGT-1,0.999754,0.000123,0.000123
ACTGTACGATACACAT-1,0.999787,0.000106,0.000107
ACTGTAGCACTTTGGA-1,0.422772,0.000391,0.576837
ACTGTATACGCGAGCA-1,0.626564,0.002722,0.370715
ACTGTCCAGGATTATA-1,0.996156,0.00016,0.003683
ACTGTCTTCTTTAGAA-1,0.999756,0.000122,0.000122
ACTGTGCTAGTAGATC-1,0.98995,0.005013,0.005037
ACTGTTTAGTGTAGGC-1,0.990909,0.004538,0.004553
ACTTAGTACGACAAGA-1,0.647179,0.004085,0.348735
ACTTATACTTACCCGG-1,0.999702,0.000149,0.000149
ACTTATCTGATCTATA-1,0.485528,0.008929,0.505543
ACTTATTAGGATCGGT-1,0.997153,0.00018,0.002666
ACTTATTTATGTGCCA-1,0.99885,0.000574,0.000576
ACTTCAGGCTGATCCC-1,0.994321,0.000359,0.00532
ACTTCCATGCGGGACA-1,0.586904,0.005721,0.407375
ACTTCGCCATACGCAC-1,0.98502,0.000375,0.014605
ACTTCGCTAGCGAGTG-1,0.998066,0.000966,0.000969
ACTTGACTCCCTCTTT-1,0.967195,0.000254,0.032551
ACTTGCCATATTGTAC-1,0.682133,0.001087,0.31678
ACTTGGGACCCGGTGG-1,0.922633,0.000326,0.077041
ACTTGTGGATGGAACG-1,0.999577,0.000211,0.000212
ACTTTACCCTCATGAA-1,0.972201,0.000232,0.027567
ACTTTCCTATAGCTTC-1,0.916774,0.000318,0.082909
ACTTTGACTGCATCCT-1,0.338551,0.005954,0.655495
ACTTTGTCGACGCACT-1,0.882567,0.000255,0.117178
AGAAATTATGACTCGC-1,0.7618,0.000228,0.237972
AGAACCCAGCGTGACA-1,0.852941,0.00016,0.146899
AGAACGTGGTACATTC-1,0.940231,0.000293,0.059476
AGAAGAGCGCCGTTCC-1,0.996379,0.001809,0.001811
AGAAGGTTGCCGAATT-1,0.907253,0.000261,0.092485
AGAATAAATCTTCAGG-1,0.28545,0.004399,0.710151
AGAATTATGGATTCGA-1,0.999627,0.000186,0.000187
AGAATTGTTTGACATA-1,0.99275,0.003618,0.003632
AGACAGCTCAGAATCC-1,0.741594,0.000231,0.258175
AGACAGGCATCTCAGC-1,0.783142,0.000281,0.216577
AGACATAGATCCTTCC-1,0.603373,0.000792,0.395835
AGACCATGGGATACAA-1,0.975027,0.0125,0.012473
AGACCCACCGCTGATC-1,0.952205,0.000536,0.047258
AGACCCGCCCTCCTCG-1,0.925027,0.000261,0.074712
AGACCGCTCCGCGGTT-1,0.991819,0.004085,0.004096
AGACCGGGAAACCCTG-1,0.901635,0.001381,0.096983
AGACGAAGTGCCGGTC-1,0.999564,0.000218,0.000218
AGACGCCCACTTCGCC-1,0.724148,0.000395,0.275457
AGACGGGATTGGTATA-1,0.996486,0.001754,0.001761
AGACTAGCCTTCCAGA-1,0.887107,0.000429,0.112464
AGAGAACCGTCTAGGA-1,0.99914,0.00043,0.000431
AGAGATCTCTAAAGCG-1,0.081892,0.002601,0.915507
AGAGCAGTTATGAGAC-1,0.148301,0.006086,0.845614
AGAGCCGCCGAGATTT-1,0.885727,0.00028,0.113994
AGAGCGGGCTAATCAT-1,0.987273,0.00635,0.006378
AGAGCGTACAAGCTCG-1,0.819928,0.004536,0.175536
AGAGCTACGAAAGCAT-1,0.23865,0.002103,0.759248
AGAGGCTTCGGAAACC-1,0.99939,0.000305,0.000305
AGAGGTATCTCGGTCC-1,0.890914,0.005835,0.103251
AGAGTAAACTTCACTA-1,0.952495,0.000409,0.047095
AGAGTATAGTGTTACG-1,0.999119,0.00044,0.000441
AGATAACTTCAGGGCC-1,0.935458,0.001007,0.063535
AGATACCAATAGAACC-1,0.927554,0.000196,0.07225
AGATACCGGTGTTCAC-1,0.970329,0.000128,0.029544
AGATACGACTTCATAT-1,0.626041,0.005722,0.368237
AGATACTCAAGATCGA-1,0.999868,0.000066,0.000066
AGATCGTGCATAAGAT-1,0.947221,0.000207,0.052572
AGATCTCAGGTGTGAT-1,0.99953,0.000235,0.000236
AGATGACTCGCCCACG-1,0.985303,0.007333,0.007365
AGATGATGGAGTCTGG-1,0.999709,0.000145,0.000146
AGATTATAGGACGTTT-1,0.973411,0.00012,0.026469
AGCAACATATCTTATT-1,0.999664,0.000168,0.000168
AGCACCAGTACTCACG-1,0.854388,0.000278,0.145334
AGCACTACCGGCCTGT-1,0.821787,0.004205,0.174008
AGCACTACCTCACCAG-1,0.999169,0.000415,0.000416
AGCACTTAAGGACGCC-1,0.860612,0.000412,0.138976
AGCATATCAATATGCT-1,0.952647,0.000622,0.046731
AGCATCGTCGATAATT-1,0.915293,0.000545,0.084162
AGCATTACGAGGCAAG-1,0.776212,0.001336,0.222452
AGCCACAGGTTACCCG-1,0.995878,0.002059,0.002063
AGCCACTCCCGTGCTT-1,0.961426,0.000264,0.03831
AGCCCATACATGTAAG-1,0.969991,0.000094,0.029915
AGCCCTAAGCGAAGTT-1,0.708257,0.004026,0.287716
AGCCCTGTCGCACCGT-1,0.950868,0.000152,0.04898
AGCCCTTGGACATCCC-1,0.893384,0.000276,0.10634
AGCCGCAAATTCAAAT-1,0.6877,0.001051,0.311249
AGCCTTAAAGCGGAAG-1,0.99226,0.003864,0.003876
AGCGACATCCCATTCA-1,0.781776,0.001545,0.216678
AGCGACCAACGATATT-1,0.972387,0.000292,0.027322
AGCGATGCGCCTAATA-1,0.999119,0.00044,0.000441
AGCGCGGGTGCCAATG-1,0.963538,0.000357,0.036105
AGCGCTAGAGCGATGT-1,0.911314,0.000175,0.088512
AGCGGGAAGGGTCCAT-1,0.76813,0.005396,0.226474
AGCGTACGAGAGCTAG-1,0.524432,0.003042,0.472526
AGCGTAGCGCTAGACC-1,0.394291,0.009534,0.596175
AGCGTCTGAACCCGCA-1,0.283611,0.011922,0.704467
AGCGTGGTATTCTACT-1,0.916614,0.000257,0.083129
AGCTAAGTACGCAGGC-1,0.923931,0.000739,0.07533
AGCTAGAAGCAGAAGT-1,0.763459,0.000309,0.236232
AGCTATTTAATCCAAC-1,0.906448,0.000469,0.093084
AGCTCCATATATGTTC-1,0.618911,0.000353,0.380736
AGCTCCTTCGCACATC-1,0.999785,0.000107,0.000108
AGCTCTAGACGTTCCA-1,0.981873,0.000179,0.017947
AGCTCTTCCCAGTGCA-1,0.979054,0.000209,0.020737
AGCTCTTCGTAACCTT-1,0.985961,0.000179,0.01386
AGCTCTTTACTCAGTT-1,0.953359,0.000206,0.046435
AGCTTATAGAGACCTG-1,0.668802,0.000829,0.330369
AGCTTCAATACTTTGA-1,0.830547,0.000788,0.168665
AGCTTCTTCTCGAGCA-1,0.539321,0.004848,0.455831
AGCTTGATCTTAACTT-1,0.930583,0.000107,0.06931
AGGAAAGCCTCTGATG-1,0.443767,0.002443,0.553789
AGGAACGAACGACTTC-1,0.808063,0.000216,0.191721
AGGACAGTCGAATCCC-1,0.998961,0.000519,0.00052
AGGACATCGCACGTCG-1,0.758398,0.001744,0.239858
AGGACATCGGCACACT-1,0.711154,0.000258,0.288587
AGGACGACCCATTAGA-1,0.618471,0.000155,0.381374
AGGAGACATCCACAGT-1,0.999441,0.000279,0.00028
AGGAGAGTCTGGCTAC-1,0.999462,0.000269,0.00027
AGGAGGCCTTCGCGCG-1,0.999504,0.000248,0.000248
AGGATATAGGGATTTA-1,0.981892,0.000252,0.017856
AGGATATCCGACTGCA-1,0.767433,0.001117,0.23145
AGGATTGCTTACGACA-1,0.999167,0.000416,0.000417
AGGCAAAGAGGAATCA-1,0.418006,0.000872,0.581122
AGGCACGTGACTGTCC-1,0.893173,0.000307,0.10652
AGGCAGATGCGTAAAC-1,0.999362,0.000318,0.000319
AGGCATTGTCGTAGGG-1,0.900397,0.000496,0.099106
AGGCCACATTGGTTAC-1,0.633678,0.000191,0.366131
AGGCCACCCGTTATGA-1,0.74226,0.000851,0.25689
AGGCCCAGTGACTGGT-1,0.591796,0.017864,0.39034
AGGCCCATTGTACAGG-1,0.51672,0.004332,0.478948
AGGCCCTAGAACGCCA-1,0.94681,0.000476,0.052714
AGGCCTGAGAATCTCG-1,0.854396,0.002486,0.143118
AGGCGATAACTGGCGT-1,0.86599,0.000166,0.133843
AGGCTATGGTTAGCTT-1,0.969832,0.015056,0.015112
AGGCTTGCTAGACACC-1,0.748819,0.00697,0.244211
AGGGACAGCACGGCGG-1,0.400577,0.001893,0.59753
AGGGACCGGCTGCGTT-1,0.999663,0.000168,0.000169
AGGGAGACATACTTCG-1,0.999478,0.000261,0.000261
AGGGCAGCGGCGTGGT-1,0.988758,0.005607,0.005635
AGGGCCCTAATGTTCT-1,0.736172,0.000168,0.263659
AGGGCGAGCAGCTGAT-1,0.88729,0.000498,0.112212
AGGGCGTGATCGGCTA-1,0.603689,0.005955,0.390356
AGGGCTGCAGTTACAG-1,0.999591,0.000204,0.000205
AGGGTCGATGCGAACT-1,0.999416,0.000292,0.000292
AGGGTCTGGACGCAGT-1,0.737663,0.000468,0.26187
AGGGTGCTCTCGAGGG-1,0.999643,0.000178,0.000179
AGGGTGGATAGTGCAT-1,0.208226,0.004539,0.787235
AGGGTTCCCTTTGGTT-1,0.998085,0.000957,0.000959
AGGGTTTAGTTCGGGA-1,0.999261,0.000369,0.00037
AGGTAACCTCCTATTC-1,0.713709,0.00196,0.284331
AGGTACGATATTGCCA-1,0.778615,0.001036,0.220349
AGGTAGGTACAAAGCT-1,0.735343,0.000476,0.264181
AGGTATAATTGATAGT-1,0.979782,0.000225,0.019993
AGGTATGCGGACATTA-1,0.694036,0.000315,0.305649
AGGTCGCCACTTCGGT-1,0.814882,0.014299,0.170819
AGGTCGCCTCCCAACA-1,0.728979,0.000353,0.270669
AGGTCGCGGAGTTACT-1,0.999502,0.000249,0.000249
AGGTGCACGTCCACAT-1,0.996629,0.001684,0.001687
AGGTGTATCGCCATGA-1,0.844495,0.003324,0.152181
AGGTGTTGCCGACCAC-1,0.680849,0.000196,0.318955
AGGTTACACCATGCCG-1,0.942392,0.000225,0.057382
AGGTTGAGGCACGCTT-1,0.960515,0.000414,0.039071
AGGTTTCACACACCTT-1,0.978973,0.000156,0.020872
AGTAACTATAGCAGCC-1,0.99588,0.002057,0.002063
AGTAATGTCTTGCCGC-1,0.869768,0.002779,0.127453
AGTACATCATTTATCA-1,0.999663,0.000168,0.000169
AGTACGGCCCGTATCG-1,0.869373,0.002423,0.128205
AGTACGGGCACCTGGC-1,0.981155,0.00019,0.018655
AGTACTCTTATGCCCA-1,0.906772,0.000361,0.092866
AGTAGCGTGAACGAAC-1,0.88341,0.004143,0.112447
AGTAGGTAACATACAT-1,0.734739,0.000545,0.264716
AGTATAATACTAGGCA-1,0.930938,0.003619,0.065443
AGTATCCATAATAACG-1,0.471051,0.008405,0.520544
AGTCAACACCACCATC-1,0.976479,0.000214,0.023307
AGTCAAGATGACACTT-1,0.952961,0.000215,0.046824
AGTCACTAGCTCTCGA-1,0.998633,0.000683,0.000684
AGTCACTCCGCCTCAT-1,0.260128,0.00283,0.737042
AGTCAGCCACCGCCTG-1,0.772643,0.003711,0.223646
AGTCCAGCGGGTACGT-1,0.436171,0.012426,0.551403
AGTCCATTGGCTGATG-1,0.999732,0.000134,0.000134
AGTCCCTCGCAGAAAG-1,0.998879,0.00056,0.000561
AGTCGACGGTCTCAAG-1,0.999708,0.000146,0.000146
AGTCGGCCCAAACGAC-1,0.743529,0.001662,0.254809
AGTCGGTTGCGTGAGA-1,0.955637,0.000181,0.044181
AGTCGTATAAAGCAGA-1,0.86837,0.000562,0.131068
AGTCGTCGACCACCAA-1,0.784208,0.000648,0.215144
AGTCTAAAGTATACTC-1,0.99971,0.000145,0.000145
AGTCTGGACATCCTTG-1,0.946051,0.003217,0.050732
AGTCTTCTCCTCAAAT-1,0.999481,0.000259,0.00026
AGTGAACAAACTTCTC-1,0.857215,0.000207,0.142579
AGTGAAGATGGTGTCC-1,0.998897,0.000551,0.000552
AGTGACCTACTTTACG-1,0.990827,0.000243,0.00893
AGTGAGACTTCCAGTA-1,0.99928,0.000359,0.00036
AGTGAGCCTCGCCGCC-1,0.999519,0.00024,0.000241
AGTGAGTCGAATTAAC-1,0.932113,0.000295,0.067592
AGTGATAACCTGCGCG-1,0.775929,0.002697,0.221374
AGTGATATGAGTAGTT-1,0.999324,0.000338,0.000338
AGTGATTCAAGCAGGA-1,0.958518,0.000457,0.041025
AGTGCACGCTTAAGAA-1,0.918725,0.000548,0.080727
AGTGCGTAGCTCGTAA-1,0.924694,0.001336,0.07397
AGTGCTAAACACAGCA-1,0.896047,0.001474,0.102479
AGTGCTTGCACGAATA-1,0.999721,0.000139,0.00014
AGTGGCGGCAATTTGA-1,0.999397,0.000301,0.000302
AGTGGCGTCTGAAGGT-1,0.823968,0.000457,0.175575
AGTGGCTCCGTCGGCC-1,0.984907,0.007544,0.007549
AGTGGTTGCGTATAGG-1,0.627126,0.001703,0.371171
AGTGTGCTAAGATCGC-1,0.611336,0.016817,0.371847
AGTGTGGTCTATTGTG-1,0.568076,0.006812,0.425112
AGTTAAACACTTGCGA-1,0.984945,0.000307,0.014748
AGTTAAGCGGTCCCGG-1,0.990619,0.004684,0.004697
AGTTACCCTTAAGACT-1,0.987802,0.006085,0.006114
AGTTACCGCACATGGT-1,0.371286,0.00192,0.626794
AGTTATTGAAAGGTAA-1,0.984936,0.007524,0.00754
AGTTCACCGGTTGGAC-1,0.575755,0.002344,0.421901
AGTTCCTACAGAATTA-1,0.929187,0.000363,0.07045
AGTTCCTATTTATGTT-1,0.999593,0.000203,0.000204
AGTTCTGCGTTGTATC-1,0.590005,0.00953,0.400465
AGTTGACATCGGCTGG-1,0.259797,0.002466,0.737737
AGTTGCTGACTGATAT-1,0.696085,0.006973,0.296942
AGTTGGCAAGGCTAGA-1,0.994793,0.002599,0.002609
AGTTTATGTAAAGACA-1,0.961935,0.000169,0.037895
AGTTTCGCAGGTCGGA-1,0.615263,0.003532,0.381205
AGTTTGGCACGGGTTG-1,0.998792,0.000603,0.000605
ATAAACCATTGGACGG-1,0.675061,0.004083,0.320856
ATAAACGGACCCGTAA-1,0.955689,0.000254,0.044057
ATAAACGTTGCACCAC-1,0.974398,0.000637,0.024965
ATAAAGGCTCGGTCGT-1,0.856711,0.000163,0.143126
ATAAATATTAGCAGCT-1,0.998669,0.000665,0.000667
ATAACGCCGGAGGGTC-1,0.999785,0.000108,0.000108
ATAACGGAGTCCAACG-1,0.999394,0.000303,0.000303
ATAAGTAGGATTCAGA-1,0.952523,0.000202,0.047276
ATAAGTAGGGCGACTC-1,0.999656,0.000172,0.000172
ATAAGTTACCGCGACG-1,0.999614,0.000193,0.000193
ATAATACCGTTAGCCG-1,0.756135,0.005716,0.238149
ATAATAGCTGTTGAAT-1,0.967657,0.000289,0.032055
ATAATAGTGTAGGGAC-1,0.992842,0.003575,0.003584
ATACCACGGGCAACTT-1,0.958588,0.00043,0.040982
ATACCAGCAAATTGCT-1,0.976104,0.011913,0.011984
ATACCAGGCTAATAGA-1,0.60571,0.00029,0.394
ATACCAGGTGAGCGAT-1,0.844568,0.006971,0.148461
ATACGAAGGCTTTCCA-1,0.808874,0.00101,0.190115
ATACGCCGATCTACCG-1,0.426633,0.007357,0.566011
ATACGCCGGCGAAACC-1,0.99976,0.00012,0.00012
ATACGGGTTTCGATTG-1,0.999116,0.000441,0.000442
ATACGGTGAAGATGCA-1,0.59809,0.008181,0.393729
ATACGTCCACTCCTGT-1,0.907979,0.000187,0.091833
ATACTACCCGTACCAC-1,0.993494,0.003249,0.003257
ATACTAGCATGACCCT-1,0.998285,0.000856,0.000859
ATACTCTCGCCACTCT-1,0.968132,0.015903,0.015965
ATACTGCCTTACACCG-1,0.99718,0.001408,0.001412
ATACTTGTTCTCGAGC-1,0.564945,0.008929,0.426126
ATAGACAACGGGACCT-1,0.999234,0.000382,0.000383
ATAGACGAAGAGAAAG-1,0.999021,0.000489,0.00049
ATAGAGTACTGGGACA-1,0.998868,0.000565,0.000567
ATAGAGTTATCAACTT-1,0.999361,0.000319,0.00032
ATAGATTTGCAGTCGG-1,0.748136,0.001787,0.250077
ATAGCAACTAGGGAAG-1,0.992557,0.00372,0.003723
ATAGCCATAACAGTCA-1,0.87832,0.000259,0.121421
ATAGCCTCAGTACCCA-1,0.645347,0.005609,0.349044
ATAGCTGCTCTTGTTA-1,0.591968,0.012999,0.395033
ATAGGCGGCTATAGAA-1,0.93091,0.000154,0.068935
ATAGGCTAGCTTCGCA-1,0.980317,0.000308,0.019375
ATAGGGATATCCTTGA-1,0.96411,0.000259,0.035632
ATAGGTTGGGCAGATG-1,0.999519,0.00024,0.000241
ATAGTCTTTGACGTGC-1,0.987824,0.006081,0.006095
ATAGTGAAGCGTTCTC-1,0.999749,0.000125,0.000126
ATAGTTCCACCCACTC-1,0.981609,0.000261,0.01813
ATATAACACGGGCGCA-1,0.635502,0.005717,0.35878
ATATACGCTCGTGACG-1,0.850625,0.000238,0.149137
ATATCAACCTACAGAG-1,0.995937,0.000198,0.003865
ATATCGGTAGGGAGAT-1,0.999617,0.000191,0.000192
ATATCGTGCCAGACCC-1,0.766484,0.003762,0.229753
ATATCGTTCCTCGAAC-1,0.613188,0.005721,0.381091
ATATCTCCCTCGTTAA-1,0.999211,0.000376,0.000413
ATATCTTAGGGCCTTC-1,0.937502,0.000274,0.062224
ATATGTCTCCCTAGCC-1,0.999332,0.000334,0.000335
ATATTCAGTTAAACCT-1,0.99955,0.000225,0.000225
ATATTCCCACAGGTCA-1,0.555948,0.005607,0.438445
ATATTGCTGTCAAAGT-1,0.996903,0.001546,0.001551
ATATTGGAGAGGCCTT-1,0.820336,0.000313,0.179351
ATATTTAACCCTCAAG-1,0.999738,0.000131,0.000131
ATCAAACACTGTTCCA-1,0.999386,0.000307,0.000307
ATCAATCTGGGCTGCA-1,0.968626,0.000246,0.031128
ATCACATTAGAATATC-1,0.977742,0.000249,0.02201
ATCACGTGCTAATTAA-1,0.826198,0.000869,0.172933
ATCACTTCATCCTCGC-1,0.935263,0.000653,0.064084
ATCAGACGGCACGCCG-1,0.943303,0.000268,0.056429
ATCAGCCTCATGCTGC-1,0.788773,0.000831,0.210396
ATCAGGTAGCTGACAG-1,0.999283,0.000358,0.000359
ATCAGTAGGCAGGGAT-1,0.999247,0.000376,0.000377
ATCATAGCCCTATGTA-1,0.925018,0.002105,0.072877
ATCATCCAATATTTGT-1,0.999803,0.000098,0.000098
ATCATCTGCCCAGTGT-1,0.764306,0.000375,0.23532
ATCATGGACTACCGAC-1,0.971773,0.000431,0.027796
ATCCAACGCAGTCATA-1,0.211898,0.001703,0.786399
ATCCAATGGAGGGTCC-1,0.909812,0.000286,0.089902
ATCCAATGGTACCGAA-1,0.443466,0.001754,0.554781
ATCCACGCTAAATGTT-1,0.805776,0.002888,0.191337
ATCCAGGATTCGTGAA-1,0.999004,0.00029,0.000706
ATCCGGACCAGCCTGA-1,0.716862,0.000213,0.282925
ATCCTACCTAAGCTCT-1,0.970104,0.000264,0.029632
ATCCTGAATCGCTGCG-1,0.690942,0.000754,0.308304
ATCCTGCGTGGAATGG-1,0.999438,0.00028,0.000281
ATCCTGCTGCAGATAG-1,0.585286,0.000138,0.414576
ATCCTTCTGAAAGAAC-1,0.621726,0.000325,0.37795
ATCGACCCAATACAGA-1,0.999574,0.000212,0.000213
ATCGACTCTTTCCGTT-1,0.999016,0.000491,0.000493
ATCGCACGATTGTTCA-1,0.88545,0.057182,0.057368
ATCGCACGCCGGGAGA-1,0.971855,0.000341,0.027804
ATCGCCAGTCAACATT-1,0.977567,0.000253,0.02218
ATCGCCGTGGTTCATG-1,0.392104,0.000322,0.607574
ATCGCTGCGTGCAGCA-1,0.99693,0.000289,0.002781
ATCGCTTTACGTCTCA-1,0.945652,0.000183,0.054165
ATCGGCAAGCAGTCCA-1,0.749041,0.000403,0.250556
ATCGGTTACCTAGTAA-1,0.951345,0.001973,0.046683
ATCGTCCAATCGAGTC-1,0.321275,0.031873,0.646852
ATCGTTAGCTAGCGGA-1,0.767654,0.001104,0.231242
ATCTACCATCTGCTCC-1,0.792819,0.001522,0.205659
ATCTCCCACGGAATAT-1,0.911571,0.000253,0.088175
ATCTCCCTGCAATCTA-1,0.998736,0.000631,0.000633
ATCTCGTGAGCGAAAC-1,0.980007,0.000489,0.019504
ATCTGATAGTGTCTTA-1,0.018737,0.012423,0.96884
ATCTGCACCTCTGCGA-1,0.991923,0.000217,0.007859
ATCTGGTTAAGACTGT-1,0.979373,0.000309,0.020317
ATCTGTAATTGTACCC-1,0.716368,0.007336,0.276296
ATCTTATCGCACACCC-1,0.992815,0.003592,0.003593
ATCTTGACCTGCAACG-1,0.32167,0.001835,0.676494
ATCTTGACTTGTCCAA-1,0.999551,0.000224,0.000225
ATCTTTCGTATAACCA-1,0.986878,0.000183,0.012939
ATGAAGCCAAGGAGCC-1,0.62624,0.007328,0.366431
ATGACGCCGGCTCTAA-1,0.906817,0.001905,0.091278
ATGACTATGCGACATT-1,0.919259,0.000127,0.080614
ATGAGGAGTGTTAATC-1,0.46928,0.005499,0.525221
ATGAGGGCAGCGGCTA-1,0.865668,0.000295,0.134037
ATGATCGGGAATAGAC-1,0.522879,0.004689,0.472433
ATGATGCAATGGTACA-1,0.999599,0.0002,0.000201
ATGCACCTTCCTTAAT-1,0.462614,0.006806,0.53058
ATGCACTACCGCATTG-1,0.675523,0.000292,0.324185
ATGCATGATCCAGGAT-1,0.927598,0.000416,0.071986
ATGCATTCCGTGATGG-1,0.689364,0.005104,0.305532
ATGCCATTTGCGACCA-1,0.997636,0.000295,0.002069
ATGCCGGTCTTGCATA-1,0.957742,0.000206,0.042052
ATGCCGGTTGATGGGA-1,0.943189,0.000722,0.056089
ATGCGACAGTCCCATT-1,0.968712,0.000256,0.031032
ATGCGAGTCCCACCAC-1,0.999337,0.000331,0.000332
ATGCTCAGTGTTGCAT-1,0.826404,0.003532,0.170065
ATGCTTAGGAGTTGAT-1,0.965051,0.000656,0.034294
ATGGAACCTTTGCACA-1,0.931081,0.000225,0.068694
ATGGAGCAGGCCGTGA-1,0.865537,0.000263,0.134199
ATGGATCCGGCGTCCG-1,0.998065,0.000966,0.000969
ATGGATTGACCAAACG-1,0.998474,0.000387,0.001139
ATGGCAGCCGAGAAAC-1,0.482884,0.008165,0.508951
ATGGCGGAATAGTCGC-1,0.639189,0.000374,0.360438
ATGGGCCTCGGCCTCT-1,0.939033,0.000451,0.060516
ATGGTCGCGTGGTTTC-1,0.999137,0.000431,0.000432
ATGGTGCTCAAAGCCA-1,0.671064,0.008932,0.320004
ATGTAAGGCTGCTCTT-1,0.994941,0.000146,0.004913
ATGTACATGCGGTGAG-1,0.742318,0.000243,0.257438
ATGTCATTTCCCATTG-1,0.460369,0.002919,0.536712
ATGTGCATCCGACGCA-1,0.862106,0.000692,0.137201
ATGTGGACATCTTGAT-1,0.526975,0.000173,0.472853
ATGTGTAGTTTAGTCA-1,0.50348,0.007152,0.489368
ATGTTACGAGCAATAC-1,0.906909,0.004402,0.088689
ATGTTCCTGCCCACCT-1,0.035925,0.023818,0.940257
ATGTTCGTCGACCCAC-1,0.091477,0.002919,0.905604
ATGTTGATTAGAGACT-1,0.590484,0.002701,0.406815
ATGTTTCGGCCCGGAG-1,0.858246,0.000315,0.14144
ATTAAACATGCGGACC-1,0.999485,0.000257,0.000258
ATTAATACTACGCGGG-1,0.998378,0.00081,0.000813
ATTAATGAACCAGTCG-1,0.96982,0.000433,0.029747
ATTAATTCGGTCACTC-1,0.663935,0.005291,0.330773
ATTACATGTCAGTCTT-1,0.998589,0.000704,0.000706
ATTACCACACTGCCTG-1,0.979034,0.000105,0.020861
ATTACGACTCCACAGT-1,0.99829,0.000854,0.000856
ATTACGCGCTGGCAGG-1,0.931325,0.000311,0.068364
ATTACTAGCCTCTTGC-1,0.857066,0.004465,0.138469
ATTACTTACTGGGCAT-1,0.908246,0.000347,0.091408
ATTAGATTCCTCAGCA-1,0.999427,0.000286,0.000287
ATTAGATTGATAGCGG-1,0.641083,0.001921,0.356996
ATTAGGCGATGCTTTC-1,0.687642,0.000226,0.312133
ATTATACTTTGCTCGT-1,0.999423,0.000288,0.000289
ATTATAGCTACTTTAC-1,0.971042,0.000411,0.028547
ATTATCTCGACAGATC-1,0.637169,0.009865,0.352966
ATTATGCCATAGGGAG-1,0.850151,0.000718,0.149131
ATTATTCAGAGTCACT-1,0.98026,0.009852,0.009888
ATTCAACCATTTAAGG-1,0.597885,0.000896,0.401219
ATTCAGGACCTATTTC-1,0.787673,0.000622,0.211705
ATTCAGTAGCAGGGTC-1,0.527229,0.007939,0.464832
ATTCATATACTGTCCA-1,0.990188,0.000274,0.009538
ATTCATCGTTGAGGCA-1,0.392826,0.001088,0.606086
ATTCCCACATAAACAA-1,0.284284,0.007147,0.708568
ATTCCTCCGCCAGTGC-1,0.809055,0.001958,0.188987
ATTCCTTCCAGGCGGT-1,0.147138,0.001555,0.851308
ATTCGACGCCGGGCCT-1,0.929456,0.000209,0.070335
ATTCGCGCCTTGAGAG-1,0.995595,0.0022,0.002204
ATTCGTGCTATCTCTT-1,0.999819,0.000091,0.000091
ATTCTCGTCTCTTTAG-1,0.691066,0.001091,0.307843
ATTGAAGATCTTAGTG-1,0.902748,0.000334,0.096918
ATTGACGTAACTCGGT-1,0.999155,0.000422,0.000423
ATTGATAGCAACGAGA-1,0.583887,0.004687,0.411426
ATTGATGAGTCCTAAC-1,0.953869,0.000243,0.045888
ATTGCCTTTATGTTTG-1,0.823745,0.001459,0.174797
ATTGCGATCAGTAACT-1,0.999313,0.000343,0.000344
ATTGCTGCTCCTCCAT-1,0.906708,0.000493,0.092799
ATTGGATTACAGCGTA-1,0.878462,0.000564,0.120974
ATTGGGAATATCTTGG-1,0.761731,0.000973,0.237296
ATTGGTTGTGCATTAC-1,0.810792,0.001833,0.187375
ATTGTACAACTCGGCT-1,0.97336,0.000186,0.026454
ATTGTTCAACGATCCG-1,0.851939,0.000255,0.147807
ATTTAACTCGTATTAC-1,0.812639,0.006215,0.181146
ATTTACAGTTTACTGG-1,0.961607,0.000161,0.038232
ATTTACTAAGTCCATT-1,0.999739,0.00013,0.00013
ATTTCATTATTTCGCG-1,0.915157,0.000972,0.083871
ATTTGCCTAGTTACGA-1,0.526535,0.007149,0.466316
ATTTGTCTTGGGAGCT-1,0.999645,0.000177,0.000178
ATTTGTTCCAGGGCTC-1,0.998779,0.00061,0.000611
CAAACGGTCGCACTTT-1,0.941535,0.001249,0.057216
CAAACGTGGTCTTGCG-1,0.741483,0.003969,0.254548
CAAACTATTGAGCTTC-1,0.677922,0.00066,0.321417
CAAACTCGCGACGCCG-1,0.998778,0.000141,0.001081
CAAAGGTCATCTGAAA-1,0.734966,0.000204,0.26483
CAAAGTCAGGTTAGCT-1,0.409175,0.002349,0.588476
CAAATCTCTCACAAGG-1,0.971595,0.000284,0.028121
CAAATGCGGAGTGTTC-1,0.397762,0.004206,0.598033
CAAATGTCCTTCCGTG-1,0.999547,0.000226,0.000227
CAAATTGGATTATGCC-1,0.953695,0.000367,0.045938
CAAATTGTCAGCAAGC-1,0.573022,0.001277,0.425701
CAACACATCTCCTGCC-1,0.998705,0.000239,0.001055
CAACAGTGCCAAACGG-1,0.632356,0.001972,0.365672
CAACATGGCCTGATAA-1,0.474636,0.001653,0.523712
CAACCAGTGGCCTACC-1,0.865686,0.000292,0.134022
CAACCTACCGAGCAGT-1,0.845381,0.00048,0.154139
CAACCTGAACCTGCCA-1,0.999695,0.000152,0.000153
CAACGACCCGTTTACA-1,0.889156,0.000555,0.110289
CAACGATCGATCCAAT-1,0.579361,0.001972,0.418667
CAACGGTTCTTGATAC-1,0.769882,0.00794,0.222178
CAACGTGGTGGAGTCT-1,0.91678,0.001388,0.081832
CAACTATATCGAATGC-1,0.998171,0.000914,0.000916
CAACTCCTTGATCCCG-1,0.523617,0.008935,0.467448
CAACTTGTAGTGGGCA-1,0.594883,0.000487,0.40463
CAAGACTCAGAAGCGC-1,0.862493,0.000345,0.137162
CAAGAGGGCGGAGTAC-1,0.99653,0.000251,0.003218
CAAGATATTATAACGT-1,0.999589,0.000205,0.000206
CAAGCAACGTCGGAGT-1,0.999287,0.000356,0.000357
CAAGCACCAAATGCCT-1,0.998493,0.000753,0.000755
CAAGGATCGCATGTTC-1,0.936531,0.000216,0.063252
CAAGGCCAGTGGTGCA-1,0.727717,0.004204,0.268079
CAAGGTCCTATAGGCT-1,0.960547,0.000216,0.039236
CAAGTGAACTTTGGTT-1,0.674133,0.000679,0.325188
CAAGTGTGGTTGCAAA-1,0.950267,0.00023,0.049504
CAATAAACCTTGGCCC-1,0.940571,0.000293,0.059136
CAATACGAGAGTCTGA-1,0.999626,0.000187,0.000187
CAATACGCTCTGAGGC-1,0.790735,0.006971,0.202294
CAATATTGGACTAGTG-1,0.774951,0.005392,0.219657
CAATCCTGCCGTGGAG-1,0.875738,0.005197,0.119066
CAATGAGGTTCGACTA-1,0.962091,0.00029,0.037619
CAATGCGAGAAGTATC-1,0.930132,0.000556,0.069311
CAATGGATCTCTACCA-1,0.962482,0.000471,0.037047
CAATGGTCGGCCTGGG-1,0.812257,0.001134,0.186609
CAATGTGCCAACCCTT-1,0.999694,0.000153,0.000153
CAATTAAGGGTGATGA-1,0.948992,0.000228,0.05078
CAATTTCGTATAAGGG-1,0.999518,0.00024,0.000241
CAATTTGACCGGGAAG-1,0.198357,0.019075,0.782567
CACAAACCGCAGAACT-1,0.768438,0.000151,0.231412
CACAATGAGCTGCTAT-1,0.965326,0.000249,0.034425
CACACACGCTAACGAG-1,0.913636,0.00066,0.085703
CACACAGCTTGCGCTC-1,0.995756,0.002119,0.002125
CACACAGGGATAGATT-1,0.468581,0.009223,0.522196
CACACGCGCTGTCTTA-1,0.999493,0.000253,0.000254
CACAGCACCCACGGCA-1,0.938983,0.000294,0.060724
CACAGCTAGGGAGTGA-1,0.997954,0.001021,0.001025
CACAGGGCCATATAGT-1,0.999085,0.000457,0.000458
CACAGTCCCGCTTCGC-1,0.775009,0.000303,0.224688
CACAGTTCGCTTCCCA-1,0.91872,0.000247,0.081033
CACATAAGGCGACCGT-1,0.580965,0.004029,0.415006
CACATATTAGCAGGAT-1,0.90769,0.000306,0.092004
CACATGATTCAGCAAC-1,0.999563,0.000218,0.000219
CACATGTTTGGACATG-1,0.005125,0.003403,0.991471
CACATTCTTTCGATGG-1,0.965662,0.000424,0.033914
CACATTTCTTGTCAGA-1,0.999489,0.000255,0.000256
CACCACGCCACACAGA-1,0.471763,0.167662,0.360574
CACCATCGGAGGAGAC-1,0.738652,0.007148,0.254201
CACCCAAATCTTATGT-1,0.935749,0.000224,0.064028
CACCCACACGTCACCC-1,0.629802,0.006501,0.363697
CACCCACGAGGCAATT-1,0.999403,0.000298,0.000299
CACCCGCGTTTGACAC-1,0.698801,0.000767,0.300432
CACCCTAACAAGATCT-1,0.908374,0.000528,0.091099
CACCCTTTCCTCGCTC-1,0.518527,0.000246,0.481227
CACCGATACACCGAGC-1,0.827309,0.000446,0.172245
CACCGATGATGGGTAC-1,0.720313,0.000367,0.27932
CACCGCCAGAAGGTTT-1,0.995381,0.000292,0.004327
CACCGCCGACCAGCGA-1,0.936385,0.001906,0.061709
CACCGTATCCCATCCG-1,0.963413,0.000468,0.036119
CACCTAATAGAGTCGT-1,0.86066,0.001723,0.137617
CACCTAATCAGTTTAC-1,0.999455,0.000272,0.000273
CACCTCGATGGTGGAC-1,0.998337,0.000437,0.001226
CACCTTGCGAAACTCG-1,0.998032,0.000982,0.000986
CACCTTGGCGCCTTTG-1,0.904768,0.000191,0.095041
CACGAAAGTTAGTCCC-1,0.876756,0.000663,0.122581
CACGACTAAAGTTCTG-1,0.666275,0.005395,0.328329
CACGATTGGTCGTTAA-1,0.762691,0.004399,0.23291
CACGCACAGCGCAGCT-1,0.932007,0.000279,0.067714
CACGCAGCGAGGCTTT-1,0.948417,0.000438,0.051145
CACGCGGAACTGTTGC-1,0.99961,0.000195,0.000195
CACGGACGTGGATGGC-1,0.999252,0.000373,0.000374
CACGGGATTGAGGGTT-1,0.737686,0.016865,0.245449
CACGTCAATCAATGGA-1,0.873384,0.000229,0.126386
CACGTTCGTGCTCTAG-1,0.999839,0.00008,0.000081
CACGTTTCGTACACAC-1,0.999551,0.000224,0.000225
CACTAAAGTTGCCTAT-1,0.975298,0.000186,0.024516
CACTACGGGAGCTGCC-1,0.916321,0.000381,0.083298
CACTACTCAGTTCTGT-1,0.973988,0.012987,0.013024
CACTCAAGAGCTATGG-1,0.999721,0.000139,0.000139
CACTCAGCTCTTGAGG-1,0.540813,0.001521,0.457666
CACTCGAGCTGAACAA-1,0.999639,0.00018,0.000181
CACTCGGTTAGGAGGA-1,0.53484,0.005108,0.460052
CACTCTTCTGCTAGCC-1,0.753074,0.000781,0.246145
CACTGTCCAAGTGAGA-1,0.866559,0.005499,0.127941
CACTTAATCAGACGGA-1,0.778969,0.001671,0.21936
CACTTCGCCACAGGCT-1,0.721393,0.015879,0.262727
CACTTCGTCTTATCTC-1,0.818598,0.009856,0.171546
CAGAACTTAGCCCTCT-1,0.990465,0.000332,0.009203
CAGAATAACACACGGA-1,0.914008,0.000593,0.085399
CAGAATATTCGTTATC-1,0.807477,0.000209,0.192314
CAGACCTGTAAGTGTT-1,0.976646,0.000197,0.023157
CAGAGCATGAGCTTGC-1,0.999693,0.000153,0.000154
CAGAGCGATGGATGCT-1,0.69678,0.000355,0.302865
CAGAGTGATTTAACGT-1,0.987812,0.00608,0.006108
CAGATAATGGGCGGGT-1,0.728788,0.003811,0.267401
CAGATACTAACATAGT-1,0.861869,0.00065,0.137481
CAGATCATTTAAAGTC-1,0.988077,0.000269,0.011654
CAGCAGCCCGTTCCTT-1,0.941183,0.00017,0.058647
CAGCAGTCCAGACTAT-1,0.954615,0.000224,0.045162
CAGCCCTCACAGGCAG-1,0.991044,0.004468,0.004488
CAGCCTCCTGCAGAGG-1,0.861981,0.000193,0.137825
