Barcode,Topic 1,Topic 2,Topic 3to4,Topic 5,Topic 6,Topic 7,Topic 8,Topic 9
AAACAACGAATAGTTC-1,0.000056,0.031937,0.31784,0.308505,0.168581,0.172968,0.000056,0.000056
AAACAAGTATCTCCCA-1,0.00025,0.00025,0.173993,0.071742,0.037027,0.71624,0.00025,0.00025
AAACAATCTACTAGCA-1,0.000439,0.055461,0.179899,0.478261,0.00044,0.284621,0.000439,0.000439
AAACACCAATAACTGC-1,0.001293,0.001293,0.193739,0.131409,0.46043,0.209252,0.001292,0.001293
AAACAGCTTTCAGAAG-1,0.000072,0.042512,0.045931,0.143932,0.676217,0.091191,0.000072,0.000072
AAACAGGGTCTATATT-1,0.000332,0.000332,0.000664,0.000332,0.997345,0.000332,0.000332,0.000332
AAACATGGTGAGAGGA-1,0.000038,0.000038,0.000077,0.000038,0.797453,0.202279,0.000038,0.000038
AAACATTTCCCGGATT-1,0.000299,0.000299,0.000598,0.000299,0.458843,0.539065,0.000299,0.000299
AAACCACTACACAGAT-1,0.000407,0.125009,0.077566,0.369059,0.167894,0.168364,0.000407,0.091295
AAACCCGAACGAAATC-1,0.00006,0.064183,0.271687,0.240677,0.285838,0.137435,0.00006,0.00006
AAACCGGAAATGTTAA-1,0.000035,0.132581,0.38778,0.213392,0.129036,0.137107,0.000035,0.000035
AAACCGGGTAGGTACC-1,0.000076,0.000076,0.000152,0.053132,0.886127,0.014449,0.000076,0.045913
AAACCTAAGCAGCCGG-1,0.000195,0.000195,0.000391,0.000195,0.51229,0.486343,0.000195,0.000195
AAACCTCATGAAGTTG-1,0.005072,0.093211,0.343009,0.011759,0.335454,0.161208,0.000031,0.050255
AAACGAAGAACATACC-1,0.000039,0.000039,0.101615,0.000039,0.595933,0.302254,0.000039,0.000039
AAACGAAGATGGAGTA-1,0.000124,0.000124,0.055829,0.010115,0.860988,0.039983,0.000124,0.032714
AAACGCTGGGCACGAC-1,0.002526,0.002527,0.005054,0.298323,0.68399,0.002527,0.002525,0.002527
AAACGGGCGTACGGGT-1,0.000465,0.000465,0.00093,0.000465,0.715352,0.281392,0.000465,0.000465
AAACGGGTTGGTATCC-1,0.000742,0.083463,0.001483,0.004832,0.35935,0.548649,0.000741,0.000741
AAACGGTTGCGAACTG-1,0.00004,0.02349,0.016658,0.745985,0.213709,0.00004,0.00004,0.00004
AAACGTGTTCGCCCTA-1,0.001058,0.001059,0.002118,0.499845,0.001059,0.492744,0.001058,0.001059
AAACTAACGTGGCGAC-1,0.000095,0.000095,0.000191,0.136494,0.085596,0.777339,0.000095,0.000095
AAACTCGGTTCGCAAT-1,0.000272,0.000272,0.000544,0.439051,0.396438,0.136973,0.000272,0.026179
AAACTCGTGATATAAG-1,0.000934,0.000934,0.001869,0.992526,0.000934,0.000934,0.000934,0.000934
AAACTTGCAAACGTAT-1,0.000048,0.000048,0.000152,0.006742,0.91192,0.080993,0.000048,0.000048
AAAGAATGACCTTAGA-1,0.010917,0.000284,0.083938,0.195763,0.323152,0.385379,0.000283,0.000284
AAAGAATGTGGACTAA-1,0.020648,0.000368,0.093518,0.359246,0.370011,0.137049,0.000368,0.018792
AAAGACCCAAGTCGCG-1,0.000111,0.000112,0.321422,0.000112,0.428341,0.249679,0.000111,0.000112
AAAGACTGGGCGCTTT-1,0.002926,0.103885,0.005852,0.002926,0.875636,0.002926,0.002924,0.002925
AAAGCTTGCCTACATA-1,0.00023,0.00023,0.00046,0.00023,0.736159,0.26223,0.00023,0.00023
AAAGGCTACGGACCAT-1,0.000875,0.000876,0.001751,0.992997,0.000875,0.000875,0.000875,0.000875
AAAGGGATGTAGCAAG-1,0.000042,0.20409,0.436409,0.0925,0.016538,0.19071,0.000042,0.059671
AAAGGGCAGCTTGAAT-1,0.000118,0.000118,0.000235,0.000118,0.926696,0.029319,0.000118,0.043279
AAAGGTAAGCTGTACC-1,0.000037,0.116603,0.044603,0.143311,0.151828,0.543543,0.000037,0.000037
AAAGTAGCATTGCTCA-1,0.00046,0.00046,0.000919,0.895139,0.101645,0.000459,0.000459,0.000459
AAAGTCACTGATGTAA-1,0.090002,0.002367,0.004732,0.002366,0.893438,0.002366,0.002364,0.002366
AAAGTCGACCCTCAGT-1,0.000118,0.000118,0.000236,0.000118,0.999058,0.000118,0.000118,0.000118
AAAGTGCCATCAATTA-1,0.001112,0.052113,0.002224,0.001112,0.401493,0.539723,0.001111,0.001112
AAAGTGTGATTTATCT-1,0.000019,0.000019,0.841961,0.000019,0.068164,0.089779,0.000019,0.000019
AAAGTTGACTCCCGTA-1,0.000028,0.000028,0.817487,0.025747,0.043022,0.113631,0.000028,0.000028
AAATAAGGTAGTGCCC-1,0.000268,0.000268,0.000536,0.997857,0.000268,0.000268,0.000268,0.000268
AAATACCTATAAGCAT-1,0.000023,0.002967,0.131082,0.118839,0.045,0.080709,0.000023,0.621356
AAATAGCTTAGACTTT-1,0.000975,0.000975,0.001951,0.253159,0.17102,0.409925,0.000975,0.16102
AAATAGGGTGCTATTG-1,0.000079,0.182559,0.156892,0.170701,0.061123,0.38968,0.000079,0.038887
AAATCCGATACACGCC-1,0.000095,0.000095,0.00019,0.072415,0.552316,0.374698,0.000095,0.000095
AAATCGCGGAAGGAGT-1,0.002911,0.034578,0.007727,0.00006,0.954544,0.00006,0.00006,0.00006
AAATCTAGCCCTGCTA-1,0.000296,0.000296,0.247311,0.160582,0.311459,0.279466,0.000296,0.000296
AAATGATTCGATCAGC-1,0.000621,0.000621,0.001242,0.643956,0.206494,0.145824,0.000621,0.000621
AAATGCTCGTTACGTT-1,0.001634,0.001635,0.00327,0.188286,0.695204,0.001635,0.001634,0.1067
AAATGGCATGTCTTGT-1,0.000704,0.09393,0.001407,0.000704,0.271378,0.532369,0.000703,0.098804
AAATGGCCCGTGCCCT-1,0.000097,0.000097,0.000194,0.28059,0.718729,0.000097,0.000097,0.000097
AAATGGTCAATGTGCC-1,0.000061,0.008205,0.321379,0.263339,0.043482,0.363411,0.000061,0.000061
AAATGTATCTTATCCC-1,0.004631,0.004633,0.387162,0.004633,0.585046,0.004633,0.00463,0.004631
AAATTAATAAGCGCGA-1,0.117698,0.006542,0.843059,0.006541,0.006541,0.006541,0.006536,0.006543
AAATTCCAGGTCCAAA-1,0.001822,0.24932,0.134858,0.001823,0.292153,0.31638,0.001821,0.001823
AAATTGCGGCGGTTCT-1,0.003412,0.008024,0.271328,0.144735,0.268669,0.30372,0.000055,0.000055
AAATTGGTGAGAAGCA-1,0.003269,0.00327,0.006542,0.387905,0.589205,0.00327,0.003268,0.00327
AAATTTGCGGGTGTGG-1,0.024417,0.000283,0.000566,0.905951,0.067934,0.000283,0.000283,0.000283
AACAACTGGTAGTTGC-1,0.000103,0.000103,0.749586,0.179933,0.032263,0.037807,0.000103,0.000103
AACAATACATTGTCGA-1,0.000161,0.000161,0.000322,0.376142,0.028725,0.500242,0.000161,0.094087
AACAATTACTCTACGC-1,0.000156,0.000156,0.072267,0.000156,0.886941,0.019845,0.000156,0.020321
AACACACGCTCGCCGC-1,0.000046,0.000046,0.496027,0.050766,0.078362,0.374663,0.000046,0.000046
AACACGACTGTACTGA-1,0.000767,0.000767,0.001534,0.087788,0.906845,0.000767,0.000766,0.000767
AACACGAGACGCGGCC-1,0.000043,0.000043,0.000085,0.186007,0.638254,0.1678,0.000043,0.007726
AACACGCGGCCGCGAA-1,0.000031,0.001043,0.416624,0.000031,0.386614,0.195594,0.000031,0.000031
AACAGCTGTGTGGCAA-1,0.000027,0.012479,0.082257,0.208593,0.021117,0.019452,0.000027,0.656048
AACAGGAAATCGAATA-1,0.00005,0.052052,0.355028,0.00005,0.545513,0.047209,0.00005,0.00005
AACAGGATGGGCCGCG-1,0.000088,0.000088,0.000175,0.000088,0.878112,0.09434,0.000088,0.027023
AACAGGTAGTATGGAT-1,0.002058,0.002059,0.00412,0.601931,0.383656,0.002059,0.002058,0.002059
AACATATCAACTGGTG-1,0.000084,0.067436,0.09552,0.107427,0.037634,0.639974,0.000084,0.05184
AACATCGATACGTCTA-1,0.024569,0.56887,0.16739,0.000639,0.236616,0.000639,0.000639,0.000639
AACATTGGTCAGCCGT-1,0.000591,0.157257,0.118157,0.30972,0.358027,0.000591,0.000591,0.055065
AACATTGTGACTCGAG-1,0.000727,0.000727,0.001453,0.000727,0.16275,0.738323,0.000726,0.094567
AACCAAGACTTCTCTG-1,0.00608,0.058753,0.140997,0.000044,0.790802,0.003237,0.000044,0.000044
AACCATGGGATCGCTA-1,0.00171,0.00171,0.003421,0.001711,0.986316,0.001711,0.001709,0.001711
AACCCAGAGACGGAGA-1,0.00227,0.002269,0.004538,0.002269,0.74808,0.236039,0.002268,0.002269
AACCCATCCCATGATC-1,0.000114,0.000114,0.000229,0.428776,0.570424,0.000114,0.000114,0.000114
AACCCGACAACCCGTG-1,0.000242,0.443797,0.476098,0.000242,0.055336,0.000242,0.000242,0.0238
AACCCGAGCAGAATCG-1,0.000529,0.118622,0.001059,0.22991,0.13427,0.467665,0.000529,0.047415
AACCCGATAGGGCTTC-1,0.000423,0.356973,0.313185,0.182648,0.145504,0.000423,0.000422,0.000423
AACCCTACTGTCAATA-1,0.000021,0.000021,0.85728,0.010057,0.046445,0.086134,0.000021,0.000021
AACCGCTAAGGGATGC-1,0.000051,0.000051,0.207647,0.000051,0.134767,0.657332,0.000051,0.000051
AACCGTTGTGTTTGCT-1,0.004831,0.004834,0.009667,0.004835,0.740074,0.226094,0.004831,0.004835
AACCTCGCTTTAGCCC-1,0.009289,0.000113,0.000225,0.000113,0.849955,0.14008,0.000112,0.000113
AACCTGTCACGGAATT-1,0.001635,0.001635,0.00327,0.623303,0.365252,0.001635,0.001634,0.001635
AACCTTTAAATACGGT-1,0.009734,0.000104,0.00604,0.720115,0.031832,0.231967,0.000104,0.000104
AACGAAAGTCGTCCCA-1,0.000084,0.000084,0.000168,0.198835,0.797397,0.003263,0.000084,0.000084
AACGACCTCCTAGCCG-1,0.006672,0.000313,0.178292,0.167504,0.321215,0.325377,0.000313,0.000313
AACGATAATGCCGTAG-1,0.000113,0.053918,0.051237,0.506112,0.086165,0.289265,0.000113,0.013077
AACGATAGAAGGGCCG-1,0.003705,0.003707,0.007415,0.003706,0.420678,0.553379,0.003704,0.003706
AACGCATGATCTGGGT-1,0.000071,0.320875,0.593804,0.044672,0.000071,0.001288,0.000071,0.039149
AACGCGAACGGCAACA-1,0.000072,0.014234,0.152178,0.000072,0.260421,0.572877,0.000072,0.000072
AACGCGACCTTGGGCG-1,0.000118,0.000118,0.054724,0.308095,0.491939,0.144772,0.000118,0.000118
AACGCGGTCTCCAGCC-1,0.000209,0.000209,0.069514,0.151279,0.212277,0.504059,0.000209,0.062244
AACGCTGTTGCTGAAA-1,0.000115,0.000115,0.212729,0.000115,0.296401,0.490293,0.000115,0.000115
AACGGACGTACGTATA-1,0.00104,0.000027,0.490117,0.000333,0.095121,0.40707,0.000027,0.006265
AACGGCCATCTCCGGT-1,0.000171,0.13472,0.354915,0.245814,0.084109,0.179929,0.000171,0.000171
AACGTAGTCTACCCAT-1,0.00005,0.016563,0.419454,0.228493,0.242419,0.09292,0.00005,0.00005
AACGTCAGACTAGTGG-1,0.024378,0.178116,0.002851,0.294426,0.495954,0.001425,0.001425,0.001426
AACGTTATCAGCACCT-1,0.001039,0.290778,0.379692,0.324335,0.001039,0.001039,0.001038,0.001039
AACTACCCGTTTGTCA-1,0.001308,0.001308,0.002616,0.307895,0.389561,0.188799,0.001307,0.107205
AACTAGCGTATCGCAC-1,0.027816,0.027795,0.80546,0.027786,0.027796,0.02779,0.027778,0.02778
AACTAGGCTTGGGTGT-1,0.000351,0.079335,0.000702,0.443142,0.375078,0.0458,0.000351,0.055243
AACTCAAGTTAATTGC-1,0.000055,0.000055,0.575777,0.071878,0.139141,0.212986,0.000055,0.000055
AACTCCAGAGCGTGTT-1,0.00807,0.000621,0.001242,0.126363,0.313918,0.425272,0.000621,0.123893
AACTCGATAAACACGT-1,0.003473,0.003475,0.250564,0.003475,0.371924,0.360141,0.003472,0.003476
AACTCGATGGCGCAGT-1,0.000926,0.000927,0.001853,0.000927,0.992588,0.000927,0.000926,0.000927
AACTCTCAATAGAGCG-1,0.000074,0.000074,0.000147,0.102543,0.103084,0.793931,0.000074,0.000074
AACTGAGGTCAGCGTC-1,0.000573,0.000573,0.165986,0.14557,0.064181,0.621971,0.000573,0.000573
AACTGAGTTATACTGA-1,0.000085,0.229113,0.258933,0.27169,0.197691,0.000085,0.000085,0.042316
AACTGATATTAGGCCT-1,0.000137,0.000137,0.016104,0.000137,0.58842,0.394788,0.000137,0.000137
AACTGGGTCCCGACGT-1,0.062042,0.000157,0.091276,0.780886,0.059327,0.004404,0.000157,0.001752
AACTGGTGTGGGCCTT-1,0.000243,0.000243,0.4135,0.000243,0.239782,0.345502,0.000243,0.000243
AACTTCTGCGTCTATC-1,0.003368,0.00337,0.119925,0.484204,0.379029,0.003369,0.003367,0.003368
AACTTGCCCGTATGCA-1,0.000054,0.005112,0.102638,0.308928,0.553041,0.000054,0.000054,0.030118
AACTTGCGTTCTCGCG-1,0.000722,0.000722,0.584296,0.000722,0.149809,0.262286,0.000722,0.000722
AACTTTACGGGAGCTT-1,0.011121,0.294916,0.344452,0.01112,0.011118,0.305039,0.011111,0.011123
AACTTTAGCTGCTGAG-1,0.027778,0.027789,0.805453,0.027796,0.02781,0.027805,0.027778,0.027791
AACTTTCTCGATCATG-1,0.001764,0.001765,0.00353,0.494971,0.001765,0.492676,0.001764,0.001765
AAGAAATCACCAGATT-1,0.001765,0.001765,0.334181,0.001765,0.655231,0.001765,0.001764,0.001764
AAGAAGGATCAGTTAG-1,0.000882,0.000883,0.001765,0.000882,0.489766,0.504057,0.000882,0.000883
AAGACATACGTGGTTT-1,0.001249,0.001249,0.277595,0.001249,0.083518,0.632643,0.001248,0.001249
AAGACCAAATAACTCA-1,0.000211,0.000211,0.05014,0.170083,0.542319,0.236616,0.00021,0.000211
AAGACTAACCCGTTGT-1,0.00016,0.184497,0.364105,0.00016,0.201856,0.248904,0.00016,0.00016
AAGAGATGAATCGGTA-1,0.000073,0.000073,0.210729,0.063323,0.677965,0.027248,0.000073,0.020516
AAGAGGATGTACGCGA-1,0.000096,0.000096,0.000193,0.098905,0.826962,0.073555,0.000096,0.000096
AAGAGGCCCTTTGGAA-1,0.029107,0.000772,0.001544,0.000772,0.36562,0.600641,0.000772,0.000772
AAGATGGCACCGGACC-1,0.010439,0.000418,0.091543,0.368729,0.000418,0.307241,0.000418,0.220795
AAGATTGGCGGAACGT-1,0.000097,0.16518,0.169441,0.29892,0.127512,0.238654,0.000097,0.000097
AAGCACCCTGCGTATC-1,0.000456,0.000456,0.000911,0.555641,0.441169,0.000456,0.000455,0.000456
AAGCATACTCTCCTGA-1,0.000109,0.000109,0.000218,0.286019,0.086598,0.459515,0.000109,0.167324
AAGCCGAAGCGGTTTA-1,0.000686,0.000686,0.247711,0.161946,0.273933,0.313665,0.000686,0.000686
AAGCCGCTTTACCTTG-1,0.002224,0.002224,0.004448,0.002224,0.002224,0.98221,0.002222,0.002224
AAGCCGGAGAGCAGGA-1,0.001389,0.00139,0.00278,0.247776,0.297576,0.44631,0.001389,0.00139
AAGCGCAGGGCTTTGA-1,0.00041,0.00041,0.000821,0.150788,0.520394,0.299279,0.00041,0.027488
AAGCGGAGTGCGCGCA-1,0.000296,0.630675,0.088605,0.102621,0.133491,0.043722,0.000296,0.000296
AAGCGTCCCTCATCGA-1,0.000098,0.000098,0.056367,0.306421,0.081992,0.333378,0.000098,0.221548
AAGCTAGATCGAGTAA-1,0.000064,0.000064,0.027529,0.561538,0.000064,0.190076,0.000064,0.2206
AAGCTCTTTCATGGTG-1,0.009668,0.000206,0.000411,0.503442,0.485657,0.000206,0.000205,0.000206
AAGGAGCGGTTGGTGC-1,0.000031,0.096862,0.838365,0.010569,0.000031,0.042479,0.000031,0.011632
AAGGATCGATCGCTTG-1,0.001659,0.00166,0.00332,0.240067,0.088103,0.661874,0.001658,0.00166
AAGGATGAGGGACCTC-1,0.000211,0.000211,0.000421,0.149095,0.000211,0.661323,0.00021,0.188318
AAGGCAGGCTGTCTCC-1,0.005578,0.000142,0.049138,0.351981,0.5095,0.083378,0.000142,0.000142
AAGGCGCGTAAAGCTT-1,0.00117,0.001171,0.330238,0.20468,0.459231,0.001171,0.00117,0.00117
AAGGCTGTGCTCATCG-1,0.000071,0.000071,0.727276,0.044925,0.027635,0.19988,0.000071,0.000071
AAGGGAACGACTGGCT-1,0.000119,0.122777,0.620075,0.111313,0.056469,0.089009,0.000119,0.000119
AAGGGTTTGATTTCAG-1,0.000125,0.000125,0.171231,0.069348,0.69381,0.06511,0.000125,0.000125
AAGGTATCCTAATATA-1,0.000109,0.000109,0.000218,0.245589,0.333005,0.375413,0.000109,0.045449
AAGGTGATAAACCAGC-1,0.005175,0.195893,0.683161,0.096009,0.000015,0.011628,0.000015,0.008104
AAGTAGAAGACCGGGT-1,0.077417,0.000919,0.065865,0.000919,0.510531,0.198999,0.000918,0.144431
AAGTAGTGACGCGAGG-1,0.000091,0.000091,0.041182,0.000091,0.729713,0.1534,0.00009,0.075343
AAGTCAATTGTCGTCA-1,0.006304,0.145621,0.701781,0.043919,0.011118,0.089862,0.000038,0.001358
AAGTCTAGTAGCTGCC-1,0.000732,0.000731,0.001463,0.761117,0.233762,0.000732,0.000731,0.000731
AAGTCTTCTGTGGCCT-1,0.015874,0.01589,0.031771,0.872952,0.015881,0.015883,0.015873,0.015876
AAGTGACGACCGAATT-1,0.000072,0.000072,0.000144,0.000072,0.942053,0.057443,0.000072,0.000072
AAGTGAGTCGGGTTTA-1,0.000691,0.000691,0.001381,0.994475,0.000691,0.000691,0.00069,0.000691
AAGTGCAAAGGTAGAC-1,0.064535,0.00327,0.00654,0.544566,0.371281,0.003271,0.003268,0.00327
AAGTGCCTTGACTGTA-1,0.004487,0.144444,0.723053,0.017668,0.003879,0.103564,0.000041,0.002864
AAGTGCGTTAGAATCT-1,0.000213,0.000213,0.000425,0.539986,0.348312,0.110426,0.000212,0.000213
AAGTGCTTCTCTATTG-1,0.000433,0.000433,0.000865,0.784766,0.208287,0.004351,0.000432,0.000433
AAGTGTTTGGAGACGG-1,0.000083,0.097605,0.13268,0.218148,0.000083,0.427099,0.000083,0.124219
AAGTTCACTCCAAGCT-1,0.000142,0.000142,0.228294,0.489743,0.281255,0.000142,0.000142,0.000142
AAGTTCAGTCTGCGTA-1,0.000138,0.000138,0.003136,0.142783,0.073373,0.780158,0.000138,0.000138
AAGTTCGGCCAACAGG-1,0.000746,0.000746,0.001493,0.485412,0.039519,0.298822,0.000746,0.172516
AAGTTGTGATGTTATA-1,0.000579,0.197579,0.08916,0.000579,0.203469,0.507476,0.000579,0.000579
AAGTTTACTAATGGCA-1,0.000576,0.350047,0.001152,0.236792,0.000576,0.342649,0.000576,0.067631
AAGTTTATGGGCCCAA-1,0.000285,0.117816,0.03367,0.450541,0.323683,0.073435,0.000285,0.000285
AATAACAACGCTCGGC-1,0.000057,0.000057,0.010385,0.000057,0.745855,0.243477,0.000057,0.000057
AATAATCTTCGTATCG-1,0.00305,0.036567,0.050806,0.587997,0.275831,0.045639,0.000055,0.000055
AATACAATGTTTCAGG-1,0.003268,0.00327,0.00654,0.322281,0.654832,0.00327,0.003268,0.00327
AATACCGGAGGGCTGT-1,0.000193,0.705747,0.152233,0.000193,0.000193,0.141056,0.000193,0.000193
AATAGAATCTGTTTCA-1,0.000165,0.000165,0.172783,0.120266,0.287924,0.315093,0.000165,0.103439
AATAGCAAGCCTCCTG-1,0.000481,0.000481,0.143622,0.106022,0.430041,0.191175,0.000481,0.127698
AATAGCTACCGCGTGC-1,0.015118,0.1245,0.247406,0.000145,0.369751,0.24279,0.000145,0.000145
AATAGTCCGTCCCGAC-1,0.000503,0.000503,0.001006,0.717155,0.192075,0.000503,0.000503,0.087752
AATAGTCGCGAGTCGG-1,0.30114,0.257117,0.238692,0.201896,0.000289,0.000289,0.000289,0.000289
AATATCAAGGTCGGAT-1,0.000062,0.000062,0.000123,0.000062,0.873802,0.125767,0.000062,0.000062
AATATCCTAGCAAACT-1,0.012347,0.441763,0.024709,0.012355,0.012355,0.012356,0.012346,0.471769
AATATCGAATCAATGC-1,0.000639,0.000639,0.001278,0.168635,0.000639,0.826892,0.000639,0.000639
AATATCGAGGGTTCTC-1,0.000173,0.049881,0.023757,0.347187,0.114239,0.464415,0.000173,0.000173
AATATTGGAGTATTGA-1,0.000085,0.000087,0.093659,0.006924,0.898992,0.000085,0.000085,0.000085
AATCAGACTGCAGGAC-1,0.000193,0.000193,0.257428,0.022389,0.31231,0.407101,0.000193,0.000193
AATCAGGTTTCATTTA-1,0.008022,0.224223,0.001158,0.483115,0.273894,0.000579,0.000579,0.00843
AATCATGTAAAGACTC-1,0.000208,0.000208,0.328936,0.000208,0.195664,0.474359,0.000208,0.000208
AATCCAAGGGCCTGAG-1,0.004116,0.004119,0.008238,0.004117,0.720867,0.250311,0.004115,0.004118
AATCCATGCAAGGGTG-1,0.000076,0.004172,0.114623,0.000076,0.490878,0.390021,0.000076,0.000076
AATCGCGCAGAGGACT-1,0.002849,0.002851,0.083185,0.705176,0.197388,0.002851,0.002849,0.002851
AATCGGGACACTACGA-1,0.00125,0.001249,0.077428,0.001249,0.556839,0.359488,0.001248,0.001249
AATCGGTATAGCCCTC-1,0.000271,0.000271,0.000542,0.333044,0.008588,0.556411,0.000271,0.100602
AATCGTGAGCCGAGCA-1,0.000268,0.000268,0.000536,0.000268,0.717418,0.24544,0.000268,0.035535
AATCTAGGTTTACTTG-1,0.000074,0.000074,0.000148,0.289644,0.709837,0.000074,0.000074,0.000074
AATCTATGCCGGAGCC-1,0.000805,0.000806,0.001611,0.000806,0.38018,0.614181,0.000805,0.000806
AATCTCTACTGTGGTT-1,0.000471,0.000471,0.000942,0.162819,0.677507,0.156847,0.000471,0.000471
AATCTGCGTTGGGACG-1,0.000251,0.023324,0.198422,0.233948,0.203656,0.2966,0.00025,0.04355
AATCTGGCTTTCTAGT-1,0.000098,0.000098,0.000196,0.277127,0.722187,0.000098,0.000098,0.000098
AATGACAGCAATGTCT-1,0.000564,0.000564,0.203192,0.374912,0.000564,0.419074,0.000564,0.000564
AATGACGTAGGATGTC-1,0.000024,0.050577,0.129039,0.109135,0.000024,0.041026,0.000024,0.670152
AATGACTGTCAGCCGG-1,0.000036,0.000036,0.88644,0.000036,0.043949,0.06943,0.000036,0.000036
AATGAGTTCGCATATG-1,0.00095,0.00095,0.303908,0.00095,0.381249,0.310092,0.00095,0.00095
AATGATGCGACTCCTG-1,0.00032,0.00032,0.000641,0.00032,0.10895,0.888807,0.00032,0.00032
AATGCAACCGGGTACC-1,0.000028,0.562739,0.256551,0.053749,0.000153,0.106288,0.000028,0.020464
AATGGCCGCCAATGCG-1,0.001079,0.197002,0.002159,0.428366,0.00108,0.368156,0.001079,0.00108
AATGGTCCACCGTTCA-1,0.001886,0.001885,0.003769,0.346858,0.600968,0.001884,0.001883,0.040866
AATGGTTCTCACAAGC-1,0.001793,0.001793,0.380349,0.001794,0.608891,0.001794,0.001792,0.001793
AATGTGCCCGAGGTGT-1,0.012117,0.069829,0.089383,0.204402,0.276976,0.346841,0.000225,0.000226
AATGTGCTAATCTGAG-1,0.000089,0.000089,0.000178,0.579609,0.242653,0.177203,0.000089,0.000089
AATGTTGTCGTGAGAC-1,0.000093,0.295476,0.420025,0.135138,0.018632,0.13045,0.000093,0.000093
AATTAACGGATTTCCA-1,0.024336,0.000654,0.001308,0.493293,0.20162,0.277481,0.000654,0.000654
AATTACGAGACCCATC-1,0.000159,0.203953,0.237945,0.139674,0.417793,0.000159,0.000159,0.000159
AATTACTCGTACGCTC-1,0.000448,0.000448,0.406849,0.185985,0.254756,0.150617,0.000448,0.000448
AATTAGCGCTGCAGCG-1,0.000098,0.051989,0.014916,0.367413,0.000098,0.298344,0.000098,0.267044
AATTCCAACTTGGTGA-1,0.005849,0.005852,0.529801,0.120515,0.32043,0.005852,0.005848,0.005853
AATTCCAAGCATGTAC-1,0.000157,0.000157,0.000314,0.325518,0.373627,0.299915,0.000157,0.000157
AATTCGATTCGAGGAT-1,0.000248,0.184194,0.026714,0.02552,0.106014,0.639873,0.000247,0.01719
AATTCTAGAGTTAGGC-1,0.000052,0.000764,0.088163,0.326041,0.003998,0.218276,0.000052,0.362654
AATTGAACGCTCTGGT-1,0.0001,0.0001,0.051178,0.070445,0.168658,0.559099,0.0001,0.150321
AATTGCAGCAATCGAC-1,0.000783,0.000783,0.001566,0.000783,0.451935,0.542585,0.000782,0.000783
AATTGTGGTTGCCAAA-1,0.001278,0.001278,0.002556,0.080334,0.001278,0.910721,0.001277,0.001278
AATTTGGTTCCAAAGA-1,0.002058,0.002059,0.148838,0.002059,0.83881,0.002059,0.002058,0.002059
ACAAAGAAGGTAGGCC-1,0.010102,0.010106,0.020213,0.010106,0.01011,0.919156,0.010101,0.010105
ACAAAGCATGACCTAG-1,0.000456,0.000456,0.000911,0.000456,0.374188,0.622622,0.000455,0.000456
ACAAATCGCACCGAAT-1,0.000104,0.001993,0.337394,0.060251,0.186969,0.41308,0.000104,0.000104
ACAAATGGTAGTGTTT-1,0.000113,0.000113,0.100645,0.042499,0.179768,0.617419,0.000113,0.059332
ACAACGGTCCCTGCGA-1,0.000151,0.000151,0.052471,0.025646,0.921127,0.000151,0.000151,0.000151
ACAAGCAGTGCCTAGC-1,0.000121,0.000121,0.000242,0.000121,0.999032,0.000121,0.000121,0.000121
ACAAGCTATATGGAAG-1,0.022226,0.336177,0.044482,0.508194,0.022227,0.022232,0.022222,0.02224
ACAAGGAAATCCGCCC-1,0.000113,0.000113,0.019862,0.291097,0.043662,0.586973,0.000113,0.058067
ACAAGGACAAGAGGTT-1,0.000801,0.0008,0.3904,0.0008,0.227679,0.377921,0.000799,0.0008
ACAAGGATGCTTTAGG-1,0.000123,0.000123,0.000245,0.000123,0.773663,0.22548,0.000123,0.000123
ACAAGGGCAGGCTCTG-1,0.000051,0.000051,0.150867,0.250251,0.047267,0.058616,0.000051,0.492845
ACAATAGTCGTACGTT-1,0.000058,0.000058,0.000116,0.130676,0.868918,0.000058,0.000058,0.000058
ACAATCCATTTAAACC-1,0.003735,0.000054,0.072451,0.142076,0.539575,0.15093,0.000054,0.091125
ACAATGATTCTTCTAC-1,0.020177,0.000392,0.082838,0.342212,0.404856,0.148743,0.000391,0.000391
ACAATTGTGTCTCTTT-1,0.000046,0.000046,0.669666,0.026078,0.046402,0.257671,0.000046,0.000046
ACAATTTAGGAGGCTC-1,0.018539,0.624482,0.037066,0.018535,0.245793,0.01853,0.018519,0.018536
ACAATTTGAGCAGTGG-1,0.000138,0.000138,0.000276,0.060589,0.389726,0.4329,0.000138,0.116095
ACAATTTGGCCATATT-1,0.000118,0.000118,0.000236,0.207999,0.532186,0.259108,0.000118,0.000118
ACACAAAGACGGGTGG-1,0.008448,0.000114,0.373451,0.000114,0.142959,0.474685,0.000114,0.000114
ACACAAATATTCCTAG-1,0.064801,0.288769,0.005172,0.002586,0.253989,0.379513,0.002584,0.002586
ACACACCAGGACCAGT-1,0.00008,0.00008,0.107369,0.00008,0.01557,0.864931,0.00008,0.011811
ACACACTTTCTACACG-1,0.002851,0.00285,0.005701,0.002851,0.453219,0.418698,0.002849,0.110981
ACACATTGACGCAACA-1,0.001765,0.001765,0.00353,0.334047,0.001765,0.653599,0.001764,0.001766
ACACCACATAATTAGC-1,0.105035,0.233206,0.002616,0.321313,0.333906,0.001308,0.001307,0.001309
ACACCCAGCATGCAGC-1,0.007956,0.004058,0.721842,0.038543,0.032941,0.163265,0.000056,0.031339
ACACCCGAGAAATCCG-1,0.001566,0.001566,0.234283,0.001566,0.580428,0.17746,0.001565,0.001566
ACACCCGTAAATCTGT-1,0.005586,0.04614,0.243116,0.34953,0.127059,0.227788,0.000069,0.000711
ACACCGAGCGCTCTTT-1,0.006174,0.006176,0.694512,0.268434,0.006178,0.006178,0.006173,0.006176
ACACCTTAAGTAGGGC-1,0.000148,0.198338,0.631963,0.038469,0.083667,0.022244,0.000148,0.025024
ACACCTTACTACTTGC-1,0.00278,0.002779,0.005559,0.337306,0.00278,0.643239,0.002778,0.00278
ACACGTAGGCCACAAG-1,0.000628,0.000628,0.001256,0.351709,0.000628,0.643894,0.000628,0.000628
ACACTCCAATGTCACT-1,0.001522,0.001523,0.003047,0.001523,0.56084,0.4285,0.001522,0.001523
ACACTGGGACAGTCGT-1,0.000767,0.000767,0.223294,0.000767,0.504703,0.26817,0.000766,0.000767
ACAGAACTGAGAACAA-1,0.001793,0.001793,0.003586,0.202324,0.785125,0.001793,0.001792,0.001793
ACAGATTAGGTTAGTG-1,0.000171,0.000171,0.284171,0.000171,0.401048,0.274867,0.000171,0.039229
ACAGCATAGAGCCAGT-1,0.002315,0.002316,0.004632,0.002316,0.90178,0.002316,0.002315,0.08201
ACAGCGACATTCTCAT-1,0.000984,0.000984,0.001968,0.000984,0.477943,0.51517,0.000983,0.000984
ACAGGAGGCGCAGCCG-1,0.011112,0.011119,0.261999,0.01112,0.205311,0.01112,0.011111,0.477108
ACAGGCACGGATCCTT-1,0.000194,0.002296,0.299806,0.171297,0.143071,0.382947,0.000194,0.000194
ACAGGCTTGCCCGACT-1,0.00897,0.000072,0.442754,0.004612,0.230109,0.284331,0.000072,0.029079
ACAGGTGTGTTGTTGC-1,0.037037,0.037043,0.0741,0.03705,0.703621,0.037073,0.037037,0.037039
ACAGTAATACAACTTG-1,0.0003,0.0003,0.000599,0.0003,0.997603,0.0003,0.000299,0.0003
ACAGTATACCGTGGGA-1,0.00171,0.001711,0.003421,0.622443,0.365584,0.001711,0.001709,0.001711
ACATAAGTCGTGGTGA-1,0.000063,0.017528,0.174862,0.086508,0.643274,0.077641,0.000062,0.000063
ACATAATAAGGCGGTG-1,0.000043,0.034606,0.273553,0.165401,0.394895,0.067186,0.000043,0.064272
ACATCAGCTGGGACGC-1,0.005851,0.005853,0.416357,0.548538,0.005852,0.005851,0.005848,0.00585
ACATCCCGGCCATACG-1,0.001589,0.001588,0.003177,0.769877,0.001588,0.219004,0.001587,0.001589
ACATCCTGGTAACTGT-1,0.000097,0.087886,0.468802,0.02187,0.006649,0.414504,0.000097,0.000097
ACATCGGTCAGCCGCG-1,0.000635,0.000635,0.213189,0.555162,0.228474,0.000635,0.000635,0.000635
ACATCGTATGCAATGG-1,0.000097,0.000097,0.030167,0.292976,0.03535,0.590148,0.000097,0.051066
ACATGGCGCCAAAGTA-1,0.0001,0.006632,0.800501,0.0001,0.0001,0.178632,0.0001,0.013835
ACATGGCTCAATTTAG-1,0.000235,0.069681,0.20448,0.181207,0.480417,0.000235,0.000234,0.063511
ACATTAGTTTATATCC-1,0.000219,0.031888,0.05154,0.413698,0.019983,0.267907,0.000219,0.214546
ACCAAACACCCAGCGA-1,0.002588,0.002586,0.005172,0.259491,0.722407,0.002586,0.002584,0.002585
ACCAACACCACACACT-1,0.041084,0.000993,0.2542,0.128378,0.572367,0.000993,0.000992,0.000993
ACCAACCGCACTCCAC-1,0.00009,0.00009,0.049581,0.120759,0.236624,0.580019,0.000089,0.012749
ACCAAGAACGCGTGTC-1,0.001793,0.001793,0.003587,0.001794,0.646314,0.341134,0.001792,0.001794
ACCAAGTCATCGGCAG-1,0.000206,0.000206,0.01583,0.608458,0.000206,0.341981,0.000206,0.032908
ACCAATATGCAAGTTA-1,0.027202,0.000117,0.140739,0.266205,0.261651,0.303069,0.000117,0.0009
ACCACAAGTTTCTATC-1,0.00007,0.00007,0.301836,0.175418,0.037697,0.448893,0.00007,0.035944
ACCACCAATGTAACAA-1,0.000409,0.000409,0.133017,0.269358,0.000409,0.595581,0.000408,0.000409
ACCACCCTCTCTTCTA-1,0.001463,0.143298,0.002926,0.550442,0.297483,0.001463,0.001462,0.001463
ACCACGTGCAGCTATA-1,0.000142,0.000142,0.000284,0.129242,0.049946,0.751419,0.000142,0.068684
ACCACTGTTCAAGAAG-1,0.000794,0.205987,0.001588,0.100871,0.092043,0.597128,0.000794,0.000794
ACCAGACCATAACAAC-1,0.027827,0.027781,0.055584,0.027793,0.027797,0.777649,0.027778,0.027792
ACCAGGAGTGTGATCT-1,0.000034,0.232749,0.096712,0.051835,0.533337,0.000034,0.000034,0.085264
ACCAGTGCCCGGTCAA-1,0.000461,0.165219,0.160604,0.420041,0.21804,0.000461,0.000461,0.034712
ACCAGTGCGGGAGACG-1,0.000034,0.025446,0.923344,0.005719,0.022635,0.022755,0.000034,0.000034
ACCATCCGCCAACTAG-1,0.000862,0.000862,0.001724,0.000862,0.993105,0.000862,0.000861,0.000862
ACCATCGTATATGGTA-1,0.000122,0.030438,0.193573,0.248635,0.000122,0.526865,0.000122,0.000122
ACCATTAAGGGTGTCA-1,0.000386,0.202622,0.195412,0.308085,0.137066,0.155657,0.000386,0.000386
ACCCAACGCCCGTGGC-1,0.000215,0.000215,0.000429,0.087757,0.297468,0.515045,0.000215,0.098657
ACCCACCTACATGCTC-1,0.000483,0.000483,0.330443,0.000483,0.666656,0.000483,0.000483,0.000483
ACCCATCTTGAGGGTA-1,0.000243,0.06811,0.694848,0.036975,0.000243,0.182919,0.000243,0.016419
ACCCATTTGTCCCTCT-1,0.001324,0.001323,0.002647,0.001324,0.204754,0.724307,0.001323,0.062998
ACCCGAGCGAAATTAC-1,0.000147,0.000147,0.093455,0.306076,0.316122,0.181186,0.000147,0.102719
ACCCGATTGGTTCCGA-1,0.00008,0.073698,0.035093,0.347787,0.307574,0.166892,0.00008,0.068798
ACCCGGAAACTCCCAG-1,0.203029,0.000008,0.690035,0.000008,0.049388,0.057517,0.000008,0.000008
ACCCGGAGCACCACAA-1,0.001483,0.001483,0.002965,0.312286,0.170348,0.508472,0.001481,0.001482
ACCCGGATGACGCATC-1,0.000172,0.539734,0.362783,0.091273,0.000172,0.005522,0.000172,0.000172
ACCCGTAGTCTAGTTG-1,0.005741,0.000338,0.163449,0.219842,0.000338,0.571041,0.000338,0.038914
ACCCTATAGGACTGAG-1,0.001049,0.001049,0.090365,0.100243,0.093914,0.711283,0.001048,0.001049
ACCCTATGCCATATCG-1,0.000153,0.000168,0.000305,0.300934,0.236384,0.417783,0.000153,0.044119
ACCCTCCCGTCAGGGC-1,0.000187,0.003432,0.466815,0.125218,0.130893,0.215042,0.000186,0.058227
ACCCTCCCTTGCTATT-1,0.000106,0.135116,0.345572,0.243944,0.120699,0.139001,0.000106,0.015457
ACCCTGGTAACGCCCT-1,0.003705,0.003706,0.007413,0.003706,0.434282,0.539777,0.003704,0.003707
ACCCTTCATCTGCGAA-1,0.005557,0.216711,0.01112,0.005559,0.74438,0.005559,0.005556,0.005559
ACCCTTGCCTGGGTCG-1,0.053627,0.002647,0.005295,0.405838,0.362826,0.002647,0.002646,0.164475
ACCGAAAGGGCCCTGC-1,0.000046,0.030051,0.468082,0.000046,0.260116,0.217452,0.000046,0.024161
ACCGAAGAGTCTGGTT-1,0.004261,0.000083,0.000166,0.275269,0.719972,0.000083,0.000083,0.000083
ACCGACACATCTCCCA-1,0.001482,0.001482,0.002965,0.150372,0.001483,0.671466,0.001481,0.169267
ACCGATAGGCATAACC-1,0.000522,0.000522,0.235152,0.000522,0.000522,0.761716,0.000522,0.000522
ACCGATATTTAATCAT-1,0.000129,0.000129,0.000258,0.305734,0.600545,0.092948,0.000129,0.000129
ACCGATGGTAGCATCG-1,0.012407,0.000063,0.290389,0.077464,0.076528,0.543021,0.000063,0.000063
ACCGCAATAACTGCCT-1,0.000111,0.015573,0.090465,0.273381,0.148942,0.4555,0.000111,0.015916
ACCGCGGTGGAAGTCG-1,0.000176,0.360807,0.435936,0.15516,0.000176,0.047394,0.000176,0.000176
ACCGGGCCTTTGTTGA-1,0.000079,0.000079,0.305495,0.181409,0.199928,0.312852,0.000079,0.000079
ACCGTCCACTGGGCCC-1,0.00028,0.082158,0.00056,0.147687,0.403671,0.365084,0.00028,0.00028
ACCGTGACCACGTGGG-1,0.000397,0.038336,0.01504,0.395557,0.000397,0.382299,0.000397,0.167577
ACCGTTCCCGCTCTGA-1,0.000082,0.086832,0.020273,0.148353,0.423228,0.314907,0.000082,0.006244
ACCTAAGTACCTTTCA-1,0.00034,0.293466,0.096068,0.00034,0.211824,0.397282,0.00034,0.00034
ACCTAATCGACTTCCT-1,0.000086,0.000086,0.079785,0.000086,0.827348,0.092437,0.000086,0.000086
ACCTACAGTATGTGGT-1,0.001308,0.001308,0.002616,0.385341,0.605503,0.001308,0.001307,0.001308
ACCTACTATAAATCTA-1,0.000103,0.000103,0.000206,0.256386,0.458224,0.270177,0.000103,0.014699
ACCTCCGCCCTCGCTG-1,0.001389,0.00139,0.190899,0.00139,0.432237,0.369916,0.001389,0.00139
ACCTCCGTTATTCACC-1,0.00247,0.273438,0.004941,0.132861,0.578879,0.002471,0.002469,0.002471
ACCTGCGTGTCATGTT-1,0.02463,0.088787,0.539719,0.000036,0.346718,0.000036,0.000036,0.000036
ACGAAATGGGCGGCAC-1,0.000043,0.025618,0.409278,0.090167,0.409989,0.003817,0.000043,0.061044
ACGACCCATGAGTTGC-1,0.000722,0.111075,0.290499,0.000722,0.324587,0.270952,0.000722,0.000722
ACGACTCTAGGGCCGA-1,0.001504,0.282347,0.003005,0.26694,0.441697,0.001503,0.001502,0.001502
ACGACTGGTCATACTC-1,0.001853,0.001853,0.003706,0.268483,0.573007,0.001853,0.001852,0.147393
ACGAGAACCCATCACG-1,0.000934,0.189092,0.001869,0.000934,0.519682,0.285621,0.000934,0.000934
ACGAGGATACCACTCT-1,0.000073,0.000073,0.000145,0.095337,0.882415,0.006351,0.000072,0.015534
ACGAGGTTTACAACGT-1,0.000142,0.000142,0.005652,0.253409,0.46298,0.27639,0.000142,0.001142
ACGAGTACGGATGCCC-1,0.002924,0.002926,0.005851,0.002926,0.002926,0.869409,0.002924,0.110112
ACGAGTCGCCGGCGTT-1,0.009267,0.009265,0.812576,0.009264,0.009266,0.009266,0.009259,0.131837
ACGATACCTATCCTGA-1,0.015877,0.872926,0.031775,0.015889,0.015893,0.01589,0.015873,0.015877
ACGATCATACATAGAG-1,0.000066,0.20707,0.110313,0.418958,0.045706,0.195227,0.000066,0.022594
ACGATCATCTTGTAAA-1,0.001001,0.001002,0.002003,0.496496,0.001002,0.496494,0.001001,0.001002
ACGATGCATATGTTAT-1,0.000041,0.000041,0.581418,0.185915,0.023559,0.202464,0.000041,0.006519
ACGATGGATCCGATGC-1,0.002268,0.00227,0.004539,0.179509,0.002269,0.804607,0.002268,0.00227
ACGCAAACTAATAGAT-1,0.002851,0.002851,0.127902,0.854993,0.002851,0.002851,0.002849,0.002851
ACGCAATCACTACAGC-1,0.000494,0.000494,0.000988,0.480141,0.000494,0.516401,0.000494,0.000494
ACGCATAAATGACATG-1,0.000354,0.019341,0.361112,0.14854,0.230129,0.150016,0.000354,0.090153
ACGCATACGTTTACTA-1,0.001611,0.001612,0.083612,0.214239,0.001612,0.694093,0.00161,0.001611
ACGCCTGACACGCGCT-1,0.001523,0.001523,0.138158,0.15826,0.452249,0.245242,0.001522,0.001523
ACGCGCTACACAGGGT-1,0.007853,0.00044,0.100578,0.126789,0.435608,0.327853,0.000439,0.00044
ACGCGTTTCTTAAGAG-1,0.009266,0.009268,0.018537,0.009267,0.009266,0.925873,0.009259,0.009263
ACGCTAGTGATACACT-1,0.000117,0.114579,0.000236,0.133766,0.276896,0.474172,0.000117,0.000117
ACGCTGTGAGGCGTAG-1,0.000055,0.000055,0.002238,0.369191,0.628298,0.000055,0.000055,0.000055
ACGGAATTTAGCAAAT-1,0.001566,0.001567,0.003133,0.001566,0.987471,0.001566,0.001565,0.001566
ACGGACTCTCAAAGCG-1,0.001463,0.001463,0.18886,0.001463,0.001463,0.802363,0.001462,0.001463
ACGGAGCGCAAATTAC-1,0.000934,0.509042,0.241707,0.24458,0.000934,0.000934,0.000934,0.000935
ACGGATGGTGCGGATA-1,0.025988,0.00017,0.00034,0.368177,0.310697,0.291181,0.00017,0.003277
ACGGCACTTGCTTGGG-1,0.000441,0.000441,0.000882,0.429953,0.069483,0.378952,0.000441,0.119406
ACGGCGACGATGGGAA-1,0.000101,0.000101,0.000203,0.185241,0.174155,0.593143,0.000101,0.046954
ACGGCGGGTTGCCCTG-1,0.00013,0.041771,0.251177,0.00013,0.195357,0.511177,0.00013,0.00013
ACGGGAGTGTCGGCCC-1,0.000073,0.000073,0.037793,0.335206,0.617941,0.008768,0.000073,0.000073
ACGGGCGTATGCGACA-1,0.001884,0.176634,0.285284,0.528661,0.001885,0.001884,0.001883,0.001884
ACGGGTCATGTGACTT-1,0.00041,0.230766,0.107157,0.622128,0.038308,0.00041,0.00041,0.00041
ACGGTACAGTTCAATG-1,0.000695,0.000695,0.383042,0.229447,0.298435,0.086296,0.000694,0.000695
ACGTACAGATTTCTCT-1,0.003269,0.003271,0.006542,0.003271,0.973838,0.003271,0.003268,0.00327
ACGTAGGAGAGTCGCT-1,0.000038,0.052874,0.226443,0.265035,0.439183,0.016351,0.000038,0.000038
ACGTATTACTCCGATC-1,0.000153,0.000153,0.431106,0.000153,0.196298,0.371832,0.000153,0.000153
ACGTCTCGTTCCGGGA-1,0.000173,0.247506,0.024384,0.182921,0.544496,0.000173,0.000173,0.000173
ACGTGACAAAGTAAGT-1,0.028463,0.42896,0.3254,0.052166,0.164611,0.000133,0.000133,0.000133
ACGTGCGCCTCGTGCA-1,0.000116,0.066357,0.000233,0.000168,0.358248,0.574646,0.000116,0.000116
ACGTTAGATTTGCCCG-1,0.000691,0.000691,0.36952,0.114602,0.179531,0.333585,0.00069,0.000691
ACGTTATTGGTCACTC-1,0.000573,0.000573,0.280327,0.288268,0.407792,0.02132,0.000573,0.000573
ACGTTCCGCGCTCCGT-1,0.000109,0.078926,0.420828,0.015533,0.196797,0.269175,0.000109,0.018521
ACGTTCGCAATCAATT-1,0.001635,0.090688,0.00327,0.30264,0.596863,0.001635,0.001634,0.001635
ACGTTCGTTCAGGAAA-1,0.000475,0.000475,0.00095,0.63355,0.000475,0.230689,0.000475,0.132911
ACGTTCTGTACAAGTC-1,0.000238,0.000238,0.000476,0.000238,0.739289,0.259045,0.000238,0.000238
ACGTTTAGTTGTGATC-1,0.000284,0.17962,0.377925,0.248131,0.144451,0.049016,0.000283,0.000289
ACTAAGGACGCACACC-1,0.002181,0.00218,0.00436,0.554119,0.430621,0.00218,0.002179,0.002179
ACTACCAGCTCTCTGG-1,0.000436,0.000436,0.47684,0.000436,0.101313,0.314104,0.000436,0.105999
ACTACGCGTTAGAATT-1,0.069762,0.000662,0.001324,0.370373,0.073683,0.482874,0.000661,0.000662
ACTAGTTGCGATCGTC-1,0.000481,0.146021,0.000963,0.061367,0.002159,0.741571,0.000481,0.046957
ACTATATGCTGTGTTC-1,0.000106,0.06225,0.001759,0.084151,0.331866,0.519657,0.000106,0.000106
ACTATCCAGGGCATGG-1,0.000695,0.000695,0.00139,0.994441,0.000695,0.000695,0.000694,0.000695
ACTATCGCCGGCTAAA-1,0.000611,0.000611,0.377539,0.000611,0.618797,0.000611,0.000611,0.000611
ACTATCTGCCCGCGTA-1,0.000309,0.000358,0.181679,0.263043,0.141499,0.412495,0.000309,0.000309
ACTATTTCCGGGCCCA-1,0.000153,0.000153,0.014656,0.944449,0.000153,0.000153,0.000153,0.04013
ACTCAACGAATGTATT-1,0.000271,0.000271,0.000542,0.058467,0.230157,0.709749,0.000271,0.000271
ACTCAAGTGCAAGGCT-1,0.000136,0.000136,0.000273,0.000136,0.791557,0.207488,0.000136,0.000136
ACTCAGACCTGCTTCT-1,0.000133,0.000133,0.000266,0.000133,0.765012,0.234057,0.000133,0.000133
ACTCCAATATCATCAT-1,0.000048,0.000048,0.113601,0.198022,0.380417,0.041874,0.000048,0.265942
ACTCCCATTCCTAAAG-1,0.000081,0.000081,0.011625,0.154686,0.833285,0.000081,0.000081,0.000081
ACTCCCGAATTCGTTT-1,0.00285,0.002851,0.005702,0.423797,0.556248,0.002851,0.002849,0.002851
ACTCCCGTAGACTAGG-1,0.002365,0.002365,0.004731,0.539901,0.443541,0.002366,0.002364,0.002366
ACTCCCTAATGCTAAA-1,0.035766,0.000875,0.001751,0.615187,0.304032,0.000876,0.000875,0.040638
ACTCCCTAGAATAGTA-1,0.000072,0.000072,0.120415,0.436388,0.037606,0.246159,0.000072,0.159216
ACTCCGGCCGACCACT-1,0.000147,0.000147,0.036809,0.014204,0.356562,0.591838,0.000147,0.000147
ACTCGATGTATTTCAT-1,0.00036,0.00036,0.204292,0.561728,0.231778,0.000762,0.00036,0.00036
ACTCGCCGTTCGATAA-1,0.000278,0.248003,0.035956,0.129208,0.060163,0.525836,0.000278,0.000278
ACTCGCGATCTGACGC-1,0.001793,0.001793,0.003586,0.504417,0.483032,0.001793,0.001792,0.001793
ACTCGTAACCCGTCCT-1,0.000091,0.000091,0.000181,0.571436,0.42793,0.000091,0.00009,0.000091
ACTCTAAACCTGGGAT-1,0.003834,0.141064,0.007668,0.003835,0.832098,0.003834,0.003831,0.003835
ACTCTCTGACTTAGGT-1,0.000078,0.000078,0.21365,0.255819,0.093644,0.161402,0.000078,0.275252
ACTCTGACCTAATAGA-1,0.000116,0.025639,0.219733,0.200627,0.127629,0.326625,0.000116,0.099514
ACTCTTCAGCTCCCGC-1,0.000919,0.000919,0.001838,0.701494,0.292073,0.000919,0.000918,0.000919
ACTGAAACGCCGTTAG-1,0.000319,0.000319,0.127381,0.227506,0.317323,0.326516,0.000318,0.000319
ACTGAATGGCGAAAGT-1,0.000144,0.000144,0.388778,0.19555,0.222962,0.076344,0.000144,0.115933
ACTGCCGTCGTAACTC-1,0.000463,0.065996,0.104659,0.436009,0.340378,0.000463,0.000463,0.051569
ACTGCGGACACACCGT-1,0.001852,0.001853,0.003706,0.428639,0.054673,0.505571,0.001852,0.001853
ACTGCTCGGAAGGATG-1,0.000157,0.000157,0.181405,0.000157,0.81765,0.000157,0.000157,0.000157
ACTGGCGAACCTGCGT-1,0.000942,0.000942,0.001885,0.336914,0.050723,0.60671,0.000942,0.000942
ACTGGGATGCCAGTGC-1,0.003269,0.00327,0.006539,0.973844,0.00327,0.00327,0.003268,0.003271
ACTGTAGCACTTTGGA-1,0.01281,0.000378,0.417317,0.000378,0.145715,0.35338,0.000378,0.069643
ACTGTATACGCGAGCA-1,0.001852,0.001853,0.003706,0.001853,0.564146,0.422885,0.001852,0.001853
ACTGTCCAGGATTATA-1,0.000094,0.040928,0.205782,0.163797,0.063286,0.525926,0.000093,0.000094
ACTGTGCTAGTAGATC-1,0.001852,0.001853,0.003706,0.001853,0.646071,0.340958,0.001852,0.001854
ACTTACGCATCCACGC-1,0.021477,0.000115,0.00023,0.887907,0.089927,0.000115,0.000115,0.000115
ACTTAGTACGACAAGA-1,0.015999,0.001685,0.151948,0.204125,0.621191,0.001685,0.001684,0.001685
ACTTATACTTACCCGG-1,0.000136,0.000136,0.032996,0.34697,0.088078,0.531412,0.000136,0.000136
ACTTATTTATGTGCCA-1,0.000141,0.000141,0.191605,0.065155,0.37834,0.364333,0.000141,0.000141
ACTTCAGGCTGATCCC-1,0.000056,0.284711,0.338878,0.175662,0.029516,0.126779,0.000056,0.044343
ACTTCCAGTGGAAGCT-1,0.00009,0.00009,0.011074,0.00009,0.723464,0.265011,0.00009,0.00009
ACTTCCATGCGGGACA-1,0.000119,0.000119,0.000237,0.000119,0.66725,0.274303,0.000118,0.057736
ACTTCGCTAGCGAGTG-1,0.001123,0.304262,0.002246,0.28673,0.402271,0.001123,0.001122,0.001123
ACTTGCCATATTGTAC-1,0.000246,0.118984,0.000492,0.065299,0.598561,0.215926,0.000246,0.000246
ACTTGGGACCCGGTGG-1,0.000046,0.000084,0.656988,0.050453,0.083355,0.208984,0.000046,0.000046
ACTTGTAGTCCCTTCA-1,0.000097,0.000097,0.016065,0.478252,0.367751,0.137545,0.000097,0.000097
ACTTGTGGATGGAACG-1,0.000911,0.000911,0.20427,0.367833,0.276596,0.147656,0.000911,0.000911
ACTTTACCCTCATGAA-1,0.001659,0.00166,0.17647,0.504628,0.310606,0.00166,0.001658,0.001659
ACTTTCCTATAGCTTC-1,0.000089,0.08996,0.091751,0.385057,0.048608,0.37281,0.000089,0.011635
ACTTTGACTGCATCCT-1,0.000351,0.000351,0.000702,0.048665,0.701073,0.248158,0.000351,0.000351
ACTTTGTCGACGCACT-1,0.000104,0.000104,0.000208,0.355531,0.310606,0.333239,0.000104,0.000104
AGAAATTATGACTCGC-1,0.019689,0.064983,0.016186,0.21843,0.283403,0.363376,0.000269,0.033664
AGAACCCAGCGTGACA-1,0.000124,0.000124,0.000248,0.12921,0.660639,0.209405,0.000124,0.000124
AGAACCCTCAATTGGG-1,0.045346,0.210616,0.000648,0.205843,0.407273,0.129626,0.000324,0.000324
AGAAGAGCGCCGTTCC-1,0.000958,0.000958,0.001917,0.075452,0.000959,0.91784,0.000958,0.000959
AGAAGGTACACTTCAC-1,0.000046,0.000046,0.105446,0.032611,0.729197,0.132561,0.000046,0.000046
AGAAGGTTGCCGAATT-1,0.000112,0.135295,0.000223,0.190486,0.118084,0.508807,0.000111,0.046882
AGAAGGTTGTAGGTCG-1,0.000311,0.000311,0.000621,0.467263,0.167621,0.302174,0.00031,0.061389
AGAAGTGATTCGTGAT-1,0.000159,0.00016,0.080634,0.723045,0.195524,0.00016,0.000159,0.00016
AGAATAAATCTTCAGG-1,0.006478,0.000197,0.000394,0.218353,0.510377,0.263808,0.000197,0.000197
AGAATGCGGGTTCGGA-1,0.000065,0.09006,0.00013,0.217264,0.019088,0.648504,0.000065,0.024823
AGAATTATGGATTCGA-1,0.011691,0.016541,0.555167,0.063193,0.025148,0.296819,0.000031,0.03141
