Barcode,Topic 1,Topic 2to3,Topic 4to5,Topic 6,Topic 7
AAACAAGTATCTCCCA-1,0.001766,0.411537,0.323399,0.001764,0.261534
AAACAGCTTTCAGAAG-1,0.000189,0.057379,0.942056,0.000187,0.000188
AAACAGGGTCTATATT-1,0.770928,0.100579,0.128234,0.000129,0.00013
AAACATTTCCCGGATT-1,0.007946,0.015948,0.960196,0.007937,0.007974
AAACCCGAACGAAATC-1,0.00196,0.300554,0.601894,0.001957,0.093635
AAACCGGAAATGTTAA-1,0.001907,0.003824,0.990452,0.001905,0.001913
AAACCGGGTAGGTACC-1,0.032064,0.328675,0.393469,0.000298,0.245494
AAACCTAAGCAGCCGG-1,0.02441,0.005127,0.840511,0.002551,0.127401
AAACCTCATGAAGTTG-1,0.085543,0.431506,0.479327,0.001143,0.002482
AAACGAAGAACATACC-1,0.02573,0.00611,0.962066,0.00304,0.003054
AAACGAGACGGTTGAT-1,0.000132,0.123493,0.021893,0.000131,0.854351
AAACGGGCGTACGGGT-1,0.006501,0.013032,0.967461,0.006494,0.006512
AAACGGTTGCGAACTG-1,0.002235,0.004484,0.988807,0.002232,0.002242
AAACTCGGTTCGCAAT-1,0.002861,0.514825,0.476589,0.002857,0.002868
AAACTGCTGGCTCCAA-1,0.000441,0.24203,0.406081,0.000441,0.351007
AAACTTGCAAACGTAT-1,0.514105,0.156987,0.328484,0.000211,0.000212
AAAGACCCAAGTCGCG-1,0.002271,0.616266,0.376918,0.002268,0.002277
AAAGACTGGGCGCTTT-1,0.003996,0.154097,0.841423,0.000241,0.000242
AAAGCTTGCCTACATA-1,0.194806,0.249934,0.517128,0.000498,0.037634
AAAGGCTACGGACCAT-1,0.000383,0.000765,0.875033,0.000381,0.123438
AAAGGCTCTCGCGCCG-1,0.000785,0.097953,0.612578,0.000776,0.287908
AAAGGGATGTAGCAAG-1,0.001244,0.432875,0.494031,0.001242,0.070608
AAAGGGCAGCTTGAAT-1,0.005958,0.011969,0.970144,0.005953,0.005976
AAAGTAGCATTGCTCA-1,0.004616,0.009262,0.976876,0.004608,0.004638
AAAGTCACTGATGTAA-1,0.008014,0.003054,0.985885,0.00152,0.001527
AAAGTCGACCCTCAGT-1,0.001266,0.440866,0.343457,0.001264,0.213147
AAAGTGCCATCAATTA-1,0.005109,0.236397,0.666028,0.005102,0.087364
AAAGTGTGATTTATCT-1,0.006293,0.5286,0.352155,0.000233,0.112719
AAAGTTGACTCCCGTA-1,0.000348,0.858729,0.071062,0.000348,0.069514
AAATAAGGTAGTGCCC-1,0.920727,0.000377,0.078521,0.000187,0.000188
AAATACCTATAAGCAT-1,0.000698,0.167491,0.604919,0.00069,0.226203
AAATAGCTTAGACTTT-1,0.080375,0.16537,0.703345,0.00105,0.04986
AAATAGGGTGCTATTG-1,0.001384,0.926827,0.049939,0.000111,0.021739
AAATCCGATACACGCC-1,0.00062,0.611715,0.386441,0.000611,0.000613
AAATCTAGCCCTGCTA-1,0.001324,0.506247,0.489778,0.001323,0.001328
AAATGCTCGTTACGTT-1,0.000187,0.352184,0.597491,0.000186,0.049952
AAATGGCATGTCTTGT-1,0.001538,0.003084,0.241727,0.001536,0.752116
AAATGGCCCGTGCCCT-1,0.000509,0.358587,0.639896,0.000503,0.000505
AAATGGTCAATGTGCC-1,0.000309,0.165271,0.474193,0.000308,0.35992
AAATGTATCTTATCCC-1,0.000258,0.108271,0.890955,0.000257,0.000259
AAATTAACGGGTAGCT-1,0.000104,0.183822,0.000209,0.000104,0.815761
AAATTAATAAGCGCGA-1,0.000146,0.195068,0.784865,0.000145,0.019777
AAATTACCTATCGATG-1,0.660537,0.080369,0.189854,0.000193,0.069046
AAATTCCAGGTCCAAA-1,0.001959,0.143175,0.652156,0.001957,0.200753
AAATTGATAGTCCTTT-1,0.017918,0.201325,0.586948,0.000144,0.193665
AAATTTGCGGGTGTGG-1,0.048967,0.234457,0.56079,0.000203,0.155584
AACAACTGGTAGTTGC-1,0.000299,0.878752,0.120351,0.000298,0.0003
AACAATTACTCTACGC-1,0.002648,0.230654,0.761395,0.002646,0.002657
AACACACGCTCGCCGC-1,0.000603,0.451859,0.546345,0.000595,0.000598
AACACGACTGTACTGA-1,0.007152,0.212708,0.765818,0.007143,0.00718
AACACGAGACGCGGCC-1,0.184427,0.458701,0.356474,0.000198,0.000199
AACACGCGGCCGCGAA-1,0.028823,0.141902,0.827709,0.000781,0.000784
AACAGGAAATCGAATA-1,0.00793,0.002812,0.755978,0.001401,0.231879
AACAGGATGGGCCGCG-1,0.112619,0.578374,0.305515,0.001742,0.00175
AACAGGTAGTATGGAT-1,0.011,0.646109,0.320862,0.010989,0.01104
AACATTGTGACTCGAG-1,0.008026,0.00299,0.985138,0.001488,0.002358
AACCAAGACTTCTCTG-1,0.430618,0.297323,0.225664,0.000632,0.045762
AACCATGGGATCGCTA-1,0.001375,0.168631,0.82724,0.001374,0.00138
AACCCAGAGACGGAGA-1,0.004333,0.489071,0.497911,0.004329,0.004356
AACCCGAGCAGAATCG-1,0.048434,0.011476,0.928637,0.005714,0.005739
AACCCTACTGTCAATA-1,0.000405,0.522727,0.380305,0.000401,0.096163
AACCCTGGTGGAACCA-1,0.023037,0.001761,0.716785,0.000876,0.25754
AACCGAGCTTGGTCAT-1,0.000527,0.001055,0.323198,0.000525,0.674694
AACCGCTAAGGGATGC-1,0.00022,0.777663,0.214521,0.000218,0.007378
AACCGTTGTGTTTGCT-1,0.002135,0.004284,0.863116,0.002132,0.128333
AACCTCGCTTTAGCCC-1,0.005965,0.011974,0.970133,0.005952,0.005976
AACCTGTCACGGAATT-1,0.018752,0.241375,0.618277,0.002695,0.1189
AACCTTTAAATACGGT-1,0.002183,0.875967,0.00021,0.000105,0.121536
AACGATAATGCCGTAG-1,0.000122,0.959038,0.040595,0.000122,0.000123
AACGATAGAAGGGCCG-1,0.000563,0.814475,0.183835,0.000562,0.000565
AACGCGAACGGCAACA-1,0.18696,0.210523,0.602382,0.000068,0.000068
AACGCGACCTTGGGCG-1,0.012691,0.442492,0.498596,0.000543,0.045678
AACGCGGTCTCCAGCC-1,0.000878,0.134515,0.862851,0.000876,0.00088
AACGCTGTTGCTGAAA-1,0.00596,0.011959,0.970138,0.005953,0.005991
AACGGACGTACGTATA-1,0.000254,0.413669,0.481682,0.000252,0.104144
AACGGCCATCTCCGGT-1,0.033803,0.001282,0.630234,0.000638,0.334044
AACGTCAGACTAGTGG-1,0.000463,0.788862,0.209748,0.000462,0.000464
AACGTGCGAAAGTCTC-1,0.014053,0.000381,0.288535,0.000189,0.696842
AACGTTATCAGCACCT-1,0.002119,0.160613,0.836898,0.000184,0.000185
AACTACCCGTTTGTCA-1,0.003576,0.007173,0.681887,0.003571,0.303792
AACTAGCGTATCGCAC-1,0.000761,0.221214,0.195638,0.00076,0.581627
AACTAGGCTTGGGTGT-1,0.000528,0.344635,0.476954,0.000525,0.177358
AACTCAAGTTAATTGC-1,0.047308,0.407168,0.541805,0.001221,0.002497
AACTCCAGAGCGTGTT-1,0.000389,0.00078,0.998054,0.000388,0.00039
AACTCGATGGCGCAGT-1,0.000312,0.000626,0.998436,0.000312,0.000313
AACTGAGTTATACTGA-1,0.006501,0.013048,0.847741,0.006494,0.126215
AACTGATATTAGGCCT-1,0.001723,0.121786,0.873039,0.001721,0.001731
AACTGGGTCCCGACGT-1,0.000409,0.002028,0.616773,0.000408,0.380382
AACTGGTGTGGGCCTT-1,0.005721,0.510169,0.472653,0.005714,0.005743
AACTTCTGCGTCTATC-1,0.000279,0.096437,0.870728,0.000278,0.032277
AACTTGCCCGTATGCA-1,0.013142,0.555242,0.428753,0.001429,0.001434
AACTTGCGTTCTCGCG-1,0.000313,0.000628,0.998432,0.000313,0.000314
AACTTTACGGGAGCTT-1,0.000248,0.218806,0.712837,0.000248,0.06786
AACTTTAGCTGCTGAG-1,0.007151,0.014357,0.964166,0.007143,0.007184
AAGAAGGATCAGTTAG-1,0.001296,0.077203,0.918944,0.001276,0.001281
AAGACATACGTGGTTT-1,0.00311,0.006241,0.788678,0.003106,0.198865
AAGACCCAACTGAACA-1,0.000373,0.000745,0.823645,0.000371,0.174867
AAGAGATGAATCGGTA-1,0.005298,0.01063,0.97346,0.005291,0.00532
AAGAGCTCTTTATCGG-1,0.000056,0.035065,0.000112,0.000056,0.964712
AAGAGGATGTACGCGA-1,0.060308,0.748356,0.168024,0.000122,0.02319
AAGAGGCATGGATCGC-1,0.000301,0.000601,0.394744,0.000299,0.604054
AAGAGGCCCTTTGGAA-1,0.004469,0.008969,0.645549,0.004464,0.336549
AAGATTGGCGGAACGT-1,0.030858,0.000914,0.726419,0.000455,0.241355
AAGCACCCTGCGTATC-1,0.000592,0.493023,0.505211,0.000585,0.000588
AAGCATACTCTCCTGA-1,0.000345,0.368693,0.394032,0.000343,0.236586
AAGCCGAAGCGGTTTA-1,0.00298,0.273223,0.418678,0.002976,0.302143
AAGCCGGAGAGCAGGA-1,0.002918,0.359308,0.631931,0.002916,0.002927
AAGCGCAGGGCTTTGA-1,0.011001,0.699733,0.267258,0.010989,0.011019
AAGCGTCCCTCATCGA-1,0.03065,0.001186,0.96698,0.00059,0.000593
AAGCTAGATCGAGTAA-1,0.000416,0.339943,0.426236,0.000414,0.232991
AAGCTCTTTCATGGTG-1,0.012334,0.649959,0.334786,0.001458,0.001464
AAGGAGAACTTATAAG-1,0.001084,0.002204,0.994543,0.001082,0.001087
AAGGAGCGGTTGGTGC-1,0.005765,0.58093,0.41179,0.000756,0.000759
AAGGATCGATCGCTTG-1,0.126107,0.126707,0.523127,0.000281,0.223778
AAGGATGAGGGACCTC-1,0.029289,0.029369,0.565123,0.00034,0.37588
AAGGCAGGCTGTCTCC-1,0.001811,0.881948,0.112617,0.001808,0.001816
AAGGCGCGTAAAGCTT-1,0.000239,0.786006,0.196714,0.000239,0.016803
AAGGCTGTGCTCATCG-1,0.001015,0.461652,0.401893,0.001013,0.134428
AAGGGACAGATTCTGT-1,0.351612,0.000639,0.435717,0.000318,0.211714
AAGGTGATAAACCAGC-1,0.000191,0.887179,0.031273,0.000189,0.081167
AAGTAGAAGACCGGGT-1,0.000154,0.919849,0.07969,0.000153,0.000154
AAGTAGTGACGCGAGG-1,0.012389,0.445999,0.287758,0.000529,0.253324
AAGTCAATTGTCGTCA-1,0.041717,0.323455,0.633039,0.000893,0.000897
AAGTCTTCTGTGGCCT-1,0.001626,0.209729,0.785391,0.001623,0.001631
AAGTGACGACCGAATT-1,0.094487,0.44904,0.31445,0.000186,0.141837
AAGTGAGTCGGGTTTA-1,0.000392,0.000781,0.709302,0.000389,0.289135
AAGTGCAAAGGTAGAC-1,0.009289,0.004243,0.932155,0.000285,0.054028
AAGTGCCTTGACTGTA-1,0.000935,0.911589,0.085606,0.000934,0.000936
AAGTGCGTTAGAATCT-1,0.047716,0.483776,0.463481,0.002506,0.00252
AAGTGTTTGGAGACGG-1,0.190756,0.808567,0.000339,0.000169,0.00017
AAGTTCACTCCAAGCT-1,0.000403,0.497193,0.501602,0.0004,0.000402
AAGTTCGGCCAACAGG-1,0.008183,0.209221,0.528667,0.000714,0.253215
AAGTTGTGATGTTATA-1,0.030759,0.007,0.705013,0.003484,0.253743
AAGTTTACTAATGGCA-1,0.004334,0.008693,0.778878,0.004329,0.203765
AAGTTTATGGGCCCAA-1,0.003973,0.007978,0.980095,0.003968,0.003986
AATAACAACGCTCGGC-1,0.000905,0.609404,0.334422,0.000904,0.054364
AATAATCTTCGTATCG-1,0.00572,0.011477,0.971359,0.005714,0.005729
AATACAATGTTTCAGG-1,0.000303,0.000608,0.879706,0.000303,0.11908
AATAGAATCTGTTTCA-1,0.000056,0.999723,0.000111,0.000055,0.000056
AATAGTCCGTCCCGAC-1,0.001283,0.002539,0.651991,0.001264,0.342922
AATAGTCGCGAGTCGG-1,0.000127,0.131496,0.855786,0.000127,0.012464
AATATCAAGGTCGGAT-1,0.005499,0.243338,0.740145,0.005495,0.005522
AATATCCTAGCAAACT-1,0.000218,0.161172,0.820772,0.000216,0.017623
AATATCGAATCAATGC-1,0.004617,0.190971,0.803404,0.000503,0.000505
AATATTGGAGTATTGA-1,0.073493,0.07755,0.843448,0.002747,0.002762
AATCATGTAAAGACTC-1,0.0022,0.161633,0.831763,0.002198,0.002206
AATCCAAGGGCCTGAG-1,0.002135,0.250235,0.743355,0.002132,0.002143
AATCCATGCAAGGGTG-1,0.002894,0.000266,0.897625,0.000132,0.099082
AATCGCCTCAGCGCCA-1,0.000272,0.283914,0.367189,0.000272,0.348352
AATCGCGCAGAGGACT-1,0.046377,0.00495,0.741827,0.002463,0.204383
AATCGGGACACTACGA-1,0.001337,0.253124,0.552802,0.001335,0.191402
AATCGTGAGCCGAGCA-1,0.00311,0.984427,0.00624,0.003106,0.003118
AATCTAGGTTTACTTG-1,0.002751,0.005522,0.986219,0.002747,0.00276
AATCTATGCCGGAGCC-1,0.031387,0.393438,0.571639,0.001764,0.001772
AATCTCTACTGTGGTT-1,0.0065,0.013042,0.967451,0.006494,0.006514
AATCTGCGTTGGGACG-1,0.01668,0.412792,0.455289,0.000289,0.114951
AATCTGGCTTTCTAGT-1,0.005959,0.54997,0.43214,0.005952,0.005978
AATGACAGCAATGTCT-1,0.082161,0.095886,0.821181,0.000385,0.000387
AATGACGTAGGATGTC-1,0.009669,0.44181,0.440957,0.000322,0.107241
AATGACTGTCAGCCGG-1,0.000209,0.810542,0.131205,0.000208,0.057836
AATGAGTTCGCATATG-1,0.000269,0.094242,0.828891,0.000268,0.07633
AATGATGATACGCTAT-1,0.01472,0.000867,0.449412,0.000432,0.534569
AATGCAACCGGGTACC-1,0.000656,0.204949,0.745612,0.000655,0.048127
AATGCACCAAGCAATG-1,0.01341,0.001739,0.767971,0.000866,0.216014
AATGGTCCACCGTTCA-1,0.000325,0.024598,0.849199,0.000325,0.125553
AATGGTTCTCACAAGC-1,0.007947,0.298374,0.677766,0.007937,0.007976
AATGTGCCCGAGGTGT-1,0.005749,0.17466,0.756019,0.00011,0.063462
AATGTTGTCGTGAGAC-1,0.0055,0.313631,0.01104,0.005495,0.664334
AATTAAAGGTCGGCGT-1,0.003616,0.000182,0.000182,0.000091,0.995929
AATTAACGGATTTCCA-1,0.000799,0.081262,0.916339,0.000798,0.000802
AATTAGCGCTGCAGCG-1,0.01525,0.001414,0.621295,0.000704,0.361338
AATTCATAAGGGATCT-1,0.091554,0.001525,0.514488,0.00076,0.391673
AATTCCAAGCATGTAC-1,0.00596,0.011972,0.970135,0.005952,0.005981
AATTCGATTCGAGGAT-1,0.145304,0.239447,0.554169,0.001764,0.059315
AATTCTAGAGTTAGGC-1,0.001683,0.003377,0.739724,0.001681,0.253535
AATTGAACGCTCTGGT-1,0.000227,0.822908,0.174164,0.000226,0.002475
AATTGCAGCAATCGAC-1,0.0065,0.013029,0.967452,0.006494,0.006527
AATTGTGGTTGCCAAA-1,0.011002,0.022088,0.944885,0.010989,0.011036
AATTTGGTTCCAAAGA-1,0.009538,0.019115,0.952254,0.009524,0.009569
ACAAAGAAGGTAGGCC-1,0.007349,0.264226,0.7282,0.000112,0.000112
ACAAAGCATGACCTAG-1,0.00286,0.005739,0.985671,0.002857,0.002872
ACAAATCGCACCGAAT-1,0.000168,0.887952,0.111543,0.000168,0.000169
ACAAATGGTAGTGTTT-1,0.002104,0.518306,0.475379,0.002101,0.002111
ACAACGGTCCCTGCGA-1,0.002201,0.660228,0.333164,0.002198,0.002209
ACAAGCAGTGCCTAGC-1,0.002167,0.004349,0.989147,0.002165,0.002173
ACAAGCTATATGGAAG-1,0.001349,0.002707,0.993241,0.001348,0.001354
ACAAGGAAATCCGCCC-1,0.000211,0.736257,0.215934,0.00021,0.047387
ACAAGGACAAGAGGTT-1,0.000217,0.704144,0.195651,0.000216,0.099771
ACAAGGATGCTTTAGG-1,0.009412,0.334394,0.607165,0.000342,0.048687
ACAAGGGCAGGCTCTG-1,0.000378,0.264606,0.514046,0.000376,0.220595
ACAATAGTCGTACGTT-1,0.043482,0.400182,0.475491,0.000205,0.08064
ACAATCCATTTAAACC-1,0.000354,0.619756,0.252143,0.000352,0.127396
ACAATTGTGTCTCTTT-1,0.005722,0.477633,0.505196,0.005714,0.005736
ACAATTTAGGAGGCTC-1,0.015571,0.062156,0.920402,0.000934,0.000938
ACAATTTGGCCATATT-1,0.004086,0.008196,0.831658,0.004082,0.151978
ACACAAAGACGGGTGG-1,0.000473,0.347988,0.650603,0.000467,0.000469
ACACACCAGGACCAGT-1,0.006364,0.824198,0.169099,0.000169,0.00017
ACACACTTTCTACACG-1,0.008959,0.001434,0.904143,0.000714,0.08475
ACACCACATAATTAGC-1,0.472142,0.042365,0.484039,0.000725,0.000729
ACACCCAGCATGCAGC-1,0.000163,0.717074,0.119285,0.000162,0.163316
ACACCCGAGAAATCCG-1,0.020831,0.616357,0.282192,0.001143,0.079477
ACACCGAGCGCTCTTT-1,0.000099,0.060456,0.930119,0.000099,0.009227
ACACCTTAAGTAGGGC-1,0.006346,0.686268,0.306533,0.000425,0.000427
ACACCTTACTACTTGC-1,0.005298,0.372413,0.611673,0.005291,0.005324
ACACGGGAACTTAGGG-1,0.034213,0.001495,0.457096,0.000744,0.506452
ACACGTAGGCCACAAG-1,0.003764,0.007553,0.981147,0.003759,0.003776
ACACTCCAATGTCACT-1,0.000276,0.000553,0.804054,0.000275,0.194842
ACACTGATCAAGGTGT-1,0.005829,0.000767,0.573575,0.000382,0.419447
ACACTGGGACAGTCGT-1,0.006812,0.01367,0.965886,0.006803,0.006829
ACAGAACTGAGAACAA-1,0.002861,0.127313,0.864102,0.002857,0.002867
ACAGATTAGGTTAGTG-1,0.00596,0.011962,0.970155,0.005952,0.005971
ACAGCATAGAGCCAGT-1,0.009541,0.019129,0.952198,0.009524,0.009607
ACAGCGACATTCTCAT-1,0.001788,0.003588,0.991045,0.001786,0.001794
ACAGGCACGGATCCTT-1,0.006219,0.012473,0.968852,0.006211,0.006245
ACAGGCTTGCCCGACT-1,0.000387,0.603232,0.395613,0.000383,0.000385
ACAGGTGTGTTGTTGC-1,0.002699,0.51602,0.475877,0.002695,0.002709
ACAGTAATACAACTTG-1,0.454849,0.133682,0.411105,0.000182,0.000182
ACATAATAAGGCGGTG-1,0.000586,0.108956,0.748335,0.000585,0.141537
ACATCAGCTGGGACGC-1,0.004088,0.008202,0.979524,0.004082,0.004104
ACATCCCGGCCATACG-1,0.000818,0.279422,0.331235,0.000812,0.387714
ACATCCTGGTAACTGT-1,0.148521,0.37521,0.358047,0.000273,0.117949
ACATCGGTCAGCCGCG-1,0.09604,0.226433,0.361134,0.000271,0.316121
ACATCGTATGCAATGG-1,0.002386,0.862905,0.065515,0.000117,0.069076
ACATGGCGCCAAAGTA-1,0.354278,0.181475,0.411685,0.001361,0.051201
ACATTAGTTTATATCC-1,0.020295,0.00156,0.6838,0.000776,0.293568
ACCAACCGCACTCCAC-1,0.02402,0.005415,0.965163,0.002695,0.002707
ACCAACGCTTATTTAT-1,0.001744,0.003494,0.110478,0.001742,0.882541
ACCAAGAACGCGTGTC-1,0.000503,0.6835,0.315003,0.000496,0.000498
ACCAAGTCATCGGCAG-1,0.023586,0.002392,0.971635,0.001191,0.001197
ACCAATATGCAAGTTA-1,0.000111,0.819065,0.099376,0.000111,0.081336
ACCACAAGTTTCTATC-1,0.000402,0.110852,0.641566,0.000401,0.246779
ACCACCAATGTAACAA-1,0.000364,0.294346,0.461998,0.000363,0.242929
ACCACGTGCAGCTATA-1,0.00581,0.50261,0.393831,0.00022,0.097529
ACCAGACCATAACAAC-1,0.002073,0.004162,0.989615,0.00207,0.00208
ACCAGGAGTGTGATCT-1,0.042092,0.004482,0.948951,0.002232,0.002243
ACCAGTGCGGGAGACG-1,0.000291,0.750381,0.248748,0.00029,0.000291
ACCATATCCGCAATAA-1,0.016827,0.000834,0.509639,0.000415,0.472285
ACCATCCGCCAACTAG-1,0.005913,0.030086,0.902019,0.000156,0.061826
ACCATCGTATATGGTA-1,0.018256,0.001143,0.492639,0.000569,0.487392
ACCATTAAGGGTGTCA-1,0.000601,0.001206,0.996989,0.0006,0.000603
ACCCAACGCCCGTGGC-1,0.019553,0.053036,0.579175,0.000257,0.347979
ACCCACCTACATGCTC-1,0.008941,0.01793,0.521593,0.008929,0.442607
ACCCATCTTGAGGGTA-1,0.00706,0.332935,0.540357,0.000401,0.119246
ACCCATTTGTCCCTCT-1,0.002466,0.00495,0.601277,0.002463,0.388844
ACCCGGAAACTCCCAG-1,0.000795,0.001594,0.933202,0.000794,0.063616
ACCCGGAGCACCACAA-1,0.005722,0.011493,0.971324,0.005714,0.005747
ACCCGGATGACGCATC-1,0.252722,0.433705,0.267099,0.000334,0.046141
ACCCGGTTACACTTCC-1,0.018967,0.079479,0.066634,0.000164,0.834755
ACCCGTAGTCTAGTTG-1,0.016622,0.037877,0.776646,0.000512,0.168344
ACCCGTGTCATCAGTA-1,0.001703,0.045101,0.834885,0.001701,0.116611
ACCCTATAGGACTGAG-1,0.000401,0.000801,0.997998,0.000399,0.000401
ACCCTCCCGTCAGGGC-1,0.016452,0.00368,0.976196,0.001832,0.001841
ACCCTCCCTTGCTATT-1,0.00027,0.82239,0.114207,0.00027,0.062863
ACCCTTCATCTGCGAA-1,0.000668,0.001335,0.996665,0.000664,0.000668
ACCGAAAGGGCCCTGC-1,0.00596,0.011955,0.970147,0.005952,0.005986
ACCGACACATCTCCCA-1,0.000817,0.00164,0.862435,0.000816,0.134291
ACCGACTGAGTCCCAC-1,0.000361,0.000723,0.154722,0.00036,0.843834
ACCGAGTCTCCTTATT-1,0.003326,0.335088,0.654928,0.003322,0.003336
ACCGATAGGCATAACC-1,0.004613,0.009259,0.976892,0.004608,0.004627
ACCGATATTTAATCAT-1,0.007154,0.539207,0.439311,0.007143,0.007185
ACCGCAATAACTGCCT-1,0.000185,0.751635,0.147414,0.000183,0.100583
ACCGCGGTGGAAGTCG-1,0.002466,0.759993,0.232605,0.002463,0.002473
ACCGGGCCTTTGTTGA-1,0.035972,0.399545,0.485744,0.000547,0.078192
ACCTAAGTACCTTTCA-1,0.069848,0.168704,0.723877,0.000258,0.037312
ACCTAATCGACTTCCT-1,0.001987,0.912819,0.003988,0.001984,0.079222
ACCTACAGTATGTGGT-1,0.002466,0.657105,0.165674,0.002463,0.172292
ACCTACTATAAATCTA-1,0.035709,0.446278,0.435639,0.001984,0.08039
ACCTCCGCCCTCGCTG-1,0.007944,0.015957,0.635802,0.007937,0.33236
ACCTCCGTTATTCACC-1,0.332967,0.193769,0.314807,0.00059,0.157867
ACCTGCGTGTCATGTT-1,0.906703,0.030471,0.058524,0.000138,0.004164
ACGAAATGGGCGGCAC-1,0.001242,0.104748,0.777305,0.001232,0.115473
ACGACCCATGAGTTGC-1,0.003866,0.248269,0.740127,0.003861,0.003877
ACGAGAACCCATCACG-1,0.145862,0.003932,0.668279,0.001957,0.17997
ACGAGGATACCACTCT-1,0.002804,0.566352,0.425227,0.002801,0.002815
ACGATACCTATCCTGA-1,0.000175,0.167112,0.832365,0.000174,0.000175
ACGATCATACATAGAG-1,0.000748,0.122836,0.417758,0.000744,0.457914
ACGATCATCTTGTAAA-1,0.027522,0.735613,0.121744,0.00019,0.11493
ACGATGCATATGTTAT-1,0.015936,0.227863,0.725107,0.000588,0.030506
ACGATGGATCCGATGC-1,0.024677,0.003019,0.326055,0.001504,0.644745
ACGCAAACTAATAGAT-1,0.010379,0.000625,0.57211,0.000311,0.416576
ACGCATACGTTTACTA-1,0.002918,0.005855,0.985386,0.002915,0.002926
ACGCATTCGTGAGTAC-1,0.009804,0.02574,0.000203,0.000101,0.964152
ACGCCAGATGATTTCT-1,0.018475,0.152626,0.419762,0.000764,0.408373
ACGCCGCTAGACGACC-1,0.006775,0.177009,0.347378,0.000613,0.468225
ACGCGAAGTCAGACGA-1,0.008903,0.001678,0.550189,0.000835,0.438394
ACGCGCTACACAGGGT-1,0.051555,0.261905,0.685743,0.000398,0.0004
ACGCGTTTCTTAAGAG-1,0.000206,0.25699,0.742391,0.000206,0.000207
ACGCTGTGAGGCGTAG-1,0.002699,0.483753,0.508146,0.002695,0.002706
ACGGAATTTAGCAAAT-1,0.000396,0.000786,0.998034,0.000391,0.000393
ACGGACTCTCAAAGCG-1,0.000466,0.622986,0.375616,0.000465,0.000467
ACGGATGGTGCGGATA-1,0.000354,0.707756,0.291181,0.000354,0.000355
ACGGCACTTGCTTGGG-1,0.001255,0.002517,0.867719,0.001253,0.127256
ACGGCCAACATGGACT-1,0.022056,0.089744,0.334789,0.000458,0.552953
ACGGCGACGATGGGAA-1,0.000072,0.948027,0.051759,0.000071,0.000072
ACGGGAGTGTCGGCCC-1,0.001212,0.517348,0.479012,0.001211,0.001217
ACGGGTCATGTGACTT-1,0.000118,0.001513,0.998135,0.000117,0.000118
ACGTACAGATTTCTCT-1,0.012997,0.257049,0.703936,0.012987,0.013031
ACGTAGGAGAGTCGCT-1,0.001389,0.002787,0.829873,0.001387,0.164564
ACGTATTACTCCGATC-1,0.002554,0.566312,0.426021,0.002551,0.002561
ACGTCTCGTTCCGGGA-1,0.000111,0.150185,0.849482,0.000111,0.000111
ACGTGACAAAGTAAGT-1,0.018977,0.282743,0.69762,0.000329,0.000331
ACGTGCGCCTCGTGCA-1,0.001858,0.332463,0.661961,0.001855,0.001864
ACGTTAATGTCGAAGA-1,0.00021,0.006781,0.291634,0.000209,0.701167
ACGTTAGATTTGCCCG-1,0.025775,0.048331,0.6656,0.000286,0.260007
ACGTTATTGGTCACTC-1,0.000289,0.000579,0.998554,0.000288,0.000289
ACGTTCCGCGCTCCGT-1,0.006218,0.012481,0.96886,0.006211,0.00623
ACGTTCGCAATCAATT-1,0.298844,0.142542,0.557708,0.000452,0.000454
ACGTTCTGTACAAGTC-1,0.004469,0.008965,0.977611,0.004464,0.00449
ACGTTTAGTTGTGATC-1,0.001202,0.15323,0.662097,0.00119,0.18228
ACTACCAGCTCTCTGG-1,0.000409,0.759473,0.2393,0.000408,0.00041
ACTACGCGTTAGAATT-1,0.000277,0.000553,0.770242,0.000275,0.228653
ACTAGTTGCGATCGTC-1,0.002235,0.567377,0.425909,0.002232,0.002247
ACTATCCAGGGCATGG-1,0.003577,0.438187,0.551078,0.003571,0.003586
ACTATCTGCCCGCGTA-1,0.005502,0.011028,0.836028,0.005495,0.141948
ACTATTCGTCCGTGGT-1,0.000474,0.815054,0.08379,0.000473,0.10021
ACTCAACGAATGTATT-1,0.001723,0.003458,0.835176,0.001721,0.157921
ACTCAAGTGCAAGGCT-1,0.006483,0.475627,0.516055,0.000916,0.000919
ACTCAATAAAGGCACG-1,0.000662,0.280904,0.219018,0.000661,0.498755
ACTCAGACCTGCTTCT-1,0.004334,0.008705,0.978289,0.004329,0.004343
ACTCCCATTCCTAAAG-1,0.268174,0.279628,0.381722,0.000194,0.070283
ACTCCCGAATTCGTTT-1,0.03073,0.30784,0.554236,0.000483,0.106711
ACTCCCTAATGCTAAA-1,0.001389,0.171299,0.73577,0.001387,0.090156
ACTCCCTAGAATAGTA-1,0.027457,0.40147,0.349226,0.000668,0.22118
ACTCCGGCCGACCACT-1,0.002601,0.209189,0.783003,0.002597,0.00261
ACTCGATGTATTTCAT-1,0.000302,0.000605,0.998489,0.000301,0.000303
ACTCGCCGTTCGATAA-1,0.003326,0.00667,0.781804,0.003322,0.204878
ACTCGCGATCTGACGC-1,0.007149,0.014342,0.964185,0.007143,0.007182
ACTCGTAACCCGTCCT-1,0.051744,0.926206,0.011042,0.005495,0.005514
ACTCGTCAGTAATCCC-1,0.019169,0.100521,0.000337,0.000168,0.879805
ACTCTAAACCTGGGAT-1,0.002847,0.313617,0.683238,0.000149,0.000149
ACTCTCTGACTTAGGT-1,0.006909,0.125142,0.747726,0.000493,0.11973
ACTCTGACCTAATAGA-1,0.002235,0.004481,0.988801,0.002232,0.00225
ACTCTTCAGCTCCCGC-1,0.013006,0.934837,0.026111,0.012987,0.013059
ACTGAAACGCCGTTAG-1,0.000577,0.208443,0.789826,0.000576,0.000578
ACTGAATGGCGAAAGT-1,0.000118,0.948285,0.028472,0.000118,0.023006
ACTGCCGTCGTAACTC-1,0.001959,0.093535,0.682427,0.001957,0.220122
ACTGCGGACACACCGT-1,0.022443,0.386632,0.588497,0.001211,0.001216
ACTGCTCGGAAGGATG-1,0.020714,0.411471,0.567412,0.000201,0.000202
ACTGTAGCACTTTGGA-1,0.002946,0.838193,0.133961,0.000178,0.024722
ACTGTATACGCGAGCA-1,0.001644,0.156689,0.667762,0.001642,0.172263
ACTGTCCAGGATTATA-1,0.000331,0.146861,0.545656,0.000329,0.306823
ACTGTCTTCTTTAGAA-1,0.000235,0.144233,0.244575,0.000234,0.610723
ACTGTGCTAGTAGATC-1,0.001788,0.141112,0.820848,0.001786,0.034466
ACTGTTTAGTGTAGGC-1,0.016249,0.065851,0.601104,0.000959,0.315837
ACTTACGCATCCACGC-1,0.000966,0.727749,0.269376,0.000952,0.000957
ACTTAGTACGACAAGA-1,0.003043,0.006102,0.434561,0.00304,0.553253
ACTTATACTTACCCGG-1,0.158725,0.005124,0.565074,0.002551,0.268525
ACTTATTAGGATCGGT-1,0.000203,0.1592,0.034632,0.000201,0.805765
ACTTATTTATGTGCCA-1,0.000563,0.483625,0.514684,0.000562,0.000565
ACTTCAGGCTGATCCC-1,0.000213,0.80797,0.109567,0.00021,0.08204
ACTTCCATGCGGGACA-1,0.004767,0.66253,0.323167,0.004762,0.004774
ACTTCGCTAGCGAGTG-1,0.026252,0.309955,0.658389,0.002696,0.002709
ACTTGACTCCCTCTTT-1,0.000458,0.211272,0.380945,0.000454,0.406872
ACTTGCCATATTGTAC-1,0.00681,0.013664,0.965899,0.006803,0.006824
ACTTGGGACCCGGTGG-1,0.000263,0.329309,0.486094,0.000261,0.184073
ACTTGTAGTCCCTTCA-1,0.003094,0.334982,0.566879,0.000122,0.094923
ACTTGTGGATGGAACG-1,0.013008,0.026091,0.934869,0.012987,0.013045
ACTTTACCCTCATGAA-1,0.13601,0.22579,0.386562,0.000302,0.251335
ACTTTCCTATAGCTTC-1,0.000578,0.299215,0.133725,0.000574,0.565909
ACTTTGACTGCATCCT-1,0.002699,0.986489,0.005412,0.002695,0.002705
ACTTTGTCGACGCACT-1,0.007943,0.015943,0.960219,0.007937,0.007958
AGAAATTATGACTCGC-1,0.009531,0.287637,0.683726,0.009524,0.009583
AGAACCCAGCGTGACA-1,0.006218,0.012478,0.968852,0.006211,0.00624
AGAAGAGCGCCGTTCC-1,0.008939,0.250129,0.723042,0.008929,0.008961
AGAAGGTACACTTCAC-1,0.018782,0.317373,0.624414,0.00021,0.039221
AGAAGGTTGCCGAATT-1,0.009746,0.138594,0.001477,0.000104,0.850079
AGAAGGTTGTAGGTCG-1,0.011566,0.546188,0.439544,0.001348,0.001353
AGAAGTGATTCGTGAT-1,0.090496,0.002142,0.905225,0.001066,0.001071
AGAATAAATCTTCAGG-1,0.003044,0.216357,0.774506,0.00304,0.003053
AGAATTGTTTGACATA-1,0.001625,0.009027,0.966111,0.000275,0.022963
AGACAGCTCAGAATCC-1,0.000222,0.000446,0.998888,0.000222,0.000223
AGACAGGCATCTCAGC-1,0.004469,0.652218,0.334371,0.004464,0.004478
AGACATAGATCCTTCC-1,0.011002,0.022079,0.944912,0.010989,0.011018
AGACCAAACCACACCT-1,0.029294,0.157564,0.813047,0.000047,0.000048
AGACCATGGGATACAA-1,0.001663,0.584652,0.410355,0.001661,0.001669
AGACCCACCGCTGATC-1,0.000941,0.052771,0.522199,0.00094,0.423149
AGACCCGCCCTCCTCG-1,0.000633,0.255712,0.581882,0.000632,0.161141
AGACCGCTCCGCGGTT-1,0.0143,0.24406,0.713013,0.014286,0.014341
AGACCGGGAAACCCTG-1,0.000375,0.208897,0.71554,0.000373,0.074814
AGACGAAGTGCCGGTC-1,0.003446,0.624142,0.371378,0.000516,0.000518
AGACGACGATGCCGCT-1,0.049005,0.000297,0.574885,0.000148,0.375664
AGACGCCCACTTCGCC-1,0.008421,0.957827,0.016893,0.008404,0.008456
AGACTAGCCTTCCAGA-1,0.000557,0.480003,0.453345,0.000556,0.06554
AGACTGTTACCGGGTC-1,0.061412,0.000957,0.691885,0.000476,0.24527
AGAGAACCGTCTAGGA-1,0.021698,0.000793,0.783085,0.000395,0.194029
AGAGATCTCTAAAGCG-1,0.000398,0.072404,0.926406,0.000395,0.000396
AGAGCAGTTATGAGAC-1,0.005502,0.011041,0.972437,0.005495,0.005526
AGAGCCGCCGAGATTT-1,0.008939,0.400759,0.572397,0.008929,0.008977
AGAGCGGGCTAATCAT-1,0.001959,0.00393,0.990189,0.001957,0.001965
AGAGCGTACAAGCTCG-1,0.002751,0.62299,0.368749,0.002747,0.002763
AGAGCTACGAAAGCAT-1,0.000114,0.003175,0.996483,0.000114,0.000114
AGAGGCTTCGGAAACC-1,0.004767,0.726312,0.259381,0.004762,0.004778
AGAGTAAACTTCACTA-1,0.002103,0.185577,0.80811,0.002101,0.002109
AGAGTATAGTGTTACG-1,0.369476,0.001047,0.628431,0.000521,0.000524
AGATAACTTCAGGGCC-1,0.004314,0.490534,0.397938,0.000341,0.106873
AGATACCAATAGAACC-1,0.008411,0.436916,0.537825,0.008404,0.008444
AGATACCGGTGTTCAC-1,0.208538,0.105967,0.625048,0.000327,0.060121
AGATACGACTTCATAT-1,0.006505,0.470948,0.509528,0.006494,0.006526
AGATACTCAAGATCGA-1,0.000093,0.999538,0.000185,0.000092,0.000092
AGATATAATACGACTA-1,0.003179,0.807728,0.182725,0.003175,0.003194
AGATCGTGCATAAGAT-1,0.002466,0.311709,0.267605,0.002463,0.415757
AGATGACTCGCCCACG-1,0.00043,0.569194,0.229924,0.000429,0.200024
AGATGATGGAGTCTGG-1,0.752166,0.071534,0.175825,0.000237,0.000238
AGATGCATCCTGTGTC-1,0.015946,0.348948,0.635019,0.000044,0.000044
AGATTATAGGACGTTT-1,0.002945,0.123228,0.221195,0.000177,0.652455
AGATTCACAACCGATA-1,0.001464,0.409855,0.588545,0.000068,0.000068
AGCAAAGGCCGCTAGT-1,0.000568,0.574053,0.337737,0.000567,0.087076
AGCAACATATCTTATT-1,0.005825,0.747501,0.22897,0.000188,0.017517
AGCAACCGAAAGTAAT-1,0.015207,0.234175,0.68297,0.00022,0.067428
AGCACCAGTACTCACG-1,0.017019,0.0007,0.307905,0.000348,0.674027
AGCACTACCGGCCTGT-1,0.002345,0.400109,0.592849,0.002342,0.002354
AGCACTACCTCACCAG-1,0.006408,0.650077,0.231771,0.000243,0.1115
AGCACTTAAGGACGCC-1,0.005612,0.872722,0.052987,0.000233,0.068446
AGCAGAAGGAGAAAGA-1,0.003407,0.00683,0.982941,0.003401,0.003421
AGCAGCCAGATGAATA-1,0.01182,0.151903,0.471236,0.00042,0.364621
AGCATATCAATATGCT-1,0.009719,0.605551,0.383458,0.000635,0.000637
AGCATCATTTCGAAAG-1,0.065466,0.290323,0.486013,0.00011,0.158088
AGCATCGTCGATAATT-1,0.000459,0.654896,0.193826,0.000455,0.150364
AGCATTACGAGGCAAG-1,0.003178,0.006376,0.682469,0.003175,0.304803
AGCCAAGCTTTGTGTC-1,0.000822,0.001649,0.699709,0.000821,0.296999
AGCCACAGGTTACCCG-1,0.000753,0.001511,0.996229,0.000752,0.000756
AGCCATATAGTATGTG-1,0.004334,0.551582,0.435405,0.004329,0.00435
AGCCCATACATGTAAG-1,0.197725,0.351912,0.346638,0.000146,0.103579
AGCCCGCAACAAGCAG-1,0.000959,0.24392,0.649043,0.000946,0.105132
AGCCCGGTAGCCTGTA-1,0.000402,0.000806,0.952754,0.000401,0.045637
AGCCCTAAGCGAAGTT-1,0.001059,0.002126,0.539273,0.001058,0.456484
AGCCCTGTCGCACCGT-1,0.002509,0.358063,0.634403,0.002506,0.002518
AGCCCTTGGACATCCC-1,0.026865,0.219379,0.74766,0.00304,0.003056
AGCCGCAAATTCAAAT-1,0.003179,0.006383,0.984074,0.003175,0.00319
AGCCGTGGCTAAATGT-1,0.007151,0.014357,0.96417,0.007143,0.007179
AGCCTAATACCCACGT-1,0.009463,0.44254,0.547646,0.000175,0.000175
AGCCTTAAAGCGGAAG-1,0.000262,0.000526,0.968593,0.000262,0.030358
AGCGACATCCCATTCA-1,0.000478,0.00096,0.40473,0.000478,0.593354
AGCGACCAACGATATT-1,0.078051,0.324813,0.407367,0.000552,0.189217
AGCGATGCGCCTAATA-1,0.011003,0.022071,0.944898,0.010989,0.011039
AGCGCATAATGAATCG-1,0.00022,0.000438,0.397851,0.000218,0.601273
AGCGCGGGTGCCAATG-1,0.162122,0.001044,0.595728,0.000519,0.240587
AGCGCTAGAGCGATGT-1,0.007527,0.015108,0.96228,0.007519,0.007565
AGCGGACACTTCGTAG-1,0.007946,0.960194,0.015956,0.007937,0.007967
AGCGGCGGTTAGCGGT-1,0.019232,0.349938,0.630618,0.000106,0.000106
AGCGGGAAGGGTCCAT-1,0.000905,0.794463,0.202819,0.000904,0.000908
AGCGGGTCTGACACTC-1,0.006221,0.594282,0.387044,0.006211,0.006241
AGCGTACGAGAGCTAG-1,0.008242,0.004056,0.98735,0.000176,0.000176
AGCGTCTGAACCCGCA-1,0.002307,0.206522,0.676566,0.002304,0.112301
AGCGTGGTATTCTACT-1,0.000832,0.348248,0.471921,0.000831,0.178169
AGCTAAGTACGCAGGC-1,0.003044,0.524448,0.466417,0.00304,0.003052
AGCTATTTAATCCAAC-1,0.000539,0.074454,0.519043,0.000535,0.405429
AGCTCCATATATGTTC-1,0.007152,0.014347,0.964182,0.007143,0.007176
AGCTCCTTCGCACATC-1,0.002388,0.758568,0.237468,0.000221,0.001355
AGCTCTAGACGTTCCA-1,0.000269,0.077649,0.531405,0.000267,0.390411
AGCTCTTCGTAACCTT-1,0.137294,0.248071,0.613225,0.000704,0.000707
AGCTCTTTACTCAGTT-1,0.004447,0.178051,0.044411,0.000117,0.772974
AGCTGTAACCTCAATC-1,0.00606,0.15093,0.842504,0.000252,0.000254
AGCTTATAGAGACCTG-1,0.003972,0.007975,0.980105,0.003968,0.00398
AGCTTCTTCTCGAGCA-1,0.059521,0.002095,0.609559,0.001043,0.327782
AGCTTGATCTTAACTT-1,0.039686,0.45024,0.37645,0.000491,0.133132
AGGAACGAACGACTTC-1,0.004932,0.009887,0.975303,0.004926,0.004952
AGGAAGCTGTCCGCCG-1,0.001192,0.002391,0.765278,0.00119,0.229948
AGGACAGTCGAATCCC-1,0.000309,0.472529,0.427426,0.000308,0.099429
AGGACATCGCACGTCG-1,0.004931,0.245397,0.739791,0.004926,0.004954
AGGACATCGGCACACT-1,0.001172,0.002353,0.824952,0.001171,0.170352
AGGACGACCCATTAGA-1,0.028648,0.001075,0.287679,0.000535,0.682063
AGGACTTATAGGAGAA-1,0.001703,0.003417,0.798881,0.001701,0.194298
AGGAGAGTCTGGCTAC-1,0.066176,0.028899,0.903369,0.000776,0.00078
AGGAGGCCTTCGCGCG-1,0.000691,0.340803,0.548226,0.00069,0.10959
AGGATAAAGTCGGGAT-1,0.012335,0.3206,0.533649,0.000438,0.132978
AGGATATAGGGATTTA-1,0.000836,0.453062,0.544427,0.000835,0.000839
AGGATCACGCGATCTG-1,0.03134,0.229122,0.735522,0.000145,0.003871
AGGATTGCTTACGACA-1,0.217512,0.005037,0.772423,0.002506,0.002521
AGGCACGTGACTGTCC-1,0.004334,0.008697,0.724434,0.004329,0.258206
AGGCAGGGAGCGTACT-1,0.000234,0.791022,0.052499,0.000233,0.156013
AGGCATTGTCGTAGGG-1,0.026525,0.421683,0.549064,0.001361,0.001367
AGGCCACATTGGTTAC-1,0.028632,0.607854,0.057437,0.028572,0.277504
AGGCCACCCGTTATGA-1,0.000212,0.810176,0.098833,0.00021,0.09057
AGGCCCAGTGACTGGT-1,0.000131,0.000262,0.648867,0.00013,0.35061
AGGCCCATTGTACAGG-1,0.049069,0.385053,0.56315,0.001361,0.001367
AGGCCCTAGAACGCCA-1,0.233276,0.122764,0.595985,0.000458,0.047517
AGGCCTGAGAATCTCG-1,0.000309,0.475038,0.524044,0.000304,0.000305
AGGCGATAACTGGCGT-1,0.002345,0.331284,0.413204,0.002342,0.250826
AGGCTATGGTTAGCTT-1,0.00286,0.230998,0.760412,0.002857,0.002873
AGGCTTGCTAGACACC-1,0.000365,0.000732,0.699952,0.000364,0.298587
AGGGACCGGCTGCGTT-1,0.008936,0.017928,0.955224,0.008929,0.008982
AGGGACTCTACGCGAC-1,0.00095,0.061115,0.363281,0.00094,0.573713
AGGGAGACATACTTCG-1,0.064363,0.288613,0.538785,0.000677,0.107561
AGGGCCCTAATGTTCT-1,0.006809,0.013673,0.965883,0.006803,0.006832
AGGGCGAGCAGCTGAT-1,0.569704,0.18055,0.24937,0.000187,0.000188
AGGGCGTGATCGGCTA-1,0.000841,0.629387,0.368087,0.00084,0.000844
AGGGTCGATGCGAACT-1,0.004328,0.82649,0.10458,0.000142,0.064461
AGGGTGCTCTCGAGGG-1,0.270587,0.124761,0.603792,0.000429,0.000431
AGGGTGGATAGTGCAT-1,0.000375,0.070844,0.928033,0.000373,0.000375
AGGGTTCCCTTTGGTT-1,0.000511,0.001021,0.828821,0.000508,0.169139
AGGGTTTAGTTCGGGA-1,0.000853,0.06499,0.459345,0.000845,0.473967
AGGTAACCTCCTATTC-1,0.003575,0.007178,0.982091,0.003571,0.003584
AGGTACGATATTGCCA-1,0.027206,0.00211,0.675112,0.00105,0.294522
AGGTAGGTACAAAGCT-1,0.004753,0.733948,0.194928,0.000359,0.066012
AGGTATAATTGATAGT-1,0.070713,0.134764,0.7916,0.001458,0.001465
AGGTATGCGGACATTA-1,0.005297,0.702576,0.281529,0.005291,0.005307
AGGTCAGGTGAGAGTG-1,0.070873,0.173437,0.668413,0.000225,0.087051
AGGTCGCCTCCCAACA-1,0.006223,0.106262,0.87507,0.006211,0.006233
AGGTGCACGTCCACAT-1,0.018594,0.002142,0.838002,0.001066,0.140196
AGGTGGTGACCTTCGC-1,0.000675,0.036472,0.961502,0.000674,0.000677
AGGTGTATCGCCATGA-1,0.013049,0.393865,0.592064,0.00051,0.000512
AGGTGTTGCCGACCAC-1,0.003044,0.006105,0.984757,0.00304,0.003054
AGGTTACACCATGCCG-1,0.014422,0.274534,0.707507,0.001764,0.001773
AGGTTGAGGCACGCTT-1,0.000516,0.001036,0.281755,0.000516,0.716177
AGGTTTCACACACCTT-1,0.000269,0.180907,0.00054,0.000269,0.818016
AGTAATGTCTTGCCGC-1,0.000698,0.0014,0.996505,0.000697,0.0007
AGTACAGAAGCTTATA-1,0.004766,0.009568,0.87371,0.004762,0.107194
AGTACATCATTTATCA-1,0.136825,0.408546,0.291923,0.000421,0.162284
AGTACGGCCCGTATCG-1,0.005108,0.691901,0.010255,0.005102,0.287634
AGTACTCTTATGCCCA-1,0.002384,0.441402,0.287598,0.002381,0.266235
AGTAGAAGGCGCCTCA-1,0.002425,0.235509,0.757213,0.002421,0.002431
AGTAGGTAACATACAT-1,0.001459,0.433092,0.562526,0.001458,0.001465
AGTATAATACTAGGCA-1,0.001663,0.541118,0.453888,0.001661,0.00167
AGTATACACAGCGACA-1,0.000263,0.106625,0.698723,0.000261,0.194129
AGTATTTGGCACGACC-1,0.002345,0.004707,0.554058,0.002342,0.436549
AGTCAACACCACCATC-1,0.016406,0.166644,0.210308,0.00015,0.606492
AGTCAAGATGACACTT-1,0.000217,0.678976,0.238684,0.000216,0.081906
AGTCACTAGCTCTCGA-1,0.001354,0.467075,0.528896,0.001335,0.001341
AGTCAGCCACCGCCTG-1,0.002554,0.005128,0.987204,0.002551,0.002563
AGTCCATTGGCTGATG-1,0.526548,0.260812,0.211936,0.000351,0.000353
AGTCGGCCCAAACGAC-1,0.000267,0.774372,0.221861,0.000266,0.003233
AGTCGGCTCAACTTTA-1,0.008534,0.003155,0.731625,0.00157,0.255116
AGTCGGTTGCGTGAGA-1,0.003326,0.245917,0.744097,0.003322,0.003338
AGTCGTATAAAGCAGA-1,0.011922,0.023907,0.940321,0.011905,0.011945
AGTCGTCGACCACCAA-1,0.001014,0.153287,0.843667,0.001013,0.001018
AGTCGTGGGCATTACG-1,0.043056,0.009251,0.938455,0.004608,0.00463
AGTCTAAAGTATACTC-1,0.034582,0.156375,0.695643,0.000349,0.11305
AGTCTCACAAGACTAC-1,0.022061,0.109571,0.751225,0.000147,0.116996
AGTCTGGACATCCTTG-1,0.000385,0.000773,0.986942,0.000385,0.011514
AGTCTTCTCCTCAAAT-1,0.010669,0.072582,0.559957,0.000772,0.35602
AGTCTTTAAAGTGTCC-1,0.008939,0.017917,0.955259,0.008929,0.008955
AGTGAACAAACTTCTC-1,0.012275,0.67558,0.223538,0.000756,0.08785
AGTGAGACTTCCAGTA-1,0.208438,0.232411,0.427219,0.000255,0.131678
AGTGAGTCGAATTAAC-1,0.007945,0.173402,0.80275,0.007937,0.007966
AGTGATAACCTGCGCG-1,0.000914,0.570191,0.427104,0.000893,0.000898
AGTGATTCAAGCAGGA-1,0.039252,0.148769,0.58663,0.00033,0.225019
AGTGCACGCTTAAGAA-1,0.085544,0.019141,0.876241,0.009524,0.00955
AGTGCTAAACACAGCA-1,0.000374,0.206997,0.791879,0.000374,0.000376
AGTGCTTGCACGAATA-1,0.00096,0.965831,0.031286,0.000959,0.000964
AGTGGCGGCAATTTGA-1,0.077469,0.001162,0.689676,0.000578,0.231114
AGTGGCGTCTGAAGGT-1,0.001233,0.446058,0.550243,0.001232,0.001235
AGTGGCTCCGTCGGCC-1,0.001723,0.841611,0.153215,0.001721,0.00173
AGTGGTGTTACCCGTG-1,0.043661,0.164121,0.791981,0.000118,0.000119
AGTGGTTGCGTATAGG-1,0.001789,0.392087,0.602546,0.001786,0.001793
AGTGTGCTAAGATCGC-1,0.000148,0.000294,0.957078,0.000147,0.042333
AGTGTGGTCTATTGTG-1,0.000832,0.164619,0.832885,0.000831,0.000834
AGTTAAACACTTGCGA-1,0.005617,0.335545,0.254736,0.00056,0.403541
AGTTAAGTCAACCGCT-1,0.01543,0.27263,0.685176,0.000934,0.02583
AGTTACCCTTAAGACT-1,0.000193,0.104728,0.835014,0.000193,0.059872
AGTTACCGCACATGGT-1,0.000213,0.000428,0.998931,0.000213,0.000214
AGTTCACCGGTTGGAC-1,0.000154,0.127529,0.872007,0.000154,0.000155
AGTTCCTACAGAATTA-1,0.000334,0.451407,0.386447,0.000333,0.161479
AGTTCCTATTTATGTT-1,0.006029,0.001167,0.52179,0.000581,0.470433
AGTTCTGCGTTGTATC-1,0.000347,0.222016,0.525977,0.000347,0.251313
AGTTGACATCGGCTGG-1,0.000288,0.000574,0.998565,0.000286,0.000287
AGTTGACGGTCCTTGC-1,0.002509,0.14497,0.732513,0.002506,0.117502
AGTTGCTGACTGATAT-1,0.000415,0.000826,0.997933,0.000412,0.000414
AGTTGGCAAGGCTAGA-1,0.00596,0.011959,0.860094,0.005953,0.116035
AGTTTCGCAGGTCGGA-1,0.00894,0.017923,0.573829,0.008929,0.390379
AGTTTGCACCTGCCTC-1,0.000464,0.673351,0.325267,0.000458,0.00046
AGTTTGGCACGGGTTG-1,0.00841,0.559484,0.415267,0.008404,0.008435
AGTTTGGCCAGACCTA-1,0.076108,0.163145,0.665516,0.000176,0.095055
ATAAACGGACCCGTAA-1,0.000668,0.001341,0.7766,0.000668,0.220723
ATAAACGTTGCACCAC-1,0.003251,0.006518,0.886416,0.003247,0.100568
ATAAAGGCTCGGTCGT-1,0.003346,0.549594,0.263599,0.000354,0.183106
ATAAATATTAGCAGCT-1,0.604923,0.195879,0.198604,0.000295,0.000298
ATAACGCCGGAGGGTC-1,0.000412,0.000825,0.456358,0.000411,0.541995
ATAAGGTGGAGAACAT-1,0.000475,0.34161,0.395049,0.000475,0.262391
ATAAGTAGGGCGACTC-1,0.088746,0.768358,0.004556,0.002268,0.136072
ATAATACCGTTAGCCG-1,0.000291,0.000585,0.854072,0.000291,0.144761
ATAATAGCTGTTGAAT-1,0.009933,0.001032,0.512297,0.000514,0.476224
ATAATAGTGTAGGGAC-1,0.003491,0.213698,0.486745,0.003484,0.292582
ATAATCTTGGAGAACC-1,0.012217,0.477502,0.508877,0.0007,0.000703
ATAATTAGCTAAGTAG-1,0.003177,0.142422,0.848035,0.003175,0.003192
ATACAGGCCCTCCAAT-1,0.000745,0.788552,0.124669,0.000744,0.08529
ATACCACGGGCAACTT-1,0.012488,0.301051,0.682251,0.002101,0.002109
ATACCAGCAAATTGCT-1,0.084108,0.003728,0.360143,0.001855,0.550166
ATACCAGGCTAATAGA-1,0.004334,0.0087,0.835926,0.004329,0.146712
ATACCTAACCAAGAAA-1,0.005958,0.00127,0.87992,0.000632,0.11222
ATACGAAGGCTTTCCA-1,0.163697,0.031835,0.630694,0.015873,0.1579
ATACGCCGGCGAAACC-1,0.000267,0.241727,0.282054,0.000265,0.475687
ATACGGAACGTCGTTT-1,0.006132,0.424029,0.54428,0.000368,0.02519
ATACGGTGAAGATGCA-1,0.032529,0.007552,0.952387,0.003759,0.003773
ATACGTACTTAGCCAC-1,0.002722,0.930045,0.066951,0.000141,0.000142
ATACGTCCACTCCTGT-1,0.000309,0.811547,0.159428,0.000307,0.028409
ATACGTTATGCACGGA-1,0.004334,0.008699,0.978281,0.004329,0.004356
ATACTACCCGTACCAC-1,0.007526,0.015092,0.962325,0.007519,0.007538
ATACTAGCATGACCCT-1,0.000701,0.153974,0.684932,0.0007,0.159692
ATACTCTCGCCACTCT-1,0.000233,0.094029,0.884946,0.000231,0.020562
ATACTGCCTTACACCG-1,0.064277,0.282877,0.56123,0.000624,0.090992
ATACTTGTTCTCGAGC-1,0.000409,0.22979,0.768983,0.000408,0.00041
ATAGACAACGGGACCT-1,0.28104,0.135216,0.432739,0.000222,0.150783
ATAGACGAAGAGAAAG-1,0.006219,0.45511,0.413748,0.000432,0.124491
ATAGAGTACTGGGACA-1,0.041393,0.755759,0.056697,0.000383,0.145768
ATAGAGTTATCAACTT-1,0.755455,0.070645,0.121148,0.00022,0.052532
ATAGCAACTAGGGAAG-1,0.004089,0.008202,0.94555,0.004082,0.038077
ATAGCCTCAGTACCCA-1,0.000276,0.029313,0.96986,0.000275,0.000276
ATAGCTGCTCTTGTTA-1,0.000182,0.025414,0.974039,0.000182,0.000183
ATAGGCGGCTATAGAA-1,0.07362,0.335207,0.59025,0.000461,0.000463
ATAGGCTAGCTTCGCA-1,0.010171,0.259379,0.580361,0.000789,0.1493
ATAGGGATATCCTTGA-1,0.00269,0.005314,0.493245,0.002646,0.496106
ATAGGTTGGGCAGATG-1,0.000463,0.000929,0.631831,0.000462,0.366315
ATAGTCTTTGACGTGC-1,0.00722,0.002158,0.703744,0.001074,0.285803
ATAGTTCCACCCACTC-1,0.280372,0.394341,0.146528,0.000641,0.178119
ATATAAAGCGCTCGTG-1,0.002425,0.25868,0.471899,0.002421,0.264575
ATATAAATGTAGCTGC-1,0.003533,0.485931,0.509222,0.000655,0.000658
ATATAACACGGGCGCA-1,0.00447,0.008966,0.977622,0.004464,0.004478
ATATACATGTATGGTA-1,0.001889,0.418455,0.579516,0.00007,0.00007
ATATACGCTCGTGACG-1,0.003866,0.007759,0.980639,0.003861,0.003875
ATATCAACCTACAGAG-1,0.038392,0.42209,0.451177,0.001035,0.087305
ATATCGGTAGGGAGAT-1,0.000694,0.479801,0.518114,0.000693,0.000697
ATATCGTTCCTCGAAC-1,0.00079,0.001586,0.996042,0.000789,0.000793
ATATGTCTCCCTAGCC-1,0.002601,0.179222,0.532633,0.002597,0.282945
ATATTCAGTTAAACCT-1,0.02281,0.031837,0.519818,0.000211,0.425324
ATATTCCACATAGTGA-1,0.001153,0.610782,0.385756,0.001152,0.001157
ATATTCCCACAGGTCA-1,0.007527,0.015074,0.962323,0.007519,0.007556
ATATTGCTGTCAAAGT-1,0.002805,0.005626,0.806602,0.002801,0.182167
ATATTGGAGAGGCCTT-1,0.013002,0.026116,0.934865,0.012987,0.013029
