Barcode,Topic 1,Topic 2,Topic 3,Topic 4,Topic 5,Topic 6,Topic 7,Topic 8,Topic 9,Topic 10
AAACAAGTATCTCCCA-1,0.000565,0.149981,0.000565,0.104123,0.099555,0.000565,0.000565,0.64295,0.000565,0.000565
AAACACCAATAACTGC-1,0.00069,0.16163,0.00069,0.00069,0.146263,0.00069,0.00069,0.446373,0.241595,0.00069
AAACAGAGCGACTCCT-1,0.000232,0.033635,0.187512,0.000232,0.000232,0.000232,0.000232,0.000232,0.777233,0.000232
AAACAGCTTTCAGAAG-1,0.000102,0.105173,0.000102,0.000102,0.000102,0.000102,0.000102,0.894007,0.000102,0.000102
AAACAGGGTCTATATT-1,0.000369,0.253897,0.000369,0.112623,0.000369,0.000369,0.014237,0.1906,0.123511,0.303655
AAACATGGTGAGAGGA-1,0.000035,0.368807,0.068965,0.006335,0.040707,0.008061,0.066529,0.026129,0.137869,0.276564
AAACATTTCCCGGATT-1,0.00002,0.130654,0.046545,0.000541,0.018851,0.002558,0.128822,0.125488,0.042062,0.504459
AAACCGGAAATGTTAA-1,0.000971,0.000971,0.000971,0.000971,0.783843,0.000971,0.000971,0.000971,0.208388,0.000971
AAACCGGGTAGGTACC-1,0.000047,0.049976,0.155975,0.18729,0.032603,0.000047,0.008031,0.42227,0.132838,0.010923
AAACCGTTCGTCCAGG-1,0.000009,0.026841,0.027059,0.828674,0.032808,0.000009,0.000009,0.084571,0.000013,0.000009
AAACCTAAGCAGCCGG-1,0.000026,0.068,0.065003,0.086004,0.12818,0.012264,0.014643,0.10719,0.353616,0.165075
AAACGAAGAACATACC-1,0.000042,0.000042,0.000042,0.000042,0.000042,0.000042,0.182254,0.082791,0.453837,0.280867
AAACGAAGATGGAGTA-1,0.000105,0.071212,0.237372,0.000105,0.000105,0.000105,0.137507,0.157879,0.289392,0.106218
AAACGGGCGTACGGGT-1,0.000032,0.198948,0.045991,0.001041,0.200175,0.000032,0.000032,0.026628,0.450911,0.076211
AAACGGTTGCGAACTG-1,0.000006,0.326554,0.04951,0.000938,0.574753,0.016511,0.031708,0.000006,0.000006,0.000006
AAACGTGTTCGCCCTA-1,0.000083,0.000083,0.017359,0.000083,0.000083,0.000083,0.124923,0.381665,0.2927,0.182938
AAACTAACGTGGCGAC-1,0.00017,0.029696,0.193689,0.053889,0.00017,0.00017,0.00017,0.163413,0.500917,0.057716
AAACTCGGTTCGCAAT-1,0.000046,0.059452,0.084857,0.004396,0.109531,0.028548,0.031705,0.222008,0.311489,0.147968
AAACTCGTGATATAAG-1,0.000047,0.012627,0.135152,0.044741,0.000047,0.050817,0.085281,0.549276,0.100261,0.021751
AAACTGCTGGCTCCAA-1,0.000022,0.150481,0.035875,0.017435,0.000022,0.000022,0.000022,0.627909,0.162503,0.005707
AAACTTAATTGCACGC-1,0.000236,0.543552,0.000236,0.000236,0.073115,0.000236,0.000236,0.081225,0.293381,0.007548
AAACTTGCAAACGTAT-1,0.000087,0.005703,0.082884,0.060249,0.13144,0.000087,0.076853,0.494271,0.118117,0.030308
AAAGAATGACCTTAGA-1,0.000017,0.364177,0.002572,0.000017,0.164387,0.000017,0.000017,0.000017,0.234667,0.234113
AAAGACCCAAGTCGCG-1,0.00002,0.136601,0.147,0.061324,0.12155,0.00002,0.00002,0.026592,0.327207,0.179665
AAAGACTGGGCGCTTT-1,0.000013,0.326662,0.352964,0.010568,0.116173,0.000013,0.000013,0.006036,0.179537,0.00802
AAAGGCCCTATAATAC-1,0.000028,0.000028,0.000028,0.052948,0.000028,0.000028,0.000028,0.003731,0.862403,0.08075
AAAGGCTACGGACCAT-1,0.00073,0.00073,0.00073,0.00073,0.00073,0.00073,0.00073,0.993429,0.00073,0.00073
AAAGGCTCTCGCGCCG-1,0.000052,0.058615,0.02926,0.541072,0.011042,0.000052,0.000052,0.26771,0.090944,0.001202
AAAGGGATGTAGCAAG-1,0.000008,0.001971,0.005703,0.85567,0.123419,0.000008,0.000008,0.000008,0.013195,0.000008
AAAGGGCAGCTTGAAT-1,0.000018,0.578896,0.098559,0.052915,0.075416,0.006029,0.055015,0.03846,0.060284,0.034409
AAAGGTAAGCTGTACC-1,0.000433,0.048231,0.799738,0.000433,0.000433,0.1033,0.000433,0.000433,0.046133,0.000433
AAAGTAGCATTGCTCA-1,0.000265,0.24784,0.39607,0.017198,0.022968,0.000265,0.237947,0.076917,0.000265,0.000265
AAAGTCACTGATGTAA-1,0.000026,0.000026,0.000026,0.000026,0.000026,0.000026,0.639493,0.082323,0.000026,0.277999
AAAGTGCCATCAATTA-1,0.00003,0.434137,0.002831,0.006951,0.00003,0.000458,0.011819,0.339082,0.088587,0.116076
AAAGTGTGATTTATCT-1,0.000365,0.096308,0.049702,0.000365,0.102651,0.000365,0.192986,0.556527,0.000365,0.000365
AAATAACCATACGGGA-1,0.000028,0.00539,0.05167,0.000028,0.000028,0.000028,0.007771,0.113703,0.665258,0.156097
AAATACCTATAAGCAT-1,0.000028,0.279542,0.332739,0.065276,0.022294,0.000028,0.000028,0.180983,0.105883,0.013198
AAATAGGGTGCTATTG-1,0.000087,0.011214,0.477581,0.000087,0.098616,0.000087,0.064521,0.195652,0.132846,0.01931
AAATCCGATACACGCC-1,0.000051,0.090155,0.015795,0.001297,0.005275,0.005554,0.089681,0.079884,0.56413,0.148179
AAATCGCGGAAGGAGT-1,0.000524,0.000524,0.329964,0.000524,0.000524,0.000524,0.000524,0.1878,0.478569,0.000524
AAATCGTGTACCACAA-1,0.000028,0.157682,0.017116,0.066971,0.000028,0.000028,0.000028,0.489612,0.264263,0.004245
AAATCTAGCCCTGCTA-1,0.000575,0.002614,0.352522,0.000575,0.170626,0.150329,0.000575,0.000575,0.321034,0.000576
AAATGATTCGATCAGC-1,0.00003,0.238308,0.218064,0.077827,0.051422,0.056447,0.015237,0.018172,0.282333,0.042159
AAATGCTCGTTACGTT-1,0.000014,0.030469,0.395754,0.165803,0.231131,0.000014,0.000014,0.002291,0.170041,0.004471
AAATGGCATGTCTTGT-1,0.000023,0.001084,0.000995,0.005142,0.050382,0.018202,0.381545,0.104165,0.243716,0.194747
AAATGGCCCGTGCCCT-1,0.001613,0.305792,0.001613,0.094021,0.001613,0.001613,0.13175,0.001613,0.089654,0.370716
AAATGGTCAATGTGCC-1,0.000029,0.270592,0.300485,0.08891,0.011707,0.000029,0.000029,0.24632,0.081869,0.000029
AAATGTATCTTATCCC-1,0.000021,0.329656,0.316407,0.00512,0.041329,0.000021,0.000021,0.018063,0.257283,0.032077
AAATTACACGACTCTG-1,0.001064,0.001064,0.001064,0.255422,0.001064,0.001064,0.001064,0.001064,0.736065,0.001064
AAATTACCTATCGATG-1,0.000225,0.000225,0.098902,0.000225,0.000225,0.000225,0.239591,0.389416,0.267423,0.003543
AAATTGATAGTCCTTT-1,0.000495,0.000495,0.128472,0.468495,0.000495,0.000495,0.135749,0.264312,0.000495,0.000495
AAATTGCGGCGGTTCT-1,0.000075,0.000075,0.000075,0.000075,0.000075,0.000075,0.156068,0.170118,0.259368,0.413995
AAATTGGTGAGAAGCA-1,0.000016,0.000016,0.000016,0.000016,0.000016,0.000016,0.999233,0.000641,0.000016,0.000016
AAATTTACCGAAATCC-1,0.002128,0.002128,0.441206,0.002128,0.002128,0.002128,0.002128,0.002128,0.002128,0.541768
AAATTTGCGGGTGTGG-1,0.000036,0.068212,0.142826,0.022316,0.000036,0.000036,0.000036,0.706866,0.059599,0.000036
AACAACTGGTAGTTGC-1,0.000028,0.042399,0.276619,0.165457,0.01661,0.000028,0.000028,0.212939,0.285863,0.000028
AACAATACATTGTCGA-1,0.000018,0.000018,0.001305,0.768671,0.102718,0.000018,0.000018,0.000018,0.127196,0.000018
AACAATTACTCTACGC-1,0.000021,0.020768,0.346736,0.027466,0.013263,0.001689,0.012379,0.2748,0.275411,0.027467
AACACACGCTCGCCGC-1,0.000102,0.122691,0.027504,0.000102,0.151908,0.000102,0.000102,0.441706,0.255679,0.000102
AACACGACTGTACTGA-1,0.00005,0.00005,0.00005,0.00005,0.00005,0.00005,0.108028,0.195238,0.214866,0.481569
AACACGAGACGCGGCC-1,0.000069,0.000069,0.000069,0.056952,0.000069,0.000069,0.737987,0.20458,0.000069,0.000069
AACACGCGGCCGCGAA-1,0.000714,0.241336,0.000714,0.000715,0.000715,0.000714,0.000714,0.752948,0.000714,0.000714
AACAGCTGTGTGGCAA-1,0.000027,0.029922,0.048554,0.09575,0.000027,0.121239,0.074142,0.290589,0.10163,0.238119
AACAGGAAATCGAATA-1,0.000017,0.193447,0.083199,0.061565,0.027177,0.080668,0.010737,0.023947,0.36351,0.155733
AACAGGATGGGCCGCG-1,0.000018,0.239614,0.45893,0.013186,0.010255,0.012676,0.025869,0.092837,0.094349,0.052267
AACAGGTAGTATGGAT-1,0.000103,0.055444,0.236181,0.080628,0.056805,0.000103,0.000103,0.327512,0.209953,0.033168
AACATATCAACTGGTG-1,0.000752,0.000752,0.000752,0.073629,0.000752,0.000752,0.000752,0.09168,0.829427,0.000752
AACATCGATACGTCTA-1,0.000048,0.000048,0.039684,0.067099,0.000048,0.000048,0.02482,0.273504,0.559228,0.035475
AACATTGAAGTTGATC-1,0.000031,0.000031,0.000031,0.02293,0.000031,0.000031,0.025728,0.000031,0.314487,0.636667
AACATTGTGACTCGAG-1,0.000045,0.000045,0.000045,0.024707,0.000045,0.000621,0.014801,0.527781,0.247813,0.184098
AACCAGTATCACTCTT-1,0.000479,0.000479,0.31339,0.034892,0.024441,0.25051,0.060818,0.000479,0.314034,0.000479
AACCATAGGGTTGAAC-1,0.000027,0.434742,0.023,0.000027,0.095961,0.000027,0.000027,0.000027,0.432158,0.014003
AACCATGGGATCGCTA-1,0.000032,0.000032,0.005707,0.054125,0.010605,0.016468,0.076769,0.023281,0.579334,0.233646
AACCCAGAGACGGAGA-1,0.000018,0.004599,0.004953,0.504525,0.186063,0.003973,0.0048,0.000693,0.181949,0.108427
AACCCATCCCATGATC-1,0.000042,0.389773,0.21564,0.002561,0.017813,0.000042,0.000042,0.161504,0.190515,0.022068
AACCCGACAACCCGTG-1,0.000043,0.000043,0.000043,0.015601,0.000043,0.003727,0.417509,0.141322,0.219377,0.202292
AACCCGAGCAGAATCG-1,0.000032,0.000032,0.000032,0.000032,0.014911,0.035511,0.564964,0.094488,0.006848,0.283149
AACCCGATAGGGCTTC-1,0.001563,0.001563,0.001563,0.001563,0.001563,0.001563,0.321247,0.66625,0.001563,0.001563
AACCCTGGTGGAACCA-1,0.000029,0.050575,0.039761,0.000063,0.006654,0.000029,0.006846,0.110047,0.715745,0.07025
AACCGAGCTTGGTCAT-1,0.000124,0.086576,0.244791,0.266306,0.017396,0.000124,0.000124,0.215537,0.168899,0.000124
AACCGCTAAGGGATGC-1,0.000048,0.356656,0.114756,0.03593,0.000048,0.000048,0.018249,0.288409,0.146632,0.039225
AACCGTTGTGTTTGCT-1,0.000037,0.000037,0.002258,0.007447,0.000037,0.000037,0.040481,0.265404,0.269209,0.415056
AACCTCGCTTTAGCCC-1,0.000079,0.048241,0.126474,0.028224,0.350521,0.000079,0.000079,0.090718,0.355507,0.000079
AACCTTTAAATACGGT-1,0.000119,0.149414,0.022892,0.203931,0.000119,0.000119,0.000119,0.382272,0.240898,0.000119
AACCTTTACGACGTCT-1,0.000364,0.862396,0.000364,0.000364,0.020158,0.000364,0.000364,0.000364,0.1149,0.000364
AACGAAAGTCGTCCCA-1,0.000625,0.000625,0.686282,0.000625,0.000625,0.000625,0.000625,0.000625,0.308716,0.000625
AACGATAATGCCGTAG-1,0.000044,0.445477,0.25241,0.063516,0.120244,0.000044,0.000044,0.104311,0.006267,0.007642
AACGATAGAAGGGCCG-1,0.000027,0.024591,0.011991,0.225846,0.02886,0.000027,0.029157,0.15309,0.438743,0.087668
AACGATATGTCAACTG-1,0.00032,0.224744,0.000357,0.224421,0.001158,0.00032,0.00032,0.26334,0.284701,0.00032
AACGCATGATCTGGGT-1,0.000013,0.023447,0.014046,0.359149,0.023079,0.2827,0.125339,0.157715,0.006849,0.007662
AACGCGAACGGCAACA-1,0.000037,0.085839,0.01614,0.000037,0.007595,0.000037,0.014155,0.044396,0.666013,0.165753
AACGCGACCTTGGGCG-1,0.000042,0.034964,0.066678,0.010346,0.002342,0.001147,0.010652,0.471565,0.104205,0.29806
AACGCGGTCTCCAGCC-1,0.000071,0.038728,0.125927,0.756481,0.060549,0.017958,0.000071,0.000071,0.000071,0.000071
AACGCTGTTGCTGAAA-1,0.00244,0.00244,0.00244,0.00244,0.00244,0.00244,0.541603,0.00244,0.43888,0.00244
AACGGACGTACGTATA-1,0.00006,0.00006,0.00006,0.00006,0.078773,0.169682,0.15342,0.49585,0.00006,0.101975
AACGGCCATCTCCGGT-1,0.000016,0.46135,0.321327,0.064078,0.12609,0.007562,0.010909,0.008635,0.000016,0.000016
AACGTACTGTGGGTAC-1,0.000035,0.244669,0.12551,0.241743,0.000159,0.000035,0.000035,0.301146,0.086633,0.000035
AACGTCAGACTAGTGG-1,0.000015,0.009663,0.073022,0.600755,0.006105,0.000015,0.000015,0.173575,0.13666,0.000175
AACGTGATGAAGGACA-1,0.000115,0.515916,0.000156,0.01126,0.061124,0.000115,0.000115,0.005605,0.343843,0.061751
AACGTTATCAGCACCT-1,0.000082,0.000082,0.000082,0.030558,0.031164,0.000082,0.019844,0.253585,0.650357,0.014163
AACTACCCGTTTGTCA-1,0.000071,0.170658,0.48143,0.000071,0.024244,0.000071,0.000071,0.095963,0.227353,0.000071
AACTAGCGTATCGCAC-1,0.000187,0.000187,0.048234,0.174151,0.073998,0.062572,0.136756,0.373421,0.067881,0.062611
AACTAGGCTTGGGTGT-1,0.000064,0.000064,0.1464,0.37876,0.004951,0.01187,0.086845,0.140108,0.123185,0.107753
AACTCCAGAGCGTGTT-1,0.000077,0.000077,0.000077,0.000077,0.000077,0.000077,0.000077,0.186046,0.809674,0.003741
AACTCCTAATCCCATG-1,0.000071,0.350923,0.018751,0.001326,0.171511,0.067921,0.000071,0.000071,0.010128,0.379229
AACTCGATGGCGCAGT-1,0.00003,0.040726,0.033142,0.013559,0.017758,0.00003,0.020344,0.022665,0.356769,0.494977
AACTCTCAGTGTGCTC-1,0.000006,0.00154,0.007095,0.871923,0.119405,0.000006,0.000006,0.000006,0.000006,0.000006
AACTGAGGTCAGCGTC-1,0.000034,0.48265,0.079744,0.087341,0.174137,0.000034,0.000034,0.000034,0.144559,0.031433
AACTGAGTTATACTGA-1,0.000243,0.000243,0.137441,0.069908,0.000243,0.341155,0.005756,0.179391,0.158874,0.106744
AACTGATATTAGGCCT-1,0.000033,0.016284,0.012906,0.243564,0.003837,0.000033,0.000033,0.212663,0.510615,0.000033
AACTGGGTCCCGACGT-1,0.000031,0.011036,0.001555,0.390559,0.008279,0.000031,0.031672,0.361724,0.118143,0.07697
AACTGGTGTGGGCCTT-1,0.000131,0.000131,0.000131,0.000131,0.000131,0.000131,0.000131,0.005421,0.993533,0.000131
AACTTCTGCGTCTATC-1,0.000021,0.276388,0.313877,0.048073,0.007629,0.011928,0.051982,0.031144,0.1194,0.139557
AACTTGCCCGTATGCA-1,0.000024,0.148321,0.161773,0.03732,0.000946,0.00634,0.00061,0.43051,0.171255,0.042901
AACTTGCGTTCTCGCG-1,0.000032,0.155487,0.032647,0.007489,0.120023,0.000371,0.008643,0.050112,0.432544,0.192652
AACTTTACGGGAGCTT-1,0.000055,0.072032,0.242616,0.008402,0.076572,0.000055,0.014012,0.208478,0.35187,0.025906
AACTTTAGCTGCTGAG-1,0.000483,0.065014,0.000483,0.000483,0.086133,0.000483,0.274356,0.571597,0.000483,0.000483
AAGAAATCACCAGATT-1,0.000159,0.058752,0.000159,0.000159,0.000159,0.000159,0.237375,0.434912,0.256725,0.011443
AAGAAGGATCAGTTAG-1,0.000031,0.026687,0.060531,0.063706,0.076654,0.004157,0.000031,0.006992,0.699601,0.061612
AAGACATACGTGGTTT-1,0.000024,0.073953,0.241156,0.000024,0.228426,0.000024,0.000024,0.000024,0.438777,0.017571
AAGACCAAATAACTCA-1,0.000033,0.314715,0.063385,0.002892,0.132706,0.199498,0.000033,0.001871,0.173751,0.111116
AAGACCCAACTGAACA-1,0.000079,0.130275,0.022585,0.095247,0.000079,0.000079,0.161224,0.295105,0.223617,0.071709
AAGACTAACCCGTTGT-1,0.00022,0.00022,0.00022,0.00022,0.00022,0.473327,0.015412,0.095176,0.088713,0.326274
AAGAGATGAATCGGTA-1,0.000063,0.121789,0.166273,0.01183,0.000063,0.000063,0.000063,0.462811,0.236981,0.000063
AAGAGGCCCTTTGGAA-1,0.000037,0.076335,0.015923,0.000131,0.022677,0.000037,0.173214,0.317042,0.223627,0.170976
AAGATGGCACCGGACC-1,0.000258,0.000258,0.000258,0.022744,0.000258,0.635338,0.000258,0.338145,0.000258,0.002222
AAGATTGGCGGAACGT-1,0.000102,0.000102,0.103054,0.015531,0.000102,0.000102,0.000102,0.263018,0.617788,0.000102
AAGCACCCTGCGTATC-1,0.000195,0.336722,0.033944,0.021755,0.45745,0.05004,0.099311,0.000195,0.000195,0.000195
AAGCATACTCTCCTGA-1,0.000022,0.033984,0.01494,0.426727,0.073617,0.000022,0.000022,0.000024,0.450619,0.000022
AAGCCGAAGCGGTTTA-1,0.000119,0.141576,0.479765,0.091733,0.036494,0.000119,0.000119,0.153105,0.09685,0.000119
AAGCCGCCGTGAAATC-1,0.000049,0.08236,0.13755,0.183934,0.003173,0.000049,0.000049,0.077789,0.495566,0.01948
AAGCCGCTTTACCTTG-1,0.000073,0.000073,0.000073,0.000073,0.000073,0.000073,0.546848,0.353569,0.069818,0.029327
AAGCCGGAGAGCAGGA-1,0.000008,0.000008,0.000008,0.006152,0.170718,0.269431,0.263391,0.077269,0.086512,0.126502
AAGCGCAGGGCTTTGA-1,0.000024,0.003477,0.010676,0.018685,0.000024,0.137672,0.611253,0.147819,0.002129,0.068241
AAGCGGAGTGCGCGCA-1,0.000022,0.000022,0.000022,0.000022,0.000022,0.000022,0.920201,0.079622,0.000022,0.000022
AAGCGGCGTCATGGGT-1,0.000028,0.483374,0.097428,0.00592,0.015039,0.000028,0.011055,0.012104,0.244739,0.130286
AAGCGTCCCTCATCGA-1,0.000243,0.004628,0.198916,0.235546,0.000243,0.000243,0.000243,0.406627,0.153067,0.000244
AAGCTAGATCGAGTAA-1,0.000029,0.021082,0.292282,0.213063,0.039394,0.000029,0.000029,0.276402,0.156825,0.000865
AAGCTCTTTCATGGTG-1,0.000547,0.000547,0.248171,0.104692,0.000547,0.643311,0.000547,0.000547,0.000547,0.000547
AAGGAGCGGTTGGTGC-1,0.000058,0.052904,0.049845,0.25721,0.031693,0.000058,0.000058,0.330633,0.277485,0.000058
AAGGATGAGGGACCTC-1,0.000343,0.078717,0.029364,0.045346,0.000343,0.000343,0.115822,0.46004,0.0524,0.217283
AAGGCGCGTAAAGCTT-1,0.000011,0.067325,0.041252,0.589407,0.020156,0.000011,0.000011,0.191232,0.090583,0.000011
AAGGCTGTGCTCATCG-1,0.00006,0.066404,0.076316,0.164673,0.061513,0.00006,0.00006,0.293953,0.336903,0.00006
AAGGGAACGACTGGCT-1,0.001021,0.001021,0.001021,0.278744,0.001021,0.001021,0.001021,0.234048,0.001021,0.480063
AAGGGACAGATTCTGT-1,0.000228,0.000228,0.08576,0.000228,0.000228,0.000228,0.000228,0.453515,0.459127,0.000228
AAGGGACTATGCATTC-1,0.000287,0.553243,0.184079,0.111666,0.001303,0.000287,0.000287,0.000287,0.148275,0.000287
AAGGGTTTGATTTCAG-1,0.00016,0.705848,0.01695,0.092189,0.00016,0.00016,0.044015,0.00016,0.1402,0.00016
AAGGTATCCTAATATA-1,0.000256,0.014541,0.46251,0.170112,0.000256,0.000256,0.000256,0.157965,0.193593,0.000256
AAGGTGATAAACCAGC-1,0.000184,0.142244,0.316967,0.000184,0.039516,0.000184,0.000184,0.310942,0.18941,0.000184
AAGTAGAAGACCGGGT-1,0.000177,0.000177,0.000177,0.541913,0.000177,0.000177,0.000177,0.076108,0.380742,0.000177
AAGTAGTGACGCGAGG-1,0.000141,0.13991,0.168615,0.091501,0.04003,0.000141,0.000141,0.171435,0.372068,0.016017
AAGTCAATTGTCGTCA-1,0.000395,0.000395,0.19445,0.000395,0.000395,0.000395,0.000395,0.463246,0.339536,0.000395
AAGTCTAGTAGCTGCC-1,0.000147,0.000147,0.208523,0.045851,0.000147,0.000147,0.257898,0.222052,0.264941,0.000147
AAGTGAGTCGGGTTTA-1,0.00021,0.00021,0.00021,0.153289,0.00021,0.00021,0.282086,0.267837,0.29553,0.00021
AAGTGCAAAGGTAGAC-1,0.000024,0.399992,0.171567,0.001155,0.153974,0.003539,0.049434,0.007568,0.19519,0.017558
AAGTGCCTTGACTGTA-1,0.00011,0.034022,0.141907,0.062352,0.00011,0.00011,0.027702,0.452123,0.275559,0.006005
AAGTGCGTTAGAATCT-1,0.000269,0.000269,0.000269,0.000269,0.000269,0.000269,0.99758,0.000269,0.000269,0.000269
AAGTGCTTCTCTATTG-1,0.000062,0.000062,0.000062,0.000062,0.000062,0.000062,0.22941,0.215126,0.047766,0.507323
AAGTGTTTGGAGACGG-1,0.000061,0.037994,0.4817,0.005807,0.007134,0.000061,0.000061,0.322288,0.141102,0.003793
AAGTTCACTCCAAGCT-1,0.000072,0.000072,0.000072,0.085142,0.007104,0.044218,0.73027,0.093804,0.038629,0.000616
AAGTTCAGTCTGCGTA-1,0.000047,0.000047,0.022629,0.006223,0.000047,0.039306,0.000726,0.201972,0.668904,0.0601
AAGTTCGGCCAACAGG-1,0.000026,0.372783,0.16923,0.084064,0.069345,0.000034,0.010846,0.291191,0.002455,0.000026
AAGTTGTGATGTTATA-1,0.000086,0.000086,0.000086,0.000086,0.000086,0.000086,0.024998,0.344584,0.388856,0.241047
AAGTTTACTAATGGCA-1,0.000167,0.000167,0.117854,0.134543,0.114666,0.000167,0.237576,0.148957,0.245736,0.000167
AAGTTTATGGGCCCAA-1,0.000039,0.161082,0.109375,0.000039,0.06697,0.000039,0.000039,0.004786,0.49337,0.164261
AATAACACTAGAACAA-1,0.000008,0.04919,0.03249,0.761953,0.091653,0.000008,0.000008,0.06349,0.001191,0.000008
AATAATCTTCGTATCG-1,0.002942,0.002942,0.002942,0.002942,0.002942,0.002942,0.002942,0.680509,0.002942,0.295955
AATACAATGTTTCAGG-1,0.000044,0.178147,0.398675,0.070263,0.064157,0.007784,0.000044,0.105254,0.165751,0.009883
AATACCGGAGGGCTGT-1,0.000032,0.017622,0.011318,0.005745,0.000032,0.026231,0.313073,0.159923,0.050175,0.415849
AATAGAACAGAGTGGC-1,0.000017,0.008049,0.050826,0.724226,0.004846,0.000017,0.000017,0.116732,0.093691,0.001579
AATAGAATCTGTTTCA-1,0.000018,0.327043,0.203264,0.021894,0.29024,0.032673,0.020103,0.103796,0.000057,0.00091
AATAGCTACCGCGTGC-1,0.000057,0.01015,0.113414,0.016131,0.000057,0.000057,0.000057,0.305649,0.550974,0.003456
AATAGTCCGTCCCGAC-1,0.000076,0.019679,0.062005,0.394784,0.000076,0.000076,0.000143,0.24788,0.275204,0.000076
AATAGTCGCGAGTCGG-1,0.000073,0.193131,0.000073,0.010086,0.02753,0.000073,0.01749,0.161455,0.441636,0.148455
AATATCAAGGTCGGAT-1,0.000033,0.154453,0.08541,0.000033,0.099708,0.024645,0.000033,0.000033,0.415463,0.220186
AATATCCTAGCAAACT-1,0.000207,0.000207,0.082386,0.047482,0.000207,0.000207,0.000207,0.312086,0.556804,0.000207
AATATCGAATCAATGC-1,0.000142,0.150017,0.390849,0.000142,0.000142,0.040455,0.180626,0.104789,0.12446,0.008378
AATATCGAGGGTTCTC-1,0.000541,0.000541,0.876533,0.000541,0.057897,0.061785,0.000541,0.000541,0.000541,0.000541
AATCAGACTGCAGGAC-1,0.000032,0.003001,0.005508,0.029629,0.000032,0.000032,0.175004,0.332906,0.261819,0.192036
AATCAGGTTTCATTTA-1,0.000082,0.000082,0.000082,0.000082,0.000082,0.000082,0.000082,0.000082,0.514873,0.484475
AATCATGTAAAGACTC-1,0.000178,0.08047,0.181407,0.142702,0.000178,0.000178,0.037123,0.199018,0.076008,0.28274
AATCCAAGGGCCTGAG-1,0.000038,0.000038,0.000038,0.000038,0.000038,0.000038,0.20029,0.05107,0.513103,0.23531
AATCCATGCAAGGGTG-1,0.000032,0.117757,0.066536,0.007289,0.118717,0.000032,0.000032,0.000032,0.599908,0.089665
AATCGGGACACTACGA-1,0.000073,0.000073,0.000073,0.000073,0.000073,0.000073,0.067672,0.094366,0.681043,0.15648
AATCGTGAGCCGAGCA-1,0.000041,0.002474,0.000041,0.000041,0.000041,0.078863,0.181967,0.36377,0.073017,0.299745
AATCTAGGTTTACTTG-1,0.000156,0.000156,0.905337,0.000156,0.000156,0.000156,0.000156,0.091204,0.002369,0.000156
AATCTATGCCGGAGCC-1,0.000208,0.000208,0.000208,0.000208,0.074761,0.000208,0.000208,0.698179,0.225601,0.000208
AATCTGCGTTGGGACG-1,0.000111,0.000111,0.000111,0.000111,0.000111,0.000111,0.000111,0.930627,0.068482,0.000111
AATCTGGCTTTCTAGT-1,0.000175,0.079603,0.55813,0.016845,0.00727,0.000175,0.000175,0.133075,0.204375,0.000175
AATGACAGCAATGTCT-1,0.000433,0.219502,0.000433,0.000433,0.000433,0.000433,0.000433,0.358231,0.301771,0.117898
AATGACGTAGGATGTC-1,0.000032,0.150812,0.015786,0.000032,0.000032,0.000032,0.000032,0.832431,0.000781,0.000032
AATGACTGTCAGCCGG-1,0.000036,0.041486,0.028265,0.68839,0.028592,0.000036,0.000036,0.019904,0.184757,0.008497
AATGAGTTCGCATATG-1,0.000023,0.338435,0.219212,0.028403,0.126732,0.000023,0.000023,0.000023,0.255911,0.031217
AATGATGATACGCTAT-1,0.000051,0.421767,0.15131,0.026348,0.062019,0.000051,0.032993,0.10706,0.184997,0.013403
AATGATGCGACTCCTG-1,0.003031,0.003031,0.003031,0.003031,0.003031,0.003031,0.407792,0.003031,0.567959,0.003031
AATGCAACCGGGTACC-1,0.000009,0.005273,0.021332,0.815499,0.157841,0.000009,0.000009,0.000009,0.000009,0.000009
AATGCACCAAGCAATG-1,0.000521,0.362702,0.056147,0.181152,0.000521,0.000521,0.000521,0.237471,0.10116,0.059284
AATGGTCCACCGTTCA-1,0.000011,0.166503,0.674651,0.00863,0.009703,0.000011,0.025217,0.059645,0.03861,0.01702
AATGGTTCTCACAAGC-1,0.000019,0.054077,0.069246,0.25923,0.131658,0.000019,0.000367,0.262183,0.207392,0.01581
AATGTATGGCACTGTA-1,0.000037,0.356538,0.004728,0.000037,0.052267,0.000037,0.000037,0.000037,0.54705,0.039234
AATGTGCCCGAGGTGT-1,0.000138,0.406879,0.009085,0.000138,0.000138,0.000138,0.069552,0.315497,0.198297,0.000138
AATGTGCTAATCTGAG-1,0.000045,0.000045,0.000045,0.023877,0.000045,0.000045,0.080417,0.291808,0.163926,0.439749
AATGTTGTCGTGAGAC-1,0.000037,0.000037,0.000037,0.000037,0.000037,0.000037,0.000037,0.000037,0.999668,0.000037
AATTAACGGATTTCCA-1,0.000245,0.002138,0.000245,0.117483,0.179436,0.000245,0.000245,0.654259,0.000245,0.045462
AATTACGAGACCCATC-1,0.000658,0.627758,0.000658,0.000658,0.000658,0.000658,0.000658,0.000658,0.366977,0.000658
AATTACTCGTACGCTC-1,0.000024,0.000024,0.000024,0.000024,0.000024,0.000024,0.277464,0.123136,0.137916,0.46134
AATTAGCGCTGCAGCG-1,0.000016,0.000133,0.020394,0.637732,0.015201,0.002369,0.042082,0.131929,0.139767,0.010376
AATTCATAAGGGATCT-1,0.000054,0.355203,0.201354,0.044253,0.023286,0.000054,0.000054,0.117745,0.184191,0.073805
AATTCATTGTCATGCA-1,0.000312,0.000312,0.000312,0.172561,0.000312,0.000312,0.004901,0.144617,0.532464,0.143899
AATTCCAAGCATGTAC-1,0.000067,0.059659,0.110484,0.028563,0.000779,0.000067,0.000067,0.354551,0.275025,0.170737
AATTCGATTCGAGGAT-1,0.000046,0.066907,0.148926,0.068277,0.010328,0.133619,0.039166,0.057195,0.397505,0.07803
AATTCTAGAGTTAGGC-1,0.000038,0.035947,0.199656,0.354836,0.040655,0.000038,0.000038,0.25005,0.117727,0.001016
AATTGAACGCTCTGGT-1,0.000035,0.400813,0.014605,0.007868,0.000035,0.000035,0.000035,0.349556,0.213323,0.013694
AATTGCAGCAATCGAC-1,0.000025,0.129027,0.02929,0.049122,0.034529,0.000025,0.129365,0.317785,0.131372,0.179461
AATTGCGTGGATTACA-1,0.000064,0.006698,0.000064,0.000064,0.000064,0.000064,0.000064,0.000064,0.973586,0.019269
AATTGTGGTTGCCAAA-1,0.000224,0.000224,0.272194,0.000224,0.000224,0.102926,0.265448,0.103015,0.191295,0.064228
AATTTGGGACATAGTA-1,0.000827,0.000827,0.000827,0.000827,0.000827,0.000827,0.000827,0.099931,0.54968,0.344603
AATTTGGTTCCAAAGA-1,0.000034,0.038686,0.109934,0.036373,0.00829,0.003988,0.006768,0.07745,0.629001,0.089476
ACAAACCATGCGTCCT-1,0.00082,0.00082,0.00082,0.00082,0.00082,0.53876,0.00082,0.00082,0.454681,0.00082
ACAAAGAAGGTAGGCC-1,0.000065,0.000369,0.053495,0.007752,0.000065,0.000065,0.241333,0.379909,0.265862,0.051084
ACAAAGCATGACCTAG-1,0.000081,0.094937,0.004281,0.039792,0.092798,0.000081,0.089383,0.225211,0.414355,0.039082
ACAAATCGCACCGAAT-1,0.000024,0.310146,0.485731,0.009528,0.04211,0.000024,0.000024,0.053714,0.082202,0.016495
ACAAATGGTAGTGTTT-1,0.000045,0.225623,0.142807,0.025422,0.007603,0.000045,0.000045,0.381925,0.213761,0.002725
ACAAATTCAGATCTGA-1,0.000124,0.264912,0.345185,0.040009,0.000124,0.000124,0.000124,0.08019,0.026565,0.242643
ACAACAGCATGAGCTA-1,0.000065,0.10707,0.062984,0.207362,0.000065,0.000065,0.000065,0.418411,0.188483,0.015428
ACAACGGTCCCTGCGA-1,0.000044,0.339304,0.259064,0.018491,0.155497,0.013182,0.000044,0.018512,0.145314,0.050549
ACAAGCAGTGCCTAGC-1,0.000016,0.058759,0.138225,0.015594,0.000016,0.000016,0.000016,0.361138,0.426203,0.000016
ACAAGGAAATCCGCCC-1,0.000031,0.153422,0.267853,0.073864,0.000047,0.000031,0.000031,0.331615,0.172259,0.000848
ACAAGGACAAGAGGTT-1,0.000043,0.0231,0.262779,0.181746,0.000043,0.000043,0.000043,0.234812,0.289432,0.007959
ACAAGGATGCTTTAGG-1,0.000026,0.083479,0.13106,0.022882,0.018263,0.130598,0.017424,0.120996,0.330461,0.14481
ACAAGGGCAGGCTCTG-1,0.000038,0.167772,0.041325,0.201056,0.014215,0.000038,0.000038,0.518515,0.056963,0.000038
ACAATAGTCGTACGTT-1,0.00008,0.046923,0.203159,0.024487,0.00008,0.00008,0.134346,0.279025,0.303366,0.008455
ACAATGAATACGGAGA-1,0.00003,0.03033,0.166887,0.055182,0.00003,0.007741,0.026599,0.322751,0.288109,0.10234
ACAATGATTCTTCTAC-1,0.000143,0.000143,0.447764,0.000143,0.000143,0.048351,0.040765,0.030496,0.325583,0.106468
ACAATTGTGTCTCTTT-1,0.000071,0.309348,0.053078,0.000071,0.088772,0.007416,0.019118,0.435544,0.043504,0.043078
ACAATTTAGGAGGCTC-1,0.000081,0.024566,0.430271,0.035388,0.000081,0.000081,0.000081,0.288074,0.17055,0.050826
ACAATTTGAGCAGTGG-1,0.000073,0.000073,0.000073,0.040587,0.000073,0.000073,0.000073,0.743001,0.192764,0.023211
ACACAAAGACGGGTGG-1,0.000057,0.000057,0.008767,0.702066,0.000057,0.000057,0.015022,0.167563,0.061999,0.044355
ACACAAATATTCCTAG-1,0.000041,0.050363,0.005857,0.000565,0.000041,0.000041,0.821674,0.066105,0.000041,0.055272
ACACACCAGGACCAGT-1,0.000101,0.010211,0.225867,0.000101,0.000101,0.000101,0.000101,0.36455,0.398764,0.000101
ACACACTTTCTACACG-1,0.000053,0.000053,0.000053,0.046988,0.000053,0.000053,0.015741,0.047101,0.819903,0.07
ACACATGATCAAATCT-1,0.000529,0.049273,0.349583,0.000529,0.000529,0.000529,0.000529,0.232289,0.36568,0.000529
ACACATTGACGCAACA-1,0.000017,0.115276,0.037508,0.000026,0.313465,0.022609,0.013302,0.046104,0.365771,0.085921
ACACCCAGCATGCAGC-1,0.000006,0.026665,0.016429,0.872637,0.084231,0.000006,0.000006,0.000006,0.000006,0.000006
ACACCCGAGAAATCCG-1,0.000019,0.094143,0.115263,0.232565,0.030626,0.000019,0.341637,0.003707,0.182,0.000019
ACACCGAGCGCTCTTT-1,0.000047,0.000047,0.013655,0.023707,0.000047,0.000057,0.121778,0.137135,0.481088,0.22244
ACACCGGTCTGACCGC-1,0.000047,0.687533,0.016594,0.006324,0.109394,0.000047,0.000047,0.000047,0.03459,0.145374
ACACCTTAAGTAGGGC-1,0.000016,0.004209,0.062661,0.557614,0.002682,0.000016,0.000016,0.092003,0.280767,0.000016
ACACGAGACTCCTTCT-1,0.000021,0.026254,0.192895,0.350336,0.030116,0.000021,0.008296,0.20545,0.177297,0.009314
ACACGGCACTATGCAT-1,0.000036,0.000036,0.000036,0.000036,0.000036,0.000036,0.595619,0.080786,0.036434,0.286943
ACACGGGAACTTAGGG-1,0.00007,0.00007,0.052662,0.14128,0.026787,0.00007,0.009292,0.561264,0.208436,0.00007
ACACGTAGGCCACAAG-1,0.000054,0.000054,0.000054,0.009939,0.000054,0.000054,0.163615,0.299743,0.428172,0.098261
ACACTCCAATGTCACT-1,0.000027,0.08365,0.331395,0.000027,0.031594,0.000027,0.000027,0.105257,0.430852,0.017146
ACACTGATCAAGGTGT-1,0.000031,0.066158,0.036438,0.556516,0.015643,0.000031,0.000031,0.28434,0.039058,0.001753
ACACTGGGACAGTCGT-1,0.00009,0.00009,0.00009,0.09544,0.018001,0.00009,0.246399,0.171258,0.457273,0.011268
ACAGAACTGAGAACAA-1,0.00027,0.616201,0.052966,0.064484,0.00027,0.00027,0.00027,0.191792,0.073204,0.00027
ACAGATTAGGTTAGTG-1,0.000038,0.125871,0.019307,0.000038,0.074249,0.000038,0.019338,0.000038,0.246628,0.514455
ACAGCATAGAGCCAGT-1,0.000057,0.011247,0.000057,0.023986,0.000057,0.024367,0.055802,0.166687,0.064139,0.653599
ACAGCGACATTCTCAT-1,0.00028,0.00028,0.217544,0.074212,0.00028,0.00028,0.00028,0.64034,0.066222,0.00028
ACAGCGCACCCGCAGC-1,0.000097,0.000097,0.000097,0.758292,0.067587,0.000097,0.000097,0.000097,0.173442,0.000097
ACAGGCACGGATCCTT-1,0.000023,0.135295,0.011246,0.000023,0.116901,0.000023,0.000023,0.000023,0.724231,0.012214
ACAGGCTTGCCCGACT-1,0.000068,0.406531,0.11785,0.055947,0.136712,0.000068,0.017227,0.069922,0.157615,0.038061
ACAGGTGGAGGTGAGG-1,0.000023,0.027715,0.01678,0.622514,0.000023,0.000023,0.000023,0.126009,0.206869,0.000023
ACAGTAATACAACTTG-1,0.000188,0.000188,0.000188,0.0586,0.145334,0.000188,0.136594,0.40242,0.25505,0.001249
ACAGTATACCGTGGGA-1,0.000029,0.092282,0.284615,0.020735,0.000113,0.025158,0.245849,0.207038,0.078065,0.046116
ACATAAGTCGTGGTGA-1,0.000253,0.293191,0.122983,0.000253,0.000253,0.000253,0.000253,0.121309,0.461002,0.000253
ACATAATAAGGCGGTG-1,0.000041,0.005705,0.01756,0.731231,0.17845,0.0285,0.03839,0.000041,0.000041,0.000041
ACATCCCGGCCATACG-1,0.00012,0.00012,0.005261,0.425805,0.082019,0.00012,0.00012,0.303079,0.183238,0.00012
ACATCGTATGCAATGG-1,0.000043,0.202856,0.213807,0.046655,0.007502,0.000043,0.000043,0.378058,0.149615,0.001377
ACATCGTTAACCTAGT-1,0.000054,0.01533,0.040425,0.041672,0.047598,0.000054,0.000054,0.008961,0.783405,0.062446
ACATGGCTCAATTTAG-1,0.000028,0.168841,0.002425,0.000028,0.221241,0.000028,0.029006,0.07157,0.270436,0.236398
ACATTAGTTTATATCC-1,0.000024,0.027346,0.065232,0.577846,0.049464,0.000024,0.000024,0.259579,0.020436,0.000024
ACCAAACACCCAGCGA-1,0.000067,0.000067,0.000067,0.000067,0.000067,0.000067,0.100698,0.208285,0.625072,0.065543
ACCAACACCACACACT-1,0.000021,0.123869,0.17638,0.031889,0.005735,0.002435,0.272108,0.238544,0.11758,0.031438
ACCAACCGCACTCCAC-1,0.000024,0.01587,0.000024,0.000024,0.000024,0.01494,0.415159,0.128468,0.121798,0.30367
ACCAACGCTTATTTAT-1,0.000023,0.005732,0.057704,0.665333,0.01937,0.000023,0.010084,0.133258,0.084833,0.023641
ACCAAGAACGCGTGTC-1,0.000029,0.049762,0.159514,0.056204,0.125738,0.000029,0.032328,0.111045,0.148029,0.317321
ACCAAGTCATCGGCAG-1,0.000094,0.145892,0.000094,0.000094,0.000094,0.000094,0.39732,0.24084,0.062187,0.153289
ACCAATATGCAAGTTA-1,0.000764,0.000764,0.259197,0.000764,0.415057,0.000764,0.000764,0.320401,0.000764,0.000764
ACCACAACTCAGAACA-1,0.000089,0.000089,0.000089,0.000089,0.000089,0.000089,0.000089,0.000089,0.827581,0.171711
ACCACAAGTTTCTATC-1,0.000118,0.094081,0.072969,0.063532,0.000118,0.000118,0.000118,0.535035,0.233793,0.000118
ACCACCCTCTCTTCTA-1,0.000158,0.170353,0.021428,0.032045,0.000158,0.000158,0.243663,0.156578,0.375304,0.000158
ACCACGTGCAGCTATA-1,0.000032,0.321619,0.137167,0.068151,0.000032,0.000032,0.000032,0.429342,0.038588,0.005004
ACCACTGTTCAAGAAG-1,0.000024,0.000024,0.000024,0.003312,0.000024,0.000024,0.109018,0.017356,0.384373,0.48582
ACCAGTGCCCGGTCAA-1,0.000019,0.149108,0.297661,0.024058,0.116215,0.03606,0.046544,0.047184,0.18811,0.095041
ACCAGTGCGGGAGACG-1,0.0002,0.345625,0.059712,0.0002,0.0002,0.0002,0.0002,0.346732,0.246728,0.0002
ACCATCCGCCAACTAG-1,0.000208,0.019637,0.112241,0.048799,0.000208,0.000208,0.000208,0.5971,0.221186,0.000208
ACCATCGTATATGGTA-1,0.000095,0.341218,0.047388,0.155061,0.058492,0.000095,0.062973,0.200057,0.134527,0.000095
ACCATTAAGGGTGTCA-1,0.000027,0.017013,0.003257,0.02386,0.000027,0.016991,0.154674,0.195294,0.130619,0.458238
ACCCAACGCCCGTGGC-1,0.000101,0.000101,0.000101,0.000101,0.000101,0.025927,0.301403,0.533996,0.078064,0.060105
ACCCACCTACATGCTC-1,0.000029,0.070835,0.389969,0.050597,0.002622,0.000029,0.000029,0.205302,0.257482,0.023106
ACCCATTTGTCCCTCT-1,0.000018,0.048191,0.024414,0.027374,0.025083,0.201596,0.557303,0.07348,0.003669,0.038871
ACCCGAGCGAAATTAC-1,0.000076,0.000076,0.00801,0.068964,0.000076,0.000076,0.158354,0.287544,0.425337,0.051488
ACCCGATTGGTTCCGA-1,0.000035,0.000035,0.000035,0.000035,0.000035,0.000035,0.444921,0.080801,0.003817,0.470247
ACCCGGAAACTCCCAG-1,0.000048,0.06933,0.118693,0.236837,0.574851,0.000048,0.000048,0.000048,0.000048,0.000048
ACCCGGAGCACCACAA-1,0.000018,0.000018,0.00203,0.004065,0.503138,0.000018,0.000018,0.047246,0.443431,0.000018
ACCCGGTTACACTTCC-1,0.000106,0.088761,0.279813,0.168159,0.046852,0.000106,0.000106,0.375098,0.040894,0.000106
ACCCGTAGTCTAGTTG-1,0.000027,0.068139,0.013914,0.00248,0.008212,0.000027,0.000027,0.000027,0.876714,0.030434
ACCCGTGTCATCAGTA-1,0.002041,0.002041,0.002041,0.429407,0.002041,0.002041,0.002041,0.279215,0.002041,0.277089
ACCCTATAGGACTGAG-1,0.000034,0.000034,0.000034,0.051197,0.000034,0.000035,0.022011,0.038898,0.186836,0.700885
ACCCTATGCCATATCG-1,0.000029,0.014088,0.009688,0.774431,0.103177,0.000029,0.039641,0.026132,0.013652,0.019134
ACCCTCCCGTCAGGGC-1,0.00003,0.010417,0.00003,0.00003,0.015316,0.00003,0.00003,0.00003,0.859409,0.114679
ACCCTCCCTTGCTATT-1,0.000036,0.157485,0.321951,0.05317,0.012109,0.000036,0.000036,0.360474,0.087406,0.007298
ACCCTGGTAACGCCCT-1,0.00007,0.00007,0.008395,0.00007,0.00007,0.00007,0.453137,0.407787,0.13026,0.00007
ACCCTTCATCTGCGAA-1,0.000037,0.078524,0.354985,0.025321,0.004059,0.000037,0.000037,0.000037,0.44003,0.096935
ACCCTTGCCTGGGTCG-1,0.000056,0.005038,0.232765,0.024811,0.000056,0.011175,0.486197,0.221272,0.000056,0.018575
ACCCTTTAGTTCTCCA-1,0.000214,0.29877,0.000214,0.000214,0.064922,0.000214,0.18716,0.000214,0.447866,0.000214
ACCGAAAGGGCCCTGC-1,0.000069,0.000069,0.000069,0.000069,0.000069,0.000069,0.028178,0.03798,0.797687,0.135741
ACCGAAGAGTCTGGTT-1,0.000128,0.135202,0.17733,0.04041,0.000128,0.000128,0.000128,0.059069,0.502474,0.085003
ACCGACACATCTCCCA-1,0.002565,0.002565,0.002565,0.002565,0.385786,0.002565,0.002565,0.441536,0.154724,0.002565
ACCGACTGAGTCCCAC-1,0.000083,0.032615,0.09641,0.197838,0.000083,0.000083,0.000083,0.325257,0.347464,0.000083
ACCGAGTCTCCTTATT-1,0.00011,0.021247,0.154287,0.00011,0.00011,0.00011,0.297768,0.114095,0.268566,0.143599
ACCGATAGGCATAACC-1,0.000039,0.000039,0.000039,0.000039,0.001904,0.241806,0.474009,0.126958,0.002633,0.152536
ACCGATATTTAATCAT-1,0.00101,0.00101,0.00101,0.00101,0.00101,0.00101,0.00101,0.854787,0.13713,0.00101
ACCGCAATAACTGCCT-1,0.000021,0.285026,0.402184,0.03972,0.110475,0.001952,0.001446,0.121354,0.029434,0.008389
ACCGCGGTGGAAGTCG-1,0.000159,0.336055,0.011286,0.064215,0.022769,0.000159,0.000159,0.220023,0.345016,0.000159
ACCGGGCCTTTGTTGA-1,0.000377,0.000377,0.237994,0.000377,0.000377,0.000377,0.000377,0.647556,0.111808,0.000377
ACCGGTCAGGTACACC-1,0.000565,0.068995,0.475579,0.072549,0.000565,0.000565,0.075738,0.000565,0.304314,0.000565
ACCGTCCACTGGGCCC-1,0.000032,0.270991,0.02082,0.000032,0.003613,0.000032,0.000032,0.288821,0.377847,0.037781
ACCGTGACCACGTGGG-1,0.000081,0.013357,0.024934,0.807596,0.047065,0.000081,0.000081,0.000081,0.103705,0.003017
ACCTAAGTACCTTTCA-1,0.000424,0.210088,0.000424,0.000424,0.077736,0.000424,0.000424,0.532903,0.000424,0.17673
ACCTAATCGACTTCCT-1,0.000117,0.453948,0.003959,0.058955,0.006141,0.000117,0.01951,0.144621,0.29218,0.020454
ACCTACTATAAATCTA-1,0.000037,0.000037,0.000037,0.004873,0.000037,0.102057,0.270419,0.125361,0.257404,0.23974
ACCTCCGCCCTCGCTG-1,0.001471,0.001471,0.171776,0.107536,0.309278,0.001471,0.402584,0.001471,0.001471,0.001471
ACCTCGAACTTATGCT-1,0.000146,0.346979,0.002386,0.000146,0.042444,0.032347,0.000146,0.062982,0.475995,0.03643
ACCTGCGTGTCATGTT-1,0.0004,0.0004,0.047908,0.071071,0.0004,0.0004,0.07601,0.582256,0.220754,0.0004
ACGAAATGGGCGGCAC-1,0.00013,0.004223,0.41849,0.051144,0.00013,0.00013,0.00013,0.325786,0.19971,0.00013
ACGACCCATGAGTTGC-1,0.000018,0.002232,0.042239,0.013645,0.598435,0.002097,0.017034,0.029213,0.252144,0.042942
ACGACTGGTCATACTC-1,0.000037,0.131687,0.083857,0.053831,0.07874,0.015334,0.38846,0.162459,0.032611,0.052983
ACGAGAACCCATCACG-1,0.000036,0.000036,0.000036,0.004074,0.000036,0.000036,0.084623,0.054566,0.519856,0.3367
ACGAGATATTTGCTTA-1,0.000355,0.634756,0.000355,0.000355,0.000355,0.000355,0.000355,0.000355,0.362407,0.000355
ACGAGGATACCACTCT-1,0.001205,0.395837,0.001205,0.001205,0.001205,0.001205,0.156666,0.439061,0.001205,0.001205
ACGAGGTTTACAACGT-1,0.000275,0.491158,0.000275,0.068838,0.000275,0.000275,0.000275,0.15821,0.280144,0.000275
ACGAGTACGGATGCCC-1,0.002326,0.002326,0.002326,0.002326,0.138212,0.002326,0.002326,0.002326,0.603854,0.241651
ACGATACATAGAACTA-1,0.00024,0.325417,0.00024,0.096716,0.00024,0.00024,0.00024,0.234301,0.342122,0.00024
ACGATCATACATAGAG-1,0.000307,0.003957,0.000307,0.645904,0.000307,0.000307,0.045442,0.138834,0.160538,0.004099
ACGATGGATCCGATGC-1,0.000047,0.000047,0.000047,0.000047,0.000047,0.000047,0.000047,0.000047,0.981871,0.01775
ACGCAAACTAATAGAT-1,0.000695,0.029308,0.338515,0.000695,0.399457,0.000695,0.000695,0.228552,0.000695,0.000695
ACGCAATCACTACAGC-1,0.000061,0.049205,0.022163,0.003701,0.000061,0.000061,0.17565,0.419641,0.319698,0.009758
ACGCATACGTTTACTA-1,0.000054,0.368356,0.163729,0.015282,0.222363,0.000081,0.06049,0.070428,0.021538,0.077678
ACGCATTCGTGAGTAC-1,0.000061,0.247715,0.233781,0.044651,0.061355,0.000061,0.006286,0.293129,0.104048,0.008913
ACGCCAGATGATTTCT-1,0.00007,0.041454,0.298937,0.048521,0.041125,0.000169,0.00007,0.149875,0.138816,0.280965
ACGCCGCTAGACGACC-1,0.000046,0.141028,0.132981,0.108497,0.027752,0.000046,0.000046,0.491307,0.098254,0.000046
ACGCGAAGTCAGACGA-1,0.000033,0.042258,0.073474,0.40136,0.003655,0.000033,0.008031,0.352749,0.118374,0.000033
ACGCGTTTCTTAAGAG-1,0.000015,0.279466,0.160554,0.010665,0.004895,0.000015,0.000015,0.019283,0.504181,0.020911
ACGCTAGTGATACACT-1,0.001389,0.001389,0.35206,0.001389,0.001389,0.001389,0.001389,0.001389,0.636826,0.001389
ACGGAATTTAGCAAAT-1,0.00004,0.002391,0.014446,0.02593,0.112006,0.027195,0.025053,0.01227,0.661866,0.118803
ACGGACTCTCAAAGCG-1,0.000389,0.000389,0.500037,0.000389,0.075969,0.10332,0.000389,0.000389,0.132065,0.186662
ACGGAGCGCAAATTAC-1,0.00003,0.170361,0.4187,0.021058,0.01362,0.00003,0.013238,0.038171,0.306463,0.018331
ACGGATGGTGCGGATA-1,0.000435,0.000435,0.75447,0.000435,0.000435,0.000435,0.000435,0.141577,0.100908,0.000435
ACGGCACTTGCTTGGG-1,0.000017,0.013485,0.099902,0.689032,0.00762,0.000017,0.000017,0.11028,0.079615,0.000017
ACGGCCAACATGGACT-1,0.000014,0.005736,0.035214,0.709257,0.018099,0.000014,0.000014,0.117356,0.106092,0.008204
ACGGCGACGATGGGAA-1,0.000016,0.438523,0.371597,0.029245,0.011239,0.00005,0.000016,0.142751,0.004818,0.001745
ACGGCGGGTTGCCCTG-1,0.00125,0.00125,0.00125,0.00125,0.314711,0.302971,0.00125,0.373565,0.00125,0.00125
ACGGCTGGATGTAGAA-1,0.000962,0.590027,0.000962,0.000962,0.000962,0.000962,0.000962,0.151243,0.000962,0.251998
ACGGGAGTGTCGGCCC-1,0.000443,0.052601,0.262453,0.000443,0.000443,0.000443,0.071856,0.363324,0.247554,0.000443
ACGGGCGTATGCGACA-1,0.000239,0.009579,0.109164,0.120698,0.000239,0.000239,0.102835,0.379235,0.277531,0.000239
ACGGGTCATGTGACTT-1,0.000037,0.01931,0.041732,0.000037,0.003234,0.000037,0.011109,0.121814,0.771641,0.031047
ACGTACAGATTTCTCT-1,0.000043,0.000043,0.000043,0.000043,0.000043,0.03399,0.227153,0.232089,0.005724,0.500829
ACGTACTTTGGCACGG-1,0.00008,0.070061,0.084315,0.006609,0.00008,0.00008,0.346503,0.235693,0.10526,0.151321
ACGTAGGAGAGTCGCT-1,0.000054,0.000054,0.000054,0.000054,0.000054,0.000054,0.000054,0.000054,0.973904,0.025667
ACGTCGGGCAACTCGG-1,0.000072,0.221476,0.033583,0.01472,0.014862,0.000072,0.103594,0.010672,0.384757,0.216191
ACGTCTCGTTCCGGGA-1,0.000208,0.143295,0.000208,0.007305,0.000208,0.017377,0.163607,0.667375,0.000208,0.000208
ACGTGACAAAGTAAGT-1,0.00026,0.227568,0.291075,0.054606,0.061706,0.00026,0.00026,0.059764,0.225394,0.079107
ACGTGCGCCTCGTGCA-1,0.002084,0.002084,0.002084,0.002084,0.312974,0.002084,0.002084,0.10915,0.563289,0.002084
ACGTTATTGGTCACTC-1,0.00002,0.050071,0.431642,0.011245,0.192028,0.100852,0.049936,0.002512,0.108308,0.053385
