Barcode,Topic 1,Topic 2,Topic 3,Topic 4to5
AAACAACGAATAGTTC-1,0.001896,0.001896,0.99239,0.003818
AAACAAGTATCTCCCA-1,0.013786,0.013685,0.013776,0.958753
AAACAATCTACTAGCA-1,0.003431,0.003445,0.986307,0.006817
AAACACCAATAACTGC-1,0.043802,0.047118,0.741038,0.168042
AAACAGCTTTCAGAAG-1,0.058691,0.253569,0.68645,0.001291
AAACAGGGTCTATATT-1,0.014553,0.014849,0.941434,0.029164
AAACAGTGTTCCTGGG-1,0.058795,0.001468,0.936787,0.00295
AAACATGGTGAGAGGA-1,0.117475,0.000141,0.882102,0.000282
AAACATTTCCCGGATT-1,0.025647,0.025636,0.897029,0.051688
AAACCCGAACGAAATC-1,0.002157,0.002158,0.002166,0.99352
AAACCGGAAATGTTAA-1,0.778945,0.17978,0.013716,0.02756
AAACCGGGTAGGTACC-1,0.020562,0.034905,0.721242,0.223291
AAACCTAAGCAGCCGG-1,0.001728,0.001729,0.684063,0.31248
AAACCTCATGAAGTTG-1,0.007322,0.007331,0.970577,0.014769
AAACGAAGAACATACC-1,0.226089,0.003595,0.450996,0.31932
AAACGAAGATGGAGTA-1,0.001549,0.001547,0.499254,0.49765
AAACGAGACGGTTGAT-1,0.000601,0.000603,0.997595,0.0012
AAACGCTGGGCACGAC-1,0.000952,0.00094,0.996213,0.001895
AAACGGGCGTACGGGT-1,0.006494,0.006452,0.974183,0.012871
AAACGGGTTGGTATCC-1,0.000428,0.000428,0.358134,0.64101
AAACGGTTGCGAACTG-1,0.001268,0.1903,0.805885,0.002547
AAACGTGTTCGCCCTA-1,0.251955,0.01078,0.715509,0.021756
AAACTCGGTTCGCAAT-1,0.014822,0.014631,0.941286,0.02926
AAACTCGTGATATAAG-1,0.001483,0.086349,0.909203,0.002965
AAACTGCTGGCTCCAA-1,0.000625,0.127449,0.614745,0.257181
AAACTTAATTGCACGC-1,0.17172,0.117831,0.632937,0.077512
AAACTTGCAAACGTAT-1,0.002887,0.002879,0.735643,0.25859
AAAGAATGACCTTAGA-1,0.003408,0.003428,0.736577,0.256587
AAAGAATGTGGACTAA-1,0.00259,0.002591,0.831466,0.163353
AAAGACCCAAGTCGCG-1,0.022833,0.023196,0.907817,0.046154
AAAGACTGGGCGCTTT-1,0.007629,0.007565,0.969653,0.015153
AAAGCTTGCCTACATA-1,0.010953,0.382284,0.585287,0.021475
AAAGGCTACGGACCAT-1,0.021742,0.254206,0.723435,0.000616
AAAGGCTCTCGCGCCG-1,0.000657,0.283379,0.621776,0.094188
AAAGGGCAGCTTGAAT-1,0.00612,0.006488,0.374067,0.613325
AAAGTAGCATTGCTCA-1,0.075845,0.000642,0.922225,0.001288
AAAGTCACTGATGTAA-1,0.020733,0.020625,0.917473,0.041169
AAAGTCGACCCTCAGT-1,0.040274,0.040236,0.838483,0.081007
AAAGTGCCATCAATTA-1,0.00165,0.001648,0.993395,0.003307
AAAGTGTGATTTATCT-1,0.261501,0.005015,0.52381,0.209675
AAAGTTGACTCCCGTA-1,0.009001,0.008944,0.964262,0.017793
AAATAAGGTAGTGCCC-1,0.003075,0.003024,0.003031,0.99087
AAATACCTATAAGCAT-1,0.216984,0.096151,0.385811,0.301054
AAATAGCTTAGACTTT-1,0.015721,0.015775,0.936891,0.031613
AAATAGGGTGCTATTG-1,0.00024,0.000239,0.584559,0.414963
AAATCCGATACACGCC-1,0.010313,0.010307,0.958722,0.020657
AAATCGCGGAAGGAGT-1,0.004276,0.004299,0.732281,0.259145
AAATCTAGCCCTGCTA-1,0.012031,0.182126,0.781769,0.024073
AAATGACTGATCAAAC-1,0.003049,0.003064,0.987769,0.006118
AAATGATTCGATCAGC-1,0.00208,0.002067,0.991673,0.004179
AAATGCTCGTTACGTT-1,0.512798,0.002254,0.480422,0.004526
AAATGGCATGTCTTGT-1,0.281592,0.000477,0.631615,0.086316
AAATGGCCCGTGCCCT-1,0.033793,0.03342,0.403778,0.529009
AAATGTATCTTATCCC-1,0.95652,0.010897,0.010947,0.021636
AAATGTGGGTGCTCCT-1,0.004451,0.004454,0.733476,0.257619
AAATTAATAAGCGCGA-1,0.001124,0.097547,0.899079,0.00225
AAATTACCTATCGATG-1,0.001884,0.001879,0.992482,0.003755
AAATTCCAGGTCCAAA-1,0.017188,0.017174,0.931144,0.034494
AAATTGATAGTCCTTT-1,0.000227,0.000227,0.596112,0.403434
AAATTGCGGCGGTTCT-1,0.002986,0.002975,0.431248,0.562792
AAATTGGTGAGAAGCA-1,0.002372,0.002385,0.730932,0.264311
AAATTTGCGGGTGTGG-1,0.025459,0.000392,0.931234,0.042916
AACAACTGGTAGTTGC-1,0.00026,0.075453,0.554324,0.369963
AACAATTACTCTACGC-1,0.00013,0.00013,0.021105,0.978636
AACACACGCTCGCCGC-1,0.003531,0.003526,0.679481,0.313463
AACACGACTGTACTGA-1,0.51677,0.008591,0.457459,0.017179
AACACGAGACGCGGCC-1,0.000696,0.000696,0.434125,0.564484
AACACGCGGCCGCGAA-1,0.011274,0.011259,0.954838,0.022629
AACAGGAAATCGAATA-1,0.238965,0.00061,0.759207,0.001219
AACAGGATGGGCCGCG-1,0.000057,0.000057,0.000057,0.999829
AACAGGTAGTATGGAT-1,0.0082,0.008295,0.008217,0.975289
AACATAGCGTGTATCG-1,0.000791,0.000793,0.954054,0.044362
AACATATCAACTGGTG-1,0.03495,0.034063,0.863839,0.067148
AACATCGATACGTCTA-1,0.010855,0.010874,0.335696,0.642576
AACATTGGTCAGCCGT-1,0.008145,0.008223,0.96727,0.016362
AACATTGTGACTCGAG-1,0.000465,0.03944,0.67268,0.287415
AACCAAGACTTCTCTG-1,0.00336,0.074897,0.840153,0.08159
AACCATAGGGTTGAAC-1,0.005715,0.151735,0.500919,0.341631
AACCATGGGATCGCTA-1,0.002402,0.002387,0.68288,0.312331
AACCCAGAGACGGAGA-1,0.126893,0.005531,0.856445,0.011131
AACCCATCCCATGATC-1,0.006848,0.006853,0.703744,0.282555
AACCCGACAACCCGTG-1,0.002513,0.219619,0.622285,0.155582
AACCCGAGCAGAATCG-1,0.003938,0.003944,0.409884,0.582235
AACCCGCTGTATTCCA-1,0.233437,0.001212,0.762925,0.002426
AACCCTACTGTCAATA-1,0.000441,0.000441,0.000441,0.998677
AACCCTGGTGGAACCA-1,0.218466,0.065416,0.714168,0.00195
AACCGCTAAGGGATGC-1,0.671622,0.016997,0.017183,0.294198
AACCGTTGTGTTTGCT-1,0.005583,0.005591,0.524158,0.464668
AACCTCGCTTTAGCCC-1,0.000709,0.000707,0.443467,0.555117
AACCTGTCACGGAATT-1,0.012767,0.012751,0.616349,0.358133
AACCTTTAAATACGGT-1,0.000336,0.022554,0.976441,0.00067
AACCTTTACGACGTCT-1,0.001422,0.155537,0.736712,0.106329
AACGAAAGTCGTCCCA-1,0.000817,0.042969,0.00082,0.955394
AACGACCTCCTAGCCG-1,0.00281,0.002801,0.988764,0.005626
AACGATAATGCCGTAG-1,0.009904,0.105651,0.754917,0.129528
AACGATAGAAGGGCCG-1,0.054102,0.078155,0.71875,0.148993
AACGCATGATCTGGGT-1,0.007604,0.007588,0.969585,0.015222
AACGCGAACGGCAACA-1,0.004985,0.004989,0.980036,0.00999
AACGCGACCTTGGGCG-1,0.247493,0.0046,0.738778,0.009128
AACGCTGTTGCTGAAA-1,0.458372,0.001867,0.401881,0.13788
AACGGACGTACGTATA-1,0.003899,0.003894,0.984414,0.007793
AACGGCCATCTCCGGT-1,0.063989,0.058739,0.694699,0.182574
AACGTAGTCTACCCAT-1,0.000703,0.000707,0.99718,0.00141
AACGTCAGACTAGTGG-1,0.002755,0.035144,0.58952,0.372582
AACGTCATCCGGCTTG-1,0.001582,0.001585,0.692862,0.303971
AACGTCGCTGCACTTC-1,0.003263,0.13455,0.685644,0.176543
AACGTGCGAAAGTCTC-1,0.005531,0.000435,0.993162,0.000872
AACGTTATCAGCACCT-1,0.34088,0.004687,0.004676,0.649758
AACGTTCTACCATTGT-1,0.146829,0.004649,0.839198,0.009324
AACTACCCGTTTGTCA-1,0.013749,0.013717,0.944982,0.027552
AACTAGCGTATCGCAC-1,0.016388,0.115889,0.863572,0.004151
AACTAGGCTTGGGTGT-1,0.015387,0.376484,0.607334,0.000796
AACTCCAGAGCGTGTT-1,0.004447,0.004442,0.135118,0.855992
AACTCGATAAACACGT-1,0.002361,0.111032,0.255512,0.631095
AACTCGATGGCGCAGT-1,0.010793,0.010942,0.956693,0.021572
AACTCTCAATAGAGCG-1,0.01222,0.011962,0.707913,0.267905
AACTGAGTTATACTGA-1,0.008621,0.008436,0.965848,0.017094
AACTGATATTAGGCCT-1,0.289262,0.132358,0.577303,0.001077
AACTGGGTCCCGACGT-1,0.046007,0.214693,0.738582,0.000718
AACTGGTGTGGGCCTT-1,0.012747,0.012819,0.948714,0.02572
AACTTCTGCGTCTATC-1,0.008927,0.008866,0.253132,0.729076
AACTTGCCCGTATGCA-1,0.000296,0.000296,0.408821,0.590587
AACTTGCGTTCTCGCG-1,0.007844,0.007818,0.968531,0.015806
AACTTTACGGGAGCTT-1,0.026138,0.025385,0.897329,0.051148
AACTTTAGCTGCTGAG-1,0.0038,0.003814,0.864306,0.128081
AACTTTCTCGATCATG-1,0.152561,0.004738,0.387054,0.455646
AAGAAATCACCAGATT-1,0.013593,0.013632,0.945266,0.027509
AAGAAGGATCAGTTAG-1,0.007358,0.34693,0.631101,0.014611
AAGACATACGTGGTTT-1,0.220922,0.006565,0.664325,0.108188
AAGACCAAATAACTCA-1,0.002347,0.00234,0.501571,0.493742
AAGACCCAACTGAACA-1,0.193249,0.128588,0.677711,0.000453
AAGACTAACCCGTTGT-1,0.001722,0.090007,0.904833,0.003438
AAGAGATGAATCGGTA-1,0.000171,0.00017,0.013688,0.985971
AAGAGCTCTTTATCGG-1,0.000559,0.053621,0.944704,0.001116
AAGAGGATGTACGCGA-1,0.000278,0.000278,0.788916,0.210528
AAGAGGCATGGATCGC-1,0.000635,0.000635,0.997463,0.001267
AAGAGGCCCTTTGGAA-1,0.115913,0.012132,0.56787,0.304086
AAGATTGGCGGAACGT-1,0.001234,0.001232,0.57133,0.426205
AAGCACCCTGCGTATC-1,0.041541,0.021405,0.676359,0.260695
AAGCATACTCTCCTGA-1,0.204247,0.002487,0.38668,0.406587
AAGCCGAAGCGGTTTA-1,0.016986,0.016875,0.931884,0.034255
AAGCCGCTTTACCTTG-1,0.011436,0.011507,0.954067,0.022991
AAGCCGGAGAGCAGGA-1,0.002014,0.002005,0.991946,0.004035
AAGCGCAGGGCTTTGA-1,0.001172,0.00117,0.95358,0.044078
AAGCGGAGTGCGCGCA-1,0.0004,0.065921,0.620877,0.312802
AAGCTAGATCGAGTAA-1,0.145753,0.238147,0.615635,0.000464
AAGCTCGTGCCAAGTC-1,0.301228,0.001103,0.695458,0.002211
AAGCTCTTTCATGGTG-1,0.000113,0.000113,0.000113,0.999662
AAGGAGAACTTATAAG-1,0.00145,0.00144,0.794179,0.202931
AAGGAGCGGTTGGTGC-1,0.000287,0.503133,0.309977,0.186603
AAGGATCGATCGCTTG-1,0.558797,0.013001,0.402584,0.025618
AAGGATGAGGGACCTC-1,0.001934,0.001947,0.992252,0.003867
AAGGCAGGCTGTCTCC-1,0.010801,0.010781,0.362182,0.616235
AAGGCGCGTAAAGCTT-1,0.045035,0.001545,0.348566,0.604854
AAGGCTGTGCTCATCG-1,0.237704,0.309592,0.329568,0.123135
AAGGGAACGACTGGCT-1,0.041785,0.158979,0.602005,0.197232
AAGGGACAGATTCTGT-1,0.001501,0.195982,0.661462,0.141054
AAGGGACTATGCATTC-1,0.061927,0.001005,0.755859,0.181209
AAGGGTTAGCCATGCG-1,0.15586,0.001853,0.681183,0.161104
AAGGGTTTGATTTCAG-1,0.417026,0.003002,0.573929,0.006043
AAGGTATCCTAATATA-1,0.000331,0.233854,0.765153,0.000662
AAGGTGATAAACCAGC-1,0.00195,0.001951,0.544336,0.451763
AAGTAAGCTTCCAAAC-1,0.000388,0.000387,0.998448,0.000777
AAGTAGAAGACCGGGT-1,0.096515,0.002732,0.805912,0.094841
AAGTAGTGACGCGAGG-1,0.000182,0.000182,0.51161,0.488026
AAGTCAATTGTCGTCA-1,0.013073,0.012795,0.948214,0.025919
AAGTCTAGTAGCTGCC-1,0.007333,0.007341,0.663409,0.321917
AAGTCTTCTGTGGCCT-1,0.012971,0.012812,0.948746,0.025472
AAGTGACGACCGAATT-1,0.001025,0.001024,0.995899,0.002052
AAGTGAGTCGGGTTTA-1,0.445514,0.005526,0.537801,0.011159
AAGTGCAAAGGTAGAC-1,0.015912,0.015962,0.936446,0.03168
AAGTGCCTTGACTGTA-1,0.009514,0.079699,0.009437,0.90135
AAGTGCGTTAGAATCT-1,0.001298,0.001306,0.915607,0.08179
AAGTGCTTCTCTATTG-1,0.010965,0.010733,0.956729,0.021572
AAGTGTTTGGAGACGG-1,0.000118,0.000118,0.164855,0.834908
AAGTTCACTCCAAGCT-1,0.001558,0.001561,0.235454,0.761427
AAGTTCAGTCTGCGTA-1,0.198126,0.004591,0.187627,0.609656
AAGTTCGGCCAACAGG-1,0.00028,0.037802,0.900776,0.061142
AAGTTGTGATGTTATA-1,0.012005,0.012073,0.951855,0.024067
AAGTTTACTAATGGCA-1,0.009423,0.009308,0.962607,0.018662
AAGTTTATGGGCCCAA-1,0.428573,0.00267,0.563403,0.005354
AATAACAACGCTCGGC-1,0.000062,0.000062,0.041571,0.958305
AATAACGTCGCGCCCA-1,0.001871,0.176202,0.818198,0.003729
AATAAGTCCTCGAGAC-1,0.001081,0.00108,0.995656,0.002184
AATAATCTTCGTATCG-1,0.005531,0.005526,0.241577,0.747366
AATACAATGTTTCAGG-1,0.004644,0.004655,0.558254,0.432447
AATACCGGAGGGCTGT-1,0.000959,0.183979,0.634728,0.180334
AATACCTGATGTGAAC-1,0.000987,0.000984,0.996054,0.001974
AATAGAATCTGTTTCA-1,0.000728,0.000727,0.000728,0.997817
AATAGCTACCGCGTGC-1,0.008179,0.008156,0.9673,0.016365
AATAGGCACGACCCTT-1,0.01073,0.010883,0.956699,0.021688
AATAGTCCGTCCCGAC-1,0.185296,0.401647,0.412515,0.000542
AATAGTCGCGAGTCGG-1,0.01704,0.016994,0.01733,0.948635
AATATCAAGGTCGGAT-1,0.014731,0.014719,0.941325,0.029226
AATATCCTAGCAAACT-1,0.008129,0.008145,0.967421,0.016305
AATATCGAATCAATGC-1,0.01596,0.015939,0.936673,0.031427
AATATCGAGGGTTCTC-1,0.003942,0.003962,0.984258,0.007838
AATATTGGAGTATTGA-1,0.003626,0.121104,0.705509,0.169761
AATCAGACTGCAGGAC-1,0.008101,0.00814,0.967461,0.016298
AATCATGTAAAGACTC-1,0.003821,0.003808,0.984779,0.007592
AATCCAAGGGCCTGAG-1,0.001554,0.001547,0.993818,0.003082
AATCCATGCAAGGGTG-1,0.012879,0.012887,0.948696,0.025538
AATCCCGCTCAGAGCC-1,0.002738,0.002753,0.741673,0.252835
AATCGAGGTCTCAAGG-1,0.00044,0.00044,0.983089,0.016031
AATCGCCTCAGCGCCA-1,0.018345,0.000684,0.97961,0.001362
AATCGCGCAGAGGACT-1,0.10251,0.002083,0.74286,0.152547
AATCGGGACACTACGA-1,0.00242,0.002417,0.902637,0.092526
AATCGGTATAGCCCTC-1,0.36728,0.002078,0.482449,0.148193
AATCGTGAGCCGAGCA-1,0.009798,0.00973,0.96073,0.019742
AATCTAGGTTTACTTG-1,0.004752,0.040898,0.249287,0.705063
AATCTATGCCGGAGCC-1,0.067211,0.067069,0.731417,0.134302
AATCTCTACTGTGGTT-1,0.023068,0.022771,0.022908,0.931254
AATCTGCGTTGGGACG-1,0.001252,0.001254,0.448155,0.549339
AATCTGGCTTTCTAGT-1,0.050446,0.050403,0.797393,0.101758
AATGACAGCAATGTCT-1,0.004046,0.000621,0.828606,0.166727
AATGACGTAGGATGTC-1,0.00055,0.000549,0.997139,0.001762
AATGACTGTCAGCCGG-1,0.113186,0.065498,0.615947,0.205369
AATGAGTTCGCATATG-1,0.009734,0.009766,0.960921,0.019578
AATGATGATACGCTAT-1,0.561087,0.001531,0.434311,0.003072
AATGATGCGACTCCTG-1,0.192471,0.003537,0.003555,0.800437
AATGCACCAAGCAATG-1,0.000628,0.057948,0.94017,0.001254
AATGGTCCACCGTTCA-1,0.005578,0.005571,0.785563,0.203288
AATGGTTCTCACAAGC-1,0.000343,0.000342,0.376241,0.623074
AATGTATGGCACTGTA-1,0.005902,0.005908,0.744129,0.244061
AATGTGCCCGAGGTGT-1,0.002258,0.045993,0.624714,0.327034
AATGTTAAGACCCTGA-1,0.001121,0.001123,0.841459,0.156298
AATGTTGTCGTGAGAC-1,0.011474,0.187933,0.777933,0.02266
AATTAACGGATTTCCA-1,0.146799,0.144063,0.592463,0.116675
AATTACGAGACCCATC-1,0.001836,0.00183,0.359849,0.636485
AATTACTCGTACGCTC-1,0.009795,0.009896,0.960688,0.019621
AATTAGCGCTGCAGCG-1,0.000579,0.533141,0.423314,0.042965
AATTATACCCAGCAAG-1,0.001079,0.001073,0.904153,0.093695
AATTCATAAGGGATCT-1,0.001881,0.001885,0.992442,0.003793
AATTCATTGTCATGCA-1,0.001743,0.017293,0.662363,0.318601
AATTCCAACTTGGTGA-1,0.015606,0.015763,0.652633,0.315998
AATTCCAAGCATGTAC-1,0.000641,0.2414,0.747056,0.010904
AATTCGATTCGAGGAT-1,0.000907,0.000907,0.183959,0.814227
AATTGAACGCTCTGGT-1,0.01789,0.000154,0.041185,0.94077
AATTGCAGCAATCGAC-1,0.005583,0.005573,0.538542,0.450302
AATTGTGGTTGCCAAA-1,0.137105,0.006809,0.842334,0.013751
AATTTGGTTCCAAAGA-1,0.001333,0.119782,0.519648,0.359237
ACAAACCATGCGTCCT-1,0.000792,0.051459,0.725776,0.221973
ACAAACCGACAAGGCG-1,0.270533,0.001153,0.59424,0.134074
ACAAACTCCATCAGAG-1,0.276925,0.005755,0.70589,0.01143
ACAAAGAAGGTAGGCC-1,0.005993,0.006002,0.975921,0.012083
ACAAAGCATGACCTAG-1,0.003565,0.00356,0.985808,0.007067
ACAAATCGCACCGAAT-1,0.005925,0.038897,0.000075,0.955103
ACAAATGGTAGTGTTT-1,0.000487,0.000487,0.454759,0.544267
ACAACGGTCCCTGCGA-1,0.000115,0.011255,0.093349,0.895281
ACAAGCAGTGCCTAGC-1,0.00012,0.00012,0.00127,0.99849
ACAAGCTATATGGAAG-1,0.01284,0.012852,0.29005,0.684258
ACAAGGAAATCCGCCC-1,0.011976,0.098221,0.889068,0.000735
ACAAGGACAAGAGGTT-1,0.010358,0.013749,0.544516,0.431378
ACAAGGATGCTTTAGG-1,0.000732,0.000733,0.235162,0.763372
ACAAGGGCAGGCTCTG-1,0.000412,0.000412,0.937422,0.061754
ACAATAGTCGTACGTT-1,0.007062,0.007101,0.77843,0.207406
ACAATCCATTTAAACC-1,0.000229,0.000229,0.658542,0.341
ACAATCGATCTTTATA-1,0.004464,0.004497,0.98207,0.008969
ACAATGAATACGGAGA-1,0.00068,0.00068,0.807445,0.191195
ACAATTGTGTCTCTTT-1,0.029824,0.029365,0.881953,0.058857
ACAATTTAGGAGGCTC-1,0.010867,0.010881,0.956489,0.021763
ACAATTTGAGCAGTGG-1,0.001155,0.001155,0.798289,0.199401
ACAATTTGGCCATATT-1,0.010322,0.01026,0.958813,0.020605
ACACAAAGACGGGTGG-1,0.000309,0.281578,0.530588,0.187525
ACACAAATATTCCTAG-1,0.010259,0.010187,0.959204,0.020349
ACACACCAGGACCAGT-1,0.00278,0.002768,0.496352,0.4981
ACACACTTTCTACACG-1,0.000305,0.090899,0.333822,0.574974
ACACATGATCAAATCT-1,0.00033,0.000331,0.959959,0.039381
ACACATTGACGCAACA-1,0.262798,0.011477,0.70288,0.022846
ACACATTTCCGTAGAC-1,0.196155,0.001718,0.798708,0.003419
ACACCACATAATTAGC-1,0.002856,0.002836,0.170095,0.824213
ACACCCAGCATGCAGC-1,0.084889,0.250559,0.614548,0.050005
ACACCCGAGAAATCCG-1,0.000125,0.000126,0.695446,0.304303
ACACCGAGCGCTCTTT-1,0.025769,0.025363,0.897499,0.051369
ACACCGGTCTGACCGC-1,0.000488,0.090132,0.755057,0.154323
ACACCTTAAGTAGGGC-1,0.000224,0.008417,0.80554,0.185819
ACACCTTACTACTTGC-1,0.010403,0.010194,0.95888,0.020523
ACACGGCACTATGCAT-1,0.001189,0.061885,0.934545,0.002381
ACACGTAGGCCACAAG-1,0.009775,0.009709,0.631716,0.3488
ACACTCCAATGTCACT-1,0.011351,0.011387,0.954577,0.022685
ACACTGGGACAGTCGT-1,0.188382,0.008846,0.785001,0.017771
ACAGAACTGAGAACAA-1,0.000265,0.006114,0.863032,0.13059
ACAGATTAGGTTAGTG-1,0.001491,0.00149,0.869634,0.127386
ACAGCATAGAGCCAGT-1,0.313577,0.003805,0.675009,0.007609
ACAGCGACATTCTCAT-1,0.018438,0.018363,0.925915,0.037284
ACAGGAGGCGCAGCCG-1,0.002313,0.002311,0.990786,0.004589
ACAGGCACGGATCCTT-1,0.005141,0.232531,0.752016,0.010312
ACAGGCTTGCCCGACT-1,0.000724,0.000728,0.500183,0.498365
ACAGGTGTGTTGTTGC-1,0.017138,0.017164,0.93121,0.034488
ACAGTAATACAACTTG-1,0.022601,0.908775,0.023066,0.045559
ACAGTATACCGTGGGA-1,0.002454,0.002449,0.793288,0.20181
ACATAAGTCGTGGTGA-1,0.014831,0.014868,0.941154,0.029147
ACATAATAAGGCGGTG-1,0.006683,0.590015,0.391241,0.01206
ACATACAATCAAGCGG-1,0.001299,0.001312,0.994787,0.002601
ACATCAGCTGGGACGC-1,0.012874,0.012897,0.683086,0.291143
ACATCCCGGCCATACG-1,0.000266,0.714498,0.195033,0.090204
ACATCCTGGTAACTGT-1,0.020387,0.020803,0.917509,0.041301
ACATCGGTCAGCCGCG-1,0.000364,0.000364,0.889952,0.109319
ACATCGTATGCAATGG-1,0.000344,0.000345,0.944843,0.054467
ACATCGTTAACCTAGT-1,0.001326,0.001326,0.899661,0.097687
ACATCTCAACGCGTAA-1,0.004591,0.004559,0.981654,0.009195
ACATGGCGCCAAAGTA-1,0.003372,0.218659,0.771261,0.006708
ACATGGCTCAATTTAG-1,0.908407,0.022937,0.023317,0.045339
ACATTTGAAACCTAAC-1,0.001225,0.001221,0.995102,0.002452
ACCAAACACCCAGCGA-1,0.002552,0.002555,0.601636,0.393256
ACCAAACTAGAAATCC-1,0.012003,0.012041,0.658897,0.317059
ACCAACACCACACACT-1,0.012815,0.012919,0.612794,0.361471
ACCAACCGCACTCCAC-1,0.003435,0.003439,0.003435,0.989691
ACCAAGAACGCGTGTC-1,0.049917,0.009068,0.815209,0.125807
ACCAAGTCATCGGCAG-1,0.004301,0.004294,0.778942,0.212463
ACCAATATGCAAGTTA-1,0.184394,0.000169,0.453735,0.361702
ACCACACGGTTGATGG-1,0.0016,0.001594,0.993592,0.003214
ACCACCAATGTAACAA-1,0.00437,0.004321,0.739194,0.252115
ACCACCCTCTCTTCTA-1,0.006227,0.006263,0.974966,0.012545
ACCACGTGCAGCTATA-1,0.000932,0.05195,0.945245,0.001872
ACCACTGTTCAAGAAG-1,0.002095,0.002098,0.991642,0.004166
ACCAGACCATAACAAC-1,0.00628,0.006191,0.975011,0.012518
ACCAGCCCGGTCTTTG-1,0.353563,0.006231,0.627686,0.012521
ACCAGGAGTGTGATCT-1,0.00176,0.125428,0.514621,0.358191
ACCAGTGCGGGAGACG-1,0.01284,0.012774,0.948552,0.025834
ACCATCCGCCAACTAG-1,0.014755,0.014577,0.94142,0.029249
ACCATTAAGGGTGTCA-1,0.025745,0.025595,0.897255,0.051405
ACCCAACGCCCGTGGC-1,0.006094,0.00602,0.975667,0.012219
ACCCACCTACATGCTC-1,0.000172,0.000172,0.163526,0.836131
ACCCATCTTGAGGGTA-1,0.000432,0.059069,0.829581,0.110918
ACCCATTTGTCCCTCT-1,0.005257,0.00529,0.97894,0.010513
ACCCGGAAACTCCCAG-1,0.326458,0.000294,0.617761,0.055487
ACCCGGAGCACCACAA-1,0.000559,0.000556,0.997771,0.001115
ACCCGGATGACGCATC-1,0.001285,0.001287,0.994862,0.002567
ACCCGTAGTCTAGTTG-1,0.001341,0.001343,0.417228,0.580088
ACCCGTGTCATCAGTA-1,0.000441,0.434778,0.5639,0.000882
ACCCTATAGGACTGAG-1,0.003597,0.003613,0.26288,0.729911
ACCCTCCCGTCAGGGC-1,0.00343,0.00342,0.942092,0.051058
ACCCTCCCTTGCTATT-1,0.000214,0.000214,0.13879,0.860783
ACCCTGGTAACGCCCT-1,0.009827,0.009748,0.960714,0.019711
ACCCTTCATCTGCGAA-1,0.000604,0.000604,0.202969,0.795823
ACCCTTGCCTGGGTCG-1,0.003815,0.003816,0.984757,0.007613
ACCGAAAGGGCCCTGC-1,0.015684,0.2614,0.691645,0.03127
ACCGAAGAGTCTGGTT-1,0.025588,0.241784,0.025886,0.706742
ACCGACACATCTCCCA-1,0.138217,0.060092,0.702343,0.099348
ACCGAGTCTCCTTATT-1,0.002526,0.002527,0.989875,0.005072
ACCGATAGGCATAACC-1,0.498922,0.015828,0.015985,0.469265
ACCGATATTTAATCAT-1,0.02026,0.020597,0.917538,0.041604
ACCGATGGTAGCATCG-1,0.009784,0.009714,0.960876,0.019626
ACCGCAATAACTGCCT-1,0.000222,0.181732,0.519987,0.29806
ACCGCGGTGGAAGTCG-1,0.443398,0.014612,0.512507,0.029483
ACCGGGCCTTTGTTGA-1,0.319255,0.01852,0.018949,0.643277
ACCGGTCAGGTACACC-1,0.001099,0.183474,0.813218,0.002209
ACCGTCCACTGGGCCC-1,0.004479,0.004478,0.982131,0.008912
ACCGTGACCACGTGGG-1,0.000896,0.000898,0.888373,0.109832
ACCGTTCCCGCTCTGA-1,0.009317,0.009354,0.96263,0.018699
ACCTAAGTACCTTTCA-1,0.000579,0.043024,0.875792,0.080604
ACCTAATCGACTTCCT-1,0.031083,0.000098,0.000098,0.96872
ACCTACAGTATGTGGT-1,0.018659,0.018628,0.925433,0.037279
ACCTACTATAAATCTA-1,0.014713,0.01483,0.941354,0.029103
ACCTCAGCGAGGCGCA-1,0.000586,0.000585,0.997662,0.001167
ACCTCCGCCCTCGCTG-1,0.006042,0.006015,0.006087,0.981856
ACCTCCGTTATTCACC-1,0.02271,0.022806,0.650171,0.304312
ACCTCGAACTTATGCT-1,0.000317,0.057982,0.675499,0.266203
ACCTGCGTGTCATGTT-1,0.001902,0.0019,0.469238,0.526959
ACCTTTCCTTTAGAAG-1,0.007107,0.00709,0.971755,0.014048
ACGAAATGGGCGGCAC-1,0.000859,0.00086,0.910409,0.087872
ACGACCCATGAGTTGC-1,0.000851,0.059611,0.938475,0.001064
ACGACTCTAGGGCCGA-1,0.003369,0.003378,0.65903,0.334222
ACGAGAACCCATCACG-1,0.007292,0.007287,0.970885,0.014535
ACGAGGATACCACTCT-1,0.000685,0.000687,0.446849,0.55178
ACGAGGTTTACAACGT-1,0.034014,0.033795,0.864607,0.067583
ACGAGTACGGATGCCC-1,0.011346,0.011348,0.954494,0.022812
ACGAGTCGCCGGCGTT-1,0.008996,0.008907,0.964225,0.017872
ACGATACATAGAACTA-1,0.00251,0.002523,0.989941,0.005026
ACGATACCTATCCTGA-1,0.392473,0.006022,0.124985,0.47652
ACGATCATCTTGTAAA-1,0.022922,0.022766,0.908975,0.045336
ACGATGGATCCGATGC-1,0.002146,0.002156,0.99141,0.004288
ACGCAAACTAATAGAT-1,0.007608,0.00758,0.96948,0.015331
ACGCAATCACTACAGC-1,0.692504,0.099994,0.188827,0.018675
ACGCATACGTTTACTA-1,0.014664,0.14533,0.014574,0.825431
ACGCCACTCGAAACAG-1,0.002657,0.002652,0.989355,0.005336
ACGCCAGATGATTTCT-1,0.003675,0.003656,0.985313,0.007356
ACGCCAGTGCGTTTGC-1,0.004035,0.004006,0.983869,0.008091
ACGCCCAGCTGTCGAT-1,0.005693,0.005706,0.977175,0.011426
ACGCCGCTAGACGACC-1,0.171791,0.000298,0.436393,0.391518
ACGCCTGACACGCGCT-1,0.001174,0.001178,0.853994,0.143654
ACGCGCTACACAGGGT-1,0.16813,0.00034,0.595198,0.236332
ACGCGTTTCTTAAGAG-1,0.012133,0.012124,0.563184,0.412558
ACGCTACTGAATGGGC-1,0.002636,0.002656,0.858524,0.136184
ACGCTAGTGATACACT-1,0.007402,0.007288,0.007396,0.977913
ACGCTGTGAGGCGTAG-1,0.013724,0.013601,0.945481,0.027195
ACGGAACACGAGTGCC-1,0.002143,0.002137,0.768565,0.227154
ACGGAATTTAGCAAAT-1,0.00226,0.002262,0.990944,0.004533
ACGGACTCTCAAAGCG-1,0.047002,0.000148,0.292054,0.660796
ACGGAGCGCAAATTAC-1,0.003105,0.185419,0.409226,0.40225
ACGGATGGTGCGGATA-1,0.000168,0.000169,0.18131,0.818353
ACGGCGACGATGGGAA-1,0.000275,0.000275,0.9989,0.00055
ACGGCGGGTTGCCCTG-1,0.00081,0.000816,0.996756,0.001618
ACGGCTGGATGTAGAA-1,0.003259,0.003272,0.802798,0.190671
ACGGGAGTGTCGGCCC-1,0.08798,0.112744,0.765311,0.033965
ACGGGCGTATGCGACA-1,0.00162,0.001613,0.993533,0.003234
ACGGGTCATGTGACTT-1,0.020676,0.379746,0.558506,0.041072
ACGGTACAGTTCAATG-1,0.004442,0.004457,0.982111,0.00899
ACGTACAGATTTCTCT-1,0.485173,0.010308,0.484037,0.020483
ACGTAGGAGAGTCGCT-1,0.001308,0.001312,0.994755,0.002626
ACGTATTACTCCGATC-1,0.009318,0.009195,0.806695,0.174791
ACGTCCTAAACGAGAT-1,0.009407,0.009247,0.962693,0.018653
ACGTCTCGTTCCGGGA-1,0.011364,0.011273,0.954555,0.022808
ACGTGACAAAGTAAGT-1,0.009313,0.181017,0.658482,0.151189
ACGTGCGCCTCGTGCA-1,0.000627,0.149256,0.848861,0.001256
ACGTGGTCGAATGTGC-1,0.145584,0.000681,0.852371,0.001364
ACGTTAGATTTGCCCG-1,0.05566,0.090598,0.795214,0.058529
ACGTTATTGGTCACTC-1,0.052604,0.051194,0.052108,0.844093
ACGTTCACTATGCCGC-1,0.029256,0.298386,0.612954,0.059404
ACGTTCCGCGCTCCGT-1,0.259762,0.009818,0.710802,0.019618
ACGTTCGCAATCAATT-1,0.369911,0.006176,0.006246,0.617667
ACGTTCGTTCAGGAAA-1,0.169727,0.000954,0.811776,0.017543
ACGTTCTGTACAAGTC-1,0.005117,0.005132,0.560173,0.429578
ACGTTTAGTTGTGATC-1,0.007874,0.007886,0.728042,0.256198
ACGTTTCGGTGCACTT-1,0.002659,0.002671,0.989352,0.005318
ACTAAGGACGCACACC-1,0.000411,0.000411,0.768529,0.23065
ACTACAAAGAGAGGTG-1,0.000873,0.000875,0.927088,0.071165
ACTACATCCCGACAAG-1,0.000288,0.081548,0.772814,0.14535
ACTACCAGCTCTCTGG-1,0.000199,0.039966,0.65656,0.303275
ACTACGCGTTAGAATT-1,0.276916,0.186816,0.52722,0.009048
ACTAGTTGCGATCGTC-1,0.018465,0.018444,0.925959,0.037132
ACTATATGCTGTGTTC-1,0.001733,0.001729,0.69614,0.300398
ACTATCCAGGGCATGG-1,0.017003,0.017021,0.931865,0.034111
ACTATCGCCGGCTAAA-1,0.17523,0.001525,0.309487,0.513758
ACTATCTGCCCGCGTA-1,0.014702,0.014761,0.941284,0.029252
ACTATGTCCAGCTGCC-1,0.000654,0.150565,0.668215,0.180566
ACTATTCGTCCGTGGT-1,0.006218,0.493242,0.488021,0.012518
ACTATTTCCGGGCCCA-1,0.001091,0.001088,0.848651,0.14917
ACTCAACGAATGTATT-1,0.006043,0.006002,0.97595,0.012004
ACTCAAGTGCAAGGCT-1,0.002032,0.002028,0.448763,0.547177
ACTCAGACCTGCTTCT-1,0.017363,0.016904,0.676377,0.289355
ACTCCCATTCCTAAAG-1,0.605555,0.089097,0.273889,0.03146
ACTCCCGAATTCGTTT-1,0.02955,0.029351,0.882237,0.058862
ACTCCCGTAGACTAGG-1,0.003943,0.00393,0.984191,0.007937
ACTCCCTAATGCTAAA-1,0.177203,0.101519,0.720416,0.000861
ACTCCCTAGAATAGTA-1,0.248699,0.146005,0.475276,0.13002
ACTCCGGCCGACCACT-1,0.006356,0.006375,0.974478,0.012792
ACTCGATGTATTTCAT-1,0.020606,0.020618,0.917502,0.041274
ACTCGCCGTTCGATAA-1,0.435526,0.539647,0.008281,0.016546
ACTCGCGATCTGACGC-1,0.015739,0.479128,0.015834,0.4893
ACTCGTAACCCGTCCT-1,0.000411,0.009216,0.683402,0.306971
ACTCGTCAGTAATCCC-1,0.231572,0.012541,0.749305,0.006583
ACTCTAAACCTGGGAT-1,0.008528,0.008545,0.86129,0.121636
ACTCTCTGACTTAGGT-1,0.000638,0.000637,0.922148,0.076577
ACTCTGACCTAATAGA-1,0.005237,0.005227,0.979053,0.010482
ACTCTTCAGCTCCCGC-1,0.018505,0.018611,0.620371,0.342513
ACTGAAACGCCGTTAG-1,0.008888,0.081573,0.891571,0.017968
ACTGAATGGCGAAAGT-1,0.000276,0.000277,0.547901,0.451547
ACTGCCGTCGTAACTC-1,0.249584,0.167629,0.580612,0.002175
ACTGCGGACACACCGT-1,0.222218,0.010767,0.745505,0.02151
ACTGCTCGGAAGGATG-1,0.003222,0.003207,0.987098,0.006472
ACTGGCGAACCTGCGT-1,0.070958,0.000804,0.687587,0.240652
ACTGGGATGCCAGTGC-1,0.213077,0.000671,0.287589,0.498663
ACTGTACGATACACAT-1,0.142937,0.001057,0.562832,0.293175
ACTGTAGCACTTTGGA-1,0.121005,0.000342,0.573925,0.304728
ACTGTATACGCGAGCA-1,0.005219,0.005244,0.979052,0.010485
ACTGTGCTAGTAGATC-1,0.11917,0.002208,0.253706,0.624915
ACTGTTTAGTGTAGGC-1,0.004532,0.004534,0.981887,0.009048
ACTTACGCATCCACGC-1,0.046149,0.066793,0.574447,0.312612
ACTTAGTACGACAAGA-1,0.000511,0.000513,0.451039,0.547937
ACTTATACTTACCCGG-1,0.003607,0.003573,0.643705,0.349115
ACTTATCTGATCTATA-1,0.000366,0.077826,0.673912,0.247895
ACTTATTTATGTGCCA-1,0.330555,0.01727,0.017242,0.634933
ACTTCAGGCTGATCCC-1,0.000119,0.000119,0.016427,0.983335
ACTTCCAGTGGAAGCT-1,0.005045,0.005002,0.979886,0.010067
ACTTCCATGCGGGACA-1,0.001399,0.069638,0.755838,0.173125
ACTTCGCTAGCGAGTG-1,0.018607,0.018559,0.92538,0.037454
ACTTGACTCCCTCTTT-1,0.000676,0.061115,0.936861,0.001348
ACTTGCCATATTGTAC-1,0.00159,0.001587,0.627813,0.36901
ACTTGGGACCCGGTGG-1,0.000403,0.184108,0.439749,0.375741
ACTTGGGCTTTCGCCA-1,0.000392,0.000394,0.955956,0.043258
ACTTGTAGTCCCTTCA-1,0.450152,0.033634,0.44802,0.068194
ACTTGTGGATGGAACG-1,0.040683,0.043621,0.833256,0.08244
ACTTGTTACCGGATCA-1,0.097338,0.000717,0.575729,0.326217
ACTTTACCCTCATGAA-1,0.005883,0.005825,0.454423,0.53387
ACTTTGACTGCATCCT-1,0.13719,0.098957,0.485083,0.27877
ACTTTGGTCGTGCTCC-1,0.006229,0.006279,0.974977,0.012515
ACTTTGTCGACGCACT-1,0.012672,0.012779,0.591084,0.383465
AGAAATTATGACTCGC-1,0.005442,0.00543,0.287453,0.701675
AGAACCCAGCGTGACA-1,0.012068,0.012008,0.951687,0.024237
AGAACCCTCAATTGGG-1,0.006438,0.006571,0.539457,0.447534
AGAACTGTACTTTGTA-1,0.002175,0.002175,0.991295,0.004355
AGAAGAGCGCCGTTCC-1,0.025436,0.025583,0.898095,0.050886
AGAAGGTACACTTCAC-1,0.006205,0.211643,0.76969,0.012462
AGAAGGTTGTAGGTCG-1,0.000321,0.000322,0.540593,0.458763
AGAAGTGATTCGTGAT-1,0.239555,0.000783,0.7581,0.001562
AGAATAAATCTTCAGG-1,0.010796,0.01087,0.563901,0.414433
AGAATACAGGCTATCC-1,0.000561,0.000561,0.798886,0.199992
AGAATGCGGGTTCGGA-1,0.002297,0.07122,0.695821,0.230662
AGAATTATGGATTCGA-1,0.012119,0.011954,0.951605,0.024323
AGAATTGTTTGACATA-1,0.001638,0.001639,0.68007,0.316653
AGACAGCTCAGAATCC-1,0.040845,0.04058,0.467738,0.450836
AGACAGGCATCTCAGC-1,0.340087,0.007975,0.450179,0.201759
AGACATAGATCCTTCC-1,0.017067,0.016932,0.760157,0.205845
AGACCAAACCACACCT-1,0.008163,0.00816,0.762861,0.220817
AGACCATGGGATACAA-1,0.000145,0.000145,0.213876,0.785835
AGACCCACCGCTGATC-1,0.167951,0.404854,0.393503,0.033693
AGACCGCTCCGCGGTT-1,0.067936,0.423011,0.067486,0.441568
AGACCGGGAAACCCTG-1,0.015936,0.015572,0.937285,0.031207
AGACGAAGTGCCGGTC-1,0.009825,0.009819,0.804236,0.176121
AGACGACGATGCCGCT-1,0.12063,0.121745,0.449464,0.308161
AGACGCCCACTTCGCC-1,0.005,0.005018,0.979914,0.010069
AGACTAGCCTTCCAGA-1,0.356916,0.297915,0.157521,0.187648
AGACTGTTACCGGGTC-1,0.006061,0.47189,0.289326,0.232722
AGAGAACCGTCTAGGA-1,0.002716,0.094586,0.89731,0.005387
AGAGATCTCTAAAGCG-1,0.005157,0.005144,0.70049,0.28921
AGAGCAGTTATGAGAC-1,0.172464,0.001439,0.144052,0.682045
AGAGCCGCCGAGATTT-1,0.017059,0.017085,0.931664,0.034192
AGAGCGCTTGTAACGG-1,0.339686,0.006869,0.639712,0.013733
AGAGCGGGCTAATCAT-1,0.000397,0.065269,0.799677,0.134657
AGAGCGTACAAGCTCG-1,0.000104,0.000104,0.002539,0.997253
AGAGCTACGAAAGCAT-1,0.040459,0.040385,0.837517,0.081639
AGAGGCTTCGGAAACC-1,0.008131,0.049561,0.926027,0.016281
AGAGGTATCTCGGTCC-1,0.003054,0.003055,0.987774,0.006117
AGAGTAAACTTCACTA-1,0.165477,0.00971,0.009827,0.814986
AGAGTATAGTGTTACG-1,0.011399,0.011249,0.954488,0.022864
AGAGTCTTAATGAAAG-1,0.001636,0.167853,0.827252,0.00326
AGAGTTGCAGGCCTCC-1,0.180173,0.006642,0.647918,0.165267
AGATAACTTCAGGGCC-1,0.012087,0.118269,0.597101,0.272544
AGATACCAATAGAACC-1,0.009331,0.009389,0.6064,0.37488
AGATACCAGCACTTCA-1,0.00034,0.000341,0.925535,0.073785
AGATACCGGTGTTCAC-1,0.139313,0.000319,0.767976,0.092392
AGATACGACTTCATAT-1,0.000304,0.000303,0.412498,0.586895
AGATACTCAAGATCGA-1,0.000323,0.000323,0.79781,0.201544
AGATATAATACGACTA-1,0.006446,0.006391,0.743741,0.243422
AGATCGTGCATAAGAT-1,0.00093,0.000929,0.662774,0.335368
AGATGACTCGCCCACG-1,0.266929,0.066402,0.66583,0.000839
AGATGAGGGTTGCGAT-1,0.002253,0.002251,0.761922,0.233574
AGATGATGGAGTCTGG-1,0.008427,0.008434,0.008533,0.974606
AGATGCAAGACGTGCA-1,0.000413,0.000414,0.960768,0.038405
AGATGCATCCTGTGTC-1,0.020415,0.020879,0.917614,0.041091
AGATGCTATAACGAGC-1,0.001019,0.192251,0.804689,0.002041
AGATTCACAACCGATA-1,0.006645,0.00665,0.710515,0.27619
AGCAAAGGCCGCTAGT-1,0.03358,0.000259,0.780864,0.185298
AGCAACATATCTTATT-1,0.017373,0.017329,0.93119,0.034107
AGCAACCGAAAGTAAT-1,0.000378,0.000378,0.577293,0.421951
AGCACTACCGGCCTGT-1,0.002211,0.002217,0.991162,0.004411
AGCACTACCTCACCAG-1,0.000162,0.000162,0.170583,0.829092
AGCACTTAAGGACGCC-1,0.000213,0.019574,0.441178,0.539034
AGCAGAAGGAGAAAGA-1,0.038901,0.02808,0.308767,0.624252
AGCAGCCAGATGAATA-1,0.1851,0.368586,0.445865,0.000449
AGCAGTCGAAGCATGC-1,0.000879,0.000877,0.530055,0.46819
AGCATATCAATATGCT-1,0.015996,0.015903,0.524927,0.443174
AGCATCATTTCGAAAG-1,0.000486,0.000485,0.752941,0.246089
AGCATCGTCGATAATT-1,0.046271,0.191039,0.760779,0.001912
AGCATTACGAGGCAAG-1,0.00623,0.123982,0.857342,0.012447
AGCCAAGCTTTGTGTC-1,0.305376,0.02326,0.443651,0.227713
AGCCACAGGTTACCCG-1,0.004454,0.140854,0.845802,0.00889
AGCCACTCCCGTGCTT-1,0.153783,0.003817,0.290137,0.552263
AGCCATATAGTATGTG-1,0.000479,0.544867,0.453696,0.000958
AGCCCATACATGTAAG-1,0.000462,0.044246,0.780321,0.174971
AGCCCGCAACAAGCAG-1,0.123974,0.058982,0.81471,0.002335
AGCCCGCACTACAATG-1,0.231537,0.002009,0.762437,0.004017
AGCCCGGCATTAGAGG-1,0.001074,0.001074,0.635627,0.362225
AGCCCGGTAGCCTGTA-1,0.313326,0.011595,0.393516,0.281563
AGCCCTAAGCGAAGTT-1,0.000876,0.000877,0.842821,0.155426
AGCCCTGTCGCACCGT-1,0.302951,0.011384,0.18105,0.504615
AGCCCTTCTAATCCGA-1,0.003892,0.003863,0.836909,0.155336
AGCCCTTGGACATCCC-1,0.008913,0.008981,0.96421,0.017895
AGCCGCAAATTCAAAT-1,0.01855,0.000388,0.927338,0.053725
AGCCGCTTGATTAGCG-1,0.005794,0.005845,0.976661,0.0117
AGCCGTGGCTAAATGT-1,0.00064,0.090206,0.825486,0.083667
AGCCTAATACCCACGT-1,0.000412,0.000413,0.144032,0.855143
AGCCTTAAAGCGGAAG-1,0.01364,0.14512,0.814082,0.027158
AGCGACATCCCATTCA-1,0.05157,0.065871,0.629155,0.253404
AGCGACCAACGATATT-1,0.000381,0.118944,0.592257,0.288418
AGCGACTTTGAAGACA-1,0.008232,0.00827,0.967083,0.016414
AGCGATGCGCCTAATA-1,0.00253,0.002525,0.828371,0.166574
AGCGCATAATGAATCG-1,0.249841,0.427069,0.320863,0.002227
AGCGCGGGTGCCAATG-1,0.001563,0.001569,0.993717,0.003151
AGCGCTAGAGCGATGT-1,0.008907,0.008984,0.480958,0.501151
AGCGGACACTTCGTAG-1,0.004818,0.08563,0.822112,0.08744
AGCGGCGGTTAGCGGT-1,0.013773,0.013577,0.699343,0.273307
AGCGGGAAGGGTCCAT-1,0.001564,0.001561,0.709389,0.287486
AGCGGGTCTGACACTC-1,0.006887,0.006841,0.972508,0.013764
AGCGGTTGCCGCTCTG-1,0.00517,0.005157,0.979377,0.010296
AGCGTACGAGAGCTAG-1,0.004996,0.005023,0.980028,0.009953
AGCGTAGCGCTAGACC-1,0.002772,0.002765,0.988875,0.005589
AGCGTCTGAACCCGCA-1,0.171065,0.004666,0.709247,0.115022
AGCGTGGTATTCTACT-1,0.037429,0.219064,0.742802,0.000704
AGCTAAGCTCCGTCCG-1,0.025779,0.026033,0.593717,0.35447
AGCTAAGTACGCAGGC-1,0.006027,0.006029,0.975895,0.01205
AGCTACGAATGGTGGT-1,0.001224,0.001219,0.995103,0.002454
AGCTAGAAGCAGAAGT-1,0.001469,0.001477,0.445451,0.551603
AGCTATTTAATCCAAC-1,0.239734,0.001119,0.756904,0.002243
AGCTCCATATATGTTC-1,0.025482,0.191638,0.731555,0.051326
AGCTCCTTCGCACATC-1,0.080221,0.001071,0.191565,0.727142
AGCTCGTTGATGGAAA-1,0.006613,0.006564,0.97356,0.013262
AGCTCTAGACGTTCCA-1,0.000719,0.236046,0.761801,0.001435
AGCTCTTCCCAGTGCA-1,0.001721,0.001733,0.739575,0.25697
AGCTCTTCGTAACCTT-1,0.012104,0.012022,0.951591,0.024283
AGCTGAAGTAAACCAA-1,0.000968,0.068499,0.626852,0.303681
AGCTGTAACCTCAATC-1,0.012266,0.08162,0.542677,0.363437
AGCTTATAGAGACCTG-1,0.001492,0.001489,0.994051,0.002968
AGCTTCAATACTTTGA-1,0.005745,0.100734,0.882011,0.01151
AGCTTCTTCTCGAGCA-1,0.005399,0.005379,0.955468,0.033754
AGCTTGATCTTAACTT-1,0.466918,0.002684,0.525066,0.005333
AGGAAAGCCTCTGATG-1,0.009851,0.009834,0.46467,0.515645
AGGAACGAACGACTTC-1,0.005036,0.005012,0.979871,0.010081
AGGAAGCTGTCCGCCG-1,0.001449,0.139734,0.783461,0.075356
AGGACAGTCGAATCCC-1,0.001465,0.001462,0.606295,0.390778
AGGACATCGCACGTCG-1,0.063304,0.000402,0.603484,0.33281
AGGACATCGGCACACT-1,0.004671,0.127362,0.858637,0.00933
AGGACGCTCGATGTTG-1,0.000728,0.000733,0.635298,0.363241
AGGACTTATAGGAGAA-1,0.014701,0.014605,0.94114,0.029554
AGGAGACATCCACAGT-1,0.280769,0.008574,0.693451,0.017206
AGGAGAGTCTGGCTAC-1,0.007653,0.00762,0.813313,0.171414
AGGAGCGTTTATTATC-1,0.004144,0.004096,0.983583,0.008176
AGGAGGCCTTCGCGCG-1,0.006459,0.006421,0.974145,0.012975
AGGATAAAGTCGGGAT-1,0.000242,0.383939,0.615336,0.000484
AGGATATAGGGATTTA-1,0.04095,0.040768,0.836074,0.082208
AGGATATCCGACTGCA-1,0.011355,0.011346,0.954396,0.022902
AGGATCACGCGATCTG-1,0.292833,0.010776,0.674774,0.021617
AGGATTGCTTACGACA-1,0.016915,0.017024,0.932102,0.033959
AGGCAAAGAGGAATCA-1,0.000778,0.00078,0.996881,0.001561
AGGCAATACGGAGGAC-1,0.007051,0.007043,0.971746,0.014161
AGGCACGTGACTGTCC-1,0.012888,0.012878,0.948586,0.025648
AGGCAGATGCGTAAAC-1,0.002502,0.002505,0.989985,0.005008
AGGCAGGGAGCGTACT-1,0.001538,0.521084,0.476397,0.00098
AGGCATTGTCGTAGGG-1,0.005274,0.005267,0.318991,0.670467
AGGCCACATTGGTTAC-1,0.017137,0.017294,0.931466,0.034104
AGGCCACCCGTTATGA-1,0.215053,0.000233,0.334711,0.450003
AGGCCCAGTGACTGGT-1,0.022627,0.022643,0.590362,0.364368
AGGCCCATTGTACAGG-1,0.171034,0.000406,0.696055,0.132505
AGGCCCTAGAACGCCA-1,0.180928,0.000481,0.748173,0.070418
AGGCCTATCATACCAA-1,0.001149,0.001152,0.853564,0.144135
AGGCCTGAGAATCTCG-1,0.083929,0.002442,0.702596,0.211032
AGGCGATAACTGGCGT-1,0.001078,0.001082,0.85653,0.141309
AGGCGGTTTGTCCCGC-1,0.000432,0.000432,0.875295,0.123841
AGGCGTCTATGGACGG-1,0.02259,0.022592,0.022946,0.931872
AGGCTATGGTTAGCTT-1,0.000073,0.000073,0.001101,0.998753
AGGCTTAAGTTGCACA-1,0.000668,0.000668,0.986262,0.012402
AGGCTTGCTAGACACC-1,0.004893,0.004843,0.199439,0.790826
AGGGACAGCACGGCGG-1,0.00275,0.002748,0.989027,0.005475
AGGGACCGGCTGCGTT-1,0.375596,0.006032,0.606307,0.012064
AGGGACTCTACGCGAC-1,0.000676,0.222879,0.748271,0.028173
AGGGAGACATACTTCG-1,0.012766,0.01285,0.632547,0.341837
AGGGCAGCGGCGTGGT-1,0.012188,0.012103,0.951288,0.02442
AGGGCCCTAATGTTCT-1,0.002096,0.002089,0.991627,0.004187
AGGGCGAGCAGCTGAT-1,0.187841,0.002434,0.427576,0.382148
AGGGCGTGATCGGCTA-1,0.070968,0.021839,0.691378,0.215814
AGGGTCAGAGCACTCG-1,0.27062,0.004757,0.715031,0.009593
AGGGTCAGTAACCCTA-1,0.010322,0.010286,0.958681,0.020712
AGGGTCGATGCGAACT-1,0.025376,0.025394,0.385496,0.563734
AGGGTCTGGACGCAGT-1,0.00158,0.001577,0.993675,0.003168
AGGGTGCTCTCGAGGG-1,0.003415,0.003436,0.806951,0.186197
AGGGTGGATAGTGCAT-1,0.02268,0.022692,0.90848,0.046148
AGGGTTCAGACGGTCC-1,0.263468,0.010259,0.705876,0.020398
AGGGTTCCCTTTGGTT-1,0.003273,0.003256,0.37338,0.620091
AGGTAACCTCCTATTC-1,0.010738,0.010857,0.956697,0.021708
AGGTACGATATTGCCA-1,0.214471,0.000991,0.757253,0.027286
AGGTAGGTACAAAGCT-1,0.000196,0.000196,0.628929,0.370678
AGGTATAATTGATAGT-1,0.008941,0.008963,0.964091,0.018005
AGGTATGCGGACATTA-1,0.02087,0.020863,0.020851,0.937417
AGGTCAGGTGAGAGTG-1,0.000371,0.106377,0.627975,0.265278
AGGTCGCCACTTCGGT-1,0.003494,0.003467,0.934496,0.058543
AGGTCGCCTCCCAACA-1,0.001233,0.001237,0.995075,0.002455
AGGTCGCGGAGTTACT-1,0.015963,0.015891,0.936729,0.031418
AGGTGCACGTCCACAT-1,0.27597,0.005511,0.707378,0.011141
AGGTGGTGACCTTCGC-1,0.507439,0.015121,0.304921,0.172519
AGGTGTATCGCCATGA-1,0.014465,0.014451,0.941864,0.029219
AGGTGTTGCCGACCAC-1,0.001965,0.001968,0.992092,0.003975
AGGTTACACCATGCCG-1,0.014577,0.01451,0.941553,0.02936
AGGTTCTCCTTTCCGG-1,0.000868,0.10341,0.702732,0.192991
AGTAACTATAGCAGCC-1,0.004388,0.0044,0.982448,0.008764
AGTAAGGGACAGAATC-1,0.000609,0.000607,0.646978,0.351806
AGTAATCTAAGGGTGG-1,0.003462,0.003456,0.98611,0.006972
AGTAATGTCTTGCCGC-1,0.215672,0.000505,0.757927,0.025896
AGTACAGAAGCTTATA-1,0.002292,0.002285,0.990853,0.00457
AGTACATCATTTATCA-1,0.025605,0.025572,0.236004,0.712818
AGTACGGCCCGTATCG-1,0.014692,0.014435,0.824946,0.145927
AGTACGGGCACCTGGC-1,0.003114,0.003131,0.785225,0.20853
AGTACTCTTATGCCCA-1,0.002939,0.002932,0.632884,0.361246
AGTAGAAGGCGCCTCA-1,0.000664,0.287925,0.710081,0.00133
AGTAGCGTGAACGAAC-1,0.017091,0.222115,0.726647,0.034147
AGTAGGAAGGAAGTTG-1,0.006203,0.150373,0.830939,0.012486
AGTAGGTAACATACAT-1,0.000495,0.000496,0.73477,0.264239
AGTATAATACTAGGCA-1,0.000091,0.000091,0.215033,0.784785
AGTATACACAGCGACA-1,0.004311,0.415778,0.290049,0.289862
AGTATCCATAATAACG-1,0.002428,0.002413,0.409376,0.585783
AGTATGCTGGAGACCA-1,0.000259,0.000259,0.998961,0.000521
AGTATTTGGCACGACC-1,0.000379,0.430334,0.568529,0.000758
AGTCAAGATGACACTT-1,0.005585,0.00559,0.479112,0.509713
AGTCACTAGCTCTCGA-1,0.007951,0.007866,0.825356,0.158827
AGTCACTCCGCCTCAT-1,0.005693,0.005659,0.977289,0.011358
AGTCAGCCACCGCCTG-1,0.002465,0.002488,0.990073,0.004974
AGTCCAGCGGGTACGT-1,0.002259,0.002271,0.990964,0.004506
AGTCCATTGGCTGATG-1,0.006272,0.006224,0.975174,0.01233
AGTCCCGCCTTTAATT-1,0.002677,0.002668,0.758402,0.236253
AGTCCCTCGCAGAAAG-1,0.004693,0.004641,0.981363,0.009302
AGTCGAATTAGCGTAA-1,0.006399,0.006418,0.974308,0.012875
AGTCGACGGTCTCAAG-1,0.006644,0.006687,0.973485,0.013183
AGTCGGCCCAAACGAC-1,0.000178,0.000178,0.798609,0.201035
AGTCGGCTCAACTTTA-1,0.097786,0.000438,0.665277,0.236499
AGTCGGTTGCGTGAGA-1,0.372611,0.004899,0.406535,0.215955
AGTCGTATAAAGCAGA-1,0.001622,0.001631,0.875804,0.120943
AGTCGTCGACCACCAA-1,0.00164,0.046669,0.494771,0.45692
AGTCGTGGGCATTACG-1,0.268033,0.002115,0.725618,0.004234
AGTCTAAAGTATACTC-1,0.068038,0.304775,0.490728,0.136459
AGTCTCACAAGACTAC-1,0.030188,0.016421,0.396862,0.556528
AGTCTGGACATCCTTG-1,0.006181,0.254071,0.650955,0.088793
AGTCTTTAAAGTGTCC-1,0.001585,0.001583,0.889359,0.107473
AGTGAACAAACTTCTC-1,0.020576,0.020215,0.917934,0.041276
AGTGAAGATGGTGTCC-1,0.008564,0.008661,0.965565,0.017209
AGTGAGACTTCCAGTA-1,0.001878,0.001873,0.62673,0.369519
AGTGAGCCTCGCCGCC-1,0.009349,0.009301,0.580326,0.401024
AGTGAGTCGAATTAAC-1,0.009383,0.009296,0.838789,0.142532
AGTGATAACCTGCGCG-1,0.003115,0.0031,0.805904,0.18788
AGTGATTCAAGCAGGA-1,0.201552,0.002231,0.791743,0.004474
AGTGCACGCTTAAGAA-1,0.007395,0.007335,0.970516,0.014754
AGTGCTAAACACAGCA-1,0.000891,0.085211,0.644552,0.269346
AGTGCTTGCACGAATA-1,0.004378,0.004371,0.68218,0.30907
AGTGGCCCGCAAATGG-1,0.00311,0.003105,0.85892,0.134865
AGTGGCGGCAATTTGA-1,0.00105,0.001046,0.676608,0.321296
AGTGGCGTCTGAAGGT-1,0.00374,0.00371,0.630485,0.362065
AGTGGCTCCGTCGGCC-1,0.000496,0.305077,0.693433,0.000994
AGTGGGAGTATACACG-1,0.01201,0.01202,0.669859,0.306111
AGTGGTGTTACCCGTG-1,0.013638,0.013533,0.94542,0.027409
