Barcode,Topic 1,Topic 2,Topic 3,Topic 4to5,Topic 6to7
AAACAAGTATCTCCCA-1,0.000815,0.000813,0.000815,0.070806,0.92675
AAACACCAATAACTGC-1,0.00044,0.000439,0.00044,0.00088,0.997801
AAACAGCTTTCAGAAG-1,0.000183,0.002537,0.000183,0.040882,0.956216
AAACAGGGTCTATATT-1,0.000432,0.000434,0.042346,0.226385,0.730403
AAACATGGTGAGAGGA-1,0.013028,0.013015,0.013071,0.026084,0.934803
AAACATTTCCCGGATT-1,0.000952,0.000948,0.000952,0.001901,0.995247
AAACCCGAACGAAATC-1,0.000278,0.00028,0.000278,0.000556,0.998608
AAACCGGAAATGTTAA-1,0.000259,0.000259,0.00026,0.000519,0.998704
AAACCGGGTAGGTACC-1,0.000312,0.031502,0.000312,0.207405,0.76047
AAACCGTTCGTCCAGG-1,0.005316,0.0053,0.124462,0.845885,0.019037
AAACCTAAGCAGCCGG-1,0.014304,0.138462,0.014363,0.028684,0.804187
AAACCTCATGAAGTTG-1,0.000346,0.000346,0.021747,0.378545,0.599016
AAACGAAGATGGAGTA-1,0.000368,0.000367,0.000368,0.190076,0.808821
AAACGAGACGGTTGAT-1,0.061694,0.078333,0.000664,0.520385,0.338924
AAACGGGCGTACGGGT-1,0.081254,0.005964,0.005973,0.166965,0.739845
AAACTCGGTTCGCAAT-1,0.000885,0.000884,0.000886,0.10931,0.888036
AAACTCGTGATATAAG-1,0.011935,0.011934,0.41977,0.532423,0.023938
AAACTGCTGGCTCCAA-1,0.050254,0.000284,0.000284,0.860995,0.088184
AAACTTAATTGCACGC-1,0.005123,0.005113,0.005137,0.010252,0.974376
AAACTTGCAAACGTAT-1,0.000476,0.000474,0.000475,0.051508,0.947067
AAAGAATGACCTTAGA-1,0.052709,0.025832,0.00252,0.328401,0.590537
AAAGACTGGGCGCTTT-1,0.000432,0.000431,0.000432,0.000865,0.99784
AAAGCTTGCCTACATA-1,0.005999,0.005963,0.005982,0.011969,0.970087
AAAGGGATGTAGCAAG-1,0.000824,0.000822,0.000824,0.00165,0.99588
AAAGGGCAGCTTGAAT-1,0.000588,0.000587,0.000588,0.001176,0.997061
AAAGTAGCATTGCTCA-1,0.000497,0.000495,0.000496,0.277462,0.72105
AAAGTCACTGATGTAA-1,0.000581,0.028107,0.000581,0.367303,0.603429
AAAGTCGACCCTCAGT-1,0.000317,0.000316,0.000317,0.000633,0.998417
AAAGTGCCATCAATTA-1,0.021857,0.000994,0.000997,0.001993,0.974159
AAAGTGTGATTTATCT-1,0.142857,0.142857,0.142857,0.285714,0.285714
AAAGTTGACTCCCGTA-1,0.010219,0.010236,0.010248,0.429683,0.539613
AAATAAGGTAGTGCCC-1,0.048357,0.000332,0.000333,0.230448,0.72053
AAATACCTATAAGCAT-1,0.062183,0.013742,0.000395,0.765651,0.158029
AAATAGCTTAGACTTT-1,0.017862,0.017896,0.017931,0.035868,0.910444
AAATAGGGTGCTATTG-1,0.071843,0.063561,0.000433,0.128684,0.735479
AAATCCGATACACGCC-1,0.004216,0.004209,0.004219,0.008444,0.978913
AAATCGCGGAAGGAGT-1,0.000547,0.000546,0.000548,0.078548,0.919811
AAATCGTGTACCACAA-1,0.032123,0.000446,0.000447,0.300123,0.666861
AAATCTAGCCCTGCTA-1,0.000498,0.000497,0.124949,0.068003,0.806053
AAATGATTCGATCAGC-1,0.008978,0.008949,0.008984,0.017956,0.955133
AAATGCTCGTTACGTT-1,0.002814,0.036506,0.002811,0.563517,0.394353
AAATGGCATGTCTTGT-1,0.004789,0.00477,0.004775,0.193248,0.792418
AAATGGCCCGTGCCCT-1,0.034008,0.000287,0.040003,0.108577,0.817124
AAATGGTCAATGTGCC-1,0.003331,0.003329,0.253403,0.225893,0.514044
AAATGTATCTTATCCC-1,0.000414,0.028008,0.000414,0.000827,0.970338
AAATTAACGGGTAGCT-1,0.001186,0.001183,0.001186,0.166674,0.829772
AAATTAATAAGCGCGA-1,0.000278,0.000277,0.000277,0.000555,0.998613
AAATTACCTATCGATG-1,0.025462,0.124304,0.001079,0.182493,0.666662
AAATTCCAGGTCCAAA-1,0.000288,0.000292,0.000288,0.000576,0.998555
AAATTGATAGTCCTTT-1,0.001667,0.001665,0.001668,0.003337,0.991664
AAATTTGCGGGTGTGG-1,0.000475,0.000476,0.000475,0.552943,0.445631
AACAACTGGTAGTTGC-1,0.000453,0.000452,0.054797,0.000906,0.943393
AACAATACATTGTCGA-1,0.000598,0.095062,0.000598,0.219166,0.684576
AACAATTACTCTACGC-1,0.000503,0.000507,0.000504,0.147166,0.85132
AACACACGCTCGCCGC-1,0.002396,0.002385,0.002392,0.219365,0.773462
AACACGACTGTACTGA-1,0.001271,0.001267,0.001271,0.107897,0.888294
AACACGAGACGCGGCC-1,0.000478,0.000477,0.000478,0.078617,0.919949
AACAGCTGTGTGGCAA-1,0.000739,0.016467,0.000739,0.194252,0.787802
AACAGGAAATCGAATA-1,0.018016,0.017905,0.017912,0.03595,0.910218
AACAGGATGGGCCGCG-1,0.000383,0.000382,0.000383,0.071797,0.927056
AACAGGTAGTATGGAT-1,0.000759,0.000757,0.000759,0.001519,0.996205
AACATATCAACTGGTG-1,0.001283,0.027725,0.00128,0.225584,0.744128
AACCAAGACTTCTCTG-1,0.000502,0.000501,0.000502,0.141746,0.856751
AACCCAGAGACGGAGA-1,0.000377,0.000377,0.000378,0.339654,0.659214
AACCCATCCCATGATC-1,0.000418,0.009039,0.000417,0.000834,0.989291
AACCCGAGCAGAATCG-1,0.00049,0.000489,0.00049,0.00098,0.997552
AACCCTACTGTCAATA-1,0.012239,0.011942,0.011931,0.023965,0.939924
AACCGAGCTTGGTCAT-1,0.001121,0.001119,0.001122,0.215851,0.780788
AACCGCTAAGGGATGC-1,0.004623,0.004617,0.004628,0.464986,0.521147
AACCGTTGTGTTTGCT-1,0.014333,0.014323,0.014348,0.412661,0.544335
AACCTCGCTTTAGCCC-1,0.001795,0.001789,0.001796,0.43258,0.56204
AACCTGTCACGGAATT-1,0.000256,0.000255,0.000256,0.068623,0.93061
AACCTTTAAATACGGT-1,0.00208,0.002074,0.002081,0.842311,0.151453
AACGAAAGTCGTCCCA-1,0.028323,0.000471,0.000472,0.161114,0.80962
AACGATAATGCCGTAG-1,0.007783,0.000109,0.000109,0.000218,0.991781
AACGATAGAAGGGCCG-1,0.139234,0.006825,0.006833,0.013675,0.833434
AACGATATGTCAACTG-1,0.000643,0.0112,0.000643,0.737563,0.24995
AACGCATGATCTGGGT-1,0.04069,0.113022,0.000563,0.463183,0.382542
AACGCGGTCTCCAGCC-1,0.00078,0.00778,0.000779,0.00156,0.989101
AACGCTGTTGCTGAAA-1,0.001119,0.001119,0.00112,0.124126,0.872517
AACGGACGTACGTATA-1,0.028697,0.028607,0.028666,0.856589,0.057441
AACGGCCATCTCCGGT-1,0.001214,0.223783,0.001216,0.099919,0.673867
AACGTACTGTGGGTAC-1,0.001095,0.035548,0.001094,0.593178,0.369085
AACGTCAGACTAGTGG-1,0.000446,0.000449,0.000445,0.334665,0.663996
AACGTGCGAAAGTCTC-1,0.116706,0.000453,0.000453,0.443148,0.439241
AACGTTATCAGCACCT-1,0.00097,0.047781,0.000969,0.197942,0.752338
AACTACCCGTTTGTCA-1,0.001435,0.001432,0.001437,0.002869,0.992828
AACTAGGCTTGGGTGT-1,0.000633,0.086254,0.000632,0.369515,0.542965
AACTCAAGTTAATTGC-1,0.000717,0.000716,0.000718,0.211175,0.786675
AACTCCAGAGCGTGTT-1,0.184966,0.004774,0.004782,0.009568,0.795909
AACTCTCAATAGAGCG-1,0.014327,0.014328,0.014372,0.028736,0.928236
AACTCTCAGTGTGCTC-1,0.001934,0.023706,0.001939,0.171566,0.800856
AACTGAGTTATACTGA-1,0.000328,0.000327,0.000327,0.000655,0.998363
AACTGATATTAGGCCT-1,0.02383,0.023867,0.023963,0.047754,0.880586
AACTGGGTCCCGACGT-1,0.001792,0.001789,0.001795,0.080839,0.913785
AACTTCTGCGTCTATC-1,0.002925,0.002922,0.002932,0.29125,0.699971
AACTTGCCCGTATGCA-1,0.000439,0.000438,0.000439,0.22478,0.773904
AACTTTACGGGAGCTT-1,0.000308,0.00627,0.000309,0.002895,0.990218
AACTTTCTCGATCATG-1,0.016144,0.015899,0.015915,0.031904,0.920139
AAGAAATCACCAGATT-1,0.006245,0.006223,0.006233,0.012482,0.968817
AAGACCAAATAACTCA-1,0.000839,0.000837,0.023306,0.001679,0.97334
AAGAGATGAATCGGTA-1,0.000364,0.000363,0.000364,0.574972,0.423937
AAGAGCTCTTTATCGG-1,0.00142,0.001418,0.001422,0.685809,0.309931
AAGAGGATGTACGCGA-1,0.00048,0.066189,0.00048,0.130057,0.802794
AAGAGGCATGGATCGC-1,0.000789,0.025917,0.000789,0.474033,0.498471
AAGAGGCCCTTTGGAA-1,0.000495,0.000494,0.000495,0.00099,0.997526
AAGATGGCACCGGACC-1,0.000756,0.069981,0.000755,0.242168,0.68634
AAGATTGGCGGAACGT-1,0.002562,0.240463,0.00256,0.385137,0.369279
AAGCACCCTGCGTATC-1,0.000361,0.000361,0.000361,0.116197,0.88272
AAGCATACTCTCCTGA-1,0.063838,0.001061,0.001055,0.799027,0.135019
AAGCCGAAGCGGTTTA-1,0.000826,0.000823,0.032943,0.064655,0.900752
AAGCCGCTTTACCTTG-1,0.020417,0.020446,0.020438,0.496455,0.442244
AAGCCGGAGAGCAGGA-1,0.000167,0.004788,0.000167,0.000334,0.994543
AAGCGCAGGGCTTTGA-1,0.000248,0.000247,0.000248,0.000496,0.998762
AAGCGTCCCTCATCGA-1,0.001102,0.001102,0.001104,0.310658,0.686035
AAGCTAGATCGAGTAA-1,0.18164,0.019974,0.000218,0.79718,0.000987
AAGCTCGTGCCAAGTC-1,0.09825,0.000489,0.000488,0.476635,0.424138
AAGCTCTTTCATGGTG-1,0.00184,0.001835,0.00184,0.444812,0.549672
AAGGAGCGGTTGGTGC-1,0.001279,0.001278,0.001282,0.368365,0.627796
AAGGATCGATCGCTTG-1,0.015916,0.015904,0.015956,0.031878,0.920347
AAGGATGAGGGACCTC-1,0.001316,0.008672,0.001316,0.663721,0.324975
AAGGCAGGCTGTCTCC-1,0.000325,0.000325,0.000325,0.191774,0.80725
AAGGCGCGTAAAGCTT-1,0.000353,0.000353,0.000353,0.325324,0.673618
AAGGCTGTGCTCATCG-1,0.001046,0.001045,0.001046,0.002095,0.994768
AAGGGAACGACTGGCT-1,0.017895,0.017881,0.017918,0.035847,0.910459
AAGGGACAGATTCTGT-1,0.00068,0.121133,0.00068,0.302595,0.574912
AAGGGACTATGCATTC-1,0.011911,0.011924,0.011948,0.023879,0.940338
AAGGGTTTGATTTCAG-1,0.00082,0.000818,0.119428,0.106379,0.772555
AAGGTATCCTAATATA-1,0.075465,0.249919,0.001393,0.002787,0.670437
AAGGTGATAAACCAGC-1,0.002182,0.002169,0.228325,0.004352,0.762972
AAGTAGAAGACCGGGT-1,0.006835,0.006816,0.00683,0.013678,0.965841
AAGTAGTGACGCGAGG-1,0.000674,0.006795,0.000674,0.012407,0.979451
AAGTCAATTGTCGTCA-1,0.028599,0.028702,0.827923,0.057365,0.057411
AAGTCTAGTAGCTGCC-1,0.013029,0.013013,0.921785,0.026068,0.026105
AAGTCTTCTGTGGCCT-1,0.000546,0.023743,0.000546,0.001091,0.974074
AAGTGACGACCGAATT-1,0.000357,0.000358,0.000357,0.510203,0.488725
AAGTGCAAAGGTAGAC-1,0.000356,0.000355,0.000356,0.015808,0.983124
AAGTGCCTTGACTGTA-1,0.154893,0.020441,0.020509,0.04102,0.763137
AAGTGCGTTAGAATCT-1,0.000354,0.004328,0.000354,0.313481,0.681484
AAGTGTTTGGAGACGG-1,0.000849,0.000847,0.000849,0.163687,0.833768
AAGTTCACTCCAAGCT-1,0.011938,0.152525,0.011943,0.023958,0.799636
AAGTTCAGTCTGCGTA-1,0.002313,0.00231,0.002314,0.582051,0.411012
AAGTTCGGCCAACAGG-1,0.000383,0.000382,0.000383,0.188702,0.810151
AAGTTGTGATGTTATA-1,0.000845,0.000842,0.000844,0.001689,0.995781
AAGTTTATGGGCCCAA-1,0.00107,0.022114,0.001071,0.427587,0.548159
AATAACAACGCTCGGC-1,0.0004,0.000399,0.000399,0.151372,0.84743
AATAACACTAGAACAA-1,0.001041,0.001037,0.001039,0.63376,0.363123
AATAATCTTCGTATCG-1,0.000349,0.000348,0.000349,0.000698,0.998255
AATACAATGTTTCAGG-1,0.000402,0.000401,0.000402,0.070297,0.928499
AATAGAACAGAGTGGC-1,0.000576,0.109365,0.000576,0.216856,0.672627
AATAGAATCTGTTTCA-1,0.000957,0.000954,0.000956,0.146645,0.850488
AATAGCTACCGCGTGC-1,0.001963,0.019572,0.001964,0.129498,0.847003
AATAGTCGCGAGTCGG-1,0.000284,0.000283,0.000283,0.000567,0.998583
AATATCCTAGCAAACT-1,0.000388,0.000388,0.000389,0.000778,0.998057
AATATCGAATCAATGC-1,0.002078,0.002074,0.00208,0.00416,0.989607
AATATCGAGGGTTCTC-1,0.004482,0.004477,0.00449,0.008968,0.977583
AATATTGGAGTATTGA-1,0.000573,0.000578,0.000574,0.273371,0.724904
AATCATGTAAAGACTC-1,0.000647,0.000653,0.000646,0.195717,0.802337
AATCCAAGGGCCTGAG-1,0.001941,0.001934,0.001938,0.297229,0.696959
AATCGCCTCAGCGCCA-1,0.034381,0.000588,0.000585,0.382912,0.581534
AATCGCGCAGAGGACT-1,0.000388,0.000387,0.000388,0.16637,0.832467
AATCGGGACACTACGA-1,0.000892,0.017296,0.000891,0.363463,0.617458
AATCGTGAGCCGAGCA-1,0.001751,0.001746,0.001748,0.003503,0.991251
AATCTAGGTTTACTTG-1,0.000602,0.000599,0.0006,0.029512,0.968687
AATCTATGCCGGAGCC-1,0.198997,0.011921,0.011961,0.7532,0.023921
AATCTCTACTGTGGTT-1,0.000345,0.000344,0.000345,0.195984,0.802982
AATCTGCGTTGGGACG-1,0.001527,0.034012,0.001527,0.09427,0.868664
AATCTGGCTTTCTAGT-1,0.04004,0.014888,0.000643,0.001287,0.943142
AATGACAGCAATGTCT-1,0.00049,0.000488,0.00049,0.285707,0.712824
AATGACGTAGGATGTC-1,0.08619,0.000177,0.000175,0.012691,0.900767
AATGACTGTCAGCCGG-1,0.00194,0.001935,0.001941,0.003882,0.990303
AATGATGATACGCTAT-1,0.002243,0.024715,0.002243,0.469091,0.501709
AATGATGCGACTCCTG-1,0.001847,0.221502,0.001838,0.00368,0.771132
AATGCAACCGGGTACC-1,0.000773,0.000769,0.000772,0.209328,0.788358
AATGCACCAAGCAATG-1,0.001155,0.001155,0.001158,0.723048,0.273484
AATGGTCCACCGTTCA-1,0.000554,0.000553,0.000554,0.100018,0.898322
AATGGTTCTCACAAGC-1,0.000483,0.016997,0.000483,0.103075,0.878961
AATGTGCCCGAGGTGT-1,0.001629,0.01542,0.263678,0.142532,0.576741
AATGTTAAGACCCTGA-1,0.001886,0.0208,0.001887,0.254399,0.721028
AATTAAAGGTCGGCGT-1,0.000937,0.006081,0.000938,0.332418,0.659626
AATTAACGGATTTCCA-1,0.160854,0.002982,0.219405,0.347391,0.269368
AATTACGAGACCCATC-1,0.000584,0.000587,0.000583,0.24673,0.751516
AATTAGCGCTGCAGCG-1,0.000855,0.000852,0.029596,0.656925,0.311772
AATTCATAAGGGATCT-1,0.006816,0.081753,0.006843,0.013684,0.890903
AATTCATTGTCATGCA-1,0.024111,0.023876,0.023929,0.047986,0.880098
AATTCGATTCGAGGAT-1,0.018558,0.000277,0.000278,0.10221,0.878676
AATTCTAGAGTTAGGC-1,0.000933,0.019654,0.000931,0.405034,0.573448
AATTGAACGCTCTGGT-1,0.009567,0.000232,0.000232,0.000464,0.989505
AATTGCAGCAATCGAC-1,0.000472,0.000471,0.000472,0.000944,0.997641
AATTTGGTTCCAAAGA-1,0.001033,0.001038,0.001032,0.689233,0.307664
ACAAACCATGCGTCCT-1,0.003985,0.003977,0.003985,0.342889,0.645163
ACAAAGAAGGTAGGCC-1,0.000265,0.000267,0.054945,0.007463,0.93706
ACAAAGCATGACCTAG-1,0.000763,0.007564,0.000764,0.001526,0.989384
ACAAATCGCACCGAAT-1,0.000439,0.000438,0.000439,0.000878,0.997807
ACAAATGGTAGTGTTT-1,0.001702,0.001683,0.001685,0.003374,0.991555
ACAACAGCATGAGCTA-1,0.181514,0.000398,0.000396,0.816899,0.000793
ACAACGGTCCCTGCGA-1,0.000582,0.000579,0.049381,0.179539,0.769919
ACAAGCAGTGCCTAGC-1,0.000535,0.00054,0.000536,0.095459,0.90293
ACAAGCTATATGGAAG-1,0.000182,0.03517,0.040641,0.025479,0.898528
ACAAGGAAATCCGCCC-1,0.063889,0.000436,0.000438,0.385405,0.549832
ACAAGGACAAGAGGTT-1,0.011684,0.000474,0.000475,0.153891,0.833477
ACAAGGATGCTTTAGG-1,0.028599,0.028659,0.02864,0.057382,0.85672
ACAAGGGCAGGCTCTG-1,0.033621,0.000266,0.000266,0.56944,0.396407
ACAATAGTCGTACGTT-1,0.000494,0.000494,0.000495,0.000989,0.997528
ACAATCCATTTAAACC-1,0.000452,0.009018,0.000451,0.083749,0.90633
ACAATGAATACGGAGA-1,0.093809,0.002702,0.002704,0.165458,0.735327
ACAATTGTGTCTCTTT-1,0.013002,0.013016,0.013038,0.02609,0.934853
ACAATTTAGGAGGCTC-1,0.000276,0.000276,0.000276,0.241808,0.757363
ACAATTTGAGCAGTGG-1,0.003334,0.003328,0.227755,0.315698,0.449885
ACAATTTGGCCATATT-1,0.000255,0.000255,0.000256,0.000511,0.998722
ACACAAAGACGGGTGG-1,0.002431,0.002425,0.00243,0.004863,0.98785
ACACACCAGGACCAGT-1,0.001237,0.001234,0.001237,0.172326,0.823966
ACACACTTTCTACACG-1,0.036036,0.035727,0.035714,0.821016,0.071508
ACACATGATCAAATCT-1,0.052548,0.000273,0.000274,0.215344,0.731561
ACACCACATAATTAGC-1,0.000415,0.000414,0.044595,0.00083,0.953746
ACACCCAGCATGCAGC-1,0.008956,0.008944,0.008969,0.955175,0.017956
ACACCCGAGAAATCCG-1,0.000644,0.000649,0.000643,0.160273,0.837792
ACACCTTAAGTAGGGC-1,0.000735,0.000734,0.000736,0.001472,0.996323
ACACCTTACTACTTGC-1,0.007958,0.007948,0.00796,0.015912,0.960223
ACACGAGACTCCTTCT-1,0.261793,0.000437,0.000435,0.736466,0.00087
ACACGTAGGCCACAAG-1,0.000631,0.000636,0.000632,0.21566,0.78244
ACACTGATCAAGGTGT-1,0.000635,0.256069,0.061865,0.170275,0.511156
ACACTGGGACAGTCGT-1,0.000706,0.000705,0.000707,0.001414,0.996468
ACAGAACTGAGAACAA-1,0.026102,0.000345,0.000343,0.117579,0.855631
ACAGCATAGAGCCAGT-1,0.009615,0.009539,0.009548,0.952165,0.019133
ACAGCGACATTCTCAT-1,0.000499,0.000499,0.0005,0.355021,0.643481
ACAGGCACGGATCCTT-1,0.001772,0.001767,0.00177,0.003543,0.991148
ACAGGCTTGCCCGACT-1,0.002111,0.002105,0.045627,0.004219,0.945938
ACAGGTGGAGGTGAGG-1,0.005314,0.005304,0.005314,0.447301,0.536767
ACAGGTGTGTTGTTGC-1,0.000359,0.011142,0.00036,0.000719,0.98742
ACAGTAATACAACTTG-1,0.000461,0.003701,0.090146,0.000923,0.90477
ACAGTATACCGTGGGA-1,0.023819,0.023861,0.02394,0.88054,0.04784
ACATAAGTCGTGGTGA-1,0.000441,0.000445,0.000441,0.088276,0.910396
ACATAATAAGGCGGTG-1,0.001732,0.001724,0.00173,0.00346,0.991353
ACATCAGCTGGGACGC-1,0.000241,0.000242,0.025781,0.061948,0.911788
ACATCCTGGTAACTGT-1,0.007955,0.007956,0.007968,0.441737,0.534384
ACATCGATCGTTTACC-1,0.001017,0.03853,0.001018,0.155679,0.803756
ACATCGGTCAGCCGCG-1,0.00069,0.007329,0.00069,0.00138,0.989911
ACATCGTATGCAATGG-1,0.039711,0.00756,0.000409,0.097811,0.854509
ACATGGCGCCAAAGTA-1,0.035743,0.035762,0.035843,0.071604,0.821047
ACATTAGTTTATATCC-1,0.00092,0.000918,0.000919,0.420355,0.576888
ACCAACACCACACACT-1,0.007157,0.007157,0.007175,0.314383,0.664128
ACCAACCGCACTCCAC-1,0.003985,0.003979,0.217367,0.007972,0.766696
ACCAACGCTTATTTAT-1,0.000635,0.174926,0.000635,0.247707,0.576097
ACCAAGAACGCGTGTC-1,0.005727,0.005728,0.005732,0.011474,0.97134
ACCAATATGCAAGTTA-1,0.035211,0.000477,0.057255,0.037984,0.869073
ACCACAAGTTTCTATC-1,0.005307,0.005302,0.005315,0.597932,0.386145
ACCACACGGTTGATGG-1,0.000492,0.053336,0.000492,0.440414,0.505266
ACCACCAATGTAACAA-1,0.009544,0.009546,0.942621,0.019135,0.019154
ACCACCCTCTCTTCTA-1,0.047671,0.047717,0.713384,0.095505,0.095723
ACCACGTGCAGCTATA-1,0.001528,0.001523,0.001527,0.302662,0.692761
ACCAGACCATAACAAC-1,0.037928,0.000208,0.000207,0.000415,0.961242
ACCAGTGCGGGAGACG-1,0.002988,0.113447,0.084112,0.005983,0.793469
ACCATATCCGCAATAA-1,0.000901,0.0009,0.000902,0.165597,0.8317
ACCATCCGCCAACTAG-1,0.000372,0.000373,0.000371,0.126714,0.87217
ACCATCGTATATGGTA-1,0.001366,0.001363,0.001367,0.313421,0.682483
ACCCAACGCCCGTGGC-1,0.001561,0.202751,0.00156,0.359275,0.434854
ACCCACCTACATGCTC-1,0.000556,0.000555,0.000556,0.167204,0.831129
ACCCATCTTGAGGGTA-1,0.000509,0.000508,0.000509,0.494276,0.504199
ACCCATTTGTCCCTCT-1,0.000657,0.000657,0.000658,0.181422,0.816606
ACCCGAGCGAAATTAC-1,0.011003,0.334155,0.01106,0.022106,0.621676
ACCCGGAAACTCCCAG-1,0.000798,0.196109,0.000798,0.341597,0.460699
ACCCGGAGCACCACAA-1,0.000239,0.00421,0.000239,0.046784,0.948528
ACCCGGATGACGCATC-1,0.013038,0.013013,0.013039,0.93481,0.0261
ACCCGGTTACACTTCC-1,0.000527,0.152788,0.000527,0.07547,0.770688
ACCCTATGCCATATCG-1,0.000706,0.09009,0.000706,0.314764,0.593734
ACCCTCCCGTCAGGGC-1,0.000389,0.022827,0.000389,0.076672,0.899723
ACCCTCCCTTGCTATT-1,0.000359,0.000358,0.000359,0.000717,0.998207
ACCCTGGTAACGCCCT-1,0.00448,0.386711,0.004481,0.008976,0.595352
ACCCTTCATCTGCGAA-1,0.035733,0.035764,0.035866,0.466902,0.425735
ACCGAAAGGGCCCTGC-1,0.001268,0.033769,0.00127,0.175531,0.788162
ACCGAAGAGTCTGGTT-1,0.000428,0.000427,0.000428,0.228617,0.770099
ACCGACACATCTCCCA-1,0.003495,0.003492,0.003501,0.4337,0.555813
ACCGACTGAGTCCCAC-1,0.000926,0.00586,0.000925,0.419117,0.573173
ACCGAGTCTCCTTATT-1,0.001381,0.001377,0.001381,0.148234,0.847627
ACCGATAGGCATAACC-1,0.000291,0.000291,0.00029,0.160765,0.838363
ACCGATATTTAATCAT-1,0.000442,0.000442,0.035258,0.000885,0.962972
ACCGATGGTAGCATCG-1,0.000588,0.162705,0.000588,0.127562,0.708556
ACCGCAATAACTGCCT-1,0.058053,0.000393,0.000394,0.020498,0.920662
ACCGCGGTGGAAGTCG-1,0.002866,0.002864,0.002869,0.447137,0.544264
ACCGGGCCTTTGTTGA-1,0.023826,0.02385,0.0239,0.047742,0.880682
ACCGGTCAGGTACACC-1,0.000486,0.000485,0.000487,0.134852,0.86369
ACCGTCCACTGGGCCC-1,0.01588,0.015902,0.015907,0.920432,0.031879
ACCGTGACCACGTGGG-1,0.000416,0.376398,0.000416,0.290453,0.332317
ACCTAAGTACCTTTCA-1,0.021813,0.000703,0.000697,0.273211,0.703577
ACCTAATCGACTTCCT-1,0.035756,0.005092,0.000649,0.001299,0.957203
ACCTACAGTATGTGGT-1,0.025518,0.004475,0.000522,0.001044,0.968441
ACCTCCGCCCTCGCTG-1,0.000848,0.009862,0.000849,0.075657,0.912784
ACCTCCGTTATTCACC-1,0.002425,0.002427,0.095569,0.004865,0.894715
ACCTGCGTGTCATGTT-1,0.000356,0.000359,0.000356,0.000712,0.998217
ACGAAATGGGCGGCAC-1,0.000464,0.000463,0.000464,0.045295,0.953313
ACGACCCATGAGTTGC-1,0.000278,0.000277,0.023473,0.000555,0.975417
ACGACTCTAGGGCCGA-1,0.001464,0.065393,0.034429,0.176608,0.722106
ACGACTGGTCATACTC-1,0.002395,0.085285,0.00239,0.399102,0.510828
ACGAGGATACCACTCT-1,0.033567,0.000409,0.00041,0.00082,0.964794
ACGAGGTTTACAACGT-1,0.000556,0.005022,0.101911,0.001112,0.891398
ACGAGTACGGATGCCC-1,0.004937,0.004937,0.004946,0.682085,0.303095
ACGATACATAGAACTA-1,0.009615,0.009537,0.226121,0.735586,0.019141
ACGATACCTATCCTGA-1,0.046382,0.000287,0.000288,0.000575,0.952468
ACGATCATACATAGAG-1,0.000819,0.000818,0.00082,0.403615,0.593927
ACGATCATCTTGTAAA-1,0.028584,0.028624,0.028731,0.057298,0.856763
ACGATGCATATGTTAT-1,0.000623,0.000627,0.000624,0.357754,0.640372
ACGATGGATCCGATGC-1,0.001911,0.001909,0.001911,0.443325,0.550943
ACGCAATCACTACAGC-1,0.011964,0.011934,0.011955,0.940219,0.023928
ACGCATACGTTTACTA-1,0.00087,0.000868,0.000869,0.001739,0.995654
ACGCATTCGTGAGTAC-1,0.000932,0.000929,0.000932,0.001864,0.995343
ACGCCACTCGAAACAG-1,0.002022,0.002016,0.066867,0.004044,0.92505
ACGCCGCTAGACGACC-1,0.000416,0.000249,0.035976,0.502323,0.461036
ACGCGAAGTCAGACGA-1,0.000442,0.063969,0.000442,0.327356,0.607792
ACGCGCTACACAGGGT-1,0.000453,0.000452,0.000452,0.043272,0.955371
ACGCGGGCCAAGGACA-1,0.030926,0.006568,0.000283,0.403078,0.559145
ACGCGTTTCTTAAGAG-1,0.000233,0.000233,0.011102,0.000466,0.987966
ACGCTAGTGATACACT-1,0.020427,0.020446,0.02048,0.040947,0.8977
ACGCTGTGAGGCGTAG-1,0.000523,0.000522,0.000524,0.001047,0.997384
ACGGACTCTCAAAGCG-1,0.000174,0.000174,0.000174,0.29768,0.701799
ACGGAGCGCAAATTAC-1,0.001993,0.040131,0.001991,0.364827,0.591058
ACGGATGGTGCGGATA-1,0.088679,0.004694,0.000518,0.036192,0.869918
ACGGCACTTGCTTGGG-1,0.076344,0.016298,0.023946,0.19839,0.685022
ACGGCGACGATGGGAA-1,0.041596,0.000578,0.000574,0.12145,0.835803
ACGGCTGGATGTAGAA-1,0.000466,0.000468,0.048844,0.157538,0.792683
ACGGGAGTGTCGGCCC-1,0.000325,0.000325,0.000325,0.208574,0.79045
ACGGGCGTATGCGACA-1,0.124603,0.003767,0.003785,0.007557,0.860288
ACGTACAGATTTCTCT-1,0.001078,0.001077,0.001078,0.086915,0.909852
ACGTAGATTGCTGATG-1,0.00078,0.000784,0.000779,0.422307,0.57535
ACGTAGGAGAGTCGCT-1,0.000219,0.000219,0.000219,0.000439,0.998904
ACGTATTACTCCGATC-1,0.071441,0.07156,0.071664,0.143337,0.641999
ACGTCTCGTTCCGGGA-1,0.00049,0.000489,0.045126,0.00098,0.952916
ACGTGACAAAGTAAGT-1,0.000262,0.004985,0.000262,0.000525,0.993966
ACGTGCGCCTCGTGCA-1,0.008964,0.008947,0.008962,0.423134,0.549992
ACGTTAATGTCGAAGA-1,0.000793,0.000791,0.100853,0.571474,0.326089
ACGTTAGATTTGCCCG-1,0.000868,0.000868,0.116829,0.001739,0.879696
ACGTTATTGGTCACTC-1,0.002109,0.020897,0.002109,0.324379,0.650506
ACGTTCGCAATCAATT-1,0.000392,0.006978,0.000392,0.275301,0.716937
ACGTTCGTTCAGGAAA-1,0.001225,0.100137,0.001226,0.180638,0.716774
ACGTTCTGTACAAGTC-1,0.010252,0.010223,0.010253,0.948761,0.020512
ACGTTTAGTTGTGATC-1,0.014298,0.014317,0.014327,0.02875,0.928308
ACTACATCCCGACAAG-1,0.015903,0.015902,0.015983,0.031854,0.920358
ACTACCAGCTCTCTGG-1,0.000592,0.000591,0.000593,0.137373,0.86085
ACTAGTTGCGATCGTC-1,0.001435,0.013432,0.001434,0.00287,0.980829
ACTATCCAGGGCATGG-1,0.003417,0.003407,0.003414,0.006834,0.982928
ACTATCTGCCCGCGTA-1,0.000538,0.000536,0.000538,0.001075,0.997314
ACTATGTCCAGCTGCC-1,0.005323,0.005301,0.293832,0.010636,0.684907
ACTATTTCCGGGCCCA-1,0.000782,0.241851,0.062462,0.064865,0.63004
ACTCAAGTGCAAGGCT-1,0.004626,0.053483,0.004632,0.009259,0.928
ACTCAATAAAGGCACG-1,0.000891,0.008008,0.000891,0.001783,0.988426
ACTCCAATATCATCAT-1,0.006816,0.006818,0.006819,0.013663,0.965884
ACTCCCATTCCTAAAG-1,0.01271,0.000358,0.000358,0.370768,0.615806
ACTCCCGAATTCGTTT-1,0.003765,0.003767,0.003771,0.007557,0.98114
ACTCCCGTAGACTAGG-1,0.020427,0.020477,0.02049,0.040961,0.897646
ACTCCCTAATGCTAAA-1,0.003507,0.003492,0.263289,0.007003,0.72271
ACTCCCTAGAATAGTA-1,0.000865,0.000862,0.000864,0.540885,0.456523
ACTCCGGCCGACCACT-1,0.076008,0.003045,0.396931,0.006112,0.517904
ACTCGCGATCTGACGC-1,0.000823,0.000822,0.000824,0.001649,0.995882
ACTCGTAACCCGTCCT-1,0.000509,0.000508,0.000509,0.023127,0.975347
ACTCGTCAGTAATCCC-1,0.000619,0.247937,0.000618,0.501349,0.249477
ACTCTAAACCTGGGAT-1,0.000135,0.010264,0.000135,0.000271,0.989195
ACTCTCTGACTTAGGT-1,0.000665,0.000663,0.000664,0.254424,0.743585
ACTCTGACCTAATAGA-1,0.00074,0.000738,0.000739,0.140152,0.857631
ACTCTTCAGCTCCCGC-1,0.019715,0.000443,0.000444,0.203688,0.77571
ACTGAAACGCCGTTAG-1,0.001405,0.013439,0.001406,0.20002,0.78373
ACTGAATGGCGAAAGT-1,0.000343,0.005974,0.000343,0.147872,0.845467
ACTGCCGTCGTAACTC-1,0.011047,0.011017,0.011044,0.944821,0.022072
ACTGCGGACACACCGT-1,0.038594,0.000408,0.000409,0.000817,0.959772
ACTGCTCGGAAGGATG-1,0.000461,0.00046,0.000461,0.052756,0.945861
ACTGTACGATACACAT-1,0.001293,0.010239,0.001293,0.615803,0.371372
ACTGTAGCACTTTGGA-1,0.035474,0.000583,0.000579,0.237425,0.72594
ACTGTCCAGGATTATA-1,0.000996,0.000994,0.000996,0.2618,0.735215
ACTGTCTTCTTTAGAA-1,0.000481,0.312251,0.000481,0.126916,0.55987
ACTTACGCATCCACGC-1,0.000743,0.000742,0.000744,0.195659,0.802113
ACTTATACTTACCCGG-1,0.000637,0.616654,0.000638,0.001276,0.380795
ACTTATTAGGATCGGT-1,0.000681,0.000678,0.00068,0.088093,0.909868
ACTTATTTATGTGCCA-1,0.013013,0.01302,0.013033,0.934805,0.026129
ACTTCAGGCTGATCCC-1,0.000485,0.000488,0.000485,0.260863,0.73768
ACTTCCAGTGGAAGCT-1,0.00055,0.005332,0.00055,0.0011,0.992468
ACTTCCATGCGGGACA-1,0.028996,0.028608,0.028639,0.057455,0.856301
ACTTCGCCATACGCAC-1,0.036425,0.000854,0.000849,0.576775,0.385098
ACTTCGCTAGCGAGTG-1,0.00092,0.010239,0.00092,0.00184,0.98608
ACTTGACTCCCTCTTT-1,0.000279,0.000278,0.032819,0.526938,0.439685
ACTTGGGACCCGGTGG-1,0.000982,0.000981,0.224975,0.001967,0.771095
ACTTGTAGTCCCTTCA-1,0.000617,0.000614,0.000615,0.256728,0.741426
ACTTGTGGATGGAACG-1,0.000826,0.000823,0.028256,0.052213,0.917883
ACTTTACCCTCATGAA-1,0.020602,0.02048,0.020494,0.041127,0.897297
ACTTTCCTATAGCTTC-1,0.071706,0.000487,0.000488,0.052539,0.874781
ACTTTGACTGCATCCT-1,0.000697,0.000695,0.000696,0.001394,0.996518
ACTTTGGTCGTGCTCC-1,0.000746,0.037167,0.000747,0.081498,0.879843
ACTTTGTCGACGCACT-1,0.000389,0.000389,0.00039,0.00078,0.998052
AGAAATTATGACTCGC-1,0.000334,0.018434,0.000334,0.000667,0.980232
AGAACCCAGCGTGACA-1,0.000316,0.000316,0.000317,0.000633,0.998418
AGAACCCTCAATTGGG-1,0.000591,0.000589,0.000591,0.319323,0.678907
AGAAGAGCGCCGTTCC-1,0.071441,0.07156,0.071664,0.143337,0.641999
AGAAGGTACACTTCAC-1,0.000463,0.030715,0.000463,0.164681,0.803678
AGAAGGTTGCCGAATT-1,0.001339,0.001353,0.001341,0.542099,0.453868
AGAAGGTTGTAGGTCG-1,0.003978,0.053066,0.003987,0.249637,0.689332
AGAAGTGATTCGTGAT-1,0.000763,0.007259,0.088513,0.001526,0.901938
AGAATAAATCTTCAGG-1,0.016255,0.000286,0.000286,0.28387,0.699303
AGAATTATGGATTCGA-1,0.127932,0.003672,0.003677,0.120983,0.743736
AGAATTGTTTGACATA-1,0.00261,0.06708,0.002607,0.114377,0.813326
AGACAGCTCAGAATCC-1,0.000489,0.000489,0.00049,0.162934,0.835599
AGACAGGCATCTCAGC-1,0.000292,0.005485,0.000292,0.000583,0.993348
AGACCAAACCACACCT-1,0.000452,0.000452,0.051538,0.000905,0.946653
AGACCATGGGATACAA-1,0.000448,0.000447,0.000449,0.094224,0.904432
AGACCCACCGCTGATC-1,0.000551,0.037647,0.000552,0.563619,0.39763
AGACCCGCCCTCCTCG-1,0.001149,0.011497,0.001147,0.002296,0.98391
AGACCGCTCCGCGGTT-1,0.00107,0.001068,0.00107,0.154684,0.842108
AGACCGGGAAACCCTG-1,0.000252,0.000252,0.000252,0.237755,0.761489
AGACGAAGTGCCGGTC-1,0.017913,0.01789,0.892457,0.035848,0.035893
AGACGACGATGCCGCT-1,0.001292,0.011566,0.001294,0.214962,0.770886
AGACGCCCACTTCGCC-1,0.000408,0.000407,0.000408,0.141732,0.857046
AGACTAGCCTTCCAGA-1,0.001195,0.001193,0.001195,0.252098,0.744318
AGACTGTTACCGGGTC-1,0.001217,0.389383,0.001215,0.605751,0.002433
AGAGAACCGTCTAGGA-1,0.000956,0.1423,0.000956,0.144603,0.711184
AGAGAAGGAGTACAAT-1,0.000649,0.000648,0.000649,0.001299,0.996755
AGAGATCTCTAAAGCG-1,0.000348,0.000347,0.000348,0.208795,0.790161
AGAGCAGTTATGAGAC-1,0.000427,0.000426,0.000427,0.000854,0.997867
AGAGCCGCCGAGATTT-1,0.000816,0.000813,0.000816,0.001631,0.995924
AGAGCGCTTGTAACGG-1,0.005503,0.005505,0.005517,0.011023,0.972453
AGAGCGGGCTAATCAT-1,0.007529,0.007533,0.007537,0.015102,0.962299
AGAGCGTACAAGCTCG-1,0.000381,0.00038,0.00038,0.150939,0.84792
AGAGGCTTCGGAAACC-1,0.000386,0.003746,0.000386,0.000772,0.99471
AGAGTAAACTTCACTA-1,0.001327,0.001325,0.001328,0.472183,0.523837
AGAGTATAGTGTTACG-1,0.023833,0.023846,0.023866,0.047737,0.880718
AGATAACTTCAGGGCC-1,0.000387,0.011596,0.000387,0.207733,0.779897
AGATACCAATAGAACC-1,0.000415,0.000414,0.000415,0.069435,0.929322
AGATACCGGTGTTCAC-1,0.062854,0.000596,0.000598,0.053967,0.881984
AGATACGACTTCATAT-1,0.000743,0.025781,0.000743,0.249888,0.722845
AGATACTCAAGATCGA-1,0.000421,0.00042,0.000421,0.000841,0.997897
AGATATAATACGACTA-1,0.076049,0.000302,0.000301,0.103053,0.820295
AGATCGTGCATAAGAT-1,0.001544,0.080165,0.001543,0.46715,0.449599
AGATCTCAGGTGTGAT-1,0.023985,0.00073,0.000732,0.686935,0.287617
AGATGACTCGCCCACG-1,0.01101,0.011022,0.011026,0.022132,0.944811
AGATGATGGAGTCTGG-1,0.023851,0.023843,0.023886,0.880533,0.047888
AGATGCAAGACGTGCA-1,0.000613,0.01994,0.050123,0.285897,0.643427
AGATGCATCCTGTGTC-1,0.000401,0.058432,0.000401,0.000802,0.939965
AGATTATAGGACGTTT-1,0.000859,0.000857,0.000859,0.362823,0.634602
AGATTCACAACCGATA-1,0.000305,0.000307,0.086011,0.052404,0.860973
AGCAAAGGCCGCTAGT-1,0.000423,0.013203,0.000423,0.205962,0.779989
AGCAACATATCTTATT-1,0.003188,0.035084,0.003192,0.549316,0.409219
AGCAACCGAAAGTAAT-1,0.000294,0.000293,0.000293,0.322502,0.676618
AGCACCAGTACTCACG-1,0.055073,0.002651,0.237563,0.233755,0.470958
AGCACTACCGGCCTGT-1,0.000627,0.000625,0.030348,0.001253,0.967147
AGCACTACCTCACCAG-1,0.093719,0.004482,0.000569,0.001139,0.900091
AGCACTTAAGGACGCC-1,0.000551,0.000551,0.000552,0.100447,0.897899
AGCAGTCGAAGCATGC-1,0.002177,0.002169,0.002173,0.203063,0.790418
AGCATATCAATATGCT-1,0.03574,0.371182,0.035847,0.071628,0.485604
AGCATCATTTCGAAAG-1,0.000438,0.000436,0.000437,0.113811,0.884877
AGCATCGTCGATAATT-1,0.005971,0.005972,0.456924,0.234339,0.296795
AGCATTACGAGGCAAG-1,0.000253,0.000252,0.000253,0.056121,0.94312
AGCCACAGGTTACCCG-1,0.010239,0.010223,0.010242,0.294723,0.674573
AGCCACTCCCGTGCTT-1,0.00214,0.041402,0.002142,0.419202,0.535115
AGCCCATACATGTAAG-1,0.000453,0.000452,0.075696,0.000905,0.922494
AGCCCGGCATTAGAGG-1,0.002655,0.026526,0.002659,0.41378,0.554379
AGCCCTAAGCGAAGTT-1,0.004934,0.004937,0.00495,0.134257,0.850921
AGCCCTGTCGCACCGT-1,0.000605,0.000604,0.000606,0.001211,0.996974
AGCCCTTGGACATCCC-1,0.000414,0.000414,0.000415,0.000829,0.997928
AGCCGCAAATTCAAAT-1,0.000369,0.000368,0.000369,0.068017,0.930877
AGCCGTGGCTAAATGT-1,0.00032,0.000319,0.00032,0.006355,0.992687
AGCCTAATACCCACGT-1,0.000494,0.004448,0.064805,0.000986,0.929266
AGCCTTAAAGCGGAAG-1,0.000234,0.000233,0.000234,0.000467,0.998832
AGCGACAGGAACGGTC-1,0.055452,0.002864,0.090835,0.212046,0.638803
AGCGACATCCCATTCA-1,0.011933,0.011926,0.467631,0.023895,0.484615
AGCGACCAACGATATT-1,0.002605,0.002602,0.002612,0.546427,0.445754
AGCGATGCGCCTAATA-1,0.000483,0.000482,0.000484,0.151208,0.847344
AGCGCGGGTGCCAATG-1,0.001103,0.151956,0.001104,0.276374,0.569464
AGCGCTAGAGCGATGT-1,0.000478,0.003591,0.000478,0.000956,0.994497
AGCGGACACTTCGTAG-1,0.001962,0.001962,0.001967,0.45878,0.535329
AGCGGCGGTTAGCGGT-1,0.000338,0.000337,0.03568,0.000675,0.96297
AGCGGTTGCCGCTCTG-1,0.006523,0.006506,0.006522,0.499365,0.481084
AGCGTGGTATTCTACT-1,0.045442,0.000304,0.000305,0.27616,0.677789
AGCTAACAAGCAATGT-1,0.053635,0.013758,0.000327,0.000655,0.931625
AGCTAAGTACGCAGGC-1,0.017877,0.017875,0.017946,0.035899,0.910403
AGCTAGAAGCAGAAGT-1,0.002315,0.320038,0.002321,0.144712,0.530614
AGCTCCATATATGTTC-1,0.025042,0.007842,0.000865,0.001729,0.964523
AGCTCCTTCGCACATC-1,0.003501,0.00349,0.056299,0.007003,0.929707
AGCTCTAGACGTTCCA-1,0.056603,0.000807,0.000801,0.518666,0.423124
AGCTCTTCGTAACCTT-1,0.011015,0.011011,0.109096,0.846796,0.022082
AGCTCTTTACTCAGTT-1,0.001727,0.001725,0.13266,0.366547,0.49734
AGCTGAAGTAAACCAA-1,0.000797,0.000795,0.000797,0.611633,0.385977
AGCTGTAACCTCAATC-1,0.001228,0.095885,0.001226,0.173241,0.728419
AGCTTCTTCTCGAGCA-1,0.000137,0.000137,0.000137,0.000274,0.999314
AGCTTGATCTTAACTT-1,0.025898,0.000353,0.000351,0.105552,0.867847
AGGAACGAACGACTTC-1,0.001908,0.001909,0.691081,0.003824,0.301278
AGGAAGCTGTCCGCCG-1,0.001146,0.001157,0.001148,0.360327,0.636222
AGGACAGTCGAATCCC-1,0.000784,0.000782,0.000784,0.293536,0.704115
AGGACATCGCACGTCG-1,0.000277,0.000276,0.000277,0.007813,0.991357
AGGACGACCCATTAGA-1,0.001749,0.001746,0.16796,0.360628,0.467917
AGGAGACATCCACAGT-1,0.01792,0.0179,0.017952,0.035978,0.91025
AGGAGAGTCTGGCTAC-1,0.011919,0.011933,0.011948,0.621821,0.342378
AGGAGGCCTTCGCGCG-1,0.008942,0.008949,0.008962,0.017924,0.955224
AGGATAAAGTCGGGAT-1,0.027765,0.023339,0.000324,0.885961,0.062611
AGGATATAGGGATTTA-1,0.035889,0.035749,0.035758,0.821062,0.071543
AGGATATCCGACTGCA-1,0.001216,0.001213,0.001216,0.380071,0.616284
AGGATCACGCGATCTG-1,0.000421,0.00042,0.000422,0.03466,0.964078
AGGATTGCTTACGACA-1,0.02384,0.023872,0.023871,0.047891,0.880526
AGGCACGTGACTGTCC-1,0.000604,0.020886,0.000603,0.001206,0.976701
AGGCAGATGCGTAAAC-1,0.002928,0.002922,0.002928,0.178998,0.812224
AGGCATTGTCGTAGGG-1,0.001176,0.001174,0.175455,0.137053,0.685144
AGGCCACATTGGTTAC-1,0.000543,0.012307,0.000544,0.036899,0.949707
AGGCCACCCGTTATGA-1,0.00055,0.000548,0.00055,0.421251,0.577102
AGGCCCATTGTACAGG-1,0.215514,0.007156,0.007165,0.014346,0.755819
AGGCCCTAGAACGCCA-1,0.000274,0.004412,0.050419,0.113445,0.831449
AGGCCTGAGAATCTCG-1,0.017867,0.017886,0.017918,0.035879,0.91045
AGGCGATAACTGGCGT-1,0.000261,0.00026,0.031282,0.000522,0.967675
AGGCGGTTTGTCCCGC-1,0.000566,0.01279,0.000567,0.260749,0.725327
AGGCTATGGTTAGCTT-1,0.000557,0.012171,0.000556,0.001113,0.985604
AGGCTTCCCGAAGAAG-1,0.001885,0.001883,0.001888,0.259677,0.734667
AGGCTTGCTAGACACC-1,0.000432,0.014429,0.000431,0.000862,0.983845
AGGGACCGGCTGCGTT-1,0.020424,0.020464,0.020497,0.040957,0.897659
AGGGAGACATACTTCG-1,0.002241,0.002237,0.002244,0.004483,0.988795
AGGGCGAGCAGCTGAT-1,0.000331,0.000333,0.00033,0.000661,0.998344
AGGGCGTGATCGGCTA-1,0.005974,0.005963,0.005969,0.154084,0.82801
AGGGCTGCAGTTACAG-1,0.000671,0.025065,0.00067,0.77289,0.200705
AGGGTCGATGCGAACT-1,0.001633,0.001626,0.045517,0.003263,0.947961
AGGGTGCTCTCGAGGG-1,0.000829,0.235787,0.02652,0.175934,0.56093
AGGGTGGATAGTGCAT-1,0.00046,0.000462,0.00046,0.15436,0.844258
AGGGTTCCCTTTGGTT-1,0.107793,0.178164,0.001317,0.326463,0.386262
AGGGTTTAGTTCGGGA-1,0.000504,0.000506,0.000503,0.332694,0.665793
AGGTAACCTCCTATTC-1,0.150249,0.092128,0.002611,0.00522,0.749792
AGGTAGATCGAGATAT-1,0.001147,0.179643,0.001147,0.552769,0.265294
AGGTAGGTACAAAGCT-1,0.000457,0.024963,0.000457,0.086325,0.887798
AGGTATAATTGATAGT-1,0.271488,0.013012,0.013031,0.026089,0.676381
AGGTATGCGGACATTA-1,0.01853,0.000353,0.000354,0.000709,0.980053
AGGTCAGGTGAGAGTG-1,0.00042,0.000419,0.000419,0.000839,0.997902
AGGTCGCCTCCCAACA-1,0.000324,0.000323,0.000324,0.000648,0.998381
AGGTCGCGGAGTTACT-1,0.011914,0.011931,0.011972,0.023886,0.940297
AGGTGTATCGCCATGA-1,0.000598,0.000597,0.000598,0.042364,0.955844
AGGTTACACCATGCCG-1,0.000319,0.000318,0.000319,0.025547,0.973497
AGGTTTCACACACCTT-1,0.000491,0.000492,0.000492,0.786683,0.211842
AGTAATGTCTTGCCGC-1,0.345906,0.017877,0.017921,0.035888,0.582408
AGTACAGAAGCTTATA-1,0.000149,0.000149,0.000149,0.187181,0.812372
AGTACATCATTTATCA-1,0.011022,0.011005,0.011038,0.175279,0.791657
AGTACGGCCCGTATCG-1,0.000342,0.000342,0.000342,0.000685,0.998289
AGTACGGGCACCTGGC-1,0.132531,0.153793,0.134956,0.003828,0.574893
AGTACTCTTATGCCCA-1,0.002171,0.052207,0.002173,0.004346,0.939102
AGTAGGTAACATACAT-1,0.005324,0.005302,0.005316,0.211253,0.772805
AGTATAATACTAGGCA-1,0.000605,0.000604,0.032036,0.069544,0.89721
AGTATGCTGGAGACCA-1,0.000897,0.000895,0.000897,0.186195,0.811117
AGTCAACACCACCATC-1,0.000526,0.000527,0.000525,0.670544,0.327878
AGTCAAGATGACACTT-1,0.006824,0.006817,0.006827,0.013667,0.965864
AGTCACTAGCTCTCGA-1,0.000535,0.000539,0.000535,0.232919,0.765472
AGTCAGCCACCGCCTG-1,0.003675,0.003671,0.003679,0.474126,0.51485
AGTCCATTGGCTGATG-1,0.020505,0.02047,0.020483,0.041021,0.897522
AGTCCCTCGCAGAAAG-1,0.007163,0.007157,0.00717,0.964161,0.014349
AGTCGACGGTCTCAAG-1,0.111228,0.00409,0.0041,0.008203,0.872379
AGTCGGCCCAAACGAC-1,0.000382,0.000385,0.000383,0.104006,0.894843
AGTCGGCTCAACTTTA-1,0.000392,0.012337,0.000391,0.07146,0.915421
AGTCGGTTGCGTGAGA-1,0.000561,0.000559,0.000561,0.001121,0.997198
AGTCGTATAAAGCAGA-1,0.003779,0.003769,0.003777,0.338335,0.65034
AGTCGTCGACCACCAA-1,0.009545,0.00956,0.391636,0.01916,0.570099
AGTCGTGGGCATTACG-1,0.000532,0.00053,0.000532,0.366631,0.631776
AGTCTAAAGTATACTC-1,0.006822,0.006821,0.006828,0.01369,0.96584
AGTCTCACAAGACTAC-1,0.000937,0.000935,0.000938,0.396786,0.600404
AGTCTGGACATCCTTG-1,0.002879,0.070275,0.002867,0.005743,0.918236
AGTCTTCTCCTCAAAT-1,0.00224,0.002237,0.002242,0.56338,0.429901
AGTCTTTAAAGTGTCC-1,0.000328,0.000328,0.000328,0.000657,0.998359
AGTGAACAAACTTCTC-1,0.008934,0.008948,0.008986,0.017937,0.955194
AGTGAAGATGGTGTCC-1,0.017885,0.017894,0.017984,0.035869,0.910369
AGTGACCTACTTTACG-1,0.001814,0.021011,0.13085,0.003635,0.84269
AGTGAGACTTCCAGTA-1,0.000845,0.238139,0.000845,0.173319,0.586852
AGTGAGCCTCGCCGCC-1,0.020413,0.020439,0.020485,0.040973,0.89769
AGTGATAACCTGCGCG-1,0.004111,0.004089,0.004092,0.008197,0.979511
AGTGATATGAGTAGTT-1,0.000934,0.619919,0.000932,0.162994,0.215221
AGTGATTCAAGCAGGA-1,0.020542,0.073315,0.000641,0.52293,0.382572
AGTGCACGCTTAAGAA-1,0.001039,0.010666,0.00104,0.00208,0.985175
AGTGCGTAGCTCGTAA-1,0.001176,0.001173,0.001177,0.323962,0.672512
AGTGCTAAACACAGCA-1,0.001327,0.067484,0.001329,0.405564,0.524295
AGTGCTTGCACGAATA-1,0.006247,0.006221,0.006241,0.169575,0.811716
AGTGGCGGCAATTTGA-1,0.002278,0.082142,0.002279,0.643273,0.270028
AGTGGCGTCTGAAGGT-1,0.013059,0.01301,0.013032,0.026157,0.934743
AGTGGCTCCGTCGGCC-1,0.000631,0.000631,0.000633,0.001264,0.996842
AGTGGTGTTACCCGTG-1,0.0006,0.000599,0.0006,0.001201,0.996999
AGTGGTTGCGTATAGG-1,0.000337,0.000336,0.000337,0.000674,0.998317
AGTGTGGTCTATTGTG-1,0.000595,0.000594,0.000596,0.125821,0.872394
AGTTAAACACTTGCGA-1,0.091559,0.000429,0.00043,0.412422,0.495161
AGTTAAGTCAACCGCT-1,0.000543,0.000542,0.000543,0.159422,0.838949
AGTTACCCTTAAGACT-1,0.000431,0.00043,0.000431,0.183024,0.815685
AGTTACCGCACATGGT-1,0.000363,0.000362,0.000363,0.290892,0.708019
AGTTCCTACAGAATTA-1,0.003786,0.038665,0.003777,0.388074,0.565698
AGTTCCTATTTATGTT-1,0.00081,0.000809,0.151339,0.634759,0.212283
AGTTTATGTAAAGACA-1,0.018008,0.017888,0.017908,0.910278,0.035918
AGTTTCGCAGGTCGGA-1,0.013061,0.013025,0.013051,0.026066,0.934796
AGTTTGCACCTGCCTC-1,0.000336,0.000337,0.000336,0.306225,0.692766
AGTTTGGCACGGGTTG-1,0.005498,0.005509,0.00551,0.01103,0.972453
AGTTTGGCCAGACCTA-1,0.000432,0.019771,0.01961,0.077816,0.882371
ATAAACGGACCCGTAA-1,0.000368,0.014097,0.000368,0.591453,0.393715
ATAAACGTTGCACCAC-1,0.000408,0.266278,0.000408,0.136592,0.596314
ATAAAGGCTCGGTCGT-1,0.001496,0.015489,0.001496,0.00299,0.97853
ATAAATATTAGCAGCT-1,0.000314,0.005495,0.000314,0.033372,0.960505
ATAACGCCGGAGGGTC-1,0.000897,0.000895,0.000896,0.485619,0.511693
ATAACGGAGTCCAACG-1,0.032377,0.056522,0.000416,0.909853,0.000832
ATAAGGTGGAGAACAT-1,0.000233,0.000233,0.000233,0.16215,0.837151
ATAAGTAGGATTCAGA-1,0.014295,0.014309,0.014334,0.028632,0.928429
ATAAGTAGGGCGACTC-1,0.023828,0.023844,0.023882,0.047731,0.880715
ATAAGTTACCGCGACG-1,0.000434,0.246887,0.000433,0.324219,0.428027
ATAATAGCTGTTGAAT-1,0.000627,0.006442,0.143447,0.381634,0.46785
ATAATAGTGTAGGGAC-1,0.022481,0.000402,0.000403,0.0968,0.879913
ATAATCTTGGAGAACC-1,0.001708,0.001704,0.001707,0.152219,0.842662
ATAATTAGCTAAGTAG-1,0.003497,0.044542,0.189355,0.15226,0.610346
ATACAGGCCCTCCAAT-1,0.00024,0.000241,0.00024,0.062199,0.93708
ATACCACGGGCAACTT-1,0.000459,0.0091,0.000459,0.085999,0.903983
ATACCAGGCTAATAGA-1,0.000811,0.01458,0.000811,0.448218,0.53558
ATACCTAACCAAGAAA-1,0.027075,0.074528,0.052029,0.406233,0.440135
ATACGAAGGCTTTCCA-1,0.000512,0.000511,0.02563,0.20682,0.766526
ATACGCCGGCGAAACC-1,0.03888,0.000331,0.000332,0.466849,0.493608
ATACGGAACGTCGTTT-1,0.000524,0.000528,0.000523,0.115877,0.882548
ATACGGGTTTCGATTG-1,0.003678,0.042416,0.003678,0.131986,0.818242
ATACGGTGAAGATGCA-1,0.000308,0.000309,0.000308,0.111757,0.887319
ATACGTACTTAGCCAC-1,0.000793,0.000791,0.000793,0.120382,0.877241
ATACGTCCACTCCTGT-1,0.002109,0.002105,0.002107,0.00422,0.989458
ATACGTTATGCACGGA-1,0.001492,0.039459,0.001495,0.525799,0.431756
ATACTACCCGTACCAC-1,0.00062,0.005994,0.060945,0.001243,0.931197
ATACTAGCATGACCCT-1,0.003123,0.003112,0.003114,0.322351,0.668299
ATACTGCCTTACACCG-1,0.023819,0.023842,0.023868,0.240574,0.687897
ATACTTGTTCTCGAGC-1,0.00047,0.000474,0.00047,0.144928,0.853658
ATAGACAACGGGACCT-1,0.000886,0.197147,0.000885,0.341238,0.459844
ATAGACGAAGAGAAAG-1,0.000369,0.00037,0.000369,0.165937,0.832955
ATAGAGTACTGGGACA-1,0.001493,0.001491,0.001495,0.191435,0.804086
ATAGAGTTATCAACTT-1,0.001177,0.270666,0.001177,0.286202,0.440777
ATAGCAACTAGGGAAG-1,0.026799,0.00062,0.000621,0.244226,0.727734
ATAGGCGGCTATAGAA-1,0.000594,0.011893,0.000596,0.151071,0.835846
