Barcode,Topic 1,Topic 2,Topic 3to10
AAACAACGAATAGTTC-1,0.000578,0.000578,0.998844
AAACAAGTATCTCCCA-1,0.000031,0.000031,0.999938
AAACAATCTACTAGCA-1,0.000069,0.03457,0.965361
AAACACCAATAACTGC-1,0.001961,0.001961,0.996078
AAACAGAGCGACTCCT-1,0.002858,0.002858,0.994284
AAACAGCTTTCAGAAG-1,0.00087,0.00087,0.998261
AAACAGGGTCTATATT-1,0.002326,0.002326,0.995347
AAACATTTCCCGGATT-1,0.000061,0.035316,0.964622
AAACCCGAACGAAATC-1,0.000029,0.492542,0.507428
AAACCGGGTAGGTACC-1,0.000018,0.001227,0.998755
AAACCGTTCGTCCAGG-1,0.000019,0.059362,0.940619
AAACCTAAGCAGCCGG-1,0.000513,0.000513,0.998974
AAACCTCATGAAGTTG-1,0.000013,0.004241,0.995746
AAACGAAGAACATACC-1,0.000476,0.000476,0.999047
AAACGAAGATGGAGTA-1,0.000402,0.00138,0.998218
AAACGAGACGGTTGAT-1,0.000127,0.000127,0.999746
AAACGGGCGTACGGGT-1,0.00006,0.024723,0.975217
AAACGGGTTGGTATCC-1,0.00099,0.00099,0.998019
AAACTAACGTGGCGAC-1,0.000108,0.015739,0.984153
AAACTCGGTTCGCAAT-1,0.000238,0.000238,0.999524
AAACTCGTGATATAAG-1,0.000034,0.025201,0.974764
AAACTGCTGGCTCCAA-1,0.000085,0.046408,0.953507
AAACTTAATTGCACGC-1,0.00026,0.00026,0.99948
AAACTTGCAAACGTAT-1,0.000037,0.000037,0.999925
AAAGACCCAAGTCGCG-1,0.000196,0.000196,0.999609
AAAGACTGGGCGCTTT-1,0.00004,0.00004,0.99992
AAAGGCCCTATAATAC-1,0.001389,0.001389,0.997222
AAAGGCTACGGACCAT-1,0.000109,0.069902,0.929989
AAAGGGCAGCTTGAAT-1,0.39253,0.02251,0.58496
AAAGGTAAGCTGTACC-1,0.001205,0.001205,0.99759
AAAGTAGCATTGCTCA-1,0.000065,0.039556,0.960379
AAAGTCGACCCTCAGT-1,0.000155,0.000155,0.99969
AAAGTGTGATTTATCT-1,0.00003,0.060771,0.939199
AAAGTTGACTCCCGTA-1,0.000016,0.023152,0.976832
AAATAACCATACGGGA-1,0.0008,0.0008,0.9984
AAATAAGGTAGTGCCC-1,0.000028,0.115579,0.884393
AAATACCTATAAGCAT-1,0.000051,0.000051,0.999898
AAATAGCTTAGACTTT-1,0.000035,0.000035,0.99993
AAATAGGGTGCTATTG-1,0.006251,0.006252,0.987497
AAATCCGATACACGCC-1,0.000297,0.000297,0.999406
AAATCGCGGAAGGAGT-1,0.000259,0.000259,0.999482
AAATCTAGCCCTGCTA-1,0.000036,0.020931,0.979033
AAATCTGCCCGCGTCC-1,0.000813,0.000813,0.998374
AAATGATTCGATCAGC-1,0.000033,0.020458,0.979509
AAATGCTCGTTACGTT-1,0.000049,0.004495,0.995455
AAATGGCATGTCTTGT-1,0.000855,0.000855,0.99829
AAATGGCCCGTGCCCT-1,0.001924,0.001924,0.996153
AAATGGTCAATGTGCC-1,0.000021,0.232169,0.76781
AAATTACACGACTCTG-1,0.001299,0.001299,0.997402
AAATTACCTATCGATG-1,0.000067,0.000067,0.999866
AAATTCCAGGTCCAAA-1,0.000017,0.53526,0.464723
AAATTGATAGTCCTTT-1,0.000075,0.020546,0.979379
AAATTGCGGCGGTTCT-1,0.001177,0.001177,0.997646
AAATTTACCGAAATCC-1,0.001099,0.001099,0.997802
AAATTTGCGGGTGTGG-1,0.000028,0.000685,0.999287
AACAACTGGTAGTTGC-1,0.000028,0.042245,0.957727
AACAATACATTGTCGA-1,0.000221,0.000221,0.999558
AACAATTACTCTACGC-1,0.000004,0.000004,0.999992
AACACACGCTCGCCGC-1,0.00002,0.006191,0.993789
AACACGACTGTACTGA-1,0.000239,0.000239,0.999523
AACACGAGACGCGGCC-1,0.000051,0.000051,0.999899
AACACGCGGCCGCGAA-1,0.000045,0.038935,0.96102
AACAGCTGTGTGGCAA-1,0.000087,0.022354,0.97756
AACAGGAAATCGAATA-1,0.000181,0.000181,0.999638
AACAGGATGGGCCGCG-1,0.000013,0.052226,0.947761
AACAGGTAGTATGGAT-1,0.000012,0.890325,0.109663
AACATAGCGTGTATCG-1,0.025007,0.025005,0.949988
AACATATCAACTGGTG-1,0.000034,0.020581,0.979385
AACATCGATACGTCTA-1,0.000068,0.000068,0.999865
AACATTGAAGTTGATC-1,0.000085,0.000085,0.99983
AACATTGGTCAGCCGT-1,0.000351,0.000351,0.999298
AACATTGTGACTCGAG-1,0.000249,0.000249,0.999501
AACCAAGACTTCTCTG-1,0.000007,0.010914,0.989079
AACCAGTATCACTCTT-1,0.000498,0.000498,0.999005
AACCATAGGGTTGAAC-1,0.000112,0.000112,0.999776
AACCATGGGATCGCTA-1,0.000033,0.013961,0.986006
AACCCAGAGACGGAGA-1,0.000074,0.000074,0.999851
AACCCATCCCATGATC-1,0.001961,0.001962,0.996077
AACCCGACAACCCGTG-1,0.000039,0.000039,0.999922
AACCCGAGCAGAATCG-1,0.000045,0.073886,0.926069
AACCCTACTGTCAATA-1,0.000029,0.000029,0.999941
AACCCTGGTGGAACCA-1,0.000337,0.000337,0.999326
AACCGAGCTTGGTCAT-1,0.000072,0.000072,0.999856
AACCGCTAAGGGATGC-1,0.000022,0.005935,0.994044
AACCGTTGTGTTTGCT-1,0.000347,0.000347,0.999305
AACCTAAAGCCGTCCG-1,0.000172,0.000172,0.999657
AACCTCGCTTTAGCCC-1,0.002632,0.002632,0.994736
AACCTGTCACGGAATT-1,0.00004,0.258146,0.741814
AACCTTTAAATACGGT-1,0.000224,0.000224,0.999552
AACCTTTACGACGTCT-1,0.003449,0.003449,0.993102
AACGAAAGTCGTCCCA-1,0.000081,0.000081,0.999839
AACGATAATGCCGTAG-1,0.00003,0.00003,0.999939
AACGATAGAAGGGCCG-1,0.000071,0.000071,0.999858
AACGATATGTCAACTG-1,0.001924,0.001924,0.996153
AACGCATGATCTGGGT-1,0.001588,0.001588,0.996825
AACGCGAACGGCAACA-1,0.000188,0.000188,0.999625
AACGCGACCTTGGGCG-1,0.000083,0.056895,0.943022
AACGCTGTTGCTGAAA-1,0.000033,0.023849,0.976119
AACGGACGTACGTATA-1,0.000021,0.008403,0.991577
AACGGCCATCTCCGGT-1,0.000022,0.0048,0.995177
AACGTACTGTGGGTAC-1,0.000032,0.087456,0.912512
AACGTAGTCTACCCAT-1,0.000079,0.004186,0.995735
AACGTCAGACTAGTGG-1,0.000048,0.031741,0.968211
AACGTGATGAAGGACA-1,0.000375,0.000375,0.999251
AACGTGCGAAAGTCTC-1,0.000234,0.000234,0.999532
AACGTTATCAGCACCT-1,0.000617,0.000617,0.998765
AACTACCCGTTTGTCA-1,0.000007,0.999346,0.000647
AACTCAAGTTAATTGC-1,0.000033,0.113602,0.886364
AACTCCAGAGCGTGTT-1,0.000106,0.000106,0.999787
AACTCCTAATCCCATG-1,0.001471,0.001471,0.997058
AACTCGATAAACACGT-1,0.000037,0.011766,0.988197
AACTCGATGGCGCAGT-1,0.000045,0.010783,0.989172
AACTCTCAATAGAGCG-1,0.000016,0.004683,0.995301
AACTCTCAGTGTGCTC-1,0.000048,0.000048,0.999905
AACTGAGGTCAGCGTC-1,0.000123,0.000123,0.999753
AACTGGGTTCGAGCCG-1,0.004546,0.004547,0.990908
AACTTCTGCGTCTATC-1,0.000028,0.055873,0.944099
AACTTGCCCGTATGCA-1,0.000007,0.000273,0.99972
AACTTGCGTTCTCGCG-1,0.000077,0.000077,0.999846
AACTTTACGGGAGCTT-1,0.001316,0.001316,0.997368
AAGAAAGTTTGATGGG-1,0.000503,0.000503,0.998995
AAGAAGGATCAGTTAG-1,0.00004,0.007367,0.992593
AAGACATACGTGGTTT-1,0.000017,0.020364,0.979619
AAGACCAAATAACTCA-1,0.00035,0.00035,0.999301
AAGACCCAACTGAACA-1,0.000065,0.071955,0.92798
AAGACTAACCCGTTGT-1,0.000637,0.000637,0.998726
AAGACTGCAAGCTACT-1,0.000037,0.00675,0.993214
AAGAGATGAATCGGTA-1,0.000025,0.042565,0.95741
AAGAGCTCTTTATCGG-1,0.000172,0.000172,0.999657
AAGAGGATGTACGCGA-1,0.000021,0.000263,0.999715
AAGAGGCATGGATCGC-1,0.000129,0.052246,0.947625
AAGAGGCCCTTTGGAA-1,0.000038,0.040785,0.959177
AAGATGGCACCGGACC-1,0.000236,0.000236,0.999528
AAGATTGGCGGAACGT-1,0.000149,0.000149,0.999702
AAGCACCCTGCGTATC-1,0.000439,0.000439,0.999123
AAGCATACTCTCCTGA-1,0.000084,0.014138,0.985777
AAGCCGAAGCGGTTTA-1,0.000043,0.021229,0.978728
AAGCCGCCGTGAAATC-1,0.000578,0.000578,0.998844
AAGCGCAGGGCTTTGA-1,0.000198,0.000198,0.999604
AAGCGGCGTCATGGGT-1,0.000855,0.000855,0.99829
AAGCGTCCCTCATCGA-1,0.00009,0.00009,0.99982
AAGCTAGATCGAGTAA-1,0.000094,0.000094,0.999813
AAGCTATGGATTGACC-1,0.000312,0.000312,0.999377
AAGCTCGTGCCAAGTC-1,0.000098,0.000098,0.999804
AAGCTCTTTCATGGTG-1,0.004547,0.004547,0.990906
AAGGAGCGGTTGGTGC-1,0.000032,0.184578,0.81539
AAGGATCGATCGCTTG-1,0.000035,0.149513,0.850452
AAGGATGAGGGACCTC-1,0.000176,0.1504,0.849424
AAGGCGCGTAAAGCTT-1,0.000034,0.061977,0.937988
AAGGCTGTGCTCATCG-1,0.000033,0.230752,0.769215
AAGGGAACGACTGGCT-1,0.001334,0.001334,0.997333
AAGGGACAGATTCTGT-1,0.000028,0.000028,0.999944
AAGGGACTATGCATTC-1,0.000109,0.029093,0.970798
AAGGTATCCTAATATA-1,0.001099,0.001099,0.997802
AAGGTGATAAACCAGC-1,0.000025,0.01825,0.981725
AAGTAGAAGACCGGGT-1,0.000048,0.000048,0.999904
AAGTAGTGACGCGAGG-1,0.000022,0.005839,0.99414
AAGTCAATTGTCGTCA-1,0.000036,0.000036,0.999927
AAGTGACGACCGAATT-1,0.000005,0.008315,0.99168
AAGTGAGTCGGGTTTA-1,0.000049,0.056815,0.943136
AAGTGCAAAGGTAGAC-1,0.000345,0.000345,0.99931
AAGTGCCTTGACTGTA-1,0.000047,0.019252,0.980701
AAGTGCGTTAGAATCT-1,0.000053,0.014572,0.985376
AAGTGCTTCTCTATTG-1,0.000051,0.023294,0.976654
AAGTGTTTGGAGACGG-1,0.001613,0.001613,0.996774
AAGTTCACTCCAAGCT-1,0.000827,0.000827,0.998347
AAGTTCAGTCTGCGTA-1,0.000541,0.136018,0.863441
AAGTTCGGCCAACAGG-1,0.000024,0.002239,0.997737
AAGTTGTGATGTTATA-1,0.000041,0.018062,0.981897
AAGTTTACTAATGGCA-1,0.00007,0.021112,0.978817
AAGTTTATGGGCCCAA-1,0.001352,0.001352,0.997297
AATAACAACGCTCGGC-1,0.000021,0.007627,0.992352
AATAACACTAGAACAA-1,0.000035,0.043553,0.956412
AATAAGTCCTCGAGAC-1,0.000056,0.000056,0.999888
AATACAATGTTTCAGG-1,0.001235,0.001235,0.99753
AATACCGGAGGGCTGT-1,0.000046,0.000046,0.999908
AATAGAACAGAGTGGC-1,0.000033,0.179272,0.820695
AATAGAATCTGTTTCA-1,0.000029,0.05694,0.943031
AATAGCTACCGCGTGC-1,0.000944,0.000944,0.998113
AATAGTCGCGAGTCGG-1,0.002128,0.131518,0.866354
AATATCAAGGTCGGAT-1,0.000027,0.000662,0.999311
AATATCGAATCAATGC-1,0.000036,0.15878,0.841184
AATATCGAGGGTTCTC-1,0.000038,0.017564,0.982398
AATATTGGAGTATTGA-1,0.000032,0.000032,0.999937
AATCAGACTGCAGGAC-1,0.000885,0.000885,0.99823
AATCATGTAAAGACTC-1,0.000043,0.011681,0.988277
AATCCAAGGGCCTGAG-1,0.000051,0.000051,0.999899
AATCCATGCAAGGGTG-1,0.000204,0.000204,0.999593
AATCGAGGTCTCAAGG-1,0.010002,0.010002,0.979995
AATCGCCTCAGCGCCA-1,0.000215,0.000215,0.999571
AATCGCGCAGAGGACT-1,0.000019,0.629885,0.370096
AATCGGGACACTACGA-1,0.000096,0.000096,0.999808
AATCGGTATAGCCCTC-1,0.000047,0.009672,0.990281
AATCGTGAGCCGAGCA-1,0.00164,0.00164,0.99672
AATCTAGGTTTACTTG-1,0.000621,0.000621,0.998757
AATCTATGCCGGAGCC-1,0.000034,0.041794,0.958172
AATCTCTACTGTGGTT-1,0.001053,0.001053,0.997894
AATCTGCGTTGGGACG-1,0.000005,0.006769,0.993226
AATCTGGCTTTCTAGT-1,0.003334,0.003334,0.993332
AATCTGGGTAGACCCT-1,0.000725,0.000725,0.99855
AATGACAGCAATGTCT-1,0.000029,0.066655,0.933315
AATGACGTAGGATGTC-1,0.001695,0.001695,0.996609
AATGACTGTCAGCCGG-1,0.000047,0.028336,0.971617
AATGAGTTCGCATATG-1,0.000111,0.000111,0.999778
AATGATGATACGCTAT-1,0.000124,0.000124,0.999753
AATGATGCGACTCCTG-1,0.000066,0.10829,0.891643
AATGCACCAAGCAATG-1,0.000581,0.000582,0.998837
AATGGTCCACCGTTCA-1,0.00008,0.00008,0.999841
AATGGTTCTCACAAGC-1,0.000058,0.024618,0.975324
AATGTATGGCACTGTA-1,0.000152,0.000152,0.999697
AATGTGCCCGAGGTGT-1,0.000103,0.000103,0.999793
AATGTTAAGACCCTGA-1,0.020003,0.020003,0.959994
AATGTTGTCGTGAGAC-1,0.000043,0.000043,0.999913
AATTAAAGGTCGGCGT-1,0.000014,0.848306,0.151679
AATTACGAGACCCATC-1,0.000447,0.000447,0.999107
AATTACTCGTACGCTC-1,0.00012,0.00012,0.99976
AATTATACCCAGCAAG-1,0.000158,0.000158,0.999684
AATTCATAAGGGATCT-1,0.00164,0.00164,0.99672
AATTCATTGTCATGCA-1,0.000685,0.000685,0.99863
AATTCCAACTTGGTGA-1,0.000212,0.000212,0.999575
AATTCGATTCGAGGAT-1,0.000833,0.33291,0.666257
AATTGAACGCTCTGGT-1,0.000129,0.000129,0.999742
AATTGCAGCAATCGAC-1,0.000041,0.010231,0.989728
AATTGCGTGGATTACA-1,0.000036,0.000036,0.999928
AATTTGGGACATAGTA-1,0.002501,0.002501,0.994999
AATTTGGTTCCAAAGA-1,0.000199,0.000199,0.999602
ACAAACCATGCGTCCT-1,0.000935,0.000935,0.99813
ACAAACCGACAAGGCG-1,0.000207,0.000207,0.999586
ACAAAGCATGACCTAG-1,0.000043,0.004668,0.995289
ACAAATCGCACCGAAT-1,0.000192,0.20031,0.799498
ACAAATGGTAGTGTTT-1,0.00015,0.034875,0.964975
ACAAATTCAGATCTGA-1,0.000379,0.000379,0.999242
ACAACAGCATGAGCTA-1,0.000068,0.053517,0.946415
ACAACGGTCCCTGCGA-1,0.000283,0.000283,0.999435
ACAAGCAGTGCCTAGC-1,0.000021,0.054054,0.945925
ACAAGGAAATCCGCCC-1,0.003334,0.191131,0.805534
ACAAGGACAAGAGGTT-1,0.000027,0.009533,0.99044
ACAAGGATGCTTTAGG-1,0.000094,0.000094,0.999813
ACAAGGGCAGGCTCTG-1,0.000741,0.000741,0.998518
ACAAGTAATTGTAAGG-1,0.000082,0.000082,0.999836
ACAATAGTCGTACGTT-1,0.000614,0.000614,0.998773
ACAATCCATTTAAACC-1,0.000025,0.020662,0.979314
ACAATCGATCTTTATA-1,0.000341,0.000341,0.999317
ACAATGAATACGGAGA-1,0.000066,0.000066,0.999868
ACAATGATTCTTCTAC-1,0.000162,0.000162,0.999676
ACAATTGTGTCTCTTT-1,0.000031,0.009433,0.990536
ACAATTTAGGAGGCTC-1,0.000781,0.000781,0.998437
ACAATTTGAGCAGTGG-1,0.000362,0.000362,0.999275
ACACACCAGGACCAGT-1,0.000015,0.017656,0.982328
ACACATGATCAAATCT-1,0.001352,0.077185,0.921463
ACACATTGACGCAACA-1,0.000044,0.000044,0.999911
ACACCACATAATTAGC-1,0.000038,0.045353,0.954609
ACACCCAGCATGCAGC-1,0.000165,0.000165,0.99967
ACACCCGAGAAATCCG-1,0.000057,0.043116,0.956827
ACACCGAGCGCTCTTT-1,0.000087,0.000087,0.999826
ACACCGGTCTGACCGC-1,0.000893,0.000893,0.998214
ACACCTTAAGTAGGGC-1,0.000059,0.026476,0.973466
ACACCTTACTACTTGC-1,0.000031,0.299564,0.700406
ACACGAGACTCCTTCT-1,0.000115,0.000115,0.999771
ACACGGCACTATGCAT-1,0.00011,0.00011,0.99978
ACACGGGAACTTAGGG-1,0.000083,0.000083,0.999834
ACACGTAGGCCACAAG-1,0.000039,0.01205,0.98791
ACACTCCAATGTCACT-1,0.000065,0.014236,0.985699
ACACTGATCAAGGTGT-1,0.000038,0.172231,0.82773
ACAGAACTGAGAACAA-1,0.000042,0.033534,0.966424
ACAGATTAGGTTAGTG-1,0.000402,0.000402,0.999197
ACAGCATAGAGCCAGT-1,0.000083,0.000083,0.999833
ACAGCGACATTCTCAT-1,0.000034,0.000034,0.999933
ACAGCGCACCCGCAGC-1,0.000575,0.000575,0.99885
ACAGGCACGGATCCTT-1,0.000038,0.049171,0.950791
ACAGGCTTGCCCGACT-1,0.000107,0.040763,0.959129
ACAGGTGGAGGTGAGG-1,0.000028,0.043158,0.956815
ACAGTAATACAACTTG-1,0.000287,0.124685,0.875028
ACAGTATACCGTGGGA-1,0.000093,0.088624,0.911283
ACATAAGTCGTGGTGA-1,0.001021,0.001021,0.997959
ACATCAGCTGGGACGC-1,0.000419,0.075536,0.924045
ACATCCTGGTAACTGT-1,0.000039,0.014807,0.985154
ACATCGGTCAGCCGCG-1,0.000036,0.037161,0.962803
ACATCGTATGCAATGG-1,0.000332,0.120305,0.879363
ACATCGTTAACCTAGT-1,0.000526,0.154601,0.844873
ACATCTCAACGCGTAA-1,0.000038,0.000038,0.999925
ACATGCTTACGGCAGC-1,0.000807,0.000807,0.998387
ACATGGCGCCAAAGTA-1,0.000033,0.042772,0.957195
ACATGGCTCAATTTAG-1,0.000154,0.000154,0.999692
ACCAAACTAGAAATCC-1,0.000126,0.000126,0.999748
ACCAACACCACACACT-1,0.000035,0.011635,0.98833
ACCAACCGCACTCCAC-1,0.000045,0.029629,0.970325
ACCAACGCTTATTTAT-1,0.000024,0.080833,0.919143
ACCAAGAACGCGTGTC-1,0.00011,0.00011,0.999779
ACCAAGTCATCGGCAG-1,0.000047,0.028922,0.971031
ACCAATATGCAAGTTA-1,0.001563,0.001563,0.996874
ACCACAACTCAGAACA-1,0.000538,0.000538,0.998924
ACCACACGGTTGATGG-1,0.00244,0.00244,0.995121
ACCACCAATGTAACAA-1,0.000014,0.146843,0.853143
ACCACGTGCAGCTATA-1,0.00137,0.00137,0.99726
ACCACTGTTCAAGAAG-1,0.000125,0.000125,0.99975
ACCAGACCATAACAAC-1,0.00012,0.079435,0.920445
ACCAGCCCGGTCTTTG-1,0.000086,0.072791,0.927123
ACCAGTGCCCGGTCAA-1,0.000117,0.036131,0.963753
ACCAGTGCGGGAGACG-1,0.000018,0.026084,0.973898
ACCATCCGCCAACTAG-1,0.000349,0.000349,0.999303
ACCATCGTATATGGTA-1,0.00003,0.029602,0.970367
ACCATTAAGGGTGTCA-1,0.000203,0.039788,0.96001
ACCCAACGCCCGTGGC-1,0.000226,0.044919,0.954855
ACCCACCTACATGCTC-1,0.000031,0.001123,0.998846
ACCCATCTTGAGGGTA-1,0.000038,0.055413,0.944548
ACCCATTTGTCCCTCT-1,0.000036,0.014677,0.985287
ACCCGGATGACGCATC-1,0.000024,0.001647,0.998329
ACCCGGTTACACTTCC-1,0.000011,0.983784,0.016204
ACCCGTAGCAGAGAAT-1,0.000065,0.000065,0.99987
ACCCGTGTCATCAGTA-1,0.000101,0.062006,0.937893
ACCCTATAGGACTGAG-1,0.000047,0.000047,0.999906
ACCCTATGCCATATCG-1,0.000056,0.010211,0.989734
ACCCTCCCGTCAGGGC-1,0.000036,0.032413,0.967551
ACCCTCCCTTGCTATT-1,0.000237,0.000237,0.999526
ACCCTGGTAACGCCCT-1,0.00006,0.054593,0.945347
ACCCTTCATCTGCGAA-1,0.000538,0.000538,0.998925
ACCCTTTAGTTCTCCA-1,0.000493,0.000493,0.999015
ACCGAAGAGTCTGGTT-1,0.000855,0.000855,0.99829
ACCGAGTCTCCTTATT-1,0.00125,0.00125,0.997499
ACCGATGGTAGCATCG-1,0.00002,0.010668,0.989312
ACCGCAATAACTGCCT-1,0.001053,0.001053,0.997894
ACCGCGGTGGAAGTCG-1,0.000035,0.076222,0.923743
ACCGGGCCTTTGTTGA-1,0.00002,0.012931,0.987048
ACCGGTCAGGTACACC-1,0.001205,0.222671,0.776124
ACCGTGACCACGTGGG-1,0.000215,0.143267,0.856518
ACCGTTCCCGCTCTGA-1,0.000562,0.023771,0.975667
ACCTAAGTACCTTTCA-1,0.00005,0.040945,0.959005
ACCTAATCGACTTCCT-1,0.000023,0.000023,0.999954
ACCTACAGTATGTGGT-1,0.000025,0.409304,0.590671
ACCTCCGCCCTCGCTG-1,0.000015,0.042516,0.957469
ACCTCCGTTATTCACC-1,0.000012,0.048083,0.951905
ACCTCGAACTTATGCT-1,0.001205,0.001205,0.99759
ACCTGCGTGTCATGTT-1,0.000714,0.000715,0.998571
ACCTTTCCTTTAGAAG-1,0.000117,0.000117,0.999766
ACGAAATGGGCGGCAC-1,0.000006,0.006035,0.993959
ACGACTCTAGGGCCGA-1,0.000031,0.002495,0.997474
ACGACTGGTCATACTC-1,0.000058,0.000058,0.999883
ACGAGAACCCATCACG-1,0.000044,0.000044,0.999913
ACGAGATATTTGCTTA-1,0.000278,0.000278,0.999444
ACGAGGATACCACTCT-1,0.001852,0.001852,0.996296
ACGAGGTTTACAACGT-1,0.001177,0.001177,0.997647
ACGAGTACGGATGCCC-1,0.000037,0.04459,0.955374
ACGAGTCGCCGGCGTT-1,0.00003,0.00003,0.999939
ACGATACATAGAACTA-1,0.003572,0.003572,0.992856
ACGATCATCTTGTAAA-1,0.000028,0.004369,0.995602
ACGATGCATATGTTAT-1,0.00004,0.083354,0.916606
ACGATGGATCCGATGC-1,0.000529,0.061801,0.93767
ACGCAAACTAATAGAT-1,0.000043,0.050216,0.949741
ACGCAATCACTACAGC-1,0.000042,0.076185,0.923773
ACGCATACGTTTACTA-1,0.000039,0.010413,0.989548
ACGCCACTCGAAACAG-1,0.00017,0.00017,0.999659
ACGCCAGATGATTTCT-1,0.001588,0.001588,0.996825
ACGCCCAGCTGTCGAT-1,0.000091,0.000091,0.999818
ACGCCGCTAGACGACC-1,0.000051,0.000051,0.999898
ACGCGCTACACAGGGT-1,0.000026,0.006497,0.993477
ACGCGTTTCTTAAGAG-1,0.000355,0.000355,0.999291
ACGCTAGTGATACACT-1,0.00004,0.050094,0.949866
ACGCTGTGAGGCGTAG-1,0.000151,0.000151,0.999698
ACGCTTAGTGTCTCTC-1,0.000758,0.000758,0.998484
ACGGAATTTAGCAAAT-1,0.000058,0.000058,0.999884
ACGGACGCAGCGACAA-1,0.000375,0.000375,0.999251
ACGGACTCTCAAAGCG-1,0.001539,0.001539,0.996922
ACGGAGCGCAAATTAC-1,0.001961,0.224716,0.773323
ACGGATGGTGCGGATA-1,0.002858,0.002858,0.994285
ACGGCGACGATGGGAA-1,0.000588,0.000588,0.998823
ACGGCGGGTTGCCCTG-1,0.000038,0.558386,0.441576
ACGGCTGGATGTAGAA-1,0.000516,0.000516,0.998969
ACGGGAGTGTCGGCCC-1,0.000041,0.000041,0.999918
ACGGGCGTATGCGACA-1,0.000068,0.000068,0.999864
ACGGGTCATGTGACTT-1,0.002942,0.002942,0.994116
ACGGGTTGTGACCTGT-1,0.000493,0.123427,0.87608
ACGGTACAGTTCAATG-1,0.000021,0.004562,0.995417
ACGGTCACCGAGAACA-1,0.000562,0.000562,0.998876
ACGTACAGATTTCTCT-1,0.000476,0.000476,0.999047
ACGTAGATTGCTGATG-1,0.000166,0.000166,0.999668
ACGTAGGAGAGTCGCT-1,0.000066,0.000066,0.999869
ACGTATTACTCCGATC-1,0.000013,0.000823,0.999164
ACGTCCTAAACGAGAT-1,0.000053,0.035131,0.964816
ACGTCTCGTTCCGGGA-1,0.000108,0.000108,0.999784
ACGTGACAAAGTAAGT-1,0.00023,0.00023,0.999539
ACGTGGTCGAATGTGC-1,0.000114,0.000114,0.999772
ACGTTAATGTCGAAGA-1,0.000037,0.003819,0.996144
ACGTTAGATTTGCCCG-1,0.000036,0.147999,0.851965
ACGTTATTGGTCACTC-1,0.000488,0.000488,0.999024
ACGTTCGCAATCAATT-1,0.000015,0.119053,0.880933
ACGTTCGTTCAGGAAA-1,0.000012,0.006809,0.993179
ACGTTCTGTACAAGTC-1,0.000062,0.092773,0.907165
ACGTTTAGTTGTGATC-1,0.003126,0.003126,0.993748
ACTAATACGTCAGGCG-1,0.000412,0.000412,0.999177
ACTACATCCCGACAAG-1,0.001613,0.001613,0.996773
ACTACCAGCTCTCTGG-1,0.000037,0.08304,0.916922
ACTAGTTGCGATCGTC-1,0.000043,0.067943,0.932014
ACTATATGCTGTGTTC-1,0.003031,0.003031,0.993938
ACTATCCAGGGCATGG-1,0.000037,0.051918,0.948045
ACTATCTGCCCGCGTA-1,0.000037,0.113828,0.886135
ACTATGTCCAGCTGCC-1,0.00007,0.00007,0.999859
ACTATTCGTCCGTGGT-1,0.000157,0.000157,0.999686
ACTATTTCCGGGCCCA-1,0.000073,0.042638,0.957289
ACTCAACGAATGTATT-1,0.000103,0.000103,0.999794
ACTCAAGTGCAAGGCT-1,0.000351,0.000351,0.999298
ACTCAATAAAGGCACG-1,0.000078,0.000078,0.999845
ACTCAGACCTGCTTCT-1,0.000043,0.001959,0.997998
ACTCATGGCAGCCTTC-1,0.000971,0.000971,0.998058
ACTCCAATATCATCAT-1,0.000183,0.008187,0.991631
ACTCCCATTCCTAAAG-1,0.00164,0.00164,0.99672
ACTCCCGAATTCGTTT-1,0.000035,0.006723,0.993242
ACTCCCTAATGCTAAA-1,0.000389,0.000389,0.999222
ACTCCCTAGAATAGTA-1,0.000041,0.000041,0.999918
ACTCCGGCCGACCACT-1,0.000164,0.000164,0.999672
ACTCGATGTATTTCAT-1,0.000331,0.000331,0.999338
ACTCGCCGTTCGATAA-1,0.000041,0.038972,0.960987
ACTCGTAACCCGTCCT-1,0.000032,0.048431,0.951537
ACTCGTCAGTAATCCC-1,0.000115,0.005583,0.994302
ACTCTCTGACTTAGGT-1,0.000034,0.000034,0.999932
ACTCTCTTATACACGA-1,0.000259,0.063581,0.936159
ACTCTGACCTAATAGA-1,0.000022,0.047338,0.952639
ACTCTTGTATAGTAAC-1,0.00008,0.00008,0.999839
ACTGAAACGCCGTTAG-1,0.000027,0.000027,0.999946
ACTGAATGGCGAAAGT-1,0.000071,0.000071,0.999858
ACTGATTTAGTGATTC-1,0.000909,0.000909,0.998181
ACTGCCCGCCATTCTC-1,0.000209,0.000209,0.999582
ACTGCCGTCGTAACTC-1,0.000326,0.000326,0.999348
ACTGCTCGGAAGGATG-1,0.000172,0.000172,0.999655
ACTGTACGATACACAT-1,0.001191,0.001191,0.997618
ACTGTAGCACTTTGGA-1,0.000037,0.029873,0.970091
ACTGTATACGCGAGCA-1,0.00004,0.006726,0.993233
ACTGTGCTAGTAGATC-1,0.000049,0.037129,0.962822
ACTGTTTAGTGTAGGC-1,0.000112,0.007146,0.992743
ACTTACCGGGCGCGCA-1,0.002942,0.002942,0.994116
ACTTACGCATCCACGC-1,0.003847,0.003847,0.992306
ACTTAGTACGACAAGA-1,0.000021,0.082411,0.917568
ACTTATACTTACCCGG-1,0.000011,0.022863,0.977126
ACTTATCTGATCTATA-1,0.000098,0.000098,0.999804
ACTTATTAGGATCGGT-1,0.000028,0.494814,0.505158
ACTTATTTATGTGCCA-1,0.00002,0.098788,0.901192
ACTTCAGGCTGATCCC-1,0.000971,0.000971,0.998058
ACTTCCATGCGGGACA-1,0.002041,0.002042,0.995917
ACTTCGCCATACGCAC-1,0.000518,0.109954,0.889527
ACTTGACTCCCTCTTT-1,0.000582,0.000582,0.998837
ACTTGGGACCCGGTGG-1,0.000019,0.648511,0.35147
ACTTGGGCTTTCGCCA-1,0.000355,0.000355,0.999291
ACTTGTAGTCCCTTCA-1,0.000603,0.000603,0.998795
ACTTGTGGATGGAACG-1,0.000045,0.016724,0.983231
ACTTTACCCTCATGAA-1,0.000018,0.014609,0.985374
ACTTTATACACCACTT-1,0.000148,0.000148,0.999705
ACTTTGACTGCATCCT-1,0.000453,0.000453,0.999095
ACTTTGGTCGTGCTCC-1,0.001282,0.001282,0.997435
AGAAATTATGACTCGC-1,0.00004,0.16423,0.83573
AGAACACGGCGATGGT-1,0.000559,0.000559,0.998882
AGAACCCTCAATTGGG-1,0.004546,0.004546,0.990907
AGAACGTGGTACATTC-1,0.000408,0.000408,0.999183
AGAAGAGCGCCGTTCC-1,0.00007,0.00007,0.999861
AGAAGGTACACTTCAC-1,0.001124,0.001124,0.997752
AGAAGGTTGCCGAATT-1,0.00004,0.059127,0.940833
AGAAGGTTGTAGGTCG-1,0.001177,0.001177,0.997647
AGAAGTGATTCGTGAT-1,0.000042,0.013077,0.986881
AGAATAAATCTTCAGG-1,0.000197,0.083778,0.916025
AGAATGCGGGTTCGGA-1,0.002041,0.002041,0.995917
AGAATTATGGATTCGA-1,0.000023,0.029558,0.970419
AGAATTGTTTGACATA-1,0.000022,0.008997,0.990981
AGACAGCTCAGAATCC-1,0.000603,0.000603,0.998795
AGACCAAACCACACCT-1,0.000433,0.059149,0.940418
AGACCATGGGATACAA-1,0.000023,0.000023,0.999954
AGACCGCTCCGCGGTT-1,0.000045,0.168053,0.831902
AGACCGGGAAACCCTG-1,0.000155,0.000155,0.99969
AGACGAAGTGCCGGTC-1,0.000026,0.004185,0.995789
AGACGACGATGCCGCT-1,0.000021,0.007035,0.992943
AGACGGGATTGGTATA-1,0.000182,0.000182,0.999637
AGACGGGCCGATTTAA-1,0.000255,0.000255,0.99949
AGACTAGCCTTCCAGA-1,0.000049,0.039634,0.960317
AGACTGTTACCGGGTC-1,0.000079,0.034522,0.965399
AGAGAACCGTCTAGGA-1,0.000099,0.019261,0.980639
AGAGAAGGAGTACAAT-1,0.000226,0.03242,0.967355
AGAGATCTCTAAAGCG-1,0.000121,0.000121,0.999758
AGAGCAGTTATGAGAC-1,0.000049,0.000049,0.999901
AGAGCCGCCGAGATTT-1,0.000047,0.030088,0.969866
AGAGCGTACAAGCTCG-1,0.000055,0.026053,0.973893
AGAGCTACGAAAGCAT-1,0.000108,0.000108,0.999785
AGAGGCTTCGGAAACC-1,0.000019,0.0013,0.998681
AGAGTAAACTTCACTA-1,0.000037,0.022543,0.97742
AGAGTTAGAGACCGAT-1,0.003031,0.003031,0.993938
AGATAACTTCAGGGCC-1,0.000032,0.123445,0.876522
AGATAATCACACCTAT-1,0.000629,0.000629,0.998742
AGATACCAATAGAACC-1,0.00004,0.003128,0.996832
AGATACCGGTGTTCAC-1,0.000032,0.112257,0.887711
AGATACGACTTCATAT-1,0.000069,0.000069,0.999863
AGATACTCAAGATCGA-1,0.000105,0.000105,0.999791
AGATATAATACGACTA-1,0.000146,0.000146,0.999709
AGATCGTGCATAAGAT-1,0.000291,0.020953,0.978757
AGATCTCAGGTGTGAT-1,0.000353,0.172905,0.826741
AGATCTGGAGAGGATA-1,0.000402,0.000402,0.999197
AGATGAGGGTTGCGAT-1,0.001493,0.001493,0.997014
AGATGATGGAGTCTGG-1,0.000041,0.005766,0.994193
AGATGCAAGACGTGCA-1,0.000182,0.077749,0.922069
AGATGCTATAACGAGC-1,0.000074,0.000074,0.999852
AGATTATAGGACGTTT-1,0.000047,0.4296,0.570353
AGATTCACAACCGATA-1,0.003227,0.003227,0.993547
AGCAAAGGCCGCTAGT-1,0.000188,0.000188,0.999625
AGCAACATATCTTATT-1,0.000019,0.000019,0.999962
AGCAACCGAAAGTAAT-1,0.000981,0.117012,0.882007
AGCACACGTTTAGACT-1,0.000093,0.000093,0.999813
AGCACTACCGGCCTGT-1,0.000026,0.000026,0.999948
AGCACTACCTCACCAG-1,0.001429,0.001429,0.997142
AGCACTTAAGGACGCC-1,0.00002,0.098413,0.901567
AGCAGTCGAAGCATGC-1,0.00009,0.009835,0.990075
AGCATATCAATATGCT-1,0.000047,0.000049,0.999904
AGCATCATTTCGAAAG-1,0.001493,0.001493,0.997014
AGCATCGTCGATAATT-1,0.000055,0.179895,0.82005
AGCATTACGAGGCAAG-1,0.000072,0.021376,0.978552
AGCCACAGGTTACCCG-1,0.00012,0.00012,0.99976
AGCCACTCCCGTGCTT-1,0.001299,0.001299,0.997402
AGCCCATACATGTAAG-1,0.000014,0.007865,0.992121
AGCCCGGCATTAGAGG-1,0.000137,0.121007,0.878856
AGCCCGGTAGCCTGTA-1,0.000026,0.032654,0.96732
AGCCCTCCCTGGTGGC-1,0.000091,0.000091,0.999818
AGCCCTTCTAATCCGA-1,0.00099,0.00099,0.998019
AGCCGCTTGATTAGCG-1,0.000453,0.000453,0.999095
AGCCGTGGCTAAATGT-1,0.000107,0.000107,0.999786
AGCCTAATACCCACGT-1,0.002,0.002001,0.995999
AGCCTTAAAGCGGAAG-1,0.000095,0.013443,0.986462
AGCCTTGTCACTGATA-1,0.000746,0.000746,0.998507
AGCGACAGGAACGGTC-1,0.000022,0.066952,0.933025
AGCGAGACGTGAAGGC-1,0.001724,0.001725,0.996551
AGCGATGCGCCTAATA-1,0.000037,0.039411,0.960552
AGCGCATAATGAATCG-1,0.000061,0.03707,0.96287
AGCGCGGGTGCCAATG-1,0.00038,0.00038,0.999239
AGCGCTTATGGGCAAG-1,0.000565,0.000565,0.99887
AGCGGCGGTTAGCGGT-1,0.001053,0.001053,0.997894
AGCGGGAAGGGTCCAT-1,0.000049,0.000049,0.999903
AGCGGTTGAGATGTAC-1,0.000129,0.000129,0.999742
AGCGTACGAGAGCTAG-1,0.001471,0.001471,0.997058
AGCGTAGCGCTAGACC-1,0.001852,0.001852,0.996295
AGCGTCTGAACCCGCA-1,0.00007,0.00007,0.99986
AGCGTGGTATTCTACT-1,0.000045,0.000045,0.999911
AGCGTTCCGATTTAAA-1,0.000144,0.000144,0.999711
AGCTAACAAGCAATGT-1,0.001352,0.001352,0.997297
AGCTAAGTACGCAGGC-1,0.001266,0.001266,0.997468
AGCTAGAAGCAGAAGT-1,0.000106,0.026247,0.973647
AGCTATTTAATCCAAC-1,0.000109,0.000109,0.999782
AGCTCCATATATGTTC-1,0.000047,0.002344,0.997609
AGCTCCTTCGCACATC-1,0.000056,0.05387,0.946073
AGCTCTAGACGTTCCA-1,0.000637,0.388221,0.611142
AGCTCTTCCCAGTGCA-1,0.001409,0.001409,0.997182
AGCTCTTCGTAACCTT-1,0.000032,0.158886,0.841081
AGCTCTTTACTCAGTT-1,0.000041,0.278451,0.721508
AGCTGAAGTAAACCAA-1,0.002632,0.002632,0.994736
AGCTGTAACCTCAATC-1,0.000042,0.009103,0.990855
AGCTTCAATACTTTGA-1,0.000142,0.000142,0.999715
AGCTTCTTCTCGAGCA-1,0.000032,0.03721,0.962758
AGCTTGATCAGGGTAG-1,0.000068,0.000068,0.999863
AGCTTGATCTTAACTT-1,0.000033,0.078743,0.921224
AGGAAAGCCTCTGATG-1,0.000037,0.021619,0.978345
AGGACAGTCGAATCCC-1,0.000006,0.006816,0.993178
AGGACATCGCACGTCG-1,0.000062,0.02622,0.973718
AGGACGACCCATTAGA-1,0.000047,0.139975,0.859977
AGGACGCTCGATGTTG-1,0.000637,0.000637,0.998726
AGGACTTATAGGAGAA-1,0.000217,0.000217,0.999565
AGGAGGCCTTCGCGCG-1,0.000024,0.016175,0.983801
AGGATATAGGGATTTA-1,0.000029,0.035682,0.964288
AGGATATCCGACTGCA-1,0.000052,0.000052,0.999897
AGGATCACGCGATCTG-1,0.001539,0.001539,0.996922
AGGCAAAGAGGAATCA-1,0.00004,0.00004,0.99992
AGGCAATACGGAGGAC-1,0.000592,0.000592,0.998816
AGGCAGATGCGTAAAC-1,0.000909,0.092237,0.906854
AGGCAGGGAGCGTACT-1,0.000055,0.045361,0.954584
AGGCATTGTCGTAGGG-1,0.000025,0.000025,0.99995
AGGCCACCCGTTATGA-1,0.000027,0.017114,0.982859
AGGCCCAGTGACTGGT-1,0.000118,0.000118,0.999765
AGGCCCATTGTACAGG-1,0.0001,0.011879,0.988021
AGGCCCTAGAACGCCA-1,0.000009,0.000009,0.999981
AGGCCTGAGAATCTCG-1,0.000255,0.000255,0.999491
AGGCGGTTTGTCCCGC-1,0.002778,0.002778,0.994443
AGGCGTCTATGGACGG-1,0.000113,0.060642,0.939245
AGGCTATGGTTAGCTT-1,0.000023,0.018958,0.981019
AGGCTTCCCGAAGAAG-1,0.000025,0.04714,0.952835
AGGCTTGCTAGACACC-1,0.000299,0.067032,0.932669
AGGGAAACGAGGTACT-1,0.000764,0.000764,0.998473
AGGGACCGGCTGCGTT-1,0.000039,0.000039,0.999921
AGGGACTCTACGCGAC-1,0.000103,0.032849,0.967047
AGGGAGACATACTTCG-1,0.000042,0.04809,0.951868
AGGGCAGCGGCGTGGT-1,0.000162,0.015782,0.984057
AGGGCGAGCAGCTGAT-1,0.000055,0.000055,0.999891
AGGGCGTGATCGGCTA-1,0.000101,0.050329,0.949571
AGGGTCAGAGCACTCG-1,0.000032,0.000032,0.999937
AGGGTCAGTAACCCTA-1,0.000072,0.008586,0.991342
AGGGTCGATGCGAACT-1,0.000018,0.004554,0.995428
AGGGTGCCGTTCTTTA-1,0.000076,0.000076,0.999848
AGGGTGCTCTCGAGGG-1,0.000011,0.000011,0.999978
AGGGTGGATAGTGCAT-1,0.001021,0.001021,0.997959
AGGGTTCCCTTTGGTT-1,0.000405,0.000405,0.99919
AGGTAACCTCCTATTC-1,0.000068,0.000068,0.999864
AGGTACGATATTGCCA-1,0.001282,0.145091,0.853626
AGGTAGATCGAGATAT-1,0.000735,0.000736,0.998529
AGGTAGGTACAAAGCT-1,0.00002,0.00002,0.999959
AGGTATAATTGATAGT-1,0.000035,0.019123,0.980842
AGGTCAGGTGAGAGTG-1,0.000935,0.133325,0.86574
AGGTCGCCACTTCGGT-1,0.000265,0.000265,0.999469
AGGTCGCGGAGTTACT-1,0.000034,0.059211,0.940755
AGGTGGTGACCTTCGC-1,0.000119,0.043504,0.956377
AGGTGTATCGCCATGA-1,0.000094,0.000094,0.999811
AGGTTACACCATGCCG-1,0.000016,0.173859,0.826125
AGGTTCTCCTTTCCGG-1,0.00012,0.00012,0.99976
AGGTTGAGGCACGCTT-1,0.001191,0.001191,0.997618
AGGTTTCACACACCTT-1,0.000115,0.096784,0.903101
AGTAACGTTCATCCTG-1,0.000807,0.000807,0.998387
AGTAACTATAGCAGCC-1,0.000063,0.000063,0.999873
AGTAATCTAAGGGTGG-1,0.000036,0.022943,0.977021
AGTAATTTGCAAGCGT-1,0.000048,0.000048,0.999904
AGTACAGAAGCTTATA-1,0.001695,0.001695,0.996609
AGTACATCATTTATCA-1,0.000038,0.040603,0.959359
AGTACCTTCGAGTGCT-1,0.001137,0.001137,0.997727
AGTACGGCCCGTATCG-1,0.002,0.002,0.995999
AGTACGGGCACCTGGC-1,0.003031,0.003031,0.993938
AGTACGTGGCCTGTCT-1,0.002439,0.00244,0.995121
AGTACTCTTATGCCCA-1,0.000162,0.000162,0.999676
AGTAGCGTGAACGAAC-1,0.000066,0.000066,0.999868
AGTAGGAAGGAAGTTG-1,0.001471,0.001471,0.997058
AGTAGGTAACATACAT-1,0.000188,0.000188,0.999623
AGTATAATACTAGGCA-1,0.000026,0.014717,0.985257
AGTATACACAGCGACA-1,0.000172,0.000172,0.999656
AGTATCCATAATAACG-1,0.000833,0.000834,0.998333
AGTATGCTGGAGACCA-1,0.000192,0.000192,0.999615
AGTATTTGGCACGACC-1,0.000047,0.14064,0.859313
AGTCAAATGATGTGAT-1,0.000025,0.000025,0.99995
AGTCAACACCACCATC-1,0.00003,0.435821,0.56415
AGTCAAGATGACACTT-1,0.000032,0.034657,0.965311
AGTCACTAGCTCTCGA-1,0.000027,0.005162,0.994812
AGTCACTCCGCCTCAT-1,0.000704,0.000704,0.998591
AGTCAGCCACCGCCTG-1,0.000069,0.000069,0.999862
AGTCCAGCGGGTACGT-1,0.000402,0.000402,0.999197
AGTCCATTGGCTGATG-1,0.000035,0.000035,0.99993
AGTCCCGCCTTTAATT-1,0.001887,0.001887,0.996226
AGTCGACGGTCTCAAG-1,0.000008,0.03045,0.969541
AGTCGGCCCAAACGAC-1,0.000032,0.029462,0.970506
AGTCGGCTCAACTTTA-1,0.000057,0.005001,0.994942
AGTCGGTTGCGTGAGA-1,0.000024,0.598182,0.401794
AGTCGTATAAAGCAGA-1,0.001205,0.001205,0.99759
AGTCGTCGACCACCAA-1,0.00004,0.010132,0.989827
AGTCGTGGGCATTACG-1,0.000053,0.008118,0.991829
AGTCTAAAGTATACTC-1,0.000033,0.010855,0.989112
AGTCTCACAAGACTAC-1,0.000057,0.000057,0.999886
AGTCTGGACATCCTTG-1,0.000045,0.000045,0.999911
AGTCTTTAAAGTGTCC-1,0.001282,0.001282,0.997435
AGTGAACAAACTTCTC-1,0.000028,0.013888,0.986083
AGTGACCTACTTTACG-1,0.000043,0.371882,0.628075
AGTGACTGTGACACAA-1,0.000071,0.018922,0.981007
AGTGAGACTTCCAGTA-1,0.000025,0.023303,0.976672
AGTGAGCCTCGCCGCC-1,0.000034,0.031369,0.968597
AGTGAGGGTTTCTGAC-1,0.001075,0.001076,0.997849
AGTGAGTCGAATTAAC-1,0.000037,0.036237,0.963726
AGTGATAACCTGCGCG-1,0.000091,0.000091,0.999817
AGTGATATGAGTAGTT-1,0.000036,0.372654,0.627309
AGTGATTCAAGCAGGA-1,0.000014,0.000014,0.999973
AGTGCACGCTTAAGAA-1,0.00002,0.00002,0.99996
AGTGCGTAGCTCGTAA-1,0.00003,0.037771,0.962199
AGTGCTAAACACAGCA-1,0.000162,0.000162,0.999677
AGTGCTTGCACGAATA-1,0.000008,0.005049,0.994943
AGTGGCGGCAATTTGA-1,0.000064,0.000064,0.999872
AGTGGCGTCTGAAGGT-1,0.000167,0.000167,0.999667
AGTGGCTCCGTCGGCC-1,0.000714,0.000715,0.998571
AGTGGTGTTACCCGTG-1,0.000671,0.000671,0.998657
AGTGGTTGCGTATAGG-1,0.000457,0.000457,0.999087
AGTGTATTGCGCATTG-1,0.004349,0.004349,0.991302
AGTGTGCTAAGATCGC-1,0.002942,0.002942,0.994117
AGTGTGGTCTATTGTG-1,0.001409,0.257853,0.740738
AGTTAAACACTTGCGA-1,0.000024,0.550495,0.449481
AGTTAAGCGGTCCCGG-1,0.002779,0.002778,0.994443
AGTTAAGTCAACCGCT-1,0.000037,0.000037,0.999927
AGTTACCCTTAAGACT-1,0.000064,0.000064,0.999872
AGTTACCGCACATGGT-1,0.000205,0.000205,0.999589
AGTTACTCTATCGTGG-1,0.000813,0.000813,0.998374
AGTTATTGAAAGGTAA-1,0.000115,0.000115,0.999771
AGTTCACCGGTTGGAC-1,0.000582,0.000582,0.998837
AGTTCCTACAGAATTA-1,0.000015,0.313952,0.686033
AGTTCTGCGTTGTATC-1,0.000074,0.000074,0.999852
AGTTGACATCGGCTGG-1,0.000082,0.000082,0.999836
AGTTGCGGTCCTCAAC-1,0.000027,0.000027,0.999947
AGTTGCTGACTGATAT-1,0.000048,0.000048,0.999904
AGTTGGCAAGGCTAGA-1,0.000037,0.000037,0.999927
AGTTTCGCAGGTCGGA-1,0.000451,0.000451,0.999099
AGTTTGCACCTGCCTC-1,0.000316,0.000316,0.999369
AGTTTGGCACGGGTTG-1,0.000033,0.005686,0.994281
AGTTTGGCCAGACCTA-1,0.000029,0.029132,0.970839
ATAAACGTTGCACCAC-1,0.000025,0.089242,0.910734
ATAAAGGCTCGGTCGT-1,0.000027,0.139251,0.860721
ATAAAGGTCAAGTACG-1,0.000508,0.000508,0.998985
ATAAATATTAGCAGCT-1,0.000024,0.009057,0.990919
ATAACGCCGGAGGGTC-1,0.000017,0.000017,0.999965
ATAACGGAGTCCAACG-1,0.000279,0.042412,0.95731
ATAAGGTGGAGAACAT-1,0.000036,0.000036,0.999929
ATAAGTAGGATTCAGA-1,0.000039,0.042341,0.95762
ATAAGTAGGGCGACTC-1,0.000034,0.005562,0.994405
ATAAGTTACCGCGACG-1,0.000053,0.183388,0.816559
ATAATACCGTTAGCCG-1,0.000067,0.000067,0.999866
ATAATAGTGTAGGGAC-1,0.000223,0.000223,0.999554
ATAATCTTGGAGAACC-1,0.001389,0.210458,0.788153
ATACAGCGTCCACTGA-1,0.000709,0.000709,0.998581
ATACAGGCCCTCCAAT-1,0.000302,0.000302,0.999396
ATACCACGGGCAACTT-1,0.000018,0.004686,0.995296
ATACCAGCAAATTGCT-1,0.000055,0.000055,0.999889
ATACCAGGCTAATAGA-1,0.000382,0.000382,0.999236
ATACCCTCCCGGCCAA-1,0.000164,0.000164,0.999673
ATACCCTGGCTCAAAT-1,0.000091,0.000091,0.999818
ATACGCCGATCTACCG-1,0.000603,0.000603,0.998795
ATACGCCGGCGAAACC-1,0.000086,0.000086,0.999828
ATACGGAACGTCGTTT-1,0.000355,0.000355,0.999291
ATACGGGTTTCGATTG-1,0.003126,0.003126,0.993748
ATACGGTGAAGATGCA-1,0.000862,0.000862,0.998275
ATACGTACTTAGCCAC-1,0.002041,0.002041,0.995917
ATACGTCCACTCCTGT-1,0.000022,0.009132,0.990846
ATACTACCCGTACCAC-1,0.000027,0.008139,0.991834
ATACTCTCGCCACTCT-1,0.000092,0.000092,0.999817
ATACTGCCTTACACCG-1,0.003449,0.003449,0.993102
ATACTTGTTCTCGAGC-1,0.000286,0.000286,0.999428
ATAGACAACGGGACCT-1,0.000076,0.059643,0.940281
ATAGACGAAGAGAAAG-1,0.000033,0.13474,0.865227
ATAGAGTACTGGGACA-1,0.000051,0.14411,0.855839
ATAGAGTTATCAACTT-1,0.000162,0.000162,0.999675
ATAGATTTGCAGTCGG-1,0.000211,0.000211,0.999579
ATAGCAACTAGGGAAG-1,0.000058,0.029505,0.970437
ATAGCCTCAGTACCCA-1,0.000119,0.000119,0.999761
ATAGCTGCTCTTGTTA-1,0.000258,0.000258,0.999484
ATAGGCGGCTATAGAA-1,0.000029,0.009308,0.990664
ATAGGCTAGCTTCGCA-1,0.000084,0.026617,0.973299
ATAGGGATATCCTTGA-1,0.000704,0.000704,0.998591
ATAGTCTTTGACGTGC-1,0.000054,0.015403,0.984543
ATAGTTCCACCCACTC-1,0.000031,0.000031,0.999938
ATATAAATGTAGCTGC-1,0.000658,0.000658,0.998684
ATATAACACGGGCGCA-1,0.000062,0.053045,0.946893
ATATACGCTCGTGACG-1,0.000034,0.067436,0.93253
ATATAGAGTATTGGTC-1,0.000633,0.000633,0.998734
ATATCAACCTACAGAG-1,0.000038,0.027612,0.97235
ATATCAATTCCAGCCT-1,0.000245,0.021683,0.978073
ATATCGGTAGGGAGAT-1,0.000038,0.125887,0.874074
ATATCGTGCCAGACCC-1,0.001316,0.001316,0.997368
ATATCGTTCCTCGAAC-1,0.000051,0.004556,0.995393
ATATCTCCCTCGTTAA-1,0.004001,0.004002,0.991997
ATATGTCTCCCTAGCC-1,0.000027,0.000292,0.999681
ATATTATCCCGTATTT-1,0.000287,0.000287,0.999427
ATATTCAGTTAAACCT-1,0.000041,0.010543,0.989416
ATATTCCACATAGTGA-1,0.002273,0.002273,0.995453
ATATTCCCACAGGTCA-1,0.000068,0.000068,0.999863
ATATTGCTGTCAAAGT-1,0.000043,0.123651,0.876305
ATCAAACACTGTTCCA-1,0.000032,0.060494,0.939474
ATCAAACGAAGGTTTG-1,0.000026,0.024538,0.975436
ATCAATGCCGTGGCTG-1,0.001409,0.001409,0.997182
ATCACATTAGAATATC-1,0.001235,0.001235,0.99753
ATCACGTGCTAATTAA-1,0.000036,0.020208,0.979756
ATCACTTCATCCTCGC-1,0.000142,0.000142,0.999716
ATCAGAAGCTGGTTGC-1,0.000161,0.000161,0.999679
ATCAGACGGCACGCCG-1,0.000036,0.065057,0.934907
ATCAGCCTCATGCTGC-1,0.0001,0.021286,0.978614
ATCAGCTCGTCCACTA-1,0.001961,0.097252,0.900787
ATCAGGTCGCCATTGC-1,0.002223,0.002223,0.995554
ATCAGTAGGCAGGGAT-1,0.001613,0.001613,0.996773
ATCATAGCCCTATGTA-1,0.000045,0.012306,0.987649
ATCATCTGCCCAGTGT-1,0.001429,0.001429,0.997142
ATCCAACGCAGTCATA-1,0.000033,0.005142,0.994826
ATCCAATGGAGGGTCC-1,0.00001,0.041378,0.958611
ATCCAATGGTACCGAA-1,0.000178,0.000178,0.999645
ATCCACATCGACAGAA-1,0.000223,0.000223,0.999553
ATCCACGCTAAATGTT-1,0.000575,0.000575,0.99885
ATCCAGAGCAACAACC-1,0.000047,0.130198,0.869755
ATCCAGGATTCGTGAA-1,0.000008,0.991981,0.008011
ATCCCATCCACAGCGC-1,0.000229,0.000229,0.999541
ATCCTACCTAAGCTCT-1,0.000024,0.641122,0.358855
ATCCTGAATCGCTGCG-1,0.00002,0.00002,0.999961
ATCCTGCGTGGAATGG-1,0.000025,0.388638,0.611337
ATCCTGCTGCAGATAG-1,0.00016,0.00016,0.999681
ATCGCACGATTGTTCA-1,0.000394,0.000394,0.999212
ATCGCCAGTCAACATT-1,0.000034,0.052899,0.947067
ATCGCTGCGTGCAGCA-1,0.000044,0.021265,0.978691
ATCGGAGACAGACGGC-1,0.003572,0.003572,0.992856
ATCGGCAAGCAGTCCA-1,0.000303,0.000303,0.999394
ATCGGTTACCTAGTAA-1,0.001064,0.001064,0.997872
ATCGTCCAATCGAGTC-1,0.000254,0.000255,0.999491
ATCGTGGAAAGTCTGG-1,0.000147,0.000147,0.999705
ATCGTTAGCTAGCGGA-1,0.000049,0.030979,0.968972
ATCGTTCACTTTCGCC-1,0.000649,0.141374,0.857977
ATCTAACGTCCCTATG-1,0.000088,0.000088,0.999825
ATCTACCATCTGCTCC-1,0.000096,0.000096,0.999807
ATCTATCGATGATCAA-1,0.000191,0.000191,0.999618
ATCTCCCACGGAATAT-1,0.000025,0.014938,0.985037
ATCTCCCTGCAATCTA-1,0.000125,0.000125,0.999749
ATCTCGTGAGCGAAAC-1,0.00004,0.431085,0.568874
ATCTGACATGGAAGGA-1,0.000078,0.01385,0.986073
ATCTGATAGTGTCTTA-1,0.003334,0.003334,0.993332
ATCTGCACCTCTGCGA-1,0.000037,0.033074,0.966889
ATCTGGGCTGTTCTTG-1,0.000418,0.000419,0.999163
ATCTGGTTAAGACTGT-1,0.002501,0.002501,0.994999
ATCTGTAATTGTACCC-1,0.00016,0.00016,0.99968
ATCTTAGGGCATTAAT-1,0.000055,0.000055,0.99989
ATCTTATCGCACACCC-1,0.000053,0.112417,0.88753
ATCTTGACCTGCAACG-1,0.000041,0.083779,0.91618
ATCTTGACTTGTCCAA-1,0.000042,0.008018,0.99194
ATCTTTCGTATAACCA-1,0.000084,0.00233,0.997586
ATGAAGCCAAGGAGCC-1,0.000069,0.096387,0.903543
ATGACGCGTTCTATCC-1,0.000053,0.000053,0.999893
ATGACTATCAGCTGTG-1,0.000069,0.000069,0.999861
ATGACTATGCGACATT-1,0.000015,0.000015,0.999971
ATGAGGAGTGTTAATC-1,0.000055,0.003783,0.996163
ATGATCGGGAATAGAC-1,0.000016,0.000016,0.999967
ATGATGCAATGGTACA-1,0.000032,0.416714,0.583253
ATGCACCTTCCTTAAT-1,0.000314,0.000314,0.999373
ATGCACGCGCTGTTCA-1,0.000741,0.000741,0.998518
ATGCACTACCGCATTG-1,0.000051,0.019832,0.980118
ATGCCAATCGCTCTGC-1,0.003334,0.003334,0.993332
ATGCCATTTGCGACCA-1,0.000026,0.000026,0.999949
ATGCCGGTCTTGCATA-1,0.000361,0.004199,0.99544
ATGCCGGTTGATGGGA-1,0.00073,0.00073,0.99854
ATGCGACAATTGGTCC-1,0.002501,0.002501,0.994999
ATGCGACAGTCCCATT-1,0.000709,0.078291,0.920999
ATGCGAGTCCCACCAC-1,0.000039,0.009801,0.990159
ATGCTCAGTGTTGCAT-1,0.001588,0.001588,0.996825
ATGCTCTGGCGCGGTA-1,0.000544,0.000544,0.998913
ATGCTTAGGAGTTGAT-1,0.000036,0.248859,0.751105
ATGGAAATTTAAGGAG-1,0.000145,0.000145,0.99971
ATGGATCCGGCGTCCG-1,0.00145,0.00145,0.997101
ATGGCAGCATTACGAT-1,0.001299,0.001299,0.997402
ATGGCAGCCGAGAAAC-1,0.001389,0.001389,0.997222
ATGGCTGGAAATGGCC-1,0.000293,0.19724,0.802466
ATGGGAACGGAAGCGG-1,0.001177,0.001177,0.997647
ATGGGACCTGCTGAAC-1,0.000246,0.048411,0.951344
ATGGGCCTCGGCCTCT-1,0.000027,0.051604,0.948369
ATGGGTGTATACCTCC-1,0.000245,0.000245,0.99951
ATGGTATTTACTGATT-1,0.000172,0.000172,0.999656
ATGGTCGCGTGGTTTC-1,0.000105,0.034185,0.96571
ATGTAAGGCTGCTCTT-1,0.000021,0.038644,0.961335
ATGTACATGCGGTGAG-1,0.000024,0.016222,0.983754
ATGTAGCGCGCGTAGG-1,0.000131,0.000131,0.999738
ATGTCATTTCCCATTG-1,0.000254,0.000254,0.999492
ATGTGAAAGCCTAATG-1,0.000102,0.024592,0.975305
ATGTGGACATCTTGAT-1,0.000034,0.000034,0.999933
ATGTGTAGTTTAGTCA-1,0.000115,0.000116,0.999769
ATGTTACGAGCAATAC-1,0.000045,0.135721,0.864233
ATGTTCCTGCCCACCT-1,0.00027,0.00027,0.999459
ATGTTCGTCGACCCAC-1,0.000239,0.000239,0.999521
ATGTTGATTAGAGACT-1,0.0001,0.0001,0.9998
ATGTTGTAGTCTGTTT-1,0.000107,0.000107,0.999786
ATTAAAGCGGACGAGC-1,0.000709,0.000709,0.998581
ATTAATGAACCAGTCG-1,0.001021,0.001021,0.997959
ATTACAACTACCGGCC-1,0.001695,0.001695,0.996609
ATTACATGTCAGTCTT-1,0.000045,0.060189,0.939766
ATTACGCGCTGGCAGG-1,0.000027,0.008682,0.99129
ATTACGGGCTACGGTT-1,0.001352,0.001352,0.997297
ATTACTAGCCTCTTGC-1,0.000058,0.004463,0.995479
ATTACTTACTGGGCAT-1,0.000559,0.000559,0.998882
ATTAGATTCCTCAGCA-1,0.00004,0.019894,0.980066
ATTAGATTGATAGCGG-1,0.000101,0.081949,0.91795
ATTAGGCGATGCTTTC-1,0.002942,0.002942,0.994116
ATTATACTTTGCTCGT-1,0.003572,0.003572,0.992856
ATTATAGCTACTTTAC-1,0.00001,0.865332,0.134658
ATTATCTCGACAGATC-1,0.000038,0.000038,0.999923
ATTATGAGACCCAATT-1,0.000065,0.000065,0.99987
