Barcode,Topic 1,Topic 2,Topic 3,Topic 4to5,Topic 6to9
AAACAAGTATCTCCCA-1,0.001643,0.000023,0.000023,0.559182,0.439128
AAACACCAATAACTGC-1,0.004236,0.000225,0.074277,0.748123,0.173138
AAACAGAGCGACTCCT-1,0.000309,0.000309,0.020405,0.977742,0.001235
AAACAGCTTTCAGAAG-1,0.05461,0.000167,0.000167,0.882441,0.062614
AAACAGGGTCTATATT-1,0.00016,0.00016,0.00016,0.580116,0.419403
AAACATGGTGAGAGGA-1,0.000334,0.000334,0.000334,0.568953,0.430046
AAACCACTACACAGAT-1,0.000699,0.000699,0.034815,0.381538,0.582249
AAACCCGAACGAAATC-1,0.000015,0.000015,0.000015,0.367715,0.632241
AAACCGGGTAGGTACC-1,0.000198,0.000198,0.000198,0.998613,0.000793
AAACCGTTCGTCCAGG-1,0.001943,0.000082,0.000082,0.53437,0.463523
AAACCTCATGAAGTTG-1,0.006349,0.00023,0.00023,0.421332,0.571859
AAACGAAGAACATACC-1,0.003735,0.000281,0.153788,0.507303,0.334893
AAACGAAGATGGAGTA-1,0.084345,0.000214,0.153632,0.687479,0.074329
AAACGACAGTCTTGCC-1,0.001659,0.001659,0.001659,0.003319,0.991704
AAACGAGACGGTTGAT-1,0.010031,0.000048,0.000048,0.456674,0.5332
AAACGCCCGAGATCGG-1,0.000374,0.000374,0.000374,0.546509,0.452368
AAACGTGTTCGCCCTA-1,0.000992,0.000992,0.000993,0.993051,0.003972
AAACTAACGTGGCGAC-1,0.000169,0.000169,0.015011,0.597665,0.386987
AAACTCGTGATATAAG-1,0.000112,0.000112,0.076469,0.795094,0.128213
AAACTGCTGGCTCCAA-1,0.000237,0.000237,0.000237,0.536419,0.46287
AAACTTAATTGCACGC-1,0.000148,0.000148,0.525861,0.44047,0.033373
AAACTTGCAAACGTAT-1,0.000145,0.000145,0.000145,0.998985,0.00058
AAAGAATGACCTTAGA-1,0.000254,0.000254,0.000254,0.942927,0.056311
AAAGACATGAAGTTTA-1,0.000315,0.000315,0.000315,0.796763,0.202292
AAAGACCCAAGTCGCG-1,0.006923,0.000101,0.000101,0.704491,0.288384
AAAGACTGGGCGCTTT-1,0.000121,0.000121,0.000121,0.189534,0.810103
AAAGCTTGCCTACATA-1,0.000381,0.000381,0.085728,0.710366,0.203145
AAAGGCCCTATAATAC-1,0.003528,0.000158,0.265322,0.572424,0.158568
AAAGGCTACGGACCAT-1,0.000434,0.000434,0.000434,0.571442,0.427255
AAAGGCTCTCGCGCCG-1,0.000063,0.000063,0.01342,0.429183,0.55727
AAAGGGATGTAGCAAG-1,0.00006,0.00006,0.00006,0.855179,0.144641
AAAGGGCAGCTTGAAT-1,0.00775,0.000133,0.046556,0.943728,0.001834
AAAGGTAAGCTGTACC-1,0.000201,0.000201,0.026147,0.615688,0.357764
AAAGGTCAACGACATG-1,0.004631,0.00463,0.004633,0.758214,0.227891
AAAGTAGCATTGCTCA-1,0.000152,0.000152,0.073508,0.913944,0.012244
AAAGTCACTGATGTAA-1,0.000228,0.000228,0.000228,0.946011,0.053305
AAAGTCGACCCTCAGT-1,0.000262,0.000262,0.000262,0.682246,0.316967
AAAGTGTGATTTATCT-1,0.000117,0.000117,0.000117,0.84874,0.150908
AAAGTTGACTCCCGTA-1,0.000043,0.000043,0.000043,0.016803,0.983069
AAATAACCATACGGGA-1,0.006631,0.000278,0.148241,0.787187,0.057663
AAATAAGGTAGTGCCC-1,0.071098,0.000102,0.01441,0.789365,0.125025
AAATACCTATAAGCAT-1,0.005169,0.000322,0.000322,0.546812,0.447374
AAATAGCTTAGACTTT-1,0.000084,0.000084,0.007453,0.98034,0.012039
AAATCACTCCTAAACG-1,0.002058,0.002058,0.078559,0.909088,0.008237
AAATCGCGGAAGGAGT-1,0.000214,0.000214,0.190922,0.741715,0.066935
AAATCGTGTACCACAA-1,0.00037,0.000371,0.018816,0.203845,0.776599
AAATCTGCCCGCGTCC-1,0.000294,0.000294,0.000294,0.460244,0.538873
AAATGATTCGATCAGC-1,0.013307,0.000106,0.186137,0.680421,0.120028
AAATGGCATGTCTTGT-1,0.015854,0.000159,0.255733,0.686592,0.041662
AAATGGCCCGTGCCCT-1,0.000761,0.000761,0.000762,0.660817,0.336898
AAATGTATCTTATCCC-1,0.000368,0.000368,0.028892,0.597044,0.373329
AAATTAACGGGTAGCT-1,0.000943,0.000043,0.036886,0.857294,0.104834
AAATTAATAAGCGCGA-1,0.000138,0.000138,0.000138,0.710887,0.2887
AAATTACACGACTCTG-1,0.000322,0.000322,0.087251,0.910816,0.001289
AAATTACCTATCGATG-1,0.000246,0.000247,0.000247,0.998274,0.000986
AAATTCCAGGTCCAAA-1,0.007894,0.000049,0.040599,0.852596,0.098862
AAATTGATAGTCCTTT-1,0.000121,0.000122,0.000122,0.457261,0.542375
AAATTGGTGAGAAGCA-1,0.000545,0.000545,0.141342,0.855388,0.00218
AAATTTACCGAAATCC-1,0.000145,0.000145,0.000145,0.570728,0.428837
AAATTTGCGGGTGTGG-1,0.000175,0.000175,0.038309,0.742314,0.219026
AACAACTGGTAGTTGC-1,0.000286,0.000286,0.000286,0.559583,0.439559
AACAATACATTGTCGA-1,0.000632,0.000632,0.000632,0.813909,0.184196
AACAATTACTCTACGC-1,0.000169,0.000169,0.000169,0.900132,0.09936
AACACACGCTCGCCGC-1,0.007178,0.00018,0.00018,0.529088,0.463373
AACACGACTGTACTGA-1,0.000086,0.000086,0.016345,0.039451,0.944033
AACACGAGACGCGGCC-1,0.003172,0.00009,0.052991,0.857443,0.086304
AACAGCTGTGTGGCAA-1,0.000259,0.000259,0.048939,0.94951,0.001034
AACAGGAAATCGAATA-1,0.000239,0.000239,0.022229,0.000478,0.976815
AACAGGATGGGCCGCG-1,0.000138,0.000138,0.051965,0.947206,0.000553
AACAGGTAGTATGGAT-1,0.000026,0.000026,0.003738,0.685896,0.310314
AACATATCAACTGGTG-1,0.000065,0.000065,0.032318,0.129691,0.83786
AACATCGATACGTCTA-1,0.000169,0.000169,0.048875,0.674504,0.276284
AACATTGAAGTTGATC-1,0.000377,0.000377,0.098794,0.796713,0.10374
AACATTGTGACTCGAG-1,0.000145,0.000145,0.045581,0.385915,0.568214
AACCAAGACTTCTCTG-1,0.000274,0.000275,0.000275,0.845929,0.153248
AACCAGTATCACTCTT-1,0.004587,0.000186,0.000186,0.559295,0.435746
AACCATAGGGTTGAAC-1,0.0001,0.0001,0.010717,0.486885,0.502197
AACCCATCCCATGATC-1,0.000157,0.000157,0.403861,0.595198,0.000627
AACCCGACAACCCGTG-1,0.000731,0.000731,0.213028,0.587569,0.19794
AACCCGATAGGGCTTC-1,0.000365,0.000365,0.000365,0.23881,0.760096
AACCCTACTGTCAATA-1,0.000027,0.000026,0.000026,0.000053,0.999868
AACCCTGGTGGAACCA-1,0.001123,0.342087,0.02099,0.631308,0.004493
AACCGAGCTTGGTCAT-1,0.000119,0.000119,0.034608,0.776294,0.188861
AACCGCTAAGGGATGC-1,0.000045,0.000044,0.001414,0.998319,0.000178
AACCGTTGTGTTTGCT-1,0.013813,0.000415,0.000415,0.538075,0.447282
AACCTGTCACGGAATT-1,0.000051,0.000051,0.220641,0.746896,0.03236
AACCTTTACGACGTCT-1,0.042679,0.000294,0.337929,0.617921,0.001177
AACGAAAGTCGTCCCA-1,0.000178,0.000178,0.148439,0.83218,0.019024
AACGATAGAAGGGCCG-1,0.000058,0.000058,0.000058,0.440836,0.558991
AACGATATGTCAACTG-1,0.002624,0.00011,0.00011,0.846749,0.150408
AACGCATGATCTGGGT-1,0.000159,0.000159,0.299289,0.671693,0.0287
AACGCGGTCTCCAGCC-1,0.000156,0.000156,0.000156,0.998908,0.000624
AACGGACGTACGTATA-1,0.000031,0.000031,0.003497,0.984339,0.012102
AACGGCCATCTCCGGT-1,0.000094,0.000094,0.033344,0.689015,0.277454
AACGTACTGTGGGTAC-1,0.000154,0.000154,0.000154,0.457942,0.541595
AACGTGATGAAGGACA-1,0.002925,0.002925,0.002926,0.522333,0.468891
AACGTGCGAAAGTCTC-1,0.006588,0.000065,0.028663,0.77437,0.190314
AACGTTATCAGCACCT-1,0.002545,0.000123,0.000123,0.698049,0.299159
AACTACCCGTTTGTCA-1,0.000053,0.000053,0.015996,0.44911,0.534788
AACTAGGCTTGGGTGT-1,0.000049,0.000049,0.01205,0.387861,0.599991
AACTCAAGTTAATTGC-1,0.000107,0.000107,0.000107,0.99925,0.000428
AACTCCTAATCCCATG-1,0.005985,0.000199,0.03504,0.47177,0.487005
AACTCTCAATAGAGCG-1,0.000104,0.000104,0.000104,0.822833,0.176856
AACTCTCAGTGTGCTC-1,0.000034,0.000034,0.012643,0.255171,0.732118
AACTGAGGTCAGCGTC-1,0.000327,0.000327,0.000327,0.753667,0.245352
AACTGATATTAGGCCT-1,0.003974,0.000337,0.000337,0.597425,0.397927
AACTGGGTCCCGACGT-1,0.000159,0.000159,0.023055,0.945027,0.031601
AACTGGGTTCGAGCCG-1,0.000325,0.000325,0.000325,0.043367,0.955658
AACTTCTGCGTCTATC-1,0.000125,0.000125,0.000125,0.626327,0.373298
AACTTGCCCGTATGCA-1,0.006347,0.000219,0.000219,0.992339,0.000876
AACTTTACGGGAGCTT-1,0.000222,0.000222,0.045359,0.910592,0.043605
AACTTTCTCGATCATG-1,0.064704,0.000741,0.080609,0.733459,0.120487
AAGAAAGTTTGATGGG-1,0.000958,0.000958,0.000958,0.528285,0.46884
AAGAAATCACCAGATT-1,0.000532,0.000532,0.143118,0.85369,0.002128
AAGACCAAATAACTCA-1,0.000162,0.000162,0.114585,0.792195,0.092896
AAGACCCAACTGAACA-1,0.000194,0.000194,0.29245,0.692433,0.014728
AAGACTCACGCCCACT-1,0.000394,0.000394,0.026225,0.202259,0.770728
AAGACTGCAAGCTACT-1,0.01126,0.000042,0.338528,0.255715,0.394455
AAGAGATGAATCGGTA-1,0.052527,0.000142,0.000142,0.946623,0.000567
AAGAGCTCTTTATCGG-1,0.000031,0.000031,0.016094,0.157011,0.826834
AAGAGGATGTACGCGA-1,0.002315,0.000089,0.100605,0.346637,0.550355
AAGAGGCATGGATCGC-1,0.007072,0.000167,0.000167,0.99187,0.000724
AAGATGGCACCGGACC-1,0.000224,0.000224,0.033557,0.96301,0.002986
AAGATTGGCGGAACGT-1,0.00013,0.00013,0.00013,0.767717,0.231895
AAGCCGAAGCGGTTTA-1,0.001967,0.000092,0.000092,0.45805,0.5398
AAGCCGCCGTGAAATC-1,0.000114,0.000114,0.36779,0.631523,0.000458
AAGCCGCTTTACCTTG-1,0.000171,0.000171,0.913776,0.066089,0.019793
AAGCGGAGTGCGCGCA-1,0.000436,0.000436,0.000436,0.000872,0.99782
AAGCGGCGTCATGGGT-1,0.016993,0.000443,0.13249,0.459401,0.390673
AAGCGTCCCTCATCGA-1,0.009224,0.000102,0.008995,0.668273,0.313406
AAGCTATGGATTGACC-1,0.004274,0.004274,0.004279,0.970069,0.017104
AAGCTCGTGCCAAGTC-1,0.001259,0.000072,0.023532,0.744034,0.231103
AAGGATCGATCGCTTG-1,0.002571,0.000046,0.000046,0.495222,0.502115
AAGGATGAGGGACCTC-1,0.00338,0.000063,0.000063,0.61505,0.381444
AAGGCAGGCTGTCTCC-1,0.000097,0.000097,0.000097,0.907007,0.092702
AAGGCGCGTAAAGCTT-1,0.000364,0.000365,0.000365,0.673542,0.325364
AAGGCTGTGCTCATCG-1,0.008003,0.000291,0.000291,0.521843,0.469571
AAGGGAACGACTGGCT-1,0.000167,0.000167,0.192735,0.615019,0.191912
AAGGGACAGATTCTGT-1,0.000179,0.000179,0.000179,0.341086,0.658376
AAGGGACTATGCATTC-1,0.000167,0.000167,0.692111,0.227702,0.079852
AAGGGTTTGATTTCAG-1,0.00015,0.00015,0.371804,0.420198,0.207698
AAGGTATCCTAATATA-1,0.000088,0.000088,0.052236,0.536912,0.410677
AAGGTGATAAACCAGC-1,0.000152,0.000153,0.000153,0.765321,0.234221
AAGTAGAAGACCGGGT-1,0.009682,0.000371,0.000371,0.55543,0.434148
AAGTAGTGACGCGAGG-1,0.000321,0.000321,0.000321,0.950444,0.048593
AAGTCAATTGTCGTCA-1,0.051633,0.141034,0.000046,0.054307,0.752981
AAGTCTAGTAGCTGCC-1,0.04275,0.000277,0.509401,0.271187,0.176386
AAGTCTTCTGTGGCCT-1,0.000325,0.000325,0.000325,0.831443,0.167582
AAGTGACGACCGAATT-1,0.000616,0.000079,0.000079,0.118394,0.880832
AAGTGAGTCGGGTTTA-1,0.000089,0.000089,0.050886,0.59359,0.355345
AAGTGCAAAGGTAGAC-1,0.006202,0.000231,0.000231,0.977114,0.016223
AAGTGCCTTGACTGTA-1,0.000142,0.000142,0.000142,0.586009,0.413565
AAGTGCGTTAGAATCT-1,0.003455,0.000136,0.246217,0.357567,0.392625
AAGTGCTTCTCTATTG-1,0.000862,0.000862,0.000862,0.65808,0.339335
AAGTTCAGTCTGCGTA-1,0.000178,0.000178,0.097768,0.674109,0.227766
AAGTTCGGCCAACAGG-1,0.005601,0.000134,0.000134,0.751257,0.242873
AAGTTTACTAATGGCA-1,0.000463,0.000463,0.000463,0.464542,0.534068
AATAACAACGCTCGGC-1,0.000404,0.000404,0.067361,0.374305,0.557526
AATAACACTAGAACAA-1,0.00002,0.00002,0.00002,0.031681,0.968259
AATAAGTCCTCGAGAC-1,0.00247,0.00247,0.002472,0.656989,0.335599
AATACAATGTTTCAGG-1,0.001011,0.001011,0.001011,0.163608,0.83336
AATACCGGAGGGCTGT-1,0.000274,0.000274,0.205205,0.793148,0.001098
AATAGAACAGAGTGGC-1,0.002613,0.000116,0.000116,0.882643,0.114512
AATAGAATCTGTTTCA-1,0.001635,0.000035,0.000035,0.570746,0.427549
AATAGCAAGCCTCCTG-1,0.000161,0.000161,0.000161,0.62675,0.372767
AATAGCTACCGCGTGC-1,0.000165,0.000165,0.02569,0.958422,0.015558
AATAGTCCGTCCCGAC-1,0.000051,0.000051,0.000051,0.289297,0.71055
AATAGTCGCGAGTCGG-1,0.000713,0.000713,0.000713,0.745516,0.252346
AATATCCTAGCAAACT-1,0.000234,0.000234,0.000234,0.862474,0.136825
AATATCGAATCAATGC-1,0.000037,0.000037,0.008987,0.853403,0.137535
AATATCGAGGGTTCTC-1,0.000209,0.000209,0.000209,0.99854,0.000834
AATATTGGAGTATTGA-1,0.098017,0.000166,0.000166,0.807445,0.094205
AATCAGGTTTCATTTA-1,0.000361,0.000361,0.000361,0.506517,0.4924
AATCCAAGGGCCTGAG-1,0.000069,0.000069,0.025692,0.465738,0.508433
AATCGCCTCAGCGCCA-1,0.000196,0.000196,0.102887,0.753193,0.143528
AATCGCGCAGAGGACT-1,0.002189,0.000106,0.000106,0.79023,0.207369
AATCGGGACACTACGA-1,0.000159,0.000159,0.000159,0.466871,0.532652
AATCTAGGTTTACTTG-1,0.001916,0.001916,0.001917,0.986582,0.007668
AATCTATGCCGGAGCC-1,0.000155,0.000155,0.000155,0.998913,0.000621
AATCTCTACTGTGGTT-1,0.018796,0.000428,0.000428,0.864591,0.115758
AATCTGCGTTGGGACG-1,0.003584,0.000147,0.000147,0.995534,0.000588
AATCTGGCTTTCTAGT-1,0.021347,0.000746,0.000746,0.974176,0.002985
AATCTGGGTAGACCCT-1,0.000344,0.000344,0.000344,0.707226,0.291741
AATGACAGCAATGTCT-1,0.00017,0.00017,0.00017,0.593642,0.405848
AATGACGTAGGATGTC-1,0.004246,0.000155,0.000155,0.788841,0.206602
AATGATGATACGCTAT-1,0.00031,0.00031,0.068821,0.929321,0.001239
AATGATGCGACTCCTG-1,0.000286,0.000287,0.042026,0.724146,0.233255
AATGCAACCGGGTACC-1,0.000095,0.000095,0.169833,0.730735,0.099241
AATGCACCAAGCAATG-1,0.081853,0.000849,0.000849,0.913055,0.003395
AATGGCCGCCAATGCG-1,0.003175,0.003177,0.003179,0.977761,0.012707
AATGGTCCACCGTTCA-1,0.000263,0.000263,0.000263,0.99816,0.001051
AATGTATGGCACTGTA-1,0.000438,0.000438,0.089451,0.83803,0.071644
AATGTGCCCGAGGTGT-1,0.00021,0.00021,0.00021,0.773419,0.225951
AATGTGCTAATCTGAG-1,0.00036,0.00036,0.00036,0.765273,0.233647
AATTAAAGGTCGGCGT-1,0.000034,0.000034,0.04025,0.797202,0.162481
AATTACGAGACCCATC-1,0.005008,0.000338,0.258244,0.735058,0.001352
AATTCATAAGGGATCT-1,0.000211,0.000211,0.000211,0.998523,0.000844
AATTCATTGTCATGCA-1,0.000387,0.000387,0.000387,0.997288,0.00155
AATTCTAGAGTTAGGC-1,0.0002,0.0002,0.0002,0.591075,0.408325
AATTGAACGCTCTGGT-1,0.000065,0.000065,0.000065,0.23675,0.763056
AATTGCGTGGATTACA-1,0.000139,0.000139,0.000139,0.610387,0.389195
AATTTGGGACATAGTA-1,0.000545,0.000545,0.000545,0.996185,0.00218
AATTTGGTTCCAAAGA-1,0.00583,0.000471,0.031281,0.72226,0.240159
ACAAACCATGCGTCCT-1,0.000113,0.000113,0.45011,0.486984,0.062679
ACAAAGAAGGTAGGCC-1,0.000224,0.000224,0.048508,0.861156,0.089887
ACAAATCGCACCGAAT-1,0.000011,0.000011,0.011561,0.217869,0.770549
ACAAATGGTAGTGTTT-1,0.000138,0.000138,0.000138,0.876797,0.122788
ACAAATTCAGATCTGA-1,0.000168,0.000168,0.000168,0.422518,0.576977
ACAACAGCATGAGCTA-1,0.000084,0.000084,0.000084,0.939838,0.059909
ACAACGGTCCCTGCGA-1,0.006734,0.000071,0.000071,0.992841,0.000283
ACAAGCAGTGCCTAGC-1,0.00024,0.00024,0.00024,0.822698,0.176584
ACAAGCTATATGGAAG-1,0.040309,0.000241,0.000241,0.958247,0.000963
ACAAGGAAATCCGCCC-1,0.000021,0.000021,0.000021,0.867593,0.132344
ACAAGGACAAGAGGTT-1,0.00006,0.00006,0.013142,0.882618,0.10412
ACAAGGCCTACCAGCC-1,0.000553,0.000553,0.000553,0.518936,0.479405
ACAAGGGCAGGCTCTG-1,0.002856,0.00012,0.00012,0.996424,0.00048
ACAATAGTCGTACGTT-1,0.000165,0.000165,0.116169,0.814477,0.069024
ACAATCCATTTAAACC-1,0.001208,0.001208,0.001209,0.592574,0.403801
ACAATGAATACGGAGA-1,0.000154,0.000154,0.009094,0.797594,0.193004
ACAATGATTCTTCTAC-1,0.000116,0.000116,0.000116,0.12976,0.869893
ACAATTGTGTCTCTTT-1,0.000108,0.000108,0.000108,0.737388,0.262288
ACAATTTAGGAGGCTC-1,0.000228,0.000228,0.000228,0.779568,0.219748
ACAATTTGAGCAGTGG-1,0.000122,0.000122,0.000122,0.999144,0.000489
ACAATTTGGCCATATT-1,0.00011,0.00011,0.00011,0.579868,0.419801
ACACAAAGACGGGTGG-1,0.000118,0.000118,0.073526,0.714889,0.211348
ACACAAATATTCCTAG-1,0.000741,0.000741,0.099455,0.896097,0.002965
ACACACCAGGACCAGT-1,0.000116,0.000116,0.027892,0.582358,0.389518
ACACACTTTCTACACG-1,0.0003,0.0003,0.000301,0.352962,0.646137
ACACATGATCAAATCT-1,0.000305,0.000306,0.088866,0.909301,0.001222
ACACCACATAATTAGC-1,0.002991,0.000088,0.000088,0.72408,0.272752
ACACCCAGCATGCAGC-1,0.002994,0.000329,0.034086,0.892534,0.070058
ACACCCGTAAATCTGT-1,0.000238,0.000238,0.000238,0.998334,0.000952
ACACCGGTCTGACCGC-1,0.000257,0.000257,0.148883,0.721407,0.129196
ACACCTTACTACTTGC-1,0.003893,0.000127,0.000127,0.776552,0.219301
ACACGAGACTCCTTCT-1,0.000039,0.000039,0.000039,0.30989,0.689993
ACACGGCACTATGCAT-1,0.007939,0.007944,0.007941,0.705402,0.270774
ACACGGGAACTTAGGG-1,0.00012,0.00012,0.064811,0.934467,0.000481
ACACTGATCAAGGTGT-1,0.000031,0.000031,0.000031,0.007481,0.992425
ACAGAACTGAGAACAA-1,0.004901,0.000104,0.009899,0.596846,0.388251
ACAGATTAGGTTAGTG-1,0.000479,0.000479,0.000479,0.451422,0.54714
ACAGCATAGAGCCAGT-1,0.001764,0.000073,0.01792,0.255555,0.724688
ACAGCGCACCCGCAGC-1,0.030194,0.000639,0.000639,0.783323,0.185205
ACAGGTGGAGGTGAGG-1,0.000157,0.000157,0.000157,0.894296,0.105234
ACAGGTGTGTTGTTGC-1,0.000288,0.000288,0.000288,0.857607,0.141529
ACAGTAATACAACTTG-1,0.000479,0.000479,0.039584,0.214332,0.745126
ACAGTATACCGTGGGA-1,0.000273,0.000273,0.000273,0.998087,0.001093
ACAGTGCAGCGCATTT-1,0.002021,0.002021,0.23155,0.601765,0.162643
ACATAAGTCGTGGTGA-1,0.000257,0.000257,0.000257,0.846909,0.15232
ACATAATAAGGCGGTG-1,0.000091,0.000091,0.000091,0.007151,0.992576
ACATCAGCTGGGACGC-1,0.002912,0.000355,0.000355,0.994956,0.001421
ACATCCCGGCCATACG-1,0.002595,0.000094,0.000094,0.400226,0.59699
ACATCCTGGTAACTGT-1,0.004817,0.000197,0.000197,0.993998,0.00079
ACATCGATCGTTTACC-1,0.000389,0.000389,0.000389,0.5632,0.435634
ACATCGGTCAGCCGCG-1,0.000155,0.000155,0.029933,0.685164,0.284593
ACATCGTATGCAATGG-1,0.000192,0.000192,0.000192,0.996123,0.003302
ACATCGTTAACCTAGT-1,0.003585,0.003586,0.112181,0.866301,0.014347
ACATCTCAACGCGTAA-1,0.000366,0.000366,0.110236,0.216461,0.672572
ACATGCTTACGGCAGC-1,0.000241,0.000241,0.027375,0.535702,0.43644
ACATGGCGCCAAAGTA-1,0.002527,0.000136,0.000136,0.996656,0.000545
ACATTAGTTTATATCC-1,0.000298,0.000298,0.000298,0.477591,0.521515
ACCAAACACCCAGCGA-1,0.003579,0.000087,0.661582,0.283537,0.051215
ACCAACACCACACACT-1,0.00012,0.00012,0.176298,0.822981,0.000481
ACCAACGCTTATTTAT-1,0.004489,0.000041,0.000041,0.063719,0.931711
ACCAAGAACGCGTGTC-1,0.00003,0.00003,0.00003,0.285585,0.714324
ACCACAACTCAGAACA-1,0.004833,0.004832,0.004835,0.966165,0.019335
ACCACAAGTTTCTATC-1,0.000189,0.000189,0.000189,0.362573,0.636861
ACCACCAATGTAACAA-1,0.018202,0.000077,0.000077,0.866685,0.11496
ACCACCCTCTCTTCTA-1,0.000258,0.000258,0.141727,0.768622,0.089135
ACCACGTGCAGCTATA-1,0.000018,0.000018,0.002889,0.521133,0.47594
ACCAGACCATAACAAC-1,0.000409,0.000409,0.000409,0.683691,0.315083
ACCAGCCCGGTCTTTG-1,0.000882,0.000882,0.000882,0.993823,0.00353
ACCAGTGCCCGGTCAA-1,0.000193,0.000193,0.000193,0.796273,0.203148
ACCAGTGCGGGAGACG-1,0.001315,0.000081,0.014275,0.26454,0.719789
ACCATCCGCCAACTAG-1,0.000239,0.000239,0.000239,0.99833,0.000954
ACCATCGTATATGGTA-1,0.000213,0.000213,0.000213,0.831573,0.167789
ACCCAACGCCCGTGGC-1,0.000132,0.000132,0.000132,0.9733,0.026304
ACCCACCTACATGCTC-1,0.000183,0.000183,0.000183,0.817752,0.181698
ACCCATCTTGAGGGTA-1,0.000126,0.000126,0.021021,0.569705,0.409022
ACCCGAGCGAAATTAC-1,0.000205,0.000205,0.447901,0.477331,0.074358
ACCCGATTGGTTCCGA-1,0.000519,0.000519,0.00052,0.515699,0.482743
ACCCGGAAACTCCCAG-1,0.006026,0.000481,0.028023,0.280647,0.684822
ACCCGGATGACGCATC-1,0.013139,0.000138,0.224476,0.639733,0.122513
ACCCGGTTACACTTCC-1,0.000063,0.000063,0.007383,0.30765,0.684841
ACCCGTAGCAGAGAAT-1,0.000111,0.000111,0.000111,0.414571,0.585096
ACCCGTGTCATCAGTA-1,0.010132,0.000059,0.035508,0.50214,0.452161
ACCCTATGCCATATCG-1,0.000128,0.000128,0.000128,0.22649,0.773127
ACCCTCCCTTGCTATT-1,0.00015,0.00015,0.00015,0.594874,0.404677
ACCCTGGTAACGCCCT-1,0.000179,0.000179,0.323809,0.675118,0.000715
ACCCTTCATCTGCGAA-1,0.000621,0.000621,0.000621,0.6577,0.340437
ACCCTTGCCTGGGTCG-1,0.000162,0.000162,0.000162,0.000324,0.999191
ACCCTTTAGTTCTCCA-1,0.00041,0.00041,0.00041,0.799072,0.199697
ACCGAAAGGGCCCTGC-1,0.002643,0.000114,0.000114,0.996671,0.000457
ACCGAAGAGTCTGGTT-1,0.010592,0.000169,0.288801,0.612373,0.088065
ACCGACTGAGTCCCAC-1,0.000225,0.000225,0.000225,0.921103,0.078223
ACCGATGGTAGCATCG-1,0.000112,0.000112,0.000112,0.999216,0.000448
ACCGCAATAACTGCCT-1,0.008453,0.000325,0.000325,0.416359,0.574538
ACCGCGGTGGAAGTCG-1,0.00131,0.00004,0.00004,0.06459,0.93402
ACCGGGCCTTTGTTGA-1,0.004717,0.000045,0.017923,0.593568,0.383746
ACCGGTCAGGTACACC-1,0.000307,0.000306,0.165644,0.832518,0.001225
ACCGGTCTGAGTACGG-1,0.008613,0.000325,0.044604,0.268075,0.678383
ACCGTCCACTGGGCCC-1,0.000113,0.000113,0.743722,0.246961,0.009091
ACCGTGACCACGTGGG-1,0.000354,0.000354,0.119147,0.878728,0.001416
ACCGTTCCCGCTCTGA-1,0.001443,0.001443,0.001444,0.904102,0.091567
ACCTAAGTACCTTTCA-1,0.000168,0.000167,0.000167,0.840213,0.159285
ACCTAATCGACTTCCT-1,0.000219,0.000219,0.000219,0.814427,0.184916
ACCTACAGTATGTGGT-1,0.000112,0.000112,0.380758,0.517247,0.101771
ACCTCCGTTATTCACC-1,0.001358,0.000076,0.000076,0.545682,0.452807
ACCTCGAACTTATGCT-1,0.000394,0.000394,0.081364,0.786466,0.131382
ACCTGCGTGTCATGTT-1,0.000214,0.000214,0.000214,0.95139,0.047968
ACGAAATGGGCGGCAC-1,0.00051,0.00051,0.191434,0.805506,0.00204
ACGACTGGTCATACTC-1,0.000316,0.000316,0.000316,0.908036,0.091016
ACGAGATATTTGCTTA-1,0.003473,0.003474,0.414259,0.234989,0.343805
ACGAGGATACCACTCT-1,0.000423,0.000423,0.119856,0.5526,0.326699
ACGAGGTTTACAACGT-1,0.004753,0.000107,0.618382,0.376331,0.000427
ACGAGTACGGATGCCC-1,0.000161,0.000161,0.288614,0.710422,0.000643
ACGATACATAGAACTA-1,0.000092,0.000092,0.000092,0.274225,0.7255
ACGATACCTATCCTGA-1,0.00014,0.00014,0.097343,0.285793,0.616583
ACGATCATACATAGAG-1,0.00006,0.00006,0.021871,0.025288,0.952722
ACGATCATCTTGTAAA-1,0.00113,0.000096,0.000096,0.998294,0.000384
ACGATGCATATGTTAT-1,0.000127,0.000127,0.021825,0.95313,0.024792
ACGATGGATCCGATGC-1,0.00067,0.00067,0.00067,0.347991,0.65
ACGCAAACTAATAGAT-1,0.003316,0.000324,0.000324,0.89855,0.097486
ACGCAATCACTACAGC-1,0.000191,0.00019,0.062907,0.893046,0.043666
ACGCATAAATGACATG-1,0.000206,0.000205,0.034525,0.478645,0.486419
ACGCATTCGTGAGTAC-1,0.000019,0.000019,0.004459,0.000038,0.995466
ACGCCAGATGATTTCT-1,0.000585,0.000585,0.000585,0.809162,0.189082
ACGCCCAGCTGTCGAT-1,0.001355,0.001356,0.001356,0.636143,0.35979
ACGCCGCTAGACGACC-1,0.004546,0.000011,0.004841,0.000023,0.990578
ACGCGAAGTCAGACGA-1,0.000135,0.000135,0.000135,0.402723,0.596873
ACGCGCTACACAGGGT-1,0.000218,0.000218,0.000218,0.998474,0.000872
ACGCGGGCCAAGGACA-1,0.000031,0.000031,0.000031,0.271869,0.728037
ACGCGTTTCTTAAGAG-1,0.000258,0.000258,0.000258,0.841768,0.157458
ACGCTAGTATCAGTGC-1,0.108662,0.003088,0.003087,0.872809,0.012353
ACGCTAGTGATACACT-1,0.004652,0.00017,0.26257,0.496745,0.235863
ACGCTGTGAGGCGTAG-1,0.402513,0.000238,0.032284,0.564016,0.00095
ACGCTTAGTGTCTCTC-1,0.001292,0.001293,0.001293,0.670187,0.325935
ACGGACGCAGCGACAA-1,0.000202,0.000203,0.088622,0.526063,0.38491
ACGGAGCGCAAATTAC-1,0.000254,0.000254,0.018431,0.980043,0.001018
ACGGCACTTGCTTGGG-1,0.000069,0.000069,0.000069,0.832759,0.167034
ACGGCCAACATGGACT-1,0.000039,0.000039,0.01947,0.292391,0.688062
ACGGCGACGATGGGAA-1,0.000024,0.000024,0.023342,0.492156,0.484455
ACGGCTGGATGTAGAA-1,0.008016,0.000197,0.334029,0.65697,0.000789
ACGGGAGTGTCGGCCC-1,0.000066,0.000066,0.000066,0.278302,0.7215
ACGGGCGTATGCGACA-1,0.000201,0.000201,0.017314,0.981482,0.000803
ACGGGTTGTGACCTGT-1,0.000868,0.000868,0.000869,0.712976,0.284419
ACGGTCACCGAGAACA-1,0.000153,0.000153,0.000153,0.62462,0.374923
ACGTACAGATTTCTCT-1,0.000868,0.000869,0.000869,0.838127,0.159268
ACGTACTTTGGCACGG-1,0.000654,0.000654,0.000654,0.64099,0.357048
ACGTAGATTGCTGATG-1,0.005945,0.000138,0.000138,0.850376,0.143404
ACGTATTACTCCGATC-1,0.0002,0.0002,0.040302,0.875003,0.084296
ACGTCGGGCAACTCGG-1,0.000177,0.000177,0.000177,0.816023,0.183446
ACGTCTCGTTCCGGGA-1,0.02023,0.000102,0.000102,0.786186,0.19338
ACGTGACAAAGTAAGT-1,0.000212,0.000212,0.052232,0.946495,0.000849
ACGTGCGCCTCGTGCA-1,0.000099,0.000099,0.000099,0.398386,0.601318
ACGTTAATGTCGAAGA-1,0.006919,0.000032,0.054358,0.461437,0.477254
ACGTTAGATTTGCCCG-1,0.000218,0.000218,0.166466,0.614098,0.219001
ACGTTATTGGTCACTC-1,0.000601,0.000601,0.000601,0.600075,0.398122
ACGTTCCGCGCTCCGT-1,0.103361,0.000251,0.000251,0.509586,0.386551
ACGTTCGCAATCAATT-1,0.000108,0.000108,0.000108,0.999242,0.000433
ACGTTCGTTCAGGAAA-1,0.001727,0.000089,0.150298,0.267336,0.58055
ACGTTTAGTTGTGATC-1,0.001407,0.001408,0.001407,0.694806,0.300972
ACTAAGGACGCACACC-1,0.00039,0.00039,0.028986,0.372448,0.597786
ACTAATACGTCAGGCG-1,0.000211,0.000211,0.000211,0.573888,0.425479
ACTACATCCCGACAAG-1,0.000279,0.000279,0.101593,0.896736,0.001115
ACTACGCGTTAGAATT-1,0.000231,0.000231,0.411444,0.503329,0.084766
ACTAGTTGCGATCGTC-1,0.000588,0.000031,0.000031,0.454157,0.545193
ACTATATGCTGTGTTC-1,0.00101,0.001011,0.14798,0.615351,0.234647
ACTATCCAGGGCATGG-1,0.000047,0.000047,0.000047,0.337226,0.662634
ACTATGTCCAGCTGCC-1,0.000215,0.000215,0.343495,0.586021,0.070054
ACTATTCGTCCGTGGT-1,0.009214,0.000307,0.304918,0.577793,0.107769
ACTATTTCCGGGCCCA-1,0.004473,0.000483,0.000483,0.749914,0.244646
ACTCAATAAAGGCACG-1,0.000137,0.000137,0.000137,0.505063,0.494527
ACTCATGGCAGCCTTC-1,0.000761,0.000761,0.047684,0.947747,0.003046
ACTCCAATATCATCAT-1,0.020751,0.000434,0.000434,0.976643,0.001737
ACTCCCATTCCTAAAG-1,0.000101,0.000101,0.000101,0.956697,0.043001
ACTCCCGAATTCGTTT-1,0.000087,0.000087,0.494576,0.5049,0.000349
ACTCCCGTAGACTAGG-1,0.023357,0.000232,0.608768,0.219595,0.148049
ACTCCCTAGAATAGTA-1,0.000642,0.000643,0.000643,0.419764,0.578309
ACTCGATGTATTTCAT-1,0.005706,0.000227,0.000227,0.556368,0.437472
ACTCGCGATCTGACGC-1,0.000312,0.000312,0.047196,0.683922,0.268257
ACTCGTAACCCGTCCT-1,0.000746,0.000746,0.000746,0.815998,0.181763
ACTCGTCAGTAATCCC-1,0.000144,0.000144,0.136786,0.837028,0.025899
ACTCTAAACCTGGGAT-1,0.004869,0.000438,0.000438,0.824588,0.169667
ACTCTCTGACTTAGGT-1,0.010514,0.000249,0.036397,0.861653,0.091186
ACTCTCTTATACACGA-1,0.00247,0.00247,0.375672,0.609504,0.009884
ACTCTTCAGCTCCCGC-1,0.006247,0.000107,0.197283,0.348119,0.448244
ACTCTTGTATAGTAAC-1,0.000023,0.000023,0.000023,0.094642,0.905289
ACTGAATGGCGAAAGT-1,0.000038,0.000038,0.005699,0.855111,0.139113
ACTGATTTAGTGATTC-1,0.000741,0.000741,0.000741,0.528355,0.469421
ACTGCCCGCCATTCTC-1,0.001182,0.001183,0.180413,0.560279,0.256943
ACTGCCGTCGTAACTC-1,0.000087,0.000087,0.009769,0.194158,0.795899
ACTGCGGACACACCGT-1,0.000106,0.000106,0.000106,0.965015,0.034665
ACTGCTCGGAAGGATG-1,0.01535,0.000083,0.697173,0.222012,0.065382
ACTGGCGAACCTGCGT-1,0.000534,0.000535,0.000535,0.191967,0.806429
ACTGTACGATACACAT-1,0.000145,0.000145,0.000145,0.865557,0.134007
ACTGTAGCACTTTGGA-1,0.002844,0.000131,0.000131,0.996373,0.000523
ACTGTCCAGGATTATA-1,0.000457,0.000458,0.062108,0.46477,0.472207
ACTGTCTTCTTTAGAA-1,0.000064,0.000064,0.035011,0.482769,0.482091
ACTTACCGGGCGCGCA-1,0.006175,0.006173,0.224812,0.738132,0.024708
ACTTATACTTACCCGG-1,0.002353,0.000119,0.000119,0.996934,0.000475
ACTTATTAGGATCGGT-1,0.00057,0.00057,0.093812,0.506508,0.39854
ACTTATTTATGTGCCA-1,0.000069,0.000069,0.000069,0.980552,0.01924
ACTTCAGGCTGATCCC-1,0.000293,0.000293,0.000293,0.424883,0.574237
ACTTCCAGTGGAAGCT-1,0.000292,0.000292,0.249022,0.749227,0.001167
ACTTCCTGTCGTGCGA-1,0.003473,0.003474,0.003475,0.340206,0.649372
ACTTCGCCATACGCAC-1,0.000255,0.000254,0.000254,0.875418,0.123819
ACTTCGCTAGCGAGTG-1,0.000194,0.000194,0.000194,0.286721,0.712696
ACTTGACTCCCTCTTT-1,0.00013,0.00013,0.00013,0.866033,0.133576
ACTTGCTCTATCTACC-1,0.000166,0.000166,0.000166,0.288243,0.711258
ACTTGTAGTCCCTTCA-1,0.000132,0.000132,0.000132,0.18356,0.816045
ACTTTACCCTCATGAA-1,0.000106,0.000106,0.028551,0.970812,0.000425
ACTTTATACACCACTT-1,0.000286,0.000287,0.000287,0.073513,0.925628
ACTTTCCTATAGCTTC-1,0.000198,0.000198,0.000198,0.996059,0.003347
ACTTTGACTGCATCCT-1,0.000242,0.000242,0.000242,0.971809,0.027464
ACTTTGGTCGTGCTCC-1,0.000463,0.000463,0.000463,0.996758,0.001853
AGAACACGGCGATGGT-1,0.000106,0.000106,0.000106,0.138776,0.860907
AGAACCCAGCGTGACA-1,0.015701,0.000094,0.013338,0.614116,0.356752
AGAACCCTCAATTGGG-1,0.000189,0.000189,0.234659,0.687163,0.0778
AGAACGTGGTACATTC-1,0.02713,0.000178,0.000178,0.971804,0.00071
AGAAGAGCGCCGTTCC-1,0.000727,0.000727,0.000727,0.994913,0.002907
AGAAGGTACACTTCAC-1,0.000314,0.000313,0.000313,0.869634,0.129426
AGAAGGTTGCCGAATT-1,0.000123,0.000123,0.014142,0.866124,0.119487
AGAAGTGATTCGTGAT-1,0.003457,0.000088,0.000088,0.399463,0.596904
AGAATAAATCTTCAGG-1,0.015937,0.000209,0.000209,0.809747,0.173897
AGAATGCGGGTTCGGA-1,0.000699,0.000699,0.000699,0.877584,0.120318
AGAATTATGGATTCGA-1,0.003905,0.000069,0.000069,0.458891,0.537066
AGACAGCTCAGAATCC-1,0.000135,0.000135,0.044082,0.451667,0.503982
AGACCAAACCACACCT-1,0.005053,0.000156,0.164348,0.719495,0.110949
AGACCATGGGATACAA-1,0.00032,0.00032,0.00032,0.90499,0.094048
AGACCCGCCCTCCTCG-1,0.000104,0.000104,0.043281,0.787669,0.168843
AGACCGGGAAACCCTG-1,0.000155,0.000155,0.000155,0.998913,0.000621
AGACGAAGTGCCGGTC-1,0.000367,0.000367,0.000367,0.332821,0.666078
AGACGACGATGCCGCT-1,0.000069,0.000069,0.000069,0.202474,0.797319
AGACGGGCCGATTTAA-1,0.000215,0.000215,0.000215,0.332161,0.667193
AGACTGTTACCGGGTC-1,0.000128,0.000127,0.075052,0.747522,0.177171
AGAGAAACACCAGAAA-1,0.035485,0.000068,0.028763,0.353229,0.582455
AGAGAACCGTCTAGGA-1,0.000058,0.000058,0.000058,0.148492,0.851333
AGAGAAGGAGTACAAT-1,0.000138,0.000138,0.109057,0.852878,0.03779
AGAGATCTCTAAAGCG-1,0.000053,0.000053,0.020745,0.32537,0.65378
AGAGCAGTTATGAGAC-1,0.000324,0.000324,0.000324,0.916651,0.082376
AGAGCGCTTGTAACGG-1,0.000211,0.000211,0.512782,0.485955,0.000842
AGAGCGGGCTAATCAT-1,0.007927,0.000527,0.000527,0.758614,0.232405
AGAGCGTACAAGCTCG-1,0.000149,0.000149,0.000149,0.998957,0.000596
AGAGGCTTCGGAAACC-1,0.000124,0.000124,0.000124,0.430924,0.568704
AGAGGGACAATTGTCC-1,0.002365,0.002366,0.002366,0.092108,0.900795
AGAGTAAACTTCACTA-1,0.000066,0.000066,0.047771,0.575633,0.376463
AGAGTATAGTGTTACG-1,0.000303,0.000303,0.022021,0.757024,0.22035
AGAGTGAACAGACACC-1,0.004118,0.004118,0.004119,0.971171,0.016475
AGAGTTAGAGACCGAT-1,0.000075,0.000075,0.000075,0.094957,0.904817
AGAGTTGCAGGCCTCC-1,0.000305,0.000305,0.019533,0.321694,0.658163
AGATAACTTCAGGGCC-1,0.000051,0.000051,0.000051,0.905343,0.094504
AGATAATCACACCTAT-1,0.000326,0.000326,0.000326,0.63671,0.362312
AGATACCAGCACTTCA-1,0.004811,0.000492,0.233983,0.758746,0.001968
AGATACCGGTGTTCAC-1,0.02452,0.000236,0.000236,0.691647,0.283362
AGATACTCAAGATCGA-1,0.000051,0.000051,0.000051,0.124096,0.875751
AGATCGTGCATAAGAT-1,0.314874,0.000367,0.097484,0.585807,0.001468
AGATCTCAGGTGTGAT-1,0.007109,0.000159,0.174033,0.818063,0.000636
AGATCTGGAGAGGATA-1,0.000246,0.000246,0.00523,0.342237,0.652041
AGATGACTCGCCCACG-1,0.000072,0.000072,0.011251,0.440352,0.548252
AGATGAGGGTTGCGAT-1,0.010109,0.000351,0.000351,0.987786,0.001403
AGATGATGGAGTCTGG-1,0.016978,0.00013,0.00013,0.786353,0.19641
AGATGCAAGACGTGCA-1,0.000207,0.000207,0.050726,0.948029,0.00083
AGATGCATCCTGTGTC-1,0.000337,0.000337,0.000337,0.997642,0.001348
AGATTCAAGCGGGTCG-1,0.000496,0.000496,0.025149,0.627603,0.346256
AGATTCACAACCGATA-1,0.000257,0.000257,0.000257,0.998202,0.001027
AGCAACATATCTTATT-1,0.008994,0.00008,0.00008,0.256922,0.733923
AGCAACCGAAAGTAAT-1,0.000124,0.000124,0.000124,0.943014,0.056613
AGCACACGTTTAGACT-1,0.000501,0.000501,0.028184,0.341608,0.629207
AGCACCAGTACTCACG-1,0.000168,0.000168,0.000168,0.998824,0.000672
AGCACTACCGGCCTGT-1,0.006596,0.000236,0.000236,0.841812,0.15112
AGCACTTAAGGACGCC-1,0.000069,0.000069,0.013963,0.172246,0.813654
AGCAGCCAGATGAATA-1,0.000024,0.000024,0.000024,0.000048,0.99988
AGCATATCAATATGCT-1,0.005708,0.000154,0.000154,0.623868,0.370115
AGCATCATTTCGAAAG-1,0.007888,0.000178,0.026051,0.965171,0.000713
AGCATCGTCGATAATT-1,0.00009,0.00009,0.087095,0.912366,0.000359
AGCCACTCCCGTGCTT-1,0.000268,0.000269,0.000269,0.780305,0.218889
AGCCCATACATGTAAG-1,0.005529,0.000182,0.000182,0.888263,0.105844
AGCCCGGCATTAGAGG-1,0.000272,0.000272,0.28373,0.714639,0.001087
AGCCCGGTAGCCTGTA-1,0.000094,0.000094,0.030891,0.691978,0.276944
AGCCCTAAGCGAAGTT-1,0.000228,0.000228,0.000228,0.000457,0.998859
AGCCCTCCCTGGTGGC-1,0.000515,0.000515,0.00953,0.795905,0.193536
AGCCCTGTCGCACCGT-1,0.000089,0.000089,0.02111,0.679475,0.299238
AGCCCTTCTAATCCGA-1,0.000264,0.000264,0.064428,0.90263,0.032413
AGCCGCAAATTCAAAT-1,0.137263,0.000145,0.000145,0.589422,0.273025
AGCCGTGGCTAAATGT-1,0.005652,0.000192,0.000192,0.717075,0.276889
AGCCTAATACCCACGT-1,0.002416,0.002418,0.002417,0.57234,0.420409
AGCCTTAAAGCGGAAG-1,0.000056,0.000056,0.000056,0.12,0.879831
AGCCTTGTCACTGATA-1,0.000436,0.000436,0.029599,0.569572,0.399957
AGCGACAGGAACGGTC-1,0.000057,0.000057,0.021335,0.5254,0.453151
AGCGACATCCCATTCA-1,0.011626,0.000409,0.000409,0.465583,0.521973
AGCGACCAACGATATT-1,0.00003,0.00003,0.020902,0.364388,0.61465
AGCGAGACGTGAAGGC-1,0.000051,0.000051,0.000051,0.11687,0.882976
AGCGCATAATGAATCG-1,0.000033,0.000033,0.000033,0.096896,0.903004
AGCGCGGGTGCCAATG-1,0.000262,0.000262,0.000262,0.646988,0.352225
AGCGCTAGAGCGATGT-1,0.000117,0.000117,0.000117,0.999184,0.000466
AGCGCTTATGGGCAAG-1,0.002021,0.002022,0.13244,0.395985,0.467532
AGCGGCGGTTAGCGGT-1,0.000777,0.000778,0.000778,0.867611,0.130057
AGCGGTTGCCGCTCTG-1,0.000194,0.000194,0.000194,0.998642,0.000776
AGCGTGGTATTCTACT-1,0.000049,0.000049,0.000049,0.997038,0.002816
AGCGTTCCGATTTAAA-1,0.000882,0.000882,0.000883,0.482604,0.514749
AGCTAACAAGCAATGT-1,0.000203,0.000203,0.018859,0.979924,0.000812
AGCTAGAAGCAGAAGT-1,0.002167,0.000211,0.128794,0.797291,0.071537
AGCTATTTAATCCAAC-1,0.000238,0.000238,0.042805,0.528716,0.428002
AGCTCGTTGATGGAAA-1,0.044497,0.001611,0.001612,0.501992,0.450288
AGCTCTAGACGTTCCA-1,0.000051,0.000051,0.000051,0.428656,0.571191
AGCTCTTCCCAGTGCA-1,0.000391,0.000392,0.088111,0.90954,0.001566
AGCTCTTCGTAACCTT-1,0.026138,0.000093,0.209059,0.696356,0.068353
AGCTCTTTACTCAGTT-1,0.003814,0.000296,0.019823,0.85532,0.120748
AGCTGAAGTAAACCAA-1,0.004907,0.000112,0.000112,0.55353,0.441339
AGCTGCATTTGAGGTG-1,0.00285,0.00285,0.00285,0.399978,0.591471
AGCTGCTGTGCCGAAT-1,0.003004,0.003004,0.18335,0.463404,0.347237
AGCTGTAACCTCAATC-1,0.000199,0.000199,0.000199,0.998608,0.000796
AGCTTGATCAGGGTAG-1,0.000218,0.000218,0.022021,0.445332,0.532212
AGCTTGATCTTAACTT-1,0.00021,0.00021,0.00021,0.586503,0.412867
AGGACAGTCGAATCCC-1,0.050009,0.000065,0.000065,0.482647,0.467214
AGGACGACCCATTAGA-1,0.011149,0.000122,0.016229,0.344708,0.627791
AGGACGCTCGATGTTG-1,0.000498,0.000499,0.000499,0.99651,0.001994
AGGAGACATCCACAGT-1,0.000419,0.000419,0.162257,0.835225,0.001678
AGGAGAGTCTGGCTAC-1,0.002915,0.000275,0.42658,0.435262,0.134967
AGGATATAGGGATTTA-1,0.000972,0.000032,0.006445,0.195737,0.796814
AGGATCACGCGATCTG-1,0.001263,0.001263,0.001264,0.765134,0.231076
AGGATTGCTTACGACA-1,0.025158,0.000316,0.000316,0.972946,0.001263
AGGCAGATGCGTAAAC-1,0.000091,0.000091,0.000091,0.957566,0.042161
AGGCAGGGAGCGTACT-1,0.000041,0.000041,0.000041,0.000082,0.999796
AGGCATTGTCGTAGGG-1,0.000063,0.000063,0.013353,0.101657,0.884863
AGGCCACATTGGTTAC-1,0.000164,0.000164,0.020695,0.56976,0.409216
AGGCCACCCGTTATGA-1,0.000162,0.000162,0.000162,0.964901,0.034613
AGGCCCATTGTACAGG-1,0.002055,0.000065,0.000065,0.437488,0.560327
AGGCCCTAGAACGCCA-1,0.02336,0.000131,0.009032,0.623062,0.344414
AGGCGGTTTGTCCCGC-1,0.000394,0.000394,0.185685,0.759053,0.054474
AGGCGTCTATGGACGG-1,0.00019,0.00019,0.00587,0.847054,0.146697
AGGCTATGGTTAGCTT-1,0.00013,0.00013,0.00013,0.995583,0.004027
AGGCTTCCCGAAGAAG-1,0.000088,0.000088,0.000088,0.583729,0.416007
AGGCTTGCTAGACACC-1,0.001522,0.001523,0.001523,0.003046,0.992385
AGGGAAACGAGGTACT-1,0.000358,0.000357,0.000358,0.997497,0.00143
AGGGACCGGCTGCGTT-1,0.000117,0.000117,0.000117,0.999184,0.000466
AGGGACTCTACGCGAC-1,0.005467,0.000093,0.010787,0.257207,0.726447
AGGGAGACATACTTCG-1,0.000213,0.000213,0.000213,0.998512,0.00085
AGGGCAGCGGCGTGGT-1,0.002223,0.002223,0.002224,0.740143,0.253187
AGGGCGAGCAGCTGAT-1,0.000078,0.000078,0.000078,0.606302,0.393465
AGGGCGTGATCGGCTA-1,0.000374,0.000374,0.000374,0.513562,0.485315
AGGGCTGCAGTTACAG-1,0.000058,0.000058,0.000058,0.885888,0.113938
AGGGTCAGAGCACTCG-1,0.001308,0.001308,0.052146,0.731871,0.213367
AGGGTCAGTAACCCTA-1,0.000239,0.000239,0.303211,0.695357,0.000955
AGGGTCGATGCGAACT-1,0.012469,0.000151,0.051997,0.934777,0.000605
AGGGTGCCGTTCTTTA-1,0.000249,0.000249,0.127724,0.87078,0.000997
AGGGTGCTCTCGAGGG-1,0.005201,0.000118,0.024551,0.822305,0.147825
AGGGTGGATAGTGCAT-1,0.000281,0.000281,0.000281,0.99803,0.001126
AGGGTGTGCTACACGC-1,0.002021,0.002021,0.002021,0.11596,0.877977
AGGGTTCCCTTTGGTT-1,0.00024,0.00024,0.00024,0.998319,0.000961
AGGGTTTAGTTCGGGA-1,0.000096,0.000096,0.000096,0.672254,0.327459
AGGTACGATATTGCCA-1,0.000614,0.000614,0.404616,0.591699,0.002457
AGGTAGATCGAGATAT-1,0.00016,0.00016,0.083298,0.486392,0.42999
AGGTAGGTACAAAGCT-1,0.000218,0.000218,0.000218,0.847197,0.152148
AGGTATAATTGATAGT-1,0.002809,0.000116,0.000116,0.917425,0.079535
AGGTATGCGGACATTA-1,0.000207,0.000207,0.054952,0.754396,0.190238
AGGTCAGGTGAGAGTG-1,0.000147,0.000147,0.021275,0.919596,0.058834
AGGTCGCGGAGTTACT-1,0.017456,0.000211,0.082657,0.767747,0.131929
AGGTGTATCGCCATGA-1,0.000226,0.000226,0.07696,0.741669,0.180918
AGGTTACACCATGCCG-1,0.000132,0.000133,0.155515,0.435027,0.409193
AGGTTCTCCTTTCCGG-1,0.000717,0.000717,0.000717,0.867032,0.130816
AGGTTGAGGCACGCTT-1,0.002176,0.000231,0.000231,0.539508,0.457853
AGGTTTCACACACCTT-1,0.005176,0.000042,0.000042,0.817599,0.177142
AGTAACGTTCATCCTG-1,0.000252,0.000252,0.000252,0.656832,0.342412
AGTAATGTCTTGCCGC-1,0.000119,0.000119,0.000119,0.569251,0.430393
AGTAATTTGCAAGCGT-1,0.000501,0.000501,0.000501,0.57577,0.422727
AGTACATCATTTATCA-1,0.012665,0.000116,0.036362,0.791644,0.159213
AGTACCTTCGAGTGCT-1,0.000137,0.000137,0.000137,0.031798,0.967792
AGTACGGCCCGTATCG-1,0.000295,0.000295,0.000295,0.582925,0.41619
AGTACGGGCACCTGGC-1,0.00005,0.00005,0.004539,0.34275,0.652612
AGTACGTGGCCTGTCT-1,0.000261,0.000261,0.037185,0.33563,0.626663
AGTAGCTAGACGCCGA-1,0.000211,0.000211,0.035984,0.198703,0.764892
AGTAGGAAGGAAGTTG-1,0.00045,0.00045,0.242307,0.754992,0.001801
AGTAGGTAACATACAT-1,0.000919,0.000059,0.000059,0.435857,0.563106
AGTATAATACTAGGCA-1,0.002032,0.000209,0.017156,0.612744,0.36786
AGTATACACAGCGACA-1,0.000323,0.000323,0.045233,0.79698,0.15714
AGTATGCTGGAGACCA-1,0.00029,0.000289,0.00029,0.997973,0.001158
AGTATTTGGCACGACC-1,0.000215,0.000215,0.021457,0.568733,0.40938
AGTCAAATGATGTGAT-1,0.000143,0.000143,0.180273,0.622313,0.197127
AGTCAACACCACCATC-1,0.000075,0.000075,0.008123,0.536163,0.455565
AGTCAAGATGACACTT-1,0.00007,0.00007,0.029671,0.871864,0.098325
AGTCCATTGGCTGATG-1,0.000254,0.000254,0.050507,0.94797,0.001015
AGTCCCGCCTTTAATT-1,0.003274,0.000391,0.058097,0.936672,0.001566
AGTCCCTCGCAGAAAG-1,0.00029,0.00029,0.079183,0.637848,0.282389
AGTCGAAACGATTCAG-1,0.000076,0.000076,0.000076,0.399121,0.600651
AGTCGACGGTCTCAAG-1,0.000111,0.000111,0.000111,0.603194,0.396474
AGTCGGCCCAAACGAC-1,0.003929,0.000332,0.000332,0.643279,0.352128
AGTCGGCTCAACTTTA-1,0.000105,0.000105,0.074393,0.783813,0.141585
AGTCGGTTGCGTGAGA-1,0.000038,0.000038,0.000038,0.155317,0.844569
AGTCGTGGGCATTACG-1,0.000219,0.000219,0.000219,0.721242,0.2781
AGTCTAAAGTATACTC-1,0.000135,0.000135,0.064444,0.836622,0.098665
AGTCTCACAAGACTAC-1,0.000107,0.000107,0.000107,0.646277,0.353401
AGTCTGGACATCCTTG-1,0.000159,0.000159,0.000159,0.479636,0.519886
AGTCTTCTCCTCAAAT-1,0.000108,0.000108,0.000108,0.645763,0.353914
AGTGAACAAACTTCTC-1,0.000075,0.000075,0.000075,0.48215,0.517626
AGTGAAGATGGTGTCC-1,0.019354,0.00065,0.110315,0.86708,0.002601
AGTGACCTACTTTACG-1,0.000044,0.000044,0.015714,0.376868,0.607331
AGTGACTGTGACACAA-1,0.001372,0.127192,0.443002,0.422942,0.005491
AGTGAGACTTCCAGTA-1,0.009262,0.000134,0.000134,0.911531,0.078939
AGTGAGCCTCGCCGCC-1,0.000144,0.000144,0.266328,0.7289,0.004483
AGTGAGGGTTTCTGAC-1,0.001407,0.001407,0.001408,0.469765,0.526013
AGTGATATGAGTAGTT-1,0.003898,0.000091,0.000091,0.489934,0.505986
AGTGATTCAAGCAGGA-1,0.065285,0.000095,0.018482,0.408116,0.508022
AGTGCGTAGCTCGTAA-1,0.000156,0.000156,0.000156,0.744474,0.255059
AGTGCTTGCACGAATA-1,0.000068,0.000068,0.249658,0.367739,0.382467
AGTGGCGGCAATTTGA-1,0.000534,0.000534,0.000535,0.861843,0.136553
AGTGGCTCCGTCGGCC-1,0.000151,0.000151,0.000151,0.895108,0.10444
AGTGGTGTTACCCGTG-1,0.007962,0.000304,0.000304,0.810122,0.181308
AGTGGTTGCGTATAGG-1,0.000318,0.000318,0.000318,0.997776,0.001271
AGTGTATTGCGCATTG-1,0.0113,0.000836,0.000836,0.777118,0.20991
AGTGTGGTCTATTGTG-1,0.00029,0.00029,0.085102,0.696772,0.217546
AGTTAAACACTTGCGA-1,0.017784,0.000101,0.000101,0.893979,0.088035
AGTTAAGCGGTCCCGG-1,0.000487,0.000488,0.000488,0.859219,0.139318
AGTTAAGTCAACCGCT-1,0.015893,0.000181,0.000181,0.776813,0.206932
AGTTACCCTTAAGACT-1,0.000426,0.000426,0.000426,0.435851,0.562871
AGTTACCGCACATGGT-1,0.000141,0.000141,0.094413,0.646168,0.259137
AGTTACTCTATCGTGG-1,0.000896,0.000896,0.000897,0.993724,0.003587
AGTTCACCGGTTGGAC-1,0.001355,0.001356,0.001356,0.002711,0.993222
AGTTCCTATTTATGTT-1,0.00011,0.00011,0.00011,0.999229,0.000441
