Barcode,Topic 1,Topic 2,Topic 3to5,Topic 6to7,Topic 8to10
AAACAAGTATCTCCCA-1,0.000049,0.025852,0.630424,0.181771,0.161905
AAACACCAATAACTGC-1,0.012599,0.123977,0.30973,0.526026,0.027668
AAACAGAGCGACTCCT-1,0.000062,0.000062,0.000186,0.216894,0.782796
AAACAGCTTTCAGAAG-1,0.000029,0.002911,0.682418,0.036097,0.278545
AAACAGGGTCTATATT-1,0.000089,0.03696,0.29894,0.219288,0.444723
AAACATGGTGAGAGGA-1,0.055987,0.026744,0.086913,0.354486,0.47587
AAACATTTCCCGGATT-1,0.018518,0.045883,0.148683,0.212646,0.57427
AAACCCGAACGAAATC-1,0.000043,0.014966,0.052485,0.564529,0.367977
AAACCGGAAATGTTAA-1,0.000026,0.282497,0.120955,0.383701,0.212821
AAACCGGGTAGGTACC-1,0.00003,0.010782,0.223189,0.515931,0.250069
AAACCGTTCGTCCAGG-1,0.000045,0.074175,0.038645,0.514329,0.372805
AAACCTAAGCAGCCGG-1,0.003821,0.012132,0.287935,0.022376,0.673737
AAACCTCATGAAGTTG-1,0.000035,0.012434,0.248595,0.526519,0.212417
AAACGAAGATGGAGTA-1,0.000039,0.030517,0.385335,0.307928,0.276181
AAACGAGACGGTTGAT-1,0.000019,0.000019,0.289031,0.027318,0.683612
AAACGGGCGTACGGGT-1,0.000042,0.026058,0.158686,0.59711,0.218104
AAACGGTTGCGAACTG-1,0.020001,0.819968,0.06001,0.040013,0.060009
AAACGTGTTCGCCCTA-1,0.000033,0.000033,0.21974,0.077981,0.702213
AAACTAACGTGGCGAC-1,0.000035,0.039178,0.045195,0.245395,0.670197
AAACTCGTGATATAAG-1,0.000258,0.243344,0.60862,0.147005,0.000773
AAACTGCTGGCTCCAA-1,0.000339,0.000339,0.001017,0.072063,0.926241
AAACTTAATTGCACGC-1,0.000048,0.000048,0.464943,0.224551,0.31041
AAACTTGCAAACGTAT-1,0.10551,0.000107,0.461902,0.2006,0.231882
AAAGAATGACCTTAGA-1,0.000118,0.000544,0.000354,0.287985,0.710999
AAAGACCCAAGTCGCG-1,0.000216,0.000216,0.000648,0.099541,0.899378
AAAGACTGGGCGCTTT-1,0.00001,0.015358,0.795487,0.048608,0.140538
AAAGCTTGCCTACATA-1,0.000018,0.006859,0.892094,0.021007,0.080022
AAAGGCCCTATAATAC-1,0.07252,0.017106,0.394957,0.285701,0.229716
AAAGGCTACGGACCAT-1,0.000294,0.41148,0.075224,0.360618,0.152383
AAAGGGATGTAGCAAG-1,0.000113,0.044369,0.127801,0.044133,0.783584
AAAGGGCAGCTTGAAT-1,0.000019,0.011148,0.452311,0.123135,0.413386
AAAGGTAAGCTGTACC-1,0.014583,0.048181,0.226171,0.378465,0.332599
AAAGTAGCATTGCTCA-1,0.000029,0.014207,0.79419,0.029933,0.16164
AAAGTCACTGATGTAA-1,0.000345,0.110244,0.001035,0.12594,0.762436
AAAGTCGACCCTCAGT-1,0.000055,0.014383,0.041531,0.502106,0.441925
AAAGTGCCATCAATTA-1,0.000035,0.065743,0.004606,0.630664,0.298952
AAAGTGTGATTTATCT-1,0.000081,0.000081,0.574405,0.091687,0.333745
AAAGTTGACTCCCGTA-1,0.000066,0.000066,0.729094,0.031788,0.238987
AAATAACCATACGGGA-1,0.000023,0.003422,0.377892,0.018769,0.599894
AAATAAGGTAGTGCCC-1,0.000023,0.005332,0.612716,0.266863,0.115066
AAATACCTATAAGCAT-1,0.00029,0.00029,0.00087,0.240153,0.758398
AAATAGCTTAGACTTT-1,0.000055,0.000055,0.271083,0.309841,0.418967
AAATAGGGTGCTATTG-1,0.000332,0.000332,0.28502,0.050046,0.664269
AAATCCGATACACGCC-1,0.013462,0.000109,0.358392,0.002227,0.625811
AAATCGCGGAAGGAGT-1,0.041988,0.037948,0.349771,0.392148,0.178144
AAATCTAGCCCTGCTA-1,0.00098,0.043097,0.000415,0.173114,0.782395
AAATGATTCGATCAGC-1,0.000048,0.034309,0.144827,0.420603,0.400213
AAATGCTCGTTACGTT-1,0.000107,0.000107,0.000321,0.325887,0.673578
AAATGGCATGTCTTGT-1,0.000266,0.000266,0.000798,0.000532,0.998138
AAATGGCCCGTGCCCT-1,0.000102,0.015205,0.482094,0.103611,0.398988
AAATGGTCAATGTGCC-1,0.000032,0.004884,0.265093,0.206276,0.523716
AAATGTATCTTATCCC-1,0.000083,0.000083,0.546285,0.069051,0.384498
AAATTAATAAGCGCGA-1,0.000009,0.006555,0.732938,0.023374,0.237124
AAATTACACGACTCTG-1,0.000046,0.000357,0.000137,0.25152,0.74794
AAATTACCTATCGATG-1,0.000008,0.014794,0.943886,0.021201,0.020111
AAATTCCAGGTCCAAA-1,0.000038,0.031928,0.249908,0.455776,0.26235
AAATTGATAGTCCTTT-1,0.000049,0.032646,0.482707,0.177744,0.306853
AAATTGCGGCGGTTCT-1,0.00006,0.00006,0.639394,0.030799,0.329688
AAATTGGTGAGAAGCA-1,0.000044,0.072165,0.090218,0.138634,0.698938
AAATTTGCGGGTGTGG-1,0.000046,0.013279,0.080507,0.371203,0.534965
AACAACTGGTAGTTGC-1,0.000019,0.007302,0.680037,0.160862,0.151781
AACAATACATTGTCGA-1,0.000041,0.077365,0.053613,0.464847,0.404134
AACAATTACTCTACGC-1,0.050294,0.040256,0.193308,0.303996,0.412146
AACACACGCTCGCCGC-1,0.000093,0.000093,0.307897,0.005019,0.686899
AACACGACTGTACTGA-1,0.000538,0.000538,0.001613,0.204004,0.793307
AACACGAGACGCGGCC-1,0.000068,0.019899,0.382783,0.245987,0.351264
AACACGCGGCCGCGAA-1,0.000031,0.000031,0.383674,0.115345,0.50092
AACAGCTGTGTGGCAA-1,0.000041,0.024705,0.137003,0.178624,0.659628
AACAGGAAATCGAATA-1,0.000197,0.000197,0.00059,0.000393,0.998624
AACAGGATGGGCCGCG-1,0.000033,0.01323,0.33004,0.195911,0.460786
AACAGGTAGTATGGAT-1,0.000046,0.009875,0.191861,0.400068,0.39815
AACATATCAACTGGTG-1,0.000017,0.013818,0.570674,0.091399,0.324092
AACATCGATACGTCTA-1,0.000034,0.014287,0.272804,0.315104,0.397772
AACATTGAAGTTGATC-1,0.286618,0.294649,0.12671,0.244741,0.047282
AACATTGGTCAGCCGT-1,0.000141,0.047118,0.144897,0.387632,0.420212
AACATTGTGACTCGAG-1,0.00004,0.450285,0.000119,0.510633,0.038925
AACCAAGACTTCTCTG-1,0.089986,0.002077,0.047475,0.350776,0.509687
AACCATAGGGTTGAAC-1,0.000029,0.011034,0.843145,0.016016,0.129777
AACCATGGGATCGCTA-1,0.00006,0.00006,0.101622,0.293202,0.605056
AACCCAGAGACGGAGA-1,0.00004,0.006455,0.610212,0.129906,0.253386
AACCCATCCCATGATC-1,0.000116,0.000116,0.000347,0.419171,0.580251
AACCCGAGCAGAATCG-1,0.00005,0.068645,0.218495,0.502279,0.210531
AACCCTACTGTCAATA-1,0.000064,0.056631,0.432784,0.098443,0.412078
AACCCTGGTGGAACCA-1,0.000209,0.000209,0.000628,0.462111,0.536843
AACCGAGCTTGGTCAT-1,0.000086,0.000086,0.000257,0.00538,0.994191
AACCGCTAAGGGATGC-1,0.015563,0.023011,0.062188,0.255365,0.643873
AACCGTTGTGTTTGCT-1,0.000488,0.140738,0.001464,0.000976,0.856335
AACCTCGCTTTAGCCC-1,0.000068,0.049815,0.000205,0.159145,0.790767
AACCTGTCACGGAATT-1,0.000037,0.034155,0.152767,0.64606,0.166982
AACCTTTAAATACGGT-1,0.000562,0.000562,0.07461,0.001124,0.923142
AACCTTTACGACGTCT-1,0.000046,0.011646,0.168884,0.058467,0.760957
AACGAAAGTCGTCCCA-1,0.000045,0.000045,0.224978,0.103821,0.671111
AACGATAATGCCGTAG-1,0.000151,0.007451,0.072658,0.036592,0.883147
AACGATAGAAGGGCCG-1,0.034892,0.000229,0.297366,0.212941,0.454571
AACGATATGTCAACTG-1,0.000073,0.000073,0.00022,0.066731,0.932902
AACGCATGATCTGGGT-1,0.000036,0.011628,0.29073,0.256017,0.441589
AACGCGAACGGCAACA-1,0.000169,0.000169,0.000507,0.000338,0.998817
AACGCGGTCTCCAGCC-1,0.000085,0.000085,0.000254,0.00017,0.999407
AACGCTGTTGCTGAAA-1,0.00011,0.000415,0.58417,0.14592,0.269385
AACGGACGTACGTATA-1,0.000038,0.000038,0.392063,0.02557,0.582291
AACGGCCATCTCCGGT-1,0.000016,0.013274,0.761738,0.15467,0.070302
AACGTACTGTGGGTAC-1,0.000035,0.089363,0.270021,0.434473,0.206108
AACGTCAGACTAGTGG-1,0.00008,0.00008,0.043157,0.636673,0.320011
AACGTGATGAAGGACA-1,0.000089,0.000089,0.000268,0.000179,0.999375
AACGTGCGAAAGTCTC-1,0.000035,0.000035,0.161668,0.000069,0.838194
AACGTTATCAGCACCT-1,0.000022,0.000322,0.474279,0.166793,0.358584
AACTACCCGTTTGTCA-1,0.000039,0.067033,0.056604,0.428533,0.447791
AACTCAAGTTAATTGC-1,0.000041,0.123177,0.097592,0.724208,0.054982
AACTCCAGAGCGTGTT-1,0.069388,0.022994,0.011481,0.099396,0.796741
AACTCCTAATCCCATG-1,0.000058,0.005583,0.102298,0.170752,0.721309
AACTCGATAAACACGT-1,0.00011,0.00011,0.395644,0.003162,0.600974
AACTCGATGGCGCAGT-1,0.000029,0.005015,0.732298,0.162287,0.100371
AACTCTCAATAGAGCG-1,0.000039,0.032103,0.141192,0.116266,0.7104
AACTCTCAGTGTGCTC-1,0.000058,0.026735,0.1106,0.506935,0.355671
AACTGAGGTCAGCGTC-1,0.000032,0.017477,0.275846,0.036982,0.669663
AACTGAGTTATACTGA-1,0.000024,0.315886,0.038365,0.475131,0.170594
AACTGATATTAGGCCT-1,0.000082,0.034056,0.000247,0.087756,0.877859
AACTGGGTCCCGACGT-1,0.000064,0.000064,0.000192,0.000251,0.999428
AACTGGTGTGGGCCTT-1,0.000397,0.000397,0.001191,0.409488,0.588527
AACTTCTGCGTCTATC-1,0.000083,0.000083,0.060545,0.297082,0.642207
AACTTGCCCGTATGCA-1,0.000034,0.003387,0.190057,0.494177,0.312345
AACTTGCGTTCTCGCG-1,0.000028,0.000028,0.376123,0.030082,0.593738
AACTTTACGGGAGCTT-1,0.000014,0.007195,0.649191,0.057919,0.285681
AACTTTCTCGATCATG-1,0.000034,0.007402,0.411297,0.166358,0.414908
AAGAAATCACCAGATT-1,0.000045,0.003183,0.081552,0.284585,0.630634
AAGAAGGATCAGTTAG-1,0.00005,0.025721,0.185667,0.114498,0.674064
AAGACATACGTGGTTT-1,0.432083,0.144831,0.09538,0.246569,0.081137
AAGACCAAATAACTCA-1,0.007001,0.008381,0.420837,0.33125,0.232531
AAGACCCAACTGAACA-1,0.000165,0.61439,0.141938,0.102091,0.141417
AAGACTGCAAGCTACT-1,0.000158,0.017891,0.353061,0.359833,0.269058
AAGAGATGAATCGGTA-1,0.000013,0.020986,0.816748,0.108549,0.053704
AAGAGCTCTTTATCGG-1,0.000032,0.000032,0.135877,0.000064,0.863995
AAGAGGATGTACGCGA-1,0.000043,0.002357,0.032522,0.920252,0.044826
AAGAGGCATGGATCGC-1,0.012999,0.025124,0.229856,0.11035,0.621671
AAGAGGCCCTTTGGAA-1,0.000052,0.008837,0.718715,0.108221,0.164176
AAGATGGCACCGGACC-1,0.000042,0.019352,0.000308,0.582103,0.398195
AAGATTGGCGGAACGT-1,0.000011,0.000759,0.792281,0.008534,0.198415
AAGCATACTCTCCTGA-1,0.000606,0.000606,0.001819,0.122109,0.87486
AAGCCGAAGCGGTTTA-1,0.000059,0.027841,0.123447,0.431309,0.417344
AAGCCGCCGTGAAATC-1,0.000028,0.002592,0.769363,0.054516,0.173501
AAGCCGCTTTACCTTG-1,0.000032,0.019614,0.413371,0.068724,0.498259
AAGCCGGAGAGCAGGA-1,0.000027,0.265615,0.162562,0.432777,0.139019
AAGCGGAGTGCGCGCA-1,0.000273,0.212828,0.000818,0.087991,0.69809
AAGCGGCGTCATGGGT-1,0.000326,0.000326,0.249781,0.452569,0.296999
AAGCGTCCCTCATCGA-1,0.000034,0.026564,0.499825,0.236175,0.237402
AAGCTAGATCGAGTAA-1,0.000633,0.000633,0.521053,0.001266,0.476414
AAGCTCGTGCCAAGTC-1,0.000031,0.000031,0.182099,0.000062,0.817778
AAGCTCTTTCATGGTG-1,0.000089,0.000089,0.000266,0.036891,0.962666
AAGGAGCGGTTGGTGC-1,0.000076,0.000076,0.271872,0.303973,0.424003
AAGGATCGATCGCTTG-1,0.000072,0.051173,0.145411,0.370303,0.433042
AAGGATGAGGGACCTC-1,0.000014,0.007207,0.741892,0.046453,0.204435
AAGGCAGGCTGTCTCC-1,0.000038,0.022685,0.003058,0.824681,0.149538
AAGGCGCGTAAAGCTT-1,0.000041,0.000041,0.050868,0.040908,0.908142
AAGGCTGTGCTCATCG-1,0.000025,0.058045,0.644404,0.256245,0.041281
AAGGGAACGACTGGCT-1,0.00081,0.011617,0.736976,0.136267,0.114331
AAGGGACAGATTCTGT-1,0.000011,0.038293,0.750974,0.045118,0.165603
AAGGGACTATGCATTC-1,0.000035,0.035574,0.695936,0.160419,0.108036
AAGGGTTTGATTTCAG-1,0.00006,0.021235,0.126509,0.323078,0.529118
AAGGTATCCTAATATA-1,0.000013,0.015529,0.677462,0.011192,0.295805
AAGGTGATAAACCAGC-1,0.000063,0.029521,0.112778,0.207974,0.649664
AAGTAGAAGACCGGGT-1,0.000153,0.000153,0.00046,0.015381,0.983852
AAGTAGTGACGCGAGG-1,0.000047,0.022176,0.088654,0.823098,0.066026
AAGTCAATTGTCGTCA-1,0.000071,0.051855,0.223333,0.56562,0.159122
AAGTCTAGTAGCTGCC-1,0.000053,0.015169,0.115309,0.217797,0.651673
AAGTCTTCTGTGGCCT-1,0.000041,0.000041,0.071566,0.316036,0.612315
AAGTGACGACCGAATT-1,0.000039,0.00775,0.059649,0.668294,0.264267
AAGTGAGTCGGGTTTA-1,0.000057,0.417504,0.000171,0.509286,0.072982
AAGTGCAAAGGTAGAC-1,0.00001,0.004073,0.682925,0.040349,0.272643
AAGTGCCTTGACTGTA-1,0.000124,0.000124,0.082524,0.346604,0.570625
AAGTGCGTTAGAATCT-1,0.000106,0.070787,0.085102,0.470718,0.373287
AAGTGTTTGGAGACGG-1,0.00018,0.00018,0.00054,0.00036,0.998741
AAGTTCACTCCAAGCT-1,0.029743,0.000039,0.094453,0.228201,0.647564
AAGTTCAGTCTGCGTA-1,0.000029,0.033313,0.484391,0.168825,0.313442
AAGTTCGGCCAACAGG-1,0.004798,0.0031,0.03057,0.57844,0.383093
AAGTTGTGATGTTATA-1,0.000058,0.063462,0.12926,0.413189,0.394032
AATAACAACGCTCGGC-1,0.014269,0.008159,0.007822,0.712791,0.256958
AATAACACTAGAACAA-1,0.000026,0.057235,0.411897,0.33982,0.191021
AATAATCTTCGTATCG-1,0.000024,0.093454,0.307033,0.384024,0.215465
AATACAATGTTTCAGG-1,0.000022,0.000022,0.511794,0.153383,0.33478
AATAGAACAGAGTGGC-1,0.000033,0.14245,0.000099,0.763813,0.093605
AATAGAATCTGTTTCA-1,0.042001,0.000051,0.064317,0.000102,0.893529
AATAGCAAGCCTCCTG-1,0.000078,0.000078,0.000235,0.048505,0.951102
AATAGCTACCGCGTGC-1,0.031057,0.018645,0.433995,0.061563,0.45474
AATAGTCGCGAGTCGG-1,0.000008,0.000008,0.721247,0.006765,0.271972
AATATCAAGGTCGGAT-1,0.00007,0.026096,0.000209,0.298996,0.674629
AATATCCTAGCAAACT-1,0.04526,0.003995,0.280429,0.275012,0.395303
AATATCGAATCAATGC-1,0.000058,0.062526,0.012821,0.42702,0.497575
AATATCGAGGGTTCTC-1,0.00002,0.000721,0.606287,0.061632,0.331341
AATATTGGAGTATTGA-1,0.000058,0.087685,0.002108,0.382713,0.527436
AATCAGACTGCAGGAC-1,0.000275,0.000275,0.458115,0.28874,0.252595
AATCATGTAAAGACTC-1,0.000106,0.000106,0.15944,0.01203,0.828318
AATCCAAGGGCCTGAG-1,0.000195,0.000195,0.000586,0.022012,0.977011
AATCCATGCAAGGGTG-1,0.000203,0.013116,0.227305,0.467536,0.291839
AATCGCCTCAGCGCCA-1,0.023727,0.000076,0.000228,0.214034,0.761936
AATCGCGCAGAGGACT-1,0.000036,0.03948,0.01934,0.892772,0.048373
AATCGGTATAGCCCTC-1,0.005774,0.112545,0.27273,0.285899,0.323053
AATCGTGAGCCGAGCA-1,0.000077,0.063654,0.051504,0.427687,0.457077
AATCTAGGTTTACTTG-1,0.000057,0.063258,0.688143,0.063101,0.18544
AATCTATGCCGGAGCC-1,0.024519,0.049055,0.632405,0.059689,0.234333
AATCTCTACTGTGGTT-1,0.000032,0.000032,0.52216,0.049454,0.428321
AATCTGCGTTGGGACG-1,0.000023,0.001072,0.427932,0.031159,0.539815
AATCTGGCTTTCTAGT-1,0.00012,0.00012,0.098956,0.175951,0.724853
AATGACAGCAATGTCT-1,0.000067,0.021743,0.036408,0.697826,0.243955
AATGACGTAGGATGTC-1,0.040303,0.036557,0.137556,0.050385,0.735199
AATGACTGTCAGCCGG-1,0.000071,0.000071,0.000214,0.2741,0.725543
AATGAGTTCGCATATG-1,0.000087,0.024739,0.062776,0.232084,0.680313
AATGATGATACGCTAT-1,0.001736,0.031099,0.402835,0.261965,0.302364
AATGATGCGACTCCTG-1,0.000036,0.019114,0.382395,0.15176,0.446696
AATGCACCAAGCAATG-1,0.000026,0.039609,0.243768,0.188725,0.527872
AATGGTCCACCGTTCA-1,0.000024,0.021347,0.623347,0.094461,0.26082
AATGGTTCTCACAAGC-1,0.000361,0.000361,0.001083,0.291339,0.706855
AATGTATGGCACTGTA-1,0.000071,0.007157,0.019539,0.413649,0.559584
AATGTGCCCGAGGTGT-1,0.00006,0.035973,0.289411,0.427729,0.246826
AATGTGCTAATCTGAG-1,0.182865,0.227969,0.166542,0.343278,0.079346
AATGTTGTCGTGAGAC-1,0.004824,0.047906,0.281217,0.091543,0.57451
AATTAAAGGTCGGCGT-1,0.000089,0.093736,0.093061,0.495694,0.31742
AATTAACGGATTTCCA-1,0.002084,0.002084,0.006252,0.004168,0.985412
AATTACGAGACCCATC-1,0.00004,0.00004,0.153225,0.846575,0.00012
AATTACTCGTACGCTC-1,0.00009,0.00009,0.131768,0.204925,0.663126
AATTAGCGCTGCAGCG-1,0.00021,0.200392,0.397231,0.049913,0.352253
AATTCATAAGGGATCT-1,0.000012,0.017069,0.866255,0.019615,0.097049
AATTCATTGTCATGCA-1,0.00005,0.022717,0.948349,0.002427,0.026457
AATTCCAACTTGGTGA-1,0.000174,0.000174,0.488824,0.102598,0.408231
AATTCCAAGCATGTAC-1,0.012503,0.012503,0.912475,0.025007,0.037513
AATTCGATTCGAGGAT-1,0.000238,0.01619,0.379046,0.302741,0.301785
AATTCTAGAGTTAGGC-1,0.00026,0.079526,0.318623,0.413643,0.187948
AATTGAACGCTCTGGT-1,0.000072,0.000072,0.000215,0.070358,0.929282
AATTGCAGCAATCGAC-1,0.000042,0.054997,0.671353,0.150686,0.122922
AATTGCGTGGATTACA-1,0.382007,0.276373,0.104196,0.193403,0.044021
AATTGTGGTTGCCAAA-1,0.000024,0.103076,0.172849,0.320482,0.403569
AATTTGGGACATAGTA-1,0.000069,0.051751,0.138611,0.380398,0.429171
AATTTGGTTCCAAAGA-1,0.000109,0.062686,0.122408,0.106092,0.708704
ACAAACCATGCGTCCT-1,0.000052,0.002784,0.080917,0.469743,0.446504
ACAAAGAAGGTAGGCC-1,0.000034,0.000034,0.233504,0.194903,0.571525
ACAAAGCATGACCTAG-1,0.000038,0.055636,0.651112,0.234233,0.058981
ACAAATCGCACCGAAT-1,0.000261,0.000261,0.000784,0.000522,0.998172
ACAAATGGTAGTGTTT-1,0.000043,0.000043,0.100623,0.117016,0.782274
ACAAATTCAGATCTGA-1,0.00003,0.00003,0.556865,0.004354,0.43872
ACAACAGCATGAGCTA-1,0.000042,0.000042,0.000126,0.000084,0.999706
ACAACGGTCCCTGCGA-1,0.000009,0.000009,0.752714,0.123586,0.123683
ACAAGCAGTGCCTAGC-1,0.000029,0.026963,0.414561,0.392509,0.165937
ACAAGCTATATGGAAG-1,0.000024,0.048276,0.376223,0.254977,0.3205
ACAAGGAAATCCGCCC-1,0.000172,0.000172,0.210509,0.20988,0.579267
ACAAGGACAAGAGGTT-1,0.000018,0.035987,0.597869,0.300518,0.065608
ACAAGGATGCTTTAGG-1,0.000294,0.000294,0.000883,0.000588,0.997941
ACAAGGGCAGGCTCTG-1,0.000542,0.05762,0.000164,0.048485,0.893189
ACAATAGTCGTACGTT-1,0.000039,0.010245,0.607806,0.200304,0.181606
ACAATCCATTTAAACC-1,0.000037,0.051273,0.080643,0.860723,0.007324
ACAATGAATACGGAGA-1,0.000035,0.022499,0.421735,0.180031,0.3757
ACAATGATTCTTCTAC-1,0.000034,0.000034,0.188051,0.016191,0.795689
ACAATTGTGTCTCTTT-1,0.000088,0.060143,0.129729,0.119433,0.690607
ACAATTTAGGAGGCTC-1,0.000031,0.000031,0.340979,0.231896,0.427062
ACAATTTGAGCAGTGG-1,0.000028,0.000028,0.271445,0.008284,0.720215
ACAATTTGGCCATATT-1,0.000029,0.108612,0.141037,0.698477,0.051846
ACACAAATATTCCTAG-1,0.00004,0.109412,0.00012,0.130304,0.760124
ACACACCAGGACCAGT-1,0.000055,0.000055,0.006228,0.170368,0.823295
ACACACTTTCTACACG-1,0.000614,0.000614,0.418295,0.001227,0.57925
ACACATGATCAAATCT-1,0.000044,0.064682,0.187603,0.131359,0.616312
ACACATTGACGCAACA-1,0.000078,0.000078,0.000234,0.206072,0.793538
ACACCACATAATTAGC-1,0.000023,0.037997,0.532603,0.280808,0.14857
ACACCCAGCATGCAGC-1,0.000042,0.005784,0.379276,0.032995,0.581903
ACACCCGAGAAATCCG-1,0.005637,0.066319,0.154185,0.637614,0.136246
ACACCGAGCGCTCTTT-1,0.000067,0.000067,0.141018,0.216923,0.641926
ACACCGGTCTGACCGC-1,0.000075,0.000075,0.016524,0.24759,0.735736
ACACCTTAAGTAGGGC-1,0.00009,0.063404,0.155355,0.252878,0.528272
ACACCTTACTACTTGC-1,0.000072,0.000072,0.078715,0.788067,0.133075
ACACGAGACTCCTTCT-1,0.03748,0.000054,0.235216,0.000108,0.727142
ACACGGGAACTTAGGG-1,0.000105,0.000105,0.000316,0.00057,0.998903
ACACGTAGGCCACAAG-1,0.000046,0.084832,0.58056,0.146554,0.188008
ACACTCCAATGTCACT-1,0.00004,0.000446,0.185455,0.227264,0.586795
ACACTGATCAAGGTGT-1,0.000008,0.983158,0.016792,0.000017,0.000025
ACACTGGGACAGTCGT-1,0.000039,0.017601,0.551455,0.240086,0.190819
ACAGAACTGAGAACAA-1,0.000045,0.005548,0.383231,0.28447,0.326706
ACAGCGACATTCTCAT-1,0.04418,0.000155,0.063715,0.232676,0.659274
ACAGCGCACCCGCAGC-1,0.000188,0.029618,0.028423,0.010471,0.931299
ACAGGAGGCGCAGCCG-1,0.000313,0.000313,0.000938,0.098045,0.900392
ACAGGCTTGCCCGACT-1,0.060768,0.000045,0.000136,0.089861,0.849189
ACAGGTGGAGGTGAGG-1,0.000033,0.055775,0.242012,0.383165,0.319015
ACAGGTGTGTTGTTGC-1,0.000032,0.025119,0.472399,0.098187,0.404263
ACAGTAATACAACTTG-1,0.000065,0.006127,0.364556,0.244019,0.385233
ACAGTATACCGTGGGA-1,0.00003,0.029734,0.605604,0.202356,0.162276
ACATAAGTCGTGGTGA-1,0.000046,0.04783,0.417841,0.099527,0.434755
ACATAATAAGGCGGTG-1,0.000121,0.000121,0.000363,0.000242,0.999152
ACATCAGCTGGGACGC-1,0.000055,0.009752,0.292762,0.190998,0.506433
ACATCCTGGTAACTGT-1,0.000122,0.000122,0.331411,0.317564,0.350781
ACATCGGTCAGCCGCG-1,0.000036,0.061951,0.022188,0.681417,0.234408
ACATCGTATGCAATGG-1,0.000064,0.000064,0.007088,0.128864,0.86392
ACATCGTTAACCTAGT-1,0.000106,0.000106,0.056588,0.200867,0.742334
ACATGGCGCCAAAGTA-1,0.000188,0.083763,0.138436,0.558279,0.219335
ACATGGCTCAATTTAG-1,0.000153,0.000153,0.000459,0.225741,0.773494
ACCAAACACCCAGCGA-1,0.000033,0.034259,0.05693,0.294915,0.613864
ACCAACACCACACACT-1,0.000026,0.03927,0.52813,0.166158,0.266416
ACCAACCGCACTCCAC-1,0.000089,0.112307,0.263928,0.152455,0.47122
ACCAACGCTTATTTAT-1,0.000011,0.941682,0.019825,0.03845,0.000032
ACCAAGAACGCGTGTC-1,0.000399,0.000399,0.001196,0.176289,0.821719
ACCAAGTCATCGGCAG-1,0.000059,0.05439,0.424496,0.359448,0.161608
ACCAATATGCAAGTTA-1,0.000056,0.000056,0.825992,0.000111,0.173785
ACCACAAGTTTCTATC-1,0.00006,0.037655,0.445772,0.210688,0.305825
ACCACCAATGTAACAA-1,0.000016,0.018356,0.968745,0.012787,0.000096
ACCACCCTCTCTTCTA-1,0.000057,0.067214,0.462697,0.372359,0.097673
ACCACGTGCAGCTATA-1,0.008752,0.00003,0.147102,0.528453,0.315664
ACCACTGTTCAAGAAG-1,0.000036,0.052489,0.035499,0.284695,0.627281
ACCAGACCATAACAAC-1,0.000061,0.000061,0.091159,0.419902,0.488817
ACCAGTGCCCGGTCAA-1,0.000035,0.000046,0.139069,0.135082,0.725768
ACCAGTGCGGGAGACG-1,0.000148,0.000148,0.6869,0.000295,0.31251
ACCATCCGCCAACTAG-1,0.054467,0.000099,0.267068,0.098817,0.579549
ACCATCGTATATGGTA-1,0.000051,0.042812,0.069309,0.807547,0.08028
ACCATTAAGGGTGTCA-1,0.000076,0.024976,0.011754,0.221309,0.741884
ACCCAACGCCCGTGGC-1,0.000012,0.005296,0.709299,0.052594,0.232799
ACCCACCTACATGCTC-1,0.000017,0.018825,0.589398,0.135828,0.255933
ACCCATCTTGAGGGTA-1,0.000044,0.039096,0.000132,0.960597,0.000132
ACCCATTTGTCCCTCT-1,0.000116,0.099952,0.246105,0.330476,0.32335
ACCCGAGCGAAATTAC-1,0.000051,0.004038,0.458572,0.295051,0.242287
ACCCGGAAACTCCCAG-1,0.127191,0.002223,0.006669,0.004446,0.859471
ACCCGGAGCACCACAA-1,0.000021,0.254652,0.147857,0.458386,0.139084
ACCCGGATGACGCATC-1,0.000032,0.059614,0.76857,0.031821,0.139962
ACCCGGTTACACTTCC-1,0.000453,0.578025,0.030514,0.390891,0.000118
ACCCGTAGTCTAGTTG-1,0.000021,0.118938,0.015665,0.553523,0.311853
ACCCGTGTCATCAGTA-1,0.000097,0.579997,0.00029,0.393719,0.025898
ACCCTATAGGACTGAG-1,0.000021,0.000021,0.832242,0.015115,0.152602
ACCCTATGCCATATCG-1,0.000049,0.05774,0.212559,0.359137,0.370514
ACCCTCCCTTGCTATT-1,0.05282,0.000086,0.682723,0.06792,0.196452
ACCCTGGTAACGCCCT-1,0.000022,0.272556,0.127559,0.108892,0.490971
ACCCTTCATCTGCGAA-1,0.000152,0.000152,0.1465,0.000305,0.852891
ACCCTTGCCTGGGTCG-1,0.000067,0.00345,0.000202,0.224178,0.772102
ACCGAAGAGTCTGGTT-1,0.000092,0.000092,0.493998,0.25373,0.252088
ACCGACACATCTCCCA-1,0.000606,0.044573,0.557382,0.275151,0.122287
ACCGACTGAGTCCCAC-1,0.002277,0.000056,0.089896,0.000112,0.90766
ACCGATAGGCATAACC-1,0.000021,0.153363,0.404675,0.333312,0.108629
ACCGATATTTAATCAT-1,0.000028,0.126315,0.205938,0.451072,0.216647
ACCGATGGTAGCATCG-1,0.000045,0.014497,0.396226,0.306788,0.282444
ACCGCAATAACTGCCT-1,0.000055,0.03296,0.176603,0.08292,0.707463
ACCGCGGTGGAAGTCG-1,0.000049,0.034669,0.174128,0.279488,0.511666
ACCGGGCCTTTGTTGA-1,0.00005,0.044913,0.495012,0.162487,0.297538
ACCGGTCAGGTACACC-1,0.000104,0.000104,0.023193,0.45763,0.518969
ACCGTCCACTGGGCCC-1,0.02851,0.000023,0.330454,0.021982,0.619031
ACCGTGACCACGTGGG-1,0.000056,0.087755,0.000168,0.302187,0.609835
ACCTAAGTACCTTTCA-1,0.000054,0.061942,0.455805,0.160346,0.321853
ACCTAATCGACTTCCT-1,0.000027,0.047974,0.551481,0.346496,0.054022
ACCTACAGTATGTGGT-1,0.000048,0.019232,0.017615,0.960363,0.002742
ACCTACTATAAATCTA-1,0.000044,0.159247,0.230723,0.182307,0.427679
ACCTCCGCCCTCGCTG-1,0.0002,0.062048,0.936754,0.000399,0.000599
ACCTCCGTTATTCACC-1,0.006539,0.030688,0.172137,0.790529,0.000106
ACCTCGAACTTATGCT-1,0.000053,0.000053,0.569336,0.371346,0.059212
ACCTGCGTGTCATGTT-1,0.000048,0.039843,0.467961,0.244182,0.247966
ACGAAATGGGCGGCAC-1,0.000028,0.015087,0.77936,0.158996,0.046529
ACGACCCATGAGTTGC-1,0.000028,0.336356,0.008778,0.400393,0.254445
ACGACTGGTCATACTC-1,0.000023,0.073626,0.465799,0.319197,0.141355
ACGAGAACCCATCACG-1,0.000027,0.000027,0.194098,0.172489,0.633359
ACGAGATATTTGCTTA-1,0.000353,0.000353,0.00106,0.000707,0.997526
ACGAGGATACCACTCT-1,0.000088,0.000088,0.66142,0.162261,0.176143
ACGAGGTTTACAACGT-1,0.000094,0.121087,0.253917,0.105024,0.519877
ACGAGTACGGATGCCC-1,0.000029,0.017284,0.450916,0.132534,0.399238
ACGAGTCGCCGGCGTT-1,0.0204,0.000064,0.415187,0.086903,0.477447
ACGATACATAGAACTA-1,0.000042,0.000044,0.173218,0.10067,0.726025
ACGATACCTATCCTGA-1,0.000016,0.041966,0.578283,0.079429,0.300306
ACGATCATACATAGAG-1,0.000221,0.000221,0.000662,0.000442,0.998454
ACGATCATCTTGTAAA-1,0.000067,0.010767,0.325631,0.273868,0.389667
ACGATGCATATGTTAT-1,0.000035,0.190132,0.119631,0.636678,0.053525
ACGATGGATCCGATGC-1,0.000077,0.000077,0.00023,0.048127,0.95149
ACGCAAACTAATAGAT-1,0.000008,0.872507,0.114411,0.007091,0.005983
ACGCAATCACTACAGC-1,0.014603,0.075627,0.718533,0.03534,0.155897
ACGCATACGTTTACTA-1,0.000095,0.000095,0.171384,0.266729,0.561697
ACGCCAGATGATTTCT-1,0.000126,0.000126,0.000378,0.120329,0.879041
ACGCCGCTAGACGACC-1,0.000079,0.000079,0.000237,0.21741,0.782196
ACGCCTGACACGCGCT-1,0.028287,0.023576,0.194671,0.005256,0.74821
ACGCGCTACACAGGGT-1,0.000032,0.053436,0.497037,0.251519,0.197976
ACGCGTTTCTTAAGAG-1,0.000008,0.013836,0.707634,0.145731,0.132792
ACGCTAGTGATACACT-1,0.000033,0.000033,0.337534,0.142729,0.51967
ACGCTGTGAGGCGTAG-1,0.000102,0.097903,0.000305,0.36211,0.539579
ACGGAATTTAGCAAAT-1,0.000026,0.070319,0.485934,0.085537,0.358184
ACGGAGCGCAAATTAC-1,0.000035,0.024628,0.116781,0.281258,0.577299
ACGGATGGTGCGGATA-1,0.000298,0.000298,0.000893,0.081282,0.91723
ACGGCGACGATGGGAA-1,0.02074,0.064022,0.150617,0.428709,0.335912
ACGGCGGGTTGCCCTG-1,0.00004,0.00004,0.010332,0.308314,0.681275
ACGGCTGGATGTAGAA-1,0.000027,0.02768,0.847806,0.105448,0.019039
ACGGGAGTGTCGGCCC-1,0.023785,0.007341,0.004311,0.290038,0.674525
ACGGGCGTATGCGACA-1,0.000025,0.122773,0.413322,0.266674,0.197205
ACGGGTCATGTGACTT-1,0.00005,0.000834,0.05511,0.2255,0.718505
ACGTACAGATTTCTCT-1,0.000292,0.000292,0.019648,0.000583,0.979186
ACGTAGATTGCTGATG-1,0.000255,0.000255,0.000764,0.000509,0.998218
ACGTATTACTCCGATC-1,0.000054,0.000054,0.764912,0.016421,0.218559
ACGTCGGGCAACTCGG-1,0.000217,0.097485,0.445634,0.363908,0.092756
ACGTCTCGTTCCGGGA-1,0.000036,0.087242,0.394468,0.072013,0.446241
ACGTGACAAAGTAAGT-1,0.032283,0.074221,0.298796,0.570296,0.024404
ACGTGCGCCTCGTGCA-1,0.003031,0.003031,0.009093,0.628869,0.355975
ACGTTAATGTCGAAGA-1,0.000101,0.000101,0.018304,0.389269,0.592225
ACGTTAGATTTGCCCG-1,0.000044,0.15166,0.096386,0.739184,0.012726
ACGTTATTGGTCACTC-1,0.00895,0.010497,0.976198,0.002522,0.001832
ACGTTCGCAATCAATT-1,0.000028,0.040784,0.442334,0.45795,0.058905
ACGTTCGTTCAGGAAA-1,0.000054,0.083559,0.000163,0.763129,0.153096
ACGTTTAGTTGTGATC-1,0.000197,0.000197,0.270676,0.042603,0.686327
ACTAAGGACGCACACC-1,0.000328,0.138863,0.176317,0.29191,0.392582
ACTAATACGTCAGGCG-1,0.000074,0.000074,0.000223,0.305342,0.694287
ACTACATCCCGACAAG-1,0.000069,0.005115,0.077685,0.402558,0.514573
ACTACCAGCTCTCTGG-1,0.000073,0.0164,0.158158,0.083607,0.741761
ACTAGTTGCGATCGTC-1,0.000069,0.000069,0.03733,0.535343,0.42719
ACTATATGCTGTGTTC-1,0.000058,0.036072,0.084916,0.320178,0.558776
ACTATCCAGGGCATGG-1,0.000058,0.059618,0.087768,0.330712,0.521843
ACTATCGCCGGCTAAA-1,0.000578,0.000578,0.001735,0.001156,0.995953
ACTATCTGCCCGCGTA-1,0.000034,0.049053,0.749241,0.077844,0.123828
ACTATGTCCAGCTGCC-1,0.000048,0.007432,0.443338,0.216837,0.332345
ACTATTCGTCCGTGGT-1,0.000199,0.000199,0.025774,0.185443,0.788384
ACTATTTCCGGGCCCA-1,0.000056,0.042545,0.027279,0.501997,0.428123
ACTCAACGAATGTATT-1,0.000032,0.000032,0.396325,0.107077,0.496534
ACTCAAGTGCAAGGCT-1,0.000061,0.067644,0.090486,0.145008,0.696802
ACTCAATAAAGGCACG-1,0.000054,0.035545,0.027528,0.124928,0.811945
ACTCAGACCTGCTTCT-1,0.000051,0.000051,0.000153,0.010043,0.989703
ACTCATGGCAGCCTTC-1,0.238444,0.191649,0.168655,0.281064,0.120189
ACTCCAATATCATCAT-1,0.000065,0.075616,0.111372,0.487376,0.325571
ACTCCCATTCCTAAAG-1,0.000181,0.000181,0.055051,0.226268,0.71832
ACTCCCGAATTCGTTT-1,0.000055,0.005794,0.22765,0.280817,0.485683
ACTCCCGTAGACTAGG-1,0.000048,0.021474,0.284276,0.377553,0.316648
ACTCCCTAATGCTAAA-1,0.000424,0.000424,0.001272,0.000848,0.997033
ACTCCCTAGAATAGTA-1,0.000316,0.125589,0.000947,0.000631,0.872517
ACTCGATGTATTTCAT-1,0.000025,0.008176,0.599657,0.054151,0.337992
ACTCGCCGTTCGATAA-1,0.000055,0.152301,0.254475,0.198475,0.394694
ACTCGCGATCTGACGC-1,0.000033,0.065187,0.01681,0.69721,0.22076
ACTCGTAACCCGTCCT-1,0.000083,0.000083,0.299209,0.268742,0.431881
ACTCGTCAGTAATCCC-1,0.00829,0.000039,0.18971,0.000078,0.801883
ACTCTAAACCTGGGAT-1,0.00003,0.015592,0.240853,0.111089,0.632437
ACTCTCTGACTTAGGT-1,0.00419,0.020413,0.13095,0.049936,0.79451
ACTCTCTTATACACGA-1,0.000337,0.081627,0.035984,0.2086,0.673452
ACTCTTCAGCTCCCGC-1,0.000061,0.005933,0.164511,0.518509,0.310986
ACTCTTGTATAGTAAC-1,0.000061,0.033828,0.22674,0.052489,0.686881
ACTGAAACGCCGTTAG-1,0.000207,0.074645,0.323329,0.272095,0.329724
ACTGAATGGCGAAAGT-1,0.00007,0.00007,0.999508,0.000141,0.000211
ACTGCCGTCGTAACTC-1,0.000092,0.000092,0.000277,0.048755,0.950783
ACTGCGGACACACCGT-1,0.000036,0.030096,0.438009,0.531534,0.000325
ACTGCTCGGAAGGATG-1,0.009133,0.041397,0.272692,0.199583,0.477194
ACTGGCGAACCTGCGT-1,0.000284,0.000284,0.000853,0.721485,0.277094
ACTGTACGATACACAT-1,0.000035,0.013632,0.121083,0.144257,0.720993
ACTGTAGCACTTTGGA-1,0.00003,0.010111,0.568736,0.193142,0.227981
ACTGTATACGCGAGCA-1,0.000039,0.000039,0.000117,0.350807,0.648998
ACTGTCTTCTTTAGAA-1,0.000138,0.000138,0.206126,0.179049,0.61455
ACTGTGCTAGTAGATC-1,0.000124,0.000124,0.000372,0.105149,0.894232
ACTTACCGGGCGCGCA-1,0.000035,0.01054,0.262368,0.165757,0.5613
ACTTACGCATCCACGC-1,0.000267,0.000267,0.0008,0.087186,0.91148
ACTTAGTACGACAAGA-1,0.020686,0.013341,0.064463,0.2525,0.649009
ACTTATACTTACCCGG-1,0.00006,0.047607,0.116329,0.128355,0.707649
ACTTATTAGGATCGGT-1,0.000056,0.03974,0.002335,0.837678,0.120191
ACTTATTTATGTGCCA-1,0.033651,0.000043,0.530398,0.081294,0.354613
ACTTCAGGCTGATCCC-1,0.01704,0.018523,0.592462,0.019396,0.352579
ACTTCCAGTGGAAGCT-1,0.000056,0.056404,0.113478,0.327536,0.502526
ACTTCCATGCGGGACA-1,0.000045,0.017072,0.482379,0.000091,0.500412
ACTTCGCCATACGCAC-1,0.000027,0.025052,0.551201,0.016574,0.407145
ACTTCGCTAGCGAGTG-1,0.000158,0.000158,0.162264,0.465902,0.371519
ACTTGACTCCCTCTTT-1,0.000097,0.000097,0.00029,0.011132,0.988384
ACTTGGGACCCGGTGG-1,0.048929,0.000085,0.000254,0.177672,0.773061
ACTTGTAGTCCCTTCA-1,0.000095,0.000095,0.036891,0.025121,0.937798
ACTTGTGGATGGAACG-1,0.000316,0.000316,0.000947,0.292191,0.706231
ACTTTACCCTCATGAA-1,0.00004,0.014798,0.312288,0.561344,0.111529
ACTTTCCTATAGCTTC-1,0.001299,0.001299,0.003897,0.002598,0.990907
ACTTTGACTGCATCCT-1,0.000071,0.000071,0.306038,0.225766,0.468054
ACTTTGGTCGTGCTCC-1,0.000053,0.000053,0.678718,0.025641,0.295534
ACTTTGTCGACGCACT-1,0.000036,0.163581,0.019552,0.480984,0.335848
AGAAATTATGACTCGC-1,0.000029,0.043973,0.37368,0.216593,0.365726
AGAACCCAGCGTGACA-1,0.000027,0.141312,0.079195,0.656353,0.123113
AGAACCCTCAATTGGG-1,0.000049,0.000049,0.53726,0.013865,0.448777
AGAACGTGGTACATTC-1,0.000061,0.000061,0.086891,0.010022,0.902964
AGAAGAGCGCCGTTCC-1,0.000422,0.000422,0.391292,0.000844,0.60702
AGAAGGTACACTTCAC-1,0.000081,0.000081,0.000243,0.283159,0.716437
AGAAGGTTGCCGAATT-1,0.000026,0.359481,0.044562,0.577108,0.018822
AGAAGGTTGTAGGTCG-1,0.127989,0.192057,0.264049,0.235903,0.180001
AGAAGTGATTCGTGAT-1,0.000088,0.000088,0.002344,0.19727,0.800209
AGAATAAATCTTCAGG-1,0.000067,0.000067,0.049205,0.256402,0.69426
AGAATGCGGGTTCGGA-1,0.000018,0.017063,0.573252,0.074712,0.334956
AGAATTATGGATTCGA-1,0.00471,0.000042,0.216028,0.232009,0.547211
AGAATTGTTTGACATA-1,0.00006,0.070228,0.020705,0.616827,0.29218
AGACAGCTCAGAATCC-1,0.000004,0.000004,0.999973,0.000008,0.000011
AGACAGGCATCTCAGC-1,0.000031,0.289549,0.024033,0.39193,0.294458
AGACATAGATCCTTCC-1,0.000277,0.240773,0.161811,0.068269,0.528871
AGACCAAACCACACCT-1,0.000039,0.000039,0.407615,0.101369,0.490938
AGACCATGGGATACAA-1,0.000015,0.017071,0.896279,0.04618,0.040455
AGACCCACCGCTGATC-1,0.001409,0.001409,0.004227,0.002818,0.990138
AGACCGCTCCGCGGTT-1,0.000131,0.056887,0.065444,0.44296,0.434579
AGACCGGGAAACCCTG-1,0.000079,0.024907,0.167948,0.378081,0.428984
AGACGAAGTGCCGGTC-1,0.000243,0.000243,0.402601,0.353914,0.242998
AGACGACGATGCCGCT-1,0.000048,0.000048,0.177418,0.479492,0.342994
AGACGCCCACTTCGCC-1,0.000028,0.138827,0.101911,0.411308,0.347926
AGACGGGCCGATTTAA-1,0.000026,0.034654,0.474351,0.082351,0.408618
AGACTAGCCTTCCAGA-1,0.000081,0.035435,0.065633,0.328199,0.570651
AGACTGTTACCGGGTC-1,0.022254,0.302191,0.055535,0.581062,0.038958
AGAGAACCGTCTAGGA-1,0.000015,0.03043,0.691272,0.03829,0.239994
AGAGAAGGAGTACAAT-1,0.021422,0.008753,0.838152,0.058911,0.072762
AGAGATCTCTAAAGCG-1,0.000071,0.008689,0.032473,0.332062,0.626705
AGAGCAGTTATGAGAC-1,0.000027,0.033358,0.353354,0.282141,0.33112
AGAGCCGCCGAGATTT-1,0.000318,0.041056,0.000953,0.492132,0.465542
AGAGCGCTTGTAACGG-1,0.000027,0.072333,0.35746,0.171693,0.398487
AGAGCGGGCTAATCAT-1,0.000223,0.000223,0.000668,0.000446,0.998441
AGAGCGTACAAGCTCG-1,0.00002,0.01276,0.508598,0.270921,0.207701
AGAGCTACGAAAGCAT-1,0.000101,0.000101,0.025467,0.310179,0.664152
AGAGGCTTCGGAAACC-1,0.000133,0.001258,0.135868,0.352046,0.510696
AGAGGGACAATTGTCC-1,0.000216,0.020159,0.000647,0.365538,0.613441
AGAGTAAACTTCACTA-1,0.000122,0.000122,0.066482,0.055288,0.877985
AGAGTATAGTGTTACG-1,0.000146,0.000146,0.244682,0.381462,0.373564
AGAGTTGCAGGCCTCC-1,0.000465,0.000465,0.001396,0.787578,0.210096
AGATAACTTCAGGGCC-1,0.000033,0.004016,0.093652,0.623339,0.278959
AGATACCAATAGAACC-1,0.000043,0.028682,0.574011,0.176634,0.220629
AGATACCAGCACTTCA-1,0.000046,0.042716,0.021475,0.361611,0.574153
AGATACCGGTGTTCAC-1,0.000031,0.143352,0.012925,0.842365,0.001328
AGATACGACTTCATAT-1,0.000029,0.001137,0.562024,0.062138,0.374672
AGATACTCAAGATCGA-1,0.000085,0.007401,0.006647,0.040691,0.945176
AGATCGTGCATAAGAT-1,0.000029,0.044707,0.175265,0.297792,0.482207
AGATCTCAGGTGTGAT-1,0.000057,0.000057,0.000171,0.132586,0.86713
AGATGAGGGTTGCGAT-1,0.00005,0.011543,0.00015,0.355631,0.632626
AGATGATGGAGTCTGG-1,0.000025,0.014584,0.752885,0.177465,0.055041
AGATGCAAGACGTGCA-1,0.000081,0.069086,0.137826,0.479988,0.313019
AGATGCATCCTGTGTC-1,0.000067,0.000067,0.003054,0.393991,0.602822
AGATGCTATAACGAGC-1,0.000059,0.00352,0.028067,0.248983,0.719371
AGATTATAGGACGTTT-1,0.000087,0.055128,0.340211,0.572074,0.0325
AGATTCACAACCGATA-1,0.000044,0.008196,0.468418,0.249164,0.274178
AGCAACATATCTTATT-1,0.000099,0.009143,0.419184,0.209031,0.362543
AGCAACCGAAAGTAAT-1,0.000072,0.02601,0.157886,0.237698,0.578333
AGCACCAGTACTCACG-1,0.026952,0.000047,0.527728,0.000094,0.44518
AGCACTACCGGCCTGT-1,0.000032,0.016118,0.353858,0.367937,0.262055
AGCACTACCTCACCAG-1,0.000637,0.000637,0.001911,0.097616,0.899198
AGCACTTAAGGACGCC-1,0.000022,0.036249,0.449454,0.415726,0.098549
AGCAGAAGGAGAAAGA-1,0.000117,0.101318,0.486333,0.220753,0.191478
AGCATATCAATATGCT-1,0.000077,0.004244,0.076613,0.272985,0.64608
AGCATCATTTCGAAAG-1,0.00009,0.00009,0.078842,0.312257,0.60872
AGCATCGTCGATAATT-1,0.000115,0.000115,0.000345,0.00023,0.999194
AGCATTACGAGGCAAG-1,0.000043,0.012738,0.173525,0.655505,0.158189
AGCCAAGCTTTGTGTC-1,0.000096,0.052659,0.323467,0.143789,0.479989
AGCCACAGGTTACCCG-1,0.027193,0.000017,0.429037,0.001797,0.541956
AGCCACTCCCGTGCTT-1,0.000042,0.000042,0.00513,0.037702,0.957083
AGCCCATACATGTAAG-1,0.000041,0.000485,0.321518,0.36202,0.315936
AGCCCGGCATTAGAGG-1,0.000046,0.014727,0.400887,0.267587,0.316754
AGCCCGGTAGCCTGTA-1,0.000123,0.891886,0.00037,0.018466,0.089154
AGCCCTAAGCGAAGTT-1,0.000205,0.000205,0.000614,0.000415,0.998563
AGCCCTCCCTGGTGGC-1,0.121524,0.235772,0.109063,0.325534,0.208108
AGCCCTGTCGCACCGT-1,0.000041,0.003308,0.049278,0.865746,0.081627
AGCCCTTCTAATCCGA-1,0.000039,0.000761,0.161188,0.224294,0.613719
AGCCCTTGGACATCCC-1,0.000043,0.053563,0.107065,0.66597,0.173359
AGCCGCAAATTCAAAT-1,0.00002,0.071876,0.261187,0.302615,0.364302
AGCCGCTTGATTAGCG-1,0.000248,0.028182,0.273258,0.047834,0.650478
AGCCGTGGCTAAATGT-1,0.000035,0.01681,0.770546,0.120951,0.091658
AGCCTAATACCCACGT-1,0.000077,0.000077,0.536755,0.022832,0.440258
AGCCTTAAAGCGGAAG-1,0.000009,0.000796,0.792298,0.062493,0.144404
AGCGACAGGAACGGTC-1,0.000039,0.028401,0.164783,0.364132,0.442644
AGCGAGACGTGAAGGC-1,0.000142,0.163306,0.232979,0.603145,0.000427
AGCGATGCGCCTAATA-1,0.000138,0.000138,0.961705,0.026638,0.011382
AGCGCATAATGAATCG-1,0.000063,0.78768,0.054747,0.085409,0.072101
AGCGCGGGTGCCAATG-1,0.000155,0.006173,0.671013,0.036892,0.285767
AGCGCTAGAGCGATGT-1,0.000049,0.11024,0.005475,0.584388,0.299847
AGCGGACACTTCGTAG-1,0.000196,0.057875,0.460162,0.070272,0.411494
AGCGGCGGTTAGCGGT-1,0.00006,0.000418,0.506479,0.026235,0.466808
AGCGGGAAGGGTCCAT-1,0.000064,0.000064,0.029416,0.405854,0.564601
AGCGGGTCTGACACTC-1,0.000161,0.097314,0.564813,0.201722,0.135991
AGCGGTTGCCGCTCTG-1,0.000187,0.000187,0.072916,0.460144,0.466565
AGCGTACGAGAGCTAG-1,0.000059,0.004821,0.002629,0.358688,0.633803
AGCGTCTGAACCCGCA-1,0.000062,0.000062,0.000185,0.265715,0.733977
AGCGTGGTATTCTACT-1,0.033993,0.00862,0.036754,0.207245,0.713388
AGCTAACAAGCAATGT-1,0.000029,0.04641,0.584914,0.203976,0.164671
AGCTAAGTACGCAGGC-1,0.000023,0.000023,0.056099,0.011316,0.932539
AGCTAGAAGCAGAAGT-1,0.000045,0.117077,0.177247,0.38983,0.315801
AGCTATTTAATCCAAC-1,0.000074,0.000074,0.000222,0.143255,0.856376
AGCTCCATATATGTTC-1,0.000101,0.101442,0.637251,0.085018,0.176189
AGCTCCTTCGCACATC-1,0.000033,0.039674,0.059734,0.116095,0.784465
AGCTCGTTGATGGAAA-1,0.000031,0.049992,0.221739,0.242702,0.485535
AGCTCTAGACGTTCCA-1,0.014715,0.015774,0.421602,0.045415,0.502493
AGCTCTTCCCAGTGCA-1,0.000045,0.000045,0.000135,0.10064,0.899136
AGCTCTTCGTAACCTT-1,0.000062,0.0151,0.273196,0.205365,0.506276
AGCTCTTTACTCAGTT-1,0.000033,0.297257,0.005649,0.696961,0.000099
AGCTGAAGTAAACCAA-1,0.000026,0.003431,0.27831,0.030249,0.687984
AGCTGTAACCTCAATC-1,0.023306,0.085825,0.351845,0.222045,0.31698
AGCTTATAGAGACCTG-1,0.000339,0.071929,0.125425,0.408598,0.393709
AGCTTGATCTTAACTT-1,0.000052,0.048907,0.052838,0.444531,0.453671
AGGAAAGCCTCTGATG-1,0.000074,0.000074,0.157841,0.195245,0.646765
AGGAACGAACGACTTC-1,0.000029,0.135757,0.165973,0.425292,0.272949
AGGAAGCTGTCCGCCG-1,0.009093,0.009092,0.027282,0.018188,0.936345
AGGACAGTCGAATCCC-1,0.000038,0.012607,0.250267,0.331219,0.40587
AGGACATCGCACGTCG-1,0.000054,0.00056,0.546971,0.148029,0.304387
AGGACATCGGCACACT-1,0.028813,0.321538,0.086936,0.5058,0.056912
AGGACGACCCATTAGA-1,0.000032,0.249408,0.013037,0.737427,0.000096
AGGACGCTCGATGTTG-1,0.000052,0.000052,0.23508,0.231839,0.532977
AGGACTTATAGGAGAA-1,0.000062,0.020962,0.244049,0.000124,0.734803
AGGAGACATCCACAGT-1,0.000025,0.018481,0.697526,0.161744,0.122223
AGGAGAGTCTGGCTAC-1,0.000064,0.000064,0.134921,0.263684,0.601268
AGGAGGCCTTCGCGCG-1,0.000033,0.000065,0.726964,0.049421,0.223517
AGGATAAAGTCGGGAT-1,0.000788,0.000788,0.457573,0.001575,0.539277
AGGATATAGGGATTTA-1,0.000059,0.011526,0.236525,0.175616,0.576274
AGGATCACGCGATCTG-1,0.000147,0.000147,0.173393,0.439577,0.386735
AGGATTGCTTACGACA-1,0.000044,0.058213,0.325609,0.300458,0.315675
AGGCAATACGGAGGAC-1,0.181515,0.000234,0.000703,0.000469,0.81708
AGGCACGTGACTGTCC-1,0.000038,0.097362,0.221208,0.441342,0.24005
AGGCAGATGCGTAAAC-1,0.000006,0.000439,0.999395,0.000011,0.000149
AGGCAGGGAGCGTACT-1,0.000014,0.913339,0.000042,0.086563,0.000042
AGGCATTGTCGTAGGG-1,0.00011,0.00011,0.668271,0.00022,0.33129
AGGCCACATTGGTTAC-1,0.000026,0.32616,0.027457,0.642562,0.003795
AGGCCACCCGTTATGA-1,0.000017,0.049144,0.690622,0.168581,0.091635
AGGCCCAGTGACTGGT-1,0.000172,0.061942,0.000515,0.31329,0.624082
AGGCCCTAGAACGCCA-1,0.000032,0.008366,0.317007,0.268589,0.406006
AGGCCTGAGAATCTCG-1,0.049622,0.000062,0.000186,0.072451,0.87768
AGGCGATAACTGGCGT-1,0.000027,0.20009,0.07925,0.464852,0.255781
AGGCGGTTTGTCCCGC-1,0.000127,0.000127,0.337704,0.219912,0.44213
AGGCGTCTATGGACGG-1,0.000039,0.000039,0.38381,0.20094,0.415172
AGGCTATGGTTAGCTT-1,0.000018,0.044955,0.645834,0.259901,0.049293
AGGCTTCCCGAAGAAG-1,0.000034,0.024312,0.078749,0.677677,0.219227
AGGCTTGCTAGACACC-1,0.000018,0.000698,0.653726,0.102641,0.242916
AGGGAAACGAGGTACT-1,0.000068,0.000068,0.119717,0.266697,0.61345
AGGGACCGGCTGCGTT-1,0.000036,0.038148,0.481234,0.397202,0.08338
AGGGACTCTACGCGAC-1,0.000068,0.626557,0.000203,0.316783,0.056389
AGGGAGACATACTTCG-1,0.000033,0.030683,0.546883,0.334644,0.087757
AGGGCAGCGGCGTGGT-1,0.000175,0.000175,0.268109,0.212212,0.519328
AGGGCCCTAATGTTCT-1,0.000036,0.046404,0.007026,0.791691,0.154843
AGGGCGAGCAGCTGAT-1,0.0213,0.000181,0.037533,0.385842,0.555145
AGGGCGTGATCGGCTA-1,0.00006,0.00006,0.000179,0.132943,0.866759
AGGGCTGCAGTTACAG-1,0.000229,0.073507,0.402927,0.4727,0.050637
AGGGTCAGTAACCCTA-1,0.000033,0.014711,0.304585,0.247098,0.433572
AGGGTCGATGCGAACT-1,0.000063,0.009613,0.363815,0.244412,0.382097
AGGGTCTGGACGCAGT-1,0.00008,0.088431,0.012106,0.728786,0.170598
AGGGTGCCGTTCTTTA-1,0.000027,0.112414,0.000082,0.824547,0.06293
AGGGTGCTCTCGAGGG-1,0.000022,0.000022,0.487174,0.008957,0.503824
AGGGTGGATAGTGCAT-1,0.000013,0.003747,0.479777,0.063763,0.4527
AGGGTTCCCTTTGGTT-1,0.000016,0.034679,0.86293,0.074681,0.027694
AGGTAACCTCCTATTC-1,0.00005,0.024263,0.174665,0.23011,0.570912
AGGTACGATATTGCCA-1,0.000345,0.000345,0.001035,0.174807,0.823468
AGGTAGATCGAGATAT-1,0.000031,0.035237,0.059121,0.570188,0.335424
