Barcode,Topic 1to3,Topic 4to5,Topic 6,Topic 7to8
AAACAAGTATCTCCCA-1,0.001943,0.188645,0.76498,0.044432
AAACAATCTACTAGCA-1,0.001689,0.316446,0.640951,0.040914
AAACACCAATAACTGC-1,0.000561,0.356348,0.631185,0.011906
AAACAGAGCGACTCCT-1,0.000187,0.513768,0.485921,0.000125
AAACAGCTTTCAGAAG-1,0.000081,0.867769,0.125638,0.006513
AAACAGGGTCTATATT-1,0.000154,0.820833,0.151463,0.02755
AAACAGTGTTCCTGGG-1,0.00055,0.111227,0.303464,0.584759
AAACATTTCCCGGATT-1,0.00071,0.442457,0.000237,0.556596
AAACCCGAACGAAATC-1,0.001603,0.349534,0.647793,0.00107
AAACCGGAAATGTTAA-1,0.000085,0.000057,0.652554,0.347304
AAACCGGGTAGGTACC-1,0.000168,0.673943,0.237491,0.088397
AAACCGTTCGTCCAGG-1,0.000798,0.438236,0.560433,0.000533
AAACCTAAGCAGCCGG-1,0.00109,0.161497,0.517248,0.320166
AAACCTCATGAAGTTG-1,0.000079,0.813251,0.180952,0.005718
AAACGAAGAACATACC-1,0.000732,0.000489,0.617328,0.381451
AAACGAAGATGGAGTA-1,0.001543,0.542141,0.098627,0.357689
AAACGAGACGGTTGAT-1,0.001065,0.921745,0.076478,0.000711
AAACGGGCGTACGGGT-1,0.00121,0.000808,0.368969,0.629013
AAACGGTTGCGAACTG-1,0.000298,0.582567,0.359164,0.057971
AAACGTGTTCGCCCTA-1,0.000431,0.054342,0.941479,0.003747
AAACTAACGTGGCGAC-1,0.000858,0.580072,0.418496,0.000573
AAACTCGGTTCGCAAT-1,0.001803,0.001204,0.716156,0.280837
AAACTCGTGATATAAG-1,0.003866,0.002582,0.990969,0.002582
AAACTGCTGGCTCCAA-1,0.002038,0.35406,0.332514,0.311387
AAACTTAATTGCACGC-1,0.000351,0.601068,0.398348,0.000234
AAACTTGCAAACGTAT-1,0.000062,0.968841,0.000021,0.031076
AAAGAATGTGGACTAA-1,0.003349,0.002236,0.672863,0.321551
AAAGACCCAAGTCGCG-1,0.000447,0.0325,0.888688,0.078364
AAAGACTGGGCGCTTT-1,0.000594,0.325837,0.602579,0.07099
AAAGCTTGCCTACATA-1,0.000624,0.000417,0.805092,0.193867
AAAGGCCCTATAATAC-1,0.000718,0.347606,0.512314,0.139362
AAAGGCTACGGACCAT-1,0.00059,0.262124,0.600623,0.136663
AAAGGCTCTCGCGCCG-1,0.003607,0.002408,0.710608,0.283377
AAAGGGATGTAGCAAG-1,0.001097,0.150257,0.654082,0.194565
AAAGGGCAGCTTGAAT-1,0.000289,0.379737,0.61978,0.000193
AAAGGTAAGCTGTACC-1,0.000285,0.476724,0.522424,0.000568
AAAGTAGCATTGCTCA-1,0.000725,0.551742,0.447048,0.000484
AAAGTCACTGATGTAA-1,0.000557,0.091149,0.895267,0.013027
AAAGTCGACCCTCAGT-1,0.000051,0.985016,0.013136,0.001797
AAAGTGCCATCAATTA-1,0.000899,0.151088,0.429987,0.418026
AAAGTGTGATTTATCT-1,0.001777,0.177699,0.621227,0.199297
AAAGTTGACTCCCGTA-1,0.002604,0.001739,0.869334,0.126322
AAATAACCATACGGGA-1,0.003912,0.000741,0.994606,0.000741
AAATAAGGTAGTGCCC-1,0.000781,0.035535,0.886796,0.076888
AAATACCTATAAGCAT-1,0.002232,0.001491,0.480592,0.515684
AAATAGCTTAGACTTT-1,0.001531,0.133965,0.777464,0.08704
AAATAGGGTGCTATTG-1,0.002679,0.001789,0.807071,0.188461
AAATCCGATACACGCC-1,0.001596,0.086665,0.565355,0.346384
AAATCGCGGAAGGAGT-1,0.000716,0.418445,0.463724,0.117115
AAATCGTGTACCACAA-1,0.000808,0.388313,0.442648,0.16823
AAATCTAGCCCTGCTA-1,0.000508,0.000339,0.357793,0.641359
AAATGACTGATCAAAC-1,0.001506,0.018402,0.440798,0.539293
AAATGATTCGATCAGC-1,0.00282,0.001883,0.880624,0.114674
AAATGCTCGTTACGTT-1,0.000381,0.600359,0.3948,0.00446
AAATGGCATGTCTTGT-1,0.000304,0.783928,0.197621,0.018147
AAATGGCCCGTGCCCT-1,0.000462,0.317921,0.616935,0.064682
AAATGGTCAATGTGCC-1,0.000574,0.203408,0.716699,0.079318
AAATGTATCTTATCCC-1,0.000475,0.428474,0.454422,0.116629
AAATTAACGGGTAGCT-1,0.000984,0.202866,0.795493,0.000657
AAATTAATAAGCGCGA-1,0.000443,0.38734,0.460232,0.151985
AAATTACACGACTCTG-1,0.003348,0.002235,0.992181,0.002235
AAATTACCTATCGATG-1,0.000376,0.520724,0.386424,0.092476
AAATTCCAGGTCCAAA-1,0.000667,0.011573,0.868292,0.119468
AAATTGATAGTCCTTT-1,0.000277,0.999445,0.000093,0.000185
AAATTGGTGAGAAGCA-1,0.000339,0.046771,0.834194,0.118696
AAATTTACCGAAATCC-1,0.000837,0.190767,0.807837,0.000559
AAATTTGCGGGTGTGG-1,0.000327,0.310388,0.656479,0.032806
AACAACTGGTAGTTGC-1,0.003788,0.002531,0.991151,0.00253
AACAATACATTGTCGA-1,0.000356,0.469564,0.457627,0.072454
AACAATTACTCTACGC-1,0.000124,0.820894,0.1789,0.000083
AACACACGCTCGCCGC-1,0.003151,0.002104,0.793121,0.201623
AACACGACTGTACTGA-1,0.001933,0.175554,0.000646,0.821867
AACACGAGACGCGGCC-1,0.000077,0.805547,0.000026,0.19435
AACACGCGGCCGCGAA-1,0.001354,0.235847,0.710542,0.052257
AACAGCTGTGTGGCAA-1,0.001198,0.149017,0.736638,0.113147
AACAGGAAATCGAATA-1,0.001812,0.00121,0.825568,0.17141
AACAGGATGGGCCGCG-1,0.000371,0.48335,0.516032,0.000248
AACAGGTAGTATGGAT-1,0.003125,0.081159,0.855387,0.060329
AACATAGCGTGTATCG-1,0.003099,0.00207,0.092223,0.902608
AACATATCAACTGGTG-1,0.001437,0.00096,0.996644,0.000959
AACATCGATACGTCTA-1,0.00121,0.000808,0.949559,0.048423
AACATTGAAGTTGATC-1,0.001161,0.114869,0.781137,0.102833
AACATTGTGACTCGAG-1,0.000493,0.642956,0.257273,0.099278
AACCAAGACTTCTCTG-1,0.000162,0.731193,0.190578,0.078068
AACCAGTATCACTCTT-1,0.000619,0.197916,0.547931,0.253534
AACCATAGGGTTGAAC-1,0.000472,0.250511,0.741784,0.007232
AACCATGGGATCGCTA-1,0.000409,0.32949,0.669829,0.000273
AACCCAGAGACGGAGA-1,0.00046,0.199247,0.423131,0.377162
AACCCATCCCATGATC-1,0.000466,0.097849,0.816335,0.08535
AACCCGACAACCCGTG-1,0.000612,0.59226,0.346534,0.060594
AACCCGAGCAGAATCG-1,0.000803,0.000536,0.776146,0.222515
AACCCGCTGTATTCCA-1,0.001133,0.084278,0.000378,0.91421
AACCCTACTGTCAATA-1,0.003379,0.002257,0.992108,0.002256
AACCCTGGTGGAACCA-1,0.000979,0.000654,0.750278,0.248089
AACCGAGCTTGGTCAT-1,0.000504,0.187714,0.811446,0.000337
AACCGCTAAGGGATGC-1,0.001803,0.109864,0.521044,0.367289
AACCGTTGTGTTTGCT-1,0.000491,0.000328,0.01671,0.982471
AACCTCGCTTTAGCCC-1,0.006945,0.004637,0.684726,0.303693
AACCTGTCACGGAATT-1,0.002072,0.147523,0.849021,0.001384
AACCTTTAAATACGGT-1,0.007654,0.005111,0.435875,0.551361
AACCTTTACGACGTCT-1,0.000608,0.548651,0.325842,0.124899
AACGAAAGTCGTCCCA-1,0.000203,0.942369,0.055224,0.002204
AACGACCTCCTAGCCG-1,0.002404,0.362567,0.176239,0.45879
AACGATAATGCCGTAG-1,0.00233,0.001556,0.776221,0.219893
AACGATAGAAGGGCCG-1,0.000566,0.000378,0.819033,0.180023
AACGATATGTCAACTG-1,0.000727,0.434109,0.564679,0.000485
AACGCATGATCTGGGT-1,0.000893,0.175302,0.671045,0.15276
AACGCGAACGGCAACA-1,0.001183,0.314564,0.602326,0.081927
AACGCGACCTTGGGCG-1,0.000373,0.149531,0.831029,0.019066
AACGCGGTCTCCAGCC-1,0.00056,0.336694,0.662372,0.000374
AACGCTGTTGCTGAAA-1,0.003125,0.002087,0.992701,0.002087
AACGGACGTACGTATA-1,0.001953,0.001304,0.654566,0.342176
AACGGCCATCTCCGGT-1,0.000234,0.801868,0.163035,0.034863
AACGTACTGTGGGTAC-1,0.001821,0.278365,0.590388,0.129427
AACGTCAGACTAGTGG-1,0.000361,0.505632,0.390158,0.103848
AACGTCATCCGGCTTG-1,0.0025,0.164487,0.32447,0.508543
AACGTCGCTGCACTTC-1,0.007501,0.005009,0.908052,0.079438
AACGTGATGAAGGACA-1,0.003789,0.002529,0.897387,0.096294
AACGTGCGAAAGTCTC-1,0.005003,0.39201,0.481177,0.12181
AACGTTATCAGCACCT-1,0.000288,0.910749,0.073996,0.014967
AACTACCCGTTTGTCA-1,0.005068,0.243869,0.747679,0.003384
AACTAGCGTATCGCAC-1,0.000539,0.329546,0.584338,0.085577
AACTAGGCTTGGGTGT-1,0.002389,0.001595,0.268406,0.72761
AACTCAAGTTAATTGC-1,0.000738,0.387938,0.404259,0.207064
AACTCCAGAGCGTGTT-1,0.003947,0.002636,0.746421,0.246996
AACTCCTAATCCCATG-1,0.002006,0.149841,0.692817,0.155336
AACTCGATGGCGCAGT-1,0.000412,0.231999,0.747177,0.020411
AACTCTCAATAGAGCG-1,0.002107,0.001407,0.995079,0.001407
AACTCTCAGTGTGCTC-1,0.000444,0.555404,0.414311,0.029841
AACTGAGGTCAGCGTC-1,0.000775,0.147339,0.847282,0.004604
AACTGAGTTATACTGA-1,0.000382,0.834736,0.033421,0.13146
AACTGATATTAGGCCT-1,0.000597,0.118341,0.733379,0.147682
AACTGGGTCCCGACGT-1,0.000876,0.000585,0.955715,0.042823
AACTGGGTTCGAGCCG-1,0.00182,0.260084,0.645416,0.092679
AACTGGTGTGGGCCTT-1,0.000507,0.129198,0.869956,0.000339
AACTTCTGCGTCTATC-1,0.000808,0.254382,0.618656,0.126154
AACTTGCCCGTATGCA-1,0.000174,0.576818,0.422893,0.000116
AACTTGCGTTCTCGCG-1,0.000358,0.530902,0.468501,0.000239
AACTTTACGGGAGCTT-1,0.000584,0.332347,0.561652,0.105417
AACTTTAGCTGCTGAG-1,0.000524,0.226575,0.742723,0.030178
AACTTTCTCGATCATG-1,0.000142,0.000095,0.967993,0.03177
AAGAAATCACCAGATT-1,0.000066,0.000044,0.92384,0.07605
AAGAAGGATCAGTTAG-1,0.000319,0.542765,0.456703,0.000213
AAGACATACGTGGTTT-1,0.003378,0.002257,0.001128,0.993236
AAGACCCAACTGAACA-1,0.000483,0.383503,0.499029,0.116985
AAGACTGCAAGCTACT-1,0.001399,0.330091,0.485512,0.182998
AAGAGATGAATCGGTA-1,0.000332,0.236348,0.763098,0.000222
AAGAGCTCTTTATCGG-1,0.004262,0.559368,0.312981,0.123389
AAGAGGATGTACGCGA-1,0.000192,0.84419,0.14382,0.011798
AAGAGGCATGGATCGC-1,0.004076,0.002723,0.990478,0.002723
AAGAGGCCCTTTGGAA-1,0.000528,0.000353,0.262224,0.736895
AAGATGGCACCGGACC-1,0.000623,0.323825,0.675135,0.000416
AAGATTGGCGGAACGT-1,0.001682,0.001123,0.996072,0.001123
AAGCACCCTGCGTATC-1,0.007354,0.00491,0.446045,0.541692
AAGCATACTCTCCTGA-1,0.002534,0.098302,0.691885,0.207279
AAGCCACTTGCAGGTA-1,0.001753,0.078775,0.649697,0.269775
AAGCCGAAGCGGTTTA-1,0.006466,0.13094,0.759213,0.103381
AAGCCGCCGTGAAATC-1,0.000449,0.217487,0.336151,0.445914
AAGCCGCTTTACCTTG-1,0.000092,0.115376,0.698645,0.185887
AAGCCGGAGAGCAGGA-1,0.002698,0.001802,0.772999,0.222501
AAGCGCAGGGCTTTGA-1,0.002038,0.001361,0.576612,0.419989
AAGCGGAGTGCGCGCA-1,0.001494,0.000998,0.99651,0.000998
AAGCGGCGTCATGGGT-1,0.001081,0.352173,0.646025,0.000722
AAGCGTCCCTCATCGA-1,0.000962,0.33382,0.664576,0.000642
AAGCTAGATCGAGTAA-1,0.003049,0.026107,0.613713,0.35713
AAGCTCGTGCCAAGTC-1,0.003788,0.00253,0.920045,0.073637
AAGCTCTTTCATGGTG-1,0.003906,0.00261,0.618757,0.374727
AAGGAGAACTTATAAG-1,0.000845,0.372516,0.530739,0.0959
AAGGAGCGGTTGGTGC-1,0.000548,0.426482,0.53897,0.034
AAGGATCGATCGCTTG-1,0.000497,0.388066,0.611105,0.000332
AAGGATGAGGGACCTC-1,0.000837,0.238662,0.653577,0.106924
AAGGCAGGCTGTCTCC-1,0.003049,0.002036,0.920146,0.074769
AAGGCGCGTAAAGCTT-1,0.000335,0.232695,0.73916,0.02781
AAGGCTGTGCTCATCG-1,0.000697,0.113143,0.829604,0.056556
AAGGGAACGACTGGCT-1,0.000461,0.373201,0.56187,0.064467
AAGGGACAGATTCTGT-1,0.000542,0.354734,0.60359,0.041134
AAGGGACTATGCATTC-1,0.002168,0.293138,0.703246,0.001448
AAGGTATCCTAATATA-1,0.001875,0.482172,0.5147,0.001252
AAGGTGATAAACCAGC-1,0.001246,0.11152,0.754446,0.132788
AAGTAGAAGACCGGGT-1,0.001039,0.000694,0.94432,0.053948
AAGTAGTGACGCGAGG-1,0.001857,0.397718,0.568774,0.03165
AAGTCAATTGTCGTCA-1,0.002287,0.249517,0.746669,0.001527
AAGTCTAGTAGCTGCC-1,0.000237,0.039468,0.92092,0.039375
AAGTCTTCTGTGGCCT-1,0.000543,0.521928,0.377112,0.100417
AAGTGACGACCGAATT-1,0.000076,0.930713,0.012275,0.056936
AAGTGAGTCGGGTTTA-1,0.000346,0.463538,0.535885,0.000231
AAGTGCAAAGGTAGAC-1,0.000549,0.345964,0.568666,0.084821
AAGTGCCTTGACTGTA-1,0.001271,0.105637,0.782215,0.110876
AAGTGCGTTAGAATCT-1,0.000555,0.454085,0.532755,0.012606
AAGTGCTTCTCTATTG-1,0.001713,0.245834,0.566973,0.18548
AAGTGTTTGGAGACGG-1,0.001194,0.402781,0.000399,0.595626
AAGTTCACTCCAAGCT-1,0.005068,0.191338,0.477069,0.326525
AAGTTCAGTCTGCGTA-1,0.000738,0.109627,0.85791,0.031725
AAGTTCGGCCAACAGG-1,0.000413,0.483647,0.515664,0.000276
AAGTTGTGATGTTATA-1,0.003349,0.055459,0.001118,0.940074
AAGTTTACTAATGGCA-1,0.001198,0.0008,0.997202,0.0008
AAGTTTATGGGCCCAA-1,0.000862,0.494612,0.451238,0.053288
AATAACAACGCTCGGC-1,0.000166,0.841822,0.144641,0.013371
AATAACACTAGAACAA-1,0.000503,0.167205,0.827352,0.00494
AATAACGTCGCGCCCA-1,0.006466,0.00432,0.763924,0.22529
AATAAGTCCTCGAGAC-1,0.001267,0.000846,0.968569,0.029318
AATAATCTTCGTATCG-1,0.000089,0.000059,0.858621,0.141231
AATACAATGTTTCAGG-1,0.000322,0.726193,0.27327,0.000215
AATACCGGAGGGCTGT-1,0.001254,0.163993,0.63477,0.199983
AATACCTGATGTGAAC-1,0.002534,0.060628,0.000846,0.935992
AATAGAACAGAGTGGC-1,0.00128,0.205034,0.672288,0.121398
AATAGAATCTGTTTCA-1,0.001821,0.123441,0.708099,0.166639
AATAGCTACCGCGTGC-1,0.00341,0.086074,0.817842,0.092675
AATAGGCACGACCCTT-1,0.002698,0.001801,0.613874,0.381626
AATAGTCCGTCCCGAC-1,0.000882,0.808846,0.000295,0.189977
AATAGTCGCGAGTCGG-1,0.000638,0.275304,0.723632,0.000426
AATATCAAGGTCGGAT-1,0.000364,0.510729,0.488664,0.000243
AATATCCTAGCAAACT-1,0.000556,0.347039,0.553139,0.099267
AATATCGAATCAATGC-1,0.006819,0.004553,0.421262,0.567366
AATATCGAGGGTTCTC-1,0.00086,0.088186,0.879498,0.031456
AATATTGGAGTATTGA-1,0.000154,0.821321,0.101153,0.077372
AATCAGGTTTCATTTA-1,0.000553,0.838822,0.083009,0.077616
AATCATGTAAAGACTC-1,0.002467,0.001648,0.590061,0.405824
AATCCAAGGGCCTGAG-1,0.001057,0.247761,0.45925,0.291933
AATCCATGCAAGGGTG-1,0.000374,0.270371,0.698132,0.031123
AATCCCGCTCAGAGCC-1,0.001995,0.001332,0.573908,0.422765
AATCGAGGTCTCAAGG-1,0.004311,0.242935,0.310432,0.442322
AATCGCCTCAGCGCCA-1,0.530612,0.002002,0.465383,0.002003
AATCGCGCAGAGGACT-1,0.000847,0.131506,0.679784,0.187863
AATCGGGACACTACGA-1,0.002517,0.308452,0.282135,0.406895
AATCGGTATAGCCCTC-1,0.011031,0.007367,0.646036,0.335566
AATCGTGAGCCGAGCA-1,0.004262,0.002846,0.780865,0.212026
AATCTAGGTTTACTTG-1,0.000584,0.532156,0.404671,0.062589
AATCTATGCCGGAGCC-1,0.005068,0.003385,0.755806,0.235741
AATCTCTACTGTGGTT-1,0.000329,0.255994,0.014776,0.7289
AATCTGCGTTGGGACG-1,0.000889,0.309137,0.689381,0.000593
AATCTGGCTTTCTAGT-1,0.000592,0.314388,0.524253,0.160767
AATCTGGGTAGACCCT-1,0.001325,0.508137,0.442671,0.047866
AATGACAGCAATGTCT-1,0.000297,0.702074,0.257464,0.040164
AATGACGTAGGATGTC-1,0.001531,0.157635,0.007102,0.833733
AATGACTGTCAGCCGG-1,0.000505,0.107619,0.891538,0.000337
AATGAGTTCGCATATG-1,0.000442,0.308974,0.690288,0.000295
AATGATGATACGCTAT-1,0.000486,0.374639,0.436427,0.188447
AATGATGCGACTCCTG-1,0.000795,0.111228,0.887447,0.000531
AATGCAACCGGGTACC-1,0.00046,0.277214,0.72202,0.000307
AATGCACCAAGCAATG-1,0.000891,0.000595,0.997919,0.000595
AATGGTCCACCGTTCA-1,0.000371,0.506591,0.477196,0.015842
AATGGTTCTCACAAGC-1,0.000504,0.258146,0.741013,0.000337
AATGTATGGCACTGTA-1,0.001512,0.625352,0.26844,0.104695
AATGTGCCCGAGGTGT-1,0.000629,0.506581,0.467407,0.025383
AATGTGCTAATCTGAG-1,0.000345,0.74476,0.039986,0.214909
AATGTTAAGACCCTGA-1,0.002038,0.001361,0.289142,0.707459
AATGTTGTCGTGAGAC-1,0.004412,0.002946,0.956654,0.035988
AATTAAAGGTCGGCGT-1,0.000455,0.319273,0.637222,0.043051
AATTAACGGATTTCCA-1,0.003319,0.002216,0.461695,0.53277
AATTACGAGACCCATC-1,0.001821,0.650032,0.304175,0.043972
AATTACTCGTACGCTC-1,0.000389,0.376291,0.194225,0.429095
AATTAGCGCTGCAGCG-1,0.001894,0.164563,0.68568,0.147862
AATTATACCCAGCAAG-1,0.000462,0.052403,0.000154,0.94698
AATTCATAAGGGATCT-1,0.000788,0.235374,0.668091,0.095747
AATTCATTGTCATGCA-1,0.00053,0.237065,0.750827,0.011578
AATTCCAAGCATGTAC-1,0.000128,0.990304,0.008345,0.001224
AATTCGATTCGAGGAT-1,0.003099,0.00207,0.73259,0.262241
AATTCTAGAGTTAGGC-1,0.001773,0.855115,0.076674,0.066437
AATTGAACGCTCTGGT-1,0.002451,0.264809,0.334021,0.398718
AATTGCAGCAATCGAC-1,0.006356,0.004247,0.423581,0.565816
AATTGCGTGGATTACA-1,0.002359,0.599215,0.33473,0.063697
AATTGTGGTTGCCAAA-1,0.012932,0.00863,0.42331,0.555128
AATTTGGGACATAGTA-1,0.00042,0.488196,0.434419,0.076966
AATTTGGTTCCAAAGA-1,0.00111,0.12214,0.353381,0.523369
ACAAACCATGCGTCCT-1,0.000457,0.348443,0.638784,0.012316
ACAAACCGACAAGGCG-1,0.001003,0.429231,0.502643,0.067123
ACAAACTCCATCAGAG-1,0.001857,0.00124,0.48498,0.511924
ACAAAGAAGGTAGGCC-1,0.000258,0.590531,0.206463,0.202748
ACAAAGCATGACCTAG-1,0.002718,0.001815,0.735387,0.26008
ACAAATCGCACCGAAT-1,0.00088,0.692643,0.000294,0.306183
ACAAATGGTAGTGTTT-1,0.003505,0.187557,0.806598,0.002341
ACAAATTCAGATCTGA-1,0.00161,0.268327,0.62791,0.102153
ACAACAGCATGAGCTA-1,0.001206,0.043504,0.66426,0.29103
ACAACGGTCCCTGCGA-1,0.000264,0.304307,0.695253,0.000176
ACAAGCAGTGCCTAGC-1,0.000173,0.768543,0.231168,0.000116
ACAAGCTATATGGAAG-1,0.000159,0.968268,0.000053,0.03152
ACAAGGAAATCCGCCC-1,0.001087,0.564418,0.293697,0.140798
ACAAGGACAAGAGGTT-1,0.000491,0.216477,0.629019,0.154014
ACAAGGATGCTTTAGG-1,0.002799,0.001869,0.816441,0.178891
ACAAGGGCAGGCTCTG-1,0.002758,0.210625,0.063877,0.72274
ACAAGTAATTGTAAGG-1,0.002885,0.308383,0.332473,0.356259
ACAATAGTCGTACGTT-1,0.000072,0.95168,0.000757,0.047491
ACAATCCATTTAAACC-1,0.000078,0.993529,0.000226,0.006167
ACAATGAATACGGAGA-1,0.000681,0.303682,0.655838,0.0398
ACAATGATTCTTCTAC-1,0.002953,0.303524,0.69155,0.001972
ACAATTGTGTCTCTTT-1,0.000456,0.972105,0.027135,0.000304
ACAATTTAGGAGGCTC-1,0.000491,0.391144,0.530663,0.077701
ACAATTTGAGCAGTGG-1,0.002072,0.186599,0.567552,0.243776
ACAATTTGGCCATATT-1,0.000066,0.530635,0.436654,0.032644
ACACAAAGACGGGTGG-1,0.000301,0.431603,0.39545,0.172646
ACACAAATATTCCTAG-1,0.000061,0.134868,0.838289,0.026782
ACACACCAGGACCAGT-1,0.003713,0.00248,0.584066,0.409741
ACACACTTTCTACACG-1,0.001537,0.001026,0.749611,0.247825
ACACATGATCAAATCT-1,0.000856,0.282391,0.71618,0.000572
ACACATTGACGCAACA-1,0.000899,0.079526,0.757696,0.161878
ACACATTTCCGTAGAC-1,0.001179,0.000788,0.000394,0.997639
ACACCACATAATTAGC-1,0.002758,0.188587,0.645499,0.163156
ACACCCAGCATGCAGC-1,0.000573,0.196779,0.72462,0.078028
ACACCCGAGAAATCCG-1,0.000432,0.270078,0.729203,0.000288
ACACCGAGCGCTCTTT-1,0.000872,0.291483,0.545676,0.161969
ACACCGGTCTGACCGC-1,0.000551,0.259974,0.619019,0.120456
ACACCTTAAGTAGGGC-1,0.000922,0.110096,0.888367,0.000615
ACACCTTACTACTTGC-1,0.001379,0.112109,0.758979,0.127533
ACACGAGACTCCTTCT-1,0.001494,0.421618,0.575891,0.000998
ACACGGCACTATGCAT-1,0.002908,0.001941,0.407443,0.587708
ACACGGGAACTTAGGG-1,0.001289,0.212103,0.785748,0.000861
ACACGTAGGCCACAAG-1,0.000672,0.000449,0.758616,0.240264
ACACTCCAATGTCACT-1,0.000643,0.195075,0.635894,0.168388
ACACTGATCAAGGTGT-1,0.000878,0.204705,0.79383,0.000587
ACACTGGGACAGTCGT-1,0.002953,0.001972,0.55062,0.444456
ACAGAACTGAGAACAA-1,0.000673,0.463991,0.475162,0.060175
ACAGATTAGGTTAGTG-1,0.002315,0.129816,0.654611,0.213258
ACAGCATAGAGCCAGT-1,0.002315,0.001546,0.124133,0.872005
ACAGCGACATTCTCAT-1,0.004261,0.082574,0.447411,0.465754
ACAGCGCACCCGCAGC-1,0.000821,0.000548,0.000274,0.998357
ACAGGCACGGATCCTT-1,0.007076,0.004724,0.790207,0.197992
ACAGGCTTGCCCGACT-1,0.002049,0.205485,0.669288,0.123177
ACAGGTGGAGGTGAGG-1,0.00114,0.161684,0.553474,0.283702
ACAGGTGTGTTGTTGC-1,0.000569,0.511714,0.346183,0.141533
ACAGTAATACAACTTG-1,0.000158,0.701175,0.191997,0.106671
ACAGTATACCGTGGGA-1,0.004412,0.11393,0.878712,0.002946
ACATAAGTCGTGGTGA-1,0.000134,0.989808,0.000045,0.010013
ACATAATAAGGCGGTG-1,0.000344,0.451039,0.508459,0.040157
ACATACAATCAAGCGG-1,0.003713,0.00248,0.232721,0.761086
ACATCAGCTGGGACGC-1,0.000383,0.328586,0.631105,0.039927
ACATCCCGGCCATACG-1,0.008152,0.005447,0.665649,0.320752
ACATCCTGGTAACTGT-1,0.001821,0.146026,0.850937,0.001216
ACATCGATCGTTTACC-1,0.001933,0.202572,0.53813,0.257365
ACATCGCAATATTCGG-1,0.002038,0.042106,0.328737,0.627119
ACATCGGTCAGCCGCG-1,0.000547,0.514507,0.484581,0.000365
ACATCGTATGCAATGG-1,0.003713,0.154792,0.643347,0.198148
ACATCGTTAACCTAGT-1,0.002552,0.068854,0.751622,0.176972
ACATCTCAACGCGTAA-1,0.000524,0.138208,0.84727,0.013998
ACATGGCGCCAAAGTA-1,0.000661,0.192772,0.600952,0.205615
ACATGGCTCAATTTAG-1,0.001157,0.322757,0.364534,0.311552
ACATTAGTTTATATCC-1,0.002119,0.52883,0.391933,0.077119
ACATTCGCGCGGAATA-1,0.000758,0.00865,0.018736,0.971857
ACATTTGAAACCTAAC-1,0.007653,0.00511,0.764987,0.22225
ACCAAACACCCAGCGA-1,0.000359,0.223183,0.776219,0.000239
ACCAAACTAGAAATCC-1,0.00053,0.939273,0.000177,0.06002
ACCAACACCACACACT-1,0.001995,0.331789,0.571776,0.09444
ACCAACCGCACTCCAC-1,0.005598,0.003738,0.416475,0.574189
ACCAACGCTTATTTAT-1,0.001471,0.067958,0.842068,0.088503
ACCAAGAACGCGTGTC-1,0.00141,0.000942,0.894923,0.102726
ACCAAGTCATCGGCAG-1,0.002095,0.001399,0.263757,0.732749
ACCAATATGCAAGTTA-1,0.006049,0.004039,0.65499,0.334923
ACCACAACTCAGAACA-1,0.011965,0.042292,0.445626,0.500117
ACCACAAGTTTCTATC-1,0.0008,0.140449,0.797178,0.061573
ACCACACGGTTGATGG-1,0.001399,0.64265,0.061074,0.294877
ACCACCAATGTAACAA-1,0.000684,0.255556,0.743302,0.000457
ACCACCCTCTCTTCTA-1,0.000773,0.577021,0.414979,0.007227
ACCACGTGCAGCTATA-1,0.002329,0.26388,0.000778,0.733013
ACCACTGTTCAAGAAG-1,0.000444,0.319448,0.637027,0.043081
ACCAGACCATAACAAC-1,0.00029,0.551619,0.336786,0.111305
ACCAGCCCGGTCTTTG-1,0.00085,0.406434,0.544494,0.048221
ACCAGGAGTGTGATCT-1,0.001014,0.490685,0.498597,0.009704
ACCAGTGCCCGGTCAA-1,0.000569,0.177438,0.651064,0.17093
ACCAGTGCGGGAGACG-1,0.003538,0.002362,0.991738,0.002363
ACCATATCCGCAATAA-1,0.000967,0.233374,0.765014,0.000645
ACCATCCGCCAACTAG-1,0.00007,0.92133,0.072313,0.006287
ACCATCGTATATGGTA-1,0.000499,0.50378,0.492241,0.00348
ACCATTAAGGGTGTCA-1,0.00113,0.323891,0.451111,0.223868
ACCCAACGCCCGTGGC-1,0.001875,0.538451,0.458422,0.001252
ACCCACCTACATGCTC-1,0.000417,0.481377,0.517928,0.000278
ACCCATCTTGAGGGTA-1,0.001875,0.319953,0.467185,0.210987
ACCCATTTGTCCCTCT-1,0.007212,0.004814,0.759017,0.228958
ACCCGAGCGAAATTAC-1,0.000497,0.293927,0.51417,0.191406
ACCCGATTGGTTCCGA-1,0.001048,0.415898,0.219215,0.36384
ACCCGGAAACTCCCAG-1,0.004808,0.122293,0.619821,0.253078
ACCCGGAGCACCACAA-1,0.00242,0.001616,0.706903,0.289062
ACCCGGATGACGCATC-1,0.001307,0.000873,0.996948,0.000873
ACCCGGTTACACTTCC-1,0.002551,0.396314,0.599431,0.001704
ACCCGTAGTCTAGTTG-1,0.002287,0.245077,0.000763,0.751873
ACCCGTGTCATCAGTA-1,0.001488,0.186995,0.540845,0.270672
ACCCTATAGGACTGAG-1,0.000232,0.55853,0.435623,0.005615
ACCCTATGCCATATCG-1,0.000748,0.667458,0.331295,0.000499
ACCCTCCCGTCAGGGC-1,0.006697,0.004471,0.351482,0.63735
ACCCTCCCTTGCTATT-1,0.011212,0.348825,0.431543,0.20842
ACCCTGGTAACGCCCT-1,0.004311,0.16756,0.681607,0.146522
ACCCTTCATCTGCGAA-1,0.001359,0.000907,0.524849,0.472885
ACCCTTGCCTGGGTCG-1,0.000381,0.062758,0.936607,0.000254
ACCCTTTAGTTCTCCA-1,0.002404,0.06521,0.561791,0.370595
ACCGAAAGGGCCCTGC-1,0.000354,0.496272,0.483115,0.020259
ACCGAAGAGTCTGGTT-1,0.00031,0.375919,0.548348,0.075422
ACCGACACATCTCCCA-1,0.01175,0.906064,0.000156,0.08203
ACCGACTGAGTCCCAC-1,0.000801,0.454007,0.421806,0.123386
ACCGAGTCTCCTTATT-1,0.003152,0.002105,0.001052,0.993691
ACCGATAGGCATAACC-1,0.002168,0.001447,0.882832,0.113552
ACCGATATTTAATCAT-1,0.00023,0.213573,0.496947,0.28925
ACCGATGGTAGCATCG-1,0.000335,0.969074,0.011777,0.018814
ACCGCAATAACTGCCT-1,0.005209,0.003479,0.53189,0.459423
ACCGCGGTGGAAGTCG-1,0.000618,0.315851,0.654509,0.029022
ACCGCTAGTCATTGGT-1,0.002131,0.001423,0.870196,0.126251
ACCGGGCCTTTGTTGA-1,0.003319,0.002217,0.960656,0.033808
ACCGGTCAGGTACACC-1,0.000393,0.274858,0.540678,0.184072
ACCGTGACCACGTGGG-1,0.000521,0.421022,0.57671,0.001748
ACCGTTCCCGCTCTGA-1,0.000635,0.000424,0.000212,0.99873
ACCTAAGTACCTTTCA-1,0.000565,0.582751,0.356994,0.05969
ACCTAATCGACTTCCT-1,0.000368,0.509746,0.478414,0.011472
ACCTACAGTATGTGGT-1,0.000773,0.668906,0.195391,0.13493
ACCTACTATAAATCTA-1,0.001761,0.132613,0.788284,0.077342
ACCTCAGCGAGGCGCA-1,0.009148,0.116512,0.003054,0.871286
ACCTCCGCCCTCGCTG-1,0.006148,0.233495,0.696601,0.063756
ACCTCCGTTATTCACC-1,0.000581,0.096878,0.646783,0.255758
ACCTCGAACTTATGCT-1,0.000429,0.361248,0.486153,0.152169
ACCTGCGTGTCATGTT-1,0.000374,0.562332,0.390908,0.046386
ACGAAATGGGCGGCAC-1,0.000153,0.826001,0.173744,0.000102
ACGACCCATGAGTTGC-1,0.009868,0.006592,0.976948,0.006591
ACGACTCTAGGGCCGA-1,0.000785,0.491421,0.070995,0.4368
ACGACTGGTCATACTC-1,0.000332,0.360337,0.63911,0.000222
ACGAGAACCCATCACG-1,0.000582,0.066086,0.932943,0.000389
ACGAGATATTTGCTTA-1,0.000848,0.129902,0.000283,0.868967
ACGAGGATACCACTCT-1,0.00017,0.933636,0.028371,0.037823
ACGAGGTTTACAACGT-1,0.000416,0.363275,0.573376,0.062932
ACGAGTACGGATGCCC-1,0.001133,0.394524,0.539015,0.065329
ACGATACATAGAACTA-1,0.000555,0.513981,0.422179,0.063285
ACGATACCTATCCTGA-1,0.000481,0.487734,0.167462,0.344324
ACGATCATACATAGAG-1,0.000864,0.156785,0.841773,0.000577
ACGATCATCTTGTAAA-1,0.002404,0.001606,0.83112,0.16487
ACGATGCATATGTTAT-1,0.00074,0.187055,0.756913,0.055292
ACGATGGATCCGATGC-1,0.002404,0.077043,0.918947,0.001605
ACGCAAACTAATAGAT-1,0.000296,0.541586,0.382164,0.075954
ACGCAATCACTACAGC-1,0.003409,0.002277,0.992038,0.002276
ACGCATACGTTTACTA-1,0.004808,0.100743,0.234656,0.659793
ACGCATTCGTGAGTAC-1,0.001293,0.083016,0.802775,0.112916
ACGCCACTCGAAACAG-1,0.001276,0.000852,0.054387,0.943485
ACGCCAGATGATTTCT-1,0.003866,0.145853,0.847699,0.002582
ACGCCAGTGCGTTTGC-1,0.006148,0.004103,0.451814,0.537934
ACGCCCAGCTGTCGAT-1,0.001415,0.335048,0.662591,0.000945
ACGCCGCTAGACGACC-1,0.00487,0.003253,0.711742,0.280135
ACGCGAAGTCAGACGA-1,0.002156,0.553581,0.206862,0.237401
ACGCGCTACACAGGGT-1,0.000028,0.999944,0.000009,0.000019
ACGCGGGCCAAGGACA-1,0.001364,0.154806,0.84292,0.000911
ACGCGTTTCTTAAGAG-1,0.000639,0.377339,0.412308,0.209715
ACGCTAGTGATACACT-1,0.001093,0.132777,0.8654,0.00073
ACGCTGTGAGGCGTAG-1,0.000184,0.971358,0.000062,0.028396
ACGCTTAGTGTCTCTC-1,0.001302,0.197503,0.562115,0.23908
ACGGAACACGAGTGCC-1,0.004689,0.003131,0.001566,0.990614
ACGGAATTTAGCAAAT-1,0.000277,0.368924,0.532329,0.09847
ACGGACTCTCAAAGCG-1,0.001752,0.780844,0.000585,0.216818
ACGGAGCGCAAATTAC-1,0.001838,0.001228,0.766689,0.230244
ACGGATGGTGCGGATA-1,0.00431,0.002879,0.35585,0.636961
ACGGCACTTGCTTGGG-1,0.00329,0.063713,0.518508,0.414489
ACGGCCAACATGGACT-1,0.002468,0.040601,0.868691,0.08824
ACGGCGACGATGGGAA-1,0.001569,0.01042,0.329202,0.658809
ACGGCTGGATGTAGAA-1,0.000415,0.41891,0.392444,0.188231
ACGGGAGTGTCGGCCC-1,0.00035,0.555693,0.372149,0.071807
ACGGGCGTATGCGACA-1,0.006049,0.004037,0.847577,0.142337
ACGGGTCATGTGACTT-1,0.000618,0.470048,0.528921,0.000413
ACGGTACAGTTCAATG-1,0.002641,0.273688,0.32143,0.40224
ACGGTCACCGAGAACA-1,0.001369,0.273544,0.304979,0.420109
ACGTACAGATTTCTCT-1,0.003606,0.002408,0.378418,0.615567
ACGTACTTTGGCACGG-1,0.002315,0.267381,0.457695,0.272609
ACGTAGATTGCTGATG-1,0.002698,0.001802,0.993698,0.001802
ACGTAGGAGAGTCGCT-1,0.002451,0.001637,0.189992,0.80592
ACGTATTACTCCGATC-1,0.001617,0.096738,0.865117,0.036528
ACGTCTCGTTCCGGGA-1,0.000576,0.213403,0.633634,0.152387
ACGTGACAAAGTAAGT-1,0.000175,0.74476,0.067943,0.187122
ACGTGCGCCTCGTGCA-1,0.005859,0.003913,0.735505,0.254722
ACGTGGTCGAATGTGC-1,0.00111,0.484396,0.509406,0.005088
ACGTTAATGTCGAAGA-1,0.00329,0.002197,0.689931,0.304583
ACGTTAGATTTGCCCG-1,0.000445,0.342237,0.65702,0.000297
ACGTTATTGGTCACTC-1,0.000337,0.597904,0.401535,0.000225
ACGTTCACTATGCCGC-1,0.001839,0.145963,0.758866,0.093333
ACGTTCCGCGCTCCGT-1,0.00066,0.329344,0.616573,0.053423
ACGTTCGCAATCAATT-1,0.000188,0.882625,0.000063,0.117125
ACGTTCGTTCAGGAAA-1,0.000321,0.319874,0.655195,0.02461
ACGTTCTGTACAAGTC-1,0.00375,0.02132,0.446995,0.527935
ACGTTGTCGTTGAAAG-1,0.00218,0.001456,0.666983,0.32938
ACGTTTAGTTGTGATC-1,0.004167,0.002782,0.894045,0.099005
ACTAAGGACGCACACC-1,0.000826,0.468954,0.529668,0.000552
ACTAATACGTCAGGCG-1,0.001062,0.093943,0.904285,0.000709
ACTACAAAGAGAGGTG-1,0.001667,0.001113,0.730843,0.266377
ACTACATCCCGACAAG-1,0.000318,0.429315,0.414879,0.155489
ACTACCAGCTCTCTGG-1,0.001011,0.57481,0.423504,0.000675
ACTACCATCCGAGGGC-1,0.002206,0.001473,0.40505,0.59127
ACTACGCGTTAGAATT-1,0.000704,0.265109,0.531452,0.202736
ACTAGTTGCGATCGTC-1,0.000795,0.147344,0.652067,0.199795
ACTATATGCTGTGTTC-1,0.00111,0.086893,0.911257,0.000741
ACTATCCAGGGCATGG-1,0.001512,0.00101,0.931832,0.065646
ACTATCGCCGGCTAAA-1,0.000598,0.155707,0.812062,0.031633
ACTATCTGCCCGCGTA-1,0.011364,0.007592,0.759143,0.221901
ACTATGTCCAGCTGCC-1,0.000405,0.302319,0.508427,0.188849
ACTATTCGTCCGTGGT-1,0.002027,0.093338,0.903282,0.001353
ACTATTTCCGGGCCCA-1,0.0003,0.73594,0.176517,0.087243
ACTCAACGAATGTATT-1,0.000564,0.130589,0.806178,0.062669
ACTCAAGTGCAAGGCT-1,0.003125,0.370277,0.222426,0.404172
ACTCAATAAAGGCACG-1,0.000621,0.242839,0.641967,0.114573
ACTCAGACCTGCTTCT-1,0.000908,0.278964,0.667213,0.052915
ACTCATGGCAGCCTTC-1,0.001103,0.268557,0.577319,0.15302
ACTCCAATATCATCAT-1,0.001531,0.38758,0.586633,0.024257
ACTCCCATTCCTAAAG-1,0.000324,0.658705,0.23092,0.110052
ACTCCCGAATTCGTTT-1,0.001563,0.129111,0.813759,0.055567
ACTCCCGTAGACTAGG-1,0.00029,0.000193,0.968001,0.031516
ACTCCCTAATGCTAAA-1,0.003233,0.002159,0.546748,0.44786
ACTCCCTAGAATAGTA-1,0.003074,0.181351,0.419568,0.396006
ACTCCGGCCGACCACT-1,0.002467,0.310968,0.397679,0.288886
ACTCGATGTATTTCAT-1,0.000567,0.484127,0.386352,0.128953
ACTCGCCGTTCGATAA-1,0.002315,0.001546,0.085337,0.910802
ACTCGCGATCTGACGC-1,0.000081,0.027845,0.593812,0.378261
ACTCGTAACCCGTCCT-1,0.000395,0.717025,0.217976,0.064603
ACTCGTCAGTAATCCC-1,0.00605,0.00404,0.772961,0.216949
ACTCTAAACCTGGGAT-1,0.000436,0.333709,0.463574,0.202282
ACTCTCTGACTTAGGT-1,0.001059,0.789764,0.178567,0.030609
ACTCTCTTATACACGA-1,0.00329,0.002197,0.82475,0.169764
ACTCTGACCTAATAGA-1,0.003152,0.002104,0.761636,0.233109
ACTCTTCAGCTCCCGC-1,0.000104,0.000069,0.744481,0.255345
ACTCTTGTATAGTAAC-1,0.00959,0.496059,0.401962,0.092389
ACTGAAACGCCGTTAG-1,0.001995,0.17668,0.69462,0.126705
ACTGAATGGCGAAAGT-1,0.003866,0.002582,0.795842,0.197709
ACTGATTTAGTGATTC-1,0.000949,0.232484,0.765932,0.000634
ACTGCCCGCCATTCTC-1,0.000418,0.911915,0.000162,0.087505
ACTGCCGTCGTAACTC-1,0.005598,0.00374,0.690924,0.299738
ACTGCGGACACACCGT-1,0.001777,0.041476,0.936088,0.020658
ACTGCTCGGAAGGATG-1,0.000475,0.29857,0.700637,0.000317
ACTGGCGAACCTGCGT-1,0.001136,0.195272,0.802832,0.000759
ACTGGGATGCCAGTGC-1,0.001821,0.038707,0.698395,0.261077
ACTGTACGATACACAT-1,0.003205,0.21177,0.710034,0.07499
ACTGTAGCACTTTGGA-1,0.002467,0.164965,0.832,0.000569
ACTGTATACGCGAGCA-1,0.000414,0.418385,0.527851,0.053349
ACTGTCCAGGATTATA-1,0.001263,0.094072,0.852659,0.052007
ACTGTCTTCTTTAGAA-1,0.001271,0.203016,0.794864,0.000849
ACTGTGCTAGTAGATC-1,0.000563,0.657751,0.232959,0.108727
ACTGTTTAGTGTAGGC-1,0.002501,0.583051,0.318418,0.096031
ACTTACCGGGCGCGCA-1,0.00125,0.105866,0.88301,0.009873
ACTTACGCATCCACGC-1,0.006358,0.181337,0.808059,0.004245
ACTTAGTACGACAAGA-1,0.000276,0.937041,0.055987,0.006696
ACTTATACTTACCCGG-1,0.005137,0.00343,0.793122,0.19831
ACTTATTAGGATCGGT-1,0.003409,0.075527,0.873185,0.047878
ACTTATTTATGTGCCA-1,0.003409,0.002277,0.796319,0.197995
ACTTCAGGCTGATCCC-1,0.001054,0.496486,0.000352,0.502109
ACTTCCAGTGGAAGCT-1,0.000686,0.3809,0.399147,0.219267
ACTTCCATGCGGGACA-1,0.003233,0.002159,0.690962,0.303646
ACTTCGCCATACGCAC-1,0.000885,0.393055,0.554276,0.051784
ACTTCGCTAGCGAGTG-1,0.000063,0.503079,0.329902,0.166956
ACTTGACTCCCTCTTT-1,0.004688,0.003131,0.588594,0.403588
ACTTGCCATATTGTAC-1,0.000448,0.651883,0.33056,0.017109
ACTTGGGACCCGGTGG-1,0.00029,0.766627,0.206585,0.026498
ACTTGGGCTTTCGCCA-1,0.002863,0.31906,0.000956,0.677121
ACTTGTAGTCCCTTCA-1,0.000192,0.68491,0.295057,0.01984
ACTTGTGGATGGAACG-1,0.002534,0.556328,0.316167,0.124971
ACTTGTTACCGGATCA-1,0.003827,0.002554,0.512316,0.481302
ACTTTACCCTCATGAA-1,0.00113,0.319969,0.646231,0.032671
ACTTTCCTATAGCTTC-1,0.00121,0.278162,0.669545,0.051084
ACTTTGACTGCATCCT-1,0.0001,0.897999,0.090271,0.011631
ACTTTGGTCGTGCTCC-1,0.000805,0.428981,0.516857,0.053356
ACTTTGTCGACGCACT-1,0.000731,0.000488,0.740975,0.257805
AGAAATTATGACTCGC-1,0.002907,0.001941,0.968074,0.027078
AGAACCCAGCGTGACA-1,0.000056,0.025677,0.33188,0.642387
AGAACCCTCAATTGGG-1,0.000389,0.658876,0.304592,0.036143
AGAACGTGGTACATTC-1,0.000848,0.221798,0.776787,0.000567
AGAACTGTACTTTGTA-1,0.004262,0.002846,0.606945,0.385947
AGAAGAGCGCCGTTCC-1,0.0375,0.025023,0.912447,0.02503
AGAAGGTACACTTCAC-1,0.000455,0.346085,0.640943,0.012517
AGAAGGTTGCCGAATT-1,0.000576,0.44642,0.412765,0.140239
AGAAGGTTGTAGGTCG-1,0.003233,0.002158,0.531247,0.463361
AGAAGTGATTCGTGAT-1,0.000493,0.447758,0.542812,0.008937
AGAATAAATCTTCAGG-1,0.000066,0.957159,0.000022,0.042753
AGAATACAGGCTATCC-1,0.002107,0.001407,0.078255,0.918231
AGAATGCGGGTTCGGA-1,0.00078,0.000521,0.951335,0.047364
AGAATTATGGATTCGA-1,0.000959,0.179272,0.819129,0.00064
AGAATTGTTTGACATA-1,0.000888,0.348548,0.469671,0.180893
AGACAGCTCAGAATCC-1,0.000492,0.495683,0.488888,0.014937
AGACAGGCATCTCAGC-1,0.000278,0.046223,0.573412,0.380087
AGACATAGATCCTTCC-1,0.000891,0.209535,0.739795,0.049779
AGACCAAACCACACCT-1,0.000239,0.607376,0.290685,0.1017
AGACCATGGGATACAA-1,0.000265,0.25251,0.713642,0.033583
AGACCCACCGCTGATC-1,0.000709,0.194827,0.563188,0.241276
AGACCCGCCCTCCTCG-1,0.000294,0.91954,0.07997,0.000196
AGACCGCTCCGCGGTT-1,0.003348,0.185033,0.632094,0.179525
AGACCGGGAAACCCTG-1,0.000114,0.751842,0.169833,0.078211
AGACGAAGTGCCGGTC-1,0.003827,0.089294,0.511215,0.395664
AGACGACGATGCCGCT-1,0.000876,0.157157,0.740626,0.101341
AGACGCCCACTTCGCC-1,0.006697,0.004472,0.697685,0.291146
AGACGGGATTGGTATA-1,0.0014,0.551271,0.446395,0.000935
AGACGGGCCGATTTAA-1,0.001123,0.00075,0.997377,0.00075
AGACTAGCCTTCCAGA-1,0.000872,0.489719,0.382883,0.126526
AGACTGTTACCGGGTC-1,0.000405,0.512625,0.4867,0.00027
AGAGAAACACCAGAAA-1,0.000549,0.46896,0.50023,0.03026
AGAGAACCGTCTAGGA-1,0.000902,0.329026,0.594759,0.075313
AGAGAAGGAGTACAAT-1,0.000673,0.113735,0.754176,0.131416
AGAGATCTCTAAAGCG-1,0.000148,0.805496,0.098419,0.095937
AGAGCAGTTATGAGAC-1,0.000055,0.94562,0.054288,0.000037
AGAGCCGCCGAGATTT-1,0.000693,0.000463,0.733298,0.265546
AGAGCGCTTGTAACGG-1,0.000683,0.190061,0.709326,0.09993
AGAGCGGGCTAATCAT-1,0.000357,0.837835,0.003853,0.157956
AGAGCGTACAAGCTCG-1,0.000512,0.322837,0.676309,0.000342
AGAGCTACGAAAGCAT-1,0.000213,0.586954,0.377307,0.035526
AGAGGCTTCGGAAACC-1,0.002155,0.00144,0.914253,0.082152
AGAGGTATCTCGGTCC-1,0.001866,0.3514,0.645488,0.001246
AGAGTAAACTTCACTA-1,0.002061,0.001376,0.876395,0.120169
AGAGTATAGTGTTACG-1,0.00056,0.540748,0.39679,0.061902
AGAGTTAGAGACCGAT-1,0.003025,0.150201,0.560893,0.285881
AGAGTTGCAGGCCTCC-1,0.000283,0.266951,0.615046,0.11772
AGATAACTTCAGGGCC-1,0.000438,0.293145,0.646198,0.06022
AGATACCAATAGAACC-1,0.001364,0.6408,0.069127,0.28871
AGATACCAGCACTTCA-1,0.000548,0.240144,0.758942,0.000366
AGATACCGGTGTTCAC-1,0.000367,0.613342,0.386046,0.000245
AGATACGACTTCATAT-1,0.000826,0.417635,0.281033,0.300506
AGATACTCAAGATCGA-1,0.008335,0.005567,0.65077,0.335328
AGATATAATACGACTA-1,0.002435,0.151055,0.432403,0.414107
AGATCGTGCATAAGAT-1,0.000654,0.070022,0.753642,0.175681
AGATCTCAGGTGTGAT-1,0.001187,0.226367,0.771654,0.000792
AGATGACTCGCCCACG-1,0.00077,0.257593,0.702316,0.039321
AGATGAGGGTTGCGAT-1,0.000495,0.1762,0.817164,0.00614
AGATGATGGAGTCTGG-1,0.000671,0.10336,0.831328,0.064641
AGATGCAAGACGTGCA-1,0.000656,0.642773,0.306531,0.050041
AGATGCATCCTGTGTC-1,0.000316,0.60935,0.164684,0.22565
AGATGCTATAACGAGC-1,0.000664,0.232781,0.752476,0.01408
AGATTATAGGACGTTT-1,0.000732,0.812142,0.138004,0.049122
AGATTCACAACCGATA-1,0.00027,0.31365,0.640696,0.045384
AGCAAAGGCCGCTAGT-1,0.002006,0.072014,0.598041,0.32794
AGCAACATATCTTATT-1,0.004261,0.002846,0.990047,0.002846
AGCAACCGAAAGTAAT-1,0.000408,0.442571,0.556748,0.000273
AGCACACGTTTAGACT-1,0.000334,0.883366,0.000111,0.116189
AGCACCAGTACTCACG-1,0.000414,0.357779,0.641531,0.000276
AGCACTACCGGCCTGT-1,0.000122,0.945462,0.054334,0.000082
AGCACTACCTCACCAG-1,0.001126,0.253633,0.292712,0.452529
AGCACTTAAGGACGCC-1,0.000233,0.979708,0.000078,0.019982
AGCAGAAGGAGAAAGA-1,0.001289,0.239613,0.655878,0.103221
AGCAGCCAGATGAATA-1,0.002885,0.085319,0.593863,0.317933
AGCAGTCGAAGCATGC-1,0.002359,0.001575,0.661426,0.33464
AGCATATCAATATGCT-1,0.000801,0.544585,0.250639,0.203974
AGCATCATTTCGAAAG-1,0.000317,0.237943,0.70349,0.05825
AGCATCGTCGATAATT-1,0.004168,0.002783,0.990267,0.002783
AGCATTACGAGGCAAG-1,0.005859,0.003913,0.534924,0.455303
AGCCAAGCTTTGTGTC-1,0.000587,0.468555,0.462708,0.06815
AGCCACAGGTTACCCG-1,0.004168,0.088583,0.638151,0.269098
AGCCACTCCCGTGCTT-1,0.002049,0.123586,0.872996,0.001368
AGCCATATAGTATGTG-1,0.002143,0.208281,0.341855,0.447721
AGCCCATACATGTAAG-1,0.000104,0.765899,0.152161,0.081835
AGCCCGCAACAAGCAG-1,0.002435,0.001627,0.845229,0.150709
AGCCCGCACTACAATG-1,0.003713,0.09921,0.00124,0.895837
AGCCCGGCATTAGAGG-1,0.000714,0.201397,0.516037,0.281851
AGCCCGGTAGCCTGTA-1,0.000322,0.589619,0.362717,0.047342
AGCCCTAAGCGAAGTT-1,0.000391,0.602491,0.337988,0.05913
AGCCCTCCCTGGTGGC-1,0.000917,0.374908,0.621609,0.002567
AGCCCTGTCGCACCGT-1,0.002953,0.11608,0.657946,0.223021
AGCCCTTCTAATCCGA-1,0.00041,0.223473,0.775844,0.000274
AGCCCTTGGACATCCC-1,0.002119,0.001415,0.713322,0.283145
AGCCGCAAATTCAAAT-1,0.000109,0.99228,0.000036,0.007575
AGCCGCTTGATTAGCG-1,0.000821,0.280146,0.654123,0.06491
AGCCGTGGCTAAATGT-1,0.000486,0.4717,0.489492,0.038323
AGCCTAATACCCACGT-1,0.000377,0.10344,0.081789,0.814394
AGCCTTAAAGCGGAAG-1,0.000209,0.598533,0.401117,0.00014
AGCGACAGGAACGGTC-1,0.000363,0.569517,0.417947,0.012172
AGCGACATCCCATTCA-1,0.002259,0.188121,0.80811,0.001509
AGCGACCAACGATATT-1,0.000649,0.201489,0.797429,0.000433
AGCGACTTTGAAGACA-1,0.002718,0.001815,0.472716,0.522751
AGCGAGACGTGAAGGC-1,0.000441,0.538757,0.460507,0.000295
AGCGATGCGCCTAATA-1,0.004465,0.266903,0.397937,0.330694
AGCGCATAATGAATCG-1,0.001284,0.000858,0.565154,0.432704
AGCGCGGGTGCCAATG-1,0.001638,0.174614,0.822654,0.001094
AGCGCTAGAGCGATGT-1,0.00025,0.672262,0.280696,0.046792
AGCGCTTATGGGCAAG-1,0.00094,0.116912,0.865101,0.017047
AGCGGACACTTCGTAG-1,0.001293,0.128355,0.371695,0.498658
AGCGGCGGTTAGCGGT-1,0.000406,0.521542,0.397801,0.080251
AGCGGGAAGGGTCCAT-1,0.00034,0.707427,0.209813,0.08242
AGCGGGTCTGACACTC-1,0.000926,0.138277,0.662181,0.198617
AGCGGTTGCCGCTCTG-1,0.002799,0.248534,0.746799,0.001869
AGCGTACGAGAGCTAG-1,0.000673,0.501386,0.497491,0.00045
AGCGTCTGAACCCGCA-1,0.001506,0.198872,0.702274,0.097348
AGCGTGGTATTCTACT-1,0.002435,0.001627,0.511634,0.484305
AGCTAACAAGCAATGT-1,0.000386,0.453775,0.377997,0.167842
AGCTAAGCTCCGTCCG-1,0.002484,0.001659,0.635726,0.360131
AGCTAAGTACGCAGGC-1,0.003349,0.091078,0.903337,0.002236
AGCTACGAATGGTGGT-1,0.001728,0.001154,0.541719,0.455399
AGCTAGAAGCAGAAGT-1,0.000632,0.479519,0.457461,0.062388
AGCTATTTAATCCAAC-1,0.000982,0.253754,0.656463,0.0888
AGCTCCATATATGTTC-1,0.002107,0.001407,0.397579,0.598907
AGCTCCTTCGCACATC-1,0.005,0.00334,0.98832,0.00334
AGCTCGTTGATGGAAA-1,0.000116,0.039332,0.903385,0.057167
AGCTCTAGACGTTCCA-1,0.0125,0.071642,0.907509,0.008348
AGCTCTTCCCAGTGCA-1,0.000724,0.270335,0.716975,0.011966
AGCTCTTCGTAACCTT-1,0.002467,0.001647,0.872451,0.123434
AGCTCTTTACTCAGTT-1,0.000576,0.515409,0.371951,0.112063
AGCTGAAGTAAACCAA-1,0.000517,0.227228,0.646294,0.125961
AGCTGTAACCTCAATC-1,0.000402,0.819056,0.145931,0.034612
AGCTTATAGAGACCTG-1,0.000786,0.308794,0.654716,0.035704
AGCTTCAATACTTTGA-1,0.001225,0.493887,0.431433,0.073455
AGCTTCTTCTCGAGCA-1,0.004076,0.002722,0.735738,0.257463
AGCTTGATCTTAACTT-1,0.000121,0.874775,0.082752,0.042353
AGGAACGAACGACTTC-1,0.010136,0.006766,0.584215,0.398883
AGGAAGCTGTCCGCCG-1,0.002206,0.001474,0.922384,0.073936
AGGACAGTCGAATCCC-1,0.001631,0.256313,0.17365,0.568407
AGGACATCGCACGTCG-1,0.000919,0.184437,0.81403,0.000614
AGGACATCGGCACACT-1,0.001202,0.519481,0.077308,0.40201
AGGACGACCCATTAGA-1,0.000709,0.455686,0.543132,0.000473
AGGACGCTCGATGTTG-1,0.001072,0.363678,0.631352,0.003899
AGGACTTATAGGAGAA-1,0.000637,0.323108,0.277471,0.398784
AGGAGACATCCACAGT-1,0.000319,0.000213,0.876959,0.122509
AGGAGAGTCTGGCTAC-1,0.000071,0.052332,0.65757,0.290027
AGGAGCGTTTATTATC-1,0.001158,0.751431,0.087285,0.160126
AGGAGGCCTTCGCGCG-1,0.003233,0.002159,0.759501,0.235107
AGGATAAAGTCGGGAT-1,0.001848,0.049166,0.25567,0.693316
AGGATATAGGGATTTA-1,0.00293,0.001956,0.993157,0.001957
AGGATATCCGACTGCA-1,0.005515,0.003682,0.872104,0.118699
AGGATCACGCGATCTG-1,0.00035,0.586796,0.151838,0.261016
AGGATTGCTTACGACA-1,0.005068,0.003385,0.988162,0.003384
AGGCACGTGACTGTCC-1,0.001369,0.000914,0.432004,0.565713
AGGCAGATGCGTAAAC-1,0.000622,0.48496,0.514003,0.000415
AGGCAGGGAGCGTACT-1,0.000299,0.588304,0.399682,0.011716
AGGCATTGTCGTAGGG-1,0.001068,0.073603,0.313223,0.612105
AGGCCACATTGGTTAC-1,0.000276,0.000185,0.733754,0.265785
AGGCCACCCGTTATGA-1,0.000733,0.160012,0.765568,0.073687
AGGCCCAGTGACTGGT-1,0.000545,0.393995,0.412014,0.193446
AGGCCCATTGTACAGG-1,0.000521,0.000348,0.840878,0.158253
AGGCCCTAGAACGCCA-1,0.000084,0.882201,0.117659,0.000056
AGGCCTATCATACCAA-1,0.002072,0.001384,0.921239,0.075306
AGGCCTGAGAATCTCG-1,0.001246,0.000832,0.000416,0.997506
AGGCGATAACTGGCGT-1,0.00023,0.000153,0.696384,0.303233
AGGCGGTTTGTCCCGC-1,0.000406,0.340387,0.64146,0.017747
AGGCGTCTATGGACGG-1,0.000964,0.000644,0.997748,0.000644
AGGCTATGGTTAGCTT-1,0.000552,0.245504,0.753576,0.000368
AGGCTTAAGTTGCACA-1,0.001943,0.322387,0.217483,0.458187
AGGCTTCCCGAAGAAG-1,0.000296,0.552345,0.395297,0.052063
AGGCTTGCTAGACACC-1,0.000219,0.740637,0.240433,0.018711
AGGGAAACGAGGTACT-1,0.000509,0.218207,0.530348,0.250936
