Barcode,Topic 1,Topic 2,Topic 3to5,Topic 6to10
AAACAACGAATAGTTC-1,0.000578,0.000578,0.406223,0.59262
AAACAAGTATCTCCCA-1,0.000031,0.000031,0.201286,0.798652
AAACAATCTACTAGCA-1,0.000069,0.03457,0.166968,0.798393
AAACACCAATAACTGC-1,0.001961,0.001961,0.352353,0.643725
AAACAGAGCGACTCCT-1,0.002858,0.002858,0.008574,0.98571
AAACAGCTTTCAGAAG-1,0.00087,0.00087,0.002609,0.995651
AAACAGGGTCTATATT-1,0.002326,0.002326,0.006979,0.988368
AAACATTTCCCGGATT-1,0.000061,0.035316,0.274344,0.690279
AAACCCGAACGAAATC-1,0.000029,0.492542,0.073117,0.434311
AAACCGGGTAGGTACC-1,0.000018,0.001227,0.275336,0.723419
AAACCGTTCGTCCAGG-1,0.000019,0.059362,0.42571,0.51491
AAACCTAAGCAGCCGG-1,0.000513,0.000513,0.865221,0.133753
AAACCTCATGAAGTTG-1,0.000013,0.004241,0.891552,0.104194
AAACGAAGAACATACC-1,0.000476,0.000476,0.001429,0.997618
AAACGAAGATGGAGTA-1,0.000402,0.00138,0.078524,0.919694
AAACGAGACGGTTGAT-1,0.000127,0.000127,0.131415,0.868332
AAACGGGCGTACGGGT-1,0.00006,0.024723,0.382239,0.592977
AAACGGGTTGGTATCC-1,0.00099,0.00099,0.413423,0.584596
AAACTAACGTGGCGAC-1,0.000108,0.015739,0.225575,0.758579
AAACTCGGTTCGCAAT-1,0.000238,0.000238,0.25126,0.748264
AAACTCGTGATATAAG-1,0.000034,0.025201,0.068132,0.906633
AAACTGCTGGCTCCAA-1,0.000085,0.046408,0.105763,0.847745
AAACTTAATTGCACGC-1,0.00026,0.00026,0.000779,0.998701
AAACTTGCAAACGTAT-1,0.000037,0.000037,0.999738,0.000187
AAAGACCCAAGTCGCG-1,0.000196,0.000196,0.000587,0.999021
AAAGACTGGGCGCTTT-1,0.00004,0.00004,0.584033,0.415887
AAAGGCCCTATAATAC-1,0.001389,0.001389,0.004168,0.993054
AAAGGCTACGGACCAT-1,0.000109,0.069902,0.195129,0.73486
AAAGGGCAGCTTGAAT-1,0.39253,0.02251,0.000407,0.584553
AAAGGTAAGCTGTACC-1,0.001205,0.001205,0.734576,0.263013
AAAGTAGCATTGCTCA-1,0.000065,0.039556,0.256407,0.703972
AAAGTCGACCCTCAGT-1,0.000155,0.000155,0.45123,0.54846
AAAGTGTGATTTATCT-1,0.00003,0.060771,0.246437,0.692762
AAAGTTGACTCCCGTA-1,0.000016,0.023152,0.595086,0.381746
AAATAACCATACGGGA-1,0.0008,0.0008,0.002401,0.995999
AAATAAGGTAGTGCCC-1,0.000028,0.115579,0.102696,0.781697
AAATACCTATAAGCAT-1,0.000051,0.000051,0.000153,0.999744
AAATAGCTTAGACTTT-1,0.000035,0.000035,0.149977,0.849953
AAATAGGGTGCTATTG-1,0.006251,0.006252,0.956236,0.031261
AAATCCGATACACGCC-1,0.000297,0.000297,0.997922,0.001484
AAATCGCGGAAGGAGT-1,0.000259,0.000259,0.000777,0.998704
AAATCTAGCCCTGCTA-1,0.000036,0.020931,0.042638,0.936395
AAATCTGCCCGCGTCC-1,0.000813,0.000813,0.00244,0.995934
AAATGATTCGATCAGC-1,0.000033,0.020458,0.464353,0.515156
AAATGCTCGTTACGTT-1,0.000049,0.004495,0.000148,0.995308
AAATGGCATGTCTTGT-1,0.000855,0.000855,0.002565,0.995725
AAATGGCCCGTGCCCT-1,0.001924,0.001924,0.1435,0.852653
AAATGGTCAATGTGCC-1,0.000021,0.232169,0.038669,0.729141
AAATTACACGACTCTG-1,0.001299,0.001299,0.003897,0.993505
AAATTACCTATCGATG-1,0.000067,0.000067,0.623568,0.376298
AAATTCCAGGTCCAAA-1,0.000017,0.53526,0.000056,0.464667
AAATTGATAGTCCTTT-1,0.000075,0.020546,0.160802,0.818576
AAATTGCGGCGGTTCT-1,0.001177,0.001177,0.203773,0.793874
AAATTTACCGAAATCC-1,0.001099,0.001099,0.338025,0.659777
AAATTTGCGGGTGTGG-1,0.000028,0.000685,0.014591,0.984696
AACAACTGGTAGTTGC-1,0.000028,0.042245,0.33172,0.626007
AACAATACATTGTCGA-1,0.000221,0.000221,0.000662,0.998896
AACAATTACTCTACGC-1,0.000004,0.000004,0.980441,0.019551
AACACACGCTCGCCGC-1,0.00002,0.006191,0.297941,0.695848
AACACGACTGTACTGA-1,0.000239,0.000239,0.227209,0.772314
AACACGAGACGCGGCC-1,0.000051,0.000051,0.320129,0.67977
AACACGCGGCCGCGAA-1,0.000045,0.038935,0.195984,0.765036
AACAGCTGTGTGGCAA-1,0.000087,0.022354,0.08259,0.894969
AACAGGAAATCGAATA-1,0.000181,0.000181,0.327194,0.672444
AACAGGATGGGCCGCG-1,0.000013,0.052226,0.40425,0.543511
AACAGGTAGTATGGAT-1,0.000012,0.890325,0.018916,0.090747
AACATAGCGTGTATCG-1,0.025007,0.025005,0.824943,0.125045
AACATATCAACTGGTG-1,0.000034,0.020581,0.083225,0.896161
AACATCGATACGTCTA-1,0.000068,0.000068,0.150935,0.84893
AACATTGAAGTTGATC-1,0.000085,0.000085,0.875451,0.124379
AACATTGGTCAGCCGT-1,0.000351,0.000351,0.206304,0.792995
AACATTGTGACTCGAG-1,0.000249,0.000249,0.000748,0.998753
AACCAAGACTTCTCTG-1,0.000007,0.010914,0.933117,0.055962
AACCAGTATCACTCTT-1,0.000498,0.000498,0.228702,0.770303
AACCATAGGGTTGAAC-1,0.000112,0.000112,0.15276,0.847017
AACCATGGGATCGCTA-1,0.000033,0.013961,0.003314,0.982692
AACCCAGAGACGGAGA-1,0.000074,0.000074,0.006393,0.993458
AACCCATCCCATGATC-1,0.001961,0.001962,0.005884,0.990194
AACCCGACAACCCGTG-1,0.000039,0.000039,0.118742,0.881179
AACCCGAGCAGAATCG-1,0.000045,0.073886,0.075587,0.850482
AACCCTACTGTCAATA-1,0.000029,0.000029,0.374944,0.624997
AACCCTGGTGGAACCA-1,0.000337,0.000337,0.787275,0.212051
AACCGAGCTTGGTCAT-1,0.000072,0.000072,0.100095,0.899761
AACCGCTAAGGGATGC-1,0.000022,0.005935,0.227781,0.766262
AACCGTTGTGTTTGCT-1,0.000347,0.000347,0.372707,0.626598
AACCTAAAGCCGTCCG-1,0.000172,0.000172,0.016715,0.982942
AACCTCGCTTTAGCCC-1,0.002632,0.002632,0.240492,0.754244
AACCTGTCACGGAATT-1,0.00004,0.258146,0.09075,0.651063
AACCTTTAAATACGGT-1,0.000224,0.000224,0.309192,0.69036
AACCTTTACGACGTCT-1,0.003449,0.003449,0.576685,0.416418
AACGAAAGTCGTCCCA-1,0.000081,0.000081,0.170059,0.82978
AACGATAATGCCGTAG-1,0.00003,0.00003,0.114799,0.88514
AACGATAGAAGGGCCG-1,0.000071,0.000071,0.292258,0.7076
AACGATATGTCAACTG-1,0.001924,0.001924,0.389486,0.606667
AACGCATGATCTGGGT-1,0.001588,0.001588,0.398045,0.59878
AACGCGAACGGCAACA-1,0.000188,0.000188,0.000563,0.999062
AACGCGACCTTGGGCG-1,0.000083,0.056895,0.308803,0.634219
AACGCTGTTGCTGAAA-1,0.000033,0.023849,0.054838,0.921281
AACGGACGTACGTATA-1,0.000021,0.008403,0.429181,0.562396
AACGGCCATCTCCGGT-1,0.000022,0.0048,0.222215,0.772963
AACGTACTGTGGGTAC-1,0.000032,0.087456,0.06393,0.848582
AACGTAGTCTACCCAT-1,0.000079,0.004186,0.008996,0.986739
AACGTCAGACTAGTGG-1,0.000048,0.031741,0.09673,0.871481
AACGTGATGAAGGACA-1,0.000375,0.000375,0.549903,0.449348
AACGTGCGAAAGTCTC-1,0.000234,0.000234,0.000703,0.998829
AACGTTATCAGCACCT-1,0.000617,0.000617,0.625301,0.373464
AACTACCCGTTTGTCA-1,0.000007,0.999346,0.000611,0.000035
AACTCAAGTTAATTGC-1,0.000033,0.113602,0.010049,0.876315
AACTCCAGAGCGTGTT-1,0.000106,0.000106,0.118252,0.881536
AACTCCTAATCCCATG-1,0.001471,0.001471,0.004413,0.992645
AACTCGATAAACACGT-1,0.000037,0.011766,0.074528,0.91367
AACTCGATGGCGCAGT-1,0.000045,0.010783,0.125605,0.863566
AACTCTCAATAGAGCG-1,0.000016,0.004683,0.610094,0.385208
AACTCTCAGTGTGCTC-1,0.000048,0.000048,0.102495,0.897409
AACTGAGGTCAGCGTC-1,0.000123,0.000123,0.46727,0.532483
AACTGGGTTCGAGCCG-1,0.004546,0.004547,0.01364,0.977268
AACTTCTGCGTCTATC-1,0.000028,0.055873,0.356031,0.588068
AACTTGCCCGTATGCA-1,0.000007,0.000273,0.938215,0.061505
AACTTGCGTTCTCGCG-1,0.000077,0.000077,0.000231,0.999615
AACTTTACGGGAGCTT-1,0.001316,0.001316,0.003949,0.993419
AAGAAAGTTTGATGGG-1,0.000503,0.000503,0.001508,0.997487
AAGAAGGATCAGTTAG-1,0.00004,0.007367,0.104255,0.888338
AAGACATACGTGGTTT-1,0.000017,0.020364,0.287602,0.692017
AAGACCAAATAACTCA-1,0.00035,0.00035,0.284474,0.714827
AAGACCCAACTGAACA-1,0.000065,0.071955,0.036605,0.891375
AAGACTAACCCGTTGT-1,0.000637,0.000637,0.001911,0.996814
AAGACTGCAAGCTACT-1,0.000037,0.00675,0.349701,0.643512
AAGAGATGAATCGGTA-1,0.000025,0.042565,0.24859,0.708819
AAGAGCTCTTTATCGG-1,0.000172,0.000172,0.163641,0.836016
AAGAGGATGTACGCGA-1,0.000021,0.000263,0.266016,0.733699
AAGAGGCATGGATCGC-1,0.000129,0.052246,0.098839,0.848786
AAGAGGCCCTTTGGAA-1,0.000038,0.040785,0.000114,0.959063
AAGATGGCACCGGACC-1,0.000236,0.000236,0.000708,0.99882
AAGATTGGCGGAACGT-1,0.000149,0.000149,0.187457,0.812245
AAGCACCCTGCGTATC-1,0.000439,0.000439,0.001316,0.997806
AAGCATACTCTCCTGA-1,0.000084,0.014138,0.103059,0.882718
AAGCCGAAGCGGTTTA-1,0.000043,0.021229,0.123566,0.855161
AAGCCGCCGTGAAATC-1,0.000578,0.000578,0.001735,0.997109
AAGCGCAGGGCTTTGA-1,0.000198,0.000198,0.251369,0.748235
AAGCGGCGTCATGGGT-1,0.000855,0.000855,0.002565,0.995725
AAGCGTCCCTCATCGA-1,0.00009,0.00009,0.406942,0.592878
AAGCTAGATCGAGTAA-1,0.000094,0.000094,0.081706,0.918106
AAGCTATGGATTGACC-1,0.000312,0.000312,0.101392,0.897985
AAGCTCGTGCCAAGTC-1,0.000098,0.000098,0.999313,0.000491
AAGCTCTTTCATGGTG-1,0.004547,0.004547,0.013641,0.977265
AAGGAGCGGTTGGTGC-1,0.000032,0.184578,0.000095,0.815296
AAGGATCGATCGCTTG-1,0.000035,0.149513,0.028604,0.821847
AAGGATGAGGGACCTC-1,0.000176,0.1504,0.014598,0.834825
AAGGCGCGTAAAGCTT-1,0.000034,0.061977,0.109331,0.828657
AAGGCTGTGCTCATCG-1,0.000033,0.230752,0.047399,0.721815
AAGGGAACGACTGGCT-1,0.001334,0.001334,0.004001,0.993332
AAGGGACAGATTCTGT-1,0.000028,0.000028,0.922389,0.077555
AAGGGACTATGCATTC-1,0.000109,0.029093,0.000327,0.97047
AAGGTATCCTAATATA-1,0.001099,0.001099,0.288725,0.709077
AAGGTGATAAACCAGC-1,0.000025,0.01825,0.176824,0.804901
AAGTAGAAGACCGGGT-1,0.000048,0.000048,0.427004,0.5729
AAGTAGTGACGCGAGG-1,0.000022,0.005839,0.26663,0.72751
AAGTCAATTGTCGTCA-1,0.000036,0.000036,0.170096,0.829831
AAGTGACGACCGAATT-1,0.000005,0.008315,0.936086,0.055594
AAGTGAGTCGGGTTTA-1,0.000049,0.056815,0.152415,0.790721
AAGTGCAAAGGTAGAC-1,0.000345,0.000345,0.001035,0.998275
AAGTGCCTTGACTGTA-1,0.000047,0.019252,0.157192,0.823509
AAGTGCGTTAGAATCT-1,0.000053,0.014572,0.027194,0.958182
AAGTGCTTCTCTATTG-1,0.000051,0.023294,0.16875,0.807904
AAGTGTTTGGAGACGG-1,0.001613,0.001613,0.00484,0.991933
AAGTTCACTCCAAGCT-1,0.000827,0.000827,0.773653,0.224694
AAGTTCAGTCTGCGTA-1,0.000541,0.136018,0.001622,0.861819
AAGTTCGGCCAACAGG-1,0.000024,0.002239,0.144506,0.853231
AAGTTGTGATGTTATA-1,0.000041,0.018062,0.459391,0.522506
AAGTTTACTAATGGCA-1,0.00007,0.021112,0.000211,0.978607
AAGTTTATGGGCCCAA-1,0.001352,0.001352,0.172178,0.825119
AATAACAACGCTCGGC-1,0.000021,0.007627,0.278469,0.713883
AATAACACTAGAACAA-1,0.000035,0.043553,0.016989,0.939423
AATAAGTCCTCGAGAC-1,0.000056,0.000056,0.224247,0.775641
AATACAATGTTTCAGG-1,0.001235,0.001235,0.003705,0.993826
AATACCGGAGGGCTGT-1,0.000046,0.000046,0.130613,0.869295
AATAGAACAGAGTGGC-1,0.000033,0.179272,0.0001,0.820594
AATAGAATCTGTTTCA-1,0.000029,0.05694,0.114757,0.828274
AATAGCTACCGCGTGC-1,0.000944,0.000944,0.002831,0.995282
AATAGTCGCGAGTCGG-1,0.002128,0.131518,0.006385,0.859969
AATATCAAGGTCGGAT-1,0.000027,0.000662,0.443531,0.555781
AATATCGAATCAATGC-1,0.000036,0.15878,0.027429,0.813755
AATATCGAGGGTTCTC-1,0.000038,0.017564,0.215151,0.767247
AATATTGGAGTATTGA-1,0.000032,0.000032,0.186483,0.813454
AATCAGACTGCAGGAC-1,0.000885,0.000885,0.77018,0.22805
AATCATGTAAAGACTC-1,0.000043,0.011681,0.000128,0.988149
AATCCAAGGGCCTGAG-1,0.000051,0.000051,0.000152,0.999746
AATCCATGCAAGGGTG-1,0.000204,0.000204,0.310016,0.689577
AATCGAGGTCTCAAGG-1,0.010002,0.010002,0.030009,0.949986
AATCGCCTCAGCGCCA-1,0.000215,0.000215,0.01364,0.985931
AATCGCGCAGAGGACT-1,0.000019,0.629885,0.053619,0.316477
AATCGGGACACTACGA-1,0.000096,0.000096,0.000289,0.999519
AATCGGTATAGCCCTC-1,0.000047,0.009672,0.265234,0.725048
AATCGTGAGCCGAGCA-1,0.00164,0.00164,0.004919,0.991801
AATCTAGGTTTACTTG-1,0.000621,0.000621,0.001864,0.996894
AATCTATGCCGGAGCC-1,0.000034,0.041794,0.161728,0.796444
AATCTCTACTGTGGTT-1,0.001053,0.001053,0.095152,0.902742
AATCTGCGTTGGGACG-1,0.000005,0.006769,0.936722,0.056504
AATCTGGCTTTCTAGT-1,0.003334,0.003334,0.010003,0.983329
AATCTGGGTAGACCCT-1,0.000725,0.000725,0.002175,0.996376
AATGACAGCAATGTCT-1,0.000029,0.066655,0.076831,0.856485
AATGACGTAGGATGTC-1,0.001695,0.001695,0.005086,0.991523
AATGACTGTCAGCCGG-1,0.000047,0.028336,0.243213,0.728404
AATGAGTTCGCATATG-1,0.000111,0.000111,0.000333,0.999446
AATGATGATACGCTAT-1,0.000124,0.000124,0.363515,0.636238
AATGATGCGACTCCTG-1,0.000066,0.10829,0.127304,0.764339
AATGCACCAAGCAATG-1,0.000581,0.000582,0.582396,0.41644
AATGGTCCACCGTTCA-1,0.00008,0.00008,0.048712,0.951129
AATGGTTCTCACAAGC-1,0.000058,0.024618,0.044832,0.930493
AATGTATGGCACTGTA-1,0.000152,0.000152,0.000455,0.999242
AATGTGCCCGAGGTGT-1,0.000103,0.000103,0.156326,0.843467
AATGTTAAGACCCTGA-1,0.020003,0.020003,0.06002,0.899973
AATGTTGTCGTGAGAC-1,0.000043,0.000043,0.158464,0.841449
AATTAAAGGTCGGCGT-1,0.000014,0.848306,0.000043,0.151636
AATTACGAGACCCATC-1,0.000447,0.000447,0.140614,0.858492
AATTACTCGTACGCTC-1,0.00012,0.00012,0.00036,0.9994
AATTATACCCAGCAAG-1,0.000158,0.000158,0.203278,0.796406
AATTCATAAGGGATCT-1,0.00164,0.00164,0.004919,0.991801
AATTCATTGTCATGCA-1,0.000685,0.000685,0.459384,0.539246
AATTCCAACTTGGTGA-1,0.000212,0.000212,0.386404,0.613171
AATTCGATTCGAGGAT-1,0.000833,0.33291,0.002501,0.663756
AATTGAACGCTCTGGT-1,0.000129,0.000129,0.274537,0.725205
AATTGCAGCAATCGAC-1,0.000041,0.010231,0.000122,0.989606
AATTGCGTGGATTACA-1,0.000036,0.000036,0.142438,0.857491
AATTTGGGACATAGTA-1,0.002501,0.002501,0.007502,0.987497
AATTTGGTTCCAAAGA-1,0.000199,0.000199,0.293722,0.705879
ACAAACCATGCGTCCT-1,0.000935,0.000935,0.002805,0.995326
ACAAACCGACAAGGCG-1,0.000207,0.000207,0.000621,0.998965
ACAAAGCATGACCTAG-1,0.000043,0.004668,0.301167,0.694121
ACAAATCGCACCGAAT-1,0.000192,0.20031,0.135225,0.664273
ACAAATGGTAGTGTTT-1,0.00015,0.034875,0.015522,0.949453
ACAAATTCAGATCTGA-1,0.000379,0.000379,0.571015,0.428228
ACAACAGCATGAGCTA-1,0.000068,0.053517,0.946076,0.000339
ACAACGGTCCCTGCGA-1,0.000283,0.000283,0.000848,0.998587
ACAAGCAGTGCCTAGC-1,0.000021,0.054054,0.298167,0.647758
ACAAGGAAATCCGCCC-1,0.003334,0.191131,0.204977,0.600557
ACAAGGACAAGAGGTT-1,0.000027,0.009533,0.144412,0.846028
ACAAGGATGCTTTAGG-1,0.000094,0.000094,0.870848,0.128965
ACAAGGGCAGGCTCTG-1,0.000741,0.000741,0.002223,0.996295
ACAAGTAATTGTAAGG-1,0.000082,0.000082,0.4033,0.596536
ACAATAGTCGTACGTT-1,0.000614,0.000614,0.107726,0.891046
ACAATCCATTTAAACC-1,0.000025,0.020662,0.154805,0.824509
ACAATCGATCTTTATA-1,0.000341,0.000341,0.691071,0.308247
ACAATGAATACGGAGA-1,0.000066,0.000066,0.002986,0.996882
ACAATGATTCTTCTAC-1,0.000162,0.000162,0.262529,0.737147
ACAATTGTGTCTCTTT-1,0.000031,0.009433,0.063046,0.92749
ACAATTTAGGAGGCTC-1,0.000781,0.000781,0.776846,0.221591
ACAATTTGAGCAGTGG-1,0.000362,0.000362,0.608726,0.39055
ACACACCAGGACCAGT-1,0.000015,0.017656,0.465547,0.516781
ACACATGATCAAATCT-1,0.001352,0.077185,0.004055,0.917408
ACACATTGACGCAACA-1,0.000044,0.000044,0.424066,0.575846
ACACCACATAATTAGC-1,0.000038,0.045353,0.232858,0.721751
ACACCCAGCATGCAGC-1,0.000165,0.000165,0.212196,0.787474
ACACCCGAGAAATCCG-1,0.000057,0.043116,0.000171,0.956656
ACACCGAGCGCTCTTT-1,0.000087,0.000087,0.406925,0.592901
ACACCGGTCTGACCGC-1,0.000893,0.000893,0.002679,0.995535
ACACCTTAAGTAGGGC-1,0.000059,0.026476,0.167499,0.805967
ACACCTTACTACTTGC-1,0.000031,0.299564,0.01814,0.682266
ACACGAGACTCCTTCT-1,0.000115,0.000115,0.000344,0.999427
ACACGGCACTATGCAT-1,0.00011,0.00011,0.651148,0.348632
ACACGGGAACTTAGGG-1,0.000083,0.000083,0.106394,0.89344
ACACGTAGGCCACAAG-1,0.000039,0.01205,0.00033,0.98758
ACACTCCAATGTCACT-1,0.000065,0.014236,0.000194,0.985505
ACACTGATCAAGGTGT-1,0.000038,0.172231,0.000115,0.827616
ACAGAACTGAGAACAA-1,0.000042,0.033534,0.070939,0.895485
ACAGATTAGGTTAGTG-1,0.000402,0.000402,0.014983,0.984214
ACAGCATAGAGCCAGT-1,0.000083,0.000083,0.00025,0.999583
ACAGCGACATTCTCAT-1,0.000034,0.000034,0.200236,0.799697
ACAGCGCACCCGCAGC-1,0.000575,0.000575,0.182143,0.816707
ACAGGCACGGATCCTT-1,0.000038,0.049171,0.103903,0.846887
ACAGGCTTGCCCGACT-1,0.000107,0.040763,0.000322,0.958807
ACAGGTGGAGGTGAGG-1,0.000028,0.043158,0.205135,0.751679
ACAGTAATACAACTTG-1,0.000287,0.124685,0.000862,0.874165
ACAGTATACCGTGGGA-1,0.000093,0.088624,0.219262,0.692021
ACATAAGTCGTGGTGA-1,0.001021,0.001021,0.003062,0.994896
ACATCAGCTGGGACGC-1,0.000419,0.075536,0.001256,0.922789
ACATCCTGGTAACTGT-1,0.000039,0.014807,0.173836,0.811318
ACATCGGTCAGCCGCG-1,0.000036,0.037161,0.119539,0.843264
ACATCGTATGCAATGG-1,0.000332,0.120305,0.000997,0.878366
ACATCGTTAACCTAGT-1,0.000526,0.154601,0.001579,0.843293
ACATCTCAACGCGTAA-1,0.000038,0.000038,0.738749,0.261175
ACATGCTTACGGCAGC-1,0.000807,0.000807,0.00242,0.995967
ACATGGCGCCAAAGTA-1,0.000033,0.042772,0.075555,0.88164
ACATGGCTCAATTTAG-1,0.000154,0.000154,0.998921,0.000771
ACCAAACTAGAAATCC-1,0.000126,0.000126,0.433805,0.565943
ACCAACACCACACACT-1,0.000035,0.011635,0.446542,0.541788
ACCAACCGCACTCCAC-1,0.000045,0.029629,0.075192,0.895134
ACCAACGCTTATTTAT-1,0.000024,0.080833,0.528816,0.390327
ACCAAGAACGCGTGTC-1,0.00011,0.00011,0.192901,0.806879
ACCAAGTCATCGGCAG-1,0.000047,0.028922,0.241126,0.729905
ACCAATATGCAAGTTA-1,0.001563,0.001563,0.004689,0.992185
ACCACAACTCAGAACA-1,0.000538,0.000538,0.467301,0.531623
ACCACACGGTTGATGG-1,0.00244,0.00244,0.007319,0.987801
ACCACCAATGTAACAA-1,0.000014,0.146843,0.517904,0.335239
ACCACGTGCAGCTATA-1,0.00137,0.00137,0.004111,0.993149
ACCACTGTTCAAGAAG-1,0.000125,0.000125,0.235787,0.763963
ACCAGACCATAACAAC-1,0.00012,0.079435,0.136937,0.783508
ACCAGCCCGGTCTTTG-1,0.000086,0.072791,0.000259,0.926864
ACCAGTGCCCGGTCAA-1,0.000117,0.036131,0.63878,0.324973
ACCAGTGCGGGAGACG-1,0.000018,0.026084,0.35847,0.615428
ACCATCCGCCAACTAG-1,0.000349,0.000349,0.52069,0.478613
ACCATCGTATATGGTA-1,0.00003,0.029602,0.176017,0.79435
ACCATTAAGGGTGTCA-1,0.000203,0.039788,0.075484,0.884526
ACCCAACGCCCGTGGC-1,0.000226,0.044919,0.250054,0.704801
ACCCACCTACATGCTC-1,0.000031,0.001123,0.662377,0.33647
ACCCATCTTGAGGGTA-1,0.000038,0.055413,0.119292,0.825256
ACCCATTTGTCCCTCT-1,0.000036,0.014677,0.000299,0.984989
ACCCGGATGACGCATC-1,0.000024,0.001647,0.414505,0.583824
ACCCGGTTACACTTCC-1,0.000011,0.983784,0.004753,0.011452
ACCCGTAGCAGAGAAT-1,0.000065,0.000065,0.241351,0.758519
ACCCGTGTCATCAGTA-1,0.000101,0.062006,0.023309,0.914584
ACCCTATAGGACTGAG-1,0.000047,0.000047,0.163931,0.835975
ACCCTATGCCATATCG-1,0.000056,0.010211,0.000167,0.989567
ACCCTCCCGTCAGGGC-1,0.000036,0.032413,0.185509,0.782042
ACCCTCCCTTGCTATT-1,0.000237,0.000237,0.000711,0.998815
ACCCTGGTAACGCCCT-1,0.00006,0.054593,0.000179,0.945168
ACCCTTCATCTGCGAA-1,0.000538,0.000538,0.393384,0.60554
ACCCTTTAGTTCTCCA-1,0.000493,0.000493,0.001478,0.997536
ACCGAAGAGTCTGGTT-1,0.000855,0.000855,0.002565,0.995725
ACCGAGTCTCCTTATT-1,0.00125,0.00125,0.003751,0.993748
ACCGATGGTAGCATCG-1,0.00002,0.010668,0.532704,0.456607
ACCGCAATAACTGCCT-1,0.001053,0.001053,0.003159,0.994735
ACCGCGGTGGAAGTCG-1,0.000035,0.076222,0.137751,0.785992
ACCGGGCCTTTGTTGA-1,0.00002,0.012931,0.442313,0.544735
ACCGGTCAGGTACACC-1,0.001205,0.222671,0.21659,0.559534
ACCGTGACCACGTGGG-1,0.000215,0.143267,0.000645,0.855872
ACCGTTCCCGCTCTGA-1,0.000562,0.023771,0.001686,0.973981
ACCTAAGTACCTTTCA-1,0.00005,0.040945,0.071959,0.887047
ACCTAATCGACTTCCT-1,0.000023,0.000023,0.179935,0.820019
ACCTACAGTATGTGGT-1,0.000025,0.409304,0.079866,0.510804
ACCTCCGCCCTCGCTG-1,0.000015,0.042516,0.294412,0.663057
ACCTCCGTTATTCACC-1,0.000012,0.048083,0.488935,0.46297
ACCTCGAACTTATGCT-1,0.001205,0.001205,0.003615,0.993974
ACCTGCGTGTCATGTT-1,0.000714,0.000715,0.09201,0.906561
ACCTTTCCTTTAGAAG-1,0.000117,0.000117,0.394857,0.604909
ACGAAATGGGCGGCAC-1,0.000006,0.006035,0.888562,0.105397
ACGACTCTAGGGCCGA-1,0.000031,0.002495,0.136945,0.860529
ACGACTGGTCATACTC-1,0.000058,0.000058,0.000175,0.999709
ACGAGAACCCATCACG-1,0.000044,0.000044,0.000131,0.999782
ACGAGATATTTGCTTA-1,0.000278,0.000278,0.234409,0.765036
ACGAGGATACCACTCT-1,0.001852,0.001852,0.005557,0.990738
ACGAGGTTTACAACGT-1,0.001177,0.001177,0.644964,0.352682
ACGAGTACGGATGCCC-1,0.000037,0.04459,0.3043,0.651073
ACGAGTCGCCGGCGTT-1,0.00003,0.00003,0.291956,0.707983
ACGATACATAGAACTA-1,0.003572,0.003572,0.27198,0.720875
ACGATCATCTTGTAAA-1,0.000028,0.004369,0.228347,0.767256
ACGATGCATATGTTAT-1,0.00004,0.083354,0.00012,0.916486
ACGATGGATCCGATGC-1,0.000529,0.061801,0.001588,0.936083
ACGCAAACTAATAGAT-1,0.000043,0.050216,0.134412,0.815329
ACGCAATCACTACAGC-1,0.000042,0.076185,0.000824,0.922949
ACGCATACGTTTACTA-1,0.000039,0.010413,0.003379,0.986169
ACGCCACTCGAAACAG-1,0.00017,0.00017,0.000511,0.999148
ACGCCAGATGATTTCT-1,0.001588,0.001588,0.004763,0.992062
ACGCCCAGCTGTCGAT-1,0.000091,0.000091,0.000274,0.999544
ACGCCGCTAGACGACC-1,0.000051,0.000051,0.000153,0.999745
ACGCGCTACACAGGGT-1,0.000026,0.006497,0.249937,0.74354
ACGCGTTTCTTAAGAG-1,0.000355,0.000355,0.001064,0.998226
ACGCTAGTGATACACT-1,0.00004,0.050094,0.163788,0.786079
ACGCTGTGAGGCGTAG-1,0.000151,0.000151,0.014881,0.984817
ACGCTTAGTGTCTCTC-1,0.000758,0.000758,0.62452,0.373964
ACGGAATTTAGCAAAT-1,0.000058,0.000058,0.000174,0.99971
ACGGACGCAGCGACAA-1,0.000375,0.000375,0.483368,0.515883
ACGGACTCTCAAAGCG-1,0.001539,0.001539,0.004617,0.992306
ACGGAGCGCAAATTAC-1,0.001961,0.224716,0.005884,0.767439
ACGGATGGTGCGGATA-1,0.002858,0.002858,0.008574,0.985711
ACGGCGACGATGGGAA-1,0.000588,0.000588,0.001765,0.997058
ACGGCGGGTTGCCCTG-1,0.000038,0.558386,0.000113,0.441464
ACGGCTGGATGTAGAA-1,0.000516,0.000516,0.094185,0.904784
ACGGGAGTGTCGGCCC-1,0.000041,0.000041,0.016162,0.983756
ACGGGCGTATGCGACA-1,0.000068,0.000068,0.236163,0.763701
ACGGGTCATGTGACTT-1,0.002942,0.002942,0.008826,0.98529
ACGGGTTGTGACCTGT-1,0.000493,0.123427,0.001478,0.874602
ACGGTACAGTTCAATG-1,0.000021,0.004562,0.220136,0.77528
ACGGTCACCGAGAACA-1,0.000562,0.000562,0.001686,0.99719
ACGTACAGATTTCTCT-1,0.000476,0.000476,0.001429,0.997618
ACGTAGATTGCTGATG-1,0.000166,0.000166,0.20521,0.794457
ACGTAGGAGAGTCGCT-1,0.000066,0.000066,0.000197,0.999671
ACGTATTACTCCGATC-1,0.000013,0.000823,0.702855,0.296309
ACGTCCTAAACGAGAT-1,0.000053,0.035131,0.372355,0.592461
ACGTCTCGTTCCGGGA-1,0.000108,0.000108,0.42767,0.572113
ACGTGACAAAGTAAGT-1,0.00023,0.00023,0.000691,0.998848
ACGTGGTCGAATGTGC-1,0.000114,0.000114,0.000342,0.99943
ACGTTAATGTCGAAGA-1,0.000037,0.003819,0.00011,0.996035
ACGTTAGATTTGCCCG-1,0.000036,0.147999,0.041711,0.810254
ACGTTATTGGTCACTC-1,0.000488,0.000488,0.428481,0.570543
ACGTTCGCAATCAATT-1,0.000015,0.119053,0.377496,0.503437
ACGTTCGTTCAGGAAA-1,0.000012,0.006809,0.940935,0.052244
ACGTTCTGTACAAGTC-1,0.000062,0.092773,0.000186,0.906978
ACGTTTAGTTGTGATC-1,0.003126,0.003126,0.009378,0.98437
ACTAATACGTCAGGCG-1,0.000412,0.000412,0.876632,0.122544
ACTACATCCCGACAAG-1,0.001613,0.001613,0.00484,0.991933
ACTACCAGCTCTCTGG-1,0.000037,0.08304,0.195912,0.72101
ACTAGTTGCGATCGTC-1,0.000043,0.067943,0.154178,0.777836
ACTATATGCTGTGTTC-1,0.003031,0.003031,0.128227,0.865711
ACTATCCAGGGCATGG-1,0.000037,0.051918,0.0478,0.900244
ACTATCTGCCCGCGTA-1,0.000037,0.113828,0.090859,0.795277
ACTATGTCCAGCTGCC-1,0.00007,0.00007,0.766218,0.233641
ACTATTCGTCCGTGGT-1,0.000157,0.000157,0.254031,0.745656
ACTATTTCCGGGCCCA-1,0.000073,0.042638,0.381138,0.576151
ACTCAACGAATGTATT-1,0.000103,0.000103,0.030529,0.969265
ACTCAAGTGCAAGGCT-1,0.000351,0.000351,0.352762,0.646536
ACTCAATAAAGGCACG-1,0.000078,0.000078,0.148855,0.85099
ACTCAGACCTGCTTCT-1,0.000043,0.001959,0.298969,0.699029
ACTCATGGCAGCCTTC-1,0.000971,0.000971,0.002913,0.995144
ACTCCAATATCATCAT-1,0.000183,0.008187,0.273655,0.717976
ACTCCCATTCCTAAAG-1,0.00164,0.00164,0.00492,0.991801
ACTCCCGAATTCGTTT-1,0.000035,0.006723,0.101133,0.892109
ACTCCCTAATGCTAAA-1,0.000389,0.000389,0.139449,0.859773
ACTCCCTAGAATAGTA-1,0.000041,0.000041,0.000122,0.999796
ACTCCGGCCGACCACT-1,0.000164,0.000164,0.03586,0.963812
ACTCGATGTATTTCAT-1,0.000331,0.000331,0.963792,0.035545
ACTCGCCGTTCGATAA-1,0.000041,0.038972,0.210913,0.750074
ACTCGTAACCCGTCCT-1,0.000032,0.048431,0.363081,0.588455
ACTCGTCAGTAATCCC-1,0.000115,0.005583,0.662823,0.331479
ACTCTCTGACTTAGGT-1,0.000034,0.000034,0.451119,0.548813
ACTCTCTTATACACGA-1,0.000259,0.063581,0.751354,0.184806
ACTCTGACCTAATAGA-1,0.000022,0.047338,0.380055,0.572584
ACTCTTGTATAGTAAC-1,0.00008,0.00008,0.000241,0.999598
ACTGAAACGCCGTTAG-1,0.000027,0.000027,0.631299,0.368647
ACTGAATGGCGAAAGT-1,0.000071,0.000071,0.000212,0.999646
ACTGATTTAGTGATTC-1,0.000909,0.000909,0.993635,0.004547
ACTGCCCGCCATTCTC-1,0.000209,0.000209,0.343114,0.656469
ACTGCCGTCGTAACTC-1,0.000326,0.000326,0.752992,0.246356
ACTGCTCGGAAGGATG-1,0.000172,0.000172,0.168961,0.830694
ACTGTACGATACACAT-1,0.001191,0.001191,0.318586,0.679032
ACTGTAGCACTTTGGA-1,0.000037,0.029873,0.11345,0.856641
ACTGTATACGCGAGCA-1,0.00004,0.006726,0.056487,0.936746
ACTGTGCTAGTAGATC-1,0.000049,0.037129,0.000146,0.962676
ACTGTTTAGTGTAGGC-1,0.000112,0.007146,0.000335,0.992408
ACTTACCGGGCGCGCA-1,0.002942,0.002942,0.008826,0.98529
ACTTACGCATCCACGC-1,0.003847,0.003847,0.011542,0.980765
ACTTAGTACGACAAGA-1,0.000021,0.082411,0.567847,0.34972
ACTTATACTTACCCGG-1,0.000011,0.022863,0.596599,0.380527
ACTTATCTGATCTATA-1,0.000098,0.000098,0.000294,0.99951
ACTTATTAGGATCGGT-1,0.000028,0.494814,0.000083,0.505075
ACTTATTTATGTGCCA-1,0.00002,0.098788,0.136695,0.764496
ACTTCAGGCTGATCCC-1,0.000971,0.000971,0.502292,0.495765
ACTTCCATGCGGGACA-1,0.002041,0.002042,0.465605,0.530312
ACTTCGCCATACGCAC-1,0.000518,0.109954,0.001555,0.887973
ACTTGACTCCCTCTTT-1,0.000582,0.000582,0.001745,0.997092
ACTTGGGACCCGGTGG-1,0.000019,0.648511,0.000058,0.351412
ACTTGGGCTTTCGCCA-1,0.000355,0.000355,0.482147,0.517144
ACTTGTAGTCCCTTCA-1,0.000603,0.000603,0.001808,0.996987
ACTTGTGGATGGAACG-1,0.000045,0.016724,0.069538,0.913693
ACTTTACCCTCATGAA-1,0.000018,0.014609,0.623555,0.361819
ACTTTATACACCACTT-1,0.000148,0.000148,0.730634,0.26907
ACTTTGACTGCATCCT-1,0.000453,0.000453,0.001358,0.997737
ACTTTGGTCGTGCTCC-1,0.001282,0.001282,0.003847,0.993588
AGAAATTATGACTCGC-1,0.00004,0.16423,0.123299,0.712431
AGAACACGGCGATGGT-1,0.000559,0.000559,0.001676,0.997206
AGAACCCTCAATTGGG-1,0.004546,0.004546,0.01364,0.977267
AGAACGTGGTACATTC-1,0.000408,0.000408,0.872319,0.126864
AGAAGAGCGCCGTTCC-1,0.00007,0.00007,0.442572,0.557289
AGAAGGTACACTTCAC-1,0.001124,0.001124,0.203015,0.794737
AGAAGGTTGCCGAATT-1,0.00004,0.059127,0.000119,0.940714
AGAAGGTTGTAGGTCG-1,0.001177,0.001177,0.426254,0.571393
AGAAGTGATTCGTGAT-1,0.000042,0.013077,0.151608,0.835273
AGAATAAATCTTCAGG-1,0.000197,0.083778,0.022601,0.893425
AGAATGCGGGTTCGGA-1,0.002041,0.002041,0.200512,0.795406
AGAATTATGGATTCGA-1,0.000023,0.029558,0.246176,0.724243
AGAATTGTTTGACATA-1,0.000022,0.008997,0.676505,0.314476
AGACAGCTCAGAATCC-1,0.000603,0.000603,0.490902,0.507893
AGACCAAACCACACCT-1,0.000433,0.059149,0.064256,0.876162
AGACCATGGGATACAA-1,0.000023,0.000023,0.62255,0.377404
AGACCGCTCCGCGGTT-1,0.000045,0.168053,0.040459,0.791443
AGACCGGGAAACCCTG-1,0.000155,0.000155,0.000465,0.999225
AGACGAAGTGCCGGTC-1,0.000026,0.004185,0.336404,0.659385
AGACGACGATGCCGCT-1,0.000021,0.007035,0.913377,0.079566
AGACGGGATTGGTATA-1,0.000182,0.000182,0.000545,0.999092
AGACGGGCCGATTTAA-1,0.000255,0.000255,0.24131,0.75818
AGACTAGCCTTCCAGA-1,0.000049,0.039634,0.012525,0.947792
AGACTGTTACCGGGTC-1,0.000079,0.034522,0.007663,0.957736
AGAGAACCGTCTAGGA-1,0.000099,0.019261,0.084682,0.895957
AGAGAAGGAGTACAAT-1,0.000226,0.03242,0.375751,0.591603
AGAGATCTCTAAAGCG-1,0.000121,0.000121,0.011527,0.988231
AGAGCAGTTATGAGAC-1,0.000049,0.000049,0.402519,0.597382
AGAGCCGCCGAGATTT-1,0.000047,0.030088,0.00014,0.969726
AGAGCGTACAAGCTCG-1,0.000055,0.026053,0.765228,0.208665
AGAGCTACGAAAGCAT-1,0.000108,0.000108,0.000323,0.999462
AGAGGCTTCGGAAACC-1,0.000019,0.0013,0.353062,0.645619
AGAGTAAACTTCACTA-1,0.000037,0.022543,0.123969,0.853451
AGAGTTAGAGACCGAT-1,0.003031,0.003031,0.009093,0.984844
AGATAACTTCAGGGCC-1,0.000032,0.123445,0.046956,0.829566
AGATAATCACACCTAT-1,0.000629,0.000629,0.431603,0.567139
AGATACCAATAGAACC-1,0.00004,0.003128,0.107657,0.889174
AGATACCGGTGTTCAC-1,0.000032,0.112257,0.030093,0.857617
AGATACGACTTCATAT-1,0.000069,0.000069,0.000206,0.999656
AGATACTCAAGATCGA-1,0.000105,0.000105,0.2258,0.773991
AGATATAATACGACTA-1,0.000146,0.000146,0.162707,0.837002
AGATCGTGCATAAGAT-1,0.000291,0.020953,0.153091,0.825666
AGATCTCAGGTGTGAT-1,0.000353,0.172905,0.680396,0.146345
AGATCTGGAGAGGATA-1,0.000402,0.000402,0.301114,0.698083
AGATGAGGGTTGCGAT-1,0.001493,0.001493,0.004479,0.992535
AGATGATGGAGTCTGG-1,0.000041,0.005766,0.031859,0.962333
AGATGCAAGACGTGCA-1,0.000182,0.077749,0.150902,0.771168
AGATGCTATAACGAGC-1,0.000074,0.000074,0.000222,0.99963
AGATTATAGGACGTTT-1,0.000047,0.4296,0.001764,0.568589
AGATTCACAACCGATA-1,0.003227,0.003227,0.285216,0.708331
AGCAAAGGCCGCTAGT-1,0.000188,0.000188,0.311034,0.688591
AGCAACATATCTTATT-1,0.000019,0.000019,0.312234,0.687729
AGCAACCGAAAGTAAT-1,0.000981,0.117012,0.002942,0.879065
AGCACACGTTTAGACT-1,0.000093,0.000093,0.136163,0.86365
AGCACTACCGGCCTGT-1,0.000026,0.000026,0.969495,0.030453
AGCACTACCTCACCAG-1,0.001429,0.001429,0.004287,0.992855
AGCACTTAAGGACGCC-1,0.00002,0.098413,0.07448,0.827086
AGCAGTCGAAGCATGC-1,0.00009,0.009835,0.253833,0.736242
AGCATATCAATATGCT-1,0.000047,0.000049,0.001612,0.998292
AGCATCATTTCGAAAG-1,0.001493,0.001493,0.004479,0.992535
AGCATCGTCGATAATT-1,0.000055,0.179895,0.002524,0.817526
AGCATTACGAGGCAAG-1,0.000072,0.021376,0.202639,0.775912
AGCCACAGGTTACCCG-1,0.00012,0.00012,0.323339,0.67642
AGCCACTCCCGTGCTT-1,0.001299,0.001299,0.222652,0.77475
AGCCCATACATGTAAG-1,0.000014,0.007865,0.452819,0.539302
AGCCCGGCATTAGAGG-1,0.000137,0.121007,0.000411,0.878445
AGCCCGGTAGCCTGTA-1,0.000026,0.032654,0.419135,0.548185
AGCCCTCCCTGGTGGC-1,0.000091,0.000091,0.113093,0.886726
AGCCCTTCTAATCCGA-1,0.00099,0.00099,0.706313,0.291707
AGCCGCTTGATTAGCG-1,0.000453,0.000453,0.001358,0.997737
AGCCGTGGCTAAATGT-1,0.000107,0.000107,0.508454,0.491332
AGCCTAATACCCACGT-1,0.002,0.002001,0.006001,0.989998
AGCCTTAAAGCGGAAG-1,0.000095,0.013443,0.000285,0.986177
AGCCTTGTCACTGATA-1,0.000746,0.000746,0.002239,0.996268
AGCGACAGGAACGGTC-1,0.000022,0.066952,0.255909,0.677116
AGCGAGACGTGAAGGC-1,0.001724,0.001725,0.005174,0.991377
AGCGATGCGCCTAATA-1,0.000037,0.039411,0.049142,0.91141
AGCGCATAATGAATCG-1,0.000061,0.03707,0.000182,0.962688
AGCGCGGGTGCCAATG-1,0.00038,0.00038,0.024826,0.974414
AGCGCTTATGGGCAAG-1,0.000565,0.000565,0.001695,0.997174
AGCGGCGGTTAGCGGT-1,0.001053,0.001053,0.003159,0.994735
AGCGGGAAGGGTCCAT-1,0.000049,0.000049,0.012378,0.987524
AGCGGTTGAGATGTAC-1,0.000129,0.000129,0.254778,0.744964
AGCGTACGAGAGCTAG-1,0.001471,0.001471,0.81432,0.182739
AGCGTAGCGCTAGACC-1,0.001852,0.001852,0.005557,0.990738
AGCGTCTGAACCCGCA-1,0.00007,0.00007,0.061545,0.938315
AGCGTGGTATTCTACT-1,0.000045,0.000045,0.000134,0.999777
AGCGTTCCGATTTAAA-1,0.000144,0.000144,0.135279,0.864432
AGCTAACAAGCAATGT-1,0.001352,0.001352,0.004055,0.993241
AGCTAAGTACGCAGGC-1,0.001266,0.001266,0.003799,0.993669
AGCTAGAAGCAGAAGT-1,0.000106,0.026247,0.239206,0.734441
AGCTATTTAATCCAAC-1,0.000109,0.000109,0.093447,0.906335
AGCTCCATATATGTTC-1,0.000047,0.002344,0.013447,0.984162
AGCTCCTTCGCACATC-1,0.000056,0.05387,0.224032,0.722041
AGCTCTAGACGTTCCA-1,0.000637,0.388221,0.215593,0.395549
AGCTCTTCCCAGTGCA-1,0.001409,0.001409,0.611951,0.385232
AGCTCTTCGTAACCTT-1,0.000032,0.158886,0.000097,0.840984
AGCTCTTTACTCAGTT-1,0.000041,0.278451,0.000124,0.721384
AGCTGAAGTAAACCAA-1,0.002632,0.002632,0.007897,0.986839
AGCTGTAACCTCAATC-1,0.000042,0.009103,0.264195,0.72666
AGCTTCAATACTTTGA-1,0.000142,0.000142,0.000427,0.999289
AGCTTCTTCTCGAGCA-1,0.000032,0.03721,0.085022,0.877735
AGCTTGATCAGGGTAG-1,0.000068,0.000068,0.000205,0.999658
AGCTTGATCTTAACTT-1,0.000033,0.078743,0.039972,0.881252
AGGAAAGCCTCTGATG-1,0.000037,0.021619,0.102162,0.876183
AGGACAGTCGAATCCC-1,0.000006,0.006816,0.920857,0.072321
AGGACATCGCACGTCG-1,0.000062,0.02622,0.000187,0.973531
AGGACGACCCATTAGA-1,0.000047,0.139975,0.000142,0.859835
AGGACGCTCGATGTTG-1,0.000637,0.000637,0.15376,0.844966
AGGACTTATAGGAGAA-1,0.000217,0.000217,0.115986,0.883579
AGGAGGCCTTCGCGCG-1,0.000024,0.016175,0.456235,0.527566
AGGATATAGGGATTTA-1,0.000029,0.035682,0.236148,0.728141
AGGATATCCGACTGCA-1,0.000052,0.000052,0.206086,0.793811
AGGATCACGCGATCTG-1,0.001539,0.001539,0.004617,0.992305
AGGCAAAGAGGAATCA-1,0.00004,0.00004,0.162233,0.837687
AGGCAATACGGAGGAC-1,0.000592,0.000592,0.162427,0.83639
AGGCAGATGCGTAAAC-1,0.000909,0.092237,0.335608,0.571245
AGGCAGGGAGCGTACT-1,0.000055,0.045361,0.020634,0.93395
AGGCATTGTCGTAGGG-1,0.000025,0.000025,0.48656,0.51339
AGGCCACCCGTTATGA-1,0.000027,0.017114,0.392826,0.590032
AGGCCCAGTGACTGGT-1,0.000118,0.000118,0.000353,0.999412
AGGCCCATTGTACAGG-1,0.0001,0.011879,0.006376,0.981645
AGGCCCTAGAACGCCA-1,0.000009,0.000009,0.782391,0.21759
AGGCCTGAGAATCTCG-1,0.000255,0.000255,0.56306,0.436431
AGGCGGTTTGTCCCGC-1,0.002778,0.002778,0.008336,0.986107
AGGCGTCTATGGACGG-1,0.000113,0.060642,0.195279,0.743966
AGGCTATGGTTAGCTT-1,0.000023,0.018958,0.140273,0.840746
AGGCTTCCCGAAGAAG-1,0.000025,0.04714,0.109487,0.843348
AGGCTTGCTAGACACC-1,0.000299,0.067032,0.000898,0.93177
AGGGAAACGAGGTACT-1,0.000764,0.000764,0.318712,0.679761
AGGGACCGGCTGCGTT-1,0.000039,0.000039,0.008724,0.991198
AGGGACTCTACGCGAC-1,0.000103,0.032849,0.011027,0.95602
AGGGAGACATACTTCG-1,0.000042,0.04809,0.008311,0.943557
AGGGCAGCGGCGTGGT-1,0.000162,0.015782,0.178593,0.805464
AGGGCGAGCAGCTGAT-1,0.000055,0.000055,0.1597,0.840191
AGGGCGTGATCGGCTA-1,0.000101,0.050329,0.000302,0.949269
AGGGTCAGAGCACTCG-1,0.000032,0.000032,0.217801,0.782136
AGGGTCAGTAACCCTA-1,0.000072,0.008586,0.207296,0.784046
AGGGTCGATGCGAACT-1,0.000018,0.004554,0.583065,0.412363
AGGGTGCCGTTCTTTA-1,0.000076,0.000076,0.237493,0.762355
AGGGTGCTCTCGAGGG-1,0.000011,0.000011,0.84473,0.155249
AGGGTGGATAGTGCAT-1,0.001021,0.001021,0.003062,0.994897
AGGGTTCCCTTTGGTT-1,0.000405,0.000405,0.469925,0.529265
AGGTAACCTCCTATTC-1,0.000068,0.000068,0.000203,0.999661
AGGTACGATATTGCCA-1,0.001282,0.145091,0.315439,0.538188
AGGTAGATCGAGATAT-1,0.000735,0.000736,0.046874,0.951655
AGGTAGGTACAAAGCT-1,0.00002,0.00002,0.216902,0.783057
AGGTATAATTGATAGT-1,0.000035,0.019123,0.003025,0.977818
AGGTCAGGTGAGAGTG-1,0.000935,0.133325,0.002805,0.862935
AGGTCGCCACTTCGGT-1,0.000265,0.000265,0.159338,0.840131
AGGTCGCGGAGTTACT-1,0.000034,0.059211,0.132768,0.807986
AGGTGGTGACCTTCGC-1,0.000119,0.043504,0.103509,0.852868
AGGTGTATCGCCATGA-1,0.000094,0.000094,0.041769,0.958042
AGGTTACACCATGCCG-1,0.000016,0.173859,0.779509,0.046615
AGGTTCTCCTTTCCGG-1,0.00012,0.00012,0.000361,0.999399
AGGTTGAGGCACGCTT-1,0.001191,0.001191,0.003572,0.994046
AGGTTTCACACACCTT-1,0.000115,0.096784,0.084072,0.819029
AGTAACGTTCATCCTG-1,0.000807,0.000807,0.994353,0.004033
AGTAACTATAGCAGCC-1,0.000063,0.000063,0.292685,0.707189
AGTAATCTAAGGGTGG-1,0.000036,0.022943,0.326344,0.650678
AGTAATTTGCAAGCGT-1,0.000048,0.000048,0.000144,0.99976
AGTACAGAAGCTTATA-1,0.001695,0.001695,0.005086,0.991523
AGTACATCATTTATCA-1,0.000038,0.040603,0.021271,0.938088
AGTACCTTCGAGTGCT-1,0.001137,0.001137,0.13355,0.864177
AGTACGGCCCGTATCG-1,0.002,0.002,0.163807,0.832192
AGTACGGGCACCTGGC-1,0.003031,0.003031,0.009093,0.984844
AGTACGTGGCCTGTCT-1,0.002439,0.00244,0.518544,0.476577
AGTACTCTTATGCCCA-1,0.000162,0.000162,0.000486,0.999191
AGTAGCGTGAACGAAC-1,0.000066,0.000066,0.27065,0.729218
AGTAGGAAGGAAGTTG-1,0.001471,0.001471,0.004413,0.992645
AGTAGGTAACATACAT-1,0.000188,0.000188,0.000565,0.999058
AGTATAATACTAGGCA-1,0.000026,0.014717,0.097668,0.887589
AGTATACACAGCGACA-1,0.000172,0.000172,0.011738,0.987918
AGTATCCATAATAACG-1,0.000833,0.000834,0.002501,0.995832
AGTATGCTGGAGACCA-1,0.000192,0.000192,0.000648,0.998967
AGTATTTGGCACGACC-1,0.000047,0.14064,0.025244,0.834069
AGTCAAATGATGTGAT-1,0.000025,0.000025,0.412464,0.587486
AGTCAACACCACCATC-1,0.00003,0.435821,0.000089,0.564061
AGTCAAGATGACACTT-1,0.000032,0.034657,0.05631,0.909001
AGTCACTAGCTCTCGA-1,0.000027,0.005162,0.260319,0.734492
AGTCACTCCGCCTCAT-1,0.000704,0.000704,0.30892,0.689672
AGTCAGCCACCGCCTG-1,0.000069,0.000069,0.000207,0.999655
AGTCCAGCGGGTACGT-1,0.000402,0.000402,0.751778,0.247418
AGTCCATTGGCTGATG-1,0.000035,0.000035,0.162631,0.837299
AGTCCCGCCTTTAATT-1,0.001887,0.001887,0.291871,0.704355
AGTCGACGGTCTCAAG-1,0.000008,0.03045,0.706499,0.263043
AGTCGGCCCAAACGAC-1,0.000032,0.029462,0.266747,0.703759
AGTCGGCTCAACTTTA-1,0.000057,0.005001,0.000171,0.994771
AGTCGGTTGCGTGAGA-1,0.000024,0.598182,0.011342,0.390453
AGTCGTATAAAGCAGA-1,0.001205,0.001205,0.003616,0.993974
AGTCGTCGACCACCAA-1,0.00004,0.010132,0.282699,0.707128
AGTCGTGGGCATTACG-1,0.000053,0.008118,0.661956,0.329872
AGTCTAAAGTATACTC-1,0.000033,0.010855,0.115201,0.873911
AGTCTCACAAGACTAC-1,0.000057,0.000057,0.381523,0.618363
AGTCTGGACATCCTTG-1,0.000045,0.000045,0.000134,0.999776
AGTCTTTAAAGTGTCC-1,0.001282,0.001282,0.003847,0.993588
AGTGAACAAACTTCTC-1,0.000028,0.013888,0.290585,0.695498
AGTGACCTACTTTACG-1,0.000043,0.371882,0.136405,0.491671
AGTGACTGTGACACAA-1,0.000071,0.018922,0.059923,0.921084
AGTGAGACTTCCAGTA-1,0.000025,0.023303,0.784429,0.192243
AGTGAGCCTCGCCGCC-1,0.000034,0.031369,0.099865,0.868732
AGTGAGGGTTTCTGAC-1,0.001075,0.001076,0.200757,0.797092
AGTGAGTCGAATTAAC-1,0.000037,0.036237,0.25342,0.710306
AGTGATAACCTGCGCG-1,0.000091,0.000091,0.081441,0.918377
AGTGATATGAGTAGTT-1,0.000036,0.372654,0.101036,0.526274
AGTGATTCAAGCAGGA-1,0.000014,0.000014,0.943016,0.056957
AGTGCACGCTTAAGAA-1,0.00002,0.00002,0.378228,0.621732
AGTGCGTAGCTCGTAA-1,0.00003,0.037771,0.077002,0.885197
AGTGCTAAACACAGCA-1,0.000162,0.000162,0.000485,0.999192
AGTGCTTGCACGAATA-1,0.000008,0.005049,0.764786,0.230157
AGTGGCGGCAATTTGA-1,0.000064,0.000064,0.275915,0.723958
AGTGGCGTCTGAAGGT-1,0.000167,0.000167,0.518285,0.481382
AGTGGCTCCGTCGGCC-1,0.000714,0.000715,0.002143,0.996428
AGTGGTGTTACCCGTG-1,0.000671,0.000671,0.002014,0.996643
AGTGGTTGCGTATAGG-1,0.000457,0.000457,0.298489,0.700598
AGTGTATTGCGCATTG-1,0.004349,0.004349,0.013047,0.978255
AGTGTGCTAAGATCGC-1,0.002942,0.002942,0.18375,0.810367
AGTGTGGTCTATTGTG-1,0.001409,0.257853,0.004227,0.736512
AGTTAAACACTTGCGA-1,0.000024,0.550495,0.000071,0.44941
AGTTAAGCGGTCCCGG-1,0.002779,0.002778,0.008336,0.986107
AGTTAAGTCAACCGCT-1,0.000037,0.000037,0.318527,0.6814
AGTTACCCTTAAGACT-1,0.000064,0.000064,0.457996,0.541877
AGTTACCGCACATGGT-1,0.000205,0.000205,0.161586,0.838004
AGTTACTCTATCGTGG-1,0.000813,0.000813,0.136988,0.861386
AGTTATTGAAAGGTAA-1,0.000115,0.000115,0.000344,0.999426
AGTTCACCGGTTGGAC-1,0.000582,0.000582,0.414406,0.584431
AGTTCCTACAGAATTA-1,0.000015,0.313952,0.239333,0.446699
AGTTCTGCGTTGTATC-1,0.000074,0.000074,0.000222,0.99963
AGTTGACATCGGCTGG-1,0.000082,0.000082,0.000246,0.99959
AGTTGCGGTCCTCAAC-1,0.000027,0.000027,0.491385,0.508561
AGTTGCTGACTGATAT-1,0.000048,0.000048,0.195107,0.804797
AGTTGGCAAGGCTAGA-1,0.000037,0.000037,0.259828,0.740099
AGTTTCGCAGGTCGGA-1,0.000451,0.000451,0.26724,0.731859
AGTTTGCACCTGCCTC-1,0.000316,0.000316,0.105636,0.893733
AGTTTGGCACGGGTTG-1,0.000033,0.005686,0.266121,0.72816
AGTTTGGCCAGACCTA-1,0.000029,0.029132,0.069471,0.901367
ATAAACGTTGCACCAC-1,0.000025,0.089242,0.020155,0.890579
ATAAAGGCTCGGTCGT-1,0.000027,0.139251,0.004766,0.855956
ATAAAGGTCAAGTACG-1,0.000508,0.000508,0.129297,0.869687
ATAAATATTAGCAGCT-1,0.000024,0.009057,0.209879,0.78104
ATAACGCCGGAGGGTC-1,0.000017,0.000017,0.990444,0.009522
ATAACGGAGTCCAACG-1,0.000279,0.042412,0.955916,0.001393
ATAAGGTGGAGAACAT-1,0.000036,0.000036,0.003611,0.996318
ATAAGTAGGATTCAGA-1,0.000039,0.042341,0.202436,0.755183
ATAAGTAGGGCGACTC-1,0.000034,0.005562,0.185674,0.808731
ATAAGTTACCGCGACG-1,0.000053,0.183388,0.045305,0.771254
ATAATACCGTTAGCCG-1,0.000067,0.000067,0.000202,0.999664
ATAATAGTGTAGGGAC-1,0.000223,0.000223,0.000668,0.998886
ATAATCTTGGAGAACC-1,0.001389,0.210458,0.004168,0.783985
ATACAGCGTCCACTGA-1,0.000709,0.000709,0.218531,0.78005
ATACAGGCCCTCCAAT-1,0.000302,0.000302,0.000907,0.998489
ATACCACGGGCAACTT-1,0.000018,0.004686,0.275391,0.719905
ATACCAGCAAATTGCT-1,0.000055,0.000055,0.000166,0.999723
ATACCAGGCTAATAGA-1,0.000382,0.000382,0.001145,0.998091
ATACCCTCCCGGCCAA-1,0.000164,0.000164,0.121409,0.878264
ATACCCTGGCTCAAAT-1,0.000091,0.000091,0.324425,0.675394
ATACGCCGATCTACCG-1,0.000603,0.000603,0.001808,0.996987
ATACGCCGGCGAAACC-1,0.000086,0.000086,0.750912,0.248916
ATACGGAACGTCGTTT-1,0.000355,0.000355,0.1651,0.834191
ATACGGGTTTCGATTG-1,0.003126,0.003126,0.009377,0.984371
ATACGGTGAAGATGCA-1,0.000862,0.000862,0.002587,0.995688
ATACGTACTTAGCCAC-1,0.002041,0.002041,0.31303,0.682887
ATACGTCCACTCCTGT-1,0.000022,0.009132,0.488853,0.501993
ATACTACCCGTACCAC-1,0.000027,0.008139,0.472236,0.519598
ATACTCTCGCCACTCT-1,0.000092,0.000092,0.547109,0.452708
ATACTGCCTTACACCG-1,0.003449,0.003449,0.010348,0.982754
ATACTTGTTCTCGAGC-1,0.000286,0.000286,0.190152,0.809277
ATAGACAACGGGACCT-1,0.000076,0.059643,0.143743,0.796538
ATAGACGAAGAGAAAG-1,0.000033,0.13474,0.055114,0.810114
ATAGAGTACTGGGACA-1,0.000051,0.14411,0.160602,0.695237
