Barcode,Topic 1,Topic 2to3,Topic 4,Topic 5,Topic 6,Topic 7,Topic 8to10
AAACAAGTATCTCCCA-1,0.000194,0.000388,0.000194,0.000194,0.000194,0.000194,0.998643
AAACACCAATAACTGC-1,0.000139,0.000277,0.075862,0.000139,0.015857,0.012007,0.895719
AAACAGCTTTCAGAAG-1,0.039999,0.000128,0.000064,0.067732,0.000064,0.068294,0.82372
AAACAGGGTCTATATT-1,0.000093,0.000185,0.000093,0.000093,0.003439,0.000093,0.996005
AAACATGGTGAGAGGA-1,0.004348,0.008696,0.004349,0.004349,0.004349,0.00435,0.969559
AAACATTTCCCGGATT-1,0.000275,0.000549,0.000275,0.042683,0.017352,0.026406,0.91246
AAACCCGAACGAAATC-1,0.000086,0.000172,0.000086,0.000086,0.000086,0.070294,0.929189
AAACCGGAAATGTTAA-1,0.010896,0.000177,0.004076,0.000088,0.000088,0.031497,0.953177
AAACCGGGTAGGTACC-1,0.058714,0.00018,0.033591,0.199279,0.029707,0.031974,0.646555
AAACCGTTCGTCCAGG-1,0.00122,0.002439,0.00122,0.261546,0.00122,0.00122,0.731135
AAACCTAAGCAGCCGG-1,0.002703,0.005405,0.002703,0.002704,0.125946,0.374783,0.485755
AAACCTCATGAAGTTG-1,0.000091,0.000182,0.109738,0.024042,0.000091,0.000091,0.865765
AAACGAAGATGGAGTA-1,0.000087,0.000173,0.000087,0.152815,0.000087,0.000087,0.846666
AAACGAGACGGTTGAT-1,0.000135,0.00027,0.149339,0.150021,0.089314,0.089801,0.521121
AAACGGGCGTACGGGT-1,0.123253,0.003175,0.001588,0.001588,0.001588,0.001588,0.867221
AAACTCGGTTCGCAAT-1,0.000224,0.000448,0.000224,0.166156,0.022434,0.039685,0.770828
AAACTCGTGATATAAG-1,0.003449,0.006897,0.003449,0.003449,0.003449,0.180745,0.798562
AAACTGCTGGCTCCAA-1,0.000053,0.000107,0.177208,0.596512,0.015697,0.047356,0.163068
AAACTTAATTGCACGC-1,0.000909,0.001818,0.132949,0.417026,0.000909,0.000909,0.445478
AAACTTGCAAACGTAT-1,0.00011,0.000221,0.034185,0.075375,0.00011,0.051856,0.838143
AAAGAATGACCTTAGA-1,0.000535,0.00107,0.000535,0.543542,0.000535,0.000535,0.453248
AAAGACTGGGCGCTTT-1,0.019994,0.000227,0.000113,0.000113,0.000113,0.000113,0.979326
AAAGCTTGCCTACATA-1,0.002041,0.004082,0.002041,0.002042,0.002041,0.398668,0.589085
AAAGGGATGTAGCAAG-1,0.000241,0.000482,0.000241,0.000241,0.000241,0.965297,0.033257
AAAGGGCAGCTTGAAT-1,0.000157,0.000314,0.000157,0.000157,0.000157,0.000157,0.998899
AAAGTAGCATTGCTCA-1,0.000122,0.000245,0.000122,0.122022,0.01377,0.124876,0.738843
AAAGTCACTGATGTAA-1,0.00014,0.000279,0.00014,0.290677,0.102516,0.007301,0.598949
AAAGTCGACCCTCAGT-1,0.000093,0.000186,0.000093,0.000093,0.000093,0.175612,0.823831
AAAGTGCCATCAATTA-1,0.03502,0.000514,0.000257,0.004677,0.029732,0.158822,0.770978
AAAGTGTGATTTATCT-1,0.007144,0.014286,0.007145,0.322882,0.007144,0.007145,0.634255
AAAGTTGACTCCCGTA-1,0.002779,0.005556,0.236007,0.193806,0.002778,0.002779,0.556296
AAATAAGGTAGTGCCC-1,0.000093,0.000186,0.104149,0.051459,0.000093,0.000093,0.843927
AAATACCTATAAGCAT-1,0.000068,0.000136,0.128818,0.600335,0.0132,0.055896,0.201547
AAATAGCTTAGACTTT-1,0.057484,0.006452,0.003227,0.003227,0.003226,0.311458,0.614927
AAATAGGGTGCTATTG-1,0.015985,0.000185,0.000093,0.000093,0.170089,0.813278,0.000278
AAATCCGATACACGCC-1,0.000918,0.001835,0.000918,0.261117,0.017773,0.099014,0.618426
AAATCGCGGAAGGAGT-1,0.000166,0.000331,0.000166,0.000166,0.000166,0.042459,0.956548
AAATCGTGTACCACAA-1,0.054315,0.000213,0.004617,0.123416,0.007083,0.433332,0.377024
AAATCTAGCCCTGCTA-1,0.000147,0.000294,0.000147,0.077204,0.000147,0.060762,0.861298
AAATGATTCGATCAGC-1,0.102768,0.003704,0.001852,0.001852,0.137451,0.001852,0.750521
AAATGCTCGTTACGTT-1,0.099473,0.001418,0.000709,0.171458,0.048457,0.000709,0.677775
AAATGGCATGTCTTGT-1,0.001429,0.002857,0.001429,0.001429,0.001429,0.068963,0.922464
AAATGGCCCGTGCCCT-1,0.00008,0.00016,0.097724,0.012684,0.00008,0.021984,0.867288
AAATGGTCAATGTGCC-1,0.000685,0.00137,0.000685,0.106756,0.000685,0.203195,0.686624
AAATGTATCTTATCCC-1,0.000095,0.000189,0.000095,0.000095,0.080636,0.060949,0.857942
AAATTAACGGGTAGCT-1,0.000295,0.00059,0.052143,0.093488,0.000295,0.63272,0.220469
AAATTAATAAGCGCGA-1,0.000083,0.000166,0.000083,0.000083,0.000083,0.000083,0.99942
AAATTACCTATCGATG-1,0.000273,0.000545,0.000273,0.134226,0.34785,0.13704,0.379794
AAATTCCAGGTCCAAA-1,0.0001,0.000199,0.056944,0.0001,0.0001,0.004095,0.938462
AAATTGATAGTCCTTT-1,0.000424,0.000847,0.000424,0.000424,0.000424,0.064173,0.933284
AAATTTGCGGGTGTGG-1,0.000098,0.000195,0.135418,0.119699,0.000098,0.000098,0.744395
AACAACTGGTAGTTGC-1,0.000122,0.000245,0.045188,0.142918,0.000122,0.068914,0.742491
AACAATACATTGTCGA-1,0.074816,0.0003,0.00015,0.141026,0.230502,0.039994,0.513212
AACAATTACTCTACGC-1,0.01561,0.00028,0.00014,0.128778,0.00014,0.080779,0.774273
AACACACGCTCGCCGC-1,0.007828,0.00117,0.000585,0.190115,0.000585,0.091828,0.707889
AACACGACTGTACTGA-1,0.000328,0.000656,0.000328,0.198783,0.012868,0.000328,0.786709
AACACGAGACGCGGCC-1,0.000143,0.000287,0.077021,0.000143,0.000143,0.022757,0.899506
AACAGCTGTGTGGCAA-1,0.070774,0.000526,0.000263,0.110101,0.000263,0.097545,0.720527
AACAGGAAATCGAATA-1,0.005,0.01,0.005002,0.005002,0.005001,0.005002,0.964992
AACAGGATGGGCCGCG-1,0.000111,0.000221,0.021315,0.058515,0.00718,0.057716,0.854942
AACAGGTAGTATGGAT-1,0.000234,0.000468,0.009356,0.000234,0.005231,0.000234,0.984242
AACATATCAACTGGTG-1,0.000403,0.000806,0.000403,0.005842,0.114719,0.266025,0.611801
AACCAAGACTTCTCTG-1,0.000138,0.000275,0.000138,0.114269,0.000138,0.045613,0.839431
AACCCAGAGACGGAGA-1,0.000073,0.000147,0.000073,0.000073,0.000073,0.000073,0.999486
AACCCATCCCATGATC-1,0.013634,0.000254,0.000127,0.084547,0.000127,0.025426,0.875886
AACCCGAGCAGAATCG-1,0.000166,0.000331,0.028029,0.000166,0.000166,0.000166,0.970977
AACCCTACTGTCAATA-1,0.003336,0.006667,0.003334,0.003335,0.003334,0.003334,0.97666
AACCGAGCTTGGTCAT-1,0.000273,0.000545,0.000273,0.24367,0.018081,0.355804,0.381355
AACCGCTAAGGGATGC-1,0.001282,0.002564,0.001282,0.168233,0.001282,0.262347,0.563009
AACCGTTGTGTTTGCT-1,0.003334,0.006667,0.003334,0.163481,0.003334,0.003334,0.816516
AACCTCGCTTTAGCCC-1,0.00051,0.00102,0.00051,0.24819,0.000511,0.393425,0.355833
AACCTGTCACGGAATT-1,0.010186,0.000171,0.000086,0.108576,0.000086,0.000086,0.880811
AACCTTTAAATACGGT-1,0.000357,0.000714,0.000357,0.398149,0.057106,0.16394,0.379377
AACGAAAGTCGTCCCA-1,0.000123,0.000246,0.000123,0.000123,0.000123,0.175028,0.824233
AACGATAATGCCGTAG-1,0.000033,0.000067,0.012808,0.000033,0.000033,0.862917,0.124108
AACGATAGAAGGGCCG-1,0.110452,0.003846,0.001924,0.001924,0.001923,0.25948,0.620452
AACGATATGTCAACTG-1,0.000124,0.000249,0.000124,0.46472,0.047929,0.217634,0.26922
AACGCATGATCTGGGT-1,0.222113,0.000211,0.000105,0.197842,0.188828,0.052057,0.338844
AACGCGGTCTCCAGCC-1,0.012578,0.000427,0.000214,0.094547,0.000214,0.689476,0.202544
AACGCTGTTGCTGAAA-1,0.000276,0.000551,0.000276,0.149068,0.000276,0.059287,0.790268
AACGGACGTACGTATA-1,0.006251,0.0125,0.006251,0.218649,0.006251,0.006251,0.743846
AACGGCCATCTCCGGT-1,0.030681,0.00068,0.00034,0.034453,0.469726,0.097105,0.367014
AACGTACTGTGGGTAC-1,0.116256,0.000514,0.000257,0.214533,0.074403,0.081004,0.513033
AACGTCAGACTAGTGG-1,0.000113,0.000226,0.000113,0.250005,0.011286,0.027059,0.711198
AACGTGCGAAAGTCTC-1,0.000099,0.000197,0.172125,0.323821,0.000099,0.114824,0.388835
AACGTTATCAGCACCT-1,0.00022,0.00044,0.026662,0.220561,0.061094,0.050697,0.640326
AACTACCCGTTTGTCA-1,0.00042,0.00084,0.00042,0.00042,0.00042,0.00042,0.997058
AACTAGGCTTGGGTGT-1,0.000134,0.000268,0.000134,0.199068,0.273072,0.193142,0.334183
AACTCAAGTTAATTGC-1,0.010963,0.00036,0.00018,0.101066,0.00018,0.109383,0.777868
AACTCCAGAGCGTGTT-1,0.001588,0.003175,0.001588,0.260786,0.001588,0.001588,0.729688
AACTCTCAATAGAGCG-1,0.002174,0.004348,0.002174,0.002174,0.219039,0.002175,0.767915
AACTCTCAGTGTGCTC-1,0.000424,0.000847,0.000424,0.184177,0.070969,0.000424,0.742735
AACTGAGTTATACTGA-1,0.000092,0.000184,0.000092,0.000092,0.005217,0.025325,0.968998
AACTGATATTAGGCCT-1,0.004168,0.008334,0.004168,0.267823,0.004167,0.004168,0.707172
AACTGGGTCCCGACGT-1,0.000453,0.000905,0.000453,0.000453,0.000453,0.843686,0.153599
AACTTCTGCGTCTATC-1,0.000841,0.001681,0.000841,0.315472,0.035872,0.000841,0.644453
AACTTGCCCGTATGCA-1,0.00014,0.000281,0.00014,0.217582,0.00014,0.00014,0.781576
AACTTTACGGGAGCTT-1,0.032716,0.000174,0.000087,0.000087,0.02346,0.021195,0.922282
AACTTTCTCGATCATG-1,0.006668,0.013334,0.006668,0.006668,0.006668,0.006669,0.953325
AAGAAATCACCAGATT-1,0.002274,0.004546,0.002273,0.002273,0.039709,0.002273,0.946651
AAGACCAAATAACTCA-1,0.000244,0.000488,0.000244,0.123777,0.000244,0.000244,0.874759
AAGAGATGAATCGGTA-1,0.302312,0.00014,0.00007,0.357186,0.00007,0.00007,0.340152
AAGAGCTCTTTATCGG-1,0.000288,0.000576,0.000288,0.313128,0.000288,0.164379,0.521051
AAGAGGATGTACGCGA-1,0.088728,0.000286,0.000143,0.09198,0.128327,0.067091,0.623443
AAGAGGCATGGATCGC-1,0.000179,0.000357,0.067215,0.223243,0.046057,0.082725,0.580225
AAGAGGCCCTTTGGAA-1,0.000155,0.00031,0.000155,0.000155,0.000155,0.000155,0.998916
AAGATGGCACCGGACC-1,0.029036,0.000328,0.000164,0.045123,0.198329,0.138605,0.588415
AAGATTGGCGGAACGT-1,0.000474,0.000948,0.000474,0.340695,0.353351,0.000474,0.303584
AAGCACCCTGCGTATC-1,0.000099,0.000197,0.000099,0.145212,0.000099,0.145818,0.708476
AAGCATACTCTCCTGA-1,0.000189,0.000379,0.154814,0.512151,0.01443,0.069658,0.248379
AAGCCGAAGCGGTTTA-1,0.000271,0.000542,0.000271,0.000271,0.000271,0.000271,0.998103
AAGCCGCTTTACCTTG-1,0.007694,0.015385,0.007694,0.357444,0.007694,0.007694,0.596396
AAGCCGGAGAGCAGGA-1,0.026722,0.000119,0.00006,0.00006,0.0053,0.004568,0.963171
AAGCGCAGGGCTTTGA-1,0.00007,0.000141,0.00007,0.00007,0.00007,0.026077,0.973501
AAGCGTCCCTCATCGA-1,0.027901,0.000588,0.000294,0.201678,0.000294,0.000294,0.76895
AAGCTAGATCGAGTAA-1,0.000036,0.000072,0.461765,0.390318,0.014766,0.02364,0.109404
AAGCTCGTGCCAAGTC-1,0.000099,0.000197,0.303064,0.290129,0.000099,0.20416,0.202253
AAGCTCTTTCATGGTG-1,0.000415,0.00083,0.000415,0.209736,0.000415,0.484849,0.30334
AAGGAGCGGTTGGTGC-1,0.01282,0.000676,0.000338,0.25484,0.000338,0.000338,0.73065
AAGGATCGATCGCTTG-1,0.003449,0.006897,0.003449,0.384835,0.003449,0.003449,0.594471
AAGGATGAGGGACCTC-1,0.000311,0.000621,0.000311,0.413741,0.05226,0.216716,0.31604
AAGGCAGGCTGTCTCC-1,0.099117,0.00021,0.000105,0.148675,0.000105,0.000105,0.751684
AAGGCGCGTAAAGCTT-1,0.000095,0.00019,0.000095,0.223095,0.009869,0.068078,0.698577
AAGGCTGTGCTCATCG-1,0.000257,0.000514,0.000257,0.159148,0.000257,0.032028,0.807539
AAGGGAACGACTGGCT-1,0.003704,0.007408,0.003705,0.003705,0.003704,0.159167,0.818606
AAGGGACAGATTCTGT-1,0.000172,0.000343,0.000172,0.049746,0.337683,0.266989,0.344896
AAGGGACTATGCATTC-1,0.003705,0.007407,0.003705,0.003705,0.003704,0.003705,0.974068
AAGGGTTTGATTTCAG-1,0.000199,0.000398,0.000199,0.159175,0.000199,0.000199,0.839632
AAGGTATCCTAATATA-1,0.000266,0.000532,0.000266,0.000266,0.522758,0.210752,0.265159
AAGGTGATAAACCAGC-1,0.016757,0.001064,0.000532,0.270389,0.000532,0.262543,0.448183
AAGTAGAAGACCGGGT-1,0.001539,0.003077,0.001539,0.118148,0.001539,0.272858,0.6013
AAGTAGTGACGCGAGG-1,0.010714,0.00035,0.000175,0.000175,0.012069,0.000175,0.976342
AAGTCAATTGTCGTCA-1,0.007144,0.014286,0.007146,0.394859,0.007144,0.007145,0.562276
AAGTCTAGTAGCTGCC-1,0.002223,0.004445,0.002223,0.205459,0.002223,0.002223,0.781205
AAGTCTTCTGTGGCCT-1,0.000147,0.000294,0.000147,0.074773,0.032483,0.000147,0.89201
AAGTGACGACCGAATT-1,0.201394,0.00016,0.00008,0.173731,0.00008,0.036834,0.58772
AAGTGCAAAGGTAGAC-1,0.000115,0.000229,0.000115,0.000115,0.000115,0.000115,0.999197
AAGTGCCTTGACTGTA-1,0.003847,0.007692,0.003847,0.003847,0.003847,0.206143,0.770776
AAGTGCGTTAGAATCT-1,0.036678,0.000177,0.045876,0.22833,0.004522,0.000089,0.684327
AAGTGTTTGGAGACGG-1,0.000207,0.000414,0.000207,0.050943,0.000207,0.719665,0.228356
AAGTTCACTCCAAGCT-1,0.003031,0.006061,0.238427,0.12989,0.610466,0.003031,0.009094
AAGTTCAGTCTGCGTA-1,0.036866,0.001212,0.000606,0.197977,0.087923,0.114161,0.561255
AAGTTCGGCCAACAGG-1,0.00011,0.00022,0.007941,0.121683,0.006662,0.19484,0.668545
AAGTTGTGATGTTATA-1,0.035135,0.00042,0.00021,0.086476,0.00021,0.00021,0.877338
AAGTTTATGGGCCCAA-1,0.027649,0.000485,0.000243,0.170067,0.02233,0.190102,0.589124
AATAACAACGCTCGGC-1,0.001731,0.000202,0.000101,0.163838,0.009074,0.000418,0.824635
AATAACACTAGAACAA-1,0.000215,0.00043,0.000215,0.345498,0.013632,0.065159,0.574851
AATAATCTTCGTATCG-1,0.116914,0.000206,0.000103,0.000103,0.000103,0.042424,0.840147
AATACAATGTTTCAGG-1,0.000101,0.000202,0.000101,0.002726,0.000101,0.000101,0.996667
AATAGAACAGAGTGGC-1,0.016121,0.000281,0.044737,0.075539,0.351536,0.114333,0.397453
AATAGAATCTGTTTCA-1,0.00024,0.000481,0.00024,0.246389,0.012921,0.578836,0.160893
AATAGCTACCGCGTGC-1,0.061645,0.001105,0.000553,0.21957,0.03523,0.204478,0.477419
AATAGTCGCGAGTCGG-1,0.000085,0.00017,0.000085,0.000085,0.000085,0.000085,0.999405
AATATCCTAGCAAACT-1,0.000115,0.00023,0.000115,0.000115,0.000115,0.026549,0.972762
AATATCGAATCAATGC-1,0.000565,0.00113,0.000565,0.000565,0.000565,0.000565,0.996044
AATATCGAGGGTTCTC-1,0.001205,0.00241,0.001205,0.30734,0.001205,0.001205,0.68543
AATATTGGAGTATTGA-1,0.000132,0.000265,0.000132,0.115754,0.010349,0.024021,0.849346
AATCATGTAAAGACTC-1,0.000166,0.000331,0.000166,0.16268,0.000166,0.06215,0.774342
AATCCAAGGGCCTGAG-1,0.000526,0.001053,0.000526,0.000526,0.000526,0.499739,0.497103
AATCGCCTCAGCGCCA-1,0.000136,0.000272,0.098607,0.241624,0.000136,0.188137,0.471087
AATCGCGCAGAGGACT-1,0.063569,0.000228,0.000114,0.058945,0.000114,0.139377,0.737653
AATCGGGACACTACGA-1,0.000212,0.000424,0.141225,0.232804,0.07741,0.207333,0.340592
AATCGTGAGCCGAGCA-1,0.000472,0.000943,0.000472,0.257122,0.000472,0.090299,0.65022
AATCTAGGTTTACTTG-1,0.000167,0.000334,0.000167,0.000167,0.000167,0.000167,0.998831
AATCTATGCCGGAGCC-1,0.004001,0.008,0.004001,0.004001,0.100173,0.449851,0.429972
AATCTCTACTGTGGTT-1,0.118499,0.000145,0.000073,0.009622,0.000073,0.000073,0.871516
AATCTGCGTTGGGACG-1,0.028918,0.000631,0.000316,0.068542,0.257903,0.182072,0.461619
AATCTGGCTTTCTAGT-1,0.000184,0.000368,0.000184,0.000184,0.000184,0.135759,0.863136
AATGACAGCAATGTCT-1,0.00014,0.00028,0.089148,0.067353,0.005178,0.170931,0.66697
AATGACGTAGGATGTC-1,0.00004,0.00008,0.00004,0.009257,0.00004,0.990424,0.00012
AATGACTGTCAGCCGG-1,0.000565,0.00113,0.000565,0.123077,0.000565,0.000565,0.873532
AATGATGATACGCTAT-1,0.000422,0.000844,0.000422,0.472666,0.057256,0.137173,0.331217
AATGATGCGACTCCTG-1,0.022874,0.00087,0.000435,0.000435,0.445671,0.000435,0.529281
AATGCAACCGGGTACC-1,0.000228,0.000456,0.000228,0.092898,0.005022,0.396949,0.504219
AATGCACCAAGCAATG-1,0.000306,0.000612,0.000306,0.392706,0.018846,0.000306,0.586919
AATGGTCCACCGTTCA-1,0.000155,0.00031,0.000155,0.051575,0.000155,0.000155,0.947496
AATGGTTCTCACAAGC-1,0.050819,0.000231,0.000116,0.125953,0.000116,0.000116,0.822651
AATGTGCCCGAGGTGT-1,0.000476,0.000952,0.05629,0.122714,0.000476,0.134614,0.684477
AATGTTAAGACCCTGA-1,0.000439,0.000877,0.000439,0.245063,0.046683,0.000439,0.706061
AATTAAAGGTCGGCGT-1,0.050434,0.000435,0.000217,0.176455,0.000217,0.228044,0.544197
AATTAACGGATTTCCA-1,0.00065,0.001299,0.200902,0.244509,0.00065,0.083508,0.468482
AATTACGAGACCCATC-1,0.01589,0.00027,0.000135,0.317048,0.000135,0.000135,0.666388
AATTAGCGCTGCAGCG-1,0.000187,0.000374,0.000187,0.44378,0.038584,0.095333,0.421555
AATTCATAAGGGATCT-1,0.060354,0.003636,0.001819,0.001819,0.172787,0.356698,0.402887
AATTCATTGTCATGCA-1,0.016667,0.033336,0.016673,0.849973,0.016669,0.01667,0.050011
AATTCGATTCGAGGAT-1,0.000071,0.000142,0.000071,0.057171,0.000071,0.000071,0.942403
AATTCTAGAGTTAGGC-1,0.000199,0.000398,0.000199,0.33684,0.043464,0.07884,0.540058
AATTGAACGCTCTGGT-1,0.000061,0.000122,0.000061,0.000061,0.000061,0.999452,0.000183
AATTGCAGCAATCGAC-1,0.000137,0.000275,0.000137,0.03093,0.000137,0.000137,0.968246
AATTTGGTTCCAAAGA-1,0.000234,0.000467,0.000234,0.270304,0.014788,0.150583,0.56339
ACAAACCATGCGTCCT-1,0.000704,0.001408,0.000704,0.190972,0.000704,0.000704,0.804801
ACAAAGAAGGTAGGCC-1,0.013507,0.000142,0.123635,0.004565,0.001899,0.027338,0.828914
ACAAAGCATGACCTAG-1,0.000257,0.000513,0.000256,0.088038,0.000256,0.000256,0.910423
ACAAATCGCACCGAAT-1,0.055492,0.000254,0.000127,0.000127,0.000127,0.807336,0.136537
ACAAATGGTAGTGTTT-1,0.000516,0.001031,0.000516,0.145928,0.000516,0.531543,0.319951
ACAACAGCATGAGCTA-1,0.000063,0.000125,0.447843,0.350848,0.000063,0.094094,0.106965
ACAACGGTCCCTGCGA-1,0.000155,0.000309,0.000155,0.137065,0.000155,0.062839,0.799322
ACAAGCAGTGCCTAGC-1,0.023086,0.000311,0.000155,0.131484,0.000155,0.000155,0.844654
ACAAGCTATATGGAAG-1,0.000057,0.000115,0.000057,0.000057,0.117183,0.105115,0.777414
ACAAGGAAATCCGCCC-1,0.000091,0.000181,0.062622,0.092481,0.000091,0.632663,0.211871
ACAAGGACAAGAGGTT-1,0.000116,0.000232,0.000116,0.050286,0.008407,0.000116,0.940728
ACAAGGATGCTTTAGG-1,0.066513,0.011111,0.005557,0.005557,0.114664,0.181251,0.615347
ACAAGGGCAGGCTCTG-1,0.016277,0.000117,0.020949,0.458762,0.000058,0.197737,0.3061
ACAATAGTCGTACGTT-1,0.000143,0.000285,0.000143,0.000143,0.000143,0.000143,0.999001
ACAATCCATTTAAACC-1,0.000113,0.000225,0.063604,0.000113,0.069879,0.000113,0.865955
ACAATGAATACGGAGA-1,0.098517,0.001786,0.240056,0.000893,0.000893,0.000893,0.656961
ACAATTGTGTCTCTTT-1,0.00345,0.006897,0.003449,0.003449,0.003449,0.003449,0.975856
ACAATTTAGGAGGCTC-1,0.15629,0.000147,0.000074,0.000074,0.000074,0.070115,0.773226
ACAATTTGAGCAGTGG-1,0.000617,0.001235,0.000617,0.208313,0.000618,0.186818,0.601782
ACAATTTGGCCATATT-1,0.016691,0.000174,0.000087,0.000087,0.000087,0.036147,0.946726
ACACAAAGACGGGTGG-1,0.000685,0.00137,0.000685,0.000685,0.000685,0.269707,0.726183
ACACACCAGGACCAGT-1,0.000441,0.000881,0.000441,0.000441,0.000441,0.454561,0.542795
ACACACTTTCTACACG-1,0.004764,0.009524,0.004763,0.004763,0.004763,0.413874,0.557549
ACACATGATCAAATCT-1,0.000072,0.000144,0.160057,0.049723,0.000072,0.347772,0.44216
ACACCACATAATTAGC-1,0.000158,0.000315,0.046927,0.045355,0.000158,0.000158,0.90693
ACACCCAGCATGCAGC-1,0.002273,0.004546,0.002274,0.002273,0.002273,0.34114,0.645221
ACACCCGAGAAATCCG-1,0.08467,0.000333,0.000167,0.193179,0.000167,0.044785,0.676699
ACACCTTAAGTAGGGC-1,0.000181,0.000361,0.000181,0.078137,0.000181,0.01643,0.90453
ACACCTTACTACTTGC-1,0.002041,0.004082,0.002041,0.002041,0.002041,0.002041,0.985712
ACACGAGACTCCTTCT-1,0.000062,0.000124,0.588989,0.203797,0.007313,0.169645,0.030071
ACACGTAGGCCACAAG-1,0.081258,0.000315,0.000158,0.113848,0.000158,0.000158,0.804106
ACACTGATCAAGGTGT-1,0.013381,0.000306,0.000153,0.128808,0.408962,0.096474,0.351916
ACACTGGGACAGTCGT-1,0.015338,0.000398,0.000199,0.000199,0.000199,0.000199,0.983469
ACAGAACTGAGAACAA-1,0.000102,0.000205,0.138324,0.000102,0.005378,0.017593,0.838295
ACAGCATAGAGCCAGT-1,0.064499,0.005128,0.002565,0.347833,0.002565,0.002565,0.574846
ACAGCGACATTCTCAT-1,0.181528,0.000184,0.002722,0.206439,0.000092,0.037732,0.571304
ACAGGCACGGATCCTT-1,0.000394,0.000787,0.000394,0.000394,0.000394,0.794246,0.203391
ACAGGCTTGCCCGACT-1,0.036104,0.001183,0.00475,0.000592,0.000592,0.481699,0.475081
ACAGGTGGAGGTGAGG-1,0.054136,0.003175,0.001588,0.001588,0.001588,0.001588,0.936338
ACAGGTGTGTTGTTGC-1,0.066061,0.000199,0.000099,0.000099,0.026456,0.000099,0.906986
ACAGTAATACAACTTG-1,0.000155,0.00031,0.000155,0.000155,0.033671,0.039355,0.9262
ACAGTATACCGTGGGA-1,0.007144,0.014286,0.007144,0.007145,0.007144,0.007145,0.949992
ACATAAGTCGTGGTGA-1,0.000128,0.000256,0.000128,0.114216,0.003143,0.000128,0.881999
ACATAATAAGGCGGTG-1,0.02746,0.000885,0.000443,0.125283,0.000443,0.438036,0.407451
ACATCAGCTGGGACGC-1,0.037898,0.000141,0.014263,0.105986,0.000071,0.000071,0.841571
ACATCCTGGTAACTGT-1,0.070717,0.002985,0.001493,0.243649,0.001493,0.337205,0.342458
ACATCGATCGTTTACC-1,0.000226,0.000451,0.000226,0.213908,0.034732,0.176323,0.574133
ACATCGGTCAGCCGCG-1,0.000208,0.000416,0.000208,0.102221,0.011157,0.08351,0.80228
ACATCGTATGCAATGG-1,0.013615,0.00022,0.058939,0.101789,0.00011,0.632509,0.192819
ACATGGCGCCAAAGTA-1,0.007693,0.015385,0.007695,0.007695,0.007694,0.007695,0.946144
ACATTAGTTTATATCC-1,0.021561,0.000283,0.051497,0.20912,0.000142,0.473818,0.243578
ACCAACACCACACACT-1,0.091147,0.004545,0.002273,0.002273,0.002273,0.002273,0.895215
ACCAACCGCACTCCAC-1,0.001266,0.002532,0.169458,0.001266,0.001266,0.310591,0.513621
ACCAACGCTTATTTAT-1,0.000134,0.000268,0.000134,0.24445,0.278578,0.146526,0.329911
ACCAAGAACGCGTGTC-1,0.001819,0.003637,0.001819,0.001819,0.001819,0.001819,0.987269
ACCAATATGCAAGTTA-1,0.000132,0.000264,0.07761,0.038032,0.000132,0.772893,0.110938
ACCACAAGTTTCTATC-1,0.001316,0.002632,0.001316,0.253059,0.067132,0.407959,0.266587
ACCACACGGTTGATGG-1,0.000119,0.000237,0.025623,0.160051,0.162333,0.186579,0.465058
ACCACCAATGTAACAA-1,0.002858,0.005715,0.002858,0.002858,0.002858,0.002858,0.979995
ACCACCCTCTCTTCTA-1,0.005557,0.011111,0.005557,0.005557,0.005557,0.005557,0.961104
ACCACGTGCAGCTATA-1,0.02831,0.000559,0.000279,0.236057,0.000279,0.639159,0.095356
ACCAGACCATAACAAC-1,0.000065,0.000131,0.000065,0.000065,0.000065,0.07154,0.928069
ACCAGTGCGGGAGACG-1,0.000775,0.00155,0.000775,0.141413,0.055923,0.18809,0.611472
ACCATATCCGCAATAA-1,0.000214,0.000428,0.000214,0.000214,0.000214,0.554953,0.443762
ACCATCCGCCAACTAG-1,0.000105,0.000211,0.000105,0.000105,0.000105,0.000105,0.999263
ACCATCGTATATGGTA-1,0.000287,0.000575,0.115935,0.000287,0.009469,0.138179,0.735268
ACCCAACGCCCGTGGC-1,0.000383,0.000766,0.000383,0.125745,0.269337,0.235914,0.367471
ACCCACCTACATGCTC-1,0.000161,0.000321,0.000161,0.050214,0.000161,0.091895,0.857089
ACCCATCTTGAGGGTA-1,0.035154,0.000251,0.014765,0.15944,0.000126,0.092103,0.698161
ACCCATTTGTCCCTCT-1,0.015016,0.000353,0.000176,0.215928,0.000176,0.106194,0.662156
ACCCGAGCGAAATTAC-1,0.191116,0.005715,0.002858,0.002858,0.137214,0.019042,0.641198
ACCCGGAAACTCCCAG-1,0.000184,0.000368,0.000184,0.354095,0.31111,0.000184,0.333876
ACCCGGAGCACCACAA-1,0.120203,0.000147,0.000073,0.08511,0.000073,0.000073,0.79432
ACCCGGATGACGCATC-1,0.003126,0.00625,0.003126,0.571566,0.003126,0.003126,0.409681
ACCCGGTTACACTTCC-1,0.000143,0.000286,0.000143,0.075894,0.32817,0.312133,0.283231
ACCCTATGCCATATCG-1,0.000187,0.000375,0.055625,0.167649,0.193916,0.024168,0.558081
ACCCTCCCGTCAGGGC-1,0.000132,0.000265,0.000132,0.082081,0.078572,0.128938,0.709879
ACCCTCCCTTGCTATT-1,0.000114,0.000229,0.000114,0.000114,0.000114,0.975877,0.023436
ACCCTGGTAACGCCCT-1,0.001724,0.003448,0.001724,0.001725,0.98448,0.001724,0.005174
ACCCTTCATCTGCGAA-1,0.005883,0.011765,0.005884,0.005885,0.005884,0.005884,0.958815
ACCGAAAGGGCCCTGC-1,0.000355,0.000709,0.000355,0.077351,0.035225,0.193315,0.692689
ACCGAAGAGTCTGGTT-1,0.018644,0.000241,0.085106,0.066,0.00012,0.096085,0.733805
ACCGACACATCTCCCA-1,0.000926,0.001852,0.056703,0.198151,0.015279,0.145921,0.581168
ACCGACTGAGTCCCAC-1,0.076848,0.000451,0.000226,0.224343,0.015315,0.568135,0.114682
ACCGAGTCTCCTTATT-1,0.048218,0.000749,0.000375,0.24383,0.000375,0.149088,0.557365
ACCGATAGGCATAACC-1,0.000086,0.000171,0.014538,0.000086,0.003033,0.000086,0.982001
ACCGATATTTAATCAT-1,0.000147,0.000294,0.00716,0.000147,0.000147,0.000147,0.991957
ACCGATGGTAGCATCG-1,0.015828,0.000294,0.038261,0.108282,0.439513,0.114008,0.283815
ACCGCAATAACTGCCT-1,0.010463,0.000166,0.000083,0.000083,0.000083,0.988874,0.000249
ACCGCGGTGGAAGTCG-1,0.00087,0.001739,0.00087,0.00087,0.00087,0.00087,0.993912
ACCGGGCCTTTGTTGA-1,0.005557,0.011111,0.005557,0.005557,0.005557,0.573164,0.393497
ACCGGTCAGGTACACC-1,0.000164,0.000327,0.000164,0.071844,0.000164,0.09029,0.837047
ACCGTCCACTGGGCCC-1,0.263529,0.004762,0.126227,0.002382,0.002381,0.002382,0.598337
ACCGTGACCACGTGGG-1,0.126668,0.000211,0.000105,0.000105,0.742333,0.000105,0.130472
ACCTAAGTACCTTTCA-1,0.02994,0.000361,0.000181,0.128714,0.000181,0.000181,0.840443
ACCTAATCGACTTCCT-1,0.00017,0.00034,0.00017,0.00017,0.00017,0.00017,0.998809
ACCTACAGTATGTGGT-1,0.00014,0.00028,0.000208,0.127068,0.009673,0.061954,0.800676
ACCTCCGCCCTCGCTG-1,0.00023,0.000461,0.00023,0.084959,0.014714,0.00023,0.899175
ACCTCCGTTATTCACC-1,0.000625,0.00125,0.000625,0.000625,0.000625,0.000625,0.995624
ACCTGCGTGTCATGTT-1,0.011883,0.000216,0.046834,0.000108,0.000108,0.086425,0.854424
ACGAAATGGGCGGCAC-1,0.000135,0.00027,0.000135,0.062153,0.008743,0.152165,0.776399
ACGACCCATGAGTTGC-1,0.000104,0.000208,0.07179,0.000104,0.000104,0.04005,0.88764
ACGACTCTAGGGCCGA-1,0.000376,0.000752,0.000376,0.219982,0.091294,0.232302,0.454919
ACGACTGGTCATACTC-1,0.000588,0.001177,0.000588,0.252617,0.157866,0.259485,0.327679
ACGAGGATACCACTCT-1,0.000117,0.000235,0.000117,0.017091,0.000117,0.062495,0.919827
ACGAGGTTTACAACGT-1,0.022481,0.000325,0.000162,0.093238,0.007564,0.000162,0.876067
ACGAGTACGGATGCCC-1,0.00122,0.002439,0.00122,0.269074,0.00122,0.00122,0.723607
ACGATACATAGAACTA-1,0.001667,0.003333,0.001667,0.550766,0.001667,0.001667,0.439233
ACGATACCTATCCTGA-1,0.000086,0.000173,0.000086,0.001889,0.000086,0.023226,0.974453
ACGATCATACATAGAG-1,0.045511,0.000398,0.000199,0.259144,0.000199,0.578984,0.115565
ACGATCATCTTGTAAA-1,0.005002,0.01,0.005001,0.005001,0.097413,0.005002,0.87258
ACGATGCATATGTTAT-1,0.000165,0.000329,0.000165,0.231905,0.014397,0.002176,0.750864
ACGATGGATCCGATGC-1,0.000503,0.001005,0.000503,0.152943,0.000503,0.14751,0.697034
ACGCAATCACTACAGC-1,0.188393,0.006897,0.003449,0.003449,0.003449,0.003449,0.790913
ACGCATACGTTTACTA-1,0.000238,0.000475,0.000238,0.000238,0.000238,0.000238,0.998337
ACGCATTCGTGAGTAC-1,0.000241,0.000482,0.000241,0.059408,0.000241,0.788338,0.151049
ACGCCACTCGAAACAG-1,0.000455,0.000909,0.065451,0.193284,0.136204,0.049266,0.554431
ACGCCGCTAGACGACC-1,0.008508,0.00013,0.000065,0.473668,0.000065,0.052358,0.465206
ACGCGAAGTCAGACGA-1,0.000121,0.000243,0.000121,0.259004,0.108491,0.348307,0.283713
ACGCGCTACACAGGGT-1,0.026137,0.000285,0.000142,0.094036,0.000142,0.16176,0.717497
ACGCGGGCCAAGGACA-1,0.020862,0.000146,0.054948,0.140058,0.009174,0.643521,0.13129
ACGCGTTTCTTAAGAG-1,0.000067,0.000133,0.000067,0.000067,0.000067,0.000067,0.999534
ACGCTAGTGATACACT-1,0.003126,0.00625,0.003126,0.392068,0.003126,0.318421,0.273884
ACGCTGTGAGGCGTAG-1,0.000187,0.000373,0.000187,0.000187,0.000187,0.000187,0.998694
ACGGACTCTCAAAGCG-1,0.054494,0.000094,0.000047,0.135941,0.000047,0.601779,0.207599
ACGGAGCGCAAATTAC-1,0.077349,0.000939,0.00047,0.337101,0.102036,0.00047,0.481635
ACGGATGGTGCGGATA-1,0.000135,0.000271,0.000135,0.048254,0.000135,0.742107,0.208962
ACGGCACTTGCTTGGG-1,0.000192,0.000384,0.000192,0.216907,0.02828,0.060844,0.693201
ACGGCGACGATGGGAA-1,0.000172,0.000344,0.000172,0.125312,0.000172,0.707179,0.166649
ACGGCTGGATGTAGAA-1,0.000147,0.000294,0.000147,0.248595,0.000147,0.061728,0.688941
ACGGGAGTGTCGGCCC-1,0.000085,0.000169,0.000085,0.228375,0.000085,0.160531,0.610669
ACGGGCGTATGCGACA-1,0.035523,0.002817,0.001409,0.001409,0.033436,0.234016,0.691391
ACGTACAGATTTCTCT-1,0.000311,0.000621,0.000311,0.160741,0.000311,0.057547,0.780159
ACGTAGATTGCTGATG-1,0.000193,0.000387,0.000193,0.367984,0.000193,0.295507,0.335542
ACGTAGGAGAGTCGCT-1,0.000063,0.000126,0.000063,0.000063,0.000063,0.08685,0.912772
ACGTATTACTCCGATC-1,0.01667,0.033333,0.016673,0.016673,0.01667,0.016671,0.883309
ACGTCTCGTTCCGGGA-1,0.00014,0.000281,0.00014,0.00014,0.00014,0.00014,0.999018
ACGTGACAAAGTAAGT-1,0.010878,0.000165,0.000083,0.000083,0.000083,0.000083,0.988626
ACGTGCGCCTCGTGCA-1,0.002273,0.004546,0.002273,0.002273,0.002273,0.002273,0.984088
ACGTTAATGTCGAAGA-1,0.018934,0.000334,0.000167,0.333757,0.011599,0.222142,0.413068
ACGTTAGATTTGCCCG-1,0.000235,0.00047,0.000235,0.045705,0.000235,0.073062,0.880059
ACGTTATTGGTCACTC-1,0.03843,0.001342,0.000671,0.280954,0.021506,0.000671,0.656426
ACGTTCGCAATCAATT-1,0.062054,0.000207,0.000104,0.240582,0.000104,0.000104,0.696845
ACGTTCGTTCAGGAAA-1,0.000339,0.000678,0.000339,0.345474,0.126914,0.000339,0.525917
ACGTTCTGTACAAGTC-1,0.003449,0.006897,0.003449,0.003449,0.003449,0.097505,0.881801
ACGTTTAGTTGTGATC-1,0.003334,0.006667,0.003334,0.098014,0.003334,0.003334,0.881983
ACTACATCCCGACAAG-1,0.004001,0.008001,0.004001,0.309361,0.097198,0.004001,0.573436
ACTACCAGCTCTCTGG-1,0.000153,0.000306,0.000153,0.049049,0.000153,0.065543,0.884643
ACTAGTTGCGATCGTC-1,0.037857,0.000722,0.000361,0.177692,0.037103,0.000361,0.745904
ACTATCCAGGGCATGG-1,0.00099,0.00198,0.00099,0.315637,0.00099,0.00099,0.678421
ACTATCTGCCCGCGTA-1,0.000154,0.000309,0.000154,0.000154,0.000154,0.000154,0.99892
ACTATGTCCAGCTGCC-1,0.001191,0.002381,0.001191,0.129281,0.001191,0.33141,0.533356
ACTATTTCCGGGCCCA-1,0.000195,0.00039,0.000195,0.042243,0.61037,0.053873,0.292734
ACTCAAGTGCAAGGCT-1,0.001471,0.002941,0.001471,0.19668,0.02511,0.389647,0.382679
ACTCAATAAAGGCACG-1,0.000234,0.000468,0.000234,0.000234,0.000234,0.923729,0.074866
ACTCCAATATCATCAT-1,0.001696,0.00339,0.001695,0.001695,0.001695,0.265441,0.724387
ACTCCCATTCCTAAAG-1,0.000091,0.000181,0.064579,0.057304,0.000091,0.011651,0.866104
ACTCCCGAATTCGTTT-1,0.001111,0.002222,0.001111,0.001111,0.001111,0.124271,0.869061
ACTCCCGTAGACTAGG-1,0.005556,0.011111,0.005557,0.005557,0.176885,0.005558,0.789775
ACTCCCTAATGCTAAA-1,0.000524,0.001047,0.021666,0.245905,0.020247,0.381782,0.32883
ACTCCCTAGAATAGTA-1,0.000154,0.000307,0.07342,0.532991,0.000154,0.135231,0.257744
ACTCCGGCCGACCACT-1,0.001021,0.002041,0.001021,0.20314,0.001021,0.073375,0.718382
ACTCGCGATCTGACGC-1,0.000277,0.000554,0.000277,0.000277,0.000277,0.043891,0.954447
ACTCGTAACCCGTCCT-1,0.000129,0.000258,0.000129,0.00713,0.004853,0.191545,0.795956
ACTCGTCAGTAATCCC-1,0.098473,0.000256,0.000128,0.187702,0.422812,0.140996,0.149632
ACTCTAAACCTGGGAT-1,0.000037,0.000074,0.000037,0.000037,0.02121,0.003175,0.97543
ACTCTCTGACTTAGGT-1,0.018564,0.000299,0.000149,0.294173,0.000149,0.340037,0.346629
ACTCTGACCTAATAGA-1,0.013469,0.000455,0.057592,0.000227,0.009536,0.47089,0.447831
ACTCTTCAGCTCCCGC-1,0.000126,0.000251,0.050588,0.000126,0.000126,0.000126,0.948658
ACTGAAACGCCGTTAG-1,0.029974,0.00099,0.000495,0.000495,0.008403,0.087753,0.87189
ACTGAATGGCGAAAGT-1,0.000096,0.000192,0.000096,0.092286,0.029564,0.710841,0.166926
ACTGCCGTCGTAACTC-1,0.002779,0.005556,0.002779,0.462563,0.059702,0.002779,0.463844
ACTGCGGACACACCGT-1,0.000144,0.000289,0.072542,0.000144,0.000144,0.027569,0.899168
ACTGCTCGGAAGGATG-1,0.000143,0.000286,0.000143,0.153834,0.000143,0.000143,0.845308
ACTGTACGATACACAT-1,0.000293,0.000587,0.000293,0.387824,0.01046,0.126887,0.473657
ACTGTAGCACTTTGGA-1,0.000131,0.000262,0.07135,0.087361,0.006933,0.402321,0.43164
ACTGTCCAGGATTATA-1,0.018369,0.000563,0.037511,0.154798,0.000282,0.492166,0.29631
ACTGTCTTCTTTAGAA-1,0.000095,0.00019,0.000095,0.000095,0.587539,0.4117,0.000286
ACTTACGCATCCACGC-1,0.000193,0.000387,0.000193,0.259563,0.000193,0.558343,0.181127
ACTTATACTTACCCGG-1,0.000148,0.000295,0.000148,0.000148,0.99867,0.000148,0.000443
ACTTATTAGGATCGGT-1,0.000144,0.000288,0.000144,0.038296,0.008292,0.839734,0.113102
ACTTATTTATGTGCCA-1,0.076833,0.007407,0.003705,0.555139,0.003704,0.342096,0.011114
ACTTCAGGCTGATCCC-1,0.031389,0.000225,0.000113,0.1665,0.010799,0.667831,0.123142
ACTTCCAGTGGAAGCT-1,0.009116,0.000334,0.000167,0.088141,0.000167,0.038446,0.863628
ACTTCCATGCGGGACA-1,0.004546,0.009091,0.004547,0.004546,0.004546,0.368701,0.604022
ACTTCGCCATACGCAC-1,0.000168,0.000336,0.000168,0.553012,0.012494,0.300971,0.132852
ACTTCGCTAGCGAGTG-1,0.000309,0.000617,0.000309,0.204505,0.000309,0.000309,0.793643
ACTTGACTCCCTCTTT-1,0.000054,0.000107,0.001499,0.358813,0.000054,0.099415,0.540058
ACTTGGGACCCGGTGG-1,0.000286,0.000571,0.000286,0.199928,0.000286,0.000286,0.798357
ACTTGTAGTCCCTTCA-1,0.076897,0.000283,0.000142,0.000142,0.000142,0.000142,0.922253
ACTTGTGGATGGAACG-1,0.031567,0.000461,0.043405,0.105079,0.00023,0.046258,0.772999
ACTTTACCCTCATGAA-1,0.007695,0.015385,0.007694,0.224729,0.007694,0.007694,0.729108
ACTTTCCTATAGCTTC-1,0.000099,0.000197,0.000099,0.000099,0.000099,0.999113,0.000296
ACTTTGACTGCATCCT-1,0.013249,0.000394,0.000197,0.089518,0.000197,0.045092,0.851354
ACTTTGGTCGTGCTCC-1,0.021799,0.00042,0.00021,0.00021,0.251369,0.137823,0.588169
ACTTTGTCGACGCACT-1,0.000153,0.000306,0.000153,0.000153,0.000153,0.062976,0.936107
AGAAATTATGACTCGC-1,0.022447,0.000196,0.000098,0.000098,0.05203,0.000098,0.925033
AGAACCCAGCGTGACA-1,0.000112,0.000224,0.000112,0.000112,0.000112,0.0366,0.962728
AGAACCCTCAATTGGG-1,0.063015,0.000305,0.018216,0.304953,0.000153,0.000153,0.613205
AGAAGAGCGCCGTTCC-1,0.025001,0.05,0.025003,0.025008,0.025003,0.025008,0.824977
AGAAGGTACACTTCAC-1,0.000122,0.000244,0.000122,0.032079,0.047641,0.028705,0.891087
AGAAGGTTGCCGAATT-1,0.000327,0.000654,0.000327,0.122481,0.000327,0.225397,0.650488
AGAAGGTTGTAGGTCG-1,0.065052,0.0016,0.0008,0.270528,0.089779,0.274771,0.29747
AGAAGTGATTCGTGAT-1,0.009985,0.000422,0.000211,0.000211,0.008635,0.113152,0.867385
AGAATAAATCTTCAGG-1,0.080201,0.000124,0.000062,0.001557,0.000062,0.012554,0.905441
AGAATTATGGATTCGA-1,0.00073,0.00146,0.17119,0.101993,0.00073,0.332395,0.391501
AGAATTGTTTGACATA-1,0.000617,0.001235,0.000617,0.211799,0.081326,0.161397,0.543008
AGACAGCTCAGAATCC-1,0.114249,0.000236,0.014444,0.119054,0.000118,0.000118,0.751782
AGACAGGCATCTCAGC-1,0.000111,0.000222,0.036568,0.000111,0.012096,0.000111,0.950782
AGACCAAACCACACCT-1,0.000132,0.000263,0.000132,0.000132,0.000132,0.000229,0.998982
AGACCATGGGATACAA-1,0.018028,0.000257,0.000129,0.000129,0.000129,0.069583,0.911746
AGACCCACCGCTGATC-1,0.000132,0.000263,0.000132,0.463193,0.058421,0.099873,0.377986
AGACCCGCCCTCCTCG-1,0.000331,0.000662,0.000331,0.088376,0.000331,0.667074,0.242894
AGACCGCTCCGCGGTT-1,0.000231,0.000462,0.000231,0.128377,0.000231,0.000231,0.870237
AGACCGGGAAACCCTG-1,0.000066,0.000131,0.022208,0.000066,0.000066,0.000066,0.977397
AGACGAAGTGCCGGTC-1,0.006668,0.013334,0.006669,0.006669,0.006668,0.006668,0.953323
AGACGACGATGCCGCT-1,0.000318,0.000635,0.000318,0.155763,0.01968,0.547837,0.27545
AGACGCCCACTTCGCC-1,0.000129,0.000258,0.000129,0.000129,0.000129,0.000129,0.999095
AGACTAGCCTTCCAGA-1,0.000283,0.000565,0.000283,0.166507,0.000283,0.000283,0.831798
AGACTGTTACCGGGTC-1,0.022201,0.000593,0.000297,0.134781,0.802745,0.038493,0.00089
AGAGAACCGTCTAGGA-1,0.000237,0.000474,0.000237,0.212447,0.155904,0.216431,0.41427
AGAGAAGGAGTACAAT-1,0.000157,0.000313,0.000157,0.081282,0.000157,0.000157,0.917779
AGAGATCTCTAAAGCG-1,0.034564,0.000165,0.000082,0.072376,0.000082,0.000082,0.892648
AGAGCAGTTATGAGAC-1,0.000115,0.000231,0.000115,0.000115,0.000115,0.000115,0.999192
AGAGCCGCCGAGATTT-1,0.000267,0.000533,0.005283,0.084304,0.000267,0.144832,0.764514
AGAGCGCTTGTAACGG-1,0.061828,0.003448,0.280385,0.001725,0.001725,0.150927,0.499962
AGAGCGGGCTAATCAT-1,0.002501,0.005001,0.002501,0.002501,0.002501,0.002501,0.982496
AGAGCGTACAAGCTCG-1,0.000099,0.000198,0.000099,0.047012,0.006837,0.059688,0.886067
AGAGGCTTCGGAAACC-1,0.019498,0.000256,0.000128,0.054111,0.000128,0.17945,0.746429
AGAGTAAACTTCACTA-1,0.085339,0.00056,0.00028,0.249486,0.00028,0.091104,0.572951
AGAGTATAGTGTTACG-1,0.007145,0.014286,0.007145,0.007145,0.007144,0.935698,0.021437
AGATAACTTCAGGGCC-1,0.00008,0.00016,0.00008,0.00008,0.010953,0.032681,0.955966
AGATACCAATAGAACC-1,0.000106,0.000212,0.000106,0.000106,0.000106,0.075527,0.923838
AGATACCGGTGTTCAC-1,0.000163,0.000327,0.000163,0.113061,0.000163,0.207982,0.67814
AGATACGACTTCATAT-1,0.019563,0.000371,0.000186,0.076839,0.109396,0.023537,0.770108
AGATACTCAAGATCGA-1,0.011559,0.000207,0.000103,0.000103,0.000103,0.987614,0.00031
AGATATAATACGACTA-1,0.018358,0.000131,0.000065,0.000065,0.000065,0.490881,0.490434
AGATCGTGCATAAGAT-1,0.00034,0.00068,0.00034,0.167951,0.084113,0.411402,0.335174
AGATCTCAGGTGTGAT-1,0.00015,0.000301,0.027886,0.46732,0.00015,0.115621,0.388571
AGATGACTCGCCCACG-1,0.003847,0.007692,0.003847,0.003847,0.089952,0.577927,0.312887
AGATGATGGAGTCTGG-1,0.005884,0.011765,0.005884,0.005884,0.005883,0.005884,0.958816
AGATGCAAGACGTGCA-1,0.000172,0.000344,0.000172,0.212038,0.013069,0.042111,0.732094
AGATGCATCCTGTGTC-1,0.000105,0.00021,0.000105,0.000105,0.165,0.230564,0.60391
AGATTATAGGACGTTT-1,0.000193,0.000385,0.031236,0.000193,0.000193,0.624145,0.343656
AGATTCACAACCGATA-1,0.021646,0.000176,0.000088,0.086966,0.000088,0.000088,0.890948
AGCAAAGGCCGCTAGT-1,0.000112,0.000225,0.000112,0.162271,0.000112,0.020944,0.816223
AGCAACATATCTTATT-1,0.203556,0.001439,0.00072,0.294435,0.025158,0.220166,0.254527
AGCAACCGAAAGTAAT-1,0.065791,0.000141,0.018793,0.203335,0.000071,0.092109,0.61976
AGCACCAGTACTCACG-1,0.000827,0.609826,0.000827,0.000827,0.000827,0.000827,0.386041
AGCACTACCGGCCTGT-1,0.000212,0.000425,0.000212,0.000212,0.000212,0.000212,0.998514
AGCACTACCTCACCAG-1,0.000159,0.000318,0.082166,0.000159,0.011179,0.786409,0.119609
AGCACTTAAGGACGCC-1,0.00013,0.000259,0.007375,0.004971,0.00013,0.00013,0.987006
AGCAGTCGAAGCATGC-1,0.048622,0.000917,0.000459,0.257185,0.014243,0.111349,0.567224
AGCATATCAATATGCT-1,0.010003,0.02,0.010002,0.010003,0.491576,0.010002,0.448413
AGCATCATTTCGAAAG-1,0.000118,0.000235,0.047142,0.062222,0.000118,0.000118,0.890049
AGCATCGTCGATAATT-1,0.001614,0.003226,0.001613,0.20967,0.001613,0.116323,0.665941
AGCATTACGAGGCAAG-1,0.000073,0.000146,0.000073,0.000073,0.009591,0.426791,0.563254
AGCCACAGGTTACCCG-1,0.003704,0.007407,0.003705,0.30452,0.003704,0.320737,0.356222
AGCCACTCCCGTGCTT-1,0.033138,0.000685,0.000343,0.122191,0.040224,0.000343,0.803077
AGCCCATACATGTAAG-1,0.000137,0.000273,0.000137,0.000137,0.000137,0.067376,0.931804
AGCCCGGCATTAGAGG-1,0.00068,0.001361,0.00068,0.242756,0.118122,0.179399,0.457002
AGCCCTAAGCGAAGTT-1,0.185714,0.003448,0.001724,0.001725,0.001725,0.001725,0.803939
AGCCCTGTCGCACCGT-1,0.000191,0.000382,0.000191,0.000191,0.000191,0.000191,0.998664
AGCCCTTGGACATCCC-1,0.000148,0.000295,0.000148,0.000148,0.000148,0.000148,0.998967
AGCCGCAAATTCAAAT-1,0.00009,0.00018,0.00009,0.00009,0.00009,0.00009,0.99937
AGCCGTGGCTAAATGT-1,0.022176,0.000205,0.000103,0.012622,0.000103,0.227347,0.737444
AGCCTAATACCCACGT-1,0.000151,0.000301,0.097142,0.000151,0.000151,0.000151,0.901954
AGCCTTAAAGCGGAAG-1,0.000067,0.000133,0.000067,0.000067,0.004758,0.017903,0.977006
AGCGACAGGAACGGTC-1,0.000781,0.001563,0.000781,0.155385,0.000781,0.222301,0.618407
AGCGACATCCCATTCA-1,0.003125,0.00625,0.179688,0.003126,0.003126,0.448352,0.356333
AGCGACCAACGATATT-1,0.000547,0.001093,0.000547,0.287622,0.000547,0.183401,0.526245
AGCGATGCGCCTAATA-1,0.000118,0.000236,0.000118,0.000118,0.000118,0.000118,0.999175
AGCGCGGGTGCCAATG-1,0.008279,0.000489,0.000245,0.071741,0.320757,0.065263,0.533228
AGCGCTAGAGCGATGT-1,0.018655,0.000291,0.000146,0.000146,0.000146,0.055338,0.925278
AGCGGACACTTCGTAG-1,0.422101,0.000784,0.000392,0.116677,0.000392,0.154613,0.30504
AGCGGCGGTTAGCGGT-1,0.042182,0.000185,0.000093,0.014566,0.000093,0.000093,0.942788
AGCGGTTGCCGCTCTG-1,0.001266,0.002532,0.001266,0.375208,0.001266,0.066354,0.552108
AGCGTGGTATTCTACT-1,0.00007,0.00014,0.111645,0.199449,0.00491,0.035688,0.648098
AGCTAACAAGCAATGT-1,0.000085,0.00017,0.000085,0.000085,0.016603,0.788732,0.194241
AGCTAAGTACGCAGGC-1,0.004349,0.008696,0.004349,0.293919,0.004349,0.293781,0.390557
AGCTAGAAGCAGAAGT-1,0.083228,0.000633,0.000317,0.256387,0.352482,0.000317,0.306637
AGCTCCATATATGTTC-1,0.000212,0.000425,0.01487,0.000212,0.000212,0.000212,0.983856
AGCTCCTTCGCACATC-1,0.056052,0.001724,0.064265,0.000862,0.000862,0.721452,0.154782
AGCTCTAGACGTTCCA-1,0.000156,0.000311,0.319657,0.306608,0.000156,0.202413,0.1707
AGCTCTTCGTAACCTT-1,0.005264,0.010527,0.005264,0.005265,0.005264,0.005265,0.963151
AGCTCTTTACTCAGTT-1,0.053221,0.000833,0.000417,0.301716,0.000417,0.122478,0.520918
AGCTGAAGTAAACCAA-1,0.000162,0.000324,0.000162,0.145462,0.000162,0.145931,0.707798
AGCTGTAACCTCAATC-1,0.014465,0.000621,0.000311,0.271645,0.140526,0.064418,0.508014
AGCTTCTTCTCGAGCA-1,0.000055,0.00011,0.000055,0.000055,0.000055,0.856734,0.142937
AGCTTGATCTTAACTT-1,0.020943,0.000182,0.095933,0.000091,0.016411,0.066398,0.800042
AGGAACGAACGACTTC-1,0.000391,0.000781,0.000391,0.000391,0.0518,0.091359,0.854887
AGGAAGCTGTCCGCCG-1,0.000297,0.000593,0.000297,0.3011,0.025373,0.163997,0.508342
AGGACAGTCGAATCCC-1,0.000205,0.00041,0.103232,0.142509,0.017166,0.437388,0.29909
AGGACATCGCACGTCG-1,0.017665,0.000181,0.000091,0.067803,0.000091,0.104803,0.809367
AGGACGACCCATTAGA-1,0.000435,0.00087,0.000435,0.146254,0.000435,0.189818,0.661754
