Barcode,Topic 1,Topic 2,Topic 3,Topic 4,Topic 5,Topic 6to7,Topic 8,Topic 9to10
AAACACCAATAACTGC-1,0.000105,0.316001,0.135383,0.034899,0.000105,0.000209,0.161569,0.35173
AAACAGAGCGACTCCT-1,0.000034,0.21047,0.173413,0.121063,0.000034,0.013808,0.322741,0.158436
AAACAGCTTTCAGAAG-1,0.000032,0.860215,0.139526,0.000032,0.000032,0.000065,0.000032,0.000065
AAACAGGGTCTATATT-1,0.000008,0.071715,0.011514,0.00784,0.000008,0.713584,0.003929,0.191403
AAACCGGGTAGGTACC-1,0.000007,0.052719,0.015552,0.104356,0.000007,0.819313,0.003548,0.004497
AAACCTCATGAAGTTG-1,0.000012,0.12156,0.061456,0.086377,0.000012,0.715375,0.004423,0.010785
AAACGAGACGGTTGAT-1,0.000013,0.02918,0.305073,0.226494,0.000013,0.419073,0.009592,0.01056
AAACGGTTGCGAACTG-1,0.000136,0.546347,0.09486,0.186213,0.000136,0.000271,0.157596,0.01444
AAACGTGTTCGCCCTA-1,0.000102,0.556958,0.000102,0.055715,0.000102,0.123139,0.263679,0.000203
AAACTAACGTGGCGAC-1,0.000667,0.860317,0.000667,0.134348,0.000667,0.001334,0.000667,0.001334
AAACTCGGTTCGCAAT-1,0.000081,0.140663,0.184894,0.268778,0.000081,0.026468,0.066469,0.312567
AAACTGCTGGCTCCAA-1,0.000042,0.227472,0.0386,0.40752,0.000042,0.214046,0.095409,0.016868
AAACTTAATTGCACGC-1,0.000053,0.94506,0.000053,0.05452,0.000053,0.000105,0.000053,0.000105
AAACTTGCAAACGTAT-1,0.000006,0.034134,0.001223,0.002712,0.000006,0.899161,0.004368,0.05839
AAAGACCCAAGTCGCG-1,0.000043,0.372076,0.454183,0.173438,0.000043,0.000087,0.000043,0.000087
AAAGGGATGTAGCAAG-1,0.00003,0.100186,0.383829,0.00003,0.00003,0.270264,0.00003,0.245601
AAAGGGCAGCTTGAAT-1,0.000036,0.553144,0.084305,0.269107,0.000036,0.082092,0.004117,0.007162
AAAGGTAAGCTGTACC-1,0.000347,0.000347,0.060538,0.152559,0.000347,0.105959,0.335369,0.344533
AAAGTAGCATTGCTCA-1,0.000092,0.570969,0.379354,0.049034,0.000092,0.000184,0.000092,0.000184
AAAGTCGACCCTCAGT-1,0.000005,0.000005,0.000005,0.000005,0.000005,0.951064,0.001523,0.047391
AAATAACCATACGGGA-1,0.000114,0.066889,0.86639,0.065923,0.000114,0.000228,0.000114,0.000228
AAATACCTATAAGCAT-1,0.000017,0.084619,0.052546,0.24922,0.000017,0.580983,0.026484,0.006115
AAATAGCTTAGACTTT-1,0.000045,0.542269,0.100402,0.357018,0.000045,0.000089,0.000045,0.000089
AAATAGGGTGCTATTG-1,0.000012,0.000804,0.012676,0.05113,0.000012,0.01249,0.000012,0.922866
AAATGCTCGTTACGTT-1,0.000065,0.869147,0.000065,0.057297,0.000065,0.000129,0.000065,0.073168
AAATGGCATGTCTTGT-1,0.000167,0.037293,0.000167,0.000167,0.000167,0.114488,0.276393,0.571158
AAATGGCCCGTGCCCT-1,0.00003,0.199599,0.348334,0.196389,0.00003,0.208406,0.026487,0.020725
AAATTAACGGGTAGCT-1,0.000051,0.245256,0.217258,0.168832,0.000051,0.203348,0.111748,0.053456
AAATTAATAAGCGCGA-1,0.000011,0.529837,0.021147,0.135665,0.000011,0.125994,0.047646,0.139688
AAATTACACGACTCTG-1,0.000083,0.490836,0.493332,0.015249,0.000083,0.000166,0.000083,0.000166
AAATTACCTATCGATG-1,0.000024,0.150263,0.151257,0.42902,0.000024,0.000049,0.220104,0.049258
AAATTTGCGGGTGTGG-1,0.000005,0.047845,0.000005,0.021282,0.000005,0.822579,0.069182,0.039096
AACAACTGGTAGTTGC-1,0.000047,0.349135,0.049615,0.290375,0.000047,0.049003,0.261303,0.000473
AACAATTACTCTACGC-1,0.00007,0.029748,0.920984,0.002627,0.00007,0.046289,0.00007,0.000141
AACACACGCTCGCCGC-1,0.000023,0.127097,0.119519,0.175834,0.000023,0.326478,0.153599,0.097426
AACACGAGACGCGGCC-1,0.000053,0.011656,0.445524,0.4089,0.000053,0.133654,0.000053,0.000107
AACAGGAAATCGAATA-1,0.000029,0.109563,0.083631,0.046078,0.000029,0.430352,0.096563,0.233755
AACAGGATGGGCCGCG-1,0.000012,0.161991,0.033285,0.105734,0.000012,0.622024,0.016328,0.060615
AACATATCAACTGGTG-1,0.000017,0.093526,0.163505,0.013333,0.000017,0.117994,0.559657,0.051951
AACCAAGACTTCTCTG-1,0.000006,0.00445,0.000755,0.101724,0.000006,0.629256,0.225624,0.038178
AACCATAGGGTTGAAC-1,0.000044,0.9996,0.000044,0.000044,0.000044,0.000089,0.000044,0.000089
AACCATGGGATCGCTA-1,0.000056,0.62405,0.375501,0.000056,0.000056,0.000112,0.000056,0.000112
AACCCAGAGACGGAGA-1,0.000097,0.42565,0.562993,0.010681,0.000097,0.000193,0.000097,0.000193
AACCCATCCCATGATC-1,0.000129,0.77482,0.000129,0.007853,0.000129,0.157871,0.000129,0.05894
AACCCTACTGTCAATA-1,0.000029,0.222488,0.001646,0.373825,0.000029,0.037137,0.315162,0.049683
AACCGAGCTTGGTCAT-1,0.000039,0.000039,0.36794,0.036235,0.000039,0.356789,0.034659,0.20426
AACCGCTAAGGGATGC-1,0.000027,0.067879,0.010322,0.343662,0.001029,0.185701,0.307673,0.083707
AACCGTTGTGTTTGCT-1,0.0001,0.699543,0.299653,0.0001,0.0001,0.000201,0.0001,0.000201
AACCTCGCTTTAGCCC-1,0.00014,0.188552,0.362679,0.222989,0.00014,0.173941,0.00014,0.051419
AACCTTTAAATACGGT-1,0.00006,0.414452,0.026362,0.391883,0.00006,0.0403,0.083281,0.043602
AACCTTTACGACGTCT-1,0.000091,0.556723,0.014607,0.258184,0.000091,0.000182,0.169941,0.000182
AACGAAAGTCGTCCCA-1,0.000027,0.755827,0.000027,0.000027,0.000027,0.002049,0.000235,0.241779
AACGATAATGCCGTAG-1,0.000059,0.163852,0.10902,0.350845,0.000059,0.322462,0.050955,0.002749
AACGATATGTCAACTG-1,0.000213,0.29411,0.000213,0.215033,0.471717,0.00535,0.000213,0.013152
AACGCATGATCTGGGT-1,0.000068,0.267599,0.090429,0.294165,0.000068,0.04686,0.152052,0.148759
AACGCGAACGGCAACA-1,0.000018,0.75598,0.116679,0.127216,0.000018,0.000036,0.000018,0.000036
AACGCGGTCTCCAGCC-1,0.000265,0.374119,0.413242,0.113803,0.000265,0.000529,0.000265,0.097512
AACGCTGTTGCTGAAA-1,0.000107,0.150119,0.419548,0.176502,0.000107,0.238981,0.005948,0.008689
AACGGACGTACGTATA-1,0.000019,0.191954,0.020409,0.350341,0.000019,0.353286,0.05907,0.024902
AACGTCAGACTAGTGG-1,0.000021,0.280459,0.021855,0.260316,0.000021,0.013021,0.390243,0.034066
AACGTGATGAAGGACA-1,0.000322,0.171451,0.575228,0.000322,0.000322,0.000643,0.000322,0.251392
AACGTGCGAAAGTCTC-1,0.000006,0.033027,0.000185,0.139108,0.000006,0.798969,0.027476,0.001222
AACGTTATCAGCACCT-1,0.000592,0.319289,0.601831,0.000592,0.000592,0.075329,0.000592,0.001184
AACTAGGCTTGGGTGT-1,0.000031,0.517957,0.165654,0.005269,0.000031,0.000061,0.055819,0.255178
AACTCAAGTTAATTGC-1,0.000023,0.229115,0.018596,0.401877,0.000023,0.30612,0.026767,0.017479
AACTCCTAATCCCATG-1,0.000162,0.586829,0.000162,0.411876,0.000162,0.000324,0.000162,0.000324
AACTCGATAAACACGT-1,0.00082,0.00082,0.992621,0.00082,0.00082,0.00164,0.00082,0.00164
AACTCGATGGCGCAGT-1,0.000073,0.784411,0.000073,0.023537,0.000073,0.100284,0.000073,0.091474
AACTCTCAATAGAGCG-1,0.000024,0.121976,0.013174,0.349342,0.000024,0.063277,0.283183,0.169
AACTGAGGTCAGCGTC-1,0.001111,0.542015,0.001111,0.449093,0.001111,0.002223,0.001111,0.002223
AACTGATATTAGGCCT-1,0.000194,0.358974,0.000194,0.244279,0.000194,0.285204,0.060726,0.050236
AACTGGGTCCCGACGT-1,0.000117,0.0057,0.944109,0.000117,0.000117,0.04949,0.000117,0.000233
AACTTCTGCGTCTATC-1,0.000033,0.734009,0.155396,0.000033,0.000033,0.001319,0.000033,0.109144
AACTTGCCCGTATGCA-1,0.000006,0.056602,0.000006,0.000347,0.000006,0.780653,0.010888,0.151491
AACTTGCGTTCTCGCG-1,0.000076,0.867818,0.000076,0.000076,0.000076,0.000152,0.000076,0.131651
AACTTTACGGGAGCTT-1,0.000051,0.318966,0.107085,0.286883,0.000051,0.134523,0.011848,0.140592
AAGAAGGATCAGTTAG-1,0.000029,0.372747,0.012327,0.002653,0.000029,0.33942,0.000029,0.272765
AAGACCAAATAACTCA-1,0.000161,0.848633,0.000161,0.077085,0.000161,0.000322,0.000161,0.073317
AAGACTGCAAGCTACT-1,0.000017,0.0557,0.019803,0.041148,0.000017,0.797512,0.059569,0.026233
AAGAGATGAATCGGTA-1,0.000034,0.305742,0.196668,0.253241,0.000034,0.165375,0.001792,0.077113
AAGAGCTCTTTATCGG-1,0.00001,0.010338,0.000713,0.152131,0.00001,0.371771,0.296682,0.168344
AAGAGGATGTACGCGA-1,0.000015,0.118716,0.0061,0.317211,0.000015,0.518732,0.0112,0.02801
AAGAGGCATGGATCGC-1,0.000022,0.032945,0.419682,0.420435,0.000022,0.120114,0.006734,0.000045
AAGATTGGCGGAACGT-1,0.000028,0.352338,0.06671,0.390939,0.000028,0.000055,0.189847,0.000055
AAGCATACTCTCCTGA-1,0.000108,0.053242,0.120526,0.351739,0.000108,0.379437,0.04345,0.051388
AAGCGGAGTGCGCGCA-1,0.000033,0.640342,0.000033,0.359397,0.000033,0.000065,0.000033,0.000065
AAGCGGCGTCATGGGT-1,0.000082,0.614809,0.177932,0.206684,0.000082,0.000164,0.000082,0.000164
AAGCTAGATCGAGTAA-1,0.000019,0.079152,0.035896,0.21577,0.000019,0.48401,0.119211,0.065923
AAGCTCGTGCCAAGTC-1,0.000054,0.371212,0.000054,0.37206,0.000054,0.256402,0.000054,0.000109
AAGCTCTTTCATGGTG-1,0.000098,0.022341,0.331738,0.053164,0.000098,0.002821,0.472514,0.117227
AAGGATGAGGGACCTC-1,0.000022,0.229663,0.059494,0.136457,0.000022,0.02762,0.520065,0.026656
AAGGCGCGTAAAGCTT-1,0.000027,0.243779,0.013001,0.35136,0.000027,0.113175,0.059254,0.219377
AAGGGAACGACTGGCT-1,0.00006,0.297436,0.132583,0.089017,0.00006,0.00967,0.038609,0.432565
AAGGGACAGATTCTGT-1,0.000029,0.400085,0.037942,0.276466,0.000029,0.000057,0.27876,0.006632
AAGGTATCCTAATATA-1,0.000035,0.318244,0.042424,0.530798,0.000035,0.055655,0.000041,0.052768
AAGGTGATAAACCAGC-1,0.000032,0.136152,0.013266,0.281261,0.000032,0.108901,0.371087,0.08927
AAGTAGAAGACCGGGT-1,0.000123,0.370898,0.034103,0.213286,0.000123,0.1756,0.121841,0.084027
AAGTAGTGACGCGAGG-1,0.000015,0.110431,0.005051,0.154268,0.000015,0.517145,0.12501,0.088065
AAGTCTTCTGTGGCCT-1,0.000135,0.454643,0.140993,0.000135,0.000135,0.00027,0.263393,0.140298
AAGTGACGACCGAATT-1,0.00001,0.069455,0.006768,0.139349,0.00001,0.743577,0.028797,0.012033
AAGTGCGTTAGAATCT-1,0.000339,0.746016,0.000339,0.134874,0.000339,0.000678,0.000339,0.117076
AAGTGTTTGGAGACGG-1,0.000334,0.000335,0.996989,0.000335,0.000335,0.000669,0.000335,0.000669
AAGTTCACTCCAAGCT-1,0.001163,0.398628,0.592068,0.001163,0.001163,0.002326,0.001163,0.002326
AAGTTCGGCCAACAGG-1,0.000025,0.14829,0.048931,0.652683,0.000025,0.118212,0.021775,0.010059
AAGTTTATGGGCCCAA-1,0.000071,0.188361,0.330859,0.197642,0.000071,0.021431,0.076321,0.185244
AATAACAACGCTCGGC-1,0.000009,0.101621,0.039634,0.173666,0.000009,0.6465,0.017887,0.020674
AATACAATGTTTCAGG-1,0.00005,0.999547,0.00005,0.00005,0.00005,0.000101,0.00005,0.000101
AATAGAATCTGTTTCA-1,0.000013,0.030634,0.073494,0.353603,0.000013,0.506918,0.030209,0.005117
AATAGCAAGCCTCCTG-1,0.000018,0.000018,0.007204,0.000018,0.000018,0.156244,0.416863,0.419619
AATAGTCGCGAGTCGG-1,0.000021,0.691706,0.145309,0.000021,0.000021,0.011966,0.000021,0.150936
AATATCAAGGTCGGAT-1,0.000029,0.332027,0.459934,0.04464,0.000029,0.000411,0.154032,0.008899
AATATCGAGGGTTCTC-1,0.000053,0.448139,0.052565,0.376028,0.000053,0.000106,0.122948,0.000106
AATATTGGAGTATTGA-1,0.000091,0.282282,0.032145,0.329363,0.000091,0.355753,0.000091,0.000183
AATCCAAGGGCCTGAG-1,0.000078,0.323758,0.484209,0.102941,0.000078,0.000157,0.088621,0.000157
AATCCATGCAAGGGTG-1,0.000068,0.46678,0.165945,0.03261,0.000068,0.000137,0.168076,0.166316
AATCGCCTCAGCGCCA-1,0.000008,0.002281,0.000358,0.058835,0.000008,0.458391,0.224717,0.255402
AATCTAGGTTTACTTG-1,0.000032,0.150433,0.017199,0.087129,0.000032,0.116732,0.414837,0.213606
AATCTCTACTGTGGTT-1,0.000357,0.150876,0.553817,0.292806,0.000357,0.000715,0.000357,0.000714
AATCTGCGTTGGGACG-1,0.000026,0.350598,0.043103,0.208597,0.000026,0.060346,0.213618,0.123688
AATCTGGCTTTCTAGT-1,0.000052,0.32414,0.02905,0.492822,0.000052,0.02505,0.057203,0.071631
AATGACAGCAATGTCT-1,0.000031,0.138305,0.154125,0.651304,0.000031,0.050812,0.000031,0.00536
AATGACGTAGGATGTC-1,0.000014,0.096446,0.026196,0.166126,0.000014,0.682371,0.024337,0.004496
AATGAGTTCGCATATG-1,0.000024,0.204573,0.081016,0.019145,0.000024,0.027696,0.042249,0.625275
AATGATGATACGCTAT-1,0.000027,0.337085,0.021223,0.21986,0.000027,0.008798,0.41142,0.001561
AATGATGCGACTCCTG-1,0.000026,0.175084,0.08961,0.067925,0.000026,0.032996,0.604123,0.03021
AATGCAACCGGGTACC-1,0.000019,0.712992,0.024453,0.000019,0.000019,0.076219,0.000019,0.18626
AATGCACCAAGCAATG-1,0.000017,0.238382,0.023799,0.206018,0.000017,0.035273,0.411711,0.084783
AATGGTCCACCGTTCA-1,0.000047,0.36222,0.157601,0.320986,0.000047,0.142516,0.016487,0.000095
AATGGTTCTCACAAGC-1,0.000025,0.262998,0.087867,0.289311,0.000025,0.043044,0.149732,0.166997
AATGTATGGCACTGTA-1,0.000046,0.99959,0.000046,0.000046,0.000046,0.000091,0.000046,0.000091
AATGTGCCCGAGGTGT-1,0.000163,0.183344,0.494224,0.164533,0.000163,0.128781,0.028466,0.000326
AATTAACGGATTTCCA-1,0.000015,0.018314,0.254203,0.025397,0.000015,0.024142,0.254231,0.423683
AATTACTCGTACGCTC-1,0.000398,0.185198,0.811614,0.000399,0.000398,0.000797,0.000399,0.000797
AATTAGCGCTGCAGCG-1,0.000008,0.044738,0.007328,0.055674,0.000008,0.054034,0.03687,0.801341
AATTCATAAGGGATCT-1,0.00003,0.450322,0.003922,0.334532,0.00003,0.00006,0.200067,0.011037
AATTCATTGTCATGCA-1,0.000038,0.470021,0.000038,0.000038,0.000038,0.009956,0.01652,0.503353
AATTCCAACTTGGTGA-1,0.000039,0.13082,0.854652,0.014252,0.000039,0.000079,0.000039,0.000079
AATTCTAGAGTTAGGC-1,0.000028,0.322756,0.133849,0.232002,0.000028,0.036687,0.139383,0.135266
AATTGAACGCTCTGGT-1,0.000025,0.252667,0.004557,0.552272,0.000025,0.188878,0.001523,0.000051
AATTGCGTGGATTACA-1,0.000058,0.99948,0.000058,0.000058,0.000058,0.000116,0.000058,0.000116
AATTTGGGACATAGTA-1,0.000135,0.424504,0.074074,0.399314,0.000135,0.03998,0.058314,0.003544
AATTTGGTTCCAAAGA-1,0.000113,0.454422,0.062567,0.325006,0.000113,0.054463,0.103089,0.000226
ACAAACCATGCGTCCT-1,0.000157,0.998589,0.000157,0.000157,0.000157,0.000314,0.000157,0.000314
ACAAATCGCACCGAAT-1,0.000043,0.346612,0.080281,0.16337,0.000043,0.397836,0.000043,0.011772
ACAAATGGTAGTGTTT-1,0.000023,0.124597,0.027753,0.614852,0.000023,0.13542,0.094129,0.003203
ACAAATTCAGATCTGA-1,0.000431,0.246285,0.000431,0.503731,0.000431,0.000862,0.088365,0.159463
ACAACAGCATGAGCTA-1,0.000364,0.334669,0.112219,0.098096,0.000364,0.303227,0.000364,0.150698
ACAACGGTCCCTGCGA-1,0.000055,0.584106,0.397786,0.017722,0.000055,0.00011,0.000055,0.00011
ACAAGCAGTGCCTAGC-1,0.000041,0.250321,0.271165,0.252355,0.000041,0.225954,0.000041,0.000082
ACAAGGAAATCCGCCC-1,0.000143,0.15277,0.210924,0.276088,0.000143,0.359501,0.000143,0.000287
ACAAGGACAAGAGGTT-1,0.000027,0.364682,0.030064,0.470573,0.000027,0.020345,0.063793,0.050489
ACAAGGATGCTTTAGG-1,0.000115,0.470765,0.225465,0.098959,0.000115,0.113033,0.000115,0.091435
ACAAGGGCAGGCTCTG-1,0.000005,0.000393,0.000005,0.039421,0.000005,0.928384,0.026292,0.005495
ACAATAGTCGTACGTT-1,0.000038,0.149876,0.000038,0.308221,0.000038,0.541674,0.000038,0.000076
ACAATCCATTTAAACC-1,0.000017,0.200784,0.017279,0.41048,0.000017,0.322487,0.014012,0.034925
ACAATGATTCTTCTAC-1,0.000199,0.007439,0.26188,0.087932,0.000199,0.186015,0.395172,0.061166
ACAATTTGAGCAGTGG-1,0.000032,0.347312,0.006738,0.598669,0.000032,0.031905,0.015249,0.000064
ACACAAATATTCCTAG-1,0.000095,0.394494,0.03013,0.357962,0.000095,0.025316,0.188065,0.003843
ACACACCAGGACCAGT-1,0.00004,0.316858,0.010166,0.522156,0.00004,0.124266,0.025126,0.001349
ACACACTTTCTACACG-1,0.000053,0.310713,0.311556,0.078866,0.000053,0.004646,0.053125,0.240988
ACACATGATCAAATCT-1,0.000442,0.309059,0.193647,0.494196,0.000443,0.000885,0.000443,0.000885
ACACATTGACGCAACA-1,0.000581,0.081409,0.913939,0.000582,0.000582,0.001163,0.000582,0.001163
ACACATTTCCGTAGAC-1,0.000055,0.216945,0.628417,0.000055,0.000055,0.001077,0.000055,0.15334
ACACCCGAGAAATCCG-1,0.00004,0.598507,0.088787,0.308523,0.00004,0.00008,0.003943,0.00008
ACACCGAGCGCTCTTT-1,0.000282,0.953827,0.043919,0.000282,0.000282,0.000564,0.000282,0.000564
ACACCGGTCTGACCGC-1,0.000197,0.997746,0.000679,0.000197,0.000197,0.000394,0.000197,0.000394
ACACCTTAAGTAGGGC-1,0.000065,0.268749,0.160458,0.180821,0.135742,0.074919,0.032106,0.147139
ACACGAGACTCCTTCT-1,0.00007,0.421639,0.00007,0.441863,0.00007,0.13608,0.00007,0.000139
ACACGGGAACTTAGGG-1,0.000124,0.551954,0.000124,0.396962,0.000124,0.05034,0.000124,0.000248
ACACTCCAATGTCACT-1,0.000045,0.999595,0.000045,0.000045,0.000045,0.00009,0.000045,0.00009
ACAGAACTGAGAACAA-1,0.000299,0.19086,0.279163,0.489744,0.000299,0.000597,0.000299,0.03874
ACAGCGCACCCGCAGC-1,0.00007,0.281066,0.612071,0.00007,0.00007,0.00014,0.00007,0.106441
ACAGGCTTGCCCGACT-1,0.000183,0.000183,0.998354,0.000183,0.000183,0.000366,0.000183,0.000366
ACAGTAATACAACTTG-1,0.000033,0.128935,0.226533,0.430116,0.000033,0.078218,0.038919,0.097215
ACATAAGTCGTGGTGA-1,0.000035,0.364997,0.057039,0.0485,0.000035,0.123065,0.108285,0.298044
ACATAATAAGGCGGTG-1,0.000047,0.807418,0.097791,0.000047,0.000047,0.000094,0.000047,0.094509
ACATCGATCGTTTACC-1,0.000022,0.483813,0.0709,0.014713,0.000022,0.114009,0.104129,0.212393
ACATCGGTCAGCCGCG-1,0.000019,0.068335,0.002587,0.41039,0.031605,0.154133,0.267832,0.0651
ACATCGTATGCAATGG-1,0.000011,0.029839,0.014955,0.103318,0.000011,0.45134,0.340262,0.060262
ACATCGTTAACCTAGT-1,0.000136,0.429995,0.291915,0.038,0.000136,0.026451,0.034531,0.178835
ACATGGCTCAATTTAG-1,0.000483,0.202825,0.693604,0.100188,0.000483,0.000966,0.000483,0.000966
ACATTAGTTTATATCC-1,0.000014,0.15029,0.053895,0.011858,0.000014,0.051573,0.199604,0.532752
ACCAATATGCAAGTTA-1,0.000103,0.165483,0.098544,0.368094,0.000103,0.318369,0.049097,0.000206
ACCACGTGCAGCTATA-1,0.0001,0.267468,0.153043,0.134928,0.0001,0.400047,0.0001,0.044213
ACCACTGTTCAAGAAG-1,0.000056,0.908117,0.091435,0.000056,0.000056,0.000112,0.000056,0.000112
ACCAGACCATAACAAC-1,0.000059,0.766581,0.146105,0.086902,0.000059,0.000118,0.000059,0.000118
ACCAGTGCCCGGTCAA-1,0.000089,0.33966,0.030036,0.217025,0.000089,0.114907,0.130128,0.168065
ACCATCCGCCAACTAG-1,0.000131,0.166099,0.256665,0.241458,0.000131,0.044544,0.167619,0.123353
ACCATCGTATATGGTA-1,0.00011,0.216746,0.078044,0.21741,0.00011,0.351984,0.055377,0.08022
ACCATTAAGGGTGTCA-1,0.000052,0.6484,0.000052,0.000052,0.000052,0.000105,0.084247,0.267038
ACCCAACGCCCGTGGC-1,0.000031,0.343405,0.041646,0.537652,0.000031,0.004561,0.066909,0.005766
ACCCACCTACATGCTC-1,0.000051,0.244225,0.746304,0.000051,0.000051,0.009165,0.000051,0.000102
ACCCATCTTGAGGGTA-1,0.000026,0.234014,0.068537,0.400464,0.000026,0.250285,0.027659,0.018989
ACCCGGAAACTCCCAG-1,0.000014,0.182697,0.19019,0.0788,0.000014,0.130142,0.097224,0.320918
ACCCTATAGGACTGAG-1,0.000065,0.999415,0.000065,0.000065,0.000065,0.00013,0.000065,0.00013
ACCCTCCCTTGCTATT-1,0.00003,0.299137,0.017227,0.42302,0.00003,0.250603,0.008227,0.001727
ACCCTTCATCTGCGAA-1,0.000518,0.394028,0.199972,0.000518,0.000518,0.022812,0.074742,0.306891
ACCGAAGAGTCTGGTT-1,0.000076,0.957724,0.000076,0.000076,0.000076,0.009237,0.000076,0.032658
ACCGACACATCTCCCA-1,0.000032,0.155347,0.596139,0.215942,0.000032,0.000063,0.032381,0.000063
ACCGACTGAGTCCCAC-1,0.000035,0.013878,0.032557,0.498836,0.000035,0.064508,0.00488,0.385272
ACCGATGGTAGCATCG-1,0.000039,0.428992,0.121665,0.325131,0.000039,0.043656,0.080402,0.000077
ACCGCAATAACTGCCT-1,0.000694,0.452614,0.53513,0.007393,0.000695,0.001389,0.000695,0.001389
ACCGGTCAGGTACACC-1,0.000463,0.499728,0.093036,0.000463,0.000463,0.000926,0.000463,0.404458
ACCGGTCTGAGTACGG-1,0.000113,0.430116,0.343837,0.199775,0.000113,0.000226,0.025594,0.000226
ACCTAAGTACCTTTCA-1,0.000053,0.266275,0.560132,0.173223,0.000053,0.000106,0.000053,0.000106
ACCTAATCGACTTCCT-1,0.000014,0.102254,0.050589,0.273523,0.000014,0.55318,0.006058,0.014369
ACCTCGAACTTATGCT-1,0.000067,0.175611,0.000067,0.000067,0.000067,0.000135,0.000067,0.823917
ACCTGCGTGTCATGTT-1,0.00001,0.205173,0.00001,0.00001,0.00001,0.671657,0.00001,0.12312
ACGAAATGGGCGGCAC-1,0.000041,0.297644,0.262583,0.215048,0.000041,0.224522,0.000041,0.000081
ACGAGAACCCATCACG-1,0.000039,0.305824,0.333835,0.003778,0.000039,0.004094,0.090284,0.262108
ACGAGATATTTGCTTA-1,0.000062,0.230771,0.046402,0.012401,0.000062,0.27845,0.030311,0.401541
ACGAGGATACCACTCT-1,0.000037,0.268547,0.189369,0.294552,0.000037,0.099233,0.046657,0.101568
ACGAGGTTTACAACGT-1,0.00038,0.494772,0.134955,0.367611,0.00038,0.000761,0.00038,0.000761
ACGAGTACGGATGCCC-1,0.000046,0.336537,0.061646,0.445494,0.000046,0.003075,0.153063,0.000092
ACGAGTCGCCGGCGTT-1,0.000037,0.202007,0.770633,0.017495,0.000037,0.000074,0.009336,0.000381
ACGATACATAGAACTA-1,0.000036,0.043157,0.02435,0.101179,0.000036,0.055082,0.502298,0.273861
ACGATCATACATAGAG-1,0.000035,0.67261,0.131601,0.000035,0.000035,0.037609,0.000035,0.158038
ACGATCATCTTGTAAA-1,0.000039,0.533746,0.000155,0.426199,0.000039,0.000079,0.039662,0.000079
ACGATGCATATGTTAT-1,0.00002,0.336738,0.148519,0.254636,0.00002,0.140918,0.088833,0.030316
ACGATGGATCCGATGC-1,0.000053,0.409439,0.129034,0.145661,0.000053,0.246043,0.000053,0.069662
ACGCATAAATGACATG-1,0.000056,0.214058,0.077676,0.087955,0.000056,0.000112,0.394781,0.225306
ACGCATTCGTGAGTAC-1,0.00003,0.131681,0.0541,0.031463,0.00003,0.279797,0.083731,0.419167
ACGCCAGATGATTTCT-1,0.000719,0.559753,0.00072,0.43449,0.00072,0.001439,0.00072,0.001439
ACGCCGCTAGACGACC-1,0.000048,0.102722,0.20712,0.425259,0.000048,0.239899,0.01003,0.014875
ACGCGAAGTCAGACGA-1,0.000055,0.303477,0.093423,0.374601,0.000055,0.000109,0.228171,0.00011
ACGCGCTACACAGGGT-1,0.000015,0.042317,0.005567,0.440979,0.000015,0.302871,0.130627,0.077609
ACGCGGGCCAAGGACA-1,0.000021,0.335773,0.247079,0.000878,0.000021,0.111005,0.00642,0.298803
ACGCGTTTCTTAAGAG-1,0.00003,0.728938,0.101178,0.037215,0.00003,0.009618,0.044667,0.078323
ACGCTAGTGATACACT-1,0.000057,0.702051,0.011805,0.246582,0.000057,0.000114,0.03922,0.000114
ACGCTGTGAGGCGTAG-1,0.000051,0.100534,0.113518,0.485594,0.000051,0.120813,0.036971,0.142469
ACGGAATTTAGCAAAT-1,0.000039,0.535554,0.225145,0.070724,0.000039,0.092784,0.008926,0.066789
ACGGATGGTGCGGATA-1,0.000048,0.000048,0.6789,0.115947,0.000048,0.079349,0.121533,0.004125
ACGGCACTTGCTTGGG-1,0.00003,0.295458,0.131352,0.15193,0.00003,0.06891,0.230679,0.12161
ACGGCGACGATGGGAA-1,0.000452,0.000453,0.830479,0.000453,0.000453,0.166353,0.000453,0.000905
ACGGCTGGATGTAGAA-1,0.000045,0.536717,0.000045,0.000045,0.000045,0.000091,0.000045,0.462965
ACGGGAGTGTCGGCCC-1,0.000287,0.000287,0.743536,0.221576,0.000287,0.033164,0.000287,0.000575
ACGGGTCATGTGACTT-1,0.000051,0.000051,0.000051,0.000051,0.000051,0.866733,0.000051,0.132961
ACGGTCACCGAGAACA-1,0.000016,0.120086,0.012762,0.006826,0.000016,0.421214,0.282852,0.156227
ACGTACAGATTTCTCT-1,0.000148,0.395902,0.122361,0.000148,0.000148,0.279166,0.000148,0.201979
ACGTAGATTGCTGATG-1,0.000037,0.009807,0.028781,0.019738,0.000037,0.552362,0.126575,0.262663
ACGTCTCGTTCCGGGA-1,0.000023,0.666087,0.000023,0.000023,0.000023,0.002673,0.000023,0.331124
ACGTGCGCCTCGTGCA-1,0.000015,0.101078,0.008884,0.000015,0.000015,0.555476,0.000482,0.334033
ACGTTAATGTCGAAGA-1,0.000011,0.019247,0.098496,0.035798,0.000011,0.785495,0.013877,0.047064
ACGTTAGATTTGCCCG-1,0.000028,0.20356,0.067767,0.631912,0.000028,0.043364,0.04216,0.011182
ACGTTATTGGTCACTC-1,0.000235,0.172752,0.269528,0.000235,0.000235,0.207764,0.000235,0.349017
ACGTTTAGTTGTGATC-1,0.000173,0.155579,0.073491,0.221138,0.000173,0.114177,0.048931,0.386337
ACTAAGGACGCACACC-1,0.000013,0.17281,0.000359,0.268676,0.000013,0.158879,0.380297,0.018953
ACTAATACGTCAGGCG-1,0.000051,0.73043,0.000051,0.19975,0.000051,0.000102,0.069464,0.000102
ACTACATCCCGACAAG-1,0.000256,0.408352,0.322227,0.267631,0.000256,0.000512,0.000256,0.000512
ACTACCAGCTCTCTGG-1,0.000032,0.332022,0.114738,0.258998,0.000032,0.013472,0.265961,0.014745
ACTATATGCTGTGTTC-1,0.000049,0.278987,0.028258,0.231923,0.000049,0.205006,0.217028,0.038698
ACTATTCGTCCGTGGT-1,0.000441,0.350274,0.000441,0.646201,0.000441,0.000881,0.000441,0.000881
ACTCAACGAATGTATT-1,0.000063,0.340264,0.197723,0.126615,0.000063,0.060654,0.01525,0.259366
ACTCAAGTGCAAGGCT-1,0.000087,0.188647,0.601326,0.137792,0.000087,0.062472,0.009416,0.000174
ACTCAATAAAGGCACG-1,0.000017,0.061894,0.016826,0.114876,0.000017,0.132767,0.016013,0.657591
ACTCAGACCTGCTTCT-1,0.000055,0.407885,0.591674,0.000055,0.000055,0.00011,0.000055,0.00011
ACTCATGGCAGCCTTC-1,0.000064,0.25683,0.057995,0.030058,0.000064,0.053711,0.000132,0.601145
ACTCCCATTCCTAAAG-1,0.000018,0.218269,0.000018,0.002198,0.000018,0.62961,0.000018,0.149852
ACTCCCGAATTCGTTT-1,0.000021,0.075356,0.010497,0.032089,0.000021,0.095911,0.712139,0.073965
ACTCCCTAATGCTAAA-1,0.000032,0.134059,0.041003,0.278328,0.000032,0.166655,0.150848,0.229042
ACTCCCTAGAATAGTA-1,0.000031,0.133748,0.049679,0.203164,0.000031,0.535861,0.039711,0.037776
ACTCGATGTATTTCAT-1,0.00051,0.00051,0.744508,0.00051,0.00051,0.001021,0.00051,0.251919
ACTCGTAACCCGTCCT-1,0.000309,0.002258,0.622937,0.372643,0.000309,0.000617,0.000309,0.000617
ACTCGTCAGTAATCCC-1,0.000018,0.170524,0.018248,0.364824,0.000018,0.440586,0.005746,0.000036
ACTCTCTGACTTAGGT-1,0.000005,0.000005,0.000005,0.005563,0.000005,0.962681,0.016013,0.015723
ACTCTCTTATACACGA-1,0.000119,0.213101,0.46219,0.171143,0.00012,0.000239,0.036861,0.116226
ACTCTTGTATAGTAAC-1,0.000038,0.19802,0.041372,0.365081,0.000038,0.385521,0.009854,0.000076
ACTGAATGGCGAAAGT-1,0.00002,0.143821,0.094158,0.45981,0.00002,0.266857,0.0137,0.021616
ACTGCCGTCGTAACTC-1,0.000725,0.402464,0.337725,0.254737,0.000725,0.00145,0.000725,0.00145
ACTGCTCGGAAGGATG-1,0.000013,0.406551,0.01545,0.000264,0.000013,0.012854,0.005644,0.55921
ACTGGCGAACCTGCGT-1,0.000025,0.229607,0.009509,0.303331,0.000025,0.015926,0.4261,0.015477
ACTGTACGATACACAT-1,0.000017,0.119715,0.011974,0.380305,0.000017,0.396494,0.055665,0.035812
ACTGTAGCACTTTGGA-1,0.000039,0.369984,0.024124,0.480879,0.000039,0.000078,0.124778,0.000078
ACTGTATACGCGAGCA-1,0.00008,0.525891,0.448463,0.025088,0.00008,0.000159,0.00008,0.000159
ACTGTCTTCTTTAGAA-1,0.000016,0.517142,0.000016,0.000526,0.000016,0.082521,0.024933,0.374831
ACTGTGCTAGTAGATC-1,0.000198,0.735113,0.136708,0.12679,0.000198,0.000397,0.000198,0.000397
ACTTACCGGGCGCGCA-1,0.000042,0.263451,0.140442,0.30798,0.000042,0.000889,0.094456,0.192698
ACTTAGTACGACAAGA-1,0.00006,0.999389,0.00006,0.000128,0.00006,0.000121,0.00006,0.000121
ACTTATACTTACCCGG-1,0.000039,0.316452,0.088316,0.509016,0.000039,0.016218,0.069842,0.000078
ACTTATTTATGTGCCA-1,0.000022,0.081919,0.067552,0.50462,0.000022,0.110182,0.169102,0.066581
ACTTCAGGCTGATCCC-1,0.000461,0.000461,0.723554,0.000461,0.000461,0.000922,0.000461,0.27322
ACTTCCATGCGGGACA-1,0.000072,0.472254,0.346421,0.180821,0.000072,0.000144,0.000072,0.000144
ACTTCGCCATACGCAC-1,0.000116,0.320512,0.151306,0.527369,0.000116,0.000232,0.000116,0.000232
ACTTGACTCCCTCTTT-1,0.000012,0.001396,0.024354,0.113531,0.000012,0.632493,0.209085,0.019118
ACTTGTAGTCCCTTCA-1,0.000023,0.056393,0.392854,0.004337,0.000023,0.0496,0.121612,0.375157
ACTTTACCCTCATGAA-1,0.000061,0.340035,0.277902,0.367851,0.000061,0.000122,0.013846,0.000122
ACTTTCCTATAGCTTC-1,0.00008,0.004631,0.540463,0.00008,0.00008,0.031478,0.00008,0.423109
ACTTTGACTGCATCCT-1,0.000244,0.484903,0.060065,0.438052,0.000245,0.015757,0.000245,0.000489
ACTTTGGTCGTGCTCC-1,0.000151,0.463092,0.152965,0.120632,0.000151,0.000301,0.000151,0.262557
AGAACCCTCAATTGGG-1,0.000012,0.263087,0.000012,0.000012,0.000012,0.018215,0.000012,0.718639
AGAACGTGGTACATTC-1,0.000105,0.319341,0.174613,0.497472,0.000105,0.008049,0.000105,0.00021
AGAAGAGCGCCGTTCC-1,0.000101,0.068228,0.004459,0.548073,0.000101,0.094046,0.284789,0.000202
AGAAGGTACACTTCAC-1,0.00009,0.11279,0.39461,0.029952,0.00009,0.161155,0.177488,0.123826
AGAAGTGATTCGTGAT-1,0.000053,0.76389,0.005936,0.000053,0.000053,0.120585,0.000053,0.109375
AGAATAAATCTTCAGG-1,0.000043,0.073993,0.062668,0.025878,0.000043,0.142539,0.464402,0.230435
AGAATGCGGGTTCGGA-1,0.000016,0.083989,0.124689,0.291739,0.000016,0.097999,0.319381,0.082172
AGAATTATGGATTCGA-1,0.000042,0.559165,0.000042,0.439671,0.000042,0.000084,0.000871,0.000084
AGAATTGTTTGACATA-1,0.000069,0.979082,0.020367,0.000069,0.000069,0.000138,0.000069,0.000138
AGACAGCTCAGAATCC-1,0.000048,0.365248,0.42182,0.0134,0.000048,0.079611,0.012789,0.107036
AGACCAAACCACACCT-1,0.000015,0.839523,0.000369,0.000015,0.000015,0.001158,0.000015,0.15889
AGACCATGGGATACAA-1,0.000026,0.502102,0.003067,0.110194,0.000026,0.249065,0.001152,0.134368
AGACCCACCGCTGATC-1,0.000036,0.204054,0.121667,0.521997,0.000036,0.042698,0.055882,0.053631
AGACCGGGAAACCCTG-1,0.000038,0.285801,0.024011,0.538706,0.000038,0.151292,0.000038,0.000076
AGACGGGCCGATTTAA-1,0.000052,0.475036,0.075097,0.304747,0.000052,0.028789,0.056069,0.060158
AGAGAACCGTCTAGGA-1,0.000023,0.270118,0.014989,0.421388,0.000023,0.000726,0.270002,0.022732
AGAGATCTCTAAAGCG-1,0.000029,0.140397,0.022674,0.659593,0.000029,0.177189,0.000029,0.000059
AGAGCAGTTATGAGAC-1,0.00011,0.723446,0.096724,0.00011,0.00011,0.133358,0.00011,0.04603
AGAGCGGGCTAATCAT-1,0.000015,0.021094,0.107692,0.000015,0.000015,0.025947,0.000015,0.845206
AGAGCGTACAAGCTCG-1,0.000079,0.703218,0.17431,0.121917,0.000079,0.000159,0.000079,0.000159
AGAGCTACGAAAGCAT-1,0.003846,0.629157,0.003847,0.003847,0.003847,0.343913,0.003847,0.007695
AGAGGGACAATTGTCC-1,0.000039,0.120292,0.114705,0.603071,0.000039,0.002852,0.123655,0.035346
AGAGTTAGAGACCGAT-1,0.00026,0.56628,0.279923,0.151399,0.00026,0.000521,0.000835,0.000521
AGAGTTGCAGGCCTCC-1,0.000027,0.300442,0.013942,0.302875,0.000027,0.000363,0.37648,0.005845
AGATAACTTCAGGGCC-1,0.000016,0.155573,0.043504,0.218992,0.000016,0.043439,0.375793,0.162668
AGATACCGGTGTTCAC-1,0.00003,0.237952,0.078486,0.593106,0.00003,0.088288,0.002049,0.00006
AGATACGACTTCATAT-1,0.000071,0.926171,0.047334,0.025994,0.000071,0.000143,0.000071,0.000143
AGATACTCAAGATCGA-1,0.000012,0.016241,0.045374,0.191746,0.000012,0.334401,0.243834,0.16838
AGATCGTGCATAAGAT-1,0.000024,0.360865,0.1087,0.180905,0.000024,0.008904,0.313338,0.027241
AGATCTCAGGTGTGAT-1,0.000137,0.046752,0.498402,0.45389,0.000137,0.000273,0.000137,0.000273
AGATGAGGGTTGCGAT-1,0.000036,0.290612,0.061485,0.385808,0.000036,0.024674,0.186762,0.050588
AGATGATGGAGTCTGG-1,0.000052,0.479855,0.000052,0.497513,0.000052,0.000104,0.022268,0.000104
AGATGCAAGACGTGCA-1,0.000131,0.018817,0.629432,0.235241,0.000131,0.115857,0.000131,0.000261
AGATGCATCCTGTGTC-1,0.000031,0.617888,0.131848,0.000031,0.000031,0.028877,0.020624,0.20067
AGATGCTATAACGAGC-1,0.000033,0.319365,0.680371,0.000033,0.000033,0.000066,0.000033,0.000066
AGATTCACAACCGATA-1,0.000105,0.094234,0.344601,0.428811,0.000105,0.038095,0.001997,0.092054
AGCAACATATCTTATT-1,0.000028,0.195862,0.021801,0.3892,0.000028,0.087657,0.226884,0.078538
AGCAACCGAAAGTAAT-1,0.000031,0.137085,0.050842,0.312508,0.000031,0.00319,0.309902,0.18641
AGCACCAGTACTCACG-1,0.000052,0.216378,0.377373,0.162224,0.000052,0.118326,0.046985,0.07861
AGCACTACCGGCCTGT-1,0.000024,0.000024,0.000024,0.000024,0.000024,0.981531,0.001334,0.017014
AGCACTACCTCACCAG-1,0.000077,0.000077,0.475659,0.523726,0.000077,0.000154,0.000077,0.000154
AGCACTTAAGGACGCC-1,0.000012,0.102537,0.023863,0.159381,0.077709,0.198039,0.223125,0.215336
AGCAGAAGGAGAAAGA-1,0.000057,0.058472,0.267854,0.06551,0.000057,0.000113,0.024018,0.58392
AGCAGCCAGATGAATA-1,0.0001,0.238055,0.437023,0.271715,0.0001,0.032419,0.0001,0.020487
AGCATCATTTCGAAAG-1,0.000094,0.356562,0.18119,0.432976,0.000094,0.000187,0.028711,0.000187
AGCCACTCCCGTGCTT-1,0.000047,0.297206,0.003714,0.440637,0.000047,0.097196,0.018845,0.142307
AGCCATATAGTATGTG-1,0.000022,0.70981,0.278716,0.005589,0.000022,0.000043,0.002727,0.003071
AGCCCATACATGTAAG-1,0.000003,0.000003,0.000003,0.000107,0.000003,0.987674,0.004655,0.007554
AGCCCTAAGCGAAGTT-1,0.000202,0.445591,0.309919,0.243072,0.000202,0.000405,0.000202,0.000405
AGCCGCAAATTCAAAT-1,0.000031,0.344867,0.507466,0.07552,0.000031,0.011269,0.02123,0.039586
AGCCGCTTGATTAGCG-1,0.000151,0.219532,0.473496,0.000151,0.000151,0.196005,0.000151,0.110362
AGCCGTGGCTAAATGT-1,0.000008,0.040224,0.000084,0.000008,0.000008,0.003057,0.000008,0.956602
AGCCTAATACCCACGT-1,0.000057,0.000057,0.001458,0.003896,0.000057,0.100164,0.360179,0.534133
AGCCTTAAAGCGGAAG-1,0.000016,0.264416,0.100146,0.04451,0.000016,0.312418,0.002678,0.2758
AGCGACATCCCATTCA-1,0.000033,0.739225,0.199455,0.000033,0.000033,0.000065,0.000033,0.061124
AGCGCGGGTGCCAATG-1,0.000015,0.129606,0.004229,0.048566,0.000015,0.066752,0.511556,0.239261
AGCGCTTATGGGCAAG-1,0.00006,0.377186,0.097009,0.418133,0.00006,0.000121,0.057191,0.050239
AGCGGACACTTCGTAG-1,0.000026,0.488838,0.010349,0.039103,0.000026,0.020349,0.100803,0.340506
AGCGGCGGTTAGCGGT-1,0.000082,0.678013,0.066516,0.254898,0.000082,0.000164,0.000082,0.000164
AGCGGGAAGGGTCCAT-1,0.000429,0.000429,0.881339,0.000429,0.000429,0.115656,0.000429,0.000859
AGCGGGTCTGACACTC-1,0.000024,0.287025,0.384415,0.245395,0.000024,0.024254,0.028866,0.029997
AGCGTACGAGAGCTAG-1,0.000023,0.390764,0.423269,0.098938,0.000023,0.022814,0.016934,0.047235
AGCGTGGTATTCTACT-1,0.000009,0.051477,0.000499,0.025608,0.000009,0.888727,0.014095,0.019576
AGCTAGAAGCAGAAGT-1,0.000026,0.203141,0.048886,0.4002,0.000026,0.001794,0.334627,0.011302
AGCTATTTAATCCAAC-1,0.000104,0.329955,0.084935,0.328101,0.000104,0.146881,0.043945,0.065975
AGCTCCTTCGCACATC-1,0.000251,0.235949,0.526698,0.235598,0.000251,0.000501,0.000251,0.000501
AGCTCTAGACGTTCCA-1,0.000006,0.000006,0.000863,0.074464,0.000006,0.907454,0.012611,0.004592
AGCTCTTCCCAGTGCA-1,0.00004,0.361984,0.250875,0.211108,0.00004,0.007901,0.163947,0.004105
AGCTGAAGTAAACCAA-1,0.000023,0.239672,0.087422,0.31593,0.000023,0.053743,0.181129,0.122057
AGCTGTAACCTCAATC-1,0.000086,0.24625,0.155615,0.19274,0.000086,0.052586,0.192728,0.159909
AGCTTGATCAGGGTAG-1,0.000198,0.619532,0.075193,0.196766,0.000198,0.072958,0.034757,0.000397
AGCTTGATCTTAACTT-1,0.000006,0.000055,0.002891,0.021704,0.000006,0.943699,0.01867,0.012969
AGGAAAGCCTCTGATG-1,0.0002,0.542066,0.456337,0.0002,0.0002,0.000399,0.0002,0.000399
AGGAAGCTGTCCGCCG-1,0.00002,0.386315,0.042647,0.06995,0.00002,0.015336,0.161972,0.32374
AGGACAGTCGAATCCC-1,0.000023,0.044505,0.157223,0.62036,0.000023,0.151549,0.013652,0.012666
AGGACATCGCACGTCG-1,0.000068,0.206521,0.55162,0.237445,0.000068,0.000136,0.004005,0.000136
AGGACGCTCGATGTTG-1,0.000034,0.338282,0.132675,0.377103,0.000034,0.000067,0.146523,0.005281
AGGACTTATAGGAGAA-1,0.000043,0.51179,0.414862,0.021459,0.000043,0.016335,0.000043,0.035424
AGGATAAAGTCGGGAT-1,0.00004,0.315507,0.121319,0.3293,0.00004,0.065003,0.046751,0.12204
AGGATCACGCGATCTG-1,0.000059,0.24623,0.038063,0.399691,0.000059,0.274018,0.028293,0.013588
AGGCAGATGCGTAAAC-1,0.000017,0.192602,0.002903,0.177431,0.000017,0.062054,0.295127,0.26985
AGGCCACCCGTTATGA-1,0.000029,0.287825,0.083908,0.554021,0.000029,0.003184,0.070107,0.000896
AGGCCCAGTGACTGGT-1,0.000813,0.009753,0.983742,0.000813,0.000813,0.001626,0.000813,0.001626
AGGCCCTAGAACGCCA-1,0.000022,0.209033,0.076514,0.574344,0.000022,0.131991,0.004198,0.003875
AGGCGGTTTGTCCCGC-1,0.000345,0.054983,0.329701,0.377115,0.000345,0.00069,0.000345,0.236477
AGGCTATGGTTAGCTT-1,0.000043,0.35761,0.226902,0.313478,0.000043,0.039805,0.038841,0.023278
AGGCTTAAGTTGCACA-1,0.000073,0.164449,0.220149,0.034367,0.000073,0.062409,0.378056,0.140424
AGGCTTGCTAGACACC-1,0.000054,0.779008,0.220562,0.000054,0.000054,0.000107,0.000054,0.000107
AGGGAAACGAGGTACT-1,0.000256,0.417532,0.335078,0.2456,0.000256,0.000512,0.000256,0.000512
AGGGCGAGCAGCTGAT-1,0.000006,0.014933,0.005893,0.0166,0.000006,0.887574,0.018595,0.056393
AGGGCGTGATCGGCTA-1,0.000026,0.190188,0.091586,0.153262,0.000026,0.018255,0.426886,0.119772
AGGGCTGCAGTTACAG-1,0.000027,0.239763,0.062118,0.378503,0.000027,0.171025,0.07191,0.076627
AGGGTCGATGCGAACT-1,0.00004,0.45767,0.011348,0.355087,0.00004,0.008193,0.151812,0.015809
AGGGTGCTCTCGAGGG-1,0.000048,0.464533,0.000048,0.436341,0.000048,0.000097,0.098789,0.000097
AGGGTTCCCTTTGGTT-1,0.000027,0.11247,0.139876,0.265848,0.000027,0.026754,0.439501,0.015498
AGGGTTTAGTTCGGGA-1,0.000019,0.0968,0.038988,0.006544,0.000019,0.557381,0.000019,0.300231
AGGTAACCTCCTATTC-1,0.000952,0.492164,0.000953,0.500215,0.000953,0.001905,0.000953,0.001905
AGGTACGATATTGCCA-1,0.000613,0.207079,0.582296,0.000614,0.000614,0.001227,0.20633,0.001227
AGGTAGGTACAAAGCT-1,0.000014,0.150171,0.005418,0.314253,0.000014,0.512752,0.005877,0.011501
AGGTATAATTGATAGT-1,0.000069,0.56514,0.045973,0.333035,0.000069,0.000138,0.055439,0.000138
AGGTCAGGTGAGAGTG-1,0.000015,0.013703,0.136204,0.000015,0.000015,0.743737,0.008315,0.097996
AGGTCGCGGAGTTACT-1,0.000034,0.262415,0.00271,0.217075,0.000034,0.175705,0.172996,0.16903
AGGTGTATCGCCATGA-1,0.000009,0.014637,0.003181,0.013144,0.00001,0.829398,0.05185,0.08777
AGGTTCTCCTTTCCGG-1,0.000052,0.867542,0.006043,0.000052,0.000052,0.000105,0.084725,0.041428
AGGTTGAGGCACGCTT-1,0.000132,0.006073,0.14578,0.310617,0.000132,0.098073,0.236852,0.202341
AGGTTTCACACACCTT-1,0.000014,0.029026,0.058065,0.066017,0.000014,0.696719,0.055493,0.09465
AGTAATGTCTTGCCGC-1,0.000012,0.000012,0.01922,0.000012,0.000012,0.131506,0.031128,0.818098
AGTAATTTGCAAGCGT-1,0.000036,0.882011,0.052101,0.000036,0.000036,0.000073,0.002909,0.062798
AGTACCTTCGAGTGCT-1,0.000498,0.099758,0.000498,0.000498,0.000498,0.000995,0.844287,0.052969
AGTACGGCCCGTATCG-1,0.000234,0.748152,0.000234,0.249978,0.000234,0.000467,0.000234,0.000467
AGTACGGGCACCTGGC-1,0.00001,0.020721,0.00921,0.301554,0.00001,0.313885,0.008685,0.345925
AGTACTCTTATGCCCA-1,0.000763,0.10958,0.884312,0.000764,0.000764,0.001527,0.000764,0.001527
AGTAGAAGGCGCCTCA-1,0.000023,0.977593,0.022225,0.000023,0.000023,0.000046,0.000023,0.000046
AGTAGCTAGACGCCGA-1,0.000066,0.401785,0.154675,0.427387,0.000066,0.000133,0.015754,0.000133
AGTAGGAAGGAAGTTG-1,0.000025,0.322643,0.105127,0.408182,0.000025,0.000049,0.160681,0.003269
AGTATAATACTAGGCA-1,0.000029,0.321678,0.10364,0.447664,0.000029,0.021119,0.012047,0.093794
AGTCAAGATGACACTT-1,0.000027,0.065091,0.143284,0.614785,0.000027,0.117867,0.031016,0.027904
AGTCAGCCACCGCCTG-1,0.000062,0.740647,0.153546,0.000538,0.000062,0.000125,0.054541,0.050478
AGTCCCGCCTTTAATT-1,0.000029,0.352409,0.076495,0.238521,0.000029,0.001864,0.306275,0.024378
AGTCGACGGTCTCAAG-1,0.000026,0.116414,0.38174,0.340002,0.000026,0.016616,0.061861,0.083316
AGTCGGCCCAAACGAC-1,0.000018,0.274601,0.07818,0.248058,0.000018,0.049572,0.184237,0.165315
AGTCGGCTCAACTTTA-1,0.000474,0.763869,0.000474,0.232338,0.000474,0.000948,0.000474,0.000948
AGTCGTCGACCACCAA-1,0.000183,0.326434,0.260705,0.21815,0.000183,0.193796,0.000183,0.000366
AGTCGTGGGCATTACG-1,0.000023,0.001032,0.18738,0.080392,0.000023,0.112301,0.26217,0.356679
AGTCTCACAAGACTAC-1,0.000127,0.27085,0.213195,0.106579,0.000127,0.083372,0.227006,0.098743
AGTCTGGACATCCTTG-1,0.00003,0.560166,0.00003,0.00003,0.00003,0.000061,0.005226,0.434426
AGTCTTCTCCTCAAAT-1,0.000102,0.038466,0.204484,0.000102,0.419713,0.094696,0.010205,0.232232
AGTGAGACTTCCAGTA-1,0.000048,0.433906,0.05436,0.511397,0.000048,0.000096,0.000048,0.000096
AGTGAGCCTCGCCGCC-1,0.000025,0.1169,0.103218,0.116389,0.000025,0.093941,0.40255,0.166952
AGTGAGGGTTTCTGAC-1,0.00009,0.567562,0.349737,0.057603,0.000091,0.000181,0.000091,0.024646
AGTGATAACCTGCGCG-1,0.000123,0.390181,0.248401,0.207025,0.000123,0.138394,0.000123,0.015629
AGTGATTCAAGCAGGA-1,0.000038,0.457972,0.000038,0.43836,0.000038,0.037304,0.066174,0.000076
AGTGCTTGCACGAATA-1,0.000017,0.080431,0.043211,0.166932,0.000017,0.111339,0.393982,0.204071
AGTGGCGGCAATTTGA-1,0.00002,0.16064,0.087125,0.121392,0.00002,0.045905,0.426371,0.158528
AGTGGCGTCTGAAGGT-1,0.00009,0.14171,0.642004,0.204163,0.00009,0.000181,0.011581,0.000181
AGTGGCTCCGTCGGCC-1,0.000122,0.336116,0.265858,0.265869,0.000122,0.125467,0.000125,0.006321
AGTGGTGTTACCCGTG-1,0.000035,0.331195,0.567902,0.000035,0.000035,0.035691,0.000035,0.065072
AGTGGTTGCGTATAGG-1,0.000019,0.087881,0.180067,0.070888,0.000019,0.12168,0.34599,0.193455
AGTGTATTGCGCATTG-1,0.000035,0.31057,0.006379,0.374671,0.000035,0.019325,0.241001,0.047985
AGTGTGCTAAGATCGC-1,0.007143,0.16122,0.007146,0.007145,0.007144,0.014289,0.007145,0.788769
AGTGTGGTCTATTGTG-1,0.000031,0.194342,0.094292,0.020456,0.000031,0.088433,0.135573,0.466843
AGTTAAACACTTGCGA-1,0.000033,0.309219,0.009752,0.145529,0.000033,0.442323,0.0599,0.033211
AGTTAAGCGGTCCCGG-1,0.000794,0.000794,0.992855,0.000794,0.000794,0.001588,0.000794,0.001588
AGTTAAGTCAACCGCT-1,0.000097,0.670925,0.197797,0.130599,0.000097,0.000194,0.000097,0.000194
AGTTACCCTTAAGACT-1,0.000122,0.575692,0.423331,0.000122,0.000122,0.000244,0.000122,0.000244
AGTTACTCTATCGTGG-1,0.000045,0.447816,0.003626,0.052499,0.000045,0.077889,0.110764,0.307314
AGTTCACCGGTTGGAC-1,0.000109,0.000109,0.374922,0.000109,0.000109,0.384161,0.000109,0.240371
AGTTCCTATTTATGTT-1,0.000114,0.077406,0.351266,0.256898,0.000114,0.214178,0.013841,0.086183
AGTTCTGCGTTGTATC-1,0.000024,0.53063,0.009789,0.000024,0.000024,0.075958,0.000501,0.383052
