Barcode,Topic 1,Topic 2,Topic 3,Topic 4,Topic 5,Topic 6,Topic 7
AAACAACGAATAGTTC-1,0.226655,0.133419,0.000113,0.016086,0.50929,0.088975,0.025462
AAACAAGTATCTCCCA-1,0.274599,0.00074,0.17688,0.00074,0.314109,0.232193,0.00074
AAACAATCTACTAGCA-1,0.994408,0.000932,0.000933,0.000931,0.000932,0.000933,0.000932
AAACACCAATAACTGC-1,0.473031,0.001687,0.001687,0.001687,0.272858,0.247364,0.001687
AAACAGAGCGACTCCT-1,0.098027,0.747736,0.000361,0.113175,0.039829,0.000513,0.000361
AAACAGGGTCTATATT-1,0.431454,0.022519,0.04088,0.169374,0.266593,0.044033,0.025147
AAACATTTCCCGGATT-1,0.99782,0.000363,0.000363,0.000363,0.000363,0.000364,0.000363
AAACCACTACACAGAT-1,0.983884,0.000057,0.000057,0.000057,0.015833,0.000057,0.000057
AAACCGTTCGTCCAGG-1,0.374645,0.183524,0.000477,0.25062,0.090132,0.100125,0.000477
AAACCTAAGCAGCCGG-1,0.446763,0.053464,0.221477,0.213994,0.049271,0.014731,0.0003
AAACGAAGAACATACC-1,0.995716,0.000714,0.000714,0.000714,0.000713,0.000714,0.000714
AAACGACAGTCTTGCC-1,0.000834,0.354742,0.000834,0.313313,0.251565,0.077878,0.000834
AAACGCCCGAGATCGG-1,0.617131,0.001177,0.300595,0.001177,0.001176,0.077568,0.001176
AAACGGGCGTACGGGT-1,0.997011,0.000498,0.000498,0.000498,0.000498,0.000498,0.000498
AAACGGGTTGGTATCC-1,0.402767,0.000865,0.124413,0.000865,0.469362,0.000864,0.000864
AAACGGTTGCGAACTG-1,0.506515,0.000556,0.298552,0.192707,0.000556,0.000556,0.000556
AAACGTGTTCGCCCTA-1,0.013044,0.013055,0.231141,0.013053,0.491541,0.013049,0.225118
AAACTAACGTGGCGAC-1,0.972243,0.004621,0.004627,0.004625,0.004632,0.004623,0.004629
AAACTCGGTTCGCAAT-1,0.791765,0.001186,0.001186,0.202306,0.001186,0.001186,0.001185
AAACTCGTGATATAAG-1,0.764311,0.002989,0.00299,0.220742,0.002987,0.002991,0.002989
AAACTGCTGGCTCCAA-1,0.274115,0.096336,0.060881,0.000293,0.000073,0.350377,0.217926
AAACTTAATTGCACGC-1,0.991305,0.00145,0.00145,0.001449,0.001449,0.001448,0.001448
AAACTTGCAAACGTAT-1,0.425944,0.099109,0.018752,0.104786,0.10658,0.111019,0.13381
AAAGAATGTGGACTAA-1,0.240643,0.001449,0.414099,0.00145,0.20212,0.001449,0.138791
AAAGACATGAAGTTTA-1,0.438395,0.221101,0.020413,0.086193,0.158837,0.047363,0.027699
AAAGACCCAAGTCGCG-1,0.755993,0.001104,0.238488,0.001104,0.001104,0.001104,0.001104
AAAGCTTGCCTACATA-1,0.719568,0.103984,0.026742,0.034549,0.020324,0.094785,0.000047
AAAGGCCCTATAATAC-1,0.752894,0.038087,0.080099,0.09896,0.000129,0.012884,0.016947
AAAGGCTACGGACCAT-1,0.154146,0.091199,0.576817,0.157309,0.000327,0.020168,0.000034
AAAGGCTCTCGCGCCG-1,0.081105,0.114165,0.164089,0.194853,0.299995,0.125993,0.0198
AAAGGGATGTAGCAAG-1,0.426192,0.00025,0.315571,0.00864,0.00025,0.028901,0.220196
AAAGGGCAGCTTGAAT-1,0.520301,0.000224,0.089653,0.179389,0.000222,0.079344,0.130866
AAAGGTAAGCTGTACC-1,0.430358,0.003189,0.003189,0.339781,0.217109,0.003188,0.003186
AAAGGTCAACGACATG-1,0.000154,0.674913,0.000154,0.108937,0.114115,0.000154,0.101574
AAAGTAGCATTGCTCA-1,0.26769,0.085029,0.044809,0.271029,0.009896,0.036452,0.285095
AAAGTCACTGATGTAA-1,0.735846,0.001407,0.25712,0.001407,0.001408,0.001406,0.001406
AAATAACCATACGGGA-1,0.066425,0.580324,0.352523,0.000182,0.000182,0.000182,0.000182
AAATAAGGTAGTGCCC-1,0.768503,0.000687,0.000687,0.125484,0.000686,0.000687,0.103267
AAATACCTATAAGCAT-1,0.172692,0.003341,0.028655,0.004407,0.010872,0.777445,0.002588
AAATAGGGTGCTATTG-1,0.640423,0.046437,0.005698,0.094273,0.084782,0.128213,0.000174
AAATCACTCCTAAACG-1,0.449029,0.181046,0.008381,0.110863,0.152713,0.053903,0.044064
AAATCCGATACACGCC-1,0.821605,0.000572,0.000572,0.000572,0.000571,0.175537,0.000572
AAATCTAGCCCTGCTA-1,0.139932,0.000362,0.000362,0.000362,0.376501,0.174877,0.307603
AAATGATTCGATCAGC-1,0.690704,0.000751,0.000751,0.000751,0.30554,0.000752,0.000751
AAATGCTCGTTACGTT-1,0.871352,0.001011,0.001011,0.001011,0.123596,0.00101,0.00101
AAATGGCATGTCTTGT-1,0.573516,0.001237,0.137145,0.212553,0.001236,0.073074,0.001238
AAATGGCCCGTGCCCT-1,0.618275,0.000223,0.000223,0.052209,0.006748,0.101846,0.220476
AAATGGTCAATGTGCC-1,0.232344,0.000044,0.021349,0.000044,0.014753,0.000044,0.731422
AAATGTGGGTGCTCCT-1,0.43894,0.032806,0.202919,0.103267,0.021064,0.000198,0.200805
AAATTAACGGGTAGCT-1,0.266125,0.033018,0.028208,0.014403,0.193389,0.455812,0.009044
AAATTACACGACTCTG-1,0.245229,0.133335,0.451162,0.000518,0.101703,0.067535,0.000518
AAATTACCTATCGATG-1,0.341776,0.21558,0.010704,0.123924,0.068687,0.20517,0.034159
AAATTGATAGTCCTTT-1,0.986328,0.00228,0.002277,0.002278,0.002279,0.002278,0.00228
AAATTGCGGCGGTTCT-1,0.426014,0.001817,0.001816,0.001817,0.5649,0.001814,0.001822
AAATTGGTGAGAAGCA-1,0.028708,0.028757,0.028712,0.028723,0.028785,0.827556,0.028759
AAATTTACCGAAATCC-1,0.841573,0.000736,0.000736,0.000736,0.000736,0.154747,0.000736
AAATTTGCGGGTGTGG-1,0.637427,0.000291,0.053404,0.005754,0.032486,0.14354,0.127099
AACAACTGGTAGTTGC-1,0.178199,0.000221,0.031341,0.000543,0.738816,0.000221,0.050658
AACAATACATTGTCGA-1,0.508235,0.001481,0.00148,0.340122,0.00148,0.145723,0.001478
AACAATTACTCTACGC-1,0.00024,0.298322,0.00024,0.679285,0.00024,0.00024,0.021433
AACACACGCTCGCCGC-1,0.263723,0.059063,0.083606,0.284189,0.067196,0.163939,0.078284
AACACGACTGTACTGA-1,0.805897,0.001329,0.150355,0.001329,0.038431,0.001329,0.00133
AACACGAGACGCGGCC-1,0.454076,0.028873,0.190616,0.000198,0.000198,0.000198,0.32584
AACACGCGGCCGCGAA-1,0.651552,0.000139,0.14333,0.195966,0.000139,0.008737,0.000139
AACAGCTGTGTGGCAA-1,0.586475,0.000931,0.000931,0.000931,0.000932,0.000931,0.408868
AACAGGAAATCGAATA-1,0.984053,0.00266,0.00266,0.00266,0.002654,0.002657,0.002657
AACAGGATGGGCCGCG-1,0.505133,0.002109,0.00211,0.002111,0.484315,0.002111,0.002111
AACATATCAACTGGTG-1,0.453725,0.124465,0.08575,0.038235,0.075253,0.222432,0.000138
AACATCGATACGTCTA-1,0.002111,0.012802,0.00211,0.7159,0.26286,0.002108,0.00211
AACATTGGTCAGCCGT-1,0.035657,0.001771,0.337536,0.001771,0.523691,0.001771,0.097802
AACATTGTGACTCGAG-1,0.207564,0.17262,0.44214,0.000269,0.153691,0.023615,0.000101
AACCAGTATCACTCTT-1,0.988669,0.001888,0.001887,0.001891,0.001888,0.001889,0.001888
AACCATAGGGTTGAAC-1,0.475823,0.000271,0.120507,0.100131,0.188306,0.034113,0.080849
AACCATGGGATCGCTA-1,0.6955,0.000211,0.117648,0.158949,0.000211,0.02727,0.000211
AACCCAGAGACGGAGA-1,0.989378,0.00177,0.001772,0.001771,0.00177,0.001769,0.00177
AACCCATCCCATGATC-1,0.382812,0.000581,0.000581,0.466361,0.148502,0.000581,0.000581
AACCCGACAACCCGTG-1,0.917034,0.001392,0.001393,0.001393,0.076003,0.001392,0.001392
AACCCGATAGGGCTTC-1,0.485642,0.132847,0.055908,0.088977,0.118201,0.09844,0.019986
AACCCTGGTGGAACCA-1,0.984639,0.002559,0.002561,0.00256,0.002563,0.00256,0.002558
AACCGAGCTTGGTCAT-1,0.002255,0.901315,0.019675,0.000622,0.033936,0.037963,0.004233
AACCGTTGTGTTTGCT-1,0.711095,0.002207,0.277867,0.002207,0.002205,0.00221,0.00221
AACCTCGCTTTAGCCC-1,0.93341,0.001238,0.060404,0.001238,0.001237,0.001238,0.001236
AACCTTTAAATACGGT-1,0.36288,0.000218,0.385939,0.030513,0.000218,0.121045,0.099187
AACCTTTACGACGTCT-1,0.547765,0.000751,0.448479,0.000751,0.000751,0.000752,0.000751
AACGACCTCCTAGCCG-1,0.077075,0.000041,0.000041,0.000041,0.913837,0.008925,0.000041
AACGATAATGCCGTAG-1,0.529837,0.049207,0.041901,0.265127,0.053115,0.060648,0.000165
AACGATAGAAGGGCCG-1,0.530279,0.000983,0.464807,0.000983,0.000983,0.000983,0.000982
AACGATATGTCAACTG-1,0.329804,0.295924,0.032474,0.160774,0.000171,0.121751,0.059101
AACGCATGATCTGGGT-1,0.988818,0.001862,0.001863,0.001863,0.001866,0.001863,0.001864
AACGCGAACGGCAACA-1,0.798913,0.001887,0.001887,0.001889,0.001889,0.001887,0.191648
AACGCGACCTTGGGCG-1,0.708371,0.287873,0.000751,0.000751,0.000751,0.000751,0.000751
AACGCGGTCTCCAGCC-1,0.065912,0.364018,0.452125,0.02509,0.001417,0.035442,0.055996
AACGCTGTTGCTGAAA-1,0.000063,0.001368,0.000063,0.000063,0.936795,0.061583,0.000063
AACGGACGTACGTATA-1,0.144522,0.139484,0.000096,0.216334,0.125353,0.186803,0.187408
AACGGCCATCTCCGGT-1,0.353917,0.040374,0.007393,0.064106,0.053661,0.480445,0.000104
AACGTACTGTGGGTAC-1,0.046259,0.360292,0.000087,0.267057,0.088408,0.192056,0.04584
AACGTAGTCTACCCAT-1,0.762741,0.000291,0.021788,0.185791,0.000291,0.028806,0.000291
AACGTCAGACTAGTGG-1,0.616597,0.000454,0.23952,0.000454,0.029321,0.1132,0.000454
AACGTCGCTGCACTTC-1,0.520477,0.150127,0.000331,0.002657,0.221825,0.000331,0.104253
AACGTGATGAAGGACA-1,0.984628,0.00256,0.002562,0.002561,0.002563,0.002565,0.002562
AACGTTCTACCATTGT-1,0.449307,0.000611,0.005198,0.000611,0.311599,0.000611,0.232064
AACTAGCGTATCGCAC-1,0.993625,0.001063,0.001063,0.001063,0.001063,0.001062,0.001062
AACTAGGCTTGGGTGT-1,0.351716,0.157775,0.237813,0.146973,0.017406,0.043152,0.045165
AACTCCAGAGCGTGTT-1,0.64851,0.001196,0.221479,0.001195,0.125228,0.001196,0.001196
AACTCCTAATCCCATG-1,0.37891,0.001494,0.613616,0.001496,0.001496,0.001493,0.001493
AACTCGATAAACACGT-1,0.058546,0.001407,0.001407,0.18601,0.749815,0.001408,0.001407
AACTCGATGGCGCAGT-1,0.7958,0.000644,0.111959,0.089667,0.000643,0.000644,0.000643
AACTCTCAATAGAGCG-1,0.430343,0.000137,0.039213,0.025004,0.040463,0.464703,0.000137
AACTCTCAGTGTGCTC-1,0.385485,0.000601,0.054613,0.132153,0.0006,0.425948,0.0006
AACTGAGGTCAGCGTC-1,0.981287,0.003117,0.003117,0.003117,0.003123,0.003117,0.003122
AACTGATATTAGGCCT-1,0.369685,0.177164,0.404033,0.016786,0.000168,0.031995,0.000168
AACTGGGTCCCGACGT-1,0.006871,0.55944,0.372474,0.010912,0.000029,0.045993,0.004281
AACTGGGTTCGAGCCG-1,0.383791,0.002609,0.002609,0.002609,0.603165,0.002608,0.002609
AACTGGTGTGGGCCTT-1,0.992033,0.001327,0.001329,0.001328,0.001328,0.001328,0.001328
AACTTCTGCGTCTATC-1,0.979014,0.003495,0.003496,0.003496,0.003497,0.003503,0.003499
AACTTGCCCGTATGCA-1,0.752911,0.001206,0.001206,0.109242,0.001206,0.133024,0.001205
AACTTGCGTTCTCGCG-1,0.293088,0.409221,0.000767,0.224637,0.000768,0.070751,0.000767
AACTTTAGCTGCTGAG-1,0.991388,0.001435,0.001435,0.001434,0.001436,0.001435,0.001436
AACTTTCTCGATCATG-1,0.601315,0.054582,0.001378,0.005252,0.157603,0.169894,0.009976
AAGAAGGATCAGTTAG-1,0.94698,0.0006,0.0006,0.050017,0.000601,0.000601,0.000601
AAGACATACGTGGTTT-1,0.000043,0.000043,0.000043,0.000043,0.99974,0.000043,0.000043
AAGACCCAACTGAACA-1,0.031227,0.457042,0.473003,0.038614,0.000038,0.000038,0.000038
AAGACTAACCCGTTGT-1,0.991307,0.001448,0.001449,0.001448,0.001449,0.001449,0.001449
AAGACTCACGCCCACT-1,0.993115,0.001147,0.001148,0.001147,0.001148,0.001147,0.001147
AAGACTGCAAGCTACT-1,0.037313,0.00002,0.01208,0.001748,0.00002,0.9488,0.00002
AAGAGATGAATCGGTA-1,0.36726,0.027917,0.132123,0.047347,0.052244,0.000151,0.372959
AAGAGGCCCTTTGGAA-1,0.206945,0.189321,0.000403,0.318835,0.000403,0.000403,0.283689
AAGATGGCACCGGACC-1,0.268655,0.000652,0.121055,0.285133,0.150883,0.172969,0.000652
AAGATTGGCGGAACGT-1,0.603932,0.000459,0.000458,0.110653,0.000459,0.24629,0.037749
AAGCACCCTGCGTATC-1,0.215184,0.166826,0.401581,0.032203,0.000125,0.167039,0.017042
AAGCATACTCTCCTGA-1,0.140249,0.137344,0.0885,0.347583,0.046491,0.158631,0.081202
AAGCCGCCGTGAAATC-1,0.977356,0.003775,0.003776,0.003776,0.003773,0.003774,0.00377
AAGCGCAGGGCTTTGA-1,0.994024,0.000996,0.000996,0.000996,0.000996,0.000996,0.000996
AAGCGGCGTCATGGGT-1,0.970299,0.004944,0.00495,0.00495,0.004955,0.00495,0.004952
AAGCGTCCCTCATCGA-1,0.595873,0.002279,0.002279,0.002279,0.392732,0.00228,0.002278
AAGCTAGATCGAGTAA-1,0.149055,0.071366,0.140547,0.022982,0.426047,0.189899,0.000104
AAGCTCGTGCCAAGTC-1,0.031597,0.056632,0.0039,0.007822,0.029586,0.720545,0.149918
AAGCTCTTTCATGGTG-1,0.474296,0.000057,0.065801,0.381015,0.067736,0.011039,0.000057
AAGGAGAACTTATAAG-1,0.941205,0.001113,0.001112,0.053234,0.001112,0.001112,0.001112
AAGGAGCGGTTGGTGC-1,0.645212,0.000146,0.009033,0.074924,0.000146,0.270394,0.000146
AAGGATGAGGGACCTC-1,0.415756,0.000342,0.091289,0.000342,0.116636,0.092889,0.282746
AAGGCGCGTAAAGCTT-1,0.000593,0.590221,0.000593,0.165912,0.000593,0.02902,0.213068
AAGGCTGTGCTCATCG-1,0.011417,0.258157,0.000169,0.483767,0.000169,0.152137,0.094184
AAGGGAACGACTGGCT-1,0.929827,0.001772,0.060808,0.001771,0.002279,0.001773,0.00177
AAGGGACAGATTCTGT-1,0.414874,0.212622,0.000335,0.189351,0.000335,0.048743,0.133739
AAGGGACTATGCATTC-1,0.674137,0.002353,0.236398,0.002352,0.080056,0.002351,0.002353
AAGGGTTAGCCATGCG-1,0.703308,0.001206,0.001206,0.001206,0.095557,0.001205,0.196312
AAGGTATCCTAATATA-1,0.348436,0.000303,0.273575,0.008287,0.131827,0.194195,0.043376
AAGTAAGCTTCCAAAC-1,0.879162,0.000811,0.000811,0.00081,0.000811,0.116785,0.000811
AAGTAGAAGACCGGGT-1,0.928374,0.000226,0.000226,0.000226,0.000226,0.070496,0.000226
AAGTAGTGACGCGAGG-1,0.622812,0.002392,0.002391,0.002393,0.002393,0.365227,0.002392
AAGTGAGTCGGGTTTA-1,0.435654,0.00005,0.478293,0.00005,0.00005,0.085851,0.00005
AAGTGCGTTAGAATCT-1,0.447205,0.103699,0.040792,0.146481,0.115196,0.14645,0.000177
AAGTGTTTGGAGACGG-1,0.063161,0.403505,0.000082,0.297811,0.041042,0.10836,0.086039
AAGTTCACTCCAAGCT-1,0.232242,0.000083,0.068056,0.011402,0.380231,0.181851,0.126134
AAGTTCAGTCTGCGTA-1,0.719481,0.002142,0.002143,0.002142,0.079128,0.192822,0.002142
AAGTTCGGCCAACAGG-1,0.355327,0.243158,0.019416,0.035758,0.037636,0.308475,0.000231
AAGTTGTGATGTTATA-1,0.532837,0.03312,0.04059,0.274391,0.118573,0.000245,0.000245
AAGTTTACTAATGGCA-1,0.987152,0.002141,0.002141,0.002141,0.002144,0.002141,0.00214
AAGTTTATGGGCCCAA-1,0.849625,0.000466,0.000466,0.000466,0.000466,0.000466,0.148047
AATAACACTAGAACAA-1,0.477132,0.184573,0.027234,0.071942,0.044609,0.19439,0.00012
AATAAGTCCTCGAGAC-1,0.98987,0.001688,0.001688,0.001687,0.00169,0.001688,0.001688
AATACAATGTTTCAGG-1,0.597213,0.000403,0.190374,0.101011,0.000403,0.000403,0.110193
AATACCGGAGGGCTGT-1,0.586019,0.00145,0.406732,0.001449,0.00145,0.00145,0.00145
AATAGAACAGAGTGGC-1,0.612043,0.00022,0.00022,0.00022,0.015711,0.222611,0.148976
AATAGAATCTGTTTCA-1,0.225833,0.164638,0.010126,0.074432,0.158081,0.333863,0.033027
AATAGCAAGCCTCCTG-1,0.617434,0.001817,0.001817,0.37348,0.001818,0.001817,0.001818
AATAGCTACCGCGTGC-1,0.60147,0.002759,0.002759,0.002758,0.384733,0.002761,0.00276
AATAGTCCGTCCCGAC-1,0.02673,0.846777,0.096767,0.012227,0.000033,0.017434,0.000033
AATATCAAGGTCGGAT-1,0.751075,0.00087,0.00087,0.143558,0.00087,0.00087,0.101887
AATATCGAGGGTTCTC-1,0.245173,0.138363,0.000177,0.244514,0.101487,0.045199,0.225086
AATCAGACTGCAGGAC-1,0.588596,0.167098,0.002391,0.002391,0.234741,0.002391,0.002392
AATCATGTAAAGACTC-1,0.304511,0.000157,0.000156,0.005365,0.570181,0.119474,0.000156
AATCCAAGGGCCTGAG-1,0.812745,0.001176,0.001176,0.001176,0.001177,0.001176,0.181374
AATCCATGCAAGGGTG-1,0.860615,0.00087,0.00087,0.00087,0.135037,0.000869,0.000869
AATCGGGACACTACGA-1,0.993113,0.001148,0.001148,0.001148,0.001148,0.001148,0.001148
AATCGGTATAGCCCTC-1,0.526303,0.001185,0.001186,0.001185,0.467771,0.001184,0.001185
AATCGTGAGCCGAGCA-1,0.472266,0.000616,0.000616,0.340877,0.000616,0.027406,0.157603
AATCTAGGTTTACTTG-1,0.856901,0.000671,0.000671,0.00067,0.000671,0.139746,0.000671
AATCTATGCCGGAGCC-1,0.746624,0.048904,0.000211,0.04493,0.000211,0.15891,0.000211
AATCTGCGTTGGGACG-1,0.000859,0.000859,0.000859,0.480818,0.159679,0.356065,0.000859
AATCTGGCTTTCTAGT-1,0.860448,0.000076,0.019571,0.009553,0.045163,0.000076,0.065112
AATCTGGGTAGACCCT-1,0.692712,0.001259,0.300996,0.001259,0.001259,0.001258,0.001257
AATGACAGCAATGTCT-1,0.429511,0.000382,0.353766,0.000382,0.099952,0.115627,0.000382
AATGACTGTCAGCCGG-1,0.320739,0.000094,0.022991,0.217351,0.232407,0.206323,0.000094
AATGAGTTCGCATATG-1,0.903178,0.001419,0.00142,0.089724,0.00142,0.00142,0.001419
AATGATGATACGCTAT-1,0.510636,0.000908,0.08018,0.000908,0.291234,0.115225,0.000908
AATGATGCGACTCCTG-1,0.550503,0.040737,0.139866,0.171656,0.000094,0.097049,0.000094
AATGCAACCGGGTACC-1,0.329717,0.047788,0.037815,0.283853,0.022502,0.15247,0.125856
AATGCACCAAGCAATG-1,0.387885,0.002519,0.002516,0.002517,0.530187,0.002518,0.071859
AATGGTTCTCACAAGC-1,0.008534,0.000049,0.000049,0.000049,0.000049,0.000049,0.991219
AATGTGCCCGAGGTGT-1,0.243903,0.001435,0.001436,0.001435,0.748921,0.001435,0.001435
AATGTGCTAATCTGAG-1,0.979012,0.003498,0.003503,0.003497,0.003503,0.003494,0.003492
AATGTTGTCGTGAGAC-1,0.775904,0.008728,0.010943,0.059812,0.02907,0.000075,0.115469
AATTAACGGATTTCCA-1,0.028119,0.017884,0.894242,0.033943,0.025208,0.000576,0.000029
AATTACTCGTACGCTC-1,0.09856,0.000242,0.005376,0.000242,0.625555,0.000242,0.269784
AATTAGCGCTGCAGCG-1,0.430634,0.166182,0.042216,0.004644,0.134834,0.22126,0.00023
AATTCATAAGGGATCT-1,0.771218,0.00163,0.123537,0.00163,0.098726,0.00163,0.00163
AATTCATTGTCATGCA-1,0.487147,0.000439,0.199852,0.000439,0.128692,0.182992,0.000439
AATTCCAACTTGGTGA-1,0.71017,0.001557,0.001559,0.001559,0.282041,0.001557,0.001557
AATTCCAAGCATGTAC-1,0.612599,0.000811,0.203052,0.138732,0.000811,0.043185,0.00081
AATTCGATTCGAGGAT-1,0.767677,0.000447,0.230089,0.000447,0.000447,0.000447,0.000447
AATTCTAGAGTTAGGC-1,0.41012,0.055585,0.03384,0.063259,0.018033,0.343524,0.075639
AATTGCAGCAATCGAC-1,0.808631,0.000252,0.05857,0.000252,0.000252,0.131792,0.000252
AATTTGGGACATAGTA-1,0.271391,0.001237,0.420219,0.001237,0.22983,0.001237,0.074849
AATTTGGTTCCAAAGA-1,0.550364,0.001751,0.332445,0.001751,0.001752,0.110187,0.00175
ACAAACCATGCGTCCT-1,0.980879,0.003183,0.003189,0.003185,0.003185,0.003189,0.00319
ACAAAGCATGACCTAG-1,0.674878,0.000078,0.048021,0.163112,0.000078,0.113755,0.000078
ACAAATCGCACCGAAT-1,0.225045,0.03308,0.061441,0.079463,0.367331,0.231628,0.002012
ACAAATTCAGATCTGA-1,0.655434,0.001063,0.001063,0.086377,0.253938,0.001062,0.001063
ACAACAGCATGAGCTA-1,0.243901,0.112543,0.049333,0.08409,0.132121,0.24145,0.136563
ACAACGGTCCCTGCGA-1,0.253427,0.118291,0.006282,0.407232,0.042932,0.081776,0.090059
ACAAGCAGTGCCTAGC-1,0.582874,0.155563,0.000844,0.093063,0.000844,0.165968,0.000844
ACAAGGAAATCCGCCC-1,0.464414,0.013767,0.1065,0.042786,0.000119,0.213057,0.159357
ACAAGGACAAGAGGTT-1,0.000567,0.131518,0.000567,0.000567,0.781189,0.085025,0.000567
ACAAGGATGCTTTAGG-1,0.993714,0.001047,0.001048,0.001047,0.001049,0.001048,0.001048
ACAAGGCCTACCAGCC-1,0.92507,0.001317,0.001316,0.001317,0.001317,0.001317,0.068347
ACAATCGATCTTTATA-1,0.99532,0.00078,0.00078,0.00078,0.00078,0.00078,0.00078
ACAATGAATACGGAGA-1,0.425296,0.001464,0.001464,0.186644,0.215203,0.001464,0.168465
ACAATGATTCTTCTAC-1,0.428578,0.001407,0.001407,0.345628,0.148991,0.001407,0.072583
ACAATTGTGTCTCTTT-1,0.000011,0.22471,0.000011,0.775237,0.000011,0.000011,0.000011
ACAATTTGAGCAGTGG-1,0.489911,0.046452,0.059688,0.000504,0.141703,0.23651,0.025233
ACACAAAGACGGGTGG-1,0.402792,0.000069,0.142805,0.000069,0.000069,0.000069,0.454127
ACACACTTTCTACACG-1,0.297303,0.001195,0.401148,0.001196,0.14436,0.001196,0.153602
ACACATGATCAAATCT-1,0.001079,0.422954,0.001079,0.001079,0.571651,0.001079,0.001079
ACACATTGACGCAACA-1,0.264489,0.00199,0.001992,0.001991,0.725554,0.001992,0.00199
ACACCACATAATTAGC-1,0.761164,0.000148,0.074312,0.072761,0.000148,0.036221,0.055246
ACACCCAGCATGCAGC-1,0.018799,0.000007,0.198963,0.782209,0.000007,0.000007,0.000007
ACACCCGAGAAATCCG-1,0.2454,0.000908,0.000908,0.750058,0.000908,0.000909,0.000908
ACACCGGTCTGACCGC-1,0.944187,0.000744,0.052096,0.000743,0.000743,0.000743,0.000743
ACACCTTAAGTAGGGC-1,0.257562,0.000507,0.000507,0.000507,0.463872,0.276538,0.000507
ACACGAGACTCCTTCT-1,0.374807,0.000061,0.131033,0.043745,0.070705,0.379589,0.000061
ACACGGCACTATGCAT-1,0.821634,0.000624,0.000624,0.175246,0.000624,0.000624,0.000624
ACACGGGAACTTAGGG-1,0.182914,0.104747,0.21406,0.231392,0.179995,0.086519,0.000374
ACACGTAGGCCACAAG-1,0.523811,0.000407,0.104165,0.000407,0.122565,0.159023,0.089624
ACACTCCAATGTCACT-1,0.976108,0.003978,0.003983,0.003982,0.003986,0.00398,0.003982
ACACTGATCAAGGTGT-1,0.348971,0.000444,0.124602,0.000444,0.326065,0.199029,0.000444
ACAGAACTGAGAACAA-1,0.528335,0.056017,0.045405,0.09404,0.019747,0.08506,0.171396
ACAGATTAGGTTAGTG-1,0.644203,0.001104,0.350276,0.001104,0.001104,0.001104,0.001104
ACAGCATAGAGCCAGT-1,0.989372,0.001771,0.001771,0.001773,0.00177,0.00177,0.001772
ACAGCGACATTCTCAT-1,0.439027,0.028955,0.213664,0.13355,0.000278,0.18425,0.000278
ACAGCGCACCCGCAGC-1,0.38009,0.203734,0.307596,0.001814,0.077426,0.029078,0.00026
ACAGGAGGCGCAGCCG-1,0.644462,0.002314,0.002315,0.002315,0.343967,0.002314,0.002314
ACAGGCACGGATCCTT-1,0.736976,0.000129,0.009764,0.252745,0.000129,0.000129,0.000129
ACAGGCTTGCCCGACT-1,0.601838,0.000216,0.001145,0.115897,0.010545,0.221702,0.048657
ACAGGTGGAGGTGAGG-1,0.522527,0.116083,0.052538,0.076781,0.000302,0.231467,0.000302
ACAGTAATACAACTTG-1,0.364002,0.233697,0.000259,0.127061,0.042188,0.100533,0.13226
ACAGTATACCGTGGGA-1,0.011961,0.011962,0.011951,0.928236,0.011954,0.011965,0.011971
ACAGTGCAGCGCATTT-1,0.245719,0.302909,0.001863,0.001864,0.307851,0.001864,0.137929
ACATAATAAGGCGGTG-1,0.036082,0.004057,0.931616,0.028074,0.000057,0.000057,0.000057
ACATCCCGGCCATACG-1,0.251064,0.334742,0.233437,0.071125,0.000087,0.051444,0.0581
ACATCGTTAACCTAGT-1,0.346071,0.002081,0.528009,0.002081,0.117599,0.002079,0.00208
ACATCTCAACGCGTAA-1,0.224381,0.000938,0.770928,0.000938,0.000939,0.000938,0.000938
ACATGGCTCAATTTAG-1,0.451157,0.002704,0.002704,0.002707,0.535311,0.002706,0.002711
ACATTAGTTTATATCC-1,0.604165,0.156982,0.000238,0.000257,0.022758,0.215363,0.000238
ACCAAACACCCAGCGA-1,0.717295,0.000363,0.000363,0.000363,0.280889,0.000363,0.000363
ACCAAACTAGAAATCC-1,0.994877,0.000854,0.000855,0.000854,0.000853,0.000854,0.000854
ACCAACACCACACACT-1,0.22553,0.000793,0.090831,0.247125,0.103919,0.272147,0.059656
ACCAACCGCACTCCAC-1,0.953111,0.000464,0.000464,0.044567,0.000464,0.000465,0.000464
ACCAACGCTTATTTAT-1,0.636453,0.077397,0.019185,0.000217,0.037435,0.11051,0.118802
ACCAAGAACGCGTGTC-1,0.927377,0.002352,0.002353,0.002353,0.002353,0.002351,0.06086
ACCAAGTCATCGGCAG-1,0.424846,0.001406,0.001406,0.001406,0.317886,0.001407,0.251644
ACCAATATGCAAGTTA-1,0.381202,0.041672,0.271329,0.073115,0.000067,0.232547,0.000067
ACCACAACTCAGAACA-1,0.53838,0.00095,0.196158,0.00095,0.166378,0.096233,0.00095
ACCACAAGTTTCTATC-1,0.438671,0.172452,0.023343,0.124152,0.026555,0.184357,0.03047
ACCACCCTCTCTTCTA-1,0.001527,0.361484,0.001527,0.109862,0.13892,0.310071,0.076609
ACCACGTGCAGCTATA-1,0.410926,0.061364,0.004184,0.01945,0.149169,0.333554,0.021354
ACCAGCCCGGTCTTTG-1,0.986961,0.002172,0.002173,0.002173,0.002174,0.002175,0.002172
ACCAGGAGTGTGATCT-1,0.657743,0.001238,0.181326,0.001237,0.09201,0.065209,0.001238
ACCAGTGCCCGGTCAA-1,0.986109,0.002315,0.002317,0.002314,0.002314,0.002317,0.002315
ACCAGTGCGGGAGACG-1,0.318822,0.221647,0.083597,0.01883,0.029022,0.164757,0.163326
ACCCAACGCCCGTGGC-1,0.472206,0.000321,0.048256,0.000321,0.018021,0.460554,0.000321
ACCCACCTACATGCTC-1,0.265761,0.212607,0.009369,0.20124,0.115807,0.0359,0.159316
ACCCATTTGTCCCTCT-1,0.7782,0.00041,0.00041,0.21975,0.00041,0.00041,0.00041
ACCCGAGCGAAATTAC-1,0.59631,0.000839,0.196098,0.000839,0.204235,0.000839,0.00084
ACCCGGAAACTCCCAG-1,0.143588,0.236648,0.522245,0.070347,0.000058,0.027057,0.000058
ACCCGTAGTCTAGTTG-1,0.061689,0.000075,0.000075,0.000075,0.937937,0.000075,0.000075
ACCCGTGTCATCAGTA-1,0.000015,0.878044,0.113585,0.008313,0.000015,0.000015,0.000015
ACCCTATAGGACTGAG-1,0.00205,0.00205,0.359188,0.002051,0.466076,0.002051,0.166534
ACCCTATGCCATATCG-1,0.692816,0.001965,0.001965,0.001966,0.001965,0.297356,0.001966
ACCCTCCCGTCAGGGC-1,0.681055,0.155201,0.020492,0.041937,0.046706,0.054514,0.000096
ACCCTCCCTTGCTATT-1,0.280835,0.124487,0.010013,0.097583,0.086309,0.189312,0.211461
ACCCTGGTAACGCCCT-1,0.581154,0.001205,0.001206,0.001205,0.248552,0.165471,0.001207
ACCCTTCATCTGCGAA-1,0.627087,0.002278,0.248195,0.002278,0.002277,0.002277,0.115608
ACCCTTTAGTTCTCCA-1,0.670917,0.005746,0.005745,0.005743,0.005735,0.300364,0.00575
ACCGAAAGGGCCCTGC-1,0.985649,0.002391,0.002391,0.002391,0.002391,0.002392,0.002395
ACCGAAGAGTCTGGTT-1,0.29787,0.029103,0.000636,0.446415,0.109373,0.000351,0.116251
ACCGACACATCTCCCA-1,0.03971,0.288008,0.432145,0.115657,0.000037,0.072896,0.051546
ACCGACTGAGTCCCAC-1,0.355016,0.219836,0.000273,0.155498,0.154083,0.11502,0.000273
ACCGAGTCTCCTTATT-1,0.888596,0.000548,0.108665,0.000548,0.000548,0.000548,0.000548
ACCGATGGTAGCATCG-1,0.33721,0.000071,0.000071,0.000071,0.08754,0.574965,0.000071
ACCGCAATAACTGCCT-1,0.211955,0.236738,0.004901,0.222275,0.094147,0.229776,0.000208
ACCGGTCAGGTACACC-1,0.838379,0.001749,0.001749,0.001749,0.00175,0.152872,0.00175
ACCGGTCTGAGTACGG-1,0.990326,0.001611,0.001611,0.001612,0.001614,0.001613,0.001613
ACCGTGACCACGTGGG-1,0.754194,0.001113,0.179713,0.001113,0.061644,0.001111,0.001112
ACCGTTCCCGCTCTGA-1,0.991392,0.001435,0.001435,0.001435,0.001434,0.001435,0.001434
ACCTAAGTACCTTTCA-1,0.40198,0.233837,0.011705,0.04892,0.07448,0.212694,0.016385
ACCTAATCGACTTCCT-1,0.22749,0.001594,0.001595,0.001594,0.574778,0.191353,0.001595
ACCTACTATAAATCTA-1,0.966908,0.005514,0.005526,0.00552,0.005517,0.005508,0.005507
ACCTCCGCCCTCGCTG-1,0.386607,0.053222,0.046458,0.140717,0.1013,0.161482,0.110213
ACCTCGAACTTATGCT-1,0.789565,0.000143,0.075875,0.008262,0.013102,0.039498,0.073555
ACCTGCGTGTCATGTT-1,0.372895,0.168026,0.010974,0.23969,0.000088,0.142894,0.065433
ACCTTTCCTTTAGAAG-1,0.946333,0.000228,0.052525,0.000228,0.000229,0.000228,0.000228
ACGAAATGGGCGGCAC-1,0.343836,0.018067,0.000161,0.313986,0.134909,0.062911,0.126129
ACGACTCTAGGGCCGA-1,0.994966,0.000839,0.00084,0.000839,0.000838,0.000839,0.000838
ACGACTGGTCATACTC-1,0.995999,0.000667,0.000667,0.000667,0.000667,0.000667,0.000667
ACGAGAACCCATCACG-1,0.861153,0.000603,0.000603,0.030205,0.000603,0.000603,0.10623
ACGAGATATTTGCTTA-1,0.352107,0.642944,0.00099,0.00099,0.00099,0.00099,0.00099
ACGAGGATACCACTCT-1,0.366168,0.046941,0.000067,0.145913,0.000067,0.012159,0.428685
ACGAGGTTTACAACGT-1,0.817033,0.004097,0.004098,0.004106,0.004101,0.162471,0.004094
ACGAGTACGGATGCCC-1,0.000269,0.557269,0.000269,0.064334,0.234879,0.128952,0.014027
ACGAGTCGCCGGCGTT-1,0.014357,0.280689,0.014335,0.014348,0.647578,0.014337,0.014356
ACGATACATAGAACTA-1,0.00007,0.92833,0.055004,0.000218,0.012848,0.00007,0.003459
ACGATCATACATAGAG-1,0.437661,0.003616,0.197149,0.023833,0.02178,0.138325,0.177636
ACGATGGATCCGATGC-1,0.391109,0.000219,0.595028,0.000219,0.000219,0.012985,0.000219
ACGCAAACTAATAGAT-1,0.045607,0.199196,0.717063,0.034345,0.000156,0.003614,0.000018
ACGCAATCACTACAGC-1,0.066205,0.214401,0.008334,0.183787,0.084781,0.088777,0.353715
ACGCATAAATGACATG-1,0.990544,0.001575,0.001577,0.001576,0.001577,0.001577,0.001575
ACGCATACGTTTACTA-1,0.405015,0.023303,0.051025,0.180114,0.000241,0.000241,0.340061
ACGCATTCGTGAGTAC-1,0.392962,0.106241,0.024125,0.089053,0.013034,0.264068,0.110518
ACGCCAGATGATTTCT-1,0.002876,0.842729,0.103723,0.00595,0.000067,0.044588,0.000067
ACGCCAGTGCGTTTGC-1,0.607303,0.000897,0.000897,0.000897,0.14314,0.000897,0.245968
ACGCCCAGCTGTCGAT-1,0.601402,0.00081,0.394546,0.000811,0.00081,0.00081,0.00081
ACGCCTGACACGCGCT-1,0.087456,0.184855,0.000225,0.124956,0.391969,0.052106,0.158434
ACGCGAAGTCAGACGA-1,0.354923,0.032276,0.049052,0.067423,0.046917,0.422835,0.026573
ACGCGGGCCAAGGACA-1,0.454456,0.06315,0.060781,0.067646,0.004919,0.323164,0.025884
ACGCTACTGAATGGGC-1,0.000228,0.015251,0.000228,0.000228,0.964363,0.019474,0.000228
ACGCTAGTGATACACT-1,0.063381,0.00006,0.051402,0.00006,0.057725,0.00006,0.827311
ACGCTTAGTGTCTCTC-1,0.789285,0.001018,0.001018,0.001018,0.013439,0.001018,0.193204
ACGGAACACGAGTGCC-1,0.689311,0.107492,0.013527,0.09878,0.053311,0.03737,0.000208
ACGGAATTTAGCAAAT-1,0.704982,0.000272,0.084174,0.115499,0.000272,0.000272,0.09453
ACGGACTCTCAAAGCG-1,0.021408,0.2675,0.697665,0.013279,0.000049,0.000049,0.000049
ACGGAGCGCAAATTAC-1,0.714902,0.004953,0.00495,0.004951,0.260339,0.004951,0.004954
ACGGATGGTGCGGATA-1,0.682949,0.000162,0.132147,0.059902,0.000162,0.124517,0.000162
ACGGCACTTGCTTGGG-1,0.588802,0.000401,0.117695,0.000401,0.000401,0.000401,0.291899
ACGGCCAACATGGACT-1,0.502394,0.000194,0.015198,0.003804,0.014832,0.371235,0.092342
ACGGCGACGATGGGAA-1,0.432218,0.028686,0.06533,0.01865,0.0291,0.257721,0.168295
ACGGCGGGTTGCCCTG-1,0.807002,0.000043,0.035391,0.074164,0.030928,0.052428,0.000043
ACGGCTGGATGTAGAA-1,0.60222,0.000677,0.080195,0.143287,0.121436,0.051508,0.000677
ACGGGAGTGTCGGCCC-1,0.644608,0.001328,0.001328,0.211432,0.001329,0.001329,0.138645
ACGGGCGTATGCGACA-1,0.753609,0.000126,0.000126,0.030634,0.072267,0.141859,0.00138
ACGGTACAGTTCAATG-1,0.901482,0.00068,0.095118,0.00068,0.00068,0.00068,0.00068
ACGTACAGATTTCTCT-1,0.471246,0.002142,0.185612,0.00214,0.248122,0.088595,0.002143
ACGTAGATTGCTGATG-1,0.4889,0.119968,0.021547,0.028484,0.01648,0.260412,0.06421
ACGTAGGAGAGTCGCT-1,0.981703,0.003047,0.00305,0.003049,0.003055,0.003049,0.003047
ACGTCCTAAACGAGAT-1,0.600542,0.000247,0.000247,0.000247,0.000247,0.000247,0.398223
ACGTGCGCCTCGTGCA-1,0.01868,0.107755,0.637536,0.145593,0.000593,0.000593,0.08925
ACGTTCCGCGCTCCGT-1,0.990747,0.001541,0.001542,0.001541,0.001542,0.001544,0.001542
ACGTTCGCAATCAATT-1,0.483794,0.151629,0.024964,0.003856,0.121148,0.135773,0.078836
ACGTTCGTTCAGGAAA-1,0.125581,0.383864,0.457019,0.019401,0.000111,0.013914,0.000111
ACGTTCTGTACAAGTC-1,0.738544,0.000225,0.125387,0.000225,0.000225,0.135168,0.000225
ACGTTTAGTTGTGATC-1,0.463096,0.000258,0.360698,0.028226,0.000258,0.030258,0.117207
ACGTTTCGGTGCACTT-1,0.488613,0.000085,0.000085,0.000085,0.510962,0.000085,0.000085
ACTAATACGTCAGGCG-1,0.903324,0.002277,0.002278,0.002278,0.085292,0.002276,0.002276
ACTACATCCCGACAAG-1,0.776643,0.005975,0.005977,0.193465,0.005987,0.005973,0.005981
ACTACCAGCTCTCTGG-1,0.428057,0.000263,0.000263,0.004858,0.174211,0.341129,0.05122
ACTACGCGTTAGAATT-1,0.161211,0.180094,0.446477,0.134736,0.000076,0.072918,0.004488
ACTAGTTGCGATCGTC-1,0.25801,0.000292,0.177816,0.190104,0.23279,0.117022,0.023965
ACTATATGCTGTGTTC-1,0.746053,0.002434,0.002433,0.002433,0.241784,0.00243,0.002433
ACTATGTCCAGCTGCC-1,0.614239,0.011952,0.011952,0.011961,0.01195,0.325991,0.011955
ACTATTCGTCCGTGGT-1,0.72407,0.001669,0.267589,0.001669,0.001667,0.001669,0.001669
ACTATTTCCGGGCCCA-1,0.659128,0.001366,0.228891,0.001366,0.001368,0.050263,0.057618
ACTCAACGAATGTATT-1,0.669474,0.000405,0.000405,0.000405,0.000405,0.229878,0.099026
ACTCAAGTGCAAGGCT-1,0.858747,0.000977,0.000977,0.000977,0.000976,0.136371,0.000976
ACTCAATAAAGGCACG-1,0.303052,0.066641,0.2654,0.225929,0.020118,0.115537,0.003323
ACTCAGACCTGCTTCT-1,0.594762,0.001004,0.001003,0.400222,0.001003,0.001003,0.001003
ACTCCAATATCATCAT-1,0.664852,0.000697,0.058673,0.273689,0.000696,0.000696,0.000697
ACTCCCATTCCTAAAG-1,0.486941,0.000108,0.064693,0.140067,0.065024,0.084339,0.158827
ACTCCCGAATTCGTTT-1,0.783153,0.00165,0.00165,0.001649,0.00165,0.208598,0.00165
ACTCCCGTAGACTAGG-1,0.550928,0.087702,0.000129,0.051472,0.129746,0.169726,0.010296
ACTCCCTAATGCTAAA-1,0.313871,0.056963,0.503556,0.06543,0.000065,0.06005,0.000065
ACTCCCTAGAATAGTA-1,0.365739,0.000072,0.03441,0.010184,0.153885,0.417439,0.01827
ACTCCGGCCGACCACT-1,0.990542,0.001577,0.001577,0.001576,0.001577,0.001575,0.001575
ACTCGCCGTTCGATAA-1,0.943277,0.000099,0.000099,0.000099,0.05623,0.000099,0.000099
ACTCGTAACCCGTCCT-1,0.669689,0.000154,0.000154,0.000154,0.000154,0.329541,0.000154
ACTCTCTTATACACGA-1,0.74694,0.001863,0.001864,0.243743,0.001865,0.001863,0.001862
ACTCTGACCTAATAGA-1,0.367042,0.081852,0.030898,0.217578,0.162691,0.139859,0.00008
ACTCTTGTATAGTAAC-1,0.045171,0.034111,0.048961,0.021251,0.032365,0.733605,0.084536
ACTGAAACGCCGTTAG-1,0.000183,0.184795,0.000183,0.092126,0.596244,0.126285,0.000183
ACTGAATGGCGAAAGT-1,0.348451,0.000058,0.040565,0.05873,0.061697,0.464746,0.025753
ACTGATTTAGTGATTC-1,0.052578,0.421778,0.523956,0.000422,0.000422,0.000422,0.000422
ACTGCCGTCGTAACTC-1,0.097701,0.001103,0.80169,0.001104,0.001103,0.001104,0.096194
ACTGTACGATACACAT-1,0.385528,0.017467,0.07668,0.000113,0.077668,0.351077,0.091466
ACTGTAGCACTTTGGA-1,0.00023,0.00023,0.00023,0.00023,0.759445,0.06603,0.173607
ACTGTATACGCGAGCA-1,0.991801,0.001367,0.001367,0.001366,0.001365,0.001367,0.001366
ACTGTCCAGGATTATA-1,0.41883,0.009332,0.115247,0.033871,0.282173,0.140464,0.000083
ACTGTCTTCTTTAGAA-1,0.311537,0.080895,0.135367,0.092248,0.037051,0.286087,0.056815
ACTGTGCTAGTAGATC-1,0.695265,0.066558,0.061097,0.052187,0.123163,0.000865,0.000865
ACTGTTTAGTGTAGGC-1,0.685831,0.002111,0.002111,0.002111,0.21344,0.00211,0.092287
ACTTACCGGGCGCGCA-1,0.451129,0.19633,0.349041,0.000875,0.000875,0.000875,0.000875
ACTTACGCATCCACGC-1,0.134877,0.000156,0.011704,0.000156,0.811082,0.04187,0.000156
ACTTAGTACGACAAGA-1,0.338508,0.045724,0.041098,0.461644,0.000638,0.11175,0.000638
ACTTATACTTACCCGG-1,0.118675,0.000072,0.042303,0.00544,0.154374,0.679064,0.000072
ACTTATCTGATCTATA-1,0.723894,0.001408,0.001407,0.001407,0.193418,0.001407,0.077058
ACTTCAGGCTGATCCC-1,0.343436,0.01353,0.09269,0.166268,0.104669,0.20676,0.072648
ACTTCCATGCGGGACA-1,0.579446,0.001594,0.001594,0.301896,0.112283,0.001594,0.001594
ACTTCCTGTCGTGCGA-1,0.418379,0.018079,0.14852,0.123236,0.161728,0.129833,0.000226
ACTTCGCCATACGCAC-1,0.18049,0.034405,0.18734,0.129046,0.204689,0.206866,0.057163
ACTTGCCATATTGTAC-1,0.992643,0.001225,0.001226,0.001226,0.001227,0.001226,0.001227
ACTTGGGACCCGGTGG-1,0.167332,0.000046,0.028957,0.000046,0.04132,0.123312,0.638987
ACTTGTGGATGGAACG-1,0.299951,0.107079,0.00147,0.10771,0.061604,0.355389,0.066798
ACTTTACCCTCATGAA-1,0.039817,0.00104,0.00104,0.58615,0.072111,0.298802,0.00104
ACTTTCCTATAGCTTC-1,0.38875,0.071448,0.139235,0.105417,0.131325,0.08811,0.075716
ACTTTGGTCGTGCTCC-1,0.371514,0.000751,0.147811,0.286166,0.192256,0.000752,0.000751
AGAACGTGGTACATTC-1,0.305832,0.006308,0.225789,0.000163,0.040841,0.079522,0.341545
AGAAGAGCGCCGTTCC-1,0.576298,0.000969,0.086091,0.000969,0.000969,0.333733,0.00097
AGAAGGTACACTTCAC-1,0.305469,0.001816,0.461643,0.001816,0.22562,0.001817,0.001818
AGAAGGTTGTAGGTCG-1,0.216281,0.206785,0.5719,0.001259,0.001258,0.001258,0.001259
AGAAGTGATTCGTGAT-1,0.413404,0.141258,0.002414,0.203926,0.039506,0.184852,0.01464
AGAATGCGGGTTCGGA-1,0.987345,0.002109,0.00211,0.00211,0.002109,0.002109,0.002108
AGAATTATGGATTCGA-1,0.33677,0.158784,0.000423,0.000423,0.239753,0.246341,0.017505
AGAATTGTTTGACATA-1,0.229836,0.175855,0.000608,0.220223,0.13048,0.000608,0.24239
AGACATAGATCCTTCC-1,0.935025,0.001304,0.058456,0.001305,0.001303,0.001304,0.001303
AGACCATGGGATACAA-1,0.379878,0.256001,0.000593,0.238242,0.000593,0.000593,0.1241
AGACCCACCGCTGATC-1,0.307963,0.012945,0.02769,0.000077,0.143722,0.358468,0.149135
AGACCCGCCCTCCTCG-1,0.56156,0.087451,0.131988,0.030985,0.107871,0.069016,0.011128
AGACGAAGTGCCGGTC-1,0.354147,0.000088,0.007117,0.205794,0.098174,0.232353,0.102327
AGACGACGATGCCGCT-1,0.46541,0.000259,0.000259,0.267426,0.000258,0.203979,0.062409
AGACGGGCCGATTTAA-1,0.591053,0.001729,0.001729,0.250699,0.001728,0.151332,0.00173
AGACTAGCCTTCCAGA-1,0.363325,0.127009,0.039791,0.210721,0.024361,0.169769,0.065025
AGACTGTTACCGGGTC-1,0.00635,0.520861,0.454188,0.018466,0.000045,0.000045,0.000045
AGAGAACCGTCTAGGA-1,0.351443,0.00013,0.054803,0.00013,0.140154,0.133287,0.320053
AGAGAAGGAGTACAAT-1,0.823112,0.001367,0.001368,0.001367,0.001367,0.170052,0.001367
AGAGCCGCCGAGATTT-1,0.855477,0.000101,0.00756,0.000101,0.014467,0.122193,0.000101
AGAGCGGGCTAATCAT-1,0.135971,0.263636,0.363602,0.000284,0.000284,0.036402,0.199823
AGAGCGTACAAGCTCG-1,0.552464,0.151497,0.00442,0.265993,0.000516,0.000516,0.024593
AGAGCTACGAAAGCAT-1,0.375356,0.001817,0.001816,0.001817,0.615559,0.001818,0.001818
AGAGGCTTCGGAAACC-1,0.192279,0.00088,0.00088,0.334252,0.330259,0.000881,0.140568
AGAGGGACAATTGTCC-1,0.688045,0.009565,0.264127,0.00956,0.009562,0.009575,0.009566
AGAGGTATCTCGGTCC-1,0.991127,0.001478,0.001479,0.001479,0.001479,0.001479,0.001479
AGAGTATAGTGTTACG-1,0.684803,0.019056,0.132649,0.125861,0.006763,0.030846,0.000023
AGAGTCTTAATGAAAG-1,0.473065,0.000755,0.155867,0.000755,0.074928,0.000756,0.293875
AGAGTTAGAGACCGAT-1,0.921034,0.002928,0.064337,0.002925,0.002929,0.002923,0.002924
AGATAACTTCAGGGCC-1,0.431432,0.094382,0.043356,0.041852,0.059167,0.168636,0.161175
AGATACCAATAGAACC-1,0.946468,0.000079,0.000079,0.000079,0.053139,0.000079,0.000079
AGATACCAGCACTTCA-1,0.700807,0.002609,0.002608,0.154079,0.134677,0.002611,0.002609
AGATACGACTTCATAT-1,0.750334,0.123095,0.001421,0.001421,0.120888,0.001421,0.00142
AGATACTCAAGATCGA-1,0.308644,0.103792,0.011362,0.073707,0.048521,0.334119,0.119855
AGATATAATACGACTA-1,0.928305,0.000752,0.067938,0.000751,0.000751,0.000752,0.000751
AGATCGTGCATAAGAT-1,0.743596,0.002242,0.002243,0.080233,0.167206,0.00224,0.00224
AGATCTCAGGTGTGAT-1,0.323333,0.003182,0.205761,0.000154,0.054561,0.412855,0.000154
AGATGACTCGCCCACG-1,0.458976,0.155278,0.321918,0.026543,0.004428,0.032727,0.000129
AGATGAGGGTTGCGAT-1,0.468492,0.001914,0.001914,0.072691,0.451164,0.001912,0.001912
AGATGCAAGACGTGCA-1,0.001708,0.094038,0.001708,0.001709,0.773954,0.125177,0.001707
AGATTATAGGACGTTT-1,0.235182,0.051164,0.008785,0.025077,0.057296,0.602634,0.019862
AGATTCAAGCGGGTCG-1,0.757644,0.000257,0.000257,0.000257,0.146526,0.094801,0.000257
AGATTCACAACCGATA-1,0.531307,0.00028,0.008535,0.075791,0.212733,0.164871,0.006484
AGCAAAGGCCGCTAGT-1,0.308161,0.049999,0.524066,0.012531,0.0158,0.070191,0.019253
AGCAACCGAAAGTAAT-1,0.462435,0.001215,0.001215,0.001215,0.531487,0.001217,0.001216
AGCACCAGTACTCACG-1,0.529202,0.015389,0.025634,0.120263,0.000166,0.309179,0.000166
AGCACTACCTCACCAG-1,0.124884,0.009148,0.146241,0.023585,0.057992,0.004698,0.633452
AGCACTTAAGGACGCC-1,0.001943,0.086155,0.018555,0.872818,0.004337,0.000027,0.016166
AGCAGAAGGAGAAAGA-1,0.251106,0.213205,0.270033,0.156477,0.108619,0.00028,0.00028
AGCAGCCAGATGAATA-1,0.509366,0.160878,0.263623,0.000278,0.000278,0.000278,0.065301
AGCATATCAATATGCT-1,0.000023,0.331407,0.000023,0.571862,0.028896,0.038792,0.028998
AGCATCATTTCGAAAG-1,0.547962,0.001258,0.001259,0.093214,0.142946,0.001259,0.212101
AGCATCGTCGATAATT-1,0.273261,0.115646,0.008069,0.551395,0.029261,0.022275,0.000093
AGCATTACGAGGCAAG-1,0.702008,0.034717,0.002509,0.234537,0.025733,0.000248,0.000248
AGCCAAGCTTTGTGTC-1,0.431427,0.000355,0.168189,0.000355,0.000355,0.361893,0.037425
AGCCACAGGTTACCCG-1,0.446882,0.001186,0.001186,0.125773,0.001186,0.422601,0.001186
AGCCACTCCCGTGCTT-1,0.945668,0.000529,0.00053,0.00053,0.000529,0.051685,0.000529
AGCCCGCAACAAGCAG-1,0.654372,0.002206,0.334597,0.002205,0.002207,0.002206,0.002206
AGCCCGCACTACAATG-1,0.43007,0.268531,0.000254,0.000254,0.300381,0.000254,0.000254
AGCCCGGCATTAGAGG-1,0.722128,0.007169,0.007167,0.007169,0.242046,0.007159,0.007161
AGCCCGGTAGCCTGTA-1,0.299276,0.000825,0.51531,0.000825,0.000825,0.182116,0.000824
AGCCCTAAGCGAAGTT-1,0.728913,0.103616,0.131043,0.035226,0.000401,0.000401,0.000401
AGCCCTCCCTGGTGGC-1,0.697153,0.000133,0.076092,0.086788,0.087452,0.024228,0.028153
AGCCCTTCTAATCCGA-1,0.556718,0.001612,0.001612,0.001612,0.183726,0.001613,0.253108
AGCCGTGGCTAAATGT-1,0.45067,0.000565,0.081006,0.40257,0.000565,0.064059,0.000565
AGCCTAATACCCACGT-1,0.661739,0.000083,0.018408,0.1572,0.030711,0.000083,0.131775
AGCCTTAAAGCGGAAG-1,0.610624,0.047824,0.00026,0.002921,0.112239,0.0221,0.204032
AGCGACAGGAACGGTC-1,0.481941,0.000295,0.044632,0.000295,0.127116,0.135077,0.210645
AGCGACATCCCATTCA-1,0.247964,0.000771,0.455905,0.000772,0.000772,0.293045,0.000771
AGCGACCAACGATATT-1,0.394629,0.000222,0.107061,0.224784,0.046529,0.226553,0.000222
AGCGATGCGCCTAATA-1,0.933588,0.000355,0.000355,0.000355,0.064636,0.000355,0.000355
AGCGCATAATGAATCG-1,0.119378,0.188158,0.53124,0.064551,0.041319,0.043272,0.012081
AGCGCGGGTGCCAATG-1,0.643871,0.000497,0.116882,0.000497,0.000497,0.237261,0.000497
AGCGCTTATGGGCAAG-1,0.838816,0.14961,0.002314,0.002315,0.002315,0.002315,0.002315
AGCGGACACTTCGTAG-1,0.227165,0.069283,0.341445,0.271441,0.000136,0.048341,0.042189
AGCGGCGGTTAGCGGT-1,0.406639,0.106175,0.053509,0.000255,0.000255,0.000255,0.432911
AGCGGGAAGGGTCCAT-1,0.962639,0.00113,0.00113,0.03171,0.00113,0.00113,0.00113
AGCGGGTCTGACACTC-1,0.702066,0.000983,0.000983,0.000983,0.000982,0.29302,0.000983
AGCGGTTGCCGCTCTG-1,0.448373,0.000048,0.000048,0.000048,0.551385,0.000048,0.000048
AGCGTACGAGAGCTAG-1,0.989629,0.001728,0.001728,0.001728,0.00173,0.001728,0.001728
AGCGTAGCGCTAGACC-1,0.827606,0.001888,0.001889,0.080889,0.083953,0.001888,0.001887
