Barcode,Topic 1,Topic 2,Topic 3,Topic 4to7,Topic 8,Topic 9,Topic 10,Topic 11to13
AAACAACGAATAGTTC-1,0.000228,0.000228,0.000228,0.00091,0.000228,0.02915,0.047698,0.921331
AAACAAGTATCTCCCA-1,0.00002,0.00002,0.022102,0.059341,0.452369,0.00002,0.00002,0.466109
AAACAATCTACTAGCA-1,0.000675,0.000675,0.000675,0.002699,0.293123,0.000675,0.000675,0.700804
AAACACCAATAACTGC-1,0.000011,0.000011,0.040522,0.60136,0.234401,0.011862,0.078749,0.033083
AAACAGAGCGACTCCT-1,0.000047,0.000047,0.000047,0.00019,0.06021,0.000047,0.226841,0.712569
AAACAGCTTTCAGAAG-1,0.000345,0.143871,0.000345,0.00138,0.574148,0.000345,0.000345,0.279221
AAACAGGGTCTATATT-1,0.000016,0.000016,0.027955,0.786262,0.111121,0.000789,0.000016,0.073825
AAACATTTCCCGGATT-1,0.000006,0.000006,0.045251,0.830152,0.108267,0.001543,0.013351,0.001423
AAACCCGAACGAAATC-1,0.000015,0.000015,0.367514,0.001548,0.351761,0.000015,0.000015,0.279115
AAACCGGAAATGTTAA-1,0.000021,0.015715,0.494935,0.000084,0.416912,0.000021,0.008391,0.063921
AAACCGGGTAGGTACC-1,0.000014,0.000014,0.000082,0.70277,0.019525,0.000014,0.000014,0.277566
AAACCGTTCGTCCAGG-1,0.000034,0.000034,0.148647,0.01392,0.208452,0.000034,0.000034,0.628846
AAACCTAAGCAGCCGG-1,0.000004,0.000004,0.028071,0.835607,0.135498,0.000178,0.000454,0.000183
AAACCTCATGAAGTTG-1,0.00002,0.00002,0.008993,0.473273,0.073396,0.00002,0.008666,0.435613
AAACGAAGAACATACC-1,0.000037,0.000037,0.000037,0.000147,0.002408,0.000037,0.087669,0.909629
AAACGAAGATGGAGTA-1,0.000051,0.000051,0.008334,0.000206,0.059283,0.000051,0.479218,0.452804
AAACGAGACGGTTGAT-1,0.000044,0.000044,0.000044,0.227023,0.22783,0.000044,0.104041,0.440928
AAACGGGCGTACGGGT-1,0.000009,0.000009,0.051362,0.633752,0.211846,0.000009,0.000009,0.103005
AAACGGGTTGGTATCC-1,0.000025,0.000025,0.066771,0.002699,0.025437,0.010126,0.500642,0.394275
AAACGGTTGCGAACTG-1,0.000027,0.000027,0.000027,0.000106,0.000027,0.000027,0.843156,0.156605
AAACGTGTTCGCCCTA-1,0.000016,0.000016,0.020757,0.544414,0.281304,0.000016,0.087452,0.066027
AAACTAACGTGGCGAC-1,0.000024,0.000024,0.003476,0.224911,0.36468,0.000024,0.000024,0.406835
AAACTCGGTTCGCAAT-1,0.000014,0.000014,0.000395,0.168902,0.403901,0.001641,0.015108,0.410024
AAACTCGTGATATAAG-1,0.000022,0.000022,0.047131,0.081862,0.453562,0.000022,0.000022,0.417358
AAACTGCTGGCTCCAA-1,0.000018,0.000018,0.02285,0.295338,0.09253,0.000018,0.050085,0.539145
AAACTTGCAAACGTAT-1,0.000022,0.000022,0.02706,0.581989,0.056015,0.006389,0.000022,0.32848
AAAGACCCAAGTCGCG-1,0.000021,0.000021,0.000021,0.242062,0.000021,0.000021,0.000021,0.757815
AAAGACTGGGCGCTTT-1,0.000024,0.000024,0.021546,0.600829,0.049464,0.000024,0.000024,0.328065
AAAGCTTGCCTACATA-1,0.000015,0.000015,0.048135,0.495317,0.245989,0.000015,0.000721,0.209794
AAAGGCTACGGACCAT-1,0.000003,0.000003,0.016646,0.871099,0.044269,0.001681,0.001181,0.065119
AAAGGCTCTCGCGCCG-1,0.000015,0.000015,0.000751,0.286737,0.000015,0.000015,0.000015,0.712435
AAAGGGATGTAGCAAG-1,0.000042,0.000042,0.000042,0.000167,0.084002,0.054192,0.000042,0.861472
AAAGGGCAGCTTGAAT-1,0.000028,0.000028,0.000028,0.297339,0.001963,0.000028,0.000028,0.700556
AAAGGTAAGCTGTACC-1,0.000025,0.000025,0.000025,0.465708,0.097104,0.000025,0.000025,0.437065
AAAGTAGCATTGCTCA-1,0.000015,0.000015,0.012106,0.432887,0.362316,0.000015,0.002084,0.190561
AAAGTCACTGATGTAA-1,0.000019,0.000019,0.019321,0.582344,0.051612,0.000019,0.000019,0.346646
AAAGTCGACCCTCAGT-1,0.000025,0.000025,0.075686,0.278762,0.133641,0.000025,0.000025,0.511811
AAAGTGTGATTTATCT-1,0.00001,0.00001,0.00001,0.513778,0.295507,0.00001,0.00001,0.190664
AAAGTTGACTCCCGTA-1,0.000005,0.000005,0.016462,0.917992,0.05619,0.000005,0.000005,0.009333
AAATAACCATACGGGA-1,0.000022,0.000022,0.001865,0.306734,0.057908,0.000022,0.361048,0.272378
AAATAAGGTAGTGCCC-1,0.000032,0.000032,0.010436,0.474231,0.154692,0.000032,0.051067,0.309478
AAATACCTATAAGCAT-1,0.000024,0.000024,0.000024,0.776776,0.008467,0.000024,0.02812,0.186543
AAATAGCTTAGACTTT-1,0.000013,0.000013,0.002196,0.432985,0.306886,0.000013,0.000013,0.257879
AAATAGGGTGCTATTG-1,0.00003,0.00003,0.00003,0.440045,0.120869,0.00003,0.159361,0.279604
AAATCCGATACACGCC-1,0.000013,0.000013,0.083794,0.327294,0.460185,0.003371,0.011922,0.113409
AAATCGCGGAAGGAGT-1,0.000062,0.000062,0.000062,0.000246,0.008015,0.000062,0.277541,0.713952
AAATCGTGTACCACAA-1,0.000012,0.000012,0.002143,0.539436,0.000012,0.000012,0.058797,0.399576
AAATCTAGCCCTGCTA-1,0.000016,0.000016,0.010455,0.160139,0.402643,0.000016,0.123126,0.30359
AAATGATTCGATCAGC-1,0.000027,0.000027,0.007177,0.284983,0.361831,0.013635,0.117121,0.2152
AAATGCTCGTTACGTT-1,0.00011,0.00011,0.00011,0.464192,0.016423,0.00011,0.00011,0.518834
AAATGGCATGTCTTGT-1,0.000048,0.000048,0.000048,0.000191,0.000048,0.000048,0.000048,0.999522
AAATGGCCCGTGCCCT-1,0.000025,0.000025,0.047632,0.256624,0.323032,0.0032,0.000025,0.369437
AAATGGTCAATGTGCC-1,0.000072,0.000072,0.551534,0.287308,0.000072,0.005307,0.15542,0.000216
AAATGTATCTTATCCC-1,0.000011,0.000011,0.000011,0.172545,0.000011,0.000604,0.000011,0.826797
AAATGTGGGTGCTCCT-1,0.000074,0.000074,0.000074,0.555877,0.033681,0.000074,0.03118,0.378966
AAATTAACGGGTAGCT-1,0.000034,0.000034,0.000034,0.013151,0.00514,0.000034,0.000034,0.981541
AAATTAATAAGCGCGA-1,0.000014,0.000014,0.004877,0.152184,0.094951,0.000014,0.025316,0.722631
AAATTACACGACTCTG-1,0.000081,0.000081,0.000081,0.000325,0.000081,0.000081,0.000081,0.999188
AAATTACCTATCGATG-1,0.000026,0.000026,0.006777,0.363409,0.206782,0.000026,0.000026,0.422929
AAATTCCAGGTCCAAA-1,0.000017,0.000017,0.087504,0.001326,0.487999,0.000017,0.153196,0.269923
AAATTGATAGTCCTTT-1,0.000016,0.000016,0.517777,0.000064,0.465282,0.000016,0.006964,0.009866
AAATTGCGGCGGTTCT-1,0.000039,0.000039,0.000039,0.051,0.059226,0.000039,0.220402,0.669216
AAATTGGTGAGAAGCA-1,0.00002,0.00002,0.013752,0.556828,0.281982,0.00002,0.041226,0.106153
AAATTTACCGAAATCC-1,0.000036,0.000036,0.018919,0.000144,0.218733,0.000036,0.457205,0.304892
AAATTTGCGGGTGTGG-1,0.000031,0.000031,0.007084,0.0588,0.219084,0.000031,0.015942,0.698998
AACAACTGGTAGTTGC-1,0.000024,0.000024,0.054012,0.36933,0.211681,0.000024,0.000024,0.364879
AACAATTACTCTACGC-1,0.000005,0.000005,0.000005,0.984181,0.000005,0.000005,0.000005,0.015791
AACACACGCTCGCCGC-1,0.000005,0.000005,0.000747,0.871748,0.042312,0.000005,0.000005,0.085174
AACACGACTGTACTGA-1,0.000027,0.000027,0.010237,0.119053,0.006986,0.000027,0.318007,0.545635
AACACGAGACGCGGCC-1,0.000013,0.000013,0.044405,0.404914,0.197254,0.002613,0.079545,0.271243
AACACGCGGCCGCGAA-1,0.000006,0.000006,0.000006,0.938207,0.000006,0.000006,0.061746,0.000018
AACAGCTGTGTGGCAA-1,0.000023,0.035946,0.07409,0.039068,0.26398,0.417715,0.00016,0.169019
AACAGGAAATCGAATA-1,0.000026,0.000026,0.000026,0.008849,0.000026,0.000026,0.140167,0.850854
AACAGGATGGGCCGCG-1,0.000021,0.000021,0.000021,0.280901,0.000021,0.000021,0.000021,0.71897
AACAGGTAGTATGGAT-1,0.000015,0.000015,0.102327,0.546315,0.179397,0.000015,0.034043,0.137873
AACATAGCGTGTATCG-1,0.000032,0.000032,0.000032,0.42206,0.201314,0.000032,0.000032,0.376468
AACATATCAACTGGTG-1,0.000014,0.000014,0.001313,0.391303,0.302463,0.024032,0.004337,0.276524
AACATCGATACGTCTA-1,0.000021,0.000021,0.00173,0.207731,0.347201,0.151571,0.013429,0.278295
AACATTGGTCAGCCGT-1,0.000033,0.000033,0.014246,0.121197,0.040258,0.000033,0.225555,0.598644
AACATTGTGACTCGAG-1,0.000029,0.000029,0.02067,0.182984,0.201084,0.004674,0.071579,0.518952
AACCAAGACTTCTCTG-1,0.000015,0.000015,0.000015,0.59603,0.000015,0.000015,0.000015,0.403882
AACCAGTATCACTCTT-1,0.000078,0.000078,0.000078,0.000314,0.117418,0.000078,0.000078,0.881875
AACCATGGGATCGCTA-1,0.000065,0.000065,0.091859,0.024081,0.138722,0.000065,0.000065,0.745079
AACCCAGAGACGGAGA-1,0.000049,0.000049,0.000049,0.189661,0.11885,0.010637,0.000049,0.680656
AACCCATCCCATGATC-1,0.000012,0.000012,0.03297,0.739358,0.210299,0.000012,0.007925,0.009413
AACCCGAGCAGAATCG-1,0.000024,0.000024,0.13362,0.006189,0.448417,0.012774,0.000024,0.39893
AACCCTACTGTCAATA-1,0.00001,0.00001,0.010353,0.424436,0.132803,0.00001,0.03689,0.395488
AACCCTGGTGGAACCA-1,0.000032,0.000032,0.03388,0.022127,0.021393,0.000032,0.000032,0.92247
AACCGAGCTTGGTCAT-1,0.000027,0.000027,0.000027,0.057825,0.000027,0.000027,0.015385,0.926657
AACCGCTAAGGGATGC-1,0.000011,0.000011,0.013036,0.478966,0.262294,0.039948,0.000011,0.205723
AACCGTTGTGTTTGCT-1,0.000051,0.000051,0.011697,0.000204,0.005997,0.000051,0.080024,0.901925
AACCTCGCTTTAGCCC-1,0.000007,0.000007,0.009326,0.650316,0.267194,0.000007,0.020638,0.052507
AACCTGTCACGGAATT-1,0.000061,0.008821,0.000061,0.012765,0.156899,0.000061,0.474427,0.346906
AACCTTTAAATACGGT-1,0.000023,0.000023,0.000023,0.021636,0.028402,0.000023,0.000023,0.949845
AACCTTTACGACGTCT-1,0.000061,0.000061,0.000061,0.000244,0.16312,0.000061,0.000061,0.836332
AACGAAAGTCGTCCCA-1,0.00033,0.00033,0.00033,0.110867,0.023826,0.00033,0.00033,0.863657
AACGATAATGCCGTAG-1,0.00003,0.00003,0.005533,0.132049,0.113897,0.00003,0.00003,0.748402
AACGATAGAAGGGCCG-1,0.000019,0.000019,0.027322,0.132984,0.020692,0.000019,0.012232,0.806714
AACGATATGTCAACTG-1,0.000013,0.000013,0.010013,0.560682,0.06978,0.000013,0.001419,0.358066
AACGCATGATCTGGGT-1,0.000137,0.000137,0.000137,0.000549,0.412123,0.000137,0.000137,0.586641
AACGCGAACGGCAACA-1,0.000035,0.000035,0.000035,0.04318,0.124435,0.000035,0.001093,0.831153
AACGCGACCTTGGGCG-1,0.000179,0.430466,0.000179,0.047398,0.000179,0.000179,0.000179,0.521241
AACGCGGTCTCCAGCC-1,0.000046,0.000046,0.001125,0.000185,0.079899,0.000046,0.053682,0.864971
AACGCTGTTGCTGAAA-1,0.00002,0.00002,0.023808,0.153674,0.37317,0.00002,0.02495,0.424339
AACGGACGTACGTATA-1,0.000011,0.000011,0.012132,0.41914,0.407243,0.001044,0.000014,0.160405
AACGGCCATCTCCGGT-1,0.000023,0.000023,0.040885,0.310364,0.122195,0.003941,0.007584,0.514985
AACGTACTGTGGGTAC-1,0.000027,0.000027,0.016444,0.447155,0.202984,0.000027,0.000027,0.33331
AACGTAGTCTACCCAT-1,0.000079,0.000079,0.001162,0.27275,0.503598,0.000079,0.000079,0.222174
AACGTCAGACTAGTGG-1,0.000014,0.000014,0.021449,0.871527,0.004256,0.000014,0.000014,0.102712
AACGTGATGAAGGACA-1,0.000049,0.000049,0.000049,0.000194,0.000049,0.000049,0.000049,0.999514
AACGTGCGAAAGTCTC-1,0.000022,0.000022,0.003183,0.149525,0.030136,0.000022,0.21083,0.606261
AACGTTATCAGCACCT-1,0.00021,0.00021,0.00021,0.215614,0.00021,0.00021,0.00021,0.783128
AACTACCCGTTTGTCA-1,0.000025,0.001809,0.110115,0.041392,0.339732,0.000025,0.000025,0.506878
AACTAGCGTATCGCAC-1,0.000156,0.000156,0.000156,0.918858,0.000156,0.000156,0.000156,0.080208
AACTAGGCTTGGGTGT-1,0.000031,0.000031,0.000031,0.000125,0.000031,0.000031,0.971535,0.028183
AACTCAAGTTAATTGC-1,0.000018,0.000018,0.036457,0.505526,0.055969,0.000018,0.015165,0.386829
AACTCCAGAGCGTGTT-1,0.000012,0.000012,0.013608,0.625169,0.334249,0.000012,0.00084,0.026098
AACTCCTAATCCCATG-1,0.000163,0.000163,0.00756,0.617018,0.000163,0.000163,0.000163,0.374607
AACTCGATAAACACGT-1,0.000028,0.000028,0.013696,0.020701,0.059038,0.000028,0.424791,0.48169
AACTCGATGGCGCAGT-1,0.000065,0.000065,0.036197,0.005121,0.025977,0.000065,0.000065,0.932447
AACTCTCAATAGAGCG-1,0.000013,0.000013,0.031424,0.170274,0.365806,0.000013,0.053178,0.37928
AACTCTCAGTGTGCTC-1,0.000042,0.000042,0.158805,0.001981,0.520561,0.000042,0.000042,0.318486
AACTGAGGTCAGCGTC-1,0.000015,0.000015,0.024561,0.726504,0.17386,0.001397,0.001157,0.07249
AACTGAGTTATACTGA-1,0.000037,0.234312,0.460925,0.000147,0.22926,0.000037,0.000037,0.075245
AACTGATATTAGGCCT-1,0.000037,0.000037,0.000037,0.000146,0.000037,0.000037,0.000037,0.999635
AACTGGGTCCCGACGT-1,0.000034,0.000034,0.000034,0.000138,0.000034,0.000034,0.240678,0.759012
AACTGGTGTGGGCCTT-1,0.000055,0.000055,0.000055,0.47232,0.000055,0.000055,0.000055,0.527349
AACTTCTGCGTCTATC-1,0.000044,0.000044,0.000044,0.724767,0.000044,0.000044,0.000044,0.274971
AACTTGCCCGTATGCA-1,0.000015,0.000015,0.007592,0.578907,0.009358,0.000015,0.000576,0.403522
AACTTGCGTTCTCGCG-1,0.000157,0.000157,0.000157,0.623863,0.074181,0.011261,0.000157,0.290066
AACTTTACGGGAGCTT-1,0.000038,0.000038,0.000038,0.132928,0.000653,0.000038,0.045126,0.82114
AACTTTAGCTGCTGAG-1,0.000278,0.000278,0.000278,0.474485,0.17804,0.000278,0.000278,0.346087
AACTTTCTCGATCATG-1,0.000028,0.000028,0.035324,0.326631,0.483963,0.000028,0.000028,0.153968
AAGAAGGATCAGTTAG-1,0.000022,0.000022,0.000022,0.972014,0.000022,0.000022,0.023918,0.00396
AAGACCAAATAACTCA-1,0.000191,0.000191,0.000191,0.224247,0.000191,0.255436,0.148273,0.371281
AAGACCCAACTGAACA-1,0.000004,0.000004,0.007828,0.451409,0.004276,0.000004,0.008394,0.528083
AAGACTAACCCGTTGT-1,0.000025,0.000025,0.000025,0.075746,0.057638,0.000025,0.28195,0.584566
AAGACTGCAAGCTACT-1,0.000019,0.000019,0.000019,0.33279,0.002395,0.000019,0.111664,0.553076
AAGAGATGAATCGGTA-1,0.000016,0.000016,0.000016,0.790741,0.004228,0.000016,0.000016,0.204952
AAGAGCTCTTTATCGG-1,0.000225,0.000225,0.000225,0.169569,0.283288,0.000225,0.000225,0.546018
AAGAGGATGTACGCGA-1,0.000036,0.000036,0.000036,0.317709,0.095454,0.000036,0.000036,0.58666
AAGAGGCATGGATCGC-1,0.000013,0.000013,0.007632,0.786188,0.160476,0.000013,0.000708,0.044957
AAGAGGCCCTTTGGAA-1,0.000024,0.000024,0.034933,0.000097,0.687658,0.000024,0.003793,0.273446
AAGATTGGCGGAACGT-1,0.000021,0.000021,0.000021,0.725769,0.079816,0.000021,0.000021,0.194309
AAGCACCCTGCGTATC-1,0.000016,0.000016,0.020999,0.269917,0.368963,0.000016,0.000016,0.340056
AAGCATACTCTCCTGA-1,0.000049,0.000049,0.013854,0.000195,0.06042,0.000049,0.000049,0.925336
AAGCCGAAGCGGTTTA-1,0.000023,0.000023,0.04026,0.063035,0.405851,0.000023,0.000023,0.490762
AAGCCGCTTTACCTTG-1,0.000046,0.000046,0.022273,0.364225,0.389472,0.000046,0.000046,0.223845
AAGCGCAGGGCTTTGA-1,0.000015,0.000015,0.007139,0.097652,0.425259,0.000015,0.010098,0.459806
AAGCGGCGTCATGGGT-1,0.000128,0.038319,0.000128,0.000513,0.081322,0.000128,0.000128,0.879332
AAGCGTCCCTCATCGA-1,0.000028,0.013859,0.18319,0.174826,0.507781,0.000028,0.018215,0.102073
AAGCTAGATCGAGTAA-1,0.000018,0.000018,0.000018,0.489289,0.028816,0.000018,0.077243,0.404579
AAGCTCGTGCCAAGTC-1,0.000052,0.000052,0.008664,0.400043,0.161573,0.000052,0.004477,0.425086
AAGCTCTTTCATGGTG-1,0.000019,0.000019,0.001521,0.711862,0.113285,0.003292,0.000019,0.169984
AAGGAGAACTTATAAG-1,0.000133,0.000133,0.014892,0.487913,0.015303,0.000133,0.208562,0.272931
AAGGAGCGGTTGGTGC-1,0.000015,0.000015,0.135925,0.357223,0.066834,0.007963,0.049458,0.382567
AAGGATCGATCGCTTG-1,0.000022,0.000022,0.037001,0.11636,0.337153,0.001137,0.000022,0.508282
AAGGATGAGGGACCTC-1,0.00009,0.00009,0.03867,0.306142,0.102382,0.00009,0.501789,0.050747
AAGGCAGGCTGTCTCC-1,0.000008,0.000008,0.778109,0.219661,0.002176,0.000008,0.000008,0.000023
AAGGCGCGTAAAGCTT-1,0.000013,0.000013,0.000013,0.809046,0.00578,0.000013,0.000013,0.185111
AAGGCTGTGCTCATCG-1,0.000021,0.000021,0.025904,0.426933,0.226943,0.000021,0.000021,0.320134
AAGGGAACGACTGGCT-1,0.000009,0.000009,0.026051,0.473898,0.127015,0.008621,0.000767,0.36363
AAGGGACAGATTCTGT-1,0.000016,0.000016,0.000016,0.996446,0.000016,0.000016,0.002666,0.000808
AAGGGACTATGCATTC-1,0.000024,0.000024,0.011806,0.11838,0.347441,0.000024,0.005415,0.516887
AAGGGTTTGATTTCAG-1,0.000248,0.087349,0.06396,0.286351,0.000248,0.000248,0.234191,0.327404
AAGGTATCCTAATATA-1,0.00005,0.00005,0.00005,0.167165,0.100727,0.00005,0.014385,0.717522
AAGGTGATAAACCAGC-1,0.000007,0.000007,0.011864,0.789709,0.128536,0.000218,0.011058,0.058601
AAGTAAGCTTCCAAAC-1,0.000175,0.000175,0.000175,0.458758,0.000175,0.000175,0.000175,0.540193
AAGTAGAAGACCGGGT-1,0.000014,0.000014,0.017941,0.767452,0.003543,0.000014,0.000014,0.211008
AAGTAGTGACGCGAGG-1,0.000011,0.000011,0.000011,0.925119,0.000288,0.000011,0.000011,0.074537
AAGTCAATTGTCGTCA-1,0.000014,0.000014,0.021066,0.531465,0.14385,0.000014,0.007615,0.295963
AAGTCTAGTAGCTGCC-1,0.000052,0.000052,0.024582,0.41643,0.294494,0.000052,0.053693,0.210645
AAGTCTTCTGTGGCCT-1,0.000108,0.000108,0.023534,0.465149,0.000108,0.016408,0.00886,0.485724
AAGTGACGACCGAATT-1,0.00002,0.00002,0.001971,0.420397,0.070106,0.012767,0.017704,0.477015
AAGTGCAAAGGTAGAC-1,0.000129,0.000129,0.121376,0.000515,0.005751,0.000129,0.026503,0.845469
AAGTGCCTTGACTGTA-1,0.000019,0.000019,0.015681,0.283366,0.302737,0.000019,0.014858,0.383302
AAGTGCGTTAGAATCT-1,0.000022,0.000022,0.057342,0.350356,0.312693,0.000022,0.000022,0.279521
AAGTGTTTGGAGACGG-1,0.000024,0.000024,0.014445,0.615704,0.289376,0.000024,0.000024,0.080381
AAGTTCACTCCAAGCT-1,0.00002,0.00002,0.026383,0.381387,0.368978,0.00002,0.00002,0.223173
AAGTTCAGTCTGCGTA-1,0.000056,0.000056,0.000056,0.000222,0.300738,0.000056,0.000056,0.698761
AAGTTCGGCCAACAGG-1,0.000025,0.000025,0.053025,0.59989,0.033389,0.001668,0.000025,0.311954
AAGTTGTGATGTTATA-1,0.000019,0.004577,0.595995,0.11856,0.093521,0.000019,0.000019,0.18729
AAGTTTACTAATGGCA-1,0.000038,0.000038,0.000038,0.725139,0.000038,0.000038,0.000038,0.274632
AAGTTTATGGGCCCAA-1,0.00003,0.00003,0.001891,0.153506,0.32846,0.00003,0.09151,0.424545
AATAACAACGCTCGGC-1,0.00002,0.00002,0.020087,0.17829,0.240772,0.00002,0.002071,0.558719
AATAACACTAGAACAA-1,0.000021,0.000021,0.05375,0.258181,0.328663,0.003366,0.000021,0.355978
AATAAGTCCTCGAGAC-1,0.000039,0.000039,0.000039,0.000155,0.000039,0.000039,0.007584,0.992067
AATACAATGTTTCAGG-1,0.000088,0.000088,0.000088,0.638218,0.010566,0.000088,0.000088,0.350775
AATAGAACAGAGTGGC-1,0.00002,0.00002,0.18101,0.297352,0.128022,0.00002,0.003743,0.389811
AATAGAATCTGTTTCA-1,0.000014,0.000014,0.026656,0.37238,0.217755,0.000014,0.000014,0.383155
AATAGCAAGCCTCCTG-1,0.000019,0.000019,0.008623,0.398342,0.192771,0.000019,0.154287,0.245919
AATAGCTACCGCGTGC-1,0.000017,0.000017,0.030817,0.808768,0.126857,0.003613,0.022826,0.007086
AATAGTCCGTCCCGAC-1,0.000015,0.000015,0.013298,0.093892,0.004435,0.000798,0.04377,0.843776
AATAGTCGCGAGTCGG-1,0.000025,0.000025,0.000025,0.216455,0.004101,0.007362,0.014535,0.757471
AATATCAAGGTCGGAT-1,0.00011,0.00011,0.014078,0.55074,0.056237,0.00011,0.00011,0.378505
AATATCCTAGCAAACT-1,0.000041,0.000041,0.007534,0.177894,0.002359,0.000041,0.111796,0.700295
AATATCGAATCAATGC-1,0.000014,0.000014,0.00473,0.659145,0.15134,0.002233,0.000014,0.182508
AATATCGAGGGTTCTC-1,0.000023,0.000023,0.011398,0.22815,0.313228,0.000023,0.005454,0.441701
AATATTGGAGTATTGA-1,0.000028,0.000028,0.000028,0.57048,0.022584,0.000028,0.000028,0.406793
AATCAGACTGCAGGAC-1,0.000021,0.000021,0.000021,0.450569,0.000021,0.000021,0.018162,0.531165
AATCATGTAAAGACTC-1,0.000011,0.000011,0.026995,0.410856,0.297594,0.027958,0.001144,0.235432
AATCCAAGGGCCTGAG-1,0.000014,0.000014,0.000014,0.72054,0.000112,0.000014,0.000014,0.279277
AATCCATGCAAGGGTG-1,0.000038,0.000038,0.000038,0.000153,0.000038,0.000038,0.000038,0.999617
AATCGCCTCAGCGCCA-1,0.000027,0.000027,0.000027,0.366054,0.128978,0.000027,0.107818,0.397043
AATCGCGCAGAGGACT-1,0.00002,0.00002,0.182549,0.015429,0.551567,0.00002,0.019444,0.230952
AATCGGGACACTACGA-1,0.000042,0.000042,0.000042,0.040464,0.000042,0.000042,0.000578,0.95875
AATCGTGAGCCGAGCA-1,0.000011,0.000011,0.020433,0.236412,0.549716,0.006243,0.000011,0.187162
AATCTAGGTTTACTTG-1,0.000017,0.000017,0.012568,0.617652,0.286955,0.000017,0.002956,0.079819
AATCTATGCCGGAGCC-1,0.000015,0.000015,0.022166,0.454302,0.336365,0.000015,0.000015,0.187108
AATCTCTACTGTGGTT-1,0.000029,0.000029,0.000029,0.827412,0.00006,0.006325,0.000029,0.166087
AATCTGCGTTGGGACG-1,0.000011,0.000011,0.0168,0.523565,0.28804,0.000011,0.003429,0.168132
AATCTGGCTTTCTAGT-1,0.000014,0.000014,0.021892,0.757894,0.186003,0.000014,0.021166,0.013005
AATCTGGGTAGACCCT-1,0.000145,0.000145,0.000145,0.270068,0.229396,0.000145,0.000145,0.499809
AATGACAGCAATGTCT-1,0.000021,0.000021,0.048777,0.462018,0.147787,0.000021,0.001591,0.339763
AATGACGTAGGATGTC-1,0.000035,0.000035,0.001874,0.087238,0.218243,0.000035,0.001458,0.691082
AATGACTGTCAGCCGG-1,0.000011,0.000011,0.059442,0.697733,0.111024,0.000011,0.011534,0.120236
AATGAGTTCGCATATG-1,0.000045,0.000045,0.000045,0.953025,0.000045,0.000045,0.000045,0.046708
AATGATGATACGCTAT-1,0.00011,0.00011,0.00011,0.233315,0.225524,0.00011,0.245541,0.295181
AATGATGCGACTCCTG-1,0.00001,0.00001,0.000216,0.863926,0.010359,0.00001,0.006672,0.118798
AATGCAACCGGGTACC-1,0.000008,0.000008,0.000008,0.938699,0.000008,0.000008,0.016299,0.044961
AATGCACCAAGCAATG-1,0.000012,0.000012,0.000012,0.976536,0.000132,0.000012,0.004313,0.018972
AATGGTCCACCGTTCA-1,0.000025,0.000025,0.022268,0.069529,0.384682,0.000025,0.032829,0.490616
AATGGTTCTCACAAGC-1,0.000011,0.000011,0.002242,0.820938,0.000011,0.000011,0.000011,0.176768
AATGTGCCCGAGGTGT-1,0.000024,0.000024,0.141829,0.350687,0.31629,0.000033,0.000024,0.19109
AATTAAAGGTCGGCGT-1,0.000012,0.000012,0.570222,0.125158,0.00045,0.000012,0.000012,0.304124
AATTAACGGATTTCCA-1,0.00003,0.00003,0.00003,0.12185,0.099062,0.00003,0.433514,0.345456
AATTACGAGACCCATC-1,0.000055,0.000055,0.000055,0.000221,0.000055,0.000055,0.997279,0.002224
AATTACTCGTACGCTC-1,0.000121,0.000121,0.000121,0.449459,0.000121,0.000121,0.000121,0.549813
AATTAGCGCTGCAGCG-1,0.000022,0.000022,0.030907,0.035933,0.069093,0.000022,0.203306,0.660696
AATTCATAAGGGATCT-1,0.000068,0.000068,0.000068,0.000273,0.175195,0.000068,0.018833,0.805428
AATTCATTGTCATGCA-1,0.000257,0.000257,0.000257,0.001029,0.105609,0.025426,0.150211,0.716954
AATTCCAACTTGGTGA-1,0.000038,0.000038,0.000038,0.126272,0.093892,0.000038,0.087516,0.69217
AATTCCAAGCATGTAC-1,0.000027,0.000027,0.011778,0.000108,0.000027,0.000027,0.98789,0.000116
AATTCGATTCGAGGAT-1,0.000014,0.000014,0.002255,0.187658,0.678554,0.000014,0.004879,0.126613
AATTCTAGAGTTAGGC-1,0.000014,0.000014,0.000014,0.767804,0.000014,0.001354,0.183904,0.046884
AATTGAACGCTCTGGT-1,0.000009,0.000009,0.001491,0.80508,0.017484,0.000009,0.000009,0.175909
AATTGCAGCAATCGAC-1,0.000019,0.007431,0.097682,0.162222,0.507577,0.000019,0.051086,0.173965
AATTGTGGTTGCCAAA-1,0.000014,0.040085,0.292665,0.049014,0.143238,0.177483,0.011035,0.286466
AATTTGGGACATAGTA-1,0.000024,0.000024,0.000024,0.918107,0.000024,0.000024,0.000024,0.081752
AATTTGGTTCCAAAGA-1,0.000016,0.000016,0.000016,0.134399,0.005267,0.000016,0.193257,0.667014
ACAAAGAAGGTAGGCC-1,0.00001,0.00001,0.001631,0.905566,0.00001,0.00001,0.006608,0.086154
ACAAAGCATGACCTAG-1,0.000013,0.000013,0.078731,0.142587,0.562518,0.000013,0.003838,0.212287
ACAAATCGCACCGAAT-1,0.000009,0.000009,0.005047,0.936638,0.025927,0.000609,0.002211,0.02955
ACAAATGGTAGTGTTT-1,0.000008,0.000008,0.01498,0.724573,0.215115,0.000008,0.000439,0.044868
ACAAATTCAGATCTGA-1,0.000014,0.000014,0.003565,0.996327,0.000014,0.000014,0.000014,0.000041
ACAACAGCATGAGCTA-1,0.00004,0.00004,0.00004,0.000158,0.00004,0.00004,0.00004,0.999604
ACAACGGTCCCTGCGA-1,0.000014,0.000014,0.005689,0.669128,0.002642,0.000014,0.000014,0.322483
ACAAGCAGTGCCTAGC-1,0.000019,0.000019,0.012266,0.200099,0.002393,0.000019,0.000019,0.785168
ACAAGCTATATGGAAG-1,0.000058,0.000058,0.000058,0.170589,0.045033,0.005495,0.000058,0.778651
ACAAGGAAATCCGCCC-1,0.000022,0.000022,0.006321,0.467124,0.122857,0.007628,0.000022,0.396003
ACAAGGACAAGAGGTT-1,0.000016,0.000016,0.002471,0.279588,0.000021,0.131897,0.000016,0.585974
ACAAGGATGCTTTAGG-1,0.000004,0.000004,0.017689,0.971292,0.004903,0.000004,0.006094,0.000011
ACAAGGGCAGGCTCTG-1,0.000055,0.000055,0.000055,0.119392,0.194681,0.000055,0.000055,0.685654
ACAATAGTCGTACGTT-1,0.000044,0.000044,0.023606,0.134218,0.209893,0.000044,0.000044,0.632106
ACAATCCATTTAAACC-1,0.000015,0.000015,0.000015,0.611244,0.004773,0.000015,0.000015,0.383908
ACAATGAATACGGAGA-1,0.000018,0.000018,0.044464,0.235685,0.444566,0.000018,0.061917,0.213315
ACAATGATTCTTCTAC-1,0.000022,0.000022,0.000215,0.548105,0.270782,0.000022,0.006767,0.174066
ACAATTGTGTCTCTTT-1,0.000018,0.000018,0.000107,0.25939,0.271864,0.000018,0.000018,0.468567
ACAATTTAGGAGGCTC-1,0.000048,0.000048,0.000048,0.842743,0.000048,0.000048,0.047061,0.109956
ACAATTTGAGCAGTGG-1,0.000014,0.000014,0.000014,0.967066,0.000014,0.000014,0.000014,0.032852
ACAATTTGGCCATATT-1,0.000145,0.000145,0.348345,0.000578,0.351253,0.000145,0.000145,0.299245
ACACAAAGACGGGTGG-1,0.000015,0.000015,0.000015,0.239073,0.000015,0.000015,0.000189,0.760663
ACACAAATATTCCTAG-1,0.000011,0.000011,0.02619,0.734736,0.105889,0.001633,0.112162,0.019369
ACACACCAGGACCAGT-1,0.000008,0.000008,0.013677,0.69251,0.153901,0.000008,0.000008,0.139881
ACACACTTTCTACACG-1,0.000039,0.000039,0.060246,0.000156,0.000039,0.108946,0.137703,0.692831
ACACATGATCAAATCT-1,0.000017,0.000017,0.00274,0.324734,0.193812,0.000017,0.011208,0.467455
ACACATTGACGCAACA-1,0.000026,0.000026,0.000026,0.359972,0.000026,0.000026,0.270629,0.369268
ACACATTTCCGTAGAC-1,0.000028,0.000028,0.012222,0.7177,0.003884,0.012995,0.024722,0.228419
ACACCACATAATTAGC-1,0.000015,0.000015,0.021498,0.560758,0.206443,0.000015,0.102103,0.109153
ACACCCAGCATGCAGC-1,0.000071,0.000071,0.086831,0.000284,0.155258,0.000071,0.191714,0.565701
ACACCCGAGAAATCCG-1,0.000013,0.000013,0.099045,0.004155,0.100768,0.363519,0.000013,0.432472
ACACCGAGCGCTCTTT-1,0.00004,0.00004,0.00004,0.00016,0.00004,0.00004,0.00004,0.999601
ACACCTTAAGTAGGGC-1,0.000017,0.000017,0.013431,0.650332,0.197403,0.000017,0.00597,0.132813
ACACCTTACTACTTGC-1,0.00002,0.00002,0.066782,0.344456,0.2987,0.004383,0.00002,0.285617
ACACGAGACTCCTTCT-1,0.000035,0.000035,0.000035,0.000141,0.000035,0.000035,0.000035,0.999648
ACACGGCACTATGCAT-1,0.000022,0.000022,0.000022,0.005487,0.000022,0.000022,0.401183,0.593218
ACACGGGAACTTAGGG-1,0.000033,0.000033,0.000033,0.000131,0.034113,0.000033,0.077424,0.888201
ACACGTAGGCCACAAG-1,0.000026,0.000026,0.021671,0.003111,0.636233,0.000026,0.000026,0.33888
ACACTCCAATGTCACT-1,0.00062,0.00062,0.00062,0.189515,0.00062,0.00062,0.00062,0.806763
ACACTGATCAAGGTGT-1,0.00003,0.00003,0.319268,0.166872,0.108912,0.00003,0.249745,0.155115
ACACTGGGACAGTCGT-1,0.000014,0.000014,0.691828,0.000056,0.285954,0.000014,0.009229,0.012891
ACAGAACTGAGAACAA-1,0.000012,0.000012,0.110524,0.607257,0.175287,0.000012,0.001063,0.105832
ACAGATTAGGTTAGTG-1,0.000455,0.000455,0.059983,0.001821,0.000455,0.000455,0.000455,0.935921
ACAGCATAGAGCCAGT-1,0.00002,0.00002,0.00002,0.063415,0.003207,0.00002,0.0147,0.918596
ACAGCGACATTCTCAT-1,0.000019,0.001327,0.013815,0.400762,0.259305,0.000019,0.153802,0.170952
ACAGCGCACCCGCAGC-1,0.000035,0.000035,0.000035,0.000142,0.000035,0.000035,0.31275,0.686931
ACAGGAGGCGCAGCCG-1,0.000152,0.000152,0.000152,0.000608,0.000152,0.000152,0.095455,0.903177
ACAGGCACGGATCCTT-1,0.000022,0.093781,0.048243,0.323504,0.342017,0.011019,0.001216,0.180198
ACAGGCTTGCCCGACT-1,0.000015,0.000015,0.028399,0.344273,0.311309,0.000015,0.031825,0.28415
ACAGGTGGAGGTGAGG-1,0.000025,0.000025,0.056051,0.099103,0.260198,0.000025,0.081727,0.502846
ACAGGTGTGTTGTTGC-1,0.000029,0.000029,0.000029,0.791496,0.000029,0.005758,0.000029,0.202604
ACAGTAATACAACTTG-1,0.000044,0.000044,0.175975,0.285745,0.223523,0.000044,0.000044,0.31458
ACAGTATACCGTGGGA-1,0.000022,0.000022,0.058785,0.113877,0.545396,0.000022,0.01734,0.264537
ACATAAGTCGTGGTGA-1,0.000372,0.000372,0.000372,0.132716,0.129054,0.000372,0.000372,0.736371
ACATAATAAGGCGGTG-1,0.000026,0.000026,0.005284,0.021783,0.017157,0.000026,0.448877,0.506822
ACATCAGCTGGGACGC-1,0.000057,0.000057,0.000057,0.298704,0.153297,0.012585,0.000057,0.535187
ACATCCCGGCCATACG-1,0.000018,0.000018,0.012233,0.016378,0.000018,0.000018,0.106354,0.864961
ACATCCTGGTAACTGT-1,0.000009,0.000009,0.0001,0.805305,0.069359,0.000009,0.000009,0.125199
ACATCGATCGTTTACC-1,0.000035,0.000035,0.000035,0.187293,0.032453,0.000035,0.317299,0.462814
ACATCGGTCAGCCGCG-1,0.000045,0.000045,0.070189,0.124454,0.060184,0.000045,0.004875,0.740164
ACATCGTATGCAATGG-1,0.000012,0.000012,0.003853,0.624556,0.113684,0.000012,0.000012,0.257861
ACATCGTTAACCTAGT-1,0.000061,0.000061,0.047023,0.010976,0.000061,0.000061,0.251288,0.690471
ACATCTCAACGCGTAA-1,0.000175,0.069614,0.000175,0.15352,0.000175,0.000175,0.189787,0.586378
ACATGGCGCCAAAGTA-1,0.000016,0.000016,0.004891,0.156626,0.40338,0.000016,0.000016,0.435039
ACATGGCTCAATTTAG-1,0.000043,0.000043,0.005278,0.099224,0.044815,0.000043,0.071062,0.779492
ACATTAGTTTATATCC-1,0.000032,0.000032,0.000032,0.63424,0.000627,0.000032,0.008284,0.356721
ACCAAACACCCAGCGA-1,0.000016,0.000016,0.022048,0.126126,0.619368,0.000016,0.007714,0.224697
ACCAACACCACACACT-1,0.000027,0.000027,0.016963,0.166575,0.343696,0.000027,0.008337,0.464348
ACCAACCGCACTCCAC-1,0.000007,0.000007,0.924147,0.002324,0.071415,0.000007,0.002074,0.00002
ACCAACGCTTATTTAT-1,0.000031,0.000031,0.472243,0.005564,0.136114,0.000031,0.09606,0.289927
ACCAAGAACGCGTGTC-1,0.000017,0.000017,0.016223,0.364877,0.00958,0.002253,0.000772,0.60626
ACCAATATGCAAGTTA-1,0.000028,0.000028,0.000458,0.004841,0.559143,0.000028,0.000028,0.435445
ACCACAACTCAGAACA-1,0.000027,0.000027,0.000027,0.000108,0.000027,0.000027,0.401168,0.59859
ACCACAAGTTTCTATC-1,0.000015,0.000015,0.0452,0.183215,0.042955,0.014294,0.017978,0.696328
ACCACCAATGTAACAA-1,0.000017,0.000017,0.023003,0.197998,0.294854,0.005771,0.000017,0.478323
ACCACCCTCTCTTCTA-1,0.00002,0.00002,0.088281,0.039543,0.464718,0.002086,0.039532,0.3658
ACCACGTGCAGCTATA-1,0.000025,0.000025,0.052684,0.309397,0.1301,0.000025,0.000955,0.50679
ACCACTGTTCAAGAAG-1,0.000026,0.000026,0.000026,0.109004,0.003203,0.001871,0.27394,0.611905
ACCAGACCATAACAAC-1,0.000043,0.000043,0.000043,0.131865,0.013605,0.000043,0.000043,0.854314
ACCAGCCCGGTCTTTG-1,0.000227,0.025137,0.000227,0.255146,0.000227,0.000227,0.000227,0.718583
ACCAGGAGTGTGATCT-1,0.295269,0.000106,0.012481,0.245958,0.003694,0.01391,0.119415,0.309167
ACCAGTGCCCGGTCAA-1,0.000053,0.000053,0.058483,0.118801,0.241933,0.000053,0.000053,0.58057
ACCAGTGCGGGAGACG-1,0.000014,0.000014,0.004291,0.639916,0.146565,0.000014,0.012545,0.19664
ACCATATCCGCAATAA-1,0.000023,0.000023,0.000023,0.143905,0.000023,0.000023,0.000023,0.855954
ACCATCCGCCAACTAG-1,0.000027,0.000027,0.000027,0.88416,0.002438,0.000027,0.000027,0.113269
ACCATCGTATATGGTA-1,0.000043,0.000043,0.031177,0.15144,0.070617,0.000043,0.000043,0.746596
ACCATTAAGGGTGTCA-1,0.000052,0.000052,0.000052,0.000207,0.000052,0.000052,0.009811,0.989724
ACCCAACGCCCGTGGC-1,0.000253,0.000253,0.000253,0.091062,0.000253,0.000253,0.000253,0.907419
ACCCACCTACATGCTC-1,0.000021,0.000021,0.000021,0.423641,0.000021,0.000021,0.000021,0.576231
ACCCATCTTGAGGGTA-1,0.000031,0.000031,0.025164,0.46757,0.033854,0.00245,0.000031,0.470869
ACCCATTTGTCCCTCT-1,0.000022,0.000022,0.027514,0.431933,0.261404,0.000022,0.003709,0.275374
ACCCGGAAACTCCCAG-1,0.000026,0.000026,0.000026,0.480313,0.000374,0.000026,0.048187,0.471023
ACCCGGAGCACCACAA-1,0.000024,0.009477,0.29291,0.001277,0.351287,0.008163,0.196652,0.140211
ACCCGGATGACGCATC-1,0.000015,0.000015,0.016077,0.268965,0.369832,0.000015,0.022442,0.322638
ACCCGGTTACACTTCC-1,0.00003,0.00003,0.076401,0.270911,0.250703,0.00003,0.218285,0.183609
ACCCGTGTCATCAGTA-1,0.000012,0.000012,0.012046,0.476737,0.018047,0.000012,0.007076,0.486059
ACCCTATAGGACTGAG-1,0.000127,0.000127,0.000127,0.000508,0.308544,0.000127,0.147214,0.543226
ACCCTATGCCATATCG-1,0.000013,0.000013,0.959594,0.040299,0.000013,0.000013,0.000013,0.00004
ACCCTCCCTTGCTATT-1,0.000015,0.000015,0.022126,0.383053,0.309498,0.012254,0.01345,0.259589
ACCCTGGTAACGCCCT-1,0.000033,0.000033,0.061044,0.19266,0.486768,0.009476,0.000033,0.249951
ACCCTTCATCTGCGAA-1,0.00002,0.00002,0.00002,0.778119,0.00002,0.00002,0.009369,0.212413
ACCCTTGCCTGGGTCG-1,0.000051,0.003934,0.026255,0.425117,0.307768,0.000051,0.026298,0.210526
ACCCTTTAGTTCTCCA-1,0.000029,0.000029,0.000029,0.23717,0.000029,0.000029,0.34294,0.419745
ACCGAAAGGGCCCTGC-1,0.000038,0.000038,0.000038,0.000153,0.000038,0.000038,0.112248,0.887407
ACCGAAGAGTCTGGTT-1,0.000027,0.000027,0.012467,0.148329,0.38513,0.000027,0.015771,0.438221
ACCGACACATCTCCCA-1,0.00001,0.00001,0.01407,0.376478,0.407125,0.00001,0.096846,0.105452
ACCGACTGAGTCCCAC-1,0.000019,0.000019,0.008303,0.000078,0.000019,0.000019,0.29226,0.699281
ACCGAGTCTCCTTATT-1,0.00001,0.00001,0.010303,0.416353,0.420354,0.000741,0.000023,0.152206
ACCGATAGGCATAACC-1,0.000012,0.000012,0.77608,0.002205,0.146245,0.000012,0.003982,0.071453
ACCGATGGTAGCATCG-1,0.000004,0.000004,0.00001,0.923337,0.00176,0.000004,0.000004,0.074879
ACCGCAATAACTGCCT-1,0.00002,0.00002,0.00002,0.888839,0.023109,0.00002,0.001825,0.086146
ACCGCGGTGGAAGTCG-1,0.000021,0.000021,0.001532,0.158467,0.508825,0.000569,0.020744,0.309822
ACCGGGCCTTTGTTGA-1,0.000011,0.000011,0.005582,0.664372,0.12098,0.000011,0.000011,0.209024
ACCGGTCAGGTACACC-1,0.000018,0.000018,0.022766,0.086755,0.576699,0.000018,0.003397,0.31033
ACCGTTCCCGCTCTGA-1,0.000095,0.000095,0.000095,0.000379,0.000095,0.000095,0.035605,0.963542
ACCTAAGTACCTTTCA-1,0.00002,0.00002,0.064069,0.189343,0.538359,0.00002,0.00002,0.20815
ACCTAATCGACTTCCT-1,0.000016,0.000016,0.071977,0.425555,0.087237,0.02068,0.000016,0.394503
ACCTACAGTATGTGGT-1,0.000026,0.000026,0.098647,0.058045,0.535628,0.031087,0.013161,0.26338
ACCTACTATAAATCTA-1,0.000029,0.000029,0.049475,0.027903,0.079262,0.000029,0.141961,0.701311
ACCTCCGCCCTCGCTG-1,0.00002,0.008346,0.014533,0.512957,0.261332,0.00002,0.039787,0.163004
ACCTCCGTTATTCACC-1,0.000017,0.000017,0.026511,0.610904,0.154796,0.002857,0.000017,0.204883
ACCTGCGTGTCATGTT-1,0.000031,0.000031,0.006046,0.068584,0.571956,0.044338,0.000031,0.308983
ACGAAATGGGCGGCAC-1,0.000017,0.000017,0.000017,0.500312,0.002953,0.002265,0.000017,0.494404
ACGACCCATGAGTTGC-1,0.000054,0.062876,0.320977,0.177586,0.209393,0.012405,0.07361,0.143099
ACGACTCTAGGGCCGA-1,0.000036,0.022698,0.061101,0.434336,0.224686,0.043956,0.017444,0.195743
ACGAGAACCCATCACG-1,0.000037,0.000037,0.000037,0.002992,0.000037,0.000037,0.571812,0.425012
ACGAGATATTTGCTTA-1,0.000028,0.000028,0.000028,0.000113,0.000028,0.000028,0.755736,0.244009
ACGAGGATACCACTCT-1,0.000024,0.000024,0.035603,0.315087,0.415436,0.000024,0.012247,0.221556
ACGAGGTTTACAACGT-1,0.000009,0.000009,0.003312,0.655707,0.236535,0.000009,0.036327,0.068092
ACGAGTACGGATGCCC-1,0.000017,0.000017,0.003958,0.379351,0.356484,0.044947,0.000017,0.215208
ACGAGTCGCCGGCGTT-1,0.00004,0.00004,0.00004,0.00016,0.00004,0.00004,0.00004,0.9996
ACGATACATAGAACTA-1,0.000013,0.000013,0.001595,0.773798,0.020044,0.000013,0.054353,0.150171
ACGATACCTATCCTGA-1,0.000053,0.000053,0.004376,0.106511,0.123223,0.000053,0.151514,0.614217
ACGATCATACATAGAG-1,0.000025,0.000025,0.009487,0.10415,0.023616,0.000025,0.290554,0.572119
ACGATCATCTTGTAAA-1,0.000014,0.000014,0.003487,0.46248,0.224518,0.003403,0.000014,0.30607
ACGATGCATATGTTAT-1,0.000033,0.000033,0.044913,0.260474,0.124614,0.000033,0.000033,0.569866
ACGATGGATCCGATGC-1,0.000031,0.000031,0.000031,0.013457,0.010254,0.000031,0.096476,0.879688
ACGCAATCACTACAGC-1,0.000008,0.000008,0.009832,0.892836,0.076033,0.000008,0.007322,0.013951
ACGCATAAATGACATG-1,0.000031,0.000031,0.058307,0.230697,0.295543,0.005963,0.019714,0.389713
ACGCATACGTTTACTA-1,0.000023,0.001664,0.009008,0.364761,0.142901,0.000023,0.00919,0.472429
ACGCATTCGTGAGTAC-1,0.000014,0.000014,0.000014,0.670869,0.000014,0.000014,0.031776,0.297282
ACGCCACTCGAAACAG-1,0.000057,0.000057,0.027225,0.309564,0.043228,0.000057,0.199122,0.420689
ACGCCAGATGATTTCT-1,0.000035,0.000035,0.000035,0.205487,0.012534,0.000035,0.000035,0.781804
ACGCCGCTAGACGACC-1,0.000029,0.000029,0.000029,0.028181,0.062025,0.061211,0.135217,0.713277
ACGCCTGACACGCGCT-1,0.000466,0.000466,0.000466,0.001865,0.000466,0.000466,0.000466,0.995338
ACGCGAAGTCAGACGA-1,0.000018,0.000018,0.013156,0.308495,0.012339,0.000018,0.043867,0.622089
ACGCGCTACACAGGGT-1,0.000012,0.000012,0.00248,0.827064,0.011387,0.000944,0.000012,0.15809
ACGCGGGCCAAGGACA-1,0.000014,0.000014,0.000014,0.887784,0.000014,0.00145,0.026017,0.084692
ACGCGTTTCTTAAGAG-1,0.000036,0.000036,0.002062,0.12102,0.043016,0.00336,0.292546,0.537923
ACGCTAGTGATACACT-1,0.000015,0.000015,0.017066,0.523882,0.143438,0.003265,0.000944,0.311375
ACGCTGTGAGGCGTAG-1,0.000042,0.000042,0.068814,0.189441,0.042929,0.052286,0.000042,0.646403
ACGGAATTTAGCAAAT-1,0.000015,0.000015,0.000015,0.93091,0.000015,0.000015,0.000015,0.069
ACGGACTCTCAAAGCG-1,0.000015,0.000015,0.032504,0.397548,0.242394,0.000015,0.009224,0.318285
ACGGAGCGCAAATTAC-1,0.000021,0.000021,0.000275,0.622813,0.117209,0.000021,0.095843,0.163797
ACGGATGGTGCGGATA-1,0.000018,0.000018,0.015158,0.117891,0.443208,0.000018,0.000018,0.42367
ACGGCACTTGCTTGGG-1,0.000031,0.000031,0.020317,0.01667,0.06749,0.000031,0.259175,0.636257
ACGGCCAACATGGACT-1,0.000016,0.000016,0.000016,0.340441,0.000016,0.000016,0.000016,0.659464
ACGGCGACGATGGGAA-1,0.000023,0.000023,0.006159,0.224363,0.2406,0.011019,0.000023,0.517791
ACGGCGGGTTGCCCTG-1,0.000042,0.000042,0.000042,0.000167,0.000042,0.000042,0.02083,0.978793
ACGGCTGGATGTAGAA-1,0.000065,0.000065,0.036484,0.639298,0.015316,0.000065,0.128943,0.179765
ACGGGAGTGTCGGCCC-1,0.00003,0.00003,0.067916,0.46682,0.299475,0.00064,0.00003,0.16506
ACGGGCGTATGCGACA-1,0.000039,0.000039,0.005348,0.107528,0.400487,0.000039,0.000039,0.486483
ACGGGTCATGTGACTT-1,0.00004,0.00004,0.000222,0.175641,0.00004,0.00004,0.000867,0.823109
ACGTACAGATTTCTCT-1,0.00002,0.00002,0.006591,0.321962,0.040603,0.00002,0.002661,0.628124
ACGTAGATTGCTGATG-1,0.000028,0.000028,0.000028,0.000113,0.002677,0.000028,0.010603,0.986495
ACGTAGGAGAGTCGCT-1,0.000023,0.000023,0.000023,0.00009,0.000023,0.000023,0.993746,0.006051
ACGTATTACTCCGATC-1,0.000018,0.000018,0.026152,0.106281,0.400918,0.000018,0.004967,0.461628
ACGTCTCGTTCCGGGA-1,0.000019,0.000019,0.000019,0.769002,0.000019,0.000019,0.011225,0.219676
ACGTGACAAAGTAAGT-1,0.000006,0.000006,0.018614,0.896397,0.063988,0.000006,0.007374,0.013608
ACGTGCGCCTCGTGCA-1,0.000072,0.000072,0.000072,0.000286,0.000072,0.000072,0.000072,0.999284
ACGTTAATGTCGAAGA-1,0.000037,0.000037,0.019529,0.059277,0.019133,0.000037,0.376017,0.525934
ACGTTAGATTTGCCCG-1,0.000047,0.000047,0.053156,0.189328,0.266904,0.003732,0.000047,0.48674
ACGTTATTGGTCACTC-1,0.000058,0.000058,0.000058,0.124783,0.000058,0.000058,0.06376,0.811166
ACGTTCCGCGCTCCGT-1,0.000785,0.000785,0.000785,0.00314,0.000785,0.000785,0.000785,0.992151
ACGTTCGCAATCAATT-1,0.000021,0.000021,0.012115,0.145053,0.398183,0.000021,0.009591,0.434995
ACGTTCTGTACAAGTC-1,0.000007,0.000007,0.984316,0.015629,0.000007,0.000007,0.000007,0.000021
ACGTTTAGTTGTGATC-1,0.000069,0.000069,0.000069,0.000275,0.000069,0.000069,0.208257,0.791125
ACTAATACGTCAGGCG-1,0.000207,0.000207,0.047403,0.319628,0.000207,0.000207,0.154798,0.477345
ACTACATCCCGACAAG-1,0.000032,0.000032,0.051818,0.359484,0.122329,0.010147,0.027326,0.428833
ACTACCAGCTCTCTGG-1,0.000019,0.000019,0.035032,0.637612,0.27788,0.000019,0.000019,0.049401
ACTACGCGTTAGAATT-1,0.000008,0.000008,0.012072,0.640798,0.008906,0.000008,0.000008,0.338191
ACTAGTTGCGATCGTC-1,0.000007,0.000007,0.000007,0.856287,0.012183,0.002391,0.000007,0.129111
ACTATATGCTGTGTTC-1,0.000043,0.000043,0.017235,0.730654,0.228831,0.000043,0.000043,0.023106
ACTATCCAGGGCATGG-1,0.00002,0.00002,0.01078,0.025789,0.414453,0.007819,0.00002,0.5411
ACTATCGCCGGCTAAA-1,0.000013,0.000013,0.006275,0.409773,0.006228,0.001601,0.010318,0.565779
ACTATCTGCCCGCGTA-1,0.000025,0.000025,0.106167,0.040014,0.480074,0.000025,0.019662,0.354009
ACTATGTCCAGCTGCC-1,0.00005,0.00005,0.057509,0.326104,0.179828,0.00005,0.011133,0.425275
ACTATTCGTCCGTGGT-1,0.000068,0.000068,0.000068,0.000273,0.000068,0.000068,0.000068,0.999317
ACTCAACGAATGTATT-1,0.000033,0.000033,0.016185,0.104781,0.030966,0.000033,0.225807,0.62216
ACTCAAGTGCAAGGCT-1,0.000006,0.000006,0.037,0.862635,0.095441,0.000006,0.004887,0.000018
ACTCAATAAAGGCACG-1,0.000028,0.000028,0.000028,0.000527,0.004312,0.000028,0.000028,0.995022
ACTCAGACCTGCTTCT-1,0.000088,0.000088,0.029974,0.375828,0.204296,0.000088,0.000088,0.38955
ACTCCCATTCCTAAAG-1,0.000029,0.000029,0.017516,0.139066,0.317031,0.000029,0.000029,0.52627
ACTCCCGAATTCGTTT-1,0.000016,0.000016,0.0222,0.408107,0.260963,0.000016,0.000016,0.308664
ACTCCCGTAGACTAGG-1,0.000012,0.000012,0.022339,0.552645,0.240843,0.000012,0.134839,0.049298
ACTCCCTAATGCTAAA-1,0.000016,0.000016,0.025838,0.361751,0.258503,0.000016,0.054154,0.299707
ACTCCCTAGAATAGTA-1,0.000041,0.000041,0.000041,0.267328,0.045001,0.000041,0.000041,0.687466
