Barcode,Topic 1,Topic 2to4,Topic 5to8
AAACAACGAATAGTTC-1,0.000288,0.80928,0.190432
AAACAAGTATCTCCCA-1,0.002319,0.56109,0.436591
AAACAATCTACTAGCA-1,0.055551,0.888153,0.056296
AAACACCAATAACTGC-1,0.056142,0.769141,0.174717
AAACAGCTTTCAGAAG-1,0.16449,0.834996,0.000514
AAACAGGGTCTATATT-1,0.002556,0.987222,0.010222
AAACAGTGTTCCTGGG-1,0.000294,0.864621,0.135085
AAACATGGTGAGAGGA-1,0.000025,0.999875,0.0001
AAACATTTCCCGGATT-1,0.004318,0.978409,0.017273
AAACCCGAACGAAATC-1,0.000398,0.001192,0.99841
AAACCGGAAATGTTAA-1,0.002364,0.988185,0.009451
AAACCGGGTAGGTACC-1,0.035826,0.80387,0.160304
AAACCTAAGCAGCCGG-1,0.100057,0.525703,0.37424
AAACCTCATGAAGTTG-1,0.001204,0.806352,0.192444
AAACGAAGAACATACC-1,0.000642,0.784815,0.214542
AAACGAAGATGGAGTA-1,0.000259,0.302988,0.696753
AAACGAGACGGTTGAT-1,0.000105,0.999473,0.000421
AAACGCTGGGCACGAC-1,0.000159,0.958264,0.041577
AAACGGGCGTACGGGT-1,0.001149,0.830128,0.168723
AAACGGGTTGGTATCC-1,0.06399,0.03197,0.90404
AAACGGTTGCGAACTG-1,0.241534,0.757638,0.000828
AAACGTGTTCGCCCTA-1,0.002723,0.208368,0.788909
AAACTCGGTTCGCAAT-1,0.002408,0.98796,0.009632
AAACTCGTGATATAAG-1,0.100152,0.747467,0.15238
AAACTGCTGGCTCCAA-1,0.188433,0.660137,0.15143
AAACTTAATTGCACGC-1,0.186426,0.66766,0.145914
AAACTTGCAAACGTAT-1,0.000474,0.646289,0.353236
AAAGAATGACCTTAGA-1,0.000559,0.997205,0.002236
AAAGAATGTGGACTAA-1,0.000388,0.621159,0.378454
AAAGACCCAAGTCGCG-1,0.003913,0.526626,0.46946
AAAGACTGGGCGCTTT-1,0.001216,0.993922,0.004862
AAAGCTTGCCTACATA-1,0.001669,0.991653,0.006678
AAAGGCTACGGACCAT-1,0.205308,0.79263,0.002062
AAAGGCTCTCGCGCCG-1,0.396764,0.509552,0.093685
AAAGGGCAGCTTGAAT-1,0.001984,0.444592,0.553424
AAAGTAGCATTGCTCA-1,0.00013,0.948464,0.051405
AAAGTCACTGATGTAA-1,0.003913,0.705449,0.290639
AAAGTCGACCCTCAGT-1,0.008937,0.955279,0.035785
AAAGTGCCATCAATTA-1,0.00027,0.998651,0.001079
AAAGTGTGATTTATCT-1,0.000934,0.995328,0.003737
AAAGTTGACTCCCGTA-1,0.136236,0.85832,0.005444
AAATAAGGTAGTGCCC-1,0.000473,0.001418,0.99811
AAATACCTATAAGCAT-1,0.255455,0.314636,0.42991
AAATAGCTTAGACTTT-1,0.004814,0.738711,0.256475
AAATAGGGTGCTATTG-1,0.00429,0.681385,0.314325
AAATCCGATACACGCC-1,0.001788,0.991056,0.007156
AAATCGCGGAAGGAGT-1,0.000684,0.99419,0.005126
AAATCTAGCCCTGCTA-1,0.130239,0.639433,0.230328
AAATGACTGATCAAAC-1,0.000493,0.997535,0.001972
AAATGATTCGATCAGC-1,0.000374,0.998131,0.001495
AAATGCTCGTTACGTT-1,0.004009,0.994343,0.001648
AAATGGCATGTCTTGT-1,0.040792,0.935478,0.023731
AAATGGCCCGTGCCCT-1,0.003384,0.728674,0.267942
AAATGTATCTTATCCC-1,0.001585,0.715163,0.283251
AAATGTGGGTGCTCCT-1,0.000684,0.758354,0.240962
AAATTAATAAGCGCGA-1,0.061821,0.856334,0.081845
AAATTACCTATCGATG-1,0.000328,0.917541,0.082131
AAATTCCAGGTCCAAA-1,0.003794,0.981026,0.01518
AAATTGATAGTCCTTT-1,0.039675,0.493837,0.466488
AAATTGCGGCGGTTCT-1,0.000515,0.001546,0.997938
AAATTGGTGAGAAGCA-1,0.000439,0.997803,0.001757
AAATTTGCGGGTGTGG-1,0.000069,0.956215,0.043716
AACAACTGGTAGTTGC-1,0.098623,0.601192,0.300184
AACAATTACTCTACGC-1,0.000022,0.100194,0.899784
AACACACGCTCGCCGC-1,0.000773,0.483749,0.515478
AACACGACTGTACTGA-1,0.252856,0.657677,0.089467
AACACGAGACGCGGCC-1,0.038992,0.456578,0.504431
AACACGCGGCCGCGAA-1,0.001987,0.990063,0.00795
AACAGGAAATCGAATA-1,0.124995,0.724065,0.15094
AACAGGATGGGCCGCG-1,0.00001,0.050659,0.949331
AACAGGTAGTATGGAT-1,0.001456,0.004368,0.994177
AACATAGCGTGTATCG-1,0.038128,0.642817,0.319055
AACATATCAACTGGTG-1,0.006588,0.705521,0.28789
AACATCGATACGTCTA-1,0.001789,0.728477,0.269733
AACATTGGTCAGCCGT-1,0.001252,0.993739,0.005009
AACATTGTGACTCGAG-1,0.130675,0.591527,0.277798
AACCAAGACTTCTCTG-1,0.070338,0.926909,0.002752
AACCATAGGGTTGAAC-1,0.232668,0.594852,0.17248
AACCATGGGATCGCTA-1,0.000429,0.266992,0.732579
AACCCAGAGACGGAGA-1,0.00084,0.70392,0.295239
AACCCATCCCATGATC-1,0.001474,0.992633,0.005893
AACCCGACAACCCGTG-1,0.034603,0.963676,0.001721
AACCCGAGCAGAATCG-1,0.000656,0.266483,0.732862
AACCCGCTGTATTCCA-1,0.013139,0.900036,0.086825
AACCCTACTGTCAATA-1,0.000076,0.009893,0.990031
AACCCTGGTGGAACCA-1,0.000216,0.998919,0.000865
AACCGCTAAGGGATGC-1,0.002362,0.988185,0.009453
AACCGTTGTGTTTGCT-1,0.000882,0.588836,0.410281
AACCTCGCTTTAGCCC-1,0.000125,0.559876,0.439999
AACCTGTCACGGAATT-1,0.002555,0.987221,0.010224
AACCTTTAAATACGGT-1,0.096247,0.8856,0.018153
AACCTTTACGACGTCT-1,0.263892,0.629696,0.106412
AACGAAAGTCGTCCCA-1,0.046843,0.000437,0.95272
AACGACCTCCTAGCCG-1,0.000438,0.997811,0.001751
AACGATAATGCCGTAG-1,0.206918,0.71262,0.080461
AACGATAGAAGGGCCG-1,0.163391,0.618703,0.217906
AACGCATGATCTGGGT-1,0.001987,0.990062,0.007951
AACGCGAACGGCAACA-1,0.001018,0.994909,0.004073
AACGCGACCTTGGGCG-1,0.000882,0.847006,0.152112
AACGCTGTTGCTGAAA-1,0.000321,0.833808,0.165871
AACGGACGTACGTATA-1,0.000783,0.936062,0.063156
AACGGCCATCTCCGGT-1,0.089922,0.884452,0.025627
AACGTAGTCTACCCAT-1,0.000118,0.999411,0.000472
AACGTCAGACTAGTGG-1,0.070551,0.588891,0.340558
AACGTCATCCGGCTTG-1,0.033343,0.672144,0.294513
AACGTCGCTGCACTTC-1,0.257359,0.740289,0.002352
AACGTGCGAAAGTCTC-1,0.030335,0.967897,0.001767
AACGTTATCAGCACCT-1,0.000847,0.315619,0.683535
AACGTTCTACCATTGT-1,0.00101,0.994952,0.004039
AACTACCCGTTTGTCA-1,0.003479,0.982603,0.013918
AACTAGCGTATCGCAC-1,0.052383,0.946022,0.001595
AACTAGGCTTGGGTGT-1,0.474833,0.52492,0.000247
AACTCCAGAGCGTGTT-1,0.00068,0.099434,0.899886
AACTCGATAAACACGT-1,0.093259,0.134465,0.772276
AACTCGATGGCGCAGT-1,0.001692,0.898048,0.10026
AACTCTCAATAGAGCG-1,0.001988,0.99006,0.007952
AACTGAGTTATACTGA-1,0.001252,0.99374,0.005009
AACTGATATTAGGCCT-1,0.278365,0.707743,0.013892
AACTGGGTCCCGACGT-1,0.384672,0.615081,0.000248
AACTGGTGTGGGCCTT-1,0.168923,0.821971,0.009106
AACTTCTGCGTCTATC-1,0.001474,0.194738,0.803788
AACTTGCCCGTATGCA-1,0.009766,0.475036,0.515198
AACTTGCGTTCTCGCG-1,0.00107,0.63643,0.362499
AACTTTACGGGAGCTT-1,0.003053,0.98473,0.012217
AACTTTAGCTGCTGAG-1,0.000544,0.675334,0.324122
AACTTTCTCGATCATG-1,0.00072,0.531848,0.467433
AAGAAATCACCAGATT-1,0.002722,0.986386,0.010892
AAGAAGGATCAGTTAG-1,0.000895,0.995528,0.003578
AAGACATACGTGGTTT-1,0.065288,0.399292,0.53542
AAGACCAAATAACTCA-1,0.047051,0.297352,0.655596
AAGACCCAACTGAACA-1,0.131271,0.868566,0.000163
AAGACTAACCCGTTGT-1,0.117482,0.881278,0.00124
AAGAGATGAATCGGTA-1,0.000027,0.122938,0.877035
AAGAGCTCTTTATCGG-1,0.050642,0.947685,0.001672
AAGAGGATGTACGCGA-1,0.014782,0.580434,0.404784
AAGAGGCATGGATCGC-1,0.00011,0.917249,0.082641
AAGAGGCCCTTTGGAA-1,0.002319,0.988406,0.009275
AAGATTGGCGGAACGT-1,0.06172,0.478757,0.459523
AAGCACCCTGCGTATC-1,0.073245,0.623067,0.303688
AAGCATACTCTCCTGA-1,0.038957,0.504415,0.456628
AAGCCGAAGCGGTTTA-1,0.00321,0.983948,0.012842
AAGCCGCTTTACCTTG-1,0.001842,0.814599,0.183559
AAGCCGGAGAGCAGGA-1,0.000315,0.998423,0.001262
AAGCGCAGGGCTTTGA-1,0.000212,0.871914,0.127874
AAGCGGAGTGCGCGCA-1,0.020006,0.633929,0.346065
AAGCTAGATCGAGTAA-1,0.350802,0.575826,0.073372
AAGCTCGTGCCAAGTC-1,0.071892,0.865512,0.062596
AAGCTCTTTCATGGTG-1,0.000017,0.000051,0.999932
AAGGAGAACTTATAAG-1,0.000244,0.842592,0.157164
AAGGAGCGGTTGGTGC-1,0.702228,0.156744,0.141028
AAGGATCGATCGCTTG-1,0.002277,0.988616,0.009107
AAGGATGAGGGACCTC-1,0.000339,0.998303,0.001358
AAGGCAGGCTGTCTCC-1,0.002608,0.534902,0.46249
AAGGCGCGTAAAGCTT-1,0.031453,0.23833,0.730217
AAGGCTGTGCTCATCG-1,0.489636,0.413977,0.096387
AAGGGAACGACTGGCT-1,0.206734,0.518774,0.274492
AAGGGACAGATTCTGT-1,0.171835,0.728774,0.099391
AAGGGACTATGCATTC-1,0.00016,0.999202,0.000638
AAGGGTTAGCCATGCG-1,0.000295,0.918399,0.081306
AAGGGTTTGATTTCAG-1,0.000552,0.997242,0.002206
AAGGTATCCTAATATA-1,0.322369,0.668388,0.009243
AAGGTGATAAACCAGC-1,0.00033,0.409783,0.589887
AAGTAAGCTTCCAAAC-1,0.011367,0.838228,0.150405
AAGTAGAAGACCGGGT-1,0.046321,0.826158,0.127521
AAGTAGTGACGCGAGG-1,0.023515,0.404071,0.572414
AAGTCAATTGTCGTCA-1,0.001391,0.665211,0.333398
AAGTCTAGTAGCTGCC-1,0.001376,0.993118,0.005505
AAGTCTTCTGTGGCCT-1,0.002782,0.986087,0.011131
AAGTGACGACCGAATT-1,0.041163,0.841764,0.117074
AAGTGAGTCGGGTTTA-1,0.000852,0.65531,0.343838
AAGTGCAAAGGTAGAC-1,0.002912,0.985438,0.01165
AAGTGCCTTGACTGTA-1,0.001509,0.205451,0.793039
AAGTGCGTTAGAATCT-1,0.000224,0.985893,0.013883
AAGTGCTTCTCTATTG-1,0.001766,0.991174,0.00706
AAGTGTTTGGAGACGG-1,0.012407,0.150951,0.836641
AAGTTCACTCCAAGCT-1,0.000261,0.373317,0.626422
AAGTTCAGTCTGCGTA-1,0.000813,0.222309,0.776878
AAGTTCGGCCAACAGG-1,0.046379,0.764821,0.1888
AAGTTGTGATGTTATA-1,0.002019,0.989901,0.00808
AAGTTTACTAATGGCA-1,0.001376,0.809162,0.189462
AAGTTTATGGGCCCAA-1,0.089571,0.784342,0.126087
AATAACAACGCTCGGC-1,0.000086,0.068113,0.931801
AATAACGTCGCGCCCA-1,0.000313,0.998435,0.001252
AATAAGTCCTCGAGAC-1,0.000206,0.957359,0.042435
AATAATCTTCGTATCG-1,0.000732,0.576846,0.422422
AATACAATGTTTCAGG-1,0.00072,0.577435,0.421845
AATACCGGAGGGCTGT-1,0.167598,0.617941,0.214461
AATACCTGATGTGAAC-1,0.000157,0.960499,0.039343
AATAGAATCTGTTTCA-1,0.000112,0.000336,0.999552
AATAGCTACCGCGTGC-1,0.001304,0.541669,0.457027
AATAGGCACGACCCTT-1,0.002122,0.989388,0.00849
AATAGTCCGTCCCGAC-1,0.485324,0.514502,0.000174
AATAGTCGCGAGTCGG-1,0.004317,0.012953,0.98273
AATATCAAGGTCGGAT-1,0.003296,0.983527,0.013177
AATATCCTAGCAAACT-1,0.001669,0.991653,0.006678
AATATCGAATCAATGC-1,0.002981,0.985099,0.01192
AATATCGAGGGTTCTC-1,0.00072,0.996402,0.002878
AATATTGGAGTATTGA-1,0.000537,0.997313,0.00215
AATCAGACTGCAGGAC-1,0.001605,0.991975,0.006421
AATCATGTAAAGACTC-1,0.000632,0.996838,0.00253
AATCCAAGGGCCTGAG-1,0.098639,0.789849,0.111512
AATCCATGCAAGGGTG-1,0.002556,0.987222,0.010222
AATCCCGCTCAGAGCC-1,0.101827,0.310033,0.58814
AATCGAGGTCTCAAGG-1,0.000076,0.974477,0.025447
AATCGCCTCAGCGCCA-1,0.00012,0.9994,0.00048
AATCGCGCAGAGGACT-1,0.000348,0.831571,0.168081
AATCGGGACACTACGA-1,0.094772,0.903426,0.001802
AATCGGTATAGCCCTC-1,0.000365,0.869337,0.130298
AATCGTGAGCCGAGCA-1,0.001715,0.991423,0.006863
AATCTAGGTTTACTTG-1,0.000599,0.19689,0.802511
AATCTATGCCGGAGCC-1,0.015655,0.921697,0.062649
AATCTCTACTGTGGTT-1,0.003129,0.984348,0.012523
AATCTGCGTTGGGACG-1,0.100868,0.004318,0.894815
AATCTGGCTTTCTAGT-1,0.003577,0.531477,0.464946
AATGACAGCAATGTCT-1,0.001121,0.942525,0.056354
AATGACGTAGGATGTC-1,0.000098,0.992525,0.007377
AATGACTGTCAGCCGG-1,0.170493,0.473976,0.355531
AATGAGTTCGCATATG-1,0.001318,0.993409,0.005273
AATGATGATACGCTAT-1,0.025401,0.805297,0.169302
AATGATGCGACTCCTG-1,0.000533,0.001599,0.997868
AATGCACCAAGCAATG-1,0.013025,0.974296,0.012679
AATGGTCCACCGTTCA-1,0.001228,0.993861,0.004911
AATGGTTCTCACAAGC-1,0.000058,0.273751,0.726191
AATGTATGGCACTGTA-1,0.00108,0.564476,0.434444
AATGTGCCCGAGGTGT-1,0.095409,0.543059,0.361533
AATGTTAAGACCCTGA-1,0.082821,0.532786,0.384392
AATGTTGTCGTGAGAC-1,0.002052,0.989739,0.008209
AATTAACGGATTTCCA-1,0.163727,0.740438,0.095835
AATTACGAGACCCATC-1,0.000309,0.248037,0.751654
AATTACTCGTACGCTC-1,0.001605,0.991972,0.006423
AATTAGCGCTGCAGCG-1,0.628558,0.343273,0.028169
AATTATACCCAGCAAG-1,0.00017,0.740432,0.259398
AATTCATAAGGGATCT-1,0.000291,0.868779,0.13093
AATTCATTGTCATGCA-1,0.221961,0.374615,0.403424
AATTCCAACTTGGTGA-1,0.001841,0.990792,0.007367
AATTCCAAGCATGTAC-1,0.216738,0.782828,0.000434
AATTCGATTCGAGGAT-1,0.000121,0.000363,0.999516
AATTGAACGCTCTGGT-1,0.000022,0.032952,0.967027
AATTGCAGCAATCGAC-1,0.001026,0.550004,0.44897
AATTGTGGTTGCCAAA-1,0.001227,0.993863,0.00491
AATTTGGTTCCAAAGA-1,0.006572,0.691046,0.302382
ACAAACCATGCGTCCT-1,0.226523,0.500203,0.273274
ACAAACCGACAAGGCG-1,0.000239,0.998805,0.000956
ACAAACTCCATCAGAG-1,0.001138,0.99431,0.004552
ACAAAGAAGGTAGGCC-1,0.001089,0.885977,0.112935
ACAAAGCATGACCTAG-1,0.1278,0.869993,0.002207
ACAAATCGCACCGAAT-1,0.049085,0.026907,0.924008
ACAAATGGTAGTGTTT-1,0.001581,0.317649,0.68077
ACAACGGTCCCTGCGA-1,0.018395,0.137527,0.844078
ACAAGCAGTGCCTAGC-1,0.003031,0.071255,0.925714
ACAAGCTATATGGAAG-1,0.003055,0.984724,0.012221
ACAAGGAAATCCGCCC-1,0.131296,0.852461,0.016243
ACAAGGACAAGAGGTT-1,0.037811,0.55192,0.410269
ACAAGGATGCTTTAGG-1,0.000118,0.240618,0.759264
ACAAGGGCAGGCTCTG-1,0.003798,0.921953,0.074249
ACAATAGTCGTACGTT-1,0.001407,0.992965,0.005628
ACAATCCATTTAAACC-1,0.00703,0.665311,0.327659
ACAATCGATCTTTATA-1,0.000684,0.996579,0.002737
ACAATGAATACGGAGA-1,0.00013,0.783324,0.216546
ACAATTGTGTCTCTTT-1,0.005215,0.358187,0.636598
ACAATTTAGGAGGCTC-1,0.002455,0.634968,0.362577
ACAATTTGAGCAGTGG-1,0.049969,0.862889,0.087142
ACAATTTGGCCATATT-1,0.002087,0.989566,0.008347
ACACAAAGACGGGTGG-1,0.340036,0.502582,0.157382
ACACAAATATTCCTAG-1,0.001869,0.990656,0.007475
ACACACCAGGACCAGT-1,0.000533,0.550488,0.448979
ACACACTTTCTACACG-1,0.025318,0.380069,0.594613
ACACATGATCAAATCT-1,0.000057,0.948567,0.051376
ACACATTGACGCAACA-1,0.001898,0.695571,0.302532
ACACATTTCCGTAGAC-1,0.151703,0.847222,0.001075
ACACCACATAATTAGC-1,0.000489,0.001468,0.998043
ACACCCAGCATGCAGC-1,0.398991,0.552155,0.048854
ACACCCGAGAAATCCG-1,0.011553,0.836296,0.152152
ACACCGAGCGCTCTTT-1,0.004815,0.975928,0.019257
ACACCGGTCTGACCGC-1,0.08479,0.723515,0.191694
ACACCTTAAGTAGGGC-1,0.029261,0.751162,0.219577
ACACCTTACTACTTGC-1,0.002362,0.775636,0.222002
ACACGGCACTATGCAT-1,0.003654,0.879567,0.116779
ACACGTAGGCCACAAG-1,0.001816,0.990926,0.007259
ACACTCCAATGTCACT-1,0.001305,0.645276,0.35342
ACACTGGGACAGTCGT-1,0.001738,0.991304,0.006958
ACAGAACTGAGAACAA-1,0.000048,0.87554,0.124411
ACAGATTAGGTTAGTG-1,0.000293,0.849304,0.150403
ACAGCATAGAGCCAGT-1,0.00084,0.995798,0.003361
ACAGCGACATTCTCAT-1,0.004638,0.976806,0.018556
ACAGGAGGCGCAGCCG-1,0.000471,0.997646,0.001883
ACAGGCACGGATCCTT-1,0.000788,0.752509,0.246703
ACAGGCTTGCCCGACT-1,0.026706,0.502464,0.470829
ACAGGTGTGTTGTTGC-1,0.00391,0.980446,0.015643
ACAGTAATACAACTTG-1,0.003212,0.705948,0.29084
ACAGTATACCGTGGGA-1,0.000381,0.813643,0.185976
ACATAAGTCGTGGTGA-1,0.002846,0.985769,0.011385
ACATAATAAGGCGGTG-1,0.650853,0.348998,0.00015
ACATACAATCAAGCGG-1,0.00022,0.897136,0.102643
ACATCAGCTGGGACGC-1,0.001605,0.402838,0.595557
ACATCCCGGCCATACG-1,0.873144,0.101696,0.025159
ACATCCTGGTAACTGT-1,0.002783,0.473774,0.523443
ACATCGGTCAGCCGCG-1,0.047716,0.746668,0.205616
ACATCGTATGCAATGG-1,0.013051,0.9867,0.000249
ACATCGTTAACCTAGT-1,0.000237,0.998816,0.000947
ACATCTCAACGCGTAA-1,0.000971,0.781654,0.217376
ACATGGCGCCAAAGTA-1,0.167806,0.829775,0.00242
ACATGGCTCAATTTAG-1,0.004318,0.978416,0.017266
ACATTTGAAACCTAAC-1,0.000209,0.918037,0.081755
ACCAAACACCCAGCGA-1,0.000517,0.535818,0.463665
ACCAAACTAGAAATCC-1,0.001815,0.853078,0.145107
ACCAACACCACACACT-1,0.002319,0.006958,0.990723
ACCAACCGCACTCCAC-1,0.000562,0.001685,0.997754
ACCAAGAACGCGTGTC-1,0.0601,0.737961,0.201938
ACCAAGTCATCGGCAG-1,0.000688,0.712522,0.28679
ACCAATATGCAAGTTA-1,0.023076,0.648723,0.328201
ACCACACGGTTGATGG-1,0.000288,0.998557,0.001154
ACCACCAATGTAACAA-1,0.00075,0.690976,0.308274
ACCACCCTCTCTTCTA-1,0.049792,0.510169,0.440039
ACCACGTGCAGCTATA-1,0.000159,0.999203,0.000637
ACCACTGTTCAAGAAG-1,0.099237,0.891868,0.008895
ACCAGACCATAACAAC-1,0.001692,0.866436,0.131872
ACCAGCCCGGTCTTTG-1,0.001149,0.994256,0.004596
ACCAGGAGTGTGATCT-1,0.000302,0.525127,0.474571
ACCAGTGCGGGAGACG-1,0.00202,0.989901,0.008079
ACCATCCGCCAACTAG-1,0.003478,0.982604,0.013919
ACCATTAAGGGTGTCA-1,0.00447,0.660594,0.334936
ACCCAACGCCCGTGGC-1,0.019202,0.977368,0.003431
ACCCACCTACATGCTC-1,0.017118,0.160381,0.822501
ACCCATCTTGAGGGTA-1,0.00292,0.954604,0.042476
ACCCATTTGTCCCTCT-1,0.000994,0.995031,0.003975
ACCCGGAAACTCCCAG-1,0.01216,0.91625,0.071591
ACCCGGAGCACCACAA-1,0.000099,0.999505,0.000396
ACCCGGATGACGCATC-1,0.000221,0.948262,0.051517
ACCCGTAGTCTAGTTG-1,0.000214,0.356152,0.643635
ACCCGTGTCATCAGTA-1,0.397983,0.601713,0.000303
ACCCTATAGGACTGAG-1,0.067528,0.406294,0.526178
ACCCTCCCGTCAGGGC-1,0.000745,0.841396,0.157858
ACCCTCCCTTGCTATT-1,0.000037,0.125288,0.874675
ACCCTGGTAACGCCCT-1,0.001508,0.880188,0.118303
ACCCTTCATCTGCGAA-1,0.000106,0.266225,0.733669
ACCCTTGCCTGGGTCG-1,0.000971,0.995147,0.003883
ACCGAAAGGGCCCTGC-1,0.004474,0.977642,0.017884
ACCGAAGAGTCTGGTT-1,0.003131,0.655948,0.340921
ACCGACACATCTCCCA-1,0.142141,0.632681,0.225178
ACCGAGTCTCCTTATT-1,0.000459,0.997706,0.001835
ACCGATAGGCATAACC-1,0.181017,0.210503,0.60848
ACCGATATTTAATCAT-1,0.002722,0.53197,0.465308
ACCGATGGTAGCATCG-1,0.001473,0.787059,0.211468
ACCGCAATAACTGCCT-1,0.189311,0.641974,0.168715
ACCGCGGTGGAAGTCG-1,0.002555,0.987221,0.010224
ACCGGGCCTTTGTTGA-1,0.135828,0.527681,0.336491
ACCGGTCAGGTACACC-1,0.156935,0.727139,0.115926
ACCGTCCACTGGGCCC-1,0.001035,0.994825,0.00414
ACCGTGACCACGTGGG-1,0.100568,0.805548,0.093884
ACCGTTCCCGCTCTGA-1,0.001842,0.824383,0.173775
ACCTAAGTACCTTTCA-1,0.000104,0.90567,0.094225
ACCTAATCGACTTCCT-1,0.000016,0.068874,0.93111
ACCTACAGTATGTGGT-1,0.002505,0.987476,0.010019
ACCTACTATAAATCTA-1,0.001869,0.990656,0.007475
ACCTCAGCGAGGCGCA-1,0.000106,0.999472,0.000422
ACCTCCGCCCTCGCTG-1,0.000895,0.002684,0.996422
ACCTCCGTTATTCACC-1,0.003212,0.715688,0.2811
ACCTCGAACTTATGCT-1,0.093649,0.674037,0.232314
ACCTGCGTGTCATGTT-1,0.000385,0.4685,0.531115
ACCTTTCCTTTAGAAG-1,0.001491,0.992546,0.005962
ACGAAATGGGCGGCAC-1,0.000163,0.940804,0.059033
ACGACCCATGAGTTGC-1,0.040821,0.956051,0.003128
ACGACTCTAGGGCCGA-1,0.000646,0.899086,0.100269
ACGAGAACCCATCACG-1,0.001053,0.994739,0.004209
ACGAGGATACCACTCT-1,0.000111,0.306669,0.693221
ACGAGGTTTACAACGT-1,0.003385,0.983077,0.013538
ACGAGTACGGATGCCC-1,0.002407,0.98796,0.009633
ACGAGTCGCCGGCGTT-1,0.001956,0.628348,0.369696
ACGATACATAGAACTA-1,0.066669,0.931818,0.001513
ACGATACCTATCCTGA-1,0.001278,0.534659,0.464063
ACGATCATCTTGTAAA-1,0.003054,0.984729,0.012217
ACGATGGATCCGATGC-1,0.09279,0.905599,0.00161
ACGCAAACTAATAGAT-1,0.147673,0.414124,0.438203
ACGCAATCACTACAGC-1,0.002087,0.75642,0.241494
ACGCATACGTTTACTA-1,0.315253,0.283064,0.401683
ACGCCACTCGAAACAG-1,0.000442,0.997788,0.00177
ACGCCAGATGATTTCT-1,0.000636,0.996822,0.002542
ACGCCAGTGCGTTTGC-1,0.000787,0.996062,0.00315
ACGCCCAGCTGTCGAT-1,0.001546,0.992272,0.006182
ACGCCGCTAGACGACC-1,0.105144,0.534556,0.3603
ACGCCTGACACGCGCT-1,0.050225,0.713321,0.236454
ACGCGCTACACAGGGT-1,0.022435,0.862492,0.115073
ACGCGTTTCTTAAGAG-1,0.00298,0.98509,0.01193
ACGCTACTGAATGGGC-1,0.044393,0.907454,0.048154
ACGCTAGTGATACACT-1,0.001278,0.003833,0.994889
ACGCTGTGAGGCGTAG-1,0.003793,0.861662,0.134545
ACGGAACACGAGTGCC-1,0.000373,0.880764,0.118863
ACGGAATTTAGCAAAT-1,0.000435,0.971741,0.027825
ACGGACTCTCAAAGCG-1,0.027674,0.17076,0.801566
ACGGAGCGCAAATTAC-1,0.000517,0.774418,0.225064
ACGGATGGTGCGGATA-1,0.011265,0.122909,0.865826
ACGGCGACGATGGGAA-1,0.000055,0.999725,0.00022
ACGGCGGGTTGCCCTG-1,0.000154,0.999229,0.000617
ACGGCTGGATGTAGAA-1,0.000617,0.189253,0.810131
ACGGGAGTGTCGGCCC-1,0.042644,0.82754,0.129816
ACGGGCGTATGCGACA-1,0.000265,0.830729,0.169005
ACGGGTCATGTGACTT-1,0.003478,0.98261,0.013912
ACGGTACAGTTCAATG-1,0.000659,0.840455,0.158886
ACGTACAGATTTCTCT-1,0.001692,0.99154,0.006768
ACGTAGGAGAGTCGCT-1,0.000174,0.999129,0.000697
ACGTATTACTCCGATC-1,0.00167,0.796151,0.20218
ACGTCCTAAACGAGAT-1,0.001455,0.99272,0.005825
ACGTCTCGTTCCGGGA-1,0.001841,0.829316,0.168843
ACGTGACAAAGTAAGT-1,0.001565,0.992174,0.00626
ACGTGCGCCTCGTGCA-1,0.011879,0.923349,0.064772
ACGTGGTCGAATGTGC-1,0.000127,0.998267,0.001605
ACGTTAGATTTGCCCG-1,0.117759,0.786175,0.096066
ACGTTATTGGTCACTC-1,0.745882,0.227752,0.026366
ACGTTCACTATGCCGC-1,0.002982,0.985095,0.011924
ACGTTCCGCGCTCCGT-1,0.001627,0.991868,0.006506
ACGTTCGCAATCAATT-1,0.001035,0.254976,0.74399
ACGTTCGTTCAGGAAA-1,0.152425,0.846892,0.000683
ACGTTCTGTACAAGTC-1,0.00101,0.762176,0.236814
ACGTTTAGTTGTGATC-1,0.19765,0.796526,0.005824
ACGTTTCGGTGCACTT-1,0.000474,0.997628,0.001897
ACTAAGGACGCACACC-1,0.000073,0.710441,0.289486
ACTACAAAGAGAGGTG-1,0.048482,0.696284,0.255234
ACTACATCCCGACAAG-1,0.158627,0.630474,0.210899
ACTACCAGCTCTCTGG-1,0.066069,0.670473,0.263458
ACTACGCGTTAGAATT-1,0.277125,0.629508,0.093367
ACTAGTTGCGATCGTC-1,0.003054,0.984728,0.012218
ACTATATGCTGTGTTC-1,0.115852,0.706988,0.17716
ACTATCCAGGGCATGG-1,0.005008,0.97496,0.020031
ACTATCGCCGGCTAAA-1,0.011495,0.353778,0.634727
ACTATCTGCCCGCGTA-1,0.005007,0.974967,0.020025
ACTATGTCCAGCTGCC-1,0.125179,0.689489,0.185332
ACTATTCGTCCGTGGT-1,0.000914,0.99543,0.003656
ACTATTTCCGGGCCCA-1,0.035113,0.819922,0.144964
ACTCAACGAATGTATT-1,0.001098,0.994509,0.004393
ACTCAAGTGCAAGGCT-1,0.000305,0.439322,0.560372
ACTCAGACCTGCTTCT-1,0.002363,0.988186,0.009452
ACTCCCATTCCTAAAG-1,0.170637,0.360747,0.468617
ACTCCCGAATTCGTTT-1,0.005009,0.974952,0.020039
ACTCCCGTAGACTAGG-1,0.000716,0.684085,0.3152
ACTCCCTAATGCTAAA-1,0.145251,0.854369,0.000379
ACTCCCTAGAATAGTA-1,0.20042,0.745119,0.054461
ACTCCGGCCGACCACT-1,0.026364,0.666188,0.307447
ACTCGATGTATTTCAT-1,0.003295,0.983525,0.01318
ACTCGCCGTTCGATAA-1,0.263938,0.731002,0.005061
ACTCGCGATCTGACGC-1,0.179926,0.810056,0.010018
ACTCGTAACCCGTCCT-1,0.063561,0.728756,0.207683
ACTCGTCAGTAATCCC-1,0.144526,0.763932,0.091542
ACTCTAAACCTGGGAT-1,0.001764,0.991181,0.007055
ACTCTCTGACTTAGGT-1,0.000099,0.92036,0.079541
ACTCTGACCTAATAGA-1,0.00097,0.995146,0.003883
ACTCTTCAGCTCCCGC-1,0.35275,0.632072,0.015178
ACTGAAACGCCGTTAG-1,0.001606,0.991972,0.006423
ACTGAATGGCGAAAGT-1,0.00596,0.6941,0.29994
ACTGCCGTCGTAACTC-1,0.019411,0.979794,0.000795
ACTGCGGACACACCGT-1,0.001987,0.990064,0.007949
ACTGCTCGGAAGGATG-1,0.000556,0.997217,0.002226
ACTGGCGAACCTGCGT-1,0.084681,0.607878,0.307441
ACTGGGATGCCAGTGC-1,0.081121,0.209762,0.709117
ACTGTACGATACACAT-1,0.076768,0.705611,0.217621
ACTGTAGCACTTTGGA-1,0.000058,0.882159,0.117784
ACTGTATACGCGAGCA-1,0.000754,0.996228,0.003017
ACTGTGCTAGTAGATC-1,0.062705,0.244521,0.692774
ACTGTTTAGTGTAGGC-1,0.000835,0.995826,0.003339
ACTTACGCATCCACGC-1,0.131335,0.593564,0.275101
ACTTAGTACGACAAGA-1,0.062573,0.238846,0.698581
ACTTATACTTACCCGG-1,0.000649,0.870428,0.128923
ACTTATCTGATCTATA-1,0.12012,0.49288,0.387
ACTTATTTATGTGCCA-1,0.002608,0.55284,0.444552
ACTTCAGGCTGATCCC-1,0.000018,0.003079,0.996902
ACTTCCAGTGGAAGCT-1,0.000927,0.818235,0.180837
ACTTCCATGCGGGACA-1,0.000258,0.906977,0.092765
ACTTCGCTAGCGAGTG-1,0.003296,0.983518,0.013186
ACTTGACTCCCTCTTT-1,0.166176,0.833367,0.000457
ACTTGCCATATTGTAC-1,0.000281,0.342466,0.657253
ACTTGGGACCCGGTGG-1,0.289373,0.424384,0.286243
ACTTGGGCTTTCGCCA-1,0.000064,0.768148,0.231788
ACTTGTAGTCCCTTCA-1,0.004815,0.975914,0.019271
ACTTGTGGATGGAACG-1,0.003795,0.981027,0.015178
ACTTGTTACCGGATCA-1,0.035172,0.488767,0.476061
ACTTTACCCTCATGAA-1,0.000941,0.002825,0.996233
ACTTTGACTGCATCCT-1,0.087298,0.676034,0.236668
ACTTTGGTCGTGCTCC-1,0.000835,0.995825,0.00334
ACTTTGTCGACGCACT-1,0.001898,0.990514,0.007588
AGAAATTATGACTCGC-1,0.000882,0.002646,0.996472
AGAACCCAGCGTGACA-1,0.002913,0.985441,0.011646
AGAACCCTCAATTGGG-1,0.001291,0.625484,0.373225
AGAACTGTACTTTGTA-1,0.00035,0.779983,0.219667
AGAAGAGCGCCGTTCC-1,0.001585,0.830056,0.168358
AGAAGGTACACTTCAC-1,0.001253,0.993738,0.005009
AGAAGGTTGTAGGTCG-1,0.040286,0.479161,0.480553
AGAAGTGATTCGTGAT-1,0.0038,0.868337,0.127864
AGAATAAATCTTCAGG-1,0.001473,0.221602,0.776925
AGAATACAGGCTATCC-1,0.000088,0.657412,0.342501
AGAATGCGGGTTCGGA-1,0.039306,0.883367,0.077327
AGAATTATGGATTCGA-1,0.001626,0.99187,0.006505
AGAATTGTTTGACATA-1,0.000239,0.504521,0.49524
AGACAGCTCAGAATCC-1,0.007823,0.960873,0.031304
AGACAGGCATCTCAGC-1,0.116862,0.874193,0.008945
AGACATAGATCCTTCC-1,0.002363,0.807486,0.190151
AGACCAAACCACACCT-1,0.001763,0.664944,0.333293
AGACCATGGGATACAA-1,0.004556,0.151162,0.844282
AGACCCACCGCTGATC-1,0.575755,0.397494,0.026751
AGACCGCTCCGCGGTT-1,0.205344,0.778497,0.016158
AGACCGGGAAACCCTG-1,0.002318,0.988405,0.009276
AGACGAAGTGCCGGTC-1,0.001585,0.85275,0.145665
AGACGACGATGCCGCT-1,0.10408,0.615718,0.280202
AGACGCCCACTTCGCC-1,0.000963,0.995183,0.003853
AGACTAGCCTTCCAGA-1,0.625007,0.221788,0.153205
AGACTGTTACCGGGTC-1,0.001044,0.994782,0.004174
AGAGAACCGTCTAGGA-1,0.137407,0.860917,0.001675
AGAGATCTCTAAAGCG-1,0.000677,0.826729,0.172594
AGAGCAGTTATGAGAC-1,0.000246,0.356428,0.643326
AGAGCCGCCGAGATTT-1,0.004038,0.783944,0.212018
AGAGCGCTTGTAACGG-1,0.25104,0.744279,0.004681
AGAGCGGGCTAATCAT-1,0.100673,0.761784,0.137543
AGAGCGTACAAGCTCG-1,0.000017,0.02862,0.971363
AGAGCTACGAAAGCAT-1,0.003579,0.982108,0.014312
AGAGGCTTCGGAAACC-1,0.001278,0.99361,0.005112
AGAGGTATCTCGGTCC-1,0.000501,0.997495,0.002004
AGAGTAAACTTCACTA-1,0.001361,0.562779,0.435861
AGAGTATAGTGTTACG-1,0.00202,0.814518,0.183462
AGAGTCTTAATGAAAG-1,0.156475,0.77415,0.069376
AGAGTTGCAGGCCTCC-1,0.074179,0.674275,0.251546
AGATAACTTCAGGGCC-1,0.155206,0.561559,0.283235
AGATACCAATAGAACC-1,0.001957,0.815123,0.18292
AGATACCAGCACTTCA-1,0.000058,0.856018,0.143924
AGATACCGGTGTTCAC-1,0.093637,0.779679,0.126685
AGATACGACTTCATAT-1,0.011239,0.306912,0.681848
AGATACTCAAGATCGA-1,0.000048,0.738749,0.261203
AGATATAATACGACTA-1,0.001044,0.994782,0.004174
AGATCGTGCATAAGAT-1,0.000368,0.553323,0.446309
AGATGACTCGCCCACG-1,0.192956,0.78094,0.026103
AGATGAGGGTTGCGAT-1,0.000365,0.998175,0.00146
AGATGATGGAGTCTGG-1,0.001763,0.120433,0.877803
AGATGCAAGACGTGCA-1,0.013924,0.890251,0.095825
AGATGCATCCTGTGTC-1,0.00313,0.984349,0.012521
AGATGCTATAACGAGC-1,0.21031,0.693378,0.096312
AGATTCACAACCGATA-1,0.001252,0.632337,0.36641
AGCAAAGGCCGCTAGT-1,0.058408,0.707079,0.234512
AGCAACATATCTTATT-1,0.003684,0.981588,0.014728
AGCAACCGAAAGTAAT-1,0.029343,0.536596,0.434061
AGCACTACCGGCCTGT-1,0.000407,0.997967,0.001626
AGCACTACCTCACCAG-1,0.004767,0.20178,0.793453
AGCACTTAAGGACGCC-1,0.020035,0.57245,0.407516
AGCAGAAGGAGAAAGA-1,0.056644,0.272754,0.670602
AGCAGCCAGATGAATA-1,0.526442,0.473419,0.000139
AGCAGTCGAAGCATGC-1,0.000147,0.39206,0.607794
AGCATATCAATATGCT-1,0.001898,0.868475,0.129628
AGCATCATTTCGAAAG-1,0.02613,0.744056,0.229813
AGCATCGTCGATAATT-1,0.250542,0.703412,0.046046
AGCATTACGAGGCAAG-1,0.001423,0.992883,0.005694
AGCCAAGCTTTGTGTC-1,0.132995,0.477105,0.3899
AGCCACAGGTTACCCG-1,0.155832,0.841037,0.00313
AGCCACTCCCGTGCTT-1,0.157354,0.783076,0.05957
AGCCATATAGTATGTG-1,0.086643,0.913021,0.000336
AGCCCATACATGTAAG-1,0.077858,0.753891,0.168251
AGCCCGCAACAAGCAG-1,0.104161,0.894948,0.000891
AGCCCGCACTACAATG-1,0.000409,0.997954,0.001637
AGCCCGGCATTAGAGG-1,0.044082,0.723817,0.232101
AGCCCGGTAGCCTGTA-1,0.14068,0.847933,0.011387
AGCCCTAAGCGAAGTT-1,0.000157,0.842302,0.157541
AGCCCTGTCGCACCGT-1,0.002783,0.699346,0.297871
AGCCCTTCTAATCCGA-1,0.000623,0.850711,0.148666
AGCCCTTGGACATCCC-1,0.00167,0.846096,0.152234
AGCCGCAAATTCAAAT-1,0.000072,0.972211,0.027717
AGCCGCTTGATTAGCG-1,0.000934,0.995329,0.003737
AGCCGTGGCTAAATGT-1,0.060886,0.817871,0.121243
AGCCTAATACCCACGT-1,0.000069,0.000206,0.999726
AGCCTTAAAGCGGAAG-1,0.002914,0.725729,0.271358
AGCGACATCCCATTCA-1,0.094446,0.645393,0.260161
AGCGACCAACGATATT-1,0.222993,0.561303,0.215704
AGCGACTTTGAAGACA-1,0.141513,0.535603,0.322884
AGCGATGCGCCTAATA-1,0.000533,0.345852,0.653615
AGCGCATAATGAATCG-1,0.594003,0.404242,0.001755
AGCGCGGGTGCCAATG-1,0.000274,0.895312,0.104414
AGCGCTAGAGCGATGT-1,0.002196,0.344399,0.653405
AGCGGACACTTCGTAG-1,0.104147,0.784816,0.111037
AGCGGCGGTTAGCGGT-1,0.002363,0.667822,0.329815
AGCGGGAAGGGTCCAT-1,0.00028,0.657681,0.342039
AGCGGGTCTGACACTC-1,0.001439,0.992804,0.005757
AGCGGTTGCCGCTCTG-1,0.000888,0.931652,0.06746
AGCGTACGAGAGCTAG-1,0.000846,0.879794,0.11936
AGCGTAGCGCTAGACC-1,0.000476,0.997619,0.001905
AGCGTCTGAACCCGCA-1,0.00084,0.995798,0.003362
AGCGTGGTATTCTACT-1,0.297768,0.701992,0.000241
AGCTAAGCTCCGTCCG-1,0.003682,0.830921,0.165397
AGCTAAGTACGCAGGC-1,0.053957,0.693517,0.252526
AGCTACGAATGGTGGT-1,0.000203,0.77454,0.225256
AGCTAGAAGCAGAAGT-1,0.049735,0.168194,0.782071
AGCTATTTAATCCAAC-1,0.082492,0.916777,0.000731
AGCTCCATATATGTTC-1,0.004638,0.97681,0.018552
AGCTCCTTCGCACATC-1,0.000177,0.213827,0.785996
AGCTCGTTGATGGAAA-1,0.001098,0.860589,0.138313
AGCTCTAGACGTTCCA-1,0.144358,0.855175,0.000467
AGCTCTTCCCAGTGCA-1,0.032554,0.874312,0.093133
AGCTCTTCGTAACCTT-1,0.002319,0.988403,0.009278
AGCTGAAGTAAACCAA-1,0.049312,0.587125,0.363563
AGCTGTAACCTCAATC-1,0.000235,0.58537,0.414395
AGCTTATAGAGACCTG-1,0.000257,0.998717,0.001026
AGCTTCAATACTTTGA-1,0.000908,0.995462,0.00363
AGCTTCTTCTCGAGCA-1,0.000737,0.88923,0.110033
AGCTTGATCTTAACTT-1,0.105338,0.892841,0.001821
AGGAAAGCCTCTGATG-1,0.001692,0.991538,0.00677
AGGAACGAACGACTTC-1,0.000819,0.965364,0.033818
AGGAAGCTGTCCGCCG-1,0.179587,0.737156,0.083257
AGGACAGTCGAATCCC-1,0.000274,0.828193,0.171533
AGGACATCGCACGTCG-1,0.000071,0.632683,0.367247
AGGACATCGGCACACT-1,0.000788,0.996062,0.00315
AGGACGCTCGATGTTG-1,0.038605,0.396632,0.564762
AGGACTTATAGGAGAA-1,0.002556,0.98722,0.010224
AGGAGACATCCACAGT-1,0.001252,0.708799,0.289949
AGGAGAGTCTGGCTAC-1,0.001332,0.820329,0.178339
AGGAGCGTTTATTATC-1,0.000835,0.995826,0.003339
AGGAGGCCTTCGCGCG-1,0.000921,0.995396,0.003683
AGGATAAAGTCGGGAT-1,0.423369,0.576468,0.000163
AGGATATAGGGATTTA-1,0.005442,0.590759,0.403799
AGGATATCCGACTGCA-1,0.001692,0.991539,0.006769
AGGATCACGCGATCTG-1,0.002123,0.771263,0.226614
AGGATTGCTTACGACA-1,0.004171,0.979138,0.016691
AGGCAAAGAGGAATCA-1,0.000131,0.98177,0.018099
AGGCAATACGGAGGAC-1,0.001508,0.992455,0.006037
AGGCACGTGACTGTCC-1,0.002087,0.75887,0.239043
AGGCAGATGCGTAAAC-1,0.000472,0.997637,0.00189
AGGCAGGGAGCGTACT-1,0.647945,0.351736,0.000319
AGGCATTGTCGTAGGG-1,0.014249,0.201656,0.784095
AGGCCACATTGGTTAC-1,0.003478,0.982609,0.013913
AGGCCACCCGTTATGA-1,0.050697,0.504678,0.444625
AGGCCCAGTGACTGGT-1,0.003915,0.790861,0.205223
AGGCCCATTGTACAGG-1,0.114582,0.65369,0.231728
AGGCCCTAGAACGCCA-1,0.097395,0.900228,0.002376
AGGCCTATCATACCAA-1,0.000195,0.774234,0.225572
AGGCCTGAGAATCTCG-1,0.000403,0.945757,0.05384
AGGCGATAACTGGCGT-1,0.005089,0.911171,0.08374
AGGCGGTTTGTCCCGC-1,0.00008,0.841025,0.158894
AGGCGTCTATGGACGG-1,0.005008,0.01503,0.979961
AGGCTATGGTTAGCTT-1,0.002952,0.025803,0.971246
AGGCTTAAGTTGCACA-1,0.000113,0.901787,0.098099
AGGCTTGCTAGACACC-1,0.00092,0.002762,0.996317
AGGGACAGCACGGCGG-1,0.190263,0.808016,0.001721
AGGGACCGGCTGCGTT-1,0.001304,0.993478,0.005218
AGGGACTCTACGCGAC-1,0.269818,0.671982,0.0582
AGGGAGACATACTTCG-1,0.003794,0.981025,0.015181
AGGGCAGCGGCGTGGT-1,0.08551,0.903833,0.010657
AGGGCCCTAATGTTCT-1,0.000345,0.998275,0.00138
AGGGCGAGCAGCTGAT-1,0.000474,0.832723,0.166803
AGGGCGTGATCGGCTA-1,0.078119,0.724747,0.197134
AGGGTCAGAGCACTCG-1,0.001044,0.92697,0.071986
AGGGTCAGTAACCCTA-1,0.319011,0.672776,0.008213
AGGGTCGATGCGAACT-1,0.005216,0.015657,0.979126
AGGGTCTGGACGCAGT-1,0.000238,0.79491,0.204852
AGGGTGCTCTCGAGGG-1,0.000545,0.788737,0.210718
AGGGTGGATAGTGCAT-1,0.003796,0.981023,0.015181
AGGGTTCAGACGGTCC-1,0.001527,0.992365,0.006108
AGGGTTCCCTTTGGTT-1,0.000483,0.640944,0.358573
AGGTAACCTCCTATTC-1,0.002504,0.720505,0.27699
AGGTACGATATTGCCA-1,0.055113,0.889356,0.055531
AGGTAGGTACAAAGCT-1,0.007462,0.611623,0.380915
AGGTATAATTGATAGT-1,0.002236,0.775466,0.222298
AGGTATGCGGACATTA-1,0.002845,0.985771,0.011384
AGGTCAGGTGAGAGTG-1,0.049393,0.711677,0.23893
AGGTCGCCACTTCGGT-1,0.000524,0.663502,0.335974
AGGTCGCCTCCCAACA-1,0.000216,0.998919,0.000865
AGGTCGCGGAGTTACT-1,0.002456,0.987724,0.00982
AGGTGCACGTCCACAT-1,0.000852,0.99574,0.003408
AGGTGGTGACCTTCGC-1,0.236622,0.506176,0.257202
AGGTGTATCGCCATGA-1,0.002504,0.987479,0.010017
AGGTGTTGCCGACCAC-1,0.000351,0.756607,0.243042
AGGTTACACCATGCCG-1,0.003129,0.804957,0.191914
AGGTTCTCCTTTCCGG-1,0.110751,0.710597,0.178652
AGTAACTATAGCAGCC-1,0.000798,0.908382,0.09082
AGTAAGGGACAGAATC-1,0.025649,0.494518,0.479833
AGTAATCTAAGGGTGG-1,0.000459,0.715799,0.283742
AGTAATGTCTTGCCGC-1,0.013519,0.919477,0.067004
AGTACAGAAGCTTATA-1,0.000391,0.998043,0.001565
AGTACATCATTTATCA-1,0.004322,0.012962,0.982716
AGTACGGCCCGTATCG-1,0.003681,0.981575,0.014744
AGTACGGGCACCTGGC-1,0.000491,0.729139,0.27037
AGTACTCTTATGCCCA-1,0.000462,0.543251,0.456287
AGTAGAAGGCGCCTCA-1,0.046574,0.952919,0.000507
AGTAGCGTGAACGAAC-1,0.002197,0.989015,0.008788
AGTAGGAAGGAAGTTG-1,0.290709,0.399784,0.309507
AGTAGGTAACATACAT-1,0.05693,0.657519,0.285551
AGTATAATACTAGGCA-1,0.000015,0.096488,0.903498
AGTATACACAGCGACA-1,0.139492,0.598782,0.261725
AGTATCCATAATAACG-1,0.093439,0.126166,0.780395
AGTATGCTGGAGACCA-1,0.000047,0.998369,0.001584
AGTATTTGGCACGACC-1,0.658255,0.341492,0.000253
AGTCAAGATGACACTT-1,0.000818,0.651675,0.347507
AGTCACTAGCTCTCGA-1,0.001216,0.70049,0.298294
AGTCACTCCGCCTCAT-1,0.00087,0.622178,0.376952
AGTCAGCCACCGCCTG-1,0.000454,0.997731,0.001815
AGTCCAGCGGGTACGT-1,0.000419,0.997906,0.001675
AGTCCATTGGCTGATG-1,0.001044,0.683534,0.315423
AGTCCCGCCTTTAATT-1,0.138145,0.497627,0.364228
AGTCCCTCGCAGAAAG-1,0.000869,0.995652,0.003479
AGTCGAATTAGCGTAA-1,0.001361,0.736529,0.26211
AGTCGACGGTCTCAAG-1,0.00116,0.994202,0.004638
AGTCGGCCCAAACGAC-1,0.037035,0.82267,0.140295
AGTCGGCTCAACTTTA-1,0.01894,0.842971,0.138089
AGTCGGTTGCGTGAGA-1,0.000921,0.72212,0.276959
AGTCGTATAAAGCAGA-1,0.00026,0.607349,0.392391
AGTCGTCGACCACCAA-1,0.051653,0.588684,0.359663
AGTCGTGGGCATTACG-1,0.142375,0.801936,0.05569
AGTCTAAAGTATACTC-1,0.004814,0.975924,0.019263
AGTCTCACAAGACTAC-1,0.043941,0.361266,0.594792
AGTCTGGACATCCTTG-1,0.122004,0.607711,0.270284
AGTCTTTAAAGTGTCC-1,0.000252,0.965745,0.034002
AGTGAACAAACTTCTC-1,0.003209,0.983947,0.012844
AGTGAAGATGGTGTCC-1,0.001647,0.991762,0.00659
AGTGAGACTTCCAGTA-1,0.071006,0.535501,0.393494
AGTGAGCCTCGCCGCC-1,0.00202,0.412435,0.585545
AGTGAGTCGAATTAAC-1,0.001626,0.864545,0.133829
AGTGATAACCTGCGCG-1,0.000596,0.997018,0.002385
AGTGATTCAAGCAGGA-1,0.000397,0.998012,0.00159
AGTGCACGCTTAAGAA-1,0.001192,0.894065,0.104743
AGTGCTAAACACAGCA-1,0.063734,0.574105,0.362161
AGTGCTTGCACGAATA-1,0.000901,0.336026,0.663073
AGTGGCCCGCAAATGG-1,0.000522,0.997391,0.002087
AGTGGCGGCAATTTGA-1,0.000187,0.56172,0.438093
AGTGGCGTCTGAAGGT-1,0.000522,0.338008,0.66147
AGTGGCTCCGTCGGCC-1,0.268296,0.731357,0.000347
AGTGGGAGTATACACG-1,0.001842,0.846574,0.151584
AGTGGTGTTACCCGTG-1,0.003053,0.852891,0.144056
AGTGGTTGCGTATAGG-1,0.004174,0.292371,0.703455
AGTGTATTGCGCATTG-1,0.179355,0.689911,0.130734
AGTGTGCTAAGATCGC-1,0.003295,0.237025,0.75968
AGTGTGGTCTATTGTG-1,0.000274,0.812345,0.187381
AGTTAAGTCAACCGCT-1,0.074317,0.571891,0.353792
AGTTACCCTTAAGACT-1,0.003384,0.983078,0.013538
AGTTACCGCACATGGT-1,0.046616,0.566646,0.386738
AGTTATTCAGACTGTG-1,0.169888,0.82798,0.002132
AGTTATTGAAAGGTAA-1,0.002086,0.709629,0.288284
AGTTCACCGGTTGGAC-1,0.004318,0.773485,0.222197
AGTTCTGCGTTGTATC-1,0.000963,0.995184,0.003853
AGTTGACATCGGCTGG-1,0.001061,0.994694,0.004245
AGTTGACGGTCCTTGC-1,0.093578,0.742598,0.163824
AGTTGCTGACTGATAT-1,0.060985,0.000413,0.938603
AGTTGGCAAGGCTAGA-1,0.011979,0.870359,0.117662
AGTTTATGTAAAGACA-1,0.001814,0.990926,0.00726
AGTTTCGCAGGTCGGA-1,0.002722,0.986385,0.010892
AGTTTGCACCTGCCTC-1,0.051151,0.227048,0.7218
AGTTTGGCACGGGTTG-1,0.001278,0.003833,0.994889
AGTTTGGCCAGACCTA-1,0.037275,0.33996,0.622765
ATAAACCATTGGACGG-1,0.000928,0.995362,0.003711
ATAAACGTTGCACCAC-1,0.00202,0.989903,0.008078
ATAAATATTAGCAGCT-1,0.031898,0.190888,0.777214
ATAACGCCGGAGGGTC-1,0.000151,0.835257,0.164591
ATAAGCAAACACCGAG-1,0.000274,0.934324,0.065402
ATAAGGTGGAGAACAT-1,0.058308,0.934718,0.006974
ATAAGTAGGATTCAGA-1,0.228663,0.592496,0.178841
ATAAGTAGGGCGACTC-1,0.003057,0.984727,0.012216
ATAATACCGTTAGCCG-1,0.000666,0.258932,0.740402
ATAATAGTGTAGGGAC-1,0.032309,0.006205,0.961486
ATAATCTTGGAGAACC-1,0.005219,0.006976,0.987805
ATAATTAGCTAAGTAG-1,0.123454,0.332132,0.544415
ATACAGGCCCTCCAAT-1,0.101623,0.458773,0.439604
ATACCACGGGCAACTT-1,0.00002,0.02991,0.97007
ATACCAGCAAATTGCT-1,0.013464,0.98575,0.000786
ATACCAGGCTAATAGA-1,0.004321,0.978402,0.017277
ATACCAGGTGAGCGAT-1,0.000374,0.818608,0.181018
ATACCCTGGCTCAAAT-1,0.044172,0.955258,0.00057
ATACCGTCATCCATAA-1,0.000572,0.606561,0.392868
ATACCTAACCAAGAAA-1,0.12608,0.331032,0.542889
ATACGAAGGCTTTCCA-1,0.001565,0.992175,0.00626
ATACGAGGTTTGTAAG-1,0.000446,0.997772,0.001783
ATACGCCGATCTACCG-1,0.058103,0.691411,0.250486
ATACGCCGGCGAAACC-1,0.039812,0.864263,0.095925
ATACGGAACGTCGTTT-1,0.012872,0.857481,0.129647
ATACGGGTTTCGATTG-1,0.536583,0.395924,0.067493
ATACGGTGAAGATGCA-1,0.004319,0.48548,0.5102
ATACGTACTTAGCCAC-1,0.015842,0.833893,0.150265
ATACGTCCACTCCTGT-1,0.000882,0.328409,0.670709
ATACGTTATGCACGGA-1,0.102144,0.396899,0.500957
ATACTACCCGTACCAC-1,0.000778,0.723562,0.27566
ATACTAGCATGACCCT-1,0.711286,0.288535,0.000179
ATACTCTCGCCACTCT-1,0.002911,0.985441,0.011648
ATACTGCCTTACACCG-1,0.000042,0.000127,0.999831
ATACTTGTTCTCGAGC-1,0.004472,0.649046,0.346482
ATAGACAACGGGACCT-1,0.128482,0.870293,0.001225
ATAGACGAAGAGAAAG-1,0.062859,0.667817,0.269324
ATAGAGTACTGGGACA-1,0.346535,0.619173,0.034293
ATAGAGTTATCAACTT-1,0.000471,0.745346,0.254184
ATAGATTTGCAGTCGG-1,0.00117,0.316801,0.682029
ATAGCAACTAGGGAAG-1,0.000444,0.860866,0.13869
ATAGCCATAACAGTCA-1,0.0002,0.97755,0.022251
ATAGCCTCAGTACCCA-1,0.181337,0.803933,0.014729
ATAGCTGCTCTTGTTA-1,0.004636,0.432608,0.562756
ATAGGCGGCTATAGAA-1,0.000092,0.856328,0.14358
ATAGGCTAGCTTCGCA-1,0.338676,0.660572,0.000752
ATAGGGATATCCTTGA-1,0.136385,0.74318,0.120435
ATAGTCTTTGACGTGC-1,0.000317,0.939749,0.059934
ATAGTTCCACCCACTC-1,0.003578,0.98211,0.014312
ATATAAAGCGCTCGTG-1,0.063411,0.510729,0.42586
ATATAAATGTAGCTGC-1,0.030558,0.050989,0.918452
ATATAACACGGGCGCA-1,0.000537,0.861977,0.137485
ATATACATGTATGGTA-1,0.000895,0.077029,0.922076
ATATACGCTCGTGACG-1,0.000526,0.779304,0.220171
ATATAGAGTATTGGTC-1,0.126162,0.668573,0.205266
ATATCAACCTACAGAG-1,0.004815,0.975922,0.019263
ATATCAATTCCAGCCT-1,0.001052,0.540842,0.458106
ATATCGGTAGGGAGAT-1,0.002782,0.986087,0.01113
ATATCGTTCCTCGAAC-1,0.01129,0.765318,0.223392
ATATCTCCCTCGTTAA-1,0.047651,0.947288,0.00506
ATATGGGATAGCAACT-1,0.044818,0.663474,0.291708
ATATGTCTAGAGCGTG-1,0.000324,0.998382,0.001294
ATATGTCTCCCTAGCC-1,0.000935,0.863243,0.135822
ATATTATCCCGTATTT-1,0.103528,0.888764,0.007707
ATATTCAGTTAAACCT-1,0.013422,0.831802,0.154776
ATATTCCACATAGTGA-1,0.001446,0.970618,0.027936
ATATTCCCACAGGTCA-1,0.002455,0.98772,0.009825
ATATTGCTGTCAAAGT-1,0.011103,0.126132,0.862765
ATATTGGAGAGGCCTT-1,0.000732,0.996339,0.002929
ATCAAACACTGTTCCA-1,0.001304,0.993478,0.005217
ATCAAACGAAGGTTTG-1,0.045891,0.762289,0.19182
ATCAAAGAGCCGTGGT-1,0.000305,0.998473,0.001221
ATCAAGATCCCAGGAC-1,0.000238,0.848592,0.15117
ATCAATGCCGTGGCTG-1,0.050277,0.856741,0.092982
ATCACATTAGAATATC-1,0.324848,0.674264,0.000888
ATCACGTGCTAATTAA-1,0.12554,0.839723,0.034738
ATCACTTCATCCTCGC-1,0.651603,0.332635,0.015762
ATCAGCCTCATGCTGC-1,0.000574,0.100203,0.899223
ATCAGCTCGTCCACTA-1,0.003053,0.582043,0.414904
ATCAGGTAGCTGACAG-1,0.003793,0.735666,0.260541
ATCAGTAGGCAGGGAT-1,0.000754,0.815154,0.184091
ATCATAGATCGACGAG-1,0.001565,0.992174,0.006261
ATCATAGCCCTATGTA-1,0.114848,0.87889,0.006262
ATCATGGACTACCGAC-1,0.003577,0.982114,0.014309
ATCATTGTACCGCATT-1,0.000059,0.441697,0.558245
ATCCAACGCAGTCATA-1,0.04611,0.498525,0.455365
ATCCAATGGAGGGTCC-1,0.000092,0.68953,0.310378
ATCCAATGGTACCGAA-1,0.002664,0.986679,0.010657
ATCCACATCGACAGAA-1,0.078502,0.677705,0.243793
ATCCCATCCACAGCGC-1,0.093605,0.630435,0.275961
ATCCCATTTCCGTGGG-1,0.240798,0.7574,0.001802
ATCCGGACCAGCCTGA-1,0.030937,0.823175,0.145888
ATCCTGAATCGCTGCG-1,0.04305,0.648281,0.308669
ATCCTGCTGCAGATAG-1,0.000787,0.996063,0.00315
ATCCTTCTGAAAGAAC-1,0.003212,0.983942,0.012846
ATCGACTCTTTCCGTT-1,0.500584,0.432982,0.066434
ATCGCACGATTGTTCA-1,0.112961,0.413812,0.473227
ATCGCCAGTCAACATT-1,0.001044,0.428559,0.570398
ATCGCCGTGGTTCATG-1,0.000312,0.998439,0.001249
ATCGCTGCGTGCAGCA-1,0.004172,0.979139,0.016689
ATCGCTTTACGTCTCA-1,0.002363,0.988188,0.00945
ATCGGAGACAGACGGC-1,0.042674,0.951913,0.005413
ATCGGCAAGCAGTCCA-1,0.014464,0.95125,0.034286
ATCGGTTACCTAGTAA-1,0.002664,0.95934,0.037996
ATCGTATTCCGAGAAC-1,0.000728,0.337276,0.661996
ATCGTCCAATCGAGTC-1,0.000928,0.655773,0.3433
ATCGTGGAAAGTCTGG-1,0.194571,0.586589,0.218839
ATCGTTAGCTAGCGGA-1,0.001869,0.58207,0.416061
ATCTAACGTCCCTATG-1,0.003479,0.9826,0.013921
ATCTAATATCCTACGG-1,0.193813,0.805934,0.000253
ATCTACCATCTGCTCC-1,0.001789,0.991058,0.007154
ATCTAGCTTGTGAGGG-1,0.003131,0.98435,0.012519
ATCTATCGATGATCAA-1,0.000894,0.995529,0.003577
ATCTCCCACGGAATAT-1,0.004318,0.97841,0.017273
ATCTCCCTGCAATCTA-1,0.001898,0.990516,0.007587
ATCTCGTGAGCGAAAC-1,0.003383,0.983077,0.01354
ATCTGACATGGAAGGA-1,0.000207,0.995954,0.003839
