Barcode,Topic 1to2,Topic 3,Topic 4to5
AAACAACGAATAGTTC-1,0.003792,0.99239,0.003818
AAACAAGTATCTCCCA-1,0.027472,0.013776,0.958753
AAACAATCTACTAGCA-1,0.006876,0.986307,0.006817
AAACACCAATAACTGC-1,0.09092,0.741038,0.168042
AAACAGCTTTCAGAAG-1,0.31226,0.68645,0.001291
AAACAGGGTCTATATT-1,0.029402,0.941434,0.029164
AAACAGTGTTCCTGGG-1,0.060263,0.936787,0.00295
AAACATGGTGAGAGGA-1,0.117616,0.882102,0.000282
AAACATTTCCCGGATT-1,0.051283,0.897029,0.051688
AAACCCGAACGAAATC-1,0.004314,0.002166,0.99352
AAACCGGAAATGTTAA-1,0.958725,0.013716,0.02756
AAACCGGGTAGGTACC-1,0.055466,0.721242,0.223291
AAACCTAAGCAGCCGG-1,0.003457,0.684063,0.31248
AAACCTCATGAAGTTG-1,0.014654,0.970577,0.014769
AAACGAAGAACATACC-1,0.229684,0.450996,0.31932
AAACGAAGATGGAGTA-1,0.003095,0.499254,0.49765
AAACGAGACGGTTGAT-1,0.001204,0.997595,0.0012
AAACGCTGGGCACGAC-1,0.001892,0.996213,0.001895
AAACGGGCGTACGGGT-1,0.012946,0.974183,0.012871
AAACGGGTTGGTATCC-1,0.000856,0.358134,0.64101
AAACGGTTGCGAACTG-1,0.191568,0.805885,0.002547
AAACGTGTTCGCCCTA-1,0.262735,0.715509,0.021756
AAACTCGGTTCGCAAT-1,0.029453,0.941286,0.02926
AAACTCGTGATATAAG-1,0.087832,0.909203,0.002965
AAACTGCTGGCTCCAA-1,0.128074,0.614745,0.257181
AAACTTAATTGCACGC-1,0.289551,0.632937,0.077512
AAACTTGCAAACGTAT-1,0.005766,0.735643,0.25859
AAAGAATGACCTTAGA-1,0.006835,0.736577,0.256587
AAAGAATGTGGACTAA-1,0.005181,0.831466,0.163353
AAAGACCCAAGTCGCG-1,0.046029,0.907817,0.046154
AAAGACTGGGCGCTTT-1,0.015194,0.969653,0.015153
AAAGCTTGCCTACATA-1,0.393237,0.585287,0.021475
AAAGGCTACGGACCAT-1,0.275948,0.723435,0.000616
AAAGGCTCTCGCGCCG-1,0.284036,0.621776,0.094188
AAAGGGCAGCTTGAAT-1,0.012608,0.374067,0.613325
AAAGTAGCATTGCTCA-1,0.076487,0.922225,0.001288
AAAGTCACTGATGTAA-1,0.041358,0.917473,0.041169
AAAGTCGACCCTCAGT-1,0.08051,0.838483,0.081007
AAAGTGCCATCAATTA-1,0.003298,0.993395,0.003307
AAAGTGTGATTTATCT-1,0.266516,0.52381,0.209675
AAAGTTGACTCCCGTA-1,0.017945,0.964262,0.017793
AAATAAGGTAGTGCCC-1,0.006099,0.003031,0.99087
AAATACCTATAAGCAT-1,0.313135,0.385811,0.301054
AAATAGCTTAGACTTT-1,0.031496,0.936891,0.031613
AAATAGGGTGCTATTG-1,0.000479,0.584559,0.414963
AAATCCGATACACGCC-1,0.020621,0.958722,0.020657
AAATCGCGGAAGGAGT-1,0.008575,0.732281,0.259145
AAATCTAGCCCTGCTA-1,0.194158,0.781769,0.024073
AAATGACTGATCAAAC-1,0.006113,0.987769,0.006118
AAATGATTCGATCAGC-1,0.004148,0.991673,0.004179
AAATGCTCGTTACGTT-1,0.515052,0.480422,0.004526
AAATGGCATGTCTTGT-1,0.282069,0.631615,0.086316
AAATGGCCCGTGCCCT-1,0.067213,0.403778,0.529009
AAATGTATCTTATCCC-1,0.967417,0.010947,0.021636
AAATGTGGGTGCTCCT-1,0.008905,0.733476,0.257619
AAATTAATAAGCGCGA-1,0.098671,0.899079,0.00225
AAATTACCTATCGATG-1,0.003763,0.992482,0.003755
AAATTCCAGGTCCAAA-1,0.034362,0.931144,0.034494
AAATTGATAGTCCTTT-1,0.000454,0.596112,0.403434
AAATTGCGGCGGTTCT-1,0.00596,0.431248,0.562792
AAATTGGTGAGAAGCA-1,0.004757,0.730932,0.264311
AAATTTGCGGGTGTGG-1,0.02585,0.931234,0.042916
AACAACTGGTAGTTGC-1,0.075713,0.554324,0.369963
AACAATTACTCTACGC-1,0.000259,0.021105,0.978636
AACACACGCTCGCCGC-1,0.007057,0.679481,0.313463
AACACGACTGTACTGA-1,0.525362,0.457459,0.017179
AACACGAGACGCGGCC-1,0.001392,0.434125,0.564484
AACACGCGGCCGCGAA-1,0.022533,0.954838,0.022629
AACAGGAAATCGAATA-1,0.239575,0.759207,0.001219
AACAGGATGGGCCGCG-1,0.000114,0.000057,0.999829
AACAGGTAGTATGGAT-1,0.016495,0.008217,0.975289
AACATAGCGTGTATCG-1,0.001584,0.954054,0.044362
AACATATCAACTGGTG-1,0.069013,0.863839,0.067148
AACATCGATACGTCTA-1,0.021728,0.335696,0.642576
AACATTGGTCAGCCGT-1,0.016367,0.96727,0.016362
AACATTGTGACTCGAG-1,0.039905,0.67268,0.287415
AACCAAGACTTCTCTG-1,0.078258,0.840153,0.08159
AACCATAGGGTTGAAC-1,0.15745,0.500919,0.341631
AACCATGGGATCGCTA-1,0.004789,0.68288,0.312331
AACCCAGAGACGGAGA-1,0.132424,0.856445,0.011131
AACCCATCCCATGATC-1,0.013701,0.703744,0.282555
AACCCGACAACCCGTG-1,0.222133,0.622285,0.155582
AACCCGAGCAGAATCG-1,0.007881,0.409884,0.582235
AACCCGCTGTATTCCA-1,0.234649,0.762925,0.002426
AACCCTACTGTCAATA-1,0.000882,0.000441,0.998677
AACCCTGGTGGAACCA-1,0.283882,0.714168,0.00195
AACCGCTAAGGGATGC-1,0.688619,0.017183,0.294198
AACCGTTGTGTTTGCT-1,0.011173,0.524158,0.464668
AACCTCGCTTTAGCCC-1,0.001416,0.443467,0.555117
AACCTGTCACGGAATT-1,0.025518,0.616349,0.358133
AACCTTTAAATACGGT-1,0.02289,0.976441,0.00067
AACCTTTACGACGTCT-1,0.156959,0.736712,0.106329
AACGAAAGTCGTCCCA-1,0.043785,0.00082,0.955394
AACGACCTCCTAGCCG-1,0.005611,0.988764,0.005626
AACGATAATGCCGTAG-1,0.115555,0.754917,0.129528
AACGATAGAAGGGCCG-1,0.132258,0.71875,0.148993
AACGCATGATCTGGGT-1,0.015192,0.969585,0.015222
AACGCGAACGGCAACA-1,0.009974,0.980036,0.00999
AACGCGACCTTGGGCG-1,0.252093,0.738778,0.009128
AACGCTGTTGCTGAAA-1,0.460238,0.401881,0.13788
AACGGACGTACGTATA-1,0.007793,0.984414,0.007793
AACGGCCATCTCCGGT-1,0.122727,0.694699,0.182574
AACGTAGTCTACCCAT-1,0.00141,0.99718,0.00141
AACGTCAGACTAGTGG-1,0.037898,0.58952,0.372582
AACGTCATCCGGCTTG-1,0.003167,0.692862,0.303971
AACGTCGCTGCACTTC-1,0.137813,0.685644,0.176543
AACGTGCGAAAGTCTC-1,0.005967,0.993162,0.000872
AACGTTATCAGCACCT-1,0.345566,0.004676,0.649758
AACGTTCTACCATTGT-1,0.151477,0.839198,0.009324
AACTACCCGTTTGTCA-1,0.027466,0.944982,0.027552
AACTAGCGTATCGCAC-1,0.132277,0.863572,0.004151
AACTAGGCTTGGGTGT-1,0.39187,0.607334,0.000796
AACTCCAGAGCGTGTT-1,0.00889,0.135118,0.855992
AACTCGATAAACACGT-1,0.113393,0.255512,0.631095
AACTCGATGGCGCAGT-1,0.021735,0.956693,0.021572
AACTCTCAATAGAGCG-1,0.024182,0.707913,0.267905
AACTGAGTTATACTGA-1,0.017058,0.965848,0.017094
AACTGATATTAGGCCT-1,0.42162,0.577303,0.001077
AACTGGGTCCCGACGT-1,0.2607,0.738582,0.000718
AACTGGTGTGGGCCTT-1,0.025566,0.948714,0.02572
AACTTCTGCGTCTATC-1,0.017793,0.253132,0.729076
AACTTGCCCGTATGCA-1,0.000592,0.408821,0.590587
AACTTGCGTTCTCGCG-1,0.015663,0.968531,0.015806
AACTTTACGGGAGCTT-1,0.051523,0.897329,0.051148
AACTTTAGCTGCTGAG-1,0.007614,0.864306,0.128081
AACTTTCTCGATCATG-1,0.157299,0.387054,0.455646
AAGAAATCACCAGATT-1,0.027225,0.945266,0.027509
AAGAAGGATCAGTTAG-1,0.354288,0.631101,0.014611
AAGACATACGTGGTTT-1,0.227487,0.664325,0.108188
AAGACCAAATAACTCA-1,0.004687,0.501571,0.493742
AAGACCCAACTGAACA-1,0.321836,0.677711,0.000453
AAGACTAACCCGTTGT-1,0.09173,0.904833,0.003438
AAGAGATGAATCGGTA-1,0.000341,0.013688,0.985971
AAGAGCTCTTTATCGG-1,0.05418,0.944704,0.001116
AAGAGGATGTACGCGA-1,0.000555,0.788916,0.210528
AAGAGGCATGGATCGC-1,0.00127,0.997463,0.001267
AAGAGGCCCTTTGGAA-1,0.128045,0.56787,0.304086
AAGATTGGCGGAACGT-1,0.002465,0.57133,0.426205
AAGCACCCTGCGTATC-1,0.062946,0.676359,0.260695
AAGCATACTCTCCTGA-1,0.206733,0.38668,0.406587
AAGCCGAAGCGGTTTA-1,0.033861,0.931884,0.034255
AAGCCGCTTTACCTTG-1,0.022943,0.954067,0.022991
AAGCCGGAGAGCAGGA-1,0.004019,0.991946,0.004035
AAGCGCAGGGCTTTGA-1,0.002341,0.95358,0.044078
AAGCGGAGTGCGCGCA-1,0.066321,0.620877,0.312802
AAGCTAGATCGAGTAA-1,0.3839,0.615635,0.000464
AAGCTCGTGCCAAGTC-1,0.302331,0.695458,0.002211
AAGCTCTTTCATGGTG-1,0.000226,0.000113,0.999662
AAGGAGAACTTATAAG-1,0.00289,0.794179,0.202931
AAGGAGCGGTTGGTGC-1,0.50342,0.309977,0.186603
AAGGATCGATCGCTTG-1,0.571798,0.402584,0.025618
AAGGATGAGGGACCTC-1,0.003882,0.992252,0.003867
AAGGCAGGCTGTCTCC-1,0.021582,0.362182,0.616235
AAGGCGCGTAAAGCTT-1,0.04658,0.348566,0.604854
AAGGCTGTGCTCATCG-1,0.547297,0.329568,0.123135
AAGGGAACGACTGGCT-1,0.200764,0.602005,0.197232
AAGGGACAGATTCTGT-1,0.197483,0.661462,0.141054
AAGGGACTATGCATTC-1,0.062932,0.755859,0.181209
AAGGGTTAGCCATGCG-1,0.157713,0.681183,0.161104
AAGGGTTTGATTTCAG-1,0.420028,0.573929,0.006043
AAGGTATCCTAATATA-1,0.234185,0.765153,0.000662
AAGGTGATAAACCAGC-1,0.003901,0.544336,0.451763
AAGTAAGCTTCCAAAC-1,0.000775,0.998448,0.000777
AAGTAGAAGACCGGGT-1,0.099247,0.805912,0.094841
AAGTAGTGACGCGAGG-1,0.000365,0.51161,0.488026
AAGTCAATTGTCGTCA-1,0.025867,0.948214,0.025919
AAGTCTAGTAGCTGCC-1,0.014675,0.663409,0.321917
AAGTCTTCTGTGGCCT-1,0.025782,0.948746,0.025472
AAGTGACGACCGAATT-1,0.002049,0.995899,0.002052
AAGTGAGTCGGGTTTA-1,0.45104,0.537801,0.011159
AAGTGCAAAGGTAGAC-1,0.031874,0.936446,0.03168
AAGTGCCTTGACTGTA-1,0.089213,0.009437,0.90135
AAGTGCGTTAGAATCT-1,0.002603,0.915607,0.08179
AAGTGCTTCTCTATTG-1,0.021699,0.956729,0.021572
AAGTGTTTGGAGACGG-1,0.000236,0.164855,0.834908
AAGTTCACTCCAAGCT-1,0.003119,0.235454,0.761427
AAGTTCAGTCTGCGTA-1,0.202717,0.187627,0.609656
AAGTTCGGCCAACAGG-1,0.038082,0.900776,0.061142
AAGTTGTGATGTTATA-1,0.024078,0.951855,0.024067
AAGTTTACTAATGGCA-1,0.018731,0.962607,0.018662
AAGTTTATGGGCCCAA-1,0.431243,0.563403,0.005354
AATAACAACGCTCGGC-1,0.000124,0.041571,0.958305
AATAACGTCGCGCCCA-1,0.178073,0.818198,0.003729
AATAAGTCCTCGAGAC-1,0.002161,0.995656,0.002184
AATAATCTTCGTATCG-1,0.011057,0.241577,0.747366
AATACAATGTTTCAGG-1,0.009299,0.558254,0.432447
AATACCGGAGGGCTGT-1,0.184938,0.634728,0.180334
AATACCTGATGTGAAC-1,0.001971,0.996054,0.001974
AATAGAATCTGTTTCA-1,0.001455,0.000728,0.997817
AATAGCTACCGCGTGC-1,0.016335,0.9673,0.016365
AATAGGCACGACCCTT-1,0.021613,0.956699,0.021688
AATAGTCCGTCCCGAC-1,0.586942,0.412515,0.000542
AATAGTCGCGAGTCGG-1,0.034034,0.01733,0.948635
AATATCAAGGTCGGAT-1,0.02945,0.941325,0.029226
AATATCCTAGCAAACT-1,0.016274,0.967421,0.016305
AATATCGAATCAATGC-1,0.031899,0.936673,0.031427
AATATCGAGGGTTCTC-1,0.007905,0.984258,0.007838
AATATTGGAGTATTGA-1,0.12473,0.705509,0.169761
AATCAGACTGCAGGAC-1,0.016241,0.967461,0.016298
AATCATGTAAAGACTC-1,0.007629,0.984779,0.007592
AATCCAAGGGCCTGAG-1,0.003101,0.993818,0.003082
AATCCATGCAAGGGTG-1,0.025766,0.948696,0.025538
AATCCCGCTCAGAGCC-1,0.005491,0.741673,0.252835
AATCGAGGTCTCAAGG-1,0.00088,0.983089,0.016031
AATCGCCTCAGCGCCA-1,0.019028,0.97961,0.001362
AATCGCGCAGAGGACT-1,0.104593,0.74286,0.152547
AATCGGGACACTACGA-1,0.004837,0.902637,0.092526
AATCGGTATAGCCCTC-1,0.369358,0.482449,0.148193
AATCGTGAGCCGAGCA-1,0.019528,0.96073,0.019742
AATCTAGGTTTACTTG-1,0.04565,0.249287,0.705063
AATCTATGCCGGAGCC-1,0.134281,0.731417,0.134302
AATCTCTACTGTGGTT-1,0.045838,0.022908,0.931254
AATCTGCGTTGGGACG-1,0.002507,0.448155,0.549339
AATCTGGCTTTCTAGT-1,0.100849,0.797393,0.101758
AATGACAGCAATGTCT-1,0.004668,0.828606,0.166727
AATGACGTAGGATGTC-1,0.0011,0.997139,0.001762
AATGACTGTCAGCCGG-1,0.178684,0.615947,0.205369
AATGAGTTCGCATATG-1,0.019501,0.960921,0.019578
AATGATGATACGCTAT-1,0.562617,0.434311,0.003072
AATGATGCGACTCCTG-1,0.196008,0.003555,0.800437
AATGCACCAAGCAATG-1,0.058576,0.94017,0.001254
AATGGTCCACCGTTCA-1,0.011149,0.785563,0.203288
AATGGTTCTCACAAGC-1,0.000685,0.376241,0.623074
AATGTATGGCACTGTA-1,0.01181,0.744129,0.244061
AATGTGCCCGAGGTGT-1,0.048252,0.624714,0.327034
AATGTTAAGACCCTGA-1,0.002244,0.841459,0.156298
AATGTTGTCGTGAGAC-1,0.199407,0.777933,0.02266
AATTAACGGATTTCCA-1,0.290862,0.592463,0.116675
AATTACGAGACCCATC-1,0.003667,0.359849,0.636485
AATTACTCGTACGCTC-1,0.019691,0.960688,0.019621
AATTAGCGCTGCAGCG-1,0.533721,0.423314,0.042965
AATTATACCCAGCAAG-1,0.002152,0.904153,0.093695
AATTCATAAGGGATCT-1,0.003765,0.992442,0.003793
AATTCATTGTCATGCA-1,0.019036,0.662363,0.318601
AATTCCAACTTGGTGA-1,0.031369,0.652633,0.315998
AATTCCAAGCATGTAC-1,0.24204,0.747056,0.010904
AATTCGATTCGAGGAT-1,0.001813,0.183959,0.814227
AATTGAACGCTCTGGT-1,0.018044,0.041185,0.94077
AATTGCAGCAATCGAC-1,0.011156,0.538542,0.450302
AATTGTGGTTGCCAAA-1,0.143915,0.842334,0.013751
AATTTGGTTCCAAAGA-1,0.121115,0.519648,0.359237
ACAAACCATGCGTCCT-1,0.052251,0.725776,0.221973
ACAAACCGACAAGGCG-1,0.271686,0.59424,0.134074
ACAAACTCCATCAGAG-1,0.282679,0.70589,0.01143
ACAAAGAAGGTAGGCC-1,0.011995,0.975921,0.012083
ACAAAGCATGACCTAG-1,0.007125,0.985808,0.007067
ACAAATCGCACCGAAT-1,0.044822,0.000075,0.955103
ACAAATGGTAGTGTTT-1,0.000974,0.454759,0.544267
ACAACGGTCCCTGCGA-1,0.01137,0.093349,0.895281
ACAAGCAGTGCCTAGC-1,0.000241,0.00127,0.99849
ACAAGCTATATGGAAG-1,0.025692,0.29005,0.684258
ACAAGGAAATCCGCCC-1,0.110197,0.889068,0.000735
ACAAGGACAAGAGGTT-1,0.024106,0.544516,0.431378
ACAAGGATGCTTTAGG-1,0.001465,0.235162,0.763372
ACAAGGGCAGGCTCTG-1,0.000824,0.937422,0.061754
ACAATAGTCGTACGTT-1,0.014163,0.77843,0.207406
ACAATCCATTTAAACC-1,0.000458,0.658542,0.341
ACAATCGATCTTTATA-1,0.008961,0.98207,0.008969
ACAATGAATACGGAGA-1,0.00136,0.807445,0.191195
ACAATTGTGTCTCTTT-1,0.05919,0.881953,0.058857
ACAATTTAGGAGGCTC-1,0.021748,0.956489,0.021763
ACAATTTGAGCAGTGG-1,0.00231,0.798289,0.199401
ACAATTTGGCCATATT-1,0.020582,0.958813,0.020605
ACACAAAGACGGGTGG-1,0.281887,0.530588,0.187525
ACACAAATATTCCTAG-1,0.020446,0.959204,0.020349
ACACACCAGGACCAGT-1,0.005548,0.496352,0.4981
ACACACTTTCTACACG-1,0.091204,0.333822,0.574974
ACACATGATCAAATCT-1,0.00066,0.959959,0.039381
ACACATTGACGCAACA-1,0.274274,0.70288,0.022846
ACACATTTCCGTAGAC-1,0.197873,0.798708,0.003419
ACACCACATAATTAGC-1,0.005692,0.170095,0.824213
ACACCCAGCATGCAGC-1,0.335448,0.614548,0.050005
ACACCCGAGAAATCCG-1,0.000251,0.695446,0.304303
ACACCGAGCGCTCTTT-1,0.051131,0.897499,0.051369
ACACCGGTCTGACCGC-1,0.09062,0.755057,0.154323
ACACCTTAAGTAGGGC-1,0.008641,0.80554,0.185819
ACACCTTACTACTTGC-1,0.020597,0.95888,0.020523
ACACGGCACTATGCAT-1,0.063074,0.934545,0.002381
ACACGTAGGCCACAAG-1,0.019484,0.631716,0.3488
ACACTCCAATGTCACT-1,0.022738,0.954577,0.022685
ACACTGGGACAGTCGT-1,0.197229,0.785001,0.017771
ACAGAACTGAGAACAA-1,0.006378,0.863032,0.13059
ACAGATTAGGTTAGTG-1,0.00298,0.869634,0.127386
ACAGCATAGAGCCAGT-1,0.317382,0.675009,0.007609
ACAGCGACATTCTCAT-1,0.036801,0.925915,0.037284
ACAGGAGGCGCAGCCG-1,0.004625,0.990786,0.004589
ACAGGCACGGATCCTT-1,0.237672,0.752016,0.010312
ACAGGCTTGCCCGACT-1,0.001452,0.500183,0.498365
ACAGGTGTGTTGTTGC-1,0.034302,0.93121,0.034488
ACAGTAATACAACTTG-1,0.931376,0.023066,0.045559
ACAGTATACCGTGGGA-1,0.004903,0.793288,0.20181
ACATAAGTCGTGGTGA-1,0.029699,0.941154,0.029147
ACATAATAAGGCGGTG-1,0.596699,0.391241,0.01206
ACATACAATCAAGCGG-1,0.002611,0.994787,0.002601
ACATCAGCTGGGACGC-1,0.025771,0.683086,0.291143
ACATCCCGGCCATACG-1,0.714763,0.195033,0.090204
ACATCCTGGTAACTGT-1,0.04119,0.917509,0.041301
ACATCGGTCAGCCGCG-1,0.000729,0.889952,0.109319
ACATCGTATGCAATGG-1,0.00069,0.944843,0.054467
ACATCGTTAACCTAGT-1,0.002652,0.899661,0.097687
ACATCTCAACGCGTAA-1,0.009151,0.981654,0.009195
ACATGGCGCCAAAGTA-1,0.222031,0.771261,0.006708
ACATGGCTCAATTTAG-1,0.931344,0.023317,0.045339
ACATTTGAAACCTAAC-1,0.002446,0.995102,0.002452
ACCAAACACCCAGCGA-1,0.005107,0.601636,0.393256
ACCAAACTAGAAATCC-1,0.024044,0.658897,0.317059
ACCAACACCACACACT-1,0.025734,0.612794,0.361471
ACCAACCGCACTCCAC-1,0.006874,0.003435,0.989691
ACCAAGAACGCGTGTC-1,0.058985,0.815209,0.125807
ACCAAGTCATCGGCAG-1,0.008595,0.778942,0.212463
ACCAATATGCAAGTTA-1,0.184563,0.453735,0.361702
ACCACACGGTTGATGG-1,0.003194,0.993592,0.003214
ACCACCAATGTAACAA-1,0.008691,0.739194,0.252115
ACCACCCTCTCTTCTA-1,0.012489,0.974966,0.012545
ACCACGTGCAGCTATA-1,0.052882,0.945245,0.001872
ACCACTGTTCAAGAAG-1,0.004192,0.991642,0.004166
ACCAGACCATAACAAC-1,0.012471,0.975011,0.012518
ACCAGCCCGGTCTTTG-1,0.359794,0.627686,0.012521
ACCAGGAGTGTGATCT-1,0.127188,0.514621,0.358191
ACCAGTGCGGGAGACG-1,0.025614,0.948552,0.025834
ACCATCCGCCAACTAG-1,0.029332,0.94142,0.029249
ACCATTAAGGGTGTCA-1,0.051339,0.897255,0.051405
ACCCAACGCCCGTGGC-1,0.012114,0.975667,0.012219
ACCCACCTACATGCTC-1,0.000343,0.163526,0.836131
ACCCATCTTGAGGGTA-1,0.059501,0.829581,0.110918
ACCCATTTGTCCCTCT-1,0.010547,0.97894,0.010513
ACCCGGAAACTCCCAG-1,0.326752,0.617761,0.055487
ACCCGGAGCACCACAA-1,0.001115,0.997771,0.001115
ACCCGGATGACGCATC-1,0.002571,0.994862,0.002567
ACCCGTAGTCTAGTTG-1,0.002684,0.417228,0.580088
ACCCGTGTCATCAGTA-1,0.435219,0.5639,0.000882
ACCCTATAGGACTGAG-1,0.007209,0.26288,0.729911
ACCCTCCCGTCAGGGC-1,0.00685,0.942092,0.051058
ACCCTCCCTTGCTATT-1,0.000428,0.13879,0.860783
ACCCTGGTAACGCCCT-1,0.019575,0.960714,0.019711
ACCCTTCATCTGCGAA-1,0.001208,0.202969,0.795823
ACCCTTGCCTGGGTCG-1,0.00763,0.984757,0.007613
ACCGAAAGGGCCCTGC-1,0.277085,0.691645,0.03127
ACCGAAGAGTCTGGTT-1,0.267372,0.025886,0.706742
ACCGACACATCTCCCA-1,0.198309,0.702343,0.099348
ACCGAGTCTCCTTATT-1,0.005053,0.989875,0.005072
ACCGATAGGCATAACC-1,0.51475,0.015985,0.469265
ACCGATATTTAATCAT-1,0.040857,0.917538,0.041604
ACCGATGGTAGCATCG-1,0.019498,0.960876,0.019626
ACCGCAATAACTGCCT-1,0.181953,0.519987,0.29806
ACCGCGGTGGAAGTCG-1,0.45801,0.512507,0.029483
ACCGGGCCTTTGTTGA-1,0.337774,0.018949,0.643277
ACCGGTCAGGTACACC-1,0.184573,0.813218,0.002209
ACCGTCCACTGGGCCC-1,0.008957,0.982131,0.008912
ACCGTGACCACGTGGG-1,0.001795,0.888373,0.109832
ACCGTTCCCGCTCTGA-1,0.018671,0.96263,0.018699
ACCTAAGTACCTTTCA-1,0.043604,0.875792,0.080604
ACCTAATCGACTTCCT-1,0.031182,0.000098,0.96872
ACCTACAGTATGTGGT-1,0.037287,0.925433,0.037279
ACCTACTATAAATCTA-1,0.029543,0.941354,0.029103
ACCTCAGCGAGGCGCA-1,0.001171,0.997662,0.001167
ACCTCCGCCCTCGCTG-1,0.012057,0.006087,0.981856
ACCTCCGTTATTCACC-1,0.045517,0.650171,0.304312
ACCTCGAACTTATGCT-1,0.058298,0.675499,0.266203
ACCTGCGTGTCATGTT-1,0.003803,0.469238,0.526959
ACCTTTCCTTTAGAAG-1,0.014197,0.971755,0.014048
ACGAAATGGGCGGCAC-1,0.001719,0.910409,0.087872
ACGACCCATGAGTTGC-1,0.060462,0.938475,0.001064
ACGACTCTAGGGCCGA-1,0.006748,0.65903,0.334222
ACGAGAACCCATCACG-1,0.014579,0.970885,0.014535
ACGAGGATACCACTCT-1,0.001372,0.446849,0.55178
ACGAGGTTTACAACGT-1,0.06781,0.864607,0.067583
ACGAGTACGGATGCCC-1,0.022694,0.954494,0.022812
ACGAGTCGCCGGCGTT-1,0.017903,0.964225,0.017872
ACGATACATAGAACTA-1,0.005033,0.989941,0.005026
ACGATACCTATCCTGA-1,0.398496,0.124985,0.47652
ACGATCATCTTGTAAA-1,0.045689,0.908975,0.045336
ACGATGGATCCGATGC-1,0.004303,0.99141,0.004288
ACGCAAACTAATAGAT-1,0.015189,0.96948,0.015331
ACGCAATCACTACAGC-1,0.792498,0.188827,0.018675
ACGCATACGTTTACTA-1,0.159995,0.014574,0.825431
ACGCCACTCGAAACAG-1,0.005309,0.989355,0.005336
ACGCCAGATGATTTCT-1,0.007331,0.985313,0.007356
ACGCCAGTGCGTTTGC-1,0.008041,0.983869,0.008091
ACGCCCAGCTGTCGAT-1,0.011399,0.977175,0.011426
ACGCCGCTAGACGACC-1,0.172089,0.436393,0.391518
ACGCCTGACACGCGCT-1,0.002352,0.853994,0.143654
ACGCGCTACACAGGGT-1,0.16847,0.595198,0.236332
ACGCGTTTCTTAAGAG-1,0.024257,0.563184,0.412558
ACGCTACTGAATGGGC-1,0.005293,0.858524,0.136184
ACGCTAGTGATACACT-1,0.01469,0.007396,0.977913
ACGCTGTGAGGCGTAG-1,0.027325,0.945481,0.027195
ACGGAACACGAGTGCC-1,0.004281,0.768565,0.227154
ACGGAATTTAGCAAAT-1,0.004523,0.990944,0.004533
ACGGACTCTCAAAGCG-1,0.04715,0.292054,0.660796
ACGGAGCGCAAATTAC-1,0.188524,0.409226,0.40225
ACGGATGGTGCGGATA-1,0.000337,0.18131,0.818353
ACGGCGACGATGGGAA-1,0.00055,0.9989,0.00055
ACGGCGGGTTGCCCTG-1,0.001626,0.996756,0.001618
ACGGCTGGATGTAGAA-1,0.00653,0.802798,0.190671
ACGGGAGTGTCGGCCC-1,0.200724,0.765311,0.033965
ACGGGCGTATGCGACA-1,0.003234,0.993533,0.003234
ACGGGTCATGTGACTT-1,0.400422,0.558506,0.041072
ACGGTACAGTTCAATG-1,0.008899,0.982111,0.00899
ACGTACAGATTTCTCT-1,0.49548,0.484037,0.020483
ACGTAGGAGAGTCGCT-1,0.00262,0.994755,0.002626
ACGTATTACTCCGATC-1,0.018513,0.806695,0.174791
ACGTCCTAAACGAGAT-1,0.018654,0.962693,0.018653
ACGTCTCGTTCCGGGA-1,0.022637,0.954555,0.022808
ACGTGACAAAGTAAGT-1,0.190329,0.658482,0.151189
ACGTGCGCCTCGTGCA-1,0.149883,0.848861,0.001256
ACGTGGTCGAATGTGC-1,0.146265,0.852371,0.001364
ACGTTAGATTTGCCCG-1,0.146257,0.795214,0.058529
ACGTTATTGGTCACTC-1,0.103799,0.052108,0.844093
ACGTTCACTATGCCGC-1,0.327642,0.612954,0.059404
ACGTTCCGCGCTCCGT-1,0.26958,0.710802,0.019618
ACGTTCGCAATCAATT-1,0.376087,0.006246,0.617667
ACGTTCGTTCAGGAAA-1,0.170681,0.811776,0.017543
ACGTTCTGTACAAGTC-1,0.01025,0.560173,0.429578
ACGTTTAGTTGTGATC-1,0.01576,0.728042,0.256198
ACGTTTCGGTGCACTT-1,0.00533,0.989352,0.005318
ACTAAGGACGCACACC-1,0.000822,0.768529,0.23065
ACTACAAAGAGAGGTG-1,0.001748,0.927088,0.071165
ACTACATCCCGACAAG-1,0.081836,0.772814,0.14535
ACTACCAGCTCTCTGG-1,0.040164,0.65656,0.303275
ACTACGCGTTAGAATT-1,0.463733,0.52722,0.009048
ACTAGTTGCGATCGTC-1,0.036909,0.925959,0.037132
ACTATATGCTGTGTTC-1,0.003463,0.69614,0.300398
ACTATCCAGGGCATGG-1,0.034024,0.931865,0.034111
ACTATCGCCGGCTAAA-1,0.176755,0.309487,0.513758
ACTATCTGCCCGCGTA-1,0.029464,0.941284,0.029252
ACTATGTCCAGCTGCC-1,0.151218,0.668215,0.180566
ACTATTCGTCCGTGGT-1,0.499461,0.488021,0.012518
ACTATTTCCGGGCCCA-1,0.002179,0.848651,0.14917
ACTCAACGAATGTATT-1,0.012046,0.97595,0.012004
ACTCAAGTGCAAGGCT-1,0.00406,0.448763,0.547177
ACTCAGACCTGCTTCT-1,0.034268,0.676377,0.289355
ACTCCCATTCCTAAAG-1,0.694651,0.273889,0.03146
ACTCCCGAATTCGTTT-1,0.058901,0.882237,0.058862
ACTCCCGTAGACTAGG-1,0.007872,0.984191,0.007937
ACTCCCTAATGCTAAA-1,0.278722,0.720416,0.000861
ACTCCCTAGAATAGTA-1,0.394704,0.475276,0.13002
ACTCCGGCCGACCACT-1,0.01273,0.974478,0.012792
ACTCGATGTATTTCAT-1,0.041224,0.917502,0.041274
ACTCGCCGTTCGATAA-1,0.975173,0.008281,0.016546
ACTCGCGATCTGACGC-1,0.494867,0.015834,0.4893
ACTCGTAACCCGTCCT-1,0.009627,0.683402,0.306971
ACTCGTCAGTAATCCC-1,0.244112,0.749305,0.006583
ACTCTAAACCTGGGAT-1,0.017074,0.86129,0.121636
ACTCTCTGACTTAGGT-1,0.001275,0.922148,0.076577
ACTCTGACCTAATAGA-1,0.010465,0.979053,0.010482
ACTCTTCAGCTCCCGC-1,0.037116,0.620371,0.342513
ACTGAAACGCCGTTAG-1,0.090461,0.891571,0.017968
ACTGAATGGCGAAAGT-1,0.000553,0.547901,0.451547
ACTGCCGTCGTAACTC-1,0.417213,0.580612,0.002175
ACTGCGGACACACCGT-1,0.232985,0.745505,0.02151
ACTGCTCGGAAGGATG-1,0.006429,0.987098,0.006472
ACTGGCGAACCTGCGT-1,0.071761,0.687587,0.240652
ACTGGGATGCCAGTGC-1,0.213748,0.287589,0.498663
ACTGTACGATACACAT-1,0.143994,0.562832,0.293175
ACTGTAGCACTTTGGA-1,0.121346,0.573925,0.304728
ACTGTATACGCGAGCA-1,0.010463,0.979052,0.010485
ACTGTGCTAGTAGATC-1,0.121378,0.253706,0.624915
ACTGTTTAGTGTAGGC-1,0.009065,0.981887,0.009048
ACTTACGCATCCACGC-1,0.112942,0.574447,0.312612
ACTTAGTACGACAAGA-1,0.001024,0.451039,0.547937
ACTTATACTTACCCGG-1,0.00718,0.643705,0.349115
ACTTATCTGATCTATA-1,0.078193,0.673912,0.247895
ACTTATTTATGTGCCA-1,0.347825,0.017242,0.634933
ACTTCAGGCTGATCCC-1,0.000238,0.016427,0.983335
ACTTCCAGTGGAAGCT-1,0.010047,0.979886,0.010067
ACTTCCATGCGGGACA-1,0.071037,0.755838,0.173125
ACTTCGCTAGCGAGTG-1,0.037166,0.92538,0.037454
ACTTGACTCCCTCTTT-1,0.06179,0.936861,0.001348
ACTTGCCATATTGTAC-1,0.003177,0.627813,0.36901
ACTTGGGACCCGGTGG-1,0.184511,0.439749,0.375741
ACTTGGGCTTTCGCCA-1,0.000786,0.955956,0.043258
ACTTGTAGTCCCTTCA-1,0.483786,0.44802,0.068194
ACTTGTGGATGGAACG-1,0.084304,0.833256,0.08244
ACTTGTTACCGGATCA-1,0.098054,0.575729,0.326217
ACTTTACCCTCATGAA-1,0.011707,0.454423,0.53387
ACTTTGACTGCATCCT-1,0.236147,0.485083,0.27877
ACTTTGGTCGTGCTCC-1,0.012508,0.974977,0.012515
ACTTTGTCGACGCACT-1,0.025451,0.591084,0.383465
AGAAATTATGACTCGC-1,0.010872,0.287453,0.701675
AGAACCCAGCGTGACA-1,0.024075,0.951687,0.024237
AGAACCCTCAATTGGG-1,0.013009,0.539457,0.447534
AGAACTGTACTTTGTA-1,0.00435,0.991295,0.004355
AGAAGAGCGCCGTTCC-1,0.051019,0.898095,0.050886
AGAAGGTACACTTCAC-1,0.217848,0.76969,0.012462
AGAAGGTTGTAGGTCG-1,0.000644,0.540593,0.458763
AGAAGTGATTCGTGAT-1,0.240338,0.7581,0.001562
AGAATAAATCTTCAGG-1,0.021666,0.563901,0.414433
AGAATACAGGCTATCC-1,0.001122,0.798886,0.199992
AGAATGCGGGTTCGGA-1,0.073517,0.695821,0.230662
AGAATTATGGATTCGA-1,0.024072,0.951605,0.024323
AGAATTGTTTGACATA-1,0.003278,0.68007,0.316653
AGACAGCTCAGAATCC-1,0.081426,0.467738,0.450836
AGACAGGCATCTCAGC-1,0.348062,0.450179,0.201759
AGACATAGATCCTTCC-1,0.033998,0.760157,0.205845
AGACCAAACCACACCT-1,0.016323,0.762861,0.220817
AGACCATGGGATACAA-1,0.000289,0.213876,0.785835
AGACCCACCGCTGATC-1,0.572805,0.393503,0.033693
AGACCGCTCCGCGGTT-1,0.490947,0.067486,0.441568
AGACCGGGAAACCCTG-1,0.031509,0.937285,0.031207
AGACGAAGTGCCGGTC-1,0.019644,0.804236,0.176121
AGACGACGATGCCGCT-1,0.242375,0.449464,0.308161
AGACGCCCACTTCGCC-1,0.010018,0.979914,0.010069
AGACTAGCCTTCCAGA-1,0.654832,0.157521,0.187648
AGACTGTTACCGGGTC-1,0.477951,0.289326,0.232722
AGAGAACCGTCTAGGA-1,0.097302,0.89731,0.005387
AGAGATCTCTAAAGCG-1,0.010301,0.70049,0.28921
AGAGCAGTTATGAGAC-1,0.173903,0.144052,0.682045
AGAGCCGCCGAGATTT-1,0.034144,0.931664,0.034192
AGAGCGCTTGTAACGG-1,0.346555,0.639712,0.013733
AGAGCGGGCTAATCAT-1,0.065666,0.799677,0.134657
AGAGCGTACAAGCTCG-1,0.000208,0.002539,0.997253
AGAGCTACGAAAGCAT-1,0.080844,0.837517,0.081639
AGAGGCTTCGGAAACC-1,0.057692,0.926027,0.016281
AGAGGTATCTCGGTCC-1,0.006109,0.987774,0.006117
AGAGTAAACTTCACTA-1,0.175187,0.009827,0.814986
AGAGTATAGTGTTACG-1,0.022648,0.954488,0.022864
AGAGTCTTAATGAAAG-1,0.169489,0.827252,0.00326
AGAGTTGCAGGCCTCC-1,0.186815,0.647918,0.165267
AGATAACTTCAGGGCC-1,0.130355,0.597101,0.272544
AGATACCAATAGAACC-1,0.01872,0.6064,0.37488
AGATACCAGCACTTCA-1,0.00068,0.925535,0.073785
AGATACCGGTGTTCAC-1,0.139632,0.767976,0.092392
AGATACGACTTCATAT-1,0.000608,0.412498,0.586895
AGATACTCAAGATCGA-1,0.000646,0.79781,0.201544
AGATATAATACGACTA-1,0.012837,0.743741,0.243422
AGATCGTGCATAAGAT-1,0.001859,0.662774,0.335368
AGATGACTCGCCCACG-1,0.333331,0.66583,0.000839
AGATGAGGGTTGCGAT-1,0.004504,0.761922,0.233574
AGATGATGGAGTCTGG-1,0.016861,0.008533,0.974606
AGATGCAAGACGTGCA-1,0.000827,0.960768,0.038405
AGATGCATCCTGTGTC-1,0.041295,0.917614,0.041091
AGATGCTATAACGAGC-1,0.19327,0.804689,0.002041
AGATTCACAACCGATA-1,0.013295,0.710515,0.27619
AGCAAAGGCCGCTAGT-1,0.033839,0.780864,0.185298
AGCAACATATCTTATT-1,0.034703,0.93119,0.034107
AGCAACCGAAAGTAAT-1,0.000755,0.577293,0.421951
AGCACTACCGGCCTGT-1,0.004428,0.991162,0.004411
AGCACTACCTCACCAG-1,0.000324,0.170583,0.829092
AGCACTTAAGGACGCC-1,0.019787,0.441178,0.539034
AGCAGAAGGAGAAAGA-1,0.066981,0.308767,0.624252
AGCAGCCAGATGAATA-1,0.553686,0.445865,0.000449
AGCAGTCGAAGCATGC-1,0.001755,0.530055,0.46819
AGCATATCAATATGCT-1,0.031899,0.524927,0.443174
AGCATCATTTCGAAAG-1,0.00097,0.752941,0.246089
AGCATCGTCGATAATT-1,0.23731,0.760779,0.001912
AGCATTACGAGGCAAG-1,0.130211,0.857342,0.012447
AGCCAAGCTTTGTGTC-1,0.328636,0.443651,0.227713
AGCCACAGGTTACCCG-1,0.145308,0.845802,0.00889
AGCCACTCCCGTGCTT-1,0.1576,0.290137,0.552263
AGCCATATAGTATGTG-1,0.545346,0.453696,0.000958
AGCCCATACATGTAAG-1,0.044708,0.780321,0.174971
AGCCCGCAACAAGCAG-1,0.182955,0.81471,0.002335
AGCCCGCACTACAATG-1,0.233546,0.762437,0.004017
AGCCCGGCATTAGAGG-1,0.002148,0.635627,0.362225
AGCCCGGTAGCCTGTA-1,0.324921,0.393516,0.281563
AGCCCTAAGCGAAGTT-1,0.001753,0.842821,0.155426
AGCCCTGTCGCACCGT-1,0.314335,0.18105,0.504615
AGCCCTTCTAATCCGA-1,0.007755,0.836909,0.155336
AGCCCTTGGACATCCC-1,0.017894,0.96421,0.017895
AGCCGCAAATTCAAAT-1,0.018937,0.927338,0.053725
AGCCGCTTGATTAGCG-1,0.011639,0.976661,0.0117
AGCCGTGGCTAAATGT-1,0.090846,0.825486,0.083667
AGCCTAATACCCACGT-1,0.000825,0.144032,0.855143
AGCCTTAAAGCGGAAG-1,0.15876,0.814082,0.027158
AGCGACATCCCATTCA-1,0.117441,0.629155,0.253404
AGCGACCAACGATATT-1,0.119325,0.592257,0.288418
AGCGACTTTGAAGACA-1,0.016502,0.967083,0.016414
AGCGATGCGCCTAATA-1,0.005055,0.828371,0.166574
AGCGCATAATGAATCG-1,0.676909,0.320863,0.002227
AGCGCGGGTGCCAATG-1,0.003132,0.993717,0.003151
AGCGCTAGAGCGATGT-1,0.017891,0.480958,0.501151
AGCGGACACTTCGTAG-1,0.090449,0.822112,0.08744
AGCGGCGGTTAGCGGT-1,0.02735,0.699343,0.273307
AGCGGGAAGGGTCCAT-1,0.003125,0.709389,0.287486
AGCGGGTCTGACACTC-1,0.013728,0.972508,0.013764
AGCGGTTGCCGCTCTG-1,0.010327,0.979377,0.010296
AGCGTACGAGAGCTAG-1,0.010019,0.980028,0.009953
AGCGTAGCGCTAGACC-1,0.005537,0.988875,0.005589
AGCGTCTGAACCCGCA-1,0.175731,0.709247,0.115022
AGCGTGGTATTCTACT-1,0.256494,0.742802,0.000704
AGCTAAGCTCCGTCCG-1,0.051813,0.593717,0.35447
AGCTAAGTACGCAGGC-1,0.012056,0.975895,0.01205
AGCTACGAATGGTGGT-1,0.002443,0.995103,0.002454
AGCTAGAAGCAGAAGT-1,0.002946,0.445451,0.551603
AGCTATTTAATCCAAC-1,0.240853,0.756904,0.002243
AGCTCCATATATGTTC-1,0.217119,0.731555,0.051326
AGCTCCTTCGCACATC-1,0.081293,0.191565,0.727142
AGCTCGTTGATGGAAA-1,0.013178,0.97356,0.013262
AGCTCTAGACGTTCCA-1,0.236765,0.761801,0.001435
AGCTCTTCCCAGTGCA-1,0.003454,0.739575,0.25697
AGCTCTTCGTAACCTT-1,0.024125,0.951591,0.024283
AGCTGAAGTAAACCAA-1,0.069467,0.626852,0.303681
AGCTGTAACCTCAATC-1,0.093886,0.542677,0.363437
AGCTTATAGAGACCTG-1,0.002981,0.994051,0.002968
AGCTTCAATACTTTGA-1,0.10648,0.882011,0.01151
AGCTTCTTCTCGAGCA-1,0.010778,0.955468,0.033754
AGCTTGATCTTAACTT-1,0.469602,0.525066,0.005333
AGGAAAGCCTCTGATG-1,0.019685,0.46467,0.515645
AGGAACGAACGACTTC-1,0.010048,0.979871,0.010081
AGGAAGCTGTCCGCCG-1,0.141183,0.783461,0.075356
AGGACAGTCGAATCCC-1,0.002927,0.606295,0.390778
AGGACATCGCACGTCG-1,0.063706,0.603484,0.33281
AGGACATCGGCACACT-1,0.132033,0.858637,0.00933
AGGACGCTCGATGTTG-1,0.001461,0.635298,0.363241
AGGACTTATAGGAGAA-1,0.029306,0.94114,0.029554
AGGAGACATCCACAGT-1,0.289343,0.693451,0.017206
AGGAGAGTCTGGCTAC-1,0.015273,0.813313,0.171414
AGGAGCGTTTATTATC-1,0.00824,0.983583,0.008176
AGGAGGCCTTCGCGCG-1,0.01288,0.974145,0.012975
AGGATAAAGTCGGGAT-1,0.38418,0.615336,0.000484
AGGATATAGGGATTTA-1,0.081718,0.836074,0.082208
AGGATATCCGACTGCA-1,0.022702,0.954396,0.022902
AGGATCACGCGATCTG-1,0.303609,0.674774,0.021617
AGGATTGCTTACGACA-1,0.033939,0.932102,0.033959
AGGCAAAGAGGAATCA-1,0.001559,0.996881,0.001561
AGGCAATACGGAGGAC-1,0.014094,0.971746,0.014161
AGGCACGTGACTGTCC-1,0.025766,0.948586,0.025648
AGGCAGATGCGTAAAC-1,0.005007,0.989985,0.005008
AGGCAGGGAGCGTACT-1,0.522622,0.476397,0.00098
AGGCATTGTCGTAGGG-1,0.010541,0.318991,0.670467
AGGCCACATTGGTTAC-1,0.034431,0.931466,0.034104
AGGCCACCCGTTATGA-1,0.215286,0.334711,0.450003
AGGCCCAGTGACTGGT-1,0.04527,0.590362,0.364368
AGGCCCATTGTACAGG-1,0.171439,0.696055,0.132505
AGGCCCTAGAACGCCA-1,0.181409,0.748173,0.070418
AGGCCTATCATACCAA-1,0.002301,0.853564,0.144135
AGGCCTGAGAATCTCG-1,0.086372,0.702596,0.211032
AGGCGATAACTGGCGT-1,0.002161,0.85653,0.141309
AGGCGGTTTGTCCCGC-1,0.000864,0.875295,0.123841
AGGCGTCTATGGACGG-1,0.045182,0.022946,0.931872
AGGCTATGGTTAGCTT-1,0.000146,0.001101,0.998753
AGGCTTAAGTTGCACA-1,0.001335,0.986262,0.012402
AGGCTTGCTAGACACC-1,0.009736,0.199439,0.790826
AGGGACAGCACGGCGG-1,0.005498,0.989027,0.005475
AGGGACCGGCTGCGTT-1,0.381629,0.606307,0.012064
AGGGACTCTACGCGAC-1,0.223555,0.748271,0.028173
AGGGAGACATACTTCG-1,0.025616,0.632547,0.341837
AGGGCAGCGGCGTGGT-1,0.024291,0.951288,0.02442
AGGGCCCTAATGTTCT-1,0.004186,0.991627,0.004187
AGGGCGAGCAGCTGAT-1,0.190276,0.427576,0.382148
AGGGCGTGATCGGCTA-1,0.092807,0.691378,0.215814
AGGGTCAGAGCACTCG-1,0.275376,0.715031,0.009593
AGGGTCAGTAACCCTA-1,0.020607,0.958681,0.020712
AGGGTCGATGCGAACT-1,0.05077,0.385496,0.563734
AGGGTCTGGACGCAGT-1,0.003157,0.993675,0.003168
AGGGTGCTCTCGAGGG-1,0.006851,0.806951,0.186197
AGGGTGGATAGTGCAT-1,0.045372,0.90848,0.046148
AGGGTTCAGACGGTCC-1,0.273726,0.705876,0.020398
AGGGTTCCCTTTGGTT-1,0.006529,0.37338,0.620091
AGGTAACCTCCTATTC-1,0.021595,0.956697,0.021708
AGGTACGATATTGCCA-1,0.215462,0.757253,0.027286
AGGTAGGTACAAAGCT-1,0.000392,0.628929,0.370678
AGGTATAATTGATAGT-1,0.017905,0.964091,0.018005
AGGTATGCGGACATTA-1,0.041733,0.020851,0.937417
AGGTCAGGTGAGAGTG-1,0.106747,0.627975,0.265278
AGGTCGCCACTTCGGT-1,0.006961,0.934496,0.058543
AGGTCGCCTCCCAACA-1,0.00247,0.995075,0.002455
AGGTCGCGGAGTTACT-1,0.031854,0.936729,0.031418
AGGTGCACGTCCACAT-1,0.281481,0.707378,0.011141
AGGTGGTGACCTTCGC-1,0.52256,0.304921,0.172519
AGGTGTATCGCCATGA-1,0.028916,0.941864,0.029219
AGGTGTTGCCGACCAC-1,0.003933,0.992092,0.003975
AGGTTACACCATGCCG-1,0.029087,0.941553,0.02936
AGGTTCTCCTTTCCGG-1,0.104278,0.702732,0.192991
AGTAACTATAGCAGCC-1,0.008788,0.982448,0.008764
AGTAAGGGACAGAATC-1,0.001216,0.646978,0.351806
AGTAATCTAAGGGTGG-1,0.006918,0.98611,0.006972
AGTAATGTCTTGCCGC-1,0.216177,0.757927,0.025896
AGTACAGAAGCTTATA-1,0.004577,0.990853,0.00457
AGTACATCATTTATCA-1,0.051178,0.236004,0.712818
AGTACGGCCCGTATCG-1,0.029127,0.824946,0.145927
AGTACGGGCACCTGGC-1,0.006245,0.785225,0.20853
AGTACTCTTATGCCCA-1,0.005871,0.632884,0.361246
AGTAGAAGGCGCCTCA-1,0.288589,0.710081,0.00133
AGTAGCGTGAACGAAC-1,0.239206,0.726647,0.034147
AGTAGGAAGGAAGTTG-1,0.156575,0.830939,0.012486
AGTAGGTAACATACAT-1,0.00099,0.73477,0.264239
AGTATAATACTAGGCA-1,0.000182,0.215033,0.784785
AGTATACACAGCGACA-1,0.420089,0.290049,0.289862
AGTATCCATAATAACG-1,0.004841,0.409376,0.585783
AGTATGCTGGAGACCA-1,0.000518,0.998961,0.000521
AGTATTTGGCACGACC-1,0.430713,0.568529,0.000758
AGTCAAGATGACACTT-1,0.011175,0.479112,0.509713
AGTCACTAGCTCTCGA-1,0.015817,0.825356,0.158827
AGTCACTCCGCCTCAT-1,0.011353,0.977289,0.011358
AGTCAGCCACCGCCTG-1,0.004954,0.990073,0.004974
AGTCCAGCGGGTACGT-1,0.00453,0.990964,0.004506
AGTCCATTGGCTGATG-1,0.012496,0.975174,0.01233
AGTCCCGCCTTTAATT-1,0.005345,0.758402,0.236253
AGTCCCTCGCAGAAAG-1,0.009334,0.981363,0.009302
AGTCGAATTAGCGTAA-1,0.012817,0.974308,0.012875
AGTCGACGGTCTCAAG-1,0.013331,0.973485,0.013183
AGTCGGCCCAAACGAC-1,0.000357,0.798609,0.201035
AGTCGGCTCAACTTTA-1,0.098224,0.665277,0.236499
AGTCGGTTGCGTGAGA-1,0.37751,0.406535,0.215955
AGTCGTATAAAGCAGA-1,0.003253,0.875804,0.120943
AGTCGTCGACCACCAA-1,0.04831,0.494771,0.45692
AGTCGTGGGCATTACG-1,0.270148,0.725618,0.004234
AGTCTAAAGTATACTC-1,0.372813,0.490728,0.136459
AGTCTCACAAGACTAC-1,0.04661,0.396862,0.556528
AGTCTGGACATCCTTG-1,0.260252,0.650955,0.088793
AGTCTTTAAAGTGTCC-1,0.003168,0.889359,0.107473
AGTGAACAAACTTCTC-1,0.040791,0.917934,0.041276
AGTGAAGATGGTGTCC-1,0.017226,0.965565,0.017209
AGTGAGACTTCCAGTA-1,0.003751,0.62673,0.369519
AGTGAGCCTCGCCGCC-1,0.01865,0.580326,0.401024
AGTGAGTCGAATTAAC-1,0.018679,0.838789,0.142532
AGTGATAACCTGCGCG-1,0.006216,0.805904,0.18788
AGTGATTCAAGCAGGA-1,0.203783,0.791743,0.004474
AGTGCACGCTTAAGAA-1,0.01473,0.970516,0.014754
AGTGCTAAACACAGCA-1,0.086102,0.644552,0.269346
AGTGCTTGCACGAATA-1,0.008749,0.68218,0.30907
AGTGGCCCGCAAATGG-1,0.006215,0.85892,0.134865
AGTGGCGGCAATTTGA-1,0.002096,0.676608,0.321296
AGTGGCGTCTGAAGGT-1,0.00745,0.630485,0.362065
AGTGGCTCCGTCGGCC-1,0.305573,0.693433,0.000994
AGTGGGAGTATACACG-1,0.02403,0.669859,0.306111
AGTGGTGTTACCCGTG-1,0.027171,0.94542,0.027409
AGTGGTTGCGTATAGG-1,0.034021,0.017261,0.948719
AGTGTATTGCGCATTG-1,0.066511,0.770979,0.16251
AGTGTGCTAAGATCGC-1,0.045751,0.471726,0.482524
AGTGTGGTCTATTGTG-1,0.003284,0.809855,0.186861
AGTTAAGTCAACCGCT-1,0.000623,0.634125,0.365252
AGTTACCCTTAAGACT-1,0.045393,0.909218,0.045389
AGTTACCGCACATGGT-1,0.347965,0.640859,0.011176
AGTTATTCAGACTGTG-1,0.293472,0.700228,0.006299
AGTTATTGAAAGGTAA-1,0.0228,0.591815,0.385385
AGTTCACCGGTTGGAC-1,0.031507,0.193545,0.774947
AGTTCTGCGTTGTATC-1,0.01086,0.865634,0.123506
AGTTGACATCGGCTGG-1,0.449086,0.538507,0.012407
AGTTGACGGTCCTTGC-1,0.253096,0.592239,0.154665
AGTTGCTGACTGATAT-1,0.001832,0.119315,0.878853
AGTTGGCAAGGCTAGA-1,0.006044,0.987896,0.006061
AGTTTATGTAAAGACA-1,0.025577,0.948577,0.025846
AGTTTCGCAGGTCGGA-1,0.033945,0.932102,0.033953
AGTTTGCACCTGCCTC-1,0.053928,0.312155,0.633917
AGTTTGGCACGGGTTG-1,0.268438,0.006867,0.724696
AGTTTGGCCAGACCTA-1,0.044812,0.463594,0.491594
ATAAACCATTGGACGG-1,0.014712,0.841047,0.144241
ATAAACGTTGCACCAC-1,0.023012,0.954236,0.022752
ATAAATATTAGCAGCT-1,0.00041,0.421988,0.577602
ATAACGCCGGAGGGTC-1,0.015109,0.862972,0.121919
ATAAGCAAACACCGAG-1,0.002782,0.637395,0.359823
ATAAGGTGGAGAACAT-1,0.116861,0.88249,0.00065
ATAAGTAGGATTCAGA-1,0.751761,0.21103,0.037209
ATAAGTAGGGCGACTC-1,0.022963,0.954221,0.022816
ATAATACCGTTAGCCG-1,0.008948,0.158092,0.83296
ATAATAGTGTAGGGAC-1,0.00065,0.000326,0.999024
ATAATCTTGGAGAACC-1,0.000164,0.000082,0.999755
ATAATTAGCTAAGTAG-1,0.208181,0.408589,0.38323
ATACAGGCCCTCCAAT-1,0.09149,0.58545,0.32306
ATACCACGGGCAACTT-1,0.000231,0.000115,0.999654
ATACCAGCAAATTGCT-1,0.002132,0.995734,0.002134
ATACCAGGCTAATAGA-1,0.051364,0.896703,0.051933
ATACCAGGTGAGCGAT-1,0.004279,0.991416,0.004305
ATACCCTGGCTCAAAT-1,0.001942,0.996127,0.001931
ATACCGTCATCCATAA-1,0.006282,0.003134,0.990584
ATACCTAACCAAGAAA-1,0.142527,0.328056,0.529418
ATACGAAGGCTTTCCA-1,0.178507,0.808297,0.013196
ATACGAGGTTTGTAAG-1,0.005295,0.949266,0.045439
ATACGCCGATCTACCG-1,0.001504,0.840198,0.158298
ATACGCCGGCGAAACC-1,0.306925,0.657,0.036075
ATACGGAACGTCGTTT-1,0.010451,0.881883,0.107667
ATACGGGTTTCGATTG-1,0.651386,0.283846,0.064769
ATACGGTGAAGATGCA-1,0.08233,0.836594,0.081076
ATACGTACTTAGCCAC-1,0.000539,0.794352,0.205108
ATACGTCCACTCCTGT-1,0.010563,0.005295,0.984142
ATACGTTATGCACGGA-1,0.218135,0.395647,0.386218
ATACTACCCGTACCAC-1,0.121702,0.255678,0.62262
ATACTAGCATGACCCT-1,0.747753,0.251694,0.000553
ATACTCTCGCCACTCT-1,0.041044,0.917658,0.041298
ATACTGCCTTACACCG-1,0.000534,0.02542,0.974046
ATACTTGTTCTCGAGC-1,0.069086,0.863721,0.067193
ATAGACAACGGGACCT-1,0.032741,0.963961,0.003298
ATAGACGAAGAGAAAG-1,0.00091,0.728959,0.270131
ATAGAGTACTGGGACA-1,0.196948,0.726876,0.076176
ATAGAGTTATCAACTT-1,0.005908,0.988199,0.005893
ATAGATTTGCAGTCGG-1,0.013626,0.635794,0.35058
ATAGCAACTAGGGAAG-1,0.005103,0.989778,0.005119
ATAGCCATAACAGTCA-1,0.002187,0.852773,0.145039
ATAGCCTCAGTACCCA-1,0.068349,0.86363,0.06802
ATAGCTGCTCTTGTTA-1,0.037264,0.924773,0.037963
ATAGGCGGCTATAGAA-1,0.001158,0.860918,0.137924
ATAGGCTAGCTTCGCA-1,0.240781,0.573696,0.185522
ATAGGGATATCCTTGA-1,0.214192,0.616941,0.168867
ATAGTCTTTGACGTGC-1,0.00442,0.99114,0.00444
ATAGTTCCACCCACTC-1,0.196614,0.526046,0.27734
ATATAAAGCGCTCGTG-1,0.03187,0.793033,0.175097
ATATAAATGTAGCTGC-1,0.000257,0.151799,0.847944
ATATAACACGGGCGCA-1,0.006837,0.986265,0.006898
ATATACATGTATGGTA-1,0.010516,0.680032,0.309452
ATATACGCTCGTGACG-1,0.20318,0.553309,0.243511
ATATAGAGTATTGGTC-1,0.093841,0.768979,0.13718
ATATCAACCTACAGAG-1,0.845647,0.05206,0.102293
ATATCAATTCCAGCCT-1,0.018736,0.0094,0.971863
ATATCGGTAGGGAGAT-1,0.031678,0.93686,0.031462
ATATCGTTCCTCGAAC-1,0.324274,0.409603,0.266123
ATATCTCCCTCGTTAA-1,0.019579,0.960974,0.019447
ATATGGGATAGCAACT-1,0.127771,0.655467,0.216761
ATATGTCTAGAGCGTG-1,0.003816,0.992364,0.00382
ATATGTCTCCCTAGCC-1,0.282202,0.706978,0.01082
ATATTATCCCGTATTT-1,0.358927,0.619448,0.021625
ATATTCAGTTAAACCT-1,0.000984,0.8648,0.134217
ATATTCCACATAGTGA-1,0.017551,0.859377,0.123072
ATATTCCCACAGGTCA-1,0.947738,0.017364,0.034898
ATATTGCTGTCAAAGT-1,0.000211,0.240833,0.758956
ATATTGGAGAGGCCTT-1,0.008705,0.982521,0.008774
ATCAAACACTGTTCCA-1,0.284555,0.70177,0.013675
ATCAAACGAAGGTTTG-1,0.150072,0.684659,0.165269
ATCAAAGAGCCGTGGT-1,0.003342,0.993323,0.003335
ATCAAGATCCCAGGAC-1,0.330372,0.579612,0.090016
ATCAATGCCGTGGCTG-1,0.00559,0.937093,0.057317
ATCACATTAGAATATC-1,0.306261,0.691078,0.002661
ATCACGTGCTAATTAA-1,0.124512,0.852882,0.022606
ATCACTTCATCCTCGC-1,0.592233,0.406441,0.001326
ATCAGCCTCATGCTGC-1,0.007444,0.479588,0.512968
ATCAGCTCGTCCACTA-1,0.040732,0.694111,0.265157
ATCAGGTAGCTGACAG-1,0.033886,0.931617,0.034497
ATCAGTAGGCAGGGAT-1,0.009331,0.717792,0.272876
ATCATAGATCGACGAG-1,0.289931,0.692971,0.017098
ATCATAGCCCTATGTA-1,0.272529,0.010849,0.716622
ATCATGGACTACCGAC-1,0.031622,0.936744,0.031634
ATCATTGTACCGCATT-1,0.000657,0.553337,0.446006
ATCCAACGCAGTCATA-1,0.068929,0.447182,0.483889
ATCCAATGGAGGGTCC-1,0.001044,0.855375,0.14358
ATCCAATGGTACCGAA-1,0.024112,0.951859,0.02403
ATCCACATCGACAGAA-1,0.06013,0.683739,0.256131
ATCCCATCCACAGCGC-1,0.049422,0.787392,0.163185
ATCCCATTTCCGTGGG-1,0.516639,0.477962,0.0054
ATCCGGACCAGCCTGA-1,0.070867,0.820482,0.108651
ATCCTGAATCGCTGCG-1,0.055525,0.663541,0.280935
ATCCTGCTGCAGATAG-1,0.010299,0.979439,0.010262
ATCCTTCTGAAAGAAC-1,0.034361,0.931291,0.034348
ATCGACTCTTTCCGTT-1,0.419459,0.462088,0.118453
ATCGCACGATTGTTCA-1,0.019603,0.669124,0.311273
ATCGCCAGTCAACATT-1,0.013238,0.006667,0.980095
ATCGCCGTGGTTCATG-1,0.004142,0.991711,0.004147
ATCGCTGCGTGCAGCA-1,0.033906,0.932126,0.033968
ATCGCTTTACGTCTCA-1,0.411116,0.557455,0.031428
ATCGGAGACAGACGGC-1,0.163028,0.703409,0.133564
ATCGGCAAGCAGTCCA-1,0.002506,0.994983,0.00251
ATCGGTTACCTAGTAA-1,0.147232,0.815252,0.037516
ATCGTATTCCGAGAAC-1,0.009704,0.157939,0.832357
ATCGTCCAATCGAGTC-1,0.011716,0.97659,0.011695
ATCGTGGAAAGTCTGG-1,0.133412,0.655774,0.210814
ATCGTTAGCTAGCGGA-1,0.029112,0.014798,0.95609
ATCTAACGTCCCTATG-1,0.436154,0.534769,0.029076
ATCTAATATCCTACGG-1,0.324368,0.674487,0.001144
ATCTACCATCTGCTCC-1,0.022596,0.954861,0.022543
ATCTAGCTTGTGAGGG-1,0.896814,0.034857,0.068328
ATCTATCGATGATCAA-1,0.012459,0.975056,0.012485
ATCTCCCACGGAATAT-1,0.059077,0.882511,0.058411
ATCTCCCTGCAATCTA-1,0.534651,0.442672,0.022677
ATCTCGTGAGCGAAAC-1,0.033935,0.931759,0.034307
ATCTGACATGGAAGGA-1,0.4965,0.500609,0.002891
