Barcode,Topic 1,Topic 2,Topic 3to7
AAACAAGTATCTCCCA-1,0.00007,0.216331,0.783598
AAACAATCTACTAGCA-1,0.664871,0.000279,0.33485
AAACACCAATAACTGC-1,0.443673,0.040449,0.515878
AAACAGAGCGACTCCT-1,0.200434,0.003498,0.796068
AAACAGCTTTCAGAAG-1,0.477203,0.141124,0.381673
AAACAGGGTCTATATT-1,0.984629,0.002562,0.012809
AAACAGTGTTCCTGGG-1,0.251979,0.089234,0.658786
AAACATTTCCCGGATT-1,0.00411,0.241523,0.754367
AAACCACTACACAGAT-1,0.55619,0.000346,0.443464
AAACCGGGTAGGTACC-1,0.234005,0.001011,0.764984
AAACCGTTCGTCCAGG-1,0.001158,0.607683,0.391159
AAACCTAAGCAGCCGG-1,0.000088,0.025504,0.974408
AAACCTCATGAAGTTG-1,0.590608,0.158145,0.251247
AAACGAAGAACATACC-1,0.902889,0.054633,0.042478
AAACGAAGATGGAGTA-1,0.322163,0.159938,0.517899
AAACGACAGTCTTGCC-1,0.384786,0.000211,0.615002
AAACGAGACGGTTGAT-1,0.557852,0.002109,0.440039
AAACGCCCGAGATCGG-1,0.303768,0.000341,0.695891
AAACGGGCGTACGGGT-1,0.070352,0.040074,0.889575
AAACGGGTTGGTATCC-1,0.572203,0.059985,0.367812
AAACTAACGTGGCGAC-1,0.325923,0.000127,0.67395
AAACTCGGTTCGCAAT-1,0.002049,0.280659,0.717292
AAACTGCTGGCTCCAA-1,0.445819,0.090534,0.463648
AAACTTAATTGCACGC-1,0.905443,0.000178,0.094379
AAACTTGCAAACGTAT-1,0.980431,0.003261,0.016308
AAAGAATGACCTTAGA-1,0.089299,0.007225,0.903476
AAAGACATGAAGTTTA-1,0.257585,0.263228,0.479187
AAAGACCCAAGTCGCG-1,0.511615,0.000152,0.488233
AAAGACTGGGCGCTTT-1,0.873313,0.000197,0.12649
AAAGGCCCTATAATAC-1,0.009098,0.129787,0.861115
AAAGGGCAGCTTGAAT-1,0.688997,0.000065,0.310938
AAAGGTAAGCTGTACC-1,0.247795,0.000137,0.752067
AAAGGTCAACGACATG-1,0.542851,0.068867,0.388281
AAAGTAGCATTGCTCA-1,0.228083,0.022314,0.749604
AAAGTCACTGATGTAA-1,0.882405,0.000165,0.11743
AAAGTCGACCCTCAGT-1,0.723135,0.009014,0.267851
AAAGTGTGATTTATCT-1,0.000088,0.089825,0.910088
AAAGTTGACTCCCGTA-1,0.140442,0.000146,0.859412
AAATAACCATACGGGA-1,0.642714,0.007972,0.349314
AAATACCTATAAGCAT-1,0.563763,0.006232,0.430005
AAATAGCTTAGACTTT-1,0.094945,0.007369,0.897686
AAATAGGGTGCTATTG-1,0.338769,0.003589,0.657641
AAATCCGATACACGCC-1,0.011813,0.258186,0.730002
AAATCGCGGAAGGAGT-1,0.965513,0.005756,0.02873
AAATCGTGTACCACAA-1,0.000029,0.967575,0.032395
AAATCTAGCCCTGCTA-1,0.001081,0.033254,0.965665
AAATCTGCCCGCGTCC-1,0.37187,0.001071,0.627059
AAATGCTCGTTACGTT-1,0.998282,0.000286,0.001432
AAATGGCATGTCTTGT-1,0.79022,0.000317,0.209463
AAATGGCCCGTGCCCT-1,0.973879,0.00436,0.021761
AAATGTGGGTGCTCCT-1,0.728962,0.002605,0.268433
AAATTAATAAGCGCGA-1,0.008982,0.00896,0.982058
AAATTACACGACTCTG-1,0.550026,0.002319,0.447655
AAATTACCTATCGATG-1,0.270222,0.627265,0.102513
AAATTGATAGTCCTTT-1,0.270317,0.000474,0.72921
AAATTGCGGCGGTTCT-1,0.537332,0.188828,0.27384
AAATTTACCGAAATCC-1,0.006529,0.006523,0.986948
AAATTTGCGGGTGTGG-1,0.030608,0.208642,0.76075
AACAATACATTGTCGA-1,0.368256,0.000419,0.631325
AACAATTACTCTACGC-1,0.545832,0.190828,0.263339
AACACACGCTCGCCGC-1,0.01338,0.056811,0.929809
AACACGACTGTACTGA-1,0.998627,0.000229,0.001144
AACACGAGACGCGGCC-1,0.575758,0.000652,0.42359
AACACGCGGCCGCGAA-1,0.498187,0.000109,0.501704
AACAGCTGTGTGGCAA-1,0.242771,0.000193,0.757036
AACAGGAAATCGAATA-1,0.701728,0.000825,0.297447
AACAGGATGGGCCGCG-1,0.398437,0.000565,0.600998
AACATATCAACTGGTG-1,0.000326,0.777619,0.222054
AACATTGAAGTTGATC-1,0.119602,0.040231,0.840167
AACATTGGTCAGCCGT-1,0.49083,0.503933,0.005238
AACCAAGACTTCTCTG-1,0.562066,0.414785,0.02315
AACCAGTATCACTCTT-1,0.179194,0.7527,0.068106
AACCATAGGGTTGAAC-1,0.841101,0.000213,0.158686
AACCATGGGATCGCTA-1,0.808973,0.000208,0.190819
AACCCAGAGACGGAGA-1,0.492268,0.000101,0.507631
AACCCATCCCATGATC-1,0.294078,0.278039,0.427884
AACCCGACAACCCGTG-1,0.197812,0.060077,0.742111
AACCCGATAGGGCTTC-1,0.15198,0.001726,0.846294
AACCCTACTGTCAATA-1,0.178628,0.048104,0.773268
AACCCTGGTGGAACCA-1,0.757763,0.000141,0.242096
AACCGAGCTTGGTCAT-1,0.119849,0.000134,0.880017
AACCGCTAAGGGATGC-1,0.104182,0.056881,0.838937
AACCGTTGTGTTTGCT-1,0.816844,0.000414,0.182742
AACCTAAAGCCGTCCG-1,0.603401,0.002082,0.394517
AACCTCGCTTTAGCCC-1,0.016022,0.153236,0.830742
AACCTTTAAATACGGT-1,0.48281,0.227223,0.289967
AACCTTTACGACGTCT-1,0.617926,0.005519,0.376555
AACGAAAGTCGTCCCA-1,0.337692,0.509344,0.152964
AACGATAATGCCGTAG-1,0.952173,0.007965,0.039862
AACGATAGAAGGGCCG-1,0.394518,0.023947,0.581535
AACGATATGTCAACTG-1,0.523517,0.000306,0.476177
AACGCATGATCTGGGT-1,0.227756,0.343529,0.428715
AACGCGAACGGCAACA-1,0.279551,0.020516,0.699933
AACGCTGTTGCTGAAA-1,0.170374,0.001877,0.82775
AACGGACGTACGTATA-1,0.077524,0.127436,0.79504
AACGGCCATCTCCGGT-1,0.501317,0.000788,0.497895
AACGTACTGTGGGTAC-1,0.182011,0.001281,0.816708
AACGTAGTCTACCCAT-1,0.43383,0.158071,0.408099
AACGTCAGACTAGTGG-1,0.420182,0.131345,0.448474
AACGTGATGAAGGACA-1,0.412811,0.34146,0.245729
AACGTGCGAAAGTCTC-1,0.264299,0.084438,0.651264
AACGTTATCAGCACCT-1,0.753267,0.000394,0.246339
AACTAGCGTATCGCAC-1,0.734792,0.000548,0.26466
AACTCCAGAGCGTGTT-1,0.000044,0.013445,0.986511
AACTCCTAATCCCATG-1,0.389186,0.003676,0.607138
AACTCGATAAACACGT-1,0.951115,0.000209,0.048676
AACTCGATGGCGCAGT-1,0.396535,0.000565,0.6029
AACTCTCAATAGAGCG-1,0.493478,0.17614,0.330383
AACTCTCAGTGTGCTC-1,0.102812,0.461298,0.43589
AACTGAGGTCAGCGTC-1,0.331069,0.00011,0.668821
AACTGATATTAGGCCT-1,0.592146,0.186505,0.221349
AACTGGGTTCGAGCCG-1,0.550728,0.002989,0.446283
AACTGGTGTGGGCCTT-1,0.656562,0.000167,0.343271
AACTTCTGCGTCTATC-1,0.533464,0.000433,0.466103
AACTTGCCCGTATGCA-1,0.493185,0.105631,0.401184
AACTTGCGTTCTCGCG-1,0.607485,0.12048,0.272034
AACTTTACGGGAGCTT-1,0.004147,0.002209,0.993645
AACTTTAGCTGCTGAG-1,0.659981,0.001248,0.338771
AAGAAAGTTTGATGGG-1,0.394792,0.071435,0.533772
AAGAAGGATCAGTTAG-1,0.306207,0.193469,0.500324
AAGACCAAATAACTCA-1,0.654769,0.206573,0.138658
AAGACTAACCCGTTGT-1,0.35083,0.171463,0.477707
AAGACTCACGCCCACT-1,0.24881,0.001913,0.749277
AAGACTGCAAGCTACT-1,0.000023,0.999161,0.000816
AAGAGATGAATCGGTA-1,0.217679,0.643836,0.138485
AAGAGCTCTTTATCGG-1,0.570165,0.000437,0.429397
AAGAGGATGTACGCGA-1,0.380016,0.000498,0.619486
AAGAGGCATGGATCGC-1,0.365246,0.198147,0.436607
AAGAGGCCCTTTGGAA-1,0.004401,0.02029,0.975309
AAGATGGCACCGGACC-1,0.388012,0.000339,0.611649
AAGATTGGCGGAACGT-1,0.242675,0.004348,0.752977
AAGCACCCTGCGTATC-1,0.427278,0.298295,0.274427
AAGCATACTCTCCTGA-1,0.294355,0.001578,0.704067
AAGCCACTTGCAGGTA-1,0.093541,0.000306,0.906153
AAGCCGAAGCGGTTTA-1,0.227178,0.051574,0.721248
AAGCCGCCGTGAAATC-1,0.22534,0.001346,0.773315
AAGCGCAGGGCTTTGA-1,0.042915,0.202254,0.754831
AAGCGGCGTCATGGGT-1,0.398729,0.245187,0.356084
AAGCGTCCCTCATCGA-1,0.415616,0.078559,0.505825
AAGCTAGATCGAGTAA-1,0.335408,0.003054,0.661538
AAGCTCGTGCCAAGTC-1,0.681315,0.118233,0.200452
AAGCTCTTTCATGGTG-1,0.00399,0.003987,0.992023
AAGGAGAACTTATAAG-1,0.699338,0.000187,0.300475
AAGGATCGATCGCTTG-1,0.117397,0.158285,0.724319
AAGGATGAGGGACCTC-1,0.002992,0.00299,0.994019
AAGGCGCGTAAAGCTT-1,0.444026,0.02305,0.532924
AAGGGAACGACTGGCT-1,0.173276,0.010035,0.81669
AAGGGACAGATTCTGT-1,0.00208,0.002081,0.995839
AAGGGACTATGCATTC-1,0.430949,0.006843,0.562207
AAGGGTTTGATTTCAG-1,0.251381,0.001613,0.747006
AAGGTATCCTAATATA-1,0.306369,0.000427,0.693204
AAGGTGATAAACCAGC-1,0.013524,0.000293,0.986182
AAGTAAGCTTCCAAAC-1,0.507861,0.000247,0.491892
AAGTAGAAGACCGGGT-1,0.727978,0.000236,0.271786
AAGTAGTGACGCGAGG-1,0.344503,0.238254,0.417243
AAGTCAATTGTCGTCA-1,0.02909,0.056292,0.914617
AAGTCTTCTGTGGCCT-1,0.705202,0.286052,0.008746
AAGTGACGACCGAATT-1,0.575359,0.000444,0.424197
AAGTGCAAAGGTAGAC-1,0.774641,0.000323,0.225036
AAGTGCCTTGACTGTA-1,0.160647,0.063133,0.77622
AAGTGCGTTAGAATCT-1,0.563039,0.001025,0.435936
AAGTGCTTCTCTATTG-1,0.211374,0.016564,0.772062
AAGTGTTTGGAGACGG-1,0.324283,0.002433,0.673284
AAGTTCACTCCAAGCT-1,0.212228,0.002199,0.785573
AAGTTCAGTCTGCGTA-1,0.275822,0.169495,0.554683
AAGTTCGGCCAACAGG-1,0.418315,0.025816,0.555869
AAGTTGTGATGTTATA-1,0.209092,0.106685,0.684224
AAGTTTACTAATGGCA-1,0.735,0.000281,0.264718
AAGTTTATGGGCCCAA-1,0.004235,0.056697,0.939068
AATAACAACGCTCGGC-1,0.262532,0.002815,0.734653
AATAACACTAGAACAA-1,0.691879,0.001579,0.306542
AATAAGTCCTCGAGAC-1,0.871267,0.000189,0.128544
AATACAATGTTTCAGG-1,0.651997,0.274474,0.073529
AATACCGGAGGGCTGT-1,0.299006,0.045254,0.655741
AATAGAATCTGTTTCA-1,0.266676,0.377357,0.355966
AATAGCAAGCCTCCTG-1,0.512934,0.000262,0.486804
AATAGTCGCGAGTCGG-1,0.773131,0.000908,0.225961
AATATCAAGGTCGGAT-1,0.780035,0.000241,0.219724
AATATCCTAGCAAACT-1,0.389193,0.188799,0.422007
AATATCGAATCAATGC-1,0.267424,0.004876,0.7277
AATATCGAGGGTTCTC-1,0.294405,0.195653,0.509941
AATATTGGAGTATTGA-1,0.003261,0.003259,0.99348
AATCAGACTGCAGGAC-1,0.453094,0.00056,0.546346
AATCAGGTTTCATTTA-1,0.128729,0.039382,0.83189
AATCATGTAAAGACTC-1,0.000892,0.200034,0.799074
AATCCAAGGGCCTGAG-1,0.710916,0.000091,0.288993
AATCCATGCAAGGGTG-1,0.313799,0.008422,0.677778
AATCGCCTCAGCGCCA-1,0.337682,0.007548,0.654771
AATCGGGACACTACGA-1,0.62882,0.00009,0.37109
AATCGTGAGCCGAGCA-1,0.063651,0.122542,0.813807
AATCTAGGTTTACTTG-1,0.004956,0.517554,0.47749
AATCTCTACTGTGGTT-1,0.348101,0.346363,0.305536
AATCTGCGTTGGGACG-1,0.000168,0.666468,0.333364
AATCTGGCTTTCTAGT-1,0.788713,0.008462,0.202825
AATCTGGGTAGACCCT-1,0.398716,0.276869,0.324415
AATGACAGCAATGTCT-1,0.266014,0.000477,0.733509
AATGACGTAGGATGTC-1,0.615194,0.274331,0.110476
AATGAGTTCGCATATG-1,0.998157,0.000307,0.001536
AATGATGATACGCTAT-1,0.218473,0.562816,0.218711
AATGATGCGACTCCTG-1,0.065467,0.240973,0.69356
AATGCACCAAGCAATG-1,0.000591,0.048282,0.951127
AATGGCCGCCAATGCG-1,0.308428,0.000144,0.691429
AATGGTCCACCGTTCA-1,0.757975,0.000219,0.241806
AATGGTTCTCACAAGC-1,0.474796,0.00009,0.525114
AATGTATGGCACTGTA-1,0.53659,0.000563,0.462847
AATGTGCCCGAGGTGT-1,0.371084,0.000478,0.628437
AATGTGCTAATCTGAG-1,0.000998,0.2096,0.789402
AATGTTGTCGTGAGAC-1,0.171039,0.098731,0.73023
AATTAACGGATTTCCA-1,0.899544,0.000309,0.100147
AATTACGAGACCCATC-1,0.527057,0.007174,0.465769
AATTACTCGTACGCTC-1,0.603844,0.128048,0.268108
AATTAGCGCTGCAGCG-1,0.999188,0.000135,0.000677
AATTCATAAGGGATCT-1,0.020468,0.739717,0.239816
AATTCATTGTCATGCA-1,0.753145,0.001303,0.245552
AATTCCAACTTGGTGA-1,0.769839,0.00156,0.228601
AATTCGATTCGAGGAT-1,0.20118,0.000491,0.798329
AATTCTAGAGTTAGGC-1,0.9198,0.000202,0.079999
AATTGAACGCTCTGGT-1,0.164805,0.237945,0.59725
AATTGCAGCAATCGAC-1,0.171658,0.000034,0.828309
AATTGCGTGGATTACA-1,0.851588,0.000155,0.148257
AATTTGGGACATAGTA-1,0.020524,0.020501,0.958975
AATTTGGTTCCAAAGA-1,0.998868,0.000189,0.000944
ACAAACCATGCGTCCT-1,0.3622,0.013321,0.62448
ACAAACCGACAAGGCG-1,0.589665,0.002021,0.408314
ACAAAGAAGGTAGGCC-1,0.990326,0.001612,0.008061
ACAAAGCATGACCTAG-1,0.071244,0.25865,0.670107
ACAAATCGCACCGAAT-1,0.43422,0.001666,0.564114
ACAAATGGTAGTGTTT-1,0.013066,0.012999,0.973936
ACAAATTCAGATCTGA-1,0.327019,0.000409,0.672572
ACAACAGCATGAGCTA-1,0.00005,0.710159,0.289791
ACAACGGTCCCTGCGA-1,0.498112,0.050489,0.4514
ACAAGCAGTGCCTAGC-1,0.319501,0.023337,0.657162
ACAAGGAAATCCGCCC-1,0.456828,0.505415,0.037756
ACAAGGACAAGAGGTT-1,0.165754,0.000771,0.833475
ACAAGGATGCTTTAGG-1,0.031616,0.049121,0.919263
ACAAGGCCTACCAGCC-1,0.510179,0.000541,0.489279
ACAAGGGCAGGCTCTG-1,0.378693,0.004949,0.616358
ACAAGTAATTGTAAGG-1,0.213947,0.22575,0.560303
ACAATAGTCGTACGTT-1,0.771313,0.00025,0.228437
ACAATCCATTTAAACC-1,0.176096,0.09235,0.731553
ACAATCGATCTTTATA-1,0.502122,0.067689,0.430189
ACAATGAATACGGAGA-1,0.423703,0.000395,0.575901
ACAATGATTCTTCTAC-1,0.202925,0.017593,0.779482
ACAATTGTGTCTCTTT-1,0.119141,0.000095,0.880764
ACAATTTAGGAGGCTC-1,0.810811,0.005516,0.183674
ACAATTTGAGCAGTGG-1,0.172844,0.023366,0.80379
ACACACCAGGACCAGT-1,0.000278,0.225424,0.774298
ACACACTTTCTACACG-1,0.979234,0.000314,0.020453
ACACATGATCAAATCT-1,0.87779,0.001464,0.120746
ACACATTGACGCAACA-1,0.465786,0.003776,0.530438
ACACATTTCCGTAGAC-1,0.003587,0.003586,0.992827
ACACCCGAGAAATCCG-1,0.278949,0.000053,0.720998
ACACCGAGCGCTCTTT-1,0.658854,0.000976,0.340169
ACACCGGTCTGACCGC-1,0.208392,0.000118,0.791491
ACACGAGACTCCTTCT-1,0.717409,0.000255,0.282336
ACACGGCACTATGCAT-1,0.420661,0.000156,0.579183
ACACGGGAACTTAGGG-1,0.455358,0.052349,0.492293
ACACGTAGGCCACAAG-1,0.110051,0.008999,0.880949
ACACTCCAATGTCACT-1,0.713032,0.069665,0.217303
ACAGAACTGAGAACAA-1,0.463485,0.110814,0.425701
ACAGATTAGGTTAGTG-1,0.868072,0.000533,0.131395
ACAGCATAGAGCCAGT-1,0.499478,0.000211,0.500311
ACAGCGACATTCTCAT-1,0.000052,0.235403,0.764545
ACAGCGCACCCGCAGC-1,0.51919,0.003263,0.477548
ACAGGCACGGATCCTT-1,0.00184,0.001839,0.99632
ACAGGCTTGCCCGACT-1,0.196605,0.000432,0.802962
ACAGGTGGAGGTGAGG-1,0.027756,0.33091,0.641334
ACAGTAATACAACTTG-1,0.977374,0.003765,0.018861
ACAGTGCAGCGCATTT-1,0.268354,0.00018,0.731465
ACATAAGTCGTGGTGA-1,0.35046,0.000776,0.648764
ACATCAGCTGGGACGC-1,0.144662,0.839767,0.015571
ACATCCTGGTAACTGT-1,0.00949,0.265293,0.725218
ACATCGGTCAGCCGCG-1,0.386286,0.091026,0.522688
ACATCGTATGCAATGG-1,0.01027,0.010244,0.979485
ACATCGTTAACCTAGT-1,0.445045,0.000288,0.554666
ACATCTCAACGCGTAA-1,0.249535,0.246622,0.503843
ACATGCTTACGGCAGC-1,0.331459,0.482575,0.185966
ACATGGCGCCAAAGTA-1,0.162353,0.048467,0.789181
ACATGGCTCAATTTAG-1,0.733168,0.000209,0.266624
ACATTAGTTTATATCC-1,0.395602,0.268818,0.335581
ACATTCGCGCGGAATA-1,0.200547,0.143025,0.656427
ACCAAACTAGAAATCC-1,0.999392,0.000101,0.000507
ACCAACCGCACTCCAC-1,0.151944,0.058186,0.78987
ACCAAGAACGCGTGTC-1,0.953509,0.000118,0.046373
ACCAATATGCAAGTTA-1,0.002279,0.002281,0.99544
ACCACAACTCAGAACA-1,0.194409,0.002818,0.802774
ACCACCAATGTAACAA-1,0.000048,0.166677,0.833275
ACCACGTGCAGCTATA-1,0.00145,0.001451,0.997099
ACCACTGTTCAAGAAG-1,0.98852,0.001913,0.009567
ACCAGACCATAACAAC-1,0.705324,0.002763,0.291912
ACCAGCCCGGTCTTTG-1,0.82579,0.123821,0.05039
ACCAGGAGTGTGATCT-1,0.635495,0.001449,0.363056
ACCAGTGCCCGGTCAA-1,0.217771,0.172584,0.609645
ACCAGTGCGGGAGACG-1,0.138754,0.088556,0.77269
ACCATCCGCCAACTAG-1,0.965589,0.005737,0.028674
ACCATCGTATATGGTA-1,0.342492,0.025819,0.631689
ACCATTAAGGGTGTCA-1,0.97607,0.003989,0.019942
ACCCAACGCCCGTGGC-1,0.247631,0.104685,0.647683
ACCCACCTACATGCTC-1,0.741191,0.074978,0.18383
ACCCATCTTGAGGGTA-1,0.212201,0.293205,0.494594
ACCCATTTGTCCCTCT-1,0.000024,0.270726,0.72925
ACCCGAGCGAAATTAC-1,0.556697,0.001139,0.442165
ACCCGATTGGTTCCGA-1,0.077989,0.011329,0.910682
ACCCGGAAACTCCCAG-1,0.730641,0.01009,0.259269
ACCCGGATGACGCATC-1,0.236302,0.132639,0.631059
ACCCGTAGCAGAGAAT-1,0.407876,0.027287,0.564837
ACCCTATAGGACTGAG-1,0.940713,0.04164,0.017647
ACCCTATGCCATATCG-1,0.13526,0.038568,0.826173
ACCCTCCCGTCAGGGC-1,0.332832,0.394432,0.272736
ACCCTCCCTTGCTATT-1,0.32767,0.005318,0.667012
ACCCTTCATCTGCGAA-1,0.246007,0.281461,0.472532
ACCCTTTAGTTCTCCA-1,0.293189,0.296309,0.410502
ACCGAAAGGGCCCTGC-1,0.714116,0.000148,0.285736
ACCGAAGAGTCTGGTT-1,0.702218,0.123911,0.173871
ACCGACACATCTCCCA-1,0.653259,0.068613,0.278128
ACCGAGTCTCCTTATT-1,0.139556,0.162026,0.698419
ACCGATGGTAGCATCG-1,0.070453,0.330138,0.599409
ACCGCAATAACTGCCT-1,0.136559,0.004481,0.85896
ACCGCGGTGGAAGTCG-1,0.149055,0.150412,0.700532
ACCGCTAGTCATTGGT-1,0.131635,0.046301,0.822064
ACCGGGCCTTTGTTGA-1,0.076835,0.08898,0.834185
ACCGGTCAGGTACACC-1,0.58737,0.001063,0.411567
ACCGGTCTGAGTACGG-1,0.489436,0.002475,0.50809
ACCGTCCACTGGGCCC-1,0.454258,0.459147,0.086596
ACCGTGACCACGTGGG-1,0.277897,0.000217,0.721885
ACCGTTCCCGCTCTGA-1,0.038749,0.610921,0.350331
ACCTAAGTACCTTTCA-1,0.446282,0.339066,0.214651
ACCTAATCGACTTCCT-1,0.001271,0.734293,0.264435
ACCTCCGCCCTCGCTG-1,0.193052,0.002555,0.804394
ACCTCGAACTTATGCT-1,0.321244,0.052043,0.626713
ACCTGCGTGTCATGTT-1,0.673906,0.003985,0.322109
ACCTTTCCTTTAGAAG-1,0.716148,0.190578,0.093275
ACGAAATGGGCGGCAC-1,0.261528,0.226528,0.511944
ACGACTCTAGGGCCGA-1,0.221007,0.265607,0.513386
ACGACTGGTCATACTC-1,0.001557,0.281813,0.71663
ACGAGAACCCATCACG-1,0.543761,0.011781,0.444459
ACGAGATATTTGCTTA-1,0.521885,0.003497,0.474618
ACGAGGATACCACTCT-1,0.43427,0.284264,0.281466
ACGAGGTTTACAACGT-1,0.822857,0.000174,0.176969
ACGAGTACGGATGCCC-1,0.000348,0.000348,0.999303
ACGAGTCGCCGGCGTT-1,0.693378,0.000546,0.306077
ACGATACATAGAACTA-1,0.001967,0.001965,0.996068
ACGATCATCTTGTAAA-1,0.206638,0.133593,0.659769
ACGATGGATCCGATGC-1,0.381221,0.127512,0.491267
ACGCATAAATGACATG-1,0.421671,0.00056,0.577769
ACGCATACGTTTACTA-1,0.056431,0.04006,0.903509
ACGCCAGATGATTTCT-1,0.309437,0.000245,0.690317
ACGCCCAGCTGTCGAT-1,0.43576,0.00016,0.564081
ACGCCGCTAGACGACC-1,0.00957,0.00956,0.980871
ACGCGCTACACAGGGT-1,0.378099,0.536131,0.08577
ACGCGTTTCTTAAGAG-1,0.594111,0.003586,0.402303
ACGCTAGTGATACACT-1,0.000078,0.124075,0.875847
ACGCTGTGAGGCGTAG-1,0.954645,0.007542,0.037812
ACGCTTAGTGTCTCTC-1,0.280885,0.002924,0.716191
ACGGAATTTAGCAAAT-1,0.796223,0.000165,0.203612
ACGGACGCAGCGACAA-1,0.126524,0.115599,0.757877
ACGGACTCTCAAAGCG-1,0.697426,0.274979,0.027595
ACGGAGCGCAAATTAC-1,0.221132,0.247888,0.53098
ACGGATGGTGCGGATA-1,0.003053,0.244948,0.751999
ACGGCGACGATGGGAA-1,0.315729,0.444604,0.239667
ACGGCGGGTTGCCCTG-1,0.672573,0.071989,0.255438
ACGGCTGGATGTAGAA-1,0.874733,0.003116,0.122151
ACGGGAGTGTCGGCCC-1,0.149435,0.227148,0.623417
ACGGGTCATGTGACTT-1,0.556676,0.000586,0.442738
ACGGGTTGTGACCTGT-1,0.601212,0.000192,0.398596
ACGGTACAGTTCAATG-1,0.178694,0.000276,0.82103
ACGGTCACCGAGAACA-1,0.275949,0.068747,0.655304
ACGTACAGATTTCTCT-1,0.874764,0.000224,0.125011
ACGTACTTTGGCACGG-1,0.291068,0.013284,0.695647
ACGTAGATTGCTGATG-1,0.408145,0.27629,0.315565
ACGTAGGAGAGTCGCT-1,0.229629,0.156782,0.613589
ACGTATTACTCCGATC-1,0.012628,0.061492,0.925879
ACGTCCTAAACGAGAT-1,0.465538,0.02565,0.508812
ACGTCGGGCAACTCGG-1,0.372204,0.000776,0.62702
ACGTCTCGTTCCGGGA-1,0.95704,0.007156,0.035804
ACGTGACAAAGTAAGT-1,0.474398,0.001329,0.524273
ACGTGCGCCTCGTGCA-1,0.725173,0.235141,0.039686
ACGTGGTCGAATGTGC-1,0.000474,0.76914,0.230386
ACGTTAATGTCGAAGA-1,0.965548,0.005744,0.028708
ACGTTAGATTTGCCCG-1,0.18377,0.000477,0.815753
ACGTTATTGGTCACTC-1,0.879586,0.000284,0.12013
ACGTTCACTATGCCGC-1,0.210465,0.102753,0.686782
ACGTTCCGCGCTCCGT-1,0.667159,0.000194,0.332647
ACGTTCGTTCAGGAAA-1,0.335789,0.042113,0.622097
ACGTTCTGTACAAGTC-1,0.14052,0.056192,0.803288
ACGTTTAGTTGTGATC-1,0.771509,0.000576,0.227915
ACTAATACGTCAGGCG-1,0.85018,0.13314,0.01668
ACTACATCCCGACAAG-1,0.707349,0.000143,0.292508
ACTACCATCCGAGGGC-1,0.415786,0.001079,0.583135
ACTAGTTGCGATCGTC-1,0.143043,0.028717,0.82824
ACTATATGCTGTGTTC-1,0.364552,0.03976,0.595689
ACTATCCAGGGCATGG-1,0.116684,0.014689,0.868628
ACTATCGCCGGCTAAA-1,0.952478,0.046126,0.001396
ACTATGTCCAGCTGCC-1,0.326863,0.000075,0.673063
ACTATTCGTCCGTGGT-1,0.340392,0.000601,0.659008
ACTATTTCCGGGCCCA-1,0.309417,0.000188,0.690395
ACTCAACGAATGTATT-1,0.70547,0.000219,0.294311
ACTCAAGTGCAAGGCT-1,0.096098,0.027318,0.876584
ACTCAATAAAGGCACG-1,0.429375,0.000845,0.56978
ACTCAGACCTGCTTCT-1,0.754303,0.000346,0.245351
ACTCATGGCAGCCTTC-1,0.219768,0.005705,0.774527
ACTCCAATATCATCAT-1,0.081425,0.121874,0.796701
ACTCCCATTCCTAAAG-1,0.969259,0.005128,0.025613
ACTCCCGAATTCGTTT-1,0.019592,0.729602,0.250806
ACTCCCTAATGCTAAA-1,0.060524,0.001462,0.938013
ACTCCCTAGAATAGTA-1,0.475183,0.004105,0.520712
ACTCCGGCCGACCACT-1,0.001688,0.001688,0.996623
ACTCGATGTATTTCAT-1,0.397548,0.000565,0.601887
ACTCGTAACCCGTCCT-1,0.442467,0.00069,0.556843
ACTCGTCAGTAATCCC-1,0.522766,0.133094,0.34414
ACTCTCTGACTTAGGT-1,0.001226,0.161444,0.83733
ACTCTCTTATACACGA-1,0.463264,0.00266,0.534076
ACTCTGACCTAATAGA-1,0.237265,0.002474,0.760261
ACTCTTGTATAGTAAC-1,0.405193,0.19149,0.403316
ACTGAAACGCCGTTAG-1,0.149252,0.000598,0.85015
ACTGAATGGCGAAAGT-1,0.007975,0.008014,0.984011
ACTGATTTAGTGATTC-1,0.52222,0.005131,0.47265
ACTGCCCGCCATTCTC-1,0.218362,0.035014,0.746624
ACTGCCGTCGTAACTC-1,0.29198,0.000167,0.707853
ACTGCTCGGAAGGATG-1,0.96924,0.00512,0.02564
ACTGGCGAACCTGCGT-1,0.18543,0.022613,0.791957
ACTGTACGATACACAT-1,0.498241,0.00032,0.501439
ACTGTAGCACTTTGGA-1,0.448512,0.108703,0.442786
ACTGTATACGCGAGCA-1,0.661016,0.000158,0.338826
ACTGTGCTAGTAGATC-1,0.646404,0.01788,0.335716
ACTTACCGGGCGCGCA-1,0.360559,0.366353,0.273088
ACTTACGCATCCACGC-1,0.004789,0.225315,0.769896
ACTTAGTACGACAAGA-1,0.1966,0.156333,0.647067
ACTTATACTTACCCGG-1,0.304379,0.238331,0.45729
ACTTATCTGATCTATA-1,0.610241,0.001039,0.388719
ACTTATTTATGTGCCA-1,0.167952,0.000384,0.831665
ACTTCAGGCTGATCCC-1,0.007981,0.00796,0.984059
ACTTCCAGTGGAAGCT-1,0.91391,0.014345,0.071745
ACTTCCATGCGGGACA-1,0.150922,0.093846,0.755233
ACTTCCTGTCGTGCGA-1,0.242698,0.000358,0.756944
ACTTCGCCATACGCAC-1,0.213259,0.00101,0.785731
ACTTGACTCCCTCTTT-1,0.01196,0.265615,0.722425
ACTTGCCATATTGTAC-1,0.578791,0.000244,0.420965
ACTTGCTCTATCTACC-1,0.989877,0.001687,0.008437
ACTTGTAGTCCCTTCA-1,0.960862,0.006538,0.0326
ACTTGTGGATGGAACG-1,0.187203,0.003322,0.809475
ACTTTACCCTCATGAA-1,0.103674,0.354822,0.541504
ACTTTATACACCACTT-1,0.366438,0.000321,0.633241
ACTTTGACTGCATCCT-1,0.781721,0.006828,0.211451
ACTTTGGTCGTGCTCC-1,0.237801,0.00088,0.761319
AGAACACGGCGATGGT-1,0.177793,0.198441,0.623766
AGAACCCTCAATTGGG-1,0.725129,0.082511,0.19236
AGAACGTGGTACATTC-1,0.155048,0.071531,0.773421
AGAAGAGCGCCGTTCC-1,0.015954,0.015909,0.968137
AGAAGGTACACTTCAC-1,0.892872,0.005725,0.101403
AGAAGGTTGCCGAATT-1,0.096119,0.200782,0.703099
AGAAGGTTGTAGGTCG-1,0.107771,0.192335,0.699893
AGAAGTGATTCGTGAT-1,0.548613,0.032233,0.419154
AGAATAAATCTTCAGG-1,0.16457,0.001259,0.834171
AGAATGCGGGTTCGGA-1,0.143064,0.025129,0.831808
AGAATTATGGATTCGA-1,0.339245,0.161559,0.499196
AGAATTGTTTGACATA-1,0.998286,0.000286,0.001428
AGACAGCTCAGAATCC-1,0.998712,0.000214,0.001073
AGACATAGATCCTTCC-1,0.844531,0.000366,0.155103
AGACCAAACCACACCT-1,0.293144,0.403308,0.303548
AGACCATGGGATACAA-1,0.492227,0.068244,0.439529
AGACCCACCGCTGATC-1,0.864457,0.000114,0.135429
AGACCGCTCCGCGGTT-1,0.36393,0.204389,0.43168
AGACCGGGAAACCCTG-1,0.997366,0.000439,0.002194
AGACGAAGTGCCGGTC-1,0.000072,0.083407,0.91652
AGACGACGATGCCGCT-1,0.430665,0.001839,0.567496
AGACGGGATTGGTATA-1,0.545507,0.003778,0.450715
AGACGGGCCGATTTAA-1,0.379789,0.112242,0.50797
AGACTGTTACCGGGTC-1,0.49407,0.000274,0.505656
AGAGAAACACCAGAAA-1,0.270861,0.017639,0.711501
AGAGAACCGTCTAGGA-1,0.02819,0.001543,0.970266
AGAGAAGGAGTACAAT-1,0.258075,0.000751,0.741174
AGAGATCTCTAAAGCG-1,0.959467,0.000181,0.040352
AGAGCAGTTATGAGAC-1,0.857801,0.00112,0.141079
AGAGCCGCCGAGATTT-1,0.26609,0.038631,0.695279
AGAGCGGGCTAATCAT-1,0.91674,0.069545,0.013715
AGAGCGTACAAGCTCG-1,0.591918,0.047701,0.360381
AGAGCTACGAAAGCAT-1,0.393476,0.058725,0.547799
AGAGGCTTCGGAAACC-1,0.000071,0.002197,0.997733
AGAGGGACAATTGTCC-1,0.303706,0.000095,0.696199
AGAGGTATCTCGGTCC-1,0.403947,0.000815,0.595237
AGAGTAAACTTCACTA-1,0.21451,0.113327,0.672163
AGAGTGAACAGACACC-1,0.40252,0.000247,0.597233
AGAGTTAGAGACCGAT-1,0.329719,0.003263,0.667018
AGATAATCACACCTAT-1,0.240094,0.295997,0.463909
AGATACCAATAGAACC-1,0.055885,0.000052,0.944063
AGATACCGGTGTTCAC-1,0.038454,0.000123,0.961423
AGATACGACTTCATAT-1,0.560818,0.000148,0.439034
AGATACTCAAGATCGA-1,0.146155,0.138963,0.714881
AGATATAATACGACTA-1,0.597971,0.002081,0.399948
AGATCGTGCATAAGAT-1,0.12608,0.438651,0.43527
AGATCTCAGGTGTGAT-1,0.492934,0.000345,0.506721
AGATCTGGAGAGGATA-1,0.259224,0.17235,0.568426
AGATGACTCGCCCACG-1,0.751561,0.054448,0.19399
AGATGAGGGTTGCGAT-1,0.572439,0.003194,0.424367
AGATGATGGAGTCTGG-1,0.163406,0.000081,0.836513
AGATGCAAGACGTGCA-1,0.09739,0.000182,0.902429
AGATGCATCCTGTGTC-1,0.311122,0.006816,0.682062
AGATGCTATAACGAGC-1,0.872813,0.00059,0.126597
AGATTCAAGCGGGTCG-1,0.281211,0.000626,0.718163
AGATTCACAACCGATA-1,0.995493,0.000751,0.003756
AGCAAAGGCCGCTAGT-1,0.002434,0.193542,0.804024
AGCAACATATCTTATT-1,0.390026,0.000325,0.609649
AGCAACCGAAAGTAAT-1,0.476663,0.000152,0.523185
AGCACACGTTTAGACT-1,0.146283,0.019562,0.834154
AGCACTACCGGCCTGT-1,0.663592,0.215456,0.120952
AGCACTACCTCACCAG-1,0.367613,0.00299,0.629397
AGCACTTAAGGACGCC-1,0.423117,0.001612,0.575271
AGCAGAAGGAGAAAGA-1,0.22049,0.000206,0.779305
AGCATATCAATATGCT-1,0.12209,0.00919,0.86872
AGCATCATTTCGAAAG-1,0.505829,0.058667,0.435504
AGCATTACGAGGCAAG-1,0.208917,0.050401,0.740682
AGCCACAGGTTACCCG-1,0.011258,0.105476,0.883266
AGCCACTCCCGTGCTT-1,0.435859,0.004954,0.559187
AGCCATATAGTATGTG-1,0.064283,0.00031,0.935407
AGCCCATACATGTAAG-1,0.308752,0.000784,0.690464
AGCCCGGCATTAGAGG-1,0.410578,0.000172,0.58925
AGCCCTAAGCGAAGTT-1,0.998332,0.000278,0.00139
AGCCCTCCCTGGTGGC-1,0.133833,0.063738,0.802429
AGCCCTTCTAATCCGA-1,0.181992,0.299675,0.518333
AGCCGCAAATTCAAAT-1,0.6656,0.001865,0.332535
AGCCGCTTGATTAGCG-1,0.512561,0.001228,0.486211
AGCCGTGGCTAAATGT-1,0.517323,0.168597,0.31408
AGCCTAATACCCACGT-1,0.771392,0.216451,0.012158
AGCCTTAAAGCGGAAG-1,0.559896,0.000169,0.439935
AGCCTTGTCACTGATA-1,0.369871,0.118264,0.511865
AGCGACAGGAACGGTC-1,0.373561,0.402003,0.224436
AGCGACATCCCATTCA-1,0.71433,0.000095,0.285576
AGCGAGACGTGAAGGC-1,0.251874,0.012394,0.735732
AGCGATGCGCCTAATA-1,0.114722,0.000057,0.885221
AGCGCGGGTGCCAATG-1,0.055454,0.931698,0.012847
AGCGCTTATGGGCAAG-1,0.269541,0.001771,0.728687
AGCGGACACTTCGTAG-1,0.458157,0.000532,0.541311
AGCGGCGGTTAGCGGT-1,0.989878,0.001685,0.008437
AGCGGGAAGGGTCCAT-1,0.3868,0.000088,0.613112
AGCGGGTCTGACACTC-1,0.640459,0.000206,0.359335
AGCGGTTGAGATGTAC-1,0.150088,0.07103,0.778883
AGCGTACGAGAGCTAG-1,0.396494,0.000124,0.603382
AGCGTAGCGCTAGACC-1,0.53086,0.000759,0.468381
AGCGTCTGAACCCGCA-1,0.469475,0.000133,0.530392
AGCGTGGTATTCTACT-1,0.003776,0.003778,0.992447
AGCGTTCCGATTTAAA-1,0.000875,0.000875,0.99825
AGCTAACAAGCAATGT-1,0.378006,0.001561,0.620433
AGCTAAGTACGCAGGC-1,0.024311,0.052598,0.923091
AGCTAGAAGCAGAAGT-1,0.473078,0.48208,0.044842
AGCTATTTAATCCAAC-1,0.167686,0.001104,0.83121
AGCTCCATATATGTTC-1,0.10142,0.00007,0.89851
AGCTCCTTCGCACATC-1,0.296987,0.105839,0.597175
AGCTCTAGACGTTCCA-1,0.580597,0.004949,0.414454
AGCTCTTCCCAGTGCA-1,0.006243,0.006237,0.987519
AGCTCTTCGTAACCTT-1,0.200522,0.130842,0.668636
AGCTGAAGTAAACCAA-1,0.006841,0.006843,0.986316
AGCTGCATTTGAGGTG-1,0.566019,0.149259,0.284722
AGCTGCTGTGCCGAAT-1,0.225595,0.001204,0.7732
AGCTGTAACCTCAATC-1,0.494183,0.001113,0.504705
AGCTTATAGAGACCTG-1,0.274805,0.000683,0.724512
AGCTTCAATACTTTGA-1,0.363453,0.62758,0.008967
AGCTTCTTCTCGAGCA-1,0.417709,0.336811,0.24548
AGCTTGATCAGGGTAG-1,0.55857,0.029934,0.411496
AGCTTGATCTTAACTT-1,0.390434,0.353165,0.256401
AGGAAAGCCTCTGATG-1,0.991578,0.000203,0.00822
AGGAAGCTGTCCGCCG-1,0.994781,0.000869,0.004349
AGGACAGTCGAATCCC-1,0.017974,0.01793,0.964096
AGGACATCGCACGTCG-1,0.504462,0.049604,0.445934
AGGACGCTCGATGTTG-1,0.108486,0.002546,0.888968
AGGACTTATAGGAGAA-1,0.756903,0.000512,0.242584
AGGAGGCCTTCGCGCG-1,0.000042,0.28208,0.717878
AGGATAAAGTCGGGAT-1,0.95242,0.000121,0.047459
AGGATATAGGGATTTA-1,0.160219,0.317578,0.522203
AGGATATCCGACTGCA-1,0.204947,0.0651,0.729953
AGGATCACGCGATCTG-1,0.692275,0.003045,0.30468
AGGCAAAGAGGAATCA-1,0.419398,0.000649,0.579952
AGGCAATACGGAGGAC-1,0.312434,0.262848,0.424718
AGGCAGATGCGTAAAC-1,0.253602,0.006516,0.739882
AGGCATTGTCGTAGGG-1,0.184967,0.072551,0.742482
AGGCCACCCGTTATGA-1,0.237054,0.059191,0.703755
AGGCCCAGTGACTGGT-1,0.662781,0.00022,0.336999
AGGCCCATTGTACAGG-1,0.71175,0.000151,0.288099
AGGCCCTAGAACGCCA-1,0.468822,0.000459,0.530719
AGGCCTGAGAATCTCG-1,0.016915,0.097384,0.885701
AGGCGGTTTGTCCCGC-1,0.631331,0.00163,0.367039
AGGCTATGGTTAGCTT-1,0.583997,0.181483,0.23452
AGGCTTCCCGAAGAAG-1,0.236812,0.00068,0.762508
AGGCTTGCTAGACACC-1,0.568859,0.010183,0.420957
AGGGAAACGAGGTACT-1,0.310707,0.008971,0.680322
AGGGACAGCACGGCGG-1,0.720693,0.000454,0.278853
AGGGCAGCGGCGTGGT-1,0.80141,0.000214,0.198377
AGGGCGAGCAGCTGAT-1,0.785214,0.008428,0.206358
AGGGCGTGATCGGCTA-1,0.998895,0.000184,0.000921
AGGGTCAGAGCACTCG-1,0.17273,0.000097,0.827173
AGGGTCGATGCGAACT-1,0.146767,0.000137,0.853096
AGGGTGCCGTTCTTTA-1,0.027598,0.156028,0.816374
AGGGTGCTCTCGAGGG-1,0.304422,0.080134,0.615444
AGGGTGGATAGTGCAT-1,0.994519,0.000912,0.004569
AGGGTGTGCTACACGC-1,0.341594,0.056117,0.60229
AGGGTTCAGACGGTCC-1,0.307629,0.000105,0.692266
AGGGTTCCCTTTGGTT-1,0.000443,0.885057,0.114501
AGGTAACCTCCTATTC-1,0.511436,0.000153,0.488411
AGGTACGATATTGCCA-1,0.199992,0.215229,0.584779
AGGTAGATCGAGATAT-1,0.446343,0.105392,0.448265
AGGTAGGTACAAAGCT-1,0.128644,0.272909,0.598447
AGGTCAGGTGAGAGTG-1,0.597504,0.06293,0.339566
AGGTCGCCACTTCGGT-1,0.595874,0.00087,0.403256
AGGTCGCGGAGTTACT-1,0.333677,0.001611,0.664712
AGGTGTATCGCCATGA-1,0.564839,0.00388,0.43128
AGGTTCTCCTTTCCGG-1,0.923404,0.048146,0.028449
AGGTTGAGGCACGCTT-1,0.352565,0.000296,0.64714
AGGTTTCACACACCTT-1,0.304771,0.435516,0.259712
AGTAACGTTCATCCTG-1,0.003055,0.00305,0.993895
AGTAATGTCTTGCCGC-1,0.769289,0.000154,0.230557
AGTAATTTGCAAGCGT-1,0.712973,0.000163,0.286864
AGTACAGAAGCTTATA-1,0.24094,0.21421,0.54485
AGTACCTTCGAGTGCT-1,0.285193,0.000128,0.714679
AGTACGGCCCGTATCG-1,0.236692,0.757915,0.005393
AGTACGGGCACCTGGC-1,0.502276,0.00064,0.497084
AGTACGTGGCCTGTCT-1,0.011048,0.011035,0.977917
AGTACTCTTATGCCCA-1,0.045413,0.010306,0.944281
AGTAGAAGGCGCCTCA-1,0.317332,0.000402,0.682266
AGTAGCGTGAACGAAC-1,0.703257,0.000763,0.29598
AGTAGCTAGACGCCGA-1,0.178276,0.081434,0.74029
AGTAGGAAGGAAGTTG-1,0.128035,0.251313,0.620652
AGTAGGTAACATACAT-1,0.677106,0.000197,0.322697
AGTATAATACTAGGCA-1,0.174933,0.560292,0.264776
AGTATCCATAATAACG-1,0.292291,0.083388,0.624321
AGTATGCTGGAGACCA-1,0.401865,0.000343,0.597792
AGTCAAATGATGTGAT-1,0.25901,0.000066,0.740924
AGTCAAGATGACACTT-1,0.263795,0.000891,0.735314
AGTCACTAGCTCTCGA-1,0.18033,0.002541,0.817129
AGTCACTCCGCCTCAT-1,0.534932,0.000874,0.464193
AGTCAGCCACCGCCTG-1,0.439472,0.469765,0.090763
AGTCCAGCGGGTACGT-1,0.52947,0.20806,0.26247
AGTCCATTGGCTGATG-1,0.004602,0.175398,0.82
AGTCCCGCCTTTAATT-1,0.083432,0.17753,0.739038
AGTCGAAACGATTCAG-1,0.229282,0.002608,0.76811
AGTCGACGGTCTCAAG-1,0.000216,0.399745,0.600039
AGTCGGCCCAAACGAC-1,0.328894,0.025165,0.645941
AGTCGGCTCAACTTTA-1,0.627088,0.000886,0.372026
AGTCGTATAAAGCAGA-1,0.000067,0.228913,0.771019
AGTCGTCGACCACCAA-1,0.113436,0.008213,0.878351
AGTCGTGGGCATTACG-1,0.500709,0.007018,0.492273
AGTCTCACAAGACTAC-1,0.444894,0.000332,0.554774
AGTCTGGACATCCTTG-1,0.898894,0.000285,0.100821
AGTCTTTAAAGTGTCC-1,0.479015,0.005134,0.515851
AGTGAACAAACTTCTC-1,0.000267,0.210121,0.789613
AGTGACTGTGACACAA-1,0.103835,0.051938,0.844227
AGTGAGACTTCCAGTA-1,0.126342,0.003588,0.870071
AGTGAGCCTCGCCGCC-1,0.132553,0.098155,0.769292
AGTGAGGGTTTCTGAC-1,0.002243,0.081981,0.915776
AGTGAGTCGAATTAAC-1,0.142972,0.103705,0.753322
AGTGATAACCTGCGCG-1,0.086407,0.047995,0.865598
AGTGATTCAAGCAGGA-1,0.41454,0.228447,0.357013
AGTGCACGCTTAAGAA-1,0.172994,0.000081,0.826925
AGTGCGTAGCTCGTAA-1,0.000358,0.385992,0.61365
AGTGCTAAACACAGCA-1,0.000024,0.10693,0.893046
AGTGCTTGCACGAATA-1,0.181186,0.094082,0.724732
AGTGGCGGCAATTTGA-1,0.000703,0.48169,0.517608
AGTGGCGTCTGAAGGT-1,0.023268,0.050349,0.926383
AGTGGCTCCGTCGGCC-1,0.255524,0.01193,0.732546
AGTGGTGTTACCCGTG-1,0.548771,0.011034,0.440195
AGTGGTTGCGTATAGG-1,0.454258,0.005307,0.540435
AGTGTATTGCGCATTG-1,0.007199,0.002049,0.990752
AGTGTGCTAAGATCGC-1,0.733696,0.134924,0.13138
AGTGTGGTCTATTGTG-1,0.886839,0.000167,0.112994
AGTTAAACACTTGCGA-1,0.305404,0.172752,0.521844
AGTTAAGCGGTCCCGG-1,0.592025,0.000806,0.407169
AGTTAAGTCAACCGCT-1,0.393646,0.111339,0.495016
AGTTACCCTTAAGACT-1,0.995195,0.000801,0.004005
AGTTACCGCACATGGT-1,0.779646,0.000194,0.22016
AGTTACTCTATCGTGG-1,0.498771,0.199949,0.301281
AGTTATTGAAAGGTAA-1,0.00623,0.006265,0.987505
AGTTCACCGGTTGGAC-1,0.56721,0.227857,0.204933
AGTTCCTATTTATGTT-1,0.40551,0.365307,0.229183
AGTTCTGCGTTGTATC-1,0.922265,0.04517,0.032565
AGTTGACATCGGCTGG-1,0.383358,0.000253,0.616389
AGTTGACGGTCCTTGC-1,0.477653,0.052484,0.469863
AGTTGCGGTCCTCAAC-1,0.449635,0.000081,0.550284
AGTTGCTGACTGATAT-1,0.863174,0.136017,0.000809
AGTTGGCAAGGCTAGA-1,0.208802,0.048921,0.742277
AGTTTCGCAGGTCGGA-1,0.537757,0.403282,0.058961
AGTTTGCACCTGCCTC-1,0.178829,0.005129,0.816042
AGTTTGGCACGGGTTG-1,0.060448,0.115805,0.823747
AGTTTGGCCAGACCTA-1,0.299826,0.220498,0.479675
ATAAACCATTGGACGG-1,0.471322,0.000886,0.527793
ATAAACGGACCCGTAA-1,0.999559,0.000074,0.000367
ATAAACGTTGCACCAC-1,0.172399,0.020158,0.807444
ATAAAGGTCAAGTACG-1,0.607604,0.007176,0.38522
ATAAATATTAGCAGCT-1,0.000076,0.854351,0.145573
ATAACGCCGGAGGGTC-1,0.449218,0.538623,0.012158
ATAACGGAGTCCAACG-1,0.000634,0.434038,0.565328
ATAACGTTACCTCCAC-1,0.167818,0.002819,0.829363
ATAAGCAAACACCGAG-1,0.218676,0.052273,0.729051
ATAAGGTGGAGAACAT-1,0.396514,0.413011,0.190475
ATAAGTACCCGATTGT-1,0.154195,0.029593,0.816212
ATAAGTAGGATTCAGA-1,0.29951,0.101404,0.599086
ATAAGTAGGGCGACTC-1,0.18882,0.08461,0.72657
ATAAGTTACCGCGACG-1,0.723243,0.27307,0.003687
ATAATACCGTTAGCCG-1,0.944878,0.00014,0.054981
ATAATAGCTGTTGAAT-1,0.999199,0.000133,0.000668
ATAATAGTGTAGGGAC-1,0.440042,0.000139,0.559819
ATAATCTTGGAGAACC-1,0.554159,0.000849,0.444993
ATAATTAGCTAAGTAG-1,0.449088,0.22465,0.326262
ATACAGGCCCTCCAAT-1,0.26602,0.005979,0.728001
ATACCACGGGCAACTT-1,0.384485,0.321303,0.294211
ATACCAGGCTAATAGA-1,0.691148,0.000117,0.308735
ATACCAGGTGAGCGAT-1,0.942583,0.009565,0.047852
ATACCCTCCCGGCCAA-1,0.414445,0.063269,0.522286
ATACCCTGGCTCAAAT-1,0.583341,0.117511,0.299148
ATACCTAACCAAGAAA-1,0.770754,0.049795,0.179451
ATACGACAGATGGGTA-1,0.145851,0.027439,0.826709
ATACGCCGATCTACCG-1,0.434378,0.089521,0.476101
ATACGCCGGCGAAACC-1,0.209688,0.001527,0.788785
ATACGGAACGTCGTTT-1,0.219764,0.000152,0.780084
ATACGGGTTTCGATTG-1,0.282413,0.196434,0.521152
ATACGGTGAAGATGCA-1,0.997642,0.000393,0.001965
ATACGTACTTAGCCAC-1,0.000577,0.000576,0.998847
ATACGTCCACTCCTGT-1,0.142738,0.117714,0.739548
ATACGTTATGCACGGA-1,0.516254,0.249562,0.234183
ATACTACCCGTACCAC-1,0.01066,0.153106,0.836234
ATACTCTCGCCACTCT-1,0.482776,0.000339,0.516885
ATACTGCCTTACACCG-1,0.089454,0.00041,0.910136
ATACTTGTTCTCGAGC-1,0.852143,0.001862,0.145994
ATAGACAACGGGACCT-1,0.232163,0.158904,0.608933
ATAGAGTTATCAACTT-1,0.339157,0.00113,0.659713
ATAGATTTGCAGTCGG-1,0.998826,0.000196,0.000978
ATAGCAACTAGGGAAG-1,0.034206,0.038663,0.927131
ATAGCCTCAGTACCCA-1,0.907031,0.092114,0.000855
ATAGCTGCTCTTGTTA-1,0.837857,0.000466,0.161677
ATAGGAATCTAAGCTT-1,0.603634,0.121551,0.274815
ATAGGCGGCTATAGAA-1,0.047014,0.864515,0.088471
ATAGGCTAGCTTCGCA-1,0.124987,0.300897,0.574116
ATAGGGATATCCTTGA-1,0.483799,0.000244,0.515957
ATAGTCTTTGACGTGC-1,0.772234,0.000177,0.227589
ATAGTGAAGCGTTCTC-1,0.258209,0.184818,0.556973
ATAGTTCCACCCACTC-1,0.004246,0.703197,0.292558
ATATAAAGCGCTCGTG-1,0.887549,0.001226,0.111225
ATATAAATGTAGCTGC-1,0.004485,0.004482,0.991033
ATATAACACGGGCGCA-1,0.000034,0.34161,0.658356
ATATACATGTATGGTA-1,0.467901,0.181593,0.350506
ATATACGCTCGTGACG-1,0.088741,0.000084,0.911175
ATATAGAGTATTGGTC-1,0.998099,0.000317,0.001584
ATATCAACCTACAGAG-1,0.192192,0.039914,0.767894
ATATCAATTCCAGCCT-1,0.893357,0.008959,0.097684
ATATCGTGCCAGACCC-1,0.55424,0.342824,0.102936
ATATCGTTCCTCGAAC-1,0.098941,0.011734,0.889324
ATATCTCCCTCGTTAA-1,0.344629,0.011959,0.643412
ATATGTCTAGAGCGTG-1,0.207832,0.000591,0.791577
ATATGTCTCCCTAGCC-1,0.232097,0.17737,0.590533
ATATGTGCACAAACCA-1,0.22654,0.09586,0.6776
ATATTATCCCGTATTT-1,0.380343,0.155723,0.463933
ATATTCAGTTAAACCT-1,0.150628,0.170096,0.679275
ATATTCCACATAGTGA-1,0.396069,0.009553,0.594378
ATATTGCTGTCAAAGT-1,0.413294,0.000101,0.586605
ATCAAACACTGTTCCA-1,0.046219,0.034666,0.919115
ATCAAACGAAGGTTTG-1,0.49451,0.375487,0.130003
ATCAATGCCGTGGCTG-1,0.591685,0.000134,0.408181
ATCACATTAGAATATC-1,0.281459,0.002653,0.715888
ATCACGTGCTAATTAA-1,0.219183,0.333926,0.446891
ATCACTTCATCCTCGC-1,0.385643,0.002175,0.612181
ATCAGAAGCTGGTTGC-1,0.079519,0.086725,0.833755
ATCAGACGGCACGCCG-1,0.051857,0.321166,0.626977
ATCAGCCTCATGCTGC-1,0.1985,0.081585,0.719915
ATCAGCTCGTCCACTA-1,0.680746,0.003115,0.316139
ATCAGGTCGCCATTGC-1,0.099443,0.76299,0.137567
ATCAGTAGGCAGGGAT-1,0.557769,0.005316,0.436915
ATCATAGCCCTATGTA-1,0.059904,0.000492,0.939603
ATCATCTGCCCAGTGT-1,0.424865,0.015946,0.559189
ATCATTGTACCGCATT-1,0.361221,0.132677,0.506102
ATCCAACGCAGTCATA-1,0.606909,0.096638,0.296453
ATCCAATGGAGGGTCC-1,0.3078,0.022706,0.669494
ATCCAATGGTACCGAA-1,0.956947,0.007183,0.03587
ATCCACATCGACAGAA-1,0.563943,0.000378,0.435678
ATCCACGCTAAATGTT-1,0.156697,0.003501,0.839801
ATCCACTTTCAGACTA-1,0.337203,0.000104,0.662693
ATCCCATCCACAGCGC-1,0.88997,0.016807,0.093224
ATCCTGAATCGCTGCG-1,0.419303,0.00293,0.577767
ATCCTGCTGCAGATAG-1,0.991557,0.001409,0.007034
ATCGCACGATTGTTCA-1,0.498552,0.00044,0.501008
ATCGCCAGTCAACATT-1,0.100771,0.244211,0.655019
ATCGGAGACAGACGGC-1,0.5915,0.250178,0.158322
ATCGGCAAGCAGTCCA-1,0.030647,0.000859,0.968494
ATCGGTTACCTAGTAA-1,0.543973,0.001248,0.454779
ATCGTATTCCGAGAAC-1,0.265016,0.000652,0.734332
ATCGTCCAATCGAGTC-1,0.785898,0.000217,0.213885
ATCGTGGAAAGTCTGG-1,0.538935,0.000095,0.46097
ATCGTTAGCTAGCGGA-1,0.027096,0.132997,0.839907
ATCGTTCACTTTCGCC-1,0.007563,0.577419,0.415018
ATCTAACGTCCCTATG-1,0.143264,0.855767,0.00097
ATCTAATATCCTACGG-1,0.65746,0.039638,0.302903
ATCTACCATCTGCTCC-1,0.003121,0.003118,0.99376
ATCTAGCTTGTGAGGG-1,0.174525,0.174874,0.650602
ATCTATCGATGATCAA-1,0.36265,0.145012,0.492337
ATCTCATAAACCTACC-1,0.409891,0.082538,0.50757
ATCTCCCACGGAATAT-1,0.091779,0.000063,0.908158
ATCTCCCTGCAATCTA-1,0.29977,0.360399,0.339831
ATCTGACATGGAAGGA-1,0.26932,0.019378,0.711302
ATCTGATAGTGTCTTA-1,0.644801,0.000323,0.354876
ATCTGCACCTCTGCGA-1,0.012804,0.049134,0.938062
ATCTGGGCTGTTCTTG-1,0.683402,0.00068,0.315917
ATCTGGTTAAGACTGT-1,0.152744,0.532237,0.315019
ATCTGTAATTGTACCC-1,0.600734,0.000629,0.398637
ATCTTAGGGCATTAAT-1,0.067005,0.247178,0.685817
ATCTTATCGCACACCC-1,0.136869,0.000073,0.863057
ATCTTGACTTGTCCAA-1,0.150446,0.288084,0.56147
ATGAAGTGGACCCAGC-1,0.126914,0.20993,0.663156
ATGACGCCGGCTCTAA-1,0.578286,0.239369,0.182345
ATGACGCGTTCTATCC-1,0.482334,0.025231,0.492435
ATGACTATCAGCTGTG-1,0.302198,0.000102,0.6977
ATGACTATGCGACATT-1,0.168331,0.370701,0.460969
ATGAGGAGTGTTAATC-1,0.000802,0.000802,0.998396
ATGATCGGGAATAGAC-1,0.738713,0.000435,0.260852
ATGCACCTTCCTTAAT-1,0.830798,0.001795,0.167408
ATGCACGCGCTGTTCA-1,0.986542,0.002242,0.011216
ATGCATTCCGTGATGG-1,0.491212,0.00086,0.507928
ATGCCAATCGCTCTGC-1,0.000081,0.000081,0.999838
ATGCCATTTGCGACCA-1,0.148253,0.163845,0.687902
ATGCCGGTCTTGCATA-1,0.361146,0.000402,0.638452
ATGCCGGTTGATGGGA-1,0.274452,0.002435,0.723113
ATGCGACAATTGGTCC-1,0.235164,0.153954,0.610882
ATGCGACAGTCCCATT-1,0.096841,0.811941,0.091218
ATGCGAGTCCCACCAC-1,0.23266,0.065055,0.702285
ATGCTCAGTGTTGCAT-1,0.222478,0.381165,0.396357
ATGCTCTGGCGCGGTA-1,0.647846,0.003782,0.348372
ATGGAAATTTAAGGAG-1,0.401231,0.002392,0.596376
ATGGAACAGAATAAAC-1,0.415654,0.00445,0.579896
ATGGAGCAGGCCGTGA-1,0.181317,0.452366,0.366318
ATGGATCCGGCGTCCG-1,0.000163,0.000163,0.999674
ATGGCAGCATTACGAT-1,0.368146,0.0001,0.631753
ATGGCAGCCGAGAAAC-1,0.000135,0.000135,0.99973
ATGGCTGGAAATGGCC-1,0.003334,0.494062,0.502603
ATGGGAACGGAAGCGG-1,0.494997,0.494445,0.010558
ATGGGACCTGCTGAAC-1,0.149656,0.002659,0.847684
ATGGGCCTCGGCCTCT-1,0.00023,0.163932,0.835837
ATGGGTGTATACCTCC-1,0.391738,0.000094,0.608168
ATGGTATTTACTGATT-1,0.223771,0.00012,0.776109
ATGGTCGCGTGGTTTC-1,0.004486,0.33305,0.662464
ATGGTGCTCAAAGCCA-1,0.614761,0.000963,0.384276
ATGGTTACGAAACATG-1,0.269683,0.000148,0.730169
ATGTACATGCGGTGAG-1,0.023329,0.000404,0.976267
ATGTACGATGACGTCG-1,0.328767,0.000135,0.671097
ATGTAGCGCGCGTAGG-1,0.377279,0.00388,0.61884
ATGTCATTTCCCATTG-1,0.537324,0.230716,0.23196
ATGTCTTGTTTGACTC-1,0.45523,0.055423,0.489347
ATGTGAAAGCCTAATG-1,0.52449,0.001293,0.474218
ATGTGGACATCTTGAT-1,0.159167,0.005982,0.834851
ATGTGTAGTTTAGTCA-1,0.5405,0.000603,0.458897
ATGTTACGAGCAATAC-1,0.524564,0.046303,0.429134
ATGTTCCTGCCCACCT-1,0.762078,0.000563,0.237359
ATGTTCGTCGACCCAC-1,0.997454,0.000424,0.002122
ATGTTGATTAGAGACT-1,0.07741,0.050946,0.871644
ATGTTGTAGTCTGTTT-1,0.235128,0.058324,0.706548
ATGTTTGTAAGATCAT-1,0.08341,0.099752,0.816838
ATTAAACATGCGGACC-1,0.402224,0.097521,0.500254
ATTAATGAACCAGTCG-1,0.489095,0.000428,0.510477
ATTAATTCGGTCACTC-1,0.710311,0.000331,0.289359
ATTACAACTACCGGCC-1,0.365868,0.345915,0.288218
ATTACATGTCAGTCTT-1,0.225313,0.000119,0.774568
ATTACGCGCTGGCAGG-1,0.533438,0.001888,0.464674
