Barcode,Topic 1,Topic 2,Topic 3,Topic 4to6
AAACAAGTATCTCCCA-1,0.324229,0.282073,0.172282,0.221417
AAACACCAATAACTGC-1,0.065478,0.579786,0.351955,0.002782
AAACAGAGCGACTCCT-1,0.167727,0.365722,0.00228,0.464271
AAACAGGGTCTATATT-1,0.167386,0.115841,0.000375,0.716399
AAACATGGTGAGAGGA-1,0.586575,0.240677,0.171382,0.001366
AAACATTTCCCGGATT-1,0.116812,0.88258,0.000152,0.000456
AAACCGTTCGTCCAGG-1,0.27443,0.148531,0.251718,0.325321
AAACCTAAGCAGCCGG-1,0.24624,0.744282,0.00237,0.007108
AAACCTCATGAAGTTG-1,0.428509,0.001249,0.269284,0.300957
AAACGAAGATGGAGTA-1,0.31846,0.51347,0.002635,0.165435
AAACGAGACGGTTGAT-1,0.410308,0.150752,0.313175,0.125765
AAACGCTGGGCACGAC-1,0.001109,0.80997,0.185593,0.003328
AAACGGGCGTACGGGT-1,0.006253,0.968826,0.006225,0.018697
AAACGGTTGCGAACTG-1,0.002806,0.985998,0.002803,0.008394
AAACGTGTTCGCCCTA-1,0.158222,0.583183,0.053453,0.205142
AAACTCGGTTCGCAAT-1,0.534071,0.455067,0.002716,0.008146
AAACTCGTGATATAAG-1,0.482144,0.283108,0.055071,0.179677
AAACTTAATTGCACGC-1,0.300749,0.692952,0.001574,0.004726
AAAGAATGACCTTAGA-1,0.003661,0.981697,0.003659,0.010983
AAAGAATGTGGACTAA-1,0.196101,0.801668,0.000558,0.001673
AAAGACCCAAGTCGCG-1,0.079068,0.478878,0.13872,0.303334
AAAGACTGGGCGCTTT-1,0.330542,0.000456,0.000456,0.668547
AAAGCTTGCCTACATA-1,0.000188,0.455257,0.357327,0.187229
AAAGGCCCTATAATAC-1,0.96334,0.007339,0.007337,0.021984
AAAGGCTACGGACCAT-1,0.771648,0.216525,0.002958,0.008868
AAAGGCTCTCGCGCCG-1,0.266372,0.06391,0.182765,0.486953
AAAGGGATGTAGCAAG-1,0.341991,0.059209,0.000102,0.598698
AAAGGGCAGCTTGAAT-1,0.274091,0.714089,0.002957,0.008863
AAAGGTAAGCTGTACC-1,0.137473,0.2546,0.26777,0.340157
AAAGTAGCATTGCTCA-1,0.001794,0.749569,0.009087,0.239551
AAAGTCACTGATGTAA-1,0.000458,0.577298,0.279998,0.142247
AAAGTGCCATCAATTA-1,0.000941,0.746139,0.000942,0.251978
AAATAACCATACGGGA-1,0.004324,0.777793,0.204911,0.012971
AAATACCTATAAGCAT-1,0.349191,0.250899,0.212179,0.187731
AAATAGGGTGCTATTG-1,0.361669,0.016142,0.009395,0.612794
AAATCCGATACACGCC-1,0.607877,0.000561,0.000562,0.391
AAATCGCGGAAGGAGT-1,0.002247,0.98878,0.002242,0.006731
AAATCTAGCCCTGCTA-1,0.384303,0.000129,0.009389,0.60618
AAATGATTCGATCAGC-1,0.444034,0.454927,0.047257,0.053782
AAATGCTCGTTACGTT-1,0.005097,0.97456,0.005089,0.015254
AAATGGCATGTCTTGT-1,0.000485,0.420668,0.57739,0.001456
AAATGGCCCGTGCCCT-1,0.000773,0.080537,0.142569,0.776121
AAATGGTCAATGTGCC-1,0.478955,0.164287,0.112319,0.24444
AAATGTATCTTATCCC-1,0.000137,0.733536,0.265917,0.00041
AAATTAACGGGTAGCT-1,0.360256,0.353202,0.002221,0.284321
AAATTAATAAGCGCGA-1,0.776538,0.000305,0.16833,0.054827
AAATTACACGACTCTG-1,0.432873,0.335391,0.22331,0.008425
AAATTACCTATCGATG-1,0.539886,0.172201,0.242077,0.045836
AAATTGATAGTCCTTT-1,0.406784,0.575021,0.004552,0.013642
AAATTGGTGAGAAGCA-1,0.245877,0.753456,0.000167,0.000501
AAATTTGCGGGTGTGG-1,0.000946,0.21521,0.030292,0.753552
AACAACTGGTAGTTGC-1,0.752677,0.236352,0.001774,0.009197
AACAATACATTGTCGA-1,0.401744,0.455839,0.001212,0.141204
AACAATTACTCTACGC-1,0.404113,0.099967,0.064583,0.431337
AACACACGCTCGCCGC-1,0.038436,0.225049,0.710912,0.025603
AACACGACTGTACTGA-1,0.00072,0.633532,0.10282,0.262928
AACAGCTGTGTGGCAA-1,0.83824,0.155746,0.001506,0.004507
AACAGGAAATCGAATA-1,0.1969,0.802448,0.000163,0.00049
AACAGGATGGGCCGCG-1,0.400808,0.000389,0.328247,0.270556
AACATATCAACTGGTG-1,0.433918,0.104897,0.348345,0.112841
AACATCGATACGTCTA-1,0.556815,0.346838,0.078229,0.018118
AACATTGAAGTTGATC-1,0.661989,0.317668,0.005104,0.015239
AACATTGTGACTCGAG-1,0.25963,0.728928,0.002853,0.00859
AACCAAGACTTCTCTG-1,0.435934,0.038798,0.482773,0.042495
AACCATAGGGTTGAAC-1,0.002163,0.989194,0.002163,0.006479
AACCATGGGATCGCTA-1,0.006765,0.966214,0.006735,0.020287
AACCCAGAGACGGAGA-1,0.004109,0.979459,0.004105,0.012327
AACCCATCCCATGATC-1,0.583452,0.291355,0.042792,0.082401
AACCCGACAACCCGTG-1,0.329717,0.644353,0.00648,0.019449
AACCCGAGCAGAATCG-1,0.00083,0.485836,0.000831,0.512503
AACCGAGCTTGGTCAT-1,0.32515,0.283089,0.163872,0.227888
AACCGTTGTGTTTGCT-1,0.001833,0.778198,0.214466,0.005503
AACCTCGCTTTAGCCC-1,0.427105,0.550444,0.005617,0.016835
AACCTTTAAATACGGT-1,0.125563,0.026244,0.019045,0.829148
AACCTTTACGACGTCT-1,0.567504,0.144946,0.002376,0.285174
AACGAAAGTCGTCCCA-1,0.290683,0.69396,0.003824,0.011533
AACGACCTCCTAGCCG-1,0.406901,0.38848,0.08089,0.123728
AACGATAATGCCGTAG-1,0.192196,0.249262,0.072497,0.486045
AACGATAGAAGGGCCG-1,0.025744,0.835434,0.000265,0.138557
AACGATATGTCAACTG-1,0.656541,0.000799,0.000799,0.341861
AACGCATGATCTGGGT-1,0.001669,0.678583,0.314749,0.004999
AACGCGACCTTGGGCG-1,0.145088,0.411186,0.077586,0.366141
AACGCGGTCTCCAGCC-1,0.414883,0.152529,0.000408,0.43218
AACGCTGTTGCTGAAA-1,0.421132,0.497028,0.079716,0.002125
AACGGACGTACGTATA-1,0.567141,0.008111,0.165672,0.259076
AACGGCCATCTCCGGT-1,0.000751,0.243535,0.524859,0.230855
AACGTACTGTGGGTAC-1,0.905078,0.086694,0.002058,0.00617
AACGTCAGACTAGTGG-1,0.612765,0.372886,0.003587,0.010762
AACGTCGCTGCACTTC-1,0.00432,0.443746,0.004324,0.54761
AACGTGATGAAGGACA-1,0.000553,0.490017,0.240675,0.268756
AACGTTATCAGCACCT-1,0.437291,0.561729,0.000245,0.000735
AACGTTCTACCATTGT-1,0.439568,0.347131,0.102882,0.110419
AACTAGGCTTGGGTGT-1,0.375554,0.085254,0.161555,0.377637
AACTCCAGAGCGTGTT-1,0.002555,0.500381,0.166106,0.330958
AACTCCTAATCCCATG-1,0.001637,0.234587,0.307933,0.455843
AACTCGATGGCGCAGT-1,0.262799,0.379165,0.286481,0.071555
AACTCTCAATAGAGCG-1,0.000165,0.377134,0.386968,0.235733
AACTCTCAGTGTGCTC-1,0.21517,0.218653,0.000272,0.565905
AACTGATATTAGGCCT-1,0.000126,0.689732,0.129374,0.180768
AACTGGGTCCCGACGT-1,0.427186,0.560308,0.011896,0.00061
AACTTCTGCGTCTATC-1,0.437371,0.550973,0.000484,0.011172
AACTTGCCCGTATGCA-1,0.001591,0.311378,0.682258,0.004774
AACTTGCGTTCTCGCG-1,0.005287,0.973578,0.005272,0.015863
AACTTTACGGGAGCTT-1,0.723094,0.156136,0.00027,0.120499
AACTTTCTCGATCATG-1,0.000142,0.709277,0.082166,0.208416
AAGAAATCACCAGATT-1,0.000203,0.800681,0.000204,0.198912
AAGAAGGATCAGTTAG-1,0.004112,0.294054,0.140346,0.561487
AAGACATACGTGGTTT-1,0.073512,0.017448,0.114031,0.795009
AAGACCAAATAACTCA-1,0.987602,0.002483,0.002478,0.007437
AAGACCCAACTGAACA-1,0.833227,0.001103,0.162366,0.003304
AAGACTGCAAGCTACT-1,0.000176,0.242309,0.369821,0.387693
AAGAGATGAATCGGTA-1,0.004956,0.706336,0.273877,0.014831
AAGAGCTCTTTATCGG-1,0.152642,0.000059,0.517442,0.329857
AAGAGGCATGGATCGC-1,0.032727,0.231005,0.49612,0.240148
AAGAGGCCCTTTGGAA-1,0.000116,0.577691,0.366459,0.055734
AAGATGGCACCGGACC-1,0.69563,0.000462,0.106989,0.196919
AAGATTGGCGGAACGT-1,0.545266,0.290513,0.161507,0.002714
AAGCACCCTGCGTATC-1,0.412284,0.566656,0.005263,0.015797
AAGCATACTCTCCTGA-1,0.197201,0.075535,0.127542,0.599722
AAGCCGCCGTGAAATC-1,0.704847,0.154408,0.078614,0.062131
AAGCCGCTTTACCTTG-1,0.071114,0.690729,0.214536,0.023621
AAGCCGGAGAGCAGGA-1,0.000781,0.631987,0.00078,0.366452
AAGCGCAGGGCTTTGA-1,0.586817,0.400208,0.003241,0.009733
AAGCGGAGTGCGCGCA-1,0.071456,0.630281,0.297494,0.000769
AAGCGGCGTCATGGGT-1,0.237965,0.511535,0.247561,0.002939
AAGCGTCCCTCATCGA-1,0.734072,0.257172,0.002187,0.006569
AAGCTAGATCGAGTAA-1,0.172957,0.102157,0.472065,0.252821
AAGCTCGTGCCAAGTC-1,0.04004,0.276986,0.332746,0.350228
AAGCTCTTTCATGGTG-1,0.690955,0.303863,0.001297,0.003885
AAGGAGCGGTTGGTGC-1,0.443174,0.079553,0.033992,0.443281
AAGGATGAGGGACCTC-1,0.252595,0.17389,0.347645,0.225871
AAGGCGCGTAAAGCTT-1,0.620411,0.372849,0.001684,0.005056
AAGGCTGTGCTCATCG-1,0.205917,0.000055,0.443196,0.350832
AAGGGAACGACTGGCT-1,0.001961,0.502843,0.489311,0.005885
AAGGGACAGATTCTGT-1,0.314947,0.099791,0.518399,0.066864
AAGGGACTATGCATTC-1,0.005625,0.695523,0.282002,0.016851
AAGGGTTTGATTTCAG-1,0.453567,0.540011,0.001606,0.004816
AAGGTATCCTAATATA-1,0.539094,0.317192,0.025423,0.118291
AAGTAGAAGACCGGGT-1,0.434432,0.565014,0.000138,0.000415
AAGTAGTGACGCGAGG-1,0.531763,0.249503,0.218167,0.000567
AAGTCTAGTAGCTGCC-1,0.000157,0.669949,0.111932,0.217962
AAGTGAGTCGGGTTTA-1,0.002279,0.78156,0.002276,0.213885
AAGTGCAAAGGTAGAC-1,0.000079,0.528286,0.058586,0.413049
AAGTGCGTTAGAATCT-1,0.003123,0.984412,0.003118,0.009347
AAGTGCTTCTCTATTG-1,0.001832,0.754572,0.238098,0.005499
AAGTGTTTGGAGACGG-1,0.813814,0.125421,0.018066,0.042699
AAGTTCACTCCAAGCT-1,0.264777,0.319323,0.119744,0.296156
AAGTTCAGTCTGCGTA-1,0.705322,0.215975,0.001833,0.07687
AAGTTGTGATGTTATA-1,0.312953,0.685939,0.000175,0.000933
AAGTTTATGGGCCCAA-1,0.002556,0.987248,0.002551,0.007645
AATAACAACGCTCGGC-1,0.459208,0.111843,0.428863,0.000086
AATAACACTAGAACAA-1,0.053624,0.061631,0.26093,0.623814
AATACAATGTTTCAGG-1,0.258446,0.652326,0.001685,0.087543
AATACCGGAGGGCTGT-1,0.00527,0.537224,0.005276,0.45223
AATACCTGATGTGAAC-1,0.547003,0.140386,0.005786,0.306825
AATAGAACAGAGTGGC-1,0.004667,0.000013,0.043151,0.952169
AATAGAATCTGTTTCA-1,0.577424,0.011245,0.272048,0.139283
AATAGCTACCGCGTGC-1,0.457668,0.54143,0.000226,0.000677
AATAGTCCGTCCCGAC-1,0.000024,0.000024,0.004177,0.995776
AATAGTCGCGAGTCGG-1,0.277759,0.58037,0.023012,0.11886
AATATCCTAGCAAACT-1,0.399812,0.370321,0.188135,0.041731
AATATCGAGGGTTCTC-1,0.1008,0.367231,0.18838,0.343589
AATATTGGAGTATTGA-1,0.527969,0.034597,0.43008,0.007354
AATCATGTAAAGACTC-1,0.626745,0.000175,0.250895,0.122185
AATCCAAGGGCCTGAG-1,0.016975,0.980879,0.000536,0.00161
AATCGGTATAGCCCTC-1,0.031151,0.968239,0.000153,0.000458
AATCGTGAGCCGAGCA-1,0.007008,0.965094,0.006973,0.020924
AATCTAGGTTTACTTG-1,0.727518,0.233906,0.000333,0.038243
AATCTATGCCGGAGCC-1,0.719047,0.001163,0.276304,0.003486
AATCTGCGTTGGGACG-1,0.001665,0.368969,0.254824,0.374541
AATCTGGCTTTCTAGT-1,0.451807,0.036457,0.31085,0.200886
AATGACAGCAATGTCT-1,0.005264,0.601077,0.005257,0.388402
AATGACTGTCAGCCGG-1,0.789612,0.1783,0.031537,0.000551
AATGAGTTCGCATATG-1,0.622911,0.356674,0.005099,0.015317
AATGATGATACGCTAT-1,0.516524,0.144612,0.055199,0.283666
AATGATGCGACTCCTG-1,0.115189,0.135257,0.559755,0.189798
AATGCAACCGGGTACC-1,0.38113,0.157637,0.067737,0.393495
AATGCACCAAGCAATG-1,0.463772,0.000691,0.000691,0.534846
AATGGTCCACCGTTCA-1,0.408708,0.579672,0.002904,0.008716
AATGGTTCTCACAAGC-1,0.003839,0.980811,0.003837,0.011513
AATGTATGGCACTGTA-1,0.494864,0.117068,0.22283,0.165237
AATGTGCCCGAGGTGT-1,0.007561,0.230983,0.216727,0.54473
AATGTGCTAATCTGAG-1,0.461106,0.181343,0.01629,0.341261
AATGTTGTCGTGAGAC-1,0.15048,0.72125,0.126694,0.001576
AATTAACGGATTTCCA-1,0.810441,0.108315,0.000399,0.080845
AATTACGAGACCCATC-1,0.271234,0.715285,0.003375,0.010106
AATTAGCGCTGCAGCG-1,0.31065,0.032776,0.049031,0.607542
AATTCATAAGGGATCT-1,0.237963,0.476901,0.279584,0.005552
AATTCATTGTCATGCA-1,0.636005,0.358849,0.001286,0.00386
AATTCCAAGCATGTAC-1,0.343697,0.001428,0.134427,0.520448
AATTCGATTCGAGGAT-1,0.004218,0.978865,0.004223,0.012694
AATTCTAGAGTTAGGC-1,0.429171,0.108898,0.196385,0.265545
AATTGCAGCAATCGAC-1,0.431888,0.567675,0.000109,0.000328
AATTGCGTGGATTACA-1,0.800219,0.186031,0.003444,0.010306
AATTGTGGTTGCCAAA-1,0.000751,0.73038,0.000753,0.268116
AATTTGGGACATAGTA-1,0.726405,0.00219,0.002189,0.269216
AATTTGGTTCCAAAGA-1,0.007648,0.678418,0.007668,0.306266
ACAAACCATGCGTCCT-1,0.679861,0.31769,0.000613,0.001836
ACAAAGAAGGTAGGCC-1,0.411357,0.468402,0.017045,0.103196
ACAAAGCATGACCTAG-1,0.243361,0.424608,0.22946,0.102572
ACAAATCGCACCGAAT-1,0.542939,0.276009,0.180461,0.000591
ACAACAGCATGAGCTA-1,0.05914,0.031266,0.178888,0.730705
ACAACGGTCCCTGCGA-1,0.354231,0.390729,0.001984,0.253056
ACAAGCAGTGCCTAGC-1,0.636677,0.300937,0.060986,0.0014
ACAAGGAAATCCGCCC-1,0.333988,0.000079,0.227947,0.437987
ACAAGGACAAGAGGTT-1,0.369299,0.476995,0.110299,0.043408
ACAAGGATGCTTTAGG-1,0.380988,0.275181,0.002131,0.341699
ACAATCCATTTAAACC-1,0.500219,0.173685,0.325586,0.00051
ACAATGAATACGGAGA-1,0.000627,0.606749,0.000627,0.391998
ACAATTGTGTCTCTTT-1,0.631759,0.125659,0.209441,0.03314
ACAATTTAGGAGGCTC-1,0.001004,0.737938,0.001004,0.260055
ACAATTTGAGCAGTGG-1,0.105037,0.21068,0.328194,0.356088
ACACAAAGACGGGTGG-1,0.029198,0.000043,0.000043,0.970716
ACACAAATATTCCTAG-1,0.076599,0.714291,0.182447,0.026663
ACACACTTTCTACACG-1,0.000243,0.95195,0.047076,0.000731
ACACATGATCAAATCT-1,0.001095,0.571991,0.42363,0.003284
ACACCCAGCATGCAGC-1,0.342793,0.067405,0.128909,0.460894
ACACCCGAGAAATCCG-1,0.001561,0.420705,0.426057,0.151677
ACACCGAGCGCTCTTT-1,0.312725,0.685648,0.000407,0.00122
ACACCGGTCTGACCGC-1,0.984956,0.003017,0.003005,0.009021
ACACCTTAAGTAGGGC-1,0.027945,0.51184,0.004008,0.456207
ACACGAGACTCCTTCT-1,0.132888,0.269441,0.264707,0.332965
ACACGGGAACTTAGGG-1,0.030123,0.00527,0.046416,0.918191
ACACGTAGGCCACAAG-1,0.088417,0.6469,0.26396,0.000723
ACACTCCAATGTCACT-1,0.055176,0.943333,0.000373,0.001119
ACACTGATCAAGGTGT-1,0.111429,0.039098,0.277242,0.572231
ACACTGGGACAGTCGT-1,0.002444,0.625671,0.002446,0.369439
ACAGAACTGAGAACAA-1,0.557347,0.441509,0.000399,0.000744
ACAGCATAGAGCCAGT-1,0.002031,0.686492,0.305373,0.006104
ACAGCGACATTCTCAT-1,0.092559,0.709258,0.093438,0.104746
ACAGCGCACCCGCAGC-1,0.592984,0.393547,0.003365,0.010103
ACAGGCACGGATCCTT-1,0.289035,0.702204,0.002192,0.006569
ACAGGCTTGCCCGACT-1,0.64496,0.112793,0.241852,0.000395
ACAGGTGGAGGTGAGG-1,0.830412,0.001758,0.001758,0.166073
ACAGTAATACAACTTG-1,0.4,0.307957,0.109663,0.18238
ACAGTATACCGTGGGA-1,0.000079,0.561158,0.142881,0.295882
ACATAAGTCGTGGTGA-1,0.286922,0.703149,0.002473,0.007456
ACATAATAAGGCGGTG-1,0.420188,0.578557,0.000314,0.000941
ACATCAGCTGGGACGC-1,0.557533,0.313467,0.000447,0.128553
ACATCCCGGCCATACG-1,0.245063,0.001986,0.121021,0.63193
ACATCGTTAACCTAGT-1,0.000459,0.37048,0.22429,0.404771
ACATTAGTTTATATCC-1,0.073013,0.000017,0.063343,0.863627
ACATTTGAAACCTAAC-1,0.525851,0.053042,0.051442,0.369665
ACCAAACACCCAGCGA-1,0.450762,0.165264,0.280679,0.103295
ACCAACACCACACACT-1,0.298889,0.700437,0.000168,0.000505
ACCAACCGCACTCCAC-1,0.496431,0.502799,0.000192,0.000577
ACCAACGCTTATTTAT-1,0.096059,0.001189,0.067926,0.834826
ACCAAGAACGCGTGTC-1,0.121344,0.051893,0.331986,0.494778
ACCAAGTCATCGGCAG-1,0.00015,0.99925,0.00015,0.00045
ACCAATATGCAAGTTA-1,0.462409,0.07635,0.384308,0.076933
ACCACAAGTTTCTATC-1,0.198543,0.000273,0.019473,0.781712
ACCACCCTCTCTTCTA-1,0.036647,0.076836,0.496169,0.390348
ACCACGTGCAGCTATA-1,0.587257,0.115968,0.147243,0.149531
ACCATTAAGGGTGTCA-1,0.156222,0.842182,0.0004,0.001197
ACCCAACGCCCGTGGC-1,0.001789,0.643494,0.001792,0.352925
ACCCACCTACATGCTC-1,0.002722,0.986375,0.002723,0.00818
ACCCATCTTGAGGGTA-1,0.399861,0.148455,0.371502,0.080182
ACCCATTTGTCCCTCT-1,0.000094,0.432204,0.040327,0.527375
ACCCGAGCGAAATTAC-1,0.008036,0.756543,0.008025,0.227396
ACCCGATTGGTTCCGA-1,0.288403,0.340116,0.144426,0.227055
ACCCGGAAACTCCCAG-1,0.337343,0.087143,0.27575,0.299764
ACCCGGAGCACCACAA-1,0.445823,0.549206,0.000112,0.004859
ACCCGTAGTCTAGTTG-1,0.043179,0.955859,0.00024,0.000721
ACCCGTGTCATCAGTA-1,0.163972,0.317525,0.213418,0.305084
ACCCTATAGGACTGAG-1,0.212095,0.676669,0.001516,0.109719
ACCCTATGCCATATCG-1,0.037942,0.374178,0.001318,0.586562
ACCCTCCCGTCAGGGC-1,0.190714,0.806236,0.000762,0.002288
ACCCTCCCTTGCTATT-1,0.424932,0.000384,0.435779,0.138904
ACCCTGGTAACGCCCT-1,0.284813,0.647221,0.067627,0.000339
ACCCTTCATCTGCGAA-1,0.000187,0.78741,0.092841,0.119562
ACCCTTGCCTGGGTCG-1,0.000231,0.640422,0.282441,0.076906
ACCGAAGAGTCTGGTT-1,0.595259,0.034403,0.000753,0.369586
ACCGACACATCTCCCA-1,0.401865,0.582812,0.003829,0.011494
ACCGACTGAGTCCCAC-1,0.043846,0.001282,0.044755,0.910116
ACCGAGTCTCCTTATT-1,0.000669,0.00067,0.477273,0.521388
ACCGATAGGCATAACC-1,0.215831,0.203373,0.086997,0.493799
ACCGATATTTAATCAT-1,0.482014,0.15281,0.16813,0.197045
ACCGCAATAACTGCCT-1,0.738435,0.233675,0.004659,0.02323
ACCGGTCAGGTACACC-1,0.805295,0.000486,0.142871,0.051348
ACCGTCCACTGGGCCC-1,0.477213,0.51531,0.001873,0.005603
ACCGTGACCACGTGGG-1,0.55092,0.444157,0.00123,0.003693
ACCTAAGTACCTTTCA-1,0.004685,0.227019,0.334298,0.433999
ACCTAATCGACTTCCT-1,0.671465,0.186773,0.128251,0.013511
ACCTACTATAAATCTA-1,0.002811,0.752654,0.002807,0.241729
ACCTCCGCCCTCGCTG-1,0.021276,0.32547,0.331985,0.321269
ACCTCGAACTTATGCT-1,0.636964,0.344358,0.004672,0.014006
ACCTGCGTGTCATGTT-1,0.03436,0.48724,0.371959,0.10644
ACGAAATGGGCGGCAC-1,0.711445,0.061788,0.134934,0.091833
ACGACTCTAGGGCCGA-1,0.003304,0.674037,0.239179,0.08348
ACGACTGGTCATACTC-1,0.518694,0.467283,0.003503,0.01052
ACGAGATATTTGCTTA-1,0.000549,0.532958,0.196932,0.269561
ACGAGGATACCACTCT-1,0.016539,0.000283,0.556619,0.426559
ACGAGGTTTACAACGT-1,0.690985,0.228601,0.079015,0.0014
ACGAGTACGGATGCCC-1,0.075734,0.593486,0.329709,0.001071
ACGATACATAGAACTA-1,0.514297,0.360377,0.000389,0.124937
ACGATACCTATCCTGA-1,0.61858,0.371795,0.002406,0.007218
ACGATCATACATAGAG-1,0.320288,0.154446,0.15321,0.372056
ACGATGCATATGTTAT-1,0.682915,0.124126,0.192568,0.000391
ACGATGGATCCGATGC-1,0.00432,0.978396,0.004328,0.012956
ACGCAAACTAATAGAT-1,0.004698,0.976603,0.004675,0.014024
ACGCAATCACTACAGC-1,0.965895,0.016401,0.004436,0.013267
ACGCATACGTTTACTA-1,0.002595,0.720935,0.002596,0.273874
ACGCATTCGTGAGTAC-1,0.599067,0.10373,0.131491,0.165712
ACGCCAGATGATTTCT-1,0.310448,0.294403,0.000185,0.394963
ACGCCAGTGCGTTTGC-1,0.001211,0.172969,0.723134,0.102685
ACGCGAAGTCAGACGA-1,0.300787,0.092338,0.230562,0.376314
ACGCGGGCCAAGGACA-1,0.576302,0.297596,0.000251,0.125851
ACGCGTTTCTTAAGAG-1,0.304194,0.543913,0.151462,0.000431
ACGCTACTGAATGGGC-1,0.610875,0.217078,0.169443,0.002604
ACGCTAGTGATACACT-1,0.032013,0.440054,0.363778,0.164154
ACGGAACACGAGTGCC-1,0.3679,0.309704,0.079868,0.242528
ACGGAATTTAGCAAAT-1,0.006734,0.966285,0.006766,0.020215
ACGGACTCTCAAAGCG-1,0.51436,0.071425,0.001736,0.41248
ACGGAGCGCAAATTAC-1,0.004215,0.712728,0.004208,0.278848
ACGGATGGTGCGGATA-1,0.002031,0.433373,0.328825,0.235771
ACGGCACTTGCTTGGG-1,0.26764,0.000679,0.111976,0.619706
ACGGCCAACATGGACT-1,0.02924,0.000019,0.033596,0.937145
ACGGCGACGATGGGAA-1,0.402519,0.000122,0.401431,0.195928
ACGGCTGGATGTAGAA-1,0.568317,0.423759,0.00198,0.005944
ACGGGAGTGTCGGCCC-1,0.008849,0.955785,0.008889,0.026478
ACGGGCGTATGCGACA-1,0.081223,0.093647,0.621159,0.203972
ACGGGTCATGTGACTT-1,0.423789,0.050353,0.000049,0.525808
ACGGTACAGTTCAATG-1,0.004118,0.979456,0.004106,0.01232
ACGTACAGATTTCTCT-1,0.417208,0.262376,0.004955,0.315461
ACGTAGATTGCTGATG-1,0.61173,0.255135,0.106358,0.026777
ACGTAGGAGAGTCGCT-1,0.003306,0.54608,0.003304,0.44731
ACGTCGGGCAACTCGG-1,0.425798,0.225042,0.253545,0.095615
ACGTGACAAAGTAAGT-1,0.194975,0.796905,0.002031,0.006089
ACGTGCGCCTCGTGCA-1,0.000145,0.999274,0.000145,0.000435
ACGTTATTGGTCACTC-1,0.18355,0.764283,0.000125,0.052043
ACGTTCGTTCAGGAAA-1,0.051722,0.787049,0.000887,0.160342
ACGTTCTGTACAAGTC-1,0.530476,0.081054,0.289156,0.099314
ACGTTTAGTTGTGATC-1,0.072343,0.205643,0.167889,0.554125
ACGTTTCGGTGCACTT-1,0.169512,0.829166,0.000331,0.000992
ACTAAGGACGCACACC-1,0.000488,0.438866,0.36264,0.198006
ACTACATCCCGACAAG-1,0.329624,0.376505,0.000946,0.292924
ACTACCAGCTCTCTGG-1,0.797204,0.001258,0.001257,0.200281
ACTACGCGTTAGAATT-1,0.519645,0.470433,0.00248,0.007442
ACTATATGCTGTGTTC-1,0.377881,0.603868,0.004559,0.013692
ACTATCGCCGGCTAAA-1,0.000865,0.618014,0.279234,0.101888
ACTATCTGCCCGCGTA-1,0.561549,0.136971,0.00083,0.30065
ACTATGTCCAGCTGCC-1,0.438579,0.188703,0.368919,0.003799
ACTATTCGTCCGTGGT-1,0.000263,0.998684,0.000263,0.00079
ACTATTTCCGGGCCCA-1,0.030557,0.000066,0.000066,0.969312
ACTCAAGTGCAAGGCT-1,0.842212,0.148425,0.002339,0.007024
ACTCAATAAAGGCACG-1,0.385215,0.012203,0.000032,0.60255
ACTCATGGCAGCCTTC-1,0.377361,0.151666,0.439625,0.031347
ACTCCAATATCATCAT-1,0.206149,0.068903,0.242171,0.482777
ACTCCCATTCCTAAAG-1,0.373537,0.62172,0.001187,0.003556
ACTCCCGTAGACTAGG-1,0.000122,0.660418,0.016737,0.322723
ACTCCCTAATGCTAAA-1,0.597365,0.054541,0.000312,0.347783
ACTCCCTAGAATAGTA-1,0.709452,0.167505,0.0003,0.122743
ACTCCGGCCGACCACT-1,0.001592,0.992034,0.001592,0.004781
ACTCGATGTATTTCAT-1,0.43732,0.561578,0.000275,0.000826
ACTCGCCGTTCGATAA-1,0.197372,0.61002,0.174872,0.017736
ACTCGTAACCCGTCCT-1,0.221593,0.750318,0.007007,0.021082
ACTCGTCAGTAATCCC-1,0.164619,0.202813,0.384533,0.248034
ACTCTAAACCTGGGAT-1,0.239564,0.634712,0.000118,0.125607
ACTCTGACCTAATAGA-1,0.301129,0.324105,0.000651,0.374115
ACTGAAACGCCGTTAG-1,0.527192,0.145805,0.181283,0.145719
ACTGCCCGCCATTCTC-1,0.000415,0.366619,0.274114,0.358852
ACTGCCGTCGTAACTC-1,0.261074,0.515894,0.040126,0.182907
ACTGCTCGGAAGGATG-1,0.545795,0.451929,0.000569,0.001707
ACTGGCGAACCTGCGT-1,0.08082,0.343488,0.196798,0.378895
ACTGTACGATACACAT-1,0.21743,0.325981,0.2218,0.23479
ACTGTAGCACTTTGGA-1,0.805532,0.184978,0.002371,0.007119
ACTGTATACGCGAGCA-1,0.152074,0.106505,0.495524,0.245896
ACTGTCCAGGATTATA-1,0.584371,0.162505,0.074623,0.178501
ACTGTCTTCTTTAGAA-1,0.060216,0.000537,0.104466,0.834781
ACTGTGCTAGTAGATC-1,0.001984,0.128868,0.367086,0.502061
ACTTACCGGGCGCGCA-1,0.007028,0.964884,0.007014,0.021073
ACTTACGCATCCACGC-1,0.095191,0.054124,0.087958,0.762727
ACTTAGTACGACAAGA-1,0.006261,0.968678,0.00627,0.018792
ACTTCAGGCTGATCCC-1,0.741401,0.027777,0.084122,0.1467
ACTTCCAGTGGAAGCT-1,0.813067,0.183909,0.000756,0.002268
ACTTCCATGCGGGACA-1,0.61023,0.000748,0.000743,0.388279
ACTTCGCCATACGCAC-1,0.291753,0.14202,0.260244,0.305983
ACTTGGGACCCGGTGG-1,0.587002,0.0493,0.096739,0.266959
ACTTGTGGATGGAACG-1,0.588001,0.399524,0.003119,0.009356
ACTTTCCTATAGCTTC-1,0.176909,0.058048,0.030513,0.73453
ACTTTGGTCGTGCTCC-1,0.205984,0.78849,0.001381,0.004144
ACTTTGTCGACGCACT-1,0.468942,0.288644,0.114114,0.1283
AGAAATTATGACTCGC-1,0.159207,0.000146,0.415876,0.424771
AGAACCCTCAATTGGG-1,0.66167,0.333259,0.001267,0.003803
AGAACGTGGTACATTC-1,0.287081,0.206483,0.234753,0.271682
AGAACTGTACTTTGTA-1,0.107249,0.371555,0.34689,0.174306
AGAAGGTACACTTCAC-1,0.697763,0.225445,0.000403,0.076389
AGAAGGTTGTAGGTCG-1,0.361563,0.612502,0.006486,0.019449
AGAAGTGATTCGTGAT-1,0.005615,0.971955,0.005604,0.016826
AGAATGCGGGTTCGGA-1,0.001546,0.647228,0.001546,0.34968
AGAATTATGGATTCGA-1,0.004344,0.376837,0.285088,0.333731
AGAATTGTTTGACATA-1,0.001777,0.991108,0.001772,0.005343
AGACAGCTCAGAATCC-1,0.232872,0.559434,0.071499,0.136195
AGACCAAACCACACCT-1,0.106781,0.889304,0.000978,0.002937
AGACCATGGGATACAA-1,0.004119,0.979431,0.004114,0.012336
AGACCCACCGCTGATC-1,0.47691,0.104125,0.109144,0.30982
AGACCCGCCCTCCTCG-1,0.191479,0.013623,0.000044,0.794854
AGACCGCTCCGCGGTT-1,0.216801,0.597081,0.102569,0.083548
AGACGAAGTGCCGGTC-1,0.545042,0.311923,0.003503,0.139532
AGACGACGATGCCGCT-1,0.204025,0.384194,0.406826,0.004956
AGACGCCCACTTCGCC-1,0.497645,0.271324,0.122094,0.108937
AGACTAGCCTTCCAGA-1,0.381854,0.137225,0.000307,0.480614
AGACTGTTACCGGGTC-1,0.527545,0.46142,0.00276,0.008275
AGAGAAACACCAGAAA-1,0.000397,0.428105,0.226622,0.344876
AGAGAACCGTCTAGGA-1,0.192231,0.391666,0.277333,0.13877
AGAGAAGGAGTACAAT-1,0.139021,0.705888,0.002405,0.152686
AGAGCAGTTATGAGAC-1,0.773289,0.21635,0.002589,0.007772
AGAGCCGCCGAGATTT-1,0.001963,0.990189,0.001961,0.005887
AGAGCGCTTGTAACGG-1,0.122442,0.615525,0.000439,0.261594
AGAGCGGGCTAATCAT-1,0.000135,0.900166,0.000135,0.099563
AGAGCGTACAAGCTCG-1,0.001548,0.194665,0.001548,0.802239
AGAGGCTTCGGAAACC-1,0.865552,0.12815,0.001575,0.004722
AGAGTTGCAGGCCTCC-1,0.001359,0.180616,0.813945,0.00408
AGATAACTTCAGGGCC-1,0.518419,0.111181,0.049507,0.320893
AGATACCAATAGAACC-1,0.000239,0.998805,0.000239,0.000717
AGATACCAGCACTTCA-1,0.35388,0.45718,0.129118,0.059822
AGATACGACTTCATAT-1,0.003588,0.534188,0.24557,0.216653
AGATATAATACGACTA-1,0.001653,0.093651,0.538495,0.3662
AGATCGTGCATAAGAT-1,0.572652,0.001033,0.243618,0.182697
AGATCTCAGGTGTGAT-1,0.119523,0.311014,0.568088,0.001374
AGATGACTCGCCCACG-1,0.087361,0.524881,0.106118,0.28164
AGATGAGGGTTGCGAT-1,0.58745,0.33278,0.071864,0.007907
AGATGCAAGACGTGCA-1,0.58657,0.407764,0.001417,0.004249
AGATGCATCCTGTGTC-1,0.274323,0.507928,0.001065,0.216684
AGATTATAGGACGTTT-1,0.58994,0.143472,0.255284,0.011304
AGATTCACAACCGATA-1,0.797457,0.197729,0.001204,0.003611
AGCAAAGGCCGCTAGT-1,0.383014,0.46178,0.147771,0.007435
AGCAACCGAAAGTAAT-1,0.432039,0.390082,0.123654,0.054224
AGCACACGTTTAGACT-1,0.078931,0.271938,0.123144,0.525988
AGCACCAGTACTCACG-1,0.18658,0.164671,0.11576,0.532988
AGCACTACCGGCCTGT-1,0.222484,0.336425,0.411555,0.029536
AGCACTACCTCACCAG-1,0.755984,0.217433,0.025862,0.00072
AGCACTTAAGGACGCC-1,0.644657,0.238147,0.009931,0.107264
AGCAGAAGGAGAAAGA-1,0.003512,0.982455,0.003509,0.010525
AGCAGCCAGATGAATA-1,0.307687,0.125057,0.0041,0.563156
AGCATATCAATATGCT-1,0.209069,0.227277,0.384379,0.179276
AGCATCATTTCGAAAG-1,0.83885,0.04105,0.072355,0.047746
AGCATCGTCGATAATT-1,0.17118,0.828062,0.00019,0.000569
AGCATTACGAGGCAAG-1,0.00016,0.999199,0.00016,0.000481
AGCCAAGCTTTGTGTC-1,0.622966,0.352116,0.006225,0.018694
AGCCACAGGTTACCCG-1,0.002593,0.825482,0.002597,0.169328
AGCCACTCCCGTGCTT-1,0.321761,0.643856,0.000193,0.03419
AGCCATATAGTATGTG-1,0.000209,0.413094,0.045618,0.541079
AGCCCGCAACAAGCAG-1,0.008868,0.955613,0.008884,0.026635
AGCCCGCACTACAATG-1,0.580424,0.402305,0.004313,0.012958
AGCCCGGCATTAGAGG-1,0.787399,0.139587,0.071414,0.0016
AGCCCGGTAGCCTGTA-1,0.004439,0.76601,0.004439,0.225112
AGCCCTAAGCGAAGTT-1,0.000181,0.908541,0.000181,0.091097
AGCCCTCCCTGGTGGC-1,0.035709,0.440021,0.233633,0.290637
AGCCCTTCTAATCCGA-1,0.443188,0.24278,0.309744,0.004288
AGCCCTTGGACATCCC-1,0.101429,0.513949,0.378131,0.006492
AGCCGTGGCTAAATGT-1,0.405353,0.000127,0.445206,0.149314
AGCCTAATACCCACGT-1,0.486374,0.503432,0.002553,0.007641
AGCCTTAAAGCGGAAG-1,0.006742,0.992537,0.00018,0.000541
AGCGACAGGAACGGTC-1,0.17015,0.255591,0.169485,0.404774
AGCGACATCCCATTCA-1,0.000202,0.998994,0.000201,0.000604
AGCGACCAACGATATT-1,0.221633,0.014198,0.000088,0.764081
AGCGAGACGTGAAGGC-1,0.315741,0.425279,0.225986,0.032994
AGCGATGCGCCTAATA-1,0.073498,0.925581,0.00023,0.000691
AGCGCATAATGAATCG-1,0.224164,0.056747,0.001055,0.718033
AGCGCGGGTGCCAATG-1,0.484684,0.002326,0.385557,0.127434
AGCGGACACTTCGTAG-1,0.441049,0.308929,0.235974,0.014047
AGCGGCGGTTAGCGGT-1,0.215953,0.778475,0.001393,0.00418
AGCGGGAAGGGTCCAT-1,0.001293,0.835368,0.161729,0.00161
AGCGGGTCTGACACTC-1,0.003243,0.702663,0.003235,0.290859
AGCGGTTGCCGCTCTG-1,0.009109,0.990292,0.00015,0.000449
AGCTAACAAGCAATGT-1,0.000509,0.085565,0.000509,0.913416
AGCTAAGTACGCAGGC-1,0.002593,0.98707,0.002584,0.007753
AGCTAGAAGCAGAAGT-1,0.553056,0.304549,0.000981,0.141414
AGCTATTTAATCCAAC-1,0.043549,0.712083,0.139743,0.104625
AGCTCCATATATGTTC-1,0.000613,0.704782,0.203503,0.091102
AGCTCCTTCGCACATC-1,0.748892,0.176733,0.073926,0.000449
AGCTCGTTGATGGAAA-1,0.000119,0.617135,0.071147,0.311599
AGCTCTTCCCAGTGCA-1,0.146533,0.197666,0.001162,0.654639
AGCTGAAGTAAACCAA-1,0.741338,0.248306,0.002587,0.007769
AGCTGTAACCTCAATC-1,0.355123,0.527726,0.048581,0.06857
AGCTTCTTCTCGAGCA-1,0.000236,0.844627,0.106769,0.048367
AGGAACGAACGACTTC-1,0.001889,0.358536,0.563377,0.076198
AGGAAGCTGTCCGCCG-1,0.001131,0.447288,0.001134,0.550448
AGGACATCGCACGTCG-1,0.492502,0.494015,0.003373,0.01011
AGGACATCGGCACACT-1,0.205619,0.790463,0.00098,0.002938
AGGACGCTCGATGTTG-1,0.36428,0.000326,0.093487,0.541908
AGGACTTATAGGAGAA-1,0.427888,0.098237,0.13105,0.342824
AGGAGACATCCACAGT-1,0.000699,0.380408,0.295584,0.323309
AGGAGGCCTTCGCGCG-1,0.743759,0.067101,0.184999,0.004142
AGGATAAAGTCGGGAT-1,0.22675,0.180819,0.04581,0.546621
AGGATATCCGACTGCA-1,0.002132,0.846395,0.002134,0.149339
AGGATCACGCGATCTG-1,0.01405,0.528546,0.014111,0.443293
AGGCACGTGACTGTCC-1,0.001517,0.62524,0.001518,0.371724
AGGCAGATGCGTAAAC-1,0.000281,0.00028,0.466149,0.53329
AGGCAGGGAGCGTACT-1,0.393088,0.286613,0.10694,0.213359
AGGCCACCCGTTATGA-1,0.744269,0.25428,0.000363,0.001088
AGGCCCATTGTACAGG-1,0.351403,0.216219,0.00022,0.432158
AGGCCTGAGAATCTCG-1,0.23124,0.761014,0.001934,0.005812
AGGCGATAACTGGCGT-1,0.256978,0.415655,0.005501,0.321866
AGGCGGTTTGTCCCGC-1,0.151049,0.838759,0.002557,0.007635
AGGCGTCTATGGACGG-1,0.215343,0.783932,0.000181,0.000544
AGGCTATGGTTAGCTT-1,0.654226,0.000672,0.174062,0.17104
AGGCTTCCCGAAGAAG-1,0.431948,0.107806,0.151943,0.308303
AGGCTTGCTAGACACC-1,0.311266,0.679234,0.002376,0.007124
AGGGAAACGAGGTACT-1,0.117181,0.114159,0.289528,0.479132
AGGGACTCTACGCGAC-1,0.103075,0.011179,0.169751,0.715995
AGGGAGACATACTTCG-1,0.001048,0.590397,0.232176,0.17638
AGGGCCCTAATGTTCT-1,0.000481,0.889134,0.006502,0.103883
AGGGCGTGATCGGCTA-1,0.000159,0.943509,0.055854,0.000478
AGGGCTGCAGTTACAG-1,0.162688,0.190715,0.343092,0.303504
AGGGTCAGAGCACTCG-1,0.005441,0.611101,0.00543,0.378028
AGGGTCAGTAACCCTA-1,0.168042,0.831229,0.000182,0.000547
AGGGTCTGGACGCAGT-1,0.091135,0.907829,0.000259,0.000778
AGGGTGCCGTTCTTTA-1,0.003312,0.98345,0.003314,0.009925
AGGGTGCTCTCGAGGG-1,0.001477,0.560884,0.433204,0.004435
AGGGTGGATAGTGCAT-1,0.530957,0.119854,0.169758,0.179431
AGGGTTCAGACGGTCC-1,0.00044,0.463497,0.265459,0.270604
AGGGTTCCCTTTGGTT-1,0.002853,0.447638,0.540956,0.008553
AGGGTTTAGTTCGGGA-1,0.444004,0.166567,0.000326,0.389104
AGGTAACCTCCTATTC-1,0.052562,0.856033,0.001117,0.090288
AGGTACGATATTGCCA-1,0.000231,0.945767,0.000231,0.053771
AGGTAGATCGAGATAT-1,0.409551,0.270753,0.302971,0.016725
AGGTAGGTACAAAGCT-1,0.081533,0.07455,0.839277,0.00464
AGGTCAGGTGAGAGTG-1,0.000515,0.406204,0.325439,0.267842
AGGTCGCCTCCCAACA-1,0.000829,0.604841,0.052629,0.3417
AGGTCGCGGAGTTACT-1,0.501462,0.493229,0.001327,0.003981
AGGTGCACGTCCACAT-1,0.503095,0.48252,0.000162,0.014223
AGGTGGTGACCTTCGC-1,0.002956,0.473577,0.139151,0.384317
AGGTGTATCGCCATGA-1,0.363265,0.260836,0.353662,0.022237
AGGTGTTGCCGACCAC-1,0.294905,0.169572,0.244573,0.29095
AGGTTCTCCTTTCCGG-1,0.707691,0.277338,0.003742,0.011229
AGGTTGAGGCACGCTT-1,0.111137,0.000553,0.000552,0.887758
AGTAACTATAGCAGCC-1,0.482047,0.517392,0.00014,0.000421
AGTAATGTCTTGCCGC-1,0.065937,0.771814,0.000195,0.162055
AGTACAGAAGCTTATA-1,0.291809,0.551095,0.003443,0.153652
AGTACATCATTTATCA-1,0.000185,0.498832,0.249276,0.251706
AGTACCTTCGAGTGCT-1,0.558207,0.438657,0.000784,0.002351
AGTACGGGCACCTGGC-1,0.444825,0.537164,0.017559,0.000453
AGTACTCTTATGCCCA-1,0.159316,0.483733,0.351201,0.00575
AGTAGAAGGCGCCTCA-1,0.004812,0.97598,0.004798,0.01441
AGTAGGAAGGAAGTTG-1,0.00527,0.459314,0.005261,0.530155
AGTAGGTAACATACAT-1,0.18173,0.809031,0.00231,0.006928
AGTATAATACTAGGCA-1,0.004118,0.979418,0.004116,0.012349
AGTATACACAGCGACA-1,0.001958,0.990203,0.001961,0.005878
AGTATGCTGGAGACCA-1,0.002189,0.690678,0.002187,0.304946
AGTATTTGGCACGACC-1,0.300304,0.140018,0.000319,0.559359
AGTCAAATGATGTGAT-1,0.098364,0.661071,0.004442,0.236124
AGTCAAGATGACACTT-1,0.443606,0.251779,0.050155,0.25446
AGTCACTAGCTCTCGA-1,0.526912,0.329112,0.001719,0.142257
AGTCAGCCACCGCCTG-1,0.9352,0.012955,0.012966,0.03888
AGTCCCGCCTTTAATT-1,0.466561,0.118116,0.001562,0.413761
AGTCCCTCGCAGAAAG-1,0.000364,0.529408,0.291154,0.179074
AGTCGGCCCAAACGAC-1,0.301114,0.687071,0.002955,0.00886
AGTCGGCTCAACTTTA-1,0.527818,0.451102,0.005269,0.015811
AGTCGTATAAAGCAGA-1,0.282489,0.699761,0.004429,0.013321
AGTCGTCGACCACCAA-1,0.579392,0.405646,0.003738,0.011225
AGTCGTGGGCATTACG-1,0.006484,0.644346,0.006478,0.342692
AGTCTAAAGTATACTC-1,0.129891,0.393935,0.105768,0.370407
AGTCTCACAAGACTAC-1,0.384651,0.450967,0.15798,0.006401
AGTCTGGACATCCTTG-1,0.200424,0.79435,0.001306,0.00392
AGTCTTCTCCTCAAAT-1,0.167443,0.211784,0.176725,0.444047
AGTCTTTAAAGTGTCC-1,0.440795,0.55195,0.001814,0.005441
AGTGAAGATGGTGTCC-1,0.161402,0.311404,0.44798,0.079214
AGTGACTGTGACACAA-1,0.701854,0.274125,0.006003,0.018017
AGTGAGACTTCCAGTA-1,0.000174,0.324177,0.303065,0.372584
AGTGAGCCTCGCCGCC-1,0.001792,0.442152,0.265442,0.290614
AGTGAGTCGAATTAAC-1,0.069986,0.929331,0.000171,0.000512
AGTGATAACCTGCGCG-1,0.003307,0.983471,0.003315,0.009907
AGTGATTCAAGCAGGA-1,0.001163,0.524439,0.045637,0.428762
AGTGCACGCTTAAGAA-1,0.534968,0.248939,0.199182,0.016911
AGTGCTAAACACAGCA-1,0.284598,0.706035,0.00234,0.007027
AGTGGCCCGCAAATGG-1,0.276284,0.428811,0.293848,0.001057
AGTGGCGGCAATTTGA-1,0.322663,0.257582,0.199267,0.220488
AGTGGCGTCTGAAGGT-1,0.002135,0.541124,0.450335,0.006405
AGTGGTGTTACCCGTG-1,0.00992,0.718893,0.241513,0.029675
AGTGTATTGCGCATTG-1,0.423047,0.466013,0.002518,0.108423
AGTGTGCTAAGATCGC-1,0.242703,0.756525,0.000193,0.000579
AGTGTGGTCTATTGTG-1,0.003513,0.56851,0.417446,0.010531
AGTTAAGCGGTCCCGG-1,0.003589,0.982052,0.003585,0.010774
AGTTAAGTCAACCGCT-1,0.27262,0.600406,0.093253,0.03372
AGTTACCCTTAAGACT-1,0.000139,0.999303,0.000139,0.000418
AGTTACCGCACATGGT-1,0.000637,0.996823,0.000635,0.001905
AGTTACTCTATCGTGG-1,0.737961,0.040262,0.091889,0.129889
AGTTCACCGGTTGGAC-1,0.091246,0.772317,0.000123,0.136314
AGTTCCTACAGAATTA-1,0.094406,0.000018,0.025177,0.880399
AGTTCTGCGTTGTATC-1,0.006012,0.969975,0.006009,0.018004
AGTTGACGGTCCTTGC-1,0.005434,0.972915,0.005423,0.016229
AGTTGCTGACTGATAT-1,0.000887,0.811877,0.184574,0.002662
AGTTGGCAAGGCTAGA-1,0.000141,0.999297,0.00014,0.000422
AGTTTATGTAAAGACA-1,0.000522,0.323598,0.339858,0.336023
AGTTTCGCAGGTCGGA-1,0.004543,0.977259,0.004563,0.013635
AGTTTGCACCTGCCTC-1,0.001792,0.577787,0.215515,0.204906
AGTTTGGCCAGACCTA-1,0.261525,0.72381,0.003669,0.010995
ATAAACGGACCCGTAA-1,0.510291,0.027493,0.146048,0.316168
ATAAACGTTGCACCAC-1,0.082852,0.052176,0.000163,0.864809
ATAAAGGCTCGGTCGT-1,0.561827,0.164352,0.001813,0.272008
ATAAATATTAGCAGCT-1,0.137941,0.289341,0.504047,0.068671
ATAACGCCGGAGGGTC-1,0.275433,0.000051,0.438732,0.285785
ATAACGGAGTCCAACG-1,0.213021,0.189974,0.002434,0.59457
ATAACGTTACCTCCAC-1,0.265108,0.472296,0.163438,0.099158
ATAAGCAAACACCGAG-1,0.000648,0.318261,0.376351,0.304739
ATAAGGTGGAGAACAT-1,0.483601,0.192544,0.088265,0.23559
ATAAGTAGGATTCAGA-1,0.143469,0.213017,0.17219,0.471324
ATAATACCGTTAGCCG-1,0.000209,0.998956,0.000209,0.000626
ATAATAGCTGTTGAAT-1,0.264631,0.241625,0.087801,0.405943
ATAATAGTGTAGGGAC-1,0.003442,0.982799,0.003432,0.010327
ATAATCTTGGAGAACC-1,0.004678,0.976553,0.004673,0.014095
ATAATTAGCTAAGTAG-1,0.419308,0.565372,0.00383,0.01149
ATACAGGCCCTCCAAT-1,0.665034,0.140215,0.000314,0.194436
ATACCACGGGCAACTT-1,0.000026,0.000025,0.996187,0.003762
ATACCGTCATCCATAA-1,0.328186,0.357275,0.148886,0.165653
ATACCTAACCAAGAAA-1,0.013891,0.198024,0.579703,0.208382
ATACGGAACGTCGTTT-1,0.403387,0.48366,0.11207,0.000883
ATACGGGTTTCGATTG-1,0.51244,0.341776,0.141281,0.004503
ATACGGTGAAGATGCA-1,0.676656,0.316742,0.001653,0.004949
ATACGTACTTAGCCAC-1,0.926729,0.046435,0.024369,0.002467
ATACGTTATGCACGGA-1,0.003916,0.765639,0.003916,0.226529
ATACTACCCGTACCAC-1,0.025797,0.753223,0.107013,0.113968
ATACTAGCATGACCCT-1,0.319159,0.646597,0.033579,0.000665
ATACTGCCTTACACCG-1,0.692712,0.133053,0.000634,0.173601
ATACTTGTTCTCGAGC-1,0.578516,0.320765,0.001022,0.099697
ATAGACAACGGGACCT-1,0.073636,0.000097,0.458878,0.467388
ATAGACGAAGAGAAAG-1,0.628213,0.224687,0.062839,0.08426
ATAGAGTACTGGGACA-1,0.608701,0.000288,0.131991,0.25902
ATAGAGTTATCAACTT-1,0.642764,0.107727,0.080384,0.169125
ATAGCAACTAGGGAAG-1,0.000121,0.874256,0.065366,0.060257
ATAGCCATAACAGTCA-1,0.160457,0.838764,0.000195,0.000584
ATAGCCTCAGTACCCA-1,0.033644,0.929593,0.036384,0.00038
ATAGCTGCTCTTGTTA-1,0.058364,0.569065,0.119797,0.252773
ATAGGCTAGCTTCGCA-1,0.560049,0.05362,0.28583,0.100502
ATAGGGATATCCTTGA-1,0.002595,0.523709,0.002597,0.4711
ATAGGTTGGGCAGATG-1,0.169145,0.007308,0.117183,0.706364
ATATAAAGCGCTCGTG-1,0.250521,0.023499,0.000144,0.725836
ATATAAATGTAGCTGC-1,0.453594,0.211933,0.032551,0.301922
ATATAACACGGGCGCA-1,0.00108,0.99461,0.001078,0.003232
ATATACATGTATGGTA-1,0.514291,0.475354,0.002687,0.007668
ATATACGCTCGTGACG-1,0.000196,0.67553,0.139815,0.184459
ATATAGAGTATTGGTC-1,0.694293,0.301309,0.0011,0.003298
ATATCAATTCCAGCCT-1,0.270368,0.363852,0.194548,0.171231
ATATCGTTCCTCGAAC-1,0.865282,0.001901,0.001851,0.130966
ATATCTCCCTCGTTAA-1,0.334842,0.451144,0.001297,0.212717
ATATCTTAGGGCCTTC-1,0.206956,0.193288,0.305027,0.294729
ATATTCCACATAGTGA-1,0.636321,0.061754,0.165737,0.136188
ATATTCCCACAGGTCA-1,0.003068,0.310842,0.67688,0.00921
ATATTGCTGTCAAAGT-1,0.567372,0.425461,0.001793,0.005374
ATATTGGAGAGGCCTT-1,0.007016,0.762624,0.209371,0.02099
ATATTTAACCCTCAAG-1,0.190287,0.030336,0.033127,0.74625
ATCAAACGAAGGTTTG-1,0.00411,0.654031,0.004104,0.337755
ATCAATCTGGGCTGCA-1,0.61853,0.298401,0.000233,0.082836
ATCAATGCCGTGGCTG-1,0.00318,0.984071,0.003185,0.009564
ATCACATTAGAATATC-1,0.497253,0.48673,0.004013,0.012004
ATCACTTCATCCTCGC-1,0.223868,0.775201,0.000233,0.000698
ATCAGCCTCATGCTGC-1,0.888664,0.098112,0.003306,0.009918
ATCAGCTCGTCCACTA-1,0.006017,0.969974,0.006009,0.018
ATCAGTAGGCAGGGAT-1,0.361715,0.305872,0.265703,0.06671
ATCATAGCCCTATGTA-1,0.000238,0.851429,0.14762,0.000713
ATCATTGTACCGCATT-1,0.651903,0.10686,0.000901,0.240336
ATCCAACGCAGTCATA-1,0.376991,0.188334,0.001046,0.433628
ATCCACATCGACAGAA-1,0.003376,0.983147,0.003373,0.010104
ATCCAGAGCAACAACC-1,0.105421,0.065869,0.257025,0.571685
ATCCCATCCACAGCGC-1,0.418888,0.57075,0.00259,0.007772
ATCCGGACCAGCCTGA-1,0.225689,0.13124,0.054316,0.588755
ATCCTGAATCGCTGCG-1,0.078209,0.235834,0.685557,0.000399
ATCGACTCTTTCCGTT-1,0.623334,0.264862,0.001491,0.110313
ATCGCACGCCGGGAGA-1,0.153191,0.021579,0.000069,0.82516
ATCGCCGTGGTTCATG-1,0.328615,0.660351,0.002766,0.008268
ATCGCTGCGTGCAGCA-1,0.14099,0.368536,0.008849,0.481626
ATCGGAGACAGACGGC-1,0.602304,0.114204,0.000089,0.283404
ATCGGCAAGCAGTCCA-1,0.578388,0.118284,0.296304,0.007025
ATCGGTTACCTAGTAA-1,0.232087,0.372399,0.394703,0.00081
ATCGTATTCCGAGAAC-1,0.210226,0.725075,0.040284,0.024415
ATCGTGGAAAGTCTGG-1,0.12757,0.583273,0.000437,0.28872
ATCGTTAGCTAGCGGA-1,0.000304,0.416928,0.039293,0.543475
ATCGTTCACTTTCGCC-1,0.039502,0.398094,0.399066,0.163338
ATCTAATATCCTACGG-1,0.334455,0.260282,0.000313,0.40495
ATCTACCATCTGCTCC-1,0.060855,0.671624,0.144227,0.123294
ATCTAGCTTGTGAGGG-1,0.207578,0.782931,0.002376,0.007115
ATCTCCCACGGAATAT-1,0.048826,0.906382,0.00019,0.044602
ATCTCCCTGCAATCTA-1,0.042626,0.910502,0.000134,0.046738
ATCTGACATGGAAGGA-1,0.147628,0.825354,0.006741,0.020276
ATCTGATAGTGTCTTA-1,0.407935,0.331721,0.076763,0.183581
ATCTGCACCTCTGCGA-1,0.065413,0.583607,0.347895,0.003085
ATCTGCTGTTATCGCC-1,0.002107,0.605994,0.291851,0.100049
ATCTGGGCTGTTCTTG-1,0.971927,0.005619,0.00561,0.016844
ATCTGGTTAAGACTGT-1,0.366695,0.324168,0.002905,0.306232
ATCTGTAATTGTACCC-1,0.000393,0.59854,0.209291,0.191776
ATCTTATCGCACACCC-1,0.51935,0.269707,0.069641,0.141302
ATCTTGACCTGCAACG-1,0.292786,0.122161,0.000158,0.584895
ATCTTTCGTATAACCA-1,0.000177,0.408614,0.328451,0.262758
ATGAAGCCAAGGAGCC-1,0.000359,0.998209,0.000358,0.001074
ATGAAGTGGACCCAGC-1,0.228384,0.000067,0.235465,0.536084
ATGACGCCGGCTCTAA-1,0.000262,0.99869,0.000262,0.000786
ATGACGCGTTCTATCC-1,0.979923,0.00401,0.004022,0.012046
ATGACTATCAGCTGTG-1,0.519731,0.151443,0.001739,0.327087
ATGACTATGCGACATT-1,0.387042,0.229294,0.214078,0.169586
ATGAGGAGTGTTAATC-1,0.206653,0.699772,0.00456,0.089016
ATGATCGGGAATAGAC-1,0.305473,0.568329,0.000143,0.126054
ATGCACCTTCCTTAAT-1,0.332977,0.612612,0.053245,0.001165
ATGCACGCGCTGTTCA-1,0.62288,0.364864,0.003059,0.009197
ATGCACTACCGCATTG-1,0.991488,0.001703,0.001705,0.005104
ATGCATGATCCAGGAT-1,0.325191,0.018084,0.000585,0.65614
ATGCCAATCGCTCTGC-1,0.001669,0.293918,0.409372,0.295041
ATGCCGGTCTTGCATA-1,0.000106,0.254807,0.070459,0.674628
ATGCCGGTTGATGGGA-1,0.009906,0.950494,0.00987,0.02973
ATGCGACAATTGGTCC-1,0.787414,0.201686,0.002722,0.008179
ATGCGACAGTCCCATT-1,0.063399,0.186407,0.350818,0.399377
ATGCTCAGTGTTGCAT-1,0.347251,0.639545,0.003304,0.009901
ATGCTCTGGCGCGGTA-1,0.003833,0.555917,0.005739,0.434511
ATGCTTAGGAGTTGAT-1,0.510034,0.477466,0.003125,0.009375
ATGGAAATTTAAGGAG-1,0.579021,0.41843,0.000637,0.001912
ATGGAGCAGGCCGTGA-1,0.087093,0.190003,0.246316,0.476588
ATGGATCCGGCGTCCG-1,0.795996,0.196514,0.001874,0.005616
ATGGATTGACCAAACG-1,0.343115,0.000263,0.179125,0.477498
ATGGCAGCATTACGAT-1,0.221791,0.773777,0.001108,0.003324
ATGGCAGCCGAGAAAC-1,0.643513,0.226131,0.125497,0.00486
ATGGCTGGAAATGGCC-1,0.276685,0.717014,0.001574,0.004727
ATGGGACCTGCTGAAC-1,0.002278,0.751935,0.002275,0.243512
ATGGGTGTATACCTCC-1,0.003663,0.981705,0.003663,0.010968
ATGTACATGCGGTGAG-1,0.260168,0.429334,0.123732,0.186766
ATGTACGATGACGTCG-1,0.004214,0.770933,0.212217,0.012635
ATGTAGCGCGCGTAGG-1,0.004683,0.976592,0.00468,0.014045
ATGTCATTTCCCATTG-1,0.000225,0.998875,0.000225,0.000674
ATGTGAAAGCCTAATG-1,0.092271,0.371709,0.342767,0.193252
