Barcode,Topic 1,Topic 2,Topic 3to6,Topic 7to8,Topic 9,Topic 10
AAACAACGAATAGTTC-1,0.000269,0.000269,0.171558,0.827367,0.000269,0.000269
AAACAAGTATCTCCCA-1,0.00049,0.00049,0.928119,0.000981,0.00049,0.06943
AAACAATCTACTAGCA-1,0.000098,0.000098,0.884746,0.089559,0.0254,0.000098
AAACACCAATAACTGC-1,0.002326,0.002326,0.986044,0.004652,0.002326,0.002326
AAACAGAGCGACTCCT-1,0.000282,0.076472,0.796594,0.000564,0.000282,0.125807
AAACAGCTTTCAGAAG-1,0.000068,0.000068,0.800116,0.183554,0.000068,0.016125
AAACAGGGTCTATATT-1,0.00008,0.00008,0.999522,0.000159,0.00008,0.00008
AAACATTTCCCGGATT-1,0.001667,0.001667,0.989997,0.003334,0.001667,0.001667
AAACCACTACACAGAT-1,0.000115,0.000115,0.249349,0.039229,0.692156,0.019036
AAACCCGAACGAAATC-1,0.000068,0.191643,0.784856,0.023298,0.000068,0.000068
AAACCGGAAATGTTAA-1,0.00004,0.163024,0.585817,0.25104,0.00004,0.00004
AAACCGGGTAGGTACC-1,0.000043,0.000043,0.98718,0.000086,0.012605,0.000043
AAACCGTTCGTCCAGG-1,0.000353,0.000353,0.707207,0.000707,0.163009,0.128371
AAACCTAAGCAGCCGG-1,0.000155,0.000155,0.234838,0.078585,0.014367,0.671901
AAACCTCATGAAGTTG-1,0.000069,0.000069,0.949513,0.041069,0.009212,0.000069
AAACGAAGAACATACC-1,0.000071,0.000071,0.452489,0.020897,0.010287,0.516185
AAACGAAGATGGAGTA-1,0.002778,0.002778,0.98333,0.005557,0.002778,0.002778
AAACGACAGTCTTGCC-1,0.000633,0.000633,0.713846,0.001266,0.063613,0.220008
AAACGAGACGGTTGAT-1,0.000077,0.075424,0.87043,0.053917,0.000077,0.000077
AAACGCCCGAGATCGG-1,0.001493,0.001493,0.843591,0.002986,0.001493,0.148944
AAACGGGCGTACGGGT-1,0.000439,0.000439,0.001755,0.000877,0.080219,0.916271
AAACGGGTTGGTATCC-1,0.000054,0.145974,0.45656,0.388843,0.000054,0.008515
AAACGGTTGCGAACTG-1,0.002941,0.002942,0.659399,0.005883,0.002942,0.325893
AAACGTGTTCGCCCTA-1,0.000043,0.601412,0.371091,0.003391,0.016011,0.008052
AAACTAACGTGGCGAC-1,0.000388,0.000388,0.903498,0.000775,0.000388,0.094564
AAACTCGTGATATAAG-1,0.000027,0.576502,0.423361,0.000055,0.000027,0.000027
AAACTGCTGGCTCCAA-1,0.00014,0.00014,0.889375,0.056503,0.00014,0.053702
AAACTTAATTGCACGC-1,0.001613,0.001613,0.990321,0.003226,0.001613,0.001613
AAACTTGCAAACGTAT-1,0.000058,0.000058,0.999652,0.000116,0.000058,0.000058
AAAGACATGAAGTTTA-1,0.002222,0.002223,0.986664,0.004445,0.002223,0.002223
AAAGACCCAAGTCGCG-1,0.000243,0.000243,0.864116,0.000486,0.089424,0.04549
AAAGACTGGGCGCTTT-1,0.000091,0.000092,0.851803,0.096482,0.05144,0.000092
AAAGCTTGCCTACATA-1,0.00009,0.056941,0.914197,0.00018,0.028502,0.00009
AAAGGCCCTATAATAC-1,0.001639,0.00164,0.990162,0.00328,0.00164,0.00164
AAAGGCTACGGACCAT-1,0.001887,0.001887,0.988676,0.003775,0.001887,0.001887
AAAGGCTCTCGCGCCG-1,0.001923,0.001924,0.988458,0.003848,0.001924,0.001924
AAAGGGATGTAGCAAG-1,0.000115,0.000115,0.782525,0.00023,0.206249,0.010766
AAAGGGCAGCTTGAAT-1,0.000066,0.042661,0.912243,0.044898,0.000066,0.000066
AAAGGTAAGCTGTACC-1,0.001299,0.001299,0.810791,0.002598,0.106078,0.077935
AAAGGTCAACGACATG-1,0.000446,0.049553,0.760993,0.066562,0.000447,0.122
AAAGTAGCATTGCTCA-1,0.000046,0.538662,0.426687,0.000091,0.034468,0.000046
AAAGTCACTGATGTAA-1,0.000625,0.000625,0.996249,0.00125,0.000625,0.000625
AAAGTCGACCCTCAGT-1,0.000095,0.000095,0.842578,0.152836,0.000095,0.004303
AAAGTGCCATCAATTA-1,0.00003,0.499396,0.069465,0.431048,0.00003,0.00003
AAAGTGTGATTTATCT-1,0.000125,0.000125,0.920702,0.061095,0.000125,0.017829
AAAGTTGACTCCCGTA-1,0.000091,0.000091,0.950008,0.006264,0.010302,0.033244
AAATAACCATACGGGA-1,0.002326,0.002326,0.927479,0.004652,0.002326,0.060891
AAATAAGGTAGTGCCC-1,0.000103,0.000103,0.975723,0.023866,0.000103,0.000103
AAATACCTATAAGCAT-1,0.000187,0.000187,0.750319,0.183077,0.007808,0.058423
AAATAGCTTAGACTTT-1,0.00006,0.002558,0.616357,0.151709,0.224851,0.004466
AAATAGGGTGCTATTG-1,0.002632,0.002632,0.89615,0.005265,0.002632,0.09069
AAATCACTCCTAAACG-1,0.000256,0.000256,0.742359,0.000513,0.206557,0.050059
AAATCCGATACACGCC-1,0.000077,0.000077,0.000308,0.000154,0.000077,0.999308
AAATCGCGGAAGGAGT-1,0.000275,0.000275,0.912393,0.00055,0.029848,0.05666
AAATCGTGTACCACAA-1,0.000081,0.115715,0.854456,0.000162,0.000081,0.029504
AAATCTAGCCCTGCTA-1,0.00098,0.000981,0.790593,0.001961,0.08635,0.119134
AAATGATTCGATCAGC-1,0.000066,0.112529,0.77524,0.030057,0.077019,0.005089
AAATGCTCGTTACGTT-1,0.00008,0.179908,0.482517,0.244348,0.00008,0.093067
AAATGGCATGTCTTGT-1,0.000463,0.000463,0.52777,0.000926,0.000463,0.469915
AAATGGCCCGTGCCCT-1,0.000058,0.000058,0.832111,0.021392,0.145509,0.000872
AAATGTATCTTATCCC-1,0.000021,0.073204,0.000085,0.856987,0.036357,0.033346
AAATGTGGGTGCTCCT-1,0.000134,0.000134,0.415048,0.000269,0.120816,0.463598
AAATTAACGGGTAGCT-1,0.000114,0.190472,0.745944,0.005344,0.018245,0.039881
AAATTAATAAGCGCGA-1,0.000036,0.068189,0.415058,0.492911,0.000036,0.023771
AAATTACACGACTCTG-1,0.003335,0.111449,0.411397,0.006669,0.003335,0.463817
AAATTACCTATCGATG-1,0.000069,0.359673,0.608365,0.031755,0.000069,0.000069
AAATTCCAGGTCCAAA-1,0.000076,0.000076,0.827479,0.033088,0.139205,0.000076
AAATTGATAGTCCTTT-1,0.00049,0.00049,0.997058,0.000981,0.00049,0.00049
AAATTGCGGCGGTTCT-1,0.00006,0.136282,0.217177,0.624022,0.00006,0.022399
AAATTGGTGAGAAGCA-1,0.000038,0.495128,0.501594,0.000077,0.000038,0.003124
AAATTTACCGAAATCC-1,0.001923,0.001924,0.988459,0.003847,0.001924,0.001924
AAATTTGCGGGTGTGG-1,0.000054,0.109645,0.850134,0.000108,0.040005,0.000054
AACAACTGGTAGTTGC-1,0.000064,0.153012,0.846667,0.000128,0.000064,0.000064
AACAATACATTGTCGA-1,0.00082,0.00082,0.918478,0.00164,0.00082,0.077423
AACAATTACTCTACGC-1,0.000063,0.167369,0.703737,0.022835,0.105935,0.000063
AACACACGCTCGCCGC-1,0.001724,0.001725,0.733979,0.003449,0.001725,0.257399
AACACGACTGTACTGA-1,0.000524,0.000524,0.876058,0.001047,0.000524,0.121324
AACACGAGACGCGGCC-1,0.000053,0.050856,0.856007,0.000769,0.092262,0.000053
AACACGCGGCCGCGAA-1,0.000114,0.000114,0.935502,0.014694,0.000114,0.049462
AACAGCTGTGTGGCAA-1,0.000196,0.000196,0.794515,0.000392,0.098382,0.10632
AACAGGAAATCGAATA-1,0.001021,0.001021,0.757596,0.002041,0.001021,0.237301
AACAGGATGGGCCGCG-1,0.000081,0.081062,0.918532,0.000163,0.000081,0.000081
AACAGGTAGTATGGAT-1,0.000097,0.050085,0.822874,0.093873,0.019975,0.013095
AACATATCAACTGGTG-1,0.000097,0.176025,0.808909,0.014774,0.000097,0.000097
AACATCGATACGTCTA-1,0.000041,0.540687,0.43564,0.023552,0.000041,0.000041
AACATTGAAGTTGATC-1,0.0002,0.0002,0.819469,0.000401,0.038895,0.140834
AACATTGGTCAGCCGT-1,0.000062,0.000062,0.231837,0.749257,0.012112,0.006671
AACATTGTGACTCGAG-1,0.001235,0.001235,0.866403,0.00247,0.127423,0.001235
AACCAAGACTTCTCTG-1,0.000057,0.008768,0.990948,0.000114,0.000057,0.000057
AACCAGTATCACTCTT-1,0.00164,0.00164,0.810204,0.003279,0.00164,0.181597
AACCATAGGGTTGAAC-1,0.001563,0.001563,0.606963,0.003126,0.001563,0.385223
AACCATGGGATCGCTA-1,0.000066,0.182391,0.653269,0.164143,0.000066,0.000066
AACCCAGAGACGGAGA-1,0.00008,0.085614,0.735034,0.117348,0.00008,0.061844
AACCCATCCCATGATC-1,0.000266,0.000266,0.998404,0.000532,0.000266,0.000266
AACCCGACAACCCGTG-1,0.0008,0.0008,0.951716,0.0016,0.044283,0.0008
AACCCGAGCAGAATCG-1,0.000515,0.000516,0.766682,0.001031,0.078207,0.153049
AACCCGATAGGGCTTC-1,0.000226,0.000226,0.979047,0.000452,0.000226,0.019824
AACCCTACTGTCAATA-1,0.000092,0.000092,0.963933,0.010699,0.0209,0.004284
AACCCTGGTGGAACCA-1,0.000122,0.000122,0.710738,0.024571,0.007422,0.257026
AACCGAGCTTGGTCAT-1,0.000052,0.160558,0.819818,0.000105,0.000052,0.019415
AACCGCTAAGGGATGC-1,0.000129,0.198718,0.767858,0.021273,0.000129,0.011893
AACCGTTGTGTTTGCT-1,0.001429,0.001429,0.907646,0.002858,0.001429,0.085209
AACCTCGCTTTAGCCC-1,0.002174,0.002175,0.337178,0.004349,0.002174,0.651951
AACCTGTCACGGAATT-1,0.000093,0.000093,0.999442,0.000186,0.000093,0.000093
AACCTTTAAATACGGT-1,0.000309,0.090919,0.624144,0.000617,0.000309,0.283702
AACCTTTACGACGTCT-1,0.003031,0.003031,0.746345,0.006063,0.238499,0.003031
AACGAAAGTCGTCCCA-1,0.000306,0.000306,0.998165,0.000612,0.000306,0.000306
AACGATAATGCCGTAG-1,0.003125,0.003126,0.666083,0.006252,0.003126,0.318288
AACGATAGAAGGGCCG-1,0.002941,0.002942,0.716251,0.089352,0.002942,0.185571
AACGCATGATCTGGGT-1,0.000068,0.265113,0.674614,0.060067,0.000068,0.000068
AACGCGAACGGCAACA-1,0.000034,0.118853,0.475583,0.405461,0.000034,0.000034
AACGCGACCTTGGGCG-1,0.002439,0.00244,0.950962,0.00488,0.03684,0.00244
AACGCGGTCTCCAGCC-1,0.000145,0.000145,0.99913,0.00029,0.000145,0.000145
AACGCTGTTGCTGAAA-1,0.001819,0.001819,0.584263,0.408462,0.001819,0.001819
AACGGACGTACGTATA-1,0.002084,0.002084,0.83072,0.004168,0.002084,0.15886
AACGGCCATCTCCGGT-1,0.000043,0.160964,0.838822,0.000085,0.000043,0.000043
AACGTACTGTGGGTAC-1,0.000041,0.166937,0.83286,0.000081,0.000041,0.000041
AACGTAGTCTACCCAT-1,0.000571,0.000572,0.360718,0.465449,0.033065,0.139625
AACGTCAGACTAGTGG-1,0.000096,0.052856,0.883452,0.063403,0.000096,0.000096
AACGTGATGAAGGACA-1,0.000127,0.000127,0.999235,0.000255,0.000127,0.000127
AACGTGCGAAAGTCTC-1,0.000054,0.384739,0.601026,0.000109,0.014018,0.000054
AACGTTATCAGCACCT-1,0.00004,0.278763,0.142024,0.579092,0.00004,0.00004
AACTACCCGTTTGTCA-1,0.000147,0.000147,0.802105,0.197306,0.000147,0.000147
AACTAGCGTATCGCAC-1,0.001053,0.001053,0.993683,0.002106,0.001053,0.001053
AACTAGGCTTGGGTGT-1,0.002778,0.002778,0.698616,0.005557,0.002779,0.287492
AACTCAAGTTAATTGC-1,0.000057,0.221859,0.773386,0.000115,0.004525,0.000057
AACTCCAGAGCGTGTT-1,0.001887,0.001887,0.739445,0.003775,0.188155,0.064851
AACTCCTAATCCCATG-1,0.000248,0.000248,0.907738,0.000496,0.000248,0.091021
AACTCGATAAACACGT-1,0.00002,0.019525,0.241166,0.739248,0.00002,0.00002
AACTCGATGGCGCAGT-1,0.000091,0.062228,0.42799,0.3006,0.209,0.000091
AACTCTCAATAGAGCG-1,0.000055,0.204661,0.754026,0.041148,0.000055,0.000055
AACTCTCAGTGTGCTC-1,0.00125,0.00125,0.69947,0.002501,0.203956,0.091573
AACTGAGGTCAGCGTC-1,0.000431,0.000431,0.914338,0.000862,0.083507,0.000431
AACTGAGTTATACTGA-1,0.000078,0.022099,0.452478,0.494027,0.000078,0.031239
AACTGATATTAGGCCT-1,0.000168,0.180161,0.496402,0.000335,0.000168,0.322767
AACTGGGTCCCGACGT-1,0.000283,0.000283,0.907882,0.000567,0.090701,0.000283
AACTGGGTTCGAGCCG-1,0.003449,0.003449,0.876482,0.006899,0.003449,0.106271
AACTGGTGTGGGCCTT-1,0.00041,0.00041,0.99754,0.00082,0.00041,0.00041
AACTTCTGCGTCTATC-1,0.000072,0.133791,0.489481,0.365625,0.000072,0.010959
AACTTGCCCGTATGCA-1,0.00007,0.141643,0.794245,0.063903,0.00007,0.00007
AACTTGCGTTCTCGCG-1,0.00006,0.149694,0.293732,0.552355,0.004098,0.000061
AACTTTACGGGAGCTT-1,0.000068,0.020725,0.435503,0.494708,0.016668,0.032328
AACTTTAGCTGCTGAG-1,0.00098,0.000981,0.920926,0.001961,0.000981,0.074171
AACTTTCTCGATCATG-1,0.000118,0.044978,0.858642,0.069295,0.026847,0.000119
AAGAAATCACCAGATT-1,0.000058,0.000058,0.943122,0.031283,0.02542,0.000058
AAGAAGGATCAGTTAG-1,0.000052,0.000058,0.682744,0.317042,0.000052,0.000052
AAGACCAAATAACTCA-1,0.000465,0.097515,0.616353,0.00093,0.252757,0.031979
AAGACCCAACTGAACA-1,0.000426,0.000426,0.592065,0.000851,0.320986,0.085247
AAGACTAACCCGTTGT-1,0.000081,0.000081,0.707419,0.20642,0.028058,0.057941
AAGACTCACGCCCACT-1,0.000395,0.000395,0.622195,0.170321,0.206299,0.000395
AAGACTGCAAGCTACT-1,0.000083,0.013131,0.953853,0.000165,0.000083,0.032686
AAGAGATGAATCGGTA-1,0.000057,0.120626,0.839226,0.035366,0.004667,0.000057
AAGAGCTCTTTATCGG-1,0.000061,0.171657,0.828039,0.000122,0.000061,0.000061
AAGAGGATGTACGCGA-1,0.000077,0.000077,0.962573,0.037119,0.000077,0.000077
AAGAGGCATGGATCGC-1,0.000089,0.053668,0.932111,0.000178,0.000089,0.013864
AAGAGGCCCTTTGGAA-1,0.000063,0.059704,0.774021,0.166084,0.000064,0.000064
AAGATGGCACCGGACC-1,0.002222,0.002223,0.726638,0.004445,0.002223,0.262249
AAGATTGGCGGAACGT-1,0.000074,0.210046,0.789584,0.000148,0.000074,0.000074
AAGCACCCTGCGTATC-1,0.000091,0.000091,0.413533,0.115388,0.048563,0.422335
AAGCCGAAGCGGTTTA-1,0.000108,0.020591,0.949813,0.029273,0.000108,0.000108
AAGCCGCCGTGAAATC-1,0.00026,0.00026,0.872628,0.00052,0.107777,0.018556
AAGCCGCTTTACCTTG-1,0.00009,0.090163,0.794754,0.000179,0.095618,0.019196
AAGCCGGAGAGCAGGA-1,0.000028,0.481334,0.022217,0.496366,0.000028,0.000028
AAGCGCAGGGCTTTGA-1,0.000833,0.000834,0.38992,0.001667,0.361619,0.245127
AAGCGGAGTGCGCGCA-1,0.00005,0.192987,0.806762,0.0001,0.00005,0.00005
AAGCGGCGTCATGGGT-1,0.00073,0.00073,0.913299,0.038581,0.04593,0.00073
AAGCGTCCCTCATCGA-1,0.001639,0.00164,0.990162,0.003279,0.00164,0.00164
AAGCTCGTGCCAAGTC-1,0.000075,0.165025,0.729753,0.099603,0.000075,0.005469
AAGCTCTTTCATGGTG-1,0.000775,0.000775,0.804206,0.192693,0.000775,0.000775
AAGGAGAACTTATAAG-1,0.000097,0.263597,0.16192,0.289798,0.000097,0.284491
AAGGAGCGGTTGGTGC-1,0.000063,0.216308,0.753529,0.029972,0.000063,0.000063
AAGGATCGATCGCTTG-1,0.000106,0.078548,0.920924,0.000211,0.000106,0.000106
AAGGATGAGGGACCTC-1,0.00007,0.044665,0.954985,0.00014,0.00007,0.00007
AAGGCAGGCTGTCTCC-1,0.000087,0.000087,0.904404,0.095247,0.000087,0.000087
AAGGCGCGTAAAGCTT-1,0.000077,0.000077,0.90347,0.027649,0.06865,0.000077
AAGGCTGTGCTCATCG-1,0.000037,0.752676,0.247142,0.000073,0.000037,0.000037
AAGGGAACGACTGGCT-1,0.000725,0.000725,0.884696,0.00145,0.11168,0.000725
AAGGGACAGATTCTGT-1,0.000081,0.153075,0.809521,0.03716,0.000081,0.000081
AAGGGACTATGCATTC-1,0.000935,0.000935,0.90284,0.093421,0.000935,0.000935
AAGGGTTTGATTTCAG-1,0.000521,0.000521,0.996874,0.001042,0.000521,0.000521
AAGGTATCCTAATATA-1,0.000319,0.00032,0.998083,0.000639,0.00032,0.00032
AAGGTGATAAACCAGC-1,0.000089,0.081187,0.902175,0.000179,0.000089,0.016281
AAGTAAGCTTCCAAAC-1,0.000209,0.000209,0.512447,0.135455,0.193962,0.157718
AAGTAGAAGACCGGGT-1,0.000106,0.000106,0.932765,0.066813,0.000106,0.000106
AAGTAGTGACGCGAGG-1,0.000076,0.000076,0.970028,0.028546,0.001198,0.000076
AAGTCAATTGTCGTCA-1,0.000118,0.116856,0.56441,0.040274,0.278223,0.000118
AAGTCTAGTAGCTGCC-1,0.00011,0.00011,0.974293,0.00022,0.00011,0.025157
AAGTCTTCTGTGGCCT-1,0.000083,0.089352,0.138551,0.693805,0.041141,0.037068
AAGTGACGACCGAATT-1,0.00007,0.116759,0.88289,0.00014,0.00007,0.00007
AAGTGAGTCGGGTTTA-1,0.001818,0.001819,0.989088,0.003637,0.001819,0.001819
AAGTGCAAAGGTAGAC-1,0.00005,0.048756,0.806133,0.141351,0.00005,0.00366
AAGTGCCTTGACTGTA-1,0.000104,0.108986,0.862758,0.000208,0.02784,0.000104
AAGTGCGTTAGAATCT-1,0.000061,0.051332,0.86762,0.048716,0.023698,0.008574
AAGTGCTTCTCTATTG-1,0.000763,0.000764,0.934949,0.001527,0.000764,0.061233
AAGTGTTTGGAGACGG-1,0.002041,0.002041,0.987752,0.004083,0.002042,0.002042
AAGTTCACTCCAAGCT-1,0.001786,0.189398,0.512603,0.151235,0.143192,0.001786
AAGTTCAGTCTGCGTA-1,0.000038,0.663391,0.336418,0.000076,0.000038,0.000038
AAGTTCGGCCAACAGG-1,0.000046,0.062283,0.919625,0.017955,0.000046,0.000046
AAGTTGTGATGTTATA-1,0.000147,0.000147,0.600886,0.142083,0.044234,0.212502
AAGTTTACTAATGGCA-1,0.000099,0.219926,0.211066,0.32885,0.029876,0.210184
AATAACAACGCTCGGC-1,0.00006,0.087256,0.912442,0.000121,0.00006,0.00006
AATAACACTAGAACAA-1,0.001961,0.001961,0.759883,0.003922,0.001961,0.230312
AATAAGTCCTCGAGAC-1,0.000067,0.000067,0.18037,0.044192,0.000067,0.775237
AATAATCTTCGTATCG-1,0.000051,0.000051,0.790113,0.209681,0.000051,0.000051
AATACAATGTTTCAGG-1,0.000059,0.008608,0.731111,0.20527,0.054894,0.000059
AATACCGGAGGGCTGT-1,0.000235,0.000235,0.912572,0.000471,0.006139,0.080348
AATAGAACAGAGTGGC-1,0.002381,0.002382,0.900537,0.004763,0.002382,0.087556
AATAGAATCTGTTTCA-1,0.000775,0.000775,0.900874,0.001551,0.000775,0.095249
AATAGCAAGCCTCCTG-1,0.001299,0.001299,0.992206,0.002598,0.001299,0.001299
AATAGCTACCGCGTGC-1,0.000055,0.108368,0.891356,0.000111,0.000055,0.000055
AATAGTCCGTCCCGAC-1,0.003125,0.003126,0.440875,0.546622,0.003126,0.003126
AATAGTCGCGAGTCGG-1,0.000083,0.000083,0.434932,0.56078,0.000083,0.004041
AATATCAAGGTCGGAT-1,0.000215,0.000215,0.907202,0.000429,0.000215,0.091725
AATATCCTAGCAAACT-1,0.001695,0.001696,0.989828,0.003391,0.001695,0.001695
AATATCGAATCAATGC-1,0.000086,0.245716,0.752577,0.00145,0.000086,0.000086
AATATCGAGGGTTCTC-1,0.00004,0.624586,0.375211,0.000083,0.00004,0.00004
AATATTGGAGTATTGA-1,0.000078,0.000078,0.86044,0.05798,0.081346,0.000078
AATCAGACTGCAGGAC-1,0.000045,0.162522,0.451692,0.38565,0.000045,0.000045
AATCAGGTTTCATTTA-1,0.000345,0.000345,0.86019,0.00069,0.000345,0.138085
AATCATGTAAAGACTC-1,0.001887,0.001887,0.64973,0.003775,0.001887,0.340834
AATCCAAGGGCCTGAG-1,0.000599,0.000599,0.871955,0.001198,0.000599,0.12505
AATCCATGCAAGGGTG-1,0.000051,0.012089,0.525643,0.430848,0.027284,0.004086
AATCGCCTCAGCGCCA-1,0.000145,0.044726,0.896609,0.038454,0.000145,0.019921
AATCGCGCAGAGGACT-1,0.000104,0.134947,0.821608,0.043132,0.000105,0.000105
AATCGGGACACTACGA-1,0.00042,0.00042,0.644022,0.298188,0.00042,0.056529
AATCGTGAGCCGAGCA-1,0.000813,0.000813,0.165433,0.001626,0.04587,0.785445
AATCTAGGTTTACTTG-1,0.00007,0.317547,0.657154,0.000141,0.00007,0.025017
AATCTATGCCGGAGCC-1,0.000109,0.000109,0.999343,0.000219,0.000109,0.000109
AATCTCTACTGTGGTT-1,0.000122,0.000122,0.824607,0.119903,0.033382,0.021863
AATCTGGCTTTCTAGT-1,0.000111,0.000111,0.898187,0.04713,0.000111,0.05435
AATCTGGGTAGACCCT-1,0.000231,0.000232,0.562855,0.000463,0.354902,0.081317
AATGACAGCAATGTCT-1,0.000064,0.106701,0.87845,0.000128,0.014594,0.000064
AATGACGTAGGATGTC-1,0.000198,0.000198,0.998812,0.000396,0.000198,0.000198
AATGACTGTCAGCCGG-1,0.000104,0.129985,0.815231,0.02382,0.000104,0.030758
AATGAGTTCGCATATG-1,0.000066,0.094406,0.355708,0.45111,0.091841,0.006869
AATGATGATACGCTAT-1,0.000075,0.111432,0.797117,0.00015,0.032987,0.058239
AATGATGCGACTCCTG-1,0.000084,0.000084,0.984261,0.015401,0.000084,0.000084
AATGCAACCGGGTACC-1,0.000079,0.203055,0.79655,0.000158,0.000079,0.000079
AATGCACCAAGCAATG-1,0.00008,0.053717,0.945883,0.00016,0.00008,0.00008
AATGGCCGCCAATGCG-1,0.000546,0.000547,0.868817,0.001093,0.061819,0.067178
AATGGTCCACCGTTCA-1,0.000091,0.000091,0.871831,0.116626,0.01127,0.000091
AATGGTTCTCACAAGC-1,0.000068,0.029843,0.248204,0.078973,0.642844,0.000068
AATGTATGGCACTGTA-1,0.000629,0.000629,0.89715,0.001258,0.000629,0.099705
AATGTGCCCGAGGTGT-1,0.000211,0.031502,0.78306,0.000422,0.184594,0.000211
AATGTGCTAATCTGAG-1,0.002381,0.002382,0.754466,0.004763,0.002382,0.233627
AATTAAAGGTCGGCGT-1,0.000049,0.134782,0.864971,0.000099,0.000049,0.000049
AATTAACGGATTTCCA-1,0.000441,0.000441,0.670152,0.000881,0.104842,0.223244
AATTACGAGACCCATC-1,0.002273,0.002273,0.925265,0.004546,0.002273,0.06337
AATTACTCGTACGCTC-1,0.000119,0.000119,0.109106,0.677041,0.000119,0.213496
AATTAGCGCTGCAGCG-1,0.004348,0.004349,0.973907,0.008698,0.004349,0.004349
AATTCATAAGGGATCT-1,0.000074,0.245947,0.753681,0.000149,0.000074,0.000074
AATTCATTGTCATGCA-1,0.001887,0.001887,0.650737,0.275448,0.001887,0.068153
AATTCCAACTTGGTGA-1,0.000035,0.010145,0.073958,0.908354,0.000035,0.007472
AATTCCAAGCATGTAC-1,0.002273,0.002273,0.986361,0.004547,0.002273,0.002273
AATTCGATTCGAGGAT-1,0.00019,0.000191,0.202135,0.000381,0.000191,0.796912
AATTCTAGAGTTAGGC-1,0.001695,0.001695,0.989828,0.003391,0.001695,0.001695
AATTGAACGCTCTGGT-1,0.000213,0.000213,0.74464,0.018928,0.199963,0.036042
AATTGCAGCAATCGAC-1,0.000322,0.000322,0.497921,0.33754,0.000322,0.163574
AATTGCGTGGATTACA-1,0.000787,0.097564,0.898476,0.001575,0.000788,0.00081
AATTGTGGTTGCCAAA-1,0.0001,0.110807,0.582876,0.26538,0.0001,0.040737
AATTTGGGACATAGTA-1,0.002565,0.002565,0.984611,0.00513,0.002565,0.002565
AATTTGGTTCCAAAGA-1,0.000602,0.000603,0.721535,0.001205,0.275453,0.000603
ACAAACCATGCGTCCT-1,0.000806,0.000807,0.99516,0.001613,0.000807,0.000807
ACAAAGAAGGTAGGCC-1,0.000064,0.000064,0.985595,0.000127,0.000064,0.014088
ACAAAGCATGACCTAG-1,0.000532,0.263496,0.01518,0.001064,0.000532,0.719195
ACAAATCGCACCGAAT-1,0.001818,0.001819,0.888965,0.003637,0.001819,0.101942
ACAAATGGTAGTGTTT-1,0.000225,0.000225,0.971667,0.000451,0.000225,0.027207
ACAAATTCAGATCTGA-1,0.000429,0.000429,0.997424,0.000859,0.000429,0.000429
ACAACAGCATGAGCTA-1,0.000069,0.247904,0.725308,0.001991,0.000069,0.02466
ACAACGGTCCCTGCGA-1,0.000052,0.200315,0.738232,0.061297,0.000052,0.000052
ACAAGCAGTGCCTAGC-1,0.000054,0.459718,0.50466,0.029351,0.006163,0.000054
ACAAGCTATATGGAAG-1,0.000029,0.107528,0.220991,0.581065,0.063602,0.026785
ACAAGGAAATCCGCCC-1,0.000213,0.035976,0.404449,0.000426,0.558724,0.000213
ACAAGGACAAGAGGTT-1,0.000028,0.585011,0.389673,0.017891,0.000028,0.007369
ACAAGGATGCTTTAGG-1,0.00137,0.00137,0.005481,0.002741,0.00137,0.987668
ACAAGGCCTACCAGCC-1,0.000218,0.000218,0.55933,0.000436,0.421904,0.017894
ACAAGGGCAGGCTCTG-1,0.000176,0.000176,0.998943,0.000352,0.000176,0.000176
ACAATAGTCGTACGTT-1,0.000081,0.000081,0.949139,0.000161,0.015144,0.035395
ACAATCCATTTAAACC-1,0.000057,0.069455,0.770777,0.038208,0.121446,0.000057
ACAATCGATCTTTATA-1,0.000179,0.000179,0.20105,0.000358,0.08759,0.710645
ACAATGAATACGGAGA-1,0.002041,0.002041,0.987752,0.004083,0.002042,0.002041
ACAATGATTCTTCTAC-1,0.000885,0.000885,0.994689,0.00177,0.000885,0.000885
ACAATTGTGTCTCTTT-1,0.000293,0.000293,0.825761,0.063894,0.000293,0.109465
ACAATTTAGGAGGCTC-1,0.000071,0.000071,0.774904,0.176422,0.016566,0.031967
ACAATTTGAGCAGTGG-1,0.000062,0.050057,0.909285,0.040472,0.000062,0.000062
ACAATTTGGCCATATT-1,0.000121,0.104777,0.338938,0.226614,0.31832,0.011229
ACACAAAGACGGGTGG-1,0.000096,0.207152,0.736935,0.000192,0.018304,0.03732
ACACAAATATTCCTAG-1,0.000052,0.042415,0.933439,0.006486,0.017556,0.000052
ACACACCAGGACCAGT-1,0.000145,0.000145,0.99913,0.00029,0.000145,0.000145
ACACACTTTCTACACG-1,0.002857,0.002858,0.982853,0.005716,0.002858,0.002858
ACACATGATCAAATCT-1,0.002222,0.002223,0.932603,0.004446,0.002223,0.056284
ACACCACATAATTAGC-1,0.000078,0.000078,0.917163,0.000157,0.082446,0.000078
ACACCCAGCATGCAGC-1,0.000151,0.03973,0.93318,0.000301,0.026488,0.000151
ACACCCGAGAAATCCG-1,0.000058,0.451232,0.4593,0.089295,0.000058,0.000058
ACACCCGTAAATCTGT-1,0.000581,0.000582,0.977134,0.02054,0.000582,0.000582
ACACCGAGCGCTCTTT-1,0.529389,0.001021,0.465508,0.002041,0.001021,0.001021
ACACCGGTCTGACCGC-1,0.001408,0.001409,0.945558,0.002818,0.001409,0.047398
ACACCTTAAGTAGGGC-1,0.000116,0.062384,0.926813,0.000233,0.000116,0.010337
ACACCTTACTACTTGC-1,0.000132,0.072257,0.816323,0.111024,0.000132,0.000132
ACACGAGACTCCTTCT-1,0.000051,0.077491,0.780853,0.042784,0.090429,0.008393
ACACGGCACTATGCAT-1,0.000152,0.000152,0.538685,0.000303,0.000152,0.460557
ACACGGGAACTTAGGG-1,0.000078,0.059766,0.885966,0.035434,0.000078,0.01868
ACACGTAGGCCACAAG-1,0.000182,0.000182,0.907839,0.015689,0.040893,0.035216
ACACTCCAATGTCACT-1,0.000063,0.024244,0.554818,0.415182,0.000063,0.00563
ACACTGATCAAGGTGT-1,0.002174,0.002174,0.905889,0.004349,0.002174,0.083239
ACACTGGGACAGTCGT-1,0.00037,0.00037,0.847575,0.100862,0.00037,0.050452
ACAGAACTGAGAACAA-1,0.000082,0.000082,0.999506,0.000165,0.000082,0.000082
ACAGATTAGGTTAGTG-1,0.000307,0.000307,0.736156,0.210682,0.000307,0.052241
ACAGCATAGAGCCAGT-1,0.000122,0.154446,0.707088,0.053788,0.000122,0.084434
ACAGCGACATTCTCAT-1,0.000332,0.225211,0.773127,0.000665,0.000332,0.000332
ACAGCGCACCCGCAGC-1,0.003226,0.003227,0.81619,0.006453,0.003227,0.167677
ACAGGCACGGATCCTT-1,0.000662,0.101803,0.100457,0.001325,0.000662,0.79509
ACAGGCTTGCCCGACT-1,0.000658,0.000658,0.996052,0.001316,0.000658,0.000658
ACAGGTGGAGGTGAGG-1,0.000625,0.000625,0.890816,0.00125,0.000625,0.106058
ACAGGTGTGTTGTTGC-1,0.000053,0.077423,0.167793,0.722404,0.000053,0.032274
ACAGTAATACAACTTG-1,0.000045,0.000045,0.999732,0.000089,0.000045,0.000045
ACAGTATACCGTGGGA-1,0.00008,0.096088,0.880079,0.00016,0.023513,0.00008
ACAGTGCAGCGCATTT-1,0.005263,0.005264,0.968414,0.010528,0.005265,0.005265
ACATAAGTCGTGGTGA-1,0.001961,0.001961,0.715341,0.003923,0.001961,0.274854
ACATAATAAGGCGGTG-1,0.000158,0.000158,0.949009,0.000316,0.036826,0.013534
ACATCAGCTGGGACGC-1,0.000081,0.000081,0.683736,0.21242,0.102193,0.001489
ACATCCCGGCCATACG-1,0.005263,0.005264,0.692539,0.010528,0.005265,0.28114
ACATCCTGGTAACTGT-1,0.000124,0.160032,0.813789,0.000247,0.025685,0.000124
ACATCGATCGTTTACC-1,0.000119,0.032047,0.95796,0.000238,0.009516,0.000119
ACATCGGTCAGCCGCG-1,0.000069,0.147197,0.852455,0.000142,0.000069,0.000069
ACATCGTATGCAATGG-1,0.000633,0.000633,0.955647,0.001266,0.000633,0.041188
ACATCGTTAACCTAGT-1,0.000202,0.000202,0.816428,0.037245,0.08091,0.065011
ACATCTCAACGCGTAA-1,0.000298,0.190673,0.525279,0.000595,0.105256,0.177898
ACATGGCGCCAAAGTA-1,0.000071,0.061635,0.893287,0.010729,0.034207,0.000071
ACATGGCTCAATTTAG-1,0.000065,0.004772,0.045842,0.909609,0.000148,0.039564
ACATTAGTTTATATCC-1,0.004,0.004001,0.715405,0.008002,0.004001,0.26459
ACCAAACACCCAGCGA-1,0.000024,0.249988,0.749893,0.000048,0.000024,0.000024
ACCAAACTAGAAATCC-1,0.000063,0.000063,0.128961,0.040785,0.067857,0.762271
ACCAACACCACACACT-1,0.000047,0.197039,0.794669,0.00815,0.000047,0.000047
ACCAACCGCACTCCAC-1,0.002174,0.002175,0.545411,0.004349,0.002175,0.443717
ACCAACGCTTATTTAT-1,0.001,0.001,0.838013,0.002001,0.001,0.156986
ACCAAGAACGCGTGTC-1,0.000118,0.000118,0.870697,0.01527,0.113679,0.000118
ACCAATATGCAAGTTA-1,0.002564,0.002565,0.911528,0.005129,0.002565,0.075649
ACCACAACTCAGAACA-1,0.000862,0.000862,0.889132,0.001725,0.000862,0.106557
ACCACAAGTTTCTATC-1,0.000071,0.042083,0.920593,0.037112,0.000071,0.000071
ACCACCAATGTAACAA-1,0.000062,0.125955,0.823224,0.044709,0.000062,0.005989
ACCACCCTCTCTTCTA-1,0.000058,0.204832,0.794875,0.000117,0.000058,0.000058
ACCACGTGCAGCTATA-1,0.000403,0.000403,0.79255,0.000807,0.188631,0.017205
ACCAGACCATAACAAC-1,0.000069,0.000069,0.423816,0.44431,0.037506,0.09423
ACCAGCCCGGTCTTTG-1,0.000063,0.000063,0.195619,0.122451,0.286886,0.394917
ACCAGGAGTGTGATCT-1,0.000146,0.000146,0.408631,0.244644,0.117438,0.228995
ACCAGTGCCCGGTCAA-1,0.004167,0.004168,0.627591,0.008336,0.004168,0.35157
ACCAGTGCGGGAGACG-1,0.000175,0.111325,0.787416,0.009581,0.000175,0.091328
ACCATATCCGCAATAA-1,0.000038,0.354964,0.63789,0.007031,0.000038,0.000038
ACCATCCGCCAACTAG-1,0.000106,0.000106,0.951555,0.029146,0.000106,0.01898
ACCATCGTATATGGTA-1,0.000089,0.127466,0.87209,0.000178,0.000089,0.000089
ACCCAACGCCCGTGGC-1,0.000044,0.552863,0.424845,0.000089,0.022115,0.000044
ACCCACCTACATGCTC-1,0.000048,0.209386,0.429091,0.042813,0.318614,0.000048
ACCCATCTTGAGGGTA-1,0.000079,0.126549,0.841565,0.022672,0.009056,0.000079
ACCCATTTGTCCCTCT-1,0.000275,0.000276,0.863944,0.000551,0.000276,0.134678
ACCCGAGCGAAATTAC-1,0.002857,0.002858,0.97896,0.009609,0.002858,0.002858
ACCCGATTGGTTCCGA-1,0.000495,0.26711,0.653851,0.00099,0.077058,0.000495
ACCCGGAAACTCCCAG-1,0.000581,0.000582,0.877951,0.001163,0.000582,0.119141
ACCCGGAGCACCACAA-1,0.000056,0.188269,0.535152,0.27641,0.000056,0.000056
ACCCGGATGACGCATC-1,0.000094,0.077346,0.768683,0.132332,0.019249,0.002296
ACCCGGTTACACTTCC-1,0.000076,0.022966,0.738573,0.008228,0.223571,0.006585
ACCCGTGTCATCAGTA-1,0.00303,0.003031,0.854699,0.006062,0.003031,0.130146
ACCCTATAGGACTGAG-1,0.000062,0.221006,0.144044,0.602851,0.031974,0.000062
ACCCTATGCCATATCG-1,0.006668,0.006668,0.959988,0.013338,0.006669,0.006669
ACCCTCCCGTCAGGGC-1,0.001409,0.001409,0.376321,0.119357,0.001409,0.500096
ACCCTCCCTTGCTATT-1,0.000599,0.000599,0.842099,0.001198,0.041506,0.113999
ACCCTGGTAACGCCCT-1,0.000088,0.101823,0.897735,0.000177,0.000088,0.000088
ACCCTTCATCTGCGAA-1,0.00164,0.00164,0.5122,0.00328,0.00164,0.479601
ACCCTTGCCTGGGTCG-1,0.000095,0.109884,0.843918,0.000189,0.000095,0.04582
ACCCTTTAGTTCTCCA-1,0.000483,0.000483,0.979284,0.000966,0.000483,0.0183
ACCGAAAGGGCCCTGC-1,0.000248,0.000248,0.890355,0.000496,0.000248,0.108404
ACCGAAGAGTCTGGTT-1,0.000229,0.000229,0.920378,0.047574,0.000229,0.031361
ACCGACTGAGTCCCAC-1,0.000029,0.653472,0.346381,0.000059,0.000029,0.000029
ACCGATAGGCATAACC-1,0.000224,0.000224,0.803193,0.139436,0.000224,0.056698
ACCGATATTTAATCAT-1,0.000066,0.100451,0.484262,0.332529,0.000067,0.082625
ACCGATGGTAGCATCG-1,0.000101,0.090401,0.887054,0.000203,0.000101,0.02214
ACCGCAATAACTGCCT-1,0.002174,0.002174,0.986954,0.004349,0.002174,0.002175
ACCGCGGTGGAAGTCG-1,0.00008,0.046545,0.917531,0.00016,0.035604,0.00008
ACCGGGCCTTTGTTGA-1,0.000154,0.000154,0.801911,0.123943,0.073684,0.000154
ACCGGTCAGGTACACC-1,0.003125,0.003126,0.981246,0.006252,0.003126,0.003126
ACCGGTCTGAGTACGG-1,0.002703,0.002703,0.810699,0.005407,0.002703,0.175785
ACCGTCCACTGGGCCC-1,0.000305,0.000305,0.79903,0.00061,0.000305,0.199445
ACCGTGACCACGTGGG-1,0.001724,0.155873,0.835504,0.003449,0.001725,0.001725
ACCGTTCCCGCTCTGA-1,0.000166,0.000166,0.306082,0.000332,0.000166,0.693088
ACCTAAGTACCTTTCA-1,0.000091,0.101528,0.835085,0.000183,0.063023,0.000091
ACCTAATCGACTTCCT-1,0.000067,0.090882,0.908784,0.000133,0.000067,0.000067
ACCTACAGTATGTGGT-1,0.000147,0.066074,0.933189,0.000295,0.000147,0.000147
ACCTACTATAAATCTA-1,0.000645,0.000645,0.897978,0.001291,0.000645,0.098796
ACCTCCGCCCTCGCTG-1,0.001266,0.001266,0.689881,0.002532,0.001266,0.303788
ACCTCCGTTATTCACC-1,0.000123,0.053661,0.903908,0.000246,0.015252,0.02681
ACCTCGAACTTATGCT-1,0.00033,0.654742,0.343607,0.00066,0.00033,0.00033
ACCTGCGTGTCATGTT-1,0.000079,0.000079,0.999526,0.000158,0.000079,0.000079
ACCTTTCCTTTAGAAG-1,0.000121,0.219877,0.023712,0.526254,0.000121,0.229914
ACGAAATGGGCGGCAC-1,0.000035,0.302274,0.697551,0.00007,0.000035,0.000035
ACGACCCATGAGTTGC-1,0.000051,0.286095,0.347894,0.36586,0.000051,0.000051
ACGACTGGTCATACTC-1,0.000495,0.000495,0.965924,0.00099,0.000495,0.0316
ACGAGAACCCATCACG-1,0.000394,0.000394,0.860016,0.138409,0.000394,0.000394
ACGAGATATTTGCTTA-1,0.001695,0.068956,0.629077,0.296882,0.001695,0.001696
ACGAGGATACCACTCT-1,0.000085,0.000085,0.991706,0.000169,0.007871,0.000085
ACGAGGTTTACAACGT-1,0.001852,0.001852,0.878652,0.003704,0.112087,0.001852
ACGAGTACGGATGCCC-1,0.000051,0.305693,0.694052,0.000102,0.000051,0.000051
ACGATACATAGAACTA-1,0.000052,0.000052,0.950848,0.023808,0.000052,0.025189
ACGATACCTATCCTGA-1,0.000031,0.000031,0.25159,0.60239,0.03857,0.107388
ACGATCATACATAGAG-1,0.000121,0.012446,0.827097,0.160092,0.000121,0.000121
ACGATCATCTTGTAAA-1,0.00008,0.223364,0.776234,0.000161,0.00008,0.00008
ACGATGCATATGTTAT-1,0.000034,0.695158,0.296439,0.000069,0.000034,0.008266
ACGATGGATCCGATGC-1,0.001563,0.001563,0.697324,0.296424,0.001563,0.001563
ACGCAAACTAATAGAT-1,0.001333,0.107155,0.825415,0.002667,0.001334,0.062095
ACGCAATCACTACAGC-1,0.000094,0.000094,0.97937,0.020253,0.000094,0.000094
ACGCATAAATGACATG-1,0.002273,0.002273,0.718554,0.004546,0.002273,0.27008
ACGCATACGTTTACTA-1,0.000498,0.000498,0.914391,0.000995,0.000498,0.08312
ACGCATTCGTGAGTAC-1,0.000155,0.21243,0.786795,0.00031,0.000155,0.000155
ACGCCAGATGATTTCT-1,0.000505,0.000505,0.833958,0.00101,0.163516,0.000505
ACGCCCAGCTGTCGAT-1,0.000196,0.000197,0.154653,0.105394,0.068439,0.671122
ACGCCGCTAGACGACC-1,0.000204,0.000204,0.998778,0.000407,0.000204,0.000204
ACGCGAAGTCAGACGA-1,0.002273,0.002273,0.897368,0.004546,0.002273,0.091266
ACGCGCTACACAGGGT-1,0.000075,0.341457,0.658166,0.000151,0.000075,0.000075
ACGCGGGCCAAGGACA-1,0.000114,0.183872,0.81556,0.000227,0.000114,0.000114
ACGCGTTTCTTAAGAG-1,0.000051,0.032142,0.339301,0.597891,0.000051,0.030563
ACGCTAGTATCAGTGC-1,0.000515,0.000516,0.733337,0.001031,0.104276,0.160324
ACGCTAGTGATACACT-1,0.000088,0.315599,0.659098,0.000175,0.024951,0.000088
ACGCTGTGAGGCGTAG-1,0.000125,0.000125,0.884044,0.10116,0.014423,0.000125
ACGCTTAGTGTCTCTC-1,0.001,0.001,0.993998,0.002001,0.001,0.001
ACGGAATTTAGCAAAT-1,0.000074,0.128917,0.551084,0.273163,0.046688,0.000074
ACGGACTCTCAAAGCG-1,0.000087,0.000103,0.120503,0.017003,0.000087,0.862217
ACGGAGCGCAAATTAC-1,0.00002,0.506104,0.491067,0.000041,0.002747,0.00002
ACGGATGGTGCGGATA-1,0.002041,0.002041,0.987752,0.004083,0.002042,0.002041
ACGGCACTTGCTTGGG-1,0.000329,0.000329,0.998026,0.000658,0.000329,0.000329
ACGGCCAACATGGACT-1,0.00024,0.00024,0.96961,0.000481,0.029188,0.00024
ACGGCGACGATGGGAA-1,0.000284,0.418042,0.580537,0.000568,0.000284,0.000284
ACGGCGGGTTGCCCTG-1,0.000194,0.000194,0.790023,0.132655,0.000194,0.07674
ACGGCTGGATGTAGAA-1,0.001176,0.001177,0.992939,0.002354,0.001177,0.001177
ACGGGAGTGTCGGCCC-1,0.00005,0.241915,0.606914,0.0001,0.150971,0.00005
ACGGGCGTATGCGACA-1,0.000105,0.000105,0.999368,0.000211,0.000105,0.000105
ACGGGTCATGTGACTT-1,0.000027,0.007554,0.276,0.566791,0.069143,0.080486
ACGGTCACCGAGAACA-1,0.000156,0.000156,0.894116,0.000311,0.000156,0.105106
ACGTACAGATTTCTCT-1,0.001588,0.001588,0.733188,0.260461,0.001588,0.001588
ACGTACTTTGGCACGG-1,0.000488,0.000488,0.820415,0.000976,0.000488,0.177145
ACGTAGATTGCTGATG-1,0.000049,0.380074,0.61968,0.000098,0.000049,0.000049
ACGTATTACTCCGATC-1,0.000172,0.073292,0.925847,0.000344,0.000172,0.000172
ACGTCCTAAACGAGAT-1,0.000339,0.000339,0.173358,0.000678,0.000339,0.824947
ACGTCTCGTTCCGGGA-1,0.000122,0.000122,0.948592,0.033854,0.000122,0.017189
ACGTGACAAAGTAAGT-1,0.000084,0.000084,0.934618,0.000168,0.025614,0.039432
ACGTGCGCCTCGTGCA-1,0.000763,0.000764,0.995419,0.001527,0.000764,0.000764
ACGTTAATGTCGAAGA-1,0.000119,0.146708,0.81012,0.000238,0.042696,0.000119
ACGTTAGATTTGCCCG-1,0.000096,0.115185,0.884334,0.000192,0.000096,0.000096
ACGTTATTGGTCACTC-1,0.000061,0.000061,0.46298,0.44046,0.096378,0.000061
ACGTTCCGCGCTCCGT-1,0.000195,0.11176,0.639041,0.136016,0.000195,0.112794
ACGTTCGCAATCAATT-1,0.000119,0.062782,0.921493,0.000238,0.000119,0.015248
ACGTTCGTTCAGGAAA-1,0.002083,0.002084,0.987497,0.004168,0.002084,0.002084
ACGTTCTGTACAAGTC-1,0.0025,0.002501,0.452962,0.005001,0.09239,0.444645
ACGTTTAGTTGTGATC-1,0.002778,0.002779,0.629081,0.005557,0.002779,0.357028
ACTAAGGACGCACACC-1,0.000217,0.000217,0.885302,0.063092,0.050954,0.000217
ACTAATACGTCAGGCG-1,0.000637,0.077996,0.684845,0.040294,0.195591,0.000637
ACTACATCCCGACAAG-1,0.000524,0.000524,0.702454,0.001047,0.09988,0.195572
ACTACCAGCTCTCTGG-1,0.000123,0.000123,0.955016,0.008306,0.000123,0.036308
ACTACGCGTTAGAATT-1,0.003571,0.003572,0.978568,0.007144,0.003572,0.003572
ACTAGTTGCGATCGTC-1,0.000147,0.000147,0.965502,0.017393,0.000147,0.016665
ACTATATGCTGTGTTC-1,0.000221,0.000221,0.782354,0.076016,0.067083,0.074104
ACTATCCAGGGCATGG-1,0.000082,0.000082,0.714951,0.215381,0.068079,0.001424
ACTATCTGCCCGCGTA-1,0.000137,0.17314,0.674937,0.151511,0.000137,0.000137
ACTATGTCCAGCTGCC-1,0.001852,0.001852,0.988886,0.003705,0.001853,0.001852
ACTATTCGTCCGTGGT-1,0.000205,0.000205,0.73884,0.00041,0.047324,0.213016
ACTATTTCCGGGCCCA-1,0.002174,0.002174,0.710785,0.004349,0.002175,0.278343
ACTCAACGAATGTATT-1,0.002273,0.002273,0.747549,0.243358,0.002273,0.002273
ACTCAAGTGCAAGGCT-1,0.000671,0.000671,0.562252,0.001343,0.000671,0.434391
ACTCAATAAAGGCACG-1,0.000046,0.320896,0.650157,0.000092,0.023216,0.005593
ACTCAGACCTGCTTCT-1,0.003846,0.003848,0.976918,0.007694,0.003847,0.003847
ACTCATGGCAGCCTTC-1,0.000467,0.000467,0.888478,0.000935,0.000467,0.109185
ACTCCAATATCATCAT-1,0.002439,0.00244,0.985361,0.00488,0.00244,0.00244
ACTCCCATTCCTAAAG-1,0.000072,0.000072,0.969217,0.020041,0.000072,0.010525
ACTCCCGAATTCGTTT-1,0.000058,0.20492,0.794792,0.000115,0.000058,0.000058
ACTCCCGTAGACTAGG-1,0.000114,0.000114,0.897957,0.088296,0.000114,0.013405
ACTCCCTAGAATAGTA-1,0.000253,0.000253,0.906316,0.000505,0.038042,0.054632
ACTCCGGCCGACCACT-1,0.001266,0.001266,0.647186,0.002532,0.001266,0.346484
ACTCGATGTATTTCAT-1,0.000052,0.000052,0.183883,0.810319,0.005642,0.000052
ACTCGCCGTTCGATAA-1,0.000505,0.000505,0.661973,0.163649,0.000505,0.172863
ACTCGCGATCTGACGC-1,0.000087,0.086349,0.735063,0.161308,0.017106,0.000087
ACTCGTAACCCGTCCT-1,0.000043,0.276101,0.697519,0.02625,0.000043,0.000043
ACTCGTCAGTAATCCC-1,0.0001,0.129009,0.870489,0.000201,0.0001,0.0001
ACTCTAAACCTGGGAT-1,0.000034,0.000034,0.217097,0.540719,0.10405,0.138065
ACTCTCTGACTTAGGT-1,0.000166,0.059469,0.808831,0.014453,0.116916,0.000166
ACTCTCTTATACACGA-1,0.000621,0.000621,0.996272,0.001243,0.000621,0.000621
ACTCTGACCTAATAGA-1,0.001087,0.085982,0.378923,0.002175,0.041982,0.489852
ACTCTTCAGCTCCCGC-1,0.000114,0.056474,0.848534,0.074628,0.000114,0.020137
ACTCTTGTATAGTAAC-1,0.00007,0.026092,0.973558,0.00014,0.00007,0.00007
ACTGAAACGCCGTTAG-1,0.001163,0.001163,0.993022,0.002326,0.001163,0.001163
ACTGAATGGCGAAAGT-1,0.000168,0.000168,0.958283,0.000336,0.000168,0.040876
ACTGCCCGCCATTCTC-1,0.001351,0.001352,0.762121,0.002703,0.231121,0.001352
ACTGCCGTCGTAACTC-1,0.000383,0.241092,0.661827,0.023518,0.000383,0.072797
ACTGCGGACACACCGT-1,0.000094,0.051242,0.910296,0.03818,0.000094,0.000094
ACTGCTCGGAAGGATG-1,0.000083,0.000083,0.933976,0.000165,0.065611,0.000083
ACTGGCGAACCTGCGT-1,0.00042,0.00042,0.997478,0.000841,0.00042,0.00042
ACTGTACGATACACAT-1,0.000066,0.193684,0.746653,0.000132,0.059398,0.000066
ACTGTAGCACTTTGGA-1,0.000056,0.340653,0.5463,0.112881,0.000056,0.000056
ACTGTATACGCGAGCA-1,0.0005,0.0005,0.793705,0.021431,0.0005,0.183364
ACTGTCTTCTTTAGAA-1,0.000046,0.111134,0.848508,0.04022,0.000046,0.000046
ACTGTGCTAGTAGATC-1,0.000124,0.06894,0.607162,0.089324,0.234326,0.000124
ACTGTTTAGTGTAGGC-1,0.000049,0.01468,0.000196,0.068328,0.000049,0.916698
ACTTACCGGGCGCGCA-1,0.000508,0.000508,0.592173,0.195939,0.067297,0.143575
ACTTACGCATCCACGC-1,0.000962,0.000962,0.461229,0.001924,0.000962,0.533962
ACTTAGTACGACAAGA-1,0.000062,0.168321,0.726095,0.105398,0.000062,0.000062
ACTTATACTTACCCGG-1,0.000077,0.173178,0.788633,0.03796,0.000077,0.000077
ACTTATCTGATCTATA-1,0.000862,0.000862,0.94704,0.001725,0.000862,0.048648
ACTTATTAGGATCGGT-1,0.00007,0.178998,0.717945,0.011967,0.090948,0.00007
ACTTATTTATGTGCCA-1,0.000253,0.10735,0.769327,0.000505,0.000253,0.122312
ACTTCAGGCTGATCCC-1,0.00122,0.00122,0.750916,0.159026,0.086399,0.00122
ACTTCCAGTGGAAGCT-1,0.003704,0.003705,0.793613,0.19157,0.003705,0.003704
ACTTCCATGCGGGACA-1,0.000662,0.000662,0.29272,0.04305,0.000662,0.662243
ACTTCCTGTCGTGCGA-1,0.003226,0.003227,0.834804,0.006453,0.003226,0.149065
ACTTCGCTAGCGAGTG-1,0.000113,0.042526,0.825816,0.108799,0.000113,0.022633
ACTTGACTCCCTCTTT-1,0.000219,0.000219,0.984535,0.000439,0.014368,0.000219
ACTTGCCATATTGTAC-1,0.00033,0.00033,0.342339,0.390411,0.00033,0.266259
ACTTGGGACCCGGTGG-1,0.000057,0.224727,0.774986,0.000115,0.000057,0.000057
ACTTGTAGTCCCTTCA-1,0.00012,0.000121,0.923966,0.028592,0.04708,0.000121
ACTTGTGGATGGAACG-1,0.000185,0.000185,0.839316,0.159945,0.000185,0.000185
ACTTTACCCTCATGAA-1,0.000081,0.008058,0.749826,0.223224,0.018732,0.000081
ACTTTCCTATAGCTTC-1,0.000072,0.137775,0.724407,0.089835,0.047838,0.000072
ACTTTGACTGCATCCT-1,0.000124,0.000124,0.976163,0.023339,0.000124,0.000124
ACTTTGGTCGTGCTCC-1,0.001099,0.118521,0.875983,0.002198,0.001099,0.001099
ACTTTGTCGACGCACT-1,0.00006,0.00006,0.38715,0.263967,0.20487,0.143893
AGAAATTATGACTCGC-1,0.000071,0.000071,0.817165,0.17762,0.000071,0.005001
AGAACCCAGCGTGACA-1,0.000074,0.164761,0.662046,0.11819,0.044451,0.010478
AGAACCCTCAATTGGG-1,0.003226,0.003226,0.572644,0.006453,0.003227,0.411224
AGAACGTGGTACATTC-1,0.00014,0.205436,0.729482,0.010607,0.00014,0.054195
AGAAGAGCGCCGTTCC-1,0.000763,0.000764,0.680213,0.001527,0.315969,0.000764
AGAAGGTACACTTCAC-1,0.000079,0.001856,0.925768,0.072139,0.000079,0.000079
AGAAGGTTGCCGAATT-1,0.000068,0.003293,0.826041,0.026077,0.095383,0.049138
AGAAGGTTGTAGGTCG-1,0.000115,0.039153,0.000459,0.00023,0.000115,0.959929
AGAAGTGATTCGTGAT-1,0.000118,0.182011,0.774937,0.000235,0.042322,0.000377
AGAATAAATCTTCAGG-1,0.000073,0.039369,0.802394,0.010047,0.113022,0.035094
AGAATGCGGGTTCGGA-1,0.0008,0.0008,0.45675,0.0016,0.441185,0.098865
AGAATTATGGATTCGA-1,0.000095,0.109781,0.646264,0.000191,0.243573,0.000095
AGAATTGTTTGACATA-1,0.000091,0.022057,0.639844,0.288615,0.000091,0.049303
AGACAGCTCAGAATCC-1,0.000069,0.000069,0.436935,0.464374,0.098483,0.000069
AGACAGGCATCTCAGC-1,0.000079,0.066383,0.492672,0.440709,0.000079,0.000079
AGACATAGATCCTTCC-1,0.001754,0.001755,0.842354,0.00351,0.001755,0.148873
AGACCAAACCACACCT-1,0.000067,0.000067,0.982799,0.000134,0.016865,0.000067
AGACCATGGGATACAA-1,0.000056,0.469662,0.514794,0.015376,0.000056,0.000056
AGACCCACCGCTGATC-1,0.000877,0.000877,0.917473,0.001755,0.07814,0.000878
AGACCCGCCCTCCTCG-1,0.000119,0.000119,0.94581,0.022469,0.031364,0.000119
AGACCGCTCCGCGGTT-1,0.000151,0.000151,0.77251,0.000303,0.226733,0.000151
AGACCGGGAAACCCTG-1,0.000051,0.00414,0.935078,0.052994,0.000051,0.007685
AGACGAAGTGCCGGTC-1,0.000714,0.000714,0.804568,0.001429,0.000714,0.19186
AGACGACGATGCCGCT-1,0.002128,0.002128,0.845446,0.004256,0.143914,0.002128
