Barcode,Topic 1,Topic 2,Topic 3to4,Topic 5to8,Topic 9,Topic 10
AAACAACGAATAGTTC-1,0.000495,0.000495,0.595145,0.260155,0.143215,0.000495
AAACAAGTATCTCCCA-1,0.000072,0.153061,0.431393,0.411915,0.003487,0.000072
AAACACCAATAACTGC-1,0.000008,0.01275,0.001325,0.985901,0.000008,0.000008
AAACAGAGCGACTCCT-1,0.000041,0.040858,0.501913,0.457105,0.000041,0.000041
AAACAGCTTTCAGAAG-1,0.000087,0.000087,0.999304,0.000348,0.000087,0.000087
AAACAGGGTCTATATT-1,0.000038,0.007612,0.832825,0.004164,0.000038,0.155324
AAACATGGTGAGAGGA-1,0.000029,0.006889,0.607208,0.248196,0.02681,0.110868
AAACATTTCCCGGATT-1,0.000794,0.000794,0.622417,0.003175,0.372026,0.000794
AAACCACTACACAGAT-1,0.000038,0.03385,0.627208,0.338828,0.000038,0.000038
AAACCCGAACGAAATC-1,0.000058,0.089751,0.642819,0.260574,0.00674,0.000058
AAACCGGAAATGTTAA-1,0.000085,0.000085,0.679701,0.319957,0.000085,0.000086
AAACCGGGTAGGTACC-1,0.000029,0.006262,0.637123,0.312925,0.009848,0.033814
AAACCGTTCGTCCAGG-1,0.000041,0.108927,0.723495,0.162178,0.005317,0.000041
AAACCTCATGAAGTTG-1,0.000077,0.013931,0.415101,0.53757,0.000168,0.033152
AAACGAAGATGGAGTA-1,0.00003,0.00003,0.716038,0.220536,0.00003,0.063336
AAACGACAGTCTTGCC-1,0.000068,0.01258,0.965434,0.00027,0.000068,0.02158
AAACGAGACGGTTGAT-1,0.000095,0.000095,0.391824,0.14664,0.461251,0.000095
AAACGCCCGAGATCGG-1,0.000039,0.043464,0.109639,0.84202,0.004798,0.000039
AAACGGGCGTACGGGT-1,0.000467,0.000467,0.432501,0.00187,0.564227,0.000467
AAACGGGTTGGTATCC-1,0.000209,0.000209,0.672968,0.31402,0.012386,0.000209
AAACGTGTTCGCCCTA-1,0.000035,0.000035,0.560451,0.34177,0.000035,0.097674
AAACTAACGTGGCGAC-1,0.000037,0.000037,0.802949,0.196901,0.000037,0.000037
AAACTCGTGATATAAG-1,0.000045,0.02688,0.506955,0.46603,0.000045,0.000045
AAACTTAATTGCACGC-1,0.000067,0.000067,0.999464,0.000268,0.000067,0.000067
AAACTTGCAAACGTAT-1,0.000026,0.08751,0.846498,0.008848,0.000026,0.057092
AAAGAATGACCTTAGA-1,0.000026,0.101315,0.367931,0.515903,0.007395,0.007431
AAAGACATGAAGTTTA-1,0.000118,0.139115,0.72219,0.138342,0.000118,0.000118
AAAGACTGGGCGCTTT-1,0.000005,0.000005,0.023166,0.976464,0.000005,0.000356
AAAGCTTGCCTACATA-1,0.000481,0.145031,0.851603,0.001924,0.000481,0.000481
AAAGGCCCTATAATAC-1,0.0001,0.0001,0.650975,0.272306,0.0001,0.076419
AAAGGCTCTCGCGCCG-1,0.000047,0.044584,0.926827,0.028448,0.000047,0.000047
AAAGGGCAGCTTGAAT-1,0.000035,0.000035,0.254018,0.73825,0.007628,0.000035
AAAGGTAAGCTGTACC-1,0.000048,0.000048,0.953916,0.045891,0.000048,0.000048
AAAGGTCAACGACATG-1,0.000275,0.000276,0.793572,0.179877,0.000276,0.025725
AAAGTAGCATTGCTCA-1,0.000042,0.008019,0.835373,0.15648,0.000042,0.000042
AAAGTCGACCCTCAGT-1,0.00006,0.015787,0.607461,0.150202,0.22643,0.00006
AAAGTGCCATCAATTA-1,0.000267,0.000267,0.852327,0.00573,0.141141,0.000267
AAAGTGTGATTTATCT-1,0.000556,0.000556,0.558421,0.439356,0.000556,0.000556
AAAGTTGACTCCCGTA-1,0.000051,0.000051,0.63212,0.356186,0.011542,0.000051
AAATAACCATACGGGA-1,0.000041,0.027319,0.725908,0.187738,0.058952,0.000041
AAATAAGGTAGTGCCC-1,0.00002,0.032512,0.241002,0.67789,0.048556,0.00002
AAATAGCTTAGACTTT-1,0.000012,0.000417,0.055595,0.88627,0.052053,0.005653
AAATCACTCCTAAACG-1,0.00001,0.003022,0.06267,0.934273,0.00001,0.000015
AAATCCGATACACGCC-1,0.000346,0.000346,0.798735,0.001384,0.151158,0.04803
AAATCGCGGAAGGAGT-1,0.000025,0.001537,0.731731,0.179042,0.000025,0.087639
AAATCTAGCCCTGCTA-1,0.000111,0.013514,0.829871,0.148411,0.000111,0.007982
AAATGATTCGATCAGC-1,0.000047,0.006756,0.83282,0.160282,0.000047,0.000047
AAATGCTCGTTACGTT-1,0.000364,0.000364,0.99709,0.001455,0.000364,0.000364
AAATGGCCCGTGCCCT-1,0.00002,0.015365,0.45758,0.526996,0.00002,0.00002
AAATGGTCAATGTGCC-1,0.000075,0.000075,0.451529,0.17167,0.368878,0.007773
AAATGTATCTTATCCC-1,0.000952,0.000953,0.821614,0.00381,0.171718,0.000953
AAATTAATAAGCGCGA-1,0.000136,0.000136,0.977235,0.000546,0.021809,0.000136
AAATTACACGACTCTG-1,0.000046,0.01759,0.468545,0.088158,0.425616,0.000046
AAATTACCTATCGATG-1,0.00005,0.083223,0.544202,0.286586,0.085889,0.00005
AAATTCCAGGTCCAAA-1,0.00003,0.00003,0.344937,0.652159,0.00003,0.002814
AAATTGATAGTCCTTT-1,0.000063,0.000063,0.679928,0.283313,0.000063,0.036571
AAATTGCGGCGGTTCT-1,0.000472,0.000472,0.996225,0.001887,0.000472,0.000472
AAATTGGTGAGAAGCA-1,0.000034,0.024185,0.658195,0.313096,0.000034,0.004455
AAATTTACCGAAATCC-1,0.000057,0.000057,0.999541,0.000229,0.000057,0.000057
AAATTTGCGGGTGTGG-1,0.000037,0.000054,0.957109,0.013438,0.023282,0.00608
AACAACTGGTAGTTGC-1,0.000095,0.000095,0.690085,0.0209,0.288731,0.000095
AACAATACATTGTCGA-1,0.000074,0.000074,0.953591,0.035441,0.000074,0.010745
AACAATTACTCTACGC-1,0.000014,0.000014,0.212426,0.786338,0.000014,0.001194
AACACACGCTCGCCGC-1,0.000251,0.000251,0.736635,0.262362,0.000251,0.000251
AACACGAGACGCGGCC-1,0.000021,0.054542,0.591162,0.352347,0.000021,0.001907
AACACGCGGCCGCGAA-1,0.00037,0.00037,0.443117,0.362212,0.19356,0.00037
AACAGCTGTGTGGCAA-1,0.000041,0.000041,0.540862,0.458975,0.000041,0.000041
AACAGGATGGGCCGCG-1,0.000011,0.000011,0.126633,0.873322,0.000011,0.000011
AACAGGTAGTATGGAT-1,0.00102,0.001021,0.9846,0.004083,0.008255,0.001021
AACATATCAACTGGTG-1,0.00003,0.170502,0.598213,0.225393,0.00003,0.005831
AACATCGATACGTCTA-1,0.000049,0.046359,0.718344,0.235149,0.000049,0.000049
AACATTGGTCAGCCGT-1,0.000094,0.000094,0.542842,0.064488,0.000094,0.392388
AACCAAGACTTCTCTG-1,0.000005,0.000404,0.004001,0.995581,0.000005,0.000005
AACCAGTATCACTCTT-1,0.000073,0.089287,0.823147,0.006289,0.08113,0.000073
AACCATAGGGTTGAAC-1,0.000033,0.063809,0.641481,0.29461,0.000033,0.000033
AACCATGGGATCGCTA-1,0.000351,0.000351,0.989608,0.001404,0.000351,0.007935
AACCCAGAGACGGAGA-1,0.000055,0.000055,0.707996,0.291784,0.000055,0.000055
AACCCATCCCATGATC-1,0.000045,0.094317,0.702386,0.20316,0.000046,0.000046
AACCCGACAACCCGTG-1,0.000188,0.000188,0.730822,0.254866,0.000188,0.013748
AACCCGAGCAGAATCG-1,0.000158,0.000158,0.793198,0.000633,0.205694,0.000158
AACCCGATAGGGCTTC-1,0.000057,0.025466,0.942514,0.017254,0.000057,0.014651
AACCCTACTGTCAATA-1,0.000015,0.016467,0.102505,0.880983,0.000015,0.000015
AACCGCTAAGGGATGC-1,0.00021,0.00021,0.729051,0.240959,0.00021,0.029361
AACCTGTCACGGAATT-1,0.000022,0.000022,0.381883,0.618028,0.000022,0.000022
AACCTTTACGACGTCT-1,0.00006,0.103731,0.79885,0.086255,0.00006,0.011045
AACGAAAGTCGTCCCA-1,0.000026,0.000026,0.602081,0.392977,0.000026,0.004863
AACGATATGTCAACTG-1,0.000046,0.728663,0.085914,0.100875,0.038657,0.045844
AACGCATGATCTGGGT-1,0.000056,0.090987,0.90086,0.007984,0.000056,0.000056
AACGCGAACGGCAACA-1,0.000229,0.000229,0.155973,0.618346,0.224993,0.000229
AACGCTGTTGCTGAAA-1,0.000052,0.000052,0.677554,0.270251,0.052038,0.000052
AACGGACGTACGTATA-1,0.000167,0.000167,0.373406,0.625927,0.000167,0.000167
AACGGCCATCTCCGGT-1,0.000049,0.010468,0.988637,0.000197,0.000599,0.000049
AACGTACTGTGGGTAC-1,0.000045,0.106373,0.838256,0.018759,0.036521,0.000045
AACGTAGTCTACCCAT-1,0.000694,0.000695,0.621201,0.177319,0.199396,0.000695
AACGTCAGACTAGTGG-1,0.00007,0.036959,0.742145,0.218398,0.00007,0.002358
AACGTGATGAAGGACA-1,0.000034,0.03673,0.098717,0.719727,0.144757,0.000034
AACGTGCGAAAGTCTC-1,0.000676,0.000676,0.559493,0.053834,0.362354,0.022967
AACGTTATCAGCACCT-1,0.000342,0.000343,0.35913,0.558595,0.081248,0.000343
AACTACCCGTTTGTCA-1,0.00036,0.00036,0.66286,0.3357,0.00036,0.00036
AACTAGGCTTGGGTGT-1,0.000253,0.000253,0.864409,0.001013,0.11822,0.015851
AACTCAAGTTAATTGC-1,0.000028,0.045193,0.331672,0.594909,0.028171,0.000028
AACTCCAGAGCGTGTT-1,0.000633,0.000633,0.78093,0.002532,0.160233,0.055038
AACTCCTAATCCCATG-1,0.000052,0.006728,0.294381,0.65283,0.042847,0.003163
AACTCGATAAACACGT-1,0.000267,0.000267,0.713695,0.285238,0.000267,0.000267
AACTCGATGGCGCAGT-1,0.000244,0.057881,0.470962,0.276459,0.194209,0.000245
AACTCTCAATAGAGCG-1,0.000032,0.010906,0.016922,0.599099,0.000032,0.373008
AACTCTCAGTGTGCTC-1,0.000061,0.017888,0.692214,0.289647,0.000128,0.000061
AACTGAGGTCAGCGTC-1,0.00004,0.03855,0.582844,0.355963,0.022563,0.00004
AACTGAGTTATACTGA-1,0.000068,0.043134,0.611424,0.316221,0.029085,0.000068
AACTGGGTTCGAGCCG-1,0.000103,0.142362,0.770554,0.086775,0.000103,0.000103
AACTTCTGCGTCTATC-1,0.000901,0.000901,0.827905,0.168491,0.000901,0.000901
AACTTGCCCGTATGCA-1,0.00001,0.00001,0.015397,0.977152,0.00742,0.00001
AACTTGCGTTCTCGCG-1,0.000212,0.000212,0.923815,0.075338,0.000212,0.000212
AACTTTACGGGAGCTT-1,0.000056,0.030456,0.486844,0.240871,0.241717,0.000056
AACTTTCTCGATCATG-1,0.000104,0.000104,0.895094,0.104489,0.000104,0.000104
AAGAAATCACCAGATT-1,0.000112,0.000112,0.999102,0.000449,0.000112,0.000112
AAGAAGGATCAGTTAG-1,0.000212,0.000212,0.52491,0.364756,0.109697,0.000212
AAGACCAAATAACTCA-1,0.000018,0.017023,0.260396,0.692085,0.000744,0.029733
AAGACTAACCCGTTGT-1,0.000398,0.000399,0.985977,0.001594,0.000399,0.011233
AAGACTCACGCCCACT-1,0.000282,0.000282,0.485739,0.050394,0.446641,0.016662
AAGAGATGAATCGGTA-1,0.000007,0.00597,0.029466,0.955837,0.008714,0.000007
AAGAGCTCTTTATCGG-1,0.000089,0.000089,0.947734,0.000354,0.049142,0.002593
AAGAGGATGTACGCGA-1,0.000019,0.034859,0.250405,0.708477,0.000525,0.005715
AAGAGGCATGGATCGC-1,0.000108,0.000108,0.339242,0.181796,0.472429,0.006316
AAGAGGCCCTTTGGAA-1,0.000312,0.000312,0.334214,0.66454,0.000312,0.000312
AAGATGGCACCGGACC-1,0.000042,0.020916,0.858758,0.00017,0.016384,0.10373
AAGATTGGCGGAACGT-1,0.000053,0.039567,0.573877,0.386397,0.000053,0.000053
AAGCCGAAGCGGTTTA-1,0.000161,0.000161,0.352846,0.64651,0.000161,0.000161
AAGCCGCCGTGAAATC-1,0.000086,0.000086,0.821846,0.119063,0.053945,0.004973
AAGCCGCTTTACCTTG-1,0.000069,0.030082,0.895956,0.073755,0.000069,0.000069
AAGCCGGAGAGCAGGA-1,0.000249,0.000249,0.862656,0.000995,0.135602,0.000249
AAGCGGAGTGCGCGCA-1,0.000033,0.076488,0.104573,0.000133,0.000285,0.818489
AAGCGGCGTCATGGGT-1,0.000057,0.000057,0.817023,0.126347,0.000057,0.056458
AAGCGTCCCTCATCGA-1,0.000029,0.043753,0.220431,0.717267,0.000029,0.018492
AAGCTCGTGCCAAGTC-1,0.000355,0.000355,0.265591,0.552218,0.181127,0.000355
AAGGAGCGGTTGGTGC-1,0.000503,0.000503,0.001005,0.214864,0.782623,0.000503
AAGGATCGATCGCTTG-1,0.000014,0.000014,0.031039,0.967517,0.000014,0.001402
AAGGATGAGGGACCTC-1,0.000059,0.089274,0.651967,0.25276,0.000059,0.005881
AAGGCAGGCTGTCTCC-1,0.000422,0.000422,0.822814,0.118088,0.000422,0.057832
AAGGCGCGTAAAGCTT-1,0.000029,0.002289,0.599367,0.398257,0.000029,0.000029
AAGGCTGTGCTCATCG-1,0.000082,0.004251,0.416569,0.072264,0.502798,0.004036
AAGGGAACGACTGGCT-1,0.000037,0.07347,0.705216,0.142702,0.078538,0.000037
AAGGGACAGATTCTGT-1,0.000054,0.045256,0.404832,0.520393,0.029411,0.000054
AAGGGACTATGCATTC-1,0.000071,0.001201,0.882812,0.104629,0.011217,0.000071
AAGGGTTTGATTTCAG-1,0.000092,0.021263,0.711623,0.23293,0.015009,0.019083
AAGGTATCCTAATATA-1,0.000014,0.888909,0.028208,0.082843,0.000014,0.000014
AAGGTGATAAACCAGC-1,0.000173,0.017612,0.186817,0.667365,0.127859,0.000173
AAGTAAGCTTCCAAAC-1,0.000386,0.000386,0.275704,0.398696,0.296731,0.028097
AAGTAGAAGACCGGGT-1,0.000066,0.000066,0.747211,0.252524,0.000066,0.000066
AAGTAGTGACGCGAGG-1,0.000005,0.000824,0.006578,0.984519,0.000005,0.008069
AAGTCAATTGTCGTCA-1,0.000178,0.000178,0.588485,0.410803,0.000178,0.000178
AAGTCTAGTAGCTGCC-1,0.000332,0.000332,0.997342,0.001329,0.000332,0.000332
AAGTCTTCTGTGGCCT-1,0.000118,0.000118,0.999049,0.000471,0.000118,0.000128
AAGTGACGACCGAATT-1,0.000023,0.040163,0.508326,0.417612,0.014828,0.019048
AAGTGAGTCGGGTTTA-1,0.000157,0.050827,0.94807,0.00063,0.000158,0.000158
AAGTGCAAAGGTAGAC-1,0.000048,0.058321,0.817472,0.109577,0.014535,0.000048
AAGTGCCTTGACTGTA-1,0.000238,0.103369,0.894964,0.000953,0.000238,0.000238
AAGTGCGTTAGAATCT-1,0.00004,0.001638,0.421135,0.577108,0.00004,0.00004
AAGTTCACTCCAAGCT-1,0.000199,0.000199,0.491579,0.470007,0.037817,0.000199
AAGTTCAGTCTGCGTA-1,0.000077,0.000077,0.72286,0.271016,0.000077,0.005893
AAGTTCGGCCAACAGG-1,0.000036,0.064932,0.764775,0.163801,0.000036,0.00642
AAGTTGTGATGTTATA-1,0.000312,0.000312,0.82779,0.001246,0.170028,0.000312
AATAACAACGCTCGGC-1,0.000017,0.021708,0.242336,0.735362,0.000017,0.000561
AATAACACTAGAACAA-1,0.000027,0.043822,0.334038,0.61923,0.002857,0.000027
AATAATCTTCGTATCG-1,0.000127,0.041185,0.537905,0.420527,0.000127,0.000127
AATACAATGTTTCAGG-1,0.00002,0.00002,0.112137,0.887783,0.00002,0.00002
AATACCGGAGGGCTGT-1,0.000063,0.028169,0.541086,0.270687,0.034258,0.125737
AATAGAACAGAGTGGC-1,0.000095,0.007512,0.791048,0.190536,0.010714,0.000095
AATAGAATCTGTTTCA-1,0.000139,0.000139,0.731401,0.14209,0.093502,0.032729
AATAGCAAGCCTCCTG-1,0.000036,0.008887,0.297888,0.693118,0.000036,0.000036
AATAGCTACCGCGTGC-1,0.000046,0.000046,0.654985,0.342025,0.000046,0.002852
AATAGTCCGTCCCGAC-1,0.000286,0.000286,0.99765,0.001207,0.000286,0.000286
AATAGTCGCGAGTCGG-1,0.00031,0.00031,0.586843,0.349511,0.062716,0.00031
AATATCAAGGTCGGAT-1,0.000292,0.000292,0.989576,0.00117,0.000292,0.008376
AATATCCTAGCAAACT-1,0.000446,0.000447,0.996428,0.001786,0.000447,0.000447
AATATCGAATCAATGC-1,0.000308,0.000308,0.827001,0.171768,0.000308,0.000308
AATATCGAGGGTTCTC-1,0.000048,0.000048,0.549874,0.407771,0.002218,0.04004
AATATTGGAGTATTGA-1,0.000007,0.001321,0.025298,0.973359,0.000007,0.000007
AATCAGACTGCAGGAC-1,0.000658,0.000658,0.886297,0.002632,0.109096,0.000658
AATCATGTAAAGACTC-1,0.000241,0.000241,0.376,0.623036,0.000241,0.000241
AATCCATGCAAGGGTG-1,0.000578,0.000578,0.739546,0.258141,0.000578,0.000578
AATCGCCTCAGCGCCA-1,0.000266,0.085708,0.158027,0.142116,0.613617,0.000266
AATCGCGCAGAGGACT-1,0.000036,0.000036,0.504639,0.495216,0.000036,0.000036
AATCTAGGTTTACTTG-1,0.000035,0.018499,0.693572,0.287824,0.000035,0.000035
AATCTATGCCGGAGCC-1,0.000043,0.000043,0.388303,0.608244,0.000043,0.003324
AATCTCTACTGTGGTT-1,0.000847,0.000848,0.796493,0.200117,0.000848,0.000848
AATCTGCGTTGGGACG-1,0.000035,0.010334,0.305093,0.641702,0.000035,0.0428
AATCTGGCTTTCTAGT-1,0.000029,0.000029,0.439049,0.560833,0.000029,0.000029
AATCTGGGTAGACCCT-1,0.00013,0.00013,0.993616,0.00052,0.005474,0.00013
AATGACAGCAATGTCT-1,0.000036,0.063504,0.321435,0.614953,0.000036,0.000036
AATGACGTAGGATGTC-1,0.000304,0.000304,0.762858,0.119814,0.116416,0.000304
AATGACTGTCAGCCGG-1,0.000379,0.000379,0.793007,0.205478,0.000379,0.000379
AATGAGTTCGCATATG-1,0.00098,0.000981,0.992155,0.003923,0.000981,0.000981
AATGATGATACGCTAT-1,0.000041,0.051135,0.753514,0.000165,0.007589,0.187556
AATGATGCGACTCCTG-1,0.000047,0.187884,0.667469,0.073352,0.000047,0.071201
AATGCACCAAGCAATG-1,0.000034,0.006449,0.268418,0.72503,0.000034,0.000034
AATGGCCGCCAATGCG-1,0.000049,0.010002,0.988703,0.001148,0.000049,0.000049
AATGGTCCACCGTTCA-1,0.000006,0.000006,0.000012,0.999964,0.000006,0.000006
AATGGTTCTCACAAGC-1,0.000465,0.000465,0.718743,0.279396,0.000465,0.000465
AATGTATGGCACTGTA-1,0.000043,0.016147,0.723772,0.178392,0.081602,0.000043
AATGTGCCCGAGGTGT-1,0.000063,0.027957,0.678968,0.163462,0.000063,0.129487
AATGTGCTAATCTGAG-1,0.000094,0.000094,0.781438,0.16395,0.047875,0.00655
AATTAAAGGTCGGCGT-1,0.000029,0.529592,0.16248,0.285668,0.005896,0.016336
AATTACGAGACCCATC-1,0.000026,0.000026,0.129472,0.870426,0.000026,0.000026
AATTACTCGTACGCTC-1,0.000157,0.000157,0.774762,0.224609,0.000157,0.000157
AATTCATAAGGGATCT-1,0.00007,0.030117,0.901201,0.013912,0.044439,0.01026
AATTCATTGTCATGCA-1,0.00006,0.00006,0.99867,0.000988,0.000162,0.00006
AATTCCAACTTGGTGA-1,0.000699,0.0007,0.901421,0.095781,0.0007,0.000699
AATTGAACGCTCTGGT-1,0.000119,0.006965,0.46085,0.515557,0.016392,0.000119
AATTGCAGCAATCGAC-1,0.000426,0.000426,0.015367,0.001703,0.981653,0.000426
AATTGCGTGGATTACA-1,0.000046,0.059998,0.931114,0.008751,0.000046,0.000046
AATTGTGGTTGCCAAA-1,0.000676,0.000676,0.8001,0.002703,0.195169,0.000676
AATTTGGGACATAGTA-1,0.000088,0.000088,0.853969,0.130309,0.015459,0.000088
ACAAACCATGCGTCCT-1,0.000029,0.033433,0.653529,0.283906,0.029074,0.000029
ACAAAGAAGGTAGGCC-1,0.00009,0.102172,0.510849,0.38671,0.00009,0.00009
ACAAAGCATGACCTAG-1,0.000725,0.000725,0.741376,0.002899,0.25355,0.000725
ACAAATCGCACCGAAT-1,0.00006,0.00006,0.550904,0.371031,0.077884,0.00006
ACAAATGGTAGTGTTT-1,0.000166,0.037176,0.387904,0.559133,0.015456,0.000166
ACAAATTCAGATCTGA-1,0.000037,0.035646,0.381707,0.568868,0.013704,0.000037
ACAACGGTCCCTGCGA-1,0.000181,0.00909,0.69535,0.295018,0.000181,0.000181
ACAAGCAGTGCCTAGC-1,0.000007,0.006551,0.000635,0.989163,0.002909,0.000734
ACAAGCTATATGGAAG-1,0.000103,0.000103,0.865506,0.080769,0.053416,0.000103
ACAAGGACAAGAGGTT-1,0.000013,0.029969,0.139195,0.586587,0.014392,0.229845
ACAAGGATGCTTTAGG-1,0.000324,0.000324,0.467983,0.530722,0.000324,0.000324
ACAAGGCCTACCAGCC-1,0.000058,0.031256,0.766614,0.175366,0.026647,0.000058
ACAAGGGCAGGCTCTG-1,0.000175,0.000175,0.901836,0.085441,0.012199,0.000175
ACAATAGTCGTACGTT-1,0.000034,0.019974,0.689748,0.290175,0.000034,0.000034
ACAATCCATTTAAACC-1,0.000016,0.098299,0.355697,0.537194,0.005715,0.003078
ACAATGAATACGGAGA-1,0.00004,0.117441,0.519009,0.247536,0.055899,0.060075
ACAATGATTCTTCTAC-1,0.000062,0.022938,0.805924,0.170953,0.000062,0.000062
ACAATTGTGTCTCTTT-1,0.000279,0.000279,0.611677,0.387209,0.000279,0.000279
ACAATTTAGGAGGCTC-1,0.000087,0.000087,0.674778,0.30904,0.015922,0.000087
ACAATTTGAGCAGTGG-1,0.00008,0.033487,0.341323,0.561238,0.063792,0.00008
ACAATTTGGCCATATT-1,0.000855,0.000855,0.754194,0.242387,0.000855,0.000855
ACACAAATATTCCTAG-1,0.000035,0.016443,0.896762,0.08669,0.000035,0.000035
ACACACCAGGACCAGT-1,0.000321,0.000321,0.826526,0.084369,0.088143,0.000321
ACACATGATCAAATCT-1,0.000035,0.042252,0.945839,0.008226,0.003613,0.000035
ACACATTGACGCAACA-1,0.000265,0.000265,0.441781,0.417673,0.058806,0.08121
ACACCACATAATTAGC-1,0.000009,0.001363,0.001053,0.997558,0.000009,0.000009
ACACCCAGCATGCAGC-1,0.000125,0.031252,0.564555,0.233148,0.170793,0.000125
ACACCCGAGAAATCCG-1,0.000114,0.000114,0.673072,0.326473,0.000114,0.000114
ACACCCGTAAATCTGT-1,0.000046,0.000046,0.786697,0.198614,0.014551,0.000046
ACACCGAGCGCTCTTT-1,0.000296,0.000296,0.766301,0.232515,0.000296,0.000296
ACACCGGTCTGACCGC-1,0.000044,0.003852,0.899661,0.08933,0.00707,0.000044
ACACCTTAAGTAGGGC-1,0.000012,0.000012,0.008021,0.975576,0.016367,0.000012
ACACCTTACTACTTGC-1,0.000033,0.000033,0.501278,0.498588,0.000033,0.000033
ACACGGGAACTTAGGG-1,0.000084,0.265381,0.515983,0.110587,0.070548,0.037416
ACACGTAGGCCACAAG-1,0.000389,0.000389,0.89072,0.001557,0.106556,0.000389
ACACTCCAATGTCACT-1,0.000256,0.000256,0.53882,0.460154,0.000256,0.000256
ACACTGATCAAGGTGT-1,0.000154,0.033327,0.786695,0.158347,0.021323,0.000154
ACACTGGGACAGTCGT-1,0.000238,0.000238,0.998095,0.000953,0.000238,0.000238
ACAGAACTGAGAACAA-1,0.000029,0.034387,0.811713,0.153814,0.000029,0.000029
ACAGCGACATTCTCAT-1,0.00101,0.00101,0.991917,0.004042,0.00101,0.00101
ACAGCGCACCCGCAGC-1,0.000077,0.200848,0.770949,0.000309,0.027739,0.000077
ACAGGAGGCGCAGCCG-1,0.000334,0.000335,0.271519,0.322191,0.405287,0.000335
ACAGGCTTGCCCGACT-1,0.000054,0.000054,0.520449,0.479333,0.000054,0.000054
ACAGGTGGAGGTGAGG-1,0.000055,0.112055,0.632077,0.043398,0.21236,0.000055
ACAGGTGTGTTGTTGC-1,0.000167,0.000167,0.411462,0.587869,0.000167,0.000167
ACAGTAATACAACTTG-1,0.000035,0.019474,0.577291,0.000141,0.000035,0.403024
ACAGTATACCGTGGGA-1,0.00006,0.024107,0.711003,0.048415,0.00006,0.216355
ACAGTGCAGCGCATTT-1,0.000483,0.133952,0.424416,0.440182,0.000483,0.000483
ACATAAGTCGTGGTGA-1,0.000043,0.000043,0.997086,0.002741,0.000043,0.000043
ACATCAGCTGGGACGC-1,0.000018,0.000018,0.238262,0.543524,0.000018,0.21816
ACATCCCGGCCATACG-1,0.000037,0.099325,0.203296,0.697269,0.000037,0.000037
ACATCCTGGTAACTGT-1,0.000147,0.000147,0.652504,0.258021,0.085399,0.003781
ACATCGGTCAGCCGCG-1,0.000034,0.044464,0.748328,0.110637,0.000034,0.096502
ACATCGTATGCAATGG-1,0.000361,0.000361,0.819171,0.168837,0.010909,0.000361
ACATGGCGCCAAAGTA-1,0.000008,0.000008,0.042265,0.94286,0.014851,0.000008
ACATGGCTCAATTTAG-1,0.000228,0.000228,0.300965,0.698124,0.000228,0.000228
ACCAAACACCCAGCGA-1,0.000052,0.000052,0.791963,0.203789,0.000052,0.004093
ACCAACACCACACACT-1,0.00004,0.062371,0.772803,0.164706,0.00004,0.00004
ACCAACCGCACTCCAC-1,0.000476,0.000476,0.676052,0.161242,0.161277,0.000476
ACCACAACTCAGAACA-1,0.000037,0.000037,0.559744,0.412345,0.02355,0.004288
ACCACAAGTTTCTATC-1,0.000073,0.000073,0.369797,0.489598,0.134739,0.00572
ACCACCAATGTAACAA-1,0.000022,0.000022,0.232141,0.76777,0.000022,0.000022
ACCACCCTCTCTTCTA-1,0.00005,0.00005,0.944418,0.055382,0.00005,0.00005
ACCACTGTTCAAGAAG-1,0.000209,0.000209,0.862221,0.045417,0.091735,0.000209
ACCAGACCATAACAAC-1,0.000185,0.000185,0.783951,0.21531,0.000185,0.000185
ACCAGTGCCCGGTCAA-1,0.000065,0.000065,0.987546,0.012195,0.000065,0.000065
ACCAGTGCGGGAGACG-1,0.000125,0.068952,0.38702,0.468768,0.000125,0.075009
ACCATCCGCCAACTAG-1,0.000071,0.022074,0.865932,0.093484,0.010539,0.007901
ACCATCGTATATGGTA-1,0.000057,0.040726,0.654572,0.293971,0.010617,0.000057
ACCATTAAGGGTGTCA-1,0.000242,0.032453,0.568828,0.397994,0.000242,0.000242
ACCCAACGCCCGTGGC-1,0.000047,0.08742,0.54941,0.343022,0.013675,0.006425
ACCCACCTACATGCTC-1,0.000026,0.006393,0.235099,0.752734,0.005723,0.000026
ACCCATCTTGAGGGTA-1,0.000043,0.013355,0.438611,0.517111,0.030837,0.000043
ACCCATTTGTCCCTCT-1,0.000649,0.00065,0.918727,0.002598,0.076727,0.00065
ACCCGAGCGAAATTAC-1,0.000054,0.000054,0.645267,0.354517,0.000054,0.000054
ACCCGGAGCACCACAA-1,0.000344,0.000344,0.874363,0.001375,0.114243,0.009332
ACCCGGATGACGCATC-1,0.000015,0.000015,0.189458,0.810482,0.000015,0.000015
ACCCGGTTACACTTCC-1,0.000021,0.590637,0.291587,0.098233,0.000021,0.0195
ACCCTATAGGACTGAG-1,0.000885,0.000885,0.992919,0.003541,0.000885,0.000885
ACCCTATGCCATATCG-1,0.000061,0.05686,0.722992,0.09153,0.128497,0.000061
ACCCTCCCTTGCTATT-1,0.000235,0.000235,0.570831,0.378608,0.049857,0.000235
ACCCTGGTAACGCCCT-1,0.000056,0.000056,0.916729,0.058596,0.000056,0.024508
ACCCTTGCCTGGGTCG-1,0.000061,0.015163,0.771875,0.212778,0.000061,0.000061
ACCCTTTAGTTCTCCA-1,0.000209,0.104625,0.812935,0.00522,0.04404,0.032971
ACCGAAGAGTCTGGTT-1,0.000052,0.024951,0.732606,0.242286,0.000052,0.000052
ACCGATAGGCATAACC-1,0.000376,0.000376,0.528647,0.349628,0.120597,0.000376
ACCGATATTTAATCAT-1,0.000565,0.000565,0.904343,0.00226,0.091702,0.000565
ACCGATGGTAGCATCG-1,0.000032,0.000032,0.063708,0.624343,0.013733,0.298151
ACCGCGGTGGAAGTCG-1,0.000154,0.054608,0.738248,0.206681,0.000154,0.000154
ACCGGGCCTTTGTTGA-1,0.000199,0.000199,0.946261,0.052942,0.000199,0.000199
ACCGGTCAGGTACACC-1,0.00004,0.04375,0.95167,0.00016,0.004339,0.00004
ACCGGTCTGAGTACGG-1,0.000033,0.029832,0.03434,0.935728,0.000033,0.000033
ACCGTCCACTGGGCCC-1,0.000062,0.000062,0.946349,0.01904,0.028307,0.00618
ACCGTGACCACGTGGG-1,0.000069,0.000069,0.755056,0.244667,0.000069,0.000069
ACCTAAGTACCTTTCA-1,0.000069,0.001586,0.825098,0.112072,0.061106,0.000069
ACCTAATCGACTTCCT-1,0.00001,0.00009,0.109906,0.849396,0.037242,0.003355
ACCTACAGTATGTGGT-1,0.000024,0.028224,0.208041,0.680467,0.083219,0.000024
ACCTCCGCCCTCGCTG-1,0.00051,0.00051,0.849063,0.148896,0.00051,0.00051
ACCTCCGTTATTCACC-1,0.000026,0.000026,0.189945,0.809952,0.000026,0.000026
ACCTCGAACTTATGCT-1,0.000056,0.054288,0.804929,0.061811,0.005545,0.073371
ACCTGCGTGTCATGTT-1,0.000033,0.05008,0.804165,0.145656,0.000033,0.000033
ACGAAATGGGCGGCAC-1,0.000006,0.000006,0.0417,0.958276,0.000006,0.000006
ACGACCCATGAGTTGC-1,0.000279,0.000279,0.997771,0.001115,0.000279,0.000279
ACGACTGGTCATACTC-1,0.000063,0.000063,0.358188,0.400432,0.241192,0.000063
ACGAGAACCCATCACG-1,0.000144,0.016614,0.491205,0.491749,0.000144,0.000144
ACGAGATATTTGCTTA-1,0.000097,0.030762,0.899467,0.004572,0.065006,0.000097
ACGAGGATACCACTCT-1,0.000027,0.099743,0.307729,0.57244,0.020035,0.000027
ACGAGGTTTACAACGT-1,0.000043,0.045585,0.392164,0.562121,0.000043,0.000043
ACGAGTACGGATGCCC-1,0.000019,0.056949,0.190942,0.740894,0.009908,0.001288
ACGAGTCGCCGGCGTT-1,0.000178,0.000178,0.768189,0.231099,0.000178,0.000178
ACGATACATAGAACTA-1,0.000043,0.243031,0.724777,0.017433,0.008059,0.006656
ACGATACCTATCCTGA-1,0.000341,0.000341,0.700919,0.297715,0.000341,0.000341
ACGATCATCTTGTAAA-1,0.000011,0.000015,0.015662,0.98069,0.002028,0.001594
ACGATGCATATGTTAT-1,0.000029,0.030735,0.363772,0.591588,0.013846,0.000029
ACGCAAACTAATAGAT-1,0.000062,0.001134,0.87185,0.000255,0.126638,0.000062
ACGCAATCACTACAGC-1,0.000044,0.000044,0.543918,0.455907,0.000044,0.000044
ACGCATAAATGACATG-1,0.000041,0.042587,0.589499,0.367791,0.000041,0.000041
ACGCATACGTTTACTA-1,0.000053,0.001132,0.458196,0.529027,0.008723,0.002869
ACGCCTGACACGCGCT-1,0.001124,0.001124,0.542277,0.341696,0.112656,0.001124
ACGCGCTACACAGGGT-1,0.000025,0.042347,0.286795,0.667272,0.000025,0.003536
ACGCGTTTCTTAAGAG-1,0.000149,0.000149,0.056318,0.943087,0.000149,0.000149
ACGCTAGTATCAGTGC-1,0.00007,0.111718,0.869947,0.018125,0.00007,0.00007
ACGCTAGTGATACACT-1,0.000045,0.026555,0.424013,0.547084,0.000045,0.002258
ACGCTGTGAGGCGTAG-1,0.000041,0.000041,0.316972,0.667507,0.015397,0.000041
ACGGAATTTAGCAAAT-1,0.000461,0.000461,0.499312,0.424889,0.074416,0.000461
ACGGAGCGCAAATTAC-1,0.000052,0.000052,0.993668,0.006122,0.000052,0.000052
ACGGCCAACATGGACT-1,0.000026,0.501484,0.44991,0.000105,0.048449,0.000026
ACGGCGGGTTGCCCTG-1,0.000515,0.000516,0.706689,0.002062,0.289702,0.000516
ACGGCTGGATGTAGAA-1,0.000057,0.000057,0.869828,0.129945,0.000057,0.000057
ACGGGAGTGTCGGCCC-1,0.000051,0.043105,0.881254,0.075487,0.000051,0.000051
ACGGGCGTATGCGACA-1,0.000064,0.000064,0.860107,0.139636,0.000064,0.000064
ACGGGTCATGTGACTT-1,0.000083,0.034726,0.491379,0.473645,0.000083,0.000083
ACGTATTACTCCGATC-1,0.000014,0.009829,0.019663,0.970467,0.000014,0.000014
ACGTCGGGCAACTCGG-1,0.000019,0.012056,0.18994,0.794503,0.000019,0.003463
ACGTCTCGTTCCGGGA-1,0.000417,0.000417,0.814701,0.183632,0.000417,0.000417
ACGTGACAAAGTAAGT-1,0.000061,0.000061,0.943698,0.056056,0.000061,0.000061
ACGTTAGATTTGCCCG-1,0.000037,0.060795,0.23044,0.649907,0.058784,0.000037
ACGTTATTGGTCACTC-1,0.000617,0.000617,0.635543,0.158204,0.2044,0.000617
ACGTTCGCAATCAATT-1,0.000035,0.000035,0.272985,0.583196,0.143712,0.000035
ACGTTCGTTCAGGAAA-1,0.000062,0.04818,0.940307,0.002025,0.009364,0.000062
ACGTTCTGTACAAGTC-1,0.000599,0.000599,0.870927,0.032365,0.094911,0.000599
ACTAAGGACGCACACC-1,0.000053,0.02921,0.872593,0.012549,0.000053,0.085541
ACTAATACGTCAGGCG-1,0.000032,0.029285,0.255577,0.620528,0.094546,0.000033
ACTACATCCCGACAAG-1,0.000033,0.002651,0.692996,0.304255,0.000033,0.000033
ACTACCAGCTCTCTGG-1,0.000026,0.000026,0.377405,0.62249,0.000026,0.000026
ACTAGTTGCGATCGTC-1,0.000806,0.17101,0.823343,0.003227,0.000807,0.000807
ACTATATGCTGTGTTC-1,0.000067,0.000067,0.857355,0.132055,0.000067,0.010391
ACTATCCAGGGCATGG-1,0.00001,0.00001,0.028147,0.968588,0.000133,0.003112
ACTATCGCCGGCTAAA-1,0.000402,0.000402,0.711065,0.217546,0.070184,0.000402
ACTATCTGCCCGCGTA-1,0.000397,0.000397,0.996825,0.001588,0.000397,0.000397
ACTATGTCCAGCTGCC-1,0.000054,0.000054,0.964396,0.035388,0.000054,0.000054
ACTATTTCCGGGCCCA-1,0.000095,0.000095,0.909852,0.077435,0.012429,0.000095
ACTCAACGAATGTATT-1,0.000173,0.000173,0.21972,0.35267,0.031056,0.396208
ACTCAAGTGCAAGGCT-1,0.000117,0.000117,0.268786,0.696641,0.024883,0.009456
ACTCAGACCTGCTTCT-1,0.000139,0.00014,0.43026,0.561152,0.00014,0.008169
ACTCCAATATCATCAT-1,0.00006,0.214513,0.713518,0.059507,0.012341,0.00006
ACTCCCATTCCTAAAG-1,0.000032,0.000032,0.691701,0.302322,0.000032,0.005882
ACTCCCGAATTCGTTT-1,0.000016,0.000016,0.03531,0.964626,0.000016,0.000016
ACTCCCGTAGACTAGG-1,0.000054,0.000054,0.991815,0.00797,0.000054,0.000054
ACTCGATGTATTTCAT-1,0.000265,0.000265,0.997877,0.001061,0.000265,0.000265
ACTCGCGATCTGACGC-1,0.000571,0.000572,0.579426,0.153365,0.265495,0.000572
ACTCGTAACCCGTCCT-1,0.00003,0.00003,0.668187,0.331694,0.00003,0.00003
ACTCGTCAGTAATCCC-1,0.000115,0.000115,0.339086,0.056178,0.604391,0.000115
ACTCTAAACCTGGGAT-1,0.000465,0.000465,0.897022,0.001861,0.099721,0.000465
ACTCTCTGACTTAGGT-1,0.000541,0.000541,0.613293,0.366568,0.000541,0.018518
ACTCTCTTATACACGA-1,0.000103,0.022521,0.911309,0.031563,0.034402,0.000103
ACTCTTCAGCTCCCGC-1,0.000034,0.002043,0.621956,0.375901,0.000034,0.000034
ACTGAAACGCCGTTAG-1,0.000546,0.000547,0.479976,0.517838,0.000547,0.000547
ACTGAATGGCGAAAGT-1,0.000182,0.000182,0.858831,0.14044,0.000182,0.000182
ACTGCCCGCCATTCTC-1,0.000412,0.000412,0.986909,0.001647,0.000412,0.01021
ACTGCGGACACACCGT-1,0.000027,0.000027,0.270343,0.729549,0.000027,0.000027
ACTGCTCGGAAGGATG-1,0.000043,0.032704,0.521115,0.442153,0.000043,0.003941
ACTGGCGAACCTGCGT-1,0.000055,0.054572,0.856003,0.06319,0.000055,0.026126
ACTGTACGATACACAT-1,0.000096,0.000096,0.253763,0.693365,0.052583,0.000096
ACTGTAGCACTTTGGA-1,0.000134,0.000134,0.50624,0.399696,0.046903,0.046893
ACTGTATACGCGAGCA-1,0.00017,0.00017,0.998637,0.000682,0.00017,0.00017
ACTGTGCTAGTAGATC-1,0.000178,0.047384,0.130485,0.821597,0.000178,0.000178
ACTTACCGGGCGCGCA-1,0.000198,0.000198,0.998415,0.000792,0.000198,0.000198
ACTTAGTACGACAAGA-1,0.000131,0.000131,0.522724,0.476753,0.000131,0.000131
ACTTATACTTACCCGG-1,0.000043,0.000043,0.119907,0.633568,0.052879,0.19356
ACTTATCTGATCTATA-1,0.000538,0.000538,0.787171,0.210678,0.000538,0.000538
ACTTATTTATGTGCCA-1,0.000337,0.000337,0.87703,0.121623,0.000337,0.000337
ACTTCAGGCTGATCCC-1,0.000209,0.000209,0.368219,0.630944,0.000209,0.000209
ACTTCCAGTGGAAGCT-1,0.000037,0.0375,0.588623,0.084398,0.001923,0.287519
ACTTCCATGCGGGACA-1,0.000309,0.000309,0.821061,0.12044,0.026576,0.031305
ACTTCCTGTCGTGCGA-1,0.000122,0.000122,0.839627,0.096289,0.045408,0.018431
ACTTCGCCATACGCAC-1,0.000082,0.17099,0.768947,0.059818,0.000082,0.000082
ACTTCGCTAGCGAGTG-1,0.000056,0.000056,0.438601,0.561173,0.000056,0.000056
ACTTGGGACCCGGTGG-1,0.000893,0.000893,0.857939,0.003572,0.13581,0.000893
ACTTGTAGTCCCTTCA-1,0.000056,0.000056,0.997911,0.001865,0.000056,0.000056
ACTTGTGGATGGAACG-1,0.000467,0.000467,0.996261,0.00187,0.000467,0.000467
ACTTTACCCTCATGAA-1,0.00001,0.00001,0.029261,0.969935,0.00001,0.000774
ACTTTGACTGCATCCT-1,0.000106,0.000106,0.951943,0.047633,0.000106,0.000106
ACTTTGGTCGTGCTCC-1,0.000063,0.000063,0.999492,0.000254,0.000063,0.000063
ACTTTGTCGACGCACT-1,0.000379,0.000379,0.530627,0.428726,0.03951,0.000379
AGAAATTATGACTCGC-1,0.00021,0.00021,0.998319,0.000841,0.00021,0.00021
AGAACCCAGCGTGACA-1,0.000826,0.000827,0.65202,0.321094,0.000827,0.024407
AGAACCCTCAATTGGG-1,0.000037,0.000037,0.963967,0.035886,0.000037,0.000037
AGAACGTGGTACATTC-1,0.000056,0.135573,0.798104,0.012522,0.000056,0.053688
AGAAGAGCGCCGTTCC-1,0.000621,0.000621,0.441267,0.395563,0.072072,0.089856
AGAAGGTACACTTCAC-1,0.000045,0.084473,0.895897,0.019496,0.000045,0.000045
AGAAGGTTGCCGAATT-1,0.000036,0.105534,0.464333,0.19712,0.232942,0.000036
AGAAGTGATTCGTGAT-1,0.000053,0.078469,0.802231,0.11914,0.000053,0.000053
AGAATAAATCTTCAGG-1,0.00003,0.00003,0.473424,0.526458,0.00003,0.00003
AGAATGCGGGTTCGGA-1,0.000051,0.000051,0.999591,0.000205,0.000051,0.000051
AGAATTATGGATTCGA-1,0.000024,0.031445,0.28949,0.660692,0.018326,0.000024
AGAATTGTTTGACATA-1,0.0001,0.006419,0.114255,0.879026,0.0001,0.0001
AGACAGCTCAGAATCC-1,0.000176,0.061986,0.871318,0.000703,0.065641,0.000176
AGACAGGCATCTCAGC-1,0.000055,0.000055,0.27356,0.726222,0.000055,0.000055
AGACCAAACCACACCT-1,0.000019,0.008596,0.498095,0.493253,0.000019,0.000019
AGACCATGGGATACAA-1,0.000205,0.000205,0.720443,0.216936,0.062005,0.000205
AGACCGCTCCGCGGTT-1,0.000231,0.000231,0.762713,0.236363,0.000231,0.000231
AGACCGGGAAACCCTG-1,0.000024,0.000024,0.734674,0.265232,0.000024,0.000024
AGACGAAGTGCCGGTC-1,0.000581,0.000582,0.995348,0.002326,0.000582,0.000582
AGACGACGATGCCGCT-1,0.000056,0.000056,0.719378,0.280398,0.000056,0.000056
AGACGCCCACTTCGCC-1,0.000209,0.021383,0.977153,0.000837,0.000209,0.000209
AGACGGGCCGATTTAA-1,0.000086,0.000086,0.924655,0.075002,0.000086,0.000086
AGACTAGCCTTCCAGA-1,0.000526,0.000526,0.216942,0.097311,0.684168,0.000526
AGACTGTTACCGGGTC-1,0.000078,0.000079,0.423099,0.34422,0.232446,0.000079
AGAGAACCGTCTAGGA-1,0.000071,0.061901,0.651667,0.201899,0.084391,0.000071
AGAGAAGGAGTACAAT-1,0.000046,0.04051,0.677676,0.224201,0.000046,0.057521
AGAGATCTCTAAAGCG-1,0.000008,0.004065,0.109175,0.886735,0.000008,0.000008
AGAGCAGTTATGAGAC-1,0.000015,0.012336,0.128373,0.762625,0.001913,0.094738
AGAGCCGCCGAGATTT-1,0.000806,0.000807,0.797889,0.003227,0.196465,0.000807
AGAGCGCTTGTAACGG-1,0.000137,0.000137,0.8011,0.198351,0.000137,0.000137
AGAGCGTACAAGCTCG-1,0.000185,0.000185,0.301815,0.697444,0.000185,0.000185
AGAGCTACGAAAGCAT-1,0.000039,0.017467,0.18288,0.717023,0.082553,0.000039
AGAGGCTTCGGAAACC-1,0.00029,0.00029,0.507754,0.491087,0.00029,0.00029
AGAGGGACAATTGTCC-1,0.000073,0.065406,0.903646,0.00052,0.030281,0.000073
AGAGTAAACTTCACTA-1,0.000233,0.000233,0.532666,0.197614,0.269022,0.000233
AGAGTATAGTGTTACG-1,0.001471,0.001471,0.762253,0.231864,0.001471,0.001471
AGAGTGAACAGACACC-1,0.000053,0.027168,0.868867,0.016949,0.08691,0.000053
AGAGTTAGAGACCGAT-1,0.000062,0.000062,0.397491,0.388554,0.213768,0.000062
AGAGTTGCAGGCCTCC-1,0.000054,0.006451,0.825528,0.015734,0.11182,0.040413
AGATAACTTCAGGGCC-1,0.000072,0.000072,0.63487,0.127909,0.237005,0.000072
AGATACCAATAGAACC-1,0.000133,0.079052,0.000267,0.847257,0.073158,0.000133
AGATACCAGCACTTCA-1,0.000061,0.084252,0.915322,0.000243,0.000061,0.000061
AGATACCGGTGTTCAC-1,0.000039,0.017209,0.610055,0.31722,0.000039,0.055438
AGATACGACTTCATAT-1,0.000109,0.000109,0.818577,0.180986,0.000109,0.000109
AGATACTCAAGATCGA-1,0.000053,0.03566,0.404736,0.559445,0.000053,0.000053
AGATCGTGCATAAGAT-1,0.000045,0.032229,0.910327,0.057308,0.000045,0.000045
AGATCTCAGGTGTGAT-1,0.000136,0.047215,0.399002,0.553376,0.000136,0.000136
AGATGAGGGTTGCGAT-1,0.000055,0.000055,0.405251,0.594528,0.000055,0.000055
AGATGATGGAGTCTGG-1,0.000009,0.000009,0.01022,0.989743,0.000009,0.000009
AGATGCAAGACGTGCA-1,0.000025,0.095104,0.261168,0.643654,0.000025,0.000025
AGATGCATCCTGTGTC-1,0.00005,0.016182,0.983466,0.000201,0.00005,0.00005
AGATGCTATAACGAGC-1,0.000054,0.037946,0.064895,0.879421,0.01763,0.000054
AGATTCAAGCGGGTCG-1,0.000065,0.033591,0.87739,0.088824,0.000065,0.000065
AGATTCACAACCGATA-1,0.000023,0.049826,0.853216,0.096889,0.000023,0.000023
AGCAACATATCTTATT-1,0.000019,0.000019,0.24869,0.737864,0.013387,0.000019
AGCAACCGAAAGTAAT-1,0.00005,0.00005,0.508388,0.49141,0.00005,0.00005
AGCACACGTTTAGACT-1,0.000386,0.043797,0.75705,0.197994,0.000386,0.000386
AGCACTACCGGCCTGT-1,0.00001,0.00001,0.014353,0.985608,0.00001,0.00001
AGCACTTAAGGACGCC-1,0.000025,0.018492,0.026145,0.659478,0.000629,0.295232
AGCAGCCAGATGAATA-1,0.000078,0.000078,0.999378,0.000311,0.000078,0.000078
AGCATATCAATATGCT-1,0.000448,0.000449,0.871756,0.057239,0.06966,0.000449
AGCATCATTTCGAAAG-1,0.000022,0.002839,0.310602,0.686493,0.000022,0.000022
AGCATCGTCGATAATT-1,0.000159,0.000159,0.473403,0.505854,0.020265,0.000159
AGCCACAGGTTACCCG-1,0.000377,0.000377,0.895834,0.055708,0.037324,0.010379
AGCCACTCCCGTGCTT-1,0.000045,0.253356,0.583526,0.150591,0.000045,0.012438
AGCCCATACATGTAAG-1,0.000018,0.073369,0.185485,0.736614,0.000018,0.004495
AGCCCGGCATTAGAGG-1,0.000051,0.027574,0.129716,0.842558,0.000051,0.000051
AGCCCGGTAGCCTGTA-1,0.000155,0.000155,0.936649,0.003196,0.05969,0.000155
AGCCCTCCCTGGTGGC-1,0.000146,0.014819,0.807585,0.055039,0.000146,0.122264
AGCCCTGTCGCACCGT-1,0.000113,0.000113,0.094918,0.867371,0.037373,0.000113
AGCCCTTCTAATCCGA-1,0.000057,0.000057,0.648988,0.350783,0.000057,0.000057
AGCCCTTGGACATCCC-1,0.000407,0.000407,0.987379,0.001626,0.009775,0.000407
AGCCGCAAATTCAAAT-1,0.00019,0.00019,0.815359,0.183881,0.00019,0.00019
AGCCGCTTGATTAGCG-1,0.000311,0.048921,0.380591,0.569557,0.000311,0.000311
AGCCGTGGCTAAATGT-1,0.000028,0.004798,0.571842,0.423277,0.000028,0.000028
AGCCTAATACCCACGT-1,0.000033,0.000033,0.53587,0.463997,0.000033,0.000033
AGCCTTAAAGCGGAAG-1,0.000165,0.000165,0.998677,0.000661,0.000165,0.000165
AGCGACAGGAACGGTC-1,0.000034,0.062256,0.19367,0.738304,0.005704,0.000034
AGCGATGCGCCTAATA-1,0.001,0.001,0.666111,0.004001,0.326887,0.001
AGCGCATAATGAATCG-1,0.000412,0.000412,0.689218,0.309136,0.000412,0.000412
AGCGCGGGTGCCAATG-1,0.000066,0.011946,0.987591,0.000265,0.000066,0.000066
AGCGCTAGAGCGATGT-1,0.00006,0.00006,0.529553,0.403129,0.067138,0.00006
AGCGCTTATGGGCAAG-1,0.000206,0.000206,0.99835,0.000825,0.000206,0.000206
AGCGGCGGTTAGCGGT-1,0.00003,0.00003,0.953213,0.046668,0.00003,0.00003
AGCGGGAAGGGTCCAT-1,0.000054,0.019959,0.478555,0.496459,0.000054,0.00492
AGCGGTTGAGATGTAC-1,0.000282,0.000283,0.524152,0.44238,0.025428,0.007475
AGCGGTTGCCGCTCTG-1,0.00005,0.006485,0.501853,0.488753,0.00005,0.002808
AGCGTACGAGAGCTAG-1,0.000198,0.000198,0.710839,0.173559,0.115008,0.000198
AGCGTAGCGCTAGACC-1,0.000315,0.000316,0.395256,0.521026,0.082772,0.000316
AGCGTCTGAACCCGCA-1,0.000218,0.000218,0.185906,0.798301,0.015138,0.000218
AGCGTTCCGATTTAAA-1,0.000086,0.06095,0.828809,0.012053,0.098015,0.000086
AGCTAACAAGCAATGT-1,0.000056,0.000056,0.739062,0.222688,0.038083,0.000056
AGCTAAGTACGCAGGC-1,0.000263,0.000263,0.967351,0.008648,0.000263,0.023211
AGCTAGAAGCAGAAGT-1,0.000057,0.000057,0.967252,0.000226,0.019643,0.012766
AGCTCCATATATGTTC-1,0.000292,0.000292,0.99766,0.00117,0.000292,0.000292
AGCTCCTTCGCACATC-1,0.000055,0.000055,0.602241,0.397539,0.000055,0.000055
AGCTCGTTGATGGAAA-1,0.000031,0.033617,0.61956,0.346729,0.000031,0.000031
AGCTCTAGACGTTCCA-1,0.000971,0.000971,0.602558,0.13254,0.261989,0.000971
AGCTCTTCCCAGTGCA-1,0.00007,0.00007,0.982584,0.017135,0.00007,0.00007
AGCTCTTCGTAACCTT-1,0.000012,0.004012,0.024573,0.95894,0.012452,0.000012
AGCTCTTTACTCAGTT-1,0.000023,0.629705,0.229519,0.132804,0.007926,0.000023
AGCTGAAGTAAACCAA-1,0.000042,0.06653,0.891888,0.041455,0.000042,0.000042
AGCTGCATTTGAGGTG-1,0.000065,0.000065,0.871882,0.005673,0.122249,0.000065
AGCTGCTGTGCCGAAT-1,0.000073,0.000073,0.958129,0.025016,0.002688,0.01402
AGCTGTAACCTCAATC-1,0.00003,0.068551,0.550537,0.00012,0.003938,0.376825
AGCTTGATCTTAACTT-1,0.000016,0.059329,0.147278,0.793344,0.000016,0.000016
AGGAAAGCCTCTGATG-1,0.000461,0.000461,0.917257,0.001844,0.079517,0.000461
AGGAACGAACGACTTC-1,0.000455,0.000455,0.759744,0.130762,0.10813,0.000455
AGGACAGTCGAATCCC-1,0.000127,0.000127,0.699047,0.300445,0.000127,0.000127
AGGACATCGCACGTCG-1,0.000069,0.000069,0.458711,0.541013,0.000069,0.000069
AGGACGACCCATTAGA-1,0.000033,0.066889,0.473645,0.458086,0.000033,0.001312
AGGACGCTCGATGTTG-1,0.000041,0.011116,0.213373,0.775388,0.000041,0.000041
AGGACTTATAGGAGAA-1,0.000281,0.000281,0.74799,0.250886,0.000281,0.000281
AGGAGACATCCACAGT-1,0.000057,0.000706,0.678675,0.320448,0.000057,0.000057
AGGAGAGTCTGGCTAC-1,0.000806,0.000807,0.673077,0.323696,0.000807,0.000807
AGGAGGCCTTCGCGCG-1,0.000235,0.000235,0.79673,0.202328,0.000235,0.000235
AGGATATAGGGATTTA-1,0.000161,0.000161,0.465385,0.184817,0.349315,0.000161
AGGATCACGCGATCTG-1,0.000041,0.043203,0.956513,0.000162,0.000041,0.000041
AGGATTGCTTACGACA-1,0.000035,0.035716,0.569824,0.366662,0.027728,0.000035
AGGCAAAGAGGAATCA-1,0.000329,0.000329,0.627835,0.019435,0.351743,0.000329
AGGCAATACGGAGGAC-1,0.000526,0.000526,0.436229,0.432892,0.129299,0.000526
AGGCACGTGACTGTCC-1,0.000085,0.000085,0.824597,0.137331,0.037817,0.000085
AGGCAGATGCGTAAAC-1,0.000044,0.142854,0.650623,0.206393,0.000044,0.000044
AGGCAGGGAGCGTACT-1,0.000249,0.000249,0.987689,0.000998,0.000249,0.010564
AGGCATTGTCGTAGGG-1,0.000239,0.000239,0.642934,0.356109,0.000239,0.000239
AGGCCACATTGGTTAC-1,0.025,0.025003,0.050009,0.849983,0.025003,0.025002
AGGCCACCCGTTATGA-1,0.00001,0.000186,0.04497,0.899994,0.00001,0.05483
AGGCCCAGTGACTGGT-1,0.000222,0.000222,0.96821,0.030901,0.000222,0.000222
AGGCCCTAGAACGCCA-1,0.000022,0.074119,0.727395,0.19594,0.000022,0.002503
AGGCCTGAGAATCTCG-1,0.000794,0.000794,0.761055,0.003176,0.233388,0.000794
AGGCGATAACTGGCGT-1,0.000279,0.000279,0.920658,0.001115,0.000279,0.077392
AGGCGGTTTGTCCCGC-1,0.000033,0.038697,0.714207,0.2453,0.000033,0.001731
AGGCGTCTATGGACGG-1,0.000046,0.000046,0.540475,0.459339,0.000046,0.000046
AGGCTATGGTTAGCTT-1,0.000015,0.01245,0.09012,0.897384,0.000015,0.000015
AGGCTTCCCGAAGAAG-1,0.000055,0.000055,0.91546,0.000221,0.084153,0.000055
AGGCTTGCTAGACACC-1,0.00006,0.00006,0.792215,0.207545,0.00006,0.00006
