Barcode,Topic 1,Topic 2,Topic 3,Topic 4,Topic 5,Topic 6,Topic 7,Topic 8
AAACAACGAATAGTTC-1,0.000078,0.161481,0.045621,0.06993,0.000078,0.006842,0.417208,0.298762
AAACAAGTATCTCCCA-1,0.228212,0.705909,0.05986,0.001204,0.001204,0.001204,0.001204,0.001204
AAACAATCTACTAGCA-1,0.258654,0.119764,0.410007,0.178066,0.015771,0.000076,0.000076,0.017585
AAACACCAATAACTGC-1,0.667975,0.000349,0.000349,0.000349,0.109762,0.000349,0.22052,0.000349
AAACAGCTTTCAGAAG-1,0.562415,0.062515,0.062511,0.06251,0.062507,0.06252,0.062513,0.062509
AAACAGGGTCTATATT-1,0.490596,0.012523,0.012526,0.012523,0.012532,0.012516,0.434256,0.012527
AAACATTTCCCGGATT-1,0.085941,0.000159,0.064199,0.316184,0.042233,0.374576,0.11655,0.000159
AAACCACTACACAGAT-1,0.721957,0.001149,0.001149,0.27115,0.001149,0.001149,0.001149,0.001149
AAACCCGAACGAAATC-1,0.001099,0.001098,0.432565,0.560844,0.001098,0.001098,0.001098,0.001099
AAACCGGAAATGTTAA-1,0.108733,0.000557,0.631887,0.000557,0.000556,0.000557,0.256597,0.000557
AAACCGGGTAGGTACC-1,0.031298,0.000165,0.00431,0.006064,0.000394,0.000008,0.558942,0.398819
AAACCGTTCGTCCAGG-1,0.486008,0.000478,0.284129,0.000478,0.000478,0.062902,0.16505,0.000478
AAACCTAAGCAGCCGG-1,0.889089,0.068211,0.042306,0.000079,0.000079,0.000079,0.000079,0.000079
AAACCTCATGAAGTTG-1,0.401248,0.006689,0.374988,0.048489,0.00005,0.00005,0.163358,0.005128
AAACGAAGAACATACC-1,0.025305,0.010083,0.863575,0.066509,0.012661,0.000028,0.018233,0.003606
AAACGAAGATGGAGTA-1,0.012524,0.91235,0.01252,0.012522,0.012527,0.01252,0.012517,0.012521
AAACGACAGTCTTGCC-1,0.332366,0.000515,0.000515,0.427597,0.000515,0.000515,0.23746,0.000515
AAACGAGACGGTTGAT-1,0.000593,0.938348,0.058091,0.000593,0.000593,0.000593,0.000594,0.000594
AAACGCTGGGCACGAC-1,0.287527,0.015261,0.634226,0.062799,0.000047,0.000047,0.000047,0.000047
AAACGGGCGTACGGGT-1,0.35902,0.000134,0.253936,0.386373,0.000134,0.000134,0.000134,0.000134
AAACGGGTTGGTATCC-1,0.054863,0.092331,0.230316,0.379977,0.03649,0.000045,0.177258,0.02872
AAACGTGTTCGCCCTA-1,0.747051,0.001278,0.245283,0.001278,0.001278,0.001278,0.001278,0.001278
AAACTCGGTTCGCAAT-1,0.008109,0.671219,0.019172,0.012977,0.198659,0.00005,0.007067,0.082747
AAACTCGTGATATAAG-1,0.66429,0.000914,0.145428,0.000914,0.000914,0.000914,0.185711,0.000914
AAACTGCTGGCTCCAA-1,0.017015,0.008401,0.484123,0.053943,0.050157,0.000027,0.205438,0.180897
AAACTTGCAAACGTAT-1,0.265646,0.000027,0.183711,0.033511,0.001252,0.000027,0.356699,0.159128
AAAGAATGTGGACTAA-1,0.031289,0.20577,0.248606,0.031842,0.039547,0.000037,0.285997,0.15691
AAAGACCCAAGTCGCG-1,0.0002,0.218618,0.0002,0.062871,0.0002,0.0002,0.496581,0.22113
AAAGACTGGGCGCTTT-1,0.185867,0.002838,0.21259,0.302661,0.00003,0.00003,0.211305,0.08468
AAAGCTTGCCTACATA-1,0.642145,0.000068,0.190133,0.054595,0.000068,0.000068,0.092764,0.02016
AAAGGCTACGGACCAT-1,0.106859,0.458673,0.032064,0.012847,0.105973,0.000047,0.033408,0.250128
AAAGGCTCTCGCGCCG-1,0.028245,0.04756,0.495258,0.022641,0.052973,0.000026,0.188529,0.164767
AAAGGGATGTAGCAAG-1,0.022046,0.079386,0.244298,0.225992,0.004462,0.000109,0.202141,0.221567
AAAGGGCAGCTTGAAT-1,0.179801,0.273282,0.068317,0.377657,0.000104,0.000104,0.000104,0.100631
AAAGTAGCATTGCTCA-1,0.909149,0.00003,0.00003,0.00003,0.01125,0.00003,0.078077,0.001403
AAAGTCACTGATGTAA-1,0.286953,0.013805,0.327089,0.151578,0.077558,0.000059,0.118879,0.024078
AAAGTCGACCCTCAGT-1,0.364294,0.000033,0.191991,0.04201,0.000033,0.000033,0.331613,0.069992
AAAGTGCCATCAATTA-1,0.036115,0.065084,0.034522,0.002413,0.010448,0.000064,0.447693,0.40366
AAAGTGTGATTTATCT-1,0.120668,0.001473,0.001473,0.870492,0.001473,0.001473,0.001473,0.001473
AAAGTTGACTCCCGTA-1,0.001318,0.001318,0.691148,0.300944,0.001318,0.001318,0.001318,0.001318
AAATAAGGTAGTGCCC-1,0.446134,0.35546,0.007416,0.188111,0.00072,0.00072,0.00072,0.00072
AAATACCTATAAGCAT-1,0.019198,0.101826,0.345223,0.144157,0.043276,0.000055,0.077442,0.268822
AAATAGCTTAGACTTT-1,0.027926,0.000333,0.62908,0.341328,0.000333,0.000333,0.000333,0.000333
AAATAGGGTGCTATTG-1,0.672922,0.000572,0.000572,0.323647,0.000572,0.000572,0.000572,0.000572
AAATCCGATACACGCC-1,0.043181,0.056341,0.000022,0.000022,0.02147,0.000022,0.481287,0.397655
AAATCGCGGAAGGAGT-1,0.20517,0.000028,0.000028,0.000028,0.000028,0.000028,0.79466,0.000028
AAATCTAGCCCTGCTA-1,0.001265,0.001265,0.601327,0.391084,0.001265,0.001265,0.001264,0.001265
AAATGATTCGATCAGC-1,0.598013,0.001648,0.392101,0.001648,0.001647,0.001647,0.001648,0.001648
AAATGCTCGTTACGTT-1,0.000362,0.000362,0.000362,0.08472,0.000362,0.000362,0.165991,0.747479
AAATGGCATGTCTTGT-1,0.042215,0.002123,0.879979,0.000035,0.04183,0.000035,0.030709,0.003073
AAATGGCCCGTGCCCT-1,0.50022,0.000311,0.203213,0.29501,0.000311,0.000311,0.000311,0.000311
AAATGGTCAATGTGCC-1,0.014435,0.226543,0.014569,0.129224,0.032673,0.00003,0.36577,0.216756
AAATGTATCTTATCCC-1,0.073632,0.000038,0.162267,0.006524,0.017773,0.000038,0.732439,0.00729
AAATGTGGGTGCTCCT-1,0.607446,0.094541,0.227366,0.070167,0.00012,0.00012,0.00012,0.00012
AAATTAACGGGTAGCT-1,0.103497,0.069343,0.3383,0.242616,0.019274,0.000059,0.01286,0.214051
AAATTAATAAGCGCGA-1,0.165187,0.000162,0.248942,0.123995,0.000162,0.000162,0.378826,0.082564
AAATTACCTATCGATG-1,0.175882,0.000128,0.266745,0.405146,0.101262,0.000128,0.000128,0.05058
AAATTCCAGGTCCAAA-1,0.27522,0.369214,0.105316,0.248428,0.000455,0.000455,0.000455,0.000455
AAATTGATAGTCCTTT-1,0.663488,0.110968,0.161269,0.063337,0.000234,0.000234,0.000234,0.000234
AAATTGCGGCGGTTCT-1,0.104708,0.234038,0.483189,0.000526,0.000526,0.000526,0.17596,0.000526
AAATTGGTGAGAAGCA-1,0.860109,0.00144,0.00144,0.00144,0.131254,0.001439,0.001439,0.00144
AAATTTGCGGGTGTGG-1,0.713731,0.092403,0.151227,0.042323,0.000065,0.000065,0.000065,0.00012
AACAACTGGTAGTTGC-1,0.242536,0.124557,0.279095,0.067354,0.132349,0.000065,0.043756,0.110288
AACAATTACTCTACGC-1,0.499624,0.159296,0.156687,0.073312,0.030414,0.000044,0.02231,0.058313
AACACACGCTCGCCGC-1,0.113957,0.00043,0.086757,0.134795,0.00043,0.00043,0.140097,0.523103
AACACGACTGTACTGA-1,0.027137,0.001934,0.734784,0.168291,0.001305,0.000041,0.032774,0.033734
AACACGAGACGCGGCC-1,0.575136,0.005781,0.201161,0.023664,0.093272,0.000036,0.100914,0.000036
AACACGCGGCCGCGAA-1,0.022225,0.046311,0.466942,0.246456,0.000069,0.000069,0.210983,0.006944
AACAGCTGTGTGGCAA-1,0.73652,0.002123,0.250746,0.002123,0.002122,0.002122,0.002122,0.002123
AACAGGAAATCGAATA-1,0.036753,0.029499,0.796792,0.028434,0.024948,0.000037,0.059443,0.024094
AACAGGATGGGCCGCG-1,0.316297,0.187146,0.16961,0.326664,0.000071,0.000071,0.000071,0.000071
AACAGGTAGTATGGAT-1,0.00101,0.716306,0.277635,0.00101,0.00101,0.00101,0.00101,0.00101
AACATATCAACTGGTG-1,0.4317,0.001361,0.001361,0.560134,0.001361,0.001361,0.001361,0.001361
AACATCGATACGTCTA-1,0.473741,0.000326,0.107651,0.033123,0.000326,0.000326,0.291204,0.093302
AACATTGGTCAGCCGT-1,0.000818,0.507939,0.343926,0.000818,0.000818,0.000818,0.144043,0.000819
AACCAAGACTTCTCTG-1,0.373155,0.062538,0.287237,0.214516,0.000051,0.000051,0.054022,0.008431
AACCATGGGATCGCTA-1,0.000864,0.8161,0.000864,0.000864,0.000864,0.000864,0.178718,0.000864
AACCCAGAGACGGAGA-1,0.01578,0.025805,0.220536,0.009036,0.005891,0.000101,0.643285,0.079566
AACCCATCCCATGATC-1,0.912396,0.012512,0.012513,0.012513,0.012518,0.012508,0.012523,0.012516
AACCCGAGCAGAATCG-1,0.043642,0.259853,0.001747,0.62196,0.000803,0.070391,0.000803,0.000803
AACCCTACTGTCAATA-1,0.087413,0.12518,0.054594,0.119986,0.004013,0.000057,0.465744,0.143012
AACCCTGGTGGAACCA-1,0.000013,0.028665,0.358281,0.053676,0.021453,0.034782,0.415458,0.087672
AACCGAGCTTGGTCAT-1,0.00003,0.015774,0.121609,0.073373,0.020002,0.00003,0.239098,0.530085
AACCGCTAAGGGATGC-1,0.183376,0.001061,0.650973,0.160345,0.001061,0.001061,0.001061,0.001061
AACCGTTGTGTTTGCT-1,0.000066,0.085467,0.715917,0.1669,0.000066,0.000066,0.020865,0.010655
AACCTCGCTTTAGCCC-1,0.796799,0.000075,0.014949,0.000075,0.185426,0.000075,0.002528,0.000075
AACCTGTCACGGAATT-1,0.4475,0.00033,0.00033,0.00033,0.298447,0.00033,0.197914,0.054817
AACCTTTAAATACGGT-1,0.048411,0.000032,0.597472,0.007921,0.25589,0.000032,0.081295,0.008947
AACGAAAGTCGTCCCA-1,0.755922,0.000266,0.000266,0.000266,0.000266,0.000266,0.208145,0.034604
AACGACCTCCTAGCCG-1,0.17371,0.105957,0.553201,0.166647,0.000121,0.000121,0.000121,0.000121
AACGATAATGCCGTAG-1,0.128169,0.306362,0.378114,0.000895,0.000894,0.000894,0.000894,0.183778
AACGATAGAAGGGCCG-1,0.484012,0.248825,0.195498,0.069136,0.000632,0.000632,0.000632,0.000632
AACGCATGATCTGGGT-1,0.464771,0.150618,0.37498,0.001927,0.001926,0.001926,0.001926,0.001927
AACGCGAACGGCAACA-1,0.186283,0.134132,0.000623,0.623796,0.000623,0.000623,0.053296,0.000623
AACGCGGTCTCCAGCC-1,0.00002,0.000372,0.028095,0.014963,0.005055,0.00002,0.443445,0.508031
AACGCTGTTGCTGAAA-1,0.226129,0.000338,0.285303,0.000338,0.463814,0.000337,0.023404,0.000338
AACGGACGTACGTATA-1,0.202239,0.013033,0.065381,0.039338,0.000256,0.000256,0.234317,0.445181
AACGGCCATCTCCGGT-1,0.893457,0.000473,0.098029,0.000473,0.006152,0.000472,0.000473,0.000473
AACGTACTGTGGGTAC-1,0.701608,0.003385,0.278083,0.003385,0.003384,0.003384,0.003385,0.003385
AACGTAGTCTACCCAT-1,0.298194,0.075821,0.260442,0.046473,0.000131,0.000131,0.314934,0.003874
AACGTCAGACTAGTGG-1,0.284116,0.134296,0.011201,0.490048,0.000082,0.000082,0.000082,0.080091
AACGTCGCTGCACTTC-1,0.000092,0.250317,0.29811,0.368656,0.017757,0.000092,0.000092,0.064883
AACGTGCGAAAGTCTC-1,0.000053,0.001773,0.081095,0.609987,0.000053,0.000053,0.079403,0.227584
AACGTTATCAGCACCT-1,0.043988,0.027151,0.093635,0.057249,0.004878,0.000016,0.641831,0.131254
AACGTTCTACCATTGT-1,0.051718,0.023261,0.541557,0.056267,0.000293,0.000108,0.293102,0.033694
AACTACCCGTTTGTCA-1,0.000489,0.239862,0.433927,0.323764,0.000489,0.000489,0.000489,0.000489
AACTAGCGTATCGCAC-1,0.582109,0.000066,0.358612,0.026055,0.03296,0.000066,0.000066,0.000066
AACTAGGCTTGGGTGT-1,0.032839,0.140564,0.336872,0.126487,0.026039,0.000039,0.236432,0.10073
AACTCAAGTTAATTGC-1,0.115045,0.000103,0.23882,0.645622,0.000103,0.000103,0.000103,0.000103
AACTCCAGAGCGTGTT-1,0.000692,0.000692,0.287743,0.708107,0.000692,0.000692,0.000692,0.000692
AACTCGATAAACACGT-1,0.038231,0.095945,0.386851,0.434083,0.000035,0.000035,0.014308,0.030513
AACTCGATGGCGCAGT-1,0.090067,0.06707,0.093536,0.409876,0.000663,0.000663,0.337463,0.000663
AACTCTCAATAGAGCG-1,0.196294,0.001056,0.084201,0.717989,0.000115,0.000115,0.000115,0.000115
AACTCTCAGTGTGCTC-1,0.410704,0.000611,0.29902,0.000611,0.000611,0.000611,0.287221,0.000611
AACTGAGTTATACTGA-1,0.075686,0.009517,0.443883,0.065637,0.000079,0.000079,0.391971,0.013147
AACTGATATTAGGCCT-1,0.048703,0.020867,0.813557,0.008437,0.001577,0.000038,0.098138,0.008684
AACTGGGTCCCGACGT-1,0.018057,0.005832,0.604688,0.033962,0.006116,0.000028,0.193074,0.138242
AACTGGTGTGGGCCTT-1,0.963348,0.000061,0.000061,0.000061,0.000061,0.000061,0.036287,0.000061
AACTTCTGCGTCTATC-1,0.145792,0.115529,0.410719,0.298855,0.000052,0.000052,0.006938,0.022063
AACTTGCCCGTATGCA-1,0.408504,0.1761,0.209044,0.051853,0.099559,0.000061,0.05087,0.004009
AACTTGCGTTCTCGCG-1,0.498376,0.002277,0.487962,0.002277,0.002276,0.002276,0.002277,0.002277
AACTTTACGGGAGCTT-1,0.112389,0.00032,0.132575,0.65778,0.00032,0.00032,0.095974,0.00032
AACTTTAGCTGCTGAG-1,0.999191,0.000116,0.000116,0.000116,0.000116,0.000116,0.000116,0.000116
AACTTTCTCGATCATG-1,0.691926,0.000113,0.114,0.094565,0.000113,0.000113,0.099056,0.000113
AAGAAGGATCAGTTAG-1,0.271509,0.211701,0.2352,0.051912,0.00576,0.09061,0.000315,0.132993
AAGACATACGTGGTTT-1,0.001009,0.121763,0.154839,0.263554,0.0002,0.144268,0.092219,0.222149
AAGACCCAACTGAACA-1,0.000501,0.268165,0.443345,0.09816,0.061611,0.000023,0.091993,0.036204
AAGACTAACCCGTTGT-1,0.031786,0.347485,0.367651,0.185241,0.000213,0.000213,0.067197,0.000213
AAGAGATGAATCGGTA-1,0.281894,0.038481,0.24516,0.434182,0.000071,0.000071,0.000071,0.000071
AAGAGCTCTTTATCGG-1,0.001109,0.354993,0.001108,0.638357,0.001108,0.001108,0.001108,0.001108
AAGAGGATGTACGCGA-1,0.525465,0.276801,0.095725,0.085181,0.000076,0.000076,0.000076,0.016599
AAGAGGCATGGATCGC-1,0.119999,0.000505,0.198108,0.498782,0.181091,0.000505,0.000505,0.000505
AAGAGGCCCTTTGGAA-1,0.050325,0.006975,0.449406,0.490142,0.000787,0.000788,0.000788,0.000788
AAGATTGGCGGAACGT-1,0.280458,0.001674,0.064686,0.561949,0.000074,0.000074,0.005219,0.085865
AAGCACCCTGCGTATC-1,0.000029,0.169642,0.280585,0.202993,0.000029,0.010635,0.299854,0.036233
AAGCATACTCTCCTGA-1,0.026181,0.034232,0.81024,0.070795,0.025556,0.000037,0.021052,0.011907
AAGCCGAAGCGGTTTA-1,0.001291,0.001291,0.650991,0.001291,0.107319,0.001291,0.001291,0.235235
AAGCCGCTTTACCTTG-1,0.722646,0.00014,0.00033,0.00014,0.00014,0.00014,0.276327,0.00014
AAGCCGGAGAGCAGGA-1,0.06084,0.392629,0.18662,0.000257,0.025318,0.000257,0.332204,0.001875
AAGCGTCCCTCATCGA-1,0.902304,0.000507,0.000507,0.000507,0.000507,0.000507,0.094654,0.000507
AAGCTAGATCGAGTAA-1,0.027362,0.020907,0.226095,0.121619,0.029509,0.000021,0.142405,0.432082
AAGCTCGTGCCAAGTC-1,0.001669,0.00167,0.00167,0.988313,0.00167,0.001669,0.00167,0.00167
AAGCTCTTTCATGGTG-1,0.2457,0.000696,0.520259,0.230564,0.000696,0.000696,0.000696,0.000696
AAGGAGAACTTATAAG-1,0.065014,0.000054,0.841123,0.004294,0.000054,0.000054,0.087902,0.001505
AAGGAGCGGTTGGTGC-1,0.09354,0.176039,0.05753,0.672034,0.000214,0.000214,0.000214,0.000214
AAGGATCGATCGCTTG-1,0.493605,0.001715,0.320009,0.177811,0.001716,0.001715,0.001714,0.001715
AAGGATGAGGGACCTC-1,0.495484,0.04721,0.016425,0.440298,0.000146,0.000146,0.000146,0.000146
AAGGCAGGCTGTCTCC-1,0.075438,0.000393,0.425885,0.000393,0.143599,0.000393,0.000393,0.353508
AAGGCGCGTAAAGCTT-1,0.137423,0.093217,0.384466,0.207708,0.000055,0.000055,0.041858,0.135219
AAGGCTGTGCTCATCG-1,0.000029,0.057372,0.035065,0.157604,0.000029,0.000029,0.464676,0.285195
AAGGGACAGATTCTGT-1,0.228667,0.074769,0.223335,0.47096,0.000088,0.000088,0.000088,0.002007
AAGGGACTATGCATTC-1,0.509824,0.013912,0.013916,0.013918,0.013916,0.01391,0.40669,0.013915
AAGGGTTAGCCATGCG-1,0.000084,0.066718,0.027332,0.156768,0.000084,0.000084,0.528773,0.220159
AAGGGTTTGATTTCAG-1,0.582259,0.012522,0.012524,0.012524,0.342605,0.012523,0.012522,0.01252
AAGGTGATAAACCAGC-1,0.000209,0.000209,0.000209,0.109927,0.000209,0.000209,0.252119,0.636909
AAGTAAGCTTCCAAAC-1,0.470036,0.000183,0.26305,0.094892,0.000183,0.000183,0.154679,0.016793
AAGTAGAAGACCGGGT-1,0.100807,0.228249,0.181571,0.181583,0.006039,0.000069,0.225187,0.076496
AAGTAGTGACGCGAGG-1,0.339855,0.070217,0.114113,0.475476,0.000085,0.000085,0.000085,0.000085
AAGTCAATTGTCGTCA-1,0.001585,0.555898,0.001585,0.434591,0.001585,0.001585,0.001585,0.001585
AAGTCTAGTAGCTGCC-1,0.857618,0.000113,0.000113,0.000113,0.000113,0.000113,0.141705,0.000113
AAGTCTTCTGTGGCCT-1,0.535076,0.000041,0.000041,0.000041,0.040644,0.000041,0.414482,0.009633
AAGTGACGACCGAATT-1,0.311453,0.069871,0.353274,0.047297,0.029051,0.000044,0.008157,0.180853
AAGTGCAAAGGTAGAC-1,0.14655,0.025648,0.293868,0.249905,0.00006,0.00006,0.28385,0.00006
AAGTGCCTTGACTGTA-1,0.187684,0.126344,0.682551,0.000684,0.000684,0.000684,0.000684,0.000684
AAGTGCGTTAGAATCT-1,0.755715,0.007798,0.099671,0.005702,0.009356,0.000036,0.107184,0.014539
AAGTGTTTGGAGACGG-1,0.065841,0.000287,0.744558,0.006091,0.000287,0.000287,0.10356,0.079091
AAGTTCACTCCAAGCT-1,0.089296,0.126211,0.160719,0.621786,0.000497,0.000497,0.000497,0.000497
AAGTTCAGTCTGCGTA-1,0.602462,0.00202,0.00202,0.173556,0.002019,0.00202,0.002019,0.213885
AAGTTCGGCCAACAGG-1,0.579263,0.044079,0.060674,0.203748,0.053802,0.000073,0.002937,0.055423
AAGTTGTGATGTTATA-1,0.013697,0.145702,0.068712,0.092162,0.00233,0.000143,0.559083,0.11817
AAGTTTACTAATGGCA-1,0.000048,0.000048,0.896755,0.102956,0.000048,0.000048,0.000048,0.000048
AAGTTTATGGGCCCAA-1,0.004029,0.577384,0.013743,0.101327,0.243977,0.000073,0.01045,0.049016
AATAACAACGCTCGGC-1,0.428478,0.061426,0.153469,0.117627,0.00004,0.00004,0.011266,0.227655
AATAACACTAGAACAA-1,0.357893,0.480188,0.003211,0.145869,0.00321,0.003209,0.00321,0.00321
AATAACGTCGCGCCCA-1,0.030856,0.444508,0.287226,0.074371,0.041512,0.000059,0.05318,0.068288
AATAAGTCCTCGAGAC-1,0.000068,0.072708,0.450133,0.085885,0.130479,0.02281,0.195589,0.042329
AATAATCTTCGTATCG-1,0.100712,0.001079,0.325069,0.565398,0.00108,0.001079,0.00108,0.004503
AATACAATGTTTCAGG-1,0.087755,0.056064,0.13603,0.314021,0.000572,0.000029,0.210546,0.194983
AATACCTGATGTGAAC-1,0.01347,0.711606,0.00006,0.002588,0.178968,0.00006,0.028619,0.064628
AATAGAATCTGTTTCA-1,0.000189,0.000189,0.136871,0.221952,0.107513,0.000189,0.098674,0.434422
AATAGCTACCGCGTGC-1,0.530187,0.001527,0.433856,0.028321,0.001527,0.001527,0.001527,0.001527
AATAGTCCGTCCCGAC-1,0.006975,0.019286,0.741614,0.14078,0.000041,0.000041,0.024589,0.066676
AATAGTCGCGAGTCGG-1,0.062926,0.007518,0.317623,0.314547,0.008232,0.000047,0.28906,0.000047
AATATCAAGGTCGGAT-1,0.107335,0.000934,0.07328,0.814713,0.000935,0.000934,0.000934,0.000934
AATATCCTAGCAAACT-1,0.494474,0.000043,0.000043,0.000043,0.061943,0.000043,0.443368,0.000043
AATATCGAATCAATGC-1,0.246431,0.001052,0.001052,0.57678,0.001052,0.001052,0.001052,0.171528
AATATCGAGGGTTCTC-1,0.317442,0.217752,0.001692,0.456345,0.001692,0.001692,0.001692,0.001692
AATATTGGAGTATTGA-1,0.126518,0.055435,0.152768,0.214941,0.080871,0.00004,0.180922,0.188506
AATCAGACTGCAGGAC-1,0.000677,0.108253,0.457653,0.065963,0.000677,0.000677,0.215554,0.150546
AATCATGTAAAGACTC-1,0.00062,0.623007,0.00062,0.046743,0.00062,0.00062,0.00062,0.327149
AATCCAAGGGCCTGAG-1,0.212905,0.017433,0.298592,0.470279,0.000198,0.000198,0.000198,0.000198
AATCCATGCAAGGGTG-1,0.00045,0.04239,0.158812,0.528228,0.00045,0.00045,0.169726,0.099493
AATCGCCTCAGCGCCA-1,0.000121,0.000121,0.000121,0.000121,0.000121,0.000121,0.35855,0.640724
AATCGCGCAGAGGACT-1,0.301187,0.001216,0.001216,0.691519,0.001216,0.001216,0.001216,0.001216
AATCGGGACACTACGA-1,0.130589,0.056853,0.511616,0.058343,0.004477,0.000029,0.211123,0.026969
AATCGGTATAGCCCTC-1,0.000173,0.330636,0.650855,0.017644,0.000173,0.000173,0.000173,0.000173
AATCGTGAGCCGAGCA-1,0.392297,0.022657,0.093364,0.053793,0.0042,0.000061,0.305634,0.127994
AATCTAGGTTTACTTG-1,0.179397,0.000542,0.293296,0.524597,0.000542,0.000542,0.000542,0.000542
AATCTATGCCGGAGCC-1,0.460234,0.002455,0.406364,0.002456,0.002455,0.121124,0.002455,0.002456
AATCTCTACTGTGGTT-1,0.062536,0.06258,0.062554,0.062575,0.062617,0.062551,0.561958,0.062628
AATCTGCGTTGGGACG-1,0.222749,0.007346,0.163607,0.605987,0.000078,0.000078,0.000078,0.000078
AATCTGGCTTTCTAGT-1,0.071725,0.264915,0.308669,0.350481,0.001052,0.001052,0.001053,0.001052
AATGACAGCAATGTCT-1,0.623616,0.090645,0.159399,0.068925,0.057195,0.000073,0.000073,0.000073
AATGACGTAGGATGTC-1,0.000602,0.000602,0.504611,0.491777,0.000602,0.000602,0.000602,0.000602
AATGACTGTCAGCCGG-1,0.000082,0.124712,0.110098,0.007212,0.000082,0.000082,0.484784,0.27295
AATGAGTTCGCATATG-1,0.268755,0.124317,0.135598,0.337774,0.002609,0.002609,0.125729,0.002609
AATGATGATACGCTAT-1,0.481134,0.000342,0.109356,0.389704,0.016365,0.000099,0.000099,0.002901
AATGATGCGACTCCTG-1,0.069807,0.00043,0.00043,0.110604,0.001534,0.00043,0.32952,0.487244
AATGCAACCGGGTACC-1,0.201302,0.000172,0.166795,0.631042,0.000172,0.000172,0.000172,0.000172
AATGCACCAAGCAATG-1,0.573537,0.411732,0.002456,0.002456,0.002455,0.002455,0.002455,0.002455
AATGGCCGCCAATGCG-1,0.374533,0.001626,0.473468,0.001626,0.001626,0.001626,0.143868,0.001626
AATGGTCCACCGTTCA-1,0.041026,0.100773,0.032505,0.028187,0.010876,0.000044,0.687367,0.099221
AATGGTTCTCACAAGC-1,0.000032,0.000032,0.000032,0.000032,0.000032,0.000032,0.392136,0.607672
AATGTGCCCGAGGTGT-1,0.433671,0.000178,0.080799,0.000178,0.484642,0.000178,0.000178,0.000178
AATGTTGTCGTGAGAC-1,0.000107,0.119778,0.385795,0.162788,0.001701,0.000083,0.173741,0.156007
AATTAAAGGTCGGCGT-1,0.431734,0.01397,0.104806,0.448857,0.000158,0.000158,0.000158,0.000158
AATTAACGGATTTCCA-1,0.038188,0.068822,0.733377,0.065082,0.004302,0.00006,0.077286,0.012883
AATTACGAGACCCATC-1,0.753324,0.001869,0.001869,0.001869,0.001869,0.00187,0.235462,0.001869
AATTACTCGTACGCTC-1,0.017158,0.054,0.023445,0.093418,0.000014,0.000014,0.78208,0.02987
AATTAGCGCTGCAGCG-1,0.016141,0.025773,0.584196,0.227535,0.000037,0.000037,0.056509,0.089772
AATTCATAAGGGATCT-1,0.578814,0.275728,0.016249,0.128637,0.000143,0.000143,0.000143,0.000143
AATTCCAACTTGGTGA-1,0.02976,0.019237,0.554661,0.360267,0.000259,0.000259,0.000259,0.035297
AATTCCAAGCATGTAC-1,0.074368,0.058916,0.427639,0.025248,0.151369,0.000161,0.191242,0.071058
AATTCGATTCGAGGAT-1,0.463621,0.296175,0.151736,0.087223,0.000311,0.000311,0.000311,0.000312
AATTCTAGAGTTAGGC-1,0.011073,0.03389,0.764156,0.154104,0.000052,0.000052,0.000052,0.036622
AATTGAACGCTCTGGT-1,0.022296,0.000178,0.113363,0.1102,0.000178,0.000178,0.18066,0.572947
AATTGCAGCAATCGAC-1,0.000181,0.335868,0.214874,0.283191,0.01565,0.007518,0.142538,0.000181
AATTGTGGTTGCCAAA-1,0.312617,0.061071,0.383372,0.151462,0.000361,0.000361,0.000361,0.090395
AATTTGGTTCCAAAGA-1,0.002833,0.008473,0.914231,0.048962,0.000046,0.000046,0.000323,0.025087
ACAAAGAAGGTAGGCC-1,0.344608,0.000798,0.000798,0.41778,0.233625,0.000797,0.000797,0.000797
ACAAAGCATGACCTAG-1,0.06075,0.246752,0.495154,0.194841,0.000626,0.000626,0.000626,0.000626
ACAAATCGCACCGAAT-1,0.133258,0.215715,0.149967,0.351218,0.000199,0.000199,0.000199,0.149244
ACAAATGGTAGTGTTT-1,0.001739,0.001739,0.347134,0.642431,0.001739,0.001739,0.001739,0.001739
ACAACAGCATGAGCTA-1,0.023453,0.000535,0.000535,0.211749,0.000535,0.000535,0.387127,0.37553
ACAACGGTCCCTGCGA-1,0.05758,0.134967,0.10513,0.36607,0.000043,0.003524,0.166479,0.166207
ACAAGCAGTGCCTAGC-1,0.661049,0.035138,0.098431,0.033788,0.000981,0.000029,0.139046,0.031537
ACAAGGAAATCCGCCC-1,0.189101,0.000673,0.567944,0.239589,0.000673,0.000673,0.000673,0.000673
ACAAGGACAAGAGGTT-1,0.235471,0.05642,0.259134,0.441613,0.000043,0.000043,0.000043,0.007234
ACAAGGATGCTTTAGG-1,0.885309,0.000058,0.000058,0.000058,0.000058,0.000058,0.114217,0.000182
ACAAGGGCAGGCTCTG-1,0.133128,0.402727,0.001842,0.454937,0.001842,0.001841,0.001842,0.001842
ACAATAGTCGTACGTT-1,0.867497,0.000035,0.000035,0.000035,0.000035,0.000035,0.132291,0.000035
ACAATCCATTTAAACC-1,0.150925,0.312889,0.122722,0.174044,0.000109,0.000109,0.106579,0.132622
ACAATCGATCTTTATA-1,0.071224,0.000245,0.449912,0.079075,0.060391,0.000104,0.303622,0.035426
ACAATGAATACGGAGA-1,0.617696,0.000236,0.307118,0.000236,0.000236,0.000236,0.074007,0.000236
ACAATTGTGTCTCTTT-1,0.110053,0.001509,0.202096,0.680308,0.001508,0.001509,0.001508,0.00151
ACAATTTAGGAGGCTC-1,0.079607,0.000024,0.000024,0.000024,0.000024,0.000024,0.920251,0.000024
ACAATTTGAGCAGTGG-1,0.093419,0.030581,0.081748,0.267809,0.000058,0.000058,0.276328,0.249999
ACAATTTGGCCATATT-1,0.061403,0.000349,0.000349,0.000349,0.000349,0.000349,0.377864,0.558989
ACACAAAGACGGGTGG-1,0.000266,0.355033,0.172671,0.470966,0.000266,0.000266,0.000266,0.000266
ACACAAATATTCCTAG-1,0.556401,0.000229,0.24148,0.000229,0.000229,0.032029,0.169174,0.000229
ACACACCAGGACCAGT-1,0.001927,0.001927,0.300696,0.687744,0.001927,0.001927,0.001927,0.001927
ACACACTTTCTACACG-1,0.035463,0.02511,0.708233,0.102416,0.000043,0.000043,0.08169,0.047003
ACACATTGACGCAACA-1,0.051797,0.041146,0.149008,0.373138,0.000024,0.000024,0.364701,0.020164
ACACCACATAATTAGC-1,0.684979,0.000835,0.000835,0.103159,0.000835,0.000835,0.000835,0.207688
ACACCCAGCATGCAGC-1,0.191787,0.092438,0.31726,0.397939,0.000144,0.000144,0.000144,0.000144
ACACCCGAGAAATCCG-1,0.060872,0.125087,0.018135,0.132742,0.010549,0.000063,0.311657,0.340895
ACACCGAGCGCTCTTT-1,0.076703,0.000148,0.141904,0.499391,0.000148,0.000148,0.281409,0.000148
ACACCTTAAGTAGGGC-1,0.162835,0.135825,0.19395,0.109991,0.077981,0.000065,0.175296,0.144057
ACACCTTACTACTTGC-1,0.157239,0.001423,0.630491,0.205156,0.001423,0.001422,0.001422,0.001423
ACACGAGACTCCTTCT-1,0.151753,0.015542,0.319171,0.191906,0.000119,0.000119,0.136424,0.184966
ACACGGCACTATGCAT-1,0.000021,0.041519,0.419461,0.242881,0.007272,0.002681,0.162021,0.124144
ACACGTAGGCCACAAG-1,0.001002,0.001002,0.795064,0.068008,0.131918,0.001002,0.001002,0.001002
ACACTCCAATGTCACT-1,0.104175,0.132367,0.149368,0.402388,0.000047,0.000047,0.128773,0.082835
ACACTGGGACAGTCGT-1,0.078404,0.203257,0.000549,0.000549,0.000549,0.000549,0.178018,0.538124
ACAGAACTGAGAACAA-1,0.766007,0.143027,0.000023,0.00814,0.000023,0.000023,0.067377,0.015379
ACAGATTAGGTTAGTG-1,0.102492,0.01232,0.227929,0.056602,0.005192,0.000058,0.281259,0.314147
ACAGCATAGAGCCAGT-1,0.00144,0.00144,0.774348,0.217016,0.00144,0.001439,0.001439,0.00144
ACAGCGACATTCTCAT-1,0.220028,0.173434,0.019838,0.000745,0.000745,0.000745,0.297413,0.28705
ACAGGAGGCGCAGCCG-1,0.020264,0.000172,0.069139,0.231611,0.000034,0.000034,0.671987,0.006759
ACAGGCACGGATCCTT-1,0.37761,0.000963,0.000963,0.616612,0.000963,0.000963,0.000963,0.000963
ACAGGCTTGCCCGACT-1,0.000582,0.310134,0.355544,0.33141,0.000582,0.000582,0.000582,0.000582
ACAGGTGGAGGTGAGG-1,0.867976,0.000659,0.000659,0.000659,0.000659,0.000659,0.12807,0.000659
ACAGTAATACAACTTG-1,0.00202,0.00202,0.653385,0.00202,0.00202,0.002019,0.05009,0.286426
ACAGTATACCGTGGGA-1,0.346425,0.000673,0.000673,0.000673,0.000673,0.649535,0.000673,0.000673
ACAGTGCAGCGCATTT-1,0.425717,0.00167,0.232212,0.00167,0.001669,0.00167,0.00167,0.333723
ACATAAGTCGTGGTGA-1,0.647479,0.000184,0.000184,0.000184,0.000184,0.000184,0.351418,0.000184
ACATAATAAGGCGGTG-1,0.391959,0.017421,0.158171,0.358517,0.000133,0.000133,0.000133,0.073532
ACATACAATCAAGCGG-1,0.067653,0.163382,0.078628,0.214722,0.132098,0.000166,0.177702,0.165649
ACATCAGCTGGGACGC-1,0.000011,0.000011,0.000011,0.000011,0.000011,0.000011,0.974578,0.025358
ACATCCCGGCCATACG-1,0.025784,0.044637,0.695261,0.142394,0.012973,0.000038,0.064967,0.013946
ACATCCTGGTAACTGT-1,0.504527,0.32004,0.016429,0.000401,0.062617,0.000401,0.000401,0.095183
ACATCGATCGTTTACC-1,0.036844,0.028699,0.791929,0.043144,0.000063,0.000063,0.048147,0.051112
ACATCGGTCAGCCGCG-1,0.546813,0.067098,0.199821,0.017569,0.088159,0.000056,0.026596,0.053889
ACATCGTATGCAATGG-1,0.000312,0.000312,0.000312,0.105197,0.000312,0.000312,0.302482,0.59076
ACATCGTTAACCTAGT-1,0.004276,0.002981,0.322168,0.015075,0.004789,0.000019,0.190563,0.460127
ACATCTCAACGCGTAA-1,0.019864,0.335362,0.206732,0.006408,0.094688,0.000078,0.154821,0.182047
ACATGGCGCCAAAGTA-1,0.041389,0.000378,0.000378,0.000378,0.000378,0.000378,0.030164,0.926555
ACATGGCTCAATTTAG-1,0.039314,0.099368,0.08016,0.267164,0.033112,0.000049,0.409994,0.070838
ACATTAGTTTATATCC-1,0.010446,0.049819,0.482863,0.172845,0.095488,0.000028,0.151892,0.036619
ACATTTGAAACCTAAC-1,0.005952,0.627291,0.001352,0.054731,0.128618,0.000069,0.022383,0.159603
ACCAAACTAGAAATCC-1,0.041693,0.090485,0.377147,0.032863,0.154284,0.000106,0.053038,0.250383
ACCAACACCACACACT-1,0.179055,0.00108,0.00108,0.814468,0.001079,0.00108,0.00108,0.001079
ACCAACCGCACTCCAC-1,0.143427,0.604364,0.132026,0.003177,0.000354,0.000354,0.000354,0.115945
ACCAAGAACGCGTGTC-1,0.000159,0.101043,0.679193,0.15849,0.000159,0.000159,0.020813,0.039985
ACCAAGTCATCGGCAG-1,0.287715,0.139385,0.560704,0.009087,0.002746,0.000121,0.000121,0.000121
ACCAATATGCAAGTTA-1,0.627785,0.000291,0.016341,0.354417,0.000291,0.000291,0.000291,0.000291
ACCACAAGTTTCTATC-1,0.031868,0.010802,0.021407,0.068509,0.007794,0.00002,0.40426,0.45534
ACCACCAATGTAACAA-1,0.255671,0.658489,0.001527,0.001527,0.078205,0.001527,0.001527,0.001527
ACCACCCTCTCTTCTA-1,0.348686,0.00018,0.338904,0.020864,0.092969,0.00018,0.148451,0.049766
ACCACGTGCAGCTATA-1,0.001228,0.001228,0.001228,0.991406,0.001228,0.001227,0.001228,0.001228
ACCACTGTTCAAGAAG-1,0.155315,0.018169,0.15502,0.141883,0.000707,0.000015,0.505363,0.023528
ACCAGACCATAACAAC-1,0.558952,0.092161,0.008937,0.022757,0.012755,0.000045,0.211918,0.092476
ACCAGCCCGGTCTTTG-1,0.000246,0.418119,0.26302,0.077596,0.03633,0.000246,0.000247,0.204196
ACCAGGAGTGTGATCT-1,0.119678,0.007731,0.199298,0.004794,0.068952,0.027454,0.54621,0.025882
ACCAGTGCCCGGTCAA-1,0.561771,0.000528,0.257341,0.000528,0.000528,0.000528,0.178246,0.000528
ACCAGTGCGGGAGACG-1,0.000626,0.533832,0.000626,0.000626,0.000626,0.000626,0.000626,0.462411
ACCATATCCGCAATAA-1,0.198431,0.323338,0.026365,0.268347,0.000075,0.000075,0.02591,0.157457
ACCATCCGCCAACTAG-1,0.009633,0.009631,0.009633,0.597608,0.009633,0.00963,0.344598,0.009634
ACCATCGTATATGGTA-1,0.237961,0.115087,0.128771,0.160814,0.024699,0.000059,0.143837,0.188772
ACCATTAAGGGTGTCA-1,0.179132,0.00009,0.398217,0.181953,0.00009,0.00009,0.240339,0.00009
ACCCAACGCCCGTGGC-1,0.655258,0.130111,0.069846,0.077986,0.000059,0.000059,0.001599,0.065083
ACCCACCTACATGCTC-1,0.289224,0.048744,0.128357,0.344078,0.000043,0.000043,0.014465,0.175047
ACCCATCTTGAGGGTA-1,0.233136,0.000357,0.24045,0.001231,0.000145,0.000145,0.442488,0.082049
ACCCATTTGTCCCTCT-1,0.058786,0.263184,0.031955,0.000348,0.000348,0.000348,0.149296,0.495735
ACCCGAGCGAAATTAC-1,0.830544,0.000427,0.000427,0.166892,0.000427,0.000427,0.000427,0.000427
ACCCGGAAACTCCCAG-1,0.025371,0.026279,0.481134,0.122896,0.288784,0.00005,0.004783,0.050702
ACCCGGAGCACCACAA-1,0.227304,0.000623,0.262241,0.411481,0.000623,0.000623,0.000623,0.096482
ACCCGGATGACGCATC-1,0.212357,0.004916,0.251055,0.214257,0.0001,0.0001,0.0001,0.317115
ACCCGGTTACACTTCC-1,0.234367,0.059033,0.07568,0.249311,0.000071,0.120811,0.091574,0.169152
ACCCGTAGTCTAGTTG-1,0.032235,0.00025,0.515813,0.4507,0.00025,0.00025,0.00025,0.00025
ACCCGTGTCATCAGTA-1,0.000116,0.004979,0.858544,0.080478,0.002391,0.000064,0.033701,0.019727
ACCCTATAGGACTGAG-1,0.029171,0.148279,0.129861,0.00046,0.103678,0.00046,0.345562,0.242529
ACCCTCCCGTCAGGGC-1,0.136982,0.000413,0.262171,0.59878,0.000413,0.000413,0.000413,0.000413
ACCCTCCCTTGCTATT-1,0.000567,0.000567,0.180992,0.451914,0.000567,0.000566,0.252231,0.112597
ACCCTGGTAACGCCCT-1,0.389804,0.001565,0.600804,0.001565,0.001566,0.001565,0.001565,0.001565
ACCCTTCATCTGCGAA-1,0.023495,0.000875,0.628701,0.346754,0.000044,0.000044,0.000044,0.000044
ACCGAAAGGGCCCTGC-1,0.89033,0.000088,0.000088,0.000088,0.000088,0.000088,0.109143,0.000088
ACCGAAGAGTCTGGTT-1,0.512189,0.287412,0.000582,0.000582,0.000582,0.000582,0.197487,0.000582
ACCGACACATCTCCCA-1,0.020578,0.147241,0.508054,0.120305,0.037582,0.000026,0.084072,0.082143
ACCGACTGAGTCCCAC-1,0.185338,0.086537,0.407213,0.195914,0.000123,0.000123,0.000123,0.124629
ACCGATAGGCATAACC-1,0.563785,0.371598,0.000596,0.000596,0.000596,0.000596,0.048306,0.013925
ACCGATATTTAATCAT-1,0.087182,0.000222,0.07806,0.000222,0.455295,0.222301,0.156496,0.000222
ACCGATGGTAGCATCG-1,0.144122,0.026752,0.224376,0.536053,0.000113,0.000113,0.000113,0.068358
ACCGCAATAACTGCCT-1,0.400554,0.000835,0.075481,0.519791,0.000835,0.000835,0.000835,0.000835
ACCGCGGTGGAAGTCG-1,0.199825,0.000692,0.000692,0.588087,0.071225,0.000692,0.138095,0.000692
ACCGGGCCTTTGTTGA-1,0.078029,0.000623,0.028703,0.666251,0.224526,0.000623,0.000623,0.000623
ACCGTTCCCGCTCTGA-1,0.003517,0.049033,0.65517,0.154488,0.000028,0.000028,0.100394,0.037342
ACCTAAGTACCTTTCA-1,0.761934,0.026531,0.047851,0.163288,0.000099,0.000099,0.000099,0.000099
ACCTAATCGACTTCCT-1,0.344505,0.022694,0.373584,0.24024,0.000055,0.000055,0.000055,0.018811
ACCTACAGTATGTGGT-1,0.191691,0.001043,0.27766,0.22976,0.001044,0.001043,0.001044,0.296716
ACCTCCGCCCTCGCTG-1,0.17977,0.07193,0.446064,0.010826,0.157365,0.000165,0.133714,0.000165
ACCTCCGTTATTCACC-1,0.054411,0.001527,0.662395,0.275559,0.001527,0.001527,0.001527,0.001527
ACCTGCGTGTCATGTT-1,0.251109,0.000052,0.000052,0.000052,0.054155,0.000052,0.694478,0.000052
ACGAAATGGGCGGCAC-1,0.393532,0.056438,0.222854,0.326928,0.000062,0.000062,0.000062,0.000062
ACGACCCATGAGTTGC-1,0.281435,0.000408,0.569358,0.000408,0.000408,0.000408,0.147168,0.000408
ACGACTCTAGGGCCGA-1,0.03881,0.773395,0.000198,0.000198,0.186804,0.000198,0.000198,0.000198
ACGAGAACCCATCACG-1,0.235211,0.000357,0.345212,0.265596,0.000357,0.082298,0.070614,0.000357
ACGAGGATACCACTCT-1,0.856721,0.000158,0.042109,0.000158,0.022669,0.000157,0.077872,0.000158
ACGAGGTTTACAACGT-1,0.780963,0.031283,0.031283,0.031289,0.031283,0.031278,0.031303,0.03132
ACGAGTACGGATGCCC-1,0.458608,0.002722,0.002723,0.525059,0.002722,0.002722,0.002722,0.002722
ACGAGTCGCCGGCGTT-1,0.013747,0.00166,0.067402,0.539702,0.000014,0.000014,0.365621,0.011841
ACGATACCTATCCTGA-1,0.181428,0.005268,0.214496,0.006667,0.023712,0.000018,0.53343,0.034981
ACGATCATACATAGAG-1,0.366528,0.000183,0.332327,0.151673,0.000183,0.000183,0.000183,0.14874
ACGATCATCTTGTAAA-1,0.291485,0.092463,0.028695,0.006125,0.001535,0.000062,0.411134,0.1685
ACGATGCATATGTTAT-1,0.732575,0.007363,0.000666,0.162883,0.000086,0.000086,0.055261,0.041079
ACGATGGATCCGATGC-1,0.007408,0.008632,0.751191,0.156446,0.021306,0.000033,0.043047,0.011937
ACGCAATCACTACAGC-1,0.15783,0.002363,0.380606,0.449752,0.002363,0.002362,0.002361,0.002362
ACGCATACGTTTACTA-1,0.232352,0.001216,0.415202,0.346366,0.001216,0.001216,0.001216,0.001216
ACGCATTCGTGAGTAC-1,0.053336,0.000614,0.585668,0.002609,0.000614,0.000614,0.000614,0.355932
ACGCCAGATGATTTCT-1,0.005019,0.072319,0.403571,0.203028,0.010065,0.000028,0.213099,0.09287
ACGCCAGTGCGTTTGC-1,0.050752,0.242511,0.573687,0.067021,0.052982,0.000095,0.012857,0.000095
ACGCCCAGCTGTCGAT-1,0.000716,0.000716,0.000716,0.312748,0.270571,0.348688,0.000716,0.065131
ACGCCGCTAGACGACC-1,0.000256,0.086545,0.276021,0.260041,0.000256,0.000256,0.020014,0.356613
ACGCCTGACACGCGCT-1,0.008374,0.052636,0.080129,0.305528,0.000035,0.000035,0.533182,0.020081
ACGCGAAGTCAGACGA-1,0.000012,0.016391,0.137706,0.019996,0.0375,0.000012,0.42862,0.359763
ACGCGCTACACAGGGT-1,0.848785,0.012535,0.026594,0.055728,0.000054,0.000054,0.000056,0.056192
ACGCGGGCCAAGGACA-1,0.043025,0.080925,0.236084,0.639568,0.000099,0.000099,0.000099,0.000099
ACGCGTTTCTTAAGAG-1,0.135726,0.000293,0.000293,0.000293,0.000293,0.000293,0.862514,0.000293
ACGCTACTGAATGGGC-1,0.014975,0.06972,0.523597,0.248001,0.01297,0.012086,0.033482,0.08517
ACGCTAGTGATACACT-1,0.126892,0.001052,0.258133,0.481414,0.001052,0.001052,0.129352,0.001052
ACGCTGTGAGGCGTAG-1,0.272063,0.004638,0.70011,0.004637,0.004636,0.004638,0.004638,0.004639
ACGGAACACGAGTGCC-1,0.033921,0.361834,0.126434,0.076798,0.166841,0.000063,0.011735,0.222373
ACGGAATTTAGCAAAT-1,0.003132,0.244827,0.003131,0.736389,0.00313,0.00313,0.003131,0.003131
ACGGACTCTCAAAGCG-1,0.187526,0.190999,0.089545,0.214135,0.023134,0.000058,0.195925,0.098679
ACGGAGCGCAAATTAC-1,0.540744,0.176499,0.00101,0.277709,0.00101,0.00101,0.00101,0.00101
ACGGATGGTGCGGATA-1,0.234065,0.000666,0.227848,0.534757,0.000666,0.000666,0.000666,0.000666
ACGGCACTTGCTTGGG-1,0.012277,0.0345,0.50794,0.23928,0.000029,0.000029,0.138376,0.06757
ACGGCCAACATGGACT-1,0.000104,0.044591,0.522982,0.053659,0.0004,0.00002,0.306733,0.071512
ACGGCGACGATGGGAA-1,0.101152,0.000141,0.000141,0.000141,0.000141,0.000141,0.090538,0.807605
ACGGCGGGTTGCCCTG-1,0.272257,0.321869,0.203877,0.200264,0.000433,0.000433,0.000433,0.000433
ACGGGAGTGTCGGCCC-1,0.797035,0.000056,0.191482,0.011202,0.000056,0.000056,0.000056,0.000056
ACGGGCGTATGCGACA-1,0.448554,0.000368,0.285862,0.000368,0.263742,0.000368,0.000368,0.000368
ACGGGTCATGTGACTT-1,0.046918,0.062256,0.128917,0.123903,0.000567,0.000015,0.614488,0.022936
ACGGTACAGTTCAATG-1,0.630972,0.260142,0.000547,0.000547,0.000547,0.000547,0.000547,0.106151
ACGTACAGATTTCTCT-1,0.023794,0.012301,0.674598,0.068648,0.048744,0.000038,0.147573,0.024305
ACGTATTACTCCGATC-1,0.330356,0.653659,0.002665,0.002665,0.002664,0.002664,0.002663,0.002664
ACGTCTCGTTCCGGGA-1,0.062519,0.062518,0.062542,0.06256,0.062601,0.0625,0.062617,0.562143
ACGTGACAAAGTAAGT-1,0.562646,0.000084,0.009893,0.000084,0.189056,0.000084,0.235401,0.002751
ACGTGCGCCTCGTGCA-1,0.022629,0.006364,0.635604,0.139353,0.000077,0.000077,0.011758,0.184139
ACGTTAATGTCGAAGA-1,0.000368,0.00864,0.678253,0.271997,0.000368,0.000368,0.000368,0.039638
ACGTTAGATTTGCCCG-1,0.00389,0.032029,0.027188,0.082112,0.000042,0.000042,0.452414,0.402283
ACGTTATTGGTCACTC-1,0.038677,0.006582,0.083646,0.030354,0.000017,0.000017,0.440951,0.399756
ACGTTCCGCGCTCCGT-1,0.316598,0.153946,0.083176,0.08299,0.000103,0.000103,0.294416,0.068667
ACGTTCGCAATCAATT-1,0.000636,0.000636,0.854852,0.141334,0.000636,0.000635,0.000636,0.000636
ACGTTCTGTACAAGTC-1,0.250796,0.000656,0.022517,0.723409,0.000656,0.000655,0.000655,0.000655
ACGTTTAGTTGTGATC-1,0.009604,0.018699,0.311125,0.120135,0.01187,0.000029,0.25296,0.275577
ACGTTTCGGTGCACTT-1,0.000593,0.194266,0.144698,0.503508,0.000594,0.000593,0.155155,0.000594
ACTACCAGCTCTCTGG-1,0.009525,0.010948,0.000027,0.019179,0.000027,0.000027,0.20113,0.759138
ACTACGCGTTAGAATT-1,0.036686,0.009526,0.592139,0.11863,0.077043,0.000027,0.101331,0.064619
ACTAGTTGCGATCGTC-1,0.283615,0.001278,0.703751,0.006245,0.001278,0.001278,0.001277,0.001278
ACTATATGCTGTGTTC-1,0.627309,0.000547,0.000547,0.36941,0.000547,0.000547,0.000547,0.000547
ACTATCCAGGGCATGG-1,0.455352,0.001216,0.34075,0.197819,0.001216,0.001216,0.001216,0.001216
ACTATCGCCGGCTAAA-1,0.111086,0.000116,0.219248,0.014951,0.000116,0.000116,0.65425,0.000116
ACTATCTGCCCGCGTA-1,0.104576,0.077284,0.001181,0.812234,0.001181,0.001181,0.001181,0.001181
ACTATTCGTCCGTGGT-1,0.008934,0.004484,0.855416,0.055654,0.011236,0.000043,0.053967,0.010265
ACTCAACGAATGTATT-1,0.266082,0.160661,0.174916,0.288485,0.107769,0.000696,0.000696,0.000696
ACTCAAGTGCAAGGCT-1,0.359706,0.218123,0.212208,0.20968,0.000071,0.000071,0.000071,0.000071
ACTCAATAAAGGCACG-1,0.000074,0.066158,0.332895,0.163217,0.000074,0.000074,0.032696,0.404811
ACTCAGACCTGCTTCT-1,0.131539,0.000374,0.809172,0.05742,0.000374,0.000374,0.000374,0.000374
ACTCCAATATCATCAT-1,0.322458,0.284225,0.011444,0.149557,0.001153,0.00012,0.230922,0.00012
ACTCCCATTCCTAAAG-1,0.542359,0.00003,0.068725,0.00003,0.007011,0.00003,0.380185,0.00163
ACTCCCGAATTCGTTT-1,0.028947,0.598013,0.369078,0.000793,0.000793,0.000792,0.000793,0.000793
ACTCCCGTAGACTAGG-1,0.882493,0.000141,0.000141,0.000141,0.000141,0.000141,0.116664,0.000141
ACTCCCTAATGCTAAA-1,0.015978,0.041945,0.771037,0.128622,0.037885,0.000037,0.000037,0.004458
ACTCCCTAGAATAGTA-1,0.007424,0.002424,0.168859,0.01192,0.032984,0.000037,0.346593,0.429759
ACTCCGGCCGACCACT-1,0.794359,0.000072,0.000072,0.000072,0.000072,0.000072,0.141716,0.063567
ACTCGATGTATTTCAT-1,0.094752,0.034851,0.072744,0.05192,0.005936,0.000014,0.706474,0.033309
ACTCGCCGTTCGATAA-1,0.042133,0.3436,0.139811,0.046351,0.000132,0.000132,0.277293,0.150547
ACTCGCGATCTGACGC-1,0.116868,0.085206,0.161739,0.008355,0.041756,0.000194,0.40776,0.178122
ACTCGTAACCCGTCCT-1,0.79439,0.000074,0.142966,0.027376,0.000074,0.000074,0.034974,0.000074
ACTCGTCAGTAATCCC-1,0.000427,0.000389,0.690689,0.181618,0.000389,0.000389,0.000389,0.125711
ACTCTAAACCTGGGAT-1,0.043518,0.000068,0.000068,0.000068,0.026238,0.000068,0.917484,0.012486
ACTCTCTGACTTAGGT-1,0.000963,0.013013,0.981207,0.000963,0.000963,0.000963,0.000963,0.000963
ACTCTGACCTAATAGA-1,0.489425,0.000602,0.235508,0.186248,0.08641,0.000602,0.000602,0.000602
ACTCTTCAGCTCCCGC-1,0.000515,0.000515,0.000515,0.000515,0.000515,0.996393,0.000515,0.000515
ACTCTTGTATAGTAAC-1,0.000241,0.198992,0.406111,0.006303,0.000241,0.000241,0.003149,0.384722
ACTGAAACGCCGTTAG-1,0.000273,0.565462,0.359127,0.074047,0.000273,0.000273,0.000273,0.000273
ACTGAATGGCGAAAGT-1,0.182429,0.00062,0.071641,0.583862,0.00062,0.00062,0.00062,0.159588
ACTGCCGTCGTAACTC-1,0.009389,0.044506,0.577566,0.076264,0.020754,0.000027,0.167839,0.103655
ACTGCGGACACACCGT-1,0.223739,0.358484,0.000427,0.000427,0.000427,0.146936,0.000427,0.269131
ACTGTACGATACACAT-1,0.203995,0.062466,0.146329,0.093986,0.035737,0.000044,0.173998,0.283445
ACTGTAGCACTTTGGA-1,0.235486,0.11746,0.224975,0.349834,0.033241,0.000107,0.038243,0.000654
ACTGTATACGCGAGCA-1,0.142952,0.224654,0.12367,0.000454,0.000454,0.000454,0.223459,0.283903
ACTGTCCAGGATTATA-1,0.034921,0.00758,0.012983,0.013357,0.000371,0.00003,0.363188,0.567571
ACTGTCTTCTTTAGAA-1,0.083138,0.089292,0.507487,0.319498,0.000146,0.000146,0.000146,0.000146
ACTGTGCTAGTAGATC-1,0.114267,0.444145,0.181169,0.224599,0.000189,0.000189,0.035254,0.000189
ACTGTTTAGTGTAGGC-1,0.060135,0.015559,0.608588,0.038464,0.03981,0.000039,0.216559,0.020846
ACTTACGCATCCACGC-1,0.348087,0.292405,0.178318,0.17804,0.000788,0.000788,0.000787,0.000787
