Barcode,Topic 1,Topic 2,Topic 3,Topic 4,Topic 5,Topic 6,Topic 7,Topic 8,Topic 9
AAACAACGAATAGTTC-1,0.000186,0.000187,0.018875,0.321933,0.252259,0.268941,0.000187,0.062257,0.075176
AAACAAGTATCTCCCA-1,0.000091,0.000091,0.000091,0.4115,0.258904,0.002567,0.102694,0.000091,0.223971
AAACAATCTACTAGCA-1,0.000219,0.166166,0.000219,0.291053,0.222564,0.119212,0.000219,0.118483,0.081864
AAACACCAATAACTGC-1,0.001658,0.362125,0.00166,0.00166,0.234244,0.156,0.00166,0.239335,0.00166
AAACAGCTTTCAGAAG-1,0.000313,0.000313,0.08138,0.179887,0.000313,0.000313,0.477725,0.259442,0.000313
AAACAGGGTCTATATT-1,0.000782,0.000783,0.000783,0.464265,0.210418,0.278494,0.042909,0.000783,0.000783
AAACATGGTGAGAGGA-1,0.000983,0.000984,0.000984,0.424342,0.014372,0.555384,0.000984,0.000984,0.000984
AAACATTTCCCGGATT-1,0.000325,0.000325,0.000325,0.304851,0.681644,0.005699,0.000325,0.000325,0.00618
AAACCCGAACGAAATC-1,0.00202,0.002021,0.002022,0.983829,0.002022,0.002022,0.002021,0.002021,0.002021
AAACCGGAAATGTTAA-1,0.00117,0.00117,0.151036,0.840772,0.00117,0.00117,0.00117,0.00117,0.00117
AAACCGGGTAGGTACC-1,0.000032,0.000032,0.000032,0.000032,0.000032,0.000032,0.67479,0.324984,0.000032
AAACCGTTCGTCCAGG-1,0.000052,0.555919,0.000052,0.126161,0.132558,0.107689,0.000409,0.037603,0.039557
AAACCTAAGCAGCCGG-1,0.000419,0.00042,0.062045,0.539595,0.188822,0.20744,0.00042,0.00042,0.00042
AAACCTCATGAAGTTG-1,0.001079,0.00108,0.00108,0.874541,0.117903,0.00108,0.00108,0.00108,0.001079
AAACGAAGAACATACC-1,0.000251,0.205545,0.048997,0.172908,0.103227,0.000252,0.362747,0.105822,0.000252
AAACGAAGATGGAGTA-1,0.000092,0.000093,0.000092,0.000093,0.000093,0.071972,0.190516,0.628414,0.108635
AAACGAGACGGTTGAT-1,0.000092,0.264267,0.000092,0.047271,0.439481,0.225256,0.005977,0.017471,0.000092
AAACGGGCGTACGGGT-1,0.000144,0.012384,0.000144,0.110751,0.784578,0.000144,0.000144,0.000144,0.091567
AAACGGGTTGGTATCC-1,0.000416,0.000416,0.000416,0.433137,0.513923,0.050442,0.000416,0.000416,0.000416
AAACGGTTGCGAACTG-1,0.000103,0.259927,0.157032,0.39109,0.140126,0.029442,0.000103,0.022075,0.000103
AAACGTGTTCGCCCTA-1,0.000024,0.086729,0.090663,0.392304,0.060426,0.070819,0.095863,0.13669,0.066483
AAACTCGGTTCGCAAT-1,0.000114,0.224711,0.010137,0.653656,0.060342,0.012751,0.038062,0.000114,0.000114
AAACTCGTGATATAAG-1,0.000377,0.000377,0.000377,0.000377,0.648632,0.000377,0.139549,0.000377,0.209557
AAACTGCTGGCTCCAA-1,0.000083,0.202645,0.022363,0.000723,0.056352,0.364228,0.103484,0.247591,0.002532
AAACTTAATTGCACGC-1,0.0003,0.168347,0.112976,0.036796,0.259861,0.290618,0.000301,0.130501,0.000301
AAACTTGCAAACGTAT-1,0.000408,0.452521,0.025417,0.222637,0.297381,0.000409,0.000409,0.000409,0.000409
AAAGAATGACCTTAGA-1,0.000829,0.318931,0.00083,0.675261,0.00083,0.00083,0.00083,0.00083,0.00083
AAAGACCCAAGTCGCG-1,0.000051,0.04621,0.000051,0.069795,0.197277,0.002216,0.000051,0.256036,0.428314
AAAGACTGGGCGCTTT-1,0.000219,0.000219,0.067055,0.651764,0.279866,0.000219,0.000219,0.000219,0.000219
AAAGCTTGCCTACATA-1,0.000214,0.000214,0.356588,0.304613,0.294525,0.043206,0.000214,0.000214,0.000214
AAAGGCTACGGACCAT-1,0.000131,0.131287,0.000131,0.000131,0.360684,0.494149,0.013227,0.000131,0.000131
AAAGGGATGTAGCAAG-1,0.000038,0.990729,0.000038,0.000038,0.009005,0.000038,0.000038,0.000038,0.000038
AAAGGGCAGCTTGAAT-1,0.000454,0.000454,0.000454,0.483346,0.513477,0.000454,0.000454,0.000454,0.000454
AAAGTAGCATTGCTCA-1,0.000087,0.141988,0.000087,0.073679,0.582338,0.042042,0.000087,0.000087,0.159604
AAAGTCACTGATGTAA-1,0.000918,0.215662,0.000919,0.000919,0.646482,0.000919,0.000919,0.132343,0.000919
AAAGTCGACCCTCAGT-1,0.000255,0.000255,0.000255,0.246924,0.01966,0.009813,0.633961,0.088622,0.000255
AAAGTGCCATCAATTA-1,0.000285,0.000285,0.000285,0.99772,0.000285,0.000285,0.000285,0.000285,0.000285
AAAGTGTGATTTATCT-1,0.000016,0.000843,0.000016,0.000016,0.000016,0.000016,0.336778,0.65729,0.005009
AAAGTTGACTCCCGTA-1,0.000078,0.02214,0.000078,0.411991,0.251946,0.053746,0.000078,0.238445,0.021497
AAATAAGGTAGTGCCC-1,0.000494,0.000494,0.000494,0.098366,0.898175,0.000494,0.000494,0.000494,0.000494
AAATACCTATAAGCAT-1,0.000035,0.449901,0.000035,0.093811,0.033501,0.061862,0.200452,0.147077,0.013327
AAATAGCTTAGACTTT-1,0.000682,0.000682,0.000682,0.445035,0.550191,0.000682,0.000682,0.000682,0.000682
AAATAGGGTGCTATTG-1,0.000079,0.0016,0.000079,0.009986,0.127392,0.098503,0.028104,0.52334,0.210917
AAATCCGATACACGCC-1,0.000089,0.098302,0.000089,0.000089,0.901075,0.000089,0.000089,0.000089,0.000089
AAATCGCGGAAGGAGT-1,0.000284,0.166336,0.000284,0.367588,0.158671,0.081595,0.000284,0.000284,0.224674
AAATCGTGTACCACAA-1,0.000106,0.200392,0.057355,0.000106,0.129522,0.508286,0.046645,0.053629,0.00396
AAATCTAGCCCTGCTA-1,0.000043,0.015372,0.000043,0.246063,0.151314,0.001119,0.002915,0.479291,0.10384
AAATGATTCGATCAGC-1,0.000053,0.000053,0.000053,0.153085,0.000628,0.210432,0.495963,0.07441,0.065324
AAATGCTCGTTACGTT-1,0.000141,0.020723,0.000141,0.258935,0.363408,0.000141,0.097294,0.259075,0.000141
AAATGGCCCGTGCCCT-1,0.001001,0.001002,0.412004,0.271056,0.001002,0.31093,0.001002,0.001002,0.001002
AAATGGTCAATGTGCC-1,0.000033,0.196799,0.000033,0.000033,0.000033,0.053426,0.368496,0.335388,0.04576
AAATGTATCTTATCCC-1,0.00031,0.000311,0.021359,0.743485,0.233293,0.000311,0.000311,0.000311,0.000311
AAATGTGGGTGCTCCT-1,0.000049,0.305593,0.110267,0.246637,0.128892,0.089558,0.055649,0.063306,0.000049
AAATTAACGGGTAGCT-1,0.000076,0.53003,0.056963,0.000076,0.074742,0.333326,0.000181,0.000076,0.00453
AAATTAATAAGCGCGA-1,0.000811,0.000812,0.000811,0.633375,0.360944,0.000812,0.000812,0.000811,0.000812
AAATTACCTATCGATG-1,0.000133,0.003507,0.000133,0.021904,0.338578,0.298906,0.230311,0.094389,0.012137
AAATTCCAGGTCCAAA-1,0.00003,0.430862,0.00003,0.511776,0.057182,0.00003,0.00003,0.00003,0.00003
AAATTGATAGTCCTTT-1,0.000134,0.307475,0.000134,0.005003,0.06297,0.53989,0.000134,0.084125,0.000134
AAATTGCGGCGGTTCT-1,0.001058,0.001059,0.001059,0.295727,0.572964,0.001059,0.124956,0.001059,0.001059
AAATTGGTGAGAAGCA-1,0.000084,0.000084,0.293445,0.523993,0.038728,0.143413,0.000084,0.000084,0.000084
AAATTTGCGGGTGTGG-1,0.000095,0.121511,0.001158,0.20436,0.359348,0.313243,0.000095,0.000095,0.000095
AACAACTGGTAGTTGC-1,0.000102,0.028782,0.000102,0.435153,0.221943,0.198348,0.048797,0.062735,0.004038
AACAATACATTGTCGA-1,0.000192,0.382216,0.000192,0.000192,0.266957,0.000192,0.189824,0.075188,0.085046
AACAATTACTCTACGC-1,0.000983,0.000984,0.000984,0.565706,0.427407,0.000984,0.000984,0.000984,0.000984
AACACACGCTCGCCGC-1,0.000034,0.000034,0.000034,0.212403,0.008018,0.021213,0.088015,0.64459,0.02566
AACACGACTGTACTGA-1,0.000056,0.1318,0.002822,0.053038,0.22575,0.114714,0.166424,0.109456,0.19594
AACACGAGACGCGGCC-1,0.000077,0.454032,0.000077,0.383639,0.103125,0.058817,0.000077,0.000077,0.000077
AACACGCGGCCGCGAA-1,0.000087,0.111381,0.000087,0.379209,0.209108,0.049854,0.000087,0.084183,0.166004
AACAGCTGTGTGGCAA-1,0.001949,0.142197,0.148533,0.179528,0.519989,0.001951,0.001951,0.001951,0.001951
AACAGGATGGGCCGCG-1,0.000276,0.000276,0.000276,0.784753,0.213316,0.000276,0.000276,0.000276,0.000276
AACAGGTAGTATGGAT-1,0.000712,0.000713,0.241091,0.266392,0.000713,0.389256,0.000713,0.099698,0.000713
AACATATCAACTGGTG-1,0.000075,0.22314,0.000075,0.239321,0.197098,0.127474,0.202575,0.010166,0.000075
AACATCGATACGTCTA-1,0.000087,0.000087,0.106077,0.141385,0.364528,0.387575,0.000087,0.000087,0.000087
AACATTGGTCAGCCGT-1,0.001019,0.00102,0.152359,0.691363,0.00102,0.150158,0.00102,0.00102,0.00102
AACCAAGACTTCTCTG-1,0.000136,0.187705,0.016318,0.584649,0.210649,0.000136,0.000136,0.000136,0.000136
AACCATGGGATCGCTA-1,0.000057,0.000057,0.000057,0.394642,0.070758,0.006028,0.035733,0.333069,0.159599
AACCCAGAGACGGAGA-1,0.000012,0.000012,0.000012,0.267936,0.000012,0.000012,0.000012,0.729709,0.002281
AACCCATCCCATGATC-1,0.000056,0.602311,0.006998,0.117949,0.221065,0.00775,0.020297,0.007778,0.015795
AACCCGAGCAGAATCG-1,0.001481,0.001483,0.001483,0.87932,0.110303,0.001483,0.001483,0.001482,0.001483
AACCCTACTGTCAATA-1,0.000155,0.018505,0.000155,0.619072,0.350265,0.000155,0.011385,0.000155,0.000155
AACCCTGGTGGAACCA-1,0.000053,0.271701,0.026621,0.228084,0.099959,0.332295,0.000053,0.014602,0.026631
AACCGCTAAGGGATGC-1,0.000032,0.019891,0.000032,0.332587,0.238301,0.007019,0.016007,0.14821,0.23792
AACCGTTGTGTTTGCT-1,0.001111,0.001112,0.435831,0.001112,0.001112,0.556386,0.001112,0.001112,0.001112
AACCTAAAGCCGTCCG-1,0.001292,0.126706,0.263793,0.429018,0.001293,0.174019,0.001293,0.001293,0.001293
AACCTCGCTTTAGCCC-1,0.000607,0.395936,0.070793,0.385091,0.145141,0.000608,0.000608,0.000608,0.000608
AACCTGTCACGGAATT-1,0.000058,0.000058,0.000058,0.544399,0.227012,0.034509,0.159523,0.027893,0.00649
AACCTTTAAATACGGT-1,0.000056,0.215875,0.213177,0.014305,0.313293,0.158718,0.005904,0.072628,0.006043
AACGAAAGTCGTCCCA-1,0.000374,0.161596,0.000374,0.278097,0.519393,0.000374,0.039042,0.000374,0.000374
AACGATAATGCCGTAG-1,0.000046,0.158607,0.019704,0.000046,0.058088,0.000919,0.374148,0.27071,0.117731
AACGATAGAAGGGCCG-1,0.000033,0.054417,0.000033,0.086983,0.018897,0.082528,0.319263,0.19736,0.240485
AACGATATGTCAACTG-1,0.000154,0.18944,0.000154,0.000154,0.164006,0.563505,0.000154,0.08228,0.000154
AACGCATGATCTGGGT-1,0.000067,0.000067,0.03878,0.122644,0.034981,0.181751,0.416154,0.166085,0.039471
AACGCGAACGGCAACA-1,0.000983,0.000984,0.000984,0.33691,0.656203,0.000984,0.000984,0.000984,0.000984
AACGCGACCTTGGGCG-1,0.000117,0.187027,0.000117,0.275747,0.342436,0.12231,0.072012,0.000117,0.000117
AACGCTGTTGCTGAAA-1,0.000011,0.000011,0.000011,0.129055,0.000011,0.000011,0.008608,0.826987,0.035295
AACGGACGTACGTATA-1,0.000013,0.000013,0.000013,0.497038,0.000013,0.000013,0.000013,0.44338,0.059504
AACGGCCATCTCCGGT-1,0.000066,0.147918,0.000067,0.304368,0.312727,0.0658,0.048408,0.010776,0.10987
AACGTACTGTGGGTAC-1,0.000093,0.208676,0.042123,0.14587,0.252734,0.314733,0.007043,0.02126,0.007468
AACGTAGTCTACCCAT-1,0.001916,0.37845,0.001918,0.60813,0.001917,0.001917,0.001917,0.001917,0.001917
AACGTCAGACTAGTGG-1,0.000151,0.012273,0.000151,0.208957,0.484212,0.000151,0.182996,0.110958,0.000151
AACGTGCGAAAGTCTC-1,0.000078,0.382935,0.000078,0.024097,0.349892,0.242685,0.000078,0.000078,0.000078
AACGTTATCAGCACCT-1,0.000437,0.000438,0.000438,0.406465,0.000438,0.000438,0.000438,0.4927,0.098209
AACTACCCGTTTGTCA-1,0.002525,0.002527,0.176678,0.805635,0.002527,0.002527,0.002527,0.002527,0.002527
AACTAGCGTATCGCAC-1,0.000215,0.155209,0.044044,0.340181,0.078315,0.38139,0.000215,0.000215,0.000215
AACTAGGCTTGGGTGT-1,0.000128,0.059314,0.000128,0.004971,0.656175,0.000128,0.169157,0.013414,0.096584
AACTCAAGTTAATTGC-1,0.000101,0.162335,0.025953,0.12106,0.028699,0.130827,0.503772,0.027151,0.000102
AACTCCAGAGCGTGTT-1,0.000141,0.563283,0.000141,0.435701,0.000169,0.000141,0.000141,0.000141,0.000141
AACTCGATAAACACGT-1,0.000299,0.000299,0.209798,0.491367,0.000299,0.297042,0.000299,0.000299,0.000299
AACTCGATGGCGCAGT-1,0.00003,0.00003,0.00003,0.101527,0.00003,0.005087,0.440243,0.360546,0.092477
AACTCTCAATAGAGCG-1,0.000087,0.0471,0.000087,0.412992,0.070782,0.355346,0.093519,0.018482,0.001605
AACTCTCAGTGTGCTC-1,0.000063,0.644917,0.012677,0.000421,0.245183,0.025569,0.013248,0.019013,0.03891
AACTGAGTTATACTGA-1,0.003831,0.003834,0.205098,0.768066,0.003834,0.003834,0.003834,0.003834,0.003834
AACTGGTGTGGGCCTT-1,0.000386,0.000386,0.023501,0.000386,0.571068,0.098392,0.000386,0.02429,0.281206
AACTTCTGCGTCTATC-1,0.001821,0.001823,0.001823,0.98542,0.001823,0.001823,0.001823,0.001822,0.001822
AACTTGCCCGTATGCA-1,0.000304,0.000305,0.000305,0.797752,0.200116,0.000305,0.000305,0.000305,0.000305
AACTTGCGTTCTCGCG-1,0.000159,0.265874,0.000159,0.53108,0.003198,0.122418,0.000159,0.076796,0.000159
AACTTTACGGGAGCTT-1,0.000811,0.000812,0.000812,0.685549,0.30877,0.000812,0.000812,0.000812,0.000812
AACTTTAGCTGCTGAG-1,0.000161,0.000161,0.000161,0.436794,0.161418,0.131112,0.000161,0.170538,0.099493
AACTTTCTCGATCATG-1,0.000042,0.000042,0.000042,0.872702,0.02486,0.004335,0.097894,0.000042,0.000042
AAGAAATCACCAGATT-1,0.000036,0.147735,0.072683,0.559109,0.108527,0.014877,0.034092,0.01059,0.052351
AAGAAGGATCAGTTAG-1,0.000158,0.023564,0.000158,0.796922,0.070392,0.108333,0.000158,0.000158,0.000158
AAGACCAAATAACTCA-1,0.002096,0.002098,0.002098,0.244866,0.002098,0.002098,0.354504,0.002098,0.388045
AAGACTAACCCGTTGT-1,0.00018,0.00018,0.00018,0.700283,0.151766,0.000932,0.035224,0.10513,0.006125
AAGAGATGAATCGGTA-1,0.000174,0.000175,0.000175,0.78844,0.210338,0.000175,0.000175,0.000175,0.000175
AAGAGCTCTTTATCGG-1,0.000107,0.226844,0.000107,0.036939,0.523486,0.037791,0.138473,0.000107,0.036145
AAGAGGATGTACGCGA-1,0.000097,0.336407,0.000097,0.613127,0.000097,0.000097,0.049886,0.000097,0.000097
AAGAGGCATGGATCGC-1,0.000099,0.09947,0.000099,0.233492,0.397559,0.194795,0.072662,0.000099,0.001724
AAGAGGCCCTTTGGAA-1,0.002415,0.002417,0.188704,0.794378,0.002417,0.002417,0.002417,0.002417,0.002417
AAGATGGCACCGGACC-1,0.000611,0.25932,0.000611,0.000611,0.437609,0.000611,0.000611,0.299405,0.000611
AAGATTGGCGGAACGT-1,0.000125,0.086821,0.000125,0.000134,0.217278,0.414721,0.112153,0.168518,0.000125
AAGCACCCTGCGTATC-1,0.000165,0.074348,0.068389,0.109604,0.473103,0.030795,0.221467,0.000165,0.021964
AAGCATACTCTCCTGA-1,0.000061,0.214326,0.364561,0.057243,0.300717,0.03542,0.000061,0.000061,0.027548
AAGCCGAAGCGGTTTA-1,0.000044,0.170747,0.000044,0.480314,0.159963,0.009955,0.000044,0.175261,0.003628
AAGCCGCTTTACCTTG-1,0.000223,0.08136,0.032837,0.336902,0.248564,0.001153,0.161722,0.137015,0.000223
AAGCCGGAGAGCAGGA-1,0.000274,0.000275,0.06352,0.661066,0.000275,0.000275,0.273767,0.000275,0.000275
AAGCGCAGGGCTTTGA-1,0.000341,0.000341,0.046331,0.159078,0.653693,0.139193,0.000341,0.000341,0.000341
AAGCGGAGTGCGCGCA-1,0.000057,0.000057,0.34127,0.277981,0.35746,0.019083,0.000057,0.000057,0.003978
AAGCTAGATCGAGTAA-1,0.000045,0.250798,0.01927,0.365026,0.163896,0.037787,0.014734,0.133418,0.015026
AAGCTCGTGCCAAGTC-1,0.0001,0.265229,0.182625,0.020602,0.250322,0.230552,0.0001,0.0001,0.05037
AAGCTCTTTCATGGTG-1,0.000271,0.024662,0.000271,0.316485,0.000271,0.352284,0.000271,0.000271,0.305214
AAGGAGAACTTATAAG-1,0.000151,0.158336,0.030977,0.416785,0.042245,0.199953,0.000151,0.13134,0.020061
AAGGAGCGGTTGGTGC-1,0.000141,0.1189,0.000141,0.14623,0.587819,0.000141,0.000141,0.119173,0.027312
AAGGATCGATCGCTTG-1,0.001764,0.141773,0.001765,0.578187,0.022619,0.248597,0.001765,0.001765,0.001765
AAGGATGAGGGACCTC-1,0.000116,0.514505,0.094744,0.127269,0.035012,0.228007,0.000116,0.000116,0.000116
AAGGCAGGCTGTCTCC-1,0.000756,0.000756,0.000756,0.876761,0.000756,0.000756,0.109541,0.000756,0.00916
AAGGCGCGTAAAGCTT-1,0.000058,0.219708,0.000058,0.45015,0.112113,0.007654,0.03031,0.1692,0.010749
AAGGCTGTGCTCATCG-1,0.0001,0.242358,0.0001,0.046308,0.532172,0.062369,0.040131,0.002198,0.074265
AAGGGAACGACTGGCT-1,0.00028,0.156325,0.00028,0.00028,0.572314,0.00028,0.058285,0.211675,0.00028
AAGGGACAGATTCTGT-1,0.000109,0.046329,0.000109,0.007439,0.090232,0.528392,0.255007,0.072274,0.000109
AAGGGACTATGCATTC-1,0.000419,0.225763,0.106734,0.00042,0.47712,0.188285,0.00042,0.00042,0.00042
AAGGGTTTGATTTCAG-1,0.000203,0.111312,0.058896,0.59528,0.155474,0.000203,0.010691,0.000203,0.067738
AAGGTATCCTAATATA-1,0.000182,0.373635,0.000182,0.29484,0.330431,0.000182,0.000182,0.000182,0.000182
AAGGTGATAAACCAGC-1,0.000049,0.072646,0.000049,0.136772,0.250826,0.069212,0.141772,0.052323,0.276351
AAGTAAGCTTCCAAAC-1,0.001208,0.001209,0.001208,0.705333,0.286209,0.001208,0.001208,0.001209,0.001209
AAGTAGAAGACCGGGT-1,0.000069,0.054349,0.000069,0.289318,0.24499,0.000069,0.119471,0.18863,0.103034
AAGTAGTGACGCGAGG-1,0.000125,0.000125,0.000125,0.448396,0.408602,0.068983,0.073394,0.000125,0.000125
AAGTCAATTGTCGTCA-1,0.001658,0.00166,0.00166,0.872687,0.115697,0.00166,0.00166,0.00166,0.001659
AAGTCTAGTAGCTGCC-1,0.000112,0.000112,0.000112,0.85741,0.141808,0.000112,0.000112,0.000112,0.000112
AAGTCTTCTGTGGCCT-1,0.000665,0.000666,0.000666,0.873542,0.121798,0.000666,0.000666,0.000666,0.000666
AAGTGACGACCGAATT-1,0.000118,0.000118,0.000118,0.262725,0.205942,0.091636,0.272154,0.013629,0.15356
AAGTGCAAAGGTAGAC-1,0.000107,0.187501,0.000107,0.372859,0.312306,0.000406,0.000107,0.037392,0.089215
AAGTGCCTTGACTGTA-1,0.000296,0.000296,0.000296,0.645457,0.310438,0.000296,0.000296,0.042331,0.000296
AAGTGCGTTAGAATCT-1,0.000069,0.094666,0.000069,0.305807,0.122307,0.107491,0.28143,0.082037,0.006125
AAGTGTTTGGAGACGG-1,0.000014,0.010329,0.000014,0.064751,0.000049,0.012307,0.010968,0.807139,0.094429
AAGTTCACTCCAAGCT-1,0.000115,0.000115,0.075813,0.176155,0.025954,0.000115,0.188109,0.029355,0.504269
AAGTTCGGCCAACAGG-1,0.00006,0.201919,0.00006,0.023678,0.352874,0.007929,0.266617,0.033274,0.11359
AAGTTGTGATGTTATA-1,0.00011,0.110987,0.00011,0.007606,0.722354,0.067723,0.00011,0.00011,0.09089
AAGTTTACTAATGGCA-1,0.000125,0.089913,0.000125,0.295943,0.035009,0.161194,0.234163,0.183402,0.000125
AAGTTTATGGGCCCAA-1,0.000123,0.182449,0.000123,0.214218,0.357523,0.191113,0.054206,0.000123,0.000123
AATAACAACGCTCGGC-1,0.000066,0.000066,0.000066,0.711399,0.04301,0.061994,0.1476,0.023857,0.011943
AATAACACTAGAACAA-1,0.000022,0.181472,0.000022,0.0238,0.002262,0.021979,0.274484,0.471905,0.024053
AATAAGTCCTCGAGAC-1,0.000055,0.026994,0.000055,0.142701,0.391864,0.233298,0.114421,0.018274,0.072338
AATAATCTTCGTATCG-1,0.001522,0.001523,0.158444,0.198553,0.633865,0.001523,0.001523,0.001523,0.001523
AATACAATGTTTCAGG-1,0.001182,0.001183,0.001183,0.681428,0.061236,0.001183,0.250239,0.001183,0.001183
AATAGAACAGAGTGGC-1,0.000064,0.360267,0.000064,0.011067,0.2719,0.354558,0.000064,0.000064,0.001952
AATAGAATCTGTTTCA-1,0.000017,0.061744,0.000017,0.168431,0.008888,0.008526,0.013426,0.697427,0.041525
AATAGCTACCGCGTGC-1,0.000218,0.000395,0.041667,0.136274,0.652331,0.168462,0.000218,0.000218,0.000218
AATAGTCGCGAGTCGG-1,0.000983,0.000984,0.000984,0.547657,0.445456,0.000984,0.000984,0.000984,0.000984
AATATCAAGGTCGGAT-1,0.000109,0.021329,0.000109,0.066885,0.316381,0.000109,0.000109,0.019557,0.575413
AATATCCTAGCAAACT-1,0.000477,0.202744,0.000477,0.460187,0.334206,0.000477,0.000477,0.000477,0.000477
AATATCGAATCAATGC-1,0.000034,0.228242,0.020871,0.53549,0.000034,0.000034,0.026949,0.176681,0.011664
AATATCGAGGGTTCTC-1,0.000085,0.126728,0.018947,0.252591,0.124358,0.063082,0.300816,0.025687,0.087705
AATATTGGAGTATTGA-1,0.000319,0.00032,0.000319,0.652036,0.028353,0.007719,0.310294,0.00032,0.00032
AATCAGACTGCAGGAC-1,0.000278,0.000278,0.000278,0.594228,0.030698,0.241234,0.000278,0.000278,0.13245
AATCATGTAAAGACTC-1,0.000031,0.067085,0.000031,0.326174,0.098102,0.006855,0.00173,0.089363,0.410629
AATCCAAGGGCCTGAG-1,0.00001,0.00001,0.00001,0.257068,0.00001,0.00001,0.006824,0.691858,0.044198
AATCCATGCAAGGGTG-1,0.000561,0.000562,0.000562,0.798173,0.120273,0.000562,0.000562,0.000562,0.078184
AATCGCCTCAGCGCCA-1,0.000097,0.045302,0.019344,0.11033,0.258104,0.077187,0.285416,0.051574,0.152645
AATCGCGCAGAGGACT-1,0.001709,0.001711,0.001711,0.772883,0.215144,0.001711,0.001711,0.001711,0.001711
AATCGGGACACTACGA-1,0.000144,0.084513,0.102999,0.016103,0.280397,0.371011,0.000144,0.082294,0.062393
AATCGTGAGCCGAGCA-1,0.000072,0.230664,0.013035,0.005039,0.298362,0.321347,0.064648,0.028662,0.038171
AATCTAGGTTTACTTG-1,0.000532,0.362933,0.000532,0.000532,0.547373,0.000532,0.086503,0.000532,0.000532
AATCTATGCCGGAGCC-1,0.000496,0.000496,0.085029,0.465788,0.000496,0.446205,0.000496,0.000496,0.000496
AATCTCTACTGTGGTT-1,0.000505,0.000505,0.113882,0.548733,0.250236,0.084622,0.000505,0.000505,0.000505
AATCTGCGTTGGGACG-1,0.000377,0.000377,0.000377,0.684254,0.000377,0.313108,0.000377,0.000377,0.000377
AATCTGGCTTTCTAGT-1,0.000492,0.030079,0.216583,0.206811,0.445053,0.099506,0.000492,0.000492,0.000492
AATGACAGCAATGTCT-1,0.000084,0.0697,0.000142,0.287591,0.061703,0.423519,0.033249,0.066501,0.05751
AATGACGTAGGATGTC-1,0.000066,0.166509,0.000066,0.276818,0.220638,0.047111,0.09139,0.151547,0.045856
AATGACTGTCAGCCGG-1,0.000109,0.03572,0.000109,0.531534,0.252767,0.021224,0.069733,0.05768,0.031125
AATGAGTTCGCATATG-1,0.000121,0.122182,0.000121,0.431279,0.129536,0.129599,0.06364,0.121667,0.001854
AATGATGATACGCTAT-1,0.000089,0.021492,0.121382,0.098394,0.012021,0.190297,0.3484,0.034624,0.173301
AATGATGCGACTCCTG-1,0.000095,0.14256,0.000095,0.31822,0.070667,0.208298,0.127312,0.120018,0.012736
AATGCAACCGGGTACC-1,0.000032,0.783789,0.027138,0.002486,0.184876,0.001582,0.000032,0.000032,0.000032
AATGGTCCACCGTTCA-1,0.00008,0.00008,0.062169,0.671908,0.248197,0.017325,0.00008,0.00008,0.00008
AATGGTTCTCACAAGC-1,0.000069,0.000069,0.007685,0.326278,0.086921,0.000069,0.119693,0.354506,0.104711
AATGTATGGCACTGTA-1,0.000416,0.142586,0.053705,0.001558,0.21374,0.25032,0.33684,0.000416,0.000416
AATGTGCCCGAGGTGT-1,0.000108,0.510257,0.002193,0.015,0.116932,0.355184,0.000108,0.000108,0.000108
AATTAAAGGTCGGCGT-1,0.000052,0.193525,0.005206,0.018487,0.17157,0.454855,0.070975,0.0598,0.02553
AATTAACGGATTTCCA-1,0.000463,0.000463,0.000463,0.210785,0.214388,0.397281,0.000463,0.175229,0.000463
AATTACGAGACCCATC-1,0.000903,0.000904,0.061397,0.33257,0.000904,0.343598,0.257916,0.000904,0.000904
AATTACTCGTACGCTC-1,0.000882,0.000882,0.262349,0.000882,0.731474,0.000882,0.000883,0.000882,0.000882
AATTAGCGCTGCAGCG-1,0.000021,0.079215,0.148656,0.299444,0.046995,0.060532,0.171416,0.157034,0.036687
AATTCATAAGGGATCT-1,0.000117,0.238123,0.000118,0.325726,0.207999,0.197638,0.000118,0.000118,0.030044
AATTCATTGTCATGCA-1,0.000415,0.156541,0.216839,0.160684,0.000415,0.327826,0.000415,0.136451,0.000415
AATTCCAACTTGGTGA-1,0.000281,0.000281,0.178381,0.17287,0.459811,0.187534,0.000281,0.000281,0.000281
AATTCCAAGCATGTAC-1,0.000067,0.000067,0.086647,0.546046,0.270584,0.047169,0.039744,0.009608,0.000067
AATTCGATTCGAGGAT-1,0.000624,0.000625,0.000625,0.384597,0.000625,0.238097,0.315927,0.058257,0.000625
AATTCTAGAGTTAGGC-1,0.000078,0.333528,0.000078,0.088054,0.276842,0.099872,0.08233,0.080498,0.038718
AATTGAACGCTCTGGT-1,0.000051,0.067609,0.000051,0.273544,0.249197,0.122217,0.006813,0.236649,0.043869
AATTGCAGCAATCGAC-1,0.000336,0.000336,0.000336,0.218861,0.778788,0.000336,0.000336,0.000336,0.000336
AATTGTGGTTGCCAAA-1,0.001292,0.001293,0.403455,0.331536,0.257253,0.001293,0.001293,0.001293,0.001293
AATTTGGTTCCAAAGA-1,0.000055,0.224841,0.181186,0.000055,0.000055,0.051824,0.211362,0.321617,0.009003
ACAAACCATGCGTCCT-1,0.000163,0.346152,0.13739,0.121124,0.1839,0.081402,0.000163,0.129543,0.000163
ACAAACCGACAAGGCG-1,0.001658,0.00166,0.137817,0.00166,0.462914,0.389313,0.00166,0.00166,0.00166
ACAAAGAAGGTAGGCC-1,0.000678,0.000678,0.236684,0.461297,0.000678,0.297952,0.000678,0.000678,0.000678
ACAAAGCATGACCTAG-1,0.000594,0.000595,0.000595,0.000595,0.995244,0.000595,0.000595,0.000595,0.000595
ACAAATCGCACCGAAT-1,0.000016,0.060879,0.000016,0.053731,0.031357,0.058855,0.066011,0.526217,0.202916
ACAAATGGTAGTGTTT-1,0.000052,0.045375,0.000052,0.267345,0.135446,0.043737,0.211391,0.27152,0.025083
ACAACGGTCCCTGCGA-1,0.000151,0.141105,0.000151,0.340955,0.439396,0.000151,0.000151,0.000151,0.077786
ACAAGCAGTGCCTAGC-1,0.000408,0.000409,0.000409,0.40067,0.479615,0.000409,0.117262,0.000409,0.000409
ACAAGCTATATGGAAG-1,0.000621,0.000621,0.000621,0.838046,0.157606,0.000621,0.000621,0.000621,0.000621
ACAAGGAAATCCGCCC-1,0.000041,0.440934,0.00809,0.156916,0.10247,0.129752,0.000041,0.106681,0.055074
ACAAGGACAAGAGGTT-1,0.000065,0.171015,0.005873,0.416884,0.110484,0.035195,0.208095,0.052323,0.000065
ACAAGGATGCTTTAGG-1,0.000183,0.000183,0.000183,0.557213,0.350358,0.039288,0.052192,0.000183,0.000215
ACAAGGGCAGGCTCTG-1,0.00006,0.059539,0.00006,0.24308,0.33787,0.039713,0.037799,0.111556,0.170323
ACAATAGTCGTACGTT-1,0.000145,0.000145,0.000145,0.853533,0.006878,0.005084,0.116951,0.004339,0.01278
ACAATCCATTTAAACC-1,0.000063,0.029221,0.000063,0.360773,0.117924,0.221694,0.143496,0.095007,0.03176
ACAATCGATCTTTATA-1,0.000053,0.075257,0.008497,0.000061,0.000053,0.007895,0.470222,0.422105,0.015857
ACAATGAATACGGAGA-1,0.000119,0.487948,0.054879,0.002129,0.207976,0.06711,0.015757,0.107995,0.056089
ACAATTGTGTCTCTTT-1,0.000055,0.021985,0.000056,0.227148,0.117393,0.005641,0.045132,0.318763,0.263827
ACAATTTAGGAGGCTC-1,0.001001,0.001002,0.001002,0.844548,0.14844,0.001002,0.001002,0.001002,0.001002
ACAATTTGAGCAGTGG-1,0.000047,0.091729,0.001593,0.000047,0.000047,0.184859,0.320941,0.35298,0.047756
ACAATTTGGCCATATT-1,0.001235,0.001235,0.116103,0.754252,0.001235,0.001235,0.122233,0.001235,0.001235
ACACAAAGACGGGTGG-1,0.000033,0.807321,0.009021,0.000033,0.126323,0.000037,0.021389,0.00573,0.030113
ACACAAATATTCCTAG-1,0.000561,0.000562,0.131385,0.000562,0.216555,0.037632,0.441186,0.170996,0.000562
ACACACCAGGACCAGT-1,0.000062,0.160781,0.000062,0.298482,0.163904,0.033498,0.089098,0.249807,0.004306
ACACATGATCAAATCT-1,0.001821,0.001823,0.131691,0.001823,0.001823,0.696561,0.160813,0.001823,0.001823
ACACATTGACGCAACA-1,0.000823,0.000824,0.284914,0.000824,0.709321,0.000824,0.000824,0.000824,0.000824
ACACCACATAATTAGC-1,0.001122,0.001123,0.001123,0.454968,0.537171,0.001123,0.001123,0.001123,0.001123
ACACCCAGCATGCAGC-1,0.000094,0.113229,0.000094,0.137755,0.672309,0.000094,0.000094,0.076237,0.000094
ACACCCGAGAAATCCG-1,0.000035,0.028171,0.000035,0.399552,0.062196,0.093716,0.034549,0.34255,0.039196
ACACCGAGCGCTCTTT-1,0.000966,0.000967,0.198682,0.685362,0.110155,0.000967,0.000967,0.000967,0.000967
ACACCTTAAGTAGGGC-1,0.000067,0.015354,0.000067,0.09681,0.077529,0.000067,0.561661,0.196236,0.052208
ACACCTTACTACTTGC-1,0.001389,0.00139,0.157489,0.114926,0.719247,0.00139,0.00139,0.00139,0.00139
ACACGGCACTATGCAT-1,0.000093,0.401603,0.000095,0.173378,0.09873,0.325824,0.000093,0.000093,0.000093
ACACGTAGGCCACAAG-1,0.003472,0.003475,0.326567,0.649112,0.003475,0.003475,0.003474,0.003475,0.003475
ACACTCCAATGTCACT-1,0.000665,0.000666,0.000666,0.994674,0.000666,0.000666,0.000666,0.000666,0.000666
ACACTGATCAAGGTGT-1,0.000076,0.524371,0.025092,0.049213,0.119979,0.28104,0.000076,0.000076,0.000076
ACACTGGGACAGTCGT-1,0.002222,0.002224,0.002223,0.002224,0.982213,0.002224,0.002224,0.002223,0.002223
ACAGAACTGAGAACAA-1,0.00007,0.166331,0.00007,0.154976,0.283786,0.237121,0.00007,0.113539,0.044037
ACAGATTAGGTTAGTG-1,0.000274,0.283675,0.051265,0.053161,0.355206,0.003722,0.000275,0.125823,0.1266
ACAGCATAGAGCCAGT-1,0.000861,0.000862,0.181449,0.078816,0.376899,0.000862,0.000862,0.329385,0.030004
ACAGCGACATTCTCAT-1,0.000145,0.000146,0.000146,0.240268,0.404268,0.094822,0.000146,0.098213,0.161846
ACAGGAGGCGCAGCCG-1,0.001195,0.001196,0.001196,0.001196,0.931043,0.060589,0.001196,0.001195,0.001195
ACAGGCTTGCCCGACT-1,0.000015,0.044384,0.003357,0.024123,0.007263,0.003179,0.022694,0.766655,0.12833
ACAGGTGGAGGTGAGG-1,0.000056,0.490714,0.000056,0.086724,0.1788,0.081321,0.008724,0.090876,0.062729
ACAGGTGTGTTGTTGC-1,0.000336,0.107941,0.000336,0.661346,0.228698,0.000336,0.000336,0.000336,0.000336
ACAGTAATACAACTTG-1,0.000507,0.000508,0.276073,0.000508,0.03379,0.588882,0.049582,0.049642,0.000508
ACAGTATACCGTGGGA-1,0.000084,0.047568,0.174016,0.406947,0.283013,0.088122,0.000084,0.000084,0.000084
ACATAAGTCGTGGTGA-1,0.002584,0.002586,0.002587,0.564921,0.002586,0.002586,0.321584,0.002586,0.097981
ACATCAGCTGGGACGC-1,0.001145,0.12483,0.001146,0.867147,0.001146,0.001146,0.001146,0.001146,0.001146
ACATCCTGGTAACTGT-1,0.002315,0.002316,0.002316,0.733216,0.002317,0.25057,0.002316,0.002316,0.002316
ACATCGGTCAGCCGCG-1,0.000075,0.39755,0.000075,0.347927,0.067133,0.179247,0.007845,0.000075,0.000075
ACATCGTATGCAATGG-1,0.000063,0.189328,0.040708,0.314977,0.103393,0.027865,0.006237,0.161726,0.155702
ACATCTCAACGCGTAA-1,0.000265,0.426299,0.000265,0.029158,0.425122,0.060562,0.000265,0.000265,0.057798
ACATGGCGCCAAAGTA-1,0.001736,0.001737,0.001738,0.664118,0.323722,0.001737,0.001737,0.001737,0.001737
ACATGGCTCAATTTAG-1,0.001182,0.001183,0.375057,0.360291,0.257556,0.001183,0.001183,0.001183,0.001183
ACATTAGTTTATATCC-1,0.000069,0.378343,0.158837,0.020402,0.05035,0.218772,0.045478,0.127681,0.000069
ACCAAACACCCAGCGA-1,0.000014,0.120651,0.034353,0.000014,0.000014,0.000014,0.412504,0.432424,0.000014
ACCAAACTAGAAATCC-1,0.000191,0.000191,0.000191,0.367204,0.300164,0.054515,0.226768,0.050586,0.000191
ACCAACACCACACACT-1,0.00006,0.683965,0.00006,0.27892,0.00308,0.02262,0.011175,0.00006,0.00006
ACCAACCGCACTCCAC-1,0.000766,0.000767,0.000767,0.000767,0.709842,0.284791,0.000767,0.000767,0.000767
ACCAACGCTTATTTAT-1,0.000059,0.703457,0.000059,0.000143,0.260296,0.035808,0.000059,0.000059,0.000059
ACCAAGAACGCGTGTC-1,0.000028,0.231382,0.000028,0.240413,0.083328,0.002556,0.007144,0.245027,0.190096
ACCAATATGCAAGTTA-1,0.0001,0.078553,0.0001,0.162144,0.309783,0.011632,0.107189,0.049918,0.280579
ACCACAAGTTTCTATC-1,0.000069,0.420242,0.000069,0.081579,0.079948,0.41126,0.000069,0.000069,0.006693
ACCACCAATGTAACAA-1,0.001079,0.00108,0.001079,0.182208,0.810236,0.00108,0.00108,0.001079,0.001079
ACCACCCTCTCTTCTA-1,0.000436,0.000436,0.259325,0.430122,0.307937,0.000436,0.000436,0.000436,0.000436
ACCACGTGCAGCTATA-1,0.000027,0.130698,0.000027,0.161412,0.006367,0.051407,0.014546,0.434171,0.201345
ACCACTGTTCAAGAAG-1,0.001001,0.001002,0.248248,0.74474,0.001002,0.001002,0.001002,0.001002,0.001002
ACCAGACCATAACAAC-1,0.000429,0.000429,0.000429,0.352014,0.644981,0.000429,0.000429,0.000429,0.000429
ACCAGCCCGGTCTTTG-1,0.000079,0.129515,0.051876,0.000079,0.312382,0.174773,0.121828,0.00793,0.201537
ACCAGGAGTGTGATCT-1,0.000086,0.262798,0.081385,0.155412,0.052571,0.226083,0.082061,0.05876,0.080845
ACCAGTGCGGGAGACG-1,0.000071,0.246459,0.000071,0.423832,0.000071,0.000502,0.000071,0.226946,0.101978
ACCATATCCGCAATAA-1,0.000085,0.239783,0.018814,0.039212,0.314769,0.341793,0.000085,0.045373,0.000085
ACCATCCGCCAACTAG-1,0.000604,0.000604,0.043203,0.263965,0.689207,0.000604,0.000604,0.000604,0.000604
ACCATCGTATATGGTA-1,0.000088,0.129736,0.000089,0.041496,0.380779,0.24761,0.077516,0.122504,0.000182
ACCATTAAGGGTGTCA-1,0.000646,0.000646,0.174963,0.304126,0.377157,0.000646,0.140522,0.000647,0.000646
ACCCAACGCCCGTGGC-1,0.000496,0.000496,0.000496,0.155058,0.493007,0.134573,0.000496,0.214881,0.000496
ACCCACCTACATGCTC-1,0.000811,0.34474,0.000812,0.50775,0.142641,0.000812,0.000812,0.000812,0.000812
ACCCATCTTGAGGGTA-1,0.000176,0.009316,0.011814,0.377744,0.008744,0.571154,0.012541,0.008334,0.000176
ACCCATTTGTCCCTCT-1,0.000387,0.000387,0.000387,0.132324,0.677606,0.000387,0.02382,0.000387,0.164314
ACCCGGAAACTCCCAG-1,0.000081,0.000081,0.000081,0.17244,0.000081,0.006569,0.000182,0.812016,0.008469
ACCCGGAGCACCACAA-1,0.000155,0.000155,0.195097,0.633975,0.169999,0.000155,0.000155,0.000155,0.000155
ACCCGGATGACGCATC-1,0.000224,0.000224,0.000224,0.264719,0.660223,0.000224,0.030528,0.030737,0.012898
ACCCGGTTACACTTCC-1,0.000074,0.127607,0.006979,0.146096,0.075186,0.440036,0.161788,0.018079,0.024153
ACCCTATAGGACTGAG-1,0.001502,0.001502,0.001503,0.521102,0.468382,0.001502,0.001503,0.001502,0.001502
ACCCTCCCTTGCTATT-1,0.000025,0.081178,0.002381,0.125431,0.060132,0.014751,0.014916,0.365966,0.335219
ACCCTGGTAACGCCCT-1,0.000322,0.000322,0.643823,0.353922,0.000322,0.000322,0.000322,0.000322,0.000322
ACCCTTCATCTGCGAA-1,0.000156,0.092637,0.219021,0.00278,0.052944,0.367004,0.046715,0.216376,0.002367
ACCCTTGCCTGGGTCG-1,0.000794,0.000794,0.243417,0.000794,0.508845,0.000794,0.000794,0.000794,0.242973
ACCGAAAGGGCCCTGC-1,0.000276,0.183574,0.130663,0.231609,0.013017,0.296789,0.000277,0.108872,0.034922
ACCGAAGAGTCTGGTT-1,0.000067,0.304538,0.01082,0.028516,0.362819,0.041804,0.043911,0.076476,0.13105
ACCGACACATCTCCCA-1,0.000087,0.026603,0.000087,0.242769,0.367398,0.03104,0.263244,0.053665,0.015106
ACCGATAGGCATAACC-1,0.000669,0.00067,0.00067,0.465057,0.293228,0.00067,0.237696,0.00067,0.00067
ACCGATATTTAATCAT-1,0.000556,0.000556,0.358409,0.349142,0.214696,0.074974,0.000556,0.000556,0.000556
ACCGATGGTAGCATCG-1,0.000067,0.08711,0.000067,0.355471,0.188339,0.161411,0.134289,0.067164,0.006081
ACCGCAATAACTGCCT-1,0.000015,0.089474,0.000015,0.030294,0.017127,0.037835,0.00691,0.752524,0.065805
ACCGCGGTGGAAGTCG-1,0.00004,0.00004,0.00004,0.288042,0.00004,0.00004,0.020246,0.672155,0.019358
ACCGGGCCTTTGTTGA-1,0.000454,0.000454,0.000454,0.644295,0.040512,0.272743,0.000454,0.000454,0.040182
ACCGGTCAGGTACACC-1,0.002137,0.097878,0.166729,0.002138,0.722562,0.002138,0.002139,0.002139,0.002138
ACCGTCCACTGGGCCC-1,0.000539,0.00054,0.00054,0.398237,0.070305,0.00054,0.368627,0.160131,0.00054
ACCGTGACCACGTGGG-1,0.000368,0.151156,0.150695,0.000368,0.062872,0.09652,0.081289,0.000368,0.456364
ACCGTTCCCGCTCTGA-1,0.000108,0.049571,0.007457,0.017958,0.368193,0.000108,0.319301,0.130173,0.10713
ACCTAAGTACCTTTCA-1,0.000104,0.126086,0.000104,0.282386,0.136266,0.264919,0.078731,0.032659,0.078744
ACCTAATCGACTTCCT-1,0.00012,0.160064,0.00012,0.089795,0.749419,0.00012,0.00012,0.00012,0.00012
ACCTACAGTATGTGGT-1,0.001425,0.001426,0.001426,0.09768,0.728348,0.001425,0.16542,0.001426,0.001426
ACCTACTATAAATCTA-1,0.000112,0.05894,0.000112,0.047623,0.501704,0.293013,0.098272,0.000112,0.000112
ACCTCCGCCCTCGCTG-1,0.000406,0.000406,0.000406,0.559794,0.218384,0.000406,0.000406,0.219388,0.000406
ACCTCCGTTATTCACC-1,0.000065,0.030255,0.022328,0.527099,0.394718,0.017676,0.007729,0.000065,0.000065
ACCTGCGTGTCATGTT-1,0.000354,0.000354,0.091837,0.000354,0.371588,0.000354,0.419178,0.000354,0.115627
ACCTTTCCTTTAGAAG-1,0.000238,0.278297,0.000239,0.051937,0.396197,0.129728,0.09686,0.046265,0.000239
ACGAAATGGGCGGCAC-1,0.000236,0.000236,0.000236,0.793867,0.076086,0.09281,0.036057,0.000236,0.000236
ACGACCCATGAGTTGC-1,0.000694,0.000695,0.253015,0.648779,0.094037,0.000695,0.000695,0.000695,0.000695
ACGAGAACCCATCACG-1,0.000027,0.00617,0.000027,0.000027,0.000027,0.000027,0.412731,0.227253,0.353711
ACGAGGATACCACTCT-1,0.00016,0.00016,0.018464,0.00016,0.00016,0.233373,0.000161,0.747201,0.00016
ACGAGGTTTACAACGT-1,0.000079,0.260987,0.00008,0.285572,0.140358,0.209068,0.041856,0.010651,0.051348
ACGAGTACGGATGCCC-1,0.000073,0.000073,0.000073,0.245245,0.000073,0.000598,0.530357,0.223397,0.000112
ACGAGTCGCCGGCGTT-1,0.000564,0.000564,0.327595,0.316672,0.352347,0.000564,0.000564,0.000564,0.000564
ACGATACATAGAACTA-1,0.000095,0.109408,0.057753,0.243269,0.04291,0.546279,0.000095,0.000095,0.000095
ACGATACCTATCCTGA-1,0.000153,0.000153,0.054877,0.639948,0.072856,0.000154,0.169015,0.062691,0.000153
ACGATCATACATAGAG-1,0.000088,0.75311,0.000088,0.000088,0.145869,0.069028,0.000088,0.03155,0.000088
ACGATCATCTTGTAAA-1,0.000209,0.000209,0.000209,0.948962,0.020841,0.028941,0.000209,0.000209,0.000209
ACGATGCATATGTTAT-1,0.000208,0.182848,0.000208,0.382108,0.087001,0.184502,0.162709,0.000208,0.000208
ACGCAATCACTACAGC-1,0.0001,0.0001,0.0001,0.645688,0.117109,0.190601,0.037961,0.008242,0.0001
ACGCATACGTTTACTA-1,0.000408,0.242939,0.000409,0.578996,0.175613,0.000409,0.000409,0.000409,0.000409
ACGCCCAGCTGTCGAT-1,0.00029,0.196227,0.032848,0.321333,0.23994,0.208491,0.00029,0.00029,0.00029
ACGCCGCTAGACGACC-1,0.000103,0.11824,0.061821,0.036897,0.211205,0.301366,0.004963,0.251811,0.013595
ACGCCTGACACGCGCT-1,0.000717,0.000717,0.316527,0.512064,0.000717,0.000717,0.167105,0.000717,0.000717
ACGCGCTACACAGGGT-1,0.00013,0.148097,0.000131,0.578004,0.125246,0.106021,0.042109,0.000131,0.000131
ACGCGTTTCTTAAGAG-1,0.001709,0.001711,0.00171,0.651096,0.336932,0.001711,0.00171,0.00171,0.00171
ACGCTAGTGATACACT-1,0.000146,0.066321,0.000146,0.449846,0.017348,0.313664,0.152236,0.000146,0.000146
ACGCTGTGAGGCGTAG-1,0.000756,0.000756,0.291599,0.369143,0.334721,0.000756,0.000756,0.000756,0.000756
ACGGAATTTAGCAAAT-1,0.000122,0.000122,0.000122,0.281301,0.467153,0.028188,0.000122,0.148851,0.074017
ACGGACTCTCAAAGCG-1,0.00014,0.06439,0.00014,0.181918,0.716207,0.036786,0.00014,0.00014,0.00014
ACGGAGCGCAAATTAC-1,0.000098,0.000098,0.000098,0.060323,0.032845,0.765708,0.061655,0.079077,0.000098
ACGGATGGTGCGGATA-1,0.000229,0.17223,0.00576,0.487125,0.283281,0.000229,0.016964,0.000229,0.033952
ACGGCACTTGCTTGGG-1,0.000122,0.232558,0.08037,0.000122,0.004399,0.637584,0.000122,0.0446,0.000122
ACGGCGACGATGGGAA-1,0.000021,0.102254,0.005509,0.067716,0.003462,0.09394,0.139634,0.335284,0.25218
ACGGCGGGTTGCCCTG-1,0.000545,0.000545,0.000545,0.70717,0.289015,0.000545,0.000545,0.000545,0.000545
ACGGCTGGATGTAGAA-1,0.001355,0.001356,0.001356,0.001356,0.570985,0.300755,0.120126,0.001356,0.001356
ACGGGAGTGTCGGCCC-1,0.000073,0.024208,0.000073,0.449588,0.100891,0.052813,0.315621,0.056659,0.000073
ACGGGCGTATGCGACA-1,0.00007,0.24382,0.460531,0.190364,0.082163,0.022483,0.00007,0.00007,0.00043
ACGGGTCATGTGACTT-1,0.001058,0.001059,0.073631,0.918958,0.001059,0.001059,0.001059,0.001059,0.001059
ACGTACAGATTTCTCT-1,0.00005,0.231769,0.078279,0.00005,0.00005,0.03341,0.348467,0.129813,0.178111
ACGTATTACTCCGATC-1,0.000103,0.000103,0.000103,0.683653,0.020827,0.000103,0.01467,0.249623,0.030813
ACGTCCTAAACGAGAT-1,0.000432,0.000433,0.000433,0.400353,0.094227,0.064854,0.151188,0.287648,0.000433
ACGTCTCGTTCCGGGA-1,0.000299,0.000299,0.276042,0.000299,0.641397,0.000299,0.000299,0.000299,0.080768
ACGTGACAAAGTAAGT-1,0.000126,0.000126,0.097585,0.750291,0.151365,0.000126,0.000126,0.000126,0.000126
ACGTGGTCGAATGTGC-1,0.000512,0.000512,0.224165,0.112866,0.000512,0.659895,0.000512,0.000512,0.000512
ACGTTAGATTTGCCCG-1,0.000187,0.082895,0.000187,0.202919,0.572611,0.016185,0.000187,0.000187,0.124643
ACGTTATTGGTCACTC-1,0.000047,0.000047,0.000047,0.312431,0.000047,0.000047,0.000047,0.687242,0.000047
ACGTTCCGCGCTCCGT-1,0.000077,0.11476,0.067202,0.203847,0.059946,0.095749,0.076521,0.338701,0.043197
ACGTTCGCAATCAATT-1,0.00005,0.180881,0.00005,0.703885,0.110974,0.004008,0.00005,0.00005,0.00005
ACGTTCTGTACAAGTC-1,0.000233,0.082263,0.000234,0.000234,0.809297,0.000234,0.107039,0.000234,0.000234
ACTAAGGACGCACACC-1,0.000051,0.000051,0.146691,0.220393,0.232625,0.199233,0.075335,0.101764,0.023856
ACTACATCCCGACAAG-1,0.000153,0.459175,0.086923,0.012553,0.145357,0.182294,0.000153,0.000153,0.113238
ACTACCAGCTCTCTGG-1,0.000099,0.340607,0.000099,0.30121,0.336159,0.000099,0.000099,0.021527,0.000099
ACTACGCGTTAGAATT-1,0.00006,0.00006,0.00006,0.639932,0.35965,0.00006,0.00006,0.00006,0.00006
ACTAGTTGCGATCGTC-1,0.000049,0.000049,0.01266,0.091903,0.039087,0.001883,0.000049,0.843053,0.011268
ACTATCCAGGGCATGG-1,0.000156,0.000156,0.000156,0.556865,0.442045,0.000156,0.000156,0.000156,0.000156
ACTATCGCCGGCTAAA-1,0.000896,0.000897,0.194674,0.799049,0.000897,0.000897,0.000897,0.000897,0.000897
ACTATCTGCCCGCGTA-1,0.000064,0.000064,0.000064,0.002024,0.000064,0.000064,0.399634,0.504865,0.093157
ACTATTTCCGGGCCCA-1,0.000354,0.508158,0.038982,0.000354,0.093178,0.000354,0.357912,0.000354,0.000354
ACTCAACGAATGTATT-1,0.000168,0.063326,0.000168,0.418867,0.344737,0.020166,0.000168,0.033384,0.119018
ACTCAAGTGCAAGGCT-1,0.000143,0.062985,0.000143,0.000143,0.802145,0.000143,0.000143,0.000143,0.134014
ACTCAGACCTGCTTCT-1,0.000136,0.019383,0.082615,0.189124,0.033262,0.000136,0.000136,0.447695,0.227514
ACTCCCATTCCTAAAG-1,0.000817,0.000818,0.501557,0.000818,0.000818,0.378989,0.000818,0.000818,0.114549
ACTCCCGAATTCGTTT-1,0.000157,0.000157,0.091178,0.484164,0.322517,0.000157,0.08049,0.021022,0.000157
ACTCCCGTAGACTAGG-1,0.000147,0.19993,0.183207,0.237365,0.269568,0.109339,0.000147,0.000147,0.000147
ACTCCCTAATGCTAAA-1,0.000066,0.240318,0.059118,0.098896,0.022164,0.029335,0.411817,0.138219,0.000066
ACTCCCTAGAATAGTA-1,0.000063,0.170009,0.010321,0.259773,0.114606,0.199767,0.000063,0.128414,0.116985
ACTCGATGTATTTCAT-1,0.001949,0.001951,0.001951,0.870762,0.115586,0.001951,0.00195,0.00195,0.00195
ACTCGCGATCTGACGC-1,0.00012,0.00012,0.016132,0.983025,0.00012,0.00012,0.00012,0.00012,0.00012
ACTCGTAACCCGTCCT-1,0.000059,0.008761,0.000059,0.176619,0.136653,0.055034,0.162922,0.447275,0.012617
ACTCGTCAGTAATCCC-1,0.000094,0.169833,0.000094,0.008846,0.583827,0.097854,0.078007,0.006978,0.054467
ACTCTAAACCTGGGAT-1,0.000408,0.000409,0.000409,0.726562,0.270577,0.000409,0.000409,0.000409,0.000409
ACTCTCTGACTTAGGT-1,0.000072,0.314636,0.000072,0.176808,0.106711,0.107116,0.063197,0.061382,0.170006
ACTCTTCAGCTCCCGC-1,0.000911,0.000911,0.000911,0.510943,0.000911,0.000911,0.398406,0.085184,0.000911
