Barcode,Topic 1,Topic 2,Topic 3to9
AAACAACGAATAGTTC-1,0.000576,0.414465,0.58496
AAACAAGTATCTCCCA-1,0.000032,0.032985,0.966983
AAACAATCTACTAGCA-1,0.001389,0.00139,0.997221
AAACACCAATAACTGC-1,0.000028,0.03865,0.961323
AAACAGCTTTCAGAAG-1,0.000061,0.01116,0.988778
AAACAGGGTCTATATT-1,0.000022,0.001594,0.998384
AAACATTTCCCGGATT-1,0.000033,0.078372,0.921595
AAACCCGAACGAAATC-1,0.000028,0.103221,0.89675
AAACCGGAAATGTTAA-1,0.000026,0.01556,0.984414
AAACCGGGTAGGTACC-1,0.000059,0.101836,0.898105
AAACCGTTCGTCCAGG-1,0.000026,0.148629,0.851345
AAACCTAAGCAGCCGG-1,0.00007,0.157213,0.842717
AAACCTCATGAAGTTG-1,0.000025,0.000025,0.999949
AAACGAAGAACATACC-1,0.000206,0.262382,0.737412
AAACGAAGATGGAGTA-1,0.000027,0.03685,0.963123
AAACGAGACGGTTGAT-1,0.000068,0.346884,0.653048
AAACGCTGGGCACGAC-1,0.000153,0.101433,0.898414
AAACGGGCGTACGGGT-1,0.000078,0.000078,0.999844
AAACGGGTTGGTATCC-1,0.000437,0.000438,0.999125
AAACGGTTGCGAACTG-1,0.000058,0.28599,0.713952
AAACGTGTTCGCCCTA-1,0.000027,0.000027,0.999946
AAACTCGGTTCGCAAT-1,0.000033,0.138113,0.861854
AAACTTGCAAACGTAT-1,0.000026,0.00314,0.996834
AAAGAATGTGGACTAA-1,0.00014,0.00014,0.99972
AAAGACCCAAGTCGCG-1,0.002415,0.322344,0.675241
AAAGACTGGGCGCTTT-1,0.000038,0.000038,0.999923
AAAGCTTGCCTACATA-1,0.00003,0.077084,0.922886
AAAGGGATGTAGCAAG-1,0.000085,0.178013,0.821902
AAAGGGCAGCTTGAAT-1,0.00004,0.039096,0.960864
AAAGTAGCATTGCTCA-1,0.000019,0.000019,0.999962
AAAGTCACTGATGTAA-1,0.002525,0.002527,0.994947
AAAGTCGACCCTCAGT-1,0.000036,0.06873,0.931234
AAAGTGCCATCAATTA-1,0.00003,0.068181,0.931789
AAAGTGTGATTTATCT-1,0.000067,0.0709,0.929034
AAAGTTGACTCCCGTA-1,0.000029,0.037752,0.962219
AAATAAGGTAGTGCCC-1,0.000018,0.006869,0.993113
AAATAGCTTAGACTTT-1,0.000037,0.022084,0.977879
AAATAGGGTGCTATTG-1,0.000083,0.468143,0.531774
AAATCCGATACACGCC-1,0.000047,0.194558,0.805395
AAATCGCGGAAGGAGT-1,0.000038,0.307327,0.692635
AAATCGTGTACCACAA-1,0.000085,0.345725,0.65419
AAATCTAGCCCTGCTA-1,0.000044,0.148287,0.851668
AAATGACTGATCAAAC-1,0.000463,0.494009,0.505528
AAATGCTCGTTACGTT-1,0.000022,0.003476,0.996502
AAATGGCATGTCTTGT-1,0.00025,0.059972,0.939778
AAATGGCCCGTGCCCT-1,0.00004,0.017891,0.982069
AAATGGTCAATGTGCC-1,0.000038,0.200034,0.799927
AAATGTATCTTATCCC-1,0.000086,0.006197,0.993718
AAATGTGGGTGCTCCT-1,0.000389,0.840215,0.159396
AAATTAACGGGTAGCT-1,0.000051,0.140017,0.859932
AAATTAATAAGCGCGA-1,0.000039,0.000039,0.999923
AAATTACACGACTCTG-1,0.00015,0.158816,0.841033
AAATTACCTATCGATG-1,0.000046,0.181976,0.817977
AAATTCCAGGTCCAAA-1,0.000106,0.000106,0.999787
AAATTGATAGTCCTTT-1,0.000046,0.059887,0.940066
AAATTGCGGCGGTTCT-1,0.000741,0.000741,0.998518
AAATTGGTGAGAAGCA-1,0.000072,0.011381,0.988547
AAATTTGCGGGTGTGG-1,0.000044,0.119511,0.880445
AACAACTGGTAGTTGC-1,0.000045,0.120069,0.879885
AACAATTACTCTACGC-1,0.000034,0.016856,0.98311
AACACACGCTCGCCGC-1,0.000053,0.125687,0.87426
AACACGACTGTACTGA-1,0.000564,0.349813,0.649623
AACACGAGACGCGGCC-1,0.00004,0.007148,0.992812
AACACGCGGCCGCGAA-1,0.000364,0.000365,0.999271
AACAGCTGTGTGGCAA-1,0.000007,0.031369,0.968624
AACAGGAAATCGAATA-1,0.000076,0.032996,0.966928
AACAGGATGGGCCGCG-1,0.000033,0.0288,0.971167
AACAGGTAGTATGGAT-1,0.000032,0.0629,0.937068
AACATAGCGTGTATCG-1,0.000467,0.000467,0.999066
AACATATCAACTGGTG-1,0.000032,0.073682,0.926286
AACATTGGTCAGCCGT-1,0.001821,0.001823,0.996356
AACCAAGACTTCTCTG-1,0.000033,0.035857,0.96411
AACCATGGGATCGCTA-1,0.000042,0.059079,0.940879
AACCCAGAGACGGAGA-1,0.00003,0.067305,0.932665
AACCCATCCCATGATC-1,0.000026,0.053569,0.946405
AACCCGAGCAGAATCG-1,0.000029,0.068397,0.931574
AACCCGCTGTATTCCA-1,0.000132,0.998946,0.000922
AACCCTACTGTCAATA-1,0.000032,0.088873,0.911096
AACCCTGGTGGAACCA-1,0.000903,0.212839,0.786258
AACCGAGCTTGGTCAT-1,0.000065,0.58637,0.413565
AACCGCTAAGGGATGC-1,0.000044,0.299045,0.700912
AACCGTTGTGTTTGCT-1,0.00463,0.679553,0.315817
AACCTAAAGCCGTCCG-1,0.000132,0.000132,0.999735
AACCTCGCTTTAGCCC-1,0.000037,0.151618,0.848345
AACCTGTCACGGAATT-1,0.000107,0.133748,0.866144
AACCTTTAAATACGGT-1,0.000155,0.317387,0.682458
AACGAAAGTCGTCCCA-1,0.000045,0.11184,0.888115
AACGACCTCCTAGCCG-1,0.000306,0.085347,0.914347
AACGATAATGCCGTAG-1,0.000021,0.965451,0.034528
AACGATAGAAGGGCCG-1,0.000075,0.000075,0.999851
AACGCGAACGGCAACA-1,0.000224,0.000224,0.999553
AACGCGGTCTCCAGCC-1,0.000104,0.400719,0.599177
AACGCTGTTGCTGAAA-1,0.000072,0.109428,0.8905
AACGGACGTACGTATA-1,0.000033,0.121372,0.878595
AACGGCCATCTCCGGT-1,0.00004,0.119051,0.880909
AACGTACTGTGGGTAC-1,0.000049,0.124852,0.8751
AACGTAGTCTACCCAT-1,0.00045,0.18782,0.81173
AACGTCAGACTAGTGG-1,0.00005,0.219749,0.780202
AACGTCATCCGGCTTG-1,0.00011,0.30772,0.69217
AACGTCGCTGCACTTC-1,0.000404,0.063546,0.93605
AACGTGATGAAGGACA-1,0.000669,0.249102,0.750228
AACGTGCGAAAGTCTC-1,0.000076,0.677896,0.322028
AACGTTATCAGCACCT-1,0.00004,0.055794,0.944166
AACGTTCTACCATTGT-1,0.001323,0.363473,0.635204
AACTACCCGTTTGTCA-1,0.00005,0.0092,0.99075
AACTAGCGTATCGCAC-1,0.000247,0.000247,0.999506
AACTCAAGTTAATTGC-1,0.000033,0.218237,0.78173
AACTCCAGAGCGTGTT-1,0.000059,0.103386,0.896554
AACTCGATAAACACGT-1,0.000553,0.000553,0.998894
AACTCGATGGCGCAGT-1,0.000113,0.000113,0.999774
AACTCTCAATAGAGCG-1,0.000043,0.044688,0.955269
AACTCTCAGTGTGCTC-1,0.000049,0.128982,0.870969
AACTGAGTTATACTGA-1,0.000023,0.082724,0.917253
AACTGATATTAGGCCT-1,0.000051,0.104153,0.895795
AACTGGGTCCCGACGT-1,0.000058,0.091871,0.908071
AACTGGTGTGGGCCTT-1,0.000338,0.269744,0.729918
AACTTCTGCGTCTATC-1,0.000045,0.08157,0.918385
AACTTGCCCGTATGCA-1,0.000049,0.173063,0.826887
AACTTGCGTTCTCGCG-1,0.000043,0.091871,0.908086
AACTTTACGGGAGCTT-1,0.000037,0.073296,0.926667
AACTTTAGCTGCTGAG-1,0.000244,0.000244,0.999511
AACTTTCTCGATCATG-1,0.000029,0.005327,0.994644
AAGAAATCACCAGATT-1,0.000092,0.141172,0.858736
AAGAAGGATCAGTTAG-1,0.000011,0.000011,0.999979
AAGACATACGTGGTTT-1,0.000507,0.110568,0.888924
AAGACTAACCCGTTGT-1,0.001048,0.001049,0.997903
AAGAGATGAATCGGTA-1,0.000035,0.055508,0.944457
AAGAGCTCTTTATCGG-1,0.000046,0.731199,0.268754
AAGAGGATGTACGCGA-1,0.000057,0.095751,0.904193
AAGAGGCATGGATCGC-1,0.000089,0.201053,0.798858
AAGAGGCCCTTTGGAA-1,0.00004,0.135698,0.864262
AAGATTGGCGGAACGT-1,0.000058,0.066633,0.933308
AAGCACCCTGCGTATC-1,0.000084,0.180366,0.81955
AAGCATACTCTCCTGA-1,0.000129,0.500114,0.499757
AAGCCGAAGCGGTTTA-1,0.000039,0.006922,0.993039
AAGCCGCTTTACCTTG-1,0.000072,0.029898,0.970031
AAGCCGGAGAGCAGGA-1,0.00002,0.015175,0.984805
AAGCGCAGGGCTTTGA-1,0.000037,0.018163,0.9818
AAGCGTCCCTCATCGA-1,0.000029,0.102295,0.897676
AAGCTCGTGCCAAGTC-1,0.00011,0.715745,0.284145
AAGCTCTTTCATGGTG-1,0.000092,0.439704,0.560204
AAGGAGAACTTATAAG-1,0.000198,0.449351,0.550451
AAGGAGCGGTTGGTGC-1,0.000045,0.167534,0.832421
AAGGATCGATCGCTTG-1,0.000023,0.005414,0.994562
AAGGATGAGGGACCTC-1,0.00005,0.24419,0.75576
AAGGCAGGCTGTCTCC-1,0.000049,0.072591,0.92736
AAGGCGCGTAAAGCTT-1,0.000032,0.060082,0.939886
AAGGCTGTGCTCATCG-1,0.00003,0.162102,0.837868
AAGGGACAGATTCTGT-1,0.000052,0.130242,0.869705
AAGGGACTATGCATTC-1,0.000038,0.056364,0.943598
AAGGGTTAGCCATGCG-1,0.002584,0.002586,0.99483
AAGGGTTTGATTTCAG-1,0.000093,0.035433,0.964474
AAGGTGATAAACCAGC-1,0.000028,0.016951,0.983021
AAGTAGAAGACCGGGT-1,0.000045,0.080396,0.919558
AAGTAGTGACGCGAGG-1,0.000034,0.018851,0.981115
AAGTCAATTGTCGTCA-1,0.000044,0.04823,0.951725
AAGTCTAGTAGCTGCC-1,0.000076,0.197401,0.802522
AAGTCTTCTGTGGCCT-1,0.000037,0.000564,0.999399
AAGTGACGACCGAATT-1,0.000096,0.085113,0.914791
AAGTGCAAAGGTAGAC-1,0.000041,0.07955,0.92041
AAGTGCCTTGACTGTA-1,0.000046,0.373853,0.626101
AAGTGCGTTAGAATCT-1,0.000027,0.14099,0.858983
AAGTGTTTGGAGACGG-1,0.000084,0.539158,0.460758
AAGTTCACTCCAAGCT-1,0.000083,0.345505,0.654412
AAGTTCGGCCAACAGG-1,0.00004,0.129352,0.870609
AAGTTGTGATGTTATA-1,0.000088,0.079769,0.920142
AAGTTTACTAATGGCA-1,0.000545,0.99564,0.003815
AAGTTTATGGGCCCAA-1,0.000079,0.082824,0.917097
AATAACAACGCTCGGC-1,0.000042,0.002545,0.997413
AATAACACTAGAACAA-1,0.000032,0.122946,0.877022
AATAACGTCGCGCCCA-1,0.001248,0.348754,0.649997
AATAAGTCCTCGAGAC-1,0.001481,0.001483,0.997036
AATAATCTTCGTATCG-1,0.000033,0.162816,0.837151
AATACAATGTTTCAGG-1,0.000039,0.066331,0.93363
AATACCTGATGTGAAC-1,0.001709,0.001711,0.99658
AATAGAACAGAGTGGC-1,0.000036,0.250377,0.749587
AATAGAATCTGTTTCA-1,0.000069,0.132639,0.867292
AATAGTCGCGAGTCGG-1,0.00002,0.021463,0.978517
AATATCAAGGTCGGAT-1,0.001764,0.001765,0.996471
AATATCCTAGCAAACT-1,0.000027,0.008903,0.99107
AATATCGAATCAATGC-1,0.000033,0.12753,0.872437
AATATCGAGGGTTCTC-1,0.000066,0.230452,0.769482
AATATTGGAGTATTGA-1,0.000032,0.0188,0.981168
AATCAGACTGCAGGAC-1,0.000896,0.000897,0.998207
AATCATGTAAAGACTC-1,0.000049,0.088028,0.911923
AATCCAAGGGCCTGAG-1,0.000076,0.004681,0.995244
AATCCATGCAAGGGTG-1,0.000297,0.186484,0.813218
AATCCCGCTCAGAGCC-1,0.000281,0.648587,0.351132
AATCGAGGTCTCAAGG-1,0.000539,0.423877,0.575584
AATCGCCTCAGCGCCA-1,0.000065,0.36655,0.633385
AATCGCGCAGAGGACT-1,0.000058,0.000058,0.999883
AATCGGGACACTACGA-1,0.00161,0.001612,0.996778
AATCGGTATAGCCCTC-1,0.001406,0.001407,0.997186
AATCGTGAGCCGAGCA-1,0.000573,0.434516,0.564911
AATCTAGGTTTACTTG-1,0.000065,0.100646,0.899289
AATCTCTACTGTGGTT-1,0.000044,0.000044,0.999913
AATCTGCGTTGGGACG-1,0.000069,0.097249,0.902681
AATCTGGCTTTCTAGT-1,0.000051,0.08263,0.917319
AATGACAGCAATGTCT-1,0.000036,0.112396,0.887568
AATGACGTAGGATGTC-1,0.000091,0.54857,0.451339
AATGACTGTCAGCCGG-1,0.000036,0.106392,0.893572
AATGAGTTCGCATATG-1,0.000012,0.000012,0.999976
AATGATGATACGCTAT-1,0.000011,0.000011,0.999978
AATGATGCGACTCCTG-1,0.000062,0.225692,0.774246
AATGCAACCGGGTACC-1,0.000059,0.183228,0.816713
AATGCACCAAGCAATG-1,0.000011,0.001413,0.998576
AATGGTCCACCGTTCA-1,0.000043,0.066094,0.933862
AATGGTTCTCACAAGC-1,0.000052,0.123944,0.876005
AATGTGCCCGAGGTGT-1,0.000058,0.119016,0.880926
AATGTTAAGACCCTGA-1,0.000992,0.013002,0.986005
AATGTTGTCGTGAGAC-1,0.000215,0.399714,0.600071
AATTAAAGGTCGGCGT-1,0.00005,0.278516,0.721434
AATTAACGGATTTCCA-1,0.000106,0.256925,0.74297
AATTACGAGACCCATC-1,0.000041,0.354552,0.645407
AATTACTCGTACGCTC-1,0.000394,0.000394,0.999212
AATTATACCCAGCAAG-1,0.000159,0.096226,0.903616
AATTCATAAGGGATCT-1,0.000051,0.183417,0.816532
AATTCCAACTTGGTGA-1,0.001339,0.347852,0.650809
AATTCCAAGCATGTAC-1,0.000421,0.000421,0.999158
AATTCGATTCGAGGAT-1,0.000219,0.000219,0.999562
AATTGAACGCTCTGGT-1,0.000073,0.148576,0.851351
AATTGCAGCAATCGAC-1,0.000033,0.000033,0.999933
AATTGTGGTTGCCAAA-1,0.000018,0.000018,0.999965
AATTTGGTTCCAAAGA-1,0.001145,0.008861,0.989994
ACAAACCGACAAGGCG-1,0.000197,0.48828,0.511523
ACAAAGAAGGTAGGCC-1,0.000035,0.030908,0.969057
ACAAAGCATGACCTAG-1,0.000013,0.000013,0.999974
ACAAATCGCACCGAAT-1,0.000043,0.495199,0.504758
ACAAATGGTAGTGTTT-1,0.000074,0.178215,0.821711
ACAACAGCATGAGCTA-1,0.000153,0.304602,0.695244
ACAACGGTCCCTGCGA-1,0.000029,0.06155,0.938421
ACAAGCAGTGCCTAGC-1,0.000033,0.072039,0.927928
ACAAGCTATATGGAAG-1,0.000056,0.000057,0.999887
ACAAGGAAATCCGCCC-1,0.000046,0.844147,0.155807
ACAAGGACAAGAGGTT-1,0.000025,0.071363,0.928613
ACAAGGATGCTTTAGG-1,0.00005,0.131521,0.868429
ACAAGGGCAGGCTCTG-1,0.000077,0.506619,0.493304
ACAATAGTCGTACGTT-1,0.000079,0.207119,0.792802
ACAATCCATTTAAACC-1,0.00005,0.050431,0.949519
ACAATCGATCTTTATA-1,0.001277,0.001278,0.997445
ACAATGAATACGGAGA-1,0.000024,0.102441,0.897535
ACAATTGTGTCTCTTT-1,0.000059,0.233017,0.766924
ACAATTTAGGAGGCTC-1,0.000044,0.010308,0.989649
ACAATTTGAGCAGTGG-1,0.000052,0.233478,0.76647
ACAATTTGGCCATATT-1,0.000043,0.083449,0.916509
ACACAAAGACGGGTGG-1,0.000048,0.271447,0.728505
ACACAAATATTCCTAG-1,0.000072,0.06552,0.934408
ACACACCAGGACCAGT-1,0.000048,0.162913,0.837039
ACACACTTTCTACACG-1,0.000074,0.000074,0.999852
ACACATGATCAAATCT-1,0.000026,0.034067,0.965907
ACACATTGACGCAACA-1,0.000274,0.000274,0.999452
ACACATTTCCGTAGAC-1,0.000092,0.107767,0.892141
ACACCACATAATTAGC-1,0.000039,0.023727,0.976234
ACACCCAGCATGCAGC-1,0.000055,0.129163,0.870781
ACACCCGAGAAATCCG-1,0.000026,0.18045,0.819524
ACACCGAGCGCTCTTT-1,0.000926,0.000927,0.998148
ACACCTTAAGTAGGGC-1,0.000058,0.161154,0.838788
ACACCTTACTACTTGC-1,0.00004,0.001537,0.998423
ACACGAGACTCCTTCT-1,0.000104,0.390958,0.608938
ACACGGCACTATGCAT-1,0.000882,0.000883,0.998236
ACACGGGAACTTAGGG-1,0.000051,0.900165,0.099784
ACACGTAGGCCACAAG-1,0.000042,0.04079,0.959168
ACACTCCAATGTCACT-1,0.000031,0.046599,0.95337
ACACTGATCAAGGTGT-1,0.000046,0.253398,0.746556
ACACTGGGACAGTCGT-1,0.000028,0.007699,0.992273
ACAGAACTGAGAACAA-1,0.00004,0.107025,0.892935
ACAGATTAGGTTAGTG-1,0.000444,0.189301,0.810254
ACAGCATAGAGCCAGT-1,0.002364,0.002366,0.99527
ACAGCGACATTCTCAT-1,0.000053,0.065833,0.934114
ACAGCGCACCCGCAGC-1,0.000328,0.054087,0.945585
ACAGGAGGCGCAGCCG-1,0.000617,0.000618,0.998765
ACAGGCACGGATCCTT-1,0.000741,0.000741,0.998518
ACAGGCTTGCCCGACT-1,0.000051,0.133739,0.86621
ACAGGTGGAGGTGAGG-1,0.000041,0.049398,0.950561
ACAGGTGTGTTGTTGC-1,0.000033,0.000033,0.999934
ACAGTAATACAACTTG-1,0.000028,0.042081,0.957891
ACAGTATACCGTGGGA-1,0.000184,0.057723,0.942093
ACATAAGTCGTGGTGA-1,0.000033,0.08332,0.916647
ACATAATAAGGCGGTG-1,0.000067,0.20029,0.799643
ACATACAATCAAGCGG-1,0.000117,0.411441,0.588442
ACATCAGCTGGGACGC-1,0.000027,0.039303,0.96067
ACATCCTGGTAACTGT-1,0.000029,0.027993,0.971978
ACATCGGTCAGCCGCG-1,0.000057,0.131042,0.868901
ACATCGTATGCAATGG-1,0.00009,0.300149,0.699762
ACATCGTTAACCTAGT-1,0.000501,0.200011,0.799488
ACATCTCAACGCGTAA-1,0.000487,0.311188,0.688324
ACATGGCGCCAAAGTA-1,0.000061,0.023978,0.975961
ACATGGCTCAATTTAG-1,0.001883,0.193384,0.804733
ACATTTGAAACCTAAC-1,0.000983,0.000984,0.998033
ACCAAACACCCAGCGA-1,0.000217,0.143814,0.855969
ACCAAACTAGAAATCC-1,0.000665,0.210173,0.789161
ACCAACCGCACTCCAC-1,0.000037,0.173002,0.826961
ACCAACGCTTATTTAT-1,0.000042,0.251488,0.74847
ACCAAGAACGCGTGTC-1,0.000029,0.070345,0.929626
ACCAAGTCATCGGCAG-1,0.001462,0.001463,0.997075
ACCAATATGCAAGTTA-1,0.000092,0.45596,0.543948
ACCACAACTCAGAACA-1,0.000089,0.01201,0.987902
ACCACAAGTTTCTATC-1,0.000036,0.207452,0.792512
ACCACACGGTTGATGG-1,0.00161,0.128284,0.870106
ACCACCAATGTAACAA-1,0.000054,0.067003,0.932943
ACCACCCTCTCTTCTA-1,0.000078,0.18025,0.819672
ACCACGTGCAGCTATA-1,0.00007,0.654644,0.345286
ACCACTGTTCAAGAAG-1,0.001406,0.30629,0.692303
ACCAGACCATAACAAC-1,0.000033,0.000033,0.999934
ACCAGCCCGGTCTTTG-1,0.001263,0.736648,0.262089
ACCAGGAGTGTGATCT-1,0.00057,0.00057,0.99886
ACCAGTGCGGGAGACG-1,0.000043,0.020073,0.979884
ACCATATCCGCAATAA-1,0.000042,0.244042,0.755917
ACCATCCGCCAACTAG-1,0.000057,0.070316,0.929627
ACCATCGTATATGGTA-1,0.000029,0.088922,0.911049
ACCATTAAGGGTGTCA-1,0.000099,0.000099,0.999802
ACCCAACGCCCGTGGC-1,0.000067,0.128131,0.871802
ACCCACCTACATGCTC-1,0.000018,0.012678,0.987304
ACCCATCTTGAGGGTA-1,0.000043,0.077433,0.922524
ACCCATTTGTCCCTCT-1,0.000019,0.000019,0.999963
ACCCGGAGCACCACAA-1,0.00002,0.110275,0.889705
ACCCGGATGACGCATC-1,0.000047,0.059516,0.940437
ACCCGGTTACACTTCC-1,0.000039,0.246637,0.753324
ACCCGTAGTCTAGTTG-1,0.000394,0.117793,0.881813
ACCCTATAGGACTGAG-1,0.000092,0.108725,0.891182
ACCCTATGCCATATCG-1,0.000044,0.228838,0.771119
ACCCTCCCGTCAGGGC-1,0.00202,0.002022,0.995958
ACCCTCCCTTGCTATT-1,0.000062,0.176243,0.823695
ACCCTGGTAACGCCCT-1,0.000621,0.000621,0.998758
ACCCTTCATCTGCGAA-1,0.005291,0.389748,0.604961
ACCCTTGCCTGGGTCG-1,0.000143,0.158541,0.841316
ACCCTTTAGTTCTCCA-1,0.000358,0.084862,0.91478
ACCGAAAGGGCCCTGC-1,0.001058,0.001059,0.997883
ACCGAAGAGTCTGGTT-1,0.000032,0.054912,0.945056
ACCGACACATCTCCCA-1,0.000056,0.120343,0.879601
ACCGAGTCTCCTTATT-1,0.000591,0.000591,0.998818
ACCGATAGGCATAACC-1,0.000032,0.120934,0.879034
ACCGATATTTAATCAT-1,0.000039,0.065327,0.934634
ACCGATGGTAGCATCG-1,0.000065,0.189163,0.810772
ACCGCAATAACTGCCT-1,0.000074,0.583479,0.416447
ACCGCGGTGGAAGTCG-1,0.00005,0.05366,0.94629
ACCGGGCCTTTGTTGA-1,0.000045,0.006169,0.993786
ACCGGTCAGGTACACC-1,0.000014,0.041953,0.958033
ACCGTTCCCGCTCTGA-1,0.001263,0.485365,0.513372
ACCTAAGTACCTTTCA-1,0.000025,0.028096,0.971879
ACCTAATCGACTTCCT-1,0.000062,0.006858,0.993081
ACCTACAGTATGTGGT-1,0.000053,0.000053,0.999893
ACCTACTATAAATCTA-1,0.000061,0.221412,0.778527
ACCTCAGCGAGGCGCA-1,0.000173,0.232535,0.767292
ACCTCCGCCCTCGCTG-1,0.000069,0.032352,0.96758
ACCTCCGTTATTCACC-1,0.000084,0.000084,0.999833
ACCTGCGTGTCATGTT-1,0.000043,0.075165,0.924792
ACCTTTCCTTTAGAAG-1,0.000823,0.276538,0.722639
ACGAAATGGGCGGCAC-1,0.00004,0.000652,0.999308
ACGACCCATGAGTTGC-1,0.000014,0.000014,0.999972
ACGACTCTAGGGCCGA-1,0.000624,0.000625,0.998751
ACGAGAACCCATCACG-1,0.000646,0.212226,0.787128
ACGAGATATTTGCTTA-1,0.000276,0.461857,0.537867
ACGAGGATACCACTCT-1,0.000032,0.267548,0.73242
ACGAGGTTTACAACGT-1,0.000027,0.033052,0.966921
ACGAGTACGGATGCCC-1,0.000049,0.057917,0.942034
ACGAGTCGCCGGCGTT-1,0.000401,0.000401,0.999197
ACGATACCTATCCTGA-1,0.000046,0.026698,0.973256
ACGATCATACATAGAG-1,0.000142,0.289899,0.70996
ACGATCATCTTGTAAA-1,0.000054,0.014494,0.985452
ACGATGCATATGTTAT-1,0.000056,0.158329,0.841615
ACGATGGATCCGATGC-1,0.000479,0.236025,0.763496
ACGCATACGTTTACTA-1,0.00006,0.113719,0.886221
ACGCCACTCGAAACAG-1,0.000246,0.227645,0.772109
ACGCCAGATGATTTCT-1,0.000074,0.133531,0.866396
ACGCCAGTGCGTTTGC-1,0.000412,0.147116,0.852472
ACGCCCAGCTGTCGAT-1,0.001122,0.431283,0.567594
ACGCCGCTAGACGACC-1,0.000025,0.987845,0.01213
ACGCCTGACACGCGCT-1,0.000091,0.000091,0.999818
ACGCGCTACACAGGGT-1,0.000056,0.010145,0.989799
ACGCGTTTCTTAAGAG-1,0.000078,0.000078,0.999845
ACGCTACTGAATGGGC-1,0.001984,0.001986,0.99603
ACGCTAGTGATACACT-1,0.000074,0.109161,0.890765
ACGCTGTGAGGCGTAG-1,0.000058,0.152942,0.847
ACGCTTAGTGTCTCTC-1,0.001263,0.83203,0.166708
ACGGAACACGAGTGCC-1,0.000431,0.000431,0.999138
ACGGAATTTAGCAAAT-1,0.00001,0.00001,0.999979
ACGGACTCTCAAAGCG-1,0.000073,0.222554,0.777373
ACGGATGGTGCGGATA-1,0.000142,0.353248,0.64661
ACGGCGACGATGGGAA-1,0.000087,0.525069,0.474844
ACGGCGGGTTGCCCTG-1,0.000722,0.000722,0.998556
ACGGCTGGATGTAGAA-1,0.000103,0.058074,0.941823
ACGGGAGTGTCGGCCC-1,0.000027,0.018851,0.981121
ACGGGCGTATGCGACA-1,0.000088,0.086874,0.913039
ACGGGTCATGTGACTT-1,0.000205,0.000205,0.99959
ACGGTACAGTTCAATG-1,0.001372,0.001373,0.997256
ACGTACAGATTTCTCT-1,0.004115,0.004118,0.991767
ACGTAGGAGAGTCGCT-1,0.000272,0.000273,0.999455
ACGTATTACTCCGATC-1,0.000065,0.041591,0.958344
ACGTCCTAAACGAGAT-1,0.000498,0.365029,0.634472
ACGTCTCGTTCCGGGA-1,0.000033,0.085437,0.914529
ACGTGACAAAGTAAGT-1,0.00002,0.00002,0.99996
ACGTGCGCCTCGTGCA-1,0.000055,0.128578,0.871367
ACGTGGTCGAATGTGC-1,0.001195,0.714576,0.284229
ACGTTAGATTTGCCCG-1,0.000053,0.162769,0.837178
ACGTTATTGGTCACTC-1,0.000061,0.000061,0.999877
ACGTTCCGCGCTCCGT-1,0.000751,0.158354,0.840895
ACGTTCGCAATCAATT-1,0.000049,0.073155,0.926796
ACGTTCTGTACAAGTC-1,0.00013,0.000131,0.999739
ACGTTTAGTTGTGATC-1,0.000189,0.000189,0.999621
ACGTTTCGGTGCACTT-1,0.000373,0.129288,0.870339
ACTACCAGCTCTCTGG-1,0.000081,0.135922,0.863997
ACTAGTTGCGATCGTC-1,0.000049,0.006866,0.993085
ACTATCCAGGGCATGG-1,0.000038,0.000038,0.999923
ACTATCGCCGGCTAAA-1,0.000077,0.008026,0.991897
ACTATCTGCCCGCGTA-1,0.000019,0.000019,0.999962
ACTATTCGTCCGTGGT-1,0.000736,0.000736,0.998528
ACTCAACGAATGTATT-1,0.000262,0.081348,0.91839
ACTCAAGTGCAAGGCT-1,0.000057,0.143609,0.856334
ACTCAATAAAGGCACG-1,0.000064,0.612972,0.386964
ACTCAGACCTGCTTCT-1,0.00161,0.001611,0.996778
ACTCCCATTCCTAAAG-1,0.000015,0.000015,0.99997
ACTCCCGAATTCGTTT-1,0.000042,0.094874,0.905085
ACTCCCGTAGACTAGG-1,0.000068,0.005413,0.994519
ACTCCCTAATGCTAAA-1,0.000146,0.005645,0.994209
ACTCCCTAGAATAGTA-1,0.000037,0.70882,0.291143
ACTCCGGCCGACCACT-1,0.000911,0.166426,0.832663
ACTCGATGTATTTCAT-1,0.000198,0.000199,0.999603
ACTCGCCGTTCGATAA-1,0.000295,0.057466,0.94224
ACTCGCGATCTGACGC-1,0.000042,0.00012,0.999839
ACTCGTAACCCGTCCT-1,0.000042,0.024483,0.975475
ACTCGTCAGTAATCCC-1,0.000068,0.270321,0.729611
ACTCTAAACCTGGGAT-1,0.00009,0.083875,0.916035
ACTCTCTGACTTAGGT-1,0.000106,0.505647,0.494247
ACTCTCTTATACACGA-1,0.001425,0.680457,0.318118
ACTCTGACCTAATAGA-1,0.000422,0.200529,0.799049
ACTCTTCAGCTCCCGC-1,0.000095,0.031094,0.968811
ACTGAAACGCCGTTAG-1,0.000028,0.024769,0.975203
ACTGAATGGCGAAAGT-1,0.000034,0.169243,0.830723
ACTGATTTAGTGATTC-1,0.000699,0.296163,0.703138
ACTGCCGTCGTAACTC-1,0.000082,0.000082,0.999836
ACTGCGGACACACCGT-1,0.000089,0.024135,0.975776
ACTGCTCGGAAGGATG-1,0.000037,0.004826,0.995138
ACTGTACGATACACAT-1,0.000057,0.651797,0.348146
ACTGTAGCACTTTGGA-1,0.000062,0.110406,0.889532
ACTGTATACGCGAGCA-1,0.00039,0.177206,0.822404
ACTGTCCAGGATTATA-1,0.000045,0.356423,0.643532
ACTGTGCTAGTAGATC-1,0.000044,0.02135,0.978606
ACTGTTTAGTGTAGGC-1,0.000384,0.49537,0.504246
ACTTACGCATCCACGC-1,0.000074,0.262255,0.737671
ACTTAGTACGACAAGA-1,0.000064,0.000064,0.999873
ACTTATACTTACCCGG-1,0.000054,0.149428,0.850518
ACTTATTAGGATCGGT-1,0.000062,0.324534,0.675404
ACTTATTTATGTGCCA-1,0.000075,0.255505,0.74442
ACTTCAGGCTGATCCC-1,0.000063,0.503118,0.496819
ACTTCCAGTGGAAGCT-1,0.000028,0.000028,0.999943
ACTTCCATGCGGGACA-1,0.000062,0.118005,0.881932
ACTTCGCCATACGCAC-1,0.0001,0.653988,0.345912
ACTTCGCTAGCGAGTG-1,0.000098,0.098829,0.901073
ACTTGACTCCCTCTTT-1,0.000023,0.97619,0.023786
ACTTGCCATATTGTAC-1,0.00031,0.183765,0.815925
ACTTGGGACCCGGTGG-1,0.000034,0.200489,0.799478
ACTTGGGCTTTCGCCA-1,0.001145,0.437893,0.560962
ACTTGTAGTCCCTTCA-1,0.000053,0.000053,0.999895
ACTTGTGGATGGAACG-1,0.000043,0.088807,0.91115
ACTTGTTACCGGATCA-1,0.000357,0.117779,0.881863
ACTTTACCCTCATGAA-1,0.000056,0.183982,0.815962
ACTTTCCTATAGCTTC-1,0.000171,0.110153,0.889676
ACTTTGACTGCATCCT-1,0.00005,0.00005,0.9999
ACTTTGGTCGTGCTCC-1,0.000088,0.123647,0.876265
ACTTTGTCGACGCACT-1,0.000018,0.000618,0.999364
AGAAATTATGACTCGC-1,0.00002,0.022092,0.977888
AGAACCCAGCGTGACA-1,0.000027,0.0599,0.940073
AGAACGTGGTACATTC-1,0.000028,0.979636,0.020336
AGAACTGTACTTTGTA-1,0.000305,0.315967,0.683728
AGAAGAGCGCCGTTCC-1,0.000352,0.365827,0.633821
AGAAGGTACACTTCAC-1,0.000045,0.14786,0.852095
AGAAGGTTGCCGAATT-1,0.000046,0.238252,0.761702
AGAAGGTTGTAGGTCG-1,0.00003,0.026003,0.973967
AGAAGTGATTCGTGAT-1,0.000044,0.099282,0.900674
AGAATAAATCTTCAGG-1,0.000031,0.016419,0.98355
AGAATACAGGCTATCC-1,0.000642,0.543803,0.455555
AGAATTATGGATTCGA-1,0.000029,0.035145,0.964826
AGAATTGTTTGACATA-1,0.000035,0.000035,0.99993
AGACAGCTCAGAATCC-1,0.000012,0.034909,0.965079
AGACAGGCATCTCAGC-1,0.00006,0.102068,0.897872
AGACATAGATCCTTCC-1,0.000267,0.000267,0.999466
AGACCAAACCACACCT-1,0.000039,0.026655,0.973306
AGACCATGGGATACAA-1,0.000029,0.003459,0.996512
AGACCCGCCCTCCTCG-1,0.000042,0.153494,0.846464
AGACCGCTCCGCGGTT-1,0.000055,0.067828,0.932117
AGACCGGGAAACCCTG-1,0.00006,0.00006,0.99988
AGACGAAGTGCCGGTC-1,0.000023,0.018579,0.981398
AGACGACGATGCCGCT-1,0.000029,0.071595,0.928376
AGACGCCCACTTCGCC-1,0.000033,0.086824,0.913143
AGACGGGATTGGTATA-1,0.00013,0.00432,0.99555
AGACTAGCCTTCCAGA-1,0.000031,0.110662,0.889308
AGAGAACCGTCTAGGA-1,0.000046,0.230547,0.769406
AGAGAAGGAGTACAAT-1,0.000013,0.052176,0.947811
AGAGATCTCTAAAGCG-1,0.00009,0.00009,0.99982
AGAGCAGTTATGAGAC-1,0.000041,0.000041,0.999918
AGAGCCGCCGAGATTT-1,0.000022,0.005543,0.994435
AGAGCGCTTGTAACGG-1,0.000058,0.120659,0.879283
AGAGCGGGCTAATCAT-1,0.000049,0.043159,0.956792
AGAGCGTACAAGCTCG-1,0.000024,0.026344,0.973631
AGAGCTACGAAAGCAT-1,0.000524,0.171977,0.827499
AGAGGCTTCGGAAACC-1,0.000036,0.231986,0.767978
AGAGGTATCTCGGTCC-1,0.000512,0.088534,0.910954
AGAGTAAACTTCACTA-1,0.000033,0.037541,0.962426
AGAGTATAGTGTTACG-1,0.00006,0.010296,0.989644
AGAGTCTTAATGAAAG-1,0.000835,0.000836,0.998329
AGATAACTTCAGGGCC-1,0.000032,0.320559,0.679408
AGATACCAATAGAACC-1,0.000045,0.004308,0.995647
AGATACCAGCACTTCA-1,0.000082,0.012523,0.987395
AGATACCGGTGTTCAC-1,0.000057,0.092419,0.907525
AGATACGACTTCATAT-1,0.00005,0.0201,0.97985
AGATACTCAAGATCGA-1,0.000056,0.290037,0.709907
AGATATAATACGACTA-1,0.000041,0.138273,0.861686
AGATCGTGCATAAGAT-1,0.000046,0.141523,0.858431
AGATCTCAGGTGTGAT-1,0.000017,0.948653,0.05133
AGATGACTCGCCCACG-1,0.000078,0.128405,0.871517
AGATGATGGAGTCTGG-1,0.000046,0.055259,0.944694
AGATGCAAGACGTGCA-1,0.000056,0.137498,0.862446
AGATGCATCCTGTGTC-1,0.000043,0.000043,0.999914
AGATGCTATAACGAGC-1,0.000455,0.000456,0.999089
AGATTATAGGACGTTT-1,0.000047,0.141348,0.858605
AGATTCACAACCGATA-1,0.000041,0.103589,0.89637
AGCAAAGGCCGCTAGT-1,0.000038,0.255719,0.744243
AGCAACATATCTTATT-1,0.000065,0.175109,0.824826
AGCAACCGAAAGTAAT-1,0.000011,0.074737,0.925252
AGCACTACCGGCCTGT-1,0.000056,0.052964,0.94698
AGCACTACCTCACCAG-1,0.000066,0.554781,0.445153
AGCACTTAAGGACGCC-1,0.000056,0.062608,0.937336
AGCAGAAGGAGAAAGA-1,0.000081,0.921942,0.077977
AGCAGTCGAAGCATGC-1,0.000299,0.000299,0.999402
AGCATATCAATATGCT-1,0.000058,0.063438,0.936504
AGCATCATTTCGAAAG-1,0.000042,0.138718,0.861239
AGCATCGTCGATAATT-1,0.000051,0.087877,0.912072
AGCATTACGAGGCAAG-1,0.000103,0.000103,0.999794
AGCCACAGGTTACCCG-1,0.00008,0.119579,0.880342
AGCCATATAGTATGTG-1,0.000159,0.338347,0.661494
AGCCCATACATGTAAG-1,0.000072,0.182851,0.817077
AGCCCGCACTACAATG-1,0.000281,0.138745,0.860974
AGCCCTAAGCGAAGTT-1,0.000073,0.1833,0.816627
AGCCCTGTCGCACCGT-1,0.000042,0.000083,0.999874
AGCCCTTCTAATCCGA-1,0.000044,0.108399,0.891556
AGCCCTTGGACATCCC-1,0.000037,0.057456,0.942507
AGCCGCAAATTCAAAT-1,0.000041,0.000041,0.999918
AGCCGCTTGATTAGCG-1,0.002469,0.00247,0.99506
AGCCGTGGCTAAATGT-1,0.000045,0.043236,0.956718
AGCCTAATACCCACGT-1,0.000039,0.100669,0.899292
AGCCTTAAAGCGGAAG-1,0.000023,0.024261,0.975716
AGCGACAGGAACGGTC-1,0.000043,0.138611,0.861345
AGCGACATCCCATTCA-1,0.000064,0.020153,0.979782
AGCGACCAACGATATT-1,0.000049,0.325832,0.674119
AGCGATGCGCCTAATA-1,0.000035,0.210281,0.789684
AGCGCGGGTGCCAATG-1,0.000037,0.217997,0.781966
AGCGCTAGAGCGATGT-1,0.000047,0.003274,0.996679
AGCGGACACTTCGTAG-1,0.000125,0.47124,0.528635
AGCGGCGGTTAGCGGT-1,0.000029,0.003085,0.996886
AGCGGGAAGGGTCCAT-1,0.000035,0.100376,0.899588
AGCGGGTCTGACACTC-1,0.000283,0.383619,0.616097
AGCGGTTGCCGCTCTG-1,0.000059,0.000059,0.999881
AGCGTACGAGAGCTAG-1,0.000607,0.000608,0.998785
AGCGTAGCGCTAGACC-1,0.001792,0.249013,0.749195
AGCGTCTGAACCCGCA-1,0.000321,0.047525,0.952153
AGCGTGGTATTCTACT-1,0.000062,0.94394,0.055998
AGCTAAGTACGCAGGC-1,0.000043,0.000043,0.999913
AGCTACGAATGGTGGT-1,0.000553,0.439208,0.560239
AGCTAGAAGCAGAAGT-1,0.000032,0.026813,0.973155
AGCTATTTAATCCAAC-1,0.000057,0.368459,0.631484
AGCTCCATATATGTTC-1,0.000049,0.123157,0.876793
AGCTCCTTCGCACATC-1,0.000068,0.250954,0.748978
AGCTCGTTGATGGAAA-1,0.000034,0.037828,0.962139
AGCTCTAGACGTTCCA-1,0.000064,0.621852,0.378083
AGCTCTTCGTAACCTT-1,0.000053,0.011613,0.988333
AGCTCTTTACTCAGTT-1,0.000048,0.185906,0.814046
AGCTGTAACCTCAATC-1,0.000062,0.046361,0.953577
AGCTTATAGAGACCTG-1,0.000503,0.000503,0.998994
AGCTTCAATACTTTGA-1,0.000219,0.222034,0.777747
AGCTTCTTCTCGAGCA-1,0.001235,0.001236,0.99753
AGCTTGATCTTAACTT-1,0.000076,0.054979,0.944945
AGGAAAGCCTCTGATG-1,0.000512,0.511373,0.488115
AGGAACGAACGACTTC-1,0.000017,0.000017,0.999965
AGGAAGCTGTCCGCCG-1,0.000023,0.851409,0.148568
AGGACAGTCGAATCCC-1,0.000027,0.000027,0.999947
AGGACATCGCACGTCG-1,0.00003,0.013138,0.986832
AGGACATCGGCACACT-1,0.000346,0.179659,0.819995
AGGACGACCCATTAGA-1,0.000045,0.09654,0.903415
AGGACGCTCGATGTTG-1,0.000023,0.015671,0.984306
AGGACTTATAGGAGAA-1,0.000083,0.000083,0.999834
AGGAGACATCCACAGT-1,0.000066,0.07162,0.928314
AGGAGAGTCTGGCTAC-1,0.00003,0.069752,0.930218
AGGAGCGTTTATTATC-1,0.000181,0.293865,0.705954
AGGAGGCCTTCGCGCG-1,0.000057,0.104619,0.895324
AGGATATAGGGATTTA-1,0.000059,0.047609,0.952332
AGGATATCCGACTGCA-1,0.000492,0.234875,0.764634
AGGATCACGCGATCTG-1,0.000028,0.009128,0.990843
AGGATTGCTTACGACA-1,0.000103,0.064255,0.935642
AGGCAAAGAGGAATCA-1,0.000678,0.000678,0.998644
AGGCAATACGGAGGAC-1,0.000161,0.000161,0.999679
AGGCACGTGACTGTCC-1,0.000009,0.000009,0.999981
AGGCAGATGCGTAAAC-1,0.00005,0.147204,0.852746
AGGCATTGTCGTAGGG-1,0.000043,0.150801,0.849156
AGGCCACATTGGTTAC-1,0.000039,0.053363,0.946597
AGGCCACCCGTTATGA-1,0.000025,0.088892,0.911082
AGGCCCAGTGACTGGT-1,0.000736,0.225586,0.773678
AGGCCCATTGTACAGG-1,0.000092,0.000092,0.999816
AGGCCCTAGAACGCCA-1,0.000041,0.06082,0.939139
AGGCCTGAGAATCTCG-1,0.000012,0.019067,0.98092
AGGCGATAACTGGCGT-1,0.000026,0.058609,0.941365
AGGCGGTTTGTCCCGC-1,0.000039,0.058731,0.941229
AGGCTATGGTTAGCTT-1,0.000053,0.001616,0.998331
AGGCTTAAGTTGCACA-1,0.000113,0.073984,0.925903
AGGCTTCCCGAAGAAG-1,0.000049,0.126412,0.873539
AGGCTTGCTAGACACC-1,0.000035,0.053731,0.946234
AGGGACAGCACGGCGG-1,0.000207,0.519269,0.480525
AGGGACCGGCTGCGTT-1,0.000069,0.032029,0.967902
AGGGAGACATACTTCG-1,0.000074,0.000074,0.999852
AGGGCAGCGGCGTGGT-1,0.000185,0.155003,0.844813
AGGGCCCTAATGTTCT-1,0.000013,0.000013,0.999974
AGGGCGAGCAGCTGAT-1,0.000035,0.020874,0.979091
AGGGCGTGATCGGCTA-1,0.000039,0.000957,0.999004
AGGGTCGATGCGAACT-1,0.000019,0.002637,0.997344
AGGGTCTGGACGCAGT-1,0.000177,0.163848,0.835976
AGGGTGCTCTCGAGGG-1,0.000047,0.072358,0.927595
AGGGTGGATAGTGCAT-1,0.000043,0.025092,0.974865
AGGGTTCCCTTTGGTT-1,0.000052,0.178154,0.821794
AGGTAACCTCCTATTC-1,0.000052,0.021596,0.978353
AGGTACGATATTGCCA-1,0.000217,0.155112,0.844672
AGGTAGGTACAAAGCT-1,0.000051,0.017964,0.981985
AGGTATAATTGATAGT-1,0.000066,0.308544,0.69139
AGGTATGCGGACATTA-1,0.000092,0.071349,0.928559
AGGTCAGGTGAGAGTG-1,0.000061,0.065182,0.934758
AGGTCGCCACTTCGGT-1,0.000455,0.089236,0.910309
AGGTCGCCTCCCAACA-1,0.000019,0.043753,0.956228
AGGTCGCGGAGTTACT-1,0.00012,0.036562,0.963318
AGGTGCACGTCCACAT-1,0.0011,0.001101,0.997799
AGGTGTATCGCCATGA-1,0.000074,0.090409,0.909517
AGGTGTTGCCGACCAC-1,0.000173,0.171876,0.827952
AGGTTACACCATGCCG-1,0.000035,0.000035,0.999931
AGGTTGAGGCACGCTT-1,0.000077,0.230234,0.769689
AGTAACTATAGCAGCC-1,0.000473,0.000473,0.999054
AGTAAGGGACAGAATC-1,0.001406,0.778072,0.220521
AGTAATCTAAGGGTGG-1,0.000093,0.120188,0.879719
AGTAATGTCTTGCCGC-1,0.000081,0.029698,0.970221
AGTACAGAAGCTTATA-1,0.000628,0.000628,0.998744
AGTACATCATTTATCA-1,0.000171,0.015695,0.984134
AGTACGGCCCGTATCG-1,0.000027,0.058895,0.941078
AGTACGTGGCCTGTCT-1,0.000355,0.234522,0.765123
AGTACTCTTATGCCCA-1,0.000076,0.248228,0.751696
AGTAGAAGGCGCCTCA-1,0.000164,0.202507,0.797329
AGTAGCGTGAACGAAC-1,0.00202,0.49795,0.50003
AGTAGGAAGGAAGTTG-1,0.000067,0.047092,0.952841
AGTAGGTAACATACAT-1,0.000107,0.006948,0.992945
AGTATAATACTAGGCA-1,0.000036,0.281375,0.718589
AGTATCCATAATAACG-1,0.001145,0.361219,0.637636
AGTATGCTGGAGACCA-1,0.000052,0.000052,0.999897
AGTCAACACCACCATC-1,0.000024,0.10838,0.891596
AGTCAAGATGACACTT-1,0.000051,0.061985,0.937965
AGTCACTAGCTCTCGA-1,0.000062,0.106077,0.893861
AGTCACTCCGCCTCAT-1,0.000168,0.000168,0.999663
AGTCAGCCACCGCCTG-1,0.000035,0.000595,0.99937
AGTCCAGCGGGTACGT-1,0.000337,0.000337,0.999326
AGTCCATTGGCTGATG-1,0.000035,0.017863,0.982102
AGTCCCTCGCAGAAAG-1,0.000118,0.049334,0.950548
AGTCGAATTAGCGTAA-1,0.000186,0.425135,0.574679
AGTCGACGGTCTCAAG-1,0.00003,0.18746,0.81251
AGTCGGCCCAAACGAC-1,0.000054,0.092163,0.907783
AGTCGGCTCAACTTTA-1,0.000036,0.122795,0.877168
AGTCGGTTGCGTGAGA-1,0.000081,0.000081,0.999837
AGTCGTATAAAGCAGA-1,0.000046,0.014615,0.98534
AGTCGTCGACCACCAA-1,0.000064,0.145712,0.854223
AGTCGTGGGCATTACG-1,0.00005,0.046902,0.953048
AGTCTAAAGTATACTC-1,0.000218,0.041211,0.95857
AGTCTCACAAGACTAC-1,0.00005,0.074598,0.925351
AGTCTGGACATCCTTG-1,0.000033,0.083665,0.916302
AGTCTTCTCCTCAAAT-1,0.000101,0.493715,0.506183
AGTCTTTAAAGTGTCC-1,0.000158,0.271007,0.728835
AGTGAACAAACTTCTC-1,0.000045,0.071888,0.928067
AGTGAAGATGGTGTCC-1,0.000077,0.298813,0.70111
AGTGACCTACTTTACG-1,0.00004,0.404134,0.595826
AGTGAGACTTCCAGTA-1,0.000097,0.16124,0.838663
AGTGAGCCTCGCCGCC-1,0.00005,0.00623,0.993719
AGTGAGGGTTTCTGAC-1,0.000123,0.525259,0.474618
AGTGAGTCGAATTAAC-1,0.000136,0.407982,0.591882
AGTGATAACCTGCGCG-1,0.000058,0.087801,0.912141
AGTGATATGAGTAGTT-1,0.000024,0.742667,0.257309
AGTGATTCAAGCAGGA-1,0.000074,0.157044,0.842883
AGTGCACGCTTAAGAA-1,0.000046,0.173045,0.826909
AGTGCGTAGCTCGTAA-1,0.000039,0.105482,0.894479
AGTGCTAAACACAGCA-1,0.000046,0.068835,0.931119
AGTGCTTGCACGAATA-1,0.00004,0.090341,0.909618
AGTGGCCCGCAAATGG-1,0.000381,0.591724,0.407896
AGTGGCGGCAATTTGA-1,0.000049,0.350061,0.64989
AGTGGCGTCTGAAGGT-1,0.000037,0.176982,0.822981
AGTGGCTCCGTCGGCC-1,0.000038,0.050142,0.94982
AGTGGGAGTATACACG-1,0.000604,0.000604,0.998792
AGTGGTGTTACCCGTG-1,0.000035,0.050015,0.949949
AGTGGTTGCGTATAGG-1,0.000057,0.000057,0.999886
AGTGTATTGCGCATTG-1,0.00018,0.085584,0.914236
AGTGTGCTAAGATCGC-1,0.000415,0.000415,0.999171
AGTGTGGTCTATTGTG-1,0.000029,0.024115,0.975856
AGTTAAACACTTGCGA-1,0.000046,0.24241,0.757544
AGTTAAGCGGTCCCGG-1,0.000805,0.735531,0.263664
AGTTAAGTCAACCGCT-1,0.000039,0.02647,0.973491
AGTTACCCTTAAGACT-1,0.000029,0.000033,0.999937
AGTTACCGCACATGGT-1,0.000034,0.002833,0.997134
AGTTATTCAGACTGTG-1,0.001684,0.672425,0.325891
AGTTATTGAAAGGTAA-1,0.000368,0.000368,0.999264
AGTTCACCGGTTGGAC-1,0.000072,0.093308,0.90662
AGTTCCTACAGAATTA-1,0.000034,0.179768,0.820199
AGTTCTGCGTTGTATC-1,0.000031,0.0072,0.992769
AGTTGACATCGGCTGG-1,0.00117,0.001171,0.99766
AGTTGACGGTCCTTGC-1,0.000529,0.717486,0.281985
AGTTGCTGACTGATAT-1,0.000039,0.071689,0.928271
AGTTGGCAAGGCTAGA-1,0.000882,0.000882,0.998236
AGTTTATGTAAAGACA-1,0.000049,0.019724,0.980227
AGTTTCGCAGGTCGGA-1,0.001821,0.001823,0.996356
AGTTTGCACCTGCCTC-1,0.000082,0.314323,0.685594
AGTTTGGCACGGGTTG-1,0.000033,0.034381,0.965586
AGTTTGGCCAGACCTA-1,0.000022,0.003091,0.996887
ATAAACCATTGGACGG-1,0.000594,0.000595,0.998811
ATAAACGTTGCACCAC-1,0.000011,0.000011,0.999977
ATAAAGGCTCGGTCGT-1,0.000053,0.123676,0.876272
ATAAAGGTCAAGTACG-1,0.000558,0.99553,0.003911
ATAAATATTAGCAGCT-1,0.000045,0.031687,0.968268
ATAACGCCGGAGGGTC-1,0.000101,0.240857,0.759042
ATAACGGAGTCCAACG-1,0.000029,0.277258,0.722714
ATAAGGTGGAGAACAT-1,0.000023,0.900056,0.09992
ATAAGTAGGATTCAGA-1,0.000046,0.19854,0.801414
ATAAGTAGGGCGACTC-1,0.000064,0.064948,0.934988
ATAAGTTACCGCGACG-1,0.000037,0.254344,0.745619
ATAATACCGTTAGCCG-1,0.000031,0.307077,0.692892
ATAATAGTGTAGGGAC-1,0.000036,0.001736,0.998228
ATAATCTTGGAGAACC-1,0.00008,0.202039,0.797881
ATAATTAGCTAAGTAG-1,0.000107,0.983805,0.016088
ATACAGGCCCTCCAAT-1,0.000229,0.410796,0.588975
ATACCACGGGCAACTT-1,0.000075,0.064497,0.935429
ATACCAGCAAATTGCT-1,0.000835,0.000836,0.998329
ATACCAGGCTAATAGA-1,0.000415,0.189566,0.81002
ATACCAGGTGAGCGAT-1,0.000272,0.99782,0.001908
ATACCCTGGCTCAAAT-1,0.000327,0.144534,0.855139
ATACCGTCATCCATAA-1,0.000128,0.000128,0.999744
ATACGAAGGCTTTCCA-1,0.000118,0.013259,0.986623
ATACGCCGATCTACCG-1,0.000628,0.101182,0.89819
ATACGCCGGCGAAACC-1,0.000061,0.246818,0.753121
ATACGGAACGTCGTTT-1,0.00007,0.036985,0.962945
ATACGGTGAAGATGCA-1,0.000037,0.015694,0.984269
ATACGTACTTAGCCAC-1,0.000086,0.640943,0.358971
ATACGTCCACTCCTGT-1,0.00005,0.043493,0.956457
ATACGTTATGCACGGA-1,0.000139,0.680703,0.319158
ATACTACCCGTACCAC-1,0.000023,0.000125,0.999852
ATACTAGCATGACCCT-1,0.000042,0.089097,0.910861
ATACTCTCGCCACTCT-1,0.00031,0.195551,0.804138
ATACTGCCTTACACCG-1,0.000071,0.163897,0.836032
ATACTTGTTCTCGAGC-1,0.000085,0.000085,0.999831
ATAGACAACGGGACCT-1,0.000062,0.402539,0.597398
ATAGACGAAGAGAAAG-1,0.000034,0.141499,0.858466
ATAGAGTACTGGGACA-1,0.000041,0.09304,0.906919
ATAGAGTTATCAACTT-1,0.000066,0.376072,0.623862
ATAGATTTGCAGTCGG-1,0.002179,0.571711,0.42611
ATAGCAACTAGGGAAG-1,0.000025,0.038664,0.961311
ATAGCCATAACAGTCA-1,0.000081,0.237636,0.762283
ATAGCCTCAGTACCCA-1,0.000098,0.040533,0.959369
ATAGCTGCTCTTGTTA-1,0.000036,0.002493,0.99747
ATAGGCGGCTATAGAA-1,0.000038,0.13191,0.868052
ATAGGCTAGCTTCGCA-1,0.00003,0.091178,0.908792
ATAGGGATATCCTTGA-1,0.000085,0.218298,0.781617
ATAGTCTTTGACGTGC-1,0.000142,0.000142,0.999716
ATAGTGAAGCGTTCTC-1,0.000109,0.686746,0.313145
ATAGTTCCACCCACTC-1,0.000066,0.049647,0.950287
ATATAAAGCGCTCGTG-1,0.000055,0.317618,0.682327
ATATAAATGTAGCTGC-1,0.000049,0.925183,0.074769
ATATAACACGGGCGCA-1,0.000105,0.084936,0.914959
ATATACATGTATGGTA-1,0.000043,0.016509,0.983449
ATATACGCTCGTGACG-1,0.000038,0.111911,0.888051
ATATCAACCTACAGAG-1,0.000053,0.041822,0.958124
ATATCAATTCCAGCCT-1,0.000058,0.028427,0.971515
ATATCGGTAGGGAGAT-1,0.000078,0.129631,0.870291
ATATCGTGCCAGACCC-1,0.000144,0.001748,0.998108
ATATCGTTCCTCGAAC-1,0.000045,0.102584,0.897371
ATATGGGATAGCAACT-1,0.000404,0.088846,0.91075
ATATGTCTAGAGCGTG-1,0.000044,0.035205,0.964751
ATATGTCTCCCTAGCC-1,0.000073,0.091521,0.908405
ATATTATCCCGTATTT-1,0.001235,0.001235,0.99753
ATATTCAGTTAAACCT-1,0.000036,0.110176,0.889787
ATATTCCACATAGTGA-1,0.000094,0.513941,0.485965
ATATTCCCACAGGTCA-1,0.000383,0.197078,0.802539
ATATTGCTGTCAAAGT-1,0.000024,0.043863,0.956114
ATATTGGAGAGGCCTT-1,0.000026,0.070469,0.929505
ATATTTAACCCTCAAG-1,0.000048,0.147927,0.852025
ATCAAACACTGTTCCA-1,0.000048,0.096593,0.90336
ATCAAACGAAGGTTTG-1,0.000041,0.174434,0.825525
ATCAAAGAGCCGTGGT-1,0.001587,0.448495,0.549917
ATCAAGATCCCAGGAC-1,0.000403,0.918962,0.080636
ATCAATGCCGTGGCTG-1,0.000046,0.006718,0.993236
ATCACGTGCTAATTAA-1,0.000025,0.031513,0.968462
ATCACTTCATCCTCGC-1,0.000062,0.218557,0.78138
ATCAGACGGCACGCCG-1,0.000038,0.116622,0.883341
ATCAGCCTCATGCTGC-1,0.000065,0.403946,0.59599
ATCAGCTCGTCCACTA-1,0.000063,0.093285,0.906652
ATCAGGTAGCTGACAG-1,0.000114,0.015717,0.984169
ATCAGTAGGCAGGGAT-1,0.000084,0.068141,0.931774
ATCATAGCCCTATGTA-1,0.000029,0.029479,0.970492
ATCATCCAATATTTGT-1,0.000121,0.153213,0.846666
ATCATCTGCCCAGTGT-1,0.00021,0.332274,0.667516
ATCATGGACTACCGAC-1,0.00004,0.059743,0.940217
ATCCAACGCAGTCATA-1,0.000037,0.131749,0.868214
ATCCAATGGAGGGTCC-1,0.000058,0.008809,0.991133
ATCCAATGGTACCGAA-1,0.000037,0.004365,0.995598
ATCCACATCGACAGAA-1,0.000025,0.122725,0.87725
ATCCACGCTAAATGTT-1,0.001883,0.001885,0.996232
ATCCAGAGCAACAACC-1,0.000031,0.377287,0.622682
ATCCAGGATTCGTGAA-1,0.00005,0.189089,0.810861
ATCCCATCCACAGCGC-1,0.000085,0.000085,0.999831
ATCCCATTTCCGTGGG-1,0.00018,0.788636,0.211184
ATCCGGACCAGCCTGA-1,0.000236,0.297505,0.702259
ATCCTACCTAAGCTCT-1,0.000041,0.253608,0.746351
ATCCTGAATCGCTGCG-1,0.000031,0.004404,0.995565
ATCCTGCGTGGAATGG-1,0.000035,0.406489,0.593475
ATCCTGCTGCAGATAG-1,0.00014,0.001377,0.998483
ATCCTTCTGAAAGAAC-1,0.00003,0.053451,0.946519
ATCGACTCTTTCCGTT-1,0.000105,0.303105,0.69679
ATCGCACGATTGTTCA-1,0.000542,0.000542,0.998916
ATCGCACGCCGGGAGA-1,0.000063,0.300753,0.699185
ATCGCCAGTCAACATT-1,0.000056,0.00129,0.998654
ATCGCCGTGGTTCATG-1,0.001522,0.001523,0.996955
ATCGCTTTACGTCTCA-1,0.00011,0.060737,0.939153
ATCGGAGACAGACGGC-1,0.000051,0.903241,0.096708
ATCGGCAAGCAGTCCA-1,0.000019,0.021549,0.978432
ATCGGTTACCTAGTAA-1,0.000048,0.000048,0.999904
ATCGTATTCCGAGAAC-1,0.000035,0.000035,0.999929
ATCGTCCAATCGAGTC-1,0.000356,0.017878,0.981766
ATCGTTAGCTAGCGGA-1,0.000015,0.000063,0.999922
ATCTAACGTCCCTATG-1,0.000958,0.000959,0.998084
ATCTACCATCTGCTCC-1,0.000186,0.000186,0.999628
ATCTAGCTTGTGAGGG-1,0.000061,0.327657,0.672282
ATCTATCGATGATCAA-1,0.000503,0.000503,0.998994
ATCTCCCACGGAATAT-1,0.000051,0.051892,0.948058
ATCTCCCTGCAATCTA-1,0.000051,0.061859,0.93809
ATCTCGTGAGCGAAAC-1,0.000034,0.019563,0.980403
ATCTGATAGTGTCTTA-1,0.000016,0.000016,0.999968
ATCTGCACCTCTGCGA-1,0.000022,0.00693,0.993049
ATCTGCTGTTATCGCC-1,0.000415,0.254263,0.745323
ATCTGGGCTGTTCTTG-1,0.000053,0.291905,0.708042
ATCTGGTTAAGACTGT-1,0.000049,0.41228,0.587671
ATCTGTAATTGTACCC-1,0.000098,0.095405,0.904497
ATCTTATCGCACACCC-1,0.000052,0.082685,0.917263
ATCTTGACCTGCAACG-1,0.00007,0.336801,0.663129
ATCTTGACTTGTCCAA-1,0.00005,0.157686,0.842264
ATCTTTCGTATAACCA-1,0.000029,0.021635,0.978336
ATGAAGCCAAGGAGCC-1,0.000042,0.128364,0.871594
ATGAAGTGGACCCAGC-1,0.000019,0.000019,0.999962
ATGACGCCGGCTCTAA-1,0.000097,0.070923,0.928979
ATGACGCGTTCTATCC-1,0.000034,0.008644,0.991322
ATGACTATGCGACATT-1,0.000029,0.02979,0.970181
ATGAGGAGTGTTAATC-1,0.00005,0.120734,0.879216
ATGAGGGCAGCGGCTA-1,0.000035,0.007733,0.992232
ATGATCGGGAATAGAC-1,0.000033,0.009252,0.990715
ATGATGCAATGGTACA-1,0.000026,0.394613,0.605361
ATGCACCTTCCTTAAT-1,0.000081,0.180317,0.819602
ATGCACGCGCTGTTCA-1,0.000052,0.039568,0.96038
ATGCACTACCGCATTG-1,0.000065,0.177469,0.822466
ATGCATGATCCAGGAT-1,0.000178,0.267377,0.732444
ATGCATTCCGTGATGG-1,0.000197,0.280126,0.719677
