Barcode,Topic 1to2,Topic 3to5,Topic 6to9
AAACAACGAATAGTTC-1,0.000085,0.56772,0.432195
AAACAATCTACTAGCA-1,0.000139,0.339559,0.660303
AAACACCAATAACTGC-1,0.000214,0.153036,0.846751
AAACAGCTTTCAGAAG-1,0.00022,0.422292,0.577488
AAACAGGGTCTATATT-1,0.000251,0.218996,0.780754
AAACAGTGTTCCTGGG-1,0.000119,0.217013,0.782868
AAACATGGTGAGAGGA-1,0.00009,0.05975,0.940159
AAACATTTCCCGGATT-1,0.000381,0.000571,0.999048
AAACCGGGTAGGTACC-1,0.000351,0.231371,0.768279
AAACCGTTCGTCCAGG-1,0.000345,0.193881,0.805774
AAACCTAAGCAGCCGG-1,0.000126,0.133547,0.866327
AAACCTCATGAAGTTG-1,0.000293,0.137133,0.862574
AAACGAAGATGGAGTA-1,0.001736,0.607495,0.390769
AAACGAGACGGTTGAT-1,0.000196,0.060972,0.938831
AAACGGGCGTACGGGT-1,0.000185,0.035004,0.964812
AAACGGGTTGGTATCC-1,0.000117,0.33983,0.660053
AAACGGTTGCGAACTG-1,0.000169,0.240942,0.75889
AAACTCGGTTCGCAAT-1,0.00021,0.117822,0.881968
AAACTGCTGGCTCCAA-1,0.000239,0.000358,0.999403
AAACTTAATTGCACGC-1,0.000958,0.078069,0.920974
AAACTTGCAAACGTAT-1,0.0004,0.000853,0.998747
AAAGAATGACCTTAGA-1,0.000103,0.310915,0.688982
AAAGACCCAAGTCGCG-1,0.000153,0.000229,0.999618
AAAGACTGGGCGCTTT-1,0.000337,0.000506,0.999157
AAAGGCCCTATAATAC-1,0.000228,0.108668,0.891104
AAAGGCTACGGACCAT-1,0.000231,0.05244,0.947329
AAAGGCTCTCGCGCCG-1,0.000284,0.193194,0.806522
AAAGGGATGTAGCAAG-1,0.000239,0.000358,0.999403
AAAGGGCAGCTTGAAT-1,0.000254,0.457104,0.542642
AAAGTAGCATTGCTCA-1,0.000393,0.000589,0.999018
AAAGTCACTGATGTAA-1,0.000156,0.189248,0.810596
AAAGTCGACCCTCAGT-1,0.000155,0.419016,0.580829
AAATACCTATAAGCAT-1,0.000176,0.000264,0.99956
AAATCCGATACACGCC-1,0.000076,0.615799,0.384125
AAATCGCGGAAGGAGT-1,0.002525,0.415593,0.581882
AAATCGTGTACCACAA-1,0.000203,0.000305,0.999492
AAATCTGCCCGCGTCC-1,0.002614,0.322285,0.675101
AAATGACTGATCAAAC-1,0.001079,0.067017,0.931904
AAATGCTCGTTACGTT-1,0.000342,0.180154,0.819504
AAATGGCATGTCTTGT-1,0.000151,0.052695,0.947154
AAATGGTCAATGTGCC-1,0.000338,0.000507,0.999155
AAATGTATCTTATCCC-1,0.000081,0.995134,0.004785
AAATTAACGGGTAGCT-1,0.00026,0.00039,0.99935
AAATTAATAAGCGCGA-1,0.00026,0.031388,0.968352
AAATTGATAGTCCTTT-1,0.00127,0.204141,0.794589
AAATTGCGGCGGTTCT-1,0.000285,0.102478,0.897237
AAATTTGCGGGTGTGG-1,0.000299,0.000449,0.999252
AACAACTGGTAGTTGC-1,0.000263,0.087685,0.912052
AACAATACATTGTCGA-1,0.000191,0.19224,0.807569
AACAATTACTCTACGC-1,0.000342,0.042518,0.95714
AACACGACTGTACTGA-1,0.000254,0.071263,0.928483
AACACGAGACGCGGCC-1,0.00046,0.034759,0.964781
AACACGCGGCCGCGAA-1,0.00012,0.710725,0.289155
AACAGCTGTGTGGCAA-1,0.00032,0.374901,0.624779
AACAGGAAATCGAATA-1,0.000093,0.341238,0.658669
AACAGGATGGGCCGCG-1,0.000342,0.10828,0.891378
AACATAGCGTGTATCG-1,0.00032,0.000481,0.999199
AACATTGAAGTTGATC-1,0.000223,0.221754,0.778022
AACATTGGTCAGCCGT-1,0.000256,0.200078,0.799666
AACATTGTGACTCGAG-1,0.000175,0.196872,0.802953
AACCAAGACTTCTCTG-1,0.000199,0.348494,0.651306
AACCATAGGGTTGAAC-1,0.002743,0.004118,0.993138
AACCATGGGATCGCTA-1,0.000205,0.328408,0.671387
AACCCAGAGACGGAGA-1,0.00021,0.209201,0.790589
AACCCATCCCATGATC-1,0.000731,0.695394,0.303875
AACCCGACAACCCGTG-1,0.000175,0.202235,0.79759
AACCCGCTGTATTCCA-1,0.000503,0.06796,0.931538
AACCCTGGTGGAACCA-1,0.000178,0.000267,0.999554
AACCGAGCTTGGTCAT-1,0.000966,0.020358,0.978676
AACCGTTGTGTTTGCT-1,0.000206,0.000309,0.999485
AACCTCGCTTTAGCCC-1,0.000201,0.224373,0.775426
AACGAAAGTCGTCCCA-1,0.000646,0.486711,0.512643
AACGATAGAAGGGCCG-1,0.00013,0.368352,0.631518
AACGATATGTCAACTG-1,0.000468,0.170019,0.829513
AACGCGAACGGCAACA-1,0.00022,0.251854,0.747926
AACGCGACCTTGGGCG-1,0.000243,0.118331,0.881427
AACGCGGTCTCCAGCC-1,0.000304,0.32743,0.672265
AACGGACGTACGTATA-1,0.000983,0.096793,0.902224
AACGGCCATCTCCGGT-1,0.000141,0.000212,0.999647
AACGTACTGTGGGTAC-1,0.000057,0.999829,0.000114
AACGTAGTCTACCCAT-1,0.000218,0.05198,0.947802
AACGTCAGACTAGTGG-1,0.000146,0.433535,0.566319
AACGTCATCCGGCTTG-1,0.000962,0.001444,0.997594
AACGTGCGAAAGTCTC-1,0.000254,0.012655,0.987091
AACGTTATCAGCACCT-1,0.000224,0.669573,0.330203
AACTAGCGTATCGCAC-1,0.000235,0.064038,0.935727
AACTAGGCTTGGGTGT-1,0.000482,0.129782,0.869736
AACTCAAGTTAATTGC-1,0.000308,0.000462,0.99923
AACTCCAGAGCGTGTT-1,0.000502,0.08453,0.914968
AACTCGATAAACACGT-1,0.000189,0.068199,0.931612
AACTCGATGGCGCAGT-1,0.000151,0.558628,0.441221
AACTCTCAGTGTGCTC-1,0.000247,0.624469,0.375283
AACTGATATTAGGCCT-1,0.000139,0.018405,0.981456
AACTGGGTCCCGACGT-1,0.000174,0.000261,0.999565
AACTGGTGTGGGCCTT-1,0.000149,0.006563,0.993289
AACTTCTGCGTCTATC-1,0.00028,0.872241,0.127479
AACTTGCCCGTATGCA-1,0.000099,0.961265,0.038636
AACTTGCGTTCTCGCG-1,0.000296,0.340826,0.658878
AACTTTACGGGAGCTT-1,0.000361,0.000542,0.999096
AACTTTAGCTGCTGAG-1,0.000216,0.048584,0.9512
AAGAAAGTTTGATGGG-1,0.002886,0.004332,0.992782
AAGAAGGATCAGTTAG-1,0.000057,0.942959,0.056985
AAGACCAAATAACTCA-1,0.000178,0.000267,0.999556
AAGACCCAACTGAACA-1,0.000199,0.131841,0.86796
AAGACTAACCCGTTGT-1,0.000214,0.269951,0.729834
AAGACTGCAAGCTACT-1,0.000197,0.029051,0.970752
AAGAGATGAATCGGTA-1,0.00043,0.143049,0.856521
AAGAGCTCTTTATCGG-1,0.000166,0.08813,0.911704
AAGAGGATGTACGCGA-1,0.000558,0.000838,0.998604
AAGAGGCATGGATCGC-1,0.000172,0.000258,0.999571
AAGATGGCACCGGACC-1,0.000178,0.565236,0.434586
AAGCACCCTGCGTATC-1,0.000277,0.097902,0.901821
AAGCCACTTGCAGGTA-1,0.000546,0.029354,0.9701
AAGCCGCCGTGAAATC-1,0.000138,0.509276,0.490586
AAGCGCAGGGCTTTGA-1,0.000176,0.001889,0.997936
AAGCGTCCCTCATCGA-1,0.000177,0.977497,0.022326
AAGCTATGGATTGACC-1,0.002743,0.356258,0.640998
AAGCTCGTGCCAAGTC-1,0.000184,0.099661,0.900154
AAGGAGCGGTTGGTGC-1,0.000422,0.000634,0.998943
AAGGCGCGTAAAGCTT-1,0.000114,0.469203,0.530683
AAGGCTGTGCTCATCG-1,0.000385,0.039184,0.960431
AAGGGAACGACTGGCT-1,0.000343,0.024317,0.97534
AAGGGACTATGCATTC-1,0.000127,0.927526,0.072347
AAGGGTTTGATTTCAG-1,0.000299,0.000759,0.998942
AAGTAAGCTTCCAAAC-1,0.000147,0.037992,0.961861
AAGTAGAAGACCGGGT-1,0.000229,0.159825,0.839946
AAGTAGTGACGCGAGG-1,0.000311,0.451222,0.548468
AAGTCTTCTGTGGCCT-1,0.000227,0.352039,0.647734
AAGTGACGACCGAATT-1,0.000398,0.000597,0.999006
AAGTGAGTCGGGTTTA-1,0.000151,0.52827,0.471579
AAGTGCAAAGGTAGAC-1,0.000233,0.234047,0.76572
AAGTGCGTTAGAATCT-1,0.001122,0.362698,0.63618
AAGTGCTTCTCTATTG-1,0.000144,0.719937,0.279918
AAGTTCACTCCAAGCT-1,0.000218,0.274948,0.724834
AAGTTCGGCCAACAGG-1,0.000208,0.000312,0.99948
AAGTTTATGGGCCCAA-1,0.00019,0.011793,0.988017
AATAACAACGCTCGGC-1,0.000285,0.090606,0.909109
AATAACACTAGAACAA-1,0.000237,0.207057,0.792706
AATACAATGTTTCAGG-1,0.000461,0.412218,0.587321
AATACCGGAGGGCTGT-1,0.000161,0.430318,0.569522
AATACCTGATGTGAAC-1,0.00271,0.085031,0.912259
AATAGAACAGAGTGGC-1,0.000377,0.181828,0.817795
AATAGAATCTGTTTCA-1,0.001646,0.002471,0.995883
AATAGGCACGACCCTT-1,0.00029,0.148902,0.850808
AATAGTCCGTCCCGAC-1,0.000264,0.04916,0.950576
AATAGTCGCGAGTCGG-1,0.000337,0.00168,0.997983
AATATCAAGGTCGGAT-1,0.000181,0.146663,0.853157
AATATCCTAGCAAACT-1,0.000211,0.063697,0.936092
AATATTGGAGTATTGA-1,0.000496,0.000745,0.998759
AATCAGACTGCAGGAC-1,0.000373,0.317258,0.682369
AATCAGGTTTCATTTA-1,0.000276,0.240521,0.759202
AATCCAAGGGCCTGAG-1,0.000152,0.261554,0.738294
AATCCATGCAAGGGTG-1,0.000182,0.38691,0.612908
AATCCCGCTCAGAGCC-1,0.001079,0.055544,0.943377
AATCGAGGTCTCAAGG-1,0.001576,0.002366,0.996058
AATCGCCTCAGCGCCA-1,0.000297,0.006393,0.99331
AATCGTGAGCCGAGCA-1,0.000347,0.000521,0.999132
AATCTAGGTTTACTTG-1,0.000619,0.118596,0.880785
AATCTCTACTGTGGTT-1,0.000442,0.056,0.943558
AATGACAGCAATGTCT-1,0.000391,0.000587,0.999021
AATGACGTAGGATGTC-1,0.000493,0.00074,0.998768
AATGACTGTCAGCCGG-1,0.000342,0.085778,0.91388
AATGAGTTCGCATATG-1,0.000388,0.209091,0.790521
AATGCAACCGGGTACC-1,0.000245,0.000367,0.999388
AATGGTCCACCGTTCA-1,0.000253,0.222656,0.777091
AATGGTTCTCACAAGC-1,0.000275,0.33843,0.661295
AATGTATGGCACTGTA-1,0.004444,0.006672,0.988884
AATGTGCCCGAGGTGT-1,0.000934,0.341684,0.657382
AATGTGCTAATCTGAG-1,0.000267,0.235405,0.764328
AATGTTAAGACCCTGA-1,0.000412,0.038198,0.96139
AATTAAAGGTCGGCGT-1,0.00038,0.00057,0.99905
AATTAACGGATTTCCA-1,0.000346,0.000519,0.999136
AATTACGAGACCCATC-1,0.002058,0.238651,0.759291
AATTACTCGTACGCTC-1,0.002157,0.003239,0.994604
AATTATACCCAGCAAG-1,0.000177,0.548273,0.451551
AATTCATTGTCATGCA-1,0.002116,0.282444,0.71544
AATTCCAACTTGGTGA-1,0.000267,0.472359,0.527374
AATTCCAAGCATGTAC-1,0.000195,0.203221,0.796584
AATTCGATTCGAGGAT-1,0.000198,0.000298,0.999504
AATTCTAGAGTTAGGC-1,0.000733,0.013879,0.985387
AATTGAACGCTCTGGT-1,0.000263,0.000395,0.999341
AATTGCGTGGATTACA-1,0.000556,0.000834,0.998611
AATTTGGTTCCAAAGA-1,0.000157,0.031896,0.967947
ACAAACCATGCGTCCT-1,0.000097,0.913536,0.086367
ACAAACTCCATCAGAG-1,0.000156,0.242375,0.75747
ACAAAGAAGGTAGGCC-1,0.000164,0.000247,0.999589
ACAAAGCATGACCTAG-1,0.000131,0.151253,0.848617
ACAAATCGCACCGAAT-1,0.000467,0.43977,0.559764
ACAAATGGTAGTGTTT-1,0.000175,0.000262,0.999563
ACAACAGCATGAGCTA-1,0.000122,0.50413,0.495749
ACAACGGTCCCTGCGA-1,0.000208,0.267347,0.732445
ACAAGCAGTGCCTAGC-1,0.000367,0.00055,0.999083
ACAAGCTATATGGAAG-1,0.00016,0.547402,0.452439
ACAAGGAAATCCGCCC-1,0.000495,0.000743,0.998762
ACAAGGACAAGAGGTT-1,0.000182,0.085289,0.914529
ACAAGGATGCTTTAGG-1,0.000141,0.053415,0.946444
ACAAGGGCAGGCTCTG-1,0.000431,0.000646,0.998923
ACAAGTAATTGTAAGG-1,0.001512,0.090283,0.908206
ACAATAGTCGTACGTT-1,0.000259,0.58999,0.409751
ACAATCCATTTAAACC-1,0.000292,0.166563,0.833144
ACAATGAATACGGAGA-1,0.000138,0.872565,0.127297
ACAATTTAGGAGGCTC-1,0.000534,0.000802,0.998664
ACACAAAGACGGGTGG-1,0.000181,0.000272,0.999546
ACACACCAGGACCAGT-1,0.000865,0.001298,0.997837
ACACACTTTCTACACG-1,0.000183,0.082203,0.917614
ACACATGATCAAATCT-1,0.000694,0.27163,0.727675
ACACATTGACGCAACA-1,0.000731,0.001097,0.998172
ACACATTTCCGTAGAC-1,0.000942,0.186557,0.812502
ACACCCAGCATGCAGC-1,0.000364,0.112851,0.886785
ACACCCGAGAAATCCG-1,0.000179,0.135886,0.863935
ACACCGAGCGCTCTTT-1,0.000509,0.000763,0.998728
ACACCGGTCTGACCGC-1,0.000398,0.275683,0.723919
ACACCTTAAGTAGGGC-1,0.000231,0.000347,0.999422
ACACGAGACTCCTTCT-1,0.00029,0.000435,0.999274
ACACGGCACTATGCAT-1,0.000317,0.000477,0.999206
ACACGGGAACTTAGGG-1,0.001038,0.458398,0.540563
ACACTCCAATGTCACT-1,0.000885,0.030789,0.968326
ACAGAACTGAGAACAA-1,0.000761,0.339588,0.659651
ACAGGAGGCGCAGCCG-1,0.000419,0.493567,0.506014
ACAGGCACGGATCCTT-1,0.000079,0.809385,0.190535
ACAGGTGGAGGTGAGG-1,0.000233,0.34828,0.651487
ACAGGTGTGTTGTTGC-1,0.000296,0.000444,0.999261
ACAGTAATACAACTTG-1,0.000223,0.02054,0.979237
ACATAAGTCGTGGTGA-1,0.000878,0.011663,0.987459
ACATAATAAGGCGGTG-1,0.000182,0.090752,0.909066
ACATACAATCAAGCGG-1,0.00095,0.001426,0.997625
ACATCAGCTGGGACGC-1,0.000278,0.000417,0.999304
ACATCCCGGCCATACG-1,0.000301,0.16834,0.831359
ACATCGATCGTTTACC-1,0.000478,0.000717,0.998805
ACATCGCAATATTCGG-1,0.000108,0.940288,0.059605
ACATCGGTCAGCCGCG-1,0.000281,0.000422,0.999296
ACATCGTATGCAATGG-1,0.000312,0.000468,0.99922
ACATCGTTAACCTAGT-1,0.000406,0.202184,0.797411
ACATGCTTACGGCAGC-1,0.003527,0.38828,0.608193
ACATGGCTCAATTTAG-1,0.000135,0.927047,0.072817
ACATTCGCGCGGAATA-1,0.000107,0.860006,0.139888
ACATTTGAAACCTAAC-1,0.000207,0.129389,0.870404
ACCAACCGCACTCCAC-1,0.000557,0.000836,0.998607
ACCAACGCTTATTTAT-1,0.000347,0.217209,0.782444
ACCAAGAACGCGTGTC-1,0.0001,0.372668,0.627232
ACCACAAGTTTCTATC-1,0.000433,0.069915,0.929652
ACCACACGGTTGATGG-1,0.000788,0.001183,0.998029
ACCACGTGCAGCTATA-1,0.000201,0.043218,0.956581
ACCACTGTTCAAGAAG-1,0.003584,0.183772,0.812643
ACCAGACCATAACAAC-1,0.000236,0.000354,0.99941
ACCATATCCGCAATAA-1,0.000212,0.019016,0.980771
ACCATCCGCCAACTAG-1,0.000337,0.12738,0.872284
ACCATCGTATATGGTA-1,0.000391,0.000587,0.999021
ACCATTAAGGGTGTCA-1,0.000389,0.000584,0.999027
ACCCACCTACATGCTC-1,0.000146,0.743187,0.256666
ACCCATCTTGAGGGTA-1,0.000384,0.05739,0.942226
ACCCGAGCGAAATTAC-1,0.000238,0.322181,0.67758
ACCCGATTGGTTCCGA-1,0.000292,0.178578,0.821129
ACCCGGAAACTCCCAG-1,0.000233,0.004372,0.995395
ACCCGGTTACACTTCC-1,0.000153,0.761215,0.238632
ACCCGTAGCAGAGAAT-1,0.000392,0.629403,0.370205
ACCCGTGTCATCAGTA-1,0.000336,0.036404,0.963261
ACCCTATAGGACTGAG-1,0.000263,0.283999,0.715739
ACCCTATGCCATATCG-1,0.000364,0.379757,0.619879
ACCCTCCCGTCAGGGC-1,0.000144,0.247249,0.752607
ACCCTCCCTTGCTATT-1,0.001355,0.099297,0.899348
ACCCTTCATCTGCGAA-1,0.000181,0.058035,0.941784
ACCGAAAGGGCCCTGC-1,0.000222,0.064535,0.935243
ACCGAAGAGTCTGGTT-1,0.000646,0.229383,0.769971
ACCGACACATCTCCCA-1,0.000223,0.144383,0.855393
ACCGACTGAGTCCCAC-1,0.000353,0.0954,0.904247
ACCGAGTCTCCTTATT-1,0.002442,0.003666,0.993892
ACCGCTAGTCATTGGT-1,0.000262,0.221742,0.777996
ACCGGTCAGGTACACC-1,0.001778,0.189435,0.808788
ACCGTCCACTGGGCCC-1,0.000079,0.450135,0.549786
ACCGTGACCACGTGGG-1,0.000258,0.045903,0.953839
ACCTAAGTACCTTTCA-1,0.000547,0.000822,0.998631
ACCTAATCGACTTCCT-1,0.000455,0.244295,0.75525
ACCTACTATAAATCTA-1,0.00016,0.245825,0.754015
ACCTCAGCGAGGCGCA-1,0.000246,0.000369,0.999386
ACCTCGAACTTATGCT-1,0.00057,0.273475,0.725956
ACCTGCGTGTCATGTT-1,0.000424,0.000637,0.998939
ACGAAATGGGCGGCAC-1,0.000511,0.024077,0.975413
ACGACTCTAGGGCCGA-1,0.000318,0.170659,0.829022
ACGACTGGTCATACTC-1,0.000186,0.21291,0.786903
ACGAGAACCCATCACG-1,0.00063,0.967938,0.031433
ACGAGGTTTACAACGT-1,0.000529,0.129207,0.870264
ACGAGTCGCCGGCGTT-1,0.00021,0.000315,0.999475
ACGATACCTATCCTGA-1,0.000379,0.172537,0.827084
ACGATCATACATAGAG-1,0.000316,0.000474,0.999211
ACGATGCATATGTTAT-1,0.000408,0.000612,0.99898
ACGATGGATCCGATGC-1,0.000185,0.067402,0.932412
ACGCAAACTAATAGAT-1,0.000212,0.103838,0.89595
ACGCATTCGTGAGTAC-1,0.000545,0.000818,0.998638
ACGCCACTCGAAACAG-1,0.000287,0.000432,0.999281
ACGCCAGATGATTTCT-1,0.000199,0.000702,0.999099
ACGCCAGTGCGTTTGC-1,0.000315,0.000473,0.999212
ACGCCGCTAGACGACC-1,0.000309,0.000464,0.999227
ACGCCTGACACGCGCT-1,0.000353,0.369738,0.629909
ACGCGAAGTCAGACGA-1,0.00069,0.154291,0.845019
ACGCGCTACACAGGGT-1,0.000439,0.24336,0.756201
ACGCGGGCCAAGGACA-1,0.000391,0.000587,0.999021
ACGCGTTTCTTAAGAG-1,0.00029,0.000435,0.999275
ACGCTGTGAGGCGTAG-1,0.00012,0.690013,0.309867
ACGGAACACGAGTGCC-1,0.00058,0.472553,0.526867
ACGGAATTTAGCAAAT-1,0.00024,0.274178,0.725583
ACGGACGCAGCGACAA-1,0.003044,0.313134,0.683822
ACGGACTCTCAAAGCG-1,0.000287,0.00043,0.999283
ACGGCGACGATGGGAA-1,0.000439,0.000659,0.998902
ACGGCGGGTTGCCCTG-1,0.000251,0.81401,0.185738
ACGGCTGGATGTAGAA-1,0.000579,0.40232,0.597101
ACGGGAGTGTCGGCCC-1,0.000412,0.000619,0.998969
ACGGGTCATGTGACTT-1,0.000225,0.742631,0.257143
ACGGGTTGTGACCTGT-1,0.002743,0.198754,0.798503
ACGGTACAGTTCAATG-1,0.000202,0.207038,0.79276
ACGGTCACCGAGAACA-1,0.000199,0.000299,0.999502
ACGTACAGATTTCTCT-1,0.000301,0.085939,0.91376
ACGTACTTTGGCACGG-1,0.000131,0.562198,0.437671
ACGTAGATTGCTGATG-1,0.000309,0.000464,0.999227
ACGTAGGAGAGTCGCT-1,0.000146,0.197191,0.802664
ACGTCGGGCAACTCGG-1,0.001984,0.002978,0.995038
ACGTCTCGTTCCGGGA-1,0.000133,0.597569,0.402298
ACGTGCGCCTCGTGCA-1,0.000138,0.060453,0.939409
ACGTTAATGTCGAAGA-1,0.000369,0.000553,0.999078
ACGTTAGATTTGCCCG-1,0.000387,0.159507,0.840106
ACGTTATTGGTCACTC-1,0.000452,0.000678,0.99887
ACGTTCACTATGCCGC-1,0.00029,0.28981,0.7099
ACGTTCCGCGCTCCGT-1,0.000165,0.470078,0.529757
ACGTTCGTTCAGGAAA-1,0.000273,0.041592,0.958135
ACGTTCTGTACAAGTC-1,0.000153,0.446948,0.552899
ACGTTGTCGTTGAAAG-1,0.000142,0.430453,0.569405
ACGTTTAGTTGTGATC-1,0.000176,0.184849,0.814975
ACTACAAAGAGAGGTG-1,0.000127,0.303918,0.695955
ACTACATCCCGACAAG-1,0.000506,0.822973,0.176521
ACTACCAGCTCTCTGG-1,0.000176,0.000635,0.999189
ACTACCATCCGAGGGC-1,0.000219,0.801102,0.198679
ACTACGCGTTAGAATT-1,0.000354,0.138914,0.860732
ACTATCGCCGGCTAAA-1,0.000477,0.22164,0.777884
ACTATGTCCAGCTGCC-1,0.000223,0.272808,0.726968
ACTATTCGTCCGTGGT-1,0.000238,0.024166,0.975596
ACTATTTCCGGGCCCA-1,0.000306,0.029613,0.970081
ACTCAACGAATGTATT-1,0.002554,0.235686,0.76176
ACTCAAGTGCAAGGCT-1,0.000144,0.247277,0.752579
ACTCAATAAAGGCACG-1,0.000439,0.032163,0.967398
ACTCAGACCTGCTTCT-1,0.000222,0.118623,0.881156
ACTCATGGCAGCCTTC-1,0.000211,0.783861,0.215928
ACTCCAATATCATCAT-1,0.000372,0.049768,0.94986
ACTCCCATTCCTAAAG-1,0.000513,0.059995,0.939492
ACTCCCTAATGCTAAA-1,0.000259,0.000389,0.999352
ACTCCCTAGAATAGTA-1,0.000167,0.050374,0.949459
ACTCCGGCCGACCACT-1,0.000174,0.332063,0.667763
ACTCGATGTATTTCAT-1,0.000751,0.067765,0.931484
ACTCGTCAGTAATCCC-1,0.000296,0.114251,0.885454
ACTCTAAACCTGGGAT-1,0.000261,0.384463,0.615275
ACTCTCTGACTTAGGT-1,0.000206,0.000309,0.999484
ACTCTGACCTAATAGA-1,0.000171,0.084528,0.915301
ACTCTTGTATAGTAAC-1,0.000305,0.000458,0.999238
ACTGAATGGCGAAAGT-1,0.000116,0.801938,0.197946
ACTGCCCGCCATTCTC-1,0.000248,0.185432,0.81432
ACTGCCGTCGTAACTC-1,0.000145,0.137437,0.862418
ACTGGGATGCCAGTGC-1,0.000236,0.250799,0.748965
ACTGTACGATACACAT-1,0.000118,0.428765,0.571117
ACTGTAGCACTTTGGA-1,0.000329,0.000493,0.999178
ACTGTATACGCGAGCA-1,0.000741,0.001112,0.998147
ACTGTCCAGGATTATA-1,0.000309,0.000464,0.999227
ACTGTCTTCTTTAGAA-1,0.000294,0.000442,0.999264
ACTGTGCTAGTAGATC-1,0.000322,0.455462,0.544216
ACTTACGCATCCACGC-1,0.000269,0.000404,0.999326
ACTTAGTACGACAAGA-1,0.000225,0.354664,0.645111
ACTTATCTGATCTATA-1,0.004728,0.007096,0.988176
ACTTATTAGGATCGGT-1,0.000382,0.000574,0.999043
ACTTATTTATGTGCCA-1,0.000499,0.075126,0.924374
ACTTCCAGTGGAAGCT-1,0.00161,0.303496,0.694894
ACTTCCATGCGGGACA-1,0.000052,0.913426,0.086521
ACTTCGCCATACGCAC-1,0.000622,0.000934,0.998443
ACTTGACTCCCTCTTT-1,0.000414,0.000621,0.998965
ACTTGCTCTATCTACC-1,0.001462,0.154327,0.844211
ACTTGGGACCCGGTGG-1,0.000355,0.38616,0.613485
ACTTGGGCTTTCGCCA-1,0.000726,0.090433,0.908841
ACTTGTAGTCCCTTCA-1,0.000364,0.000547,0.999089
ACTTGTTACCGGATCA-1,0.000635,0.242623,0.756742
ACTTTATACACCACTT-1,0.00313,0.004699,0.992172
ACTTTCCTATAGCTTC-1,0.000281,0.752247,0.247472
ACTTTGACTGCATCCT-1,0.000447,0.075674,0.923879
ACTTTGGTCGTGCTCC-1,0.001176,0.001765,0.997059
AGAACACGGCGATGGT-1,0.004444,0.264059,0.731497
AGAACCCTCAATTGGG-1,0.001372,0.053484,0.945144
AGAACGTGGTACATTC-1,0.000396,0.146314,0.85329
AGAACTGTACTTTGTA-1,0.000247,0.184453,0.815299
AGAAGGTTGCCGAATT-1,0.000398,0.410184,0.589418
AGAAGGTTGTAGGTCG-1,0.0002,0.0003,0.999501
AGAAGTGATTCGTGAT-1,0.000307,0.59425,0.405444
AGAATAAATCTTCAGG-1,0.000219,0.07832,0.921461
AGAATACAGGCTATCC-1,0.001355,0.002034,0.996611
AGAATTGTTTGACATA-1,0.000112,0.579706,0.420181
AGACAGCTCAGAATCC-1,0.000299,0.000449,0.999252
AGACATAGATCCTTCC-1,0.000264,0.04916,0.950575
AGACCATGGGATACAA-1,0.000286,0.214273,0.785441
AGACCCACCGCTGATC-1,0.00052,0.000781,0.998698
AGACCCGCCCTCCTCG-1,0.00025,0.005843,0.993907
AGACCGGGAAACCCTG-1,0.000467,0.000701,0.998832
AGACGACGATGCCGCT-1,0.000416,0.271339,0.728245
AGACTAGCCTTCCAGA-1,0.000266,0.000399,0.999334
AGACTGTTACCGGGTC-1,0.000306,0.103992,0.895701
AGAGAAACACCAGAAA-1,0.000137,0.262985,0.736878
AGAGAAGGAGTACAAT-1,0.000228,0.316474,0.683297
AGAGATCTCTAAAGCG-1,0.000358,0.000538,0.999104
AGAGCAGTTATGAGAC-1,0.000503,0.000755,0.998743
AGAGCGGGCTAATCAT-1,0.000137,0.064985,0.934878
AGAGCGTACAAGCTCG-1,0.000162,0.719884,0.279953
AGAGCTACGAAAGCAT-1,0.000295,0.254614,0.745091
AGAGGTATCTCGGTCC-1,0.000378,0.022611,0.977011
AGATAACTTCAGGGCC-1,0.00028,0.000421,0.999299
AGATAATCACACCTAT-1,0.001522,0.002285,0.996193
AGATACCGGTGTTCAC-1,0.000274,0.272535,0.727191
AGATACGACTTCATAT-1,0.000385,0.220508,0.779107
AGATACTCAAGATCGA-1,0.000285,0.000428,0.999287
AGATATAATACGACTA-1,0.000157,0.046695,0.953148
AGATCTCAGGTGTGAT-1,0.000282,0.000423,0.999295
AGATCTGGAGAGGATA-1,0.006173,0.009266,0.984561
AGATGACTCGCCCACG-1,0.00021,0.164075,0.835715
AGATGCAAGACGTGCA-1,0.000255,0.238276,0.761469
AGATGCATCCTGTGTC-1,0.000453,0.270507,0.729041
AGATGCTATAACGAGC-1,0.003472,0.171296,0.825231
AGATTATAGGACGTTT-1,0.000307,0.263568,0.736126
AGATTCACAACCGATA-1,0.000358,0.194669,0.804973
AGCAAAGGCCGCTAGT-1,0.000233,0.027193,0.972574
AGCAACCGAAAGTAAT-1,0.000589,0.674673,0.324737
AGCACACGTTTAGACT-1,0.000177,0.630123,0.3697
AGCACCAGTACTCACG-1,0.000549,0.000824,0.998628
AGCACTACCGGCCTGT-1,0.000529,0.047622,0.951849
AGCACTTAAGGACGCC-1,0.000169,0.40928,0.590551
AGCAGAAGGAGAAAGA-1,0.000154,0.091473,0.908373
AGCAGCCAGATGAATA-1,0.000284,0.159027,0.840689
AGCAGTCGAAGCATGC-1,0.000422,0.032447,0.967132
AGCATCATTTCGAAAG-1,0.00097,0.019048,0.979982
AGCATCGTCGATAATT-1,0.000216,0.208484,0.7913
AGCCAAGCTTTGTGTC-1,0.00023,0.211445,0.788325
AGCCACAGGTTACCCG-1,0.000189,0.020079,0.979732
AGCCATATAGTATGTG-1,0.000158,0.172415,0.827427
AGCCCATACATGTAAG-1,0.000514,0.015087,0.984399
AGCCCGCAACAAGCAG-1,0.000176,0.138341,0.861484
AGCCCGGCATTAGAGG-1,0.000274,0.25181,0.747916
AGCCCGGTAGCCTGTA-1,0.000323,0.164576,0.835101
AGCCCTAAGCGAAGTT-1,0.000117,0.307747,0.692136
AGCCCTCCCTGGTGGC-1,0.000229,0.634383,0.365388
AGCCGCAAATTCAAAT-1,0.000243,0.088033,0.911723
AGCCGCTTGATTAGCG-1,0.000379,0.000569,0.999052
AGCCTTAAAGCGGAAG-1,0.000353,0.552348,0.447299
AGCCTTGTCACTGATA-1,0.002222,0.3152,0.682578
AGCGACAGGAACGGTC-1,0.00032,0.014636,0.985043
AGCGACATCCCATTCA-1,0.00023,0.125481,0.874289
AGCGACCAACGATATT-1,0.000242,0.000363,0.999395
AGCGACTTTGAAGACA-1,0.000104,0.728612,0.271284
AGCGAGACGTGAAGGC-1,0.000064,0.782452,0.217484
AGCGCATAATGAATCG-1,0.000325,0.119922,0.879753
AGCGGACACTTCGTAG-1,0.000279,0.129115,0.870606
AGCGGGAAGGGTCCAT-1,0.000257,0.300571,0.699172
AGCGGGTCTGACACTC-1,0.000187,0.224105,0.775708
AGCGTACGAGAGCTAG-1,0.000261,0.13586,0.863879
AGCGTAGCGCTAGACC-1,0.00009,0.680541,0.319369
AGCGTCTGAACCCGCA-1,0.001068,0.113885,0.885047
AGCGTGGTATTCTACT-1,0.000247,0.032109,0.967644
AGCTAACAAGCAATGT-1,0.000267,0.096613,0.903119
AGCTAAGCTCCGTCCG-1,0.000265,0.427843,0.571893
AGCTAAGTACGCAGGC-1,0.000153,0.021741,0.978106
AGCTATTTAATCCAAC-1,0.000167,0.00025,0.999583
AGCTCTAGACGTTCCA-1,0.000415,0.000622,0.998963
AGCTCTTTACTCAGTT-1,0.000607,0.000911,0.998481
AGCTGTAACCTCAATC-1,0.002813,0.230339,0.766848
AGCTTATAGAGACCTG-1,0.000191,0.06017,0.939639
AGCTTCTTCTCGAGCA-1,0.000323,0.099597,0.90008
AGCTTGATCAGGGTAG-1,0.000561,0.000842,0.998597
AGCTTGATCTTAACTT-1,0.000512,0.000769,0.998719
AGGAAAGCCTCTGATG-1,0.00012,0.999641,0.000239
AGGAAGCTGTCCGCCG-1,0.000305,0.077074,0.922621
AGGACAGTCGAATCCC-1,0.000141,0.01843,0.981429
AGGACATCGCACGTCG-1,0.000183,0.347791,0.652026
AGGACGACCCATTAGA-1,0.000412,0.000618,0.998971
AGGACTTATAGGAGAA-1,0.000345,0.278149,0.721506
AGGATATCCGACTGCA-1,0.000162,0.219712,0.780127
AGGATCACGCGATCTG-1,0.000802,0.001204,0.997993
AGGCAAAGAGGAATCA-1,0.000157,0.111452,0.888391
AGGCAATACGGAGGAC-1,0.000395,0.000594,0.999011
AGGCAGGGAGCGTACT-1,0.000403,0.14852,0.851077
AGGCCACCCGTTATGA-1,0.000315,0.000472,0.999213
AGGCCCAGTGACTGGT-1,0.000371,0.231957,0.767672
AGGCCCATTGTACAGG-1,0.000202,0.191225,0.808573
AGGCCCTAGAACGCCA-1,0.000489,0.0894,0.91011
AGGCCTATCATACCAA-1,0.000081,0.902089,0.097831
AGGCCTGAGAATCTCG-1,0.000199,0.109386,0.890414
AGGCGGTTTGTCCCGC-1,0.000385,0.157011,0.842604
AGGCTATGGTTAGCTT-1,0.000307,0.299523,0.70017
AGGCTTAAGTTGCACA-1,0.001522,0.002285,0.996193
AGGCTTCCCGAAGAAG-1,0.000238,0.126486,0.873276
AGGCTTGCTAGACACC-1,0.000537,0.128265,0.871198
AGGGACAGCACGGCGG-1,0.000103,0.699272,0.300626
AGGGACTCTACGCGAC-1,0.000476,0.08772,0.911805
AGGGCAGCGGCGTGGT-1,0.000338,0.130123,0.869539
AGGGCGAGCAGCTGAT-1,0.000406,0.000609,0.998986
AGGGCGTGATCGGCTA-1,0.000172,0.087409,0.912419
AGGGCTGCAGTTACAG-1,0.000243,0.104292,0.895465
AGGGTCAGAGCACTCG-1,0.000242,0.16169,0.838068
AGGGTGCCGTTCTTTA-1,0.000191,0.494073,0.505736
AGGGTGGATAGTGCAT-1,0.000182,0.000273,0.999545
AGGGTTCAGACGGTCC-1,0.00022,0.359167,0.640613
AGGGTTTAGTTCGGGA-1,0.000402,0.000603,0.998995
AGGTAACCTCCTATTC-1,0.00006,0.854463,0.145477
AGGTAGATCGAGATAT-1,0.000167,0.102353,0.89748
AGGTAGGTACAAAGCT-1,0.000331,0.000496,0.999173
AGGTCAGGTGAGAGTG-1,0.000293,0.000439,0.999268
AGGTCGCCACTTCGGT-1,0.000173,0.334949,0.664878
AGGTGGTGACCTTCGC-1,0.000258,0.299862,0.69988
AGGTGTATCGCCATGA-1,0.000493,0.022521,0.976986
AGGTTCTCCTTTCCGG-1,0.001263,0.001895,0.996842
AGGTTGAGGCACGCTT-1,0.001201,0.001803,0.996996
AGGTTTCACACACCTT-1,0.000373,0.00056,0.999067
AGTAAGGGACAGAATC-1,0.000808,0.273343,0.725849
AGTAATCTAAGGGTGG-1,0.000136,0.748157,0.251707
AGTAATGTCTTGCCGC-1,0.000234,0.000351,0.999416
AGTAATTTGCAAGCGT-1,0.003584,0.513368,0.483047
AGTACAGAAGCTTATA-1,0.001481,0.099984,0.898535
AGTACGGCCCGTATCG-1,0.000311,0.06448,0.935208
AGTACGGGCACCTGGC-1,0.000835,0.50517,0.493995
AGTAGAAGGCGCCTCA-1,0.000163,0.232612,0.767225
AGTAGGTAACATACAT-1,0.000199,0.092311,0.90749
AGTATAATACTAGGCA-1,0.000264,0.000396,0.99934
AGTATACACAGCGACA-1,0.000248,0.124719,0.875033
AGTATCCATAATAACG-1,0.000136,0.565415,0.434449
AGTATGCTGGAGACCA-1,0.000525,0.059739,0.939736
AGTATTTGGCACGACC-1,0.000469,0.042944,0.956587
AGTCAAATGATGTGAT-1,0.000042,0.936755,0.063203
AGTCAACACCACCATC-1,0.000456,0.000685,0.998859
AGTCAAGATGACACTT-1,0.000583,0.000875,0.998541
AGTCACTCCGCCTCAT-1,0.000241,0.40232,0.597439
AGTCAGCCACCGCCTG-1,0.000388,0.216702,0.78291
AGTCCAGCGGGTACGT-1,0.000319,0.00048,0.999201
AGTCGAAACGATTCAG-1,0.000539,0.145268,0.854192
AGTCGGCCCAAACGAC-1,0.000139,0.088987,0.910873
AGTCGGCTCAACTTTA-1,0.000392,0.000588,0.99902
AGTCGTATAAAGCAGA-1,0.000122,0.146694,0.853184
AGTCGTGGGCATTACG-1,0.000498,0.698482,0.301019
AGTCTCACAAGACTAC-1,0.000926,0.815551,0.183523
AGTCTGGACATCCTTG-1,0.000512,0.050357,0.949131
AGTCTTCTCCTCAAAT-1,0.000155,0.232617,0.767227
AGTCTTTAAAGTGTCC-1,0.000247,0.028982,0.970771
AGTGACCTACTTTACG-1,0.000225,0.000338,0.999437
AGTGACTGTGACACAA-1,0.000221,0.293007,0.706772
AGTGATAACCTGCGCG-1,0.000311,0.295878,0.70381
AGTGATATGAGTAGTT-1,0.000261,0.000392,0.999346
AGTGCGTAGCTCGTAA-1,0.000317,0.000476,0.999207
AGTGCTAAACACAGCA-1,0.000146,0.216353,0.783501
AGTGGCCCGCAAATGG-1,0.000059,0.872271,0.12767
AGTGGCGTCTGAAGGT-1,0.00014,0.011635,0.988226
AGTGGCTCCGTCGGCC-1,0.000334,0.000502,0.999164
AGTGGGAGTATACACG-1,0.000758,0.001138,0.998103
AGTGGTGTTACCCGTG-1,0.000304,0.000456,0.99924
AGTGGTTGCGTATAGG-1,0.000346,0.000519,0.999136
AGTGTGCTAAGATCGC-1,0.000316,0.000474,0.999211
AGTGTGGTCTATTGTG-1,0.000858,0.216706,0.782436
AGTTAAACACTTGCGA-1,0.00034,0.00051,0.99915
AGTTAAGTCAACCGCT-1,0.000675,0.332954,0.66637
AGTTACCCTTAAGACT-1,0.000404,0.046107,0.953489
AGTTACCGCACATGGT-1,0.00031,0.010614,0.989076
AGTTCACCGGTTGGAC-1,0.002415,0.491043,0.506541
AGTTCCTACAGAATTA-1,0.001255,0.001885,0.99686
AGTTCCTATTTATGTT-1,0.000441,0.000662,0.998897
AGTTCTGCGTTGTATC-1,0.000358,0.314277,0.685364
AGTTGACATCGGCTGG-1,0.00012,0.570708,0.429172
AGTTGACGGTCCTTGC-1,0.000212,0.353281,0.646507
AGTTGCGGTCCTCAAC-1,0.000545,0.000818,0.998638
AGTTGCTGACTGATAT-1,0.000848,0.197338,0.801814
AGTTTCGCAGGTCGGA-1,0.000287,0.000431,0.999282
AGTTTGCACCTGCCTC-1,0.00016,0.771445,0.228395
AGTTTGGCCAGACCTA-1,0.000389,0.18412,0.815491
ATAAACCATTGGACGG-1,0.000141,0.278442,0.721416
ATAAACGGACCCGTAA-1,0.000153,0.011544,0.988303
ATAAAGGCTCGGTCGT-1,0.000201,0.297493,0.702306
ATAAATATTAGCAGCT-1,0.000225,0.563837,0.435937
ATAACGCCGGAGGGTC-1,0.000124,0.044158,0.955718
ATAACGGAGTCCAACG-1,0.000644,0.093,0.906356
ATAAGTTACCGCGACG-1,0.000217,0.000326,0.999456
ATAATACCGTTAGCCG-1,0.000503,0.270355,0.729142
ATAATAGCTGTTGAAT-1,0.000369,0.000554,0.999077
ATAATAGTGTAGGGAC-1,0.000131,0.700127,0.299742
ATAATCTTGGAGAACC-1,0.000245,0.040582,0.959174
ATAATTAGCTAAGTAG-1,0.000134,0.307495,0.692371
ATACAGCGTCCACTGA-1,0.002077,0.380119,0.617804
ATACCACGGGCAACTT-1,0.000568,0.000853,0.998578
ATACCAGGCTAATAGA-1,0.000229,0.300219,0.699552
ATACCCTCCCGGCCAA-1,0.001043,0.26652,0.732437
ATACCCTGGCTCAAAT-1,0.000639,0.000959,0.998403
ATACCTAACCAAGAAA-1,0.000187,0.000281,0.999532
ATACGAGGTTTGTAAG-1,0.000201,0.383396,0.616403
ATACGCCGATCTACCG-1,0.007407,0.01112,0.981473
ATACGCCGGCGAAACC-1,0.000433,0.00065,0.998917
ATACGGAACGTCGTTT-1,0.000726,0.00109,0.998184
ATACGGTGAAGATGCA-1,0.00018,0.155399,0.844421
ATACGTTATGCACGGA-1,0.000212,0.413175,0.586613
ATACTAGCATGACCCT-1,0.000202,0.236186,0.763611
ATACTCTCGCCACTCT-1,0.000141,0.767952,0.231907
ATACTGCCTTACACCG-1,0.000108,0.381078,0.618814
ATACTTGTTCTCGAGC-1,0.000318,0.000478,0.999204
ATAGACGAAGAGAAAG-1,0.000208,0.202681,0.797111
ATAGAGTACTGGGACA-1,0.000215,0.000323,0.999463
ATAGCAACTAGGGAAG-1,0.000434,0.000652,0.998914
ATAGCCTCAGTACCCA-1,0.000599,0.015411,0.98399
ATAGCTGCTCTTGTTA-1,0.000334,0.302306,0.69736
ATAGGCGGCTATAGAA-1,0.000089,0.886536,0.113375
ATAGGGATATCCTTGA-1,0.000322,0.017536,0.982142
ATAGGTTGGGCAGATG-1,0.000514,0.34678,0.652705
ATAGTCTTTGACGTGC-1,0.000435,0.149665,0.8499
ATAGTGAAGCGTTCTC-1,0.000475,0.000713,0.998812
ATATAAAGCGCTCGTG-1,0.000329,0.074936,0.924735
ATATAACACGGGCGCA-1,0.000261,0.000392,0.999346
ATATAGAGTATTGGTC-1,0.001462,0.154629,0.843909
ATATCAATTCCAGCCT-1,0.001634,0.124614,0.873752
ATATCTTAGGGCCTTC-1,0.000243,0.000365,0.999392
ATATGGGATAGCAACT-1,0.00025,0.087576,0.912174
ATATGTCTAGAGCGTG-1,0.000503,0.000755,0.998743
ATATTATCCCGTATTT-1,0.000805,0.215154,0.784041
ATATTCAGTTAAACCT-1,0.000324,0.000486,0.99919
ATATTCCCACAGGTCA-1,0.00031,0.095909,0.903782
ATATTGCTGTCAAAGT-1,0.000371,0.215118,0.784511
ATATTTAACCCTCAAG-1,0.000403,0.000604,0.998993
ATCAAACGAAGGTTTG-1,0.000224,0.159815,0.839961
ATCAAAGAGCCGTGGT-1,0.000865,0.108003,0.891133
ATCAAGATCCCAGGAC-1,0.000203,0.107467,0.892331
ATCAATCTGGGCTGCA-1,0.000311,0.000467,0.999222
ATCAATGCCGTGGCTG-1,0.000204,0.501865,0.497931
ATCACGTGCTAATTAA-1,0.000161,0.174205,0.825634
ATCACTTCATCCTCGC-1,0.000136,0.563338,0.436526
ATCAGAAGCTGGTTGC-1,0.002339,0.279777,0.717884
ATCAGACGGCACGCCG-1,0.00015,0.000225,0.999625
ATCATAGATCGACGAG-1,0.000133,0.458829,0.541038
ATCATCCAATATTTGT-1,0.000184,0.371558,0.628258
ATCATTGTACCGCATT-1,0.000156,0.000913,0.998931
ATCCAACGCAGTCATA-1,0.00007,0.450906,0.549024
ATCCAATGGAGGGTCC-1,0.000571,0.000858,0.998571
ATCCAATGGTACCGAA-1,0.000229,0.115748,0.884023
ATCCACATCGACAGAA-1,0.000166,0.341164,0.65867
ATCCAGGATTCGTGAA-1,0.000353,0.000529,0.999118
ATCCCATCCACAGCGC-1,0.000561,0.410595,0.588844
ATCCCATTTCCGTGGG-1,0.000172,0.298567,0.701261
ATCCTACCTAAGCTCT-1,0.000356,0.000534,0.999111
ATCCTGAATCGCTGCG-1,0.000422,0.000633,0.998945
ATCCTGCGTGGAATGG-1,0.000183,0.231138,0.768679
ATCCTGCTGCAGATAG-1,0.000163,0.027582,0.972256
ATCGACCCAATACAGA-1,0.000332,0.000498,0.99917
ATCGACTCTTTCCGTT-1,0.000359,0.000539,0.999102
ATCGCACGATTGTTCA-1,0.000294,0.323599,0.676108
ATCGCACGCCGGGAGA-1,0.000185,0.41222,0.587595
ATCGGTTACCTAGTAA-1,0.000525,0.055616,0.943859
ATCGTATTCCGAGAAC-1,0.000223,0.414219,0.585558
ATCGTCCAATCGAGTC-1,0.000331,0.151822,0.847847
ATCGTGGAAAGTCTGG-1,0.000232,0.220078,0.77969
ATCTAACGTCCCTATG-1,0.002389,0.181735,0.815876
ATCTACCATCTGCTCC-1,0.000191,0.199398,0.800411
ATCTAGCTTGTGAGGG-1,0.000174,0.420468,0.579357
ATCTATCGATGATCAA-1,0.000461,0.000692,0.998847
ATCTCCCTGCAATCTA-1,0.000174,0.106215,0.893611
ATCTGACATGGAAGGA-1,0.000215,0.325872,0.673913
ATCTGATAGTGTCTTA-1,0.000346,0.065624,0.93403
ATCTGCTGTTATCGCC-1,0.000191,0.40116,0.598648
ATCTGGGCTGTTCTTG-1,0.000281,0.134474,0.865245
ATCTGGTTAAGACTGT-1,0.000471,0.000707,0.998822
ATCTGTAATTGTACCC-1,0.000177,0.137651,0.862173
ATCTTAGGGCATTAAT-1,0.000774,0.613819,0.385407
ATCTTGACCTGCAACG-1,0.000202,0.015013,0.984785
ATGAAGCCAAGGAGCC-1,0.000251,0.176212,0.823537
ATGAAGTGGACCCAGC-1,0.000338,0.040752,0.95891
ATGACGCCGGCTCTAA-1,0.000138,0.153184,0.846678
ATGACGCGTTCTATCC-1,0.000788,0.001183,0.998029
ATGACTATCAGCTGTG-1,0.000321,0.000482,0.999197
ATGACTATGCGACATT-1,0.000185,0.067526,0.93229
ATGAGGAGTGTTAATC-1,0.000145,0.125924,0.873931
ATGATCGGGAATAGAC-1,0.000097,0.562747,0.437156
ATGATGCAATGGTACA-1,0.000331,0.000497,0.999172
ATGCACCTTCCTTAAT-1,0.000694,0.001042,0.998263
ATGCACGCGCTGTTCA-1,0.000751,0.299993,0.699257
ATGCACTACCGCATTG-1,0.000294,0.070042,0.929663
ATGCATGATCCAGGAT-1,0.000102,0.108275,0.891623
ATGCATTCCGTGATGG-1,0.000296,0.046696,0.953008
ATGCCGGTCTTGCATA-1,0.000306,0.000459,0.999236
ATGCGACAGTCCCATT-1,0.000358,0.000537,0.999105
ATGCTCAGTGTTGCAT-1,0.000313,0.472064,0.527623
ATGCTCTGGCGCGGTA-1,0.000297,0.021897,0.977806
ATGGACTGCTTAGTTG-1,0.000234,0.307267,0.692498
ATGGAGCAGGCCGTGA-1,0.000295,0.05468,0.945026
ATGGATCCGGCGTCCG-1,0.000364,0.070521,0.929115
ATGGATTGACCAAACG-1,0.000439,0.000659,0.998902
ATGGCAGCATTACGAT-1,0.00042,0.663815,0.335765
ATGGCAGCCGAGAAAC-1,0.000168,0.450325,0.549507
ATGGGACCTGCTGAAC-1,0.000177,0.574039,0.425784
ATGGGTGTATACCTCC-1,0.000309,0.161428,0.838263
ATGGTATTGGGAACCG-1,0.000148,0.536445,0.463407
ATGGTATTTACTGATT-1,0.000543,0.609104,0.390353
ATGGTCGCGTGGTTTC-1,0.000145,0.000218,0.999637
ATGTACGATGACGTCG-1,0.000195,0.183016,0.81679
ATGTAGCGCGCGTAGG-1,0.000265,0.000399,0.999336
ATGTCATAATAAACGA-1,0.001214,0.075391,0.923395
ATGTCATTTCCCATTG-1,0.00463,0.006951,0.98842
ATGTCTTGTTTGACTC-1,0.000115,0.915182,0.084703
ATGTGAAAGCCTAATG-1,0.000206,0.337399,0.662395
ATGTGCATCCGACGCA-1,0.000093,0.628432,0.371474
ATGTGGACATCTTGAT-1,0.000416,0.000625,0.998959
ATGTTACGAGCAATAC-1,0.00022,0.514235,0.485546
ATGTTCCTGCCCACCT-1,0.003221,0.190889,0.80589
ATGTTCGTCGACCCAC-1,0.000236,0.047642,0.952122
ATGTTGATTAGAGACT-1,0.000202,0.006341,0.993457
ATGTTGTAGTCTGTTT-1,0.000121,0.763387,0.236492
ATTAAACATGCGGACC-1,0.000405,0.000608,0.998988
ATTAAAGCGGACGAGC-1,0.000272,0.020094,0.979635
ATTAACACCTGAGATA-1,0.000511,0.1616,0.837889
ATTAATACTACGCGGG-1,0.000139,0.199483,0.800377
ATTAATGAACCAGTCG-1,0.000865,0.001298,0.997837
ATTAATTCGGTCACTC-1,0.00021,0.000316,0.999474
ATTACGCGCTGGCAGG-1,0.000522,0.060334,0.939144
ATTACGGGCTACGGTT-1,0.001292,0.001939,0.996769
ATTACTAGCCTCTTGC-1,0.000278,0.175068,0.824654
ATTAGATTGATAGCGG-1,0.000285,0.096478,0.903237
ATTAGGCGATGCTTTC-1,0.000317,0.000476,0.999207
ATTATACTTTGCTCGT-1,0.000373,0.147382,0.852244
ATTATCGGAATGTACG-1,0.000202,0.329173,0.670624
ATTATGAGACCCAATT-1,0.004274,0.006415,0.989312
ATTATGCCATAGGGAG-1,0.000312,0.035303,0.964385
ATTATTATGTCCGTCA-1,0.000345,0.068262,0.931393
ATTATTCAGAGTCACT-1,0.00047,0.000742,0.998788
ATTCAAAGTACCTGTT-1,0.001736,0.002606,0.995658
ATTCACTGATGTTGGA-1,0.000246,0.061732,0.938022
ATTCAGTAGCAGGGTC-1,0.000398,0.000598,0.999004
ATTCATATACTGTCCA-1,0.000316,0.000474,0.999211
ATTCATCGTTGAGGCA-1,0.000263,0.056551,0.943185
ATTCCCACATAAACAA-1,0.000304,0.074034,0.925662
ATTCCCGAAGGTACAG-1,0.000145,0.075126,0.924729
ATTCCTCCGCCAGTGC-1,0.000138,0.637408,0.362454
ATTCCTTCCAGGCGGT-1,0.00017,0.460223,0.539607
ATTCGACGCCGGGCCT-1,0.0004,0.141172,0.858428
ATTCGTGTACCCATTC-1,0.000983,0.001476,0.997541
ATTCTCGTCTCTTTAG-1,0.000278,0.000418,0.999303
ATTGAAGATCTTAGTG-1,0.000717,0.100523,0.89876
ATTGACGTAACTCGGT-1,0.000278,0.0126,0.987123
ATTGATAGCAACGAGA-1,0.000147,0.62352,0.376333
ATTGCCTATTAGACCG-1,0.000126,0.773565,0.226309
ATTGCCTTTATGTTTG-1,0.000144,0.243404,0.756452
ATTGCTGCTCCTCCAT-1,0.000364,0.000546,0.99909
ATTGGGAATATCTTGG-1,0.000267,0.017738,0.981994
ATTGGTAGGATCCGCT-1,0.000359,0.000539,0.999102
ATTGTCTGTTTCATGT-1,0.000217,0.07651,0.923273
ATTTAACTCGTATTAC-1,0.000227,0.000341,0.999431
ATTTACAGTTTACTGG-1,0.000337,0.103241,0.896422
ATTTATACTGGTAAAG-1,0.001355,0.062335,0.93631
ATTTCCGGGTTCTGCG-1,0.000499,0.00075,0.998751
ATTTGCGCGAGTAGCT-1,0.001323,0.001986,0.996692
ATTTGGAGATTGCGGT-1,0.001443,0.300706,0.697851
ATTTGTCTTGGGAGCT-1,0.000195,0.050066,0.949739
ATTTGTTCCAGGGCTC-1,0.000202,0.000303,0.999495
CAAACCAGGTCTGCAT-1,0.00039,0.01269,0.98692
CAAACCATAAGCGTAT-1,0.000193,0.00029,0.999517
CAAACCCTCCGGCGGG-1,0.000056,0.572561,0.427383
CAAACGAGTATCGCAG-1,0.000241,0.000361,0.999398
CAAACGGTCGCACTTT-1,0.00034,0.00051,0.99915
CAAACTATTGAGCTTC-1,0.000301,0.000451,0.999248
CAAAGATTATTGGGCC-1,0.000622,0.379646,0.619731
CAAAGTCAGGTTAGCT-1,0.000092,0.053504,0.946405
CAAATCTCTCACAAGG-1,0.000417,0.000626,0.998957
CAAATGTCCTTCCGTG-1,0.000069,0.596584,0.403346
CAAATTGTCAGCAAGC-1,0.000127,0.248514,0.751359
CAACATGGCCTGATAA-1,0.000216,0.154148,0.845636
CAACCGCACCTAGACA-1,0.001671,0.512689,0.48564
CAACGACCCGTTTACA-1,0.000244,0.000367,0.999389
CAACGAGCTTATTATG-1,0.00463,0.584867,0.410503
CAACGCGATGAGCCAA-1,0.000071,0.69077,0.30916
CAACGGTTCTTGATAC-1,0.000192,0.277121,0.722687
CAACTCCTTGATCCCG-1,0.000055,0.834266,0.165679
CAACTGCTCATCCGAT-1,0.000373,0.227697,0.77193
CAACTTGTAGTGGGCA-1,0.000204,0.666524,0.333272
CAAGAGGGCGGAGTAC-1,0.00027,0.000405,0.999325
CAAGATATTATAACGT-1,0.000528,0.326768,0.672704
CAAGCAACGTCGGAGT-1,0.000321,0.000482,0.999197
CAAGCACCAAATGCCT-1,0.000176,0.000264,0.99956
CAAGGATCGCATGTTC-1,0.000398,0.000598,0.999004
CAAGGCCAGTGGTGCA-1,0.000601,0.028091,0.971309
CAAGGGAGTGTATTTG-1,0.000249,0.039824,0.959927
CAAGTAAGTGATAGAC-1,0.00008,0.78703,0.21289
CAAGTCGTTGAAATCT-1,0.000107,0.593712,0.406181
CAAGTGAACTTTGGTT-1,0.000274,0.045586,0.954139
CAATAAACCTTGGCCC-1,0.00057,0.313201,0.686229
CAATACGCTCTGAGGC-1,0.000558,0.000838,0.998604
CAATATTCTTGACCTA-1,0.000547,0.045469,0.953984
CAATATTGGACTAGTG-1,0.000231,0.213038,0.786731
CAATCCTGCCGTGGAG-1,0.000268,0.305382,0.694349
CAATGACCCTTAATTT-1,0.000513,0.123757,0.87573
CAATTAAGGGTGATGA-1,0.000269,0.130989,0.868742
CAATTGGGCCGCACTC-1,0.000448,0.000673,0.998879
CAATTTCGTATAAGGG-1,0.000414,0.000621,0.998965
CAATTTGACCGGGAAG-1,0.000471,0.152408,0.847121
CACAAGCTAAGAAAGG-1,0.000398,0.367798,0.631804
CACAATGAGCTGCTAT-1,0.000158,0.156037,0.843806
CACACAGGGATAGATT-1,0.00035,0.084437,0.915213
CACAGAGACGAGGACG-1,0.000222,0.381166,0.618613
CACAGCACCCACGGCA-1,0.000564,0.000847,0.998589
CACAGCTAGGGAGTGA-1,0.000151,0.057204,0.942645
CACAGGGCCGTTGTCA-1,0.000324,0.221109,0.778567
CACATAAGGCGACCGT-1,0.000207,0.479208,0.520585
CACATATTAGCAGGAT-1,0.000471,0.000707,0.998823
CACATCGTGCACGCGC-1,0.000195,0.446405,0.5534
CACATCTCACCGACGA-1,0.000179,0.372397,0.627424
CACATGATTCAGCAAC-1,0.000235,0.06525,0.934514
CACATGTTTGGACATG-1,0.00019,0.713204,0.286606
CACCACGCCACACAGA-1,0.000331,0.248373,0.751296
CACCAGTCAGCATGCA-1,0.000104,0.970782,0.029115
CACCATCGGAGGAGAC-1,0.000255,0.021061,0.978684
CACCCACACGTCACCC-1,0.000271,0.022884,0.976845
CACCCGGTTTGTGACT-1,0.000254,0.471054,0.528692
CACCCTTTCCTCGCTC-1,0.000305,0.081134,0.918561
CACCGCCAGAAGGTTT-1,0.000318,0.675001,0.32468
CACCGCCGACCAGCGA-1,0.000215,0.000359,0.999426
CACCGGGCATCACAAG-1,0.000157,0.301633,0.698209
CACCGGTAGAGACATT-1,0.0003,0.702424,0.297275
CACCGTTAGGGATCAC-1,0.000382,0.02894,0.970678
CACCGTTGCGCGATAT-1,0.000281,0.57902,0.420699
CACCTAATAGAGTCGT-1,0.000127,0.435103,0.56477
CACCTAATCAGTTTAC-1,0.000295,0.000442,0.999263
CACCTCGATGGTGGAC-1,0.000165,0.008597,0.991237
CACGAAAGTTAGTCCC-1,0.000402,0.227398,0.7722
CACGACTAAAGTTCTG-1,0.000239,0.00046,0.999301
CACGAGCAAACCAGAC-1,0.001967,0.23872,0.759314
CACGCACAGCGCAGCT-1,0.004357,0.006541,0.989102
CACGCAGCGAGGCTTT-1,0.000389,0.000584,0.999027
CACGGGATTGAGGGTT-1,0.000177,0.23686,0.762963
CACGTCGGCAACCTCT-1,0.000207,0.173449,0.826343
CACGTCGGGTTCTAGA-1,0.000221,0.461537,0.538242
CACGTTCGTGCTCTAG-1,0.000195,0.027946,0.971859
CACTAAAGTTGCCTAT-1,0.000231,0.000347,0.999421
CACTCAAGAGCTATGG-1,0.000241,0.08362,0.916139
CACTCAGCTCTTGAGG-1,0.00013,0.562692,0.437177
CACTCCTATGTAAGAT-1,0.000335,0.226455,0.77321
CACTCGAGCTGAACAA-1,0.000144,0.061869,0.937986
CACTCGGTTAGGAGGA-1,0.000216,0.109185,0.890599
CACTCTCAAGCATCGA-1,0.000175,0.257877,0.741949
CACTGACGATTGTGGA-1,0.000203,0.290834,0.708963
CACTGTCCAAGTGAGA-1,0.000295,0.113524,0.886181
CACTTAATCAGACGGA-1,0.000393,0.000589,0.999018
CACTTCGCCACAGGCT-1,0.000227,0.602686,0.397087
CACTTCGTCTTATCTC-1,0.00065,0.603949,0.395401
CAGACACCGATCGCTG-1,0.000345,0.253837,0.745818
CAGAGCATGAGCTTGC-1,0.00127,0.001906,0.996824
CAGAGGCGATGCATGA-1,0.000342,0.041586,0.958071
CAGAGTGATTTAACGT-1,0.000252,0.000379,0.999369
CAGATACTAACATAGT-1,0.000177,0.043393,0.956429
CAGATATGAAGATGAC-1,0.00017,0.72967,0.27016
CAGATCCTGGTTTGAA-1,0.00064,0.497811,0.501548
CAGCAGCCCGTTCCTT-1,0.000488,0.145835,0.853677
CAGCAGTCTGTGCTGC-1,0.000215,0.247364,0.752421
CAGCCTCCTGCAGAGG-1,0.000141,0.817241,0.182618
CAGCGATTCCCTTCAA-1,0.000388,0.206473,0.793139
CAGCGCCAACACGATA-1,0.000173,0.179687,0.820141
CAGCTCACTGAGACAT-1,0.000429,0.000644,0.998927
CAGCTCGTGCTTGTGT-1,0.00031,0.072143,0.927548
