Barcode,Topic 1,Topic 2to3,Topic 4to5,Topic 6to7,Topic 8,Topic 9to10
AAACAAGTATCTCCCA-1,0.000565,0.150546,0.203678,0.00113,0.64295,0.00113
AAACACCAATAACTGC-1,0.00069,0.16232,0.146952,0.00138,0.446373,0.242285
AAACAGAGCGACTCCT-1,0.000232,0.221146,0.000463,0.000463,0.000232,0.777464
AAACAGCTTTCAGAAG-1,0.000102,0.105275,0.000205,0.000205,0.894007,0.000205
AAACAGGGTCTATATT-1,0.000369,0.254267,0.112992,0.014606,0.1906,0.427165
AAACATGGTGAGAGGA-1,0.000035,0.437772,0.047042,0.07459,0.026129,0.414432
AAACATTTCCCGGATT-1,0.00002,0.177199,0.019392,0.13138,0.125488,0.546521
AAACCGGAAATGTTAA-1,0.000971,0.001942,0.784814,0.001942,0.000971,0.209359
AAACCGGGTAGGTACC-1,0.000047,0.205952,0.219893,0.008078,0.42227,0.143761
AAACCGTTCGTCCAGG-1,0.000009,0.0539,0.861482,0.000017,0.084571,0.000022
AAACCTAAGCAGCCGG-1,0.000026,0.133002,0.214184,0.026907,0.10719,0.518692
AAACGAAGAACATACC-1,0.000042,0.000084,0.000084,0.182296,0.082791,0.734704
AAACGAAGATGGAGTA-1,0.000105,0.308584,0.00021,0.137613,0.157879,0.39561
AAACGGGCGTACGGGT-1,0.000032,0.244939,0.201216,0.000064,0.026628,0.527121
AAACGGTTGCGAACTG-1,0.000006,0.376064,0.575692,0.048219,0.000006,0.000013
AAACGTGTTCGCCCTA-1,0.000083,0.017442,0.000166,0.125006,0.381665,0.475638
AAACTAACGTGGCGAC-1,0.00017,0.223385,0.054059,0.00034,0.163413,0.558633
AAACTCGGTTCGCAAT-1,0.000046,0.144309,0.113927,0.060252,0.222008,0.459458
AAACTCGTGATATAAG-1,0.000047,0.147779,0.044789,0.136098,0.549276,0.122012
AAACTGCTGGCTCCAA-1,0.000022,0.186356,0.017457,0.000045,0.627909,0.168211
AAACTTAATTGCACGC-1,0.000236,0.543788,0.073351,0.000472,0.081225,0.300929
AAACTTGCAAACGTAT-1,0.000087,0.088587,0.191689,0.076941,0.494271,0.148426
AAAGAATGACCTTAGA-1,0.000017,0.366749,0.164404,0.000033,0.000017,0.46878
AAAGACCCAAGTCGCG-1,0.00002,0.283601,0.182874,0.000041,0.026592,0.506872
AAAGACTGGGCGCTTT-1,0.000013,0.679626,0.126742,0.000026,0.006036,0.187557
AAAGGCCCTATAATAC-1,0.000028,0.000056,0.052976,0.000056,0.003731,0.943153
AAAGGCTACGGACCAT-1,0.00073,0.00146,0.00146,0.00146,0.993429,0.00146
AAAGGCTCTCGCGCCG-1,0.000052,0.087874,0.552114,0.000103,0.26771,0.092146
AAAGGGATGTAGCAAG-1,0.000008,0.007674,0.979089,0.000017,0.000008,0.013203
AAAGGGCAGCTTGAAT-1,0.000018,0.677455,0.128331,0.061043,0.03846,0.094692
AAAGGTAAGCTGTACC-1,0.000433,0.847969,0.000866,0.103733,0.000433,0.046566
AAAGTAGCATTGCTCA-1,0.000265,0.64391,0.040165,0.238212,0.076917,0.000531
AAAGTCACTGATGTAA-1,0.000026,0.000053,0.000053,0.63952,0.082323,0.278026
AAAGTGCCATCAATTA-1,0.00003,0.436968,0.006981,0.012277,0.339082,0.204663
AAAGTGTGATTTATCT-1,0.000365,0.146011,0.103016,0.193351,0.556527,0.00073
AAATAACCATACGGGA-1,0.000028,0.05706,0.000055,0.007799,0.113703,0.821355
AAATACCTATAAGCAT-1,0.000028,0.612281,0.08757,0.000056,0.180983,0.119081
AAATAGGGTGCTATTG-1,0.000087,0.488796,0.098702,0.064608,0.195652,0.152156
AAATCCGATACACGCC-1,0.000051,0.105949,0.006572,0.095235,0.079884,0.712309
AAATCGCGGAAGGAGT-1,0.000524,0.330488,0.001047,0.001047,0.1878,0.479093
AAATCGTGTACCACAA-1,0.000028,0.174798,0.066999,0.000056,0.489612,0.268508
AAATCTAGCCCTGCTA-1,0.000575,0.355136,0.171201,0.150904,0.000575,0.32161
AAATGATTCGATCAGC-1,0.00003,0.456372,0.129249,0.071684,0.018172,0.324492
AAATGCTCGTTACGTT-1,0.000014,0.426222,0.396934,0.000027,0.002291,0.174512
AAATGGCATGTCTTGT-1,0.000023,0.002079,0.055524,0.399747,0.104165,0.438463
AAATGGCCCGTGCCCT-1,0.001613,0.307405,0.095634,0.133363,0.001613,0.460371
AAATGGTCAATGTGCC-1,0.000029,0.571077,0.100617,0.000059,0.24632,0.081898
AAATGTATCTTATCCC-1,0.000021,0.646064,0.046449,0.000042,0.018063,0.289361
AAATTACACGACTCTG-1,0.001064,0.002128,0.256486,0.002128,0.001064,0.737129
AAATTACCTATCGATG-1,0.000225,0.099127,0.000451,0.239816,0.389416,0.270966
AAATTGATAGTCCTTT-1,0.000495,0.128968,0.468991,0.136244,0.264312,0.00099
AAATTGCGGCGGTTCT-1,0.000075,0.00015,0.00015,0.156143,0.170118,0.673363
AAATTGGTGAGAAGCA-1,0.000016,0.000031,0.000031,0.999249,0.000641,0.000031
AAATTTACCGAAATCC-1,0.002128,0.443334,0.004257,0.004257,0.002128,0.543896
AAATTTGCGGGTGTGG-1,0.000036,0.211038,0.022353,0.000072,0.706866,0.059635
AACAACTGGTAGTTGC-1,0.000028,0.319018,0.182067,0.000056,0.212939,0.285891
AACAATACATTGTCGA-1,0.000018,0.001324,0.871389,0.000037,0.000018,0.127214
AACAATTACTCTACGC-1,0.000021,0.367504,0.040728,0.014069,0.2748,0.302878
AACACACGCTCGCCGC-1,0.000102,0.150195,0.15201,0.000205,0.441706,0.255781
AACACGACTGTACTGA-1,0.00005,0.0001,0.0001,0.108078,0.195238,0.696434
AACACGAGACGCGGCC-1,0.000069,0.000137,0.057021,0.738056,0.20458,0.000137
AACACGCGGCCGCGAA-1,0.000714,0.242051,0.001429,0.001429,0.752948,0.001429
AACAGCTGTGTGGCAA-1,0.000027,0.078476,0.095777,0.195382,0.290589,0.33975
AACAGGAAATCGAATA-1,0.000017,0.276646,0.088741,0.091405,0.023947,0.519243
AACAGGATGGGCCGCG-1,0.000018,0.698544,0.023441,0.038544,0.092837,0.146616
AACAGGTAGTATGGAT-1,0.000103,0.291625,0.137433,0.000206,0.327512,0.243122
AACATATCAACTGGTG-1,0.000752,0.001504,0.074381,0.001504,0.09168,0.830179
AACATCGATACGTCTA-1,0.000048,0.039732,0.067146,0.024868,0.273504,0.594703
AACATTGAAGTTGATC-1,0.000031,0.000062,0.022961,0.02576,0.000031,0.951154
AACATTGTGACTCGAG-1,0.000045,0.00009,0.024752,0.015422,0.527781,0.431911
AACCAGTATCACTCTT-1,0.000479,0.313869,0.059333,0.311329,0.000479,0.314512
AACCATAGGGTTGAAC-1,0.000027,0.457742,0.095988,0.000054,0.000027,0.446161
AACCATGGGATCGCTA-1,0.000032,0.005739,0.06473,0.093237,0.023281,0.81298
AACCCAGAGACGGAGA-1,0.000018,0.009551,0.690588,0.008774,0.000693,0.290376
AACCCATCCCATGATC-1,0.000042,0.605413,0.020374,0.000084,0.161504,0.212583
AACCCGACAACCCGTG-1,0.000043,0.000086,0.015644,0.421235,0.141322,0.421669
AACCCGAGCAGAATCG-1,0.000032,0.000064,0.014943,0.600475,0.094488,0.289998
AACCCGATAGGGCTTC-1,0.001563,0.003126,0.003126,0.32281,0.66625,0.003126
AACCCTGGTGGAACCA-1,0.000029,0.090336,0.006717,0.006875,0.110047,0.785995
AACCGAGCTTGGTCAT-1,0.000124,0.331367,0.283702,0.000248,0.215537,0.169023
AACCGCTAAGGGATGC-1,0.000048,0.471412,0.035977,0.018297,0.288409,0.185856
AACCGTTGTGTTTGCT-1,0.000037,0.002294,0.007483,0.040517,0.265404,0.684265
AACCTCGCTTTAGCCC-1,0.000079,0.174715,0.378745,0.000157,0.090718,0.355585
AACCTTTAAATACGGT-1,0.000119,0.172305,0.20405,0.000238,0.382272,0.241017
AACCTTTACGACGTCT-1,0.000364,0.86276,0.020522,0.000728,0.000364,0.115263
AACGAAAGTCGTCCCA-1,0.000625,0.686907,0.00125,0.00125,0.000625,0.309342
AACGATAATGCCGTAG-1,0.000044,0.697887,0.18376,0.000089,0.104311,0.013909
AACGATAGAAGGGCCG-1,0.000027,0.036583,0.254707,0.029183,0.15309,0.526411
AACGATATGTCAACTG-1,0.00032,0.225101,0.225579,0.000639,0.26334,0.285021
AACGCATGATCTGGGT-1,0.000013,0.037493,0.382228,0.40804,0.157715,0.014511
AACGCGAACGGCAACA-1,0.000037,0.101979,0.007632,0.014191,0.044396,0.831766
AACGCGACCTTGGGCG-1,0.000042,0.101641,0.012688,0.0118,0.471565,0.402265
AACGCGGTCTCCAGCC-1,0.000071,0.164656,0.817031,0.018029,0.000071,0.000142
AACGCTGTTGCTGAAA-1,0.00244,0.004879,0.004879,0.544042,0.00244,0.441319
AACGGACGTACGTATA-1,0.00006,0.00012,0.078833,0.323103,0.49585,0.102035
AACGGCCATCTCCGGT-1,0.000016,0.782678,0.190168,0.018472,0.008635,0.000032
AACGTACTGTGGGTAC-1,0.000035,0.37018,0.241902,0.00007,0.301146,0.086668
AACGTCAGACTAGTGG-1,0.000015,0.082685,0.60686,0.000031,0.173575,0.136835
AACGTGATGAAGGACA-1,0.000115,0.516072,0.072383,0.00023,0.005605,0.405595
AACGTTATCAGCACCT-1,0.000082,0.000165,0.061722,0.019927,0.253585,0.664519
AACTACCCGTTTGTCA-1,0.000071,0.652088,0.024314,0.000141,0.095963,0.227424
AACTAGCGTATCGCAC-1,0.000187,0.048421,0.24815,0.199329,0.373421,0.130492
AACTAGGCTTGGGTGT-1,0.000064,0.146464,0.383711,0.098715,0.140108,0.230938
AACTCCAGAGCGTGTT-1,0.000077,0.000154,0.000154,0.000154,0.186046,0.813416
AACTCCTAATCCCATG-1,0.000071,0.369673,0.172837,0.067992,0.000071,0.389357
AACTCGATGGCGCAGT-1,0.00003,0.073868,0.031317,0.020374,0.022665,0.851745
AACTCTCAGTGTGCTC-1,0.000006,0.008635,0.991328,0.000012,0.000006,0.000012
AACTGAGGTCAGCGTC-1,0.000034,0.562394,0.261478,0.000068,0.000034,0.175992
AACTGAGTTATACTGA-1,0.000243,0.137685,0.070152,0.346911,0.179391,0.265618
AACTGATATTAGGCCT-1,0.000033,0.02919,0.2474,0.000066,0.212663,0.510648
AACTGGGTCCCGACGT-1,0.000031,0.01259,0.398839,0.031703,0.361724,0.195113
AACTGGTGTGGGCCTT-1,0.000131,0.000262,0.000262,0.000262,0.005421,0.993664
AACTTCTGCGTCTATC-1,0.000021,0.590265,0.055702,0.06391,0.031144,0.258957
AACTTGCCCGTATGCA-1,0.000024,0.310094,0.038266,0.00695,0.43051,0.214156
AACTTGCGTTCTCGCG-1,0.000032,0.188134,0.127512,0.009013,0.050112,0.625196
AACTTTACGGGAGCTT-1,0.000055,0.314648,0.084974,0.014068,0.208478,0.377777
AACTTTAGCTGCTGAG-1,0.000483,0.065497,0.086617,0.27484,0.571597,0.000966
AAGAAATCACCAGATT-1,0.000159,0.058911,0.000318,0.237533,0.434912,0.268168
AAGAAGGATCAGTTAG-1,0.000031,0.087218,0.140359,0.004187,0.006992,0.761212
AAGACATACGTGGTTT-1,0.000024,0.315109,0.228449,0.000047,0.000024,0.456348
AAGACCAAATAACTCA-1,0.000033,0.3781,0.135598,0.199531,0.001871,0.284867
AAGACCCAACTGAACA-1,0.000079,0.152861,0.095326,0.161303,0.295105,0.295326
AAGACTAACCCGTTGT-1,0.00022,0.00044,0.00044,0.488738,0.095176,0.414987
AAGAGATGAATCGGTA-1,0.000063,0.288062,0.011893,0.000127,0.462811,0.237044
AAGAGGCCCTTTGGAA-1,0.000037,0.092258,0.022808,0.173251,0.317042,0.394603
AAGATGGCACCGGACC-1,0.000258,0.000517,0.023003,0.635597,0.338145,0.002481
AAGATTGGCGGAACGT-1,0.000102,0.103155,0.015632,0.000203,0.263018,0.61789
AAGCACCCTGCGTATC-1,0.000195,0.370666,0.479205,0.149351,0.000195,0.000389
AAGCATACTCTCCTGA-1,0.000022,0.048923,0.500345,0.000044,0.000024,0.450641
AAGCCGAAGCGGTTTA-1,0.000119,0.621341,0.128228,0.000238,0.153105,0.096969
AAGCCGCCGTGAAATC-1,0.000049,0.21991,0.187108,0.000098,0.077789,0.515047
AAGCCGCTTTACCTTG-1,0.000073,0.000146,0.000146,0.546921,0.353569,0.099145
AAGCCGGAGAGCAGGA-1,0.000008,0.000017,0.17687,0.532822,0.077269,0.213014
AAGCGCAGGGCTTTGA-1,0.000024,0.014153,0.018709,0.748925,0.147819,0.07037
AAGCGGAGTGCGCGCA-1,0.000022,0.000044,0.000044,0.920223,0.079622,0.000044
AAGCGGCGTCATGGGT-1,0.000028,0.580802,0.020959,0.011082,0.012104,0.375025
AAGCGTCCCTCATCGA-1,0.000243,0.203544,0.235789,0.000486,0.406627,0.153312
AAGCTAGATCGAGTAA-1,0.000029,0.313364,0.252456,0.000058,0.276402,0.15769
AAGCTCTTTCATGGTG-1,0.000547,0.248717,0.105239,0.643857,0.000547,0.001093
AAGGAGCGGTTGGTGC-1,0.000058,0.102748,0.288903,0.000115,0.330633,0.277543
AAGGATGAGGGACCTC-1,0.000343,0.108082,0.045689,0.116164,0.46004,0.269683
AAGGCGCGTAAAGCTT-1,0.000011,0.108576,0.609563,0.000023,0.191232,0.090594
AAGGCTGTGCTCATCG-1,0.00006,0.14272,0.226185,0.000119,0.293953,0.336963
AAGGGAACGACTGGCT-1,0.001021,0.002041,0.279765,0.002041,0.234048,0.481084
AAGGGACAGATTCTGT-1,0.000228,0.085988,0.000457,0.000457,0.453515,0.459355
AAGGGACTATGCATTC-1,0.000287,0.737322,0.11297,0.000573,0.000287,0.148562
AAGGGTTTGATTTCAG-1,0.00016,0.722798,0.092348,0.044175,0.00016,0.14036
AAGGTATCCTAATATA-1,0.000256,0.477051,0.170368,0.000512,0.157965,0.193849
AAGGTGATAAACCAGC-1,0.000184,0.45921,0.039701,0.000368,0.310942,0.189595
AAGTAGAAGACCGGGT-1,0.000177,0.000353,0.54209,0.000353,0.076108,0.380919
AAGTAGTGACGCGAGG-1,0.000141,0.308525,0.131532,0.000282,0.171435,0.388085
AAGTCAATTGTCGTCA-1,0.000395,0.194846,0.000791,0.000791,0.463246,0.339931
AAGTCTAGTAGCTGCC-1,0.000147,0.20867,0.045998,0.258045,0.222052,0.265088
AAGTGAGTCGGGTTTA-1,0.00021,0.000419,0.153498,0.282295,0.267837,0.29574
AAGTGCAAAGGTAGAC-1,0.000024,0.571559,0.155129,0.052972,0.007568,0.212748
AAGTGCCTTGACTGTA-1,0.00011,0.175929,0.062462,0.027813,0.452123,0.281564
AAGTGCGTTAGAATCT-1,0.000269,0.000538,0.000538,0.997849,0.000269,0.000538
AAGTGCTTCTCTATTG-1,0.000062,0.000125,0.000125,0.229472,0.215126,0.555089
AAGTGTTTGGAGACGG-1,0.000061,0.519694,0.012941,0.000121,0.322288,0.144895
AAGTTCACTCCAAGCT-1,0.000072,0.000145,0.092245,0.774488,0.093804,0.039246
AAGTTCAGTCTGCGTA-1,0.000047,0.022676,0.00627,0.040032,0.201972,0.729003
AAGTTCGGCCAACAGG-1,0.000026,0.542012,0.153409,0.01088,0.291191,0.002481
AAGTTGTGATGTTATA-1,0.000086,0.000172,0.000172,0.025084,0.344584,0.629903
AAGTTTACTAATGGCA-1,0.000167,0.118021,0.249209,0.237743,0.148957,0.245903
AAGTTTATGGGCCCAA-1,0.000039,0.270458,0.067009,0.000077,0.004786,0.657631
AATAACACTAGAACAA-1,0.000008,0.08168,0.853606,0.000016,0.06349,0.001199
AATAATCTTCGTATCG-1,0.002942,0.005884,0.005884,0.005884,0.680509,0.298897
AATACAATGTTTCAGG-1,0.000044,0.576822,0.13442,0.007827,0.105254,0.175633
AATACCGGAGGGCTGT-1,0.000032,0.02894,0.005777,0.339304,0.159923,0.466024
AATAGAACAGAGTGGC-1,0.000017,0.058875,0.729071,0.000034,0.116732,0.09527
AATAGAATCTGTTTCA-1,0.000018,0.530308,0.312135,0.052776,0.103796,0.000967
AATAGCTACCGCGTGC-1,0.000057,0.123564,0.016188,0.000114,0.305649,0.55443
AATAGTCCGTCCCGAC-1,0.000076,0.081684,0.39486,0.000219,0.24788,0.27528
AATAGTCGCGAGTCGG-1,0.000073,0.193203,0.037616,0.017562,0.161455,0.590091
AATATCAAGGTCGGAT-1,0.000033,0.239863,0.099742,0.024679,0.000033,0.63565
AATATCCTAGCAAACT-1,0.000207,0.082593,0.047689,0.000414,0.312086,0.557011
AATATCGAATCAATGC-1,0.000142,0.540866,0.000284,0.221081,0.104789,0.132838
AATATCGAGGGTTCTC-1,0.000541,0.877073,0.058438,0.062326,0.000541,0.001081
AATCAGACTGCAGGAC-1,0.000032,0.008509,0.029661,0.175036,0.332906,0.453856
AATCAGGTTTCATTTA-1,0.000082,0.000163,0.000163,0.000163,0.000082,0.999347
AATCATGTAAAGACTC-1,0.000178,0.261877,0.14288,0.0373,0.199018,0.358748
AATCCAAGGGCCTGAG-1,0.000038,0.000076,0.000076,0.200328,0.05107,0.748413
AATCCATGCAAGGGTG-1,0.000032,0.184293,0.126007,0.000064,0.000032,0.689573
AATCGGGACACTACGA-1,0.000073,0.000146,0.000146,0.067745,0.094366,0.837523
AATCGTGAGCCGAGCA-1,0.000041,0.002515,0.000083,0.26083,0.36377,0.372761
AATCTAGGTTTACTTG-1,0.000156,0.905493,0.000312,0.000312,0.091204,0.002525
AATCTATGCCGGAGCC-1,0.000208,0.000417,0.07497,0.000417,0.698179,0.225809
AATCTGCGTTGGGACG-1,0.000111,0.000223,0.000223,0.000223,0.930627,0.068594
AATCTGGCTTTCTAGT-1,0.000175,0.637733,0.024115,0.000351,0.133075,0.20455
AATGACAGCAATGTCT-1,0.000433,0.219935,0.000866,0.000866,0.358231,0.419669
AATGACGTAGGATGTC-1,0.000032,0.166597,0.000063,0.000063,0.832431,0.000813
AATGACTGTCAGCCGG-1,0.000036,0.069751,0.716982,0.000073,0.019904,0.193254
AATGAGTTCGCATATG-1,0.000023,0.557647,0.155135,0.000045,0.000023,0.287128
AATGATGATACGCTAT-1,0.000051,0.573077,0.088367,0.033045,0.10706,0.1984
AATGATGCGACTCCTG-1,0.003031,0.006062,0.006063,0.410823,0.003031,0.57099
AATGCAACCGGGTACC-1,0.000009,0.026605,0.97334,0.000019,0.000009,0.000019
AATGCACCAAGCAATG-1,0.000521,0.418849,0.181673,0.001042,0.237471,0.160444
AATGGTCCACCGTTCA-1,0.000011,0.841153,0.018333,0.025228,0.059645,0.05563
AATGGTTCTCACAAGC-1,0.000019,0.123323,0.390888,0.000386,0.262183,0.223202
AATGTATGGCACTGTA-1,0.000037,0.361266,0.052303,0.000073,0.000037,0.586284
AATGTGCCCGAGGTGT-1,0.000138,0.415964,0.000276,0.06969,0.315497,0.198435
AATGTGCTAATCTGAG-1,0.000045,0.000089,0.023922,0.080462,0.291808,0.603675
AATGTTGTCGTGAGAC-1,0.000037,0.000074,0.000074,0.000074,0.000037,0.999705
AATTAACGGATTTCCA-1,0.000245,0.002382,0.296919,0.000489,0.654259,0.045706
AATTACGAGACCCATC-1,0.000658,0.628416,0.001316,0.001316,0.000658,0.367635
AATTACTCGTACGCTC-1,0.000024,0.000048,0.000048,0.277488,0.123136,0.599256
AATTAGCGCTGCAGCG-1,0.000016,0.020528,0.652933,0.044451,0.131929,0.150143
AATTCATAAGGGATCT-1,0.000054,0.556557,0.067539,0.000108,0.117745,0.257997
AATTCATTGTCATGCA-1,0.000312,0.000623,0.172872,0.005213,0.144617,0.676363
AATTCCAAGCATGTAC-1,0.000067,0.170143,0.029342,0.000134,0.354551,0.445763
AATTCGATTCGAGGAT-1,0.000046,0.215833,0.078605,0.172785,0.057195,0.475535
AATTCTAGAGTTAGGC-1,0.000038,0.235603,0.395491,0.000076,0.25005,0.118742
AATTGAACGCTCTGGT-1,0.000035,0.415419,0.007903,0.00007,0.349556,0.227017
AATTGCAGCAATCGAC-1,0.000025,0.158317,0.083651,0.12939,0.317785,0.310832
AATTGCGTGGATTACA-1,0.000064,0.006762,0.000128,0.000128,0.000064,0.992855
AATTGTGGTTGCCAAA-1,0.000224,0.272417,0.000448,0.368374,0.103015,0.255523
AATTTGGGACATAGTA-1,0.000827,0.001653,0.001653,0.001653,0.099931,0.894283
AATTTGGTTCCAAAGA-1,0.000034,0.14862,0.044663,0.010756,0.07745,0.718477
ACAAACCATGCGTCCT-1,0.00082,0.00164,0.00164,0.53958,0.00082,0.455501
ACAAAGAAGGTAGGCC-1,0.000065,0.053864,0.007817,0.241399,0.379909,0.316946
ACAAAGCATGACCTAG-1,0.000081,0.099218,0.13259,0.089464,0.225211,0.453437
ACAAATCGCACCGAAT-1,0.000024,0.795877,0.051638,0.000049,0.053714,0.098697
ACAAATGGTAGTGTTT-1,0.000045,0.36843,0.033024,0.000089,0.381925,0.216486
ACAAATTCAGATCTGA-1,0.000124,0.610097,0.040133,0.000248,0.08019,0.269208
ACAACAGCATGAGCTA-1,0.000065,0.170054,0.207428,0.000131,0.418411,0.203911
ACAACGGTCCCTGCGA-1,0.000044,0.598368,0.173988,0.013226,0.018512,0.195862
ACAAGCAGTGCCTAGC-1,0.000016,0.196984,0.01561,0.000033,0.361138,0.426219
ACAAGGAAATCCGCCC-1,0.000031,0.421276,0.07391,0.000061,0.331615,0.173107
ACAAGGACAAGAGGTT-1,0.000043,0.285879,0.181789,0.000086,0.234812,0.297391
ACAAGGATGCTTTAGG-1,0.000026,0.214539,0.041145,0.148022,0.120996,0.475271
ACAAGGGCAGGCTCTG-1,0.000038,0.209097,0.215271,0.000077,0.518515,0.057002
ACAATAGTCGTACGTT-1,0.00008,0.250082,0.024567,0.134426,0.279025,0.311821
ACAATGAATACGGAGA-1,0.00003,0.197217,0.055212,0.03434,0.322751,0.39045
ACAATGATTCTTCTAC-1,0.000143,0.447907,0.000287,0.089116,0.030496,0.432051
ACAATTGTGTCTCTTT-1,0.000071,0.362426,0.088843,0.026534,0.435544,0.086581
ACAATTTAGGAGGCTC-1,0.000081,0.454837,0.035469,0.000162,0.288074,0.221376
ACAATTTGAGCAGTGG-1,0.000073,0.000146,0.04066,0.000146,0.743001,0.215975
ACACAAAGACGGGTGG-1,0.000057,0.008824,0.702123,0.015079,0.167563,0.106354
ACACAAATATTCCTAG-1,0.000041,0.05622,0.000606,0.821715,0.066105,0.055313
ACACACCAGGACCAGT-1,0.000101,0.236077,0.000203,0.000203,0.36455,0.398866
ACACACTTTCTACACG-1,0.000053,0.000107,0.047041,0.015794,0.047101,0.889903
ACACATGATCAAATCT-1,0.000529,0.398856,0.001058,0.001059,0.232289,0.366209
ACACATTGACGCAACA-1,0.000017,0.152784,0.313491,0.035911,0.046104,0.451692
ACACCCAGCATGCAGC-1,0.000006,0.043094,0.956868,0.000013,0.000006,0.000013
ACACCCGAGAAATCCG-1,0.000019,0.209406,0.263191,0.341657,0.003707,0.182019
ACACCGAGCGCTCTTT-1,0.000047,0.013702,0.023754,0.121835,0.137135,0.703528
ACACCGGTCTGACCGC-1,0.000047,0.704128,0.115719,0.000095,0.000047,0.179964
ACACCTTAAGTAGGGC-1,0.000016,0.06687,0.560296,0.000032,0.092003,0.280783
ACACGAGACTCCTTCT-1,0.000021,0.219149,0.380452,0.008318,0.20545,0.186611
ACACGGCACTATGCAT-1,0.000036,0.000073,0.000073,0.595655,0.080786,0.323377
ACACGGGAACTTAGGG-1,0.00007,0.052732,0.168067,0.009362,0.561264,0.208506
ACACGTAGGCCACAAG-1,0.000054,0.000108,0.009993,0.163669,0.299743,0.526433
ACACTCCAATGTCACT-1,0.000027,0.415044,0.03162,0.000053,0.105257,0.447998
ACACTGATCAAGGTGT-1,0.000031,0.102596,0.572159,0.000063,0.28434,0.04081
ACACTGGGACAGTCGT-1,0.00009,0.00018,0.113441,0.246489,0.171258,0.468541
ACAGAACTGAGAACAA-1,0.00027,0.669167,0.064755,0.000541,0.191792,0.073475
ACAGATTAGGTTAGTG-1,0.000038,0.145179,0.074287,0.019376,0.000038,0.761082
ACAGCATAGAGCCAGT-1,0.000057,0.011304,0.024044,0.080169,0.166687,0.717738
ACAGCGACATTCTCAT-1,0.00028,0.217824,0.074493,0.00056,0.64034,0.066502
ACAGCGCACCCGCAGC-1,0.000097,0.000194,0.825878,0.000194,0.000097,0.173539
ACAGGCACGGATCCTT-1,0.000023,0.14654,0.116924,0.000046,0.000023,0.736444
ACAGGCTTGCCCGACT-1,0.000068,0.524381,0.192659,0.017295,0.069922,0.195675
ACAGGTGGAGGTGAGG-1,0.000023,0.044495,0.622537,0.000045,0.126009,0.206892
ACAGTAATACAACTTG-1,0.000188,0.000377,0.203934,0.136782,0.40242,0.256299
ACAGTATACCGTGGGA-1,0.000029,0.376897,0.020849,0.271007,0.207038,0.12418
ACATAAGTCGTGGTGA-1,0.000253,0.416174,0.000505,0.000505,0.121309,0.461255
ACATAATAAGGCGGTG-1,0.000041,0.023266,0.909681,0.06689,0.000041,0.000082
ACATCCCGGCCATACG-1,0.00012,0.005381,0.507824,0.000239,0.303079,0.183358
ACATCGTATGCAATGG-1,0.000043,0.416662,0.054158,0.000086,0.378058,0.150992
ACATCGTTAACCTAGT-1,0.000054,0.055756,0.08927,0.000109,0.008961,0.845851
ACATGGCTCAATTTAG-1,0.000028,0.171266,0.221268,0.029034,0.07157,0.506834
ACATTAGTTTATATCC-1,0.000024,0.092577,0.62731,0.000049,0.259579,0.02046
ACCAAACACCCAGCGA-1,0.000067,0.000134,0.000134,0.100765,0.208285,0.690615
ACCAACACCACACACT-1,0.000021,0.300249,0.037624,0.274543,0.238544,0.149018
ACCAACCGCACTCCAC-1,0.000024,0.015894,0.000048,0.430099,0.128468,0.425468
ACCAACGCTTATTTAT-1,0.000023,0.063436,0.684703,0.010106,0.133258,0.108474
ACCAAGAACGCGTGTC-1,0.000029,0.209276,0.181942,0.032357,0.111045,0.465351
ACCAAGTCATCGGCAG-1,0.000094,0.145986,0.000189,0.397414,0.24084,0.215477
ACCAATATGCAAGTTA-1,0.000764,0.25996,0.415821,0.001527,0.320401,0.001527
ACCACAACTCAGAACA-1,0.000089,0.000177,0.000177,0.000177,0.000089,0.999292
ACCACAAGTTTCTATC-1,0.000118,0.167051,0.06365,0.000236,0.535035,0.233911
ACCACCCTCTCTTCTA-1,0.000158,0.191781,0.032202,0.24382,0.156578,0.375461
ACCACGTGCAGCTATA-1,0.000032,0.458787,0.068184,0.000064,0.429342,0.043592
ACCACTGTTCAAGAAG-1,0.000024,0.000048,0.003336,0.109042,0.017356,0.870193
ACCAGTGCCCGGTCAA-1,0.000019,0.446769,0.140273,0.082604,0.047184,0.283151
ACCAGTGCGGGAGACG-1,0.0002,0.405337,0.000401,0.000401,0.346732,0.246929
ACCATCCGCCAACTAG-1,0.000208,0.131878,0.049007,0.000415,0.5971,0.221393
ACCATCGTATATGGTA-1,0.000095,0.388606,0.213553,0.063067,0.200057,0.134622
ACCATTAAGGGTGTCA-1,0.000027,0.020271,0.023886,0.171665,0.195294,0.588858
ACCCAACGCCCGTGGC-1,0.000101,0.000202,0.000202,0.32733,0.533996,0.138169
ACCCACCTACATGCTC-1,0.000029,0.460804,0.053219,0.000058,0.205302,0.280588
ACCCATTTGTCCCTCT-1,0.000018,0.072605,0.052457,0.758899,0.07348,0.042541
ACCCGAGCGAAATTAC-1,0.000076,0.008086,0.06904,0.15843,0.287544,0.476825
ACCCGATTGGTTCCGA-1,0.000035,0.000071,0.000071,0.444957,0.080801,0.474064
ACCCGGAAACTCCCAG-1,0.000048,0.188023,0.811687,0.000097,0.000048,0.000097
ACCCGGAGCACCACAA-1,0.000018,0.002048,0.507204,0.000035,0.047246,0.443449
ACCCGGTTACACTTCC-1,0.000106,0.368574,0.21501,0.000212,0.375098,0.041
ACCCGTAGTCTAGTTG-1,0.000027,0.082053,0.010692,0.000053,0.000027,0.907149
ACCCGTGTCATCAGTA-1,0.002041,0.004083,0.431448,0.004083,0.279215,0.27913
ACCCTATAGGACTGAG-1,0.000034,0.000069,0.051232,0.022046,0.038898,0.887721
ACCCTATGCCATATCG-1,0.000029,0.023776,0.877608,0.039669,0.026132,0.032786
ACCCTCCCGTCAGGGC-1,0.00003,0.010447,0.015346,0.000059,0.00003,0.974089
ACCCTCCCTTGCTATT-1,0.000036,0.479436,0.065279,0.000071,0.360474,0.094704
ACCCTGGTAACGCCCT-1,0.00007,0.008465,0.000141,0.453207,0.407787,0.13033
ACCCTTCATCTGCGAA-1,0.000037,0.433509,0.02938,0.000073,0.000037,0.536964
ACCCTTGCCTGGGTCG-1,0.000056,0.237803,0.024867,0.497372,0.221272,0.018631
ACCCTTTAGTTCTCCA-1,0.000214,0.298983,0.065136,0.187373,0.000214,0.44808
ACCGAAAGGGCCCTGC-1,0.000069,0.000138,0.000138,0.028247,0.03798,0.933428
ACCGAAGAGTCTGGTT-1,0.000128,0.312531,0.040538,0.000256,0.059069,0.587477
ACCGACACATCTCCCA-1,0.002565,0.00513,0.388351,0.005129,0.441536,0.157289
ACCGACTGAGTCCCAC-1,0.000083,0.129025,0.197921,0.000167,0.325257,0.347548
ACCGAGTCTCCTTATT-1,0.00011,0.175534,0.000219,0.297877,0.114095,0.412165
ACCGATAGGCATAACC-1,0.000039,0.000077,0.001942,0.715815,0.126958,0.155169
ACCGATATTTAATCAT-1,0.00101,0.002021,0.002021,0.002021,0.854787,0.13814
ACCGCAATAACTGCCT-1,0.000021,0.68721,0.150195,0.003398,0.121354,0.037823
ACCGCGGTGGAAGTCG-1,0.000159,0.347342,0.086984,0.000318,0.220023,0.345175
ACCGGGCCTTTGTTGA-1,0.000377,0.238371,0.000755,0.000755,0.647556,0.112185
ACCGGTCAGGTACACC-1,0.000565,0.544574,0.073115,0.076303,0.000565,0.304879
ACCGTCCACTGGGCCC-1,0.000032,0.291811,0.003645,0.000063,0.288821,0.415628
ACCGTGACCACGTGGG-1,0.000081,0.03829,0.854662,0.000163,0.000081,0.106722
ACCTAAGTACCTTTCA-1,0.000424,0.210512,0.07816,0.000848,0.532903,0.177154
ACCTAATCGACTTCCT-1,0.000117,0.457906,0.065095,0.019627,0.144621,0.312633
ACCTACTATAAATCTA-1,0.000037,0.000073,0.004909,0.372476,0.125361,0.497144
ACCTCCGCCCTCGCTG-1,0.001471,0.173247,0.416814,0.404055,0.001471,0.002942
ACCTCGAACTTATGCT-1,0.000146,0.349365,0.042589,0.032493,0.062982,0.512425
ACCTGCGTGTCATGTT-1,0.0004,0.048308,0.071472,0.07641,0.582256,0.221154
ACGAAATGGGCGGCAC-1,0.00013,0.422713,0.051273,0.000259,0.325786,0.199839
ACGACCCATGAGTTGC-1,0.000018,0.044471,0.61208,0.019131,0.029213,0.295087
ACGACTGGTCATACTC-1,0.000037,0.215543,0.132571,0.403794,0.162459,0.085595
ACGAGAACCCATCACG-1,0.000036,0.000072,0.00411,0.084659,0.054566,0.856556
ACGAGATATTTGCTTA-1,0.000355,0.635111,0.000709,0.000709,0.000355,0.362761
ACGAGGATACCACTCT-1,0.001205,0.397043,0.00241,0.157871,0.439061,0.00241
ACGAGGTTTACAACGT-1,0.000275,0.491433,0.069113,0.00055,0.15821,0.280419
ACGAGTACGGATGCCC-1,0.002326,0.004652,0.140538,0.004653,0.002326,0.845504
ACGATACATAGAACTA-1,0.00024,0.325658,0.096957,0.000481,0.234301,0.342363
ACGATCATACATAGAG-1,0.000307,0.004264,0.646211,0.045749,0.138834,0.164636
ACGATGGATCCGATGC-1,0.000047,0.000095,0.000095,0.000095,0.000047,0.999621
ACGCAAACTAATAGAT-1,0.000695,0.367823,0.400152,0.001389,0.228552,0.001389
ACGCAATCACTACAGC-1,0.000061,0.071368,0.003762,0.175711,0.419641,0.329456
ACGCATACGTTTACTA-1,0.000054,0.532085,0.237645,0.060571,0.070428,0.099217
ACGCATTCGTGAGTAC-1,0.000061,0.481496,0.106006,0.006347,0.293129,0.11296
ACGCCAGATGATTTCT-1,0.00007,0.340391,0.089645,0.000238,0.149875,0.419781
ACGCCGCTAGACGACC-1,0.000046,0.274009,0.136248,0.000091,0.491307,0.0983
ACGCGAAGTCAGACGA-1,0.000033,0.115732,0.405015,0.008064,0.352749,0.118407
ACGCGTTTCTTAAGAG-1,0.000015,0.44002,0.015561,0.00003,0.019283,0.525092
ACGCTAGTGATACACT-1,0.001389,0.353449,0.002779,0.002779,0.001389,0.638216
ACGGAATTTAGCAAAT-1,0.00004,0.016837,0.137936,0.052248,0.01227,0.780669
ACGGACTCTCAAAGCG-1,0.000389,0.500427,0.076359,0.103709,0.000389,0.318727
ACGGAGCGCAAATTAC-1,0.00003,0.589061,0.034678,0.013268,0.038171,0.324793
ACGGATGGTGCGGATA-1,0.000435,0.754905,0.00087,0.00087,0.141577,0.101343
ACGGCACTTGCTTGGG-1,0.000017,0.113387,0.696651,0.000034,0.11028,0.079632
ACGGCCAACATGGACT-1,0.000014,0.040949,0.727356,0.000028,0.117356,0.114296
ACGGCGACGATGGGAA-1,0.000016,0.81012,0.040484,0.000066,0.142751,0.006563
ACGGCGGGTTGCCCTG-1,0.00125,0.002501,0.315962,0.304222,0.373565,0.002501
ACGGCTGGATGTAGAA-1,0.000962,0.590989,0.001924,0.001924,0.151243,0.25296
ACGGGAGTGTCGGCCC-1,0.000443,0.315054,0.000885,0.072298,0.363324,0.247996
ACGGGCGTATGCGACA-1,0.000239,0.118743,0.120938,0.103074,0.379235,0.27777
ACGGGTCATGTGACTT-1,0.000037,0.061042,0.003272,0.011146,0.121814,0.802688
ACGTACAGATTTCTCT-1,0.000043,0.000086,0.000086,0.261143,0.232089,0.506553
ACGTACTTTGGCACGG-1,0.00008,0.154376,0.006688,0.346583,0.235693,0.256581
ACGTAGGAGAGTCGCT-1,0.000054,0.000107,0.000107,0.000107,0.000054,0.999571
ACGTCGGGCAACTCGG-1,0.000072,0.255059,0.029583,0.103666,0.010672,0.600948
ACGTCTCGTTCCGGGA-1,0.000208,0.143503,0.007513,0.180984,0.667375,0.000417
ACGTGACAAAGTAAGT-1,0.00026,0.518643,0.116312,0.00052,0.059764,0.304501
ACGTGCGCCTCGTGCA-1,0.002084,0.004168,0.315057,0.004168,0.10915,0.565373
ACGTTATTGGTCACTC-1,0.00002,0.481713,0.203273,0.150789,0.002512,0.161693
ACGTTCCGCGCTCCGT-1,0.000075,0.010237,0.000149,0.118762,0.025893,0.844884
ACGTTCGTTCAGGAAA-1,0.001111,0.749827,0.002223,0.002223,0.001111,0.243504
ACGTTCTGTACAAGTC-1,0.000033,0.083833,0.020216,0.234971,0.148525,0.512421
ACGTTTAGTTGTGATC-1,0.000021,0.106487,0.32145,0.250241,0.006554,0.315247
ACTAAGGACGCACACC-1,0.00003,0.00006,0.00006,0.700021,0.29977,0.00006
ACTAATACGTCAGGCG-1,0.000008,0.607936,0.093833,0.221151,0.028851,0.048221
ACTACAAAGAGAGGTG-1,0.000055,0.041676,0.020279,0.350962,0.245498,0.341528
ACTACATCCCGACAAG-1,0.000364,0.383899,0.000727,0.000727,0.221805,0.392478
ACTACCAGCTCTCTGG-1,0.000007,0.021052,0.907757,0.000568,0.000233,0.070383
ACTACGCGTTAGAATT-1,0.000348,0.000697,0.000697,0.500017,0.352961,0.145279
ACTAGTTGCGATCGTC-1,0.000327,0.409883,0.000654,0.000654,0.587828,0.000654
ACTATATGCTGTGTTC-1,0.000086,0.019634,0.000171,0.049236,0.111628,0.819245
ACTATCGCCGGCTAAA-1,0.00002,0.000039,0.000039,0.003126,0.14592,0.850855
ACTATCTGCCCGCGTA-1,0.001613,0.003227,0.218492,0.003227,0.361783,0.411659
ACTATGTCCAGCTGCC-1,0.000971,0.001942,0.379115,0.001942,0.000971,0.615058
ACTATTCGTCCGTGGT-1,0.00002,0.058221,0.633947,0.023267,0.033961,0.250584
ACTATTTCCGGGCCCA-1,0.000588,0.001177,0.658681,0.001177,0.337201,0.001177
ACTCAACGAATGTATT-1,0.000699,0.172428,0.16825,0.386617,0.0007,0.271306
ACTCAAGTGCAAGGCT-1,0.000062,0.328634,0.026171,0.000125,0.07855,0.566458
ACTCAATAAAGGCACG-1,0.000051,0.052892,0.317111,0.009417,0.396179,0.22435
ACTCAGACCTGCTTCT-1,0.000049,0.029025,0.062921,0.323239,0.125738,0.459029
ACTCATGGCAGCCTTC-1,0.00004,0.02419,0.026045,0.00008,0.00004,0.949605
ACTCCAATATCATCAT-1,0.000096,0.577251,0.060769,0.084783,0.106868,0.170233
ACTCCCATTCCTAAAG-1,0.000232,0.000464,0.000464,0.701875,0.296501,0.000464
ACTCCCGTAGACTAGG-1,0.000073,0.050045,0.091055,0.104971,0.353254,0.400603
ACTCCCTAATGCTAAA-1,0.000246,0.000493,0.308195,0.000493,0.69008,0.000493
ACTCCCTAGAATAGTA-1,0.000041,0.264312,0.125038,0.000082,0.315805,0.294722
ACTCCGGCCGACCACT-1,0.000036,0.033611,0.040489,0.227197,0.041227,0.657438
ACTCGATGTATTTCAT-1,0.000027,0.207427,0.157405,0.192014,0.110511,0.332615
ACTCGCCGTTCGATAA-1,0.00003,0.221425,0.022303,0.184522,0.03027,0.54145
ACTCGTAACCCGTCCT-1,0.001087,0.237062,0.002175,0.002175,0.63642,0.121082
ACTCTAAACCTGGGAT-1,0.000012,0.303578,0.011783,0.000024,0.07131,0.613292
ACTCTCTTATACACGA-1,0.000085,0.005545,0.308448,0.00017,0.000085,0.685667
ACTCTGACCTAATAGA-1,0.000013,0.421049,0.266047,0.000025,0.000013,0.312853
ACTGAAACGCCGTTAG-1,0.000048,0.05463,0.041112,0.000095,0.24928,0.654836
ACTGAATGGCGAAAGT-1,0.000028,0.523694,0.033976,0.006187,0.37867,0.057444
ACTGCCCGCCATTCTC-1,0.000065,0.050345,0.00013,0.380361,0.215866,0.353233
ACTGCCGTCGTAACTC-1,0.00002,0.108747,0.525855,0.00004,0.025505,0.339833
ACTGCTCGGAAGGATG-1,0.000078,0.840184,0.100149,0.059356,0.000078,0.000156
ACTGGCGAACCTGCGT-1,0.000053,0.000105,0.000105,0.471212,0.224959,0.303566
ACTGTACGATACACAT-1,0.000037,0.000073,0.015134,0.781188,0.203494,0.000073
ACTGTAGCACTTTGGA-1,0.000046,0.244665,0.212645,0.000093,0.144384,0.398167
ACTGTATACGCGAGCA-1,0.000042,0.051214,0.00178,0.000083,0.01856,0.92832
ACTGTCCAGGATTATA-1,0.000062,0.290752,0.130715,0.000123,0.393554,0.184794
ACTGTCTTCTTTAGAA-1,0.000016,0.574183,0.350365,0.003186,0.051029,0.021221
ACTGTGCTAGTAGATC-1,0.000021,0.454164,0.029193,0.150082,0.005612,0.360928
ACTTACCGGGCGCGCA-1,0.000524,0.490575,0.076897,0.001047,0.000524,0.430433
ACTTACGCATCCACGC-1,0.000603,0.243089,0.001205,0.419153,0.024045,0.311905
ACTTAGTACGACAAGA-1,0.000025,0.316981,0.183883,0.000049,0.000025,0.499037
ACTTATTTATGTGCCA-1,0.000153,0.22914,0.000306,0.000306,0.380994,0.389101
ACTTCAGGCTGATCCC-1,0.000058,0.36252,0.096753,0.000116,0.458374,0.08218
ACTTCCAGTGGAAGCT-1,0.000058,0.661701,0.00047,0.003224,0.081198,0.253349
ACTTCCATGCGGGACA-1,0.000021,0.473028,0.168046,0.146282,0.023997,0.188626
ACTTCGCCATACGCAC-1,0.000041,0.142463,0.291738,0.000082,0.313779,0.251898
ACTTGGGACCCGGTGG-1,0.000052,0.15598,0.12275,0.000103,0.490121,0.230994
ACTTGTAGTCCCTTCA-1,0.000758,0.001516,0.206613,0.001516,0.577919,0.211679
ACTTGTGGATGGAACG-1,0.00073,0.071216,0.190026,0.00146,0.198459,0.53811
ACTTTCCTATAGCTTC-1,0.000122,0.242718,0.334531,0.000243,0.417865,0.004522
ACTTTGGTCGTGCTCC-1,0.001299,0.002598,0.324017,0.002598,0.001299,0.668188
ACTTTGTCGACGCACT-1,0.000202,0.000404,0.342043,0.149851,0.061648,0.445853
AGAAATTATGACTCGC-1,0.001111,0.002223,0.312851,0.002223,0.103893,0.577699
AGAACCCTCAATTGGG-1,0.000242,0.363772,0.220872,0.000484,0.200235,0.214395
AGAACGTGGTACATTC-1,0.000049,0.000099,0.14851,0.809431,0.041813,0.000099
AGAAGGTACACTTCAC-1,0.000126,0.884387,0.11362,0.001489,0.000126,0.000252
AGAAGGTTGCCGAATT-1,0.000116,0.456961,0.165923,0.059551,0.119522,0.197927
AGAAGGTTGTAGGTCG-1,0.000057,0.031371,0.056063,0.000115,0.242613,0.669781
AGAAGTGATTCGTGAT-1,0.000592,0.161476,0.001184,0.001184,0.378876,0.456688
AGAATGCGGGTTCGGA-1,0.000057,0.281357,0.03975,0.000114,0.000995,0.677727
AGAATTGTTTGACATA-1,0.000025,0.127378,0.044173,0.335528,0.096337,0.396559
AGACAGCTCAGAATCC-1,0.000019,0.145922,0.325336,0.029063,0.199949,0.299711
AGACAGGCATCTCAGC-1,0.002858,0.005716,0.38698,0.382892,0.002858,0.218696
AGACATAGATCCTTCC-1,0.000101,0.237538,0.046442,0.000201,0.098918,0.6168
AGACCAAACCACACCT-1,0.000091,0.546884,0.106939,0.345812,0.000091,0.000182
AGACCATGGGATACAA-1,0.000027,0.09349,0.053363,0.139825,0.308764,0.404532
AGACCCACCGCTGATC-1,0.000056,0.268531,0.233976,0.000113,0.227766,0.269558
AGACCCGCCCTCCTCG-1,0.000013,0.093187,0.814482,0.000025,0.061212,0.031081
AGACCGCTCCGCGGTT-1,0.000625,0.419594,0.00125,0.00125,0.247912,0.329368
AGACGAAGTGCCGGTC-1,0.000097,0.195014,0.000195,0.000195,0.609943,0.194557
AGACGACGATGCCGCT-1,0.000044,0.144811,0.541124,0.000087,0.140948,0.172986
AGACGCCCACTTCGCC-1,0.000041,0.019175,0.413307,0.000081,0.294117,0.273279
AGACGGGCCGATTTAA-1,0.000013,0.384262,0.136911,0.028706,0.043252,0.406857
AGACTAGCCTTCCAGA-1,0.000025,0.622784,0.30403,0.000295,0.072814,0.000051
AGACTGTTACCGGGTC-1,0.001429,0.002858,0.002858,0.5384,0.001429,0.453026
AGAGAAACACCAGAAA-1,0.000033,0.210721,0.05222,0.074674,0.19872,0.463633
AGAGAACCGTCTAGGA-1,0.000052,0.43345,0.033605,0.054481,0.238383,0.24003
AGAGAAGGAGTACAAT-1,0.000101,0.447925,0.279886,0.024565,0.124096,0.123426
AGAGCAGTTATGAGAC-1,0.000018,0.652739,0.047868,0.000036,0.102769,0.19657
AGAGCCGCCGAGATTT-1,0.000083,0.026017,0.000166,0.181093,0.247397,0.545244
AGAGCGCTTGTAACGG-1,0.000063,0.000126,0.000126,0.678845,0.168692,0.15215
AGAGCGGGCTAATCAT-1,0.000019,0.390315,0.197987,0.103506,0.014491,0.293682
AGAGCGTACAAGCTCG-1,0.000044,0.425541,0.094143,0.081108,0.193269,0.205895
AGAGCTACGAAAGCAT-1,0.00003,0.00006,0.00006,0.001004,0.033721,0.965125
AGAGGCTTCGGAAACC-1,0.000156,0.497243,0.04929,0.000312,0.367214,0.085785
AGAGTAAACTTCACTA-1,0.000338,0.416805,0.000676,0.000676,0.32576,0.255745
AGAGTTGCAGGCCTCC-1,0.000033,0.000067,0.000067,0.880581,0.084901,0.034351
AGATAACTTCAGGGCC-1,0.000027,0.422849,0.039442,0.000055,0.263045,0.274582
AGATACCAATAGAACC-1,0.000039,0.340266,0.144904,0.003736,0.083436,0.427617
AGATACCAGCACTTCA-1,0.000026,0.202844,0.029187,0.257587,0.215746,0.29461
AGATACGACTTCATAT-1,0.000019,0.444495,0.251944,0.000038,0.000019,0.303484
AGATACTCAAGATCGA-1,0.000023,0.554072,0.018627,0.000045,0.379628,0.047605
AGATATAATACGACTA-1,0.000034,0.035142,0.076971,0.000281,0.340442,0.54713
AGATCGTGCATAAGAT-1,0.000827,0.001653,0.001653,0.136704,0.000827,0.858336
AGATCTCAGGTGTGAT-1,0.000072,0.000145,0.248102,0.059351,0.41796,0.27437
AGATGACTCGCCCACG-1,0.000018,0.031494,0.855652,0.013244,0.018033,0.081559
AGATGAGGGTTGCGAT-1,0.000109,0.240388,0.080306,0.000219,0.000109,0.678869
AGATGCAAGACGTGCA-1,0.000063,0.202834,0.023254,0.03123,0.316654,0.425966
AGATGCATCCTGTGTC-1,0.000426,0.151352,0.072675,0.000851,0.260753,0.513943
AGATGCTATAACGAGC-1,0.000011,0.165522,0.017802,0.164353,0.03829,0.614022
AGATTCACAACCGATA-1,0.000083,0.34366,0.001474,0.146813,0.240124,0.267845
AGCAAAGGCCGCTAGT-1,0.000538,0.611945,0.049083,0.310388,0.000538,0.027508
AGCAACCGAAAGTAAT-1,0.000023,0.369307,0.008561,0.322302,0.25803,0.041777
AGCACACGTTTAGACT-1,0.000026,0.25088,0.030244,0.030237,0.445881,0.242732
AGCACCAGTACTCACG-1,0.000139,0.047663,0.365722,0.000279,0.374475,0.211722
AGCACTACCTCACCAG-1,0.000041,0.747406,0.14027,0.067966,0.044235,0.000082
AGCACTTAAGGACGCC-1,0.000027,0.375476,0.015193,0.000053,0.338539,0.270712
AGCAGAAGGAGAAAGA-1,0.000035,0.000071,0.000071,0.08296,0.22497,0.691893
AGCAGCCAGATGAATA-1,0.000031,0.035108,0.707871,0.000062,0.186025,0.070904
AGCATATCAATATGCT-1,0.000175,0.023587,0.176594,0.033552,0.641547,0.124544
AGCATCATTTCGAAAG-1,0.001,0.351049,0.002001,0.264772,0.379178,0.002001
AGCATCGTCGATAATT-1,0.00002,0.120019,0.676258,0.00004,0.07726,0.126403
AGCATTACGAGGCAAG-1,0.000045,0.00009,0.024481,0.084989,0.054857,0.835538
AGCCAAGCTTTGTGTC-1,0.000069,0.161992,0.06254,0.008424,0.356968,0.410007
AGCCACAGGTTACCCG-1,0.000035,0.452377,0.108656,0.094148,0.08717,0.257614
AGCCACTCCCGTGCTT-1,0.000188,0.76799,0.112091,0.000375,0.11898,0.000375
AGCCATATAGTATGTG-1,0.00005,0.226684,0.015631,0.02016,0.737376,0.000099
AGCCCATACATGTAAG-1,0.000065,0.229106,0.077741,0.013888,0.493093,0.186108
AGCCCGCAACAAGCAG-1,0.000033,0.159561,0.027965,0.00397,0.30653,0.50194
AGCCCGGCATTAGAGG-1,0.000113,0.085939,0.189793,0.003597,0.448189,0.272368
AGCCCGGTAGCCTGTA-1,0.000066,0.140353,0.092791,0.108646,0.304358,0.353786
AGCCCTAAGCGAAGTT-1,0.000019,0.632786,0.134153,0.086406,0.013129,0.133508
AGCCCTCCCTGGTGGC-1,0.00006,0.00012,0.00012,0.016777,0.125306,0.857616
AGCCCTTCTAATCCGA-1,0.00004,0.778094,0.186511,0.020005,0.00004,0.015308
AGCCCTTGGACATCCC-1,0.000012,0.14682,0.623731,0.034816,0.179831,0.01479
AGCCGCTTGATTAGCG-1,0.000019,0.000039,0.000039,0.224158,0.036127,0.739618
AGCCGTGGCTAAATGT-1,0.002,0.004001,0.1386,0.004001,0.847396,0.004001
AGCCTAATACCCACGT-1,0.000057,0.473567,0.034757,0.000114,0.329328,0.162177
AGCCTTAAAGCGGAAG-1,0.000023,0.064619,0.344377,0.116947,0.156117,0.317917
AGCGACAGGAACGGTC-1,0.000054,0.086307,0.464909,0.000108,0.329756,0.118865
AGCGACATCCCATTCA-1,0.000877,0.383059,0.001755,0.309982,0.000877,0.30345
AGCGACCAACGATATT-1,0.00004,0.071468,0.476477,0.00008,0.297587,0.154346
AGCGAGACGTGAAGGC-1,0.000026,0.260886,0.050412,0.000053,0.000026,0.688596
AGCGATGCGCCTAATA-1,0.000046,0.037525,0.000092,0.031554,0.386237,0.544545
AGCGCATAATGAATCG-1,0.000031,0.471123,0.460745,0.035539,0.032499,0.000063
AGCGCGGGTGCCAATG-1,0.000047,0.607066,0.040422,0.084767,0.078838,0.188859
AGCGCTTATGGGCAAG-1,0.000013,0.24447,0.011977,0.597763,0.046071,0.099706
AGCGGACACTTCGTAG-1,0.000028,0.389803,0.585254,0.024833,0.000028,0.000055
AGCGGCGGTTAGCGGT-1,0.00007,0.645939,0.019922,0.219669,0.108538,0.005861
AGCGGGAAGGGTCCAT-1,0.000023,0.000046,0.45538,0.016468,0.034928,0.493155
AGCGGGTCTGACACTC-1,0.000045,0.009929,0.126631,0.000091,0.15567,0.707634
AGCGGTTGCCGCTCTG-1,0.000042,0.088205,0.074306,0.22995,0.350303,0.257194
AGCGTACGAGAGCTAG-1,0.000021,0.548437,0.185248,0.000042,0.000021,0.266231
AGCGTCTGAACCCGCA-1,0.004001,0.008003,0.008003,0.008002,0.424071,0.54792
AGCGTGGTATTCTACT-1,0.000024,0.588865,0.009466,0.000048,0.401331,0.000265
AGCTAACAAGCAATGT-1,0.000111,0.31501,0.156067,0.000223,0.167392,0.361197
AGCTAAGTACGCAGGC-1,0.000031,0.205701,0.016853,0.125108,0.055928,0.596379
AGCTAGAAGCAGAAGT-1,0.001695,0.003391,0.003391,0.986437,0.001695,0.003391
AGCTATTTAATCCAAC-1,0.000039,0.200439,0.040181,0.052062,0.170634,0.536646
AGCTCCATATATGTTC-1,0.000033,0.001424,0.031865,0.529486,0.436755,0.000436
AGCTCCTTCGCACATC-1,0.000048,0.374828,0.259452,0.000096,0.184615,0.180961
AGCTCGTTGATGGAAA-1,0.000106,0.000212,0.000212,0.078869,0.468166,0.452434
AGCTCTTCCCAGTGCA-1,0.000224,0.544608,0.189052,0.000449,0.113809,0.151858
AGCTGAAGTAAACCAA-1,0.000161,0.229474,0.034814,0.088468,0.3638,0.283282
AGCTGTAACCTCAATC-1,0.000096,0.088513,0.727684,0.068504,0.115012,0.000192
AGCTTATAGAGACCTG-1,0.000235,0.420863,0.146249,0.233367,0.000235,0.199052
AGCTTCTTCTCGAGCA-1,0.000045,0.043124,0.039863,0.005892,0.000045,0.911031
AGGAAAGCCTCTGATG-1,0.000321,0.279176,0.003615,0.157272,0.000321,0.559296
AGGAACGAACGACTTC-1,0.000019,0.109995,0.495542,0.249385,0.037205,0.107855
AGGAAGCTGTCCGCCG-1,0.001053,0.002106,0.472284,0.002106,0.259707,0.262745
AGGACAGTCGAATCCC-1,0.000057,0.192264,0.029371,0.000113,0.687341,0.090854
AGGACATCGCACGTCG-1,0.000036,0.247338,0.333779,0.03086,0.054714,0.333273
AGGACATCGGCACACT-1,0.000052,0.053914,0.099228,0.143018,0.000052,0.703737
AGGACGACCCATTAGA-1,0.000056,0.261595,0.171365,0.10015,0.278214,0.188619
AGGACGCTCGATGTTG-1,0.001852,0.293889,0.003705,0.003705,0.001852,0.694997
AGGACTTATAGGAGAA-1,0.000022,0.044774,0.005587,0.17494,0.054094,0.720583
AGGAGGCCTTCGCGCG-1,0.00012,0.190932,0.00024,0.00024,0.464777,0.343692
AGGATAAAGTCGGGAT-1,0.000038,0.058778,0.353663,0.00042,0.42046,0.166641
AGGATATAGGGATTTA-1,0.000187,0.30158,0.037367,0.030404,0.557693,0.072769
AGGATCACGCGATCTG-1,0.000709,0.069326,0.085932,0.323881,0.518732,0.001419
