Barcode,Topic 1to2,Topic 3,Topic 4to5,Topic 6,Topic 7to8
AAACAAGTATCTCCCA-1,0.12003,0.434442,0.17635,0.000055,0.269123
AAACACCAATAACTGC-1,0.382182,0.000128,0.000256,0.360008,0.257426
AAACAGAGCGACTCCT-1,0.918435,0.081254,0.000124,0.000062,0.000124
AAACAGCTTTCAGAAG-1,0.885374,0.000082,0.072518,0.011618,0.030409
AAACAGGGTCTATATT-1,0.44685,0.000042,0.552984,0.000042,0.000083
AAACATGGTGAGAGGA-1,0.167296,0.010579,0.111439,0.000063,0.710623
AAACATTTCCCGGATT-1,0.08419,0.000074,0.000148,0.116188,0.7994
AAACCGGGTAGGTACC-1,0.547062,0.283503,0.000133,0.020046,0.149256
AAACCGTTCGTCCAGG-1,0.548871,0.000768,0.28367,0.000768,0.165923
AAACCTAAGCAGCCGG-1,0.153233,0.00013,0.00026,0.00013,0.846247
AAACCTCATGAAGTTG-1,0.793099,0.001842,0.199533,0.001841,0.003685
AAACGAAGATGGAGTA-1,0.001647,0.357141,0.173717,0.000824,0.466672
AAACGAGACGGTTGAT-1,0.805347,0.043812,0.148197,0.002496,0.000148
AAACGGGCGTACGGGT-1,0.000126,0.000063,0.000126,0.000063,0.999623
AAACTGCTGGCTCCAA-1,0.341919,0.016514,0.469902,0.112246,0.059419
AAACTTAATTGCACGC-1,0.35849,0.0001,0.000199,0.0001,0.641111
AAACTTGCAAACGTAT-1,0.534923,0.000047,0.46489,0.000047,0.000093
AAAGAATGACCTTAGA-1,0.19,0.00023,0.424504,0.000051,0.385214
AAAGACTGGGCGCTTT-1,0.94377,0.000055,0.05601,0.000055,0.00011
AAAGGCCCTATAATAC-1,0.02686,0.079731,0.113351,0.017919,0.762138
AAAGTAGCATTGCTCA-1,0.069454,0.112602,0.677504,0.03277,0.107669
AAAGTCGACCCTCAGT-1,0.582706,0.000101,0.416889,0.000101,0.000203
AAAGTGTGATTTATCT-1,0.158457,0.011321,0.829966,0.000015,0.000241
AAAGTTGACTCCCGTA-1,0.225397,0.098893,0.61893,0.000031,0.056748
AAATAACCATACGGGA-1,0.565912,0.205581,0.183244,0.045088,0.000175
AAATACCTATAAGCAT-1,0.752652,0.000111,0.161176,0.07642,0.009641
AAATAGGGTGCTATTG-1,0.942455,0.000139,0.000279,0.000139,0.056988
AAATCCGATACACGCC-1,0.081158,0.000091,0.000182,0.000091,0.918478
AAATCGCGGAAGGAGT-1,0.017873,0.008942,0.653668,0.008938,0.310579
AAATCTAGCCCTGCTA-1,0.234077,0.060143,0.00017,0.000045,0.705565
AAATGGCATGTCTTGT-1,0.715406,0.148829,0.072856,0.00013,0.062778
AAATGGCCCGTGCCCT-1,0.999197,0.000134,0.000268,0.000134,0.000268
AAATGTATCTTATCCC-1,0.982526,0.002912,0.005825,0.002912,0.005824
AAATTAATAAGCGCGA-1,0.7023,0.003131,0.285176,0.00313,0.006263
AAATTACACGACTCTG-1,0.507632,0.140965,0.35121,0.000065,0.000129
AAATTACCTATCGATG-1,0.07793,0.340683,0.581282,0.000035,0.00007
AAATTGATAGTCCTTT-1,0.127931,0.00011,0.000219,0.21584,0.6559
AAATTGCGGCGGTTCT-1,0.550829,0.341769,0.06883,0.037915,0.000657
AAATTTACCGAAATCC-1,0.919032,0.057221,0.001453,0.022222,0.000072
AAATTTGCGGGTGTGG-1,0.86593,0.033854,0.000317,0.008152,0.091746
AACAATACATTGTCGA-1,0.020826,0.000075,0.000149,0.194169,0.784782
AACAATTACTCTACGC-1,0.55766,0.26767,0.097155,0.000171,0.077343
AACACACGCTCGCCGC-1,0.345101,0.000085,0.06672,0.093545,0.494548
AACACGAGACGCGGCC-1,0.434945,0.007155,0.543919,0.013877,0.000103
AACAGCTGTGTGGCAA-1,0.000108,0.000054,0.032578,0.302795,0.664465
AACAGGAAATCGAATA-1,0.818096,0.034215,0.065636,0.000087,0.081965
AACAGGATGGGCCGCG-1,0.007111,0.078312,0.914557,0.000007,0.000014
AACATATCAACTGGTG-1,0.345923,0.498307,0.110419,0.00003,0.045321
AACATTGGTCAGCCGT-1,0.343289,0.391915,0.050276,0.199145,0.015374
AACCAAGACTTCTCTG-1,0.156767,0.000063,0.842982,0.000063,0.000126
AACCAGTATCACTCTT-1,0.78288,0.156624,0.060295,0.000067,0.000135
AACCATAGGGTTGAAC-1,0.297563,0.00009,0.006315,0.00009,0.695941
AACCCATCCCATGATC-1,0.364234,0.261798,0.061199,0.141876,0.170892
AACCCGACAACCCGTG-1,0.196759,0.298616,0.000737,0.204108,0.29978
AACCCTACTGTCAATA-1,0.757928,0.105583,0.000301,0.000151,0.136037
AACCCTGGTGGAACCA-1,0.014342,0.106521,0.751674,0.000774,0.12669
AACCGAGCTTGGTCAT-1,0.88915,0.009483,0.101122,0.000082,0.000163
AACCGCTAAGGGATGC-1,0.612819,0.141337,0.083659,0.042132,0.120053
AACCTCGCTTTAGCCC-1,0.242841,0.000113,0.089093,0.102807,0.565146
AACCTTTAAATACGGT-1,0.999148,0.000142,0.000284,0.000142,0.000284
AACCTTTACGACGTCT-1,0.998752,0.000208,0.000416,0.000208,0.000416
AACGAAAGTCGTCCCA-1,0.609316,0.009127,0.184024,0.000098,0.197435
AACGATAATGCCGTAG-1,0.7331,0.000159,0.049503,0.023858,0.193381
AACGATATGTCAACTG-1,0.884188,0.000126,0.000251,0.000126,0.11531
AACGCATGATCTGGGT-1,0.22947,0.443371,0.316005,0.011004,0.000149
AACGCGGTCTCCAGCC-1,0.36619,0.561576,0.000849,0.070536,0.000849
AACGCTGTTGCTGAAA-1,0.380061,0.063202,0.019042,0.109185,0.42851
AACGGACGTACGTATA-1,0.481102,0.074194,0.035699,0.204815,0.204191
AACGGCCATCTCCGGT-1,0.368918,0.19168,0.189152,0.000342,0.249908
AACGTGATGAAGGACA-1,0.378957,0.470372,0.017661,0.132788,0.000222
AACGTGCGAAAGTCTC-1,0.856083,0.000061,0.143672,0.000061,0.000123
AACGTTATCAGCACCT-1,0.536954,0.002818,0.450483,0.009687,0.000058
AACTAGGCTTGGGTGT-1,0.419312,0.254348,0.154232,0.171178,0.000931
AACTCCAGAGCGTGTT-1,0.006689,0.026158,0.302139,0.003181,0.661833
AACTCCTAATCCCATG-1,0.68293,0.193638,0.1232,0.000077,0.000155
AACTCGATAAACACGT-1,0.131559,0.000074,0.012007,0.000074,0.856286
AACTCTCAATAGAGCG-1,0.834997,0.001739,0.003479,0.001739,0.158045
AACTCTCAGTGTGCTC-1,0.100698,0.01826,0.122114,0.000139,0.758789
AACTGATATTAGGCCT-1,0.45517,0.380477,0.000661,0.00033,0.163362
AACTGGGTCCCGACGT-1,0.998939,0.000177,0.000354,0.000177,0.000354
AACTGGGTTCGAGCCG-1,0.505836,0.393255,0.08734,0.00004,0.013529
AACTTCTGCGTCTATC-1,0.656027,0.180046,0.098539,0.064824,0.000564
AACTTGCCCGTATGCA-1,0.602305,0.220026,0.147322,0.000195,0.030152
AACTTGCGTTCTCGCG-1,0.399104,0.422774,0.053755,0.124032,0.000335
AACTTTACGGGAGCTT-1,0.982928,0.002845,0.005692,0.002845,0.00569
AAGACCAAATAACTCA-1,0.432288,0.07216,0.083191,0.191711,0.22065
AAGACTGCAAGCTACT-1,0.101796,0.000038,0.875992,0.01437,0.007803
AAGAGATGAATCGGTA-1,0.000063,0.211292,0.773991,0.002828,0.011826
AAGAGCTCTTTATCGG-1,0.846637,0.00009,0.000181,0.00009,0.153001
AAGAGGATGTACGCGA-1,0.718841,0.000176,0.280456,0.000176,0.000351
AAGAGGCATGGATCGC-1,0.677958,0.000061,0.321799,0.000061,0.000121
AAGATGGCACCGGACC-1,0.060999,0.12913,0.007688,0.032472,0.769711
AAGATTGGCGGAACGT-1,0.901795,0.058757,0.038994,0.000151,0.000302
AAGCACCCTGCGTATC-1,0.792509,0.064633,0.000481,0.00024,0.142137
AAGCATACTCTCCTGA-1,0.558564,0.036923,0.306811,0.024418,0.073285
AAGCCGCCGTGAAATC-1,0.021379,0.000062,0.042547,0.003623,0.932389
AAGCGTCCCTCATCGA-1,0.10379,0.000078,0.029943,0.123987,0.742202
AAGCTAGATCGAGTAA-1,0.032056,0.000553,0.941473,0.00184,0.024078
AAGCTCGTGCCAAGTC-1,0.999489,0.000085,0.00017,0.000085,0.00017
AAGCTCTTTCATGGTG-1,0.278138,0.065432,0.298854,0.078125,0.279451
AAGGATGAGGGACCTC-1,0.988648,0.000214,0.000427,0.000214,0.010498
AAGGGAACGACTGGCT-1,0.191531,0.016469,0.00012,0.014611,0.777269
AAGGGACAGATTCTGT-1,0.238707,0.529246,0.000163,0.102756,0.129128
AAGGGACTATGCATTC-1,0.038078,0.00009,0.046596,0.189278,0.725958
AAGGGTTTGATTTCAG-1,0.080493,0.027119,0.721889,0.000144,0.170355
AAGGTATCCTAATATA-1,0.812892,0.008365,0.065821,0.000071,0.11285
AAGGTGATAAACCAGC-1,0.539925,0.018112,0.334682,0.002344,0.104938
AAGTAGTGACGCGAGG-1,0.802374,0.059054,0.08683,0.051291,0.000451
AAGTCAATTGTCGTCA-1,0.063241,0.932613,0.001659,0.000829,0.001658
AAGTCTTCTGTGGCCT-1,0.996537,0.000577,0.001154,0.000577,0.001154
AAGTGACGACCGAATT-1,0.993294,0.001118,0.002236,0.001118,0.002235
AAGTGAGTCGGGTTTA-1,0.20833,0.273436,0.319067,0.026862,0.172304
AAGTGCAAAGGTAGAC-1,0.776203,0.000044,0.223623,0.000044,0.000087
AAGTGCCTTGACTGTA-1,0.194321,0.487774,0.158801,0.066674,0.092431
AAGTGCGTTAGAATCT-1,0.797952,0.032108,0.034597,0.000158,0.135186
AAGTGTTTGGAGACGG-1,0.513795,0.000127,0.342801,0.000127,0.143149
AAGTTCACTCCAAGCT-1,0.398119,0.164642,0.000315,0.070746,0.366178
AAGTTCGGCCAACAGG-1,0.838882,0.000114,0.000228,0.075608,0.085168
AAGTTGTGATGTTATA-1,0.312431,0.520652,0.00062,0.00031,0.165987
AATAACAACGCTCGGC-1,0.812038,0.000106,0.023048,0.000106,0.164703
AATAACACTAGAACAA-1,0.000048,0.000024,0.095573,0.000024,0.904331
AATAAGTCCTCGAGAC-1,0.144499,0.075133,0.026761,0.000095,0.753512
AATACAATGTTTCAGG-1,0.496552,0.133056,0.369343,0.00035,0.000699
AATACCGGAGGGCTGT-1,0.289674,0.208665,0.171572,0.012949,0.31714
AATAGAATCTGTTTCA-1,0.728145,0.000097,0.032143,0.000097,0.239519
AATAGTCGCGAGTCGG-1,0.999616,0.000064,0.000128,0.000064,0.000128
AATATCCTAGCAAACT-1,0.805303,0.047855,0.062381,0.000102,0.084359
AATATCGAGGGTTCTC-1,0.26063,0.41754,0.321519,0.000104,0.000207
AATATTGGAGTATTGA-1,0.780349,0.000429,0.217935,0.000429,0.000858
AATCATGTAAAGACTC-1,0.079234,0.001236,0.000126,0.000063,0.91934
AATCGCCTCAGCGCCA-1,0.879933,0.02004,0.000197,0.002868,0.096962
AATCTAGGTTTACTTG-1,0.881092,0.000138,0.000275,0.083902,0.034594
AATCTCTACTGTGGTT-1,0.995276,0.000787,0.001575,0.000787,0.001575
AATCTGCGTTGGGACG-1,0.543599,0.000146,0.445173,0.000146,0.010937
AATCTGGCTTTCTAGT-1,0.942938,0.000226,0.000453,0.000226,0.056157
AATCTGGGTAGACCCT-1,0.744785,0.238139,0.000276,0.000138,0.016663
AATGACAGCAATGTCT-1,0.998936,0.000177,0.000355,0.000177,0.000355
AATGACGTAGGATGTC-1,0.61674,0.000114,0.067718,0.000114,0.315314
AATGAGTTCGCATATG-1,0.49278,0.38502,0.007625,0.111879,0.002696
AATGATGATACGCTAT-1,0.550563,0.215434,0.184427,0.049354,0.000221
AATGATGCGACTCCTG-1,0.142059,0.425664,0.423418,0.00005,0.008809
AATGCACCAAGCAATG-1,0.421093,0.001439,0.573149,0.001439,0.002879
AATGGTCCACCGTTCA-1,0.450409,0.041813,0.476125,0.000038,0.031615
AATGTATGGCACTGTA-1,0.218194,0.000093,0.022826,0.000093,0.758794
AATGTGCCCGAGGTGT-1,0.314336,0.029989,0.000313,0.354282,0.301079
AATGTGCTAATCTGAG-1,0.182199,0.063877,0.109022,0.000051,0.644851
AATTAACGGATTTCCA-1,0.402415,0.000138,0.077782,0.085147,0.434518
AATTACGAGACCCATC-1,0.830392,0.084393,0.049974,0.000161,0.035081
AATTACTCGTACGCTC-1,0.270536,0.082997,0.08546,0.158406,0.402601
AATTAGCGCTGCAGCG-1,0.779525,0.000123,0.043144,0.000123,0.177085
AATTCATAAGGGATCT-1,0.720026,0.202569,0.076647,0.000253,0.000505
AATTCATTGTCATGCA-1,0.148922,0.000073,0.055555,0.033135,0.762314
AATTCCAACTTGGTGA-1,0.181477,0.447767,0.085463,0.000264,0.285029
AATTCTAGAGTTAGGC-1,0.794659,0.000148,0.091377,0.047914,0.065902
AATTGAACGCTCTGGT-1,0.609119,0.142289,0.169237,0.000067,0.079288
AATTGCAGCAATCGAC-1,0.120038,0.000063,0.000126,0.000063,0.87971
AATTTGGGACATAGTA-1,0.650135,0.128513,0.196046,0.000087,0.025219
AATTTGGTTCCAAAGA-1,0.566811,0.307789,0.000938,0.000469,0.123993
ACAAACCATGCGTCCT-1,0.030969,0.192778,0.45011,0.076522,0.249622
ACAAAGAAGGTAGGCC-1,0.996787,0.000106,0.000213,0.002681,0.000213
ACAAAGCATGACCTAG-1,0.066307,0.000063,0.000126,0.036382,0.897122
ACAAATCGCACCGAAT-1,0.873587,0.090902,0.000162,0.000081,0.035268
ACAAATGGTAGTGTTT-1,0.941272,0.000104,0.058311,0.000104,0.000209
ACAACAGCATGAGCTA-1,0.799731,0.000078,0.192648,0.000078,0.007465
ACAAGCAGTGCCTAGC-1,0.50091,0.21241,0.248659,0.00016,0.03786
ACAAGCTATATGGAAG-1,0.995607,0.000732,0.001464,0.000732,0.001465
ACAAGGAAATCCGCCC-1,0.87837,0.121068,0.000225,0.000112,0.000225
ACAAGGATGCTTTAGG-1,0.064483,0.024041,0.132983,0.000058,0.778435
ACAAGGGCAGGCTCTG-1,0.427412,0.09425,0.400737,0.000046,0.077555
ACAATAGTCGTACGTT-1,0.992333,0.001278,0.002556,0.001278,0.002556
ACAATCCATTTAAACC-1,0.950703,0.000124,0.048799,0.000124,0.000249
ACAATGAATACGGAGA-1,0.137672,0.114509,0.0383,0.043519,0.665999
ACAATTGTGTCTCTTT-1,0.358545,0.075672,0.062317,0.0001,0.503366
ACAATTTAGGAGGCTC-1,0.999021,0.000163,0.000326,0.000163,0.000326
ACAATTTGAGCAGTGG-1,0.076868,0.001577,0.92152,0.000012,0.000023
ACACACCAGGACCAGT-1,0.681725,0.096576,0.178211,0.000078,0.043409
ACACATGATCAAATCT-1,0.069805,0.003819,0.000165,0.304232,0.621979
ACACATTGACGCAACA-1,0.395429,0.077448,0.000614,0.005751,0.520759
ACACCGAGCGCTCTTT-1,0.543222,0.00006,0.000121,0.00006,0.456537
ACACCGGTCTGACCGC-1,0.132001,0.030521,0.000202,0.000101,0.837175
ACACGAGACTCCTTCT-1,0.611596,0.000045,0.388223,0.000045,0.00009
ACACGGCACTATGCAT-1,0.016989,0.014498,0.276094,0.032436,0.659982
ACACGGGAACTTAGGG-1,0.999212,0.000131,0.000263,0.000131,0.000263
ACACTCCAATGTCACT-1,0.510309,0.295038,0.048246,0.146168,0.000239
ACAGAACTGAGAACAA-1,0.188349,0.114721,0.24051,0.285592,0.170828
ACAGCGACATTCTCAT-1,0.168483,0.016078,0.000276,0.008735,0.806427
ACAGCGCACCCGCAGC-1,0.926162,0.000255,0.000509,0.000254,0.07282
ACAGGAGGCGCAGCCG-1,0.919507,0.000074,0.000147,0.000074,0.080198
ACAGGCTTGCCCGACT-1,0.604769,0.181958,0.000278,0.015851,0.197145
ACAGGTGGAGGTGAGG-1,0.147207,0.161704,0.084619,0.000047,0.606422
ACAGGTGTGTTGTTGC-1,0.997392,0.000435,0.000869,0.000435,0.00087
ACAGTAATACAACTTG-1,0.920367,0.038722,0.040642,0.00009,0.00018
ACATAAGTCGTGGTGA-1,0.043017,0.057914,0.889662,0.004975,0.004432
ACATCAGCTGGGACGC-1,0.867755,0.000048,0.126727,0.005374,0.000097
ACATCCTGGTAACTGT-1,0.295792,0.000116,0.675299,0.000075,0.028719
ACATCGATCGTTTACC-1,0.666321,0.046445,0.286794,0.000146,0.000293
ACATCGGTCAGCCGCG-1,0.576459,0.307596,0.000191,0.000096,0.115658
ACATCGTATGCAATGG-1,0.81861,0.016154,0.164885,0.000117,0.000234
ACATCGTTAACCTAGT-1,0.515098,0.019778,0.000308,0.000154,0.464662
ACATCTCAACGCGTAA-1,0.289884,0.046238,0.046589,0.00009,0.617198
ACATGGCTCAATTTAG-1,0.79255,0.000376,0.16992,0.000376,0.036778
ACATTAGTTTATATCC-1,0.000247,0.000123,0.035443,0.052343,0.911845
ACCAACCGCACTCCAC-1,0.204381,0.000115,0.00023,0.000115,0.795159
ACCAATATGCAAGTTA-1,0.484635,0.08748,0.107751,0.050982,0.269153
ACCACAACTCAGAACA-1,0.368585,0.368738,0.099448,0.000096,0.163133
ACCACGTGCAGCTATA-1,0.684856,0.000119,0.091581,0.000119,0.223324
ACCACTGTTCAAGAAG-1,0.139074,0.076963,0.218573,0.109678,0.455713
ACCAGACCATAACAAC-1,0.997009,0.000499,0.000997,0.000499,0.000997
ACCAGCCCGGTCTTTG-1,0.608347,0.000144,0.000288,0.000144,0.391077
ACCAGTGCGGGAGACG-1,0.000049,0.126857,0.855441,0.000025,0.017629
ACCATCCGCCAACTAG-1,0.856875,0.000101,0.09212,0.050701,0.000203
ACCATTAAGGGTGTCA-1,0.362459,0.000102,0.080458,0.000102,0.55688
ACCCAACGCCCGTGGC-1,0.99907,0.000155,0.00031,0.000155,0.00031
ACCCACCTACATGCTC-1,0.000024,0.07407,0.925869,0.000012,0.000024
ACCCATCTTGAGGGTA-1,0.687533,0.241634,0.030679,0.000087,0.040067
ACCCATTTGTCCCTCT-1,0.281808,0.098218,0.002588,0.00009,0.617297
ACCCGAGCGAAATTAC-1,0.000145,0.000072,0.015544,0.25406,0.730179
ACCCGGAAACTCCCAG-1,0.315042,0.000121,0.000241,0.197825,0.486771
ACCCGGATGACGCATC-1,0.041252,0.556582,0.244979,0.000412,0.156775
ACCCTATAGGACTGAG-1,0.473853,0.473503,0.000549,0.051546,0.000549
ACCCTATGCCATATCG-1,0.062424,0.050706,0.0003,0.049137,0.837433
ACCCTCCCTTGCTATT-1,0.939487,0.000142,0.000284,0.059804,0.000284
ACCCTTTAGTTCTCCA-1,0.037988,0.014764,0.584196,0.000038,0.363013
ACCGAAGAGTCTGGTT-1,0.259322,0.000096,0.031298,0.000096,0.709187
ACCGACACATCTCCCA-1,0.251482,0.000121,0.000242,0.028092,0.720064
ACCGACTGAGTCCCAC-1,0.820953,0.00011,0.119416,0.011244,0.048276
ACCGATGGTAGCATCG-1,0.728223,0.134151,0.003295,0.000633,0.133699
ACCGCAATAACTGCCT-1,0.366889,0.027547,0.588747,0.016677,0.000139
ACCGGGCCTTTGTTGA-1,0.638679,0.038766,0.000179,0.00009,0.322286
ACCGGTCAGGTACACC-1,0.000136,0.000068,0.005388,0.092802,0.901606
ACCGTCCACTGGGCCC-1,0.46804,0.008758,0.056852,0.293859,0.172491
ACCGTGACCACGTGGG-1,0.058593,0.000101,0.000203,0.000101,0.941001
ACCTAAGTACCTTTCA-1,0.049775,0.02901,0.722867,0.027788,0.17056
ACCTAATCGACTTCCT-1,0.402861,0.197521,0.360831,0.000079,0.038709
ACCTCGAACTTATGCT-1,0.462762,0.110635,0.009785,0.005074,0.411745
ACCTGCGTGTCATGTT-1,0.027881,0.025387,0.91822,0.024814,0.003698
ACGAAATGGGCGGCAC-1,0.750016,0.00831,0.22899,0.00009,0.012594
ACGACTGGTCATACTC-1,0.000161,0.000081,0.000161,0.999436,0.000161
ACGAGATATTTGCTTA-1,0.876466,0.004709,0.000748,0.000374,0.117704
ACGAGGATACCACTCT-1,0.63769,0.087145,0.000337,0.178425,0.096404
ACGAGGTTTACAACGT-1,0.484629,0.009351,0.286126,0.005754,0.21414
ACGAGTCGCCGGCGTT-1,0.273053,0.051961,0.060166,0.152079,0.462741
ACGATACATAGAACTA-1,0.735406,0.043871,0.1078,0.000064,0.112859
ACGATACCTATCCTGA-1,0.388275,0.242213,0.356102,0.004469,0.008942
ACGATCATACATAGAG-1,0.478136,0.141648,0.290119,0.08909,0.001006
ACGATCATCTTGTAAA-1,0.071988,0.312338,0.599991,0.000042,0.015641
ACGATGGATCCGATGC-1,0.501463,0.169449,0.000318,0.025361,0.303409
ACGCAAACTAATAGAT-1,0.204664,0.581328,0.000251,0.000125,0.213631
ACGCATACGTTTACTA-1,0.158544,0.000092,0.000184,0.008384,0.832796
ACGCCAGATGATTTCT-1,0.815724,0.075354,0.000327,0.000164,0.108431
ACGCCCAGCTGTCGAT-1,0.544263,0.14479,0.195889,0.0001,0.114958
ACGCCGCTAGACGACC-1,0.680757,0.000105,0.106789,0.125629,0.086721
ACGCCTGACACGCGCT-1,0.653825,0.214727,0.130365,0.000361,0.000722
ACGCGCTACACAGGGT-1,0.630476,0.000243,0.368553,0.000243,0.000485
ACGCGGGCCAAGGACA-1,0.245695,0.42457,0.042877,0.285567,0.001291
ACGCGTTTCTTAAGAG-1,0.982932,0.002845,0.005692,0.002844,0.005688
ACGCTAGTGATACACT-1,0.356922,0.504982,0.112021,0.000054,0.026021
ACGCTGTGAGGCGTAG-1,0.992693,0.000113,0.006855,0.000113,0.000226
ACGCTTAGTGTCTCTC-1,0.35731,0.281367,0.000602,0.096876,0.263845
ACGGACTCTCAAAGCG-1,0.388382,0.060132,0.239299,0.053198,0.25899
ACGGATGGTGCGGATA-1,0.01578,0.113783,0.768642,0.039157,0.062638
ACGGCACTTGCTTGGG-1,0.169232,0.149383,0.115459,0.208415,0.357511
ACGGCGACGATGGGAA-1,0.600752,0.000078,0.266153,0.000078,0.132939
ACGGCTGGATGTAGAA-1,0.325252,0.195382,0.128164,0.002206,0.348997
ACGGGAGTGTCGGCCC-1,0.927818,0.000144,0.000288,0.038045,0.033705
ACGGGTCATGTGACTT-1,0.150222,0.021512,0.040508,0.008464,0.779293
ACGTAGATTGCTGATG-1,0.620837,0.000088,0.378809,0.000088,0.000177
ACGTATTACTCCGATC-1,0.593173,0.097213,0.050739,0.000537,0.258338
ACGTCTCGTTCCGGGA-1,0.965708,0.000095,0.00019,0.033818,0.00019
ACGTGACAAAGTAAGT-1,0.478071,0.017301,0.133823,0.147245,0.223561
ACGTGGTCGAATGTGC-1,0.323712,0.000813,0.078916,0.000813,0.595746
ACGTTAATGTCGAAGA-1,0.660295,0.000114,0.000227,0.065163,0.274201
ACGTTAGATTTGCCCG-1,0.390085,0.32109,0.259514,0.000284,0.029028
ACGTTATTGGTCACTC-1,0.60432,0.000051,0.291727,0.000051,0.103852
ACGTTCGTTCAGGAAA-1,0.365658,0.214307,0.087968,0.000116,0.331952
ACGTTCTGTACAAGTC-1,0.088197,0.000103,0.000205,0.000103,0.911392
ACGTTTAGTTGTGATC-1,0.630953,0.000708,0.366217,0.000708,0.001415
ACTACATCCCGACAAG-1,0.281231,0.012867,0.01573,0.292441,0.397731
ACTAGTTGCGATCGTC-1,0.339069,0.000368,0.226582,0.072603,0.361378
ACTATCGCCGGCTAAA-1,0.226957,0.296182,0.338407,0.000075,0.138379
ACTATGTCCAGCTGCC-1,0.125412,0.000102,0.000204,0.079844,0.794438
ACTATTCGTCCGTGGT-1,0.157273,0.000096,0.048022,0.000096,0.794513
ACTATTTCCGGGCCCA-1,0.017736,0.018037,0.000124,0.000062,0.96404
ACTCAAGTGCAAGGCT-1,0.270841,0.000091,0.111211,0.005242,0.612615
ACTCAATAAAGGCACG-1,0.85034,0.069895,0.079538,0.000073,0.000154
ACTCCAATATCATCAT-1,0.000188,0.000094,0.036543,0.09632,0.866855
ACTCCCATTCCTAAAG-1,0.281831,0.000061,0.672412,0.034008,0.011688
ACTCCCTAATGCTAAA-1,0.387652,0.0001,0.276233,0.254147,0.081868
ACTCCCTAGAATAGTA-1,0.799108,0.025471,0.000322,0.000161,0.174938
ACTCGATGTATTTCAT-1,0.252733,0.03017,0.484943,0.00004,0.232114
ACTCGTAACCCGTCCT-1,0.451345,0.259935,0.000213,0.056798,0.231709
ACTCGTCAGTAATCCC-1,0.308636,0.000043,0.627098,0.000043,0.06418
ACTCTAAACCTGGGAT-1,0.73969,0.001546,0.254126,0.001546,0.003092
ACTCTCTGACTTAGGT-1,0.779227,0.000117,0.220303,0.000117,0.000235
ACTCTCTTATACACGA-1,0.545691,0.192544,0.055084,0.206324,0.000357
ACTCTTGTATAGTAAC-1,0.10005,0.063659,0.836175,0.000038,0.000077
ACTGAAACGCCGTTAG-1,0.342858,0.047883,0.000167,0.164274,0.444817
ACTGAATGGCGAAAGT-1,0.738621,0.000096,0.260995,0.000096,0.000192
ACTGATTTAGTGATTC-1,0.545844,0.082767,0.000618,0.000309,0.370462
ACTGCCGTCGTAACTC-1,0.566094,0.000146,0.000291,0.000146,0.433324
ACTGCTCGGAAGGATG-1,0.922296,0.000141,0.000282,0.000141,0.07714
ACTGTACGATACACAT-1,0.999149,0.000142,0.000284,0.000142,0.000284
ACTGTCTTCTTTAGAA-1,0.895813,0.000144,0.000289,0.103465,0.000289
ACTTACCGGGCGCGCA-1,0.395263,0.565727,0.026585,0.00006,0.012365
ACTTACGCATCCACGC-1,0.229973,0.011333,0.279732,0.022403,0.456558
ACTTATACTTACCCGG-1,0.192792,0.000243,0.806237,0.000243,0.000485
ACTTATTTATGTGCCA-1,0.310132,0.062537,0.594736,0.017668,0.014927
ACTTCAGGCTGATCCC-1,0.630172,0.029845,0.018071,0.000105,0.321807
ACTTCCAGTGGAAGCT-1,0.632043,0.000696,0.001391,0.000696,0.365174
ACTTCCATGCGGGACA-1,0.081126,0.011382,0.000189,0.002556,0.904747
ACTTCGCCATACGCAC-1,0.707299,0.000063,0.271254,0.021256,0.000127
ACTTGACTCCCTCTTT-1,0.6842,0.000127,0.000255,0.045741,0.269676
ACTTGTAGTCCCTTCA-1,0.878658,0.000125,0.12084,0.000125,0.000251
ACTTTGACTGCATCCT-1,0.960848,0.000307,0.037925,0.000307,0.000614
ACTTTGGTCGTGCTCC-1,0.376271,0.17904,0.000283,0.083254,0.361152
AGAACCCTCAATTGGG-1,0.658274,0.000117,0.000234,0.128453,0.212923
AGAACGTGGTACATTC-1,0.961235,0.000084,0.038428,0.000084,0.000168
AGAAGAGCGCCGTTCC-1,0.502007,0.031269,0.062552,0.03127,0.372903
AGAAGGTACACTTCAC-1,0.550027,0.00011,0.00022,0.209303,0.240339
AGAAGGTTGTAGGTCG-1,0.294544,0.000129,0.000258,0.000129,0.704939
AGAAGTGATTCGTGAT-1,0.021903,0.018636,0.918335,0.000028,0.041098
AGAATAAATCTTCAGG-1,0.997608,0.000399,0.000798,0.000399,0.000797
AGAATTATGGATTCGA-1,0.294009,0.213915,0.489124,0.000015,0.002938
AGACAGCTCAGAATCC-1,0.615589,0.022408,0.351978,0.00003,0.009995
AGACCAAACCACACCT-1,0.787669,0.122554,0.023015,0.066598,0.000165
AGACCCACCGCTGATC-1,0.294316,0.000073,0.649583,0.053196,0.002831
AGACCGGGAAACCCTG-1,0.572233,0.000126,0.427264,0.000126,0.000251
AGACGAAGTGCCGGTC-1,0.405903,0.083394,0.000255,0.079363,0.431084
AGACGACGATGCCGCT-1,0.226311,0.045942,0.000172,0.01336,0.714215
AGACTGTTACCGGGTC-1,0.567941,0.165159,0.198694,0.00519,0.063015
AGAGAACCGTCTAGGA-1,0.324117,0.142859,0.530451,0.000858,0.001716
AGAGAAGGAGTACAAT-1,0.006886,0.054547,0.045539,0.20271,0.690318
AGAGATCTCTAAAGCG-1,0.998936,0.000177,0.000355,0.000177,0.000355
AGAGCAGTTATGAGAC-1,0.999483,0.000086,0.000172,0.000086,0.000172
AGAGCTACGAAAGCAT-1,0.634602,0.203629,0.161568,0.000067,0.000134
AGAGGCTTCGGAAACC-1,0.000042,0.000021,0.000042,0.000021,0.999874
AGAGTTAGAGACCGAT-1,0.217153,0.588387,0.179944,0.00007,0.014446
AGATACCGGTGTTCAC-1,0.515998,0.367385,0.072715,0.000131,0.043771
AGATACTCAAGATCGA-1,0.505846,0.000076,0.493849,0.000076,0.000152
AGATATAATACGACTA-1,0.301791,0.068763,0.002429,0.000094,0.626922
AGATCGTGCATAAGAT-1,0.8668,0.000141,0.132637,0.000141,0.000281
AGATCTCAGGTGTGAT-1,0.170374,0.000446,0.829153,0.000009,0.000018
AGATGAGGGTTGCGAT-1,0.140739,0.687752,0.13969,0.00002,0.031799
AGATGCAAGACGTGCA-1,0.158695,0.0431,0.000184,0.000092,0.797928
AGATGCATCCTGTGTC-1,0.445853,0.182018,0.34348,0.000063,0.028585
AGATGCTATAACGAGC-1,0.206419,0.035127,0.117452,0.100602,0.5404
AGATTCACAACCGATA-1,0.389475,0.000085,0.389295,0.071528,0.149617
AGCAAAGGCCGCTAGT-1,0.610806,0.000112,0.000223,0.000112,0.388748
AGCAACATATCTTATT-1,0.844866,0.00022,0.000441,0.00022,0.154253
AGCAACCGAAAGTAAT-1,0.775678,0.078997,0.000229,0.000115,0.144982
AGCACCAGTACTCACG-1,0.911036,0.000147,0.088376,0.000147,0.000294
AGCACTACCGGCCTGT-1,0.864985,0.001927,0.003853,0.001927,0.127309
AGCACTACCTCACCAG-1,0.686624,0.128498,0.11658,0.000135,0.068162
AGCACTTAAGGACGCC-1,0.273227,0.255804,0.446193,0.014236,0.010539
AGCAGAAGGAGAAAGA-1,0.339832,0.000093,0.000187,0.022683,0.637205
AGCATATCAATATGCT-1,0.641902,0.054816,0.033459,0.09537,0.174454
AGCATCATTTCGAAAG-1,0.987071,0.000149,0.000297,0.012186,0.000297
AGCCACAGGTTACCCG-1,0.05321,0.096203,0.083265,0.060552,0.70677
AGCCACTCCCGTGCTT-1,0.702402,0.030271,0.202316,0.006983,0.058028
AGCCCATACATGTAAG-1,0.961543,0.000083,0.000165,0.000083,0.038127
AGCCCGGCATTAGAGG-1,0.125158,0.045448,0.000164,0.370832,0.458398
AGCCCTAAGCGAAGTT-1,0.528086,0.215401,0.255444,0.000363,0.000706
AGCCCTCCCTGGTGGC-1,0.134103,0.238458,0.128831,0.254742,0.243865
AGCCCTTCTAATCCGA-1,0.295294,0.468929,0.173111,0.062439,0.000227
AGCCGCAAATTCAAAT-1,0.994176,0.000971,0.001941,0.000971,0.001942
AGCCGCTTGATTAGCG-1,0.373615,0.030588,0.162402,0.000159,0.433236
AGCCGTGGCTAAATGT-1,0.78716,0.098222,0.000219,0.003072,0.111327
AGCCTAATACCCACGT-1,0.430657,0.00011,0.065308,0.00265,0.501275
AGCCTTAAAGCGGAAG-1,0.090975,0.003942,0.843357,0.000011,0.061714
AGCGACAGGAACGGTC-1,0.124926,0.059926,0.000128,0.000064,0.814957
AGCGCGGGTGCCAATG-1,0.486149,0.041657,0.234368,0.237607,0.000218
AGCGCTTATGGGCAAG-1,0.477214,0.446107,0.061745,0.00004,0.014894
AGCGGACACTTCGTAG-1,0.050981,0.000057,0.809411,0.031729,0.107821
AGCGGCGGTTAGCGGT-1,0.756256,0.000152,0.018324,0.021099,0.20417
AGCGTGGTATTCTACT-1,0.814926,0.065201,0.00024,0.00012,0.119513
AGCTAACAAGCAATGT-1,0.000085,0.000043,0.003431,0.181724,0.814717
AGCTAAGTACGCAGGC-1,0.126089,0.000058,0.000116,0.000058,0.873679
AGCTAGAAGCAGAAGT-1,0.684167,0.000907,0.312203,0.000907,0.001815
AGCTATTTAATCCAAC-1,0.474539,0.123022,0.076824,0.000105,0.325511
AGCTCCTTCGCACATC-1,0.691328,0.000126,0.000252,0.000126,0.308167
AGCTCTAGACGTTCCA-1,0.917052,0.000088,0.000176,0.000088,0.082595
AGCTCTTCCCAGTGCA-1,0.688023,0.016596,0.294433,0.000316,0.000633
AGCTGAAGTAAACCAA-1,0.179252,0.060265,0.760369,0.000038,0.000076
AGCTGTAACCTCAATC-1,0.006061,0.000118,0.000237,0.017817,0.975766
AGCTTGATCTTAACTT-1,0.992633,0.001228,0.002456,0.001228,0.002456
AGGAAAGCCTCTGATG-1,0.380189,0.027093,0.000147,0.029945,0.562626
AGGAAGCTGTCCGCCG-1,0.368763,0.000126,0.000251,0.214448,0.416412
AGGACAGTCGAATCCC-1,0.933606,0.000116,0.000231,0.000116,0.065932
AGGACGCTCGATGTTG-1,0.690574,0.001988,0.239302,0.001988,0.066148
AGGACTTATAGGAGAA-1,0.40394,0.082441,0.000368,0.000184,0.513066
AGGAGGCCTTCGCGCG-1,0.197213,0.004237,0.001164,0.02169,0.775696
AGGATAAAGTCGGGAT-1,0.840715,0.000122,0.000245,0.056584,0.102333
AGGATATAGGGATTTA-1,0.504519,0.032522,0.016591,0.000079,0.446289
AGGATCACGCGATCTG-1,0.999012,0.000165,0.00033,0.000165,0.000329
AGGCAATACGGAGGAC-1,0.703877,0.02545,0.000177,0.000088,0.270408
AGGCAGATGCGTAAAC-1,0.72059,0.147114,0.131529,0.000256,0.000511
AGGCATTGTCGTAGGG-1,0.356608,0.080724,0.000198,0.000099,0.562371
AGGCCCAGTGACTGGT-1,0.895984,0.000478,0.102105,0.000478,0.000956
AGGCCCTAGAACGCCA-1,0.397799,0.020447,0.479358,0.012994,0.089402
AGGCCTGAGAATCTCG-1,0.218962,0.004762,0.337828,0.028757,0.409691
AGGCGGTTTGTCCCGC-1,0.418966,0.00018,0.000359,0.087655,0.49284
AGGCTATGGTTAGCTT-1,0.162138,0.24347,0.552161,0.000153,0.042077
AGGCTTGCTAGACACC-1,0.706928,0.078788,0.152375,0.000251,0.061657
AGGGAAACGAGGTACT-1,0.682525,0.095907,0.221391,0.000059,0.000118
AGGGCAGCGGCGTGGT-1,0.033172,0.000099,0.019122,0.000099,0.947508
AGGGCGAGCAGCTGAT-1,0.705189,0.059648,0.235006,0.000052,0.000104
AGGGCTGCAGTTACAG-1,0.999287,0.000119,0.000238,0.000119,0.000238
AGGGTCGATGCGAACT-1,0.548669,0.233338,0.00202,0.00101,0.214964
AGGGTGCCGTTCTTTA-1,0.025275,0.011342,0.044673,0.286429,0.632281
AGGGTGCTCTCGAGGG-1,0.789057,0.189357,0.008635,0.004317,0.008633
AGGGTGGATAGTGCAT-1,0.999613,0.000065,0.000129,0.000065,0.000129
AGGGTTCCCTTTGGTT-1,0.999387,0.000102,0.000204,0.000102,0.000204
AGGGTTTAGTTCGGGA-1,0.373682,0.520737,0.000978,0.103624,0.000978
AGGTACGATATTGCCA-1,0.050924,0.053203,0.455726,0.036493,0.403654
AGGTAGATCGAGATAT-1,0.024794,0.000044,0.000087,0.959254,0.015821
AGGTAGGTACAAAGCT-1,0.989111,0.001815,0.00363,0.001815,0.003629
AGGTCAGGTGAGAGTG-1,0.679457,0.007732,0.312639,0.000057,0.000114
AGGTGTATCGCCATGA-1,0.15492,0.051708,0.793006,0.000122,0.000244
AGGTTCTCCTTTCCGG-1,0.416254,0.247911,0.00495,0.000149,0.330736
AGGTTGAGGCACGCTT-1,0.362343,0.00378,0.633721,0.000052,0.000105
AGGTTTCACACACCTT-1,0.998663,0.000223,0.000446,0.000223,0.000446
AGTAACGTTCATCCTG-1,0.968886,0.030828,0.000114,0.000057,0.000114
AGTACGGCCCGTATCG-1,0.993791,0.001035,0.002071,0.001034,0.002069
AGTACGGGCACCTGGC-1,0.09207,0.000578,0.907244,0.000036,0.000072
AGTACGTGGCCTGTCT-1,0.84955,0.150132,0.000127,0.000064,0.000127
AGTACTCTTATGCCCA-1,0.18623,0.05912,0.000243,0.000121,0.754285
AGTAGCGTGAACGAAC-1,0.816423,0.000901,0.001802,0.000901,0.179973
AGTAGGAAGGAAGTTG-1,0.344328,0.359839,0.27691,0.000049,0.018874
AGTATACACAGCGACA-1,0.063495,0.225484,0.543895,0.000027,0.167099
AGTATGCTGGAGACCA-1,0.079809,0.000075,0.00015,0.148165,0.771801
AGTCAAATGATGTGAT-1,0.259069,0.343533,0.132394,0.027053,0.237952
AGTCAAGATGACACTT-1,0.723008,0.129701,0.000256,0.000128,0.146907
AGTCACTAGCTCTCGA-1,0.071491,0.039469,0.000273,0.038956,0.849811
AGTCCATTGGCTGATG-1,0.404918,0.001693,0.185882,0.001692,0.405816
AGTCCCGCCTTTAATT-1,0.916877,0.000956,0.0793,0.000956,0.001911
AGTCGACGGTCTCAAG-1,0.000656,0.074967,0.923394,0.000328,0.000656
AGTCGGCTCAACTTTA-1,0.803252,0.139293,0.057031,0.000141,0.000282
AGTCGTATAAAGCAGA-1,0.322655,0.28216,0.000265,0.070833,0.324087
AGTCGTCGACCACCAA-1,0.191769,0.000086,0.034523,0.183298,0.590324
AGTCGTGGGCATTACG-1,0.539269,0.119079,0.219138,0.019373,0.103142
AGTCTCACAAGACTAC-1,0.421963,0.008094,0.000255,0.246968,0.322721
AGTCTGGACATCCTTG-1,0.437372,0.549378,0.000385,0.01248,0.000385
AGTCTTCTCCTCAAAT-1,0.957623,0.000111,0.041932,0.000111,0.000223
AGTGAACAAACTTCTC-1,0.499975,0.220848,0.002256,0.001128,0.275793
AGTGACTGTGACACAA-1,0.049782,0.013506,0.127373,0.000031,0.809307
AGTGAGACTTCCAGTA-1,0.649013,0.047634,0.204301,0.09811,0.000942
AGTGAGGGTTTCTGAC-1,0.709054,0.20173,0.089091,0.000042,0.000083
AGTGATAACCTGCGCG-1,0.198803,0.000081,0.096034,0.047848,0.657234
AGTGATTCAAGCAGGA-1,0.471536,0.068438,0.327633,0.021535,0.110858
AGTGCACGCTTAAGAA-1,0.532382,0.014221,0.000161,0.000081,0.453156
AGTGCTAAACACAGCA-1,0.092929,0.000077,0.029608,0.044277,0.833109
AGTGCTTGCACGAATA-1,0.559225,0.423858,0.006768,0.003382,0.006767
AGTGGCGGCAATTTGA-1,0.580485,0.299648,0.098012,0.000083,0.021773
AGTGGCGTCTGAAGGT-1,0.150079,0.000091,0.000183,0.000091,0.849556
AGTGGCTCCGTCGGCC-1,0.659105,0.000074,0.340599,0.000074,0.000148
AGTGGGAGTATACACG-1,0.260207,0.083627,0.161444,0.000096,0.494625
AGTGGTGTTACCCGTG-1,0.826645,0.045823,0.028676,0.00014,0.098716
AGTGGTTGCGTATAGG-1,0.349859,0.001346,0.644757,0.001346,0.002692
AGTGTATTGCGCATTG-1,0.833472,0.004173,0.149837,0.004173,0.008345
AGTGTGCTAAGATCGC-1,0.347211,0.072151,0.033119,0.000077,0.547442
AGTTAAGCGGTCCCGG-1,0.133701,0.075245,0.491057,0.000068,0.299929
AGTTAAGTCAACCGCT-1,0.365367,0.000114,0.000227,0.000114,0.634179
AGTTACCCTTAAGACT-1,0.869795,0.000058,0.088193,0.000058,0.041896
AGTTACCGCACATGGT-1,0.999789,0.000035,0.00007,0.000035,0.00007
AGTTACTCTATCGTGG-1,0.999155,0.000141,0.000282,0.000141,0.000282
AGTTATTGAAAGGTAA-1,0.503887,0.220397,0.000668,0.000334,0.274714
AGTTCACCGGTTGGAC-1,0.595806,0.013743,0.390352,0.000033,0.000066
AGTTCCTATTTATGTT-1,0.483323,0.061293,0.390309,0.064909,0.000166
AGTTCTGCGTTGTATC-1,0.482733,0.157683,0.268638,0.072061,0.018886
AGTTGACGGTCCTTGC-1,0.001456,0.620734,0.001456,0.218032,0.158321
AGTTGCTGACTGATAT-1,0.398561,0.368571,0.189903,0.000116,0.042849
AGTTTGCACCTGCCTC-1,0.214741,0.000447,0.758128,0.000065,0.026619
AGTTTGGCACGGGTTG-1,0.506018,0.000343,0.000686,0.000343,0.492609
AGTTTGGCCAGACCTA-1,0.330042,0.101233,0.458636,0.0001,0.109988
ATAAACGGACCCGTAA-1,0.192801,0.259288,0.187414,0.193239,0.167258
ATAAATATTAGCAGCT-1,0.937673,0.000104,0.000208,0.000104,0.061912
ATAACGCCGGAGGGTC-1,0.999565,0.000072,0.000145,0.000072,0.000145
ATAACGGAGTCCAACG-1,0.807471,0.00009,0.192167,0.00009,0.000181
ATAAGGTGGAGAACAT-1,0.661723,0.043734,0.27447,0.010358,0.009714
ATAATACCGTTAGCCG-1,0.386794,0.396475,0.000514,0.000257,0.215959
ATAATAGCTGTTGAAT-1,0.800975,0.000124,0.082363,0.025047,0.091491
ATAATCTTGGAGAACC-1,0.286467,0.157269,0.459846,0.009122,0.087296
ATAATTAGCTAAGTAG-1,0.320659,0.165223,0.283756,0.001475,0.228887
ATACAGGCCCTCCAAT-1,0.699399,0.000151,0.24098,0.059167,0.000303
ATACCACGGGCAACTT-1,0.263848,0.181593,0.535675,0.000137,0.018746
ATACCTAACCAAGAAA-1,0.195127,0.000029,0.782974,0.000029,0.02184
ATACGCCGGCGAAACC-1,0.990355,0.000076,0.000151,0.009267,0.000151
ATACGGAACGTCGTTT-1,0.793744,0.000221,0.000442,0.125926,0.079666
ATACGGGTTTCGATTG-1,0.444184,0.000086,0.06354,0.000086,0.492103
ATACGGTGAAGATGCA-1,0.999012,0.000165,0.000329,0.000165,0.000329
ATACGTACTTAGCCAC-1,0.77754,0.000216,0.039357,0.060377,0.12251
ATACGTCCACTCCTGT-1,0.625131,0.014485,0.173835,0.00014,0.186409
ATACGTTATGCACGGA-1,0.39438,0.000108,0.145249,0.000108,0.460155
ATACTACCCGTACCAC-1,0.349702,0.136147,0.085073,0.000324,0.428754
ATACTGCCTTACACCG-1,0.191625,0.078757,0.017059,0.072289,0.64027
ATACTTGTTCTCGAGC-1,0.54207,0.000345,0.435315,0.012853,0.009417
ATAGACAACGGGACCT-1,0.452063,0.000043,0.547765,0.000043,0.000086
ATAGAGTTATCAACTT-1,0.349285,0.249934,0.33415,0.000049,0.066582
ATAGCAACTAGGGAAG-1,0.041753,0.000073,0.003528,0.000073,0.954572
ATAGCCTCAGTACCCA-1,0.505812,0.000534,0.487138,0.004795,0.00172
ATAGCTGCTCTTGTTA-1,0.439485,0.068914,0.057043,0.000048,0.43451
ATAGGCGGCTATAGAA-1,0.857076,0.000118,0.038748,0.000118,0.10394
ATAGGCTAGCTTCGCA-1,0.303171,0.552542,0.1251,0.000045,0.019142
ATAGGGATATCCTTGA-1,0.927291,0.000113,0.072259,0.000113,0.000225
ATAGGTTGGGCAGATG-1,0.229308,0.331147,0.25782,0.000408,0.181317
ATAGTCTTTGACGTGC-1,0.329515,0.55053,0.001957,0.000978,0.11702
ATAGTTCCACCCACTC-1,0.000074,0.554915,0.416034,0.000037,0.02894
ATATAAAGCGCTCGTG-1,0.412349,0.000086,0.511094,0.016365,0.060105
ATATAAATGTAGCTGC-1,0.716753,0.000122,0.100995,0.000122,0.182008
ATATAACACGGGCGCA-1,0.041014,0.000174,0.021963,0.000174,0.936676
ATATACATGTATGGTA-1,0.769549,0.000273,0.000547,0.000273,0.229358
ATATAGAGTATTGGTC-1,0.582245,0.056625,0.00027,0.078189,0.282671
ATATCAATTCCAGCCT-1,0.139567,0.00016,0.798198,0.00016,0.061915
ATATCGTGCCAGACCC-1,0.156629,0.000112,0.000224,0.000112,0.842923
ATATCGTTCCTCGAAC-1,0.092027,0.154284,0.116556,0.01067,0.626463
ATATCTCCCTCGTTAA-1,0.644523,0.00034,0.354116,0.00034,0.000681
ATATGTCTCCCTAGCC-1,0.530591,0.386524,0.081104,0.000594,0.001187
ATATTATCCCGTATTT-1,0.174858,0.000165,0.787048,0.000165,0.037764
ATATTCCACATAGTGA-1,0.564646,0.000133,0.335348,0.099608,0.000266
ATCAAACGAAGGTTTG-1,0.294463,0.000129,0.02589,0.073357,0.606161
ATCAATCTGGGCTGCA-1,0.909504,0.000102,0.090088,0.000102,0.000204
ATCAATGCCGTGGCTG-1,0.071182,0.000124,0.000248,0.000124,0.928322
ATCACATTAGAATATC-1,0.809696,0.124983,0.000249,0.000125,0.064947
ATCACGTGCTAATTAA-1,0.647067,0.114308,0.078502,0.113511,0.046611
ATCACTTCATCCTCGC-1,0.623371,0.000064,0.376372,0.000064,0.000128
ATCAGCCTCATGCTGC-1,0.073592,0.025369,0.199845,0.041139,0.660055
ATCAGCTCGTCCACTA-1,0.999291,0.000118,0.000236,0.000118,0.000236
ATCAGGTCGCCATTGC-1,0.140249,0.673204,0.172976,0.000023,0.013548
ATCAGTAGGCAGGGAT-1,0.412911,0.089867,0.473413,0.00022,0.023589
ATCATAGCCCTATGTA-1,0.387589,0.368112,0.000311,0.000155,0.243833
ATCATTGTACCGCATT-1,0.412729,0.000121,0.000241,0.000121,0.586789
ATCCAATGGAGGGTCC-1,0.231211,0.493822,0.00012,0.00158,0.273267
ATCCAATGGTACCGAA-1,0.914692,0.001192,0.002385,0.001192,0.080538
ATCCACATCGACAGAA-1,0.232752,0.000124,0.082128,0.000124,0.684871
ATCCCATCCACAGCGC-1,0.121797,0.065597,0.092928,0.164545,0.555133
ATCCTGAATCGCTGCG-1,0.662036,0.015557,0.28049,0.000094,0.041822
ATCGACCCAATACAGA-1,0.787098,0.000096,0.187786,0.02483,0.000191
ATCGCACGATTGTTCA-1,0.925765,0.073753,0.000193,0.000096,0.000193
ATCGCCAGTCAACATT-1,0.266583,0.473255,0.196722,0.063029,0.000411
ATCGGAGACAGACGGC-1,0.415231,0.000133,0.057353,0.000133,0.527151
ATCGGCAAGCAGTCCA-1,0.851082,0.033897,0.114389,0.000211,0.000421
ATCGGTTACCTAGTAA-1,0.989419,0.001764,0.003529,0.001763,0.003526
ATCGTATTCCGAGAAC-1,0.978526,0.003578,0.007158,0.00358,0.007159
ATCGTCCAATCGAGTC-1,0.769517,0.000374,0.108192,0.000434,0.121483
ATCGTGGAAAGTCTGG-1,0.244407,0.000069,0.000138,0.022217,0.733168
ATCGTTAGCTAGCGGA-1,0.000157,0.000079,0.000157,0.000079,0.999528
ATCGTTCACTTTCGCC-1,0.328944,0.62326,0.043998,0.000025,0.003773
ATCTAACGTCCCTATG-1,0.000062,0.129502,0.637833,0.071563,0.16104
ATCTAATATCCTACGG-1,0.852903,0.000173,0.000346,0.057482,0.089097
ATCTATCGATGATCAA-1,0.557738,0.000095,0.000189,0.000095,0.441884
ATCTCCCTGCAATCTA-1,0.499521,0.040871,0.000253,0.154385,0.30497
ATCTGACATGGAAGGA-1,0.194712,0.008325,0.021855,0.000084,0.775023
ATCTGATAGTGTCTTA-1,0.135024,0.209111,0.531964,0.000031,0.12387
ATCTGGGCTGTTCTTG-1,0.685835,0.070817,0.000369,0.000185,0.242794
ATCTGGTTAAGACTGT-1,0.803091,0.000415,0.026303,0.030221,0.13997
ATCTTATCGCACACCC-1,0.274014,0.508521,0.000867,0.000433,0.216165
ATGAAGTGGACCCAGC-1,0.813319,0.002609,0.005219,0.173634,0.005219
ATGACGCGTTCTATCC-1,0.020396,0.200266,0.474407,0.000053,0.304878
ATGACTATCAGCTGTG-1,0.60193,0.297358,0.000166,0.000083,0.100462
ATGACTATGCGACATT-1,0.681333,0.076487,0.004789,0.067344,0.170046
ATGCACCTTCCTTAAT-1,0.435712,0.000878,0.427228,0.070522,0.06566
ATGCACGCGCTGTTCA-1,0.368835,0.101322,0.421013,0.010936,0.097895
ATGCATGATCCAGGAT-1,0.264996,0.275154,0.271626,0.170742,0.017482
ATGCCATTTGCGACCA-1,0.570625,0.28126,0.001369,0.145377,0.001369
ATGCCGGTCTTGCATA-1,0.976555,0.000079,0.023129,0.000079,0.000158
ATGCCGGTTGATGGGA-1,0.661366,0.222748,0.00031,0.000111,0.115466
ATGCGACAGTCCCATT-1,0.620968,0.000067,0.377937,0.000067,0.000961
ATGCGAGTCCCACCAC-1,0.361411,0.206739,0.228175,0.106457,0.097218
ATGCTCTGGCGCGGTA-1,0.513622,0.000129,0.0593,0.000129,0.426819
ATGGAAATTTAAGGAG-1,0.341188,0.000095,0.007978,0.000095,0.650644
ATGGAGCAGGCCGTGA-1,0.923819,0.000127,0.065359,0.000127,0.010568
ATGGATCCGGCGTCCG-1,0.37504,0.068587,0.473146,0.000066,0.083161
ATGGCAGCATTACGAT-1,0.146241,0.000108,0.000216,0.000108,0.853327
ATGGCAGCCGAGAAAC-1,0.996676,0.000554,0.001108,0.000554,0.001108
ATGGCTGGAAATGGCC-1,0.38026,0.55752,0.024574,0.000014,0.037631
ATGGGAACGGAAGCGG-1,0.638064,0.165124,0.000507,0.195798,0.000507
ATGGGACCTGCTGAAC-1,0.000097,0.000049,0.000097,0.139986,0.859771
ATGGGCCTCGGCCTCT-1,0.551568,0.025781,0.42245,0.000067,0.000134
ATGGGTGTATACCTCC-1,0.05089,0.03105,0.00015,0.106236,0.811674
ATGGTCGCGTGGTTTC-1,0.807377,0.054809,0.135494,0.000094,0.002226
ATGTCATTTCCCATTG-1,0.003549,0.095914,0.791013,0.0021,0.107424
ATGTGAAAGCCTAATG-1,0.945948,0.026557,0.027199,0.000099,0.000198
ATGTGGACATCTTGAT-1,0.418125,0.01073,0.459753,0.00712,0.104272
ATGTTCCTGCCCACCT-1,0.53061,0.138776,0.021389,0.000059,0.309166
ATGTTCGTCGACCCAC-1,0.994993,0.000835,0.001669,0.000835,0.001669
ATGTTGTAGTCTGTTT-1,0.584742,0.358534,0.00022,0.00011,0.056395
ATTAAAGCGGACGAGC-1,0.555218,0.332222,0.000517,0.000259,0.111784
ATTAACACCTGAGATA-1,0.435191,0.009593,0.544051,0.000243,0.010923
ATTAATACTACGCGGG-1,0.916163,0.000142,0.083269,0.000142,0.000284
ATTAATGAACCAGTCG-1,0.849127,0.000067,0.00099,0.000067,0.149748
ATTAATTCGGTCACTC-1,0.377632,0.367475,0.146046,0.107677,0.00117
ATTACAACTACCGGCC-1,0.988484,0.011145,0.000148,0.000074,0.000148
ATTACGCGCTGGCAGG-1,0.804741,0.001099,0.190865,0.001098,0.002198
ATTACTTACTGGGCAT-1,0.995022,0.000829,0.001659,0.000831,0.00166
ATTAGGCGATGCTTTC-1,0.999091,0.000152,0.000303,0.000152,0.000303
ATTATACTTTGCTCGT-1,0.00703,0.001538,0.973222,0.000027,0.018184
ATTATGAGACCCAATT-1,0.268922,0.256846,0.089783,0.078989,0.30546
ATTATTATGTCCGTCA-1,0.000143,0.015819,0.326214,0.075402,0.582421
ATTCAAAGTACCTGTT-1,0.247159,0.000109,0.085621,0.033978,0.633133
ATTCAACCATTTAAGG-1,0.279944,0.082191,0.04078,0.000077,0.597007
ATTCACTGATGTTGGA-1,0.44461,0.000143,0.138919,0.089186,0.327142
ATTCAGGACCTATTTC-1,0.592633,0.000835,0.404026,0.000835,0.001671
ATTCAGGATCGCCTCT-1,0.486983,0.253593,0.000861,0.257703,0.000861
ATTCAGTAGCAGGGTC-1,0.323077,0.550755,0.085801,0.00012,0.040246
ATTCATCGTTGAGGCA-1,0.140475,0.021815,0.153113,0.010079,0.674517
ATTCCCACATAAACAA-1,0.643118,0.198072,0.113789,0.000188,0.044833
ATTCCCGAAGGTACAG-1,0.1537,0.000281,0.352242,0.000281,0.493496
ATTCGACGCCGGGCCT-1,0.943083,0.00039,0.055356,0.00039,0.00078
ATTCGCGCCTTGAGAG-1,0.362512,0.499712,0.000315,0.000158,0.137303
ATTCTGAGTATGAACT-1,0.515314,0.215884,0.054134,0.214043,0.000625
ATTCTTCGTACTTATG-1,0.574427,0.134652,0.290793,0.000043,0.000086
ATTGACGTAACTCGGT-1,0.107902,0.003324,0.34035,0.000079,0.548345
ATTGATCACCACATTT-1,0.795636,0.000272,0.032654,0.000272,0.171167
ATTGATGAGTCCTAAC-1,0.224257,0.45447,0.303102,0.00004,0.018131
ATTGCCTATTAGACCG-1,0.247399,0.410697,0.001751,0.000876,0.339277
ATTGCCTTTATGTTTG-1,0.388975,0.000125,0.000251,0.000125,0.610523
ATTGCGATCAGTAACT-1,0.12911,0.000062,0.000124,0.007563,0.86314
ATTGGATTACAGCGTA-1,0.000105,0.000053,0.012434,0.013897,0.973511
ATTGGTAGGATCCGCT-1,0.64023,0.000928,0.35606,0.000927,0.001855
