Barcode,Topic 1,Topic 2,Topic 3,Topic 4to12
AAACAACGAATAGTTC-1,0.000208,0.000208,0.051329,0.948256
AAACAAGTATCTCCCA-1,0.000053,0.000053,0.005592,0.994302
AAACAATCTACTAGCA-1,0.000086,0.000086,0.268295,0.731533
AAACAGCTTTCAGAAG-1,0.000116,0.000116,0.000116,0.999652
AAACAGGGTCTATATT-1,0.00007,0.00007,0.00007,0.999791
AAACATTTCCCGGATT-1,0.000098,0.000098,0.091155,0.90865
AAACCCGAACGAAATC-1,0.000022,0.000022,0.000022,0.999933
AAACCGGAAATGTTAA-1,0.000111,0.000111,0.000111,0.999666
AAACCGGGTAGGTACC-1,0.000036,0.000036,0.006235,0.993694
AAACCGTTCGTCCAGG-1,0.000082,0.000082,0.000082,0.999754
AAACCTAAGCAGCCGG-1,0.000051,0.000051,0.038164,0.961733
AAACCTCATGAAGTTG-1,0.000041,0.000041,0.000041,0.999877
AAACGAAGAACATACC-1,0.000049,0.000049,0.029438,0.970464
AAACGAGACGGTTGAT-1,0.000066,0.000066,0.000066,0.999801
AAACGCTGGGCACGAC-1,0.000158,0.000158,0.181944,0.81774
AAACGGGCGTACGGGT-1,0.000125,0.000125,0.000125,0.999626
AAACGGGTTGGTATCC-1,0.000308,0.000308,0.000308,0.999077
AAACGGTTGCGAACTG-1,0.00007,0.00007,0.390513,0.609348
AAACGTGTTCGCCCTA-1,0.000015,0.000015,0.000015,0.999954
AAACTCGGTTCGCAAT-1,0.00005,0.00005,0.019146,0.980754
AAACTCGTGATATAAG-1,0.000048,0.000048,0.000048,0.999857
AAACTGCTGGCTCCAA-1,0.000039,0.000039,0.055607,0.944314
AAACTTGCAAACGTAT-1,0.000064,0.000064,0.000064,0.999807
AAAGAATGTGGACTAA-1,0.000061,0.000061,0.36273,0.637147
AAAGACCCAAGTCGCG-1,0.000204,0.000204,0.039286,0.960305
AAAGACTGGGCGCTTT-1,0.000064,0.000064,0.037034,0.962839
AAAGCTTGCCTACATA-1,0.000035,0.000035,0.000035,0.999894
AAAGGGATGTAGCAAG-1,0.000054,0.000054,0.021918,0.977974
AAAGGGCAGCTTGAAT-1,0.000045,0.000045,0.000045,0.999866
AAAGTAGCATTGCTCA-1,0.000116,0.000116,0.000116,0.999652
AAAGTCACTGATGTAA-1,0.000116,0.000116,0.072414,0.927354
AAAGTCGACCCTCAGT-1,0.000042,0.000042,0.000042,0.999874
AAAGTGCCATCAATTA-1,0.000317,0.000317,0.033573,0.965793
AAAGTGTGATTTATCT-1,0.000072,0.000072,0.001286,0.99857
AAAGTTGACTCCCGTA-1,0.000055,0.000055,0.047721,0.952169
AAATAAGGTAGTGCCC-1,0.000028,0.000028,0.000028,0.999917
AAATACCTATAAGCAT-1,0.000045,0.000045,0.000045,0.999864
AAATAGCTTAGACTTT-1,0.000032,0.000032,0.000032,0.999905
AAATAGGGTGCTATTG-1,0.000051,0.000051,0.000051,0.999847
AAATCCGATACACGCC-1,0.000036,0.000036,0.065446,0.934482
AAATCTAGCCCTGCTA-1,0.000048,0.000048,0.000048,0.999857
AAATGATTCGATCAGC-1,0.000043,0.000043,0.000043,0.999871
AAATGCTCGTTACGTT-1,0.000048,0.000048,0.032129,0.967774
AAATGGCATGTCTTGT-1,0.000133,0.000133,0.14377,0.855964
AAATGGCCCGTGCCCT-1,0.00006,0.00006,0.00006,0.99982
AAATGGTCAATGTGCC-1,0.00005,0.00005,0.023089,0.976811
AAATGTATCTTATCCC-1,0.000079,0.000079,0.000079,0.999762
AAATGTGGGTGCTCCT-1,0.000078,0.000078,0.000078,0.999765
AAATTAACGGGTAGCT-1,0.000069,0.000069,0.000069,0.999793
AAATTAATAAGCGCGA-1,0.000201,0.000201,0.000201,0.999398
AAATTACCTATCGATG-1,0.000053,0.000053,0.023527,0.976366
AAATTCCAGGTCCAAA-1,0.000031,0.000031,0.000031,0.999908
AAATTGATAGTCCTTT-1,0.000109,0.000109,0.000109,0.999673
AAATTGCGGCGGTTCT-1,0.000253,0.000253,0.000253,0.99924
AAATTGGTGAGAAGCA-1,0.000028,0.000028,0.018537,0.981407
AAATTTGCGGGTGTGG-1,0.000174,0.000174,0.000174,0.999478
AACAACTGGTAGTTGC-1,0.000034,0.000034,0.000034,0.999898
AACAATTACTCTACGC-1,0.000025,0.000025,0.000025,0.999926
AACACACGCTCGCCGC-1,0.00002,0.00002,0.00002,0.999941
AACACGACTGTACTGA-1,0.000099,0.000099,0.000099,0.999703
AACACGAGACGCGGCC-1,0.000092,0.000092,0.000092,0.999723
AACACGCGGCCGCGAA-1,0.000101,0.000101,0.116927,0.882871
AACAGGAAATCGAATA-1,0.000092,0.000092,0.000092,0.999723
AACAGGATGGGCCGCG-1,0.000012,0.000012,0.000012,0.999964
AACAGGTAGTATGGAT-1,0.000038,0.000038,0.043275,0.956649
AACATATCAACTGGTG-1,0.000045,0.000045,0.000045,0.999865
AACATCGATACGTCTA-1,0.000025,0.000025,0.031059,0.968891
AACATTGGTCAGCCGT-1,0.000152,0.000152,0.638716,0.36098
AACCAAGACTTCTCTG-1,0.000027,0.000027,0.000027,0.999919
AACCATGGGATCGCTA-1,0.00005,0.00005,0.010983,0.988918
AACCCAGAGACGGAGA-1,0.000035,0.000035,0.000035,0.999894
AACCCATCCCATGATC-1,0.000166,0.000166,0.000166,0.999502
AACCCGAGCAGAATCG-1,0.00008,0.00008,0.098285,0.901554
AACCCTACTGTCAATA-1,0.000046,0.000046,0.000046,0.999861
AACCCTGGTGGAACCA-1,0.000061,0.000061,0.12633,0.873548
AACCGAGCTTGGTCAT-1,0.000059,0.000059,0.020031,0.979851
AACCGCTAAGGGATGC-1,0.000064,0.000064,0.000064,0.999807
AACCGTTGTGTTTGCT-1,0.000119,0.000119,0.000119,0.999644
AACCTCGCTTTAGCCC-1,0.000073,0.000073,0.024848,0.975007
AACCTGTCACGGAATT-1,0.000037,0.000037,0.000037,0.999889
AACCTTTAAATACGGT-1,0.000037,0.000037,0.011934,0.987991
AACCTTTACGACGTCT-1,0.000342,0.000342,0.000342,0.998975
AACGACCTCCTAGCCG-1,0.000332,0.000332,0.175284,0.824051
AACGATAATGCCGTAG-1,0.000024,0.000024,0.028917,0.971036
AACGATAGAAGGGCCG-1,0.000126,0.000126,0.027793,0.971956
AACGCATGATCTGGGT-1,0.000044,0.000044,0.000044,0.999867
AACGCGAACGGCAACA-1,0.000085,0.000085,0.012474,0.987356
AACGCGGTCTCCAGCC-1,0.000218,0.000218,0.339779,0.659786
AACGCTGTTGCTGAAA-1,0.000033,0.000033,0.137518,0.862416
AACGGACGTACGTATA-1,0.000031,0.000031,0.016303,0.983635
AACGGCCATCTCCGGT-1,0.000051,0.000051,0.000051,0.999846
AACGTACTGTGGGTAC-1,0.000086,0.000086,0.000086,0.999742
AACGTAGTCTACCCAT-1,0.00011,0.00011,0.351096,0.648685
AACGTCAGACTAGTGG-1,0.000058,0.000058,0.000058,0.999826
AACGTCGCTGCACTTC-1,0.00019,0.00019,0.00019,0.999429
AACGTGCGAAAGTCTC-1,0.000031,0.000031,0.028531,0.971407
AACGTTATCAGCACCT-1,0.000101,0.000101,0.000101,0.999696
AACTACCCGTTTGTCA-1,0.000052,0.000052,0.000052,0.999843
AACTAGCGTATCGCAC-1,0.000202,0.000202,0.50487,0.494726
AACTAGGCTTGGGTGT-1,0.00009,0.00009,0.623576,0.376244
AACTCAAGTTAATTGC-1,0.000023,0.000023,0.000023,0.999931
AACTCCAGAGCGTGTT-1,0.000159,0.000159,0.119427,0.880255
AACTCGATAAACACGT-1,0.000059,0.000059,0.458225,0.541658
AACTCGATGGCGCAGT-1,0.00003,0.00003,0.00003,0.99991
AACTCTCAATAGAGCG-1,0.000059,0.000059,0.000059,0.999824
AACTCTCAGTGTGCTC-1,0.000104,0.000104,0.000104,0.999689
AACTGAGTTATACTGA-1,0.000045,0.000045,0.022328,0.977581
AACTGATATTAGGCCT-1,0.00006,0.00006,0.00006,0.999819
AACTGGGTCCCGACGT-1,0.000031,0.000031,0.000031,0.999908
AACTGGTGTGGGCCTT-1,0.000305,0.000305,0.000305,0.999084
AACTTCTGCGTCTATC-1,0.000035,0.000035,0.000035,0.999894
AACTTGCCCGTATGCA-1,0.000031,0.000031,0.000031,0.999907
AACTTGCGTTCTCGCG-1,0.000083,0.000083,0.000083,0.99975
AACTTTACGGGAGCTT-1,0.000083,0.000083,0.000083,0.999751
AACTTTAGCTGCTGAG-1,0.000405,0.000405,0.013173,0.986018
AACTTTCTCGATCATG-1,0.000042,0.000042,0.000042,0.999873
AAGAAATCACCAGATT-1,0.000032,0.000032,0.000032,0.999903
AAGAAGGATCAGTTAG-1,0.000048,0.000048,0.035553,0.964351
AAGACATACGTGGTTT-1,0.000147,0.000147,0.462404,0.537302
AAGACTAACCCGTTGT-1,0.000154,0.000154,0.622574,0.377118
AAGACTGCAAGCTACT-1,0.00009,0.00009,0.011246,0.988574
AAGAGATGAATCGGTA-1,0.000061,0.000061,0.000061,0.999816
AAGAGCTCTTTATCGG-1,0.000014,0.000014,0.000014,0.999957
AAGAGGATGTACGCGA-1,0.00004,0.00004,0.00004,0.999879
AAGAGGCATGGATCGC-1,0.000102,0.000102,0.000102,0.999694
AAGAGGCCCTTTGGAA-1,0.000146,0.000146,0.133281,0.866426
AAGATTGGCGGAACGT-1,0.000042,0.000042,0.000042,0.999874
AAGCACCCTGCGTATC-1,0.000043,0.000043,0.018348,0.981565
AAGCATACTCTCCTGA-1,0.000075,0.000075,0.000075,0.999774
AAGCCGAAGCGGTTTA-1,0.000038,0.000038,0.000038,0.999885
AAGCCGCTTTACCTTG-1,0.000042,0.000042,0.000042,0.999874
AAGCCGGAGAGCAGGA-1,0.000271,0.000271,0.000271,0.999188
AAGCGCAGGGCTTTGA-1,0.000017,0.000017,0.000017,0.99995
AAGCTAGATCGAGTAA-1,0.000044,0.000044,0.000044,0.999869
AAGCTCGTGCCAAGTC-1,0.000065,0.000065,0.000065,0.999805
AAGCTCTTTCATGGTG-1,0.000048,0.000048,0.000048,0.999857
AAGGAGAACTTATAAG-1,0.000027,0.000027,0.059721,0.940225
AAGGAGCGGTTGGTGC-1,0.000072,0.000072,0.000072,0.999784
AAGGATCGATCGCTTG-1,0.000041,0.000041,0.000041,0.999877
AAGGATGAGGGACCTC-1,0.000061,0.000061,0.000061,0.999817
AAGGCAGGCTGTCTCC-1,0.000032,0.000032,0.000032,0.999904
AAGGCGCGTAAAGCTT-1,0.000042,0.000042,0.059867,0.94005
AAGGCTGTGCTCATCG-1,0.00007,0.00007,0.00007,0.999789
AAGGGACAGATTCTGT-1,0.000071,0.000071,0.015106,0.984753
AAGGTGATAAACCAGC-1,0.000051,0.000051,0.000051,0.999847
AAGTAAGCTTCCAAAC-1,0.000026,0.000026,0.823831,0.176117
AAGTAGAAGACCGGGT-1,0.000035,0.000035,0.035575,0.964354
AAGTAGTGACGCGAGG-1,0.000029,0.000029,0.000029,0.999914
AAGTCAATTGTCGTCA-1,0.000021,0.000021,0.002757,0.997202
AAGTCTAGTAGCTGCC-1,0.000028,0.000028,0.000028,0.999915
AAGTCTTCTGTGGCCT-1,0.000187,0.000187,0.114869,0.884758
AAGTGACGACCGAATT-1,0.000069,0.000069,0.000069,0.999793
AAGTGCAAAGGTAGAC-1,0.00009,0.00009,0.128776,0.871043
AAGTGCCTTGACTGTA-1,0.000057,0.000057,0.010094,0.989792
AAGTGCGTTAGAATCT-1,0.000085,0.000085,0.000085,0.999746
AAGTGTTTGGAGACGG-1,0.000036,0.000036,0.025608,0.97432
AAGTTCACTCCAAGCT-1,0.000112,0.000112,0.000112,0.999664
AAGTTCAGTCTGCGTA-1,0.000042,0.000042,0.000042,0.999873
AAGTTCGGCCAACAGG-1,0.000054,0.000054,0.000054,0.999839
AAGTTGTGATGTTATA-1,0.000216,0.000216,0.000216,0.999352
AAGTTTACTAATGGCA-1,0.000103,0.000103,0.000103,0.999691
AAGTTTATGGGCCCAA-1,0.000091,0.000091,0.000091,0.999728
AATAACAACGCTCGGC-1,0.000008,0.000008,0.000008,0.999975
AATAACACTAGAACAA-1,0.000035,0.000035,0.000035,0.999896
AATAAGTCCTCGAGAC-1,0.000052,0.000052,0.100113,0.899782
AATAATCTTCGTATCG-1,0.000121,0.000121,0.000121,0.999637
AATACAATGTTTCAGG-1,0.000016,0.000016,0.000016,0.999952
AATACCTGATGTGAAC-1,0.000042,0.000042,0.002829,0.997087
AATAGAATCTGTTTCA-1,0.000115,0.000115,0.037653,0.962116
AATAGCTACCGCGTGC-1,0.000018,0.000018,0.000018,0.999945
AATAGTCGCGAGTCGG-1,0.000151,0.000151,0.000151,0.999546
AATATCAAGGTCGGAT-1,0.000122,0.000122,0.052833,0.946924
AATATCCTAGCAAACT-1,0.000042,0.000042,0.894693,0.105223
AATATCGAATCAATGC-1,0.000015,0.000015,0.000015,0.999956
AATATCGAGGGTTCTC-1,0.000059,0.000059,0.152536,0.847346
AATATTGGAGTATTGA-1,0.000047,0.000047,0.000047,0.999858
AATCAGACTGCAGGAC-1,0.000331,0.000331,0.000331,0.999008
AATCATGTAAAGACTC-1,0.000063,0.000063,0.000063,0.999811
AATCCAAGGGCCTGAG-1,0.000154,0.000154,0.219621,0.780072
AATCCATGCAAGGGTG-1,0.000168,0.000168,0.000168,0.999495
AATCGCCTCAGCGCCA-1,0.000038,0.000038,0.006183,0.993741
AATCGCGCAGAGGACT-1,0.000016,0.000016,0.000016,0.999951
AATCGGGACACTACGA-1,0.000091,0.000091,0.000218,0.999601
AATCGGTATAGCCCTC-1,0.000233,0.000233,0.000233,0.999302
AATCGTGAGCCGAGCA-1,0.000108,0.000108,0.039245,0.960538
AATCTAGGTTTACTTG-1,0.000074,0.000074,0.000074,0.999778
AATCTATGCCGGAGCC-1,0.000051,0.000051,0.000051,0.999847
AATCTCTACTGTGGTT-1,0.000067,0.000067,0.000067,0.9998
AATCTGCGTTGGGACG-1,0.000065,0.000065,0.000065,0.999806
AATCTGGCTTTCTAGT-1,0.000051,0.000051,0.013176,0.986721
AATGACAGCAATGTCT-1,0.000156,0.000156,0.000156,0.999531
AATGACGTAGGATGTC-1,0.000064,0.000064,0.067105,0.932768
AATGACTGTCAGCCGG-1,0.000059,0.000059,0.000059,0.999822
AATGAGTTCGCATATG-1,0.000064,0.000065,0.000065,0.999806
AATGATGATACGCTAT-1,0.000079,0.000079,0.000079,0.999763
AATGATGCGACTCCTG-1,0.000049,0.000049,0.024754,0.975148
AATGCAACCGGGTACC-1,0.000059,0.000059,0.000059,0.999823
AATGCACCAAGCAATG-1,0.000142,0.000142,0.081917,0.917799
AATGGTCCACCGTTCA-1,0.00006,0.00006,0.005212,0.994668
AATGGTTCTCACAAGC-1,0.000223,0.000223,0.000223,0.999332
AATGTTGTCGTGAGAC-1,0.00007,0.00007,0.974781,0.025079
AATTAAAGGTCGGCGT-1,0.000048,0.000048,0.031573,0.968332
AATTAACGGATTTCCA-1,0.000045,0.000045,0.01821,0.9817
AATTACTCGTACGCTC-1,0.000374,0.000374,0.000374,0.998879
AATTAGCGCTGCAGCG-1,0.000019,0.000019,0.013055,0.986908
AATTCATAAGGGATCT-1,0.000063,0.000063,0.085708,0.914166
AATTCCAACTTGGTGA-1,0.000111,0.000111,0.641043,0.358736
AATTCCAAGCATGTAC-1,0.000228,0.000228,0.113451,0.886092
AATTCGATTCGAGGAT-1,0.00005,0.00005,0.00005,0.999849
AATTCTAGAGTTAGGC-1,0.000054,0.000054,0.000054,0.999838
AATTGAACGCTCTGGT-1,0.000067,0.000067,0.000067,0.999798
AATTGCAGCAATCGAC-1,0.000081,0.000081,0.604611,0.395227
AATTGTGGTTGCCAAA-1,0.000382,0.000382,0.000382,0.998853
AATTTGGTTCCAAAGA-1,0.000069,0.000069,0.068402,0.93146
ACAAACCGACAAGGCG-1,0.000136,0.000136,0.103739,0.895989
ACAAAGAAGGTAGGCC-1,0.000249,0.000249,0.000249,0.999254
ACAAAGCATGACCTAG-1,0.000052,0.000052,0.104448,0.895449
ACAAATCGCACCGAAT-1,0.000124,0.000124,0.000124,0.999627
ACAAATGGTAGTGTTT-1,0.000056,0.000056,0.000056,0.999832
ACAACGGTCCCTGCGA-1,0.000052,0.000052,0.000052,0.999845
ACAAGCAGTGCCTAGC-1,0.000055,0.000055,0.000055,0.999835
ACAAGCTATATGGAAG-1,0.000092,0.000092,0.430083,0.569734
ACAAGGAAATCCGCCC-1,0.000104,0.000104,0.000104,0.999689
ACAAGGACAAGAGGTT-1,0.000059,0.000059,0.000059,0.999823
ACAAGGATGCTTTAGG-1,0.000439,0.000439,0.000439,0.998684
ACAAGGGCAGGCTCTG-1,0.00005,0.00005,0.064796,0.935105
ACAATAGTCGTACGTT-1,0.000131,0.000131,0.004386,0.995353
ACAATCCATTTAAACC-1,0.000046,0.000046,0.020985,0.978922
ACAATCGATCTTTATA-1,0.000028,0.000028,0.148685,0.85126
ACAATTGTGTCTCTTT-1,0.000032,0.000032,0.030167,0.96977
ACAATTTAGGAGGCTC-1,0.00007,0.00007,0.00007,0.99979
ACAATTTGAGCAGTGG-1,0.000211,0.000211,0.000211,0.999367
ACAATTTGGCCATATT-1,0.000041,0.000041,0.000041,0.999878
ACACAAAGACGGGTGG-1,0.000093,0.000093,0.000093,0.999722
ACACAAATATTCCTAG-1,0.00004,0.00004,0.012058,0.987862
ACACACCAGGACCAGT-1,0.00005,0.00005,0.02033,0.97957
ACACACTTTCTACACG-1,0.000096,0.000096,0.000096,0.999711
ACACATTGACGCAACA-1,0.000098,0.000098,0.135444,0.86436
ACACATTTCCGTAGAC-1,0.000062,0.000062,0.026835,0.973041
ACACCACATAATTAGC-1,0.000023,0.000023,0.000023,0.99993
ACACCCAGCATGCAGC-1,0.00004,0.00004,0.00004,0.999879
ACACCCGAGAAATCCG-1,0.000065,0.000065,0.000065,0.999804
ACACCGAGCGCTCTTT-1,0.000095,0.000095,0.000095,0.999716
ACACCTTAAGTAGGGC-1,0.00008,0.00008,0.00008,0.999761
ACACCTTACTACTTGC-1,0.00002,0.00002,0.00002,0.999939
ACACGGCACTATGCAT-1,0.000034,0.000034,0.929612,0.070321
ACACGTAGGCCACAAG-1,0.000099,0.000099,0.029268,0.970535
ACACTCCAATGTCACT-1,0.000053,0.000053,0.000053,0.999841
ACACTGGGACAGTCGT-1,0.000064,0.000064,0.036504,0.963368
ACAGAACTGAGAACAA-1,0.000053,0.000053,0.000053,0.999842
ACAGATTAGGTTAGTG-1,0.000055,0.000055,0.000055,0.999836
ACAGCATAGAGCCAGT-1,0.000097,0.000097,0.123653,0.876153
ACAGCGACATTCTCAT-1,0.000213,0.000213,0.196068,0.803505
ACAGGAGGCGCAGCCG-1,0.000134,0.000134,0.454121,0.54561
ACAGGCACGGATCCTT-1,0.00009,0.00009,0.00009,0.99973
ACAGGCTTGCCCGACT-1,0.000053,0.000053,0.000053,0.999841
ACAGGTGGAGGTGAGG-1,0.000056,0.000056,0.000056,0.999832
ACAGGTGTGTTGTTGC-1,0.000216,0.000216,0.000216,0.999352
ACAGTAATACAACTTG-1,0.000074,0.000074,0.000074,0.999778
ACAGTATACCGTGGGA-1,0.000022,0.000022,0.067077,0.932879
ACATAATAAGGCGGTG-1,0.000078,0.000078,0.160247,0.839596
ACATCAGCTGGGACGC-1,0.000064,0.000064,0.000064,0.999807
ACATCCTGGTAACTGT-1,0.000058,0.000058,0.000058,0.999827
ACATCGGTCAGCCGCG-1,0.000055,0.000055,0.000055,0.999835
ACATCGTATGCAATGG-1,0.000068,0.000068,0.000068,0.999795
ACATCGTTAACCTAGT-1,0.000332,0.000332,0.000332,0.999004
ACATCTCAACGCGTAA-1,0.00005,0.00005,0.294476,0.705423
ACATGGCGCCAAAGTA-1,0.000047,0.000047,0.000047,0.99986
ACATGGCTCAATTTAG-1,0.000089,0.000089,0.225001,0.774821
ACATTAGTTTATATCC-1,0.000116,0.000116,0.000116,0.999653
ACATTTGAAACCTAAC-1,0.000031,0.000031,0.000031,0.999908
ACCAAACACCCAGCGA-1,0.000017,0.000017,0.013872,0.986095
ACCAAACTAGAAATCC-1,0.000059,0.000059,0.074705,0.925178
ACCAACACCACACACT-1,0.000023,0.000023,0.000023,0.99993
ACCAACCGCACTCCAC-1,0.000061,0.000061,0.755462,0.244416
ACCAAGAACGCGTGTC-1,0.000049,0.000049,0.106841,0.893061
ACCAAGTCATCGGCAG-1,0.000166,0.000166,0.165575,0.834093
ACCAATATGCAAGTTA-1,0.000094,0.000094,0.000094,0.999718
ACCACAAGTTTCTATC-1,0.000047,0.000047,0.000047,0.99986
ACCACACGGTTGATGG-1,0.00022,0.00022,0.00022,0.999339
ACCACCAATGTAACAA-1,0.000036,0.000036,0.000036,0.999892
ACCACCCTCTCTTCTA-1,0.000045,0.000045,0.000045,0.999864
ACCACGTGCAGCTATA-1,0.000156,0.000156,0.136109,0.863579
ACCACTGTTCAAGAAG-1,0.000129,0.000129,0.000129,0.999612
ACCAGACCATAACAAC-1,0.000216,0.000216,0.000216,0.999351
ACCAGCCCGGTCTTTG-1,0.000035,0.000035,0.006523,0.993406
ACCAGGAGTGTGATCT-1,0.000075,0.000075,0.000075,0.999776
ACCAGTGCGGGAGACG-1,0.000028,0.000028,0.000028,0.999915
ACCATATCCGCAATAA-1,0.000076,0.000076,0.000076,0.999771
ACCATCCGCCAACTAG-1,0.000086,0.000086,0.000086,0.999743
ACCATCGTATATGGTA-1,0.000044,0.000044,0.021497,0.978414
ACCATTAAGGGTGTCA-1,0.000152,0.000152,0.000152,0.999544
ACCCAACGCCCGTGGC-1,0.000054,0.000054,0.039752,0.960141
ACCCACCTACATGCTC-1,0.000052,0.000052,0.037979,0.961918
ACCCATCTTGAGGGTA-1,0.000071,0.000071,0.000071,0.999787
ACCCATTTGTCCCTCT-1,0.00021,0.00021,0.00021,0.999369
ACCCGGAAACTCCCAG-1,0.000054,0.000054,0.339565,0.660328
ACCCGGAGCACCACAA-1,0.000102,0.000102,0.000102,0.999695
ACCCGGATGACGCATC-1,0.000059,0.000059,0.000059,0.999824
ACCCGGTTACACTTCC-1,0.000092,0.000092,0.037812,0.962005
ACCCGTAGTCTAGTTG-1,0.000305,0.000305,0.138757,0.860633
ACCCTATAGGACTGAG-1,0.000029,0.000029,0.000684,0.999258
ACCCTCCCGTCAGGGC-1,0.000063,0.000063,0.102954,0.89692
ACCCTCCCTTGCTATT-1,0.000068,0.000068,0.734077,0.265787
ACCCTGGTAACGCCCT-1,0.000037,0.000037,0.000037,0.999888
ACCCTTCATCTGCGAA-1,0.000096,0.000096,0.000096,0.999712
ACCCTTGCCTGGGTCG-1,0.000039,0.000039,0.000039,0.999883
ACCGAAAGGGCCCTGC-1,0.00009,0.00009,0.00009,0.999729
ACCGACACATCTCCCA-1,0.000093,0.000093,0.000093,0.999722
ACCGACTGAGTCCCAC-1,0.000064,0.000064,0.000064,0.999808
ACCGAGTCTCCTTATT-1,0.000026,0.000026,0.000026,0.999922
ACCGATAGGCATAACC-1,0.000294,0.000294,0.000294,0.999117
ACCGATATTTAATCAT-1,0.000102,0.000102,0.044581,0.955215
ACCGATGGTAGCATCG-1,0.000076,0.000076,0.000076,0.999772
ACCGCAATAACTGCCT-1,0.000014,0.000014,0.009167,0.990805
ACCGCGGTGGAAGTCG-1,0.000032,0.000032,0.000032,0.999904
ACCGGGCCTTTGTTGA-1,0.00003,0.00003,0.063912,0.936028
ACCGTTCCCGCTCTGA-1,0.000131,0.000131,0.000131,0.999608
ACCTAAGTACCTTTCA-1,0.000075,0.000075,0.039954,0.959896
ACCTAATCGACTTCCT-1,0.000073,0.000073,0.000073,0.99978
ACCTACAGTATGTGGT-1,0.000034,0.000034,0.000034,0.999898
ACCTACTATAAATCTA-1,0.000218,0.000218,0.010877,0.988688
ACCTCCGCCCTCGCTG-1,0.00002,0.00002,0.00002,0.99994
ACCTCCGTTATTCACC-1,0.000029,0.000029,0.000029,0.999912
ACCTGCGTGTCATGTT-1,0.000073,0.000073,0.000073,0.999782
ACCTTTCCTTTAGAAG-1,0.00008,0.00008,0.00008,0.999761
ACGAAATGGGCGGCAC-1,0.000057,0.000057,0.01234,0.987545
ACGACCCATGAGTTGC-1,0.000256,0.000256,0.000256,0.999231
ACGACTCTAGGGCCGA-1,0.000025,0.000025,0.000025,0.999925
ACGAGAACCCATCACG-1,0.000185,0.000185,0.000185,0.999444
ACGAGGATACCACTCT-1,0.000034,0.000034,0.000034,0.999897
ACGAGTACGGATGCCC-1,0.000077,0.000077,0.047378,0.952468
ACGAGTCGCCGGCGTT-1,0.000153,0.000153,0.000153,0.999541
ACGATACCTATCCTGA-1,0.000229,0.000229,0.000229,0.999313
ACGATCATACATAGAG-1,0.000028,0.000028,0.02748,0.972464
ACGATCATCTTGTAAA-1,0.000048,0.000048,0.000048,0.999857
ACGATGCATATGTTAT-1,0.000061,0.000061,0.013465,0.986412
ACGATGGATCCGATGC-1,0.000034,0.000034,0.015252,0.984679
ACGCAATCACTACAGC-1,0.000071,0.000071,0.000071,0.999788
ACGCATACGTTTACTA-1,0.000054,0.000054,0.085791,0.914101
ACGCATTCGTGAGTAC-1,0.000018,0.000018,0.000018,0.999946
ACGCCACTCGAAACAG-1,0.000129,0.000129,0.000129,0.999612
ACGCCAGATGATTTCT-1,0.000147,0.000147,0.000147,0.99956
ACGCCAGTGCGTTTGC-1,0.000054,0.000054,0.152247,0.847645
ACGCCCAGCTGTCGAT-1,0.000037,0.000037,0.000037,0.999889
ACGCCGCTAGACGACC-1,0.000041,0.000041,0.096142,0.903776
ACGCCTGACACGCGCT-1,0.00003,0.00003,0.130844,0.869095
ACGCGCTACACAGGGT-1,0.000073,0.000073,0.000073,0.99978
ACGCGGGCCAAGGACA-1,0.000024,0.000024,0.028626,0.971325
ACGCGTTTCTTAAGAG-1,0.000117,0.000117,0.000117,0.99965
ACGCTACTGAATGGGC-1,0.000192,0.000192,0.209658,0.789959
ACGCTAGTGATACACT-1,0.000069,0.000069,0.000069,0.999792
ACGCTGTGAGGCGTAG-1,0.000021,0.000021,0.002324,0.997634
ACGGAACACGAGTGCC-1,0.000035,0.000035,0.034256,0.965675
ACGGAATTTAGCAAAT-1,0.000035,0.000035,0.11659,0.883341
ACGGACTCTCAAAGCG-1,0.000064,0.000064,0.003962,0.99591
ACGGAGCGCAAATTAC-1,0.00004,0.00004,0.00004,0.999879
ACGGATGGTGCGGATA-1,0.000057,0.000057,0.000057,0.999829
ACGGCGACGATGGGAA-1,0.00012,0.00012,0.095138,0.904622
ACGGCGGGTTGCCCTG-1,0.000119,0.000119,0.000119,0.999642
ACGGGAGTGTCGGCCC-1,0.000062,0.000062,0.015812,0.984063
ACGGGCGTATGCGACA-1,0.000025,0.000025,0.000025,0.999925
ACGGGTCATGTGACTT-1,0.000113,0.000113,0.000113,0.999661
ACGGTACAGTTCAATG-1,0.000029,0.000029,0.000029,0.999913
ACGTACAGATTTCTCT-1,0.000105,0.000105,0.100666,0.899123
ACGTAGATTGCTGATG-1,0.000113,0.000113,0.000619,0.999154
ACGTAGGAGAGTCGCT-1,0.000251,0.000251,0.000251,0.999247
ACGTATTACTCCGATC-1,0.000073,0.000073,0.126186,0.873669
ACGTCCTAAACGAGAT-1,0.000032,0.000032,0.017984,0.981953
ACGTCTCGTTCCGGGA-1,0.000297,0.000297,0.084141,0.915266
ACGTGACAAAGTAAGT-1,0.00005,0.00005,0.026147,0.973753
ACGTGCGCCTCGTGCA-1,0.000103,0.000103,0.033244,0.966551
ACGTGGTCGAATGTGC-1,0.000158,0.000158,0.071786,0.927898
ACGTTAATGTCGAAGA-1,0.000066,0.000066,0.064321,0.935547
ACGTTAGATTTGCCCG-1,0.000049,0.000049,0.000049,0.999852
ACGTTATTGGTCACTC-1,0.000024,0.000024,0.000024,0.999928
ACGTTCCGCGCTCCGT-1,0.000096,0.000096,0.072058,0.927751
ACGTTCGCAATCAATT-1,0.000021,0.000021,0.000021,0.999937
ACGTTCTGTACAAGTC-1,0.000093,0.000093,0.520195,0.479619
ACGTTTAGTTGTGATC-1,0.000037,0.000037,0.025055,0.974872
ACGTTTCGGTGCACTT-1,0.000237,0.000237,0.238088,0.761439
ACTACCAGCTCTCTGG-1,0.00005,0.00005,0.00005,0.99985
ACTAGTTGCGATCGTC-1,0.00003,0.00003,0.00003,0.999909
ACTATCCAGGGCATGG-1,0.000017,0.000017,0.000017,0.99995
ACTATCGCCGGCTAAA-1,0.000157,0.000157,0.000157,0.999528
ACTATCTGCCCGCGTA-1,0.000042,0.000042,0.013564,0.986351
ACTATTCGTCCGTGGT-1,0.000168,0.000168,0.019866,0.979798
ACTCAACGAATGTATT-1,0.000216,0.000216,0.171878,0.82769
ACTCAAGTGCAAGGCT-1,0.000352,0.000352,0.000352,0.998945
ACTCAATAAAGGCACG-1,0.000249,0.000249,0.038477,0.961026
ACTCAGACCTGCTTCT-1,0.000091,0.000091,0.092025,0.907794
ACTCCCATTCCTAAAG-1,0.000089,0.000089,0.000089,0.999733
ACTCCCGAATTCGTTT-1,0.000075,0.000075,0.000075,0.999775
ACTCCCGTAGACTAGG-1,0.000052,0.000052,0.000052,0.999844
ACTCCCTAATGCTAAA-1,0.00007,0.00007,0.00007,0.99979
ACTCCCTAGAATAGTA-1,0.000033,0.000033,0.004565,0.99537
ACTCCGGCCGACCACT-1,0.000029,0.000029,0.000029,0.999913
ACTCGATGTATTTCAT-1,0.000097,0.000097,0.000097,0.999709
ACTCGCCGTTCGATAA-1,0.000117,0.000117,0.83291,0.166856
ACTCGCGATCTGACGC-1,0.000054,0.000054,0.000054,0.999838
ACTCGTAACCCGTCCT-1,0.000078,0.000078,0.000078,0.999765
ACTCGTCAGTAATCCC-1,0.000015,0.000015,0.000015,0.999954
ACTCTAAACCTGGGAT-1,0.00011,0.00011,0.00011,0.99967
ACTCTCTGACTTAGGT-1,0.000055,0.000055,0.000055,0.999834
ACTCTGACCTAATAGA-1,0.000128,0.000128,0.380395,0.619349
ACTCTTCAGCTCCCGC-1,0.000043,0.000043,0.000043,0.999871
ACTCTTGTATAGTAAC-1,0.000113,0.000113,0.000113,0.99966
ACTGAAACGCCGTTAG-1,0.000092,0.000092,0.000092,0.999723
ACTGAATGGCGAAAGT-1,0.000143,0.000143,0.0846,0.915114
ACTGCCGTCGTAACTC-1,0.000239,0.000239,0.073162,0.926359
ACTGCGGACACACCGT-1,0.000028,0.000028,0.000028,0.999915
ACTGCTCGGAAGGATG-1,0.000028,0.000028,0.002531,0.997412
ACTGTAGCACTTTGGA-1,0.000065,0.000065,0.000065,0.999805
ACTGTATACGCGAGCA-1,0.000152,0.000152,0.000152,0.999545
ACTGTCCAGGATTATA-1,0.000068,0.000068,0.000068,0.999796
ACTGTCTTCTTTAGAA-1,0.000023,0.000023,0.000023,0.99993
ACTGTGCTAGTAGATC-1,0.000078,0.000078,0.000078,0.999766
ACTGTTTAGTGTAGGC-1,0.00012,0.00012,0.00012,0.99964
ACTTACGCATCCACGC-1,0.000109,0.000109,0.000109,0.999673
ACTTAGTACGACAAGA-1,0.000024,0.000024,0.000024,0.999927
ACTTATACTTACCCGG-1,0.000027,0.000027,0.000027,0.999919
ACTTATCTGATCTATA-1,0.000179,0.000179,0.042705,0.956936
ACTTATTAGGATCGGT-1,0.000058,0.000058,0.000058,0.999826
ACTTATTTATGTGCCA-1,0.000046,0.000046,0.053371,0.946536
ACTTCAGGCTGATCCC-1,0.000078,0.000078,0.000078,0.999765
ACTTCCATGCGGGACA-1,0.000163,0.000163,0.000163,0.99951
ACTTCGCTAGCGAGTG-1,0.000047,0.000047,0.000047,0.99986
ACTTGACTCCCTCTTT-1,0.000029,0.000029,0.024102,0.97584
ACTTGCCATATTGTAC-1,0.000119,0.000119,0.000119,0.999642
ACTTGGGACCCGGTGG-1,0.000056,0.000056,0.000056,0.999833
ACTTGTAGTCCCTTCA-1,0.000173,0.000173,0.000173,0.999482
ACTTGTGGATGGAACG-1,0.000006,0.000006,0.000006,0.999983
ACTTTACCCTCATGAA-1,0.000027,0.000027,0.000027,0.99992
ACTTTCCTATAGCTTC-1,0.000049,0.000049,0.000049,0.999852
ACTTTGACTGCATCCT-1,0.000066,0.000066,0.000066,0.999803
ACTTTGTCGACGCACT-1,0.000155,0.000155,0.000155,0.999536
AGAAATTATGACTCGC-1,0.000031,0.000031,0.027258,0.972681
AGAACCCAGCGTGACA-1,0.00004,0.00004,0.00004,0.999881
AGAACTGTACTTTGTA-1,0.000105,0.000105,0.028498,0.971291
AGAAGAGCGCCGTTCC-1,0.000809,0.000809,0.000809,0.997573
AGAAGGTACACTTCAC-1,0.000079,0.000079,0.018572,0.98127
AGAAGGTTGCCGAATT-1,0.000084,0.000084,0.000084,0.999749
AGAAGGTTGTAGGTCG-1,0.000031,0.000031,0.000031,0.999907
AGAAGTGATTCGTGAT-1,0.000108,0.000108,0.000108,0.999675
AGAATAAATCTTCAGG-1,0.000046,0.000046,0.000046,0.999861
AGAATTATGGATTCGA-1,0.000039,0.000039,0.000039,0.999882
AGAATTGTTTGACATA-1,0.000076,0.000076,0.000076,0.999772
AGACAGCTCAGAATCC-1,0.000118,0.000118,0.000118,0.999646
AGACAGGCATCTCAGC-1,0.000096,0.000096,0.000096,0.999711
AGACATAGATCCTTCC-1,0.000244,0.000244,0.263613,0.735898
AGACCAAACCACACCT-1,0.000064,0.000064,0.000064,0.999809
AGACCATGGGATACAA-1,0.000049,0.000049,0.028658,0.971244
AGACCCACCGCTGATC-1,0.000041,0.000041,0.000041,0.999878
AGACCCGCCCTCCTCG-1,0.000071,0.000071,0.000071,0.999787
AGACCGCTCCGCGGTT-1,0.000052,0.000052,0.000052,0.999843
AGACCGGGAAACCCTG-1,0.000073,0.000073,0.000073,0.999782
AGACGAAGTGCCGGTC-1,0.000016,0.000016,0.000016,0.999951
AGACGACGATGCCGCT-1,0.000059,0.000059,0.029597,0.970284
AGACGCCCACTTCGCC-1,0.00003,0.00003,0.00003,0.99991
AGACTAGCCTTCCAGA-1,0.000058,0.000058,0.031691,0.968192
AGAGAACCGTCTAGGA-1,0.000037,0.000037,0.000037,0.999889
AGAGATCTCTAAAGCG-1,0.000059,0.000059,0.020954,0.978928
AGAGCAGTTATGAGAC-1,0.000094,0.000094,0.000094,0.999717
AGAGCCGCCGAGATTT-1,0.000202,0.000202,0.000202,0.999393
AGAGCGCTTGTAACGG-1,0.000034,0.000034,0.000034,0.999899
AGAGCGGGCTAATCAT-1,0.000042,0.000042,0.000042,0.999874
AGAGCGTACAAGCTCG-1,0.000064,0.000064,0.000064,0.999808
AGAGCTACGAAAGCAT-1,0.00009,0.00009,0.00009,0.999731
AGAGGCTTCGGAAACC-1,0.000055,0.000055,0.000055,0.999836
AGAGGTATCTCGGTCC-1,0.000103,0.000103,0.000103,0.999691
AGAGTAAACTTCACTA-1,0.000033,0.000033,0.000033,0.9999
AGAGTATAGTGTTACG-1,0.000075,0.000075,0.00603,0.99382
AGATAACTTCAGGGCC-1,0.00007,0.00007,0.00007,0.999791
AGATACCAATAGAACC-1,0.000115,0.000115,0.274288,0.725482
AGATACCAGCACTTCA-1,0.000041,0.000041,0.000041,0.999878
AGATACCGGTGTTCAC-1,0.000104,0.000104,0.000104,0.999689
AGATACGACTTCATAT-1,0.000046,0.000046,0.000046,0.999861
AGATACTCAAGATCGA-1,0.000078,0.000078,0.000078,0.999765
AGATATAATACGACTA-1,0.000058,0.000058,0.001009,0.998876
AGATCGTGCATAAGAT-1,0.000048,0.000048,0.025713,0.974191
AGATGACTCGCCCACG-1,0.000135,0.000135,0.382023,0.617707
AGATGATGGAGTCTGG-1,0.000061,0.000061,0.000061,0.999818
AGATGCATCCTGTGTC-1,0.000252,0.000252,0.000252,0.999245
AGATGCTATAACGAGC-1,0.000144,0.000144,0.210528,0.789183
AGATTATAGGACGTTT-1,0.000099,0.000099,0.045119,0.954683
AGATTCACAACCGATA-1,0.000071,0.000071,0.000071,0.999786
AGCAAAGGCCGCTAGT-1,0.000048,0.000048,0.073485,0.92642
AGCAACATATCTTATT-1,0.000035,0.000035,0.037055,0.962875
AGCACCAGTACTCACG-1,0.00008,0.00008,0.015634,0.984205
AGCACTACCGGCCTGT-1,0.00008,0.00008,0.00008,0.99976
AGCACTACCTCACCAG-1,0.000045,0.000045,0.000045,0.999865
AGCACTTAAGGACGCC-1,0.000046,0.000046,0.000046,0.999863
AGCAGAAGGAGAAAGA-1,0.000051,0.000051,0.054206,0.945691
AGCAGTCGAAGCATGC-1,0.000093,0.000093,0.025312,0.974503
AGCATATCAATATGCT-1,0.000028,0.000028,0.013601,0.986343
AGCATCATTTCGAAAG-1,0.000055,0.000055,0.000055,0.999834
AGCATCGTCGATAATT-1,0.000078,0.000078,0.332053,0.66779
AGCATTACGAGGCAAG-1,0.000165,0.000165,0.464976,0.534693
AGCCAAGCTTTGTGTC-1,0.000125,0.000125,0.000125,0.999625
AGCCACAGGTTACCCG-1,0.00034,0.00034,0.00034,0.99898
AGCCATATAGTATGTG-1,0.000078,0.000078,0.022153,0.977691
AGCCCATACATGTAAG-1,0.000029,0.000029,0.000029,0.999912
AGCCCGCACTACAATG-1,0.000186,0.000186,0.000186,0.999442
AGCCCTAAGCGAAGTT-1,0.000044,0.000044,0.000044,0.999869
AGCCCTGTCGCACCGT-1,0.000043,0.000043,0.000043,0.999871
AGCCCTTCTAATCCGA-1,0.000044,0.000044,0.000044,0.999867
AGCCCTTGGACATCCC-1,0.000013,0.000013,0.000013,0.999961
AGCCGCAAATTCAAAT-1,0.000011,0.000011,0.000011,0.999967
AGCCGCTTGATTAGCG-1,0.000141,0.000141,0.000141,0.999578
AGCCGTGGCTAAATGT-1,0.000068,0.000068,0.000068,0.999797
AGCCTAATACCCACGT-1,0.000079,0.000079,0.000079,0.999763
AGCCTTAAAGCGGAAG-1,0.000106,0.000106,0.000106,0.999682
AGCGACAGGAACGGTC-1,0.00007,0.00007,0.00007,0.999791
AGCGACATCCCATTCA-1,0.00005,0.00005,0.038425,0.961475
AGCGACCAACGATATT-1,0.000071,0.000071,0.000071,0.999786
AGCGATGCGCCTAATA-1,0.000265,0.000265,0.000265,0.999206
AGCGCGGGTGCCAATG-1,0.000033,0.000033,0.000033,0.999901
AGCGCTAGAGCGATGT-1,0.00006,0.00006,0.00006,0.999821
AGCGGACACTTCGTAG-1,0.00031,0.00031,0.00031,0.999071
AGCGGCGGTTAGCGGT-1,0.000068,0.000068,0.000068,0.999797
AGCGGGAAGGGTCCAT-1,0.00003,0.00003,0.229426,0.770514
AGCGGGTCTGACACTC-1,0.000033,0.000033,0.041794,0.958139
AGCGGTTGCCGCTCTG-1,0.000045,0.000045,0.000045,0.999866
AGCGTACGAGAGCTAG-1,0.000139,0.000139,0.000139,0.999582
AGCGTAGCGCTAGACC-1,0.000213,0.000213,0.312124,0.687451
AGCGTCTGAACCCGCA-1,0.000175,0.000175,0.299888,0.699763
AGCGTGGTATTCTACT-1,0.000052,0.000052,0.027733,0.972162
AGCTAAGTACGCAGGC-1,0.000084,0.000084,0.000084,0.999747
AGCTAGAAGCAGAAGT-1,0.000048,0.000048,0.094438,0.905465
AGCTATTTAATCCAAC-1,0.000119,0.000119,0.000119,0.999643
AGCTCCATATATGTTC-1,0.00007,0.00007,0.118858,0.881003
AGCTCCTTCGCACATC-1,0.000138,0.000138,0.069784,0.929939
AGCTCGTTGATGGAAA-1,0.000033,0.000033,0.000033,0.999902
AGCTCTAGACGTTCCA-1,0.000032,0.000032,0.005508,0.994428
AGCTCTTCGTAACCTT-1,0.000039,0.000039,0.000039,0.999884
AGCTCTTTACTCAGTT-1,0.000068,0.000068,0.000068,0.999795
AGCTGTAACCTCAATC-1,0.00022,0.00022,0.024485,0.975074
AGCTTATAGAGACCTG-1,0.000269,0.000269,0.134944,0.864518
AGCTTCAATACTTTGA-1,0.000038,0.000038,0.094409,0.905516
AGCTTCTTCTCGAGCA-1,0.00008,0.00008,0.534172,0.465667
AGCTTGATCTTAACTT-1,0.000049,0.000049,0.000049,0.999852
AGGAAAGCCTCTGATG-1,0.000231,0.000231,0.000231,0.999307
AGGAACGAACGACTTC-1,0.000113,0.000113,0.012204,0.98757
AGGAAGCTGTCCGCCG-1,0.000224,0.000224,0.451587,0.547965
AGGACAGTCGAATCCC-1,0.000067,0.000067,0.000067,0.9998
AGGACATCGCACGTCG-1,0.00007,0.00007,0.00007,0.99979
AGGACATCGGCACACT-1,0.000552,0.000552,0.000552,0.998344
AGGACGACCCATTAGA-1,0.000067,0.000067,0.000067,0.9998
AGGACGCTCGATGTTG-1,0.000218,0.000218,0.000218,0.999347
AGGACTTATAGGAGAA-1,0.000115,0.000115,0.000115,0.999656
AGGAGACATCCACAGT-1,0.000042,0.000042,0.000042,0.999875
AGGAGAGTCTGGCTAC-1,0.000037,0.000037,0.000037,0.999888
AGGAGGCCTTCGCGCG-1,0.000023,0.000023,0.000023,0.999931
AGGATAAAGTCGGGAT-1,0.000152,0.000152,0.005762,0.993935
AGGATATAGGGATTTA-1,0.00005,0.00005,0.118831,0.881068
AGGATATCCGACTGCA-1,0.000049,0.000049,0.024943,0.974959
AGGATCACGCGATCTG-1,0.000086,0.000086,0.000086,0.999743
AGGATTGCTTACGACA-1,0.000046,0.000046,0.000046,0.999861
AGGCAAAGAGGAATCA-1,0.000093,0.000093,0.057124,0.942689
AGGCAATACGGAGGAC-1,0.00022,0.00022,0.00022,0.99934
AGGCACGTGACTGTCC-1,0.00007,0.00007,0.00007,0.999791
AGGCAGATGCGTAAAC-1,0.000055,0.000055,0.000055,0.999836
AGGCATTGTCGTAGGG-1,0.000028,0.000028,0.000028,0.999915
AGGCCACATTGGTTAC-1,0.000032,0.000032,0.000032,0.999903
AGGCCACCCGTTATGA-1,0.000064,0.000064,0.000064,0.999808
AGGCCCAGTGACTGGT-1,0.000151,0.000151,0.000151,0.999548
AGGCCCATTGTACAGG-1,0.000041,0.000041,0.011647,0.988272
AGGCCCTAGAACGCCA-1,0.000038,0.000038,0.000038,0.999886
AGGCCTGAGAATCTCG-1,0.000175,0.000175,0.181695,0.817956
AGGCGATAACTGGCGT-1,0.000033,0.000033,0.082453,0.917482
AGGCGTCTATGGACGG-1,0.000041,0.000041,0.000041,0.999878
AGGCTATGGTTAGCTT-1,0.000041,0.000041,0.000041,0.999876
AGGCTTCCCGAAGAAG-1,0.000062,0.000062,0.000062,0.999815
AGGCTTGCTAGACACC-1,0.000043,0.000043,0.000043,0.99987
AGGGACAGCACGGCGG-1,0.000104,0.000104,0.000104,0.999687
AGGGACCGGCTGCGTT-1,0.000039,0.000039,0.005945,0.993978
AGGGAGACATACTTCG-1,0.000024,0.000024,0.044767,0.955184
AGGGCAGCGGCGTGGT-1,0.000204,0.000204,0.488555,0.511037
AGGGCCCTAATGTTCT-1,0.00034,0.00034,0.00034,0.99898
AGGGCGAGCAGCTGAT-1,0.000076,0.000076,0.000076,0.999771
AGGGCGTGATCGGCTA-1,0.000036,0.000036,0.000036,0.999891
AGGGCTGCAGTTACAG-1,0.000202,0.000202,0.095409,0.904187
AGGGTCAGTAACCCTA-1,0.000041,0.000041,0.015109,0.984808
AGGGTCGATGCGAACT-1,0.000034,0.000034,0.000034,0.999897
AGGGTCTGGACGCAGT-1,0.000298,0.000298,0.184203,0.815201
AGGGTGCTCTCGAGGG-1,0.000053,0.000053,0.009748,0.990146
AGGGTGGATAGTGCAT-1,0.000059,0.000059,0.135746,0.864136
AGGGTTCCCTTTGGTT-1,0.000021,0.000021,0.000021,0.999936
AGGGTTTAGTTCGGGA-1,0.000043,0.000043,0.000043,0.999871
AGGTAACCTCCTATTC-1,0.000083,0.000083,0.003158,0.996676
AGGTACGATATTGCCA-1,0.000166,0.000166,0.191935,0.807732
AGGTAGGTACAAAGCT-1,0.000055,0.000055,0.000055,0.999836
AGGTATAATTGATAGT-1,0.000036,0.000036,0.000036,0.999891
AGGTATGCGGACATTA-1,0.000028,0.000028,0.000028,0.999916
AGGTCAGGTGAGAGTG-1,0.00009,0.00009,0.00009,0.99973
AGGTCGCCACTTCGGT-1,0.00009,0.00009,0.983766,0.016055
AGGTCGCCTCCCAACA-1,0.000245,0.000245,0.000245,0.999265
AGGTCGCGGAGTTACT-1,0.00003,0.00003,0.00003,0.999909
AGGTGCACGTCCACAT-1,0.000242,0.000242,0.000242,0.999275
AGGTGTATCGCCATGA-1,0.000049,0.000049,0.000049,0.999852
AGGTGTTGCCGACCAC-1,0.000399,0.000399,0.000399,0.998804
AGGTTACACCATGCCG-1,0.00004,0.00004,0.00004,0.999879
AGGTTTCACACACCTT-1,0.000238,0.000238,0.065455,0.934069
AGTAACTATAGCAGCC-1,0.000203,0.000203,0.000203,0.99939
AGTAATCTAAGGGTGG-1,0.000102,0.000102,0.000102,0.999695
AGTAATGTCTTGCCGC-1,0.000096,0.000096,0.01741,0.982399
AGTACAGAAGCTTATA-1,0.000066,0.000066,0.000066,0.999803
AGTACATCATTTATCA-1,0.000087,0.000087,0.000087,0.99974
AGTACGGCCCGTATCG-1,0.000061,0.000061,0.000061,0.999817
AGTACTCTTATGCCCA-1,0.000094,0.000094,0.075609,0.924203
AGTAGAAGGCGCCTCA-1,0.000041,0.000041,0.020873,0.979045
AGTAGCGTGAACGAAC-1,0.000044,0.000044,0.000044,0.999869
AGTAGGAAGGAAGTTG-1,0.000216,0.000216,0.000216,0.999351
AGTAGGTAACATACAT-1,0.000083,0.000083,0.001813,0.998021
AGTATAATACTAGGCA-1,0.000038,0.000038,0.000237,0.999687
AGTATCCATAATAACG-1,0.000138,0.000138,0.244736,0.754987
AGTCAACACCACCATC-1,0.000063,0.000063,0.000063,0.999812
AGTCAAGATGACACTT-1,0.000026,0.000026,0.000026,0.999921
AGTCACTAGCTCTCGA-1,0.000107,0.000107,0.000107,0.999679
AGTCACTCCGCCTCAT-1,0.000128,0.000128,0.069003,0.930741
AGTCAGCCACCGCCTG-1,0.000057,0.000057,0.000057,0.99983
AGTCCAGCGGGTACGT-1,0.000228,0.000228,0.010238,0.989307
AGTCCATTGGCTGATG-1,0.00007,0.00007,0.00007,0.999791
AGTCCCGCCTTTAATT-1,0.000136,0.000136,0.000136,0.999591
AGTCCCTCGCAGAAAG-1,0.000044,0.000044,0.000044,0.999867
AGTCGACGGTCTCAAG-1,0.000046,0.000046,0.000046,0.999863
AGTCGGCCCAAACGAC-1,0.000041,0.000041,0.000041,0.999877
AGTCGGCTCAACTTTA-1,0.000055,0.000055,0.000055,0.999834
AGTCGGTTGCGTGAGA-1,0.000035,0.000035,0.000035,0.999895
AGTCGTATAAAGCAGA-1,0.00004,0.00004,0.017971,0.981948
AGTCGTCGACCACCAA-1,0.000053,0.000053,0.187633,0.812261
AGTCGTGGGCATTACG-1,0.000082,0.000082,0.000082,0.999754
AGTCTAAAGTATACTC-1,0.000034,0.000034,0.000034,0.999897
AGTCTCACAAGACTAC-1,0.000082,0.000082,0.045682,0.954155
AGTCTGGACATCCTTG-1,0.000029,0.000029,0.057381,0.942562
AGTCTTCTCCTCAAAT-1,0.000062,0.000062,0.113969,0.885907
AGTCTTTAAAGTGTCC-1,0.000016,0.000016,0.017047,0.982922
AGTGAACAAACTTCTC-1,0.000033,0.000033,0.001908,0.998026
AGTGAAGATGGTGTCC-1,0.000037,0.000037,0.000037,0.999889
AGTGACCTACTTTACG-1,0.00007,0.00007,0.02207,0.977791
AGTGAGACTTCCAGTA-1,0.000042,0.000042,0.003118,0.996798
AGTGAGCCTCGCCGCC-1,0.000074,0.000074,0.000074,0.999777
AGTGAGTCGAATTAAC-1,0.00029,0.00029,0.16144,0.837979
AGTGATAACCTGCGCG-1,0.000116,0.000116,0.000116,0.999653
AGTGATATGAGTAGTT-1,0.000162,0.000162,0.000162,0.999514
AGTGATTCAAGCAGGA-1,0.000083,0.000083,0.016414,0.983421
AGTGCACGCTTAAGAA-1,0.000039,0.000039,0.000039,0.999884
AGTGCGTAGCTCGTAA-1,0.00009,0.00009,0.00009,0.99973
AGTGCTAAACACAGCA-1,0.000101,0.000101,0.522108,0.477691
AGTGCTTGCACGAATA-1,0.000071,0.000071,0.000071,0.999787
AGTGGCCCGCAAATGG-1,0.000063,0.000063,0.000063,0.999812
AGTGGCGGCAATTTGA-1,0.000037,0.000037,0.000037,0.99989
AGTGGCGTCTGAAGGT-1,0.000118,0.000118,0.000118,0.999647
AGTGGCTCCGTCGGCC-1,0.000075,0.000075,0.000075,0.999774
AGTGGGAGTATACACG-1,0.00029,0.00029,0.00029,0.999129
AGTGGTGTTACCCGTG-1,0.00005,0.00005,0.00005,0.999849
AGTGGTTGCGTATAGG-1,0.000202,0.000202,0.000202,0.999395
AGTGTATTGCGCATTG-1,0.000065,0.000065,0.000065,0.999804
AGTGTGCTAAGATCGC-1,0.000106,0.000106,0.000106,0.999682
AGTGTGGTCTATTGTG-1,0.000087,0.000087,0.000087,0.999738
AGTTAAACACTTGCGA-1,0.00009,0.00009,0.00009,0.99973
AGTTAAGTCAACCGCT-1,0.000099,0.000099,0.000099,0.999704
AGTTACCCTTAAGACT-1,0.000134,0.000134,0.000134,0.999597
AGTTACCGCACATGGT-1,0.000103,0.000103,0.000103,0.999691
AGTTATTGAAAGGTAA-1,0.000031,0.000031,0.041893,0.958044
AGTTCACCGGTTGGAC-1,0.00027,0.00027,0.00027,0.999191
AGTTCCTACAGAATTA-1,0.000049,0.000049,0.22772,0.772182
AGTTCCTATTTATGTT-1,0.00013,0.00013,0.00013,0.99961
AGTTCTGCGTTGTATC-1,0.000089,0.000089,0.000089,0.999734
AGTTGACATCGGCTGG-1,0.000041,0.000041,0.000041,0.999876
AGTTGACGGTCCTTGC-1,0.000111,0.000111,0.000111,0.999668
AGTTGCTGACTGATAT-1,0.000069,0.000069,0.000069,0.999793
AGTTGGCAAGGCTAGA-1,0.000148,0.000148,0.576519,0.423185
AGTTTATGTAAAGACA-1,0.000037,0.000037,0.000037,0.999888
AGTTTCGCAGGTCGGA-1,0.00014,0.00014,0.045161,0.954558
AGTTTGCACCTGCCTC-1,0.000108,0.000108,0.000108,0.999675
AGTTTGGCACGGGTTG-1,0.000046,0.000046,0.001223,0.998685
AGTTTGGCCAGACCTA-1,0.000141,0.000141,0.000141,0.999576
ATAAACCATTGGACGG-1,0.00008,0.00008,0.113997,0.885842
ATAAACGTTGCACCAC-1,0.000018,0.000018,0.010586,0.989379
ATAAAGGCTCGGTCGT-1,0.000079,0.000079,0.000079,0.999764
ATAAATATTAGCAGCT-1,0.000058,0.000058,0.064054,0.935831
ATAACGCCGGAGGGTC-1,0.000026,0.000026,0.010996,0.988951
ATAAGGTGGAGAACAT-1,0.000085,0.000085,0.000085,0.999745
ATAAGTAGGATTCAGA-1,0.000058,0.000058,0.000058,0.999826
ATAAGTAGGGCGACTC-1,0.000036,0.000036,0.000036,0.999892
ATAATACCGTTAGCCG-1,0.000072,0.000072,0.000072,0.999785
ATAATAGCTGTTGAAT-1,0.000111,0.000111,0.000111,0.999666
ATAATAGTGTAGGGAC-1,0.000029,0.000029,0.000029,0.999912
ATAATCTTGGAGAACC-1,0.000053,0.000053,0.050021,0.949874
ATAATTAGCTAAGTAG-1,0.000063,0.000063,0.013479,0.986395
ATACAGGCCCTCCAAT-1,0.000078,0.000078,0.010007,0.989837
ATACCACGGGCAACTT-1,0.000055,0.000055,0.000055,0.999834
ATACCAGCAAATTGCT-1,0.00008,0.00008,0.00008,0.999761
ATACCAGGCTAATAGA-1,0.000074,0.000074,0.000074,0.999777
ATACCAGGTGAGCGAT-1,0.000076,0.000076,0.000076,0.999773
ATACCCTGGCTCAAAT-1,0.000259,0.000259,0.000259,0.999224
ATACCGTCATCCATAA-1,0.000017,0.000017,0.011544,0.988422
ATACCTAACCAAGAAA-1,0.000166,0.000166,0.224048,0.77562
ATACGAAGGCTTTCCA-1,0.000013,0.000013,0.000013,0.99996
ATACGCCGATCTACCG-1,0.000164,0.000164,0.116517,0.883156
ATACGCCGGCGAAACC-1,0.000028,0.000028,0.000028,0.999917
ATACGGTGAAGATGCA-1,0.000063,0.000063,0.000063,0.99981
ATACGTACTTAGCCAC-1,0.000093,0.000093,0.000093,0.99972
ATACGTCCACTCCTGT-1,0.000038,0.000038,0.00662,0.993303
ATACGTTATGCACGGA-1,0.000051,0.000051,0.021512,0.978385
ATACTACCCGTACCAC-1,0.000107,0.000107,0.169061,0.830725
ATACTAGCATGACCCT-1,0.000238,0.000238,0.277361,0.722163
ATACTCTCGCCACTCT-1,0.000034,0.000034,0.000034,0.999898
ATACTGCCTTACACCG-1,0.000089,0.000089,0.000089,0.999732
ATACTTGTTCTCGAGC-1,0.00009,0.00009,0.00009,0.999731
ATAGACAACGGGACCT-1,0.000055,0.000055,0.018659,0.981231
ATAGACGAAGAGAAAG-1,0.000061,0.000061,0.000061,0.999816
ATAGAGTACTGGGACA-1,0.000077,0.000077,0.000077,0.999768
ATAGAGTTATCAACTT-1,0.000095,0.000095,0.000095,0.999716
ATAGATTTGCAGTCGG-1,0.000058,0.000058,0.014245,0.985639
ATAGCAACTAGGGAAG-1,0.000072,0.000072,0.000072,0.999783
ATAGCCATAACAGTCA-1,0.000256,0.000256,0.000256,0.999233
ATAGCCTCAGTACCCA-1,0.000065,0.000065,0.012466,0.987404
