Barcode,Topic 1,Topic 2to4,Topic 5,Topic 6to8
AAACAACGAATAGTTC-1,0.000288,0.80928,0.000289,0.190143
AAACAAGTATCTCCCA-1,0.002319,0.56109,0.002319,0.434272
AAACAATCTACTAGCA-1,0.055551,0.888153,0.000533,0.055764
AAACACCAATAACTGC-1,0.056142,0.769141,0.044254,0.130463
AAACAGCTTTCAGAAG-1,0.16449,0.834996,0.000129,0.000386
AAACAGGGTCTATATT-1,0.002556,0.987222,0.002556,0.007667
AAACAGTGTTCCTGGG-1,0.000294,0.864621,0.000294,0.134791
AAACATGGTGAGAGGA-1,0.000025,0.999875,0.000025,0.000075
AAACATTTCCCGGATT-1,0.004318,0.978409,0.004317,0.012956
AAACCCGAACGAAATC-1,0.000398,0.001192,0.401974,0.596436
AAACCGGAAATGTTAA-1,0.002364,0.988185,0.002363,0.007088
AAACCGGGTAGGTACC-1,0.035826,0.80387,0.109158,0.051146
AAACCTAAGCAGCCGG-1,0.100057,0.525703,0.000307,0.373933
AAACCTCATGAAGTTG-1,0.001204,0.806352,0.001204,0.19124
AAACGAAGAACATACC-1,0.000642,0.784815,0.000642,0.2139
AAACGAAGATGGAGTA-1,0.000259,0.302988,0.000259,0.696494
AAACGAGACGGTTGAT-1,0.000105,0.999473,0.000105,0.000316
AAACGCTGGGCACGAC-1,0.000159,0.958264,0.000159,0.041417
AAACGGGCGTACGGGT-1,0.001149,0.830128,0.001149,0.167574
AAACGGGTTGGTATCC-1,0.06399,0.03197,0.382755,0.521285
AAACGGTTGCGAACTG-1,0.241534,0.757638,0.000207,0.000621
AAACGTGTTCGCCCTA-1,0.002723,0.208368,0.002723,0.786187
AAACTCGGTTCGCAAT-1,0.002408,0.98796,0.002408,0.007224
AAACTCGTGATATAAG-1,0.100152,0.747467,0.000241,0.152139
AAACTGCTGGCTCCAA-1,0.188433,0.660137,0.010142,0.141288
AAACTTAATTGCACGC-1,0.186426,0.66766,0.140975,0.004939
AAACTTGCAAACGTAT-1,0.000474,0.646289,0.000474,0.352762
AAAGAATGACCTTAGA-1,0.000559,0.997205,0.000559,0.001677
AAAGAATGTGGACTAA-1,0.000388,0.621159,0.000388,0.378066
AAAGACCCAAGTCGCG-1,0.003913,0.526626,0.003914,0.465547
AAAGACTGGGCGCTTT-1,0.001216,0.993922,0.001216,0.003647
AAAGCTTGCCTACATA-1,0.001669,0.991653,0.001669,0.005008
AAAGGCTACGGACCAT-1,0.205308,0.79263,0.00118,0.000883
AAAGGCTCTCGCGCCG-1,0.396764,0.509552,0.000105,0.09358
AAAGGGCAGCTTGAAT-1,0.001984,0.444592,0.002952,0.550473
AAAGTAGCATTGCTCA-1,0.00013,0.948464,0.00013,0.051275
AAAGTCACTGATGTAA-1,0.003913,0.705449,0.003913,0.286726
AAAGTCGACCCTCAGT-1,0.008937,0.955279,0.008941,0.026843
AAAGTGCCATCAATTA-1,0.00027,0.998651,0.00027,0.00081
AAAGTGTGATTTATCT-1,0.000934,0.995328,0.000934,0.002803
AAAGTTGACTCCCGTA-1,0.136236,0.85832,0.001361,0.004083
AAATAAGGTAGTGCCC-1,0.000473,0.001418,0.306752,0.691358
AAATACCTATAAGCAT-1,0.255455,0.314636,0.174552,0.255357
AAATAGCTTAGACTTT-1,0.004814,0.738711,0.004815,0.25166
AAATAGGGTGCTATTG-1,0.00429,0.681385,0.013884,0.300441
AAATCCGATACACGCC-1,0.001788,0.991056,0.001789,0.005367
AAATCGCGGAAGGAGT-1,0.000684,0.99419,0.000684,0.004442
AAATCTAGCCCTGCTA-1,0.130239,0.639433,0.22266,0.007667
AAATGACTGATCAAAC-1,0.000493,0.997535,0.000493,0.001479
AAATGATTCGATCAGC-1,0.000374,0.998131,0.000374,0.001122
AAATGCTCGTTACGTT-1,0.004009,0.994343,0.000412,0.001236
AAATGGCATGTCTTGT-1,0.040792,0.935478,0.000085,0.023646
AAATGGCCCGTGCCCT-1,0.003384,0.728674,0.257788,0.010153
AAATGTATCTTATCCC-1,0.001585,0.715163,0.001585,0.281666
AAATGTGGGTGCTCCT-1,0.000684,0.758354,0.000684,0.240278
AAATTAATAAGCGCGA-1,0.061821,0.856334,0.000177,0.081668
AAATTACCTATCGATG-1,0.000328,0.917541,0.000328,0.081803
AAATTCCAGGTCCAAA-1,0.003794,0.981026,0.003795,0.011384
AAATTGATAGTCCTTT-1,0.039675,0.493837,0.111197,0.355291
AAATTGCGGCGGTTCT-1,0.000515,0.001546,0.849377,0.148561
AAATTGGTGAGAAGCA-1,0.000439,0.997803,0.000439,0.001318
AAATTTGCGGGTGTGG-1,0.000069,0.956215,0.00727,0.036446
AACAACTGGTAGTTGC-1,0.098623,0.601192,0.026795,0.273389
AACAATTACTCTACGC-1,0.000022,0.100194,0.000022,0.899762
AACACACGCTCGCCGC-1,0.000773,0.483749,0.000773,0.514705
AACACGACTGTACTGA-1,0.252856,0.657677,0.084995,0.004472
AACACGAGACGCGGCC-1,0.038992,0.456578,0.040869,0.463561
AACACGCGGCCGCGAA-1,0.001987,0.990063,0.001989,0.005961
AACAGGAAATCGAATA-1,0.124995,0.724065,0.000096,0.150844
AACAGGATGGGCCGCG-1,0.00001,0.050659,0.030148,0.919184
AACAGGTAGTATGGAT-1,0.001456,0.004368,0.157978,0.836198
AACATAGCGTGTATCG-1,0.038128,0.642817,0.000128,0.318926
AACATATCAACTGGTG-1,0.006588,0.705521,0.006592,0.281298
AACATCGATACGTCTA-1,0.001789,0.728477,0.001789,0.267945
AACATTGGTCAGCCGT-1,0.001252,0.993739,0.001252,0.003757
AACATTGTGACTCGAG-1,0.130675,0.591527,0.001646,0.276152
AACCAAGACTTCTCTG-1,0.070338,0.926909,0.000688,0.002064
AACCATAGGGTTGAAC-1,0.232668,0.594852,0.000895,0.171586
AACCATGGGATCGCTA-1,0.000429,0.266992,0.000429,0.73215
AACCCAGAGACGGAGA-1,0.00084,0.70392,0.00084,0.294399
AACCCATCCCATGATC-1,0.001474,0.992633,0.001473,0.00442
AACCCGACAACCCGTG-1,0.034603,0.963676,0.00043,0.001291
AACCCGAGCAGAATCG-1,0.000656,0.266483,0.190661,0.5422
AACCCGCTGTATTCCA-1,0.013139,0.900036,0.086159,0.000666
AACCCTACTGTCAATA-1,0.000076,0.009893,0.178846,0.811185
AACCCTGGTGGAACCA-1,0.000216,0.998919,0.000216,0.000649
AACCGCTAAGGGATGC-1,0.002362,0.988185,0.002363,0.00709
AACCGTTGTGTTTGCT-1,0.000882,0.588836,0.000882,0.4094
AACCTCGCTTTAGCCC-1,0.000125,0.559876,0.000125,0.439874
AACCTGTCACGGAATT-1,0.002555,0.987221,0.002556,0.007668
AACCTTTAAATACGGT-1,0.096247,0.8856,0.016697,0.001456
AACCTTTACGACGTCT-1,0.263892,0.629696,0.062335,0.044077
AACGAAAGTCGTCCCA-1,0.046843,0.000437,0.42596,0.526759
AACGACCTCCTAGCCG-1,0.000438,0.997811,0.000438,0.001314
AACGATAATGCCGTAG-1,0.206918,0.71262,0.028856,0.051605
AACGATAGAAGGGCCG-1,0.163391,0.618703,0.066533,0.151373
AACGCATGATCTGGGT-1,0.001987,0.990062,0.001987,0.005964
AACGCGAACGGCAACA-1,0.001018,0.994909,0.001018,0.003055
AACGCGACCTTGGGCG-1,0.000882,0.847006,0.149466,0.002646
AACGCTGTTGCTGAAA-1,0.000321,0.833808,0.000321,0.16555
AACGGACGTACGTATA-1,0.000783,0.936062,0.000783,0.062373
AACGGCCATCTCCGGT-1,0.089922,0.884452,0.003747,0.021879
AACGTAGTCTACCCAT-1,0.000118,0.999411,0.000118,0.000354
AACGTCAGACTAGTGG-1,0.070551,0.588891,0.131329,0.209229
AACGTCATCCGGCTTG-1,0.033343,0.672144,0.146827,0.147687
AACGTCGCTGCACTTC-1,0.257359,0.740289,0.000588,0.001764
AACGTGCGAAAGTCTC-1,0.030335,0.967897,0.000074,0.001693
AACGTTATCAGCACCT-1,0.000847,0.315619,0.000846,0.682688
AACGTTCTACCATTGT-1,0.00101,0.994952,0.00101,0.003029
AACTACCCGTTTGTCA-1,0.003479,0.982603,0.003481,0.010437
AACTAGCGTATCGCAC-1,0.052383,0.946022,0.000399,0.001196
AACTAGGCTTGGGTGT-1,0.474833,0.52492,0.000062,0.000185
AACTCCAGAGCGTGTT-1,0.00068,0.099434,0.483541,0.416345
AACTCGATAAACACGT-1,0.093259,0.134465,0.33645,0.435827
AACTCGATGGCGCAGT-1,0.001692,0.898048,0.095184,0.005076
AACTCTCAATAGAGCG-1,0.001988,0.99006,0.001988,0.005964
AACTGAGTTATACTGA-1,0.001252,0.99374,0.001252,0.003756
AACTGATATTAGGCCT-1,0.278365,0.707743,0.013618,0.000274
AACTGGGTCCCGACGT-1,0.384672,0.615081,0.000062,0.000186
AACTGGTGTGGGCCTT-1,0.168923,0.821971,0.002277,0.006829
AACTTCTGCGTCTATC-1,0.001474,0.194738,0.185698,0.61809
AACTTGCCCGTATGCA-1,0.009766,0.475036,0.005736,0.509463
AACTTGCGTTCTCGCG-1,0.00107,0.63643,0.00107,0.361429
AACTTTACGGGAGCTT-1,0.003053,0.98473,0.003055,0.009162
AACTTTAGCTGCTGAG-1,0.000544,0.675334,0.322488,0.001634
AACTTTCTCGATCATG-1,0.00072,0.531848,0.00072,0.466713
AAGAAATCACCAGATT-1,0.002722,0.986386,0.002724,0.008169
AAGAAGGATCAGTTAG-1,0.000895,0.995528,0.000894,0.002683
AAGACATACGTGGTTT-1,0.065288,0.399292,0.000978,0.534441
AAGACCAAATAACTCA-1,0.047051,0.297352,0.015734,0.639863
AAGACCCAACTGAACA-1,0.131271,0.868566,0.000041,0.000122
AAGACTAACCCGTTGT-1,0.117482,0.881278,0.00031,0.00093
AAGAGATGAATCGGTA-1,0.000027,0.122938,0.010361,0.866674
AAGAGCTCTTTATCGG-1,0.050642,0.947685,0.000093,0.001579
AAGAGGATGTACGCGA-1,0.014782,0.580434,0.055482,0.349302
AAGAGGCATGGATCGC-1,0.00011,0.917249,0.065537,0.017104
AAGAGGCCCTTTGGAA-1,0.002319,0.988406,0.002319,0.006956
AAGATTGGCGGAACGT-1,0.06172,0.478757,0.075963,0.38356
AAGCACCCTGCGTATC-1,0.073245,0.623067,0.022127,0.281561
AAGCATACTCTCCTGA-1,0.038957,0.504415,0.284502,0.172126
AAGCCGAAGCGGTTTA-1,0.00321,0.983948,0.00321,0.009632
AAGCCGCTTTACCTTG-1,0.001842,0.814599,0.178034,0.005525
AAGCCGGAGAGCAGGA-1,0.000315,0.998423,0.000315,0.000946
AAGCGCAGGGCTTTGA-1,0.000212,0.871914,0.000212,0.127662
AAGCGGAGTGCGCGCA-1,0.020006,0.633929,0.081492,0.264574
AAGCTAGATCGAGTAA-1,0.350802,0.575826,0.053492,0.01988
AAGCTCGTGCCAAGTC-1,0.071892,0.865512,0.000184,0.062411
AAGCTCTTTCATGGTG-1,0.000017,0.000051,0.002585,0.997348
AAGGAGAACTTATAAG-1,0.000244,0.842592,0.057825,0.099339
AAGGAGCGGTTGGTGC-1,0.702228,0.156744,0.000046,0.140982
AAGGATCGATCGCTTG-1,0.002277,0.988616,0.002277,0.00683
AAGGATGAGGGACCTC-1,0.000339,0.998303,0.000339,0.001018
AAGGCAGGCTGTCTCC-1,0.002608,0.534902,0.002609,0.459881
AAGGCGCGTAAAGCTT-1,0.031453,0.23833,0.117389,0.612829
AAGGCTGTGCTCATCG-1,0.489636,0.413977,0.016238,0.080149
AAGGGAACGACTGGCT-1,0.206734,0.518774,0.067574,0.206919
AAGGGACAGATTCTGT-1,0.171835,0.728774,0.000233,0.099158
AAGGGACTATGCATTC-1,0.00016,0.999202,0.00016,0.000479
AAGGGTTAGCCATGCG-1,0.000295,0.918399,0.000295,0.08101
AAGGGTTTGATTTCAG-1,0.000552,0.997242,0.000552,0.001655
AAGGTATCCTAATATA-1,0.322369,0.668388,0.000053,0.009191
AAGGTGATAAACCAGC-1,0.00033,0.409783,0.00033,0.589558
AAGTAAGCTTCCAAAC-1,0.011367,0.838228,0.079228,0.071177
AAGTAGAAGACCGGGT-1,0.046321,0.826158,0.089395,0.038127
AAGTAGTGACGCGAGG-1,0.023515,0.404071,0.00275,0.569663
AAGTCAATTGTCGTCA-1,0.001391,0.665211,0.001391,0.332007
AAGTCTAGTAGCTGCC-1,0.001376,0.993118,0.001376,0.004129
AAGTCTTCTGTGGCCT-1,0.002782,0.986087,0.002783,0.008348
AAGTGACGACCGAATT-1,0.041163,0.841764,0.000178,0.116895
AAGTGAGTCGGGTTTA-1,0.000852,0.65531,0.341283,0.002555
AAGTGCAAAGGTAGAC-1,0.002912,0.985438,0.002912,0.008738
AAGTGCCTTGACTGTA-1,0.001509,0.205451,0.497719,0.29532
AAGTGCGTTAGAATCT-1,0.000224,0.985893,0.000224,0.013659
AAGTGCTTCTCTATTG-1,0.001766,0.991174,0.001764,0.005296
AAGTGTTTGGAGACGG-1,0.012407,0.150951,0.000069,0.836573
AAGTTCACTCCAAGCT-1,0.000261,0.373317,0.000261,0.626162
AAGTTCAGTCTGCGTA-1,0.000813,0.222309,0.104892,0.671985
AAGTTCGGCCAACAGG-1,0.046379,0.764821,0.016505,0.172295
AAGTTGTGATGTTATA-1,0.002019,0.989901,0.00202,0.00606
AAGTTTACTAATGGCA-1,0.001376,0.809162,0.185333,0.004129
AAGTTTATGGGCCCAA-1,0.089571,0.784342,0.000449,0.125638
AATAACAACGCTCGGC-1,0.000086,0.068113,0.021496,0.910306
AATAACGTCGCGCCCA-1,0.000313,0.998435,0.000313,0.000939
AATAAGTCCTCGAGAC-1,0.000206,0.957359,0.041817,0.000618
AATAATCTTCGTATCG-1,0.000732,0.576846,0.000732,0.42169
AATACAATGTTTCAGG-1,0.00072,0.577435,0.00072,0.421126
AATACCGGAGGGCTGT-1,0.167598,0.617941,0.123359,0.091102
AATACCTGATGTGAAC-1,0.000157,0.960499,0.000157,0.039186
AATAGAATCTGTTTCA-1,0.000112,0.000336,0.000112,0.99944
AATAGCTACCGCGTGC-1,0.001304,0.541669,0.001304,0.455722
AATAGGCACGACCCTT-1,0.002122,0.989388,0.002123,0.006367
AATAGTCCGTCCCGAC-1,0.485324,0.514502,0.000043,0.00013
AATAGTCGCGAGTCGG-1,0.004317,0.012953,0.004319,0.978411
AATATCAAGGTCGGAT-1,0.003296,0.983527,0.003294,0.009882
AATATCCTAGCAAACT-1,0.001669,0.991653,0.001669,0.005009
AATATCGAATCAATGC-1,0.002981,0.985099,0.00298,0.00894
AATATCGAGGGTTCTC-1,0.00072,0.996402,0.00072,0.002159
AATATTGGAGTATTGA-1,0.000537,0.997313,0.000538,0.001612
AATCAGACTGCAGGAC-1,0.001605,0.991975,0.001605,0.004816
AATCATGTAAAGACTC-1,0.000632,0.996838,0.000632,0.001897
AATCCAAGGGCCTGAG-1,0.098639,0.789849,0.000244,0.111267
AATCCATGCAAGGGTG-1,0.002556,0.987222,0.002557,0.007665
AATCCCGCTCAGAGCC-1,0.101827,0.310033,0.458595,0.129545
AATCGAGGTCTCAAGG-1,0.000076,0.974477,0.000076,0.025371
AATCGCCTCAGCGCCA-1,0.00012,0.9994,0.00012,0.00036
AATCGCGCAGAGGACT-1,0.000348,0.831571,0.073827,0.094254
AATCGGGACACTACGA-1,0.094772,0.903426,0.000451,0.001351
AATCGGTATAGCCCTC-1,0.000365,0.869337,0.000365,0.129933
AATCGTGAGCCGAGCA-1,0.001715,0.991423,0.001715,0.005147
AATCTAGGTTTACTTG-1,0.000599,0.19689,0.619257,0.183254
AATCTATGCCGGAGCC-1,0.015655,0.921697,0.015654,0.046995
AATCTCTACTGTGGTT-1,0.003129,0.984348,0.00313,0.009393
AATCTGCGTTGGGACG-1,0.100868,0.004318,0.000206,0.894608
AATCTGGCTTTCTAGT-1,0.003577,0.531477,0.003578,0.461368
AATGACAGCAATGTCT-1,0.001121,0.942525,0.000103,0.056251
AATGACGTAGGATGTC-1,0.000098,0.992525,0.000098,0.007279
AATGACTGTCAGCCGG-1,0.170493,0.473976,0.074138,0.281393
AATGAGTTCGCATATG-1,0.001318,0.993409,0.001318,0.003955
AATGATGATACGCTAT-1,0.025401,0.805297,0.129851,0.03945
AATGATGCGACTCCTG-1,0.000533,0.001599,0.389739,0.608129
AATGCACCAAGCAATG-1,0.013025,0.974296,0.00012,0.012559
AATGGTCCACCGTTCA-1,0.001228,0.993861,0.001228,0.003684
AATGGTTCTCACAAGC-1,0.000058,0.273751,0.000058,0.726133
AATGTATGGCACTGTA-1,0.00108,0.564476,0.001079,0.433365
AATGTGCCCGAGGTGT-1,0.095409,0.543059,0.155652,0.20588
AATGTTAAGACCCTGA-1,0.082821,0.532786,0.000177,0.384216
AATGTTGTCGTGAGAC-1,0.002052,0.989739,0.002052,0.006156
AATTAACGGATTTCCA-1,0.163727,0.740438,0.092167,0.003668
AATTACGAGACCCATC-1,0.000309,0.248037,0.119273,0.63238
AATTACTCGTACGCTC-1,0.001605,0.991972,0.001606,0.004817
AATTAGCGCTGCAGCG-1,0.628558,0.343273,0.019698,0.008471
AATTATACCCAGCAAG-1,0.00017,0.740432,0.042759,0.216639
AATTCATAAGGGATCT-1,0.000291,0.868779,0.000291,0.130639
AATTCATTGTCATGCA-1,0.221961,0.374615,0.025035,0.378389
AATTCCAACTTGGTGA-1,0.001841,0.990792,0.001842,0.005525
AATTCCAAGCATGTAC-1,0.216738,0.782828,0.000109,0.000326
AATTCGATTCGAGGAT-1,0.000121,0.000363,0.325116,0.6744
AATTGAACGCTCTGGT-1,0.000022,0.032952,0.039616,0.927411
AATTGCAGCAATCGAC-1,0.001026,0.550004,0.001026,0.447943
AATTGTGGTTGCCAAA-1,0.001227,0.993863,0.001227,0.003682
AATTTGGTTCCAAAGA-1,0.006572,0.691046,0.115469,0.186913
ACAAACCATGCGTCCT-1,0.226523,0.500203,0.000149,0.273125
ACAAACCGACAAGGCG-1,0.000239,0.998805,0.000239,0.000717
ACAAACTCCATCAGAG-1,0.001138,0.99431,0.001138,0.003414
ACAAAGAAGGTAGGCC-1,0.001089,0.885977,0.001089,0.111846
ACAAAGCATGACCTAG-1,0.1278,0.869993,0.000552,0.001655
ACAAATCGCACCGAAT-1,0.049085,0.026907,0.00669,0.917319
ACAAATGGTAGTGTTT-1,0.001581,0.317649,0.002567,0.678204
ACAACGGTCCCTGCGA-1,0.018395,0.137527,0.040534,0.803544
ACAAGCAGTGCCTAGC-1,0.003031,0.071255,0.000023,0.925691
ACAAGCTATATGGAAG-1,0.003055,0.984724,0.003056,0.009166
ACAAGGAAATCCGCCC-1,0.131296,0.852461,0.000064,0.016179
ACAAGGACAAGAGGTT-1,0.037811,0.55192,0.06161,0.348658
ACAAGGATGCTTTAGG-1,0.000118,0.240618,0.000118,0.759145
ACAAGGGCAGGCTCTG-1,0.003798,0.921953,0.032771,0.041477
ACAATAGTCGTACGTT-1,0.001407,0.992965,0.001407,0.004221
ACAATCCATTTAAACC-1,0.00703,0.665311,0.000038,0.327622
ACAATCGATCTTTATA-1,0.000684,0.996579,0.000684,0.002053
ACAATGAATACGGAGA-1,0.00013,0.783324,0.00013,0.216415
ACAATTGTGTCTCTTT-1,0.005215,0.358187,0.005217,0.631381
ACAATTTAGGAGGCTC-1,0.002455,0.634968,0.002455,0.360122
ACAATTTGAGCAGTGG-1,0.049969,0.862889,0.014756,0.072387
ACAATTTGGCCATATT-1,0.002087,0.989566,0.002086,0.00626
ACACAAAGACGGGTGG-1,0.340036,0.502582,0.000055,0.157327
ACACAAATATTCCTAG-1,0.001869,0.990656,0.001869,0.005607
ACACACCAGGACCAGT-1,0.000533,0.550488,0.000533,0.448446
ACACACTTTCTACACG-1,0.025318,0.380069,0.000054,0.594559
ACACATGATCAAATCT-1,0.000057,0.948567,0.000196,0.05118
ACACATTGACGCAACA-1,0.001898,0.695571,0.29684,0.005692
ACACATTTCCGTAGAC-1,0.151703,0.847222,0.000269,0.000806
ACACCACATAATTAGC-1,0.000489,0.001468,0.175786,0.822257
ACACCCAGCATGCAGC-1,0.398991,0.552155,0.000036,0.048818
ACACCCGAGAAATCCG-1,0.011553,0.836296,0.000024,0.152128
ACACCGAGCGCTCTTT-1,0.004815,0.975928,0.004813,0.014445
ACACCGGTCTGACCGC-1,0.08479,0.723515,0.0278,0.163895
ACACCTTAAGTAGGGC-1,0.029261,0.751162,0.017775,0.201801
ACACCTTACTACTTGC-1,0.002362,0.775636,0.002363,0.219639
ACACGGCACTATGCAT-1,0.003654,0.879567,0.000235,0.116544
ACACGTAGGCCACAAG-1,0.001816,0.990926,0.001815,0.005444
ACACTCCAATGTCACT-1,0.001305,0.645276,0.001305,0.352115
ACACTGGGACAGTCGT-1,0.001738,0.991304,0.001739,0.005218
ACAGAACTGAGAACAA-1,0.000048,0.87554,0.044243,0.080168
ACAGATTAGGTTAGTG-1,0.000293,0.849304,0.149523,0.00088
ACAGCATAGAGCCAGT-1,0.00084,0.995798,0.00084,0.002521
ACAGCGACATTCTCAT-1,0.004638,0.976806,0.004639,0.013917
ACAGGAGGCGCAGCCG-1,0.000471,0.997646,0.000471,0.001412
ACAGGCACGGATCCTT-1,0.000788,0.752509,0.000788,0.245915
ACAGGCTTGCCCGACT-1,0.026706,0.502464,0.005152,0.465677
ACAGGTGTGTTGTTGC-1,0.00391,0.980446,0.00391,0.011734
ACAGTAATACAACTTG-1,0.003212,0.705948,0.003211,0.287629
ACAGTATACCGTGGGA-1,0.000381,0.813643,0.000381,0.185596
ACATAAGTCGTGGTGA-1,0.002846,0.985769,0.002846,0.008538
ACATAATAAGGCGGTG-1,0.650853,0.348998,0.000037,0.000112
ACATACAATCAAGCGG-1,0.00022,0.897136,0.00022,0.102423
ACATCAGCTGGGACGC-1,0.001605,0.402838,0.001605,0.593951
ACATCCCGGCCATACG-1,0.873144,0.101696,0.008903,0.016257
ACATCCTGGTAACTGT-1,0.002783,0.473774,0.002782,0.52066
ACATCGGTCAGCCGCG-1,0.047716,0.746668,0.009409,0.196207
ACATCGTATGCAATGG-1,0.013051,0.9867,0.000062,0.000187
ACATCGTTAACCTAGT-1,0.000237,0.998816,0.000237,0.00071
ACATCTCAACGCGTAA-1,0.000971,0.781654,0.214463,0.002912
ACATGGCGCCAAAGTA-1,0.167806,0.829775,0.000605,0.001815
ACATGGCTCAATTTAG-1,0.004318,0.978416,0.004315,0.01295
ACATTTGAAACCTAAC-1,0.000209,0.918037,0.000209,0.081546
ACCAAACACCCAGCGA-1,0.000517,0.535818,0.000517,0.463147
ACCAAACTAGAAATCC-1,0.001815,0.853078,0.001815,0.143292
ACCAACACCACACACT-1,0.002319,0.006958,0.201934,0.788789
ACCAACCGCACTCCAC-1,0.000562,0.001685,0.160402,0.837351
ACCAAGAACGCGTGTC-1,0.0601,0.737961,0.022031,0.179908
ACCAAGTCATCGGCAG-1,0.000688,0.712522,0.0626,0.22419
ACCAATATGCAAGTTA-1,0.023076,0.648723,0.039448,0.288753
ACCACACGGTTGATGG-1,0.000288,0.998557,0.000289,0.000866
ACCACCAATGTAACAA-1,0.00075,0.690976,0.00075,0.307524
ACCACCCTCTCTTCTA-1,0.049792,0.510169,0.001193,0.438846
ACCACGTGCAGCTATA-1,0.000159,0.999203,0.000159,0.000478
ACCACTGTTCAAGAAG-1,0.099237,0.891868,0.000372,0.008523
ACCAGACCATAACAAC-1,0.001692,0.866436,0.126795,0.005077
ACCAGCCCGGTCTTTG-1,0.001149,0.994256,0.001149,0.003447
ACCAGGAGTGTGATCT-1,0.000302,0.525127,0.283353,0.191218
ACCAGTGCGGGAGACG-1,0.00202,0.989901,0.00202,0.006059
ACCATCCGCCAACTAG-1,0.003478,0.982604,0.003479,0.01044
ACCATTAAGGGTGTCA-1,0.00447,0.660594,0.004472,0.330465
ACCCAACGCCCGTGGC-1,0.019202,0.977368,0.000858,0.002573
ACCCACCTACATGCTC-1,0.017118,0.160381,0.003205,0.819296
ACCCATCTTGAGGGTA-1,0.00292,0.954604,0.00007,0.042406
ACCCATTTGTCCCTCT-1,0.000994,0.995031,0.000994,0.002981
ACCCGGAAACTCCCAG-1,0.01216,0.91625,0.001492,0.070098
ACCCGGAGCACCACAA-1,0.000099,0.999505,0.000099,0.000297
ACCCGGATGACGCATC-1,0.000221,0.948262,0.000221,0.051296
ACCCGTAGTCTAGTTG-1,0.000214,0.356152,0.455672,0.187963
ACCCGTGTCATCAGTA-1,0.397983,0.601713,0.000076,0.000228
ACCCTATAGGACTGAG-1,0.067528,0.406294,0.118077,0.408101
ACCCTCCCGTCAGGGC-1,0.000745,0.841396,0.000745,0.157113
ACCCTCCCTTGCTATT-1,0.000037,0.125288,0.022987,0.851688
ACCCTGGTAACGCCCT-1,0.001508,0.880188,0.113778,0.004526
ACCCTTCATCTGCGAA-1,0.000106,0.266225,0.000106,0.733563
ACCCTTGCCTGGGTCG-1,0.000971,0.995147,0.000971,0.002912
ACCGAAAGGGCCCTGC-1,0.004474,0.977642,0.004472,0.013413
ACCGAAGAGTCTGGTT-1,0.003131,0.655948,0.00313,0.337791
ACCGACACATCTCCCA-1,0.142141,0.632681,0.171576,0.053602
ACCGAGTCTCCTTATT-1,0.000459,0.997706,0.000459,0.001376
ACCGATAGGCATAACC-1,0.181017,0.210503,0.003914,0.604566
ACCGATATTTAATCAT-1,0.002722,0.53197,0.293881,0.171427
ACCGATGGTAGCATCG-1,0.001473,0.787059,0.001473,0.209995
ACCGCAATAACTGCCT-1,0.189311,0.641974,0.000038,0.168678
ACCGCGGTGGAAGTCG-1,0.002555,0.987221,0.002556,0.007668
ACCGGGCCTTTGTTGA-1,0.135828,0.527681,0.002455,0.334035
ACCGGTCAGGTACACC-1,0.156935,0.727139,0.000219,0.115708
ACCGTCCACTGGGCCC-1,0.001035,0.994825,0.001035,0.003105
ACCGTGACCACGTGGG-1,0.100568,0.805548,0.016738,0.077146
ACCGTTCCCGCTCTGA-1,0.001842,0.824383,0.001842,0.171933
ACCTAAGTACCTTTCA-1,0.000104,0.90567,0.000885,0.09334
ACCTAATCGACTTCCT-1,0.000016,0.068874,0.009153,0.921957
ACCTACAGTATGTGGT-1,0.002505,0.987476,0.002504,0.007515
ACCTACTATAAATCTA-1,0.001869,0.990656,0.001869,0.005607
ACCTCAGCGAGGCGCA-1,0.000106,0.999472,0.000106,0.000317
ACCTCCGCCCTCGCTG-1,0.000895,0.002684,0.993738,0.002684
ACCTCCGTTATTCACC-1,0.003212,0.715688,0.003212,0.277888
ACCTCGAACTTATGCT-1,0.093649,0.674037,0.076698,0.155616
ACCTGCGTGTCATGTT-1,0.000385,0.4685,0.000385,0.53073
ACCTTTCCTTTAGAAG-1,0.001491,0.992546,0.001491,0.004471
ACGAAATGGGCGGCAC-1,0.000163,0.940804,0.000163,0.058871
ACGACCCATGAGTTGC-1,0.040821,0.956051,0.000092,0.003036
ACGACTCTAGGGCCGA-1,0.000646,0.899086,0.000645,0.099623
ACGAGAACCCATCACG-1,0.001053,0.994739,0.001052,0.003156
ACGAGGATACCACTCT-1,0.000111,0.306669,0.017234,0.675987
ACGAGGTTTACAACGT-1,0.003385,0.983077,0.003385,0.010153
ACGAGTACGGATGCCC-1,0.002407,0.98796,0.002408,0.007224
ACGAGTCGCCGGCGTT-1,0.001956,0.628348,0.363826,0.00587
ACGATACATAGAACTA-1,0.066669,0.931818,0.000378,0.001135
ACGATACCTATCCTGA-1,0.001278,0.534659,0.46023,0.003833
ACGATCATCTTGTAAA-1,0.003054,0.984729,0.003054,0.009163
ACGATGGATCCGATGC-1,0.09279,0.905599,0.000403,0.001208
ACGCAAACTAATAGAT-1,0.147673,0.414124,0.001376,0.436827
ACGCAATCACTACAGC-1,0.002087,0.75642,0.002087,0.239407
ACGCATACGTTTACTA-1,0.315253,0.283064,0.002087,0.399596
ACGCCACTCGAAACAG-1,0.000442,0.997788,0.000442,0.001327
ACGCCAGATGATTTCT-1,0.000636,0.996822,0.000636,0.001907
ACGCCAGTGCGTTTGC-1,0.000787,0.996062,0.000788,0.002363
ACGCCCAGCTGTCGAT-1,0.001546,0.992272,0.001546,0.004636
ACGCCGCTAGACGACC-1,0.105144,0.534556,0.30478,0.055521
ACGCCTGACACGCGCT-1,0.050225,0.713321,0.184902,0.051552
ACGCGCTACACAGGGT-1,0.022435,0.862492,0.000641,0.114432
ACGCGTTTCTTAAGAG-1,0.00298,0.98509,0.002982,0.008947
ACGCTACTGAATGGGC-1,0.044393,0.907454,0.000441,0.047713
ACGCTAGTGATACACT-1,0.001278,0.003833,0.001278,0.993611
ACGCTGTGAGGCGTAG-1,0.003793,0.861662,0.003793,0.130751
ACGGAACACGAGTGCC-1,0.000373,0.880764,0.000373,0.11849
ACGGAATTTAGCAAAT-1,0.000435,0.971741,0.000435,0.02739
ACGGACTCTCAAAGCG-1,0.027674,0.17076,0.170144,0.631422
ACGGAGCGCAAATTAC-1,0.000517,0.774418,0.000517,0.224547
ACGGATGGTGCGGATA-1,0.011265,0.122909,0.023597,0.842229
ACGGCGACGATGGGAA-1,0.000055,0.999725,0.000055,0.000165
ACGGCGGGTTGCCCTG-1,0.000154,0.999229,0.000154,0.000463
ACGGCTGGATGTAGAA-1,0.000617,0.189253,0.000617,0.809514
ACGGGAGTGTCGGCCC-1,0.042644,0.82754,0.000089,0.129727
ACGGGCGTATGCGACA-1,0.000265,0.830729,0.039881,0.129124
ACGGGTCATGTGACTT-1,0.003478,0.98261,0.003478,0.010434
ACGGTACAGTTCAATG-1,0.000659,0.840455,0.000659,0.158227
ACGTACAGATTTCTCT-1,0.001692,0.99154,0.001692,0.005076
ACGTAGGAGAGTCGCT-1,0.000174,0.999129,0.000174,0.000522
ACGTATTACTCCGATC-1,0.00167,0.796151,0.001669,0.20051
ACGTCCTAAACGAGAT-1,0.001455,0.99272,0.001456,0.004368
ACGTCTCGTTCCGGGA-1,0.001841,0.829316,0.163318,0.005525
ACGTGACAAAGTAAGT-1,0.001565,0.992174,0.001565,0.004695
ACGTGCGCCTCGTGCA-1,0.011879,0.923349,0.000102,0.06467
ACGTGGTCGAATGTGC-1,0.000127,0.998267,0.000127,0.001478
ACGTTAGATTTGCCCG-1,0.117759,0.786175,0.001896,0.09417
ACGTTATTGGTCACTC-1,0.745882,0.227752,0.00659,0.019775
ACGTTCACTATGCCGC-1,0.002982,0.985095,0.002981,0.008943
ACGTTCCGCGCTCCGT-1,0.001627,0.991868,0.001626,0.004879
ACGTTCGCAATCAATT-1,0.001035,0.254976,0.628316,0.115674
ACGTTCGTTCAGGAAA-1,0.152425,0.846892,0.000171,0.000513
ACGTTCTGTACAAGTC-1,0.00101,0.762176,0.00101,0.235804
ACGTTTAGTTGTGATC-1,0.19765,0.796526,0.001456,0.004368
ACGTTTCGGTGCACTT-1,0.000474,0.997628,0.000474,0.001423
ACTAAGGACGCACACC-1,0.000073,0.710441,0.027692,0.261794
ACTACAAAGAGAGGTG-1,0.048482,0.696284,0.022985,0.23225
ACTACATCCCGACAAG-1,0.158627,0.630474,0.039978,0.170921
ACTACCAGCTCTCTGG-1,0.066069,0.670473,0.039529,0.223929
ACTACGCGTTAGAATT-1,0.277125,0.629508,0.085672,0.007695
ACTAGTTGCGATCGTC-1,0.003054,0.984728,0.003054,0.009164
ACTATATGCTGTGTTC-1,0.115852,0.706988,0.097142,0.080019
ACTATCCAGGGCATGG-1,0.005008,0.97496,0.005007,0.015024
ACTATCGCCGGCTAAA-1,0.011495,0.353778,0.083714,0.551013
ACTATCTGCCCGCGTA-1,0.005007,0.974967,0.005006,0.01502
ACTATGTCCAGCTGCC-1,0.125179,0.689489,0.000126,0.185205
ACTATTCGTCCGTGGT-1,0.000914,0.99543,0.000914,0.002742
ACTATTTCCGGGCCCA-1,0.035113,0.819922,0.123689,0.021275
ACTCAACGAATGTATT-1,0.001098,0.994509,0.001098,0.003294
ACTCAAGTGCAAGGCT-1,0.000305,0.439322,0.117401,0.442972
ACTCAGACCTGCTTCT-1,0.002363,0.988186,0.002363,0.007089
ACTCCCATTCCTAAAG-1,0.170637,0.360747,0.003478,0.465138
ACTCCCGAATTCGTTT-1,0.005009,0.974952,0.005011,0.015028
ACTCCCGTAGACTAGG-1,0.000716,0.684085,0.000716,0.314484
ACTCCCTAATGCTAAA-1,0.145251,0.854369,0.000072,0.000308
ACTCCCTAGAATAGTA-1,0.20042,0.745119,0.035899,0.018562
ACTCCGGCCGACCACT-1,0.026364,0.666188,0.001181,0.306266
ACTCGATGTATTTCAT-1,0.003295,0.983525,0.003295,0.009885
ACTCGCCGTTCGATAA-1,0.263938,0.731002,0.001265,0.003796
ACTCGCGATCTGACGC-1,0.179926,0.810056,0.002505,0.007513
ACTCGTAACCCGTCCT-1,0.063561,0.728756,0.045711,0.161973
ACTCGTCAGTAATCCC-1,0.144526,0.763932,0.061898,0.029643
ACTCTAAACCTGGGAT-1,0.001764,0.991181,0.001763,0.005292
ACTCTCTGACTTAGGT-1,0.000099,0.92036,0.000099,0.079442
ACTCTGACCTAATAGA-1,0.00097,0.995146,0.000971,0.002912
ACTCTTCAGCTCCCGC-1,0.35275,0.632072,0.003793,0.011385
ACTGAAACGCCGTTAG-1,0.001606,0.991972,0.001606,0.004817
ACTGAATGGCGAAAGT-1,0.00596,0.6941,0.000048,0.299892
ACTGCCGTCGTAACTC-1,0.019411,0.979794,0.000199,0.000596
ACTGCGGACACACCGT-1,0.001987,0.990064,0.001988,0.005962
ACTGCTCGGAAGGATG-1,0.000556,0.997217,0.000557,0.00167
ACTGGCGAACCTGCGT-1,0.084681,0.607878,0.182003,0.125438
ACTGGGATGCCAGTGC-1,0.081121,0.209762,0.295079,0.414038
ACTGTACGATACACAT-1,0.076768,0.705611,0.066166,0.151455
ACTGTAGCACTTTGGA-1,0.000058,0.882159,0.0007,0.117084
ACTGTATACGCGAGCA-1,0.000754,0.996228,0.000754,0.002263
ACTGTGCTAGTAGATC-1,0.062705,0.244521,0.000312,0.692462
ACTGTTTAGTGTAGGC-1,0.000835,0.995826,0.000835,0.002505
ACTTACGCATCCACGC-1,0.131335,0.593564,0.000058,0.275043
ACTTAGTACGACAAGA-1,0.062573,0.238846,0.000075,0.698505
ACTTATACTTACCCGG-1,0.000649,0.870428,0.000649,0.128274
ACTTATCTGATCTATA-1,0.12012,0.49288,0.239348,0.147652
ACTTATTTATGTGCCA-1,0.002608,0.55284,0.003397,0.441156
ACTTCAGGCTGATCCC-1,0.000018,0.003079,0.000018,0.996884
ACTTCCAGTGGAAGCT-1,0.000927,0.818235,0.000928,0.17991
ACTTCCATGCGGGACA-1,0.000258,0.906977,0.000258,0.092507
ACTTCGCTAGCGAGTG-1,0.003296,0.983518,0.003296,0.00989
ACTTGACTCCCTCTTT-1,0.166176,0.833367,0.000114,0.000343
ACTTGCCATATTGTAC-1,0.000281,0.342466,0.027789,0.629464
ACTTGGGACCCGGTGG-1,0.289373,0.424384,0.031193,0.255049
ACTTGGGCTTTCGCCA-1,0.000064,0.768148,0.018323,0.213465
ACTTGTAGTCCCTTCA-1,0.004815,0.975914,0.004819,0.014452
ACTTGTGGATGGAACG-1,0.003795,0.981027,0.003794,0.011384
ACTTGTTACCGGATCA-1,0.035172,0.488767,0.344737,0.131325
ACTTTACCCTCATGAA-1,0.000941,0.002825,0.150669,0.845565
ACTTTGACTGCATCCT-1,0.087298,0.676034,0.127572,0.109095
ACTTTGGTCGTGCTCC-1,0.000835,0.995825,0.000835,0.002505
ACTTTGTCGACGCACT-1,0.001898,0.990514,0.001897,0.005691
AGAAATTATGACTCGC-1,0.000882,0.002646,0.187923,0.808549
AGAACCCAGCGTGACA-1,0.002913,0.985441,0.002912,0.008734
AGAACCCTCAATTGGG-1,0.001291,0.625484,0.001291,0.371934
AGAACTGTACTTTGTA-1,0.00035,0.779983,0.00035,0.219317
AGAAGAGCGCCGTTCC-1,0.001585,0.830056,0.001585,0.166773
AGAAGGTACACTTCAC-1,0.001253,0.993738,0.001252,0.003757
AGAAGGTTGTAGGTCG-1,0.040286,0.479161,0.084534,0.396019
AGAAGTGATTCGTGAT-1,0.0038,0.868337,0.000141,0.127723
AGAATAAATCTTCAGG-1,0.001473,0.221602,0.282395,0.49453
AGAATACAGGCTATCC-1,0.000088,0.657412,0.080763,0.261737
AGAATGCGGGTTCGGA-1,0.039306,0.883367,0.020748,0.056579
AGAATTATGGATTCGA-1,0.001626,0.99187,0.001626,0.004879
AGAATTGTTTGACATA-1,0.000239,0.504521,0.014878,0.480362
AGACAGCTCAGAATCC-1,0.007823,0.960873,0.007824,0.02348
AGACAGGCATCTCAGC-1,0.116862,0.874193,0.002236,0.006709
AGACATAGATCCTTCC-1,0.002363,0.807486,0.002363,0.187787
AGACCAAACCACACCT-1,0.001763,0.664944,0.001764,0.331529
AGACCATGGGATACAA-1,0.004556,0.151162,0.004927,0.839355
AGACCCACCGCTGATC-1,0.575755,0.397494,0.000758,0.025994
AGACCGCTCCGCGGTT-1,0.205344,0.778497,0.004039,0.012119
AGACCGGGAAACCCTG-1,0.002318,0.988405,0.002319,0.006957
AGACGAAGTGCCGGTC-1,0.001585,0.85275,0.001585,0.14408
AGACGACGATGCCGCT-1,0.10408,0.615718,0.048609,0.231593
AGACGCCCACTTCGCC-1,0.000963,0.995183,0.000963,0.00289
AGACTAGCCTTCCAGA-1,0.625007,0.221788,0.045364,0.107841
AGACTGTTACCGGGTC-1,0.001044,0.994782,0.001043,0.003131
AGAGAACCGTCTAGGA-1,0.137407,0.860917,0.000419,0.001256
AGAGATCTCTAAAGCG-1,0.000677,0.826729,0.170563,0.002031
AGAGCAGTTATGAGAC-1,0.000246,0.356428,0.000246,0.64308
AGAGCCGCCGAGATTT-1,0.004038,0.783944,0.199903,0.012114
AGAGCGCTTGTAACGG-1,0.25104,0.744279,0.00117,0.003511
AGAGCGGGCTAATCAT-1,0.100673,0.761784,0.007609,0.129934
AGAGCGTACAAGCTCG-1,0.000017,0.02862,0.020635,0.950728
AGAGCTACGAAAGCAT-1,0.003579,0.982108,0.003577,0.010735
AGAGGCTTCGGAAACC-1,0.001278,0.99361,0.001278,0.003834
AGAGGTATCTCGGTCC-1,0.000501,0.997495,0.000501,0.001503
AGAGTAAACTTCACTA-1,0.001361,0.562779,0.186904,0.248957
AGAGTATAGTGTTACG-1,0.00202,0.814518,0.002019,0.181443
AGAGTCTTAATGAAAG-1,0.156475,0.77415,0.000247,0.069128
AGAGTTGCAGGCCTCC-1,0.074179,0.674275,0.014125,0.237421
AGATAACTTCAGGGCC-1,0.155206,0.561559,0.00943,0.273805
AGATACCAATAGAACC-1,0.001957,0.815123,0.177051,0.005869
AGATACCAGCACTTCA-1,0.000058,0.856018,0.000058,0.143866
AGATACCGGTGTTCAC-1,0.093637,0.779679,0.105686,0.020998
AGATACGACTTCATAT-1,0.011239,0.306912,0.091639,0.590209
AGATACTCAAGATCGA-1,0.000048,0.738749,0.000048,0.261156
AGATATAATACGACTA-1,0.001044,0.994782,0.001044,0.003131
AGATCGTGCATAAGAT-1,0.000368,0.553323,0.091371,0.354938
AGATGACTCGCCCACG-1,0.192956,0.78094,0.020721,0.005382
AGATGAGGGTTGCGAT-1,0.000365,0.998175,0.000365,0.001095
AGATGATGGAGTCTGG-1,0.001763,0.120433,0.305508,0.572295
AGATGCAAGACGTGCA-1,0.013924,0.890251,0.026907,0.068918
AGATGCATCCTGTGTC-1,0.00313,0.984349,0.003129,0.009392
AGATGCTATAACGAGC-1,0.21031,0.693378,0.030786,0.065526
AGATTCACAACCGATA-1,0.001252,0.632337,0.362654,0.003757
AGCAAAGGCCGCTAGT-1,0.058408,0.707079,0.130774,0.103738
AGCAACATATCTTATT-1,0.003684,0.981588,0.003682,0.011046
AGCAACCGAAAGTAAT-1,0.029343,0.536596,0.134722,0.299338
AGCACTACCGGCCTGT-1,0.000407,0.997967,0.000407,0.00122
AGCACTACCTCACCAG-1,0.004767,0.20178,0.004396,0.789057
AGCACTTAAGGACGCC-1,0.020035,0.57245,0.020617,0.386898
AGCAGAAGGAGAAAGA-1,0.056644,0.272754,0.039511,0.631091
AGCAGCCAGATGAATA-1,0.526442,0.473419,0.000035,0.000104
AGCAGTCGAAGCATGC-1,0.000147,0.39206,0.082906,0.524887
AGCATATCAATATGCT-1,0.001898,0.868475,0.001897,0.12773
AGCATCATTTCGAAAG-1,0.02613,0.744056,0.075541,0.154272
AGCATCGTCGATAATT-1,0.250542,0.703412,0.000048,0.045998
AGCATTACGAGGCAAG-1,0.001423,0.992883,0.001423,0.00427
AGCCAAGCTTTGTGTC-1,0.132995,0.477105,0.021517,0.368383
AGCCACAGGTTACCCG-1,0.155832,0.841037,0.000783,0.002348
AGCCACTCCCGTGCTT-1,0.157354,0.783076,0.058068,0.001503
AGCCATATAGTATGTG-1,0.086643,0.913021,0.000084,0.000252
AGCCCATACATGTAAG-1,0.077858,0.753891,0.00008,0.168171
AGCCCGCAACAAGCAG-1,0.104161,0.894948,0.000223,0.000668
AGCCCGCACTACAATG-1,0.000409,0.997954,0.000409,0.001228
AGCCCGGCATTAGAGG-1,0.044082,0.723817,0.022532,0.209569
AGCCCGGTAGCCTGTA-1,0.14068,0.847933,0.002846,0.008541
AGCCCTAAGCGAAGTT-1,0.000157,0.842302,0.05509,0.102451
AGCCCTGTCGCACCGT-1,0.002783,0.699346,0.002783,0.295088
AGCCCTTCTAATCCGA-1,0.000623,0.850711,0.000623,0.148043
AGCCCTTGGACATCCC-1,0.00167,0.846096,0.147225,0.005009
AGCCGCAAATTCAAAT-1,0.000072,0.972211,0.000072,0.027646
AGCCGCTTGATTAGCG-1,0.000934,0.995329,0.000934,0.002803
AGCCGTGGCTAAATGT-1,0.060886,0.817871,0.000114,0.121129
AGCCTAATACCCACGT-1,0.000069,0.000206,0.000069,0.999657
AGCCTTAAAGCGGAAG-1,0.002914,0.725729,0.26262,0.008738
AGCGACATCCCATTCA-1,0.094446,0.645393,0.199387,0.060774
AGCGACCAACGATATT-1,0.222993,0.561303,0.003731,0.211973
AGCGACTTTGAAGACA-1,0.141513,0.535603,0.001988,0.320896
AGCGATGCGCCTAATA-1,0.000533,0.345852,0.000533,0.653082
AGCGCATAATGAATCG-1,0.594003,0.404242,0.000029,0.001726
AGCGCGGGTGCCAATG-1,0.000274,0.895312,0.000274,0.10414
AGCGCTAGAGCGATGT-1,0.002196,0.344399,0.002197,0.651209
AGCGGACACTTCGTAG-1,0.104147,0.784816,0.099467,0.01157
AGCGGCGGTTAGCGGT-1,0.002363,0.667822,0.322728,0.007088
AGCGGGAAGGGTCCAT-1,0.00028,0.657681,0.000279,0.34176
AGCGGGTCTGACACTC-1,0.001439,0.992804,0.001439,0.004318
AGCGGTTGCCGCTCTG-1,0.000888,0.931652,0.064796,0.002664
AGCGTACGAGAGCTAG-1,0.000846,0.879794,0.000846,0.118514
AGCGTAGCGCTAGACC-1,0.000476,0.997619,0.000476,0.001428
AGCGTCTGAACCCGCA-1,0.00084,0.995798,0.000841,0.002521
AGCGTGGTATTCTACT-1,0.297768,0.701992,0.00006,0.000181
AGCTAAGCTCCGTCCG-1,0.003682,0.830921,0.154348,0.011049
AGCTAAGTACGCAGGC-1,0.053957,0.693517,0.000963,0.251563
AGCTACGAATGGTGGT-1,0.000203,0.77454,0.037818,0.187439
AGCTAGAAGCAGAAGT-1,0.049735,0.168194,0.200943,0.581129
AGCTATTTAATCCAAC-1,0.082492,0.916777,0.000183,0.000548
AGCTCCATATATGTTC-1,0.004638,0.97681,0.004639,0.013914
AGCTCCTTCGCACATC-1,0.000177,0.213827,0.000177,0.785819
AGCTCGTTGATGGAAA-1,0.001098,0.860589,0.001098,0.137214
AGCTCTAGACGTTCCA-1,0.144358,0.855175,0.000117,0.00035
AGCTCTTCCCAGTGCA-1,0.032554,0.874312,0.00025,0.092883
AGCTCTTCGTAACCTT-1,0.002319,0.988403,0.002319,0.006958
AGCTGAAGTAAACCAA-1,0.049312,0.587125,0.114683,0.24888
AGCTGTAACCTCAATC-1,0.000235,0.58537,0.144669,0.269726
AGCTTATAGAGACCTG-1,0.000257,0.998717,0.000257,0.00077
AGCTTCAATACTTTGA-1,0.000908,0.995462,0.000907,0.002722
AGCTTCTTCTCGAGCA-1,0.000737,0.88923,0.000737,0.109296
AGCTTGATCTTAACTT-1,0.105338,0.892841,0.000455,0.001366
AGGAAAGCCTCTGATG-1,0.001692,0.991538,0.001692,0.005077
AGGAACGAACGACTTC-1,0.000819,0.965364,0.031362,0.002455
AGGAAGCTGTCCGCCG-1,0.179587,0.737156,0.000845,0.082412
AGGACAGTCGAATCCC-1,0.000274,0.828193,0.000274,0.171259
AGGACATCGCACGTCG-1,0.000071,0.632683,0.000071,0.367176
AGGACATCGGCACACT-1,0.000788,0.996062,0.000787,0.002363
AGGACGCTCGATGTTG-1,0.038605,0.396632,0.00012,0.564643
AGGACTTATAGGAGAA-1,0.002556,0.98722,0.002556,0.007669
AGGAGACATCCACAGT-1,0.001252,0.708799,0.286193,0.003756
AGGAGAGTCTGGCTAC-1,0.001332,0.820329,0.001332,0.177007
AGGAGCGTTTATTATC-1,0.000835,0.995826,0.000835,0.002504
AGGAGGCCTTCGCGCG-1,0.000921,0.995396,0.000921,0.002762
AGGATAAAGTCGGGAT-1,0.423369,0.576468,0.000041,0.000122
AGGATATAGGGATTTA-1,0.005442,0.590759,0.005443,0.398356
AGGATATCCGACTGCA-1,0.001692,0.991539,0.001692,0.005077
AGGATCACGCGATCTG-1,0.002123,0.771263,0.002123,0.224491
AGGATTGCTTACGACA-1,0.004171,0.979138,0.004174,0.012517
AGGCAAAGAGGAATCA-1,0.000131,0.98177,0.000131,0.017968
AGGCAATACGGAGGAC-1,0.001508,0.992455,0.001509,0.004528
AGGCACGTGACTGTCC-1,0.002087,0.75887,0.002087,0.236955
AGGCAGATGCGTAAAC-1,0.000472,0.997637,0.000473,0.001418
AGGCAGGGAGCGTACT-1,0.647945,0.351736,0.00008,0.000239
AGGCATTGTCGTAGGG-1,0.014249,0.201656,0.000824,0.783271
AGGCCACATTGGTTAC-1,0.003478,0.982609,0.003479,0.010435
AGGCCACCCGTTATGA-1,0.050697,0.504678,0.179883,0.264742
AGGCCCAGTGACTGGT-1,0.003915,0.790861,0.003913,0.20131
AGGCCCATTGTACAGG-1,0.114582,0.65369,0.04843,0.183298
AGGCCCTAGAACGCCA-1,0.097395,0.900228,0.000078,0.002298
AGGCCTATCATACCAA-1,0.000195,0.774234,0.085038,0.140534
AGGCCTGAGAATCTCG-1,0.000403,0.945757,0.000403,0.053438
AGGCGATAACTGGCGT-1,0.005089,0.911171,0.000187,0.083554
AGGCGGTTTGTCCCGC-1,0.00008,0.841025,0.083805,0.075089
AGGCGTCTATGGACGG-1,0.005008,0.01503,0.005008,0.974954
AGGCTATGGTTAGCTT-1,0.002952,0.025803,0.006725,0.964521
AGGCTTAAGTTGCACA-1,0.000113,0.901787,0.000113,0.097986
AGGCTTGCTAGACACC-1,0.00092,0.002762,0.000921,0.995396
AGGGACAGCACGGCGG-1,0.190263,0.808016,0.00043,0.001291
AGGGACCGGCTGCGTT-1,0.001304,0.993478,0.001304,0.003913
AGGGACTCTACGCGAC-1,0.269818,0.671982,0.000126,0.058074
AGGGAGACATACTTCG-1,0.003794,0.981025,0.003794,0.011386
AGGGCAGCGGCGTGGT-1,0.08551,0.903833,0.002664,0.007993
AGGGCCCTAATGTTCT-1,0.000345,0.998275,0.000345,0.001035
AGGGCGAGCAGCTGAT-1,0.000474,0.832723,0.080545,0.086258
AGGGCGTGATCGGCTA-1,0.078119,0.724747,0.097511,0.099624
AGGGTCAGAGCACTCG-1,0.001044,0.92697,0.001044,0.070942
AGGGTCAGTAACCCTA-1,0.319011,0.672776,0.002053,0.00616
AGGGTCGATGCGAACT-1,0.005216,0.015657,0.504535,0.474592
AGGGTCTGGACGCAGT-1,0.000238,0.79491,0.000238,0.204613
AGGGTGCTCTCGAGGG-1,0.000545,0.788737,0.000544,0.210174
AGGGTGGATAGTGCAT-1,0.003796,0.981023,0.003795,0.011386
AGGGTTCAGACGGTCC-1,0.001527,0.992365,0.001527,0.004581
AGGGTTCCCTTTGGTT-1,0.000483,0.640944,0.0018,0.356772
AGGTAACCTCCTATTC-1,0.002504,0.720505,0.002504,0.274487
AGGTACGATATTGCCA-1,0.055113,0.889356,0.016024,0.039507
AGGTAGGTACAAAGCT-1,0.007462,0.611623,0.000036,0.380879
AGGTATAATTGATAGT-1,0.002236,0.775466,0.215589,0.006709
AGGTATGCGGACATTA-1,0.002845,0.985771,0.002846,0.008538
AGGTCAGGTGAGAGTG-1,0.049393,0.711677,0.002854,0.236076
AGGTCGCCACTTCGGT-1,0.000524,0.663502,0.000524,0.33545
AGGTCGCCTCCCAACA-1,0.000216,0.998919,0.000216,0.000649
AGGTCGCGGAGTTACT-1,0.002456,0.987724,0.002455,0.007365
AGGTGCACGTCCACAT-1,0.000852,0.99574,0.000852,0.002556
AGGTGGTGACCTTCGC-1,0.236622,0.506176,0.191787,0.065416
AGGTGTATCGCCATGA-1,0.002504,0.987479,0.002504,0.007513
AGGTGTTGCCGACCAC-1,0.000351,0.756607,0.000351,0.242691
AGGTTACACCATGCCG-1,0.003129,0.804957,0.00313,0.188785
AGGTTCTCCTTTCCGG-1,0.110751,0.710597,0.00016,0.178491
AGTAACTATAGCAGCC-1,0.000798,0.908382,0.088427,0.002393
AGTAAGGGACAGAATC-1,0.025649,0.494518,0.270763,0.20907
AGTAATCTAAGGGTGG-1,0.000459,0.715799,0.000459,0.283284
AGTAATGTCTTGCCGC-1,0.013519,0.919477,0.037518,0.029486
AGTACAGAAGCTTATA-1,0.000391,0.998043,0.000391,0.001174
AGTACATCATTTATCA-1,0.004322,0.012962,0.652567,0.330149
AGTACGGCCCGTATCG-1,0.003681,0.981575,0.003683,0.011061
AGTACGGGCACCTGGC-1,0.000491,0.729139,0.000491,0.269879
AGTACTCTTATGCCCA-1,0.000462,0.543251,0.000462,0.455825
AGTAGAAGGCGCCTCA-1,0.046574,0.952919,0.000127,0.000381
AGTAGCGTGAACGAAC-1,0.002197,0.989015,0.002197,0.006591
AGTAGGAAGGAAGTTG-1,0.290709,0.399784,0.00116,0.308347
AGTAGGTAACATACAT-1,0.05693,0.657519,0.021687,0.263864
AGTATAATACTAGGCA-1,0.000015,0.096488,0.000015,0.903483
AGTATACACAGCGACA-1,0.139492,0.598782,0.000591,0.261135
AGTATCCATAATAACG-1,0.093439,0.126166,0.270368,0.510027
AGTATGCTGGAGACCA-1,0.000047,0.998369,0.000047,0.001536
AGTATTTGGCACGACC-1,0.658255,0.341492,0.000063,0.00019
AGTCAAGATGACACTT-1,0.000818,0.651675,0.000818,0.346689
AGTCACTAGCTCTCGA-1,0.001216,0.70049,0.001216,0.297079
AGTCACTCCGCCTCAT-1,0.00087,0.622178,0.000869,0.376082
AGTCAGCCACCGCCTG-1,0.000454,0.997731,0.000454,0.001361
AGTCCAGCGGGTACGT-1,0.000419,0.997906,0.000419,0.001257
AGTCCATTGGCTGATG-1,0.001044,0.683534,0.001044,0.314379
AGTCCCGCCTTTAATT-1,0.138145,0.497627,0.073764,0.290464
AGTCCCTCGCAGAAAG-1,0.000869,0.995652,0.00087,0.002609
AGTCGAATTAGCGTAA-1,0.001361,0.736529,0.001361,0.26075
AGTCGACGGTCTCAAG-1,0.00116,0.994202,0.001159,0.003479
AGTCGGCCCAAACGAC-1,0.037035,0.82267,0.003134,0.137161
AGTCGGCTCAACTTTA-1,0.01894,0.842971,0.137844,0.000245
AGTCGGTTGCGTGAGA-1,0.000921,0.72212,0.000921,0.276038
AGTCGTATAAAGCAGA-1,0.00026,0.607349,0.036353,0.356037
AGTCGTCGACCACCAA-1,0.051653,0.588684,0.172654,0.187009
AGTCGTGGGCATTACG-1,0.142375,0.801936,0.000335,0.055355
AGTCTAAAGTATACTC-1,0.004814,0.975924,0.004814,0.014449
AGTCTCACAAGACTAC-1,0.043941,0.361266,0.323694,0.271099
AGTCTGGACATCCTTG-1,0.122004,0.607711,0.000978,0.269306
AGTCTTTAAAGTGTCC-1,0.000252,0.965745,0.000252,0.03375
AGTGAACAAACTTCTC-1,0.003209,0.983947,0.003212,0.009632
AGTGAAGATGGTGTCC-1,0.001647,0.991762,0.001647,0.004943
AGTGAGACTTCCAGTA-1,0.071006,0.535501,0.054096,0.339398
AGTGAGCCTCGCCGCC-1,0.00202,0.412435,0.00202,0.583526
AGTGAGTCGAATTAAC-1,0.001626,0.864545,0.12895,0.004879
AGTGATAACCTGCGCG-1,0.000596,0.997018,0.000596,0.001789
AGTGATTCAAGCAGGA-1,0.000397,0.998012,0.000398,0.001193
AGTGCACGCTTAAGAA-1,0.001192,0.894065,0.001192,0.103551
AGTGCTAAACACAGCA-1,0.063734,0.574105,0.016194,0.345966
AGTGCTTGCACGAATA-1,0.000901,0.336026,0.000901,0.662173
AGTGGCCCGCAAATGG-1,0.000522,0.997391,0.000522,0.001566
AGTGGCGGCAATTTGA-1,0.000187,0.56172,0.34147,0.096624
AGTGGCGTCTGAAGGT-1,0.000522,0.338008,0.000522,0.660948
AGTGGCTCCGTCGGCC-1,0.268296,0.731357,0.000087,0.00026
AGTGGGAGTATACACG-1,0.001842,0.846574,0.001841,0.149743
