Barcode,Topic 1,Topic 2,Topic 3,Topic 4,Topic 5,Topic 6to7,Topic 8,Topic 9,Topic 10
AAACAAGTATCTCCCA-1,0.000049,0.025852,0.000049,0.230118,0.400257,0.181771,0.137459,0.022907,0.001539
AAACACCAATAACTGC-1,0.012599,0.123977,0.023277,0.188243,0.09821,0.526026,0.004479,0.013671,0.009518
AAACAGAGCGACTCCT-1,0.000062,0.000062,0.000062,0.000062,0.000062,0.216894,0.403795,0.219599,0.159402
AAACAGCTTTCAGAAG-1,0.000029,0.002911,0.050557,0.171687,0.460175,0.036097,0.030408,0.150719,0.097418
AAACAGGGTCTATATT-1,0.000089,0.03696,0.024256,0.196949,0.077734,0.219288,0.124873,0.31976,0.000089
AAACATGGTGAGAGGA-1,0.055987,0.026744,0.086427,0.000243,0.000243,0.354486,0.216021,0.259606,0.000243
AAACATTTCCCGGATT-1,0.018518,0.045883,0.052276,0.096318,0.000089,0.212646,0.324947,0.175789,0.073533
AAACCCGAACGAAATC-1,0.000043,0.014966,0.01221,0.036443,0.003832,0.564529,0.128211,0.173746,0.06602
AAACCGGAAATGTTAA-1,0.000026,0.282497,0.035392,0.030407,0.055156,0.383701,0.143346,0.030517,0.038959
AAACCGGGTAGGTACC-1,0.00003,0.010782,0.003141,0.137648,0.0824,0.515931,0.15728,0.076382,0.016407
AAACCGTTCGTCCAGG-1,0.000045,0.074175,0.002449,0.028318,0.007877,0.514329,0.075501,0.139156,0.158148
AAACCTAAGCAGCCGG-1,0.003821,0.012132,0.0932,0.052479,0.142257,0.022376,0.096146,0.263076,0.314515
AAACCTCATGAAGTTG-1,0.000035,0.012434,0.055906,0.139641,0.053048,0.526519,0.07855,0.086035,0.047832
AAACGAAGATGGAGTA-1,0.000039,0.030517,0.046334,0.025299,0.313703,0.307928,0.268077,0.008065,0.000039
AAACGAGACGGTTGAT-1,0.000019,0.000019,0.189979,0.06118,0.037872,0.027318,0.197596,0.10248,0.383536
AAACGGGCGTACGGGT-1,0.000042,0.026058,0.071957,0.042423,0.044306,0.59711,0.042454,0.147351,0.028299
AAACGGTTGCGAACTG-1,0.020001,0.819968,0.020002,0.020004,0.020004,0.040013,0.020003,0.020004,0.020003
AAACGTGTTCGCCCTA-1,0.000033,0.000033,0.030103,0.000033,0.189604,0.077981,0.276625,0.308151,0.117437
AAACTAACGTGGCGAC-1,0.000035,0.039178,0.02234,0.000035,0.022819,0.245395,0.151852,0.251104,0.267242
AAACTCGTGATATAAG-1,0.000258,0.243344,0.100447,0.000258,0.507915,0.147005,0.000258,0.000258,0.000258
AAACTGCTGGCTCCAA-1,0.000339,0.000339,0.000339,0.000339,0.000339,0.072063,0.925563,0.000339,0.000339
AAACTTAATTGCACGC-1,0.000048,0.000048,0.107689,0.349533,0.007721,0.224551,0.18634,0.088956,0.035115
AAACTTGCAAACGTAT-1,0.10551,0.000107,0.000107,0.328132,0.133663,0.2006,0.000107,0.224908,0.006866
AAAGAATGACCTTAGA-1,0.000118,0.000544,0.000118,0.000118,0.000118,0.287985,0.656992,0.000118,0.053889
AAAGACCCAAGTCGCG-1,0.000216,0.000216,0.000216,0.000216,0.000216,0.099541,0.898946,0.000216,0.000216
AAAGACTGGGCGCTTT-1,0.00001,0.015358,0.324868,0.005944,0.464674,0.048608,0.020392,0.025063,0.095083
AAAGCTTGCCTACATA-1,0.000018,0.006859,0.032579,0.01309,0.846425,0.021007,0.000494,0.067859,0.011669
AAAGGCCCTATAATAC-1,0.07252,0.017106,0.077771,0.064203,0.252984,0.285701,0.074684,0.080235,0.074797
AAAGGCTACGGACCAT-1,0.000294,0.41148,0.053677,0.000294,0.021253,0.360618,0.151794,0.000294,0.000294
AAAGGGATGTAGCAAG-1,0.000113,0.044369,0.000113,0.000113,0.127575,0.044133,0.783359,0.000113,0.000113
AAAGGGCAGCTTGAAT-1,0.000019,0.011148,0.355111,0.01295,0.08425,0.123135,0.054716,0.084559,0.274111
AAAGGTAAGCTGTACC-1,0.014583,0.048181,0.019446,0.076177,0.130548,0.378465,0.059847,0.078691,0.194061
AAAGTAGCATTGCTCA-1,0.000029,0.014207,0.023677,0.126387,0.644126,0.029933,0.044031,0.115879,0.00173
AAAGTCACTGATGTAA-1,0.000345,0.110244,0.000345,0.000345,0.000345,0.12594,0.404956,0.357135,0.000345
AAAGTCGACCCTCAGT-1,0.000055,0.014383,0.024766,0.007732,0.009034,0.502106,0.225017,0.147401,0.069508
AAAGTGCCATCAATTA-1,0.000035,0.065743,0.004536,0.000035,0.000035,0.630664,0.097748,0.026938,0.174265
AAAGTGTGATTTATCT-1,0.000081,0.000081,0.042355,0.494413,0.037637,0.091687,0.075771,0.0017,0.256274
AAAGTTGACTCCCGTA-1,0.000066,0.000066,0.11411,0.068758,0.546225,0.031788,0.052268,0.117282,0.069436
AAATAACCATACGGGA-1,0.000023,0.003422,0.014894,0.028379,0.334618,0.018769,0.245391,0.285184,0.069319
AAATAAGGTAGTGCCC-1,0.000023,0.005332,0.030153,0.030214,0.552349,0.266863,0.017807,0.042886,0.054373
AAATACCTATAAGCAT-1,0.00029,0.00029,0.00029,0.00029,0.00029,0.240153,0.466286,0.291822,0.00029
AAATAGCTTAGACTTT-1,0.000055,0.000055,0.012937,0.000055,0.258092,0.309841,0.378302,0.040548,0.000117
AAATAGGGTGCTATTG-1,0.000332,0.000332,0.000332,0.268675,0.016013,0.050046,0.663604,0.000332,0.000332
AAATCCGATACACGCC-1,0.013462,0.000109,0.040428,0.214115,0.103848,0.002227,0.367837,0.228535,0.029439
AAATCGCGGAAGGAGT-1,0.041988,0.037948,0.022552,0.025972,0.301247,0.392148,0.164772,0.013325,0.000047
AAATCTAGCCCTGCTA-1,0.00098,0.043097,0.000138,0.000138,0.000138,0.173114,0.181172,0.346359,0.254864
AAATGATTCGATCAGC-1,0.000048,0.034309,0.140373,0.000048,0.004407,0.420603,0.247008,0.020229,0.132977
AAATGCTCGTTACGTT-1,0.000107,0.000107,0.000107,0.000107,0.000107,0.325887,0.493637,0.000708,0.179233
AAATGGCATGTCTTGT-1,0.000266,0.000266,0.000266,0.000266,0.000266,0.000532,0.577905,0.387127,0.033106
AAATGGCCCGTGCCCT-1,0.000102,0.015205,0.000102,0.003975,0.478018,0.103611,0.000102,0.380316,0.01857
AAATGGTCAATGTGCC-1,0.000032,0.004884,0.021383,0.056901,0.186809,0.206276,0.059474,0.387033,0.077208
AAATGTATCTTATCCC-1,0.000083,0.000083,0.428062,0.000083,0.11814,0.069051,0.179555,0.033438,0.171505
AAATTAATAAGCGCGA-1,0.000009,0.006555,0.549543,0.076113,0.107282,0.023374,0.047212,0.057823,0.132088
AAATTACACGACTCTG-1,0.000046,0.000357,0.000046,0.000046,0.000046,0.25152,0.624314,0.020188,0.103438
AAATTACCTATCGATG-1,0.000008,0.014794,0.766793,0.010189,0.166904,0.021201,0.004023,0.002685,0.013403
AAATTCCAGGTCCAAA-1,0.000038,0.031928,0.029766,0.055148,0.164993,0.455776,0.211471,0.037744,0.013134
AAATTGATAGTCCTTT-1,0.000049,0.032646,0.036595,0.044223,0.401889,0.177744,0.147803,0.127667,0.031383
AAATTGCGGCGGTTCT-1,0.00006,0.00006,0.043721,0.008287,0.587385,0.030799,0.234018,0.033556,0.062114
AAATTGGTGAGAAGCA-1,0.000044,0.072165,0.03977,0.000446,0.050002,0.138634,0.16307,0.226127,0.309742
AAATTTGCGGGTGTGG-1,0.000046,0.013279,0.000454,0.052386,0.027667,0.371203,0.378843,0.089345,0.066778
AACAACTGGTAGTTGC-1,0.000019,0.007302,0.188434,0.00702,0.484583,0.160862,0.000562,0.020846,0.130373
AACAATACATTGTCGA-1,0.000041,0.077365,0.034725,0.000041,0.018847,0.464847,0.344802,0.027162,0.03217
AACAATTACTCTACGC-1,0.050294,0.040256,0.12284,0.020776,0.049692,0.303996,0.11265,0.054206,0.245289
AACACACGCTCGCCGC-1,0.000093,0.000093,0.000093,0.05087,0.256934,0.005019,0.115957,0.407391,0.163551
AACACGACTGTACTGA-1,0.000538,0.000538,0.000538,0.000538,0.000538,0.204004,0.792231,0.000538,0.000538
AACACGAGACGCGGCC-1,0.000068,0.019899,0.035179,0.240263,0.10734,0.245987,0.133955,0.19273,0.024578
AACACGCGGCCGCGAA-1,0.000031,0.000031,0.012206,0.041252,0.330216,0.115345,0.122358,0.163544,0.215018
AACAGCTGTGTGGCAA-1,0.000041,0.024705,0.015685,0.027044,0.094274,0.178624,0.04795,0.510364,0.101314
AACAGGAAATCGAATA-1,0.000197,0.000197,0.000197,0.000197,0.000197,0.000393,0.84605,0.152378,0.000197
AACAGGATGGGCCGCG-1,0.000033,0.01323,0.07899,0.069976,0.181073,0.195911,0.066672,0.110902,0.283212
AACAGGTAGTATGGAT-1,0.000046,0.009875,0.050121,0.055618,0.086122,0.400068,0.03619,0.134685,0.227274
AACATATCAACTGGTG-1,0.000017,0.013818,0.482653,0.042027,0.045994,0.091399,0.096721,0.107853,0.119519
AACATCGATACGTCTA-1,0.000034,0.014287,0.098556,0.02083,0.153418,0.315104,0.131799,0.164007,0.101966
AACATTGAAGTTGATC-1,0.286618,0.294649,0.077786,0.003455,0.045469,0.244741,0.045618,0.001097,0.000568
AACATTGGTCAGCCGT-1,0.000141,0.047118,0.000141,0.010886,0.133869,0.387632,0.264941,0.089252,0.066018
AACATTGTGACTCGAG-1,0.00004,0.450285,0.00004,0.00004,0.00004,0.510633,0.038845,0.00004,0.00004
AACCAAGACTTCTCTG-1,0.089986,0.002077,0.044699,0.00271,0.000066,0.350776,0.469889,0.017917,0.021881
AACCATAGGGTTGAAC-1,0.000029,0.011034,0.047967,0.389373,0.405805,0.016016,0.011076,0.085279,0.033423
AACCATGGGATCGCTA-1,0.00006,0.00006,0.048728,0.010574,0.042321,0.293202,0.181296,0.333592,0.090168
AACCCAGAGACGGAGA-1,0.00004,0.006455,0.000041,0.002638,0.607533,0.129906,0.251169,0.002178,0.00004
AACCCATCCCATGATC-1,0.000116,0.000116,0.000116,0.000116,0.000116,0.419171,0.367486,0.094248,0.118517
AACCCGAGCAGAATCG-1,0.00005,0.068645,0.009357,0.038112,0.171026,0.502279,0.005256,0.158942,0.046333
AACCCTACTGTCAATA-1,0.000064,0.056631,0.035807,0.009157,0.38782,0.098443,0.41195,0.000064,0.000064
AACCCTGGTGGAACCA-1,0.000209,0.000209,0.000209,0.000209,0.000209,0.462111,0.536424,0.000209,0.000209
AACCGAGCTTGGTCAT-1,0.000086,0.000086,0.000086,0.000086,0.000086,0.00538,0.959973,0.034133,0.000086
AACCGCTAAGGGATGC-1,0.015563,0.023011,0.041202,0.020889,0.000097,0.255365,0.220713,0.258286,0.164874
AACCGTTGTGTTTGCT-1,0.000488,0.140738,0.000488,0.000488,0.000488,0.000976,0.855359,0.000488,0.000488
AACCTCGCTTTAGCCC-1,0.000068,0.049815,0.000068,0.000068,0.000068,0.159145,0.70673,0.007028,0.077008
AACCTGTCACGGAATT-1,0.000037,0.034155,0.019551,0.004388,0.128828,0.64606,0.08519,0.057506,0.024286
AACCTTTAAATACGGT-1,0.000562,0.000562,0.073486,0.000562,0.000562,0.001124,0.478742,0.443838,0.000562
AACCTTTACGACGTCT-1,0.000046,0.011646,0.06523,0.003822,0.099831,0.058467,0.421591,0.091223,0.248143
AACGAAAGTCGTCCCA-1,0.000045,0.000045,0.015301,0.192483,0.017195,0.103821,0.563191,0.084333,0.023587
AACGATAATGCCGTAG-1,0.000151,0.007451,0.072356,0.000151,0.000151,0.036592,0.768454,0.000151,0.114541
AACGATAGAAGGGCCG-1,0.034892,0.000229,0.000229,0.000229,0.296907,0.212941,0.454112,0.000229,0.000229
AACGATATGTCAACTG-1,0.000073,0.000073,0.000073,0.000073,0.000073,0.066731,0.888531,0.023266,0.021105
AACGCATGATCTGGGT-1,0.000036,0.011628,0.232685,0.000036,0.058009,0.256017,0.396044,0.004527,0.041018
AACGCGAACGGCAACA-1,0.000169,0.000169,0.000169,0.000169,0.000169,0.000338,0.549736,0.31003,0.139051
AACGCGGTCTCCAGCC-1,0.000085,0.000085,0.000085,0.000085,0.000085,0.00017,0.999238,0.000085,0.000085
AACGCTGTTGCTGAAA-1,0.00011,0.000415,0.092958,0.194527,0.296685,0.14592,0.032516,0.211496,0.025373
AACGGACGTACGTATA-1,0.000038,0.000038,0.104971,0.116119,0.170974,0.02557,0.088206,0.482212,0.011873
AACGGCCATCTCCGGT-1,0.000016,0.013274,0.008036,0.088526,0.665176,0.15467,0.05825,0.009248,0.002804
AACGTACTGTGGGTAC-1,0.000035,0.089363,0.005794,0.006534,0.257693,0.434473,0.120103,0.068527,0.017478
AACGTCAGACTAGTGG-1,0.00008,0.00008,0.042998,0.00008,0.00008,0.636673,0.078566,0.020898,0.220547
AACGTGATGAAGGACA-1,0.000089,0.000089,0.000089,0.000089,0.000089,0.000179,0.609096,0.159865,0.230414
AACGTGCGAAAGTCTC-1,0.000035,0.000035,0.107752,0.024321,0.029595,0.000069,0.660072,0.099408,0.078714
AACGTTATCAGCACCT-1,0.000022,0.000322,0.465348,0.007783,0.001148,0.166793,0.056483,0.010054,0.292047
AACTACCCGTTTGTCA-1,0.000039,0.067033,0.000203,0.008823,0.047578,0.428533,0.107781,0.316897,0.023113
AACTCAAGTTAATTGC-1,0.000041,0.123177,0.082343,0.00812,0.007129,0.724208,0.041889,0.007953,0.00514
AACTCCAGAGCGTGTT-1,0.069388,0.022994,0.004628,0.003581,0.003272,0.099396,0.455372,0.312536,0.028833
AACTCCTAATCCCATG-1,0.000058,0.005583,0.011982,0.017392,0.072924,0.170752,0.439445,0.16653,0.115334
AACTCGATAAACACGT-1,0.00011,0.00011,0.011285,0.026431,0.357928,0.003162,0.374379,0.226486,0.00011
AACTCGATGGCGCAGT-1,0.000029,0.005015,0.058355,0.127623,0.54632,0.162287,0.006649,0.054716,0.039005
AACTCTCAATAGAGCG-1,0.000039,0.032103,0.12888,0.009739,0.002574,0.116266,0.210651,0.103354,0.396395
AACTCTCAGTGTGCTC-1,0.000058,0.026735,0.01905,0.009104,0.082447,0.506935,0.162328,0.092183,0.101161
AACTGAGGTCAGCGTC-1,0.000032,0.017477,0.003718,0.000032,0.272097,0.036982,0.067189,0.400822,0.201652
AACTGAGTTATACTGA-1,0.000024,0.315886,0.009251,0.003952,0.025162,0.475131,0.106222,0.047275,0.017096
AACTGATATTAGGCCT-1,0.000082,0.034056,0.000082,0.000082,0.000082,0.087756,0.866274,0.010595,0.00099
AACTGGGTCCCGACGT-1,0.000064,0.000064,0.000064,0.000064,0.000064,0.000251,0.9993,0.000064,0.000064
AACTGGTGTGGGCCTT-1,0.000397,0.000397,0.000397,0.000397,0.000397,0.409488,0.587733,0.000397,0.000397
AACTTCTGCGTCTATC-1,0.000083,0.000083,0.060378,0.000083,0.000083,0.297082,0.355442,0.027943,0.258822
AACTTGCCCGTATGCA-1,0.000034,0.003387,0.14851,0.00556,0.035987,0.494177,0.015613,0.025723,0.271009
AACTTGCGTTCTCGCG-1,0.000028,0.000028,0.160644,0.016739,0.19874,0.030082,0.089608,0.060611,0.443519
AACTTTACGGGAGCTT-1,0.000014,0.007195,0.470511,0.010113,0.168567,0.057919,0.180541,0.014641,0.0905
AACTTTCTCGATCATG-1,0.000034,0.007402,0.034596,0.011596,0.365106,0.166358,0.061634,0.207959,0.145316
AAGAAATCACCAGATT-1,0.000045,0.003183,0.066729,0.000045,0.014778,0.284585,0.291884,0.29472,0.044029
AAGAAGGATCAGTTAG-1,0.00005,0.025721,0.043509,0.031734,0.110425,0.114498,0.315269,0.266671,0.092123
AAGACATACGTGGTTT-1,0.432083,0.144831,0.047977,0.003983,0.043419,0.246569,0.052265,0.015502,0.01337
AAGACCAAATAACTCA-1,0.007001,0.008381,0.049483,0.114014,0.25734,0.33125,0.158862,0.062229,0.01144
AAGACCCAACTGAACA-1,0.000165,0.61439,0.000165,0.141609,0.000165,0.102091,0.141088,0.000165,0.000165
AAGACTGCAAGCTACT-1,0.000158,0.017891,0.251569,0.093169,0.008324,0.359833,0.107513,0.161383,0.000161
AAGAGATGAATCGGTA-1,0.000013,0.020986,0.179129,0.002943,0.634675,0.108549,0.001315,0.01379,0.038598
AAGAGCTCTTTATCGG-1,0.000032,0.000032,0.12051,0.015253,0.000114,0.000064,0.354752,0.127142,0.382101
AAGAGGATGTACGCGA-1,0.000043,0.002357,0.024971,0.007509,0.000043,0.920252,0.009363,0.012056,0.023407
AAGAGGCATGGATCGC-1,0.012999,0.025124,0.162036,0.009887,0.057933,0.11035,0.178928,0.03744,0.405303
AAGAGGCCCTTTGGAA-1,0.000052,0.008837,0.195681,0.036533,0.486501,0.108221,0.039933,0.027247,0.096995
AAGATGGCACCGGACC-1,0.000042,0.019352,0.000042,0.000224,0.000042,0.582103,0.090452,0.162476,0.145266
AAGATTGGCGGAACGT-1,0.000011,0.000759,0.709329,0.002501,0.080451,0.008534,0.170324,0.002451,0.02564
AAGCATACTCTCCTGA-1,0.000606,0.000606,0.000606,0.000606,0.000606,0.122109,0.873648,0.000606,0.000606
AAGCCGAAGCGGTTTA-1,0.000059,0.027841,0.01836,0.064378,0.040709,0.431309,0.115909,0.147361,0.154074
AAGCCGCCGTGAAATC-1,0.000028,0.002592,0.024229,0.235331,0.509803,0.054516,0.006108,0.158947,0.008447
AAGCCGCTTTACCTTG-1,0.000032,0.019614,0.016071,0.048594,0.348706,0.068724,0.246449,0.250101,0.00171
AAGCCGGAGAGCAGGA-1,0.000027,0.265615,0.014428,0.096493,0.051641,0.432777,0.003621,0.082108,0.053289
AAGCGGAGTGCGCGCA-1,0.000273,0.212828,0.000273,0.000273,0.000273,0.087991,0.697545,0.000273,0.000273
AAGCGGCGTCATGGGT-1,0.000326,0.000326,0.184498,0.000326,0.064957,0.452569,0.080593,0.21608,0.000326
AAGCGTCCCTCATCGA-1,0.000034,0.026564,0.032511,0.063184,0.40413,0.236175,0.000034,0.193799,0.043569
AAGCTAGATCGAGTAA-1,0.000633,0.000633,0.13457,0.31732,0.069163,0.001266,0.475148,0.000633,0.000633
AAGCTCGTGCCAAGTC-1,0.000031,0.000031,0.147837,0.015836,0.018426,0.000062,0.452596,0.139597,0.225585
AAGCTCTTTCATGGTG-1,0.000089,0.000089,0.000089,0.000089,0.000089,0.036891,0.778972,0.11653,0.067164
AAGGAGCGGTTGGTGC-1,0.000076,0.000076,0.016544,0.008967,0.246362,0.303973,0.423745,0.000076,0.000181
AAGGATCGATCGCTTG-1,0.000072,0.051173,0.066252,0.000072,0.079088,0.370303,0.432898,0.000072,0.000072
AAGGATGAGGGACCTC-1,0.000014,0.007207,0.662318,0.008013,0.07156,0.046453,0.064971,0.022354,0.11711
AAGGCAGGCTGTCTCC-1,0.000038,0.022685,0.000218,0.000912,0.001929,0.824681,0.083563,0.037112,0.028863
AAGGCGCGTAAAGCTT-1,0.000041,0.000041,0.050785,0.000041,0.000041,0.040908,0.231814,0.000688,0.67564
AAGGCTGTGCTCATCG-1,0.000025,0.058045,0.024441,0.003996,0.615967,0.256245,0.041099,0.000157,0.000025
AAGGGAACGACTGGCT-1,0.00081,0.011617,0.054777,0.63561,0.046589,0.136267,0.035405,0.071635,0.007291
AAGGGACAGATTCTGT-1,0.000011,0.038293,0.619127,0.010262,0.121586,0.045118,0.117343,0.00576,0.042501
AAGGGACTATGCATTC-1,0.000035,0.035574,0.002731,0.292697,0.400508,0.160419,0.098953,0.009049,0.000035
AAGGGTTTGATTTCAG-1,0.00006,0.021235,0.030672,0.003076,0.092761,0.323078,0.416196,0.092196,0.020727
AAGGTATCCTAATATA-1,0.000013,0.015529,0.547677,0.023551,0.106234,0.011192,0.162786,0.039953,0.093066
AAGGTGATAAACCAGC-1,0.000063,0.029521,0.00997,0.057388,0.045419,0.207974,0.332688,0.260588,0.056389
AAGTAGAAGACCGGGT-1,0.000153,0.000153,0.000153,0.000153,0.000153,0.015381,0.51318,0.120905,0.349767
AAGTAGTGACGCGAGG-1,0.000047,0.022176,0.074784,0.000047,0.013823,0.823098,0.020697,0.004692,0.040637
AAGTCAATTGTCGTCA-1,0.000071,0.051855,0.072768,0.046655,0.10391,0.56562,0.045282,0.068408,0.045431
AAGTCTAGTAGCTGCC-1,0.000053,0.015169,0.034066,0.000053,0.08119,0.217797,0.240586,0.336161,0.074925
AAGTCTTCTGTGGCCT-1,0.000041,0.000041,0.025819,0.029747,0.016,0.316036,0.144183,0.231441,0.236692
AAGTGACGACCGAATT-1,0.000039,0.00775,0.031743,0.000166,0.02774,0.668294,0.144922,0.069831,0.049514
AAGTGAGTCGGGTTTA-1,0.000057,0.417504,0.000057,0.000057,0.000057,0.509286,0.070952,0.001972,0.000057
AAGTGCAAAGGTAGAC-1,0.00001,0.004073,0.430026,0.054487,0.198413,0.040349,0.024788,0.041704,0.206151
AAGTGCCTTGACTGTA-1,0.000124,0.000124,0.082272,0.000124,0.000128,0.346604,0.429603,0.077517,0.063505
AAGTGCGTTAGAATCT-1,0.000106,0.070787,0.000106,0.010567,0.074429,0.470718,0.329454,0.043107,0.000726
AAGTGTTTGGAGACGG-1,0.00018,0.00018,0.00018,0.00018,0.00018,0.00036,0.805449,0.00018,0.193112
AAGTTCACTCCAAGCT-1,0.029743,0.000039,0.045985,0.047907,0.000561,0.228201,0.481272,0.022638,0.143654
AAGTTCAGTCTGCGTA-1,0.000029,0.033313,0.146272,0.041231,0.296888,0.168825,0.274992,0.01484,0.023609
AAGTTCGGCCAACAGG-1,0.004798,0.0031,0.005203,0.025325,0.000041,0.57844,0.276599,0.090736,0.015758
AAGTTGTGATGTTATA-1,0.000058,0.063462,0.080805,0.036713,0.011742,0.413189,0.076264,0.281069,0.036699
AATAACAACGCTCGGC-1,0.014269,0.008159,0.000117,0.007666,0.000039,0.712791,0.200032,0.023772,0.033154
AATAACACTAGAACAA-1,0.000026,0.057235,0.027535,0.120959,0.263402,0.33982,0.074403,0.076111,0.040508
AATAATCTTCGTATCG-1,0.000024,0.093454,0.013465,0.05123,0.242338,0.384024,0.084165,0.113842,0.017458
AATACAATGTTTCAGG-1,0.000022,0.000022,0.426543,0.001794,0.083457,0.153383,0.055066,0.036801,0.242913
AATAGAACAGAGTGGC-1,0.000033,0.14245,0.000033,0.000033,0.000033,0.763813,0.081621,0.000033,0.011952
AATAGAATCTGTTTCA-1,0.042001,0.000051,0.021137,0.03574,0.007441,0.000102,0.143316,0.091398,0.658815
AATAGCAAGCCTCCTG-1,0.000078,0.000078,0.000078,0.000078,0.000078,0.048505,0.594763,0.071608,0.284732
AATAGCTACCGCGTGC-1,0.031057,0.018645,0.013498,0.042813,0.377684,0.061563,0.442365,0.01233,0.000045
AATAGTCGCGAGTCGG-1,0.000008,0.000008,0.693961,0.001346,0.02594,0.006765,0.209947,0.003205,0.05882
AATATCAAGGTCGGAT-1,0.00007,0.026096,0.00007,0.00007,0.00007,0.298996,0.666905,0.003474,0.004249
AATATCCTAGCAAACT-1,0.04526,0.003995,0.073078,0.044732,0.162619,0.275012,0.157278,0.13532,0.102704
AATATCGAATCAATGC-1,0.000058,0.062526,0.001513,0.009411,0.001898,0.42702,0.126173,0.083441,0.28796
AATATCGAGGGTTCTC-1,0.00002,0.000721,0.49684,0.037068,0.072378,0.061632,0.044372,0.016846,0.270122
AATATTGGAGTATTGA-1,0.000058,0.087685,0.001262,0.000788,0.000058,0.382713,0.299814,0.221485,0.006137
AATCAGACTGCAGGAC-1,0.000275,0.000275,0.041198,0.053058,0.363859,0.28874,0.252046,0.000275,0.000275
AATCATGTAAAGACTC-1,0.000106,0.000106,0.001695,0.036993,0.120751,0.01203,0.263539,0.561365,0.003414
AATCCAAGGGCCTGAG-1,0.000195,0.000195,0.000195,0.000195,0.000195,0.022012,0.699919,0.083372,0.19372
AATCCATGCAAGGGTG-1,0.000203,0.013116,0.079759,0.112413,0.035133,0.467536,0.000203,0.291433,0.000203
AATCGCCTCAGCGCCA-1,0.023727,0.000076,0.000076,0.000076,0.000076,0.214034,0.452193,0.11987,0.189873
AATCGCGCAGAGGACT-1,0.000036,0.03948,0.011022,0.008282,0.000036,0.892772,0.040431,0.000942,0.007
AATCGGTATAGCCCTC-1,0.005774,0.112545,0.124757,0.011711,0.136262,0.285899,0.094775,0.078305,0.149973
AATCGTGAGCCGAGCA-1,0.000077,0.063654,0.05135,0.000077,0.000077,0.427687,0.217029,0.184652,0.055395
AATCTAGGTTTACTTG-1,0.000057,0.063258,0.000892,0.520059,0.167192,0.063101,0.042097,0.123126,0.020217
AATCTATGCCGGAGCC-1,0.024519,0.049055,0.508503,0.018132,0.10577,0.059689,0.140945,0.013113,0.080275
AATCTCTACTGTGGTT-1,0.000032,0.000032,0.034909,0.082693,0.404559,0.049454,0.020085,0.257293,0.150943
AATCTGCGTTGGGACG-1,0.000023,0.001072,0.384472,0.003941,0.039519,0.031159,0.374475,0.020184,0.145155
AATCTGGCTTTCTAGT-1,0.00012,0.00012,0.00012,0.09133,0.007506,0.175951,0.076349,0.485991,0.162512
AATGACAGCAATGTCT-1,0.000067,0.021743,0.000067,0.000067,0.036273,0.697826,0.125973,0.104414,0.013568
AATGACGTAGGATGTC-1,0.040303,0.036557,0.009182,0.00006,0.128314,0.050385,0.6333,0.019964,0.081936
AATGACTGTCAGCCGG-1,0.000071,0.000071,0.000071,0.000071,0.000071,0.2741,0.195841,0.24965,0.280053
AATGAGTTCGCATATG-1,0.000087,0.024739,0.062602,0.000087,0.000087,0.232084,0.228665,0.021743,0.429905
AATGATGATACGCTAT-1,0.001736,0.031099,0.353637,0.023875,0.025323,0.261965,0.03243,0.035476,0.234459
AATGATGCGACTCCTG-1,0.000036,0.019114,0.172534,0.001678,0.208183,0.15176,0.044666,0.010976,0.391053
AATGCACCAAGCAATG-1,0.000026,0.039609,0.192985,0.007592,0.04319,0.188725,0.282184,0.013748,0.231939
AATGGTCCACCGTTCA-1,0.000024,0.021347,0.386123,0.011444,0.225781,0.094461,0.041264,0.083409,0.136147
AATGGTTCTCACAAGC-1,0.000361,0.000361,0.000361,0.000361,0.000361,0.291339,0.706133,0.000361,0.000361
AATGTATGGCACTGTA-1,0.000071,0.007157,0.004428,0.01504,0.000071,0.413649,0.275354,0.271268,0.012961
AATGTGCCCGAGGTGT-1,0.00006,0.035973,0.00868,0.098248,0.182483,0.427729,0.211528,0.033263,0.002036
AATGTGCTAATCTGAG-1,0.182865,0.227969,0.03678,0.003514,0.126248,0.343278,0.066445,0.005692,0.007209
AATGTTGTCGTGAGAC-1,0.004824,0.047906,0.098498,0.041261,0.141458,0.091543,0.041547,0.489057,0.043907
AATTAAAGGTCGGCGT-1,0.000089,0.093736,0.000089,0.008452,0.084519,0.495694,0.205027,0.104128,0.008266
AATTAACGGATTTCCA-1,0.002084,0.002084,0.002084,0.002084,0.002084,0.004168,0.981245,0.002084,0.002084
AATTACGAGACCCATC-1,0.00004,0.00004,0.000481,0.00004,0.152704,0.846575,0.00004,0.00004,0.00004
AATTACTCGTACGCTC-1,0.00009,0.00009,0.106449,0.000226,0.025093,0.204925,0.253393,0.29796,0.111773
AATTAGCGCTGCAGCG-1,0.00021,0.200392,0.024378,0.196715,0.176139,0.049913,0.351834,0.00021,0.00021
AATTCATAAGGGATCT-1,0.000012,0.017069,0.438019,0.111342,0.316894,0.019615,0.017689,0.027101,0.052259
AATTCATTGTCATGCA-1,0.00005,0.022717,0.057394,0.831232,0.059722,0.002427,0.014466,0.011942,0.00005
AATTCCAACTTGGTGA-1,0.000174,0.000174,0.055621,0.43303,0.000174,0.102598,0.206321,0.000174,0.201736
AATTCCAAGCATGTAC-1,0.012503,0.012503,0.887468,0.012503,0.012504,0.025007,0.012505,0.012504,0.012504
AATTCGATTCGAGGAT-1,0.000238,0.01619,0.170339,0.000238,0.208469,0.302741,0.296869,0.004678,0.000238
AATTCTAGAGTTAGGC-1,0.00026,0.079526,0.150492,0.00026,0.167871,0.413643,0.165157,0.022531,0.00026
AATTGAACGCTCTGGT-1,0.000072,0.000072,0.000072,0.000072,0.000072,0.070358,0.49277,0.239465,0.197048
AATTGCAGCAATCGAC-1,0.000042,0.054997,0.043673,0.488236,0.139443,0.150686,0.03963,0.067563,0.015729
AATTGCGTGGATTACA-1,0.382007,0.276373,0.022858,0.001302,0.080036,0.193403,0.042973,0.001014,0.000033
AATTGTGGTTGCCAAA-1,0.000024,0.103076,0.025269,0.00721,0.14037,0.320482,0.327519,0.063772,0.012278
AATTTGGGACATAGTA-1,0.000069,0.051751,0.094338,0.012182,0.032091,0.380398,0.41799,0.000069,0.011113
AATTTGGTTCCAAAGA-1,0.000109,0.062686,0.000109,0.000109,0.12219,0.106092,0.708486,0.000109,0.000109
ACAAACCATGCGTCCT-1,0.000052,0.002784,0.000052,0.080813,0.000052,0.469743,0.40673,0.014497,0.025278
ACAAAGAAGGTAGGCC-1,0.000034,0.000034,0.083332,0.08585,0.064323,0.194903,0.243296,0.253012,0.075217
ACAAAGCATGACCTAG-1,0.000038,0.055636,0.003909,0.497055,0.150147,0.234233,0.030956,0.027987,0.000038
ACAAATCGCACCGAAT-1,0.000261,0.000261,0.000261,0.000261,0.000261,0.000522,0.201744,0.796166,0.000261
ACAAATGGTAGTGTTT-1,0.000043,0.000043,0.060671,0.017905,0.022048,0.117016,0.344075,0.146191,0.292007
ACAAATTCAGATCTGA-1,0.00003,0.00003,0.062707,0.017057,0.477102,0.004354,0.026469,0.128017,0.284235
ACAACAGCATGAGCTA-1,0.000042,0.000042,0.000042,0.000042,0.000042,0.000084,0.807355,0.097124,0.095227
ACAACGGTCCCTGCGA-1,0.000009,0.000009,0.676531,0.011405,0.064778,0.123586,0.00456,0.012557,0.106567
ACAAGCAGTGCCTAGC-1,0.000029,0.026963,0.103046,0.037618,0.273897,0.392509,0.085363,0.039821,0.040753
ACAAGCTATATGGAAG-1,0.000024,0.048276,0.178563,0.035657,0.162004,0.254977,0.115673,0.14977,0.055058
ACAAGGAAATCCGCCC-1,0.000172,0.000172,0.152196,0.058142,0.000172,0.20988,0.377525,0.040175,0.161568
ACAAGGACAAGAGGTT-1,0.000018,0.035987,0.041921,0.055332,0.500616,0.300518,0.024182,0.017661,0.023766
ACAAGGATGCTTTAGG-1,0.000294,0.000294,0.000294,0.000294,0.000294,0.000588,0.412097,0.207696,0.378147
ACAAGGGCAGGCTCTG-1,0.000542,0.05762,0.000055,0.000055,0.000055,0.048485,0.51906,0.12079,0.253339
ACAATAGTCGTACGTT-1,0.000039,0.010245,0.003388,0.162689,0.441729,0.200304,0.095715,0.085852,0.000039
ACAATCCATTTAAACC-1,0.000037,0.051273,0.049113,0.000037,0.031493,0.860723,0.00725,0.000037,0.000037
ACAATGAATACGGAGA-1,0.000035,0.022499,0.035236,0.011845,0.374654,0.180031,0.083217,0.291273,0.00121
ACAATGATTCTTCTAC-1,0.000034,0.000034,0.032075,0.009167,0.146809,0.016191,0.300981,0.356542,0.138166
ACAATTGTGTCTCTTT-1,0.000088,0.060143,0.098125,0.031516,0.000088,0.119433,0.355802,0.19784,0.136965
ACAATTTAGGAGGCTC-1,0.000031,0.000031,0.296824,0.022927,0.021228,0.231896,0.183081,0.093082,0.150898
ACAATTTGAGCAGTGG-1,0.000028,0.000028,0.233968,0.006051,0.031426,0.008284,0.128448,0.059963,0.531805
ACAATTTGGCCATATT-1,0.000029,0.108612,0.03727,0.000029,0.103738,0.698477,0.030367,0.01739,0.00409
ACACAAATATTCCTAG-1,0.00004,0.109412,0.00004,0.00004,0.00004,0.130304,0.760044,0.00004,0.00004
ACACACCAGGACCAGT-1,0.000055,0.000055,0.006119,0.000055,0.000055,0.170368,0.342364,0.196869,0.284062
ACACACTTTCTACACG-1,0.000614,0.000614,0.000614,0.000614,0.417068,0.001227,0.578023,0.000614,0.000614
ACACATGATCAAATCT-1,0.000044,0.064682,0.040977,0.043367,0.103259,0.131359,0.307211,0.266295,0.042806
ACACATTGACGCAACA-1,0.000078,0.000078,0.000078,0.000078,0.000078,0.206072,0.49136,0.032036,0.270142
ACACCACATAATTAGC-1,0.000023,0.037997,0.061528,0.091272,0.379802,0.280808,0.011778,0.066417,0.070376
ACACCCAGCATGCAGC-1,0.000042,0.005784,0.005387,0.019406,0.354483,0.032995,0.561947,0.019915,0.000042
ACACCCGAGAAATCCG-1,0.005637,0.066319,0.034753,0.009469,0.109963,0.637614,0.099034,0.024069,0.013143
ACACCGAGCGCTCTTT-1,0.000067,0.000067,0.124156,0.000067,0.016796,0.216923,0.322541,0.199269,0.120115
ACACCGGTCTGACCGC-1,0.000075,0.000075,0.000075,0.016375,0.000075,0.24759,0.338622,0.157607,0.239508
ACACCTTAAGTAGGGC-1,0.00009,0.063404,0.011268,0.00009,0.143997,0.252878,0.528093,0.00009,0.00009
ACACCTTACTACTTGC-1,0.000072,0.000072,0.077519,0.000072,0.001125,0.788067,0.108268,0.024735,0.000072
ACACGAGACTCCTTCT-1,0.03748,0.000054,0.018147,0.009313,0.207756,0.000108,0.505081,0.19678,0.025282
ACACGGGAACTTAGGG-1,0.000105,0.000105,0.000105,0.000105,0.000105,0.00057,0.989295,0.003786,0.005822
ACACGTAGGCCACAAG-1,0.000046,0.084832,0.018484,0.051087,0.510989,0.146554,0.099341,0.088621,0.000046
ACACTCCAATGTCACT-1,0.00004,0.000446,0.181036,0.001352,0.003068,0.227264,0.326487,0.036702,0.223606
ACACTGATCAAGGTGT-1,0.000008,0.983158,0.000008,0.000008,0.016775,0.000017,0.000008,0.000008,0.000008
ACACTGGGACAGTCGT-1,0.000039,0.017601,0.011239,0.131655,0.408561,0.240086,0.002148,0.179967,0.008704
ACAGAACTGAGAACAA-1,0.000045,0.005548,0.001674,0.004778,0.37678,0.28447,0.274997,0.051665,0.000045
ACAGCGACATTCTCAT-1,0.04418,0.000155,0.052647,0.000155,0.010914,0.232676,0.198613,0.37965,0.081011
ACAGCGCACCCGCAGC-1,0.000188,0.029618,0.000188,0.028047,0.000188,0.010471,0.608636,0.245766,0.076897
ACAGGAGGCGCAGCCG-1,0.000313,0.000313,0.000313,0.000313,0.000313,0.098045,0.899767,0.000313,0.000313
ACAGGCTTGCCCGACT-1,0.060768,0.000045,0.000045,0.000045,0.000045,0.089861,0.561543,0.172297,0.115349
ACAGGTGGAGGTGAGG-1,0.000033,0.055775,0.004323,0.026523,0.211166,0.383165,0.318948,0.000033,0.000033
ACAGGTGTGTTGTTGC-1,0.000032,0.025119,0.219683,0.031244,0.221472,0.098187,0.324645,0.069054,0.010564
ACAGTAATACAACTTG-1,0.000065,0.006127,0.014467,0.013843,0.336246,0.244019,0.088636,0.201558,0.095038
ACAGTATACCGTGGGA-1,0.00003,0.029734,0.051661,0.001974,0.551969,0.202356,0.055982,0.087531,0.018763
ACATAAGTCGTGGTGA-1,0.000046,0.04783,0.012324,0.222866,0.182651,0.099527,0.258651,0.155358,0.020746
ACATAATAAGGCGGTG-1,0.000121,0.000121,0.000121,0.000121,0.000121,0.000242,0.99891,0.000121,0.000121
ACATCAGCTGGGACGC-1,0.000055,0.009752,0.25822,0.006607,0.027935,0.190998,0.365746,0.031155,0.109532
ACATCCTGGTAACTGT-1,0.000122,0.000122,0.089042,0.000122,0.242247,0.317564,0.086703,0.114591,0.149487
ACATCGGTCAGCCGCG-1,0.000036,0.061951,0.004257,0.009947,0.007984,0.681417,0.177567,0.044696,0.012145
ACATCGTATGCAATGG-1,0.000064,0.000064,0.00696,0.000064,0.000064,0.128864,0.528627,0.196139,0.139155
ACATCGTTAACCTAGT-1,0.000106,0.000106,0.056376,0.000106,0.000106,0.200867,0.370107,0.254346,0.117881
ACATGGCGCCAAAGTA-1,0.000188,0.083763,0.13806,0.000188,0.000188,0.558279,0.08332,0.099317,0.036698
ACATGGCTCAATTTAG-1,0.000153,0.000153,0.000153,0.000153,0.000153,0.225741,0.738969,0.013321,0.021204
ACCAAACACCCAGCGA-1,0.000033,0.034259,0.024815,0.00986,0.022254,0.294915,0.220067,0.103132,0.290665
ACCAACACCACACACT-1,0.000026,0.03927,0.068212,0.007874,0.452043,0.166158,0.157443,0.046212,0.062762
ACCAACCGCACTCCAC-1,0.000089,0.112307,0.037358,0.203226,0.023344,0.152455,0.115082,0.317955,0.038184
ACCAACGCTTATTTAT-1,0.000011,0.941682,0.014743,0.000011,0.005071,0.03845,0.000011,0.000011,0.000011
ACCAAGAACGCGTGTC-1,0.000399,0.000399,0.000399,0.000399,0.000398,0.176289,0.820922,0.000399,0.000399
ACCAAGTCATCGGCAG-1,0.000059,0.05439,0.033568,0.283973,0.106955,0.359448,0.020768,0.041761,0.099079
ACCAATATGCAAGTTA-1,0.000056,0.000056,0.318036,0.000056,0.507901,0.000111,0.092099,0.001849,0.079837
ACCACAAGTTTCTATC-1,0.00006,0.037655,0.045972,0.07783,0.32197,0.210688,0.186179,0.012842,0.106804
ACCACCAATGTAACAA-1,0.000016,0.018356,0.025219,0.000509,0.943017,0.012787,0.000016,0.000065,0.000016
ACCACCCTCTCTTCTA-1,0.000057,0.067214,0.08916,0.009191,0.364346,0.372359,0.038415,0.059201,0.000057
ACCACGTGCAGCTATA-1,0.008752,0.00003,0.076913,0.00003,0.070159,0.528453,0.245267,0.012885,0.057512
ACCACTGTTCAAGAAG-1,0.000036,0.052489,0.021212,0.014251,0.000036,0.284695,0.450918,0.117915,0.058448
ACCAGACCATAACAAC-1,0.000061,0.000061,0.091036,0.000061,0.000061,0.419902,0.246622,0.119358,0.122837
ACCAGTGCCCGGTCAA-1,0.000035,0.000046,0.028441,0.015158,0.09547,0.135082,0.084291,0.18471,0.456767
ACCAGTGCGGGAGACG-1,0.000148,0.000148,0.014591,0.032148,0.640161,0.000295,0.000148,0.293249,0.019113
ACCATCCGCCAACTAG-1,0.054467,0.000099,0.000099,0.26687,0.000099,0.098817,0.419369,0.125044,0.035136
ACCATCGTATATGGTA-1,0.000051,0.042812,0.000051,0.010422,0.058836,0.807547,0.041645,0.007896,0.030739
ACCATTAAGGGTGTCA-1,0.000076,0.024976,0.000076,0.011601,0.000076,0.221309,0.47216,0.163752,0.105972
ACCCAACGCCCGTGGC-1,0.000012,0.005296,0.369861,0.009286,0.330152,0.052594,0.026276,0.14376,0.062763
ACCCACCTACATGCTC-1,0.000017,0.018825,0.195849,0.002991,0.390557,0.135828,0.051152,0.056877,0.147904
ACCCATCTTGAGGGTA-1,0.000044,0.039096,0.000044,0.000044,0.000044,0.960597,0.000044,0.000044,0.000044
ACCCATTTGTCCCTCT-1,0.000116,0.099952,0.05244,0.129797,0.063868,0.330476,0.152032,0.02585,0.145468
ACCCGAGCGAAATTAC-1,0.000051,0.004038,0.077518,0.201883,0.179171,0.295051,0.113113,0.116214,0.01296
ACCCGGAAACTCCCAG-1,0.127191,0.002223,0.002223,0.002223,0.002223,0.004446,0.002223,0.855026,0.002223
ACCCGGAGCACCACAA-1,0.000021,0.254652,0.007922,0.045642,0.094292,0.458386,0.044342,0.06574,0.029003
ACCCGGATGACGCATC-1,0.000032,0.059614,0.038479,0.122416,0.607674,0.031821,0.017435,0.101187,0.021339
ACCCGGTTACACTTCC-1,0.000453,0.578025,0.002189,0.009816,0.01851,0.390891,0.00002,0.000077,0.00002
ACCCGTAGTCTAGTTG-1,0.000021,0.118938,0.010207,0.005167,0.000292,0.553523,0.098254,0.109658,0.10394
ACCCGTGTCATCAGTA-1,0.000097,0.579997,0.000097,0.000097,0.000097,0.393719,0.025705,0.000097,0.000097
ACCCTATAGGACTGAG-1,0.000021,0.000021,0.026186,0.008057,0.797999,0.015115,0.007409,0.062022,0.083171
ACCCTATGCCATATCG-1,0.000049,0.05774,0.000049,0.211714,0.000796,0.359137,0.069145,0.125048,0.176321
ACCCTCCCTTGCTATT-1,0.05282,0.000086,0.062857,0.614243,0.005623,0.06792,0.089435,0.078897,0.028119
ACCCTGGTAACGCCCT-1,0.000022,0.272556,0.000022,0.000022,0.127514,0.108892,0.490927,0.000022,0.000022
ACCCTTCATCTGCGAA-1,0.000152,0.000152,0.000152,0.146195,0.000152,0.000305,0.75194,0.100799,0.000152
ACCCTTGCCTGGGTCG-1,0.000067,0.00345,0.000067,0.000067,0.000067,0.224178,0.771967,0.000067,0.000067
ACCGAAGAGTCTGGTT-1,0.000092,0.000092,0.000092,0.493815,0.000092,0.25373,0.112092,0.073613,0.066384
ACCGACACATCTCCCA-1,0.000606,0.044573,0.000606,0.000606,0.55617,0.275151,0.121074,0.000606,0.000606
ACCGACTGAGTCCCAC-1,0.002277,0.000056,0.05945,0.00717,0.023276,0.000112,0.726964,0.097521,0.083175
ACCGATAGGCATAACC-1,0.000021,0.153363,0.024356,0.194891,0.185429,0.333312,0.019795,0.057798,0.031035
ACCGATATTTAATCAT-1,0.000028,0.126315,0.032462,0.004808,0.168669,0.451072,0.116677,0.057402,0.042568
ACCGATGGTAGCATCG-1,0.000045,0.014497,0.157977,0.018648,0.219602,0.306788,0.145465,0.040675,0.096304
ACCGCAATAACTGCCT-1,0.000055,0.03296,0.128314,0.004034,0.044254,0.08292,0.555778,0.067554,0.084131
ACCGCGGTGGAAGTCG-1,0.000049,0.034669,0.002698,0.008986,0.162444,0.279488,0.01248,0.42046,0.078726
ACCGGGCCTTTGTTGA-1,0.00005,0.044913,0.116369,0.102497,0.276147,0.162487,0.070543,0.165525,0.06147
ACCGGTCAGGTACACC-1,0.000104,0.000104,0.000104,0.022984,0.000104,0.45763,0.290353,0.105419,0.123196
ACCGTCCACTGGGCCC-1,0.02851,0.000023,0.064317,0.226241,0.039896,0.021982,0.180309,0.3681,0.070623
ACCGTGACCACGTGGG-1,0.000056,0.087755,0.000056,0.000056,0.000056,0.302187,0.304019,0.074609,0.231207
ACCTAAGTACCTTTCA-1,0.000054,0.061942,0.046054,0.227712,0.18204,0.160346,0.097609,0.018471,0.205774
ACCTAATCGACTTCCT-1,0.000027,0.047974,0.037756,0.040329,0.473397,0.346496,0.010365,0.036201,0.007456
ACCTACAGTATGTGGT-1,0.000048,0.019232,0.014066,0.000048,0.003501,0.960363,0.001551,0.001144,0.000048
ACCTACTATAAATCTA-1,0.000044,0.159247,0.000044,0.000044,0.230635,0.182307,0.427591,0.000044,0.000044
ACCTCCGCCCTCGCTG-1,0.0002,0.062048,0.186354,0.603008,0.147392,0.000399,0.0002,0.0002,0.0002
ACCTCCGTTATTCACC-1,0.006539,0.030688,0.048069,0.011208,0.11286,0.790529,0.000035,0.000035,0.000035
ACCTCGAACTTATGCT-1,0.000053,0.000053,0.044345,0.45859,0.066401,0.371346,0.052086,0.005102,0.002024
ACCTGCGTGTCATGTT-1,0.000048,0.039843,0.038037,0.175652,0.254272,0.244182,0.210134,0.022275,0.015557
ACGAAATGGGCGGCAC-1,0.000028,0.015087,0.01815,0.069355,0.691854,0.158996,0.007318,0.019338,0.019874
ACGACCCATGAGTTGC-1,0.000028,0.336356,0.000034,0.008715,0.000028,0.400393,0.152919,0.074796,0.02673
ACGACTGGTCATACTC-1,0.000023,0.073626,0.003647,0.020354,0.441798,0.319197,0.139361,0.001971,0.000023
ACGAGAACCCATCACG-1,0.000027,0.000027,0.006793,0.009742,0.177562,0.172489,0.026381,0.25393,0.353048
ACGAGATATTTGCTTA-1,0.000353,0.000353,0.000353,0.000353,0.000353,0.000707,0.554708,0.035144,0.407674
ACGAGGATACCACTCT-1,0.000088,0.000088,0.000088,0.657463,0.00387,0.162261,0.131486,0.035647,0.00901
ACGAGGTTTACAACGT-1,0.000094,0.121087,0.024527,0.189864,0.039526,0.105024,0.453787,0.034529,0.031561
ACGAGTACGGATGCCC-1,0.000029,0.017284,0.33164,0.013363,0.105913,0.132534,0.044214,0.114941,0.240083
ACGAGTCGCCGGCGTT-1,0.0204,0.000064,0.000064,0.036427,0.378696,0.086903,0.153148,0.041887,0.282411
ACGATACATAGAACTA-1,0.000042,0.000044,0.094691,0.043066,0.035462,0.10067,0.177066,0.415721,0.133238
ACGATACCTATCCTGA-1,0.000016,0.041966,0.299135,0.077788,0.20136,0.079429,0.107729,0.077256,0.115321
ACGATCATACATAGAG-1,0.000221,0.000221,0.000221,0.000221,0.000221,0.000442,0.933458,0.000221,0.064776
ACGATCATCTTGTAAA-1,0.000067,0.010767,0.131131,0.016764,0.177737,0.273868,0.309693,0.049481,0.030493
ACGATGCATATGTTAT-1,0.000035,0.190132,0.02771,0.000459,0.091462,0.636678,0.053454,0.000035,0.000035
ACGATGGATCCGATGC-1,0.000077,0.000077,0.000077,0.000077,0.000077,0.048127,0.951336,0.000077,0.000077
ACGCAAACTAATAGAT-1,0.000008,0.872507,0.023601,0.017465,0.073345,0.007091,0.000008,0.002861,0.003113
ACGCAATCACTACAGC-1,0.014603,0.075627,0.492506,0.058712,0.167315,0.03534,0.045095,0.03993,0.070872
ACGCATACGTTTACTA-1,0.000095,0.000095,0.037374,0.061685,0.072325,0.266729,0.056338,0.131734,0.373625
ACGCCAGATGATTTCT-1,0.000126,0.000126,0.000126,0.000126,0.000126,0.120329,0.824959,0.053908,0.000174
ACGCCGCTAGACGACC-1,0.000079,0.000079,0.000079,0.000079,0.000079,0.21741,0.593261,0.032934,0.156
ACGCCTGACACGCGCT-1,0.028287,0.023576,0.001382,0.000234,0.193055,0.005256,0.615657,0.13232,0.000234
ACGCGCTACACAGGGT-1,0.000032,0.053436,0.021844,0.308143,0.16705,0.251519,0.044391,0.074936,0.078649
ACGCGTTTCTTAAGAG-1,0.000008,0.013836,0.671695,0.013915,0.022024,0.145731,0.028827,0.02285,0.081115
ACGCTAGTGATACACT-1,0.000033,0.000033,0.156993,0.016452,0.164088,0.142729,0.068819,0.115928,0.334923
ACGCTGTGAGGCGTAG-1,0.000102,0.097903,0.000102,0.000102,0.000102,0.36211,0.16938,0.342334,0.027866
ACGGAATTTAGCAAAT-1,0.000026,0.070319,0.073816,0.000026,0.412092,0.085537,0.358132,0.000026,0.000026
ACGGAGCGCAAATTAC-1,0.000035,0.024628,0.053057,0.000035,0.063689,0.281258,0.242051,0.182231,0.153017
ACGGATGGTGCGGATA-1,0.000298,0.000298,0.000298,0.000298,0.000298,0.081282,0.874365,0.042567,0.000298
ACGGCGACGATGGGAA-1,0.02074,0.064022,0.086703,0.00003,0.063884,0.428709,0.227872,0.020352,0.087688
ACGGCGGGTTGCCCTG-1,0.00004,0.00004,0.00004,0.010253,0.00004,0.308314,0.207277,0.228937,0.245061
ACGGCTGGATGTAGAA-1,0.000027,0.02768,0.091374,0.475375,0.281057,0.105448,0.000027,0.009747,0.009265
ACGGGAGTGTCGGCCC-1,0.023785,0.007341,0.004097,0.000097,0.000117,0.290038,0.243804,0.089047,0.341675
ACGGGCGTATGCGACA-1,0.000025,0.122773,0.013817,0.004956,0.394549,0.266674,0.188299,0.008881,0.000025
ACGGGTCATGTGACTT-1,0.00005,0.000834,0.05501,0.00005,0.00005,0.2255,0.526799,0.00927,0.182437
ACGTACAGATTTCTCT-1,0.000292,0.000292,0.000292,0.000292,0.019065,0.000583,0.978602,0.000292,0.000292
ACGTAGATTGCTGATG-1,0.000255,0.000255,0.000255,0.000255,0.000255,0.000509,0.997709,0.000255,0.000255
ACGTATTACTCCGATC-1,0.000054,0.000054,0.052196,0.05489,0.657826,0.016421,0.068071,0.087615,0.062874
ACGTCGGGCAACTCGG-1,0.000217,0.097485,0.057508,0.277387,0.110739,0.363908,0.092322,0.000217,0.000217
ACGTCTCGTTCCGGGA-1,0.000036,0.087242,0.001789,0.050652,0.342027,0.072013,0.444647,0.001558,0.000036
ACGTGACAAAGTAAGT-1,0.032283,0.074221,0.062067,0.129342,0.107387,0.570296,0.017196,0.003671,0.003537
ACGTGCGCCTCGTGCA-1,0.003031,0.003031,0.003031,0.003031,0.003031,0.628869,0.003031,0.349913,0.003031
ACGTTAATGTCGAAGA-1,0.000101,0.000101,0.017574,0.00063,0.000101,0.389269,0.381985,0.042572,0.167668
ACGTTAGATTTGCCCG-1,0.000044,0.15166,0.032021,0.015871,0.048494,0.739184,0.012638,0.000044,0.000044
ACGTTATTGGTCACTC-1,0.00895,0.010497,0.804216,0.005544,0.166438,0.002522,0.000007,0.000195,0.001631
ACGTTCGCAATCAATT-1,0.000028,0.040784,0.056834,0.082613,0.302887,0.45795,0.030549,0.014167,0.014189
ACGTTCGTTCAGGAAA-1,0.000054,0.083559,0.000054,0.000054,0.000054,0.763129,0.111222,0.004398,0.037476
ACGTTTAGTTGTGATC-1,0.000197,0.000197,0.000197,0.000197,0.270282,0.042603,0.647469,0.03866,0.000197
ACTAAGGACGCACACC-1,0.000328,0.138863,0.000328,0.000328,0.175661,0.29191,0.391926,0.000328,0.000328
ACTAATACGTCAGGCG-1,0.000074,0.000074,0.000074,0.000074,0.000074,0.305342,0.220164,0.258822,0.215301
ACTACATCCCGACAAG-1,0.000069,0.005115,0.007308,0.070308,0.000069,0.402558,0.321315,0.127348,0.06591
ACTACCAGCTCTCTGG-1,0.000073,0.0164,0.000073,0.000073,0.158012,0.083607,0.741615,0.000073,0.000073
ACTAGTTGCGATCGTC-1,0.000069,0.000069,0.000069,0.013608,0.023653,0.535343,0.079161,0.118466,0.229563
ACTATATGCTGTGTTC-1,0.000058,0.036072,0.030981,0.000114,0.053821,0.320178,0.158528,0.164047,0.236201
