Barcode,Topic 1,Topic 2,Topic 3,Topic 4,Topic 5,Topic 6
AAACAACGAATAGTTC-1,0.18486,0.475139,0.284961,0.05461,0.000215,0.000215
AAACAAGTATCTCCCA-1,0.002773,0.353223,0.635754,0.002784,0.002733,0.002733
AAACACCAATAACTGC-1,0.000509,0.400927,0.368094,0.229462,0.000504,0.000504
AAACAGAGCGACTCCT-1,0.201192,0.682031,0.116416,0.000121,0.00012,0.00012
AAACAGCTTTCAGAAG-1,0.00015,0.000151,0.842644,0.156757,0.000149,0.000149
AAACAGGGTCTATATT-1,0.000947,0.20889,0.658048,0.130243,0.000936,0.000936
AAACATTTCCCGGATT-1,0.00196,0.619221,0.16151,0.213433,0.001938,0.001938
AAACCCGAACGAAATC-1,0.312402,0.368052,0.033463,0.285784,0.000149,0.000149
AAACCGGAAATGTTAA-1,0.001871,0.588478,0.001874,0.404073,0.001852,0.001852
AAACCGGGTAGGTACC-1,0.000783,0.910089,0.086793,0.000785,0.000775,0.000775
AAACCGTTCGTCCAGG-1,0.321986,0.394615,0.282171,0.000412,0.000408,0.000408
AAACCTAAGCAGCCGG-1,0.332383,0.002517,0.261159,0.398965,0.002488,0.002488
AAACCTCATGAAGTTG-1,0.732879,0.000011,0.000011,0.267077,0.000011,0.000011
AAACGAGACGGTTGAT-1,0.453479,0.259468,0.278543,0.00286,0.002825,0.002825
AAACGGGCGTACGGGT-1,0.002443,0.002443,0.551834,0.438449,0.002416,0.002416
AAACTCGGTTCGCAAT-1,0.001008,0.50074,0.261561,0.234695,0.000998,0.000998
AAACTCGTGATATAAG-1,0.10033,0.616543,0.001417,0.278908,0.001401,0.001401
AAACTGCTGGCTCCAA-1,0.192182,0.046873,0.286433,0.474346,0.000083,0.000083
AAACTTGCAAACGTAT-1,0.118896,0.023151,0.580448,0.277358,0.000073,0.000073
AAAGACTGGGCGCTTT-1,0.463919,0.20033,0.335568,0.000061,0.000061,0.000061
AAAGGCTCTCGCGCCG-1,0.000187,0.335898,0.279083,0.38446,0.000185,0.000185
AAAGGGCAGCTTGAAT-1,0.106959,0.779427,0.113208,0.000136,0.000135,0.000135
AAAGTAGCATTGCTCA-1,0.205777,0.049294,0.08624,0.657711,0.000489,0.000489
AAAGTCGACCCTCAGT-1,0.305287,0.347264,0.037479,0.309852,0.000059,0.000059
AAAGTGCCATCAATTA-1,0.041784,0.853693,0.031811,0.072245,0.000233,0.000233
AAAGTGTGATTTATCT-1,0.000911,0.821895,0.000911,0.174481,0.000901,0.000901
AAAGTTGACTCCCGTA-1,0.286759,0.448074,0.029143,0.234459,0.000783,0.000783
AAATAACCATACGGGA-1,0.000155,0.938794,0.010357,0.050389,0.000153,0.000153
AAATAAGGTAGTGCCC-1,0.000102,0.810609,0.036647,0.152439,0.000101,0.000101
AAATACCTATAAGCAT-1,0.000168,0.000168,0.887141,0.112192,0.000166,0.000166
AAATAGCTTAGACTTT-1,0.073134,0.553414,0.28801,0.08503,0.000206,0.000206
AAATAGGGTGCTATTG-1,0.00018,0.121793,0.772538,0.105133,0.000178,0.000178
AAATCCGATACACGCC-1,0.00108,0.00108,0.794706,0.200998,0.001069,0.001069
AAATCGTGTACCACAA-1,0.145845,0.416715,0.190731,0.246516,0.000096,0.000096
AAATCTAGCCCTGCTA-1,0.002372,0.002375,0.303984,0.686574,0.002348,0.002348
AAATGATTCGATCAGC-1,0.645071,0.235219,0.119242,0.000362,0.000053,0.000053
AAATGCTCGTTACGTT-1,0.079638,0.836113,0.083704,0.000183,0.000181,0.000181
AAATGGCATGTCTTGT-1,0.231688,0.116565,0.651489,0.000086,0.000086,0.000086
AAATGGCCCGTGCCCT-1,0.000167,0.086649,0.804583,0.10827,0.000165,0.000165
AAATGGTCAATGTGCC-1,0.096846,0.712594,0.102173,0.087885,0.000251,0.000251
AAATTAATAAGCGCGA-1,0.119576,0.085492,0.577293,0.21749,0.000075,0.000075
AAATTACACGACTCTG-1,0.000509,0.48404,0.387423,0.127021,0.000504,0.000504
AAATTACCTATCGATG-1,0.000368,0.859347,0.13919,0.000368,0.000364,0.000364
AAATTCCAGGTCCAAA-1,0.152664,0.635849,0.211237,0.000084,0.000083,0.000083
AAATTGATAGTCCTTT-1,0.000636,0.46319,0.32578,0.209136,0.000629,0.000629
AAATTGCGGCGGTTCT-1,0.113304,0.75166,0.097099,0.03776,0.000088,0.000088
AAATTTGCGGGTGTGG-1,0.259504,0.436578,0.226552,0.076416,0.000475,0.000475
AACAACTGGTAGTTGC-1,0.027955,0.900151,0.000128,0.071513,0.000127,0.000127
AACAATTACTCTACGC-1,0.212178,0.178228,0.607085,0.000842,0.000833,0.000833
AACACACGCTCGCCGC-1,0.393858,0.003828,0.590909,0.003829,0.003788,0.003788
AACACGAGACGCGGCC-1,0.152105,0.150473,0.642951,0.054137,0.000167,0.000167
AACACGCGGCCGCGAA-1,0.019629,0.692283,0.05419,0.233753,0.000072,0.000072
AACAGCTGTGTGGCAA-1,0.000376,0.525552,0.354211,0.119116,0.000372,0.000372
AACAGGAAATCGAATA-1,0.049697,0.515071,0.330366,0.103913,0.000476,0.000476
AACAGGATGGGCCGCG-1,0.234912,0.71,0.054754,0.000112,0.000111,0.000111
AACAGGTAGTATGGAT-1,0.00804,0.008032,0.95998,0.008074,0.007937,0.007937
AACATATCAACTGGTG-1,0.250069,0.587499,0.161815,0.000207,0.000205,0.000205
AACATTGGTCAGCCGT-1,0.072516,0.572985,0.186766,0.167581,0.000076,0.000076
AACCAAGACTTCTCTG-1,0.641421,0.021869,0.000131,0.336321,0.000129,0.000129
AACCATGGGATCGCTA-1,0.225412,0.631732,0.142563,0.000098,0.000097,0.000097
AACCCAGAGACGGAGA-1,0.295523,0.564754,0.139499,0.000075,0.000075,0.000075
AACCCATCCCATGATC-1,0.000931,0.452308,0.318738,0.226182,0.000921,0.000921
AACCCGAGCAGAATCG-1,0.002594,0.73549,0.002593,0.254193,0.002564,0.002564
AACCCTACTGTCAATA-1,0.358073,0.25786,0.143034,0.240073,0.00048,0.00048
AACCCTGGTGGAACCA-1,0.000099,0.020245,0.848125,0.131333,0.000098,0.000098
AACCGAGCTTGGTCAT-1,0.412439,0.043806,0.41431,0.129346,0.000049,0.000049
AACCGCTAAGGGATGC-1,0.001633,0.75109,0.001638,0.242401,0.001618,0.001618
AACCTCGCTTTAGCCC-1,0.263843,0.059763,0.419516,0.256341,0.000268,0.000268
AACCTGTCACGGAATT-1,0.014986,0.85703,0.023643,0.104194,0.000073,0.000073
AACCTTTAAATACGGT-1,0.109566,0.000186,0.745294,0.144586,0.000184,0.000184
AACCTTTACGACGTCT-1,0.000111,0.82857,0.003998,0.167103,0.000109,0.000109
AACGATAATGCCGTAG-1,0.197602,0.000089,0.68471,0.117424,0.000088,0.000088
AACGATATGTCAACTG-1,0.077601,0.192188,0.729675,0.00018,0.000178,0.000178
AACGCATGATCTGGGT-1,0.270344,0.551483,0.125473,0.05247,0.000115,0.000115
AACGCGAACGGCAACA-1,0.005298,0.896458,0.003935,0.094113,0.000098,0.000098
AACGCTGTTGCTGAAA-1,0.001442,0.001441,0.747937,0.246331,0.001425,0.001425
AACGGACGTACGTATA-1,0.003509,0.67053,0.003515,0.315501,0.003473,0.003473
AACGGCCATCTCCGGT-1,0.002814,0.465546,0.523267,0.002816,0.002778,0.002778
AACGTACTGTGGGTAC-1,0.173552,0.59391,0.231079,0.00049,0.000485,0.000485
AACGTCAGACTAGTGG-1,0.163104,0.677297,0.159175,0.000142,0.000141,0.000141
AACGTGCGAAAGTCTC-1,0.382959,0.060735,0.002339,0.553709,0.000129,0.000129
AACGTTATCAGCACCT-1,0.228453,0.713326,0.054072,0.001395,0.001378,0.001378
AACTACCCGTTTGTCA-1,0.448259,0.21868,0.002342,0.326089,0.002315,0.002315
AACTCAAGTTAATTGC-1,0.000196,0.000196,0.72363,0.27559,0.000194,0.000194
AACTCCAGAGCGTGTT-1,0.000103,0.000103,0.375378,0.624213,0.000102,0.000102
AACTCCTAATCCCATG-1,0.197557,0.740921,0.061335,0.000063,0.000062,0.000062
AACTCGATAAACACGT-1,0.00075,0.000751,0.504658,0.492353,0.000744,0.000744
AACTCGATGGCGCAGT-1,0.169437,0.689438,0.058627,0.082314,0.000092,0.000092
AACTCTCAATAGAGCG-1,0.205694,0.466284,0.195484,0.130802,0.000868,0.000868
AACTCTCAGTGTGCTC-1,0.137218,0.631047,0.230865,0.000292,0.000289,0.000289
AACTTCTGCGTCTATC-1,0.155318,0.84201,0.000671,0.000672,0.000664,0.000664
AACTTGCCCGTATGCA-1,0.247919,0.526971,0.22289,0.000746,0.000738,0.000738
AACTTGCGTTCTCGCG-1,0.052921,0.906826,0.039297,0.000321,0.000317,0.000317
AACTTTACGGGAGCTT-1,0.059598,0.158957,0.670577,0.11072,0.000074,0.000074
AAGAAGGATCAGTTAG-1,0.276667,0.44247,0.280443,0.000141,0.00014,0.00014
AAGACATACGTGGTTT-1,0.004776,0.865212,0.039517,0.090146,0.000174,0.000174
AAGACTAACCCGTTGT-1,0.144785,0.611587,0.049146,0.194317,0.000082,0.000082
AAGACTGCAAGCTACT-1,0.365311,0.02836,0.157402,0.448839,0.000044,0.000044
AAGAGATGAATCGGTA-1,0.239568,0.630391,0.12954,0.000168,0.000167,0.000167
AAGAGCTCTTTATCGG-1,0.000329,0.466714,0.459885,0.07242,0.000326,0.000326
AAGAGGATGTACGCGA-1,0.240255,0.378758,0.233461,0.146458,0.000534,0.000534
AAGAGGCATGGATCGC-1,0.582434,0.217098,0.107822,0.092186,0.00023,0.00023
AAGAGGCCCTTTGGAA-1,0.183913,0.354445,0.000807,0.45924,0.000798,0.000798
AAGATGGCACCGGACC-1,0.055598,0.737927,0.153575,0.052283,0.000309,0.000309
AAGATTGGCGGAACGT-1,0.270054,0.72505,0.001231,0.001231,0.001217,0.001217
AAGCACCCTGCGTATC-1,0.254883,0.001786,0.484993,0.258186,0.000076,0.000076
AAGCATACTCTCCTGA-1,0.384064,0.000037,0.179546,0.436279,0.000037,0.000037
AAGCCGAAGCGGTTTA-1,0.11731,0.343402,0.357896,0.180601,0.000395,0.000395
AAGCCGGAGAGCAGGA-1,0.003314,0.57261,0.414224,0.003316,0.003268,0.003268
AAGCGCAGGGCTTTGA-1,0.000666,0.252398,0.494365,0.251253,0.000659,0.000659
AAGCGTCCCTCATCGA-1,0.148166,0.641353,0.20959,0.000299,0.000296,0.000296
AAGCTAGATCGAGTAA-1,0.000129,0.000129,0.965866,0.03362,0.000128,0.000128
AAGCTCGTGCCAAGTC-1,0.236517,0.375639,0.214908,0.172738,0.000099,0.000099
AAGCTCTTTCATGGTG-1,0.042376,0.094234,0.862719,0.000226,0.000223,0.000223
AAGGATCGATCGCTTG-1,0.389166,0.384874,0.119273,0.106297,0.000195,0.000195
AAGGATGAGGGACCTC-1,0.271887,0.657065,0.00693,0.062826,0.000646,0.000646
AAGGCAGGCTGTCTCC-1,0.004369,0.864334,0.02675,0.104408,0.00007,0.00007
AAGGCGCGTAAAGCTT-1,0.205333,0.663529,0.130826,0.000105,0.000104,0.000104
AAGGCTGTGCTCATCG-1,0.012535,0.892726,0.031703,0.062836,0.0001,0.0001
AAGGGACAGATTCTGT-1,0.625826,0.155347,0.217779,0.000351,0.000348,0.000348
AAGGTATCCTAATATA-1,0.00019,0.081589,0.76968,0.148164,0.000188,0.000188
AAGGTGATAAACCAGC-1,0.166582,0.257406,0.572401,0.001213,0.001199,0.001199
AAGTAGTGACGCGAGG-1,0.129796,0.644733,0.223745,0.000579,0.000573,0.000573
AAGTCAATTGTCGTCA-1,0.064825,0.584941,0.178038,0.166818,0.002689,0.002689
AAGTCTTCTGTGGCCT-1,0.000386,0.000386,0.886545,0.111918,0.000382,0.000382
AAGTGACGACCGAATT-1,0.682446,0.0558,0.02646,0.235104,0.000095,0.000095
AAGTGCAAAGGTAGAC-1,0.136963,0.252008,0.610818,0.000071,0.00007,0.00007
AAGTGCCTTGACTGTA-1,0.000535,0.719835,0.000535,0.278037,0.000529,0.000529
AAGTGCGTTAGAATCT-1,0.001153,0.611228,0.38418,0.001155,0.001142,0.001142
AAGTGTTTGGAGACGG-1,0.000252,0.000734,0.998262,0.000253,0.00025,0.00025
AAGTTCACTCCAAGCT-1,0.000189,0.208437,0.611465,0.179534,0.000188,0.000188
AAGTTCAGTCTGCGTA-1,0.230492,0.662007,0.074051,0.033241,0.000105,0.000105
AAGTTCGGCCAACAGG-1,0.000746,0.000746,0.940212,0.056821,0.000738,0.000738
AAGTTGTGATGTTATA-1,0.259221,0.630067,0.10364,0.002377,0.002348,0.002348
AATAACAACGCTCGGC-1,0.315374,0.251492,0.390806,0.041518,0.000405,0.000405
AATAACACTAGAACAA-1,0.000344,0.689417,0.185049,0.124511,0.00034,0.00034
AATAAGTCCTCGAGAC-1,0.16867,0.278375,0.248623,0.304284,0.000024,0.000024
AATAATCTTCGTATCG-1,0.001327,0.527982,0.195685,0.272381,0.001312,0.001312
AATACAATGTTTCAGG-1,0.295472,0.418153,0.283589,0.000934,0.000926,0.000926
AATAGAACAGAGTGGC-1,0.351781,0.56202,0.085356,0.000283,0.00028,0.00028
AATAGAATCTGTTTCA-1,0.31948,0.002308,0.03652,0.641536,0.000078,0.000078
AATAGCTACCGCGTGC-1,0.037997,0.490639,0.096708,0.374484,0.000086,0.000086
AATAGTCGCGAGTCGG-1,0.049268,0.308763,0.641581,0.00013,0.000129,0.000129
AATATCCTAGCAAACT-1,0.000762,0.146008,0.580968,0.270753,0.000754,0.000754
AATATCGAATCAATGC-1,0.002482,0.278357,0.711769,0.00249,0.002451,0.002451
AATATCGAGGGTTCTC-1,0.068502,0.889619,0.015048,0.026475,0.000178,0.000178
AATATTGGAGTATTGA-1,0.225012,0.648075,0.000928,0.12424,0.000873,0.000873
AATCAGACTGCAGGAC-1,0.231319,0.550078,0.218109,0.000166,0.000164,0.000164
AATCATGTAAAGACTC-1,0.408309,0.001664,0.348154,0.238604,0.001634,0.001634
AATCCATGCAAGGGTG-1,0.274656,0.541562,0.123478,0.060107,0.000098,0.000098
AATCGCCTCAGCGCCA-1,0.00026,0.00026,0.959404,0.039563,0.000257,0.000257
AATCGCGCAGAGGACT-1,0.213211,0.59683,0.107549,0.081951,0.00023,0.00023
AATCGTGAGCCGAGCA-1,0.239739,0.508089,0.107654,0.141669,0.001425,0.001425
AATCTAGGTTTACTTG-1,0.000326,0.279805,0.604467,0.114758,0.000322,0.000322
AATCTATGCCGGAGCC-1,0.0409,0.699039,0.102785,0.156749,0.000263,0.000263
AATCTCTACTGTGGTT-1,0.005741,0.029917,0.789995,0.173971,0.000188,0.000188
AATCTGCGTTGGGACG-1,0.138472,0.741019,0.11945,0.000356,0.000352,0.000352
AATCTGGCTTTCTAGT-1,0.132042,0.212982,0.546662,0.10779,0.000262,0.000262
AATGACAGCAATGTCT-1,0.205064,0.227922,0.562964,0.001361,0.001344,0.001344
AATGACGTAGGATGTC-1,0.03421,0.031144,0.839589,0.094681,0.000188,0.000188
AATGAGTTCGCATATG-1,0.063601,0.687586,0.24773,0.000364,0.00036,0.00036
AATGATGATACGCTAT-1,0.207654,0.717894,0.073347,0.000371,0.000367,0.000367
AATGATGCGACTCCTG-1,0.106305,0.804741,0.088611,0.000115,0.000114,0.000114
AATGCACCAAGCAATG-1,0.252723,0.703592,0.043157,0.000177,0.000175,0.000175
AATGGTCCACCGTTCA-1,0.263176,0.26415,0.471544,0.000379,0.000375,0.000375
AATGGTTCTCACAAGC-1,0.234385,0.694389,0.070933,0.000098,0.000097,0.000097
AATGTGCCCGAGGTGT-1,0.000937,0.703429,0.292845,0.000938,0.000926,0.000926
AATGTTGTCGTGAGAC-1,0.124639,0.643361,0.230859,0.000383,0.000379,0.000379
AATTAAAGGTCGGCGT-1,0.22987,0.509042,0.260214,0.000293,0.00029,0.00029
AATTACTCGTACGCTC-1,0.001014,0.275957,0.643472,0.077549,0.001004,0.001004
AATTCATAAGGGATCT-1,0.098371,0.687047,0.213628,0.00032,0.000317,0.000317
AATTCCAACTTGGTGA-1,0.465314,0.248521,0.060183,0.225669,0.000156,0.000156
AATTCGATTCGAGGAT-1,0.53627,0.000604,0.056265,0.405665,0.000597,0.000597
AATTGAACGCTCTGGT-1,0.000206,0.255883,0.51637,0.227134,0.000204,0.000204
AATTGCAGCAATCGAC-1,0.004015,0.124791,0.693267,0.16999,0.003969,0.003969
AATTGTGGTTGCCAAA-1,0.025685,0.815376,0.023093,0.135683,0.000082,0.000082
AATTTGGGACATAGTA-1,0.008295,0.877846,0.021025,0.092639,0.000098,0.000098
AATTTGGTTCCAAAGA-1,0.000691,0.378728,0.431262,0.187953,0.000683,0.000683
ACAAAGAAGGTAGGCC-1,0.000125,0.000125,0.606573,0.392929,0.000124,0.000124
ACAAAGCATGACCTAG-1,0.191795,0.30754,0.014323,0.483654,0.001344,0.001344
ACAAATCGCACCGAAT-1,0.000145,0.055275,0.766846,0.177448,0.000143,0.000143
ACAAATGGTAGTGTTT-1,0.003921,0.000265,0.895411,0.099878,0.000262,0.000262
ACAACAGCATGAGCTA-1,0.00021,0.133445,0.77157,0.094358,0.000208,0.000208
ACAACGGTCCCTGCGA-1,0.70898,0.018993,0.000029,0.27194,0.000029,0.000029
ACAAGCAGTGCCTAGC-1,0.512727,0.010565,0.000336,0.475707,0.000333,0.000333
ACAAGCTATATGGAAG-1,0.001315,0.213193,0.491651,0.291236,0.001302,0.001302
ACAAGGAAATCCGCCC-1,0.000184,0.000184,0.843866,0.155402,0.000182,0.000182
ACAAGGACAAGAGGTT-1,0.278013,0.616872,0.037944,0.067021,0.000075,0.000075
ACAAGGATGCTTTAGG-1,0.124508,0.283479,0.591462,0.000185,0.000183,0.000183
ACAAGGGCAGGCTCTG-1,0.00011,0.00011,0.706439,0.293124,0.000109,0.000109
ACAATAGTCGTACGTT-1,0.231993,0.046374,0.000032,0.721538,0.000031,0.000031
ACAATCCATTTAAACC-1,0.411665,0.174426,0.393337,0.019904,0.000334,0.000334
ACAATGAATACGGAGA-1,0.000554,0.773928,0.162604,0.061817,0.000548,0.000548
ACAATTGTGTCTCTTT-1,0.328757,0.000069,0.000069,0.670966,0.000069,0.000069
ACAATTTAGGAGGCTC-1,0.068086,0.135834,0.610612,0.185295,0.000086,0.000086
ACAATTTGAGCAGTGG-1,0.001892,0.578101,0.279328,0.136934,0.001873,0.001873
ACAATTTGGCCATATT-1,0.154685,0.730685,0.030367,0.084087,0.000088,0.000088
ACACACCAGGACCAGT-1,0.331365,0.118556,0.000377,0.548955,0.000373,0.000373
ACACATTGACGCAACA-1,0.000317,0.003478,0.892083,0.103496,0.000313,0.000313
ACACCACATAATTAGC-1,0.012587,0.768888,0.080247,0.138147,0.000066,0.000066
ACACCCGAGAAATCCG-1,0.23983,0.566297,0.193608,0.000089,0.000088,0.000088
ACACCGAGCGCTCTTT-1,0.001776,0.001777,0.991165,0.001773,0.001755,0.001755
ACACCTTAAGTAGGGC-1,0.159693,0.729,0.050039,0.061055,0.000106,0.000106
ACACCTTACTACTTGC-1,0.322892,0.480541,0.062808,0.133567,0.000096,0.000096
ACACGAGACTCCTTCT-1,0.08213,0.062704,0.691903,0.162987,0.000138,0.000138
ACACGGCACTATGCAT-1,0.00008,0.00008,0.805708,0.193975,0.000079,0.000079
ACACGGGAACTTAGGG-1,0.000201,0.410901,0.468793,0.119708,0.000198,0.000198
ACACGTAGGCCACAAG-1,0.002304,0.772234,0.002311,0.218585,0.002283,0.002283
ACACTCCAATGTCACT-1,0.348206,0.583772,0.065678,0.000786,0.000779,0.000779
ACACTGATCAAGGTGT-1,0.589809,0.149009,0.166032,0.092439,0.001355,0.001355
ACACTGGGACAGTCGT-1,0.002055,0.609219,0.206671,0.177989,0.002033,0.002033
ACAGAACTGAGAACAA-1,0.371222,0.070368,0.29853,0.259022,0.000429,0.000429
ACAGCGACATTCTCAT-1,0.000956,0.60163,0.006173,0.389347,0.000947,0.000947
ACAGCGCACCCGCAGC-1,0.000475,0.000475,0.856535,0.141572,0.000471,0.000471
ACAGGAGGCGCAGCCG-1,0.022076,0.11355,0.864107,0.00009,0.000089,0.000089
ACAGGCTTGCCCGACT-1,0.347587,0.249487,0.401646,0.000429,0.000425,0.000425
ACAGGTGGAGGTGAGG-1,0.129491,0.628655,0.239392,0.000827,0.000817,0.000817
ACAGTAATACAACTTG-1,0.114797,0.113043,0.694609,0.076428,0.000561,0.000561
ACATCAGCTGGGACGC-1,0.3161,0.403162,0.280576,0.000054,0.000054,0.000054
ACATCCTGGTAACTGT-1,0.598636,0.388706,0.003181,0.003186,0.003145,0.003145
ACATCGGTCAGCCGCG-1,0.000271,0.000272,0.487316,0.511603,0.000269,0.000269
ACATCGTATGCAATGG-1,0.016404,0.022578,0.289841,0.670993,0.000092,0.000092
ACATCGTTAACCTAGT-1,0.000112,0.010737,0.841026,0.147904,0.000111,0.000111
ACATCTCAACGCGTAA-1,0.081308,0.470349,0.000126,0.447966,0.000125,0.000125
ACATGGCGCCAAAGTA-1,0.630701,0.36526,0.001016,0.001015,0.001004,0.001004
ACATGGCTCAATTTAG-1,0.153167,0.62262,0.223571,0.000216,0.000213,0.000213
ACCAACACCACACACT-1,0.159858,0.581051,0.182234,0.076706,0.000075,0.000075
ACCAACCGCACTCCAC-1,0.064072,0.3977,0.002161,0.531794,0.002137,0.002137
ACCAACGCTTATTTAT-1,0.343855,0.270528,0.383517,0.000705,0.000697,0.000697
ACCAATATGCAAGTTA-1,0.000137,0.000137,0.743258,0.256196,0.000136,0.000136
ACCACCAATGTAACAA-1,0.079562,0.666808,0.101248,0.15187,0.000256,0.000256
ACCACGTGCAGCTATA-1,0.000198,0.002053,0.812652,0.184706,0.000195,0.000195
ACCACTGTTCAAGAAG-1,0.000474,0.093341,0.429373,0.475872,0.00047,0.00047
ACCAGACCATAACAAC-1,0.000196,0.033177,0.845046,0.121192,0.000194,0.000194
ACCAGCCCGGTCTTTG-1,0.271334,0.421619,0.00021,0.306422,0.000207,0.000207
ACCAGTGCGGGAGACG-1,0.373075,0.36674,0.00029,0.259322,0.000287,0.000287
ACCATCCGCCAACTAG-1,0.11798,0.361664,0.298534,0.221592,0.000115,0.000115
ACCATCGTATATGGTA-1,0.098169,0.597368,0.256538,0.04754,0.000192,0.000192
ACCATTAAGGGTGTCA-1,0.000279,0.081176,0.494859,0.423134,0.000276,0.000276
ACCCAACGCCCGTGGC-1,0.004221,0.004218,0.427304,0.555923,0.004167,0.004167
ACCCACCTACATGCTC-1,0.164652,0.707473,0.127443,0.000145,0.000144,0.000144
ACCCATCTTGAGGGTA-1,0.000369,0.19276,0.472366,0.333777,0.000365,0.000365
ACCCATTTGTCCCTCT-1,0.001479,0.615775,0.067393,0.312429,0.001462,0.001462
ACCCGGAGCACCACAA-1,0.006748,0.715792,0.00674,0.257384,0.006668,0.006668
ACCCGGATGACGCATC-1,0.001133,0.994366,0.001132,0.001131,0.001119,0.001119
ACCCGGTTACACTTCC-1,0.036353,0.651647,0.263939,0.047471,0.000295,0.000295
ACCCGTAGTCTAGTTG-1,0.157125,0.632276,0.022395,0.187993,0.000105,0.000105
ACCCGTGTCATCAGTA-1,0.032699,0.420078,0.245046,0.302092,0.000042,0.000042
ACCCTATAGGACTGAG-1,0.095145,0.732657,0.171312,0.000297,0.000294,0.000294
ACCCTATGCCATATCG-1,0.107436,0.775193,0.116131,0.000416,0.000412,0.000412
ACCCTCCCTTGCTATT-1,0.000163,0.037104,0.616799,0.34561,0.000162,0.000162
ACCGAAGAGTCTGGTT-1,0.000473,0.525645,0.208116,0.264829,0.000468,0.000468
ACCGACTGAGTCCCAC-1,0.222985,0.386364,0.321475,0.068026,0.000575,0.000575
ACCGATAGGCATAACC-1,0.000551,0.81478,0.096753,0.086826,0.000545,0.000545
ACCGATATTTAATCAT-1,0.050542,0.79789,0.001533,0.147004,0.001515,0.001515
ACCGATGGTAGCATCG-1,0.524614,0.012044,0.427457,0.012073,0.011906,0.011906
ACCGCAATAACTGCCT-1,0.000145,0.000145,0.784513,0.21491,0.000144,0.000144
ACCGCGGTGGAAGTCG-1,0.119407,0.606852,0.269305,0.001487,0.001475,0.001475
ACCGGGCCTTTGTTGA-1,0.498462,0.00037,0.00037,0.500066,0.000366,0.000366
ACCTAAGTACCTTTCA-1,0.231035,0.00155,0.65658,0.107777,0.001529,0.001529
ACCTAATCGACTTCCT-1,0.247814,0.394905,0.354583,0.000906,0.000896,0.000896
ACCTACAGTATGTGGT-1,0.54636,0.000557,0.000041,0.45296,0.000041,0.000041
ACCTCCGCCCTCGCTG-1,0.001369,0.00137,0.524133,0.470418,0.001355,0.001355
ACCTCCGTTATTCACC-1,0.116961,0.760017,0.122712,0.000104,0.000103,0.000103
ACCTGCGTGTCATGTT-1,0.000171,0.000171,0.742521,0.2568,0.000169,0.000169
ACGAAATGGGCGGCAC-1,0.324914,0.597,0.02923,0.048196,0.00033,0.00033
ACGACCCATGAGTTGC-1,0.64491,0.004219,0.338324,0.004213,0.004167,0.004167
ACGAGAACCCATCACG-1,0.057005,0.762507,0.03666,0.143659,0.000084,0.000084
ACGAGATATTTGCTTA-1,0.035807,0.531034,0.08901,0.343654,0.000247,0.000247
ACGAGGATACCACTCT-1,0.000143,0.133393,0.711013,0.155169,0.000141,0.000141
ACGAGGTTTACAACGT-1,0.004453,0.349729,0.266785,0.378531,0.000251,0.000251
ACGAGTACGGATGCCC-1,0.003976,0.944675,0.000229,0.050666,0.000227,0.000227
ACGAGTCGCCGGCGTT-1,0.000212,0.000212,0.775605,0.223551,0.00021,0.00021
ACGATACATAGAACTA-1,0.000142,0.458898,0.421527,0.119151,0.000141,0.000141
ACGATCATCTTGTAAA-1,0.233373,0.725742,0.04011,0.00026,0.000257,0.000257
ACGATGCATATGTTAT-1,0.408943,0.112073,0.381103,0.097242,0.000319,0.000319
ACGATGGATCCGATGC-1,0.158467,0.217601,0.623645,0.000096,0.000095,0.000095
ACGCAATCACTACAGC-1,0.165691,0.682692,0.150635,0.00033,0.000326,0.000326
ACGCATACGTTTACTA-1,0.003666,0.147104,0.565988,0.275995,0.003624,0.003624
ACGCCAGATGATTTCT-1,0.208182,0.075415,0.716092,0.000104,0.000103,0.000103
ACGCCCAGCTGTCGAT-1,0.318512,0.407607,0.125678,0.148003,0.0001,0.0001
ACGCCGCTAGACGACC-1,0.000225,0.000225,0.95181,0.047293,0.000223,0.000223
ACGCCTGACACGCGCT-1,0.000243,0.146223,0.616114,0.236939,0.000241,0.000241
ACGCGCTACACAGGGT-1,0.2322,0.001187,0.664915,0.099351,0.001174,0.001174
ACGCGTTTCTTAAGAG-1,0.432538,0.00003,0.083736,0.483639,0.000029,0.000029
ACGCTAGTGATACACT-1,0.431221,0.430058,0.138134,0.000197,0.000195,0.000195
ACGCTGTGAGGCGTAG-1,0.074105,0.119726,0.62473,0.181125,0.000157,0.000157
ACGGAATTTAGCAAAT-1,0.445308,0.365272,0.141302,0.047943,0.000088,0.000088
ACGGACTCTCAAAGCG-1,0.270254,0.00011,0.65638,0.073039,0.000109,0.000109
ACGGAGCGCAAATTAC-1,0.398789,0.390313,0.210631,0.00009,0.000089,0.000089
ACGGATGGTGCGGATA-1,0.050718,0.000287,0.948142,0.000287,0.000283,0.000283
ACGGCCAACATGGACT-1,0.085321,0.515707,0.396462,0.000843,0.000833,0.000833
ACGGCGACGATGGGAA-1,0.000151,0.097233,0.761372,0.140946,0.000149,0.000149
ACGGCGGGTTGCCCTG-1,0.166476,0.560205,0.070601,0.202526,0.000096,0.000096
ACGGGAGTGTCGGCCC-1,0.265511,0.341851,0.389909,0.000917,0.000906,0.000906
ACGGGTCATGTGACTT-1,0.21995,0.138227,0.296502,0.343897,0.000712,0.000712
ACGTAGATTGCTGATG-1,0.185939,0.032441,0.748374,0.033033,0.000107,0.000107
ACGTATTACTCCGATC-1,0.309673,0.085737,0.000739,0.602389,0.000731,0.000731
ACGTCTCGTTCCGGGA-1,0.000253,0.124542,0.59227,0.282435,0.00025,0.00025
ACGTGACAAAGTAAGT-1,0.00019,0.518551,0.354373,0.126511,0.000188,0.000188
ACGTTAATGTCGAAGA-1,0.000174,0.000174,0.874303,0.125006,0.000172,0.000172
ACGTTAGATTTGCCCG-1,0.000259,0.000259,0.673853,0.325116,0.000256,0.000256
ACGTTATTGGTCACTC-1,0.002218,0.542279,0.448898,0.002218,0.002193,0.002193
ACGTTCGCAATCAATT-1,0.063863,0.770843,0.123483,0.041588,0.000111,0.000111
ACGTTCGTTCAGGAAA-1,0.284588,0.434957,0.246873,0.032773,0.000405,0.000405
ACGTTCTGTACAAGTC-1,0.000547,0.643592,0.186787,0.167992,0.000541,0.000541
ACGTTTAGTTGTGATC-1,0.310704,0.250339,0.438315,0.000215,0.000213,0.000213
ACTACCAGCTCTCTGG-1,0.135569,0.685669,0.178145,0.000207,0.000205,0.000205
ACTAGTTGCGATCGTC-1,0.02744,0.597073,0.000547,0.373858,0.000541,0.000541
ACTATCCAGGGCATGG-1,0.269384,0.666867,0.063184,0.00019,0.000188,0.000188
ACTATCGCCGGCTAAA-1,0.000325,0.424088,0.428355,0.14659,0.000321,0.000321
ACTATCTGCCCGCGTA-1,0.00039,0.423163,0.000391,0.575282,0.000387,0.000387
ACTATTCGTCCGTGGT-1,0.00027,0.27671,0.620485,0.102,0.000268,0.000268
ACTATTTCCGGGCCCA-1,0.00034,0.757304,0.120455,0.121226,0.000337,0.000337
ACTCAACGAATGTATT-1,0.000077,0.814045,0.004521,0.181205,0.000076,0.000076
ACTCAAGTGCAAGGCT-1,0.26347,0.019952,0.716099,0.000161,0.000159,0.000159
ACTCAATAAAGGCACG-1,0.244254,0.182479,0.573077,0.000064,0.000063,0.000063
ACTCCCATTCCTAAAG-1,0.000171,0.026239,0.878181,0.09507,0.000169,0.000169
ACTCCCGAATTCGTTT-1,0.493704,0.202893,0.000102,0.303098,0.000101,0.000101
ACTCCCTAATGCTAAA-1,0.144207,0.002694,0.689312,0.163228,0.00028,0.00028
ACTCCCTAGAATAGTA-1,0.000139,0.000139,0.894233,0.105216,0.000137,0.000137
ACTCGATGTATTTCAT-1,0.000258,0.098208,0.78308,0.117945,0.000255,0.000255
ACTCGCCGTTCGATAA-1,0.196182,0.579129,0.222265,0.000815,0.000805,0.000805
ACTCGTAACCCGTCCT-1,0.474188,0.001231,0.520919,0.001229,0.001217,0.001217
ACTCGTCAGTAATCCC-1,0.121231,0.277499,0.449436,0.151192,0.000321,0.000321
ACTCTCTGACTTAGGT-1,0.00017,0.00017,0.722241,0.277082,0.000168,0.000168
ACTCTTGTATAGTAAC-1,0.106422,0.012837,0.779896,0.100656,0.000094,0.000094
ACTGAAACGCCGTTAG-1,0.027997,0.244674,0.031191,0.696016,0.000061,0.000061
ACTGAATGGCGAAAGT-1,0.000176,0.310116,0.464522,0.224838,0.000174,0.000174
ACTGCCGTCGTAACTC-1,0.322875,0.203711,0.473204,0.00007,0.00007,0.00007
ACTGCGGACACACCGT-1,0.006678,0.880649,0.021491,0.09098,0.000101,0.000101
ACTGCTCGGAAGGATG-1,0.000477,0.216024,0.589383,0.193172,0.000472,0.000472
ACTGTACGATACACAT-1,0.404974,0.3815,0.208838,0.001572,0.001558,0.001558
ACTGTAGCACTTTGGA-1,0.075162,0.824192,0.000113,0.100309,0.000112,0.000112
ACTGTATACGCGAGCA-1,0.200474,0.54919,0.131724,0.118426,0.000093,0.000093
ACTGTGCTAGTAGATC-1,0.315868,0.486068,0.197771,0.000098,0.000097,0.000097
ACTTACCGGGCGCGCA-1,0.274794,0.319314,0.403946,0.000654,0.000646,0.000646
ACTTACGCATCCACGC-1,0.000151,0.000151,0.566713,0.432685,0.00015,0.00015
ACTTAGTACGACAAGA-1,0.177578,0.543265,0.278824,0.000112,0.00011,0.00011
ACTTATACTTACCCGG-1,0.448291,0.228811,0.321395,0.000505,0.000499,0.000499
ACTTATTAGGATCGGT-1,0.324598,0.455092,0.000158,0.219838,0.000157,0.000157
ACTTATTTATGTGCCA-1,0.429247,0.00029,0.00029,0.569598,0.000287,0.000287
ACTTCAGGCTGATCCC-1,0.000145,0.198054,0.580036,0.22148,0.000143,0.000143
ACTTCCATGCGGGACA-1,0.000398,0.664518,0.188953,0.145342,0.000394,0.000394
ACTTCGCCATACGCAC-1,0.016684,0.47441,0.397959,0.110222,0.000362,0.000362
ACTTGACTCCCTCTTT-1,0.000256,0.000256,0.967692,0.031291,0.000253,0.000253
ACTTGTAGTCCCTTCA-1,0.000201,0.480616,0.338749,0.180036,0.000199,0.000199
ACTTGTGGATGGAACG-1,0.001147,0.501219,0.001146,0.49422,0.001134,0.001134
ACTTTACCCTCATGAA-1,0.229835,0.649655,0.099002,0.021307,0.000101,0.000101
ACTTTGACTGCATCCT-1,0.000149,0.03297,0.527816,0.438771,0.000147,0.000147
ACTTTGTCGACGCACT-1,0.001701,0.787324,0.001703,0.205906,0.001684,0.001684
AGAAATTATGACTCGC-1,0.003302,0.755881,0.003308,0.230972,0.003268,0.003268
AGAACCCAGCGTGACA-1,0.009821,0.867868,0.000056,0.122144,0.000055,0.000055
AGAACGTGGTACATTC-1,0.056127,0.563599,0.07949,0.300476,0.000153,0.000153
AGAAGAGCGCCGTTCC-1,0.002165,0.613958,0.377441,0.002162,0.002137,0.002137
AGAAGGTACACTTCAC-1,0.131903,0.190124,0.675809,0.000727,0.000718,0.000718
AGAAGGTTGCCGAATT-1,0.116447,0.533321,0.347427,0.000942,0.000931,0.000931
AGAAGGTTGTAGGTCG-1,0.182746,0.063847,0.753083,0.000109,0.000108,0.000108
AGAAGTGATTCGTGAT-1,0.001669,0.393246,0.488812,0.112972,0.00165,0.00165
AGAATAAATCTTCAGG-1,0.000116,0.380682,0.486826,0.132146,0.000115,0.000115
AGAATTATGGATTCGA-1,0.182332,0.714892,0.101699,0.000362,0.000358,0.000358
AGAATTGTTTGACATA-1,0.196346,0.627526,0.175623,0.00017,0.000168,0.000168
AGACAGCTCAGAATCC-1,0.306041,0.203482,0.48986,0.000207,0.000205,0.000205
AGACAGGCATCTCAGC-1,0.19457,0.78984,0.003924,0.003913,0.003876,0.003876
AGACCAAACCACACCT-1,0.001038,0.416192,0.511119,0.069593,0.001029,0.001029
AGACCATGGGATACAA-1,0.33572,0.572918,0.091128,0.000078,0.000078,0.000078
AGACCGCTCCGCGGTT-1,0.002334,0.002341,0.317645,0.67305,0.002315,0.002315
AGACCGGGAAACCCTG-1,0.125742,0.378068,0.490089,0.005949,0.000076,0.000076
AGACGAAGTGCCGGTC-1,0.003241,0.653665,0.333432,0.003252,0.003206,0.003206
AGACGACGATGCCGCT-1,0.000411,0.706087,0.209024,0.083664,0.000407,0.000407
AGACGCCCACTTCGCC-1,0.000697,0.8256,0.171629,0.000696,0.000689,0.000689
AGACTAGCCTTCCAGA-1,0.129925,0.700904,0.168814,0.00012,0.000119,0.000119
AGAGAACCGTCTAGGA-1,0.269766,0.523177,0.20531,0.000586,0.000581,0.000581
AGAGAAGGAGTACAAT-1,0.061898,0.613039,0.274881,0.04965,0.000266,0.000266
AGAGATCTCTAAAGCG-1,0.251071,0.461308,0.21161,0.075555,0.000228,0.000228
AGAGCAGTTATGAGAC-1,0.472191,0.288329,0.239164,0.000106,0.000105,0.000105
AGAGCCGCCGAGATTT-1,0.441652,0.002107,0.549963,0.00211,0.002084,0.002084
AGAGCGTACAAGCTCG-1,0.140544,0.72272,0.136106,0.000212,0.000209,0.000209
AGAGCTACGAAAGCAT-1,0.219785,0.608175,0.171416,0.00021,0.000207,0.000207
AGAGGCTTCGGAAACC-1,0.148341,0.66389,0.097468,0.089462,0.00042,0.00042
AGAGTAAACTTCACTA-1,0.13691,0.393555,0.000239,0.468823,0.000236,0.000236
AGATAACTTCAGGGCC-1,0.15528,0.56469,0.144236,0.135598,0.000098,0.000098
AGATACCAATAGAACC-1,0.001873,0.781567,0.210986,0.00187,0.001852,0.001852
AGATACCGGTGTTCAC-1,0.007864,0.179205,0.683285,0.128959,0.000344,0.000344
AGATACGACTTCATAT-1,0.217076,0.526925,0.255608,0.000131,0.00013,0.00013
AGATACTCAAGATCGA-1,0.000124,0.161702,0.501047,0.336881,0.000123,0.000123
AGATATAATACGACTA-1,0.279637,0.023109,0.697094,0.000054,0.000053,0.000053
AGATCGTGCATAAGAT-1,0.275167,0.579083,0.145129,0.000208,0.000206,0.000206
AGATCTCAGGTGTGAT-1,0.396798,0.000156,0.000156,0.602581,0.000155,0.000155
AGATGAGGGTTGCGAT-1,0.035036,0.834093,0.130392,0.000161,0.000159,0.000159
AGATGATGGAGTCTGG-1,0.025378,0.728086,0.107021,0.1392,0.000157,0.000157
AGATGCAAGACGTGCA-1,0.000914,0.659037,0.191406,0.148012,0.000316,0.000316
AGATGCATCCTGTGTC-1,0.000215,0.158134,0.603854,0.237372,0.000213,0.000213
AGATGCTATAACGAGC-1,0.178512,0.245281,0.392821,0.182425,0.00048,0.00048
AGATTCACAACCGATA-1,0.00079,0.587391,0.38609,0.024164,0.000783,0.000783
AGCAAAGGCCGCTAGT-1,0.14767,0.020886,0.831084,0.000121,0.00012,0.00012
AGCAACATATCTTATT-1,0.00113,0.597003,0.124152,0.275477,0.001119,0.001119
AGCAACCGAAAGTAAT-1,0.076299,0.434535,0.441825,0.045805,0.000768,0.000768
AGCACTACCGGCCTGT-1,0.168362,0.729061,0.000407,0.101365,0.000403,0.000403
AGCACTACCTCACCAG-1,0.000175,0.000176,0.86451,0.134792,0.000174,0.000174
AGCACTTAAGGACGCC-1,0.409393,0.41967,0.170606,0.000111,0.00011,0.00011
AGCATATCAATATGCT-1,0.051679,0.794246,0.002311,0.147197,0.002283,0.002283
AGCATCATTTCGAAAG-1,0.033329,0.539235,0.214827,0.212027,0.000291,0.000291
AGCATTACGAGGCAAG-1,0.424268,0.399806,0.169141,0.00228,0.002253,0.002253
AGCCACAGGTTACCCG-1,0.000548,0.000548,0.747197,0.250621,0.000543,0.000543
AGCCACTCCCGTGCTT-1,0.000169,0.000169,0.529466,0.469862,0.000167,0.000167
AGCCCATACATGTAAG-1,0.135517,0.564397,0.190867,0.108024,0.000597,0.000597
AGCCCTGTCGCACCGT-1,0.149399,0.73718,0.030465,0.082797,0.000079,0.000079
AGCCCTTCTAATCCGA-1,0.186569,0.626658,0.0392,0.147315,0.000129,0.000129
AGCCCTTGGACATCCC-1,0.00008,0.296974,0.00008,0.702708,0.000079,0.000079
AGCCGCAAATTCAAAT-1,0.000324,0.000325,0.771292,0.227416,0.000321,0.000321
AGCCGCTTGATTAGCG-1,0.115086,0.43249,0.451701,0.000243,0.00024,0.00024
AGCCGTGGCTAAATGT-1,0.104866,0.19154,0.353384,0.34876,0.000725,0.000725
AGCCTAATACCCACGT-1,0.000566,0.40614,0.259433,0.333297,0.000282,0.000282
AGCCTTAAAGCGGAAG-1,0.004099,0.517848,0.472216,0.001961,0.001938,0.001938
AGCGACAGGAACGGTC-1,0.001035,0.629658,0.366229,0.001033,0.001023,0.001023
AGCGATGCGCCTAATA-1,0.29227,0.694314,0.00337,0.003379,0.003334,0.003334
AGCGCATAATGAATCG-1,0.000139,0.422308,0.231558,0.345718,0.000138,0.000138
AGCGCGGGTGCCAATG-1,0.000597,0.734178,0.263447,0.000595,0.000591,0.000591
AGCGCTAGAGCGATGT-1,0.00028,0.771796,0.170308,0.057062,0.000277,0.000277
AGCGGCGGTTAGCGGT-1,0.055974,0.001258,0.602291,0.337989,0.001244,0.001244
AGCGGGAAGGGTCCAT-1,0.125645,0.733438,0.016408,0.124271,0.000119,0.000119
AGCGTACGAGAGCTAG-1,0.212232,0.5795,0.207937,0.000111,0.00011,0.00011
AGCGTAGCGCTAGACC-1,0.000085,0.882287,0.014012,0.103448,0.000084,0.000084
AGCGTCTGAACCCGCA-1,0.043562,0.558142,0.062094,0.336054,0.000074,0.000074
AGCGTGGTATTCTACT-1,0.053171,0.078135,0.645177,0.223187,0.000165,0.000165
AGCTAAGTACGCAGGC-1,0.001169,0.184006,0.811343,0.001167,0.001158,0.001158
AGCTAGAAGCAGAAGT-1,0.096725,0.808768,0.094026,0.000162,0.00016,0.00016
AGCTATTTAATCCAAC-1,0.023944,0.077672,0.437868,0.460322,0.000097,0.000097
AGCTCCATATATGTTC-1,0.41793,0.003671,0.567483,0.003668,0.003624,0.003624
AGCTCCTTCGCACATC-1,0.000251,0.294477,0.563995,0.140778,0.000249,0.000249
AGCTCTAGACGTTCCA-1,0.053827,0.133186,0.703017,0.109697,0.000137,0.000137
AGCTCTTCCCAGTGCA-1,0.113758,0.633663,0.251691,0.000298,0.000295,0.000295
AGCTCTTCGTAACCTT-1,0.027565,0.74541,0.000129,0.22664,0.000128,0.000128
AGCTCTTTACTCAGTT-1,0.356705,0.234483,0.406621,0.000735,0.000728,0.000728
AGCTGAAGTAAACCAA-1,0.251272,0.368007,0.247055,0.132459,0.000604,0.000604
AGCTGTAACCTCAATC-1,0.209525,0.001653,0.783902,0.001653,0.001634,0.001634
AGCTTCTTCTCGAGCA-1,0.136855,0.603161,0.256181,0.001278,0.001263,0.001263
AGCTTGATCTTAACTT-1,0.521627,0.000152,0.000152,0.477769,0.00015,0.00015
AGGAAAGCCTCTGATG-1,0.001576,0.445751,0.479897,0.06966,0.001558,0.001558
AGGAACGAACGACTTC-1,0.018476,0.789973,0.034126,0.157129,0.000148,0.000148
AGGACAGTCGAATCCC-1,0.431084,0.000202,0.152104,0.416211,0.0002,0.0002
AGGACATCGCACGTCG-1,0.269811,0.43095,0.298674,0.00019,0.000188,0.000188
AGGACATCGGCACACT-1,0.118915,0.743968,0.120992,0.015338,0.000393,0.000393
AGGACGACCCATTAGA-1,0.149319,0.737421,0.025667,0.087208,0.000193,0.000193
AGGACGCTCGATGTTG-1,0.000395,0.927624,0.000396,0.070803,0.000391,0.000391
AGGACTTATAGGAGAA-1,0.320328,0.115351,0.150576,0.413213,0.000266,0.000266
AGGAGGCCTTCGCGCG-1,0.002375,0.580841,0.124905,0.287184,0.002348,0.002348
AGGATATAGGGATTTA-1,0.002163,0.808883,0.182516,0.002164,0.002137,0.002137
AGGATCACGCGATCTG-1,0.000191,0.47055,0.398785,0.130097,0.000189,0.000189
AGGCAATACGGAGGAC-1,0.197162,0.100694,0.701999,0.000049,0.000048,0.000048
AGGCACGTGACTGTCC-1,0.003923,0.336858,0.534214,0.117253,0.003876,0.003876
AGGCAGATGCGTAAAC-1,0.225543,0.762698,0.002956,0.002953,0.002924,0.002924
AGGCAGGGAGCGTACT-1,0.020081,0.850156,0.026932,0.10253,0.00015,0.00015
AGGCATTGTCGTAGGG-1,0.003441,0.73699,0.249326,0.00344,0.003402,0.003402
AGGCCACCCGTTATGA-1,0.205547,0.617404,0.176713,0.000113,0.000111,0.000111
AGGCCCAGTGACTGGT-1,0.142806,0.652569,0.203401,0.000411,0.000407,0.000407
AGGCCCTAGAACGCCA-1,0.153442,0.560238,0.172165,0.113569,0.000293,0.000293
AGGCCTGAGAATCTCG-1,0.000146,0.579598,0.341298,0.07867,0.000144,0.000144
AGGCGATAACTGGCGT-1,0.001938,0.303337,0.688957,0.001936,0.001916,0.001916
AGGCTATGGTTAGCTT-1,0.047323,0.943032,0.009178,0.000157,0.000155,0.000155
AGGCTTCCCGAAGAAG-1,0.00077,0.836821,0.160117,0.00077,0.000761,0.000761
AGGCTTGCTAGACACC-1,0.002215,0.98897,0.002217,0.002211,0.002193,0.002193
AGGGAAACGAGGTACT-1,0.193879,0.636042,0.169729,0.000118,0.000116,0.000116
AGGGACCGGCTGCGTT-1,0.082463,0.668211,0.248953,0.000126,0.000124,0.000124
AGGGACTCTACGCGAC-1,0.000733,0.691973,0.305111,0.000733,0.000725,0.000725
AGGGAGACATACTTCG-1,0.001276,0.641265,0.001274,0.353659,0.001263,0.001263
AGGGCAGCGGCGTGGT-1,0.022405,0.241808,0.571774,0.163903,0.000055,0.000055
AGGGCCCTAATGTTCT-1,0.148473,0.64401,0.002858,0.199009,0.002825,0.002825
AGGGCGAGCAGCTGAT-1,0.000065,0.163508,0.576088,0.26021,0.000064,0.000064
AGGGCGTGATCGGCTA-1,0.041456,0.68645,0.009537,0.262293,0.000132,0.000132
AGGGTCGATGCGAACT-1,0.367198,0.487155,0.143464,0.000733,0.000725,0.000725
AGGGTCTGGACGCAGT-1,0.000181,0.765611,0.110707,0.123142,0.000179,0.000179
AGGGTGCTCTCGAGGG-1,0.367172,0.527431,0.10442,0.000328,0.000324,0.000324
AGGGTGGATAGTGCAT-1,0.425598,0.088174,0.242871,0.243228,0.000064,0.000064
AGGGTTCCCTTTGGTT-1,0.17285,0.816987,0.002557,0.002554,0.002526,0.002526
AGGTAACCTCCTATTC-1,0.29161,0.49636,0.110632,0.101233,0.000082,0.000082
AGGTACGATATTGCCA-1,0.008718,0.146607,0.737405,0.106928,0.000171,0.000171
AGGTAGGTACAAAGCT-1,0.427167,0.223491,0.061805,0.286865,0.000336,0.000336
AGGTATAATTGATAGT-1,0.275161,0.657872,0.066521,0.00015,0.000148,0.000148
AGGTCAGGTGAGAGTG-1,0.000113,0.018278,0.759983,0.221401,0.000112,0.000112
AGGTCGCCACTTCGGT-1,0.080754,0.557572,0.018136,0.34293,0.000304,0.000304
AGGTCGCCTCCCAACA-1,0.279898,0.423152,0.293733,0.00108,0.001068,0.001068
AGGTCGCGGAGTTACT-1,0.056011,0.879457,0.064119,0.000139,0.000138,0.000138
AGGTGTATCGCCATGA-1,0.136965,0.677604,0.011789,0.173487,0.000078,0.000078
AGGTGTTGCCGACCAC-1,0.002245,0.548433,0.442625,0.002252,0.002223,0.002223
AGGTTACACCATGCCG-1,0.318086,0.571543,0.09285,0.017241,0.00014,0.00014
AGGTTGAGGCACGCTT-1,0.000131,0.096537,0.397577,0.505496,0.00013,0.00013
AGGTTTCACACACCTT-1,0.029694,0.000306,0.89172,0.077674,0.000303,0.000303
AGTACATCATTTATCA-1,0.278063,0.53903,0.182478,0.000144,0.000142,0.000142
AGTACGGCCCGTATCG-1,0.000112,0.267234,0.581837,0.150617,0.0001,0.0001
AGTACGGGCACCTGGC-1,0.000175,0.316748,0.425026,0.257706,0.000173,0.000173
AGTACTCTTATGCCCA-1,0.181625,0.118479,0.690838,0.008558,0.00025,0.00025
AGTAGGAAGGAAGTTG-1,0.260579,0.519979,0.218571,0.000293,0.000289,0.000289
AGTATAATACTAGGCA-1,0.265549,0.588988,0.145193,0.00009,0.000089,0.000089
AGTATCCATAATAACG-1,0.006289,0.805138,0.057494,0.130887,0.000096,0.000096
AGTATGCTGGAGACCA-1,0.270115,0.473427,0.152445,0.103626,0.000193,0.000193
AGTATTTGGCACGACC-1,0.11369,0.335558,0.011444,0.539155,0.000077,0.000077
AGTCAACACCACCATC-1,0.023077,0.670965,0.304797,0.00039,0.000386,0.000386
AGTCAAGATGACACTT-1,0.000666,0.485945,0.000666,0.511405,0.000659,0.000659
AGTCACTAGCTCTCGA-1,0.001792,0.697151,0.001794,0.295717,0.001773,0.001773
AGTCACTCCGCCTCAT-1,0.000103,0.70619,0.073209,0.220294,0.000102,0.000102
AGTCAGCCACCGCCTG-1,0.614734,0.151929,0.004856,0.228333,0.000074,0.000074
AGTCCAGCGGGTACGT-1,0.116488,0.719271,0.163892,0.000117,0.000116,0.000116
AGTCCATTGGCTGATG-1,0.335398,0.659638,0.001247,0.001247,0.001235,0.001235
AGTCCCGCCTTTAATT-1,0.293863,0.630754,0.074988,0.000132,0.000131,0.000131
AGTCGACGGTCTCAAG-1,0.436584,0.003995,0.411501,0.146068,0.000926,0.000926
AGTCGGCCCAAACGAC-1,0.229002,0.55246,0.21602,0.002324,0.000098,0.000098
AGTCGGCTCAACTTTA-1,0.034455,0.283395,0.582876,0.097848,0.000712,0.000712
AGTCGGTTGCGTGAGA-1,0.315767,0.553223,0.102213,0.028463,0.000167,0.000167
AGTCGTATAAAGCAGA-1,0.506823,0.147195,0.344489,0.000501,0.000496,0.000496
AGTCGTCGACCACCAA-1,0.000124,0.006627,0.696883,0.29612,0.000123,0.000123
AGTCGTGGGCATTACG-1,0.001452,0.362203,0.496465,0.137007,0.001437,0.001437
AGTCTAAAGTATACTC-1,0.124624,0.589351,0.000224,0.285359,0.000221,0.000221
AGTCTCACAAGACTAC-1,0.001034,0.425131,0.305656,0.266133,0.001023,0.001023
AGTCTGGACATCCTTG-1,0.022929,0.792827,0.07859,0.105283,0.000185,0.000185
AGTCTTCTCCTCAAAT-1,0.051242,0.220099,0.562365,0.165069,0.000613,0.000613
AGTCTTTAAAGTGTCC-1,0.002633,0.002631,0.601317,0.38821,0.002604,0.002604
AGTGAACAAACTTCTC-1,0.002552,0.622107,0.156629,0.213661,0.002526,0.002526
AGTGACCTACTTTACG-1,0.189071,0.401617,0.26104,0.147652,0.00031,0.00031
AGTGAGACTTCCAGTA-1,0.164346,0.436101,0.241941,0.151551,0.003031,0.003031
AGTGAGCCTCGCCGCC-1,0.129526,0.78895,0.080977,0.000183,0.000182,0.000182
AGTGAGTCGAATTAAC-1,0.425635,0.260549,0.013814,0.298229,0.000887,0.000887
AGTGATAACCTGCGCG-1,0.000112,0.000112,0.72595,0.273606,0.000111,0.000111
AGTGATATGAGTAGTT-1,0.366709,0.501122,0.131042,0.000378,0.000375,0.000375
AGTGATTCAAGCAGGA-1,0.381867,0.208409,0.001915,0.404021,0.001894,0.001894
AGTGCACGCTTAAGAA-1,0.000159,0.699149,0.013239,0.287139,0.000157,0.000157
AGTGCGTAGCTCGTAA-1,0.087321,0.495283,0.357087,0.059566,0.000371,0.000371
AGTGCTAAACACAGCA-1,0.000138,0.000138,0.633046,0.366405,0.000136,0.000136
AGTGCTTGCACGAATA-1,0.002163,0.474865,0.516531,0.002167,0.002137,0.002137
AGTGGCGGCAATTTGA-1,0.260995,0.717159,0.020901,0.000317,0.000314,0.000314
AGTGGCGTCTGAAGGT-1,0.001776,0.001774,0.991173,0.001768,0.001755,0.001755
AGTGGCTCCGTCGGCC-1,0.000072,0.000072,0.293226,0.706486,0.000072,0.000072
AGTGGGAGTATACACG-1,0.43555,0.17954,0.282449,0.102387,0.000037,0.000037
AGTGGTGTTACCCGTG-1,0.000708,0.084235,0.691489,0.222166,0.0007,0.0007
AGTGGTTGCGTATAGG-1,0.001267,0.148812,0.750064,0.099443,0.000207,0.000207
AGTGTATTGCGCATTG-1,0.467309,0.347897,0.08498,0.099541,0.000136,0.000136
AGTGTGCTAAGATCGC-1,0.17071,0.132458,0.691603,0.001756,0.001736,0.001736
AGTGTGGTCTATTGTG-1,0.050723,0.735835,0.212408,0.000347,0.000344,0.000344
AGTTAAACACTTGCGA-1,0.000226,0.222184,0.730008,0.047134,0.000224,0.000224
AGTTAAGCGGTCCCGG-1,0.000161,0.176532,0.748383,0.074606,0.000159,0.000159
AGTTAAGTCAACCGCT-1,0.509823,0.196162,0.124537,0.168598,0.00044,0.00044
AGTTACCCTTAAGACT-1,0.317825,0.346354,0.047477,0.287737,0.000304,0.000304
AGTTACCGCACATGGT-1,0.064086,0.328436,0.607206,0.000091,0.00009,0.00009
