Barcode,Topic 1,Topic 2,Topic 3,Topic 4,Topic 5,Topic 6,Topic 7
AAACAACGAATAGTTC-1,0.000287,0.000287,0.000287,0.000287,0.000287,0.877199,0.121367
AAACAAGTATCTCCCA-1,0.000114,0.000114,0.000114,0.000114,0.000114,0.73036,0.269071
AAACAATCTACTAGCA-1,0.075632,0.00009,0.00009,0.010468,0.00009,0.062819,0.85081
AAACACCAATAACTGC-1,0.000919,0.00092,0.00092,0.00092,0.000919,0.624379,0.371023
AAACAGAGCGACTCCT-1,0.742056,0.001858,0.000114,0.004709,0.000114,0.248632,0.002518
AAACAGCTTTCAGAAG-1,0.000814,0.000814,0.000814,0.000814,0.000815,0.868783,0.127145
AAACAGGGTCTATATT-1,0.001687,0.001687,0.001687,0.001687,0.001687,0.569011,0.422555
AAACATTTCCCGGATT-1,0.001795,0.001795,0.001795,0.001795,0.001793,0.793374,0.197654
AAACCACTACACAGAT-1,0.433789,0.00005,0.00005,0.00005,0.041398,0.00005,0.524611
AAACCCGAACGAAATC-1,0.152087,0.096189,0.147074,0.048963,0.007317,0.025114,0.523256
AAACCGGGTAGGTACC-1,0.097441,0.243894,0.379401,0.119567,0.000074,0.084984,0.074638
AAACCGTTCGTCCAGG-1,0.032363,0.370886,0.054795,0.123669,0.000066,0.207008,0.211213
AAACCTAAGCAGCCGG-1,0.002469,0.00247,0.002472,0.002471,0.002471,0.777727,0.209919
AAACCTCATGAAGTTG-1,0.007093,0.010615,0.127313,0.01821,0.000066,0.466613,0.370089
AAACGACAGTCTTGCC-1,0.354372,0.00008,0.00008,0.00008,0.094999,0.00008,0.55031
AAACGAGACGGTTGAT-1,0.00995,0.162362,0.314463,0.063425,0.000044,0.167897,0.281859
AAACGCCCGAGATCGG-1,0.127777,0.000127,0.000127,0.000127,0.000127,0.000127,0.871588
AAACGGGCGTACGGGT-1,0.098643,0.000454,0.000454,0.000454,0.000454,0.7648,0.134741
AAACGGGTTGGTATCC-1,0.0001,0.0001,0.0001,0.0001,0.01619,0.671599,0.311813
AAACTAACGTGGCGAC-1,0.358276,0.016012,0.018167,0.000099,0.000099,0.110484,0.496864
AAACTCGTGATATAAG-1,0.107226,0.047453,0.004116,0.068145,0.000096,0.007924,0.765041
AAACTTGCAAACGTAT-1,0.000053,0.08968,0.224184,0.058871,0.001424,0.614719,0.011069
AAAGACATGAAGTTTA-1,0.432015,0.000179,0.000179,0.000179,0.000179,0.177986,0.389282
AAAGACCCAAGTCGCG-1,0.230919,0.006206,0.004791,0.005568,0.000057,0.008081,0.744378
AAAGACTGGGCGCTTT-1,0.014132,0.091175,0.628877,0.011692,0.000041,0.254042,0.000041
AAAGGCCCTATAATAC-1,0.000364,0.000364,0.000364,0.000364,0.000364,0.286217,0.711963
AAAGGCTACGGACCAT-1,0.61968,0.000056,0.000056,0.000056,0.000056,0.341009,0.039085
AAAGGCTCTCGCGCCG-1,0.00023,0.00023,0.00023,0.00023,0.000229,0.595021,0.403831
AAAGGGATGTAGCAAG-1,0.610837,0.022812,0.037228,0.031974,0.000051,0.105381,0.191716
AAAGGGCAGCTTGAAT-1,0.004068,0.007694,0.090575,0.053104,0.000045,0.337985,0.506529
AAAGGTAAGCTGTACC-1,0.113249,0.01431,0.043326,0.026267,0.000104,0.013047,0.789698
AAAGGTCAACGACATG-1,0.468675,0.000126,0.000126,0.000126,0.000126,0.000126,0.530695
AAAGTAGCATTGCTCA-1,0.234747,0.000186,0.000186,0.320708,0.000186,0.158067,0.28592
AAAGTCACTGATGTAA-1,0.313607,0.011547,0.012923,0.008059,0.000053,0.044412,0.609399
AAAGTCGACCCTCAGT-1,0.357157,0.00016,0.050292,0.00016,0.00016,0.418739,0.173332
AAAGTGTGATTTATCT-1,0.130903,0.508783,0.247709,0.052161,0.00001,0.060425,0.00001
AAAGTTGACTCCCGTA-1,0.073022,0.718732,0.108307,0.070803,0.00384,0.015543,0.009753
AAATAACCATACGGGA-1,0.000158,0.000158,0.000158,0.000158,0.000158,0.515377,0.483833
AAATAAGGTAGTGCCC-1,0.273922,0.001073,0.000059,0.009536,0.000059,0.000059,0.715292
AAATAGCTTAGACTTT-1,0.091412,0.01955,0.037557,0.1778,0.037719,0.027103,0.608858
AAATAGGGTGCTATTG-1,0.001938,0.001939,0.001938,0.001938,0.038771,0.662885,0.290592
AAATCCGATACACGCC-1,0.001649,0.00165,0.00165,0.001649,0.001649,0.788583,0.20317
AAATCGTGTACCACAA-1,0.209033,0.156476,0.250942,0.075756,0.000036,0.051054,0.256703
AAATCTAGCCCTGCTA-1,0.00087,0.00087,0.00087,0.000869,0.000869,0.6695,0.326153
AAATGATTCGATCAGC-1,0.434238,0.01088,0.000053,0.000051,0.000051,0.000051,0.554675
AAATGCTCGTTACGTT-1,0.055638,0.000159,0.00016,0.000159,0.000159,0.402276,0.541448
AAATGGCCCGTGCCCT-1,0.001103,0.001104,0.001104,0.001104,0.001103,0.496092,0.498391
AAATGGTCAATGTGCC-1,0.396733,0.09808,0.095634,0.010606,0.000089,0.052116,0.346743
AAATGTGGGTGCTCCT-1,0.871343,0.029583,0.016549,0.002632,0.000017,0.009837,0.070038
AAATTAACGGGTAGCT-1,0.364416,0.000201,0.000201,0.000201,0.000201,0.123335,0.511444
AAATTACACGACTCTG-1,0.000289,0.000289,0.000289,0.000289,0.000288,0.370113,0.628443
AAATTACCTATCGATG-1,0.056961,0.222547,0.076037,0.218107,0.090338,0.020938,0.31507
AAATTGATAGTCCTTT-1,0.002391,0.002392,0.002391,0.258506,0.00239,0.353363,0.378567
AAATTGCGGCGGTTCT-1,0.000414,0.000413,0.000413,0.000413,0.000413,0.617891,0.380042
AAATTTACCGAAATCC-1,0.00025,0.00025,0.00025,0.00025,0.000251,0.26011,0.738639
AAATTTGCGGGTGTGG-1,0.105405,0.239117,0.425824,0.124589,0.000011,0.098521,0.006533
AACAATACATTGTCGA-1,0.000252,0.000252,0.000252,0.000252,0.000252,0.443651,0.555089
AACAATTACTCTACGC-1,0.082536,0.038738,0.15458,0.11374,0.000046,0.057602,0.55276
AACACACGCTCGCCGC-1,0.000976,0.000976,0.000976,0.000976,0.000975,0.57635,0.41877
AACACGAGACGCGGCC-1,0.000272,0.000272,0.000272,0.000272,0.000272,0.609156,0.389483
AACACGCGGCCGCGAA-1,0.319204,0.000053,0.000053,0.000053,0.055971,0.307555,0.317113
AACAGCTGTGTGGCAA-1,0.000717,0.000717,0.000717,0.000717,0.000717,0.814867,0.181549
AACAGGAAATCGAATA-1,0.292312,0.032112,0.071703,0.000102,0.000101,0.158285,0.445386
AACAGGATGGGCCGCG-1,0.03664,0.291651,0.117645,0.183763,0.012795,0.087744,0.26976
AACAGGTAGTATGGAT-1,0.000239,0.000239,0.00312,0.023232,0.000239,0.124994,0.847938
AACATATCAACTGGTG-1,0.04314,0.012345,0.025596,0.000128,0.000128,0.000128,0.918535
AACATCGATACGTCTA-1,0.228887,0.025161,0.034249,0.000072,0.000072,0.021327,0.690231
AACATTGAAGTTGATC-1,0.000129,0.000129,0.000129,0.000129,0.000129,0.467857,0.531498
AACATTGGTCAGCCGT-1,0.001508,0.001509,0.00151,0.001509,0.001509,0.777204,0.215252
AACATTGTGACTCGAG-1,0.190015,0.000242,0.000242,0.000242,0.000242,0.615559,0.193456
AACCAAGACTTCTCTG-1,0.003983,0.186478,0.112021,0.028622,0.000059,0.417728,0.251109
AACCAGTATCACTCTT-1,0.083178,0.000206,0.017357,0.000206,0.000207,0.333359,0.565486
AACCATGGGATCGCTA-1,0.260863,0.004599,0.000059,0.009312,0.000059,0.209262,0.515845
AACCCAGAGACGGAGA-1,0.000187,0.000187,0.000187,0.000187,0.000187,0.577122,0.421945
AACCCATCCCATGATC-1,0.001593,0.001592,0.001593,0.001594,0.001593,0.990441,0.001595
AACCCGACAACCCGTG-1,0.00013,0.00013,0.00013,0.00013,0.00013,0.520938,0.478413
AACCCGAGCAGAATCG-1,0.237702,0.000065,0.004456,0.008817,0.000065,0.044935,0.70396
AACCCTACTGTCAATA-1,0.185672,0.757041,0.016392,0.024113,0.000005,0.000005,0.016773
AACCGAGCTTGGTCAT-1,0.151858,0.000141,0.12771,0.000142,0.000141,0.284321,0.435685
AACCGCTAAGGGATGC-1,0.023252,0.259423,0.238945,0.158627,0.000025,0.221508,0.098221
AACCTAAAGCCGTCCG-1,0.085035,0.000032,0.000033,0.004014,0.007527,0.507349,0.39601
AACCTCGCTTTAGCCC-1,0.003775,0.003776,0.003776,0.003776,0.003772,0.762703,0.218423
AACCTTTACGACGTCT-1,0.422598,0.000266,0.000266,0.000266,0.000266,0.492729,0.08361
AACGATAATGCCGTAG-1,0.451744,0.002708,0.002708,0.002708,0.002706,0.243373,0.294053
AACGATAGAAGGGCCG-1,0.074686,0.000064,0.017378,0.048581,0.000064,0.000065,0.859162
AACGATATGTCAACTG-1,0.000107,0.000107,0.000107,0.000107,0.000107,0.574163,0.425299
AACGCATGATCTGGGT-1,0.170421,0.000372,0.000372,0.000372,0.000371,0.000372,0.82772
AACGCGAACGGCAACA-1,0.000389,0.000388,0.000389,0.000389,0.000388,0.4039,0.594157
AACGCGGTCTCCAGCC-1,0.54803,0.022634,0.005478,0.009476,0.000043,0.062884,0.351455
AACGCTGTTGCTGAAA-1,0.001837,0.001837,0.001838,0.001838,0.001838,0.654709,0.336103
AACGGACGTACGTATA-1,0.00047,0.000471,0.073107,0.00047,0.00047,0.743065,0.181946
AACGGCCATCTCCGGT-1,0.000474,0.120479,0.206952,0.157394,0.000057,0.195121,0.319524
AACGTACTGTGGGTAC-1,0.098712,0.871023,0.025415,0.004818,0.00001,0.00001,0.00001
AACGTAGTCTACCCAT-1,0.137112,0.000182,0.00128,0.000182,0.000182,0.147428,0.713634
AACGTCAGACTAGTGG-1,0.02728,0.129385,0.052796,0.268078,0.004719,0.268943,0.2488
AACGTGATGAAGGACA-1,0.215552,0.000086,0.000086,0.000086,0.000086,0.408957,0.375148
AACGTGCGAAAGTCTC-1,0.001103,0.001104,0.001104,0.001104,0.001103,0.668253,0.326229
AACGTTATCAGCACCT-1,0.008429,0.008438,0.008436,0.008439,0.008432,0.016995,0.940831
AACTACCCGTTTGTCA-1,0.190721,0.725192,0.052469,0.004233,0.000023,0.000023,0.027339
AACTAGCGTATCGCAC-1,0.000096,0.000096,0.000096,0.000096,0.000889,0.090047,0.908682
AACTCAAGTTAATTGC-1,0.115292,0.233038,0.246218,0.083335,0.071363,0.186696,0.064058
AACTCCAGAGCGTGTT-1,0.000897,0.000897,0.000897,0.000897,0.000896,0.280725,0.714792
AACTCCTAATCCCATG-1,0.000217,0.023248,0.004653,0.000217,0.010768,0.460891,0.500005
AACTCGATAAACACGT-1,0.003873,0.003871,0.003873,0.003874,0.003875,0.814294,0.16634
AACTCGATGGCGCAGT-1,0.000144,0.000144,0.000144,0.000144,0.000144,0.602644,0.396636
AACTCTCAATAGAGCG-1,0.007665,0.11033,0.234577,0.037817,0.008499,0.290508,0.310604
AACTCTCAGTGTGCTC-1,0.00015,0.00015,0.00015,0.00015,0.000149,0.394977,0.604275
AACTGAGGTCAGCGTC-1,0.107742,0.000155,0.000155,0.000155,0.000156,0.000155,0.891481
AACTGATATTAGGCCT-1,0.62269,0.019291,0.012004,0.015446,0.000042,0.018763,0.311764
AACTGGGTCCCGACGT-1,0.091288,0.000109,0.019661,0.046489,0.000109,0.141396,0.700949
AACTGGGTTCGAGCCG-1,0.41164,0.009216,0.000126,0.012637,0.000126,0.213198,0.353055
AACTGGTGTGGGCCTT-1,0.271532,0.000072,0.000072,0.002207,0.00148,0.072919,0.651718
AACTTCTGCGTCTATC-1,0.000385,0.000385,0.000386,0.000386,0.000385,0.513775,0.484298
AACTTGCCCGTATGCA-1,0.032606,0.062886,0.1057,0.243001,0.000036,0.076256,0.479515
AACTTGCGTTCTCGCG-1,0.000343,0.000343,0.000343,0.000343,0.000343,0.459331,0.538953
AACTTTACGGGAGCTT-1,0.001165,0.001165,0.001166,0.001165,0.001165,0.58092,0.413254
AACTTTAGCTGCTGAG-1,0.251744,0.000086,0.000086,0.000086,0.016726,0.055126,0.676147
AAGAAGGATCAGTTAG-1,0.000111,0.000111,0.000111,0.000111,0.000111,0.364618,0.634825
AAGACATACGTGGTTT-1,0.119715,0.032481,0.000281,0.000281,0.000282,0.276653,0.570307
AAGACCCAACTGAACA-1,0.76467,0.000469,0.000469,0.000469,0.000469,0.232986,0.000469
AAGACTAACCCGTTGT-1,0.000064,0.000064,0.000064,0.000064,0.406844,0.005525,0.587376
AAGACTCACGCCCACT-1,0.137318,0.000101,0.000101,0.038603,0.000101,0.002118,0.821656
AAGAGATGAATCGGTA-1,0.000057,0.000797,0.019952,0.090921,0.000057,0.576537,0.31168
AAGAGCTCTTTATCGG-1,0.000386,0.000386,0.000386,0.000386,0.000385,0.634576,0.363496
AAGAGGATGTACGCGA-1,0.111129,0.577666,0.247214,0.049082,0.000006,0.01484,0.000063
AAGAGGCATGGATCGC-1,0.171635,0.652986,0.141951,0.033178,0.000084,0.000084,0.000084
AAGAGGCCCTTTGGAA-1,0.00097,0.00097,0.00097,0.00097,0.000969,0.54874,0.446412
AAGATGGCACCGGACC-1,0.00059,0.00059,0.00059,0.00059,0.00059,0.00059,0.996459
AAGATTGGCGGAACGT-1,0.099374,0.18588,0.163186,0.254367,0.016545,0.058455,0.222193
AAGCACCCTGCGTATC-1,0.001888,0.001888,0.001888,0.001888,0.001887,0.691094,0.299467
AAGCCGAAGCGGTTTA-1,0.000208,0.259387,0.0305,0.003898,0.000208,0.462298,0.243501
AAGCCGCCGTGAAATC-1,0.13898,0.000552,0.000552,0.000552,0.000552,0.56543,0.293383
AAGCGCAGGGCTTTGA-1,0.150827,0.001112,0.001112,0.001112,0.001111,0.515458,0.329267
AAGCGGCGTCATGGGT-1,0.708492,0.000233,0.000233,0.000233,0.000233,0.000233,0.290342
AAGCGTCCCTCATCGA-1,0.000956,0.000957,0.000956,0.000956,0.000956,0.544054,0.451164
AAGCTCGTGCCAAGTC-1,0.77008,0.000881,0.035092,0.00088,0.00088,0.165008,0.027179
AAGCTCTTTCATGGTG-1,0.002755,0.002755,0.002757,0.002758,0.002757,0.597655,0.388561
AAGGAGAACTTATAAG-1,0.084122,0.000069,0.025038,0.001192,0.003436,0.18615,0.699992
AAGGAGCGGTTGGTGC-1,0.000136,0.054759,0.012782,0.023863,0.000136,0.408621,0.499702
AAGGATCGATCGCTTG-1,0.316788,0.67255,0.005373,0.004434,0.000505,0.000004,0.000345
AAGGATGAGGGACCTC-1,0.070232,0.067083,0.134594,0.278593,0.007072,0.054883,0.387543
AAGGCGCGTAAAGCTT-1,0.091371,0.228637,0.069549,0.190658,0.00009,0.212365,0.20733
AAGGCTGTGCTCATCG-1,0.060754,0.335944,0.074085,0.042704,0.259844,0.084193,0.142477
AAGGGAACGACTGGCT-1,0.000523,0.000523,0.000524,0.000523,0.000523,0.632694,0.364689
AAGGGACAGATTCTGT-1,0.116112,0.313801,0.095676,0.095408,0.092439,0.033653,0.252912
AAGGGACTATGCATTC-1,0.000315,0.000315,0.000315,0.000315,0.000315,0.649306,0.349118
AAGGTATCCTAATATA-1,0.066296,0.622566,0.097575,0.088042,0.000037,0.02944,0.096044
AAGGTGATAAACCAGC-1,0.051806,0.407936,0.109316,0.252872,0.000421,0.15104,0.026608
AAGTAAGCTTCCAAAC-1,0.025314,0.00009,0.00009,0.00009,0.00009,0.00009,0.974236
AAGTAGAAGACCGGGT-1,0.011042,0.08594,0.070462,0.011659,0.0001,0.129529,0.691268
AAGTAGTGACGCGAGG-1,0.056486,0.651149,0.164158,0.070214,0.020312,0.030261,0.00742
AAGTCAATTGTCGTCA-1,0.059919,0.086793,0.13734,0.25637,0.000068,0.160607,0.298903
AAGTGACGACCGAATT-1,0.004557,0.095751,0.508872,0.109546,0.000029,0.102157,0.179088
AAGTGAGTCGGGTTTA-1,0.000747,0.000747,0.000747,0.000747,0.000747,0.636069,0.360196
AAGTGCAAAGGTAGAC-1,0.001379,0.001378,0.001379,0.001379,0.001378,0.991727,0.00138
AAGTGCCTTGACTGTA-1,0.000171,0.000171,0.000171,0.000171,0.00017,0.316462,0.682685
AAGTGCGTTAGAATCT-1,0.074075,0.120926,0.074273,0.190801,0.000037,0.322339,0.217549
AAGTGCTTCTCTATTG-1,0.42866,0.000069,0.001197,0.000069,0.000069,0.398254,0.171681
AAGTGTTTGGAGACGG-1,0.00145,0.001449,0.00145,0.00145,0.001448,0.00145,0.991304
AAGTTCACTCCAAGCT-1,0.001176,0.001176,0.001176,0.001176,0.001175,0.352114,0.642006
AAGTTCAGTCTGCGTA-1,0.000507,0.000507,0.000507,0.000507,0.000507,0.000507,0.996958
AAGTTCGGCCAACAGG-1,0.17164,0.501543,0.235081,0.06353,0.000006,0.02546,0.002739
AAGTTGTGATGTTATA-1,0.001032,0.001032,0.001032,0.001032,0.001031,0.483009,0.511832
AATAACAACGCTCGGC-1,0.083142,0.244037,0.263544,0.26403,0.000017,0.143822,0.001409
AATAACACTAGAACAA-1,0.000248,0.000248,0.000248,0.063018,0.000248,0.376607,0.559384
AATAAGTCCTCGAGAC-1,0.179567,0.043493,0.00739,0.000069,0.000069,0.398558,0.370854
AATACAATGTTTCAGG-1,0.014605,0.165067,0.199215,0.00021,0.00021,0.466163,0.154531
AATACCGGAGGGCTGT-1,0.703263,0.001194,0.000049,0.000073,0.000049,0.283631,0.011741
AATAGAACAGAGTGGC-1,0.103852,0.000232,0.000232,0.042268,0.000232,0.000232,0.852951
AATAGAATCTGTTTCA-1,0.00089,0.601459,0.108896,0.077545,0.000059,0.211093,0.000059
AATAGCAAGCCTCCTG-1,0.234961,0.000115,0.042372,0.000115,0.032212,0.07337,0.616855
AATAGCTACCGCGTGC-1,0.24277,0.013019,0.012574,0.007926,0.00006,0.014356,0.709295
AATAGTCCGTCCCGAC-1,0.00205,0.002049,0.002049,0.00205,0.002048,0.829764,0.159992
AATAGTCGCGAGTCGG-1,0.001593,0.001593,0.001593,0.001593,0.001594,0.990438,0.001595
AATATCAAGGTCGGAT-1,0.089121,0.000117,0.000117,0.000117,0.000117,0.089607,0.820805
AATATCGAATCAATGC-1,0.266763,0.000546,0.000546,0.000546,0.000545,0.535202,0.195853
AATATCGAGGGTTCTC-1,0.048975,0.0176,0.000103,0.071792,0.007727,0.059704,0.794099
AATATTGGAGTATTGA-1,0.000057,0.064963,0.121088,0.020951,0.000057,0.606265,0.186619
AATCAGACTGCAGGAC-1,0.000081,0.000081,0.000081,0.000081,0.015961,0.207668,0.776049
AATCAGGTTTCATTTA-1,0.000241,0.000241,0.000241,0.000241,0.00158,0.512998,0.484459
AATCATGTAAAGACTC-1,0.002708,0.002706,0.002707,0.002706,0.002706,0.983758,0.002709
AATCCAAGGGCCTGAG-1,0.000077,0.000077,0.000077,0.000077,0.010039,0.23179,0.757863
AATCCATGCAAGGGTG-1,0.45124,0.006908,0.003925,0.014977,0.000036,0.372778,0.150135
AATCGCCTCAGCGCCA-1,0.000202,0.000202,0.000202,0.000202,0.004189,0.771008,0.223993
AATCGCGCAGAGGACT-1,0.092185,0.084903,0.423304,0.005206,0.004357,0.016547,0.373498
AATCGTGAGCCGAGCA-1,0.002469,0.002471,0.002473,0.002472,0.002474,0.985168,0.002474
AATCTAGGTTTACTTG-1,0.169187,0.000333,0.000333,0.000333,0.000333,0.57076,0.258722
AATCTATGCCGGAGCC-1,0.054367,0.000067,0.000067,0.000067,0.000067,0.000067,0.945296
AATCTCTACTGTGGTT-1,0.002108,0.002108,0.002108,0.002108,0.002108,0.453856,0.535604
AATCTGCGTTGGGACG-1,0.143005,0.178083,0.151422,0.126193,0.15097,0.00938,0.240947
AATCTGGCTTTCTAGT-1,0.086463,0.001055,0.001055,0.001055,0.001054,0.337225,0.572091
AATCTGGGTAGACCCT-1,0.353626,0.000084,0.000084,0.000084,0.000084,0.148467,0.49757
AATGACAGCAATGTCT-1,0.055251,0.175567,0.133711,0.345146,0.000036,0.186483,0.103807
AATGACGTAGGATGTC-1,0.000432,0.000432,0.19377,0.000432,0.000432,0.375649,0.428852
AATGACTGTCAGCCGG-1,0.010694,0.00477,0.123304,0.016196,0.000666,0.18144,0.66293
AATGAGTTCGCATATG-1,0.00048,0.00048,0.00048,0.00048,0.00048,0.388578,0.609022
AATGATGATACGCTAT-1,0.000469,0.000469,0.000469,0.434972,0.000469,0.000469,0.562684
AATGATGCGACTCCTG-1,0.102133,0.000285,0.000285,0.012527,0.000284,0.000285,0.884201
AATGCAACCGGGTACC-1,0.021867,0.010288,0.051599,0.025056,0.0001,0.085804,0.805286
AATGCACCAAGCAATG-1,0.056883,0.122059,0.000402,0.000402,0.000402,0.66884,0.151013
AATGGTCCACCGTTCA-1,0.004813,0.075759,0.122171,0.132988,0.000082,0.430397,0.23379
AATGGTTCTCACAAGC-1,0.0002,0.0002,0.0002,0.087861,0.0002,0.273301,0.638037
AATGTGCCCGAGGTGT-1,0.000608,0.000608,0.000608,0.000608,0.000608,0.407299,0.589661
AATGTGCTAATCTGAG-1,0.00025,0.00025,0.00025,0.00025,0.00025,0.593117,0.405632
AATGTTGTCGTGAGAC-1,0.026119,0.000381,0.000381,0.000381,0.00038,0.396744,0.575615
AATTAAAGGTCGGCGT-1,0.069209,0.167884,0.082917,0.050204,0.092351,0.058756,0.478681
AATTACTCGTACGCTC-1,0.006509,0.006507,0.006513,0.006512,0.006519,0.960915,0.006525
AATTCATAAGGGATCT-1,0.000583,0.000583,0.000583,0.000583,0.000583,0.385293,0.611791
AATTCCAACTTGGTGA-1,0.003182,0.003183,0.003185,0.003185,0.003186,0.980888,0.00319
AATTCGATTCGAGGAT-1,0.236959,0.000089,0.000089,0.000089,0.001653,0.712299,0.048822
AATTGAACGCTCTGGT-1,0.000202,0.124131,0.005443,0.04024,0.000202,0.627554,0.202229
AATTGCAGCAATCGAC-1,0.000552,0.000552,0.000552,0.000552,0.000552,0.141387,0.855854
AATTTGGGACATAGTA-1,0.786735,0.000079,0.000079,0.000138,0.008861,0.122346,0.081762
ACAAACCATGCGTCCT-1,0.000938,0.000938,0.000938,0.000938,0.000937,0.502902,0.49241
ACAAACCGACAAGGCG-1,0.000071,0.000071,0.000071,0.000071,0.000072,0.831904,0.16774
ACAAAGCATGACCTAG-1,0.348581,0.000222,0.000222,0.000222,0.000222,0.646671,0.00386
ACAAATCGCACCGAAT-1,0.001205,0.001204,0.001205,0.001205,0.001204,0.36293,0.631047
ACAAATGGTAGTGTTT-1,0.077923,0.659736,0.084951,0.071651,0.000023,0.105694,0.000023
ACAAATTCAGATCTGA-1,0.772792,0.000046,0.000046,0.000046,0.000046,0.000046,0.226978
ACAACAGCATGAGCTA-1,0.880604,0.073968,0.000393,0.000393,0.000393,0.000393,0.043855
ACAACGGTCCCTGCGA-1,0.022969,0.085101,0.281685,0.043105,0.000036,0.219345,0.347758
ACAAGCAGTGCCTAGC-1,0.083902,0.318035,0.5092,0.047639,0.000007,0.041189,0.000029
ACAAGGAAATCCGCCC-1,0.538683,0.1044,0.024461,0.026177,0.000031,0.21821,0.088038
ACAAGGATGCTTTAGG-1,0.002316,0.002313,0.002314,0.002314,0.002312,0.624416,0.364015
ACAAGGCCTACCAGCC-1,0.232741,0.000359,0.000359,0.000359,0.000358,0.077878,0.687946
ACAAGGGCAGGCTCTG-1,0.025983,0.008024,0.000165,0.000165,0.000165,0.538453,0.427044
ACAATAGTCGTACGTT-1,0.009573,0.055207,0.176851,0.005601,0.01015,0.403383,0.339235
ACAATCCATTTAAACC-1,0.065957,0.64162,0.127983,0.097122,0.002578,0.050352,0.014389
ACAATCGATCTTTATA-1,0.142866,0.059866,0.00775,0.000175,0.015915,0.405087,0.36834
ACAATGAATACGGAGA-1,0.000372,0.000372,0.000372,0.000372,0.000373,0.373557,0.624583
ACAATGATTCTTCTAC-1,0.277303,0.0005,0.0005,0.0005,0.0005,0.0005,0.720198
ACAATTGTGTCTCTTT-1,0.001869,0.052692,0.031007,0.078048,0.000168,0.302336,0.53388
ACAATTTAGGAGGCTC-1,0.00326,0.003261,0.003261,0.003262,0.003262,0.98043,0.003264
ACAATTTGAGCAGTGG-1,0.034677,0.310857,0.302808,0.064101,0.003448,0.072254,0.211855
ACACAAAGACGGGTGG-1,0.007614,0.000096,0.096326,0.019179,0.000096,0.287021,0.589669
ACACACCAGGACCAGT-1,0.008158,0.599278,0.195493,0.075066,0.000007,0.121991,0.000007
ACACATGATCAAATCT-1,0.002516,0.002518,0.002518,0.002517,0.002516,0.984894,0.00252
ACACATTGACGCAACA-1,0.000788,0.000788,0.000789,0.000788,0.000788,0.346632,0.649427
ACACCACATAATTAGC-1,0.517266,0.01455,0.011738,0.005238,0.000061,0.000061,0.451085
ACACCCAGCATGCAGC-1,0.10173,0.152412,0.017754,0.0001,0.0001,0.144734,0.583169
ACACCCGAGAAATCCG-1,0.000113,0.016255,0.000113,0.057885,0.000113,0.218831,0.706688
ACACCGAGCGCTCTTT-1,0.000194,0.000194,0.000194,0.000194,0.000194,0.472518,0.526513
ACACCGGTCTGACCGC-1,0.001595,0.001593,0.001594,0.001594,0.001593,0.748191,0.243841
ACACCTTAAGTAGGGC-1,0.00015,0.053034,0.101149,0.053496,0.00015,0.00015,0.791873
ACACCTTACTACTTGC-1,0.012324,0.013617,0.228619,0.020724,0.000047,0.03146,0.693209
ACACGAGACTCCTTCT-1,0.001421,0.001421,0.001421,0.001421,0.001419,0.26099,0.731907
ACACGGCACTATGCAT-1,0.053595,0.053984,0.03255,0.015692,0.000093,0.248743,0.595343
ACACGGGAACTTAGGG-1,0.00552,0.005521,0.005522,0.449788,0.005517,0.522608,0.005524
ACACGTAGGCCACAAG-1,0.346922,0.000074,0.000074,0.000074,0.000074,0.397964,0.254818
ACACTCCAATGTCACT-1,0.00025,0.00025,0.00025,0.00025,0.00025,0.510597,0.488151
ACACTGATCAAGGTGT-1,0.001544,0.001544,0.001543,0.001543,0.001542,0.063183,0.929102
ACACTGGGACAGTCGT-1,0.478579,0.000173,0.000173,0.000173,0.008961,0.092353,0.419588
ACAGAACTGAGAACAA-1,0.000283,0.000283,0.038434,0.000283,0.000283,0.112423,0.848011
ACAGATTAGGTTAGTG-1,0.180397,0.013664,0.00019,0.067338,0.009533,0.2887,0.440177
ACAGCGACATTCTCAT-1,0.001227,0.001227,0.001226,0.001226,0.001225,0.736368,0.257501
ACAGCGCACCCGCAGC-1,0.456443,0.001962,0.002656,0.006796,0.000024,0.380528,0.151591
ACAGGCACGGATCCTT-1,0.06058,0.000507,0.000507,0.000507,0.000507,0.628499,0.308893
ACAGGCTTGCCCGACT-1,0.003874,0.003876,0.003876,0.003877,0.003875,0.976739,0.003883
ACAGGTGGAGGTGAGG-1,0.000144,0.000144,0.000145,0.000145,0.000144,0.381603,0.617675
ACAGTAATACAACTTG-1,0.00074,0.00074,0.00074,0.00074,0.000739,0.613382,0.38292
ACAGTGCAGCGCATTT-1,0.316109,0.000089,0.000089,0.000089,0.000089,0.298508,0.385028
ACATAATAAGGCGGTG-1,0.416771,0.001839,0.000074,0.000367,0.000073,0.000745,0.58013
ACATCAGCTGGGACGC-1,0.000552,0.000552,0.000552,0.000552,0.000551,0.826732,0.17051
ACATCCCGGCCATACG-1,0.221967,0.0007,0.0007,0.0007,0.0007,0.0007,0.774533
ACATCCTGGTAACTGT-1,0.014527,0.077121,0.311892,0.057842,0.00004,0.199768,0.338811
ACATCGATCGTTTACC-1,0.33014,0.090683,0.022373,0.034771,0.124849,0.000064,0.397121
ACATCGGTCAGCCGCG-1,0.01876,0.118725,0.229995,0.201749,0.143994,0.116426,0.17035
ACATCGTATGCAATGG-1,0.002173,0.002174,0.002174,0.002174,0.002172,0.551368,0.437764
ACATCGTTAACCTAGT-1,0.921636,0.013043,0.013049,0.013052,0.013055,0.013087,0.013079
ACATCTCAACGCGTAA-1,0.035863,0.035874,0.03587,0.784834,0.035819,0.035912,0.035828
ACATGGCGCCAAAGTA-1,0.30916,0.142635,0.082777,0.204561,0.000035,0.156153,0.10468
ACATGGCTCAATTTAG-1,0.001039,0.001039,0.00104,0.001039,0.001039,0.605379,0.389424
ACATTAGTTTATATCC-1,0.159367,0.141938,0.009847,0.000181,0.010867,0.375104,0.302696
ACCAACACCACACACT-1,0.061724,0.000054,0.000054,0.000054,0.000054,0.000054,0.938007
ACCAACCGCACTCCAC-1,0.000613,0.000613,0.000613,0.000613,0.000613,0.65953,0.337406
ACCAACGCTTATTTAT-1,0.000101,0.89246,0.107034,0.000101,0.000101,0.000101,0.000101
ACCAAGAACGCGTGTC-1,0.000109,0.000109,0.000109,0.000109,0.000109,0.282991,0.716462
ACCAATATGCAAGTTA-1,0.00205,0.00205,0.00205,0.00205,0.002048,0.635019,0.354734
ACCACAACTCAGAACA-1,0.000024,0.000024,0.000024,0.000024,0.006482,0.626169,0.367251
ACCACAAGTTTCTATC-1,0.000105,0.000105,0.00918,0.000105,0.000105,0.07565,0.91475
ACCACCAATGTAACAA-1,0.1051,0.174846,0.232905,0.017746,0.000129,0.118372,0.350902
ACCACGTGCAGCTATA-1,0.213991,0.000068,0.000068,0.000068,0.000068,0.554279,0.231456
ACCACTGTTCAAGAAG-1,0.015332,0.000169,0.007267,0.007935,0.000169,0.415048,0.554081
ACCAGCCCGGTCTTTG-1,0.066446,0.000483,0.000483,0.000483,0.000483,0.422022,0.509599
ACCAGGAGTGTGATCT-1,0.171972,0.000073,0.004661,0.028158,0.004933,0.132341,0.657862
ACCAGTGCCCGGTCAA-1,0.006486,0.061848,0.000128,0.000128,0.005121,0.059824,0.866466
ACCAGTGCGGGAGACG-1,0.186489,0.029763,0.499716,0.01442,0.000076,0.175476,0.09406
ACCATATCCGCAATAA-1,0.197388,0.234108,0.131654,0.02596,0.070075,0.079326,0.261489
ACCATCCGCCAACTAG-1,0.000204,0.264689,0.010801,0.000204,0.000204,0.713634,0.010264
ACCATCGTATATGGTA-1,0.047417,0.144038,0.049841,0.099656,0.010035,0.022818,0.626195
ACCATTAAGGGTGTCA-1,0.000237,0.000237,0.000237,0.000237,0.000237,0.482006,0.51681
ACCCAACGCCCGTGGC-1,0.082901,0.305526,0.175365,0.278518,0.001035,0.052673,0.103981
ACCCACCTACATGCTC-1,0.530678,0.165222,0.129194,0.056217,0.00002,0.118429,0.000241
ACCCATCTTGAGGGTA-1,0.030945,0.323643,0.159519,0.142415,0.078165,0.146392,0.118921
ACCCATTTGTCCCTCT-1,0.421675,0.000983,0.000983,0.000983,0.000982,0.427228,0.147167
ACCCGAGCGAAATTAC-1,0.469922,0.011395,0.030114,0.000069,0.000069,0.44361,0.044822
ACCCGATTGGTTCCGA-1,0.000755,0.000755,0.000755,0.000755,0.000755,0.846287,0.14994
ACCCGGATGACGCATC-1,0.010395,0.037242,0.067174,0.092004,0.002497,0.292756,0.497931
ACCCGGTTACACTTCC-1,0.453738,0.15225,0.042177,0.082541,0.020172,0.124913,0.124209
ACCCGTGTCATCAGTA-1,0.326228,0.00035,0.00035,0.00035,0.00035,0.170176,0.502195
ACCCTATAGGACTGAG-1,0.094104,0.000219,0.000219,0.000219,0.000219,0.488955,0.416065
ACCCTATGCCATATCG-1,0.510154,0.000316,0.072472,0.000316,0.000316,0.41611,0.000316
ACCCTCCCTTGCTATT-1,0.000193,0.000193,0.000193,0.000193,0.000193,0.754933,0.244103
ACCCTTTAGTTCTCCA-1,0.00042,0.000038,0.000038,0.000079,0.006337,0.572636,0.420452
ACCGAAAGGGCCCTGC-1,0.161368,0.000063,0.000063,0.000063,0.000063,0.000063,0.838318
ACCGAAGAGTCTGGTT-1,0.01298,0.085627,0.00307,0.000181,0.030251,0.495746,0.372144
ACCGATGGTAGCATCG-1,0.000153,0.000153,0.006265,0.177128,0.00661,0.205018,0.604672
ACCGCAATAACTGCCT-1,0.001304,0.001304,0.001305,0.001304,0.001303,0.618315,0.375164
ACCGCGGTGGAAGTCG-1,0.000124,0.025107,0.172215,0.010346,0.000124,0.28831,0.503774
ACCGGGCCTTTGTTGA-1,0.000144,0.072331,0.004789,0.810903,0.000144,0.088198,0.023491
ACCGGTCAGGTACACC-1,0.001839,0.001838,0.001839,0.001839,0.001838,0.473706,0.517102
ACCGGTCTGAGTACGG-1,0.06381,0.00013,0.00013,0.00013,0.00013,0.00013,0.935539
ACCGTGACCACGTGGG-1,0.000222,0.000222,0.000222,0.000222,0.000223,0.382765,0.616124
ACCTAAGTACCTTTCA-1,0.178995,0.46355,0.124547,0.050109,0.000028,0.173579,0.009193
ACCTAATCGACTTCCT-1,0.048232,0.066127,0.324335,0.176065,0.009534,0.210546,0.165161
ACCTACAGTATGTGGT-1,0.18411,0.006131,0.739819,0.000015,0.000937,0.014113,0.054875
ACCTCCGCCCTCGCTG-1,0.001129,0.001129,0.001129,0.001129,0.001129,0.434541,0.559813
ACCTCCGTTATTCACC-1,0.428218,0.07638,0.045817,0.00016,0.00016,0.00016,0.449105
ACCTCGAACTTATGCT-1,0.001839,0.001837,0.001838,0.001838,0.001838,0.71869,0.27212
ACCTGCGTGTCATGTT-1,0.00043,0.00043,0.00043,0.00043,0.000429,0.1297,0.868152
ACGAAATGGGCGGCAC-1,0.080943,0.474853,0.179425,0.177966,0.000715,0.039841,0.046256
ACGACTGGTCATACTC-1,0.001594,0.001594,0.001594,0.001594,0.001593,0.251887,0.740144
ACGAGAACCCATCACG-1,0.000103,0.000103,0.000103,0.000103,0.006378,0.325052,0.668157
ACGAGATATTTGCTTA-1,0.387983,0.014928,0.005372,0.009099,0.001155,0.375986,0.205476
ACGAGGATACCACTCT-1,0.001103,0.001103,0.001104,0.001104,0.001103,0.001104,0.99338
ACGAGGTTTACAACGT-1,0.001025,0.001025,0.001025,0.001024,0.001024,0.993851,0.001026
ACGAGTACGGATGCCC-1,0.000095,0.000095,0.000095,0.003591,0.000095,0.000095,0.995936
ACGAGTCGCCGGCGTT-1,0.000198,0.000198,0.000198,0.000198,0.000198,0.701944,0.297064
ACGATACATAGAACTA-1,0.00047,0.000471,0.422172,0.000471,0.00047,0.000471,0.575476
ACGATCATACATAGAG-1,0.263656,0.041499,0.027316,0.02865,0.000082,0.054024,0.584774
ACGATCATCTTGTAAA-1,0.246733,0.066539,0.010572,0.063845,0.008201,0.161033,0.443078
ACGATGCATATGTTAT-1,0.079736,0.314806,0.16952,0.107275,0.115011,0.10145,0.112203
ACGCAAACTAATAGAT-1,0.000238,0.000238,0.000238,0.000238,0.000237,0.536967,0.461845
ACGCAATCACTACAGC-1,0.000068,0.000068,0.000068,0.000068,0.000068,0.000068,0.999592
ACGCATAAATGACATG-1,0.151311,0.000104,0.000104,0.019786,0.001551,0.00543,0.821715
ACGCATACGTTTACTA-1,0.644152,0.000824,0.000825,0.000825,0.000824,0.351725,0.000825
ACGCATTCGTGAGTAC-1,0.202554,0.000077,0.000077,0.000077,0.045844,0.000077,0.751292
ACGCCAGATGATTTCT-1,0.013055,0.01306,0.013056,0.013045,0.013028,0.921722,0.013035
ACGCCCAGCTGTCGAT-1,0.008018,0.000079,0.010239,0.000079,0.000079,0.46232,0.519188
ACGCCGCTAGACGACC-1,0.013062,0.013052,0.013042,0.013054,0.013023,0.013034,0.921732
ACGCGAAGTCAGACGA-1,0.057698,0.072695,0.139513,0.000183,0.000183,0.030674,0.699053
ACGCGCTACACAGGGT-1,0.076541,0.235395,0.255471,0.213181,0.049281,0.130031,0.040099
ACGCGGGCCAAGGACA-1,0.846627,0.001356,0.000024,0.000024,0.024538,0.000024,0.127407
ACGCGTTTCTTAAGAG-1,0.189309,0.023966,0.055926,0.018429,0.030256,0.508887,0.173228
ACGCTAGTGATACACT-1,0.019132,0.000158,0.077321,0.000158,0.000158,0.000158,0.902915
ACGCTGTGAGGCGTAG-1,0.000325,0.000325,0.000325,0.000325,0.000324,0.772728,0.225649
ACGCTTAGTGTCTCTC-1,0.017107,0.003293,0.011624,0.018689,0.038582,0.277819,0.632887
ACGGAATTTAGCAAAT-1,0.05685,0.002922,0.030943,0.014916,0.000052,0.290011,0.604306
ACGGACTCTCAAAGCG-1,0.000495,0.000495,0.000495,0.000495,0.000495,0.734474,0.263052
ACGGAGCGCAAATTAC-1,0.004047,0.014656,0.087601,0.000138,0.000138,0.022506,0.870913
ACGGATGGTGCGGATA-1,0.000714,0.000714,0.000714,0.000714,0.000714,0.579398,0.417034
ACGGCACTTGCTTGGG-1,0.396807,0.000324,0.000324,0.000324,0.005432,0.294817,0.301971
ACGGCCAACATGGACT-1,0.00163,0.001631,0.001631,0.001631,0.001629,0.401662,0.590185
ACGGCGACGATGGGAA-1,0.000217,0.000217,0.000217,0.000217,0.000217,0.42537,0.573547
ACGGCGGGTTGCCCTG-1,0.000083,0.000083,0.000083,0.000083,0.999403,0.000083,0.000181
ACGGGAGTGTCGGCCC-1,0.041127,0.026701,0.043515,0.072625,0.000078,0.464797,0.351157
ACGGGTCATGTGACTT-1,0.011026,0.011045,0.011048,0.011038,0.011052,0.933737,0.011055
ACGTACTTTGGCACGG-1,0.000914,0.000914,0.000914,0.000914,0.000913,0.840598,0.154833
ACGTATTACTCCGATC-1,0.09485,0.561316,0.127925,0.082406,0.006627,0.018158,0.108718
ACGTCCTAAACGAGAT-1,0.110763,0.000082,0.027008,0.000082,0.000082,0.411378,0.450605
ACGTGCGCCTCGTGCA-1,0.501854,0.001412,0.005212,0.00046,0.000055,0.038725,0.452281
ACGTGGTCGAATGTGC-1,0.000187,0.000187,0.000187,0.000187,0.007937,0.305826,0.685488
ACGTTAATGTCGAAGA-1,0.221692,0.020662,0.023126,0.195151,0.000121,0.084181,0.455067
ACGTTAGATTTGCCCG-1,0.02844,0.209126,0.257268,0.134274,0.082226,0.089731,0.198935
ACGTTATTGGTCACTC-1,0.185541,0.000586,0.042491,0.000586,0.000585,0.718611,0.051601
ACGTTCCGCGCTCCGT-1,0.020076,0.000085,0.000085,0.000085,0.006877,0.019817,0.952976
ACGTTCGCAATCAATT-1,0.295672,0.024613,0.04068,0.078175,0.000085,0.01607,0.544705
ACGTTCGTTCAGGAAA-1,0.000138,0.000138,0.015674,0.000138,0.000138,0.546843,0.436933
ACGTTCTGTACAAGTC-1,0.000891,0.000891,0.000891,0.000891,0.00089,0.761567,0.233979
ACTAATACGTCAGGCG-1,0.642315,0.000104,0.000104,0.000104,0.000105,0.132014,0.225253
ACTACAAAGAGAGGTG-1,0.175581,0.000376,0.000376,0.000376,0.009002,0.451144,0.363147
ACTACATCCCGACAAG-1,0.002606,0.002605,0.002606,0.002606,0.002606,0.675105,0.311866
ACTACGCGTTAGAATT-1,0.00397,0.029734,0.001092,0.01079,0.000146,0.355235,0.599034
ACTAGTTGCGATCGTC-1,0.000522,0.000521,0.000522,0.000522,0.000521,0.560698,0.436695
ACTATATGCTGTGTTC-1,0.000198,0.026606,0.054897,0.000198,0.000198,0.301913,0.615989
ACTATCCAGGGCATGG-1,0.340315,0.008469,0.011736,0.030655,0.000015,0.290902,0.317908
ACTATCTGCCCGCGTA-1,0.18165,0.206703,0.210913,0.05524,0.000075,0.083959,0.261459
ACTATGTCCAGCTGCC-1,0.000168,0.000168,0.000168,0.000168,0.000168,0.516468,0.482692
ACTATTCGTCCGTGGT-1,0.013021,0.013052,0.013046,0.013052,0.013026,0.92178,0.013023
ACTATTTCCGGGCCCA-1,0.000886,0.000886,0.000886,0.000886,0.000885,0.282764,0.712808
ACTCAACGAATGTATT-1,0.000072,0.000072,0.000072,0.000072,0.177107,0.13537,0.687236
ACTCAAGTGCAAGGCT-1,0.001794,0.001794,0.001794,0.001794,0.001792,0.67703,0.314003
ACTCAGACCTGCTTCT-1,0.267393,0.000101,0.000101,0.000101,0.0001,0.176412,0.555793
ACTCATGGCAGCCTTC-1,0.00235,0.002349,0.00235,0.00235,0.048706,0.370982,0.570912
ACTCCAATATCATCAT-1,0.000439,0.000439,0.000439,0.000439,0.000438,0.419655,0.578151
ACTCCCATTCCTAAAG-1,0.000789,0.000789,0.000788,0.000789,0.000788,0.794599,0.201458
ACTCCCGAATTCGTTT-1,0.090787,0.028269,0.000123,0.011147,0.000123,0.056757,0.812795
ACTCCCTAGAATAGTA-1,0.284459,0.090275,0.07905,0.051334,0.012549,0.184983,0.29735
ACTCGATGTATTTCAT-1,0.004785,0.004784,0.004785,0.004784,0.004779,0.971295,0.004788
ACTCGCCGTTCGATAA-1,0.001611,0.00161,0.001611,0.001611,0.034982,0.323886,0.634688
ACTCGTAACCCGTCCT-1,0.001076,0.00803,0.523644,0.01236,0.000019,0.454853,0.000019
ACTCGTCAGTAATCCC-1,0.00024,0.086193,0.027348,0.00024,0.00024,0.707964,0.177774
ACTCTCTGACTTAGGT-1,0.540303,0.000118,0.000118,0.00055,0.002137,0.4359,0.020874
ACTCTCTTATACACGA-1,0.000254,0.000254,0.000254,0.000254,0.000254,0.60032,0.398408
ACTCTTGTATAGTAAC-1,0.109697,0.104288,0.033339,0.000167,0.000165,0.453995,0.29835
ACTGAAACGCCGTTAG-1,0.00214,0.002141,0.002141,0.002141,0.002139,0.701853,0.287445
ACTGAATGGCGAAAGT-1,0.183828,0.141449,0.126,0.001794,0.000187,0.546554,0.000188
ACTGATTTAGTGATTC-1,0.000053,0.000053,0.000053,0.000053,0.022208,0.4234,0.554178
ACTGCCCGCCATTCTC-1,0.198906,0.000367,0.000367,0.000367,0.000367,0.400607,0.399019
ACTGTACGATACACAT-1,0.160968,0.057206,0.167226,0.120815,0.00741,0.257418,0.228957
ACTGTATACGCGAGCA-1,0.058899,0.000097,0.001541,0.000097,0.000097,0.327515,0.611754
ACTGTCCAGGATTATA-1,0.029917,0.064993,0.048067,0.022456,0.000068,0.018829,0.81567
ACTGTCTTCTTTAGAA-1,0.194371,0.064554,0.123917,0.01179,0.000113,0.064499,0.540757
ACTGTGCTAGTAGATC-1,0.169268,0.00007,0.000356,0.001038,0.001666,0.349855,0.477746
ACTGTTTAGTGTAGGC-1,0.136698,0.0455,0.04673,0.00013,0.00013,0.059615,0.711197
ACTTACCGGGCGCGCA-1,0.000342,0.000342,0.000342,0.000343,0.000342,0.159629,0.838659
ACTTACGCATCCACGC-1,0.260606,0.000649,0.000649,0.000649,0.000649,0.736148,0.00065
ACTTAGTACGACAAGA-1,0.000118,0.000118,0.000118,0.000118,0.000118,0.475618,0.523791
ACTTATACTTACCCGG-1,0.042056,0.224148,0.136818,0.255756,0.003452,0.031394,0.306377
ACTTATCTGATCTATA-1,0.00012,0.00012,0.00012,0.00012,0.430856,0.318141,0.250522
ACTTATTAGGATCGGT-1,0.151131,0.206661,0.041891,0.031034,0.134902,0.006215,0.428166
ACTTATTTATGTGCCA-1,0.07508,0.128109,0.371773,0.192618,0.000061,0.228952,0.003407
ACTTCAGGCTGATCCC-1,0.355888,0.001393,0.001393,0.001393,0.001392,0.637147,0.001393
ACTTCCATGCGGGACA-1,0.002021,0.00202,0.00202,0.002021,0.00202,0.61709,0.372808
ACTTCCTGTCGTGCGA-1,0.270238,0.000125,0.000125,0.000125,0.127295,0.000125,0.601967
ACTTCGCCATACGCAC-1,0.070458,0.034436,0.072434,0.188306,0.000154,0.368719,0.265495
ACTTGACTCCCTCTTT-1,0.013033,0.013028,0.013033,0.013033,0.013045,0.921745,0.013083
ACTTGCCATATTGTAC-1,0.129747,0.013032,0.020034,0.007007,0.00008,0.077782,0.752318
ACTTGGGACCCGGTGG-1,0.042835,0.026939,0.091143,0.027031,0.000141,0.219202,0.592709
ACTTGTAGTCCCTTCA-1,0.006234,0.00623,0.006237,0.006231,0.006231,0.557777,0.411061
ACTTGTGGATGGAACG-1,0.393032,0.000703,0.000703,0.42209,0.000703,0.000703,0.182066
ACTTTACCCTCATGAA-1,0.543093,0.000293,0.000056,0.006465,0.000056,0.051945,0.398092
ACTTTCCTATAGCTTC-1,0.111822,0.000116,0.000116,0.002468,0.000116,0.000116,0.885247
ACTTTGACTGCATCCT-1,0.002431,0.00243,0.00243,0.002431,0.002429,0.76401,0.223839
ACTTTGGTCGTGCTCC-1,0.101744,0.000252,0.000252,0.000252,0.000298,0.522943,0.374258
ACTTTGTCGACGCACT-1,0.449859,0.097153,0.000154,0.020519,0.006948,0.000154,0.425214
AGAAATTATGACTCGC-1,0.168908,0.628539,0.14602,0.043949,0.002237,0.000015,0.010332
AGAACGTGGTACATTC-1,0.492008,0.000759,0.000759,0.339835,0.000759,0.000759,0.165121
AGAAGAGCGCCGTTCC-1,0.000643,0.000644,0.000644,0.000644,0.000643,0.847456,0.149327
AGAAGGTACACTTCAC-1,0.235261,0.000759,0.000759,0.000759,0.020942,0.34808,0.393439
AGAAGGTTGCCGAATT-1,0.023803,0.375082,0.074787,0.016928,0.080774,0.000033,0.428593
AGAAGGTTGTAGGTCG-1,0.000864,0.000865,0.000865,0.000864,0.000864,0.696373,0.299305
AGAAGTGATTCGTGAT-1,0.030323,0.083598,0.291139,0.189274,0.000036,0.201866,0.203765
AGAATAAATCTTCAGG-1,0.000218,0.000218,0.000218,0.000218,0.002941,0.583261,0.412927
AGAATGCGGGTTCGGA-1,0.000182,0.000182,0.000182,0.000182,0.000182,0.000716,0.998373
AGAATTATGGATTCGA-1,0.103475,0.166492,0.110041,0.199649,0.009377,0.088281,0.322686
AGAATTGTTTGACATA-1,0.000237,0.000237,0.000237,0.000237,0.000237,0.440906,0.557909
AGACAGCTCAGAATCC-1,0.013023,0.013023,0.013031,0.01303,0.01304,0.921797,0.013056
AGACATAGATCCTTCC-1,0.241463,0.000103,0.000103,0.000103,0.000103,0.003959,0.754168
AGACCATGGGATACAA-1,0.053703,0.251963,0.20628,0.164151,0.000021,0.179027,0.144854
AGACCCGCCCTCCTCG-1,0.12444,0.124096,0.064588,0.004811,0.000084,0.066805,0.615176
AGACCGCTCCGCGGTT-1,0.001631,0.00163,0.00163,0.00163,0.001629,0.528812,0.463038
AGACCGGGAAACCCTG-1,0.000349,0.000349,0.000349,0.000349,0.000349,0.527135,0.47112
AGACGAAGTGCCGGTC-1,0.000788,0.000788,0.000788,0.188118,0.000788,0.732939,0.075789
AGACGACGATGCCGCT-1,0.000464,0.000464,0.000464,0.000464,0.000464,0.599627,0.398052
AGACGGGATTGGTATA-1,0.000037,0.000037,0.000037,0.000037,0.005042,0.673648,0.32116
AGACGGGCCGATTTAA-1,0.061627,0.000105,0.000105,0.000105,0.000105,0.042187,0.895768
AGACTAGCCTTCCAGA-1,0.060696,0.134338,0.077543,0.039364,0.021767,0.268282,0.398008
AGACTGTTACCGGGTC-1,0.000167,0.000167,0.000167,0.000167,0.000167,0.542694,0.456469
AGAGAAACACCAGAAA-1,0.000381,0.000381,0.000381,0.000381,0.00038,0.709365,0.288732
AGAGAACCGTCTAGGA-1,0.055899,0.065979,0.108059,0.332819,0.004306,0.161764,0.271175
AGAGAAGGAGTACAAT-1,0.054127,0.000455,0.000456,0.000456,0.009989,0.578694,0.355824
AGAGATCTCTAAAGCG-1,0.294462,0.00009,0.00009,0.00521,0.00009,0.459741,0.240317
AGAGCAGTTATGAGAC-1,0.000105,0.000105,0.126511,0.019306,0.000105,0.455666,0.398201
AGAGCCGCCGAGATTT-1,0.3788,0.000414,0.000414,0.000414,0.000413,0.246216,0.37333
AGAGCGGGCTAATCAT-1,0.524362,0.025659,0.054419,0.008848,0.020059,0.105898,0.260755
AGAGCGTACAAGCTCG-1,0.184558,0.171345,0.246521,0.182722,0.000023,0.113853,0.100979
AGAGCTACGAAAGCAT-1,0.000488,0.000488,0.000488,0.000488,0.000488,0.187559,0.810001
AGAGGCTTCGGAAACC-1,0.057981,0.000347,0.000347,0.000347,0.008812,0.716376,0.215789
AGAGGTATCTCGGTCC-1,0.132092,0.000084,0.000084,0.000084,0.000084,0.19239,0.675181
AGAGTAAACTTCACTA-1,0.096752,0.529768,0.264349,0.054335,0.000008,0.036166,0.018621
AGAGTTAGAGACCGAT-1,0.684465,0.00961,0.012758,0.005683,0.000062,0.017673,0.26975
AGATAACTTCAGGGCC-1,0.092732,0.219109,0.257142,0.106853,0.044291,0.217497,0.062376
AGATACCAATAGAACC-1,0.160588,0.000179,0.000179,0.000179,0.00963,0.031231,0.798014
AGATACCGGTGTTCAC-1,0.018844,0.313924,0.161138,0.032209,0.189402,0.156496,0.127988
AGATACGACTTCATAT-1,0.107597,0.000441,0.007555,0.027444,0.000075,0.319298,0.537591
AGATACTCAAGATCGA-1,0.00097,0.325757,0.00097,0.00097,0.000969,0.669396,0.00097
AGATATAATACGACTA-1,0.00299,0.002992,0.002992,0.002992,0.002986,0.982062,0.002987
AGATCGTGCATAAGAT-1,0.000204,0.000204,0.084792,0.153569,0.000203,0.087053,0.673976
AGATCTCAGGTGTGAT-1,0.000188,0.000188,0.000188,0.000188,0.000187,0.725565,0.273497
AGATGACTCGCCCACG-1,0.206773,0.080518,0.053815,0.016733,0.000083,0.075983,0.566095
AGATGAGGGTTGCGAT-1,0.010794,0.072708,0.00871,0.016413,0.000149,0.000149,0.891078
AGATGATGGAGTCTGG-1,0.090592,0.000072,0.002539,0.047129,0.000072,0.001059,0.858536
AGATGCAAGACGTGCA-1,0.000989,0.000989,0.00099,0.000989,0.000989,0.531443,0.463611
AGATGCTATAACGAGC-1,0.000272,0.000272,0.000272,0.000272,0.000272,0.43627,0.562369
AGATTATAGGACGTTT-1,0.618666,0.000108,0.030872,0.000108,0.000108,0.125383,0.224756
AGATTCAAGCGGGTCG-1,0.435211,0.000519,0.007855,0.000122,0.000122,0.000122,0.556048
AGATTCACAACCGATA-1,0.08842,0.000586,0.000586,0.000586,0.000585,0.563842,0.345396
AGCAAAGGCCGCTAGT-1,0.004342,0.004339,0.004341,0.004343,0.004344,0.973937,0.004355
AGCAACATATCTTATT-1,0.018523,0.407512,0.096602,0.192277,0.000036,0.220597,0.064453
AGCAACCGAAAGTAAT-1,0.037384,0.00035,0.00035,0.00035,0.00035,0.80763,0.153586
AGCACACGTTTAGACT-1,0.000441,0.000441,0.000441,0.000441,0.000441,0.458774,0.53902
AGCACCAGTACTCACG-1,0.290479,0.022657,0.025215,0.037656,0.000076,0.122465,0.501452
AGCACTACCGGCCTGT-1,0.000077,0.524495,0.015039,0.061552,0.00412,0.270432,0.124286
AGCACTACCTCACCAG-1,0.003258,0.003259,0.00326,0.00326,0.003258,0.884893,0.098812
AGCACTTAAGGACGCC-1,0.128733,0.159724,0.221275,0.147304,0.0557,0.184534,0.10273
