Barcode,Topic 1,Topic 2to3,Topic 4,Topic 5,Topic 6,Topic 7to8
AAACAACGAATAGTTC-1,0.000121,0.358691,0.000121,0.144337,0.32843,0.168299
AAACAAGTATCTCCCA-1,0.000048,0.59241,0.006259,0.132784,0.000048,0.268452
AAACACCAATAACTGC-1,0.000029,0.180414,0.003912,0.369146,0.041022,0.405478
AAACAGAGCGACTCCT-1,0.000239,0.333773,0.000239,0.000239,0.000239,0.665269
AAACAGCTTTCAGAAG-1,0.000033,0.087378,0.024199,0.594345,0.03547,0.258575
AAACAGGGTCTATATT-1,0.000041,0.020379,0.000041,0.000041,0.135419,0.844079
AAACATGGTGAGAGGA-1,0.000083,0.07121,0.000083,0.000083,0.817563,0.110978
AAACATTTCCCGGATT-1,0.002458,0.239184,0.00012,0.00012,0.163468,0.59465
AAACCACTACACAGAT-1,0.000034,0.459153,0.031762,0.16661,0.039367,0.303074
AAACCCGAACGAAATC-1,0.000023,0.19016,0.010215,0.438249,0.008537,0.352816
AAACCGGAAATGTTAA-1,0.00003,0.522896,0.033601,0.074091,0.015711,0.35367
AAACCGGGTAGGTACC-1,0.000026,0.221213,0.010606,0.448007,0.036662,0.283485
AAACCGTTCGTCCAGG-1,0.012873,0.416366,0.000051,0.032758,0.017369,0.520584
AAACCTAAGCAGCCGG-1,0.000054,0.000109,0.000054,0.000054,0.606426,0.393303
AAACCTCATGAAGTTG-1,0.000084,0.707276,0.000084,0.000084,0.071657,0.220816
AAACGAAGATGGAGTA-1,0.000434,0.006291,0.042676,0.719606,0.16748,0.063514
AAACGACAGTCTTGCC-1,0.000042,0.487228,0.001662,0.141669,0.000152,0.369248
AAACGAGACGGTTGAT-1,0.000034,0.000069,0.000034,0.000034,0.000034,0.999794
AAACGCCCGAGATCGG-1,0.000242,0.706519,0.000241,0.061709,0.099992,0.131296
AAACGGGCGTACGGGT-1,0.000031,0.141562,0.062194,0.131761,0.468513,0.195939
AAACGGGTTGGTATCC-1,0.009143,0.224187,0.003051,0.256886,0.17387,0.332863
AAACGTGTTCGCCCTA-1,0.000329,0.529564,0.00033,0.00033,0.052593,0.416855
AAACTAACGTGGCGAC-1,0.000723,0.683894,0.000724,0.000724,0.000724,0.313211
AAACTCGTGATATAAG-1,0.000027,0.06741,0.496712,0.003948,0.000027,0.431876
AAACTGCTGGCTCCAA-1,0.013739,0.444987,0.000141,0.035594,0.154615,0.350925
AAACTTAATTGCACGC-1,0.000259,0.085412,0.000259,0.000259,0.026307,0.887503
AAACTTGCAAACGTAT-1,0.000093,0.348589,0.000093,0.005214,0.000093,0.645917
AAAGAATGACCTTAGA-1,0.000025,0.009339,0.011413,0.210371,0.69661,0.072241
AAAGAATGTGGACTAA-1,0.000077,0.473894,0.024116,0.161233,0.057767,0.282913
AAAGACATGAAGTTTA-1,0.001181,0.002363,0.265262,0.125324,0.044883,0.560987
AAAGACTGGGCGCTTT-1,0.032034,0.064706,0.085274,0.817513,0.000158,0.000315
AAAGGCCCTATAATAC-1,0.00001,0.231718,0.162938,0.5192,0.023427,0.062707
AAAGGCTACGGACCAT-1,0.000049,0.085326,0.000787,0.071325,0.686781,0.155732
AAAGGCTCTCGCGCCG-1,0.000076,0.089101,0.000077,0.000076,0.422168,0.488502
AAAGGGCAGCTTGAAT-1,0.000147,0.425703,0.157552,0.004922,0.07915,0.332526
AAAGGTAAGCTGTACC-1,0.014899,0.033982,0.000411,0.51618,0.150899,0.283629
AAAGGTCAACGACATG-1,0.053135,0.508568,0.001662,0.023884,0.023304,0.389447
AAAGTAGCATTGCTCA-1,0.000043,0.1546,0.018336,0.058955,0.145312,0.622753
AAAGTCGACCCTCAGT-1,0.000599,0.348232,0.000599,0.07739,0.044554,0.528626
AAAGTGCCATCAATTA-1,0.00002,0.718951,0.016161,0.023395,0.011703,0.229769
AAAGTGTGATTTATCT-1,0.000505,0.093489,0.000505,0.000505,0.000505,0.904492
AAAGTTGACTCCCGTA-1,0.000238,0.346088,0.024505,0.591429,0.037033,0.000707
AAATAACCATACGGGA-1,0.000026,0.170631,0.080612,0.21589,0.146704,0.386136
AAATAAGGTAGTGCCC-1,0.000007,0.182016,0.713961,0.011389,0.027495,0.06513
AAATACCTATAAGCAT-1,0.006669,0.379429,0.002726,0.076328,0.141329,0.393519
AAATAGCTTAGACTTT-1,0.000004,0.015429,0.901016,0.083197,0.000004,0.000351
AAATAGGGTGCTATTG-1,0.000018,0.016051,0.052506,0.282847,0.064869,0.583709
AAATCCGATACACGCC-1,0.000015,0.001097,0.129294,0.413755,0.451482,0.004356
AAATCGCGGAAGGAGT-1,0.00003,0.029951,0.130902,0.353079,0.105456,0.380582
AAATCGTGTACCACAA-1,0.000099,0.215975,0.000099,0.000099,0.502638,0.281089
AAATCTAGCCCTGCTA-1,0.000039,0.344685,0.001358,0.008196,0.000039,0.645682
AAATCTGCCCGCGTCC-1,0.000026,0.493394,0.008471,0.172524,0.029664,0.295921
AAATGATTCGATCAGC-1,0.000036,0.083486,0.388521,0.016916,0.075501,0.435539
AAATGCTCGTTACGTT-1,0.000042,0.357896,0.11405,0.128407,0.023569,0.376035
AAATGGCCCGTGCCCT-1,0.000138,0.158034,0.000139,0.000139,0.233272,0.608279
AAATGTATCTTATCCC-1,0.000194,0.056021,0.350242,0.324951,0.094121,0.174471
AAATTAATAAGCGCGA-1,0.000029,0.000057,0.000029,0.000029,0.013521,0.986336
AAATTACACGACTCTG-1,0.000049,0.005847,0.008539,0.222289,0.187522,0.575754
AAATTACCTATCGATG-1,0.000124,0.000278,0.000124,0.021332,0.002338,0.975805
AAATTCCAGGTCCAAA-1,0.000018,0.274725,0.134419,0.193333,0.007431,0.390074
AAATTGATAGTCCTTT-1,0.00007,0.393254,0.004074,0.038569,0.00007,0.563963
AAATTGCGGCGGTTCT-1,0.000184,0.415393,0.014297,0.000183,0.102254,0.467688
AAATTGGTGAGAAGCA-1,0.000235,0.246685,0.010695,0.107119,0.600034,0.035232
AAATTTACCGAAATCC-1,0.001439,0.160187,0.127588,0.001439,0.001439,0.707907
AAATTTGCGGGTGTGG-1,0.000042,0.178974,0.061191,0.664841,0.050033,0.044919
AACAATACATTGTCGA-1,0.000026,0.345859,0.013956,0.288557,0.012366,0.339235
AACAATTACTCTACGC-1,0.000044,0.422176,0.153101,0.000045,0.155707,0.268927
AACACACGCTCGCCGC-1,0.000045,0.274285,0.001872,0.000072,0.419789,0.303937
AACACGAGACGCGGCC-1,0.000064,0.415173,0.000064,0.000064,0.000064,0.58457
AACAGCTGTGTGGCAA-1,0.000014,0.144197,0.330625,0.391719,0.00632,0.127125
AACAGGATGGGCCGCG-1,0.000007,0.040918,0.919774,0.039278,0.000007,0.000015
AACAGGTAGTATGGAT-1,0.000061,0.411716,0.014445,0.338409,0.153693,0.081677
AACATAGCGTGTATCG-1,0.000067,0.379572,0.020154,0.000067,0.261806,0.338333
AACATATCAACTGGTG-1,0.037904,0.200883,0.53094,0.188827,0.041364,0.000083
AACATCGATACGTCTA-1,0.000593,0.533358,0.075994,0.224724,0.164144,0.001187
AACATTGAAGTTGATC-1,0.000028,0.423497,0.120239,0.096217,0.016814,0.343206
AACATTGGTCAGCCGT-1,0.000204,0.482061,0.000204,0.082576,0.019841,0.415114
AACATTGTGACTCGAG-1,0.020461,0.50962,0.000441,0.000441,0.227539,0.241497
AACCAAGACTTCTCTG-1,0.000244,0.355005,0.037071,0.000244,0.046416,0.561019
AACCAGTATCACTCTT-1,0.000515,0.484641,0.000515,0.16618,0.239543,0.108606
AACCATAGGGTTGAAC-1,0.000137,0.205735,0.000137,0.000137,0.430299,0.363554
AACCATGGGATCGCTA-1,0.000128,0.466734,0.000128,0.000128,0.018439,0.514442
AACCCATCCCATGATC-1,0.000238,0.090871,0.000239,0.000239,0.000238,0.908175
AACCCGACAACCCGTG-1,0.003232,0.754258,0.000019,0.000019,0.072114,0.170357
AACCCGAGCAGAATCG-1,0.000042,0.079567,0.025511,0.40671,0.002701,0.485469
AACCCGATAGGGCTTC-1,0.002246,0.605626,0.013759,0.132617,0.062508,0.183244
AACCCTACTGTCAATA-1,0.000759,0.4272,0.000759,0.000759,0.000759,0.569764
AACCGCTAAGGGATGC-1,0.000108,0.000216,0.000108,0.000108,0.136717,0.862744
AACCTAAAGCCGTCCG-1,0.00301,0.079458,0.009746,0.211398,0.07643,0.619959
AACCTCGCTTTAGCCC-1,0.000007,0.000787,0.428377,0.548581,0.020389,0.001858
AACCTGTCACGGAATT-1,0.000028,0.498698,0.024089,0.000028,0.000468,0.47669
AACCTTTAAATACGGT-1,0.005393,0.061837,0.002339,0.000023,0.930363,0.000046
AACCTTTACGACGTCT-1,0.000074,0.317802,0.000074,0.000074,0.000074,0.681902
AACGAAAGTCGTCCCA-1,0.000031,0.034635,0.032778,0.082106,0.249555,0.600894
AACGACCTCCTAGCCG-1,0.000408,0.608619,0.000408,0.277259,0.000408,0.112899
AACGATATGTCAACTG-1,0.00003,0.002393,0.00003,0.003947,0.240697,0.752904
AACGCATGATCTGGGT-1,0.000107,0.123014,0.278976,0.170988,0.053151,0.373765
AACGCGAACGGCAACA-1,0.000107,0.45254,0.000107,0.000107,0.000107,0.547031
AACGCGACCTTGGGCG-1,0.000131,0.509852,0.000374,0.06975,0.157844,0.262048
AACGCTGTTGCTGAAA-1,0.00043,0.44255,0.00043,0.00043,0.051667,0.504492
AACGGACGTACGTATA-1,0.000057,0.085325,0.000522,0.026529,0.265501,0.622065
AACGGCCATCTCCGGT-1,0.001681,0.284204,0.020585,0.078971,0.000137,0.614422
AACGTACTGTGGGTAC-1,0.000056,0.510213,0.006018,0.003773,0.001985,0.477954
AACGTCAGACTAGTGG-1,0.033466,0.056913,0.479054,0.107245,0.000116,0.323206
AACGTGATGAAGGACA-1,0.000026,0.010705,0.032085,0.059964,0.486496,0.410724
AACGTGCGAAAGTCTC-1,0.00003,0.00006,0.00003,0.027013,0.018395,0.954472
AACGTTATCAGCACCT-1,0.000032,0.003481,0.000032,0.000032,0.00914,0.987283
AACTACCCGTTTGTCA-1,0.000051,0.604013,0.000051,0.000051,0.009417,0.386417
AACTAGGCTTGGGTGT-1,0.00006,0.00012,0.00006,0.00006,0.617364,0.382337
AACTCCAGAGCGTGTT-1,0.000072,0.159408,0.000072,0.023496,0.313427,0.503525
AACTCCTAATCCCATG-1,0.000051,0.002793,0.037716,0.727081,0.022455,0.209904
AACTCGATAAACACGT-1,0.001223,0.266672,0.019677,0.197423,0.183177,0.331828
AACTCGATGGCGCAGT-1,0.000144,0.568169,0.000144,0.000144,0.001687,0.42971
AACTCTCAATAGAGCG-1,0.000835,0.172233,0.100881,0.000835,0.000835,0.724381
AACTCTCAGTGTGCTC-1,0.005232,0.342872,0.000073,0.000073,0.000073,0.651676
AACTGAGGTCAGCGTC-1,0.001018,0.676122,0.001018,0.055235,0.001018,0.265589
AACTGAGTTATACTGA-1,0.015858,0.590023,0.000104,0.0013,0.001895,0.39082
AACTGGGTTCGAGCCG-1,0.001159,0.458576,0.144886,0.00116,0.219806,0.174414
AACTTCTGCGTCTATC-1,0.000031,0.312169,0.040397,0.447816,0.074762,0.124825
AACTTGCCCGTATGCA-1,0.000078,0.441314,0.212727,0.002684,0.057178,0.286019
AACTTGCGTTCTCGCG-1,0.000023,0.213311,0.033821,0.557235,0.073733,0.121877
AACTTTACGGGAGCTT-1,0.000135,0.107222,0.000136,0.000136,0.000136,0.892236
AAGAAAGTTTGATGGG-1,0.000145,0.007446,0.116182,0.005176,0.243316,0.627735
AAGAAATCACCAGATT-1,0.120767,0.464718,0.096163,0.009095,0.007184,0.302074
AAGAAGGATCAGTTAG-1,0.000048,0.302986,0.129327,0.106504,0.063289,0.397846
AAGACATACGTGGTTT-1,0.000012,0.385264,0.201056,0.315164,0.02869,0.069814
AAGACCAAATAACTCA-1,0.000086,0.079017,0.000086,0.06319,0.299724,0.557897
AAGACCCAACTGAACA-1,0.000048,0.000096,0.000048,0.000048,0.388653,0.611107
AAGACTAACCCGTTGT-1,0.000111,0.235158,0.077308,0.152472,0.067067,0.467883
AAGACTCACGCCCACT-1,0.000611,0.001222,0.090184,0.350949,0.000611,0.556423
AAGAGATGAATCGGTA-1,0.000009,0.002219,0.879985,0.071424,0.000009,0.046354
AAGAGCTCTTTATCGG-1,0.000017,0.000319,0.011148,0.288999,0.012584,0.686933
AAGAGGATGTACGCGA-1,0.00003,0.283775,0.123458,0.002799,0.005035,0.584902
AAGAGGCATGGATCGC-1,0.000036,0.004611,0.000036,0.000036,0.000036,0.995244
AAGAGGCCCTTTGGAA-1,0.000037,0.545173,0.000037,0.000037,0.000037,0.45468
AAGATGGCACCGGACC-1,0.000034,0.371909,0.0013,0.164592,0.005071,0.457094
AAGATTGGCGGAACGT-1,0.000058,0.208358,0.000058,0.000058,0.089775,0.701692
AAGCATACTCTCCTGA-1,0.008438,0.071663,0.000372,0.005464,0.902362,0.011702
AAGCCGAAGCGGTTTA-1,0.000057,0.165106,0.012705,0.117986,0.000057,0.70409
AAGCCGCCGTGAAATC-1,0.000018,0.501014,0.055564,0.146571,0.002012,0.29482
AAGCCGCTTTACCTTG-1,0.368516,0.400325,0.00002,0.00002,0.06139,0.169729
AAGCCGGAGAGCAGGA-1,0.000031,0.606141,0.013574,0.011707,0.005458,0.36309
AAGCGGAGTGCGCGCA-1,0.029754,0.550785,0.000608,0.000608,0.202748,0.215497
AAGCGGCGTCATGGGT-1,0.000313,0.452361,0.000313,0.000313,0.000313,0.546387
AAGCGTCCCTCATCGA-1,0.021925,0.582691,0.000049,0.00881,0.029119,0.357407
AAGCTAGATCGAGTAA-1,0.010964,0.28498,0.014377,0.01802,0.274815,0.396844
AAGCTATGGATTGACC-1,0.008325,0.05112,0.133263,0.151725,0.263222,0.392346
AAGCTCGTGCCAAGTC-1,0.000072,0.167537,0.056892,0.017783,0.062162,0.695553
AAGCTCTTTCATGGTG-1,0.000031,0.024716,0.027853,0.100943,0.062118,0.784339
AAGGATCGATCGCTTG-1,0.000029,0.244209,0.035431,0.299649,0.063357,0.357325
AAGGATGAGGGACCTC-1,0.000085,0.00017,0.000085,0.000085,0.439298,0.560276
AAGGCAGGCTGTCTCC-1,0.006821,0.453188,0.016399,0.186612,0.039046,0.297934
AAGGCGCGTAAAGCTT-1,0.493307,0.00038,0.368731,0.000197,0.000012,0.137372
AAGGGAACGACTGGCT-1,0.000039,0.313071,0.000039,0.000039,0.028781,0.658032
AAGGGACAGATTCTGT-1,0.000062,0.211937,0.040778,0.100452,0.034245,0.612526
AAGGGACTATGCATTC-1,0.000037,0.140235,0.03192,0.180597,0.001737,0.645475
AAGGGTTAGCCATGCG-1,0.004994,0.298948,0.016418,0.088428,0.031169,0.560044
AAGGGTTTGATTTCAG-1,0.00004,0.038365,0.128942,0.329889,0.4263,0.076463
AAGGTATCCTAATATA-1,0.00003,0.02633,0.006026,0.248732,0.127646,0.591236
AAGGTGATAAACCAGC-1,0.000137,0.376455,0.000137,0.000137,0.182331,0.440803
AAGTAGTGACGCGAGG-1,0.000024,0.308177,0.202481,0.052466,0.030166,0.406686
AAGTCAATTGTCGTCA-1,0.000041,0.447261,0.010663,0.047544,0.043259,0.451233
AAGTCTAGTAGCTGCC-1,0.036531,0.179275,0.397829,0.006724,0.022087,0.357553
AAGTCTTCTGTGGCCT-1,0.000152,0.009947,0.038414,0.135653,0.000152,0.815682
AAGTGACGACCGAATT-1,0.000042,0.426271,0.018901,0.023505,0.004652,0.526629
AAGTGAGTCGGGTTTA-1,0.000171,0.23932,0.024189,0.000171,0.14701,0.589139
AAGTGCAAAGGTAGAC-1,0.000033,0.077448,0.005645,0.003905,0.002865,0.910104
AAGTGCCTTGACTGTA-1,0.000035,0.324218,0.022065,0.015612,0.001172,0.636898
AAGTGCGTTAGAATCT-1,0.000036,0.413023,0.011216,0.126546,0.000036,0.449144
AAGTGTTTGGAGACGG-1,0.000017,0.051674,0.101054,0.543353,0.047502,0.2564
AAGTTCACTCCAAGCT-1,0.000031,0.223454,0.000031,0.001374,0.390957,0.384154
AAGTTCAGTCTGCGTA-1,0.000386,0.210886,0.138276,0.167889,0.000386,0.482176
AAGTTCGGCCAACAGG-1,0.000959,0.264938,0.000042,0.006119,0.000149,0.727792
AAGTTGTGATGTTATA-1,0.000014,0.246802,0.271327,0.464499,0.000019,0.017339
AATAACAACGCTCGGC-1,0.000009,0.160972,0.707184,0.007739,0.020257,0.103839
AATAACACTAGAACAA-1,0.002695,0.294997,0.000058,0.009581,0.000058,0.692612
AATAATCTTCGTATCG-1,0.000033,0.47524,0.000033,0.004257,0.091968,0.428468
AATACAATGTTTCAGG-1,0.000072,0.437572,0.000072,0.000072,0.006071,0.556142
AATACCGGAGGGCTGT-1,0.00004,0.569575,0.004492,0.011283,0.000842,0.413767
AATAGAACAGAGTGGC-1,0.001239,0.529336,0.000078,0.008316,0.010057,0.450974
AATAGAATCTGTTTCA-1,0.000035,0.081335,0.027161,0.128153,0.004107,0.759209
AATAGCAAGCCTCCTG-1,0.000614,0.373654,0.000614,0.165053,0.108215,0.35185
AATAGCTACCGCGTGC-1,0.000154,0.456255,0.118681,0.250464,0.125626,0.048821
AATAGTCCGTCCCGAC-1,0.00006,0.225243,0.00006,0.00006,0.520593,0.253984
AATAGTCGCGAGTCGG-1,0.000026,0.04473,0.007176,0.110685,0.025287,0.812095
AATATCCTAGCAAACT-1,0.000035,0.046278,0.020373,0.601484,0.060384,0.271447
AATATCGAATCAATGC-1,0.000049,0.373669,0.003927,0.075981,0.027367,0.519007
AATATCGAGGGTTCTC-1,0.000028,0.000056,0.819662,0.18017,0.000028,0.000056
AATATTGGAGTATTGA-1,0.000441,0.544841,0.000441,0.091573,0.000441,0.362263
AATCAGACTGCAGGAC-1,0.000059,0.367584,0.007868,0.143839,0.020036,0.460614
AATCATGTAAAGACTC-1,0.000039,0.017544,0.014666,0.296807,0.054438,0.616505
AATCCATGCAAGGGTG-1,0.000026,0.252108,0.104575,0.443587,0.043204,0.1565
AATCGAGGTCTCAAGG-1,0.050838,0.272358,0.000074,0.000074,0.13336,0.543296
AATCGCCTCAGCGCCA-1,0.000045,0.00009,0.000045,0.000045,0.000045,0.999731
AATCGCGCAGAGGACT-1,0.000437,0.472588,0.057004,0.103997,0.039293,0.32668
AATCGTGAGCCGAGCA-1,0.000067,0.142153,0.000066,0.000066,0.282381,0.575267
AATCTAGGTTTACTTG-1,0.000054,0.289945,0.000054,0.119999,0.000054,0.589893
AATCTATGCCGGAGCC-1,0.000017,0.388942,0.432334,0.009276,0.016924,0.152508
AATCTCTACTGTGGTT-1,0.000362,0.271576,0.004726,0.237452,0.074844,0.411041
AATCTGCGTTGGGACG-1,0.000105,0.818951,0.000105,0.000105,0.000105,0.18063
AATCTGGCTTTCTAGT-1,0.000095,0.025081,0.016734,0.079112,0.000095,0.878882
AATCTGGGTAGACCCT-1,0.001118,0.30014,0.001118,0.001118,0.001118,0.695388
AATGACAGCAATGTCT-1,0.000059,0.336421,0.000059,0.000059,0.000059,0.663343
AATGACGTAGGATGTC-1,0.000019,0.017076,0.020157,0.321468,0.000019,0.641261
AATGAGTTCGCATATG-1,0.000033,0.204508,0.01109,0.000033,0.413165,0.371169
AATGATGATACGCTAT-1,0.000102,0.230312,0.000102,0.000102,0.077821,0.691563
AATGATGCGACTCCTG-1,0.000151,0.198654,0.165206,0.536797,0.093194,0.005998
AATGCACCAAGCAATG-1,0.00018,0.540462,0.00018,0.080059,0.064115,0.315004
AATGGCCGCCAATGCG-1,0.000096,0.651479,0.02596,0.086058,0.041465,0.194942
AATGGTCCACCGTTCA-1,0.000253,0.237362,0.097302,0.17137,0.000253,0.493459
AATGGTTCTCACAAGC-1,0.000072,0.363457,0.074097,0.000072,0.064054,0.498247
AATGTATGGCACTGTA-1,0.000129,0.020282,0.000129,0.000129,0.291323,0.688009
AATGTGCCCGAGGTGT-1,0.000062,0.313442,0.007941,0.168001,0.000062,0.510492
AATGTGCTAATCTGAG-1,0.000023,0.7478,0.004393,0.012203,0.041095,0.194487
AATGTTAAGACCCTGA-1,0.000096,0.572459,0.02244,0.000096,0.046094,0.358815
AATGTTGTCGTGAGAC-1,0.000013,0.366061,0.049575,0.55091,0.030823,0.002618
AATTAACGGATTTCCA-1,0.000076,0.000151,0.000076,0.000076,0.99947,0.000151
AATTACGAGACCCATC-1,0.000051,0.015069,0.000051,0.073955,0.355459,0.555415
AATTACTCGTACGCTC-1,0.00003,0.112649,0.016861,0.146805,0.020813,0.702842
AATTAGCGCTGCAGCG-1,0.009485,0.020735,0.003189,0.000034,0.663791,0.302765
AATTATACCCAGCAAG-1,0.000027,0.350701,0.01457,0.009237,0.126062,0.499402
AATTCATAAGGGATCT-1,0.000095,0.050227,0.01723,0.000096,0.001235,0.931117
AATTCATTGTCATGCA-1,0.000051,0.196553,0.042032,0.099954,0.618621,0.042789
AATTCCAACTTGGTGA-1,0.000394,0.000788,0.030079,0.025843,0.000394,0.942503
AATTCGATTCGAGGAT-1,0.004376,0.394086,0.000045,0.008049,0.141488,0.451956
AATTCTAGAGTTAGGC-1,0.008573,0.054123,0.000046,0.000046,0.594048,0.343165
AATTGAACGCTCTGGT-1,0.000284,0.139864,0.000285,0.27394,0.000285,0.585343
AATTGCAGCAATCGAC-1,0.000041,0.339846,0.091327,0.02206,0.131377,0.415348
AATTGCGTGGATTACA-1,0.000121,0.419512,0.002006,0.02463,0.069566,0.484165
AATTGTGGTTGCCAAA-1,0.000009,0.01048,0.151875,0.650747,0.034332,0.152556
AATTTGGGACATAGTA-1,0.000096,0.186379,0.000096,0.014486,0.022435,0.776508
ACAAACCATGCGTCCT-1,0.00002,0.50117,0.000999,0.072237,0.023991,0.401583
ACAAACCGACAAGGCG-1,0.000028,0.118127,0.003518,0.061104,0.102981,0.714241
ACAAAGAAGGTAGGCC-1,0.000021,0.082964,0.001245,0.017408,0.323793,0.57457
ACAAAGCATGACCTAG-1,0.000023,0.31775,0.028637,0.544613,0.024576,0.084401
ACAAATCGCACCGAAT-1,0.000019,0.194609,0.000024,0.040528,0.313432,0.451388
ACAAATGGTAGTGTTT-1,0.000547,0.570472,0.000547,0.000547,0.079486,0.348401
ACAAATTCAGATCTGA-1,0.000662,0.511346,0.000662,0.000663,0.000662,0.486004
ACAACGGTCCCTGCGA-1,0.000028,0.154076,0.288451,0.026454,0.000028,0.530963
ACAAGCAGTGCCTAGC-1,0.000171,0.599753,0.086123,0.000172,0.216539,0.097241
ACAAGCTATATGGAAG-1,0.000016,0.000703,0.05578,0.139955,0.051404,0.752141
ACAAGGAAATCCGCCC-1,0.000024,0.125407,0.194338,0.169203,0.096437,0.41459
ACAAGGACAAGAGGTT-1,0.000015,0.131389,0.53027,0.11125,0.00422,0.222856
ACAAGGATGCTTTAGG-1,0.000038,0.449208,0.000038,0.000038,0.307835,0.242844
ACAAGGCCTACCAGCC-1,0.000375,0.41354,0.110724,0.000375,0.125954,0.349033
ACAAGGGCAGGCTCTG-1,0.000013,0.043228,0.034744,0.348468,0.042857,0.530691
ACAATAGTCGTACGTT-1,0.000125,0.123682,0.037782,0.017978,0.029787,0.790646
ACAATCCATTTAAACC-1,0.000026,0.148736,0.122614,0.000601,0.048978,0.679044
ACAATGAATACGGAGA-1,0.000043,0.336061,0.000043,0.072215,0.019326,0.572313
ACAATGATTCTTCTAC-1,0.000169,0.494578,0.000169,0.063223,0.092532,0.349328
ACAATTGTGTCTCTTT-1,0.000058,0.160628,0.030349,0.235891,0.185687,0.387387
ACAATTTAGGAGGCTC-1,0.000058,0.247336,0.000058,0.000058,0.308527,0.443963
ACAATTTGAGCAGTGG-1,0.000045,0.00009,0.000045,0.000045,0.053964,0.945811
ACACAAATATTCCTAG-1,0.026983,0.407771,0.000436,0.000436,0.000436,0.563937
ACACACCAGGACCAGT-1,0.00018,0.634161,0.00018,0.00018,0.016203,0.349097
ACACATGATCAAATCT-1,0.00005,0.130552,0.040581,0.563859,0.00005,0.264908
ACACATTGACGCAACA-1,0.00002,0.046489,0.007864,0.318497,0.23916,0.387969
ACACCACATAATTAGC-1,0.000006,0.073779,0.825307,0.040806,0.020845,0.039256
ACACCCGAGAAATCCG-1,0.03639,0.666648,0.016499,0.02111,0.016208,0.243144
ACACCGAGCGCTCTTT-1,0.000066,0.108153,0.08982,0.338166,0.172541,0.291255
ACACCGGTCTGACCGC-1,0.000014,0.375743,0.026529,0.555437,0.000943,0.041334
ACACCTTACTACTTGC-1,0.002105,0.489274,0.105208,0.27566,0.046719,0.081033
ACACGTAGGCCACAAG-1,0.000025,0.695123,0.000941,0.052497,0.020658,0.230756
ACACTCCAATGTCACT-1,0.000044,0.10049,0.000044,0.144262,0.268298,0.486862
ACACTGATCAAGGTGT-1,0.015434,0.0952,0.000097,0.059611,0.164513,0.665146
ACACTGGGACAGTCGT-1,0.000013,0.10099,0.275441,0.623489,0.000013,0.000054
ACAGAACTGAGAACAA-1,0.00003,0.238522,0.007568,0.387917,0.004146,0.361816
ACAGCGACATTCTCAT-1,0.000041,0.260915,0.009545,0.343528,0.000041,0.38593
ACAGCGCACCCGCAGC-1,0.0001,0.284366,0.010938,0.085127,0.242978,0.376492
ACAGGAGGCGCAGCCG-1,0.000049,0.000099,0.01734,0.466229,0.000049,0.516234
ACAGGCACGGATCCTT-1,0.000037,0.575074,0.000041,0.000037,0.046159,0.378653
ACAGGCTTGCCCGACT-1,0.000031,0.238422,0.112765,0.112602,0.164898,0.371282
ACAGGTGGAGGTGAGG-1,0.013129,0.051731,0.000116,0.000116,0.026148,0.90876
ACAGGTGTGTTGTTGC-1,0.000043,0.000086,0.046625,0.172943,0.088059,0.692244
ACAGTAATACAACTTG-1,0.000294,0.23814,0.000294,0.030612,0.069461,0.661199
ACAGTATACCGTGGGA-1,0.012236,0.444403,0.164521,0.003776,0.006298,0.368766
ACATAAGTCGTGGTGA-1,0.230198,0.038215,0.000058,0.000058,0.437661,0.293811
ACATCAGCTGGGACGC-1,0.000511,0.001022,0.000511,0.000511,0.000511,0.996934
ACATCCCGGCCATACG-1,0.000046,0.000091,0.000046,0.000046,0.866936,0.132836
ACATCCTGGTAACTGT-1,0.000049,0.200543,0.017163,0.269641,0.11433,0.398274
ACATCGATCGTTTACC-1,0.003808,0.28793,0.014495,0.190627,0.13776,0.36538
ACATCGGTCAGCCGCG-1,0.00774,0.402423,0.018546,0.059702,0.000902,0.510687
ACATCGTATGCAATGG-1,0.000031,0.007282,0.02134,0.441281,0.000031,0.530035
ACATCGTTAACCTAGT-1,0.000028,0.000056,0.008833,0.27344,0.178739,0.538903
ACATCTCAACGCGTAA-1,0.000087,0.175641,0.046635,0.165782,0.045573,0.566282
ACATGCTTACGGCAGC-1,0.000062,0.192954,0.02067,0.087558,0.014062,0.684694
ACATGGCGCCAAAGTA-1,0.000027,0.836751,0.005973,0.017692,0.000041,0.139516
ACATGGCTCAATTTAG-1,0.000032,0.679688,0.000032,0.000032,0.082453,0.237764
ACATTAGTTTATATCC-1,0.001562,0.00137,0.000025,0.004349,0.87915,0.113544
ACCAAACACCCAGCGA-1,0.000239,0.738929,0.085883,0.009365,0.078997,0.086587
ACCAACACCACACACT-1,0.000041,0.313261,0.285648,0.134319,0.000041,0.26669
ACCAACCGCACTCCAC-1,0.000036,0.614523,0.000036,0.000036,0.148404,0.236965
ACCAACGCTTATTTAT-1,0.000024,0.230485,0.012188,0.271415,0.261131,0.224756
ACCAAGTCATCGGCAG-1,0.00007,0.345495,0.11081,0.26285,0.0619,0.218875
ACCAATATGCAAGTTA-1,0.001767,0.057593,0.034834,0.060311,0.287145,0.55835
ACCACAACTCAGAACA-1,0.000029,0.143453,0.03193,0.23751,0.192452,0.394627
ACCACACGGTTGATGG-1,0.019062,0.268756,0.050652,0.131398,0.113729,0.416402
ACCACCAATGTAACAA-1,0.000028,0.411299,0.107342,0.010189,0.015315,0.455827
ACCACCCTCTCTTCTA-1,0.028871,0.192929,0.418785,0.05061,0.016601,0.292205
ACCACGTGCAGCTATA-1,0.000019,0.005438,0.038065,0.02426,0.353354,0.578863
ACCACTGTTCAAGAAG-1,0.000024,0.053488,0.000024,0.047679,0.203258,0.695527
ACCAGACCATAACAAC-1,0.000089,0.401284,0.032595,0.2747,0.086479,0.204854
ACCAGTGCCCGGTCAA-1,0.000688,0.376354,0.000688,0.309193,0.111537,0.20154
ACCAGTGCGGGAGACG-1,0.000403,0.412645,0.049625,0.000403,0.076634,0.460291
ACCATCCGCCAACTAG-1,0.000054,0.367239,0.000054,0.000054,0.082079,0.550519
ACCATTAAGGGTGTCA-1,0.000058,0.123687,0.07235,0.353594,0.179873,0.270438
ACCCAACGCCCGTGGC-1,0.000057,0.000113,0.032133,0.100965,0.000057,0.866675
ACCCACCTACATGCTC-1,0.000115,0.304136,0.217178,0.220781,0.055271,0.202519
ACCCATCTTGAGGGTA-1,0.000079,0.226881,0.116322,0.146423,0.040973,0.469322
ACCCATTTGTCCCTCT-1,0.000035,0.279351,0.00484,0.156461,0.000283,0.559029
ACCCGAGCGAAATTAC-1,0.000029,0.320745,0.035789,0.253273,0.088988,0.301176
ACCCGGAAACTCCCAG-1,0.000054,0.002567,0.000054,0.000054,0.721318,0.275954
ACCCGGAGCACCACAA-1,0.000027,0.678815,0.000027,0.000111,0.018192,0.302827
ACCCGGATGACGCATC-1,0.005681,0.018162,0.000324,0.23622,0.279071,0.460542
ACCCGTAGCAGAGAAT-1,0.000114,0.163102,0.000114,0.193888,0.169397,0.473384
ACCCGTAGTCTAGTTG-1,0.000028,0.534001,0.04103,0.10535,0.021153,0.298436
ACCCGTGTCATCAGTA-1,0.005506,0.018733,0.000106,0.000106,0.441212,0.534336
ACCCTATAGGACTGAG-1,0.000049,0.384136,0.011701,0.017709,0.000049,0.586357
ACCCTATGCCATATCG-1,0.00006,0.567453,0.00006,0.231343,0.048125,0.152959
ACCCTCCCGTCAGGGC-1,0.000023,0.539917,0.001826,0.031593,0.059553,0.367088
ACCCTCCCTTGCTATT-1,0.000029,0.009092,0.009053,0.02298,0.614773,0.344072
ACCCTGGTAACGCCCT-1,0.002267,0.22605,0.397506,0.339855,0.022504,0.011818
ACCCTTGCCTGGGTCG-1,0.040871,0.346224,0.164565,0.009067,0.074599,0.364675
ACCCTTTAGTTCTCCA-1,0.000127,0.272729,0.149576,0.080947,0.156756,0.339866
ACCGAAGAGTCTGGTT-1,0.00019,0.078777,0.00019,0.310094,0.221569,0.389179
ACCGACACATCTCCCA-1,0.000052,0.018789,0.050858,0.034035,0.803585,0.09268
ACCGAGTCTCCTTATT-1,0.000012,0.149443,0.010168,0.09043,0.19534,0.554607
ACCGATAGGCATAACC-1,0.00003,0.317017,0.016835,0.201943,0.00003,0.464145
ACCGATATTTAATCAT-1,0.000061,0.251855,0.000061,0.232625,0.058372,0.457026
ACCGATGGTAGCATCG-1,0.000178,0.726036,0.000178,0.000178,0.058115,0.215316
ACCGCAATAACTGCCT-1,0.000016,0.090289,0.011629,0.206829,0.001865,0.689372
ACCGCGGTGGAAGTCG-1,0.00003,0.123026,0.017444,0.249447,0.14435,0.465702
ACCGGGCCTTTGTTGA-1,0.000149,0.367487,0.000149,0.125487,0.000149,0.506579
ACCGGTCAGGTACACC-1,0.000194,0.000389,0.000194,0.207015,0.100498,0.691709
ACCGGTCTGAGTACGG-1,0.00107,0.002141,0.311115,0.00107,0.00107,0.683534
ACCGTCCACTGGGCCC-1,0.000647,0.066271,0.083433,0.282298,0.362103,0.205247
ACCGTGACCACGTGGG-1,0.000018,0.421902,0.050912,0.5122,0.001634,0.013334
ACCTAAGTACCTTTCA-1,0.000076,0.315619,0.00583,0.039316,0.000076,0.639084
ACCTAATCGACTTCCT-1,0.000021,0.154646,0.454137,0.017742,0.005858,0.367596
ACCTACAGTATGTGGT-1,0.000028,0.47044,0.023163,0.00101,0.058482,0.446876
ACCTCCGCCCTCGCTG-1,0.000054,0.209728,0.022161,0.272268,0.000054,0.495734
ACCTCCGTTATTCACC-1,0.000014,0.194708,0.629381,0.054797,0.007651,0.113449
ACCTCGAACTTATGCT-1,0.000022,0.523928,0.020531,0.243513,0.020834,0.191172
ACCTGCGTGTCATGTT-1,0.000132,0.239577,0.000132,0.433921,0.082963,0.243275
ACGAAATGGGCGGCAC-1,0.000042,0.301569,0.223862,0.474402,0.000042,0.000084
ACGACCCATGAGTTGC-1,0.000034,0.466915,0.010541,0.135764,0.012035,0.374711
ACGACTCTAGGGCCGA-1,0.00002,0.310994,0.026117,0.335425,0.042009,0.285435
ACGACTGGTCATACTC-1,0.000022,0.452746,0.036444,0.132778,0.056313,0.321696
ACGAGATATTTGCTTA-1,0.000028,0.268693,0.082696,0.341701,0.249476,0.057406
ACGAGGATACCACTCT-1,0.000046,0.014806,0.011887,0.670505,0.000046,0.302711
ACGAGGTTTACAACGT-1,0.000577,0.333284,0.000577,0.000577,0.000577,0.664408
ACGAGTACGGATGCCC-1,0.000012,0.03736,0.781842,0.174375,0.006387,0.000025
ACGAGTCGCCGGCGTT-1,0.000014,0.308154,0.004146,0.439708,0.007717,0.240261
ACGATACATAGAACTA-1,0.000163,0.091052,0.000163,0.297351,0.382628,0.228643
ACGATACCTATCCTGA-1,0.000962,0.000054,0.088085,0.227768,0.026418,0.656714
ACGATCATCTTGTAAA-1,0.000787,0.001575,0.35785,0.00079,0.637423,0.001575
ACGCAAACTAATAGAT-1,0.000045,0.399709,0.009428,0.0664,0.118258,0.40616
ACGCAATCACTACAGC-1,0.000022,0.311567,0.39087,0.001023,0.027548,0.26897
ACGCATAAATGACATG-1,0.000101,0.342894,0.058841,0.421659,0.012739,0.163767
ACGCATACGTTTACTA-1,0.00003,0.387293,0.002172,0.094508,0.00003,0.515967
ACGCCTGACACGCGCT-1,0.000046,0.000093,0.001284,0.146991,0.000046,0.851539
ACGCGAAGTCAGACGA-1,0.000065,0.00013,0.000065,0.000065,0.358889,0.640787
ACGCGCTACACAGGGT-1,0.000032,0.456346,0.002191,0.020121,0.015503,0.505807
ACGCGTTTCTTAAGAG-1,0.000023,0.000302,0.063505,0.243632,0.012929,0.679609
ACGCTACTGAATGGGC-1,0.003973,0.344123,0.0237,0.065782,0.040264,0.522159
ACGCTAGTGATACACT-1,0.002027,0.212109,0.304511,0.321543,0.000532,0.159279
ACGCTGTGAGGCGTAG-1,0.001108,0.002216,0.082004,0.001108,0.284201,0.629364
ACGCTTAGTGTCTCTC-1,0.001568,0.208636,0.036264,0.182142,0.054476,0.516915
ACGGAATTTAGCAAAT-1,0.000054,0.449069,0.094246,0.132025,0.013671,0.310935
ACGGACGCAGCGACAA-1,0.000039,0.276885,0.04294,0.098177,0.014408,0.567551
ACGGACTCTCAAAGCG-1,0.000059,0.159401,0.143373,0.104167,0.173021,0.419979
ACGGAGCGCAAATTAC-1,0.000232,0.270455,0.042392,0.000232,0.05104,0.635649
ACGGATGGTGCGGATA-1,0.000013,0.040736,0.024118,0.311713,0.166719,0.4567
ACGGCACTTGCTTGGG-1,0.000065,0.00013,0.000065,0.000065,0.707286,0.292389
ACGGCCAACATGGACT-1,0.000028,0.191416,0.000028,0.000028,0.772041,0.036461
ACGGCGACGATGGGAA-1,0.000003,0.002,0.310367,0.614411,0.030097,0.043122
ACGGCTGGATGTAGAA-1,0.004112,0.029547,0.006791,0.753077,0.206404,0.000069
ACGGGAGTGTCGGCCC-1,0.000045,0.27299,0.000045,0.000045,0.011376,0.715499
ACGGGCGTATGCGACA-1,0.019868,0.459585,0.213129,0.007196,0.010638,0.289584
ACGGGTCATGTGACTT-1,0.000019,0.00802,0.127524,0.216557,0.054485,0.593395
ACGGGTTGTGACCTGT-1,0.000078,0.393127,0.000078,0.000078,0.090141,0.516499
ACGGTACAGTTCAATG-1,0.000032,0.288693,0.003035,0.102455,0.044819,0.560966
ACGGTCACCGAGAACA-1,0.006412,0.303954,0.015988,0.135221,0.024849,0.513576
ACGTATTACTCCGATC-1,0.000118,0.435627,0.038613,0.3955,0.129908,0.000235
ACGTCGGGCAACTCGG-1,0.000028,0.148516,0.031641,0.227124,0.084481,0.50821
ACGTCTCGTTCCGGGA-1,0.00002,0.001467,0.001778,0.274576,0.004861,0.717298
ACGTGACAAAGTAAGT-1,0.000008,0.113069,0.101886,0.342117,0.261676,0.181245
ACGTGGTCGAATGTGC-1,0.000083,0.163667,0.009108,0.525043,0.076763,0.225337
ACGTTATTGGTCACTC-1,0.000018,0.022495,0.030859,0.795917,0.032872,0.117838
ACGTTCGCAATCAATT-1,0.000013,0.2233,0.413286,0.200359,0.005563,0.157479
ACGTTCGTTCAGGAAA-1,0.000062,0.490486,0.000062,0.003336,0.202414,0.30364
ACGTTCTGTACAAGTC-1,0.006022,0.447195,0.038385,0.000104,0.246142,0.262152
ACGTTTCGGTGCACTT-1,0.000569,0.242718,0.050161,0.000569,0.000569,0.705414
ACTAAGGACGCACACC-1,0.001361,0.465506,0.001362,0.186058,0.34299,0.002723
ACTAATACGTCAGGCG-1,0.001626,0.252574,0.001626,0.001626,0.001626,0.740921
ACTACATCCCGACAAG-1,0.000022,0.224234,0.051679,0.375683,0.037168,0.311213
ACTACGCGTTAGAATT-1,0.000057,0.000114,0.019742,0.027659,0.6805,0.271928
ACTAGTTGCGATCGTC-1,0.000051,0.489211,0.021711,0.169737,0.000051,0.319238
ACTATATGCTGTGTTC-1,0.010272,0.683908,0.000623,0.000623,0.000623,0.303951
ACTATCCAGGGCATGG-1,0.000027,0.443387,0.009235,0.001434,0.064057,0.481859
ACTATCGCCGGCTAAA-1,0.000086,0.063446,0.026304,0.210613,0.192669,0.506882
ACTATCTGCCCGCGTA-1,0.000069,0.245823,0.009682,0.480239,0.178415,0.085772
ACTATGTCCAGCTGCC-1,0.000012,0.271325,0.250049,0.3468,0.000567,0.131247
ACTATTTCCGGGCCCA-1,0.000041,0.623206,0.029186,0.042414,0.03581,0.269343
ACTCAAGTGCAAGGCT-1,0.000043,0.238105,0.001191,0.007235,0.321444,0.431983
ACTCATGGCAGCCTTC-1,0.000029,0.480509,0.016262,0.128999,0.069469,0.304732
ACTCCAATATCATCAT-1,0.002134,0.322024,0.05245,0.253355,0.076003,0.294034
ACTCCCATTCCTAAAG-1,0.00022,0.251301,0.00022,0.328441,0.011715,0.408103
ACTCCCGAATTCGTTT-1,0.000072,0.511068,0.079952,0.082608,0.001547,0.324752
ACTCCCGTAGACTAGG-1,0.021383,0.320716,0.311797,0.002468,0.00259,0.341046
ACTCCCTAATGCTAAA-1,0.00012,0.306277,0.006942,0.027287,0.628024,0.03135
ACTCCCTAGAATAGTA-1,0.007117,0.470926,0.018387,0.005022,0.15201,0.346538
ACTCCGGCCGACCACT-1,0.000034,0.458278,0.010511,0.033654,0.141265,0.356258
ACTCGATGTATTTCAT-1,0.000043,0.086505,0.000043,0.000043,0.350052,0.563313
ACTCGCCGTTCGATAA-1,0.000024,0.48686,0.031633,0.079008,0.1179,0.284575
ACTCGTAACCCGTCCT-1,0.001225,0.155461,0.00007,0.016705,0.00007,0.82647
ACTCGTCAGTAATCCC-1,0.000054,0.000109,0.000054,0.000054,0.000054,0.999674
ACTCTAAACCTGGGAT-1,0.000079,0.000261,0.062669,0.32162,0.145519,0.469852
ACTCTCTGACTTAGGT-1,0.000024,0.000048,0.013394,0.512882,0.000024,0.473627
ACTCTCTTATACACGA-1,0.000042,0.000085,0.00962,0.040852,0.526847,0.422554
ACTCTGACCTAATAGA-1,0.000024,0.53466,0.016023,0.172129,0.064835,0.212328
ACTGAAACGCCGTTAG-1,0.000476,0.000952,0.000476,0.38303,0.000476,0.614589
ACTGAATGGCGAAAGT-1,0.000033,0.10752,0.000033,0.100295,0.004876,0.787244
ACTGATTTAGTGATTC-1,0.000149,0.193294,0.000149,0.215455,0.489848,0.101106
ACTGCCCGCCATTCTC-1,0.00005,0.506777,0.031426,0.07275,0.008025,0.380972
ACTGCGGACACACCGT-1,0.00003,0.601509,0.043427,0.011818,0.008564,0.334653
ACTGCTCGGAAGGATG-1,0.0001,0.000201,0.036249,0.000101,0.000101,0.963249
ACTGGCGAACCTGCGT-1,0.000863,0.529887,0.000864,0.263122,0.000864,0.2044
ACTGTACGATACACAT-1,0.000085,0.000169,0.002337,0.289305,0.375297,0.332807
ACTGTAGCACTTTGGA-1,0.001516,0.018544,0.641226,0.035767,0.000808,0.302139
ACTGTGCTAGTAGATC-1,0.006926,0.258721,0.058625,0.427736,0.145246,0.102748
ACTTACCGGGCGCGCA-1,0.000692,0.446518,0.000692,0.116829,0.000692,0.434578
ACTTACGCATCCACGC-1,0.00115,0.188626,0.120732,0.425936,0.131572,0.131984
ACTTAGTACGACAAGA-1,0.000068,0.514901,0.058661,0.157894,0.137424,0.131052
ACTTATACTTACCCGG-1,0.000116,0.000232,0.305089,0.378242,0.000116,0.316205
ACTTATTTATGTGCCA-1,0.000073,0.439989,0.000073,0.000073,0.074241,0.485552
ACTTCAGGCTGATCCC-1,0.000026,0.000705,0.069304,0.068321,0.038707,0.822936
ACTTCCAGTGGAAGCT-1,0.000025,0.073666,0.132523,0.129911,0.585856,0.078017
ACTTCCATGCGGGACA-1,0.000082,0.066685,0.000082,0.000082,0.463461,0.469608
ACTTCGCCATACGCAC-1,0.000083,0.125443,0.007894,0.296142,0.102944,0.467494
ACTTGCTCTATCTACC-1,0.000057,0.195242,0.034336,0.383266,0.034577,0.352523
ACTTGTAGTCCCTTCA-1,0.000035,0.405894,0.000035,0.000035,0.000035,0.593966
ACTTGTGGATGGAACG-1,0.000067,0.268869,0.000067,0.003853,0.000067,0.727077
ACTTTACCCTCATGAA-1,0.000194,0.294778,0.269281,0.000194,0.057637,0.377916
ACTTTATACACCACTT-1,0.000349,0.39224,0.096268,0.004861,0.257803,0.248479
ACTTTGACTGCATCCT-1,0.000768,0.088807,0.000768,0.354354,0.553766,0.001537
ACTTTGGTCGTGCTCC-1,0.001346,0.261804,0.001347,0.001347,0.412583,0.321574
ACTTTGTCGACGCACT-1,0.00005,0.326506,0.002989,0.304355,0.034153,0.331948
AGAAATTATGACTCGC-1,0.000034,0.223148,0.017106,0.261239,0.000034,0.498439
AGAACACGGCGATGGT-1,0.014664,0.072769,0.042098,0.154265,0.06121,0.654994
AGAACCCTCAATTGGG-1,0.000086,0.150437,0.000086,0.029484,0.312395,0.507512
AGAACTGTACTTTGTA-1,0.000059,0.342957,0.026636,0.196826,0.079003,0.354518
AGAAGAGCGCCGTTCC-1,0.003576,0.007156,0.336825,0.003578,0.003578,0.645287
AGAAGGTACACTTCAC-1,0.00059,0.096115,0.000591,0.061402,0.000591,0.840711
AGAAGGTTGTAGGTCG-1,0.000075,0.495711,0.046122,0.110544,0.211144,0.136403
AGAAGTGATTCGTGAT-1,0.000052,0.121516,0.000052,0.018929,0.000052,0.859398
AGAATAAATCTTCAGG-1,0.000285,0.304067,0.034816,0.63736,0.022901,0.00057
AGAATGCGGGTTCGGA-1,0.000808,0.001616,0.000808,0.26393,0.000808,0.732031
AGAATTATGGATTCGA-1,0.000077,0.573861,0.000077,0.229025,0.000077,0.196882
AGAATTGTTTGACATA-1,0.000024,0.216327,0.035552,0.491537,0.065665,0.190895
AGACAGCTCAGAATCC-1,0.000031,0.080404,0.000031,0.000031,0.302201,0.617303
AGACAGGCATCTCAGC-1,0.000037,0.528714,0.007206,0.153228,0.040427,0.270389
AGACCAAACCACACCT-1,0.000019,0.058305,0.045879,0.60645,0.220407,0.068939
AGACCATGGGATACAA-1,0.00002,0.138278,0.287184,0.426619,0.013015,0.134885
AGACCCACCGCTGATC-1,0.009031,0.139179,0.000083,0.000083,0.214991,0.636633
AGACCGCTCCGCGGTT-1,0.001425,0.84464,0.002482,0.067857,0.023147,0.060449
AGACCGGGAAACCCTG-1,0.000142,0.258891,0.000142,0.58868,0.135338,0.016806
AGACGAAGTGCCGGTC-1,0.000112,0.290182,0.009439,0.365322,0.132564,0.202382
AGACGACGATGCCGCT-1,0.000066,0.043557,0.000066,0.202252,0.000066,0.753993
AGACGCCCACTTCGCC-1,0.000033,0.760081,0.000033,0.000033,0.001552,0.238269
AGACGGGATTGGTATA-1,0.000052,0.011645,0.020699,0.137357,0.828598,0.001649
AGACGGGCCGATTTAA-1,0.000632,0.17203,0.000632,0.475754,0.000633,0.350318
AGACTGTTACCGGGTC-1,0.004038,0.546706,0.004448,0.198029,0.081625,0.165155
AGAGAACCGTCTAGGA-1,0.000042,0.282478,0.008296,0.000042,0.162442,0.546699
AGAGAAGGAGTACAAT-1,0.000028,0.51448,0.00003,0.298334,0.003733,0.183395
AGAGATCTCTAAAGCG-1,0.000107,0.47483,0.004914,0.354538,0.000107,0.165504
AGAGCAGTTATGAGAC-1,0.000464,0.25575,0.000464,0.000464,0.154903,0.587955
AGAGCCGCCGAGATTT-1,0.000038,0.376704,0.032216,0.245824,0.01009,0.335129
AGAGCGCTTGTAACGG-1,0.050318,0.271728,0.048205,0.000066,0.047713,0.581969
AGAGCGTACAAGCTCG-1,0.000032,0.206047,0.2528,0.000032,0.024395,0.516695
AGAGCTACGAAAGCAT-1,0.002609,0.145544,0.030969,0.351811,0.13649,0.332578
AGAGGCTTCGGAAACC-1,0.000045,0.411853,0.029157,0.282851,0.002337,0.273757
AGAGGGACAATTGTCC-1,0.002772,0.270065,0.057469,0.123328,0.266982,0.279384
AGAGTAAACTTCACTA-1,0.00004,0.074965,0.015166,0.08773,0.00004,0.822058
AGAGTCTTAATGAAAG-1,0.0039,0.309208,0.001328,0.01719,0.062834,0.60554
AGAGTTAGAGACCGAT-1,0.000684,0.400124,0.000684,0.000684,0.027793,0.57003
AGAGTTGCAGGCCTCC-1,0.014306,0.419715,0.000099,0.000099,0.205587,0.360195
AGATAATCACACCTAT-1,0.000048,0.169382,0.027393,0.061497,0.059965,0.681715
AGATACCAATAGAACC-1,0.00003,0.366955,0.056668,0.1123,0.013219,0.450827
AGATACCAGCACTTCA-1,0.000378,0.605132,0.000378,0.106135,0.061039,0.226938
AGATACCGGTGTTCAC-1,0.000065,0.07832,0.017147,0.214155,0.046333,0.643979
AGATACGACTTCATAT-1,0.000029,0.362246,0.060212,0.482429,0.050691,0.044394
AGATACTCAAGATCGA-1,0.000078,0.000157,0.062639,0.608437,0.000078,0.328611
AGATCGTGCATAAGAT-1,0.020645,0.316162,0.000623,0.000623,0.001308,0.660639
AGATCTCAGGTGTGAT-1,0.000012,0.029527,0.334666,0.434944,0.011749,0.189102
AGATCTGGAGAGGATA-1,0.000214,0.258656,0.030918,0.066476,0.111,0.532736
AGATGAGGGTTGCGAT-1,0.000962,0.001926,0.000963,0.818433,0.175788,0.001927
AGATGATGGAGTCTGG-1,0.000036,0.354095,0.211017,0.081214,0.044637,0.309001
AGATGCAAGACGTGCA-1,0.000033,0.42167,0.018292,0.248752,0.000033,0.31122
AGATGCATCCTGTGTC-1,0.000023,0.004096,0.02027,0.322657,0.305536,0.347418
AGATGCTATAACGAGC-1,0.000017,0.012459,0.008905,0.30487,0.001227,0.672522
AGATTCAAGCGGGTCG-1,0.00007,0.355598,0.058216,0.104549,0.061923,0.419644
AGATTCACAACCGATA-1,0.00033,0.000661,0.032623,0.394619,0.369728,0.202039
AGCAACATATCTTATT-1,0.000103,0.302905,0.000103,0.000103,0.137914,0.558872
AGCAACCGAAAGTAAT-1,0.000043,0.172928,0.000043,0.00284,0.000043,0.824104
AGCACACGTTTAGACT-1,0.000065,0.449016,0.015133,0.097511,0.027112,0.411163
AGCACTACCGGCCTGT-1,0.000258,0.118924,0.059851,0.820192,0.000258,0.000516
AGCACTACCTCACCAG-1,0.000047,0.000095,0.000047,0.000047,0.356274,0.64349
AGCACTTAAGGACGCC-1,0.00001,0.127821,0.678568,0.035134,0.001193,0.157274
AGCAGCCAGATGAATA-1,0.000024,0.027247,0.000024,0.000024,0.972635,0.000047
AGCAGTCGAAGCATGC-1,0.000022,0.106486,0.265185,0.444832,0.015463,0.168011
AGCATATCAATATGCT-1,0.000224,0.000447,0.000224,0.037008,0.358757,0.603341
AGCATCATTTCGAAAG-1,0.000058,0.011746,0.000058,0.000058,0.000058,0.988021
AGCATTACGAGGCAAG-1,0.000023,0.788724,0.024417,0.069922,0.040689,0.076224
AGCCAAGCTTTGTGTC-1,0.000146,0.04733,0.000146,0.000146,0.567845,0.384386
AGCCACAGGTTACCCG-1,0.000034,0.000069,0.000663,0.000034,0.99913,0.000069
AGCCACTCCCGTGCTT-1,0.000034,0.042084,0.023212,0.117591,0.183516,0.633563
AGCCCATACATGTAAG-1,0.00003,0.279832,0.00371,0.202467,0.003752,0.510208
AGCCCGGCATTAGAGG-1,0.001078,0.492546,0.066252,0.055806,0.018948,0.36537
AGCCCGGTAGCCTGTA-1,0.001408,0.050686,0.000042,0.000042,0.357196,0.590625
AGCCCTCCCTGGTGGC-1,0.000021,0.638426,0.043683,0.023368,0.022322,0.27218
AGCCCTTCTAATCCGA-1,0.000178,0.352955,0.090355,0.408705,0.147451,0.000356
AGCCCTTGGACATCCC-1,0.000025,0.422485,0.013935,0.557406,0.002871,0.003277
AGCCGCAAATTCAAAT-1,0.000017,0.042624,0.000017,0.000017,0.0453,0.912024
AGCCGCTTGATTAGCG-1,0.000098,0.000196,0.031785,0.378845,0.071331,0.517745
AGCCGTGGCTAAATGT-1,0.00006,0.264779,0.00006,0.024928,0.00006,0.710112
AGCCTAATACCCACGT-1,0.001204,0.078962,0.001204,0.001204,0.298735,0.618691
AGCCTTAAAGCGGAAG-1,0.000036,0.280956,0.000036,0.000036,0.156666,0.562271
AGCCTTGTCACTGATA-1,0.000051,0.150706,0.011535,0.242739,0.060973,0.533994
AGCGACAGGAACGGTC-1,0.000028,0.225273,0.006674,0.43269,0.000028,0.335307
AGCGAGACGTGAAGGC-1,0.000046,0.509063,0.034405,0.062725,0.055312,0.338449
AGCGATGCGCCTAATA-1,0.000014,0.008165,0.193215,0.507894,0.043423,0.247288
AGCGCATAATGAATCG-1,0.000053,0.072687,0.000053,0.000053,0.736205,0.190949
AGCGCGGGTGCCAATG-1,0.000053,0.212894,0.003467,0.270462,0.119504,0.393621
AGCGCTTATGGGCAAG-1,0.000835,0.00167,0.000835,0.246403,0.281935,0.468323
AGCGGACACTTCGTAG-1,0.047337,0.094823,0.013308,0.025906,0.609519,0.209107
AGCGGCGGTTAGCGGT-1,0.000632,0.001265,0.000632,0.000632,0.127902,0.868936
AGCGGTTGAGATGTAC-1,0.00037,0.254939,0.00037,0.7038,0.00037,0.04015
AGCGGTTGCCGCTCTG-1,0.000118,0.58691,0.042186,0.002032,0.000118,0.368635
AGCGTACGAGAGCTAG-1,0.000046,0.197271,0.003096,0.771675,0.023247,0.004664
AGCGTAGCGCTAGACC-1,0.000144,0.302498,0.023145,0.211122,0.140157,0.322933
AGCGTTCCGATTTAAA-1,0.000025,0.000051,0.391486,0.472684,0.000025,0.135728
AGCTAACAAGCAATGT-1,0.00003,0.375223,0.025994,0.135924,0.000381,0.462447
AGCTAAGTACGCAGGC-1,0.000075,0.070799,0.000075,0.004907,0.08197,0.842174
