Barcode,Topic 1,Topic 2,Topic 3,Topic 4,Topic 5,Topic 6,Topic 7
AAACAAGTATCTCCCA-1,0.000137,0.798574,0.163228,0.000137,0.000137,0.000137,0.03765
AAACAATCTACTAGCA-1,0.240273,0.003336,0.622393,0.003322,0.003325,0.003336,0.124014
AAACATTTCCCGGATT-1,0.000485,0.966506,0.000486,0.000483,0.000483,0.000484,0.031073
AAACCCGAACGAAATC-1,0.144817,0.744881,0.076036,0.000223,0.000223,0.000224,0.033596
AAACCGGAAATGTTAA-1,0.060953,0.364925,0.253734,0.00008,0.000081,0.000081,0.320147
AAACCGGGTAGGTACC-1,0.000121,0.289627,0.709771,0.00012,0.00012,0.00012,0.000121
AAACCTAAGCAGCCGG-1,0.000797,0.61513,0.096737,0.000794,0.000795,0.000797,0.28495
AAACCTCATGAAGTTG-1,0.477004,0.000122,0.485492,0.000121,0.000121,0.000121,0.037019
AAACGAAGAACATACC-1,0.00202,0.856699,0.002021,0.002012,0.002015,0.002017,0.133216
AAACGAGACGGTTGAT-1,0.000044,0.847605,0.152175,0.000044,0.000044,0.000044,0.000044
AAACGCTGGGCACGAC-1,0.000249,0.814952,0.050921,0.000248,0.000248,0.000248,0.133134
AAACGGGCGTACGGGT-1,0.002607,0.984372,0.002608,0.002597,0.0026,0.002605,0.002611
AAACGGGTTGGTATCC-1,0.007553,0.007563,0.007563,0.007519,0.007526,0.007531,0.954746
AAACTCGTGATATAAG-1,0.000186,0.968446,0.030625,0.000185,0.000186,0.000186,0.000186
AAACTGCTGGCTCCAA-1,0.121411,0.811638,0.032285,0.00012,0.00012,0.00012,0.034305
AAAGAATGTGGACTAA-1,0.001613,0.504132,0.284628,0.001605,0.001606,0.001608,0.204806
AAAGACCCAAGTCGCG-1,0.000322,0.487294,0.144131,0.000321,0.000322,0.000322,0.367287
AAAGACTGGGCGCTTT-1,0.00205,0.413241,0.002049,0.002041,0.002042,0.00205,0.576527
AAAGCTTGCCTACATA-1,0.167207,0.695225,0.136896,0.000167,0.000168,0.000168,0.000168
AAAGGGATGTAGCAAG-1,0.508738,0.282758,0.160633,0.000146,0.000146,0.000146,0.047433
AAAGGGCAGCTTGAAT-1,0.005524,0.43888,0.005521,0.005495,0.005503,0.005501,0.533577
AAAGTCACTGATGTAA-1,0.000258,0.695733,0.002756,0.000256,0.000257,0.000257,0.300483
AAAGTCGACCCTCAGT-1,0.001341,0.315723,0.242009,0.001335,0.001338,0.001338,0.436916
AAAGTGCCATCAATTA-1,0.019188,0.623486,0.00114,0.000144,0.000144,0.000145,0.355753
AAAGTGTGATTTATCT-1,0.034472,0.510449,0.365037,0.000162,0.000162,0.000163,0.089556
AAAGTTGACTCCCGTA-1,0.050047,0.77644,0.173136,0.000094,0.000094,0.000094,0.000094
AAATAAGGTAGTGCCC-1,0.391471,0.43795,0.170336,0.000061,0.000061,0.000061,0.000061
AAATACCTATAAGCAT-1,0.118838,0.790902,0.008264,0.000117,0.000117,0.000117,0.081645
AAATAGCTTAGACTTT-1,0.140663,0.614475,0.095505,0.000084,0.000084,0.000085,0.149105
AAATCCGATACACGCC-1,0.000182,0.761161,0.187348,0.000181,0.000182,0.000182,0.050764
AAATCGTGTACCACAA-1,0.177448,0.693345,0.0001,0.0001,0.0001,0.0001,0.128808
AAATCTAGCCCTGCTA-1,0.00012,0.740157,0.259243,0.00012,0.00012,0.00012,0.00012
AAATGATTCGATCAGC-1,0.000225,0.761503,0.237373,0.000224,0.000225,0.000225,0.000225
AAATGCTCGTTACGTT-1,0.336518,0.658571,0.000983,0.000978,0.000981,0.000985,0.000984
AAATGGCATGTCTTGT-1,0.188992,0.587791,0.00025,0.000249,0.00025,0.00025,0.222218
AAATGGTCAATGTGCC-1,0.32509,0.372566,0.30207,0.000068,0.000069,0.000069,0.000069
AAATGTGGGTGCTCCT-1,0.0035,0.69422,0.003501,0.003484,0.003493,0.003501,0.288301
AAATTAACGGGTAGCT-1,0.208103,0.627175,0.104963,0.00016,0.00016,0.00016,0.059279
AAATTACCTATCGATG-1,0.0236,0.952462,0.000189,0.000188,0.000189,0.000189,0.023184
AAATTCCAGGTCCAAA-1,0.156159,0.581847,0.261685,0.000077,0.000077,0.000077,0.000077
AAATTGCGGCGGTTCT-1,0.010257,0.010256,0.010266,0.010204,0.010205,0.010229,0.938584
AACAACTGGTAGTTGC-1,0.177606,0.70039,0.111958,0.002506,0.002509,0.002512,0.002519
AACAATTACTCTACGC-1,0.003334,0.495178,0.003337,0.003322,0.003323,0.003326,0.488178
AACACACGCTCGCCGC-1,0.006856,0.892692,0.092626,0.000098,0.000098,0.000098,0.007531
AACACGACTGTACTGA-1,0.002081,0.296617,0.692999,0.00207,0.002074,0.002076,0.002083
AACACGCGGCCGCGAA-1,0.106268,0.569806,0.000891,0.000887,0.000888,0.00089,0.32037
AACAGGAAATCGAATA-1,0.051502,0.726803,0.154836,0.000307,0.000308,0.000308,0.065936
AACAGGATGGGCCGCG-1,0.142132,0.426764,0.001993,0.001984,0.001985,0.001991,0.423151
AACAGGTAGTATGGAT-1,0.001406,0.724036,0.268949,0.001401,0.001401,0.001402,0.001405
AACATATCAACTGGTG-1,0.120974,0.757214,0.024661,0.000137,0.000137,0.000137,0.09674
AACATTGGTCAGCCGT-1,0.001344,0.000926,0.000926,0.000922,0.000924,0.000926,0.994032
AACCAAGACTTCTCTG-1,0.00359,0.003588,0.503772,0.003572,0.003577,0.003585,0.478317
AACCATGGGATCGCTA-1,0.239161,0.564779,0.001317,0.001311,0.001313,0.001314,0.190805
AACCCAGAGACGGAGA-1,0.003873,0.697514,0.003876,0.003861,0.003867,0.003868,0.283141
AACCCGAGCAGAATCG-1,0.000101,0.808431,0.025944,0.000101,0.000101,0.000101,0.165221
AACCCTACTGTCAATA-1,0.30427,0.393634,0.294143,0.000067,0.000067,0.000067,0.007753
AACCCTGGTGGAACCA-1,0.002516,0.880394,0.002518,0.002506,0.002514,0.002514,0.107038
AACCGAGCTTGGTCAT-1,0.057806,0.742398,0.149102,0.000193,0.000193,0.000193,0.050116
AACCGCTAAGGGATGC-1,0.039824,0.904095,0.055405,0.000136,0.000136,0.000137,0.000267
AACCGTTGTGTTTGCT-1,0.204578,0.785333,0.002021,0.002012,0.002015,0.002018,0.002023
AACCTAAAGCCGTCCG-1,0.128089,0.485696,0.23996,0.000367,0.000368,0.000368,0.145152
AACCTCGCTTTAGCCC-1,0.000914,0.913913,0.000914,0.00091,0.000911,0.000912,0.081526
AACCTGTCACGGAATT-1,0.375069,0.459222,0.16521,0.000125,0.000125,0.000125,0.000125
AACGACCTCCTAGCCG-1,0.000138,0.789641,0.000138,0.000137,0.000137,0.000137,0.209672
AACGATAGAAGGGCCG-1,0.002431,0.729071,0.002432,0.002421,0.002428,0.002427,0.25879
AACGATATGTCAACTG-1,0.07273,0.798097,0.126039,0.000145,0.000145,0.000145,0.002699
AACGCATGATCTGGGT-1,0.135512,0.623025,0.140042,0.000262,0.000263,0.000263,0.100633
AACGCGAACGGCAACA-1,0.003502,0.336874,0.003501,0.003484,0.003498,0.003491,0.64565
AACGCGGTCTCCAGCC-1,0.175812,0.672299,0.139946,0.000199,0.000199,0.000199,0.011346
AACGCTGTTGCTGAAA-1,0.258099,0.411903,0.329668,0.000082,0.000083,0.000083,0.000083
AACGGACGTACGTATA-1,0.356943,0.639045,0.003546,0.000116,0.000116,0.000116,0.000116
AACGTAGTCTACCCAT-1,0.002607,0.66459,0.002708,0.002597,0.002601,0.002605,0.322292
AACGTCAGACTAGTGG-1,0.002141,0.198995,0.457071,0.002132,0.00214,0.00214,0.335381
AACGTGATGAAGGACA-1,0.088065,0.605768,0.000646,0.000644,0.000645,0.000646,0.303586
AACGTGCGAAAGTCTC-1,0.26653,0.58367,0.147683,0.000099,0.000099,0.000099,0.001821
AACGTTATCAGCACCT-1,0.506978,0.410153,0.000358,0.000356,0.000357,0.000358,0.08144
AACTACCCGTTTGTCA-1,0.096027,0.603981,0.29918,0.000202,0.000202,0.000203,0.000205
AACTAGCGTATCGCAC-1,0.002759,0.769542,0.002759,0.002747,0.002753,0.002752,0.216688
AACTCAAGTTAATTGC-1,0.000253,0.580955,0.387887,0.000252,0.000253,0.000253,0.030146
AACTCCAGAGCGTGTT-1,0.000732,0.725986,0.000732,0.000729,0.00073,0.000731,0.27036
AACTCGATGGCGCAGT-1,0.240856,0.192653,0.00156,0.001553,0.001554,0.001558,0.560266
AACTCTCAATAGAGCG-1,0.270189,0.697342,0.002889,0.000093,0.000093,0.000093,0.029301
AACTGAGTTATACTGA-1,0.000141,0.662608,0.175066,0.00014,0.000141,0.000141,0.161764
AACTGATATTAGGCCT-1,0.001248,0.785492,0.167598,0.001242,0.001243,0.001247,0.041931
AACTGGGTCCCGACGT-1,0.045458,0.775992,0.175823,0.00068,0.000681,0.000683,0.000684
AACTGGTGTGGGCCTT-1,0.004358,0.55448,0.000245,0.000244,0.000244,0.000245,0.440184
AACTTCTGCGTCTATC-1,0.149075,0.621215,0.001729,0.001721,0.001723,0.001728,0.22281
AACTTGCCCGTATGCA-1,0.130835,0.138849,0.001495,0.001488,0.001491,0.001494,0.724348
AACTTGCGTTCTCGCG-1,0.007162,0.956999,0.007169,0.007143,0.007144,0.0072,0.007182
AACTTTACGGGAGCTT-1,0.000428,0.328163,0.000428,0.000426,0.000428,0.000428,0.669699
AACTTTAGCTGCTGAG-1,0.000683,0.763156,0.000683,0.00068,0.000681,0.000682,0.233433
AACTTTCTCGATCATG-1,0.000732,0.696218,0.300131,0.000729,0.000729,0.00073,0.000731
AAGAAATCACCAGATT-1,0.297237,0.510586,0.082009,0.000302,0.000303,0.000303,0.109261
AAGAAGGATCAGTTAG-1,0.136045,0.687313,0.00205,0.002041,0.002047,0.002051,0.168453
AAGACATACGTGGTTT-1,0.346283,0.400251,0.184737,0.000057,0.000057,0.000057,0.068558
AAGACTAACCCGTTGT-1,0.00624,0.511326,0.00624,0.006211,0.006222,0.006243,0.457517
AAGACTGCAAGCTACT-1,0.095672,0.604508,0.245636,0.000132,0.000132,0.000132,0.053787
AAGAGATGAATCGGTA-1,0.003776,0.124214,0.632488,0.003759,0.003763,0.00377,0.22823
AAGAGCTCTTTATCGG-1,0.179084,0.749752,0.037365,0.000068,0.000068,0.000068,0.033594
AAGAGGATGTACGCGA-1,0.019436,0.000078,0.901026,0.000077,0.000077,0.000078,0.079228
AAGAGGCATGGATCGC-1,0.000044,0.886932,0.112847,0.000044,0.000044,0.000044,0.000044
AAGAGGCCCTTTGGAA-1,0.000136,0.637394,0.000136,0.000135,0.000135,0.000136,0.361929
AAGATTGGCGGAACGT-1,0.000385,0.762998,0.235081,0.000383,0.000384,0.000385,0.000385
AAGCCGAAGCGGTTTA-1,0.000197,0.572561,0.426458,0.000196,0.000196,0.000196,0.000197
AAGCCGCTTTACCTTG-1,0.293474,0.495699,0.129029,0.000845,0.000847,0.000848,0.079259
AAGCCGGAGAGCAGGA-1,0.054708,0.399265,0.002305,0.000083,0.000083,0.000083,0.543474
AAGCTCGTGCCAAGTC-1,0.363021,0.53614,0.100362,0.000119,0.000119,0.000119,0.00012
AAGCTCTTTCATGGTG-1,0.212001,0.533794,0.13788,0.00032,0.00032,0.00032,0.115365
AAGGAGAACTTATAAG-1,0.001527,0.227505,0.412383,0.00152,0.001523,0.001523,0.354019
AAGGAGCGGTTGGTGC-1,0.879908,0.000117,0.000117,0.000117,0.000117,0.000117,0.119507
AAGGATCGATCGCTTG-1,0.180172,0.756568,0.036365,0.000114,0.000114,0.000114,0.026554
AAGGATGAGGGACCTC-1,0.214549,0.705465,0.079291,0.000173,0.000174,0.000174,0.000174
AAGGCAGGCTGTCTCC-1,0.100107,0.736297,0.035479,0.000169,0.000169,0.00017,0.127609
AAGGCGCGTAAAGCTT-1,0.002562,0.590538,0.002563,0.002551,0.002552,0.002562,0.396673
AAGGCTGTGCTCATCG-1,0.229163,0.333598,0.172752,0.000155,0.000156,0.000156,0.264021
AAGGGACAGATTCTGT-1,0.000322,0.989089,0.009304,0.00032,0.000321,0.000321,0.000322
AAGGTATCCTAATATA-1,0.000131,0.736736,0.25935,0.00013,0.00013,0.000131,0.003392
AAGGTGATAAACCAGC-1,0.119544,0.784563,0.095423,0.000117,0.000117,0.000118,0.000118
AAGTAAGCTTCCAAAC-1,0.000353,0.328844,0.146391,0.000352,0.000353,0.000353,0.523354
AAGTAGAAGACCGGGT-1,0.280643,0.299185,0.002278,0.002268,0.002273,0.002275,0.411079
AAGTAGTGACGCGAGG-1,0.598922,0.000143,0.263668,0.000142,0.000143,0.000143,0.13684
AAGTCAATTGTCGTCA-1,0.014369,0.771732,0.213326,0.000143,0.000143,0.000144,0.000144
AAGTCTAGTAGCTGCC-1,0.112071,0.804452,0.082607,0.000217,0.000217,0.000218,0.000218
AAGTGACGACCGAATT-1,0.003683,0.018063,0.751995,0.000161,0.000161,0.000161,0.225777
AAGTGCAAAGGTAGAC-1,0.004219,0.781757,0.004221,0.004202,0.004206,0.004214,0.197182
AAGTGCCTTGACTGTA-1,0.021354,0.832045,0.113172,0.000147,0.000147,0.000147,0.032988
AAGTTCACTCCAAGCT-1,0.00095,0.574296,0.147907,0.000946,0.000947,0.000949,0.274005
AAGTTCGGCCAACAGG-1,0.000744,0.681763,0.314525,0.00074,0.000742,0.000742,0.000744
AAGTTGTGATGTTATA-1,0.001559,0.863301,0.00156,0.001553,0.001554,0.001555,0.128919
AAGTTTACTAATGGCA-1,0.000897,0.646038,0.090418,0.000893,0.000895,0.000897,0.259964
AATAACAACGCTCGGC-1,0.000525,0.345911,0.627719,0.000523,0.000524,0.000525,0.024273
AATAAGTCCTCGAGAC-1,0.003879,0.906164,0.003877,0.003861,0.003874,0.003869,0.074476
AATAATCTTCGTATCG-1,0.000175,0.654733,0.042683,0.000174,0.000174,0.000174,0.301887
AATACAATGTTTCAGG-1,0.003776,0.203074,0.003777,0.003759,0.003761,0.003766,0.778085
AATAGAATCTGTTTCA-1,0.163465,0.727088,0.070293,0.000076,0.000076,0.000077,0.038924
AATAGTCGCGAGTCGG-1,0.331675,0.634089,0.026888,0.001832,0.001837,0.001839,0.001841
AATATCAAGGTCGGAT-1,0.251014,0.271571,0.000136,0.000135,0.000135,0.000135,0.476874
AATATCGAATCAATGC-1,0.081555,0.657711,0.259754,0.000244,0.000245,0.000245,0.000245
AATATCGAGGGTTCTC-1,0.000127,0.810631,0.188737,0.000126,0.000126,0.000126,0.000127
AATATTGGAGTATTGA-1,0.00056,0.00056,0.6033,0.000558,0.000559,0.00056,0.393901
AATCAGACTGCAGGAC-1,0.230605,0.001465,0.001464,0.001458,0.00146,0.00146,0.762088
AATCATGTAAAGACTC-1,0.120064,0.729823,0.1497,0.000103,0.000103,0.000103,0.000103
AATCCAAGGGCCTGAG-1,0.197515,0.48194,0.000219,0.000218,0.000219,0.000219,0.31967
AATCCATGCAAGGGTG-1,0.002926,0.616425,0.002928,0.002916,0.002918,0.002924,0.368963
AATCGCCTCAGCGCCA-1,0.00004,0.923897,0.075903,0.00004,0.00004,0.00004,0.00004
AATCGCGCAGAGGACT-1,0.179156,0.686602,0.133861,0.000095,0.000095,0.000095,0.000096
AATCGGGACACTACGA-1,0.206428,0.483956,0.299907,0.002421,0.002428,0.002426,0.002434
AATCGGTATAGCCCTC-1,0.000542,0.432753,0.399795,0.000539,0.00054,0.00054,0.165291
AATCGTGAGCCGAGCA-1,0.003335,0.980008,0.003337,0.003322,0.003323,0.003336,0.003339
AATCTATGCCGGAGCC-1,0.135829,0.675795,0.187841,0.000133,0.000133,0.000134,0.000134
AATCTCTACTGTGGTT-1,0.00512,0.787284,0.005124,0.005102,0.00511,0.005114,0.187146
AATCTGCGTTGGGACG-1,0.20502,0.600699,0.193766,0.000128,0.000128,0.000129,0.000129
AATGACGTAGGATGTC-1,0.000123,0.910887,0.051822,0.000123,0.000123,0.000123,0.036798
AATGACTGTCAGCCGG-1,0.397411,0.00071,0.310883,0.000707,0.000709,0.00071,0.28887
AATGAGTTCGCATATG-1,0.004347,0.973907,0.004347,0.004329,0.004375,0.004342,0.004353
AATGATGATACGCTAT-1,0.05858,0.810771,0.035033,0.000158,0.000158,0.000158,0.095142
AATGATGCGACTCCTG-1,0.000146,0.866289,0.106319,0.000145,0.000145,0.000145,0.026811
AATGCAACCGGGTACC-1,0.113871,0.529328,0.275936,0.000178,0.000178,0.000178,0.080331
AATGGTCCACCGTTCA-1,0.003412,0.003417,0.696105,0.003401,0.003408,0.003409,0.286847
AATGGTTCTCACAAGC-1,0.001495,0.615176,0.001494,0.001488,0.001492,0.001497,0.377358
AATGTTGTCGTGAGAC-1,0.000388,0.742767,0.124815,0.000386,0.000387,0.000387,0.13087
AATTAAAGGTCGGCGT-1,0.199763,0.479958,0.319892,0.000097,0.000097,0.000097,0.000097
AATTCATAAGGGATCT-1,0.05989,0.862338,0.016826,0.000188,0.000188,0.000188,0.060382
AATTCTAGAGTTAGGC-1,0.000067,0.887417,0.112248,0.000067,0.000067,0.000067,0.000067
AATTGAACGCTCTGGT-1,0.000036,0.722943,0.276879,0.000035,0.000036,0.000036,0.000036
AATTGCAGCAATCGAC-1,0.000763,0.437027,0.348751,0.00076,0.000761,0.000762,0.211175
AATTGTGGTTGCCAAA-1,0.000107,0.571375,0.000107,0.000107,0.000107,0.000107,0.428089
AATTTGGTTCCAAAGA-1,0.131079,0.864919,0.000802,0.000798,0.0008,0.0008,0.000802
ACAAACCGACAAGGCG-1,0.127916,0.733889,0.000288,0.000286,0.000287,0.000287,0.137048
ACAAAGCATGACCTAG-1,0.00252,0.80942,0.002518,0.002506,0.002508,0.002513,0.178014
ACAAATCGCACCGAAT-1,0.16865,0.671996,0.093035,0.000182,0.000182,0.000183,0.065773
ACAAATGGTAGTGTTT-1,0.007361,0.887265,0.105122,0.000063,0.000063,0.000063,0.000063
ACAACAGCATGAGCTA-1,0.090168,0.689784,0.219658,0.000097,0.000097,0.000098,0.000098
ACAACGGTCCCTGCGA-1,0.001528,0.669933,0.001527,0.00152,0.001525,0.001525,0.322443
ACAAGCAGTGCCTAGC-1,0.005121,0.327361,0.005125,0.005102,0.005107,0.005121,0.647063
ACAAGGAAATCCGCCC-1,0.178369,0.818978,0.000913,0.000434,0.000435,0.000436,0.000436
ACAAGGACAAGAGGTT-1,0.142198,0.07609,0.585478,0.00019,0.00019,0.00019,0.195664
ACAAGGATGCTTTAGG-1,0.005638,0.322312,0.143853,0.000141,0.000142,0.000142,0.527771
ACAAGGGCAGGCTCTG-1,0.063127,0.872287,0.009375,0.000128,0.000128,0.000128,0.054828
ACAATAGTCGTACGTT-1,0.028042,0.11357,0.805152,0.000073,0.000073,0.000073,0.053018
ACAATCCATTTAAACC-1,0.391523,0.000065,0.604216,0.000065,0.000065,0.000065,0.004002
ACAATCGATCTTTATA-1,0.173396,0.070433,0.190653,0.000552,0.000552,0.000554,0.56386
ACAATTGTGTCTCTTT-1,0.060296,0.811396,0.127801,0.000127,0.000127,0.000127,0.000127
ACAATTTAGGAGGCTC-1,0.001992,0.702625,0.001993,0.001984,0.001991,0.001989,0.287427
ACAATTTGAGCAGTGG-1,0.000065,0.968313,0.031362,0.000065,0.000065,0.000065,0.000065
ACAATTTGGCCATATT-1,0.032302,0.552827,0.296479,0.00007,0.00007,0.00007,0.118181
ACACAAAGACGGGTGG-1,0.076484,0.689987,0.14027,0.000284,0.000285,0.000285,0.092406
ACACACCAGGACCAGT-1,0.038238,0.90346,0.032971,0.000307,0.000308,0.000308,0.024408
ACACACTTTCTACACG-1,0.000914,0.237661,0.529442,0.00091,0.000911,0.000913,0.229249
ACACCACATAATTAGC-1,0.107398,0.555845,0.336491,0.000067,0.000067,0.000067,0.000067
ACACCCAGCATGCAGC-1,0.150479,0.741104,0.040811,0.000291,0.000292,0.000292,0.066732
ACACCCGAGAAATCCG-1,0.001465,0.783077,0.001465,0.001458,0.001459,0.001462,0.209615
ACACCTTAAGTAGGGC-1,0.130052,0.221125,0.33619,0.0006,0.000601,0.000602,0.31083
ACACCTTACTACTTGC-1,0.142743,0.75379,0.10297,0.000124,0.000124,0.000124,0.000124
ACACGAGACTCCTTCT-1,0.46212,0.483814,0.050044,0.000089,0.00009,0.00009,0.003754
ACACGGCACTATGCAT-1,0.001992,0.57207,0.183081,0.001984,0.001988,0.001991,0.236895
ACACGGGAACTTAGGG-1,0.175104,0.690789,0.087818,0.000111,0.000112,0.000112,0.045954
ACACGTAGGCCACAAG-1,0.00015,0.752088,0.00015,0.00015,0.00015,0.00015,0.247162
ACACTCCAATGTCACT-1,0.003883,0.976752,0.003883,0.003861,0.00387,0.003872,0.003879
ACACTGGGACAGTCGT-1,0.000117,0.452141,0.074516,0.000116,0.000116,0.000116,0.472878
ACAGATTAGGTTAGTG-1,0.00252,0.752443,0.002518,0.002506,0.002511,0.002518,0.234984
ACAGCATAGAGCCAGT-1,0.003266,0.980442,0.003265,0.003247,0.003263,0.003253,0.003264
ACAGCGACATTCTCAT-1,0.000367,0.510862,0.000367,0.000365,0.000366,0.000367,0.487306
ACAGCGCACCCGCAGC-1,0.000926,0.294714,0.000926,0.000922,0.000923,0.257665,0.443925
ACAGGCACGGATCCTT-1,0.00205,0.799255,0.00205,0.002041,0.002044,0.002047,0.190514
ACAGGCTTGCCCGACT-1,0.045467,0.851561,0.085363,0.000174,0.000175,0.000175,0.017084
ACAGTATACCGTGGGA-1,0.04318,0.661662,0.144854,0.000231,0.000231,0.000232,0.149609
ACATAATAAGGCGGTG-1,0.000312,0.835962,0.162482,0.000311,0.000311,0.000311,0.000312
ACATCAGCTGGGACGC-1,0.007976,0.532257,0.007976,0.007937,0.007948,0.007969,0.427937
ACATCCTGGTAACTGT-1,0.675754,0.19209,0.115935,0.000057,0.000057,0.000057,0.016051
ACATCGATCGTTTACC-1,0.184621,0.770438,0.044225,0.000151,0.000152,0.000152,0.000261
ACATCGGTCAGCCGCG-1,0.000199,0.161108,0.726887,0.000198,0.000198,0.000199,0.11121
ACATCGTATGCAATGG-1,0.002243,0.674777,0.322839,0.000035,0.000035,0.000036,0.000036
ACATCGTTAACCTAGT-1,0.112327,0.789254,0.000616,0.000613,0.000614,0.000615,0.095962
ACATCTCAACGCGTAA-1,0.500085,0.011047,0.011052,0.010989,0.011,0.011006,0.444821
ACATGGCGCCAAAGTA-1,0.495008,0.119923,0.384894,0.000044,0.000044,0.000044,0.000044
ACATGGCTCAATTTAG-1,0.216023,0.007974,0.384448,0.007937,0.007937,0.007962,0.367719
ACCAAACTAGAAATCC-1,0.899439,0.040544,0.000347,0.000345,0.000346,0.000346,0.058633
ACCAACCGCACTCCAC-1,0.001965,0.786205,0.001965,0.001957,0.00196,0.001962,0.203985
ACCAAGAACGCGTGTC-1,0.149904,0.771923,0.001688,0.001681,0.001685,0.001685,0.071434
ACCAAGTCATCGGCAG-1,0.455322,0.199235,0.184873,0.001701,0.001707,0.001706,0.155457
ACCACAACTCAGAACA-1,0.003118,0.226573,0.353694,0.003106,0.003107,0.003112,0.40729
ACCACAAGTTTCTATC-1,0.392571,0.434487,0.134546,0.000108,0.000108,0.000109,0.038071
ACCACCAATGTAACAA-1,0.284336,0.506912,0.178313,0.000073,0.000073,0.000073,0.030219
ACCACCCTCTCTTCTA-1,0.001046,0.382312,0.616346,0.000074,0.000074,0.000074,0.000074
ACCACGTGCAGCTATA-1,0.083432,0.771121,0.144466,0.000245,0.000245,0.000245,0.000246
ACCAGACCATAACAAC-1,0.003117,0.611391,0.003119,0.003106,0.003112,0.003112,0.373043
ACCAGCCCGGTCTTTG-1,0.001708,0.71591,0.144277,0.001701,0.001702,0.001704,0.132998
ACCAGGAGTGTGATCT-1,0.001729,0.755113,0.001729,0.001721,0.001724,0.001728,0.236256
ACCAGTGCGGGAGACG-1,0.028705,0.945947,0.02485,0.000124,0.000124,0.000125,0.000125
ACCATATCCGCAATAA-1,0.467239,0.314781,0.21765,0.000082,0.000082,0.000082,0.000083
ACCATCGTATATGGTA-1,0.000132,0.740745,0.258595,0.000132,0.000132,0.000132,0.000132
ACCCAACGCCCGTGGC-1,0.091741,0.804667,0.000343,0.000342,0.000342,0.000343,0.102222
ACCCACCTACATGCTC-1,0.091813,0.216035,0.145411,0.001764,0.001767,0.001768,0.541442
ACCCATCTTGAGGGTA-1,0.0002,0.175869,0.748144,0.000199,0.0002,0.0002,0.075188
ACCCATTTGTCCCTCT-1,0.000683,0.581206,0.358646,0.00068,0.000682,0.000682,0.057421
ACCCGGAGCACCACAA-1,0.000303,0.648528,0.000303,0.000302,0.000303,0.000303,0.349957
ACCCGGATGACGCATC-1,0.07215,0.903514,0.017082,0.000198,0.000199,0.000199,0.006658
ACCCGGTTACACTTCC-1,0.267093,0.530558,0.065367,0.000095,0.000095,0.000095,0.136698
ACCCGTAGTCTAGTTG-1,0.000217,0.707642,0.000217,0.000216,0.000216,0.000217,0.291274
ACCCTATAGGACTGAG-1,0.00956,0.942695,0.009564,0.009524,0.009527,0.00954,0.009589
ACCCTCCCGTCAGGGC-1,0.000513,0.504203,0.128683,0.00051,0.000511,0.000512,0.365068
ACCCTCCCTTGCTATT-1,0.076334,0.879139,0.016833,0.00009,0.00009,0.00009,0.027422
ACCCTTCATCTGCGAA-1,0.096779,0.455734,0.165408,0.000687,0.000688,0.000688,0.280016
ACCCTTTAGTTCTCCA-1,0.002612,0.984361,0.002611,0.002597,0.002602,0.002607,0.00261
ACCGAAAGGGCCCTGC-1,0.000206,0.517851,0.016313,0.000206,0.000206,0.000206,0.465011
ACCGACTGAGTCCCAC-1,0.673325,0.293466,0.03287,0.000084,0.000085,0.000085,0.000085
ACCGATAGGCATAACC-1,0.000145,0.56698,0.000113,0.000113,0.000113,0.000113,0.432423
ACCGATATTTAATCAT-1,0.11768,0.600812,0.127574,0.000151,0.000151,0.000152,0.153479
ACCGATGGTAGCATCG-1,0.43674,0.432307,0.125144,0.000076,0.000076,0.000076,0.005581
ACCGCGGTGGAAGTCG-1,0.128336,0.700251,0.100928,0.000102,0.000102,0.000102,0.070177
ACCGGGCCTTTGTTGA-1,0.000176,0.79479,0.204332,0.000175,0.000175,0.000176,0.000176
ACCGTTCCCGCTCTGA-1,0.29647,0.684696,0.003776,0.003759,0.00376,0.003763,0.003776
ACCTAATCGACTTCCT-1,0.00104,0.285936,0.445275,0.001035,0.001036,0.001037,0.26464
ACCTACAGTATGTGGT-1,0.12494,0.760104,0.097447,0.000114,0.000115,0.000115,0.017165
ACCTCCGCCCTCGCTG-1,0.336599,0.574539,0.000315,0.000313,0.000314,0.000314,0.087605
ACCTCCGTTATTCACC-1,0.274889,0.546976,0.169958,0.000099,0.000099,0.000099,0.007879
ACCTTTCCTTTAGAAG-1,0.001728,0.791798,0.001728,0.001721,0.001723,0.001725,0.199577
ACGAAATGGGCGGCAC-1,0.001462,0.741419,0.001464,0.001458,0.001459,0.00146,0.251278
ACGACCCATGAGTTGC-1,0.007654,0.7071,0.000283,0.00022,0.000221,0.000221,0.2843
ACGACTCTAGGGCCGA-1,0.250475,0.604864,0.053963,0.000768,0.000769,0.00077,0.088391
ACGAGAACCCATCACG-1,0.002278,0.36276,0.002277,0.002268,0.002272,0.002276,0.625869
ACGAGATATTTGCTTA-1,0.001864,0.629679,0.001864,0.001855,0.00186,0.001861,0.361018
ACGAGTACGGATGCCC-1,0.404774,0.59161,0.003256,0.00009,0.00009,0.00009,0.00009
ACGATACATAGAACTA-1,0.188399,0.666965,0.030868,0.000084,0.000084,0.000084,0.113517
ACGATCATACATAGAG-1,0.113325,0.582967,0.172601,0.000174,0.000174,0.000175,0.130585
ACGATCATCTTGTAAA-1,0.139586,0.805079,0.054924,0.000102,0.000103,0.000103,0.000103
ACGATGCATATGTTAT-1,0.000346,0.060299,0.815211,0.000345,0.000345,0.000346,0.123108
ACGATGGATCCGATGC-1,0.001686,0.598192,0.001688,0.001681,0.001683,0.001685,0.393385
ACGCAATCACTACAGC-1,0.000207,0.846276,0.145739,0.000206,0.000207,0.000207,0.007157
ACGCATACGTTTACTA-1,0.000145,0.862497,0.13081,0.000145,0.000145,0.000145,0.006114
ACGCATTCGTGAGTAC-1,0.219317,0.720582,0.056261,0.000159,0.000159,0.000159,0.003363
ACGCCAGATGATTTCT-1,0.000266,0.982853,0.015818,0.000265,0.000265,0.000266,0.000266
ACGCCAGTGCGTTTGC-1,0.000881,0.719277,0.000881,0.000876,0.000878,0.000878,0.276329
ACGCCCAGCTGTCGAT-1,0.004781,0.574897,0.004783,0.004762,0.00477,0.004772,0.401235
ACGCCGCTAGACGACC-1,0.20939,0.743051,0.028446,0.000112,0.000112,0.000112,0.018778
ACGCGCTACACAGGGT-1,0.000062,0.216024,0.778777,0.000062,0.000062,0.000062,0.004949
ACGCGGGCCAAGGACA-1,0.266843,0.646471,0.028273,0.000119,0.000119,0.000119,0.058057
ACGCTAGTGATACACT-1,0.142662,0.676517,0.088329,0.000109,0.000109,0.000109,0.092165
ACGCTGTGAGGCGTAG-1,0.001594,0.708889,0.001595,0.001587,0.001591,0.001593,0.28315
ACGCTTAGTGTCTCTC-1,0.002081,0.656122,0.00208,0.00207,0.002078,0.002074,0.333495
ACGGAATTTAGCAAAT-1,0.275183,0.695431,0.001039,0.001035,0.001038,0.001039,0.025235
ACGGCGGGTTGCCCTG-1,0.001887,0.622892,0.001887,0.00188,0.001881,0.001883,0.367689
ACGGGCGTATGCGACA-1,0.00309,0.979701,0.016736,0.000118,0.000118,0.000118,0.000118
ACGGGTCATGTGACTT-1,0.390732,0.01594,0.015932,0.015873,0.015898,0.015915,0.52971
ACGGTACAGTTCAATG-1,0.07604,0.6559,0.000671,0.000668,0.000668,0.00067,0.265384
ACGTACAGATTTCTCT-1,0.003264,0.772688,0.003262,0.003247,0.003265,0.003259,0.211014
ACGTAGATTGCTGATG-1,0.054725,0.741277,0.166844,0.000134,0.000134,0.000134,0.036752
ACGTATTACTCCGATC-1,0.053757,0.754176,0.19154,0.000132,0.000132,0.000132,0.000132
ACGTCCTAAACGAGAT-1,0.161845,0.49115,0.001063,0.001058,0.001059,0.00106,0.342764
ACGTGCGCCTCGTGCA-1,0.001342,0.637704,0.001341,0.001335,0.001338,0.001339,0.355601
ACGTGGTCGAATGTGC-1,0.002706,0.927612,0.002708,0.002695,0.002707,0.002701,0.05887
ACGTTAATGTCGAAGA-1,0.170323,0.700478,0.050874,0.000128,0.000128,0.000128,0.077942
ACGTTAGATTTGCCCG-1,0.007097,0.000569,0.77072,0.000245,0.000246,0.000246,0.220876
ACGTTATTGGTCACTC-1,0.00261,0.74873,0.00261,0.002597,0.002601,0.002611,0.238242
ACGTTCCGCGCTCCGT-1,0.000228,0.379866,0.000228,0.000227,0.000227,0.000228,0.618997
ACGTTCGCAATCAATT-1,0.653725,0.071773,0.274342,0.00004,0.00004,0.00004,0.00004
ACGTTCTGTACAAGTC-1,0.002704,0.758153,0.002707,0.002695,0.002697,0.0027,0.228343
ACGTTTAGTTGTGATC-1,0.000415,0.888889,0.000415,0.000413,0.000413,0.000414,0.109041
ACTACCAGCTCTCTGG-1,0.000377,0.434208,0.135047,0.000375,0.000376,0.000376,0.429241
ACTAGTTGCGATCGTC-1,0.053792,0.863842,0.061261,0.000137,0.000137,0.000138,0.020693
ACTATCCAGGGCATGG-1,0.268345,0.588579,0.142738,0.000084,0.000085,0.000085,0.000085
ACTATCTGCCCGCGTA-1,0.000128,0.565977,0.000815,0.000128,0.000128,0.000128,0.432697
ACTATTCGTCCGTGGT-1,0.000526,0.933396,0.000526,0.000523,0.000525,0.000525,0.06398
ACTCAACGAATGTATT-1,0.183642,0.211568,0.000613,0.000611,0.000612,0.000612,0.602343
ACTCAAGTGCAAGGCT-1,0.000164,0.404706,0.249265,0.000163,0.000163,0.000163,0.345376
ACTCAATAAAGGCACG-1,0.043183,0.808992,0.147037,0.000197,0.000197,0.000197,0.000197
ACTCAGACCTGCTTCT-1,0.187238,0.17711,0.243695,0.000142,0.000143,0.000143,0.391528
ACTCCCGAATTCGTTT-1,0.611257,0.314886,0.072814,0.000063,0.000063,0.000064,0.000853
ACTCCCGTAGACTAGG-1,0.000548,0.470562,0.526705,0.000545,0.000546,0.000547,0.000548
ACTCCCTAGAATAGTA-1,0.099137,0.80739,0.030865,0.000091,0.000092,0.000092,0.062333
ACTCCGGCCGACCACT-1,0.205049,0.301334,0.352055,0.000258,0.000258,0.000259,0.140787
ACTCGATGTATTTCAT-1,0.387543,0.40892,0.004485,0.004464,0.004472,0.004484,0.185631
ACTCGCCGTTCGATAA-1,0.000114,0.717914,0.14268,0.000113,0.000114,0.000114,0.138952
ACTCGCGATCTGACGC-1,0.000261,0.266897,0.326616,0.00026,0.00026,0.000261,0.405445
ACTCGTCAGTAATCCC-1,0.000028,0.832679,0.156182,0.000028,0.000028,0.000028,0.011027
ACTCTCTGACTTAGGT-1,0.000095,0.814621,0.184906,0.000094,0.000094,0.000095,0.000095
ACTCTCTTATACACGA-1,0.0725,0.586538,0.02249,0.000357,0.000358,0.000358,0.317399
ACTCTGACCTAATAGA-1,0.002565,0.752841,0.002562,0.002551,0.002552,0.00256,0.234368
ACTCTTCAGCTCCCGC-1,0.000171,0.137665,0.834747,0.000171,0.000171,0.000171,0.026903
ACTCTTGTATAGTAAC-1,0.149579,0.773698,0.023176,0.000123,0.000123,0.000124,0.053176
ACTGAAACGCCGTTAG-1,0.000238,0.910374,0.027679,0.000237,0.000237,0.000238,0.060997
ACTGAATGGCGAAAGT-1,0.000069,0.658843,0.340814,0.000068,0.000068,0.000068,0.000069
ACTGATTTAGTGATTC-1,0.003771,0.97739,0.003777,0.003759,0.003768,0.003763,0.003771
ACTGCCGTCGTAACTC-1,0.000292,0.813937,0.141849,0.000291,0.000292,0.000292,0.043048
ACTGCGGACACACCGT-1,0.475605,0.097171,0.426978,0.000061,0.000061,0.000061,0.000062
ACTGTACGATACACAT-1,0.159029,0.792697,0.048061,0.000053,0.000053,0.000053,0.000053
ACTGTAGCACTTTGGA-1,0.163957,0.000196,0.258618,0.000195,0.000196,0.000196,0.57664
ACTGTATACGCGAGCA-1,0.170674,0.454523,0.001366,0.001361,0.001361,0.001366,0.369349
ACTGTCCAGGATTATA-1,0.417239,0.428988,0.14993,0.00008,0.00008,0.00008,0.003603
ACTGTCTTCTTTAGAA-1,0.524909,0.115455,0.359392,0.000061,0.000061,0.000061,0.000061
ACTGTGCTAGTAGATC-1,0.002517,0.984914,0.002519,0.002506,0.002507,0.002519,0.002517
ACTGTTTAGTGTAGGC-1,0.461853,0.526777,0.002278,0.002268,0.002271,0.002274,0.002279
ACTTAGTACGACAAGA-1,0.327721,0.317408,0.00205,0.002041,0.002045,0.002046,0.34669
ACTTATACTTACCCGG-1,0.195985,0.776842,0.026876,0.000074,0.000074,0.000074,0.000075
ACTTATCTGATCTATA-1,0.004486,0.004484,0.476558,0.004464,0.004465,0.00448,0.501063
ACTTATTAGGATCGGT-1,0.552785,0.336929,0.107439,0.00009,0.00009,0.00009,0.002576
ACTTATTTATGTGCCA-1,0.025263,0.935963,0.037624,0.000287,0.000287,0.000288,0.000288
ACTTCAGGCTGATCCC-1,0.108247,0.768864,0.117211,0.000179,0.00018,0.00018,0.00514
ACTTCCATGCGGGACA-1,0.002869,0.581164,0.002871,0.002857,0.002864,0.002861,0.404514
ACTTCGCCATACGCAC-1,0.000188,0.735463,0.249369,0.000187,0.000188,0.000188,0.014416
ACTTCGCTAGCGAGTG-1,0.055807,0.500021,0.442238,0.000483,0.000483,0.000484,0.000485
ACTTGACTCCCTCTTT-1,0.020517,0.782217,0.164461,0.000127,0.000127,0.000127,0.032424
ACTTGCCATATTGTAC-1,0.000546,0.681042,0.000545,0.000543,0.000544,0.000545,0.316235
ACTTGGGACCCGGTGG-1,0.388199,0.341874,0.192561,0.000163,0.000163,0.000163,0.076877
ACTTGTGGATGGAACG-1,0.515288,0.085743,0.398546,0.000105,0.000106,0.000106,0.000106
ACTTTACCCTCATGAA-1,0.372793,0.563258,0.03615,0.000116,0.000116,0.000116,0.027451
ACTTTCCTATAGCTTC-1,0.19064,0.650721,0.075412,0.000159,0.000159,0.000159,0.08275
ACTTTGACTGCATCCT-1,0.002991,0.33257,0.002989,0.002976,0.002978,0.002986,0.652509
ACTTTGTCGACGCACT-1,0.210285,0.486261,0.186022,0.000127,0.000128,0.000128,0.11705
AGAAATTATGACTCGC-1,0.000115,0.735752,0.025934,0.000114,0.000114,0.000114,0.237857
AGAACCCAGCGTGACA-1,0.10064,0.525669,0.226631,0.00008,0.00008,0.00008,0.146818
AGAACGTGGTACATTC-1,0.101565,0.622724,0.215942,0.000147,0.000147,0.000147,0.059329
AGAAGAGCGCCGTTCC-1,0.000907,0.486653,0.508819,0.000904,0.000905,0.000905,0.000906
AGAAGGTTGCCGAATT-1,0.029242,0.627476,0.250535,0.00013,0.000131,0.000131,0.092355
AGAATAAATCTTCAGG-1,0.281033,0.002209,0.002208,0.002198,0.002202,0.002207,0.707943
AGAATTATGGATTCGA-1,0.000093,0.776503,0.223031,0.000093,0.000093,0.000093,0.000093
AGAATTGTTTGACATA-1,0.001817,0.989116,0.001817,0.001808,0.00181,0.001814,0.001818
AGACAGCTCAGAATCC-1,0.264253,0.477225,0.000116,0.000115,0.000116,0.000116,0.258059
AGACAGGCATCTCAGC-1,0.057657,0.682322,0.043163,0.000141,0.000141,0.000141,0.216436
AGACATAGATCCTTCC-1,0.000398,0.602578,0.000397,0.000396,0.000397,0.000397,0.395438
AGACCATGGGATACAA-1,0.006251,0.962537,0.006239,0.006211,0.006289,0.006222,0.006251
AGACCCACCGCTGATC-1,0.197242,0.707664,0.047299,0.000268,0.000268,0.000269,0.046989
AGACCCGCCCTCCTCG-1,0.189414,0.684766,0.050847,0.00013,0.000131,0.000131,0.074582
AGACCGCTCCGCGGTT-1,0.002049,0.98772,0.00205,0.002041,0.002045,0.002044,0.002052
AGACCGGGAAACCCTG-1,0.101814,0.273977,0.525845,0.00069,0.000691,0.000692,0.096291
AGACGAAGTGCCGGTC-1,0.000109,0.534129,0.465326,0.000109,0.000109,0.000109,0.000109
AGACGCCCACTTCGCC-1,0.084075,0.621315,0.018759,0.000197,0.000198,0.000198,0.275259
AGACGGGATTGGTATA-1,0.000881,0.53036,0.465245,0.000876,0.000877,0.00088,0.000881
AGACTAGCCTTCCAGA-1,0.112181,0.659785,0.11514,0.000214,0.000215,0.000215,0.112249
AGAGAACCGTCTAGGA-1,0.000215,0.906365,0.092559,0.000215,0.000215,0.000215,0.000215
AGAGATCTCTAAAGCG-1,0.001304,0.079283,0.001305,0.001299,0.001302,0.001302,0.914205
AGAGCAGTTATGAGAC-1,0.003051,0.142197,0.003052,0.00304,0.003046,0.003051,0.842563
AGAGCCGCCGAGATTT-1,0.00014,0.874582,0.011005,0.00014,0.00014,0.00014,0.113854
AGAGCGGGCTAATCAT-1,0.003187,0.980897,0.003189,0.003175,0.003175,0.003187,0.003191
AGAGCGTACAAGCTCG-1,0.002279,0.36079,0.456859,0.002268,0.002269,0.002271,0.173265
AGAGCTACGAAAGCAT-1,0.001055,0.236539,0.001055,0.00105,0.001052,0.001055,0.758193
AGAGGCTTCGGAAACC-1,0.088572,0.740473,0.170344,0.000152,0.000153,0.000153,0.000153
AGAGGTATCTCGGTCC-1,0.002927,0.885059,0.002929,0.002915,0.002919,0.002924,0.100326
AGAGTAAACTTCACTA-1,0.015723,0.599331,0.337442,0.000204,0.000205,0.000205,0.04689
AGAGTATAGTGTTACG-1,0.246067,0.623517,0.129534,0.00022,0.00022,0.00022,0.000221
AGATAACTTCAGGGCC-1,0.000505,0.550899,0.384053,0.000503,0.000504,0.000504,0.063031
AGATACCAATAGAACC-1,0.000098,0.888085,0.039371,0.000098,0.000098,0.000098,0.072152
AGATACCGGTGTTCAC-1,0.101538,0.001233,0.867558,0.000064,0.000064,0.000064,0.02948
AGATACGACTTCATAT-1,0.28215,0.341022,0.002869,0.002857,0.002865,0.002862,0.365374
AGATACTCAAGATCGA-1,0.000033,0.811439,0.188396,0.000033,0.000033,0.000033,0.000033
AGATCGTGCATAAGAT-1,0.336024,0.583568,0.027629,0.000104,0.000104,0.000104,0.052468
AGATCTCAGGTGTGAT-1,0.02212,0.561627,0.415782,0.000117,0.000118,0.000118,0.000118
AGATGACTCGCCCACG-1,0.003674,0.977951,0.003678,0.003663,0.00367,0.003678,0.003687
AGATGATGGAGTCTGG-1,0.510604,0.422301,0.066804,0.000073,0.000073,0.000073,0.000073
AGATTATAGGACGTTT-1,0.781458,0.017606,0.174347,0.00006,0.00006,0.00006,0.026409
AGCAACATATCTTATT-1,0.105221,0.728264,0.16618,0.000084,0.000084,0.000084,0.000084
AGCACCAGTACTCACG-1,0.158557,0.545967,0.149864,0.000139,0.000139,0.000139,0.145195
AGCACTACCGGCCTGT-1,0.00211,0.002113,0.817564,0.002101,0.002104,0.002103,0.171905
AGCACTACCTCACCAG-1,0.058638,0.727087,0.213444,0.000207,0.000208,0.000208,0.000208
AGCACTTAAGGACGCC-1,0.000207,0.000207,0.860198,0.000206,0.000206,0.000206,0.13877
AGCATATCAATATGCT-1,0.000312,0.530852,0.421483,0.000311,0.000311,0.000311,0.04642
AGCATCGTCGATAATT-1,0.119843,0.628559,0.166891,0.000272,0.000272,0.000273,0.083889
AGCATTACGAGGCAAG-1,0.774871,0.00067,0.000671,0.000668,0.000669,0.000669,0.221783
AGCCACAGGTTACCCG-1,0.001032,0.679239,0.315607,0.001028,0.001031,0.00103,0.001033
AGCCACTCCCGTGCTT-1,0.230053,0.711436,0.019937,0.000132,0.000132,0.000132,0.038178
AGCCCATACATGTAAG-1,0.218768,0.000047,0.751175,0.000047,0.000047,0.000047,0.029868
AGCCCTAAGCGAAGTT-1,0.002022,0.704213,0.002022,0.002012,0.002014,0.002019,0.285698
AGCCCTGTCGCACCGT-1,0.941176,0.000076,0.009615,0.000076,0.000076,0.000076,0.048904
AGCCCTTGGACATCCC-1,0.000139,0.756408,0.136837,0.000138,0.000138,0.000138,0.106202
AGCCGCAAATTCAAAT-1,0.243628,0.443545,0.000528,0.000525,0.000526,0.000526,0.310722
AGCCTTAAAGCGGAAG-1,0.224583,0.462384,0.305293,0.001931,0.001934,0.001936,0.00194
AGCGACATCCCATTCA-1,0.000776,0.586621,0.194379,0.000772,0.000773,0.000775,0.215904
AGCGACCAACGATATT-1,0.410409,0.477401,0.084576,0.000146,0.000146,0.000146,0.027175
AGCGATGCGCCTAATA-1,0.000221,0.95663,0.042269,0.00022,0.00022,0.00022,0.000221
AGCGCGGGTGCCAATG-1,0.000179,0.849617,0.113742,0.000178,0.000178,0.000179,0.035926
AGCGCTAGAGCGATGT-1,0.293759,0.545851,0.071703,0.000087,0.000087,0.000088,0.088424
AGCGGGAAGGGTCCAT-1,0.002705,0.762718,0.002707,0.002695,0.002701,0.002709,0.223765
AGCGTACGAGAGCTAG-1,0.001526,0.52138,0.001526,0.00152,0.001522,0.001523,0.471002
AGCGTAGCGCTAGACC-1,0.00478,0.38473,0.004781,0.004762,0.004772,0.004767,0.591408
AGCGTCTGAACCCGCA-1,0.005978,0.271654,0.00598,0.005953,0.005969,0.005969,0.698498
AGCGTGGTATTCTACT-1,0.055661,0.777372,0.083581,0.000128,0.000128,0.000129,0.083
AGCTAAGTACGCAGGC-1,0.129836,0.793724,0.000371,0.000369,0.00037,0.00037,0.074959
AGCTAGAAGCAGAAGT-1,0.289961,0.473342,0.000155,0.000154,0.000155,0.000155,0.236077
AGCTATTTAATCCAAC-1,0.000235,0.632798,0.273414,0.000234,0.000234,0.000235,0.092849
AGCTCCATATATGTTC-1,0.000177,0.617799,0.000935,0.000176,0.000176,0.000177,0.38056
AGCTCCTTCGCACATC-1,0.000054,0.140928,0.858803,0.000054,0.000054,0.000054,0.000054
AGCTCTAGACGTTCCA-1,0.433198,0.537308,0.011367,0.00009,0.00009,0.00009,0.017857
AGCTCTTCCCAGTGCA-1,0.000105,0.912643,0.066306,0.000104,0.000104,0.000105,0.020633
AGCTCTTCGTAACCTT-1,0.473626,0.308887,0.203449,0.000089,0.000089,0.00009,0.013771
AGCTCTTTACTCAGTT-1,0.583185,0.307242,0.062932,0.000103,0.000103,0.000103,0.046332
AGCTTATAGAGACCTG-1,0.263365,0.405021,0.000416,0.000414,0.000415,0.000416,0.329954
AGCTTCAATACTTTGA-1,0.017597,0.755995,0.056955,0.000394,0.000394,0.000395,0.16827
AGCTTCTTCTCGAGCA-1,0.002433,0.357213,0.179674,0.002421,0.002427,0.002427,0.453403
AGCTTGATCTTAACTT-1,0.351715,0.000054,0.578815,0.000053,0.000054,0.000054,0.069256
AGGAAAGCCTCTGATG-1,0.001227,0.441314,0.001227,0.001221,0.001222,0.001227,0.552562
AGGAACGAACGACTTC-1,0.028974,0.677022,0.102067,0.000108,0.000108,0.000108,0.191613
AGGACAGTCGAATCCC-1,0.062738,0.867642,0.068581,0.000259,0.00026,0.00026,0.00026
AGGACATCGCACGTCG-1,0.097076,0.53056,0.130762,0.000871,0.000873,0.000874,0.238984
AGGACATCGGCACACT-1,0.00013,0.496452,0.214573,0.000129,0.000129,0.000129,0.288458
AGGACGACCCATTAGA-1,0.324037,0.294357,0.000078,0.000077,0.000077,0.000078,0.381297
AGGAGACATCCACAGT-1,0.00014,0.873762,0.125539,0.000139,0.00014,0.00014,0.00014
AGGAGAGTCTGGCTAC-1,0.340273,0.396241,0.262948,0.000134,0.000134,0.000135,0.000135
AGGAGGCCTTCGCGCG-1,0.000124,0.85328,0.1461,0.000124,0.000124,0.000124,0.000124
AGGATATAGGGATTTA-1,0.129587,0.687517,0.164788,0.000126,0.000126,0.000126,0.01773
AGGATATCCGACTGCA-1,0.28176,0.485112,0.000561,0.000558,0.000559,0.00056,0.23089
AGGATTGCTTACGACA-1,0.15661,0.60197,0.240587,0.000208,0.000208,0.000209,0.000209
AGGCAAAGAGGAATCA-1,0.131773,0.279123,0.00711,0.000436,0.000436,0.000437,0.580685
AGGCACGTGACTGTCC-1,0.000154,0.882238,0.010781,0.000153,0.000154,0.000154,0.106366
AGGCAGATGCGTAAAC-1,0.01933,0.60731,0.372722,0.000159,0.000159,0.000159,0.00016
AGGCATTGTCGTAGGG-1,0.305185,0.415971,0.179241,0.000248,0.000248,0.000249,0.098858
AGGCCACATTGGTTAC-1,0.033482,0.445319,0.154878,0.000095,0.000096,0.000096,0.366035
AGGCCACCCGTTATGA-1,0.049558,0.177862,0.514839,0.000425,0.000426,0.000426,0.256463
AGGCCCAGTGACTGGT-1,0.573848,0.00897,0.008977,0.008929,0.008936,0.008996,0.381344
AGGCCCATTGTACAGG-1,0.189571,0.324975,0.002174,0.002165,0.002167,0.002171,0.476778
AGGCCCTAGAACGCCA-1,0.196983,0.136045,0.613782,0.000238,0.000238,0.000238,0.052476
AGGCCTGAGAATCTCG-1,0.001248,0.851901,0.001248,0.001242,0.001243,0.001244,0.141874
AGGCGATAACTGGCGT-1,0.192617,0.431647,0.241726,0.000083,0.000083,0.000083,0.13376
AGGCTATGGTTAGCTT-1,0.007542,0.301214,0.661077,0.007519,0.007537,0.007543,0.007569
AGGCTTGCTAGACACC-1,0.003498,0.741821,0.003499,0.003484,0.003486,0.003491,0.24072
AGGGACAGCACGGCGG-1,0.135606,0.264021,0.00095,0.000946,0.000947,0.000949,0.596581
AGGGACCGGCTGCGTT-1,0.150749,0.77554,0.073374,0.000084,0.000084,0.000084,0.000084
AGGGAGACATACTTCG-1,0.034268,0.745354,0.219856,0.00013,0.000131,0.000131,0.000131
AGGGCAGCGGCGTGGT-1,0.002813,0.983132,0.002813,0.002801,0.002806,0.002818,0.002817
AGGGCCCTAATGTTCT-1,0.555932,0.179073,0.001167,0.000084,0.000084,0.000084,0.263575
AGGGCGAGCAGCTGAT-1,0.124321,0.363686,0.399282,0.000249,0.000249,0.00025,0.111962
AGGGCGTGATCGGCTA-1,0.002991,0.002989,0.597709,0.002976,0.002979,0.002986,0.38737
AGGGCTGCAGTTACAG-1,0.2125,0.766623,0.020469,0.000102,0.000102,0.000102,0.000102
AGGGTCGATGCGAACT-1,0.000146,0.62779,0.37148,0.000146,0.000146,0.000146,0.000146
AGGGTCTGGACGCAGT-1,0.000235,0.737193,0.000235,0.000234,0.000234,0.000234,0.261635
AGGGTGCTCTCGAGGG-1,0.303805,0.102118,0.593719,0.000089,0.000089,0.000089,0.00009
AGGGTGGATAGTGCAT-1,0.203671,0.002278,0.002277,0.002268,0.002271,0.002278,0.784957
AGGGTTCCCTTTGGTT-1,0.00048,0.670703,0.326901,0.000478,0.000479,0.000479,0.00048
AGGGTTTAGTTCGGGA-1,0.148101,0.621547,0.229613,0.000184,0.000185,0.000185,0.000185
AGGTAACCTCCTATTC-1,0.214349,0.498377,0.000983,0.000978,0.000981,0.000982,0.28335
AGGTACGATATTGCCA-1,0.00052,0.777576,0.00052,0.000518,0.000519,0.000519,0.21983
AGGTAGGTACAAAGCT-1,0.05784,0.000239,0.677265,0.000238,0.000238,0.000239,0.263942
AGGTATAATTGATAGT-1,0.15316,0.748273,0.078349,0.000112,0.000113,0.000113,0.01988
AGGTATGCGGACATTA-1,0.000158,0.229377,0.464501,0.000157,0.000158,0.000158,0.305491
AGGTCGCCACTTCGGT-1,0.007165,0.80055,0.007167,0.007143,0.007156,0.007183,0.163636
AGGTCGCCTCCCAACA-1,0.000177,0.728625,0.000177,0.000176,0.000176,0.000177,0.270492
AGGTCGCGGAGTTACT-1,0.080688,0.719135,0.19968,0.000124,0.000124,0.000125,0.000125
AGGTGCACGTCCACAT-1,0.000844,0.99494,0.000844,0.00084,0.000843,0.000843,0.000844
AGGTGTATCGCCATGA-1,0.001668,0.14889,0.693937,0.001661,0.001662,0.001666,0.150515
AGGTGTTGCCGACCAC-1,0.080821,0.588808,0.011219,0.000098,0.000098,0.000098,0.318857
AGGTTACACCATGCCG-1,0.110407,0.710514,0.121472,0.000113,0.000113,0.000113,0.05727
AGGTTGAGGCACGCTT-1,0.114408,0.759458,0.086649,0.000207,0.000207,0.000207,0.038864
AGGTTTCACACACCTT-1,0.112702,0.55579,0.310481,0.000078,0.000078,0.000078,0.020794
AGTAACTATAGCAGCC-1,0.001032,0.993816,0.001032,0.001028,0.001029,0.001031,0.001033
AGTAATGTCTTGCCGC-1,0.090495,0.777879,0.001393,0.001387,0.001392,0.001391,0.126062
