Barcode,Topic 1,Topic 2,Topic 3,Topic 4to5,Topic 6to8,Topic 9,Topic 10
AAACAACGAATAGTTC-1,0.000578,0.000578,0.000578,0.405645,0.244724,0.347318,0.000578
AAACAAGTATCTCCCA-1,0.000031,0.000031,0.006174,0.195112,0.502706,0.215173,0.080773
AAACAATCTACTAGCA-1,0.000069,0.03457,0.000069,0.166899,0.585841,0.20809,0.004461
AAACACCAATAACTGC-1,0.001961,0.001961,0.001961,0.350391,0.005884,0.635879,0.001961
AAACAGAGCGACTCCT-1,0.002858,0.002858,0.002858,0.005716,0.290829,0.692023,0.002858
AAACAGCTTTCAGAAG-1,0.00087,0.00087,0.00087,0.00174,0.002609,0.992172,0.00087
AAACAGGGTCTATATT-1,0.002326,0.002326,0.002326,0.004653,0.006979,0.979063,0.002326
AAACATTTCCCGGATT-1,0.000061,0.035316,0.000061,0.274282,0.426627,0.175888,0.087764
AAACCCGAACGAAATC-1,0.000029,0.492542,0.000029,0.073087,0.257413,0.145715,0.031183
AAACCGGGTAGGTACC-1,0.000018,0.001227,0.000018,0.275318,0.174984,0.249989,0.298447
AAACCGTTCGTCCAGG-1,0.000019,0.059362,0.001648,0.424062,0.39682,0.094576,0.023513
AAACCTAAGCAGCCGG-1,0.000513,0.000513,0.065033,0.800188,0.132727,0.000513,0.000513
AAACCTCATGAAGTTG-1,0.000013,0.004241,0.000013,0.891539,0.001653,0.018815,0.083726
AAACGAAGAACATACC-1,0.000476,0.000476,0.000476,0.000953,0.073031,0.924111,0.000476
AAACGAAGATGGAGTA-1,0.000402,0.00138,0.000402,0.078122,0.436559,0.482733,0.000402
AAACGAGACGGTTGAT-1,0.000127,0.000127,0.000127,0.131288,0.3253,0.299307,0.243725
AAACGGGCGTACGGGT-1,0.00006,0.024723,0.00006,0.382179,0.441612,0.121336,0.030029
AAACGGGTTGGTATCC-1,0.00099,0.00099,0.00099,0.412433,0.002971,0.580635,0.00099
AAACTAACGTGGCGAC-1,0.000108,0.015739,0.019841,0.205733,0.382564,0.375907,0.000108
AAACTCGGTTCGCAAT-1,0.000238,0.000238,0.000238,0.251021,0.149517,0.598509,0.000238
AAACTCGTGATATAAG-1,0.000034,0.025201,0.000034,0.068097,0.484706,0.410172,0.011754
AAACTGCTGGCTCCAA-1,0.000085,0.046408,0.000085,0.105678,0.159257,0.681974,0.006514
AAACTTAATTGCACGC-1,0.00026,0.00026,0.00026,0.00052,0.111769,0.886672,0.00026
AAACTTGCAAACGTAT-1,0.000037,0.000037,0.000037,0.999701,0.000112,0.000037,0.000037
AAAGACCCAAGTCGCG-1,0.000196,0.000196,0.000196,0.000391,0.35585,0.642975,0.000196
AAAGACTGGGCGCTTT-1,0.00004,0.00004,0.00004,0.583992,0.18604,0.018267,0.21158
AAAGGCCCTATAATAC-1,0.001389,0.001389,0.001389,0.002779,0.004168,0.745654,0.243232
AAAGGCTACGGACCAT-1,0.000109,0.069902,0.000109,0.19502,0.434793,0.257948,0.042119
AAAGGGCAGCTTGAAT-1,0.39253,0.02251,0.000136,0.000271,0.046324,0.527394,0.010835
AAAGGTAAGCTGTACC-1,0.001205,0.001205,0.001205,0.733371,0.003615,0.258193,0.001205
AAAGTAGCATTGCTCA-1,0.000065,0.039556,0.000065,0.256342,0.049385,0.411699,0.242888
AAAGTCGACCCTCAGT-1,0.000155,0.000155,0.000155,0.451075,0.037631,0.481833,0.028997
AAAGTGTGATTTATCT-1,0.00003,0.060771,0.00003,0.246407,0.289159,0.282959,0.120644
AAAGTTGACTCCCGTA-1,0.000016,0.023152,0.081566,0.51352,0.173789,0.035898,0.172059
AAATAACCATACGGGA-1,0.0008,0.0008,0.0008,0.0016,0.002401,0.54157,0.452028
AAATAAGGTAGTGCCC-1,0.000028,0.115579,0.000028,0.102668,0.513279,0.218071,0.050347
AAATACCTATAAGCAT-1,0.000051,0.000051,0.000051,0.000102,0.000153,0.99954,0.000051
AAATAGCTTAGACTTT-1,0.000035,0.000035,0.002156,0.147821,0.531893,0.225687,0.092374
AAATAGGGTGCTATTG-1,0.006251,0.006252,0.943732,0.012504,0.018757,0.006253,0.006252
AAATCCGATACACGCC-1,0.000297,0.000297,0.014104,0.983818,0.00089,0.000297,0.000297
AAATCGCGGAAGGAGT-1,0.000259,0.000259,0.000259,0.000518,0.402075,0.59637,0.000259
AAATCTAGCCCTGCTA-1,0.000036,0.020931,0.000036,0.042602,0.540909,0.351005,0.044481
AAATCTGCCCGCGTCC-1,0.000813,0.000813,0.000813,0.001626,0.00244,0.992681,0.000813
AAATGATTCGATCAGC-1,0.000033,0.020458,0.026568,0.437785,0.21474,0.199069,0.101347
AAATGCTCGTTACGTT-1,0.000049,0.004495,0.000049,0.000098,0.128664,0.860616,0.006028
AAATGGCATGTCTTGT-1,0.000855,0.000855,0.000855,0.00171,0.002565,0.992305,0.000855
AAATGGCCCGTGCCCT-1,0.001924,0.001924,0.001924,0.141576,0.005771,0.844959,0.001924
AAATGGTCAATGTGCC-1,0.000021,0.232169,0.000925,0.037744,0.528954,0.184111,0.016076
AAATTACACGACTCTG-1,0.001299,0.001299,0.001299,0.002598,0.003897,0.988308,0.001299
AAATTACCTATCGATG-1,0.000067,0.000067,0.01461,0.608958,0.311973,0.000067,0.064258
AAATTCCAGGTCCAAA-1,0.000017,0.53526,0.000017,0.000039,0.352408,0.106261,0.005998
AAATTGATAGTCCTTT-1,0.000075,0.020546,0.003892,0.15691,0.21321,0.400878,0.204489
AAATTGCGGCGGTTCT-1,0.001177,0.001177,0.001177,0.202596,0.220012,0.572685,0.001177
AAATTTACCGAAATCC-1,0.001099,0.001099,0.001099,0.336926,0.003298,0.65538,0.001099
AAATTTGCGGGTGTGG-1,0.000028,0.000685,0.000028,0.014563,0.21827,0.645274,0.121152
AACAACTGGTAGTTGC-1,0.000028,0.042245,0.028624,0.303097,0.416917,0.116199,0.092891
AACAATACATTGTCGA-1,0.000221,0.000221,0.000221,0.000442,0.049471,0.914672,0.034753
AACAATTACTCTACGC-1,0.000004,0.000004,0.000004,0.980438,0.000012,0.000004,0.019535
AACACACGCTCGCCGC-1,0.00002,0.006191,0.000076,0.297865,0.46682,0.09945,0.129578
AACACGACTGTACTGA-1,0.000239,0.000239,0.000239,0.22697,0.092733,0.434961,0.244619
AACACGAGACGCGGCC-1,0.000051,0.000051,0.000051,0.320078,0.230621,0.145456,0.303693
AACACGCGGCCGCGAA-1,0.000045,0.038935,0.000045,0.195939,0.051779,0.694469,0.018788
AACAGCTGTGTGGCAA-1,0.000087,0.022354,0.000087,0.082504,0.152231,0.719134,0.023603
AACAGGAAATCGAATA-1,0.000181,0.000181,0.000181,0.327013,0.000543,0.63205,0.039852
AACAGGATGGGCCGCG-1,0.000013,0.052226,0.130313,0.273937,0.247792,0.058782,0.236937
AACAGGTAGTATGGAT-1,0.000012,0.890325,0.000012,0.018904,0.008063,0.072905,0.009779
AACATAGCGTGTATCG-1,0.025007,0.025005,0.774927,0.050016,0.075026,0.025014,0.025006
AACATATCAACTGGTG-1,0.000034,0.020581,0.003179,0.080045,0.43243,0.249019,0.214711
AACATCGATACGTCTA-1,0.000068,0.000068,0.000068,0.150867,0.273513,0.575091,0.000326
AACATTGAAGTTGATC-1,0.000085,0.000085,0.000085,0.875366,0.000255,0.000085,0.124039
AACATTGGTCAGCCGT-1,0.000351,0.000351,0.000351,0.205953,0.001053,0.791591,0.000351
AACATTGTGACTCGAG-1,0.000249,0.000249,0.000249,0.000499,0.000748,0.997755,0.000249
AACCAAGACTTCTCTG-1,0.000007,0.010914,0.000205,0.932912,0.008751,0.019292,0.027918
AACCAGTATCACTCTT-1,0.000498,0.000498,0.000498,0.228204,0.158927,0.610803,0.000573
AACCATAGGGTTGAAC-1,0.000112,0.000112,0.000112,0.152648,0.066436,0.780468,0.000112
AACCATGGGATCGCTA-1,0.000033,0.013961,0.000033,0.003281,0.247288,0.717496,0.017907
AACCCAGAGACGGAGA-1,0.000074,0.000074,0.000074,0.006319,0.105592,0.741053,0.146813
AACCCATCCCATGATC-1,0.001961,0.001962,0.001961,0.003922,0.0796,0.908633,0.001961
AACCCGACAACCCGTG-1,0.000039,0.000039,0.000039,0.118703,0.000118,0.881022,0.000039
AACCCGAGCAGAATCG-1,0.000045,0.073886,0.000045,0.075543,0.545772,0.29726,0.00745
AACCCTACTGTCAATA-1,0.000029,0.000029,0.106502,0.268442,0.288592,0.251841,0.084565
AACCCTGGTGGAACCA-1,0.000337,0.000337,0.000337,0.786939,0.211377,0.000337,0.000337
AACCGAGCTTGGTCAT-1,0.000072,0.000072,0.000072,0.100023,0.000216,0.83579,0.063755
AACCGCTAAGGGATGC-1,0.000022,0.005935,0.000507,0.227274,0.331309,0.352822,0.082131
AACCGTTGTGTTTGCT-1,0.000347,0.000347,0.229639,0.143067,0.001042,0.625209,0.000347
AACCTAAAGCCGTCCG-1,0.000172,0.000172,0.000172,0.016543,0.092554,0.890216,0.000172
AACCTCGCTTTAGCCC-1,0.002632,0.002632,0.235227,0.005265,0.007897,0.511535,0.234811
AACCTGTCACGGAATT-1,0.00004,0.258146,0.011987,0.078763,0.269986,0.303483,0.077594
AACCTTTAAATACGGT-1,0.000224,0.000224,0.000224,0.308968,0.047399,0.641979,0.000983
AACCTTTACGACGTCT-1,0.003449,0.003449,0.003449,0.573235,0.409519,0.003449,0.003449
AACGAAAGTCGTCCCA-1,0.000081,0.000081,0.000081,0.169978,0.000242,0.658107,0.171432
AACGATAATGCCGTAG-1,0.00003,0.00003,0.00003,0.114769,0.043887,0.801561,0.039692
AACGATAGAAGGGCCG-1,0.000071,0.000071,0.000071,0.292187,0.007122,0.562624,0.137854
AACGATATGTCAACTG-1,0.001924,0.001924,0.001924,0.387562,0.005771,0.459952,0.140945
AACGCATGATCTGGGT-1,0.001588,0.001588,0.001588,0.396457,0.004763,0.237635,0.356381
AACGCGAACGGCAACA-1,0.000188,0.000188,0.000188,0.000375,0.000563,0.998311,0.000188
AACGCGACCTTGGGCG-1,0.000083,0.056895,0.000083,0.30872,0.080479,0.487089,0.06665
AACGCTGTTGCTGAAA-1,0.000033,0.023849,0.000033,0.054805,0.550795,0.24633,0.124155
AACGGACGTACGTATA-1,0.000021,0.008403,0.000021,0.42916,0.370877,0.146254,0.045264
AACGGCCATCTCCGGT-1,0.000022,0.0048,0.000022,0.222192,0.578189,0.162873,0.031901
AACGTACTGTGGGTAC-1,0.000032,0.087456,0.000032,0.063898,0.581204,0.215561,0.051817
AACGTAGTCTACCCAT-1,0.000079,0.004186,0.000079,0.008917,0.78956,0.195245,0.001934
AACGTCAGACTAGTGG-1,0.000048,0.031741,0.004483,0.092246,0.410099,0.255759,0.205623
AACGTGATGAAGGACA-1,0.000375,0.000375,0.000375,0.549528,0.088862,0.311355,0.049131
AACGTGCGAAAGTCTC-1,0.000234,0.000234,0.000234,0.000469,0.594483,0.362818,0.041527
AACGTTATCAGCACCT-1,0.000617,0.000617,0.000617,0.624683,0.001852,0.370994,0.000617
AACTACCCGTTTGTCA-1,0.000007,0.999346,0.000007,0.000604,0.000021,0.000007,0.000007
AACTCAAGTTAATTGC-1,0.000033,0.113602,0.000033,0.010016,0.371515,0.442044,0.062755
AACTCCAGAGCGTGTT-1,0.000106,0.000106,0.088508,0.029743,0.407554,0.438308,0.035674
AACTCCTAATCCCATG-1,0.001471,0.001471,0.001471,0.002942,0.004413,0.986761,0.001471
AACTCGATAAACACGT-1,0.000037,0.011766,0.000037,0.074491,0.103762,0.68388,0.126027
AACTCGATGGCGCAGT-1,0.000045,0.010783,0.000045,0.12556,0.009428,0.769387,0.084751
AACTCTCAATAGAGCG-1,0.000016,0.004683,0.125505,0.484589,0.253887,0.024273,0.107048
AACTCTCAGTGTGCTC-1,0.000048,0.000048,0.000048,0.102448,0.444349,0.405943,0.047117
AACTGAGGTCAGCGTC-1,0.000123,0.000123,0.000123,0.467147,0.10824,0.385229,0.039014
AACTGGGTTCGAGCCG-1,0.004546,0.004547,0.004547,0.009093,0.01364,0.959081,0.004547
AACTTCTGCGTCTATC-1,0.000028,0.055873,0.015607,0.340423,0.411314,0.123774,0.052981
AACTTGCCCGTATGCA-1,0.000007,0.000273,0.000007,0.938208,0.000148,0.01431,0.047047
AACTTGCGTTCTCGCG-1,0.000077,0.000077,0.000077,0.000154,0.000231,0.999307,0.000077
AACTTTACGGGAGCTT-1,0.001316,0.001316,0.001316,0.002632,0.304298,0.687805,0.001316
AAGAAAGTTTGATGGG-1,0.000503,0.000503,0.000503,0.001005,0.001508,0.995476,0.000503
AAGAAGGATCAGTTAG-1,0.00004,0.007367,0.00004,0.104215,0.00012,0.834645,0.053573
AAGACATACGTGGTTT-1,0.000017,0.020364,0.005791,0.28181,0.239243,0.371286,0.081488
AAGACCAAATAACTCA-1,0.00035,0.00035,0.00035,0.284124,0.192998,0.521479,0.00035
AAGACCCAACTGAACA-1,0.000065,0.071955,0.000065,0.03654,0.462409,0.4289,0.000065
AAGACTAACCCGTTGT-1,0.000637,0.000637,0.000637,0.001274,0.106428,0.841369,0.049017
AAGACTGCAAGCTACT-1,0.000037,0.00675,0.000037,0.349665,0.179071,0.461868,0.002573
AAGAGATGAATCGGTA-1,0.000025,0.042565,0.007475,0.241116,0.090669,0.158623,0.459527
AAGAGCTCTTTATCGG-1,0.000172,0.000172,0.000172,0.163469,0.407141,0.40675,0.022125
AAGAGGATGTACGCGA-1,0.000021,0.000263,0.00298,0.263037,0.258668,0.275217,0.199814
AAGAGGCATGGATCGC-1,0.000129,0.052246,0.000129,0.09871,0.212473,0.277583,0.358731
AAGAGGCCCTTTGGAA-1,0.000038,0.040785,0.000038,0.000076,0.612564,0.342594,0.003905
AAGATGGCACCGGACC-1,0.000236,0.000236,0.000236,0.000472,0.454262,0.544323,0.000236
AAGATTGGCGGAACGT-1,0.000149,0.000149,0.000149,0.187308,0.000447,0.251485,0.560312
AAGCACCCTGCGTATC-1,0.000439,0.000439,0.000439,0.000877,0.018303,0.979064,0.000439
AAGCATACTCTCCTGA-1,0.000084,0.014138,0.002061,0.100998,0.051078,0.822314,0.009326
AAGCCGAAGCGGTTTA-1,0.000043,0.021229,0.000043,0.123523,0.43646,0.349513,0.069188
AAGCCGCCGTGAAATC-1,0.000578,0.000578,0.000578,0.001156,0.546071,0.45046,0.000578
AAGCGCAGGGCTTTGA-1,0.000198,0.000198,0.000198,0.251171,0.000594,0.635954,0.111686
AAGCGGCGTCATGGGT-1,0.000855,0.000855,0.000855,0.00171,0.002565,0.992306,0.000855
AAGCGTCCCTCATCGA-1,0.00009,0.00009,0.00009,0.406853,0.328569,0.056679,0.20763
AAGCTAGATCGAGTAA-1,0.000094,0.000094,0.000094,0.081612,0.160499,0.716492,0.041115
AAGCTATGGATTGACC-1,0.000312,0.000312,0.000312,0.10108,0.381816,0.515857,0.000312
AAGCTCGTGCCAAGTC-1,0.000098,0.000098,0.000618,0.998695,0.000294,0.000098,0.000098
AAGCTCTTTCATGGTG-1,0.004547,0.004547,0.004547,0.009094,0.390521,0.582198,0.004547
AAGGAGCGGTTGGTGC-1,0.000032,0.184578,0.000032,0.000063,0.634527,0.180737,0.000032
AAGGATCGATCGCTTG-1,0.000035,0.149513,0.000035,0.028569,0.517457,0.258323,0.046067
AAGGATGAGGGACCTC-1,0.000176,0.1504,0.000176,0.014422,0.174908,0.108392,0.551525
AAGGCGCGTAAAGCTT-1,0.000034,0.061977,0.000641,0.10869,0.440459,0.311123,0.077076
AAGGCTGTGCTCATCG-1,0.000033,0.230752,0.000033,0.047366,0.420556,0.233749,0.067511
AAGGGAACGACTGGCT-1,0.001334,0.001334,0.001334,0.002667,0.004001,0.505427,0.483904
AAGGGACAGATTCTGT-1,0.000028,0.000028,0.018205,0.904184,0.077498,0.000028,0.000028
AAGGGACTATGCATTC-1,0.000109,0.029093,0.000109,0.000218,0.024773,0.43177,0.513928
AAGGTATCCTAATATA-1,0.001099,0.001099,0.001099,0.287626,0.180546,0.527431,0.001099
AAGGTGATAAACCAGC-1,0.000025,0.01825,0.001068,0.175756,0.369026,0.206195,0.229681
AAGTAGAAGACCGGGT-1,0.000048,0.000048,0.04724,0.379764,0.372067,0.099426,0.101407
AAGTAGTGACGCGAGG-1,0.000022,0.005839,0.026088,0.240541,0.24631,0.185826,0.295375
AAGTCAATTGTCGTCA-1,0.000036,0.000036,0.000036,0.170059,0.389509,0.304576,0.135746
AAGTGACGACCGAATT-1,0.000005,0.008315,0.008204,0.927881,0.04404,0.00052,0.011034
AAGTGAGTCGGGTTTA-1,0.000049,0.056815,0.000049,0.152366,0.063236,0.672371,0.055115
AAGTGCAAAGGTAGAC-1,0.000345,0.000345,0.000345,0.00069,0.406421,0.393464,0.198391
AAGTGCCTTGACTGTA-1,0.000047,0.019252,0.000047,0.157145,0.374086,0.252808,0.196615
AAGTGCGTTAGAATCT-1,0.000053,0.014572,0.000053,0.027141,0.383282,0.468385,0.106514
AAGTGCTTCTCTATTG-1,0.000051,0.023294,0.000051,0.168699,0.058676,0.674422,0.074805
AAGTGTTTGGAGACGG-1,0.001613,0.001613,0.001613,0.003227,0.177481,0.812839,0.001613
AAGTTCACTCCAAGCT-1,0.000827,0.000827,0.771999,0.001653,0.00248,0.221387,0.000827
AAGTTCAGTCTGCGTA-1,0.000541,0.136018,0.000541,0.001081,0.410254,0.451024,0.000541
AAGTTCGGCCAACAGG-1,0.000024,0.002239,0.0058,0.138706,0.504865,0.242141,0.106225
AAGTTGTGATGTTATA-1,0.000041,0.018062,0.116438,0.342953,0.356452,0.163526,0.002528
AAGTTTACTAATGGCA-1,0.00007,0.021112,0.00007,0.00014,0.046343,0.92347,0.008794
AAGTTTATGGGCCCAA-1,0.001352,0.001352,0.001352,0.170826,0.110419,0.537591,0.177108
AATAACAACGCTCGGC-1,0.000021,0.007627,0.000021,0.278448,0.176439,0.236753,0.300691
AATAACACTAGAACAA-1,0.000035,0.043553,0.000035,0.016954,0.251988,0.624584,0.06285
AATAAGTCCTCGAGAC-1,0.000056,0.000056,0.000056,0.224191,0.058683,0.658141,0.058817
AATACAATGTTTCAGG-1,0.001235,0.001235,0.001235,0.00247,0.382551,0.610039,0.001235
AATACCGGAGGGCTGT-1,0.000046,0.000046,0.000046,0.130567,0.000138,0.865621,0.003537
AATAGAACAGAGTGGC-1,0.000033,0.179272,0.000033,0.000067,0.503844,0.31281,0.003941
AATAGAATCTGTTTCA-1,0.000029,0.05694,0.00231,0.112447,0.42195,0.235845,0.170479
AATAGCTACCGCGTGC-1,0.000944,0.000944,0.000944,0.001887,0.404464,0.589874,0.000944
AATAGTCGCGAGTCGG-1,0.002128,0.131518,0.002128,0.004257,0.625331,0.23251,0.002128
AATATCAAGGTCGGAT-1,0.000027,0.000662,0.006555,0.436975,0.400018,0.111814,0.043949
AATATCGAATCAATGC-1,0.000036,0.15878,0.000036,0.027393,0.506429,0.280461,0.026864
AATATCGAGGGTTCTC-1,0.000038,0.017564,0.000038,0.215113,0.420918,0.142932,0.203397
AATATTGGAGTATTGA-1,0.000032,0.000032,0.000032,0.186451,0.003079,0.048075,0.762299
AATCAGACTGCAGGAC-1,0.000885,0.000885,0.000885,0.769295,0.002656,0.224509,0.000885
AATCATGTAAAGACTC-1,0.000043,0.011681,0.000043,0.000085,0.468236,0.516781,0.003132
AATCCAAGGGCCTGAG-1,0.000051,0.000051,0.000051,0.000101,0.039117,0.960578,0.000051
AATCCATGCAAGGGTG-1,0.000204,0.000204,0.000204,0.309812,0.000611,0.688762,0.000204
AATCGAGGTCTCAAGG-1,0.010002,0.010002,0.010002,0.020007,0.92998,0.010003,0.010003
AATCGCCTCAGCGCCA-1,0.000215,0.000215,0.000215,0.013425,0.447923,0.266953,0.271056
AATCGCGCAGAGGACT-1,0.000019,0.629885,0.003806,0.049812,0.155033,0.081205,0.080239
AATCGGGACACTACGA-1,0.000096,0.000096,0.000096,0.000192,0.000289,0.999134,0.000096
AATCGGTATAGCCCTC-1,0.000047,0.009672,0.006621,0.258612,0.297752,0.327091,0.100204
AATCGTGAGCCGAGCA-1,0.00164,0.00164,0.00164,0.00328,0.004919,0.985242,0.00164
AATCTAGGTTTACTTG-1,0.000621,0.000621,0.000621,0.001243,0.614702,0.080223,0.301969
AATCTATGCCGGAGCC-1,0.000034,0.041794,0.011822,0.149906,0.590539,0.151323,0.054582
AATCTCTACTGTGGTT-1,0.001053,0.001053,0.001053,0.094099,0.462407,0.439282,0.001053
AATCTGCGTTGGGACG-1,0.000005,0.006769,0.008062,0.92866,0.051972,0.000005,0.004527
AATCTGGCTTTCTAGT-1,0.003334,0.003334,0.003334,0.006668,0.010004,0.969991,0.003334
AATCTGGGTAGACCCT-1,0.000725,0.000725,0.000725,0.00145,0.994926,0.000725,0.000725
AATGACAGCAATGTCT-1,0.000029,0.066655,0.000029,0.076802,0.319572,0.379101,0.157812
AATGACGTAGGATGTC-1,0.001695,0.001695,0.001695,0.003391,0.63453,0.355298,0.001695
AATGACTGTCAGCCGG-1,0.000047,0.028336,0.000047,0.243165,0.438946,0.240229,0.049229
AATGAGTTCGCATATG-1,0.000111,0.000111,0.000111,0.000222,0.110406,0.546356,0.342684
AATGATGATACGCTAT-1,0.000124,0.000124,0.220194,0.14332,0.161716,0.34272,0.131802
AATGATGCGACTCCTG-1,0.000066,0.10829,0.023425,0.103879,0.084123,0.334773,0.345443
AATGCACCAAGCAATG-1,0.000581,0.000582,0.199554,0.382842,0.14822,0.000582,0.267639
AATGGTCCACCGTTCA-1,0.00008,0.00008,0.00008,0.048632,0.076683,0.257484,0.616962
AATGGTTCTCACAAGC-1,0.000058,0.024618,0.000058,0.044774,0.598229,0.3085,0.023764
AATGTATGGCACTGTA-1,0.000152,0.000152,0.000152,0.000303,0.000455,0.998636,0.000152
AATGTGCCCGAGGTGT-1,0.000103,0.000103,0.000103,0.156223,0.412376,0.369292,0.0618
AATGTTAAGACCCTGA-1,0.020003,0.020003,0.020005,0.040016,0.060019,0.020005,0.819949
AATGTTGTCGTGAGAC-1,0.000043,0.000043,0.000043,0.158421,0.00013,0.799524,0.041795
AATTAAAGGTCGGCGT-1,0.000014,0.848306,0.000014,0.000029,0.144199,0.007422,0.000014
AATTACGAGACCCATC-1,0.000447,0.000447,0.000447,0.140168,0.224698,0.533109,0.100686
AATTACTCGTACGCTC-1,0.00012,0.00012,0.00012,0.00024,0.00036,0.88329,0.11575
AATTATACCCAGCAAG-1,0.000158,0.000158,0.000158,0.20312,0.406726,0.346077,0.043603
AATTCATAAGGGATCT-1,0.00164,0.00164,0.00164,0.00328,0.632192,0.357969,0.00164
AATTCATTGTCATGCA-1,0.000685,0.000685,0.000685,0.458698,0.002055,0.536506,0.000685
AATTCCAACTTGGTGA-1,0.000212,0.000212,0.000212,0.386192,0.000637,0.313628,0.298905
AATTCGATTCGAGGAT-1,0.000833,0.33291,0.000834,0.001667,0.002501,0.660422,0.000834
AATTGAACGCTCTGGT-1,0.000129,0.000129,0.000129,0.274408,0.54417,0.180905,0.000129
AATTGCAGCAATCGAC-1,0.000041,0.010231,0.000041,0.000082,0.508611,0.480557,0.000438
AATTGCGTGGATTACA-1,0.000036,0.000036,0.000036,0.142402,0.000108,0.768214,0.089169
AATTTGGGACATAGTA-1,0.002501,0.002501,0.002501,0.005001,0.007502,0.67942,0.300575
AATTTGGTTCCAAAGA-1,0.000199,0.000199,0.000199,0.293523,0.000598,0.672544,0.032737
ACAAACCATGCGTCCT-1,0.000935,0.000935,0.000935,0.00187,0.002805,0.793027,0.199495
ACAAACCGACAAGGCG-1,0.000207,0.000207,0.000207,0.000414,0.000621,0.998136,0.000207
ACAAAGCATGACCTAG-1,0.000043,0.004668,0.075552,0.225615,0.617837,0.036306,0.039978
ACAAATCGCACCGAAT-1,0.000192,0.20031,0.000192,0.135033,0.198896,0.117309,0.348067
ACAAATGGTAGTGTTT-1,0.00015,0.034875,0.00015,0.015372,0.392215,0.270357,0.286882
ACAAATTCAGATCTGA-1,0.000379,0.000379,0.000379,0.570636,0.197081,0.230767,0.000379
ACAACAGCATGAGCTA-1,0.000068,0.053517,0.000068,0.946008,0.000203,0.000068,0.000068
ACAACGGTCCCTGCGA-1,0.000283,0.000283,0.000283,0.000565,0.000848,0.364983,0.632756
ACAAGCAGTGCCTAGC-1,0.000021,0.054054,0.000021,0.298147,0.422221,0.005111,0.220426
ACAAGGAAATCCGCCC-1,0.003334,0.191131,0.003334,0.201643,0.010003,0.58722,0.003334
ACAAGGACAAGAGGTT-1,0.000027,0.009533,0.004557,0.139855,0.314372,0.405527,0.126129
ACAAGGATGCTTTAGG-1,0.000094,0.000094,0.000094,0.870754,0.117973,0.000094,0.010899
ACAAGGGCAGGCTCTG-1,0.000741,0.000741,0.000741,0.001482,0.209962,0.785592,0.000741
ACAAGTAATTGTAAGG-1,0.000082,0.000082,0.274945,0.128355,0.449643,0.142427,0.004467
ACAATAGTCGTACGTT-1,0.000614,0.000614,0.000614,0.107113,0.220494,0.669939,0.000614
ACAATCCATTTAAACC-1,0.000025,0.020662,0.000025,0.15478,0.303816,0.330626,0.190067
ACAATCGATCTTTATA-1,0.000341,0.000341,0.000341,0.690729,0.294344,0.013561,0.000341
ACAATGAATACGGAGA-1,0.000066,0.000066,0.000066,0.002919,0.175148,0.735467,0.086267
ACAATGATTCTTCTAC-1,0.000162,0.000162,0.000162,0.262367,0.288188,0.38978,0.05918
ACAATTGTGTCTCTTT-1,0.000031,0.009433,0.000038,0.063008,0.412592,0.295306,0.219591
ACAATTTAGGAGGCTC-1,0.000781,0.000781,0.478707,0.298139,0.002344,0.218465,0.000782
ACAATTTGAGCAGTGG-1,0.000362,0.000362,0.000362,0.608363,0.19793,0.192257,0.000362
ACACACCAGGACCAGT-1,0.000015,0.017656,0.012889,0.452659,0.266473,0.077999,0.172308
ACACATGATCAAATCT-1,0.001352,0.077185,0.001352,0.002704,0.265468,0.650588,0.001352
ACACATTGACGCAACA-1,0.000044,0.000044,0.000044,0.424022,0.163944,0.351055,0.060847
ACACCACATAATTAGC-1,0.000038,0.045353,0.000038,0.23282,0.299193,0.40935,0.013208
ACACCCAGCATGCAGC-1,0.000165,0.000165,0.000165,0.212031,0.173546,0.423276,0.190652
ACACCCGAGAAATCCG-1,0.000057,0.043116,0.000057,0.000114,0.265039,0.565454,0.126163
ACACCGAGCGCTCTTT-1,0.000087,0.000087,0.000087,0.406838,0.401836,0.179883,0.011182
ACACCGGTCTGACCGC-1,0.000893,0.000893,0.000893,0.001786,0.002679,0.991962,0.000893
ACACCTTAAGTAGGGC-1,0.000059,0.026476,0.000059,0.167441,0.346676,0.38168,0.07761
ACACCTTACTACTTGC-1,0.000031,0.299564,0.000031,0.01811,0.388668,0.24178,0.051818
ACACGAGACTCCTTCT-1,0.000115,0.000115,0.000115,0.000229,0.000344,0.998969,0.000115
ACACGGCACTATGCAT-1,0.00011,0.00011,0.00011,0.651038,0.042195,0.240119,0.066318
ACACGGGAACTTAGGG-1,0.000083,0.000083,0.000083,0.106312,0.077286,0.791089,0.025064
ACACGTAGGCCACAAG-1,0.000039,0.01205,0.000251,0.000079,0.781566,0.201596,0.004418
ACACTCCAATGTCACT-1,0.000065,0.014236,0.000065,0.000129,0.072074,0.728654,0.184778
ACACTGATCAAGGTGT-1,0.000038,0.172231,0.000038,0.000077,0.503084,0.324323,0.000209
ACAGAACTGAGAACAA-1,0.000042,0.033534,0.000042,0.070897,0.351344,0.374063,0.170078
ACAGATTAGGTTAGTG-1,0.000402,0.000402,0.01418,0.000803,0.001205,0.982607,0.000402
ACAGCATAGAGCCAGT-1,0.000083,0.000083,0.000083,0.000167,0.210712,0.788788,0.000083
ACAGCGACATTCTCAT-1,0.000034,0.000034,0.000034,0.200202,0.641895,0.14826,0.009542
ACAGCGCACCCGCAGC-1,0.000575,0.000575,0.000575,0.181568,0.001725,0.814408,0.000575
ACAGGCACGGATCCTT-1,0.000038,0.049171,0.013294,0.09061,0.537578,0.233631,0.075678
ACAGGCTTGCCCGACT-1,0.000107,0.040763,0.000107,0.000215,0.485919,0.39892,0.073968
ACAGGTGGAGGTGAGG-1,0.000028,0.043158,0.000028,0.205108,0.402986,0.268763,0.07993
ACAGTAATACAACTTG-1,0.000287,0.124685,0.000287,0.000575,0.134601,0.625063,0.114501
ACAGTATACCGTGGGA-1,0.000093,0.088624,0.000093,0.219168,0.316374,0.36346,0.012188
ACATAAGTCGTGGTGA-1,0.001021,0.001021,0.001021,0.002041,0.003062,0.990814,0.001021
ACATCAGCTGGGACGC-1,0.000419,0.075536,0.000419,0.000837,0.523003,0.398591,0.001196
ACATCCTGGTAACTGT-1,0.000039,0.014807,0.000039,0.173797,0.449026,0.254635,0.107656
ACATCGGTCAGCCGCG-1,0.000036,0.037161,0.000039,0.1195,0.40919,0.296203,0.13787
ACATCGTATGCAATGG-1,0.000332,0.120305,0.000332,0.000665,0.228106,0.504271,0.145988
ACATCGTTAACCTAGT-1,0.000526,0.154601,0.000526,0.001053,0.147248,0.48546,0.210585
ACATCTCAACGCGTAA-1,0.000038,0.000038,0.011537,0.727212,0.111698,0.142328,0.007149
ACATGCTTACGGCAGC-1,0.000807,0.000807,0.000807,0.001613,0.00242,0.65001,0.343537
ACATGGCGCCAAAGTA-1,0.000033,0.042772,0.000033,0.075522,0.357256,0.330507,0.193877
ACATGGCTCAATTTAG-1,0.000154,0.000154,0.000154,0.998767,0.000462,0.000154,0.000154
ACCAAACTAGAAATCC-1,0.000126,0.000126,0.000126,0.433679,0.084701,0.449798,0.031444
ACCAACACCACACACT-1,0.000035,0.011635,0.000035,0.446506,0.291937,0.194639,0.055212
ACCAACCGCACTCCAC-1,0.000045,0.029629,0.000045,0.075146,0.416488,0.447975,0.030671
ACCAACGCTTATTTAT-1,0.000024,0.080833,0.000066,0.52875,0.339907,0.027248,0.023172
ACCAAGAACGCGTGTC-1,0.00011,0.00011,0.00011,0.192791,0.227059,0.57971,0.00011
ACCAAGTCATCGGCAG-1,0.000047,0.028922,0.000047,0.241078,0.429395,0.270176,0.030335
ACCAATATGCAAGTTA-1,0.001563,0.001563,0.001563,0.003126,0.568814,0.421808,0.001563
ACCACAACTCAGAACA-1,0.000538,0.000538,0.000538,0.466763,0.001613,0.529454,0.000556
ACCACACGGTTGATGG-1,0.00244,0.00244,0.00244,0.00488,0.220865,0.305198,0.461739
ACCACCAATGTAACAA-1,0.000014,0.146843,0.047976,0.469928,0.275174,0.01514,0.044925
ACCACGTGCAGCTATA-1,0.00137,0.00137,0.00137,0.002741,0.312605,0.081145,0.599399
ACCACTGTTCAAGAAG-1,0.000125,0.000125,0.000125,0.235662,0.000375,0.568604,0.194984
ACCAGACCATAACAAC-1,0.00012,0.079435,0.00012,0.136816,0.054773,0.728279,0.000456
ACCAGCCCGGTCTTTG-1,0.000086,0.072791,0.000086,0.000173,0.000275,0.926502,0.000086
ACCAGTGCCCGGTCAA-1,0.000117,0.036131,0.000117,0.638663,0.037214,0.271985,0.015774
ACCAGTGCGGGAGACG-1,0.000018,0.026084,0.000654,0.357817,0.477891,0.006995,0.130542
ACCATCCGCCAACTAG-1,0.000349,0.000349,0.000349,0.520341,0.083099,0.000349,0.395165
ACCATCGTATATGGTA-1,0.00003,0.029602,0.001558,0.174459,0.649373,0.126496,0.018481
ACCATTAAGGGTGTCA-1,0.000203,0.039788,0.000203,0.075281,0.185473,0.31732,0.381732
ACCCAACGCCCGTGGC-1,0.000226,0.044919,0.000226,0.249827,0.215838,0.371089,0.117875
ACCCACCTACATGCTC-1,0.000031,0.001123,0.000031,0.662346,0.012778,0.107787,0.215905
ACCCATCTTGAGGGTA-1,0.000038,0.055413,0.014285,0.105007,0.615587,0.185131,0.024538
ACCCATTTGTCCCTCT-1,0.000036,0.014677,0.000227,0.000072,0.517144,0.459364,0.008481
ACCCGGATGACGCATC-1,0.000024,0.001647,0.090006,0.324499,0.30696,0.046572,0.230292
ACCCGGTTACACTTCC-1,0.000011,0.983784,0.000011,0.004741,0.011429,0.000011,0.000011
ACCCGTAGCAGAGAAT-1,0.000065,0.000065,0.000065,0.241286,0.000195,0.565672,0.192651
ACCCGTGTCATCAGTA-1,0.000101,0.062006,0.000101,0.023209,0.507294,0.40719,0.000101
ACCCTATAGGACTGAG-1,0.000047,0.000047,0.000047,0.163884,0.332441,0.468586,0.034947
ACCCTATGCCATATCG-1,0.000056,0.010211,0.000056,0.000111,0.355508,0.618867,0.015192
ACCCTCCCGTCAGGGC-1,0.000036,0.032413,0.000036,0.185473,0.166997,0.515546,0.099499
ACCCTCCCTTGCTATT-1,0.000237,0.000237,0.000237,0.000474,0.306281,0.655627,0.036907
ACCCTGGTAACGCCCT-1,0.00006,0.054593,0.00006,0.000119,0.451258,0.49385,0.00006
ACCCTTCATCTGCGAA-1,0.000538,0.000538,0.000538,0.392846,0.001613,0.603389,0.000538
ACCCTTTAGTTCTCCA-1,0.000493,0.000493,0.000493,0.000986,0.503747,0.041361,0.452429
ACCGAAGAGTCTGGTT-1,0.000855,0.000855,0.000855,0.00171,0.002565,0.992305,0.000855
ACCGAGTCTCCTTATT-1,0.00125,0.00125,0.00125,0.002501,0.092005,0.900492,0.00125
ACCGATGGTAGCATCG-1,0.00002,0.010668,0.022921,0.509783,0.185622,0.084027,0.186959
ACCGCAATAACTGCCT-1,0.001053,0.001053,0.001053,0.002106,0.909171,0.084512,0.001053
ACCGCGGTGGAAGTCG-1,0.000035,0.076222,0.004922,0.132829,0.445293,0.196738,0.14396
ACCGGGCCTTTGTTGA-1,0.00002,0.012931,0.011045,0.431269,0.162469,0.213563,0.168703
ACCGGTCAGGTACACC-1,0.001205,0.222671,0.21418,0.00241,0.101669,0.456659,0.001205
ACCGTGACCACGTGGG-1,0.000215,0.143267,0.000215,0.00043,0.152318,0.703339,0.000215
ACCGTTCCCGCTCTGA-1,0.000562,0.023771,0.000562,0.001124,0.209818,0.524552,0.239612
ACCTAAGTACCTTTCA-1,0.00005,0.040945,0.00005,0.071909,0.453286,0.365868,0.067893
ACCTAATCGACTTCCT-1,0.000023,0.000023,0.004294,0.17564,0.400043,0.149092,0.270883
ACCTACAGTATGTGGT-1,0.000025,0.409304,0.001814,0.078052,0.408073,0.029151,0.073581
ACCTCCGCCCTCGCTG-1,0.000015,0.042516,0.001819,0.292594,0.380619,0.178283,0.104155
ACCTCCGTTATTCACC-1,0.000012,0.048083,0.000012,0.488923,0.110641,0.057967,0.294362
ACCTCGAACTTATGCT-1,0.001205,0.001205,0.001205,0.00241,0.306596,0.686173,0.001205
ACCTGCGTGTCATGTT-1,0.000714,0.000715,0.000715,0.091295,0.002144,0.302104,0.602313
ACCTTTCCTTTAGAAG-1,0.000117,0.000117,0.000117,0.39474,0.000351,0.451775,0.152784
ACGAAATGGGCGGCAC-1,0.000006,0.006035,0.000536,0.888026,0.028978,0.01795,0.058469
ACGACTCTAGGGCCGA-1,0.000031,0.002495,0.000031,0.136914,0.217625,0.58186,0.061044
ACGACTGGTCATACTC-1,0.000058,0.000058,0.000058,0.000117,0.00262,0.903965,0.093124
ACGAGAACCCATCACG-1,0.000044,0.000044,0.000044,0.000087,0.214405,0.785334,0.000044
ACGAGATATTTGCTTA-1,0.000278,0.000278,0.000278,0.234131,0.000834,0.615626,0.148576
ACGAGGATACCACTCT-1,0.001852,0.001852,0.001852,0.003705,0.665119,0.24291,0.082709
ACGAGGTTTACAACGT-1,0.001177,0.001177,0.001177,0.643787,0.00353,0.347975,0.001177
ACGAGTACGGATGCCC-1,0.000037,0.04459,0.036019,0.268281,0.385879,0.103307,0.161887
ACGAGTCGCCGGCGTT-1,0.00003,0.00003,0.000302,0.291654,0.444802,0.242582,0.020599
ACGATACATAGAACTA-1,0.003572,0.003572,0.003573,0.268408,0.010717,0.706586,0.003572
ACGATCATCTTGTAAA-1,0.000028,0.004369,0.014298,0.214049,0.434325,0.286515,0.046416
ACGATGCATATGTTAT-1,0.00004,0.083354,0.00004,0.00008,0.664695,0.246375,0.005415
ACGATGGATCCGATGC-1,0.000529,0.061801,0.000529,0.001059,0.623453,0.000529,0.3121
ACGCAAACTAATAGAT-1,0.000043,0.050216,0.000043,0.134368,0.00013,0.784859,0.03034
ACGCAATCACTACAGC-1,0.000042,0.076185,0.000741,0.000084,0.561341,0.342469,0.019139
ACGCATACGTTTACTA-1,0.000039,0.010413,0.000039,0.00334,0.516401,0.444043,0.025725
ACGCCACTCGAAACAG-1,0.00017,0.00017,0.00017,0.000341,0.000511,0.998466,0.00017
ACGCCAGATGATTTCT-1,0.001588,0.001588,0.001588,0.003176,0.004763,0.546753,0.440546
ACGCCCAGCTGTCGAT-1,0.000091,0.000091,0.000091,0.000182,0.000274,0.999179,0.000091
ACGCCGCTAGACGACC-1,0.000051,0.000051,0.000051,0.000102,0.029563,0.970132,0.000051
ACGCGCTACACAGGGT-1,0.000026,0.006497,0.005749,0.244187,0.317985,0.195619,0.229937
ACGCGTTTCTTAAGAG-1,0.000355,0.000355,0.000355,0.000709,0.094163,0.903709,0.000355
ACGCTAGTGATACACT-1,0.00004,0.050094,0.00004,0.163748,0.368923,0.220177,0.196979
ACGCTGTGAGGCGTAG-1,0.000151,0.000151,0.000151,0.01473,0.108036,0.569903,0.306878
ACGCTTAGTGTCTCTC-1,0.000758,0.000758,0.000758,0.623762,0.002273,0.370933,0.000758
ACGGAATTTAGCAAAT-1,0.000058,0.000058,0.000058,0.000116,0.000174,0.997325,0.002212
ACGGACGCAGCGACAA-1,0.000375,0.000375,0.000375,0.482993,0.001124,0.514384,0.000375
ACGGACTCTCAAAGCG-1,0.001539,0.001539,0.001539,0.003078,0.004617,0.98615,0.001539
ACGGAGCGCAAATTAC-1,0.001961,0.224716,0.001961,0.003923,0.005884,0.332932,0.428623
ACGGATGGTGCGGATA-1,0.002858,0.002858,0.002858,0.005716,0.008574,0.974279,0.002858
ACGGCGACGATGGGAA-1,0.000588,0.000588,0.000588,0.001177,0.859385,0.137085,0.000588
ACGGCGGGTTGCCCTG-1,0.000038,0.558386,0.000038,0.000075,0.000113,0.42885,0.012501
ACGGCTGGATGTAGAA-1,0.000516,0.000516,0.000516,0.09367,0.001547,0.649471,0.253766
ACGGGAGTGTCGGCCC-1,0.000041,0.000041,0.000041,0.016121,0.385773,0.503228,0.094755
ACGGGCGTATGCGACA-1,0.000068,0.000068,0.002524,0.23364,0.287459,0.394101,0.082141
ACGGGTCATGTGACTT-1,0.002942,0.002942,0.002942,0.005884,0.008826,0.973522,0.002942
ACGGGTTGTGACCTGT-1,0.000493,0.123427,0.000493,0.000986,0.035219,0.838891,0.000493
ACGGTACAGTTCAATG-1,0.000021,0.004562,0.012095,0.208041,0.342034,0.349861,0.083385
ACGGTCACCGAGAACA-1,0.000562,0.000562,0.000562,0.001124,0.001686,0.994943,0.000562
ACGTACAGATTTCTCT-1,0.000476,0.000476,0.000476,0.000953,0.001429,0.73362,0.262569
ACGTAGATTGCTGATG-1,0.000166,0.000166,0.000166,0.205044,0.328618,0.375056,0.090783
ACGTAGGAGAGTCGCT-1,0.000066,0.000066,0.000066,0.000131,0.000197,0.999409,0.000066
ACGTATTACTCCGATC-1,0.000013,0.000823,0.061762,0.641092,0.280942,0.000013,0.015354
ACGTCCTAAACGAGAT-1,0.000053,0.035131,0.057156,0.315199,0.115638,0.419747,0.057077
ACGTCTCGTTCCGGGA-1,0.000108,0.000108,0.000108,0.427562,0.057617,0.514388,0.000108
ACGTGACAAAGTAAGT-1,0.00023,0.00023,0.00023,0.000461,0.276876,0.721741,0.00023
ACGTGGTCGAATGTGC-1,0.000114,0.000114,0.000114,0.000228,0.000342,0.998973,0.000114
ACGTTAATGTCGAAGA-1,0.000037,0.003819,0.000037,0.000073,0.359736,0.636262,0.000037
ACGTTAGATTTGCCCG-1,0.000036,0.147999,0.01409,0.027621,0.424352,0.321938,0.063964
ACGTTATTGGTCACTC-1,0.000488,0.000488,0.000488,0.427993,0.001464,0.568591,0.000488
ACGTTCGCAATCAATT-1,0.000015,0.119053,0.054904,0.322592,0.383056,0.029336,0.091045
ACGTTCGTTCAGGAAA-1,0.000012,0.006809,0.103003,0.837931,0.051782,0.000012,0.00045
ACGTTCTGTACAAGTC-1,0.000062,0.092773,0.000062,0.000124,0.544987,0.361929,0.000062
ACGTTTAGTTGTGATC-1,0.003126,0.003126,0.003126,0.006252,0.600213,0.381032,0.003126
ACTAATACGTCAGGCG-1,0.000412,0.000412,0.000412,0.876221,0.001235,0.120898,0.000412
ACTACATCCCGACAAG-1,0.001613,0.001613,0.001613,0.003227,0.00484,0.615816,0.371277
ACTACCAGCTCTCTGG-1,0.000037,0.08304,0.000083,0.195829,0.457918,0.114318,0.148774
ACTAGTTGCGATCGTC-1,0.000043,0.067943,0.027876,0.126302,0.463725,0.202038,0.112073
ACTATATGCTGTGTTC-1,0.003031,0.003031,0.122164,0.006063,0.735128,0.127552,0.003031
ACTATCCAGGGCATGG-1,0.000037,0.051918,0.000037,0.047763,0.576976,0.267362,0.055907
ACTATCTGCCCGCGTA-1,0.000037,0.113828,0.000037,0.090821,0.460925,0.300013,0.034339
ACTATGTCCAGCTGCC-1,0.00007,0.00007,0.144224,0.621994,0.019438,0.015265,0.198939
ACTATTCGTCCGTGGT-1,0.000157,0.000157,0.000157,0.253874,0.00047,0.722058,0.023128
ACTATTTCCGGGCCCA-1,0.000073,0.042638,0.000073,0.381064,0.336905,0.120754,0.118492
ACTCAACGAATGTATT-1,0.000103,0.000103,0.000103,0.030426,0.009789,0.872934,0.086542
ACTCAAGTGCAAGGCT-1,0.000351,0.000351,0.000351,0.352411,0.35579,0.290395,0.000351
ACTCAATAAAGGCACG-1,0.000078,0.000078,0.000078,0.148777,0.000233,0.806356,0.044401
ACTCAGACCTGCTTCT-1,0.000043,0.001959,0.000043,0.298925,0.122051,0.568942,0.008037
ACTCATGGCAGCCTTC-1,0.000971,0.000971,0.000971,0.001942,0.002913,0.99126,0.000971
ACTCCAATATCATCAT-1,0.000183,0.008187,0.000183,0.273472,0.352363,0.362937,0.002676
ACTCCCATTCCTAAAG-1,0.00164,0.00164,0.00164,0.00328,0.825385,0.164776,0.00164
ACTCCCGAATTCGTTT-1,0.000035,0.006723,0.000035,0.101097,0.482737,0.234996,0.174377
ACTCCCTAATGCTAAA-1,0.000389,0.000389,0.000389,0.139059,0.29589,0.563494,0.000389
ACTCCCTAGAATAGTA-1,0.000041,0.000041,0.000041,0.000082,0.00178,0.997975,0.000041
ACTCCGGCCGACCACT-1,0.000164,0.000164,0.000164,0.035696,0.620789,0.34286,0.000164
ACTCGATGTATTTCAT-1,0.000331,0.000331,0.000331,0.963461,0.000994,0.03422,0.000331
ACTCGCCGTTCGATAA-1,0.000041,0.038972,0.000041,0.210871,0.079099,0.62555,0.045425
ACTCGTAACCCGTCCT-1,0.000032,0.048431,0.001477,0.361604,0.275549,0.198361,0.114545
ACTCGTCAGTAATCCC-1,0.000115,0.005583,0.000115,0.662708,0.163904,0.144293,0.023282
ACTCTCTGACTTAGGT-1,0.000034,0.000034,0.000034,0.451085,0.000102,0.000034,0.548677
ACTCTCTTATACACGA-1,0.000259,0.063581,0.000259,0.751095,0.085478,0.000259,0.099069
ACTCTGACCTAATAGA-1,0.000022,0.047338,0.01472,0.365336,0.251356,0.23195,0.089278
ACTCTTGTATAGTAAC-1,0.00008,0.00008,0.00008,0.000161,0.307507,0.692011,0.00008
ACTGAAACGCCGTTAG-1,0.000027,0.000027,0.000027,0.631272,0.327708,0.022897,0.018042
ACTGAATGGCGAAAGT-1,0.000071,0.000071,0.000071,0.000142,0.019458,0.362952,0.617236
ACTGATTTAGTGATTC-1,0.000909,0.000909,0.000909,0.992725,0.002728,0.000909,0.000909
ACTGCCCGCCATTCTC-1,0.000209,0.000209,0.000209,0.342905,0.364275,0.244651,0.047542
ACTGCCGTCGTAACTC-1,0.000326,0.000326,0.000326,0.752666,0.000977,0.245053,0.000326
ACTGCTCGGAAGGATG-1,0.000172,0.000172,0.000172,0.168789,0.231072,0.598709,0.000913
ACTGTACGATACACAT-1,0.001191,0.001191,0.316204,0.002382,0.676651,0.001191,0.001191
ACTGTAGCACTTTGGA-1,0.000037,0.029873,0.000037,0.113413,0.496799,0.205157,0.154685
ACTGTATACGCGAGCA-1,0.00004,0.006726,0.00004,0.056447,0.094004,0.693064,0.149678
ACTGTGCTAGTAGATC-1,0.000049,0.037129,0.000049,0.000097,0.402814,0.559813,0.000049
ACTGTTTAGTGTAGGC-1,0.000112,0.007146,0.000112,0.000223,0.300825,0.591729,0.099854
ACTTACCGGGCGCGCA-1,0.002942,0.002942,0.002942,0.005884,0.504386,0.477962,0.002942
ACTTACGCATCCACGC-1,0.003847,0.003847,0.003847,0.007694,0.011542,0.965376,0.003847
ACTTAGTACGACAAGA-1,0.000021,0.082411,0.106918,0.460929,0.34046,0.009239,0.000021
ACTTATACTTACCCGG-1,0.000011,0.022863,0.002565,0.594034,0.149285,0.051145,0.180097
ACTTATCTGATCTATA-1,0.000098,0.000098,0.000098,0.000196,0.311911,0.683223,0.004376
ACTTATTAGGATCGGT-1,0.000028,0.494814,0.000028,0.000055,0.50502,0.000028,0.000028
ACTTATTTATGTGCCA-1,0.00002,0.098788,0.005102,0.131593,0.265915,0.18297,0.315611
ACTTCAGGCTGATCCC-1,0.000971,0.000971,0.000971,0.501321,0.335513,0.153369,0.006883
ACTTCCATGCGGGACA-1,0.002041,0.002042,0.002041,0.463564,0.41896,0.10931,0.002041
ACTTCGCCATACGCAC-1,0.000518,0.109954,0.000518,0.001037,0.090286,0.591821,0.205865
ACTTGACTCCCTCTTT-1,0.000582,0.000582,0.000582,0.001163,0.001745,0.994766,0.000582
ACTTGGGACCCGGTGG-1,0.000019,0.648511,0.000019,0.000039,0.13988,0.202499,0.009033
ACTTGGGCTTTCGCCA-1,0.000355,0.000355,0.254163,0.227984,0.386578,0.130211,0.000355
ACTTGTAGTCCCTTCA-1,0.000603,0.000603,0.000603,0.001205,0.001808,0.994577,0.000603
ACTTGTGGATGGAACG-1,0.000045,0.016724,0.000045,0.069493,0.625632,0.208101,0.07996
ACTTTACCCTCATGAA-1,0.000018,0.014609,0.136881,0.486674,0.293516,0.020694,0.047609
ACTTTATACACCACTT-1,0.000148,0.000148,0.000148,0.730487,0.000443,0.108543,0.160084
ACTTTGACTGCATCCT-1,0.000453,0.000453,0.000453,0.000905,0.218654,0.77863,0.000453
ACTTTGGTCGTGCTCC-1,0.001282,0.001282,0.001282,0.002565,0.003847,0.988458,0.001282
AGAAATTATGACTCGC-1,0.00004,0.16423,0.00004,0.123259,0.28033,0.354012,0.078089
AGAACACGGCGATGGT-1,0.000559,0.000559,0.000559,0.001118,0.001676,0.834464,0.161066
AGAACCCTCAATTGGG-1,0.004546,0.004546,0.004546,0.009094,0.013639,0.959081,0.004547
AGAACGTGGTACATTC-1,0.000408,0.000408,0.569497,0.302822,0.126047,0.000408,0.000408
AGAAGAGCGCCGTTCC-1,0.00007,0.00007,0.00007,0.442502,0.135794,0.096633,0.324863
AGAAGGTACACTTCAC-1,0.001124,0.001124,0.001124,0.201891,0.147161,0.646452,0.001124
AGAAGGTTGCCGAATT-1,0.00004,0.059127,0.00004,0.00008,0.526483,0.400803,0.013428
AGAAGGTTGTAGGTCG-1,0.001177,0.001177,0.001177,0.425077,0.00353,0.566686,0.001177
AGAAGTGATTCGTGAT-1,0.000042,0.013077,0.000042,0.151566,0.177927,0.569833,0.087513
AGAATAAATCTTCAGG-1,0.000197,0.083778,0.000197,0.022404,0.056591,0.384102,0.452731
AGAATGCGGGTTCGGA-1,0.002041,0.002041,0.002041,0.19847,0.560712,0.232652,0.002041
AGAATTATGGATTCGA-1,0.000023,0.029558,0.06056,0.185615,0.289009,0.118768,0.316466
AGAATTGTTTGACATA-1,0.000022,0.008997,0.013952,0.662553,0.089623,0.211904,0.012949
AGACAGCTCAGAATCC-1,0.000603,0.000603,0.000603,0.490299,0.001808,0.480635,0.02545
AGACCAAACCACACCT-1,0.000433,0.059149,0.000433,0.063823,0.001299,0.87443,0.000433
AGACCATGGGATACAA-1,0.000023,0.000023,0.000023,0.622526,0.000769,0.055589,0.321045
AGACCGCTCCGCGGTT-1,0.000045,0.168053,0.000045,0.040414,0.508196,0.237672,0.045575
AGACCGGGAAACCCTG-1,0.000155,0.000155,0.000155,0.00031,0.220332,0.463375,0.315517
AGACGAAGTGCCGGTC-1,0.000026,0.004185,0.000636,0.335768,0.337846,0.11294,0.208599
AGACGACGATGCCGCT-1,0.000021,0.007035,0.008611,0.904767,0.079523,0.000021,0.000021
AGACGGGATTGGTATA-1,0.000182,0.000182,0.000182,0.000363,0.000545,0.998366,0.000182
AGACGGGCCGATTTAA-1,0.000255,0.000255,0.000255,0.241055,0.082477,0.276977,0.398726
AGACTAGCCTTCCAGA-1,0.000049,0.039634,0.012426,0.000098,0.44418,0.481871,0.021742
AGACTGTTACCGGGTC-1,0.000079,0.034522,0.000079,0.007583,0.034321,0.918811,0.004604
AGAGAACCGTCTAGGA-1,0.000099,0.019261,0.000206,0.084476,0.21416,0.271041,0.410756
AGAGAAGGAGTACAAT-1,0.000226,0.03242,0.000226,0.375526,0.221974,0.369404,0.000226
AGAGATCTCTAAAGCG-1,0.000121,0.000121,0.000121,0.011406,0.000362,0.311862,0.676007
AGAGCAGTTATGAGAC-1,0.000049,0.000049,0.000049,0.40247,0.000148,0.100733,0.4965
AGAGCCGCCGAGATTT-1,0.000047,0.030088,0.000047,0.000093,0.726688,0.241265,0.001772
AGAGCGTACAAGCTCG-1,0.000055,0.026053,0.031553,0.733675,0.148196,0.000055,0.060414
AGAGCTACGAAAGCAT-1,0.000108,0.000108,0.000108,0.000215,0.000323,0.939944,0.059195
AGAGGCTTCGGAAACC-1,0.000019,0.0013,0.013871,0.339192,0.530707,0.024088,0.090823
AGAGTAAACTTCACTA-1,0.000037,0.022543,0.000037,0.123932,0.451158,0.306295,0.095998
AGAGTTAGAGACCGAT-1,0.003031,0.003031,0.003031,0.006062,0.009094,0.859651,0.1161
AGATAACTTCAGGGCC-1,0.000032,0.123445,0.000032,0.046923,0.395226,0.374319,0.060021
AGATAATCACACCTAT-1,0.000629,0.000629,0.385188,0.046414,0.565881,0.000629,0.000629
AGATACCAATAGAACC-1,0.00004,0.003128,0.024941,0.082717,0.500496,0.34053,0.048149
