Barcode,Topic 1,Topic 2,Topic 3,Topic 4to5,Topic 6,Topic 7,Topic 8to9
AAACAACGAATAGTTC-1,0.000096,0.000096,0.235407,0.49999,0.000096,0.138068,0.126247
AAACAAGTATCTCCCA-1,0.000039,0.000039,0.158082,0.221106,0.089531,0.303999,0.227203
AAACACCAATAACTGC-1,0.000026,0.000026,0.534146,0.302611,0.021673,0.006559,0.134959
AAACAGAGCGACTCCT-1,0.001883,0.001883,0.34767,0.003769,0.001885,0.508989,0.133921
AAACAGCTTTCAGAAG-1,0.000015,0.000015,0.000015,0.961769,0.000015,0.000772,0.037398
AAACAGGGTCTATATT-1,0.000024,0.000024,0.000702,0.601751,0.000024,0.113433,0.284042
AAACATTTCCCGGATT-1,0.000073,0.000073,0.060889,0.273797,0.016472,0.102629,0.546067
AAACCGGGTAGGTACC-1,0.001792,0.001792,0.243579,0.745663,0.001793,0.001793,0.003587
AAACCGTTCGTCCAGG-1,0.000021,0.000021,0.08358,0.099213,0.045705,0.082101,0.689358
AAACCTAAGCAGCCGG-1,0.000055,0.000055,0.050894,0.541571,0.08175,0.143772,0.181902
AAACCTCATGAAGTTG-1,0.000054,0.000054,0.028477,0.971197,0.000054,0.000054,0.000109
AAACGAAGATGGAGTA-1,0.000035,0.000035,0.334465,0.061133,0.060969,0.130897,0.412465
AAACGAGACGGTTGAT-1,0.000229,0.000229,0.000229,0.868971,0.000229,0.021506,0.108608
AAACGGGTTGGTATCC-1,0.000114,0.000114,0.254997,0.342125,0.003907,0.235038,0.163705
AAACGGTTGCGAACTG-1,0.000072,0.000072,0.859578,0.13272,0.007342,0.000072,0.000144
AAACTAACGTGGCGAC-1,0.000061,0.000061,0.040911,0.336129,0.000061,0.150407,0.472368
AAACTCGGTTCGCAAT-1,0.000019,0.000019,0.052112,0.000958,0.925929,0.004095,0.016867
AAACTGCTGGCTCCAA-1,0.000233,0.000233,0.000234,0.874637,0.051647,0.072548,0.000467
AAACTTAATTGCACGC-1,0.000035,0.000035,0.734065,0.004694,0.261064,0.000035,0.000071
AAACTTGCAAACGTAT-1,0.000389,0.000389,0.000389,0.912516,0.000389,0.085152,0.000778
AAAGACTGGGCGCTTT-1,0.000191,0.000191,0.000191,0.848557,0.000191,0.059546,0.091134
AAAGGGATGTAGCAAG-1,0.000026,0.000026,0.042695,0.82271,0.000026,0.115662,0.018855
AAAGGGCAGCTTGAAT-1,0.000164,0.000164,0.000164,0.339127,0.047892,0.144326,0.468162
AAAGGTAAGCTGTACC-1,0.000646,0.000646,0.000646,0.503197,0.000646,0.291027,0.203191
AAAGTAGCATTGCTCA-1,0.000189,0.000189,0.000189,0.751647,0.075849,0.001229,0.170707
AAAGTCGACCCTCAGT-1,0.000089,0.000089,0.000089,0.737768,0.000089,0.261696,0.000179
AAAGTGTGATTTATCT-1,0.000191,0.000191,0.000191,0.604499,0.000191,0.243983,0.150752
AAAGTTGACTCCCGTA-1,0.000077,0.000077,0.000077,0.541095,0.000077,0.147476,0.31112
AAATAACCATACGGGA-1,0.000558,0.000558,0.045905,0.605736,0.312184,0.03394,0.001117
AAATACCTATAAGCAT-1,0.000349,0.000349,0.00035,0.76541,0.00035,0.223007,0.010185
AAATAGCTTAGACTTT-1,0.000039,0.000039,0.175033,0.37324,0.000039,0.278347,0.173263
AAATAGGGTGCTATTG-1,0.00011,0.00011,0.00011,0.844004,0.00011,0.14179,0.013764
AAATCCGATACACGCC-1,0.000089,0.000089,0.154782,0.50682,0.000089,0.104482,0.233649
AAATCGCGGAAGGAGT-1,0.000017,0.000017,0.000017,0.000034,0.313107,0.000017,0.686791
AAATCTAGCCCTGCTA-1,0.00013,0.00013,0.394266,0.163724,0.00013,0.12147,0.320149
AAATGCTCGTTACGTT-1,0.000036,0.000036,0.07878,0.425461,0.004242,0.378391,0.113053
AAATGGCATGTCTTGT-1,0.000487,0.000487,0.009429,0.587845,0.141032,0.000488,0.260231
AAATGGCCCGTGCCCT-1,0.000383,0.000383,0.140478,0.489531,0.000383,0.148793,0.220049
AAATGTATCTTATCCC-1,0.000028,0.000028,0.000028,0.848091,0.022823,0.098481,0.030521
AAATTAATAAGCGCGA-1,0.000016,0.000016,0.128463,0.818026,0.047313,0.004561,0.001605
AAATTACACGACTCTG-1,0.001406,0.001407,0.001408,0.632083,0.188743,0.172138,0.002815
AAATTACCTATCGATG-1,0.000064,0.000064,0.038409,0.258667,0.000064,0.064517,0.638214
AAATTGATAGTCCTTT-1,0.000249,0.000249,0.29655,0.320837,0.000249,0.164244,0.217622
AAATTGCGGCGGTTCT-1,0.000029,0.000029,0.039314,0.776767,0.011363,0.115511,0.056987
AAATTTACCGAAATCC-1,0.000173,0.000173,0.351335,0.313543,0.000173,0.02516,0.309443
AAATTTGCGGGTGTGG-1,0.000119,0.000119,0.074828,0.588255,0.000119,0.155113,0.181448
AACAACTGGTAGTTGC-1,0.00031,0.00031,0.00031,0.351635,0.16884,0.167854,0.310742
AACAATTACTCTACGC-1,0.000199,0.000199,0.054689,0.328538,0.000199,0.198292,0.417883
AACACACGCTCGCCGC-1,0.000717,0.000717,0.25347,0.225989,0.232684,0.000717,0.285706
AACACGACTGTACTGA-1,0.000218,0.000218,0.129151,0.207578,0.000218,0.000218,0.662397
AACACGAGACGCGGCC-1,0.000294,0.000294,0.000294,0.459279,0.000294,0.174476,0.365069
AACACGCGGCCGCGAA-1,0.000119,0.000119,0.013294,0.400085,0.000119,0.21978,0.366483
AACAGCTGTGTGGCAA-1,0.000108,0.000108,0.238733,0.554852,0.018128,0.02683,0.161241
AACAGGAAATCGAATA-1,0.000079,0.000079,0.082835,0.654265,0.04415,0.053799,0.164793
AACAGGATGGGCCGCG-1,0.00002,0.00002,0.01775,0.104882,0.003023,0.090044,0.784263
AACAGGTAGTATGGAT-1,0.000109,0.000109,0.124838,0.290859,0.000109,0.321148,0.26283
AACATATCAACTGGTG-1,0.000078,0.000078,0.076394,0.396731,0.000078,0.300925,0.225716
AACATTGGTCAGCCGT-1,0.000085,0.000085,0.259746,0.72945,0.000085,0.000085,0.010462
AACCAAGACTTCTCTG-1,0.001038,0.001039,0.001039,0.774035,0.001039,0.001039,0.22077
AACCAGTATCACTCTT-1,0.000534,0.000534,0.104108,0.212893,0.000535,0.000535,0.680861
AACCATAGGGTTGAAC-1,0.000052,0.000052,0.977825,0.000103,0.021813,0.000052,0.000103
AACCATGGGATCGCTA-1,0.001852,0.001853,0.001853,0.887333,0.10155,0.001853,0.003706
AACCCAGAGACGGAGA-1,0.000085,0.000085,0.040665,0.147371,0.239742,0.13161,0.440442
AACCCATCCCATGATC-1,0.000011,0.000011,0.172326,0.180459,0.139503,0.036825,0.470865
AACCCTACTGTCAATA-1,0.000057,0.000057,0.006263,0.465037,0.000057,0.116056,0.412474
AACCGAGCTTGGTCAT-1,0.00005,0.00005,0.143647,0.71539,0.00005,0.013158,0.127657
AACCGCTAAGGGATGC-1,0.001984,0.001984,0.001986,0.396419,0.001985,0.001985,0.593656
AACCGTTGTGTTTGCT-1,0.000033,0.000033,0.12113,0.61777,0.000033,0.071145,0.189857
AACCTCGCTTTAGCCC-1,0.000036,0.000036,0.35226,0.372419,0.202937,0.028644,0.043667
AACCTTTAAATACGGT-1,0.000079,0.000079,0.017369,0.442387,0.032852,0.122458,0.384776
AACCTTTACGACGTCT-1,0.002525,0.002525,0.628295,0.005054,0.002527,0.354018,0.005055
AACGAAAGTCGTCCCA-1,0.000033,0.000033,0.437403,0.148105,0.05734,0.034281,0.322806
AACGATAATGCCGTAG-1,0.000093,0.000093,0.000093,0.289278,0.000093,0.055973,0.654375
AACGATATGTCAACTG-1,0.000145,0.000145,0.024958,0.502903,0.000145,0.250449,0.221256
AACGCATGATCTGGGT-1,0.000115,0.000115,0.016201,0.687345,0.035316,0.125667,0.135242
AACGCGAACGGCAACA-1,0.000016,0.000016,0.011932,0.042087,0.029581,0.001165,0.915203
AACGCGGTCTCCAGCC-1,0.000039,0.000039,0.152284,0.401393,0.191241,0.05868,0.196325
AACGCTGTTGCTGAAA-1,0.00007,0.00007,0.47485,0.148061,0.000767,0.313353,0.062829
AACGGACGTACGTATA-1,0.000512,0.000512,0.086209,0.364322,0.05649,0.49093,0.001025
AACGGCCATCTCCGGT-1,0.000159,0.000159,0.175626,0.547625,0.000159,0.000159,0.276111
AACGTACTGTGGGTAC-1,0.000258,0.000258,0.486839,0.432734,0.000259,0.000259,0.079393
AACGTCAGACTAGTGG-1,0.000556,0.000556,0.000556,0.308768,0.248788,0.294069,0.146708
AACGTGATGAAGGACA-1,0.000646,0.000646,0.000646,0.001293,0.000646,0.000646,0.995476
AACGTGCGAAAGTCTC-1,0.000083,0.000083,0.067883,0.775889,0.000083,0.055108,0.100871
AACGTTATCAGCACCT-1,0.000027,0.000027,0.032358,0.406738,0.000027,0.057927,0.502895
AACTACCCGTTTGTCA-1,0.000067,0.000067,0.024875,0.238493,0.000067,0.511572,0.22486
AACTAGGCTTGGGTGT-1,0.000018,0.000018,0.042445,0.402857,0.000278,0.113292,0.441093
AACTCAAGTTAATTGC-1,0.000201,0.000201,0.188389,0.228849,0.000201,0.367396,0.214762
AACTCCAGAGCGTGTT-1,0.000132,0.000132,0.000132,0.179919,0.000132,0.082581,0.736973
AACTCCTAATCCCATG-1,0.003704,0.003704,0.54141,0.436357,0.003706,0.003707,0.007413
AACTCGATAAACACGT-1,0.00005,0.00005,0.15659,0.740765,0.00005,0.102396,0.0001
AACTCGATGGCGCAGT-1,0.00161,0.001611,0.250891,0.420223,0.001611,0.001612,0.322443
AACTCTCAATAGAGCG-1,0.000033,0.000033,0.000033,0.278011,0.000033,0.040133,0.681723
AACTCTCAGTGTGCTC-1,0.000514,0.000514,0.000515,0.315404,0.000515,0.195801,0.486737
AACTGAGGTCAGCGTC-1,0.00008,0.00008,0.002035,0.235637,0.118481,0.260062,0.383626
AACTGATATTAGGCCT-1,0.000342,0.000342,0.000342,0.801881,0.117527,0.040768,0.038797
AACTGGGTCCCGACGT-1,0.000054,0.000054,0.161297,0.727869,0.000054,0.031365,0.079308
AACTTCTGCGTCTATC-1,0.00004,0.00004,0.00004,0.319142,0.00004,0.00004,0.680659
AACTTGCCCGTATGCA-1,0.000053,0.000053,0.000053,0.223332,0.000053,0.132505,0.64395
AACTTGCGTTCTCGCG-1,0.000717,0.000717,0.000717,0.555431,0.000717,0.000717,0.440983
AACTTTACGGGAGCTT-1,0.000037,0.000037,0.070278,0.84471,0.000037,0.021739,0.063162
AAGAAGGATCAGTTAG-1,0.000475,0.000475,0.000475,0.462161,0.171318,0.279988,0.085109
AAGACCAAATAACTCA-1,0.000139,0.000139,0.651366,0.277575,0.000139,0.000139,0.070502
AAGACTAACCCGTTGT-1,0.000665,0.000665,0.000666,0.672016,0.116228,0.000666,0.209093
AAGACTGCAAGCTACT-1,0.000034,0.000034,0.032745,0.864237,0.000034,0.086865,0.016052
AAGAGATGAATCGGTA-1,0.000064,0.000064,0.000064,0.259495,0.000064,0.160187,0.580062
AAGAGCTCTTTATCGG-1,0.0002,0.0002,0.0002,0.667001,0.0002,0.015342,0.316858
AAGAGGATGTACGCGA-1,0.001029,0.001029,0.00103,0.421282,0.00103,0.477424,0.097177
AAGAGGCATGGATCGC-1,0.000248,0.000248,0.000248,0.652676,0.000248,0.301378,0.044954
AAGATGGCACCGGACC-1,0.000157,0.000157,0.108475,0.373411,0.107436,0.132947,0.277415
AAGATTGGCGGAACGT-1,0.000294,0.000294,0.02779,0.291466,0.066972,0.112682,0.500502
AAGCACCCTGCGTATC-1,0.000028,0.000029,0.161549,0.207406,0.320695,0.015835,0.294457
AAGCATACTCTCCTGA-1,0.000214,0.000214,0.177611,0.422537,0.000214,0.278165,0.121046
AAGCCGAAGCGGTTTA-1,0.000102,0.000102,0.074265,0.18017,0.000102,0.322913,0.422346
AAGCGCAGGGCTTTGA-1,0.000142,0.000142,0.417502,0.267051,0.018507,0.24282,0.053837
AAGCGGCGTCATGGGT-1,0.003831,0.003834,0.003834,0.461666,0.003834,0.515333,0.007668
AAGCGTCCCTCATCGA-1,0.000228,0.000228,0.000228,0.342059,0.000228,0.201847,0.455183
AAGCTAGATCGAGTAA-1,0.000115,0.000115,0.000115,0.33972,0.000115,0.03509,0.62473
AAGCTCGTGCCAAGTC-1,0.000064,0.000064,0.009189,0.718062,0.000064,0.088453,0.184105
AAGCTCTTTCATGGTG-1,0.000156,0.000156,0.099561,0.551885,0.000156,0.347776,0.000311
AAGGATCGATCGCTTG-1,0.000027,0.000027,0.060528,0.28257,0.032864,0.465993,0.157991
AAGGATGAGGGACCTC-1,0.000116,0.000116,0.013595,0.504191,0.000116,0.028829,0.453038
AAGGCGCGTAAAGCTT-1,0.000296,0.000296,0.000297,0.574108,0.000297,0.173582,0.251124
AAGGCTGTGCTCATCG-1,0.000053,0.000053,0.049297,0.401026,0.000053,0.376032,0.173487
AAGGGAACGACTGGCT-1,0.000035,0.000035,0.485726,0.06143,0.402889,0.000035,0.049852
AAGGGACAGATTCTGT-1,0.000077,0.000077,0.000078,0.011573,0.000078,0.000078,0.98804
AAGGGACTATGCATTC-1,0.00003,0.00003,0.629417,0.202593,0.063738,0.035086,0.069105
AAGGGTTTGATTTCAG-1,0.000298,0.000298,0.358938,0.103379,0.141387,0.209571,0.186129
AAGGTATCCTAATATA-1,0.00101,0.00101,0.041548,0.390702,0.001011,0.562697,0.002022
AAGGTGATAAACCAGC-1,0.001089,0.001089,0.328758,0.52267,0.00109,0.00109,0.144213
AAGTAAGCTTCCAAAC-1,0.000166,0.000166,0.000166,0.475304,0.062083,0.241399,0.220716
AAGTAGTGACGCGAGG-1,0.000021,0.000021,0.000021,0.000041,0.000021,0.041225,0.958652
AAGTCAATTGTCGTCA-1,0.000163,0.000163,0.116561,0.419061,0.000163,0.228399,0.23549
AAGTCTTCTGTGGCCT-1,0.000081,0.000081,0.096615,0.796465,0.000081,0.053369,0.053308
AAGTGACGACCGAATT-1,0.003472,0.003472,0.003475,0.643171,0.003477,0.194225,0.148708
AAGTGCAAAGGTAGAC-1,0.000022,0.000022,0.04289,0.327586,0.000022,0.000022,0.629436
AAGTGCCTTGACTGTA-1,0.000058,0.000058,0.031224,0.340173,0.000058,0.377937,0.250491
AAGTGCGTTAGAATCT-1,0.000299,0.000299,0.000299,0.608776,0.000299,0.240249,0.14978
AAGTGTTTGGAGACGG-1,0.000108,0.000108,0.000108,0.876267,0.000108,0.116665,0.006638
AAGTTCACTCCAAGCT-1,0.000324,0.000324,0.000324,0.463846,0.000324,0.33202,0.202837
AAGTTCAGTCTGCGTA-1,0.000143,0.000143,0.000143,0.340026,0.000143,0.115209,0.544193
AAGTTCGGCCAACAGG-1,0.000158,0.000158,0.14665,0.609696,0.000158,0.126375,0.116806
AAGTTTACTAATGGCA-1,0.000037,0.000037,0.283596,0.67959,0.035648,0.000037,0.001054
AATAACAACGCTCGGC-1,0.000053,0.000053,0.000053,0.24576,0.000053,0.057037,0.696989
AATAACACTAGAACAA-1,0.000134,0.000134,0.000134,0.449208,0.000134,0.223232,0.327023
AATACAATGTTTCAGG-1,0.000029,0.000029,0.000029,0.185015,0.000029,0.000029,0.814841
AATAGAACAGAGTGGC-1,0.000099,0.000099,0.058047,0.30493,0.052903,0.128138,0.455784
AATAGAATCTGTTTCA-1,0.00095,0.00095,0.00095,0.667934,0.208733,0.118583,0.001901
AATAGCAAGCCTCCTG-1,0.000209,0.000209,0.049558,0.437409,0.000209,0.330376,0.182029
AATAGTCCGTCCCGAC-1,0.000243,0.000243,0.227841,0.274644,0.031757,0.223519,0.241753
AATAGTCGCGAGTCGG-1,0.000032,0.000032,0.112673,0.887135,0.000032,0.000032,0.000064
AATATCGAATCAATGC-1,0.000085,0.000085,0.094497,0.142535,0.000085,0.443645,0.31907
AATATCGAGGGTTCTC-1,0.000304,0.000304,0.000305,0.584184,0.000305,0.326665,0.087933
AATATTGGAGTATTGA-1,0.001195,0.001195,0.001196,0.553199,0.001196,0.001196,0.440824
AATCAGACTGCAGGAC-1,0.000099,0.000099,0.221251,0.428538,0.03722,0.312594,0.000199
AATCATGTAAAGACTC-1,0.000158,0.000158,0.675836,0.11156,0.031009,0.095351,0.085928
AATCCATGCAAGGGTG-1,0.000992,0.000992,0.000993,0.67746,0.265918,0.000993,0.052653
AATCGCCTCAGCGCCA-1,0.000166,0.000166,0.007822,0.679708,0.000166,0.137634,0.174338
AATCGCGCAGAGGACT-1,0.000081,0.000081,0.033286,0.229854,0.008901,0.55917,0.168626
AATCGGGACACTACGA-1,0.00031,0.00031,0.038463,0.959679,0.00031,0.00031,0.000619
AATCTAGGTTTACTTG-1,0.000288,0.000288,0.088202,0.455904,0.000288,0.247382,0.207648
AATCTATGCCGGAGCC-1,0.000072,0.000072,0.220245,0.144224,0.005176,0.51832,0.111891
AATCTCTACTGTGGTT-1,0.000903,0.000904,0.000904,0.846825,0.000904,0.147752,0.001808
AATCTGCGTTGGGACG-1,0.000012,0.000012,0.000012,0.109948,0.000012,0.020901,0.869104
AATCTGGCTTTCTAGT-1,0.000507,0.000508,0.134366,0.702899,0.000508,0.000508,0.160705
AATGACAGCAATGTCT-1,0.001068,0.001068,0.001069,0.333479,0.001069,0.660107,0.002138
AATGACGTAGGATGTC-1,0.000418,0.000418,0.122267,0.697667,0.021695,0.156699,0.000836
AATGAGTTCGCATATG-1,0.002315,0.002315,0.381216,0.604888,0.002316,0.002317,0.004633
AATGATGATACGCTAT-1,0.000708,0.000708,0.171384,0.523478,0.134648,0.000708,0.168366
AATGATGCGACTCCTG-1,0.000121,0.000121,0.05129,0.292227,0.000121,0.405017,0.251102
AATGCACCAAGCAATG-1,0.000751,0.000751,0.416059,0.25967,0.000751,0.000751,0.321266
AATGGTCCACCGTTCA-1,0.00014,0.00014,0.00014,0.793177,0.00014,0.205984,0.00028
AATGGTTCTCACAAGC-1,0.000336,0.000336,0.061124,0.383459,0.000336,0.433829,0.120581
AATGTATGGCACTGTA-1,0.000114,0.000114,0.32499,0.000228,0.640554,0.000114,0.033886
AATGTGCCCGAGGTGT-1,0.00028,0.00028,0.066582,0.096516,0.00028,0.00028,0.835782
AATTAAAGGTCGGCGT-1,0.000079,0.000079,0.071689,0.123863,0.000079,0.474568,0.329644
AATTAACGGATTTCCA-1,0.00004,0.00004,0.223009,0.464613,0.00004,0.044182,0.268076
AATTACGAGACCCATC-1,0.000274,0.000274,0.39986,0.000548,0.490081,0.108416,0.000548
AATTACTCGTACGCTC-1,0.000029,0.000029,0.045937,0.831893,0.000029,0.000029,0.122052
AATTAGCGCTGCAGCG-1,0.000051,0.000051,0.006673,0.632246,0.026536,0.283028,0.051414
AATTCATAAGGGATCT-1,0.000958,0.000958,0.000959,0.477757,0.137306,0.000959,0.381105
AATTCATTGTCATGCA-1,0.000101,0.000101,0.033326,0.712363,0.253805,0.000101,0.000202
AATTCCAACTTGGTGA-1,0.000082,0.000082,0.356469,0.643038,0.000082,0.000082,0.000164
AATTCCAAGCATGTAC-1,0.000037,0.000037,0.75853,0.026357,0.152108,0.050083,0.012847
AATTCGATTCGAGGAT-1,0.000234,0.000234,0.837465,0.102957,0.000234,0.058408,0.000468
AATTCTAGAGTTAGGC-1,0.000039,0.00004,0.002307,0.782714,0.00004,0.129093,0.085767
AATTGAACGCTCTGGT-1,0.000348,0.000348,0.078715,0.623292,0.000349,0.296251,0.000697
AATTGCGTGGATTACA-1,0.001339,0.001339,0.420931,0.002679,0.373758,0.197276,0.002679
AATTTGGGACATAGTA-1,0.003831,0.003832,0.379397,0.007669,0.276392,0.003834,0.325045
ACAAACCATGCGTCCT-1,0.000048,0.000048,0.787429,0.212283,0.000048,0.000048,0.000096
ACAAATCGCACCGAAT-1,0.000094,0.000094,0.148726,0.678011,0.000315,0.092293,0.080467
ACAAATGGTAGTGTTT-1,0.000341,0.000341,0.066907,0.691955,0.143507,0.059635,0.037314
ACAAATTCAGATCTGA-1,0.000088,0.000088,0.000088,0.717243,0.027078,0.081585,0.173831
ACAACAGCATGAGCTA-1,0.000038,0.000038,0.07302,0.653073,0.000038,0.1232,0.150593
ACAACGGTCCCTGCGA-1,0.000028,0.000028,0.000028,0.251227,0.000028,0.103175,0.645486
ACAAGCAGTGCCTAGC-1,0.00006,0.00006,0.00006,0.340303,0.00006,0.07236,0.587098
ACAAGCTATATGGAAG-1,0.000012,0.000012,0.002085,0.797028,0.000012,0.0029,0.197951
ACAAGGAAATCCGCCC-1,0.000105,0.000105,0.000105,0.64913,0.000105,0.097765,0.252684
ACAAGGACAAGAGGTT-1,0.000037,0.000037,0.03036,0.374324,0.080473,0.133347,0.381423
ACAAGGATGCTTTAGG-1,0.00007,0.00007,0.00007,0.466483,0.00007,0.176743,0.356493
ACAAGGGCAGGCTCTG-1,0.000078,0.000078,0.000078,0.857645,0.000078,0.066653,0.075389
ACAATAGTCGTACGTT-1,0.000084,0.000084,0.000084,0.614393,0.000084,0.116661,0.268609
ACAATCCATTTAAACC-1,0.000073,0.000073,0.057346,0.391754,0.000073,0.138769,0.411913
ACAATCGATCTTTATA-1,0.002364,0.002366,0.002366,0.656623,0.329183,0.002366,0.004733
ACAATGAATACGGAGA-1,0.00022,0.00022,0.120885,0.420708,0.00022,0.06218,0.395566
ACAATGATTCTTCTAC-1,0.000122,0.000122,0.064095,0.379863,0.000122,0.258265,0.29741
ACAATTGTGTCTCTTT-1,0.00021,0.00021,0.388333,0.360278,0.00021,0.119923,0.130836
ACAATTTAGGAGGCTC-1,0.000046,0.000046,0.076679,0.640057,0.115685,0.047967,0.11952
ACAATTTGAGCAGTGG-1,0.000096,0.000096,0.000097,0.573724,0.000097,0.012632,0.413258
ACACACCAGGACCAGT-1,0.002525,0.002525,0.002527,0.62184,0.002527,0.363001,0.005055
ACACACTTTCTACACG-1,0.000054,0.000054,0.167506,0.612653,0.000054,0.219572,0.000107
ACACATGATCAAATCT-1,0.000049,0.000049,0.653638,0.335891,0.010224,0.000049,0.000099
ACACATTGACGCAACA-1,0.000041,0.000041,0.077307,0.860501,0.000041,0.000041,0.062029
ACACCCGAGAAATCCG-1,0.000067,0.000067,0.000067,0.589178,0.025961,0.310628,0.074032
ACACCGAGCGCTCTTT-1,0.000035,0.000035,0.355437,0.599177,0.045212,0.000035,0.00007
ACACCGGTCTGACCGC-1,0.000092,0.000092,0.712121,0.1037,0.002037,0.09913,0.082826
ACACCTTAAGTAGGGC-1,0.00009,0.00009,0.193701,0.411239,0.00009,0.285708,0.109083
ACACCTTACTACTTGC-1,0.000012,0.000012,0.000012,0.000025,0.0092,0.743691,0.247047
ACACGAGACTCCTTCT-1,0.000055,0.000055,0.222524,0.44308,0.000276,0.03008,0.303929
ACACGGGAACTTAGGG-1,0.000055,0.000055,0.230007,0.717669,0.000181,0.003537,0.048496
ACACTCCAATGTCACT-1,0.000065,0.000065,0.091911,0.64909,0.000065,0.10995,0.148854
ACAGAACTGAGAACAA-1,0.000313,0.000313,0.000313,0.675001,0.000313,0.116289,0.207457
ACAGCATAGAGCCAGT-1,0.000527,0.000527,0.080181,0.405306,0.070824,0.114946,0.327691
ACAGCGACATTCTCAT-1,0.000153,0.000153,0.000153,0.501941,0.000153,0.327734,0.169713
ACAGCGCACCCGCAGC-1,0.001984,0.001984,0.001986,0.666117,0.001986,0.321971,0.003972
ACAGGAGGCGCAGCCG-1,0.000177,0.000177,0.088785,0.563618,0.030377,0.079974,0.236893
ACAGGCTTGCCCGACT-1,0.000181,0.000181,0.000181,0.142926,0.087686,0.045313,0.723533
ACAGGTGGAGGTGAGG-1,0.000122,0.000122,0.014955,0.666122,0.000122,0.264673,0.053883
ACAGTAATACAACTTG-1,0.000182,0.000182,0.000182,0.804564,0.000182,0.000182,0.194528
ACATAAGTCGTGGTGA-1,0.00004,0.00004,0.170952,0.012529,0.313822,0.117598,0.38502
ACATAATAAGGCGGTG-1,0.000036,0.000036,0.174927,0.723853,0.000036,0.014807,0.086305
ACATCAGCTGGGACGC-1,0.000054,0.000054,0.000054,0.807287,0.000054,0.101658,0.090839
ACATCCCGGCCATACG-1,0.000289,0.000289,0.000289,0.365153,0.000289,0.257565,0.376127
ACATCCTGGTAACTGT-1,0.00005,0.00005,0.055977,0.464909,0.040831,0.139044,0.299139
ACATCGATCGTTTACC-1,0.000024,0.000024,0.0583,0.709527,0.034923,0.075339,0.121861
ACATCGGTCAGCCGCG-1,0.000119,0.000119,0.017157,0.583701,0.000119,0.316347,0.082438
ACATCGTATGCAATGG-1,0.000292,0.000292,0.129734,0.757074,0.000293,0.000293,0.112021
ACATCGTTAACCTAGT-1,0.00271,0.002711,0.281603,0.702127,0.002712,0.002712,0.005424
ACATCTCAACGCGTAA-1,0.000218,0.000218,0.208004,0.457541,0.000218,0.150992,0.182809
ACATGGCGCCAAAGTA-1,0.000042,0.000042,0.002802,0.406012,0.000042,0.45917,0.131888
ACATGGCTCAATTTAG-1,0.000065,0.000065,0.241811,0.668987,0.000065,0.088878,0.00013
ACATTAGTTTATATCC-1,0.000717,0.000717,0.000717,0.773382,0.000717,0.000717,0.223032
ACCAACACCACACACT-1,0.000056,0.000056,0.20981,0.103966,0.06721,0.47098,0.147922
ACCAATATGCAAGTTA-1,0.000221,0.000221,0.083139,0.594208,0.000221,0.270034,0.051956
ACCACAACTCAGAACA-1,0.000407,0.000407,0.000407,0.36049,0.000407,0.000407,0.637474
ACCACCAATGTAACAA-1,0.00002,0.00002,0.068847,0.183208,0.006844,0.494801,0.24626
ACCACGTGCAGCTATA-1,0.000236,0.000236,0.023158,0.855622,0.000236,0.066625,0.053886
ACCACTGTTCAAGAAG-1,0.000034,0.000034,0.172808,0.670164,0.005332,0.118909,0.032719
ACCAGACCATAACAAC-1,0.000042,0.000042,0.000042,0.584647,0.000042,0.000042,0.415141
ACCAGTGCCCGGTCAA-1,0.000069,0.000069,0.000225,0.539167,0.000069,0.088134,0.372268
ACCAGTGCGGGAGACG-1,0.00022,0.000221,0.342562,0.336338,0.000221,0.250364,0.070074
ACCATCCGCCAACTAG-1,0.000761,0.000761,0.000762,0.99467,0.000762,0.000762,0.001523
ACCATCGTATATGGTA-1,0.000157,0.000157,0.095375,0.404963,0.26197,0.209115,0.028265
ACCATTAAGGGTGTCA-1,0.000035,0.000035,0.194473,0.757826,0.000035,0.000035,0.04756
ACCCAACGCCCGTGGC-1,0.000029,0.000029,0.000029,0.058672,0.000029,0.000029,0.941183
ACCCACCTACATGCTC-1,0.000171,0.000171,0.000172,0.214046,0.040453,0.263254,0.481732
ACCCATCTTGAGGGTA-1,0.000278,0.000279,0.000279,0.445142,0.000279,0.283515,0.270229
ACCCATTTGTCCCTCT-1,0.000101,0.000101,0.000101,0.469174,0.000101,0.10413,0.42629
ACCCGAGCGAAATTAC-1,0.000067,0.000067,0.344181,0.36475,0.004242,0.033918,0.252776
ACCCGGAAACTCCCAG-1,0.000028,0.000028,0.152729,0.377488,0.020485,0.006278,0.442964
ACCCGGATGACGCATC-1,0.000326,0.000326,0.025164,0.649445,0.000326,0.219843,0.10457
ACCCGGTTACACTTCC-1,0.000038,0.000038,0.000038,0.000076,0.105454,0.322191,0.572165
ACCCTATAGGACTGAG-1,0.00271,0.00271,0.978304,0.005424,0.002712,0.002712,0.005428
ACCCTATGCCATATCG-1,0.000034,0.000034,0.000034,0.000068,0.000034,0.10502,0.894777
ACCCTCCCTTGCTATT-1,0.000461,0.000461,0.000461,0.115251,0.000461,0.000461,0.882443
ACCCTTCATCTGCGAA-1,0.000076,0.000076,0.244149,0.559253,0.000076,0.000076,0.196295
ACCCTTTAGTTCTCCA-1,0.004274,0.004274,0.004277,0.970065,0.004278,0.004278,0.008554
ACCGAAGAGTCTGGTT-1,0.000051,0.000051,0.400877,0.406351,0.001806,0.001334,0.189531
ACCGACACATCTCCCA-1,0.000054,0.000054,0.376567,0.496797,0.064482,0.000054,0.061991
ACCGACTGAGTCCCAC-1,0.000086,0.000086,0.301555,0.542484,0.005436,0.109312,0.041039
ACCGATGGTAGCATCG-1,0.000019,0.000019,0.000019,0.177412,0.000019,0.0029,0.819612
ACCGCAATAACTGCCT-1,0.000181,0.000181,0.030758,0.839461,0.000181,0.128876,0.000362
ACCGCGGTGGAAGTCG-1,0.000042,0.000042,0.174212,0.329507,0.000042,0.293555,0.2026
ACCGGGCCTTTGTTGA-1,0.00009,0.00009,0.00009,0.438612,0.00009,0.393626,0.167402
ACCGGTCAGGTACACC-1,0.000023,0.000023,0.470256,0.181184,0.348446,0.000023,0.000046
ACCGTCCACTGGGCCC-1,0.001277,0.001277,0.989776,0.002556,0.001278,0.001278,0.002556
ACCTAAGTACCTTTCA-1,0.000081,0.000081,0.000081,0.343762,0.000081,0.318607,0.337307
ACCTAATCGACTTCCT-1,0.000033,0.000033,0.000033,0.141798,0.000033,0.030241,0.82783
ACCTACAGTATGTGGT-1,0.000071,0.000071,0.000071,0.059168,0.000071,0.920165,0.020382
ACCTACTATAAATCTA-1,0.000039,0.000039,0.555765,0.004644,0.31296,0.123434,0.003118
ACCTCCGCCCTCGCTG-1,0.0001,0.0001,0.016521,0.176769,0.035446,0.509076,0.261988
ACCTCCGTTATTCACC-1,0.000023,0.000023,0.000023,0.000045,0.000023,0.999819,0.000045
ACCTCGAACTTATGCT-1,0.00004,0.00004,0.2537,0.000146,0.745954,0.00004,0.00008
ACCTGCGTGTCATGTT-1,0.001157,0.001158,0.001158,0.817075,0.001158,0.14244,0.035854
ACGAAATGGGCGGCAC-1,0.000206,0.000206,0.000206,0.522017,0.000206,0.128055,0.349104
ACGAGAACCCATCACG-1,0.00004,0.00004,0.027543,0.485266,0.00004,0.198458,0.288612
ACGAGATATTTGCTTA-1,0.002584,0.002585,0.002586,0.661494,0.002586,0.002586,0.325579
ACGAGGATACCACTCT-1,0.001372,0.001372,0.001373,0.77519,0.001373,0.216575,0.002746
ACGAGGTTTACAACGT-1,0.000037,0.000037,0.549696,0.4029,0.000037,0.000037,0.047258
ACGAGTACGGATGCCC-1,0.000067,0.000067,0.028466,0.31078,0.088123,0.481797,0.090702
ACGAGTCGCCGGCGTT-1,0.00003,0.00003,0.152101,0.807336,0.00003,0.038887,0.001586
ACGATACATAGAACTA-1,0.000139,0.000139,0.113652,0.885046,0.000139,0.000139,0.000748
ACGATACCTATCCTGA-1,0.000022,0.000022,0.00661,0.904372,0.000023,0.004328,0.084622
ACGATCATACATAGAG-1,0.000046,0.000046,0.143627,0.671574,0.000046,0.004358,0.180304
ACGATCATCTTGTAAA-1,0.000081,0.000081,0.026901,0.511916,0.000081,0.195098,0.265841
ACGATGCATATGTTAT-1,0.000103,0.000103,0.140529,0.361856,0.000103,0.328276,0.169031
ACGCAATCACTACAGC-1,0.000144,0.000144,0.313361,0.000288,0.091344,0.522132,0.072588
ACGCATACGTTTACTA-1,0.000079,0.000079,0.000079,0.07578,0.682091,0.241732,0.000159
ACGCATTCGTGAGTAC-1,0.000018,0.000018,0.000018,0.431665,0.000018,0.000741,0.567522
ACGCCAGATGATTTCT-1,0.000093,0.000093,0.000657,0.621945,0.055448,0.078142,0.243622
ACGCCGCTAGACGACC-1,0.000346,0.000346,0.000346,0.565043,0.000346,0.260733,0.172839
ACGCCTGACACGCGCT-1,0.000239,0.000239,0.214223,0.588306,0.000239,0.136427,0.060327
ACGCGAAGTCAGACGA-1,0.000171,0.000171,0.000171,0.512978,0.000171,0.226744,0.259594
ACGCGCTACACAGGGT-1,0.003086,0.003087,0.24376,0.620713,0.003089,0.003089,0.123175
ACGCGGGCCAAGGACA-1,0.000028,0.000028,0.13367,0.707873,0.072857,0.085487,0.000057
ACGCGTTTCTTAAGAG-1,0.000027,0.000027,0.074478,0.777009,0.000027,0.115793,0.032638
ACGCTAGTGATACACT-1,0.00023,0.00023,0.093873,0.493989,0.00023,0.212163,0.199285
ACGCTGTGAGGCGTAG-1,0.000078,0.000078,0.010765,0.793012,0.000078,0.195832,0.000156
ACGGAATTTAGCAAAT-1,0.000823,0.000823,0.250068,0.509082,0.000824,0.133895,0.104485
ACGGACTCTCAAAGCG-1,0.000039,0.000039,0.369347,0.521884,0.000039,0.064567,0.044083
ACGGAGCGCAAATTAC-1,0.000431,0.000431,0.000431,0.000862,0.000431,0.526712,0.470703
ACGGATGGTGCGGATA-1,0.000072,0.000072,0.022786,0.541735,0.000072,0.197328,0.237935
ACGGCACTTGCTTGGG-1,0.000356,0.000356,0.000356,0.997506,0.000356,0.000356,0.000713
ACGGCGACGATGGGAA-1,0.000063,0.000063,0.000063,0.396775,0.000063,0.094577,0.508395
ACGGCGGGTTGCCCTG-1,0.002415,0.002416,0.324872,0.313627,0.349418,0.002417,0.004834
ACGGCTGGATGTAGAA-1,0.000036,0.000036,0.709688,0.0068,0.205807,0.010648,0.066985
ACGGGAGTGTCGGCCC-1,0.001565,0.001565,0.001566,0.634589,0.001566,0.001566,0.357583
ACGGGTCATGTGACTT-1,0.000031,0.000031,0.140429,0.638036,0.178999,0.042413,0.000062
ACGTACAGATTTCTCT-1,0.000341,0.000341,0.025473,0.403376,0.171909,0.000341,0.39822
ACGTAGATTGCTGATG-1,0.000091,0.000091,0.138219,0.711422,0.000091,0.019619,0.130468
ACGTATTACTCCGATC-1,0.000075,0.000075,0.047439,0.550573,0.000075,0.076163,0.325598
ACGTCTCGTTCCGGGA-1,0.000015,0.000015,0.001627,0.57616,0.000015,0.002331,0.419838
ACGTGACAAAGTAAGT-1,0.000014,0.000014,0.033884,0.632998,0.007871,0.061794,0.263427
ACGTGCGCCTCGTGCA-1,0.00008,0.00008,0.367945,0.574146,0.002778,0.011917,0.043054
ACGTTAATGTCGAAGA-1,0.000296,0.000296,0.000297,0.906708,0.000297,0.045122,0.046984
ACGTTAGATTTGCCCG-1,0.000253,0.000253,0.188346,0.330176,0.000253,0.367722,0.112998
ACGTTATTGGTCACTC-1,0.000046,0.000046,0.02776,0.780306,0.000046,0.031749,0.160045
ACGTTCGCAATCAATT-1,0.000077,0.000077,0.000078,0.201644,0.019699,0.597746,0.180678
ACGTTTAGTTGTGATC-1,0.000253,0.000253,0.19734,0.379248,0.000253,0.139807,0.282847
ACTAATACGTCAGGCG-1,0.001134,0.001134,0.752524,0.002269,0.001135,0.239535,0.002269
ACTACATCCCGACAAG-1,0.000022,0.000022,0.417875,0.077844,0.503684,0.00051,0.000043
ACTACCAGCTCTCTGG-1,0.000524,0.000524,0.258462,0.16377,0.000525,0.323534,0.252661
ACTACGCGTTAGAATT-1,0.00039,0.00039,0.271594,0.240677,0.00039,0.10504,0.381519
ACTAGTTGCGATCGTC-1,0.000112,0.000112,0.178432,0.180378,0.009389,0.291437,0.340141
ACTATATGCTGTGTTC-1,0.001883,0.001883,0.001885,0.398564,0.001885,0.236732,0.357168
ACTATCCAGGGCATGG-1,0.000033,0.000033,0.112755,0.36027,0.000033,0.447562,0.079314
ACTATCGCCGGCTAAA-1,0.000019,0.000019,0.176664,0.802098,0.021145,0.000019,0.000037
ACTATGTCCAGCTGCC-1,0.000217,0.000217,0.246578,0.577164,0.077468,0.000217,0.09814
ACTATTCGTCCGTGGT-1,0.002268,0.002268,0.184589,0.801799,0.002269,0.002269,0.004539
ACTCAACGAATGTATT-1,0.000087,0.000087,0.000087,0.111457,0.000087,0.130003,0.758194
ACTCAAGTGCAAGGCT-1,0.000062,0.000062,0.007394,0.63556,0.000062,0.076476,0.280383
ACTCAATAAAGGCACG-1,0.000039,0.000039,0.176265,0.585577,0.026513,0.101667,0.1099
ACTCCCATTCCTAAAG-1,0.000378,0.000378,0.000378,0.891332,0.000378,0.000378,0.106777
ACTCCCGAATTCGTTT-1,0.00008,0.00008,0.118344,0.375547,0.00008,0.356722,0.149147
ACTCCCTAATGCTAAA-1,0.000029,0.000029,0.1386,0.739699,0.000029,0.027851,0.093763
ACTCCCTAGAATAGTA-1,0.000258,0.000258,0.112695,0.820368,0.000258,0.019768,0.046395
ACTCGATGTATTTCAT-1,0.000042,0.000042,0.160787,0.675975,0.152982,0.000042,0.010131
ACTCGTAACCCGTCCT-1,0.000722,0.000722,0.000722,0.880054,0.000722,0.115614,0.001444
ACTCGTCAGTAATCCC-1,0.000185,0.000185,0.000185,0.939578,0.000185,0.05931,0.000371
ACTCTAAACCTGGGAT-1,0.000014,0.000014,0.007642,0.992275,0.000014,0.000014,0.000028
ACTCTCTGACTTAGGT-1,0.000119,0.000119,0.021357,0.442618,0.204683,0.100014,0.231089
ACTCTCTTATACACGA-1,0.002137,0.002138,0.612508,0.004277,0.002138,0.203682,0.173121
ACTCTTGTATAGTAAC-1,0.000043,0.000043,0.000043,0.38492,0.000043,0.000043,0.614864
ACTGAAACGCCGTTAG-1,0.00045,0.00045,0.00045,0.440861,0.00045,0.272716,0.284623
ACTGAATGGCGAAAGT-1,0.000109,0.000109,0.000109,0.654853,0.000109,0.165844,0.178866
ACTGATTTAGTGATTC-1,0.000191,0.000191,0.092021,0.774783,0.000191,0.000191,0.132431
ACTGCCGTCGTAACTC-1,0.000133,0.000133,0.166253,0.650545,0.05565,0.000133,0.127152
ACTGCTCGGAAGGATG-1,0.000026,0.000026,0.035815,0.573773,0.000026,0.010427,0.379907
ACTGTACGATACACAT-1,0.000203,0.000203,0.125186,0.507321,0.000203,0.107876,0.259007
ACTGTAGCACTTTGGA-1,0.000178,0.000178,0.246422,0.161623,0.000179,0.27272,0.318699
ACTGTATACGCGAGCA-1,0.000061,0.000061,0.053531,0.370449,0.000061,0.306625,0.26921
ACTGTCTTCTTTAGAA-1,0.000055,0.000055,0.191651,0.665121,0.091851,0.031224,0.020043
ACTGTGCTAGTAGATC-1,0.002924,0.002924,0.002926,0.180424,0.439696,0.365254,0.005852
ACTGTTTAGTGTAGGC-1,0.000597,0.000597,0.175076,0.470825,0.000598,0.068053,0.284253
ACTTACCGGGCGCGCA-1,0.002058,0.002058,0.502403,0.004118,0.002059,0.250981,0.236324
ACTTACGCATCCACGC-1,0.000088,0.000088,0.175134,0.489227,0.000088,0.033048,0.302326
ACTTAGTACGACAAGA-1,0.001709,0.00171,0.43165,0.003421,0.001711,0.404368,0.15543
ACTTATACTTACCCGG-1,0.00002,0.00002,0.00002,0.206053,0.00002,0.094215,0.699651
ACTTATCTGATCTATA-1,0.000161,0.000161,0.00119,0.690586,0.047867,0.040246,0.219789
ACTTATTTATGTGCCA-1,0.00117,0.00117,0.00117,0.520291,0.00117,0.31941,0.155619
ACTTCAGGCTGATCCC-1,0.000197,0.000197,0.000197,0.577318,0.000198,0.168446,0.253446
ACTTCCAGTGGAAGCT-1,0.000485,0.000485,0.092694,0.000971,0.000486,0.000486,0.904394
ACTTCCATGCGGGACA-1,0.000224,0.000224,0.066026,0.365232,0.000224,0.063282,0.504788
ACTTCGCCATACGCAC-1,0.000019,0.000019,0.000019,0.000039,0.016098,0.000019,0.983786
ACTTGACTCCCTCTTT-1,0.000089,0.000089,0.000089,0.828466,0.000089,0.058273,0.112906
ACTTGTAGTCCCTTCA-1,0.000026,0.000026,0.000026,0.960932,0.000026,0.009942,0.029021
ACTTGTGGATGGAACG-1,0.000205,0.000205,0.03716,0.370226,0.115803,0.196188,0.280211
ACTTTACCCTCATGAA-1,0.000032,0.000032,0.126441,0.19913,0.000032,0.558576,0.115756
ACTTTCCTATAGCTTC-1,0.000031,0.000031,0.232569,0.5283,0.072587,0.111947,0.054534
ACTTTGACTGCATCCT-1,0.000154,0.000154,0.000154,0.992803,0.000154,0.000154,0.006426
ACTTTGGTCGTGCTCC-1,0.000057,0.000057,0.707278,0.06154,0.123484,0.07145,0.036135
AGAACCCTCAATTGGG-1,0.000024,0.000024,0.135745,0.000344,0.231317,0.007949,0.624597
AGAACGTGGTACATTC-1,0.000134,0.000134,0.32781,0.498788,0.000134,0.000134,0.172867
AGAAGAGCGCCGTTCC-1,0.000292,0.000292,0.000292,0.331846,0.000292,0.000292,0.666695
AGAAGGTACACTTCAC-1,0.000611,0.000611,0.171048,0.290139,0.000611,0.284215,0.252766
AGAAGGTTGCCGAATT-1,0.000119,0.000119,0.043406,0.127072,0.000119,0.225686,0.60348
AGAAGGTTGTAGGTCG-1,0.000033,0.000033,0.309973,0.170998,0.264214,0.000033,0.254715
AGAAGTGATTCGTGAT-1,0.000614,0.000614,0.01906,0.572349,0.000614,0.40552,0.001229
AGAATAAATCTTCAGG-1,0.000424,0.000424,0.000424,0.682276,0.000424,0.141201,0.174826
AGAATGCGGGTTCGGA-1,0.000224,0.000224,0.000224,0.364091,0.03218,0.26502,0.338037
AGAATTATGGATTCGA-1,0.000019,0.000019,0.003337,0.056999,0.000019,0.065105,0.874502
AGAATTGTTTGACATA-1,0.000099,0.000099,0.041625,0.748689,0.000099,0.05115,0.158238
AGACAGCTCAGAATCC-1,0.000056,0.000056,0.265312,0.637993,0.000056,0.019919,0.076609
AGACCAAACCACACCT-1,0.000056,0.000056,0.016629,0.573998,0.036763,0.163492,0.209006
AGACCATGGGATACAA-1,0.000049,0.000049,0.000049,0.000098,0.041019,0.02088,0.937856
AGACCCACCGCTGATC-1,0.000178,0.000178,0.000178,0.472911,0.000178,0.174547,0.351829
AGACCGCTCCGCGGTT-1,0.000107,0.000107,0.240408,0.161553,0.000107,0.465589,0.13213
AGACCGGGAAACCCTG-1,0.000125,0.000125,0.049351,0.670048,0.000125,0.258325,0.021901
AGACGAAGTGCCGGTC-1,0.000138,0.000138,0.720572,0.054839,0.078088,0.043239,0.102986
AGACGACGATGCCGCT-1,0.000918,0.000918,0.19174,0.336029,0.000919,0.173893,0.295582
AGACGGGCCGATTTAA-1,0.000068,0.000068,0.021997,0.500013,0.000068,0.248788,0.228997
AGACTAGCCTTCCAGA-1,0.000029,0.000029,0.000074,0.051636,0.000029,0.465385,0.482818
AGAGAACCGTCTAGGA-1,0.00013,0.00013,0.00013,0.405529,0.059983,0.023923,0.510175
AGAGAAGGAGTACAAT-1,0.000151,0.000151,0.235707,0.465938,0.000151,0.176828,0.121072
AGAGATCTCTAAAGCG-1,0.000035,0.000035,0.000035,0.477133,0.000035,0.000035,0.522693
AGAGCAGTTATGAGAC-1,0.000485,0.000485,0.000486,0.644897,0.000486,0.000486,0.352676
AGAGCGGGCTAATCAT-1,0.000126,0.000126,0.416865,0.433005,0.075637,0.000126,0.074116
AGAGCGTACAAGCTCG-1,0.000032,0.000032,0.000032,0.000064,0.01002,0.000032,0.989788
AGAGCTACGAAAGCAT-1,0.000066,0.000066,0.11059,0.889011,0.000066,0.000067,0.000133
AGAGGCTTCGGAAACC-1,0.000102,0.000102,0.120489,0.134042,0.000102,0.142981,0.602181
AGAGTAAACTTCACTA-1,0.000037,0.000037,0.049287,0.321294,0.000037,0.309013,0.320296
AGAGTTAGAGACCGAT-1,0.000141,0.000141,0.161094,0.486627,0.000141,0.120247,0.23161
AGATAACTTCAGGGCC-1,0.000156,0.000156,0.140341,0.164118,0.236893,0.251952,0.206383
AGATACCGGTGTTCAC-1,0.00011,0.00011,0.00011,0.558807,0.061418,0.334255,0.045191
AGATACGACTTCATAT-1,0.000416,0.000416,0.255726,0.112534,0.000416,0.162334,0.468158
AGATACTCAAGATCGA-1,0.000164,0.000164,0.000164,0.615948,0.000164,0.383068,0.000328
AGATATAATACGACTA-1,0.000061,0.000061,0.679323,0.259645,0.000061,0.048413,0.012437
AGATCGTGCATAAGAT-1,0.002096,0.002096,0.199347,0.170085,0.002098,0.620081,0.004196
AGATCTCAGGTGTGAT-1,0.00012,0.00012,0.080271,0.52211,0.199765,0.071905,0.125708
AGATGAGGGTTGCGAT-1,0.001543,0.001543,0.001544,0.457452,0.001544,0.533284,0.003089
AGATGATGGAGTCTGG-1,0.000044,0.000045,0.15492,0.42138,0.001734,0.367906,0.053972
AGATGCAAGACGTGCA-1,0.000035,0.000035,0.413994,0.520183,0.000035,0.065649,0.00007
AGATGCATCCTGTGTC-1,0.000023,0.000023,0.000023,0.999841,0.000023,0.000023,0.000045
AGATGCTATAACGAGC-1,0.000026,0.000026,0.220226,0.584001,0.183395,0.009932,0.002394
AGATTCACAACCGATA-1,0.000089,0.000089,0.023855,0.621667,0.038194,0.100584,0.215523
AGCAAAGGCCGCTAGT-1,0.000031,0.000031,0.313552,0.201841,0.001128,0.066044,0.417373
AGCAACATATCTTATT-1,0.000086,0.000086,0.000086,0.346772,0.000086,0.157016,0.495869
AGCAACCGAAAGTAAT-1,0.000017,0.000017,0.155329,0.338708,0.111093,0.028114,0.366722
AGCACCAGTACTCACG-1,0.000067,0.000067,0.290079,0.585864,0.000067,0.003956,0.1199
AGCACTACCGGCCTGT-1,0.000103,0.000103,0.097416,0.743524,0.000103,0.105502,0.053251
AGCACTACCTCACCAG-1,0.000078,0.000078,0.000078,0.601083,0.000078,0.26234,0.136264
AGCACTTAAGGACGCC-1,0.000027,0.000027,0.000027,0.291717,0.000027,0.1164,0.591774
AGCAGAAGGAGAAAGA-1,0.000016,0.000016,0.329587,0.012466,0.537118,0.119334,0.001463
AGCAGCCAGATGAATA-1,0.00004,0.00004,0.091695,0.584941,0.00004,0.044616,0.278629
AGCATATCAATATGCT-1,0.000088,0.000088,0.189861,0.077581,0.400283,0.331923,0.000176
AGCATCATTTCGAAAG-1,0.000103,0.000103,0.000103,0.360276,0.000103,0.062763,0.576549
AGCCAAGCTTTGTGTC-1,0.000033,0.000033,0.563427,0.174067,0.262341,0.000033,0.000066
AGCCACAGGTTACCCG-1,0.000129,0.000129,0.018462,0.583288,0.000129,0.167532,0.230331
AGCCACTCCCGTGCTT-1,0.000137,0.000137,0.000137,0.302249,0.000137,0.000137,0.697066
AGCCCATACATGTAAG-1,0.001852,0.001852,0.29708,0.415512,0.001853,0.001853,0.279997
AGCCCTAAGCGAAGTT-1,0.000448,0.000448,0.254377,0.364838,0.000448,0.17947,0.19997
AGCCCTTCTAATCCGA-1,0.000088,0.000088,0.057352,0.415121,0.04648,0.232902,0.247969
AGCCGCAAATTCAAAT-1,0.000051,0.000051,0.09675,0.752591,0.000051,0.109696,0.040812
AGCCGCTTGATTAGCG-1,0.000018,0.000018,0.065609,0.831686,0.039868,0.027821,0.034981
AGCCGTGGCTAAATGT-1,0.000192,0.000192,0.022908,0.63473,0.000192,0.232417,0.109369
AGCCTAATACCCACGT-1,0.000051,0.000051,0.102196,0.575106,0.000052,0.124015,0.198529
AGCCTTAAAGCGGAAG-1,0.000059,0.000059,0.130675,0.868968,0.00006,0.00006,0.000119
AGCGACAGGAACGGTC-1,0.000942,0.000942,0.175867,0.758191,0.000942,0.000942,0.062174
AGCGCGGGTGCCAATG-1,0.0011,0.0011,0.001101,0.536077,0.165721,0.088696,0.206204
AGCGCTTATGGGCAAG-1,0.001587,0.001588,0.587795,0.003177,0.001589,0.073361,0.330904
AGCGGACACTTCGTAG-1,0.000076,0.000076,0.644681,0.30257,0.000076,0.000076,0.052444
AGCGGCGGTTAGCGGT-1,0.000024,0.000024,0.000024,0.565171,0.000024,0.119151,0.315583
AGCGGGAAGGGTCCAT-1,0.000077,0.000077,0.004555,0.22526,0.020271,0.14249,0.607271
AGCGGGTCTGACACTC-1,0.000031,0.000031,0.157441,0.024625,0.814473,0.003336,0.000062
AGCGTACGAGAGCTAG-1,0.00009,0.00009,0.360876,0.549565,0.00009,0.00009,0.089197
AGCGTAGCGCTAGACC-1,0.001481,0.001482,0.367597,0.62351,0.001483,0.001483,0.002965
AGCGTCTGAACCCGCA-1,0.000093,0.000093,0.000093,0.241776,0.000093,0.199456,0.558398
AGCGTGGTATTCTACT-1,0.000262,0.000262,0.000262,0.545264,0.000262,0.300568,0.153119
AGCTAAGTACGCAGGC-1,0.000013,0.000013,0.071477,0.503834,0.011892,0.009517,0.403254
AGCTAGAAGCAGAAGT-1,0.000459,0.000459,0.000459,0.622686,0.00046,0.209009,0.166468
AGCTATTTAATCCAAC-1,0.000324,0.000324,0.082655,0.9154,0.000324,0.000324,0.000648
AGCTCCTTCGCACATC-1,0.001038,0.001039,0.192463,0.401689,0.001039,0.001039,0.401692
AGCTCTAGACGTTCCA-1,0.000057,0.000057,0.017017,0.774104,0.000057,0.208596,0.000113
AGCTCTTCCCAGTGCA-1,0.002137,0.002137,0.002138,0.719835,0.267338,0.002138,0.004277
AGCTCTTCGTAACCTT-1,0.000024,0.000024,0.066749,0.208149,0.047889,0.560799,0.116366
AGCTCTTTACTCAGTT-1,0.000567,0.648608,0.000567,0.347989,0.000567,0.000567,0.001135
AGCTGAAGTAAACCAA-1,0.001339,0.001339,0.219654,0.304152,0.00134,0.469497,0.00268
AGCTGTAACCTCAATC-1,0.000465,0.000465,0.156948,0.59255,0.000465,0.030415,0.218693
AGCTTGATCTTAACTT-1,0.000835,0.000836,0.361649,0.633336,0.000836,0.000836,0.001672
AGGAAAGCCTCTGATG-1,0.00018,0.00018,0.26917,0.501469,0.132589,0.096054,0.000359
AGGAAGCTGTCCGCCG-1,0.000026,0.000026,0.267673,0.081066,0.14353,0.291777,0.215901
AGGACAGTCGAATCCC-1,0.000882,0.000882,0.214928,0.451494,0.000883,0.000883,0.330049
AGGACATCGCACGTCG-1,0.000224,0.000224,0.282108,0.317692,0.000224,0.086678,0.31285
AGGACGACCCATTAGA-1,0.000108,0.000108,0.07526,0.2608,0.006252,0.372667,0.284805
AGGACGCTCGATGTTG-1,0.002137,0.002137,0.294745,0.444338,0.002139,0.250228,0.004277
AGGACTTATAGGAGAA-1,0.000025,0.000025,0.277546,0.676385,0.037729,0.008242,0.000049
AGGAGGCCTTCGCGCG-1,0.000051,0.000051,0.227204,0.253295,0.414834,0.03697,0.067595
AGGATAAAGTCGGGAT-1,0.000057,0.000057,0.093943,0.625256,0.005064,0.118886,0.156736
AGGATATAGGGATTTA-1,0.000074,0.000074,0.000074,0.418148,0.01716,0.445508,0.118961
AGGATCACGCGATCTG-1,0.000398,0.000398,0.000399,0.606728,0.000399,0.10322,0.288458
AGGCAAAGAGGAATCA-1,0.000063,0.000063,0.005887,0.519033,0.075085,0.175815,0.224053
AGGCAATACGGAGGAC-1,0.000048,0.000048,0.027736,0.729506,0.029036,0.085626,0.128001
AGGCAGATGCGTAAAC-1,0.000033,0.000033,0.000033,0.162385,0.000033,0.062577,0.774905
AGGCATTGTCGTAGGG-1,0.000112,0.000112,0.13002,0.084456,0.009371,0.066325,0.709604
AGGCCACCCGTTATGA-1,0.000101,0.000101,0.000101,0.389915,0.061284,0.291017,0.257482
