Barcode,Topic 1,Topic 2to3,Topic 4to6,Topic 7,Topic 8
AAACAAGTATCTCCCA-1,0.143983,0.087041,0.628551,0.028026,0.112399
AAACAATCTACTAGCA-1,0.032034,0.629887,0.193046,0.144625,0.000407
AAACACCAATAACTGC-1,0.038917,0.123768,0.519204,0.085514,0.232596
AAACAGAGCGACTCCT-1,0.000184,0.278497,0.000552,0.000184,0.720582
AAACAGCTTTCAGAAG-1,0.000063,0.030564,0.351507,0.090021,0.527845
AAACAGGGTCTATATT-1,0.001906,0.146522,0.1077,0.698255,0.045618
AAACAGTGTTCCTGGG-1,0.000281,0.000563,0.52376,0.475114,0.000281
AAACATGGTGAGAGGA-1,0.000092,0.000183,0.19953,0.491046,0.309149
AAACATTTCCCGGATT-1,0.014127,0.292412,0.600001,0.072417,0.021043
AAACCACTACACAGAT-1,0.001626,0.003252,0.991869,0.001627,0.001626
AAACCCGAACGAAATC-1,0.051951,0.366536,0.337196,0.030742,0.213576
AAACCGGGTAGGTACC-1,0.000096,0.000191,0.067447,0.603449,0.328817
AAACCGTTCGTCCAGG-1,0.000087,0.000174,0.067019,0.929113,0.003607
AAACCTAAGCAGCCGG-1,0.06721,0.376358,0.367494,0.14479,0.044148
AAACGAAGATGGAGTA-1,0.000038,0.000468,0.229598,0.211459,0.558436
AAACGACAGTCTTGCC-1,0.00062,0.00124,0.844916,0.00062,0.152605
AAACGCCCGAGATCGG-1,0.000476,0.149661,0.552386,0.201106,0.096371
AAACGGGCGTACGGGT-1,0.05533,0.237553,0.627166,0.035807,0.044144
AAACGTGTTCGCCCTA-1,0.000728,0.001456,0.397544,0.420297,0.179975
AAACTAACGTGGCGAC-1,0.000509,0.728745,0.252455,0.017782,0.000509
AAACTCGGTTCGCAAT-1,0.000278,0.000557,0.932717,0.000278,0.06617
AAACTCGTGATATAAG-1,0.002912,0.005825,0.252925,0.735425,0.002913
AAACTGCTGGCTCCAA-1,0.13238,0.355691,0.114098,0.385525,0.012306
AAACTTAATTGCACGC-1,0.000673,0.28943,0.00202,0.648482,0.059395
AAACTTGCAAACGTAT-1,0.000047,0.000095,0.01006,0.861827,0.127971
AAAGAATGACCTTAGA-1,0.005124,0.081905,0.307188,0.568518,0.037265
AAAGACATGAAGTTTA-1,0.00012,0.578034,0.148188,0.148415,0.125243
AAAGACCCAAGTCGCG-1,0.002665,0.606643,0.007993,0.318339,0.06436
AAAGACTGGGCGCTTT-1,0.000105,0.464405,0.131936,0.351572,0.051982
AAAGCTTGCCTACATA-1,0.000707,0.001415,0.220198,0.000707,0.776973
AAAGGCCCTATAATAC-1,0.000707,0.100711,0.396898,0.500976,0.000708
AAAGGCTCTCGCGCCG-1,0.000233,0.370721,0.139131,0.427805,0.06211
AAAGGGATGTAGCAAG-1,0.000182,0.048686,0.186252,0.713051,0.051829
AAAGGGCAGCTTGAAT-1,0.442175,0.011441,0.371925,0.174402,0.000056
AAAGGTAAGCTGTACC-1,0.00117,0.788861,0.003511,0.205287,0.00117
AAAGGTCAACGACATG-1,0.045227,0.954431,0.000205,0.000068,0.000068
AAAGTAGCATTGCTCA-1,0.000112,0.000224,0.05935,0.861201,0.079112
AAAGTCACTGATGTAA-1,0.003913,0.007826,0.980433,0.003914,0.003915
AAAGTGTGATTTATCT-1,0.000868,0.13585,0.755613,0.09058,0.01709
AAAGTTGACTCCCGTA-1,0.000285,0.000571,0.867458,0.000285,0.131401
AAATAACCATACGGGA-1,0.000192,0.000384,0.00163,0.554159,0.443635
AAATACCTATAAGCAT-1,0.07051,0.088734,0.227889,0.434528,0.178338
AAATAGGGTGCTATTG-1,0.136656,0.260349,0.212558,0.066312,0.324125
AAATCACTCCTAAACG-1,0.092923,0.568095,0.132961,0.108233,0.097789
AAATCCGATACACGCC-1,0.089904,0.244069,0.565414,0.09249,0.008122
AAATCGCGGAAGGAGT-1,0.000042,0.083319,0.100574,0.541117,0.274948
AAATCGTGTACCACAA-1,0.000097,0.000195,0.065248,0.375409,0.55905
AAATCTAGCCCTGCTA-1,0.228759,0.551495,0.217134,0.002586,0.000026
AAATCTGCCCGCGTCC-1,0.000162,0.172068,0.104644,0.272481,0.450645
AAATGATTCGATCAGC-1,0.000572,0.559277,0.016462,0.021467,0.402223
AAATGCTCGTTACGTT-1,0.187995,0.161465,0.445644,0.172339,0.032557
AAATGGCATGTCTTGT-1,0.002556,0.388259,0.604074,0.002556,0.002556
AAATGGCCCGTGCCCT-1,0.000072,0.000143,0.128769,0.78905,0.081966
AAATGTGGGTGCTCCT-1,0.001376,0.567741,0.059586,0.333408,0.037888
AAATTACACGACTCTG-1,0.024185,0.000416,0.136805,0.683942,0.154652
AAATTCCAGGTCCAAA-1,0.004473,0.056254,0.008468,0.00005,0.930755
AAATTGATAGTCCTTT-1,0.000151,0.000301,0.000452,0.727552,0.271544
AAATTGGTGAGAAGCA-1,0.000629,0.001259,0.954406,0.043077,0.000629
AAATTTACCGAAATCC-1,0.001957,0.003914,0.170594,0.821579,0.001957
AAATTTGCGGGTGTGG-1,0.000087,0.000173,0.00026,0.950732,0.048748
AACAATACATTGTCGA-1,0.00011,0.072462,0.39558,0.356735,0.175114
AACAATTACTCTACGC-1,0.000126,0.317484,0.305234,0.314261,0.062894
AACACACGCTCGCCGC-1,0.346335,0.114805,0.484329,0.053904,0.000627
AACACGACTGTACTGA-1,0.341808,0.193999,0.004943,0.457602,0.001648
AACACGAGACGCGGCC-1,0.000038,0.04874,0.053858,0.61055,0.286815
AACACGCGGCCGCGAA-1,0.000203,0.315239,0.647615,0.000203,0.036739
AACAGCTGTGTGGCAA-1,0.000114,0.247232,0.068225,0.638798,0.045632
AACAGGAAATCGAATA-1,0.002722,0.472658,0.519175,0.002723,0.002722
AACAGGTAGTATGGAT-1,0.653263,0.076026,0.243357,0.027333,0.000022
AACATATCAACTGGTG-1,0.001149,0.542044,0.003447,0.001149,0.452212
AACATCGATACGTCTA-1,0.026152,0.459932,0.154054,0.359681,0.000181
AACATTGAAGTTGATC-1,0.000283,0.431975,0.357178,0.000283,0.210282
AACCAGTATCACTCTT-1,0.24712,0.751848,0.000619,0.000206,0.000206
AACCATAGGGTTGAAC-1,0.000357,0.09729,0.657185,0.244812,0.000357
AACCATGGGATCGCTA-1,0.156746,0.123144,0.543139,0.126071,0.050899
AACCCAGAGACGGAGA-1,0.019447,0.244505,0.530834,0.205094,0.00012
AACCCATCCCATGATC-1,0.000223,0.177722,0.184551,0.637281,0.000223
AACCCGACAACCCGTG-1,0.000935,0.001869,0.495189,0.000935,0.501073
AACCCGATAGGGCTTC-1,0.000614,0.485826,0.177807,0.000614,0.33514
AACCGAGCTTGGTCAT-1,0.041569,0.550398,0.033663,0.098065,0.276305
AACCGCTAAGGGATGC-1,0.000123,0.055696,0.811758,0.098453,0.03397
AACCGTTGTGTTTGCT-1,0.298914,0.008348,0.286789,0.004174,0.401774
AACCTCGCTTTAGCCC-1,0.194997,0.087256,0.702905,0.014422,0.00042
AACCTGTCACGGAATT-1,0.000673,0.001346,0.339782,0.000673,0.657525
AACCTTTAAATACGGT-1,0.003383,0.303723,0.286638,0.36991,0.036346
AACCTTTACGACGTCT-1,0.000297,0.000594,0.250724,0.748089,0.000297
AACGAAAGTCGTCCCA-1,0.000283,0.227592,0.346712,0.206421,0.218991
AACGATAATGCCGTAG-1,0.049141,0.160373,0.43466,0.330696,0.025131
AACGATAGAAGGGCCG-1,0.184228,0.002505,0.332941,0.195993,0.284333
AACGATATGTCAACTG-1,0.052029,0.007111,0.04253,0.099628,0.798701
AACGCATGATCTGGGT-1,0.000819,0.001637,0.307173,0.190656,0.499716
AACGCGGTCTCCAGCC-1,0.035332,0.000284,0.415583,0.346267,0.202535
AACGCTGTTGCTGAAA-1,0.03912,0.327071,0.490493,0.090883,0.052432
AACGGACGTACGTATA-1,0.097266,0.173146,0.627293,0.098945,0.003349
AACGGCCATCTCCGGT-1,0.000082,0.000164,0.000245,0.848192,0.151317
AACGTACTGTGGGTAC-1,0.000099,0.000199,0.000298,0.990323,0.009081
AACGTAGTCTACCCAT-1,0.000549,0.122025,0.876327,0.000549,0.000549
AACGTCAGACTAGTGG-1,0.000151,0.000302,0.559934,0.213081,0.226532
AACGTGATGAAGGACA-1,0.00729,0.279411,0.461597,0.117475,0.134227
AACGTGCGAAAGTCTC-1,0.000175,0.000351,0.188681,0.500271,0.310522
AACGTTATCAGCACCT-1,0.572932,0.072949,0.269847,0.084259,0.000013
AACTACCCGTTTGTCA-1,0.587965,0.113042,0.213255,0.000036,0.085702
AACTAGCGTATCGCAC-1,0.00107,0.646924,0.349864,0.00107,0.001071
AACTAGGCTTGGGTGT-1,0.140555,0.001265,0.636401,0.221147,0.000633
AACTCCAGAGCGTGTT-1,0.036208,0.244192,0.582809,0.104541,0.032249
AACTCCTAATCCCATG-1,0.004637,0.746654,0.013913,0.230158,0.004638
AACTCTCAGTGTGCTC-1,0.000105,0.00021,0.000316,0.727775,0.271593
AACTGAGGTCAGCGTC-1,0.010974,0.986618,0.001445,0.000482,0.000482
AACTGATATTAGGCCT-1,0.000346,0.000692,0.386773,0.546145,0.066044
AACTGGGTCCCGACGT-1,0.052988,0.060972,0.085421,0.555422,0.245197
AACTGGGTTCGAGCCG-1,0.000108,0.734354,0.12875,0.136681,0.000108
AACTGGTGTGGGCCTT-1,0.002556,0.63273,0.007667,0.354491,0.002555
AACTTCTGCGTCTATC-1,0.573743,0.171714,0.212714,0.041807,0.000023
AACTTGCCCGTATGCA-1,0.062521,0.063937,0.790647,0.002454,0.08044
AACTTGCGTTCTCGCG-1,0.221568,0.109138,0.567073,0.102107,0.000114
AACTTTAGCTGCTGAG-1,0.001181,0.128353,0.868103,0.001181,0.001181
AACTTTCTCGATCATG-1,0.001692,0.394843,0.005077,0.001692,0.596696
AAGAAAGTTTGATGGG-1,0.042395,0.181539,0.325933,0.338941,0.111191
AAGAAATCACCAGATT-1,0.000288,0.998273,0.000864,0.000288,0.000288
AAGAAGGATCAGTTAG-1,0.270106,0.07675,0.589292,0.002113,0.061738
AAGACCAAATAACTCA-1,0.007717,0.471429,0.181005,0.326984,0.012866
AAGACTCACGCCCACT-1,0.000107,0.226133,0.198525,0.013582,0.561653
AAGACTGCAAGCTACT-1,0.000305,0.000611,0.421171,0.415832,0.162081
AAGAGATGAATCGGTA-1,0.000113,0.288919,0.388407,0.009645,0.312917
AAGAGGATGTACGCGA-1,0.089545,0.000829,0.714989,0.043124,0.151513
AAGAGGCATGGATCGC-1,0.00068,0.001361,0.815919,0.000681,0.181359
AAGATGGCACCGGACC-1,0.000115,0.010547,0.286333,0.695244,0.007761
AAGCACCCTGCGTATC-1,0.001927,0.169142,0.622961,0.001927,0.204043
AAGCATACTCTCCTGA-1,0.000068,0.287618,0.366957,0.202923,0.142434
AAGCCACTTGCAGGTA-1,0.000157,0.282343,0.560573,0.15677,0.000157
AAGCCGAAGCGGTTTA-1,0.825508,0.099879,0.066917,0.000009,0.007686
AAGCCGCCGTGAAATC-1,0.028875,0.023952,0.673405,0.273532,0.000237
AAGCCGCTTTACCTTG-1,0.001869,0.327838,0.666554,0.001869,0.001869
AAGCGCAGGGCTTTGA-1,0.000384,0.244671,0.690737,0.000384,0.063823
AAGCGGAGTGCGCGCA-1,0.000724,0.091064,0.558078,0.262516,0.087619
AAGCGGCGTCATGGGT-1,0.003914,0.007826,0.011739,0.972604,0.003916
AAGCGTCCCTCATCGA-1,0.000182,0.000364,0.000546,0.998726,0.000182
AAGCTAGATCGAGTAA-1,0.076362,0.030933,0.285727,0.606869,0.000109
AAGCTATGGATTGACC-1,0.109214,0.441973,0.255992,0.11852,0.074301
AAGCTCTTTCATGGTG-1,0.001216,0.455869,0.424961,0.001216,0.116738
AAGGAGAACTTATAAG-1,0.000198,0.045956,0.951844,0.000198,0.001806
AAGGAGCGGTTGGTGC-1,0.187041,0.001595,0.386325,0.34135,0.083689
AAGGATCGATCGCTTG-1,0.000087,0.210646,0.538873,0.049116,0.201278
AAGGCAGGCTGTCTCC-1,0.000105,0.23399,0.471666,0.153006,0.141233
AAGGCGCGTAAAGCTT-1,0.000139,0.008149,0.740707,0.184162,0.066843
AAGGGAACGACTGGCT-1,0.000716,0.571517,0.002147,0.424905,0.000716
AAGGGACTATGCATTC-1,0.015542,0.79073,0.143593,0.050062,0.000072
AAGGGTTTGATTTCAG-1,0.338138,0.288248,0.000544,0.333435,0.039636
AAGGTATCCTAATATA-1,0.029325,0.187214,0.055873,0.284855,0.442733
AAGGTGATAAACCAGC-1,0.016698,0.197862,0.590593,0.129584,0.065263
AAGTAAGCTTCCAAAC-1,0.00012,0.435042,0.414652,0.147719,0.002466
AAGTAGAAGACCGGGT-1,0.018504,0.039986,0.724211,0.129534,0.087765
AAGTCAATTGTCGTCA-1,0.037467,0.740899,0.083346,0.000051,0.138236
AAGTCTAGTAGCTGCC-1,0.163199,0.52816,0.002087,0.000696,0.305859
AAGTGACGACCGAATT-1,0.000064,0.000128,0.04193,0.183334,0.774543
AAGTGAGTCGGGTTTA-1,0.173292,0.110673,0.100367,0.473552,0.142116
AAGTGCAAAGGTAGAC-1,0.000213,0.21225,0.346034,0.346895,0.094608
AAGTGCCTTGACTGTA-1,0.000068,0.267882,0.555285,0.073046,0.103719
AAGTGCGTTAGAATCT-1,0.000101,0.000203,0.000304,0.99929,0.000101
AAGTGCTTCTCTATTG-1,0.025661,0.583383,0.247748,0.105457,0.037752
AAGTGTTTGGAGACGG-1,0.003149,0.344407,0.45209,0.192116,0.008238
AAGTTCACTCCAAGCT-1,0.000526,0.624189,0.131801,0.187381,0.056102
AAGTTCAGTCTGCGTA-1,0.002913,0.005825,0.830954,0.002913,0.157395
AAGTTCGGCCAACAGG-1,0.000085,0.000171,0.106161,0.682069,0.211515
AAGTTTATGGGCCCAA-1,0.000394,0.089907,0.705111,0.075017,0.129571
AATAACACTAGAACAA-1,0.015929,0.619395,0.037927,0.326717,0.000032
AATAATCTTCGTATCG-1,0.156046,0.31655,0.486447,0.031587,0.00937
AATACAATGTTTCAGG-1,0.19268,0.291613,0.272477,0.206074,0.037156
AATACCGGAGGGCTGT-1,0.021017,0.081164,0.596779,0.147767,0.153273
AATAGAACAGAGTGGC-1,0.000131,0.000262,0.164894,0.80057,0.034143
AATAGAATCTGTTTCA-1,0.047406,0.552388,0.186021,0.076133,0.138052
AATAGCAAGCCTCCTG-1,0.001026,0.293271,0.525663,0.001026,0.179013
AATAGCTACCGCGTGC-1,0.002276,0.004553,0.762324,0.228569,0.002277
AATAGGCACGACCCTT-1,0.107797,0.170779,0.654348,0.066582,0.000494
AATAGTCCGTCCCGAC-1,0.00021,0.232405,0.329074,0.297852,0.14046
AATAGTCGCGAGTCGG-1,0.000072,0.038562,0.615575,0.151176,0.194615
AATATCAAGGTCGGAT-1,0.000344,0.404469,0.513998,0.080846,0.000344
AATATCCTAGCAAACT-1,0.000038,0.121562,0.169622,0.547376,0.161402
AATATCGAATCAATGC-1,0.554722,0.410196,0.031624,0.000016,0.003442
AATATCGAGGGTTCTC-1,0.001627,0.003253,0.858965,0.134529,0.001626
AATCAGGTTTCATTTA-1,0.000549,0.218387,0.779965,0.000549,0.000549
AATCATGTAAAGACTC-1,0.013522,0.310971,0.600494,0.035226,0.039788
AATCCAAGGGCCTGAG-1,0.003054,0.513666,0.009164,0.471062,0.003055
AATCGCCTCAGCGCCA-1,0.000196,0.024166,0.470905,0.308298,0.196435
AATCGCGCAGAGGACT-1,0.00008,0.517843,0.152546,0.00008,0.329451
AATCGGGACACTACGA-1,0.003794,0.482664,0.505955,0.003793,0.003794
AATCGTGAGCCGAGCA-1,0.012286,0.322608,0.521752,0.109762,0.033592
AATCTAGGTTTACTTG-1,0.0001,0.000201,0.219346,0.780252,0.0001
AATCTATGCCGGAGCC-1,0.000888,0.001776,0.390107,0.541341,0.065887
AATCTGGCTTTCTAGT-1,0.037338,0.178811,0.089442,0.647468,0.046942
AATCTGGGTAGACCCT-1,0.000824,0.495598,0.002472,0.000824,0.500282
AATGACAGCAATGTCT-1,0.025229,0.659193,0.029443,0.286096,0.000039
AATGACGTAGGATGTC-1,0.000259,0.210877,0.452434,0.336171,0.000259
AATGACTGTCAGCCGG-1,0.016007,0.281332,0.480415,0.196088,0.026157
AATGAGTTCGCATATG-1,0.236261,0.137763,0.410658,0.201342,0.013976
AATGATGATACGCTAT-1,0.219067,0.000835,0.001252,0.000417,0.778428
AATGATGCGACTCCTG-1,0.000934,0.167896,0.222524,0.53052,0.078126
AATGCAACCGGGTACC-1,0.000724,0.218596,0.624808,0.155148,0.000724
AATGCACCAAGCAATG-1,0.00019,0.111928,0.121046,0.621709,0.145127
AATGGCCGCCAATGCG-1,0.001181,0.992913,0.003544,0.001181,0.001181
AATGGTCCACCGTTCA-1,0.000072,0.417761,0.472497,0.056202,0.053469
AATGGTTCTCACAAGC-1,0.018187,0.022705,0.783744,0.166174,0.009189
AATGTATGGCACTGTA-1,0.084617,0.560102,0.035126,0.320107,0.000048
AATGTGCCCGAGGTGT-1,0.000204,0.000407,0.000611,0.998575,0.000204
AATGTGCTAATCTGAG-1,0.063861,0.051625,0.56808,0.316029,0.000405
AATTAAAGGTCGGCGT-1,0.041679,0.164337,0.04547,0.612757,0.135757
AATTAACGGATTTCCA-1,0.001815,0.462185,0.53237,0.001815,0.001815
AATTACGAGACCCATC-1,0.000099,0.000199,0.135992,0.40946,0.45425
AATTAGCGCTGCAGCG-1,0.000112,0.3163,0.257858,0.366428,0.059302
AATTCATAAGGGATCT-1,0.000681,0.299696,0.229583,0.128804,0.341236
AATTCATTGTCATGCA-1,0.000049,0.492251,0.222215,0.267044,0.018441
AATTCGATTCGAGGAT-1,0.031387,0.410215,0.204469,0.182005,0.171924
AATTCTAGAGTTAGGC-1,0.000189,0.191386,0.223225,0.585012,0.000189
AATTGAACGCTCTGGT-1,0.075142,0.916778,0.00797,0.000055,0.000055
AATTGCAGCAATCGAC-1,0.0133,0.066064,0.920352,0.000142,0.000142
AATTGCGTGGATTACA-1,0.000075,0.023407,0.389384,0.308582,0.278553
AATTTGGGACATAGTA-1,0.005965,0.340725,0.017891,0.629456,0.005964
AATTTGGTTCCAAAGA-1,0.000223,0.11965,0.70247,0.177435,0.000223
ACAAACCATGCGTCCT-1,0.000072,0.054797,0.468078,0.012685,0.464368
ACAAACTCCATCAGAG-1,0.034099,0.383088,0.357986,0.158373,0.066454
ACAAAGAAGGTAGGCC-1,0.014464,0.435074,0.166227,0.293967,0.090268
ACAAAGCATGACCTAG-1,0.08323,0.198799,0.607865,0.085201,0.024905
ACAAATCGCACCGAAT-1,0.009708,0.030475,0.823981,0.070779,0.065057
ACAAATGGTAGTGTTT-1,0.000354,0.026128,0.97281,0.000354,0.000354
ACAAATTCAGATCTGA-1,0.114209,0.420948,0.414446,0.00101,0.049387
ACAACGGTCCCTGCGA-1,0.002985,0.034131,0.661672,0.064431,0.23678
ACAAGGAAATCCGCCC-1,0.000086,0.139241,0.571783,0.283044,0.005846
ACAAGGATGCTTTAGG-1,0.017049,0.390705,0.460603,0.082904,0.048738
ACAAGGCCTACCAGCC-1,0.000588,0.197804,0.252564,0.000588,0.548457
ACAAGGGCAGGCTCTG-1,0.219785,0.705318,0.074825,0.000036,0.000036
ACAAGTAATTGTAAGG-1,0.041341,0.309729,0.388536,0.242607,0.017786
ACAATAGTCGTACGTT-1,0.000063,0.000127,0.000192,0.823394,0.176225
ACAATGAATACGGAGA-1,0.000148,0.000296,0.101732,0.806172,0.091652
ACAATGATTCTTCTAC-1,0.094758,0.143645,0.491381,0.172031,0.098185
ACAATTGTGTCTCTTT-1,0.794086,0.09106,0.0978,0.015567,0.001487
ACAATTTGGCCATATT-1,0.001628,0.251361,0.146854,0.000066,0.600091
ACACAAAGACGGGTGG-1,0.001456,0.259162,0.004368,0.4134,0.321613
ACACAAATATTCCTAG-1,0.000524,0.363143,0.140275,0.495534,0.000524
ACACACCAGGACCAGT-1,0.000108,0.419983,0.365529,0.035408,0.178971
ACACACTTTCTACACG-1,0.001815,0.130822,0.374568,0.321973,0.170822
ACACATGATCAAATCT-1,0.000636,0.001271,0.64747,0.258319,0.092304
ACACCCAGCATGCAGC-1,0.000261,0.000523,0.654059,0.344895,0.000261
ACACCCGAGAAATCCG-1,0.65564,0.06207,0.19328,0.088986,0.000024
ACACCCGTAAATCTGT-1,0.000798,0.001595,0.996012,0.000798,0.000798
ACACCGGTCTGACCGC-1,0.000197,0.127803,0.20286,0.628255,0.040885
ACACCTTAAGTAGGGC-1,0.000139,0.110839,0.628718,0.175014,0.08529
ACACCTTACTACTTGC-1,0.000077,0.532515,0.31878,0.038867,0.10976
ACACGGGAACTTAGGG-1,0.00033,0.08812,0.000989,0.580016,0.330546
ACACTCCAATGTCACT-1,0.329186,0.098704,0.484223,0.082466,0.005421
ACACTGATCAAGGTGT-1,0.000098,0.125062,0.035114,0.528923,0.310802
ACAGAACTGAGAACAA-1,0.028064,0.203218,0.204368,0.097955,0.466396
ACAGATTAGGTTAGTG-1,0.002087,0.341271,0.535602,0.118952,0.002087
ACAGCATAGAGCCAGT-1,0.005448,0.010889,0.016338,0.303075,0.664251
ACAGCGACATTCTCAT-1,0.093577,0.19289,0.580486,0.089971,0.043076
ACAGCGCACCCGCAGC-1,0.000346,0.212571,0.53644,0.000346,0.250297
ACAGGCACGGATCCTT-1,0.000188,0.000376,0.99906,0.000188,0.000188
ACAGGCTTGCCCGACT-1,0.086742,0.324373,0.467809,0.121008,0.000067
ACAGGTGGAGGTGAGG-1,0.133519,0.000092,0.029414,0.774812,0.062164
ACAGTAATACAACTTG-1,0.00004,0.084027,0.133097,0.659664,0.123171
ACAGTATACCGTGGGA-1,0.000291,0.418065,0.462436,0.118918,0.000291
ACAGTGCAGCGCATTT-1,0.000391,0.073519,0.765321,0.06952,0.091249
ACATAAGTCGTGGTGA-1,0.114426,0.200584,0.363718,0.000564,0.320708
ACATAATAAGGCGGTG-1,0.000134,0.166294,0.044992,0.221931,0.566649
ACATCAGCTGGGACGC-1,0.001332,0.002664,0.914492,0.08018,0.001332
ACATCCCGGCCATACG-1,0.000466,0.581352,0.001397,0.41632,0.000466
ACATCCTGGTAACTGT-1,0.000429,0.92585,0.000334,0.000111,0.073276
ACATCGATCGTTTACC-1,0.000155,0.000309,0.399775,0.530657,0.069104
ACATCGCAATATTCGG-1,0.018735,0.29055,0.452336,0.117913,0.120465
ACATCGTATGCAATGG-1,0.05179,0.883659,0.005629,0.000067,0.058855
ACATGCTTACGGCAGC-1,0.076425,0.133033,0.417264,0.352571,0.020707
ACATGGCGCCAAAGTA-1,0.000136,0.112156,0.548351,0.249101,0.090256
ACATTAGTTTATATCC-1,0.000221,0.31678,0.156727,0.526051,0.000221
ACATTCGCGCGGAATA-1,0.000159,0.571676,0.384589,0.043417,0.000159
ACCAAACACCCAGCGA-1,0.00025,0.086308,0.683872,0.096763,0.132807
ACCAACACCACACACT-1,0.125593,0.002432,0.869543,0.001216,0.001216
ACCAACCGCACTCCAC-1,0.070969,0.168254,0.592312,0.053266,0.115199
ACCAACGCTTATTTAT-1,0.027331,0.19747,0.055467,0.650408,0.069324
ACCAAGAACGCGTGTC-1,0.000198,0.000396,0.83282,0.166389,0.000198
ACCAATATGCAAGTTA-1,0.204426,0.003683,0.653693,0.001842,0.136356
ACCACAAGTTTCTATC-1,0.000352,0.22814,0.232841,0.443738,0.094929
ACCACCAATGTAACAA-1,0.046,0.328845,0.503973,0.066462,0.05472
ACCACCCTCTCTTCTA-1,0.000858,0.001716,0.340376,0.161989,0.495062
ACCACGTGCAGCTATA-1,0.000141,0.202561,0.403283,0.367154,0.02686
ACCAGGAGTGTGATCT-1,0.151019,0.075652,0.472457,0.300469,0.000403
ACCAGTGCCCGGTCAA-1,0.001585,0.003171,0.975702,0.017957,0.001585
ACCAGTGCGGGAGACG-1,0.205541,0.054088,0.705219,0.031942,0.00321
ACCATATCCGCAATAA-1,0.000096,0.31984,0.249058,0.103803,0.327203
ACCATCCGCCAACTAG-1,0.000062,0.000124,0.000186,0.911744,0.087885
ACCATCGTATATGGTA-1,0.000202,0.000404,0.066624,0.374034,0.558736
ACCCACCTACATGCTC-1,0.094421,0.044706,0.596589,0.175056,0.089227
ACCCATTTGTCCCTCT-1,0.061384,0.36846,0.474095,0.085694,0.010367
ACCCGAGCGAAATTAC-1,0.00018,0.000359,0.395837,0.554445,0.04918
ACCCGATTGGTTCCGA-1,0.031257,0.615488,0.110327,0.242663,0.000265
ACCCGGAAACTCCCAG-1,0.001491,0.257911,0.628689,0.110418,0.001491
ACCCGGTTACACTTCC-1,0.000102,0.005115,0.166595,0.242038,0.58615
ACCCGTAGCAGAGAAT-1,0.058737,0.087753,0.285854,0.425237,0.142419
ACCCTATGCCATATCG-1,0.055754,0.068191,0.040104,0.550605,0.285345
ACCCTCCCTTGCTATT-1,0.010698,0.333319,0.326772,0.259642,0.06957
ACCCTGGTAACGCCCT-1,0.063965,0.590194,0.322922,0.000278,0.022641
ACCCTTCATCTGCGAA-1,0.608659,0.006262,0.009393,0.003131,0.372556
ACCCTTGCCTGGGTCG-1,0.000323,0.631536,0.137512,0.153487,0.077142
ACCGAAAGGGCCCTGC-1,0.003577,0.007156,0.982113,0.003577,0.003577
ACCGAAGAGTCTGGTT-1,0.000147,0.489003,0.259974,0.244544,0.006333
ACCGACACATCTCCCA-1,0.001278,0.756528,0.003834,0.001278,0.237083
ACCGACTGAGTCCCAC-1,0.000215,0.000431,0.000647,0.19592,0.802787
ACCGAGTCTCCTTATT-1,0.00024,0.375482,0.348462,0.24766,0.028156
ACCGATATTTAATCAT-1,0.201007,0.601675,0.197272,0.000023,0.000023
ACCGCAATAACTGCCT-1,0.007836,0.067921,0.8372,0.042041,0.045002
ACCGCGGTGGAAGTCG-1,0.064705,0.062201,0.537209,0.031036,0.304849
ACCGCTAGTCATTGGT-1,0.117486,0.281766,0.479176,0.039932,0.081641
ACCGGGCCTTTGTTGA-1,0.177541,0.009192,0.750163,0.059246,0.003857
ACCGGTCAGGTACACC-1,0.000526,0.101629,0.31136,0.585959,0.000526
ACCGGTCTGAGTACGG-1,0.001099,0.002197,0.70266,0.001099,0.292946
ACCGTCCACTGGGCCC-1,0.006179,0.015741,0.308937,0.554189,0.114954
ACCGTGACCACGTGGG-1,0.000181,0.000361,0.33725,0.529654,0.132555
ACCTAAGTACCTTTCA-1,0.00012,0.000241,0.000361,0.999157,0.00012
ACCTACAGTATGTGGT-1,0.051275,0.412477,0.318569,0.106588,0.111091
ACCTCCGCCCTCGCTG-1,0.228343,0.117095,0.510022,0.12554,0.019
ACCTCCGTTATTCACC-1,0.400884,0.000592,0.326287,0.053261,0.218975
ACCTCGAACTTATGCT-1,0.039849,0.140018,0.369176,0.066959,0.383998
ACCTGCGTGTCATGTT-1,0.000057,0.019703,0.03159,0.860577,0.088073
ACGACTGGTCATACTC-1,0.000239,0.000477,0.488009,0.492447,0.018829
ACGAGAACCCATCACG-1,0.07215,0.115968,0.749882,0.037725,0.024274
ACGAGATATTTGCTTA-1,0.000526,0.001052,0.95247,0.000526,0.045425
ACGAGGATACCACTCT-1,0.000105,0.087779,0.305182,0.606829,0.000105
ACGAGGTTTACAACGT-1,0.341361,0.37448,0.175947,0.108146,0.000065
ACGAGTACGGATGCCC-1,0.001304,0.002609,0.406416,0.267447,0.322225
ACGATACATAGAACTA-1,0.002754,0.892223,0.023874,0.018619,0.062531
ACGATCATACATAGAG-1,0.0002,0.513745,0.167161,0.318695,0.0002
ACGATGGATCCGATGC-1,0.000268,0.000535,0.904405,0.031613,0.063179
ACGCAAACTAATAGAT-1,0.000166,0.198683,0.398876,0.247818,0.154456
ACGCAATCACTACAGC-1,0.10565,0.67468,0.002982,0.000994,0.215695
ACGCATAAATGACATG-1,0.000623,0.244754,0.029877,0.724123,0.000623
ACGCATACGTTTACTA-1,0.019925,0.288436,0.589708,0.06126,0.040671
ACGCCAGATGATTTCT-1,0.00015,0.002712,0.147917,0.849071,0.00015
ACGCCGCTAGACGACC-1,0.029445,0.704897,0.095042,0.170547,0.000069
ACGCGAAGTCAGACGA-1,0.059491,0.184493,0.087233,0.668644,0.000139
ACGCGCTACACAGGGT-1,0.043224,0.418381,0.044357,0.001336,0.492702
ACGCTAGTATCAGTGC-1,0.001089,0.441173,0.019475,0.001089,0.537174
ACGGAATTTAGCAAAT-1,0.000357,0.35534,0.547101,0.096845,0.000357
ACGGACGCAGCGACAA-1,0.061163,0.235988,0.447565,0.185154,0.07013
ACGGACTCTCAAAGCG-1,0.000626,0.333779,0.19906,0.309949,0.156586
ACGGAGCGCAAATTAC-1,0.003477,0.006957,0.010436,0.975651,0.003478
ACGGATGGTGCGGATA-1,0.001815,0.003752,0.990804,0.001815,0.001815
ACGGCACTTGCTTGGG-1,0.000175,0.409931,0.024756,0.372172,0.192966
ACGGCCAACATGGACT-1,0.000121,0.178823,0.386799,0.309338,0.12492
ACGGCGACGATGGGAA-1,0.192479,0.420118,0.345393,0.041856,0.000154
ACGGCGGGTTGCCCTG-1,0.000681,0.476868,0.40642,0.000681,0.11535
ACGGCTGGATGTAGAA-1,0.261239,0.677368,0.054389,0.000087,0.006917
ACGGGAGTGTCGGCCC-1,0.043641,0.080099,0.015818,0.86037,0.000073
ACGGGCGTATGCGACA-1,0.00117,0.002341,0.281474,0.577238,0.137777
ACGGGTCATGTGACTT-1,0.019649,0.09821,0.73921,0.142876,0.000054
ACGGGTTGTGACCTGT-1,0.043434,0.023215,0.434839,0.456398,0.042115
ACGGTCACCGAGAACA-1,0.073921,0.432245,0.308434,0.1762,0.0092
ACGTACAGATTTCTCT-1,0.001692,0.003384,0.579033,0.001692,0.414198
ACGTACTTTGGCACGG-1,0.000302,0.94977,0.049323,0.000303,0.000302
ACGTAGGAGAGTCGCT-1,0.000444,0.501,0.221371,0.13986,0.137326
ACGTATTACTCCGATC-1,0.172855,0.188967,0.415659,0.001216,0.221303
ACGTCGGGCAACTCGG-1,0.023598,0.26943,0.150618,0.143035,0.413319
ACGTCTCGTTCCGGGA-1,0.036155,0.942489,0.018097,0.003249,0.00001
ACGTGACAAAGTAAGT-1,0.075476,0.083051,0.139474,0.690052,0.011947
ACGTGCGCCTCGTGCA-1,0.000557,0.067954,0.292052,0.634308,0.00513
ACGTTAATGTCGAAGA-1,0.100351,0.063952,0.169176,0.593891,0.072629
ACGTTATTGGTCACTC-1,0.516928,0.063017,0.373348,0.046672,0.000035
ACGTTCACTATGCCGC-1,0.026131,0.584348,0.247372,0.044558,0.097591
ACGTTCCGCGCTCCGT-1,0.003795,0.677623,0.011383,0.303404,0.003795
ACGTTCGCAATCAATT-1,0.207474,0.001595,0.002393,0.482666,0.305872
ACGTTCGTTCAGGAAA-1,0.000243,0.000486,0.295799,0.605042,0.09843
ACGTTCTGTACAAGTC-1,0.076877,0.306113,0.5121,0.067513,0.037397
ACGTTGTCGTTGAAAG-1,0.000184,0.30407,0.553622,0.136953,0.005172
ACGTTTAGTTGTGATC-1,0.003913,0.52925,0.45901,0.003913,0.003913
ACTAAGGACGCACACC-1,0.000382,0.449618,0.246033,0.303585,0.000382
ACTAATACGTCAGGCG-1,0.004818,0.009632,0.01445,0.066299,0.904802
ACTACATCCCGACAAG-1,0.000199,0.319008,0.112527,0.269707,0.298558
ACTACCAGCTCTCTGG-1,0.000115,0.535461,0.343573,0.120737,0.000115
ACTACCATCCGAGGGC-1,0.013717,0.384561,0.38025,0.195894,0.025578
ACTAGTTGCGATCGTC-1,0.807941,0.040529,0.141639,0.000013,0.009878
ACTATATGCTGTGTTC-1,0.00313,0.782268,0.20834,0.003131,0.003131
ACTATCCAGGGCATGG-1,0.000116,0.123898,0.613722,0.254834,0.00743
ACTATCTGCCCGCGTA-1,0.160083,0.168535,0.642445,0.02709,0.001847
ACTATGTCCAGCTGCC-1,0.000389,0.298025,0.367971,0.184315,0.1493
ACTATTCGTCCGTGGT-1,0.126978,0.244976,0.183268,0.269479,0.175298
ACTATTTCCGGGCCCA-1,0.000147,0.159525,0.177073,0.663108,0.000147
ACTCAACGAATGTATT-1,0.184818,0.35963,0.353305,0.102099,0.000148
ACTCAAGTGCAAGGCT-1,0.014016,0.297521,0.46611,0.221774,0.000579
ACTCAATAAAGGCACG-1,0.000107,0.068796,0.060776,0.590118,0.280203
ACTCAGACCTGCTTCT-1,0.04465,0.117245,0.733434,0.015012,0.089659
ACTCATGGCAGCCTTC-1,0.000321,0.382352,0.177899,0.242739,0.19669
ACTCCAATATCATCAT-1,0.000338,0.492528,0.117592,0.389203,0.000338
ACTCCCATTCCTAAAG-1,0.000048,0.000096,0.265246,0.694945,0.039664
ACTCCCGTAGACTAGG-1,0.000949,0.367431,0.184468,0.4462,0.000952
ACTCCCTAATGCTAAA-1,0.001376,0.583313,0.199141,0.001376,0.214794
ACTCCCTAGAATAGTA-1,0.038501,0.231628,0.126183,0.349623,0.254065
ACTCCGGCCGACCACT-1,0.046434,0.000563,0.904028,0.000281,0.048693
ACTCGATGTATTTCAT-1,0.005534,0.336206,0.37081,0.23906,0.04839
ACTCGCGATCTGACGC-1,0.000489,0.174003,0.82453,0.000489,0.000489
ACTCGTAACCCGTCCT-1,0.000097,0.000194,0.09517,0.904443,0.000097
ACTCGTCAGTAATCCC-1,0.000248,0.199922,0.419025,0.265199,0.115606
ACTCTCTGACTTAGGT-1,0.000168,0.01738,0.53734,0.349584,0.095528
ACTCTCTTATACACGA-1,0.00124,0.599701,0.22959,0.00124,0.168229
ACTCTTGTATAGTAAC-1,0.211081,0.338602,0.195113,0.223547,0.031657
ACTGAAACGCCGTTAG-1,0.06187,0.292087,0.490951,0.11403,0.041062
ACTGAATGGCGAAAGT-1,0.081713,0.300761,0.423534,0.188195,0.005798
ACTGCCCGCCATTCTC-1,0.076362,0.922692,0.000568,0.000189,0.000189
ACTGCCGTCGTAACTC-1,0.000567,0.001133,0.214981,0.782753,0.000567
ACTGCGGACACACCGT-1,0.000703,0.001407,0.65863,0.000704,0.338556
ACTGCTCGGAAGGATG-1,0.000047,0.073033,0.53294,0.33608,0.057901
ACTGGCGAACCTGCGT-1,0.001118,0.002236,0.613651,0.365983,0.017012
ACTGTATACGCGAGCA-1,0.107666,0.2178,0.367871,0.2728,0.033863
ACTGTCTTCTTTAGAA-1,0.0002,0.918032,0.000599,0.051809,0.02936
ACTGTGCTAGTAGATC-1,0.202257,0.122957,0.426283,0.248343,0.00016
ACTTACCGGGCGCGCA-1,0.004638,0.374435,0.013935,0.602354,0.004638
ACTTACGCATCCACGC-1,0.000876,0.513253,0.171241,0.129772,0.184859
ACTTAGTACGACAAGA-1,0.075593,0.117466,0.738758,0.03313,0.035052
ACTTATTAGGATCGGT-1,0.000108,0.027989,0.246541,0.059019,0.666344
ACTTATTTATGTGCCA-1,0.000255,0.091953,0.609906,0.241823,0.056063
ACTTCAGGCTGATCCC-1,0.047348,0.654359,0.153154,0.000081,0.145057
ACTTCCAGTGGAAGCT-1,0.025765,0.150033,0.239343,0.490092,0.094766
ACTTCCATGCGGGACA-1,0.009979,0.518898,0.309508,0.119441,0.042175
ACTTCCTGTCGTGCGA-1,0.000818,0.175738,0.591037,0.071314,0.161092
ACTTCGCCATACGCAC-1,0.000176,0.000352,0.021748,0.781109,0.196615
ACTTGACTCCCTCTTT-1,0.05536,0.317787,0.231393,0.048379,0.34708
ACTTGCCATATTGTAC-1,0.016066,0.349614,0.432876,0.148983,0.052461
ACTTGCTCTATCTACC-1,0.000184,0.616416,0.000552,0.382663,0.000184
ACTTGTAGTCCCTTCA-1,0.000065,0.002589,0.119541,0.456087,0.421719
ACTTGTGGATGGAACG-1,0.390311,0.332253,0.27105,0.000027,0.006359
ACTTTATACACCACTT-1,0.063382,0.338863,0.348152,0.168557,0.081046
ACTTTCCTATAGCTTC-1,0.000737,0.367884,0.00221,0.000737,0.628433
ACTTTGGTCGTGCTCC-1,0.000935,0.001869,0.458038,0.414405,0.124753
ACTTTGTCGACGCACT-1,0.238652,0.100628,0.660513,0.000103,0.000103
AGAAATTATGACTCGC-1,0.094434,0.265249,0.632198,0.000235,0.007885
AGAACACGGCGATGGT-1,0.036128,0.345165,0.251787,0.303473,0.063447
AGAACCCAGCGTGACA-1,0.261159,0.30267,0.248103,0.181442,0.006627
AGAACCCTCAATTGGG-1,0.096993,0.163858,0.535703,0.186193,0.017253
AGAACGTGGTACATTC-1,0.000117,0.06984,0.185419,0.326786,0.417838
AGAAGGTACACTTCAC-1,0.000089,0.000178,0.368894,0.510031,0.120809
AGAAGGTTGCCGAATT-1,0.000087,0.000173,0.00026,0.182731,0.816749
AGAAGGTTGTAGGTCG-1,0.000209,0.234106,0.618935,0.146542,0.000209
AGAAGTGATTCGTGAT-1,0.034124,0.007772,0.00341,0.704639,0.250055
AGAATGCGGGTTCGGA-1,0.086746,0.833468,0.079543,0.000121,0.000121
AGAATTGTTTGACATA-1,0.429417,0.176158,0.255493,0.107571,0.031361
AGACAGCTCAGAATCC-1,0.238945,0.297647,0.388083,0.030683,0.044642
AGACATAGATCCTTCC-1,0.066054,0.003528,0.826887,0.001764,0.101768
AGACCAAACCACACCT-1,0.002499,0.089648,0.386948,0.326103,0.194802
AGACCATGGGATACAA-1,0.000348,0.123323,0.757133,0.07677,0.042426
AGACCCACCGCTGATC-1,0.000211,0.000422,0.023466,0.975689,0.000211
AGACCCGCCCTCCTCG-1,0.00107,0.002141,0.721352,0.274367,0.00107
AGACCGCTCCGCGGTT-1,0.587123,0.053281,0.358934,0.000019,0.000643
AGACCGGGAAACCCTG-1,0.037144,0.309183,0.158274,0.495373,0.000026
AGACGAAGTGCCGGTC-1,0.161477,0.401156,0.320822,0.000048,0.116497
AGACGACGATGCCGCT-1,0.000069,0.007287,0.399025,0.592733,0.000886
AGACGGGCCGATTTAA-1,0.005691,0.011387,0.017083,0.960144,0.005694
AGACTGTTACCGGGTC-1,0.000409,0.03824,0.925432,0.03551,0.000409
AGAGAAACACCAGAAA-1,0.000602,0.352739,0.165482,0.480575,0.000602
AGAGAAGGAGTACAAT-1,0.02021,0.000263,0.136036,0.624449,0.219042
AGAGATCTCTAAAGCG-1,0.000119,0.000237,0.396577,0.278343,0.324724
AGAGCAGTTATGAGAC-1,0.013971,0.535458,0.33207,0.041222,0.077279
AGAGCGCTTGTAACGG-1,0.00144,0.002879,0.316139,0.483854,0.195689
AGAGCGGGCTAATCAT-1,0.000935,0.316091,0.002804,0.462463,0.217709
AGAGCGTACAAGCTCG-1,0.037726,0.156506,0.575947,0.221394,0.008427
AGAGGCTTCGGAAACC-1,0.486066,0.119535,0.369214,0.00002,0.025165
AGAGGGACAATTGTCC-1,0.000474,0.076919,0.921658,0.000474,0.000474
AGAGGTATCTCGGTCC-1,0.002363,0.253453,0.358539,0.002363,0.383283
AGAGTAAACTTCACTA-1,0.755319,0.048413,0.155385,0.040874,0.00001
AGAGTATAGTGTTACG-1,0.001715,0.459091,0.535763,0.001715,0.001716
AGAGTGAACAGACACC-1,0.032437,0.288451,0.542223,0.000476,0.136414
AGAGTTAGAGACCGAT-1,0.000222,0.967413,0.000667,0.000222,0.031475
AGAGTTGCAGGCCTCC-1,0.000361,0.176999,0.688932,0.040563,0.093145
AGATAATCACACCTAT-1,0.021811,0.267859,0.498024,0.097651,0.114655
AGATACCAGCACTTCA-1,0.000143,0.458413,0.174314,0.000143,0.366987
AGATACGACTTCATAT-1,0.089624,0.209122,0.52736,0.17348,0.000413
AGATACTCAAGATCGA-1,0.000417,0.606815,0.245101,0.000417,0.147249
AGATATAATACGACTA-1,0.001764,0.43104,0.563669,0.001764,0.001763
AGATCGTGCATAAGAT-1,0.000212,0.000424,0.240203,0.699917,0.059243
AGATCTCAGGTGTGAT-1,0.000411,0.000821,0.33993,0.343703,0.315135
AGATCTGGAGAGGATA-1,0.048046,0.212572,0.356999,0.314239,0.068145
AGATGACTCGCCCACG-1,0.15248,0.620008,0.08373,0.000138,0.143644
AGATGAGGGTTGCGAT-1,0.004318,0.008639,0.012954,0.969772,0.004318
AGATGCAAGACGTGCA-1,0.000204,0.12053,0.071782,0.80728,0.000204
AGATGCATCCTGTGTC-1,0.000054,0.000109,0.312679,0.602998,0.084161
AGATTCAAGCGGGTCG-1,0.000876,0.175936,0.377258,0.207952,0.237979
AGATTCACAACCGATA-1,0.006954,0.069417,0.263349,0.628991,0.031289
AGCAAAGGCCGCTAGT-1,0.002197,0.320202,0.556946,0.118457,0.002197
AGCAACCGAAAGTAAT-1,0.001818,0.332971,0.217918,0.44721,0.000083
AGCACACGTTTAGACT-1,0.139744,0.339275,0.316423,0.023737,0.18082
AGCACCAGTACTCACG-1,0.000143,0.000286,0.280819,0.249307,0.469445
AGCACTACCTCACCAG-1,0.000124,0.207087,0.543947,0.19901,0.049832
AGCAGAAGGAGAAAGA-1,0.001626,0.261581,0.437989,0.297178,0.001626
AGCAGCCAGATGAATA-1,0.000963,0.398175,0.28211,0.000963,0.317788
AGCATATCAATATGCT-1,0.095992,0.211691,0.565256,0.087469,0.039591
AGCATCATTTCGAAAG-1,0.000054,0.382142,0.469106,0.137774,0.010925
AGCATCGTCGATAATT-1,0.000319,0.353639,0.161252,0.48447,0.000319
AGCCACAGGTTACCCG-1,0.029018,0.232076,0.636646,0.040765,0.061495
AGCCACTCCCGTGCTT-1,0.028914,0.328155,0.109633,0.214433,0.318865
AGCCCATACATGTAAG-1,0.000109,0.000217,0.077299,0.877961,0.044413
AGCCCGGCATTAGAGG-1,0.000864,0.001727,0.653851,0.342695,0.000864
AGCCCGGTAGCCTGTA-1,0.000103,0.145512,0.364562,0.256517,0.233306
AGCCCTAAGCGAAGTT-1,0.003053,0.445591,0.545248,0.003054,0.003054
AGCCCTCCCTGGTGGC-1,0.056776,0.455286,0.30374,0.184105,0.000093
AGCCCTGTCGCACCGT-1,0.000344,0.034385,0.496828,0.014858,0.453586
AGCCCTTCTAATCCGA-1,0.000538,0.001075,0.226505,0.721534,0.050348
AGCCGTGGCTAAATGT-1,0.115988,0.046024,0.055615,0.771484,0.010888
AGCCTAATACCCACGT-1,0.00009,0.081788,0.289741,0.078877,0.549504
AGCCTTAAAGCGGAAG-1,0.100292,0.074006,0.758531,0.066301,0.000871
AGCCTTGTCACTGATA-1,0.02012,0.308199,0.151052,0.000108,0.520521
AGCGACAGGAACGGTC-1,0.056821,0.000086,0.075787,0.465766,0.40154
AGCGACATCCCATTCA-1,0.141082,0.105702,0.432666,0.320173,0.000377
AGCGACCAACGATATT-1,0.000148,0.004701,0.723383,0.27162,0.000148
AGCGACTTTGAAGACA-1,0.001611,0.357693,0.426645,0.146588,0.067464
AGCGAGACGTGAAGGC-1,0.000202,0.475777,0.368719,0.0001,0.155203
AGCGCATAATGAATCG-1,0.000593,0.001187,0.997033,0.000594,0.000594
AGCGCGGGTGCCAATG-1,0.000505,0.00101,0.806204,0.000505,0.191776
AGCGCTAGAGCGATGT-1,0.000135,0.268737,0.201082,0.000135,0.529911
AGCGCTTATGGGCAAG-1,0.001089,0.218866,0.531989,0.246967,0.001089
AGCGGACACTTCGTAG-1,0.000882,0.19422,0.803134,0.000882,0.000882
AGCGGCGGTTAGCGGT-1,0.000056,0.019897,0.368911,0.599705,0.011431
AGCGGGAAGGGTCCAT-1,0.000442,0.114869,0.656067,0.000443,0.228179
AGCGGTTGAGATGTAC-1,0.053928,0.00045,0.540806,0.305739,0.099077
AGCGGTTGCCGCTCTG-1,0.000142,0.20194,0.439337,0.000142,0.358438
AGCGTCTGAACCCGCA-1,0.151334,0.241684,0.452115,0.150872,0.003995
AGCGTGGTATTCTACT-1,0.026119,0.224608,0.30533,0.352532,0.091411
AGCGTTCCGATTTAAA-1,0.000107,0.044897,0.256224,0.490892,0.207879
AGCTAACAAGCAATGT-1,0.148031,0.656828,0.027852,0.167207,0.000082
AGCTAAGCTCCGTCCG-1,0.013333,0.189762,0.610768,0.120905,0.065232
AGCTAAGTACGCAGGC-1,0.107843,0.311982,0.392988,0.139011,0.048177
AGCTAGAAGCAGAAGT-1,0.000161,0.000322,0.083455,0.23254,0.683521
AGCTATTTAATCCAAC-1,0.098441,0.066678,0.02719,0.807593,0.000098
AGCTCCATATATGTTC-1,0.000136,0.104166,0.83647,0.000136,0.059092
AGCTCCTTCGCACATC-1,0.47846,0.010731,0.307484,0.203235,0.000091
AGCTCGTTGATGGAAA-1,0.000391,0.34128,0.397629,0.244534,0.016166
AGCTCTAGACGTTCCA-1,0.000091,0.015761,0.427172,0.327109,0.229868
AGCTCTTCCCAGTGCA-1,0.000181,0.000362,0.023393,0.232304,0.743759
AGCTCTTCGTAACCTT-1,0.000139,0.113616,0.469695,0.330955,0.085596
AGCTCTTTACTCAGTT-1,0.00062,0.00124,0.18952,0.0853,0.72332
AGCTGAAGTAAACCAA-1,0.00008,0.004317,0.218362,0.431269,0.345972
AGCTGCATTTGAGGTG-1,0.000255,0.783539,0.180441,0.035577,0.000187
AGCTGCTGTGCCGAAT-1,0.000605,0.47077,0.262999,0.000605,0.265021
AGCTGTAACCTCAATC-1,0.000191,0.000383,0.000574,0.99866,0.000191
AGCTTATAGAGACCTG-1,0.001128,0.291359,0.460813,0.001128,0.245571
AGCTTGATCAGGGTAG-1,0.000741,0.107277,0.564918,0.213211,0.113853
AGCTTGATCTTAACTT-1,0.000084,0.000169,0.000253,0.836186,0.163308
AGGAAGCTGTCCGCCG-1,0.375799,0.001575,0.374731,0.176126,0.071769
AGGACAGTCGAATCCC-1,0.024647,0.279296,0.548506,0.058362,0.089188
AGGACATCGCACGTCG-1,0.050033,0.297154,0.482465,0.124317,0.046031
AGGACGACCCATTAGA-1,0.034314,0.101662,0.041,0.041644,0.781379
AGGACGCTCGATGTTG-1,0.000633,0.001265,0.001898,0.000632,0.995572
AGGAGACATCCACAGT-1,0.001423,0.002846,0.395037,0.404605,0.196089
AGGAGAGTCTGGCTAC-1,0.000386,0.000773,0.379642,0.162973,0.456225
AGGAGGCCTTCGCGCG-1,0.026838,0.295559,0.569275,0.101598,0.00673
AGGATAAAGTCGGGAT-1,0.000088,0.317084,0.279401,0.365803,0.037625
AGGATATAGGGATTTA-1,0.000197,0.000394,0.736879,0.101579,0.160951
AGGATCACGCGATCTG-1,0.000056,0.000111,0.012789,0.848627,0.138417
AGGCAAAGAGGAATCA-1,0.013288,0.357387,0.535479,0.076868,0.016978
AGGCAGGGAGCGTACT-1,0.018118,0.045105,0.159314,0.620647,0.156815
AGGCATTGTCGTAGGG-1,0.010914,0.056147,0.835399,0.016904,0.080635
AGGCCACATTGGTTAC-1,0.213779,0.435767,0.294374,0.000123,0.055957
AGGCCCATTGTACAGG-1,0.005965,0.011929,0.590807,0.005963,0.385336
AGGCCCTAGAACGCCA-1,0.000061,0.000123,0.041964,0.899934,0.057918
AGGCCTGAGAATCTCG-1,0.016157,0.323093,0.544193,0.07717,0.039387
AGGCGGTTTGTCCCGC-1,0.000681,0.001361,0.772632,0.224646,0.000681
AGGCGTCTATGGACGG-1,0.001239,0.002479,0.993801,0.00124,0.00124
AGGCTATGGTTAGCTT-1,0.00011,0.002694,0.738154,0.223954,0.035088
AGGCTTCCCGAAGAAG-1,0.000083,0.000165,0.006309,0.609931,0.383512
AGGCTTGCTAGACACC-1,0.003483,0.635592,0.132217,0.171956,0.056752
AGGGAAACGAGGTACT-1,0.000585,0.00117,0.267657,0.412451,0.318137
AGGGACAGCACGGCGG-1,0.00067,0.157407,0.840584,0.00067,0.00067
AGGGACCGGCTGCGTT-1,0.000113,0.099336,0.243406,0.284481,0.372665
AGGGACTCTACGCGAC-1,0.091762,0.33983,0.389579,0.092029,0.0868
AGGGCGAGCAGCTGAT-1,0.000057,0.000113,0.106397,0.836049,0.057384
AGGGCGTGATCGGCTA-1,0.000194,0.039197,0.895891,0.064524,0.000194
AGGGTCAGAGCACTCG-1,0.002197,0.004395,0.588507,0.402705,0.002197
AGGGTCAGTAACCCTA-1,0.002455,0.004911,0.376205,0.613974,0.002455
AGGGTGCCGTTCTTTA-1,0.00033,0.000659,0.379511,0.619171,0.000329
AGGGTGGATAGTGCAT-1,0.000122,0.243982,0.276607,0.07685,0.402439
AGGGTGTGCTACACGC-1,0.000452,0.000904,0.743742,0.25445,0.000452
AGGGTTCAGACGGTCC-1,0.000636,0.001271,0.957808,0.000636,0.039649
AGGTAACCTCCTATTC-1,0.029479,0.176229,0.62064,0.055673,0.117978
AGGTACGATATTGCCA-1,0.000295,0.349718,0.557901,0.000295,0.091792
AGGTAGATCGAGATAT-1,0.040686,0.420998,0.224614,0.046936,0.266765
AGGTATAATTGATAGT-1,0.274363,0.001692,0.583509,0.000846,0.139591
AGGTCAGGTGAGAGTG-1,0.000062,0.000123,0.188252,0.76549,0.046073
AGGTCGCGGAGTTACT-1,0.000846,0.001692,0.002539,0.000846,0.994076
AGGTTACACCATGCCG-1,0.023794,0.788129,0.105646,0.065659,0.016772
AGGTTCTCCTTTCCGG-1,0.000337,0.271364,0.162208,0.564557,0.001533
AGGTTGAGGCACGCTT-1,0.000114,0.000227,0.138667,0.271518,0.589473
AGGTTTCACACACCTT-1,0.28902,0.672717,0.013002,0.025213,0.000048
AGTAACGTTCATCCTG-1,0.003794,0.00759,0.408765,0.576056,0.003795
AGTAATGTCTTGCCGC-1,0.002609,0.005218,0.986955,0.002609,0.002609
AGTAATTTGCAAGCGT-1,0.025587,0.076921,0.270089,0.549359,0.078044
AGTACAGAAGCTTATA-1,0.059234,0.280691,0.498318,0.027597,0.13416
AGTACCTTCGAGTGCT-1,0.000971,0.162825,0.463051,0.000971,0.372183
AGTACGGGCACCTGGC-1,0.156647,0.554782,0.013274,0.104295,0.171003
AGTACGTGGCCTGTCT-1,0.001927,0.003853,0.795625,0.196668,0.001926
AGTACTCTTATGCCCA-1,0.080065,0.247181,0.481322,0.02839,0.163041
AGTAGCTAGACGCCGA-1,0.000741,0.001482,0.24945,0.000741,0.747586
AGTAGGAAGGAAGTTG-1,0.001149,0.156549,0.003447,0.581096,0.257759
AGTAGGTAACATACAT-1,0.405029,0.004245,0.006368,0.372186,0.212171
AGTATAATACTAGGCA-1,0.000083,0.195532,0.49917,0.305133,0.000083
AGTATACACAGCGACA-1,0.00034,0.000681,0.929024,0.045692,0.024264
AGTATGCTGGAGACCA-1,0.000205,0.000409,0.560821,0.431164,0.007402
AGTATTTGGCACGACC-1,0.000315,0.072099,0.772156,0.012145,0.143284
AGTCAAATGATGTGAT-1,0.000043,0.40406,0.449524,0.14633,0.000043
AGTCAACACCACCATC-1,0.000052,0.174032,0.010659,0.129102,0.686154
AGTCAAGATGACACTT-1,0.022278,0.230449,0.624213,0.122957,0.000102
AGTCACTAGCTCTCGA-1,0.011153,0.316815,0.433643,0.219513,0.018876
AGTCAGCCACCGCCTG-1,0.088508,0.158697,0.513663,0.238955,0.000177
AGTCCATTGGCTGATG-1,0.000272,0.3278,0.167094,0.478355,0.026478
AGTCCCGCCTTTAATT-1,0.22099,0.46871,0.069462,0.24073,0.000107
AGTCCCTCGCAGAAAG-1,0.000323,0.028641,0.793291,0.043149,0.134596
AGTCGAAACGATTCAG-1,0.00014,0.050302,0.27767,0.541885,0.130002
AGTCGGCCCAAACGAC-1,0.011591,0.398025,0.338643,0.216343,0.035397
AGTCGGCTCAACTTTA-1,0.000059,0.000117,0.001514,0.998252,0.000059
AGTCGGTTGCGTGAGA-1,0.00006,0.835258,0.096164,0.045242,0.023275
AGTCGTATAAAGCAGA-1,0.019477,0.372329,0.414836,0.179485,0.013874
AGTCGTCGACCACCAA-1,0.117872,0.27486,0.403479,0.178753,0.025036
AGTCGTGGGCATTACG-1,0.000116,0.000232,0.160497,0.399976,0.439179
AGTCTCACAAGACTAC-1,0.0002,0.000399,0.000599,0.998602,0.0002
AGTCTGGACATCCTTG-1,0.527344,0.118141,0.31663,0.037851,0.000034
AGTCTTCTCCTCAAAT-1,0.000162,0.260103,0.03139,0.61933,0.089015
