Barcode,Topic 1,Topic 2to5,Topic 6to7
AAACAAGTATCTCCCA-1,0.001766,0.734936,0.263298
AAACAGCTTTCAGAAG-1,0.000189,0.999436,0.000375
AAACAGGGTCTATATT-1,0.770928,0.228813,0.000259
AAACATTTCCCGGATT-1,0.007946,0.976144,0.01591
AAACCCGAACGAAATC-1,0.00196,0.902448,0.095592
AAACCGGAAATGTTAA-1,0.001907,0.994276,0.003817
AAACCGGGTAGGTACC-1,0.032064,0.722144,0.245792
AAACCTAAGCAGCCGG-1,0.02441,0.845638,0.129952
AAACCTCATGAAGTTG-1,0.085543,0.910832,0.003625
AAACGAAGAACATACC-1,0.02573,0.968176,0.006093
AAACGAGACGGTTGAT-1,0.000132,0.145386,0.854482
AAACGGGCGTACGGGT-1,0.006501,0.980493,0.013006
AAACGGTTGCGAACTG-1,0.002235,0.993291,0.004474
AAACTCGGTTCGCAAT-1,0.002861,0.991414,0.005726
AAACTGCTGGCTCCAA-1,0.000441,0.64811,0.351448
AAACTTGCAAACGTAT-1,0.514105,0.485472,0.000424
AAAGACCCAAGTCGCG-1,0.002271,0.993185,0.004544
AAAGACTGGGCGCTTT-1,0.003996,0.99552,0.000484
AAAGCTTGCCTACATA-1,0.194806,0.767062,0.038132
AAAGGCTACGGACCAT-1,0.000383,0.875798,0.123819
AAAGGCTCTCGCGCCG-1,0.000785,0.710531,0.288684
AAAGGGATGTAGCAAG-1,0.001244,0.926906,0.07185
AAAGGGCAGCTTGAAT-1,0.005958,0.982114,0.011929
AAAGTAGCATTGCTCA-1,0.004616,0.986138,0.009247
AAAGTCACTGATGTAA-1,0.008014,0.988939,0.003046
AAAGTCGACCCTCAGT-1,0.001266,0.784323,0.214411
AAAGTGCCATCAATTA-1,0.005109,0.902425,0.092466
AAAGTGTGATTTATCT-1,0.006293,0.880755,0.112952
AAAGTTGACTCCCGTA-1,0.000348,0.929791,0.069861
AAATAAGGTAGTGCCC-1,0.920727,0.078897,0.000376
AAATACCTATAAGCAT-1,0.000698,0.77241,0.226893
AAATAGCTTAGACTTT-1,0.080375,0.868715,0.05091
AAATAGGGTGCTATTG-1,0.001384,0.976767,0.02185
AAATCCGATACACGCC-1,0.00062,0.998156,0.001224
AAATCTAGCCCTGCTA-1,0.001324,0.996025,0.002651
AAATGCTCGTTACGTT-1,0.000187,0.949675,0.050138
AAATGGCATGTCTTGT-1,0.001538,0.24481,0.753652
AAATGGCCCGTGCCCT-1,0.000509,0.998483,0.001008
AAATGGTCAATGTGCC-1,0.000309,0.639463,0.360228
AAATGTATCTTATCCC-1,0.000258,0.999226,0.000516
AAATTAACGGGTAGCT-1,0.000104,0.184031,0.815865
AAATTAATAAGCGCGA-1,0.000146,0.979932,0.019922
AAATTACCTATCGATG-1,0.660537,0.270223,0.06924
AAATTCCAGGTCCAAA-1,0.001959,0.795331,0.20271
AAATTGATAGTCCTTT-1,0.017918,0.788273,0.193809
AAATTTGCGGGTGTGG-1,0.048967,0.795246,0.155787
AACAACTGGTAGTTGC-1,0.000299,0.999103,0.000598
AACAATTACTCTACGC-1,0.002648,0.992049,0.005303
AACACACGCTCGCCGC-1,0.000603,0.998204,0.001193
AACACGACTGTACTGA-1,0.007152,0.978525,0.014323
AACACGAGACGCGGCC-1,0.184427,0.815175,0.000398
AACACGCGGCCGCGAA-1,0.028823,0.969612,0.001565
AACAGGAAATCGAATA-1,0.00793,0.75879,0.23328
AACAGGATGGGCCGCG-1,0.112619,0.883889,0.003492
AACAGGTAGTATGGAT-1,0.011,0.966971,0.022029
AACATTGTGACTCGAG-1,0.008026,0.988128,0.003846
AACCAAGACTTCTCTG-1,0.430618,0.522988,0.046394
AACCATGGGATCGCTA-1,0.001375,0.995871,0.002753
AACCCAGAGACGGAGA-1,0.004333,0.986982,0.008685
AACCCGAGCAGAATCG-1,0.048434,0.940113,0.011453
AACCCTACTGTCAATA-1,0.000405,0.903032,0.096564
AACCCTGGTGGAACCA-1,0.023037,0.718546,0.258417
AACCGAGCTTGGTCAT-1,0.000527,0.324253,0.67522
AACCGCTAAGGGATGC-1,0.00022,0.992184,0.007596
AACCGTTGTGTTTGCT-1,0.002135,0.8674,0.130465
AACCTCGCTTTAGCCC-1,0.005965,0.982107,0.011928
AACCTGTCACGGAATT-1,0.018752,0.859652,0.121595
AACCTTTAAATACGGT-1,0.002183,0.876177,0.12164
AACGATAATGCCGTAG-1,0.000122,0.999633,0.000245
AACGATAGAAGGGCCG-1,0.000563,0.99831,0.001127
AACGCGAACGGCAACA-1,0.18696,0.812905,0.000135
AACGCGACCTTGGGCG-1,0.012691,0.941088,0.046221
AACGCGGTCTCCAGCC-1,0.000878,0.997366,0.001757
AACGCTGTTGCTGAAA-1,0.00596,0.982097,0.011943
AACGGACGTACGTATA-1,0.000254,0.895351,0.104396
AACGGCCATCTCCGGT-1,0.033803,0.631515,0.334682
AACGTCAGACTAGTGG-1,0.000463,0.99861,0.000927
AACGTGCGAAAGTCTC-1,0.014053,0.288916,0.697031
AACGTTATCAGCACCT-1,0.002119,0.997511,0.000369
AACTACCCGTTTGTCA-1,0.003576,0.68906,0.307364
AACTAGCGTATCGCAC-1,0.000761,0.416852,0.582387
AACTAGGCTTGGGTGT-1,0.000528,0.821589,0.177883
AACTCAAGTTAATTGC-1,0.047308,0.948973,0.003718
AACTCCAGAGCGTGTT-1,0.000389,0.998833,0.000778
AACTCGATGGCGCAGT-1,0.000312,0.999063,0.000625
AACTGAGTTATACTGA-1,0.006501,0.86079,0.132709
AACTGATATTAGGCCT-1,0.001723,0.994824,0.003452
AACTGGGTCCCGACGT-1,0.000409,0.618802,0.38079
AACTGGTGTGGGCCTT-1,0.005721,0.982822,0.011457
AACTTCTGCGTCTATC-1,0.000279,0.967165,0.032556
AACTTGCCCGTATGCA-1,0.013142,0.983995,0.002863
AACTTGCGTTCTCGCG-1,0.000313,0.99906,0.000627
AACTTTACGGGAGCTT-1,0.000248,0.931643,0.068108
AACTTTAGCTGCTGAG-1,0.007151,0.978522,0.014327
AAGAAGGATCAGTTAG-1,0.001296,0.996147,0.002557
AAGACATACGTGGTTT-1,0.00311,0.794919,0.201971
AAGACCCAACTGAACA-1,0.000373,0.82439,0.175238
AAGAGATGAATCGGTA-1,0.005298,0.984091,0.010611
AAGAGCTCTTTATCGG-1,0.000056,0.035177,0.964767
AAGAGGATGTACGCGA-1,0.060308,0.91638,0.023312
AAGAGGCATGGATCGC-1,0.000301,0.395346,0.604354
AAGAGGCCCTTTGGAA-1,0.004469,0.654518,0.341013
AAGATTGGCGGAACGT-1,0.030858,0.727333,0.24181
AAGCACCCTGCGTATC-1,0.000592,0.998234,0.001174
AAGCATACTCTCCTGA-1,0.000345,0.762725,0.23693
AAGCCGAAGCGGTTTA-1,0.00298,0.691901,0.305119
AAGCCGGAGAGCAGGA-1,0.002918,0.99124,0.005843
AAGCGCAGGGCTTTGA-1,0.011001,0.966991,0.022008
AAGCGTCCCTCATCGA-1,0.03065,0.968167,0.001183
AAGCTAGATCGAGTAA-1,0.000416,0.766179,0.233405
AAGCTCTTTCATGGTG-1,0.012334,0.984745,0.002922
AAGGAGAACTTATAAG-1,0.001084,0.996747,0.00217
AAGGAGCGGTTGGTGC-1,0.005765,0.99272,0.001515
AAGGATCGATCGCTTG-1,0.126107,0.649834,0.224059
AAGGATGAGGGACCTC-1,0.029289,0.594491,0.37622
AAGGCAGGCTGTCTCC-1,0.001811,0.994565,0.003625
AAGGCGCGTAAAGCTT-1,0.000239,0.982719,0.017041
AAGGCTGTGCTCATCG-1,0.001015,0.863545,0.135441
AAGGGACAGATTCTGT-1,0.351612,0.436356,0.212032
AAGGTGATAAACCAGC-1,0.000191,0.918452,0.081357
AAGTAGAAGACCGGGT-1,0.000154,0.999539,0.000307
AAGTAGTGACGCGAGG-1,0.012389,0.733757,0.253854
AAGTCAATTGTCGTCA-1,0.041717,0.956493,0.00179
AAGTCTTCTGTGGCCT-1,0.001626,0.99512,0.003255
AAGTGACGACCGAATT-1,0.094487,0.76349,0.142023
AAGTGAGTCGGGTTTA-1,0.000392,0.710083,0.289525
AAGTGCAAAGGTAGAC-1,0.009289,0.936398,0.054313
AAGTGCCTTGACTGTA-1,0.000935,0.997195,0.00187
AAGTGCGTTAGAATCT-1,0.047716,0.947257,0.005027
AAGTGTTTGGAGACGG-1,0.190756,0.808906,0.000338
AAGTTCACTCCAAGCT-1,0.000403,0.998795,0.000802
AAGTTCGGCCAACAGG-1,0.008183,0.737888,0.253929
AAGTTGTGATGTTATA-1,0.030759,0.712013,0.257228
AAGTTTACTAATGGCA-1,0.004334,0.787571,0.208095
AAGTTTATGGGCCCAA-1,0.003973,0.988073,0.007955
AATAACAACGCTCGGC-1,0.000905,0.943826,0.055268
AATAATCTTCGTATCG-1,0.00572,0.982836,0.011444
AATACAATGTTTCAGG-1,0.000303,0.880314,0.119383
AATAGAATCTGTTTCA-1,0.000056,0.999834,0.000111
AATAGTCCGTCCCGAC-1,0.001283,0.65453,0.344187
AATAGTCGCGAGTCGG-1,0.000127,0.987282,0.012591
AATATCAAGGTCGGAT-1,0.005499,0.983484,0.011017
AATATCCTAGCAAACT-1,0.000218,0.981944,0.017839
AATATCGAATCAATGC-1,0.004617,0.994375,0.001008
AATATTGGAGTATTGA-1,0.073493,0.920997,0.00551
AATCATGTAAAGACTC-1,0.0022,0.993396,0.004404
AATCCAAGGGCCTGAG-1,0.002135,0.993589,0.004275
AATCCATGCAAGGGTG-1,0.002894,0.897891,0.099215
AATCGCCTCAGCGCCA-1,0.000272,0.651103,0.348624
AATCGCGCAGAGGACT-1,0.046377,0.746777,0.206846
AATCGGGACACTACGA-1,0.001337,0.805926,0.192738
AATCGTGAGCCGAGCA-1,0.00311,0.990667,0.006224
AATCTAGGTTTACTTG-1,0.002751,0.991741,0.005508
AATCTATGCCGGAGCC-1,0.031387,0.965078,0.003536
AATCTCTACTGTGGTT-1,0.0065,0.980492,0.013007
AATCTGCGTTGGGACG-1,0.01668,0.86808,0.115239
AATCTGGCTTTCTAGT-1,0.005959,0.98211,0.01193
AATGACAGCAATGTCT-1,0.082161,0.917067,0.000772
AATGACGTAGGATGTC-1,0.009669,0.882768,0.107563
AATGACTGTCAGCCGG-1,0.000209,0.941748,0.058044
AATGAGTTCGCATATG-1,0.000269,0.923133,0.076598
AATGATGATACGCTAT-1,0.01472,0.45028,0.535001
AATGCAACCGGGTACC-1,0.000656,0.950561,0.048783
AATGCACCAAGCAATG-1,0.01341,0.76971,0.216879
AATGGTCCACCGTTCA-1,0.000325,0.873797,0.125878
AATGGTTCTCACAAGC-1,0.007947,0.97614,0.015913
AATGTGCCCGAGGTGT-1,0.005749,0.930679,0.063572
AATGTTGTCGTGAGAC-1,0.0055,0.324671,0.669829
AATTAAAGGTCGGCGT-1,0.003616,0.000364,0.99602
AATTAACGGATTTCCA-1,0.000799,0.997601,0.0016
AATTAGCGCTGCAGCG-1,0.01525,0.622708,0.362042
AATTCATAAGGGATCT-1,0.091554,0.516014,0.392433
AATTCCAAGCATGTAC-1,0.00596,0.982107,0.011933
AATTCGATTCGAGGAT-1,0.145304,0.793616,0.061079
AATTCTAGAGTTAGGC-1,0.001683,0.743102,0.255215
AATTGAACGCTCTGGT-1,0.000227,0.997072,0.002701
AATTGCAGCAATCGAC-1,0.0065,0.98048,0.01302
AATTGTGGTTGCCAAA-1,0.011002,0.966973,0.022025
AATTTGGTTCCAAAGA-1,0.009538,0.971369,0.019093
ACAAAGAAGGTAGGCC-1,0.007349,0.992427,0.000224
ACAAAGCATGACCTAG-1,0.00286,0.991411,0.005729
ACAAATCGCACCGAAT-1,0.000168,0.999495,0.000337
ACAAATGGTAGTGTTT-1,0.002104,0.993684,0.004212
ACAACGGTCCCTGCGA-1,0.002201,0.993392,0.004407
ACAAGCAGTGCCTAGC-1,0.002167,0.993496,0.004338
ACAAGCTATATGGAAG-1,0.001349,0.995949,0.002702
ACAAGGAAATCCGCCC-1,0.000211,0.952191,0.047598
ACAAGGACAAGAGGTT-1,0.000217,0.899796,0.099988
ACAAGGATGCTTTAGG-1,0.009412,0.941559,0.049029
ACAAGGGCAGGCTCTG-1,0.000378,0.778652,0.220971
ACAATAGTCGTACGTT-1,0.043482,0.875673,0.080845
ACAATCCATTTAAACC-1,0.000354,0.871899,0.127748
ACAATTGTGTCTCTTT-1,0.005722,0.982828,0.01145
ACAATTTAGGAGGCTC-1,0.015571,0.982558,0.001872
ACAATTTGGCCATATT-1,0.004086,0.839854,0.15606
ACACAAAGACGGGTGG-1,0.000473,0.998591,0.000936
ACACACCAGGACCAGT-1,0.006364,0.993297,0.000339
ACACACTTTCTACACG-1,0.008959,0.905577,0.085464
ACACCACATAATTAGC-1,0.472142,0.526404,0.001454
ACACCCAGCATGCAGC-1,0.000163,0.836359,0.163478
ACACCCGAGAAATCCG-1,0.020831,0.898549,0.08062
ACACCGAGCGCTCTTT-1,0.000099,0.990575,0.009326
ACACCTTAAGTAGGGC-1,0.006346,0.992801,0.000852
ACACCTTACTACTTGC-1,0.005298,0.984087,0.010615
ACACGGGAACTTAGGG-1,0.034213,0.458591,0.507197
ACACGTAGGCCACAAG-1,0.003764,0.9887,0.007536
ACACTCCAATGTCACT-1,0.000276,0.804607,0.195118
ACACTGATCAAGGTGT-1,0.005829,0.574342,0.419829
ACACTGGGACAGTCGT-1,0.006812,0.979556,0.013632
ACAGAACTGAGAACAA-1,0.002861,0.991415,0.005724
ACAGATTAGGTTAGTG-1,0.00596,0.982117,0.011924
ACAGCATAGAGCCAGT-1,0.009541,0.971327,0.019131
ACAGCGACATTCTCAT-1,0.001788,0.994633,0.00358
ACAGGCACGGATCCTT-1,0.006219,0.981325,0.012456
ACAGGCTTGCCCGACT-1,0.000387,0.998845,0.000768
ACAGGTGTGTTGTTGC-1,0.002699,0.991897,0.005404
ACAGTAATACAACTTG-1,0.454849,0.544787,0.000364
ACATAATAAGGCGGTG-1,0.000586,0.857291,0.142123
ACATCAGCTGGGACGC-1,0.004088,0.987725,0.008186
ACATCCCGGCCATACG-1,0.000818,0.610656,0.388526
ACATCCTGGTAACTGT-1,0.148521,0.733257,0.118221
ACATCGGTCAGCCGCG-1,0.09604,0.587567,0.316392
ACATCGTATGCAATGG-1,0.002386,0.928421,0.069193
ACATGGCGCCAAAGTA-1,0.354278,0.59316,0.052561
ACATTAGTTTATATCC-1,0.020295,0.685361,0.294345
ACCAACCGCACTCCAC-1,0.02402,0.970578,0.005402
ACCAACGCTTATTTAT-1,0.001744,0.113972,0.884283
ACCAAGAACGCGTGTC-1,0.000503,0.998503,0.000994
ACCAAGTCATCGGCAG-1,0.023586,0.974027,0.002387
ACCAATATGCAAGTTA-1,0.000111,0.918442,0.081447
ACCACAAGTTTCTATC-1,0.000402,0.752418,0.24718
ACCACCAATGTAACAA-1,0.000364,0.756344,0.243292
ACCACGTGCAGCTATA-1,0.00581,0.896442,0.097748
ACCAGACCATAACAAC-1,0.002073,0.993777,0.00415
ACCAGGAGTGTGATCT-1,0.042092,0.953434,0.004475
ACCAGTGCGGGAGACG-1,0.000291,0.999128,0.000581
ACCATATCCGCAATAA-1,0.016827,0.510473,0.4727
ACCATCCGCCAACTAG-1,0.005913,0.932104,0.061982
ACCATCGTATATGGTA-1,0.018256,0.493783,0.487961
ACCATTAAGGGTGTCA-1,0.000601,0.998195,0.001204
ACCCAACGCCCGTGGC-1,0.019553,0.632211,0.348236
ACCCACCTACATGCTC-1,0.008941,0.539523,0.451535
ACCCATCTTGAGGGTA-1,0.00706,0.873293,0.119647
ACCCATTTGTCCCTCT-1,0.002466,0.606227,0.391307
ACCCGGAAACTCCCAG-1,0.000795,0.934796,0.06441
ACCCGGAGCACCACAA-1,0.005722,0.982817,0.011462
ACCCGGATGACGCATC-1,0.252722,0.700804,0.046475
ACCCGGTTACACTTCC-1,0.018967,0.146113,0.83492
ACCCGTAGTCTAGTTG-1,0.016622,0.814522,0.168856
ACCCGTGTCATCAGTA-1,0.001703,0.879985,0.118312
ACCCTATAGGACTGAG-1,0.000401,0.998799,0.0008
ACCCTCCCGTCAGGGC-1,0.016452,0.979876,0.003672
ACCCTCCCTTGCTATT-1,0.00027,0.936597,0.063133
ACCCTTCATCTGCGAA-1,0.000668,0.998,0.001332
ACCGAAAGGGCCCTGC-1,0.00596,0.982101,0.011938
ACCGACACATCTCCCA-1,0.000817,0.864076,0.135107
ACCGACTGAGTCCCAC-1,0.000361,0.155445,0.844194
ACCGAGTCTCCTTATT-1,0.003326,0.990016,0.006658
ACCGATAGGCATAACC-1,0.004613,0.986151,0.009236
ACCGATATTTAATCAT-1,0.007154,0.978518,0.014328
ACCGCAATAACTGCCT-1,0.000185,0.899049,0.100766
ACCGCGGTGGAAGTCG-1,0.002466,0.992598,0.004936
ACCGGGCCTTTGTTGA-1,0.035972,0.885289,0.078739
ACCTAAGTACCTTTCA-1,0.069848,0.892582,0.03757
ACCTAATCGACTTCCT-1,0.001987,0.916807,0.081206
ACCTACAGTATGTGGT-1,0.002466,0.822779,0.174756
ACCTACTATAAATCTA-1,0.035709,0.881917,0.082374
ACCTCCGCCCTCGCTG-1,0.007944,0.651759,0.340297
ACCTCCGTTATTCACC-1,0.332967,0.508576,0.158457
ACCTGCGTGTCATGTT-1,0.906703,0.088995,0.004302
ACGAAATGGGCGGCAC-1,0.001242,0.882053,0.116705
ACGACCCATGAGTTGC-1,0.003866,0.988396,0.007738
ACGAGAACCCATCACG-1,0.145862,0.672211,0.181927
ACGAGGATACCACTCT-1,0.002804,0.99158,0.005616
ACGATACCTATCCTGA-1,0.000175,0.999477,0.000348
ACGATCATACATAGAG-1,0.000748,0.540594,0.458658
ACGATCATCTTGTAAA-1,0.027522,0.857357,0.11512
ACGATGCATATGTTAT-1,0.015936,0.952971,0.031094
ACGATGGATCCGATGC-1,0.024677,0.329074,0.646248
ACGCAAACTAATAGAT-1,0.010379,0.572735,0.416887
ACGCATACGTTTACTA-1,0.002918,0.99124,0.005841
ACGCATTCGTGAGTAC-1,0.009804,0.025943,0.964253
ACGCCAGATGATTTCT-1,0.018475,0.572388,0.409137
ACGCCGCTAGACGACC-1,0.006775,0.524387,0.468838
ACGCGAAGTCAGACGA-1,0.008903,0.551867,0.43923
ACGCGCTACACAGGGT-1,0.051555,0.947648,0.000797
ACGCGTTTCTTAAGAG-1,0.000206,0.99938,0.000413
ACGCTGTGAGGCGTAG-1,0.002699,0.991899,0.005401
ACGGAATTTAGCAAAT-1,0.000396,0.998819,0.000785
ACGGACTCTCAAAGCG-1,0.000466,0.998602,0.000933
ACGGATGGTGCGGATA-1,0.000354,0.998937,0.000709
ACGGCACTTGCTTGGG-1,0.001255,0.870236,0.128509
ACGGCCAACATGGACT-1,0.022056,0.424534,0.55341
ACGGCGACGATGGGAA-1,0.000072,0.999786,0.000143
ACGGGAGTGTCGGCCC-1,0.001212,0.996361,0.002427
ACGGGTCATGTGACTT-1,0.000118,0.999647,0.000235
ACGTACAGATTTCTCT-1,0.012997,0.960985,0.026019
ACGTAGGAGAGTCGCT-1,0.001389,0.83266,0.165951
ACGTATTACTCCGATC-1,0.002554,0.992334,0.005112
ACGTCTCGTTCCGGGA-1,0.000111,0.999667,0.000222
ACGTGACAAAGTAAGT-1,0.018977,0.980363,0.00066
ACGTGCGCCTCGTGCA-1,0.001858,0.994423,0.003719
ACGTTAATGTCGAAGA-1,0.00021,0.298414,0.701376
ACGTTAGATTTGCCCG-1,0.025775,0.713931,0.260294
ACGTTATTGGTCACTC-1,0.000289,0.999133,0.000577
ACGTTCCGCGCTCCGT-1,0.006218,0.981341,0.012442
ACGTTCGCAATCAATT-1,0.298844,0.700249,0.000906
ACGTTCTGTACAAGTC-1,0.004469,0.986576,0.008955
ACGTTTAGTTGTGATC-1,0.001202,0.815327,0.183471
ACTACCAGCTCTCTGG-1,0.000409,0.998773,0.000818
ACTACGCGTTAGAATT-1,0.000277,0.770795,0.228928
ACTAGTTGCGATCGTC-1,0.002235,0.993286,0.004479
ACTATCCAGGGCATGG-1,0.003577,0.989265,0.007158
ACTATCTGCCCGCGTA-1,0.005502,0.847056,0.147442
ACTATTCGTCCGTGGT-1,0.000474,0.898844,0.100683
ACTCAACGAATGTATT-1,0.001723,0.838634,0.159643
ACTCAAGTGCAAGGCT-1,0.006483,0.991682,0.001835
ACTCAATAAAGGCACG-1,0.000662,0.499921,0.499417
ACTCAGACCTGCTTCT-1,0.004334,0.986994,0.008672
ACTCCCATTCCTAAAG-1,0.268174,0.661349,0.070477
ACTCCCGAATTCGTTT-1,0.03073,0.862077,0.107193
ACTCCCTAATGCTAAA-1,0.001389,0.907068,0.091543
ACTCCCTAGAATAGTA-1,0.027457,0.750695,0.221848
ACTCCGGCCGACCACT-1,0.002601,0.992192,0.005207
ACTCGATGTATTTCAT-1,0.000302,0.999094,0.000604
ACTCGCCGTTCGATAA-1,0.003326,0.788474,0.2082
ACTCGCGATCTGACGC-1,0.007149,0.978526,0.014325
ACTCGTAACCCGTCCT-1,0.051744,0.937248,0.011008
ACTCGTCAGTAATCCC-1,0.019169,0.100858,0.879973
ACTCTAAACCTGGGAT-1,0.002847,0.996855,0.000298
ACTCTCTGACTTAGGT-1,0.006909,0.872868,0.120223
ACTCTGACCTAATAGA-1,0.002235,0.993282,0.004483
ACTCTTCAGCTCCCGC-1,0.013006,0.960948,0.026046
ACTGAAACGCCGTTAG-1,0.000577,0.998269,0.001154
ACTGAATGGCGAAAGT-1,0.000118,0.976758,0.023124
ACTGCCGTCGTAACTC-1,0.001959,0.775962,0.222079
ACTGCGGACACACCGT-1,0.022443,0.97513,0.002427
ACTGCTCGGAAGGATG-1,0.020714,0.978883,0.000403
ACTGTAGCACTTTGGA-1,0.002946,0.972154,0.0249
ACTGTATACGCGAGCA-1,0.001644,0.824451,0.173905
ACTGTCCAGGATTATA-1,0.000331,0.692518,0.307152
ACTGTCTTCTTTAGAA-1,0.000235,0.388807,0.610957
ACTGTGCTAGTAGATC-1,0.001788,0.96196,0.036252
ACTGTTTAGTGTAGGC-1,0.016249,0.666955,0.316796
ACTTACGCATCCACGC-1,0.000966,0.997125,0.001909
ACTTAGTACGACAAGA-1,0.003043,0.440664,0.556293
ACTTATACTTACCCGG-1,0.158725,0.570198,0.271076
ACTTATTAGGATCGGT-1,0.000203,0.193831,0.805966
ACTTATTTATGTGCCA-1,0.000563,0.998309,0.001128
ACTTCAGGCTGATCCC-1,0.000213,0.917537,0.082251
ACTTCCATGCGGGACA-1,0.004767,0.985697,0.009536
ACTTCGCTAGCGAGTG-1,0.026252,0.968343,0.005405
ACTTGACTCCCTCTTT-1,0.000458,0.592217,0.407325
ACTTGCCATATTGTAC-1,0.00681,0.979563,0.013627
ACTTGGGACCCGGTGG-1,0.000263,0.815404,0.184334
ACTTGTAGTCCCTTCA-1,0.003094,0.901861,0.095045
ACTTGTGGATGGAACG-1,0.013008,0.960959,0.026032
ACTTTACCCTCATGAA-1,0.13601,0.612352,0.251637
ACTTTCCTATAGCTTC-1,0.000578,0.432939,0.566483
ACTTTGACTGCATCCT-1,0.002699,0.991901,0.0054
ACTTTGTCGACGCACT-1,0.007943,0.976162,0.015895
AGAAATTATGACTCGC-1,0.009531,0.971362,0.019107
AGAACCCAGCGTGACA-1,0.006218,0.981331,0.012451
AGAAGAGCGCCGTTCC-1,0.008939,0.973171,0.01789
AGAAGGTACACTTCAC-1,0.018782,0.941787,0.039431
AGAAGGTTGCCGAATT-1,0.009746,0.140071,0.850183
AGAAGGTTGTAGGTCG-1,0.011566,0.985732,0.002701
AGAAGTGATTCGTGAT-1,0.090496,0.907367,0.002137
AGAATAAATCTTCAGG-1,0.003044,0.990863,0.006093
AGAATTGTTTGACATA-1,0.001625,0.975138,0.023238
AGACAGCTCAGAATCC-1,0.000222,0.999333,0.000445
AGACAGGCATCTCAGC-1,0.004469,0.986589,0.008942
AGACATAGATCCTTCC-1,0.011002,0.966991,0.022007
AGACCAAACCACACCT-1,0.029294,0.970611,0.000095
AGACCATGGGATACAA-1,0.001663,0.995007,0.00333
AGACCCACCGCTGATC-1,0.000941,0.57497,0.424089
AGACCCGCCCTCCTCG-1,0.000633,0.837594,0.161773
AGACCGCTCCGCGGTT-1,0.0143,0.957073,0.028626
AGACCGGGAAACCCTG-1,0.000375,0.924438,0.075187
AGACGAAGTGCCGGTC-1,0.003446,0.99552,0.001034
AGACGACGATGCCGCT-1,0.049005,0.575183,0.375812
AGACGCCCACTTCGCC-1,0.008421,0.97472,0.016859
AGACTAGCCTTCCAGA-1,0.000557,0.933348,0.066096
AGACTGTTACCGGGTC-1,0.061412,0.692842,0.245746
AGAGAACCGTCTAGGA-1,0.021698,0.783878,0.194424
AGAGATCTCTAAAGCG-1,0.000398,0.998811,0.000791
AGAGCAGTTATGAGAC-1,0.005502,0.983478,0.01102
AGAGCCGCCGAGATTT-1,0.008939,0.973156,0.017906
AGAGCGGGCTAATCAT-1,0.001959,0.994119,0.003922
AGAGCGTACAAGCTCG-1,0.002751,0.991739,0.00551
AGAGCTACGAAAGCAT-1,0.000114,0.999658,0.000228
AGAGGCTTCGGAAACC-1,0.004767,0.985693,0.00954
AGAGTAAACTTCACTA-1,0.002103,0.993687,0.00421
AGAGTATAGTGTTACG-1,0.369476,0.629478,0.001045
AGATAACTTCAGGGCC-1,0.004314,0.888472,0.107214
AGATACCAATAGAACC-1,0.008411,0.974741,0.016848
AGATACCGGTGTTCAC-1,0.208538,0.731014,0.060448
AGATACGACTTCATAT-1,0.006505,0.980476,0.013019
AGATACTCAAGATCGA-1,0.000093,0.999723,0.000184
AGATATAATACGACTA-1,0.003179,0.990452,0.006369
AGATCGTGCATAAGAT-1,0.002466,0.579314,0.41822
AGATGACTCGCCCACG-1,0.00043,0.799117,0.200453
AGATGATGGAGTCTGG-1,0.752166,0.247358,0.000476
AGATGCATCCTGTGTC-1,0.015946,0.983967,0.000088
AGATTATAGGACGTTT-1,0.002945,0.344423,0.652632
AGATTCACAACCGATA-1,0.001464,0.998399,0.000137
AGCAAAGGCCGCTAGT-1,0.000568,0.911789,0.087643
AGCAACATATCTTATT-1,0.005825,0.976471,0.017704
AGCAACCGAAAGTAAT-1,0.015207,0.917144,0.067648
AGCACCAGTACTCACG-1,0.017019,0.308605,0.674375
AGCACTACCGGCCTGT-1,0.002345,0.992959,0.004696
AGCACTACCTCACCAG-1,0.006408,0.881848,0.111744
AGCACTTAAGGACGCC-1,0.005612,0.925709,0.068678
AGCAGAAGGAGAAAGA-1,0.003407,0.989771,0.006822
AGCAGCCAGATGAATA-1,0.01182,0.623139,0.365041
AGCATATCAATATGCT-1,0.009719,0.989009,0.001272
AGCATCATTTCGAAAG-1,0.065466,0.776336,0.158198
AGCATCGTCGATAATT-1,0.000459,0.848722,0.150819
AGCATTACGAGGCAAG-1,0.003178,0.688845,0.307977
AGCCAAGCTTTGTGTC-1,0.000822,0.701358,0.29782
AGCCACAGGTTACCCG-1,0.000753,0.99774,0.001508
AGCCATATAGTATGTG-1,0.004334,0.986987,0.008679
AGCCCATACATGTAAG-1,0.197725,0.69855,0.103725
AGCCCGCAACAAGCAG-1,0.000959,0.892963,0.106078
AGCCCGGTAGCCTGTA-1,0.000402,0.95356,0.046038
AGCCCTAAGCGAAGTT-1,0.001059,0.541399,0.457542
AGCCCTGTCGCACCGT-1,0.002509,0.992466,0.005024
AGCCCTTGGACATCCC-1,0.026865,0.967039,0.006096
AGCCGCAAATTCAAAT-1,0.003179,0.990456,0.006365
AGCCGTGGCTAAATGT-1,0.007151,0.978528,0.014322
AGCCTAATACCCACGT-1,0.009463,0.990186,0.00035
AGCCTTAAAGCGGAAG-1,0.000262,0.969119,0.030619
AGCGACATCCCATTCA-1,0.000478,0.40569,0.593832
AGCGACCAACGATATT-1,0.078051,0.73218,0.189769
AGCGATGCGCCTAATA-1,0.011003,0.966969,0.022028
AGCGCATAATGAATCG-1,0.00022,0.398289,0.601491
AGCGCGGGTGCCAATG-1,0.162122,0.596772,0.241106
AGCGCTAGAGCGATGT-1,0.007527,0.977389,0.015084
AGCGGACACTTCGTAG-1,0.007946,0.97615,0.015904
AGCGGCGGTTAGCGGT-1,0.019232,0.980556,0.000212
AGCGGGAAGGGTCCAT-1,0.000905,0.997282,0.001813
AGCGGGTCTGACACTC-1,0.006221,0.981327,0.012452
AGCGTACGAGAGCTAG-1,0.008242,0.991407,0.000352
AGCGTCTGAACCCGCA-1,0.002307,0.883088,0.114605
AGCGTGGTATTCTACT-1,0.000832,0.820168,0.179
AGCTAAGTACGCAGGC-1,0.003044,0.990865,0.006092
AGCTATTTAATCCAAC-1,0.000539,0.593497,0.405964
AGCTCCATATATGTTC-1,0.007152,0.978529,0.014319
AGCTCCTTCGCACATC-1,0.002388,0.996036,0.001576
AGCTCTAGACGTTCCA-1,0.000269,0.609054,0.390677
AGCTCTTCGTAACCTT-1,0.137294,0.861295,0.001411
AGCTCTTTACTCAGTT-1,0.004447,0.222462,0.773091
AGCTGTAACCTCAATC-1,0.00606,0.993434,0.000506
AGCTTATAGAGACCTG-1,0.003972,0.988079,0.007949
AGCTTCTTCTCGAGCA-1,0.059521,0.611654,0.328825
AGCTTGATCTTAACTT-1,0.039686,0.826691,0.133623
AGGAACGAACGACTTC-1,0.004932,0.98519,0.009878
AGGAAGCTGTCCGCCG-1,0.001192,0.76767,0.231138
AGGACAGTCGAATCCC-1,0.000309,0.899954,0.099736
AGGACATCGCACGTCG-1,0.004931,0.985188,0.009881
AGGACATCGGCACACT-1,0.001172,0.827304,0.171523
AGGACGACCCATTAGA-1,0.028648,0.288754,0.682598
AGGACTTATAGGAGAA-1,0.001703,0.802298,0.195999
AGGAGAGTCTGGCTAC-1,0.066176,0.932268,0.001556
AGGAGGCCTTCGCGCG-1,0.000691,0.889029,0.11028
AGGATAAAGTCGGGAT-1,0.012335,0.854249,0.133416
AGGATATAGGGATTTA-1,0.000836,0.997489,0.001674
AGGATCACGCGATCTG-1,0.03134,0.964644,0.004017
AGGATTGCTTACGACA-1,0.217512,0.777461,0.005027
AGGCACGTGACTGTCC-1,0.004334,0.733131,0.262535
AGGCAGGGAGCGTACT-1,0.000234,0.84352,0.156246
AGGCATTGTCGTAGGG-1,0.026525,0.970747,0.002728
AGGCCACATTGGTTAC-1,0.028632,0.665291,0.306077
AGGCCACCCGTTATGA-1,0.000212,0.909008,0.09078
AGGCCCAGTGACTGGT-1,0.000131,0.649129,0.35074
AGGCCCATTGTACAGG-1,0.049069,0.948203,0.002728
AGGCCCTAGAACGCCA-1,0.233276,0.718749,0.047975
AGGCCTGAGAATCTCG-1,0.000309,0.999082,0.000609
AGGCGATAACTGGCGT-1,0.002345,0.744487,0.253168
AGGCTATGGTTAGCTT-1,0.00286,0.99141,0.00573
AGGCTTGCTAGACACC-1,0.000365,0.700684,0.298951
AGGGACCGGCTGCGTT-1,0.008936,0.973152,0.017911
AGGGACTCTACGCGAC-1,0.00095,0.424397,0.574653
AGGGAGACATACTTCG-1,0.064363,0.827399,0.108238
AGGGCCCTAATGTTCT-1,0.006809,0.979556,0.013635
AGGGCGAGCAGCTGAT-1,0.569704,0.42992,0.000376
AGGGCGTGATCGGCTA-1,0.000841,0.997474,0.001685
AGGGTCGATGCGAACT-1,0.004328,0.931069,0.064603
AGGGTGCTCTCGAGGG-1,0.270587,0.728553,0.00086
AGGGTGGATAGTGCAT-1,0.000375,0.998877,0.000748
AGGGTTCCCTTTGGTT-1,0.000511,0.829842,0.169647
AGGGTTTAGTTCGGGA-1,0.000853,0.524335,0.474812
AGGTAACCTCCTATTC-1,0.003575,0.989269,0.007155
AGGTACGATATTGCCA-1,0.027206,0.677222,0.295572
AGGTAGGTACAAAGCT-1,0.004753,0.928876,0.066371
AGGTATAATTGATAGT-1,0.070713,0.926364,0.002923
AGGTATGCGGACATTA-1,0.005297,0.984105,0.010598
AGGTCAGGTGAGAGTG-1,0.070873,0.84185,0.087277
AGGTCGCCTCCCAACA-1,0.006223,0.981332,0.012444
AGGTGCACGTCCACAT-1,0.018594,0.840144,0.141262
AGGTGGTGACCTTCGC-1,0.000675,0.997975,0.001351
AGGTGTATCGCCATGA-1,0.013049,0.985929,0.001022
AGGTGTTGCCGACCAC-1,0.003044,0.990862,0.006094
AGGTTACACCATGCCG-1,0.014422,0.982042,0.003536
AGGTTGAGGCACGCTT-1,0.000516,0.282791,0.716693
AGGTTTCACACACCTT-1,0.000269,0.181446,0.818284
AGTAATGTCTTGCCGC-1,0.000698,0.997905,0.001397
AGTACAGAAGCTTATA-1,0.004766,0.883278,0.111956
AGTACATCATTTATCA-1,0.136825,0.700469,0.162705
AGTACGGCCCGTATCG-1,0.005108,0.702155,0.292736
AGTACTCTTATGCCCA-1,0.002384,0.729001,0.268616
AGTAGAAGGCGCCTCA-1,0.002425,0.992722,0.004853
AGTAGGTAACATACAT-1,0.001459,0.995618,0.002923
AGTATAATACTAGGCA-1,0.001663,0.995006,0.003331
AGTATACACAGCGACA-1,0.000263,0.805348,0.194389
AGTATTTGGCACGACC-1,0.002345,0.558764,0.438891
AGTCAACACCACCATC-1,0.016406,0.376951,0.606642
AGTCAAGATGACACTT-1,0.000217,0.91766,0.082122
AGTCACTAGCTCTCGA-1,0.001354,0.995971,0.002676
AGTCAGCCACCGCCTG-1,0.002554,0.992332,0.005115
AGTCCATTGGCTGATG-1,0.526548,0.472748,0.000704
AGTCGGCCCAAACGAC-1,0.000267,0.996234,0.003499
AGTCGGCTCAACTTTA-1,0.008534,0.73478,0.256686
AGTCGGTTGCGTGAGA-1,0.003326,0.990013,0.00666
AGTCGTATAAAGCAGA-1,0.011922,0.964228,0.02385
AGTCGTCGACCACCAA-1,0.001014,0.996954,0.002032
AGTCGTGGGCATTACG-1,0.043056,0.947706,0.009238
AGTCTAAAGTATACTC-1,0.034582,0.852018,0.1134
AGTCTCACAAGACTAC-1,0.022061,0.860796,0.117143
AGTCTGGACATCCTTG-1,0.000385,0.987715,0.011899
AGTCTTCTCCTCAAAT-1,0.010669,0.632539,0.356792
AGTCTTTAAAGTGTCC-1,0.008939,0.973177,0.017884
AGTGAACAAACTTCTC-1,0.012275,0.899119,0.088606
AGTGAGACTTCCAGTA-1,0.208438,0.659629,0.131933
AGTGAGTCGAATTAAC-1,0.007945,0.976152,0.015903
AGTGATAACCTGCGCG-1,0.000914,0.997296,0.00179
AGTGATTCAAGCAGGA-1,0.039252,0.735399,0.225349
AGTGCACGCTTAAGAA-1,0.085544,0.895382,0.019074
AGTGCTAAACACAGCA-1,0.000374,0.998876,0.00075
AGTGCTTGCACGAATA-1,0.00096,0.997117,0.001923
AGTGGCGGCAATTTGA-1,0.077469,0.690839,0.231692
AGTGGCGTCTGAAGGT-1,0.001233,0.996301,0.002467
AGTGGCTCCGTCGGCC-1,0.001723,0.994826,0.003451
AGTGGTGTTACCCGTG-1,0.043661,0.956102,0.000237
AGTGGTTGCGTATAGG-1,0.001789,0.994632,0.003579
AGTGTGCTAAGATCGC-1,0.000148,0.957372,0.04248
AGTGTGGTCTATTGTG-1,0.000832,0.997504,0.001665
AGTTAAACACTTGCGA-1,0.005617,0.590281,0.404101
AGTTAAGTCAACCGCT-1,0.01543,0.957806,0.026764
AGTTACCCTTAAGACT-1,0.000193,0.939742,0.060065
AGTTACCGCACATGGT-1,0.000213,0.999359,0.000427
AGTTCACCGGTTGGAC-1,0.000154,0.999536,0.000309
AGTTCCTACAGAATTA-1,0.000334,0.837854,0.161812
AGTTCCTATTTATGTT-1,0.006029,0.522957,0.471014
AGTTCTGCGTTGTATC-1,0.000347,0.747993,0.25166
AGTTGACATCGGCTGG-1,0.000288,0.999139,0.000573
AGTTGACGGTCCTTGC-1,0.002509,0.877482,0.120008
AGTTGCTGACTGATAT-1,0.000415,0.998759,0.000825
AGTTGGCAAGGCTAGA-1,0.00596,0.872053,0.121987
AGTTTCGCAGGTCGGA-1,0.00894,0.591752,0.399308
AGTTTGCACCTGCCTC-1,0.000464,0.998619,0.000918
AGTTTGGCACGGGTTG-1,0.00841,0.974751,0.016838
AGTTTGGCCAGACCTA-1,0.076108,0.828662,0.095231
ATAAACGGACCCGTAA-1,0.000668,0.777941,0.221391
ATAAACGTTGCACCAC-1,0.003251,0.892934,0.103815
ATAAAGGCTCGGTCGT-1,0.003346,0.813193,0.183461
ATAAATATTAGCAGCT-1,0.604923,0.394483,0.000594
ATAACGCCGGAGGGTC-1,0.000412,0.457183,0.542406
ATAAGGTGGAGAACAT-1,0.000475,0.73666,0.262865
ATAAGTAGGGCGACTC-1,0.088746,0.772914,0.13834
ATAATACCGTTAGCCG-1,0.000291,0.854657,0.145052
ATAATAGCTGTTGAAT-1,0.009933,0.513329,0.476738
ATAATAGTGTAGGGAC-1,0.003491,0.700443,0.296066
ATAATCTTGGAGAACC-1,0.012217,0.986379,0.001403
ATAATTAGCTAAGTAG-1,0.003177,0.990456,0.006366
ATACAGGCCCTCCAAT-1,0.000745,0.913221,0.086034
ATACCACGGGCAACTT-1,0.012488,0.983302,0.00421
ATACCAGCAAATTGCT-1,0.084108,0.363871,0.552022
ATACCAGGCTAATAGA-1,0.004334,0.844625,0.151041
ATACCTAACCAAGAAA-1,0.005958,0.88119,0.112852
ATACGAAGGCTTTCCA-1,0.163697,0.662529,0.173773
ATACGCCGGCGAAACC-1,0.000267,0.523782,0.475952
ATACGGAACGTCGTTT-1,0.006132,0.968309,0.025559
ATACGGTGAAGATGCA-1,0.032529,0.959939,0.007532
ATACGTACTTAGCCAC-1,0.002722,0.996996,0.000282
ATACGTCCACTCCTGT-1,0.000309,0.970975,0.028716
ATACGTTATGCACGGA-1,0.004334,0.98698,0.008686
ATACTACCCGTACCAC-1,0.007526,0.977417,0.015057
ATACTAGCATGACCCT-1,0.000701,0.838906,0.160393
ATACTCTCGCCACTCT-1,0.000233,0.978975,0.020793
ATACTGCCTTACACCG-1,0.064277,0.844107,0.091616
ATACTTGTTCTCGAGC-1,0.000409,0.998773,0.000818
ATAGACAACGGGACCT-1,0.28104,0.567955,0.151005
ATAGACGAAGAGAAAG-1,0.006219,0.868858,0.124922
ATAGAGTACTGGGACA-1,0.041393,0.812456,0.146151
ATAGAGTTATCAACTT-1,0.755455,0.191793,0.052752
ATAGCAACTAGGGAAG-1,0.004089,0.953752,0.042159
ATAGCCTCAGTACCCA-1,0.000276,0.999173,0.000551
ATAGCTGCTCTTGTTA-1,0.000182,0.999454,0.000364
ATAGGCGGCTATAGAA-1,0.07362,0.925456,0.000924
ATAGGCTAGCTTCGCA-1,0.010171,0.83974,0.150089
ATAGGGATATCCTTGA-1,0.00269,0.498559,0.498751
ATAGGTTGGGCAGATG-1,0.000463,0.63276,0.366778
ATAGTCTTTGACGTGC-1,0.00722,0.705903,0.286877
ATAGTTCCACCCACTC-1,0.280372,0.540868,0.17876
ATATAAAGCGCTCGTG-1,0.002425,0.730579,0.266996
ATATAAATGTAGCTGC-1,0.003533,0.995153,0.001314
ATATAACACGGGCGCA-1,0.00447,0.986588,0.008942
ATATACATGTATGGTA-1,0.001889,0.997971,0.00014
ATATACGCTCGTGACG-1,0.003866,0.988398,0.007736
ATATCAACCTACAGAG-1,0.038392,0.873267,0.088341
ATATCGGTAGGGAGAT-1,0.000694,0.997915,0.00139
ATATCGTTCCTCGAAC-1,0.00079,0.997628,0.001582
ATATGTCTCCCTAGCC-1,0.002601,0.711856,0.285543
ATATTCAGTTAAACCT-1,0.02281,0.551655,0.425535
ATATTCCACATAGTGA-1,0.001153,0.996538,0.002309
ATATTCCCACAGGTCA-1,0.007527,0.977397,0.015075
ATATTGCTGTCAAAGT-1,0.002805,0.812228,0.184968
ATATTGGAGAGGCCTT-1,0.013002,0.960981,0.026017
ATATTTAACCCTCAAG-1,0.000412,0.643629,0.35596
ATCAAACACTGTTCCA-1,0.001745,0.916582,0.081674
ATCAAACGAAGGTTTG-1,0.136042,0.770166,0.093792
ATCAAGATCCCAGGAC-1,0.001427,0.9186,0.079973
ATCACGTGCTAATTAA-1,0.00517,0.567933,0.426897
ATCACTTCATCCTCGC-1,0.000905,0.567984,0.431111
ATCAGACGGCACGCCG-1,0.007162,0.088942,0.903896
ATCAGCCTCATGCTGC-1,0.001312,0.99606,0.002627
ATCAGCTCGTCCACTA-1,0.012666,0.987089,0.000245
ATCAGGTAGCTGACAG-1,0.011919,0.964234,0.023847
ATCATAGCCCTATGTA-1,0.008941,0.973168,0.017891
ATCATGGACTACCGAC-1,0.011916,0.964233,0.023851
ATCCAACGCAGTCATA-1,0.003763,0.995581,0.000657
ATCCAATGGAGGGTCC-1,0.026656,0.791859,0.181485
ATCCAATGGTACCGAA-1,0.001723,0.994823,0.003454
ATCCACATCGACAGAA-1,0.001233,0.996299,0.002468
ATCCAGAGCAACAACC-1,0.001202,0.266185,0.732613
ATCCAGGATTCGTGAA-1,0.00527,0.409993,0.584737
ATCCCATTTCCGTGGG-1,0.043055,0.771765,0.185179
ATCCGGACCAGCCTGA-1,0.00596,0.624768,0.369272
ATCCTGAATCGCTGCG-1,0.260815,0.738079,0.001105
ATCCTGCTGCAGATAG-1,0.006507,0.980466,0.013028
ATCCTTCTGAAAGAAC-1,0.00622,0.98132,0.01246
ATCGACCCAATACAGA-1,0.000148,0.052907,0.946945
ATCGACTCTTTCCGTT-1,0.001,0.652408,0.346591
ATCGCACGCCGGGAGA-1,0.000568,0.7775,0.221933
ATCGCCAGTCAACATT-1,0.001834,0.531218,0.466948
ATCGCTTTACGTCTCA-1,0.004768,0.985692,0.00954
ATCGGAGACAGACGGC-1,0.000228,0.891748,0.108024
ATCGGCAAGCAGTCCA-1,0.000782,0.692779,0.30644
ATCGGTTACCTAGTAA-1,0.066956,0.930263,0.002781
ATCGTATTCCGAGAAC-1,0.000133,0.951006,0.048861
ATCGTCCAATCGAGTC-1,0.000644,0.998066,0.00129
ATCGTTAGCTAGCGGA-1,0.000466,0.976228,0.023306
ATCTAATATCCTACGG-1,0.000317,0.72316,0.276523
ATCTACCATCTGCTCC-1,0.007945,0.976164,0.01589
ATCTAGCTTGTGAGGG-1,0.002015,0.858156,0.139829
ATCTCCCACGGAATAT-1,0.006813,0.713281,0.279906
ATCTCCCTGCAATCTA-1,0.003042,0.76072,0.236237
ATCTCGTGAGCGAAAC-1,0.004471,0.986576,0.008953
ATCTGATAGTGTCTTA-1,0.002458,0.937999,0.059543
ATCTGCTGTTATCGCC-1,0.013538,0.982927,0.003535
ATCTGGGCTGTTCTTG-1,0.001834,0.994494,0.003672
ATCTGTAATTGTACCC-1,0.001417,0.995748,0.002835
ATCTTATCGCACACCC-1,0.003405,0.98978,0.006814
ATCTTGACCTGCAACG-1,0.000705,0.997885,0.001411
ATCTTGACTTGTCCAA-1,0.050817,0.872078,0.077105
ATCTTTCGTATAACCA-1,0.029875,0.852989,0.117136
ATGAAGCCAAGGAGCC-1,0.000423,0.998738,0.00084
ATGAAGTGGACCCAGC-1,0.020932,0.9362,0.042868
ATGACGCCGGCTCTAA-1,0.000614,0.998162,0.001224
ATGACGCGTTCTATCC-1,0.000911,0.997264,0.001824
ATGACTATGCGACATT-1,0.000085,0.955746,0.044168
ATGAGGAGTGTTAATC-1,0.000456,0.975214,0.024331
ATGAGGGCAGCGGCTA-1,0.004206,0.987375,0.008419
ATGATCGGGAATAGAC-1,0.001625,0.99512,0.003254
ATGCACCTTCCTTAAT-1,0.000173,0.99948,0.000347
ATGCACTACCGCATTG-1,0.000328,0.95797,0.041701
ATGCATGATCCAGGAT-1,0.000473,0.500462,0.499065
ATGCATTCCGTGATGG-1,0.002509,0.8119,0.185591
ATGCCATTTGCGACCA-1,0.009683,0.989537,0.00078
ATGCGAGTCCCACCAC-1,0.011915,0.754075,0.23401
ATGCTCAGTGTTGCAT-1,0.009538,0.971355,0.019107
ATGCTCTGGCGCGGTA-1,0.011381,0.987335,0.001284
ATGCTTAGGAGTTGAT-1,0.006502,0.980491,0.013007
ATGGAAATTTAAGGAG-1,0.04827,0.951082,0.000648
ATGGAACCTTTGCACA-1,0.001277,0.885926,0.112797
ATGGATCCGGCGTCCG-1,0.044728,0.476221,0.479051
ATGGATTGACCAAACG-1,0.00037,0.440186,0.559444
ATGGCAGCCGAGAAAC-1,0.000917,0.948854,0.050229
ATGGCGGAATAGTCGC-1,0.010217,0.458945,0.530839
ATGGGCCTCGGCCTCT-1,0.000148,0.985462,0.01439
ATGGTCGCGTGGTTTC-1,0.005945,0.99368,0.000376
ATGTAAGGCTGCTCTT-1,0.999316,0.000456,0.000227
ATGTACATGCGGTGAG-1,0.003667,0.98899,0.007344
ATGTACGATGACGTCG-1,0.003488,0.838575,0.157937
ATGTAGCGCGCGTAGG-1,0.005108,0.984664,0.010228
ATGTCATTTCCCATTG-1,0.000187,0.999443,0.00037
ATGTGAAAGCCTAATG-1,0.021752,0.740628,0.237619
ATGTGCATCCGACGCA-1,0.000511,0.798808,0.200681
ATGTGGACATCTTGAT-1,0.000611,0.69845,0.300939
ATGTGTAGTTTAGTCA-1,0.011005,0.966991,0.022004
ATGTTACGAGCAATAC-1,0.001683,0.806676,0.191641
ATGTTCCTGCCCACCT-1,0.000182,0.999453,0.000365
ATGTTCGTCGACCCAC-1,0.004206,0.987366,0.008428
ATGTTGATTAGAGACT-1,0.005296,0.984101,0.010603
ATGTTGTAGTCTGTTT-1,0.029646,0.943085,0.027269
ATGTTTCGGCCCGGAG-1,0.00894,0.35201,0.639049
ATTAACACCTGAGATA-1,0.00011,0.991959,0.007931
ATTAATACTACGCGGG-1,0.000782,0.67377,0.325448
ATTAATTCGGTCACTC-1,0.000737,0.610244,0.389019
ATTACATGTCAGTCTT-1,0.002466,0.77469,0.222844
ATTACCACACTGCCTG-1,0.057927,0.928426,0.013646
ATTACGCGCTGGCAGG-1,0.018584,0.980803,0.000613
ATTACTAGCCTCTTGC-1,0.000544,0.998367,0.001089
ATTAGATTGATAGCGG-1,0.000226,0.953586,0.046188
ATTATACTTTGCTCGT-1,0.009148,0.544716,0.446136
ATTATAGCTACTTTAC-1,0.15342,0.675601,0.170979
ATTATCGGAATGTACG-1,0.004613,0.986157,0.00923
ATTATCTCGACAGATC-1,0.002981,0.870612,0.126408
ATTATGCCATAGGGAG-1,0.000502,0.962103,0.037396
ATTATTCAGAGTCACT-1,0.001505,0.995481,0.003014
ATTCAACCATTTAAGG-1,0.00298,0.991058,0.005962
ATTCACTGATGTTGGA-1,0.000406,0.944387,0.055207
ATTCAGGACCTATTTC-1,0.000451,0.846482,0.153067
ATTCAGTAGCAGGGTC-1,0.007527,0.977416,0.015057
ATTCATATACTGTCCA-1,0.000483,0.343669,0.655847
ATTCATCGTTGAGGCA-1,0.001233,0.996298,0.002469
ATTCCCACATAAACAA-1,0.003667,0.727729,0.268605
ATTCCTCCGCCAGTGC-1,0.004963,0.993455,0.001582
ATTCCTTCCAGGCGGT-1,0.000524,0.915806,0.08367
ATTCGACGCCGGGCCT-1,0.458823,0.440382,0.100795
ATTCGCGCCTTGAGAG-1,0.005722,0.98283,0.011448
ATTCGTGCTATCTCTT-1,0.013848,0.813185,0.172966
ATTCTCGTCTCTTTAG-1,0.003764,0.988697,0.007539
ATTGAAGATCTTAGTG-1,0.000356,0.732718,0.266926
ATTGATAGCAACGAGA-1,0.000265,0.884684,0.115052
ATTGATCACCACATTT-1,0.012669,0.981123,0.006209
ATTGATGAGTCCTAAC-1,0.047237,0.76965,0.183113
ATTGCCTTTATGTTTG-1,0.003972,0.988072,0.007956
ATTGCGATCAGTAACT-1,0.002235,0.993289,0.004477
ATTGCTGCTCCTCCAT-1,0.004247,0.689363,0.306389
ATTGGATTACAGCGTA-1,0.004336,0.986983,0.008681
ATTGGGAATATCTTGG-1,0.00146,0.972129,0.026411
ATTGGTAGGATCCGCT-1,0.005813,0.993872,0.000315
ATTGTACAACTCGGCT-1,0.50903,0.490565,0.000405
ATTGTTCAACGATCCG-1,0.006218,0.689581,0.304201
ATTTAACTCGTATTAC-1,0.000888,0.997333,0.001779
ATTTACAGTTTACTGG-1,0.004621,0.995033,0.000346
ATTTACTAAGTCCATT-1,0.379511,0.484525,0.135964
ATTTCCGGGTTCTGCG-1,0.033143,0.852421,0.114436
ATTTGCGCGAGTAGCT-1,0.022325,0.808322,0.169353
ATTTGTCTTGGGAGCT-1,0.000307,0.999079,0.000614
ATTTGTTCCAGGGCTC-1,0.001882,0.572774,0.425343
CAAACCAGGTCTGCAT-1,0.001625,0.99512,0.003255
CAAACCCTCCGGCGGG-1,0.007525,0.977415,0.01506
CAAACGGTCGCACTTT-1,0.004085,0.995636,0.00028
CAAACTATTGAGCTTC-1,0.001202,0.720681,0.278117
CAAACTCGCGACGCCG-1,0.007945,0.976158,0.015897
CAAAGATTATTGGGCC-1,0.010672,0.862502,0.126826
CAAAGGTCATCTGAAA-1,0.008938,0.973172,0.01789
CAAATCTCTCACAAGG-1,0.04523,0.823206,0.131563
CAAATTGTCAGCAAGC-1,0.001223,0.864668,0.13411
CAACACATCTCCTGCC-1,0.010217,0.96932,0.020464
CAACCAGTGGCCTACC-1,0.007531,0.977397,0.015072
CAACCTACCGAGCAGT-1,0.004087,0.987734,0.008179
CAACGACCCGTTTACA-1,0.000263,0.933305,0.066432
CAACGGTTCTTGATAC-1,0.010217,0.969338,0.020445
CAACGTGGTGGAGTCT-1,0.004614,0.835275,0.160111
CAACTCCTTGATCCCG-1,0.000276,0.943119,0.056605
CAACTGCTCATCCGAT-1,0.000467,0.942757,0.056776
CAACTTGTAGTGGGCA-1,0.006813,0.979539,0.013648
CAAGACTCAGAAGCGC-1,0.00841,0.974762,0.016827
CAAGAGGGCGGAGTAC-1,0.000586,0.944471,0.054943
CAAGATATTATAACGT-1,0.000074,0.975489,0.024436
CAAGCAACGTCGGAGT-1,0.006257,0.968641,0.025102
CAAGCACCAAATGCCT-1,0.0011,0.820029,0.17887
CAAGCGGCACATAATT-1,0.017086,0.981124,0.00179
CAAGGATCGCATGTTC-1,0.006652,0.088406,0.904942
CAAGGCCAGTGGTGCA-1,0.005733,0.689809,0.304457
CAAGGTCCTATAGGCT-1,0.207852,0.733723,0.058426
CAAGTGAACTTTGGTT-1,0.008112,0.702211,0.289677
CAAGTGTGGTTGCAAA-1,0.000182,0.971098,0.02872
CAATACGAGAGTCTGA-1,0.001907,0.994273,0.003819
CAATACGCTCTGAGGC-1,0.0022,0.993393,0.004407
CAATATTGGACTAGTG-1,0.00026,0.924396,0.075344
CAATCCTGCCGTGGAG-1,0.001744,0.994762,0.003493
CAATGAGGTTCGACTA-1,0.614911,0.349749,0.035341
CAATGCGAGAAGTATC-1,0.000396,0.802217,0.197387
CAATGGATCTCTACCA-1,0.013442,0.459093,0.527465
CAATGGTCGGCCTGGG-1,0.004208,0.752394,0.243398
CAATGTGCCAACCCTT-1,0.003973,0.523715,0.472313
CAATTAAGGGTGATGA-1,0.000279,0.503139,0.496582
CACACACGCTAACGAG-1,0.010215,0.969346,0.020439
CACACAGCTTGCGCTC-1,0.000227,0.999317,0.000455
CACACAGGGATAGATT-1,0.020786,0.973704,0.005509
CACACGCGCTGTCTTA-1,0.600607,0.278997,0.120396
CACAGCACCCACGGCA-1,0.000548,0.592422,0.40703
CACAGCTAGGGAGTGA-1,0.000693,0.835326,0.163981
CACAGGGCCATATAGT-1,0.004931,0.985186,0.009883
CACAGGGCCGTTGTCA-1,0.002466,0.992596,0.004937
CACAGTCCCGCTTCGC-1,0.010215,0.815022,0.174763
CACAGTTCGCTTCCCA-1,0.013006,0.960957,0.026037
CACATATTAGCAGGAT-1,0.000411,0.66582,0.333768
CACATCTCACCGACGA-1,0.005217,0.837886,0.156897
CACATGTTTGGACATG-1,0.000129,0.999613,0.000257
CACATTTCTTGTCAGA-1,0.001092,0.996723,0.002185
CACCACGCCACACAGA-1,0.0022,0.993394,0.004406
CACCATCGGAGGAGAC-1,0.006814,0.979545,0.01364
CACCCAAATCTTATGT-1,0.2679,0.73152,0.00058
CACCCACACGTCACCC-1,0.000843,0.997482,0.001675
CACCCTAACAAGATCT-1,0.000636,0.998103,0.001262
CACCCTTGGTGAGACC-1,0.01102,0.987696,0.001284
CACCCTTTCCTCGCTC-1,0.003764,0.988699,0.007538
CACCGCCAGAAGGTTT-1,0.000665,0.681999,0.317336
CACCGCCGACCAGCGA-1,0.040135,0.704436,0.255429
CACCGTATCCCATCCG-1,0.005722,0.839823,0.154455
CACCGTTGCGCGATAT-1,0.051698,0.947569,0.000732
CACCTAATAGAGTCGT-1,0.000894,0.997317,0.001789
CACCTAATCAGTTTAC-1,0.005108,0.405989,0.588903
CACCTCGATGGTGGAC-1,0.250123,0.031443,0.718434
CACCTTGGCGCCTTTG-1,0.016703,0.89302,0.090277
CACGAAAGTTAGTCCC-1,0.002384,0.992845,0.004772
CACGCACAGCGCAGCT-1,0.000799,0.310485,0.688716
CACGCAGCGAGGCTTT-1,0.001923,0.919041,0.079036
CACGCGGAACTGTTGC-1,0.04833,0.740005,0.211665
CACGGGATTGAGGGTT-1,0.002699,0.991898,0.005403
CACGTCAATCAATGGA-1,0.014305,0.957072,0.028623
CACGTCGGCAACCTCT-1,0.052608,0.633419,0.313972
CACGTCGGGTTCTAGA-1,0.000745,0.876077,0.123178
CACGTTCGTGCTCTAG-1,0.000423,0.590885,0.408692
CACGTTTCGTACACAC-1,0.014746,0.803744,0.18151
CACTAAAGTTGCCTAT-1,0.00025,0.632418,0.367332
CACTACGGGAGCTGCC-1,0.011006,0.966959,0.022034
CACTCAGCTCTTGAGG-1,0.006504,0.730543,0.262952
CACTCCTATGTAAGAT-1,0.034492,0.762751,0.202756
CACTCGAGCTGAACAA-1,0.000417,0.949259,0.050324
CACTCGGTTAGGAGGA-1,0.003178,0.990458,0.006364
CACTCTTCTGCTAGCC-1,0.004207,0.987365,0.008428
CACTGACGATTGTGGA-1,0.019648,0.596027,0.384326
CACTGTCCAAGTGAGA-1,0.000865,0.99742,0.001715
CACTTAATCAGACGGA-1,0.010923,0.808375,0.180702
CACTTCGCCACAGGCT-1,0.007149,0.978536,0.014315
CACTTCGTCTTATCTC-1,0.00022,0.904587,0.095192
CAGAACTTAGCCCTCT-1,0.000294,0.999118,0.000588
CAGAATAACACACGGA-1,0.005108,0.98467,0.010222
CAGAATATTCGTTATC-1,0.002861,0.991414,0.005725
CAGACACCGATCGCTG-1,0.000953,0.091772,0.907274
CAGACGAACCTGATAC-1,0.011939,0.151499,0.836562
CAGAGACGGTCACCCA-1,0.013745,0.437396,0.548859
CAGAGCATGAGCTTGC-1,0.000363,0.306282,0.693355
CAGAGGCGATGCATGA-1,0.009152,0.231175,0.759673
CAGAGTGATTTAACGT-1,0.001663,0.810137,0.188199
CAGATAATGGGCGGGT-1,0.003109,0.990662,0.006229
CAGATACTAACATAGT-1,0.007478,0.991677,0.000845
CAGATCCTGGTTTGAA-1,0.004265,0.903053,0.092682
CAGCAGTCCAGACTAT-1,0.005109,0.984672,0.010219
