Barcode,Topic 1,Topic 2to4,Topic 5,Topic 6to7
AAACAAGTATCTCCCA-1,0.003247,0.568383,0.209866,0.218504
AAACACCAATAACTGC-1,0.005291,0.473519,0.005316,0.515874
AAACAGAGCGACTCCT-1,0.001401,0.00422,0.001406,0.992973
AAACAGCTTTCAGAAG-1,0.00085,0.002562,0.994879,0.001709
AAACAGGGTCTATATT-1,0.003484,0.010502,0.381986,0.604027
AAACATGGTGAGAGGA-1,0.000284,0.36488,0.085345,0.549491
AAACATTTCCCGGATT-1,0.000168,0.195542,0.107289,0.697
AAACCGGAAATGTTAA-1,0.006211,0.262433,0.006238,0.725117
AAACCGGGTAGGTACC-1,0.000284,0.192908,0.707103,0.099705
AAACCGTTCGTCCAGG-1,0.000066,0.842495,0.13397,0.023469
AAACCTAAGCAGCCGG-1,0.000177,0.233493,0.00537,0.76096
AAACGAAGAACATACC-1,0.000308,0.000927,0.000309,0.998455
AAACGAAGATGGAGTA-1,0.000733,0.063325,0.26912,0.666822
AAACGGGCGTACGGGT-1,0.000219,0.232653,0.00022,0.766908
AAACGGTTGCGAACTG-1,0.000051,0.999795,0.000051,0.000103
AAACGTGTTCGCCCTA-1,0.000516,0.001554,0.256328,0.741602
AAACTAACGTGGCGAC-1,0.000999,0.003011,0.001004,0.994987
AAACTCGGTTCGCAAT-1,0.000334,0.20032,0.095146,0.7042
AAACTCGTGATATAAG-1,0.000376,0.093979,0.639908,0.265737
AAACTGCTGGCTCCAA-1,0.000179,0.011893,0.785682,0.202247
AAACTTAATTGCACGC-1,0.002132,0.37159,0.002142,0.624135
AAACTTGCAAACGTAT-1,0.000677,0.354622,0.330177,0.314524
AAAGAATGACCTTAGA-1,0.000143,0.375152,0.000143,0.624561
AAAGACCCAAGTCGCG-1,0.000139,0.328853,0.00014,0.670868
AAAGACTGGGCGCTTT-1,0.000111,0.567415,0.12536,0.307114
AAAGGCCCTATAATAC-1,0.000194,0.03176,0.000194,0.967852
AAAGGCTACGGACCAT-1,0.005291,0.015931,0.766573,0.212205
AAAGGCTCTCGCGCCG-1,0.000371,0.392341,0.402699,0.204589
AAAGGGATGTAGCAAG-1,0.000064,0.951958,0.000064,0.047913
AAAGGGCAGCTTGAAT-1,0.000132,0.626142,0.167957,0.205768
AAAGGTAAGCTGTACC-1,0.003663,0.554819,0.42874,0.012778
AAAGTAGCATTGCTCA-1,0.00304,0.742835,0.003055,0.251071
AAAGTCACTGATGTAA-1,0.000209,0.224323,0.027347,0.748121
AAAGTGCCATCAATTA-1,0.000239,0.298247,0.282507,0.419008
AAAGTGTGATTTATCT-1,0.002857,0.008611,0.788441,0.200092
AAATAACCATACGGGA-1,0.00019,0.000572,0.06788,0.931359
AAATACCTATAAGCAT-1,0.000235,0.436544,0.369674,0.193547
AAATAGGGTGCTATTG-1,0.000756,0.280276,0.000759,0.718208
AAATCCGATACACGCC-1,0.000354,0.001069,0.000356,0.998221
AAATCGCGGAAGGAGT-1,0.002646,0.217945,0.002658,0.776751
AAATCGTGTACCACAA-1,0.000233,0.119957,0.519498,0.360313
AAATCTAGCCCTGCTA-1,0.005102,0.404563,0.005126,0.585209
AAATGATTCGATCAGC-1,0.000252,0.524882,0.008875,0.465991
AAATGCTCGTTACGTT-1,0.000107,0.612372,0.000108,0.387413
AAATGGCATGTCTTGT-1,0.000184,0.118272,0.000185,0.881359
AAATGGCCCGTGCCCT-1,0.010204,0.311045,0.010261,0.668489
AAATGGTCAATGTGCC-1,0.000215,0.374651,0.469391,0.155743
AAATGTATCTTATCCC-1,0.000173,0.5617,0.058376,0.379752
AAATTACACGACTCTG-1,0.010989,0.033118,0.011034,0.944859
AAATTACCTATCGATG-1,0.001855,0.00559,0.924409,0.068145
AAATTGATAGTCCTTT-1,0.005102,0.685526,0.005123,0.304249
AAATTGCGGCGGTTCT-1,0.000562,0.001695,0.000565,0.997178
AAATTGGTGAGAAGCA-1,0.000125,0.462893,0.004532,0.53245
AAATTTACCGAAATCC-1,0.008403,0.025318,0.00844,0.957838
AAATTTGCGGGTGTGG-1,0.000296,0.000891,0.876324,0.12249
AACAACTGGTAGTTGC-1,0.000189,0.208786,0.341209,0.449816
AACAATACATTGTCGA-1,0.000156,0.737911,0.000157,0.261775
AACAATTACTCTACGC-1,0.000156,0.110833,0.351237,0.537774
AACACACGCTCGCCGC-1,0.000733,0.002208,0.573347,0.423712
AACACGACTGTACTGA-1,0.000345,0.00104,0.010112,0.988503
AACACGAGACGCGGCC-1,0.000488,0.476205,0.253781,0.269527
AACACGCGGCCGCGAA-1,0.005291,0.015949,0.496488,0.482271
AACAGCTGTGTGGCAA-1,0.000178,0.148844,0.236267,0.61471
AACAGGAAATCGAATA-1,0.000125,0.184021,0.000126,0.815728
AACAGGATGGGCCGCG-1,0.000133,0.504992,0.272759,0.222116
AACAGGTAGTATGGAT-1,0.00085,0.285581,0.407833,0.305735
AACATATCAACTGGTG-1,0.004202,0.146161,0.004219,0.845418
AACATCGATACGTCTA-1,0.000295,0.000888,0.039372,0.959445
AACATTGAAGTTGATC-1,0.000263,0.000791,0.000264,0.998682
AACATTGTGACTCGAG-1,0.000319,0.000961,0.326148,0.672572
AACCAGTATCACTCTT-1,0.004082,0.341916,0.004102,0.649901
AACCATAGGGTTGAAC-1,0.000217,0.310265,0.000218,0.689299
AACCATGGGATCGCTA-1,0.00023,0.000694,0.000231,0.998844
AACCCAGAGACGGAGA-1,0.000125,0.669494,0.000126,0.330255
AACCCATCCCATGATC-1,0.000327,0.33888,0.16139,0.499402
AACCCGACAACCCGTG-1,0.00027,0.163589,0.000271,0.83587
AACCCGAGCAGAATCG-1,0.000232,0.212266,0.091897,0.695605
AACCCGATAGGGCTTC-1,0.010989,0.955865,0.011044,0.022101
AACCCTGGTGGAACCA-1,0.000176,0.051257,0.04209,0.906477
AACCGAGCTTGGTCAT-1,0.000904,0.27147,0.256014,0.471612
AACCGCTAAGGGATGC-1,0.00039,0.476472,0.118415,0.404722
AACCGTTGTGTTTGCT-1,0.000289,0.00087,0.15936,0.839482
AACCTCGCTTTAGCCC-1,0.000603,0.558915,0.130453,0.310029
AACCTTTAAATACGGT-1,0.000904,0.002726,0.530319,0.466051
AACCTTTACGACGTCT-1,0.003484,0.432492,0.0035,0.560524
AACGAAAGTCGTCCCA-1,0.003663,0.421057,0.00368,0.5716
AACGATAATGCCGTAG-1,0.000364,0.612727,0.21014,0.17677
AACGATAGAAGGGCCG-1,0.000173,0.259746,0.008132,0.731949
AACGATATGTCAACTG-1,0.002597,0.007831,0.806678,0.182893
AACGCATGATCTGGGT-1,0.000101,0.585772,0.078658,0.335469
AACGCGAACGGCAACA-1,0.000225,0.029205,0.000226,0.970344
AACGCGACCTTGGGCG-1,0.000281,0.030007,0.393135,0.576577
AACGCGGTCTCCAGCC-1,0.000486,0.889578,0.108959,0.000976
AACGCTGTTGCTGAAA-1,0.010989,0.033087,0.496688,0.459236
AACGGACGTACGTATA-1,0.000501,0.237229,0.439531,0.322739
AACGGCCATCTCCGGT-1,0.000124,0.903332,0.094907,0.001637
AACGTACTGTGGGTAC-1,0.000262,0.42906,0.270109,0.300569
AACGTCAGACTAGTGG-1,0.000104,0.559911,0.128234,0.311751
AACGTGATGAAGGACA-1,0.000816,0.261676,0.219555,0.517952
AACGTTATCAGCACCT-1,0.000571,0.001722,0.034293,0.963413
AACTACCCGTTTGTCA-1,0.000632,0.294808,0.170655,0.533905
AACTAGCGTATCGCAC-1,0.001264,0.361069,0.086276,0.551391
AACTAGGCTTGGGTGT-1,0.000491,0.598851,0.000493,0.400165
AACTCCAGAGCGTGTT-1,0.000518,0.001559,0.00052,0.997404
AACTCCTAATCCCATG-1,0.000552,0.498011,0.000554,0.500884
AACTCGATGGCGCAGT-1,0.000198,0.000596,0.006513,0.992694
AACTCTCAGTGTGCTC-1,0.000051,0.996092,0.003753,0.000103
AACTGAGGTCAGCGTC-1,0.000321,0.655332,0.000322,0.344025
AACTGAGTTATACTGA-1,0.001931,0.238884,0.302059,0.457127
AACTGATATTAGGCCT-1,0.000225,0.075332,0.133441,0.791003
AACTGGGTCCCGACGT-1,0.000219,0.311227,0.286007,0.402546
AACTGGTGTGGGCCTT-1,0.00084,0.00253,0.000844,0.995786
AACTTCTGCGTCTATC-1,0.000162,0.470848,0.000165,0.528825
AACTTGCCCGTATGCA-1,0.000173,0.195117,0.352937,0.451773
AACTTGCGTTCTCGCG-1,0.000231,0.174663,0.000232,0.824874
AACTTTACGGGAGCTT-1,0.000458,0.064645,0.186026,0.748871
AACTTTAGCTGCTGAG-1,0.004762,0.014351,0.440684,0.540202
AAGAAATCACCAGATT-1,0.001335,0.051029,0.560426,0.38721
AAGAAGGATCAGTTAG-1,0.000222,0.000668,0.000223,0.998887
AAGACATACGTGGTTT-1,0.000209,0.192983,0.00021,0.806598
AAGACCAAATAACTCA-1,0.000245,0.551476,0.000247,0.448032
AAGACCCAACTGAACA-1,0.000558,0.138714,0.37987,0.480858
AAGACTAACCCGTTGT-1,0.001721,0.279664,0.001729,0.716886
AAGAGATGAATCGGTA-1,0.000486,0.001464,0.418566,0.579484
AAGAGGCCCTTTGGAA-1,0.000271,0.180577,0.201477,0.617676
AAGATGGCACCGGACC-1,0.002421,0.378096,0.235842,0.383641
AAGATTGGCGGAACGT-1,0.000736,0.002218,0.26397,0.733076
AAGCACCCTGCGTATC-1,0.001605,0.993559,0.001613,0.003223
AAGCATACTCTCCTGA-1,0.000166,0.321661,0.000167,0.678007
AAGCCGAAGCGGTTTA-1,0.000855,0.540387,0.278414,0.180343
AAGCCGCCGTGAAATC-1,0.000329,0.155679,0.094512,0.749479
AAGCCGCTTTACCTTG-1,0.000518,0.02065,0.231394,0.747438
AAGCCGGAGAGCAGGA-1,0.000059,0.404557,0.036626,0.558758
AAGCGCAGGGCTTTGA-1,0.000191,0.373543,0.148265,0.478001
AAGCGGAGTGCGCGCA-1,0.000159,0.399991,0.00094,0.59891
AAGCGGCGTCATGGGT-1,0.0002,0.307672,0.109714,0.582414
AAGCGTCCCTCATCGA-1,0.002132,0.304062,0.398195,0.295611
AAGCTAGATCGAGTAA-1,0.000209,0.38696,0.468165,0.144667
AAGCTCTTTCATGGTG-1,0.006211,0.881456,0.00624,0.106094
AAGGAGCGGTTGGTGC-1,0.00042,0.258425,0.182106,0.559048
AAGGATGAGGGACCTC-1,0.002101,0.257544,0.55325,0.187105
AAGGCGCGTAAAGCTT-1,0.000077,0.592198,0.203651,0.204075
AAGGCTGTGCTCATCG-1,0.000409,0.147666,0.431434,0.42049
AAGGGAACGACTGGCT-1,0.008404,0.670206,0.008432,0.312959
AAGGGACAGATTCTGT-1,0.001504,0.004533,0.421177,0.572787
AAGGGACTATGCATTC-1,0.001957,0.50548,0.286186,0.206377
AAGGGTTTGATTTCAG-1,0.001553,0.680635,0.001559,0.316253
AAGGTATCCTAATATA-1,0.002198,0.187938,0.30545,0.504414
AAGGTGATAAACCAGC-1,0.001414,0.27354,0.042992,0.682054
AAGTAGAAGACCGGGT-1,0.001211,0.327922,0.229516,0.441351
AAGTAGTGACGCGAGG-1,0.001107,0.259972,0.245209,0.493711
AAGTCAATTGTCGTCA-1,0.00304,0.272596,0.109214,0.615151
AAGTCTAGTAGCTGCC-1,0.001125,0.00339,0.556823,0.438662
AAGTGAGTCGGGTTTA-1,0.001832,0.266112,0.335512,0.396545
AAGTGCAAAGGTAGAC-1,0.000173,0.530543,0.088992,0.380292
AAGTGCCTTGACTGTA-1,0.000794,0.002392,0.728577,0.268238
AAGTGCGTTAGAATCT-1,0.002232,0.511242,0.002243,0.484282
AAGTGCTTCTCTATTG-1,0.000465,0.001402,0.29327,0.704862
AAGTGTTTGGAGACGG-1,0.000505,0.323605,0.039734,0.636156
AAGTTCACTCCAAGCT-1,0.000595,0.3808,0.000598,0.618007
AAGTTCAGTCTGCGTA-1,0.000343,0.001034,0.004477,0.994145
AAGTTCGGCCAACAGG-1,0.000213,0.495802,0.320073,0.183912
AAGTTGTGATGTTATA-1,0.000684,0.002059,0.000687,0.99657
AAGTTTACTAATGGCA-1,0.001443,0.345666,0.137008,0.515883
AAGTTTATGGGCCCAA-1,0.0003,0.171212,0.000301,0.828187
AATAACACTAGAACAA-1,0.000069,0.863527,0.110517,0.025887
AATAATCTTCGTATCG-1,0.015873,0.541544,0.01596,0.426623
AATACAATGTTTCAGG-1,0.00037,0.550295,0.270139,0.179196
AATACCGGAGGGCTGT-1,0.00025,0.187098,0.146354,0.666299
AATAGAACAGAGTGGC-1,0.000131,0.597016,0.293127,0.109725
AATAGAATCTGTTTCA-1,0.00017,0.75264,0.207678,0.039512
AATAGCTACCGCGTGC-1,0.000386,0.001163,0.345476,0.652975
AATAGTCCGTCCCGAC-1,0.000501,0.462531,0.206759,0.330209
AATAGTCGCGAGTCGG-1,0.000514,0.101686,0.000516,0.897284
AATATCAAGGTCGGAT-1,0.000271,0.241568,0.000272,0.75789
AATATCCTAGCAAACT-1,0.001473,0.004437,0.241384,0.752706
AATATCGAATCAATGC-1,0.001429,0.31469,0.319583,0.364299
AATATCGAGGGTTCTC-1,0.004608,0.834183,0.004628,0.15658
AATCAGACTGCAGGAC-1,0.000221,0.161466,0.1016,0.736713
AATCAGGTTTCATTTA-1,0.000627,0.001886,0.000629,0.996859
AATCATGTAAAGACTC-1,0.001488,0.384222,0.113088,0.501201
AATCCAAGGGCCTGAG-1,0.000252,0.00076,0.000254,0.998734
AATCCATGCAAGGGTG-1,0.000217,0.115306,0.000218,0.884258
AATCGGGACACTACGA-1,0.000484,0.00146,0.000486,0.997569
AATCGTGAGCCGAGCA-1,0.000299,0.022085,0.294146,0.683469
AATCTAGGTTTACTTG-1,0.001361,0.708202,0.001367,0.289071
AATCTATGCCGGAGCC-1,0.001335,0.004024,0.735185,0.259457
AATCTGCGTTGGGACG-1,0.000798,0.002404,0.782,0.214798
AATCTGGCTTTCTAGT-1,0.00152,0.177431,0.488442,0.332607
AATGACAGCAATGTCT-1,0.004329,0.013052,0.341597,0.641022
AATGACGTAGGATGTC-1,0.00026,0.026699,0.78258,0.190461
AATGACTGTCAGCCGG-1,0.000264,0.675375,0.068308,0.256053
AATGAGTTCGCATATG-1,0.000191,0.454374,0.000192,0.545244
AATGATGATACGCTAT-1,0.000441,0.383894,0.302346,0.313319
AATGATGCGACTCCTG-1,0.017857,0.053714,0.017923,0.910506
AATGCAACCGGGTACC-1,0.000068,0.999728,0.000068,0.000136
AATGCACCAAGCAATG-1,0.003322,0.288593,0.296888,0.411197
AATGGTCCACCGTTCA-1,0.000087,0.683609,0.100399,0.215905
AATGGTTCTCACAAGC-1,0.000148,0.310628,0.206184,0.483041
AATGTATGGCACTGTA-1,0.000295,0.11154,0.000296,0.887868
AATGTGCCCGAGGTGT-1,0.000978,0.201033,0.386526,0.411463
AATGTGCTAATCTGAG-1,0.000323,0.000974,0.301067,0.697636
AATGTTGTCGTGAGAC-1,0.000264,0.000794,0.000265,0.998678
AATTAACGGATTTCCA-1,0.002506,0.503707,0.190408,0.303379
AATTACGAGACCCATC-1,0.005953,0.415357,0.00598,0.572711
AATTACTCGTACGCTC-1,0.000176,0.094337,0.054935,0.850553
AATTAGCGCTGCAGCG-1,0.000114,0.529903,0.108912,0.361071
AATTCATAAGGGATCT-1,0.000464,0.485034,0.000466,0.514036
AATTCATTGTCATGCA-1,0.002268,0.006835,0.002279,0.988619
AATTCCAAGCATGTAC-1,0.00047,0.081837,0.200537,0.717156
AATTCGATTCGAGGAT-1,0.000354,0.14976,0.199447,0.650438
AATTCTAGAGTTAGGC-1,0.000319,0.462925,0.302083,0.234672
AATTGAACGCTCTGGT-1,0.000298,0.128829,0.457151,0.413723
AATTGCAGCAATCGAC-1,0.0002,0.248533,0.28065,0.470616
AATTGCGTGGATTACA-1,0.00051,0.001536,0.000512,0.997442
AATTGTGGTTGCCAAA-1,0.001786,0.249158,0.243599,0.505457
AATTTGGGACATAGTA-1,0.009524,0.028688,0.00957,0.952218
AATTTGGTTCCAAAGA-1,0.000262,0.078222,0.008194,0.913322
ACAAACCATGCGTCCT-1,0.005714,0.017215,0.005744,0.971326
ACAAAGAAGGTAGGCC-1,0.000468,0.001412,0.487586,0.510534
ACAAAGCATGACCTAG-1,0.000539,0.24846,0.000541,0.750459
ACAAATCGCACCGAAT-1,0.0002,0.652389,0.058912,0.288499
ACAAATGGTAGTGTTT-1,0.000347,0.075104,0.295152,0.629397
ACAAATTCAGATCTGA-1,0.001161,0.420685,0.402805,0.175348
ACAACAGCATGAGCTA-1,0.000481,0.117371,0.63827,0.243878
ACAACGGTCCCTGCGA-1,0.000317,0.604135,0.139678,0.25587
ACAAGCAGTGCCTAGC-1,0.000107,0.000323,0.360939,0.638631
ACAAGGAAATCCGCCC-1,0.000215,0.251941,0.402414,0.345429
ACAAGGACAAGAGGTT-1,0.000285,0.193988,0.332909,0.472817
ACAAGGATGCTTTAGG-1,0.000209,0.192772,0.005734,0.801285
ACAAGGGCAGGCTCTG-1,0.000298,0.151384,0.59402,0.254298
ACAATAGTCGTACGTT-1,0.000598,0.200509,0.2194,0.579493
ACAATGAATACGGAGA-1,0.000204,0.076476,0.285231,0.638089
ACAATGATTCTTCTAC-1,0.001143,0.28695,0.169168,0.542739
ACAATTGTGTCTCTTT-1,0.000598,0.265701,0.415185,0.318516
ACAATTTAGGAGGCTC-1,0.000616,0.134113,0.377404,0.487867
ACAATTTGAGCAGTGG-1,0.000529,0.001594,0.378608,0.619269
ACACAAAGACGGGTGG-1,0.000412,0.710738,0.000414,0.288436
ACACAAATATTCCTAG-1,0.000367,0.318768,0.000369,0.680496
ACACACCAGGACCAGT-1,0.000764,0.073659,0.173815,0.751762
ACACACTTTCTACACG-1,0.000364,0.001098,0.000366,0.998172
ACACATGATCAAATCT-1,0.003861,0.516512,0.471865,0.007761
ACACATTGACGCAACA-1,0.00012,0.431042,0.00012,0.568718
ACACCCAGCATGCAGC-1,0.000045,0.997362,0.000045,0.002548
ACACCCGAGAAATCCG-1,0.000131,0.362162,0.258642,0.379065
ACACCGAGCGCTCTTT-1,0.000293,0.000882,0.055517,0.943309
ACACCGGTCTGACCGC-1,0.000444,0.768241,0.000446,0.23087
ACACCTTAAGTAGGGC-1,0.000112,0.393005,0.158176,0.448707
ACACGAGACTCCTTCT-1,0.00016,0.524187,0.166796,0.308857
ACACGGCACTATGCAT-1,0.000238,0.156614,0.057821,0.785328
ACACGGGAACTTAGGG-1,0.000446,0.024542,0.624658,0.350354
ACACGTAGGCCACAAG-1,0.000343,0.001032,0.177757,0.820869
ACACTCCAATGTCACT-1,0.000202,0.21587,0.217755,0.566173
ACACTGATCAAGGTGT-1,0.000236,0.487098,0.36411,0.148556
ACACTGGGACAGTCGT-1,0.000598,0.223667,0.000619,0.775117
ACAGAACTGAGAACAA-1,0.002381,0.669493,0.010013,0.318113
ACAGATTAGGTTAGTG-1,0.000309,0.17756,0.00031,0.821821
ACAGCATAGAGCCAGT-1,0.000438,0.134321,0.00044,0.8648
ACAGCGACATTCTCAT-1,0.002012,0.189345,0.395114,0.413529
ACAGCGCACCCGCAGC-1,0.000598,0.65176,0.0006,0.347042
ACAGGCACGGATCCTT-1,0.000163,0.00049,0.000163,0.999185
ACAGGCTTGCCCGACT-1,0.000518,0.780466,0.00052,0.218496
ACAGGTGGAGGTGAGG-1,0.000169,0.516528,0.1527,0.330603
ACAGTAATACAACTTG-1,0.001221,0.30999,0.498608,0.190181
ACAGTATACCGTGGGA-1,0.000215,0.360806,0.280606,0.358373
ACATAAGTCGTGGTGA-1,0.001931,0.005818,0.00194,0.990311
ACATAATAAGGCGGTG-1,0.000335,0.998654,0.000337,0.000674
ACATCCCGGCCATACG-1,0.000798,0.537066,0.223286,0.238849
ACATCGTATGCAATGG-1,0.000328,0.207884,0.256174,0.535614
ACATCGTTAACCTAGT-1,0.000389,0.001173,0.000391,0.998047
ACATGGCTCAATTTAG-1,0.000216,0.278076,0.000217,0.72149
ACATTAGTTTATATCC-1,0.000195,0.630894,0.305483,0.063428
ACCAAACACCCAGCGA-1,0.000373,0.001123,0.224786,0.773718
ACCAACACCACACACT-1,0.000147,0.299902,0.306527,0.393423
ACCAACCGCACTCCAC-1,0.000163,0.178364,0.063789,0.757684
ACCAACGCTTATTTAT-1,0.000169,0.652121,0.169525,0.178186
ACCAAGAACGCGTGTC-1,0.00018,0.346102,0.00018,0.653538
ACCAAGTCATCGGCAG-1,0.000768,0.284243,0.144594,0.570395
ACCAATATGCAAGTTA-1,0.005714,0.340804,0.410466,0.243016
ACCACAACTCAGAACA-1,0.000535,0.001612,0.000537,0.997316
ACCACAAGTTTCTATC-1,0.000978,0.002948,0.300502,0.695571
ACCACCCTCTCTTCTA-1,0.001171,0.303859,0.001176,0.693794
ACCACGTGCAGCTATA-1,0.000237,0.306516,0.54356,0.149686
ACCACTGTTCAAGAAG-1,0.000153,0.000462,0.000154,0.99923
ACCAGTGCCCGGTCAA-1,0.000147,0.435909,0.013641,0.550303
ACCAGTGCGGGAGACG-1,0.001414,0.286519,0.001421,0.710645
ACCATCCGCCAACTAG-1,0.001623,0.004892,0.990222,0.003263
ACCATCGTATATGGTA-1,0.000718,0.465581,0.532259,0.001442
ACCATTAAGGGTGTCA-1,0.000191,0.089728,0.12197,0.788111
ACCCAACGCCCGTGGC-1,0.000646,0.058471,0.302188,0.638694
ACCCACCTACATGCTC-1,0.000184,0.286084,0.079856,0.633875
ACCCATTTGTCCCTCT-1,0.00015,0.503159,0.000159,0.496532
ACCCGAGCGAAATTAC-1,0.000473,0.131242,0.185014,0.683271
ACCCGATTGGTTCCGA-1,0.000261,0.134011,0.002283,0.863446
ACCCGGAAACTCCCAG-1,0.000352,0.998588,0.000353,0.000707
ACCCGGAGCACCACAA-1,0.000112,0.39056,0.000113,0.609215
ACCCGGTTACACTTCC-1,0.000812,0.352986,0.411154,0.235048
ACCCGTAGTCTAGTTG-1,0.000194,0.000584,0.000195,0.999028
ACCCGTGTCATCAGTA-1,0.010989,0.033114,0.60006,0.355837
ACCCTATAGGACTGAG-1,0.000256,0.000771,0.000257,0.998715
ACCCTATGCCATATCG-1,0.000218,0.881097,0.023827,0.094858
ACCCTCCCGTCAGGGC-1,0.0002,0.000603,0.000201,0.998995
ACCCTCCCTTGCTATT-1,0.000281,0.328549,0.555078,0.116092
ACCCTGGTAACGCCCT-1,0.00044,0.001324,0.552495,0.445741
ACCCTTCATCTGCGAA-1,0.000262,0.259745,0.000263,0.739731
ACCCTTGCCTGGGTCG-1,0.000407,0.354594,0.104215,0.540784
ACCCTTTAGTTCTCCA-1,0.001623,0.157915,0.001631,0.83883
ACCGAAAGGGCCCTGC-1,0.000412,0.00124,0.000413,0.997935
ACCGAAGAGTCTGGTT-1,0.000934,0.053663,0.000938,0.944465
ACCGACACATCTCCCA-1,0.015873,0.936266,0.015945,0.031916
ACCGACTGAGTCCCAC-1,0.000486,0.06368,0.508745,0.42709
ACCGAGTCTCCTTATT-1,0.000821,0.204703,0.164777,0.629698
ACCGATAGGCATAACC-1,0.000312,0.388603,0.000313,0.610772
ACCGATATTTAATCAT-1,0.005953,0.311089,0.67099,0.011968
ACCGCAATAACTGCCT-1,0.000158,0.644818,0.303726,0.051297
ACCGCGGTGGAAGTCG-1,0.001211,0.087933,0.001216,0.90964
ACCGGGCCTTTGTTGA-1,0.002857,0.008613,0.595659,0.392871
ACCGGTCAGGTACACC-1,0.005291,0.40891,0.005315,0.580484
ACCGTCCACTGGGCCC-1,0.000226,0.051016,0.246963,0.701795
ACCGTGACCACGTGGG-1,0.000603,0.821177,0.000605,0.177615
ACCTAAGTACCTTTCA-1,0.003759,0.177492,0.811193,0.007555
ACCTAATCGACTTCCT-1,0.000904,0.439986,0.142896,0.416214
ACCTACTATAAATCTA-1,0.00027,0.132777,0.110654,0.756299
ACCTCCGCCCTCGCTG-1,0.008404,0.325683,0.008445,0.657468
ACCTCGAACTTATGCT-1,0.001221,0.222735,0.001226,0.774818
ACCTGCGTGTCATGTT-1,0.002597,0.185484,0.002609,0.80931
ACGAAATGGGCGGCAC-1,0.000768,0.125943,0.434576,0.438713
ACGACCCATGAGTTGC-1,0.00012,0.623098,0.000121,0.376661
ACGACTGGTCATACTC-1,0.000286,0.445661,0.18915,0.364903
ACGAGAACCCATCACG-1,0.000223,0.000672,0.000224,0.998882
ACGAGATATTTGCTTA-1,0.002646,0.259115,0.002657,0.735582
ACGAGGATACCACTCT-1,0.007519,0.421655,0.555716,0.01511
ACGAGGTTTACAACGT-1,0.002342,0.160616,0.415663,0.421379
ACGAGTACGGATGCCC-1,0.012987,0.039209,0.013043,0.934761
ACGATACATAGAACTA-1,0.00207,0.219673,0.774095,0.004161
ACGATCATACATAGAG-1,0.002381,0.680627,0.100218,0.216773
ACGATGGATCCGATGC-1,0.000306,0.000921,0.000307,0.998466
ACGCAAACTAATAGAT-1,0.005495,0.977946,0.005519,0.01104
ACGCAATCACTACAGC-1,0.000367,0.001107,0.294534,0.703992
ACGCATACGTTTACTA-1,0.000452,0.653983,0.086885,0.258679
ACGCATTCGTGAGTAC-1,0.000483,0.408891,0.330738,0.259888
ACGCCAGATGATTTCT-1,0.000527,0.149771,0.433546,0.416156
ACGCCGCTAGACGACC-1,0.000298,0.182059,0.601953,0.215691
ACGCGAAGTCAGACGA-1,0.000216,0.300301,0.429873,0.269609
ACGCGTTTCTTAAGAG-1,0.000106,0.181441,0.021871,0.796582
ACGCTAGTGATACACT-1,0.009524,0.501639,0.009563,0.479274
ACGGAATTTAGCAAAT-1,0.000278,0.000837,0.000279,0.998605
ACGGACTCTCAAAGCG-1,0.003401,0.634709,0.355053,0.006836
ACGGAGCGCAAATTAC-1,0.000211,0.356311,0.085641,0.557837
ACGGATGGTGCGGATA-1,0.002976,0.495432,0.002992,0.4986
ACGGCACTTGCTTGGG-1,0.000118,0.685977,0.141702,0.172203
ACGGCCAACATGGACT-1,0.000095,0.641367,0.142898,0.21564
ACGGCGACGATGGGAA-1,0.000114,0.582157,0.39571,0.022019
ACGGCGGGTTGCCCTG-1,0.008403,0.966263,0.008451,0.016883
ACGGCTGGATGTAGAA-1,0.005952,0.377634,0.005981,0.610433
ACGGGAGTGTCGGCCC-1,0.003175,0.285113,0.00319,0.708522
ACGGGCGTATGCGACA-1,0.001681,0.165718,0.309624,0.522978
ACGGGTCATGTGACTT-1,0.000235,0.000707,0.059344,0.939715
ACGTACAGATTTCTCT-1,0.000334,0.093724,0.103684,0.802258
ACGTACTTTGGCACGG-1,0.000624,0.338837,0.000627,0.659912
ACGTAGGAGAGTCGCT-1,0.000416,0.001253,0.000418,0.997912
ACGTCGGGCAACTCGG-1,0.00056,0.117531,0.000563,0.881346
ACGTCTCGTTCCGGGA-1,0.001701,0.085303,0.646094,0.266902
ACGTGACAAAGTAAGT-1,0.001808,0.556951,0.001816,0.439424
ACGTGCGCCTCGTGCA-1,0.010204,0.413829,0.010257,0.565709
ACGTTATTGGTCACTC-1,0.000164,0.577514,0.000165,0.422157
ACGTTCCGCGCTCCGT-1,0.00047,0.001416,0.088093,0.91002
ACGTTCGTTCAGGAAA-1,0.006211,0.975077,0.006239,0.012473
ACGTTCTGTACAAGTC-1,0.000259,0.184058,0.025167,0.790516
ACGTTTAGTTGTGATC-1,0.000177,0.529578,0.000178,0.470068
ACTAAGGACGCACACC-1,0.000243,0.264204,0.184902,0.550651
ACTAATACGTCAGGCG-1,0.000076,0.612533,0.120501,0.266891
ACTACAAAGAGAGGTG-1,0.000374,0.057667,0.339617,0.602342
ACTACATCCCGACAAG-1,0.003484,0.114391,0.396296,0.485828
ACTACCAGCTCTCTGG-1,0.000057,0.813771,0.016722,0.16945
ACTACGCGTTAGAATT-1,0.002747,0.306517,0.002763,0.687972
ACTAGTTGCGATCGTC-1,0.003175,0.400466,0.035772,0.560587
ACTATATGCTGTGTTC-1,0.000583,0.001756,0.000585,0.997075
ACTATCGCCGGCTAAA-1,0.000121,0.000365,0.000123,0.99939
ACTATCTGCCCGCGTA-1,0.010204,0.030709,0.010249,0.948837
ACTATGTCCAGCTGCC-1,0.006211,0.474993,0.006242,0.512554
ACTATTCGTCCGTGGT-1,0.000159,0.585921,0.00016,0.41376
ACTATTTCCGGGCCCA-1,0.004082,0.742826,0.0041,0.248992
ACTCAACGAATGTATT-1,0.005102,0.555018,0.005126,0.434754
ACTCAAGTGCAAGGCT-1,0.00044,0.006073,0.061849,0.931639
ACTCAATAAAGGCACG-1,0.000357,0.266165,0.250759,0.482719
ACTCAGACCTGCTTCT-1,0.000344,0.001038,0.000346,0.998272
ACTCATGGCAGCCTTC-1,0.000319,0.000961,0.00032,0.9984
ACTCCAATATCATCAT-1,0.000704,0.629572,0.090669,0.279055
ACTCCCATTCCTAAAG-1,0.001742,0.497047,0.215514,0.285697
ACTCCCGTAGACTAGG-1,0.000516,0.103051,0.290328,0.606105
ACTCCCTAATGCTAAA-1,0.001984,0.005981,0.801014,0.191021
ACTCCCTAGAATAGTA-1,0.000338,0.186617,0.097592,0.715453
ACTCCGGCCGACCACT-1,0.000277,0.128917,0.000279,0.870527
ACTCGATGTATTTCAT-1,0.000229,0.383649,0.074082,0.54204
ACTCGCCGTTCGATAA-1,0.000232,0.208651,0.01032,0.780798
ACTCGTAACCCGTCCT-1,0.010204,0.030751,0.938536,0.020508
ACTCTAAACCTGGGAT-1,0.000092,0.076219,0.096571,0.827118
ACTCTCTTATACACGA-1,0.000697,0.110656,0.0007,0.887947
ACTCTGACCTAATAGA-1,0.000123,0.440888,0.000124,0.558865
ACTGAAACGCCGTTAG-1,0.000288,0.000868,0.138729,0.860115
ACTGAATGGCGAAAGT-1,0.000218,0.445953,0.352033,0.201795
ACTGCCCGCCATTCTC-1,0.000539,0.196386,0.000542,0.802533
ACTGCCGTCGTAACTC-1,0.000139,0.447031,0.007444,0.545386
ACTGCTCGGAAGGATG-1,0.000736,0.862349,0.00074,0.136175
ACTGGCGAACCTGCGT-1,0.000415,0.001252,0.073339,0.924994
ACTGTACGATACACAT-1,0.000263,0.553691,0.064734,0.381312
ACTGTAGCACTTTGGA-1,0.000336,0.229941,0.187512,0.582211
ACTGTATACGCGAGCA-1,0.000289,0.000869,0.00029,0.998552
ACTGTCCAGGATTATA-1,0.00047,0.055344,0.631919,0.312267
ACTGTCTTCTTTAGAA-1,0.00014,0.895678,0.048443,0.055739
ACTGTGCTAGTAGATC-1,0.000168,0.425034,0.000169,0.574629
ACTTACCGGGCGCGCA-1,0.003861,0.488444,0.003878,0.503818
ACTTACGCATCCACGC-1,0.006211,0.825549,0.006244,0.161996
ACTTAGTACGACAAGA-1,0.000195,0.3403,0.000196,0.659309
ACTTATTTATGTGCCA-1,0.00157,0.352673,0.472822,0.172935
ACTTCAGGCTGATCCC-1,0.000464,0.122362,0.671768,0.205406
ACTTCCAGTGGAAGCT-1,0.000444,0.307586,0.381359,0.310611
ACTTCCATGCGGGACA-1,0.000159,0.61054,0.098504,0.290796
ACTTCGCCATACGCAC-1,0.000283,0.198052,0.286452,0.515213
ACTTGGGACCCGGTGG-1,0.000366,0.114856,0.504185,0.380593
ACTTGTAGTCCCTTCA-1,0.004464,0.286821,0.699742,0.008972
ACTTGTGGATGGAACG-1,0.004762,0.014353,0.644169,0.336716
ACTTTCCTATAGCTTC-1,0.001028,0.423012,0.573894,0.002067
ACTTTGGTCGTGCTCC-1,0.010989,0.033114,0.542927,0.412969
ACTTTGTCGACGCACT-1,0.001504,0.266814,0.00151,0.730172
AGAAATTATGACTCGC-1,0.005952,0.405196,0.19577,0.393082
AGAACCCTCAATTGGG-1,0.001764,0.410675,0.145182,0.442379
AGAACGTGGTACATTC-1,0.000382,0.594742,0.047731,0.357145
AGAAGGTACACTTCAC-1,0.000992,0.99602,0.000996,0.001992
AGAAGGTTGCCGAATT-1,0.000876,0.349582,0.169156,0.480386
AGAAGGTTGTAGGTCG-1,0.000387,0.001167,0.05402,0.944426
AGAAGTGATTCGTGAT-1,0.004464,0.013459,0.456684,0.525392
AGAATGCGGGTTCGGA-1,0.000411,0.012219,0.000412,0.986958
AGAATTGTTTGACATA-1,0.000224,0.171341,0.203849,0.624585
AGACAGCTCAGAATCC-1,0.000127,0.392786,0.10643,0.500657
AGACAGGCATCTCAGC-1,0.014286,0.043081,0.014364,0.928268
AGACATAGATCCTTCC-1,0.000722,0.274802,0.029758,0.694719
AGACCAAACCACACCT-1,0.000649,0.86887,0.000652,0.129829
AGACCATGGGATACAA-1,0.00019,0.00345,0.445162,0.551198
AGACCCACCGCTGATC-1,0.000392,0.154747,0.369487,0.475374
AGACCCGCCCTCCTCG-1,0.000085,0.73412,0.139007,0.126788
AGACCGCTCCGCGGTT-1,0.005714,0.292938,0.107946,0.593402
AGACGAAGTGCCGGTC-1,0.000693,0.200041,0.557555,0.24171
AGACGACGATGCCGCT-1,0.000362,0.638489,0.093848,0.267302
AGACGCCCACTTCGCC-1,0.000281,0.439188,0.226028,0.334503
AGACGGGCCGATTTAA-1,0.000091,0.301104,0.047665,0.65114
AGACTAGCCTTCCAGA-1,0.000207,0.833245,0.166001,0.000546
AGACTGTTACCGGGTC-1,0.008403,0.025323,0.008432,0.957842
AGAGAAACACCAGAAA-1,0.000238,0.226398,0.143306,0.630058
AGAGAACCGTCTAGGA-1,0.000397,0.313368,0.225511,0.460724
AGAGAAGGAGTACAAT-1,0.000866,0.318811,0.593613,0.08671
AGAGCAGTTATGAGAC-1,0.000141,0.321057,0.27431,0.404491
AGAGCCGCCGAGATTT-1,0.000554,0.001668,0.37696,0.620818
AGAGCGCTTGTAACGG-1,0.000426,0.274545,0.082479,0.64255
AGAGCGGGCTAATCAT-1,0.000131,0.527526,0.000132,0.472211
AGAGCGTACAAGCTCG-1,0.000325,0.233119,0.203053,0.563503
AGAGCTACGAAAGCAT-1,0.000209,0.00063,0.00021,0.99895
AGAGGCTTCGGAAACC-1,0.001181,0.547641,0.448806,0.002372
AGAGTAAACTTCACTA-1,0.002916,0.417094,0.574131,0.00586
AGAGTTGCAGGCCTCC-1,0.000329,0.315818,0.000331,0.683522
AGATAACTTCAGGGCC-1,0.000212,0.035764,0.402834,0.561189
AGATACCAATAGAACC-1,0.00028,0.365932,0.049049,0.584739
AGATACCAGCACTTCA-1,0.000201,0.207644,0.188678,0.603477
AGATACGACTTCATAT-1,0.000166,0.473288,0.000167,0.526379
AGATACTCAAGATCGA-1,0.000198,0.386552,0.401738,0.211512
AGATATAATACGACTA-1,0.000292,0.000879,0.106361,0.892469
AGATCGTGCATAAGAT-1,0.006211,0.018702,0.006235,0.968851
AGATCTCAGGTGTGAT-1,0.000521,0.226754,0.289804,0.48292
AGATGACTCGCCCACG-1,0.000131,0.764552,0.106529,0.128788
AGATGAGGGTTGCGAT-1,0.000845,0.002548,0.000849,0.995758
AGATGCAAGACGTGCA-1,0.000444,0.060422,0.177247,0.761888
AGATGCATCCTGTGTC-1,0.002976,0.008974,0.513101,0.474949
AGATGCTATAACGAGC-1,0.00008,0.186509,0.003594,0.809817
AGATTCACAACCGATA-1,0.000624,0.322126,0.000627,0.676623
AGCAAAGGCCGCTAGT-1,0.003968,0.677201,0.003986,0.314845
AGCAACCGAAAGTAAT-1,0.000185,0.340411,0.283081,0.376322
AGCACACGTTTAGACT-1,0.000285,0.074222,0.24813,0.677363
AGCACCAGTACTCACG-1,0.000882,0.207835,0.358629,0.432654
AGCACTACCTCACCAG-1,0.000317,0.798548,0.200497,0.000638
AGCACTTAAGGACGCC-1,0.000176,0.121791,0.335439,0.542595
AGCAGAAGGAGAAAGA-1,0.000245,0.00074,0.229134,0.769881
AGCAGCCAGATGAATA-1,0.000211,0.636094,0.21218,0.151515
AGCATATCAATATGCT-1,0.001348,0.004062,0.358613,0.635977
AGCATCATTTCGAAAG-1,0.007519,0.564912,0.412462,0.015107
AGCATCGTCGATAATT-1,0.000153,0.674383,0.128408,0.197056
AGCATTACGAGGCAAG-1,0.000328,0.000987,0.000329,0.998356
AGCCAAGCTTTGTGTC-1,0.000507,0.092463,0.108054,0.798976
AGCCACAGGTTACCCG-1,0.000256,0.469255,0.066143,0.464346
AGCCACTCCCGTGCTT-1,0.001701,0.662531,0.332351,0.003417
AGCCATATAGTATGTG-1,0.000404,0.001216,0.88962,0.10876
AGCCCATACATGTAAG-1,0.000452,0.147475,0.611318,0.240755
AGCCCGCAACAAGCAG-1,0.000199,0.078285,0.142073,0.779443
AGCCCGGCATTAGAGG-1,0.00084,0.002533,0.534372,0.462255
AGCCCGGTAGCCTGTA-1,0.000444,0.001337,0.407586,0.590633
AGCCCTAAGCGAAGTT-1,0.000136,0.574425,0.074823,0.350616
AGCCCTCCCTGGTGGC-1,0.000406,0.001223,0.036072,0.962299
AGCCCTTCTAATCCGA-1,0.000331,0.841136,0.000332,0.158201
AGCCCTTGGACATCCC-1,0.000098,0.849295,0.15041,0.000197
AGCCGCTTGATTAGCG-1,0.000139,0.000418,0.000139,0.999304
AGCCGTGGCTAAATGT-1,0.009524,0.708186,0.009585,0.272705
AGCCTAATACCCACGT-1,0.000402,0.194525,0.481379,0.323693
AGCCTTAAAGCGGAAG-1,0.000163,0.440939,0.093566,0.465332
AGCGACAGGAACGGTC-1,0.000402,0.366329,0.285182,0.348086
AGCGACATCCCATTCA-1,0.005102,0.347096,0.00513,0.642672
AGCGACCAACGATATT-1,0.000283,0.277215,0.363996,0.358505
AGCGAGACGTGAAGGC-1,0.000207,0.181679,0.000208,0.817906
AGCGATGCGCCTAATA-1,0.000332,0.001001,0.20116,0.797507
AGCGCATAATGAATCG-1,0.000232,0.956534,0.042769,0.000465
AGCGCGGGTGCCAATG-1,0.000336,0.461788,0.294496,0.243381
AGCGCTTATGGGCAAG-1,0.000109,0.449359,0.085521,0.465011
AGCGGACACTTCGTAG-1,0.000212,0.999148,0.000213,0.000426
AGCGGCGGTTAGCGGT-1,0.000518,0.501746,0.326532,0.171205
AGCGGGAAGGGTCCAT-1,0.000153,0.373577,0.000154,0.626115
AGCGGGTCTGACACTC-1,0.000287,0.000866,0.000289,0.998558
AGCGGTTGCCGCTCTG-1,0.000297,0.089751,0.245638,0.664314
AGCGTACGAGAGCTAG-1,0.00015,0.620623,0.00015,0.379077
AGCGTCTGAACCCGCA-1,0.015873,0.522864,0.429341,0.031922
AGCGTGGTATTCTACT-1,0.000246,0.311017,0.449558,0.239178
AGCTAACAAGCAATGT-1,0.000816,0.394413,0.00082,0.603951
AGCTAAGTACGCAGGC-1,0.000215,0.215911,0.001819,0.782054
AGCTAGAAGCAGAAGT-1,0.015873,0.936261,0.015945,0.03192
AGCTATTTAATCCAAC-1,0.000292,0.138833,0.232343,0.628531
AGCTCCATATATGTTC-1,0.000268,0.253009,0.193456,0.553268
AGCTCCTTCGCACATC-1,0.000383,0.463779,0.158276,0.377563
AGCTCGTTGATGGAAA-1,0.000671,0.002021,0.325538,0.671771
AGCTCTTCCCAGTGCA-1,0.001931,0.608537,0.001939,0.387594
AGCTGAAGTAAACCAA-1,0.001035,0.00312,0.243612,0.752233
AGCTGTAACCTCAATC-1,0.00085,0.6557,0.176157,0.167292
AGCTTATAGAGACCTG-1,0.001742,0.284404,0.050708,0.663145
AGCTTCTTCTCGAGCA-1,0.000358,0.001079,0.00036,0.998203
AGGAAAGCCTCTGATG-1,0.002132,0.301677,0.110879,0.585312
AGGAACGAACGACTTC-1,0.000143,0.749095,0.000144,0.250618
AGGAAGCTGTCCGCCG-1,0.008404,0.248131,0.189363,0.554102
AGGACAGTCGAATCCC-1,0.000434,0.001308,0.997385,0.000873
AGGACATCGCACGTCG-1,0.000255,0.498029,0.042719,0.458998
AGGACATCGGCACACT-1,0.000409,0.001233,0.000411,0.997947
AGGACGACCCATTAGA-1,0.000377,0.177441,0.464123,0.35806
AGGACGCTCGATGTTG-1,0.015873,0.047846,0.015944,0.920336
AGGACTTATAGGAGAA-1,0.000159,0.017012,0.077254,0.905575
AGGAGGCCTTCGCGCG-1,0.000789,0.039648,0.499707,0.459856
AGGATAAAGTCGGGAT-1,0.000286,0.338964,0.273887,0.386863
AGGATATAGGGATTTA-1,0.001931,0.005816,0.988376,0.003878
AGGATCACGCGATCTG-1,0.004464,0.450131,0.536431,0.008973
AGGCACGTGACTGTCC-1,0.000185,0.306275,0.000186,0.693355
AGGCAGATGCGTAAAC-1,0.000245,0.359983,0.245824,0.393949
AGGCAGGGAGCGTACT-1,0.000343,0.601721,0.000345,0.397591
AGGCATTGTCGTAGGG-1,0.001414,0.165689,0.830055,0.002842
AGGCCACCCGTTATGA-1,0.000298,0.195906,0.241548,0.562248
AGGCCCAGTGACTGGT-1,0.000148,0.000447,0.056373,0.943031
AGGCCCATTGTACAGG-1,0.000313,0.000944,0.000315,0.998428
AGGCCCTAGAACGCCA-1,0.000341,0.408963,0.279448,0.311248
AGGCCTATCATACCAA-1,0.003247,0.273988,0.316826,0.405939
AGGCCTGAGAATCTCG-1,0.000096,0.851615,0.024729,0.12356
AGGCGATAACTGGCGT-1,0.000336,0.13612,0.000338,0.863207
AGGCGGTTTGTCCCGC-1,0.002976,0.008971,0.437175,0.550878
AGGCGTCTATGGACGG-1,0.000248,0.065994,0.000249,0.933509
AGGCTATGGTTAGCTT-1,0.000345,0.67276,0.244019,0.082875
AGGCTTCCCGAAGAAG-1,0.000143,0.835827,0.150392,0.013638
AGGCTTGCTAGACACC-1,0.000539,0.323764,0.259723,0.415974
AGGGAAACGAGGTACT-1,0.000273,0.000823,0.000274,0.99863
AGGGACAGCACGGCGG-1,0.001201,0.267111,0.354056,0.377633
AGGGACTCTACGCGAC-1,0.000104,0.772921,0.000104,0.226871
AGGGCAGCGGCGTGGT-1,0.000484,0.040405,0.000486,0.958625
AGGGCCCTAATGTTCT-1,0.00023,0.313678,0.126117,0.559975
AGGGCGAGCAGCTGAT-1,0.000501,0.00151,0.705876,0.292112
AGGGCGTGATCGGCTA-1,0.00013,0.214595,0.256639,0.528635
AGGGTCAGAGCACTCG-1,0.000348,0.001047,0.147553,0.851052
AGGGTCAGTAACCCTA-1,0.000228,0.438013,0.000229,0.561531
AGGGTCTGGACGCAGT-1,0.000405,0.001218,0.000406,0.997972
AGGGTGCCGTTCTTTA-1,0.000812,0.002446,0.271363,0.725379
AGGGTGGATAGTGCAT-1,0.000232,0.011527,0.209394,0.778847
AGGGTTCAGACGGTCC-1,0.000307,0.000926,0.328668,0.670099
AGGGTTCCCTTTGGTT-1,0.001066,0.003213,0.423494,0.572227
AGGGTTTAGTTCGGGA-1,0.000621,0.342602,0.336913,0.319864
AGGTAACCTCCTATTC-1,0.000185,0.113113,0.000186,0.886517
AGGTACGATATTGCCA-1,0.006803,0.020514,0.682947,0.289736
AGGTAGATCGAGATAT-1,0.000189,0.273011,0.228517,0.498283
AGGTCAGGTGAGAGTG-1,0.001661,0.179553,0.311192,0.507593
AGGTCGCCTCCCAACA-1,0.000126,0.000379,0.000126,0.999369
AGGTCGCGGAGTTACT-1,0.035716,0.108087,0.035897,0.8203
AGGTGCACGTCCACAT-1,0.002551,0.474082,0.518242,0.005126
AGGTGGTGACCTTCGC-1,0.014286,0.043069,0.913935,0.02871
AGGTGTTGCCGACCAC-1,0.000244,0.263827,0.06663,0.669299
AGGTTCTCCTTTCCGG-1,0.000687,0.094166,0.00069,0.904457
AGGTTGAGGCACGCTT-1,0.002551,0.007688,0.453584,0.536176
AGTAATGTCTTGCCGC-1,0.000309,0.1365,0.031628,0.831563
AGTAATTTGCAAGCGT-1,0.001287,0.449293,0.001293,0.548127
AGTACAGAAGCTTATA-1,0.000641,0.20713,0.448549,0.34368
AGTACCTTCGAGTGCT-1,0.002132,0.515617,0.116571,0.365679
AGTACGGGCACCTGGC-1,0.000812,0.002447,0.260864,0.735878
AGTACGTGGCCTGTCT-1,0.002916,0.410567,0.00293,0.583588
AGTACTCTTATGCCCA-1,0.000364,0.338401,0.112346,0.548889
AGTAGAAGGCGCCTCA-1,0.000291,0.000877,0.050975,0.947858
AGTAGGAAGGAAGTTG-1,0.000608,0.552481,0.000611,0.4463
AGTAGGTAACATACAT-1,0.000153,0.518202,0.000153,0.481492
AGTATAATACTAGGCA-1,0.000182,0.542526,0.104917,0.352375
AGTATACACAGCGACA-1,0.000349,0.032794,0.34033,0.626527
AGTATGCTGGAGACCA-1,0.000512,0.001543,0.244148,0.753797
AGTATTTGGCACGACC-1,0.002976,0.988053,0.002991,0.00598
AGTCAAATGATGTGAT-1,0.000248,0.184614,0.073016,0.742123
AGTCAAGATGACACTT-1,0.00018,0.880284,0.119175,0.000361
AGTCACTAGCTCTCGA-1,0.000959,0.538853,0.000963,0.459225
AGTCACTCCGCCTCAT-1,0.017858,0.053849,0.017942,0.910352
AGTCAGCCACCGCCTG-1,0.000184,0.315644,0.000185,0.683987
AGTCCCGCCTTTAATT-1,0.008929,0.345968,0.008979,0.636125
AGTCGGCCCAAACGAC-1,0.000032,0.925359,0.000032,0.074577
AGTCGGCTCAACTTTA-1,0.001832,0.005517,0.724186,0.268465
AGTCGTATAAAGCAGA-1,0.0007,0.00211,0.000703,0.996486
AGTCGTCGACCACCAA-1,0.000256,0.293057,0.200537,0.50615
AGTCGTGGGCATTACG-1,0.000722,0.341309,0.536693,0.121277
AGTCTCACAAGACTAC-1,0.000752,0.171056,0.587569,0.240624
AGTCTGGACATCCTTG-1,0.000311,0.068486,0.103851,0.827352
AGTCTTCTCCTCAAAT-1,0.00015,0.685651,0.036708,0.27749
AGTCTTTAAAGTGTCC-1,0.000464,0.001398,0.157711,0.840427
AGTGAACAAACTTCTC-1,0.000368,0.254035,0.723823,0.021774
AGTGAAGATGGTGTCC-1,0.000629,0.001896,0.28094,0.716535
AGTGACCTACTTTACG-1,0.000375,0.11381,0.495087,0.390728
AGTGACTGTGACACAA-1,0.000826,0.271283,0.109271,0.61862
AGTGAGCCTCGCCGCC-1,0.001957,0.195474,0.001966,0.800604
AGTGAGGGTTTCTGAC-1,0.000169,0.124812,0.00017,0.874849
AGTGAGTCGAATTAAC-1,0.000364,0.001095,0.000365,0.998176
AGTGATAACCTGCGCG-1,0.000264,0.000794,0.10374,0.895202
AGTGATATGAGTAGTT-1,0.00059,0.212542,0.403326,0.383542
AGTGCACGCTTAAGAA-1,0.001116,0.103364,0.164278,0.731242
AGTGCGTAGCTCGTAA-1,0.000354,0.125083,0.480267,0.394296
AGTGCTAAACACAGCA-1,0.000232,0.0007,0.000233,0.998834
AGTGGCGGCAATTTGA-1,0.000821,0.29473,0.501792,0.202658
AGTGGCGTCTGAAGGT-1,0.000206,0.317994,0.019052,0.662748
AGTGGGAGTATACACG-1,0.000133,0.504976,0.015196,0.479696
AGTGGTGTTACCCGTG-1,0.001931,0.005821,0.646389,0.34586
AGTGTATTGCGCATTG-1,0.006494,0.675205,0.006521,0.31178
AGTGTGCTAAGATCGC-1,0.000261,0.083844,0.000262,0.915633
AGTGTGGTCTATTGTG-1,0.000255,0.208967,0.161924,0.628855
AGTTAAGCGGTCCCGG-1,0.005495,0.016538,0.00552,0.972447
AGTTAAGTCAACCGCT-1,0.003106,0.646258,0.003121,0.347515
AGTTACCCTTAAGACT-1,0.000711,0.265892,0.258182,0.475216
AGTTACCGCACATGGT-1,0.00022,0.524578,0.126174,0.349028
AGTTACTCTATCGTGG-1,0.000441,0.001328,0.000443,0.997788
AGTTCACCGGTTGGAC-1,0.000283,0.000852,0.000284,0.998581
AGTTCCTACAGAATTA-1,0.000397,0.109106,0.505997,0.3845
AGTTCCTATTTATGTT-1,0.000952,0.139442,0.408603,0.451003
AGTTCTGCGTTGTATC-1,0.000257,0.124854,0.000258,0.874631
AGTTGACATCGGCTGG-1,0.000377,0.001135,0.000378,0.99811
AGTTGACGGTCCTTGC-1,0.000315,0.014099,0.270473,0.715112
AGTTGCTGACTGATAT-1,0.000229,0.141831,0.00023,0.857709
AGTTGGCAAGGCTAGA-1,0.000175,0.000527,0.000176,0.999122
AGTTTCGCAGGTCGGA-1,0.000303,0.051366,0.000305,0.948026
AGTTTGCACCTGCCTC-1,0.005953,0.017959,0.248788,0.7273
AGTTTGGCACGGGTTG-1,0.003322,0.902144,0.003339,0.091195
AGTTTGGCCAGACCTA-1,0.001323,0.003987,0.652773,0.341917
ATAAACGGACCCGTAA-1,0.000284,0.396317,0.253378,0.35002
ATAAACGTTGCACCAC-1,0.000324,0.012766,0.250206,0.736704
ATAAAGGCTCGGTCGT-1,0.001808,0.402155,0.346927,0.24911
ATAACGGAGTCCAACG-1,0.001786,0.395991,0.001794,0.600429
ATAACGTTACCTCCAC-1,0.000337,0.001015,0.000338,0.99831
ATAAGCAAACACCGAG-1,0.001361,0.186775,0.407936,0.403929
ATAAGGTGGAGAACAT-1,0.000241,0.21866,0.225474,0.555625
ATAAGTACCCGATTGT-1,0.00036,0.318323,0.000361,0.680956
ATAAGTAGGATTCAGA-1,0.02381,0.071586,0.023907,0.880698
ATAAGTTACCGCGACG-1,0.000304,0.306848,0.531814,0.161034
ATAATACCGTTAGCCG-1,0.000223,0.167749,0.000224,0.831804
ATAATAGCTGTTGAAT-1,0.000353,0.263335,0.294574,0.441738
ATAATAGTGTAGGGAC-1,0.00022,0.000663,0.000221,0.998895
ATAATCTTGGAGAACC-1,0.008403,0.506303,0.008439,0.476854
ATAATTAGCTAAGTAG-1,0.000141,0.757898,0.000141,0.241819
ATACAGGCCCTCCAAT-1,0.002463,0.158118,0.002475,0.836944
ATACCAGGCTAATAGA-1,0.000512,0.001544,0.000514,0.997429
ATACCGTCATCCATAA-1,0.000215,0.267889,0.119013,0.612882
ATACCTAACCAAGAAA-1,0.004608,0.332958,0.004631,0.657802
ATACGGAACGTCGTTT-1,0.00036,0.001084,0.354915,0.64364
ATACGGGTTTCGATTG-1,0.001605,0.00484,0.407526,0.586029
ATACGTACTTAGCCAC-1,0.00304,0.581007,0.003055,0.412899
ATACGTCCACTCCTGT-1,0.000674,0.572073,0.425899,0.001354
ATACGTTATGCACGGA-1,0.000549,0.16945,0.000552,0.829448
ATACTACCCGTACCAC-1,0.000355,0.067045,0.278474,0.654126
ATACTAGCATGACCCT-1,0.000182,0.807117,0.004685,0.188015
ATACTCTCGCCACTCT-1,0.00051,0.001536,0.000512,0.997441
ATACTGCCTTACACCG-1,0.006211,0.018735,0.533837,0.441217
ATACTTGTTCTCGAGC-1,0.000736,0.039095,0.144449,0.81572
ATAGACAACGGGACCT-1,0.00188,0.384185,0.00189,0.612046
ATAGACGAAGAGAAAG-1,0.000246,0.182377,0.247315,0.570062
ATAGAGTACTGGGACA-1,0.000063,0.869745,0.090051,0.04014
ATAGAGTTATCAACTT-1,0.004762,0.014347,0.364953,0.615939
ATAGCAACTAGGGAAG-1,0.000198,0.193755,0.025877,0.78017
ATAGCCTCAGTACCCA-1,0.000328,0.000987,0.181051,0.817634
ATAGCTGCTCTTGTTA-1,0.000217,0.145839,0.065281,0.788662
ATAGGCGGCTATAGAA-1,0.000725,0.002185,0.535767,0.461323
ATAGGCTAGCTTCGCA-1,0.02381,0.071852,0.023969,0.880369
ATAGGGATATCCTTGA-1,0.000346,0.363263,0.28003,0.356361
ATAGGTTGGGCAGATG-1,0.000671,0.364172,0.553562,0.081596
ATAGTCTTTGACGTGC-1,0.00085,0.002559,0.000854,0.995736
ATATAAAGCGCTCGTG-1,0.004608,0.344458,0.004629,0.646304
ATATAAATGTAGCTGC-1,0.04762,0.143188,0.047925,0.761268
ATATAACACGGGCGCA-1,0.000404,0.001216,0.000405,0.997975
ATATACATGTATGGTA-1,0.006494,0.019574,0.402374,0.571558
ATATACGCTCGTGACG-1,0.00047,0.001416,0.183751,0.814363
ATATAGAGTATTGGTC-1,0.007143,0.021528,0.756106,0.215224
ATATCAATTCCAGCCT-1,0.001401,0.09405,0.058959,0.84559
ATATCGTTCCTCGAAC-1,0.000243,0.30234,0.179992,0.517425
ATATCTCCCTCGTTAA-1,0.003106,0.009366,0.699492,0.288037
ATATGGGATAGCAACT-1,0.000459,0.574919,0.089709,0.334912
ATATGTGCACAAACCA-1,0.000512,0.426274,0.291262,0.281952
ATATTATCCCGTATTT-1,0.000269,0.43187,0.003278,0.564584
ATATTCAGTTAAACCT-1,0.000436,0.181819,0.464183,0.353563
ATATTCCACATAGTGA-1,0.000207,0.642795,0.33978,0.017218
ATATTCCCACAGGTCA-1,0.000382,0.349776,0.000384,0.649458
ATATTGCTGTCAAAGT-1,0.000119,0.624767,0.024969,0.350145
ATATTGGAGAGGCCTT-1,0.000276,0.155547,0.000278,0.843899
ATATTTAACCCTCAAG-1,0.00051,0.069745,0.366851,0.562893
ATCAAACACTGTTCCA-1,0.002232,0.006727,0.377453,0.613588
ATCAAACGAAGGTTTG-1,0.00105,0.003166,0.791943,0.203841
ATCAATGCCGTGGCTG-1,0.004082,0.42668,0.004103,0.565134
ATCACATTAGAATATC-1,0.001311,0.499489,0.146741,0.352459
ATCACGTGCTAATTAA-1,0.000158,0.748248,0.207211,0.044383
ATCACTTCATCCTCGC-1,0.000412,0.669867,0.000414,0.329307
ATCAGACGGCACGCCG-1,0.000303,0.330455,0.248564,0.420678
ATCAGCCTCATGCTGC-1,0.000279,0.435795,0.128386,0.435539
