Barcode,Topic 1to3,Topic 4to6,Topic 7to8
AAACAAGTATCTCCCA-1,0.231024,0.628551,0.140425
AAACAATCTACTAGCA-1,0.661922,0.193046,0.145032
AAACACCAATAACTGC-1,0.162685,0.519204,0.31811
AAACAGAGCGACTCCT-1,0.278681,0.000552,0.720766
AAACAGCTTTCAGAAG-1,0.030627,0.351507,0.617866
AAACAGGGTCTATATT-1,0.148428,0.1077,0.743873
AAACAGTGTTCCTGGG-1,0.000844,0.52376,0.475395
AAACATGGTGAGAGGA-1,0.000275,0.19953,0.800195
AAACATTTCCCGGATT-1,0.306538,0.600001,0.09346
AAACCACTACACAGAT-1,0.004878,0.991869,0.003253
AAACCCGAACGAAATC-1,0.418487,0.337196,0.244317
AAACCGGGTAGGTACC-1,0.000287,0.067447,0.932266
AAACCGTTCGTCCAGG-1,0.000261,0.067019,0.93272
AAACCTAAGCAGCCGG-1,0.443568,0.367494,0.188938
AAACGAAGATGGAGTA-1,0.000506,0.229598,0.769895
AAACGACAGTCTTGCC-1,0.00186,0.844916,0.153224
AAACGCCCGAGATCGG-1,0.150137,0.552386,0.297478
AAACGGGCGTACGGGT-1,0.292883,0.627166,0.079951
AAACGTGTTCGCCCTA-1,0.002184,0.397544,0.600272
AAACTAACGTGGCGAC-1,0.729254,0.252455,0.018291
AAACTCGGTTCGCAAT-1,0.000835,0.932717,0.066448
AAACTCGTGATATAAG-1,0.008737,0.252925,0.738338
AAACTGCTGGCTCCAA-1,0.488071,0.114098,0.397831
AAACTTAATTGCACGC-1,0.290103,0.00202,0.707877
AAACTTGCAAACGTAT-1,0.000142,0.01006,0.989798
AAAGAATGACCTTAGA-1,0.087028,0.307188,0.605783
AAAGACATGAAGTTTA-1,0.578154,0.148188,0.273658
AAAGACCCAAGTCGCG-1,0.609308,0.007993,0.382699
AAAGACTGGGCGCTTT-1,0.46451,0.131936,0.403554
AAAGCTTGCCTACATA-1,0.002122,0.220198,0.77768
AAAGGCCCTATAATAC-1,0.101418,0.396898,0.501684
AAAGGCTCTCGCGCCG-1,0.370954,0.139131,0.489915
AAAGGGATGTAGCAAG-1,0.048868,0.186252,0.76488
AAAGGGCAGCTTGAAT-1,0.453616,0.371925,0.174459
AAAGGTAAGCTGTACC-1,0.790032,0.003511,0.206457
AAAGGTCAACGACATG-1,0.999658,0.000205,0.000137
AAAGTAGCATTGCTCA-1,0.000337,0.05935,0.940313
AAAGTCACTGATGTAA-1,0.011739,0.980433,0.007828
AAAGTGTGATTTATCT-1,0.136717,0.755613,0.10767
AAAGTTGACTCCCGTA-1,0.000856,0.867458,0.131686
AAATAACCATACGGGA-1,0.000576,0.00163,0.997794
AAATACCTATAAGCAT-1,0.159245,0.227889,0.612866
AAATAGGGTGCTATTG-1,0.397005,0.212558,0.390438
AAATCACTCCTAAACG-1,0.661018,0.132961,0.206022
AAATCCGATACACGCC-1,0.333974,0.565414,0.100612
AAATCGCGGAAGGAGT-1,0.083361,0.100574,0.816065
AAATCGTGTACCACAA-1,0.000292,0.065248,0.93446
AAATCTAGCCCTGCTA-1,0.780254,0.217134,0.002612
AAATCTGCCCGCGTCC-1,0.17223,0.104644,0.723126
AAATGATTCGATCAGC-1,0.559848,0.016462,0.42369
AAATGCTCGTTACGTT-1,0.34946,0.445644,0.204896
AAATGGCATGTCTTGT-1,0.390814,0.604074,0.005112
AAATGGCCCGTGCCCT-1,0.000215,0.128769,0.871016
AAATGTGGGTGCTCCT-1,0.569117,0.059586,0.371296
AAATTACACGACTCTG-1,0.024601,0.136805,0.838594
AAATTCCAGGTCCAAA-1,0.060727,0.008468,0.930804
AAATTGATAGTCCTTT-1,0.000452,0.000452,0.999096
AAATTGGTGAGAAGCA-1,0.001888,0.954406,0.043706
AAATTTACCGAAATCC-1,0.005871,0.170594,0.823536
AAATTTGCGGGTGTGG-1,0.00026,0.00026,0.99948
AACAATACATTGTCGA-1,0.072571,0.39558,0.531849
AACAATTACTCTACGC-1,0.31761,0.305234,0.377155
AACACACGCTCGCCGC-1,0.46114,0.484329,0.054531
AACACGACTGTACTGA-1,0.535807,0.004943,0.45925
AACACGAGACGCGGCC-1,0.048778,0.053858,0.897365
AACACGCGGCCGCGAA-1,0.315443,0.647615,0.036942
AACAGCTGTGTGGCAA-1,0.247345,0.068225,0.684429
AACAGGAAATCGAATA-1,0.475381,0.519175,0.005445
AACAGGTAGTATGGAT-1,0.729288,0.243357,0.027355
AACATATCAACTGGTG-1,0.543192,0.003447,0.453361
AACATCGATACGTCTA-1,0.486084,0.154054,0.359863
AACATTGAAGTTGATC-1,0.432257,0.357178,0.210565
AACCAGTATCACTCTT-1,0.998969,0.000619,0.000412
AACCATAGGGTTGAAC-1,0.097646,0.657185,0.245169
AACCATGGGATCGCTA-1,0.27989,0.543139,0.176971
AACCCAGAGACGGAGA-1,0.263952,0.530834,0.205214
AACCCATCCCATGATC-1,0.177945,0.184551,0.637504
AACCCGACAACCCGTG-1,0.002804,0.495189,0.502008
AACCCGATAGGGCTTC-1,0.486439,0.177807,0.335754
AACCGAGCTTGGTCAT-1,0.591967,0.033663,0.37437
AACCGCTAAGGGATGC-1,0.055819,0.811758,0.132424
AACCGTTGTGTTTGCT-1,0.307263,0.286789,0.405948
AACCTCGCTTTAGCCC-1,0.282252,0.702905,0.014842
AACCTGTCACGGAATT-1,0.002019,0.339782,0.658198
AACCTTTAAATACGGT-1,0.307107,0.286638,0.406256
AACCTTTACGACGTCT-1,0.00089,0.250724,0.748385
AACGAAAGTCGTCCCA-1,0.227876,0.346712,0.425412
AACGATAATGCCGTAG-1,0.209514,0.43466,0.355827
AACGATAGAAGGGCCG-1,0.186733,0.332941,0.480326
AACGATATGTCAACTG-1,0.05914,0.04253,0.89833
AACGCATGATCTGGGT-1,0.002456,0.307173,0.690371
AACGCGGTCTCCAGCC-1,0.035616,0.415583,0.548801
AACGCTGTTGCTGAAA-1,0.366191,0.490493,0.143316
AACGGACGTACGTATA-1,0.270413,0.627293,0.102294
AACGGCCATCTCCGGT-1,0.000245,0.000245,0.999509
AACGTACTGTGGGTAC-1,0.000298,0.000298,0.999404
AACGTAGTCTACCCAT-1,0.122574,0.876327,0.001099
AACGTCAGACTAGTGG-1,0.000453,0.559934,0.439613
AACGTGATGAAGGACA-1,0.2867,0.461597,0.251702
AACGTGCGAAAGTCTC-1,0.000526,0.188681,0.810793
AACGTTATCAGCACCT-1,0.645881,0.269847,0.084272
AACTACCCGTTTGTCA-1,0.701007,0.213255,0.085738
AACTAGCGTATCGCAC-1,0.647995,0.349864,0.002141
AACTAGGCTTGGGTGT-1,0.14182,0.636401,0.22178
AACTCCAGAGCGTGTT-1,0.280401,0.582809,0.13679
AACTCCTAATCCCATG-1,0.751291,0.013913,0.234796
AACTCTCAGTGTGCTC-1,0.000316,0.000316,0.999369
AACTGAGGTCAGCGTC-1,0.997592,0.001445,0.000963
AACTGATATTAGGCCT-1,0.001038,0.386773,0.612189
AACTGGGTCCCGACGT-1,0.11396,0.085421,0.800619
AACTGGGTTCGAGCCG-1,0.734461,0.12875,0.136789
AACTGGTGTGGGCCTT-1,0.635286,0.007667,0.357047
AACTTCTGCGTCTATC-1,0.745456,0.212714,0.04183
AACTTGCCCGTATGCA-1,0.126458,0.790647,0.082894
AACTTGCGTTCTCGCG-1,0.330706,0.567073,0.102222
AACTTTAGCTGCTGAG-1,0.129534,0.868103,0.002363
AACTTTCTCGATCATG-1,0.396535,0.005077,0.598389
AAGAAAGTTTGATGGG-1,0.223934,0.325933,0.450133
AAGAAATCACCAGATT-1,0.998561,0.000864,0.000576
AAGAAGGATCAGTTAG-1,0.346856,0.589292,0.063851
AAGACCAAATAACTCA-1,0.479145,0.181005,0.33985
AAGACTCACGCCCACT-1,0.22624,0.198525,0.575235
AAGACTGCAAGCTACT-1,0.000916,0.421171,0.577913
AAGAGATGAATCGGTA-1,0.289031,0.388407,0.322562
AAGAGGATGTACGCGA-1,0.090374,0.714989,0.194637
AAGAGGCATGGATCGC-1,0.002041,0.815919,0.18204
AAGATGGCACCGGACC-1,0.010662,0.286333,0.703005
AAGCACCCTGCGTATC-1,0.171069,0.622961,0.20597
AAGCATACTCTCCTGA-1,0.287686,0.366957,0.345357
AAGCCACTTGCAGGTA-1,0.2825,0.560573,0.156927
AAGCCGAAGCGGTTTA-1,0.925388,0.066917,0.007695
AAGCCGCCGTGAAATC-1,0.052827,0.673405,0.273768
AAGCCGCTTTACCTTG-1,0.329707,0.666554,0.003738
AAGCGCAGGGCTTTGA-1,0.245055,0.690737,0.064207
AAGCGGAGTGCGCGCA-1,0.091787,0.558078,0.350135
AAGCGGCGTCATGGGT-1,0.01174,0.011739,0.97652
AAGCGTCCCTCATCGA-1,0.000546,0.000546,0.998908
AAGCTAGATCGAGTAA-1,0.107295,0.285727,0.606978
AAGCTATGGATTGACC-1,0.551186,0.255992,0.192822
AAGCTCTTTCATGGTG-1,0.457085,0.424961,0.117954
AAGGAGAACTTATAAG-1,0.046153,0.951844,0.002003
AAGGAGCGGTTGGTGC-1,0.188636,0.386325,0.425039
AAGGATCGATCGCTTG-1,0.210733,0.538873,0.250394
AAGGCAGGCTGTCTCC-1,0.234095,0.471666,0.294239
AAGGCGCGTAAAGCTT-1,0.008288,0.740707,0.251005
AAGGGAACGACTGGCT-1,0.572232,0.002147,0.425621
AAGGGACTATGCATTC-1,0.806272,0.143593,0.050135
AAGGGTTTGATTTCAG-1,0.626385,0.000544,0.373071
AAGGTATCCTAATATA-1,0.216539,0.055873,0.727588
AAGGTGATAAACCAGC-1,0.21456,0.590593,0.194847
AAGTAAGCTTCCAAAC-1,0.435163,0.414652,0.150185
AAGTAGAAGACCGGGT-1,0.058491,0.724211,0.217298
AAGTCAATTGTCGTCA-1,0.778367,0.083346,0.138287
AAGTCTAGTAGCTGCC-1,0.691358,0.002087,0.306555
AAGTGACGACCGAATT-1,0.000192,0.04193,0.957877
AAGTGAGTCGGGTTTA-1,0.283965,0.100367,0.615668
AAGTGCAAAGGTAGAC-1,0.212462,0.346034,0.441504
AAGTGCCTTGACTGTA-1,0.267949,0.555285,0.176765
AAGTGCGTTAGAATCT-1,0.000304,0.000304,0.999391
AAGTGCTTCTCTATTG-1,0.609043,0.247748,0.143209
AAGTGTTTGGAGACGG-1,0.347556,0.45209,0.200354
AAGTTCACTCCAAGCT-1,0.624715,0.131801,0.243483
AAGTTCAGTCTGCGTA-1,0.008738,0.830954,0.160308
AAGTTCGGCCAACAGG-1,0.000256,0.106161,0.893583
AAGTTTATGGGCCCAA-1,0.090301,0.705111,0.204588
AATAACACTAGAACAA-1,0.635324,0.037927,0.326749
AATAATCTTCGTATCG-1,0.472596,0.486447,0.040958
AATACAATGTTTCAGG-1,0.484292,0.272477,0.24323
AATACCGGAGGGCTGT-1,0.102181,0.596779,0.30104
AATAGAACAGAGTGGC-1,0.000393,0.164894,0.834714
AATAGAATCTGTTTCA-1,0.599794,0.186021,0.214185
AATAGCAAGCCTCCTG-1,0.294298,0.525663,0.180039
AATAGCTACCGCGTGC-1,0.006829,0.762324,0.230847
AATAGGCACGACCCTT-1,0.278576,0.654348,0.067076
AATAGTCCGTCCCGAC-1,0.232615,0.329074,0.438311
AATAGTCGCGAGTCGG-1,0.038634,0.615575,0.345791
AATATCAAGGTCGGAT-1,0.404813,0.513998,0.08119
AATATCCTAGCAAACT-1,0.1216,0.169622,0.708778
AATATCGAATCAATGC-1,0.964918,0.031624,0.003459
AATATCGAGGGTTCTC-1,0.00488,0.858965,0.136155
AATCAGGTTTCATTTA-1,0.218937,0.779965,0.001099
AATCATGTAAAGACTC-1,0.324493,0.600494,0.075013
AATCCAAGGGCCTGAG-1,0.51672,0.009164,0.474117
AATCGCCTCAGCGCCA-1,0.024362,0.470905,0.504733
AATCGCGCAGAGGACT-1,0.517923,0.152546,0.329531
AATCGGGACACTACGA-1,0.486457,0.505955,0.007588
AATCGTGAGCCGAGCA-1,0.334895,0.521752,0.143354
AATCTAGGTTTACTTG-1,0.000301,0.219346,0.780353
AATCTATGCCGGAGCC-1,0.002664,0.390107,0.607229
AATCTGGCTTTCTAGT-1,0.216149,0.089442,0.69441
AATCTGGGTAGACCCT-1,0.496422,0.002472,0.501106
AATGACAGCAATGTCT-1,0.684421,0.029443,0.286135
AATGACGTAGGATGTC-1,0.211136,0.452434,0.33643
AATGACTGTCAGCCGG-1,0.29734,0.480415,0.222245
AATGAGTTCGCATATG-1,0.374024,0.410658,0.215317
AATGATGATACGCTAT-1,0.219902,0.001252,0.778846
AATGATGCGACTCCTG-1,0.16883,0.222524,0.608645
AATGCAACCGGGTACC-1,0.21932,0.624808,0.155872
AATGCACCAAGCAATG-1,0.112118,0.121046,0.766836
AATGGCCGCCAATGCG-1,0.994094,0.003544,0.002362
AATGGTCCACCGTTCA-1,0.417833,0.472497,0.109671
AATGGTTCTCACAAGC-1,0.040892,0.783744,0.175364
AATGTATGGCACTGTA-1,0.644719,0.035126,0.320155
AATGTGCCCGAGGTGT-1,0.000611,0.000611,0.998778
AATGTGCTAATCTGAG-1,0.115486,0.56808,0.316434
AATTAAAGGTCGGCGT-1,0.206016,0.04547,0.748514
AATTAACGGATTTCCA-1,0.464,0.53237,0.00363
AATTACGAGACCCATC-1,0.000298,0.135992,0.86371
AATTAGCGCTGCAGCG-1,0.316412,0.257858,0.42573
AATTCATAAGGGATCT-1,0.300377,0.229583,0.47004
AATTCATTGTCATGCA-1,0.4923,0.222215,0.285485
AATTCGATTCGAGGAT-1,0.441602,0.204469,0.353929
AATTCTAGAGTTAGGC-1,0.191574,0.223225,0.585201
AATTGAACGCTCTGGT-1,0.99192,0.00797,0.00011
AATTGCAGCAATCGAC-1,0.079364,0.920352,0.000284
AATTGCGTGGATTACA-1,0.023482,0.389384,0.587134
AATTTGGGACATAGTA-1,0.346689,0.017891,0.63542
AATTTGGTTCCAAAGA-1,0.119872,0.70247,0.177658
ACAAACCATGCGTCCT-1,0.054869,0.468078,0.477053
ACAAACTCCATCAGAG-1,0.417187,0.357986,0.224827
ACAAAGAAGGTAGGCC-1,0.449538,0.166227,0.384235
ACAAAGCATGACCTAG-1,0.282029,0.607865,0.110106
ACAAATCGCACCGAAT-1,0.040183,0.823981,0.135836
ACAAATGGTAGTGTTT-1,0.026482,0.97281,0.000707
ACAAATTCAGATCTGA-1,0.535157,0.414446,0.050397
ACAACGGTCCCTGCGA-1,0.037116,0.661672,0.301212
ACAAGGAAATCCGCCC-1,0.139327,0.571783,0.288891
ACAAGGATGCTTTAGG-1,0.407755,0.460603,0.131643
ACAAGGCCTACCAGCC-1,0.198391,0.252564,0.549045
ACAAGGGCAGGCTCTG-1,0.925103,0.074825,0.000072
ACAAGTAATTGTAAGG-1,0.35107,0.388536,0.260393
ACAATAGTCGTACGTT-1,0.00019,0.000192,0.999618
ACAATGAATACGGAGA-1,0.000444,0.101732,0.897825
ACAATGATTCTTCTAC-1,0.238403,0.491381,0.270217
ACAATTGTGTCTCTTT-1,0.885146,0.0978,0.017054
ACAATTTGGCCATATT-1,0.252989,0.146854,0.600157
ACACAAAGACGGGTGG-1,0.260618,0.004368,0.735014
ACACAAATATTCCTAG-1,0.363667,0.140275,0.496058
ACACACCAGGACCAGT-1,0.420092,0.365529,0.214379
ACACACTTTCTACACG-1,0.132637,0.374568,0.492795
ACACATGATCAAATCT-1,0.001907,0.64747,0.350623
ACACCCAGCATGCAGC-1,0.000784,0.654059,0.345157
ACACCCGAGAAATCCG-1,0.717709,0.19328,0.089011
ACACCCGTAAATCTGT-1,0.002393,0.996012,0.001595
ACACCGGTCTGACCGC-1,0.128,0.20286,0.66914
ACACCTTAAGTAGGGC-1,0.110978,0.628718,0.260304
ACACCTTACTACTTGC-1,0.532593,0.31878,0.148627
ACACGGGAACTTAGGG-1,0.08845,0.000989,0.910562
ACACTCCAATGTCACT-1,0.42789,0.484223,0.087887
ACACTGATCAAGGTGT-1,0.12516,0.035114,0.839726
ACAGAACTGAGAACAA-1,0.231282,0.204368,0.564351
ACAGATTAGGTTAGTG-1,0.343359,0.535602,0.12104
ACAGCATAGAGCCAGT-1,0.016337,0.016338,0.967326
ACAGCGACATTCTCAT-1,0.286467,0.580486,0.133047
ACAGCGCACCCGCAGC-1,0.212917,0.53644,0.250643
ACAGGCACGGATCCTT-1,0.000564,0.99906,0.000376
ACAGGCTTGCCCGACT-1,0.411115,0.467809,0.121075
ACAGGTGGAGGTGAGG-1,0.133611,0.029414,0.836976
ACAGTAATACAACTTG-1,0.084067,0.133097,0.782836
ACAGTATACCGTGGGA-1,0.418356,0.462436,0.119209
ACAGTGCAGCGCATTT-1,0.07391,0.765321,0.160769
ACATAAGTCGTGGTGA-1,0.31501,0.363718,0.321272
ACATAATAAGGCGGTG-1,0.166427,0.044992,0.78858
ACATCAGCTGGGACGC-1,0.003996,0.914492,0.081513
ACATCCCGGCCATACG-1,0.581818,0.001397,0.416786
ACATCCTGGTAACTGT-1,0.926279,0.000334,0.073387
ACATCGATCGTTTACC-1,0.000464,0.399775,0.599761
ACATCGCAATATTCGG-1,0.309286,0.452336,0.238378
ACATCGTATGCAATGG-1,0.935449,0.005629,0.058923
ACATGCTTACGGCAGC-1,0.209458,0.417264,0.373278
ACATGGCGCCAAAGTA-1,0.112292,0.548351,0.339357
ACATTAGTTTATATCC-1,0.317002,0.156727,0.526272
ACATTCGCGCGGAATA-1,0.571835,0.384589,0.043576
ACCAAACACCCAGCGA-1,0.086558,0.683872,0.229569
ACCAACACCACACACT-1,0.128025,0.869543,0.002432
ACCAACCGCACTCCAC-1,0.239222,0.592312,0.168465
ACCAACGCTTATTTAT-1,0.224801,0.055467,0.719731
ACCAAGAACGCGTGTC-1,0.000593,0.83282,0.166587
ACCAATATGCAAGTTA-1,0.208109,0.653693,0.138198
ACCACAAGTTTCTATC-1,0.228492,0.232841,0.538667
ACCACCAATGTAACAA-1,0.374844,0.503973,0.121183
ACCACCCTCTCTTCTA-1,0.002573,0.340376,0.657051
ACCACGTGCAGCTATA-1,0.202702,0.403283,0.394014
ACCAGGAGTGTGATCT-1,0.226672,0.472457,0.300871
ACCAGTGCCCGGTCAA-1,0.004756,0.975702,0.019542
ACCAGTGCGGGAGACG-1,0.259629,0.705219,0.035152
ACCATATCCGCAATAA-1,0.319936,0.249058,0.431006
ACCATCCGCCAACTAG-1,0.000186,0.000186,0.999629
ACCATCGTATATGGTA-1,0.000606,0.066624,0.93277
ACCCACCTACATGCTC-1,0.139128,0.596589,0.264284
ACCCATTTGTCCCTCT-1,0.429845,0.474095,0.096061
ACCCGAGCGAAATTAC-1,0.000539,0.395837,0.603624
ACCCGATTGGTTCCGA-1,0.646745,0.110327,0.242928
ACCCGGAAACTCCCAG-1,0.259402,0.628689,0.111909
ACCCGGTTACACTTCC-1,0.005217,0.166595,0.828187
ACCCGTAGCAGAGAAT-1,0.146491,0.285854,0.567655
ACCCTATGCCATATCG-1,0.123945,0.040104,0.835951
ACCCTCCCTTGCTATT-1,0.344016,0.326772,0.329212
ACCCTGGTAACGCCCT-1,0.654159,0.322922,0.022919
ACCCTTCATCTGCGAA-1,0.61492,0.009393,0.375687
ACCCTTGCCTGGGTCG-1,0.631859,0.137512,0.230629
ACCGAAAGGGCCCTGC-1,0.010733,0.982113,0.007154
ACCGAAGAGTCTGGTT-1,0.48915,0.259974,0.250877
ACCGACACATCTCCCA-1,0.757805,0.003834,0.238361
ACCGACTGAGTCCCAC-1,0.000647,0.000647,0.998707
ACCGAGTCTCCTTATT-1,0.375722,0.348462,0.275816
ACCGATATTTAATCAT-1,0.802682,0.197272,0.000046
ACCGCAATAACTGCCT-1,0.075757,0.8372,0.087043
ACCGCGGTGGAAGTCG-1,0.126905,0.537209,0.335886
ACCGCTAGTCATTGGT-1,0.399252,0.479176,0.121572
ACCGGGCCTTTGTTGA-1,0.186733,0.750163,0.063103
ACCGGTCAGGTACACC-1,0.102156,0.31136,0.586485
ACCGGTCTGAGTACGG-1,0.003296,0.70266,0.294044
ACCGTCCACTGGGCCC-1,0.02192,0.308937,0.669143
ACCGTGACCACGTGGG-1,0.000542,0.33725,0.662208
ACCTAAGTACCTTTCA-1,0.000361,0.000361,0.999278
ACCTACAGTATGTGGT-1,0.463752,0.318569,0.217679
ACCTCCGCCCTCGCTG-1,0.345438,0.510022,0.14454
ACCTCCGTTATTCACC-1,0.401476,0.326287,0.272237
ACCTCGAACTTATGCT-1,0.179867,0.369176,0.450957
ACCTGCGTGTCATGTT-1,0.01976,0.03159,0.94865
ACGACTGGTCATACTC-1,0.000716,0.488009,0.511276
ACGAGAACCCATCACG-1,0.188118,0.749882,0.061999
ACGAGATATTTGCTTA-1,0.001578,0.95247,0.045951
ACGAGGATACCACTCT-1,0.087884,0.305182,0.606934
ACGAGGTTTACAACGT-1,0.715842,0.175947,0.108211
ACGAGTACGGATGCCC-1,0.003913,0.406416,0.589672
ACGATACATAGAACTA-1,0.894977,0.023874,0.081149
ACGATCATACATAGAG-1,0.513944,0.167161,0.318894
ACGATGGATCCGATGC-1,0.000803,0.904405,0.094792
ACGCAAACTAATAGAT-1,0.19885,0.398876,0.402274
ACGCAATCACTACAGC-1,0.780329,0.002982,0.216689
ACGCATAAATGACATG-1,0.245377,0.029877,0.724746
ACGCATACGTTTACTA-1,0.308361,0.589708,0.101931
ACGCCAGATGATTTCT-1,0.002862,0.147917,0.849221
ACGCCGCTAGACGACC-1,0.734342,0.095042,0.170616
ACGCGAAGTCAGACGA-1,0.243984,0.087233,0.668783
ACGCGCTACACAGGGT-1,0.461604,0.044357,0.494039
ACGCTAGTATCAGTGC-1,0.442262,0.019475,0.538263
ACGGAATTTAGCAAAT-1,0.355697,0.547101,0.097201
ACGGACGCAGCGACAA-1,0.297151,0.447565,0.255284
ACGGACTCTCAAAGCG-1,0.334405,0.19906,0.466535
ACGGAGCGCAAATTAC-1,0.010435,0.010436,0.979129
ACGGATGGTGCGGATA-1,0.005566,0.990804,0.00363
ACGGCACTTGCTTGGG-1,0.410106,0.024756,0.565138
ACGGCCAACATGGACT-1,0.178944,0.386799,0.434257
ACGGCGACGATGGGAA-1,0.612597,0.345393,0.04201
ACGGCGGGTTGCCCTG-1,0.477549,0.40642,0.116031
ACGGCTGGATGTAGAA-1,0.938607,0.054389,0.007004
ACGGGAGTGTCGGCCC-1,0.12374,0.015818,0.860442
ACGGGCGTATGCGACA-1,0.003511,0.281474,0.715016
ACGGGTCATGTGACTT-1,0.117859,0.73921,0.14293
ACGGGTTGTGACCTGT-1,0.066649,0.434839,0.498512
ACGGTCACCGAGAACA-1,0.506167,0.308434,0.185399
ACGTACAGATTTCTCT-1,0.005077,0.579033,0.41589
ACGTACTTTGGCACGG-1,0.950072,0.049323,0.000605
ACGTAGGAGAGTCGCT-1,0.501444,0.221371,0.277185
ACGTATTACTCCGATC-1,0.361822,0.415659,0.222519
ACGTCGGGCAACTCGG-1,0.293028,0.150618,0.556354
ACGTCTCGTTCCGGGA-1,0.978645,0.018097,0.003259
ACGTGACAAAGTAAGT-1,0.158527,0.139474,0.701999
ACGTGCGCCTCGTGCA-1,0.068511,0.292052,0.639437
ACGTTAATGTCGAAGA-1,0.164303,0.169176,0.666521
ACGTTATTGGTCACTC-1,0.579945,0.373348,0.046707
ACGTTCACTATGCCGC-1,0.61048,0.247372,0.142149
ACGTTCCGCGCTCCGT-1,0.681418,0.011383,0.307199
ACGTTCGCAATCAATT-1,0.209069,0.002393,0.788538
ACGTTCGTTCAGGAAA-1,0.000729,0.295799,0.703472
ACGTTCTGTACAAGTC-1,0.38299,0.5121,0.10491
ACGTTGTCGTTGAAAG-1,0.304254,0.553622,0.142125
ACGTTTAGTTGTGATC-1,0.533164,0.45901,0.007826
ACTAAGGACGCACACC-1,0.45,0.246033,0.303967
ACTAATACGTCAGGCG-1,0.014449,0.01445,0.971101
ACTACATCCCGACAAG-1,0.319207,0.112527,0.568266
ACTACCAGCTCTCTGG-1,0.535575,0.343573,0.120852
ACTACCATCCGAGGGC-1,0.398278,0.38025,0.221472
ACTAGTTGCGATCGTC-1,0.84847,0.141639,0.009891
ACTATATGCTGTGTTC-1,0.785398,0.20834,0.006262
ACTATCCAGGGCATGG-1,0.124014,0.613722,0.262264
ACTATCTGCCCGCGTA-1,0.328618,0.642445,0.028937
ACTATGTCCAGCTGCC-1,0.298414,0.367971,0.333616
ACTATTCGTCCGTGGT-1,0.371954,0.183268,0.444777
ACTATTTCCGGGCCCA-1,0.159673,0.177073,0.663255
ACTCAACGAATGTATT-1,0.544448,0.353305,0.102247
ACTCAAGTGCAAGGCT-1,0.311537,0.46611,0.222353
ACTCAATAAAGGCACG-1,0.068902,0.060776,0.870321
ACTCAGACCTGCTTCT-1,0.161895,0.733434,0.104671
ACTCATGGCAGCCTTC-1,0.382673,0.177899,0.439428
ACTCCAATATCATCAT-1,0.492866,0.117592,0.389542
ACTCCCATTCCTAAAG-1,0.000145,0.265246,0.734609
ACTCCCGTAGACTAGG-1,0.368379,0.184468,0.447152
ACTCCCTAATGCTAAA-1,0.584689,0.199141,0.21617
ACTCCCTAGAATAGTA-1,0.270129,0.126183,0.603688
ACTCCGGCCGACCACT-1,0.046997,0.904028,0.048975
ACTCGATGTATTTCAT-1,0.34174,0.37081,0.287451
ACTCGCGATCTGACGC-1,0.174492,0.82453,0.000978
ACTCGTAACCCGTCCT-1,0.00029,0.09517,0.90454
ACTCGTCAGTAATCCC-1,0.20017,0.419025,0.380805
ACTCTCTGACTTAGGT-1,0.017548,0.53734,0.445112
ACTCTCTTATACACGA-1,0.600941,0.22959,0.169469
ACTCTTGTATAGTAAC-1,0.549683,0.195113,0.255204
ACTGAAACGCCGTTAG-1,0.353957,0.490951,0.155092
ACTGAATGGCGAAAGT-1,0.382474,0.423534,0.193992
ACTGCCCGCCATTCTC-1,0.999054,0.000568,0.000378
ACTGCCGTCGTAACTC-1,0.0017,0.214981,0.783319
ACTGCGGACACACCGT-1,0.00211,0.65863,0.33926
ACTGCTCGGAAGGATG-1,0.073079,0.53294,0.393981
ACTGGCGAACCTGCGT-1,0.003354,0.613651,0.382995
ACTGTATACGCGAGCA-1,0.325466,0.367871,0.306663
ACTGTCTTCTTTAGAA-1,0.918232,0.000599,0.081169
ACTGTGCTAGTAGATC-1,0.325214,0.426283,0.248503
ACTTACCGGGCGCGCA-1,0.379073,0.013935,0.606992
ACTTACGCATCCACGC-1,0.514129,0.171241,0.314631
ACTTAGTACGACAAGA-1,0.193059,0.738758,0.068183
ACTTATTAGGATCGGT-1,0.028097,0.246541,0.725362
ACTTATTTATGTGCCA-1,0.092208,0.609906,0.297886
ACTTCAGGCTGATCCC-1,0.701708,0.153154,0.145138
ACTTCCAGTGGAAGCT-1,0.175798,0.239343,0.584858
ACTTCCATGCGGGACA-1,0.528876,0.309508,0.161616
ACTTCCTGTCGTGCGA-1,0.176557,0.591037,0.232406
ACTTCGCCATACGCAC-1,0.000528,0.021748,0.977724
ACTTGACTCCCTCTTT-1,0.373148,0.231393,0.395459
ACTTGCCATATTGTAC-1,0.36568,0.432876,0.201444
ACTTGCTCTATCTACC-1,0.6166,0.000552,0.382848
ACTTGTAGTCCCTTCA-1,0.002654,0.119541,0.877806
ACTTGTGGATGGAACG-1,0.722564,0.27105,0.006386
ACTTTATACACCACTT-1,0.402245,0.348152,0.249603
ACTTTCCTATAGCTTC-1,0.368621,0.00221,0.629169
ACTTTGGTCGTGCTCC-1,0.002804,0.458038,0.539158
ACTTTGTCGACGCACT-1,0.33928,0.660513,0.000207
AGAAATTATGACTCGC-1,0.359682,0.632198,0.00812
AGAACACGGCGATGGT-1,0.381293,0.251787,0.36692
AGAACCCAGCGTGACA-1,0.563829,0.248103,0.188068
AGAACCCTCAATTGGG-1,0.26085,0.535703,0.203446
AGAACGTGGTACATTC-1,0.069957,0.185419,0.744624
AGAAGGTACACTTCAC-1,0.000267,0.368894,0.630839
AGAAGGTTGCCGAATT-1,0.00026,0.00026,0.99948
AGAAGGTTGTAGGTCG-1,0.234315,0.618935,0.146751
AGAAGTGATTCGTGAT-1,0.041896,0.00341,0.954694
AGAATGCGGGTTCGGA-1,0.920215,0.079543,0.000242
AGAATTGTTTGACATA-1,0.605575,0.255493,0.138932
AGACAGCTCAGAATCC-1,0.536592,0.388083,0.075325
AGACATAGATCCTTCC-1,0.069582,0.826887,0.103532
AGACCAAACCACACCT-1,0.092147,0.386948,0.520905
AGACCATGGGATACAA-1,0.123671,0.757133,0.119196
AGACCCACCGCTGATC-1,0.000634,0.023466,0.9759
AGACCCGCCCTCCTCG-1,0.003211,0.721352,0.275437
AGACCGCTCCGCGGTT-1,0.640404,0.358934,0.000662
AGACCGGGAAACCCTG-1,0.346327,0.158274,0.495399
AGACGAAGTGCCGGTC-1,0.562633,0.320822,0.116545
AGACGACGATGCCGCT-1,0.007356,0.399025,0.593619
AGACGGGCCGATTTAA-1,0.017079,0.017083,0.965838
AGACTGTTACCGGGTC-1,0.038649,0.925432,0.035919
AGAGAAACACCAGAAA-1,0.353341,0.165482,0.481177
AGAGAAGGAGTACAAT-1,0.020473,0.136036,0.843491
AGAGATCTCTAAAGCG-1,0.000356,0.396577,0.603067
AGAGCAGTTATGAGAC-1,0.549429,0.33207,0.118501
AGAGCGCTTGTAACGG-1,0.004318,0.316139,0.679543
AGAGCGGGCTAATCAT-1,0.317025,0.002804,0.680171
AGAGCGTACAAGCTCG-1,0.194232,0.575947,0.22982
AGAGGCTTCGGAAACC-1,0.605601,0.369214,0.025185
AGAGGGACAATTGTCC-1,0.077393,0.921658,0.000949
AGAGGTATCTCGGTCC-1,0.255815,0.358539,0.385645
AGAGTAAACTTCACTA-1,0.803732,0.155385,0.040883
AGAGTATAGTGTTACG-1,0.460806,0.535763,0.003432
AGAGTGAACAGACACC-1,0.320887,0.542223,0.13689
AGAGTTAGAGACCGAT-1,0.967635,0.000667,0.031697
AGAGTTGCAGGCCTCC-1,0.177359,0.688932,0.133708
AGATAATCACACCTAT-1,0.28967,0.498024,0.212306
AGATACCAGCACTTCA-1,0.458556,0.174314,0.36713
AGATACGACTTCATAT-1,0.298746,0.52736,0.173893
AGATACTCAAGATCGA-1,0.607232,0.245101,0.147666
AGATATAATACGACTA-1,0.432804,0.563669,0.003527
AGATCGTGCATAAGAT-1,0.000637,0.240203,0.75916
AGATCTCAGGTGTGAT-1,0.001232,0.33993,0.658838
AGATCTGGAGAGGATA-1,0.260618,0.356999,0.382383
AGATGACTCGCCCACG-1,0.772488,0.08373,0.143782
AGATGAGGGTTGCGAT-1,0.012957,0.012954,0.97409
AGATGCAAGACGTGCA-1,0.120734,0.071782,0.807484
AGATGCATCCTGTGTC-1,0.000163,0.312679,0.687159
AGATTCAAGCGGGTCG-1,0.176812,0.377258,0.445931
AGATTCACAACCGATA-1,0.076371,0.263349,0.66028
AGCAAAGGCCGCTAGT-1,0.322399,0.556946,0.120654
AGCAACCGAAAGTAAT-1,0.334789,0.217918,0.447293
AGCACACGTTTAGACT-1,0.47902,0.316423,0.204557
AGCACCAGTACTCACG-1,0.000429,0.280819,0.718753
AGCACTACCTCACCAG-1,0.207211,0.543947,0.248842
AGCAGAAGGAGAAAGA-1,0.263207,0.437989,0.298804
AGCAGCCAGATGAATA-1,0.399138,0.28211,0.318752
AGCATATCAATATGCT-1,0.307683,0.565256,0.127061
AGCATCATTTCGAAAG-1,0.382195,0.469106,0.148698
AGCATCGTCGATAATT-1,0.353959,0.161252,0.484789
AGCCACAGGTTACCCG-1,0.261094,0.636646,0.10226
AGCCACTCCCGTGCTT-1,0.357069,0.109633,0.533298
AGCCCATACATGTAAG-1,0.000326,0.077299,0.922375
AGCCCGGCATTAGAGG-1,0.002591,0.653851,0.343558
AGCCCGGTAGCCTGTA-1,0.145615,0.364562,0.489823
AGCCCTAAGCGAAGTT-1,0.448644,0.545248,0.006108
AGCCCTCCCTGGTGGC-1,0.512063,0.30374,0.184198
AGCCCTGTCGCACCGT-1,0.034729,0.496828,0.468443
AGCCCTTCTAATCCGA-1,0.001613,0.226505,0.771883
AGCCGTGGCTAAATGT-1,0.162013,0.055615,0.782372
AGCCTAATACCCACGT-1,0.081878,0.289741,0.628381
AGCCTTAAAGCGGAAG-1,0.174298,0.758531,0.067171
AGCCTTGTCACTGATA-1,0.328319,0.151052,0.520629
AGCGACAGGAACGGTC-1,0.056907,0.075787,0.867305
AGCGACATCCCATTCA-1,0.246784,0.432666,0.32055
AGCGACCAACGATATT-1,0.004848,0.723383,0.271768
AGCGACTTTGAAGACA-1,0.359303,0.426645,0.214052
AGCGAGACGTGAAGGC-1,0.475978,0.368719,0.155303
AGCGCATAATGAATCG-1,0.00178,0.997033,0.001187
AGCGCGGGTGCCAATG-1,0.001515,0.806204,0.192281
AGCGCTAGAGCGATGT-1,0.268872,0.201082,0.530046
AGCGCTTATGGGCAAG-1,0.219955,0.531989,0.248056
AGCGGACACTTCGTAG-1,0.195102,0.803134,0.001764
AGCGGCGGTTAGCGGT-1,0.019952,0.368911,0.611136
AGCGGGAAGGGTCCAT-1,0.115311,0.656067,0.228621
AGCGGTTGAGATGTAC-1,0.054378,0.540806,0.404816
AGCGGTTGCCGCTCTG-1,0.202083,0.439337,0.35858
AGCGTCTGAACCCGCA-1,0.393018,0.452115,0.154867
AGCGTGGTATTCTACT-1,0.250727,0.30533,0.443943
AGCGTTCCGATTTAAA-1,0.045004,0.256224,0.698772
AGCTAACAAGCAATGT-1,0.804859,0.027852,0.167289
AGCTAAGCTCCGTCCG-1,0.203096,0.610768,0.186137
AGCTAAGTACGCAGGC-1,0.419825,0.392988,0.187187
AGCTAGAAGCAGAAGT-1,0.000483,0.083455,0.916062
AGCTATTTAATCCAAC-1,0.165119,0.02719,0.807691
AGCTCCATATATGTTC-1,0.104302,0.83647,0.059228
AGCTCCTTCGCACATC-1,0.48919,0.307484,0.203325
AGCTCGTTGATGGAAA-1,0.341671,0.397629,0.2607
AGCTCTAGACGTTCCA-1,0.015851,0.427172,0.556977
AGCTCTTCCCAGTGCA-1,0.000544,0.023393,0.976063
AGCTCTTCGTAACCTT-1,0.113755,0.469695,0.41655
AGCTCTTTACTCAGTT-1,0.00186,0.18952,0.808621
AGCTGAAGTAAACCAA-1,0.004397,0.218362,0.777241
AGCTGCATTTGAGGTG-1,0.783794,0.180441,0.035764
AGCTGCTGTGCCGAAT-1,0.471375,0.262999,0.265626
AGCTGTAACCTCAATC-1,0.000574,0.000574,0.998851
AGCTTATAGAGACCTG-1,0.292487,0.460813,0.246699
AGCTTGATCAGGGTAG-1,0.108018,0.564918,0.327064
AGCTTGATCTTAACTT-1,0.000253,0.000253,0.999494
AGGAAGCTGTCCGCCG-1,0.377374,0.374731,0.247894
AGGACAGTCGAATCCC-1,0.303943,0.548506,0.147551
AGGACATCGCACGTCG-1,0.347187,0.482465,0.170348
AGGACGACCCATTAGA-1,0.135976,0.041,0.823024
AGGACGCTCGATGTTG-1,0.001898,0.001898,0.996205
AGGAGACATCCACAGT-1,0.00427,0.395037,0.600693
AGGAGAGTCTGGCTAC-1,0.00116,0.379642,0.619198
AGGAGGCCTTCGCGCG-1,0.322396,0.569275,0.108328
AGGATAAAGTCGGGAT-1,0.317172,0.279401,0.403427
AGGATATAGGGATTTA-1,0.000591,0.736879,0.26253
AGGATCACGCGATCTG-1,0.000167,0.012789,0.987044
AGGCAAAGAGGAATCA-1,0.370675,0.535479,0.093846
AGGCAGGGAGCGTACT-1,0.063224,0.159314,0.777462
AGGCATTGTCGTAGGG-1,0.067062,0.835399,0.097539
AGGCCACATTGGTTAC-1,0.649546,0.294374,0.05608
AGGCCCATTGTACAGG-1,0.017894,0.590807,0.391298
AGGCCCTAGAACGCCA-1,0.000184,0.041964,0.957852
AGGCCTGAGAATCTCG-1,0.33925,0.544193,0.116557
AGGCGGTTTGTCCCGC-1,0.002042,0.772632,0.225327
AGGCGTCTATGGACGG-1,0.003718,0.993801,0.00248
AGGCTATGGTTAGCTT-1,0.002804,0.738154,0.259043
AGGCTTCCCGAAGAAG-1,0.000248,0.006309,0.993443
AGGCTTGCTAGACACC-1,0.639075,0.132217,0.228708
AGGGAAACGAGGTACT-1,0.001756,0.267657,0.730588
AGGGACAGCACGGCGG-1,0.158077,0.840584,0.001339
AGGGACCGGCTGCGTT-1,0.099448,0.243406,0.657146
AGGGACTCTACGCGAC-1,0.431592,0.389579,0.178829
AGGGCGAGCAGCTGAT-1,0.00017,0.106397,0.893433
AGGGCGTGATCGGCTA-1,0.039391,0.895891,0.064718
AGGGTCAGAGCACTCG-1,0.006591,0.588507,0.404902
AGGGTCAGTAACCCTA-1,0.007366,0.376205,0.616429
AGGGTGCCGTTCTTTA-1,0.000989,0.379511,0.619501
AGGGTGGATAGTGCAT-1,0.244104,0.276607,0.479289
AGGGTGTGCTACACGC-1,0.001356,0.743742,0.254902
AGGGTTCAGACGGTCC-1,0.001907,0.957808,0.040285
AGGTAACCTCCTATTC-1,0.205708,0.62064,0.173651
AGGTACGATATTGCCA-1,0.350012,0.557901,0.092087
AGGTAGATCGAGATAT-1,0.461685,0.224614,0.313701
AGGTATAATTGATAGT-1,0.276055,0.583509,0.140437
AGGTCAGGTGAGAGTG-1,0.000185,0.188252,0.811563
AGGTCGCGGAGTTACT-1,0.002539,0.002539,0.994922
AGGTTACACCATGCCG-1,0.811923,0.105646,0.082431
AGGTTCTCCTTTCCGG-1,0.271702,0.162208,0.56609
AGGTTGAGGCACGCTT-1,0.000341,0.138667,0.860991
AGGTTTCACACACCTT-1,0.961737,0.013002,0.025261
AGTAACGTTCATCCTG-1,0.011383,0.408765,0.579852
AGTAATGTCTTGCCGC-1,0.007827,0.986955,0.005218
AGTAATTTGCAAGCGT-1,0.102508,0.270089,0.627403
AGTACAGAAGCTTATA-1,0.339925,0.498318,0.161756
AGTACCTTCGAGTGCT-1,0.163796,0.463051,0.373153
AGTACGGGCACCTGGC-1,0.711429,0.013274,0.275297
AGTACGTGGCCTGTCT-1,0.005781,0.795625,0.198595
AGTACTCTTATGCCCA-1,0.327246,0.481322,0.191432
AGTAGCTAGACGCCGA-1,0.002223,0.24945,0.748327
AGTAGGAAGGAAGTTG-1,0.157698,0.003447,0.838855
AGTAGGTAACATACAT-1,0.409274,0.006368,0.584357
AGTATAATACTAGGCA-1,0.195615,0.49917,0.305216
AGTATACACAGCGACA-1,0.001021,0.929024,0.069955
AGTATGCTGGAGACCA-1,0.000614,0.560821,0.438565
AGTATTTGGCACGACC-1,0.072415,0.772156,0.155429
AGTCAAATGATGTGAT-1,0.404103,0.449524,0.146373
AGTCAACACCACCATC-1,0.174084,0.010659,0.815257
AGTCAAGATGACACTT-1,0.252728,0.624213,0.123059
AGTCACTAGCTCTCGA-1,0.327968,0.433643,0.238389
AGTCAGCCACCGCCTG-1,0.247205,0.513663,0.239132
AGTCCATTGGCTGATG-1,0.328073,0.167094,0.504833
AGTCCCGCCTTTAATT-1,0.6897,0.069462,0.240838
AGTCCCTCGCAGAAAG-1,0.028964,0.793291,0.177745
AGTCGAAACGATTCAG-1,0.050443,0.27767,0.671888
AGTCGGCCCAAACGAC-1,0.409616,0.338643,0.25174
AGTCGGCTCAACTTTA-1,0.000176,0.001514,0.99831
AGTCGGTTGCGTGAGA-1,0.835318,0.096164,0.068517
AGTCGTATAAAGCAGA-1,0.391806,0.414836,0.193358
AGTCGTCGACCACCAA-1,0.392732,0.403479,0.203789
AGTCGTGGGCATTACG-1,0.000348,0.160497,0.839155
AGTCTCACAAGACTAC-1,0.000599,0.000599,0.998802
AGTCTGGACATCCTTG-1,0.645485,0.31663,0.037885
AGTCTTCTCCTCAAAT-1,0.260265,0.03139,0.708345
AGTCTTTAAAGTGTCC-1,0.645591,0.002087,0.352322
AGTGAACAAACTTCTC-1,0.246842,0.374674,0.378484
AGTGAAGATGGTGTCC-1,0.647433,0.063278,0.289289
AGTGACCTACTTTACG-1,0.028022,0.100519,0.871459
AGTGACTGTGACACAA-1,0.811434,0.188238,0.000328
AGTGAGGGTTTCTGAC-1,0.412819,0.016334,0.570847
AGTGATAACCTGCGCG-1,0.364084,0.430366,0.205551
AGTGATATGAGTAGTT-1,0.000386,0.000386,0.999227
AGTGCACGCTTAAGAA-1,0.643579,0.355353,0.001068
AGTGCGTAGCTCGTAA-1,0.000218,0.006878,0.992904
AGTGCTAAACACAGCA-1,0.312802,0.54555,0.141648
AGTGGCGGCAATTTGA-1,0.552778,0.003054,0.444168
AGTGGCGTCTGAAGGT-1,0.293156,0.58692,0.119924
AGTGGCTCCGTCGGCC-1,0.000953,0.541375,0.457672
AGTGGTGTTACCCGTG-1,0.247224,0.251509,0.501267
AGTGTATTGCGCATTG-1,0.256089,0.001869,0.742042
AGTGTGCTAAGATCGC-1,0.319293,0.624348,0.056359
AGTGTGGTCTATTGTG-1,0.22579,0.626065,0.148145
AGTTAAACACTTGCGA-1,0.031896,0.413421,0.554684
AGTTAAGCGGTCCCGG-1,0.030058,0.0002,0.969742
AGTTAAGTCAACCGCT-1,0.000374,0.125399,0.874227
AGTTACCCTTAAGACT-1,0.229814,0.217611,0.552575
AGTTACCGCACATGGT-1,0.529196,0.343859,0.126945
AGTTACTCTATCGTGG-1,0.001269,0.177834,0.820896
AGTTCACCGGTTGGAC-1,0.170685,0.554185,0.275129
AGTTCCTATTTATGTT-1,0.29395,0.000486,0.705564
AGTTCTGCGTTGTATC-1,0.353635,0.634188,0.012177
AGTTGACGGTCCTTGC-1,0.002609,0.916571,0.080819
AGTTGCGGTCCTCAAC-1,0.069225,0.524196,0.406579
AGTTGCTGACTGATAT-1,0.321859,0.491917,0.186224
AGTTTATGTAAAGACA-1,0.006158,0.292231,0.701611
AGTTTCGCAGGTCGGA-1,0.578025,0.013915,0.40806
AGTTTGCACCTGCCTC-1,0.291309,0.174985,0.533706
AGTTTGGCACGGGTTG-1,0.214491,0.545856,0.239653
AGTTTGGCCAGACCTA-1,0.022198,0.018248,0.959554
ATAAACCATTGGACGG-1,0.302114,0.695382,0.002504
ATAAACGGACCCGTAA-1,0.07217,0.158885,0.768945
ATAAACGTTGCACCAC-1,0.295966,0.646571,0.057463
ATAAAGGTCAAGTACG-1,0.25583,0.351617,0.392553
ATAACGGAGTCCAACG-1,0.070057,0.11922,0.810724
ATAACGTTACCTCCAC-1,0.488216,0.323703,0.188082
ATAAGCAAACACCGAG-1,0.715783,0.038139,0.246078
ATAAGGTGGAGAACAT-1,0.284718,0.303477,0.411805
ATAAGTACCCGATTGT-1,0.776519,0.222736,0.000745
ATAAGTAGGATTCAGA-1,0.013915,0.473099,0.512986
ATAAGTAGGGCGACTC-1,0.003006,0.83138,0.165615
ATAAGTTACCGCGACG-1,0.000307,0.00726,0.992433
ATAATACCGTTAGCCG-1,0.42661,0.427056,0.146334
ATAATAGCTGTTGAAT-1,0.00051,0.087495,0.911996
ATAATAGTGTAGGGAC-1,0.523584,0.386698,0.089718
ATAATCTTGGAGAACC-1,0.40027,0.597928,0.001802
ATAATTAGCTAAGTAG-1,0.279529,0.239405,0.481067
ATACAGCGTCCACTGA-1,0.7463,0.082043,0.171657
ATACAGGCCCTCCAAT-1,0.253062,0.74462,0.002319
ATACCAGGCTAATAGA-1,0.308639,0.686351,0.00501
ATACCAGGTGAGCGAT-1,0.001977,0.916141,0.081882
ATACCCTCCCGGCCAA-1,0.285056,0.431861,0.283083
ATACCGTCATCCATAA-1,0.386046,0.308699,0.305255
ATACCTAACCAAGAAA-1,0.027851,0.806651,0.165498
ATACGACAGATGGGTA-1,0.997834,0.0013,0.000867
ATACGCCGGCGAAACC-1,0.360749,0.267692,0.371559
ATACGGAACGTCGTTT-1,0.136106,0.133305,0.730589
ATACGGGTTTCGATTG-1,0.000348,0.001403,0.998249
ATACGTACTTAGCCAC-1,0.467942,0.284698,0.247361
ATACGTCCACTCCTGT-1,0.182582,0.70368,0.113738
ATACGTTATGCACGGA-1,0.14062,0.638326,0.221054
ATACTAGCATGACCCT-1,0.155245,0.13673,0.708025
ATACTGCCTTACACCG-1,0.407348,0.377647,0.215004
ATACTTGTTCTCGAGC-1,0.000886,0.484171,0.514943
ATAGAGTACTGGGACA-1,0.384449,0.118654,0.496897
ATAGCAACTAGGGAAG-1,0.319474,0.534476,0.14605
ATAGCCTCAGTACCCA-1,0.455959,0.44006,0.103981
ATAGCTGCTCTTGTTA-1,0.232167,0.438438,0.329395
ATAGGAATCTAAGCTT-1,0.002935,0.995108,0.001957
ATAGGCGGCTATAGAA-1,0.785989,0.000055,0.213956
ATAGGCTAGCTTCGCA-1,0.005292,0.312951,0.681757
ATAGGGATATCCTTGA-1,0.00048,0.00048,0.99904
ATAGGTTGGGCAGATG-1,0.002846,0.002846,0.994308
ATAGTGAAGCGTTCTC-1,0.034745,0.000335,0.96492
ATATAAAGCGCTCGTG-1,0.461983,0.056697,0.48132
ATATAAATGTAGCTGC-1,0.368169,0.145373,0.486458
ATATAACACGGGCGCA-1,0.353818,0.522363,0.123819
ATATACATGTATGGTA-1,0.040891,0.240159,0.71895
ATATAGAGTATTGGTC-1,0.084997,0.677061,0.237943
ATATCAATTCCAGCCT-1,0.000191,0.309824,0.689985
ATATCGGTAGGGAGAT-1,0.816283,0.037981,0.145736
ATATCGTTCCTCGAAC-1,0.310882,0.545981,0.143137
ATATCTCCCTCGTTAA-1,0.000535,0.086706,0.912759
ATATGTGCACAAACCA-1,0.808834,0.182805,0.008361
ATATTCAGTTAAACCT-1,0.5272,0.1408,0.332
ATATTCCACATAGTGA-1,0.163994,0.586453,0.249553
ATATTCCCACAGGTCA-1,0.012522,0.97913,0.008348
ATATTGCTGTCAAAGT-1,0.575293,0.165384,0.259322
ATATTTAACCCTCAAG-1,0.391758,0.402208,0.206034
ATCAAACACTGTTCCA-1,0.483886,0.383081,0.133032
ATCAAACGAAGGTTTG-1,0.000281,0.000281,0.999437
ATCAATGCCGTGGCTG-1,0.107593,0.538795,0.353612
ATCACATTAGAATATC-1,0.000141,0.000141,0.999718
ATCACGTGCTAATTAA-1,0.000301,0.000301,0.999398
ATCACTTCATCCTCGC-1,0.040332,0.18119,0.778478
ATCAGAAGCTGGTTGC-1,0.449371,0.352344,0.198285
ATCAGACGGCACGCCG-1,0.000208,0.000208,0.999584
ATCAGCCTCATGCTGC-1,0.102925,0.652159,0.244915
ATCAGCTCGTCCACTA-1,0.498396,0.184579,0.317025
ATCAGGTCGCCATTGC-1,0.997699,0.001381,0.00092
ATCAGTAGGCAGGGAT-1,0.044913,0.14345,0.811637
ATCATAGATCGACGAG-1,0.26169,0.510171,0.228139
ATCATCCAATATTTGT-1,0.000362,0.115832,0.883806
ATCATGGACTACCGAC-1,0.349386,0.495916,0.154699
ATCATTGTACCGCATT-1,0.043498,0.455738,0.500764
ATCCAACGCAGTCATA-1,0.295646,0.424144,0.28021
ATCCAATGGAGGGTCC-1,0.000299,0.206589,0.793112
ATCCACATCGACAGAA-1,0.478102,0.402814,0.119083
ATCCACTTTCAGACTA-1,0.626714,0.245083,0.128203
ATCCAGAGCAACAACC-1,0.148823,0.028121,0.823056
ATCCAGGATTCGTGAA-1,0.048399,0.263878,0.687723
ATCCCATCCACAGCGC-1,0.406756,0.35165,0.241593
ATCCTACCTAAGCTCT-1,0.00036,0.00036,0.99928
ATCCTGCGTGGAATGG-1,0.000368,0.049995,0.949636
ATCCTGCTGCAGATAG-1,0.001748,0.850539,0.147713
ATCCTTCTGAAAGAAC-1,0.771684,0.220807,0.007509
ATCGACCCAATACAGA-1,0.06123,0.089629,0.849142
ATCGACTCTTTCCGTT-1,0.06153,0.50066,0.43781
ATCGCACGCCGGGAGA-1,0.332727,0.359869,0.307403
ATCGCCAGTCAACATT-1,0.292048,0.493364,0.214589
ATCGCTGCGTGCAGCA-1,0.003648,0.312403,0.683949
ATCGGAGACAGACGGC-1,0.47633,0.522801,0.00087
ATCGGCAAGCAGTCCA-1,0.032029,0.144684,0.823286
ATCGTGGAAAGTCTGG-1,0.417896,0.388005,0.194099
ATCGTTAGCTAGCGGA-1,0.359153,0.495931,0.144915
ATCGTTCACTTTCGCC-1,0.012955,0.012954,0.974091
ATCTAATATCCTACGG-1,0.490321,0.006384,0.503295
ATCTACCATCTGCTCC-1,0.185921,0.777408,0.036672
ATCTCATAAACCTACC-1,0.240608,0.354121,0.405271
ATCTCCCTGCAATCTA-1,0.000756,0.521265,0.477979
ATCTCGTGAGCGAAAC-1,0.829925,0.14403,0.026045
ATCTGACATGGAAGGA-1,0.001189,0.569144,0.429667
ATCTGATAGTGTCTTA-1,0.205471,0.566546,0.227983
ATCTGGGCTGTTCTTG-1,0.583874,0.240844,0.175282
ATCTGGTTAAGACTGT-1,0.021768,0.297876,0.680355
ATCTGTAATTGTACCC-1,0.456637,0.530838,0.012525
ATCTTAGGGCATTAAT-1,0.855427,0.096359,0.048214
ATCTTGACCTGCAACG-1,0.113039,0.555328,0.331633
ATCTTTCGTATAACCA-1,0.042711,0.318597,0.638692
ATGAAGCCAAGGAGCC-1,0.073867,0.593457,0.332676
ATGACGCCGGCTCTAA-1,0.001232,0.538668,0.4601
ATGACGCGTTCTATCC-1,0.000552,0.000552,0.998897
ATGACTATCAGCTGTG-1,0.132468,0.398054,0.469478
ATGACTATGCGACATT-1,0.487836,0.352731,0.159433
ATGAGGAGTGTTAATC-1,0.582938,0.139586,0.277476
ATGAGGGCAGCGGCTA-1,0.359275,0.066315,0.57441
ATGATCGGGAATAGAC-1,0.003079,0.881427,0.115494
ATGATGCAATGGTACA-1,0.000266,0.000266,0.999468
ATGCACCTTCCTTAAT-1,0.219979,0.452046,0.327975
ATGCACGCGCTGTTCA-1,0.655558,0.209239,0.135203
ATGCACTACCGCATTG-1,0.211912,0.571647,0.216441
ATGCATGATCCAGGAT-1,0.068973,0.00033,0.930697
ATGCATTCCGTGATGG-1,0.147632,0.843423,0.008944
ATGCCAATCGCTCTGC-1,0.005077,0.718274,0.276649
ATGCCATTTGCGACCA-1,0.348369,0.601255,0.050376
ATGCCGGTTGATGGGA-1,0.092899,0.117211,0.78989
ATGCGACAATTGGTCC-1,0.24858,0.581225,0.170195
ATGCGAGTCCCACCAC-1,0.445114,0.516492,0.038393
ATGCTCAGTGTTGCAT-1,0.144876,0.588141,0.266984
ATGCTCTGGCGCGGTA-1,0.591783,0.004472,0.403744
ATGCTTAGGAGTTGAT-1,0.316123,0.550438,0.13344
ATGGAAATTTAAGGAG-1,0.011218,0.392914,0.595868
ATGGAACAGAATAAAC-1,0.001626,0.884421,0.113953
ATGGAACCTTTGCACA-1,0.277513,0.312181,0.410306
ATGGACTGCTTAGTTG-1,0.333387,0.553521,0.113092
ATGGAGCAGGCCGTGA-1,0.073737,0.517084,0.409179
ATGGATCCGGCGTCCG-1,0.000303,0.041192,0.958505
ATGGATTGACCAAACG-1,0.550973,0.062512,0.386514
ATGGCAGCATTACGAT-1,0.00202,0.250451,0.747529
ATGGCTGGAAATGGCC-1,0.015659,0.015655,0.968686
ATGGGAACGGAAGCGG-1,0.462806,0.001531,0.535663
ATGGGACCTGCTGAAC-1,0.065839,0.441026,0.493135
ATGGGCCTCGGCCTCT-1,0.381015,0.398811,0.220175
ATGGGTGTATACCTCC-1,0.510202,0.26106,0.228738
ATGGTATTTACTGATT-1,0.017171,0.760577,0.222252
ATGGTCGCGTGGTTTC-1,0.065005,0.638179,0.296816
ATGGTTACGAAACATG-1,0.00186,0.687013,0.311127
ATGTAGCGCGCGTAGG-1,0.190591,0.695406,0.114003
ATGTCTTGTTTGACTC-1,0.55719,0.442504,0.000305
ATGTGAAAGCCTAATG-1,0.000163,0.139009,0.860828
ATGTGCATCCGACGCA-1,0.19142,0.651106,0.157475
ATGTGGACATCTTGAT-1,0.8932,0.02408,0.08272
ATGTGTAGTTTAGTCA-1,0.332286,0.300563,0.367151
ATGTTACGAGCAATAC-1,0.2707,0.503499,0.225801
ATGTTCCTGCCCACCT-1,0.409538,0.479404,0.111058
ATGTTCGTCGACCCAC-1,0.344771,0.017996,0.637234
ATGTTGATTAGAGACT-1,0.278649,0.634453,0.086897
ATGTTGTAGTCTGTTT-1,0.26311,0.457158,0.279732
ATGTTTGTAAGATCAT-1,0.443654,0.553623,0.002723
ATTAAACATGCGGACC-1,0.630884,0.076285,0.292831
ATTAATACTACGCGGG-1,0.180392,0.016808,0.8028
ATTAATGAACCAGTCG-1,0.022925,0.20035,0.776725
ATTAATTCGGTCACTC-1,0.329069,0.665106,0.005825
ATTACAACTACCGGCC-1,0.000526,0.112881,0.886593
ATTACATGTCAGTCTT-1,0.565616,0.403928,0.030456
ATTACCACACTGCCTG-1,0.671098,0.325404,0.003498
ATTACGACTCCACAGT-1,0.608969,0.170492,0.220539
ATTACGCGCTGGCAGG-1,0.000429,0.182104,0.817466
ATTACGGGCTACGGTT-1,0.000502,0.173361,0.826137
ATTACTAGCCTCTTGC-1,0.296598,0.433596,0.269806
ATTACTTACTGGGCAT-1,0.001013,0.181182,0.817805
ATTAGATTCCTCAGCA-1,0.236834,0.009392,0.753774
ATTAGATTGATAGCGG-1,0.009823,0.83341,0.156767
ATTAGGCGATGCTTTC-1,0.077931,0.312806,0.609263
ATTATACTTTGCTCGT-1,0.000504,0.105809,0.893687
ATTATAGCTACTTTAC-1,0.275101,0.403816,0.321083
ATTATCTCGACAGATC-1,0.001282,0.870055,0.128662
ATTATGAGACCCAATT-1,0.109485,0.535368,0.355147
ATTATGCCATAGGGAG-1,0.001739,0.685858,0.312402
ATTATGCTCAGTATTG-1,0.590003,0.388254,0.021744
ATTATTATGTCCGTCA-1,0.000615,0.054871,0.944514
ATTATTCAGAGTCACT-1,0.203371,0.796036,0.000592
ATTCAACCATTTAAGG-1,0.332453,0.545056,0.122491
ATTCACTGATGTTGGA-1,0.439472,0.325253,0.235275
ATTCAGATGAATCCCT-1,0.634201,0.00054,0.36526
ATTCAGGACCTATTTC-1,0.451024,0.073169,0.475808
ATTCAGGATCGCCTCT-1,0.002333,0.774935,0.222732
ATTCAGTAGCAGGGTC-1,0.850612,0.094852,0.054536
ATTCATATACTGTCCA-1,0.000509,0.06623,0.933261
ATTCATCGTTGAGGCA-1,0.322884,0.578245,0.098871
ATTCCCACATAAACAA-1,0.296406,0.320972,0.382622
ATTCCCGAAGGTACAG-1,0.000693,0.15663,0.842677
ATTCCTAAGACGTGGA-1,0.003079,0.994868,0.002053
ATTCCTCCGCCAGTGC-1,0.00064,0.438282,0.561078
ATTCGCAGAGGACACT-1,0.790388,0.192104,0.017508
ATTCGTGCTATCTCTT-1,0.119316,0.556803,0.32388
ATTCTCGTCTCTTTAG-1,0.608244,0.005692,0.386064
ATTCTGAGTATGAACT-1,0.040889,0.822121,0.13699
ATTCTTCGTACTTATG-1,0.008737,0.008737,0.982526
ATTGACCGGCGATGAC-1,0.00606,0.378999,0.614942
ATTGATCACCACATTT-1,0.052722,0.196347,0.750931
ATTGCCTATTAGACCG-1,0.362145,0.258851,0.379004
