Barcode,Topic 1,Topic 2,Topic 3,Topic 4to7,Topic 8,Topic 9,Topic 10
AAACAACGAATAGTTC-1,0.000029,0.01403,0.098404,0.481048,0.104156,0.192036,0.110297
AAACAAGTATCTCCCA-1,0.000013,0.006955,0.01565,0.924693,0.000013,0.000267,0.052409
AAACACCAATAACTGC-1,0.000405,0.000405,0.000405,0.00162,0.472431,0.524329,0.000405
AAACAGAGCGACTCCT-1,0.000035,0.046977,0.175914,0.000138,0.110739,0.604865,0.061332
AAACAGCTTTCAGAAG-1,0.000069,0.000069,0.057948,0.040309,0.398994,0.155795,0.346815
AAACAGGGTCTATATT-1,0.000084,0.000084,0.066681,0.000338,0.171557,0.193231,0.568024
AAACATTTCCCGGATT-1,0.000015,0.020314,0.022937,0.709945,0.031263,0.199659,0.015867
AAACCGGGTAGGTACC-1,0.000145,0.000145,0.000145,0.295664,0.251763,0.448514,0.003624
AAACCGTTCGTCCAGG-1,0.000044,0.000044,0.007862,0.511265,0.054938,0.425728,0.000119
AAACCTAAGCAGCCGG-1,0.000037,0.000037,0.215588,0.449245,0.277521,0.000037,0.057534
AAACCTCATGAAGTTG-1,0.000083,0.016641,0.137387,0.218893,0.138395,0.405544,0.083057
AAACGAAGAACATACC-1,0.000122,0.028074,0.000122,0.099335,0.148302,0.032535,0.69151
AAACGAGACGGTTGAT-1,0.000026,0.000026,0.026857,0.418513,0.00584,0.525289,0.02345
AAACGGGCGTACGGGT-1,0.000083,0.067087,0.087844,0.278583,0.003979,0.520933,0.041492
AAACTAACGTGGCGAC-1,0.000031,0.431164,0.142241,0.016647,0.014866,0.196528,0.198523
AAACTCGGTTCGCAAT-1,0.000476,0.000476,0.000476,0.001905,0.181687,0.421145,0.393833
AAACTCGTGATATAAG-1,0.000022,0.000022,0.004043,0.769307,0.000022,0.141419,0.085166
AAACTGCTGGCTCCAA-1,0.000022,0.000022,0.000022,0.059285,0.561628,0.36583,0.013191
AAACTTAATTGCACGC-1,0.000094,0.07169,0.000094,0.000376,0.529454,0.172843,0.225448
AAACTTGCAAACGTAT-1,0.000334,0.000335,0.000335,0.001338,0.000335,0.60519,0.392134
AAAGACCCAAGTCGCG-1,0.00002,0.029136,0.042936,0.505411,0.00002,0.418434,0.004043
AAAGACTGGGCGCTTT-1,0.0001,0.0001,0.0001,0.364665,0.073106,0.429717,0.132213
AAAGGCCCTATAATAC-1,0.000102,0.014883,0.189824,0.134928,0.091105,0.401761,0.167397
AAAGGGATGTAGCAAG-1,0.000225,0.000225,0.000225,0.000899,0.003036,0.64208,0.35331
AAAGGGCAGCTTGAAT-1,0.000053,0.000053,0.000053,0.000214,0.381953,0.57555,0.042123
AAAGGTAAGCTGTACC-1,0.000036,0.085282,0.037749,0.275816,0.158308,0.308768,0.13404
AAAGTAGCATTGCTCA-1,0.000168,0.125915,0.000168,0.000671,0.178022,0.526117,0.168938
AAAGTCACTGATGTAA-1,0.000017,0.009692,0.030983,0.755548,0.055594,0.099186,0.048981
AAAGTCGACCCTCAGT-1,0.000068,0.000068,0.095504,0.073181,0.141883,0.527874,0.161422
AAAGTGTGATTTATCT-1,0.000006,0.006388,0.060072,0.922406,0.007717,0.002576,0.000834
AAAGTTGACTCCCGTA-1,0.000016,0.036644,0.071465,0.611532,0.0207,0.229738,0.029905
AAATAACCATACGGGA-1,0.000025,0.000025,0.017168,0.286073,0.000025,0.657242,0.039441
AAATAAGGTAGTGCCC-1,0.000043,0.000556,0.01654,0.230218,0.000043,0.062423,0.690177
AAATACCTATAAGCAT-1,0.000029,0.000029,0.000029,0.073079,0.324833,0.335429,0.266572
AAATAGCTTAGACTTT-1,0.000028,0.024397,0.004704,0.232301,0.000169,0.5812,0.157202
AAATAGGGTGCTATTG-1,0.000052,0.000052,0.000052,0.040945,0.077686,0.872708,0.008503
AAATCCGATACACGCC-1,0.000091,0.029934,0.248246,0.000363,0.05383,0.529387,0.138149
AAATCTAGCCCTGCTA-1,0.000011,0.004976,0.056145,0.855947,0.007397,0.047769,0.027754
AAATGATTCGATCAGC-1,0.000071,0.000071,0.004404,0.162047,0.000071,0.201083,0.632254
AAATGCTCGTTACGTT-1,0.000031,0.000031,0.000031,0.000123,0.999724,0.000031,0.000031
AAATGGCATGTCTTGT-1,0.000077,0.000077,0.000077,0.000307,0.575012,0.388496,0.035956
AAATGGCCCGTGCCCT-1,0.000233,0.000233,0.000233,0.00093,0.122707,0.701523,0.174141
AAATGGTCAATGTGCC-1,0.000091,0.023973,0.109236,0.371864,0.000091,0.494654,0.000091
AAATGTATCTTATCCC-1,0.000027,0.000027,0.000027,0.620476,0.078773,0.170169,0.130503
AAATTAATAAGCGCGA-1,0.000102,0.000102,0.000102,0.131858,0.000102,0.000102,0.867633
AAATTACACGACTCTG-1,0.000032,0.000032,0.184422,0.136803,0.000032,0.667261,0.011418
AAATTACCTATCGATG-1,0.000027,0.015952,0.03656,0.42121,0.000027,0.368752,0.157472
AAATTGATAGTCCTTT-1,0.000011,0.000011,0.000011,0.999934,0.000011,0.000011,0.000011
AAATTGCGGCGGTTCT-1,0.000111,0.000112,0.000112,0.294906,0.249999,0.356578,0.098183
AAATTTACCGAAATCC-1,0.000025,0.086517,0.107771,0.223575,0.285045,0.150454,0.146614
AAATTTGCGGGTGTGG-1,0.000068,0.000068,0.000068,0.080747,0.059395,0.716373,0.143283
AACAACTGGTAGTTGC-1,0.000055,0.026421,0.081574,0.063731,0.000055,0.660058,0.168106
AACAATACATTGTCGA-1,0.000023,0.02072,0.03042,0.679537,0.032983,0.137056,0.09926
AACAATTACTCTACGC-1,0.00026,0.00026,0.00026,0.111764,0.175037,0.696247,0.016172
AACACACGCTCGCCGC-1,0.000018,0.001062,0.057106,0.574006,0.180034,0.181337,0.006438
AACACGACTGTACTGA-1,0.000251,0.000251,0.045786,0.176254,0.114773,0.465326,0.197361
AACACGAGACGCGGCC-1,0.000521,0.083154,0.000521,0.002084,0.215254,0.615963,0.082504
AACACGCGGCCGCGAA-1,0.000026,0.06643,0.076906,0.507128,0.020862,0.263477,0.06517
AACAGCTGTGTGGCAA-1,0.000054,0.000054,0.008054,0.193067,0.042697,0.522269,0.233804
AACAGGAAATCGAATA-1,0.001587,0.001588,0.001588,0.006352,0.001588,0.98571,0.001588
AACAGGATGGGCCGCG-1,0.000296,0.000296,0.171497,0.0915,0.000296,0.637156,0.098959
AACATATCAACTGGTG-1,0.000045,0.022404,0.015931,0.040014,0.000045,0.711011,0.21055
AACATCGATACGTCTA-1,0.00003,0.070567,0.049784,0.40804,0.00003,0.256111,0.215438
AACATTGAAGTTGATC-1,0.000122,0.059461,0.008122,0.003855,0.109478,0.573689,0.245273
AACATTGGTCAGCCGT-1,0.000119,0.000119,0.196257,0.018029,0.000119,0.773948,0.011409
AACCAAGACTTCTCTG-1,0.000375,0.000375,0.000375,0.001499,0.520154,0.416915,0.060309
AACCAGTATCACTCTT-1,0.000041,0.086764,0.047099,0.307018,0.041084,0.430712,0.087281
AACCATAGGGTTGAAC-1,0.000073,0.000073,0.004884,0.349423,0.293869,0.114168,0.237511
AACCATGGGATCGCTA-1,0.000358,0.000359,0.000359,0.001434,0.180819,0.550476,0.266196
AACCCAGAGACGGAGA-1,0.000035,0.014743,0.060466,0.266493,0.000035,0.628935,0.029293
AACCCATCCCATGATC-1,0.000103,0.000103,0.000103,0.023335,0.213282,0.150279,0.612793
AACCCGACAACCCGTG-1,0.000076,0.000076,0.243212,0.051076,0.037436,0.612162,0.055961
AACCCTACTGTCAATA-1,0.000026,0.039187,0.016939,0.259989,0.020268,0.533229,0.130362
AACCCTGGTGGAACCA-1,0.000085,0.000085,0.000085,0.000339,0.154747,0.630892,0.213767
AACCGAGCTTGGTCAT-1,0.000044,0.000044,0.000044,0.707846,0.097647,0.183427,0.010948
AACCGCTAAGGGATGC-1,0.000019,0.054509,0.010539,0.360052,0.07452,0.464758,0.035603
AACCGTTGTGTTTGCT-1,0.000176,0.000176,0.000176,0.138716,0.296586,0.000176,0.563995
AACCTAAAGCCGTCCG-1,0.000121,0.000121,0.000121,0.213929,0.065944,0.000121,0.719645
AACCTCGCTTTAGCCC-1,0.000078,0.037796,0.15201,0.053714,0.20498,0.514687,0.036735
AACCTTTAAATACGGT-1,0.000023,0.048669,0.000023,0.161837,0.219263,0.567161,0.003024
AACCTTTACGACGTCT-1,0.000042,0.048024,0.033439,0.0681,0.000042,0.760788,0.089564
AACGAAAGTCGTCCCA-1,0.000145,0.030525,0.000145,0.000581,0.280408,0.287044,0.401152
AACGATAATGCCGTAG-1,0.000047,0.000047,0.000047,0.000188,0.118334,0.493014,0.388323
AACGATAGAAGGGCCG-1,0.00003,0.116541,0.151858,0.051286,0.025615,0.610687,0.043983
AACGATATGTCAACTG-1,0.00005,0.00005,0.00005,0.351236,0.25271,0.314554,0.081351
AACGCATGATCTGGGT-1,0.000029,0.010814,0.084251,0.530293,0.000029,0.264807,0.109777
AACGCGAACGGCAACA-1,0.000044,0.000044,0.000044,0.000177,0.543012,0.393147,0.063532
AACGCGGTCTCCAGCC-1,0.000289,0.000289,0.000289,0.502219,0.000289,0.113173,0.383452
AACGCTGTTGCTGAAA-1,0.000027,0.000027,0.017786,0.409266,0.059476,0.424081,0.089338
AACGGACGTACGTATA-1,0.000011,0.000011,0.011071,0.761931,0.019395,0.198682,0.008898
AACGGCCATCTCCGGT-1,0.000039,0.000039,0.003254,0.355047,0.099051,0.530684,0.011884
AACGTACTGTGGGTAC-1,0.000023,0.004072,0.007298,0.478042,0.118346,0.391022,0.001198
AACGTCAGACTAGTGG-1,0.000049,0.019643,0.008757,0.07507,0.000049,0.75929,0.137143
AACGTGATGAAGGACA-1,0.000026,0.064871,0.387939,0.062692,0.086886,0.334251,0.063334
AACGTGCGAAAGTCTC-1,0.000046,0.000046,0.000046,0.000182,0.318159,0.602839,0.078683
AACGTTATCAGCACCT-1,0.000032,0.000032,0.000032,0.511194,0.192949,0.268528,0.027233
AACTAGCGTATCGCAC-1,0.000065,0.000065,0.104439,0.202486,0.000065,0.031162,0.66172
AACTAGGCTTGGGTGT-1,0.000251,0.000251,0.000251,0.001003,0.184833,0.766225,0.047187
AACTCAAGTTAATTGC-1,0.000029,0.000029,0.000045,0.223706,0.147247,0.628915,0.000029
AACTCCAGAGCGTGTT-1,0.000075,0.000075,0.007258,0.278986,0.098673,0.607598,0.007335
AACTCCTAATCCCATG-1,0.000038,0.036156,0.037749,0.146644,0.001375,0.527078,0.250958
AACTCGATAAACACGT-1,0.000066,0.023663,0.000066,0.382609,0.077212,0.41015,0.106235
AACTCGATGGCGCAGT-1,0.000067,0.000067,0.000067,0.000268,0.701918,0.088545,0.209068
AACTCTCAATAGAGCG-1,0.000016,0.116719,0.034966,0.622532,0.020322,0.196428,0.009017
AACTCTCAGTGTGCTC-1,0.000009,0.000009,0.000009,0.999948,0.000009,0.000009,0.000009
AACTGAGGTCAGCGTC-1,0.000039,0.560941,0.029294,0.069757,0.030957,0.221794,0.087218
AACTGATATTAGGCCT-1,0.001639,0.00164,0.00164,0.447869,0.00164,0.543933,0.00164
AACTGGGTCCCGACGT-1,0.00073,0.00073,0.00073,0.428431,0.00073,0.567918,0.00073
AACTGGGTTCGAGCCG-1,0.000059,0.025611,0.000059,0.453544,0.086826,0.265083,0.168818
AACTGGTGTGGGCCTT-1,0.000034,0.006584,0.265609,0.067344,0.19663,0.245632,0.218167
AACTTCTGCGTCTATC-1,0.000053,0.000053,0.028975,0.358004,0.052693,0.255605,0.304616
AACTTGCCCGTATGCA-1,0.000266,0.000266,0.000266,0.075146,0.157148,0.73194,0.034968
AACTTGCGTTCTCGCG-1,0.000086,0.000086,0.054213,0.026791,0.167929,0.626218,0.124677
AACTTTACGGGAGCTT-1,0.000018,0.000018,0.000018,0.481061,0.183605,0.26367,0.071609
AACTTTAGCTGCTGAG-1,0.000037,0.031638,0.019114,0.615009,0.004754,0.221499,0.107949
AAGAAGGATCAGTTAG-1,0.000082,0.000082,0.000082,0.00033,0.528168,0.239688,0.231567
AAGACCAAATAACTCA-1,0.000305,0.000305,0.000305,0.307493,0.055584,0.094459,0.541549
AAGACTAACCCGTTGT-1,0.000019,0.000019,0.000019,0.97805,0.021857,0.000019,0.000019
AAGACTGCAAGCTACT-1,0.000025,0.000025,0.000025,0.517893,0.140608,0.292521,0.048901
AAGAGATGAATCGGTA-1,0.000036,0.000036,0.023343,0.949232,0.012375,0.000108,0.014869
AAGAGCTCTTTATCGG-1,0.000042,0.000042,0.000042,0.186208,0.128638,0.594547,0.090481
AAGAGGATGTACGCGA-1,0.000193,0.090053,0.000193,0.000774,0.202309,0.706284,0.000193
AAGAGGCATGGATCGC-1,0.000045,0.000045,0.017723,0.065598,0.126317,0.727255,0.063017
AAGATGGCACCGGACC-1,0.000045,0.004359,0.124489,0.292571,0.087004,0.396382,0.09515
AAGATTGGCGGAACGT-1,0.000038,0.087077,0.241588,0.021403,0.010352,0.525513,0.114028
AAGCACCCTGCGTATC-1,0.000044,0.000044,0.000044,0.000177,0.645567,0.152113,0.20201
AAGCATACTCTCCTGA-1,0.000033,0.000033,0.000033,0.176561,0.237584,0.527089,0.058666
AAGCCACTTGCAGGTA-1,0.000026,0.000026,0.002268,0.322353,0.032535,0.359781,0.283011
AAGCCGCCGTGAAATC-1,0.000234,0.000234,0.000234,0.000937,0.087005,0.836471,0.074884
AAGCGCAGGGCTTTGA-1,0.000704,0.018701,0.000704,0.002818,0.000704,0.365625,0.610744
AAGCGGCGTCATGGGT-1,0.000042,0.018381,0.294721,0.156754,0.000042,0.367291,0.162771
AAGCGTCCCTCATCGA-1,0.000059,0.000059,0.000335,0.403663,0.034193,0.466172,0.09552
AAGCTAGATCGAGTAA-1,0.000069,0.118623,0.009071,0.408767,0.463332,0.000069,0.000069
AAGCTCGTGCCAAGTC-1,0.000057,0.000057,0.004401,0.262646,0.117412,0.523351,0.092075
AAGCTCTTTCATGGTG-1,0.000034,0.000034,0.01702,0.463415,0.150749,0.355181,0.013566
AAGGAGCGGTTGGTGC-1,0.000043,0.000043,0.001494,0.045314,0.001307,0.771442,0.180357
AAGGATGAGGGACCTC-1,0.000065,0.056007,0.049724,0.093289,0.114778,0.66356,0.022576
AAGGCGCGTAAAGCTT-1,0.000037,0.032871,0.000459,0.237257,0.046222,0.62702,0.056135
AAGGCTGTGCTCATCG-1,0.000038,0.089734,0.000282,0.835383,0.000038,0.063024,0.011501
AAGGGAACGACTGGCT-1,0.000278,0.104096,0.135645,0.001111,0.276761,0.48132,0.000789
AAGGGACAGATTCTGT-1,0.000041,0.012245,0.00869,0.082541,0.03281,0.76348,0.100192
AAGGGACTATGCATTC-1,0.000116,0.000116,0.058382,0.091054,0.24024,0.451614,0.158478
AAGGTATCCTAATATA-1,0.000047,0.001318,0.034402,0.000188,0.258595,0.655027,0.050423
AAGGTGATAAACCAGC-1,0.000011,0.018607,0.010408,0.75368,0.02192,0.179654,0.015721
AAGTAGAAGACCGGGT-1,0.00005,0.021243,0.00005,0.466168,0.00005,0.488266,0.024172
AAGTAGTGACGCGAGG-1,0.000272,0.000272,0.000272,0.039832,0.000272,0.548436,0.410645
AAGTCAATTGTCGTCA-1,0.000026,0.000026,0.028875,0.547409,0.002116,0.295637,0.125911
AAGTCTTCTGTGGCCT-1,0.001266,0.001266,0.001266,0.350146,0.001266,0.643523,0.001266
AAGTGACGACCGAATT-1,0.000358,0.000359,0.000359,0.001434,0.000359,0.581862,0.41527
AAGTGAGTCGGGTTTA-1,0.000019,0.000019,0.000019,0.487512,0.011926,0.422722,0.077783
AAGTGCAAAGGTAGAC-1,0.000039,0.019732,0.168681,0.235571,0.297939,0.182588,0.09545
AAGTGCCTTGACTGTA-1,0.000037,0.04688,0.066166,0.230335,0.000037,0.443205,0.21334
AAGTGCGTTAGAATCT-1,0.00015,0.00015,0.00015,0.179544,0.00015,0.751415,0.068441
AAGTGCTTCTCTATTG-1,0.000073,0.000073,0.000073,0.29978,0.000947,0.633051,0.066003
AAGTGTTTGGAGACGG-1,0.000195,0.000195,0.020145,0.282113,0.313435,0.383724,0.000195
AAGTTCACTCCAAGCT-1,0.000028,0.000028,0.050731,0.802,0.028875,0.053424,0.064914
AAGTTCAGTCTGCGTA-1,0.000196,0.000196,0.000196,0.30868,0.000196,0.000196,0.69034
AAGTTCGGCCAACAGG-1,0.000027,0.008598,0.060163,0.472352,0.19265,0.263547,0.002663
AAGTTTATGGGCCCAA-1,0.000059,0.000059,0.000059,0.000236,0.137936,0.813083,0.048569
AATAACAACGCTCGGC-1,0.000071,0.000072,0.000072,0.350873,0.078631,0.50514,0.065141
AATAACACTAGAACAA-1,0.000021,0.045869,0.124131,0.354521,0.024757,0.430543,0.020158
AATAAGTCCTCGAGAC-1,0.000055,0.000055,0.000055,0.00022,0.567108,0.074458,0.358048
AATACAATGTTTCAGG-1,0.00006,0.034016,0.01727,0.0851,0.189602,0.580297,0.093656
AATACCGGAGGGCTGT-1,0.000058,0.000058,0.000058,0.172767,0.018006,0.752301,0.056753
AATAGAACAGAGTGGC-1,0.000011,0.041255,0.002831,0.534206,0.004117,0.413685,0.003895
AATAGAATCTGTTTCA-1,0.00008,0.00008,0.009983,0.296832,0.013469,0.589024,0.090533
AATAGCAAGCCTCCTG-1,0.000031,0.62936,0.056574,0.107187,0.038527,0.058353,0.109968
AATAGCTACCGCGTGC-1,0.000044,0.017705,0.000044,0.110771,0.001875,0.761398,0.108162
AATAGTCGCGAGTCGG-1,0.000017,0.000017,0.000017,0.241,0.061288,0.210052,0.487609
AATATCAAGGTCGGAT-1,0.000023,0.073368,0.000023,0.593242,0.000749,0.322591,0.010004
AATATCGAGGGTTCTC-1,0.000063,0.032179,0.000063,0.012491,0.000063,0.730598,0.224543
AATATTGGAGTATTGA-1,0.000351,0.000351,0.000351,0.001404,0.121449,0.791703,0.084392
AATCAGACTGCAGGAC-1,0.000062,0.000062,0.000062,0.000249,0.51252,0.330146,0.156898
AATCAGGTTTCATTTA-1,0.00004,0.00004,0.00004,0.201051,0.00004,0.667593,0.131196
AATCATGTAAAGACTC-1,0.000012,0.000012,0.009517,0.814044,0.015308,0.155997,0.005111
AATCCAAGGGCCTGAG-1,0.000032,0.026663,0.055052,0.673505,0.05692,0.114567,0.073262
AATCCATGCAAGGGTG-1,0.000069,0.043019,0.230037,0.000277,0.316952,0.181082,0.228562
AATCGCCTCAGCGCCA-1,0.000026,0.036747,0.090043,0.443588,0.01672,0.38161,0.031267
AATCGTGAGCCGAGCA-1,0.000126,0.005191,0.063337,0.439501,0.137069,0.291774,0.063002
AATCTAGGTTTACTTG-1,0.0001,0.176861,0.06122,0.000399,0.494761,0.000425,0.266234
AATCTATGCCGGAGCC-1,0.000077,0.000077,0.000077,0.051077,0.000077,0.194789,0.753827
AATCTCTACTGTGGTT-1,0.000101,0.000101,0.000101,0.203822,0.204841,0.263594,0.327441
AATCTGCGTTGGGACG-1,0.00003,0.056233,0.104682,0.052883,0.00003,0.753992,0.03215
AATCTGGCTTTCTAGT-1,0.00009,0.0268,0.028611,0.00036,0.438427,0.159555,0.346157
AATCTGGGTAGACCCT-1,0.000039,0.080519,0.347248,0.156444,0.019491,0.062407,0.333851
AATGACAGCAATGTCT-1,0.000094,0.000094,0.000094,0.069465,0.001037,0.753978,0.175237
AATGACGTAGGATGTC-1,0.000064,0.000064,0.000064,0.137677,0.000064,0.84726,0.014806
AATGACTGTCAGCCGG-1,0.000078,0.021683,0.011099,0.289144,0.008835,0.610672,0.058489
AATGAGTTCGCATATG-1,0.000045,0.000045,0.02076,0.381342,0.152467,0.394277,0.051063
AATGATGATACGCTAT-1,0.000034,0.000034,0.074419,0.468398,0.000034,0.273354,0.183728
AATGATGCGACTCCTG-1,0.000046,0.000046,0.000046,0.028434,0.000046,0.815889,0.155493
AATGCACCAAGCAATG-1,0.000025,0.004584,0.02047,0.551266,0.000025,0.29655,0.12708
AATGGTCCACCGTTCA-1,0.000287,0.000287,0.000287,0.340009,0.145489,0.513352,0.000287
AATGGTTCTCACAAGC-1,0.000055,0.000055,0.000055,0.00022,0.0156,0.90389,0.080125
AATGTATGGCACTGTA-1,0.000112,0.000112,0.025107,0.000448,0.515298,0.190965,0.267959
AATGTGCCCGAGGTGT-1,0.000196,0.000197,0.000197,0.38645,0.188332,0.354028,0.070601
AATGTGCTAATCTGAG-1,0.000062,0.028499,0.000062,0.293155,0.023044,0.406766,0.248411
AATTAAAGGTCGGCGT-1,0.000185,0.000185,0.050762,0.046528,0.000185,0.90197,0.000185
AATTAACGGATTTCCA-1,0.001163,0.001163,0.001163,0.004652,0.061213,0.653343,0.277303
AATTACTCGTACGCTC-1,0.000962,0.000962,0.203911,0.467232,0.024585,0.301386,0.000962
AATTAGCGCTGCAGCG-1,0.001493,0.170503,0.001493,0.303437,0.520088,0.001493,0.001493
AATTCATAAGGGATCT-1,0.000042,0.054288,0.11126,0.00017,0.000042,0.73224,0.101958
AATTCATTGTCATGCA-1,0.000035,0.000035,0.000035,0.72677,0.018316,0.028323,0.226485
AATTCCAACTTGGTGA-1,0.000153,0.000153,0.000153,0.402195,0.07986,0.468286,0.049198
AATTCGATTCGAGGAT-1,0.000153,0.042136,0.000153,0.359896,0.011626,0.322432,0.263604
AATTCTAGAGTTAGGC-1,0.004546,0.155222,0.004547,0.575753,0.004547,0.004547,0.250838
AATTGAACGCTCTGGT-1,0.000042,0.000042,0.000042,0.204283,0.14199,0.630797,0.022803
AATTGCAGCAATCGAC-1,0.000039,0.04082,0.00091,0.215,0.115359,0.104713,0.523159
AATTGCGTGGATTACA-1,0.000094,0.119984,0.000094,0.000377,0.467116,0.155676,0.256658
AATTTGGGACATAGTA-1,0.000046,0.044783,0.000046,0.242984,0.049074,0.631659,0.031408
AATTTGGTTCCAAAGA-1,0.000433,0.000433,0.000433,0.575802,0.244404,0.178062,0.000433
ACAAACCATGCGTCCT-1,0.000105,0.000105,0.000105,0.000421,0.247661,0.491798,0.259805
ACAAAGAAGGTAGGCC-1,0.000121,0.050403,0.000121,0.000484,0.301706,0.000121,0.647045
ACAAAGCATGACCTAG-1,0.000031,0.016555,0.087202,0.16118,0.119302,0.505535,0.110195
ACAAATCGCACCGAAT-1,0.000053,0.000053,0.165481,0.460629,0.061217,0.306739,0.005828
ACAAATGGTAGTGTTT-1,0.000028,0.016521,0.001406,0.43338,0.086383,0.441526,0.020757
ACAAATTCAGATCTGA-1,0.000032,0.17834,0.111502,0.264115,0.043289,0.206831,0.195891
ACAACAGCATGAGCTA-1,0.000034,0.000035,0.000035,0.286475,0.00705,0.6107,0.095671
ACAACGGTCCCTGCGA-1,0.000025,0.000025,0.030435,0.513126,0.000025,0.412086,0.044278
ACAAGCAGTGCCTAGC-1,0.000133,0.000133,0.000133,0.000533,0.048794,0.748175,0.202097
ACAAGCTATATGGAAG-1,0.000092,0.000092,0.000092,0.079655,0.414829,0.223422,0.281818
ACAAGGAAATCCGCCC-1,0.00008,0.00008,0.00008,0.29029,0.015738,0.693653,0.00008
ACAAGGACAAGAGGTT-1,0.00004,0.03957,0.00004,0.000161,0.41198,0.385232,0.162976
ACAAGGATGCTTTAGG-1,0.000267,0.000267,0.000267,0.12684,0.35654,0.515553,0.000267
ACAAGGGCAGGCTCTG-1,0.000042,0.000042,0.004655,0.436782,0.000042,0.459977,0.098461
ACAATAGTCGTACGTT-1,0.000107,0.000107,0.040096,0.140071,0.634362,0.080337,0.104918
ACAATCCATTTAAACC-1,0.000059,0.04708,0.009625,0.287264,0.079017,0.37362,0.203335
ACAATGAATACGGAGA-1,0.000037,0.000037,0.030808,0.446576,0.299809,0.166556,0.056177
ACAATGATTCTTCTAC-1,0.000031,0.433653,0.142775,0.079247,0.015823,0.144035,0.184435
ACAATTGTGTCTCTTT-1,0.000008,0.002511,0.000525,0.99473,0.001463,0.000755,0.000008
ACAATTTAGGAGGCTC-1,0.000262,0.000262,0.000262,0.001047,0.270128,0.245426,0.482613
ACAATTTGAGCAGTGG-1,0.000082,0.000082,0.000082,0.021357,0.000082,0.800221,0.178093
ACACAAAGACGGGTGG-1,0.00016,0.070097,0.035664,0.000639,0.072186,0.767273,0.053982
ACACACCAGGACCAGT-1,0.000012,0.000012,0.000012,0.898159,0.004217,0.097575,0.000012
ACACACTTTCTACACG-1,0.000234,0.000234,0.000234,0.315068,0.153713,0.363646,0.166871
ACACATGATCAAATCT-1,0.000093,0.000093,0.136137,0.035062,0.202827,0.084838,0.54095
ACACATTGACGCAACA-1,0.000971,0.000971,0.000971,0.223568,0.000971,0.715732,0.056815
ACACATTTCCGTAGAC-1,0.000229,0.000229,0.000229,0.460512,0.046721,0.491849,0.000229
ACACCCAGCATGCAGC-1,0.000123,0.081209,0.044329,0.304477,0.000123,0.423835,0.145903
ACACCCGAGAAATCCG-1,0.000032,0.042914,0.036673,0.283093,0.10931,0.449566,0.078411
ACACCGAGCGCTCTTT-1,0.005,0.005001,0.005001,0.020005,0.005002,0.954989,0.005001
ACACCGGTCTGACCGC-1,0.00021,0.00021,0.00021,0.000841,0.246585,0.683525,0.068419
ACACCTTAAGTAGGGC-1,0.00006,0.002743,0.00006,0.111333,0.00006,0.750739,0.135006
ACACGAGACTCCTTCT-1,0.000053,0.000053,0.000053,0.059784,0.337008,0.602996,0.000053
ACACGGCACTATGCAT-1,0.000075,0.000075,0.000075,0.000302,0.765504,0.000075,0.233892
ACACGGGAACTTAGGG-1,0.00009,0.00009,0.00009,0.014279,0.374478,0.575054,0.03592
ACACTCCAATGTCACT-1,0.000048,0.000048,0.000048,0.422978,0.162005,0.111852,0.30302
ACACTGATCAAGGTGT-1,0.000045,0.000045,0.000045,0.648025,0.013836,0.271059,0.066946
ACAGAACTGAGAACAA-1,0.000257,0.108016,0.045037,0.063823,0.289061,0.192128,0.301678
ACAGATTAGGTTAGTG-1,0.00004,0.387229,0.030612,0.00016,0.03573,0.219633,0.326596
ACAGCATAGAGCCAGT-1,0.000017,0.645808,0.071784,0.00007,0.041825,0.214291,0.026206
ACAGCGACATTCTCAT-1,0.000021,0.000957,0.126345,0.571399,0.034241,0.229414,0.037623
ACAGCGCACCCGCAGC-1,0.000031,0.000031,0.013517,0.826139,0.015797,0.112283,0.032204
ACAGGCACGGATCCTT-1,0.000158,0.029317,0.0322,0.000634,0.000159,0.634453,0.303079
ACAGGCTTGCCCGACT-1,0.000027,0.000027,0.020451,0.340609,0.118711,0.492417,0.027758
ACAGGTGGAGGTGAGG-1,0.000021,0.003715,0.008298,0.566158,0.031894,0.363614,0.0263
ACAGGTGTGTTGTTGC-1,0.00007,0.00007,0.00007,0.325344,0.251895,0.104199,0.318352
ACAGTAATACAACTTG-1,0.000149,0.000149,0.000149,0.000596,0.089065,0.366964,0.542927
ACATAAGTCGTGGTGA-1,0.000124,0.108886,0.039819,0.000497,0.249246,0.323298,0.27813
ACATAATAAGGCGGTG-1,0.000171,0.000171,0.000171,0.12051,0.013177,0.478886,0.386914
ACATCAGCTGGGACGC-1,0.000128,0.000128,0.000128,0.136499,0.076454,0.540617,0.246045
ACATCCTGGTAACTGT-1,0.000032,0.011971,0.05063,0.296421,0.000032,0.432763,0.208151
ACATCGATCGTTTACC-1,0.000943,0.000944,0.000944,0.142391,0.059883,0.778002,0.016893
ACATCGGTCAGCCGCG-1,0.000039,0.019208,0.028,0.768161,0.03999,0.07916,0.065442
ACATCGTATGCAATGG-1,0.000016,0.000016,0.000016,0.999904,0.000016,0.000016,0.000016
ACATCGTTAACCTAGT-1,0.000033,0.075791,0.038899,0.000131,0.88508,0.000033,0.000033
ACATCTCAACGCGTAA-1,0.000134,0.000134,0.000134,0.000537,0.140575,0.622121,0.236364
ACATGGCGCCAAAGTA-1,0.000028,0.023227,0.005724,0.233029,0.030005,0.512562,0.195425
ACATGGCTCAATTTAG-1,0.000029,0.000029,0.000108,0.287413,0.405852,0.294423,0.012146
ACATTAGTTTATATCC-1,0.001639,0.268807,0.00164,0.363429,0.097343,0.00164,0.265502
ACATTCGCGCGGAATA-1,0.000029,0.035745,0.000029,0.17818,0.082219,0.62881,0.074989
ACCAAACACCCAGCGA-1,0.000036,0.012772,0.43294,0.046894,0.000036,0.145198,0.362123
ACCAAACTAGAAATCC-1,0.000262,0.000262,0.000262,0.667663,0.000262,0.331028,0.000262
ACCAACACCACACACT-1,0.000061,0.007059,0.000061,0.147117,0.000061,0.001407,0.844235
ACCAACCGCACTCCAC-1,0.000048,0.013938,0.027792,0.035359,0.458044,0.37963,0.085189
ACCAAGAACGCGTGTC-1,0.000053,0.044626,0.062251,0.326104,0.001175,0.409337,0.156454
ACCAATATGCAAGTTA-1,0.000044,0.000044,0.031183,0.054762,0.351053,0.485254,0.077662
ACCACAACTCAGAACA-1,0.000067,0.078838,0.011278,0.000269,0.140971,0.279404,0.489173
ACCACAAGTTTCTATC-1,0.000104,0.000104,0.000104,0.000416,0.000104,0.989539,0.009629
ACCACCAATGTAACAA-1,0.000043,0.049615,0.042957,0.16204,0.028856,0.019977,0.696513
ACCACGTGCAGCTATA-1,0.000108,0.000108,0.000108,0.691091,0.000108,0.308371,0.000108
ACCACTGTTCAAGAAG-1,0.000971,0.14017,0.000971,0.782366,0.073579,0.000971,0.000971
ACCAGACCATAACAAC-1,0.002084,0.002084,0.192613,0.008336,0.19073,0.60207,0.002084
ACCAGCCCGGTCTTTG-1,0.000073,0.000073,0.000073,0.167947,0.062302,0.695459,0.074073
ACCAGTGCCCGGTCAA-1,0.000043,0.060152,0.134806,0.188233,0.010193,0.307574,0.298999
ACCAGTGCGGGAGACG-1,0.000013,0.000013,0.00011,0.555721,0.023929,0.419774,0.000441
ACCATCCGCCAACTAG-1,0.000052,0.000052,0.073206,0.52894,0.229723,0.000052,0.167976
ACCATCGTATATGGTA-1,0.000041,0.000041,0.437436,0.063245,0.031114,0.416249,0.051875
ACCATTAAGGGTGTCA-1,0.002564,0.002565,0.002565,0.415606,0.002565,0.571571,0.002565
ACCCAACGCCCGTGGC-1,0.000058,0.000058,0.142859,0.081578,0.066307,0.646188,0.062953
ACCCACCTACATGCTC-1,0.00008,0.00008,0.191381,0.005301,0.166041,0.49398,0.143137
ACCCATCTTGAGGGTA-1,0.000064,0.000892,0.000064,0.041268,0.013609,0.737039,0.207065
ACCCATTTGTCCCTCT-1,0.00001,0.00001,0.00143,0.938445,0.003762,0.048416,0.007928
ACCCGAGCGAAATTAC-1,0.000101,0.053139,0.000101,0.249965,0.053492,0.594012,0.04919
ACCCGATTGGTTCCGA-1,0.000103,0.010202,0.000103,0.135456,0.000103,0.667411,0.186621
ACCCGGAAACTCCCAG-1,0.553083,0.000645,0.000645,0.002581,0.000645,0.441755,0.000645
ACCCGGATGACGCATC-1,0.000026,0.015659,0.061906,0.548142,0.014691,0.228172,0.131404
ACCCGGTTACACTTCC-1,0.000058,0.011433,0.165158,0.098594,0.000058,0.599331,0.125368
ACCCGTAGCAGAGAAT-1,0.000465,0.000465,0.000465,0.001861,0.352197,0.000465,0.644081
ACCCTATAGGACTGAG-1,0.000051,0.000051,0.279047,0.028544,0.228298,0.377781,0.086227
ACCCTATGCCATATCG-1,0.000043,0.005034,0.016181,0.348473,0.028882,0.507332,0.094055
ACCCTCCCGTCAGGGC-1,0.000054,0.055508,0.000054,0.083715,0.029582,0.537837,0.293251
ACCCTCCCTTGCTATT-1,0.000071,0.000071,0.000071,0.221806,0.005599,0.77231,0.000071
ACCCTTCATCTGCGAA-1,0.000415,0.000415,0.000415,0.288654,0.092027,0.617659,0.000415
ACCCTTTAGTTCTCCA-1,0.000081,0.119278,0.052796,0.004679,0.019474,0.332585,0.471109
ACCGAAAGGGCCCTGC-1,0.000037,0.12814,0.029075,0.136433,0.144404,0.342274,0.219637
ACCGAAGAGTCTGGTT-1,0.000148,0.000148,0.000148,0.000592,0.487987,0.049046,0.461931
ACCGACACATCTCCCA-1,0.001053,0.001053,0.001053,0.004211,0.223607,0.652317,0.116706
ACCGACTGAGTCCCAC-1,0.000056,0.000056,0.000056,0.000224,0.000056,0.953975,0.045577
ACCGAGTCTCCTTATT-1,0.000108,0.090939,0.000108,0.000431,0.039038,0.634742,0.234634
ACCGATGGTAGCATCG-1,0.00002,0.012076,0.058877,0.549715,0.034881,0.337092,0.00734
ACCGCAATAACTGCCT-1,0.000291,0.000291,0.000291,0.470267,0.000291,0.52828,0.000291
ACCGCGGTGGAAGTCG-1,0.000021,0.050198,0.151849,0.477871,0.13361,0.112533,0.073918
ACCGCTAGTCATTGGT-1,0.000039,0.000039,0.055552,0.21048,0.028101,0.194978,0.51081
ACCGGGCCTTTGTTGA-1,0.000013,0.014687,0.020371,0.802922,0.000013,0.105256,0.056738
ACCGGTCAGGTACACC-1,0.000082,0.000082,0.026828,0.271381,0.164721,0.234908,0.301997
ACCGGTCTGAGTACGG-1,0.000036,0.016356,0.030167,0.540475,0.04542,0.04963,0.317916
ACCGTGACCACGTGGG-1,0.000061,0.000061,0.000061,0.258957,0.000061,0.706605,0.034194
ACCGTTCCCGCTCTGA-1,0.000198,0.000198,0.000198,0.156783,0.000198,0.020324,0.822099
ACCTAAGTACCTTTCA-1,0.000137,0.000137,0.216666,0.000547,0.161894,0.419412,0.201207
ACCTAATCGACTTCCT-1,0.000068,0.001515,0.233989,0.484191,0.128141,0.128281,0.023815
ACCTCCGCCCTCGCTG-1,0.000074,0.000074,0.000074,0.631942,0.000074,0.000074,0.367689
ACCTCCGTTATTCACC-1,0.00004,0.041079,0.031372,0.352972,0.020181,0.175919,0.378437
ACCTCGAACTTATGCT-1,0.000086,0.000086,0.00205,0.11688,0.06841,0.425624,0.386864
ACCTGCGTGTCATGTT-1,0.00005,0.00005,0.00005,0.834358,0.165391,0.00005,0.00005
ACGAAATGGGCGGCAC-1,0.000186,0.041957,0.167038,0.23862,0.000186,0.473287,0.078725
ACGACTCTAGGGCCGA-1,0.000048,0.013606,0.02821,0.60548,0.052962,0.103956,0.195739
ACGACTGGTCATACTC-1,0.000046,0.015977,0.068694,0.160549,0.000046,0.679768,0.07492
ACGAGAACCCATCACG-1,0.00007,0.064701,0.127868,0.000279,0.115109,0.354472,0.337501
ACGAGATATTTGCTTA-1,0.00005,0.00005,0.189474,0.049325,0.288083,0.416035,0.056984
ACGAGGATACCACTCT-1,0.000135,0.000135,0.08526,0.616391,0.105564,0.000135,0.19238
ACGAGGTTTACAACGT-1,0.000107,0.072633,0.000107,0.000429,0.242354,0.235618,0.448751
ACGAGTACGGATGCCC-1,0.000055,0.020624,0.040014,0.000477,0.000055,0.708739,0.230036
ACGAGTCGCCGGCGTT-1,0.000183,0.000183,0.000183,0.326612,0.000183,0.519954,0.1527
ACGATACATAGAACTA-1,0.000045,0.000045,0.004726,0.29007,0.000045,0.670439,0.034632
ACGATACCTATCCTGA-1,0.00115,0.00115,0.00115,0.185492,0.215538,0.594371,0.00115
ACGATCATACATAGAG-1,0.000048,0.000048,0.000048,0.585259,0.000048,0.338844,0.075706
ACGATCATCTTGTAAA-1,0.000039,0.058344,0.090956,0.064956,0.000039,0.557614,0.228051
ACGATGCATATGTTAT-1,0.000039,0.028073,0.009462,0.676217,0.000039,0.173006,0.113165
ACGATGGATCCGATGC-1,0.000058,0.040965,0.000058,0.000233,0.76701,0.067286,0.12439
ACGCAAACTAATAGAT-1,0.000017,0.000017,0.000017,0.424946,0.026074,0.41813,0.130799
ACGCATAAATGACATG-1,0.000066,0.233166,0.000066,0.011541,0.000066,0.000066,0.755029
ACGCATACGTTTACTA-1,0.000007,0.015136,0.022232,0.962605,0.000007,0.000007,0.000007
ACGCATTCGTGAGTAC-1,0.000063,0.000063,0.000063,0.000253,0.000063,0.882124,0.11737
ACGCCACTCGAAACAG-1,0.000102,0.000102,0.000102,0.115357,0.065772,0.1329,0.685664
ACGCCAGATGATTTCT-1,0.00015,0.041128,0.033754,0.000599,0.184813,0.695416,0.044141
ACGCCCAGCTGTCGAT-1,0.000176,0.038105,0.049248,0.335915,0.16544,0.336093,0.075024
ACGCCGCTAGACGACC-1,0.000025,0.000025,0.018801,0.444588,0.079511,0.443106,0.013945
ACGCGCTACACAGGGT-1,0.000056,0.000056,0.030541,0.290066,0.00869,0.658578,0.012012
ACGCGGGCCAAGGACA-1,0.000027,0.000027,0.000027,0.000107,0.000027,0.603056,0.396731
ACGCGTTTCTTAAGAG-1,0.000068,0.000068,0.000068,0.427016,0.028657,0.544053,0.000068
ACGCTAGTGATACACT-1,0.000041,0.000041,0.09875,0.077661,0.000041,0.593571,0.229895
ACGCTGTGAGGCGTAG-1,0.000037,0.000037,0.003182,0.555061,0.441608,0.000037,0.000037
ACGCTTAGTGTCTCTC-1,0.000138,0.021646,0.01554,0.206346,0.099317,0.000138,0.656875
ACGGAATTTAGCAAAT-1,0.000147,0.000147,0.049407,0.000588,0.391635,0.461631,0.096445
ACGGACTCTCAAAGCG-1,0.000068,0.000068,0.000068,0.015664,0.163328,0.459388,0.361417
ACGGAGCGCAAATTAC-1,0.000029,0.069099,0.269738,0.184814,0.000505,0.418289,0.057527
ACGGATGGTGCGGATA-1,0.00005,0.00005,0.00005,0.002172,0.373092,0.604825,0.019761
ACGGCACTTGCTTGGG-1,0.000149,0.0302,0.000149,0.781984,0.178973,0.008395,0.000149
ACGGCGACGATGGGAA-1,0.000074,0.000074,0.000074,0.231573,0.115598,0.621615,0.030992
ACGGCGGGTTGCCCTG-1,0.00007,0.049451,0.023735,0.120114,0.106371,0.470041,0.230217
ACGGCTGGATGTAGAA-1,0.000148,0.000148,0.000148,0.000593,0.225727,0.265089,0.508146
ACGGGAGTGTCGGCCC-1,0.000069,0.000069,0.190048,0.187567,0.168809,0.453312,0.000126
ACGGGCGTATGCGACA-1,0.000087,0.028896,0.006598,0.034328,0.000087,0.000087,0.929917
ACGGGTCATGTGACTT-1,0.000105,0.000105,0.000105,0.317692,0.1226,0.559287,0.000105
ACGGTACAGTTCAATG-1,0.000083,0.000083,0.037451,0.273759,0.152959,0.106398,0.429267
ACGGTCACCGAGAACA-1,0.00006,0.009019,0.000085,0.000238,0.120506,0.567099,0.302993
ACGTACAGATTTCTCT-1,0.001124,0.001124,0.001124,0.137887,0.453924,0.403694,0.001124
ACGTACTTTGGCACGG-1,0.000031,0.000031,0.007371,0.153761,0.017487,0.626251,0.195068
ACGTAGATTGCTGATG-1,0.000028,0.022366,0.003242,0.571191,0.017459,0.302434,0.08328
ACGTAGGAGAGTCGCT-1,0.000093,0.000093,0.151459,0.000372,0.084362,0.719518,0.044104
ACGTATTACTCCGATC-1,0.000031,0.075731,0.21568,0.25273,0.034508,0.312824,0.108496
ACGTCTCGTTCCGGGA-1,0.001042,0.001042,0.001042,0.004168,0.10078,0.890885,0.001042
ACGTGCGCCTCGTGCA-1,0.000106,0.000106,0.000106,0.185534,0.000106,0.279517,0.534526
ACGTGGTCGAATGTGC-1,0.000287,0.000287,0.056894,0.207643,0.098227,0.000287,0.636377
ACGTTAATGTCGAAGA-1,0.000041,0.000041,0.000041,0.04598,0.069268,0.773809,0.11082
ACGTTAGATTTGCCCG-1,0.000041,0.058593,0.022815,0.371069,0.011998,0.41437,0.121114
ACGTTATTGGTCACTC-1,0.00004,0.00004,0.014738,0.374303,0.096691,0.378187,0.136002
ACGTTCACTATGCCGC-1,0.000045,0.006021,0.111414,0.105475,0.031225,0.306768,0.439052
ACGTTCCGCGCTCCGT-1,0.000038,0.103525,0.202495,0.120602,0.026777,0.212812,0.333752
ACGTTCGCAATCAATT-1,0.000042,0.003954,0.088661,0.384409,0.010798,0.150987,0.361149
ACGTTCGTTCAGGAAA-1,0.00003,0.003835,0.040737,0.337662,0.195366,0.406172,0.016197
ACGTTCTGTACAAGTC-1,0.000052,0.010982,0.000052,0.67518,0.019513,0.128889,0.165332
ACGTTTAGTTGTGATC-1,0.000453,0.000453,0.000453,0.00181,0.054599,0.361156,0.581078
ACTAATACGTCAGGCG-1,0.000031,0.028377,0.225519,0.450848,0.001599,0.170723,0.122904
ACTACATCCCGACAAG-1,0.000118,0.124658,0.000118,0.000474,0.23827,0.345196,0.291166
ACTACCAGCTCTCTGG-1,0.000037,0.003476,0.149701,0.393501,0.051031,0.264843,0.137412
ACTACCATCCGAGGGC-1,0.000043,0.005759,0.000043,0.304057,0.034833,0.178702,0.476562
ACTAGTTGCGATCGTC-1,0.000027,0.054586,0.04833,0.581099,0.024159,0.168597,0.123203
ACTATATGCTGTGTTC-1,0.00004,0.00004,0.008944,0.54899,0.00004,0.335077,0.106869
ACTATCCAGGGCATGG-1,0.000059,0.045523,0.01518,0.199003,0.000059,0.187971,0.552204
ACTATCGCCGGCTAAA-1,0.000039,0.002952,0.002538,0.571699,0.244331,0.178402,0.000039
ACTATGTCCAGCTGCC-1,0.000248,0.093536,0.000248,0.000993,0.513673,0.318938,0.072364
ACTATTCGTCCGTGGT-1,0.000189,0.000189,0.047759,0.000755,0.852796,0.000189,0.098124
ACTATTTCCGGGCCCA-1,0.000041,0.000041,0.000041,0.29635,0.091557,0.560387,0.051583
ACTCAACGAATGTATT-1,0.000075,0.03995,0.048318,0.136694,0.075158,0.15836,0.541445
ACTCAAGTGCAAGGCT-1,0.00004,0.00004,0.00004,0.964211,0.00004,0.028524,0.007105
ACTCAATAAAGGCACG-1,0.000071,0.000071,0.000071,0.088734,0.670355,0.240626,0.000071
ACTCAGACCTGCTTCT-1,0.000033,0.006851,0.020714,0.576062,0.012657,0.338062,0.045621
ACTCATGGCAGCCTTC-1,0.000368,0.000368,0.000368,0.109563,0.000368,0.536694,0.352272
ACTCCAATATCATCAT-1,0.00012,0.011747,0.000121,0.168857,0.000121,0.800869,0.018165
ACTCCCATTCCTAAAG-1,0.000206,0.000206,0.000206,0.000825,0.658242,0.285575,0.05474
ACTCCCGAATTCGTTT-1,0.000025,0.029337,0.044027,0.216045,0.635501,0.069054,0.006012
ACTCCCTAATGCTAAA-1,0.000059,0.000059,0.000059,0.000235,0.298184,0.105728,0.595676
ACTCCCTAGAATAGTA-1,0.00008,0.00008,0.00008,0.02086,0.008056,0.776274,0.194569
ACTCCGGCCGACCACT-1,0.000495,0.000495,0.000495,0.001981,0.000495,0.473057,0.522981
ACTCGATGTATTTCAT-1,0.000013,0.000013,0.009477,0.78653,0.069522,0.125463,0.008984
ACTCGTAACCCGTCCT-1,0.000079,0.033558,0.040968,0.200287,0.000079,0.606416,0.118612
ACTCGTCAGTAATCCC-1,0.000042,0.088941,0.000042,0.292563,0.003031,0.606838,0.008543
ACTCTAAACCTGGGAT-1,0.000008,0.000008,0.000008,0.894878,0.046866,0.025216,0.033014
ACTCTCTGACTTAGGT-1,0.00003,0.00003,0.017363,0.49704,0.056493,0.412774,0.01627
ACTCTCTTATACACGA-1,0.000042,0.031071,0.303787,0.139853,0.02394,0.245384,0.255923
ACTCTGACCTAATAGA-1,0.000053,0.000053,0.000053,0.160905,0.034953,0.703397,0.100586
ACTCTTGTATAGTAAC-1,0.000061,0.000061,0.000061,0.000244,0.051153,0.858436,0.089985
ACTGAAACGCCGTTAG-1,0.00005,0.00354,0.014054,0.338094,0.047454,0.569808,0.026999
ACTGAATGGCGAAAGT-1,0.000104,0.000104,0.000104,0.29648,0.000104,0.670815,0.03229
ACTGATTTAGTGATTC-1,0.000121,0.039356,0.000121,0.50722,0.000121,0.338364,0.114697
ACTGCCCGCCATTCTC-1,0.000083,0.000083,0.009686,0.181022,0.000083,0.56829,0.240753
ACTGCCGTCGTAACTC-1,0.000225,0.000225,0.000225,0.000899,0.997977,0.000225,0.000225
ACTGCTCGGAAGGATG-1,0.000131,0.000131,0.000131,0.000524,0.349035,0.268806,0.381243
ACTGTACGATACACAT-1,0.000092,0.000092,0.000092,0.000367,0.000092,0.791529,0.207738
ACTGTAGCACTTTGGA-1,0.000054,0.000054,0.000054,0.456061,0.005482,0.482748,0.055546
ACTGTATACGCGAGCA-1,0.000014,0.007011,0.000942,0.922232,0.000014,0.047904,0.021883
ACTGTCCAGGATTATA-1,0.000046,0.021032,0.000046,0.377876,0.00593,0.08163,0.513439
ACTGTCTTCTTTAGAA-1,0.000095,0.000095,0.000095,0.00038,0.000095,0.999146,0.000095
ACTGTGCTAGTAGATC-1,0.000107,0.000107,0.041409,0.000429,0.501244,0.454797,0.001907
ACTTACCGGGCGCGCA-1,0.000045,0.076381,0.056341,0.047238,0.000045,0.664373,0.155577
ACTTACGCATCCACGC-1,0.000021,0.004444,0.064334,0.824033,0.087313,0.000021,0.019836
ACTTAGTACGACAAGA-1,0.000071,0.000071,0.017249,0.059966,0.210974,0.626623,0.085046
ACTTATACTTACCCGG-1,0.000039,0.076354,0.015184,0.233754,0.000039,0.631907,0.042724
ACTTATTAGGATCGGT-1,0.00011,0.052821,0.106809,0.098008,0.101182,0.598536,0.042534
ACTTATTTATGTGCCA-1,0.000009,0.000009,0.000422,0.970012,0.004045,0.025494,0.000009
ACTTCAGGCTGATCCC-1,0.00013,0.00013,0.03067,0.169732,0.227274,0.571936,0.00013
ACTTCCATGCGGGACA-1,0.000146,0.071305,0.083055,0.284741,0.128186,0.409088,0.023477
ACTTCGCCATACGCAC-1,0.000054,0.000054,0.000054,0.409895,0.008609,0.443333,0.138
ACTTGACTCCCTCTTT-1,0.000033,0.000033,0.000033,0.301018,0.231042,0.454898,0.012943
ACTTGGGACCCGGTGG-1,0.000051,0.000051,0.000051,0.089537,0.000051,0.768602,0.141656
ACTTGTAGTCCCTTCA-1,0.000124,0.000124,0.000124,0.000495,0.385217,0.225471,0.388446
ACTTTACCCTCATGAA-1,0.000024,0.000986,0.137591,0.597199,0.067994,0.110999,0.085206
ACTTTCCTATAGCTTC-1,0.000052,0.000052,0.000052,0.000207,0.000052,0.944417,0.055168
ACTTTGACTGCATCCT-1,0.00013,0.049861,0.00013,0.000521,0.337033,0.192085,0.420239
ACTTTGGTCGTGCTCC-1,0.00012,0.1018,0.018901,0.046988,0.278524,0.292464,0.261202
AGAACCCTCAATTGGG-1,0.000042,0.000952,0.155104,0.620058,0.112763,0.003812,0.107269
AGAACGTGGTACATTC-1,0.000087,0.000087,0.014241,0.000349,0.168911,0.645518,0.170807
AGAAGAGCGCCGTTCC-1,0.000513,0.000513,0.000513,0.002052,0.083155,0.912741,0.000513
AGAAGGTACACTTCAC-1,0.0001,0.0001,0.001109,0.000399,0.635782,0.175416,0.187094
AGAAGGTTGCCGAATT-1,0.000036,0.000036,0.048791,0.138864,0.000036,0.778167,0.034069
AGAAGGTTGTAGGTCG-1,0.000023,0.000023,0.000023,0.933374,0.040189,0.026347,0.000023
AGAAGTGATTCGTGAT-1,0.000015,0.000015,0.000015,0.999908,0.000015,0.000015,0.000015
AGAATAAATCTTCAGG-1,0.000042,0.000042,0.000042,0.345758,0.178379,0.145126,0.330611
AGAATGCGGGTTCGGA-1,0.000038,0.039673,0.077509,0.273591,0.015852,0.411293,0.182045
AGAATTATGGATTCGA-1,0.00003,0.02733,0.098237,0.223794,0.062201,0.446368,0.14204
AGAATTGTTTGACATA-1,0.000018,0.000018,0.000018,0.840478,0.007776,0.004797,0.146896
AGACAGCTCAGAATCC-1,0.000029,0.009835,0.002644,0.40676,0.107693,0.301354,0.171686
AGACATAGATCCTTCC-1,0.000026,0.000384,0.190673,0.582763,0.062109,0.151145,0.0129
AGACCAAACCACACCT-1,0.000098,0.000098,0.036663,0.000394,0.755048,0.000098,0.2076
AGACCATGGGATACAA-1,0.000036,0.068018,0.005657,0.055659,0.00789,0.822271,0.040469
AGACCCACCGCTGATC-1,0.001031,0.126785,0.001031,0.366746,0.502345,0.001031,0.001031
AGACCCGCCCTCCTCG-1,0.00004,0.00004,0.052737,0.263252,0.00004,0.384516,0.299376
AGACCGGGAAACCCTG-1,0.00009,0.093665,0.021435,0.075627,0.11144,0.619532,0.07821
AGACGAAGTGCCGGTC-1,0.000007,0.000007,0.000007,0.881596,0.000436,0.117942,0.000007
AGACGACGATGCCGCT-1,0.000024,0.00053,0.000024,0.594497,0.000024,0.312869,0.092032
AGACGGGATTGGTATA-1,0.000141,0.000141,0.000141,0.292286,0.148932,0.364469,0.19389
AGACGGGCCGATTTAA-1,0.000042,0.061291,0.550296,0.000166,0.084174,0.102175,0.201856
AGACTAGCCTTCCAGA-1,0.000044,0.000044,0.000044,0.000176,0.000044,0.902361,0.097286
AGACTGTTACCGGGTC-1,0.000067,0.033964,0.105323,0.26223,0.063877,0.524267,0.010272
AGAGAAACACCAGAAA-1,0.000047,0.015525,0.154135,0.040543,0.003415,0.583072,0.203263
AGAGAACCGTCTAGGA-1,0.000024,0.007436,0.032639,0.646324,0.000024,0.29944,0.014112
AGAGAAGGAGTACAAT-1,0.000082,0.000082,0.05262,0.215822,0.006907,0.621772,0.102714
AGAGATCTCTAAAGCG-1,0.000034,0.022699,0.027522,0.781172,0.168505,0.000034,0.000034
AGAGCAGTTATGAGAC-1,0.000144,0.000144,0.000144,0.045491,0.407506,0.505566,0.041005
AGAGCGGGCTAATCAT-1,0.000174,0.000174,0.000174,0.430353,0.000174,0.327684,0.241266
AGAGCGTACAAGCTCG-1,0.000306,0.000306,0.000306,0.001224,0.108561,0.698945,0.190353
AGAGCTACGAAAGCAT-1,0.00011,0.00011,0.008903,0.090686,0.195751,0.572432,0.132009
AGAGGCTTCGGAAACC-1,0.000016,0.001115,0.088847,0.647368,0.009555,0.20993,0.043169
AGAGTAAACTTCACTA-1,0.000046,0.000046,0.006818,0.362979,0.000046,0.000046,0.63002
AGAGTTAGAGACCGAT-1,0.000036,0.071917,0.074406,0.329199,0.210293,0.171351,0.142798
AGATAACTTCAGGGCC-1,0.000018,0.062587,0.106528,0.23407,0.123504,0.464881,0.008413
AGATACCGGTGTTCAC-1,0.000038,0.043306,0.014941,0.400228,0.038067,0.470567,0.032852
AGATACGACTTCATAT-1,0.000031,0.000031,0.084589,0.508224,0.000232,0.302923,0.10397
AGATACTCAAGATCGA-1,0.000024,0.000024,0.000024,0.812075,0.005945,0.181885,0.000024
AGATATAATACGACTA-1,0.000275,0.050737,0.000275,0.001099,0.397652,0.146673,0.403289
AGATCGTGCATAAGAT-1,0.000027,0.000027,0.000027,0.256267,0.000027,0.673555,0.07007
AGATCTCAGGTGTGAT-1,0.000058,0.000058,0.000058,0.025157,0.084677,0.803364,0.086629
AGATGACTCGCCCACG-1,0.000279,0.05339,0.00028,0.557959,0.387532,0.000279,0.000279
