Barcode,Topic 1,Topic 2,Topic 3,Topic 4to7
AAACAAGTATCTCCCA-1,0.49367,0.001792,0.001786,0.502753
AAACAATCTACTAGCA-1,0.000213,0.000213,0.000212,0.999361
AAACACCAATAACTGC-1,0.178851,0.000346,0.000344,0.820459
AAACAGAGCGACTCCT-1,0.156628,0.000414,0.000413,0.842545
AAACAGCTTTCAGAAG-1,0.971933,0.000409,0.000407,0.027251
AAACAGGGTCTATATT-1,0.785773,0.186675,0.005495,0.022058
AAACATGGTGAGAGGA-1,0.785001,0.03578,0.035715,0.143504
AAACATTTCCCGGATT-1,0.134043,0.001003,0.000999,0.863955
AAACCCGAACGAAATC-1,0.312464,0.000184,0.000184,0.687167
AAACCGGGTAGGTACC-1,0.959054,0.006829,0.006803,0.027314
AAACCTAAGCAGCCGG-1,0.962617,0.006237,0.006211,0.024934
AAACCTCATGAAGTTG-1,0.754869,0.003122,0.003106,0.238904
AAACGAAGATGGAGTA-1,0.988524,0.001913,0.001905,0.007658
AAACGAGACGGTTGAT-1,0.53654,0.001176,0.001171,0.461113
AAACGGGCGTACGGGT-1,0.607048,0.002988,0.002976,0.386988
AAACGTGTTCGCCCTA-1,0.108866,0.000264,0.000263,0.890606
AAACTAACGTGGCGAC-1,0.035991,0.000213,0.000212,0.963584
AAACTCGGTTCGCAAT-1,0.754346,0.000697,0.000693,0.244264
AAACTCGTGATATAAG-1,0.374301,0.000374,0.000372,0.624953
AAACTGCTGGCTCCAA-1,0.949819,0.000136,0.000136,0.049909
AAACTTAATTGCACGC-1,0.735704,0.236727,0.005495,0.022074
AAACTTGCAAACGTAT-1,0.98435,0.002614,0.002597,0.010438
AAAGAATGACCTTAGA-1,0.915066,0.004358,0.004329,0.076247
AAAGACTGGGCGCTTT-1,0.798495,0.187977,0.002695,0.010832
AAAGCTTGCCTACATA-1,0.26264,0.041068,0.000235,0.696057
AAAGGCCCTATAATAC-1,0.779588,0.003586,0.003571,0.213255
AAAGGGCAGCTTGAAT-1,0.728685,0.001687,0.001681,0.267947
AAAGGTAAGCTGTACC-1,0.180247,0.030137,0.000189,0.789427
AAAGTAGCATTGCTCA-1,0.530972,0.007157,0.007143,0.454728
AAAGTCGACCCTCAGT-1,0.989513,0.001748,0.001742,0.006997
AAAGTGTGATTTATCT-1,0.921903,0.073929,0.000831,0.003338
AAAGTTGACTCCCGTA-1,0.821628,0.000618,0.000616,0.177138
AAATAACCATACGGGA-1,0.220908,0.000362,0.000361,0.778369
AAATAAGGTAGTGCCC-1,0.600403,0.000487,0.000484,0.398626
AAATACCTATAAGCAT-1,0.940661,0.033943,0.000428,0.024968
AAATAGCTTAGACTTT-1,0.475454,0.000284,0.000283,0.523979
AAATAGGGTGCTATTG-1,0.885617,0.039218,0.000556,0.074609
AAATCCGATACACGCC-1,0.982791,0.002865,0.002857,0.011487
AAATCGCGGAAGGAGT-1,0.792161,0.003774,0.003759,0.200306
AAATCTAGCCCTGCTA-1,0.647842,0.003878,0.003861,0.344419
AAATCTGCCCGCGTCC-1,0.883415,0.00163,0.001623,0.113332
AAATGACTGATCAAAC-1,0.997531,0.000412,0.000411,0.001647
AAATGATTCGATCAGC-1,0.056867,0.000198,0.000198,0.942737
AAATGCTCGTTACGTT-1,0.466032,0.000632,0.000629,0.532706
AAATGGCCCGTGCCCT-1,0.020547,0.020466,0.020409,0.938578
AAATTAATAAGCGCGA-1,0.928265,0.011941,0.011905,0.047889
AAATTACACGACTCTG-1,0.250303,0.000364,0.000363,0.74897
AAATTACCTATCGATG-1,0.717568,0.001086,0.001082,0.280264
AAATTCCAGGTCCAAA-1,0.198081,0.000212,0.000211,0.801495
AAATTGATAGTCCTTT-1,0.570432,0.002352,0.002342,0.424874
AAATTGGTGAGAAGCA-1,0.21348,0.000226,0.000225,0.786069
AAATTTGCGGGTGTGG-1,0.890789,0.075046,0.006803,0.027362
AACAACTGGTAGTTGC-1,0.783396,0.001111,0.001107,0.214386
AACAATTACTCTACGC-1,0.983128,0.002813,0.002801,0.011258
AACACACGCTCGCCGC-1,0.809289,0.000829,0.000826,0.189056
AACACGAGACGCGGCC-1,0.499683,0.001729,0.001721,0.496867
AACACGCGGCCGCGAA-1,0.135964,0.07774,0.000159,0.786137
AACAGCTGTGTGGCAA-1,0.835468,0.001012,0.001006,0.162515
AACAGGATGGGCCGCG-1,0.571923,0.086465,0.000605,0.341006
AACAGGTAGTATGGAT-1,0.791745,0.000332,0.00033,0.207594
AACATATCAACTGGTG-1,0.428333,0.000646,0.000644,0.570377
AACATCGATACGTCTA-1,0.27793,0.000295,0.000294,0.721481
AACCAAGACTTCTCTG-1,0.934111,0.05487,0.002198,0.008822
AACCATAGGGTTGAAC-1,0.85681,0.023812,0.02381,0.095568
AACCATGGGATCGCTA-1,0.643988,0.000956,0.000952,0.354104
AACCCAGAGACGGAGA-1,0.475931,0.000143,0.000142,0.523784
AACCCATCCCATGATC-1,0.892535,0.017898,0.017857,0.07171
AACCCGAGCAGAATCG-1,0.443834,0.001526,0.00152,0.55312
AACCCGCTGTATTCCA-1,0.989955,0.008394,0.000329,0.001321
AACCCTACTGTCAATA-1,0.498693,0.00043,0.000428,0.50045
AACCGAGCTTGGTCAT-1,0.25426,0.00016,0.000159,0.745422
AACCGCTAAGGGATGC-1,0.88604,0.000811,0.000807,0.112343
AACCTCGCTTTAGCCC-1,0.928377,0.011915,0.011905,0.047803
AACCTGTCACGGAATT-1,0.627429,0.000554,0.000552,0.371465
AACCTTTAAATACGGT-1,0.59057,0.000585,0.000583,0.408262
AACCTTTACGACGTCT-1,0.153846,0.023557,0.000363,0.822235
AACGAAAGTCGTCCCA-1,0.756043,0.004096,0.004082,0.235779
AACGATAATGCCGTAG-1,0.849012,0.000421,0.000419,0.150149
AACGATATGTCAACTG-1,0.498259,0.004338,0.004329,0.493073
AACGCATGATCTGGGT-1,0.518667,0.000547,0.000545,0.480241
AACGCGAACGGCAACA-1,0.04681,0.619714,0.0001,0.333376
AACGCTGTTGCTGAAA-1,0.891076,0.000901,0.000898,0.107124
AACGGACGTACGTATA-1,0.555692,0.000478,0.000476,0.443354
AACGGCCATCTCCGGT-1,0.717984,0.00133,0.001323,0.279363
AACGTAGTCTACCCAT-1,0.094819,0.175383,0.000225,0.729573
AACGTCAGACTAGTGG-1,0.998019,0.00033,0.000329,0.001322
AACGTGCGAAAGTCTC-1,0.500197,0.054096,0.000999,0.444708
AACGTTATCAGCACCT-1,0.904545,0.015886,0.015873,0.063696
AACTACCCGTTTGTCA-1,0.769542,0.000493,0.000491,0.229475
AACTCCAGAGCGTGTT-1,0.302135,0.007169,0.007143,0.683553
AACTCCTAATCCCATG-1,0.45653,0.000426,0.000424,0.542621
AACTCGATGGCGCAGT-1,0.316418,0.019119,0.000486,0.663977
AACTCTCAATAGAGCG-1,0.513389,0.00065,0.000646,0.485315
AACTGAGGTCAGCGTC-1,0.147205,0.000242,0.000241,0.852313
AACTTCTGCGTCTATC-1,0.673994,0.127103,0.002165,0.196738
AACTTGCCCGTATGCA-1,0.689764,0.001351,0.001348,0.307537
AACTTGCGTTCTCGCG-1,0.236137,0.000509,0.000507,0.762848
AACTTTACGGGAGCTT-1,0.570953,0.071454,0.071429,0.286165
AACTTTCTCGATCATG-1,0.10207,0.000194,0.000194,0.897542
AAGAAATCACCAGATT-1,0.000072,0.02585,0.000072,0.974006
AAGAAGGATCAGTTAG-1,0.283011,0.000293,0.000292,0.716404
AAGACCAAATAACTCA-1,0.946243,0.008957,0.008929,0.035871
AAGACTAACCCGTTGT-1,0.389259,0.145665,0.000491,0.464586
AAGACTGCAAGCTACT-1,0.731427,0.109744,0.001013,0.157816
AAGAGATGAATCGGTA-1,0.960959,0.00651,0.006494,0.026037
AAGAGCTCTTTATCGG-1,0.578481,0.000839,0.000835,0.419844
AAGAGGATGTACGCGA-1,0.990647,0.001558,0.001553,0.006243
AAGAGGCATGGATCGC-1,0.523365,0.026302,0.000661,0.449672
AAGAGGCCCTTTGGAA-1,0.356238,0.004102,0.004082,0.635579
AAGATTGGCGGAACGT-1,0.37569,0.000779,0.000776,0.622754
AAGCACCCTGCGTATC-1,0.467107,0.003585,0.003572,0.525736
AAGCATACTCTCCTGA-1,0.674649,0.000395,0.000394,0.324562
AAGCCGAAGCGGTTTA-1,0.550097,0.056589,0.001074,0.39224
AAGCCGCCGTGAAATC-1,0.877164,0.020448,0.020408,0.08198
AAGCCGCTTTACCTTG-1,0.000097,0.000097,0.000096,0.99971
AAGCGCAGGGCTTTGA-1,0.788626,0.001447,0.001443,0.208484
AAGCGGCGTCATGGGT-1,0.13838,0.0004,0.000398,0.860822
AAGCTAGATCGAGTAA-1,0.802441,0.072442,0.000595,0.124522
AAGCTCGTGCCAAGTC-1,0.874087,0.117273,0.001721,0.006918
AAGCTCTTTCATGGTG-1,0.850513,0.000995,0.000992,0.147499
AAGGATCGATCGCTTG-1,0.686241,0.000474,0.000471,0.312814
AAGGATGAGGGACCTC-1,0.836017,0.001094,0.001091,0.161798
AAGGCAGGCTGTCTCC-1,0.689226,0.00038,0.000378,0.310016
AAGGCGCGTAAAGCTT-1,0.992715,0.001214,0.001211,0.00486
AAGGGAACGACTGGCT-1,0.76533,0.004956,0.004926,0.224788
AAGGGACAGATTCTGT-1,0.93348,0.00167,0.001661,0.063188
AAGGGACTATGCATTC-1,0.883782,0.004771,0.004762,0.106685
AAGGGTTTGATTTCAG-1,0.685445,0.023887,0.02381,0.266858
AAGGTATCCTAATATA-1,0.323595,0.000576,0.000574,0.675254
AAGGTGATAAACCAGC-1,0.804174,0.000811,0.000807,0.194209
AAGTAAGCTTCCAAAC-1,0.181257,0.290655,0.000252,0.527836
AAGTAGTGACGCGAGG-1,0.453956,0.001011,0.001006,0.544027
AAGTCAATTGTCGTCA-1,0.62572,0.13974,0.000535,0.234006
AAGTCTAGTAGCTGCC-1,0.018759,0.000129,0.000128,0.980984
AAGTCTTCTGTGGCCT-1,0.831548,0.019473,0.000866,0.148113
AAGTGACGACCGAATT-1,0.910876,0.001393,0.001387,0.086344
AAGTGCAAAGGTAGAC-1,0.693798,0.001865,0.001855,0.302482
AAGTGCCTTGACTGTA-1,0.926451,0.000605,0.000603,0.072341
AAGTGCGTTAGAATCT-1,0.942687,0.009553,0.009524,0.038236
AAGTGTTTGGAGACGG-1,0.80162,0.002469,0.002463,0.193448
AAGTTCACTCCAAGCT-1,0.923517,0.000607,0.000605,0.075271
AAGTTCAGTCTGCGTA-1,0.41204,0.000593,0.00059,0.586777
AAGTTCGGCCAACAGG-1,0.820564,0.008437,0.008404,0.162596
AAGTTTATGGGCCCAA-1,0.968142,0.005313,0.005291,0.021254
AATAACAACGCTCGGC-1,0.912127,0.000897,0.000893,0.086083
AATAACACTAGAACAA-1,0.856484,0.001246,0.001242,0.141028
AATACAATGTTTCAGG-1,0.753685,0.002927,0.002916,0.240473
AATAGAATCTGTTTCA-1,0.213258,0.003049,0.00304,0.780654
AATAGCAAGCCTCCTG-1,0.000107,0.013631,0.000107,0.986154
AATAGCTACCGCGTGC-1,0.12753,0.00029,0.000289,0.871892
AATAGTCGCGAGTCGG-1,0.761005,0.00623,0.006211,0.226553
AATATCCTAGCAAACT-1,0.775527,0.000792,0.000789,0.222892
AATATCGAATCAATGC-1,0.698245,0.000482,0.000479,0.300794
AATATCGAGGGTTCTC-1,0.582168,0.001815,0.001808,0.414209
AATATTGGAGTATTGA-1,0.982087,0.002989,0.002976,0.011948
AATCATGTAAAGACTC-1,0.529156,0.001961,0.001957,0.466926
AATCCATGCAAGGGTG-1,0.151723,0.249876,0.000225,0.598176
AATCGCCTCAGCGCCA-1,0.594681,0.000724,0.000722,0.403873
AATCGCGCAGAGGACT-1,0.606545,0.037403,0.000434,0.355618
AATCGTGAGCCGAGCA-1,0.966921,0.005543,0.005495,0.022041
AATCTAGGTTTACTTG-1,0.960847,0.006523,0.006494,0.026136
AATCTATGCCGGAGCC-1,0.519682,0.060767,0.000687,0.418863
AATCTCTACTGTGGTT-1,0.991808,0.001366,0.001361,0.005465
AATCTGCGTTGGGACG-1,0.691177,0.002707,0.002695,0.30342
AATCTGGCTTTCTAGT-1,0.466649,0.007186,0.007143,0.519022
AATGACAGCAATGTCT-1,0.914134,0.0143,0.014286,0.057281
AATGACGTAGGATGTC-1,0.789907,0.000829,0.000826,0.208438
AATGAGTTCGCATATG-1,0.205803,0.000379,0.000377,0.793441
AATGATGATACGCTAT-1,0.379094,0.00108,0.001074,0.618751
AATGATGCGACTCCTG-1,0.785695,0.001004,0.000999,0.212302
AATGCACCAAGCAATG-1,0.473804,0.000748,0.000744,0.524703
AATGGTCCACCGTTCA-1,0.977363,0.003772,0.003759,0.015106
AATGGTTCTCACAAGC-1,0.9821,0.002982,0.002976,0.011942
AATGTATGGCACTGTA-1,0.857022,0.023814,0.02381,0.095354
AATGTGCCCGAGGTGT-1,0.892561,0.017874,0.017857,0.071708
AATTAACGGATTTCCA-1,0.778057,0.000512,0.00051,0.22092
AATTACGAGACCCATC-1,0.988373,0.001941,0.001931,0.007756
AATTACTCGTACGCTC-1,0.010033,0.212687,0.00024,0.77704
AATTAGCGCTGCAGCG-1,0.804956,0.000305,0.000303,0.194436
AATTCATAAGGGATCT-1,0.101299,0.000296,0.000295,0.898111
AATTCATTGTCATGCA-1,0.952147,0.007995,0.007937,0.031922
AATTCGATTCGAGGAT-1,0.75821,0.001463,0.001458,0.238869
AATTCTAGAGTTAGGC-1,0.997296,0.000451,0.000449,0.001805
AATTGAACGCTCTGGT-1,0.900544,0.001709,0.001701,0.096046
AATTGCAGCAATCGAC-1,0.71837,0.000713,0.000711,0.280206
AATTGCGTGGATTACA-1,0.956984,0.007168,0.007143,0.028705
AATTTGGGACATAGTA-1,0.343083,0.000497,0.000494,0.655925
ACAAACCATGCGTCCT-1,0.785522,0.035723,0.035714,0.14304
ACAAAGAAGGTAGGCC-1,0.714016,0.047631,0.047619,0.190734
ACAAAGCATGACCTAG-1,0.774653,0.011003,0.010989,0.203355
ACAAATCGCACCGAAT-1,0.946195,0.000744,0.00074,0.052321
ACAAATGGTAGTGTTT-1,0.891166,0.000797,0.000794,0.107244
ACAAATTCAGATCTGA-1,0.000206,0.093912,0.000205,0.905677
ACAACAGCATGAGCTA-1,0.580986,0.000988,0.000985,0.41704
ACAACGGTCCCTGCGA-1,0.600444,0.000744,0.00074,0.398071
ACAAGCAGTGCCTAGC-1,0.841709,0.018794,0.001414,0.138082
ACAAGGAAATCCGCCC-1,0.764488,0.037071,0.000674,0.197767
ACAAGGACAAGAGGTT-1,0.807012,0.000569,0.000567,0.191851
ACAAGGATGCTTTAGG-1,0.877501,0.088386,0.006803,0.02731
ACAAGGGCAGGCTCTG-1,0.412129,0.000505,0.000503,0.586863
ACAATAGTCGTACGTT-1,0.638344,0.001542,0.001536,0.358578
ACAATCCATTTAAACC-1,0.992704,0.001219,0.001211,0.004867
ACAATGAATACGGAGA-1,0.55459,0.00574,0.005714,0.433956
ACAATGATTCTTCTAC-1,0.067855,0.035645,0.000203,0.896297
ACAATTGTGTCTCTTT-1,0.825589,0.000956,0.000952,0.172503
ACAATTTAGGAGGCTC-1,0.901872,0.001179,0.001171,0.095778
ACAATTTGAGCAGTGG-1,0.705035,0.00145,0.001443,0.292071
ACAATTTGGCCATATT-1,0.670389,0.000469,0.000467,0.328675
ACACAAATATTCCTAG-1,0.130436,0.000403,0.000401,0.868759
ACACACCAGGACCAGT-1,0.855228,0.001185,0.001181,0.142406
ACACATGATCAAATCT-1,0.731365,0.002562,0.002551,0.263522
ACACATTGACGCAACA-1,0.036108,0.163104,0.000235,0.800552
ACACATTTCCGTAGAC-1,0.660755,0.010231,0.010204,0.31881
ACACCACATAATTAGC-1,0.446074,0.000295,0.000293,0.553338
ACACCCGAGAAATCCG-1,0.754097,0.000567,0.000565,0.244771
ACACCGAGCGCTCTTT-1,0.30757,0.00101,0.001006,0.690414
ACACCGGTCTGACCGC-1,0.543701,0.142089,0.02381,0.2904
ACACCTTAAGTAGGGC-1,0.603158,0.001148,0.001143,0.394552
ACACCTTACTACTTGC-1,0.443271,0.015361,0.000379,0.540988
ACACGAGACTCCTTCT-1,0.828227,0.028652,0.028572,0.114549
ACACGGGAACTTAGGG-1,0.216923,0.004107,0.004082,0.774889
ACACGTAGGCCACAAG-1,0.377423,0.000854,0.00085,0.620873
ACACTCCAATGTCACT-1,0.743812,0.001817,0.001808,0.252563
ACAGAACTGAGAACAA-1,0.968171,0.005303,0.005291,0.021235
ACAGCGACATTCTCAT-1,0.9642,0.005958,0.005952,0.023889
ACAGGCTTGCCCGACT-1,0.447217,0.000634,0.000632,0.551517
ACAGTAATACAACTTG-1,0.582233,0.000989,0.000985,0.415793
ACAGTATACCGTGGGA-1,0.193979,0.000258,0.000257,0.805506
ACATAAGTCGTGGTGA-1,0.904626,0.015876,0.015873,0.063626
ACATCAGCTGGGACGC-1,0.789969,0.000798,0.000794,0.208439
ACATCCTGGTAACTGT-1,0.739813,0.000443,0.000441,0.259304
ACATCGGTCAGCCGCG-1,0.863442,0.001292,0.001287,0.133979
ACATCGTATGCAATGG-1,0.874656,0.115519,0.001957,0.007867
ACATGGCGCCAAAGTA-1,0.665201,0.000341,0.000339,0.334119
ACATGGCTCAATTTAG-1,0.000269,0.193481,0.000268,0.805983
ACCAAACACCCAGCGA-1,0.247272,0.000224,0.000223,0.752281
ACCAACACCACACACT-1,0.06087,0.000203,0.000202,0.938725
ACCAACCGCACTCCAC-1,0.828444,0.00071,0.000707,0.170139
ACCAATATGCAAGTTA-1,0.528855,0.000626,0.000624,0.469894
ACCACCAATGTAACAA-1,0.76708,0.017081,0.00032,0.215519
ACCACCCTCTCTTCTA-1,0.029288,0.002144,0.000204,0.968365
ACCACGTGCAGCTATA-1,0.937468,0.001728,0.001721,0.059082
ACCACTGTTCAAGAAG-1,0.000102,0.291266,0.000102,0.70853
ACCAGACCATAACAAC-1,0.491489,0.003336,0.003322,0.501853
ACCAGTGCCCGGTCAA-1,0.230681,0.000339,0.000337,0.768644
ACCAGTGCGGGAGACG-1,0.684414,0.001366,0.001361,0.31286
ACCATCCGCCAACTAG-1,0.894133,0.001861,0.001855,0.10215
ACCATCGTATATGGTA-1,0.888476,0.00175,0.001742,0.108032
ACCCAACGCCCGTGGC-1,0.759069,0.002812,0.002801,0.235318
ACCCACCTACATGCTC-1,0.897902,0.086854,0.00304,0.012204
ACCCATCTTGAGGGTA-1,0.99131,0.001449,0.001443,0.005798
ACCCATTTGTCCCTCT-1,0.00359,0.003587,0.003571,0.989251
ACCCGAGCGAAATTAC-1,0.946738,0.000571,0.000569,0.052121
ACCCGGAAACTCCCAG-1,0.881839,0.002653,0.002646,0.112862
ACCCGGATGACGCATC-1,0.639825,0.000472,0.00047,0.359233
ACCCTATAGGACTGAG-1,0.240641,0.000398,0.000396,0.758566
ACCCTCCCTTGCTATT-1,0.858914,0.030685,0.001152,0.109249
ACCCTGGTAACGCCCT-1,0.114859,0.000161,0.000161,0.88482
ACCCTTGCCTGGGTCG-1,0.000134,0.008943,0.000133,0.99079
ACCGAAGAGTCTGGTT-1,0.828421,0.028577,0.028571,0.11443
ACCGACACATCTCCCA-1,0.996929,0.000512,0.00051,0.002048
ACCGACTGAGTCCCAC-1,0.225818,0.002867,0.002857,0.768457
ACCGAGTCTCCTTATT-1,0.938489,0.010277,0.010205,0.041029
ACCGATGGTAGCATCG-1,0.722923,0.000976,0.000972,0.275129
ACCGCAATAACTGCCT-1,0.758412,0.002811,0.002801,0.235975
ACCGCGGTGGAAGTCG-1,0.667292,0.000496,0.000494,0.331717
ACCGGGCCTTTGTTGA-1,0.805503,0.000696,0.000693,0.193107
ACCGGTCAGGTACACC-1,0.904657,0.015878,0.015873,0.063592
ACCGTCCACTGGGCCC-1,0.921849,0.01303,0.012987,0.052134
ACCTAAGTACCTTTCA-1,0.002207,0.002206,0.002198,0.993389
ACCTAATCGACTTCCT-1,0.81465,0.001706,0.001701,0.181943
ACCTACAGTATGTGGT-1,0.641521,0.000413,0.000411,0.357656
ACCTCCGCCCTCGCTG-1,0.748973,0.00165,0.001642,0.247735
ACCTCCGTTATTCACC-1,0.549175,0.00078,0.000776,0.449269
ACCTCGAACTTATGCT-1,0.834306,0.008455,0.008404,0.148835
ACCTGCGTGTCATGTT-1,0.418241,0.010253,0.010204,0.561302
ACGAAATGGGCGGCAC-1,0.870288,0.125369,0.000866,0.003477
ACGAGAACCCATCACG-1,0.390157,0.049111,0.000272,0.560461
ACGAGGATACCACTCT-1,0.0041,0.004098,0.004082,0.987721
ACGAGGTTTACAACGT-1,0.56654,0.290245,0.028572,0.114643
ACGAGTACGGATGCCC-1,0.378147,0.001055,0.00105,0.619748
ACGATACATAGAACTA-1,0.488751,0.034154,0.000359,0.476736
ACGATCATCTTGTAAA-1,0.528941,0.139749,0.00039,0.33092
ACGCAATCACTACAGC-1,0.385512,0.000478,0.000476,0.613533
ACGCATACGTTTACTA-1,0.424872,0.004786,0.004762,0.56558
ACGCCACTCGAAACAG-1,0.789218,0.000616,0.000613,0.209553
ACGCCAGATGATTTCT-1,0.212104,0.045563,0.000498,0.741836
ACGCCGCTAGACGACC-1,0.802166,0.000963,0.000959,0.195912
ACGCGCTACACAGGGT-1,0.572706,0.003777,0.003759,0.419758
ACGCGTTTCTTAAGAG-1,0.035851,0.035821,0.035715,0.892613
ACGCTAGTGATACACT-1,0.569607,0.003053,0.00304,0.4243
ACGCTGTGAGGCGTAG-1,0.814096,0.000418,0.000417,0.185069
ACGGAATTTAGCAAAT-1,0.407707,0.000683,0.00068,0.590929
ACGGACTCTCAAAGCG-1,0.972232,0.004637,0.004608,0.018523
ACGGAGCGCAAATTAC-1,0.283683,0.000363,0.000362,0.715592
ACGGATGGTGCGGATA-1,0.443167,0.000308,0.000307,0.556217
ACGGCGACGATGGGAA-1,0.639284,0.036831,0.000593,0.323292
ACGGCGGGTTGCCCTG-1,0.22741,0.317105,0.0002,0.455286
ACGGCTGGATGTAGAA-1,0.828413,0.028575,0.028571,0.114441
ACGGGAGTGTCGGCCC-1,0.913939,0.014388,0.014286,0.057388
ACGGGCGTATGCGACA-1,0.304632,0.000307,0.000306,0.694755
ACGGGTCATGTGACTT-1,0.1876,0.000387,0.000385,0.811628
ACGTAGATTGCTGATG-1,0.735746,0.002814,0.002801,0.258639
ACGTAGGAGAGTCGCT-1,0.807119,0.002928,0.002916,0.187038
ACGTATTACTCCGATC-1,0.778577,0.000516,0.000514,0.220393
ACGTCGGGCAACTCGG-1,0.933738,0.011078,0.010989,0.044195
ACGTCTCGTTCCGGGA-1,0.956963,0.0072,0.007143,0.028694
ACGTGACAAAGTAAGT-1,0.530469,0.028607,0.028572,0.412352
ACGTTAATGTCGAAGA-1,0.800656,0.00083,0.000826,0.197688
ACGTTAGATTTGCCCG-1,0.996714,0.000548,0.000545,0.002193
ACGTTATTGGTCACTC-1,0.415144,0.000536,0.000533,0.583787
ACGTTCGCAATCAATT-1,0.514892,0.00071,0.000707,0.483691
ACGTTCTGTACAAGTC-1,0.912427,0.001196,0.001191,0.085186
ACTAATACGTCAGGCG-1,0.150974,0.063638,0.000243,0.785145
ACTACATCCCGACAAG-1,0.928264,0.011928,0.011905,0.047903
ACTACCAGCTCTCTGG-1,0.773872,0.001017,0.001013,0.224097
ACTAGTTGCGATCGTC-1,0.451074,0.000932,0.000928,0.547066
ACTATATGCTGTGTTC-1,0.258728,0.000914,0.00091,0.739448
ACTATCCAGGGCATGG-1,0.5568,0.000466,0.000464,0.44227
ACTATCTGCCCGCGTA-1,0.807975,0.000486,0.000484,0.191055
ACTATGTCCAGCTGCC-1,0.938621,0.010216,0.010204,0.040959
ACTATTCGTCCGTGGT-1,0.158065,0.179918,0.000362,0.661655
ACTCAACGAATGTATT-1,0.087777,0.029243,0.000163,0.882817
ACTCAAGTGCAAGGCT-1,0.708407,0.007536,0.007519,0.276538
ACTCAATAAAGGCACG-1,0.442086,0.002113,0.002101,0.553701
ACTCATGGCAGCCTTC-1,0.892768,0.017861,0.017857,0.071514
ACTCCAATATCATCAT-1,0.964352,0.001579,0.00157,0.032499
ACTCCCATTCCTAAAG-1,0.982817,0.002862,0.002857,0.011464
ACTCCCGAATTCGTTT-1,0.618202,0.000921,0.000916,0.379961
ACTCCCGTAGACTAGG-1,0.000223,0.00022,0.000219,0.999338
ACTCCCTAATGCTAAA-1,0.37364,0.000599,0.000598,0.625163
ACTCCCTAGAATAGTA-1,0.910233,0.000677,0.000674,0.088417
ACTCGATGTATTTCAT-1,0.335498,0.000703,0.0007,0.663098
ACTCGTAACCCGTCCT-1,0.962638,0.006222,0.006211,0.024928
ACTCGTCAGTAATCCC-1,0.54793,0.00087,0.000866,0.450335
ACTCTCTGACTTAGGT-1,0.843871,0.000949,0.000946,0.154234
ACTCTTGTATAGTAAC-1,0.383438,0.043228,0.001181,0.572153
ACTGAAACGCCGTTAG-1,0.6363,0.000492,0.000489,0.362719
ACTGAATGGCGAAAGT-1,0.847992,0.001238,0.001232,0.149539
ACTGCGGACACACCGT-1,0.610732,0.024243,0.000496,0.364529
ACTGCTCGGAAGGATG-1,0.008459,0.008438,0.008403,0.974699
ACTGTACGATACACAT-1,0.504678,0.002082,0.00207,0.49117
ACTGTAGCACTTTGGA-1,0.983766,0.000307,0.000305,0.015622
ACTGTATACGCGAGCA-1,0.208914,0.000314,0.000313,0.790459
ACTGTGCTAGTAGATC-1,0.729634,0.000681,0.000677,0.269008
ACTTACCGGGCGCGCA-1,0.19941,0.000372,0.00037,0.799849
ACTTACGCATCCACGC-1,0.362848,0.000743,0.00074,0.635669
ACTTAGTACGACAAGA-1,0.669663,0.000909,0.000904,0.328523
ACTTATACTTACCCGG-1,0.585697,0.001072,0.001066,0.412165
ACTTATTTATGTGCCA-1,0.575967,0.000646,0.000644,0.422743
ACTTCAGGCTGATCCC-1,0.753303,0.002706,0.002695,0.241296
ACTTCCAGTGGAAGCT-1,0.828401,0.028572,0.028572,0.114456
ACTTCCATGCGGGACA-1,0.970351,0.004939,0.004926,0.019784
ACTTCGCCATACGCAC-1,0.632291,0.015954,0.015874,0.335881
ACTTGACTCCCTCTTT-1,0.726846,0.002355,0.002342,0.268458
ACTTGCTCTATCTACC-1,0.785517,0.035719,0.035714,0.14305
ACTTGTAGTCCCTTCA-1,0.995657,0.000724,0.000722,0.002898
ACTTGTGGATGGAACG-1,0.900312,0.000686,0.000684,0.098319
ACTTTACCCTCATGAA-1,0.559748,0.001018,0.001013,0.438221
ACTTTGACTGCATCCT-1,0.849855,0.000637,0.000635,0.148873
ACTTTGGTCGTGCTCC-1,0.985879,0.002355,0.002342,0.009424
AGAAATTATGACTCGC-1,0.782232,0.000289,0.000288,0.217191
AGAACCCAGCGTGACA-1,0.880206,0.000613,0.000611,0.118571
AGAACCCTCAATTGGG-1,0.829319,0.007545,0.007519,0.155617
AGAACGTGGTACATTC-1,0.46634,0.005972,0.005952,0.521736
AGAAGAGCGCCGTTCC-1,0.478628,0.003497,0.003484,0.514391
AGAAGGTACACTTCAC-1,0.614438,0.011945,0.011905,0.361713
AGAAGGTTGTAGGTCG-1,0.964138,0.005999,0.005952,0.02391
AGAAGTGATTCGTGAT-1,0.481729,0.199598,0.011905,0.306768
AGAATAAATCTTCAGG-1,0.84922,0.036272,0.000618,0.113889
AGAATGCGGGTTCGGA-1,0.158507,0.000179,0.000178,0.841137
AGAATTATGGATTCGA-1,0.759474,0.001449,0.001443,0.237635
AGAATTGTTTGACATA-1,0.45423,0.000646,0.000644,0.54448
AGACAGCTCAGAATCC-1,0.789006,0.002314,0.002304,0.206376
AGACCAAACCACACCT-1,0.000216,0.000216,0.000215,0.999353
AGACCATGGGATACAA-1,0.529523,0.059108,0.000959,0.41041
AGACCCACCGCTGATC-1,0.947872,0.000234,0.000233,0.051661
AGACCGCTCCGCGGTT-1,0.994481,0.000922,0.000916,0.003681
AGACCGGGAAACCCTG-1,0.802949,0.000864,0.000861,0.195326
AGACGAAGTGCCGGTC-1,0.980461,0.003257,0.003247,0.013035
AGACGACGATGCCGCT-1,0.955426,0.001594,0.001587,0.041393
AGACGGGCCGATTTAA-1,0.044076,0.00019,0.000189,0.955546
AGAGAACCGTCTAGGA-1,0.641968,0.001495,0.001488,0.355049
AGAGAAGGAGTACAAT-1,0.852248,0.002016,0.002012,0.143723
AGAGATCTCTAAAGCG-1,0.985688,0.002386,0.002381,0.009546
AGAGCAGTTATGAGAC-1,0.772177,0.006529,0.006494,0.214801
AGAGCCGCCGAGATTT-1,0.548711,0.000699,0.000697,0.449893
AGAGCGCTTGTAACGG-1,0.000081,0.000081,0.00008,0.999758
AGAGCGTACAAGCTCG-1,0.773494,0.002869,0.002857,0.22078
AGAGCTACGAAAGCAT-1,0.067065,0.523597,0.000159,0.409179
AGAGGCTTCGGAAACC-1,0.704614,0.000505,0.000503,0.294378
AGAGTAAACTTCACTA-1,0.680741,0.000487,0.000484,0.318288
AGAGTATAGTGTTACG-1,0.284678,0.000328,0.000326,0.714668
AGAGTTAGAGACCGAT-1,0.000247,0.335623,0.000246,0.663885
AGATACCAGCACTTCA-1,0.168587,0.000185,0.000184,0.831044
AGATACCGGTGTTCAC-1,0.892536,0.001365,0.001361,0.104738
AGATACGACTTCATAT-1,0.383233,0.000844,0.00084,0.615083
AGATACTCAAGATCGA-1,0.651694,0.001317,0.001311,0.345678
AGATATAATACGACTA-1,0.970325,0.004938,0.004926,0.01981
AGATCGTGCATAAGAT-1,0.513024,0.000483,0.000481,0.486012
AGATCTCAGGTGTGAT-1,0.949486,0.00841,0.008403,0.0337
AGATGAGGGTTGCGAT-1,0.456016,0.054454,0.000552,0.488979
AGATGATGGAGTCTGG-1,0.617036,0.000624,0.000621,0.381719
AGATGCAAGACGTGCA-1,0.817385,0.006503,0.006494,0.169619
AGATGCATCCTGTGTC-1,0.570912,0.071429,0.071429,0.286231
AGATGCTATAACGAGC-1,0.125209,0.064353,0.000361,0.810078
AGATTCACAACCGATA-1,0.771301,0.126263,0.020409,0.082027
AGCAAAGGCCGCTAGT-1,0.972214,0.000701,0.000697,0.026388
AGCAACATATCTTATT-1,0.727243,0.043985,0.000489,0.228282
AGCAACCGAAAGTAAT-1,0.904414,0.015908,0.015873,0.063805
AGCACTACCGGCCTGT-1,0.981687,0.003048,0.00304,0.012226
AGCACTACCTCACCAG-1,0.795169,0.00081,0.000807,0.203214
AGCACTTAAGGACGCC-1,0.895229,0.001063,0.001058,0.10265
AGCAGAAGGAGAAAGA-1,0.904835,0.086927,0.001642,0.006596
AGCATATCAATATGCT-1,0.631721,0.002392,0.002381,0.363506
AGCATCATTTCGAAAG-1,0.63952,0.017861,0.017857,0.324762
AGCCACAGGTTACCCG-1,0.42383,0.005117,0.005102,0.565951
AGCCACTCCCGTGCTT-1,0.376984,0.000834,0.000831,0.621351
AGCCATATAGTATGTG-1,0.814046,0.005974,0.005952,0.174028
AGCCCATACATGTAAG-1,0.007189,0.007174,0.007143,0.978494
AGCCCGGCATTAGAGG-1,0.983469,0.002752,0.002747,0.011032
AGCCCTGTCGCACCGT-1,0.686366,0.000356,0.000354,0.312923
AGCCCTTCTAATCCGA-1,0.322879,0.00035,0.000348,0.676423
AGCCGCAAATTCAAAT-1,0.826911,0.002176,0.002165,0.168749
AGCCGTGGCTAAATGT-1,0.634106,0.009539,0.009524,0.346831
AGCCTAATACCCACGT-1,0.511,0.007176,0.007143,0.47468
AGCCTTAAAGCGGAAG-1,0.492919,0.002241,0.002232,0.502608
AGCCTTGTCACTGATA-1,0.974678,0.004215,0.004202,0.016905
AGCGACAGGAACGGTC-1,0.811023,0.003183,0.003175,0.18262
AGCGCGGGTGCCAATG-1,0.527582,0.000565,0.000562,0.47129
AGCGCTAGAGCGATGT-1,0.356181,0.000229,0.000228,0.643362
AGCGCTTATGGGCAAG-1,0.041756,0.025988,0.000136,0.93212
AGCGGACACTTCGTAG-1,0.784755,0.036186,0.035715,0.143344
AGCGGCGGTTAGCGGT-1,0.713256,0.003981,0.003968,0.278795
AGCGGGAAGGGTCCAT-1,0.618492,0.014309,0.014286,0.352913
AGCGGGTCTGACACTC-1,0.655092,0.003978,0.003968,0.336961
AGCGGTTGCCGCTCTG-1,0.209604,0.000395,0.000394,0.789607
AGCGTACGAGAGCTAG-1,0.029347,0.223203,0.000169,0.747281
AGCGTCTGAACCCGCA-1,0.219751,0.000298,0.000297,0.779654
AGCGTGGTATTCTACT-1,0.758631,0.001096,0.001091,0.239183
AGCTAAGTACGCAGGC-1,0.469085,0.005516,0.005495,0.519904
AGCTAGAAGCAGAAGT-1,0.452979,0.000696,0.000693,0.545632
AGCTATTTAATCCAAC-1,0.172877,0.0217,0.000396,0.805027
AGCTCCATATATGTTC-1,0.005321,0.005298,0.005291,0.98409
AGCTCCTTCGCACATC-1,0.657887,0.00299,0.002976,0.336147
AGCTCGTTGATGGAAA-1,0.156707,0.000152,0.000151,0.84299
AGCTCTAGACGTTCCA-1,0.634781,0.001121,0.001116,0.362982
AGCTCTTCCCAGTGCA-1,0.337198,0.000518,0.000516,0.661768
AGCTCTTCGTAACCTT-1,0.724402,0.042489,0.000494,0.232615
AGCTGAAGTAAACCAA-1,0.343109,0.038039,0.00044,0.618413
AGCTGTAACCTCAATC-1,0.921844,0.013027,0.012987,0.052142
AGCTTGATCTTAACTT-1,0.670547,0.001594,0.001587,0.326272
AGGAAGCTGTCCGCCG-1,0.630726,0.00717,0.007143,0.35496
AGGACAGTCGAATCCC-1,0.811315,0.001071,0.001066,0.186548
AGGACATCGCACGTCG-1,0.808249,0.165212,0.005291,0.021247
AGGACGCTCGATGTTG-1,0.28504,0.000806,0.000803,0.713352
AGGAGACATCCACAGT-1,0.075144,0.000118,0.000117,0.924621
AGGAGAGTCTGGCTAC-1,0.076872,0.000346,0.000344,0.922438
AGGAGGCCTTCGCGCG-1,0.796826,0.004092,0.004082,0.195
AGGATAAAGTCGGGAT-1,0.333268,0.047769,0.047619,0.571344
AGGATATAGGGATTTA-1,0.763494,0.000743,0.00074,0.235023
AGGATCACGCGATCTG-1,0.78647,0.134003,0.015873,0.063654
AGGATTGCTTACGACA-1,0.480952,0.000402,0.0004,0.518246
AGGCAAAGAGGAATCA-1,0.065199,0.443208,0.000122,0.49147
AGGCAGATGCGTAAAC-1,0.374777,0.001463,0.001458,0.622302
AGGCATTGTCGTAGGG-1,0.66942,0.001011,0.001006,0.328564
AGGCCACCCGTTATGA-1,0.663465,0.001271,0.001264,0.334
AGGCCCAGTGACTGGT-1,0.180588,0.16833,0.0003,0.650782
AGGCCCTAGAACGCCA-1,0.482332,0.004781,0.004762,0.508125
AGGCCTGAGAATCTCG-1,0.958993,0.006858,0.006803,0.027346
AGGCGGTTTGTCCCGC-1,0.877278,0.020451,0.020408,0.081863
AGGCGTCTATGGACGG-1,0.119425,0.000338,0.000337,0.879899
AGGCTATGGTTAGCTT-1,0.942325,0.002275,0.002268,0.053132
AGGCTTGCTAGACACC-1,0.6887,0.007553,0.007519,0.296227
AGGGAAACGAGGTACT-1,0.13078,0.000278,0.000276,0.868666
AGGGACCGGCTGCGTT-1,0.586175,0.000532,0.000529,0.412764
AGGGAGACATACTTCG-1,0.536915,0.000875,0.000871,0.461339
AGGGCGAGCAGCTGAT-1,0.464268,0.000469,0.000467,0.534796
AGGGCTGCAGTTACAG-1,0.437072,0.001259,0.001253,0.560416
AGGGTCAGTAACCCTA-1,0.196832,0.042766,0.000298,0.760104
AGGGTCGATGCGAACT-1,0.445899,0.000545,0.000543,0.553012
AGGGTGCTCTCGAGGG-1,0.717161,0.000644,0.000641,0.281555
AGGGTGGATAGTGCAT-1,0.960859,0.006533,0.006494,0.026114
AGGGTTCCCTTTGGTT-1,0.972231,0.004642,0.004608,0.018519
AGGTAACCTCCTATTC-1,0.532493,0.000732,0.000729,0.466046
AGGTAGGTACAAAGCT-1,0.800148,0.001991,0.001984,0.195878
AGGTATAATTGATAGT-1,0.497374,0.000572,0.000569,0.501486
AGGTATGCGGACATTA-1,0.492815,0.000387,0.000385,0.506414
AGGTCAGGTGAGAGTG-1,0.907952,0.004784,0.004762,0.082502
AGGTCGCCACTTCGGT-1,0.176106,0.128599,0.000218,0.695077
AGGTCGCGGAGTTACT-1,0.400277,0.000806,0.000803,0.598114
AGGTGTATCGCCATGA-1,0.972258,0.00462,0.004608,0.018514
AGGTTACACCATGCCG-1,0.653841,0.000362,0.000361,0.345436
AGGTTCTCCTTTCCGG-1,0.904532,0.015875,0.015873,0.06372
AGGTTGAGGCACGCTT-1,0.395304,0.002518,0.002506,0.599672
AGGTTTCACACACCTT-1,0.950212,0.001592,0.001587,0.046609
AGTAATTTGCAAGCGT-1,0.872616,0.062593,0.002597,0.062193
AGTACAGAAGCTTATA-1,0.014349,0.014377,0.014286,0.956988
AGTACATCATTTATCA-1,0.368123,0.001139,0.001134,0.629605
AGTACCTTCGAGTGCT-1,0.214096,0.000416,0.000414,0.785075
AGTACGGCCCGTATCG-1,0.926303,0.000767,0.000764,0.072166
AGTACGGGCACCTGGC-1,0.593467,0.002275,0.002268,0.401991
AGTACTCTTATGCCCA-1,0.678184,0.000994,0.000992,0.31983
AGTAGAAGGCGCCTCA-1,0.992309,0.000347,0.000346,0.006998
AGTAGGAAGGAAGTTG-1,0.329307,0.000443,0.000441,0.669809
AGTATAATACTAGGCA-1,0.95703,0.007157,0.007143,0.02867
AGTATGCTGGAGACCA-1,0.315122,0.505926,0.035715,0.143238
AGTCAAGATGACACTT-1,0.990747,0.001543,0.001536,0.006174
AGTCACTAGCTCTCGA-1,0.356881,0.006835,0.006803,0.629482
AGTCACTCCGCCTCAT-1,0.266655,0.141211,0.000367,0.591767
AGTCAGCCACCGCCTG-1,0.554133,0.000789,0.000785,0.444293
AGTCCATTGGCTGATG-1,0.521513,0.000393,0.000391,0.477702
AGTCCCGCCTTTAATT-1,0.091663,0.000434,0.000432,0.907472
AGTCCCTCGCAGAAAG-1,0.034242,0.020301,0.00006,0.945398
AGTCGAAACGATTCAG-1,0.946246,0.008978,0.008929,0.035847
AGTCGACGGTCTCAAG-1,0.510872,0.00045,0.000448,0.488231
AGTCGGCCCAAACGAC-1,0.957056,0.000269,0.000269,0.042406
AGTCGGCTCAACTTTA-1,0.954733,0.007545,0.007519,0.030203
AGTCGGTTGCGTGAGA-1,0.633106,0.031687,0.000378,0.334829
AGTCGTATAAAGCAGA-1,0.957023,0.007173,0.007143,0.028661
AGTCGTCGACCACCAA-1,0.606509,0.000525,0.000523,0.392443
AGTCGTGGGCATTACG-1,0.447727,0.023856,0.02381,0.504607
AGTCTAAAGTATACTC-1,0.329703,0.000619,0.000616,0.669062
AGTCTCACAAGACTAC-1,0.360936,0.005733,0.005714,0.627616
AGTCTGGACATCCTTG-1,0.56046,0.092609,0.001458,0.345473
AGTCTTTAAAGTGTCC-1,0.921827,0.013054,0.012987,0.052132
AGTGAACAAACTTCTC-1,0.574219,0.064503,0.0003,0.360978
AGTGAAGATGGTGTCC-1,0.09045,0.000266,0.000265,0.909019
AGTGACTGTGACACAA-1,0.899029,0.086632,0.002857,0.011482
AGTGAGACTTCCAGTA-1,0.725237,0.001685,0.001681,0.271397
AGTGAGCCTCGCCGCC-1,0.600752,0.0007,0.000697,0.397851
AGTGAGGGTTTCTGAC-1,0.000518,0.185937,0.000516,0.813029
AGTGATAACCTGCGCG-1,0.985159,0.002482,0.002463,0.009896
AGTGATTCAAGCAGGA-1,0.923283,0.065862,0.002165,0.008691
AGTGCACGCTTAAGAA-1,0.816258,0.153895,0.005953,0.023894
AGTGCTAAACACAGCA-1,0.938609,0.010221,0.010204,0.040965
AGTGCTTGCACGAATA-1,0.720256,0.000649,0.000646,0.278448
AGTGGCGGCAATTTGA-1,0.291971,0.000632,0.000629,0.706768
AGTGGCGTCTGAAGGT-1,0.502605,0.010222,0.010204,0.476969
AGTGGCTCCGTCGGCC-1,0.967699,0.000579,0.000576,0.031146
AGTGGTGTTACCCGTG-1,0.622664,0.002808,0.002801,0.371726
AGTGGTTGCGTATAGG-1,0.796419,0.017955,0.017858,0.167768
AGTGTATTGCGCATTG-1,0.190813,0.000428,0.000426,0.808332
AGTGTGCTAAGATCGC-1,0.093884,0.000237,0.000236,0.905644
AGTGTGGTCTATTGTG-1,0.724396,0.001966,0.001957,0.271681
AGTTAAGCGGTCCCGG-1,0.001307,0.060476,0.000179,0.938037
AGTTAAGTCAACCGCT-1,0.952296,0.007944,0.007937,0.031823
AGTTACCCTTAAGACT-1,0.372837,0.028628,0.028572,0.569964
AGTTACCGCACATGGT-1,0.47605,0.000667,0.000664,0.522618
AGTTACTCTATCGTGG-1,0.156517,0.000432,0.000429,0.842622
AGTTCACCGGTTGGAC-1,0.73579,0.004484,0.004464,0.255261
AGTTCCTATTTATGTT-1,0.995498,0.000751,0.000748,0.003003
AGTTCTGCGTTGTATC-1,0.253019,0.000694,0.00069,0.745597
AGTTGACATCGGCTGG-1,0.105527,0.063484,0.000294,0.830695
AGTTGACGGTCCTTGC-1,0.071604,0.570326,0.071429,0.286641
AGTTGCGGTCCTCAAC-1,0.959777,0.032905,0.001458,0.00586
AGTTGCTGACTGATAT-1,0.578982,0.000892,0.000887,0.419239
AGTTTATGTAAAGACA-1,0.173478,0.000209,0.000209,0.826104
AGTTTGCACCTGCCTC-1,0.647396,0.00113,0.001125,0.350349
AGTTTGGCACGGGTTG-1,0.835947,0.001303,0.001299,0.161452
AGTTTGGCCAGACCTA-1,0.828038,0.028613,0.028572,0.114776
ATAAACCATTGGACGG-1,0.233627,0.000811,0.000807,0.764754
ATAAACGTTGCACCAC-1,0.470878,0.005121,0.005102,0.518899
ATAAATATTAGCAGCT-1,0.987727,0.002047,0.002041,0.008185
ATAACGCCGGAGGGTC-1,0.221029,0.000824,0.000821,0.777326
ATAACGGAGTCCAACG-1,0.486552,0.015894,0.015873,0.481681
ATAACGTTACCTCCAC-1,0.090709,0.038362,0.000202,0.870727
ATAAGGTGGAGAACAT-1,0.961721,0.001104,0.001099,0.036076
ATAAGTACCCGATTGT-1,0.174118,0.000305,0.000303,0.825274
ATAAGTAGGATTCAGA-1,0.456359,0.000629,0.000627,0.542385
ATAAGTAGGGCGACTC-1,0.567708,0.000548,0.000545,0.431199
ATAATACCGTTAGCCG-1,0.481189,0.001056,0.00105,0.516704
ATAATAGCTGTTGAAT-1,0.995169,0.000805,0.000803,0.003223
ATAATAGTGTAGGGAC-1,0.61573,0.001463,0.001458,0.38135
ATAATCTTGGAGAACC-1,0.572528,0.003685,0.003663,0.420125
ATAATTAGCTAAGTAG-1,0.570683,0.071439,0.071429,0.286449
ATACAGGCCCTCCAAT-1,0.612789,0.000961,0.000959,0.385291
ATACCACGGGCAACTT-1,0.982438,0.002928,0.002916,0.011718
ATACCGTCATCCATAA-1,0.35682,0.000321,0.00032,0.642539
ATACCTAACCAAGAAA-1,0.874742,0.001991,0.001984,0.121283
ATACGAAGGCTTTCCA-1,0.418846,0.003111,0.000229,0.577814
ATACGCCGATCTACCG-1,0.091833,0.183905,0.000363,0.7239
ATACGCCGGCGAAACC-1,0.400226,0.0005,0.000498,0.598776
ATACGGAACGTCGTTT-1,0.284863,0.011012,0.010989,0.693136
ATACGGGTTTCGATTG-1,0.445033,0.000886,0.000882,0.553199
ATACGGTGAAGATGCA-1,0.951781,0.000662,0.000658,0.046899
ATACGTACTTAGCCAC-1,0.656963,0.000666,0.000664,0.341706
ATACGTCCACTCCTGT-1,0.701182,0.00199,0.001984,0.294843
ATACGTTATGCACGGA-1,0.142857,0.142857,0.142857,0.571429
ATACTACCCGTACCAC-1,0.01106,0.011022,0.010989,0.966929
ATACTCTCGCCACTCT-1,0.031912,0.0003,0.000299,0.967489
ATACTGCCTTACACCG-1,0.989758,0.001707,0.001701,0.006835
ATACTTGTTCTCGAGC-1,0.6209,0.000612,0.000611,0.377877
ATAGACAACGGGACCT-1,0.314812,0.00064,0.000638,0.68391
ATAGAGTTATCAACTT-1,0.628634,0.001095,0.001091,0.369181
ATAGCAACTAGGGAAG-1,0.979977,0.003343,0.003322,0.013358
ATAGCCTCAGTACCCA-1,0.565961,0.000896,0.000893,0.432251
ATAGCTGCTCTTGTTA-1,0.374209,0.000442,0.00044,0.62491
ATAGGCGGCTATAGAA-1,0.9747,0.004221,0.004202,0.016877
ATAGGCTAGCTTCGCA-1,0.575201,0.000854,0.00085,0.423095
ATAGGGATATCCTTGA-1,0.235471,0.001217,0.001211,0.762102
ATAGTTCCACCCACTC-1,0.611729,0.062963,0.000664,0.324643
ATATAAAGCGCTCGTG-1,0.994559,0.000906,0.000904,0.00363
ATATAAATGTAGCTGC-1,0.622694,0.000554,0.000552,0.376201
ATATACATGTATGGTA-1,0.582417,0.000788,0.000785,0.41601
ATATAGAGTATTGGTC-1,0.87745,0.020412,0.020408,0.08173
ATATCAACCTACAGAG-1,0.471867,0.066933,0.000347,0.460853
ATATCAATTCCAGCCT-1,0.969315,0.005107,0.005102,0.020476
ATATCGGTAGGGAGAT-1,0.79465,0.000407,0.000405,0.204539
ATATCGTTCCTCGAAC-1,0.920652,0.001365,0.001361,0.076622
ATATCTCCCTCGTTAA-1,0.210123,0.000502,0.0005,0.788876
ATATGTCTAGAGCGTG-1,0.957021,0.007176,0.007143,0.02866
ATATGTCTCCCTAGCC-1,0.924777,0.00074,0.000736,0.073747
ATATTCAGTTAAACCT-1,0.985424,0.00243,0.002421,0.009725
ATATTCCACATAGTGA-1,0.911221,0.001479,0.001473,0.085828
ATATTGCTGTCAAAGT-1,0.593761,0.001167,0.001161,0.403911
ATCAAACACTGTTCCA-1,0.754479,0.000943,0.00094,0.243638
ATCAAACGAAGGTTTG-1,0.010271,0.010213,0.010204,0.969312
ATCAAAGAGCCGTGGT-1,0.994884,0.000853,0.00085,0.003413
ATCAATCTGGGCTGCA-1,0.593906,0.003678,0.003663,0.398753
ATCAATGCCGTGGCTG-1,0.837421,0.003674,0.003663,0.155242
ATCACATTAGAATATC-1,0.27611,0.000404,0.000402,0.723083
ATCACGTGCTAATTAA-1,0.610132,0.002871,0.002857,0.384139
ATCAGACGGCACGCCG-1,0.813077,0.001861,0.001855,0.183206
ATCAGCCTCATGCTGC-1,0.668891,0.000885,0.000882,0.329342
ATCAGCTCGTCCACTA-1,0.386872,0.015892,0.015873,0.581363
ATCAGGTCGCCATTGC-1,0.000215,0.076074,0.000214,0.923498
ATCAGTAGGCAGGGAT-1,0.36622,0.000664,0.000661,0.632455
ATCATAGCCCTATGTA-1,0.702929,0.001018,0.001013,0.295039
ATCATTGTACCGCATT-1,0.857023,0.023815,0.02381,0.095352
ATCCAACGCAGTCATA-1,0.634419,0.001773,0.001764,0.362045
ATCCAATGGAGGGTCC-1,0.742786,0.003504,0.003484,0.250226
ATCCAATGGTACCGAA-1,0.92842,0.011932,0.011905,0.047743
ATCCACATCGACAGAA-1,0.898831,0.002516,0.002506,0.096147
ATCCACTTTCAGACTA-1,0.135553,0.000611,0.000608,0.863228
ATCCCATCCACAGCGC-1,0.980454,0.003255,0.003247,0.013045
ATCCTGAATCGCTGCG-1,0.988228,0.001962,0.001957,0.007853
ATCGACCCAATACAGA-1,0.989512,0.001747,0.001742,0.006998
ATCGCACGATTGTTCA-1,0.149539,0.119841,0.000421,0.730199
ATCGCCAGTCAACATT-1,0.535175,0.000375,0.000373,0.464077
ATCGCTGCGTGCAGCA-1,0.253278,0.039177,0.000335,0.70721
ATCGCTTTACGTCTCA-1,0.441965,0.000489,0.000488,0.557058
ATCGGAGACAGACGGC-1,0.161209,0.00039,0.000388,0.838013
ATCGGCAAGCAGTCCA-1,0.07772,0.000515,0.000512,0.921253
ATCGGTTACCTAGTAA-1,0.989884,0.001688,0.001681,0.006748
ATCGTATTCCGAGAAC-1,0.750873,0.054347,0.000468,0.194311
ATCGTCCAATCGAGTC-1,0.119823,0.212553,0.000234,0.66739
ATCGTGGAAAGTCTGG-1,0.913968,0.014388,0.014286,0.057358
ATCGTTAGCTAGCGGA-1,0.354714,0.002517,0.002506,0.640263
ATCGTTCACTTTCGCC-1,0.124985,0.000314,0.000313,0.874388
ATCTAATATCCTACGG-1,0.20453,0.107404,0.000208,0.687859
ATCTAGCTTGTGAGGG-1,0.994875,0.000855,0.00085,0.003419
ATCTCCCACGGAATAT-1,0.695542,0.001543,0.001536,0.301379
ATCTCCCTGCAATCTA-1,0.233886,0.000422,0.00042,0.765272
ATCTCGTGAGCGAAAC-1,0.565539,0.000342,0.00034,0.43378
ATCTGATAGTGTCTTA-1,0.500624,0.004346,0.004329,0.490702
ATCTGCACCTCTGCGA-1,0.658193,0.00085,0.000845,0.340111
ATCTGGGCTGTTCTTG-1,0.83977,0.000854,0.00085,0.158526
ATCTGGTTAAGACTGT-1,0.433793,0.167543,0.002101,0.396563
ATCTTAGGGCATTAAT-1,0.983768,0.002712,0.002695,0.010824
ATCTTGACTTGTCCAA-1,0.595026,0.002515,0.002506,0.399953
ATCTTTCGTATAACCA-1,0.377977,0.000327,0.000326,0.62137
ATGAAGTGGACCCAGC-1,0.883548,0.089925,0.005291,0.021236
ATGACGCGTTCTATCC-1,0.928258,0.01197,0.011905,0.047867
ATGACTATGCGACATT-1,0.444115,0.001353,0.001348,0.553185
ATGAGGAGTGTTAATC-1,0.980445,0.003254,0.003247,0.013054
ATGAGGGCAGCGGCTA-1,0.768636,0.000335,0.000334,0.230695
ATGCACCTTCCTTAAT-1,0.252475,0.010229,0.010204,0.727091
ATGCACGCGCTGTTCA-1,0.938629,0.010232,0.010204,0.040935
ATGCCAATCGCTCTGC-1,0.146479,0.000365,0.000364,0.852793
ATGCCATTTGCGACCA-1,0.689069,0.00139,0.001387,0.308154
ATGCCGGTCTTGCATA-1,0.894563,0.001352,0.001348,0.102737
ATGCCGGTTGATGGGA-1,0.279878,0.000436,0.000434,0.719251
ATGCGACAATTGGTCC-1,0.000267,0.000261,0.00026,0.999211
ATGCGACAGTCCCATT-1,0.466215,0.00069,0.000687,0.532408
ATGCGAGTCCCACCAC-1,0.819743,0.00085,0.000845,0.178562
ATGCTCAGTGTTGCAT-1,0.957575,0.002473,0.002463,0.037489
ATGCTCTGGCGCGGTA-1,0.853311,0.002392,0.002381,0.141917
ATGCTTAGGAGTTGAT-1,0.672235,0.010223,0.010204,0.307338
ATGGAAATTTAAGGAG-1,0.928076,0.00059,0.000588,0.070746
ATGGAACCTTTGCACA-1,0.420517,0.0003,0.000298,0.578885
ATGGAGCAGGCCGTGA-1,0.858383,0.00104,0.001035,0.139541
ATGGATCCGGCGTCCG-1,0.261899,0.142741,0.000711,0.59465
ATGGCAGCATTACGAT-1,0.857023,0.023814,0.02381,0.095354
ATGGCAGCCGAGAAAC-1,0.844121,0.048792,0.000574,0.106514
ATGGCGGAATAGTCGC-1,0.427562,0.000266,0.000265,0.571907
ATGGCTGGAAATGGCC-1,0.244735,0.053791,0.000207,0.701267
ATGGGACCTGCTGAAC-1,0.987876,0.002024,0.002012,0.008088
ATGGGCCTCGGCCTCT-1,0.97795,0.003674,0.003663,0.014713
ATGGGTGTATACCTCC-1,0.364494,0.004943,0.004926,0.625636
ATGGTATTGGGAACCG-1,0.99271,0.001214,0.001211,0.004865
ATGGTATTTACTGATT-1,0.965012,0.030141,0.000965,0.003882
ATGGTCGCGTGGTTTC-1,0.986139,0.002312,0.002304,0.009244
ATGTAAGGCTGCTCTT-1,0.399812,0.000655,0.000652,0.598881
ATGTACGATGACGTCG-1,0.928134,0.011992,0.011905,0.047969
ATGTAGCGCGCGTAGG-1,0.989385,0.001769,0.001764,0.007083
ATGTCATAATAAACGA-1,0.851489,0.001796,0.001786,0.144929
ATGTCATTTCCCATTG-1,0.326702,0.048386,0.001152,0.62376
ATGTGAAAGCCTAATG-1,0.959061,0.006815,0.006803,0.027321
ATGTGGACATCTTGAT-1,0.46054,0.000527,0.000525,0.538408
ATGTTACGAGCAATAC-1,0.259184,0.000419,0.000418,0.739979
ATGTTCCTGCCCACCT-1,0.240824,0.000571,0.000569,0.758036
ATGTTCGTCGACCCAC-1,0.766837,0.0007,0.000697,0.231766
ATGTTTCGGCCCGGAG-1,0.582968,0.0005,0.000498,0.416034
ATTAACACCTGAGATA-1,0.275626,0.000671,0.000668,0.723036
ATTAATGAACCAGTCG-1,0.427142,0.003776,0.003759,0.565322
ATTACAACTACCGGCC-1,0.104008,0.00019,0.000189,0.895613
ATTACATGTCAGTCTT-1,0.794439,0.000539,0.000537,0.204484
ATTACCACACTGCCTG-1,0.871947,0.000428,0.000426,0.127198
ATTACGACTCCACAGT-1,0.190189,0.000204,0.000203,0.809404
ATTACGCGCTGGCAGG-1,0.93375,0.011006,0.010989,0.044255
ATTACGGGCTACGGTT-1,0.92846,0.011906,0.011905,0.047729
ATTACTTACTGGGCAT-1,0.386345,0.000758,0.000756,0.612141
ATTAGATTCCTCAGCA-1,0.504576,0.000743,0.00074,0.493941
ATTAGGCGATGCTTTC-1,0.812508,0.001086,0.001082,0.185323
ATTATACTTTGCTCGT-1,0.201202,0.316782,0.000326,0.481689
ATTATAGCTACTTTAC-1,0.377224,0.000593,0.00059,0.621592
ATTATGAGACCCAATT-1,0.649385,0.007156,0.007143,0.336316
