Barcode,Topic 1,Topic 2,Topic 3,Topic 4,Topic 5,Topic 6,Topic 7,Topic 8
AAACAAGTATCTCCCA-1,0.050118,0.069911,0.434442,0.003269,0.17308,0.000055,0.115848,0.153275
AAACACCAATAACTGC-1,0.000128,0.382054,0.000128,0.000128,0.000128,0.360008,0.192545,0.064882
AAACAGAGCGACTCCT-1,0.768435,0.15,0.081254,0.000062,0.000062,0.000062,0.000062,0.000062
AAACAGCTTTCAGAAG-1,0.009794,0.87558,0.000082,0.047257,0.025261,0.011618,0.017548,0.012861
AAACAGGGTCTATATT-1,0.075802,0.371048,0.000042,0.366006,0.186978,0.000042,0.000042,0.000042
AAACATGGTGAGAGGA-1,0.134278,0.033018,0.010579,0.074992,0.036446,0.000063,0.13697,0.573653
AAACATTTCCCGGATT-1,0.000247,0.083943,0.000074,0.000074,0.000074,0.116188,0.271333,0.528067
AAACCGGGTAGGTACC-1,0.462126,0.084936,0.283503,0.000066,0.000066,0.020046,0.000066,0.149189
AAACCGTTCGTCCAGG-1,0.046849,0.502022,0.000768,0.000768,0.282901,0.000768,0.000768,0.165155
AAACCTAAGCAGCCGG-1,0.050205,0.103028,0.00013,0.00013,0.00013,0.00013,0.066769,0.779478
AAACCTCATGAAGTTG-1,0.481005,0.312093,0.001842,0.001842,0.197692,0.001841,0.001842,0.001842
AAACGAAGATGGAGTA-1,0.000824,0.000823,0.357141,0.046747,0.12697,0.000824,0.000824,0.465848
AAACGAGACGGTTGAT-1,0.554399,0.250948,0.043812,0.000074,0.148123,0.002496,0.000074,0.000074
AAACGGGCGTACGGGT-1,0.000063,0.000063,0.000063,0.000063,0.000063,0.000063,0.225987,0.773636
AAACTGCTGGCTCCAA-1,0.020043,0.321876,0.016514,0.000071,0.469831,0.112246,0.059348,0.000071
AAACTTAATTGCACGC-1,0.017608,0.340882,0.0001,0.0001,0.0001,0.0001,0.519219,0.121892
AAACTTGCAAACGTAT-1,0.200614,0.334309,0.000047,0.18894,0.275951,0.000047,0.000047,0.000047
AAAGAATGACCTTAGA-1,0.124339,0.065662,0.00023,0.11595,0.308555,0.000051,0.257959,0.127255
AAAGACTGGGCGCTTT-1,0.613084,0.330686,0.000055,0.020589,0.035421,0.000055,0.000055,0.000055
AAAGGCCCTATAATAC-1,0.026813,0.000048,0.079731,0.057571,0.05578,0.017919,0.011168,0.75097
AAAGTAGCATTGCTCA-1,0.000811,0.068643,0.112602,0.010446,0.667058,0.03277,0.103106,0.004563
AAAGTCGACCCTCAGT-1,0.529392,0.053313,0.000101,0.007282,0.409607,0.000101,0.000101,0.000101
AAAGTGTGATTTATCT-1,0.152164,0.006293,0.011321,0.721923,0.108043,0.000015,0.000227,0.000015
AAAGTTGACTCCCGTA-1,0.195008,0.03039,0.098893,0.612743,0.006187,0.000031,0.024653,0.032095
AAATAACCATACGGGA-1,0.459646,0.106266,0.205581,0.017672,0.165572,0.045088,0.000088,0.000088
AAATACCTATAAGCAT-1,0.025809,0.726843,0.000111,0.000111,0.161064,0.07642,0.009529,0.000111
AAATAGGGTGCTATTG-1,0.189878,0.752576,0.000139,0.000139,0.000139,0.000139,0.000144,0.056844
AAATCCGATACACGCC-1,0.004944,0.076214,0.000091,0.000091,0.000091,0.000091,0.044122,0.874356
AAATCGCGGAAGGAGT-1,0.008936,0.008937,0.008942,0.644725,0.008944,0.008938,0.008943,0.301636
AAATCTAGCCCTGCTA-1,0.168119,0.065958,0.060143,0.000045,0.000126,0.000045,0.092841,0.612724
AAATGGCATGTCTTGT-1,0.362542,0.352865,0.148829,0.033994,0.038862,0.00013,0.00013,0.062648
AAATGGCCCGTGCCCT-1,0.000134,0.999064,0.000134,0.000134,0.000134,0.000134,0.000134,0.000134
AAATGTATCTTATCCC-1,0.979612,0.002913,0.002912,0.002913,0.002913,0.002912,0.002912,0.002912
AAATTAATAAGCGCGA-1,0.003132,0.699168,0.003131,0.003131,0.282045,0.00313,0.003132,0.003131
AAATTACACGACTCTG-1,0.425883,0.081749,0.140965,0.001814,0.349396,0.000065,0.000065,0.000065
AAATTACCTATCGATG-1,0.077895,0.000035,0.340683,0.0578,0.523483,0.000035,0.000035,0.000035
AAATTGATAGTCCTTT-1,0.00011,0.127822,0.00011,0.00011,0.00011,0.21584,0.563297,0.092603
AAATTGCGGCGGTTCT-1,0.164899,0.38593,0.341769,0.068501,0.000329,0.037915,0.000329,0.000329
AAATTTACCGAAATCC-1,0.876486,0.042546,0.057221,0.000036,0.001417,0.022222,0.000036,0.000036
AAATTTGCGGGTGTGG-1,0.000159,0.865772,0.033854,0.000159,0.000159,0.008152,0.053771,0.037976
AACAATACATTGTCGA-1,0.005643,0.015183,0.000075,0.000075,0.000075,0.194169,0.657392,0.12739
AACAATTACTCTACGC-1,0.557489,0.000171,0.26767,0.096984,0.000171,0.000171,0.000171,0.077172
AACACACGCTCGCCGC-1,0.165243,0.179859,0.000085,0.000085,0.066635,0.093545,0.160819,0.333729
AACACGAGACGCGGCC-1,0.088711,0.346234,0.007155,0.000052,0.543867,0.013877,0.000052,0.000052
AACAGCTGTGTGGCAA-1,0.000054,0.000054,0.000054,0.032524,0.000054,0.302795,0.124071,0.540395
AACAGGAAATCGAATA-1,0.110969,0.707127,0.034215,0.016326,0.04931,0.000087,0.001962,0.080003
AACAGGATGGGCCGCG-1,0.007104,0.000007,0.078312,0.914403,0.000155,0.000007,0.000007,0.000007
AACATATCAACTGGTG-1,0.338695,0.007229,0.498307,0.109901,0.000518,0.00003,0.00003,0.045291
AACATTGGTCAGCCGT-1,0.118975,0.224314,0.391915,0.000588,0.049689,0.199145,0.000588,0.014786
AACCAAGACTTCTCTG-1,0.156704,0.000063,0.000063,0.727286,0.115696,0.000063,0.000063,0.000063
AACCAGTATCACTCTT-1,0.730746,0.052134,0.156624,0.00828,0.052014,0.000067,0.000067,0.000067
AACCATAGGGTTGAAC-1,0.096218,0.201345,0.00009,0.006225,0.00009,0.00009,0.462618,0.233323
AACCCATCCCATGATC-1,0.069699,0.294535,0.261798,0.000109,0.06109,0.141876,0.105087,0.065805
AACCCGACAACCCGTG-1,0.187895,0.008864,0.298616,0.000368,0.000368,0.204108,0.299411,0.000368
AACCCTACTGTCAATA-1,0.597826,0.160102,0.105583,0.000151,0.000151,0.000151,0.098362,0.037674
AACCCTGGTGGAACCA-1,0.000369,0.013973,0.106521,0.313751,0.437923,0.000774,0.053425,0.073264
AACCGAGCTTGGTCAT-1,0.491815,0.397335,0.009483,0.020082,0.08104,0.000082,0.000082,0.000082
AACCGCTAAGGGATGC-1,0.231771,0.381048,0.141337,0.000094,0.083564,0.042132,0.119958,0.000094
AACCTCGCTTTAGCCC-1,0.000113,0.242728,0.000113,0.08898,0.000113,0.102807,0.475472,0.089673
AACCTTTAAATACGGT-1,0.000142,0.999006,0.000142,0.000142,0.000142,0.000142,0.000142,0.000142
AACCTTTACGACGTCT-1,0.799663,0.199089,0.000208,0.000208,0.000208,0.000208,0.000208,0.000208
AACGAAAGTCGTCCCA-1,0.194842,0.414474,0.009127,0.012481,0.171543,0.000098,0.162268,0.035167
AACGATAATGCCGTAG-1,0.000159,0.732941,0.000159,0.000159,0.049344,0.023858,0.193222,0.000159
AACGATATGTCAACTG-1,0.507839,0.376349,0.000126,0.000126,0.000126,0.000126,0.000126,0.115184
AACGCATGATCTGGGT-1,0.113826,0.115644,0.443371,0.238547,0.077459,0.011004,0.000075,0.000075
AACGCGGTCTCCAGCC-1,0.000424,0.365766,0.561576,0.000425,0.000425,0.070536,0.000424,0.000424
AACGCTGTTGCTGAAA-1,0.038677,0.341384,0.063202,0.014993,0.004048,0.109185,0.201085,0.227425
AACGGACGTACGTATA-1,0.429137,0.051964,0.074194,0.000062,0.035637,0.204815,0.080458,0.123733
AACGGCCATCTCCGGT-1,0.014805,0.354113,0.19168,0.007369,0.181783,0.000342,0.249566,0.000342
AACGTGATGAAGGACA-1,0.335839,0.043118,0.470372,0.000111,0.017551,0.132788,0.000111,0.000111
AACGTGCGAAAGTCTC-1,0.46845,0.387633,0.000061,0.010686,0.132986,0.000061,0.000061,0.000061
AACGTTATCAGCACCT-1,0.262638,0.274316,0.002818,0.074735,0.375748,0.009687,0.000029,0.000029
AACTAGGCTTGGGTGT-1,0.000466,0.418846,0.254348,0.13303,0.021201,0.171178,0.000466,0.000466
AACTCCAGAGCGTGTT-1,0.003309,0.00338,0.026158,0.02498,0.277159,0.003181,0.48018,0.181653
AACTCCTAATCCCATG-1,0.66587,0.01706,0.193638,0.000077,0.123122,0.000077,0.000077,0.000077
AACTCGATAAACACGT-1,0.096884,0.034675,0.000074,0.000074,0.011933,0.000074,0.424835,0.431451
AACTCTCAATAGAGCG-1,0.833258,0.001739,0.001739,0.00174,0.00174,0.001739,0.001739,0.156306
AACTCTCAGTGTGCTC-1,0.093871,0.006827,0.01826,0.121975,0.000139,0.000139,0.023688,0.735102
AACTGATATTAGGCCT-1,0.008709,0.446461,0.380477,0.00033,0.00033,0.00033,0.027408,0.135954
AACTGGGTCCCGACGT-1,0.385773,0.613166,0.000177,0.000177,0.000177,0.000177,0.000177,0.000177
AACTGGGTTCGAGCCG-1,0.455168,0.050668,0.393255,0.01421,0.07313,0.00004,0.00004,0.013489
AACTTCTGCGTCTATC-1,0.60199,0.054037,0.180046,0.000282,0.098257,0.064824,0.000282,0.000282
AACTTGCCCGTATGCA-1,0.60211,0.000195,0.220026,0.147126,0.000195,0.000195,0.000195,0.029957
AACTTGCGTTCTCGCG-1,0.294088,0.105016,0.422774,0.000168,0.053587,0.124032,0.000168,0.000168
AACTTTACGGGAGCTT-1,0.98008,0.002848,0.002845,0.002846,0.002846,0.002845,0.002845,0.002845
AAGACCAAATAACTCA-1,0.008871,0.423417,0.07216,0.016535,0.066656,0.191711,0.191003,0.029647
AAGACTGCAAGCTACT-1,0.000038,0.101758,0.000038,0.160692,0.7153,0.01437,0.007765,0.000038
AAGAGATGAATCGGTA-1,0.000031,0.000031,0.211292,0.445464,0.328527,0.002828,0.000031,0.011795
AAGAGCTCTTTATCGG-1,0.448734,0.397903,0.00009,0.00009,0.00009,0.00009,0.001712,0.151289
AAGAGGATGTACGCGA-1,0.511448,0.207394,0.000176,0.280281,0.000176,0.000176,0.000176,0.000176
AAGAGGCATGGATCGC-1,0.44087,0.237088,0.000061,0.000061,0.321738,0.000061,0.000061,0.000061
AAGATGGCACCGGACC-1,0.043942,0.017057,0.12913,0.007606,0.000081,0.032472,0.597138,0.172573
AAGATTGGCGGAACGT-1,0.901643,0.000152,0.058757,0.000151,0.038843,0.000151,0.000151,0.000151
AAGCACCCTGCGTATC-1,0.00024,0.792268,0.064633,0.00024,0.00024,0.00024,0.000241,0.141897
AAGCATACTCTCCTGA-1,0.00009,0.558474,0.036923,0.02513,0.281681,0.024418,0.073195,0.00009
AAGCCGCCGTGAAATC-1,0.021317,0.000062,0.000062,0.022016,0.020531,0.003623,0.250138,0.682252
AAGCGTCCCTCATCGA-1,0.050949,0.052841,0.000078,0.007905,0.022038,0.123987,0.459799,0.282402
AAGCTAGATCGAGTAA-1,0.000019,0.032037,0.000553,0.752248,0.189225,0.00184,0.023741,0.000337
AAGCTCGTGCCAAGTC-1,0.663501,0.335988,0.000085,0.000085,0.000085,0.000085,0.000085,0.000085
AAGCTCTTTCATGGTG-1,0.066555,0.211583,0.065432,0.092195,0.206659,0.078125,0.277699,0.001752
AAGGATGAGGGACCTC-1,0.716327,0.272321,0.000214,0.000214,0.000214,0.000214,0.010284,0.000214
AAGGGAACGACTGGCT-1,0.038633,0.152898,0.016469,0.00006,0.00006,0.014611,0.452072,0.325198
AAGGGACAGATTCTGT-1,0.1793,0.059407,0.529246,0.000081,0.000081,0.102756,0.000081,0.129047
AAGGGACTATGCATTC-1,0.010925,0.027153,0.00009,0.00009,0.046506,0.189278,0.3172,0.408758
AAGGGTTTGATTTCAG-1,0.073792,0.006701,0.027119,0.359574,0.362315,0.000144,0.000271,0.170085
AAGGTATCCTAATATA-1,0.524776,0.288116,0.008365,0.0288,0.037021,0.000071,0.1126,0.000251
AAGGTGATAAACCAGC-1,0.381976,0.157949,0.018112,0.108495,0.226187,0.002344,0.055808,0.04913
AAGTAGTGACGCGAGG-1,0.802149,0.000226,0.059054,0.086604,0.000226,0.051291,0.000226,0.000226
AAGTCAATTGTCGTCA-1,0.000829,0.062412,0.932613,0.000829,0.000829,0.000829,0.000829,0.000829
AAGTCTTCTGTGGCCT-1,0.000577,0.99596,0.000577,0.000577,0.000577,0.000577,0.000577,0.000577
AAGTGACGACCGAATT-1,0.337547,0.655746,0.001118,0.001118,0.001118,0.001118,0.001118,0.001117
AAGTGAGTCGGGTTTA-1,0.000415,0.207915,0.273436,0.000415,0.318653,0.026862,0.171889,0.000415
AAGTGCAAAGGTAGAC-1,0.564037,0.212166,0.000044,0.016803,0.20682,0.000044,0.000044,0.000044
AAGTGCCTTGACTGTA-1,0.000249,0.194072,0.487774,0.14985,0.008951,0.066674,0.000249,0.092181
AAGTGCGTTAGAATCT-1,0.19139,0.606562,0.032108,0.034439,0.000158,0.000158,0.107217,0.027969
AAGTGTTTGGAGACGG-1,0.04028,0.473515,0.000127,0.000149,0.342652,0.000127,0.128605,0.014544
AAGTTCACTCCAAGCT-1,0.016001,0.382118,0.164642,0.000157,0.000157,0.070746,0.366021,0.000157
AAGTTCGGCCAACAGG-1,0.026673,0.812209,0.000114,0.000114,0.000114,0.075608,0.085054,0.000114
AAGTTGTGATGTTATA-1,0.00031,0.312121,0.520652,0.00031,0.00031,0.00031,0.00031,0.165677
AATAACAACGCTCGGC-1,0.750385,0.061653,0.000106,0.022313,0.000734,0.000106,0.135654,0.029049
AATAACACTAGAACAA-1,0.000024,0.000024,0.000024,0.07025,0.025322,0.000024,0.000472,0.903858
AATAAGTCCTCGAGAC-1,0.144404,0.000095,0.075133,0.000095,0.026665,0.000095,0.562227,0.191285
AATACAATGTTTCAGG-1,0.442536,0.054016,0.133056,0.207317,0.162026,0.00035,0.00035,0.00035
AATACCGGAGGGCTGT-1,0.229644,0.06003,0.208665,0.025057,0.146515,0.012949,0.096661,0.220478
AATAGAATCTGTTTCA-1,0.080807,0.647337,0.000097,0.000097,0.032046,0.000097,0.239422,0.000097
AATAGTCGCGAGTCGG-1,0.289658,0.709958,0.000064,0.000064,0.000064,0.000064,0.000064,0.000064
AATATCCTAGCAAACT-1,0.229375,0.575928,0.047855,0.041027,0.021353,0.000102,0.007191,0.077169
AATATCGAGGGTTCTC-1,0.065781,0.194849,0.41754,0.31611,0.005409,0.000104,0.000104,0.000104
AATATTGGAGTATTGA-1,0.667518,0.112831,0.000429,0.196857,0.021078,0.000429,0.000429,0.000429
AATCATGTAAAGACTC-1,0.062698,0.016537,0.001236,0.000063,0.000063,0.000063,0.437147,0.482193
AATCGCCTCAGCGCCA-1,0.41781,0.462123,0.02004,0.000099,0.000099,0.002868,0.096863,0.000099
AATCTAGGTTTACTTG-1,0.000138,0.880954,0.000138,0.000138,0.000138,0.083902,0.034456,0.000138
AATCTCTACTGTGGTT-1,0.056386,0.93889,0.000787,0.000787,0.000787,0.000787,0.000787,0.000787
AATCTGCGTTGGGACG-1,0.514034,0.029564,0.000146,0.445027,0.000146,0.000146,0.010791,0.000146
AATCTGGCTTTCTAGT-1,0.004775,0.938163,0.000226,0.000226,0.000226,0.000226,0.05593,0.000226
AATCTGGGTAGACCCT-1,0.643188,0.101597,0.238139,0.000138,0.000138,0.000138,0.000138,0.016525
AATGACAGCAATGTCT-1,0.000177,0.998758,0.000177,0.000177,0.000177,0.000177,0.000177,0.000177
AATGACGTAGGATGTC-1,0.439193,0.177546,0.000114,0.048356,0.019362,0.000114,0.311924,0.00339
AATGAGTTCGCATATG-1,0.433313,0.059468,0.38502,0.000185,0.00744,0.111879,0.002512,0.000185
AATGATGATACGCTAT-1,0.529064,0.021499,0.215434,0.113038,0.071389,0.049354,0.000111,0.000111
AATGATGCGACTCCTG-1,0.108515,0.033544,0.425664,0.410847,0.012571,0.00005,0.00005,0.008759
AATGCACCAAGCAATG-1,0.001439,0.419654,0.001439,0.244976,0.328172,0.001439,0.001439,0.00144
AATGGTCCACCGTTCA-1,0.388141,0.062268,0.041813,0.05243,0.423695,0.000038,0.027714,0.003901
AATGTATGGCACTGTA-1,0.094189,0.124005,0.000093,0.000093,0.022732,0.000093,0.248226,0.510568
AATGTGCCCGAGGTGT-1,0.000157,0.31418,0.029989,0.000157,0.000157,0.354282,0.065764,0.235315
AATGTGCTAATCTGAG-1,0.180038,0.002161,0.063877,0.036238,0.072784,0.000051,0.127113,0.517738
AATTAACGGATTTCCA-1,0.082988,0.319427,0.000138,0.03258,0.045202,0.085147,0.33513,0.099388
AATTACGAGACCCATC-1,0.125098,0.705294,0.084393,0.049813,0.000161,0.000161,0.000161,0.03492
AATTACTCGTACGCTC-1,0.214925,0.055612,0.082997,0.015309,0.070151,0.158406,0.357635,0.044966
AATTAGCGCTGCAGCG-1,0.19104,0.588486,0.000123,0.000123,0.043022,0.000123,0.126767,0.050318
AATTCATAAGGGATCT-1,0.61198,0.108046,0.202569,0.000252,0.076394,0.000253,0.000253,0.000253
AATTCATTGTCATGCA-1,0.084162,0.064761,0.000073,0.000073,0.055483,0.033135,0.501857,0.260457
AATTCCAACTTGGTGA-1,0.050411,0.131066,0.447767,0.085198,0.000264,0.000264,0.281066,0.003964
AATTCTAGAGTTAGGC-1,0.005742,0.788917,0.000148,0.091229,0.000148,0.047914,0.065754,0.000148
AATTGAACGCTCTGGT-1,0.278226,0.330894,0.142289,0.025427,0.14381,0.000067,0.079221,0.000067
AATTGCAGCAATCGAC-1,0.011063,0.108975,0.000063,0.000063,0.000063,0.000063,0.031735,0.847975
AATTTGGGACATAGTA-1,0.481457,0.168678,0.128513,0.005019,0.191027,0.000087,0.000087,0.025132
AATTTGGTTCCAAAGA-1,0.000469,0.566342,0.307789,0.000469,0.000469,0.000469,0.000469,0.123524
ACAAACCATGCGTCCT-1,0.002106,0.028863,0.192778,0.079609,0.370501,0.076522,0.22411,0.025511
ACAAAGAAGGTAGGCC-1,0.000106,0.99668,0.000106,0.000106,0.000106,0.002681,0.000106,0.000106
ACAAAGCATGACCTAG-1,0.000063,0.066244,0.000063,0.000063,0.000063,0.036382,0.256506,0.640616
ACAAATCGCACCGAAT-1,0.015297,0.85829,0.090902,0.000081,0.000081,0.000081,0.014357,0.02091
ACAAATGGTAGTGTTT-1,0.272506,0.668766,0.000104,0.058206,0.000104,0.000104,0.000104,0.000104
ACAACAGCATGAGCTA-1,0.528009,0.271721,0.000078,0.16328,0.029368,0.000078,0.007388,0.000078
ACAAGCAGTGCCTAGC-1,0.493562,0.007348,0.21241,0.248499,0.00016,0.00016,0.00016,0.037701
ACAAGCTATATGGAAG-1,0.294056,0.701551,0.000732,0.000732,0.000732,0.000732,0.000732,0.000732
ACAAGGAAATCCGCCC-1,0.040918,0.837452,0.121068,0.000112,0.000112,0.000112,0.000112,0.000112
ACAAGGATGCTTTAGG-1,0.047998,0.016485,0.024041,0.011094,0.121889,0.000058,0.393074,0.385361
ACAAGGGCAGGCTCTG-1,0.208418,0.218994,0.09425,0.083576,0.317161,0.000046,0.075582,0.001973
ACAATAGTCGTACGTT-1,0.847399,0.144934,0.001278,0.001278,0.001278,0.001278,0.001278,0.001278
ACAATCCATTTAAACC-1,0.721206,0.229497,0.000124,0.000124,0.048674,0.000124,0.000124,0.000124
ACAATGAATACGGAGA-1,0.006328,0.131344,0.114509,0.017438,0.020862,0.043519,0.526703,0.139297
ACAATTGTGTCTCTTT-1,0.092135,0.266411,0.075672,0.015865,0.046452,0.0001,0.418127,0.085239
ACAATTTAGGAGGCTC-1,0.043649,0.955372,0.000163,0.000163,0.000163,0.000163,0.000163,0.000163
ACAATTTGAGCAGTGG-1,0.075688,0.00118,0.001577,0.69191,0.22961,0.000012,0.000012,0.000012
ACACACCAGGACCAGT-1,0.427349,0.254377,0.096576,0.002716,0.175495,0.000078,0.001761,0.041648
ACACATGATCAAATCT-1,0.001739,0.068067,0.003819,0.000082,0.000082,0.304232,0.491375,0.130603
ACACATTGACGCAACA-1,0.310993,0.084436,0.077448,0.000565,0.000049,0.005751,0.073312,0.447446
ACACCGAGCGCTCTTT-1,0.263457,0.279765,0.00006,0.00006,0.00006,0.00006,0.136421,0.320116
ACACCGGTCTGACCGC-1,0.095661,0.03634,0.030521,0.000101,0.000101,0.000101,0.448028,0.389147
ACACGAGACTCCTTCT-1,0.223571,0.388025,0.000045,0.021196,0.367027,0.000045,0.000045,0.000045
ACACGGCACTATGCAT-1,0.01692,0.00007,0.014498,0.093312,0.182782,0.032436,0.487357,0.172625
ACACGGGAACTTAGGG-1,0.40305,0.596161,0.000131,0.000131,0.000131,0.000131,0.000131,0.000131
ACACTCCAATGTCACT-1,0.485885,0.024424,0.295038,0.000119,0.048127,0.146168,0.000119,0.000119
ACAGAACTGAGAACAA-1,0.032539,0.15581,0.114721,0.000057,0.240453,0.285592,0.158814,0.012014
ACAGCGACATTCTCAT-1,0.030968,0.137515,0.016078,0.000138,0.000138,0.008735,0.31285,0.493577
ACAGCGCACCCGCAGC-1,0.375933,0.55023,0.000255,0.000255,0.000255,0.000254,0.000255,0.072565
ACAGGAGGCGCAGCCG-1,0.452276,0.467231,0.000074,0.000074,0.000074,0.000074,0.000074,0.080124
ACAGGCTTGCCCGACT-1,0.000139,0.60463,0.181958,0.000139,0.000139,0.015851,0.159354,0.03779
ACAGGTGGAGGTGAGG-1,0.134138,0.013069,0.161704,0.084572,0.000047,0.000047,0.014029,0.592393
ACAGGTGTGTTGTTGC-1,0.526419,0.470973,0.000435,0.000435,0.000435,0.000435,0.000435,0.000435
ACAGTAATACAACTTG-1,0.003622,0.916744,0.038722,0.036748,0.003893,0.00009,0.00009,0.00009
ACATAAGTCGTGGTGA-1,0.000032,0.042986,0.057914,0.101969,0.787693,0.004975,0.0044,0.000032
ACATCAGCTGGGACGC-1,0.396918,0.470836,0.000048,0.000048,0.126678,0.005374,0.000048,0.000048
ACATCCTGGTAACTGT-1,0.295717,0.000075,0.000116,0.675224,0.000075,0.000075,0.028644,0.000075
ACATCGATCGTTTACC-1,0.351342,0.314979,0.046445,0.103085,0.18371,0.000146,0.000146,0.000146
ACATCGGTCAGCCGCG-1,0.337376,0.239083,0.307596,0.000096,0.000096,0.000096,0.02921,0.086449
ACATCGTATGCAATGG-1,0.350889,0.467721,0.016154,0.045481,0.119405,0.000117,0.000117,0.000117
ACATCGTTAACCTAGT-1,0.058434,0.456664,0.019778,0.000154,0.000154,0.000154,0.319592,0.14507
ACATCTCAACGCGTAA-1,0.16125,0.128634,0.046238,0.00009,0.046499,0.00009,0.239879,0.377319
ACATGGCTCAATTTAG-1,0.792174,0.000376,0.000376,0.000376,0.169544,0.000376,0.036402,0.000376
ACATTAGTTTATATCC-1,0.000123,0.000123,0.000123,0.03532,0.000123,0.052343,0.000123,0.911721
ACCAACCGCACTCCAC-1,0.066941,0.137441,0.000115,0.000115,0.000115,0.000115,0.295572,0.499587
ACCAATATGCAAGTTA-1,0.060534,0.424101,0.08748,0.000125,0.107626,0.050982,0.269028,0.000125
ACCACAACTCAGAACA-1,0.205936,0.162649,0.368738,0.000096,0.099353,0.000096,0.000096,0.163038
ACCACGTGCAGCTATA-1,0.240145,0.444712,0.000119,0.086725,0.004856,0.000119,0.003786,0.219538
ACCACTGTTCAAGAAG-1,0.03131,0.107764,0.076963,0.017298,0.201275,0.109678,0.172769,0.282944
ACCAGACCATAACAAC-1,0.000499,0.99651,0.000499,0.000498,0.000498,0.000499,0.000499,0.000499
ACCAGCCCGGTCTTTG-1,0.11008,0.498267,0.000144,0.000144,0.000144,0.000144,0.231221,0.159856
ACCAGTGCGGGAGACG-1,0.000025,0.000025,0.126857,0.242915,0.612525,0.000025,0.000025,0.017604
ACCATCCGCCAACTAG-1,0.089533,0.767342,0.000101,0.000101,0.092018,0.050701,0.000101,0.000101
ACCATTAAGGGTGTCA-1,0.017087,0.345372,0.000102,0.023623,0.056835,0.000102,0.351812,0.205068
ACCCAACGCCCGTGGC-1,0.7519,0.247171,0.000155,0.000155,0.000155,0.000155,0.000155,0.000155
ACCCACCTACATGCTC-1,0.000012,0.000012,0.07407,0.593088,0.332781,0.000012,0.000012,0.000012
ACCCATCTTGAGGGTA-1,0.599251,0.088283,0.241634,0.030592,0.000087,0.000087,0.000087,0.039981
ACCCATTTGTCCCTCT-1,0.076652,0.205156,0.098218,0.002497,0.00009,0.00009,0.02561,0.591687
ACCCGAGCGAAATTAC-1,0.000072,0.000072,0.000072,0.015471,0.000072,0.25406,0.30714,0.42304
ACCCGGAAACTCCCAG-1,0.033331,0.281711,0.000121,0.000121,0.000121,0.197825,0.343416,0.143355
ACCCGGATGACGCATC-1,0.04084,0.000412,0.556582,0.036041,0.208938,0.000412,0.000412,0.156363
ACCCTATAGGACTGAG-1,0.256176,0.217677,0.473503,0.000275,0.000275,0.051546,0.000275,0.000275
ACCCTATGCCATATCG-1,0.00015,0.062274,0.050706,0.00015,0.00015,0.049137,0.416488,0.420945
ACCCTCCCTTGCTATT-1,0.000142,0.939345,0.000142,0.000142,0.000142,0.059804,0.000142,0.000142
ACCCTTTAGTTCTCCA-1,0.037949,0.000038,0.014764,0.156586,0.42761,0.000038,0.078909,0.284105
ACCGAAGAGTCTGGTT-1,0.082009,0.177313,0.000096,0.000096,0.031202,0.000096,0.457648,0.251539
ACCGACACATCTCCCA-1,0.000121,0.251362,0.000121,0.000121,0.000121,0.028092,0.564074,0.15599
ACCGACTGAGTCCCAC-1,0.186098,0.634855,0.00011,0.045604,0.073812,0.011244,0.048165,0.00011
ACCGATGGTAGCATCG-1,0.72759,0.000632,0.134151,0.000633,0.002662,0.000633,0.133066,0.000632
ACCGCAATAACTGCCT-1,0.001386,0.365503,0.027547,0.076984,0.511763,0.016677,0.000069,0.000069
ACCGGGCCTTTGTTGA-1,0.165593,0.473086,0.038766,0.00009,0.00009,0.00009,0.070924,0.251361
ACCGGTCAGGTACACC-1,0.000068,0.000068,0.000068,0.000068,0.00532,0.092802,0.3778,0.523806
ACCGTCCACTGGGCCC-1,0.000073,0.467967,0.008758,0.000073,0.05678,0.293859,0.16396,0.00853
ACCGTGACCACGTGGG-1,0.000101,0.058492,0.000101,0.000101,0.000101,0.000101,0.74643,0.194571
ACCTAAGTACCTTTCA-1,0.047806,0.001968,0.02901,0.27602,0.446848,0.027788,0.14952,0.02104
ACCTAATCGACTTCCT-1,0.390885,0.011975,0.197521,0.360751,0.000079,0.000079,0.000079,0.038629
ACCTCGAACTTATGCT-1,0.137116,0.325645,0.110635,0.000114,0.00967,0.005074,0.36883,0.042915
ACCTGCGTGTCATGTT-1,0.007047,0.020834,0.025387,0.034838,0.883382,0.024814,0.003667,0.000031
ACGAAATGGGCGGCAC-1,0.503492,0.246524,0.00831,0.202979,0.026011,0.00009,0.012504,0.00009
ACGACTGGTCATACTC-1,0.000081,0.000081,0.000081,0.000081,0.000081,0.999436,0.000081,0.000081
ACGAGATATTTGCTTA-1,0.54719,0.329276,0.004709,0.000374,0.000374,0.000374,0.000374,0.11733
ACGAGGATACCACTCT-1,0.046981,0.590709,0.087145,0.000169,0.000169,0.178425,0.096235,0.000169
ACGAGGTTTACAACGT-1,0.028976,0.455653,0.009351,0.082698,0.203428,0.005754,0.163414,0.050727
ACGAGTCGCCGGCGTT-1,0.041928,0.231124,0.051961,0.000055,0.060111,0.152079,0.193629,0.269112
ACGATACATAGAACTA-1,0.515705,0.219701,0.043871,0.026115,0.081685,0.000064,0.057709,0.055151
ACGATACCTATCCTGA-1,0.383803,0.004471,0.242213,0.351628,0.004474,0.004469,0.004471,0.004471
ACGATCATACATAGAG-1,0.225146,0.25299,0.141648,0.000503,0.289616,0.08909,0.000503,0.000503
ACGATCATCTTGTAAA-1,0.017691,0.054298,0.312338,0.599949,0.000042,0.000042,0.003979,0.011662
ACGATGGATCCGATGC-1,0.009799,0.491664,0.169449,0.000159,0.000159,0.025361,0.292283,0.011126
ACGCAAACTAATAGAT-1,0.039377,0.165287,0.581328,0.000125,0.000125,0.000125,0.191907,0.021725
ACGCATACGTTTACTA-1,0.000092,0.158452,0.000092,0.000092,0.000092,0.008384,0.194884,0.637912
ACGCCAGATGATTTCT-1,0.104923,0.7108,0.075354,0.000164,0.000164,0.000164,0.108267,0.000164
ACGCCCAGCTGTCGAT-1,0.279887,0.264377,0.14479,0.0001,0.19579,0.0001,0.0001,0.114858
ACGCCGCTAGACGACC-1,0.000105,0.680652,0.000105,0.004553,0.102236,0.125629,0.001351,0.08537
ACGCCTGACACGCGCT-1,0.44812,0.205705,0.214727,0.000361,0.130004,0.000361,0.000361,0.000361
ACGCGCTACACAGGGT-1,0.630234,0.000243,0.000243,0.36831,0.000243,0.000243,0.000243,0.000243
ACGCGGGCCAAGGACA-1,0.194992,0.050702,0.42457,0.042231,0.000646,0.285567,0.000646,0.000646
ACGCGTTTCTTAAGAG-1,0.503884,0.479047,0.002845,0.002846,0.002846,0.002844,0.002844,0.002844
ACGCTAGTGATACACT-1,0.275833,0.081089,0.504982,0.111967,0.000054,0.000054,0.000054,0.025967
ACGCTGTGAGGCGTAG-1,0.514248,0.478445,0.000113,0.000113,0.006742,0.000113,0.000113,0.000113
ACGCTTAGTGTCTCTC-1,0.000301,0.357009,0.281367,0.000301,0.000301,0.096876,0.000301,0.263544
ACGGACTCTCAAAGCG-1,0.008334,0.380048,0.060132,0.084961,0.154338,0.053198,0.078521,0.180469
ACGGATGGTGCGGATA-1,0.000306,0.015474,0.113783,0.104887,0.663754,0.039157,0.061872,0.000766
ACGGCACTTGCTTGGG-1,0.16878,0.000452,0.149383,0.115007,0.000452,0.208415,0.000452,0.357059
ACGGCGACGATGGGAA-1,0.39578,0.204972,0.000078,0.000078,0.266075,0.000078,0.098571,0.034368
ACGGCTGGATGTAGAA-1,0.062868,0.262384,0.195382,0.000077,0.128086,0.002206,0.274088,0.074909
ACGGGAGTGTCGGCCC-1,0.051395,0.876423,0.000144,0.000144,0.000144,0.038045,0.033561,0.000144
ACGGGTCATGTGACTT-1,0.060231,0.089991,0.021512,0.035099,0.005409,0.008464,0.521415,0.257879
ACGTAGATTGCTGATG-1,0.173263,0.447574,0.000088,0.005695,0.373114,0.000088,0.000088,0.000088
ACGTATTACTCCGATC-1,0.521227,0.071946,0.097213,0.000537,0.050202,0.000537,0.017292,0.241045
ACGTCTCGTTCCGGGA-1,0.000095,0.965613,0.000095,0.000095,0.000095,0.033818,0.000095,0.000095
ACGTGACAAAGTAAGT-1,0.013422,0.464649,0.017301,0.072256,0.061567,0.147245,0.217194,0.006367
ACGTGGTCGAATGTGC-1,0.000813,0.322899,0.000813,0.000813,0.078103,0.000813,0.000813,0.594933
ACGTTAATGTCGAAGA-1,0.013666,0.646629,0.000114,0.000114,0.000114,0.065163,0.274088,0.000114
ACGTTAGATTTGCCCG-1,0.210201,0.179883,0.32109,0.021626,0.237888,0.000284,0.000284,0.028744
ACGTTATTGGTCACTC-1,0.468684,0.135636,0.000051,0.129303,0.162424,0.000051,0.100935,0.002917
ACGTTCGTTCAGGAAA-1,0.125651,0.240006,0.214307,0.076257,0.011711,0.000116,0.000236,0.331716
ACGTTCTGTACAAGTC-1,0.037204,0.050993,0.000103,0.000103,0.000103,0.000103,0.237601,0.673792
ACGTTTAGTTGTGATC-1,0.280198,0.350755,0.000708,0.07143,0.294786,0.000708,0.000708,0.000708
ACTACATCCCGACAAG-1,0.096798,0.184433,0.012867,0.01562,0.00011,0.292441,0.329964,0.067767
ACTAGTTGCGATCGTC-1,0.144348,0.194721,0.000368,0.19951,0.027072,0.072603,0.09716,0.264218
ACTATCGCCGGCTAAA-1,0.021963,0.204994,0.296182,0.015367,0.323041,0.000075,0.129666,0.008714
ACTATGTCCAGCTGCC-1,0.050027,0.075384,0.000102,0.000102,0.000102,0.079844,0.348273,0.446165
ACTATTCGTCCGTGGT-1,0.126983,0.03029,0.000096,0.000096,0.047925,0.000096,0.18075,0.613763
ACTATTTCCGGGCCCA-1,0.017674,0.000062,0.018037,0.000062,0.000062,0.000062,0.006385,0.957655
ACTCAAGTGCAAGGCT-1,0.035137,0.235704,0.000091,0.000091,0.11112,0.005242,0.373306,0.239309
ACTCAATAAAGGCACG-1,0.165859,0.684481,0.069895,0.000073,0.079465,0.000073,0.000081,0.000073
ACTCCAATATCATCAT-1,0.000094,0.000094,0.000094,0.000094,0.03645,0.09632,0.401998,0.464857
ACTCCCATTCCTAAAG-1,0.091303,0.190528,0.000061,0.018528,0.653883,0.034008,0.011627,0.000061
ACTCCCTAATGCTAAA-1,0.082089,0.305564,0.0001,0.010997,0.265235,0.254147,0.044023,0.037846
ACTCCCTAGAATAGTA-1,0.045567,0.753541,0.025471,0.000161,0.000161,0.000161,0.035584,0.139354
ACTCGATGTATTTCAT-1,0.174413,0.07832,0.03017,0.202938,0.282005,0.00004,0.067972,0.164142
ACTCGTAACCCGTCCT-1,0.206129,0.245216,0.259935,0.000106,0.000106,0.056798,0.003375,0.228334
ACTCGTCAGTAATCCC-1,0.212138,0.096498,0.000043,0.507785,0.119313,0.000043,0.041114,0.023066
ACTCTAAACCTGGGAT-1,0.36732,0.37237,0.001546,0.001546,0.25258,0.001546,0.001546,0.001546
ACTCTCTGACTTAGGT-1,0.08547,0.693757,0.000117,0.000117,0.220186,0.000117,0.000117,0.000117
ACTCTCTTATACACGA-1,0.525213,0.020478,0.192544,0.000178,0.054906,0.206324,0.000178,0.000178
ACTCTTGTATAGTAAC-1,0.042189,0.057862,0.063659,0.055308,0.780867,0.000038,0.000038,0.000038
ACTGAAACGCCGTTAG-1,0.005285,0.337573,0.047883,0.000084,0.000084,0.164274,0.167604,0.277213
ACTGAATGGCGAAAGT-1,0.100106,0.638515,0.000096,0.017661,0.243334,0.000096,0.000096,0.000096
ACTGATTTAGTGATTC-1,0.08287,0.462974,0.082767,0.000309,0.000309,0.000309,0.192153,0.178309
ACTGCCGTCGTAACTC-1,0.304335,0.261758,0.000146,0.000146,0.000146,0.000146,0.022538,0.410785
ACTGCTCGGAAGGATG-1,0.079677,0.842618,0.000141,0.000141,0.000141,0.000141,0.069701,0.007439
ACTGTACGATACACAT-1,0.551856,0.447293,0.000142,0.000142,0.000142,0.000142,0.000142,0.000142
ACTGTCTTCTTTAGAA-1,0.642215,0.253599,0.000144,0.000144,0.000144,0.103465,0.000144,0.000144
ACTTACCGGGCGCGCA-1,0.395203,0.00006,0.565727,0.00006,0.026525,0.00006,0.00006,0.012305
ACTTACGCATCCACGC-1,0.176183,0.053789,0.011333,0.01425,0.265482,0.022403,0.392561,0.063998
ACTTATACTTACCCGG-1,0.192549,0.000243,0.000243,0.583542,0.222695,0.000243,0.000243,0.000243
ACTTATTTATGTGCCA-1,0.162077,0.148055,0.062537,0.156437,0.438299,0.017668,0.014867,0.000059
ACTTCAGGCTGATCCC-1,0.264281,0.365891,0.029845,0.017967,0.000105,0.000105,0.081519,0.240289
ACTTCCAGTGGAAGCT-1,0.466501,0.165542,0.000696,0.000696,0.000696,0.000696,0.364479,0.000696
ACTTCCATGCGGGACA-1,0.019205,0.061921,0.011382,0.000095,0.000095,0.002556,0.628039,0.276709
ACTTCGCCATACGCAC-1,0.522759,0.18454,0.000063,0.157079,0.114176,0.021256,0.000063,0.000063
ACTTGACTCCCTCTTT-1,0.347791,0.33641,0.000127,0.000127,0.000127,0.045741,0.225902,0.043774
ACTTGTAGTCCCTTCA-1,0.199908,0.678749,0.000125,0.000125,0.120715,0.000125,0.000125,0.000125
ACTTTGACTGCATCCT-1,0.511675,0.449172,0.000307,0.000307,0.037618,0.000307,0.000307,0.000307
ACTTTGGTCGTGCTCC-1,0.000421,0.375851,0.17904,0.000141,0.000142,0.083254,0.258788,0.102363
AGAACCCTCAATTGGG-1,0.003462,0.654811,0.000117,0.000117,0.000117,0.128453,0.212806,0.000117
AGAACGTGGTACATTC-1,0.631126,0.330109,0.000084,0.000084,0.038344,0.000084,0.000084,0.000084
AGAAGAGCGCCGTTCC-1,0.470688,0.031318,0.031269,0.031271,0.031281,0.03127,0.341602,0.031301
AGAAGGTACACTTCAC-1,0.00011,0.549917,0.00011,0.00011,0.00011,0.209303,0.240229,0.00011
AGAAGGTTGTAGGTCG-1,0.015528,0.279016,0.000129,0.000129,0.000129,0.000129,0.222793,0.482146
AGAAGTGATTCGTGAT-1,0.008536,0.013367,0.018636,0.490357,0.427978,0.000028,0.018178,0.02292
AGAATAAATCTTCAGG-1,0.390207,0.6074,0.000399,0.000399,0.000399,0.000399,0.000399,0.000399
AGAATTATGGATTCGA-1,0.293993,0.000015,0.213915,0.193061,0.296063,0.000015,0.00087,0.002067
AGACAGCTCAGAATCC-1,0.372449,0.24314,0.022408,0.005516,0.346462,0.00003,0.009966,0.000029
AGACCAAACCACACCT-1,0.117541,0.670128,0.122554,0.00848,0.014535,0.066598,0.000082,0.000082
AGACCCACCGCTGATC-1,0.000073,0.294243,0.000073,0.474317,0.175266,0.053196,0.002758,0.000073
AGACCGGGAAACCCTG-1,0.413747,0.158486,0.000126,0.020643,0.406621,0.000126,0.000126,0.000126
AGACGAAGTGCCGGTC-1,0.022508,0.383395,0.083394,0.000128,0.000128,0.079363,0.340755,0.090329
AGACGACGATGCCGCT-1,0.00911,0.217201,0.045942,0.000086,0.000086,0.01336,0.551911,0.162304
AGACTGTTACCGGGTC-1,0.368215,0.199727,0.165159,0.007319,0.191375,0.00519,0.062964,0.000051
AGAGAACCGTCTAGGA-1,0.32326,0.000858,0.142859,0.000858,0.529593,0.000858,0.000858,0.000858
AGAGAAGGAGTACAAT-1,0.006825,0.000062,0.054547,0.004983,0.040556,0.20271,0.305212,0.385106
AGAGATCTCTAAAGCG-1,0.229864,0.769072,0.000177,0.000177,0.000177,0.000177,0.000177,0.000177
AGAGCAGTTATGAGAC-1,0.522848,0.476635,0.000086,0.000086,0.000086,0.000086,0.000086,0.000086
AGAGCTACGAAAGCAT-1,0.582577,0.052025,0.203629,0.000067,0.161501,0.000067,0.000067,0.000067
AGAGGCTTCGGAAACC-1,0.000021,0.000021,0.000021,0.000021,0.000021,0.000021,0.000157,0.999717
AGAGTTAGAGACCGAT-1,0.139689,0.077464,0.588387,0.130199,0.049744,0.00007,0.014376,0.00007
AGATACCGGTGTTCAC-1,0.28687,0.229129,0.367385,0.072584,0.000131,0.000131,0.013193,0.030578
AGATACTCAAGATCGA-1,0.300063,0.205782,0.000076,0.022158,0.471691,0.000076,0.000076,0.000076
AGATATAATACGACTA-1,0.202883,0.098908,0.068763,0.002335,0.000094,0.000094,0.27547,0.351452
AGATCGTGCATAAGAT-1,0.835515,0.031285,0.000141,0.065412,0.067225,0.000141,0.000141,0.000141
AGATCTCAGGTGTGAT-1,0.169914,0.00046,0.000446,0.786279,0.042875,0.000009,0.000009,0.000009
AGATGAGGGTTGCGAT-1,0.126203,0.014536,0.687752,0.00382,0.13587,0.00002,0.004315,0.027484
AGATGCAAGACGTGCA-1,0.010499,0.148196,0.0431,0.000092,0.000092,0.000092,0.025875,0.772053
AGATGCATCCTGTGTC-1,0.063348,0.382506,0.182018,0.006842,0.336638,0.000063,0.028522,0.000063
AGATGCTATAACGAGC-1,0.062077,0.144342,0.035127,0.000057,0.117395,0.100602,0.096859,0.443542
AGATTCACAACCGATA-1,0.000085,0.38939,0.000085,0.037858,0.351438,0.071528,0.123881,0.025737
AGCAAAGGCCGCTAGT-1,0.068953,0.541852,0.000112,0.000112,0.000112,0.000112,0.321679,0.067069
AGCAACATATCTTATT-1,0.499151,0.345714,0.00022,0.00022,0.00022,0.00022,0.154032,0.00022
AGCAACCGAAAGTAAT-1,0.000115,0.775563,0.078997,0.000115,0.000115,0.000115,0.144867,0.000115
AGCACCAGTACTCACG-1,0.251239,0.659797,0.000147,0.04867,0.039705,0.000147,0.000147,0.000147
AGCACTACCGGCCTGT-1,0.777032,0.087953,0.001927,0.001926,0.001927,0.001927,0.001927,0.125382
AGCACTACCTCACCAG-1,0.000135,0.686489,0.128498,0.000135,0.116445,0.000135,0.068027,0.000135
AGCACTTAAGGACGCC-1,0.260717,0.01251,0.255804,0.428215,0.017978,0.014236,0.000081,0.010458
AGCAGAAGGAGAAAGA-1,0.025391,0.314441,0.000093,0.000093,0.000093,0.022683,0.130873,0.506332
AGCATATCAATATGCT-1,0.25509,0.386811,0.054816,0.000165,0.033294,0.09537,0.15721,0.017244
AGCATCATTTCGAAAG-1,0.000149,0.986922,0.000149,0.000149,0.000149,0.012186,0.000149,0.000149
AGCCACAGGTTACCCG-1,0.000062,0.053148,0.096203,0.017988,0.065277,0.060552,0.020438,0.686333
AGCCACTCCCGTGCTT-1,0.544926,0.157476,0.030271,0.030262,0.172054,0.006983,0.014681,0.043347
AGCCCATACATGTAAG-1,0.628925,0.332618,0.000083,0.000083,0.000083,0.000083,0.001612,0.036515
AGCCCGGCATTAGAGG-1,0.051126,0.074033,0.045448,0.000082,0.000082,0.370832,0.319251,0.139146
AGCCCTAAGCGAAGTT-1,0.010862,0.517224,0.215401,0.100836,0.154608,0.000363,0.000353,0.000353
AGCCCTCCCTGGTGGC-1,0.133641,0.000462,0.238458,0.128369,0.000462,0.254742,0.000462,0.243403
AGCCCTTCTAATCCGA-1,0.273685,0.021609,0.468929,0.145208,0.027903,0.062439,0.000113,0.000113
AGCCGCAAATTCAAAT-1,0.292994,0.701182,0.000971,0.00097,0.000971,0.000971,0.000971,0.000971
AGCCGCTTGATTAGCG-1,0.136526,0.237089,0.030588,0.000159,0.162244,0.000159,0.288226,0.14501
AGCCGTGGCTAAATGT-1,0.043674,0.743486,0.098222,0.000109,0.000109,0.003072,0.111218,0.000109
AGCCTAATACCCACGT-1,0.022355,0.408302,0.00011,0.00011,0.065198,0.00265,0.498905,0.00237
AGCCTTAAAGCGGAAG-1,0.087346,0.003629,0.003942,0.625353,0.218004,0.000011,0.014558,0.047156
AGCGACAGGAACGGTC-1,0.018088,0.106837,0.059926,0.000064,0.000064,0.000064,0.027399,0.787558
AGCGCGGGTGCCAATG-1,0.48604,0.000109,0.041657,0.208842,0.025526,0.237607,0.000109,0.000109
AGCGCTTATGGGCAAG-1,0.456973,0.020241,0.446107,0.00004,0.061706,0.00004,0.00004,0.014855
AGCGGACACTTCGTAG-1,0.000057,0.050924,0.000057,0.022828,0.786584,0.031729,0.0708,0.037021
AGCGGCGGTTAGCGGT-1,0.211935,0.544321,0.000152,0.000152,0.018172,0.021099,0.200745,0.003425
AGCGTGGTATTCTACT-1,0.178194,0.636732,0.065201,0.00012,0.00012,0.00012,0.119392,0.00012
AGCTAACAAGCAATGT-1,0.000043,0.000043,0.000043,0.000043,0.003388,0.181724,0.07749,0.737227
AGCTAAGTACGCAGGC-1,0.03359,0.092499,0.000058,0.000058,0.000058,0.000058,0.341943,0.531736
AGCTAGAAGCAGAAGT-1,0.597385,0.086782,0.000907,0.311296,0.000908,0.000907,0.000907,0.000907
AGCTATTTAATCCAAC-1,0.140417,0.334121,0.123022,0.000105,0.076719,0.000105,0.191032,0.134479
AGCTCCTTCGCACATC-1,0.163815,0.527514,0.000126,0.000126,0.000126,0.000126,0.202324,0.105843
AGCTCTAGACGTTCCA-1,0.274904,0.642148,0.000088,0.000088,0.000088,0.000088,0.000088,0.082507
AGCTCTTCCCAGTGCA-1,0.64272,0.045303,0.016596,0.000316,0.294117,0.000316,0.000316,0.000316
AGCTGAAGTAAACCAA-1,0.179214,0.000038,0.060265,0.537964,0.222405,0.000038,0.000038,0.000038
AGCTGTAACCTCAATC-1,0.000118,0.005943,0.000118,0.000118,0.000118,0.017817,0.771409,0.204358
AGCTTGATCTTAACTT-1,0.79199,0.200643,0.001228,0.001228,0.001228,0.001228,0.001228,0.001228
AGGAAAGCCTCTGATG-1,0.207913,0.172276,0.027093,0.000074,0.000074,0.029945,0.272082,0.290544
AGGAAGCTGTCCGCCG-1,0.000126,0.368637,0.000126,0.000126,0.000126,0.214448,0.335473,0.080939
AGGACAGTCGAATCCC-1,0.386809,0.546797,0.000116,0.000116,0.000116,0.000116,0.000116,0.065817
AGGACGCTCGATGTTG-1,0.322935,0.36764,0.001988,0.237314,0.001988,0.001988,0.001988,0.06416
AGGACTTATAGGAGAA-1,0.124112,0.279828,0.082441,0.000184,0.000184,0.000184,0.468592,0.044474
AGGAGGCCTTCGCGCG-1,0.045117,0.152096,0.004237,0.000063,0.0011,0.02169,0.436964,0.338733
AGGATAAAGTCGGGAT-1,0.004821,0.835894,0.000122,0.000122,0.000122,0.056584,0.102211,0.000122
AGGATATAGGGATTTA-1,0.298604,0.205914,0.032522,0.016512,0.000079,0.000079,0.303486,0.142803
AGGATCACGCGATCTG-1,0.000165,0.998847,0.000165,0.000165,0.000165,0.000165,0.000165,0.000165
AGGCAATACGGAGGAC-1,0.127978,0.575899,0.02545,0.000088,0.000088,0.000088,0.038981,0.231428
AGGCAGATGCGTAAAC-1,0.635438,0.085153,0.147114,0.020001,0.111528,0.000256,0.000256,0.000256
AGGCATTGTCGTAGGG-1,0.048618,0.307991,0.080724,0.000099,0.000099,0.000099,0.274947,0.287424
AGGCCCAGTGACTGGT-1,0.895506,0.000478,0.000478,0.000478,0.101627,0.000478,0.000478,0.000478
AGGCCCTAGAACGCCA-1,0.300612,0.097187,0.020447,0.200297,0.279061,0.012994,0.043993,0.045409
AGGCCTGAGAATCTCG-1,0.000068,0.218894,0.004762,0.006852,0.330976,0.028757,0.256936,0.152754
AGGCGGTTTGTCCCGC-1,0.00018,0.418786,0.00018,0.00018,0.00018,0.087655,0.492661,0.00018
AGGCTATGGTTAGCTT-1,0.065153,0.096984,0.24347,0.543711,0.00845,0.000153,0.000153,0.041924
AGGCTTGCTAGACACC-1,0.666149,0.04078,0.078788,0.152124,0.000251,0.000251,0.000251,0.061405
AGGGAAACGAGGTACT-1,0.587491,0.095034,0.095907,0.014888,0.206503,0.000059,0.000059,0.000059
AGGGCAGCGGCGTGGT-1,0.000099,0.033074,0.000099,0.010243,0.008879,0.000099,0.293885,0.653623
AGGGCGAGCAGCTGAT-1,0.476572,0.228618,0.059648,0.038524,0.196482,0.000052,0.000052,0.000052
AGGGCTGCAGTTACAG-1,0.013104,0.986183,0.000119,0.000119,0.000119,0.000119,0.000119,0.000119
AGGGTCGATGCGAACT-1,0.368327,0.180342,0.233338,0.00101,0.00101,0.00101,0.001039,0.213925
AGGGTGCCGTTCTTTA-1,0.025175,0.0001,0.011342,0.027515,0.017158,0.286429,0.603478,0.028803
AGGGTGCTCTCGAGGG-1,0.784738,0.004319,0.189357,0.004317,0.004318,0.004317,0.004317,0.004316
AGGGTGGATAGTGCAT-1,0.464584,0.535028,0.000065,0.000065,0.000065,0.000065,0.000065,0.000065
AGGGTTCCCTTTGGTT-1,0.578573,0.420814,0.000102,0.000102,0.000102,0.000102,0.000102,0.000102
AGGGTTTAGTTCGGGA-1,0.000489,0.373193,0.520737,0.000489,0.000489,0.103624,0.000489,0.000489
AGGTACGATATTGCCA-1,0.007923,0.043001,0.053203,0.075022,0.380704,0.036493,0.265825,0.137828
AGGTAGATCGAGATAT-1,0.000044,0.02475,0.000044,0.000044,0.000044,0.959254,0.006704,0.009117
AGGTAGGTACAAAGCT-1,0.987295,0.001815,0.001815,0.001815,0.001815,0.001815,0.001815,0.001815
AGGTCAGGTGAGAGTG-1,0.390444,0.289013,0.007732,0.104998,0.207641,0.000057,0.000057,0.000057
AGGTGTATCGCCATGA-1,0.154798,0.000122,0.051708,0.000122,0.792884,0.000122,0.000122,0.000122
AGGTTCTCCTTTCCGG-1,0.149357,0.266896,0.247911,0.004801,0.000149,0.000149,0.123317,0.207418
AGGTTGAGGCACGCTT-1,0.294204,0.068139,0.00378,0.031273,0.602447,0.000052,0.000052,0.000052
AGGTTTCACACACCTT-1,0.012362,0.986301,0.000223,0.000223,0.000223,0.000223,0.000223,0.000223
AGTAACGTTCATCCTG-1,0.858199,0.110687,0.030828,0.000057,0.000057,0.000057,0.000057,0.000057
AGTACGGCCCGTATCG-1,0.001035,0.992756,0.001035,0.001035,0.001036,0.001034,0.001035,0.001034
AGTACGGGCACCTGGC-1,0.092033,0.000036,0.000578,0.600591,0.306653,0.000036,0.000036,0.000036
AGTACGTGGCCTGTCT-1,0.746744,0.102807,0.150132,0.000064,0.000064,0.000064,0.000064,0.000064
AGTACTCTTATGCCCA-1,0.051814,0.134417,0.05912,0.000121,0.000121,0.000121,0.732338,0.021947
AGTAGCGTGAACGAAC-1,0.49933,0.317093,0.000901,0.000901,0.000901,0.000901,0.179072,0.000901
AGTAGGAAGGAAGTTG-1,0.306258,0.038071,0.359839,0.074231,0.202679,0.000049,0.000049,0.018825
AGTATACACAGCGACA-1,0.063469,0.000027,0.225484,0.012663,0.531232,0.000027,0.055862,0.111237
AGTATGCTGGAGACCA-1,0.000075,0.079734,0.000075,0.000075,0.000075,0.148165,0.623002,0.148799
AGTCAAATGATGTGAT-1,0.117852,0.141217,0.343533,0.007306,0.125088,0.027053,0.042206,0.195746
AGTCAAGATGACACTT-1,0.167062,0.555947,0.129701,0.000128,0.000128,0.000128,0.021272,0.125635
AGTCACTAGCTCTCGA-1,0.000136,0.071354,0.039469,0.000136,0.000136,0.038956,0.717002,0.13281
AGTCCATTGGCTGATG-1,0.403226,0.001692,0.001693,0.184189,0.001692,0.001692,0.404123,0.001692
AGTCCCGCCTTTAATT-1,0.915921,0.000956,0.000956,0.078344,0.000956,0.000956,0.000956,0.000956
AGTCGACGGTCTCAAG-1,0.000328,0.000328,0.074967,0.368618,0.554776,0.000328,0.000328,0.000328
AGTCGGCTCAACTTTA-1,0.062654,0.740598,0.139293,0.000141,0.05689,0.000141,0.000141,0.000141
