Feature ID,Feature Name,Feature count topic 1,Feature log2 fold change topic 1,Feature count topic 2,Feature log2 fold change topic 2,Feature count topic 3,Feature log2 fold change topic 3,Feature count topic 4,Feature log2 fold change topic 4,Feature count topic 5,Feature log2 fold change topic 5,Feature count topic 6,Feature log2 fold change topic 6,Feature count topic 7,Feature log2 fold change topic 7,Feature count topic 8,Feature log2 fold change topic 8
ENSG00000188976,NOC2L,42,-0.5553,22,-1.5309,59,-0.0234,124,1.29361,135,1.46086,23,-1.4625,65,0.13145,7,-3.2452
ENSG00000188290,HES4,74,-0.0365,45,-0.8149,203,1.82370,110,0.63540,89,0.28044,29,-1.4634,14,-2.5382,38,-1.0615
ENSG00000187608,ISG15,41,-0.1526,10,-2.2222,103,1.46491,24,-0.9685,72,0.79979,39,-0.2392,11,-2.0986,60,0.48013
ENSG00000078808,SDF4,49,-0.8670,42,-1.1065,115,0.52555,131,0.75812,119,0.58345,1,-6.1538,82,-0.0445,135,0.80737
ENSG00000160087,UBE2J2,35,-0.4101,1,-4.9595,100,1.40344,69,0.71612,65,0.61600,12,-1.9690,12,-2.0647,68,0.67935
ENSG00000131584,ACAP3,46,-0.2764,28,-1.0458,51,-0.1233,47,-0.2541,54,-0.0292,52,-0.0799,108,1.19815,52,-0.0926
ENSG00000127054,INTS11,43,-0.1699,17,-1.5726,71,0.66571,51,0.08841,94,1.17239,1,-5.3556,13,-2.0355,94,1.17726
ENSG00000107404,DVL1,35,-0.2826,17,-1.3807,90,1.34631,20,-1.1183,79,1.11147,1,-5.1565,34,-0.3176,58,0.54027
ENSG00000175756,AURKAIP1,83,-0.4182,37,-1.6440,120,0.19191,184,0.93613,167,0.75419,73,-0.6133,91,-0.2658,102,-0.0810
ENSG00000221978,CCNL2,40,-0.2338,28,-0.7730,98,1.33612,49,0.11960,62,0.50180,2,-4.1657,32,-0.5876,56,0.32905
ENSG00000242485,MRPL20,88,-0.6671,43,-1.7486,274,1.25592,223,0.86954,120,-0.1868,92,-0.6098,100,-0.4703,134,-0.0035
ENSG00000179403,VWA1,30,-1.5640,14,-2.6803,24,-1.8805,9,-3.2436,21,-2.0685,31,-1.5193,149,1.04241,376,3.22669
ENSG00000160075,SSU72,103,-0.3834,77,-0.8479,191,0.63814,232,0.99470,223,0.91647,11,-3.6367,92,-0.5644,118,-0.1730
ENSG00000228594,FNDC10,41,-0.7659,7,-3.4109,124,1.06982,128,1.12625,127,1.11751,49,-0.5175,26,-1.4944,35,-1.0339
ENSG00000078369,GNB1,216,-0.6445,136,-1.3552,404,0.37425,561,0.95629,514,0.79725,41,-3.1376,256,-0.3782,455,0.58257
ENSG00000067606,PRKCZ,93,-0.9182,90,-0.9633,213,0.43079,363,1.40305,298,1.02460,20,-3.1906,129,-0.4023,116,-0.5725
ENSG00000162585,FAAP20,46,-0.2162,21,-1.4562,47,-0.1947,31,-0.8450,111,1.30853,60,0.20923,64,0.32154,43,-0.3341
ENSG00000157916,RER1,34,-1.0246,31,-1.1825,76,0.24259,90,0.52418,109,0.87265,22,-1.6698,68,0.04548,95,0.63301
ENSG00000157870,PRXL2B,60,0.15118,8,-2.8929,118,1.36698,75,0.53210,97,0.99676,12,-2.2779,33,-0.8166,34,-0.7503
ENSG00000158109,TPRG1L,97,-0.8815,68,-1.4208,223,0.47380,433,1.72643,315,1.09500,4,-5.2722,49,-1.9199,157,-0.1088
ENSG00000130764,LRRC47,55,-0.3780,34,-1.1074,107,0.72787,114,0.84099,133,1.12614,1,-5.8812,30,-1.3055,83,0.29278
ENSG00000069424,KCNAB2,42,-1.0224,34,-1.3560,148,1.06024,149,1.07035,227,1.92259,1,-6.0968,24,-1.8932,19,-2.1722
ENSG00000116254,CHD5,150,0.79854,45,-1.1397,129,0.53828,121,0.42714,284,2.08285,1,-6.3126,10,-3.3768,11,-3.2541
ENSG00000116251,RPL22,219,-0.9836,335,-0.3156,642,0.77927,130,-1.7732,220,-0.9782,434,0.10426,631,0.74707,647,0.79383
ENSG00000116237,ICMT,33,-0.4491,26,-0.7796,44,0.02930,76,0.97139,55,0.39235,70,0.83367,6,-2.8912,35,-0.3202
ENSG00000097021,ACOT7,222,-0.8552,80,-2.3874,320,-0.2811,1479,2.72797,736,1.16107,7,-5.8427,39,-3.4507,156,-1.4017
ENSG00000162413,KLHL21,39,-0.2079,13,-1.8296,53,0.29631,62,0.56477,55,0.35762,34,-0.4017,31,-0.5695,66,0.69170
ENSG00000007923,DNAJC11,32,-0.4013,14,-1.6131,89,1.38214,49,0.28679,79,1.14234,11,-1.9706,39,-0.0809,14,-1.6295
ENSG00000171735,CAMTA1,238,0.07130,158,-0.5916,379,0.87348,53,-2.2587,568,1.65741,136,-0.8252,218,-0.0762,76,-1.7082
ENSG00000049245,VAMP3,17,-2.2235,15,-2.4487,60,-0.3561,13,-2.5840,4,-4.1180,78,0.06637,161,1.36232,248,2.30755
ENSG00000116288,PARK7,298,0.24874,93,-1.5850,302,0.26919,504,1.18539,262,0.03467,66,-2.1025,209,-0.3356,320,0.36955
ENSG00000142599,RERE,65,-0.7187,48,-1.1788,203,1.21671,68,-0.6470,110,0.13929,165,0.83078,59,-0.8483,94,-0.1248
ENSG00000074800,ENO1,239,-0.0292,147,-0.8054,304,0.37545,656,1.83014,306,0.38416,115,-1.1837,53,-2.3302,125,-1.0509
ENSG00000171612,SLC25A33,52,0.51455,24,-0.7503,114,2.04044,18,-1.1269,34,-0.2037,34,-0.1756,6,-2.8303,24,-0.7484
ENSG00000171603,CLSTN1,323,-0.2797,95,-2.1463,639,0.88189,502,0.45516,917,1.57685,192,-1.0923,145,-1.5174,252,-0.6747
ENSG00000162441,LZIC,32,-0.7519,25,-1.1171,39,-0.4216,24,-1.1896,35,-0.6100,61,0.30308,103,1.22550,90,0.97183
ENSG00000130939,UBE4B,28,-1.4326,12,-2.6680,47,-0.6618,83,0.27987,86,0.32649,254,2.50287,44,-0.7645,11,-2.7918
ENSG00000054523,KIF1B,194,-1.1684,182,-1.2674,302,-0.4769,407,0.00418,292,-0.5302,934,1.49701,545,0.49583,392,-0.0565
ENSG00000142657,PGD,48,-0.2944,17,-1.8755,76,0.45208,133,1.48062,88,0.70967,1,-5.5401,38,-0.6613,62,0.12005
ENSG00000160049,DFFA,48,-0.1577,40,-0.4319,17,-1.7612,58,0.15434,78,0.66719,29,-0.9635,48,-0.1445,104,1.18753
ENSG00000120948,TARDBP,42,-0.9847,34,-1.3054,132,0.90782,69,-0.1845,53,-0.6095,130,0.88005,115,0.66363,47,-0.7830
ENSG00000116649,SRM,57,-0.0355,14,-2.1830,80,0.52833,100,0.92175,87,0.66664,1,-5.6408,39,-0.6533,91,0.73754
ENSG00000198793,MTOR,13,-1.9098,21,-1.2618,116,1.62726,70,0.66359,93,1.19109,1,-5.3253,36,-0.4413,27,-0.8864
ENSG00000116661,FBXO2,162,-0.6604,55,-2.2795,406,0.87412,691,1.93410,243,-0.0050,73,-1.8732,96,-1.4629,228,-0.1159
ENSG00000132879,FBXO44,58,-0.8765,33,-1.7179,142,0.57928,249,1.63409,229,1.45870,8,-3.8168,49,-1.1332,40,-1.4417
ENSG00000011021,CLCN6,67,-0.6910,23,-2.2821,216,1.30995,225,1.39281,108,0.07911,67,-0.6890,90,-0.2265,28,-1.9994
ENSG00000116685,KIAA2013,10,-2.2266,33,-0.3850,42,-0.0223,46,0.11504,62,0.63683,29,-0.6276,36,-0.2614,83,1.15697
ENSG00000083444,PLOD1,53,0.43965,7,-2.6335,45,0.17766,86,1.32208,53,0.46075,41,0.03375,0,-6.9679,39,-0.0687
ENSG00000116688,MFN2,101,-0.2559,69,-0.8537,119,0.01002,156,0.46480,168,0.58786,222,1.09503,52,-1.3042,61,-1.0588
ENSG00000048707,VPS13D,34,-0.9160,20,-1.7490,71,0.24826,35,-0.8738,110,1.03081,143,1.53024,41,-0.6341,33,-0.9435
ENSG00000116731,PRDM2,24,-0.7831,38,-0.0557,44,0.18192,24,-0.7795,47,0.30215,49,0.37685,45,0.23234,43,0.14348
ENSG00000189337,KAZN,31,-1.3785,20,-2.0115,35,-1.2241,54,-0.5393,51,-0.6200,110,0.63736,146,1.14295,158,1.29755
ENSG00000142634,EFHD2,19,-1.0180,11,-1.7589,62,0.92461,34,-0.0929,98,1.83424,20,-0.8802,7,-2.3486,36,0.00499
ENSG00000116786,PLEKHM2,35,-0.2551,37,-0.1657,92,1.42758,35,-0.2800,70,0.91087,1,-5.1300,27,-0.6663,32,-0.3804
ENSG00000065526,SPEN,30,-1.1890,38,-0.8132,40,-0.7638,11,-2.6962,36,-0.9110,227,2.45600,90,0.56145,42,-0.6670
ENSG00000185519,FAM131C,32,-0.4965,3,-3.8466,10,-2.1905,23,-1.0049,74,0.87856,63,0.61761,67,0.70474,80,1.02112
ENSG00000219481,NBPF1,3,-4.2221,14,-2.1694,34,-0.8450,59,0.03472,20,-1.6059,120,1.27971,142,1.61733,71,0.34091
ENSG00000159363,ATP13A2,180,-0.1925,30,-2.9123,209,0.05130,700,2.40534,358,0.98607,10,-4.3970,64,-1.7969,71,-1.6426
ENSG00000117118,SDHB,40,-0.5731,6,-3.2122,125,1.39043,69,0.30923,75,0.46425,10,-2.5810,54,-0.0759,76,0.48933
ENSG00000117115,PADI2,114,-1.1396,94,-1.4359,63,-2.0391,26,-3.3046,27,-3.2964,260,0.16447,686,1.99931,614,1.75454
ENSG00000127463,EMC1,26,-0.7258,16,-1.4905,37,-0.1862,45,0.11965,71,0.89931,82,1.17278,22,-1.0009,35,-0.2753
ENSG00000053371,AKR7A2,57,0.50935,17,-1.3779,58,0.54789,55,0.46594,53,0.38166,2,-4.4995,36,-0.2347,57,0.51874
ENSG00000077549,CAPZB,126,-0.4131,74,-1.2404,215,0.46503,322,1.19893,201,0.34725,96,-0.8458,82,-1.0834,188,0.23407
ENSG00000173436,MICOS10,144,-0.7509,133,-0.8806,276,0.29667,249,0.12579,275,0.29334,185,-0.3606,316,0.52656,270,0.25738
ENSG00000158747,NBL1,108,-0.0398,49,-1.2873,225,1.25566,218,1.19025,178,0.81404,1,-6.2246,40,-1.5780,65,-0.8340
ENSG00000162545,CAMK2N1,211,-0.9542,231,-0.8138,503,0.45180,430,0.18512,436,0.21081,202,-1.0235,519,0.50606,544,0.58819
ENSG00000158828,PINK1,215,-0.5817,219,-0.5532,406,0.45746,797,1.73346,456,0.66268,41,-3.0654,92,-1.8869,246,-0.3674
ENSG00000127483,HP1BP3,87,-0.8433,94,-0.7153,229,0.75129,71,-1.1548,147,-0.0060,210,0.59353,187,0.39225,156,0.09388
ENSG00000075151,EIF4G3,91,-0.7802,66,-1.2837,39,-2.0545,118,-0.3746,345,1.51442,357,1.58372,117,-0.3836,55,-1.5363
ENSG00000076864,RAP1GAP,121,0.34867,7,-3.8818,135,0.53745,239,1.60360,250,1.69233,1,-6.3839,30,-1.8428,4,-4.5249
ENSG00000090686,USP48,22,-1.8787,31,-1.3665,83,0.15285,21,-1.9490,76,0.00379,208,1.86337,100,0.46880,63,-0.2841
ENSG00000070831,CDC42,172,-0.8345,88,-1.8508,248,-0.2539,431,0.67417,313,0.12804,433,0.68168,184,-0.7291,451,0.75552
ENSG00000004487,KDM1A,12,-1.6990,3,-3.4098,80,1.35314,65,0.95900,104,1.91099,12,-1.7454,17,-1.1675,2,-3.8621
ENSG00000169641,LUZP1,29,-0.7513,63,0.52003,70,0.69878,9,-2.3933,152,2.25908,23,-1.0708,11,-2.1997,13,-1.8906
ENSG00000125944,HNRNPR,51,-1.1321,45,-1.3220,173,0.87950,33,-1.7823,75,-0.5318,184,0.98600,142,0.52651,129,0.36763
ENSG00000142676,RPL11,354,-0.5341,468,-0.0830,539,0.14943,119,-2.1930,186,-1.5214,741,0.69845,497,0.01458,1035,1.31765
ENSG00000057757,PITHD1,176,-0.3409,51,-2.2372,247,0.21212,623,1.96617,324,0.68219,33,-2.8727,143,-0.6674,140,-0.6989
ENSG00000189266,PNRC2,44,0.08457,17,-1.3338,64,0.73763,30,-0.4915,37,-0.1768,17,-1.4077,42,0.00777,80,1.15482
ENSG00000188529,SRSF10,41,-0.0217,59,0.59789,15,-1.5486,54,0.43498,34,-0.2995,13,-1.7404,52,0.38971,62,0.69447
ENSG00000001461,NIPAL3,93,-0.3438,76,-0.6675,95,-0.3152,92,-0.3733,145,0.38616,63,-0.9534,209,1.02772,150,0.44061
ENSG00000133226,SRRM1,60,-1.1173,110,-0.1679,63,-1.0530,9,-3.8328,55,-1.2655,374,2.10757,200,0.84258,107,-0.2091
ENSG00000169504,CLIC4,67,-0.2013,37,-1.1187,49,-0.7041,1,-6.1382,13,-2.6618,144,1.12508,165,1.38244,130,0.93133
ENSG00000117614,SYF2,35,-1.2239,55,-0.5168,138,1.02278,38,-1.1080,61,-0.3670,123,0.81292,94,0.33665,68,-0.1899
ENSG00000117616,RSRP1,39,-0.9749,31,-1.3248,53,-0.5013,1,-5.9454,62,-0.2327,153,1.33332,94,0.45197,143,1.20500
ENSG00000183726,TMEM50A,49,-0.7141,16,-2.4213,73,-0.1014,42,-0.9765,36,-1.1778,90,0.25521,148,1.12704,165,1.34191
ENSG00000162430,SELENON,43,0.54542,28,-0.1641,37,0.28718,13,-1.2833,52,0.88055,1,-4.7191,9,-1.8098,64,1.28128
ENSG00000117640,MTFR1L,70,0.06231,47,-0.5754,124,1.05908,80,0.29538,87,0.42381,41,-0.7942,39,-0.8657,51,-0.4522
ENSG00000117632,STMN1,244,-1.8880,201,-2.1796,614,-0.4743,1150,0.56660,555,-0.6341,880,0.10994,1076,0.45176,1865,1.46677
ENSG00000142669,SH3BGRL3,177,-0.3978,133,-0.8502,182,-0.3506,640,1.93459,131,-0.8651,148,-0.6786,188,-0.3004,210,-0.1198
ENSG00000198830,HMGN2,120,-0.4988,56,-1.6841,161,-0.0328,69,-1.3656,100,-0.7947,227,0.54881,211,0.42519,369,1.44963
ENSG00000117713,ARID1A,51,-0.6472,53,-0.5905,88,0.23522,45,-0.8398,87,0.23014,81,0.11130,106,0.55042,99,0.43291
ENSG00000204160,ZDHHC18,44,0.08256,5,-3.1624,10,-2.2429,113,1.80542,47,0.18483,89,1.32433,11,-2.1012,18,-1.2908
ENSG00000090273,NUDC,70,-1.0380,82,-0.7964,197,0.63364,156,0.23531,215,0.78622,100,-0.4957,102,-0.4663,163,0.30702
ENSG00000253368,TRNP1,25,-1.2760,15,-2.0685,62,0.15396,94,0.87079,222,2.72814,1,-5.5885,10,-2.5841,24,-1.3072
ENSG00000186501,TMEM222,82,0.16218,34,-1.2462,191,1.70604,87,0.24726,86,0.23048,1,-5.9765,33,-1.2804,84,0.20191
ENSG00000158195,WASF2,38,-1.3840,67,-0.5005,115,0.38751,1,-6.2682,33,-1.6018,80,-0.2142,212,1.51257,185,1.24484
ENSG00000126709,IFI6,135,0.46137,54,-1.0247,167,0.83568,196,1.13321,106,0.05838,23,-2.2569,97,-0.0978,42,-1.3810
ENSG00000117758,STX12,61,-1.0558,43,-1.5818,155,0.44295,159,0.49433,147,0.36148,204,0.93387,45,-1.5173,136,0.22411
ENSG00000126698,DNAJC8,93,-0.2067,74,-0.5812,211,1.21321,97,-0.1503,90,-0.2661,7,-3.9526,196,1.07423,79,-0.4736
ENSG00000130770,ATP5IF1,139,-1.2658,108,-1.6478,625,1.23893,625,1.23890,474,0.72532,109,-1.6352,140,-1.2467,258,-0.2963
ENSG00000198492,YTHDF2,90,0.33318,27,-1.5253,44,-0.8260,139,1.11322,114,0.74881,35,-1.1695,54,-0.5051,85,0.24510
ENSG00000116350,SRSF4,43,0.17651,19,-1.1222,54,0.55228,32,-0.3212,46,0.29028,48,0.35486,17,-1.2969,51,0.47286
ENSG00000162512,SDC3,161,1.07977,75,-0.2425,196,1.46025,53,-0.7804,62,-0.5386,49,-0.9019,62,-0.5344,35,-1.4091
ENSG00000134644,PUM1,127,-0.0752,54,-1.4059,211,0.78919,123,-0.1277,249,1.08755,154,0.23585,53,-1.4540,95,-0.5416
ENSG00000121766,ZCCHC17,82,-0.7006,45,-1.6188,100,-0.3818,153,0.31665,114,-0.1793,183,0.62480,187,0.65903,150,0.28559
ENSG00000121769,FABP3,79,0.14251,23,-1.7590,51,-0.5451,238,2.28705,100,0.54784,1,-5.9191,33,-1.2282,52,-0.5177
ENSG00000162517,PEF1,59,-0.4234,12,-2.7677,94,0.34309,228,2.03680,115,0.68922,1,-6.0282,47,-0.7715,57,-0.4683
ENSG00000084636,COL16A1,18,-1.8089,48,-0.3042,34,-0.8552,1,-5.8132,62,0.10243,10,-2.5953,69,0.27061,225,2.68228
ENSG00000121753,ADGRB2,77,-0.2203,19,-2.3589,184,1.29793,119,0.50259,238,1.82340,1,-6.2243,41,-1.1986,27,-1.8121
ENSG00000184007,PTP4A2,151,-0.9499,368,0.49050,128,-1.2068,72,-2.0706,130,-1.1840,351,0.41285,656,1.57102,343,0.37047
ENSG00000121774,KHDRBS1,89,-0.1491,24,-2.1320,151,0.74647,105,0.12508,116,0.29511,101,0.06045,62,-0.7250,131,0.49754
ENSG00000025800,KPNA6,61,-0.2168,36,-1.0351,55,-0.3754,83,0.29132,136,1.17292,12,-2.5998,114,0.84071,60,-0.2538
ENSG00000084652,TXLNA,20,-1.1028,19,-1.1534,66,0.84071,49,0.32012,34,-0.2646,21,-0.9843,28,-0.5852,85,1.31063
ENSG00000084623,EIF3I,78,-0.4538,24,-2.2229,146,0.59640,212,1.27514,133,0.43258,89,-0.2368,60,-0.8457,80,-0.3963
ENSG00000175130,MARCKSL1,165,-2.0168,143,-2.2297,235,-1.4903,51,-3.7435,69,-3.2951,682,0.19254,1191,1.18498,2320,2.67770
ENSG00000160058,BSDC1,50,-0.3027,37,-0.7599,29,-1.1583,76,0.40957,91,0.70508,37,-0.7693,83,0.55260,76,0.40750
ENSG00000162521,RBBP4,89,0.20324,13,-2.7093,87,0.15873,27,-1.6577,81,0.05830,98,0.36817,86,0.15343,148,1.09858
ENSG00000134684,YARS,62,-0.4998,14,-2.7358,137,0.81742,179,1.31590,142,0.87799,1,-5.7490,70,-0.3115,75,-0.2096
ENSG00000160097,FNDC5,31,-0.5408,11,-2.0492,83,1.14050,25,-0.8522,171,2.75118,1,-5.1984,5,-3.1472,18,-1.3131
ENSG00000121900,TMEM54,41,0.22052,33,-0.1325,67,1.06221,49,0.49311,48,0.47943,1,-4.9470,17,-1.1574,33,-0.1517
ENSG00000004455,AK2,35,-0.4871,10,-2.3650,71,0.67466,38,-0.3729,10,-2.4231,28,-0.8248,106,1.42245,84,0.96463
ENSG00000134686,PHC2,38,-0.7277,34,-0.9053,69,0.25596,49,-0.3206,67,0.19120,36,-0.7910,39,-0.6694,145,1.60159
ENSG00000163866,SMIM12,41,-0.1968,4,-3.5389,51,0.16285,106,1.47267,82,0.97603,8,-2.6630,34,-0.4873,45,-0.0489
ENSG00000116560,SFPQ,68,-1.4594,86,-1.0921,174,0.02016,144,-0.2846,111,-0.7061,422,1.62841,150,-0.2279,221,0.42274
ENSG00000146463,ZMYM4,13,-2.1387,13,-2.2253,17,-1.7663,33,-0.7939,53,-0.0726,174,2.17337,80,0.63712,57,0.05533
ENSG00000142687,KIAA0319L,28,-1.0772,57,0.02231,51,-0.1637,95,0.88774,102,1.02738,37,-0.6678,42,-0.4584,38,-0.6111
ENSG00000020129,NCDN,188,-0.6477,69,-2.1704,475,0.90359,509,1.03220,821,2.00554,49,-2.6834,83,-1.8900,57,-2.4605
ENSG00000126067,PSMB2,76,-0.3947,12,-3.1820,103,0.10103,284,2.00944,129,0.47592,17,-2.6084,54,-0.9193,101,0.05980
ENSG00000142686,C1orf216,16,-1.6474,16,-1.6998,86,1.03260,88,1.07872,137,1.98852,8,-2.6063,10,-2.3490,16,-1.6229
ENSG00000126070,AGO3,10,-3.1056,37,-1.1942,26,-1.7365,11,-2.9324,47,-0.8184,319,2.80265,103,0.44188,82,0.04946
ENSG00000054116,TRAPPC3,63,0.28561,17,-1.7373,53,0.01594,61,0.22195,74,0.55822,51,-0.0753,60,0.20814,45,-0.2577
ENSG00000116871,MAP7D1,74,-1.7847,65,-1.9647,190,-0.3264,408,0.97305,177,-0.4428,214,-0.1394,302,0.43884,431,1.07598
ENSG00000054118,THRAP3,49,-0.8305,47,-0.9090,110,0.47571,48,-0.8742,107,0.43211,119,0.60984,119,0.62078,64,-0.4242
ENSG00000116898,MRPS15,71,0.60436,23,-1.1684,64,0.43630,139,1.91515,39,-0.3677,1,-5.3894,36,-0.5134,22,-1.2780
ENSG00000163875,MEAF6,59,-0.9201,42,-1.4341,234,1.40803,137,0.42511,129,0.32601,128,0.31048,71,-0.6351,48,-1.2370
ENSG00000197982,C1orf122,135,-0.9906,151,-0.8229,376,0.68040,208,-0.3174,203,-0.3513,176,-0.5800,374,0.66770,396,0.77261
ENSG00000116954,RRAGC,44,-0.3693,24,-1.2885,70,0.36984,65,0.25478,94,0.88691,13,-2.1732,101,1.02144,35,-0.7312
ENSG00000174574,AKIRIN1,64,-0.9147,40,-1.6078,112,-0.0321,141,0.35662,96,-0.2735,141,0.35657,110,-0.0517,206,1.03241
ENSG00000168653,NDUFS5,255,-0.6482,166,-1.3096,748,1.18373,571,0.68572,346,-0.1622,226,-0.8366,293,-0.4289,449,0.26956
ENSG00000127603,MACF1,150,-1.5169,202,-1.0617,169,-1.3330,93,-2.2319,198,-1.0918,1624,2.88805,363,-0.1374,358,-0.1581
ENSG00000090621,PABPC4,34,-0.6632,97,1.09243,30,-0.8495,37,-0.5369,45,-0.2207,2,-4.8428,67,0.44702,101,1.17206
ENSG00000116983,HPCAL4,132,0.47168,54,-0.9543,215,1.36757,191,1.14018,129,0.43999,28,-1.9306,9,-3.5453,37,-1.5461
ENSG00000131236,CAP1,138,-0.2637,83,-1.0650,87,-0.9810,271,0.88810,178,0.15756,184,0.21359,172,0.10175,182,0.19658
ENSG00000131238,PPT1,65,-0.8698,44,-1.4720,225,1.21851,109,-0.0515,236,1.30884,75,-0.6391,48,-1.3403,98,-0.2230
ENSG00000084073,ZMPSTE24,17,-1.2721,24,-0.7145,80,1.31048,49,0.42990,56,0.65988,1,-5.0233,41,0.12385,36,-0.0968
ENSG00000049089,COL9A2,4,-3.9489,39,-0.5889,0,-7.4325,0,-8.0505,19,-1.6395,66,0.26144,156,1.88916,166,2.01866
ENSG00000084070,SMAP2,51,-0.7820,26,-1.7705,138,0.87077,108,0.44997,163,1.18516,66,-0.3770,48,-0.8824,64,-0.4198
ENSG00000117016,RIMS3,76,-0.0047,25,-1.7268,167,1.40213,130,0.93013,184,1.60104,1,-6.0121,5,-4.0165,19,-2.0819
ENSG00000177181,RIMKLA,42,-0.2167,23,-1.1284,53,0.16992,86,1.01666,153,2.21809,1,-5.3427,11,-2.1627,12,-2.0748
ENSG00000127125,PPCS,36,-0.6076,33,-0.7552,52,-0.0267,103,1.14540,46,-0.2469,25,-1.1674,90,0.89939,40,-0.4363
ENSG00000065978,YBX1,57,-0.8115,98,0.05853,134,0.59641,58,-0.7584,28,-1.8936,160,0.90960,66,-0.5738,154,0.83916
ENSG00000117394,SLC2A1,110,0.61338,32,-1.3863,113,0.65663,7,-3.6081,47,-0.7637,45,-0.8297,61,-0.3817,199,1.73731
ENSG00000117395,EBNA1BP2,31,-0.4952,31,-0.5193,53,0.33764,65,0.69297,27,-0.7254,17,-1.4312,56,0.43504,64,0.66900
ENSG00000179178,TMEM125,2,-4.5893,28,-0.8314,0,-7.1602,2,-4.5596,4,-3.5052,17,-1.5889,143,2.10100,179,2.66308
ENSG00000066322,ELOVL1,29,-2.9977,31,-2.8954,0,-8.4266,11,-4.3003,2,-6.6378,342,0.86560,460,1.42766,780,2.63630
ENSG00000142949,PTPRF,145,0.55528,31,-1.8587,90,-0.2351,161,0.73299,176,0.89814,18,-2.6880,143,0.52628,72,-0.6041
ENSG00000126091,ST3GAL3,40,0.26393,40,0.24906,44,0.41451,28,-0.2946,75,1.39035,1,-4.8624,28,-0.3363,18,-1.0347
ENSG00000117408,IPO13,30,-1.3447,22,-1.7925,3,-4.3690,57,-0.3451,17,-2.1459,62,-0.2076,172,1.62193,199,1.92963
ENSG00000117410,ATP6V0B,306,-0.7757,106,-2.3726,397,-0.3651,1478,2.04889,885,1.00169,186,-1.5398,252,-1.0787,366,-0.4924
ENSG00000117411,B4GALT2,27,-1.2883,4,-4.0931,100,0.80310,62,-0.0241,88,0.56918,91,0.63427,26,-1.3788,103,0.85449
ENSG00000196517,SLC6A9,46,-0.3992,11,-2.4801,11,-2.5492,0,-8.1170,2,-4.7921,62,0.08402,173,2.01358,166,1.91747
ENSG00000178028,DMAP1,43,0.04838,22,-1.0245,63,0.68576,21,-1.0719,89,1.33238,14,-1.7062,18,-1.3147,65,0.75599
ENSG00000117419,ERI3,69,-1.1249,34,-2.1923,226,0.81871,421,2.07368,143,0.03899,35,-2.1387,95,-0.6219,97,-0.5829
ENSG00000187147,RNF220,96,-0.5672,72,-1.0231,80,-0.8568,117,-0.2606,161,0.26580,167,0.33338,200,0.64451,203,0.66867
ENSG00000142937,RPS8,526,-0.4173,480,-0.5635,922,0.51190,346,-1.0746,273,-1.4381,647,-0.0850,872,0.41443,1383,1.25113
ENSG00000126088,UROD,28,-1.1577,24,-1.4317,126,1.32651,88,0.67068,109,1.04860,1,-5.2000,61,0.03399,38,-0.6984
ENSG00000117450,PRDX1,402,0.00952,111,-1.9887,567,0.59357,601,0.69649,256,-0.7114,274,-0.6048,463,0.24456,522,0.45064
ENSG00000117448,AKR1A1,39,-0.0030,9,-2.2383,97,1.64522,43,0.15153,13,-1.6880,1,-5.0553,57,0.63726,54,0.53526
ENSG00000132780,NASP,14,-2.3636,50,-0.4680,8,-3.1369,8,-3.1956,10,-2.8717,311,3.24116,77,0.21451,60,-0.1782
ENSG00000159592,GPBP1L1,36,-0.3484,18,-1.4101,34,-0.4295,10,-2.2459,68,0.71022,98,1.37221,56,0.37542,38,-0.2505
ENSG00000086015,MAST2,24,-0.7552,36,-0.1246,28,-0.5472,80,1.22954,72,1.04739,1,-5.0689,13,-1.6377,60,0.71593
ENSG00000085998,POMGNT1,68,-0.4038,19,-2.3497,94,0.11635,58,-0.6488,119,0.51767,50,-0.8955,94,0.12721,197,1.45631
ENSG00000173660,UQCRH,257,-0.5693,150,-1.4024,743,1.25394,616,0.90252,594,0.83638,118,-1.7626,151,-1.3888,294,-0.3521
ENSG00000117480,FAAH,31,-0.3123,6,-2.6720,40,0.10137,28,-0.4723,20,-1.0124,4,-3.3659,77,1.25304,95,1.68557
ENSG00000123472,ATPAF1,119,-0.2418,45,-1.7473,241,0.95755,161,0.24416,204,0.65457,91,-0.6761,101,-0.5067,147,0.09636
ENSG00000159658,EFCAB14,62,-0.9469,73,-0.6934,82,-0.5000,42,-1.5393,79,-0.5576,184,0.85516,226,1.23582,149,0.47505
ENSG00000162368,CMPK1,68,-1.5124,76,-1.3496,282,0.77474,266,0.66954,223,0.36558,237,0.46647,149,-0.3070,135,-0.4637
ENSG00000162374,ELAVL4,174,0.11023,76,-1.1975,202,0.36786,297,1.05143,333,1.26527,183,0.19554,15,-3.5932,20,-3.1575
ENSG00000123091,RNF11,284,-0.2787,117,-1.6496,554,0.85615,564,0.88745,555,0.85858,170,-1.0810,183,-0.9695,268,-0.3687
ENSG00000085832,EPS15,73,-1.2741,70,-1.3413,103,-0.7532,188,0.21732,111,-0.6268,477,1.98334,177,0.12181,119,-0.5283
ENSG00000117859,OSBPL9,13,-1.8266,20,-1.1432,55,0.42906,21,-1.1171,99,1.51366,71,0.86889,22,-1.0030,39,-0.1470
ENSG00000078618,NRDC,61,-0.4832,40,-1.1367,55,-0.6466,98,0.27202,126,0.70550,164,1.19914,53,-0.7136,66,-0.3711
ENSG00000169213,RAB3B,140,-0.4848,253,0.49756,138,-0.5008,456,1.59662,430,1.47673,82,-1.3046,8,-4.7313,2,-6.4489
ENSG00000134717,BTF3L4,56,-0.2029,24,-1.5046,76,0.30116,58,-0.1243,90,0.59434,69,0.14303,44,-0.5907,89,0.57831
ENSG00000162378,ZYG11B,86,-0.3867,44,-1.4161,246,1.45234,110,0.01226,170,0.75853,95,-0.2267,89,-0.3301,33,-1.8460
ENSG00000116171,SCP2,59,-0.9527,71,-0.6593,117,0.14275,88,-0.3321,96,-0.1864,146,0.51374,110,0.03935,173,0.81825
ENSG00000162384,CZIB,29,-0.4749,7,-2.5361,99,1.68584,19,-1.1433,35,-0.1807,2,-3.9975,51,0.46093,70,0.99828
ENSG00000157193,LRP8,49,0.33272,0,-7.9337,75,1.07661,77,1.11803,85,1.31457,1,-5.1061,6,-2.9021,30,-0.4671
ENSG00000116209,TMEM59,107,-1.8562,89,-2.1320,237,-0.6386,373,0.09116,225,-0.7250,516,0.64495,439,0.36377,839,1.56381
ENSG00000116221,MRPL37,47,0.25949,3,-3.7496,17,-1.3759,104,1.71401,64,0.77297,22,-0.9786,25,-0.7552,42,0.06910
ENSG00000157216,SSBP3,84,-0.3309,52,-1.0582,68,-0.6587,105,0.02891,112,0.14035,97,-0.0894,152,0.66745,152,0.66115
ENSG00000116133,DHCR24,126,-2.9503,158,-2.6244,58,-4.0716,603,-0.5957,381,-1.3051,1422,0.83957,1851,1.33590,2383,1.85767
ENSG00000162407,PLPP3,240,0.97454,56,-1.3994,281,1.27583,15,-3.3379,33,-2.1954,129,-0.0991,90,-0.6739,250,1.05103
ENSG00000162599,NFIA,106,-0.3631,142,0.11374,57,-1.3130,8,-4.0729,25,-2.5411,322,1.60715,253,1.13595,145,0.15502
ENSG00000162604,TM2D1,35,-0.8993,16,-2.0188,97,0.77773,70,0.23253,104,0.90923,36,-0.8399,54,-0.1916,77,0.39045
ENSG00000162434,JAK1,52,-0.4714,57,-0.3271,55,-0.3817,89,0.39483,146,1.29680,63,-0.1752,24,-1.6663,74,0.09332
ENSG00000162433,AK4,54,-0.3547,29,-1.3278,107,0.77901,129,1.11361,41,-0.7952,71,0.07952,28,-1.3675,83,0.33834
ENSG00000116675,DNAJC6,255,-0.8845,176,-1.4532,318,-0.5419,776,0.96680,583,0.45776,695,0.76605,279,-0.7458,473,0.10263
ENSG00000184588,PDE4B,25,-1.9676,74,-0.3250,97,0.12078,33,-1.5804,52,-0.8731,131,0.62445,126,0.55418,186,1.26918
ENSG00000118473,SGIP1,29,-1.7270,38,-1.3078,100,0.18936,63,-0.5480,127,0.60627,223,1.67192,65,-0.4972,65,-0.5017
ENSG00000142864,SERBP1,55,-1.2165,83,-0.5942,178,0.66696,37,-1.8233,138,0.23305,212,0.98477,169,0.58229,88,-0.5028
ENSG00000162595,DIRAS3,18,-1.6400,13,-2.1009,217,2.84427,3,-4.1046,99,1.07981,20,-1.5242,17,-1.7470,38,-0.5438
ENSG00000116729,WLS,71,0.68960,23,-1.0961,198,2.93332,3,-3.8226,0,-7.1336,28,-0.7920,3,-4.1466,50,0.10349
ENSG00000116754,SRSF11,80,-0.9538,118,-0.3328,106,-0.5042,58,-1.4310,208,0.60504,119,-0.3225,290,1.21521,183,0.38842
ENSG00000132485,ZRANB2,68,-0.7488,52,-1.1739,182,0.88202,49,-1.2364,83,-0.4269,248,1.47484,99,-0.1509,89,-0.3266
ENSG00000172260,NEGR1,113,-0.2552,64,-1.1603,257,1.15407,147,0.16366,190,0.60824,141,0.10509,91,-0.5981,59,-1.2787
ENSG00000117054,ACADM,32,-0.5405,22,-1.1098,78,0.93331,33,-0.4812,52,0.24361,58,0.40671,9,-2.3575,76,0.89851
ENSG00000137955,RABGGTB,27,-1.2453,26,-1.2804,60,0.00801,60,0.01300,40,-0.6332,116,1.16273,42,-0.5472,105,0.98399
ENSG00000154027,AK5,34,-1.1418,12,-2.6640,49,-0.5732,83,0.27253,191,1.82104,51,-0.5156,72,0.02435,73,0.05501
ENSG00000077254,USP33,34,-1.7217,43,-1.3875,118,0.19763,138,0.46123,220,1.30764,184,0.97175,56,-0.9809,45,-1.3235
ENSG00000180488,MIGA1,62,-1.5204,57,-1.6485,72,-1.2881,183,0.17893,186,0.20808,322,1.17700,221,0.49549,212,0.42661
ENSG00000162613,FUBP1,28,-0.8480,11,-2.2149,79,0.84840,63,0.44866,82,0.89931,35,-0.5257,75,0.75116,13,-2.0049
ENSG00000162616,DNAJB4,9,-2.7335,21,-1.5218,21,-1.5176,82,0.62746,56,-0.0260,188,2.30003,44,-0.3964,31,-0.9391
ENSG00000137941,TTLL7,101,-1.0827,105,-1.0284,88,-1.2948,177,-0.1982,174,-0.2328,328,0.84879,479,1.57480,151,-0.4603
ENSG00000142875,PRKACB,141,-1.4687,149,-1.3864,604,0.89229,505,0.57249,360,0.00240,574,0.80091,215,-0.8191,331,-0.1376
ENSG00000162642,C1orf52,36,-0.5479,3,-4.2231,75,0.64377,80,0.76454,69,0.50503,54,0.10056,51,-0.0124,41,-0.3597
ENSG00000153904,DDAH1,191,0.45010,104,-0.5407,312,1.34667,248,0.91094,143,-0.0403,82,-0.9131,51,-1.6252,37,-2.0970
ENSG00000097033,SH3GLB1,27,-1.3046,25,-1.3845,24,-1.4572,36,-0.8423,14,-2.2467,166,1.80893,119,1.14056,83,0.49805
ENSG00000183291,SELENOF,81,-0.7710,42,-1.7658,249,1.12902,190,0.63037,115,-0.2119,51,-1.4827,135,0.05738,184,0.57472
ENSG00000143013,LMO4,77,0.38273,88,0.60973,48,-0.3967,1,-5.2377,115,1.09230,1,-5.5320,50,-0.3411,110,1.01849
ENSG00000171492,LRRC8D,38,-0.8975,22,-1.6972,56,-0.2806,23,-1.6466,14,-2.3459,178,1.78804,118,0.96916,87,0.43080
ENSG00000162664,ZNF326,17,-1.4571,67,0.72708,35,-0.3635,23,-1.0204,39,-0.1827,30,-0.5886,93,1.34919,45,0.04156
ENSG00000122482,ZNF644,23,-1.6160,37,-0.8945,40,-0.7470,13,-2.4536,17,-2.0700,196,2.07990,142,1.40009,50,-0.4111
ENSG00000189195,BTBD8,52,-0.3296,31,-1.1102,45,-0.5692,60,-0.1044,112,0.97012,113,0.98683,75,0.26153,23,-1.5928
ENSG00000067208,EVI5,22,-1.4855,18,-1.7630,35,-0.7998,8,-2.9494,65,0.19297,202,2.42477,86,0.67650,26,-1.2481
ENSG00000122406,RPL5,295,-0.4918,280,-0.5714,654,0.84552,307,-0.4293,257,-0.7106,394,-0.0256,382,-0.0754,631,0.78161
ENSG00000154511,DIPK1A,18,-1.8860,15,-2.1038,82,0.51456,55,-0.1332,77,0.41654,101,0.89902,33,-0.9633,100,0.87074
ENSG00000117500,TMED5,45,-0.0896,10,-2.3586,62,0.44811,46,-0.0617,30,-0.7376,4,-3.6890,112,1.54217,71,0.69052
ENSG00000117505,DR1,33,-0.4378,10,-2.2004,68,0.75308,45,0.04293,73,0.89102,1,-5.2018,66,0.71237,52,0.29501
ENSG00000067334,DNTTIP2,24,-0.7795,39,0.01449,50,0.43265,62,0.80029,78,1.21808,2,-4.0117,40,0.05749,15,-1.4848
ENSG00000023909,GCLM,34,-0.3253,13,-1.7507,11,-1.9399,102,1.63036,77,1.08292,20,-1.1457,5,-3.0131,67,0.84347
ENSG00000117528,ABCD3,38,-1.0352,29,-1.4059,100,0.54836,86,0.28935,69,-0.0800,57,-0.3991,135,1.08024,66,-0.1587
ENSG00000117519,CNN3,110,0.63658,42,-0.9356,155,1.26826,26,-1.6515,3,-4.4997,51,-0.6291,136,1.00970,82,0.12826
ENSG00000117569,PTBP2,24,-1.7978,14,-2.6154,93,0.28929,80,0.05420,57,-0.4993,105,0.49634,154,1.19585,96,0.34834
ENSG00000156875,MFSD14A,31,-0.4895,5,-3.0415,40,-0.0551,52,0.37108,35,-0.2799,3,-3.7511,97,1.50800,70,0.88786
ENSG00000137992,DBT,31,-0.8054,9,-2.6131,12,-2.1460,48,-0.0981,37,-0.4947,162,2.19518,89,0.96513,19,-1.5344
ENSG00000137996,RTCA,33,-0.8467,8,-2.9538,18,-1.7291,140,1.63781,89,0.76255,74,0.45351,56,-0.0106,34,-0.7890
ENSG00000162694,EXTL2,38,-0.2916,7,-2.7921,59,0.46036,90,1.20381,113,1.67003,7,-2.8625,30,-0.6226,17,-1.5433
ENSG00000162636,FAM102B,12,-2.0789,12,-2.1173,22,-1.2134,112,1.53288,70,0.65219,111,1.52271,34,-0.5134,7,-2.8389
ENSG00000134186,PRPF38B,21,-1.4594,112,1.31734,4,-3.8818,25,-1.1658,51,-0.0600,124,1.51304,36,-0.5996,52,-0.0357
ENSG00000116266,STXBP3,20,-2.5201,22,-2.3849,41,-1.4412,49,-1.1758,25,-2.2054,348,2.32803,133,0.41465,193,1.07976
ENSG00000121957,GPSM2,23,-1.5924,31,-1.1506,51,-0.3659,0,-7.6704,27,-1.3722,164,1.69703,95,0.65200,125,1.15727
ENSG00000085433,WDR47,42,-0.9446,7,-3.6226,72,-0.0817,220,1.97022,125,0.84849,57,-0.4516,22,-1.8781,64,-0.2833
ENSG00000197780,TAF13,121,0.22431,67,-0.7347,50,-1.1860,154,0.62817,128,0.31437,54,-1.0575,146,0.54613,127,0.30841
ENSG00000215717,TMEM167B,29,-0.8603,11,-2.2856,44,-0.2063,38,-0.4573,53,0.07277,121,1.57871,33,-0.6829,74,0.64635
ENSG00000031698,SARS,89,-1.0834,100,-0.8998,181,0.03815,293,0.86575,291,0.85319,238,0.49683,85,-1.1516,138,-0.3960
ENSG00000143126,CELSR2,24,-2.3039,38,-1.6447,74,-0.6128,78,-0.5268,148,0.51697,145,0.48390,165,0.71294,197,1.03604
ENSG00000134243,SORT1,106,-1.9212,103,-1.9502,102,-1.9659,150,-1.3919,176,-1.1515,564,0.74688,715,1.18622,997,1.86309
ENSG00000143106,PSMA5,28,-0.9919,12,-2.3047,101,1.11150,97,1.03959,40,-0.4526,53,-0.0115,24,-1.2702,72,0.49361
ENSG00000181754,AMIGO1,49,0.63874,0,-5.6396,54,0.81836,63,1.12404,79,1.54535,1,-4.8233,0,-6.6834,20,-0.7994
ENSG00000116337,AMPD2,53,-0.3739,20,-1.8623,219,2.27645,121,1.04126,87,0.45516,1,-5.8180,8,-3.1801,24,-1.6050
ENSG00000134202,GSTM3,50,-0.8555,52,-0.7973,186,1.37685,172,1.22386,82,-0.0622,35,-1.3790,68,-0.3775,40,-1.1991
ENSG00000168710,AHCYL1,429,0.95452,252,0.02917,542,1.39792,125,-1.0848,151,-0.7917,199,-0.3518,149,-0.8039,132,-0.9966
ENSG00000197106,SLC6A17,105,0.35108,19,-2.2591,141,0.86235,143,0.88562,256,2.06132,1,-6.1775,9,-3.3552,8,-3.4808
ENSG00000116396,KCNC4,112,0.04068,42,-1.4924,192,0.96537,310,1.93164,137,0.37083,63,-0.8862,7,-4.1113,14,-3.0588
ENSG00000134248,LAMTOR5,90,-0.8410,67,-1.2941,222,0.63131,253,0.86636,156,0.03477,158,0.05681,33,-2.3685,244,0.80133
ENSG00000177301,KCNA2,69,-0.0188,54,-0.4193,89,0.40806,55,-0.3935,242,2.39831,34,-1.1242,13,-2.5156,3,-4.3386
ENSG00000259834,AL365361.1,23,-0.9761,22,-1.0309,38,-0.1807,118,1.85829,120,1.89892,1,-5.1866,1,-5.0520,20,-1.2136
ENSG00000116459,ATP5PB,104,-0.6790,46,-1.9234,189,0.29361,325,1.26647,259,0.83804,146,-0.1323,32,-2.4456,169,0.09928
ENSG00000116473,RAP1A,56,-1.0189,33,-1.8157,86,-0.3577,29,-2.0295,81,-0.4410,208,1.16484,122,0.22246,240,1.44740
ENSG00000171385,KCND3,75,0.33128,28,-1.2268,87,0.58381,67,0.14134,156,1.68899,66,0.10958,10,-2.6816,3,-4.3477
ENSG00000116489,CAPZA1,74,-0.4099,19,-2.4514,151,0.77361,184,1.13771,113,0.27070,15,-2.7888,84,-0.2162,127,0.47076
ENSG00000155366,RHOC,62,0.39814,53,0.11103,112,1.45986,6,-3.1396,19,-1.4491,1,-5.3860,63,0.41926,78,0.77397
ENSG00000081026,MAGI3,15,-1.5693,35,-0.2482,14,-1.6575,36,-0.2110,110,1.80976,81,1.19755,32,-0.3699,4,-3.3831
ENSG00000163349,HIPK1,52,-0.2298,15,-2.1097,84,0.58250,6,-3.2768,45,-0.4603,161,1.82720,48,-0.3457,65,0.15353
ENSG00000197323,TRIM33,37,-0.2653,42,-0.0527,38,-0.2248,7,-2.7533,51,0.24337,77,0.98485,51,0.25879,46,0.09021
ENSG00000116752,BCAS2,96,0.10830,20,-2.2651,129,0.61311,181,1.24390,185,1.28303,1,-6.1625,50,-0.9244,54,-0.8045
ENSG00000213281,NRAS,72,0.51660,11,-2.3085,13,-2.1450,93,0.97287,27,-1.0280,108,1.26409,28,-0.9716,69,0.44888
ENSG00000009307,CSDE1,246,-0.5954,127,-1.6101,366,0.04878,504,0.59246,391,0.15687,619,0.96167,326,-0.1414,265,-0.4745
ENSG00000163399,ATP1A1,189,-1.3036,104,-2.2041,389,-0.1703,1712,2.77849,279,-0.6979,319,-0.4903,178,-1.3931,286,-0.6630
ENSG00000198162,MAN1A2,59,-1.3786,249,0.97728,170,0.30803,58,-1.3857,95,-0.6305,257,1.03956,114,-0.3535,129,-0.1473
ENSG00000092621,PHGDH,33,-0.5299,54,0.23837,154,2.28171,2,-4.2504,14,-1.8773,1,-5.2823,1,-4.9719,113,1.60398
ENSG00000265808,SEC22B,36,-0.9135,41,-0.7116,70,0.14015,79,0.33759,54,-0.2872,84,0.44163,102,0.78082,49,-0.4283
ENSG00000265491,RNF115,30,-0.4956,25,-0.7839,59,0.59942,33,-0.3763,48,0.22845,90,1.36703,23,-0.9268,24,-0.8854
ENSG00000131779,PEX11B,33,-0.1690,5,-3.0103,67,1.05486,67,1.06678,48,0.45190,1,-4.9522,33,-0.1515,37,0.04742
ENSG00000265241,RBM8A,61,-0.3566,41,-0.9882,74,-0.0419,67,-0.2044,44,-0.8761,124,0.83496,112,0.64831,87,0.21298
ENSG00000265972,TXNIP,60,-0.1068,26,-1.4410,97,0.69263,0,-8.2506,6,-3.3985,222,2.38434,21,-1.7400,85,0.44965
ENSG00000178104,PDE4DIP,54,-1.4286,83,-0.7776,190,0.57237,146,0.12657,160,0.27811,154,0.21539,172,0.39800,124,-0.1477
ENSG00000159164,SV2A,258,-0.2954,83,-2.0362,537,0.95353,378,0.33524,945,2.10874,72,-2.2514,105,-1.6779,98,-1.7944
ENSG00000264522,OTUD7B,26,-1.2243,31,-0.9639,0,-7.4673,5,-3.6117,11,-2.5022,46,-0.3531,262,3.19351,78,0.52063
ENSG00000143401,ANP32E,55,-0.7807,74,-0.3286,151,0.87731,73,-0.3451,84,-0.1272,171,1.10956,80,-0.1942,36,-1.4455
ENSG00000266472,MRPS21,96,-0.5154,61,-1.2069,319,1.60450,197,0.68420,170,0.42573,17,-3.0735,68,-1.0418,125,-0.0843
ENSG00000163125,RPRD2,16,-1.9673,14,-2.1825,46,-0.3875,54,-0.1426,72,0.33677,176,2.05930,37,-0.7199,54,-0.1315
ENSG00000143384,MCL1,61,0.38247,44,-0.1807,68,0.56306,21,-1.3078,19,-1.4937,129,1.77385,14,-1.8687,34,-0.5636
ENSG00000143420,ENSA,92,0.17054,29,-1.6251,177,1.33698,68,-0.3209,102,0.34712,67,-0.3474,109,0.45984,20,-2.1843
ENSG00000143418,CERS2,33,-2.0153,27,-2.2941,11,-3.5811,21,-2.6257,26,-2.3552,202,0.88881,259,1.36016,385,2.21319
ENSG00000213190,MLLT11,199,-0.4393,67,-2.0888,494,1.11583,680,1.75346,365,0.56626,126,-1.1455,68,-2.0834,89,-1.6741
ENSG00000159352,PSMD4,82,-0.5967,71,-0.8113,149,0.37945,283,1.55970,166,0.55602,14,-3.2599,49,-1.3963,139,0.25468
ENSG00000143393,PI4KB,47,-0.5307,25,-1.4685,87,0.47482,92,0.58159,118,1.02350,46,-0.5685,18,-1.9807,90,0.53307
ENSG00000159377,PSMB4,142,-0.4918,53,-1.9865,306,0.78826,406,1.31807,234,0.32102,66,-1.6695,78,-1.4183,258,0.49204
ENSG00000143442,POGZ,42,-0.6072,32,-1.0317,81,0.46083,17,-2.0101,105,0.91250,103,0.87756,54,-0.2085,59,-0.0596
ENSG00000143376,SNX27,62,-0.4510,42,-1.0535,93,0.20998,67,-0.3180,102,0.37319,127,0.75312,95,0.25979,65,-0.3606
ENSG00000143436,MRPL9,39,0.11709,1,-4.4352,79,1.36413,39,0.10063,68,1.09729,13,-1.6242,11,-1.7713,40,0.17686
ENSG00000197747,S100A10,71,-0.3098,17,-2.5017,54,-0.7594,434,3.53485,18,-2.3746,19,-2.2864,32,-1.5542,48,-0.9437
ENSG00000197956,S100A6,216,-0.5637,86,-1.9732,442,0.61813,467,0.71496,111,-1.5896,245,-0.3656,212,-0.5936,677,1.41149
ENSG00000189171,S100A13,116,-0.6061,115,-0.6235,257,0.71069,51,-1.8701,53,-1.7884,59,-1.6281,311,1.05846,392,1.50890
ENSG00000160678,S100A1,125,-0.9554,137,-0.8189,90,-1.4507,5,-5.5940,31,-3.0251,415,1.03705,223,-0.0379,801,2.44634
ENSG00000160679,CHTOP,52,-0.0990,14,-2.0928,75,0.52014,47,-0.2580,75,0.52334,40,-0.4926,52,-0.1006,85,0.74408
ENSG00000143621,ILF2,51,-0.7152,6,-3.8771,101,0.38695,153,1.12632,60,-0.4641,134,0.88086,37,-1.1976,99,0.35459
ENSG00000143624,INTS3,34,-0.5635,7,-2.7912,46,-0.0947,58,0.27362,43,-0.2239,122,1.64961,47,-0.0487,34,-0.5923
ENSG00000143614,GATAD2B,34,-0.5279,25,-0.9588,20,-1.3487,13,-1.9234,28,-0.7849,112,1.57566,63,0.49384,79,0.88977
ENSG00000143543,JTB,93,-0.1882,43,-1.3987,167,0.80978,113,0.12838,117,0.19754,93,-0.1795,41,-1.4479,167,0.80131
ENSG00000177954,RPS27,881,-0.4197,1142,0.00068,1747,0.72803,216,-2.5568,335,-1.9065,1244,0.14315,1450,0.40207,2115,1.07747
ENSG00000143549,TPM3,112,-0.3346,126,-0.1411,139,0.01391,249,1.02973,67,-1.1446,101,-0.4917,175,0.40049,132,-0.0652
ENSG00000143612,C1orf43,77,-0.6623,32,-1.9852,155,0.48766,152,0.45643,109,-0.1058,51,-1.2916,114,-0.0359,239,1.27558
ENSG00000143569,UBAP2L,48,-0.0274,14,-1.9166,45,-0.1270,77,0.76853,73,0.66012,67,0.53158,28,-0.9044,40,-0.3157
ENSG00000143575,HAX1,34,-0.4431,15,-1.6496,83,1.06660,61,0.51198,95,1.31241,1,-5.2278,24,-1.0081,47,0.06265
ENSG00000160714,UBE2Q1,73,-0.0873,46,-0.8011,79,0.04650,152,1.19472,152,1.19269,5,-4.0318,55,-0.5306,53,-0.6042
ENSG00000160710,ADAR,165,-0.0252,41,-2.1757,301,1.01531,197,0.26439,297,0.98943,100,-0.8163,110,-0.6703,131,-0.4053
ENSG00000143603,KCNN3,120,1.71929,32,-0.5792,128,1.85660,28,-0.8062,22,-1.1488,1,-5.3129,42,-0.1884,0,-7.4358
ENSG00000163344,PMVK,55,-0.5003,47,-0.7425,125,0.87299,93,0.36500,38,-1.0712,61,-0.3424,64,-0.2611,118,0.76558
ENSG00000163346,PBXIP1,160,1.48227,69,-0.0321,222,2.18967,32,-1.2313,16,-2.2320,1,-5.8907,13,-2.5763,47,-0.6223
ENSG00000143537,ADAM15,25,-0.9797,31,-0.6430,49,0.10149,32,-0.5620,25,-0.9620,1,-5.2848,60,0.45236,145,2.17433
ENSG00000179085,DPM3,27,-0.6125,21,-0.9769,79,1.23609,28,-0.5091,46,0.25085,1,-5.0604,26,-0.6217,85,1.36777
ENSG00000163463,KRTCAP2,60,-0.7107,22,-2.2217,135,0.61188,86,-0.1473,78,-0.2983,6,-4.0398,125,0.48562,239,1.70111
ENSG00000177628,GBA,71,-0.3451,34,-1.4599,42,-1.1362,217,1.64374,174,1.20566,30,-1.6506,44,-1.0774,88,0.00178
ENSG00000116521,SCAMP3,42,-1.1736,5,-4.1601,96,0.14560,118,0.48986,88,0.00050,71,-0.3473,76,-0.2524,210,1.55657
ENSG00000160752,FDPS,88,-0.7094,54,-1.4573,131,-0.0810,322,1.53062,138,0.00647,168,0.33264,64,-1.1900,134,-0.0374
ENSG00000160753,RUSC1,92,0.35363,7,-3.4321,164,1.40500,101,0.51583,154,1.27611,37,-1.0927,20,-2.0257,20,-1.9876
ENSG00000116539,ASH1L,55,-0.8601,116,0.34840,16,-2.7052,39,-1.3678,106,0.19244,247,1.76185,142,0.68863,34,-1.5862
ENSG00000163374,YY1AP1,40,-0.2700,12,-2.1258,62,0.46466,45,-0.0970,52,0.16254,52,0.14708,102,1.36345,14,-1.9081
ENSG00000132718,SYT11,334,-0.7940,195,-1.6180,493,-0.1734,787,0.61387,798,0.63745,442,-0.3520,642,0.26240,697,0.40231
ENSG00000116584,ARHGEF2,10,-2.5433,30,-1.0029,7,-3.1395,10,-2.5377,31,-0.9404,66,0.25208,137,1.59024,162,1.94040
ENSG00000163479,SSR2,44,-0.2061,22,-1.2765,63,0.36699,81,0.82111,32,-0.7260,51,0.01056,34,-0.6090,75,0.67835
ENSG00000160803,UBQLN4,28,-1.0527,12,-2.2223,74,0.52924,35,-0.6809,91,0.90197,165,2.10703,4,-3.8617,22,-1.3890
ENSG00000116586,LAMTOR2,37,-1.0568,23,-1.7774,131,1.00186,115,0.76913,89,0.33009,85,0.24810,10,-2.9596,95,0.43817
ENSG00000160789,LMNA,24,-1.2891,25,-1.2494,57,0.06499,37,-0.6556,26,-1.1500,129,1.52181,43,-0.4124,101,1.03658
ENSG00000160785,SLC25A44,15,-1.4809,10,-2.1500,57,0.60609,21,-1.0148,102,1.71322,45,0.21416,31,-0.3901,37,-0.1219
ENSG00000160781,PAQR6,174,-1.6246,592,0.30638,272,-0.9483,20,-4.8012,78,-2.8142,513,0.06697,1114,1.46065,1181,1.57992
ENSG00000198952,SMG5,23,-1.4398,13,-2.2234,83,0.59792,102,0.96174,60,0.05022,30,-1.0539,55,-0.0940,100,0.92671
ENSG00000163468,CCT3,66,-0.6727,29,-1.9046,132,0.44907,241,1.56343,131,0.42813,50,-1.1246,26,-2.1009,135,0.47841
ENSG00000125462,C1orf61,1005,1.05092,640,0.25163,1919,2.43531,97,-2.6648,175,-1.7791,72,-3.1001,125,-2.2893,368,-0.6469
ENSG00000163382,NAXE,49,-0.3241,21,-1.6409,57,-0.0902,97,0.81507,40,-0.6641,41,-0.6266,92,0.71264,86,0.59530
ENSG00000132702,HAPLN2,6,-5.8910,84,-2.1147,0,-9.1811,8,-5.4989,36,-3.3489,408,0.34477,653,1.19200,1458,3.08994
ENSG00000132692,BCAN,94,-0.0468,105,0.13474,209,1.36417,36,-1.5280,98,0.02430,86,-0.1861,74,-0.4407,72,-0.4747
ENSG00000143314,MRPL24,38,-0.4013,20,-1.3364,65,0.51102,87,1.00986,33,-0.5942,39,-0.3373,50,0.06720,53,0.16531
ENSG00000143321,HDGF,45,-0.3419,17,-1.8488,79,0.58428,13,-2.2495,34,-0.7950,79,0.57863,89,0.78772,92,0.85429
ENSG00000162706,CADM3,136,0.01549,51,-1.5232,87,-0.7006,374,1.88756,369,1.85521,2,-5.9346,2,-6.0466,59,-1.3053
ENSG00000158710,TAGLN2,57,0.23061,27,-0.9451,69,0.55044,164,2.28610,10,-2.3748,8,-2.6490,47,-0.0915,14,-1.9186
ENSG00000177807,KCNJ10,75,-1.1809,62,-1.4844,68,-1.3434,20,-3.1335,28,-2.6229,241,0.70745,347,1.38629,433,1.84480
ENSG00000143315,PIGM,29,-1.5911,41,-1.0429,9,-3.3065,39,-1.1313,33,-1.3717,292,2.54464,84,0.08027,113,0.58337
ENSG00000162729,IGSF8,56,-1.3144,20,-2.7988,78,-0.7950,52,-1.4295,182,0.57971,221,0.92384,149,0.23958,275,1.34028
ENSG00000018625,ATP1A2,655,1.33182,253,-0.3239,1072,2.41565,80,-2.0874,71,-2.2661,160,-1.0501,62,-2.4629,122,-1.4593
ENSG00000162734,PEA15,517,-1.2152,462,-1.3874,800,-0.5353,945,-0.2703,349,-1.8107,1679,0.69839,1795,0.81838,2374,1.34365
ENSG00000132716,DCAF8,49,-0.1189,40,-0.4471,101,1.11738,34,-0.6975,83,0.76890,1,-5.3675,42,-0.3788,74,0.55159
ENSG00000162735,PEX19,48,-0.4782,27,-1.3927,61,-0.1060,63,-0.0571,129,1.20119,7,-3.3801,108,0.87014,78,0.30067
ENSG00000122218,COPA,96,-0.7891,65,-1.3866,94,-0.8238,158,0.00078,168,0.10396,335,1.33635,152,-0.0638,194,0.34586
ENSG00000162736,NCSTN,61,-0.0696,23,-1.5837,27,-1.3119,145,1.47222,73,0.21937,81,0.40237,35,-0.9317,64,0.00444
ENSG00000143256,PFDN2,90,-0.3977,25,-2.3487,216,1.08650,147,0.40795,67,-0.8677,37,-1.7734,152,0.46272,190,0.85723
ENSG00000143222,UFC1,65,-0.1296,47,-0.6581,113,0.81534,106,0.69544,85,0.31015,1,-5.6306,49,-0.5921,97,0.54843
ENSG00000158859,ADAMTS4,4,-5.1037,34,-2.0425,0,-8.6125,2,-6.1323,0,-9.2970,149,0.26066,397,2.14716,436,2.37736
ENSG00000158864,NDUFS2,110,-0.5771,66,-1.3552,203,0.42584,357,1.46252,222,0.58378,17,-3.3475,93,-0.8428,192,0.33038
ENSG00000248485,PCP4L1,39,0.02110,19,-1.1058,70,1.01982,7,-2.5070,159,2.84241,1,-4.9404,15,-1.4407,0,-6.7489
ENSG00000143252,SDHC,73,-0.9118,37,-1.9454,157,0.32685,98,-0.4415,203,0.77215,289,1.43612,61,-1.1767,116,-0.1771
ENSG00000152332,UHMK1,106,-0.8802,66,-1.6062,170,-0.1358,357,1.15714,226,0.33616,392,1.33736,115,-0.7550,45,-2.1868
ENSG00000117152,RGS4,67,-0.2829,13,-2.7679,148,1.06326,311,2.70420,61,-0.4389,2,-5.2374,28,-1.6552,12,-2.8179
ENSG00000143248,RGS5,67,-0.5718,111,0.23192,95,-0.0232,0,-8.5427,21,-2.3544,244,1.69125,93,-0.0539,140,0.63124
ENSG00000185630,PBX1,78,0.59160,33,-0.7905,101,1.03975,56,0.03381,115,1.29723,1,-5.4822,54,-0.0269,2,-4.5763
ENSG00000143198,MGST3,172,-0.9523,37,-3.2297,460,0.65274,633,1.23966,308,-0.0308,162,-1.0459,259,-0.3102,476,0.71437
ENSG00000143149,ALDH9A1,67,0.17670,25,-1.3570,106,0.97224,69,0.22422,22,-1.5353,76,0.37986,42,-0.5776,75,0.36224
ENSG00000143183,TMCO1,49,-1.2639,21,-2.5363,186,0.89794,95,-0.2388,71,-0.6934,203,1.06201,126,0.22240,131,0.28012
ENSG00000143157,POGK,3,-4.1010,32,-0.5409,23,-1.0748,16,-1.6344,22,-1.1026,64,0.57394,162,2.48424,41,-0.1673
ENSG00000143162,CREG1,22,-0.7532,20,-0.8691,71,1.21935,46,0.43846,31,-0.2116,1,-4.7407,56,0.76540,36,0.02637
ENSG00000197965,MPZL1,35,0.03930,26,-0.4348,56,0.82743,53,0.73369,77,1.43003,1,-4.8682,25,-0.5255,2,-3.9557
ENSG00000143158,MPC2,97,0.02143,42,-1.3090,200,1.28906,142,0.65924,150,0.76239,19,-2.4303,5,-4.2056,114,0.27575
ENSG00000143153,ATP1B1,844,-1.1760,445,-2.1389,1514,-0.2584,3818,1.36542,3978,1.44682,1608,-0.1601,924,-1.0353,1058,-0.8256
ENSG00000075945,KIFAP3,110,-0.9687,55,-2.0083,183,-0.1739,638,2.17453,370,1.04353,108,-0.9995,79,-1.4848,82,-1.4258
ENSG00000117523,PRRC2C,130,-0.8090,319,0.66639,63,-1.8973,119,-0.9399,243,0.19751,339,0.77790,351,0.83726,160,-0.4836
ENSG00000117533,VAMP4,41,-0.4643,37,-0.5886,103,1.11270,58,0.11633,61,0.20882,75,0.55649,21,-1.4813,37,-0.6151
ENSG00000197959,DNM3,130,-0.9981,128,-1.0245,169,-0.5887,452,1.07748,430,0.98702,221,-0.1566,269,0.16534,150,-0.7781
ENSG00000117592,PRDX6,213,0.53834,118,-0.4438,387,1.66417,200,0.42753,134,-0.2348,10,-4.0275,97,-0.7414,80,-1.0474
ENSG00000234741,GAS5,76,-0.5903,86,-0.3794,74,-0.6318,24,-2.3185,70,-0.7192,129,0.27329,232,1.33785,184,0.89372
ENSG00000152061,RABGAP1L,59,-0.6121,63,-0.5054,101,0.26102,121,0.56355,119,0.53114,77,-0.1906,84,-0.0404,68,-0.3904
ENSG00000116161,CACYBP,127,-0.6678,55,-1.9282,194,0.00704,375,1.16796,288,0.68165,276,0.60916,89,-1.2159,138,-0.5391
ENSG00000116147,TNR,86,-0.5252,115,-0.0594,111,-0.1132,3,-5.1745,42,-1.6210,208,0.96352,286,1.58134,102,-0.2566
ENSG00000152092,ASTN1,60,0.46469,10,-2.2213,104,1.46555,20,-1.2975,125,1.85450,1,-5.2780,29,-0.7051,15,-1.6726
ENSG00000116199,FAM20B,21,-1.6053,34,-0.8825,94,0.76616,71,0.28777,120,1.21878,86,0.61933,24,-1.3976,28,-1.2051
ENSG00000143322,ABL2,39,-0.2061,17,-1.4382,41,-0.1005,29,-0.6650,47,0.11507,58,0.46090,82,1.07114,39,-0.2039
ENSG00000169905,TOR1AIP2,44,-0.7306,38,-0.9496,73,0.07024,88,0.39342,63,-0.1771,147,1.31060,68,-0.0455,38,-0.9684
ENSG00000143337,TOR1AIP1,32,-0.4953,25,-0.8678,82,1.08915,14,-1.7212,32,-0.5028,54,0.36011,24,-0.9229,85,1.17725
ENSG00000135837,CEP350,37,-1.8028,112,-0.0837,17,-2.9508,4,-4.7598,28,-2.2218,480,2.83795,202,0.91915,67,-0.9070
ENSG00000116260,QSOX1,70,-0.7260,17,-2.7977,42,-1.4915,156,0.59212,69,-0.7424,110,-0.0056,181,0.85549,235,1.34443
ENSG00000143324,XPR1,67,0.80918,2,-4.3465,50,0.32495,40,-0.0728,75,1.02572,42,0.01704,39,-0.0861,17,-1.4037
ENSG00000135821,GLUL,677,0.18026,220,-1.5891,1052,0.95274,126,-2.4234,115,-2.5578,526,-0.2353,901,0.67247,1241,1.26387
ENSG00000135829,DHX9,67,-0.4363,25,-1.9475,87,-0.0095,101,0.22880,115,0.45419,145,0.86589,91,0.05755,71,-0.3397
ENSG00000157064,NMNAT2,89,-0.0017,48,-0.9616,148,0.86765,193,1.37583,204,1.48712,1,-6.2335,23,-2.0588,6,-4.0494
ENSG00000162704,ARPC5,31,-2.4184,49,-1.7393,18,-3.2040,230,0.72621,48,-1.7785,324,1.37015,178,0.28678,323,1.36103
ENSG00000143344,RGL1,45,0.28326,16,-1.3623,57,0.69604,38,0.01181,39,0.05964,47,0.37704,53,0.59103,6,-2.6501
ENSG00000198756,COLGALT2,40,-0.6981,34,-0.9730,25,-1.4152,39,-0.7519,30,-1.1702,33,-1.0246,123,1.18587,177,1.92452
ENSG00000198860,TSEN15,10,-2.2707,1,-5.5739,22,-1.1540,56,0.29288,48,0.02788,87,1.07799,82,0.95549,69,0.65099
ENSG00000116667,C1orf21,29,-0.1928,33,-0.0064,40,0.30597,60,1.01298,96,1.97050,1,-4.8237,0,-5.6198,6,-2.5585
ENSG00000116679,IVNS1ABP,29,-0.4393,32,-0.2819,32,-0.3084,17,-1.2571,68,0.96648,3,-3.7830,55,0.58214,73,1.10484
ENSG00000047410,TPR,47,-0.7553,69,-0.1741,68,-0.1839,37,-1.1489,36,-1.1705,220,1.96885,91,0.28954,43,-0.9160
ENSG00000116741,RGS2,20,-1.1584,6,-2.8801,104,1.59200,74,0.94106,93,1.37345,10,-2.2110,25,-0.8724,11,-2.1072
ENSG00000116750,UCHL5,38,-0.6580,39,-0.6089,51,-0.1865,84,0.65278,62,0.15142,103,1.03897,28,-1.0933,50,-0.2121
ENSG00000116747,RO60,21,-2.1378,35,-1.3567,36,-1.3159,1,-5.7521,6,-3.8046,347,2.91045,139,0.87484,82,-0.0232
ENSG00000023572,GLRX2,45,-0.1560,8,-2.7732,3,-3.8816,125,1.69003,51,0.06610,101,1.25160,6,-3.1593,56,0.20189
ENSG00000134371,CDC73,28,-0.8916,20,-1.3994,75,0.68938,26,-1.0150,21,-1.3680,120,1.58983,41,-0.3066,67,0.49078
ENSG00000177888,ZBTB41,45,-0.1457,13,-2.0534,38,-0.4059,33,-0.6322,94,1.14490,60,0.33273,94,1.13914,15,-1.8245
ENSG00000151414,NEK7,16,-2.4083,54,-0.6040,61,-0.4384,136,0.92247,33,-1.3517,145,1.03888,85,0.10359,106,0.48322
ENSG00000118200,CAMSAP2,112,-0.3266,69,-1.0816,158,0.24037,144,0.07810,230,0.89035,135,-0.0215,132,-0.0656,116,-0.2654
ENSG00000116857,TMEM9,100,0.04524,20,-2.4263,166,0.92714,216,1.42894,135,0.56235,46,-1.1692,26,-2.0114,67,-0.6009
ENSG00000174307,PHLDA3,72,-0.6753,34,-1.8256,83,-0.4397,86,-0.3838,105,-0.0629,131,0.30485,122,0.18835,241,1.40796
ENSG00000159176,CSRP1,294,0.01345,189,-0.6980,307,0.08302,98,-1.6984,69,-2.2273,355,0.32732,464,0.79512,558,1.13810
ENSG00000134369,NAV1,24,-1.2196,31,-0.8545,49,-0.1350,12,-2.2994,72,0.51881,112,1.32814,48,-0.1542,75,0.60006
ENSG00000198700,IPO9,39,-0.8782,29,-1.3274,90,0.46958,91,0.47897,57,-0.2963,178,1.74973,52,-0.4365,10,-2.9115
ENSG00000198892,SHISA4,110,-0.1977,49,-1.4564,181,0.64323,204,0.86112,98,-0.3796,85,-0.5992,121,-0.0334,142,0.23238
ENSG00000134375,TIMM17A,73,-0.0717,40,-1.0036,67,-0.2072,231,2.07745,108,0.57884,1,-6.0169,34,-1.2587,57,-0.4754
ENSG00000170075,GPR37L1,227,1.23259,78,-0.5803,248,1.40692,31,-1.9917,18,-2.7442,81,-0.5353,69,-0.7687,148,0.45844
ENSG00000143862,ARL8A,92,-1.2246,63,-1.7915,129,-0.7043,259,0.42858,175,-0.2252,155,-0.4131,434,1.37175,298,0.66993
ENSG00000077157,PPP1R12B,17,-1.9353,26,-1.2514,22,-1.5458,35,-0.7923,47,-0.3697,130,1.41502,106,1.02864,86,0.65322
ENSG00000143858,SYT2,58,-0.6701,20,-2.2283,10,-3.2874,157,1.00075,439,3.52360,1,-6.2201,19,-2.3700,0,-7.3548
ENSG00000117153,KLHL12,26,-0.5723,15,-1.4394,77,1.29038,105,1.91048,57,0.74135,1,-4.9834,2,-4.3651,14,-1.4465
ENSG00000159346,ADIPOR1,34,-1.0295,9,-2.9918,57,-0.2312,66,-0.0028,70,0.09788,169,1.71514,72,0.14415,50,-0.4373
ENSG00000159348,CYB5R1,55,-0.9568,21,-2.3682,113,0.19350,407,2.82516,88,-0.2269,58,-0.8837,63,-0.7440,1,-6.3236
ENSG00000163444,TMEM183A,55,-0.2467,25,-1.4553,144,1.44812,97,0.70457,51,-0.3756,61,-0.0816,20,-1.7585,59,-0.1355
ENSG00000163485,ADORA1,48,-0.1079,37,-0.5490,6,-3.0802,25,-1.1411,11,-2.3145,95,1.05175,83,0.81076,108,1.29673
ENSG00000058668,ATP2B4,195,-0.2098,115,-1.0439,180,-0.3417,722,2.25460,459,1.28389,5,-5.5083,66,-1.8801,35,-2.8051
ENSG00000182004,SNRPE,41,-0.8006,55,-0.3269,172,1.68801,73,0.10854,55,-0.3514,52,-0.4349,33,-1.1094,62,-0.1378
ENSG00000143850,PLEKHA6,44,-0.6381,24,-1.5914,30,-1.2421,62,-0.1095,176,1.80590,76,0.24047,43,-0.6705,72,0.15115
ENSG00000198625,MDM4,15,-2.2426,13,-2.3783,3,-4.2390,16,-2.1449,33,-1.0547,269,2.89228,97,0.68036,73,0.18621
ENSG00000163531,NFASC,111,-0.7407,77,-1.3019,96,-0.9682,182,0.05653,288,0.84346,263,0.67893,217,0.34830,176,0.00034
ENSG00000184144,CNTN2,40,-3.2465,154,-1.2562,45,-3.0680,91,-2.0460,106,-1.8219,527,0.74198,907,1.79896,860,1.68547
ENSG00000133059,DSTYK,54,-0.8747,37,-1.4552,51,-0.9540,68,-0.5269,142,0.70156,222,1.54815,106,0.20395,71,-0.4473
ENSG00000133069,TMCC2,71,-0.2975,19,-2.3187,23,-2.0467,32,-1.5469,95,0.16227,164,1.12997,91,0.09175,193,1.44381
ENSG00000117266,CDK18,25,-3.6069,89,-1.7344,11,-4.7197,36,-3.0812,71,-2.0750,328,0.31624,684,1.68376,928,2.38233
ENSG00000069275,NUCKS1,344,-0.8074,428,-0.4661,486,-0.2620,234,-1.4041,402,-0.5661,1200,1.31900,847,0.67332,625,0.15025
ENSG00000266028,SRGAP2,15,-1.8818,52,0.05141,78,0.73510,14,-1.9467,108,1.35026,76,0.70090,25,-1.1052,35,-0.5627
ENSG00000196352,CD55,38,-0.4373,3,-4.1155,29,-0.8696,193,2.66005,55,0.14167,18,-1.5470,30,-0.8158,37,-0.5029
ENSG00000117335,CD46,48,-0.9563,40,-1.2371,69,-0.3887,107,0.32161,85,-0.0635,202,1.48699,48,-0.9521,105,0.29873
ENSG00000117625,RCOR3,34,-0.6857,20,-1.4812,36,-0.6122,28,-0.9629,80,0.70144,108,1.27229,82,0.75885,32,-0.7906
ENSG00000123684,LPGAT1,62,-0.3638,51,-0.6606,58,-0.4711,44,-0.8882,134,0.93410,177,1.46498,12,-2.8294,84,0.12965
ENSG00000066027,PPP2R5A,31,-0.5788,13,-1.9109,59,0.46753,10,-2.2681,15,-1.7030,66,0.68779,72,0.83901,89,1.22024
ENSG00000065600,PACC1,0,-7.7721,6,-3.2455,7,-3.1139,21,-1.4949,23,-1.3838,45,-0.3562,139,1.62574,210,2.58631
ENSG00000117691,NENF,69,-2.0623,141,-0.9713,246,-0.0923,207,-0.3701,126,-1.1442,209,-0.3617,321,0.35037,765,2.01777
ENSG00000117697,NSL1,56,0.45714,22,-1.0544,21,-1.1093,27,-0.7000,30,-0.5518,46,0.14531,49,0.22915,89,1.29900
ENSG00000136636,KCTD3,32,-0.9922,13,-2.2543,30,-1.0508,16,-1.9826,0,-6.1039,202,2.36297,79,0.49321,100,0.90845
ENSG00000136628,EPRS,56,-0.6834,52,-0.8015,82,-0.0799,111,0.43114,135,0.76582,38,-1.2653,120,0.56666,93,0.13778
ENSG00000067704,IARS2,14,-1.9549,35,-0.5997,34,-0.6636,101,1.18946,48,-0.1068,45,-0.2008,61,0.29228,71,0.55304
ENSG00000118873,RAB3GAP2,63,-0.3439,39,-1.0757,60,-0.4184,106,0.52568,156,1.22737,114,0.65411,44,-0.9002,39,-1.0893
ENSG00000116141,MARK1,36,-0.2605,17,-1.3871,44,0.06903,48,0.23067,61,0.62858,89,1.33266,10,-2.1355,30,-0.5168
ENSG00000154305,MIA3,65,-0.2964,26,-1.6947,68,-0.2265,77,-0.0275,150,1.13027,195,1.64685,36,-1.2244,10,-3.0572
ENSG00000186063,AIDA,32,-1.2778,33,-1.2423,141,1.14713,85,0.24489,117,0.81507,73,0.00282,63,-0.2436,40,-0.9568
ENSG00000162819,BROX,35,-0.5995,9,-2.5751,31,-0.7677,63,0.37598,49,-0.0567,49,-0.0513,54,0.11308,114,1.45105
ENSG00000162909,CAPN2,61,-0.1668,18,-2.0306,115,0.91796,83,0.34960,58,-0.2342,34,-1.0662,45,-0.6313,124,1.06556
ENSG00000143753,DEGS1,74,-0.4202,18,-2.5254,108,0.19271,154,0.80883,136,0.58271,65,-0.6281,100,0.06958,114,0.27729
ENSG00000162923,WDR26,30,-0.8540,24,-1.1672,49,-0.0619,54,0.10161,108,1.31834,27,-0.9735,28,-0.9661,88,0.93925
ENSG00000154380,ENAH,94,-0.2807,78,-0.5759,85,-0.4398,86,-0.4155,146,0.44538,250,1.43783,66,-0.8320,89,-0.3763
ENSG00000143742,SRP9,170,-0.2932,67,-1.7352,399,1.18095,231,0.20643,221,0.13298,152,-0.4770,125,-0.7835,266,0.44845
ENSG00000143819,EPHX1,143,0.95395,24,-1.9136,190,1.49580,46,-0.9056,59,-0.5272,56,-0.6202,80,-0.0407,60,-0.5040
ENSG00000196187,TMEM63A,21,-2.5033,26,-2.1747,0,-8.1774,0,-8.9860,12,-3.2884,168,0.75759,291,1.82387,346,2.21726
ENSG00000143811,PYCR2,42,-0.6388,25,-1.4014,128,1.26964,79,0.40960,41,-0.6643,45,-0.5033,28,-1.2319,108,0.95940
ENSG00000163041,H3F3A,187,-0.5933,87,-1.7634,360,0.48687,92,-1.6828,58,-2.3681,442,0.84887,425,0.77768,509,1.10790
ENSG00000182827,ACBD3,36,-0.0274,40,0.15502,34,-0.1375,78,1.33459,26,-0.5348,12,-1.7287,39,0.10572,28,-0.4325
ENSG00000143799,PARP1,51,-1.4714,83,-0.7410,75,-0.8998,151,0.22922,137,0.06629,61,-1.2177,187,0.59545,308,1.53094
ENSG00000143772,ITPKB,118,0.58642,88,0.08900,125,0.68300,19,-2.2415,30,-1.5731,40,-1.1661,99,0.27810,149,1.00047
ENSG00000143776,CDC42BPA,75,-1.1033,71,-1.1969,108,-0.5394,91,-0.8067,135,-0.1899,536,2.46623,177,0.26283,18,-3.2085
ENSG00000143740,SNAP47,22,-0.7526,17,-1.1736,48,0.48393,47,0.44447,96,1.79964,1,-4.9342,21,-0.8364,35,-0.0383
ENSG00000143761,ARF1,124,-0.8454,103,-1.1269,338,0.80797,381,1.02764,403,1.13613,26,-3.1754,80,-1.5187,232,0.15606
ENSG00000162910,MRPL55,46,-0.3930,21,-1.5943,92,0.78639,67,0.23522,81,0.56590,47,-0.3360,50,-0.2560,61,0.09030
ENSG00000143774,GUK1,189,-0.9787,121,-1.6559,414,0.28394,497,0.59709,336,-0.0654,316,-0.1634,328,-0.1023,594,0.91751
ENSG00000198835,GJC2,0,-9.3051,19,-2.5567,0,-8.3081,3,-5.1738,9,-3.6311,146,0.58294,299,1.98164,351,2.36130
ENSG00000168159,RNF187,247,-0.2288,116,-1.4094,416,0.64238,474,0.87923,581,1.26052,166,-0.8638,99,-1.6429,178,-0.7484
ENSG00000116574,RHOU,8,-3.6247,61,-0.5934,1,-6.4927,5,-4.2686,10,-3.1915,146,0.86091,224,1.69011,253,1.95339
ENSG00000168118,RAB4A,108,0.25018,42,-1.2340,97,0.06219,117,0.38131,125,0.49797,33,-1.6266,98,0.08123,125,0.49358
ENSG00000143641,GALNT2,53,0.66551,21,-0.8673,48,0.47420,34,-0.1011,86,1.56362,28,-0.4071,10,-1.9629,8,-2.2063
ENSG00000135744,AGT,379,1.40796,114,-0.6622,784,3.20382,42,-2.1810,32,-2.5579,1,-7.1886,5,-5.0507,20,-3.2743
ENSG00000119280,C1orf198,52,-1.2069,59,-1.0164,90,-0.3600,16,-2.9412,11,-3.5141,103,-0.1444,220,1.17632,349,2.14064
ENSG00000173409,ARV1,21,-0.8915,12,-1.7053,24,-0.6491,45,0.34150,54,0.64796,4,-3.3485,55,0.67307,79,1.35417
ENSG00000116906,GNPAT,20,-1.5331,12,-2.2269,116,1.37914,79,0.67068,43,-0.3348,29,-0.9391,53,0.00233,73,0.52898
ENSG00000135766,EGLN1,68,-0.1042,39,-0.9744,126,0.95641,59,-0.3347,69,-0.0596,46,-0.7307,112,0.74521,59,-0.3133
ENSG00000116918,TSNAX,70,-0.0256,31,-1.2981,54,-0.4401,89,0.39339,125,0.98800,83,0.26708,51,-0.5360,63,-0.1854
ENSG00000116991,SIPA1L2,48,0.45052,25,-0.6245,109,2.04371,14,-1.4344,47,0.41525,1,-4.9622,4,-3.1222,44,0.30783
ENSG00000135778,NTPCR,49,-0.5889,35,-1.1043,120,0.89992,74,0.07328,92,0.43144,28,-1.4516,29,-1.4183,142,1.20635
ENSG00000135750,KCNK1,24,-0.7889,19,-1.1541,7,-2.6482,17,-1.3566,66,0.85781,27,-0.6105,76,1.10853,85,1.30950
ENSG00000168264,IRF2BP2,128,0.62456,45,-1.0493,61,-0.5913,44,-1.1065,128,0.62364,150,0.90732,54,-0.7880,98,0.16415
ENSG00000173726,TOMM20,131,-1.3481,103,-1.7156,315,0.02993,385,0.36831,467,0.70325,338,0.14713,355,0.23243,379,0.34073
ENSG00000054267,ARID4B,51,-1.4920,131,-0.0189,42,-1.7763,31,-2.2398,88,-0.6612,375,1.92135,212,0.80146,133,0.00520
ENSG00000168243,GNG4,61,-0.5776,44,-1.0903,110,0.38795,259,2.03744,208,1.55848,2,-5.3277,4,-4.4440,11,-3.1000
ENSG00000116977,LGALS8,14,-2.0623,17,-1.8066,107,1.12568,41,-0.5122,62,0.18188,80,0.59659,53,-0.0818,73,0.44677
ENSG00000143702,CEP170,25,-2.5737,53,-1.4996,41,-1.8824,53,-1.4853,52,-1.5226,483,2.43448,228,0.85701,170,0.34912
ENSG00000054282,SDCCAG8,11,-2.1500,54,0.26125,27,-0.8370,13,-1.8970,38,-0.3268,116,1.66259,55,0.27871,55,0.30786
ENSG00000117020,AKT3,48,-0.9698,63,-0.5567,105,0.27536,90,0.02487,136,0.72361,117,0.45410,39,-1.2743,113,0.40291
ENSG00000035687,ADSS,51,-0.4268,2,-5.2415,70,0.07604,79,0.28353,73,0.15477,89,0.48633,106,0.78859,64,-0.0770
ENSG00000203667,COX20,104,-0.0200,72,-0.6137,202,1.14403,106,0.01793,56,-0.9904,143,0.51079,37,-1.6051,121,0.23288
ENSG00000153187,HNRNPU,101,-1.4085,121,-1.1315,333,0.49678,112,-1.2471,199,-0.3597,657,1.78873,252,0.02457,210,-0.2739
ENSG00000162852,CNST,29,-0.7916,21,-1.3039,34,-0.5856,131,1.82971,70,0.61638,48,-0.0208,42,-0.2435,13,-1.9947
ENSG00000143653,SCCPDH,50,-1.5812,32,-2.2140,122,-0.1908,135,-0.0276,72,-1.0275,172,0.37878,196,0.61038,318,1.51012
ENSG00000143727,ACP1,27,-1.6248,39,-1.0504,82,0.11886,113,0.66376,113,0.66139,106,0.54650,48,-0.7525,84,0.15535
ENSG00000151353,TMEM18,10,-2.0385,29,-0.4288,39,0.06124,87,1.48462,49,0.42932,1,-4.9892,7,-2.6024,81,1.34550
ENSG00000186487,MYT1L,59,0.00939,24,-1.3946,86,0.65247,77,0.46902,178,2.09785,1,-5.6289,26,-1.2461,16,-1.9721
ENSG00000032389,EIPR1,29,-0.1955,6,-2.5886,36,0.19275,84,1.73367,39,0.30422,1,-4.7925,23,-0.5312,41,0.39794
ENSG00000171853,TRAPPC12,28,-0.6886,20,-1.1937,56,0.39509,76,0.94745,52,0.28887,1,-4.6942,35,-0.3468,82,1.06894
ENSG00000182551,ADI1,38,-0.9175,27,-1.4009,66,-0.0286,84,0.36724,17,-2.1361,83,0.34857,45,-0.6439,178,1.79075
ENSG00000171863,RPS7,261,-0.6225,288,-0.4646,690,1.01929,191,-1.1046,180,-1.1986,483,0.38650,253,-0.6720,726,1.11425
ENSG00000232044,SILC1,36,-1.4456,18,-2.4939,18,-2.4523,52,-0.8887,84,-0.1307,138,0.69851,226,1.64118,159,0.95177
ENSG00000151692,RNF144A,9,-2.4055,18,-1.3847,25,-0.9136,6,-2.9297,38,-0.2451,22,-1.1009,77,0.95023,160,2.49836
ENSG00000115738,ID2,102,2.02001,35,0.02354,91,1.75630,17,-1.0892,11,-1.6753,1,-4.8809,16,-1.1716,2,-3.7309
ENSG00000134313,KIDINS220,117,-0.8899,115,-0.9235,200,-0.0445,174,-0.2653,201,-0.0371,361,0.97679,278,0.51218,196,-0.0730
ENSG00000143797,MBOAT2,57,-0.8688,74,-0.4669,71,-0.5179,112,0.21066,55,-0.9280,241,1.62163,62,-0.7459,116,0.27634
ENSG00000151693,ASAP2,50,0.19619,12,-1.9764,23,-1.0450,45,0.01905,55,0.35623,113,1.69552,30,-0.6037,27,-0.7912
ENSG00000119185,ITGB1BP1,61,-1.1683,34,-2.0601,76,-0.8368,306,1.56383,116,-0.1706,225,0.97228,100,-0.4088,110,-0.2472
ENSG00000151694,ADAM17,48,-0.0346,60,0.35778,57,0.26328,12,-2.1016,12,-2.0665,95,1.16609,66,0.51171,39,-0.3732
ENSG00000134308,YWHAQ,228,-0.8447,118,-1.8473,474,0.33932,946,1.62011,336,-0.2334,316,-0.3307,263,-0.6204,417,0.12193
ENSG00000115756,HPCAL1,152,-0.6056,86,-1.4750,486,1.40630,570,1.73177,269,0.32814,85,-1.4944,43,-2.4988,77,-1.6385
ENSG00000143870,PDIA6,53,-0.4060,25,-1.5796,98,0.60959,87,0.40209,65,-0.0815,78,0.21925,75,0.14644,66,-0.0503
ENSG00000134318,ROCK2,40,-1.2932,73,-0.3543,128,0.56905,85,-0.1146,150,0.85050,106,0.24969,77,-0.2765,71,-0.4038
ENSG00000169006,NTSR2,135,1.81259,26,-1.0459,190,2.62876,23,-1.2088,25,-1.1192,1,-5.4179,0,-7.2755,3,-4.1657
ENSG00000134324,LPIN1,89,-0.3028,67,-0.7379,145,0.51331,167,0.76168,110,0.04703,93,-0.2182,87,-0.3382,97,-0.1587
ENSG00000151779,NBAS,21,-1.5861,23,-1.4379,66,0.20918,76,0.45067,67,0.23375,70,0.30511,97,0.87590,45,-0.3973
ENSG00000079785,DDX1,66,-0.8394,63,-0.9019,96,-0.2505,179,0.81122,173,0.74761,142,0.40580,108,-0.0557,66,-0.8385
ENSG00000197872,FAM49A,43,-0.2042,30,-0.7809,55,0.17297,67,0.52578,148,2.06752,10,-2.4365,35,-0.5307,5,-3.3963
ENSG00000163032,VSNL1,177,-0.8195,57,-2.5151,692,1.53489,247,-0.2915,1012,2.38992,74,-2.1406,66,-2.3144,37,-3.1359
ENSG00000068697,LAPTM4A,105,0.40992,50,-0.7813,200,1.59361,101,0.34353,56,-0.6282,41,-1.0994,11,-2.9787,95,0.23719
ENSG00000055917,PUM2,55,-0.6249,30,-1.5582,85,0.08001,80,-0.0119,110,0.52851,57,-0.5587,134,0.86627,95,0.27964
ENSG00000143878,RHOB,179,-0.5904,72,-1.9726,314,0.32820,59,-2.2609,74,-1.9241,288,0.18173,506,1.18271,571,1.42046
ENSG00000115128,SF3B6,44,-0.7885,42,-0.8638,107,0.66400,89,0.34996,40,-0.9483,63,-0.2175,58,-0.3515,136,1.08999
ENSG00000198399,ITSN2,17,-2.1680,72,0.08243,31,-1.2576,92,0.48486,59,-0.2527,247,2.49145,29,-1.3292,4,-4.0613
ENSG00000084676,NCOA1,46,-0.9355,86,0.05235,91,0.14319,17,-2.4089,115,0.53969,218,1.75732,41,-1.0996,52,-0.7380
ENSG00000138031,ADCY3,43,-0.3968,8,-2.9065,41,-0.4407,124,1.46970,132,1.59812,1,-5.5352,40,-0.4790,46,-0.2575
ENSG00000084710,EFR3B,62,-0.9269,35,-1.7886,148,0.48377,161,0.63042,282,1.69457,67,-0.8099,47,-1.3313,87,-0.4024
ENSG00000138101,DTNB,49,-1.0472,23,-2.1781,25,-2.0418,40,-1.3480,60,-0.7195,163,0.93475,191,1.23371,206,1.38897
ENSG00000084731,KIF3C,166,-0.3719,96,-1.2198,173,-0.2987,679,2.26249,395,1.11788,52,-2.1466,49,-2.2246,57,-2.0002
ENSG00000084733,RAB10,64,-0.8629,36,-1.7074,63,-0.8735,143,0.44596,98,-0.1780,98,-0.1763,126,0.24122,247,1.45346
ENSG00000084754,HADHA,95,-0.0958,54,-0.9703,81,-0.3443,123,0.34694,45,-1.2660,95,-0.0875,125,0.36656,184,1.05684
ENSG00000138029,HADHB,199,0.61570,51,-1.5681,329,1.56586,126,-0.1558,65,-1.1833,25,-2.5812,132,-0.0755,179,0.43303
ENSG00000138018,SELENOI,47,-0.4342,15,-2.1214,40,-0.6747,92,0.67568,45,-0.5109,104,0.89418,113,1.06095,36,-0.8353
ENSG00000171303,KCNK3,14,-1.4406,21,-0.7789,53,0.68486,99,1.90113,94,1.79430,1,-4.9091,0,-6.7691,0,-7.0356
ENSG00000157851,DPYSL5,48,-2.2423,43,-2.4075,78,-1.5257,181,-0.2246,52,-2.1397,312,0.69289,500,1.59087,446,1.36065
ENSG00000084764,MAPRE3,166,-0.1186,34,-2.5570,181,0.01554,492,1.86846,371,1.28785,72,-1.4296,39,-2.3444,78,-1.3036
ENSG00000228474,OST4,76,-0.9065,42,-1.7963,267,1.19241,158,0.25457,37,-1.9807,101,-0.4737,146,0.13133,254,1.10006
ENSG00000138073,PREB,25,-1.0096,14,-1.8206,29,-0.7569,75,0.80246,70,0.66373,69,0.64380,16,-1.6257,78,0.86267
ENSG00000138085,ATRAID,27,-0.6931,23,-0.9483,76,1.00198,16,-1.5088,49,0.25612,16,-1.5349,49,0.23827,82,1.16558
ENSG00000115234,SNX17,81,-0.1719,30,-1.7162,162,1.01986,122,0.50425,127,0.57995,26,-1.9255,69,-0.4210,104,0.23677
ENSG00000115216,NRBP1,37,-0.8736,27,-1.3352,129,1.22762,98,0.73349,107,0.89288,47,-0.4861,28,-1.2701,37,-0.8517
ENSG00000115226,FNDC4,19,-1.4163,23,-1.1975,82,0.89304,26,-0.9576,141,1.97576,85,0.95347,10,-2.3599,3,-4.0017
ENSG00000119760,SUPT7L,22,-1.2666,14,-1.9738,79,0.74883,57,0.19263,111,1.39537,41,-0.3526,26,-1.0627,56,0.15396
ENSG00000163798,SLC4A1AP,13,-2.3815,31,-1.0276,67,0.16100,39,-0.6830,80,0.46249,169,1.90063,64,0.09580,21,-1.6469
ENSG00000243147,MRPL33,31,-1.5205,28,-1.7085,97,0.24618,116,0.56352,69,-0.3045,79,-0.0857,72,-0.2275,174,1.30146
ENSG00000213639,PPP1CB,163,-0.4603,84,-1.4749,309,0.60524,293,0.50916,326,0.69761,231,0.10508,155,-0.5331,170,-0.3879
ENSG00000115295,CLIP4,38,-1.4657,24,-2.1555,91,-0.1098,29,-1.8613,165,0.91148,234,1.59185,110,0.21282,85,-0.2064
ENSG00000119801,YPEL5,88,-0.6211,50,-1.5017,169,0.43976,259,1.20597,216,0.86575,78,-0.8168,111,-0.2627,72,-0.9505
ENSG00000213626,LBH,25,-0.8542,33,-0.4349,75,0.94936,14,-1.6959,189,3.04230,1,-5.2019,4,-3.5369,5,-3.1265
ENSG00000013016,EHD3,51,-0.6042,21,-1.9369,151,1.23823,140,1.10155,142,1.12170,48,-0.7145,17,-2.2753,27,-1.5819
ENSG00000162961,DPY30,69,0.21898,8,-3.0484,33,-0.9515,133,1.40153,53,-0.2165,1,-5.6721,56,-0.1171,130,1.36514
ENSG00000021574,SPAST,20,-1.3239,12,-2.0821,18,-1.5051,54,0.23206,48,0.03090,54,0.21996,154,2.25246,17,-1.5422
ENSG00000119820,YIPF4,70,-0.8063,95,-0.3390,63,-0.9833,82,-0.5717,118,0.02557,274,1.53930,98,-0.2861,133,0.22068
ENSG00000115760,BIRC6,36,-1.6058,63,-0.7392,10,-3.4500,31,-1.8156,16,-2.8044,471,3.31575,103,0.04800,71,-0.5568
ENSG00000152689,RASGRP3,2,-5.3516,30,-1.7375,0,-7.5110,4,-4.5388,1,-6.2787,222,1.56514,216,1.51469,268,1.97547
ENSG00000119812,FAM98A,20,-1.6334,18,-1.7732,49,-0.2283,46,-0.3466,80,0.58354,116,1.25893,49,-0.2336,76,0.48612
ENSG00000150938,CRIM1,35,-0.0850,33,-0.1909,46,0.35869,16,-1.2587,86,1.50356,36,-0.0704,18,-1.0840,26,-0.5707
ENSG00000171055,FEZ2,54,-0.5134,32,-1.3069,19,-2.1269,90,0.29713,30,-1.4396,128,0.91863,103,0.53036,144,1.14243
ENSG00000115808,STRN,27,-2.0188,25,-2.1177,3,-4.8493,3,-5.1307,26,-2.0470,358,2.50857,191,1.13987,162,0.84172
ENSG00000055332,EIF2AK2,48,-0.6840,60,-0.3464,82,0.16311,97,0.45273,76,0.04861,95,0.40567,105,0.59119,30,-1.4125
ENSG00000218739,CEBPZOS,45,0.25738,12,-1.8144,63,0.85641,39,0.03993,59,0.74587,5,-3.1113,51,0.48871,32,-0.2834
ENSG00000115875,SRSF7,45,-0.4729,18,-1.8689,132,1.36392,70,0.22224,59,-0.0646,33,-0.9467,48,-0.3863,83,0.51619
ENSG00000115904,SOS1,20,-0.9797,36,-0.0897,46,0.30378,73,1.12346,29,-0.4461,38,0.00346,55,0.61062,8,-2.3316
ENSG00000152154,TMEM178A,35,-1.3662,3,-4.8029,98,0.25423,81,-0.0547,58,-0.5968,193,1.49897,121,0.62450,81,-0.0469
ENSG00000183023,SLC8A1,85,-0.1364,40,-1.2952,228,1.64774,59,-0.7218,167,1.03359,126,0.52979,21,-2.2762,11,-3.2154
ENSG00000115944,COX7A2L,130,-0.3990,76,-1.2337,282,0.91783,227,0.53064,268,0.82684,175,0.09284,102,-0.7680,66,-1.4523
ENSG00000152518,ZFP36L2,51,0.31297,34,-0.3178,65,0.73586,2,-4.4885,23,-0.9159,98,1.51691,14,-1.7018,49,0.25105
ENSG00000138095,LRPPRC,77,-0.9743,61,-1.3229,196,0.54251,316,1.42482,232,0.84117,83,-0.8582,119,-0.2928,54,-1.5187
ENSG00000138032,PPM1B,27,-1.0093,26,-1.0559,79,0.73608,22,-1.3051,78,0.70403,56,0.12702,101,1.17043,23,-1.2807
ENSG00000138078,PREPL,336,-0.5614,109,-2.2741,791,0.87252,809,0.91458,899,1.10981,403,-0.2731,279,-0.8552,186,-1.4709
ENSG00000116016,EPAS1,89,0.38077,71,0.00385,183,1.73514,7,-3.3736,37,-1.0294,22,-1.8288,6,-3.6659,152,1.34876
ENSG00000119729,RHOQ,117,0.06237,66,-0.8462,91,-0.3382,176,0.76718,249,1.41865,47,-1.3651,97,-0.2330,56,-1.1071
ENSG00000119878,CRIPT,17,-2.1076,34,-1.0949,74,0.12185,38,-0.9308,59,-0.2674,128,1.06698,100,0.62365,102,0.65982
ENSG00000171150,SOCS5,32,-0.6733,3,-3.8303,70,0.61415,15,-1.8509,76,0.75779,105,1.35254,28,-0.8754,61,0.37410
ENSG00000180398,MCFD2,79,-0.0647,29,-1.6167,78,-0.0995,201,1.60772,109,0.46696,105,0.40768,30,-1.5460,28,-1.6512
ENSG00000143933,CALM2,845,-0.6836,444,-1.6731,1883,0.63762,2413,1.08865,1325,0.03865,787,-0.7965,1019,-0.3881,1638,0.39576
ENSG00000095002,MSH2,16,-1.7554,10,-2.3533,40,-0.3488,52,0.08073,72,0.63836,140,1.93404,55,0.17368,10,-2.4035
ENSG00000184261,KCNK12,8,-2.9779,16,-2.0624,4,-4.0924,12,-2.4468,68,0.18513,109,1.01118,114,1.09750,156,1.70575
ENSG00000138081,FBXO11,39,-0.8019,32,-1.0645,106,0.86316,107,0.88336,105,0.85756,33,-1.0558,28,-1.2652,61,-0.0742
ENSG00000179915,NRXN1,125,-0.3021,63,-1.3475,150,0.00530,48,-1.7732,457,2.10222,235,0.77018,72,-1.1474,49,-1.7472
ENSG00000068912,ERLEC1,74,-0.9429,54,-1.4157,169,0.39352,223,0.88154,243,1.03622,173,0.42725,33,-2.1506,101,-0.4488
ENSG00000170634,ACYP2,100,-0.5201,26,-2.5681,221,0.80481,178,0.43213,168,0.32661,82,-0.8355,156,0.20875,173,0.38059
ENSG00000115306,SPTBN1,325,-0.3423,356,-0.1965,609,0.71035,509,0.39813,321,-0.3659,383,-0.0785,411,0.03819,299,-0.4764
ENSG00000115310,RTN4,603,-1.5571,570,-1.6424,1109,-0.6180,2184,0.49551,2285,0.57476,2256,0.55197,2202,0.51005,1817,0.18221
ENSG00000143947,RPS27A,544,-0.7740,942,0.10909,1184,0.49712,423,-1.1618,458,-1.0414,692,-0.3933,1333,0.70529,1479,0.89300
ENSG00000115355,CCDC88A,122,-2.1658,387,-0.4047,139,-1.9739,37,-3.9250,224,-1.2545,1995,2.81783,641,0.42796,428,-0.2412
ENSG00000163001,CFAP36,71,-0.3261,65,-0.4788,125,0.61855,116,0.48541,125,0.61562,91,0.06721,42,-1.1297,60,-0.5817
ENSG00000275052,PPP4R3B,36,-0.6816,21,-1.5069,101,1.03647,34,-0.7808,46,-0.3148,55,-0.0139,96,0.94364,55,-0.0070
ENSG00000237651,C2orf74,41,-0.7632,19,-1.9078,97,0.62785,98,0.64052,105,0.76383,62,-0.1291,25,-1.5159,88,0.46171
ENSG00000115464,USP34,29,-2.3175,28,-2.3652,92,-0.5583,47,-1.5945,94,-0.5230,528,2.84952,92,-0.5578,130,0.00493
ENSG00000082898,XPO1,53,-0.8571,44,-1.1332,94,0.04088,100,0.15187,139,0.70804,153,0.88429,49,-0.9873,99,0.13441
ENSG00000115484,CCT4,50,-1.7496,63,-1.4274,211,0.51030,302,1.15955,163,0.07473,153,-0.0338,109,-0.5684,195,0.37949
ENSG00000115504,EHBP1,63,0.37776,34,-0.6260,124,1.63999,80,0.80114,66,0.46731,13,-2.0352,17,-1.6392,3,-3.9948
ENSG00000014641,MDH1,268,-0.9918,95,-2.5530,657,0.46078,1327,1.79835,1136,1.47379,97,-2.5087,198,-1.4497,218,-1.3037
ENSG00000169764,UGP2,84,-0.4771,97,-0.2545,205,1.02706,92,-0.3313,254,1.43901,38,-1.7063,44,-1.4676,93,-0.3263
ENSG00000115902,SLC1A4,129,0.59518,17,-2.5623,201,1.42687,232,1.71536,96,0.10340,20,-2.2954,6,-4.0171,23,-2.1122
ENSG00000138069,RAB1A,85,-1.0541,77,-1.2006,294,0.99260,414,1.66565,207,0.37351,74,-1.2621,126,-0.4431,48,-1.9176
ENSG00000138071,ACTR2,105,-0.7201,88,-0.9838,245,0.68335,196,0.29284,172,0.07578,228,0.55833,159,-0.0481,120,-0.5090
ENSG00000197223,C1D,40,-0.2745,20,-1.3212,26,-0.9368,67,0.58688,69,0.63903,2,-4.6829,54,0.22286,101,1.32656
ENSG00000221823,PPP3R1,62,-0.2756,40,-0.9602,174,1.54488,116,0.77494,95,0.42661,17,-2.2468,55,-0.4534,29,-1.4209
ENSG00000119865,CNRIP1,56,-0.1862,12,-2.4878,161,1.70999,94,0.67944,137,1.38032,1,-5.7418,28,-1.2626,14,-2.2591
ENSG00000198380,GFPT1,43,-0.3828,26,-1.1690,62,0.20100,140,1.70086,85,0.73847,6,-3.2919,18,-1.7439,60,0.13480
ENSG00000169599,NFU1,23,-0.7342,11,-1.8321,72,1.16111,58,0.76907,69,1.07485,10,-2.0155,8,-2.2649,45,0.30623
ENSG00000115977,AAK1,128,-0.1534,84,-0.8226,138,-0.0376,174,0.35255,324,1.49219,143,0.02860,71,-1.0837,65,-1.2143
ENSG00000124380,SNRNP27,51,-0.0640,16,-1.8337,46,-0.2555,62,0.25546,32,-0.8076,87,0.82653,76,0.59036,57,0.11611
ENSG00000169564,PCBP1,155,-0.4370,47,-2.2404,299,0.65614,238,0.26235,274,0.50032,161,-0.3775,174,-0.2569,279,0.53209
ENSG00000116001,TIA1,12,-2.0551,22,-1.2139,78,0.81230,17,-1.5832,40,-0.2937,92,1.11950,37,-0.4459,88,1.03580
ENSG00000116005,PCYOX1,74,-0.9043,50,-1.5116,205,0.76781,183,0.55974,285,1.38414,133,0.01924,67,-1.0601,52,-1.4531
ENSG00000143977,SNRPG,30,-0.6851,11,-2.1847,100,1.38443,57,0.36247,54,0.28623,2,-4.2094,41,-0.1651,71,0.73500
ENSG00000075340,ADD2,77,-0.4607,46,-1.2515,143,0.55574,268,1.75277,191,1.07597,46,-1.2731,35,-1.6571,16,-2.7901
ENSG00000124357,NAGK,39,-0.7894,10,-2.8221,107,0.86474,147,1.46768,53,-0.3121,28,-1.2946,44,-0.5930,88,0.51441
ENSG00000124374,PAIP2B,50,-1.0496,218,1.45035,1,-5.9646,15,-2.8389,24,-2.1075,110,0.21773,265,1.86545,90,-0.1237
ENSG00000075292,ZNF638,31,-2.2126,78,-0.8192,52,-1.4343,48,-1.5666,60,-1.2255,531,2.83457,176,0.49742,72,-0.9495
ENSG00000144036,EXOC6B,29,-1.2355,34,-0.9804,34,-0.9893,74,0.24080,47,-0.4889,198,2.13393,61,-0.0706,34,-1.0102
ENSG00000144040,SFXN5,109,1.80847,29,-0.5298,67,0.83917,28,-0.5905,27,-0.6421,25,-0.7954,22,-0.9611,19,-1.2147
ENSG00000135631,RAB11FIP5,41,-0.1233,22,-1.1060,65,0.65735,98,1.40858,101,1.47053,12,-1.9420,14,-1.8051,1,-5.0677
ENSG00000135624,CCT7,85,-0.7168,11,-3.7028,184,0.54947,263,1.20074,176,0.47234,140,0.08342,20,-2.8877,184,0.55274
ENSG00000124356,STAMBP,14,-2.4813,25,-1.7123,1,-5.9263,40,-0.9638,22,-1.8480,255,2.37340,95,0.39668,144,1.15122
ENSG00000114956,DGUOK,35,-0.6087,0,-6.1384,88,0.91246,97,1.09165,60,0.26293,24,-1.1988,46,-0.1680,62,0.29674
ENSG00000163170,BOLA3,33,-0.9663,15,-2.1159,118,1.15235,96,0.76727,74,0.30801,43,-0.5778,37,-0.7780,73,0.29163
ENSG00000204843,DCTN1,140,-0.8208,138,-0.8473,178,-0.4491,450,1.14403,385,0.85159,154,-0.6735,245,0.07030,186,-0.3730
ENSG00000239779,WBP1,18,-2.0600,41,-0.8181,108,0.74400,96,0.54867,53,-0.4354,1,-5.8299,103,0.66680,136,1.16877
ENSG00000115307,AUP1,25,-1.5110,37,-0.9270,80,0.28001,84,0.36517,114,0.91482,29,-1.3114,45,-0.6439,123,1.05417
ENSG00000115350,POLE4,28,-0.9420,50,-0.0364,89,0.94471,117,1.47131,15,-1.8840,1,-5.4487,31,-0.8157,80,0.74846
ENSG00000066032,CTNNA2,57,0.39772,25,-0.9265,97,1.36976,77,0.93195,70,0.76211,1,-5.2541,14,-1.7800,17,-1.4653
ENSG00000163541,SUCLG1,53,-0.7804,52,-0.8296,86,-0.0140,166,1.13137,102,0.27074,94,0.13012,68,-0.4030,74,-0.2566
ENSG00000034510,TMSB10,546,-0.6505,388,-1.1797,1076,0.46182,3044,2.60490,419,-1.0615,319,-1.4793,108,-3.0840,645,-0.3864
ENSG00000176407,KCMF1,20,-1.3504,28,-0.8563,52,0.13922,48,0.00062,113,1.52672,71,0.67219,48,-0.0094,4,-3.6165
ENSG00000152291,TGOLN2,82,-0.9506,90,-0.7974,164,0.15669,117,-0.3856,207,0.56085,173,0.24738,213,0.60794,144,-0.0475
ENSG00000042445,RETSAT,6,-2.8273,30,-0.5169,42,-0.0094,22,-1.0275,22,-1.0423,39,-0.1151,124,2.01731,51,0.32630
ENSG00000168906,MAT2A,116,0.03960,14,-3.1330,172,0.71730,118,0.06524,136,0.30991,56,-1.1196,166,0.65241,127,0.19095
ENSG00000168894,RNF181,46,-0.8306,30,-1.4931,46,-0.8431,134,0.94222,29,-1.5226,99,0.39533,71,-0.1518,168,1.36318
ENSG00000115525,ST3GAL5,61,-0.7157,35,-1.5804,66,-0.5856,76,-0.3717,178,1.07233,131,0.52581,71,-0.4848,149,0.75087
ENSG00000132300,PTCD3,48,-0.5358,27,-1.4391,109,0.82291,91,0.50905,100,0.67802,24,-1.5945,48,-0.5374,91,0.50703
ENSG00000132305,IMMT,58,-0.6643,25,-1.9550,107,0.31096,176,1.20710,211,1.56294,7,-3.7938,75,-0.2764,50,-0.9084
ENSG00000068615,REEP1,116,-0.7256,98,-0.9946,155,-0.2716,697,2.65964,268,0.64766,119,-0.6909,2,-6.3893,10,-4.2476
ENSG00000115561,CHMP3,60,-0.6337,140,0.77157,76,-0.2657,110,0.34553,107,0.29184,45,-1.0929,100,0.19341,77,-0.2423
ENSG00000239305,RNF103,31,-1.1986,12,-2.6226,54,-0.3395,87,0.44442,68,0.02382,112,0.89748,69,0.06816,100,0.68971
ENSG00000153561,RMND5A,19,-1.4971,29,-0.8447,71,0.61515,7,-2.8170,81,0.83001,78,0.76072,20,-1.4068,92,1.06591
ENSG00000172005,MAL,47,-1.9828,82,-1.1528,44,-2.0856,9,-4.3651,18,-3.4040,190,0.18444,355,1.29875,618,2.53106
ENSG00000144029,MRPS5,42,-0.2789,46,-0.1322,62,0.35875,36,-0.4990,80,0.82281,27,-0.9437,35,-0.5493,69,0.54952
ENSG00000174501,ANKRD36C,14,-2.9646,110,0.10254,3,-5.0082,5,-4.5224,40,-1.4830,574,3.95444,56,-0.9853,27,-2.0387
ENSG00000084090,STARD7,104,-0.5352,97,-0.6444,286,1.19218,185,0.40969,200,0.53996,81,-0.9265,63,-1.2985,144,-0.0111
ENSG00000135956,TMEM127,36,-0.3363,14,-1.7569,91,1.24390,47,0.08251,129,1.96810,1,-5.0401,11,-2.1586,28,-0.7214
ENSG00000144021,CIAO1,65,-0.7343,44,-1.3334,190,1.06032,78,-0.4554,169,0.85075,104,0.01991,87,-0.2712,87,-0.2662
ENSG00000144028,SNRNP200,31,-0.6526,13,-1.9278,94,1.20831,46,-0.0516,90,1.11567,1,-5.3128,23,-1.1322,79,0.89627
ENSG00000135940,COX5B,255,-1.2046,314,-0.8846,965,0.98386,504,-0.1350,472,-0.2401,428,-0.3988,575,0.08143,864,0.78424
ENSG00000115073,ACTR1B,33,-0.9329,8,-2.9856,94,0.77388,124,1.29148,94,0.78754,41,-0.5959,22,-1.5672,61,0.02764
ENSG00000075568,TMEM131,32,-0.8997,27,-1.1814,29,-1.0471,0,-7.5942,66,0.24780,203,2.47890,44,-0.4073,54,-0.0859
ENSG00000040933,INPP4A,41,-0.2507,10,-2.3672,28,-0.8435,121,1.68268,132,1.87543,1,-5.3462,24,-1.0479,25,-1.0229
ENSG00000183513,COA5,35,-0.5936,21,-1.3992,84,0.85829,29,-0.8708,48,-0.0822,52,0.05498,45,-0.2109,92,1.03124
ENSG00000158417,EIF5B,139,-0.9961,596,1.48493,72,-1.9851,70,-2.0251,211,-0.3445,346,0.47800,531,1.25818,119,-1.2402
ENSG00000170500,LONRF2,143,-0.2581,29,-2.6603,240,0.61253,345,1.27905,256,0.72235,185,0.16350,60,-1.6021,81,-1.1399
ENSG00000071082,RPL31,420,-0.7305,548,-0.3078,828,0.37530,359,-0.9717,321,-1.1476,727,0.15421,793,0.30094,1301,1.18862
ENSG00000175874,CREG2,26,-1.0670,40,-0.3909,90,0.98278,91,0.99387,123,1.58207,1,-5.4368,33,-0.6825,4,-3.5969
ENSG00000071054,MAP4K4,122,-1.5829,385,0.22651,59,-2.6654,13,-4.8155,82,-2.1731,1006,2.06167,664,1.19710,358,0.10516
ENSG00000198914,POU3F3,42,-1.0817,86,0.03081,88,0.08108,21,-2.0976,45,-0.9880,150,0.99383,96,0.21208,145,0.94062
ENSG00000115665,SLC5A7,22,-1.5642,22,-1.5705,14,-2.2310,402,5.10584,20,-1.6605,1,-5.6759,0,-7.5331,0,-7.7996
ENSG00000135968,GCC2,82,-0.1983,169,1.04247,106,0.21764,38,-1.4084,139,0.68993,71,-0.4335,96,0.05206,42,-1.2556
ENSG00000153201,RANBP2,55,-0.8167,56,-0.7885,39,-1.3302,92,-0.0038,55,-0.8158,283,2.11859,52,-0.9017,104,0.20241
ENSG00000186522,SEPTIN10,16,-2.3914,15,-2.5417,0,-7.9124,12,-2.8529,0,-7.8073,341,3.03992,116,0.67065,128,0.83823
ENSG00000175701,MTLN,43,-0.9186,6,-3.8380,155,1.24902,101,0.46632,65,-0.2505,37,-1.1297,80,0.07657,124,0.82639
ENSG00000188177,ZC3H6,62,-0.2399,53,-0.4831,39,-0.9423,0,-8.3965,49,-0.6044,169,1.53428,148,1.27517,54,-0.4571
ENSG00000114999,TTL,54,0.59411,37,-0.0274,32,-0.2806,71,1.08865,77,1.23786,1,-5.0221,13,-1.6172,18,-1.1487
ENSG00000144136,SLC20A1,46,0.02915,18,-1.4622,11,-2.1207,51,0.18279,131,1.97437,33,-0.5186,56,0.36558,17,-1.5508
ENSG00000115091,ACTR3,76,-0.3447,29,-1.7872,137,0.64103,172,1.05763,102,0.13613,35,-1.5333,125,0.48604,74,-0.3901
ENSG00000088205,DDX18,43,-0.9342,32,-1.3608,36,-1.1901,19,-2.1555,89,0.23005,190,1.63249,91,0.26714,118,0.72094
ENSG00000125629,INSIG2,40,0.34523,8,-2.1128,20,-0.7814,59,1.03711,78,1.56813,1,-4.7889,21,-0.6728,33,0.01386
ENSG00000155368,DBI,136,-0.2423,87,-0.9503,365,1.50581,41,-2.0738,40,-2.0947,177,0.18554,214,0.50884,203,0.42495
ENSG00000144118,RALB,66,0.70016,8,-2.6147,101,1.47862,27,-0.7572,46,0.07246,27,-0.7691,17,-1.4580,59,0.50734
ENSG00000074054,CLASP1,50,-0.5094,29,-1.3597,129,1.07954,96,0.55840,150,1.36550,21,-1.8278,58,-0.2836,20,-1.8711
ENSG00000211460,TSN,52,-0.5918,20,-2.0139,93,0.34861,125,0.86899,94,0.37211,2,-4.8787,178,1.55193,37,-1.1034
ENSG00000136717,BIN1,142,-0.3890,64,-1.6076,221,0.33434,189,0.07349,186,0.04610,80,-1.2751,262,0.63116,301,0.87943
ENSG00000163166,IWS1,17,-1.5079,15,-1.6529,51,0.23480,21,-1.1887,35,-0.3635,53,0.30700,62,0.55820,100,1.45843
ENSG00000136720,HS6ST1,58,0.27779,31,-0.7035,44,-0.1668,66,0.51367,120,1.62311,1,-5.3739,57,0.26325,13,-2.0186
ENSG00000136699,SMPD4,21,-1.1611,6,-2.8765,91,1.29810,31,-0.5269,57,0.46517,74,0.92212,25,-0.8807,42,-0.0542
ENSG00000152082,MZT2B,206,-0.0765,103,-1.1743,350,0.82819,265,0.34030,240,0.17383,121,-0.9239,109,-1.0856,336,0.75082
ENSG00000136710,CCDC115,46,-0.1041,2,-4.2508,59,0.30517,84,0.91802,120,1.60871,1,-5.3803,14,-1.9327,67,0.51665
ENSG00000136718,IMP4,53,0.12918,24,-1.1096,85,0.95650,95,1.16021,50,0.01836,1,-5.2977,57,0.24600,27,-0.9505
ENSG00000136002,ARHGEF4,39,-1.1335,20,-2.1097,116,0.62446,66,-0.3271,175,1.38160,120,0.68355,78,-0.0485,28,-1.6045
ENSG00000152102,FAM168B,74,-0.8376,57,-1.2305,130,0.04836,137,0.14490,306,1.60956,36,-1.9298,141,0.19424,124,-0.0230
ENSG00000115762,PLEKHB2,178,-0.8169,124,-1.3697,360,0.31718,723,1.60877,429,0.62357,240,-0.3507,174,-0.8544,151,-1.0707
ENSG00000173272,MZT2A,61,-0.9544,55,-1.0933,179,0.82064,219,1.19856,164,0.66089,43,-1.4821,21,-2.4997,144,0.44340
ENSG00000152127,MGAT5,79,-0.6499,52,-1.2920,103,-0.2193,32,-2.0171,156,0.47630,191,0.82829,187,0.79441,143,0.32007
ENSG00000152128,TMEM163,19,-0.9481,3,-3.6237,41,0.24322,33,-0.1219,105,2.01497,1,-4.9182,3,-3.6457,79,1.42250
ENSG00000115839,RAB3GAP1,79,-0.1356,26,-1.8507,113,0.46834,134,0.76308,158,1.06748,100,0.25894,37,-1.3317,38,-1.2528
ENSG00000144224,UBXN4,71,-1.1226,123,-0.2482,59,-1.3921,57,-1.4535,169,0.26646,258,1.01512,269,1.09174,145,0.01040
ENSG00000115866,DARS,57,-0.6677,76,-0.2077,113,0.43740,97,0.18230,90,0.05248,107,0.35221,82,-0.1039,73,-0.2806
ENSG00000169554,ZEB2,49,-3.1244,335,-0.2126,40,-3.4021,2,-7.6224,32,-3.7511,1276,2.32947,837,1.40318,480,0.38712
ENSG00000115947,ORC4,22,-1.5500,22,-1.5132,81,0.52561,94,0.77517,117,1.18790,53,-0.1961,41,-0.6097,46,-0.4150
ENSG00000168280,KIF5C,200,-1.4237,394,-0.3745,163,-1.7376,375,-0.4524,564,0.21523,914,1.06685,852,0.93504,506,0.03218
ENSG00000168288,MMADHC,21,-1.3297,15,-1.8575,49,-0.0192,102,1.25615,51,0.02809,71,0.60702,46,-0.1155,43,-0.2388
ENSG00000080345,RIF1,52,-0.7294,45,-0.9450,41,-1.0728,43,-1.0100,26,-1.7812,278,2.35996,126,0.73905,43,-1.0098
ENSG00000162980,ARL5A,34,-0.3915,50,0.24082,47,0.12961,31,-0.5392,55,0.39609,46,0.12451,9,-2.3784,74,0.92155
ENSG00000182389,CACNB4,33,-0.6636,47,-0.1084,35,-0.6115,50,-0.0226,96,1.10752,70,0.54449,56,0.16999,18,-1.5931
ENSG00000157827,FMNL2,35,-3.9421,160,-1.7341,16,-5.0278,29,-4.2373,20,-4.7711,1709,2.45603,1142,1.54011,776,0.80377
ENSG00000196504,PRPF40A,31,-0.8276,52,-0.0269,65,0.33649,6,-3.2971,30,-0.8826,101,1.13999,62,0.28038,74,0.58209
ENSG00000144278,GALNT13,29,-0.4407,8,-2.3927,31,-0.3364,43,0.16736,18,-1.1473,20,-1.0454,108,1.88689,52,0.49279
ENSG00000162989,KCNJ3,38,-0.0951,21,-1.0488,31,-0.4199,103,1.68176,112,1.85882,2,-3.9796,7,-2.5548,10,-2.0802
ENSG00000136541,ERMN,21,-4.9970,202,-1.7136,5,-6.8715,14,-5.6085,2,-8.3236,1922,2.20391,1445,1.57417,1229,1.25197
ENSG00000144283,PKP4,62,-2.9716,357,-0.3174,73,-2.7270,50,-3.2827,122,-1.9635,1310,2.08156,921,1.33562,578,0.48392
ENSG00000123636,BAZ2B,43,-1.9397,160,0.09999,24,-2.7983,4,-5.2270,63,-1.3588,552,2.56007,299,1.20430,60,-1.4489
ENSG00000153250,RBMS1,50,0.02419,44,-0.1899,41,-0.3264,109,1.39154,93,1.07997,30,-0.7886,17,-1.6125,13,-2.0214
ENSG00000115233,PSMD14,34,-1.5322,26,-1.9289,118,0.43431,163,1.00083,100,0.14957,128,0.57031,81,-0.1889,80,-0.2164
ENSG00000144290,SLC4A10,22,-1.0850,30,-0.6011,116,1.77032,36,-0.3417,101,1.48326,24,-0.9414,0,-7.0506,23,-1.0118
ENSG00000115271,GCA,10,-2.5211,9,-2.7609,30,-0.9183,49,-0.1620,53,-0.0536,65,0.28669,101,1.06311,119,1.38933
ENSG00000153253,SCN3A,76,0.00882,51,-0.6420,89,0.27158,131,0.94486,144,1.11627,63,-0.3069,40,-0.9921,12,-2.7566
ENSG00000136531,SCN2A,98,-0.3504,47,-1.4714,225,1.06450,159,0.44599,287,1.53834,129,0.09518,11,-3.5422,19,-2.8424
ENSG00000178662,CSRNP3,58,-0.4553,22,-1.9152,139,1.04460,81,0.10720,186,1.60817,76,-0.0144,29,-1.5089,20,-2.0618
ENSG00000144285,SCN1A,46,-0.5043,32,-1.0593,58,-0.1202,18,-1.9492,270,3.00304,16,-2.1154,55,-0.2218,8,-2.9947
ENSG00000169432,SCN9A,15,-1.6681,27,-0.8041,23,-1.0504,140,2.10138,30,-0.6655,110,1.58297,0,-5.8881,19,-1.3796
ENSG00000198648,STK39,52,-1.4009,57,-1.2728,41,-1.7495,153,0.28936,190,0.66613,158,0.34556,122,-0.0867,253,1.19506
ENSG00000172292,CERS6,55,-0.1423,21,-1.5899,67,0.18185,97,0.80640,123,1.25817,114,1.11542,1,-5.5946,3,-4.3908
ENSG00000081479,LRP2,0,-9.4821,20,-2.5330,0,-8.3300,9,-3.6804,0,-9.0144,485,3.25376,200,1.12739,125,0.29772
ENSG00000138398,PPIG,133,-0.4026,187,0.15732,129,-0.4505,80,-1.1861,204,0.30484,189,0.17290,285,0.88935,154,-0.1599
ENSG00000138385,SSB,90,-0.4036,64,-0.9476,111,-0.0713,137,0.27479,217,1.09300,145,0.37194,65,-0.9097,99,-0.2649
ENSG00000138382,METTL5,34,-0.0173,10,-1.8309,93,1.80002,43,0.36264,34,-0.0464,1,-4.8829,9,-2.0316,53,0.71754
ENSG00000144357,UBR3,46,-1.3867,29,-2.0894,88,-0.3966,113,0.01578,132,0.27409,273,1.61713,145,0.43845,69,-0.7675
ENSG00000128683,GAD1,179,0.50472,23,-2.6896,495,2.60989,0,-9.2803,226,0.91995,95,-0.5266,33,-2.1468,10,-3.8982
ENSG00000115806,GORASP2,13,-2.1879,21,-1.5630,67,0.28864,75,0.47453,75,0.47974,5,-3.4422,73,0.42499,123,1.36705
ENSG00000198586,TLK1,30,-0.9279,13,-2.1298,80,0.65820,29,-0.9552,63,0.25914,74,0.52940,77,0.59525,66,0.32176
ENSG00000077380,DYNC1I2,90,-2.3782,300,-0.5492,64,-2.8854,189,-1.2618,134,-1.7834,780,1.07348,1044,1.64907,772,1.05365
ENSG00000115840,SLC25A12,35,-1.0145,20,-1.8656,84,0.38642,68,0.02115,157,1.53325,128,1.13926,25,-1.5497,18,-2.0269
ENSG00000091428,RAPGEF4,33,-0.4346,23,-0.9965,16,-1.5560,47,0.16928,153,2.48850,15,-1.6250,6,-2.9158,50,0.24785
ENSG00000138430,OLA1,48,-1.3083,24,-2.3161,196,0.99301,181,0.84446,110,-0.0140,219,1.20104,16,-2.9060,90,-0.3282
ENSG00000138433,CIR1,65,0.29000,25,-1.1991,28,-1.0561,28,-1.0441,20,-1.5657,120,1.41860,92,0.90722,56,0.06437
ENSG00000163328,GPR155,104,0.27536,58,-0.6824,73,-0.3150,53,-0.8096,243,1.86734,119,0.49408,12,-3.0204,46,-1.0380
ENSG00000115935,WIPF1,32,-2.2344,20,-2.9130,0,-7.5426,0,-9.3129,8,-4.1060,474,2.43943,232,0.93168,317,1.52937
ENSG00000128656,CHN1,84,-0.8116,58,-1.3672,296,1.33056,268,1.13935,305,1.38979,45,-1.7387,5,-4.7638,55,-1.4429
ENSG00000115966,ATF2,28,-0.9779,21,-1.4224,87,0.88084,94,1.01700,75,0.61650,16,-1.7850,40,-0.4329,56,0.11608
ENSG00000154518,ATP5MC3,209,-0.4786,110,-1.4641,364,0.43491,660,1.54005,544,1.15847,47,-2.7391,125,-1.2735,188,-0.6416
ENSG00000144320,LNPK,28,-1.9712,27,-2.0190,39,-1.4819,181,1.00314,82,-0.3454,278,1.86200,75,-0.4829,101,-0.0141
ENSG00000128654,MTX2,27,-1.0548,4,-3.6498,83,0.79818,59,0.21541,136,1.74582,1,-5.4686,62,0.27942,45,-0.2349
ENSG00000170144,HNRNPA3,114,-0.8016,98,-1.0366,240,0.40481,111,-0.8496,210,0.17931,312,0.86140,171,-0.1589,254,0.49821
ENSG00000116044,NFE2L2,47,-0.9319,98,0.26487,48,-0.8882,50,-0.8259,39,-1.2024,151,1.01773,125,0.68218,113,0.50261
ENSG00000018510,AGPS,34,-0.8866,3,-4.4795,14,-2.1944,44,-0.4565,47,-0.3636,115,1.16529,136,1.49772,79,0.49210
ENSG00000180228,PRKRA,35,-0.3327,37,-0.2529,74,0.91689,54,0.37371,70,0.80754,1,-4.7807,34,-0.4069,42,-0.0669
ENSG00000116095,PLEKHA3,11,-2.4260,19,-1.6463,85,0.77513,90,0.86773,104,1.13425,8,-2.9141,46,-0.2505,71,0.44385
ENSG00000187231,SESTD1,16,-2.4178,28,-1.6310,14,-2.5952,5,-4.0346,40,-1.0787,289,2.51534,112,0.56335,135,0.90381
ENSG00000170035,UBE2E3,36,-1.4286,10,-3.2064,126,0.57995,149,0.87606,88,-0.0309,167,1.08121,51,-0.8910,89,-0.0082
ENSG00000138434,ITPRID2,56,-0.5500,26,-1.6780,136,0.95543,23,-1.8598,31,-1.4464,206,1.77025,81,0.05924,67,-0.2603
ENSG00000115252,PDE1A,22,-2.0297,4,-4.4146,20,-2.1333,7,-3.5982,70,-0.2655,385,3.27305,102,0.35318,50,-0.8004
ENSG00000077232,DNAJC10,46,-0.7981,12,-2.7868,76,0.01717,51,-0.6281,164,1.37216,199,1.77065,17,-2.2513,40,-1.0135
ENSG00000061676,NCKAP1,166,-0.0886,39,-2.3166,272,0.75456,305,0.96135,326,1.08480,80,-1.2232,90,-1.0479,122,-0.5839
ENSG00000065548,ZC3H15,91,-0.5385,87,-0.6158,81,-0.7288,241,1.10450,185,0.62845,135,0.08687,96,-0.4587,106,-0.2989
ENSG00000138448,ITGAV,79,-1.0422,31,-2.4224,75,-1.1159,42,-1.9810,46,-1.8475,312,1.26926,260,0.92415,372,1.61796
ENSG00000144369,FAM171B,62,-0.6227,17,-2.5448,134,0.64722,117,0.41666,51,-0.9172,256,1.90630,47,-1.0564,47,-1.0419
ENSG00000128699,ORMDL1,41,-0.4495,9,-2.6253,85,0.74290,95,0.94713,68,0.36188,48,-0.2036,28,-1.0485,63,0.23218
ENSG00000198130,HIBCH,45,-0.9888,17,-2.4728,68,-0.3659,58,-0.6008,14,-2.7219,337,2.76465,127,0.68474,14,-2.7113
ENSG00000151690,MFSD6,43,-2.2345,27,-2.9249,110,-0.8305,277,0.68732,226,0.33512,403,1.38326,234,0.39053,161,-0.2268
ENSG00000115419,GLS,110,-0.5288,28,-2.5733,174,0.21851,383,1.67737,345,1.46118,83,-0.9714,19,-3.1355,78,-1.0602
ENSG00000115415,STAT1,20,-1.9137,11,-2.7429,81,0.22843,74,0.09163,121,0.94223,159,1.46368,41,-0.8438,53,-0.4388
ENSG00000144339,TMEFF2,30,-0.9560,14,-2.0886,104,1.14075,36,-0.6591,127,1.53110,33,-0.7931,52,-0.0708,38,-0.5604
ENSG00000196950,SLC39A10,57,-0.9990,31,-1.9311,158,0.65624,126,0.27824,229,1.34586,135,0.39125,59,-0.9319,61,-0.8827
ENSG00000197121,PGAP1,25,-1.8169,26,-1.7317,49,-0.7635,126,0.77751,173,1.37577,147,1.06516,58,-0.5068,34,-1.3369
ENSG00000115524,SF3B1,63,-1.1050,49,-1.4838,151,0.29496,59,-1.1980,175,0.54152,206,0.83122,218,0.93984,93,-0.5044
ENSG00000144381,HSPD1,151,-0.5873,67,-1.8224,252,0.24805,482,1.42266,299,0.53885,240,0.16195,127,-0.8594,121,-0.9307
ENSG00000115541,HSPE1,120,-0.5951,61,-1.6308,330,1.12898,265,0.72613,180,0.06361,52,-1.8516,158,-0.1451,219,0.39264
ENSG00000115540,MOB4,59,0.24131,22,-1.3374,21,-1.3939,80,0.76088,102,1.20934,42,-0.3013,32,-0.7340,51,-0.0095
ENSG00000115896,PLCL1,23,-2.1766,55,-0.8967,43,-1.2739,71,-0.5148,19,-2.5037,246,1.68853,213,1.39570,108,0.16894
ENSG00000178074,C2orf69,39,-0.2256,20,-1.2290,51,0.22286,22,-1.0655,64,0.61977,23,-1.0065,112,1.67769,24,-0.9961
ENSG00000196141,SPATS2L,50,-0.6218,23,-1.7860,87,0.27879,129,0.96511,108,0.65409,63,-0.2388,51,-0.5739,77,0.06991
ENSG00000082153,BZW1,80,-0.7451,37,-1.9279,189,0.65898,150,0.25631,173,0.50413,96,-0.4671,178,0.55149,123,-0.0643
ENSG00000013441,CLK1,31,-1.4183,29,-1.5361,117,0.70217,12,-2.7905,57,-0.4860,98,0.39691,190,1.62447,85,0.15020
ENSG00000155744,FAM126B,62,-0.3943,45,-0.8923,40,-1.0546,46,-0.8613,208,1.77314,203,1.72522,16,-2.4111,11,-2.9450
ENSG00000119013,NDUFB3,74,-0.3741,31,-1.6990,141,0.69715,225,1.59071,75,-0.3627,31,-1.7149,34,-1.5750,136,0.64148
ENSG00000003402,CFLAR,30,-0.7500,24,-1.0832,19,-1.4551,28,-0.8476,7,-2.9641,154,2.17564,64,0.44532,64,0.44072
ENSG00000115993,TRAK2,43,-2.1386,160,-0.1095,58,-1.6830,54,-1.8030,68,-1.4517,409,1.57279,385,1.44836,194,0.20465
ENSG00000155755,TMEM237,9,-2.2021,15,-1.5145,60,0.63718,57,0.55800,93,1.45248,12,-1.8098,37,-0.1535,44,0.09854
ENSG00000116030,SUMO1,57,-0.6320,8,-3.4506,233,1.84979,101,0.27732,101,0.27299,1,-6.1780,107,0.38166,74,-0.2219
ENSG00000055044,NOP58,49,-0.4869,57,-0.2340,78,0.28816,27,-1.3760,96,0.64154,105,0.79261,50,-0.4565,65,-0.0186
ENSG00000204217,BMPR2,143,0.32024,66,-0.9195,175,0.66877,193,0.83497,249,1.31627,10,-3.6144,61,-1.0589,49,-1.3761
ENSG00000138443,ABI2,84,-0.5038,82,-0.5511,114,-0.0109,82,-0.5516,130,0.19440,181,0.76886,164,0.59372,86,-0.4778
ENSG00000023228,NDUFS1,89,-0.7387,62,-1.3009,170,0.31325,146,0.06030,236,0.88758,126,-0.1885,199,0.58526,100,-0.5480
ENSG00000114942,EEF1B2,147,-0.9723,270,-0.0093,455,0.88755,267,-0.0281,252,-0.1234,53,-2.5067,376,0.55097,353,0.44045
ENSG00000114948,ADAM23,40,-0.8624,25,-1.6043,116,0.86572,166,1.56239,177,1.69792,1,-5.8878,24,-1.6415,9,-3.1252
ENSG00000118246,FASTKD2,33,-0.3484,14,-1.6151,59,0.63191,58,0.58625,79,1.16020,9,-2.2782,26,-0.7030,48,0.25240
ENSG00000118263,KLF7,51,-0.1128,57,0.08864,0,-7.2909,100,1.05315,36,-0.6579,57,0.08621,84,0.73246,50,-0.1319
ENSG00000078018,MAP2,457,-0.1557,419,-0.2930,917,1.04898,717,0.60495,599,0.29439,503,0.00182,269,-0.9899,136,-2.0228
ENSG00000144406,UNC80,28,-1.4447,59,-0.2897,138,1.16905,66,-0.1192,148,1.30564,21,-1.8804,58,-0.3110,48,-0.6292
ENSG00000115365,LANCL1,61,-2.2865,23,-3.6692,55,-2.4420,197,-0.5043,146,-0.9701,617,1.48989,487,1.03438,566,1.31820
ENSG00000138363,ATIC,34,-0.7027,22,-1.3489,43,-0.3548,82,0.73367,44,-0.2946,96,1.02474,61,0.22628,43,-0.3455
ENSG00000115414,FN1,43,-0.5277,34,-0.8944,163,1.84635,9,-2.8468,20,-1.7004,61,0.03774,66,0.15676,83,0.54283
ENSG00000079246,XRCC5,64,-0.9898,20,-2.7336,114,-0.0969,175,0.63587,103,-0.2521,313,1.74562,77,-0.7197,98,-0.3376
ENSG00000260804,LINC01963,34,-0.3383,19,-1.2082,46,0.15054,56,0.49637,106,1.68505,37,-0.2029,22,-0.9984,14,-1.6427
ENSG00000197756,RPL37A,884,-1.0545,1775,0.05469,2240,0.44747,708,-1.3944,718,-1.3724,1257,-0.5046,2909,0.91066,3248,1.11561
ENSG00000079308,TNS1,22,-2.4540,64,-0.8975,6,-4.2680,71,-0.7226,17,-2.8787,302,1.82860,187,0.87669,227,1.24437
ENSG00000163466,ARPC2,61,-0.7159,54,-0.8966,123,0.41304,172,1.01245,103,0.11383,47,-1.1267,57,-0.8219,150,0.76307
ENSG00000127837,AAMP,40,-0.7172,4,-3.9804,75,0.30284,123,1.17152,115,1.05698,2,-4.8334,56,-0.1882,87,0.54305
ENSG00000127838,PNKD,72,-0.3964,46,-1.0900,115,0.37559,120,0.44736,171,1.08437,40,-1.2917,50,-0.9462,120,0.44874
ENSG00000135926,TMBIM1,41,-0.8077,10,-2.8987,42,-0.7609,5,-3.8865,8,-3.1592,71,0.07000,92,0.50538,275,2.82870
ENSG00000135929,CYP27A1,15,-1.6821,23,-1.0525,13,-1.8784,27,-0.8471,2,-4.6100,72,0.76574,26,-0.8997,189,2.86280
ENSG00000171450,CDK5R2,30,-1.1729,22,-1.6359,79,0.35034,190,2.03829,169,1.78131,1,-5.7638,12,-2.5029,8,-3.1291
ENSG00000144567,RETREG2,139,-0.4915,78,-1.3852,251,0.48578,331,0.97623,400,1.33713,35,-2.5658,65,-1.6514,207,0.15895
ENSG00000115657,ABCB6,35,-0.2425,5,-3.0721,54,0.48075,88,1.35614,74,1.04422,14,-1.6803,56,0.52362,0,-7.2380
ENSG00000198925,ATG9A,39,-0.9522,30,-1.3408,95,0.46528,104,0.61648,87,0.32257,30,-1.3772,85,0.26530,106,0.65096
ENSG00000127824,TUBA4A,144,-0.7622,18,-3.8210,338,0.64216,783,2.35363,552,1.56868,1,-7.6151,0,-8.8423,17,-3.9258
ENSG00000135924,DNAJB2,183,-0.7543,138,-1.1880,250,-0.2605,218,-0.4750,310,0.09443,444,0.70849,343,0.26479,457,0.76261
ENSG00000054356,PTPRN,240,-0.0367,34,-2.9898,341,0.55736,735,2.06420,531,1.37608,43,-2.6719,12,-4.5265,27,-3.3511
ENSG00000123989,CHPF,62,-0.5611,25,-1.9547,186,1.31311,194,1.39415,130,0.65288,90,0.01945,5,-4.1618,16,-2.5751
ENSG00000124006,OBSL1,64,0.10413,19,-1.7617,186,2.12340,59,-0.0390,129,1.33557,1,-5.6815,12,-2.4554,13,-2.3323
ENSG00000114923,SLC4A3,114,0.24467,27,-1.9683,101,0.04518,222,1.46159,312,2.20162,1,-6.3764,8,-3.7634,0,-8.0977
ENSG00000116120,FARSB,17,-2.1082,34,-1.0531,185,1.89202,150,1.45941,108,0.83167,23,-1.6655,9,-2.9311,5,-3.7120
ENSG00000123983,ACSL3,155,-0.4363,59,-1.9288,199,-0.0353,281,0.54494,349,0.93154,249,0.33532,205,0.00823,132,-0.6955
ENSG00000171951,SCG2,455,-0.7441,153,-2.3937,981,0.51323,2452,2.36023,1516,1.31060,128,-2.6524,79,-3.3546,27,-4.8796
ENSG00000085449,WDFY1,15,-1.7007,13,-1.8930,113,1.60935,84,1.03104,63,0.52772,30,-0.6895,6,-2.9582,45,-0.0516
ENSG00000135919,SERPINE2,175,1.19108,36,-1.4154,365,2.88721,10,-3.2704,50,-0.9037,1,-6.2300,37,-1.3687,35,-1.4549
ENSG00000036257,CUL3,57,-0.1161,41,-0.6141,101,0.87353,113,1.07377,96,0.77779,1,-5.6916,20,-1.6856,57,-0.1011
ENSG00000135905,DOCK10,10,-3.5246,39,-1.5836,0,-8.3860,0,-8.8581,1,-6.0438,423,2.71208,224,1.26450,175,0.81041
ENSG00000168958,MFF,59,-0.4335,37,-1.1453,83,0.11282,79,0.03052,78,-0.0013,70,-0.1585,117,0.69761,97,0.37235
ENSG00000173744,AGFG1,34,-0.7805,20,-1.5520,12,-2.3416,29,-1.0016,55,-0.0272,125,1.44267,59,0.10002,111,1.20173
ENSG00000153820,SPHKAP,88,0.48221,15,-2.2707,70,0.09601,173,1.75644,112,0.91166,63,-0.0891,0,-7.6679,8,-3.1376
ENSG00000187957,DNER,425,-0.2056,146,-1.8584,478,-0.0132,804,0.88248,1000,1.29116,277,-0.8847,262,-0.9705,465,-0.0588
ENSG00000153827,TRIP12,23,-2.5885,70,-0.9155,68,-0.9537,100,-0.3650,100,-0.3525,364,1.99867,95,-0.4485,179,0.61041
ENSG00000135932,CAB39,67,-0.8099,21,-2.5114,223,1.22493,169,0.71367,163,0.64477,102,-0.1332,66,-0.8366,78,-0.5628
ENSG00000135916,ITM2C,600,0.95055,115,-1.7126,1288,2.60331,173,-1.0945,202,-0.8593,102,-1.8926,106,-1.8371,182,-1.0158
ENSG00000173692,PSMD1,174,-0.2336,102,-1.0787,176,-0.2179,280,0.56184,403,1.22322,234,0.25608,176,-0.2183,63,-1.7944
ENSG00000115053,NCL,134,-1.1014,280,0.06471,205,-0.4359,157,-0.8603,231,-0.2498,379,0.58014,588,1.39352,178,-0.6585
ENSG00000187514,PTMA,439,-1.2291,828,-0.2350,530,-0.9394,306,-1.7760,257,-2.0389,1540,0.81836,2117,1.42039,1634,0.92644
ENSG00000115468,EFHD1,77,-0.8411,47,-1.5887,92,-0.5660,2,-6.1213,15,-3.2467,188,0.61419,215,0.85314,410,2.17029
ENSG00000204120,GIGYF2,25,-1.1590,43,-0.2967,46,-0.1670,27,-1.0254,60,0.24674,117,1.46217,77,0.67173,18,-1.6176
ENSG00000182600,SNORC,77,-1.1719,65,-1.4245,118,-0.5066,12,-3.8558,22,-3.0411,113,-0.5802,355,1.39554,534,2.28982
ENSG00000188042,ARL4C,69,0.68926,15,-1.7504,85,1.06293,53,0.22566,142,2.11382,1,-5.2924,0,-7.1519,4,-3.5152
ENSG00000157985,AGAP1,77,-0.8518,66,-1.0765,162,0.35401,56,-1.3325,149,0.21255,250,1.12304,164,0.37605,125,-0.0753
ENSG00000198612,COPS8,115,-0.1344,49,-1.4513,143,0.23007,237,1.11994,247,1.19438,9,-3.8291,93,-0.4751,105,-0.2804
ENSG00000124831,LRRFIP1,24,-0.8984,24,-0.8651,134,2.20661,53,0.39056,63,0.67678,9,-2.3839,20,-1.1743,9,-2.2632
ENSG00000132329,RAMP1,75,0.32492,43,-0.5609,137,1.42834,64,0.07308,31,-1.0622,49,-0.3596,9,-2.9176,83,0.50753
ENSG00000184182,UBE2F,34,-0.8188,28,-1.1525,98,0.90818,98,0.90252,65,0.20321,19,-1.7021,63,0.13454,57,-0.0177
ENSG00000065802,ASB1,35,-0.0357,15,-1.3485,17,-1.1878,71,1.18521,39,0.12074,1,-4.9453,93,1.70747,18,-1.0830
ENSG00000130414,NDUFA10,101,-0.8182,37,-2.3047,164,-0.0431,393,1.52959,189,0.19802,242,0.61841,130,-0.4122,88,-1.0255
ENSG00000172428,COPS9,143,-1.3050,170,-1.0408,339,0.05457,650,1.20358,230,-0.5731,199,-0.7972,235,-0.5352,658,1.22512
ENSG00000063660,GPC1,75,-0.0101,16,-2.3195,119,0.77893,92,0.32756,155,1.26794,31,-1.3754,44,-0.8629,71,-0.0935
ENSG00000130294,KIF1A,409,-0.4614,252,-1.2114,378,-0.5839,989,1.04205,794,0.64439,268,-1.1176,633,0.25296,625,0.23346
ENSG00000115685,PPP1R7,49,-0.6795,20,-2.0507,106,0.58404,80,0.10731,88,0.28006,109,0.63632,38,-1.0487,108,0.62861
ENSG00000115677,HDLBP,136,-0.0440,65,-1.2051,103,-0.4881,275,1.18993,102,-0.4953,209,0.68769,168,0.30656,58,-1.3666
ENSG00000168385,SEPTIN2,126,-0.5899,48,-2.0741,246,0.50058,46,-2.1268,42,-2.2400,419,1.49034,281,0.73901,252,0.54425
ENSG00000115694,STK25,95,-0.2301,53,-1.1540,195,0.99589,227,1.28411,163,0.67657,2,-5.8725,81,-0.4794,61,-0.9243
ENSG00000176720,BOK,75,-1.2447,42,-2.1057,36,-2.3343,84,-1.0764,23,-2.9990,306,1.06381,315,1.11575,448,1.82536
ENSG00000168397,ATG4B,40,-0.3945,24,-1.1454,30,-0.8250,129,1.69403,116,1.47748,1,-5.4311,35,-0.6030,31,-0.7815
ENSG00000134121,CHL1,124,-0.2773,16,-3.3262,239,0.82594,167,0.20263,301,1.26102,237,0.81634,48,-1.7515,47,-1.7589
ENSG00000113851,CRBN,71,-0.6709,43,-1.4148,36,-1.7104,165,0.73008,165,0.72549,230,1.34283,75,-0.5715,76,-0.5542
ENSG00000134108,ARL8B,59,-1.5591,51,-1.7817,215,0.50675,314,1.19216,225,0.58474,187,0.26119,73,-1.2370,152,-0.0769
ENSG00000196220,SRGAP3,79,0.93537,7,-2.7511,63,0.52713,28,-0.7800,115,1.66161,1,-5.0095,42,-0.1540,32,-0.5723
ENSG00000171148,TADA3,92,0.69025,33,-0.9865,131,1.34286,66,0.12940,70,0.23148,33,-0.9836,19,-1.8180,46,-0.4554
ENSG00000241553,ARPC4,83,-0.5093,60,-1.0221,170,0.67103,149,0.44921,191,0.88662,25,-2.3427,195,0.91732,42,-1.5751
ENSG00000163703,CRELD1,35,-0.8343,18,-1.8767,78,0.44617,129,1.34968,123,1.26558,36,-0.7950,28,-1.1836,32,-0.9771
ENSG00000125037,EMC3,43,-1.2652,52,-0.9923,43,-1.2691,228,1.52719,158,0.82594,140,0.60939,54,-0.9392,61,-0.7370
ENSG00000254999,BRK1,90,-0.3631,24,-2.3829,225,1.21810,175,0.74932,98,-0.2234,98,-0.2218,62,-0.9543,129,0.22979
ENSG00000157020,SEC13,24,-0.6935,1,-5.1108,44,0.31634,61,0.86241,70,1.11298,1,-4.9666,15,-1.3552,78,1.32849
ENSG00000157087,ATP2B2,66,-0.6242,50,-1.0541,102,0.08569,48,-1.1002,501,3.64818,3,-4.9575,2,-5.2799,5,-4.3957
ENSG00000132164,SLC6A11,192,2.47786,15,-1.9922,187,2.40674,22,-1.4158,6,-3.1347,1,-5.5136,0,-7.2123,8,-2.7881
ENSG00000157103,SLC6A1,196,0.02588,77,-1.4396,384,1.21090,18,-3.5290,238,0.35362,300,0.75398,195,0.01712,135,-0.5760
ENSG00000157152,SYN2,122,-0.3696,26,-2.6751,236,0.73661,431,1.92144,362,1.54959,1,-7.0080,35,-2.2432,12,-3.8385
ENSG00000144713,RPL32,618,-0.6758,885,-0.1006,1215,0.42984,353,-1.5377,401,-1.3455,972,0.05275,1258,0.48901,1829,1.16630
ENSG00000144711,IQSEC1,165,0.04006,74,-1.2170,178,0.16843,207,0.42117,447,1.89664,56,-1.6542,67,-1.3783,93,-0.8722
ENSG00000163517,HDAC11,51,-0.8310,25,-1.8689,109,0.40392,93,0.14541,106,0.35286,71,-0.2903,113,0.47312,115,0.50166
ENSG00000170860,LSM3,42,-0.2212,34,-0.5509,47,-0.0387,57,0.26732,47,-0.0709,2,-4.4057,53,0.13691,106,1.37985
ENSG00000225733,FGD5-AS1,103,-0.7906,62,-1.5733,178,0.08714,73,-1.3166,125,-0.4825,316,1.08813,284,0.88811,213,0.38347
ENSG00000131368,MRPS25,23,-1.3820,17,-1.8059,109,1.15320,105,1.08194,102,1.02378,3,-4.2995,68,0.31152,23,-1.3635
ENSG00000131381,RBSN,37,-0.3546,34,-0.4897,45,-0.0778,28,-0.7954,64,0.52389,39,-0.3086,60,0.40665,67,0.60852
ENSG00000131370,SH3BP5,42,-0.6794,23,-1.5925,66,0.05354,59,-0.1148,88,0.54824,50,-0.3991,106,0.87018,76,0.30044
ENSG00000131386,GALNT15,14,-3.0439,16,-2.9299,0,-8.3657,0,-8.9983,0,-9.0705,353,2.24544,160,0.65216,329,2.07907
ENSG00000131374,TBC1D5,33,-1.0360,40,-0.7355,74,0.25613,46,-0.5258,61,-0.0625,35,-0.9316,90,0.59836,128,1.23777
ENSG00000182568,SATB1,23,-0.8284,22,-0.9293,60,0.71047,56,0.59772,18,-1.2120,16,-1.3989,84,1.34039,35,-0.1594
ENSG00000144566,RAB5A,58,-1.1959,49,-1.4666,92,-0.4796,102,-0.3259,127,0.03951,212,0.92314,150,0.31420,204,0.85124
ENSG00000114166,KAT2B,67,0.27466,34,-0.7915,43,-0.4402,7,-3.1264,30,-1.0209,65,0.23483,128,1.45750,79,0.55615
ENSG00000151789,ZNF385D,42,-0.3344,80,0.73493,32,-0.7607,15,-1.9123,206,2.76466,25,-1.1621,8,-2.7302,7,-2.9509
ENSG00000182247,UBE2E2,56,0.19277,1,-5.7807,62,0.36573,93,1.07312,63,0.37533,39,-0.3950,30,-0.8345,57,0.21207
ENSG00000170142,UBE2E1,62,0.06323,40,-0.6411,55,-0.1419,72,0.31041,70,0.27389,1,-5.6427,82,0.54532,95,0.79331
ENSG00000197885,NKIRAS1,13,-2.0986,2,-4.6259,118,1.53380,91,1.03257,118,1.53995,33,-0.6363,0,-7.2671,26,-1.0480
ENSG00000174748,RPL15,398,-0.7633,345,-0.9875,1031,0.81379,779,0.32435,601,-0.1083,394,-0.7803,660,0.04775,925,0.62222
ENSG00000174738,NR1D2,34,-1.2700,33,-1.2947,23,-1.8251,50,-0.6775,88,0.22699,264,2.39425,37,-1.1389,83,0.13053
ENSG00000077097,TOP2B,45,-1.2658,49,-1.1235,109,0.12608,44,-1.3066,91,-0.1677,231,1.48761,117,0.24606,120,0.29565
ENSG00000163512,AZI2,28,-1.1033,41,-0.4799,44,-0.3720,76,0.51129,106,1.11526,61,0.14956,27,-1.1473,64,0.21755
ENSG00000144642,RBMS3,58,0.77777,41,0.19034,61,0.86361,12,-1.7573,64,0.94233,30,-0.3326,14,-1.4844,15,-1.4284
ENSG00000163527,STT3B,53,-0.7479,22,-2.0520,56,-0.6601,101,0.31010,204,1.59802,97,0.23752,88,0.07375,52,-0.7522
ENSG00000152642,GPD1L,41,-0.5689,19,-1.7705,68,0.22564,30,-1.0775,134,1.46250,132,1.42910,16,-1.9815,33,-0.9194
ENSG00000144635,DYNC1LI1,53,-0.3217,14,-2.3351,64,-0.0159,213,2.26326,114,0.96797,21,-1.7081,36,-0.9479,5,-3.8173
ENSG00000170266,GLB1,54,0.84453,6,-2.5926,67,1.23870,82,1.66273,32,-0.0198,1,-4.8068,3,-3.4125,17,-0.9848
ENSG00000170275,CRTAP,66,0.31808,39,-0.5238,57,0.07530,11,-2.4508,50,-0.1530,39,-0.5482,102,1.08775,73,0.48261
ENSG00000163539,CLASP2,131,-1.4298,111,-1.6795,245,-0.4569,291,-0.1815,269,-0.3097,830,1.71024,386,0.28405,340,0.07441
ENSG00000170248,PDCD6IP,13,-2.8859,13,-2.8898,38,-1.2939,116,0.46777,120,0.51869,198,1.44403,96,0.14693,110,0.36882
ENSG00000178567,EPM2AIP1,87,-0.5507,77,-0.7336,127,0.06067,117,-0.0779,271,1.41830,138,0.20220,82,-0.6401,80,-0.6830
ENSG00000093167,LRRFIP2,43,-0.2093,12,-2.1430,12,-2.1705,41,-0.2715,34,-0.5975,112,1.48258,84,0.92935,53,0.14805
ENSG00000144674,GOLGA4,55,-1.9201,145,-0.4460,26,-3.0116,52,-2.0068,22,-3.2487,717,2.61838,377,1.18921,136,-0.5453
ENSG00000060971,ACAA1,40,-0.4479,9,-2.6811,71,0.47778,93,0.95396,55,0.05011,1,-5.4512,18,-1.6449,139,1.75248
ENSG00000114742,WDR48,12,-2.4537,29,-1.1886,78,0.37157,67,0.12219,89,0.59532,121,1.15257,29,-1.1850,74,0.27505
ENSG00000168028,RPSA,276,-0.8120,255,-0.9344,342,-0.4759,397,-0.2344,335,-0.5090,369,-0.3526,660,0.61767,1036,1.46006
ENSG00000168314,MOBP,122,-4.3564,2502,0.21164,145,-4.0985,80,-4.9559,209,-3.5686,4977,1.46169,6278,1.95311,3311,0.69528
ENSG00000114784,EIF1B,75,-1.2434,38,-2.2594,329,1.20189,269,0.83303,259,0.76442,134,-0.3504,86,-1.0376,136,-0.3179
ENSG00000188846,RPL14,232,-0.7781,258,-0.6169,705,1.08792,217,-0.8821,267,-0.5620,462,0.33482,406,0.11857,478,0.39197
ENSG00000168036,CTNNB1,93,-1.1206,104,-0.9431,349,1.06913,95,-1.0900,158,-0.2920,185,-0.0286,254,0.50143,272,0.62116
ENSG00000182606,TRAK1,45,-0.4902,15,-2.1052,56,-0.1598,61,-0.0044,54,-0.1968,120,1.17565,60,-0.0366,79,0.42007
ENSG00000093183,SEC22C,40,-0.5886,19,-1.6782,67,0.25035,40,-0.5753,45,-0.3818,32,-0.9315,71,0.34843,146,1.68931
ENSG00000114857,NKTR,49,-1.0651,40,-1.3813,41,-1.3457,4,-4.7359,40,-1.3895,322,2.30261,160,0.85597,120,0.36052
ENSG00000114853,ZBTB47,24,-0.5779,45,0.42994,58,0.85703,3,-3.6070,42,0.30624,1,-4.8903,60,0.92329,46,0.47871
ENSG00000010282,HHATL,62,-1.6888,48,-2.0591,52,-1.9374,6,-5.0022,49,-2.0423,343,1.09708,395,1.37380,507,1.89047
ENSG00000181061,HIGD1A,235,-0.5530,120,-1.5828,408,0.35266,473,0.60450,327,-0.0175,265,-0.3605,354,0.11032,465,0.57646
ENSG00000163788,SNRK,50,-0.3705,16,-2.1170,124,1.19737,54,-0.2338,95,0.71853,131,1.31218,0,-7.5785,30,-1.1469
ENSG00000163807,KIAA1143,21,-1.5197,30,-1.0063,50,-0.1859,102,1.02608,23,-1.4091,184,2.25815,27,-1.1665,14,-2.0942
ENSG00000163812,ZDHHC3,14,-1.7225,29,-0.6822,42,-0.0634,30,-0.6020,66,0.68298,88,1.22314,22,-1.0975,60,0.53231
ENSG00000211456,SACM1L,84,0.10809,34,-1.3190,78,-0.0144,103,0.44880,134,0.92170,124,0.77920,17,-2.3426,55,-0.5649
ENSG00000181555,SETD2,11,-2.8649,46,-0.6817,16,-2.2383,29,-1.3843,47,-0.6617,324,3.19652,28,-1.4470,67,-0.0935
ENSG00000076201,PTPN23,30,-0.2898,11,-1.8289,44,0.37147,49,0.53878,45,0.41294,2,-4.2084,72,1.23604,31,-0.2146
ENSG00000114650,SCAP,45,0.05944,24,-0.9681,30,-0.6262,81,1.05520,53,0.32835,55,0.38177,18,-1.3924,45,0.04085
ENSG00000114646,CSPG5,114,0.12671,49,-1.2095,168,0.79317,158,0.68475,140,0.46685,83,-0.3858,58,-0.9483,75,-0.5421
ENSG00000173473,SMARCC1,12,-2.4236,138,1.50936,44,-0.4921,5,-3.6468,31,-1.0000,91,0.72942,125,1.31492,29,-1.1345
ENSG00000132153,DHX30,69,-0.3359,34,-1.4291,123,0.63298,119,0.56965,144,0.90890,1,-6.1712,143,0.89013,47,-0.9503
ENSG00000047849,MAP4,309,-0.8090,493,-0.0658,323,-0.7416,562,0.14962,480,-0.1108,837,0.84260,694,0.50967,407,-0.3750
ENSG00000164050,PLXNB1,93,-0.2638,36,-1.7229,178,0.83756,3,-5.1657,40,-1.5507,104,-0.0907,120,0.15898,301,1.86659
ENSG00000232112,TMA7,206,-0.8921,150,-1.3757,649,1.02078,376,0.06977,258,-0.5374,250,-0.5884,397,0.16006,598,0.87158
ENSG00000164054,SHISA5,76,0.16532,42,-0.7681,92,0.49992,132,1.14611,90,0.46110,1,-5.8640,47,-0.6043,68,-0.0190
ENSG00000010256,UQCRC1,193,-0.1938,64,-1.9005,384,0.98932,312,0.61574,455,1.31142,77,-1.6236,131,-0.8076,122,-0.9229
ENSG00000213672,NCKIPSD,50,-0.2389,9,-2.7936,78,0.49389,52,-0.1769,139,1.56700,95,0.83125,12,-2.3689,30,-1.0345
ENSG00000068745,IP6K2,52,0.07256,7,-2.8729,81,0.84072,127,1.70746,51,0.03323,6,-3.1002,31,-0.7314,42,-0.2801
ENSG00000114302,PRKAR2A,61,-0.2497,30,-1.3306,15,-2.3951,93,0.43549,85,0.29518,205,1.95281,18,-2.1014,65,-0.1627
ENSG00000177479,ARIH2,36,-0.3617,13,-1.9425,70,0.73619,42,-0.1181,66,0.63014,46,0.03182,57,0.37583,33,-0.5183
ENSG00000178467,P4HTM,55,-0.8809,11,-3.2808,182,1.13390,196,1.27077,160,0.89713,55,-0.8622,69,-0.5223,34,-1.5986
ENSG00000178252,WDR6,89,0.34041,23,-1.7555,185,1.70808,68,-0.0953,79,0.14117,9,-3.1440,55,-0.4272,71,-0.0395
ENSG00000178057,NDUFAF3,49,-1.2833,32,-1.9164,158,0.57456,141,0.38385,99,-0.1957,20,-2.6339,128,0.21425,270,1.58493
ENSG00000178035,IMPDH2,21,-1.4156,35,-0.6453,83,0.79276,48,-0.1481,41,-0.3809,63,0.32448,67,0.41470,59,0.21621
ENSG00000067560,RHOA,254,-0.2852,70,-2.2606,282,-0.1146,306,0.01817,128,-1.3583,421,0.55895,403,0.48282,558,1.06508
ENSG00000173402,DAG1,63,4.37867,23,-1.5424,130,1.28538,27,-1.3401,55,-0.2152,78,0.35694,65,0.06405,61,-0.0348
ENSG00000164061,BSN,67,0.12865,36,-0.8588,50,-0.3501,158,1.71364,151,1.62061,1,-5.7036,31,-1.0754,0,-7.8368
ENSG00000164062,APEH,29,-1.0163,17,-1.8643,88,0.76605,159,1.92340,118,1.30601,1,-5.5795,16,-1.9155,22,-1.4745
ENSG00000176095,IP6K1,74,0.20785,21,-1.7184,114,0.96961,83,0.41698,121,1.09107,18,-1.9300,59,-0.1421,28,-1.3260
ENSG00000164076,CAMKV,30,-0.6893,22,-1.1998,90,1.13959,73,0.75304,159,2.34491,1,-5.3202,0,-6.8268,0,-6.8128
ENSG00000004534,RBM6,30,-1.0201,63,0.13007,88,0.70689,38,-0.6623,41,-0.5554,74,0.41850,80,0.54130,49,-0.2676
ENSG00000003756,RBM5,52,-0.5993,21,-1.9633,98,0.44750,29,-1.4584,84,0.18564,183,1.60675,59,-0.3875,75,-0.0049
ENSG00000114353,GNAI2,114,-1.0989,95,-1.3792,301,0.46232,194,-0.2679,162,-0.5559,223,-0.0408,360,0.77887,380,0.87443
ENSG00000012171,SEMA3B,10,-3.7222,84,-0.5791,6,-4.4616,0,-9.1465,8,-4.0892,193,0.80560,281,1.52200,384,2.19996
ENSG00000114383,TUSC2,68,-0.2074,19,-2.1242,75,-0.0474,184,1.55825,172,1.42687,16,-2.4263,64,-0.2979,20,-2.0609
ENSG00000126062,TMEM115,16,-1.4059,5,-2.9779,75,1.07301,79,1.15748,72,0.98971,1,-5.1075,48,0.27915,27,-0.6130
ENSG00000007402,CACNA2D2,52,0.04522,1,-5.5351,150,2.02104,80,0.76344,119,1.51928,1,-5.4362,4,-3.5939,0,-7.5593
ENSG00000088538,DOCK3,40,-0.7775,25,-1.5079,75,0.22681,59,-0.1661,101,0.73246,132,1.23293,67,0.05005,24,-1.5333
ENSG00000164081,TEX264,28,-0.4990,6,-2.7442,63,0.83124,59,0.72403,75,1.17024,1,-5.0327,14,-1.5818,62,0.81239
ENSG00000090097,PCBP4,45,-1.2877,29,-1.9495,56,-0.9408,112,0.15512,44,-1.3241,89,-0.2205,93,-0.1548,348,2.37498
ENSG00000248487,ABHD14A,29,-1.4444,26,-1.6410,197,1.78095,87,0.25302,162,1.37241,8,-3.2974,21,-1.9733,67,-0.1775
ENSG00000162244,RPL29,269,-0.7998,434,-0.0335,401,-0.1639,242,-0.9647,192,-1.3182,521,0.26922,562,0.39866,926,1.30473
ENSG00000164091,WDR82,100,-0.3093,30,-2.1413,311,1.71268,117,-0.0701,147,0.31054,89,-0.5039,53,-1.2901,126,0.05661
ENSG00000163930,BAP1,48,0.49403,19,-1.0142,59,0.86436,46,0.41519,86,1.58460,1,-4.9256,10,-1.9171,17,-1.1889
ENSG00000010322,NISCH,105,-0.5292,59,-1.4345,286,1.17246,286,1.17285,263,1.01827,60,-1.3906,53,-1.5963,60,-1.4002
ENSG00000168268,NT5DC2,25,-1.4382,22,-1.6744,91,0.60358,347,3.85879,3,-4.1900,1,-5.7624,21,-1.6871,0,-6.7569
ENSG00000163939,PBRM1,22,-1.3140,35,-0.6147,66,0.43044,34,-0.6396,42,-0.3125,61,0.28630,112,1.39085,37,-0.5157
ENSG00000114902,SPCS1,83,-1.2518,62,-1.7044,241,0.45094,229,0.36273,251,0.52101,254,0.53649,116,-0.7462,240,0.44287
ENSG00000163931,TKT,98,-0.7505,60,-1.5019,108,-0.5977,283,1.02075,214,0.51945,167,0.09993,116,-0.4882,211,0.49482
ENSG00000113811,SELENOK,79,-0.1854,40,-1.2163,225,1.70590,110,0.37338,81,-0.1428,4,-4.5163,65,-0.4981,101,0.23348
ENSG00000163946,TASOR,43,-0.4889,23,-1.3962,34,-0.8587,0,-8.0685,8,-3.0086,233,2.80900,57,-0.0295,66,0.21317
ENSG00000157500,APPL1,64,-0.1276,40,-0.8497,65,-0.1006,39,-0.9103,132,1.13867,97,0.58367,61,-0.1843,52,-0.4377
ENSG00000168374,ARF4,46,-0.8491,45,-0.8970,149,1.12036,157,1.21215,80,0.02840,22,-1.9729,40,-1.0543,90,0.22396
ENSG00000163686,ABHD6,15,-1.7611,21,-1.3164,32,-0.6393,11,-2.2640,66,0.53855,76,0.78234,60,0.37296,103,1.35195
ENSG00000168297,PXK,19,-3.4456,81,-1.3321,13,-3.9829,39,-2.4262,122,-0.7081,553,1.99581,377,1.20609,315,0.87193
ENSG00000168291,PDHB,34,-0.9496,24,-1.4779,65,0.07266,104,0.88658,67,0.12845,3,-4.5118,102,0.84776,98,0.78002
ENSG00000168309,FAM107A,73,-1.4932,117,-0.7600,282,0.68820,95,-1.0860,14,-3.9235,535,1.94131,210,0.17518,183,-0.0501
ENSG00000114405,C3orf14,30,-1.0388,27,-1.2068,73,0.38073,112,1.14497,71,0.34328,99,0.91839,12,-2.4302,41,-0.5668
ENSG00000163618,CADPS,107,-0.9481,66,-1.6662,100,-1.0539,673,2.41906,455,1.53850,71,-1.5587,66,-1.6815,12,-4.0882
ENSG00000163630,SYNPR,60,-0.1505,53,-0.3479,115,0.96576,15,-2.2708,282,2.99404,1,-5.8088,1,-5.7059,0,-7.9319
ENSG00000163634,THOC7,40,-1.0295,28,-1.5593,127,0.85804,135,0.97975,78,0.03350,49,-0.7255,54,-0.5639,103,0.49580
ENSG00000163636,PSMD6,38,-1.0136,29,-1.4300,73,-0.0039,160,1.38730,37,-1.0568,159,1.38222,46,-0.7513,42,-0.8592
ENSG00000151276,MAGI1,48,-0.4781,58,-0.1908,63,-0.0557,1,-5.6946,110,0.90148,140,1.36052,64,-0.0360,37,-0.9057
ENSG00000144749,LRIG1,78,0.63327,27,-1.0722,160,2.03247,37,-0.5826,3,-4.1866,77,0.60271,5,-3.4534,43,-0.3606
ENSG00000144747,TMF1,36,-0.2439,33,-0.3509,20,-1.1488,38,-0.1488,56,0.49590,27,-0.6746,79,1.12846,43,0.05376
ENSG00000144744,UBA3,33,-0.7394,31,-0.8464,36,-0.6028,90,0.93479,94,0.99601,11,-2.3681,43,-0.3243,83,0.77111
ENSG00000144746,ARL6IP5,166,-0.7177,69,-2.0546,259,-0.0086,477,1.05366,372,0.60304,203,-0.4063,303,0.25375,235,-0.1706
ENSG00000114541,FRMD4B,0,-8.1949,35,-1.4291,0,-8.0746,0,-8.6869,6,-3.9716,426,3.41791,152,0.94974,83,-0.0846
ENSG00000114861,FOXP1,41,-0.4086,87,0.85824,49,-0.1180,0,-7.9573,35,-0.6607,100,1.12356,42,-0.3586,67,0.41222
ENSG00000163412,EIF4E3,24,-1.2581,24,-1.2474,63,0.28417,31,-0.8257,43,-0.3407,122,1.49572,89,0.88922,28,-1.0077
ENSG00000170837,GPR27,37,-0.4361,33,-0.5759,63,0.44671,6,-2.9630,40,-0.2773,71,0.66517,26,-0.9818,108,1.43393
ENSG00000163602,RYBP,46,0.01970,30,-0.6472,34,-0.4682,21,-1.2172,20,-1.2320,130,1.96233,60,0.48647,20,-1.2486
ENSG00000163605,PPP4R2,23,-1.3303,29,-0.9464,25,-1.1964,37,-0.5769,15,-1.9140,162,2.07733,60,0.17565,77,0.61551
ENSG00000175161,CADM2,168,-0.4025,142,-0.6711,168,-0.4048,147,-0.6188,630,2.00699,286,0.47721,55,-2.0973,129,-0.8234
ENSG00000083937,CHMP2B,22,-2.7613,31,-2.2595,74,-0.9621,126,-0.1320,52,-1.5125,245,1.00993,277,1.24121,266,1.16958
ENSG00000163320,CGGBP1,52,-0.2055,21,-1.5869,90,0.71812,76,0.42636,69,0.25189,41,-0.5736,58,-0.0288,65,0.15505
ENSG00000269028,MTRNR2L12,14624,-1.5333,108550,1.90849,7051,-2.6221,2870,-3.9386,8490,-2.3474,113659,2.01172,45799,0.27392,9907,-2.1180
ENSG00000080822,CLDND1,168,-2.5467,276,-1.8139,97,-3.3505,181,-2.4419,120,-3.0380,1611,1.04597,1956,1.42055,2661,2.07752
ENSG00000184220,CMSS1,36,-0.5661,15,-1.9290,40,-0.4014,65,0.37654,66,0.40187,129,1.65663,23,-1.2567,40,-0.4266
ENSG00000154174,TOMM70,64,-0.5702,16,-2.6633,94,0.03997,183,1.21199,223,1.59847,92,-0.0053,46,-1.1002,18,-2.5121
ENSG00000114354,TFG,67,0.23039,13,-2.2940,29,-1.0861,105,1.02022,111,1.10880,5,-3.4810,97,0.85928,40,-0.5937
ENSG00000081154,PCNP,103,-0.6483,90,-0.8559,191,0.35784,133,-0.2425,246,0.80162,196,0.40424,103,-0.6471,171,0.17492
ENSG00000114391,RPL24,339,-0.5994,364,-0.4853,859,0.96838,186,-1.5242,376,-0.4345,375,-0.4381,651,0.47421,782,0.79736
ENSG00000144815,NXPE3,26,-1.6050,33,-1.2742,59,-0.3612,36,-1.1159,110,0.67663,127,0.94136,142,1.14207,57,-0.4182
ENSG00000170017,ALCAM,138,-0.8566,54,-2.2678,162,-0.5992,149,-0.7324,225,-0.0727,510,1.37395,273,0.24503,374,0.79049
ENSG00000114439,BBX,39,-1.9339,51,-1.5645,8,-4.2172,39,-1.9345,30,-2.3383,549,2.78545,253,1.05531,134,-0.0447
ENSG00000196776,CD47,87,-0.9725,18,-3.3179,134,-0.2978,236,0.65103,185,0.23081,135,-0.2852,213,0.46790,280,0.95770
ENSG00000198919,DZIP3,48,-0.9973,35,-1.4558,85,-0.0854,129,0.61405,152,0.90336,160,0.99759,99,0.16282,10,-3.2332
ENSG00000144827,ABHD10,12,-2.0663,11,-2.1642,88,1.10163,91,1.16625,83,0.99919,22,-1.1422,30,-0.6913,35,-0.4524
ENSG00000144834,TAGLN3,133,-0.7595,63,-1.9009,411,1.13678,634,2.03178,387,1.02571,1,-7.5037,34,-2.8073,54,-2.1375
ENSG00000091972,CD200,75,-0.1180,6,-3.9288,205,1.70589,87,0.13334,231,1.96704,1,-6.0907,7,-3.5142,31,-1.4954
ENSG00000144848,ATG3,43,-0.9222,26,-1.6786,65,-0.2850,70,-0.1797,65,-0.2980,38,-1.1241,131,0.89439,184,1.54911
ENSG00000138459,SLC35A5,7,-3.4036,7,-3.2840,41,-0.7490,85,0.42428,64,-0.0655,113,0.91800,83,0.37976,130,1.17285
ENSG00000121579,NAA50,41,-0.1502,39,-0.2308,44,-0.0312,43,-0.0791,44,-0.0233,40,-0.1933,40,-0.2045,69,0.72534
ENSG00000114573,ATP6V1A,115,-1.0499,75,-1.7023,389,0.95825,593,1.78944,453,1.24579,50,-2.3067,48,-2.3484,66,-1.8881
ENSG00000181722,ZBTB20,54,-0.7892,130,0.63810,59,-0.6515,7,-3.7079,10,-3.2939,176,1.18880,156,0.95790,122,0.52333
ENSG00000172020,GAP43,521,0.02577,245,-1.1663,544,0.09582,2021,2.76025,525,0.03744,70,-3.0323,131,-2.1125,48,-3.5683
ENSG00000185565,LSAMP,151,-0.0958,119,-0.4748,263,0.85080,71,-1.2768,320,1.21760,281,0.96923,55,-1.6732,22,-3.0006
ENSG00000113845,TIMMDC1,28,-1.3663,10,-2.8820,145,1.37546,42,-0.7307,71,0.10561,86,0.42789,85,0.40504,67,0.00406
ENSG00000138495,COX17,70,-0.7405,55,-1.1106,222,1.22542,226,1.25871,54,-1.1259,17,-2.8694,108,-0.0476,135,0.32740
ENSG00000082701,GSK3B,76,-0.3871,18,-2.5912,142,0.64282,141,0.62975,167,0.93155,143,0.65053,74,-0.4331,17,-2.6685
ENSG00000163428,LRRC58,35,-1.3261,34,-1.3805,13,-2.7828,6,-3.8371,23,-1.9724,266,2.22873,117,0.58668,166,1.23027
ENSG00000065518,NDUFB4,118,-0.8413,44,-2.3175,368,1.06066,348,0.95589,138,-0.6000,170,-0.2655,199,-0.0049,216,0.12474
ENSG00000173230,GOLGB1,68,-1.4514,185,0.12745,52,-1.8386,68,-1.4392,67,-1.4731,728,2.97706,145,-0.2722,58,-1.6747
ENSG00000114023,FAM162A,68,-0.4291,53,-0.7967,163,1.07074,167,1.11606,69,-0.3919,22,-2.1069,35,-1.4477,128,0.62743
ENSG00000114030,KPNA1,46,0.16007,43,0.03271,17,-1.4013,61,0.62817,61,0.63095,10,-2.1149,42,-0.0152,56,0.47585
ENSG00000173175,ADCY5,29,-0.7340,4,-3.4731,33,-0.5355,65,0.56011,50,0.10544,23,-1.0938,114,1.60893,54,0.24818
ENSG00000065534,MYLK,23,-2.8872,26,-2.7012,11,-3.8939,0,-9.4669,14,-3.5541,366,1.55956,315,1.25949,478,2.14172
ENSG00000163848,ZNF148,24,-0.9785,43,-0.0274,56,0.41424,15,-1.6827,53,0.29606,107,1.60108,29,-0.6460,25,-0.8869
ENSG00000114544,SLC41A3,130,0.50969,6,-4.1492,125,0.45317,233,1.60792,191,1.21850,25,-2.0386,13,-2.9759,42,-1.2918
ENSG00000159685,CHCHD6,12,-1.7276,14,-1.5179,26,-0.6293,105,1.85848,64,0.90135,3,-3.4691,47,0.33496,33,-0.2194
ENSG00000114631,PODXL2,153,-0.5005,36,-2.6700,471,1.45990,344,0.86491,393,1.10920,14,-4.0389,150,-0.5240,105,-1.0827
ENSG00000074416,MGLL,64,-0.0750,57,-0.2832,50,-0.4842,14,-2.3826,37,-0.9312,132,1.17030,58,-0.2490,128,1.11178
ENSG00000058262,SEC61A1,91,0.23066,14,-2.5738,54,-0.6246,199,1.66661,65,-0.3276,101,0.40659,46,-0.8787,65,-0.3199
ENSG00000163902,RPN1,84,-0.3693,24,-2.2693,110,0.05849,110,0.05862,193,1.03601,178,0.89107,97,-0.1499,53,-1.0983
ENSG00000075785,RAB7A,138,-0.4524,68,-1.5509,158,-0.2357,350,1.14089,177,-0.0521,237,0.44096,128,-0.5711,204,0.18815
ENSG00000169714,CNBP,169,-0.0695,24,-3.0033,244,0.55535,144,-0.3307,131,-0.4754,278,0.78415,191,0.13627,227,0.42411
ENSG00000181789,COPG1,43,-0.1899,10,-2.4116,48,0.01559,97,1.24176,91,1.12140,46,-0.0550,12,-2.1467,36,-0.4512
ENSG00000184897,H1FX,110,0.12714,32,-1.7790,206,1.24044,71,-0.5714,118,0.24864,42,-1.3905,125,0.34364,110,0.12494
ENSG00000172765,TMCC1,13,-1.6985,38,-0.0248,65,0.87510,5,-3.0971,49,0.38119,20,-1.0688,69,0.99548,52,0.50293
ENSG00000017260,ATP2C1,65,-1.3495,29,-2.5451,154,0.00838,325,1.33338,165,0.11765,242,0.77935,85,-0.9322,162,0.08931
ENSG00000198585,NUDT16,20,-1.5978,49,-0.2615,43,-0.4650,102,0.99953,68,0.28435,93,0.82250,43,-0.4608,40,-0.5556
ENSG00000114686,MRPL3,49,0.27596,15,-1.6038,56,0.51466,67,0.82816,52,0.38907,16,-1.4971,18,-1.3084,58,0.57559
ENSG00000091527,CDV3,48,-0.6860,74,0.01238,70,-0.0863,66,-0.1826,64,-0.2285,98,0.48383,92,0.37345,77,0.07444
ENSG00000091513,TF,103,-4.1887,327,-2.4968,79,-4.5702,43,-5.4416,38,-5.6258,2723,0.85195,4370,1.77875,5599,2.35039
ENSG00000144867,SRPRB,61,0.17487,5,-3.6212,49,-0.1993,128,1.51448,86,0.75959,56,0.03506,30,-0.9482,25,-1.2198
ENSG00000154917,RAB6B,234,-0.4739,128,-1.4074,345,0.15688,904,1.97283,752,1.57903,18,-4.3007,72,-2.2748,60,-2.5414
ENSG00000114019,AMOTL2,40,-0.4604,39,-0.5074,22,-1.3915,8,-2.9025,38,-0.5293,77,0.62911,110,1.28261,92,0.94157
ENSG00000129055,ANAPC13,69,0.40167,22,-1.3733,123,1.45860,66,0.33136,53,-0.0384,27,-1.0928,9,-2.7650,65,0.29600
ENSG00000114098,ARMC8,24,-0.8114,20,-1.0730,49,0.32874,74,1.07380,40,-0.0001,32,-0.3395,44,0.16572,36,-0.1612
ENSG00000158186,MRAS,157,1.10216,46,-0.9450,203,1.60669,102,0.33863,52,-0.7503,1,-6.0878,64,-0.4277,42,-1.0712
ENSG00000051382,PIK3CB,53,-0.3821,33,-1.1089,102,0.73047,89,0.48612,142,1.34570,37,-0.9106,34,-1.0374,42,-0.7420
ENSG00000184432,COPB2,25,-1.1085,15,-1.8054,40,-0.3589,46,-0.1143,69,0.53356,112,1.43297,50,0.00946,42,-0.2633
ENSG00000158258,CLSTN2,9,-2.3856,4,-3.3999,68,0.66771,44,-0.0727,170,2.59630,32,-0.5526,17,-1.5552,20,-1.2440
ENSG00000114120,SLC25A36,49,-0.8923,39,-1.2413,112,0.43289,96,0.17553,90,0.07046,179,1.29236,108,0.37699,17,-2.4885
ENSG00000177311,ZBTB38,43,-0.9882,32,-1.4383,106,0.45373,46,-0.8847,69,-0.2556,218,1.81839,56,-0.6043,77,-0.0739
ENSG00000114125,RNF7,57,-0.1749,33,-1.0121,85,0.48263,129,1.24088,55,-0.2500,30,-1.1658,25,-1.4390,95,0.67355
ENSG00000069849,ATP1B3,65,-0.7163,59,-0.8447,170,0.88773,198,1.17371,172,0.91120,15,-2.8860,32,-1.7692,99,-0.0320
ENSG00000114126,TFDP2,16,-1.8737,53,-0.0536,66,0.30174,20,-1.5425,53,-0.0453,93,0.91558,43,-0.3963,94,0.92384
ENSG00000175066,GK5,31,-1.8358,29,-1.9274,0,-8.2699,0,-8.8860,19,-2.5560,475,3.31833,132,0.46216,120,0.29093
ENSG00000163714,U2SURP,39,-1.4571,62,-0.7616,38,-1.5176,51,-1.0736,37,-1.5383,323,2.22515,217,1.36517,36,-1.5868
ENSG00000175040,CHST2,21,-2.5499,9,-3.7194,24,-2.3714,85,-0.4397,107,-0.0718,183,0.84747,89,-0.3629,376,2.33690
ENSG00000163754,GYG1,42,-0.8133,16,-2.2827,130,1.07226,155,1.41553,89,0.40630,79,0.19128,5,-3.7610,44,-0.7257
ENSG00000071794,HLTF,21,-1.6747,7,-3.2082,62,0.02579,89,0.62648,57,-0.1005,114,1.08085,70,0.22208,69,0.21020
ENSG00000082996,RNF13,63,-1.9837,51,-2.2913,35,-2.8585,78,-1.6620,99,-1.2975,441,1.16516,538,1.55618,511,1.45109
ENSG00000070087,PFN2,206,-0.4772,97,-1.6366,446,0.81646,591,1.34376,430,0.75220,126,-1.2372,90,-1.7434,230,-0.3014
ENSG00000196428,TSC22D2,36,-0.3058,3,-3.8676,50,0.24062,43,-0.0072,97,1.43023,9,-2.3077,43,-0.0250,66,0.70344
ENSG00000120742,SERP1,46,-1.0543,41,-1.2267,137,0.73265,44,-1.0966,134,0.69487,124,0.55719,59,-0.6522,128,0.60811
ENSG00000198843,SELENOT,114,-0.6707,56,-1.7583,207,0.30032,280,0.82906,250,0.62796,136,-0.3829,122,-0.5531,217,0.38055
ENSG00000152601,MBNL1,31,-1.2584,11,-2.7633,94,0.50102,75,0.13025,112,0.81070,114,0.83550,46,-0.6606,74,0.10608
ENSG00000174953,DHX36,61,-0.2859,67,-0.1377,113,0.75120,84,0.24191,86,0.26787,73,0.00651,60,-0.3187,39,-0.9969
ENSG00000163655,GMPS,26,-1.0182,20,-1.4079,60,0.34451,8,-2.7670,91,1.08367,95,1.15530,68,0.56421,24,-1.1430
ENSG00000114850,SSR3,87,-0.4320,62,-0.9633,97,-0.2480,109,-0.0614,130,0.23139,165,0.63125,142,0.38018,115,0.02114
ENSG00000174891,RSRC1,40,-0.2823,51,0.10378,61,0.40090,29,-0.8068,60,0.36961,28,-0.8366,61,0.40217,54,0.17558
ENSG00000168827,GFM1,35,-0.6222,6,-3.1486,51,-0.0144,79,0.72102,103,1.19714,21,-1.3686,47,-0.1624,72,0.54377
ENSG00000118855,MFSD1,27,-0.4696,12,-1.7168,40,0.18359,90,1.65420,47,0.44727,2,-4.1663,43,0.30469,27,-0.4586
ENSG00000186432,KPNA4,68,-0.1190,10,-2.9631,82,0.20702,103,0.58886,120,0.85262,75,0.05523,84,0.23955,40,-0.9534
ENSG00000163590,PPM1L,45,-0.1304,14,-1.9318,102,1.29466,37,-0.4510,88,1.00593,57,0.24728,40,-0.3301,9,-2.5147
ENSG00000169255,B3GALNT1,60,-0.3629,15,-2.4366,190,1.67616,112,0.67914,175,1.50777,1,-5.7062,19,-2.0890,30,-1.4220
ENSG00000114209,PDCD10,18,-1.6035,15,-1.8557,102,1.22302,74,0.63045,48,-0.0862,46,-0.1706,28,-0.9230,75,0.66478
ENSG00000163536,SERPINI1,136,-1.8029,67,-2.8516,291,-0.6332,1068,1.64461,362,-0.2865,389,-0.1732,309,-0.5385,834,1.15498
ENSG00000173905,GOLIM4,21,-1.6603,58,-0.1153,31,-1.0828,11,-2.5477,41,-0.6363,189,2.10003,48,-0.4081,95,0.73431
ENSG00000008952,SEC62,672,-0.2476,752,-0.0644,565,-0.5260,388,-1.1126,1186,0.71021,1150,0.65585,925,0.27842,622,-0.3733
ENSG00000136603,SKIL,29,-0.9091,13,-2.0858,63,0.31416,16,-1.8297,52,-0.0135,179,2.36643,39,-0.4681,27,-1.0265
ENSG00000013297,CLDN11,42,-3.2663,112,-1.8182,26,-3.9596,19,-4.4281,66,-2.6036,493,0.53248,966,1.81995,1157,2.22996
ENSG00000013293,SLC7A14,110,-0.5506,39,-2.1154,126,-0.3278,465,2.07021,262,0.90791,117,-0.4518,47,-1.8486,72,-1.2152
ENSG00000163577,EIF5A2,33,-0.0445,12,-1.5840,27,-0.3286,53,0.75923,92,1.84890,1,-4.8390,23,-0.5941,28,-0.2868
ENSG00000154310,TNIK,44,0.11941,27,-0.6373,91,1.41224,10,-2.1554,56,0.52937,50,0.31830,28,-0.5974,22,-1.0016
ENSG00000144959,NCEH1,9,-2.1012,6,-2.6000,71,1.10746,37,-0.0079,153,2.85577,1,-4.9902,11,-1.8360,10,-2.0361
ENSG00000177565,TBL1XR1,88,0.15215,34,-1.3155,72,-0.1635,58,-0.5113,111,0.55220,119,0.67118,90,0.19359,67,-0.2756
ENSG00000172667,ZMAT3,119,-0.0355,65,-0.9938,156,0.40890,133,0.14341,155,0.40315,230,1.10481,47,-1.4829,71,-0.8704
ENSG00000136522,MRPL47,33,-0.5526,18,-1.4847,64,0.53258,91,1.18978,47,0.03828,39,-0.2546,0,-6.0236,78,0.88351
ENSG00000136521,NDUFB5,106,-0.1952,55,-1.2345,173,0.62123,147,0.34452,162,0.50626,106,-0.1929,125,0.07298,84,-0.5711
ENSG00000114757,PEX5L,2,-6.3241,32,-2.7963,6,-5.2040,38,-2.5390,160,-0.3844,660,2.26364,395,1.17297,326,0.81688
ENSG00000163728,TTC14,31,-1.7063,41,-1.2772,61,-0.6745,22,-2.2369,22,-2.1949,437,3.27189,108,0.23813,27,-1.9120
ENSG00000114416,FXR1,85,-0.9582,65,-1.3635,93,-0.8195,133,-0.2527,188,0.31718,352,1.46474,185,0.28994,142,-0.1454
ENSG00000205981,DNAJC19,62,0.32727,15,-1.8967,85,0.88650,57,0.20472,70,0.55474,13,-2.0753,50,-0.0101,53,0.06877
ENSG00000242808,SOX2-OT,70,-3.3622,212,-1.7216,111,-2.6772,12,-5.8267,58,-3.6319,1592,1.65814,1395,1.38868,1671,1.75977
ENSG00000181449,SOX2,161,1.30929,71,-0.1189,116,0.69949,9,-3.2618,7,-3.5349,158,1.26932,75,-0.0296,17,-2.2993
ENSG00000043093,DCUN1D1,32,-0.7022,45,-0.1909,43,-0.2365,16,-1.7831,53,0.08845,104,1.28050,55,0.15428,54,0.10770
ENSG00000114796,KLHL24,33,-1.2706,45,-0.8075,100,0.49339,49,-0.6642,32,-1.3307,90,0.32075,152,1.25680,95,0.40278
ENSG00000180834,MAP6D1,14,-2.8970,43,-1.2949,5,-4.2767,0,-8.8500,29,-1.8815,111,0.20474,218,1.41650,366,2.59799
ENSG00000114770,ABCC5,47,-0.4801,3,-4.4402,28,-1.2915,130,1.27806,132,1.30327,115,1.04005,19,-1.8747,31,-1.0895
ENSG00000145191,EIF2B5,29,-0.4850,13,-1.6609,40,-0.0033,40,0.02655,95,1.55685,38,-0.0543,37,-0.1234,25,-0.7241
ENSG00000161203,AP2M1,243,-0.9050,86,-2.4658,698,0.84192,1050,1.62967,740,0.94822,195,-1.2378,133,-1.8173,278,-0.6898
ENSG00000161204,ABCF3,37,0.00535,15,-1.4067,38,0.03927,60,0.82749,92,1.65508,15,-1.3485,11,-1.7856,26,-0.5303
ENSG00000163888,CAMK2N2,146,-0.4649,91,-1.1926,473,1.60535,321,0.85760,468,1.58245,1,-7.3664,33,-2.6863,25,-3.0842
ENSG00000145194,ECE2,59,0.67218,6,-2.7156,120,2.07592,47,0.29215,83,1.31208,1,-5.0720,0,-6.9325,0,-6.8113
ENSG00000175166,PSMD2,158,-0.1498,51,-1.8922,184,0.09975,396,1.48520,270,0.76246,92,-1.0018,105,-0.8002,128,-0.4792
ENSG00000114867,EIF4G1,124,0.36402,44,-1.3031,146,0.63953,216,1.36514,83,-0.2985,62,-0.7582,43,-1.3217,82,-0.3162
ENSG00000177383,MAGEF1,45,0.05394,0,-5.6526,93,1.36118,91,1.31897,45,0.04812,23,-1.0115,4,-3.6012,45,0.06859
ENSG00000156931,VPS8,25,-1.1133,17,-1.6723,71,0.53251,82,0.77416,33,-0.7357,53,0.03475,50,-0.0702,84,0.81756
ENSG00000073803,MAP3K13,50,-0.1540,39,-0.5533,48,-0.2174,12,-2.3439,40,-0.5172,47,-0.2701,91,0.85096,115,1.29205
ENSG00000163904,SENP2,44,0.01412,18,-1.3661,45,0.05346,26,-0.8285,61,0.56592,69,0.79254,56,0.40960,30,-0.6128
ENSG00000136527,TRA2B,76,0.07686,53,-0.5073,110,0.70612,83,0.23165,65,-0.1862,41,-0.9053,87,0.30735,65,-0.1733
ENSG00000156976,EIF4A2,280,-0.9592,147,-1.9300,1253,1.62820,718,0.57573,835,0.84455,271,-1.0051,133,-2.0855,451,-0.2033
ENSG00000152492,CCDC50,20,-1.9407,27,-1.4866,83,0.29682,27,-1.4854,40,-0.8866,262,2.62360,42,-0.8127,57,-0.3205
ENSG00000114279,FGF12,68,-0.6301,90,-0.1893,118,0.26466,89,-0.2097,390,2.69662,26,-2.0604,9,-3.5838,17,-2.6655
ENSG00000198836,OPA1,61,-1.0461,42,-1.5937,156,0.46654,268,1.46891,153,0.43197,89,-0.4453,110,-0.1143,65,-0.9524
ENSG00000114331,ACAP2,31,-0.6569,15,-1.7358,49,0.07445,28,-0.7929,28,-0.8406,105,1.42862,44,-0.1144,76,0.81340
ENSG00000184203,PPP1R2,50,-0.5906,25,-1.6672,185,1.70880,137,1.10968,78,0.12988,18,-2.0832,18,-2.0911,67,-0.1210
ENSG00000189058,APOD,156,-1.8907,212,-1.4309,254,-1.1553,36,-4.0409,59,-3.3107,930,0.98365,899,0.92292,1672,2.19907
ENSG00000061938,TNK2,56,-0.4030,60,-0.3029,68,-0.0841,48,-0.6545,127,0.98034,129,1.01351,36,-1.0841,52,-0.5321
ENSG00000072274,TFRC,22,-1.0322,27,-0.7173,113,1.75131,75,0.94554,33,-0.4067,1,-5.1967,28,-0.6565,45,0.06466
ENSG00000163961,RNF168,30,-0.7140,31,-0.6830,62,0.45632,16,-1.6470,52,0.15618,122,1.72989,39,-0.3109,26,-0.9563
ENSG00000163964,PIGX,37,-0.6652,2,-4.5598,116,1.24740,35,-0.7535,143,1.66952,35,-0.7466,40,-0.5587,46,-0.3523
ENSG00000180370,PAK2,32,-1.3336,26,-1.6712,98,0.44198,39,-1.0576,40,-1.0110,169,1.42873,112,0.65968,90,0.28905
ENSG00000119231,SENP5,25,-1.1169,25,-1.1244,124,1.59464,19,-1.5154,61,0.29989,69,0.49892,73,0.59891,13,-2.0978
ENSG00000114503,NCBP2,45,-0.0149,23,-1.0479,78,0.93499,60,0.47905,51,0.20446,21,-1.1783,10,-2.2309,73,0.81336
ENSG00000075711,DLG1,28,-2.5382,41,-1.9919,74,-1.1145,18,-3.2128,45,-1.8504,624,2.92288,196,0.44910,171,0.22346
ENSG00000122068,FYTTD1,18,-1.6503,30,-0.8920,69,0.43285,68,0.39362,88,0.84514,33,-0.7723,73,0.52882,48,-0.1649
ENSG00000182899,RPL35A,299,-0.6734,381,-0.2861,801,0.98317,338,-0.4791,213,-1.1995,306,-0.6337,423,-0.1184,875,1.14899
ENSG00000169020,ATP5ME,314,-1.3954,502,-0.6740,875,0.22580,700,-0.1431,523,-0.6084,740,-0.0524,991,0.43765,1466,1.14243
ENSG00000168993,CPLX1,124,-0.1995,72,-1.0603,71,-1.0672,132,-0.0958,621,3.11577,8,-4.2161,26,-2.5875,66,-1.1770
ENSG00000178950,GAK,55,0.10952,12,-2.1642,75,0.64579,86,0.89878,89,0.95547,14,-1.9599,20,-1.4329,57,0.18784
ENSG00000127419,TMEM175,11,-1.9756,20,-1.0876,57,0.62942,61,0.74003,60,0.70545,6,-2.7406,53,0.49901,47,0.31041
ENSG00000127418,FGFRL1,9,-2.5169,12,-2.1524,0,-6.8975,4,-3.6511,0,-7.6293,84,0.87984,98,1.16301,194,2.69669
ENSG00000159692,CTBP1,162,0.35097,74,-0.9013,195,0.67330,209,0.80136,234,1.00377,28,-2.3554,66,-1.0813,80,-0.7786
ENSG00000090316,MAEA,36,-1.3618,23,-2.0500,188,1.36731,194,1.42923,171,1.18233,11,-3.1518,40,-1.2275,34,-1.4801
ENSG00000163950,SLBP,25,-1.2031,18,-1.6667,91,0.89732,94,0.94410,98,1.02399,71,0.46491,3,-4.3146,33,-0.8002
ENSG00000068078,FGFR3,361,2.17560,33,-1.9426,411,2.49178,22,-2.4823,29,-2.1000,1,-6.6052,25,-2.3105,36,-1.7865
ENSG00000168924,LETM1,33,-0.3840,23,-0.9476,81,1.17047,34,-0.3000,62,0.67222,20,-1.1286,31,-0.4559,48,0.23582
ENSG00000109685,NSD2,32,-0.2541,44,0.26187,59,0.75754,20,-0.9769,56,0.68071,1,-4.9956,24,-0.7129,64,0.92737
ENSG00000243449,C4orf48,229,-1.5088,209,-1.6482,298,-1.1118,755,0.38386,346,-0.8780,692,0.23567,880,0.65002,1395,1.51742
ENSG00000185818,NAT8L,304,0.80975,100,-1.0132,305,0.81414,163,-0.2462,414,1.38873,54,-1.9308,70,-1.5560,107,-0.9088
ENSG00000123933,MXD4,42,-0.4430,33,-0.8140,113,1.26040,84,0.71597,55,0.00085,16,-1.9137,49,-0.1954,49,-0.1764
ENSG00000063978,RNF4,35,-0.0301,16,-1.2153,49,0.50564,51,0.57477,60,0.89033,9,-2.0368,10,-1.9102,56,0.76751
ENSG00000087274,ADD1,149,-0.2891,101,-0.9062,212,0.29130,262,0.65762,284,0.79820,55,-1.8228,176,-0.0151,185,0.06651
ENSG00000109736,MFSD10,41,0.43529,12,-1.5039,14,-1.2059,48,0.73770,50,0.78220,1,-4.5592,54,0.92146,31,-0.0233
ENSG00000197386,HTT,33,-0.5226,20,-1.2682,37,-0.3287,37,-0.3510,122,1.79191,57,0.34799,17,-1.4872,43,-0.1026
ENSG00000163956,LRPAP1,79,-0.7269,38,-1.8428,226,1.04334,173,0.56385,207,0.87629,126,0.01920,48,-1.4866,97,-0.3996
ENSG00000168824,NSG1,197,-0.6737,54,-2.6148,649,1.36864,647,1.36272,715,1.56413,55,-2.6009,58,-2.5112,29,-3.5055
ENSG00000072832,CRMP1,86,-0.5935,34,-1.9997,172,0.54233,356,1.94938,251,1.22572,98,-0.3860,1,-6.2734,0,-8.3724
ENSG00000109501,WFS1,123,1.23242,43,-0.5626,77,0.38112,115,1.09728,83,0.51289,1,-5.6780,41,-0.6431,6,-3.3705
ENSG00000074211,PPP2R2C,54,-1.7668,87,-1.0508,248,0.64299,139,-0.3268,241,0.59410,137,-0.3421,253,0.67846,198,0.25681
ENSG00000179010,MRFAP1,310,-0.6678,154,-1.7386,802,0.92490,648,0.54315,416,-0.1996,508,0.13089,451,-0.0674,469,-0.0010
ENSG00000178988,MRFAP1L1,65,-0.6414,56,-0.8823,170,0.96619,74,-0.4414,112,0.23828,136,0.56891,65,-0.6356,99,0.03292
ENSG00000170871,KIAA0232,50,-1.2310,14,-3.0773,152,0.54884,87,-0.3809,131,0.28776,241,1.39559,72,-0.6819,133,0.31426
ENSG00000071127,WDR1,45,-0.7082,31,-1.2735,140,1.19839,180,1.69806,80,0.19017,11,-2.7436,48,-0.6348,31,-1.2980
ENSG00000038219,BOD1L1,79,-1.1224,180,0.18205,91,-0.9049,45,-1.9699,217,0.50167,505,2.16774,137,-0.2604,35,-2.3555
ENSG00000137449,CPEB2,34,-1.4745,38,-1.2800,62,-0.5214,103,0.28582,36,-1.3624,287,2.29781,74,-0.2574,58,-0.6262
ENSG00000118564,FBXL5,43,-1.1506,24,-2.0007,59,-0.6565,120,0.51360,85,-0.0795,151,0.91530,121,0.51516,108,0.32400
ENSG00000237765,FAM200B,61,-0.0941,42,-0.7090,109,0.89432,56,-0.2406,59,-0.1685,52,-0.3453,51,-0.3751,89,0.52842
ENSG00000169762,TAPT1,34,-0.0560,30,-0.2546,33,-0.0798,35,0.00726,34,-0.0336,17,-1.1167,42,0.32805,53,0.72749
ENSG00000151552,QDPR,236,-1.0781,347,-0.4733,483,0.06273,595,0.41264,335,-0.5305,347,-0.4729,617,0.47412,763,0.85041
ENSG00000118579,MED28,38,-0.2278,47,0.11691,65,0.66704,31,-0.5564,70,0.80735,6,-2.9925,56,0.40523,37,-0.2538
ENSG00000185774,KCNIP4,67,0.09133,26,-1.4201,71,0.17396,147,1.48936,160,1.66635,27,-1.3106,12,-2.4706,0,-7.8827
ENSG00000109606,DHX15,12,-2.9441,39,-1.2305,87,0.04918,59,-0.5760,92,0.14001,233,1.87142,65,-0.4196,90,0.09506
ENSG00000168214,RBPJ,112,-0.4426,81,-0.9488,65,-1.2730,15,-3.4089,168,0.22352,287,1.17225,263,1.00738,185,0.38577
ENSG00000251410,AC007106.1,0,-8.9021,53,-0.4387,0,-7.7502,0,-8.3644,0,-8.4344,163,1.51226,252,2.50542,93,0.47275
ENSG00000169851,PCDH7,78,-0.3744,64,-0.6656,140,0.61241,106,0.13647,274,1.91025,109,0.18097,7,-3.8920,3,-4.8660
ENSG00000047365,ARAP2,23,-1.3795,66,0.27816,1,-5.9774,0,-7.8769,16,-1.9002,201,2.51484,98,0.97281,41,-0.4939
ENSG00000181826,RELL1,6,-3.6683,32,-1.2722,0,-6.5006,5,-3.9270,5,-3.7856,177,1.62616,117,0.82878,234,2.24337
ENSG00000035928,RFC1,20,-2.0656,53,-0.6397,31,-1.4748,52,-0.6539,18,-2.2467,271,2.38358,112,0.59273,74,-0.1039
ENSG00000163682,RPL9,362,-1.1018,677,-0.1107,1189,0.85257,381,-1.0216,534,-0.4942,507,-0.5755,834,0.23419,1314,1.03572
ENSG00000163683,SMIM14,45,-1.3078,45,-1.3049,86,-0.3156,127,0.32607,175,0.88500,123,0.27298,175,0.88549,59,-0.8986
ENSG00000078140,UBE2K,82,-0.2704,14,-2.8901,77,-0.3667,164,0.90080,168,0.94122,146,0.68812,66,-0.6280,60,-0.7576
ENSG00000121892,PDS5A,18,-1.3650,7,-2.6247,55,0.42070,37,-0.2376,97,1.45904,16,-1.5216,68,0.78892,44,0.05024
ENSG00000163697,APBB2,31,-1.9210,26,-2.1860,92,-0.2750,37,-1.6574,43,-1.4451,283,1.75165,210,1.14879,147,0.51031
ENSG00000154277,UCHL1,936,-1.1381,389,-2.4582,2276,0.28379,7547,2.75694,2279,0.28661,614,-1.7768,593,-1.8295,725,-1.5264
ENSG00000064042,LIMCH1,150,-0.9011,175,-0.6606,193,-0.5024,60,-2.2717,175,-0.6594,388,0.65639,569,1.36637,401,0.71378
ENSG00000109133,TMEM33,57,-1.2144,52,-1.3364,125,0.02905,93,-0.4573,124,0.01655,321,1.75832,136,0.16182,76,-0.7734
ENSG00000014824,SLC30A9,52,-0.8770,38,-1.3721,124,0.53963,154,0.91905,145,0.80297,51,-0.8922,39,-1.3264,120,0.47875
ENSG00000124406,ATP8A1,51,-2.3136,51,-2.3018,97,-1.3570,136,-0.8270,47,-2.4285,829,2.52652,314,0.52951,309,0.50200
ENSG00000163285,GABRG1,68,0.94802,26,-0.6436,170,3.00820,11,-1.9479,13,-1.6743,1,-5.0611,21,-1.0049,5,-3.1208
ENSG00000260918,AC107398.3,55,0.11222,26,-1.0905,56,0.15520,91,0.98751,154,2.05966,2,-4.8703,23,-1.2593,4,-3.6881
ENSG00000145248,SLC10A4,60,-1.7229,4,-5.5666,52,-1.9482,1305,5.83333,31,-2.7212,1,-7.2750,0,-9.1297,9,-4.3870
ENSG00000075539,FRYL,18,-2.8182,101,-0.1897,1,-6.6834,15,-3.0398,66,-0.8553,422,2.58693,143,0.37673,145,0.40272
ENSG00000109180,OCIAD1,120,-1.2607,90,-1.6873,450,0.90187,376,0.58045,383,0.61272,310,0.24955,130,-1.1368,276,0.05323
ENSG00000109184,DCUN1D4,72,-0.3403,23,-2.0531,128,0.62352,61,-0.5936,130,0.65653,188,1.33583,44,-1.0916,61,-0.5875
ENSG00000163069,SGCB,58,-0.8139,32,-1.7094,78,-0.3511,74,-0.4360,36,-1.5420,112,0.24874,162,0.88373,222,1.48950
ENSG00000109189,USP46,45,-0.5915,39,-0.8093,142,1.38777,27,-1.3580,95,0.63529,16,-2.1468,117,1.01575,39,-0.7928
ENSG00000134853,PDGFRA,18,-1.7767,57,-0.0245,33,-0.8772,0,-8.0985,18,-1.8131,189,2.24479,81,0.55167,69,0.28444
ENSG00000157404,KIT,17,-1.5885,42,-0.2128,99,1.28356,4,-3.6130,209,3.05759,1,-5.3469,10,-2.3216,0,-7.4670
ENSG00000134851,TMEM165,28,-2.1548,46,-1.4294,37,-1.7817,55,-1.1536,76,-0.6722,306,1.78842,147,0.40773,228,1.19380
ENSG00000090989,EXOC1,23,-1.6677,28,-1.3565,48,-0.5366,106,0.79694,83,0.35851,107,0.80205,45,-0.6196,94,0.58376
ENSG00000128050,PAICS,39,-0.7827,35,-0.9416,117,1.06522,76,0.30757,91,0.60471,16,-2.1252,88,0.56158,45,-0.5406
ENSG00000174780,SRP72,58,-1.0906,62,-0.9862,124,0.11066,156,0.49920,189,0.83663,138,0.28767,123,0.09723,78,-0.6408
ENSG00000171476,HOPX,64,0.31608,35,-0.6392,178,2.34924,8,-2.8554,59,0.17935,18,-1.6812,35,-0.6319,24,-1.2124
ENSG00000047315,POLR2B,20,-1.6345,13,-2.3038,61,0.06482,127,1.35461,82,0.56129,103,0.95099,15,-2.1313,51,-0.2350
ENSG00000163453,IGFBP7,214,1.31346,64,-0.7361,260,1.70625,21,-2.4393,25,-2.1482,51,-1.0888,21,-2.3965,159,0.76009
ENSG00000150471,ADGRL3,104,0.02299,46,-1.2614,100,-0.0468,81,-0.3907,81,-0.3827,289,1.91148,60,-0.8587,62,-0.7978
ENSG00000145242,EPHA5,32,-0.1652,3,-3.4501,52,0.66296,76,1.34972,117,2.28818,1,-4.9148,0,-6.5479,1,-4.6933
ENSG00000033178,UBA6,32,-1.5859,12,-3.0064,22,-2.1574,42,-1.1872,39,-1.3179,423,3.30427,37,-1.3934,112,0.37179
ENSG00000083896,YTHDC1,32,-1.9097,107,-0.0485,69,-0.7413,27,-2.1461,67,-0.7907,369,2.31701,176,0.79645,36,-1.7368
ENSG00000018189,RUFY3,148,-1.1198,51,-2.6950,250,-0.2969,581,1.15685,443,0.66104,421,0.57101,281,-0.1122,228,-0.4459
ENSG00000132463,GRSF1,67,-0.9766,50,-1.4269,146,0.26519,246,1.19126,150,0.30993,194,0.75557,92,-0.4898,52,-1.3735
ENSG00000080493,SLC4A4,105,1.57868,74,0.91185,116,1.79072,2,-4.2055,5,-3.2859,45,0.06835,1,-4.8732,0,-7.0847
ENSG00000132466,ANKRD17,96,-0.3761,120,-0.0082,39,-1.7672,111,-0.1416,181,0.69178,208,0.93458,138,0.21698,74,-0.7727
ENSG00000169116,PARM1,33,-0.6509,4,-3.7025,42,-0.2795,231,3.25395,80,0.81409,1,-5.4002,0,-7.2584,7,-2.9125
ENSG00000138757,G3BP2,226,-0.4126,52,-2.6433,410,0.57604,415,0.60052,622,1.34766,259,-0.1960,174,-0.8234,174,-0.8191
ENSG00000138768,USO1,29,-1.5820,44,-0.9485,103,0.40728,84,0.05583,76,-0.0993,169,1.30284,87,0.11432,55,-0.6250
ENSG00000138760,SCARB2,73,-2.3620,83,-2.1824,191,-0.9160,161,-1.1820,263,-0.4146,661,1.16754,640,1.10835,646,1.12559
ENSG00000138758,SEPTIN11,19,-1.7401,106,1.03291,141,1.58288,68,0.24530,25,-1.3354,53,-0.1568,24,-1.3950,32,-0.9332
ENSG00000118816,CCNI,225,-0.6521,322,-0.0769,160,-1.1793,214,-0.7293,426,0.38707,392,0.24711,632,1.09302,332,-0.0295
ENSG00000169288,MRPL1,29,-0.7148,38,-0.2934,43,-0.1123,97,1.30513,81,0.96637,6,-3.0712,65,0.57297,10,-2.3258
ENSG00000138668,HNRNPD,78,-0.1522,54,-0.7158,167,1.17315,80,-0.1104,96,0.19266,21,-2.1408,77,-0.1682,110,0.42614
ENSG00000152795,HNRNPDL,136,-1.2639,145,-1.1703,322,0.10139,181,-0.8258,225,-0.4811,671,1.41925,304,0.00638,442,0.63847
ENSG00000145293,ENOPH1,75,-1.1974,45,-1.9644,161,0.01017,182,0.21216,191,0.29512,90,-0.9116,254,0.79258,282,0.98303
ENSG00000145284,SCD5,489,-0.1491,168,-1.8055,866,0.82451,341,-0.7242,390,-0.5116,592,0.16322,704,0.45790,738,0.54105
ENSG00000138674,SEC31A,39,-0.9824,30,-1.3801,60,-0.2967,71,-0.0270,91,0.37307,176,1.59328,65,-0.1915,49,-0.6232
ENSG00000138663,COPS4,66,-0.8274,31,-1.9422,65,-0.8406,273,1.63031,151,0.52150,203,1.04561,32,-1.9028,66,-0.8290
ENSG00000163319,MRPS18C,29,-1.2581,27,-1.4021,114,0.95371,56,-0.2623,50,-0.4281,116,0.98909,71,0.13639,61,-0.1142
ENSG00000163624,CDS1,38,0.12454,5,-2.8677,74,1.32347,20,-0.8845,131,2.59020,1,-4.9005,8,-2.2656,4,-3.2481
ENSG00000163625,WDFY3,38,-2.0589,25,-2.6406,118,-0.3305,20,-2.9927,61,-1.3632,456,2.18471,302,1.30593,136,-0.1024
ENSG00000109339,MAPK10,117,-0.6295,89,-1.0587,118,-0.6169,171,-0.0283,239,0.53680,349,1.22672,202,0.25187,105,-0.8048
ENSG00000152583,SPARCL1,848,0.72651,466,-0.2807,1876,2.35882,33,-4.2177,256,-1.2181,494,-0.1864,201,-1.5867,258,-1.2065
ENSG00000118785,SPP1,87,-3.7047,325,-1.7677,10,-6.8156,322,-1.7802,434,-1.3300,1342,0.47895,2150,1.34374,3409,2.35227
ENSG00000163644,PPM1K,123,-0.2060,75,-0.9875,301,1.35572,124,-0.1986,150,0.11368,123,-0.2119,139,-0.0115,85,-0.7887
ENSG00000145337,PYURF,91,0.26340,41,-1.0163,92,0.27603,63,-0.3353,71,-0.1466,4,-4.4264,97,0.36288,164,1.31612
ENSG00000138641,HERC3,38,-0.0686,8,-2.3234,22,-0.9325,69,0.94685,104,1.76401,16,-1.4180,54,0.51870,6,-2.8461
ENSG00000177432,NAP1L5,209,-0.3606,66,-2.1192,607,1.52059,614,1.54486,469,1.01794,42,-2.7683,43,-2.7636,36,-2.9941
ENSG00000145335,SNCA,148,-0.1704,43,-2.0702,195,0.28395,471,1.96370,26,-2.8077,155,-0.0921,100,-0.7839,176,0.11130
ENSG00000163110,PDLIM5,65,0.68883,20,-1.2190,139,2.22979,12,-1.8887,13,-1.8746,4,-3.2955,53,0.32930,39,-0.1707
ENSG00000138698,RAP1GDS1,94,-1.2031,43,-2.3702,127,-0.7403,442,1.39304,273,0.50399,106,-1.0182,262,0.43306,270,0.48943
ENSG00000168785,TSPAN5,34,-0.9831,27,-1.3539,73,0.20423,101,0.76399,80,0.35569,43,-0.6578,80,0.36306,77,0.30852
ENSG00000151247,EIF4E,98,0.13141,49,-0.9852,97,0.11044,134,0.65996,142,0.76331,33,-1.5490,72,-0.3741,101,0.17195
ENSG00000197894,ADH5,100,-0.0456,29,-1.9402,121,0.26976,180,0.96998,149,0.62489,142,0.53746,14,-2.9636,88,-0.2580
ENSG00000109270,LAMTOR3,52,0.23566,29,-0.6656,82,1.04742,55,0.32976,94,1.30249,1,-5.2520,31,-0.5711,14,-1.7326
ENSG00000164031,DNAJB14,84,-0.1846,42,-1.2417,118,0.38952,100,0.09667,182,1.15573,105,0.18211,60,-0.7177,60,-0.7086
ENSG00000164032,H2AFZ,34,-1.5657,43,-1.2355,176,1.08159,122,0.43560,137,0.62854,115,0.32659,67,-0.5603,61,-0.6863
ENSG00000138814,PPP3CA,105,-0.5216,90,-0.7531,262,1.02889,108,-0.4751,402,1.88909,41,-1.9337,112,-0.4186,39,-2.0288
ENSG00000109332,UBE2D3,142,-0.2448,69,-1.3690,147,-0.1877,251,0.71849,193,0.26848,167,0.02266,192,0.25793,156,-0.0837
ENSG00000145354,CISD2,55,-0.4892,11,-2.8620,94,0.39954,136,1.05462,117,0.78089,43,-0.8421,42,-0.8797,94,0.39382
ENSG00000168772,CXXC4,50,0.33412,11,-1.9618,67,0.83223,65,0.79030,76,1.07970,6,-2.7685,47,0.22496,5,-3.1719
ENSG00000138777,PPA2,34,-0.3527,9,-2.3538,132,2.15176,64,0.71716,52,0.34587,1,-5.1595,0,-6.7905,45,0.12479
ENSG00000164022,AIMP1,30,-0.7303,41,-0.2343,14,-1.9046,33,-0.5542,24,-1.0477,90,1.12871,62,0.46047,84,0.98203
ENSG00000138801,PAPSS1,34,-1.9412,42,-1.6434,22,-2.6202,104,-0.2505,33,-1.9907,258,1.33752,170,0.57737,306,1.68544
ENSG00000245293,AC096564.1,17,-1.5684,67,0.54897,1,-5.6342,0,-7.8306,4,-3.5650,90,1.07324,106,1.40162,101,1.30298
ENSG00000109475,RPL34,758,-0.6418,974,-0.2427,1497,0.47400,403,-1.6137,559,-1.1143,1023,-0.1635,1857,0.85459,1971,0.96388
ENSG00000164089,ETNPPL,143,1.58765,37,-0.7500,277,3.27822,1,-5.3709,10,-2.6084,1,-5.6564,0,-7.5137,5,-3.7501
ENSG00000123739,PLA2G12A,49,-0.6063,48,-0.6280,20,-1.9257,57,-0.3614,117,0.85932,116,0.83882,79,0.17590,83,0.24746
ENSG00000170522,ELOVL6,32,-1.0557,18,-1.9290,36,-0.8723,42,-0.6427,43,-0.6039,111,0.99180,136,1.37870,83,0.47121
ENSG00000138660,AP1AR,31,-0.1337,10,-1.8652,71,1.32520,33,-0.0015,69,1.27150,1,-4.8383,2,-4.1435,51,0.70747
ENSG00000174720,LARP7,48,-0.9663,73,-0.3158,45,-1.0731,23,-2.0895,101,0.21004,194,1.37948,164,1.05610,65,-0.5118
ENSG00000145362,ANK2,328,-0.5943,254,-0.9912,500,0.08477,998,1.31954,836,0.98159,380,-0.3590,377,-0.3722,123,-2.0901
ENSG00000145349,CAMK2D,76,-0.3740,44,-1.2288,91,-0.0836,209,1.39078,203,1.33225,91,-0.0809,13,-2.9831,39,-1.4202
ENSG00000174607,UGT8,18,-4.5556,35,-3.5613,1,-8.4875,0,-10.770,1,-8.7367,1019,1.85844,847,1.47073,1064,1.95407
ENSG00000269893,SNHG8,75,0.38314,27,-1.2181,78,0.43553,74,0.34366,9,-2.7951,37,-0.7521,48,-0.3550,131,1.37892
ENSG00000164096,C4orf3,168,-0.7319,154,-0.8647,428,0.82385,167,-0.7366,201,-0.4456,234,-0.2016,434,0.84990,333,0.38331
ENSG00000164111,ANXA5,102,-0.0776,24,-2.2656,95,-0.2051,56,-1.0387,34,-1.7696,77,-0.5364,187,0.96314,283,1.77869
ENSG00000138688,KIAA1109,85,-1.3381,77,-1.5003,67,-1.7105,62,-1.8087,92,-1.2231,886,3.10934,253,0.39045,80,-1.4430
ENSG00000151458,ANKRD50,12,-1.7258,33,-0.2287,31,-0.3253,63,0.84819,67,0.95010,52,0.50739,28,-0.5259,21,-0.9769
ENSG00000164070,HSPA4L,78,-0.8295,66,-1.0828,218,0.86509,197,0.68887,332,1.68190,102,-0.4060,39,-1.8790,20,-2.8261
ENSG00000164040,PGRMC2,45,-0.8131,23,-1.8065,130,0.95084,117,0.76098,116,0.75661,6,-3.7668,64,-0.2413,97,0.43255
ENSG00000077684,JADE1,46,0.36368,26,-0.5162,67,1.03751,11,-1.7741,70,1.12852,1,-4.9668,47,0.40738,25,-0.6165
ENSG00000138650,PCDH10,110,0.04748,43,-1.4197,193,1.02350,83,-0.4038,248,1.50108,136,0.39194,30,-1.9816,15,-3.0073
ENSG00000151012,SLC7A11,86,1.32521,68,0.86273,80,1.17578,0,-7.0895,0,-6.6515,41,0.02393,30,-0.4910,21,-1.0476
ENSG00000109390,NDUFC1,102,-0.6456,56,-1.5679,400,1.76001,187,0.33164,150,-0.0366,98,-0.7055,31,-2.4443,200,0.45251
ENSG00000164134,NAA15,13,-2.0867,32,-0.8171,39,-0.4783,31,-0.8346,71,0.49160,123,1.49575,94,0.98247,21,-1.4185
ENSG00000145391,SETD7,45,-0.6870,41,-0.8344,52,-0.4651,49,-0.5564,42,-0.7919,181,1.75687,47,-0.6175,97,0.57036
ENSG00000153130,SCOC,263,-0.8849,123,-2.0337,635,0.55199,696,0.71389,597,0.44492,524,0.22394,430,-0.1042,397,-0.2330
ENSG00000109436,TBC1D9,37,-1.1000,19,-2.0905,127,0.90665,159,1.32711,197,1.76507,30,-1.4381,1,-5.9497,30,-1.4184
ENSG00000109458,GAB1,11,-2.8277,16,-2.3170,0,-7.8484,3,-4.8042,0,-8.5333,290,2.69587,139,1.07863,141,1.09521
ENSG00000153147,SMARCA5,77,-1.2660,42,-2.1767,113,-0.6621,70,-1.4057,108,-0.7441,604,2.45410,189,0.15898,170,-0.0118
ENSG00000164163,ABCE1,19,-1.4715,21,-1.2888,23,-1.1574,83,0.92637,52,0.12737,75,0.73155,64,0.46230,51,0.07625
ENSG00000170390,DCLK2,32,-0.7966,12,-2.2018,138,1.76323,24,-1.2209,71,0.51026,116,1.40627,16,-1.7859,11,-2.4157
ENSG00000145425,RPS3A,340,-0.7969,572,0.03791,854,0.72284,344,-0.7794,265,-1.1829,596,0.10524,648,0.24499,856,0.72771
ENSG00000059691,GATB,29,-0.7266,2,-4.2664,3,-4.0556,25,-0.9829,27,-0.8598,78,0.88759,107,1.47853,101,1.37590
ENSG00000109670,FBXW7,44,-0.6422,69,0.07862,64,-0.0376,77,0.26560,169,1.73161,48,-0.4911,12,-2.5072,41,-0.7602
ENSG00000109654,TRIM2,231,-1.0325,137,-1.8232,241,-0.9666,267,-0.8062,507,0.22436,1202,1.84373,550,0.36171,408,-0.1338
ENSG00000164114,MAP9,221,-0.1605,252,0.05015,137,-0.9126,226,-0.1235,728,2.05259,135,-0.9432,193,-0.3787,60,-2.1546
ENSG00000061918,GUCY1B1,205,0.17309,54,-1.8910,245,0.48121,427,1.50899,438,1.56278,81,-1.2850,9,-4.4301,14,-3.8036
ENSG00000109738,GLRB,50,-0.8886,2,-5.1781,181,1.28679,166,1.12130,256,1.99963,1,-6.2033,10,-3.1818,33,-1.5066
ENSG00000120251,GRIA2,89,-0.6538,57,-1.3503,212,0.77864,129,-0.0603,250,1.08344,167,0.36651,107,-0.3661,63,-1.1961
ENSG00000164124,TMEM144,27,-3.4908,114,-1.3820,23,-3.7292,11,-4.7962,18,-4.0980,467,0.91975,817,2.05208,717,1.76378
ENSG00000171497,PPID,34,-0.7568,11,-2.4237,133,1.61849,93,0.92453,113,1.29786,1,-5.5223,16,-1.9050,34,-0.7534
ENSG00000109756,RAPGEF2,17,-1.6696,35,-0.5897,89,0.94829,43,-0.2870,39,-0.4338,81,0.77282,59,0.24355,46,-0.1663
ENSG00000168843,FSTL5,62,-0.4652,6,-3.9311,105,0.40089,224,1.84341,133,0.81953,49,-0.8170,50,-0.8081,31,-1.5165
ENSG00000109466,KLHL2,38,-0.8932,33,-1.1149,61,-0.1656,36,-0.9824,28,-1.3816,102,0.70620,141,1.30945,99,0.65678
ENSG00000052802,MSMO1,162,0.03089,65,-1.3934,124,-0.4049,279,0.97538,259,0.83756,71,-1.2642,101,-0.7266,210,0.47237
ENSG00000109472,CPE,1254,0.82754,253,-1.7433,1725,1.43100,1066,0.53947,1370,0.98873,125,-2.7865,109,-2.9920,297,-1.5019
ENSG00000196104,SPOCK3,70,-1.8347,41,-2.6139,196,-0.2499,172,-0.4594,137,-0.8212,577,1.68267,295,0.42478,343,0.68908
ENSG00000109572,CLCN3,59,-1.4641,44,-1.8765,114,-0.4345,204,0.52507,226,0.70082,138,-0.1292,223,0.67979,188,0.38261
ENSG00000198948,MFAP3L,41,-0.0134,46,0.17429,2,-4.0535,15,-1.5805,28,-0.5790,68,0.87586,42,0.06115,85,1.28610
ENSG00000164106,SCRG1,118,-0.9994,82,-1.5529,49,-2.3182,14,-4.1169,18,-3.7251,382,0.94367,294,0.47696,815,2.56896
ENSG00000150625,GPM6A,674,0.48808,285,-0.9082,1392,1.88044,216,-1.3341,824,0.84380,227,-1.2593,218,-1.3202,200,-1.4547
ENSG00000129128,SPCS3,28,-1.7140,15,-2.6588,80,-0.1031,97,0.21680,84,-0.0237,208,1.61305,93,0.14430,77,-0.1694
ENSG00000173320,STOX2,29,-1.6395,49,-0.8389,107,0.41753,23,-1.9882,107,0.40645,225,1.81796,50,-0.8068,79,-0.1009
ENSG00000151726,ACSL1,13,-2.9713,17,-2.5639,28,-1.8591,23,-2.1179,17,-2.5892,363,2.74043,113,0.33833,166,1.01642
ENSG00000151729,SLC25A4,186,-0.3787,48,-2.4337,503,1.35559,355,0.70775,455,1.16105,84,-1.6006,83,-1.6230,163,-0.5853
ENSG00000109536,FRG1,31,-1.1673,63,-0.0802,90,0.51533,26,-1.4556,75,0.19938,69,0.07830,106,0.80705,69,0.06667
ENSG00000164366,CCDC127,24,-0.7810,18,-1.2385,66,0.87342,75,1.10576,94,1.53177,1,-5.0865,15,-1.5104,25,-0.7293
ENSG00000073578,SDHA,71,-0.4352,18,-2.4656,92,-0.0301,206,1.40047,239,1.70409,3,-4.7580,54,-0.8841,66,-0.5671
ENSG00000249915,PDCD6,47,-0.8182,18,-2.2875,156,1.19411,110,0.56042,102,0.42245,31,-1.4746,45,-0.8799,123,0.75866
ENSG00000180104,EXOC3,67,0.36563,17,-1.7655,99,1.05421,57,0.10577,96,1.00129,18,-1.6485,36,-0.6247,39,-0.5051
ENSG00000171368,TPPP,96,-1.0875,130,-0.6068,243,0.40639,230,0.31304,284,0.67973,60,-1.7889,273,0.61046,208,0.14435
ENSG00000049656,CLPTM1L,27,-1.2583,23,-1.4731,85,0.58829,96,0.80397,86,0.60394,39,-0.6720,79,0.46946,44,-0.4875
ENSG00000153395,LPCAT1,29,-0.7900,5,-3.4035,50,0.05034,142,2.01961,127,1.77752,1,-5.3525,16,-1.6515,15,-1.8163
ENSG00000145494,NDUFS6,178,0.19427,78,-1.1115,238,0.69666,197,0.37383,173,0.15103,93,-0.8394,130,-0.3135,176,0.18070
ENSG00000133398,MED10,27,-1.1752,19,-1.7005,58,0.00322,166,1.95579,42,-0.5002,45,-0.4104,2,-4.5046,103,0.99431
ENSG00000215218,UBE2QL1,76,-0.1474,5,-4.0560,215,1.73760,119,0.61092,195,1.53704,10,-3.1694,27,-1.7349,17,-2.4424
ENSG00000078295,ADCY2,87,0.59560,35,-0.8876,156,1.70741,103,0.89722,100,0.84959,6,-3.3349,0,-7.5571,1,-5.5401
ENSG00000112902,SEMA5A,9,-3.0753,34,-1.1883,99,0.50542,0,-8.4284,62,-0.2811,232,2.18769,26,-1.5815,124,0.89878
ENSG00000150753,CCT5,36,-1.8328,20,-2.6711,217,1.08522,275,1.54587,146,0.37721,75,-0.7039,50,-1.3214,113,-0.0485
ENSG00000145495,MARCH6,146,-0.8765,102,-1.4154,338,0.49017,294,0.25107,470,1.08562,266,0.08603,184,-0.5145,221,-0.2191
ENSG00000169862,CTNND2,179,0.43012,92,-0.6493,301,1.37932,117,-0.2692,159,0.22981,121,-0.2242,90,-0.6858,49,-1.6280
ENSG00000154122,ANKH,57,-1.4375,66,-1.2293,197,0.52524,153,0.10280,239,0.86928,85,-0.8314,110,-0.4299,244,0.91135
ENSG00000154153,RETREG1,56,-1.6877,65,-1.4608,62,-1.5522,191,0.23067,195,0.26458,369,1.42075,194,0.25640,199,0.29686
ENSG00000145555,MYO10,87,1.04698,104,1.38840,53,0.17631,0,-7.8171,15,-1.8085,42,-0.2158,62,0.43874,19,-1.4604
ENSG00000176788,BASP1,471,-0.3640,425,-0.5306,708,0.30469,1254,1.33917,1563,1.79233,109,-2.5902,124,-2.3999,66,-3.3225
ENSG00000133401,PDZD2,43,0.20702,30,-0.3878,46,0.31901,20,-0.9846,15,-1.4451,73,1.11592,47,0.34509,31,-0.3377
ENSG00000113384,GOLPH3,53,0.09961,6,-3.0574,110,1.39498,63,0.37687,96,1.13290,1,-5.4056,37,-0.4859,34,-0.5962
ENSG00000056097,ZFR,76,-0.8877,76,-0.8919,103,-0.4254,140,0.07790,93,-0.5908,314,1.53695,140,0.07674,127,-0.0802
ENSG00000113387,SUB1,206,-0.2810,85,-1.6518,366,0.68346,634,1.73680,213,-0.2282,161,-0.6793,115,-1.1975,182,-0.4800
ENSG00000168724,DNAJC21,13,-2.1449,45,-0.2582,53,0.00300,47,-0.2090,64,0.31049,92,0.93680,78,0.64511,33,-0.7372
ENSG00000164187,LMBRD2,88,-0.0263,28,-1.7785,65,-0.5114,134,0.68993,138,0.74716,140,0.77333,79,-0.1972,41,-1.2099
ENSG00000079215,SLC1A3,317,1.12225,96,-0.8752,629,2.63275,7,-4.6364,25,-2.9030,126,-0.4508,72,-1.3253,63,-1.5106
ENSG00000164190,NIPBL,22,-1.7774,42,-0.8072,45,-0.6776,17,-2.1356,15,-2.2842,288,2.91455,67,-0.0446,57,-0.3255
ENSG00000197603,CPLANE1,14,-2.1805,67,0.22265,7,-3.2315,12,-2.4104,46,-0.3917,253,3.00387,64,0.14361,8,-3.0527
ENSG00000113594,LIFR,44,-0.9244,42,-1.0245,81,0.02775,25,-1.8071,104,0.43974,138,0.94029,115,0.62338,90,0.19084
ENSG00000164327,RICTOR,21,-1.9261,23,-1.7446,44,-0.7939,5,-3.9513,68,-0.1134,209,1.96113,128,0.97631,84,0.23743
ENSG00000132356,PRKAA1,33,-0.3766,20,-1.1635,57,0.54181,54,0.43692,93,1.44658,1,-5.1408,68,0.83395,6,-2.8475
ENSG00000145592,RPL37,515,-1.2843,1248,0.11673,1283,0.16362,285,-2.1767,424,-1.5796,1236,0.10078,1772,0.71915,2541,1.39466
ENSG00000182836,PLCXD3,63,-0.3335,30,-1.4750,48,-0.7531,315,2.82853,156,1.21989,4,-4.2193,3,-4.5184,2,-5.1489
ENSG00000083720,OXCT1,39,-1.0992,11,-2.9863,168,1.35660,172,1.40713,108,0.54506,32,-1.3640,61,-0.3950,33,-1.3205
ENSG00000250722,SELENOP,106,-3.0996,107,-3.0850,73,-3.6363,2,-8.6946,32,-4.8398,1468,1.03142,1672,1.27967,3032,2.61581
ENSG00000112972,HMGCS1,147,-0.4882,105,-1.0148,109,-0.9519,521,1.76741,395,1.20896,28,-2.9899,114,-0.8888,172,-0.2383
ENSG00000172239,PAIP1,60,-0.1267,11,-2.6565,94,0.61672,94,0.62279,50,-0.4309,18,-1.9878,83,0.41426,111,0.91004
ENSG00000248092,NNT-AS1,23,-1.2085,71,0.61288,28,-0.8748,13,-2.0517,64,0.42555,94,1.11703,28,-0.8785,74,0.68961
ENSG00000112992,NNT,18,-1.6512,38,-0.5156,126,1.58010,61,0.25198,72,0.54703,55,0.06806,23,-1.2587,26,-1.1193
ENSG00000164172,MOCS2,70,0.67029,23,-1.1543,115,1.60785,69,0.63266,54,0.23380,1,-5.3291,34,-0.5235,12,-2.1104
ENSG00000164258,NDUFS4,35,-0.8372,24,-1.3774,78,0.45743,92,0.75020,107,1.03271,35,-0.8331,47,-0.3683,55,-0.1214
ENSG00000039123,MTREX,47,-0.1680,11,-2.3806,52,-0.0138,29,-0.9257,59,0.19733,153,1.99226,33,-0.7306,35,-0.6360
ENSG00000067113,PLPP1,14,-2.3497,18,-1.9909,35,-1.0056,95,0.61644,50,-0.4366,1,-5.8073,130,1.18605,186,1.90557
ENSG00000134352,IL6ST,124,-0.8297,49,-2.2282,266,0.40217,86,-1.3905,83,-1.4532,615,2.01788,280,0.48951,171,-0.3246
ENSG00000062194,GPBP1,45,-0.8034,46,-0.7614,42,-0.8999,88,0.28771,53,-0.5529,123,0.86689,113,0.71669,84,0.20586
ENSG00000152932,RAB3C,201,-0.5342,103,-1.5706,316,0.19480,968,2.40501,524,1.08831,49,-2.6685,49,-2.6751,36,-3.1144
ENSG00000164182,NDUFAF2,31,-0.4176,41,0.02132,36,-0.1723,62,0.72414,51,0.37058,25,-0.7761,23,-0.8924,55,0.50921
ENSG00000130449,ZSWIM6,24,-1.1227,21,-1.2808,50,0.05186,37,-0.4338,25,-1.0805,33,-0.6291,97,1.19942,104,1.32394
ENSG00000068796,KIF2A,38,-0.8911,37,-0.9500,29,-1.2949,79,0.25722,26,-1.5122,204,2.07347,51,-0.4456,76,0.19612
ENSG00000153006,SREK1IP1,29,-0.8025,37,-0.4163,20,-1.3740,4,-3.7094,39,-0.3486,101,1.29296,65,0.50556,92,1.11088
ENSG00000113595,TRIM23,49,-0.2693,32,-0.9256,37,-0.7142,48,-0.2828,143,1.65123,77,0.49784,30,-1.0417,44,-0.4209
ENSG00000113597,TRAPPC13,39,-0.5005,7,-3.0295,12,-2.2113,60,0.21818,46,-0.2156,182,2.38167,13,-2.0788,63,0.30083
ENSG00000197860,SGTB,57,-0.8920,35,-1.6484,123,0.34237,137,0.52889,184,1.05116,145,0.62103,62,-0.7578,59,-0.8327
ENSG00000112851,ERBIN,62,-1.4147,132,-0.2546,178,0.24023,10,-4.0060,22,-2.9740,421,1.85781,283,1.06127,124,-0.3568
ENSG00000153914,SREK1,38,-0.8556,111,0.93365,20,-1.8357,30,-1.1875,65,0.00043,127,1.17841,90,0.55049,37,-0.8683
ENSG00000069020,MAST4,39,0.08644,64,0.96321,24,-0.6353,20,-0.9449,87,1.54623,30,-0.3053,7,-2.4539,21,-0.8439
ENSG00000145675,PIK3R1,45,-1.3969,68,-0.7549,57,-1.0295,14,-3.1336,30,-1.9786,410,2.60316,202,1.05828,53,-1.1587
ENSG00000134056,MRPS36,38,0.00990,19,-1.0624,30,-0.3503,56,0.66668,76,1.22137,1,-4.9959,32,-0.2753,50,0.46496
ENSG00000273841,TAF9,32,-1.3432,31,-1.3794,100,0.47178,193,1.71692,77,0.03026,86,0.22417,39,-1.0405,45,-0.8281
ENSG00000145734,BDP1,26,-2.1838,125,0.25640,7,-3.9361,15,-2.9584,56,-1.0363,528,3.46388,49,-1.2437,54,-1.0970
ENSG00000131711,MAP1B,2968,-0.7027,4566,-0.0116,719,-2.8414,7842,0.92316,9938,1.37323,5103,0.17298,4173,-0.1591,1480,-1.7684
ENSG00000113048,MRPS27,19,-1.2481,11,-1.9984,46,0.18758,54,0.42805,56,0.50146,56,0.49646,41,-0.0035,49,0.26979
ENSG00000083312,TNPO1,67,-0.6826,18,-2.6623,98,-0.0754,89,-0.2394,118,0.22480,273,1.78530,98,-0.0861,64,-0.7709
ENSG00000145741,BTF3,100,-0.9217,51,-1.9340,298,0.88841,159,-0.1874,127,-0.5472,225,0.39004,264,0.67177,201,0.20162
ENSG00000171617,ENC1,141,-0.2376,34,-2.3863,215,0.45818,485,2.03727,375,1.48725,13,-3.8121,45,-2.0058,1,-6.8399
ENSG00000164346,NSA2,29,-1.5334,91,0.24602,96,0.33988,32,-1.4144,78,-0.0027,148,1.10118,56,-0.5412,98,0.36445
ENSG00000198780,FAM169A,61,-0.1487,9,-2.9485,90,0.48460,50,-0.4772,121,1.01954,129,1.13767,31,-1.2280,47,-0.5875
ENSG00000113161,HMGCR,117,0.34162,22,-2.2502,77,-0.3533,216,1.45800,196,1.26720,1,-6.2985,79,-0.3147,57,-0.8289
ENSG00000113163,CERT1,51,-0.9233,55,-0.7975,72,-0.3688,118,0.43355,173,1.12148,108,0.28972,82,-0.1632,68,-0.4658
ENSG00000122012,SV2C,172,-0.1665,43,-2.2785,147,-0.4191,856,3.15981,242,0.40358,1,-7.3332,61,-1.7573,1,-7.4385
ENSG00000164252,AGGF1,69,0.10611,30,-1.1905,40,-0.7742,114,0.97203,60,-0.1100,103,0.79487,63,-0.0346,38,-0.8394
ENSG00000171530,TBCA,136,-0.5907,128,-0.6883,226,0.23157,396,1.23809,231,0.27320,32,-2.7430,136,-0.5910,285,0.63437
ENSG00000085365,SCAMP1,69,-1.3864,32,-2.5296,269,0.82053,234,0.57076,314,1.10811,280,0.89418,26,-2.8493,110,-0.6612
ENSG00000164300,SERINC5,15,-2.5116,12,-2.8113,59,-0.4661,15,-2.5035,6,-3.7724,293,2.57540,63,-0.3570,170,1.34845
ENSG00000039319,ZFYVE16,32,-2.4624,40,-2.1605,68,-1.3663,0,-7.7276,46,-1.9500,570,2.45972,379,1.53419,158,-0.0369
ENSG00000145687,SSBP2,60,-0.2071,8,-3.2289,130,1.13281,44,-0.6815,124,1.04149,43,-0.7341,79,0.24089,56,-0.3029
ENSG00000186468,RPS23,461,-0.7582,645,-0.2252,941,0.40226,299,-1.4244,341,-1.2244,822,0.17398,886,0.30031,1528,1.28226
ENSG00000174695,TMEM167A,87,-0.4754,44,-1.5205,103,-0.2147,182,0.74544,149,0.40333,149,0.40455,120,0.03527,104,-0.1953
ENSG00000038427,VCAN,13,-3.1778,135,0.32149,27,-2.1817,4,-4.8598,50,-1.2523,411,2.58573,192,0.94725,56,-1.0788
ENSG00000164176,EDIL3,76,-3.1873,187,-1.8631,101,-2.7651,239,-1.4913,187,-1.8583,1396,1.45842,1223,1.19936,1540,1.65978
ENSG00000127184,COX7C,398,-0.8161,509,-0.4301,971,0.64670,1062,0.80588,722,0.13960,391,-0.8441,487,-0.5007,771,0.24848
ENSG00000247828,TMEM161B-AS1,23,-1.7369,24,-1.6535,64,-0.1638,6,-3.6067,59,-0.2940,333,3.33089,14,-2.4743,40,-0.8888
ENSG00000175745,NR2F1,94,0.45182,87,0.32018,61,-0.2727,67,-0.1067,223,2.13843,16,-2.2600,13,-2.5753,13,-2.5490
ENSG00000198677,TTC37,36,-1.1416,26,-1.5999,67,-0.1570,94,0.40095,63,-0.2669,114,0.74819,147,1.20455,44,-0.8257
ENSG00000164292,RHOBTB3,42,-1.1369,61,-0.5707,97,0.19187,1,-6.3070,17,-2.4286,241,1.89639,78,-0.1596,154,1.00434
ENSG00000118985,ELL2,19,-1.6468,56,0.05000,34,-0.7168,104,1.13637,25,-1.1826,40,-0.4718,104,1.14394,50,-0.1220
ENSG00000175426,PCSK1,18,-1.3586,5,-3.0649,57,0.45361,200,3.22400,62,0.61803,1,-5.2046,3,-3.7443,0,-7.3294
ENSG00000153113,CAST,55,-1.1660,45,-1.4617,48,-1.3765,169,0.63627,56,-1.1505,378,2.25940,138,0.28672,39,-1.7058
ENSG00000113441,LNPEP,53,-0.6214,10,-3.0196,29,-1.5305,88,0.18951,89,0.19896,215,1.84720,64,-0.3331,81,0.04286
ENSG00000174136,RGMB,74,-0.2243,15,-2.6177,197,1.50796,231,1.83675,80,-0.0958,47,-0.9505,14,-2.7218,22,-2.0405
ENSG00000174132,FAM174A,40,0.05288,17,-1.2645,41,0.12252,95,1.63029,52,0.50392,1,-5.0315,5,-3.1122,57,0.66355
ENSG00000145730,PAM,192,-0.5029,87,-1.7079,292,0.18049,869,2.30537,585,1.43765,15,-4.2964,1,-7.3841,55,-2.4071
ENSG00000145725,PPIP5K2,29,-1.2241,26,-1.3786,50,-0.3623,73,0.24188,49,-0.4155,155,1.62491,60,-0.0801,62,-0.0115
ENSG00000145743,FBXL17,73,-0.3089,48,-0.9482,142,0.82248,82,-0.1191,143,0.84117,132,0.69359,48,-0.9440,34,-1.4661
ENSG00000198961,PJA2,291,-0.6806,117,-2.0618,550,0.35617,579,0.44322,772,0.95522,658,0.66772,233,-1.0279,357,-0.3544
ENSG00000112893,MAN2A1,7,-4.8037,50,-1.9447,10,-4.2396,0,-8.8273,22,-3.1706,722,2.85350,358,1.23676,250,0.57853
ENSG00000164209,SLC25A46,77,-0.6231,20,-2.5969,44,-1.4834,194,0.93586,114,0.01963,330,1.99962,40,-1.6272,85,-0.4523
ENSG00000134986,NREP,63,0.02502,28,-1.2609,198,2.20613,59,-0.0866,106,0.92260,1,-5.7166,27,-1.3182,15,-2.1602
ENSG00000224032,EPB41L4A-AS1,15,-1.9571,49,-0.1363,124,1.52156,44,-0.2922,41,-0.4152,22,-1.3605,52,-0.0373,78,0.64409
ENSG00000134982,APC,94,-0.8436,147,-0.1336,128,-0.3505,90,-0.9102,147,-0.1334,447,1.91288,152,-0.0755,70,-1.2884
ENSG00000153037,SRP19,33,-1.0043,23,-1.5470,86,0.52407,96,0.71359,85,0.51205,70,0.18227,81,0.43146,28,-1.2565
ENSG00000129625,REEP5,167,-0.9955,76,-2.1780,447,0.60758,531,0.91689,686,1.40253,182,-0.8574,167,-0.9898,242,-0.4108
ENSG00000152503,TRIM36,12,-2.6964,11,-2.8909,54,-0.5328,185,1.64089,54,-0.5340,111,0.67424,55,-0.4938,116,0.75186
ENSG00000134970,TMED7,56,-1.0154,28,-2.0376,84,-0.3731,131,0.35945,95,-0.1718,93,-0.2096,179,0.89976,181,0.92353
ENSG00000129596,CDO1,29,-0.9679,11,-2.3499,67,0.36433,77,0.60829,91,0.90357,108,1.21651,10,-2.5065,37,-0.6048
ENSG00000145782,ATG12,54,-0.0872,12,-2.2961,32,-0.9000,89,0.75444,46,-0.3370,66,0.24350,40,-0.5785,116,1.25548
ENSG00000177879,AP3S1,55,-0.4306,32,-1.2942,81,0.18427,128,0.98927,114,0.77881,65,-0.1644,51,-0.5605,52,-0.5250
ENSG00000092421,SEMA6A,19,-2.7692,45,-1.4668,16,-2.9773,0,-8.7230,85,-0.4856,292,1.69030,218,1.10796,248,1.36230
ENSG00000172869,DMXL1,23,-1.8924,37,-1.1708,60,-0.4343,19,-2.1565,49,-0.7545,217,1.87312,113,0.61116,111,0.57921
ENSG00000133835,HSD17B4,49,-0.9330,63,-0.5235,65,-0.4870,70,-0.3641,115,0.45921,112,0.40638,107,0.33588,120,0.53480
ENSG00000205302,SNX2,25,-1.0769,19,-1.4454,78,0.79135,74,0.69174,57,0.25111,33,-0.6463,75,0.73231,31,-0.7110
ENSG00000064652,SNX24,14,-2.0888,21,-1.5102,27,-1.0916,15,-2.0079,63,0.24234,138,1.68052,20,-1.5665,140,1.70642
ENSG00000164904,ALDH7A1,20,-1.2915,63,0.54159,147,2.21765,15,-1.6677,26,-0.8911,24,-1.0068,28,-0.7516,42,-0.1456
ENSG00000164902,PHAX,62,0.25743,45,-0.2800,56,0.07944,29,-0.9411,109,1.25818,24,-1.2239,26,-1.1202,75,0.56537
ENSG00000164241,C5orf63,94,0.68327,157,1.65468,113,1.00784,10,-2.6930,67,0.10813,10,-2.7139,29,-1.2186,23,-1.5731
ENSG00000145794,MEGF10,10,-2.3487,28,-0.8763,59,0.31625,1,-5.1532,1,-5.4857,90,1.06433,120,1.62781,80,0.86112
ENSG00000064651,SLC12A2,23,-3.9613,144,-1.2407,17,-4.3802,74,-2.2402,53,-2.7228,820,1.73785,745,1.53762,662,1.30355
ENSG00000169567,HINT1,129,-1.6171,157,-1.3229,521,0.60890,949,1.75808,385,0.09292,72,-2.4939,221,-0.7997,478,0.45766
ENSG00000186687,LYRM7,33,-1.2184,73,0.00732,62,-0.2471,19,-2.0552,100,0.53929,122,0.89455,111,0.72270,60,-0.3089
ENSG00000158985,CDC42SE2,74,-0.1590,50,-0.7811,62,-0.4584,69,-0.2717,95,0.24855,180,1.40175,62,-0.4418,63,-0.4352
ENSG00000164398,ACSL6,95,-0.0357,33,-1.6646,117,0.30745,115,0.28207,338,2.42671,73,-0.4654,2,-5.2196,3,-5.0352
ENSG00000113522,RAD50,59,-0.7757,95,-0.0215,25,-2.0803,83,-0.2308,115,0.29324,192,1.21070,116,0.31378,85,-0.2065
ENSG00000131437,KIF3A,242,-0.2700,158,-0.9427,251,-0.2104,555,1.16406,508,0.99766,264,-0.1285,257,-0.1749,51,-2.6233
ENSG00000164402,SEPTIN8,100,-1.9493,86,-2.1666,118,-1.6985,151,-1.3216,293,-0.2910,477,0.51935,548,0.76283,1033,2.02499
ENSG00000164403,SHROOM1,12,-2.4779,37,-0.8161,9,-2.8612,18,-1.8525,32,-1.0456,199,2.23003,101,0.84829,85,0.54055
ENSG00000164405,UQCRQ,180,-1.3231,267,-0.7177,605,0.62839,504,0.31555,362,-0.2331,206,-1.1151,454,0.13669,763,1.04992
ENSG00000072364,AFF4,49,-1.2714,40,-1.5652,95,-0.2429,120,0.14239,64,-0.8580,342,2.14902,110,0.00183,60,-0.9668
ENSG00000170606,HSPA4,43,-1.5042,41,-1.5472,121,0.13182,206,1.05517,171,0.72215,136,0.31778,129,0.22895,50,-1.2698
ENSG00000113583,C5orf15,34,-0.3179,6,-2.8666,31,-0.4789,83,1.19855,52,0.37455,42,0.01725,14,-1.7250,72,0.93117
ENSG00000213585,VDAC1,145,-0.6314,57,-2.0643,285,0.47214,518,1.58764,460,1.34784,103,-1.1580,66,-1.8415,89,-1.3926
ENSG00000113558,SKP1,355,-0.8285,155,-2.0903,916,0.73256,1069,1.01433,649,0.13932,495,-0.3036,368,-0.7710,765,0.41911
ENSG00000113575,PPP2CA,152,-0.5740,65,-1.8716,355,0.84255,346,0.79599,391,1.01562,195,-0.1758,90,-1.3830,146,-0.6414
ENSG00000119048,UBE2B,48,-0.9383,47,-0.9783,89,0.04945,206,1.55799,128,0.65628,50,-0.8870,54,-0.7500,72,-0.2939
ENSG00000043143,JADE2,44,-0.0361,4,-3.5004,94,1.29223,31,-0.6108,87,1.14418,30,-0.6297,36,-0.3773,35,-0.4122
ENSG00000152700,SAR1B,59,-0.8463,21,-2.3666,44,-1.3094,20,-2.4679,107,0.09284,149,0.65823,187,1.07070,221,1.39267
ENSG00000164615,CAMLG,101,-0.2344,24,-2.4079,136,0.24737,232,1.20230,202,0.94968,99,-0.2756,67,-0.8848,74,-0.7259
ENSG00000145833,DDX46,32,-0.8758,66,0.25445,35,-0.7490,15,-2.0571,64,0.20922,123,1.38111,76,0.50397,40,-0.5436
ENSG00000181904,C5orf24,28,-1.3299,18,-2.0268,54,-0.3282,40,-0.7992,65,-0.0420,133,1.21264,102,0.71504,93,0.55820
ENSG00000113621,TXNDC15,45,-0.5558,27,-1.3057,68,0.11463,102,0.81520,102,0.81047,68,0.11106,57,-0.1589,37,-0.8270
ENSG00000113648,H2AFY,89,0.10049,30,-1.5710,146,0.95323,138,0.85056,149,0.99332,34,-1.3958,25,-1.8409,59,-0.5564
ENSG00000145824,CXCL14,96,1.87758,67,1.15498,73,1.32186,5,-2.8176,12,-1.5658,1,-4.8741,9,-2.0128,12,-1.5556
ENSG00000152377,SPOCK1,149,-0.3918,28,-2.9294,145,-0.4386,562,2.03768,81,-1.3356,140,-0.4849,159,-0.2814,254,0.48871
ENSG00000177733,HNRNPA0,117,0.28189,32,-1.7329,142,0.61100,91,-0.1378,171,0.94766,119,0.30663,36,-1.5579,82,-0.2943
ENSG00000031003,FAM13B,40,-0.1550,31,-0.5712,64,0.62950,61,0.55733,72,0.84543,14,-1.7221,33,-0.4743,37,-0.2862
ENSG00000120709,FAM53C,27,-0.4740,7,-2.5491,58,0.77713,43,0.25145,66,0.99852,36,-0.0260,7,-2.4291,50,0.51953
ENSG00000132563,REEP2,178,-0.3455,70,-1.7703,173,-0.3870,580,1.78001,591,1.82210,39,-2.6427,87,-1.4524,41,-2.5670
ENSG00000120705,ETF1,59,-0.2128,32,-1.1546,33,-1.1055,100,0.66734,71,0.08645,126,1.07944,47,-0.5918,72,0.09800
ENSG00000113013,HSPA9,149,-0.5282,81,-1.4727,252,0.32503,376,1.03456,435,1.31649,73,-1.6156,73,-1.6321,218,0.08662
ENSG00000044115,CTNNA1,90,-0.6765,65,-1.1758,108,-0.3934,27,-2.5150,32,-2.2207,234,0.91396,154,0.18518,392,1.94246
ENSG00000120725,SIL1,49,0.64115,16,-1.1154,16,-1.1386,78,1.51300,35,0.06251,14,-1.3768,20,-0.7902,40,0.27195
ENSG00000120727,PAIP2,101,-0.9565,38,-2.4129,312,0.89652,314,0.91004,222,0.30438,155,-0.2891,212,0.22528,127,-0.6047
ENSG00000170464,DNAJC18,43,-0.4233,13,-2.2217,59,0.07368,80,0.57501,123,1.37880,25,-1.2762,67,0.27944,42,-0.4697
ENSG00000131508,UBE2D2,74,-0.5918,46,-1.3004,144,0.50598,161,0.70080,80,-0.4633,137,0.42133,77,-0.5160,133,0.37387
ENSG00000171604,CXXC5,109,-0.7244,137,-0.3634,110,-0.7096,188,0.15303,188,0.15413,117,-0.6160,292,0.92039,230,0.49733
ENSG00000146005,PSD2,124,1.35655,32,-0.9005,152,1.78231,29,-1.0586,41,-0.5210,38,-0.6596,34,-0.8429,9,-2.7954
ENSG00000185129,PURA,132,-0.2834,181,0.22673,74,-1.1858,34,-2.3563,110,-0.5719,429,1.84573,199,0.39034,102,-0.6997
ENSG00000182700,IGIP,87,-0.1599,45,-1.1925,141,0.65699,112,0.25728,153,0.81147,104,0.13449,35,-1.5515,88,-0.1277
ENSG00000120306,CYSTM1,88,0.01251,33,-1.5295,166,1.12047,234,1.80449,45,-1.0432,18,-2.4322,34,-1.4750,82,-0.1012
ENSG00000113068,PFDN1,42,-1.3173,18,-2.5445,59,-0.8020,127,0.43413,137,0.55522,201,1.26257,95,-0.0511,106,0.12070
ENSG00000131503,ANKHD1,43,-1.3914,81,-0.4121,72,-0.6141,33,-1.7666,43,-1.3890,352,2.32552,133,0.39101,83,-0.3790
ENSG00000131495,NDUFA2,131,-0.4213,65,-1.5093,306,1.01789,207,0.32418,164,-0.0631,116,-0.6089,123,-0.5276,250,0.65497
ENSG00000113141,IK,35,-1.1951,43,-0.8709,88,0.26570,52,-0.5769,71,-0.0809,204,1.83512,24,-1.7471,83,0.15712
ENSG00000170445,HARS,61,-0.4166,21,-2.0409,82,0.06050,162,1.26395,175,1.41062,30,-1.5040,65,-0.3191,37,-1.1949
ENSG00000146007,ZMAT2,66,-0.6171,80,-0.3143,140,0.62947,104,0.12018,111,0.22362,40,-1.3727,105,0.13050,128,0.47721
ENSG00000178913,TAF7,73,-0.2773,25,-1.9151,93,0.11947,102,0.27108,181,1.30692,56,-0.6888,39,-1.2517,123,0.59545
ENSG00000164620,RELL2,38,-0.0983,13,-1.6828,31,-0.4057,65,0.79956,159,2.73832,2,-4.5346,0,-6.9655,15,-1.5063
ENSG00000013561,RNF14,48,0.13354,1,-4.7885,27,-0.7755,90,1.26451,75,0.91468,22,-1.1107,33,-0.4320,55,0.38121
ENSG00000131507,NDFIP1,299,-0.7291,85,-2.6256,927,1.18791,932,1.19961,930,1.19404,155,-1.7381,156,-1.7285,289,-0.7819
ENSG00000113578,FGF1,74,-1.7301,231,0.04751,164,-0.5070,140,-0.7549,8,-4.8942,282,0.38387,511,1.47614,385,0.93371
ENSG00000145819,ARHGAP26,36,-0.1465,28,-0.5569,60,0.70319,47,0.26820,65,0.82131,33,-0.2983,50,0.36027,0,-7.0187
ENSG00000113580,NR3C1,30,-0.9694,39,-0.5219,18,-1.6817,36,-0.6815,10,-2.6244,177,2.23179,57,0.05899,72,0.45063
ENSG00000145817,YIPF5,18,-1.4744,26,-0.8745,46,-0.0100,86,1.08478,80,0.96166,25,-0.9473,45,-0.0438,42,-0.1554
ENSG00000133706,LARS,69,-0.1956,36,-1.2170,60,-0.4189,76,-0.0244,58,-0.4676,180,1.50611,75,-0.0662,68,-0.2213
ENSG00000113649,TCERG1,4,-3.5641,36,-0.5594,44,-0.2424,33,-0.7294,34,-0.6738,159,2.11682,47,-0.1372,55,0.10149
ENSG00000156475,PPP2R2B,78,-0.6653,81,-0.5923,150,0.40819,297,1.68120,146,0.35734,35,-1.8656,94,-0.3703,61,-1.0315
ENSG00000113657,DPYSL3,82,-0.7512,46,-1.6309,211,0.81547,450,2.39393,105,-0.3583,29,-2.2932,104,-0.3664,20,-2.8380
ENSG00000113712,CSNK1A1,125,-0.7052,46,-2.2191,136,-0.5804,273,0.56889,257,0.46354,375,1.14898,154,-0.3804,193,-0.0189
ENSG00000183111,ARHGEF37,0,-7.4512,29,-0.7276,8,-2.5810,31,-0.6624,38,-0.3283,10,-2.2628,113,1.59462,143,2.10840
ENSG00000070814,TCOF1,40,0.29124,39,0.26193,31,-0.1070,24,-0.5444,63,1.10474,1,-4.8235,35,0.08687,34,0.02427
ENSG00000019582,CD74,175,0.82933,91,-0.2734,409,2.64203,10,-3.5963,11,-3.4759,3,-5.1773,28,-2.0624,138,0.40551
ENSG00000164587,RPS14,392,-0.6956,486,-0.3555,866,0.60944,330,-0.9618,351,-0.8687,654,0.12957,560,-0.1264,1199,1.20527
ENSG00000070614,NDST1,46,-0.6257,16,-2.1740,14,-2.3644,19,-1.9595,57,-0.2971,115,0.88508,151,1.39980,129,1.10845
ENSG00000132912,DCTN4,58,-0.7199,25,-1.9908,70,-0.4228,154,0.90864,134,0.65295,42,-1.2084,121,0.47389,124,0.52509
ENSG00000211445,GPX3,201,-0.1345,9,-4.7206,122,-0.9255,1230,4.05927,138,-0.7271,1,-7.5270,0,-9.2730,43,-2.4912
ENSG00000145901,TNIP1,56,0.47278,3,-3.5815,52,0.35905,86,1.26415,44,0.09928,47,0.20625,43,0.02691,3,-3.6614
ENSG00000197043,ANXA6,142,-0.8445,45,-2.5799,172,-0.5441,975,2.83533,499,1.28647,19,-3.8162,18,-3.9017,59,-2.1604
ENSG00000113140,SPARC,1562,0.60801,538,-1.1221,3298,2.08539,116,-3.4048,161,-2.9252,634,-0.8690,1049,-0.0661,1379,0.39113
ENSG00000177556,ATOX1,98,-0.7795,116,-0.5216,177,0.16016,264,0.85677,122,-0.4414,96,-0.8263,140,-0.2256,271,0.90339
ENSG00000145907,G3BP1,79,0.74166,24,-1.1644,47,-0.1414,37,-0.5075,75,0.63795,1,-5.4429,92,1.00088,55,0.11297
ENSG00000155511,GRIA1,70,0.43861,11,-2.3319,93,0.94023,122,1.46640,126,1.52285,1,-5.5149,4,-3.8905,3,-4.0876
ENSG00000155506,LARP1,176,-0.4444,152,-0.6763,214,-0.1302,471,1.24699,455,1.18160,92,-1.4512,149,-0.7054,147,-0.7292
ENSG00000170271,FAXDC2,38,-1.3961,72,-0.4159,43,-1.2207,3,-4.8654,20,-2.3629,118,0.39595,211,1.46340,240,1.72852
ENSG00000055163,CYFIP2,128,-0.4826,55,-1.7775,213,0.34889,333,1.14542,384,1.42333,152,-0.2112,61,-1.6178,58,-1.7097
ENSG00000145860,RNF145,53,-0.4279,75,0.11284,129,1.06406,34,-1.1268,134,1.14633,65,-0.1132,16,-2.2473,51,-0.4838
ENSG00000164332,UBLCP1,50,-0.3766,9,-2.8837,86,0.51644,48,-0.4382,198,2.16249,21,-1.6671,54,-0.2437,38,-0.7954
ENSG00000113312,TTC1,80,-0.5682,39,-1.6406,129,0.20674,344,2.08538,140,0.34743,12,-3.3574,92,-0.3321,72,-0.7186
ENSG00000170231,FABP6,31,-0.4768,23,-0.8971,112,1.82414,16,-1.4928,44,0.09215,37,-0.1958,23,-0.9197,46,0.16654
ENSG00000164609,SLU7,102,0.05034,86,-0.2262,111,0.18780,63,-0.7161,164,0.87207,75,-0.4507,135,0.52453,55,-0.9249
ENSG00000145864,GABRB2,77,-0.6066,43,-1.5063,35,-1.8140,38,-1.6957,577,3.64868,73,-0.6825,9,-3.8178,46,-1.3951
ENSG00000022355,GABRA1,145,-0.5630,62,-1.8642,163,-0.3739,100,-1.1400,1114,3.87439,10,-4.5393,36,-2.6643,14,-4.0001
ENSG00000113327,GABRG2,132,-0.6394,53,-2.0266,219,0.17562,457,1.51119,605,2.11833,76,-1.4914,26,-3.0592,9,-4.6155
ENSG00000038274,MAT2B,57,-0.2321,23,-1.6181,98,0.66163,67,0.02103,135,1.25735,94,0.58888,19,-1.9027,36,-0.9709
ENSG00000145934,TENM2,81,0.81187,0,-6.9265,168,2.31886,11,-2.2311,105,1.29199,36,-0.5227,0,-5.9624,0,-7.5431
ENSG00000188573,FBLL1,62,-0.0504,12,-2.5523,123,1.15966,174,1.85508,100,0.77431,1,-5.7503,23,-1.5419,13,-2.3879
ENSG00000120137,PANK3,46,-0.7018,13,-2.5847,38,-1.0096,84,0.27186,51,-0.5242,173,1.59270,90,0.39390,76,0.10428
ENSG00000181163,NPM1,115,-0.5723,91,-0.9406,212,0.42631,191,0.24865,145,-0.2034,208,0.39483,160,-0.0423,193,0.26595
ENSG00000072803,FBXW11,30,-1.7992,33,-1.6900,202,1.27795,87,-0.1899,122,0.36572,86,-0.2155,167,0.91974,56,-0.8845
ENSG00000120129,DUSP1,34,-0.4528,23,-1.0457,120,1.80401,17,-1.5194,41,-0.1556,33,-0.4846,5,-3.2289,86,1.13787
ENSG00000113719,ERGIC1,35,0.05626,15,-1.2584,69,1.23385,32,-0.0751,65,1.13329,1,-4.8492,21,-0.7401,33,-0.0521
ENSG00000113732,ATP6V0E1,81,-0.1347,23,-2.0590,89,0.01450,240,1.84547,37,-1.3568,39,-1.2818,49,-0.9261,147,0.87968
ENSG00000164463,CREBRF,73,0.10452,49,-0.5404,80,0.25313,39,-0.8967,107,0.77025,70,0.03613,81,0.28770,48,-0.5571
ENSG00000145919,BOD1,40,0.37912,18,-0.8809,32,0.00895,62,1.12992,44,0.53796,1,-4.7735,36,0.17739,23,-0.5058
ENSG00000113742,CPEB4,66,-0.8890,55,-1.1827,110,-0.0927,54,-1.2109,66,-0.8982,292,1.68108,199,0.93624,86,-0.4806
ENSG00000170091,NSG2,254,-0.1981,87,-1.8592,635,1.41834,534,1.08118,571,1.20974,132,-1.2220,36,-3.1612,48,-2.7230
ENSG00000164466,SFXN1,105,0.36685,18,-2.3812,102,0.31182,169,1.21653,169,1.22016,45,-0.9915,52,-0.7710,16,-2.5443
ENSG00000145920,CPLX2,278,0.14127,153,-0.8108,252,-0.0206,524,1.27253,791,2.14477,1,-7.7321,22,-3.6802,19,-3.8631
ENSG00000122203,KIAA1191,89,0.33896,14,-2.5288,90,0.35617,159,1.38539,90,0.35984,5,-3.9763,92,0.38738,43,-0.8155
ENSG00000146066,HIGD2A,48,-0.5907,15,-2.2969,146,1.31969,107,0.74474,37,-1.0043,1,-5.8787,93,0.48911,107,0.74511
ENSG00000175416,CLTB,133,-0.4329,84,-1.1408,325,1.09575,358,1.28348,225,0.43474,56,-1.7456,135,-0.4097,71,-1.3887
ENSG00000146083,RNF44,43,0.28458,23,-0.7388,72,1.19905,13,-1.5186,115,2.19995,1,-4.9422,1,-4.7369,21,-0.8757
ENSG00000074317,SNCB,252,-0.1661,128,-1.2248,503,1.02506,509,1.04884,732,1.77168,31,-3.3432,38,-3.0189,38,-3.0430
ENSG00000165671,NSD1,6,-3.0839,33,-0.5896,15,-1.7575,12,-2.0803,72,0.71049,136,1.95383,59,0.36296,46,-0.0322
ENSG00000169230,PRELID1,62,-0.3714,20,-2.1197,97,0.36066,142,1.04230,108,0.55240,81,0.06412,42,-0.9732,72,-0.1308
ENSG00000169223,LMAN2,51,-0.1721,21,-1.5147,46,-0.3330,29,-1.0188,69,0.33925,107,1.11518,77,0.52841,50,-0.1810
ENSG00000113758,DBN1,41,0.34308,9,-1.9383,74,1.44327,58,0.96281,77,1.50074,1,-4.8147,0,-6.6761,5,-2.9033
ENSG00000183258,DDX41,25,-0.6314,9,-2.1840,68,1.07803,66,1.02811,71,1.15938,1,-4.9652,40,0.14757,13,-1.6105
ENSG00000184840,TMED9,67,-0.2012,28,-1.5528,137,1.02754,130,0.92682,155,1.26348,8,-3.2570,7,-3.4532,73,-0.0541
ENSG00000145912,NHP2,74,-0.5972,40,-1.5437,168,0.77264,116,0.12967,102,-0.0746,69,-0.6927,154,0.62077,133,0.35957
ENSG00000197451,HNRNPAB,56,0.55795,22,-0.9542,26,-0.6978,52,0.44062,41,0.05455,37,-0.1181,45,0.19200,41,0.04452
ENSG00000169045,HNRNPH1,63,-0.7516,41,-1.4305,96,-0.0902,67,-0.6628,144,0.59530,122,0.30043,145,0.60291,134,0.46763
ENSG00000127022,CANX,436,-0.3335,177,-1.7265,792,0.66727,715,0.48885,887,0.87027,423,-0.3804,368,-0.6042,484,-0.1649
ENSG00000161011,SQSTM1,175,-0.3462,51,-2.2241,269,0.36248,377,0.95792,322,0.67111,99,-1.2324,213,-0.0308,228,0.08527
ENSG00000197226,TBC1D9B,71,-0.1634,24,-1.8074,94,0.28979,117,0.67452,74,-0.0946,31,-1.4617,64,-0.3316,154,1.17631
ENSG00000113269,RNF130,29,-2.6658,35,-2.4256,97,-0.8881,118,-0.5844,87,-1.0600,237,0.56393,343,1.23914,412,1.60398
ENSG00000050748,MAPK9,84,-0.6798,26,-2.4482,200,0.75418,237,1.06250,195,0.70875,137,0.10574,61,-1.1715,89,-0.5935
ENSG00000131446,MGAT1,58,0.71541,13,-1.6467,69,1.03693,2,-4.2220,74,1.16641,1,-5.0204,20,-1.0074,67,0.96934
ENSG00000146063,TRIM41,59,0.28134,53,0.08765,26,-1.0171,23,-1.2103,42,-0.2744,99,1.19193,67,0.49096,31,-0.7701
ENSG00000204628,RACK1,160,-0.8272,133,-1.1073,483,1.01998,296,0.15960,255,-0.0865,164,-0.7897,286,0.10739,371,0.54801
ENSG00000124535,WRNIP1,45,0.18948,8,-2.3540,71,0.98107,66,0.83671,84,1.28968,1,-5.1058,21,-1.0125,26,-0.7086
ENSG00000124570,SERPINB6,51,-0.3121,34,-0.9573,30,-1.1719,83,0.47242,27,-1.2889,1,-5.4927,114,1.04157,159,1.70393
ENSG00000124588,NQO2,37,-0.7663,13,-2.3113,85,0.60164,86,0.61464,179,2.06423,1,-5.6621,54,-0.1553,22,-1.5536
ENSG00000137267,TUBB2A,583,-0.9555,251,-2.2269,883,-0.3021,4804,3.18436,1290,0.32509,231,-2.3510,152,-2.9630,305,-1.9371
ENSG00000137285,TUBB2B,322,-0.7704,151,-1.9202,422,-0.3425,813,0.76159,186,-1.6117,501,-0.0657,524,0.00774,1251,1.58344
ENSG00000137266,SLC22A23,15,-1.7347,38,-0.3668,15,-1.7928,11,-2.2107,110,1.48698,35,-0.5039,80,0.89213,78,0.83029
ENSG00000112739,PRPF4B,28,-1.4637,86,0.30568,47,-0.6570,30,-1.3484,68,-0.0879,185,1.73731,98,0.52906,30,-1.3674
ENSG00000124785,NRN1,7,-3.1208,17,-1.7940,42,-0.4239,85,0.74468,249,3.16822,1,-5.5450,27,-1.1318,12,-2.2869
ENSG00000124783,SSR1,81,-0.5204,45,-1.4364,142,0.39389,123,0.15354,139,0.36414,166,0.67490,58,-1.0406,142,0.39538
ENSG00000124802,EEF1E1,43,-0.9389,29,-1.5350,45,-0.8642,184,1.56105,98,0.39554,149,1.13822,9,-3.1373,62,-0.3468
ENSG00000111843,TMEM14C,50,-0.4605,13,-2.4570,152,1.45408,87,0.44098,107,0.79261,1,-5.8330,81,0.30635,46,-0.6050
ENSG00000137210,TMEM14B,55,0.31289,22,-1.1477,88,1.14139,53,0.24889,81,0.97736,1,-5.2831,15,-1.7325,51,0.18343
ENSG00000224531,SMIM13,63,-0.6919,26,-2.0283,140,0.61999,132,0.51970,128,0.46472,116,0.29556,78,-0.3522,94,-0.0617
ENSG00000205269,TMEM170B,27,-0.7036,45,0.07873,70,0.86357,42,-0.0052,38,-0.1789,1,-5.1769,69,0.81589,48,0.19344
ENSG00000145990,GFOD1,93,0.20097,43,-1.0296,73,-0.1876,136,0.86304,181,1.40902,2,-5.5472,67,-0.3219,62,-0.4409
ENSG00000225921,NOL7,34,-1.2627,19,-2.1281,111,0.60530,104,0.49121,89,0.22995,127,0.85073,27,-1.6361,108,0.56146
ENSG00000010017,RANBP9,41,-0.5150,24,-1.2943,44,-0.4086,127,1.45402,88,0.75859,25,-1.2820,33,-0.8364,68,0.32077
ENSG00000050393,MCUR1,34,-0.9538,14,-2.2208,47,-0.4261,93,0.68662,29,-1.1658,156,1.68038,41,-0.6398,79,0.42164
ENSG00000112149,CD83,51,0.18292,8,-2.6664,115,1.67801,16,-1.6122,146,2.21312,1,-5.2723,17,-1.5002,10,-2.2134
ENSG00000047579,DTNBP1,54,0.41440,32,-0.4506,83,1.16203,51,0.32344,57,0.48225,29,-0.6187,13,-1.7480,20,-1.1813
ENSG00000124788,ATXN1,53,-0.1454,30,-1.0548,53,-0.1561,9,-2.7603,88,0.69373,149,1.71161,60,0.04312,24,-1.3738
ENSG00000112186,CAP2,31,-0.9362,9,-2.7154,110,1.15528,112,1.18679,143,1.67264,49,-0.2396,0,-7.2588,0,-7.7168
ENSG00000137414,FAM8A1,45,-0.1869,17,-1.6762,52,0.04796,54,0.11472,67,0.50098,67,0.49137,12,-2.1170,87,0.94565
ENSG00000124795,DEK,37,-0.8647,92,0.61414,94,0.65894,15,-2.2021,17,-1.9905,53,-0.3112,129,1.23502,74,0.23675
ENSG00000172201,ID4,104,0.76735,61,-0.1222,210,2.18375,87,0.45347,48,-0.5148,1,-5.7994,16,-2.1897,3,-4.2675
ENSG00000152954,NRSN1,35,-0.9751,36,-0.9033,152,1.55276,34,-1.0007,218,2.36162,5,-3.7766,19,-1.8404,14,-2.3488
ENSG00000112294,ALDH5A1,80,0.27561,11,-2.6813,183,1.81182,18,-2.0558,128,1.09454,33,-1.1231,77,0.19752,15,-2.3380
ENSG00000111802,TDP2,43,0.33242,3,-3.4474,93,1.75606,78,1.41136,55,0.76090,1,-4.9120,9,-2.0620,0,-7.0370
ENSG00000112304,ACOT13,27,-0.6571,10,-2.1743,72,0.99573,102,1.66265,70,0.94562,1,-5.1124,16,-1.4580,27,-0.6432
ENSG00000112308,C6orf62,164,0.59479,83,-0.5192,72,-0.7422,151,0.45137,147,0.40507,132,0.22392,96,-0.2963,77,-0.6483
ENSG00000269293,ZSCAN16-AS1,42,-0.4639,36,-0.6737,74,0.47956,35,-0.7157,15,-1.9743,28,-1.0984,104,1.08645,111,1.20277
ENSG00000204681,GABBR1,210,0.63134,66,-1.2429,342,1.55157,175,0.32130,285,1.18955,4,-5.1990,44,-1.8524,32,-2.3326
ENSG00000204655,MOG,0,-7.7451,23,-2.5737,0,-8.6102,0,-9.2250,3,-5.6000,310,1.60785,345,1.83400,339,1.79587
ENSG00000206503,HLA-A,262,0.13797,81,-1.7030,402,0.88392,222,-0.1341,228,-0.0938,239,-0.0099,65,-2.0199,428,0.99804
ENSG00000204619,PPP1R11,29,-0.7211,34,-0.4866,107,1.51471,71,0.75204,41,-0.1829,33,-0.5255,1,-5.0965,51,0.16073
ENSG00000231074,HCG18,21,-1.3398,66,0.47486,15,-1.8104,32,-0.7083,39,-0.4052,93,1.07661,90,1.02375,43,-0.2475
ENSG00000204592,HLA-E,90,-0.1182,117,0.32533,176,1.04376,1,-6.1451,29,-1.8558,113,0.25694,16,-2.7449,231,1.56914
ENSG00000204590,GNL1,66,0.28433,57,0.05276,88,0.78977,65,0.26957,104,1.09908,1,-5.4458,29,-1.0260,33,-0.8245
ENSG00000204574,ABCF1,35,-0.1693,32,-0.3133,20,-1.0024,64,0.85607,30,-0.3835,33,-0.2271,18,-1.1961,76,1.19138
ENSG00000204568,MRPS18B,36,-0.0017,16,-1.3034,65,0.99767,42,0.23836,53,0.64868,1,-4.9505,9,-2.0918,68,1.09854
ENSG00000137343,ATAT1,16,-1.7303,14,-1.9265,69,0.55691,78,0.77591,74,0.68667,35,-0.5345,49,-0.0157,60,0.32476
ENSG00000204564,C6orf136,58,0.15509,9,-2.7122,97,1.06336,68,0.42573,114,1.36950,4,-3.7173,32,-0.7757,39,-0.4757
ENSG00000196230,TUBB,391,-0.3012,102,-2.3447,480,0.03479,1496,2.20774,655,0.56268,105,-2.3044,177,-1.5326,354,-0.4591
ENSG00000137312,FLOT1,50,-1.3196,82,-0.5521,166,0.60263,233,1.22760,135,0.25357,1,-6.6154,132,0.21123,129,0.17953
ENSG00000204580,DDR1,82,-0.8670,15,-3.3631,175,0.35415,57,-1.4371,68,-1.1513,37,-2.0864,207,0.64565,493,2.42139
ENSG00000204525,HLA-C,145,0.01502,81,-0.9149,257,1.01103,144,0.00067,39,-1.9958,232,0.82256,45,-1.7982,206,0.61093
ENSG00000234745,HLA-B,307,0.08117,200,-0.6121,511,0.96443,117,-1.4394,109,-1.5377,606,1.28909,113,-1.4951,378,0.42912
ENSG00000198563,DDX39B,76,-0.4685,34,-1.6856,179,0.98680,52,-1.0603,108,0.09984,211,1.28842,64,-0.7315,88,-0.2315
ENSG00000213760,ATP6V1G2,97,-0.4207,46,-1.5678,245,1.15601,256,1.24412,212,0.89113,39,-1.8207,45,-1.6075,71,-0.9201
ENSG00000204469,PRRC2A,55,-0.3966,39,-0.9437,114,0.82060,83,0.26750,69,-0.0192,82,0.26446,34,-1.1485,87,0.35208
ENSG00000204463,BAG6,22,-1.9808,30,-1.5330,180,1.46892,95,0.29825,91,0.23479,19,-2.2025,120,0.69919,78,-0.0273
ENSG00000204435,CSNK2B,55,-0.7927,48,-1.0270,131,0.61518,104,0.20966,122,0.48631,25,-1.9735,60,-0.6679,185,1.24271
ENSG00000204427,ABHD16A,29,-1.0738,2,-4.7799,71,0.35347,91,0.78580,55,-0.0567,64,0.19037,45,-0.4082,102,0.99145
ENSG00000204389,HSPA1A,52,-0.4150,32,-1.1541,73,0.12714,44,-0.6865,54,-0.3631,20,-1.8824,58,-0.2344,206,2.10645
ENSG00000204388,HSPA1B,78,0.75221,23,-1.2257,40,-0.3714,130,1.74169,61,0.33646,1,-5.3619,12,-2.2031,56,0.18086
ENSG00000204387,SNHG32,28,-1.2717,37,-0.8140,70,0.18068,63,0.00493,45,-0.5205,5,-3.5689,80,0.42046,171,1.85875
ENSG00000204371,EHMT2,39,-0.1964,44,0.01101,74,0.89227,20,-1.2262,55,0.35745,52,0.26728,32,-0.4966,36,-0.3179
ENSG00000204356,NELFE,53,-0.4099,26,-1.5170,50,-0.4982,92,0.50552,45,-0.6711,140,1.26586,29,-1.3222,111,0.83299
ENSG00000204314,PRRT1,65,0.30385,14,-2.0668,75,0.53834,79,0.64701,129,1.56541,24,-1.2620,29,-0.9896,18,-1.7046
ENSG00000204310,AGPAT1,74,-0.3516,40,-1.3121,76,-0.3285,172,1.07634,184,1.20545,32,-1.6364,85,-0.1303,77,-0.2982
ENSG00000204308,RNF5,19,-1.3415,7,-2.8436,55,0.31042,45,-0.0370,32,-0.5962,74,0.81956,42,-0.1393,93,1.23705
ENSG00000204287,HLA-DRA,115,1.84608,38,-0.1766,96,1.45575,0,-7.6409,11,-2.0002,33,-0.3738,11,-2.0871,34,-0.3640
ENSG00000204256,BRD2,82,0.38858,22,-1.6374,49,-0.4436,66,0.04356,101,0.76531,21,-1.7103,128,1.20017,47,-0.5161
ENSG00000204231,RXRB,32,-0.3560,28,-0.5259,35,-0.1848,57,0.61901,86,1.37130,1,-4.9226,5,-2.9364,71,1.02227
ENSG00000112473,SLC39A7,17,-1.1261,18,-0.9654,37,0.12623,57,0.86803,93,1.82129,1,-4.8656,0,-6.7247,51,0.68702
ENSG00000204227,RING1,35,-0.2459,14,-1.6122,89,1.39373,17,-1.3318,49,0.31096,23,-0.8680,69,0.91774,28,-0.6103
ENSG00000231500,RPS18,341,-0.9271,507,-0.3041,926,0.71108,201,-1.7310,219,-1.6034,642,0.08264,875,0.61058,1174,1.14636
ENSG00000204220,PFDN6,45,-0.3086,18,-1.6840,125,1.47981,75,0.53519,58,0.08557,1,-5.5389,72,0.46927,43,-0.3986
ENSG00000231925,TAPBP,106,0.46063,30,-1.5148,223,1.89190,55,-0.6142,87,0.13968,1,-6.0903,40,-1.0903,100,0.36409
ENSG00000112511,PHF1,48,0.21622,8,-2.5216,78,1.07318,41,-0.0378,99,1.55049,1,-5.1566,9,-2.3002,51,0.33778
ENSG00000112514,CUTA,97,-0.9295,64,-1.5615,247,0.58657,234,0.49867,234,0.49204,150,-0.2468,168,-0.0621,201,0.24002
ENSG00000137288,UQCC2,52,-0.4559,31,-1.2287,89,0.42814,113,0.85532,51,-0.4736,1,-5.8666,132,1.13765,81,0.26780
ENSG00000186577,SMIM29,106,-0.0325,16,-2.9119,116,0.11444,304,1.90843,154,0.59563,8,-3.8641,117,0.13060,46,-1.3435
ENSG00000272325,NUDT3,172,0.03737,224,0.48436,172,0.03723,116,-0.5878,248,0.66187,140,-0.2977,171,0.03327,100,-0.8189
ENSG00000124614,RPS10,170,-0.4365,136,-0.7891,379,0.91596,141,-0.7332,169,-0.4499,139,-0.7555,232,0.06765,417,1.09491
ENSG00000124507,PACSIN1,88,-0.3536,41,-1.5337,248,1.45770,233,1.33238,230,1.30513,1,-6.5401,28,-2.0893,9,-3.6665
ENSG00000196821,ILRUN,50,-0.6521,79,0.07437,19,-2.1302,70,-0.1208,117,0.74809,179,1.55171,39,-1.0270,51,-0.6395
ENSG00000124562,SNRPC,27,-1.5661,17,-2.2689,57,-0.4206,156,1.32856,36,-1.1001,7,-3.4060,141,1.13476,148,1.22352
ENSG00000064999,ANKS1A,43,-0.0192,7,-2.6264,20,-1.2097,94,1.36982,51,0.26766,90,1.28655,16,-1.5391,25,-0.8381
ENSG00000198755,RPL10A,192,-0.8702,273,-0.3139,606,1.05584,145,-1.2977,149,-1.2546,425,0.41967,347,0.07806,510,0.73952
ENSG00000112078,KCTD20,56,0.86458,24,-0.5484,5,-2.7069,51,0.72189,50,0.69189,3,-3.5175,42,0.38274,36,0.13567
ENSG00000112081,SRSF3,147,0.17218,60,-1.2279,138,0.07016,66,-1.0941,101,-0.4388,266,1.23333,86,-0.6940,193,0.64718
ENSG00000198663,C6orf89,23,-2.2828,73,-0.5388,125,0.33862,151,0.66615,110,0.12487,32,-1.7993,209,1.26735,93,-0.1501
ENSG00000137409,MTCH1,359,-0.5536,145,-1.9383,764,0.70258,1025,1.24644,841,0.87597,195,-1.4985,252,-1.1030,467,-0.1310
ENSG00000198937,CCDC167,39,-0.0194,9,-2.1492,51,0.42567,29,-0.4678,11,-1.9043,17,-1.2626,82,1.29905,75,1.12535
ENSG00000156639,ZFAND3,57,-0.0882,13,-2.3612,15,-2.1156,63,0.07627,65,0.13351,84,0.56874,67,0.17398,117,1.16455
ENSG00000124767,GLO1,93,-0.4169,32,-2.0544,205,0.92170,178,0.66700,174,0.62827,130,0.12613,45,-1.5462,106,-0.2114
ENSG00000146122,DAAM2,78,-0.7575,86,-0.6031,102,-0.3252,5,-4.8349,19,-2.8516,234,1.09412,218,0.95677,259,1.28778
ENSG00000214736,TOMM6,81,-0.0475,36,-1.3226,163,1.18053,105,0.39580,82,-0.0168,23,-1.9694,91,0.15292,83,0.00954
ENSG00000112576,CCND3,51,-0.2658,17,-1.9671,97,0.81884,139,1.49449,78,0.43021,1,-5.6771,30,-1.1156,70,0.23846
ENSG00000048544,MRPS10,51,0.43276,7,-2.5869,46,0.26449,75,1.13532,63,0.81409,2,-4.4818,41,0.06193,29,-0.4798
ENSG00000024048,UBR2,32,-0.8959,15,-2.0422,45,-0.3436,44,-0.3832,38,-0.6380,178,2.18699,32,-0.8904,65,0.25353
ENSG00000146223,RPL7L1,51,-0.6060,47,-0.7245,59,-0.3753,49,-0.6561,129,0.94096,146,1.17806,68,-0.1558,47,-0.7332
ENSG00000137161,CNPY3,18,-1.2036,22,-0.8406,107,1.89378,50,0.46273,46,0.31007,1,-5.0261,12,-1.8153,50,0.44292
ENSG00000112640,PPP2R5D,28,-0.9868,35,-0.6515,67,0.39057,98,1.05288,152,1.94788,6,-3.2455,11,-2.3625,28,-1.0188
ENSG00000124733,MEA1,64,-0.1228,42,-0.7951,167,1.58322,94,0.52446,114,0.84878,5,-3.9379,24,-1.6225,44,-0.7251
ENSG00000124702,KLHDC3,81,-0.1900,22,-2.1501,105,0.23579,216,1.55111,190,1.30290,4,-4.4419,51,-0.9064,58,-0.7068
ENSG00000112651,MRPL2,23,-0.9128,9,-2.3024,93,1.48637,42,0.03992,90,1.41316,11,-2.0221,26,-0.7306,32,-0.3855
ENSG00000137207,YIPF3,34,-1.1059,37,-1.0023,80,0.22994,179,1.71438,36,-1.0340,30,-1.2956,79,0.20338,82,0.27138
ENSG00000137216,TMEM63B,43,-0.6219,11,-2.5825,72,0.20497,109,0.91837,159,1.64794,1,-5.4433,54,-0.2792,61,-0.0679
ENSG00000096384,HSP90AB1,1221,-0.4023,743,-1.1787,1804,0.23689,3468,1.42269,2888,1.06964,726,-1.2143,805,-1.0555,865,-0.9446
ENSG00000178233,TMEM151B,21,-1.4878,36,-0.6586,115,1.34724,72,0.47921,150,1.89749,1,-5.5156,8,-2.8116,28,-1.0275
ENSG00000096401,CDC5L,30,-0.7303,45,-0.1107,69,0.61942,28,-0.8132,36,-0.4686,32,-0.6276,75,0.75884,67,0.57863
ENSG00000001561,ENPP4,14,-3.0646,16,-2.8464,31,-1.9317,36,-1.7024,77,-0.5422,185,0.92268,222,1.26313,286,1.77144
ENSG00000112796,ENPP5,43,0.24759,16,-1.2903,48,0.41742,110,2.03080,60,0.83345,1,-4.9804,18,-1.0985,0,-7.1068
ENSG00000172348,RCAN2,211,-0.5134,124,-1.3366,161,-0.9352,811,1.90736,655,1.45672,152,-1.0210,80,-2.0002,128,-1.2912
ENSG00000146072,TNFRSF21,45,-2.2156,28,-2.8779,33,-2.6507,108,-0.8883,90,-1.1684,250,0.46609,363,1.13589,598,2.18448
ENSG00000146085,MMUT,72,0.77458,10,-2.3487,7,-2.7407,67,0.62557,38,-0.3073,77,0.88553,66,0.59754,31,-0.6254
ENSG00000170915,PAQR8,122,-1.6527,136,-1.4898,192,-0.9591,215,-0.7887,73,-2.4102,481,0.53002,770,1.39954,823,1.53245
ENSG00000096092,TMEM14A,92,-0.8418,28,-2.6164,152,-0.0456,351,1.45324,272,0.95951,127,-0.3330,80,-1.0630,146,-0.1031
ENSG00000170899,GSTA4,51,0.36434,5,-3.0024,62,0.71865,60,0.65612,70,0.92005,1,-5.1203,27,-0.6614,50,0.34225
ENSG00000112146,FBXO9,94,0.45180,29,-1.4129,83,0.23488,79,0.15457,187,1.75455,50,-0.5848,32,-1.2740,21,-1.9141
ENSG00000012660,ELOVL5,56,-1.9267,84,-1.3358,71,-1.5858,396,1.24565,39,-2.4854,122,-0.7504,273,0.56255,524,1.81421
ENSG00000151914,DST,208,-2.5643,594,-0.9894,127,-3.2931,281,-2.1213,317,-1.9404,5180,3.30280,1565,0.58867,579,-1.0298
ENSG00000151917,BEND6,16,-1.4285,23,-0.9071,46,0.20690,42,0.05985,131,2.21546,23,-0.8910,30,-0.4753,14,-1.6300
ENSG00000112200,ZNF451,21,-1.5988,22,-1.5556,29,-1.1364,29,-1.1679,53,-0.2017,133,1.40433,97,0.79722,99,0.84377
ENSG00000118482,PHF3,31,-1.5884,54,-0.7553,28,-1.7577,30,-1.6192,33,-1.4922,322,2.59644,128,0.66345,66,-0.4395
ENSG00000135298,ADGRB3,45,-0.1102,20,-1.3833,31,-0.6730,53,0.17658,59,0.34909,120,1.66512,15,-1.7542,39,-0.3060
ENSG00000168216,LMBRD1,77,-1.0682,73,-1.1533,231,0.72858,119,-0.3860,123,-0.3348,55,-1.5844,148,-0.0344,382,1.69522
ENSG00000112305,SMAP1,66,0.15497,14,-2.2576,41,-0.6156,104,0.94758,61,0.02915,61,0.04035,75,0.36331,58,-0.0411
ENSG00000112309,B3GAT2,41,-0.6384,47,-0.4305,174,1.91106,36,-0.8480,85,0.52478,104,0.89733,4,-4.0393,3,-4.1822
ENSG00000119900,OGFRL1,164,0.48824,52,-1.3507,253,1.27737,92,-0.4598,110,-0.1786,228,1.07837,43,-1.6284,40,-1.7508
ENSG00000079841,RIMS1,41,-0.1602,18,-1.4109,28,-0.7601,86,1.14240,54,0.31506,92,1.25441,24,-0.9882,16,-1.5712
ENSG00000156508,EEF1A1,1389,-0.8646,1588,-0.6554,2852,0.29715,874,-1.5743,1003,-1.3658,3601,0.70172,3625,0.71371,4166,0.96560
ENSG00000112695,COX7A2,162,-1.0740,139,-1.3081,549,0.93883,482,0.70265,225,-0.5664,98,-1.8422,293,-0.1401,606,1.12245
ENSG00000112697,TMEM30A,128,-0.8750,57,-2.0870,261,0.27608,341,0.73787,371,0.89140,176,-0.3716,228,0.05085,208,-0.1014
ENSG00000112701,SENP6,42,-1.2330,53,-0.8602,45,-1.1135,37,-1.4066,22,-2.1847,252,1.86501,190,1.28418,92,0.01097
ENSG00000196586,MYO6,65,-1.1271,189,0.59640,47,-1.6180,10,-3.8223,44,-1.7294,394,2.03312,229,0.93442,87,-0.6815
ENSG00000146247,PHIP,50,-1.1835,59,-0.9338,56,-1.0220,20,-2.5676,137,0.41868,276,1.73315,154,0.61970,102,-0.0718
ENSG00000118418,HMGN3,60,-0.5718,29,-1.6817,120,0.55292,33,-1.4720,68,-0.3764,130,0.69290,91,0.09285,158,1.05179
ENSG00000198478,SH3BGRL2,35,-0.9323,48,-0.4317,62,-0.0249,176,1.88404,90,0.59850,3,-4.2917,64,0.02175,27,-1.3097
ENSG00000118402,ELOVL4,50,-0.4049,20,-1.7580,79,0.33445,152,1.54596,172,1.80079,1,-5.7697,30,-1.2012,11,-2.6892
ENSG00000005700,IBTK,24,-1.3300,21,-1.5357,46,-0.3307,2,-4.5428,33,-0.8277,151,1.81802,106,1.10919,66,0.26055
ENSG00000065833,ME1,28,-0.9030,23,-1.1623,52,0.10045,105,1.34398,30,-0.7966,2,-4.5984,28,-0.8923,125,1.69840
ENSG00000065609,SNAP91,216,-0.0775,47,-2.4026,214,-0.0963,578,1.70606,463,1.25728,160,-0.5654,80,-1.6230,57,-2.1239
ENSG00000135317,SNX14,35,-0.7155,16,-1.8485,32,-0.8677,108,1.17360,95,0.93848,57,0.04032,48,-0.2094,50,-0.1724
ENSG00000135316,SYNCRIP,36,-0.8874,64,0.02342,31,-1.1381,45,-0.5405,71,0.17644,105,0.85757,92,0.62144,64,0.01759
ENSG00000203875,SNHG5,57,-0.5680,80,-0.0312,45,-0.9526,4,-4.4587,33,-1.4060,38,-1.1918,243,2.03550,154,1.10388
ENSG00000188994,ZNF292,38,-1.2309,57,-0.5908,72,-0.2412,1,-5.8895,7,-3.5999,338,2.84404,83,-0.0020,68,-0.3163
ENSG00000135334,AKIRIN2,47,-0.0271,21,-1.2759,50,0.06242,60,0.37725,50,0.05858,1,-5.3292,54,0.21488,100,1.29643
ENSG00000146278,PNRC1,26,-1.2735,17,-1.8690,81,0.52885,35,-0.8496,70,0.29166,116,1.18249,73,0.36243,54,-0.1598
ENSG00000083099,LYRM2,50,-0.3506,38,-0.7994,51,-0.3149,55,-0.1984,54,-0.2252,90,0.61709,78,0.36087,83,0.47879
ENSG00000112159,MDN1,37,-0.3942,7,-2.8649,47,0.00980,26,-0.9248,51,0.15649,117,1.66711,57,0.32836,32,-0.6123
ENSG00000135341,MAP3K7,36,-0.5989,5,-3.3266,51,-0.0595,41,-0.3775,44,-0.2810,124,1.55153,73,0.56140,44,-0.2737
ENSG00000172461,FUT9,32,-1.2234,27,-1.5196,176,1.65767,1,-5.8241,65,-0.1305,217,2.11468,26,-1.5555,21,-1.8673
ENSG00000014123,UFL1,11,-2.3729,17,-1.7168,17,-1.7361,23,-1.2698,17,-1.7465,139,1.77175,119,1.44917,78,0.66943
ENSG00000123545,NDUFAF4,50,-0.0620,19,-1.5407,76,0.63730,98,1.08963,89,0.90485,33,-0.7221,21,-1.4309,32,-0.7795
ENSG00000184486,POU3F2,31,-0.4358,42,0.06308,23,-0.8612,66,0.83407,58,0.59063,1,-5.1122,69,0.90114,35,-0.2540
ENSG00000132424,PNISR,65,-1.3828,173,0.16688,81,-1.0326,25,-2.7720,175,0.18865,557,2.48514,46,-1.8834,128,-0.3243
ENSG00000112237,CCNC,29,-0.5193,29,-0.5019,96,1.57975,71,1.00128,44,0.16946,1,-4.5309,17,-1.2826,30,-0.4265
ENSG00000112320,SOBP,81,-0.2510,69,-0.4904,61,-0.6937,38,-1.4221,127,0.49872,235,1.66424,85,-0.1601,57,-0.8007
ENSG00000025796,SEC63,35,-0.9116,39,-0.7661,95,0.68730,41,-0.6893,60,-0.0831,41,-0.6767,137,1.36565,57,-0.1568
ENSG00000081087,OSTM1,34,-0.5256,24,-1.0238,63,0.50236,140,2.04722,61,0.45963,20,-1.3037,26,-0.8990,5,-3.2816
ENSG00000112335,SNX3,120,-1.1325,153,-0.7601,324,0.46571,432,0.98147,208,-0.2719,295,0.30939,148,-0.8070,284,0.24245
ENSG00000118689,FOXO3,37,-0.6232,55,-0.0148,119,1.36908,20,-1.5752,98,0.99591,44,-0.3531,65,0.27437,2,-4.4928
ENSG00000135535,CD164,12,-3.5623,18,-2.9345,131,0.07851,168,0.48933,78,-0.7616,110,-0.2077,214,0.92649,272,1.37430
ENSG00000112367,FIG4,19,-1.2931,5,-3.2318,90,1.27791,121,1.88127,67,0.72465,1,-5.2157,31,-0.5370,15,-1.6551
ENSG00000112290,WASF1,22,-1.6621,15,-2.1666,90,0.58847,57,-0.1669,37,-0.8393,106,0.88754,48,-0.4553,132,1.29028
ENSG00000123505,AMD1,69,-0.7105,66,-0.7774,90,-0.2881,56,-1.0176,125,0.25268,188,0.97809,112,0.08048,151,0.57875
ENSG00000155115,GTF3C6,64,0.69586,22,-1.0580,66,0.75835,48,0.21104,28,-0.6854,1,-5.1745,27,-0.7350,84,1.19756
ENSG00000010810,FYN,66,-0.0039,42,-0.7170,127,1.14649,20,-1.8151,83,0.38201,25,-1.4945,61,-0.1098,102,0.75219
ENSG00000203778,FAM229B,30,-1.1914,38,-0.8197,59,-0.1273,70,0.16641,29,-1.2358,50,-0.3686,75,0.27698,157,1.63997
ENSG00000277443,MARCKS,381,0.47912,201,-0.5739,524,1.04920,166,-0.8726,272,-0.0866,244,-0.2619,280,-0.0381,226,-0.3842
ENSG00000196591,HDAC2,41,-1.1610,35,-1.4007,131,0.69598,96,0.16595,81,-0.1170,71,-0.3280,113,0.44500,126,0.63128
ENSG00000178425,NT5DC1,10,-2.6218,34,-0.7900,35,-0.7679,67,0.28091,48,-0.2799,57,-0.0016,62,0.13363,142,1.65349
ENSG00000187189,TSPYL4,221,0.52609,26,-2.7709,260,0.81288,293,1.02916,306,1.11286,67,-1.3827,24,-2.9160,98,-0.7968
ENSG00000189241,TSPYL1,276,-0.0757,58,-2.4766,620,1.35572,428,0.66422,696,1.58615,31,-3.3582,90,-1.8070,116,-1.4360
ENSG00000111832,RWDD1,95,0.24406,77,-0.0924,54,-0.6619,72,-0.2184,88,0.12010,82,0.00632,109,0.47412,78,-0.0738
ENSG00000196911,KPNA5,23,-1.1469,49,0.03936,32,-0.6313,48,0.00586,141,2.03146,1,-5.1525,61,0.43149,25,-0.9862
ENSG00000047932,GOPC,36,-0.3039,10,-2.2361,93,1.35750,17,-1.3935,78,1.02393,49,0.19920,50,0.24673,12,-1.9199
ENSG00000196376,SLC35F1,19,-1.2662,13,-1.8397,137,2.19700,30,-0.5864,102,1.55600,1,-5.1922,11,-2.0223,30,-0.5440
ENSG00000152661,GJA1,395,1.34288,77,-1.3718,868,3.29623,34,-2.5722,26,-2.9931,27,-2.9480,33,-2.6382,23,-3.1259
ENSG00000111897,SERINC1,514,-0.9564,222,-2.2236,1286,0.53550,1068,0.21873,1412,0.70003,1072,0.22409,905,-0.0573,1016,0.13471
ENSG00000188580,NKAIN2,10,-3.1663,15,-2.5758,1,-6.2359,2,-5.3251,42,-1.0846,154,1.04728,228,1.83977,220,1.76016
ENSG00000111907,TPD52L1,39,-0.1241,20,-1.1648,28,-0.6231,200,3.32528,1,-4.7730,45,0.09135,3,-3.8869,1,-5.2731
ENSG00000111906,HDDC2,118,-0.0149,69,-0.8666,107,-0.1811,144,0.31059,142,0.28555,180,0.70116,82,-0.5940,112,-0.0970
ENSG00000111912,NCOA7,102,-1.2671,81,-1.6170,181,-0.3664,421,1.07547,276,0.32511,405,1.00150,229,0.01563,123,-0.9710
ENSG00000111911,HINT3,83,-0.6421,44,-1.6193,63,-1.0599,113,-0.1471,152,0.33766,120,-0.0494,237,1.13619,179,0.62103
ENSG00000118518,RNF146,30,-1.0552,11,-2.4757,103,0.95489,31,-1.0338,82,0.55256,86,0.62787,70,0.28352,60,0.01791
ENSG00000093144,ECHDC1,39,-0.6258,18,-1.7960,53,-0.1438,30,-1.0244,33,-0.8578,58,0.00991,114,1.19661,116,1.22358
ENSG00000189367,KIAA0408,70,-1.0105,57,-1.3232,86,-0.6987,118,-0.1889,191,0.61839,342,1.72719,127,-0.0782,71,-0.9838
ENSG00000079819,EPB41L2,21,-2.9915,62,-1.4043,78,-1.0364,0,-9.4678,7,-4.4916,499,2.29861,218,0.62116,322,1.34766
ENSG00000079950,STX7,61,-0.8729,81,-0.4325,191,1.03030,145,0.53902,99,-0.1100,39,-1.5508,90,-0.2550,138,0.45602
ENSG00000112306,RPS12,475,-1.1966,996,-0.0253,1157,0.22325,295,-1.9152,345,-1.6796,1180,0.25688,1787,0.98754,1859,1.06071
ENSG00000112339,HBS1L,29,-1.8836,54,-0.9669,40,-1.4239,113,0.21984,114,0.24150,241,1.61346,103,0.07464,96,-0.0398
ENSG00000135541,AHI1,50,-0.9958,50,-0.9996,148,0.77049,87,-0.1245,90,-0.0723,180,1.13007,84,-0.2000,65,-0.5978
ENSG00000029363,BCLAF1,81,-0.5037,68,-0.7636,172,0.75660,35,-1.7935,133,0.30942,126,0.21990,140,0.40291,128,0.24662
ENSG00000135525,MAP7,39,-1.7250,78,-0.6681,7,-4.2473,18,-2.8460,22,-2.5598,256,1.35989,317,1.80010,215,1.02292
ENSG00000027697,IFNGR1,28,-1.5044,26,-1.6096,57,-0.4356,66,-0.2054,39,-1.0269,73,-0.0304,136,1.02957,173,1.49847
ENSG00000112379,ARFGEF3,68,-1.3747,89,-0.9534,103,-0.7249,176,0.13108,128,-0.3792,417,1.72330,148,-0.1534,170,0.07689
ENSG00000051620,HEBP2,61,-0.1378,7,-3.3792,66,-0.0167,190,1.96322,29,-1.2892,138,1.29363,6,-3.6481,34,-1.0586
ENSG00000024862,CCDC28A,58,0.51525,16,-1.5025,64,0.65961,108,1.67614,80,1.08331,9,-2.3422,8,-2.5992,0,-6.0881
ENSG00000009844,VTA1,25,-0.7169,23,-0.8886,50,0.37205,44,0.16326,79,1.20137,6,-2.7772,21,-1.0197,71,0.98931
ENSG00000146416,AIG1,77,-0.4561,29,-1.9586,152,0.67145,117,0.22890,129,0.38771,40,-1.4463,125,0.34000,148,0.63007
ENSG00000169976,SF3B5,37,-1.2456,34,-1.3491,104,0.42029,200,1.63584,104,0.41933,8,-3.4065,54,-0.6332,107,0.45863
ENSG00000152818,UTRN,11,-2.5337,52,-0.1848,85,0.63666,11,-2.4600,69,0.26795,193,2.28136,42,-0.5083,4,-3.9205
ENSG00000164506,STXBP5,36,-0.8787,14,-2.2986,106,0.89706,34,-0.9477,109,0.95074,168,1.80554,16,-2.0711,19,-1.8430
ENSG00000111961,SASH1,100,-0.8514,48,-1.9482,133,-0.3923,61,-1.5949,68,-1.4342,378,1.42774,282,0.86753,290,0.92214
ENSG00000055211,GINM1,13,-1.9552,36,-0.4026,14,-1.8561,35,-0.4473,22,-1.1581,69,0.69094,79,0.94371,100,1.37997
ENSG00000120265,PCMT1,130,-1.0262,52,-2.3869,195,-0.3926,799,2.23050,301,0.32063,103,-1.3803,189,-0.4430,218,-0.2108
ENSG00000120256,LRP11,28,-0.9499,22,-1.3225,70,0.49750,90,0.96490,112,1.36904,5,-3.5156,48,-0.1211,38,-0.4741
ENSG00000131016,AKAP12,172,-0.1363,166,-0.1949,181,-0.0521,393,1.31862,237,0.40107,219,0.26741,82,-1.2850,44,-2.2367
ENSG00000131018,SYNE1,74,-0.7496,76,-0.7006,141,0.28822,65,-0.9619,107,-0.1692,222,1.09333,193,0.84095,70,-0.8391
ENSG00000112031,MTRF1L,25,-0.7290,51,0.40521,64,0.78101,46,0.21082,40,-0.0154,18,-1.2495,35,-0.2186,43,0.09949
ENSG00000049618,ARID1B,58,-0.3745,40,-0.9559,27,-1.5208,37,-1.0811,68,-0.1011,141,1.16204,133,1.04166,78,0.12092
ENSG00000175048,ZDHHC14,37,-1.1719,10,-3.0124,5,-4.0848,38,-1.1147,29,-1.5112,73,-0.1008,245,2.17221,185,1.55589
ENSG00000078269,SYNJ2,6,-5.2901,70,-1.7995,0,-9.4145,13,-4.1852,0,-8.0945,754,2.35434,487,1.39374,452,1.24811
ENSG00000272047,GTF2H5,32,-0.7565,36,-0.6017,31,-0.8088,49,-0.0809,111,1.33826,19,-1.5230,82,0.77490,55,0.09607
ENSG00000130338,TULP4,51,-1.5872,115,-0.3265,54,-1.4878,48,-1.6725,63,-1.2554,504,2.50466,159,0.20086,130,-0.1261
ENSG00000146433,TMEM181,46,-0.8843,26,-1.7747,59,-0.5242,117,0.61629,96,0.27270,191,1.54131,44,-0.9543,70,-0.2303
ENSG00000092820,EZR,58,0.56188,50,0.30159,154,2.58409,16,-1.4774,17,-1.3896,34,-0.3242,0,-5.9011,3,-3.9061
ENSG00000112096,SOD2,193,-0.4205,83,-1.7147,522,1.30795,326,0.44774,482,1.15116,144,-0.8727,128,-1.0591,120,-1.1594
ENSG00000146457,WTAP,27,-0.9015,31,-0.6452,90,1.11480,78,0.84696,54,0.22516,23,-1.1308,28,-0.8409,48,0.01775
ENSG00000120437,ACAT2,49,-0.4291,23,-1.5748,46,-0.5180,189,2.02963,69,0.12147,1,-5.7635,72,0.19788,62,-0.0495
ENSG00000120438,TCP1,78,-1.0896,48,-1.8299,167,0.10985,283,1.03341,161,0.05737,238,0.72090,157,0.01093,116,-0.4815
ENSG00000112110,MRPL18,23,-0.8205,19,-1.1153,74,1.10575,48,0.35938,73,1.08468,26,-0.6343,13,-1.7109,36,-0.1416
ENSG00000026652,AGPAT4,25,-3.2699,46,-2.3757,60,-1.9694,57,-2.0620,51,-2.2194,682,2.18809,416,1.15005,390,1.02768
ENSG00000112531,QKI,305,-1.7077,361,-1.4552,275,-1.8606,34,-4.8910,41,-4.6580,2525,1.89181,1613,0.99204,2132,1.53358
ENSG00000176381,PRR18,23,-1.5730,8,-3.1055,22,-1.6712,6,-3.5065,1,-5.7936,81,0.37921,223,2.40849,151,1.52913
ENSG00000198818,SFT2D1,19,-1.6160,27,-1.1000,0,-6.1846,29,-1.0106,9,-2.7674,81,0.67395,110,1.22036,162,2.03286
ENSG00000060762,MPC1,55,-1.2076,43,-1.5825,66,-0.9299,59,-1.1029,121,0.02416,90,-0.4387,309,1.74877,207,0.96067
ENSG00000071242,RPS6KA2,41,-1.8601,52,-1.5075,5,-4.7398,180,0.46536,40,-1.8870,175,0.41584,270,1.19983,327,1.58425
ENSG00000130396,AFDN,39,-1.5227,32,-1.8104,120,0.22726,105,-0.0050,105,-0.0054,300,1.95699,101,-0.0558,36,-1.6537
ENSG00000130024,PHF10,48,-0.7586,24,-1.8329,120,0.74827,41,-1.0057,42,-0.9503,62,-0.3666,120,0.75482,162,1.30444
ENSG00000112584,FAM120B,18,-1.2311,8,-2.4138,93,1.48076,44,0.12941,74,1.04309,5,-3.0437,24,-0.8341,58,0.59697
ENSG00000008018,PSMB1,84,-0.5307,35,-1.8712,176,0.69456,282,1.58606,93,-0.3765,6,-4.3024,67,-0.8949,194,0.86816
ENSG00000197461,PDGFA,24,-1.6923,25,-1.5918,36,-1.0535,32,-1.2337,58,-0.3363,185,1.73550,70,-0.0234,139,1.17211
ENSG00000188191,PRKAR1B,245,-0.4384,91,-1.9507,641,1.21920,605,1.11010,872,1.84548,24,-3.8643,26,-3.7531,62,-2.5205
ENSG00000164828,SUN1,18,-1.9530,10,-2.7639,68,0.12666,30,-1.1409,82,0.44786,200,2.19967,13,-2.4228,82,0.44488
ENSG00000105963,ADAP1,40,-2.0593,80,-1.0135,54,-1.6027,97,-0.6998,170,0.19556,134,-0.1882,265,0.97432,367,1.61128
ENSG00000146540,C7orf50,45,-0.3356,25,-1.2355,76,0.55354,38,-0.5931,38,-0.5685,72,0.46550,53,-0.0479,91,0.87183
ENSG00000178381,ZFAND2A,27,-0.6980,19,-1.1846,53,0.40438,102,1.62507,6,-2.7924,23,-0.9124,55,0.48583,45,0.15953
ENSG00000164880,INTS1,63,-0.1086,37,-0.9441,159,1.55825,66,-0.0289,116,0.94442,2,-4.7915,34,-1.0823,59,-0.1946
ENSG00000157778,PSMG3,23,-0.7373,22,-0.7566,75,1.28645,66,1.04345,70,1.14939,1,-4.9351,11,-1.7739,21,-0.8841
ENSG00000106263,EIF3B,33,-1.1049,31,-1.1926,47,-0.5888,148,1.39630,61,-0.1721,63,-0.1142,37,-0.9536,120,0.99036
ENSG00000146535,GNA12,89,1.35500,32,-0.4067,24,-0.8331,29,-0.5456,10,-2.1367,7,-2.7122,61,0.66217,78,1.10082
ENSG00000157954,WIPI2,42,-1.0804,42,-1.1056,209,1.64600,90,0.10258,102,0.31007,97,0.22514,38,-1.2508,55,-0.6709
ENSG00000164638,SLC29A4,86,1.87970,15,-1.1495,61,1.19605,54,0.96920,17,-0.9365,1,-4.7161,3,-3.1491,9,-1.8129
ENSG00000075624,ACTB,928,-0.9142,457,-1.9906,1310,-0.3717,1621,-0.0261,1147,-0.5840,1844,0.18771,2548,0.74647,3323,1.23847
ENSG00000075618,FSCN1,54,-0.9444,37,-1.4994,150,0.73726,93,-0.0636,82,-0.2852,11,-3.2325,142,0.64282,209,1.35723
ENSG00000122674,CCZ1,27,-0.3048,25,-0.4148,60,1.03827,27,-0.3030,58,0.98074,4,-3.2014,16,-1.0979,45,0.53153
ENSG00000122512,PMS2,42,-0.1512,23,-1.0730,88,1.13987,35,-0.4333,90,1.17491,39,-0.2385,25,-0.9662,24,-0.9850
ENSG00000086232,EIF2AK1,17,-2.0725,25,-1.5222,102,0.68573,90,0.46480,108,0.79747,88,0.43216,36,-1.0001,77,0.20113
ENSG00000136238,RAC1,327,-0.6852,336,-0.6424,488,-0.0445,473,-0.0970,460,-0.1430,558,0.17655,666,0.47571,706,0.57808
ENSG00000136240,KDELR2,14,-2.2770,44,-0.5151,124,1.24723,68,0.19238,59,-0.0426,75,0.35883,24,-1.4132,78,0.40841
ENSG00000136247,ZDHHC4,26,-1.3488,13,-2.3318,100,0.80414,53,-0.2458,56,-0.1638,206,2.28512,17,-1.9575,26,-1.3496
ENSG00000106392,C1GALT1,0,-6.8214,29,-0.8819,27,-1.0061,35,-0.5739,58,0.21732,64,0.39472,88,0.94021,105,1.27685
ENSG00000122584,NXPH1,47,0.10013,5,-3.2022,54,0.34829,7,-2.7494,222,3.56608,1,-5.2198,15,-1.6737,0,-6.1276
ENSG00000189043,NDUFA4,468,-0.9889,631,-0.5233,1354,0.75168,1008,0.24098,931,0.10819,411,-1.1909,867,-0.0097,1309,0.69204
ENSG00000106443,PHF14,51,-0.5716,71,-0.0351,51,-0.5648,74,0.03361,150,1.27641,3,-4.5954,137,1.10674,44,-0.7950
ENSG00000106460,TMEM106B,59,-1.1093,25,-2.3969,139,0.24027,75,-0.7568,188,0.76661,221,1.05925,103,-0.2546,151,0.38586
ENSG00000106537,TSPAN13,40,-0.9819,8,-3.3732,83,0.19674,186,1.67191,201,1.84391,59,-0.3525,14,-2.4826,0,-7.2910
ENSG00000071189,SNX13,42,-0.7170,10,-2.8015,46,-0.5838,23,-1.6094,67,0.03401,235,2.48139,54,-0.3165,49,-0.4621
ENSG00000105855,ITGB8,75,-0.9005,35,-2.0409,201,0.70263,0,-9.2870,14,-3.3701,401,2.07657,119,-0.1773,218,0.84939
ENSG00000136237,RAPGEF5,10,-5.0171,53,-2.7175,7,-5.5565,25,-3.7819,16,-4.4423,1024,2.27952,746,1.57265,617,1.19740
ENSG00000196683,TOMM7,230,-0.7532,246,-0.6511,613,0.87846,325,-0.2042,237,-0.7082,363,-0.0237,426,0.24342,507,0.53907
ENSG00000122550,KLHL7,36,-0.2260,12,-1.8424,73,0.98886,83,1.22479,66,0.80610,4,-3.3276,35,-0.2666,20,-1.1216
ENSG00000156928,MALSU1,55,0.34875,10,-2.2973,40,-0.1903,27,-0.7938,65,0.63716,88,1.18445,24,-0.9773,49,0.13868
ENSG00000164548,TRA2A,39,-0.7833,38,-0.8353,62,-0.0417,26,-1.3692,81,0.40487,135,1.32968,27,-1.3179,101,0.78475
ENSG00000105926,MPP6,31,-0.6110,66,0.60618,62,0.49925,33,-0.5152,111,1.59139,20,-1.2672,34,-0.4670,9,-2.4002
ENSG00000172115,CYCS,186,-0.5107,126,-1.1182,441,0.94595,292,0.22047,592,1.51200,71,-1.9859,124,-1.1445,212,-0.3053
ENSG00000122566,HNRNPA2B1,151,-1.2086,104,-1.7663,363,0.18745,252,-0.4103,280,-0.2414,441,0.51953,414,0.40897,590,1.04189
ENSG00000122565,CBX3,83,-0.6559,57,-1.2173,139,0.18032,129,0.05407,121,-0.0431,251,1.23444,92,-0.4949,125,0.00175
ENSG00000086300,SNX10,175,-0.5700,95,-1.5030,268,0.12303,798,2.22316,496,1.21586,30,-3.2086,44,-2.6500,85,-1.6737
ENSG00000005020,SKAP2,28,-0.3205,30,-0.1973,58,0.91560,63,1.04068,69,1.21350,1,-4.8671,18,-0.9851,7,-2.4134
ENSG00000106052,TAX1BP1,108,-0.9242,151,-0.3997,261,0.50640,169,-0.2214,264,0.52595,299,0.74571,87,-1.2514,207,0.11494
ENSG00000255690,TRIL,176,1.75967,9,-2.9470,335,3.52322,8,-3.1044,6,-3.6562,1,-5.8320,0,-7.5741,1,-5.3782
ENSG00000136193,SCRN1,135,-0.6472,77,-1.5087,211,0.06530,283,0.56768,257,0.39727,144,-0.5454,232,0.22540,281,0.55241
ENSG00000180354,MTURN,355,-1.5348,1765,1.09162,361,-1.5074,197,-2.4159,329,-1.6478,1686,1.00552,1948,1.27991,920,-0.0443
ENSG00000106105,GARS,43,-0.8134,31,-1.3083,71,-0.0239,190,1.77617,129,1.01416,21,-1.8877,39,-0.9655,51,-0.5431
ENSG00000240583,AQP1,182,1.71971,97,0.52278,198,1.90715,47,-0.6581,12,-2.6664,1,-5.7964,1,-5.6690,28,-1.4263
ENSG00000078549,ADCYAP1R1,148,0.78271,53,-0.8966,306,2.26842,86,-0.1368,120,0.42423,1,-6.3082,17,-2.5670,16,-2.6282
ENSG00000106355,LSM5,35,-0.7330,21,-1.4985,97,0.97228,42,-0.4454,50,-0.1473,127,1.48611,43,-0.4027,27,-1.1300
ENSG00000105778,AVL9,14,-2.0703,30,-0.8852,84,0.78993,133,1.66082,52,-0.0265,55,0.05717,32,-0.8094,24,-1.2059
ENSG00000170852,KBTBD2,27,-0.9424,14,-1.9218,50,0.06336,41,-0.2877,91,1.10224,39,-0.3415,46,-0.0801,80,0.84976
ENSG00000122642,FKBP9,34,-1.0789,19,-1.9522,104,0.71443,66,-0.0533,116,0.90973,64,-0.1089,37,-0.9697,106,0.74895
ENSG00000173852,DPY19L1,14,-2.0286,4,-3.6764,48,-0.2160,60,0.14775,36,-0.6500,15,-1.9926,102,1.07330,158,1.97570
ENSG00000122545,SEPTIN7,256,-0.9555,351,-0.4629,431,-0.1307,457,-0.0369,492,0.08656,644,0.54196,577,0.35427,529,0.20651
ENSG00000011426,ANLN,8,-5.2085,74,-2.0518,0,-9.4308,17,-4.1710,6,-5.6907,992,2.48571,494,0.99355,638,1.48793
ENSG00000155849,ELMO1,42,-1.5208,43,-1.4863,52,-1.1875,87,-0.3923,201,1.02723,132,0.27519,150,0.50488,183,0.85590
ENSG00000086289,EPDR1,80,-1.4944,48,-2.2415,172,-0.3033,686,2.29964,418,1.23487,49,-2.2145,86,-1.3752,119,-0.8791
ENSG00000010270,STARD3NL,39,-1.3002,20,-2.3074,119,0.45837,188,1.29872,100,0.16084,95,0.08623,82,-0.1577,79,-0.2079
ENSG00000078053,AMPH,38,-1.1815,27,-1.7115,170,1.28878,161,1.18949,132,0.81985,81,-0.0083,1,-6.4384,44,-0.9905
ENSG00000006715,VPS41,39,-1.3081,12,-3.0501,75,-0.3064,144,0.79869,90,0.00588,138,0.73224,84,-0.1125,139,0.73354
ENSG00000006451,RALA,26,-1.0839,63,0.32195,15,-1.9379,57,0.16530,44,-0.2521,16,-1.8377,102,1.18783,91,0.98357
ENSG00000065883,CDK13,22,-1.5131,42,-0.5180,31,-1.0174,24,-1.3837,68,0.23293,153,1.74381,77,0.45691,53,-0.1725
ENSG00000106588,PSMA2,53,-0.5844,27,-1.6273,47,-0.7745,160,1.29172,90,0.25540,28,-1.5558,46,-0.8183,164,1.34055
ENSG00000106605,BLVRA,19,-0.9975,22,-0.7864,84,1.45452,61,0.85695,62,0.87460,20,-0.9273,11,-1.7915,15,-1.3589
ENSG00000062582,MRPS24,74,0.56384,36,-0.6155,98,1.05604,51,-0.0606,68,0.41885,1,-5.4971,39,-0.4786,57,0.11991
ENSG00000136279,DBNL,74,0.02101,33,-1.2513,62,-0.2523,203,1.89328,50,-0.6150,1,-5.9542,78,0.11312,83,0.20702
ENSG00000106628,POLD2,51,0.42708,19,-1.1111,48,0.33153,31,-0.3824,61,0.74800,2,-3.9262,28,-0.5423,74,1.09299
ENSG00000106636,YKT6,44,-0.7067,14,-2.4202,102,0.68184,126,1.06627,88,0.42718,33,-1.1439,101,0.66066,38,-0.9082
ENSG00000058404,CAMK2B,292,0.32913,107,-1.2661,361,0.69673,251,0.07199,787,2.27891,3,-6.1113,82,-1.6805,36,-2.8799
ENSG00000015676,NUDCD3,127,0.21778,36,-1.7717,107,-0.0748,196,0.97197,242,1.37576,26,-2.2334,58,-1.0344,102,-0.1520
ENSG00000158604,TMED4,67,-0.0055,23,-1.6341,84,0.38405,60,-0.1689,80,0.28563,45,-0.6404,31,-1.1980,146,1.37734
ENSG00000105953,OGDH,81,-0.3118,28,-1.9316,144,0.64719,212,1.37481,133,0.51720,66,-0.6421,65,-0.6447,55,-0.9197
ENSG00000122515,ZMIZ2,52,0.09395,11,-2.3216,39,-0.3855,33,-0.6281,73,0.66905,56,0.20827,63,0.42013,67,0.51456
ENSG00000196262,PPIA,482,-1.2632,449,-1.3715,1518,0.58582,2463,1.49146,1161,0.12929,509,-1.1815,883,-0.3196,1128,0.08111
ENSG00000105968,H2AFV,132,-0.2233,83,-0.9535,211,0.55485,50,-1.7298,169,0.17939,251,0.86292,109,-0.5357,209,0.54357
ENSG00000146676,PURB,35,-0.7422,25,-1.2257,68,0.33409,0,-6.7104,54,-0.0428,148,1.78020,39,-0.5606,76,0.52526
ENSG00000136280,CCM2,55,-0.2876,24,-1.5645,35,-0.9948,191,1.98995,147,1.43220,16,-2.1877,6,-3.5500,52,-0.3699
ENSG00000136274,NACAD,38,-1.8131,21,-2.6673,69,-0.9206,238,1.15884,101,-0.3062,22,-2.6190,222,1.02801,270,1.40915
ENSG00000136270,TBRG4,52,0.87904,17,-0.9895,40,0.40798,43,0.51972,54,0.94650,1,-4.7364,0,-6.5649,43,0.54779
ENSG00000122679,RAMP3,15,-2.4329,8,-3.3968,3,-4.7492,190,1.66913,1,-5.7932,3,-4.5224,107,0.59391,277,2.55887
ENSG00000164742,ADCY1,39,-0.4354,22,-1.3132,20,-1.4544,49,-0.0541,202,2.78453,1,-5.4275,66,0.44359,7,-2.9976
ENSG00000136205,TNS3,66,0.89310,25,-0.7252,159,2.83653,5,-2.9416,17,-1.2601,1,-5.0551,14,-1.6012,25,-0.6786
ENSG00000106070,GRB10,48,-0.5374,24,-1.5984,51,-0.4363,115,0.93150,102,0.71370,32,-1.1702,94,0.57681,70,0.07215
ENSG00000106078,COBL,7,-3.6360,58,-0.5294,28,-1.6393,0,-8.1542,7,-3.5265,263,2.25625,127,0.77475,155,1.14384
ENSG00000170419,VSTM2A,16,-1.4016,8,-2.3975,119,2.10008,19,-1.0952,107,1.85658,16,-1.4014,13,-1.6771,14,-1.6078
ENSG00000132432,SEC61G,29,-1.9759,41,-1.4812,187,0.98937,189,1.01580,58,-0.9448,97,-0.1377,103,-0.0381,139,0.46868
ENSG00000132434,LANCL2,18,-1.3776,15,-1.6610,40,-0.1905,47,0.07355,71,0.76588,83,1.06397,7,-2.7114,78,0.94723
ENSG00000154978,VOPP1,96,0.44078,41,-0.9337,95,0.41847,91,0.34248,95,0.41694,28,-1.4825,67,-0.1587,78,0.09095
ENSG00000146729,NIPSNAP2,100,0.38843,13,-2.7669,181,1.48120,55,-0.5832,57,-0.5197,122,0.74284,65,-0.3139,40,-1.0845
ENSG00000146731,CCT6A,79,-0.9223,55,-1.4609,152,0.12037,271,1.14127,191,0.51592,208,0.66172,70,-1.1101,102,-0.5212
ENSG00000129103,SUMF2,38,-0.3069,23,-1.0634,45,-0.0458,12,-1.9927,55,0.29224,41,-0.1646,91,1.20312,61,0.48724
ENSG00000106153,CHCHD2,330,-0.3872,163,-1.4856,641,0.72536,801,1.13375,598,0.60024,68,-2.7763,303,-0.5262,452,0.12252
ENSG00000196715,VKORC1L1,27,-1.4498,30,-1.2692,59,-0.2191,127,1.09812,86,0.40757,90,0.48347,59,-0.2189,63,-0.1262
ENSG00000154710,RABGEF1,40,-0.1999,4,-3.4947,26,-0.8870,42,-0.1136,82,1.02358,74,0.85333,44,-0.0417,49,0.14546
ENSG00000106609,TMEM248,63,-0.4653,31,-1.5495,108,0.43559,139,0.88032,114,0.52213,69,-0.2987,104,0.36235,40,-1.1591
ENSG00000126524,SBDS,114,-0.7474,42,-2.2628,200,0.15861,230,0.39572,141,-0.4127,210,0.24255,159,-0.2124,357,1.18897
ENSG00000158321,AUTS2,72,0.85020,40,-0.1256,77,0.98582,6,-2.8544,64,0.65897,59,0.50306,18,-1.3903,12,-1.9598
ENSG00000185274,GALNT17,15,-1.7194,5,-3.2051,60,0.47314,107,1.52561,57,0.36313,94,1.27035,1,-5.0516,25,-0.9145
ENSG00000183166,CALN1,22,-0.9648,18,-1.2616,33,-0.3493,2,-4.1989,121,1.99377,43,0.05763,55,0.45916,37,-0.1971
ENSG00000009954,BAZ1B,91,-0.1635,116,0.24070,46,-1.2373,47,-1.1971,124,0.36145,258,1.72778,75,-0.4569,45,-1.2636
ENSG00000071462,BUD23,76,0.03096,45,-0.8190,92,0.34286,116,0.74676,94,0.37874,1,-5.9920,80,0.09728,96,0.40985
ENSG00000106683,LIMK1,38,-0.9540,7,-3.4647,97,0.55469,146,1.30291,184,1.77091,8,-3.1358,76,0.14678,2,-5.0823
ENSG00000106682,EIF4H,104,-1.3621,96,-1.4927,269,0.13121,221,-0.1861,259,0.06752,270,0.13948,236,-0.0848,531,1.35269
ENSG00000106665,CLIP2,125,-0.1553,45,-1.7403,124,-0.1632,180,0.45352,124,-0.1700,182,0.47611,173,0.38472,146,0.10166
ENSG00000263001,GTF2I,219,-0.9551,217,-0.9719,554,0.55341,391,-0.0372,483,0.31781,519,0.43883,349,-0.2196,465,0.25110
ENSG00000274070,CASTOR2,67,0.15666,61,0.00474,107,0.95923,38,-0.7506,146,1.56474,15,-2.1191,28,-1.2334,27,-1.2829
ENSG00000127946,HIP1,0,-6.5810,39,-0.2644,18,-1.4116,20,-1.3107,12,-2.0815,23,-1.0779,137,2.05478,117,1.70866
ENSG00000005486,RHBDD2,391,-0.4403,101,-2.4971,791,0.73903,1515,2.03051,1054,1.27163,16,-5.1082,156,-1.8480,83,-2.7891
ENSG00000127948,POR,18,-1.2681,28,-0.5537,76,1.11869,84,1.31090,80,1.22530,3,-3.8651,0,-6.8653,30,-0.4352
ENSG00000189077,TMEM120A,70,0.33933,29,-1.0365,60,0.10286,108,1.11474,84,0.66357,49,-0.2352,29,-1.0521,25,-1.2861
ENSG00000146701,MDH2,83,-0.9605,30,-2.4666,318,1.30006,399,1.75995,254,0.87992,21,-2.9892,39,-2.1150,76,-1.1033
ENSG00000177679,SRRM3,59,1.10947,21,-0.5868,17,-0.9165,12,-1.4699,138,3.09698,1,-4.7210,0,-6.5819,0,-6.8490
ENSG00000106211,HSPB1,182,0.09848,58,-1.6827,239,0.55870,606,2.46487,135,-0.3823,13,-3.9032,30,-2.6529,109,-0.7254
ENSG00000170027,YWHAG,609,-0.5401,269,-1.7921,1023,0.30904,2334,1.86823,1737,1.26117,360,-1.3543,291,-1.6779,184,-2.3612
ENSG00000127947,PTPN12,12,-2.3453,15,-1.9558,41,-0.4787,37,-0.6299,22,-1.4601,123,1.42434,110,1.20620,82,0.67031
ENSG00000187257,RSBN1L,42,-0.2139,19,-1.4129,55,0.22383,24,-1.0842,64,0.49107,98,1.25097,60,0.37407,21,-1.2638
ENSG00000187391,MAGI2,29,-1.2786,33,-1.0933,79,0.31417,20,-1.7958,36,-0.9226,183,1.89932,104,0.78648,40,-0.7991
ENSG00000234456,MAGI2-AS3,28,-1.5247,45,-0.7857,43,-0.8659,2,-5.0887,35,-1.1643,252,2.35311,51,-0.5925,137,1.07158
ENSG00000127955,GNAI1,15,-3.3144,20,-2.8397,60,-1.2413,63,-1.1617,51,-1.4824,311,1.53930,207,0.76142,331,1.66842
ENSG00000153956,CACNA2D1,29,-1.5593,27,-1.6765,117,0.66058,44,-0.9396,255,2.22338,98,0.35884,28,-1.6127,36,-1.2188
ENSG00000186472,PCLO,75,-0.5461,90,-0.2674,74,-0.5626,167,0.78004,193,1.04477,146,0.53751,26,-2.1685,76,-0.5405
ENSG00000198822,GRM3,21,-2.1468,43,-1.0787,36,-1.3793,4,-4.3569,42,-1.1364,128,0.67682,163,1.11106,252,2.00025
ENSG00000164659,KIAA1324L,6,-3.5625,11,-2.8141,34,-1.1905,108,0.67693,10,-2.9540,209,1.98158,132,1.04470,68,-0.1099
ENSG00000135164,DMTF1,26,-0.8056,16,-1.5441,45,0.02746,21,-1.1479,42,-0.0705,27,-0.7602,136,2.12369,38,-0.2257
ENSG00000008277,ADAM22,37,-1.4537,35,-1.5416,68,-0.5101,142,0.71418,177,1.12388,192,1.27322,88,-0.0847,7,-3.8466
ENSG00000075142,SRI,128,-0.1888,63,-1.3073,418,1.99329,162,0.19854,80,-0.9373,100,-0.5820,63,-1.2999,137,-0.0770
ENSG00000058091,CDK14,23,-1.3372,23,-1.3921,97,0.96490,92,0.86058,101,1.04805,69,0.36978,38,-0.5969,0,-7.6820
ENSG00000127914,AKAP9,101,-0.8919,195,0.17075,116,-0.6673,110,-0.7469,219,0.36419,306,0.95385,244,0.55216,118,-0.6439
ENSG00000001630,CYP51A1,153,-1.1567,88,-1.9860,172,-0.9760,386,0.32462,246,-0.4108,589,1.07584,450,0.59064,458,0.61973
ENSG00000001629,ANKIB1,20,-1.8972,56,-0.3163,69,0.01834,24,-1.6071,51,-0.4819,106,0.75481,140,1.27134,79,0.25338
ENSG00000157259,GATAD1,37,-0.1372,37,-0.1462,29,-0.5467,20,-1.0894,48,0.27659,54,0.48869,44,0.14883,55,0.49401
ENSG00000234545,FAM133B,56,-0.2290,81,0.39944,15,-2.1700,9,-2.8609,30,-1.2090,128,1.20596,153,1.56683,40,-0.7297
ENSG00000127995,CASD1,65,-0.5013,23,-2.0511,89,0.01170,117,0.45871,160,1.02551,128,0.61193,71,-0.3659,57,-0.7021
ENSG00000127990,SGCE,44,-0.4041,22,-1.4256,49,-0.2031,40,-0.5375,35,-0.7282,64,0.22038,67,0.29493,126,1.45103
ENSG00000242265,PEG10,126,-1.4260,109,-1.6517,550,0.97652,545,0.95867,664,1.33466,223,-0.5473,182,-0.8656,107,-1.6801
ENSG00000158528,PPP1R9A,24,-1.3503,65,0.17270,113,1.14464,20,-1.6659,70,0.30197,38,-0.6769,78,0.47734,60,0.03245
ENSG00000105854,PON2,123,0.58049,37,-1.3281,319,2.54165,32,-1.5612,7,-3.6881,12,-2.9783,72,-0.3122,97,0.16357
ENSG00000158560,DYNC1I1,105,-1.2356,47,-2.4439,205,-0.1844,711,2.14065,298,0.43953,173,-0.4537,141,-0.7782,157,-0.6130
ENSG00000127922,SEM1,64,-0.7623,23,-2.3146,95,-0.1443,177,0.92117,69,-0.6505,129,0.36811,63,-0.7848,209,1.23284
ENSG00000006128,TAC1,346,-0.4677,25,-4.3728,398,-0.2419,2479,3.83448,409,-0.1990,1,-8.6090,26,-4.3251,10,-5.6729
ENSG00000205356,TECPR1,82,1.27391,20,-1.0831,28,-0.5836,48,0.32539,71,1.00527,42,0.08282,27,-0.6229,0,-6.1078
ENSG00000164713,BRI3,89,-0.2298,54,-0.9992,119,0.25388,159,0.76013,149,0.64267,10,-3.4728,49,-1.1514,187,1.05479
ENSG00000166448,TMEM130,200,-0.6340,39,-3.0992,477,0.80893,598,1.23186,992,2.31942,1,-7.9659,44,-2.9122,29,-3.5006
ENSG00000241685,ARPC1A,61,-1.2369,53,-1.4542,235,0.97928,275,1.27766,210,0.77769,110,-0.3112,69,-1.0414,55,-1.3980
ENSG00000106244,PDAP1,58,-0.5572,65,-0.3620,109,0.49065,128,0.77148,105,0.42780,6,-3.7429,74,-0.1558,106,0.44538
ENSG00000106245,BUD31,23,-1.5485,6,-3.5523,92,0.63083,92,0.62754,80,0.38829,1,-5.7452,45,-0.5456,168,1.78659
ENSG00000241468,ATP5MF,124,-0.6588,127,-0.6201,315,0.89807,362,1.15667,241,0.42203,4,-5.5355,111,-0.8250,212,0.21027
ENSG00000197343,ZNF655,14,-2.5944,20,-2.0301,96,0.37432,51,-0.6480,112,0.64361,188,1.61603,29,-1.5226,104,0.50894
ENSG00000106261,ZKSCAN1,33,-1.8762,109,-0.0393,73,-0.6710,39,-1.6247,72,-0.7048,227,1.25502,173,0.75004,166,0.67121
ENSG00000168090,COPS6,62,-0.7652,77,-0.4453,151,0.68231,151,0.68848,111,0.16113,44,-1.3121,100,-0.0113,111,0.15949
ENSG00000188186,LAMTOR4,119,-0.6331,95,-0.9812,316,1.00372,163,-0.1361,141,-0.3695,90,-1.0632,158,-0.1892,334,1.10917
ENSG00000239521,CASTOR3,47,-0.6404,54,-0.4461,78,0.16668,67,-0.0861,64,-0.1523,120,0.90360,92,0.42998,44,-0.7528
ENSG00000166925,TSC22D4,319,-0.2361,180,-1.1295,559,0.71186,12,-5.0839,58,-2.8197,145,-1.4597,564,0.72781,1109,2.07776
ENSG00000172354,GNB2,122,-0.1082,14,-3.3929,211,0.82197,379,1.98567,181,0.55243,2,-5.9887,3,-5.4952,134,0.03881
ENSG00000087085,ACHE,147,-0.6323,61,-1.9661,230,0.08645,636,2.00108,548,1.67544,74,-1.6785,20,-3.6255,30,-3.0177
ENSG00000106367,AP1S1,24,-1.1632,8,-2.6651,41,-0.3038,96,1.12666,113,1.44898,51,0.04694,21,-1.3621,46,-0.1411
ENSG00000128564,VGF,115,-0.4752,35,-2.2664,338,1.38441,219,0.58445,446,1.96861,33,-2.3859,6,-4.7110,48,-1.8053
ENSG00000106400,ZNHIT1,70,-0.9139,95,-0.4264,127,0.04250,178,0.61755,79,-0.7239,12,-3.5074,190,0.73171,240,1.15740
ENSG00000214253,FIS1,107,-1.6366,196,-0.7079,184,-0.8067,253,-0.2969,112,-1.5590,266,-0.2205,504,0.87043,812,1.80808
ENSG00000257923,CUX1,46,-0.3078,33,-0.8253,38,-0.5881,9,-2.7452,21,-1.5085,102,1.05214,104,1.08918,91,0.85073
ENSG00000160991,ORAI2,81,0.80819,31,-0.7867,63,0.36414,126,1.64870,94,1.06550,1,-5.4286,9,-2.5331,0,-6.8960
ENSG00000005075,POLR2J,38,-1.1775,23,-1.9659,152,1.08841,70,-0.2346,69,-0.2652,154,1.10742,27,-1.6919,118,0.62085
ENSG00000267368,UPK3BL1,58,-0.4069,21,-1.9585,135,1.04172,91,0.33113,67,-0.1659,6,-3.7733,71,-0.0817,146,1.18728
ENSG00000170632,ARMC10,25,-1.3619,27,-1.2286,93,0.74126,115,1.12828,73,0.31389,17,-1.9669,64,0.09790,68,0.19417
ENSG00000105819,PMPCB,21,-0.9657,19,-1.0866,37,-0.0677,62,0.80556,56,0.61763,1,-4.9136,18,-1.1780,95,1.62028
ENSG00000161057,PSMC2,43,-1.0897,30,-1.6194,67,-0.3971,83,-0.0494,116,0.52500,156,1.05510,105,0.35095,82,-0.0673
ENSG00000005483,KMT2E,50,-1.0381,99,0.05664,48,-1.0815,23,-2.1527,62,-0.6998,286,2.05292,133,0.55428,65,-0.6240
ENSG00000135250,SRPK2,176,-0.2012,125,-0.7496,152,-0.4366,256,0.41649,341,0.92360,237,0.28761,143,-0.5375,166,-0.2954
ENSG00000008282,SYPL1,38,-2.5051,36,-2.5664,38,-2.4960,44,-2.2992,45,-2.2600,233,0.29281,375,1.13900,755,2.70218
ENSG00000105835,NAMPT,14,-2.1552,22,-1.5272,54,-0.1231,149,1.69513,20,-1.6889,130,1.41956,21,-1.5720,58,-0.0039
ENSG00000005249,PRKAR2B,31,-0.7446,21,-1.3340,94,1.13593,96,1.18189,95,1.16090,1,-5.3766,19,-1.4205,34,-0.5674
ENSG00000075790,BCAP29,36,-1.3644,49,-0.8721,63,-0.4767,123,0.61716,108,0.40527,117,0.53589,45,-1.0010,140,0.85117
ENSG00000091140,DLD,57,-0.3987,48,-0.6784,143,1.17015,149,1.23754,142,1.15793,21,-1.8974,18,-2.1656,9,-3.1782
ENSG00000091129,NRCAM,126,-0.4581,83,-1.1077,228,0.52146,103,-0.7802,411,1.62961,304,1.03690,28,-2.7129,56,-1.6990
ENSG00000135241,PNPLA8,42,-0.6968,24,-1.5597,52,-0.3667,78,0.31195,73,0.19882,159,1.63019,27,-1.3509,63,-0.0414
ENSG00000177683,THAP5,49,-0.0318,25,-1.0946,50,-0.0005,12,-2.1963,60,0.29310,95,1.12650,71,0.58406,38,-0.4209
ENSG00000128590,DNAJB9,41,-0.9461,33,-1.2870,132,0.96591,160,1.33133,100,0.46994,91,0.31392,3,-4.4576,42,-0.9103
ENSG00000173114,LRRN3,42,0.17769,8,-2.4086,61,0.82287,22,-0.8515,150,2.75170,1,-5.0086,18,-1.1693,1,-4.7982
ENSG00000128512,DOCK4,69,0.83915,24,-0.8869,39,-0.1179,0,-7.2413,30,-0.5332,121,1.95493,8,-2.4518,46,0.13668
ENSG00000198898,CAPZA2,96,-0.4294,47,-1.5240,184,0.64695,273,1.38147,213,0.90790,67,-0.9992,32,-2.1233,93,-0.4801
ENSG00000184408,KCND2,33,-0.7108,36,-0.5774,124,1.56014,45,-0.2349,154,2.03047,1,-5.4352,22,-1.3100,0,-6.6683
ENSG00000196937,FAM3C,51,-0.8683,50,-0.8692,198,1.46284,148,0.90773,144,0.85172,21,-2.1572,27,-1.7849,59,-0.6173
ENSG00000106278,PTPRZ1,114,-0.4462,90,-0.8271,242,0.81053,11,-3.8801,11,-3.9028,333,1.41644,282,1.09487,122,-0.3417
ENSG00000128609,NDUFA5,174,-0.4377,93,-1.4042,408,1.01033,396,0.95578,228,-2.5006,264,0.24453,187,-0.3179,73,-1.7629
ENSG00000106299,WASL,97,-0.1669,22,-2.3951,159,0.66273,165,0.73826,188,0.97100,73,-0.6069,74,-0.5906,79,-0.4848
ENSG00000170775,GPR37,3,-6.0617,53,-2.1256,0,-9.3377,20,-3.5212,24,-3.2893,499,1.54988,642,2.09860,448,1.33370
ENSG00000197157,SND1,31,-0.8451,14,-2.0550,110,1.28199,89,0.87729,51,-0.0538,27,-1.0807,36,-0.6014,67,0.38377
ENSG00000128595,CALU,39,-0.3544,43,-0.2221,26,-1.0201,35,-0.5326,31,-0.7018,81,0.86416,65,0.46970,72,0.64339
ENSG00000128596,CCDC136,70,0.08514,26,-1.4584,103,0.74059,106,0.78241,135,1.22981,51,-0.4471,16,-2.2122,28,-1.3427
ENSG00000128524,ATP6V1F,134,-0.2590,53,-1.7024,295,1.08982,251,0.79358,229,0.63406,83,-1.0178,84,-0.9922,133,-0.2797
ENSG00000186591,UBE2H,61,-0.1805,29,-1.3543,135,1.17979,57,-0.3078,80,0.25482,90,0.44909,50,-0.5050,48,-0.5861
ENSG00000128607,KLHDC10,69,-0.0149,64,-0.1306,103,0.67018,146,1.31501,95,0.52448,1,-5.8765,33,-1.1677,44,-0.7047
ENSG00000286214,AUXG01000058.1,243,0.32863,64,-1.7659,360,1.02421,126,-0.7339,442,1.41919,254,0.40373,77,-1.4842,30,-2.8545
ENSG00000128585,MKLN1,36,-1.3338,42,-1.1066,128,0.70434,28,-1.6959,77,-0.1525,134,0.78060,145,0.92314,88,0.05228
ENSG00000128567,PODXL,40,0.03801,33,-0.2860,66,0.89426,29,-0.4869,24,-0.8111,1,-5.0686,10,-2.1414,112,1.93959
ENSG00000131558,EXOC4,61,-0.0602,10,-2.8282,44,-0.6050,86,0.49808,85,0.49035,129,1.24959,46,-0.5037,48,-0.4647
ENSG00000205060,SLC35B4,71,1.09938,14,-1.5349,11,-1.8842,31,-0.3383,113,2.04214,2,-4.2679,15,-1.4513,46,0.33240
ENSG00000085662,AKR1B1,135,-0.3988,69,-1.4303,159,-0.1408,458,1.78729,360,1.29448,43,-2.1490,82,-1.1733,78,-1.2493
ENSG00000122786,CALD1,38,-0.7311,65,0.13112,47,-0.3919,18,-1.8626,33,-0.9232,197,2.27761,39,-0.6828,42,-0.5570
ENSG00000243317,STMP1,54,-0.0504,19,-1.6484,36,-0.6881,68,0.32033,59,0.08768,76,0.50863,55,-0.0350,81,0.61279
ENSG00000105887,MTPN,113,-0.0512,70,-0.8259,151,0.42977,305,1.75623,133,0.21247,33,-1.9556,68,-0.8650,63,-0.9898
ENSG00000105894,PTN,177,0.78928,84,-0.4624,173,0.75065,30,-2.0268,60,-0.9803,193,0.95125,99,-0.1887,76,-0.6195
ENSG00000146963,LUC7L2,43,-0.8705,75,0.00676,110,0.64981,38,-1.0522,57,-0.4395,91,0.32153,141,1.10262,44,-0.8607
ENSG00000236279,CLEC2L,20,-1.1507,8,-2.5209,34,-0.3525,24,-0.8843,222,3.70230,1,-5.1696,22,-1.0466,8,-2.5463
ENSG00000064393,HIPK2,195,-1.1197,816,1.27957,330,-0.2960,53,-3.0548,124,-1.8070,596,0.69685,781,1.19509,272,-0.6030
ENSG00000133606,MKRN1,47,-0.1443,19,-1.5529,130,1.70038,68,0.48497,81,0.80376,1,-5.4347,34,-0.6330,28,-0.9652
ENSG00000090266,NDUFB2,227,-0.7417,149,-1.3952,564,0.76405,411,0.21540,321,-0.1914,85,-2.2329,561,0.75356,571,0.78456
ENSG00000090263,MRPS33,29,-1.4339,39,-0.9747,34,-1.1826,138,1.11146,27,-1.5324,116,0.80456,55,-0.4558,144,1.19040
ENSG00000261115,TMEM178B,45,-0.1178,28,-0.8718,84,0.97006,53,0.14598,68,0.58084,57,0.29069,21,-1.2688,29,-0.8103
ENSG00000257093,DENND11,8,-2.4939,21,-1.0376,73,1.00495,25,-0.7702,60,0.65402,21,-1.0183,92,1.45550,25,-0.7322
ENSG00000106028,SSBP1,26,-1.1263,19,-1.6080,56,0.04061,78,0.60451,74,0.52715,93,0.92844,7,-2.9624,81,0.66580
ENSG00000270672,MTRNR2L6,119,-0.0654,404,2.26685,49,-1.4332,5,-4.5977,46,-1.5552,174,0.57758,164,0.46954,28,-2.2517
ENSG00000159784,FAM131B,37,-0.9201,28,-1.3508,6,-3.4808,21,-1.8047,53,-0.3614,25,-1.5243,122,1.05179,240,2.51186
ENSG00000198420,TCAF1,118,-0.3035,71,-1.0861,97,-0.6098,221,0.76029,335,1.54864,217,0.72377,50,-1.6312,26,-2.5968
ENSG00000174469,CNTNAP2,77,-0.9371,29,-2.4145,114,-0.3181,132,-0.0851,257,1.06469,280,1.23081,71,-1.0609,154,0.16100
ENSG00000055130,CUL1,36,-1.0535,11,-2.7370,129,1.06332,64,-0.1328,107,0.73463,170,1.61379,29,-1.3514,11,-2.7950
ENSG00000155660,PDIA4,13,-2.0213,29,-0.8575,38,-0.4038,26,-0.9815,60,0.32267,71,0.60255,109,1.40608,49,-0.0191
ENSG00000171130,ATP6V0E2,314,-0.3537,120,-1.8327,398,0.03049,862,1.41122,767,1.18365,180,-1.2274,259,-0.6641,228,-0.8586
ENSG00000214022,REPIN1,26,-1.0396,19,-1.5313,84,0.83986,33,-0.7057,99,1.16079,34,-0.6632,44,-0.2326,70,0.52526
ENSG00000055118,KCNH2,45,-0.5020,18,-1.8509,50,-0.3185,178,1.99577,173,1.93594,1,-5.6956,0,-7.5130,23,-1.5156
ENSG00000164885,CDK5,37,-0.8135,8,-3.1100,101,0.84660,159,1.74050,115,1.09462,1,-5.4814,17,-1.9346,53,-0.2375
ENSG00000164896,FASTK,53,0.00273,8,-2.7934,54,0.02921,60,0.22416,84,0.78190,83,0.77140,27,-1.0585,54,0.02546
ENSG00000133612,AGAP3,115,-0.2428,42,-1.7814,225,0.89844,223,0.87910,240,1.01293,55,-1.3854,81,-0.7938,88,-0.6724
ENSG00000033050,ABCF2,38,-0.1275,32,-0.4133,104,1.69017,47,0.22057,66,0.82444,1,-5.1222,10,-2.1844,30,-0.4821
ENSG00000082014,SMARCD3,79,0.05622,21,-1.9917,148,1.16192,115,0.69791,171,1.43725,1,-5.4734,25,-1.7139,50,-0.6821
ENSG00000013374,NUB1,28,-0.7465,15,-1.7345,65,0.61318,83,1.05723,91,1.22772,5,-3.2606,17,-1.5407,58,0.41183
ENSG00000106615,RHEB,141,-0.2391,49,-1.8549,278,0.91413,494,2.08033,192,0.27048,1,-7.1117,62,-1.5025,90,-0.9400
ENSG00000106617,PRKAG2,22,-0.9012,24,-0.7306,61,0.76754,77,1.20663,108,1.89379,1,-5.0369,16,-1.3538,0,-6.1190
ENSG00000178234,GALNT11,46,-0.2363,13,-2.1231,30,-0.9411,77,0.59895,116,1.36302,117,1.37287,8,-2.9101,24,-1.2808
ENSG00000055609,KMT2C,34,-1.6605,88,-0.1977,79,-0.3674,16,-2.7599,18,-2.5892,281,1.93231,184,1.07839,94,-0.0965
ENSG00000130226,DPP6,171,-0.0130,58,-1.6870,259,0.68963,344,1.21164,344,1.21487,66,-1.5014,75,-1.3052,63,-1.5693
ENSG00000186480,INSIG1,103,-0.6237,42,-1.9998,161,0.08845,387,1.70074,259,0.91254,66,-1.3074,91,-0.8155,110,-0.5283
ENSG00000105983,LMBR1,44,0.03889,18,-1.3759,39,-0.1792,42,-0.0648,112,1.72702,1,-5.2050,51,0.28196,40,-0.1404
ENSG00000009335,UBE3C,20,-1.1198,26,-0.6743,43,0.10395,69,0.91946,64,0.79585,8,-2.3719,22,-0.9669,70,0.95304
ENSG00000105993,DNAJB6,159,-0.6387,110,-1.2178,235,-0.0186,355,0.68662,342,0.62032,158,-0.6500,205,-0.2391,334,0.58114
ENSG00000155093,PTPRN2,85,-0.8643,19,-3.0798,317,1.36955,248,0.90340,372,1.69488,43,-1.8843,22,-2.8575,67,-1.2321
ENSG00000117868,ESYT2,51,-0.3037,28,-1.2114,131,1.32944,57,-0.1344,101,0.84419,37,-0.8187,5,-3.5682,83,0.49816
ENSG00000182372,CLN8,18,-1.6108,26,-1.0529,0,-7.1034,27,-1.0266,41,-0.3462,53,0.05147,194,2.62379,52,0.01472
ENSG00000104728,ARHGEF10,15,-1.7617,36,-0.4576,0,-5.8670,9,-2.4476,6,-3.0427,116,1.61408,97,1.26068,99,1.30646
ENSG00000176595,KBTBD11,13,-2.3980,33,-1.0436,69,0.11026,26,-1.4421,63,-0.0557,141,1.37211,89,0.53581,85,0.44581
ENSG00000155189,AGPAT5,24,-1.7619,34,-1.2448,109,0.60386,55,-0.5120,60,-0.3803,106,0.55901,52,-0.6117,168,1.40905
ENSG00000173273,TNKS,28,-1.7653,55,-0.7783,71,-0.3628,108,0.32422,82,-0.1277,134,0.69318,139,0.75489,95,0.10976
ENSG00000104643,MTMR9,52,-0.6669,13,-2.7215,98,0.35305,145,1.05652,142,1.01069,96,0.32267,49,-0.7724,38,-1.1467
ENSG00000154328,NEIL2,56,0.15764,28,-0.9706,84,0.83513,112,1.37577,74,0.62574,1,-5.4481,11,-2.2936,45,-0.2258
ENSG00000079459,FDFT1,105,-0.7766,53,-1.8003,153,-0.1741,355,1.29819,182,0.11102,97,-0.9038,174,0.02986,245,0.61371
ENSG00000164733,CTSB,282,0.12005,117,-1.2745,407,0.75498,275,0.07994,653,1.66088,150,-0.8893,63,-2.2019,150,-0.8908
ENSG00000164741,DLC1,44,-0.7187,26,-1.4961,56,-0.3301,26,-1.5120,63,-0.1358,151,1.41034,106,0.75343,75,0.16223
ENSG00000104723,TUSC3,57,-0.3449,19,-1.9973,148,1.29956,165,1.51780,113,0.79722,39,-0.9472,0,-7.7613,25,-1.5883
ENSG00000155970,MICU3,23,-1.3922,46,-0.3354,83,0.64697,72,0.38369,153,1.81142,17,-1.8426,40,-0.5673,21,-1.5481
ENSG00000104219,ZDHHC2,15,-1.9997,23,-1.3812,49,-0.1671,37,-0.6070,44,-0.3420,134,1.61130,49,-0.1948,88,0.79661
ENSG00000198791,CNOT7,63,-0.0106,25,-1.4666,125,1.18654,89,0.56813,107,0.89927,1,-5.7469,52,-0.3104,45,-0.5276
ENSG00000003987,MTMR7,8,-2.7582,0,-6.0080,49,-0.0765,45,-0.2177,79,0.72843,94,1.03463,91,0.97874,46,-0.1954
ENSG00000129422,MTUS1,54,-1.9080,100,-0.9779,44,-2.2201,25,-3.0301,57,-1.8435,427,1.49187,452,1.60617,329,0.98781
ENSG00000078674,PCM1,60,-1.5960,95,-0.9078,115,-0.5994,37,-2.3043,126,-0.4583,492,2.01245,299,1.00536,117,-0.5810
ENSG00000104763,ASAH1,147,-0.2637,69,-1.4460,193,0.18013,394,1.47150,267,0.73983,62,-1.6000,116,-0.6427,138,-0.3731
ENSG00000156011,PSD3,85,-0.8908,130,-0.2160,65,-1.3079,192,0.42338,268,1.01915,273,1.05462,76,-1.0664,103,-0.5951
ENSG00000147416,ATP6V1B2,215,-0.5375,39,-3.0804,424,0.58704,1003,2.32869,530,0.98982,41,-3.0055,73,-2.1850,72,-2.1897
ENSG00000130227,XPO7,28,-0.7166,23,-1.0286,32,-0.5054,44,0.00788,60,0.52034,104,1.54133,1,-5.1571,60,0.51788
ENSG00000158856,DMTN,127,-0.0326,41,-1.7988,225,0.95350,278,1.35778,277,1.35038,30,-2.2261,11,-3.7406,47,-1.5633
ENSG00000168481,LGI3,53,-1.8262,36,-2.3913,24,-2.9490,264,0.74397,340,1.21246,144,-0.2757,220,0.42677,285,0.88002
ENSG00000168490,PHYHIP,93,-0.3146,67,-0.8344,221,1.17695,143,0.39645,323,1.95494,1,-6.5795,23,-2.4355,33,-1.9059
ENSG00000147457,CHMP7,24,-0.8373,17,-1.3381,87,1.33683,66,0.81803,73,0.98994,21,-1.0070,18,-1.2408,20,-1.1181
ENSG00000104679,R3HCC1,32,-0.3901,5,-3.2164,11,-2.0462,38,-0.1420,38,-0.1450,1,-5.1368,68,0.84691,139,2.31577
ENSG00000197217,ENTPD4,29,-0.7711,17,-1.5198,40,-0.2528,58,0.35174,145,2.14330,40,-0.2398,34,-0.4987,10,-2.3420
ENSG00000104722,NEFM,656,-0.3435,706,-0.2237,172,-2.3881,2017,1.66140,2545,2.17807,102,-3.1531,214,-2.0628,67,-3.7529
ENSG00000277586,NEFL,844,-0.4616,647,-0.8797,812,-0.5221,4376,2.73356,1826,0.83747,232,-2.4295,125,-3.3322,117,-3.4283
ENSG00000147459,DOCK5,0,-8.2190,41,-0.3926,8,-2.7438,9,-2.5870,0,-7.6782,133,1.68924,96,1.05895,131,1.66529
ENSG00000221914,PPP2R2A,46,-0.4607,45,-0.5136,21,-1.6697,96,0.74791,68,0.14597,77,0.36019,93,0.69909,49,-0.3814
ENSG00000104765,BNIP3L,74,-1.2856,82,-1.1218,181,0.13359,241,0.61779,158,-0.0916,203,0.32544,103,-0.7735,295,0.98634
ENSG00000240694,PNMA2,235,-0.1162,52,-2.4138,794,2.17810,246,-0.0394,571,1.46146,64,-2.1122,37,-2.9008,19,-3.8718
ENSG00000092964,DPYSL2,458,-1.2491,378,-1.5426,827,-0.3257,1062,0.08128,1212,0.30316,1245,0.34937,1406,0.55857,1498,0.67085
ENSG00000015592,STMN4,72,-1.9920,79,-1.8584,134,-1.0497,109,-1.3625,213,-0.3247,238,-0.1462,556,1.34619,683,1.76673
ENSG00000120885,CLU,2321,0.68982,947,-0.7876,4093,1.78743,1282,-0.3081,1133,-0.5044,600,-1.4895,762,-1.1233,1253,-0.3446
ENSG00000168077,SCARA3,48,-0.2226,16,-1.8900,151,1.85241,3,-4.3225,0,-7.7126,104,1.09036,41,-0.4780,80,0.61465
ENSG00000147419,CCDC25,74,0.02854,65,-0.1709,57,-0.4013,74,0.03323,83,0.23135,12,-2.7156,159,1.38889,57,-0.3964
ENSG00000104290,FZD3,54,0.50051,12,-1.8402,90,1.43244,37,-0.1445,92,1.47351,1,-5.0989,36,-0.1849,0,-7.2213
ENSG00000147421,HMBOX1,41,-0.6478,52,-0.2778,87,0.58389,57,-0.1090,18,-1.8428,138,1.44559,70,0.20969,28,-1.2274
ENSG00000133872,SARAF,523,-0.7930,243,-1.9617,1285,0.68840,2221,1.74218,1218,0.59458,301,-1.6397,409,-1.1730,666,-0.4097
ENSG00000104660,LEPROTL1,48,0.31415,17,-1.2779,55,0.54935,21,-1.0164,62,0.75122,16,-1.3638,6,-2.7311,92,1.49572
ENSG00000104671,DCTN6,54,-0.6284,29,-1.5529,117,0.64972,106,0.46533,26,-1.7316,95,0.28685,148,1.07337,64,-0.3568
ENSG00000104687,GSR,27,-0.8405,14,-1.8353,53,0.21468,75,0.83409,121,1.75205,40,-0.2406,20,-1.2850,20,-1.3142
ENSG00000104695,PPP2CB,274,0.03359,79,-1.9014,376,0.56976,260,-0.0544,263,-0.0330,305,0.21387,308,0.23050,282,0.08424
ENSG00000133878,DUSP26,47,-0.9502,15,-2.6027,121,0.58678,254,2.03982,83,-0.0447,1,-6.1831,70,-0.3169,92,0.12743
ENSG00000129691,ASH2L,35,-0.0747,7,-2.4429,38,0.06357,69,1.11077,77,1.30579,1,-4.9562,33,-0.1575,32,-0.2064
ENSG00000156735,BAG4,64,-0.2229,29,-1.4467,102,0.55769,122,0.88040,176,1.57976,13,-2.5622,63,-0.2498,17,-2.2547
ENSG00000085788,DDHD2,49,-1.0751,23,-2.1946,96,-0.0193,102,0.09015,145,0.69000,110,0.20761,133,0.53900,116,0.30379
ENSG00000147548,NSD3,44,-1.6819,79,-0.8026,119,-0.1473,97,-0.4731,126,-0.0571,414,2.20286,101,-0.4014,61,-1.1873
ENSG00000077782,FGFR1,160,-0.6050,63,-2.0303,102,-1.3024,936,2.81029,311,0.48590,48,-2.4327,98,-1.3563,149,-0.7209
ENSG00000147526,TACC1,72,-0.8154,133,0.17641,159,0.47339,68,-0.8919,82,-0.6001,124,0.06156,214,1.00129,106,-0.1988
ENSG00000147533,GOLGA7,87,0.29487,60,-0.3082,40,-0.9350,38,-1.0234,80,0.17143,45,-0.7405,124,0.92565,105,0.63392
ENSG00000158669,GPAT4,31,-0.7849,9,-2.5615,42,-0.2831,72,0.59504,110,1.37880,64,0.37764,49,-0.0629,28,-0.9348
ENSG00000083168,KAT6A,38,-0.4514,8,-2.6909,8,-2.7371,14,-1.9715,37,-0.5109,153,2.08159,110,1.37151,36,-0.5336
ENSG00000070718,AP3M2,67,-0.3881,38,-1.2612,56,-0.6657,109,0.41681,184,1.36844,95,0.18338,29,-1.6439,102,0.30270
ENSG00000078668,VDAC3,102,-1.0733,43,-2.3679,237,0.28034,673,2.33428,309,0.74031,61,-1.8559,74,-1.5468,105,-1.0236
ENSG00000168575,SLC20A2,39,-0.5539,30,-0.9667,77,0.56355,39,-0.5593,46,-0.3004,30,-0.9814,35,-0.7121,146,1.77839
ENSG00000120925,RNF170,32,-1.1133,18,-2.0177,39,-0.8166,77,0.26029,106,0.82396,108,0.84374,35,-0.9718,110,0.88761
ENSG00000168172,HOOK3,56,-1.6470,90,-0.9184,43,-2.0253,23,-2.9733,72,-1.2629,744,3.25775,150,-0.1081,107,-0.6450
ENSG00000168522,FNTA,37,-2.2028,27,-2.6445,72,-1.2200,68,-1.3016,100,-0.7132,329,1.32246,219,0.57818,395,1.69220
ENSG00000165102,HGSNAT,16,-1.2412,33,-0.0980,54,0.70817,44,0.35129,66,1.08473,1,-4.9204,48,0.50374,21,-0.7921
ENSG00000253729,PRKDC,55,-0.7475,29,-1.7187,71,-0.3472,59,-0.6362,115,0.46011,210,1.57316,105,0.31007,57,-0.6800
ENSG00000169139,UBE2V2,110,-0.6722,86,-1.0495,180,0.12141,353,1.32508,362,1.37728,62,-1.5537,85,-1.0734,99,-0.8285
ENSG00000168300,PCMTD1,44,-0.3305,33,-0.7598,74,0.53378,18,-1.6665,71,0.47689,86,0.81070,61,0.22197,41,-0.4161
ENSG00000147488,ST18,5,-5.1430,33,-2.4201,0,-8.9229,9,-4.2462,7,-4.5021,467,2.02409,435,1.86697,312,1.19033
ENSG00000023287,RB1CC1,68,-1.0689,155,0.24833,73,-0.9579,134,-0.0018,186,0.55615,277,1.28615,109,-0.3369,69,-1.0572
ENSG00000047249,ATP6V1H,74,-1.1852,33,-2.3741,341,1.37373,367,1.52044,320,1.24854,2,-5.9273,67,-1.3427,55,-1.6298
ENSG00000187735,TCEA1,96,0.65716,26,-1.4107,34,-1.0208,42,-0.7079,31,-1.1628,124,1.11798,88,0.49468,81,0.35779
ENSG00000137547,MRPL15,39,-0.6245,10,-2.6336,77,0.47499,112,1.14815,105,1.03310,74,0.39929,3,-4.0631,43,-0.4728
ENSG00000008988,RPS20,236,-0.7391,361,-0.0573,463,0.35636,188,-1.0878,191,-1.0652,315,-0.2774,518,0.54891,721,1.14949
ENSG00000181195,PENK,47,-1.5761,17,-3.0248,612,3.34130,2,-5.9809,261,1.24469,50,-1.4776,11,-3.6605,31,-2.1872
ENSG00000104331,IMPAD1,66,-0.9779,43,-1.6235,132,0.13778,150,0.35251,140,0.23772,208,0.93026,102,-0.2836,131,0.12519
ENSG00000137575,SDCBP,97,-0.5135,32,-2.2039,198,0.66782,410,2.11590,92,-0.5932,11,-3.7306,91,-0.6218,138,0.05809
ENSG00000104388,RAB2A,184,-0.4823,62,-2.1425,262,0.08381,467,1.09952,393,0.78186,275,0.16417,183,-0.4967,165,-0.6600
ENSG00000171316,CHD7,2,-4.5062,93,0.82253,12,-2.3840,14,-2.1223,11,-2.5290,88,0.72159,183,2.18938,57,-0.0089
ENSG00000198363,ASPH,121,0.52230,29,-1.7340,217,1.61713,114,0.41619,118,0.47509,28,-1.7881,62,-0.5649,21,-2.1925
ENSG00000185728,YTHDF3,51,-0.1851,9,-2.7968,56,-0.0376,60,0.06648,58,-0.0023,146,1.68724,41,-0.5308,39,-0.6018
ENSG00000104442,ARMC1,51,-0.2270,34,-0.8350,27,-1.1881,56,-0.0679,36,-0.7810,196,2.32130,41,-0.5507,26,-1.2687
ENSG00000169085,VXN,21,-2.0381,31,-1.4854,111,0.56389,1,-5.7350,16,-2.4393,82,0.04995,205,1.72658,170,1.33784
ENSG00000175073,VCPIP1,16,-1.4538,15,-1.5655,43,0.09923,44,0.13304,94,1.49907,42,0.07154,52,0.39924,19,-1.1744
ENSG00000104205,SGK3,2,-4.7287,19,-1.8677,10,-2.7511,4,-3.9143,30,-1.1434,155,1.62448,152,1.58430,132,1.30117
ENSG00000245910,SNHG6,171,-0.8601,269,-0.1379,289,-0.0208,121,-1.3861,153,-1.0318,300,0.04129,518,0.98883,522,1.00247
ENSG00000121022,COPS5,27,-1.3366,4,-4.0550,133,1.30873,106,0.88639,67,0.09920,4,-4.1103,34,-1.0056,133,1.30059
ENSG00000066777,ARFGEF1,28,-1.3801,31,-1.2509,68,-0.0135,46,-0.6365,66,-0.0720,195,1.92816,39,-0.8935,77,0.18801
ENSG00000046889,PREX2,45,-0.8291,36,-1.1958,59,-0.4205,0,-8.4885,20,-2.0302,313,2.86625,92,0.31330,46,-0.8110
ENSG00000067167,TRAM1,39,-0.2518,17,-1.5306,58,0.37647,47,0.01502,28,-0.7833,38,-0.3250,34,-0.5075,109,1.53557
ENSG00000147604,RPL7,342,-0.5401,435,-0.1545,686,0.61223,244,-1.0689,302,-0.7365,533,0.17992,600,0.38128,684,0.60674
ENSG00000040341,STAU2,57,-1.0120,55,-1.0691,87,-0.3468,181,0.89477,221,1.27236,178,0.87024,38,-1.6017,43,-1.4200
ENSG00000154582,ELOC,64,-0.8041,39,-1.5456,166,0.76076,174,0.84407,87,-0.3282,118,0.17057,117,0.15608,86,-0.3507
ENSG00000175606,TMEM70,11,-2.0200,0,-7.9926,98,1.58348,113,1.89158,70,0.93394,1,-5.1088,12,-1.8089,20,-1.1245
ENSG00000104381,GDAP1,38,-1.3667,11,-3.1741,130,0.57742,165,1.00217,140,0.71144,130,0.57286,38,-1.3738,86,-0.1132
ENSG00000091656,ZFHX4,93,0.41793,55,-0.4490,38,-1.0387,53,-0.5174,180,1.63889,105,0.62702,36,-1.1183,22,-1.8218
ENSG00000171033,PKIA,110,0.04464,35,-1.7440,269,1.67491,194,1.02853,121,0.19816,42,-1.4580,44,-1.4052,43,-1.4303
ENSG00000104427,ZC2HC1A,14,-1.9515,25,-1.0820,33,-0.6253,91,1.05545,87,0.96192,73,0.64384,20,-1.4163,54,0.14594
ENSG00000104435,STMN2,890,-0.1499,337,-1.6577,850,-0.2230,3750,2.69561,1420,0.63980,273,-1.9769,202,-2.4218,77,-3.8408
ENSG00000147586,MRPS28,31,-0.7068,15,-1.7563,72,0.68538,49,0.04607,33,-0.5783,100,1.28299,22,-1.2454,62,0.43100
ENSG00000076554,TPD52,48,-1.4299,42,-1.6026,50,-1.3437,215,1.03426,134,0.20501,177,0.67979,124,0.06630,159,0.49256
ENSG00000164687,FABP5,46,-1.4071,41,-1.5893,263,1.50287,176,0.73941,107,-0.1008,61,-0.9734,71,-0.7611,145,0.41175
ENSG00000147588,PMP2,383,-1.0130,490,-0.6298,450,-0.7639,31,-4.7084,58,-3.8190,1628,1.44978,1662,1.49197,1096,0.70585
ENSG00000133731,IMPA1,31,-0.5184,20,-1.1961,47,0.15803,99,1.51501,49,0.24040,2,-4.4212,27,-0.7413,66,0.74784
ENSG00000104231,ZFAND1,17,-1.0853,27,-0.4422,39,0.16207,41,0.24413,99,1.90002,1,-4.9076,26,-0.4585,32,-0.1711
ENSG00000184672,RALYL,62,-0.0135,10,-2.8226,139,1.40881,103,0.83419,104,0.86229,72,0.21988,4,-4.1361,10,-2.7095
ENSG00000176731,RBIS,14,-2.0089,40,-0.4375,71,0.52123,57,0.16521,44,-0.2605,9,-2.6219,78,0.69589,102,1.18318
ENSG00000123124,WWP1,26,-0.7200,22,-1.0210,59,0.58442,54,0.42936,83,1.20878,35,-0.2758,16,-1.4466,38,-0.1639
ENSG00000085719,CPNE3,51,-0.1723,27,-1.1692,32,-0.8984,79,0.56356,14,-2.1394,123,1.38664,64,0.21946,61,0.14353
ENSG00000123119,NECAB1,70,-1.9086,106,-1.2955,52,-2.3584,185,-0.4276,34,-2.9614,464,1.14687,550,1.47880,468,1.16118
ENSG00000155099,PIP4P2,61,-0.3665,28,-1.5789,59,-0.4130,135,0.97652,115,0.68051,110,0.61422,41,-0.9771,64,-0.2857
ENSG00000253738,OTUD6B-AS1,70,-0.2880,40,-1.1590,87,0.06267,75,-0.1672,128,0.72555,74,-0.1924,142,0.91883,52,-0.7644
ENSG00000156467,UQCRB,552,-0.5822,664,-0.2888,1358,0.93078,798,0.01019,708,-0.1850,506,-0.7214,744,-0.1048,1013,0.41241
ENSG00000156471,PTDSS1,27,-1.5819,13,-2.6866,131,0.95809,290,2.70118,99,0.46875,1,-5.9290,15,-2.4523,24,-1.7386
ENSG00000169439,SDC2,73,0.78695,8,-2.5316,96,1.31707,51,0.17640,110,1.58219,14,-1.8137,11,-2.1890,2,-4.2183
ENSG00000180543,TSPYL5,33,-0.8098,16,-1.8887,107,1.17371,109,1.20785,85,0.75593,36,-0.6538,3,-4.3493,48,-0.1927
ENSG00000147649,MTDH,122,-0.6955,98,-1.0402,99,-1.0154,81,-1.3307,200,0.09250,225,0.29186,348,1.06758,337,1.00461
ENSG00000104341,LAPTM4B,97,-0.0653,30,-1.8640,156,0.74285,111,0.16031,214,1.33556,45,-1.2726,69,-0.6037,84,-0.2880
ENSG00000156482,RPL30,301,-1.2118,657,0.02053,854,0.46177,211,-1.7483,190,-1.9124,570,-0.2123,1107,0.92200,1303,1.22861
ENSG00000132541,RIDA,95,0.90426,39,-0.5876,181,2.23805,33,-0.8315,9,-2.8022,1,-5.5690,37,-0.6752,54,-0.0654
ENSG00000164919,COX6C,394,-0.7245,243,-1.4703,877,0.58891,938,0.70762,567,-0.1464,411,-0.6601,603,-0.0454,925,0.68280
ENSG00000147669,POLR2K,38,-1.4564,4,-4.5214,212,1.39768,181,1.08890,119,0.34996,44,-1.2336,39,-1.4259,136,0.58062
ENSG00000186106,ANKRD46,36,-1.0313,32,-1.2386,152,1.37065,117,0.87437,84,0.30688,57,-0.3380,12,-2.6030,71,0.00791
ENSG00000070756,PABPC1,174,-0.2904,164,-0.3900,123,-0.8379,28,-3.0281,183,-0.2064,354,0.91936,336,0.82164,302,0.63356
ENSG00000164924,YWHAZ,360,-0.7721,266,-1.2422,568,-0.0453,1799,2.13146,809,0.55287,171,-1.9049,293,-1.0935,404,-0.5926
ENSG00000120963,ZNF706,54,-0.8340,42,-1.2184,107,0.26574,53,-0.8793,60,-0.6796,237,1.73909,125,0.53041,54,-0.8487
ENSG00000104490,NCALD,61,-0.6929,52,-0.9371,111,0.28139,242,1.73179,155,0.85690,93,-0.0073,12,-3.1039,25,-2.0521
ENSG00000048392,RRM2B,49,-0.5989,28,-1.4575,80,0.19293,82,0.23552,89,0.38181,159,1.43239,58,-0.3376,24,-1.6600
ENSG00000104517,UBR5,39,-0.3225,22,-1.1762,34,-0.5191,17,-1.6251,61,0.42602,124,1.74625,32,-0.6474,51,0.12164
ENSG00000155096,AZIN1,105,-0.3236,44,-1.6737,185,0.61697,224,0.96028,222,0.94248,13,-3.4734,104,-0.3424,132,0.04047
ENSG00000155097,ATP6V1C1,94,-0.6531,53,-1.5452,139,-0.0284,406,1.95669,253,1.00294,123,-0.2284,36,-2.0921,30,-2.3749
ENSG00000164929,BAALC,271,0.34231,207,-0.1056,604,1.86324,140,-0.7310,161,-0.5065,211,-0.0688,108,-1.1208,62,-1.9638
ENSG00000176406,RIMS2,24,-0.9193,40,-0.1082,82,1.12626,34,-0.3818,43,-0.0119,81,1.10365,31,-0.5246,9,-2.3689
ENSG00000164830,OXR1,76,-0.8608,57,-1.2893,140,0.11847,149,0.22051,246,1.10214,237,1.03229,35,-2.0301,105,-0.3579
ENSG00000104408,EIF3E,75,-0.6232,52,-1.1851,91,-0.3159,43,-1.4878,27,-2.1753,307,1.87792,151,0.51580,142,0.41554
ENSG00000104412,EMC2,44,-0.5883,33,-1.0624,52,-0.3283,79,0.35143,54,-0.2666,19,-1.9003,122,1.11937,109,0.92214
ENSG00000120533,ENY2,28,-1.4835,49,-0.6575,124,0.89086,153,1.29193,56,-0.4409,92,0.37563,49,-0.6470,38,-1.0486
ENSG00000147642,SYBU,80,-0.0696,20,-2.2050,209,1.67534,181,1.38136,133,0.79629,1,-6.1375,31,-1.5279,11,-2.9960
ENSG00000147677,EIF3H,96,-0.2887,79,-0.6059,91,-0.3807,93,-0.3453,119,0.05678,239,1.29355,67,-0.8661,137,0.28369
ENSG00000164754,RAD21,118,-0.6648,73,-1.4132,208,0.24418,172,-0.0659,150,-0.2936,312,0.95505,264,0.65878,138,-0.4223
ENSG00000136960,ENPP2,43,-3.4364,80,-2.5298,9,-5.6279,146,-1.6316,36,-3.6871,1050,1.68649,884,1.33797,1082,1.75035
ENSG00000136986,DERL1,44,0.17576,9,-2.1720,67,0.92008,70,1.00569,55,0.56920,1,-5.0644,33,-0.2977,35,-0.1887
ENSG00000165156,ZHX1,27,-0.7201,28,-0.6785,101,1.52262,7,-2.6217,29,-0.6274,40,-0.1236,44,0.01830,69,0.78566
ENSG00000156804,FBXO32,12,-2.9024,40,-1.0834,2,-5.1159,0,-8.5679,12,-2.8826,166,1.27528,179,1.42335,234,1.98142
ENSG00000176853,FAM91A1,52,-0.1162,13,-2.2033,5,-3.4699,53,-0.0839,69,0.35287,166,2.02091,39,-0.5961,51,-0.1461
ENSG00000164983,TMEM65,23,-1.2379,15,-1.9284,55,0.10722,81,0.77319,71,0.53033,83,0.80709,0,-6.5060,85,0.84801
ENSG00000147684,NDUFB9,163,-1.0102,209,-0.6177,379,0.34985,359,0.25770,216,-0.5644,310,0.01471,285,-0.1250,538,0.97011
ENSG00000170873,MTSS1,36,-0.7546,21,-1.5536,48,-0.3080,39,-0.6176,32,-0.9573,118,1.24899,75,0.43087,95,0.83801
ENSG00000104549,SQLE,37,-1.0675,15,-2.3743,30,-1.3560,83,0.22023,88,0.33163,46,-0.7071,112,0.73510,168,1.50782
ENSG00000164961,WASHC5,11,-2.1656,15,-1.7067,31,-0.6113,56,0.34426,48,0.10989,34,-0.4471,90,1.19833,77,0.92077
ENSG00000153310,FAM49B,29,-1.1300,31,-1.0635,44,-0.5036,80,0.46021,74,0.34717,2,-4.9261,54,-0.1747,169,1.90258
ENSG00000153317,ASAP1,57,-0.3309,53,-0.4531,101,0.60837,76,0.12667,103,0.64596,49,-0.5748,86,0.33769,37,-1.0011
ENSG00000132294,EFR3A,78,-0.1481,18,-2.3613,207,1.58727,107,0.36610,114,0.48350,40,-1.1880,69,-0.3564,53,-0.7746
ENSG00000184156,KCNQ3,22,-1.0634,39,-0.1561,25,-0.8332,189,3.04680,34,-0.3739,28,-0.6637,8,-2.5475,0,-7.3139
ENSG00000129292,PHF20L1,62,0.05488,6,-3.3251,31,-1.0340,17,-1.9460,50,-0.3083,187,2.14335,76,0.38939,52,-0.2419
ENSG00000104419,NDRG1,56,-2.5347,196,-0.6320,43,-2.9124,86,-1.8877,11,-4.8495,386,0.47690,744,1.71920,803,1.88295
ENSG00000169398,PTK2,54,-0.9320,18,-2.5279,92,-0.1025,40,-1.3856,48,-1.1128,221,1.46125,216,1.41402,91,-0.1097
ENSG00000181790,ADGRB1,80,0.64106,39,-0.5210,155,1.93288,48,-0.2118,108,1.18961,1,-5.5368,6,-3.2634,0,-7.1025
ENSG00000180155,LYNX1,86,-0.4708,82,-0.5592,133,0.22975,208,1.01644,231,1.21348,90,-0.3961,36,-1.7906,59,-1.0613
ENSG00000160932,LY6E,67,-0.3399,60,-0.5191,117,0.59146,144,0.95615,213,1.72500,1,-6.1319,38,-1.2048,21,-2.0823
ENSG00000176956,LY6H,181,-0.5372,39,-2.8292,462,1.05377,657,1.75439,647,1.72139,1,-7.7374,8,-5.0200,23,-3.6258
ENSG00000104529,EEF1D,101,-0.8231,171,0.01674,191,0.20227,101,-0.8272,125,-0.4928,150,-0.1918,226,0.49024,288,0.92084
ENSG00000179950,PUF60,59,-0.7663,30,-1.7700,106,0.17578,137,0.61573,99,0.06457,82,-0.2411,86,-0.1619,162,0.91960
ENSG00000185189,NRBP2,65,-1.0633,29,-2.2517,28,-2.3210,67,-1.0243,72,-0.9124,123,-0.0488,209,0.84790,426,2.32420
ENSG00000178209,PLEC,71,0.40498,43,-0.4023,131,1.54178,63,0.21287,89,0.81176,1,-5.5569,24,-1.2973,21,-1.4669
ENSG00000178719,GRINA,225,-0.0914,53,-2.3046,317,0.48584,531,1.43692,418,0.97605,96,-1.4239,100,-1.3567,162,-0.6152
ENSG00000197858,GPAA1,41,-1.1391,19,-2.2943,136,0.82088,69,-0.3153,97,0.22891,45,-0.9927,128,0.71464,139,0.86081
ENSG00000179091,CYC1,126,-0.2054,46,-1.7524,218,0.71471,255,1.00130,277,1.15896,85,-0.8266,10,-4.0226,128,-0.1843
ENSG00000179526,SHARPIN,43,0.30171,9,-2.1040,43,0.30011,24,-0.6797,60,0.85514,12,-1.6711,54,0.66381,45,0.34760
ENSG00000179632,MAF1,50,0.38321,29,-0.4735,38,-0.0868,32,-0.3274,56,0.57303,2,-4.0998,44,0.16232,66,0.87410
ENSG00000179832,MROH1,22,-1.2980,9,-2.6106,87,0.93864,63,0.37159,129,1.71888,71,0.57052,7,-2.9372,15,-1.8502
ENSG00000185122,HSF1,36,0.11675,16,-1.1751,32,-0.0806,39,0.21569,77,1.44992,10,-1.8249,21,-0.7523,40,0.27544
ENSG00000261678,SCRT1,67,1.06471,23,-0.7025,25,-0.5829,10,-1.8893,142,2.71960,1,-4.9547,17,-1.1783,4,-3.1100
ENSG00000160948,VPS28,71,-0.5154,22,-2.2603,214,1.39424,126,0.42074,145,0.66468,13,-3.0525,71,-0.5128,121,0.35054
ENSG00000187954,CYHR1,61,-0.2293,25,-1.5963,114,0.83892,62,-0.1893,124,0.99095,94,0.49498,36,-1.0334,43,-0.7673
ENSG00000161016,RPL8,363,-0.5048,429,-0.2370,767,0.74312,429,-0.2375,338,-0.6203,303,-0.7918,558,0.19392,786,0.78626
ENSG00000182307,C8orf33,37,-0.6644,28,-1.0797,67,0.28352,63,0.17343,61,0.12540,160,1.94114,13,-2.2246,21,-1.4897
ENSG00000181404,WASHC1,34,-1.6437,52,-1.0059,161,0.82574,113,0.21328,172,0.94743,48,-1.1373,92,-0.1246,121,0.33763
ENSG00000080503,SMARCA2,107,0.02655,56,-0.9987,148,0.57977,44,-1.3572,147,0.56236,172,0.84933,75,-0.5325,91,-0.2281
ENSG00000106993,CDC37L1,25,-0.7261,1,-5.3920,22,-0.9344,96,1.57823,69,0.94017,26,-0.6860,69,0.95303,11,-1.9689
ENSG00000147853,AK3,103,0.06900,52,-1.0110,134,0.51818,95,-0.0513,58,-0.8491,163,0.86137,44,-1.2673,140,0.58941
ENSG00000099219,ERMP1,29,-0.7799,1,-4.9711,0,-7.1696,36,-0.4095,35,-0.4604,94,1.21944,51,0.13641,129,1.85795
ENSG00000183354,KIAA2026,54,-0.7002,123,0.64412,57,-0.6147,34,-1.3909,74,-0.2096,190,1.44943,109,0.43852,31,-1.5383
ENSG00000137040,RANBP6,46,-0.6192,22,-1.7514,58,-0.2457,135,1.22033,144,1.33421,65,-0.0615,38,-0.9263,33,-1.1166
ENSG00000137038,DMAC1,58,-0.7676,41,-1.2980,78,-0.3076,180,1.12224,111,0.27173,58,-0.7711,113,0.29241,116,0.34679
ENSG00000153707,PTPRD,59,-2.0027,76,-1.6282,65,-1.8733,36,-2.7378,268,0.35866,497,1.49159,460,1.33646,271,0.37600
ENSG00000107186,MPDZ,30,-1.3689,44,-0.7853,37,-1.0385,15,-2.3424,102,0.60622,105,0.65201,124,0.95340,115,0.80724
ENSG00000147862,NFIB,116,1.17658,47,-0.3816,97,0.84994,0,-8.1246,30,-1.0794,73,0.34284,94,0.79711,17,-1.9257
ENSG00000175893,ZDHHC21,26,-1.1548,4,-3.7188,70,0.42528,72,0.47982,47,-0.2432,135,1.65084,27,-1.0948,53,-0.0422
ENSG00000155158,TTC39B,25,-0.3645,28,-0.1902,15,-1.1942,42,0.43280,111,2.39607,1,-4.7708,19,-0.8404,15,-1.1591
ENSG00000164975,SNAPC3,22,-1.2549,37,-0.4842,35,-0.5477,28,-0.8838,65,0.44437,86,0.93952,51,0.04710,73,0.65418
ENSG00000164985,PSIP1,136,-0.4295,162,-0.1537,277,0.76004,125,-0.5607,186,0.07446,182,0.03908,253,0.59862,100,-0.9112
ENSG00000107295,SH3GL2,58,-0.2577,27,-1.4503,89,0.46530,19,-1.9328,241,2.48725,48,-0.5409,35,-1.0151,23,-1.6827
ENSG00000155876,RRAGA,100,-0.2915,39,-1.7546,187,0.76263,270,1.45715,140,0.26452,60,-1.0764,94,-0.3843,66,-0.9359
ENSG00000137154,RPS6,478,-0.8763,830,0.00222,1025,0.35661,255,-1.8328,373,-1.2610,1091,0.46392,1169,0.58335,1408,0.91558
ENSG00000155886,SLC24A2,37,-2.2651,79,-1.1523,48,-1.9045,108,-0.6570,265,0.83158,308,1.10909,299,1.05582,161,-0.0175
ENSG00000188352,FOCAD,19,-1.3930,18,-1.4966,90,1.15561,61,0.45592,78,0.89523,63,0.50687,21,-1.2083,21,-1.2124
ENSG00000198642,KLHL9,35,-0.5866,12,-2.1571,27,-0.9531,72,0.61117,83,0.86492,117,1.51365,22,-1.2907,33,-0.6601
ENSG00000107105,ELAVL2,194,0.03497,73,-1.4986,201,0.08996,479,1.68617,498,1.76729,29,-2.8577,39,-2.4151,7,-4.9245
ENSG00000120162,MOB3B,8,-3.0360,10,-2.7105,21,-1.6846,5,-3.7630,36,-0.9120,153,1.57764,78,0.34314,197,2.13556
ENSG00000147894,C9orf72,26,-0.5948,19,-1.0680,61,0.82148,91,1.56485,51,0.48673,6,-2.7743,18,-1.1868,32,-0.2864
ENSG00000165264,NDUFB6,57,-1.3439,38,-1.9499,222,0.87345,229,0.92666,170,0.39963,77,-0.8825,175,0.45089,103,-0.4242
ENSG00000086061,DNAJA1,161,-0.8806,98,-1.6477,391,0.56328,620,1.41587,381,0.51882,221,-0.3872,213,-0.4460,159,-0.9060
ENSG00000122692,SMU1,35,-0.7089,16,-1.8899,55,-0.0090,36,-0.6504,88,0.80596,107,1.16473,60,0.14417,42,-0.4277
ENSG00000107262,BAG1,75,-0.2340,45,-1.0274,128,0.67105,126,0.64143,102,0.27048,5,-4.0739,67,-0.4096,143,0.86220
ENSG00000086065,CHMP5,108,-0.1030,39,-1.6534,154,0.49839,164,0.60691,84,-0.4958,150,0.44924,84,-0.5080,134,0.25992
ENSG00000107341,UBE2R2,86,0.07931,30,-1.5791,51,-0.7716,55,-0.6410,87,0.09900,92,0.18134,183,1.43136,73,-0.1817
ENSG00000165006,UBAP1,38,-0.1022,15,-1.5373,45,0.18199,43,0.07974,94,1.49879,18,-1.2840,38,-0.0854,33,-0.3101
ENSG00000164970,FAM219A,76,-0.4189,75,-0.4423,132,0.48801,176,0.99153,150,0.71315,58,-0.8368,46,-1.2004,77,-0.3970
ENSG00000168913,ENHO,442,1.41766,229,0.22487,613,2.11676,54,-2.0257,77,-1.4829,11,-4.2871,88,-1.2847,84,-1.3526
ENSG00000137100,DCTN3,100,0.07829,33,-1.6472,109,0.22218,283,2.03638,100,0.07163,1,-6.3384,53,-0.9198,84,-0.2017
ENSG00000147955,SIGMAR1,34,-0.1755,8,-2.4129,65,0.90495,84,1.39793,41,0.10187,13,-1.6640,18,-1.1874,43,0.21172
ENSG00000187186,AL162231.1,19,-0.9676,22,-0.7257,78,1.39033,48,0.49414,35,-0.0180,1,-4.9236,59,0.87365,22,-0.7826
ENSG00000122733,PHF24,35,-0.2791,27,-0.6890,85,1.26761,60,0.61698,113,1.84538,1,-5.1362,3,-3.7421,7,-2.5502
ENSG00000165280,VCP,103,-0.8702,24,-3.0307,211,0.29109,385,1.38161,246,0.55222,160,-0.1659,144,-0.3429,146,-0.3166
ENSG00000165283,STOML2,27,-1.3338,14,-2.2570,124,1.18576,131,1.28360,129,1.25219,20,-1.7489,2,-4.6655,57,-0.1540
ENSG00000005238,FAM214B,37,-0.4386,13,-2.0597,46,-0.1060,110,1.42054,43,-0.2277,1,-5.3890,79,0.80816,65,0.47325
ENSG00000198853,RUSC2,57,-0.4039,32,-1.2979,47,-0.7244,140,1.12251,161,1.38465,60,-0.3348,58,-0.3996,35,-1.1702
ENSG00000159884,CCDC107,36,-0.2062,31,-0.4252,50,0.35019,61,0.68017,95,1.51322,11,-2.0483,5,-2.9706,37,-0.1739
ENSG00000137076,TLN1,29,-0.4346,22,-0.8601,32,-0.2502,24,-0.7140,18,-1.1571,29,-0.4361,32,-0.2820,117,2.12107
ENSG00000107175,CREB3,20,-1.4769,32,-0.7622,93,1.01778,84,0.83222,71,0.52607,14,-2.0298,45,-0.2301,55,0.10755
ENSG00000070610,GBA2,49,-0.3394,25,-1.3887,60,-0.0299,176,1.98305,155,1.70022,1,-5.6868,1,-5.7022,19,-1.7550
ENSG00000137103,TMEM8B,83,1.14563,34,-0.3609,33,-0.4177,46,0.12597,89,1.27577,4,-3.4263,50,0.27057,3,-3.6632
ENSG00000122705,CLTA,90,-1.4816,67,-1.9140,261,0.19843,417,1.02297,334,0.62028,173,-0.4706,206,-0.1928,305,0.46155
ENSG00000137075,RNF38,46,0.30494,9,-2.1737,41,0.09400,49,0.39992,79,1.25632,39,-0.0031,18,-1.1651,27,-0.5426
ENSG00000137106,GRHPR,57,-0.2929,28,-1.3761,106,0.75506,101,0.66842,56,-0.3157,12,-2.5886,73,0.10045,112,0.85326
ENSG00000175768,TOMM5,39,-1.1531,36,-1.2897,106,0.43796,240,2.00987,96,0.26966,45,-0.9528,40,-1.1210,52,-0.7203
ENSG00000107282,APBA1,36,-0.5493,11,-2.2886,87,0.93428,116,1.48162,143,1.92740,1,-5.2505,0,-7.2842,10,-2.4028
ENSG00000083067,TRPM3,68,0.49610,38,-0.4622,237,3.28698,6,-3.1289,45,-0.2063,1,-5.4274,3,-3.8587,6,-3.0728
ENSG00000107362,ABHD17B,30,-0.7010,18,-1.4841,20,-1.3152,25,-0.9877,10,-2.3765,86,1.06205,69,0.66537,116,1.63892
ENSG00000107372,ZFAND5,166,-0.3127,59,-1.8911,276,0.53681,330,0.85083,300,0.68026,174,-0.2332,171,-0.2597,132,-0.6776
ENSG00000165092,ALDH1A1,47,0.48082,71,1.23008,133,2.60123,0,-7.3697,5,-2.9502,1,-4.9134,0,-6.7519,26,-0.4719
ENSG00000135002,RFK,104,-0.5888,55,-1.5743,225,0.68040,472,2.16449,248,0.85284,38,-2.1358,40,-2.0443,25,-2.7545
ENSG00000106772,PRUNE2,62,-1.5775,56,-1.7253,55,-1.7476,187,0.16533,154,-0.1506,366,1.36992,291,0.93488,184,0.13777
ENSG00000156052,GNAQ,116,-0.8687,90,-1.2510,215,0.12307,188,-0.1019,224,0.19192,326,0.83837,191,-0.0749,249,0.36658
ENSG00000135069,PSAT1,44,-0.4371,44,-0.4450,145,1.66529,0,-8.0905,5,-3.6978,32,-0.9277,100,0.94901,93,0.81027
ENSG00000106829,TLE4,16,-1.9644,6,-3.4108,14,-2.1576,6,-3.2535,58,-0.0118,128,1.38498,148,1.67692,92,0.77347
ENSG00000135018,UBQLN1,57,-1.2243,29,-2.2309,116,-0.1152,230,1.06411,187,0.68527,114,-0.1435,149,0.29018,116,-0.1183
ENSG00000165119,HNRNPK,243,-0.4583,110,-1.6711,521,0.82402,362,0.19393,375,0.25194,388,0.30893,185,-0.8831,394,0.33788
ENSG00000148053,NTRK2,553,1.17132,241,-0.2678,677,1.57137,308,0.13554,267,-0.1028,70,-2.1585,121,-1.3384,34,-3.2336
ENSG00000135049,AGTPBP1,20,-2.4320,60,-0.7881,31,-1.7812,117,0.29275,42,-1.3385,309,2.18695,92,-0.0999,112,0.23299
ENSG00000135052,GOLM1,77,-0.2307,47,-1.0030,155,0.96157,69,-0.4192,107,0.30645,20,-2.2589,147,0.86331,89,0.00477
ENSG00000135070,ISCA1,89,-0.1694,20,-2.4333,149,0.69668,179,1.03129,162,0.84799,34,-1.6395,60,-0.8048,98,-0.0192
ENSG00000135047,CTSL,33,-0.8886,9,-2.7985,88,0.69342,114,1.15138,34,-0.8831,140,1.55596,10,-2.6027,42,-0.5474
ENSG00000106723,SPIN1,47,-1.3650,46,-1.3935,283,1.69128,73,-0.6718,167,0.68513,152,0.51431,33,-1.8641,93,-0.3014
ENSG00000187764,SEMA4D,55,-2.9516,101,-2.0693,20,-4.3785,84,-2.3429,82,-2.3648,771,1.23061,732,1.13174,1223,2.21206
ENSG00000165023,DIRAS2,47,-0.2035,4,-3.6084,132,1.65265,27,-1.0627,124,1.51890,1,-5.4939,32,-0.8065,57,0.12712
ENSG00000148090,AUH,38,-0.6082,15,-1.9707,69,0.38443,148,1.81991,85,0.73112,15,-1.9647,8,-2.9409,62,0.20590
ENSG00000090054,SPTLC1,42,-0.9291,22,-1.8805,104,0.55161,81,0.13745,114,0.70704,125,0.87287,21,-1.9803,92,0.33315
ENSG00000196305,IARS,53,-0.2514,35,-0.8850,37,-0.8223,173,1.90474,126,1.25437,18,-1.8546,45,-0.5036,7,-3.3215
ENSG00000165238,WNK2,50,-0.1515,9,-2.7094,143,1.73746,58,0.08621,145,1.77149,26,-1.1699,7,-2.9791,2,-4.8303
ENSG00000188938,FAM120AOS,57,0.75597,20,-0.9669,59,0.82204,24,-0.6646,57,0.76104,1,-4.9495,67,1.07083,6,-2.6086
ENSG00000048828,FAM120A,44,-0.6046,13,-2.3503,68,0.10422,46,-0.5171,48,-0.4605,91,0.60524,89,0.56478,110,0.94726
ENSG00000130956,HABP4,109,-0.5270,76,-1.0935,215,0.59138,174,0.22737,214,0.58374,135,-0.1858,144,-0.0816,145,-0.0700
ENSG00000136938,ANP32B,102,-1.1433,416,1.20339,58,-1.9854,24,-3.2582,58,-1.9782,475,1.46024,293,0.56346,253,0.31299
ENSG00000136928,GABBR2,68,-0.4230,48,-0.9914,111,0.36244,74,-0.3018,369,2.90112,1,-6.2392,31,-1.6125,10,-3.2399
ENSG00000106803,SEC61B,16,-2.2688,21,-1.9231,81,0.19828,100,0.54727,33,-1.2114,72,0.00525,152,1.31103,102,0.58206
ENSG00000241697,TMEFF1,58,-0.8877,37,-1.5422,82,-0.3396,293,1.98842,75,-0.4871,41,-1.4234,80,-0.3710,142,0.57845
ENSG00000165152,TMEM246,59,-1.2127,26,-2.4107,145,0.22029,350,1.88287,281,1.42240,33,-2.0822,42,-1.7260,78,-0.7736
ENSG00000155827,RNF20,30,-0.8953,65,0.32774,33,-0.7655,29,-0.9477,64,0.30836,58,0.11955,79,0.65384,69,0.43635
ENSG00000136783,NIPSNAP3A,21,-1.1510,32,-0.4839,12,-2.0059,69,0.77116,27,-0.7649,61,0.56145,77,0.96278,52,0.27131
ENSG00000070214,SLC44A1,61,-2.9938,126,-1.9291,35,-3.7854,26,-4.2245,27,-4.1611,1371,2.17181,949,1.38009,903,1.28179
ENSG00000106701,FSD1L,43,-0.3538,6,-3.2063,25,-1.1755,92,0.91754,61,0.20362,111,1.26683,47,-0.2205,46,-0.2700
ENSG00000148143,ZNF462,16,-1.8932,47,-0.3168,28,-1.1001,19,-1.6767,34,-0.7930,176,2.12437,83,0.63976,51,-0.1682
ENSG00000119318,RAD23B,87,-0.1998,40,-1.4093,128,0.44720,154,0.76199,208,1.32923,5,-4.4503,96,-0.0409,69,-0.5707
ENSG00000070061,ELP1,35,-0.8662,30,-1.1062,38,-0.7392,98,0.83968,131,1.38359,101,0.89032,9,-2.7870,39,-0.6872
ENSG00000106771,TMEM245,95,-0.3277,80,-0.6042,51,-1.2917,103,-0.1991,174,0.68070,173,0.67550,97,-0.3006,159,0.52057
ENSG00000260230,FRRS1L,135,-0.0255,59,-1.3289,274,1.21365,164,0.29720,332,1.59173,67,-1.1414,35,-2.1067,34,-2.1577
ENSG00000157654,PALM2-AKAP2,99,0.28038,20,-2.1869,76,-0.1519,102,0.32890,188,1.44347,114,0.51818,48,-0.8686,22,-2.0456
ENSG00000136810,TXN,81,-1.0097,25,-2.7618,188,0.34126,446,1.99587,115,-0.4680,59,-1.4778,50,-1.7431,262,0.92681
ENSG00000198121,LPAR1,55,-1.4237,170,0.36565,30,-2.3163,9,-3.9734,42,-1.8331,252,1.06999,223,0.84566,310,1.47005
ENSG00000136813,ECPAS,66,-0.1536,16,-2.2984,69,-0.0909,153,1.31196,117,0.80656,63,-0.2385,53,-0.5246,46,-0.7234
ENSG00000173258,ZNF483,197,-0.5766,103,-1.5744,500,0.99842,153,-0.9692,536,1.12733,379,0.50220,205,-0.5075,178,-0.7295
ENSG00000242616,GNG10,44,-0.8630,30,-1.4055,157,1.29828,118,0.76433,50,-0.6532,83,0.16857,41,-0.9460,78,0.06603
ENSG00000136867,SLC31A2,0,-7.8418,19,-1.7697,0,-7.5550,8,-2.9814,0,-8.1653,92,0.70209,125,1.25326,245,2.79308
ENSG00000148218,ALAD,61,-0.1791,52,-0.4190,70,0.04644,48,-0.5566,61,-0.1745,60,-0.2076,90,0.47159,101,0.68298
ENSG00000138835,RGS3,25,-0.9087,3,-4.0107,13,-1.9156,108,1.60378,54,0.33665,60,0.51580,57,0.41498,35,-0.3813
ENSG00000136888,ATP6V1G1,93,-0.8244,41,-2.0415,308,1.19501,466,2.05681,214,0.53731,1,-7.0317,69,-1.2886,55,-1.6170
ENSG00000041982,TNC,81,1.26220,7,-2.5135,39,-0.0269,142,2.47496,40,0.00874,1,-5.0780,7,-2.5445,0,-7.1860
ENSG00000078725,BRINP1,35,-0.0832,19,-0.9977,11,-1.8504,104,1.93666,91,1.63825,30,-0.3380,2,-4.1515,1,-4.7051
ENSG00000106780,MEGF9,43,-0.4331,3,-4.2101,75,0.48069,105,1.09597,54,-0.0535,22,-1.4143,92,0.85556,53,-0.0773
ENSG00000119396,RAB14,77,-1.1668,49,-1.8509,175,0.13160,159,-0.0227,201,0.36328,251,0.75032,97,-0.8065,283,0.97276
ENSG00000148180,GSN,92,-2.3770,224,-1.0458,121,-1.9775,16,-4.9310,41,-3.5638,805,1.08189,958,1.41891,1207,1.90367
ENSG00000148175,STOM,113,0.81395,60,-0.2541,213,2.09132,18,-2.0387,22,-1.8015,4,-4.3135,14,-2.4551,117,0.88194
ENSG00000119421,NDUFA8,64,-0.8058,61,-0.8739,183,0.94914,169,0.80909,201,1.12462,24,-2.2786,39,-1.5570,104,-0.0218
ENSG00000119446,RBM18,37,0.05646,12,-1.6241,49,0.52327,60,0.88753,52,0.63626,1,-4.9172,48,0.49831,26,-0.4841
ENSG00000056586,RC3H2,16,-1.6202,26,-0.9251,102,1.39387,39,-0.2760,50,0.12669,22,-1.1445,73,0.78247,42,-0.1469
ENSG00000011454,RABGAP1,53,-1.1838,40,-1.6115,147,0.46090,104,-0.1198,164,0.65847,159,0.59982,176,0.77802,51,-1.2428
ENSG00000136930,PSMB7,75,-0.8705,66,-1.0537,150,0.24988,326,1.68238,150,0.24599,32,-2.1574,73,-0.9087,162,0.38209
ENSG00000136942,RPL35,596,-0.1709,554,-0.2900,1024,0.74709,480,-0.5163,417,-0.7406,428,-0.6986,850,0.42123,944,0.60335
ENSG00000136950,ARPC5L,36,-0.9439,22,-1.6964,63,-0.0697,170,1.73919,99,0.70232,80,0.33762,26,-1.4205,28,-1.3306
ENSG00000119414,PPP6C,27,-1.2389,13,-2.2969,91,0.69209,61,0.00858,46,-0.4486,35,-0.8696,97,0.81175,113,1.09446
ENSG00000044574,HSPA5,107,-1.1261,98,-1.2638,320,0.64370,362,0.86481,382,0.96380,273,0.36607,131,-0.8229,79,-1.5875
ENSG00000165219,GAPVD1,25,-0.9288,31,-0.6074,47,0.06698,22,-1.1199,63,0.55503,52,0.22720,85,1.09818,37,-0.3358
ENSG00000119487,MAPKAP1,37,0.00492,11,-1.8839,91,1.65166,42,0.21597,53,0.60856,1,-4.9641,8,-2.3641,51,0.56868
ENSG00000167081,PBX3,52,-0.9346,5,-4.2161,123,0.45202,106,0.21242,60,-0.7059,211,1.44735,102,0.14398,90,-0.0653
ENSG00000196814,MVB12B,31,-1.8747,40,-1.5136,17,-2.7248,20,-2.5280,34,-1.7306,59,-0.8939,378,2.51932,257,1.63020
ENSG00000197958,RPL12,138,-1.4123,292,-0.2430,462,0.52415,129,-1.5084,86,-2.1215,552,0.84131,366,0.12775,685,1.24179
ENSG00000148356,LRSAM1,32,-0.3089,7,-2.6290,50,0.42754,76,1.19610,63,0.83247,28,-0.5046,28,-0.5282,25,-0.6801
ENSG00000136854,STXBP1,309,-0.5014,130,-1.8326,538,0.41301,1019,1.60182,1125,1.81118,74,-2.6577,51,-3.2005,121,-1.9295
ENSG00000106992,AK1,102,0.07675,62,-0.7231,161,0.86559,101,0.07343,181,1.08566,47,-1.1438,18,-2.5767,105,0.13306
ENSG00000160408,ST6GALNAC6,36,-0.6330,37,-0.5891,147,1.82902,67,0.34072,89,0.85504,20,-1.5105,28,-1.0590,9,-2.6803
ENSG00000167106,FAM102A,20,-2.2840,21,-2.2670,45,-1.1105,78,-0.2506,34,-1.5290,133,0.64098,224,1.62633,174,1.12863
ENSG00000148339,SLC25A25,31,-0.4226,3,-3.8440,80,1.20475,70,0.94579,83,1.28529,44,0.16723,0,-6.9535,10,-2.0804
ENSG00000148334,PTGES2,108,0.51552,30,-1.5227,176,1.40416,118,0.67041,139,0.95903,1,-6.0810,13,-2.7454,53,-0.6559
ENSG00000171159,C9orf16,98,-0.0917,57,-0.9482,166,0.80573,232,1.43360,118,0.20521,26,-2.1182,54,-1.0390,80,-0.4223
ENSG00000106976,DNM1,289,-0.3292,89,-2.1277,562,0.79577,707,1.22304,1053,2.05374,9,-5.3424,54,-2.8697,63,-2.6359
ENSG00000167110,GOLGA2,69,0.06772,38,-0.8782,30,-1.2250,62,-0.0897,163,1.64145,85,0.42938,45,-0.6002,35,-1.0162
ENSG00000167112,TRUB2,55,0.08511,50,-0.0892,35,-0.6196,107,1.25703,98,1.09458,1,-5.4777,34,-0.6792,38,-0.5032
ENSG00000167113,COQ4,21,-1.5543,16,-1.9269,98,0.94772,32,-0.8780,105,1.07814,90,0.80251,6,-3.3569,83,0.66159
ENSG00000167114,SLC27A4,53,-0.5514,28,-1.5270,57,-0.4304,194,1.75329,163,1.40014,4,-4.3732,17,-2.2168,79,0.09750
ENSG00000167118,URM1,34,-0.6284,21,-1.3233,50,0.01604,45,-0.1560,47,-0.1090,39,-0.4019,55,0.16708,108,1.36348
ENSG00000207955,AL359091.1,23,-1.4824,33,-0.9823,0,-7.5466,0,-8.0370,11,-2.6104,169,1.88176,50,-0.3295,202,2.29890
ENSG00000167123,CERCAM,13,-3.3074,35,-1.8640,67,-0.8777,38,-1.7168,40,-1.6535,100,-0.2339,254,1.40177,379,2.27297
ENSG00000197694,SPTAN1,234,-0.7300,183,-1.1069,494,0.49502,658,1.00791,858,1.52049,305,-0.3066,120,-1.7531,96,-2.0728
ENSG00000119335,SET,141,-0.6523,230,0.13484,186,-0.2099,142,-0.6403,272,0.41743,259,0.33867,156,-0.4907,308,0.63618
ENSG00000160445,ZER1,71,-0.3598,31,-1.6205,230,1.75517,132,0.68406,174,1.19532,6,-3.9015,4,-4.3657,57,-0.7052
ENSG00000107021,TBC1D13,50,0.75344,5,-2.6967,30,-0.1105,64,1.21682,59,1.07514,2,-3.7027,38,0.30824,6,-2.4366
ENSG00000136802,LRRC8A,109,0.17280,43,-1.3026,165,0.88830,223,1.46703,171,0.95829,42,-1.3432,26,-2.0525,8,-3.7578
ENSG00000148341,SH3GLB2,73,-0.4456,62,-0.6927,106,0.16527,189,1.18728,119,0.35372,2,-5.3533,18,-2.5753,200,1.29125
ENSG00000148343,MIGA2,32,-0.4493,10,-2.1597,49,0.23419,49,0.20911,103,1.57153,25,-0.8299,31,-0.4974,43,-0.0081
ENSG00000095321,CRAT,40,-0.0958,19,-1.2143,53,0.38339,123,1.98654,70,0.86332,1,-5.1671,30,-0.5504,2,-4.4669
ENSG00000119383,PTPA,71,-0.7851,43,-1.5539,220,1.11288,164,0.58379,240,1.27687,1,-6.6229,94,-0.3474,98,-0.2823
ENSG00000136819,C9orf78,116,0.38209,43,-1.2187,76,-0.3125,59,-0.7189,93,0.01473,61,-0.6548,221,1.56753,71,-0.4376
ENSG00000136878,USP20,33,-0.3721,11,-2.0808,71,0.92251,68,0.83553,121,1.98708,1,-5.1477,0,-7.0072,28,-0.6205
ENSG00000187239,FNBP1,36,-2.0169,40,-1.8641,36,-2.0128,54,-1.4120,73,-0.9520,418,2.17269,221,0.87183,187,0.57270
ENSG00000148358,GPR107,19,-1.7672,18,-1.8105,92,0.72057,87,0.62768,31,-1.0608,61,0.01877,82,0.51688,91,0.70591
ENSG00000107130,NCS1,146,0.01399,55,-1.5050,245,0.90585,337,1.51753,240,0.86883,36,-2.1542,31,-2.3548,69,-1.1771
ENSG00000130707,ASS1,60,-0.6410,8,-3.6604,104,0.24017,475,3.73675,66,-0.5027,1,-6.2553,0,-8.1145,7,-3.7014
ENSG00000107164,FUBP3,38,-0.1525,23,-0.9683,33,-0.3945,9,-2.3404,16,-1.4750,67,0.79343,43,0.01993,108,1.71164
ENSG00000097007,ABL1,44,0.19141,16,-1.3877,10,-2.0276,19,-1.1408,11,-1.9197,33,-0.2604,43,0.16642,136,2.41354
ENSG00000126878,AIF1L,48,-1.7805,88,-0.8685,53,-1.6401,0,-7.4709,35,-2.2365,110,-0.5176,465,2.12194,412,1.84601
ENSG00000130723,PRRC2B,154,0.28541,64,-1.1148,102,-0.3800,101,-0.3980,161,0.35690,211,0.83842,132,0.02534,112,-0.2379
ENSG00000130717,UCK1,30,-0.1695,30,-0.2029,59,0.97952,51,0.72051,35,0.07799,1,-4.8404,29,-0.2194,33,-0.0496
ENSG00000107263,RAPGEF1,90,1.49133,24,-0.7461,47,0.31118,50,0.40471,70,1.00257,1,-5.0536,9,-2.1506,21,-0.9836
ENSG00000107290,SETX,27,-1.6871,34,-1.3301,34,-1.3123,8,-3.4648,49,-0.7770,273,2.39001,118,0.67505,93,0.25591
ENSG00000165699,TSC1,15,-1.5856,19,-1.2907,69,0.80595,45,0.06759,68,0.77314,52,0.33063,41,-0.0752,35,-0.3401
ENSG00000160271,RALGDS,55,-0.4923,43,-0.8732,47,-0.7438,20,-2.0081,57,-0.4423,21,-1.9483,182,1.59796,175,1.51450
ENSG00000148303,RPL7A,252,-1.1444,393,-0.4539,690,0.47471,378,-0.5165,438,-0.2812,513,-0.0234,549,0.08922,950,1.04847
ENSG00000148290,SURF1,24,-0.7177,26,-0.5950,69,1.03895,61,0.82270,34,-0.1624,1,-4.7064,16,-1.2811,70,1.07131
ENSG00000148248,SURF4,41,-0.8731,18,-2.1125,114,0.82164,121,0.92236,76,0.12349,11,-2.8263,68,-0.0491,116,0.85461
ENSG00000160326,SLC2A6,37,-0.6499,9,-2.7133,30,-0.9822,220,2.72196,106,1.09561,5,-3.5625,17,-1.8689,26,-1.1849
ENSG00000123454,DBH,29,-3.1169,36,-2.7955,33,-2.9362,1686,6.44428,0,-10.117,16,-4.0048,9,-4.7904,10,-4.6555
ENSG00000235106,BRD3OS,41,0.39791,9,-1.9135,54,0.89788,32,-0.0003,66,1.25275,1,-4.7781,20,-0.7329,34,0.08461
ENSG00000169925,BRD3,48,0.42905,34,-0.1323,45,0.28899,15,-1.4239,24,-0.7029,8,-2.2729,60,0.80427,65,0.94054
ENSG00000130558,OLFM1,133,-0.2958,36,-2.2738,455,1.95783,140,-0.2118,368,1.50495,79,-1.1063,23,-2.9481,40,-2.1356
ENSG00000130559,CAMSAP1,33,-0.3306,11,-1.9298,48,0.31026,61,0.69605,51,0.38793,8,-2.4951,80,1.19386,30,-0.4460
ENSG00000130560,UBAC1,26,-0.4739,20,-0.8977,57,0.82228,36,0.04054,52,0.64677,1,-4.9172,40,0.19395,51,0.59816
ENSG00000148411,NACC2,87,-0.9809,84,-1.0263,113,-0.5733,30,-2.5762,80,-1.1123,373,1.50770,288,1.00752,235,0.63916
ENSG00000165688,PMPCA,26,-0.9827,16,-1.7392,41,-0.2606,78,0.81194,93,1.13464,71,0.65471,22,-1.2007,40,-0.3055
ENSG00000148396,SEC16A,34,-0.3601,9,-2.3530,75,0.98285,21,-1.1109,51,0.29982,58,0.53039,62,0.65837,29,-0.6051
ENSG00000172889,EGFL7,143,0.30132,42,-1.6340,178,0.67807,281,1.54378,141,0.27341,99,-0.3009,42,-1.6079,29,-2.1927
ENSG00000165716,DIPK1B,57,-0.0573,17,-1.9047,90,0.71363,126,1.33342,159,1.82116,1,-5.6493,6,-3.4199,17,-1.9131
ENSG00000233016,SNHG7,23,-0.8284,20,-1.0725,51,0.44570,100,1.71892,53,0.53346,1,-5.0504,16,-1.3675,47,0.31743
ENSG00000244187,TMEM141,37,-1.0096,41,-0.8863,29,-1.3715,201,1.92717,64,-0.1708,24,-1.6594,57,-0.3473,115,0.81467
ENSG00000196642,RABL6,127,0.48451,79,-0.2966,79,-0.3030,44,-1.1949,124,0.44731,85,-0.1844,119,0.36637,104,0.14608
ENSG00000054148,PHPT1,77,-1.0189,107,-0.5088,148,0.01196,122,-0.3014,145,-0.0247,76,-1.0539,170,0.23469,333,1.45696
ENSG00000107223,EDF1,160,-0.8273,104,-1.4823,452,0.90186,480,1.01208,249,-0.1204,49,-2.5986,126,-1.1948,525,1.18022
ENSG00000159069,FBXW5,54,-0.6219,50,-0.7361,110,0.53967,126,0.78552,146,1.05381,58,-0.5046,35,-1.2935,58,-0.5087
ENSG00000107317,PTGDS,1485,-0.0234,859,-0.8961,2230,0.66787,172,-3.3011,280,-2.5825,1103,-0.5042,2051,0.52077,3874,1.72862
ENSG00000148362,PAXX,57,-0.1709,31,-1.1173,70,0.14775,65,0.04886,65,0.04878,37,-0.8634,61,-0.0737,122,1.13775
ENSG00000107331,ABCA2,66,-2.6505,130,-1.6534,92,-2.1725,141,-1.5241,180,-1.1572,428,0.22642,613,0.85066,1342,2.50642
ENSG00000107281,NPDC1,169,-0.4559,55,-2.1672,358,0.79957,450,1.22376,364,0.82825,59,-2.0629,96,-1.3362,245,0.14727
ENSG00000177239,MAN1B1,57,0.01125,18,-1.7693,84,0.67945,137,1.59839,67,0.29469,1,-5.5842,5,-3.5075,82,0.63235
ENSG00000176978,DPP7,71,-0.0505,40,-0.9698,145,1.18640,119,0.81594,103,0.56163,4,-4.1569,40,-0.9755,67,-0.1410
ENSG00000176884,GRIN1,339,0.34203,61,-2.3307,445,0.81862,317,0.23359,970,2.45213,22,-3.8041,28,-3.4733,27,-3.5044
ENSG00000176101,SSNA1,25,-0.7835,7,-2.7147,31,-0.4511,69,0.85893,49,0.28095,1,-5.1481,63,0.70294,87,1.30652
ENSG00000176058,TPRN,63,0.86216,12,-1.7678,15,-1.4219,37,-0.0199,43,0.20942,12,-1.7805,29,-0.4133,92,1.59130
ENSG00000187713,TMEM203,52,0.42039,5,-3.1614,65,0.81998,53,0.47265,52,0.43855,65,0.81067,16,-1.4041,14,-1.6633
ENSG00000212864,RNF208,70,0.15971,24,-1.5245,128,1.21647,89,0.55084,160,1.66118,1,-5.7610,26,-1.4087,14,-2.3161
ENSG00000188229,TUBB4B,186,-1.0084,38,-3.3652,620,0.98531,1122,2.21798,554,0.78024,88,-2.1376,45,-3.1291,156,-1.2742
ENSG00000188986,NELFB,59,0.22363,23,-1.2557,47,-0.1575,43,-0.2923,53,0.02887,42,-0.3322,93,1.01782,54,0.05348
ENSG00000165802,NSMF,128,1.12878,41,-0.7667,100,0.68461,103,0.72959,96,0.60326,1,-5.8266,56,-0.2981,11,-2.7121
ENSG00000182154,MRPL41,152,-0.0599,99,-0.7330,239,0.71418,187,0.28944,202,0.41878,134,-0.2624,69,-1.3031,177,0.19231
ENSG00000148408,CACNA1B,45,-0.3444,6,-3.2050,69,0.36093,105,1.09470,97,0.95393,58,0.05842,16,-1.9030,50,-0.1830
ENSG00000015171,ZMYND11,47,-1.0642,61,-0.6751,102,0.16210,65,-0.5721,49,-1.0007,114,0.34335,198,1.34335,105,0.21619
ENSG00000151240,DIP2C,14,-1.6659,10,-2.2021,65,0.75132,40,-0.0808,63,0.71326,1,-5.1440,115,1.86694,26,-0.7642
ENSG00000107929,LARP4B,17,-1.2578,22,-0.8755,40,0.03479,70,1.01814,52,0.47163,31,-0.3493,27,-0.5932,52,0.48529
ENSG00000067064,IDI1,107,-0.9516,104,-0.9909,213,0.15101,436,1.44105,215,0.16207,164,-0.2768,104,-0.9893,214,0.15654
ENSG00000185736,ADARB2,24,-0.6813,25,-0.6105,9,-2.1014,0,-6.1058,58,0.78309,4,-3.3261,94,1.72718,78,1.34221
ENSG00000067057,PFKP,129,-0.8424,64,-1.8984,409,1.09254,779,2.48892,282,0.42973,23,-3.4249,22,-3.4687,41,-2.5684
ENSG00000107959,PITRM1,47,-0.4246,44,-0.5497,86,0.56028,142,1.49564,90,0.63964,1,-5.7050,49,-0.3649,34,-0.9445
ENSG00000173848,NET1,31,-0.8422,45,-0.2712,49,-0.1399,38,-0.5488,32,-0.8320,109,1.25270,95,0.99438,28,-0.9963
ENSG00000057608,GDI2,88,-1.0474,52,-1.8547,172,0.01469,348,1.25499,183,0.11722,70,-1.3955,143,-0.2859,310,1.03487
ENSG00000134453,RBM17,64,-0.2896,34,-1.2751,90,0.28321,22,-1.9238,52,-0.6256,181,1.55085,90,0.27645,78,0.03825
ENSG00000170525,PFKFB3,78,0.83606,37,-0.4271,87,1.04157,74,0.75634,40,-0.2715,42,-0.1983,17,-1.5510,6,-3.1280
ENSG00000165629,ATP5F1C,51,-1.3952,49,-1.4691,206,0.86065,242,1.15817,228,1.05058,47,-1.5129,42,-1.6861,133,0.10497
ENSG00000165632,TAF3,69,0.71359,101,1.43714,4,-3.3952,15,-1.6396,75,0.86054,35,-0.4103,39,-0.2501,23,-1.0684
ENSG00000048740,CELF2,84,0.67777,58,0.05245,67,0.27767,21,-1.4971,141,1.65491,42,-0.4875,27,-1.1639,12,-2.3923
ENSG00000151461,UPF2,56,0.56133,51,0.39950,22,-0.9702,11,-1.9960,61,0.68594,36,-0.1852,70,0.95005,16,-1.4402
ENSG00000065665,SEC61A2,47,-0.6518,24,-1.6976,63,-0.1907,141,1.18687,70,-0.0260,8,-3.1953,103,0.62170,114,0.80034
ENSG00000151465,CDC123,58,0.30233,3,-3.9364,73,0.71061,60,0.37947,43,-0.1700,96,1.19801,5,-3.2927,47,-0.0549
ENSG00000123240,OPTN,182,-0.6595,228,-0.3039,159,-0.8647,547,1.21472,345,0.38478,360,0.45902,198,-0.5228,175,-0.7197
ENSG00000065809,FAM107B,33,-2.7461,61,-1.8412,13,-4.1050,0,-9.8692,7,-4.9008,673,2.34719,454,1.47359,356,1.00392
ENSG00000176244,ACBD7,108,1.21633,55,0.04671,212,2.75142,2,-4.5557,18,-1.6488,1,-5.5162,0,-7.3682,34,-0.7497
ENSG00000148468,FAM171A1,80,-1.7997,75,-1.9038,90,-1.6201,129,-1.0805,234,-0.1447,370,0.62856,474,1.08155,590,1.50608
ENSG00000148481,MINDY3,33,-0.4613,6,-3.0113,83,1.10451,47,0.11164,55,0.37558,19,-1.3376,83,1.10737,26,-0.8240
ENSG00000026025,VIM,73,-0.2981,63,-0.5255,197,1.44720,0,-7.0108,12,-2.9760,173,1.19511,3,-4.8025,179,1.25895
ENSG00000136738,STAM,16,-1.6762,5,-3.1982,56,0.24444,101,1.29687,76,0.76762,25,-1.0228,42,-0.2301,65,0.49358
ENSG00000078114,NEBL,183,0.52264,105,-0.4010,299,1.43403,165,0.34390,152,0.21086,42,-1.7987,91,-0.6157,36,-2.0428
ENSG00000168283,BMI1,7,-3.0936,1,-5.4572,110,1.18049,18,-1.7771,38,-0.5998,146,1.74542,49,-0.2079,79,0.57649
ENSG00000150867,PIP4K2A,25,-4.1325,178,-1.2236,40,-3.4463,38,-3.4869,31,-3.7976,1040,1.82306,774,1.22208,969,1.67234
ENSG00000148450,MSRB2,47,-0.7912,69,-0.1754,163,1.33543,81,0.08928,61,-0.3737,13,-2.6662,106,0.54106,74,-0.0515
ENSG00000107863,ARHGAP21,103,-1.8979,175,-1.0997,88,-2.1306,81,-2.2507,78,-2.3139,1290,2.57326,656,1.09659,332,-0.0891
ENSG00000151025,GPR158,46,-0.2504,9,-2.6210,46,-0.2356,75,0.57463,84,0.77958,78,0.63961,39,-0.5056,50,-0.1218
ENSG00000136750,GAD2,123,0.15182,11,-3.5037,392,2.42340,0,-9.0462,243,1.36459,94,-0.2833,34,-1.8452,3,-5.0668
ENSG00000136754,ABI1,55,0.22807,19,-1.4795,121,1.66167,52,0.11221,16,-1.6825,82,0.89735,1,-5.0298,41,-0.2726
ENSG00000136758,YME1L1,55,-0.8486,20,-2.3599,149,0.80698,70,-0.4714,75,-0.3419,265,1.94000,30,-1.7347,82,-0.2157
ENSG00000107897,ACBD5,66,-0.1342,45,-0.7589,73,0.02184,78,0.13893,80,0.16936,25,-1.6283,144,1.22103,64,-0.1798
ENSG00000099246,RAB18,143,-0.2118,48,-1.8824,164,0.01791,278,0.92633,234,0.62163,171,0.08345,127,-0.3993,135,-0.3054
ENSG00000095787,WAC,119,-0.2374,105,-0.4399,155,0.18756,133,-0.0648,120,-0.2252,150,0.13731,159,0.23716,163,0.27929
ENSG00000148516,ZEB1,39,-0.7504,69,0.16323,57,-0.1316,48,-0.4232,48,-0.4244,195,2.16576,24,-1.4674,18,-1.9256
ENSG00000165322,ARHGAP12,53,-1.4746,30,-2.3153,120,-0.2089,106,-0.4094,132,-0.0501,346,1.69669,116,-0.2598,187,0.53747
ENSG00000170759,KIF5B,105,-2.1151,416,0.02058,103,-2.1358,115,-1.9704,103,-2.1400,1261,2.12271,938,1.48125,246,-0.8212
ENSG00000150093,ITGB1,47,-1.7818,63,-1.3590,96,-0.7090,223,0.68212,35,-2.2489,267,1.00658,141,-0.0944,324,1.37477
ENSG00000108094,CUL2,29,-0.8166,7,-2.7697,33,-0.6074,80,0.87524,72,0.69574,110,1.49028,29,-0.7833,23,-1.1585
ENSG00000108100,CCNY,64,-0.7824,24,-2.2655,59,-0.8879,148,0.60201,85,-0.3205,75,-0.5289,216,1.28891,161,0.74448
ENSG00000175395,ZNF25,40,-0.7130,13,-2.3387,63,-0.0154,67,0.10456,136,1.36096,79,0.37318,60,-0.0914,47,-0.4855
ENSG00000075407,ZNF37A,27,-0.9447,49,0.00497,11,-2.3140,27,-0.9512,52,0.09777,129,1.75911,27,-0.9535,72,0.63489
ENSG00000165733,BMS1,19,-1.0331,36,-0.0639,72,1.14243,44,0.26941,60,0.82351,1,-4.8875,17,-1.1765,48,0.43447
ENSG00000169740,ZNF32,15,-1.5180,29,-0.5105,73,1.05844,56,0.60203,58,0.64002,1,-5.0701,29,-0.4866,55,0.57042
ENSG00000107551,RASSF4,45,-0.1467,18,-1.5588,110,1.42560,12,-2.1216,70,0.59810,1,-5.3855,98,1.21617,39,-0.3632
ENSG00000265354,TIMM23,62,0.67093,10,-2.1050,52,0.37278,144,2.38352,42,0.01634,1,-5.1524,3,-3.9749,20,-1.1589
ENSG00000266412,NCOA4,85,-0.7053,52,-1.4501,216,0.85566,121,-0.1355,188,0.60781,171,0.44037,82,-0.7515,137,0.06342
ENSG00000107643,MAPK8,31,-0.8438,18,-1.6233,50,-0.0904,82,0.75259,78,0.66063,65,0.35185,80,0.69240,18,-1.6448
ENSG00000187714,SLC18A3,23,-1.2439,25,-1.1456,3,-4.3080,336,4.79877,7,-2.9016,7,-2.9716,11,-2.3233,4,-3.5732
ENSG00000197444,OGDHL,117,0.01565,41,-1.6207,144,0.36659,320,1.87821,281,1.60026,1,-6.6174,11,-3.5130,12,-3.3838
ENSG00000122873,CISD1,113,-0.6665,38,-2.3249,241,0.56919,255,0.67050,403,1.53188,133,-0.4121,95,-0.9491,98,-0.8938
ENSG00000237949,LINC00844,141,0.92904,102,0.37073,118,0.61199,0,-8.5928,18,-2.2949,4,-4.4751,166,1.23804,108,0.45710
ENSG00000165443,PHYHIPL,132,-0.4749,16,-3.6364,363,1.26439,357,1.23535,200,0.20230,135,-0.4393,101,-0.8997,114,-0.7033
ENSG00000148541,FAM13C,19,-2.0365,26,-1.6148,18,-2.1518,35,-1.1535,37,-1.0704,210,1.97440,137,1.10912,100,0.53503
ENSG00000108091,CCDC6,39,-0.6773,46,-0.4216,85,0.61330,81,0.53084,117,1.18244,58,-0.0469,36,-0.7805,13,-2.3054
ENSG00000151150,ANK3,69,-1.8953,161,-0.5978,137,-0.8564,129,-0.9441,171,-0.5045,721,2.12964,378,0.82308,106,-1.2512
ENSG00000138311,ZNF365,10,-2.4843,17,-1.7018,8,-2.7488,52,-0.0250,56,0.08705,107,1.22675,112,1.31981,61,0.23498
ENSG00000181915,ADO,16,-2.0369,23,-1.5449,0,-7.5215,34,-0.9631,51,-0.3361,57,-0.1366,121,1.15323,197,2.17931
ENSG00000171988,JMJD1C,26,-1.9233,60,-0.6580,63,-0.5708,22,-2.1652,50,-0.9414,393,3.05451,51,-0.9121,57,-0.7248
ENSG00000165476,REEP3,14,-3.1824,10,-3.6190,50,-1.3103,8,-3.8903,1,-6.6566,358,2.13073,278,1.57662,208,1.01438
ENSG00000183230,CTNNA3,10,-3.0367,34,-1.3342,0,-7.9284,0,-8.5436,0,-8.6127,354,3.13037,201,1.69348,35,-1.2634
ENSG00000108176,DNAJC12,57,-0.0156,17,-1.8555,75,0.43699,146,1.68609,54,-0.1043,14,-2.1558,29,-1.0654,69,0.29307
ENSG00000096746,HNRNPH3,66,-0.7240,66,-0.7173,202,1.17203,64,-0.7634,86,-0.2997,73,-0.5498,115,0.18107,155,0.68752
ENSG00000204130,RUFY2,17,-2.4042,49,-0.7892,33,-1.4146,51,-0.7451,24,-1.8883,217,1.79970,137,0.89034,123,0.70886
ENSG00000060339,CCAR1,54,-0.4062,112,0.80690,36,-1.0609,59,-0.2818,78,0.17743,41,-0.8279,152,1.38065,27,-1.4768
ENSG00000165732,DDX21,29,-0.5956,57,0.49579,15,-1.5452,19,-1.2208,25,-0.8217,96,1.45359,30,-0.5360,66,0.76967
ENSG00000198954,KIF1BP,28,-1.3202,22,-1.6845,58,-0.2017,77,0.26527,86,0.44521,152,1.49792,34,-1.0198,69,0.06714
ENSG00000122958,VPS26A,27,-1.3286,33,-1.0690,45,-0.5619,135,1.29917,60,-0.1179,60,-0.1087,85,0.45881,71,0.14789
ENSG00000156515,HK1,206,-0.2324,43,-2.6195,279,0.26648,609,1.71826,493,1.28964,172,-0.5235,49,-2.4096,51,-2.3609
ENSG00000171224,FAM241B,26,-0.7636,4,-3.2745,62,0.65499,126,2.07050,100,1.55839,1,-5.1545,6,-2.8369,9,-2.2356
ENSG00000079332,SAR1A,56,-0.9764,40,-1.4931,123,0.29120,138,0.48540,193,1.08819,92,-0.1895,96,-0.1294,90,-0.2275
ENSG00000180817,PPA1,155,-1.2900,105,-1.8733,396,0.20038,633,1.02595,407,0.24662,446,0.40195,286,-0.3327,380,0.13190
ENSG00000148730,EIF4EBP2,85,0.77137,32,-0.8360,102,1.11103,34,-0.7497,33,-0.7913,48,-0.1903,39,-0.5166,60,0.15762
ENSG00000166228,PCBD1,64,-0.4340,29,-1.6272,186,1.41280,292,2.41215,58,-0.6020,1,-5.9438,17,-2.4196,25,-1.8413
ENSG00000197746,PSAP,877,-0.4292,325,-1.9542,1596,0.56596,1936,0.91132,2240,1.18348,442,-1.4903,642,-0.9176,1083,-0.0875
ENSG00000107742,SPOCK2,396,-0.0660,141,-1.6759,756,1.05794,747,1.03481,956,1.51306,62,-2.8857,91,-2.3195,148,-1.5987
ENSG00000166295,ANAPC16,25,-1.4708,51,-0.3932,88,0.50392,48,-0.4665,54,-0.2840,137,1.31698,51,-0.3738,64,-0.0140
ENSG00000107745,MICU1,20,-1.1452,21,-1.0708,43,0.00943,139,2.25162,59,0.54856,1,-5.1829,7,-2.6972,50,0.26790
ENSG00000182180,MRPS16,44,-0.5403,24,-1.4706,55,-0.1608,70,0.21742,72,0.27777,124,1.23282,64,0.07088,37,-0.7895
ENSG00000138279,ANXA7,78,-0.7447,33,-2.0314,229,1.07427,179,0.62747,152,0.33894,109,-0.2041,89,-0.5262,121,-0.0395
ENSG00000107758,PPP3CB,63,-1.2689,26,-2.5980,202,0.59624,253,1.00201,324,1.47822,106,-0.4682,95,-0.6515,67,-1.1813
ENSG00000166348,USP54,32,-1.6273,14,-2.8369,2,-5.5391,0,-8.5137,26,-1.9450,305,2.27783,187,1.23550,176,1.11263
ENSG00000172586,CHCHD1,28,-0.4147,24,-0.6397,76,1.29187,38,0.07979,64,0.97376,2,-4.3460,46,0.39928,12,-1.6238
ENSG00000148660,CAMK2G,146,0.34158,57,-1.1444,186,0.76332,179,0.69994,336,1.93328,1,-6.4578,0,-8.0455,45,-1.5234
ENSG00000156650,KAT6B,25,-1.2367,58,0.04773,25,-1.2361,10,-2.5537,52,-0.1110,198,2.45308,60,0.11230,19,-1.6425
ENSG00000156671,SAMD8,30,-2.0574,40,-1.6422,36,-1.7821,8,-3.8730,57,-1.1017,436,2.66945,145,0.40162,161,0.58262
ENSG00000165637,VDAC2,105,-0.7170,59,-1.5836,153,-0.1106,419,1.71273,315,1.14296,52,-1.7715,91,-0.9265,116,-0.5502
ENSG00000156113,KCNMA1,67,0.18868,46,-0.4192,111,1.05572,57,-0.0909,80,0.46790,39,-0.6871,38,-0.7370,44,-0.5163
ENSG00000138326,RPS24,417,-0.7702,641,-0.0838,1279,1.11845,347,-1.0562,394,-0.8589,356,-1.0154,953,0.58533,1012,0.69082
ENSG00000108175,ZMIZ1,101,-0.0758,31,-1.8917,154,0.62782,82,-0.4134,70,-0.6698,200,1.11044,99,-0.1061,111,0.07214
ENSG00000108179,PPIF,44,-1.2857,21,-2.3470,48,-1.1465,104,0.06579,78,-0.4020,137,0.53102,125,0.37774,242,1.59471
ENSG00000165424,ZCCHC24,67,-1.9355,216,-0.1288,48,-2.4363,20,-3.6662,70,-1.8747,497,1.34466,491,1.31990,458,1.18367
ENSG00000122378,PRXL2A,182,-0.5422,134,-1.0118,376,0.66590,270,0.09782,374,0.65684,295,0.24669,186,-0.5086,218,-0.2519
ENSG00000165678,GHITM,341,-0.1894,125,-1.7402,462,0.31602,974,1.70693,777,1.25008,46,-3.2258,145,-1.5235,191,-1.0963
ENSG00000107771,CCSER2,39,-1.8865,72,-0.9510,76,-0.8711,199,0.69945,164,0.36957,242,1.06031,133,0.01140,129,-0.0394
ENSG00000122367,LDB3,6,-4.3683,53,-1.1751,0,-8.4183,9,-3.7882,0,-8.8501,197,0.98107,331,2.04140,297,1.80134
ENSG00000173267,SNCG,358,-0.5124,171,-1.6492,1022,1.29471,1449,2.02663,666,0.51196,92,-2.5789,69,-2.9955,109,-2.3211
ENSG00000148671,ADIRF,41,-0.4554,43,-0.3805,176,2.24063,0,-8.0023,9,-2.7518,6,-3.2191,37,-0.6309,124,1.46499
ENSG00000148672,GLUD1,209,0.21481,95,-1.0393,479,1.76026,200,0.14884,130,-0.5488,60,-1.7353,81,-1.2772,211,0.23795
ENSG00000138138,ATAD1,56,-0.7021,19,-2.3435,138,0.78775,160,1.06569,96,0.15914,133,0.72530,59,-0.6068,34,-1.4561
ENSG00000171862,PTEN,67,-0.2317,91,0.26647,144,1.07725,71,-0.1329,128,0.86434,30,-1.4908,33,-1.3410,55,-0.5327
ENSG00000107798,LIPA,20,-2.6774,20,-2.7004,42,-1.5657,43,-1.5453,3,-5.1260,188,0.82734,297,1.71623,315,1.83885
ENSG00000185745,IFIT1,29,-0.8272,9,-2.4807,73,0.65829,50,0.02615,41,-0.2959,70,0.58543,4,-3.6104,118,1.56597
ENSG00000180628,PCGF5,40,-1.6278,60,-1.0125,194,0.91047,31,-2.0310,141,0.34713,293,1.71344,84,-0.4991,73,-0.7233
ENSG00000107854,TNKS2,29,-0.7236,28,-0.7845,40,-0.2210,33,-0.4862,37,-0.3330,78,0.93759,97,1.34435,21,-1.1831
ENSG00000107864,CPEB3,35,-1.2890,43,-0.9897,129,0.82198,95,0.28781,224,1.91806,87,0.13820,14,-2.6175,11,-2.9357
ENSG00000148690,FRA10AC1,35,-1.6093,96,-0.0281,11,-3.2916,80,-0.3160,121,0.35842,161,0.86330,148,0.71342,128,0.45976
ENSG00000108231,LGI1,40,-0.1721,12,-1.9426,80,1.00089,73,0.82417,87,1.16113,50,0.18739,0,-7.0689,16,-1.6221
ENSG00000108239,TBC1D12,16,-2.9142,26,-2.2466,0,-7.8474,6,-4.3848,8,-3.8712,318,1.95083,244,1.39330,274,1.62899
ENSG00000077147,TM9SF3,86,-0.8472,58,-1.4375,145,-0.0092,136,-0.1204,175,0.29754,276,1.10974,88,-0.8103,205,0.57581
ENSG00000187122,SLIT1,48,0.47816,14,-1.4270,87,1.57173,21,-0.8852,99,1.82957,1,-4.9538,0,-5.6158,20,-0.9364
ENSG00000171314,PGAM1,364,-0.4918,175,-1.6223,712,0.62251,1412,1.96026,804,0.83865,156,-1.7921,143,-1.9197,183,-1.5546
ENSG00000155252,PI4K2A,46,0.09036,5,-3.0799,84,1.15981,102,1.52553,86,1.20552,1,-5.2055,6,-2.9463,16,-1.4984
ENSG00000155256,ZFYVE27,39,-0.2160,22,-1.0988,45,0.02927,46,0.05097,146,2.27072,17,-1.4349,17,-1.4851,23,-1.0392
ENSG00000155265,GOLGA7B,55,0.74122,16,-1.2087,72,1.24456,64,1.01463,69,1.14377,1,-4.9220,0,-6.6797,7,-2.4117
ENSG00000120053,GOT1,146,-0.6555,59,-2.0332,367,0.87924,424,1.14675,671,2.10066,33,-2.8891,16,-3.9337,47,-2.3849
ENSG00000196072,BLOC1S2,43,-0.8576,40,-0.9530,132,1.00124,187,1.68064,60,-0.3460,12,-2.7367,57,-0.4142,61,-0.3168
ENSG00000099194,SCD,339,-2.1516,556,-1.4063,494,-1.5868,259,-2.5472,228,-2.7362,1984,0.64185,3256,1.57857,3768,1.88960
ENSG00000235823,OLMALINC,26,-1.3144,76,0.39689,22,-1.5335,25,-1.3470,2,-4.6344,118,1.17612,106,0.97784,105,0.96311
ENSG00000166136,NDUFB8,192,-0.3620,98,-1.4086,398,0.87573,404,0.90363,269,0.19067,72,-1.8589,185,-0.4206,299,0.36961
ENSG00000119906,SLF2,25,-2.0241,54,-0.8286,29,-1.8048,12,-2.9957,21,-2.2332,390,2.97580,134,0.64680,68,-0.4730
ENSG00000055950,MRPL43,42,-0.6932,20,-1.8283,140,1.33735,67,0.03588,71,0.12781,1,-5.2547,50,-0.4268,133,1.24048
ENSG00000107816,LZTS2,4,-3.6223,9,-2.4417,25,-0.9586,10,-2.2344,40,-0.2254,12,-1.9987,133,1.96421,135,2.00016
ENSG00000166167,BTRC,48,-0.2157,19,-1.6350,100,1.04931,72,0.46158,92,0.89860,63,0.24815,20,-1.5517,22,-1.3784
ENSG00000107829,FBXW4,29,-0.8523,56,0.16596,92,1.03970,11,-2.2415,29,-0.8546,1,-5.4266,99,1.16755,86,0.91956
ENSG00000198408,OGA,129,-0.4908,64,-1.5713,271,0.74787,154,-0.2087,241,0.54179,222,0.40218,178,0.03152,140,-0.3629
ENSG00000166197,NOLC1,24,-0.9009,15,-1.6260,74,0.95212,76,0.99348,50,0.27457,8,-2.5782,83,1.16500,11,-2.0478
ENSG00000107862,GBF1,24,-0.7577,5,-3.0058,67,0.94522,39,0.01206,96,1.64436,28,-0.5103,15,-1.4336,35,-0.1670
ENSG00000059915,PSD,71,0.27650,8,-3.0494,110,1.04451,141,1.52601,124,1.26504,2,-4.7822,6,-3.3720,20,-1.7015
ENSG00000107872,FBXL15,69,0.12550,28,-1.2887,40,-0.7278,158,1.63160,172,1.82054,4,-3.9180,16,-2.0964,24,-1.5462
ENSG00000107874,CUEDC2,44,-0.7609,42,-0.8302,124,0.95798,87,0.33277,56,-0.3716,6,-3.6563,50,-0.5441,159,1.43259
ENSG00000138107,ACTR1A,96,-0.8299,31,-2.5166,195,0.31480,428,1.79242,208,0.42933,90,-0.9306,130,-0.3460,112,-0.5795
ENSG00000171206,TRIM8,27,-0.9812,31,-0.7643,77,0.73496,41,-0.3252,42,-0.2743,133,1.79120,13,-2.0980,37,-0.5006
ENSG00000138175,ARL3,55,-0.6791,50,-0.8474,200,1.54601,98,0.23437,124,0.64521,52,-0.7697,15,-2.6372,84,-0.0143
ENSG00000166275,BORCS7,61,0.12717,9,-2.8095,100,0.98498,94,0.87868,66,0.25921,5,-3.6843,60,0.09565,57,0.02846
ENSG00000076685,NT5C2,44,0.01555,6,-2.8783,70,0.81067,53,0.30498,39,-0.1816,43,-0.0228,52,0.28027,42,-0.0482
ENSG00000148798,INA,220,-0.6710,107,-1.7688,417,0.37170,786,1.54353,1017,2.10342,76,-2.2793,31,-3.5851,17,-4.4065
ENSG00000173915,ATP5MD,212,-1.1232,254,-0.8440,770,1.00632,703,0.83896,392,-0.1598,194,-1.2634,398,-0.1330,530,0.34335
ENSG00000107954,NEURL1,23,-0.7071,21,-0.7919,79,1.42709,56,0.76762,61,0.94217,19,-0.9556,2,-4.3380,22,-0.7327
ENSG00000107957,SH3PXD2A,29,-1.3062,72,0.10984,39,-0.8670,28,-1.3497,51,-0.4486,158,1.53082,106,0.76555,56,-0.3031
ENSG00000065613,SLK,18,-1.7628,34,-0.7733,53,-0.0647,11,-2.4582,84,0.70204,151,1.84076,73,0.46657,20,-1.5992
ENSG00000148834,GSTO1,65,-1.3789,52,-1.6919,247,0.78909,269,0.93921,141,-0.1689,193,0.35382,96,-0.7789,185,0.28895
ENSG00000148700,ADD3,69,-0.8235,156,0.50753,144,0.37347,20,-2.6873,54,-1.2024,262,1.47244,104,-0.1715,114,-0.0166
ENSG00000119950,MXI1,51,-1.2520,34,-1.8587,132,0.25587,25,-2.2836,45,-1.4292,326,1.96915,96,-0.2656,196,0.94762
ENSG00000108055,SMC3,31,-0.6943,30,-0.7636,16,-1.7209,12,-2.1513,32,-0.6856,163,2.31467,88,1.01749,18,-1.5268
ENSG00000150593,PDCD4,73,0.63996,38,-0.4295,56,0.19267,59,0.27752,76,0.72007,13,-2.0898,31,-0.7352,53,0.09110
ENSG00000214413,BBIP1,15,-1.5641,9,-2.3229,44,0.09896,37,-0.1993,41,-0.0100,55,0.44537,11,-1.9695,121,1.98059
ENSG00000108061,SHOC2,70,-0.3872,22,-2.1533,66,-0.4840,208,1.52799,144,0.82700,145,0.83454,16,-2.6363,41,-1.2065
ENSG00000165813,CCDC186,19,-1.1951,44,0.12126,62,0.71249,20,-1.0958,78,1.11399,28,-0.5838,38,-0.1183,38,-0.1373
ENSG00000099204,ABLIM1,69,-0.2544,108,0.48077,101,0.35757,113,0.56036,93,0.22509,34,-1.3691,82,0.02427,49,-0.8013
ENSG00000165868,HSPA12A,74,-0.7205,49,-1.3626,122,0.06908,254,1.38044,336,1.97334,43,-1.5676,45,-1.4790,11,-3.5481
ENSG00000187164,SHTN1,94,-1.8673,238,-0.4490,99,-1.7922,148,-1.1826,145,-1.2214,913,1.99778,477,0.71316,397,0.39345
ENSG00000165646,SLC18A2,33,-2.4691,30,-2.5818,39,-2.2104,1170,5.79287,1,-7.2860,25,-2.8782,16,-3.5131,1,-6.6958
ENSG00000165650,PDZD8,32,-1.6962,27,-1.9108,73,-0.4015,52,-0.9453,99,0.07814,226,1.57294,122,0.42970,124,0.45596
ENSG00000151893,CACUL1,28,-0.9183,10,-2.3730,61,0.30916,68,0.51914,68,0.50251,64,0.40899,102,1.24065,0,-5.8719
ENSG00000107581,EIF3A,66,-1.2954,208,0.55078,91,-0.8026,58,-1.4848,151,0.01254,387,1.73654,103,-0.6004,136,-0.1637
ENSG00000119979,DENND10,38,-0.2153,27,-0.7461,46,0.11489,42,-0.0582,75,0.93706,2,-4.2703,66,0.71414,50,0.25144
ENSG00000165672,PRDX3,124,-0.1382,32,-2.2284,251,1.07739,315,1.51899,169,0.36921,37,-1.9786,53,-1.4522,100,-0.4778
ENSG00000151923,TIAL1,32,-1.1985,20,-1.9373,37,-0.9655,41,-0.8330,61,-0.2005,200,1.97469,80,0.23840,82,0.28962
ENSG00000198825,INPP5F,249,-0.7481,61,-2.8711,634,0.79851,548,0.53958,1128,1.93992,272,-0.6138,162,-1.4134,131,-1.7344
ENSG00000066468,FGFR2,22,-3.7074,65,-2.1639,2,-6.8910,0,-9.7759,29,-3.3185,191,-0.5226,863,2.27376,938,2.48156
ENSG00000107679,PLEKHA1,31,-1.3284,15,-2.3317,31,-1.2903,49,-0.5937,55,-0.4123,168,1.53811,127,0.99591,95,0.46830
ENSG00000166033,HTRA1,306,-0.7388,158,-1.7531,624,0.42237,978,1.23554,62,-3.1208,450,-0.1248,536,0.16439,770,0.79012
ENSG00000154473,BUB3,35,-0.9330,8,-3.1412,42,-0.6706,157,1.64181,48,-0.4473,108,0.91958,56,-0.1962,53,-0.2791
ENSG00000065154,OAT,138,-0.7846,38,-2.7100,277,0.34289,672,2.05438,272,0.31500,83,-1.5655,178,-0.3805,145,-0.7076
ENSG00000107902,LHPP,67,-2.2240,161,-0.9168,72,-2.1284,33,-3.2833,34,-3.2275,236,-0.3128,853,2.05451,832,1.99786
ENSG00000019995,ZRANB1,35,-0.1323,35,-0.1364,12,-1.7379,50,0.45789,69,1.03697,26,-0.5838,42,0.17300,34,-0.1774
ENSG00000175029,CTBP2,50,0.16752,11,-2.1253,55,0.33850,48,0.11510,60,0.49608,51,0.22357,44,-0.0153,39,-0.2303
ENSG00000188690,UROS,95,0.16243,36,-1.3608,103,0.29800,105,0.33551,158,1.06288,88,0.04580,57,-0.6539,45,-1.0215
ENSG00000150760,DOCK1,19,-1.8804,66,0.06151,19,-1.8619,2,-4.8797,18,-1.9391,169,1.79490,129,1.24034,87,0.52582
ENSG00000108010,GLRX3,48,0.40656,5,-2.8256,70,1.10053,103,1.86979,16,-1.3251,1,-4.9900,0,-6.8484,55,0.65717
ENSG00000176171,BNIP3,194,-0.5096,142,-0.9947,242,-0.1540,722,1.84504,284,0.11134,231,-0.2270,139,-1.0267,172,-0.6971
ENSG00000068383,INPP5A,37,-0.2210,29,-0.6187,56,0.46708,41,-0.0549,103,1.61703,1,-4.7050,37,-0.2009,33,-0.3750
ENSG00000148826,NKX6-2,20,-3.2158,53,-1.8201,16,-3.5799,10,-4.2051,15,-3.6772,137,-0.3590,548,2.22441,568,2.31131
ENSG00000197177,ADGRA1,53,0.63141,11,-1.7501,41,0.19642,86,1.55433,66,1.03684,1,-4.9513,8,-2.2997,24,-0.6702
ENSG00000171798,KNDC1,136,0.81158,19,-2.2887,208,1.62807,109,0.42970,175,1.27583,1,-6.1669,26,-1.7956,3,-4.8516
ENSG00000130640,TUBGCP2,60,0.19072,18,-1.6390,28,-1.0183,126,1.52858,93,0.95514,20,-1.5516,21,-1.4716,62,0.25754
ENSG00000130643,CALY,460,-0.4388,106,-2.6665,1505,1.66308,1226,1.25139,1270,1.31875,37,-4.1950,93,-2.8494,132,-2.3389
ENSG00000127884,ECHS1,100,-0.5680,55,-1.4894,152,0.10715,319,1.44255,139,-0.0347,106,-0.4772,126,-0.1946,141,-0.0103
ENSG00000177963,RIC8A,34,-0.5068,8,-2.6120,75,0.77791,67,0.59147,72,0.70600,79,0.87751,16,-1.6247,27,-0.9074
ENSG00000185627,PSMD13,48,-0.9613,21,-2.1982,102,0.23970,209,1.53842,108,0.32886,73,-0.3181,70,-0.3809,78,-0.2082
ENSG00000142089,IFITM3,170,0.55667,133,0.13535,429,2.44213,16,-3.0421,18,-2.8857,55,-1.2577,14,-3.2645,144,0.26663
ENSG00000182272,B4GALNT4,75,0.24931,42,-0.6992,151,1.52134,46,-0.5403,91,0.56519,5,-3.7206,40,-0.7659,68,0.07755
ENSG00000174915,PTDSS2,37,-0.2226,18,-1.3382,12,-1.9499,49,0.21525,51,0.26991,47,0.15872,46,0.12543,83,1.14630
ENSG00000023191,RNH1,30,-1.6936,38,-1.3428,65,-0.5164,79,-0.2148,69,-0.4322,31,-1.6619,189,1.31826,218,1.60131
ENSG00000174775,HRAS,79,-0.5661,22,-2.5206,169,0.68311,240,1.33368,114,0.00990,105,-0.1261,65,-0.8706,111,-0.0341
ENSG00000177030,DEAF1,78,0.52453,14,-2.1552,112,1.16797,94,0.84715,77,0.49632,1,-5.6067,66,0.22141,17,-1.8705
ENSG00000177156,TALDO1,58,-1.2589,15,-3.2280,48,-1.5488,201,0.76238,85,-0.6675,44,-1.6513,242,1.10357,336,1.76043
ENSG00000177225,GATD1,41,0.07405,9,-2.1622,91,1.50291,27,-0.6129,44,0.19866,1,-5.0557,9,-2.2825,92,1.52305
ENSG00000184524,CEND1,259,-0.0475,84,-1.7891,281,0.08886,624,1.53426,696,1.76137,78,-1.9012,55,-2.4245,53,-2.4630
ENSG00000177542,SLC25A22,32,-0.2913,5,-2.9057,56,0.62907,88,1.45542,127,2.26927,1,-5.0455,0,-6.9039,0,-7.1701
ENSG00000177600,RPLP2,429,-0.7368,532,-0.3955,739,0.13969,343,-1.0809,437,-0.7051,866,0.40873,804,0.28185,1282,1.11165
ENSG00000177697,CD151,63,0.43270,8,-2.7057,69,0.58963,166,2.37436,53,0.13569,1,-5.3652,0,-7.2236,29,-0.8299
ENSG00000177700,POLR2L,169,-0.1329,53,-1.9299,288,0.76851,355,1.15660,89,-1.1385,22,-3.2146,229,0.37215,263,0.61174
ENSG00000177830,CHID1,59,-0.4520,40,-1.0609,96,0.34060,89,0.22205,92,0.27505,127,0.83034,76,-0.0584,47,-0.8222
ENSG00000183020,AP2A2,113,-0.1298,43,-1.6155,184,0.69113,355,1.98063,167,0.52366,33,-2.0393,52,-1.3435,34,-1.9883
ENSG00000078902,TOLLIP,70,-0.8824,39,-1.7497,195,0.81464,291,1.57670,185,0.72091,19,-2.8021,57,-1.1915,115,-0.0918
ENSG00000174672,BRSK2,31,-0.2908,38,0.03895,72,1.16393,37,-0.0099,89,1.58804,1,-4.9750,2,-3.9123,25,-0.5958
ENSG00000244242,IFITM10,46,-0.0902,22,-1.2453,54,0.14551,102,1.29202,105,1.34073,1,-5.2515,48,-0.0406,14,-1.8602
ENSG00000117984,CTSD,393,-0.6723,171,-1.9423,489,-0.3273,1424,1.56738,962,0.81620,341,-0.8948,308,-1.0518,696,0.25248
ENSG00000214026,MRPL23,21,-1.1028,18,-1.3863,77,1.01119,123,1.95105,39,-0.1726,1,-5.1920,25,-0.8637,40,-0.1049
ENSG00000180176,TH,18,-3.1782,15,-3.4903,59,-1.4372,1100,6.32567,0,-9.5222,1,-6.9037,0,-8.4770,0,-8.9832
ENSG00000110651,CD81,693,0.47411,274,-1.0290,1189,1.47320,491,-0.1059,402,-0.4261,79,-2.8804,348,-0.6570,710,0.51587
ENSG00000269821,KCNQ1OT1,45,-1.9059,76,-1.1228,1,-6.7214,10,-4.0629,72,-1.2103,603,2.71849,403,1.74613,31,-2.4680
ENSG00000129757,CDKN1C,10,-4.8457,97,-1.5984,2,-6.7637,11,-4.6845,29,-3.3862,439,0.83140,776,1.96575,799,2.03238
ENSG00000205531,NAP1L4,116,-0.7826,119,-0.7417,234,0.35483,217,0.23176,289,0.72105,82,-1.3193,218,0.23455,239,0.39189
ENSG00000110619,CARS,36,-0.3354,23,-1.0215,81,1.02570,97,1.37014,70,0.75536,1,-5.2493,33,-0.4764,16,-1.5541
ENSG00000177105,RHOG,12,-2.5399,16,-2.0575,15,-2.1808,0,-7.8605,8,-3.0891,54,-0.2362,103,0.87315,290,3.27076
ENSG00000244734,HBB,100,-2.7729,13,-5.6494,0,-10.834,0,-11.483,0,-11.553,4624,6.90839,12,-5.8556,142,-2.2520
ENSG00000166311,SMPD1,38,-1.2601,14,-2.7360,74,-0.2279,210,1.62777,78,-0.1405,65,-0.4273,105,0.34689,98,0.22669
ENSG00000166313,APBB1,196,-1.0860,152,-1.4775,337,-0.2326,611,0.77111,564,0.63087,190,-1.1369,330,-0.2684,734,1.10914
ENSG00000132254,ARFIP2,36,0.05213,4,-3.0097,67,1.13665,59,0.92193,65,1.07631,1,-4.8857,6,-2.4995,39,0.19543
ENSG00000132286,TIMM10B,39,-0.3409,22,-1.2123,58,0.31431,68,0.57292,73,0.70532,52,0.12952,10,-2.3781,63,0.45391
ENSG00000166333,ILK,30,-0.7331,2,-4.2777,94,1.16767,36,-0.4579,50,0.05015,54,0.18446,21,-1.2865,98,1.24194
ENSG00000166337,TAF10,61,-0.6330,39,-1.3348,61,-0.6293,120,0.47496,70,-0.4128,59,-0.6851,132,0.64291,182,1.22973
ENSG00000166340,TPP1,98,0.03974,34,-1.6233,121,0.40263,118,0.35767,90,-0.0961,62,-0.6848,117,0.34499,123,0.42548
ENSG00000175390,EIF3F,57,-0.6177,8,-3.4966,129,0.73087,51,-0.7873,40,-1.1498,171,1.25596,125,0.68288,89,0.10034
ENSG00000166402,TUB,39,-0.5423,14,-2.0440,139,1.68875,116,1.31101,89,0.82829,1,-5.5406,24,-1.3206,18,-1.7521
ENSG00000166405,RIC3,38,-0.5430,5,-3.3996,39,-0.5135,53,4.76770,48,-0.1641,175,2.27265,36,-0.6050,31,-0.8367
ENSG00000166441,RPL27A,282,-0.6147,320,-0.4179,519,0.37878,178,-1.3276,215,-1.0401,322,-0.4083,630,0.71687,845,1.26271
ENSG00000175348,TMEM9B,57,-0.5435,31,-1.4393,154,1.16041,80,0.01387,92,0.25085,8,-3.4029,96,0.31487,117,0.64989
ENSG00000175352,NRIP3,88,-0.4009,59,-1.0125,143,0.39698,285,1.69240,234,1.29364,47,-1.3806,32,-1.9293,13,-3.2783
ENSG00000184014,DENND5A,99,-0.4874,38,-1.9549,143,0.10662,47,-1.6172,98,-0.5044,180,0.50484,177,0.47525,288,1.36110
ENSG00000166471,TMEM41B,30,-1.0545,21,-1.5540,47,-0.3442,58,-0.0079,88,0.69235,84,0.62110,49,-0.2916,90,0.72953
ENSG00000205339,IPO7,63,-0.9609,43,-1.5344,182,0.78999,102,-0.1870,226,1.19266,149,0.43593,99,-0.2394,54,-1.1881
ENSG00000255823,MTRNR2L8,5097,0.45894,10767,1.89306,1697,-1.3046,449,-3.2828,1696,-1.3059,5266,0.51525,4245,0.14857,1838,-1.1833
ENSG00000110315,RNF141,78,-1.0259,118,-0.3855,112,-0.4678,79,-1.0076,88,-0.8518,110,-0.4957,327,1.38866,287,1.13129
ENSG00000072952,MRVI1,45,-0.2431,55,0.08846,120,1.49557,9,-2.6693,20,-1.5144,147,1.92709,21,-1.4263,0,-6.8867
ENSG00000110321,EIF4G2,305,-0.5437,199,-1.2048,577,0.50891,743,0.95876,585,0.53347,277,-0.6948,319,-0.4699,410,-0.0645
ENSG00000170242,USP47,33,-1.7107,59,-0.8279,121,0.33779,61,-0.7606,70,-0.5618,189,1.13342,167,0.89796,92,-0.1238
ENSG00000050165,DKK3,543,-0.2034,155,-2.1267,1214,1.19668,1428,1.51673,1079,0.97511,105,-2.7056,146,-2.2209,249,-1.4195
ENSG00000148925,BTBD10,40,-0.4960,5,-3.4657,89,0.83990,90,0.86134,102,1.09380,21,-1.4392,40,-0.4781,47,-0.2260
ENSG00000197601,FAR1,32,-2.7554,18,-3.6281,99,-1.0918,101,-1.0716,71,-1.5989,663,2.32394,297,0.68836,305,0.73629
ENSG00000129083,COPB1,49,0.09345,7,-2.7912,45,-0.0251,79,0.91965,13,-1.8954,49,0.10783,83,1.02810,42,-0.1271
ENSG00000129084,PSMA1,88,-0.4872,55,-1.1999,178,0.68728,231,1.16305,158,0.47932,159,0.48608,55,-1.2204,27,-2.2575
ENSG00000110696,C11orf58,118,-0.0896,75,-0.7967,185,0.67633,169,0.51147,152,0.33400,23,-2.5830,53,-1.3305,220,0.98953
ENSG00000110700,RPS13,265,-1.0057,377,-0.4527,772,0.74494,188,-1.5278,199,-1.4403,551,0.16525,671,0.49955,969,1.16475
ENSG00000011405,PIK3C2A,48,-0.1689,37,-0.6024,5,-3.5461,39,-0.5178,13,-2.1432,151,1.91237,66,0.34418,70,0.45673
ENSG00000070081,NUCB2,61,0.28542,32,-0.7562,33,-0.7194,38,-0.4705,87,0.89094,56,0.14955,87,0.91101,17,-1.6874
ENSG00000129159,KCNC1,36,-0.6714,47,-0.2295,45,-0.3176,43,-0.3682,251,3.21888,1,-5.5386,5,-3.3898,8,-2.8637
ENSG00000129158,SERGEF,20,-1.0642,17,-1.3100,89,1.45434,96,1.60835,53,0.52034,1,-5.0597,13,-1.7042,25,-0.7063
ENSG00000134333,LDHA,194,-1.2128,91,-2.3500,447,0.11468,1918,3.23780,375,-0.1736,195,-1.1975,59,-2.9905,60,-2.9642
ENSG00000074319,TSG101,28,-0.8600,29,-0.8197,100,1.25830,58,0.28275,50,0.03158,61,0.37249,30,-0.7728,35,-0.5524
ENSG00000110786,PTPN5,36,-0.5934,25,-1.1337,196,2.63826,41,-0.3524,114,1.41353,1,-5.4574,0,-7.2772,0,-6.8893
ENSG00000091664,SLC17A6,39,-1.3413,75,-0.3312,68,-0.4866,5,-4.2630,529,4.12256,1,-6.2897,0,-7.0339,21,-2.2835
ENSG00000198168,SVIP,95,-1.7309,110,-1.5163,102,-1.6295,61,-2.3969,221,-0.4407,248,-0.2525,642,1.42153,839,1.98712
ENSG00000187398,LUZP2,91,-0.1291,52,-1.0138,120,0.32707,170,0.93560,103,0.07562,169,0.92978,47,-1.1688,37,-1.5246
ENSG00000148943,LIN7C,64,-0.1635,24,-1.6495,66,-0.0958,22,-1.7876,30,-1.3451,237,2.34006,65,-0.1162,54,-0.4234
ENSG00000149100,EIF3M,48,-0.6005,12,-2.6193,162,1.49135,88,0.36148,86,0.33965,27,-1.4625,72,0.03255,67,-0.0715
ENSG00000280798,LINC00294,15,-1.6587,16,-1.5259,77,0.98967,68,0.75859,55,0.39499,18,-1.3511,57,0.45249,41,-0.0790
ENSG00000110422,HIPK3,81,-0.0678,18,-2.3547,83,-0.0250,55,-0.6804,39,-1.2118,268,2.19485,64,-0.4415,67,-0.3750
ENSG00000085063,CD59,254,-0.2025,118,-1.3939,435,0.70736,531,1.07437,483,0.89576,75,-2.0726,107,-1.5479,294,0.04167
ENSG00000110429,FBXO3,34,-1.4034,28,-1.7055,135,0.82923,128,0.73687,100,0.31309,153,1.06816,37,-1.2696,50,-0.8191
ENSG00000135387,CAPRIN1,70,-0.8773,41,-1.6781,113,-0.1093,136,0.19948,171,0.59005,182,0.69989,128,0.09143,126,0.06250
ENSG00000110435,PDHX,52,-0.0490,12,-2.2137,36,-0.6427,119,1.41166,105,1.16561,37,-0.5790,48,-0.1657,20,-1.5462
ENSG00000110436,SLC1A2,762,1.74070,178,-0.8040,1125,2.67288,66,-2.2995,61,-2.4207,51,-2.6817,60,-2.4489,54,-2.5984
ENSG00000166326,TRIM44,76,-1.2579,187,0.16386,139,-0.3137,132,-0.4017,185,0.15123,278,0.85320,209,0.35611,147,-0.2332
ENSG00000110442,COMMD9,55,0.13006,4,-3.5820,98,1.14311,31,-0.7574,67,0.45822,21,-1.3542,79,0.74453,51,0.00186
ENSG00000166181,API5,58,-0.2843,17,-2.1648,65,-0.1057,77,0.17774,75,0.12166,117,0.89951,49,-0.5435,96,0.55657
ENSG00000149084,HSD17B12,111,-0.5115,81,-1.0001,167,0.15460,234,0.73069,111,-0.5160,177,0.25121,179,0.27157,159,0.06738
ENSG00000085117,CD82,63,0.76851,37,-0.1105,55,0.53558,4,-3.4087,29,-0.5123,46,0.23858,53,0.45982,33,-0.3134
ENSG00000019505,SYT13,96,-0.3400,21,-2.6203,159,0.50613,325,1.87288,319,1.82755,1,-6.6451,11,-3.5936,13,-3.3162
ENSG00000175264,CHST1,53,0.03062,27,-1.0492,153,2.01036,46,-0.2092,124,1.55705,1,-5.4338,13,-2.1362,0,-6.0957
ENSG00000121671,CRY2,63,0.91438,10,-1.9764,42,0.21259,36,-0.0440,67,1.03580,18,-1.1185,9,-2.1458,50,0.51527
ENSG00000121653,MAPK8IP1,215,-0.6646,111,-1.6699,159,-1.1295,360,0.16911,263,-0.3458,240,-0.4938,568,0.96551,686,1.32381
ENSG00000149091,DGKZ,54,-0.2343,8,-3.0770,90,0.61426,84,0.49113,132,1.31917,1,-5.7275,58,-0.1047,73,0.25511
ENSG00000175224,ATG13,48,-0.2816,34,-0.8094,51,-0.1933,95,0.87033,99,0.95161,1,-5.5986,100,0.97340,28,-1.0907
ENSG00000175220,ARHGAP1,49,0.28957,11,-1.9990,45,0.17614,28,-0.5975,45,0.16350,35,-0.2356,57,0.55141,56,0.54366
ENSG00000175216,CKAP5,59,-0.8184,35,-1.5901,100,0.03246,107,0.13870,108,0.15316,163,0.87554,93,-0.0857,120,0.33839
ENSG00000149179,C11orf49,11,-2.5087,22,-1.5128,123,1.32543,124,1.33169,109,1.08819,1,-5.6298,49,-0.2817,27,-1.1949
ENSG00000149182,ARFGAP2,73,-0.2109,50,-0.8043,93,0.18390,88,0.08233,164,1.18146,65,-0.4018,68,-0.3257,66,-0.3801
ENSG00000134575,ACP2,20,-1.2379,16,-1.5485,71,0.80342,133,2.04881,66,0.67533,1,-5.2456,22,-1.0785,26,-0.8721
ENSG00000110514,MADD,85,-0.1478,21,-2.2452,118,0.40181,200,1.36012,187,1.22906,54,-0.8555,28,-1.8521,50,-0.9847
ENSG00000165916,PSMC3,89,-0.5724,80,-0.7317,247,1.16463,212,0.88171,147,0.23586,85,-0.6499,94,-0.4921,63,-1.0985
ENSG00000149187,CELF1,56,-0.4234,72,-0.0043,96,0.46627,43,-0.8381,87,0.30630,129,0.98839,42,-0.8695,56,-0.4154
ENSG00000213619,NDUFS3,45,-0.7210,52,-0.4803,115,0.84157,109,0.73801,117,0.86790,1,-5.5523,14,-2.4628,111,0.77124
ENSG00000172247,C1QTNF4,251,2.00453,58,-0.6412,185,1.36134,22,-2.0602,94,0.15661,36,-1.3482,9,-3.3221,31,-1.5821
ENSG00000109919,MTCH2,14,-2.1153,34,-0.7807,63,0.19074,128,1.46734,79,0.56806,35,-0.7647,39,-0.5688,57,0.03628
ENSG00000086205,FOLH1,3,-4.5263,25,-1.6226,0,-7.7686,0,-8.3848,3,-4.5194,240,2.34372,128,1.01806,170,1.56771
ENSG00000149136,SSRP1,18,-1.2690,15,-1.5236,100,1.58863,33,-0.3568,55,0.46666,17,-1.3385,63,0.70360,29,-0.5528
ENSG00000213593,TMX2,107,-0.2689,32,-2.1256,152,0.31432,153,0.32893,180,0.60157,120,-0.0778,142,0.19396,122,-0.0467
ENSG00000211450,SELENOH,68,-0.7482,61,-0.9172,130,0.30378,191,0.97506,203,1.08818,92,-0.2642,27,-2.1307,97,-0.1901
ENSG00000186660,ZFP91,40,-0.8297,69,0.04784,42,-0.7495,23,-1.6607,68,0.01691,151,1.44686,56,-0.2827,88,0.45460
ENSG00000110042,DTX4,46,-0.9288,1,-5.7782,39,-1.1836,8,-3.5263,53,-0.7189,193,1.49842,235,1.91511,93,0.17201
ENSG00000110048,OSBP,47,0.35990,7,-2.4530,27,-0.5463,64,0.89098,92,1.58876,15,-1.4718,25,-0.6853,27,-0.5308
ENSG00000110107,PRPF19,84,-0.6169,11,-3.5716,241,1.17933,128,0.06678,368,2.05668,36,-1.8917,91,-0.4927,25,-2.4028
ENSG00000006118,TMEM132A,112,0.62816,18,-2.2426,217,1.91004,93,0.31669,104,0.50208,62,-0.3574,4,-4.4365,8,-3.2995
ENSG00000167986,DDB1,142,-0.0589,33,-2.3015,314,1.33824,233,0.78432,249,0.90484,39,-2.0666,61,-1.3825,109,-0.4876
ENSG00000149532,CPSF7,42,-0.2403,27,-0.9079,65,0.46591,34,-0.5924,40,-0.3074,113,1.49183,38,-0.3971,32,-0.6765
ENSG00000167985,SDHAF2,28,-0.6763,14,-1.7150,56,0.46426,79,1.07679,79,1.07203,1,-5.1740,44,0.07177,39,-0.1425
ENSG00000011347,SYT7,45,0.39694,21,-0.7985,48,0.51233,72,1.24969,84,1.56959,10,-1.8707,0,-6.7108,1,-4.5129
ENSG00000124920,MYRF,22,-3.1539,83,-1.1878,6,-5.0478,16,-3.5849,17,-3.5154,229,0.44999,548,2.16028,484,1.87476
ENSG00000134825,TMEM258,48,-1.3112,70,-0.7246,167,0.69561,122,0.15798,69,-0.7454,94,-0.2596,141,0.40854,174,0.77191
ENSG00000134824,FADS2,133,0.89073,64,-0.3525,259,2.27133,60,-0.4575,44,-0.9211,1,-6.0694,46,-0.8726,27,-1.6714
ENSG00000149485,FADS1,89,0.51727,61,-0.1021,170,1.74698,30,-1.2128,26,-1.4507,26,-1.4157,73,0.19085,47,-0.5316
ENSG00000167996,FTH1,2176,-0.5076,3138,0.08573,3592,0.31306,1181,-1.4542,1272,-1.3410,2159,-0.5201,5207,0.96833,5109,0.93341
ENSG00000162174,ASRGL1,108,0.16347,61,-0.7556,118,0.31655,135,0.54724,194,1.20732,47,-1.1467,65,-0.6470,53,-0.9679
ENSG00000124942,AHNAK,35,-0.7575,55,-0.0564,123,1.35017,3,-4.2916,7,-3.0730,79,0.54542,85,0.66221,70,0.34387
ENSG00000254772,EEF1G,278,-0.1603,175,-0.8952,497,0.83054,365,0.29115,239,-0.4027,305,-0.0078,189,-0.7771,405,0.46889
ENSG00000149541,B3GAT3,94,0.02293,26,-1.9528,162,0.96170,162,0.95913,191,1.26945,1,-6.2986,22,-2.2322,86,-0.1346
ENSG00000089597,GANAB,23,-1.7193,35,-1.0827,76,0.12468,125,1.00109,120,0.92219,89,0.39470,18,-2.0879,75,0.12084
ENSG00000204922,UQCC3,28,-0.5771,3,-3.7914,83,1.27606,73,1.02555,44,0.15921,22,-0.9662,13,-1.7538,56,0.55734
ENSG00000162191,UBXN1,35,-0.6074,44,-0.2362,64,0.37851,52,0.03095,32,-0.7368,2,-4.7921,21,-1.3819,158,2.13814
ENSG00000168000,BSCL2,291,-0.7432,108,-2.2368,1031,1.43470,1374,2.04731,654,0.58916,34,-3.9393,101,-2.3344,105,-2.2872
ENSG00000162188,GNG3,147,-0.6086,61,-1.9484,348,0.82518,840,2.73500,274,0.40369,2,-6.4984,12,-4.2442,36,-2.7223
ENSG00000214753,HNRNPUL2,64,-0.7278,61,-0.7867,203,1.24123,62,-0.7624,205,1.25518,89,-0.2029,43,-1.3289,77,-0.4364
ENSG00000168002,POLR2G,63,-0.0644,6,-3.6039,86,0.46772,51,-0.3868,34,-1.0063,44,-0.6154,108,0.86065,129,1.19970
ENSG00000168003,SLC3A2,118,0.95796,23,-1.6409,118,0.96080,120,0.98920,47,-0.5940,34,-1.0624,33,-1.1417,48,-0.5448
ENSG00000176485,PLAAT3,39,-2.7372,121,-1.0412,55,-2.2341,70,-1.8704,20,-3.7191,522,1.43676,423,1.03268,620,1.79394
ENSG00000184743,ATL3,34,-0.5465,3,-3.9470,10,-2.3057,57,0.27908,3,-3.9343,80,0.86835,114,1.54012,84,0.94994
ENSG00000133318,RTN3,558,-1.0737,195,-2.6468,1123,0.03843,2155,1.18710,2184,1.21243,788,-0.5342,612,-0.9290,1163,0.09612
ENSG00000176340,COX8A,249,-0.4044,153,-1.1690,572,1.00827,428,0.49137,282,-0.2053,210,-0.6723,224,-0.5764,442,0.54475
ENSG00000167770,OTUB1,104,-0.2228,42,-1.6254,82,-0.5916,251,1.32198,281,1.55088,2,-5.5367,73,-0.7793,116,-0.0405
ENSG00000168439,STIP1,34,-1.4822,22,-2.1480,176,1.21613,240,1.84808,161,1.04672,1,-6.1195,52,-0.8421,19,-2.3325
ENSG00000173511,VEGFB,156,0.42996,97,-0.3482,289,1.57909,107,-0.1893,154,0.41242,2,-6.0700,55,-1.2340,104,-0.2372
ENSG00000173486,FKBP2,8,-2.6803,14,-1.9965,77,0.71768,52,0.04206,50,-0.0129,102,1.24796,30,-0.8111,70,0.54544
ENSG00000002330,BAD,75,-0.2663,29,-1.7338,57,-0.7167,143,0.81135,99,0.17232,77,-0.2397,94,0.09311,138,0.74724
ENSG00000173264,GPR137,25,-1.0081,37,-0.3914,34,-0.5117,69,0.65075,46,-0.0336,88,1.10125,5,-3.2787,71,0.71201
ENSG00000173153,ESRRA,34,-0.0381,22,-0.7057,23,-0.6552,21,-0.7912,148,2.93873,8,-2.1621,2,-3.8992,21,-0.8225
ENSG00000173113,TRMT112,67,-1.0176,22,-2.6587,179,0.58319,304,1.58174,114,-0.1763,98,-0.4115,101,-0.3576,128,0.02123
ENSG00000126432,PRDX5,269,-0.5667,239,-0.7527,597,0.75993,771,1.23515,447,0.25728,199,-1.0403,206,-0.9834,334,-0.2200
ENSG00000110076,NRXN2,144,-0.0263,90,-0.7785,190,0.43965,173,0.28474,367,1.67265,20,-2.9948,138,-0.0926,47,-1.7440
ENSG00000168066,SF1,73,-0.6592,72,-0.6844,87,-0.3855,89,-0.3520,98,-0.2088,213,1.13723,123,0.17793,131,0.28154
ENSG00000110047,EHD1,88,0.43314,24,-1.6309,52,-0.4336,84,0.35495,52,-0.4315,3,-4.4773,66,-0.0636,176,1.73099
ENSG00000068971,PPP2R5B,50,-0.5255,42,-0.7792,120,0.95214,105,0.71415,177,1.72634,1,-5.8685,27,-1.4350,29,-1.3555
ENSG00000213465,ARL2,129,-0.4873,61,-1.6427,196,0.18653,180,0.04450,190,0.13852,104,-0.8336,244,0.55947,296,0.90892
ENSG00000149823,VPS51,51,-0.4680,41,-0.8071,122,0.99436,124,1.03112,83,0.32425,1,-5.7051,45,-0.6603,80,0.25955
ENSG00000149809,TM7SF2,58,-0.7249,67,-0.5117,130,0.59884,200,1.38671,98,0.11922,1,-6.2283,41,-1.2429,137,0.68139
ENSG00000149806,FAU,329,-0.4404,298,-0.5980,571,0.47095,269,-0.7573,306,-0.5538,343,-0.3750,388,-0.1736,950,1.40870
ENSG00000162298,SYVN1,25,-0.8113,5,-3.0763,53,0.34643,21,-1.1243,58,0.51176,19,-1.2810,59,0.55698,101,1.54661
ENSG00000014216,CAPN1,59,0.32586,20,-1.3653,60,0.37757,173,2.49572,66,0.51510,1,-5.3590,7,-2.8797,0,-7.4822
ENSG00000245532,NEAT1,245,-0.6932,269,-0.5445,172,-1.2347,204,-0.9781,180,-1.1671,1034,1.86690,468,0.36343,444,0.27224
ENSG00000251562,MALAT1,1655,-2.1905,6672,-0.0355,722,-3.4114,164,-5.5584,2092,-1.8403,30866,3.18988,9790,0.61479,2579,-1.5248
ENSG00000142186,SCYL1,56,0.00450,4,-3.7696,63,0.17869,92,0.83905,41,-0.4860,104,1.06605,34,-0.7997,55,-0.0274
ENSG00000168056,LTBP3,47,-0.7292,31,-1.3442,145,1.15912,31,-1.3658,74,-0.0022,116,0.75105,59,-0.3812,93,0.36627
ENSG00000172757,CFL1,388,-0.7411,114,-2.5877,730,0.28426,1048,0.92022,645,0.07822,505,-0.3212,567,-0.1344,927,0.69881
ENSG00000172500,FIBP,28,-1.0733,38,-0.6052,96,0.94917,97,0.97342,95,0.92743,6,-3.3661,30,-0.9867,53,-0.0564
ENSG00000175602,CCDC85B,182,-0.1845,174,-0.2565,335,0.85602,294,0.61989,386,1.11559,51,-2.1228,153,-0.4592,55,-2.0305
ENSG00000175573,C11orf68,49,-0.0202,41,-0.2987,83,0.87039,53,0.11415,96,1.13880,5,-3.4794,26,-1.0157,45,-0.1574
ENSG00000175550,DRAP1,46,-0.9411,18,-2.3103,165,1.19749,87,0.08412,124,0.68138,21,-2.1346,78,-0.0951,126,0.70223
ENSG00000175334,BANF1,36,-1.0231,32,-1.2161,122,0.95942,58,-0.2962,59,-0.2736,13,-2.5846,62,-0.1840,176,1.68080
ENSG00000087365,SF3B2,66,-0.8131,60,-0.9590,174,0.77610,120,0.13639,110,-0.0046,71,-0.7076,158,0.60113,125,0.19910
ENSG00000175115,PACS1,46,0.31954,21,-0.9655,66,0.95467,46,0.32232,74,1.15033,1,-5.0184,20,-1.0260,31,-0.3394
ENSG00000174996,KLC2,57,-0.5017,36,-1.2236,79,0.00831,152,1.15074,259,2.28298,14,-2.6305,3,-4.5263,28,-1.5853
ENSG00000174903,RAB1B,72,-0.6933,73,-0.6857,88,-0.3913,156,0.56314,151,0.50461,90,-0.3568,170,0.71049,95,-0.2627
ENSG00000174871,CNIH2,41,-0.4069,9,-2.5930,119,1.43694,135,1.69798,93,0.96924,1,-5.4965,9,-2.6733,17,-1.7636
ENSG00000179292,TMEM151A,36,-2.8072,68,-1.8814,43,-2.5491,237,0.05355,177,-0.4216,255,0.17568,385,0.88754,636,1.88484
ENSG00000174684,B4GAT1,276,-0.5974,87,-2.3429,801,1.22083,617,0.73847,1023,1.71174,142,-1.6156,92,-2.2708,166,-1.3805
ENSG00000174516,PELI3,36,-0.0936,19,-1.1290,38,0.00026,48,0.37948,130,2.34130,1,-5.0285,14,-1.5944,21,-0.9373
ENSG00000174080,CTSF,114,-0.3060,84,-0.7855,200,0.63251,228,0.87040,202,0.64775,26,-2.5526,108,-0.3910,139,0.02099
ENSG00000173933,RBM4,74,0.34494,23,-1.5114,25,-1.3510,69,0.20949,97,0.80767,60,-0.0174,55,-0.1388,80,0.47163
ENSG00000173898,SPTBN2,41,-0.4559,41,-0.4372,123,1.46301,135,1.65479,83,0.71924,2,-4.9329,2,-4.8967,7,-2.9960
ENSG00000173599,PC,48,-0.0665,17,-1.7028,99,1.17400,60,0.29011,84,0.86927,1,-4.9383,45,-0.1681,49,-0.0525
ENSG00000173020,GRK2,69,0.21287,29,-1.1610,86,0.59582,71,0.25657,172,1.93380,1,-5.6891,37,-0.7941,20,-1.6832
ENSG00000172531,PPP1CA,63,0.11348,36,-0.7837,36,-0.7705,124,1.32407,77,0.46663,1,-5.1364,53,-0.1550,78,0.48034
ENSG00000172508,CARNS1,33,-3.2237,96,-1.6665,1,-7.9380,15,-4.3406,23,-3.7277,483,0.94567,533,1.13085,1051,2.63140
ENSG00000110697,PITPNM1,52,0.83764,9,-1.9399,31,-0.0619,72,1.42915,81,1.67202,1,-4.7745,0,-6.5463,11,-1.6693
ENSG00000167797,CDK2AP2,25,-0.8050,11,-2.0780,42,-0.0075,54,0.41787,52,0.36409,33,-0.3632,50,0.28657,69,0.83727
ENSG00000084207,GSTP1,274,-0.0113,87,-1.7901,458,0.87018,551,1.21522,132,-1.1645,152,-0.9509,231,-0.2893,324,0.26686
ENSG00000167792,NDUFV1,188,-0.1106,81,-1.4313,313,0.75448,305,0.71062,294,0.64343,140,-0.5857,165,-0.3258,125,-0.7661
ENSG00000110717,NDUFS8,63,-1.1949,80,-0.8421,263,1.15803,166,0.34041,229,0.90385,3,-5.3833,86,-0.7344,194,0.61150
ENSG00000110721,CHKA,9,-2.8425,14,-2.3126,118,1.08787,70,0.17997,16,-2.0828,103,0.84240,79,0.36779,95,0.69770
ENSG00000197345,MRPL21,33,-1.2847,34,-1.2334,113,0.69102,113,0.68838,142,1.10379,11,-2.8703,83,0.15946,73,-0.0517
ENSG00000085733,CTTN,38,-1.3668,17,-2.5111,99,0.15720,89,-0.0165,56,-0.7658,143,0.78616,155,0.92867,125,0.54966
ENSG00000172893,DHCR7,69,-0.2366,12,-2.7988,55,-0.5970,118,0.66065,79,-0.0309,24,-1.8650,119,0.67552,164,1.26091
ENSG00000137497,NUMA1,65,-0.1778,37,-1.0699,113,0.76468,62,-0.2482,75,0.06410,78,0.11798,64,-0.1955,85,0.26386
ENSG00000149357,LAMTOR1,131,-0.4795,60,-1.6758,188,0.10646,339,1.14400,198,0.18816,79,-1.2654,144,-0.3286,273,0.74169
ENSG00000162129,CLPB,34,-0.3072,40,-0.0349,49,0.30547,41,-0.0132,83,1.23934,7,-2.6824,35,-0.2457,39,-0.0867
ENSG00000214530,STARD10,22,-0.8028,4,-3.2570,84,1.45161,26,-0.5525,95,1.70801,1,-4.8106,33,-0.1856,31,-0.2838
ENSG00000110237,ARHGEF17,37,-0.8663,26,-1.3692,88,0.55177,121,1.14005,189,2.05106,1,-5.7439,30,-1.1827,14,-2.2786
ENSG00000054965,FAM168A,89,-0.5300,47,-1.5244,115,-0.1282,94,-0.4487,141,0.20591,169,0.51460,184,0.66604,156,0.37786
ENSG00000021300,PLEKHB1,338,-0.8650,504,-0.2328,513,-0.2057,98,-2.7281,123,-2.3899,399,-0.6063,1120,1.14858,1558,1.81626
ENSG00000175582,RAB6A,122,-0.9819,128,-0.9133,263,0.24528,459,1.24306,322,0.59305,279,0.34711,68,-1.8648,174,-0.4322
ENSG00000175575,PAAF1,23,-1.5776,61,-0.0978,44,-0.6133,46,-0.5526,74,0.22773,43,-0.6417,175,1.83873,50,-0.4109
ENSG00000214517,PPME1,19,-1.8949,24,-1.5884,167,1.68368,109,0.85559,138,1.29383,1,-5.8100,29,-1.2848,42,-0.7089
ENSG00000165434,PGM2L1,115,-0.1790,52,-1.4105,102,-0.3703,269,1.31287,353,1.87262,45,-1.6193,83,-0.6943,6,-4.4533
ENSG00000118363,SPCS2,99,-0.5801,104,-0.4914,212,0.68323,133,-0.1026,111,-0.3993,120,-0.2691,121,-0.2582,234,0.86193
ENSG00000137486,ARRB1,135,0.60449,55,-0.8578,145,0.72621,181,1.13309,185,1.17846,29,-1.8228,21,-2.3237,5,-4.1708
ENSG00000149273,RPS3,201,-1.0156,349,-0.1502,540,0.58666,178,-1.2030,140,-1.5713,352,-0.1354,588,0.73666,709,1.07766
ENSG00000171533,MAP6,88,-0.3988,15,-3.0186,144,0.39861,168,0.67137,185,0.84743,125,0.16447,118,0.07027,61,-0.9653
ENSG00000078124,ACER3,56,-0.6155,50,-0.7986,27,-1.7319,100,0.32083,59,-0.5240,70,-0.2735,158,1.13680,140,0.90511
ENSG00000149269,PAK1,38,-0.3709,24,-1.0722,58,0.30467,74,0.72776,153,2.20204,1,-5.3477,8,-2.6104,28,-0.8672
ENSG00000074201,CLNS1A,37,-1.1161,23,-1.7842,163,1.38890,93,0.36403,83,0.17737,14,-2.5450,134,1.01732,50,-0.6488
ENSG00000048649,RSF1,62,-1.0669,143,0.27083,101,-0.2973,28,-2.2602,162,0.48302,249,1.26380,118,-0.0511,110,-0.1650
ENSG00000151366,NDUFC2,152,-0.6570,74,-1.7489,314,0.53333,368,0.81316,360,0.77260,72,-1.7997,289,0.39044,203,-0.1961
ENSG00000137509,PRCP,56,-0.0211,21,-1.5339,80,0.57325,74,0.44610,62,0.15513,82,0.62717,11,-2.4523,67,0.28127
ENSG00000137502,RAB30,69,-0.1511,74,-0.0412,108,0.59771,47,-0.7811,34,-1.2784,45,-0.8271,111,0.63554,121,0.78781
ENSG00000137500,CCDC90B,8,-3.5342,25,-1.8745,51,-0.7899,85,0.02868,69,-0.3217,162,1.14872,74,-0.2019,198,1.53802
ENSG00000150672,DLG2,57,-0.9797,58,-0.9459,34,-1.7329,116,0.16791,91,-0.2287,203,1.15380,139,0.46544,143,0.51270
ENSG00000171204,TMEM126B,23,-1.5721,25,-1.4353,57,-0.1520,176,1.89785,86,0.53253,57,-0.1714,12,-2.4572,67,0.10865
ENSG00000137504,CREBZF,11,-2.3096,18,-1.6296,58,0.20451,28,-0.9631,48,-0.1061,100,1.15903,71,0.54763,77,0.68210
ENSG00000073921,PICALM,35,-2.5681,69,-1.5835,73,-1.4975,111,-0.8491,108,-0.9043,489,1.72694,315,0.86748,321,0.90127
ENSG00000180773,SLC36A4,32,-0.2556,15,-1.4102,77,1.26460,47,0.38808,69,1.06526,2,-4.4207,57,0.69942,1,-5.1436
ENSG00000166012,TAF1D,37,-1.1367,58,-0.4394,54,-0.5645,35,-1.2318,67,-0.2003,133,0.95496,94,0.34048,133,0.96133
ENSG00000166025,AMOTL1,51,0.54332,7,-2.3814,55,0.66651,106,1.95101,45,0.33128,1,-4.9759,1,-5.1921,29,-0.3692
ENSG00000150316,CWC15,34,-1.3252,24,-1.8479,114,0.60570,48,-0.7986,102,0.41173,182,1.46827,43,-0.9933,92,0.22986
ENSG00000263465,SRSF8,37,-0.6085,37,-0.6282,91,0.88432,52,-0.0578,79,0.62563,52,-0.0850,49,-0.1524,38,-0.5807
ENSG00000149218,ENDOD1,59,-1.7111,40,-2.2699,82,-1.2065,247,0.56783,154,-0.2273,202,0.22171,351,1.20668,279,0.77888
ENSG00000149212,SESN3,157,0.65531,19,-2.5944,103,-0.0680,43,-1.4330,221,1.27975,122,0.21673,121,0.20895,69,-0.6886
ENSG00000149231,CCDC82,22,-1.7380,32,-1.1486,65,-0.0567,62,-0.1269,40,-0.8203,189,1.90796,30,-1.2410,98,0.63052
ENSG00000110330,BIRC2,20,-1.5635,16,-1.9155,123,1.42712,76,0.53943,29,-1.0059,82,0.66573,44,-0.3611,52,-0.1129
ENSG00000152558,TMEM123,64,0.39760,16,-1.7815,63,0.38932,0,-7.8882,0,-6.7969,126,1.66506,65,0.42179,68,0.51772
ENSG00000152578,GRIA4,73,-1.1944,39,-2.1326,196,0.37591,233,0.66992,378,1.59027,197,0.38133,73,-1.2135,65,-1.3685
ENSG00000149313,AASDHPPT,101,-0.2580,30,-2.1040,216,1.04097,157,0.47702,213,1.01466,36,-1.8306,156,0.46088,39,-1.7338
ENSG00000152402,GUCY1A2,58,-0.3952,39,-0.9954,90,0.32146,45,-0.8001,177,1.57982,110,0.67207,52,-0.5543,20,-1.9976
ENSG00000152404,CWF19L2,33,-1.0158,32,-1.0419,32,-1.0639,5,-3.7193,87,0.56738,221,2.46076,84,0.49584,5,-3.5761
ENSG00000110675,ELMOD1,71,-0.8015,45,-1.4948,284,1.60950,70,-0.8210,430,2.57269,2,-5.7848,13,-3.3329,20,-2.6925
ENSG00000166266,CUL5,49,-0.3702,47,-0.4288,49,-0.3566,59,-0.0662,52,-0.2653,60,-0.0366,80,0.43890,95,0.74698
ENSG00000075239,ACAT1,60,-0.2286,24,-1.6535,64,-0.1322,53,-0.4270,103,0.67774,162,1.52487,13,-2.4932,75,0.12080
ENSG00000149311,ATM,8,-3.0185,36,-0.8160,59,-0.0338,35,-0.8649,15,-2.1593,136,1.44852,94,0.76613,99,0.85605
ENSG00000137710,RDX,76,-1.6426,134,-0.7777,112,-1.0593,50,-2.2520,131,-0.8138,429,1.19118,473,1.38059,338,0.75103
ENSG00000137714,FDX1,42,0.19629,8,-2.3289,48,0.43035,75,1.23091,58,0.75386,33,-0.1787,9,-2.0952,24,-0.7044
ENSG00000170145,SIK2,39,-0.1786,20,-1.1860,20,-1.1970,104,1.55398,74,0.90528,46,0.06788,42,-0.0638,4,-3.4249
ENSG00000109846,CRYAB,167,-3.1470,508,-1.4935,164,-3.1665,63,-4.5491,146,-3.3357,1435,0.14497,3529,1.82062,4508,2.39115
ENSG00000150764,DIXDC1,28,-1.3557,33,-1.0939,34,-1.0417,24,-1.5588,50,-0.4641,80,0.30526,141,1.32401,143,1.34265
ENSG00000150768,DLAT,35,-0.6389,12,-2.2549,48,-0.1309,121,1.51701,140,1.81890,1,-5.4665,34,-0.6764,25,-1.1391
ENSG00000150779,TIMM8B,44,-0.6359,27,-1.3750,118,1.01986,86,0.45326,47,-0.5319,69,0.09544,76,0.26061,56,-0.2546
ENSG00000150787,PTS,57,-0.4055,10,-2.9307,147,1.23518,176,1.58682,79,0.13600,7,-3.3878,48,-0.6542,58,-0.3632
ENSG00000149294,NCAM1,380,-0.2332,213,-1.1395,425,-0.0502,547,0.37134,555,0.39692,351,-0.3571,581,0.47727,452,0.05193
ENSG00000109906,ZBTB16,17,-1.5615,62,0.44210,60,0.39333,20,-1.3043,93,1.16630,74,0.76387,49,0.06432,4,-3.7276
ENSG00000182985,CADM1,91,-0.1439,59,-0.8228,191,1.13450,92,-0.1288,177,0.99061,104,0.06914,31,-1.8233,53,-1.0098
ENSG00000160584,SIK3,82,-0.5417,54,-1.2053,109,-0.0916,45,-1.4713,185,0.81358,253,1.39630,89,-0.4140,105,-0.1468
ENSG00000168092,PAFAH1B2,125,-1.2256,92,-1.6899,309,0.20867,325,0.28947,362,0.47513,322,0.27413,304,0.18023,344,0.38681
ENSG00000149577,SIDT2,28,-0.8869,10,-2.4218,29,-0.8419,8,-2.6389,75,0.70576,84,0.91708,65,0.45637,96,1.15053
ENSG00000186318,BACE1,21,-3.7737,79,-1.8587,19,-3.9175,144,-0.9503,74,-1.9580,423,0.82754,648,1.65121,682,1.76025
ENSG00000137726,FXYD6,238,-0.5481,59,-2.6541,1001,2.05799,698,1.30098,470,0.57410,12,-4.9317,110,-1.7400,92,-2.0028
ENSG00000149575,SCN2B,123,0.46723,20,-2.3280,77,-0.3012,55,-0.8398,396,2.98129,18,-2.4703,19,-2.4461,36,-1.4764
ENSG00000110344,UBE4A,62,-0.5230,18,-2.3766,80,-0.1250,112,0.43511,174,1.23990,15,-2.6684,78,-0.1535,150,0.95621
ENSG00000167283,ATP5MG,165,-0.9097,195,-0.6541,640,1.39560,469,0.81081,312,0.10937,128,-1.2984,51,-2.6683,379,0.43799
ENSG00000118058,KMT2A,106,-0.3881,85,-0.7330,91,-0.6367,19,-2.9372,152,0.20125,418,2.14049,164,0.32557,43,-1.7547
ENSG00000149582,TMEM25,33,-0.7122,9,-2.6311,67,0.44894,140,1.84400,113,1.39897,1,-5.4502,0,-7.0448,48,-0.1072
ENSG00000095139,ARCN1,29,-1.3124,7,-3.3470,93,0.57099,108,0.83925,91,0.54116,42,-0.7102,54,-0.3306,106,0.79578
ENSG00000019144,PHLDB1,46,-1.1376,83,-0.2338,44,-1.2103,18,-2.5618,32,-1.6796,169,0.98505,138,0.62212,235,1.62302
ENSG00000110367,DDX6,123,-0.4022,81,-1.0440,183,0.24907,105,-0.6398,229,0.63780,206,0.45581,236,0.69189,95,-0.8100
ENSG00000118181,RPS25,373,-0.8162,540,-0.2295,851,0.53054,295,-1.1768,264,-1.3468,494,-0.3712,922,0.67251,1232,1.20509
ENSG00000196655,TRAPPC4,29,-0.4901,6,-2.8769,25,-0.7348,76,1.14793,84,1.33272,4,-3.2712,19,-1.1007,72,1.04337
ENSG00000149428,HYOU1,58,-0.0500,30,-1.0531,124,1.30199,74,0.35655,116,1.16158,4,-3.8372,25,-1.3413,44,-0.4652
ENSG00000172375,C2CD2L,27,-0.8892,21,-1.2967,84,0.94795,105,1.38162,77,0.79217,65,0.50358,7,-2.9249,0,-7.2728
ENSG00000154096,THY1,439,-0.3679,120,-2.3492,631,0.22663,1375,1.66471,1677,2.10134,16,-5.2826,75,-3.0292,75,-3.0280
ENSG00000110400,NECTIN1,29,-0.8021,7,-2.9685,11,-2.2944,7,-2.9788,30,-0.7532,53,0.13238,108,1.39683,147,2.06048
ENSG00000196914,ARHGEF12,93,0.36745,66,-0.1857,91,0.34731,112,0.69639,113,0.71860,73,-0.0365,39,-1.0123,7,-3.5196
ENSG00000109929,SC5D,156,-0.4834,68,-1.7565,143,-0.6241,280,0.47644,305,0.63082,230,0.14744,211,0.00496,292,0.54993
ENSG00000137642,SORL1,216,-0.1495,92,-1.4779,253,0.11660,183,-0.4119,290,0.34471,464,1.18762,193,-0.3304,198,-0.2848
ENSG00000255248,MIR100HG,59,-0.1136,38,-0.8111,136,1.36593,28,-1.2744,132,1.29797,26,-1.3615,77,0.32990,9,-2.9339
ENSG00000109971,HSPA8,482,-0.8760,258,-1.8267,696,-0.2978,2109,1.68983,1428,0.92710,536,-0.7118,482,-0.8765,691,-0.3080
ENSG00000023171,GRAMD1B,41,-0.3014,40,-0.3469,43,-0.2142,89,1.01701,173,2.42493,1,-5.3922,4,-3.5687,4,-3.5768
ENSG00000166257,SCN3B,88,-0.0294,48,-0.9869,163,1.03234,150,0.88130,191,1.33681,1,-6.2505,50,-0.9240,27,-1.8358
ENSG00000110002,VWA5A,33,-0.5416,5,-3.1819,85,1.01492,129,1.85097,37,-0.3842,59,0.38779,4,-3.6619,24,-1.0694
ENSG00000154144,TBRG1,63,0.25767,21,-1.4413,35,-0.6793,45,-0.2735,66,0.35015,112,1.30293,27,-1.0756,59,0.16939
ENSG00000110013,SIAE,64,-0.3117,21,-2.0176,57,-0.4912,117,0.69468,129,0.87476,93,0.30904,51,-0.6718,88,0.21716
ENSG00000165478,HEPACAM,79,-1.3015,108,-0.8275,125,-0.6068,6,-4.9943,26,-2.9730,255,0.57008,421,1.50407,437,1.58013
ENSG00000149557,FEZ1,131,-1.8388,148,-1.6496,200,-1.1917,172,-1.4248,158,-1.5525,462,0.13335,721,0.90795,1417,2.31426
ENSG00000149547,EI24,45,-1.2774,91,-0.1872,61,-0.8211,117,0.22311,66,-0.7043,114,0.17476,193,1.10608,132,0.42016
ENSG00000110080,ST3GAL4,10,-2.1810,18,-1.2359,0,-5.5640,60,0.67500,4,-3.3632,1,-4.9860,99,1.61001,131,2.23262
ENSG00000084234,APLP2,246,-0.4093,108,-1.6820,507,0.80857,295,-0.1183,698,1.40980,130,-1.3964,252,-0.3693,298,-0.0997
ENSG00000196323,ZBTB44,46,-0.4466,34,-0.9249,58,-0.0695,18,-1.8700,82,0.50009,161,1.77044,46,-0.4440,42,-0.5853
ENSG00000120451,SNX19,39,-0.2437,17,-1.5585,68,0.68982,43,-0.1084,57,0.37187,21,-1.2356,75,0.84434,45,-0.0073
ENSG00000182667,NTM,212,0.01802,152,-0.5205,128,-0.7900,64,-1.8302,230,0.15660,299,0.60264,405,1.15416,187,-0.1904
ENSG00000183715,OPCML,28,-1.0009,21,-1.4317,102,1.16484,52,0.00237,114,1.38154,80,0.72119,7,-2.9013,14,-1.9913
ENSG00000166086,JAM3,25,-1.9413,35,-1.4177,18,-2.3938,10,-3.2916,42,-1.1467,33,-1.5354,241,1.86913,297,2.35380
ENSG00000151502,VPS26B,27,-0.9731,1,-5.0242,92,1.07634,126,1.70586,83,0.88555,1,-5.3945,45,-0.1549,20,-1.3667
ENSG00000151500,THYN1,34,-0.1452,19,-1.0804,98,1.73276,45,0.29869,39,0.05592,1,-4.9193,37,-0.0301,28,-0.4583
ENSG00000109956,B3GAT1,17,-3.7854,67,-1.8180,87,-1.4195,9,-4.6625,107,-1.1098,241,0.18081,475,1.40150,727,2.33613
ENSG00000120645,IQSEC3,50,0.03106,23,-1.1571,86,0.97812,60,0.33255,141,1.96704,1,-5.3693,15,-1.8438,15,-1.7677
ENSG00000060237,WNK1,106,-2.2604,289,-0.7429,168,-1.5745,138,-1.8751,158,-1.6690,1563,2.36948,673,0.64898,583,0.39829
ENSG00000082805,ERC1,40,0.06030,30,-0.3662,44,0.21890,17,-1.2231,96,1.65363,7,-2.4345,31,-0.3451,41,0.10822
ENSG00000006831,ADIPOR2,14,-3.0821,19,-2.6614,80,-0.4826,17,-2.8166,32,-1.8809,332,2.11495,224,1.28286,148,0.53156
ENSG00000004478,FKBP4,75,-0.9568,36,-2.0456,140,0.03611,195,0.60557,359,1.77267,147,0.12621,81,-0.8370,59,-1.3029
ENSG00000118971,CCND2,33,-0.3208,49,0.34614,50,0.38894,2,-4.3414,77,1.13840,55,0.54666,27,-0.6432,26,-0.6506
ENSG00000139180,NDUFA9,44,-0.4033,14,-2.1211,62,0.16494,132,1.51835,116,1.25850,19,-1.6559,52,-0.1276,12,-2.2815
ENSG00000130035,GALNT8,31,-0.2284,5,-2.8814,58,0.83300,65,1.03292,110,2.09339,1,-4.9343,1,-4.8531,15,-1.2972
ENSG00000110799,VWF,63,0.28887,35,-0.6617,98,1.06732,0,-7.9698,19,-1.5549,53,0.00864,29,-0.9364,126,1.55833
ENSG00000010278,CD9,43,-1.3772,28,-2.0275,43,-1.3936,16,-2.8043,5,-4.3843,57,-0.9525,219,1.31199,423,2.83650
ENSG00000215039,CD27-AS1,32,-0.7285,18,-1.6322,33,-0.6951,36,-0.5760,51,0.00776,115,1.44330,66,0.43049,58,0.20299
ENSG00000139190,VAMP1,96,-0.6859,34,-2.2458,248,0.90303,133,-0.1581,397,1.83531,69,-1.1984,77,-1.0245,121,-0.3148
ENSG00000111639,MRPL51,67,-1.1462,94,-0.6221,181,0.44906,146,0.08668,151,0.14450,62,-1.2660,185,0.48853,222,0.80836
ENSG00000111640,GAPDH,1291,-1.0200,789,-1.7691,3340,0.52109,6654,1.84355,3044,0.36153,1012,-1.3935,1021,-1.3805,2478,0.01636
ENSG00000111642,CHD4,111,-0.1757,109,-0.2063,79,-0.7198,94,-0.4494,120,-0.0497,152,0.33805,208,0.89164,118,-0.0769
ENSG00000139200,PIANP,63,-0.2733,10,-2.9907,194,1.75612,140,1.10608,129,0.95478,1,-5.9796,15,-2.4269,42,-0.9030
ENSG00000111652,COPS7A,37,-1.3262,14,-2.7622,132,0.70431,252,1.97177,149,0.91526,39,-1.2457,52,-0.8372,24,-2.0016
ENSG00000089693,MLF2,110,-0.7395,39,-2.2946,358,1.27245,268,0.73627,300,0.93574,72,-1.3811,67,-1.4861,180,0.05156
ENSG00000159335,PTMS,105,0.73522,53,-0.3902,109,0.79924,110,0.82856,110,0.81612,2,-5.1321,15,-2.2706,40,-0.8308
ENSG00000250510,GPR162,28,-1.2208,24,-1.4016,165,1.84692,57,-0.0911,193,2.21390,1,-5.6797,9,-2.8528,6,-3.4986
ENSG00000111667,USP5,69,-0.9006,9,-3.9381,149,0.33141,453,2.58769,176,0.61823,1,-6.4745,52,-1.3362,68,-0.9175
ENSG00000111669,TPI1,443,-0.2612,208,-1.4394,635,0.33480,1431,1.87650,840,0.82472,164,-1.7955,245,-1.1901,192,-1.5555
ENSG00000111674,ENO2,392,-0.5729,128,-2.2724,803,0.61318,1300,1.51750,1497,1.81301,68,-3.2109,75,-3.0537,213,-1.5106
ENSG00000111676,ATN1,13,-2.3712,38,-0.7717,150,1.57967,36,-0.8900,82,0.45988,16,-2.0411,94,0.69271,70,0.18559
ENSG00000111678,C12orf57,134,-0.2519,91,-0.8605,292,1.09212,173,0.17221,194,0.36354,19,-3.1848,108,-0.5902,238,0.71963
ENSG00000215021,PHB2,40,-0.9575,36,-1.0916,166,1.47092,101,0.54628,94,0.41994,10,-2.9640,80,0.14501,57,-0.4025
ENSG00000139182,CLSTN3,142,-0.3328,26,-2.8913,250,0.61034,414,1.55957,508,2.00406,51,-1.9004,3,-5.8985,0,-8.6844
ENSG00000139197,PEX5,33,-0.2244,23,-0.7435,47,0.36975,55,0.63912,42,0.17134,1,-4.9913,60,0.79069,40,0.10777
ENSG00000059804,SLC2A3,54,-0.5566,8,-3.3430,71,-0.1296,248,2.23627,181,1.53980,33,-1.3319,4,-4.2903,15,-2.4564
ENSG00000089818,NECAP1,103,-0.2616,23,-2.5202,150,0.36162,257,1.33936,267,1.42075,74,-0.7843,16,-3.0024,75,-0.7583
ENSG00000003056,M6PR,28,-1.0199,22,-1.4018,111,1.27966,58,0.13838,79,0.65856,59,0.15071,24,-1.2408,48,-0.1852
ENSG00000175899,A2M,296,0.28772,209,-0.2891,426,0.92396,28,-3.3141,53,-2.3651,356,0.60351,83,-1.7141,544,1.38977
ENSG00000139112,GABARAPL1,172,-0.6301,108,-1.3462,408,0.80811,559,1.40458,502,1.19513,139,-0.9564,68,-2.0451,80,-1.8042
ENSG00000256537,SMIM10L1,26,-1.2603,38,-0.6536,57,-0.0389,106,1.05010,57,-0.0238,32,-0.9328,66,0.21267,82,0.57286
ENSG00000111269,CREBL2,48,-0.6138,37,-1.0028,96,0.52961,106,0.70650,75,0.11246,57,-0.3423,89,0.40227,53,-0.4581
ENSG00000111276,CDKN1B,70,-0.6052,39,-1.4763,197,1.15618,64,-0.7314,89,-0.2086,68,-0.6467,82,-0.3434,204,1.22060
ENSG00000084444,FAM234B,34,-0.5933,28,-0.9159,64,0.42085,84,0.91877,123,1.64613,21,-1.3353,27,-0.9513,15,-1.8319
ENSG00000246705,H2AFJ,26,-0.9515,12,-2.0838,42,-0.1890,0,-7.8104,18,-1.4576,38,-0.3430,73,0.72747,170,2.48672
ENSG00000084463,WBP11,55,-0.5706,41,-1.0246,60,-0.4285,98,0.36835,74,-0.0920,173,1.40253,42,-0.9970,85,0.13835
ENSG00000023734,STRAP,95,-0.8417,60,-1.5361,179,0.17218,411,1.70876,280,0.95655,153,-0.0835,39,-2.1889,72,-1.2674
ENSG00000008394,MGST1,154,1.55444,77,0.29007,247,2.64570,15,-2.2758,2,-4.6912,1,-5.7867,5,-3.6954,18,-1.9327
ENSG00000048540,LMO3,28,-0.8179,45,-0.0713,156,2.30328,68,0.63222,17,-1.5563,18,-1.5123,32,-0.6118,11,-2.1569
ENSG00000084453,SLCO1A2,14,-2.4169,45,-0.6932,26,-1.5296,7,-3.3722,6,-3.6816,216,2.12736,163,1.52123,82,0.25785
ENSG00000134548,SPX,43,-0.5433,52,-0.2286,79,0.45357,78,0.43526,160,1.78624,27,-1.2497,9,-2.8441,34,-0.9184
ENSG00000111716,LDHB,551,-0.1017,233,-1.4523,1098,1.09577,853,0.63604,956,0.83912,299,-1.0666,369,-0.7434,334,-0.8958
ENSG00000111726,CMAS,99,-0.6958,37,-2.1740,207,0.50481,501,2.26487,229,0.67823,29,-2.5450,69,-1.2471,56,-1.5696
ENSG00000111728,ST8SIA1,51,0.50871,8,-2.2992,32,-0.2643,45,0.29093,118,2.15416,5,-2.9523,32,-0.2466,10,-2.0429
ENSG00000139163,ETNK1,81,-0.7087,38,-1.8590,238,1.10146,169,0.48719,119,-0.1081,189,0.67810,95,-0.4705,85,-0.6444
ENSG00000060982,BCAT1,44,-1.6420,70,-0.9315,26,-2.3931,241,1.12150,200,0.78357,282,1.42815,66,-1.0305,83,-0.6671
ENSG00000205707,ETFRF1,17,-1.9075,9,-2.8465,47,-0.3196,60,0.06339,27,-1.1942,66,0.23484,81,0.57459,154,1.80610
ENSG00000133703,KRAS,35,-0.3624,38,-0.2421,47,0.09412,28,-0.7267,73,0.85661,29,-0.6475,89,1.22146,14,-1.7229
ENSG00000123095,BHLHE41,34,-2.0061,45,-1.6023,156,0.35285,74,-0.8491,160,0.38765,41,-1.7532,269,1.33398,234,1.06462
ENSG00000111790,FGFR1OP2,14,-2.0625,30,-0.9536,19,-1.6035,55,-0.0084,81,0.65231,38,-0.5936,104,1.11913,98,1.00083
ENSG00000064115,TM7SF3,54,-0.2299,5,-3.7254,86,0.54707,82,0.46563,86,0.55871,85,0.52234,28,-1.2392,71,0.21373
ENSG00000110841,PPFIBP1,7,-3.1641,59,-0.0621,56,-0.1368,9,-2.8247,44,-0.5361,189,2.12159,79,0.42879,46,-0.4467
ENSG00000061794,MRPS35,24,-0.9821,26,-0.8419,60,0.51866,103,1.51055,32,-0.5068,38,-0.2382,16,-1.5780,55,0.35545
ENSG00000087448,KLHL42,52,-1.0520,19,-2.5363,100,-0.0367,71,-0.5888,138,0.51532,218,1.35154,123,0.32052,93,-0.1450
ENSG00000123106,CCDC91,69,-0.6098,83,-0.3135,83,-0.3082,58,-0.8845,212,1.32114,84,-0.2963,173,0.93526,43,-1.3172
ENSG00000087502,ERGIC2,29,-0.8639,16,-1.7462,55,0.17222,60,0.31151,45,-0.1443,77,0.73981,71,0.60203,44,-0.1817
ENSG00000133687,TMTC1,19,-1.3868,31,-0.6080,56,0.32136,104,1.44742,97,1.31509,34,-0.4857,0,-6.7972,27,-0.8260
ENSG00000110888,CAPRIN2,36,-0.6353,8,-2.8668,71,0.44229,223,2.86760,65,0.29984,3,-4.1252,11,-2.4028,17,-1.7930
ENSG00000170456,DENND5B,55,-0.1582,15,-2.1181,84,0.53459,46,-0.4534,170,1.88794,85,0.55146,28,-1.2160,5,-3.5785
ENSG00000151746,BICD1,43,-0.4140,37,-0.6431,40,-0.5202,73,0.47126,117,1.31260,77,0.56077,13,-2.2324,43,-0.3947
ENSG00000087470,DNM1L,61,-1.4008,85,-0.8961,228,0.71981,166,0.17453,215,0.61708,262,0.97641,124,-0.3014,53,-1.5980
ENSG00000139116,KIF21A,285,-0.6592,289,-0.6367,252,-0.8534,973,1.46171,763,0.99533,451,0.07904,277,-0.7059,151,-1.6359
ENSG00000151229,SLC2A13,41,-1.4088,34,-1.6719,56,-0.9465,284,1.91736,378,2.60642,3,-5.0886,3,-5.0152,10,-3.4710
ENSG00000018236,CNTN1,252,-0.0840,91,-1.6619,435,0.84729,502,1.11417,597,1.44824,140,-1.0123,47,-2.6335,60,-2.2967
ENSG00000015153,YAF2,61,0.11593,16,-1.9783,90,0.78290,54,-0.0714,65,0.22032,95,0.88280,37,-0.6840,37,-0.6940
ENSG00000139168,ZCRB1,68,-1.4524,246,0.61375,68,-1.4481,70,-1.3947,112,-0.6788,206,0.30723,351,1.26838,249,0.63487
ENSG00000151239,TWF1,43,-0.3040,22,-1.3487,66,0.41988,18,-1.6627,46,-0.1995,83,0.79888,33,-0.7211,104,1.22319
ENSG00000184613,NELL2,60,-0.1213,17,-2.0762,68,0.07963,148,1.47996,204,2.17862,1,-5.7800,7,-3.1982,12,-2.5150
ENSG00000139218,SCAF11,71,-0.0540,53,-0.5304,71,-0.0579,36,-1.1243,20,-2.0132,180,1.62201,131,0.99623,26,-1.5836
ENSG00000111371,SLC38A1,101,-0.4157,56,-1.3173,224,0.93100,195,0.68187,337,1.72986,58,-1.2862,52,-1.4254,22,-2.7217
ENSG00000134294,SLC38A2,89,-0.6106,77,-0.8360,90,-0.5973,183,0.57145,220,0.89430,86,-0.6696,164,0.37537,136,0.06984
ENSG00000139211,AMIGO2,31,-1.4130,22,-1.9484,101,0.44584,348,3.14346,79,0.02428,1,-6.0348,37,-1.1795,2,-5.0932
ENSG00000211584,SLC48A1,63,-1.9444,54,-2.1574,89,-1.4159,170,-0.4203,128,-0.8640,287,0.44334,440,1.21517,532,1.59469
ENSG00000152556,PFKM,85,-0.4870,24,-2.4279,171,0.66811,323,1.90454,215,1.08386,70,-0.8059,12,-3.3664,24,-2.3897
ENSG00000177981,ASB8,41,-0.0060,29,-0.5452,76,1.04623,34,-0.3189,106,1.70479,1,-5.1373,17,-1.4087,27,-0.6603
ENSG00000177875,CCDC184,36,-0.3242,20,-1.2729,54,0.31110,157,2.44648,84,1.09669,1,-5.2437,0,-7.1029,5,-3.2686
ENSG00000134287,ARF3,141,-0.4420,111,-0.8182,341,1.06872,266,0.61972,306,0.86805,61,-1.7290,104,-0.9176,149,-0.3481
ENSG00000181929,PRKAG1,30,-0.5351,24,-0.8628,47,0.19181,48,0.23468,52,0.38435,65,0.75629,23,-0.9296,44,0.08917
ENSG00000123416,TUBA1B,1159,-0.8212,573,-1.8958,2127,0.15428,4905,1.69565,3147,0.83396,565,-1.9166,1274,-0.6735,1753,-0.1642
ENSG00000167552,TUBA1A,841,-1.4841,739,-1.6798,915,-1.3565,5174,1.57537,977,-1.2570,1342,-0.7670,2713,0.37828,4624,1.34917
ENSG00000139644,TMBIM6,417,-0.2898,223,-1.2678,369,-0.4839,467,-0.1066,396,-0.3711,591,0.28428,683,0.53319,840,0.90099
ENSG00000135472,FAIM2,334,-0.6748,157,-1.8246,584,0.22925,721,0.59025,1348,1.79113,244,-1.1649,313,-0.7750,370,-0.5153
ENSG00000110881,ASIC1,26,-0.5976,41,0.17084,59,0.78591,10,-1.9482,99,1.79086,25,-0.6133,18,-1.0910,18,-1.0917
ENSG00000167588,GPD1,0,-9.0962,29,-1.5734,2,-5.2328,11,-2.9901,1,-6.1000,10,-3.0890,243,2.08599,346,3.01757
ENSG00000178449,COX14,38,-1.7773,69,-0.8700,207,0.95052,210,0.98315,116,-0.0389,65,-0.9690,54,-1.2470,195,0.84385
ENSG00000066084,DIP2B,16,-2.9997,34,-1.9148,45,-1.5007,34,-1.8963,66,-0.9102,363,2.12865,197,0.88550,186,0.77991
ENSG00000185432,METTL7A,344,1.60141,138,-0.0533,517,2.54201,19,-3.0295,37,-2.0885,23,-2.7469,25,-2.6234,33,-2.2451
ENSG00000110911,SLC11A2,50,-0.0466,13,-2.0939,54,0.08718,25,-1.1086,71,0.54269,95,1.06797,36,-0.5771,66,0.43752
ENSG00000183283,DAZAP2,170,-0.3456,64,-1.8420,236,0.18834,160,-0.4430,162,-0.4253,278,0.46428,211,0.00415,404,1.13989
ENSG00000050438,SLC4A8,90,-0.2282,33,-1.7870,93,-0.1887,41,-1.4652,297,1.94807,142,0.51764,101,-0.0461,37,-1.6238
ENSG00000196876,SCN8A,77,0.55111,19,-1.6486,71,0.41362,22,-1.4684,225,2.82117,1,-5.4266,30,-0.9707,0,-7.6039
ENSG00000135503,ACVR1B,23,-0.6858,15,-1.4024,21,-0.8455,64,0.98926,94,1.74276,27,-0.4388,20,-0.9000,24,-0.6645
ENSG00000063046,EIF4B,131,-0.4410,119,-0.5940,203,0.28031,96,-0.9284,150,-0.2216,328,1.13064,159,-0.1244,189,0.15700
ENSG00000167778,SPRYD3,139,-0.0569,59,-1.3980,285,1.20428,181,0.38571,311,1.37505,18,-3.1345,66,-1.2323,91,-0.7318
ENSG00000167779,IGFBP6,27,-0.7162,25,-0.8493,69,0.83686,22,-0.9939,174,2.86610,1,-5.1589,0,-6.8340,20,-1.1393
ENSG00000123349,PFDN5,266,-0.9050,418,-0.1906,618,0.46156,310,-0.6677,265,-0.9142,515,0.14999,624,0.47738,744,0.78746
ENSG00000139637,C12orf10,36,-1.1359,17,-2.2549,150,1.23723,157,1.32213,155,1.29330,32,-1.3128,18,-2.1241,29,-1.4604
ENSG00000205352,PRR13,77,-0.1241,37,-1.2536,92,0.17119,171,1.27474,113,0.51056,2,-5.3452,85,0.03396,88,0.08967
ENSG00000197111,PCBP2,229,-0.3618,108,-1.5162,350,0.33853,329,0.23214,286,-0.0009,355,0.36452,279,-0.0371,350,0.34091
ENSG00000135390,ATP5MC2,131,-0.7485,88,-1.3552,265,0.39171,150,-0.5393,131,-0.7536,289,0.54332,208,-0.0101,414,1.19730
ENSG00000094916,CBX5,75,-0.8266,56,-1.2740,182,0.62950,73,-0.8682,121,-0.0626,267,1.33545,131,0.06600,101,-0.3514
ENSG00000135486,HNRNPA1,172,-0.8445,268,-0.1451,385,0.46101,122,-1.3785,183,-0.7537,435,0.67653,386,0.46623,390,0.48543
ENSG00000111481,COPZ1,77,0.27624,27,-1.4043,100,0.72029,75,0.23030,104,0.78809,12,-2.5026,54,-0.3106,74,0.20641
ENSG00000161642,ZNF385A,105,1.17095,40,-0.4880,157,1.99994,21,-1.4441,78,0.63399,1,-5.5143,5,-3.3873,22,-1.3627
ENSG00000135441,BLOC1S1,77,-0.8871,43,-1.7868,179,0.47654,95,-0.5582,84,-0.7525,200,0.66887,71,-1.0234,330,1.62176
ENSG00000135404,CD63,266,-0.0479,140,-1.0702,426,0.75140,491,1.01159,212,-0.4191,124,-1.2511,251,-0.1451,285,0.06307
ENSG00000135414,GDF11,27,-0.2637,62,1.12049,32,-0.0307,24,-0.4824,68,1.30673,1,-4.7679,27,-0.2954,18,-0.9109
ENSG00000205323,SARNP,44,-0.9240,23,-1.8652,96,0.33988,92,0.27136,78,0.00581,201,1.72485,61,-0.4010,30,-1.4946
ENSG00000111540,RAB5B,119,-0.7713,97,-1.0864,132,-0.6157,191,-0.0174,222,0.22773,238,0.34833,281,0.63486,266,0.54040
ENSG00000197728,RPS26,395,-1.0353,570,-0.4630,1032,0.51993,498,-0.6754,412,-0.9701,523,-0.5971,964,0.40331,1673,1.41353
ENSG00000065361,ERBB3,24,-2.6247,73,-0.9414,1,-6.4219,2,-6.0628,5,-4.8004,332,1.66592,275,1.28762,350,1.77744
ENSG00000170515,PA2G4,36,-0.8074,62,0.04472,29,-1.1624,65,0.11826,69,0.20378,59,-0.0528,50,-0.3113,115,1.11487
ENSG00000229117,RPL41,882,-0.7914,1307,-0.1648,2637,1.04752,863,-0.8256,595,-1.3967,907,-0.7479,1707,0.27679,2670,1.07041
ENSG00000139641,ESYT1,39,-0.3570,0,-7.5063,62,0.37685,222,3.15343,30,-0.7591,4,-3.6150,21,-1.3540,16,-1.7619
ENSG00000196465,MYL6B,59,-0.6181,78,-0.1731,126,0.62048,150,0.93363,137,0.76913,1,-6.2058,75,-0.2416,71,-0.3241
ENSG00000092841,MYL6,324,-0.4837,234,-0.9948,380,-0.2315,906,1.28923,320,-0.5037,214,-1.1317,443,0.01953,679,0.75201
ENSG00000139613,SMARCC2,21,-1.4874,56,0.05176,105,1.17123,40,-0.4611,68,0.38657,14,-2.0457,66,0.33504,61,0.20775
ENSG00000181852,RNF41,56,0.04923,11,-2.4084,104,1.11610,70,0.41352,119,1.37564,33,-0.8049,20,-1.5906,25,-1.2301
ENSG00000139579,NABP2,55,-0.1811,13,-2.3613,95,0.75927,65,0.10930,102,0.89127,51,-0.2787,16,-2.0308,90,0.66040
ENSG00000139645,ANKRD52,34,-0.2399,11,-1.9566,31,-0.3584,70,0.98427,129,2.25694,1,-5.0675,30,-0.4098,9,-2.2633
ENSG00000062485,CS,44,-0.6082,26,-1.4077,103,0.79718,123,1.11206,156,1.58418,7,-3.2916,13,-2.4203,46,-0.5633
ENSG00000257727,CNPY2,44,-0.7797,26,-1.5787,115,0.79098,74,0.04884,104,0.60906,16,-2.3282,100,0.53942,100,0.54113
ENSG00000170581,STAT2,44,-1.2660,49,-1.1073,61,-0.7663,55,-0.9192,68,-0.5843,218,1.41416,131,0.47737,162,0.85566
ENSG00000076108,BAZ2A,20,-1.1836,50,0.24185,71,0.86025,41,-0.0745,64,0.66605,6,-3.0002,11,-2.0294,81,1.10282
ENSG00000110955,ATP5F1B,406,-0.6181,215,-1.5960,852,0.60608,1357,1.47605,1150,1.15310,256,-1.3305,207,-1.6492,325,-0.9621
ENSG00000110958,PTGES3,221,-0.6116,139,-1.3341,347,0.11315,599,1.07167,293,-0.1658,252,-0.4090,263,-0.3408,479,0.66482
ENSG00000196531,NACA,308,-0.6005,451,0.01201,622,0.55516,303,-0.6273,301,-0.6401,411,-0.1425,472,0.08579,716,0.80410
ENSG00000123384,LRP1,178,0.28263,76,-1.0864,416,1.87869,118,-0.3886,208,0.54216,70,-1.2081,77,-1.0651,62,-1.3874
ENSG00000179912,R3HDM2,30,-0.5851,26,-0.7628,31,-0.5168,16,-1.5574,61,0.59094,56,0.43465,84,1.15929,40,-0.1010
ENSG00000166986,MARS,34,-0.2322,14,-1.5528,34,-0.2232,93,1.54061,79,1.22273,3,-3.5243,14,-1.6010,43,0.13061
ENSG00000175197,DDIT3,9,-2.4088,34,-0.3935,98,1.45014,60,0.55652,62,0.61507,1,-5.1984,10,-2.1572,72,0.86891
ENSG00000175203,DCTN2,99,-0.7216,22,-2.9834,106,-0.6119,485,2.15632,200,0.42159,101,-0.6903,93,-0.8177,138,-0.1931
ENSG00000155980,KIF5A,119,-0.9360,55,-2.0979,303,0.57924,400,1.08068,632,2.01647,60,-1.9703,78,-1.5873,75,-1.6528
ENSG00000178498,DTX3,48,0.16484,1,-4.8413,77,0.99332,42,-0.0640,91,1.31218,1,-5.2061,8,-2.4828,78,1.02083
ENSG00000135454,B4GALNT1,16,-1.6638,14,-1.8461,55,0.22245,153,2.19971,144,2.06600,1,-5.3490,0,-7.2071,0,-7.4738
ENSG00000135506,OS9,94,-0.0929,51,-1.0508,207,1.30210,111,0.19008,160,0.82167,127,0.41647,21,-2.4001,22,-2.2758
ENSG00000135452,TSPAN31,41,0.13406,24,-0.7059,65,0.94945,27,-0.5169,33,-0.2222,38,0.01288,31,-0.3297,42,0.18614
ENSG00000175215,CTDSP2,27,-0.9871,30,-0.7875,63,0.39353,20,-1.3940,28,-0.8870,51,0.02317,28,-0.9347,152,2.09352
ENSG00000061987,MON2,23,-1.3943,13,-2.2990,19,-1.7427,25,-1.3286,31,-0.9662,176,2.09662,76,0.46246,99,0.92710
ENSG00000184575,XPOT,44,-0.7361,21,-1.8209,106,0.70630,86,0.34686,98,0.56962,105,0.68589,55,-0.3825,44,-0.7396
ENSG00000135677,GNS,35,-0.3033,11,-2.0216,47,0.16869,120,1.93073,61,0.62441,8,-2.5425,24,-0.8634,32,-0.4600
ENSG00000155957,TMBIM4,36,-0.8206,26,-1.3134,50,-0.3040,57,-0.1061,27,-1.2623,72,0.28677,74,0.31970,144,1.54347
ENSG00000111530,CAND1,66,-0.8569,56,-1.1007,156,0.55322,256,1.47295,198,0.98034,5,-4.5301,78,-0.5758,84,-0.4663
ENSG00000127314,RAP1B,33,-1.2395,33,-1.2202,108,0.67590,75,0.04550,9,-3.0969,142,1.16532,94,0.42149,88,0.31823
ENSG00000175782,SLC35E3,27,-1.0766,54,0.01365,0,-7.3660,15,-1.9663,24,-1.2622,48,-0.1839,122,1.47127,139,1.73814
ENSG00000135679,MDM2,21,-2.0392,11,-2.9371,39,-1.1146,16,-2.3800,53,-0.6268,278,2.45711,112,0.59231,99,0.39354
ENSG00000111605,CPSF6,24,-1.1036,27,-0.9173,73,0.69789,46,-0.0681,41,-0.2537,113,1.51938,28,-0.8662,34,-0.5469
ENSG00000166226,CCT2,67,-0.5428,8,-3.6891,140,0.67663,193,1.27335,153,0.83516,87,-0.1240,63,-0.6463,41,-1.3085
ENSG00000127328,RAB3IP,33,-1.4130,53,-0.6729,3,-4.5826,12,-2.8222,83,0.04877,285,2.45643,124,0.72605,53,-0.6820
ENSG00000139291,TMEM19,26,-1.0862,32,-0.7690,49,-0.0795,72,0.55561,63,0.34375,78,0.70067,29,-0.9206,64,0.35968
ENSG00000080371,RAB21,60,-1.3842,44,-1.8575,157,0.12230,155,0.09526,179,0.33730,188,0.42823,213,0.63961,172,0.27115
ENSG00000121749,TBC1D15,34,-0.5713,22,-1.2196,38,-0.3826,84,0.94151,36,-0.4766,76,0.76517,50,0.07097,47,-0.0466
ENSG00000253719,ATXN7L3B,114,-0.2797,56,-1.3768,214,0.78353,216,0.80002,185,0.51872,162,0.29870,59,-1.3096,78,-0.8770
ENSG00000166006,KCNC2,42,-0.2105,8,-2.7098,63,0.46865,50,0.07125,150,2.15928,49,0.05958,17,-1.5968,3,-3.9847
ENSG00000111615,KRR1,36,-0.3155,20,-1.2379,46,0.07360,46,0.07653,38,-0.2411,103,1.52261,40,-0.1379,22,-1.0493
ENSG00000139289,PHLDA1,15,-1.7479,37,-0.4005,29,-0.7712,84,0.96682,79,0.84849,29,-0.8051,57,0.28533,53,0.15916
ENSG00000187109,NAP1L1,211,-1.1613,687,0.76230,214,-1.1397,341,-0.4121,502,0.22110,613,0.56220,669,0.71641,282,-0.7154
ENSG00000091039,OSBPL8,26,-1.9813,57,-0.8034,59,-0.7523,60,-0.7368,126,0.47502,297,2.16503,108,0.21589,25,-2.0291
ENSG00000186908,ZDHHC17,47,-0.9824,2,-5.3354,102,0.24598,83,-0.1061,81,-0.1457,216,1.61670,106,0.30595,69,-0.3965
ENSG00000067715,SYT1,460,-0.1427,135,-2.0339,800,0.80055,972,1.16130,1437,1.96240,85,-2.7170,74,-2.9282,52,-3.4380
ENSG00000058272,PPP1R12A,67,-0.4321,112,0.41049,59,-0.6257,61,-0.5861,70,-0.3634,183,1.29990,103,0.26918,46,-1.0148
ENSG00000139220,PPFIA2,26,-0.9242,73,0.72739,101,1.32128,75,0.77163,50,0.07141,6,-3.0261,20,-1.3666,30,-0.7293
ENSG00000072041,SLC6A15,42,-0.7722,7,-3.3769,63,-0.1195,272,2.81285,103,0.71184,1,-5.8322,27,-1.4482,27,-1.4341
ENSG00000198707,CEP290,25,-1.3627,67,0.21350,67,0.19748,8,-3.0199,44,-0.4681,164,1.89016,49,-0.2980,49,-0.3104
ENSG00000070961,ATP2B1,67,-0.4656,67,-0.4769,105,0.26728,37,-1.3651,253,1.92715,98,0.15367,54,-0.7969,35,-1.4784
ENSG00000011465,DCN,33,-0.4434,39,-0.1793,101,1.51472,0,-6.6424,82,1.09928,28,-0.6810,23,-0.9928,41,-0.0881
ENSG00000102189,EEA1,53,-0.4825,47,-0.6753,68,-0.0949,69,-0.0715,42,-0.8379,87,0.32277,148,1.26697,61,-0.2682
ENSG00000177889,UBE2N,107,-0.3766,48,-1.6180,255,1.10027,270,1.21182,190,0.56588,45,-1.7159,80,-0.8357,90,-0.6590
ENSG00000198015,MRPL42,48,-0.8544,45,-0.9312,64,-0.4026,96,0.26468,49,-0.8090,271,2.30214,48,-0.8585,33,-1.4011
ENSG00000184752,NDUFA12,33,-1.8464,78,-0.5567,191,0.94876,177,0.81318,189,0.93699,32,-1.9193,95,-0.2334,85,-0.4118
ENSG00000028203,VEZT,51,-0.1469,24,-1.3030,62,0.16405,43,-0.4130,30,-0.9832,144,1.72215,48,-0.2534,45,-0.3406
ENSG00000111142,METAP2,61,-0.9790,148,0.46648,101,-0.1782,59,-1.0217,130,0.24084,47,-1.3502,213,1.11232,141,0.37467
ENSG00000139343,SNRPF,43,0.31725,18,-1.0437,80,1.47444,42,0.30325,34,-0.0442,9,-2.1095,11,-1.7353,44,0.36298
ENSG00000059758,CDK17,41,0.10394,29,-0.4697,44,0.20950,43,0.18352,38,-0.0084,34,-0.1929,29,-0.4513,50,0.43628
ENSG00000075415,SLC25A3,252,-0.4315,157,-1.1674,461,0.57185,642,1.17235,595,1.03094,132,-1.4315,165,-1.0966,228,-0.5869
ENSG00000185046,ANKS1B,61,-2.0127,145,-0.6910,144,-0.7038,47,-2.4041,267,0.29609,398,1.00255,337,0.70017,389,0.96001
ENSG00000075089,ACTR6,46,-0.1395,13,-2.0845,67,0.46392,91,1.01552,63,0.36056,57,0.18827,55,0.14789,13,-2.0977
ENSG00000120805,ARL1,56,-0.7349,18,-2.4316,167,1.08635,123,0.53689,123,0.53818,99,0.16505,96,0.11523,33,-1.5387
ENSG00000196091,MYBPC1,120,1.67971,61,0.40480,136,1.95269,3,-3.9287,30,-0.7456,1,-5.3401,10,-2.3058,19,-1.3956
ENSG00000111666,CHPT1,47,0.28272,26,-0.6531,110,1.86656,51,0.40906,37,-0.1099,13,-1.7219,17,-1.3227,17,-1.3155
ENSG00000111670,GNPTAB,51,-0.0191,27,-1.0126,43,-0.3160,42,-0.3544,35,-0.6460,147,1.93295,41,-0.3695,29,-0.9090
ENSG00000120860,WASHC3,32,-0.6710,11,-2.2578,44,-0.1957,111,1.44072,41,-0.3217,39,-0.3985,38,-0.4215,80,0.82169
ENSG00000166598,HSP90B1,238,-1.0359,273,-0.8209,419,-0.1415,423,-0.1270,533,0.25760,882,1.15448,415,-0.1566,471,0.05156
ENSG00000120837,NFYB,37,0.05245,25,-0.6011,11,-1.8121,27,-0.4614,38,0.10050,1,-4.9422,94,1.73075,56,0.74080
ENSG00000198431,TXNRD1,31,-0.9754,21,-1.5393,100,0.96564,163,1.94963,86,0.69935,2,-4.7784,26,-1.2081,27,-1.1625
ENSG00000151131,C12orf45,26,-0.8843,32,-0.5679,67,0.63562,57,0.33629,34,-0.5128,114,1.62555,0,-7.1321,40,-0.2405
ENSG00000136051,WASHC4,13,-2.5863,31,-1.3068,49,-0.5818,17,-2.1399,29,-1.3571,239,2.35108,97,0.54448,89,0.38055
ENSG00000074590,NUAK1,24,-1.1232,19,-1.4870,46,-0.1217,25,-1.0592,81,0.86391,90,1.04723,79,0.80381,30,-0.7992
ENSG00000136026,CKAP4,59,0.39411,23,-1.0790,85,1.04300,62,0.47131,89,1.13272,1,-5.2077,14,-1.8581,39,-0.2751
ENSG00000151136,BTBD11,51,0.46274,8,-2.2946,34,-0.2044,12,-1.7624,164,2.93899,24,-0.7899,16,-1.3704,1,-4.8211
ENSG00000136003,ISCU,155,-0.4755,56,-2.0395,380,1.04688,240,0.23427,496,1.56300,161,-0.4178,62,-1.8790,118,-0.9092
ENSG00000166111,SVOP,19,-1.3555,5,-3.3448,65,0.55710,145,2.14015,119,1.71563,1,-5.3045,10,-2.2770,8,-2.6947
ENSG00000110906,KCTD10,42,-0.0887,10,-2.1706,18,-1.3468,82,1.08819,98,1.42364,63,0.60060,18,-1.4125,20,-1.1975
ENSG00000139428,MMAB,37,-0.9319,16,-2.1848,45,-0.6263,97,0.63818,69,0.04644,52,-0.4082,101,0.70738,117,0.96773
ENSG00000110921,MVK,30,-0.5333,0,-7.6438,19,-1.2404,72,0.92532,56,0.48980,81,1.13580,48,0.21052,30,-0.5100
ENSG00000139438,FAM222A,2,-4.8141,19,-2.0483,22,-1.8351,21,-1.9365,31,-1.3289,184,1.66578,135,1.04780,173,1.53924
ENSG00000139433,GLTP,22,-2.8464,81,-0.9025,9,-4.1059,8,-4.3334,2,-6.0346,173,0.32304,399,1.91190,446,2.16715
ENSG00000174456,C12orf76,65,-0.8149,32,-1.8580,134,0.35659,133,0.34981,91,-0.2722,121,0.19223,128,0.27646,160,0.66548
ENSG00000174437,ATP2A2,233,-0.3307,76,-2.0464,277,-0.0497,383,0.49350,644,1.45673,280,-0.0355,271,-0.0863,121,-1.3448
ENSG00000111229,ARPC3,76,-0.8905,39,-1.8897,210,0.78883,230,0.95660,126,-0.0854,95,-0.5319,86,-0.6965,198,0.68448
ENSG00000111237,VPS29,54,-0.5211,36,-1.1225,68,-0.1531,159,1.33767,109,0.64636,66,-0.1953,54,-0.5068,50,-0.6441
ENSG00000186298,PPP1CC,99,0.46313,53,-0.5556,105,0.56577,76,0.02228,137,1.05178,1,-5.8116,60,-0.3546,68,-0.1492
ENSG00000204842,ATXN2,48,-1.2390,70,-0.6531,69,-0.6924,79,-0.4590,80,-0.4467,286,1.83124,126,0.29104,88,-0.3054
ENSG00000111275,ALDH2,198,0.38015,69,-1.2885,469,2.04988,255,0.82909,121,-0.4262,54,-1.6621,19,-3.2054,74,-1.1792
ENSG00000089248,ERP29,93,-0.1639,46,-1.2807,132,0.41469,183,0.98567,192,1.07706,28,-1.9852,64,-0.7715,89,-0.2498
ENSG00000173064,HECTD4,55,-1.2934,28,-2.2838,99,-0.3805,133,0.08828,90,-0.5332,448,2.48553,56,-1.2645,96,-0.4401
ENSG00000089009,RPL6,348,-0.9575,372,-0.8557,727,0.22418,504,-0.3763,459,-0.5246,1021,0.81448,780,0.34368,873,0.53578
ENSG00000179295,PTPN11,121,-0.5656,104,-0.8026,254,0.65803,117,-0.6153,129,-0.4618,361,1.31129,123,-0.5398,168,-0.0421
ENSG00000089169,RPH3A,67,0.10151,7,-3.1856,146,1.50103,63,0.01423,164,1.75116,3,-4.4750,44,-0.5622,9,-2.9384
ENSG00000186815,TPCN1,72,1.06338,21,-0.9698,64,0.86927,15,-1.4837,31,-0.3597,1,-5.0440,47,0.30371,60,0.73570
ENSG00000151176,PLBD2,55,-0.9330,24,-2.1837,84,-0.2649,189,1.12976,281,1.93672,24,-2.1723,52,-1.0229,84,-0.2758
ENSG00000111412,C12orf49,52,0.06668,26,-1.0033,65,0.43763,62,0.35363,89,0.99762,9,-2.5843,82,0.85768,14,-1.9352
ENSG00000135119,RNFT2,36,-0.0921,0,-6.0296,69,1.02534,43,0.22656,95,1.66078,1,-5.0112,24,-0.7350,35,-0.1149
ENSG00000135108,FBXO21,54,-0.7674,31,-1.6056,134,0.72283,68,-0.4174,111,0.38875,72,-0.3123,168,1.12591,64,-0.4972
ENSG00000089250,NOS1,88,-0.0539,32,-1.6266,17,-2.5427,482,3.76171,66,-0.5209,1,-6.2693,24,-2.0448,18,-2.4524
ENSG00000176871,WSB2,119,-0.6211,108,-0.7770,134,-0.4311,294,0.88615,185,0.08363,111,-0.7317,165,-0.0980,288,0.85140
ENSG00000089220,PEBP1,832,-0.5439,576,-1.1185,1720,0.66207,1462,0.37969,1587,0.52081,734,-0.7429,952,-0.3301,1466,0.38400
ENSG00000135090,TAOK3,44,-0.7498,66,-0.1064,81,0.22016,24,-1.6581,57,-0.3478,181,1.70849,77,0.14643,35,-1.0912
ENSG00000111707,SUDS3,32,-0.4127,27,-0.6724,52,0.39447,53,0.43192,101,1.61504,37,-0.1750,27,-0.6579,0,-6.6628
ENSG00000152137,HSPB8,86,0.49609,25,-1.4591,130,1.25286,160,1.67132,70,0.15815,1,-5.7576,34,-1.0047,4,-3.8778
ENSG00000122966,CIT,39,-0.5517,19,-1.6808,138,1.63623,50,-0.1666,85,0.70731,45,-0.3450,32,-0.8967,39,-0.5909
ENSG00000089157,RPLP0,198,-0.5683,133,-1.1861,360,0.40645,197,-0.5821,316,0.18521,138,-1.1356,378,0.49167,539,1.13402
ENSG00000111775,COX6A1,367,-1.0544,473,-0.6604,986,0.54602,865,0.32058,504,-0.5621,559,-0.3970,789,0.16480,1169,0.84890
ENSG00000111786,SRSF9,79,0.38941,25,-1.4240,74,0.26517,96,0.72327,105,0.87833,16,-2.0638,47,-0.4728,60,-0.0656
ENSG00000088986,DYNLL1,473,-0.4395,194,-1.8096,1011,0.84091,976,0.77607,625,0.01125,373,-0.8146,435,-0.5735,877,0.58705
ENSG00000022840,RNF10,39,-0.5927,46,-0.3434,39,-0.6065,110,1.14986,83,0.63634,1,-5.5788,57,-0.0029,80,0.58370
ENSG00000110917,MLEC,64,-0.3304,36,-1.2094,91,0.25596,102,0.44247,122,0.75105,2,-4.9147,96,0.32919,114,0.62738
ENSG00000157837,SPPL3,64,-0.4280,22,-2.0479,176,1.32909,124,0.67945,130,0.76934,1,-5.7398,71,-0.2478,76,-0.1447
ENSG00000089053,ANAPC5,14,-2.6699,23,-1.8982,99,0.37051,70,-0.1951,78,-0.0291,76,-0.0655,120,0.70216,155,1.16640
ENSG00000170633,RNF34,20,-1.2465,10,-2.1987,50,0.19010,30,-0.6176,59,0.46994,93,1.31108,44,-0.0221,49,0.15833
ENSG00000130779,CLIP1,45,-0.6239,57,-0.2334,57,-0.2567,40,-0.7850,90,0.51160,175,1.77213,28,-1.3573,39,-0.8481
ENSG00000111011,RSRC2,51,-0.3818,60,-0.1088,117,1.03840,56,-0.2126,58,-0.1555,2,-4.7591,99,0.73705,70,0.14437
ENSG00000139726,DENR,49,-0.5441,36,-1.0024,108,0.78120,165,1.59030,90,0.46248,10,-2.8799,72,0.09711,16,-2.1949
ENSG00000130787,HIP1R,103,0.22428,49,-0.9724,53,-0.8351,36,-1.4468,87,-0.0469,72,-0.3500,152,0.89951,168,1.08443
ENSG00000182196,ARL6IP4,165,-0.3024,111,-0.9235,231,0.24853,215,0.12586,261,0.45891,203,0.03369,168,-0.2704,236,0.28889
ENSG00000111328,CDK2AP1,173,0.01366,109,-0.7280,218,0.40087,109,-0.7210,74,-1.3095,161,-0.1064,165,-0.0606,363,1.32824
ENSG00000139697,SBNO1,41,-0.9492,55,-0.4791,48,-0.6783,17,-2.2528,123,0.87848,154,1.29548,63,-0.2626,91,0.33924
ENSG00000086598,TMED2,70,-0.3569,22,-2.0707,124,0.59659,84,-0.0590,113,0.43985,81,-0.1120,55,-0.7327,146,0.89839
ENSG00000119242,CCDC92,80,-1.0232,70,-1.2300,273,0.99787,252,0.85354,222,0.62346,90,-0.8520,116,-0.4582,125,-0.3326
ENSG00000179195,ZNF664,47,-1.3439,68,-0.7699,81,-0.4955,35,-1.7935,69,-0.7550,117,0.09912,288,1.75908,177,0.81766
ENSG00000196498,NCOR2,67,0.27176,32,-0.9038,25,-1.2667,67,0.27560,55,-0.0609,11,-2.5330,76,0.48489,122,1.35285
ENSG00000073060,SCARB1,60,0.11096,27,-1.1450,86,0.73330,26,-1.2021,86,0.71522,1,-5.5772,35,-0.7547,128,1.47523
ENSG00000150991,UBC,737,-0.2116,279,-1.7154,1638,1.17556,1303,0.75411,995,0.28466,279,-1.7202,639,-0.4414,842,0.00540
ENSG00000184992,BRI3BP,62,-0.2378,25,-1.6370,96,0.49234,21,-1.9182,159,1.41160,88,0.33970,64,-0.1780,59,-0.3046
ENSG00000139364,TMEM132B,47,0.60992,17,-0.9829,22,-0.6036,20,-0.7494,110,2.33711,1,-4.7927,40,0.35322,2,-3.7286
ENSG00000060709,RIMBP2,27,-0.7635,6,-2.8529,74,0.88474,148,2.31690,35,-0.3821,5,-3.1866,48,0.15045,9,-2.3446
ENSG00000132341,RAN,178,-0.5195,59,-2.1894,407,0.86720,527,1.35552,409,0.87745,174,-0.5588,62,-2.1156,150,-0.7885
ENSG00000177169,ULK1,36,-0.5333,16,-1.7892,149,2.02660,72,0.59494,96,1.11779,24,-1.1812,0,-6.1230,11,-2.3577
ENSG00000090615,GOLGA3,30,-0.8140,28,-0.9325,54,0.10568,96,1.11350,80,0.76602,6,-3.1081,79,0.75133,32,-0.7112
ENSG00000196199,MPHOSPH8,135,-0.4236,215,0.34213,98,-0.9274,128,-0.5058,298,0.91452,199,0.20609,190,0.13641,140,-0.3657
ENSG00000121390,PSPC1,26,-1.1465,3,-4.2122,52,-0.0514,58,0.12412,84,0.74622,117,1.36084,11,-2.4237,82,0.69849
ENSG00000121741,ZMYM2,39,-1.1853,30,-1.5438,106,0.42617,43,-1.0232,52,-0.7385,238,1.98115,125,0.71668,25,-1.8602
ENSG00000121742,GJB6,69,1.00672,46,0.28398,173,3.12099,3,-3.7675,9,-2.1277,1,-5.0429,0,-6.9018,8,-2.3569
ENSG00000165475,CRYL1,17,-1.8349,22,-1.4625,38,-0.6380,65,0.22783,22,-1.4645,60,0.11327,61,0.14276,166,2.01178
ENSG00000278291,AL161772.1,36,-0.5633,42,-0.3326,103,1.19613,60,0.22734,66,0.39234,1,-5.4511,42,-0.3510,66,0.39580
ENSG00000150459,SAP18,196,-0.2526,154,-0.6395,202,-0.2059,419,1.04839,214,-0.1118,183,-0.3658,150,-0.6835,317,0.54432
ENSG00000173141,MRPL57,74,-0.2697,24,-1.9673,196,1.43221,119,0.50484,80,-0.1470,58,-0.6765,77,-0.2112,74,-0.2709
ENSG00000180776,ZDHHC20,37,-2.6143,41,-2.4754,39,-2.5515,58,-1.9419,48,-2.2364,555,1.84139,409,1.21997,451,1.40747
ENSG00000165487,MICU2,31,-0.7852,24,-1.1734,82,0.80507,52,0.04360,44,-0.2329,59,0.24728,72,0.59661,43,-0.2874
ENSG00000151835,SACS,7,-4.0799,32,-1.9604,43,-1.5187,72,-0.7066,110,-0.0402,449,2.78572,138,0.34165,51,-1.2482
ENSG00000165566,AMER2,54,-0.6876,63,-0.4468,99,0.28434,15,-2.6487,37,-1.2865,165,1.19112,163,1.17156,73,-0.2317
ENSG00000139505,MTMR6,29,-1.7339,21,-2.2532,127,0.56908,101,0.17968,147,0.83083,239,1.78272,17,-2.5499,43,-1.1725
ENSG00000139496,NUP58,42,0.08135,8,-2.4678,51,0.41097,45,0.22004,48,0.32982,52,0.45685,58,0.63874,13,-1.6638
ENSG00000132932,ATP8A2,55,-0.6555,57,-0.6215,94,0.20069,155,1.08058,268,2.22564,8,-3.4659,20,-2.1633,9,-3.2670
ENSG00000132970,WASF3,120,-0.3830,65,-1.3302,318,1.30448,103,-0.6300,183,0.30797,259,0.91544,71,-1.1895,98,-0.7023
ENSG00000152484,USP12,31,-0.7136,13,-1.9869,42,-0.2343,47,-0.0776,40,-0.3429,105,1.33680,39,-0.3810,76,0.73702
ENSG00000122026,RPL21,632,-0.6768,873,-0.1598,1359,0.58394,363,-1.5309,486,-1.0851,735,-0.4386,1389,0.62249,1868,1.16325
ENSG00000122034,GTF3A,72,0.30033,45,-0.4464,35,-0.8563,109,1.04261,88,0.65106,41,-0.6016,45,-0.4693,44,-0.4921
ENSG00000122033,MTIF3,38,-0.5516,15,-1.9456,49,-0.1571,73,0.49986,30,-0.9260,136,1.67308,28,-1.0281,63,0.25259
ENSG00000186184,POLR1D,16,-2.0034,17,-1.8786,61,0.08542,97,0.88829,35,-0.8069,150,1.73331,47,-0.3473,41,-0.5486
ENSG00000102755,FLT1,45,-0.2555,74,0.58183,48,-0.1556,1,-5.2980,14,-1.9729,179,2.35669,23,-1.2992,37,-0.5811
ENSG00000132963,POMP,125,-0.5271,65,-1.5240,223,0.42815,241,0.56400,179,0.05384,112,-0.6951,190,0.15263,249,0.61615
ENSG00000139514,SLC7A1,71,0.46977,49,-0.1559,26,-1.1505,50,-0.1207,59,0.14971,100,1.08100,24,-1.2565,51,-0.0766
ENSG00000122042,UBL3,161,-0.8904,104,-1.5633,241,-0.2543,134,-1.1714,320,0.21053,498,0.98593,504,1.00865,294,0.06593
ENSG00000102781,KATNAL1,20,-1.1349,24,-0.8834,31,-0.5068,68,0.80924,55,0.43463,70,0.87424,55,0.43151,15,-1.6139
ENSG00000189403,HMGB1,263,-0.6540,593,0.69024,343,-0.2315,210,-1.0045,262,-0.6588,619,0.76877,428,0.13070,444,0.19463
ENSG00000120694,HSPH1,168,-0.4713,100,-1.2844,343,0.71849,418,1.07524,437,1.16250,174,-0.4184,78,-1.6575,85,-1.5245
ENSG00000073910,FRY,122,0.74885,43,-0.9530,71,-0.1571,145,1.06460,214,1.84490,24,-1.8450,0,-7.8950,10,-3.1271
ENSG00000244754,N4BP2L2,40,-1.5325,79,-0.4989,118,0.13801,38,-1.6146,84,-0.4046,234,1.37188,199,1.06115,72,-0.6441
ENSG00000083642,PDS5B,59,-0.4986,29,-1.5911,146,1.02476,61,-0.4562,98,0.31698,123,0.72213,91,0.20650,39,-1.1599
ENSG00000172915,NBEA,53,-0.8938,30,-1.7717,114,0.33216,66,-0.5560,281,2.06596,148,0.78845,17,-2.5793,39,-1.3832
ENSG00000133083,DCLK1,124,-1.0905,76,-1.8211,201,-0.3357,1096,3.11768,362,0.64921,36,-2.9277,62,-2.1364,19,-3.8090
ENSG00000133104,SPART,50,-1.2390,81,-0.5104,81,-0.5075,63,-0.9006,99,-0.1801,146,0.46282,184,0.87471,182,0.85510
ENSG00000120686,UFM1,31,-1.5866,24,-1.9974,125,0.61348,88,0.01268,64,-0.4852,200,1.49084,76,-0.2209,88,0.01913
ENSG00000120688,WBP4,27,-1.1972,28,-1.1664,47,-0.3526,42,-0.5289,70,0.30677,75,0.43574,124,1.34804,52,-0.1794
ENSG00000165572,KBTBD6,87,-0.2603,53,-1.0291,103,0.01096,124,0.33167,273,1.81127,68,-0.6388,50,-1.1339,57,-0.9087
ENSG00000102760,RGCC,85,0.48614,71,0.18713,139,1.39151,6,-3.4130,19,-1.8667,17,-2.0305,64,0.00664,107,0.90055
ENSG00000023516,AKAP11,89,-1.4537,90,-1.4451,199,-0.2015,116,-1.0587,181,-0.3597,671,2.04809,225,-0.0009,233,0.05738
ENSG00000120675,DNAJC15,22,-1.8337,74,0.03837,70,-0.0375,72,0.00482,76,0.09095,50,-0.5731,68,-0.0831,143,1.20290
ENSG00000151778,SERP2,39,-0.5471,21,-1.4574,62,0.21138,107,1.18115,71,0.43526,46,-0.2841,20,-1.5302,71,0.42432
ENSG00000102804,TSC22D1,235,-0.0022,120,-1.0693,533,1.46360,186,-0.3825,288,0.33390,225,-0.0735,75,-1.7750,222,-0.0966
ENSG00000133112,TPT1,758,-0.6168,923,-0.3037,1451,0.44814,842,-0.4510,642,-0.8766,1344,0.31603,1132,0.02927,1806,0.83351
ENSG00000123200,ZC3H13,92,-1.0888,355,1.15094,166,-0.1680,25,-2.9969,136,-0.4893,401,1.38453,174,-0.0916,123,-0.6467
ENSG00000139684,ESD,29,-1.7470,27,-1.8428,185,1.28301,86,-0.0617,34,-1.4911,147,0.85679,74,-0.3013,132,0.66557
ENSG00000136143,SUCLA2,28,-1.8723,19,-2.4316,128,0.49897,161,0.89816,217,1.47350,87,-0.1561,81,-0.2573,41,-1.3237
ENSG00000136146,MED4,42,-0.0810,9,-2.4141,88,1.20634,49,0.15170,65,0.64104,47,0.11658,39,-0.2110,15,-1.6384
ENSG00000136156,ITM2B,545,-0.4260,207,-1.9093,1171,0.86474,659,-0.1204,1117,0.78021,414,-0.8563,496,-0.5735,1060,0.68645
ENSG00000102531,FNDC3A,34,-0.9533,20,-1.7564,107,0.95849,74,0.31639,84,0.52451,61,-0.0102,62,0.01857,50,-0.3417
ENSG00000102753,KPNA3,23,-0.9064,17,-1.3382,56,0.51468,44,0.09127,65,0.76620,2,-4.3931,31,-0.4724,93,1.43431
ENSG00000123178,SPRYD7,35,-0.5728,9,-2.5031,91,1.05788,116,1.52983,112,1.46258,1,-5.3918,1,-5.3775,30,-0.7717
ENSG00000150510,FAM124A,4,-4.0675,22,-1.7151,0,-7.6260,9,-2.9347,10,-2.7731,157,1.57089,142,1.36721,181,1.87015
ENSG00000136100,VPS36,49,0.13773,10,-2.2623,23,-1.0146,49,0.15321,79,0.96727,86,1.13765,40,-0.1782,22,-1.0980
ENSG00000165416,SUGT1,40,-1.7312,49,-1.4266,128,0.07704,161,0.45974,73,-0.8085,318,1.74865,96,-0.3859,112,-0.1394
ENSG00000118946,PCDH17,90,-0.7357,155,0.13220,147,0.05032,40,-1.9767,367,1.72126,160,0.18620,117,-0.3221,67,-1.1839
ENSG00000184226,PCDH9,289,-1.0757,317,-0.9350,139,-2.1776,368,-0.7020,268,-1.1920,1962,2.39940,743,0.44453,476,-0.2952
ENSG00000188243,COMMD6,90,-0.7744,79,-0.9797,174,0.28465,117,-0.3680,69,-1.1761,247,0.89561,177,0.31393,220,0.68957
ENSG00000178695,KCTD12,84,1.12251,16,-1.5939,167,2.63349,1,-4.9017,13,-1.8422,36,-0.3478,0,-6.9974,36,-0.3220
ENSG00000005812,FBXL3,29,-1.5350,57,-0.5271,73,-0.1336,47,-0.8297,95,0.30438,107,0.51699,84,0.10550,139,0.98404
ENSG00000005810,MYCBP2,116,-0.6755,142,-0.3572,138,-0.4045,147,-0.3064,293,0.86020,405,1.48098,82,-1.2238,96,-0.9703
ENSG00000139737,SLAIN1,28,-2.9441,73,-1.5322,2,-6.5019,13,-4.0584,34,-2.6532,316,0.82137,480,1.62550,620,2.19188
ENSG00000136160,EDNRB,197,1.62145,16,-2.4080,371,3.23730,19,-2.2087,18,-2.2575,2,-5.2649,14,-2.6424,6,-3.9061
ENSG00000139746,RBM26,104,-0.2174,40,-1.6994,80,-0.6300,39,-1.7218,191,0.81629,216,1.04517,198,0.88465,81,-0.6201
ENSG00000102471,NDFIP2,35,-0.5979,0,-7.1850,51,0.01707,53,0.07644,115,1.44977,13,-2.0449,97,1.11961,42,-0.2914
ENSG00000134874,DZIP1,27,-0.7572,47,0.09683,102,1.50622,35,-0.3462,58,0.45506,17,-1.4667,40,-0.1681,26,-0.8350
ENSG00000139793,MBNL2,61,-2.1854,34,-3.0416,68,-2.0290,46,-2.5966,167,-0.6666,734,1.99092,394,0.75922,519,1.26927
ENSG00000125249,RAP2A,18,-2.6000,57,-0.8920,38,-1.4876,85,-0.2657,94,-0.0999,206,1.28197,136,0.51927,164,0.85584
ENSG00000065150,IPO5,52,-0.6291,18,-2.1895,99,0.41996,75,-0.0530,48,-0.7414,149,1.15271,89,0.24143,86,0.18041
ENSG00000152767,FARP1,49,0.02460,56,0.23668,98,1.22331,30,-0.7585,73,0.68217,48,-0.0087,35,-0.5401,0,-7.4903
ENSG00000088387,DOCK9,47,-1.5461,36,-1.9336,44,-1.6325,49,-1.4596,108,-0.2398,341,1.83928,222,0.98569,158,0.38471
ENSG00000125304,TM9SF2,75,-0.1399,53,-0.7038,112,0.51417,117,0.59335,108,0.45551,56,-0.6091,30,-1.5839,107,0.44587
ENSG00000102452,NALCN,11,-2.7578,21,-1.8156,90,0.42314,50,-0.5240,38,-0.9776,258,2.56945,55,-0.3843,36,-1.0622
ENSG00000134884,ARGLU1,63,-1.2957,97,-0.6470,136,-0.1074,59,-1.4143,51,-1.6166,503,2.41861,151,0.06991,99,-0.6114
ENSG00000204442,FAM155A,84,0.50206,28,-1.2558,76,0.35052,79,0.39532,204,2.27766,1,-5.6870,11,-2.6456,14,-2.2726
ENSG00000185950,IRS2,124,-0.1394,80,-0.8427,63,-1.1946,180,0.47745,212,0.77025,192,0.59363,100,-0.4930,131,-0.0486
ENSG00000088448,ANKRD10,41,-0.2024,1,-5.2410,54,0.24575,6,-3.0442,45,-0.0570,83,0.99518,32,-0.5893,110,1.54920
ENSG00000102606,ARHGEF7,53,-0.5224,28,-1.5147,165,1.43944,70,-0.0850,126,0.93633,16,-2.3028,46,-0.7272,83,0.20890
ENSG00000068650,ATP11A,13,-2.2436,18,-1.8234,21,-1.6112,5,-3.5625,22,-1.5037,181,2.12466,70,0.30053,139,1.54258
ENSG00000126217,MCF2L,70,0.21865,36,-0.8419,50,-0.3143,37,-0.7998,96,0.75751,103,0.88615,47,-0.4199,51,-0.2861
ENSG00000185896,LAMP1,122,-0.9620,73,-1.7342,147,-0.6771,207,-0.1265,101,-1.2474,324,0.62750,344,0.73498,472,1.32170
ENSG00000183087,GAS6,124,-0.0782,33,-2.1102,264,1.25235,229,0.98572,297,1.48642,4,-5.1425,37,-1.9500,50,-1.4769
ENSG00000130177,CDC16,49,-0.4567,29,-1.2666,84,0.42946,133,1.26938,77,0.28504,71,0.15037,50,-0.4224,26,-1.4184
ENSG00000169062,UPF3A,40,-1.1279,117,0.60892,90,0.15038,17,-2.3535,127,0.75419,37,-1.2418,135,0.85336,91,0.18139
ENSG00000100823,APEX1,27,-1.0152,30,-0.8310,112,1.38513,113,1.40238,61,0.27589,11,-2.3527,44,-0.2626,13,-2.0781
ENSG00000165782,PIP4P1,35,-0.5634,21,-1.3789,87,0.95401,130,1.72753,69,0.54122,1,-5.4176,0,-6.1689,58,0.24101
ENSG00000129538,RNASE1,69,-1.5349,149,-0.3362,51,-1.9726,5,-5.2688,15,-3.7010,244,0.48145,388,1.33090,545,2.04594
ENSG00000165795,NDRG2,1076,1.11532,520,-0.1460,1739,2.11377,218,-1.5058,332,-0.8569,93,-2.7715,272,-1.1672,300,-1.0168
ENSG00000258441,LINC00641,25,-1.2643,28,-1.0871,77,0.51900,32,-0.8817,140,1.64634,62,0.16184,51,-0.1798,36,-0.7123
ENSG00000092199,HNRNPC,170,-0.7739,117,-1.3483,338,0.33808,271,-0.0259,186,-0.6320,488,0.99193,292,0.09341,344,0.37005
ENSG00000092201,SUPT16H,49,-0.8554,50,-0.8275,114,0.51893,69,-0.3192,174,1.29150,82,-0.0397,94,0.19927,38,-1.2235
ENSG00000100888,CHD8,13,-2.0871,41,-0.3948,82,0.75217,29,-0.9181,107,1.24833,34,-0.7092,75,0.60239,39,-0.4740
ENSG00000129472,RAB2B,27,-0.7034,27,-0.7346,36,-0.2838,80,1.09499,49,0.22365,1,-5.1267,49,0.21437,73,0.91524
ENSG00000092203,TOX4,38,-0.4871,13,-2.0433,77,0.68210,120,1.50665,74,0.61970,2,-4.3001,56,0.12631,31,-0.7817
ENSG00000165821,SALL2,74,0.59534,25,-1.1588,135,1.72935,73,0.56223,68,0.43834,1,-5.4699,14,-2.0471,28,-0.9712
ENSG00000129562,DAD1,60,-1.2138,33,-2.1035,143,0.15544,156,0.30790,97,-0.4770,70,-0.9816,133,0.03858,348,1.81022
ENSG00000155463,OXA1L,76,0.66871,23,-1.2592,27,-1.0165,85,0.88266,83,0.82429,25,-1.0869,38,-0.4814,52,0.01908
ENSG00000172590,MRPL52,41,-1.2230,35,-1.4587,162,1.02299,161,1.01009,111,0.35177,35,-1.4788,75,-0.2876,99,0.14951
ENSG00000100461,RBM23,31,-0.4389,27,-0.6613,90,1.37950,25,-0.8008,59,0.59826,52,0.36705,23,-0.9114,23,-0.9006
ENSG00000100804,PSMB5,109,-0.6048,41,-2.0844,238,0.68701,464,2.00960,158,-0.0030,13,-3.6907,119,-0.4574,126,-0.3717
ENSG00000100813,ACIN1,24,-0.6815,38,0.00158,21,-0.9433,21,-0.9175,79,1.29583,47,0.35417,37,-0.0153,35,-0.1266
ENSG00000235194,PPP1R3E,25,-0.4958,21,-0.7765,53,0.75579,21,-0.7539,62,1.02477,2,-4.1217,58,0.90207,31,-0.1431
ENSG00000129473,BCL2L2,61,-0.7506,93,-0.0764,101,0.04699,123,0.38675,95,-0.0456,197,1.23193,80,-0.3250,32,-1.7314
ENSG00000100836,PABPN1,63,-0.5185,106,0.32813,101,0.24190,40,-1.2402,136,0.75721,133,0.70797,56,-0.7081,64,-0.5026
ENSG00000092096,SLC22A17,406,-0.7613,147,-2.2984,1627,1.65934,827,0.39397,1647,1.68481,152,-2.2481,142,-2.3468,281,-1.3284
ENSG00000166091,CMTM5,7,-3.8532,58,-0.7914,11,-3.1590,0,-8.7985,0,-7.6436,2,-5.4400,157,0.86906,523,3.94136
ENSG00000092051,JPH4,27,-0.4805,21,-0.8567,77,1.33383,62,0.91818,96,1.79875,1,-4.9390,3,-3.7297,2,-3.9162
ENSG00000100884,CPNE6,26,-0.6490,14,-1.6137,47,0.30273,141,2.48603,83,1.33204,1,-5.0614,2,-4.4495,0,-5.9722
ENSG00000092010,PSME1,51,0.35462,19,-1.1644,58,0.58050,25,-0.7883,59,0.61677,1,-5.1196,54,0.45999,61,0.66993
ENSG00000254505,CHMP4A,47,-0.3630,62,0.05720,86,0.62174,53,-0.1738,33,-0.9096,15,-2.0733,60,0.02873,118,1.20171
ENSG00000129559,NEDD8,110,-1.0245,114,-0.9631,364,0.95845,394,1.10414,215,0.04058,58,-1.9769,151,-0.5272,269,0.42103
ENSG00000100938,GMPR2,23,-0.8317,17,-1.2189,94,1.62007,53,0.54018,51,0.46450,9,-2.1689,23,-0.8284,37,-0.0558
ENSG00000100445,SDR39U1,45,0.28314,21,-0.9080,65,0.92119,56,0.67683,55,0.65038,1,-5.0061,24,-0.7019,34,-0.1508
ENSG00000168952,STXBP6,23,-1.9734,85,0.05425,79,-0.0653,11,-2.9783,250,2.09688,62,-0.4487,77,-0.1090,70,-0.2573
ENSG00000139910,NOVA1,139,-0.4809,82,-1.2952,267,0.59705,28,-2.9026,336,1.00760,319,0.91208,182,-0.0531,150,-0.3678
ENSG00000092108,SCFD1,41,-0.2814,8,-2.7469,24,-1.1234,39,-0.3603,76,0.75966,153,2.16651,6,-3.1551,43,-0.1939
ENSG00000100473,COCH,59,-0.7420,11,-3.2660,10,-3.2970,583,4.57523,67,-0.5360,13,-3.0124,8,-3.5754,0,-8.4371
ENSG00000092148,HECTD1,54,-1.4510,68,-1.1166,168,0.33925,124,-0.1640,122,-0.1861,380,1.88576,91,-0.6562,90,-0.6735
ENSG00000100852,ARHGAP5,101,-1.0873,159,-0.3794,116,-0.8733,65,-1.7533,131,-0.6890,613,2.09781,240,0.29152,186,-0.1314
ENSG00000151320,AKAP6,95,-0.9205,86,-1.0693,161,-0.0918,219,0.42789,159,-0.1063,287,0.90092,247,0.63158,105,-0.7612
ENSG00000151322,NPAS3,59,-0.0013,36,-0.7916,44,-0.4538,22,-1.5111,76,0.43057,137,1.51336,49,-0.2853,47,-0.3524
ENSG00000129518,EAPP,12,-1.7115,28,-0.4231,70,1.13523,42,0.24012,69,1.10871,26,-0.5372,3,-3.3851,41,0.18942
ENSG00000129515,SNX6,9,-3.6501,45,-1.3673,99,-0.1324,82,-0.4397,73,-0.6271,204,1.11820,173,0.80871,176,0.84474
ENSG00000165410,CFL2,68,-1.1842,61,-1.3666,108,-0.4665,224,0.74769,123,-0.2621,194,0.49131,179,0.35784,200,0.54803
ENSG00000100883,SRP54,30,-0.3636,3,-3.7373,87,1.47839,60,0.77020,41,0.13904,3,-3.6638,37,-0.0370,42,0.18299
ENSG00000151327,FAM177A1,57,-1.3940,101,-0.5106,69,-1.1060,208,0.69245,164,0.28396,165,0.28991,182,0.46151,162,0.26242
ENSG00000100902,PSMA6,57,-0.4883,11,-2.9214,138,1.00259,218,1.91787,78,0.01921,1,-6.0382,39,-1.0732,77,-0.0163
ENSG00000174373,RALGAPA1,20,-2.4604,24,-2.1592,127,0.42410,59,-0.8220,56,-0.8924,356,2.51311,78,-0.3849,70,-0.5510
ENSG00000100934,SEC23A,65,-0.5128,19,-2.3641,90,0.02258,172,1.15594,150,0.90151,165,1.07335,14,-2.8365,37,-1.3686
ENSG00000182400,TRAPPC6B,11,-2.4327,24,-1.3165,54,-0.0349,90,0.82681,85,0.71946,170,2.09673,11,-2.4767,0,-7.6869
ENSG00000100941,PNN,32,-1.3492,60,-0.3622,62,-0.3165,20,-2.0365,79,0.08448,148,1.18453,91,0.31690,110,0.64497
ENSG00000165355,FBXO33,47,0.04854,39,-0.2502,49,0.09889,47,0.03592,132,1.95380,21,-1.1991,32,-0.5680,0,-7.3459
ENSG00000100442,FKBP3,42,-1.7222,54,-1.3473,211,0.87866,280,1.41135,138,0.14405,57,-1.2619,73,-0.8785,160,0.38588
ENSG00000213741,RPS29,577,-0.6115,989,0.26443,975,0.23914,242,-1.9435,276,-1.7441,493,-0.8576,1432,0.91236,1771,1.31378
ENSG00000165502,RPL36AL,80,-0.9388,136,-0.0958,224,0.74269,148,0.04129,101,-0.5820,57,-1.4462,177,0.33694,234,0.82402
ENSG00000165516,KLHDC2,56,-0.5459,28,-1.6032,120,0.70342,132,0.87897,141,0.99408,97,0.33858,27,-1.6713,33,-1.3887
ENSG00000165525,NEMF,118,-0.8811,121,-0.8310,81,-1.4427,118,-0.8814,220,0.12257,433,1.32976,402,1.18517,144,-0.5697
ENSG00000282885,AL627171.2,218,-1.7661,416,-0.7824,817,0.31223,13,-5.8216,136,-2.4696,2976,3.08890,502,-0.4847,344,-1.0768
ENSG00000012983,MAP4K5,17,-1.9547,41,-0.5711,16,-2.0414,14,-2.2337,13,-2.2803,140,1.54770,137,1.49175,97,0.84264
ENSG00000198513,ATL1,43,-1.8673,24,-2.7420,175,0.33118,395,1.87745,221,0.73972,110,-0.4228,85,-0.8222,93,-0.6929
ENSG00000100505,TRIM9,48,0.05941,29,-0.7507,115,1.63124,32,-0.6035,108,1.50417,5,-3.3008,2,-4.4960,34,-0.5217
ENSG00000186469,GNG2,72,-0.2363,47,-0.8905,208,1.67424,232,1.90721,91,0.16259,1,-6.1354,2,-4.9855,9,-3.3425
ENSG00000087302,RTRAF,22,-2.0230,35,-1.3181,122,0.70118,94,0.25607,66,-0.3138,96,0.28804,92,0.22448,118,0.64883
ENSG00000180998,GPR137C,27,-0.4506,8,-2.2166,67,1.08178,9,-2.0886,138,2.67246,1,-4.6786,11,-1.8041,26,-0.5414
ENSG00000197930,ERO1A,30,-0.9449,8,-2.8173,115,1.27958,88,0.78669,97,0.97219,18,-1.7251,54,-0.0327,32,-0.8600
ENSG00000100519,PSMC6,101,-0.4261,60,-1.2383,149,0.19914,269,1.25626,172,0.43950,31,-2.2429,107,-0.3354,167,0.39551
ENSG00000100523,DDHD1,24,-0.6128,13,-1.5594,15,-1.3036,18,-1.0637,82,1.52270,4,-3.1195,40,0.22504,84,1.58081
ENSG00000100528,CNIH1,52,-0.5169,37,-1.0503,80,0.17620,128,1.00274,103,0.60376,28,-1.4758,40,-0.9072,107,0.66963
ENSG00000197045,GMFB,68,-1.3488,78,-1.1462,122,-0.4404,142,-0.1972,38,-2.2214,299,1.08765,384,1.57473,153,-0.0795
ENSG00000020577,SAMD4A,56,-1.3174,111,-0.2626,41,-1.7996,52,-1.4511,48,-1.5435,310,1.55960,313,1.57812,113,-0.2346
ENSG00000168175,MAPK1IP1L,29,-0.9687,19,-1.6082,59,0.18439,68,0.42055,117,1.39996,52,-0.0265,27,-1.0505,53,0.00969
ENSG00000126777,KTN1,100,-1.7977,206,-0.6911,139,-1.2959,149,-1.1948,146,-1.2207,878,1.88792,474,0.68493,444,0.57178
ENSG00000070367,EXOC5,39,-1.4177,55,-0.8713,47,-1.1296,144,0.69108,92,-0.0684,121,0.38939,131,0.53176,138,0.61389
ENSG00000053770,AP5M1,44,-0.7651,22,-1.7897,83,0.26981,66,-0.1205,99,0.56608,161,1.47712,53,-0.4611,37,-1.0021
ENSG00000131966,ACTR10,64,-1.2445,28,-2.4386,142,0.02109,425,2.08278,280,1.20672,26,-2.5994,59,-1.3709,102,-0.5217
ENSG00000100567,PSMA3,36,-0.5002,11,-2.2589,60,0.31935,85,0.91028,49,-0.0236,68,0.52192,12,-2.1838,77,0.73812
ENSG00000032219,ARID4A,79,0.16349,97,0.52714,45,-0.7236,54,-0.4391,74,0.05763,85,0.30354,95,0.48749,40,-0.9196
ENSG00000100592,DAAM1,58,-0.2302,55,-0.2947,125,1.09451,43,-0.7029,128,1.14769,77,0.25144,45,-0.6235,1,-6.0967
ENSG00000050130,JKAMP,31,-1.8856,44,-1.3881,101,-0.0958,308,1.97379,131,0.33817,34,-1.7765,93,-0.2307,113,0.09203
ENSG00000139970,RTN1,345,-1.0446,146,-2.3330,943,0.58966,2012,2.08630,1312,1.19358,227,-1.6783,116,-2.6807,225,-1.6923
ENSG00000100612,DHRS7,58,-0.3629,27,-1.5355,66,-0.1600,114,0.76216,122,0.88073,22,-1.8376,41,-0.8937,132,1.03605
ENSG00000100614,PPM1A,59,-1.1980,67,-0.9871,201,0.80755,155,0.35464,213,0.90856,130,0.05977,124,-0.0187,55,-1.2945
ENSG00000100644,HIF1A,107,0.15478,44,-1.2523,186,1.12725,225,1.48965,38,-1.4591,108,0.16933,40,-1.3899,33,-1.6843
ENSG00000154001,PPP2R5E,84,0.26384,22,-1.8512,37,-1.0315,27,-1.5203,162,1.44953,128,1.00185,89,0.35204,26,-1.5861
ENSG00000126821,SGPP1,26,-0.7602,17,-1.4335,77,1.03995,34,-0.3594,90,1.33496,1,-5.1757,26,-0.7874,68,0.80243
ENSG00000126803,HSPA2,33,-2.9150,21,-3.5616,11,-4.4850,13,-4.2965,9,-4.8366,318,0.56838,501,1.41189,911,2.81135
ENSG00000258289,CHURC1,54,-0.7593,52,-0.8006,33,-1.4865,94,0.13269,71,-0.3238,164,1.12066,150,0.95842,73,-0.2731
ENSG00000257365,FNTB,3,-5.6316,23,-2.7945,8,-4.2693,31,-2.3557,11,-3.8126,291,1.23049,266,1.06574,523,2.52443
ENSG00000125952,MAX,43,0.23040,30,-0.3680,58,0.74742,51,0.50459,42,0.18117,1,-4.9967,0,-6.4795,75,1.21778
ENSG00000033170,FUT8,12,-3.0063,25,-1.8976,52,-0.8048,19,-2.3529,41,-1.1930,298,2.37535,107,0.34939,143,0.84609
ENSG00000072415,MPP5,36,-1.3005,17,-2.4320,89,0.11132,68,-0.3165,31,-1.5067,257,2.14120,112,0.50589,53,-0.7218
ENSG00000100554,ATP6V1D,104,-0.6548,70,-1.2545,264,0.90000,419,1.81340,203,0.44064,4,-5.2143,104,-0.6502,82,-1.0174
ENSG00000054690,PLEKHH1,36,-2.8284,53,-2.2495,39,-2.6865,5,-5.6885,14,-4.1810,586,1.71554,559,1.61935,540,1.54667
ENSG00000100564,PIGH,29,-0.9376,4,-3.8787,44,-0.2713,86,0.85744,64,0.32993,130,1.64983,29,-0.9426,33,-0.7441
ENSG00000100568,VTI1B,92,-0.3484,112,-0.0194,174,0.72649,106,-0.1143,111,-0.0422,5,-4.4788,214,1.10889,94,-0.2984
ENSG00000072042,RDH11,147,-0.6796,78,-1.6525,163,-0.5254,259,0.23054,384,0.91973,195,-0.2319,349,0.74654,228,0.01663
ENSG00000185650,ZFP36L1,135,1.59397,65,0.25255,150,1.81965,15,-1.9646,17,-1.8411,1,-5.5616,2,-4.6780,60,0.13754
ENSG00000100626,GALNT16,40,-0.6608,4,-3.9458,214,2.42072,76,0.35117,120,1.17525,4,-4.0585,14,-2.2226,18,-1.8434
ENSG00000100632,ERH,22,-1.4366,36,-0.7241,96,0.90288,83,0.64359,77,0.51224,1,-5.5838,71,0.37949,67,0.28281
ENSG00000100650,SRSF5,95,-0.4903,58,-1.2455,145,0.20525,122,-0.0861,163,0.40498,162,0.38688,147,0.22225,135,0.08440
ENSG00000198732,SMOC1,43,-0.1778,59,0.31851,95,1.17502,16,-1.6963,26,-1.0018,9,-2.5687,39,-0.3549,101,1.29812
ENSG00000133983,COX16,42,-0.8471,33,-1.2084,113,0.78757,113,0.78405,57,-0.3572,60,-0.2764,89,0.36152,64,-0.1789
ENSG00000133985,TTC9,57,1.01007,17,-0.9293,10,-1.7331,51,0.80372,116,2.55028,1,-4.7504,1,-5.1804,0,-6.8748
ENSG00000100731,PCNX1,22,-1.3660,16,-1.8172,69,0.43185,83,0.75587,81,0.70632,57,0.11548,43,-0.3568,55,0.05456
ENSG00000119707,RBM25,91,-1.1475,252,0.49083,81,-1.3337,30,-2.7842,127,-0.6344,619,2.28058,208,0.16359,100,-1.0072
ENSG00000080815,PSEN1,10,-3.5358,47,-1.3296,50,-1.2535,21,-2.5406,35,-1.7713,69,-0.7453,297,1.81070,356,2.22850
ENSG00000176903,PNMA1,105,-0.1660,25,-2.3658,232,1.21810,186,0.81186,203,0.96997,3,-5.1959,8,-3.9875,166,0.60689
ENSG00000119711,ALDH6A1,105,0.28152,78,-0.2057,159,1.01470,41,-1.1938,35,-1.4274,24,-2.0341,145,0.84141,121,0.53127
ENSG00000119655,NPC2,59,-0.7464,25,-2.0272,71,-0.4565,124,0.44519,57,-0.8103,19,-2.4448,132,0.56445,270,1.94745
ENSG00000119596,YLPM1,33,-0.8353,48,-0.2422,86,0.74455,45,-0.3342,29,-1.0320,100,1.02707,69,0.35997,34,-0.7662
ENSG00000119640,ACYP1,42,0.02357,5,-3.1755,57,0.50926,110,1.76880,55,0.45446,1,-5.1534,24,-0.8886,41,-0.0412
ENSG00000170348,TMED10,68,-1.4085,56,-1.6985,220,0.45453,160,-0.0719,154,-0.1431,231,0.53730,143,-0.2578,310,1.06762
ENSG00000133935,ERG28,34,-0.7615,8,-2.8156,108,1.15169,34,-0.7625,66,0.28419,73,0.45656,58,0.06481,63,0.20890
ENSG00000089916,GPATCH2L,30,-0.9146,30,-0.9015,81,0.71091,4,-3.7533,29,-0.9388,152,1.94797,68,0.41928,31,-0.8500
ENSG00000119669,IRF2BPL,42,0.02025,35,-0.2820,92,1.40026,41,-0.0264,74,0.99435,2,-4.5125,11,-2.0175,37,-0.2142
ENSG00000198894,CIPC,43,-1.1079,57,-0.6851,145,0.86784,63,-0.5193,126,0.61205,85,-0.0568,120,0.53289,61,-0.5739
ENSG00000177108,ZDHHC22,45,-0.0084,9,-2.3824,21,-1.2333,78,0.93251,161,2.45058,1,-5.2755,33,-0.5032,16,-1.6434
ENSG00000165553,NGB,112,0.74422,16,-2.2650,16,-2.2512,322,3.12583,99,0.53960,1,-5.9349,0,-7.7188,11,-2.8832
ENSG00000100580,TMED8,30,-1.1288,16,-2.0462,107,0.96042,112,1.04195,71,0.22651,61,-0.0101,53,-0.2299,41,-0.6315
ENSG00000100591,AHSA1,22,-1.7823,14,-2.4024,146,1.27989,82,0.24907,126,1.00863,62,-0.2156,34,-1.1192,77,0.14763
ENSG00000100596,SPTLC2,21,-2.0875,30,-1.6065,19,-2.2199,37,-1.2892,27,-1.7219,187,1.43965,114,0.52787,232,1.88956
ENSG00000119705,SLIRP,76,-1.4764,60,-1.8379,388,1.20066,269,0.53332,108,-0.9485,200,0.03402,101,-1.0574,367,1.09228
ENSG00000021645,NRXN3,166,0.63134,30,-2.0597,203,0.99794,141,0.35079,260,1.47683,1,-6.3183,56,-1.1137,56,-1.1272
ENSG00000165417,GTF2A1,29,-1.2842,6,-3.4531,72,0.11845,63,-0.1147,87,0.42629,129,1.13896,98,0.64136,53,-0.3898
ENSG00000071537,SEL1L,47,-1.5555,23,-2.6260,141,0.17587,57,-1.2630,132,0.06472,256,1.24037,166,0.45197,193,0.71634
ENSG00000054983,GALC,27,-0.7349,18,-1.2897,21,-1.1071,43,0.04870,11,-2.0770,17,-1.3903,84,1.19312,117,1.87715
ENSG00000100722,ZC3H14,47,-0.3715,6,-3.4509,59,-0.0102,29,-1.1444,42,-0.5654,214,2.50927,41,-0.5798,37,-0.7373
ENSG00000053254,FOXN3,48,0.49097,52,0.63517,19,-0.9839,17,-1.1485,46,0.40606,5,-2.9543,53,0.64942,47,0.44690
ENSG00000100764,PSMC1,112,0.06203,88,-0.3222,87,-0.3514,260,1.59378,142,0.46419,20,-2.5769,79,-0.4969,74,-0.6069
ENSG00000198668,CALM1,1035,-0.5964,928,-0.7685,1819,0.32343,1552,0.05634,2588,0.94481,1689,0.19801,1099,-0.5016,1286,-0.2509
ENSG00000165914,TTC7B,29,-1.0089,31,-0.9237,106,1.10084,50,-0.1785,96,0.93474,96,0.92801,30,-0.9917,9,-2.6787
ENSG00000100784,RPS6KA5,20,-1.3005,31,-0.6632,12,-2.0172,8,-2.7068,34,-0.5283,72,0.74212,123,1.76153,74,0.78597
ENSG00000100815,TRIP11,19,-1.9865,54,-0.3692,38,-0.9052,12,-2.6330,50,-0.4912,204,2.06212,111,0.84062,56,-0.3211
ENSG00000066427,ATXN3,14,-1.4477,25,-0.5996,24,-0.6443,72,1.16918,53,0.62396,1,-4.8127,69,1.08899,35,-0.0858
ENSG00000183648,NDUFB1,167,-0.6176,135,-0.9426,583,1.56164,311,0.39631,166,-0.6276,12,-4.4376,227,-0.1273,361,0.65769
ENSG00000100604,CHGA,68,-0.7641,40,-1.5687,173,0.77975,171,0.76069,419,2.67466,1,-6.0374,4,-4.9099,0,-7.6431
ENSG00000100605,ITPK1,165,0.32504,87,-0.7127,177,0.44820,142,0.08347,94,-0.5934,115,-0.2636,117,-0.2369,187,0.54524
ENSG00000165943,MOAP1,192,-0.4896,66,-2.1152,374,0.61133,633,1.60741,724,1.89458,13,-4.4729,46,-2.6511,37,-2.9801
ENSG00000175785,PRIMA1,18,-1.5061,10,-2.3001,0,-6.8941,175,2.58863,46,-0.0362,1,-5.3129,85,1.02012,41,-0.2081
ENSG00000089737,DDX24,218,-0.5535,150,-1.1338,403,0.45690,372,0.32317,589,1.14222,300,-0.0362,241,-0.3915,182,-0.8297
ENSG00000165949,IFI27,45,-1.8175,66,-1.2574,222,0.71233,699,3.36714,3,-5.6694,1,-6.9384,20,-3.0189,114,-0.3964
ENSG00000119632,IFI27L2,91,-0.7122,57,-1.4104,216,0.72289,267,1.11232,43,-1.8565,126,-0.1827,122,-0.2465,209,0.66628
ENSG00000100697,DICER1,20,-2.8017,48,-1.4779,53,-1.3288,13,-3.3375,45,-1.6006,491,2.75306,236,1.11337,91,-0.5005
ENSG00000182512,GLRX5,59,-0.4379,44,-0.8818,112,0.62769,133,0.94399,154,1.21667,21,-1.9809,7,-3.5437,86,0.18816
ENSG00000227051,C14orf132,90,-0.1639,71,-0.5411,115,0.23912,140,0.57628,42,-1.3427,80,-0.3608,155,0.75154,104,0.06890
ENSG00000066739,ATG2B,4,-3.3752,19,-1.3454,75,0.89314,58,0.45070,40,-0.1967,8,-2.6309,86,1.13288,67,0.69883
ENSG00000100744,GSKIP,23,-1.2982,40,-0.4514,21,-1.3890,119,1.46415,115,1.39855,22,-1.3212,61,0.24583,18,-1.6495
ENSG00000090060,PAPOLA,73,-0.6809,29,-2.0809,134,0.29834,102,-0.1501,77,-0.6010,337,2.07163,79,-0.5522,64,-0.8809
ENSG00000183576,SETD3,58,-0.0597,11,-2.5769,14,-2.1835,25,-1.3490,51,-0.2467,193,2.23472,85,0.59746,41,-0.6164
ENSG00000036530,CYP46A1,38,-0.5375,27,-1.0382,106,1.21636,55,0.06917,138,1.75128,1,-5.4884,28,-0.9924,30,-0.9049
ENSG00000196405,EVL,211,0.44466,41,-2.1047,188,0.25374,164,0.02210,356,1.40756,142,-0.2132,96,-0.8309,95,-0.8386
ENSG00000100811,YY1,52,-1.0129,39,-1.4482,95,-0.0628,40,-1.4215,74,-0.4667,315,2.21438,86,-0.2220,88,-0.1835
ENSG00000197119,SLC25A29,9,-3.2141,21,-2.0030,49,-0.7255,29,-1.5226,65,-0.2854,94,0.31067,161,1.28891,193,1.64871
ENSG00000140105,WARS,58,-0.5997,24,-1.9340,111,0.46512,266,2.17685,134,0.78621,1,-6.1627,15,-2.5810,66,-0.4002
ENSG00000185559,DLK1,35,-2.0017,24,-2.5876,171,0.47838,729,4.06617,54,-1.3554,10,-3.8226,1,-6.8465,7,-4.3482
ENSG00000214548,MEG3,510,0.10500,169,-1.6255,482,0.01304,611,0.41061,1633,2.38003,250,-1.0318,142,-1.8878,30,-4.1417
ENSG00000225746,MEG8,62,-0.1361,3,-4.3590,40,-0.8343,83,0.34669,137,1.24206,163,1.58452,37,-0.9632,16,-2.2396
ENSG00000078304,PPP2R5C,85,-0.3780,86,-0.3518,162,0.69578,108,0.01535,129,0.30658,9,-3.7574,122,0.21200,158,0.65489
ENSG00000197102,DYNC1H1,314,-1.0025,286,-1.1494,358,-0.8022,855,0.62937,903,0.72469,1194,1.24309,546,-0.1270,268,-1.2447
ENSG00000080824,HSP90AA1,4263,-0.3338,4071,-0.4076,2291,-1.3035,10343,1.19904,11444,1.39635,3159,-0.8077,4050,-0.4157,2253,-1.3285
ENSG00000100865,CINP,47,-0.1682,26,-1.1007,85,0.83158,32,-0.7930,31,-0.8474,77,0.65871,93,0.99661,28,-1.0041
ENSG00000198752,CDC42BPB,78,0.18159,54,-0.4105,114,0.83461,50,-0.5423,78,0.16960,26,-1.5275,90,0.42045,70,3.78612
ENSG00000100664,EIF5,168,-0.8035,137,-1.1198,293,0.08595,296,0.09955,408,0.65030,362,0.44000,247,-0.1943,316,0.20960
ENSG00000075413,MARK3,79,0.15679,23,-1.7627,35,-1.1454,48,-0.6393,79,0.14011,124,0.92408,69,-0.0660,121,0.88015
ENSG00000166165,CKB,1071,0.21507,399,-1.3516,1508,0.81002,1084,0.23645,1743,1.07628,467,-1.1082,519,-0.9471,736,-0.3985
ENSG00000166170,BAG5,21,-0.7745,19,-0.9976,59,0.89180,22,-0.7305,81,1.48984,1,-4.7975,70,1.19924,8,-2.2631
ENSG00000126214,KLC1,294,-1.0024,135,-2.1752,676,0.34003,1612,2.00936,669,0.32384,437,-0.3782,361,-0.6784,228,-1.3854
ENSG00000256053,COA8,8,-2.5961,25,-0.9110,58,0.45693,104,1.54272,44,-0.0043,1,-5.2219,15,-1.6694,98,1.42337
ENSG00000100711,ZFYVE21,25,-0.7779,24,-0.8714,146,2.45038,14,-1.6866,28,-0.6090,19,-1.1695,41,-0.0084,33,-0.3626
ENSG00000156411,ATP5MPL,257,-0.3886,143,-1.2984,496,0.70977,623,1.12858,352,0.12041,94,-1.9292,323,-0.0215,328,0.00495
ENSG00000258986,TMEM179,26,-1.2056,20,-1.5802,49,-0.2021,204,2.57070,102,1.05599,1,-5.5534,2,-4.8386,39,-0.5389
ENSG00000203485,INF2,44,-1.9032,46,-1.8490,5,-5.0374,163,0.11364,28,-2.5701,191,0.37487,290,1.12588,451,2.03591
ENSG00000184990,SIVA1,25,-0.5953,19,-1.0300,87,1.56459,33,-0.1389,27,-0.4912,1,-4.9486,21,-0.8201,77,1.33288
ENSG00000142208,AKT1,46,0.13522,20,-1.1507,84,1.19674,46,0.11861,78,1.04618,3,-3.6503,41,-0.0472,21,-1.1004
ENSG00000099814,CEP170B,79,0.16251,15,-2.4128,55,-0.4111,209,2.00036,134,1.09358,19,-1.9992,45,-0.7306,16,-2.3144
ENSG00000185567,AHNAK2,23,-1.7944,24,-1.7365,17,-2.1789,264,2.52382,90,0.35431,123,0.90064,10,-2.9144,31,-1.3188
ENSG00000183828,NUDT14,27,-1.0176,7,-2.8985,12,-2.1953,100,1.14711,35,-0.6074,123,1.55732,27,-0.9977,82,0.77296
ENSG00000185024,BRF1,53,-0.2482,7,-3.2607,48,-0.3990,54,-0.2057,95,0.74702,108,0.97605,37,-0.8167,90,0.64128
ENSG00000179364,PACS2,35,-2.7649,83,-1.4722,132,-0.7582,58,-2.0036,85,-1.4381,289,0.51366,491,1.49967,531,1.65945
ENSG00000182809,CRIP2,123,-0.0023,56,-1.2253,275,1.43333,202,0.84956,86,-0.5666,109,-0.1996,28,-2.2736,105,-0.2511
ENSG00000170113,NIPA1,63,-1.3860,87,-0.8892,69,-1.2347,91,-0.8108,159,0.07124,326,1.35529,185,0.32499,236,0.75339
ENSG00000182636,NDN,78,-0.8618,28,-2.3856,267,1.21336,318,1.55709,201,0.68731,49,-1.5568,32,-2.2079,99,-0.4886
ENSG00000128739,SNRPN,416,-0.3932,153,-1.9279,1028,1.16252,908,0.93035,1045,1.19418,39,-3.9311,318,-0.8157,334,-0.7413
ENSG00000224078,SNHG14,520,-0.7717,594,-0.5629,1016,0.31442,309,-1.5693,1468,0.96302,1957,1.51886,660,-0.3955,212,-2.1309
ENSG00000114062,UBE3A,71,-0.9255,55,-1.3058,79,-0.7630,124,-0.0454,206,0.83185,311,1.61945,93,-0.5050,78,-0.7771
ENSG00000166206,GABRB3,37,-0.7734,17,-1.9330,153,1.70693,101,0.88944,157,1.76047,1,-5.6707,14,-2.2122,0,-7.7934
ENSG00000128731,HERC2,42,-1.3246,101,0.06499,98,0.01732,58,-0.8148,75,-0.4123,175,1.02267,177,1.04469,50,-1.0369
ENSG00000034053,APBA2,71,-0.5660,22,-2.3038,163,0.83072,57,-0.8953,199,1.19879,53,-1.0046,107,0.10254,132,0.45285
ENSG00000185115,NSMCE3,43,0.20406,3,-3.6670,87,1.46007,48,0.36696,53,0.54181,28,-0.4682,1,-4.8922,43,0.18010
ENSG00000104067,TJP1,60,-1.0398,94,-0.3513,32,-1.9950,10,-3.6237,10,-3.6861,348,2.05246,203,0.95726,176,0.69717
ENSG00000166912,MTMR10,25,-2.7317,46,-1.8237,24,-2.7723,17,-3.2738,5,-4.9449,401,1.79277,293,1.15895,396,1.76975
ENSG00000169926,KLF13,39,-0.5040,21,-1.4289,15,-1.9041,28,-1.0162,22,-1.3623,89,0.87629,70,0.46990,141,1.78434
ENSG00000166922,SCG5,158,-0.9075,57,-2.4461,389,0.56341,373,0.49127,607,1.38633,152,-0.9616,185,-0.6561,310,0.17381
ENSG00000134153,EMC7,22,-2.1380,11,-3.1265,169,1.11310,180,1.23781,79,-0.1933,82,-0.1295,98,0.15666,72,-0.3552
ENSG00000128463,EMC4,81,-0.5584,26,-2.2904,153,0.48093,176,0.72424,192,0.88801,76,-0.6570,108,-0.1034,107,-0.1156
ENSG00000182117,NOP10,21,-1.7351,22,-1.7116,177,1.80231,112,0.90641,70,0.08727,39,-0.8325,33,-1.1024,55,-0.2859
ENSG00000176454,LPCAT4,45,0.10573,14,-1.7016,70,0.88756,96,1.47859,84,1.21353,21,-1.0711,0,-7.0111,5,-3.0222
ENSG00000175265,GOLGA8A,16,-1.6413,9,-2.4923,70,0.66977,1,-5.2507,64,0.52221,43,-0.1485,123,1.77101,49,0.06960
ENSG00000198146,ZNF770,31,-0.7494,32,-0.7343,66,0.45813,37,-0.4963,112,1.41706,49,-0.0383,59,0.27955,16,-1.7572
ENSG00000134138,MEIS2,38,-0.5807,38,-0.5697,31,-0.9221,174,2.17743,136,1.63152,1,-5.5457,2,-4.7301,20,-1.5299
ENSG00000166068,SPRED1,18,-2.2319,14,-2.5683,99,0.38128,0,-6.9997,16,-2.4031,265,2.33607,131,0.87424,86,0.14119
ENSG00000166073,GPR176,54,0.42502,14,-1.6633,99,1.55736,118,1.92257,39,-0.1077,1,-5.1433,1,-5.0957,7,-2.5785
ENSG00000128829,EIF2AK4,22,-0.8168,44,0.25989,28,-0.4339,60,0.79767,95,1.69354,25,-0.6295,10,-1.9890,14,-1.4699
ENSG00000140319,SRP14,264,-0.8346,147,-1.7281,819,1.06038,979,1.40300,438,-0.0291,202,-1.2508,336,-0.4567,382,-0.2529
ENSG00000140323,DISP2,13,-2.0054,26,-1.0385,111,1.41322,99,1.18731,138,1.87150,1,-5.2590,8,-2.7930,4,-3.5155
ENSG00000128928,IVD,49,-0.3912,36,-0.8735,68,0.14117,95,0.72764,69,0.16303,74,0.29535,62,0.00219,45,-0.5338
ENSG00000137824,RMDN3,35,-0.1750,13,-1.6681,48,0.34625,37,-0.1145,80,1.24726,17,-1.3263,27,-0.6254,58,0.64394
ENSG00000166140,ZFYVE19,41,-0.0759,14,-1.7262,19,-1.2593,38,-0.1981,54,0.37365,1,-5.1863,92,1.36186,84,1.17238
ENSG00000187446,CHP1,48,-1.3721,27,-2.2387,121,0.08687,218,1.12495,121,0.09593,231,1.23807,62,-0.9622,88,-0.4241
ENSG00000247556,OIP5-AS1,193,-0.3213,249,0.09600,185,-0.3840,19,-3.8051,532,1.46662,389,0.86987,103,-1.2917,208,-0.1952
ENSG00000137815,RTF1,120,0.63266,77,-0.1218,112,0.51377,89,0.12595,123,0.67343,26,-1.8073,47,-0.9118,68,-0.3151
ENSG00000092445,TYRO3,41,-0.9367,20,-2.0158,25,-1.7051,34,-1.2093,16,-2.3416,107,0.61767,149,1.21904,203,1.84725
ENSG00000166887,VPS39,37,-0.9049,27,-1.4030,88,0.46274,89,0.48437,97,0.64406,99,0.67886,38,-0.8814,56,-0.2656
ENSG00000103978,TMEM87A,35,-1.6846,21,-2.4375,51,-1.1048,34,-1.7419,59,-0.8861,221,1.33853,171,0.85420,238,1.48831
ENSG00000092529,CAPN3,5,-5.0291,68,-1.3892,16,-3.5108,5,-5.2225,25,-2.8897,337,1.26100,375,1.46883,490,2.04201
ENSG00000103994,ZNF106,82,-0.3670,79,-0.4397,114,0.16380,43,-1.3794,102,-0.0287,164,0.79538,123,0.28663,120,0.24834
ENSG00000128881,TTBK2,69,-0.7265,40,-1.5556,96,-0.1985,60,-0.9267,177,0.85057,272,1.67720,83,-0.4184,68,-0.7443
ENSG00000166946,CCNDBP1,40,-0.7968,37,-0.9278,85,0.41161,102,0.72726,142,1.34331,1,-5.8201,15,-2.2271,109,0.85247
ENSG00000067369,TP53BP1,63,-0.4213,15,-2.6072,106,0.44361,105,0.42860,143,0.97346,112,0.54004,71,-0.2224,37,-1.2512
ENSG00000166963,MAP1A,712,0.07479,1072,0.77784,307,-1.2540,434,-0.7207,810,0.29103,798,0.26460,862,0.39572,450,-0.6636
ENSG00000237289,CKMT1B,18,-1.5721,26,-0.9775,114,1.51489,111,1.46063,122,1.64797,1,-5.3820,0,-7.2401,0,-7.5064
ENSG00000223572,CKMT1A,23,-0.5383,15,-1.2141,38,0.22198,82,1.63896,101,2.09003,1,-4.8126,0,-6.6711,4,-3.0427
ENSG00000167004,PDIA3,119,-0.1766,37,-1.9700,174,0.45135,233,0.97287,179,0.50210,68,-1.0631,96,-0.5281,157,0.27981
ENSG00000140264,SERF2,316,-0.6349,250,-1.0035,741,0.78149,592,0.39022,239,-1.0676,337,-0.5325,401,-0.2553,879,1.09496
ENSG00000166734,CASC4,78,-0.3225,36,-1.5291,173,1.02475,92,-0.0669,76,-0.3706,113,0.28138,114,0.28876,83,-0.2226
ENSG00000104131,EIF3J,67,-0.9649,93,-0.4494,50,-1.3993,94,-0.4275,150,0.34106,175,0.60745,190,0.75038,161,0.45724
ENSG00000166710,B2M,473,-0.0596,296,-0.8099,928,1.11376,86,-2.6715,114,-2.2469,560,0.21841,399,-0.3349,1071,1.39104
ENSG00000185880,TRIM69,33,-0.5912,44,-0.1414,46,-0.0911,68,0.57100,72,0.66622,59,0.31800,8,-2.7537,58,0.28992
ENSG00000171766,GATM,94,-0.9219,51,-1.8445,129,-0.4298,25,-2.9042,10,-4.2382,180,0.11074,333,1.19461,527,2.15878
ENSG00000104164,BLOC1S6,63,-0.1462,36,-1.0432,150,1.36884,121,0.95466,114,0.85680,1,-5.7909,26,-1.4962,43,-0.7520
ENSG00000137872,SEMA6D,17,-1.3856,23,-0.9420,51,0.35810,109,1.76681,80,1.14323,1,-5.1390,50,0.33008,0,-7.2644
ENSG00000104177,MYEF2,37,-0.8735,23,-1.5871,36,-0.8890,39,-0.7973,90,0.57525,177,1.88017,74,0.23155,36,-0.9039
ENSG00000128951,DUT,52,-0.5170,55,-0.4374,118,0.83413,86,0.29254,82,0.20842,2,-5.1866,58,-0.3615,126,0.94972
ENSG00000255302,EID1,205,-0.6737,121,-1.4807,492,0.77575,346,0.16759,414,0.47177,449,0.61325,142,-1.2428,332,0.09906
ENSG00000138593,SECISBP2L,43,-3.2603,96,-2.0713,85,-2.2580,43,-3.2627,58,-2.8151,1323,2.52554,844,1.50134,438,0.30017
ENSG00000166200,COPS2,38,-1.4160,23,-2.1833,136,0.60087,142,0.67280,58,-0.7886,189,1.19842,137,0.61013,40,-1.3570
ENSG00000244879,GABPB1-AS1,36,-1.0831,46,-0.7005,30,-1.3196,0,-8.3816,21,-1.8353,360,3.59098,35,-1.1053,38,-0.9658
ENSG00000138592,USP8,56,-1.1410,80,-0.5868,84,-0.5072,85,-0.4905,249,1.37200,219,1.12284,86,-0.4670,62,-0.9744
ENSG00000186417,GLDN,0,-9.1572,45,-0.9622,0,-8.0045,0,-8.6204,0,-8.6892,131,0.77287,242,1.98128,251,2.06010
ENSG00000104093,DMXL2,53,-0.8669,39,-1.3221,149,0.84842,159,0.96472,230,1.68874,21,-2.2463,56,-0.7691,21,-2.2678
ENSG00000104112,SCG3,139,-0.6137,59,-1.9064,399,1.18049,242,0.28783,340,0.88304,210,0.05524,106,-1.0310,133,-0.6832
ENSG00000140280,LYSMD2,47,-0.6934,21,-1.9212,101,0.56111,172,1.55130,147,1.25194,58,-0.3602,14,-2.5306,20,-1.9716
ENSG00000128872,TMOD2,133,0.04416,75,-0.8782,157,0.31912,136,0.08530,229,0.98776,100,-0.4212,97,-0.4649,109,-0.2738
ENSG00000069956,MAPK6,34,-1.2339,11,-2.8314,120,0.79343,41,-0.9571,135,0.99797,108,0.59658,98,0.42954,57,-0.4430
ENSG00000069966,GNB5,96,-0.0766,35,-1.6340,177,0.97590,167,0.86840,275,1.85278,17,-2.6694,24,-2.1904,14,-2.9777
ENSG00000197535,MYO5A,110,-0.7513,81,-1.2158,286,0.82884,182,0.05327,259,0.65634,234,0.48056,201,0.21587,56,-1.7751
ENSG00000128989,ARPP19,132,-1.6068,199,-0.9880,396,0.11373,437,0.27815,291,-0.3880,375,0.02401,602,0.83756,527,0.59861
ENSG00000137876,RSL24D1,38,-0.7025,38,-0.6806,46,-0.3930,92,0.76093,87,0.66281,8,-3.0526,67,0.21859,95,0.81222
ENSG00000260916,CCPG1,49,-1.3266,84,-0.4962,85,-0.4779,130,0.21026,134,0.26019,235,1.26135,82,-0.5380,118,0.04588
ENSG00000140262,TCF12,9,-2.2929,38,-0.2099,54,0.34647,1,-5.0667,35,-0.3576,25,-0.8507,130,2.03393,56,0.42551
ENSG00000255529,POLR2M,41,-0.3516,6,-3.1517,85,0.88515,30,-0.8214,87,0.92887,2,-4.4221,50,-0.0289,105,1.27336
ENSG00000137845,ADAM10,23,-2.2073,30,-1.8568,58,-0.8356,0,-8.8529,34,-1.6458,443,3.16369,107,0.14476,91,-0.1206
ENSG00000128923,MINDY2,63,-0.7906,90,-0.2150,70,-0.6213,55,-0.9821,105,0.02492,189,1.05871,165,0.80942,87,-0.2802
ENSG00000137776,SLTM,67,-0.7591,171,0.78001,36,-1.7055,54,-1.0962,38,-1.6293,271,1.66067,144,0.47491,86,-0.3681
ENSG00000140307,GTF2A2,31,-0.8220,27,-1.0298,83,0.77897,65,0.34822,51,-0.0543,23,-1.2613,85,0.81909,55,0.07267
ENSG00000182718,ANXA2,24,-1.8472,22,-1.9601,77,-0.0678,506,4.64080,1,-6.4402,1,-6.0969,10,-3.1526,3,-4.5584
ENSG00000129003,VPS13C,37,-2.2847,79,-1.1299,81,-1.0918,63,-1.4857,69,-1.3468,613,2.64405,235,0.63057,120,-0.4805
ENSG00000171914,TLN2,58,-0.5452,52,-0.7075,14,-2.6880,161,1.20412,153,1.10939,6,-3.9027,74,-0.1452,131,0.82184
ENSG00000140416,TPM1,38,-0.5540,45,-0.2784,106,1.18282,52,-0.0525,108,1.21741,54,0.01619,0,-6.9204,27,-1.0816
ENSG00000185088,RPS27L,62,-0.4503,51,-0.7464,150,1.04933,103,0.37940,52,-0.7330,76,-0.1271,70,-0.2506,92,0.18790
ENSG00000166128,RAB8B,42,-0.4679,1,-5.0833,52,-0.1224,73,0.46424,29,-0.9987,118,1.32134,70,0.37054,61,0.13803
ENSG00000103657,HERC1,87,-0.1712,57,-0.8324,83,-0.2612,138,0.59137,160,0.86337,111,0.21914,81,-0.2833,58,-0.8045
ENSG00000028528,SNX1,11,-3.2152,33,-1.6505,58,-0.7870,53,-0.9089,32,-1.6696,196,1.28468,211,1.43133,163,0.93804
ENSG00000157734,SNX22,15,-1.4345,79,1.33484,0,-6.8475,5,-2.9669,8,-2.2781,2,-3.9662,103,1.87054,86,1.47978
ENSG00000166794,PPIB,63,-0.8522,40,-1.5190,135,0.38123,121,0.20812,92,-0.2507,91,-0.2582,108,0.00913,207,1.15292
ENSG00000180304,OAZ2,128,0.08785,50,-1.3821,99,-0.3326,259,1.34300,233,1.13507,19,-2.8144,24,-2.4835,160,0.46502
ENSG00000090487,SPG21,17,-1.6426,18,-1.5281,65,0.48941,87,1.01042,52,0.12962,7,-2.8133,54,0.17699,87,1.01812
ENSG00000074603,DPP8,37,-0.9410,38,-0.9208,79,0.26356,28,-1.3696,103,0.71331,83,0.34345,66,-0.0386,106,0.77548
ENSG00000074696,HACD3,140,-1.0837,79,-1.9488,339,0.33700,472,0.92251,344,0.36265,285,0.04590,238,-0.2463,319,0.23628
ENSG00000174485,DENND4A,39,-0.0256,27,-0.6216,51,0.41675,22,-0.9247,37,-0.0861,91,1.47729,17,-1.3108,33,-0.2965
ENSG00000103769,RAB11A,134,-0.6942,66,-1.7743,312,0.70015,584,1.92993,284,0.53476,66,-1.7720,105,-1.0766,104,-1.0901
ENSG00000166938,DIS3L,48,-0.2918,47,-0.3154,68,0.27951,59,0.04201,59,0.05734,105,1.05198,56,-0.0341,16,-1.9285
ENSG00000169032,MAP2K1,53,-1.0160,9,-3.6232,269,1.81777,238,1.56359,123,0.34258,14,-2.9278,55,-0.9517,40,-1.4359
ENSG00000174446,SNAPC5,38,0.05444,29,-0.3746,54,0.62983,108,1.98186,31,-0.2621,1,-4.9826,1,-4.6479,34,-0.1624
ENSG00000174444,RPL4,281,-1.1520,422,-0.5195,746,0.41552,305,-1.0265,313,-0.9898,752,0.42807,960,0.86067,882,0.70695
ENSG00000033800,PIAS1,39,-0.0598,13,-1.6872,98,1.57373,14,-1.6627,89,1.37625,39,-0.0853,31,-0.4344,3,-3.7292
ENSG00000169018,FEM1B,63,-0.5290,32,-1.5743,135,0.74987,61,-0.5572,132,0.71488,89,0.03291,95,0.15267,89,0.03200
ENSG00000103647,CORO2B,70,-0.4831,18,-2.5407,54,-0.8920,11,-3.1848,79,-0.3008,221,1.50796,139,0.63775,169,0.99557
ENSG00000140350,ANP32A,34,-1.3740,70,-0.2353,104,0.41552,17,-2.3799,59,-0.5195,177,1.38009,110,0.51629,79,-0.0473
ENSG00000137818,RPLP1,789,-0.6946,1056,-0.2320,1601,0.46167,759,-0.7571,472,-1.4872,786,-0.7014,1829,0.69531,2444,1.23023
ENSG00000166173,LARP6,47,-0.7585,44,-0.8491,45,-0.8411,92,0.32985,70,-0.1335,5,-3.9860,100,0.47225,203,1.80539
ENSG00000137821,LRRC49,15,-1.7325,15,-1.6993,49,0.11182,75,0.86448,92,1.23490,63,0.54968,47,0.05264,8,-2.6083
ENSG00000066933,MYO9A,25,-1.7356,56,-0.5272,30,-1.4736,67,-0.2453,150,1.15100,178,1.48351,64,-0.3163,51,-0.6582
ENSG00000067225,PKM,465,-0.5918,236,-1.6336,1082,0.81977,1674,1.66315,1431,1.34561,67,-3.4847,201,-1.8769,215,-1.7726
ENSG00000140488,CELF6,33,-0.6681,22,-1.2397,119,1.55830,133,1.79693,69,0.53851,1,-5.4053,22,-1.2506,0,-7.5293
ENSG00000213614,HEXA,30,-0.6109,16,-1.5679,27,-0.7647,84,1.13699,53,0.32729,47,0.10337,20,-1.1883,73,0.87706
ENSG00000166233,ARIH1,57,-0.0692,53,-0.1966,77,0.42388,76,0.41246,55,-0.1365,77,0.43445,52,-0.2165,29,-1.1014
ENSG00000159322,ADPGK,49,0.49368,6,-2.6018,64,0.94575,38,0.05723,68,1.06112,1,-4.9728,44,0.27732,24,-0.6658
ENSG00000067141,NEO1,34,-0.6832,15,-1.9039,29,-0.9098,11,-2.4005,49,-0.1000,78,0.67263,97,1.08118,105,1.21730
ENSG00000156642,NPTN,152,-0.5853,24,-3.3584,340,0.75361,284,0.44187,793,2.53311,46,-2.3860,26,-3.2042,84,-1.4956
ENSG00000067221,STOML1,55,-0.5034,13,-2.6231,49,-0.6854,261,2.40127,121,0.80520,1,-5.9725,30,-1.4274,73,-0.0446
ENSG00000138623,SEMA7A,9,-2.7579,12,-2.4272,8,-2.9923,0,-6.3006,66,0.20177,16,-2.0254,177,2.06840,181,2.12741
ENSG00000138629,UBL7,19,-1.3293,21,-1.1850,41,-0.1597,64,0.58906,49,0.13005,1,-5.2676,13,-1.8540,153,2.34122
ENSG00000103653,CSK,47,0.56385,22,-0.7061,25,-0.4942,49,0.60860,45,0.45823,1,-4.8520,55,0.81426,28,-0.2928
ENSG00000178802,MPI,46,-0.4275,0,-6.5032,33,-0.9291,107,0.99893,152,1.69757,71,0.29560,17,-1.9265,52,-0.2315
ENSG00000178761,FAM219B,33,-0.5532,19,-1.3873,68,0.61477,68,0.62428,81,0.92251,69,0.64599,21,-1.2698,18,-1.5078
ENSG00000178741,COX5A,168,-0.5814,166,-0.6002,282,0.25725,427,0.99199,416,0.94167,186,-0.4247,65,-2.0247,220,-0.1479
ENSG00000178718,RPP25,28,-0.6188,13,-1.7504,38,-0.1147,14,-1.6066,111,1.82636,28,-0.6307,28,-0.5814,68,0.85117
ENSG00000198794,SCAMP5,218,0.03185,51,-2.2056,293,0.53244,304,0.60030,606,1.94142,72,-1.6882,78,-1.5645,86,-1.4270
ENSG00000140365,COMMD4,36,-0.0025,13,-1.5638,55,0.70955,54,0.67047,42,0.23033,1,-4.9578,0,-5.8770,89,1.61191
ENSG00000140400,MAN2C1,46,0.13069,11,-2.0952,52,0.34385,29,-0.6067,64,0.69096,16,-1.4660,78,1.03427,44,0.06774
ENSG00000177971,IMP3,28,-0.9773,12,-2.2889,103,1.17258,97,1.06864,80,0.71394,1,-5.4555,47,-0.1957,53,0.01085
ENSG00000140367,UBE2Q2,28,-1.1887,33,-0.9306,49,-0.3144,62,0.05979,58,-0.0360,60,0.02384,76,0.40039,110,1.07150
ENSG00000140374,ETFA,26,-0.8169,17,-1.4905,66,0.66719,73,0.85980,37,-0.2788,36,-0.3215,40,-0.1602,58,0.46324
ENSG00000140386,SCAPER,31,-1.0690,67,0.14252,19,-1.7965,31,-1.0582,78,0.39478,97,0.78417,116,1.11662,51,-0.2953
ENSG00000117906,RCN2,189,-0.2829,52,-2.2589,439,1.17633,407,1.03317,415,1.07236,129,-0.8796,92,-1.3960,73,-1.7362
ENSG00000140391,TSPAN3,311,-0.3728,166,-1.3512,781,1.21842,557,0.60078,668,0.92533,130,-1.7211,283,-0.5237,234,-0.8226
ENSG00000173517,PEAK1,23,-0.9137,30,-0.5111,50,0.32971,16,-1.4670,27,-0.6480,56,0.52670,95,1.50156,31,-0.4473
ENSG00000169783,LINGO1,56,0.57196,10,-2.1062,58,0.63126,30,-0.4458,104,1.75680,1,-5.0765,36,-0.1457,23,-0.8710
ENSG00000166411,IDH3A,129,0.50049,48,-1.1007,74,-0.4105,129,0.49487,228,1.55950,59,-0.7789,53,-0.9378,48,-1.1059
ENSG00000103740,ACSBG1,78,0.18338,18,-2.0433,91,0.43991,2,-4.9571,2,-5.0720,110,0.77621,183,1.75567,75,0.11270
ENSG00000140403,DNAJA4,146,-0.1604,57,-1.6300,289,1.01515,340,1.32613,303,1.10203,48,-1.8894,47,-1.9078,59,-1.5573
ENSG00000140395,WDR61,57,-0.2081,15,-2.2456,60,-0.1423,88,0.50294,85,0.44495,56,-0.2477,31,-1.1391,129,1.19637
ENSG00000166426,CRABP1,187,1.10147,64,-0.7018,486,3.43280,5,-4.3842,47,-1.1863,1,-6.4011,1,-6.3934,6,-4.0270
ENSG00000041357,PSMA4,110,-0.3048,69,-1.0270,146,0.15564,216,0.83676,153,0.22950,105,-0.3806,100,-0.4637,164,0.35029
ENSG00000185787,MORF4L1,577,-0.1706,257,-1.4365,961,0.69063,932,0.63712,1031,0.81704,420,-0.6794,547,-0.2581,402,-0.7476
ENSG00000058335,RASGRF1,47,-1.4895,37,-1.8741,73,-0.8219,5,-4.7031,180,0.64714,275,1.43788,129,0.08243,237,1.14923
ENSG00000166557,TMED3,23,-1.4253,33,-0.8881,62,0.12222,121,1.31837,69,0.31376,66,0.21955,36,-0.7532,50,-0.2228
ENSG00000086666,ZFAND6,64,0.31393,11,-2.4177,63,0.28051,41,-0.4121,59,0.17786,100,1.11369,47,-0.1806,38,-0.5103
ENSG00000103876,FAH,11,-2.1394,9,-2.4339,5,-3.1978,22,-1.1269,9,-2.4392,33,-0.5596,109,1.54496,171,2.56369
ENSG00000172379,ARNT2,83,-0.3658,30,-1.9159,209,1.23195,119,0.23282,111,0.11693,97,-0.1040,114,0.15873,66,-0.7213
ENSG00000117899,MESD,44,-0.4861,15,-2.1394,38,-0.7097,72,0.29682,63,0.07733,69,0.23851,65,0.13818,113,1.10739
ENSG00000182774,RPS17,206,-1.0185,350,-0.1825,618,0.78085,141,-1.5997,233,-0.8275,530,0.51238,371,-0.0889,683,0.96486
ENSG00000214575,CPEB1,48,-1.2708,15,-2.9321,46,-1.3422,78,-0.5283,76,-0.5764,281,1.74249,176,0.83139,146,0.50692
ENSG00000103723,AP3B2,37,-0.5235,6,-3.1539,92,1.00571,146,1.94335,99,1.15590,1,-5.4445,29,-0.9064,0,-7.5684
ENSG00000166503,HDGFL3,79,-0.9745,121,-0.2948,139,-0.0750,99,-0.6240,210,0.61985,199,0.53018,185,0.40700,132,-0.1597
ENSG00000140600,SH3GL3,42,-1.4087,73,-0.5618,45,-1.2919,58,-0.9214,76,-0.4900,184,0.99925,151,0.64712,197,1.12983
ENSG00000140612,SEC11A,20,-1.4340,36,-0.5659,58,0.21507,40,-0.4008,17,-1.6932,145,1.94332,12,-2.2208,80,0.76427
ENSG00000073417,PDE8A,10,-2.1651,43,0.05895,39,-0.0888,9,-2.3024,12,-1.8440,11,-1.9359,111,1.81130,94,1.47914
ENSG00000140538,NTRK3,62,0.09876,48,-0.2936,147,1.68304,58,-0.0079,93,0.80237,1,-5.6271,29,-1.0984,27,-1.1829
ENSG00000181991,MRPS11,47,-0.1810,26,-1.1158,70,0.47615,111,1.31610,63,0.29770,17,-1.7217,16,-1.8547,71,0.51181
ENSG00000140545,MFGE8,25,-0.9134,25,-0.8864,91,1.27954,3,-3.6719,19,-1.2674,84,1.12282,0,-6.0018,104,1.54110
ENSG00000140526,ABHD2,73,0.08105,51,-0.4945,79,0.21850,103,0.66561,107,0.74618,70,0.00684,64,-0.1240,8,-3.2616
ENSG00000157823,AP3S2,57,-0.7872,44,-1.1776,62,-0.6513,182,1.16298,131,0.57492,137,0.65250,33,-1.6261,101,0.13189
ENSG00000182054,IDH2,88,0.67869,53,-0.1694,77,0.45560,29,-1.1180,16,-1.9989,16,-1.9699,52,-0.2160,141,1.56016
ENSG00000185043,CIB1,17,-1.3441,32,-0.3430,89,1.44146,43,0.13344,21,-0.9830,1,-5.0799,29,-0.5167,86,1.35851
ENSG00000182768,NGRN,267,-0.4064,158,-1.2164,707,1.28060,533,0.75656,460,0.49619,124,-1.5931,270,-0.3881,223,-0.6893
ENSG00000196547,MAN2A2,43,-1.8297,29,-2.4221,64,-1.2458,65,-1.2157,110,-0.3965,235,0.88996,203,0.62848,374,1.80211
ENSG00000185518,SV2B,24,-1.4509,12,-2.4917,49,-0.3547,207,2.32093,175,1.93520,2,-4.9677,22,-1.5698,2,-4.8820
ENSG00000176463,SLCO3A1,29,-1.5765,28,-1.6043,10,-3.0870,76,-0.0852,82,0.03215,95,0.29094,143,1.00056,177,1.41373
ENSG00000272888,LINC01578,59,-1.1216,73,-0.8043,112,-0.1169,36,-1.8595,59,-1.1161,257,1.34797,212,0.97765,155,0.41984
ENSG00000173575,CHD2,60,-0.7233,107,0.20330,103,0.14113,13,-2.9755,81,-0.2422,162,0.93188,156,0.86565,73,-0.4161
ENSG00000182175,RGMA,104,2.26468,5,-2.6257,91,1.94132,34,0.12562,4,-3.1249,1,-4.7603,15,-1.1972,0,-6.8868
ENSG00000185551,NR2F2,73,0.38444,50,-0.2306,38,-0.6645,72,0.36603,220,2.64051,1,-5.5432,0,-7.4807,9,-2.7245
ENSG00000140443,IGF1R,19,-1.7394,58,-0.0051,19,-1.7444,40,-0.6078,59,0.01906,107,1.05931,38,-0.6675,125,1.36788
ENSG00000182253,SYNM,26,-2.5125,82,-0.8109,107,-0.3922,55,-1.4161,58,-1.3499,242,0.98597,321,1.52984,204,0.67428
ENSG00000068305,MEF2A,24,-1.1134,13,-1.9968,34,-0.5585,8,-2.6371,60,0.34895,97,1.20743,64,0.45997,88,1.03467
ENSG00000131871,SELENOS,29,-0.9567,18,-1.7066,10,-2.4543,56,0.06856,22,-1.3837,60,0.18437,103,1.14817,130,1.59710
ENSG00000140479,PCSK6,7,-3.9210,32,-1.8191,0,-8.3184,3,-5.1896,12,-3.2782,119,0.21870,325,2.15846,335,2.22798
ENSG00000184277,TM2D3,46,-0.9106,13,-2.7299,199,1.61157,194,1.55711,125,0.73567,1,-6.1025,17,-2.3869,57,-0.5730
ENSG00000185418,TARSL2,32,-0.8934,16,-1.8939,52,-0.1217,50,-0.1946,56,-0.0060,85,0.69961,108,1.14736,50,-0.1897
ENSG00000161981,SNRNP25,32,-0.9841,49,-0.3144,134,1.43564,53,-0.1988,106,0.98623,1,-5.6665,38,-0.7284,66,0.15741
ENSG00000188536,HBA2,80,-3.1933,5,-6.9863,18,-5.3416,0,-11.571,4,-7.2156,4932,6.98455,26,-4.7921,136,-2.4068
ENSG00000206172,HBA1,21,-4.0594,2,-7.0048,12,-4.8734,0,-10.503,0,-10.572,2381,7.39491,8,-5.3646,54,-2.6785
ENSG00000007392,LUC7L,34,-0.7643,15,-1.9658,38,-0.6097,39,-0.5826,63,0.20504,157,1.91189,45,-0.3413,54,-0.0385
ENSG00000167930,FAM234A,36,-1.5211,30,-1.7870,2,-5.2722,43,-1.2468,8,-3.6819,153,0.80802,183,1.14302,307,2.23121
ENSG00000242173,ARHGDIG,208,0.02142,58,-1.9515,219,0.10777,542,1.78538,328,0.80945,55,-2.0179,94,-1.2324,135,-0.6627
ENSG00000185615,PDIA2,5,-3.6558,27,-1.3039,71,0.19996,13,-2.4315,27,-1.3045,56,-0.1850,120,1.12047,185,2.00252
ENSG00000086504,MRPL28,50,-0.8125,32,-1.4640,131,0.78896,174,1.31674,143,0.94564,44,-1.0106,50,-0.7850,37,-1.2525
ENSG00000090565,RAB11FIP3,31,-0.3604,14,-1.5858,94,1.60472,42,0.15641,59,0.71865,43,0.17178,16,-1.3799,10,-2.0560
ENSG00000007541,PIGQ,59,0.25452,9,-2.5605,99,1.16223,39,-0.4055,101,1.20456,1,-5.4312,15,-1.8203,82,0.81877
ENSG00000130731,METTL26,57,-0.2798,55,-0.3251,120,0.98788,39,-0.8631,76,0.17897,21,-1.7865,22,-1.7415,152,1.43638
ENSG00000172366,MCRIP2,57,0.33771,11,-2.1596,138,2.05087,82,0.98773,33,-0.5319,1,-5.2988,46,-0.0148,2,-4.5435
ENSG00000140983,RHOT2,25,-0.4418,20,-0.7710,40,0.29938,43,0.41754,84,1.66598,1,-4.8250,20,-0.7846,33,-0.0089
ENSG00000103266,STUB1,167,0.16128,44,-1.9139,243,0.81269,337,1.43111,209,0.54803,50,-1.7245,87,-0.8762,73,-1.1466
ENSG00000127585,FBXL16,65,-0.2873,14,-2.6379,97,0.37310,198,1.69921,140,1.02783,53,-0.6141,26,-1.7046,29,-1.5400
ENSG00000103260,METRN,296,0.36143,140,-0.8490,577,1.59835,27,-3.3141,82,-1.6564,78,-1.7432,298,0.37263,410,0.93879
ENSG00000103253,HAGHL,37,-0.8319,35,-0.9137,65,0.05538,95,0.70322,60,-0.0608,1,-5.7353,96,0.72850,112,1.00427
ENSG00000260807,AC009041.2,46,-0.8040,89,0.25041,46,-0.8078,6,-3.7092,34,-1.2801,27,-1.6285,132,0.94966,231,2.08204
ENSG00000005513,SOX8,68,-1.1793,74,-1.0532,61,-1.3325,2,-5.8608,20,-2.9612,94,-0.6685,397,1.88591,430,2.06489
ENSG00000103275,UBE2I,67,0.02397,14,-2.3404,86,0.44593,57,-0.2378,77,0.25321,85,0.42047,44,-0.6228,97,0.65746
ENSG00000007516,BAIAP3,85,-0.7118,15,-3.2776,576,3.04334,68,-1.0652,283,1.33932,1,-6.8137,2,-5.7502,33,-2.1523
ENSG00000007520,TSR3,42,-0.2144,27,-0.8862,50,0.04254,94,1.16821,76,0.76138,1,-5.0436,37,-0.4157,59,0.32009
ENSG00000090581,GNPTG,22,-1.8905,20,-1.9744,141,1.13480,66,-0.1742,125,0.90754,31,-1.3315,51,-0.5970,133,1.02563
ENSG00000103249,CLCN7,67,-0.3022,27,-1.6857,49,-0.7964,177,1.38379,179,1.40746,23,-1.9414,30,-1.5339,96,0.28674
ENSG00000206053,JPT2,6,-4.2984,6,-4.1674,3,-5.0330,8,-3.9028,15,-2.8988,272,1.72434,285,1.82847,250,1.55072
ENSG00000138834,MAPK8IP3,99,-0.9378,86,-1.1612,171,-0.0703,415,1.51156,344,1.14634,30,-2.7350,140,-0.4009,147,-0.3230
ENSG00000103024,NME3,87,-0.0140,14,-2.7583,119,0.51284,133,0.71143,80,-0.1510,91,0.06092,42,-1.1690,136,0.74401
ENSG00000074071,MRPS34,40,-0.7177,22,-1.6199,73,0.27009,123,1.18582,87,0.56285,48,-0.4186,33,-0.9924,73,0.25479
ENSG00000095906,NUBP2,32,-0.8282,4,-3.6270,36,-0.6272,37,-0.6080,56,0.07449,181,2.32957,30,-0.9114,53,-0.0073
ENSG00000063854,HAGH,56,-0.5978,27,-1.6873,180,1.40470,127,0.74550,120,0.64414,1,-6.0960,62,-0.4565,82,-0.0035
ENSG00000180185,FAHD1,46,0.50498,19,-0.9061,30,-0.2005,75,1.38289,64,1.09225,1,-4.8680,16,-1.1712,22,-0.7040
ENSG00000140990,NDUFB10,149,-0.2215,86,-1.0782,247,0.62359,207,0.32267,248,0.63603,177,0.05696,102,-0.8208,150,-0.2144
ENSG00000140988,RPS2,242,-0.5327,237,-0.5692,455,0.50687,325,-0.0610,282,-0.2884,145,-1.3288,492,0.64377,518,0.73514
ENSG00000127561,SYNGR3,202,-0.5475,75,-2.0560,372,0.45596,934,2.29121,602,1.33750,1,-7.8252,28,-3.4779,54,-2.5475
ENSG00000065054,SLC9A3R2,20,-1.0082,27,-0.5364,109,1.92841,24,-0.7500,59,0.72219,1,-5.0248,55,0.61051,12,-1.8024
ENSG00000103197,TSC2,41,-0.1529,22,-1.1298,71,0.76082,34,-0.4400,53,0.25995,12,-2.0301,99,1.39638,29,-0.6861
ENSG00000008710,PKD1,65,-0.0767,23,-1.6672,176,1.72584,43,-0.7503,118,0.94848,69,0.02502,43,-0.7285,8,-3.1267
ENSG00000167971,CASKIN1,123,0.63288,52,-0.7636,116,0.53321,130,0.73777,196,1.51281,1,-6.1641,41,-1.1416,16,-2.4828
ENSG00000167965,MLST8,49,-0.4096,25,-1.4544,72,0.22491,129,1.26003,108,0.94019,36,-0.8682,51,-0.3212,32,-1.0384
ENSG00000184207,PGP,83,0.18742,21,-1.9752,99,0.47684,147,1.19457,139,1.08803,1,-5.9819,73,-0.0245,32,-1.3113
ENSG00000167969,ECI1,23,-0.7500,24,-0.6848,90,1.63204,4,-3.1576,62,0.91124,1,-4.9608,10,-2.0200,79,1.35098
ENSG00000205937,RNPS1,108,-0.2841,41,-1.7910,178,0.54230,220,0.92085,208,0.81247,79,-0.7756,77,-0.8255,122,-0.0936
ENSG00000167972,ABCA3,51,-1.2064,41,-1.5119,198,1.02779,177,0.82057,223,1.25058,1,-6.4746,94,-0.2437,91,-0.2992
ENSG00000162065,TBC1D24,20,-1.0194,25,-0.6433,108,1.96026,45,0.30737,55,0.65882,17,-1.1944,21,-0.8980,8,-2.2645
ENSG00000185883,ATP6V0C,779,-0.3160,275,-1.9193,1103,0.25736,1920,1.25114,2077,1.40493,232,-2.1743,588,-0.7620,592,-0.7513
ENSG00000140992,PDPK1,61,0.30756,6,-3.1206,69,0.52550,92,1.02602,86,0.91199,1,-5.4313,9,-2.5915,81,0.80171
ENSG00000167978,SRRM2,79,-1.0668,110,-0.5507,188,0.32390,40,-2.0708,180,0.24841,353,1.47441,122,-0.3866,167,0.12736
ENSG00000103363,ELOB,168,-1.2769,197,-1.0257,507,0.50071,532,0.58619,369,-0.0356,226,-0.8156,501,0.48021,514,0.52452
ENSG00000059122,FLYWCH1,29,-1.4927,11,-2.8663,92,0.32705,62,-0.3048,139,1.05889,129,0.92518,75,-0.0013,66,-0.2208
ENSG00000162073,PAQR4,11,-2.4090,13,-2.1960,10,-2.6002,11,-2.4212,24,-1.2736,14,-2.0787,138,1.67953,217,2.76196
ENSG00000103145,HCFC1R1,164,-0.1796,85,-1.1997,244,0.48635,486,1.79530,255,0.55902,24,-3.0607,35,-2.5465,171,-0.1136
ENSG00000122390,NAA60,20,-0.8838,20,-0.9172,84,1.55847,27,-0.4010,50,0.58086,1,-4.9075,21,-0.7989,59,0.87281
ENSG00000126602,TRAP1,49,-0.4816,34,-1.0415,113,0.91940,84,0.38650,125,1.09831,59,-0.1986,19,-1.9242,48,-0.5127
ENSG00000005339,CREBBP,46,-0.0818,25,-1.0317,69,0.62191,25,-0.9977,35,-0.4873,62,0.43393,102,1.33293,19,-1.4437
ENSG00000217930,PAM16,22,-1.3741,6,-3.2726,65,0.31870,84,0.74570,83,0.73244,9,-2.7056,106,1.18454,56,0.06939
ENSG00000103423,DNAJA3,37,-0.5206,8,-2.8448,45,-0.2072,48,-0.1190,71,0.54113,136,1.77583,42,-0.3197,25,-1.1553
ENSG00000153406,NMRAL1,26,-0.8649,27,-0.8425,72,0.79025,65,0.59616,69,0.69836,4,-3.5698,49,0.11310,52,0.23419
ENSG00000103415,HMOX2,30,-1.7116,17,-2.5819,57,-0.7498,203,1.41945,148,0.82359,85,-0.1208,110,0.30457,82,-0.1764
ENSG00000089486,CDIP1,111,-0.7576,76,-1.3302,320,1.01649,364,1.25616,355,1.21091,21,-3.2493,85,-1.1685,95,-1.0005
ENSG00000168101,NUDT16L1,30,-0.3752,34,-0.2044,12,-1.7953,76,1.21093,63,0.85435,1,-5.0208,13,-1.5932,76,1.20378
ENSG00000067836,ROGDI,43,-1.7555,101,-0.4426,63,-1.1718,77,-0.8547,182,0.53426,139,0.07820,141,0.10024,314,1.55865
ENSG00000140632,GLYR1,86,0.04165,34,-1.4024,137,0.84428,67,-0.3615,88,0.07527,126,0.69404,52,-0.7567,80,-0.0692
ENSG00000103184,SEC14L5,0,-8.7522,23,-1.5354,0,-7.5999,0,-8.2155,0,-8.2856,71,0.20605,183,1.98258,228,2.51028
ENSG00000078328,RBFOX1,38,-0.6168,6,-3.4019,114,1.23465,46,-0.3254,123,1.38327,21,-1.5070,92,0.83126,11,-2.4487
ENSG00000183044,ABAT,178,-0.0785,52,-1.9851,428,1.48404,597,2.20973,111,-0.8397,44,-2.2113,37,-2.4663,50,-2.0411
ENSG00000187555,USP7,29,-1.4202,46,-0.7224,123,0.92196,124,0.94742,167,1.51443,1,-5.9261,25,-1.6126,60,-0.3021
ENSG00000183454,GRIN2A,41,0.02250,11,-1.9316,19,-1.1783,26,-0.6880,213,3.75944,10,-2.0876,0,-6.5169,0,-5.5468
ENSG00000182108,DEXI,54,-0.6078,25,-1.7794,159,1.22749,179,1.47045,113,0.60248,13,-2.7462,39,-1.1204,50,-0.7293
ENSG00000189067,LITAF,26,-2.6651,71,-1.1712,3,-5.7363,17,-3.2668,44,-1.8887,332,1.42472,388,1.74792,314,1.31654
ENSG00000184602,SNN,60,0.15330,21,-1.4594,89,0.82203,28,-1.0828,130,1.55161,17,-1.8025,56,0.04699,37,-0.6099
ENSG00000171490,RSL1D1,78,0.05239,51,-0.6245,14,-2.5442,116,0.72352,93,0.34334,174,1.49067,36,-1.1559,43,-0.8966
ENSG00000103342,GSPT1,26,-1.6075,48,-0.7136,107,0.59973,89,0.28980,131,0.97406,3,-4.4527,87,0.25612,106,0.59115
ENSG00000103512,NOMO1,61,-0.4850,21,-2.0737,159,1.15479,129,0.77859,183,1.43306,1,-6.1218,74,-0.1778,28,-1.6381
ENSG00000179889,PDXDC1,47,0.09042,15,-1.6521,53,0.27303,46,0.03491,85,1.12693,31,-0.6016,22,-1.1184,59,0.45802
ENSG00000166780,BMERB1,121,-0.2491,78,-0.9493,263,1.08166,269,1.12676,273,1.15394,17,-3.1908,63,-1.2686,46,-1.7298
ENSG00000166783,MARF1,102,0.21426,35,-1.4562,156,0.94819,63,-0.5673,135,0.68333,77,-0.2555,87,-0.0566,65,-0.5288
ENSG00000134419,RPS15A,233,-0.6499,337,-0.0617,656,1.09956,146,-1.3710,156,-1.2701,139,-1.4482,363,0.06069,767,1.40233
ENSG00000170540,ARL6IP1,413,-0.2622,173,-1.6080,748,0.74091,801,0.86390,996,1.27075,350,-0.5254,188,-1.4846,211,-1.3084
ENSG00000157106,SMG1,5,-4.5961,90,-0.4901,34,-1.9822,18,-2.8556,62,-1.0544,630,3.66378,75,-0.7780,60,-1.1092
ENSG00000006007,GDE1,98,0.46584,49,-0.6709,47,-0.7469,103,0.54379,96,0.42503,9,-3.1040,129,0.94168,65,-0.2166
ENSG00000103540,CCP110,40,-0.4686,21,-1.4171,55,0.06652,46,-0.2189,44,-0.3080,99,1.07923,73,0.52770,47,-0.2074
ENSG00000103544,VPS35L,17,-1.7130,14,-1.9349,92,1.02025,82,0.81617,51,0.01823,50,-0.0312,54,0.09146,47,-0.1302
ENSG00000167191,GPRC5B,242,-0.6625,160,-1.3049,405,0.16933,94,-2.0966,134,-1.5665,397,0.13548,635,0.95296,860,1.54031
ENSG00000197006,METTL9,104,0.71707,25,-1.5255,160,1.53701,37,-0.9810,63,-0.1337,51,-0.4545,22,-1.7269,82,0.31619
ENSG00000140740,UQCRC2,55,-1.2648,20,-2.7847,180,0.63080,180,0.63285,335,1.82768,11,-3.5725,106,-0.2604,105,-0.2657
ENSG00000185716,MOSMO,31,-0.1856,8,-2.1115,50,0.63912,27,-0.3842,87,1.67103,8,-2.2136,22,-0.6722,42,0.31545
ENSG00000103353,UBFD1,56,-0.1959,18,-1.9177,91,0.61407,126,1.21450,130,1.27153,44,-0.5893,23,-1.5388,17,-2.0094
ENSG00000004779,NDUFAB1,126,-0.4834,40,-2.2245,302,1.00361,347,1.26385,260,0.73142,58,-1.6779,89,-1.0232,135,-0.3717
ENSG00000166847,DCTN5,65,-0.4420,56,-0.6785,130,0.71529,59,-0.5960,165,1.15391,34,-1.4255,116,0.51897,58,-0.6218
ENSG00000166501,PRKCB,10,-3.4100,74,-0.4405,57,-0.8427,24,-2.1248,167,0.94533,271,1.90990,116,0.30098,55,-0.8960
ENSG00000122257,RBBP6,71,0.61150,50,0.00822,3,-3.9183,21,-1.3127,46,-0.1135,73,0.65787,82,0.85146,50,0.01259
ENSG00000090905,TNRC6A,65,-0.7643,121,0.23490,120,0.21930,28,-2.0497,193,1.04919,74,-0.5730,112,0.10450,129,0.34548
ENSG00000205629,LCMT1,40,-0.3994,8,-2.7823,52,0.00855,133,1.73600,57,0.16497,29,-0.9184,49,-0.0625,43,-0.2812
ENSG00000169189,NSMCE1,55,-0.0907,9,-2.7834,84,0.63013,67,0.25017,23,-1.4481,116,1.21984,49,-0.2819,60,0.07163
ENSG00000077235,GTF3C1,65,0.13122,26,-1.3101,103,0.94517,95,0.80184,89,0.67215,7,-3.1526,67,0.19328,25,-1.3381
ENSG00000169180,XPO6,59,0.15025,20,-1.5505,86,0.78591,122,1.43900,51,-0.1011,1,-5.5253,52,-0.0598,43,-0.3840
ENSG00000176046,NUPR1,78,0.38385,73,0.25835,158,1.70368,7,-3.1658,4,-3.9649,65,0.08482,29,-1.1843,82,0.45687
ENSG00000178952,TUFM,154,-0.0540,45,-1.9434,226,0.59147,287,1.02562,226,0.59593,59,-1.5435,88,-0.9474,188,0.27663
ENSG00000178188,SH2B1,48,0.42636,11,-1.8718,89,1.55761,47,0.36212,36,-0.0480,6,-2.6008,32,-0.2666,30,-0.3680
ENSG00000103485,QPRT,33,-0.2263,43,0.20179,31,-0.3145,98,1.74313,84,1.42892,1,-5.0071,12,-1.7673,0,-7.1330
ENSG00000079616,KIF22,32,-0.4645,33,-0.4062,90,1.32873,54,0.40614,50,0.28225,1,-5.1663,5,-3.0419,73,0.95269
ENSG00000103495,MAZ,50,-0.0509,3,-3.9864,57,0.16179,128,1.64190,72,0.56494,12,-2.1685,35,-0.5924,54,0.08933
ENSG00000167371,PRRT2,46,0.01488,37,-0.3182,34,-0.4674,42,-0.1017,189,2.91636,2,-4.4492,2,-4.2544,9,-2.3568
ENSG00000103502,CDIPT,63,-0.7207,18,-2.5693,160,0.82431,259,1.76404,134,0.51752,1,-6.3861,52,-1.0139,103,0.07235
ENSG00000174938,SEZ6L2,298,-0.1379,154,-1.1787,325,0.00261,378,0.25587,1106,2.37579,97,-1.8795,124,-1.4994,113,-1.6488
ENSG00000174939,ASPHD1,14,-2.4400,92,0.43370,55,-0.3991,68,-0.0695,72,0.03031,88,0.37030,76,0.11840,101,0.59606
ENSG00000149932,TMEM219,145,0.17108,58,-1.2696,204,0.76022,145,0.17687,63,-1.1359,35,-2.0327,180,0.54253,214,0.84877
ENSG00000149925,ALDOA,38,-1.3776,7,-3.8693,148,0.79270,316,2.36594,65,-0.5657,5,-4.1491,44,-1.1750,119,0.41730
ENSG00000090238,YPEL3,106,-0.7368,85,-1.0809,360,1.35731,224,0.49152,331,1.19285,35,-2.3939,109,-0.6861,91,-0.9602
ENSG00000102882,MAPK3,143,-0.3045,76,-1.2899,188,0.14366,348,1.23934,340,1.19731,17,-3.5164,106,-0.7745,160,-0.1161
ENSG00000169217,CD2BP2,47,-0.0468,18,-1.5146,43,-0.1917,96,1.17873,62,0.40839,13,-1.9837,55,0.18006,55,0.20990
ENSG00000169221,TBC1D10B,31,-0.7365,14,-1.9668,67,0.49871,32,-0.6793,66,0.47518,1,-5.3956,51,0.03538,135,1.84495
ENSG00000103549,RNF40,56,0.51876,7,-2.6637,55,0.49087,13,-1.7914,86,1.31089,72,0.97770,25,-0.7735,14,-1.6736
ENSG00000099385,BCL7C,57,0.41626,19,-1.3172,51,0.24233,54,0.32115,35,-0.3938,42,-0.0945,37,-0.2974,60,0.51417
ENSG00000099365,STX1B,125,-0.2526,77,-1.0156,275,1.10204,169,0.24174,451,2.12786,1,-6.7200,68,-1.1963,3,-5.4224
ENSG00000103496,STX4,18,-1.3888,16,-1.6167,66,0.64733,18,-1.4036,34,-0.4429,20,-1.2400,82,1.03923,105,1.51982
ENSG00000167397,VKORC1,25,-1.0029,19,-1.4092,114,1.54290,84,0.93984,20,-1.4001,17,-1.6318,70,0.62446,38,-0.4029
ENSG00000103510,KAT8,26,-0.8417,11,-2.1049,71,0.81527,21,-1.1240,63,0.60741,89,1.22759,41,-0.0992,30,-0.6292
ENSG00000089280,FUS,96,-0.6272,33,-2.2340,222,0.76907,125,-0.2025,138,-0.0382,183,0.43493,82,-0.8608,253,1.00425
ENSG00000140688,C16orf58,29,-0.3288,17,-1.1224,70,1.15180,57,0.77014,72,1.21610,1,-4.9420,0,-6.8010,42,0.24009
ENSG00000069329,VPS35,184,-0.6988,98,-1.6710,255,-0.1791,694,1.61281,648,1.47431,131,-1.2223,160,-0.9137,109,-1.5106
ENSG00000069345,DNAJA2,70,-0.2051,23,-1.8773,143,1.01911,91,0.22819,154,1.15865,24,-1.8642,54,-0.6154,76,-0.0727
ENSG00000129636,ITFG1,125,-0.6683,44,-2.2469,262,0.55120,485,1.72071,281,0.67679,156,-0.3137,50,-2.0461,110,-0.8666
ENSG00000102893,PHKB,41,-0.8909,32,-1.3012,83,0.20662,67,-0.1424,109,0.68021,145,1.20395,34,-1.1738,72,-0.0115
ENSG00000102910,LONP2,61,-0.3294,53,-0.5416,26,-1.6403,79,0.09180,82,0.15694,158,1.33186,63,-0.2785,74,0.00451
ENSG00000166164,BRD7,38,-1.1580,54,-0.6118,62,-0.3891,38,-1.1577,60,-0.4439,138,0.97188,135,0.93098,106,0.49764
ENSG00000083799,CYLD,47,-1.4398,48,-1.3929,113,-0.0595,66,-0.9178,148,0.38883,388,2.29450,95,-0.3474,34,-1.8966
ENSG00000103449,SALL1,18,-1.4471,13,-1.9310,4,-3.3749,12,-2.0451,0,-7.6009,37,-0.3241,144,2.19696,134,2.02796
ENSG00000177200,CHD9,35,-1.6776,110,0.10586,70,-0.6297,14,-3.0431,77,-0.4746,277,1.81031,170,0.84779,75,-0.5145
ENSG00000166971,AKTIP,54,-0.8282,25,-1.9843,97,0.10888,98,0.11104,141,0.73665,110,0.30968,125,0.52920,80,-0.2103
ENSG00000140718,FTO,97,0.24342,27,-1.7242,172,1.27507,90,0.12116,131,0.77108,32,-1.4856,63,-0.4418,55,-0.6620
ENSG00000103546,SLC6A2,21,-2.6224,4,-5.0603,40,-1.6785,877,6.29576,0,-9.1205,1,-6.6567,9,-3.7996,0,-8.7645
ENSG00000087258,GNAO1,326,0.04494,222,-0.5757,299,-0.0988,514,0.82738,718,1.46289,41,-3.0974,209,-0.6742,211,-0.6576
ENSG00000159461,AMFR,80,-0.2003,22,-2.1415,96,0.10337,101,0.18042,122,0.51528,27,-1.8575,156,0.94049,118,0.44712
ENSG00000167005,NUDT21,77,-0.8239,34,-2.0557,269,1.29272,186,0.60900,210,0.82849,3,-5.4624,121,-0.1106,136,0.08413
ENSG00000087263,OGFOD1,47,0.19413,16,-1.4691,72,0.92746,57,0.51205,73,0.94366,28,-0.6352,3,-3.6362,39,-0.1166
ENSG00000125124,BBS2,30,-0.8420,12,-2.2505,64,0.36133,39,-0.4529,95,1.08042,1,-5.3026,86,0.89157,83,0.82856
ENSG00000087250,MT3,2228,0.13978,1590,-0.4104,4454,1.38585,1168,-0.8955,861,-1.3636,852,-1.3811,2036,-0.0100,3195,0.76155
ENSG00000125148,MT2A,1086,1.12688,482,-0.2737,1883,2.29676,131,-2.2689,119,-2.4098,206,-1.5908,191,-1.7071,465,-0.3318
ENSG00000169715,MT1E,463,1.13771,193,-0.3680,932,2.69979,60,-2.1395,43,-2.6371,47,-2.5210,15,-4.1432,181,-0.4671
ENSG00000205364,MT1M,106,0.50514,89,0.20805,307,2.73024,4,-4.1761,18,-2.2441,6,-3.8356,19,-2.1501,79,-0.0007
ENSG00000198417,MT1F,74,1.34059,39,0.18537,126,2.51450,1,-5.1839,21,-0.8156,1,-4.8859,1,-4.3351,15,-1.3140
ENSG00000125144,MT1G,149,1.19387,60,-0.3574,324,3.00628,2,-4.9719,7,-3.4301,17,-2.2757,23,-1.8417,20,-2.0053
ENSG00000187193,MT1X,268,1.36442,123,-0.0191,401,2.23533,51,-1.4051,24,-2.5297,15,-3.1342,47,-1.5094,66,-1.0091
ENSG00000051108,HERPUD1,56,-0.3160,33,-1.1593,113,0.86435,63,-0.1299,134,1.16557,14,-2.3605,2,-4.8200,132,1.14668
ENSG00000172775,FAM192A,47,-0.8960,55,-0.6500,144,0.94384,43,-1.0315,133,0.80987,69,-0.3083,68,-0.3254,105,0.39704
ENSG00000102931,ARL2BP,51,-0.3247,28,-1.2641,135,1.36202,104,0.87082,114,1.03210,1,-5.7306,19,-1.8321,49,-0.3882
ENSG00000102934,PLLP,73,-0.1508,81,0.01788,30,-1.5400,19,-2.2075,5,-3.9581,4,-4.4430,223,1.88684,208,1.72973
ENSG00000006210,CX3CL1,55,-0.1241,0,-6.8890,142,1.56303,97,0.83029,125,1.29644,37,-0.7567,3,-4.0930,18,-1.8733
ENSG00000005194,CIAPIN1,47,0.31188,13,-1.7100,78,1.22438,83,1.32952,66,0.88996,1,-4.5266,2,-4.4539,22,-0.8992
ENSG00000102978,POLR2C,39,-0.2030,28,-0.7239,0,-5.9066,89,1.24042,79,1.02331,37,-0.2482,25,-0.8490,52,0.29802
ENSG00000205336,ADGRG1,123,0.48541,58,-0.7375,226,1.61919,134,0.62692,98,0.09138,73,-0.3735,8,-3.5503,18,-2.4655
ENSG00000140859,KIFC3,38,-0.1977,15,-1.5972,78,1.03100,38,-0.2164,75,0.95378,12,-2.0035,24,-0.9133,65,0.68776
ENSG00000070761,CFAP20,18,-1.2256,9,-2.2218,37,-0.1550,90,1.41334,76,1.06913,5,-2.9515,30,-0.4833,60,0.63841
ENSG00000103034,NDRG4,688,-0.1238,182,-2.1687,722,-0.0436,1796,1.60320,2311,2.15849,104,-2.9981,31,-4.7282,98,-3.0840
ENSG00000125107,CNOT1,30,-0.7244,6,-3.1086,68,0.64400,30,-0.7130,49,0.07863,109,1.51736,21,-1.2426,61,0.44908
ENSG00000125166,GOT2,83,-0.7326,36,-2.0044,123,-0.1073,248,1.10475,348,1.77951,25,-2.5490,77,-0.8571,114,-0.2331
ENSG00000150394,CDH8,93,0.30708,18,-2.2013,82,0.07913,131,0.89316,197,1.69327,63,-0.3303,4,-4.4153,33,-1.3180
ENSG00000166548,TK2,60,0.47723,19,-1.3586,40,-0.1851,41,-0.1411,66,0.65277,89,1.19688,13,-1.8972,31,-0.5661
ENSG00000183723,CMTM4,86,0.48850,23,-1.5775,65,0.01616,53,-0.3252,91,0.57633,99,0.72287,70,0.12663,29,-1.2286
ENSG00000135720,DYNC1LI2,140,-1.1072,254,-0.1739,153,-0.9759,250,-0.2036,186,-0.6747,482,0.91964,469,0.87042,329,0.25181
ENSG00000159593,NAE1,20,-1.4439,12,-2.2000,79,0.78222,98,1.18026,67,0.47855,27,-0.9549,61,0.32147,37,-0.4947
ENSG00000166595,CIAO2B,64,-0.3110,35,-1.2445,83,0.09910,148,1.10870,61,-0.3874,1,-6.0512,109,0.55543,124,0.78490
ENSG00000172831,CES2,22,-0.9592,22,-0.9604,52,0.43581,47,0.28968,57,0.61712,33,-0.3073,69,0.95396,16,-1.3644
ENSG00000168701,TMEM208,44,-0.2049,13,-2.0099,92,1.07332,123,1.64869,75,0.70883,1,-5.3969,4,-3.6309,44,-0.1955
ENSG00000159713,TPPP3,18,-3.4105,48,-1.9432,85,-1.0904,509,2.07126,33,-2.4858,214,0.39569,194,0.22748,253,0.68287
ENSG00000159720,ATP6V0D1,157,-0.7430,31,-3.1773,205,-0.3156,876,2.45002,384,0.73896,15,-4.1591,167,-0.6416,160,-0.7140
ENSG00000039523,RIPOR1,44,0.02911,18,-1.3468,66,0.71848,59,0.52857,101,1.50976,1,-5.2027,11,-2.0446,46,0.08905
ENSG00000102898,NUTF2,46,-1.1596,48,-1.1108,164,0.90588,178,1.05644,126,0.43562,9,-3.4644,111,0.22998,93,-0.0747
ENSG00000038358,EDC4,36,0.08325,29,-0.2656,50,0.65181,64,1.07003,55,0.81613,1,-4.7393,6,-2.5458,32,-0.0927
ENSG00000205220,PSMB10,47,-0.8009,29,-1.5452,160,1.25939,112,0.60948,90,0.23287,25,-1.7831,91,0.26010,71,-0.1499
ENSG00000184939,ZFP90,30,-0.5566,26,-0.7746,36,-0.3004,36,-0.2804,43,-0.0046,59,0.54672,70,0.84139,43,-0.0116
ENSG00000132612,VPS4A,94,-0.3742,47,-1.4590,124,0.07001,196,0.86049,163,0.52881,43,-1.5778,76,-0.7062,208,0.96368
ENSG00000132604,TERF2,24,-0.9329,16,-1.5411,108,1.67790,29,-0.6027,84,1.17290,1,-5.1867,60,0.57182,21,-1.1311
ENSG00000103018,CYB5B,41,-0.3773,17,-1.6906,57,0.13802,125,1.55808,68,0.43105,8,-2.7305,55,0.08832,47,-0.1771
ENSG00000223496,EXOSC6,88,-0.0554,50,-0.9331,65,-0.5422,82,-0.1632,202,1.41959,159,0.96641,48,-1.0104,33,-1.5627
ENSG00000090861,AARS,123,-0.3206,55,-1.5733,154,0.04518,253,0.90305,282,1.10197,97,-0.6952,84,-0.9214,151,0.01795
ENSG00000103051,COG4,26,-0.3361,23,-0.5540,30,-0.1019,67,1.27169,46,0.57245,1,-4.7945,20,-0.7706,46,0.60131
ENSG00000189091,SF3B3,28,-0.6546,7,-2.7079,72,0.89151,32,-0.4891,74,0.92639,39,-0.1633,21,-1.1117,71,0.85086
ENSG00000132613,MTSS2,55,-0.1508,49,-0.3370,95,0.77436,22,-1.5872,65,0.10973,52,-0.2560,105,0.95965,41,-0.6242
ENSG00000172137,CALB2,133,-1.6282,136,-1.5931,401,0.10515,779,1.28589,1456,2.70764,7,-5.7717,69,-2.5905,31,-3.7397
ENSG00000166747,AP1G1,25,-0.7099,22,-0.9141,58,0.65990,43,0.15424,66,0.88913,38,-0.0376,27,-0.5653,34,-0.2318
ENSG00000182149,IST1,54,-0.7817,28,-1.7735,132,0.68567,63,-0.5534,94,0.09966,86,-0.0350,54,-0.7723,195,1.41111
ENSG00000140836,ZFHX3,109,1.20336,56,0.02675,52,-0.0951,26,-1.1899,107,1.17140,8,-2.8494,38,-0.6061,44,-0.3646
ENSG00000103035,PSMD7,92,-0.3177,71,-0.7175,137,0.33842,143,0.40492,112,0.00230,107,-0.0831,99,-0.2033,135,0.31384
ENSG00000090863,GLG1,129,-0.3544,46,-1.9322,199,0.35856,137,-0.2557,272,0.91421,166,0.06049,181,0.19946,153,-0.0802
ENSG00000103089,FA2H,6,-5.0231,63,-1.6869,0,-9.1605,0,-9.7666,0,-9.8451,222,0.28594,551,2.02767,653,2.43687
ENSG00000050820,BCAR1,41,-0.4464,9,-2.6261,76,0.57202,63,0.25315,117,1.36175,2,-4.3944,64,0.28370,60,0.16923
ENSG00000153774,CFDP1,75,-0.1348,53,-0.6973,83,0.01955,137,0.89461,113,0.54865,23,-1.9287,106,0.43871,63,-0.4222
ENSG00000034713,GABARAPL2,268,-0.3848,88,-2.0802,699,1.27960,477,0.57643,322,-0.0860,242,-0.5419,310,-0.1493,308,-0.1580
ENSG00000065427,KARS,42,-0.5110,41,-0.5403,101,0.95689,70,0.30968,70,0.30706,25,-1.3210,77,0.46120,39,-0.6529
ENSG00000166848,TERF2IP,363,-0.1543,149,-1.5412,750,1.10489,815,1.26354,623,0.76422,15,-4.8523,289,-0.5170,185,-1.2121
ENSG00000152910,CNTNAP4,39,-2.6128,73,-1.6869,57,-2.0544,12,-4.3087,87,-1.4133,359,0.88508,454,1.32835,638,2.04327
ENSG00000103111,MON1B,43,-0.3906,52,-0.1044,7,-2.9626,27,-1.1362,51,-0.1349,137,1.66039,46,-0.2937,77,0.56865
ENSG00000171724,VAT1L,207,-0.1440,19,-3.7272,431,1.12733,697,2.12569,293,0.42977,43,-2.5484,49,-2.3621,73,-1.7508
ENSG00000103121,CMC2,21,-1.3196,34,-0.6427,56,0.18780,36,-0.5316,36,-0.5505,50,0.00372,59,0.26197,110,1.38518
ENSG00000166454,ATMIN,56,-0.5737,23,-1.9290,90,0.18591,154,1.14014,118,0.64778,70,-0.2239,65,-0.3524,67,-0.2916
ENSG00000140905,GCSH,99,-0.3733,85,-0.6157,120,-0.0683,127,0.02916,42,-1.6902,66,-1.0139,177,0.58489,284,1.46857
ENSG00000153815,CMIP,120,0.02448,56,-1.1700,125,0.10176,216,1.04910,253,1.35604,1,-6.2834,91,-0.4152,81,-0.6026
ENSG00000197943,PLCG2,25,-3.1748,80,-1.4331,202,0.01542,4,-5.5623,48,-2.1879,968,3.41060,159,-0.3737,116,-0.8751
ENSG00000140945,CDH13,63,-0.0686,62,-0.0945,67,0.03140,94,0.60339,222,2.34773,1,-5.8017,9,-2.9366,7,-3.2818
ENSG00000230989,HSBP1,169,-0.7866,82,-1.8855,304,0.15697,445,0.81431,238,-0.2475,244,-0.2056,318,0.22952,414,0.68747
ENSG00000103154,NECAB2,36,-0.7286,29,-1.0497,28,-1.0805,240,2.98089,99,0.98156,11,-2.4117,1,-5.4736,6,-3.3952
ENSG00000140943,MBTPS1,18,-1.2781,34,-0.3035,118,1.95705,35,-0.2445,78,1.12827,1,-5.1264,16,-1.4612,28,-0.6231
ENSG00000103160,HSDL1,71,-0.1719,35,-1.2655,66,-0.2851,230,1.99366,174,1.40766,12,-2.7997,2,-5.2409,41,-1.0364
ENSG00000103187,COTL1,83,-0.0615,53,-0.7774,168,1.17038,111,0.42756,48,-0.9218,18,-2.4139,120,0.56300,88,0.03521
ENSG00000103194,USP10,30,-0.8556,6,-3.2421,68,0.49283,44,-0.2440,49,-0.0611,138,1.82094,59,0.22807,15,-1.8653
ENSG00000135709,KIAA0513,84,0.26173,43,-0.8272,120,0.86763,99,0.53358,178,1.63111,5,-3.7824,40,-0.9285,8,-3.3017
ENSG00000131143,COX4I1,473,-0.9152,482,-0.8856,1300,0.74805,1031,0.34426,1087,0.43415,637,-0.4460,809,-0.0603,897,0.11015
ENSG00000140941,MAP1LC3B,181,-1.0212,70,-2.4487,308,-0.1817,936,1.84786,446,0.43427,342,-0.0114,259,-0.4571,212,-0.7740
ENSG00000154118,JPH3,87,0.66042,25,-1.3565,134,1.46468,76,0.43759,124,1.31296,1,-5.6436,0,-7.5016,24,-1.3674
ENSG00000103257,SLC7A5,153,0.80509,53,-0.9185,144,0.70359,136,0.60560,172,1.02391,8,-3.7008,22,-2.2313,74,-0.4081
ENSG00000167508,MVD,94,0.47077,40,-0.9229,60,-0.2722,176,1.64068,62,-0.2266,21,-1.8724,87,0.33756,29,-1.3971
ENSG00000198931,APRT,30,-0.4390,18,-1.2616,43,0.15157,112,1.91403,19,-1.1374,1,-5.0775,67,0.89435,27,-0.5931
ENSG00000167515,TRAPPC2L,64,-0.2465,30,-1.3929,56,-0.4627,87,0.25786,62,-0.2979,77,0.05047,136,1.04910,83,0.18806
ENSG00000167522,ANKRD11,62,-1.4585,157,-0.0047,109,-0.5956,98,-0.7562,200,0.39643,278,0.98546,289,1.05791,67,-1.3346
ENSG00000197912,SPG7,71,-0.2543,47,-0.9072,121,0.62563,78,-0.1180,156,1.08499,77,-0.1425,74,-0.1944,45,-0.9878
ENSG00000167526,RPL13,847,-0.5377,1089,-0.1341,1752,0.67009,547,-1.2164,677,-0.8901,1104,-0.1124,1434,0.32272,2007,0.91519
ENSG00000131165,CHMP1A,67,0.32826,18,-1.6998,20,-1.5560,73,0.45890,107,1.14941,67,0.31370,5,-3.6383,85,0.73945
ENSG00000075399,VPS9D1,19,-0.9121,21,-0.7774,33,-0.0706,54,0.75794,107,2.12958,10,-1.8620,5,-2.8768,26,-0.4172
ENSG00000141002,TCF25,140,-0.1208,85,-0.9032,158,0.08178,258,0.92915,236,0.77081,106,-0.5553,108,-0.5341,112,-0.4724
ENSG00000258947,TUBB3,375,-0.7929,132,-2.3680,608,-0.0219,2606,2.97206,1012,0.85481,37,-4.2342,38,-4.1714,119,-2.5183
ENSG00000140995,DEF8,57,-0.6016,21,-2.1169,107,0.43195,91,0.15715,163,1.18693,63,-0.4468,73,-0.2080,88,0.09944
ENSG00000003249,DBNDD1,65,0.37709,15,-1.8579,78,0.69360,108,1.31290,121,1.53609,1,-5.4524,13,-2.0689,11,-2.3725
ENSG00000141252,VPS53,43,-1.0695,38,-1.2306,125,0.68221,97,0.24720,106,0.39529,135,0.80835,54,-0.7137,73,-0.2233
ENSG00000167699,GLOD4,24,-1.1740,25,-1.0877,126,1.66283,89,0.97491,63,0.36143,50,-0.0221,10,-2.4632,17,-1.6638
ENSG00000177370,TIMM22,41,0.32671,7,-2.3420,30,-0.1920,51,0.68728,94,1.85901,20,-0.8146,5,-2.7508,23,-0.6163
ENSG00000159842,ABR,134,0.08339,41,-1.7620,324,1.69174,149,0.24872,254,1.20309,76,-0.8190,22,-2.6781,23,-2.6008
ENSG00000108953,YWHAE,333,-0.9239,255,-1.3328,1014,0.92362,571,-0.0656,382,-0.7078,478,-0.3543,860,0.62783,862,0.63167
ENSG00000167193,CRK,88,-0.3127,97,-0.1605,163,0.72326,65,-0.7946,172,0.81128,99,-0.1225,85,-0.3708,86,-0.3517
ENSG00000174238,PITPNA,78,-0.3560,55,-0.9173,115,0.28320,139,0.60685,250,1.72238,21,-2.3217,44,-1.2504,76,-0.3999
ENSG00000167703,SLC43A2,43,0.26958,8,-2.2914,34,-0.0914,71,1.17539,91,1.65465,1,-4.9528,18,-1.1049,25,-0.6125
ENSG00000174231,PRPF8,88,-0.1445,38,-1.4557,222,1.50334,91,-0.0923,131,0.52692,76,-0.3770,95,-0.0163,27,-1.9324
ENSG00000132383,RPA1,53,0.34185,4,-3.3120,74,0.90868,64,0.65112,88,1.24337,1,-5.2036,19,-1.2668,43,0.00225
ENSG00000141258,SGSM2,58,0.32915,12,-2.1301,110,1.50230,70,0.64685,69,0.63768,51,0.10652,0,-6.6530,11,-2.2696
ENSG00000007168,PAFAH1B1,103,-1.8077,120,-1.5794,444,0.50836,611,1.08367,443,0.50322,468,0.60074,278,-0.2743,162,-1.1171
ENSG00000132361,CLUH,50,0.00622,6,-3.2115,75,0.67467,76,0.69371,86,0.92332,46,-0.1430,15,-1.8638,48,-0.0607
ENSG00000132359,RAP1GAP2,25,-0.7752,5,-3.1098,100,1.57790,85,1.24816,111,1.79284,1,-4.7050,3,-3.8985,2,-4.0920
ENSG00000127774,EMC6,31,-0.2345,19,-0.9940,56,0.74867,66,1.01886,38,0.08593,1,-4.9502,32,-0.2138,47,0.42369
ENSG00000083457,ITGAE,21,-0.9581,16,-1.3757,67,0.95382,87,1.44813,27,-0.5672,8,-2.3364,14,-1.5332,68,0.97837
ENSG00000004660,CAMKK1,40,0.32567,5,-2.8290,26,-0.3968,74,1.43014,104,2.17316,1,-4.8141,3,-3.4807,11,-1.6660
ENSG00000132388,UBE2G1,17,-1.6552,28,-0.9204,27,-1.0004,63,0.35321,51,0.01483,14,-1.9371,93,1.06132,111,1.39949
ENSG00000183018,SPNS2,23,-0.8137,7,-2.4607,41,0.11798,33,-0.2142,68,0.99929,1,-5.0165,89,1.51284,43,0.18295
ENSG00000141456,PELP1,36,-0.4153,52,0.20401,31,-0.6282,46,-0.0143,74,0.79437,64,0.54518,9,-2.4961,59,0.38981
ENSG00000142507,PSMB6,63,-0.8877,30,-1.9882,152,0.53166,207,1.08608,64,-0.8689,74,-0.6435,117,0.08181,180,0.82559
ENSG00000141503,MINK1,49,-0.0827,22,-1.3475,83,0.82142,81,0.77372,49,-0.0922,36,-0.5552,42,-0.3426,50,-0.0387
ENSG00000108528,SLC25A11,94,-0.1494,26,-2.1219,97,-0.0993,186,1.02308,272,1.78127,4,-4.8773,34,-1.7030,111,0.13084
ENSG00000108523,RNF167,16,-1.8721,33,-0.8383,22,-1.4313,77,0.54971,70,0.38544,45,-0.3201,41,-0.4966,140,1.67535
ENSG00000108518,PFN1,98,-1.3038,85,-1.5095,149,-0.6616,296,0.46757,127,-0.9085,330,0.65323,199,-0.1969,512,1.47859
ENSG00000091640,SPAG7,6,-2.8993,11,-1.9758,83,1.19043,75,1.00372,74,0.98041,1,-5.1581,25,-0.8336,60,0.61530
ENSG00000108509,CAMTA2,59,0.33668,15,-1.8008,105,1.37796,68,0.58659,95,1.18327,1,-5.3537,12,-2.0642,30,-0.7374
ENSG00000129250,KIF1C,51,-0.9531,98,0.08507,80,-0.2341,60,-0.6866,52,-0.9221,80,-0.2408,214,1.49322,108,0.24848
ENSG00000029725,RABEP1,89,-0.5753,77,-0.7926,99,-0.4028,84,-0.6621,150,0.27608,193,0.70272,108,-0.2701,218,0.93020
ENSG00000129197,RPAIN,41,-0.4431,23,-1.3738,88,0.80987,52,-0.0821,53,-0.0500,98,1.01881,27,-1.1010,55,0.00399
ENSG00000108561,C1QBP,94,-0.3140,55,-1.1464,233,1.25914,218,1.13354,147,0.42997,64,-0.9053,66,-0.8580,34,-1.8724
ENSG00000179314,WSCD1,37,-0.1597,27,-0.6849,19,-1.2237,4,-3.2599,52,0.39628,66,0.80732,66,0.80217,58,0.57017
ENSG00000129235,TXNDC17,27,-1.0214,14,-1.9414,73,0.58287,119,1.49832,50,-0.0422,43,-0.2963,31,-0.8269,55,0.11543
ENSG00000219200,RNASEK,263,-0.5689,110,-1.9042,632,0.90403,963,1.72910,462,0.35357,58,-2.8502,175,-1.1963,331,-0.2000
ENSG00000258315,C17orf49,25,-0.7067,3,-3.8051,76,1.16088,45,0.22151,59,0.70613,1,-5.0594,25,-0.7282,79,1.23665
ENSG00000132535,DLG4,60,0.45786,12,-2.0779,57,0.37869,51,0.16707,152,2.29983,1,-5.2801,10,-2.2990,23,-1.0739
ENSG00000072778,ACADVL,86,-0.3081,38,-1.5402,170,0.84727,204,1.19128,149,0.62112,1,-6.4547,93,-0.1709,87,-0.2853
ENSG00000170296,GABARAP,298,-0.5707,216,-1.0742,603,0.59064,607,0.60290,416,-0.0363,261,-0.7823,337,-0.3758,665,0.76428
ENSG00000175826,CTDNEP1,26,-1.1122,29,-0.9201,121,1.49238,76,0.61719,38,-0.5358,1,-5.4804,33,-0.7343,97,1.05936
ENSG00000132507,EIF5A,86,-0.4666,74,-0.7004,152,0.47469,219,1.13891,148,0.43108,7,-4.0436,103,-0.1627,126,0.15569
ENSG00000132522,GPS2,39,0.14595,35,-0.0278,47,0.45909,50,0.58539,27,-0.4396,1,-4.9102,32,-0.1598,53,0.68287
ENSG00000205544,TMEM256,25,-1.5083,29,-1.3317,78,0.23889,33,-1.1170,69,0.03844,43,-0.7042,37,-0.9238,224,2.30512
ENSG00000169992,NLGN2,20,-1.6831,14,-2.2688,146,1.57826,42,-0.5722,107,0.98068,42,-0.5939,13,-2.3798,102,0.88576
ENSG00000174282,ZBTB4,74,-0.5633,70,-0.6543,147,0.56551,53,-1.0915,149,0.59221,181,0.93591,82,-0.3980,86,-0.3364
ENSG00000181222,POLR2A,18,-2.0427,20,-1.8436,98,0.63214,89,0.46565,101,0.69048,43,-0.7088,32,-1.1787,138,1.26121
ENSG00000161960,EIF4A1,112,-0.7664,94,-1.0425,244,0.49851,356,1.18115,213,0.26669,37,-2.4321,140,-0.4180,256,0.58046
ENSG00000129245,FXR2,56,-0.6588,2,-5.1242,129,0.71466,190,1.43749,149,0.97813,45,-1.0173,21,-2.1181,86,0.02165
ENSG00000141504,SAT2,43,-0.2549,31,-0.7579,126,1.65975,44,-0.2203,73,0.63519,2,-4.6499,2,-4.7417,82,0.82897
ENSG00000129244,ATP1B2,446,1.62703,131,-0.5277,706,2.71531,43,-2.2262,37,-2.4228,17,-3.5534,45,-2.1422,30,-2.7576
ENSG00000183011,NAA38,58,-1.7251,94,-0.9988,210,0.28603,253,0.60159,130,-0.4998,109,-0.7798,174,-0.0261,388,1.39986
ENSG00000170004,CHD3,48,0.25381,32,-0.3677,97,1.55668,23,-0.9010,92,1.43908,1,-5.1173,26,-0.7215,8,-2.4908
ENSG00000170043,TRAPPC1,65,-0.8683,35,-1.8241,140,0.36178,255,1.45924,125,0.16788,82,-0.5115,73,-0.6925,127,0.19957
ENSG00000220205,VAMP2,463,-0.0765,267,-0.9525,607,0.37650,1064,1.40223,906,1.09171,134,-1.9982,206,-1.3468,234,-1.1544
ENSG00000161970,RPL26,348,-0.9715,571,-0.1898,924,0.61957,159,-2.1518,307,-1.1631,679,0.09554,951,0.67222,1190,1.07907
ENSG00000166579,NDEL1,57,-0.1217,24,-1.4730,32,-1.0134,142,1.51525,104,0.90835,73,0.29173,38,-0.7500,19,-1.7630
ENSG00000133026,MYH10,81,-0.0368,59,-0.5608,104,0.37529,181,1.38331,169,1.25031,8,-3.4845,47,-0.9028,16,-2.5126
ENSG00000007237,GAS7,47,-1.7006,67,-1.1814,31,-2.3299,39,-1.9712,39,-1.9698,363,1.71854,330,1.52125,215,0.71613
ENSG00000188803,SHISA6,111,1.35634,28,-0.9355,164,2.18988,32,-0.7595,69,0.48298,1,-5.4547,5,-3.3354,2,-4.4189
ENSG00000065559,MAP2K4,74,-0.7234,9,-3.8185,157,0.49504,218,1.08668,291,1.65364,73,-0.7590,75,-0.7152,39,-1.7046
ENSG00000006740,ARHGAP44,36,-0.4644,21,-1.3397,76,0.76395,90,1.06039,153,2.15686,1,-5.3739,3,-3.8931,10,-2.4271
ENSG00000006744,ELAC2,31,-0.4710,1,-4.8284,69,0.86234,77,1.08384,50,0.31961,1,-4.9970,64,0.73228,38,-0.1310
ENSG00000109099,PMP22,72,-1.5690,92,-1.2051,68,-1.6593,31,-2.8408,17,-3.6904,192,-0.0481,463,1.52900,648,2.27417
ENSG00000214941,ZSWIM7,34,-0.1475,18,-1.1247,67,1.02758,38,0.05424,36,-0.0467,1,-4.9776,55,0.68586,46,0.37919
ENSG00000011295,TTC19,94,0.80361,1,-5.8594,79,0.50162,101,0.92598,76,0.43489,46,-0.3829,43,-0.5025,30,-1.0618
ENSG00000141027,NCOR1,129,-0.2460,225,0.68722,87,-0.8614,16,-3.3912,195,0.44189,329,1.40000,162,0.12850,57,-1.5096
ENSG00000170315,UBB,824,-0.7921,464,-1.6715,1756,0.43987,2803,1.29109,1114,-0.3153,716,-1.0103,1269,-0.1044,1872,0.55031
ENSG00000175061,SNHG29,92,-0.8684,139,-0.2213,286,1.01241,156,-0.0407,234,0.64967,15,-3.5321,136,-0.2585,218,0.52636
ENSG00000170160,CCDC144A,11,-3.2697,77,-0.4360,0,-7.9032,4,-4.5421,21,-2.4124,519,3.65288,156,0.74569,17,-2.7106
ENSG00000133030,MPRIP,115,-0.1141,44,-1.5936,221,1.00673,120,-0.0491,123,-0.0112,179,0.62315,63,-1.0691,124,0.00798
ENSG00000141030,COPS3,21,-1.8551,14,-2.4644,106,0.73162,128,1.07396,109,0.77850,32,-1.1988,96,0.54356,48,-0.6006
ENSG00000108557,RAI1,57,0.65995,16,-1.3160,48,0.38451,34,-0.2033,83,1.35648,1,-5.0325,45,0.24864,23,-0.7810
ENSG00000072310,SREBF1,74,0.66317,17,-1.6821,71,0.59591,20,-1.4134,21,-1.3515,48,-0.0681,57,0.21712,92,1.05651
ENSG00000175662,TOM1L2,83,-0.5399,17,-2.8946,183,0.78408,229,1.20470,171,0.66752,69,-0.8122,80,-0.5946,92,-0.3634
ENSG00000108591,DRG2,44,0.39270,9,-2.0072,54,0.71581,68,1.14438,39,0.15382,1,-4.9039,51,0.63073,15,-1.3038
ENSG00000091542,ALKBH5,77,-0.1589,38,-1.2713,130,0.71885,112,0.46612,87,0.03779,43,-1.0844,97,0.21514,97,0.21531
ENSG00000177731,FLII,46,0.52833,10,-1.8364,29,-0.2386,62,1.03406,43,0.39152,12,-1.6356,21,-0.7231,48,0.56979
ENSG00000141127,PRPSAP2,14,-2.0191,10,-2.5467,96,1.02135,52,-0.0423,64,0.31436,69,0.44448,50,-0.1158,71,0.47216
ENSG00000072134,EPN2,26,-1.5986,38,-1.0308,41,-0.9187,33,-1.2436,18,-2.1651,171,1.51464,110,0.68694,150,1.25862
ENSG00000072210,ALDH3A2,33,-0.2791,26,-0.6725,16,-1.3966,71,1.01316,52,0.46509,5,-3.0828,26,-0.6612,87,1.39428
ENSG00000083290,ULK2,32,-1.4391,10,-3.1149,38,-1.1938,21,-2.0660,10,-3.1034,223,1.87980,109,0.50044,203,1.67261
ENSG00000128487,SPECC1,42,-0.6415,49,-0.4189,55,-0.2075,3,-4.5180,44,-0.5736,80,0.39454,131,1.29590,100,0.78855
ENSG00000124422,USP22,259,-0.1492,101,-1.6047,654,1.50514,386,0.52197,423,0.68161,164,-0.8721,136,-1.1573,143,-1.0803
ENSG00000256618,MTRNR2L1,327,0.59695,610,1.79788,77,-1.6911,36,-2.8267,108,-1.1847,312,0.51531,276,0.30875,90,-1.4619
ENSG00000109046,WSB1,66,-1.9298,103,-1.2794,162,-0.5703,54,-2.2471,76,-1.7390,756,2.27096,294,0.40414,339,0.65052
ENSG00000087095,NLK,32,-0.3560,17,-1.2729,32,-0.3390,44,0.16192,47,0.28229,23,-0.8285,85,1.34903,36,-0.1337
ENSG00000004142,POLDIP2,71,0.20047,17,-2.0311,45,-0.5334,74,0.27303,145,1.50562,108,0.94010,20,-1.7639,22,-1.6304
ENSG00000109103,UNC119,40,-0.3626,13,-1.9864,124,1.66752,125,1.66999,90,1.02914,3,-3.9450,1,-4.8788,0,-7.5214
ENSG00000109107,ALDOC,924,0.16584,327,-1.4750,1968,1.54482,1531,1.05526,1287,0.73818,125,-2.9072,196,-2.2371,330,-1.4602
ENSG00000007202,KIAA0100,46,-0.1144,6,-3.0690,121,1.60496,60,0.32907,62,0.36229,36,-0.4958,48,-0.0570,17,-1.6431
ENSG00000109111,SUPT6H,30,-0.8780,38,-0.5333,104,1.19400,57,0.13188,61,0.23221,34,-0.7186,61,0.23593,37,-0.5521
ENSG00000198242,RPL23A,354,-0.2228,404,-0.0090,568,0.56867,152,-1.5380,144,-1.6242,204,-1.0919,554,0.52647,868,1.35151
ENSG00000132589,FLOT2,70,0.27589,17,-1.9392,49,-0.2876,164,1.89420,97,0.85459,1,-5.6455,42,-0.5467,32,-0.9740
ENSG00000167536,DHRS13,38,0.01964,11,-1.8660,108,1.92994,63,0.85150,69,1.03801,1,-5.0191,5,-3.0158,9,-2.2163
ENSG00000063015,SEZ6,55,-0.9661,13,-3.0738,115,0.19675,367,2.51426,189,1.07493,39,-1.4845,8,-3.7977,28,-1.9765
ENSG00000108256,NUFIP2,19,-2.4048,34,-1.5955,144,0.71789,77,-0.3354,115,0.33018,214,1.46302,83,-0.1996,69,-0.5096
ENSG00000160551,TAOK1,61,-1.4019,62,-1.3605,127,-0.2497,79,-1.0025,149,0.01216,384,1.74115,224,0.70156,100,-0.6296
ENSG00000108262,GIT1,60,-0.2635,46,-0.6719,49,-0.5702,92,0.44084,149,1.32660,54,-0.4221,41,-0.8524,72,0.03552
ENSG00000126653,NSRP1,45,-0.9333,217,1.78633,18,-2.3046,26,-1.7431,52,-0.7191,67,-0.3111,145,0.99621,83,0.01826
ENSG00000108582,CPD,31,-2.0271,20,-2.6753,65,-0.9321,45,-1.4892,91,-0.3951,315,1.82396,100,-0.2554,267,1.48334
ENSG00000196712,NF1,78,-0.4424,17,-2.6929,48,-1.1780,81,-0.3787,121,0.27043,224,1.39059,164,0.80123,87,-0.2675
ENSG00000126861,OMG,76,-0.8453,61,-1.1913,173,0.48232,122,-0.0955,159,0.34358,201,0.74816,139,0.11740,106,-0.3304
ENSG00000126860,EVI2A,9,-3.8333,62,-1.0069,0,-7.1559,7,-4.1825,3,-5.2647,191,0.83846,305,1.74736,361,2.12290
ENSG00000131242,RAB11FIP4,50,-0.7173,63,-0.3660,81,0.05779,76,-0.0576,122,0.74127,64,-0.3315,74,-0.0988,99,0.39027
ENSG00000172301,COPRS,124,-0.0463,34,-2.0162,223,0.96056,227,0.99641,192,0.69340,108,-0.2755,70,-0.9498,44,-1.6704
ENSG00000178691,SUZ12,24,-1.2958,16,-1.8655,6,-3.3056,47,-0.2447,69,0.39298,185,2.36483,32,-0.8480,57,0.06558
ENSG00000126858,RHOT1,29,-0.6220,10,-2.2233,99,1.52253,20,-1.1344,65,0.72006,69,0.82018,16,-1.4665,31,-0.4919
ENSG00000010244,ZNF207,46,-1.3261,46,-1.3283,102,-0.0818,128,0.28100,61,-0.9007,285,1.78612,102,-0.0834,91,-0.2768
ENSG00000108671,PSMD11,36,-1.2886,25,-1.8386,138,0.86915,75,-0.1728,110,0.47450,132,0.79084,66,-0.3759,83,-0.0137
ENSG00000176749,CDK5R1,56,-0.5131,47,-0.7756,216,1.90054,122,0.78024,150,1.16397,1,-6.0353,6,-3.7283,19,-2.1200
ENSG00000092871,RFFL,18,-2.2760,9,-3.2913,9,-3.2427,35,-1.2763,14,-2.5659,209,1.79884,130,0.87696,203,1.73972
ENSG00000006125,AP2B1,157,-0.4652,104,-1.1117,255,0.32677,301,0.61239,354,0.90510,161,-0.4252,82,-1.4718,263,0.38064
ENSG00000270647,TAF15,24,-1.1717,40,-0.3979,43,-0.2986,39,-0.4545,50,-0.0609,82,0.78755,80,0.74552,55,0.09762
ENSG00000273611,ZNHIT3,33,-0.4337,7,-2.8235,76,0.93699,74,0.88210,48,0.13459,1,-5.2225,54,0.34541,59,0.50323
ENSG00000278311,GGNBP2,84,-0.1304,44,-1.1246,109,0.31373,77,-0.2693,109,0.30832,126,0.55003,134,0.66619,42,-1.2084
ENSG00000278540,ACACA,35,-1.1016,31,-1.3144,31,-1.3087,78,0.13999,76,0.10800,197,1.87498,54,-0.4600,69,-0.0479
ENSG00000275832,ARHGAP23,48,-1.3269,63,-0.8982,56,-1.0970,63,-0.9154,46,-1.3843,78,-0.5841,266,1.56165,275,1.62880
ENSG00000277363,SRCIN1,39,-1.9668,103,-0.4768,62,-1.2673,56,-1.4292,156,0.19400,138,-0.0098,316,1.47696,240,0.94769
ENSG00000275023,MLLT6,52,0.05727,51,0.01912,48,-0.0720,5,-3.3740,34,-0.6102,117,1.50776,41,-0.3534,55,0.13841
ENSG00000277791,PSMB3,68,-0.4081,26,-1.8687,116,0.47554,197,1.44573,80,-0.1447,2,-5.0638,105,0.29854,106,0.31818
ENSG00000276293,PIP4K2B,112,-0.1443,54,-1.2885,300,1.63185,68,-0.9262,211,0.95026,21,-2.7041,68,-0.9325,143,0.26017
ENSG00000125691,RPL23,267,-0.5198,314,-0.2610,572,0.75412,192,-1.0295,139,-1.5294,396,0.12143,309,-0.2856,757,1.27388
ENSG00000002834,LASP1,45,-0.5934,39,-0.8219,176,1.80684,120,1.04134,109,0.86841,1,-5.7979,9,-3.0349,27,-1.3891
ENSG00000263874,LINC00672,43,-0.4323,6,-3.2391,75,0.50014,98,0.96875,96,0.93281,1,-5.5599,46,-0.3000,81,0.63448
ENSG00000067191,CACNB1,46,0.07986,12,-1.9769,16,-1.5429,170,2.67502,80,1.03250,1,-5.2295,3,-3.6735,24,-0.9473
ENSG00000108298,RPL19,253,-1.3000,498,-0.2392,897,0.75519,406,-0.5670,271,-1.1960,469,-0.3357,714,0.35630,1109,1.14435
ENSG00000131771,PPP1R1B,60,1.23062,44,0.66584,60,1.23125,11,-1.5459,38,0.43217,1,-4.6571,4,-3.0378,19,-0.6767
ENSG00000131748,STARD3,30,-0.7169,10,-2.3326,39,-0.2655,14,-1.8356,87,1.09390,55,0.26301,94,1.22826,43,-0.1088
ENSG00000141741,MIEN1,18,-1.8664,20,-1.7488,90,0.65279,62,0.01679,84,0.53663,54,-0.1881,46,-0.4427,114,1.09374
ENSG00000108344,PSMD3,39,-1.0191,5,-3.8386,154,1.29660,145,1.17760,120,0.83304,39,-1.0091,26,-1.6293,63,-0.2536
ENSG00000008838,MED24,16,-1.4158,8,-2.3940,61,0.74771,70,0.98911,102,1.73675,1,-5.0680,35,-0.1883,22,-0.9213
ENSG00000126351,THRA,154,0.21958,57,-1.3473,255,1.11094,173,0.41601,231,0.92297,3,-5.5612,58,-1.3120,149,0.16167
ENSG00000188895,MSL1,46,-0.5597,24,-1.5622,112,0.94871,37,-0.8957,70,0.12588,49,-0.4478,99,0.71094,82,0.40298
ENSG00000108349,CASC3,59,-0.1414,61,-0.1047,106,0.84466,81,0.37634,87,0.49065,1,-5.7811,36,-0.9205,87,0.49432
ENSG00000171475,WIPF2,73,0.31038,40,-0.6421,71,0.26539,28,-1.2001,85,0.57541,105,0.95408,19,-1.7530,61,0.03431
ENSG00000073584,SMARCE1,37,-0.3226,15,-1.6961,44,-0.0271,46,0.01810,66,0.64169,19,-1.3238,56,0.36191,78,0.93525
ENSG00000186395,KRT10,14,-2.3326,31,-1.1552,152,1.49982,51,-0.4195,30,-1.2433,80,0.32823,46,-0.5789,122,1.07724
ENSG00000173812,EIF1,454,-0.7897,291,-1.4759,698,-0.1061,676,-0.1570,689,-0.1262,622,-0.2919,919,0.35290,1606,1.36918
ENSG00000141698,NT5C3B,47,-0.0498,27,-0.9476,101,1.26930,98,1.21213,88,1.01119,1,-5.3806,0,-7.2379,30,-0.7754
ENSG00000131473,ACLY,158,-0.7350,69,-1.9896,84,-1.6956,1244,3.52390,186,-0.4721,92,-1.5532,50,-2.4677,114,-1.2315
ENSG00000173786,CNP,120,-3.0546,299,-1.7103,105,-3.2515,128,-2.9615,87,-3.5281,1104,0.35505,2278,1.71168,3024,2.35941
ENSG00000168259,DNAJC7,75,-0.3479,73,-0.3827,135,0.64000,153,0.86104,177,1.13014,65,-0.5769,27,-1.8992,37,-1.4484
ENSG00000108773,KAT2A,39,-0.4458,6,-3.1608,116,1.44070,60,0.24504,143,1.87418,1,-5.4465,35,-0.6103,13,-2.0842
ENSG00000108774,RAB5C,87,0.01452,20,-2.2364,162,1.09343,121,0.56032,114,0.46415,28,-1.7518,69,-0.3677,91,0.08839
ENSG00000173757,STAT5B,59,0.16782,11,-2.3795,88,0.86443,90,0.90554,75,0.58873,52,-0.0227,30,-0.9031,19,-1.5548
ENSG00000168610,STAT3,46,-0.1512,25,-1.1188,25,-1.1274,59,0.26907,49,-0.0356,3,-4.1837,90,0.99614,107,1.32949
ENSG00000177469,CAVIN1,22,-1.7641,82,0.31791,1,-6.1255,3,-4.3710,2,-4.7656,69,0.02750,185,1.85498,178,1.76310
ENSG00000033627,ATP6V0A1,295,-0.2824,156,-1.2722,380,0.13378,624,1.00233,813,1.51315,159,-1.2467,127,-1.5884,250,-0.5435
ENSG00000141699,RETREG3,28,-0.4525,21,-0.8535,65,0.99481,48,0.43735,89,1.58601,1,-4.9686,34,-0.1319,8,-2.2844
ENSG00000037042,TUBG2,58,-0.3288,19,-2.0575,107,0.69218,94,0.45267,95,0.47127,119,0.87963,0,-7.3561,80,0.18012
ENSG00000108797,CNTNAP1,109,0.37023,27,-1.7982,143,0.84223,123,0.57300,263,2.06220,1,-6.2142,30,-1.6824,5,-4.2784
ENSG00000108799,EZH1,19,-1.6271,12,-2.2721,102,1.09386,45,-0.2932,80,0.65617,64,0.27394,74,0.52686,38,-0.5796
ENSG00000183978,COA3,46,-1.1700,61,-0.7306,159,0.84112,145,0.68276,116,0.29832,2,-5.3935,84,-0.2292,163,0.88964
ENSG00000126581,BECN1,49,0.06804,36,-0.4443,65,0.53344,41,-0.2167,89,1.09609,5,-3.2717,74,0.75766,19,-1.4146
ENSG00000131467,PSME3,82,1.12423,5,-3.2785,71,0.86329,94,1.37815,40,-0.1272,1,-5.1944,3,-3.9247,49,0.21339
ENSG00000131469,RPL27,318,-0.4459,269,-0.7072,610,0.64020,349,-0.2979,266,-0.7284,332,-0.3760,540,0.42714,666,0.79604
ENSG00000108828,VAT1,115,-1.2391,57,-2.2986,209,-0.3146,1307,3.66025,60,-2.2241,92,-1.5770,100,-1.4576,87,-1.6600
ENSG00000108830,RND2,189,0.46405,126,-0.2178,296,1.27804,42,-1.9091,126,-0.2104,55,-1.4943,200,0.55740,115,-0.3598
ENSG00000188554,NBR1,46,-0.7013,42,-0.8449,120,0.88881,39,-0.9539,50,-0.5721,47,-0.6777,112,0.76900,116,0.82771
ENSG00000108861,DUSP3,50,-0.8067,62,-0.4684,101,0.32958,160,1.15565,137,0.87045,1,-5.9334,78,-0.1047,73,-0.2002
ENSG00000108852,MPP2,70,0.00560,18,-2.0674,87,0.37127,82,0.26157,70,0.00289,29,-1.3482,45,-0.7041,158,1.44814
ENSG00000141349,G6PC3,57,-1.0529,17,-2.8044,163,0.66494,341,2.13561,99,-0.1774,28,-2.1114,52,-1.1802,125,0.20941
ENSG00000108840,HDAC5,72,-0.1902,54,-0.6600,89,0.14977,60,-0.4843,165,1.23983,46,-0.9099,54,-0.6410,110,0.51466
ENSG00000168591,TMUB2,43,0.06479,7,-2.6975,47,0.20553,73,0.96603,45,0.10336,48,0.21498,34,-0.3143,37,-0.2013
ENSG00000087152,ATXN7L3,40,-0.6841,49,-0.3704,61,-0.0176,112,1.02467,123,1.20115,5,-3.6096,26,-1.3347,78,0.38869
ENSG00000108312,UBTF,52,-0.0755,44,-0.3167,49,-0.1507,42,-0.3904,112,1.28164,1,-5.5197,64,0.27371,68,0.38562
ENSG00000108309,RUNDC3A,97,-0.8777,71,-1.3683,243,0.61734,396,1.53159,346,1.26376,69,-1.4012,88,-1.0300,42,-2.1455
ENSG00000013306,SLC25A39,50,0.08400,14,-1.8721,57,0.32181,68,0.60027,82,0.95160,4,-3.6464,26,-0.9143,77,0.83599
ENSG00000030582,GRN,59,0.35708,15,-1.7850,65,0.53162,70,0.67472,34,-0.5132,6,-2.9743,20,-1.3336,109,1.48875
ENSG00000108883,EFTUD2,49,0.51251,11,-1.8357,49,0.50496,96,1.78061,50,0.54423,10,-1.8871,24,-0.6434,0,-7.0697
ENSG00000131095,GFAP,4187,0.30924,2915,-0.2885,7387,1.33805,192,-4.3625,777,-2.3138,3326,-0.0743,4478,0.42408,4578,0.46203
ENSG00000131094,C1QL1,83,0.01558,54,-0.6922,13,-2.7891,93,0.20152,376,3.19127,1,-6.1324,31,-1.5059,10,-3.2125
ENSG00000136448,NMT1,89,-0.0797,71,-0.4404,81,-0.2259,92,-0.0228,160,0.93054,114,0.33556,77,-0.3139,62,-0.6445
ENSG00000186834,HEXIM1,24,-0.7868,39,-0.0148,61,0.74982,18,-1.2368,122,2.12031,1,-5.0684,17,-1.3088,34,-0.2551
ENSG00000186868,MAPT,344,-0.0204,150,-1.3213,290,-0.2991,768,1.41203,718,1.27983,213,-0.7866,221,-0.7259,82,-2.2344
ENSG00000120071,KANSL1,21,-1.2716,23,-1.1410,53,0.17053,3,-4.1061,64,0.47669,101,1.30622,63,0.46135,56,0.25118
ENSG00000073969,NSF,336,-0.6796,125,-2.1772,647,0.38594,1173,1.48233,1492,1.99565,174,-1.6903,84,-2.7741,78,-2.8728
ENSG00000108433,GOSR2,32,-0.4264,11,-2.0327,50,0.32467,73,0.96572,51,0.34545,28,-0.6458,44,0.10853,43,0.05877
ENSG00000004897,CDC27,71,-0.0376,56,-0.4006,104,0.62505,134,1.06840,63,-0.2306,55,-0.4309,56,-0.4138,39,-0.9714
ENSG00000141279,NPEPPS,69,-0.9013,74,-0.7863,85,-0.5762,222,1.05281,211,0.96401,162,0.49016,84,-0.5784,62,-1.0623
ENSG00000108424,KPNB1,219,0.01850,71,-1.7297,82,-1.5094,230,0.10494,234,0.13466,363,0.89652,292,0.50815,237,0.15011
ENSG00000108439,PNPO,92,0.78508,37,-0.7048,94,0.82709,104,1.00628,69,0.29510,16,-1.9604,27,-1.2111,25,-1.3224
ENSG00000108465,CDK5RAP3,19,-1.6339,23,-1.3941,74,0.46896,40,-0.5353,85,0.71719,105,1.10734,27,-1.1133,72,0.43805
ENSG00000082641,NFE2L1,142,-0.6294,113,-0.9794,221,0.08370,423,1.23175,431,1.26964,148,-0.5638,88,-1.3671,115,-0.9600
ENSG00000108468,CBX1,33,-0.9049,47,-0.3415,104,0.99436,47,-0.3404,52,-0.1956,40,-0.5907,41,-0.5766,103,0.98060
ENSG00000159199,ATP5MC1,136,-0.1703,41,-2.0025,196,0.44357,267,0.99085,234,0.75164,82,-0.9644,107,-0.5443,142,-0.0974
ENSG00000159202,UBE2Z,76,-0.7049,37,-1.7827,78,-0.6594,157,0.48369,170,0.62119,155,0.45819,132,0.18239,138,0.26380
ENSG00000198740,ZNF652,22,-0.9209,55,0.56964,2,-4.0627,11,-1.9559,33,-0.2549,46,0.29409,66,0.91670,76,1.16447
ENSG00000167085,PHB,35,-1.2453,42,-0.9905,134,0.93519,141,1.02818,85,0.14698,11,-2.8969,78,0.00761,97,0.36006
ENSG00000121067,SPOP,44,-0.8044,65,-0.1903,76,0.06712,32,-1.2847,82,0.18075,197,1.81584,56,-0.4201,33,-1.2385
ENSG00000121073,SLC35B1,27,-0.6156,6,-2.8541,47,0.25274,77,1.14727,64,0.79144,44,0.16970,26,-0.6573,29,-0.5342
ENSG00000005882,PDK2,40,-0.8202,25,-1.5275,77,0.23826,94,0.58850,178,1.81167,33,-1.0734,31,-1.1949,53,-0.3530
ENSG00000108819,PPP1R9B,39,-0.3213,15,-1.7441,76,0.79737,42,-0.2273,82,0.92285,22,-1.1782,36,-0.4643,70,0.64426
ENSG00000108826,MRPL27,98,0.57903,41,-0.8289,111,0.80318,106,0.71078,42,-0.8079,2,-4.8835,65,-0.1004,91,0.44498
ENSG00000154945,ANKRD40,67,-1.6189,219,0.23868,76,-1.4323,61,-1.7641,71,-1.5435,301,0.79075,383,1.23884,340,1.01190
ENSG00000108848,LUC7L3,175,-0.6160,447,0.95985,186,-0.5209,66,-2.0999,230,-0.1775,442,0.93983,324,0.39134,183,-0.5404
ENSG00000008294,SPAG9,82,-1.8311,93,-1.6491,121,-1.2543,118,-1.2930,130,-1.1435,799,2.05562,502,1.09831,297,0.17266
ENSG00000239672,NME1,87,-0.5305,53,-1.3011,242,1.21571,272,1.44626,176,0.63832,6,-4.4415,74,-0.7789,58,-1.1478
ENSG00000243678,NME2,125,-0.8363,92,-1.3050,280,0.47730,468,1.42664,210,-0.0057,205,-0.0471,89,-1.3473,217,0.04846
ENSG00000154975,CA10,45,-0.2330,14,-1.9525,73,0.58472,22,-1.2895,199,2.69846,14,-1.9603,30,-0.8627,14,-1.9783
ENSG00000166260,COX11,60,0.72896,13,-1.6976,47,0.31301,46,0.27299,68,0.95884,20,-1.0366,33,-0.2715,25,-0.7126
ENSG00000153944,MSI2,150,0.67305,35,-1.6585,145,0.61581,89,-0.1913,102,0.01591,14,-2.9443,182,1.02806,89,-0.2037
ENSG00000181610,MRPS23,65,-0.0653,14,-2.4055,40,-0.8250,134,1.20555,84,0.35692,78,0.23838,62,-0.1329,63,-0.1080
ENSG00000180891,CUEDC1,27,-0.7994,23,-1.0655,66,0.62418,27,-0.8093,27,-0.8243,1,-5.2785,84,1.05386,109,1.56674
ENSG00000136450,SRSF1,60,-0.0381,22,-1.5745,86,0.55342,58,-0.1046,64,0.04974,39,-0.7460,102,0.86375,63,0.03740
ENSG00000264364,DYNLL2,472,-0.0423,229,-1.1820,471,-0.0467,847,0.96780,937,1.15734,174,-1.6026,440,-0.1573,306,-0.7372
ENSG00000213246,SUPT4H1,57,0.32670,38,-0.3472,52,0.18004,68,0.64576,66,0.57792,1,-5.3128,62,0.48330,29,-0.7297
ENSG00000108389,MTMR4,22,-1.3464,5,-3.2982,57,0.17931,96,1.07710,115,1.43957,78,0.70946,19,-1.5439,19,-1.5565
ENSG00000108387,SEPTIN4,97,-1.7040,296,0.03882,156,-0.9774,88,-1.8552,216,-0.4749,301,0.06466,568,1.18513,593,1.26833
ENSG00000175175,PPM1E,14,-1.3923,21,-0.8307,94,1.76894,65,1.02840,37,0.05411,1,-4.9196,13,-1.5188,40,0.18373
ENSG00000108395,TRIM37,70,-0.3085,46,-0.9591,141,0.88900,145,0.94039,204,1.60069,1,-5.7643,58,-0.5856,8,-3.5662
ENSG00000153982,GDPD1,39,0.22736,31,-0.1217,35,0.03834,9,-1.9299,141,2.91019,1,-4.3554,4,-3.1129,9,-1.9522
ENSG00000141367,CLTC,270,-0.8273,140,-1.8289,467,0.04970,947,1.30719,784,0.95098,423,-0.1104,287,-0.7305,305,-0.6340
ENSG00000062716,VMP1,45,-0.7423,37,-1.0700,44,-0.7816,125,0.94577,74,0.03842,118,0.84314,66,-0.1412,68,-0.0880
ENSG00000170832,USP32,10,-3.0258,16,-2.2553,47,-0.7028,57,-0.3805,65,-0.1658,238,2.27886,78,0.13151,67,-0.1163
ENSG00000062725,APPBP2,41,-1.1059,11,-3.0361,74,-0.2061,77,-0.1419,78,-0.1059,239,1.95204,16,-2.4860,132,0.78731
ENSG00000108510,MED13,10,-2.3655,26,-0.9809,5,-3.4740,13,-1.9856,46,-0.0951,115,1.52167,114,1.50670,63,0.41996
ENSG00000146872,TLK2,22,-1.3575,22,-1.3190,27,-1.0111,55,0.08459,46,-0.2148,166,2.20148,35,-0.6443,44,-0.2776
ENSG00000170921,TANC2,36,-1.0840,23,-1.7627,67,-0.1194,62,-0.2660,116,0.80976,126,0.95620,64,-0.2106,85,0.26940
ENSG00000008283,CYB561,57,-1.2123,17,-3.0291,103,-0.3097,808,4.89615,7,-4.2947,1,-6.7199,2,-5.6618,0,-8.7993
ENSG00000136485,DCAF7,43,-0.1636,32,-0.6666,31,-0.6791,31,-0.7129,67,0.56065,66,0.53450,64,0.47920,50,0.07374
ENSG00000108588,CCDC47,71,-0.3279,38,-1.3031,105,0.32494,52,-0.8153,101,0.24488,136,0.76884,79,-0.1535,112,0.43506
ENSG00000198231,DDX42,62,-0.4082,39,-1.1265,147,1.05507,58,-0.5082,100,0.37133,90,0.18002,93,0.24119,52,-0.6868
ENSG00000087191,PSMC5,153,-0.2950,123,-0.6414,266,0.63288,285,0.75614,268,0.64324,36,-2.5057,154,-0.2786,181,-0.0163
ENSG00000266402,SNHG25,73,0.30710,45,-0.4716,81,0.47591,0,-6.7783,20,-1.7391,131,1.34933,59,-0.0486,78,0.41608
ENSG00000136478,TEX2,42,-0.8735,29,-1.4587,77,0.08723,99,0.51165,102,0.56693,51,-0.5828,93,0.40930,91,0.37268
ENSG00000108654,DDX5,184,-1.0264,115,-1.7317,450,0.41676,201,-0.8895,311,-0.1994,546,0.75675,548,0.76087,454,0.43092
ENSG00000154229,PRKCA,61,-0.2915,44,-0.7868,107,0.65192,45,-0.7530,41,-0.8890,132,1.02861,43,-0.8157,108,0.67003
ENSG00000198265,HELZ,53,0.33590,32,-0.4678,29,-0.6439,22,-1.0862,84,1.16000,44,0.01963,36,-0.2939,47,0.11472
ENSG00000197170,PSMD12,64,-0.6180,52,-0.9568,131,0.54512,177,1.09179,188,1.20192,74,-0.3878,41,-1.2915,30,-1.7977
ENSG00000154217,PITPNC1,58,0.97644,29,-0.2164,115,2.42410,15,-1.2164,26,-0.3846,1,-4.8111,0,-6.6717,19,-0.8357
ENSG00000171634,BPTF,94,-0.8354,90,-0.9012,37,-2.2375,1,-7.2504,75,-1.1896,680,3.00902,174,0.15104,119,-0.4657
ENSG00000182481,KPNA2,21,-0.9399,1,-4.5492,80,1.27067,99,1.69303,77,1.20385,1,-5.0419,24,-0.7720,7,-2.5865
ENSG00000196704,AMZ2,31,-1.1756,24,-1.5463,77,0.26756,114,0.95818,101,0.73157,28,-1.2996,30,-1.2349,119,1.03218
ENSG00000108946,PRKAR1A,208,-1.1337,127,-1.8774,329,-0.4162,764,1.01588,720,0.90643,356,-0.2930,413,-0.0526,491,0.23474
ENSG00000141338,ABCA8,1,-5.2546,29,-1.1727,0,-7.5822,0,-8.1989,3,-4.3225,219,2.44018,164,1.76423,82,0.46721
ENSG00000154265,ABCA5,18,-1.8582,3,-4.3230,63,0.02943,47,-0.4352,79,0.41835,238,2.69938,11,-2.5513,33,-0.9968
ENSG00000172809,RPL38,438,-1.0481,729,-0.2458,1091,0.42392,344,-1.4191,301,-1.6200,594,-0.5718,1226,0.62757,2058,1.60845
ENSG00000141540,TTYH2,39,-2.0394,55,-1.5051,46,-1.7931,10,-3.9814,2,-6.0052,139,-0.0719,376,1.73884,496,2.37254
ENSG00000109062,SLC9A3R1,60,0.18118,41,-0.4051,56,0.07312,16,-1.8454,10,-2.5665,1,-5.4982,62,0.23443,182,2.36396
ENSG00000167861,HID1,41,-0.7346,15,-2.2079,81,0.37902,158,1.62089,111,0.93381,1,-5.7759,9,-3.0156,101,0.75872
ENSG00000109089,CDR2L,20,-1.4858,12,-2.2800,5,-3.4735,11,-2.3669,30,-0.9167,121,1.47670,103,1.15785,122,1.49248
ENSG00000180901,KCTD2,71,-0.3246,44,-1.0721,120,0.53350,94,0.11366,138,0.77460,54,-0.7594,79,-0.1566,99,0.19984
ENSG00000167863,ATP5PD,108,-0.8206,58,-1.7659,313,0.95700,234,0.44009,186,0.05536,192,0.11034,104,-0.8656,245,0.51802
ENSG00000189159,JPT1,49,-0.9733,24,-2.0235,119,0.45250,331,2.54496,134,0.66117,1,-6.2646,27,-1.8650,40,-1.2629
ENSG00000188612,SUMO2,96,-0.7712,62,-1.4417,277,0.99631,163,0.06838,131,-0.2859,125,-0.3595,157,0.00602,238,0.71745
ENSG00000125445,MRPS7,79,0.01312,35,-1.2644,77,-0.0236,141,1.02469,142,1.02867,60,-0.4190,37,-1.1822,55,-0.5656
ENSG00000177885,GRB2,83,-0.6375,36,-1.8948,155,0.37957,141,0.21506,157,0.39889,183,0.66125,88,-0.5426,146,0.28021
ENSG00000177728,TMEM94,84,0.94145,16,-1.7022,94,1.15677,14,-1.9081,46,-0.0912,1,-5.3644,64,0.46912,69,0.59634
ENSG00000161526,SAP30BP,45,0.21208,9,-2.2097,41,0.02891,66,0.84961,33,-0.3056,1,-5.0840,42,0.07935,82,1.27713
ENSG00000132475,H3F3B,230,-0.1978,101,-1.4838,430,0.86799,92,-1.6219,124,-1.1659,305,0.26725,287,0.16545,509,1.18233
ENSG00000132471,WBP2,317,-0.3277,108,-1.9862,572,0.66191,903,1.52360,576,0.67487,35,-3.6268,323,-0.2978,267,-0.5978
ENSG00000204316,MRPL38,56,0.12022,25,-1.1597,63,0.30681,97,1.07702,70,0.49442,5,-3.3620,48,-0.1256,53,0.02255
ENSG00000161533,ACOX1,52,0.26642,33,-0.4751,46,0.08276,76,0.92809,9,-2.4454,6,-3.0090,67,0.71240,65,0.64275
ENSG00000167881,SRP68,29,-1.1540,25,-1.3627,96,0.79447,104,0.93079,77,0.40450,78,0.42751,30,-1.1065,44,-0.4950
ENSG00000182473,EXOC7,48,-0.8309,34,-1.3379,106,0.47308,90,0.19130,146,1.04015,24,-1.8602,97,0.31400,97,0.31289
ENSG00000141576,RNF157,69,-0.2880,40,-1.1380,95,0.23798,56,-0.6076,231,1.90569,47,-0.8870,49,-0.8199,72,-0.2210
ENSG00000185262,UBALD2,32,-0.3281,11,-1.9242,45,0.23059,39,-0.0063,40,0.00635,23,-0.8564,21,-0.9642,104,1.76371
ENSG00000161542,PRPSAP1,34,-0.2595,6,-2.9180,43,0.11161,50,0.35001,84,1.28527,1,-5.1030,25,-0.7604,80,1.19862
ENSG00000175931,UBE2O,24,-1.2428,20,-1.5073,42,-0.3824,75,0.55415,117,1.37964,119,1.41787,21,-1.4894,11,-2.3415
ENSG00000161544,CYGB,272,0.02961,41,-2.8709,65,-2.1789,1443,3.84930,286,0.11291,1,-7.8235,12,-4.5555,20,-3.9091
ENSG00000163597,SNHG16,12,-1.7802,25,-0.6089,44,0.28738,65,0.94848,50,0.49777,27,-0.5266,23,-0.7828,52,0.57132
ENSG00000182534,MXRA7,227,-0.1377,88,-1.6086,218,-0.2040,582,1.54573,313,0.39851,123,-1.1047,213,-0.2419,211,-0.2516
ENSG00000161547,SRSF2,88,-0.3294,26,-2.1917,207,1.13747,109,0.01905,124,0.23582,106,-0.0356,35,-1.7647,169,0.76509
ENSG00000129657,SEC14L1,74,0.58055,31,-0.8440,99,1.10496,31,-0.8473,19,-1.5887,53,0.00680,27,-1.0414,87,0.85988
ENSG00000184640,SEPTIN9,39,-0.5832,21,-1.5526,46,-0.3350,26,-1.2205,74,0.44097,118,1.30398,90,0.80060,38,-0.6286
ENSG00000078687,TNRC6C,51,-0.7155,97,0.33135,36,-1.2470,19,-2.2216,83,0.07971,113,0.58837,127,0.80525,111,0.55397
ENSG00000141524,TMC6,13,-2.5410,44,-0.6814,6,-3.4980,0,-8.3032,11,-2.7686,59,-0.2384,251,2.56848,161,1.54394
ENSG00000108639,SYNGR2,17,-2.0193,10,-2.7400,24,-1.4988,10,-2.7582,9,-2.8244,84,0.50735,145,1.52257,198,2.20238
ENSG00000108669,CYTH1,44,-1.2226,17,-2.6110,61,-0.7071,26,-1.9846,67,-0.5476,259,1.85358,143,0.69267,142,0.68773
ENSG00000035862,TIMP2,156,-1.5276,102,-2.1670,495,0.29883,272,-0.6745,762,1.06527,241,-0.8620,571,0.54323,712,0.93925
ENSG00000108679,LGALS3BP,44,-2.1985,52,-1.9645,42,-2.2569,197,0.10719,93,-1.0746,157,-0.2667,190,0.04898,700,2.65550
ENSG00000171302,CANT1,23,-1.3144,8,-2.8475,59,0.17181,44,-0.3050,74,0.56240,95,1.01345,68,0.41788,53,0.00844
ENSG00000141582,CBX4,14,-1.8745,22,-1.1746,64,0.49967,48,0.01640,61,0.43808,81,0.92004,8,-2.6446,80,0.90811
ENSG00000181045,SLC26A11,53,-0.0912,3,-4.0066,193,2.37326,70,0.35956,89,0.78745,25,-1.2469,0,-7.3218,16,-1.8849
ENSG00000173821,RNF213,40,-0.6336,26,-1.2995,54,-0.1566,52,-0.2390,17,-1.9327,50,-0.2949,147,1.61802,93,0.75317
ENSG00000181409,AATK,75,-1.7975,150,-0.7435,152,-0.7193,114,-1.1719,206,-0.2445,319,0.48696,447,1.09182,449,1.10142
ENSG00000224877,NDUFAF8,83,-0.2793,58,-0.8552,194,1.17994,59,-0.8177,119,0.30045,1,-6.3820,141,0.59343,138,0.55383
ENSG00000157637,SLC38A10,41,-0.1775,21,-1.1877,70,0.72339,53,0.25284,75,0.86299,2,-4.6318,60,0.46946,42,-0.1308
ENSG00000184009,ACTG1,842,-0.8551,439,-1.8495,1574,0.14852,3658,1.70447,1225,-0.2627,859,-0.8246,1223,-0.2658,1693,0.27130
ENSG00000182446,NPLOC4,37,-0.7215,29,-1.0664,78,0.50656,113,1.16987,69,0.29698,4,-3.8771,45,-0.4158,88,0.70419
ENSG00000185359,HGS,81,0.02205,11,-3.0112,66,-0.2944,149,1.09909,129,0.82880,1,-6.0152,83,0.06883,116,0.64257
ENSG00000262814,MRPL12,55,-0.6028,31,-1.4640,174,1.36926,203,1.68231,91,0.20572,1,-6.0954,13,-2.7316,75,-0.1187
ENSG00000225663,MCRIP1,129,-0.0770,81,-0.8140,125,-0.1310,197,0.62870,232,0.92141,31,-2.2846,103,-0.4497,188,0.55163
ENSG00000185624,P4HB,103,-0.1869,36,-1.8080,199,0.94122,146,0.39696,192,0.87770,1,-6.5531,107,-0.1211,138,0.30688
ENSG00000141522,ARHGDIA,165,-0.5203,59,-2.0791,116,-1.0640,600,1.77903,190,-0.2974,144,-0.7291,212,-0.1163,335,0.65713
ENSG00000141552,ANAPC11,69,-0.6358,73,-0.5448,95,-0.1231,136,0.47558,132,0.41810,9,-3.6588,142,0.53984,166,0.82075
ENSG00000185813,PCYT2,84,-0.0446,56,-0.6832,40,-1.2102,147,0.92812,74,-0.2408,111,0.43351,45,-1.0037,130,0.70299
ENSG00000197063,MAFG,76,0.04751,36,-1.1400,77,0.06540,127,0.93509,78,0.08880,68,-0.1348,70,-0.0977,60,-0.3449
ENSG00000169689,CENPX,27,-0.7791,27,-0.7406,70,0.79850,80,1.03160,52,0.27710,4,-3.4069,61,0.53834,30,-0.5903
ENSG00000169750,RAC3,45,0.51739,12,-1.5641,30,-0.1819,80,1.57986,82,1.63324,1,-4.8211,0,-6.6786,16,-1.1739
ENSG00000169738,DCXR,73,-1.4036,108,-0.7932,309,0.95130,172,-0.0577,194,0.13752,98,-0.9494,157,-0.2055,315,0.98615
ENSG00000169727,GPS1,64,-0.5806,37,-1.4196,134,0.63921,136,0.66653,163,0.99034,1,-6.2832,72,-0.3890,128,0.56044
ENSG00000169710,FASN,105,-0.7391,75,-1.2655,185,0.16745,326,1.17421,210,0.38742,77,-1.2080,128,-0.4254,229,0.53205
ENSG00000141551,CSNK1D,62,-0.1406,18,-2.0469,111,0.83681,89,0.45595,98,0.62600,35,-1.0475,72,0.09998,58,-0.2587
ENSG00000141562,NARF,25,-0.7791,17,-1.3613,36,-0.2076,32,-0.4160,55,0.46219,84,1.23142,37,-0.1861,45,0.14605
ENSG00000141580,WDR45B,47,-0.4672,37,-0.8445,23,-1.5971,69,0.14819,60,-0.1033,105,0.86443,59,-0.1309,108,0.91068
ENSG00000141542,RAB40B,40,-1.3158,81,-0.2313,26,-1.9771,27,-1.9194,41,-1.2974,104,0.16870,166,0.98581,265,1.92705
ENSG00000141556,TBCD,33,-0.7918,37,-0.6188,78,0.61357,92,0.91655,91,0.88474,54,-0.0069,22,-1.4068,27,-1.0973
ENSG00000101557,USP14,32,-1.8304,39,-1.5408,77,-0.4793,189,1.04190,199,1.13085,125,0.30521,81,-0.4109,91,-0.2236
ENSG00000101596,SMCHD1,32,-0.8601,30,-1.0032,34,-0.8044,21,-1.4950,28,-1.0606,166,2.02450,66,0.26583,71,0.39793
ENSG00000101577,LPIN2,38,-0.8757,28,-1.3371,144,1.36819,36,-0.9739,109,0.84664,114,0.92753,36,-0.9764,27,-1.4020
ENSG00000118680,MYL12B,99,-0.8153,44,-2.0272,285,0.94590,435,1.77808,144,-0.2190,95,-0.8811,68,-1.3925,150,-0.1579
ENSG00000263753,LINC00667,65,-0.0152,19,-1.8618,48,-0.5018,29,-1.2602,16,-2.1296,230,2.44831,69,0.09077,46,-0.5544
ENSG00000082397,EPB41L3,99,-1.7725,123,-1.4486,226,-0.5045,420,0.51782,527,0.92313,396,0.41621,256,-0.3021,424,0.53753
ENSG00000173482,PTPRM,60,-0.6623,9,-3.4403,102,0.17515,193,1.31948,178,1.16451,89,-0.0516,53,-0.8608,48,-1.0182
ENSG00000178127,NDUFV2,83,-0.6608,63,-1.0823,136,0.12995,244,1.16710,126,0.01329,72,-0.8902,90,-0.5301,189,0.69912
ENSG00000101745,ANKRD12,137,-1.3999,332,-0.0093,105,-1.7974,52,-2.8438,525,0.77574,866,1.74874,409,0.34197,243,-0.5100
ENSG00000017797,RALBP1,94,-0.1543,90,-0.2272,89,-0.2480,106,0.04323,77,-0.4629,144,0.56240,150,0.63544,76,-0.4947
ENSG00000168461,RAB31,145,0.79136,99,0.13202,101,0.17820,74,-0.3300,31,-1.6506,124,0.52617,62,-0.6245,92,0.01663
ENSG00000101558,VAPA,162,-0.6883,83,-1.6991,353,0.59329,293,0.27118,319,0.41683,309,0.36632,154,-0.7637,316,0.40190
ENSG00000154856,APCDD1,61,1.03821,27,-0.3197,74,1.43048,2,-3.9421,0,-6.3182,8,-2.1720,27,-0.3147,66,1.20474
ENSG00000134265,NAPG,60,-0.9208,26,-2.1779,56,-1.0167,126,0.27461,141,0.46496,255,1.56188,55,-1.0558,137,0.41812
ENSG00000141404,GNAL,53,0.14015,39,-0.3611,59,0.32243,47,-0.0385,128,1.78944,53,0.15809,8,-2.7106,0,-7.4779
ENSG00000255112,CHMP1B,55,-0.3523,10,-2.8227,68,0.00304,137,1.21992,140,1.26193,48,-0.5501,74,0.12922,14,-2.4512
ENSG00000141385,AFG3L2,55,0.14081,24,-1.1352,86,0.90652,84,0.87810,98,1.15298,3,-4.0880,29,-0.8615,25,-1.1276
ENSG00000134278,SPIRE1,49,-0.4398,39,-0.8025,105,0.83637,35,-0.9630,89,0.53942,99,0.71774,64,-0.0141,37,-0.8940
ENSG00000128789,PSMG2,11,-1.8550,10,-1.9700,96,1.65422,18,-1.1440,72,1.07669,3,-3.8352,48,0.36482,49,0.40537
ENSG00000168675,LDLRAD4,55,-0.2200,31,-1.0796,46,-0.5012,35,-0.9281,33,-1.0190,9,-2.8221,117,1.09408,174,1.89252
ENSG00000101654,RNMT,127,0.46460,23,-2.1563,141,0.65071,78,-0.3449,189,1.19018,152,0.78804,55,-0.8960,3,-4.8328
ENSG00000067900,ROCK1,40,-0.9535,74,0.03561,25,-1.6344,7,-3.3864,14,-2.4491,192,1.78167,158,1.37826,70,-0.0612
ENSG00000167088,SNRPD1,23,-1.2143,30,-0.8087,80,0.81405,77,0.75013,70,0.57564,28,-0.8698,12,-2.0981,76,0.73227
ENSG00000101752,MIB1,21,-1.8454,38,-0.9575,106,0.70668,16,-2.1985,65,-0.1231,203,1.98769,47,-0.6179,62,-0.1911
ENSG00000101782,RIOK3,25,-1.1495,18,-1.6531,17,-1.7018,66,0.39022,68,0.46557,105,1.24048,17,-1.6921,99,1.11915
ENSG00000141458,NPC1,12,-2.5446,26,-1.4030,3,-4.4603,17,-2.0313,12,-2.5357,120,1.09203,148,1.49926,175,1.84704
ENSG00000141447,OSBPL1A,55,-1.8032,102,-0.8677,48,-1.9991,107,-0.8021,114,-0.6981,441,1.66747,292,0.86694,252,0.60097
ENSG00000154059,IMPACT,27,-1.2831,17,-1.9799,67,0.17313,44,-0.5280,71,0.26318,176,1.98055,23,-1.5207,61,0.01886
ENSG00000171885,AQP4,898,1.68620,262,-0.4919,1352,2.65946,25,-3.9671,63,-2.6416,118,-1.7213,62,-2.6829,67,-2.5551
ENSG00000170558,CDH2,24,-1.0426,27,-0.8626,52,0.18587,73,0.77143,128,1.86106,1,-5.3073,19,-1.4114,48,0.06810
ENSG00000118276,B4GALT6,42,-0.1177,8,-2.6674,79,0.97098,83,1.05220,89,1.18080,47,0.04712,5,-3.3213,9,-2.3630
ENSG00000134769,DTNA,157,-0.0278,93,-0.8693,235,0.65665,86,-0.9820,133,-0.3020,221,0.54361,259,0.82752,96,-0.8195
ENSG00000166974,MAPRE2,145,-1.2770,113,-1.6594,225,-0.5932,256,-0.3893,301,-0.1283,568,0.96192,483,0.66938,516,0.78745
ENSG00000172466,ZNF24,27,-1.8550,26,-1.8974,56,-0.7722,10,-3.2722,25,-1.9529,265,2.00558,217,1.57673,97,0.12021
ENSG00000141429,GALNT1,17,-1.6562,22,-1.2580,70,0.61559,25,-1.0280,77,0.77682,77,0.76549,59,0.31558,44,-0.1761
ENSG00000141425,RPRD1A,88,-0.1609,57,-0.8382,116,0.29068,110,0.20629,160,0.85586,22,-2.2495,110,0.19903,115,0.27030
ENSG00000141424,SLC39A6,26,-1.5074,6,-3.5750,103,0.71741,117,0.94917,135,1.20272,21,-1.8015,60,-0.2005,74,0.14627
ENSG00000134759,ELP2,59,0.02843,0,-6.4805,63,0.14603,61,0.07509,64,0.15527,196,2.33574,4,-3.7469,17,-1.8885
ENSG00000134775,FHOD3,6,-2.6348,13,-1.5960,34,-0.1684,153,2.84974,92,1.61486,1,-4.8727,0,-6.7229,0,-6.3905
ENSG00000134779,TPGS2,91,-0.5922,37,-1.9597,163,0.37082,341,1.74884,212,0.82856,25,-2.5523,55,-1.3673,125,-0.0793
ENSG00000101489,CELF4,427,0.59702,146,-1.1428,354,0.27548,631,1.31639,715,1.56929,82,-2.0148,20,-4.0852,27,-3.6183
ENSG00000078142,PIK3C3,56,0.10528,11,-2.3792,59,0.18777,37,-0.5835,72,0.52756,80,0.69676,46,-0.2042,61,0.23574
ENSG00000132872,SYT4,209,-0.3420,46,-2.6420,340,0.46144,653,1.69245,598,1.51127,155,-0.8109,40,-2.8443,24,-3.5669
ENSG00000141469,SLC14A1,89,0.91082,30,-0.8603,226,3.02655,10,-2.5512,11,-2.3651,38,-0.5221,8,-2.7200,6,-3.2349
ENSG00000152234,ATP5F1A,384,-0.1820,85,-2.4803,768,1.01239,867,1.24080,849,1.20160,109,-2.1192,173,-1.4232,197,-1.2308
ENSG00000078043,PIAS2,55,-0.1342,16,-1.9735,70,0.26435,16,-1.9633,95,0.81276,108,1.04395,68,0.21734,46,-0.4052
ENSG00000167220,HDHD2,62,-0.3071,29,-1.4426,80,0.10898,135,1.02760,94,0.38206,14,-2.4872,104,0.56115,78,0.08553
ENSG00000175387,SMAD2,25,-1.4827,54,-0.3039,86,0.47712,62,-0.0779,80,0.34698,17,-2.0074,87,0.48754,108,0.87521
ENSG00000134030,CTIF,70,-0.3366,26,-1.8835,143,0.85387,175,1.22855,169,1.16464,36,-1.3625,60,-0.5858,16,-2.6027
ENSG00000141627,DYM,14,-2.0188,29,-0.9417,38,-0.5558,105,1.17817,69,0.43122,85,0.80700,36,-0.6325,50,-0.0945
ENSG00000177576,C18orf32,142,-0.8631,110,-1.2569,350,0.61570,264,0.13095,157,-0.6983,339,0.56016,202,-0.3053,385,0.78368
ENSG00000265681,RPL17,463,-0.8224,552,-0.5454,1350,0.96486,467,-0.8075,656,-0.2694,553,-0.5417,888,0.22872,1262,0.84209
ENSG00000082212,ME2,31,-0.6976,14,-1.8552,54,0.17525,97,1.20811,67,0.53743,55,0.20845,38,-0.4146,32,-0.6432
ENSG00000196628,TCF4,72,-0.9588,119,-0.1698,59,-1.2710,29,-2.2966,107,-0.3389,232,0.98237,247,1.09521,189,0.61263
ENSG00000091164,TXNL1,66,-0.9335,31,-2.0769,125,0.08895,248,1.29688,157,0.46371,172,0.62874,54,-1.2483,99,-0.3038
ENSG00000091157,WDR7,49,-1.3614,54,-1.2283,87,-0.4872,229,1.17036,159,0.51082,215,1.05552,54,-1.2046,91,-0.4008
ENSG00000177511,ST8SIA3,62,0.10913,6,-3.3539,127,1.38935,93,0.79602,104,1.00435,16,-1.9516,40,-0.5840,17,-1.9241
ENSG00000134440,NARS,77,-0.9072,71,-1.0313,162,0.28192,190,0.54548,287,1.30852,155,0.19756,40,-1.9141,115,-0.2881
ENSG00000049759,NEDD4L,55,0.42416,21,-1.0753,90,1.33664,59,0.56297,110,1.73100,1,-5.1722,3,-3.8631,0,-7.2994
ENSG00000074657,ZNF532,31,-0.8152,40,-0.4555,58,0.15355,1,-5.3928,26,-1.0775,106,1.23270,81,0.72118,78,0.66529
ENSG00000166562,SEC11C,76,-1.7571,107,-1.2444,306,0.43423,311,0.46102,199,-0.2804,224,-0.0888,123,-1.0318,545,1.49800
ENSG00000074695,LMAN1,28,-1.0268,21,-1.4267,31,-0.8506,33,-0.7583,35,-0.7044,125,1.49607,74,0.52212,84,0.75898
ENSG00000176641,RNF152,28,-1.0305,16,-1.9032,73,0.49667,60,0.15563,74,0.50190,121,1.41095,31,-0.8713,33,-0.7796
ENSG00000134444,RELCH,13,-1.9495,16,-1.6639,49,0.06019,94,1.22113,100,1.34551,58,0.35604,16,-1.6092,28,-0.7949
ENSG00000081913,PHLPP1,26,-1.2225,36,-0.7703,58,-0.0034,7,-3.1521,24,-1.3940,46,-0.3740,190,2.26766,77,0.47928
ENSG00000119537,KDSR,57,-0.9815,81,-0.4426,90,-0.2696,66,-0.7502,78,-0.4877,134,0.38750,177,0.88168,166,0.76100
ENSG00000119541,VPS4B,20,-2.4601,22,-2.3343,94,-0.1292,176,0.94359,134,0.46003,185,1.03766,55,-0.9752,128,0.38633
ENSG00000171451,DSEL,58,-0.3393,19,-2.0607,16,-2.3079,0,-8.4040,6,-3.7509,246,2.37929,132,1.05028,99,0.53817
ENSG00000166479,TMX3,28,-0.6726,17,-1.3691,54,0.40882,92,1.36864,63,0.68040,21,-1.0623,20,-1.1657,43,0.01649
ENSG00000206052,DOK6,32,-0.8196,104,1.14186,40,-0.4791,72,0.46815,134,1.64241,12,-2.3019,20,-1.5170,18,-1.6567
ENSG00000133313,CNDP2,62,-0.9446,64,-0.8979,112,-0.0035,88,-0.3816,111,-0.0105,92,-0.3189,143,0.40925,224,1.22033
ENSG00000150656,CNDP1,18,-3.2523,64,-1.3597,0,-8.0018,1,-6.5871,28,-2.5713,479,2.16227,350,1.48214,285,1.07792
ENSG00000197971,MBP,2207,-3.0462,20376,0.38139,2083,-3.1311,845,-4.4463,2724,-2.7368,25904,0.80242,45140,1.89877,30594,1.10905
ENSG00000122490,SLC66A2,36,-0.3993,19,-1.3223,93,1.25391,76,0.87826,77,0.90452,61,0.49702,2,-4.4469,0,-7.3989
ENSG00000141759,TXNL4A,99,-0.4639,107,-0.3446,147,0.17136,258,1.16904,157,0.28493,15,-3.2544,126,-0.0792,149,0.20282
ENSG00000141934,PLPP2,4,-3.4387,18,-1.3384,8,-2.5105,5,-3.0401,0,-6.9991,1,-5.0159,180,2.96344,122,1.97393
ENSG00000129946,SHC2,58,-0.1823,22,-1.6842,151,1.49852,82,0.37937,93,0.59849,16,-2.1266,71,0.13481,29,-1.2610
ENSG00000099804,CDC34,26,-1.1790,23,-1.3891,39,-0.5783,133,1.55386,115,1.26543,1,-5.4497,35,-0.7274,75,0.49713
ENSG00000172270,BSG,407,0.36877,158,-1.1434,595,1.04339,303,-0.1209,449,0.53782,93,-1.9527,171,-1.0266,437,0.48942
ENSG00000099822,HCN2,87,-1.4182,92,-1.3402,67,-1.8098,166,-0.4231,232,0.12148,103,-1.1750,335,0.74826,645,2.05734
ENSG00000099864,PALM,80,-0.5472,47,-1.3645,201,1.01509,103,-0.1459,74,-0.6633,122,0.14152,170,0.70858,100,-0.1816
ENSG00000175221,MED16,47,0.57047,22,-0.6830,84,1.65365,34,0.02526,29,-0.2538,1,-4.8341,7,-2.3841,45,0.49561
ENSG00000182087,TMEM259,106,-0.1405,11,-3.4571,109,-0.0894,171,0.66926,204,0.98170,123,0.09548,56,-1.1502,144,0.37173
ENSG00000099817,POLR2E,97,-0.5834,22,-2.8200,171,0.34225,291,1.30616,264,1.11401,90,-0.6902,86,-0.7623,93,-0.6478
ENSG00000167468,GPX4,406,-0.4185,228,-1.3164,987,1.10077,1024,1.17151,521,-0.0142,110,-2.4053,324,-0.7728,605,0.23436
ENSG00000118046,STK11,47,-0.0750,23,-1.1584,112,1.48378,60,0.34347,125,1.69808,1,-5.3773,9,-2.5866,15,-1.8495
ENSG00000099624,ATP5F1D,192,-0.4379,118,-1.1946,417,0.87036,454,1.02668,420,0.88703,137,-0.9608,118,-1.1911,155,-0.7740
ENSG00000167470,MIDN,46,0.56938,23,-0.5796,65,1.20490,32,-0.0430,45,0.52874,2,-3.8337,6,-2.4426,42,0.43573
ENSG00000099622,CIRBP,183,-0.6435,115,-1.3652,564,1.28090,171,-0.7483,264,-0.0535,252,-0.1352,267,-0.0398,371,0.51477
ENSG00000160953,PWWP3A,75,0.00714,60,-0.3338,108,0.62592,82,0.16165,89,0.29434,86,0.23505,19,-2.0741,76,0.04453
ENSG00000115286,NDUFS7,111,-0.9273,146,-0.5079,245,0.34306,240,0.30710,158,-0.3769,131,-0.6718,249,0.37079,316,0.78847
ENSG00000130005,GAMT,44,-0.9874,50,-0.8034,81,-0.0335,119,0.61260,106,0.40583,17,-2.3821,114,0.53637,131,0.78858
ENSG00000115268,RPS15,491,-0.7030,557,-0.5057,1089,0.60729,367,-1.1548,369,-1.1492,551,-0.5217,1079,0.59065,1590,1.30456
ENSG00000115266,APC2,80,-0.4094,43,-1.3896,180,0.95138,130,0.37978,175,0.90626,5,-4.3553,90,-0.2338,126,0.32217
ENSG00000119559,C19orf25,18,-1.0034,22,-0.7313,39,0.18414,65,1.09236,27,-0.4009,1,-4.8815,6,-2.4827,99,1.93798
ENSG00000071655,MBD3,41,-0.1238,68,0.74104,30,-0.5968,43,-0.0548,61,0.53946,1,-5.2319,37,-0.2971,72,0.84548
ENSG00000127540,UQCR11,237,-0.9631,270,-0.7594,613,0.58488,603,0.55763,251,-0.8735,205,-1.1866,502,0.24173,791,1.04625
ENSG00000129968,ABHD17A,43,-2.0631,75,-1.2281,75,-1.2354,66,-1.4122,92,-0.9194,113,-0.5887,293,1.00862,552,2.34816
ENSG00000227500,SCAMP4,44,-0.2449,13,-2.0262,52,0.05017,22,-1.3151,19,-1.5275,56,0.16430,47,-0.1108,153,2.06020
ENSG00000133275,CSNK1G2,39,-0.0202,21,-1.0120,64,0.82955,73,1.06854,65,0.85969,1,-5.0668,28,-0.5136,24,-0.7904
ENSG00000133243,BTBD2,103,0.49462,35,-1.2335,75,-0.0353,137,1.00216,159,1.28464,1,-6.0235,31,-1.4228,73,-0.0754
ENSG00000065000,AP3D1,137,0.25469,52,-1.2718,85,-0.5161,264,1.44128,226,1.13864,24,-2.4256,28,-2.2113,125,0.10393
ENSG00000104886,PLEKHJ1,34,-0.9220,3,-4.4865,112,1.04604,127,1.27372,128,1.28660,1,-5.7069,22,-1.5587,65,0.08545
ENSG00000104904,OAZ1,361,-0.5879,182,-1.6430,841,0.82620,1330,1.71717,665,0.41454,203,-1.4745,264,-1.0772,314,-0.8063
ENSG00000130332,LSM7,56,-0.7299,29,-1.7122,107,0.32632,166,1.10943,69,-0.3886,7,-3.7924,83,-0.0858,186,1.32954
ENSG00000005206,SPPL2B,70,0.95237,9,-2.2142,25,-0.7750,24,-0.8215,39,-0.0294,19,-1.1510,71,0.98540,64,0.78951
ENSG00000099800,TIMM13,87,-0.2417,48,-1.1566,134,0.47943,157,0.76050,116,0.23373,46,-1.2448,100,-0.0135,118,0.26364
ENSG00000176533,GNG7,70,-1.6835,65,-1.7972,12,-4.2500,29,-2.9650,25,-3.2121,319,0.74843,423,1.27636,703,2.38138
ENSG00000176490,DIRAS1,56,-0.2708,9,-3.0219,75,0.22557,81,0.34641,287,3.05840,1,-5.8007,1,-5.4141,16,-2.1722
ENSG00000141873,SLC39A3,15,-1.4134,17,-1.1701,76,1.24722,43,0.23739,56,0.69805,1,-4.9828,21,-0.8717,68,1.03927
ENSG00000104969,SGTA,76,-0.2818,32,-1.6061,79,-0.2222,39,-1.3046,117,0.43001,17,-2.5581,133,0.65386,230,1.70433
ENSG00000172009,THOP1,36,-0.5887,7,-2.9398,122,1.50880,58,0.15842,110,1.29947,1,-5.4802,15,-1.9401,71,0.51155
ENSG00000104964,TLE5,365,-0.1250,212,-0.9861,559,0.59269,567,0.61846,696,0.98586,197,-1.1013,161,-1.4045,396,0.00827
ENSG00000088256,GNA11,65,0.16824,52,-0.1903,80,0.52405,17,-1.8906,71,0.33283,1,-5.6339,89,0.71291,93,0.78746
ENSG00000125912,NCLN,43,0.11346,11,-1.9754,46,0.20576,59,0.64185,62,0.71097,1,-5.1062,52,0.43082,49,0.32992
ENSG00000161082,CELF5,114,0.88747,20,-1.8847,107,0.76770,90,0.46889,191,1.90382,1,-5.8555,22,-1.7182,0,-7.9501
ENSG00000141905,NFIC,100,-0.7152,113,-0.5205,58,-1.5290,24,-2.8459,105,-0.6364,277,0.99711,326,1.30785,244,0.76573
ENSG00000129932,DOHH,32,-1.2292,17,-2.1719,40,-0.8713,48,-0.5889,67,-0.0460,33,-1.1588,181,1.75588,137,1.18782
ENSG00000105325,FZR1,34,-0.6963,9,-2.6524,97,1.08013,76,0.64448,125,1.58344,1,-5.2951,26,-1.0972,48,-0.1190
ENSG00000161091,MFSD12,33,-1.1476,17,-2.1263,34,-1.1026,71,0.04345,79,0.20237,146,1.30568,50,-0.5225,125,1.01840
ENSG00000186111,PIP5K1C,63,0.60299,36,-0.3030,46,0.07215,57,0.43113,110,1.65521,1,-4.6893,21,-1.1359,17,-1.4717
ENSG00000183617,MRPL54,56,0.44447,39,-0.1649,51,0.28052,31,-0.5122,51,0.28111,1,-5.1977,27,-0.7557,89,1.26453
ENSG00000167654,ATCAY,125,0.11549,36,-1.7949,126,0.12497,119,0.03911,369,2.19088,95,-0.3246,32,-1.9725,29,-2.1411
ENSG00000167658,EEF2,361,-0.2886,298,-0.5934,542,0.38259,468,0.13652,487,0.20314,262,-0.7958,565,0.45352,466,0.13004
ENSG00000178951,ZBTB7A,180,0.16013,211,0.42204,62,-1.5098,23,-2.9983,437,1.80689,86,-1.0133,143,-0.2151,167,0.03176
ENSG00000126934,MAP2K2,74,-1.0912,58,-1.4730,236,0.80258,263,0.99615,291,1.18852,7,-4.4926,97,-0.6833,158,0.10727
ENSG00000105255,FSD1,28,-1.2417,16,-2.1118,106,0.88830,156,1.64165,101,0.80201,43,-0.6179,15,-2.1875,39,-0.7435
ENSG00000167671,UBXN6,81,-0.4285,43,-1.3899,104,-0.0174,218,1.28522,202,1.14614,7,-4.0492,129,0.33743,58,-0.9528
ENSG00000167680,SEMA6B,22,-1.1006,24,-0.9393,106,1.58049,27,-0.7812,160,2.53213,1,-5.2230,10,-2.2211,2,-4.5335
ENSG00000074842,MYDGF,34,-0.7400,20,-1.5444,42,-0.4119,114,1.31456,101,1.08674,26,-1.1256,29,-1.0007,67,0.35535
ENSG00000105355,PLIN3,7,-3.1535,27,-1.2450,0,-7.5363,3,-4.1949,4,-3.9546,28,-1.2044,289,3.36775,124,1.26394
ENSG00000130254,SAFB2,50,0.04346,57,0.26723,69,0.57937,20,-1.3409,45,-0.1241,20,-1.3539,109,1.43563,18,-1.4983
ENSG00000160633,SAFB,50,-0.5323,13,-2.5179,93,0.48021,50,-0.5416,108,0.72796,67,-0.0681,85,0.32638,94,0.48951
ENSG00000130255,RPL36,502,-0.4987,543,-0.3752,1313,1.14462,270,-1.4590,332,-1.1435,520,-0.4416,810,0.28341,1179,0.94347
ENSG00000174917,MICOS13,89,-1.0511,83,-1.1611,233,0.49207,322,1.07502,167,-0.0681,60,-1.6486,123,-0.5495,312,1.01794
ENSG00000167733,HSD11B1L,37,-0.1811,23,-0.9513,68,0.84447,77,1.08094,95,1.47203,1,-5.1424,1,-4.8557,30,-0.5248
ENSG00000196365,LONP1,58,-0.0533,33,-0.9579,105,0.97247,86,0.62151,116,1.16312,21,-1.6472,32,-0.9617,27,-1.2401
ENSG00000174886,NDUFA11,171,-0.8011,128,-1.2467,349,0.35437,531,1.10167,281,-0.0071,91,-1.7650,219,-0.4114,490,0.95250
ENSG00000031823,RANBP3,17,-1.2504,12,-1.7308,31,-0.3007,52,0.55840,73,1.16909,18,-1.1128,25,-0.6296,71,1.10241
ENSG00000130382,MLLT1,77,0.72820,36,-0.5393,58,0.25875,39,-0.3914,107,1.35092,2,-4.3737,37,-0.4602,43,-0.2542
ENSG00000125656,CLPP,30,-0.6308,21,-1.1612,101,1.42592,82,1.03137,55,0.33758,1,-5.2618,2,-4.5331,69,0.70943
ENSG00000125652,ALKBH7,73,-0.5309,43,-1.3397,141,0.54947,112,0.16300,92,-0.1636,98,-0.0573,102,0.00644,152,0.68205
ENSG00000125651,GTF2F1,23,-1.0340,38,-0.2337,70,0.79673,75,0.92345,30,-0.6052,57,0.43910,0,-5.8119,58,0.45557
ENSG00000088247,KHSRP,31,-0.5387,47,0.09989,43,-0.0422,22,-1.0686,69,0.76637,3,-3.7071,71,0.80283,66,0.68031
ENSG00000125648,SLC25A23,101,-0.0939,66,-0.7509,164,0.74068,59,-0.9420,154,0.62049,182,0.92607,48,-1.2627,78,-0.4952
ENSG00000104833,TUBB4A,207,-1.4200,102,-2.4735,334,-0.6786,487,-0.0775,644,0.39129,481,-0.0965,883,0.95052,943,1.07271
ENSG00000171105,INSR,34,-1.3912,89,0.09330,72,-0.2541,9,-3.3184,70,-0.2907,215,1.71380,87,0.06594,95,0.20367
ENSG00000198816,ZNF358,66,-0.2003,36,-1.1581,99,0.46058,69,-0.1276,95,0.39508,76,0.01493,128,0.91956,31,-1.3721
ENSG00000032444,PNPLA6,74,-0.0786,33,-1.3399,87,0.19458,143,1.07761,129,0.87604,26,-1.6738,17,-2.3162,109,0.58805
ENSG00000229833,PET100,71,-1.0601,54,-1.4725,188,0.49910,186,0.48154,144,0.04699,166,0.28662,91,-0.6873,217,0.75410
ENSG00000181029,TRAPPC5,118,-0.3259,74,-1.0458,179,0.36036,305,1.32634,171,0.28517,48,-1.7163,86,-0.8197,172,0.29857
ENSG00000142459,EVI5L,35,-0.7935,33,-0.8854,58,-0.0023,109,1.09167,101,0.94719,4,-3.8692,57,-0.0432,68,0.26437
ENSG00000183248,PRR36,45,0.56932,14,-1.3017,37,0.23299,69,1.37399,88,1.87361,1,-4.7607,0,-6.6152,1,-4.5559
ENSG00000178531,CTXN1,42,-1.1458,39,-1.2636,199,1.47763,299,2.38501,86,-0.0292,2,-5.5999,25,-1.8956,5,-4.0508
ENSG00000066044,ELAVL1,41,-0.1063,27,-0.7852,88,1.20716,20,-1.2006,70,0.78606,72,0.82729,16,-1.5360,18,-1.3538
ENSG00000090661,CERS4,16,-1.2503,16,-1.2416,25,-0.6117,34,-0.1161,61,0.89185,1,-4.9592,55,0.70733,83,1.45327
ENSG00000167775,CD320,56,-0.1935,10,-2.7451,81,0.41618,144,1.45974,117,1.06157,1,-5.6211,16,-2.1144,82,0.42971
ENSG00000267855,NDUFA7,63,-0.4736,48,-0.8843,186,1.41042,128,0.71396,108,0.42190,20,-2.2218,28,-1.7103,93,0.15997
ENSG00000233927,RPS28,577,-0.8041,809,-0.2681,1755,1.06303,535,-0.9215,636,-0.6522,884,-0.1244,1035,0.13530,1401,0.65387
ENSG00000185236,RAB11B,71,-1.1794,78,-1.0238,197,0.46991,138,-0.1290,158,0.09343,138,-0.1286,161,0.12836,253,0.90819
ENSG00000099785,MARCH2,22,-1.0938,30,-0.6048,86,1.18790,40,-0.1154,69,0.79003,1,-5.2062,31,-0.5209,69,0.77891
ENSG00000099783,HNRNPM,82,-0.1443,59,-0.6713,89,-0.0051,70,-0.3916,114,0.40070,76,-0.2719,105,0.26839,121,0.51095
ENSG00000198258,UBL5,167,-0.7859,124,-1.2501,566,1.28687,418,0.72383,141,-1.0521,92,-1.7037,234,-0.2520,446,0.84216
ENSG00000127445,PIN1,177,-0.6238,86,-1.7230,374,0.60799,627,1.58238,387,0.66803,121,-1.2103,143,-0.9584,175,-0.6465
ENSG00000105088,OLFM2,70,0.53936,30,-0.8161,79,0.76044,154,2.07224,62,0.32103,3,-3.9290,0,-7.2827,8,-2.7191
ENSG00000130811,EIF3G,83,0.08027,46,-0.8605,42,-0.9934,95,0.29540,57,-0.5433,132,0.86848,86,0.12253,95,0.29352
ENSG00000130816,DNMT1,24,-0.7987,51,0.38389,71,0.96605,5,-3.0432,53,0.44590,41,0.01142,55,0.52045,23,-0.8604
ENSG00000105364,MRPL4,32,-1.0868,18,-1.9271,91,0.58307,113,0.97870,93,0.63086,80,0.36975,12,-2.5100,74,0.22859
ENSG00000267673,FDX2,22,-1.4204,30,-0.9685,102,1.04536,114,1.26336,119,1.33905,1,-5.5628,23,-1.3449,34,-0.7860
ENSG00000105401,CDC37,90,0.02488,29,-1.7277,79,-0.1915,237,1.80056,176,1.19802,1,-6.2352,27,-1.8187,71,-0.3526
ENSG00000065989,PDE4A,27,-0.9923,21,-1.3875,149,2.02210,10,-2.4074,166,2.26699,10,-2.4875,1,-5.0719,20,-1.4014
ENSG00000079999,KEAP1,38,-0.7977,28,-1.2636,81,0.41399,57,-0.1684,53,-0.2833,75,0.26879,98,0.73353,77,0.32058
ENSG00000129355,CDKN2D,84,-0.4258,37,-1.6806,125,0.22189,339,2.14152,180,0.85938,59,-0.9759,15,-2.9476,35,-1.7756
ENSG00000129353,SLC44A2,71,-0.6529,66,-0.7583,101,-0.0840,66,-0.7628,42,-1.4697,7,-4.0606,242,1.47129,257,1.59292
ENSG00000267100,ILF3-DT,50,0.65611,18,-0.9809,25,-0.4577,19,-0.8674,51,0.70597,40,0.29824,46,0.52476,19,-0.8588
ENSG00000129351,ILF3,87,-0.0661,60,-0.6650,138,0.71216,84,-0.1279,116,0.40631,88,-0.0501,72,-0.3860,82,-0.1647
ENSG00000079805,DNM2,47,-1.1360,41,-1.3301,22,-2.2725,25,-2.0694,26,-2.0164,122,0.40854,165,0.94186,319,2.31046
ENSG00000142453,CARM1,14,-1.7076,10,-2.1866,90,1.31548,64,0.67942,115,1.80367,1,-5.0196,9,-2.4116,40,-0.1241
ENSG00000127616,SMARCA4,78,-0.2724,105,0.20662,58,-0.7556,67,-0.5085,166,1.01617,82,-0.1928,101,0.14444,83,-0.1823
ENSG00000105518,TMEM205,78,-0.2673,30,-1.7265,145,0.78096,115,0.38441,101,0.15603,68,-0.4852,15,-2.7618,182,1.20474
ENSG00000105520,PLPPR2,82,-0.1354,13,-2.9386,194,1.37855,121,0.51382,108,0.31135,122,0.51653,23,-2.1001,53,-0.8409
ENSG00000130175,PRKCSH,96,-0.6337,76,-0.9977,60,-1.3416,54,-1.5024,158,0.17610,132,-0.1181,189,0.47540,372,1.76327
ENSG00000196361,ELAVL3,250,-1.0018,356,-0.4451,124,-2.0543,223,-1.1773,629,0.49456,679,0.62811,812,0.95031,680,0.62995
ENSG00000130159,ECSIT,26,-0.8636,40,-0.2084,57,0.38644,71,0.77399,105,1.49916,38,-0.2839,18,-1.3973,7,-2.8541
ENSG00000105583,WDR83OS,77,-0.7859,50,-1.4351,220,0.97327,156,0.36743,63,-1.0795,54,-1.3296,186,0.66791,197,0.77628
ENSG00000095059,DHPS,20,-1.5480,17,-1.7494,64,0.27410,88,0.83217,50,-0.1306,59,0.13993,68,0.37163,68,0.36261
ENSG00000105576,TNPO2,102,0.29417,43,-1.0867,40,-1.1741,192,1.45262,148,0.94886,1,-5.9843,85,-0.0055,71,-0.2950
ENSG00000123144,TRIR,93,-0.6931,77,-0.9868,205,0.60731,97,-0.6189,151,0.08946,240,0.89055,151,0.09008,131,-0.1448
ENSG00000198356,GET3,66,0.21936,16,-1.9595,73,0.40145,73,0.38559,88,0.72581,27,-1.2090,63,0.13756,56,-0.0556
ENSG00000167815,PRDX2,300,-0.6655,168,-1.5601,801,0.98383,1212,1.80611,847,1.08702,37,-3.7885,124,-2.0088,147,-1.7625
ENSG00000105613,MAST1,54,-0.2449,31,-1.1108,119,1.10393,139,1.40445,144,1.48120,1,-5.7391,5,-3.5935,10,-2.6956
ENSG00000179115,FARSA,45,-0.5651,23,-1.5386,130,1.25613,108,0.91484,112,0.97669,4,-3.8806,72,0.20146,14,-2.2922
ENSG00000179218,CALR,209,-0.2411,98,-1.4183,214,-0.2028,221,-0.1513,416,0.93611,175,-0.5282,269,0.17215,337,0.55634
ENSG00000179262,RAD23A,85,-0.3833,50,-1.2244,239,1.40896,132,0.33276,128,0.27833,30,-1.9766,93,-0.2399,109,0.00729
ENSG00000179271,GADD45GIP1,112,-0.2452,53,-1.4082,227,0.95559,194,0.66973,136,0.07213,138,0.08517,73,-0.9272,112,-0.2507
ENSG00000008441,NFIX,68,-0.5087,97,0.07674,44,-1.1623,7,-3.9098,13,-3.0064,115,0.36555,245,1.78203,153,0.86132
ENSG00000160877,NACC1,52,0.88603,39,0.36252,15,-1.0965,42,0.51908,28,-0.1744,1,-4.7229,37,0.28970,34,0.15216
ENSG00000141837,CACNA1A,45,-0.5264,32,-1.0421,102,0.83251,25,-1.4188,233,2.58931,26,-1.3727,19,-1.8534,19,-1.8242
ENSG00000104979,C19orf53,68,-0.7457,26,-2.1759,159,0.63446,118,0.12369,76,-0.5875,164,0.69459,97,-0.1837,165,0.69971
ENSG00000141858,SAMD1,34,-0.3891,23,-0.9554,79,1.04425,32,-0.4888,49,0.20204,4,-3.4567,43,-0.0109,81,1.10385
ENSG00000072062,PRKACA,83,-0.7543,37,-1.9653,224,0.90138,199,0.68724,338,1.70093,69,-1.0330,42,-1.7898,71,-0.9943
ENSG00000072071,ADGRL1,157,0.30353,59,-1.2457,105,-0.3571,104,-0.3756,430,2.27735,10,-3.8516,116,-0.1979,67,-1.0618
ENSG00000123143,PKN1,62,0.14974,31,-0.9564,67,0.29780,104,1.06862,20,-1.5597,44,-0.4095,62,0.14759,61,0.12452
ENSG00000123159,GIPC1,51,-0.7750,19,-2.2875,44,-1.0123,80,-0.0722,109,0.44922,49,-0.8482,170,1.25108,146,0.96697
ENSG00000132002,DNAJB1,78,-0.2617,51,-0.9386,85,-0.1344,194,1.31632,154,0.88288,66,-0.5318,74,-0.3478,35,-1.5262
ENSG00000099797,TECR,120,-0.9782,117,-1.0198,161,-0.5267,134,-0.8171,277,0.36040,130,-0.8650,286,0.41951,560,1.67481
ENSG00000099795,NDUFB7,207,-0.4472,98,-1.5982,280,0.03838,306,0.18794,285,0.06992,368,0.49871,211,-0.4218,432,0.78465
ENSG00000105135,ILVBL,33,-0.6930,18,-1.6092,88,0.96497,33,-0.6834,102,1.24186,25,-1.1035,43,-0.2359,61,0.31931
ENSG00000141867,BRD4,127,0.55059,110,0.30641,66,-0.5376,48,-1.0136,119,0.43878,103,0.18866,114,0.36524,46,-1.0752
ENSG00000011243,AKAP8L,43,-0.5169,38,-0.7401,100,0.88092,86,0.60250,52,-0.2427,18,-1.8836,90,0.68593,54,-0.1791
ENSG00000167460,TPM4,27,-2.3904,58,-1.2513,42,-1.7301,37,-1.9036,30,-2.2038,271,1.33346,179,0.57323,377,2.03165
ENSG00000105058,FAM32A,61,-0.0382,23,-1.5440,47,-0.4402,76,0.32987,111,0.99007,122,1.16405,15,-2.1759,45,-0.5391
ENSG00000072958,AP1M1,68,-0.6493,38,-1.5428,108,0.09371,259,1.70490,216,1.33412,1,-6.4315,57,-0.9071,67,-0.6675
ENSG00000127526,SLC35E1,26,-0.8147,14,-1.7581,40,-0.1401,16,-1.5412,87,1.22355,98,1.46646,30,-0.5705,35,-0.3327
ENSG00000214046,SMIM7,27,-1.2989,36,-0.8959,59,-0.1101,33,-1.0221,25,-1.4441,120,1.11419,89,0.56874,117,1.06652
ENSG00000072954,TMEM38A,73,0.99131,26,-0.7384,28,-0.5781,35,-0.2290,152,2.58345,1,-5.1204,12,-1.8681,0,-7.2415
ENSG00000127511,SIN3B,68,-0.1474,16,-2.3213,72,-0.0581,201,1.82886,143,1.14807,5,-3.9272,6,-3.6847,83,0.18722
ENSG00000099331,MYO9B,10,-2.7561,39,-0.7399,42,-0.6344,2,-4.7162,8,-3.1394,39,-0.7538,163,1.75526,196,2.17055
ENSG00000105393,BABAM1,78,-0.2667,20,-2.2812,100,0.15265,222,1.60625,159,0.95559,1,-6.0894,94,0.04315,57,-0.7596
ENSG00000127220,ABHD8,46,-0.0407,11,-2.2052,89,1.10935,108,1.48028,93,1.19465,1,-5.3258,27,-0.8594,1,-4.9906
ENSG00000130312,MRPL34,58,-0.0279,18,-1.7778,93,0.79532,80,0.51323,64,0.14568,51,-0.2326,30,-1.0682,75,0.41959
ENSG00000130311,DDA1,46,-0.8514,39,-1.1116,79,-0.0093,193,1.60891,134,0.90606,42,-0.9882,28,-1.6226,72,-0.1487
ENSG00000130304,SLC27A1,52,-0.0956,38,-0.5731,101,1.05224,26,-1.1804,45,-0.3128,42,-0.4348,87,0.78715,48,-0.2069
ENSG00000130477,UNC13A,46,0.23144,5,-2.9965,42,0.05160,119,2.01577,103,1.70570,1,-5.1024,0,-6.9483,6,-2.7715
ENSG00000130479,MAP1S,23,-0.8447,21,-1.0088,61,0.72342,59,0.67848,45,0.22069,38,-0.0570,4,-3.2874,65,0.85392
ENSG00000105640,RPL18A,325,-0.2771,286,-0.4797,393,0.03228,247,-0.7153,268,-0.5840,336,-0.2260,418,0.13644,810,1.31730
ENSG00000007080,CCDC124,27,-1.3038,40,-0.6755,86,0.56723,96,0.76349,98,0.81101,15,-2.1231,46,-0.4755,82,0.49927
ENSG00000099308,MAST3,46,-1.0704,28,-1.8188,112,0.35944,145,0.81105,73,-0.3342,111,0.33648,140,0.74682,68,-0.4592
ENSG00000105649,RAB3A,178,-0.2940,36,-2.7187,313,0.64517,535,1.66644,562,1.77406,27,-3.1471,20,-3.5811,40,-2.5444
ENSG00000130522,JUND,259,-0.3283,170,-0.9894,484,0.72011,275,-0.2338,376,0.28456,180,-0.8994,395,0.36824,398,0.38111
ENSG00000130520,LSM4,96,-0.5493,63,-1.1986,196,0.63273,338,1.67576,198,0.65495,36,-2.0444,17,-3.1388,134,-0.0041
ENSG00000105701,FKBP8,131,-0.7254,86,-1.3704,476,1.50762,208,0.01496,328,0.79821,86,-1.3686,102,-1.1058,230,0.18190
ENSG00000105700,KXD1,41,-0.5633,16,-2.0338,71,0.31250,90,0.71227,35,-0.8268,33,-0.8981,58,-0.0187,127,1.36129
ENSG00000221983,UBA52,370,-0.5974,469,-0.2170,605,0.20323,653,0.33223,385,-0.5308,419,-0.3988,432,-0.3477,951,0.99751
ENSG00000006015,REX1BD,34,-1.5787,48,-1.0463,192,1.25127,121,0.42704,101,0.11629,60,-0.7066,60,-0.7150,136,0.62103
ENSG00000105696,TMEM59L,286,-0.1338,57,-2.5850,690,1.43209,470,0.71067,882,1.94927,1,-8.0235,48,-2.8339,44,-2.9550
ENSG00000105662,CRTC1,68,1.59525,17,-0.7395,37,0.44975,21,-0.4156,70,1.66670,1,-4.5763,2,-3.5539,6,-2.2233
ENSG00000005007,UPF1,35,-0.0694,14,-1.4776,14,-1.5074,67,1.04854,52,0.58383,1,-4.9695,52,0.57386,59,0.80001
ENSG00000223802,CERS1,56,-0.0968,30,-1.0843,58,-0.0398,72,0.33242,75,0.39449,1,-5.2097,74,0.37308,107,1.03550
ENSG00000105669,COPE,77,-0.9677,27,-2.5273,279,1.19838,179,0.40463,119,-0.2779,129,-0.1403,140,-0.0073,177,0.38516
ENSG00000064607,SUGP2,61,-0.4854,14,-2.7345,130,0.77064,88,0.09299,194,1.52194,65,-0.4017,61,-0.4978,52,-0.7587
ENSG00000254901,BORCS8,48,-0.2116,6,-3.2511,83,0.70219,139,1.67132,83,0.69737,18,-1.7350,26,-1.2003,38,-0.5964
ENSG00000130287,NCAN,123,2.32645,29,-0.3754,71,1.16684,7,-2.4543,38,0.07313,19,-1.0438,5,-3.0497,0,-5.7176
ENSG00000187664,HAPLN4,51,-0.6405,27,-1.5900,85,0.20172,7,-3.6095,414,3.89471,1,-5.9905,21,-1.9635,0,-8.1213
ENSG00000186010,NDUFA13,247,-0.8080,273,-0.6546,763,1.08379,465,0.20824,408,-0.0104,235,-0.8911,314,-0.4326,577,0.57865
ENSG00000250067,YJEFN3,27,-0.6952,29,-0.5723,71,0.90190,89,1.33385,107,1.70977,4,-3.3804,2,-4.1661,5,-3.1433
ENSG00000167232,ZNF91,27,-1.4311,43,-0.7206,42,-0.7530,22,-1.7406,35,-1.0524,282,2.90537,85,0.37041,7,-3.3868
ENSG00000169021,UQCRFS1,114,-0.4687,53,-1.6361,261,0.92439,218,0.60308,277,1.03350,69,-1.2508,98,-0.7048,131,-0.2473
ENSG00000131943,C19orf12,49,-0.1362,15,-1.9171,96,1.01594,111,1.30021,91,0.92409,1,-5.4997,32,-0.8104,31,-0.8720
ENSG00000105176,URI1,31,-1.3178,33,-1.2140,79,0.15737,49,-0.6228,84,0.26959,151,1.31527,54,-0.4441,93,0.42865
ENSG00000198597,ZNF536,40,-1.0692,9,-3.3009,59,-0.4584,5,-4.0865,38,-1.1541,171,1.36903,121,0.71736,190,1.58080
ENSG00000105185,PDCD5,54,-0.4883,20,-1.9546,127,0.95036,157,1.35528,75,0.04031,1,-5.9551,43,-0.8418,108,0.65683
ENSG00000124299,PEPD,49,0.09602,21,-1.2025,46,-0.0226,52,0.19066,34,-0.5061,38,-0.3116,52,0.18258,79,0.90878
ENSG00000257103,LSM14A,34,-0.6876,7,-2.9519,118,1.46728,19,-1.5422,75,0.61805,23,-1.2584,58,0.18356,81,0.75927
ENSG00000105220,GPI,313,-0.3274,110,-1.9326,478,0.37139,1037,1.83966,791,1.28388,36,-3.5650,113,-1.8881,184,-1.1559
ENSG00000126261,UBA2,73,-0.0909,26,-1.7162,142,1.04276,87,0.17863,123,0.77921,65,-0.2957,58,-0.4747,49,-0.7332
ENSG00000089335,ZNF302,33,-0.7936,32,-0.8274,19,-1.6163,60,0.15379,38,-0.5854,130,1.56471,96,0.97533,28,-1.0526
ENSG00000089351,GRAMD1A,57,0.13816,8,-2.7553,39,-0.4670,68,0.45250,133,1.70071,101,1.14259,9,-2.6817,3,-4.2279
ENSG00000105711,SCN1B,58,-0.4025,39,-1.0129,53,-0.5386,15,-2.4035,350,3.29268,1,-5.9849,38,-1.0440,42,-0.9208
ENSG00000153902,LGI4,34,-0.5878,52,0.09922,75,0.72275,11,-2.2386,27,-0.9298,1,-5.3795,98,1.21240,94,1.13205
ENSG00000266964,FXYD1,102,0.49910,75,-0.0100,267,2.44937,16,-2.3254,24,-1.7995,31,-1.3916,23,-1.8139,68,-0.1844
ENSG00000221946,FXYD7,54,0.03920,7,-3.0241,113,1.35851,128,1.61043,78,0.68012,1,-5.4781,25,-1.1654,14,-2.0395
ENSG00000105698,USF2,93,-0.3336,75,-0.6773,153,0.48890,75,-0.6624,139,0.33295,30,-2.0638,144,0.38312,205,1.01314
ENSG00000105695,MAG,36,-3.9055,165,-1.6962,2,-7.6513,14,-5.2775,27,-4.3256,569,0.25494,1303,1.80865,1789,2.56269
ENSG00000105677,TMEM147,74,0.13536,27,-1.4347,143,1.30560,117,0.93031,74,0.12530,1,-5.7025,52,-0.4219,57,-0.2792
ENSG00000126254,RBM42,65,0.50100,6,-3.1362,36,-0.4428,43,-0.1637,19,-1.4095,61,0.40262,23,-1.1530,130,1.83366
ENSG00000126267,COX6B1,214,-0.5079,177,-0.8032,459,0.76740,460,0.77392,321,0.14982,211,-0.5269,199,-0.6250,303,0.05630
ENSG00000205155,PSENEN,17,-1.3890,18,-1.3197,54,0.45596,70,0.89368,25,-0.8148,25,-0.7957,41,0.00117,81,1.17831
ENSG00000105290,APLP1,183,-2.4464,140,-2.8402,308,-1.6683,256,-1.9446,445,-1.1083,1032,0.23687,1534,0.93062,3267,2.55192
ENSG00000105270,CLIP3,258,-0.0232,79,-1.8470,465,0.99873,606,1.51371,441,0.90394,16,-4.1890,168,-0.7112,58,-2.3208
ENSG00000105258,POLR2I,73,-1.0266,57,-1.3918,173,0.37092,130,-0.1056,100,-0.5200,84,-0.8095,144,0.05507,350,1.68331
ENSG00000105254,TBCB,137,-0.9498,55,-2.3141,253,0.02637,449,1.02127,231,-0.1269,141,-0.9107,273,0.15177,455,1.04892
ENSG00000126247,CAPNS1,168,-0.6571,90,-1.6091,233,-0.1332,774,2.11405,276,0.14812,123,-1.1328,127,-1.0892,231,-0.1496
ENSG00000161281,COX7A1,42,-0.1843,58,0.36843,64,0.54621,30,-0.6962,76,0.84791,9,-2.5130,36,-0.4316,58,0.35254
ENSG00000167642,SPINT2,133,-0.0916,32,-2.2566,257,1.04404,249,0.98665,357,1.69296,1,-6.8919,77,-0.9634,21,-2.8692
ENSG00000167641,PPP1R14A,29,-4.1246,185,-1.4255,2,-7.6607,19,-4.7704,52,-3.3007,656,0.60651,923,1.23310,1805,2.75616
ENSG00000167645,YIF1B,29,-0.2640,8,-2.1097,12,-1.6073,41,0.34183,61,1.03453,1,-4.8456,48,0.59507,69,1.25861
ENSG00000099341,PSMD8,84,-0.8592,44,-1.8330,156,0.12388,404,1.90640,178,0.35445,2,-6.3038,85,-0.8416,202,0.56949
ENSG00000178982,EIF3K,127,-0.1389,63,-1.2296,177,0.42002,233,0.90323,175,0.39859,32,-2.2394,85,-0.7662,211,0.72582
ENSG00000130402,ACTN4,125,-1.1077,186,-0.4894,66,-2.0579,105,-1.3755,87,-1.6640,425,0.90326,474,1.10471,547,1.38058
ENSG00000104823,ECH1,34,-1.3374,18,-2.2550,144,1.02709,111,0.55806,92,0.22704,45,-0.9209,86,0.11396,109,0.52859
ENSG00000104824,HNRNPL,77,-0.3119,25,-2.0127,112,0.30169,50,-0.9896,69,-0.4837,158,0.90568,145,0.75696,110,0.27618
ENSG00000068903,SIRT2,109,-1.8154,77,-2.3347,134,-1.5128,67,-2.5376,175,-1.1065,379,0.12345,814,1.50899,1059,2.07550
ENSG00000179134,SAMD4B,65,-0.3569,55,-0.6186,53,-0.6896,22,-1.9939,72,-0.1875,102,0.38205,119,0.63920,162,1.20798
ENSG00000063322,MED29,61,-0.6357,36,-1.4607,211,1.51165,85,-0.1144,120,0.46206,37,-1.4134,73,-0.3642,106,0.24998
ENSG00000105193,RPS16,303,-0.5785,399,-0.1332,560,0.43179,175,-1.4200,222,-1.0606,270,-0.7544,678,0.76737,858,1.20254
ENSG00000196235,SUPT5H,60,0.00588,41,-0.5830,85,0.58576,42,-0.5692,102,0.91388,71,0.29403,20,-1.6723,57,-0.0795
ENSG00000105197,TIMM50,19,-1.0097,27,-0.4986,28,-0.4431,63,0.91422,58,0.74851,18,-1.1210,27,-0.5011,56,0.69525
ENSG00000176396,EID2,36,-0.5475,19,-1.4805,76,0.68444,109,1.36172,98,1.14632,1,-5.4273,20,-1.4626,46,-0.1484
ENSG00000013275,PSMC4,34,-0.9400,19,-1.8514,56,-0.1583,150,1.59222,70,0.20044,63,0.02344,34,-0.9465,70,0.20369
ENSG00000174521,TTC9B,7,-2.8411,13,-2.0261,123,1.69781,105,1.36820,99,1.25144,1,-5.3640,4,-3.7111,36,-0.4882
ENSG00000105223,PLD3,333,-0.5459,129,-1.9960,774,0.87048,1063,1.47614,1017,1.38779,47,-3.4871,125,-2.0353,248,-1.0052
ENSG00000090013,BLVRB,18,-1.2132,4,-3.2691,79,1.24940,82,1.32539,37,-0.0760,25,-0.6769,28,-0.5271,37,-0.0856
ENSG00000160460,SPTBN4,61,0.48267,17,-1.5783,62,0.51028,48,0.06067,179,2.70571,1,-5.2936,0,-6.5849,0,-6.4010
ENSG00000167578,RAB4B,26,-0.8895,30,-0.6150,27,-0.8275,96,1.34564,36,-0.3370,26,-0.8875,27,-0.7966,91,1.24506
ENSG00000269858,EGLN2,27,-1.1267,32,-0.8720,101,1.05070,117,1.34295,55,0.00596,15,-1.9860,29,-1.0156,64,0.25429
ENSG00000105323,HNRNPUL1,31,-0.6939,61,0.41121,54,0.18855,45,-0.0788,28,-0.8337,1,-5.3438,55,0.24715,106,1.42595
ENSG00000248098,BCKDHA,32,-0.1128,18,-1.0237,57,0.84557,64,1.04020,41,0.26217,1,-4.8935,42,0.28912,24,-0.5906
ENSG00000105372,RPS19,381,-0.3246,380,-0.3276,857,1.06564,221,-1.1748,218,-1.1946,221,-1.1741,454,-0.0388,988,1.33813
ENSG00000105404,RABAC1,171,-0.6879,121,-1.2158,344,0.45498,673,1.72323,277,0.09069,66,-2.1348,155,-0.8334,291,0.17145
ENSG00000105409,ATP1A3,450,-0.1139,130,-2.0276,691,0.60843,699,0.62953,1520,2.18291,95,-2.4967,132,-2.0105,144,-1.8822
ENSG00000105737,GRIK5,68,1.47588,16,-0.9864,17,-0.8373,61,1.25194,62,1.27962,1,-4.6639,13,-1.2657,0,-6.7922
ENSG00000105723,GSK3A,95,0.38474,23,-1.8145,71,-0.0893,92,0.33136,179,1.55654,31,-1.3964,47,-0.7437,64,-0.2525
ENSG00000105429,MEGF8,62,-0.0949,26,-1.4384,98,0.68422,52,-0.3811,169,1.72355,65,-0.0085,33,-1.0983,20,-1.8171
ENSG00000079435,LIPE,5,-3.8467,17,-2.0708,1,-6.1987,26,-1.4716,23,-1.6342,1,-5.7511,250,2.59826,213,2.19760
ENSG00000167378,IRGQ,45,0.36711,27,-0.4274,32,-0.1808,41,0.24025,86,1.57570,1,-4.9290,27,-0.4670,27,-0.4428
ENSG00000131116,ZNF428,51,-0.0526,25,-1.1954,87,0.85960,46,-0.2336,58,0.14845,1,-5.4920,52,-0.0359,104,1.17486
ENSG00000105767,CADM4,88,-0.7192,46,-1.6990,116,-0.2815,23,-2.7571,125,-0.1654,68,-1.1276,299,1.36620,343,1.64387
ENSG00000130204,TOMM40,56,-0.0927,12,-2.4490,120,1.24768,90,0.72042,151,1.70072,1,-5.6525,26,-1.2673,17,-1.9121
ENSG00000130203,APOE,1773,1.36570,580,-0.5642,3082,2.62050,286,-1.6525,152,-2.5902,177,-2.3653,190,-2.2622,346,-1.3630
ENSG00000104853,CLPTM1,109,-0.3111,9,-3.9640,189,0.60829,166,0.37957,274,1.28800,113,-0.2547,115,-0.2213,82,-0.7677
ENSG00000125746,EML2,84,-0.3062,21,-2.3999,52,-1.0699,168,0.85790,181,0.99117,87,-0.2656,106,0.06739,117,0.22548
ENSG00000125743,SNRPD2,93,-0.7901,78,-1.0639,261,0.93196,252,0.86878,93,-0.7815,102,-0.6460,103,-0.6185,235,0.74468
ENSG00000185800,DMWD,52,0.30780,20,-1.2334,76,0.97597,58,0.48817,59,0.53441,24,-0.9015,16,-1.5099,40,-0.1235
ENSG00000125755,SYMPK,52,0.30206,27,-0.7307,4,-3.5241,47,0.15892,64,0.66352,67,0.75563,30,-0.5773,54,0.35998
ENSG00000011485,PPP5C,61,-0.5954,4,-4.4336,162,1.05454,181,1.26548,229,1.73954,1,-5.8380,48,-0.9618,20,-2.2689
ENSG00000182013,PNMA8A,116,-0.5265,35,-2.3559,330,1.26629,372,1.50682,358,1.42987,1,-7.0855,24,-2.8574,51,-1.7842
ENSG00000204851,PNMA8B,193,-0.0923,42,-2.4153,445,1.38563,353,0.94226,461,1.45410,5,-5.3693,113,-0.9351,23,-3.3004
ENSG00000160014,CALM3,532,-0.4592,214,-1.8600,1002,0.59222,1550,1.40194,1466,1.29154,156,-2.3298,369,-1.0302,365,-1.0472
ENSG00000197380,DACT3,52,-0.4272,20,-1.8404,56,-0.3081,62,-0.1509,81,0.28899,65,-0.0639,115,0.91208,91,0.49359
ENSG00000042753,AP2S1,120,-0.3296,52,-1.6054,189,0.42948,383,1.75955,184,0.38309,41,-1.9821,83,-0.8966,120,-0.3227
ENSG00000160007,ARHGAP35,129,-0.0966,71,-1.0369,178,0.44328,212,0.74686,223,0.83302,58,-1.3451,146,0.10912,78,-0.8933
ENSG00000130748,TMEM160,65,-0.8868,45,-1.4455,161,0.57771,144,0.38808,147,0.41399,74,-0.6861,83,-0.5105,195,0.91849
ENSG00000142230,SAE1,55,-0.2678,20,-1.8099,93,0.58560,118,1.01514,106,0.82509,55,-0.2830,46,-0.5657,31,-1.1843
ENSG00000257704,INAFM1,26,-1.0533,14,-2.0289,133,1.71916,74,0.60131,105,1.23037,1,-5.4625,27,-1.0340,35,-0.6343
ENSG00000105402,NAPA,91,-0.8439,51,-1.7308,171,0.16076,310,1.22138,333,1.35798,95,-0.7729,90,-0.8706,99,-0.7204
ENSG00000105373,NOP53,131,0.37768,47,-1.2381,100,-0.0673,21,-2.4150,87,-0.2876,61,-0.8471,250,1.57798,136,0.44655
ENSG00000178980,SELENOW,607,-0.6452,422,-1.2083,913,0.01108,2076,1.48885,937,0.05422,418,-1.2213,688,-0.4456,1191,0.45967
ENSG00000105499,PLA2G4C,28,-2.0192,52,-1.0736,72,-0.5722,39,-1.5279,51,-1.1233,313,2.08496,67,-0.6873,205,1.20031
ENSG00000105438,KDELR1,35,-0.1360,17,-1.2706,14,-1.5735,72,1.08180,87,1.44688,31,-0.3403,42,0.15446,10,-2.1024
ENSG00000142235,LMTK3,44,-0.2638,16,-1.7741,138,1.79919,59,0.23890,125,1.59967,1,-5.4519,1,-5.2220,28,-0.9688
ENSG00000063177,RPL18,328,-0.3663,253,-0.7760,673,0.84654,217,-1.0179,318,-0.4172,227,-0.9461,348,-0.2717,927,1.45535
ENSG00000105516,DBP,56,0.77000,15,-1.2901,99,1.88021,33,-0.1169,31,-0.2158,2,-4.2187,11,-1.7211,37,0.05449
ENSG00000063180,CA11,33,-0.3358,30,-0.4746,68,0.87678,12,-1.8423,110,1.81421,1,-5.1249,49,0.30281,23,-0.9092
ENSG00000104805,NUCB1,72,-0.6230,52,-1.1294,216,1.23403,137,0.40994,163,0.72227,96,-0.1711,26,-2.1868,93,-0.2231
ENSG00000087086,FTL,910,-1.1063,1144,-0.7505,1744,-0.0764,546,-1.8788,642,-1.6358,1720,-0.0991,3024,0.86822,4889,1.81390
ENSG00000183207,RUVBL2,25,-1.1107,17,-1.6508,94,1.05419,95,1.08846,75,0.65607,1,-5.4123,9,-2.5266,91,0.99291
ENSG00000104852,SNRNP70,60,-0.9277,57,-1.0174,171,0.78445,67,-0.7566,140,0.42954,172,0.79144,54,-1.0951,144,0.48388
ENSG00000104863,LIN7B,27,-0.9442,11,-2.3413,92,1.05118,85,0.90814,88,0.97658,8,-2.7315,9,-2.6439,81,0.81467
ENSG00000177380,PPFIA3,88,0.22578,25,-1.7009,136,0.98642,122,0.78946,221,1.97544,1,-6.0225,13,-2.6898,7,-3.4871
ENSG00000104872,PIH1D1,31,-0.1813,19,-0.9597,74,1.32113,55,0.76295,28,-0.3430,24,-0.6124,12,-1.6272,36,0.07301
ENSG00000142541,RPL13A,487,-0.9402,771,-0.2154,1067,0.32344,309,-1.6331,461,-1.0248,1051,0.29759,1190,0.51030,1699,1.15569
ENSG00000142534,RPS11,390,-0.4898,457,-0.2356,813,0.73914,199,-1.5261,319,-0.8029,331,-0.7468,639,0.32097,1073,1.25378
ENSG00000142546,NOSIP,53,0.36462,29,-0.5762,53,0.38412,59,0.54278,41,-0.0338,28,-0.6745,24,-0.8782,51,0.31706
ENSG00000126461,SCAF1,32,-0.8011,24,-1.2352,85,0.79762,89,0.87894,89,0.87536,18,-1.7021,56,0.09761,33,-0.7610
ENSG00000126457,PRMT1,59,-0.6645,25,-1.9621,102,0.23027,187,1.31468,164,1.06657,25,-1.9277,70,-0.3827,79,-0.1941
ENSG00000169169,CPT1C,19,-1.3020,16,-1.5384,45,0.03181,71,0.82473,111,1.67701,32,-0.5039,30,-0.5933,27,-0.7677
ENSG00000196961,AP2A1,49,-0.5713,12,-2.6358,37,-1.0082,198,1.90432,140,1.19994,32,-1.2289,33,-1.1877,63,-0.1866
ENSG00000104960,PTOV1,68,-1.4154,70,-1.3633,263,0.77571,230,0.54292,160,-0.0733,192,0.23373,109,-0.6808,244,0.64482
ENSG00000204673,AKT1S1,28,-0.7753,35,-0.4160,61,0.50841,65,0.60877,46,0.00761,17,-1.5221,68,0.67413,43,-0.0687
ENSG00000104946,TBC1D17,44,-0.0498,9,-2.5014,44,-0.0550,68,0.69024,55,0.33521,1,-5.2664,87,1.14127,54,0.30369
ENSG00000105357,MYH14,18,-1.6077,32,-0.7480,9,-2.5510,80,0.74762,37,-0.5193,53,0.04855,88,0.91208,95,1.05064
ENSG00000131408,NR1H2,28,-0.7950,29,-0.7589,107,1.49308,35,-0.4528,80,0.95074,1,-5.2867,57,0.33560,34,-0.4952
ENSG00000161671,EMC10,72,-0.9106,42,-1.7336,29,-2.2577,77,-0.8129,105,-0.3187,154,0.31056,242,1.11297,302,1.54806
ENSG00000161677,JOSD2,43,-0.6492,33,-1.0695,5,-3.8186,87,0.48083,30,-1.2049,83,0.40764,106,0.83088,134,1.27009
ENSG00000131409,LRRC4B,116,0.32415,48,-1.0867,153,0.81122,119,0.37440,176,1.06633,33,-1.6435,26,-1.9683,91,-0.0757
ENSG00000167755,KLK6,1,-7.2238,41,-2.4796,0,-8.6919,4,-5.5904,0,-9.9892,302,0.64482,434,1.31465,871,2.95676
ENSG00000142549,IGLON5,52,0.37788,3,-3.6366,37,-0.1745,37,-0.2151,188,3.14465,1,-5.1522,10,-2.1097,5,-3.1431
ENSG00000105379,ETFB,84,-0.8634,94,-0.6854,207,0.61264,179,0.36389,100,-0.5789,128,-0.1930,112,-0.4052,249,0.94163
ENSG00000105568,PPP2R1A,362,-0.0275,73,-2.4864,488,0.47277,998,1.83908,631,0.92994,96,-2.0783,81,-2.3338,219,-0.8315
ENSG00000142408,CACNG8,35,0.19642,39,0.35603,28,-0.1790,0,-5.6742,125,2.75661,1,-4.7430,17,-0.9336,6,-2.5493
ENSG00000170906,NDUFA3,215,-0.7086,158,-1.1875,606,1.03269,340,0.02355,284,-0.2697,189,-0.9139,397,0.28382,491,0.64948
ENSG00000105618,PRPF31,29,-0.3643,12,-1.7380,61,0.88902,40,0.15024,60,0.86206,19,-1.0017,1,-4.4500,69,1.09468
ENSG00000125505,MBOAT7,174,-0.2490,26,-3.0953,292,0.62337,438,1.37581,468,1.50982,124,-0.7776,62,-1.8359,33,-2.7470
ENSG00000170889,RPS9,253,-0.9492,373,-0.3364,451,-0.0294,219,-1.1688,196,-1.3349,581,0.39684,566,0.35091,1032,1.45137
ENSG00000167614,TTYH1,364,0.67032,82,-1.7101,538,1.39980,30,-3.1634,37,-2.8610,92,-1.5357,402,0.84799,418,0.91917
ENSG00000125503,PPP1R12C,67,-0.2035,67,-0.2101,132,0.94811,113,0.65990,129,0.89974,1,-6.0180,60,-0.3997,42,-0.9434
ENSG00000129990,SYT5,33,-0.8474,9,-2.7216,137,1.62897,113,1.24650,123,1.40371,30,-0.9611,0,-7.1058,0,-6.1875
ENSG00000105063,PPP6R1,41,0.22148,22,-0.7705,19,-1.0292,84,1.52391,53,0.64306,20,-0.9450,43,0.28652,6,-2.5706
ENSG00000133265,HSPBP1,53,-0.0382,5,-3.4450,85,0.76702,76,0.57290,104,1.12191,39,-0.5299,34,-0.7568,39,-0.5491
ENSG00000160469,BRSK1,125,0.22958,113,0.05253,150,0.53161,92,-0.2777,215,1.18456,76,-0.5815,86,-0.3949,18,-2.7591
ENSG00000108107,RPL28,697,-0.4766,767,-0.3243,1040,0.17587,518,-0.9413,575,-0.7799,640,-0.6120,1324,0.58835,1926,1.27722
ENSG00000108106,UBE2S,39,-0.7977,22,-1.6559,88,0.50616,130,1.22031,54,-0.2879,5,-3.7211,27,-1.3451,153,1.54062
ENSG00000063241,ISOC2,73,0.09080,25,-1.5831,87,0.37746,129,1.07175,99,0.60114,42,-0.8153,10,-2.8691,91,0.44281
ENSG00000090971,NAT14,60,0.33684,14,-1.9212,101,1.26732,48,-0.0404,133,1.83530,1,-5.3799,3,-4.1416,33,-0.6422
ENSG00000213015,ZNF580,34,-0.3204,13,-1.7903,83,1.22163,42,0.02324,21,-1.0425,35,-0.2463,48,0.25414,54,0.44790
ENSG00000173581,CCDC106,25,-0.5179,9,-2.0664,89,1.73687,24,-0.5401,76,1.41320,1,-4.8733,2,-3.8232,48,0.55858
ENSG00000063245,EPN1,75,-0.3988,85,-0.1876,107,0.18836,100,0.07214,169,0.97976,68,-0.5536,70,-0.5112,93,-0.0587
ENSG00000166770,ZNF667-AS1,36,-0.6727,15,-1.9402,105,1.14897,64,0.27689,52,-0.0783,22,-1.3865,64,0.26648,77,0.58135
ENSG00000268182,SMIM17,51,0.38516,9,-2.3056,88,1.36830,14,-1.5950,126,2.14497,1,-5.1031,1,-5.4562,34,-0.2762
ENSG00000198300,PEG3,361,-0.6799,111,-2.4618,1406,1.70723,820,0.67451,1033,1.09501,334,-0.8037,209,-1.5226,142,-2.0991
ENSG00000268205,AC005261.1,28,-1.4788,34,-1.1896,32,-1.2756,11,-2.7979,75,0.04131,201,1.85348,102,0.55959,102,0.55919
ENSG00000121413,ZSCAN18,92,-0.2721,24,-2.3253,150,0.54964,225,1.28940,172,0.78842,1,-6.5244,63,-0.8749,142,0.44726
ENSG00000142396,ERVK3-1,27,-0.9385,11,-2.3053,81,0.82872,95,1.12142,80,0.80064,1,-5.4080,68,0.51000,36,-0.5060
ENSG00000283103,AC010642.2,22,-0.9700,18,-1.2278,87,1.36929,40,-0.0195,50,0.35743,1,-5.0991,43,0.11643,61,0.70122
ENSG00000083845,RPS5,164,-1.0311,295,-0.1095,474,0.69605,213,-0.6304,166,-1.0209,203,-0.7035,336,0.10546,670,1.34062
ENSG00000130726,TRIM28,67,0.14078,15,-2.1742,73,0.27613,53,-0.2365,78,0.40949,82,0.47456,30,-1.1476,95,0.73359
ENSG00000130724,CHMP2A,53,-0.8096,30,-1.7005,151,0.91685,94,0.08577,38,-1.3254,108,0.32812,68,-0.4232,168,1.11413
ENSG00000130725,UBE2M,139,-0.3094,60,-1.6156,328,1.17372,229,0.52202,226,0.49594,138,-0.3239,96,-0.8899,130,-0.4201
ENSG00000125841,NRSN2,51,-0.3600,2,-5.1550,159,1.64605,79,0.35582,125,1.17179,42,-0.6826,21,-1.7147,33,-1.0295
ENSG00000101266,CSNK2A1,30,-1.6408,19,-2.3248,104,0.29115,71,-0.3307,92,0.08739,264,2.06959,68,-0.4174,52,-0.8296
ENSG00000125818,PSMF1,24,-1.9152,33,-1.4061,84,0.04534,94,0.22952,114,0.55731,84,0.04276,111,0.51580,111,0.50777
ENSG00000101298,SNPH,66,-0.0551,23,-1.6538,54,-0.3689,143,1.30383,219,2.22180,1,-5.8556,31,-1.2548,9,-3.0883
ENSG00000088832,FKBP1A,61,-0.2388,34,-1.1409,125,1.00578,178,1.69637,53,-0.4368,1,-5.7101,78,0.16591,31,-1.2822
ENSG00000088833,NSFL1C,69,-0.4207,39,-1.3156,108,0.31014,174,1.15048,80,-0.1912,88,-0.0331,42,-1.1797,119,0.46822
ENSG00000198053,SIRPA,122,0.44349,30,-1.7777,226,1.58343,19,-2.4066,93,-0.0128,45,-1.1562,127,0.51573,88,-0.1022
ENSG00000101361,NOP56,43,-0.7009,30,-1.2548,38,-0.8845,118,1.00522,95,0.62014,94,0.59058,62,-0.0994,49,-0.4727
ENSG00000101365,IDH3B,28,-1.4185,25,-1.5680,81,0.24984,163,1.51467,165,1.53457,26,-1.5518,34,-1.1225,38,-0.9812
ENSG00000132670,PTPRA,187,0.07519,86,-1.1533,362,1.24797,210,0.27172,213,0.29343,109,-0.7787,122,-0.6150,139,-0.4076
ENSG00000125901,MRPS26,76,0.48646,21,-1.5532,77,0.52451,84,0.67733,91,0.81805,1,-5.5883,29,-1.0254,73,0.42203
ENSG00000088899,LZTS3,59,0.46743,6,-3.0019,105,1.52874,19,-1.3253,87,1.15920,38,-0.2830,33,-0.5048,12,-2.0516
ENSG00000198171,DDRGK1,27,-1.1191,30,-0.9942,31,-0.9417,56,0.00675,89,0.79307,30,-0.9594,70,0.36594,114,1.25530
ENSG00000088854,C20orf194,44,-0.4325,24,-1.3442,45,-0.4251,94,0.82011,89,0.72504,46,-0.3580,15,-2.0518,107,1.05445
ENSG00000088812,ATRN,53,-0.3720,13,-2.4570,118,0.97280,36,-0.9868,135,1.23048,63,-0.1017,83,0.34668,36,-0.9982
ENSG00000101220,C20orf27,34,-1.1230,38,-0.9571,39,-0.9186,301,2.97730,101,0.61370,1,-5.7261,28,-1.4473,21,-1.8398
ENSG00000125817,CENPB,53,-0.5268,75,0.01178,100,0.50847,23,-1.8159,60,-0.3300,42,-0.8913,143,1.14135,97,0.44524
ENSG00000088888,MAVS,38,-0.1590,73,0.92765,9,-2.3241,9,-2.3949,32,-0.4650,10,-2.1516,105,1.62904,64,0.69023
ENSG00000171867,PRNP,406,-0.8100,146,-2.3556,810,0.30545,819,0.32572,1370,1.25125,483,-0.5378,618,-0.1431,743,0.16071
ENSG00000101265,RASSF2,22,-4.2736,105,-1.9942,13,-5.0101,0,-9.5186,23,-4.1861,1092,1.95737,911,1.57061,890,1.52198
ENSG00000089057,SLC23A2,72,-0.4545,33,-1.6556,104,0.15834,128,0.49716,113,0.28778,80,-0.2821,119,0.37249,112,0.27302
ENSG00000089063,TMEM230,85,-0.8617,39,-2.0288,189,0.43419,288,1.19603,201,0.53593,34,-2.2337,114,-0.3983,217,0.67819
ENSG00000101290,CDS2,117,-0.4816,41,-2.0596,254,0.82062,301,1.13599,336,1.34839,55,-1.6486,75,-1.1740,80,-1.0681
ENSG00000125772,GPCPD1,16,-1.5704,49,0.16423,63,0.59717,13,-1.8151,70,0.78335,45,0.04787,51,0.24527,45,0.04643
ENSG00000089199,CHGB,165,-1.1097,53,-2.8062,397,0.29482,1861,4.01969,142,-1.3359,7,-5.6968,17,-4.3998,19,-4.2959
ENSG00000125827,TMX4,133,-0.5195,59,-1.7630,335,1.03922,257,0.55971,465,1.68746,54,-1.9127,78,-1.3583,94,-1.0719
ENSG00000101333,PLCB4,20,-1.6208,49,-0.2859,75,0.40578,61,0.05690,151,1.72489,91,0.74448,14,-2.2122,8,-2.9272
ENSG00000132639,SNAP25,661,-0.7344,298,-1.9471,1754,0.89470,2057,1.19205,3068,2.02073,280,-2.0412,147,-2.9942,93,-3.6654
ENSG00000125863,MKKS,45,0.09387,21,-1.0758,124,1.99692,62,0.64144,40,-0.0794,22,-1.0145,19,-1.2105,5,-3.1742
ENSG00000132640,BTBD3,33,-1.6634,10,-3.3410,155,0.81508,39,-1.4210,82,-0.2705,186,1.14440,59,-0.7740,208,1.36105
ENSG00000089048,ESF1,50,-0.3982,80,0.34957,39,-0.8062,1,-5.3566,52,-0.3406,110,0.90914,129,1.21063,56,-0.2411
ENSG00000125870,SNRPB2,51,-0.2463,48,-0.3227,96,0.82351,91,0.73813,50,-0.2612,48,-0.3255,16,-1.9866,72,0.32895
ENSG00000125851,PCSK2,135,-0.3595,70,-1.3701,135,-0.3594,261,0.74923,679,2.82367,59,-1.6235,1,-6.7695,6,-4.7810
ENSG00000125868,DSTN,264,-0.8697,138,-1.8550,429,-0.0970,1040,1.48437,484,0.10266,512,0.19581,267,-0.8497,506,0.17714
ENSG00000125844,RRBP1,34,-1.2508,68,-0.1756,12,-2.8101,39,-1.0299,8,-3.3319,97,0.41943,178,1.54815,167,1.42087
ENSG00000089006,SNX5,42,-0.3287,33,-0.6827,119,1.49313,17,-1.7377,40,-0.4095,43,-0.2719,61,0.28051,57,0.15825
ENSG00000232388,SMIM26,44,-0.5702,49,-0.3998,90,0.60116,54,-0.2468,61,-0.0648,47,-0.4671,51,-0.3398,108,0.92797
ENSG00000125821,DTD1,37,-0.7131,6,-3.2560,39,-0.6431,53,-0.1398,51,-0.1999,147,1.70083,53,-0.1304,76,0.45054
ENSG00000173418,NAA20,73,0.39827,18,-1.7869,43,-0.4585,66,0.24280,146,1.70617,5,-3.5349,14,-2.1055,92,0.81455
ENSG00000125814,NAPB,233,-0.7865,119,-1.8020,697,1.05490,730,1.14128,940,1.64500,200,-1.0200,33,-3.6943,91,-2.2001
ENSG00000101439,CST3,1869,0.84205,1027,-0.1788,4137,2.52463,374,-1.7454,390,-1.6840,210,-2.6057,533,-1.2100,627,-0.9608
ENSG00000101474,APMAP,71,-0.8741,26,-2.3897,174,0.59338,409,2.31464,177,0.62402,47,-1.4948,33,-2.0108,44,-1.5839
ENSG00000197586,ENTPD6,74,-0.4535,18,-2.5753,150,0.71654,263,1.80160,205,1.29130,1,-6.3862,22,-2.3050,56,-0.9090
ENSG00000100994,PYGB,162,0.58106,58,-1.0871,112,-0.0334,192,0.88559,254,1.41773,3,-5.0456,58,-1.0811,79,-0.6057
ENSG00000100997,ABHD12,49,-1.7326,55,-1.5460,166,0.17153,223,0.68043,202,0.50690,73,-1.1230,138,-0.1329,290,1.15780
ENSG00000101294,HM13,59,-0.4780,42,-1.0090,69,-0.2308,179,1.44358,181,1.46660,1,-6.0424,30,-1.5343,77,-0.0654
ENSG00000125968,ID1,69,0.73506,34,-0.4448,158,2.46785,12,-1.9583,6,-3.0018,27,-0.7962,7,-2.8265,44,-0.0299
ENSG00000171552,BCL2L1,55,0.11993,17,-1.7277,107,1.30716,38,-0.4932,74,0.61842,1,-5.4439,55,0.12921,63,0.33501
ENSG00000101350,KIF3B,63,0.23739,73,0.48648,32,-0.8458,48,-0.2064,109,1.20576,68,0.35170,23,-1.3703,22,-1.4135
ENSG00000149600,COMMD7,58,0.29964,18,-1.5439,63,0.41676,70,0.59632,98,1.21849,1,-5.2153,22,-1.2179,61,0.35841
ENSG00000101367,MAPRE1,25,-0.7930,37,-0.1923,67,0.82071,24,-0.8396,25,-0.8131,85,1.26227,10,-2.1835,59,0.58414
ENSG00000260257,AL035071.1,30,-0.2557,25,-0.5175,24,-0.6173,54,0.73969,43,0.34035,24,-0.6158,46,0.46250,34,-0.0441
ENSG00000101400,SNTA1,123,1.05676,77,0.22603,214,2.19898,30,-1.2780,36,-0.9904,1,-5.5713,13,-2.4359,43,-0.7123
ENSG00000125967,NECAB3,31,-0.7563,10,-2.4234,74,0.63785,82,0.83036,99,1.16808,97,1.13913,9,-2.5749,2,-4.5893
ENSG00000101421,CHMP4B,69,-0.7451,41,-1.5215,239,1.37935,160,0.63572,166,0.69970,4,-4.9663,60,-0.9638,141,0.41882
ENSG00000125970,RALY,29,-1.3658,17,-2.1288,24,-1.6322,115,0.84893,87,0.36241,58,-0.3039,93,0.47683,136,1.16354
ENSG00000125977,EIF2S2,63,-1.3330,102,-0.5870,65,-1.2729,115,-0.3917,106,-0.5142,279,1.13000,238,0.83615,203,0.55182
ENSG00000101444,AHCY,18,-1.6802,18,-1.6479,44,-0.3202,131,1.62456,30,-0.9160,48,-0.1795,74,0.54923,64,0.30452
ENSG00000078747,ITCH,19,-1.5299,32,-0.6912,9,-2.4992,8,-2.7075,64,0.40045,107,1.34623,76,0.71293,85,0.90213
ENSG00000125971,DYNLRB1,163,-0.5992,99,-1.3632,380,0.81568,534,1.46215,311,0.46481,30,-3.1098,131,-0.9419,241,0.03493
ENSG00000101460,MAP1LC3A,318,-0.2790,103,-2.0067,333,-0.2054,1031,1.85484,557,0.65903,249,-0.6713,254,-0.6365,178,-1.1911
ENSG00000078804,TP53INP2,166,-0.7131,454,0.97433,56,-2.3577,62,-2.1958,91,-1.6323,228,-0.2057,712,1.87170,302,0.25608
ENSG00000131067,GGT7,38,-0.2501,17,-1.4812,65,0.65062,97,1.40016,101,1.49421,1,-5.2245,10,-2.1867,23,-1.0176
ENSG00000100991,TRPC4AP,39,-0.9920,38,-1.0156,106,0.64227,117,0.80643,137,1.10877,7,-3.5271,38,-1.0031,99,0.52471
ENSG00000126005,MMP24OS,98,0.11227,39,-1.3497,147,0.80435,206,1.44239,106,0.23517,18,-2.5131,45,-1.1296,76,-0.2967
ENSG00000242372,EIF6,32,-0.9546,21,-1.6049,90,0.70322,153,1.72360,84,0.58817,25,-1.3621,3,-4.3164,67,0.19648
ENSG00000101019,UQCC1,35,-0.8696,12,-2.4388,70,0.22340,112,1.04919,96,0.77397,135,1.41177,1,-5.1665,26,-1.2953
ENSG00000125991,ERGIC3,57,-0.4213,30,-1.3787,107,0.62301,72,-0.0483,144,1.17531,27,-1.5745,20,-1.9661,133,1.02175
ENSG00000125995,ROMO1,66,-0.9851,61,-1.1117,180,0.63740,138,0.18192,77,-0.7593,97,-0.3839,162,0.46141,206,0.88316
ENSG00000131051,RBM39,88,-1.1495,100,-0.9435,95,-1.0203,102,-0.9205,165,-0.1595,561,2.13088,177,-0.0462,167,-0.1426
ENSG00000025293,PHF20,29,-1.0328,47,-0.2756,64,0.22430,35,-0.7412,94,0.89603,17,-1.8104,88,0.78833,71,0.41916
ENSG00000171222,SCAND1,119,-0.1867,30,-2.2653,203,0.71476,209,0.76499,249,1.08798,48,-1.5850,82,-0.7750,127,-0.0820
ENSG00000260032,NORAD,724,-0.2888,431,-1.1047,1253,0.63048,795,-0.1371,1112,0.42265,1056,0.33394,904,0.07393,643,-0.4795
ENSG00000088367,EPB41L1,201,-0.0463,168,-0.3339,262,0.39772,245,0.28658,301,0.63804,173,-0.2892,148,-0.5363,155,-0.4672
ENSG00000080845,DLGAP4,66,0.73708,29,-0.6172,45,0.10314,43,0.00554,90,1.30860,24,-0.9188,11,-2.0684,34,-0.3710
ENSG00000101084,RAB5IF,41,-0.2490,20,-1.3562,43,-0.1381,105,1.40664,80,0.90112,1,-4.8947,41,-0.2437,48,0.02887
ENSG00000101079,NDRG3,84,-0.7567,34,-2.1456,37,-1.9914,331,1.61396,452,2.31336,37,-1.9994,44,-1.7429,66,-1.1320
ENSG00000101347,SAMHD1,49,-0.8056,106,0.43744,31,-1.4995,57,-0.5668,144,0.97971,129,0.78007,77,-0.1076,60,-0.4881
ENSG00000118705,RPN2,88,-0.1532,38,-1.4420,154,0.79211,104,0.11424,106,0.15476,91,-0.1075,88,-0.1621,106,0.14565
ENSG00000101363,MANBAL,65,0.16618,27,-1.2017,103,0.98024,89,0.70384,50,-0.2372,81,0.54802,7,-3.1110,46,-0.4014
ENSG00000166619,BLCAP,223,-0.0611,56,-2.1870,413,1.00296,528,1.47330,429,1.07129,2,-7.0497,71,-1.8298,133,-0.8813
ENSG00000132821,VSTM2L,77,0.21381,17,-2.0804,90,0.46520,33,-1.1521,301,3.09411,1,-5.8541,23,-1.6584,2,-4.8935
ENSG00000101445,PPP1R16B,1,-5.1419,30,-0.8123,26,-1.0604,9,-2.5524,37,-0.4906,76,0.66739,75,0.65811,152,2.04994
ENSG00000198900,TOP1,34,-1.1122,48,-0.5713,94,0.51281,34,-1.1288,77,0.18089,43,-0.7408,132,1.12675,90,0.45506
ENSG00000174306,ZHX3,31,-0.6709,11,-2.2463,78,0.86250,29,-0.7478,25,-0.9847,58,0.34490,107,1.46865,37,-0.3690
ENSG00000124177,CHD6,41,-0.8666,71,-0.0066,103,0.62795,57,-0.3473,94,0.46755,145,1.25399,57,-0.3399,0,-8.0294
ENSG00000196090,PTPRT,45,-0.0051,9,-2.4820,64,0.58942,76,0.90525,97,1.36697,67,0.68966,0,-7.0592,1,-4.8698
ENSG00000124193,SRSF6,39,-1.2460,40,-1.1936,97,0.19649,40,-1.1854,68,-0.3858,198,1.49382,35,-1.3858,171,1.20187
ENSG00000132824,SERINC3,184,-0.7100,114,-1.4471,249,-0.2313,478,0.87623,373,0.43699,418,0.63524,240,-0.2916,242,-0.2764
ENSG00000166913,YWHAB,568,-0.2660,332,-1.1060,590,-0.2026,1054,0.78106,1328,1.20876,695,0.06458,338,-1.0822,442,-0.6653
ENSG00000124145,SDC4,191,2.29048,53,-0.1263,189,2.25613,24,-1.3729,4,-3.7407,1,-5.6196,0,-7.4467,0,-7.6665
ENSG00000244274,DBNDD2,57,-3.5948,172,-1.9789,93,-2.8941,137,-2.3210,114,-2.5908,840,0.52332,1475,1.57828,2043,2.30700
ENSG00000124155,PIGT,48,-1.2900,25,-2.2690,73,-0.6331,165,0.70454,120,0.15559,59,-0.9596,91,-0.2848,290,1.79982
ENSG00000101473,ACOT8,47,-0.6094,26,-1.5248,73,0.10233,179,1.75182,75,0.14774,64,-0.1222,54,-0.3979,32,-1.1929
ENSG00000064601,CTSA,36,-0.4795,8,-2.6610,87,1.00154,48,-0.0394,133,1.84306,17,-1.6639,34,-0.5821,28,-0.8931
ENSG00000124140,SLC12A5,144,-0.2994,30,-2.6570,386,1.43641,113,-0.6727,599,2.41808,68,-1.4479,29,-2.7078,11,-4.0314
ENSG00000062598,ELMO2,42,0.38293,13,-1.3999,26,-0.4040,28,-0.2881,44,0.46288,7,-2.3250,52,0.76143,54,0.82751
ENSG00000101040,ZMYND8,42,-0.6951,44,-0.6318,40,-0.7639,79,0.32153,110,0.90424,105,0.82609,61,-0.0949,38,-0.8297
ENSG00000196562,SULF2,13,-2.3705,26,-1.3422,67,0.12741,2,-4.8536,124,1.21815,166,1.79559,47,-0.4640,52,-0.2832
ENSG00000124126,PREX1,36,-1.5819,72,-0.5226,54,-0.9611,1,-6.1732,2,-5.3499,139,0.56104,178,1.00560,314,2.18144
ENSG00000124198,ARFGEF2,12,-2.0489,15,-1.7140,57,0.32020,97,1.25593,54,0.21372,57,0.30142,32,-0.6400,54,0.22834
ENSG00000124207,CSE1L,33,-1.2102,0,-8.2847,83,0.26527,130,1.04884,97,0.51618,87,0.33796,69,-0.0475,70,-0.0307
ENSG00000124214,STAU1,51,-0.8186,23,-2.0249,85,-0.0022,86,0.00684,81,-0.0759,101,0.28319,132,0.73978,124,0.62700
ENSG00000177410,ZFAS1,32,-2.1187,60,-1.1827,196,0.72583,46,-1.5853,12,-3.5889,250,1.16924,191,0.67748,238,1.07650
ENSG00000158445,KCNB1,42,0.02315,37,-0.1836,23,-0.8852,40,-0.0466,127,2.12762,12,-1.8756,15,-1.5033,32,-0.3881
ENSG00000158470,B4GALT5,39,-0.7098,19,-1.8335,62,0.02870,208,2.35626,143,1.51871,1,-5.3812,2,-4.6814,15,-2.1076
ENSG00000124226,RNF114,38,-0.2253,10,-2.1796,56,0.40419,66,0.68516,52,0.27562,11,-2.1575,35,-0.3780,84,1.12261
ENSG00000244687,UBE2V1,54,-0.4708,19,-2.0367,100,0.52119,118,0.82798,148,1.24740,1,-5.5371,48,-0.6843,95,0.44169
ENSG00000240849,TMEM189,44,-1.1265,18,-2.4548,14,-2.8023,120,0.49065,59,-0.6644,66,-0.4770,171,1.13109,224,1.66562
ENSG00000101126,ADNP,64,-0.1176,9,-3.1143,122,0.97078,53,-0.4219,84,0.31467,84,0.31330,96,0.55698,43,-0.7753
ENSG00000054793,ATP9A,227,-0.0909,119,-1.1060,421,0.96938,247,0.04226,504,1.31403,46,-2.5419,219,-0.1536,140,-0.8628
ENSG00000064787,BCAS1,179,-2.1255,1176,0.87976,95,-3.0562,14,-5.7815,110,-2.8378,1226,0.95562,1674,1.55876,1175,0.87785
ENSG00000101132,PFDN4,48,-0.6671,45,-0.7719,89,0.30736,138,1.09260,95,0.42354,15,-2.3926,63,-0.2599,96,0.44341
ENSG00000124098,FAM210B,45,-0.1105,50,0.05281,36,-0.4728,45,-0.1139,81,0.90222,19,-1.4274,38,-0.3854,71,0.66226
ENSG00000022277,RTF2,49,-1.5030,42,-1.7035,187,0.65873,106,-0.3023,79,-0.7577,197,0.74768,131,0.05066,226,0.99725
ENSG00000101144,BMP7,30,-1.1757,34,-0.9874,22,-1.6135,16,-2.1276,5,-3.6666,145,1.46801,80,0.37667,178,1.89022
ENSG00000256222,MTRNR2L3,39,0.32559,84,1.77355,10,-1.6994,0,-7.2405,18,-0.9165,38,0.29362,48,0.68053,18,-0.8967
ENSG00000124225,PMEPA1,137,0.26113,90,-0.4338,78,-0.6596,121,0.05159,147,0.37292,201,0.92959,99,-0.2744,66,-0.9104
ENSG00000124209,RAB22A,22,-1.7623,21,-1.8450,63,-0.1650,107,0.73126,52,-0.4660,195,1.89858,49,-0.5638,49,-0.5796
ENSG00000124164,VAPB,53,-1.2289,66,-0.9027,104,-0.1981,153,0.44793,111,-0.0888,314,1.81884,51,-1.3081,84,-0.5363
ENSG00000124222,STX16,46,-0.6320,41,-0.8270,106,0.74718,22,-1.7510,103,0.70278,27,-1.4539,77,0.19292,125,1.05077
ENSG00000087460,GNAS,1710,-0.5013,663,-1.9532,5219,1.44295,4885,1.31229,3594,0.74024,642,-2.0013,733,-1.8026,1206,-1.0464
ENSG00000101158,NELFCD,39,-0.0062,13,-1.7061,48,0.34238,61,0.75688,14,-1.5369,30,-0.4459,30,-0.4473,78,1.21504
ENSG00000124172,ATP5F1E,491,-0.9416,610,-0.6029,1300,0.65085,1321,0.67947,590,-0.6540,516,-0.8637,796,-0.1766,1470,0.87116
ENSG00000087495,PHACTR3,40,-0.9490,67,-0.1291,40,-0.9216,28,-1.4534,38,-1.0335,195,1.81832,77,0.09378,95,0.45034
ENSG00000196227,FAM217B,78,0.17705,83,0.28436,90,0.42980,66,-0.0938,162,1.50901,2,-4.8391,34,-1.1180,43,-0.7653
ENSG00000101182,PSMA7,140,-0.3062,130,-0.4197,217,0.41880,292,0.94521,165,-0.0416,108,-0.7196,94,-0.9264,206,0.33018
ENSG00000130703,OSBPL2,47,-0.2620,3,-4.3699,96,0.96350,32,-0.8421,74,0.49711,107,1.16971,14,-2.0361,66,0.30866
ENSG00000130706,ADRM1,56,-0.5425,18,-2.2777,82,0.08756,150,1.13245,71,-0.1572,109,0.56211,33,-1.3636,107,0.53453
ENSG00000171858,RPS21,359,-0.8241,580,-0.0595,992,0.86121,329,-0.9623,352,-0.8564,323,-0.9890,791,0.45952,1088,1.03112
ENSG00000092758,COL9A3,10,-2.3961,30,-0.7989,39,-0.3720,4,-3.5243,4,-3.7088,73,0.66339,136,1.87555,98,1.19758
ENSG00000101190,TCFL5,32,-1.2227,40,-0.8918,63,-0.2010,20,-1.9346,41,-0.8782,140,1.18426,152,1.35460,79,0.18265
ENSG00000101199,ARFGAP1,38,-0.0825,17,-1.3082,94,1.51387,61,0.69006,41,0.04041,18,-1.2494,28,-0.5636,24,-0.7841
ENSG00000101204,CHRNA4,19,-1.3490,15,-1.7031,64,0.57011,13,-1.8803,139,2.08507,1,-5.2782,62,0.50335,52,0.22500
ENSG00000075043,KCNQ2,69,-0.0471,40,-0.8847,109,0.73524,9,-3.0684,292,2.89465,1,-5.9045,19,-2.0277,26,-1.5505
ENSG00000101210,EEF1A2,269,-0.8625,120,-2.0775,655,0.59495,1188,1.73183,1049,1.47341,164,-1.6143,71,-2.8540,174,-1.5292
ENSG00000125534,PPDPF,70,-1.9657,148,-0.8291,99,-1.4476,240,-0.0601,72,-1.9150,208,-0.2898,493,1.20299,661,1.79482
ENSG00000197457,STMN3,235,-0.5951,75,-2.3292,484,0.59767,647,1.12615,1034,2.09863,73,-2.3566,82,-2.1993,91,-2.0384
ENSG00000101246,ARFRP1,67,0.82942,16,-1.4711,14,-1.6614,71,0.95303,43,0.07821,2,-4.0580,34,-0.3166,81,1.19321
ENSG00000101150,TPD52L2,63,-0.1168,29,-1.3016,88,0.43485,70,0.05966,120,0.98738,2,-5.0717,43,-0.7030,126,1.07835
ENSG00000101152,DNAJC5,86,-0.7383,65,-1.1891,253,1.06644,278,1.24106,294,1.34945,68,-1.1187,40,-1.9221,16,-3.2768
ENSG00000101161,PRPF6,38,-0.7017,28,-1.1502,77,0.43905,67,0.19910,77,0.44409,81,0.53516,52,-0.1957,52,-0.2014
ENSG00000171703,TCEA2,60,-0.7580,25,-2.0579,233,1.57886,112,0.24011,88,-0.1604,75,-0.4072,68,-0.5696,114,0.27142
ENSG00000203880,PCMTD2,33,-0.9588,8,-3.0142,104,0.90837,56,-0.1374,73,0.28294,63,0.03613,84,0.52695,69,0.20322
ENSG00000155304,HSPA13,115,-0.0776,22,-2.5922,164,0.51505,235,1.15943,224,1.07029,47,-1.4655,73,-0.8122,88,-0.5128
ENSG00000154639,CXADR,30,-1.8600,25,-2.0779,8,-3.7467,11,-3.2442,35,-1.6187,187,1.11749,298,2.07951,195,1.19514
ENSG00000154642,C21orf91,23,-1.4400,20,-1.6362,0,-7.5061,0,-8.1217,0,-8.1138,156,1.76927,114,1.14675,160,1.82747
ENSG00000154654,NCAM2,67,-0.5139,56,-0.8125,147,0.78477,30,-1.7536,228,1.63285,79,-0.2623,104,0.19899,30,-1.7273
ENSG00000154723,ATP5PF,237,-0.2979,156,-0.9529,443,0.75606,313,0.15638,336,0.27810,317,0.18019,151,-1.0100,324,0.21529
ENSG00000142192,APP,289,-1.3747,209,-1.8642,590,-0.2613,515,-0.4784,1034,0.68389,1182,0.92434,786,0.21087,934,0.50648
ENSG00000156256,USP16,27,-1.3894,28,-1.3360,38,-0.8567,46,-0.5579,25,-1.4799,193,2.03428,107,0.85980,57,-0.2176
ENSG00000156261,CCT8,84,-0.4821,25,-2.3426,90,-0.3823,242,1.33246,220,1.15423,152,0.49080,52,-1.2206,46,-1.4320
ENSG00000142168,SOD1,509,-0.7301,208,-2.0944,1409,0.97589,2109,1.77350,613,-0.4365,378,-1.1910,416,-1.0449,782,-0.0435
ENSG00000159082,SYNJ1,94,-0.4309,58,-1.1665,126,0.04649,304,1.65166,296,1.59548,7,-4.2197,61,-1.0884,33,-2.0258
ENSG00000205927,OLIG2,28,-0.9915,3,-4.1909,57,0.13441,0,-7.9655,16,-1.8340,27,-1.0683,189,2.47461,104,1.17732
ENSG00000184221,OLIG1,111,-1.1728,121,-1.0317,291,0.37305,1,-7.1869,29,-3.1723,214,-0.1404,383,0.85840,712,2.11297
ENSG00000142166,IFNAR1,38,-0.8093,42,-0.6756,31,-1.1247,50,-0.3919,71,0.16649,141,1.40784,66,0.05240,72,0.19792
ENSG00000142188,TMEM50B,75,-0.1808,31,-1.5469,98,0.24644,99,0.27186,191,1.46507,97,0.23610,30,-1.6014,52,-0.7635
ENSG00000159140,SON,156,-0.7405,122,-1.1304,192,-0.4141,111,-1.2648,233,-0.1085,519,1.30455,394,0.78990,261,0.07928
ENSG00000205758,CRYZL1,28,-0.7055,42,-0.0401,46,0.11402,47,0.16081,36,-0.2996,44,0.02332,35,-0.3485,67,0.75451
ENSG00000205726,ITSN1,74,-0.1039,70,-0.2073,112,0.58147,75,-0.0892,143,1.02586,91,0.22180,30,-1.4912,39,-1.1230
ENSG00000241837,ATP5PO,243,-0.2310,77,-1.9887,388,0.55304,422,0.70099,344,0.34775,377,0.50126,105,-1.5379,282,0.01431
ENSG00000243927,MRPS6,48,0.36569,11,-1.9573,123,2.17426,64,0.85935,24,-0.7365,1,-5.0471,16,-1.3622,23,-0.8109
ENSG00000198743,SLC5A3,42,-0.0605,12,-1.9280,139,2.19367,61,0.55390,65,0.68212,1,-5.2121,25,-0.8433,3,-3.7262
ENSG00000159200,RCAN1,55,-1.3069,30,-2.2194,62,-1.1183,237,1.10874,49,-1.4801,227,1.02598,204,0.83331,142,0.20550
ENSG00000159228,CBR1,67,-0.7232,53,-1.0850,136,0.43411,90,-0.2564,50,-1.1745,11,-3.4116,175,0.87916,260,1.63823
ENSG00000182670,TTC3,254,-0.5687,330,-0.1478,233,-0.6983,307,-0.2611,394,0.14406,835,1.50857,406,0.19362,129,-1.6089
ENSG00000157540,DYRK1A,30,-0.7435,24,-1.1223,68,0.57377,55,0.20065,86,0.98184,45,-0.1184,29,-0.8330,51,0.10087
ENSG00000157542,KCNJ6,79,0.39499,62,-0.0120,7,-3.3374,85,0.51614,264,2.94721,1,-5.7267,3,-4.4120,0,-7.8579
ENSG00000185658,BRWD1,105,-0.5164,77,-1.0108,174,0.30107,129,-0.1982,155,0.10491,314,1.37249,133,-0.1490,76,-1.0322
ENSG00000205581,HMGN1,40,-1.0213,49,-0.6981,159,1.29560,13,-2.6406,71,-0.1173,163,1.33541,31,-1.3895,85,0.16727
ENSG00000182093,GET1,105,-0.4623,50,-1.6094,179,0.41862,303,1.37493,101,-0.5263,118,-0.2798,170,0.32247,93,-0.6476
ENSG00000183036,PCP4,49,-0.8270,43,-1.0324,186,1.43370,97,0.25589,141,0.91118,28,-1.6756,45,-0.9827,76,-0.1503
ENSG00000226496,LINC00323,0,-9.1755,11,-3.1155,0,-8.0236,0,-8.6409,0,-8.6267,149,0.97531,113,0.47769,407,3.37470
ENSG00000157601,MX1,35,-0.1117,16,-1.2657,59,0.77284,91,1.60637,57,0.73272,1,-4.9908,1,-4.4653,37,0.00091
ENSG00000160194,NDUFV3,43,-1.5779,61,-1.0604,149,0.37645,101,-0.2769,136,0.22294,178,0.67819,158,0.47451,128,0.11196
ENSG00000160209,PDXK,246,0.69183,102,-0.7603,303,1.07509,266,0.83224,310,1.11656,1,-6.8140,30,-2.6049,52,-1.7815
ENSG00000160213,CSTB,69,-0.2888,11,-2.9710,160,1.14534,119,0.61415,73,-0.2095,7,-3.6716,97,0.26026,127,0.72213
ENSG00000160216,AGPAT3,42,-0.7740,52,-0.4305,178,1.74521,31,-1.2474,71,0.06076,84,0.34426,16,-2.1840,73,0.10028
ENSG00000141959,PFKL,82,-1.0186,78,-1.0936,145,-0.1276,135,-0.2437,88,-0.9118,274,0.97019,136,-0.2355,315,1.22732
ENSG00000184787,UBE2G2,27,-0.9055,38,-0.3399,65,0.53882,37,-0.4201,93,1.17574,40,-0.2780,41,-0.2478,39,-0.3211
ENSG00000184900,SUMO3,126,-0.0506,54,-1.3877,245,1.10491,189,0.62862,180,0.54817,133,0.04133,58,-1.2767,56,-1.3115
ENSG00000183255,PTTG1IP,102,0.43582,31,-1.4425,82,0.05596,37,-1.1880,21,-2.0585,100,0.40187,103,0.44610,155,1.18338
ENSG00000182871,COL18A1,34,-0.7987,7,-3.1100,119,1.29461,15,-2.0491,15,-2.0214,67,0.26721,62,0.14397,137,1.57078
ENSG00000142156,COL6A1,47,-0.1100,29,-0.8758,141,1.87612,42,-0.2983,117,1.48473,18,-1.5690,7,-3.0352,5,-3.3182
ENSG00000160285,LSS,42,-1.4003,26,-2.1392,51,-1.1141,221,1.33384,158,0.70720,114,0.15446,65,-0.7436,155,0.67431
ENSG00000160305,DIP2A,22,-1.4351,46,-0.3163,52,-0.1153,35,-0.7241,58,0.06676,79,0.58487,73,0.43747,82,0.63994
ENSG00000160307,S100B,508,-2.2592,799,-1.5815,920,-1.3667,543,-2.1610,248,-3.3119,2789,0.40383,4798,1.39773,6937,2.19479
ENSG00000160310,PRMT2,127,-0.9452,165,-0.5338,268,0.24876,245,0.10361,249,0.13047,335,0.63513,212,-0.1337,241,0.07659
ENSG00000182902,SLC25A18,70,0.76602,57,0.41916,144,2.24888,4,-3.4726,34,-0.4133,39,-0.2158,1,-5.5201,6,-3.0011
ENSG00000131100,ATP6V1E1,169,-1.0069,71,-2.3183,359,0.19585,735,1.49648,399,0.37330,245,-0.4303,140,-1.2944,437,0.52843
ENSG00000099968,BCL2L13,9,-2.1395,18,-1.2137,65,0.89183,111,1.95418,34,-0.1860,1,-5.0413,40,0.05874,31,-0.3734
ENSG00000243156,MICAL3,47,-0.5626,13,-2.4537,65,-0.0409,14,-2.3700,63,-0.0900,147,1.41100,64,-0.0545,119,1.00660
ENSG00000070413,DGCR2,85,-0.0920,29,-1.7688,126,0.56532,120,0.48083,214,1.56433,61,-0.6270,22,-2.1531,63,-0.5649
ENSG00000100075,SLC25A1,33,-1.7294,40,-1.4457,44,-1.2988,464,3.22927,18,-2.5913,57,-0.9103,24,-2.2072,127,0.38904
ENSG00000242259,C22orf39,45,-0.0439,24,-1.0213,80,0.93372,36,-0.4054,86,1.07669,46,0.00525,14,-1.8068,39,-0.2898
ENSG00000070010,UFD1,36,-0.3413,6,-3.0280,77,0.92443,93,1.28009,29,-0.6923,1,-5.2314,50,0.19473,66,0.66844
ENSG00000184113,CLDN5,203,0.52014,124,-0.2967,349,1.52708,13,-3.6365,48,-1.7469,214,0.61496,26,-2.6419,215,0.62038
ENSG00000203618,GP1BB,56,0.81573,12,-1.5877,34,-0.0330,90,1.72658,62,1.01418,12,-1.6312,5,-2.9126,6,-2.5668
ENSG00000093010,COMT,13,-2.2506,2,-4.8519,50,-0.2317,56,-0.0464,61,0.11745,46,-0.3556,83,0.63670,147,1.71719
ENSG00000099901,RANBP1,64,-0.0607,43,-0.6896,125,1.09065,79,0.28604,67,0.01217,81,0.32056,15,-2.3017,59,-0.1931
ENSG00000128185,DGCR6L,56,-0.1329,18,-1.8752,114,1.10919,83,0.53014,89,0.65796,14,-2.1738,43,-0.5480,66,0.15239
ENSG00000241973,PI4KA,88,-0.8823,39,-2.0956,292,1.11787,370,1.58499,334,1.37469,39,-2.1245,22,-2.9362,47,-1.8267
ENSG00000099942,CRKL,43,-0.6009,35,-0.9113,108,0.94527,54,-0.2259,90,0.62437,84,0.48609,45,-0.5145,40,-0.7039
ENSG00000183773,AIFM3,48,0.47232,21,-0.8577,93,1.69422,13,-1.5169,45,0.34968,40,0.16339,16,-1.3024,15,-1.4057
ENSG00000185651,UBE2L3,73,-0.9401,59,-1.2757,181,0.53242,182,0.53572,194,0.64726,28,-2.3796,116,-0.2106,225,0.91965
ENSG00000100030,MAPK1,158,-0.1745,37,-2.3714,264,0.69687,322,1.05245,172,-0.0326,192,0.14873,93,-1.0132,167,-0.0832
ENSG00000100034,PPM1F,34,-0.6421,37,-0.5113,59,0.26769,52,0.03867,80,0.79194,55,0.15615,25,-1.0803,61,0.32102
ENSG00000274422,AC245060.5,26,-1.5641,55,-0.4455,18,-2.1032,3,-4.5948,75,0.05792,226,2.15824,141,1.16390,34,-1.1723
ENSG00000128266,GNAZ,57,-1.1022,30,-2.0484,67,-0.8497,216,1.09896,178,0.74110,66,-0.8789,168,0.64622,137,0.29253
ENSG00000186716,BCR,47,-0.0128,26,-0.9320,143,2.08286,53,0.19090,45,-0.0865,1,-5.3203,35,-0.4821,28,-0.8351
ENSG00000250479,CHCHD10,277,0.11509,119,-1.2263,688,1.80263,401,0.75173,349,0.50668,24,-3.5962,103,-1.4343,106,-1.3999
ENSG00000240972,MIF,372,-1.3255,319,-1.5583,840,-0.0457,1411,0.84371,536,-0.7635,552,-0.7180,810,-0.1049,2070,1.58082
ENSG00000133433,GSTT2B,36,0.05250,20,-0.9051,27,-0.4321,107,2.06430,50,0.57575,2,-4.0617,10,-1.9298,31,-0.2064
ENSG00000099977,DDT,59,-0.6172,16,-2.5668,162,1.09461,157,1.03619,76,-0.2059,1,-5.9506,52,-0.7988,168,1.16420
ENSG00000100014,SPECC1L,9,-2.3821,33,-0.3975,69,0.83859,96,1.44267,43,0.00473,8,-2.4196,47,0.16080,35,-0.3116
ENSG00000167037,SGSM1,60,-0.0874,14,-2.3109,90,0.59620,139,1.40663,133,1.31712,1,-5.7458,26,-1.3941,43,-0.6307
ENSG00000244752,CRYBB2,33,-0.0654,18,-1.0274,48,0.51661,91,1.74081,52,0.66187,1,-4.8919,34,-0.0284,2,-3.8920
ENSG00000100095,SEZ6L,92,-0.1875,12,-3.1969,254,1.62919,162,0.76054,264,1.70841,2,-5.4105,26,-2.1159,15,-2.9346
ENSG00000225783,MIAT,86,0.13485,11,-2.9168,159,1.21904,36,-1.2184,244,2.11742,86,0.13895,9,-3.2438,3,-4.8313
ENSG00000180957,PITPNB,47,-0.3769,28,-1.1774,107,1.03615,118,1.21875,84,0.60923,13,-2.2935,50,-0.2774,25,-1.3608
ENSG00000182944,EWSR1,49,-0.8179,22,-2.0349,97,0.27159,84,0.03427,124,0.70058,106,0.42133,80,-0.0501,96,0.26358
ENSG00000185340,GAS2L1,31,-0.4818,14,-1.6855,82,1.14012,29,-0.6184,58,0.50717,28,-0.6683,68,0.78373,31,-0.5053
ENSG00000100280,AP1B1,80,-0.4098,37,-1.6068,97,-0.1048,239,1.50561,271,1.77181,25,-2.1661,19,-2.6025,58,-0.9121
ENSG00000225465,RFPL1S,58,0.39918,33,-0.4854,56,0.36344,53,0.26777,111,1.60694,1,-5.1526,11,-2.1294,39,-0.2378
ENSG00000100285,NEFH,283,-0.8850,185,-1.5345,96,-2.5075,1665,2.35241,1561,2.19624,10,-5.7403,98,-2.4812,45,-3.6033
ENSG00000184117,NIPSNAP1,42,-0.5092,21,-1.5207,120,1.31250,95,0.87532,116,1.25090,1,-5.6016,0,-6.7519,61,0.11325
ENSG00000184076,UQCR10,222,-0.4926,195,-0.6941,481,0.80526,462,0.73440,392,0.44396,95,-1.7970,232,-0.4187,328,0.14173
ENSG00000099995,SF3A1,42,0.48745,22,-0.5874,45,0.59446,27,-0.2465,74,1.51999,1,-4.5165,3,-3.5434,39,0.33270
ENSG00000128242,GAL3ST1,3,-4.1134,22,-1.2224,4,-3.7195,9,-2.4766,24,-1.1324,8,-2.7112,126,1.70515,198,2.79618
ENSG00000198832,SELENOM,98,-0.6917,26,-2.6594,428,1.92437,195,0.41920,152,0.00077,25,-2.7558,87,-0.8803,203,0.48746
ENSG00000100100,PIK3IP1,51,0.41029,18,-1.2049,56,0.58271,63,0.80063,36,-0.1720,1,-5.0713,34,-0.2509,58,0.64542
ENSG00000185721,DRG1,55,0.04316,10,-2.4823,64,0.30359,105,1.18178,66,0.34486,67,0.38492,27,-1.0704,33,-0.7631
ENSG00000128245,YWHAH,336,-0.6297,168,-1.6953,725,0.64142,1215,1.62001,1030,1.28839,132,-2.0562,236,-1.1797,138,-1.9921
ENSG00000100220,RTCB,46,-0.9402,20,-2.1853,125,0.69692,143,0.93588,104,0.38038,119,0.61109,38,-1.2415,70,-0.2888
ENSG00000100225,FBXO7,50,-0.9549,33,-1.6042,17,-2.5671,41,-1.2521,57,-0.7459,173,1.10276,174,1.11031,190,1.27860
ENSG00000100234,TIMP3,227,1.26665,43,-1.4796,438,2.76939,14,-3.0866,14,-3.0791,25,-2.2473,32,-1.9255,92,-0.3082
ENSG00000100284,TOM1,73,0.11054,17,-2.1647,109,0.78810,171,1.65780,135,1.18894,1,-5.8652,17,-2.1047,25,-1.5456
ENSG00000100320,RBFOX2,95,-0.2704,49,-1.2827,146,0.44230,168,0.69464,226,1.24199,115,0.04798,46,-1.3724,49,-1.3019
ENSG00000128335,APOL2,37,-0.5133,18,-1.6288,41,-0.3819,143,1.87933,96,1.07633,25,-1.1100,5,-3.4701,47,-0.1329
ENSG00000100345,MYH9,44,-0.3526,25,-1.2332,33,-0.7798,3,-4.0177,18,-1.6740,199,2.53335,23,-1.3120,90,0.86637
ENSG00000100348,TXN2,60,-0.2303,58,-0.2910,110,0.78230,114,0.84586,73,0.09113,63,-0.1583,44,-0.7275,33,-1.1528
ENSG00000100353,EIF3D,16,-1.5329,13,-1.8381,52,0.27318,67,0.72310,18,-1.4007,65,0.65976,40,-0.1521,80,1.04054
ENSG00000100362,PVALB,13,-2.6633,46,-0.7831,14,-2.4900,1,-5.4206,155,1.29416,123,0.85233,148,1.19489,97,0.43907
ENSG00000100379,KCTD17,32,-1.1296,28,-1.2946,58,-0.1993,239,2.54152,90,0.53828,34,-1.0122,21,-1.7831,21,-1.7347
ENSG00000128283,CDC42EP1,8,-3.4010,15,-2.5575,0,-7.6190,0,-8.6072,13,-2.8472,175,1.30520,190,1.46776,267,2.21197
ENSG00000100083,GGA1,38,-0.2206,25,-0.8995,35,-0.3872,68,0.75203,44,-0.0166,36,-0.3166,53,0.30712,53,0.30948
ENSG00000241360,PDXP,107,-0.2327,42,-1.6753,247,1.22400,182,0.65902,235,1.12886,1,-6.7072,54,-1.2993,119,-0.0635
ENSG00000100097,LGALS1,156,-2.2214,156,-2.2288,114,-2.6812,1130,0.93255,307,-1.2068,641,-0.0462,947,0.61524,1822,1.88444
ENSG00000189060,H1F0,34,-0.6427,30,-0.8188,86,0.88477,35,-0.6079,43,-0.2744,53,0.04433,83,0.82555,45,-0.1977
ENSG00000100116,GCAT,55,0.38523,30,-0.5749,48,0.18055,93,1.35216,48,0.16730,1,-5.2016,24,-0.9115,47,0.13956
ENSG00000100129,EIF3L,47,-0.4092,39,-0.6926,75,0.37166,67,0.17139,69,0.23935,40,-0.6307,50,-0.2842,93,0.74624
ENSG00000100142,POLR2F,30,-1.4620,72,-0.0903,46,-0.7761,43,-0.8902,66,-0.2319,42,-0.9454,121,0.80210,187,1.63211
ENSG00000100146,SOX10,23,-1.5490,42,-0.6068,8,-3.0273,2,-4.8267,13,-2.3515,35,-0.9082,173,1.89164,200,2.22877
ENSG00000198792,TMEM184B,48,-1.2580,28,-2.0666,31,-1.8838,63,-0.8476,95,-0.1866,118,0.15916,171,0.79990,301,1.92429
ENSG00000213923,CSNK1E,62,-0.5942,59,-0.6503,155,0.95254,16,-2.5773,123,0.53779,108,0.31040,111,0.35598,81,-0.1605
ENSG00000100201,DDX17,162,-0.8469,128,-1.2078,499,1.03396,135,-1.1304,195,-0.5543,404,0.65358,300,0.14351,379,0.54184
ENSG00000100216,TOMM22,55,-0.4019,31,-1.2701,82,0.25400,78,0.16156,113,0.80758,107,0.70344,30,-1.3261,68,-0.0599
ENSG00000100242,SUN2,70,-1.2032,102,-0.6277,139,-0.1270,153,0.03145,73,-1.1373,147,-0.0355,191,0.39863,328,1.38760
ENSG00000221890,NPTXR,105,0.35101,47,-0.9345,252,2.02673,46,-0.9681,172,1.23080,11,-3.0251,19,-2.3202,30,-1.6276
ENSG00000183741,CBX6,117,-0.0585,124,0.02606,84,-0.6017,61,-1.0861,184,0.69840,100,-0.3161,178,0.64684,126,0.05692
ENSG00000100307,CBX7,60,-0.1424,16,-2.1440,101,0.75497,27,-1.3425,139,1.34005,33,-1.0631,57,-0.2098,87,0.48868
ENSG00000100316,RPL3,434,-0.6304,542,-0.2744,1079,0.89510,334,-1.0391,588,-0.1431,429,-0.6485,612,-0.0792,1119,0.96278
ENSG00000100321,SYNGR1,102,-0.6621,35,-2.2944,160,0.06469,312,1.24243,486,2.18186,16,-3.3910,43,-1.9861,80,-1.0442
ENSG00000128268,MGAT3,53,-0.0140,11,-2.3219,73,0.51733,37,-0.5764,134,1.67533,18,-1.6345,54,0.00590,46,-0.2335
ENSG00000128272,ATF4,66,-1.1523,56,-1.3981,114,-0.2958,140,0.03117,133,-0.0490,188,0.53000,143,0.06657,258,1.09735
ENSG00000187051,RPS19BP1,82,-0.5976,48,-1.4232,164,0.53387,187,0.76449,132,0.16836,89,-0.4731,46,-1.4880,207,0.95084
ENSG00000100354,TNRC6B,58,-0.8248,124,0.41588,128,0.46134,23,-2.2049,145,0.68237,130,0.49031,129,0.47645,40,-1.3975
ENSG00000100359,SGSM3,46,0.08233,25,-0.9135,53,0.30612,86,1.17343,70,0.79103,31,-0.5546,22,-1.1024,19,-1.2924
ENSG00000100380,ST13,145,-0.9959,122,-1.2578,369,0.52192,286,0.08624,280,0.05454,336,0.35836,253,-0.1108,378,0.56103
ENSG00000100387,RBX1,123,-0.9092,109,-1.0995,225,0.04894,333,0.72355,181,-0.3008,228,0.07481,187,-0.2464,358,0.85204
ENSG00000100395,L3MBTL2,41,0.15819,20,-0.9464,61,0.84331,32,-0.2279,101,1.81143,1,-4.9931,42,0.19540,0,-6.3532
ENSG00000100399,CHADL,14,-2.8870,40,-1.3200,12,-3.0708,12,-3.0625,7,-3.8431,68,-0.4802,211,1.48990,372,2.83219
ENSG00000100401,RANGAP1,174,-0.1123,40,-2.3620,294,0.77814,293,0.76936,441,1.55065,14,-3.8578,127,-0.6203,110,-0.8418
ENSG00000100403,ZC3H7B,83,0.68766,24,-1.2974,58,0.08481,34,-0.7821,59,0.10640,39,-0.5408,32,-0.8720,113,1.25784
ENSG00000167074,TEF,54,0.80986,20,-0.8388,43,0.41974,25,-0.4482,70,1.28861,1,-4.8413,33,-0.0170,22,-0.6552
ENSG00000183864,TOB2,18,-1.1648,42,0.18523,21,-0.9007,19,-1.0860,23,-0.7696,12,-1.7247,77,1.24789,90,1.54466
ENSG00000100412,ACO2,175,-0.2366,68,-1.6980,369,1.04567,304,0.69515,395,1.17405,194,-0.0650,66,-1.7488,47,-2.2371
ENSG00000100413,POLR3H,16,-1.5137,41,-0.0984,55,0.39996,39,-0.1624,80,1.06501,39,-0.1472,17,-1.4001,58,0.49013
ENSG00000172346,CSDC2,68,0.76780,21,-1.0916,71,0.83884,77,1.00440,93,1.35721,1,-5.1974,2,-4.5767,13,-1.8742
ENSG00000100417,PMM1,42,-0.6214,15,-2.1932,59,-0.0736,219,2.46264,70,0.21894,1,-5.6931,64,0.06434,24,-1.4592
ENSG00000100418,DESI1,20,-1.4421,26,-1.0751,108,1.32370,42,-0.2977,38,-0.4592,1,-5.3864,90,0.97742,82,0.82515
ENSG00000196419,XRCC6,85,-0.5629,39,-1.7465,173,0.60540,239,1.19783,191,0.77714,11,-3.5597,83,-0.5957,146,0.31189
ENSG00000100138,SNU13,231,-0.1246,44,-2.6605,504,1.24349,480,1.15104,343,0.54264,120,-1.1475,107,-1.3281,163,-0.6812
ENSG00000198911,SREBF2,176,0.25071,49,-1.7367,237,0.77102,191,0.39593,324,1.35590,19,-3.1127,96,-0.7317,116,-0.4247
ENSG00000100167,SEPTIN3,91,-0.8132,49,-1.7640,351,1.50883,311,1.26564,304,1.22216,10,-4.1087,19,-3.1219,79,-1.0291
ENSG00000183172,SMDT1,65,-0.9573,29,-2.1833,172,0.63417,192,0.82960,119,0.01071,105,-0.1981,133,0.18588,133,0.19654
ENSG00000184983,NDUFA6,107,-0.3409,54,-1.3968,213,0.82221,180,0.52672,138,0.08042,112,-0.2717,75,-0.8867,175,0.47948
ENSG00000189306,RRP7A,49,0.50342,15,-1.4165,22,-0.7934,83,1.46847,57,0.76519,1,-4.9581,36,-0.0198,28,-0.3968
ENSG00000100243,CYB5R3,88,-1.2441,74,-1.5057,221,0.21556,332,0.92671,131,-0.6240,120,-0.7674,192,-0.0148,393,1.24723
ENSG00000100266,PACSIN2,58,-0.2429,17,-2.0736,50,-0.4595,50,-0.4677,233,2.40233,42,-0.7372,37,-0.9228,50,-0.4878
ENSG00000130540,SULT4A1,138,-0.0531,38,-2.0343,165,0.24012,417,2.00301,311,1.38412,1,-6.9159,25,-2.6718,48,-1.7013
ENSG00000100347,SAMM50,12,-1.9723,30,-0.6108,96,1.37263,65,0.64258,76,0.92665,18,-1.3857,31,-0.5683,26,-0.8447
ENSG00000188677,PARVB,40,-0.2042,23,-1.0658,15,-1.6900,95,1.27819,103,1.43402,30,-0.6612,9,-2.4888,51,0.18737
ENSG00000100364,KIAA0930,174,0.41981,79,-0.8525,201,0.67016,58,-1.3393,165,0.32751,176,0.43679,156,0.23584,75,-0.9349
ENSG00000130638,ATXN10,110,-0.7353,46,-2.0499,197,0.20312,479,1.86398,219,0.38145,38,-2.3253,166,-0.0858,141,-0.3460
ENSG00000100422,CERK,101,0.02036,23,-2.2737,144,0.62581,141,0.58459,287,1.96413,35,-1.6062,55,-0.9474,12,-3.1347
ENSG00000219438,TAFA5,149,0.14966,81,-0.8170,116,-0.2515,162,0.29499,290,1.34824,28,-2.4078,150,0.16000,110,-0.3409
ENSG00000198355,PIM3,22,-1.3169,37,-0.5240,22,-1.3503,134,1.71246,111,1.34188,13,-2.1233,5,-3.4747,72,0.55206
ENSG00000100427,MLC1,131,1.83066,46,-0.0662,160,2.29652,16,-1.6804,13,-2.0436,1,-5.3548,1,-4.8436,17,-1.5662
ENSG00000100239,PPP6R2,41,0.24304,15,-1.3790,54,0.69514,67,1.08386,56,0.76019,1,-4.9270,15,-1.3348,37,0.06420
ENSG00000100241,SBF1,56,-0.2648,9,-3.0029,30,-1.2198,77,0.24206,80,0.30225,13,-2.4997,110,0.86649,156,1.53553
ENSG00000008735,MAPK8IP2,173,-0.1359,108,-0.8785,245,0.44060,313,0.87512,450,1.57514,43,-2.2807,147,-0.4001,27,-2.9610
ENSG00000169100,SLC25A6,204,-0.1925,73,-1.7719,398,0.95150,373,0.83173,403,0.97181,126,-0.9550,124,-0.9775,137,-0.8294
ENSG00000214717,ZBED1,33,-0.2090,23,-0.7978,56,0.67895,40,0.11325,25,-0.6737,1,-4.9967,75,1.20097,49,0.41740
ENSG00000002586,CD99,82,-0.2978,71,-0.5210,314,2.21316,38,-1.4633,38,-1.4817,67,-0.5998,122,0.36601,53,-0.9843
ENSG00000146938,NLGN4X,36,-0.6282,36,-0.6083,87,0.86175,58,0.16157,122,1.50263,63,0.30123,0,-7.2005,20,-1.5330
ENSG00000073464,CLCN4,77,-0.6336,15,-3.0537,59,-1.0497,281,1.61770,225,1.18023,30,-2.0821,146,0.40116,86,-0.4695
ENSG00000205542,TMSB4X,729,-2.0288,2091,-0.4125,1850,-0.6065,2191,-0.3372,816,-1.8606,3319,0.34781,5641,1.30929,4935,1.05381
ENSG00000046653,GPM6B,458,-2.3140,909,-1.2846,536,-2.0815,132,-4.1293,101,-4.5153,4333,1.32729,5339,1.75382,4610,1.44985
ENSG00000130150,MOSPD2,9,-2.6919,17,-1.8301,0,-7.0165,9,-2.6918,11,-2.4976,153,1.86466,98,0.97241,148,1.79339
ENSG00000182287,AP1S2,69,-1.1183,36,-2.0906,195,0.56001,387,1.87702,188,0.49075,101,-0.5357,65,-1.2212,82,-0.8577
ENSG00000169895,SYAP1,38,-0.8882,24,-1.5937,27,-1.3917,71,0.10087,102,0.72325,69,0.05718,122,1.04521,80,0.31335
ENSG00000102054,RBBP7,15,-1.8706,24,-1.1204,79,0.78558,52,0.05302,54,0.12215,26,-1.0015,64,0.41619,85,0.92020
ENSG00000169891,REPS2,29,-1.3621,31,-1.2664,26,-1.5029,128,1.06407,112,0.81608,114,0.86023,70,0.00715,45,-0.6991
ENSG00000131828,PDHA1,27,-0.8899,16,-1.6189,65,0.54409,76,0.82543,135,1.94308,1,-5.3272,8,-2.6071,49,0.04647
ENSG00000147010,SH3KBP1,18,-2.2248,42,-0.9871,58,-0.5126,27,-1.6485,103,0.43332,142,1.00660,119,0.68132,126,0.78390
ENSG00000184368,MAP7D2,133,-0.3379,81,-1.1113,192,0.26546,298,1.04472,487,2.04801,51,-1.8017,29,-2.6123,37,-2.2740
ENSG00000173674,EIF1AX,96,-0.8973,77,-1.2262,90,-0.9944,89,-1.0173,175,0.06341,448,1.79446,115,-0.6091,259,0.72962
ENSG00000102172,SMS,14,-1.9052,30,-0.7525,69,0.63222,105,1.40053,109,1.48332,37,-0.3915,10,-2.3512,7,-2.8751
ENSG00000130066,SAT1,80,-0.1925,75,-0.2975,123,0.52245,46,-1.0713,47,-1.0226,254,1.91899,12,-2.9777,84,-0.1143
ENSG00000184831,APOO,38,-0.4816,10,-2.4896,56,0.15031,110,1.36102,62,0.33319,32,-0.7372,45,-0.2036,55,0.13091
ENSG00000130741,EIF2S3,45,-0.6548,32,-1.1544,159,1.53508,64,-0.0882,70,0.06275,1,-5.8372,47,-0.5923,123,1.03444
ENSG00000067992,PDK3,25,-1.0049,14,-1.8535,79,0.86335,76,0.80919,80,0.89850,72,0.71974,8,-2.5819,24,-1.0398
ENSG00000147027,TMEM47,72,-0.5993,39,-1.5379,187,1.01137,83,-0.3645,231,1.42165,187,1.01866,21,-2.4153,13,-3.1216
ENSG00000130962,PRRG1,7,-3.7791,20,-2.2149,0,-8.0302,16,-2.5101,0,-8.7151,184,1.37348,259,2.09236,195,1.48588
ENSG00000165169,DYNLT3,76,-0.8900,58,-1.3082,172,0.42300,397,2.03840,246,1.05567,42,-1.7909,35,-2.0860,45,-1.6983
ENSG00000156298,TSPAN7,204,-0.7383,44,-3.0441,873,1.82905,221,-0.6134,875,1.83634,107,-1.7209,102,-1.7946,163,-1.0845
ENSG00000165175,MID1IP1,62,-0.4689,72,-0.2231,111,0.49660,57,-0.6050,59,-0.5526,14,-2.7279,147,0.99938,141,0.91145
ENSG00000182220,ATP6AP2,125,-1.0775,48,-2.5020,325,0.46802,417,0.91004,584,1.55743,188,-0.4350,92,-1.5342,191,-0.4146
ENSG00000124486,USP9X,52,-1.3781,51,-1.4162,127,0.01577,195,0.75382,132,0.08490,292,1.51530,115,-0.1397,40,-1.7612
ENSG00000215301,DDX3X,73,-0.8176,63,-1.0251,119,-0.0249,155,0.40782,190,0.76966,111,-0.1463,146,0.31129,113,-0.1191
ENSG00000189221,MAOA,97,-0.0115,12,-3.1340,49,-1.0712,529,3.86550,5,-4.2631,1,-6.3681,76,-0.4030,10,-3.3281
ENSG00000069535,MAOB,62,-0.2918,26,-1.6362,210,1.92754,128,0.93934,128,0.94085,1,-5.9776,6,-3.5928,33,-1.2886
ENSG00000069509,FUNDC1,26,-0.8975,10,-2.3264,85,1.04243,128,1.85478,78,0.89433,1,-5.3067,1,-5.1201,43,-0.1289
ENSG00000065923,SLC9A7,51,-0.7566,28,-1.6649,186,1.48376,119,0.64570,207,1.70306,40,-1.1187,19,-2.2225,1,-6.2397
ENSG00000147123,NDUFB11,83,-0.5389,53,-1.2213,191,0.86448,208,1.02318,176,0.71896,2,-5.8194,70,-0.8072,141,0.33793
ENSG00000182872,RBM10,39,0.09409,13,-1.6398,30,-0.3311,33,-0.1467,60,0.82782,32,-0.2020,53,0.61023,34,-0.1252
ENSG00000130985,UBA1,54,-1.5424,30,-2.4023,311,1.34756,257,0.98356,165,0.20622,199,0.52379,29,-2.4400,119,-0.3224
ENSG00000102225,CDK16,47,-0.2961,22,-1.4133,34,-0.8095,97,0.95353,128,1.47674,1,-5.5426,59,0.09941,59,0.09679
ENSG00000102226,USP11,244,-0.1847,91,-1.7137,413,0.70531,533,1.17364,632,1.50992,42,-2.8537,80,-1.8976,149,-0.9585
ENSG00000008056,SYN1,188,-0.1698,68,-1.7418,450,1.36603,428,1.27140,444,1.33933,1,-7.4646,60,-1.9239,30,-2.9449
ENSG00000126756,UXT,33,-0.2233,15,-1.4469,31,-0.3475,51,0.47196,9,-2.1272,7,-2.6202,73,1.12371,88,1.46691
ENSG00000102317,RBM3,33,-1.2050,48,-0.6148,105,0.66945,78,0.16584,55,-0.4187,74,0.07060,96,0.51416,78,0.14732
ENSG00000101940,WDR13,41,-0.7392,33,-1.0759,46,-0.5342,85,0.46378,78,0.30188,45,-0.5680,53,-0.3108,137,1.31644
ENSG00000094631,HDAC6,60,0.21794,26,-1.1206,66,0.38371,57,0.15296,61,0.25011,45,-0.2285,28,-0.9532,75,0.61080
ENSG00000102109,PCSK1N,448,-0.4873,158,-2.0766,1389,1.49254,1166,1.14890,871,0.61766,131,-2.3553,262,-1.3176,418,-0.5966
ENSG00000102103,PQBP1,25,-1.1163,0,-5.9564,61,0.31395,87,0.93985,73,0.62372,110,1.39257,12,-2.1818,34,-0.5972
ENSG00000126768,TIMM17B,29,-0.8456,7,-2.9197,67,0.51830,37,-0.4440,40,-0.3239,87,0.98509,78,0.78114,48,-0.0271
ENSG00000068308,OTUD5,58,-0.0418,16,-2.0291,141,1.55799,102,0.94542,94,0.78776,1,-5.5082,24,-1.3717,37,-0.7319
ENSG00000068400,GRIPAP1,54,-0.1978,58,-0.0760,61,-0.0110,64,0.06850,147,1.58795,24,-1.4650,31,-1.0605,50,-0.3353
ENSG00000243279,PRAF2,45,-1.2324,38,-1.4899,148,0.67806,268,1.83209,129,0.43482,1,-6.2572,77,-0.4116,87,-0.2031
ENSG00000196998,WDR45,36,-0.1235,13,-1.6602,73,1.09923,74,1.11934,67,0.94670,1,-5.0407,17,-1.2797,29,-0.4640
ENSG00000102003,SYP,140,-1.1448,61,-2.3818,352,0.33439,306,0.10182,954,2.30294,223,-0.4171,123,-1.3403,146,-1.0737
ENSG00000273820,USP27X,41,0.17213,9,-2.0661,47,0.37851,10,-1.9328,105,1.92426,53,0.59320,31,-0.2724,0,-7.1109
ENSG00000179222,MAGED1,182,-0.5513,52,-2.4377,444,0.95374,626,1.62419,439,0.93380,137,-0.9883,35,-3.0192,131,-1.0597
ENSG00000184205,TSPYL2,89,-0.4473,26,-2.3014,266,1.47148,200,0.92303,225,1.14113,66,-0.9182,22,-2.5412,43,-1.5574
ENSG00000072506,HSD17B10,38,0.21784,20,-0.8154,28,-0.2582,58,0.95766,17,-1.0635,1,-4.7651,15,-1.1968,89,1.79015
ENSG00000086758,HUWE1,95,-0.6160,97,-0.5925,146,0.06733,179,0.41592,158,0.19749,285,1.25459,104,-0.4832,56,-1.4333
ENSG00000158526,TSR2,67,-0.5600,88,-0.1082,78,-0.3102,101,0.11220,64,-0.6218,126,0.48455,68,-0.5216,163,0.94354
ENSG00000102316,MAGED2,68,-1.2638,68,-1.2545,244,0.81754,291,1.14141,271,1.00789,18,-3.2438,100,-0.6609,152,0.00936
ENSG00000067445,TRO,31,-0.4921,14,-1.6377,54,0.41506,54,0.42786,127,2.08279,25,-0.7831,6,-2.8841,23,-0.9232
ENSG00000256045,MTRNR2L10,493,0.90199,756,1.74108,110,-1.5326,30,-3.4171,176,-0.8061,299,0.03983,352,0.30882,121,-1.3836
ENSG00000187601,MAGEH1,58,-0.8131,26,-2.0057,176,1.03415,158,0.83785,164,0.89992,86,-0.1968,15,-2.8286,93,-0.0710
ENSG00000188021,UBQLN2,123,0.14707,31,-2.0012,206,1.04828,131,0.24702,227,1.23114,42,-1.5455,53,-1.1833,89,-0.3792
ENSG00000204272,NBDY,24,-1.3577,27,-1.1722,96,0.87022,158,1.84204,43,-0.4825,1,-5.6086,27,-1.1820,87,0.68633
ENSG00000131089,ARHGEF9,57,-0.7088,34,-1.4875,134,0.71045,135,0.71479,143,0.81625,102,0.24285,61,-0.5846,42,-1.1834
ENSG00000147065,MSN,25,-1.2052,34,-0.7198,62,0.25688,116,1.36767,1,-5.4268,34,-0.7096,92,0.94146,63,0.27917
ENSG00000181704,YIPF6,73,0.41595,15,-2.0238,18,-1.7969,58,0.03624,85,0.68289,49,-0.2483,96,0.89904,61,0.12070
ENSG00000181191,PJA1,29,-1.3778,10,-2.9207,112,0.78830,131,1.07114,111,0.77506,107,0.70477,36,-1.0690,29,-1.3938
ENSG00000089289,IGBP1,45,0.05468,35,-0.3260,51,0.26212,83,1.13596,50,0.24478,1,-5.1977,21,-1.0999,60,0.54183
ENSG00000120509,PDZD11,16,-1.6974,32,-0.6079,144,2.08901,107,1.43961,33,-0.5743,1,-5.3347,21,-1.2644,25,-0.9785
ENSG00000147164,SNX12,38,-0.4233,19,-1.4854,70,0.57575,69,0.55150,79,0.79483,41,-0.2971,32,-0.6925,48,-0.0328
ENSG00000196338,NLGN3,29,-0.8991,3,-4.2018,104,1.24287,27,-1.0209,47,-0.1472,22,-1.2839,62,0.32364,116,1.45452
ENSG00000169562,GJB1,5,-4.8078,29,-2.2539,12,-3.5148,0,-9.1952,8,-3.9967,224,1.01002,308,1.63463,414,2.30421
ENSG00000147130,ZMYM3,38,0.13087,3,-3.5216,93,1.80149,32,-0.1442,81,1.51823,1,-4.8874,1,-4.7540,29,-0.2825
ENSG00000147140,NONO,64,-0.1104,29,-1.3231,122,1.00862,62,-0.1522,110,0.82126,9,-3.0733,89,0.44593,60,-0.1968
ENSG00000147162,OGT,58,-0.3341,23,-1.7344,60,-0.2842,64,-0.1850,75,0.06841,124,0.93186,59,-0.3112,111,0.74089
ENSG00000102309,PIN4,26,-0.6121,33,-0.2173,30,-0.3703,50,0.43777,27,-0.5366,16,-1.3015,51,0.48722,71,1.08179
ENSG00000198034,RPS4X,236,-0.9504,302,-0.5646,632,0.66132,460,0.11740,218,-1.0727,401,-0.1084,516,0.31108,663,0.74762
ENSG00000186462,NAP1L2,100,-0.7402,15,-3.5688,307,1.16282,225,0.59586,379,1.57623,163,0.04559,39,-2.1720,39,-2.1369
ENSG00000204116,CHIC1,26,-0.7544,11,-2.0478,53,0.37216,24,-0.8780,74,0.95790,64,0.71851,41,-0.0456,44,0.08055
ENSG00000230590,FTX,28,-0.8966,43,-0.2087,14,-1.8627,22,-1.2499,55,0.19797,131,1.80109,31,-0.7193,67,0.53255
ENSG00000131263,RLIM,63,-0.6764,19,-2.4362,110,0.22537,176,1.05539,133,0.54289,136,0.58038,51,-1.0062,81,-0.2762
ENSG00000198934,MAGEE1,44,-0.7130,23,-1.7290,150,1.36996,160,1.50583,115,0.87466,44,-0.7319,11,-2.7101,6,-3.5418
ENSG00000085224,ATRX,188,-0.4714,247,-0.0330,231,-0.1441,65,-2.0823,377,0.68803,415,0.85965,352,0.56768,139,-0.9405
ENSG00000102158,MAGT1,34,-0.2779,28,-0.5906,14,-1.6718,27,-0.6189,2,-4.4205,30,-0.4836,90,1.40896,100,1.62316
ENSG00000131174,COX7B,150,-0.8164,125,-1.1040,353,0.58231,456,1.04255,268,0.11098,99,-1.4605,204,-0.3364,350,0.56469
ENSG00000102144,PGK1,238,-0.7345,150,-1.4384,501,0.48309,1065,1.93886,656,0.96279,54,-2.9611,164,-1.3090,181,-1.1569
ENSG00000078596,ITM2A,97,-0.3271,125,0.08834,183,0.74293,0,-9.1084,59,-1.0945,162,0.52751,135,0.21767,186,0.77818
ENSG00000198157,HMGN5,40,-0.0151,128,2.18213,31,-0.4407,9,-2.2106,26,-0.7193,1,-4.9701,78,1.14184,11,-2.0388
ENSG00000131171,SH3BGRL,45,-1.7647,44,-1.7775,181,0.43042,148,0.09477,132,-0.0916,110,-0.3863,222,0.78730,237,0.90740
ENSG00000186310,NAP1L3,110,-0.7145,50,-1.9081,459,1.80873,232,0.50733,307,1.00895,111,-0.7013,31,-2.6071,74,-1.3248
ENSG00000165194,PCDH19,73,1.29131,5,-2.7741,74,1.31460,75,1.31987,41,0.26148,11,-1.8223,2,-4.1892,0,-5.7658
ENSG00000126950,TMEM35A,58,-0.6547,10,-3.2219,199,1.46089,244,1.88225,168,1.12872,1,-6.2223,14,-2.7808,10,-3.3095
ENSG00000241343,RPL36A,243,-0.7438,436,0.19528,539,0.55901,139,-1.6017,151,-1.4800,240,-0.7632,597,0.73913,754,1.16891
ENSG00000126945,HNRNPH2,63,-0.8227,27,-2.0971,133,0.39136,152,0.61414,202,1.13313,136,0.42239,24,-2.2734,108,0.03607
ENSG00000126947,ARMCX1,33,-0.2759,1,-4.7042,72,1.03234,104,1.75443,61,0.71745,15,-1.5034,19,-1.1825,12,-1.7678
ENSG00000102401,ARMCX3,44,-1.5031,109,-0.0881,78,-0.6197,197,0.93202,195,0.91866,120,0.07193,113,-0.0267,62,-0.9663
ENSG00000184867,ARMCX2,24,-1.4365,23,-1.4639,57,-0.1032,191,2.19033,91,0.70064,4,-3.9254,44,-0.5083,48,-0.3696
ENSG00000184905,TCEAL2,109,-0.6381,98,-0.8152,332,1.25473,276,0.90534,336,1.28040,63,-1.4958,21,-3.1018,69,-1.3427
ENSG00000204071,TCEAL6,68,-0.0694,22,-1.8139,120,0.89480,103,0.63333,97,0.53371,97,0.51870,7,-3.3749,54,-0.4443
ENSG00000184515,BEX5,151,-0.5240,176,-0.2735,368,0.98527,409,1.18354,410,1.18705,1,-7.4634,62,-1.8731,91,-1.3033
ENSG00000198932,GPRASP1,79,-0.7125,9,-3.8646,277,1.44866,97,-0.3803,365,2.03391,84,-0.6220,41,-1.7008,34,-1.9977
ENSG00000158301,GPRASP2,34,-1.2743,23,-1.8396,173,1.45015,115,0.68376,198,1.72151,16,-2.3575,7,-3.4714,48,-0.7482
ENSG00000133169,BEX1,278,-0.7497,186,-1.3649,837,1.10910,1414,2.20912,637,0.61256,34,-3.8743,46,-3.4321,120,-2.0295
ENSG00000102409,BEX4,228,-0.5164,90,-1.9418,640,1.25796,408,0.44308,535,0.92203,217,-0.5955,192,-0.7809,200,-0.7179
ENSG00000180964,TCEAL8,25,-1.1083,41,-0.3447,71,0.57193,51,0.01713,55,0.15008,73,0.62321,51,0.01999,37,-0.5032
ENSG00000204065,TCEAL5,34,-0.3679,16,-1.5034,49,0.20543,51,0.27332,98,1.46509,51,0.26139,6,-2.8712,40,-0.1294
ENSG00000133134,BEX2,153,-0.4591,66,-1.7451,441,1.37941,508,1.66929,217,0.10983,110,-0.9664,39,-2.5221,90,-1.2773
ENSG00000182916,TCEAL7,81,-1.0808,37,-2.2395,242,0.70485,278,0.94949,192,0.30506,111,-0.5868,147,-0.1354,193,0.30836
ENSG00000185222,TCEAL9,43,-0.1932,67,0.54918,100,1.29659,44,-0.1424,11,-2.1859,16,-1.6488,46,-0.0646,57,0.27607
ENSG00000166681,BEX3,370,-0.5212,199,-1.4824,1068,1.30446,1031,1.23537,574,0.19175,212,-1.3874,247,-1.1498,392,-0.4314
ENSG00000133142,TCEAL4,103,-1.4032,181,-0.5274,120,-1.1714,306,0.32797,105,-1.3641,526,1.30889,374,0.67703,296,0.27017
ENSG00000196507,TCEAL3,108,-0.6492,129,-0.3624,258,0.80457,114,-0.5614,191,0.28144,165,0.03400,138,-0.2507,189,0.25700
ENSG00000172465,TCEAL1,47,0.43742,6,-2.7048,101,1.87440,65,1.00637,24,-0.6257,1,-4.9490,0,-5.5752,46,0.38699
ENSG00000123562,MORF4L2,228,-0.6157,62,-2.5735,444,0.47828,751,1.44999,449,0.49799,227,-0.6209,256,-0.4313,256,-0.4293
ENSG00000123560,PLP1,385,-4.5826,2126,-2.0809,126,-6.1991,225,-5.3588,357,-4.6928,14805,1.04273,23055,1.94017,24027,2.03350
ENSG00000123575,FAM199X,64,-0.4981,33,-1.4996,103,0.27595,123,0.57662,63,-0.5100,183,1.31222,47,-0.9633,81,-0.1273
ENSG00000147224,PRPS1,38,-1.2158,11,-3.0107,121,0.65039,244,2.03303,134,0.83196,88,0.11155,0,-7.7524,23,-1.9597
ENSG00000157514,TSC22D3,86,0.12379,53,-0.6553,149,1.08127,121,0.70217,149,1.08459,9,-3.2401,37,-1.2217,36,-1.2592
ENSG00000101843,PSMD10,72,-0.5220,22,-2.2785,173,0.96344,246,1.65094,80,-0.3427,70,-0.5624,31,-1.7898,98,-0.0101
ENSG00000068366,ACSL4,101,-0.3677,16,-3.0967,90,-0.5548,251,1.19728,221,0.95739,255,1.22207,41,-1.7579,41,-1.7448
ENSG00000077264,PAK3,181,0.40741,156,0.15889,227,0.80679,277,1.17169,209,0.65853,38,-2.0233,33,-2.2448,14,-3.4918
ENSG00000147246,HTR2C,10,-2.4118,5,-3.4201,261,3.72203,0,-7.8587,113,1.47446,1,-5.3927,2,-4.2846,4,-3.5752
ENSG00000102024,PLS3,26,-1.0291,9,-2.5090,34,-0.5984,9,-2.5425,30,-0.7769,90,1.03852,92,1.08197,105,1.32759
ENSG00000174460,ZCCHC12,86,-0.4145,14,-3.0978,377,2.36887,211,1.12969,150,0.51288,1,-6.5520,31,-1.9560,15,-2.9882
ENSG00000101856,PGRMC1,316,-0.6801,154,-1.7777,625,0.43367,1216,1.68347,523,0.13323,245,-1.0771,364,-0.4581,420,-0.2267
ENSG00000005022,SLC25A5,64,-0.6135,65,-0.5781,104,0.18012,128,0.53573,238,1.70752,1,-6.3044,40,-1.3059,106,0.21026
ENSG00000077721,UBE2A,33,-0.4478,5,-3.1803,48,0.15970,99,1.47457,22,-1.0497,15,-1.6728,57,0.46722,68,0.76662
ENSG00000186416,NKRF,32,-0.2440,9,-2.1121,90,1.57674,38,0.03130,110,2.01863,1,-4.9869,13,-1.5991,5,-2.9601
ENSG00000125354,SEPTIN6,50,0.27668,21,-1.0531,55,0.44276,117,1.88203,81,1.13941,1,-5.1566,10,-2.1520,2,-4.5582
ENSG00000198918,RPL39,327,-0.9437,500,-0.2740,1039,0.97716,331,-0.9241,205,-1.6539,445,-0.4604,803,0.51648,1082,1.05209
ENSG00000125351,UPF3B,31,-0.5049,62,0.64005,31,-0.5145,49,0.21381,66,0.74084,57,0.48206,27,-0.7172,18,-1.3125
ENSG00000125356,NDUFA1,142,-1.0975,154,-0.9781,627,1.40983,449,0.78010,186,-0.6823,123,-1.3144,229,-0.3536,367,0.42622
ENSG00000101882,NKAP,8,-2.7571,73,0.61127,86,0.91347,32,-0.7371,68,0.48635,40,-0.3692,68,0.49034,31,-0.8021
ENSG00000125355,TMEM255A,33,-0.9302,19,-1.7647,80,0.49615,232,2.69932,49,-0.3251,27,-1.2531,25,-1.3282,13,-2.2999
ENSG00000005893,LAMP2,78,-1.5930,47,-2.3491,91,-1.3621,30,-2.9864,31,-2.9380,341,0.76457,602,1.88072,521,1.57695
ENSG00000158290,CUL4B,54,0.14580,12,-2.1027,89,1.02117,74,0.69544,40,-0.3211,77,0.75493,27,-0.9252,20,-1.3851
ENSG00000232119,MCTS1,35,-1.1385,12,-2.6795,128,0.96413,187,1.70751,40,-0.9691,49,-0.6333,102,0.56351,32,-1.3094
ENSG00000125676,THOC2,93,0.44512,72,0.00996,12,-2.6770,16,-2.2611,62,-0.2360,147,1.26402,129,1.02203,41,-0.8777
ENSG00000101966,XIAP,96,0.44257,70,-0.0929,54,-0.5008,36,-1.1320,167,1.44511,29,-1.4488,50,-0.6125,90,0.31823
ENSG00000101972,STAG2,26,-1.3525,16,-2.0892,30,-1.1594,13,-2.3543,35,-0.9268,152,1.60082,142,1.46347,86,0.54445
ENSG00000009694,TENM1,54,0.44342,3,-3.7282,80,1.14112,10,-2.0951,139,2.31663,44,0.10110,1,-4.7836,0,-7.2640
ENSG00000102038,SMARCA1,44,-0.5115,36,-0.8451,63,0.05440,144,1.53656,52,-0.2509,70,0.22996,55,-0.1666,24,-1.4565
ENSG00000122126,OCRL,88,0.58247,15,-2.1976,91,0.63191,169,1.82335,114,1.03719,1,-5.7300,15,-2.1641,8,-3.1132
ENSG00000188706,ZDHHC9,18,-1.4777,33,-0.5089,10,-2.3237,22,-1.1221,50,0.13649,1,-5.0950,120,1.74122,114,1.63636
ENSG00000147256,ARHGAP36,36,-1.5660,26,-2.0571,56,-0.9043,650,4.95331,4,-4.6240,1,-6.3949,21,-2.4014,0,-8.5082
ENSG00000165704,HPRT1,56,-1.0267,20,-2.5639,183,0.93593,343,2.23164,154,0.61882,43,-1.4211,38,-1.5891,16,-2.8963
ENSG00000134590,RTL8C,293,-0.4180,147,-1.4873,537,0.58765,746,1.18645,473,0.36612,126,-1.7138,231,-0.7937,485,0.40926
ENSG00000203950,RTL8A,25,-0.7077,8,-2.4605,104,1.76845,33,-0.2700,38,-0.0474,27,-0.6209,31,-0.4018,50,0.38207
ENSG00000196972,SMIM10L2B,80,0.42503,18,-1.8828,92,0.67121,201,2.24703,84,0.51655,2,-4.7512,13,-2.3982,5,-3.6837
ENSG00000178947,SMIM10L2A,38,-0.4895,16,-1.7952,94,1.03654,119,1.49511,105,1.24220,4,-3.5747,29,-0.8900,7,-2.9301
ENSG00000198689,SLC9A6,130,-0.0308,31,-2.2085,186,0.58249,295,1.43916,251,1.12419,50,-1.5115,22,-2.7125,90,-0.6134
ENSG00000022267,FHL1,89,-0.4813,71,-0.8250,432,2.52246,149,0.36905,131,0.15132,1,-6.6587,12,-3.4947,72,-0.8143
ENSG00000102241,HTATSF1,51,-1.1903,71,-0.6898,210,1.13625,90,-0.3256,77,-0.5758,195,0.99792,112,0.03804,71,-0.6950
ENSG00000147274,RBMX,38,-1.1985,44,-0.9870,81,-0.0202,36,-1.2903,64,-0.4145,195,1.55035,46,-0.9106,154,1.08935
ENSG00000129682,FGF13,86,-0.4461,5,-4.4792,119,0.08340,602,3.78391,64,-0.9032,1,-6.5841,24,-2.3849,4,-4.7857
ENSG00000203930,LINC00632,100,-3.1199,788,0.02951,333,-1.3288,142,-2.6041,182,-2.2380,3484,3.16979,810,0.07472,354,-1.2364
ENSG00000182195,LDOC1,31,-1.5113,27,-1.7071,82,-0.0184,166,1.22556,109,0.46507,85,0.04399,31,-1.5378,130,0.77427
ENSG00000179542,SLITRK4,94,1.22567,22,-1.1704,33,-0.5732,33,-0.5417,150,2.22017,20,-1.3065,14,-1.8472,7,-2.7709
ENSG00000102081,FMR1,56,-0.1634,30,-1.1038,137,1.42372,43,-0.5687,43,-0.5708,33,-0.9807,80,0.43324,70,0.22036
ENSG00000010404,IDS,492,-0.2676,262,-1.2495,1214,1.31219,607,0.07613,1202,1.29336,254,-1.3013,272,-1.1961,332,-0.8873
ENSG00000102181,CD99L2,101,-0.5836,55,-1.5045,118,-0.3291,173,0.29547,357,1.63560,64,-1.2881,74,-1.0697,217,0.69046
ENSG00000160131,VMA21,80,-0.2780,16,-2.7093,144,0.71727,170,1.00770,160,0.89769,75,-0.3713,88,-0.1134,25,-2.0400
ENSG00000268089,GABRQ,10,-2.9110,1,-5.8731,116,0.94638,349,3.70568,18,-2.0058,39,-0.8661,2,-4.9393,0,-7.9463
ENSG00000147400,CETN2,37,-0.5053,22,-1.2880,49,-0.0358,122,1.59032,41,-0.3300,16,-1.7461,89,0.97922,27,-0.9792
ENSG00000183837,PNMA3,17,-1.4656,8,-2.6020,81,1.02516,47,0.07250,186,2.89815,1,-5.2483,4,-3.6291,14,-1.7372
ENSG00000235961,PNMA6A,29,-0.4718,5,-3.0654,79,1.24293,96,1.64824,87,1.44400,2,-4.3389,0,-6.9013,12,-1.7862
ENSG00000225110,PNMA6F,28,-1.0110,5,-3.4334,171,2.19594,130,1.58440,86,0.80806,1,-5.5139,0,-7.3720,9,-2.7234
ENSG00000067842,ATP2B3,21,-0.9968,19,-1.1198,67,0.91051,55,0.56674,146,2.58726,1,-5.0595,5,-2.9649,0,-7.1325
ENSG00000262919,CCNQ,11,-2.0494,9,-2.2322,42,0.00909,111,1.79666,55,0.47240,27,-0.6936,77,1.06046,1,-5.2943
ENSG00000130822,PNCK,33,-0.3398,1,-4.7381,135,2.30472,59,0.64026,83,1.25369,1,-5.1120,5,-3.0287,7,-2.6696
ENSG00000130821,SLC6A8,84,-0.1869,30,-1.7792,64,-0.6313,42,-1.2624,131,0.54556,53,-0.9053,117,0.35828,235,1.65108
ENSG00000185825,BCAP31,135,-0.7532,44,-2.4208,272,0.38821,596,1.88228,261,0.31774,167,-0.4161,138,-0.7077,112,-1.0365
ENSG00000067829,IDH3G,26,-1.1799,13,-2.1612,114,1.28507,83,0.69102,112,1.25074,1,-5.5371,27,-1.1097,64,0.25020
ENSG00000180879,SSR4,71,-0.8217,56,-1.1868,180,0.71128,122,0.04538,110,-0.1170,23,-2.4809,118,-0.0051,268,1.46037
ENSG00000067840,PDZD4,61,-0.1728,53,-0.4127,109,0.80626,57,-0.3011,101,0.65570,90,0.45507,39,-0.8918,37,-0.9721
ENSG00000198910,L1CAM,41,-1.0022,14,-2.6449,108,0.54795,268,2.37591,188,1.57363,1,-6.0551,6,-3.7872,1,-6.3095
ENSG00000102030,NAA10,51,0.15263,9,-2.4946,47,0.03117,90,1.15779,36,-0.3929,51,0.17508,41,-0.1830,44,-0.0619
ENSG00000169057,MECP2,62,-0.2114,48,-0.6249,45,-0.7367,49,-0.5814,123,0.94721,39,-0.9527,132,1.08369,69,-0.0376
ENSG00000147403,RPL10,280,-0.9465,432,-0.2670,614,0.31637,304,-0.8233,279,-0.9531,338,-0.6570,560,0.15907,1261,1.65166
ENSG00000071553,ATP6AP1,182,-0.4451,95,-1.4534,248,0.05505,391,0.83955,513,1.35409,73,-1.8448,141,-0.8433,275,0.22556
ENSG00000203879,GDI1,377,-0.2001,64,-2.8954,789,1.07429,637,0.68297,671,0.77618,145,-1.6843,303,-0.5508,426,-0.0028
ENSG00000071859,FAM50A,54,-0.2943,24,-1.5140,71,0.14841,135,1.28645,54,-0.2957,1,-5.7891,77,0.27010,104,0.79955
ENSG00000196976,LAGE3,24,-0.6297,19,-1.0151,56,0.73986,62,0.91706,39,0.10631,1,-4.9558,13,-1.5457,76,1.29741
ENSG00000071889,FAM3A,59,-0.2248,6,-3.5571,74,0.13873,98,0.61875,80,0.26837,2,-4.8184,94,0.55538,130,1.12794
ENSG00000130830,MPP1,31,-0.6278,2,-4.1521,22,-1.1614,76,0.86471,117,1.71089,42,-0.1214,22,-1.1689,54,0.26450
ENSG00000165775,FUNDC2,59,-0.6593,36,-1.4195,200,1.44355,114,0.41539,120,0.49883,43,-1.1373,65,-0.5127,76,-0.2606
ENSG00000155959,VBP1,60,-0.9558,58,-1.0217,91,-0.3143,194,0.98073,141,0.42274,38,-1.6381,112,0.02649,186,0.90523
ENSG00000124333,VAMP7,8,-2.3449,24,-0.7266,59,0.74224,43,0.19026,46,0.31295,1,-5.0254,82,1.35268,42,0.16138
ENSG00000129824,RPS4Y1,66,-0.3534,63,-0.4396,163,1.20464,97,0.27482,39,-1.1706,65,-0.3850,46,-0.9186,119,0.62494
ENSG00000114374,USP9Y,41,-0.5427,25,-1.2961,78,0.50861,21,-1.5396,72,0.37407,116,1.21993,51,-0.2052,57,-0.0157
ENSG00000067048,DDX3Y,19,-1.3053,3,-3.7548,66,0.66196,64,0.59301,63,0.58006,44,-0.0196,5,-3.1283,93,1.28080
ENSG00000198692,EIF1AY,24,-0.9034,27,-0.6902,78,1.04685,102,1.57099,15,-1.5814,1,-5.1723,43,0.03420,49,0.24439
ENSG00000198888,MT-ND1,71308,1.59098,72142,1.61503,22442,-0.4497,13410,-1.2521,16324,-0.9494,9987,-1.6992,19712,-0.6550,11674,-1.4631
ENSG00000198763,MT-ND2,62881,1.07483,91210,1.82157,15710,-1.2196,6935,-2.4478,16627,-1.1327,22633,-0.6534,35594,0.07679,20246,-0.8279
ENSG00000198712,MT-CO2,99814,1.21247,106020,1.32950,28055,-0.9264,27947,-0.9324,46407,-0.1276,21523,-1.3338,47837,-0.0780,23714,-1.1856
ENSG00000228253,MT-ATP8,3938,1.24841,5074,1.76284,1896,-0.0394,362,-2.5805,767,-1.4598,1078,-0.9385,1449,-0.4733,974,-1.0948
ENSG00000198899,MT-ATP6,78376,1.59672,60434,1.08560,24238,-0.4731,19066,-0.8507,25329,-0.4029,13393,-1.3938,22953,-0.5596,15976,-1.1242
ENSG00000198840,MT-ND3,49733,1.57169,33832,0.83224,16026,-0.4269,17160,-0.3174,14153,-0.6240,8307,-1.4468,15728,-0.4569,11907,-0.8944
ENSG00000212907,MT-ND4L,6137,1.15421,7753,1.61770,2201,-0.5928,725,-2.2830,1543,-1.1456,2360,-0.4823,2831,-0.1900,1887,-0.8335
ENSG00000198886,MT-ND4,76345,1.74426,61103,1.29128,17357,-0.8466,20114,-0.6156,23703,-0.3546,10830,-1.5695,15707,-1.0016,10700,-1.5878
ENSG00000198786,MT-ND5,16735,1.16197,23586,1.85943,4813,-0.9317,1649,-2.5463,4716,-0.9633,6094,-0.5623,7323,-0.2687,4168,-1.1535
ENSG00000198695,MT-ND6,637,1.08965,1138,2.32136,263,-0.4202,42,-3.1775,207,-0.7957,121,-1.6176,223,-0.6810,98,-1.9377
ENSG00000198727,MT-CYB,44934,1.43556,40055,1.21045,14171,-0.5678,11832,-0.8509,15179,-0.4588,8628,-1.3370,16932,-0.2836,9486,-1.1921
ENSG00000278817,AC007325.4,50,0.19872,2,-4.3771,61,0.53709,122,1.86990,102,1.49643,1,-4.8416,15,-1.6604,0,-6.0810
