Barcode,Topic 1,Topic 2to4,Topic 5,Topic 6to10
AAACACCAATAACTGC-1,0.000105,0.486282,0.000105,0.513508
AAACAGAGCGACTCCT-1,0.000034,0.504947,0.000034,0.494985
AAACAGCTTTCAGAAG-1,0.000032,0.999773,0.000032,0.000162
AAACAGGGTCTATATT-1,0.000008,0.091068,0.000008,0.908916
AAACCGGGTAGGTACC-1,0.000007,0.172627,0.000007,0.827358
AAACCTCATGAAGTTG-1,0.000012,0.269394,0.000012,0.730583
AAACGAGACGGTTGAT-1,0.000013,0.560748,0.000013,0.439226
AAACGGTTGCGAACTG-1,0.000136,0.82742,0.000136,0.172308
AAACGTGTTCGCCCTA-1,0.000102,0.612775,0.000102,0.387022
AAACTAACGTGGCGAC-1,0.000667,0.995332,0.000667,0.003334
AAACTCGGTTCGCAAT-1,0.000081,0.594335,0.000081,0.405504
AAACTGCTGGCTCCAA-1,0.000042,0.673592,0.000042,0.326324
AAACTTAATTGCACGC-1,0.000053,0.999632,0.000053,0.000263
AAACTTGCAAACGTAT-1,0.000006,0.038069,0.000006,0.961919
AAAGACCCAAGTCGCG-1,0.000043,0.999696,0.000043,0.000217
AAAGGGATGTAGCAAG-1,0.00003,0.484044,0.00003,0.515896
AAAGGGCAGCTTGAAT-1,0.000036,0.906556,0.000036,0.093371
AAAGGTAAGCTGTACC-1,0.000347,0.213445,0.000347,0.785861
AAAGTAGCATTGCTCA-1,0.000092,0.999357,0.000092,0.000459
AAAGTCGACCCTCAGT-1,0.000005,0.000014,0.000005,0.999977
AAATAACCATACGGGA-1,0.000114,0.999202,0.000114,0.00057
AAATACCTATAAGCAT-1,0.000017,0.386384,0.000017,0.613582
AAATAGCTTAGACTTT-1,0.000045,0.999688,0.000045,0.000223
AAATAGGGTGCTATTG-1,0.000012,0.06461,0.000012,0.935367
AAATGCTCGTTACGTT-1,0.000065,0.926509,0.000065,0.073362
AAATGGCATGTCTTGT-1,0.000167,0.037627,0.000167,0.962039
AAATGGCCCGTGCCCT-1,0.00003,0.744322,0.00003,0.255618
AAATTAACGGGTAGCT-1,0.000051,0.631347,0.000051,0.368552
AAATTAATAAGCGCGA-1,0.000011,0.686649,0.000011,0.313328
AAATTACACGACTCTG-1,0.000083,0.999418,0.000083,0.000416
AAATTACCTATCGATG-1,0.000024,0.73054,0.000024,0.269411
AAATTTGCGGGTGTGG-1,0.000005,0.069133,0.000005,0.930857
AACAACTGGTAGTTGC-1,0.000047,0.689125,0.000047,0.31078
AACAATTACTCTACGC-1,0.00007,0.953359,0.00007,0.0465
AACACACGCTCGCCGC-1,0.000023,0.42245,0.000023,0.577503
AACACGAGACGCGGCC-1,0.000053,0.866079,0.000053,0.133814
AACAGGAAATCGAATA-1,0.000029,0.239272,0.000029,0.760671
AACAGGATGGGCCGCG-1,0.000012,0.30101,0.000012,0.698967
AACATATCAACTGGTG-1,0.000017,0.270364,0.000017,0.729602
AACCAAGACTTCTCTG-1,0.000006,0.106929,0.000006,0.893058
AACCATAGGGTTGAAC-1,0.000044,0.999689,0.000044,0.000222
AACCATGGGATCGCTA-1,0.000056,0.999607,0.000056,0.000281
AACCCAGAGACGGAGA-1,0.000097,0.999324,0.000097,0.000483
AACCCATCCCATGATC-1,0.000129,0.782802,0.000129,0.21694
AACCCTACTGTCAATA-1,0.000029,0.597959,0.000029,0.401982
AACCGAGCTTGGTCAT-1,0.000039,0.404214,0.000039,0.595708
AACCGCTAAGGGATGC-1,0.000027,0.421862,0.001029,0.577081
AACCGTTGTGTTTGCT-1,0.0001,0.999297,0.0001,0.000502
AACCTCGCTTTAGCCC-1,0.00014,0.774219,0.00014,0.2255
AACCTTTAAATACGGT-1,0.00006,0.832697,0.00006,0.167182
AACCTTTACGACGTCT-1,0.000091,0.829513,0.000091,0.170305
AACGAAAGTCGTCCCA-1,0.000027,0.755882,0.000027,0.244064
AACGATAATGCCGTAG-1,0.000059,0.623717,0.000059,0.376166
AACGATATGTCAACTG-1,0.000213,0.509356,0.471717,0.018714
AACGCATGATCTGGGT-1,0.000068,0.652193,0.000068,0.347671
AACGCGAACGGCAACA-1,0.000018,0.999874,0.000018,0.00009
AACGCGGTCTCCAGCC-1,0.000265,0.901165,0.000265,0.098306
AACGCTGTTGCTGAAA-1,0.000107,0.746169,0.000107,0.253617
AACGGACGTACGTATA-1,0.000019,0.562704,0.000019,0.437258
AACGTCAGACTAGTGG-1,0.000021,0.56263,0.000021,0.437329
AACGTGATGAAGGACA-1,0.000322,0.747,0.000322,0.252357
AACGTGCGAAAGTCTC-1,0.000006,0.17232,0.000006,0.827667
AACGTTATCAGCACCT-1,0.000592,0.921712,0.000592,0.077104
AACTAGGCTTGGGTGT-1,0.000031,0.68888,0.000031,0.311058
AACTCAAGTTAATTGC-1,0.000023,0.649589,0.000023,0.350366
AACTCCTAATCCCATG-1,0.000162,0.998867,0.000162,0.000809
AACTCGATAAACACGT-1,0.00082,0.994261,0.00082,0.004099
AACTCGATGGCGCAGT-1,0.000073,0.808022,0.000073,0.191831
AACTCTCAATAGAGCG-1,0.000024,0.484492,0.000024,0.515461
AACTGAGGTCAGCGTC-1,0.001111,0.99222,0.001111,0.005557
AACTGATATTAGGCCT-1,0.000194,0.603448,0.000194,0.396165
AACTGGGTCCCGACGT-1,0.000117,0.949926,0.000117,0.04984
AACTTCTGCGTCTATC-1,0.000033,0.889438,0.000033,0.110496
AACTTGCCCGTATGCA-1,0.000006,0.056955,0.000006,0.943033
AACTTGCGTTCTCGCG-1,0.000076,0.867969,0.000076,0.131879
AACTTTACGGGAGCTT-1,0.000051,0.712933,0.000051,0.286964
AAGAAGGATCAGTTAG-1,0.000029,0.387727,0.000029,0.612214
AAGACCAAATAACTCA-1,0.000161,0.925879,0.000161,0.0738
AAGACTGCAAGCTACT-1,0.000017,0.116651,0.000017,0.883315
AAGAGATGAATCGGTA-1,0.000034,0.755652,0.000034,0.24428
AAGAGCTCTTTATCGG-1,0.00001,0.163183,0.00001,0.836797
AAGAGGATGTACGCGA-1,0.000015,0.442027,0.000015,0.557942
AAGAGGCATGGATCGC-1,0.000022,0.873062,0.000022,0.126893
AAGATTGGCGGAACGT-1,0.000028,0.809987,0.000028,0.189958
AAGCATACTCTCCTGA-1,0.000108,0.525508,0.000108,0.474276
AAGCGGAGTGCGCGCA-1,0.000033,0.999772,0.000033,0.000163
AAGCGGCGTCATGGGT-1,0.000082,0.999425,0.000082,0.000411
AAGCTAGATCGAGTAA-1,0.000019,0.330819,0.000019,0.669143
AAGCTCGTGCCAAGTC-1,0.000054,0.743326,0.000054,0.256565
AAGCTCTTTCATGGTG-1,0.000098,0.407243,0.000098,0.592561
AAGGATGAGGGACCTC-1,0.000022,0.425614,0.000022,0.574342
AAGGCGCGTAAAGCTT-1,0.000027,0.608139,0.000027,0.391806
AAGGGAACGACTGGCT-1,0.00006,0.519036,0.00006,0.480844
AAGGGACAGATTCTGT-1,0.000029,0.714493,0.000029,0.285449
AAGGTATCCTAATATA-1,0.000035,0.891466,0.000035,0.108464
AAGGTGATAAACCAGC-1,0.000032,0.430678,0.000032,0.569258
AAGTAGAAGACCGGGT-1,0.000123,0.618286,0.000123,0.381468
AAGTAGTGACGCGAGG-1,0.000015,0.26975,0.000015,0.73022
AAGTCTTCTGTGGCCT-1,0.000135,0.59577,0.000135,0.40396
AAGTGACGACCGAATT-1,0.00001,0.215572,0.00001,0.784407
AAGTGCGTTAGAATCT-1,0.000339,0.881229,0.000339,0.118093
AAGTGTTTGGAGACGG-1,0.000334,0.997658,0.000335,0.001673
AAGTTCACTCCAAGCT-1,0.001163,0.991859,0.001163,0.005815
AAGTTCGGCCAACAGG-1,0.000025,0.849903,0.000025,0.150046
AAGTTTATGGGCCCAA-1,0.000071,0.716862,0.000071,0.282996
AATAACAACGCTCGGC-1,0.000009,0.314921,0.000009,0.685061
AATACAATGTTTCAGG-1,0.00005,0.999648,0.00005,0.000252
AATAGAATCTGTTTCA-1,0.000013,0.457731,0.000013,0.542244
AATAGCAAGCCTCCTG-1,0.000018,0.007239,0.000018,0.992726
AATAGTCGCGAGTCGG-1,0.000021,0.837036,0.000021,0.162923
AATATCAAGGTCGGAT-1,0.000029,0.836601,0.000029,0.163341
AATATCGAGGGTTCTC-1,0.000053,0.876733,0.000053,0.123161
AATATTGGAGTATTGA-1,0.000091,0.64379,0.000091,0.356027
AATCCAAGGGCCTGAG-1,0.000078,0.910908,0.000078,0.088935
AATCCATGCAAGGGTG-1,0.000068,0.665335,0.000068,0.334529
AATCGCCTCAGCGCCA-1,0.000008,0.061474,0.000008,0.93851
AATCTAGGTTTACTTG-1,0.000032,0.25476,0.000032,0.745176
AATCTCTACTGTGGTT-1,0.000357,0.997499,0.000357,0.001786
AATCTGCGTTGGGACG-1,0.000026,0.602297,0.000026,0.397651
AATCTGGCTTTCTAGT-1,0.000052,0.846012,0.000052,0.153884
AATGACAGCAATGTCT-1,0.000031,0.943734,0.000031,0.056203
AATGACGTAGGATGTC-1,0.000014,0.288768,0.000014,0.711204
AATGAGTTCGCATATG-1,0.000024,0.304733,0.000024,0.695219
AATGATGATACGCTAT-1,0.000027,0.578167,0.000027,0.421779
AATGATGCGACTCCTG-1,0.000026,0.332619,0.000026,0.66733
AATGCAACCGGGTACC-1,0.000019,0.737464,0.000019,0.262498
AATGCACCAAGCAATG-1,0.000017,0.4682,0.000017,0.531767
AATGGTCCACCGTTCA-1,0.000047,0.840808,0.000047,0.159098
AATGGTTCTCACAAGC-1,0.000025,0.640176,0.000025,0.359773
AATGTATGGCACTGTA-1,0.000046,0.999681,0.000046,0.000228
AATGTGCCCGAGGTGT-1,0.000163,0.842101,0.000163,0.157573
AATTAACGGATTTCCA-1,0.000015,0.297914,0.000015,0.702057
AATTACTCGTACGCTC-1,0.000398,0.997211,0.000398,0.001993
AATTAGCGCTGCAGCG-1,0.000008,0.10774,0.000008,0.892245
AATTCATAAGGGATCT-1,0.00003,0.788776,0.00003,0.211164
AATTCATTGTCATGCA-1,0.000038,0.470096,0.000038,0.529828
AATTCCAACTTGGTGA-1,0.000039,0.999725,0.000039,0.000197
AATTCTAGAGTTAGGC-1,0.000028,0.688607,0.000028,0.311336
AATTGAACGCTCTGGT-1,0.000025,0.809497,0.000025,0.190453
AATTGCGTGGATTACA-1,0.000058,0.999595,0.000058,0.000289
AATTTGGGACATAGTA-1,0.000135,0.897892,0.000135,0.101838
AATTTGGTTCCAAAGA-1,0.000113,0.841995,0.000113,0.157779
ACAAACCATGCGTCCT-1,0.000157,0.998903,0.000157,0.000784
ACAAATCGCACCGAAT-1,0.000043,0.590264,0.000043,0.409651
ACAAATGGTAGTGTTT-1,0.000023,0.767202,0.000023,0.232752
ACAAATTCAGATCTGA-1,0.000431,0.750447,0.000431,0.248691
ACAACAGCATGAGCTA-1,0.000364,0.544984,0.000364,0.454289
ACAACGGTCCCTGCGA-1,0.000055,0.999614,0.000055,0.000276
ACAAGCAGTGCCTAGC-1,0.000041,0.773841,0.000041,0.226077
ACAAGGAAATCCGCCC-1,0.000143,0.639782,0.000143,0.359931
ACAAGGACAAGAGGTT-1,0.000027,0.865319,0.000027,0.134627
ACAAGGATGCTTTAGG-1,0.000115,0.795188,0.000115,0.204583
ACAAGGGCAGGCTCTG-1,0.000005,0.039819,0.000005,0.960172
ACAATAGTCGTACGTT-1,0.000038,0.458135,0.000038,0.541788
ACAATCCATTTAAACC-1,0.000017,0.628543,0.000017,0.371424
ACAATGATTCTTCTAC-1,0.000199,0.35725,0.000199,0.642352
ACAATTTGAGCAGTGG-1,0.000032,0.952719,0.000032,0.047217
ACACAAATATTCCTAG-1,0.000095,0.782586,0.000095,0.217224
ACACACCAGGACCAGT-1,0.00004,0.84918,0.00004,0.150741
ACACACTTTCTACACG-1,0.000053,0.701135,0.000053,0.298758
ACACATGATCAAATCT-1,0.000442,0.996902,0.000443,0.002213
ACACATTGACGCAACA-1,0.000581,0.995929,0.000582,0.002908
ACACATTTCCGTAGAC-1,0.000055,0.845417,0.000055,0.154472
ACACCCGAGAAATCCG-1,0.00004,0.995817,0.00004,0.004103
ACACCGAGCGCTCTTT-1,0.000282,0.998028,0.000282,0.001409
ACACCGGTCTGACCGC-1,0.000197,0.998622,0.000197,0.000985
ACACCTTAAGTAGGGC-1,0.000065,0.610028,0.135742,0.254165
ACACGAGACTCCTTCT-1,0.00007,0.863572,0.00007,0.136289
ACACGGGAACTTAGGG-1,0.000124,0.94904,0.000124,0.050712
ACACTCCAATGTCACT-1,0.000045,0.999685,0.000045,0.000225
ACAGAACTGAGAACAA-1,0.000299,0.959767,0.000299,0.039636
ACAGCGCACCCGCAGC-1,0.00007,0.893208,0.00007,0.106652
ACAGGCTTGCCCGACT-1,0.000183,0.99872,0.000183,0.000914
ACAGTAATACAACTTG-1,0.000033,0.785583,0.000033,0.214351
ACATAAGTCGTGGTGA-1,0.000035,0.470536,0.000035,0.529394
ACATAATAAGGCGGTG-1,0.000047,0.905256,0.000047,0.09465
ACATCGATCGTTTACC-1,0.000022,0.569425,0.000022,0.43053
ACATCGGTCAGCCGCG-1,0.000019,0.481311,0.031605,0.487065
ACATCGTATGCAATGG-1,0.000011,0.148112,0.000011,0.851865
ACATCGTTAACCTAGT-1,0.000136,0.759911,0.000136,0.239817
ACATGGCTCAATTTAG-1,0.000483,0.996618,0.000483,0.002416
ACATTAGTTTATATCC-1,0.000014,0.216042,0.000014,0.78393
ACCAATATGCAAGTTA-1,0.000103,0.632121,0.000103,0.367673
ACCACGTGCAGCTATA-1,0.0001,0.555439,0.0001,0.44436
ACCACTGTTCAAGAAG-1,0.000056,0.999608,0.000056,0.00028
ACCAGACCATAACAAC-1,0.000059,0.999588,0.000059,0.000294
ACCAGTGCCCGGTCAA-1,0.000089,0.586722,0.000089,0.4131
ACCATCCGCCAACTAG-1,0.000131,0.664222,0.000131,0.335516
ACCATCGTATATGGTA-1,0.00011,0.512199,0.00011,0.487581
ACCATTAAGGGTGTCA-1,0.000052,0.648505,0.000052,0.35139
ACCCAACGCCCGTGGC-1,0.000031,0.922703,0.000031,0.077235
ACCCACCTACATGCTC-1,0.000051,0.99058,0.000051,0.009318
ACCCATCTTGAGGGTA-1,0.000026,0.703016,0.000026,0.296932
ACCCGGAAACTCCCAG-1,0.000014,0.451688,0.000014,0.548284
ACCCTATAGGACTGAG-1,0.000065,0.999545,0.000065,0.000325
ACCCTCCCTTGCTATT-1,0.00003,0.739384,0.00003,0.260557
ACCCTTCATCTGCGAA-1,0.000518,0.594518,0.000518,0.404445
ACCGAAGAGTCTGGTT-1,0.000076,0.957876,0.000076,0.041971
ACCGACACATCTCCCA-1,0.000032,0.967429,0.000032,0.032508
ACCGACTGAGTCCCAC-1,0.000035,0.545271,0.000035,0.454659
ACCGATGGTAGCATCG-1,0.000039,0.875787,0.000039,0.124136
ACCGCAATAACTGCCT-1,0.000694,0.995138,0.000695,0.003473
ACCGGTCAGGTACACC-1,0.000463,0.593226,0.000463,0.405848
ACCGGTCTGAGTACGG-1,0.000113,0.973728,0.000113,0.026046
ACCTAAGTACCTTTCA-1,0.000053,0.99963,0.000053,0.000264
ACCTAATCGACTTCCT-1,0.000014,0.426366,0.000014,0.573607
ACCTCGAACTTATGCT-1,0.000067,0.175746,0.000067,0.824119
ACCTGCGTGTCATGTT-1,0.00001,0.205193,0.00001,0.794788
ACGAAATGGGCGGCAC-1,0.000041,0.775275,0.000041,0.224644
ACGAGAACCCATCACG-1,0.000039,0.643436,0.000039,0.356486
ACGAGATATTTGCTTA-1,0.000062,0.289573,0.000062,0.710303
ACGAGGATACCACTCT-1,0.000037,0.752468,0.000037,0.247458
ACGAGGTTTACAACGT-1,0.00038,0.997338,0.00038,0.001902
ACGAGTACGGATGCCC-1,0.000046,0.843677,0.000046,0.15623
ACGAGTCGCCGGCGTT-1,0.000037,0.990135,0.000037,0.009791
ACGATACATAGAACTA-1,0.000036,0.168686,0.000036,0.831241
ACGATCATACATAGAG-1,0.000035,0.804247,0.000035,0.195683
ACGATCATCTTGTAAA-1,0.000039,0.960101,0.000039,0.03982
ACGATGCATATGTTAT-1,0.00002,0.739893,0.00002,0.260066
ACGATGGATCCGATGC-1,0.000053,0.684134,0.000053,0.315759
ACGCATAAATGACATG-1,0.000056,0.379688,0.000056,0.620199
ACGCATTCGTGAGTAC-1,0.00003,0.217244,0.00003,0.782696
ACGCCAGATGATTTCT-1,0.000719,0.994963,0.00072,0.003598
ACGCCGCTAGACGACC-1,0.000048,0.735101,0.000048,0.264804
ACGCGAAGTCAGACGA-1,0.000055,0.7715,0.000055,0.22839
ACGCGCTACACAGGGT-1,0.000015,0.488863,0.000015,0.511107
ACGCGGGCCAAGGACA-1,0.000021,0.58373,0.000021,0.416227
ACGCGTTTCTTAAGAG-1,0.00003,0.867332,0.00003,0.132608
ACGCTAGTGATACACT-1,0.000057,0.960438,0.000057,0.039448
ACGCTGTGAGGCGTAG-1,0.000051,0.699646,0.000051,0.300252
ACGGAATTTAGCAAAT-1,0.000039,0.831423,0.000039,0.168499
ACGGATGGTGCGGATA-1,0.000048,0.794896,0.000048,0.205008
ACGGCACTTGCTTGGG-1,0.00003,0.57874,0.00003,0.421199
ACGGCGACGATGGGAA-1,0.000452,0.831384,0.000453,0.167711
ACGGCTGGATGTAGAA-1,0.000045,0.536808,0.000045,0.463102
ACGGGAGTGTCGGCCC-1,0.000287,0.965399,0.000287,0.034026
ACGGGTCATGTGACTT-1,0.000051,0.000153,0.000051,0.999746
ACGGTCACCGAGAACA-1,0.000016,0.139674,0.000016,0.860293
ACGTACAGATTTCTCT-1,0.000148,0.518411,0.000148,0.481293
ACGTAGATTGCTGATG-1,0.000037,0.058326,0.000037,0.941601
ACGTCTCGTTCCGGGA-1,0.000023,0.666133,0.000023,0.333821
ACGTGCGCCTCGTGCA-1,0.000015,0.109978,0.000015,0.889992
ACGTTAATGTCGAAGA-1,0.000011,0.153541,0.000011,0.846436
ACGTTAGATTTGCCCG-1,0.000028,0.903238,0.000028,0.096706
ACGTTATTGGTCACTC-1,0.000235,0.442515,0.000235,0.557016
ACGTTTAGTTGTGATC-1,0.000173,0.450208,0.000173,0.549445
ACTAAGGACGCACACC-1,0.000013,0.441845,0.000013,0.558129
ACTAATACGTCAGGCG-1,0.000051,0.930231,0.000051,0.069667
ACTACATCCCGACAAG-1,0.000256,0.998209,0.000256,0.001279
ACTACCAGCTCTCTGG-1,0.000032,0.705758,0.000032,0.294178
ACTATATGCTGTGTTC-1,0.000049,0.539168,0.000049,0.460733
ACTATTCGTCCGTGGT-1,0.000441,0.996916,0.000441,0.002203
ACTCAACGAATGTATT-1,0.000063,0.664602,0.000063,0.335271
ACTCAAGTGCAAGGCT-1,0.000087,0.927765,0.000087,0.072061
ACTCAATAAAGGCACG-1,0.000017,0.193595,0.000017,0.806372
ACTCAGACCTGCTTCT-1,0.000055,0.999615,0.000055,0.000275
ACTCATGGCAGCCTTC-1,0.000064,0.344883,0.000064,0.654989
ACTCCCATTCCTAAAG-1,0.000018,0.220485,0.000018,0.779479
ACTCCCGAATTCGTTT-1,0.000021,0.117942,0.000021,0.882015
ACTCCCTAATGCTAAA-1,0.000032,0.45339,0.000032,0.546546
ACTCCCTAGAATAGTA-1,0.000031,0.386591,0.000031,0.613348
ACTCGATGTATTTCAT-1,0.00051,0.745529,0.00051,0.25345
ACTCGTAACCCGTCCT-1,0.000309,0.997839,0.000309,0.001544
ACTCGTCAGTAATCCC-1,0.000018,0.553596,0.000018,0.446368
ACTCTCTGACTTAGGT-1,0.000005,0.005573,0.000005,0.994416
ACTCTCTTATACACGA-1,0.000119,0.846435,0.00012,0.153326
ACTCTTGTATAGTAAC-1,0.000038,0.604473,0.000038,0.395451
ACTGAATGGCGAAAGT-1,0.00002,0.697788,0.00002,0.302173
ACTGCCGTCGTAACTC-1,0.000725,0.994926,0.000725,0.003624
ACTGCTCGGAAGGATG-1,0.000013,0.422266,0.000013,0.577708
ACTGGCGAACCTGCGT-1,0.000025,0.542448,0.000025,0.457503
ACTGTACGATACACAT-1,0.000017,0.511995,0.000017,0.487971
ACTGTAGCACTTTGGA-1,0.000039,0.874987,0.000039,0.124935
ACTGTATACGCGAGCA-1,0.00008,0.999442,0.00008,0.000399
ACTGTCTTCTTTAGAA-1,0.000016,0.517684,0.000016,0.482284
ACTGTGCTAGTAGATC-1,0.000198,0.998611,0.000198,0.000992
ACTTACCGGGCGCGCA-1,0.000042,0.711873,0.000042,0.288043
ACTTAGTACGACAAGA-1,0.00006,0.999577,0.00006,0.000302
ACTTATACTTACCCGG-1,0.000039,0.913784,0.000039,0.086138
ACTTATTTATGTGCCA-1,0.000022,0.654091,0.000022,0.345864
ACTTCAGGCTGATCCC-1,0.000461,0.724476,0.000461,0.274603
ACTTCCATGCGGGACA-1,0.000072,0.999496,0.000072,0.00036
ACTTCGCCATACGCAC-1,0.000116,0.999188,0.000116,0.00058
ACTTGACTCCCTCTTT-1,0.000012,0.139281,0.000012,0.860696
ACTTGTAGTCCCTTCA-1,0.000023,0.453585,0.000023,0.546369
ACTTTACCCTCATGAA-1,0.000061,0.985788,0.000061,0.01409
ACTTTCCTATAGCTTC-1,0.00008,0.545173,0.00008,0.454667
ACTTTGACTGCATCCT-1,0.000244,0.98302,0.000245,0.016491
ACTTTGGTCGTGCTCC-1,0.000151,0.73669,0.000151,0.263009
AGAACCCTCAATTGGG-1,0.000012,0.263111,0.000012,0.736866
AGAACGTGGTACATTC-1,0.000105,0.991427,0.000105,0.008364
AGAAGAGCGCCGTTCC-1,0.000101,0.620761,0.000101,0.379037
AGAAGGTACACTTCAC-1,0.00009,0.537351,0.00009,0.462468
AGAAGTGATTCGTGAT-1,0.000053,0.76988,0.000053,0.230013
AGAATAAATCTTCAGG-1,0.000043,0.162539,0.000043,0.837375
AGAATGCGGGTTCGGA-1,0.000016,0.500417,0.000016,0.499551
AGAATTATGGATTCGA-1,0.000042,0.998878,0.000042,0.001038
AGAATTGTTTGACATA-1,0.000069,0.999518,0.000069,0.000344
AGACAGCTCAGAATCC-1,0.000048,0.800469,0.000048,0.199436
AGACCAAACCACACCT-1,0.000015,0.839907,0.000015,0.160063
AGACCATGGGATACAA-1,0.000026,0.615363,0.000026,0.384585
AGACCCACCGCTGATC-1,0.000036,0.847717,0.000036,0.15221
AGACCGGGAAACCCTG-1,0.000038,0.848517,0.000038,0.151407
AGACGGGCCGATTTAA-1,0.000052,0.85488,0.000052,0.145016
AGAGAACCGTCTAGGA-1,0.000023,0.706495,0.000023,0.293459
AGAGATCTCTAAAGCG-1,0.000029,0.822663,0.000029,0.177278
AGAGCAGTTATGAGAC-1,0.00011,0.820281,0.00011,0.179499
AGAGCGGGCTAATCAT-1,0.000015,0.128801,0.000015,0.871168
AGAGCGTACAAGCTCG-1,0.000079,0.999445,0.000079,0.000396
AGAGCTACGAAAGCAT-1,0.003846,0.636852,0.003847,0.355454
AGAGGGACAATTGTCC-1,0.000039,0.838069,0.000039,0.161853
AGAGTTAGAGACCGAT-1,0.00026,0.997603,0.00026,0.001877
AGAGTTGCAGGCCTCC-1,0.000027,0.617258,0.000027,0.382688
AGATAACTTCAGGGCC-1,0.000016,0.418069,0.000016,0.581899
AGATACCGGTGTTCAC-1,0.00003,0.909544,0.00003,0.090397
AGATACGACTTCATAT-1,0.000071,0.9995,0.000071,0.000357
AGATACTCAAGATCGA-1,0.000012,0.253362,0.000012,0.746615
AGATCGTGCATAAGAT-1,0.000024,0.65047,0.000024,0.349483
AGATCTCAGGTGTGAT-1,0.000137,0.999043,0.000137,0.000683
AGATGAGGGTTGCGAT-1,0.000036,0.737905,0.000036,0.262024
AGATGATGGAGTCTGG-1,0.000052,0.97742,0.000052,0.022476
AGATGCAAGACGTGCA-1,0.000131,0.88349,0.000131,0.116249
AGATGCATCCTGTGTC-1,0.000031,0.749767,0.000031,0.250171
AGATGCTATAACGAGC-1,0.000033,0.99977,0.000033,0.000165
AGATTCACAACCGATA-1,0.000105,0.867645,0.000105,0.132145
AGCAACATATCTTATT-1,0.000028,0.606864,0.000028,0.393079
AGCAACCGAAAGTAAT-1,0.000031,0.500435,0.000031,0.499502
AGCACCAGTACTCACG-1,0.000052,0.755976,0.000052,0.243921
AGCACTACCGGCCTGT-1,0.000024,0.000073,0.000024,0.999878
AGCACTACCTCACCAG-1,0.000077,0.999461,0.000077,0.000385
AGCACTTAAGGACGCC-1,0.000012,0.28578,0.077709,0.6365
AGCAGAAGGAGAAAGA-1,0.000057,0.391835,0.000057,0.608052
AGCAGCCAGATGAATA-1,0.0001,0.946793,0.0001,0.053006
AGCATCATTTCGAAAG-1,0.000094,0.970728,0.000094,0.029085
AGCCACTCCCGTGCTT-1,0.000047,0.741557,0.000047,0.258348
AGCCATATAGTATGTG-1,0.000022,0.994116,0.000022,0.005841
AGCCCATACATGTAAG-1,0.000003,0.000112,0.000003,0.999883
AGCCCTAAGCGAAGTT-1,0.000202,0.998583,0.000202,0.001012
AGCCGCAAATTCAAAT-1,0.000031,0.927854,0.000031,0.072085
AGCCGCTTGATTAGCG-1,0.000151,0.69318,0.000151,0.306518
AGCCGTGGCTAAATGT-1,0.000008,0.040316,0.000008,0.959667
AGCCTAATACCCACGT-1,0.000057,0.00541,0.000057,0.994476
AGCCTTAAAGCGGAAG-1,0.000016,0.409073,0.000016,0.590895
AGCGACATCCCATTCA-1,0.000033,0.938713,0.000033,0.061222
AGCGCGGGTGCCAATG-1,0.000015,0.182401,0.000015,0.817569
AGCGCTTATGGGCAAG-1,0.00006,0.892328,0.00006,0.107551
AGCGGACACTTCGTAG-1,0.000026,0.53829,0.000026,0.461658
AGCGGCGGTTAGCGGT-1,0.000082,0.999426,0.000082,0.00041
AGCGGGAAGGGTCCAT-1,0.000429,0.882198,0.000429,0.116944
AGCGGGTCTGACACTC-1,0.000024,0.916835,0.000024,0.083117
AGCGTACGAGAGCTAG-1,0.000023,0.912971,0.000023,0.086983
AGCGTGGTATTCTACT-1,0.000009,0.077583,0.000009,0.922398
AGCTAGAAGCAGAAGT-1,0.000026,0.652227,0.000026,0.347722
AGCTATTTAATCCAAC-1,0.000104,0.742991,0.000104,0.256801
AGCTCCTTCGCACATC-1,0.000251,0.998245,0.000251,0.001253
AGCTCTAGACGTTCCA-1,0.000006,0.075333,0.000006,0.924656
AGCTCTTCCCAGTGCA-1,0.00004,0.823967,0.00004,0.175953
AGCTGAAGTAAACCAA-1,0.000023,0.643024,0.000023,0.356929
AGCTGTAACCTCAATC-1,0.000086,0.594605,0.000086,0.405223
AGCTTGATCAGGGTAG-1,0.000198,0.891491,0.000198,0.108112
AGCTTGATCTTAACTT-1,0.000006,0.02465,0.000006,0.975338
AGGAAAGCCTCTGATG-1,0.0002,0.998602,0.0002,0.000998
AGGAAGCTGTCCGCCG-1,0.00002,0.498911,0.00002,0.501049
AGGACAGTCGAATCCC-1,0.000023,0.822088,0.000023,0.177867
AGGACATCGCACGTCG-1,0.000068,0.995587,0.000068,0.004277
AGGACGCTCGATGTTG-1,0.000034,0.848061,0.000034,0.151872
AGGACTTATAGGAGAA-1,0.000043,0.948111,0.000043,0.051802
AGGATAAAGTCGGGAT-1,0.00004,0.766127,0.00004,0.233794
AGGATCACGCGATCTG-1,0.000059,0.683984,0.000059,0.315898
AGGCAGATGCGTAAAC-1,0.000017,0.372936,0.000017,0.62703
AGGCCACCCGTTATGA-1,0.000029,0.925755,0.000029,0.074187
AGGCCCAGTGACTGGT-1,0.000813,0.994308,0.000813,0.004066
AGGCCCTAGAACGCCA-1,0.000022,0.859891,0.000022,0.140065
AGGCGGTTTGTCCCGC-1,0.000345,0.761799,0.000345,0.237512
AGGCTATGGTTAGCTT-1,0.000043,0.89799,0.000043,0.101923
AGGCTTAAGTTGCACA-1,0.000073,0.418964,0.000073,0.58089
AGGCTTGCTAGACACC-1,0.000054,0.999624,0.000054,0.000268
AGGGAAACGAGGTACT-1,0.000256,0.998209,0.000256,0.001279
AGGGCGAGCAGCTGAT-1,0.000006,0.037426,0.000006,0.962562
AGGGCGTGATCGGCTA-1,0.000026,0.435035,0.000026,0.564913
AGGGCTGCAGTTACAG-1,0.000027,0.680384,0.000027,0.319562
AGGGTCGATGCGAACT-1,0.00004,0.824105,0.00004,0.175814
AGGGTGCTCTCGAGGG-1,0.000048,0.900922,0.000048,0.098982
AGGGTTCCCTTTGGTT-1,0.000027,0.518194,0.000027,0.481753
AGGGTTTAGTTCGGGA-1,0.000019,0.142332,0.000019,0.857631
AGGTAACCTCCTATTC-1,0.000952,0.993332,0.000953,0.004763
AGGTACGATATTGCCA-1,0.000613,0.789988,0.000614,0.208785
AGGTAGGTACAAAGCT-1,0.000014,0.469842,0.000014,0.53013
AGGTATAATTGATAGT-1,0.000069,0.944147,0.000069,0.055715
AGGTCAGGTGAGAGTG-1,0.000015,0.149921,0.000015,0.850049
AGGTCGCGGAGTTACT-1,0.000034,0.482201,0.000034,0.517731
AGGTGTATCGCCATGA-1,0.000009,0.030963,0.00001,0.969018
AGGTTCTCCTTTCCGG-1,0.000052,0.873637,0.000052,0.126258
AGGTTGAGGCACGCTT-1,0.000132,0.46247,0.000132,0.537266
AGGTTTCACACACCTT-1,0.000014,0.153109,0.000014,0.846862
AGTAATGTCTTGCCGC-1,0.000012,0.019244,0.000012,0.980732
AGTAATTTGCAAGCGT-1,0.000036,0.934148,0.000036,0.065779
AGTACCTTCGAGTGCT-1,0.000498,0.100754,0.000498,0.898251
AGTACGGCCCGTATCG-1,0.000234,0.998364,0.000234,0.001169
AGTACGGGCACCTGGC-1,0.00001,0.331484,0.00001,0.668495
AGTACTCTTATGCCCA-1,0.000763,0.994655,0.000764,0.003818
AGTAGAAGGCGCCTCA-1,0.000023,0.99984,0.000023,0.000114
AGTAGCTAGACGCCGA-1,0.000066,0.983847,0.000066,0.01602
AGTAGGAAGGAAGTTG-1,0.000025,0.835952,0.000025,0.163999
AGTATAATACTAGGCA-1,0.000029,0.872983,0.000029,0.12696
AGTCAAGATGACACTT-1,0.000027,0.823159,0.000027,0.176786
AGTCAGCCACCGCCTG-1,0.000062,0.894731,0.000062,0.105144
AGTCCCGCCTTTAATT-1,0.000029,0.667426,0.000029,0.332516
AGTCGACGGTCTCAAG-1,0.000026,0.838156,0.000026,0.161792
AGTCGGCCCAAACGAC-1,0.000018,0.600839,0.000018,0.399125
AGTCGGCTCAACTTTA-1,0.000474,0.996682,0.000474,0.00237
AGTCGTCGACCACCAA-1,0.000183,0.805289,0.000183,0.194345
AGTCGTGGGCATTACG-1,0.000023,0.268803,0.000023,0.73115
AGTCTCACAAGACTAC-1,0.000127,0.590624,0.000127,0.409121
AGTCTGGACATCCTTG-1,0.00003,0.560227,0.00003,0.439712
AGTCTTCTCCTCAAAT-1,0.000102,0.243052,0.419713,0.337133
AGTGAGACTTCCAGTA-1,0.000048,0.999663,0.000048,0.000241
AGTGAGCCTCGCCGCC-1,0.000025,0.336507,0.000025,0.663444
AGTGAGGGTTTCTGAC-1,0.00009,0.974901,0.000091,0.024918
AGTGATAACCTGCGCG-1,0.000123,0.845607,0.000123,0.154146
AGTGATTCAAGCAGGA-1,0.000038,0.89637,0.000038,0.103554
AGTGCTTGCACGAATA-1,0.000017,0.290574,0.000017,0.709391
AGTGGCGGCAATTTGA-1,0.00002,0.369157,0.00002,0.630803
AGTGGCGTCTGAAGGT-1,0.00009,0.987876,0.00009,0.011943
AGTGGCTCCGTCGGCC-1,0.000122,0.867843,0.000122,0.131913
AGTGGTGTTACCCGTG-1,0.000035,0.899132,0.000035,0.100798
AGTGGTTGCGTATAGG-1,0.000019,0.338836,0.000019,0.661125
AGTGTATTGCGCATTG-1,0.000035,0.691619,0.000035,0.308311
AGTGTGCTAAGATCGC-1,0.007143,0.175511,0.007144,0.810202
AGTGTGGTCTATTGTG-1,0.000031,0.30909,0.000031,0.690848
AGTTAAACACTTGCGA-1,0.000033,0.464501,0.000033,0.535433
AGTTAAGCGGTCCCGG-1,0.000794,0.994443,0.000794,0.003969
AGTTAAGTCAACCGCT-1,0.000097,0.999322,0.000097,0.000485
AGTTACCCTTAAGACT-1,0.000122,0.999145,0.000122,0.000611
AGTTACTCTATCGTGG-1,0.000045,0.503942,0.000045,0.495968
AGTTCACCGGTTGGAC-1,0.000109,0.37514,0.000109,0.624641
AGTTCCTATTTATGTT-1,0.000114,0.68557,0.000114,0.314202
AGTTCTGCGTTGTATC-1,0.000024,0.540442,0.000024,0.45951
AGTTGACATCGGCTGG-1,0.000015,0.194527,0.000015,0.805443
AGTTGACGGTCCTTGC-1,0.00002,0.691961,0.00002,0.307999
AGTTGCGGTCCTCAAC-1,0.000034,0.999762,0.000034,0.00017
AGTTGCTGACTGATAT-1,0.000029,0.513774,0.000029,0.486168
AGTTTCGCAGGTCGGA-1,0.000024,0.781593,0.000024,0.218359
AGTTTGGCCAGACCTA-1,0.000011,0.116068,0.000011,0.883909
ATAAACGGACCCGTAA-1,0.00001,0.143667,0.00001,0.856314
ATAAATATTAGCAGCT-1,0.00001,0.308805,0.00001,0.691175
ATAACGCCGGAGGGTC-1,0.000024,0.669391,0.000024,0.33056
ATAACGGAGTCCAACG-1,0.000185,0.998706,0.000185,0.000924
ATAACGTTACCTCCAC-1,0.000068,0.033264,0.000069,0.966599
ATAAGCAAACACCGAG-1,0.000023,0.683287,0.000023,0.316668
ATAAGGTGGAGAACAT-1,0.000043,0.693736,0.000043,0.306177
ATAAGTACCCGATTGT-1,0.000426,0.665359,0.000426,0.33379
ATAAGTAGGATTCAGA-1,0.000054,0.984025,0.000054,0.015867
ATAAGTAGGGCGACTC-1,0.000039,0.958885,0.000039,0.041038
ATAATACCGTTAGCCG-1,0.000038,0.999732,0.000038,0.000191
ATAATAGCTGTTGAAT-1,0.000015,0.240447,0.000015,0.759523
ATAATAGTGTAGGGAC-1,0.000039,0.577731,0.000039,0.422191
ATAATTAGCTAAGTAG-1,0.000009,0.574231,0.000009,0.42575
ATACCACGGGCAACTT-1,0.000004,0.039353,0.000004,0.960638
ATACCTAACCAAGAAA-1,0.000018,0.677383,0.000018,0.32258
ATACGCCGGCGAAACC-1,0.00001,0.232644,0.00001,0.767337
ATACGGAACGTCGTTT-1,0.000063,0.588547,0.000063,0.411327
ATACGGGTTTCGATTG-1,0.000006,0.045877,0.000006,0.95411
ATACGTACTTAGCCAC-1,0.000066,0.997774,0.000066,0.002094
ATACGTCCACTCCTGT-1,0.00006,0.648023,0.00006,0.351857
ATACGTTATGCACGGA-1,0.00002,0.370627,0.00002,0.629333
ATACTAGCATGACCCT-1,0.000043,0.440323,0.000043,0.559591
ATACTCTCGCCACTCT-1,0.000042,0.174354,0.000042,0.825562
ATACTGCCTTACACCG-1,0.000943,0.993395,0.000944,0.004718
ATAGACAACGGGACCT-1,0.000021,0.48151,0.000021,0.518448
ATAGAGTTATCAACTT-1,0.000054,0.886326,0.000054,0.113567
ATAGCCTCAGTACCCA-1,0.000031,0.584594,0.000031,0.415343
ATAGCTGCTCTTGTTA-1,0.003333,0.976659,0.003335,0.016672
ATAGGAATCTAAGCTT-1,0.000069,0.370369,0.000069,0.629494
ATAGGCGGCTATAGAA-1,0.000022,0.80717,0.000022,0.192786
ATAGGCTAGCTTCGCA-1,0.000034,0.528022,0.000034,0.47191
ATAGGGATATCCTTGA-1,0.000189,0.493597,0.000189,0.506024
ATAGGTTGGGCAGATG-1,0.000008,0.045553,0.000008,0.95443
ATAGTTCCACCCACTC-1,0.000072,0.999499,0.000072,0.000358
ATATAAAGCGCTCGTG-1,0.000069,0.593688,0.000069,0.406174
ATATAAATGTAGCTGC-1,0.000113,0.446503,0.000113,0.553271
ATATAGAGTATTGGTC-1,0.000064,0.817044,0.000064,0.182829
ATATCAACCTACAGAG-1,0.000047,0.99967,0.000047,0.000236
ATATCAATTCCAGCCT-1,0.00007,0.604351,0.00007,0.395509
ATATCTCCCTCGTTAA-1,0.000039,0.962803,0.000039,0.037119
ATATCTTAGGGCCTTC-1,0.000035,0.713293,0.000035,0.286636
ATATGTCTAGAGCGTG-1,0.000021,0.386825,0.000021,0.613132
ATATGTCTCCCTAGCC-1,0.000035,0.540192,0.000035,0.459738
ATATGTGCACAAACCA-1,0.000013,0.444578,0.015435,0.539974
ATATTATCCCGTATTT-1,0.000154,0.903365,0.000154,0.096327
ATATTCAGTTAAACCT-1,0.000052,0.623191,0.000052,0.376705
ATATTCCACATAGTGA-1,0.000278,0.943066,0.000278,0.056379
ATATTCCCACAGGTCA-1,0.000139,0.489435,0.000139,0.510288
ATATTGCTGTCAAAGT-1,0.000058,0.999597,0.000058,0.000288
ATCAAACGAAGGTTTG-1,0.000048,0.930297,0.000048,0.069607
ATCAAAGAGCCGTGGT-1,0.000063,0.96747,0.000063,0.032405
ATCAATCTGGGCTGCA-1,0.00003,0.625983,0.00003,0.373957
ATCAATGCCGTGGCTG-1,0.000427,0.742661,0.000427,0.256484
ATCACATTAGAATATC-1,0.000095,0.805134,0.000095,0.194677
ATCACGTGCTAATTAA-1,0.000032,0.733269,0.000032,0.266666
ATCACTTCATCCTCGC-1,0.000241,0.998313,0.000241,0.001205
ATCAGCCTCATGCTGC-1,0.000641,0.995512,0.000641,0.003206
ATCAGCTCGTCCACTA-1,0.000026,0.361332,0.000026,0.638616
ATCAGGTCGCCATTGC-1,0.000045,0.73658,0.000045,0.263331
ATCAGTAGGCAGGGAT-1,0.000017,0.177233,0.000017,0.822734
ATCATCCAATATTTGT-1,0.000049,0.99966,0.000049,0.000243
ATCCAACGCAGTCATA-1,0.00002,0.617319,0.000021,0.38264
ATCCAATGGAGGGTCC-1,0.000007,0.034668,0.000007,0.965318
ATCCAATGGTACCGAA-1,0.000025,0.610478,0.000025,0.389471
ATCCACTTTCAGACTA-1,0.000042,0.947467,0.000042,0.05245
ATCCCATCCACAGCGC-1,0.000265,0.759343,0.000265,0.240127
ATCCTGAATCGCTGCG-1,0.000013,0.458641,0.000013,0.541333
ATCGACCCAATACAGA-1,0.000012,0.325465,0.000012,0.67451
ATCGACTCTTTCCGTT-1,0.000068,0.704297,0.000068,0.295566
ATCGCACGATTGTTCA-1,0.000082,0.669935,0.000082,0.329901
ATCGCACGCCGGGAGA-1,0.000092,0.474958,0.000092,0.524859
ATCGGAGACAGACGGC-1,0.00006,0.981716,0.00006,0.018163
ATCGGCAAGCAGTCCA-1,0.000015,0.238042,0.000015,0.761928
ATCGGTTACCTAGTAA-1,0.000052,0.610869,0.000052,0.389026
ATCGTATTCCGAGAAC-1,0.000038,0.671618,0.000039,0.328305
ATCGTCCAATCGAGTC-1,0.005,0.195265,0.005002,0.794733
ATCGTTCACTTTCGCC-1,0.000065,0.90663,0.000065,0.093241
ATCTAACGTCCCTATG-1,0.000291,0.891019,0.000291,0.108399
ATCTAATATCCTACGG-1,0.0001,0.969807,0.0001,0.029992
ATCTAGCTTGTGAGGG-1,0.000074,0.905736,0.000074,0.094115
ATCTCCCTGCAATCTA-1,0.000472,0.996697,0.000472,0.002359
ATCTGATAGTGTCTTA-1,0.014286,0.899972,0.01429,0.071453
ATCTGCACCTCTGCGA-1,0.000026,0.259437,0.117009,0.623529
ATCTGGGCTGTTCTTG-1,0.000043,0.537965,0.000043,0.461949
ATCTGGTTAAGACTGT-1,0.000069,0.885484,0.000069,0.114379
ATCTGTAATTGTACCC-1,0.000201,0.668134,0.000201,0.331463
ATCTTAGGGCATTAAT-1,0.000086,0.997229,0.000086,0.002599
ATGAAGTGGACCCAGC-1,0.000028,0.999804,0.000028,0.00014
ATGACGCCGGCTCTAA-1,0.000031,0.32077,0.000031,0.679168
ATGACGCGTTCTATCC-1,0.000093,0.999351,0.000093,0.000464
ATGACTATGCGACATT-1,0.000025,0.881431,0.000025,0.118518
ATGAGGAGTGTTAATC-1,0.000029,0.881111,0.000029,0.11883
ATGCACCTTCCTTAAT-1,0.001961,0.986271,0.001961,0.009807
ATGCACGCGCTGTTCA-1,0.000023,0.611332,0.000023,0.388621
ATGCATGATCCAGGAT-1,0.000036,0.587006,0.000036,0.412921
ATGCCATTTGCGACCA-1,0.000069,0.654681,0.00007,0.34518
ATGCCGGTCTTGCATA-1,0.000026,0.841568,0.000026,0.158381
ATGCCGGTTGATGGGA-1,0.00002,0.000073,0.00002,0.999886
ATGCGACAATTGGTCC-1,0.000017,0.55451,0.000017,0.445457
ATGCGACAGTCCCATT-1,0.000041,0.736729,0.000041,0.263189
ATGCTCAGTGTTGCAT-1,0.000058,0.999597,0.000058,0.000288
ATGGAAATTTAAGGAG-1,0.000017,0.611212,0.000017,0.388754
ATGGAGCAGGCCGTGA-1,0.000033,0.543368,0.000033,0.456566
ATGGATCCGGCGTCCG-1,0.000463,0.603805,0.000463,0.395269
ATGGATTGACCAAACG-1,0.000067,0.445148,0.000067,0.554719
ATGGCAGCATTACGAT-1,0.000106,0.411597,0.000106,0.588192
ATGGCAGCCGAGAAAC-1,0.00005,0.748758,0.00005,0.251143
ATGGCTGGAAATGGCC-1,0.000304,0.812024,0.000304,0.187368
ATGGGCCTCGGCCTCT-1,0.000034,0.789972,0.000034,0.209961
ATGGTATTGGGAACCG-1,0.000019,0.868171,0.000019,0.131791
ATGGTATTTACTGATT-1,0.00002,0.646425,0.00002,0.353535
ATGGTCGCGTGGTTTC-1,0.000024,0.666268,0.000024,0.333684
ATGGTTACGAAACATG-1,0.000057,0.48088,0.000057,0.519006
ATGTACGATGACGTCG-1,0.000021,0.735941,0.000021,0.264018
ATGTAGCGCGCGTAGG-1,0.000083,0.679129,0.000083,0.320705
ATGTCATAATAAACGA-1,0.000117,0.999184,0.000117,0.000583
ATGTCATTTCCCATTG-1,0.000196,0.994461,0.000196,0.005148
ATGTGAAAGCCTAATG-1,0.000329,0.997697,0.000329,0.001645
ATGTGCATCCGACGCA-1,0.000137,0.579743,0.000137,0.419983
ATGTGGACATCTTGAT-1,0.000041,0.724657,0.000041,0.275261
ATGTTACGAGCAATAC-1,0.000018,0.128233,0.000018,0.87173
ATGTTCCTGCCCACCT-1,0.000193,0.998646,0.000193,0.000967
ATGTTCGTCGACCCAC-1,0.000039,0.681498,0.000039,0.318425
ATTAAACATGCGGACC-1,0.00007,0.903833,0.00007,0.096026
ATTAATACTACGCGGG-1,0.000148,0.576384,0.000148,0.42332
ATTAATGAACCAGTCG-1,0.00001,0.149539,0.00001,0.850441
ATTAATTCGGTCACTC-1,0.000405,0.997165,0.000405,0.002025
ATTACAACTACCGGCC-1,0.000074,0.999483,0.000074,0.00037
ATTACGCGCTGGCAGG-1,0.000005,0.02542,0.000005,0.97457
ATTACTAGCCTCTTGC-1,0.000041,0.945582,0.000041,0.054336
ATTACTTACTGGGCAT-1,0.000048,0.91914,0.000048,0.080763
ATTAGATTCCTCAGCA-1,0.000112,0.756171,0.000113,0.243604
ATTAGGCGATGCTTTC-1,0.000009,0.116869,0.000009,0.883113
ATTATACTTTGCTCGT-1,0.00016,0.044675,0.00016,0.955005
ATTATGAGACCCAATT-1,0.00004,0.561931,0.00004,0.43799
ATTCAAAGTACCTGTT-1,0.007692,0.593129,0.360706,0.038473
ATTCACTGATGTTGGA-1,0.000036,0.23115,0.000036,0.768777
ATTCAGGACCTATTTC-1,0.000017,0.113574,0.000017,0.886391
ATTCAGTAGCAGGGTC-1,0.000032,0.499429,0.000032,0.500507
ATTCATATACTGTCCA-1,0.000011,0.0011,0.000011,0.998879
ATTCCCACATAAACAA-1,0.00002,0.537962,0.00002,0.461997
ATTCCTCCGCCAGTGC-1,0.000021,0.307314,0.000021,0.692644
ATTCCTTCCAGGCGGT-1,0.00009,0.999367,0.00009,0.000452
ATTCGACGCCGGGCCT-1,0.000007,0.166932,0.000007,0.833054
ATTCGCAGAGGACACT-1,0.000022,0.231644,0.000022,0.768312
ATTCTTCGTACTTATG-1,0.000135,0.999054,0.000135,0.000676
ATTGATAGCAACGAGA-1,0.000036,0.428792,0.000036,0.571136
ATTGATCACCACATTT-1,0.000025,0.501932,0.000025,0.498018
ATTGATGAGTCCTAAC-1,0.000015,0.140772,0.000015,0.859199
ATTGCTGCTCCTCCAT-1,0.000016,0.498971,0.000016,0.500997
ATTGGGAGTTCTGTAA-1,0.000167,0.000502,0.000167,0.999164
ATTGGTAGGATCCGCT-1,0.000026,0.539799,0.000026,0.460149
ATTGTACAACTCGGCT-1,0.000028,0.512302,0.000028,0.487643
ATTGTCGCAATACCTT-1,0.000168,0.998821,0.000168,0.000842
ATTGTGACTTCGCTGC-1,0.000035,0.635276,0.000035,0.364653
ATTTACAGTTTACTGG-1,0.000033,0.895454,0.000033,0.104481
ATTTCATTATTTCGCG-1,0.000111,0.258758,0.000111,0.741021
ATTTGCGCGAGTAGCT-1,0.000127,0.894036,0.000127,0.10571
ATTTGTCTTGGGAGCT-1,0.00004,0.746707,0.00004,0.253213
ATTTGTTCCAGGGCTC-1,0.000369,0.808617,0.000369,0.190645
CAAACCCTCCGGCGGG-1,0.00004,0.301329,0.00004,0.698592
CAAACGGTCGCACTTT-1,0.000019,0.35764,0.000019,0.642323
CAAACTACGATAGAGA-1,0.000055,0.918724,0.000055,0.081166
CAAACTATTGAGCTTC-1,0.000813,0.994308,0.000813,0.004066
CAAAGTCAGGTTAGCT-1,0.0125,0.912486,0.012502,0.062511
CAAATCTCTCACAAGG-1,0.000006,0.094031,0.000006,0.905957
CAAATTGTCAGCAAGC-1,0.00084,0.994116,0.000841,0.004203
CAACATGGCCTGATAA-1,0.000909,0.543467,0.000909,0.454715
CAACCGCACCTAGACA-1,0.00003,0.99979,0.00003,0.00015
CAACGGTTCTTGATAC-1,0.000037,0.492644,0.000037,0.507281
CAACTATATCGAATGC-1,0.001163,0.991859,0.001163,0.005816
CAACTCCGTAACTTGC-1,0.000064,0.873305,0.000064,0.126568
CAACTCCTTGATCCCG-1,0.000035,0.511131,0.000035,0.488799
CAACTGAGGGTATGAC-1,0.000013,0.53159,0.000013,0.468384
CAACTTGTAGTGGGCA-1,0.000066,0.690257,0.000066,0.309611
CAAGAAACCCTAAACT-1,0.000029,0.582629,0.000029,0.417313
CAAGAGGGCGGAGTAC-1,0.000032,0.409625,0.000032,0.590311
CAAGATATTATAACGT-1,0.000036,0.92334,0.000036,0.076588
CAAGCAACGTCGGAGT-1,0.000024,0.833223,0.000024,0.166729
CAAGCACCAAATGCCT-1,0.000119,0.919713,0.000119,0.08005
CAAGGATCGCATGTTC-1,0.000019,0.103422,0.000019,0.896539
CAAGTGTGGTTGCAAA-1,0.000029,0.539297,0.000029,0.460644
CAATAAACCTTGGCCC-1,0.000126,0.706792,0.000126,0.292955
CAATACGCTCTGAGGC-1,0.00024,0.845035,0.00024,0.154486
CAATATGTAGATTTAC-1,0.000034,0.85684,0.000034,0.143093
CAATATTGGACTAGTG-1,0.000015,0.667848,0.000015,0.332122
CAATCCCTATACCAGC-1,0.00068,0.995237,0.00068,0.003402
CAATCCTGCCGTGGAG-1,0.000054,0.681618,0.000054,0.318274
CAATGCGAGAAGTATC-1,0.00042,0.997058,0.00042,0.002101
CAATGGAATCTACATA-1,0.00082,0.994261,0.00082,0.0041
CAATGGATCTCTACCA-1,0.000037,0.751121,0.000037,0.248806
CAATTAAGGGTGATGA-1,0.000042,0.3493,0.000042,0.650617
CAATTTCGTATAAGGG-1,0.000012,0.28811,0.000012,0.711866
CAATTTGACCGGGAAG-1,0.00069,0.995171,0.00069,0.003449
CACAAGAAAGATATTA-1,0.000042,0.379813,0.000042,0.620103
CACAAGCTAAGAAAGG-1,0.00009,0.704003,0.00009,0.295817
CACACAGGGATAGATT-1,0.00004,0.932275,0.00004,0.067645
CACACGCGCTGTCTTA-1,0.000029,0.642814,0.000029,0.357128
CACACTTGTATTGCGA-1,0.000106,0.665499,0.000106,0.33429
CACAGAGACGAGGACG-1,0.00005,0.442934,0.00005,0.556967
CACAGCACCCACGGCA-1,0.000039,0.994819,0.000039,0.005103
CACAGCTAGGGAGTGA-1,0.000024,0.35733,0.000024,0.642622
CACAGGGCCGTTGTCA-1,0.000019,0.433384,0.000019,0.566577
CACATATTAGCAGGAT-1,0.00008,0.756945,0.00008,0.242895
CACATGATTCAGCAAC-1,0.00002,0.634268,0.00002,0.365692
CACATGTTTGGACATG-1,0.000046,0.896438,0.000046,0.10347
CACATTCTTTCGATGG-1,0.000036,0.65443,0.000036,0.345497
CACCACGCCACACAGA-1,0.00002,0.436574,0.00002,0.563385
CACCAGTCAGCATGCA-1,0.000352,0.997535,0.000352,0.001761
CACCATCGGAGGAGAC-1,0.000155,0.537906,0.000155,0.461785
CACCATGATCGCAAAG-1,0.000029,0.796531,0.000029,0.203411
CACCCAAATCTTATGT-1,0.000034,0.939443,0.000034,0.060488
CACCCACACGTCACCC-1,0.000036,0.51925,0.000036,0.480679
CACCCACGAGGCAATT-1,0.000028,0.70798,0.000028,0.291964
CACCCTAACAAGATCT-1,0.000066,0.999541,0.000066,0.000328
CACCCTTGGTGAGACC-1,0.000096,0.992416,0.000096,0.007392
CACCCTTTCCTCGCTC-1,0.000847,0.994066,0.000848,0.004239
CACCGATACACCGAGC-1,0.000085,0.999402,0.000085,0.000427
CACCGCCAGAAGGTTT-1,0.000048,0.999663,0.000048,0.000241
CACCGCCGACCAGCGA-1,0.000152,0.63082,0.000152,0.368875
CACCGGTAGAGACATT-1,0.000242,0.765192,0.000242,0.234324
CACCGTTGCGCGATAT-1,0.000022,0.692621,0.000022,0.307336
CACCTAATAGAGTCGT-1,0.000027,0.605313,0.000027,0.394633
CACCTAATCAGTTTAC-1,0.000056,0.154024,0.000056,0.845863
CACCTCGATGGTGGAC-1,0.000138,0.999032,0.000138,0.000692
CACCTTGCGAAACTCG-1,0.000018,0.361629,0.000018,0.638335
CACGAAAGTTAGTCCC-1,0.000019,0.51905,0.000019,0.480912
CACGACGTAATAGTAA-1,0.000329,0.449588,0.548438,0.001645
CACGCACAGCGCAGCT-1,0.000252,0.893668,0.000252,0.105828
CACGCAGCGAGGCTTT-1,0.00002,0.373576,0.00002,0.626383
CACGTCGGCAACCTCT-1,0.000088,0.637234,0.000088,0.362589
CACGTCTATGATGTGG-1,0.000075,0.999475,0.000075,0.000375
CACGTTCGTGCTCTAG-1,0.000019,0.56773,0.000019,0.432231
CACGTTTCGTACACAC-1,0.000265,0.998143,0.000265,0.001327
CACTCAGCTCTTGAGG-1,0.000213,0.107726,0.000213,0.891848
CACTCCTCTCGGTCGG-1,0.00005,0.227153,0.00005,0.772747
CACTCGAGCTGAACAA-1,0.000029,0.350592,0.000029,0.64935
CACTCGGTTAGGAGGA-1,0.000617,0.995678,0.000617,0.003087
CACTGTCCAAGTGAGA-1,0.000036,0.987866,0.000036,0.012062
CACTTCGCCACAGGCT-1,0.000031,0.820118,0.000031,0.179819
CACTTCGTCTTATCTC-1,0.000935,0.571641,0.000935,0.42649
CAGAACTTAGCCCTCT-1,0.001316,0.990787,0.001316,0.006581
CAGACCTGTAAGTGTT-1,0.000015,0.278754,0.000015,0.721216
CAGAGCATGAGCTTGC-1,0.000085,0.6649,0.000085,0.33493
CAGAGTGATTTAACGT-1,0.000155,0.567541,0.000155,0.432149
CAGATCCTGGTTTGAA-1,0.000263,0.953401,0.000263,0.046073
CAGCAGCCCGTTCCTT-1,0.000053,0.999626,0.000053,0.000267
CAGCCGGGCCCTCTAT-1,0.000072,0.999493,0.000072,0.000362
CAGCCTCCTGCAGAGG-1,0.000065,0.77669,0.000065,0.223179
CAGCCTCTCCTCAAGA-1,0.000035,0.95082,0.000035,0.04911
CAGCGCCAACACGATA-1,0.000032,0.999777,0.000032,0.000159
CAGCTCACTGAGACAT-1,0.000066,0.999536,0.000066,0.000331
CAGCTCGACAAGTTAA-1,0.00002,0.497326,0.00002,0.502634
CAGCTCGTGCTTGTGT-1,0.000481,0.90015,0.000481,0.098888
CAGCTGGCGTAACCGT-1,0.000248,0.649634,0.000248,0.349871
CAGCTTAGTAGGTAGC-1,0.000019,0.627135,0.000019,0.372826
CAGGAAGACTTTATAT-1,0.000141,0.999014,0.000141,0.000704
CAGGATATATCGTTGT-1,0.000035,0.931331,0.000035,0.068598
CAGGCCGTTTGGGTGT-1,0.000033,0.832608,0.000033,0.167326
CAGGCGCCATGCTAGG-1,0.000012,0.256786,0.000012,0.743189
CAGGTTTAGTACTACA-1,0.000021,0.589578,0.000021,0.41038
CAGTAACTATTTATTG-1,0.000036,0.776415,0.000036,0.223514
CAGTAATCCCTCCCAG-1,0.000041,0.804367,0.000041,0.195551
CAGTACATTCTCTAAA-1,0.00002,0.516185,0.00002,0.483776
CAGTACCAGTTTACGT-1,0.000031,0.704107,0.000031,0.29583
CAGTAGCCCACGCGGT-1,0.000027,0.717766,0.000027,0.282179
CAGTCCAACGCCTTCT-1,0.000025,0.42349,0.01387,0.562614
CAGTCGAGGATGCAAT-1,0.000039,0.88408,0.000039,0.115841
CAGTCTGTATACTGGG-1,0.000031,0.693738,0.000031,0.3062
CAGTGAATAAATGACT-1,0.000033,0.982905,0.000033,0.017028
CAGTGGTTGCACATGA-1,0.000074,0.996033,0.000074,0.003818
CAGTGTCCGCAGAATG-1,0.000158,0.998896,0.000158,0.000789
CAGTGTCGGCTGGCCC-1,0.000153,0.958201,0.000153,0.041492
CAGTTCCGCGGGTCGA-1,0.00001,0.06652,0.00001,0.933459
