Barcode,Topic 1,Topic 2,Topic 3,Topic 4,Topic 5,Topic 6,Topic 7,Topic 8
AAACAAGTATCTCCCA-1,0.000655,0.000654,0.000656,0.000656,0.000656,0.376592,0.619475,0.000656
AAACAATCTACTAGCA-1,0.000566,0.000566,0.000567,0.000567,0.323311,0.187371,0.470366,0.016687
AAACACCAATAACTGC-1,0.000191,0.000191,0.000191,0.11862,0.089107,0.337444,0.454065,0.000191
AAACAGAGCGACTCCT-1,0.000064,0.000064,0.052638,0.414831,0.003054,0.223404,0.305882,0.000064
AAACAGCTTTCAGAAG-1,0.000028,0.000028,0.685607,0.152431,0.004264,0.024022,0.133181,0.000439
AAACAGGGTCTATATT-1,0.000053,0.000053,0.404786,0.016928,0.156134,0.379528,0.00991,0.032607
AAACAGTGTTCCTGGG-1,0.000188,0.000188,0.006932,0.000188,0.011911,0.245107,0.251891,0.483594
AAACATTTCCCGGATT-1,0.000241,0.000241,0.008451,0.142378,0.18065,0.102431,0.000241,0.565367
AAACCCGAACGAAATC-1,0.000556,0.000556,0.000557,0.30875,0.106486,0.000557,0.581983,0.000557
AAACCGGAAATGTTAA-1,0.000029,0.000029,0.000029,0.000029,0.000029,0.000029,0.723188,0.276637
AAACCGGGTAGGTACC-1,0.000057,0.000057,0.55567,0.057373,0.004455,0.109187,0.2044,0.0688
AAACCGTTCGTCCAGG-1,0.00027,0.00027,0.000271,0.00027,0.297767,0.353979,0.346902,0.00027
AAACCTAAGCAGCCGG-1,0.000373,0.000373,0.000374,0.000374,0.130038,0.109152,0.470307,0.28901
AAACCTCATGAAGTTG-1,0.000027,0.000027,0.642715,0.149822,0.000099,0.00631,0.200972,0.000027
AAACGAAGAACATACC-1,0.00025,0.00025,0.00025,0.00025,0.00025,0.00025,0.660443,0.338058
AAACGAAGATGGAGTA-1,0.00053,0.00053,0.000531,0.000531,0.36862,0.355663,0.000531,0.273065
AAACGAGACGGTTGAT-1,0.000369,0.000369,0.000371,0.590586,0.300903,0.106663,0.000369,0.000369
AAACGGGCGTACGGGT-1,0.000416,0.000415,0.000416,0.000416,0.000416,0.000416,0.385285,0.61222
AAACGGTTGCGAACTG-1,0.000102,0.000102,0.000102,0.086749,0.129517,0.617071,0.110475,0.055883
AAACGTGTTCGCCCTA-1,0.000148,0.000148,0.000148,0.000148,0.000148,0.280554,0.718558,0.000148
AAACTAACGTGGCGAC-1,0.00029,0.00029,0.000291,0.166024,0.450971,0.120221,0.261622,0.000291
AAACTCGGTTCGCAAT-1,0.000629,0.000628,0.000629,0.000629,0.000629,0.05242,0.755626,0.188809
AAACTCGTGATATAAG-1,0.001291,0.001289,0.001291,0.001292,0.001291,0.001291,0.990964,0.001291
AAACTGCTGGCTCCAA-1,0.000695,0.000695,0.198579,0.000696,0.170029,0.000696,0.36255,0.266062
AAACTTAATTGCACGC-1,0.000118,0.000118,0.000118,0.061393,0.399849,0.316149,0.222137,0.000118
AAACTTGCAAACGTAT-1,0.000021,0.000021,0.805102,0.025612,0.045144,0.086281,0.000021,0.037796
AAAGAATGTGGACTAA-1,0.00117,0.001168,0.00117,0.001171,0.00117,0.00117,0.777398,0.215582
AAAGACCCAAGTCGCG-1,0.000152,0.000152,0.000153,0.045837,0.000153,0.105386,0.765674,0.082493
AAAGACTGGGCGCTTT-1,0.000202,0.000202,0.160192,0.000203,0.000203,0.434502,0.380175,0.024321
AAAGCTTGCCTACATA-1,0.000216,0.000216,0.000216,0.000216,0.000216,0.000216,0.884718,0.113985
AAAGGCCCTATAATAC-1,0.000245,0.000245,0.000245,0.000245,0.248898,0.250718,0.385763,0.113641
AAAGGCTACGGACCAT-1,0.000201,0.000201,0.000201,0.220134,0.022182,0.095874,0.520793,0.140414
AAAGGCTCTCGCGCCG-1,0.001215,0.001214,0.001215,0.001216,0.001216,0.001216,0.754541,0.238168
AAAGGGATGTAGCAAG-1,0.000372,0.000372,0.000373,0.12077,0.000373,0.213006,0.501405,0.163329
AAAGGGCAGCTTGAAT-1,0.000098,0.000098,0.016483,0.032139,0.058929,0.525964,0.366189,0.000098
AAAGGTAAGCTGTACC-1,0.000097,0.000097,0.006388,0.347211,0.113385,0.15345,0.379274,0.000098
AAAGTAGCATTGCTCA-1,0.000246,0.000246,0.138641,0.026547,0.160006,0.41738,0.256687,0.000247
AAAGTCACTGATGTAA-1,0.000189,0.000189,0.031836,0.047416,0.038034,0.064697,0.804677,0.012964
AAAGTCGACCCTCAGT-1,0.000017,0.000017,0.543995,0.318777,0.127433,0.00566,0.004083,0.000017
AAAGTGCCATCAATTA-1,0.000308,0.000308,0.000308,0.000308,0.17954,0.000308,0.490907,0.328011
AAAGTGTGATTTATCT-1,0.000602,0.000601,0.209441,0.000602,0.000602,0.000602,0.780699,0.006852
AAAGTTGACTCCCGTA-1,0.000894,0.000893,0.000894,0.000894,0.000894,0.209188,0.785447,0.000895
AAATAACCATACGGGA-1,0.000372,0.000372,0.000373,0.054526,0.000373,0.028443,0.915168,0.000373
AAATAAGGTAGTGCCC-1,0.000269,0.000268,0.000269,0.000269,0.104659,0.003712,0.890286,0.000269
AAATACCTATAAGCAT-1,0.000768,0.000767,0.000768,0.000768,0.000768,0.175255,0.38,0.440906
AAATAGCTTAGACTTT-1,0.000524,0.000523,0.000524,0.000524,0.000524,0.238538,0.684346,0.074497
AAATAGGGTGCTATTG-1,0.000895,0.000894,0.000895,0.000895,0.000895,0.000894,0.909731,0.084902
AAATCCGATACACGCC-1,0.00053,0.00053,0.000531,0.000531,0.104228,0.130034,0.481267,0.282349
AAATCGCGGAAGGAGT-1,0.000243,0.000243,0.070683,0.000243,0.285393,0.21154,0.327557,0.104098
AAATCGTGTACCACAA-1,0.000272,0.000272,0.072053,0.000272,0.281969,0.142623,0.37606,0.126479
AAATCTAGCCCTGCTA-1,0.000175,0.000175,0.000175,0.000175,0.000175,0.01633,0.416681,0.566115
AAATGACTGATCAAAC-1,0.000517,0.000517,0.000517,0.000517,0.000517,0.125807,0.374336,0.49727
AAATGATTCGATCAGC-1,0.000971,0.000969,0.000971,0.000971,0.000971,0.000971,0.993206,0.000971
AAATGCTCGTTACGTT-1,0.000128,0.000128,0.002399,0.132821,0.280175,0.42915,0.155069,0.000129
AAATGGCATGTCTTGT-1,0.000103,0.000102,0.130529,0.716443,0.01253,0.003146,0.100251,0.036896
AAATGGCCCGTGCCCT-1,0.000158,0.000158,0.003633,0.000159,0.123578,0.435223,0.385952,0.051139
AAATGGTCAATGTGCC-1,0.000193,0.000193,0.000193,0.000193,0.000193,0.520291,0.46486,0.013883
AAATGTATCTTATCCC-1,0.000159,0.000159,0.00016,0.00016,0.143426,0.553561,0.192505,0.10987
AAATTAACGGGTAGCT-1,0.000337,0.000337,0.000338,0.048444,0.000338,0.330876,0.618994,0.000338
AAATTAATAAGCGCGA-1,0.000148,0.000148,0.017335,0.000148,0.275374,0.323043,0.276388,0.107415
AAATTACACGACTCTG-1,0.001137,0.001136,0.001138,0.001138,0.001138,0.001138,0.992037,0.001138
AAATTACCTATCGATG-1,0.000129,0.000129,0.013063,0.399545,0.000752,0.293771,0.218935,0.073676
AAATTCCAGGTCCAAA-1,0.000229,0.000229,0.000229,0.000229,0.000229,0.121851,0.772677,0.104326
AAATTGATAGTCCTTT-1,0.000095,0.000095,0.078911,0.340463,0.580151,0.000095,0.000095,0.000095
AAATTGGTGAGAAGCA-1,0.000115,0.000115,0.000115,0.000115,0.000338,0.176741,0.753818,0.068644
AAATTTACCGAAATCC-1,0.000286,0.000286,0.000286,0.000286,0.05848,0.308332,0.631758,0.000286
AAATTTGCGGGTGTGG-1,0.000112,0.000112,0.133258,0.061537,0.003972,0.275928,0.494557,0.030524
AACAACTGGTAGTTGC-1,0.001318,0.001316,0.001318,0.192587,0.001318,0.001318,0.799506,0.001318
AACAATACATTGTCGA-1,0.000121,0.000121,0.000121,0.269064,0.108214,0.25613,0.300677,0.065553
AACAATTACTCTACGC-1,0.000042,0.000042,0.621729,0.069742,0.003099,0.222043,0.08326,0.000042
AACACACGCTCGCCGC-1,0.001043,0.001042,0.001043,0.001044,0.001044,0.001044,0.884145,0.109596
AACACGACTGTACTGA-1,0.000652,0.000651,0.133558,0.000652,0.000652,0.000652,0.119744,0.743438
AACACGAGACGCGGCC-1,0.000027,0.000027,0.616364,0.017642,0.125582,0.110124,0.000027,0.130207
AACACGCGGCCGCGAA-1,0.000455,0.000455,0.000455,0.000455,0.2503,0.112974,0.634451,0.000455
AACAGCTGTGTGGCAA-1,0.000406,0.000406,0.000407,0.000407,0.000407,0.411988,0.472074,0.113906
AACAGGAAATCGAATA-1,0.000616,0.000616,0.000617,0.044964,0.000617,0.000617,0.905797,0.046157
AACAGGATGGGCCGCG-1,0.000126,0.000126,0.120291,0.087703,0.092003,0.39484,0.299915,0.004997
AACAGGTAGTATGGAT-1,0.001043,0.001042,0.001044,0.167792,0.001044,0.001044,0.825949,0.001044
AACATAGCGTGTATCG-1,0.00106,0.00106,0.001061,0.001061,0.001061,0.001061,0.172835,0.8208
AACATATCAACTGGTG-1,0.000491,0.00049,0.000491,0.000491,0.000491,0.191111,0.805943,0.000491
AACATCGATACGTCTA-1,0.000413,0.000413,0.000413,0.082148,0.000413,0.000413,0.849967,0.065819
AACATTGAAGTTGATC-1,0.000392,0.000392,0.000393,0.083285,0.000393,0.266249,0.648504,0.000393
AACATTGTGACTCGAG-1,0.000168,0.000168,0.053804,0.154238,0.460896,0.044157,0.189852,0.096718
AACCAAGACTTCTCTG-1,0.000055,0.000055,0.465986,0.135154,0.065305,0.117862,0.149043,0.066538
AACCAGTATCACTCTT-1,0.000211,0.000211,0.000212,0.179028,0.000212,0.090515,0.501034,0.228576
AACCATAGGGTTGAAC-1,0.000162,0.000162,0.000162,0.17936,0.015502,0.20756,0.59693,0.000162
AACCATGGGATCGCTA-1,0.000139,0.000139,0.000139,0.123825,0.034329,0.424422,0.416867,0.000139
AACCCAGAGACGGAGA-1,0.000156,0.000156,0.000156,0.000156,0.000156,0.617505,0.159095,0.22262
AACCCATCCCATGATC-1,0.00016,0.000159,0.00016,0.00016,0.153267,0.020374,0.815455,0.010266
AACCCGACAACCCGTG-1,0.000206,0.000206,0.091344,0.090288,0.367365,0.145757,0.284868,0.019966
AACCCGAGCAGAATCG-1,0.000271,0.000271,0.000272,0.000272,0.000272,0.000272,0.852048,0.146323
AACCCGCTGTATTCCA-1,0.000391,0.000391,0.000391,0.000391,0.000391,0.000391,0.000391,0.997261
AACCCTACTGTCAATA-1,0.00118,0.001179,0.001182,0.001182,0.097941,0.001181,0.894973,0.001181
AACCCTGGTGGAACCA-1,0.000336,0.000335,0.000336,0.000336,0.000336,0.000336,0.809494,0.188492
AACCGAGCTTGGTCAT-1,0.000171,0.000171,0.000171,0.000171,0.000171,0.469491,0.529482,0.000171
AACCGCTAAGGGATGC-1,0.000632,0.000631,0.000633,0.000633,0.000633,0.170368,0.43196,0.394511
AACCGTTGTGTTTGCT-1,0.000167,0.000167,0.000167,0.000167,0.000167,0.146456,0.01193,0.840778
AACCTCGCTTTAGCCC-1,0.002317,0.002315,0.002318,0.002319,0.002319,0.002319,0.70315,0.282944
AACCTGTCACGGAATT-1,0.000707,0.000706,0.000707,0.163517,0.000708,0.111446,0.721501,0.000708
AACCTTTAAATACGGT-1,0.002608,0.002605,0.002608,0.002608,0.002609,0.002609,0.470038,0.514315
AACCTTTACGACGTCT-1,0.000208,0.000207,0.05212,0.382758,0.050053,0.163726,0.242438,0.10849
AACGAAAGTCGTCCCA-1,0.000069,0.000069,0.106916,0.176457,0.697001,0.019349,0.000069,0.000069
AACGACCTCCTAGCCG-1,0.000802,0.000801,0.000803,0.059106,0.152798,0.280844,0.000803,0.504042
AACGATAATGCCGTAG-1,0.000792,0.000791,0.000793,0.000793,0.000793,0.000793,0.821411,0.173835
AACGATAGAAGGGCCG-1,0.000192,0.000191,0.000192,0.000192,0.000192,0.092458,0.763538,0.143045
AACGATATGTCAACTG-1,0.000249,0.000249,0.000249,0.067578,0.239555,0.307152,0.384718,0.000249
AACGCATGATCTGGGT-1,0.000305,0.000305,0.000305,0.012683,0.000305,0.421856,0.448732,0.115507
AACGCGAACGGCAACA-1,0.000391,0.000391,0.000391,0.000391,0.128979,0.427626,0.351471,0.090359
AACGCGACCTTGGGCG-1,0.000127,0.000127,0.000127,0.000127,0.000127,0.516211,0.468636,0.014519
AACGCGGTCTCCAGCC-1,0.00019,0.00019,0.00019,0.191609,0.161134,0.109309,0.537189,0.00019
AACGCTGTTGCTGAAA-1,0.001088,0.001087,0.001089,0.001089,0.001089,0.001089,0.99238,0.001089
AACGGACGTACGTATA-1,0.000648,0.000648,0.000649,0.000649,0.000649,0.000649,0.687917,0.308191
AACGGCCATCTCCGGT-1,0.00008,0.00008,0.589893,0.013645,0.097876,0.13232,0.133884,0.032222
AACGTACTGTGGGTAC-1,0.00061,0.00061,0.000611,0.000611,0.011872,0.42665,0.424754,0.134281
AACGTCAGACTAGTGG-1,0.000122,0.000122,0.027189,0.360577,0.000122,0.371373,0.192891,0.047605
AACGTCATCCGGCTTG-1,0.000823,0.000823,0.138124,0.000824,0.000824,0.000824,0.456799,0.40096
AACGTCGCTGCACTTC-1,0.002611,0.002605,0.002609,0.002609,0.00261,0.002609,0.981736,0.00261
AACGTGATGAAGGACA-1,0.001264,0.001263,0.001265,0.001265,0.001265,0.001265,0.959461,0.032953
AACGTGCGAAAGTCTC-1,0.001691,0.001689,0.001692,0.001692,0.203565,0.406061,0.265537,0.118072
AACGTTATCAGCACCT-1,0.000098,0.000098,0.008247,0.321899,0.621414,0.031444,0.000099,0.016701
AACTACCCGTTTGTCA-1,0.001762,0.001761,0.001764,0.256671,0.001764,0.057256,0.677259,0.001764
AACTAGCGTATCGCAC-1,0.000185,0.000185,0.000186,0.060131,0.256316,0.158395,0.448998,0.075604
AACTAGGCTTGGGTGT-1,0.000808,0.000807,0.000808,0.000808,0.000808,0.000808,0.359068,0.636085
AACTCAAGTTAATTGC-1,0.000252,0.000252,0.186015,0.154351,0.044197,0.020833,0.418986,0.175116
AACTCCAGAGCGTGTT-1,0.001359,0.00136,0.001361,0.001361,0.001361,0.001361,0.885918,0.10592
AACTCCTAATCCCATG-1,0.000684,0.000683,0.000684,0.197615,0.000684,0.000684,0.695373,0.103591
AACTCGATGGCGCAGT-1,0.000141,0.000141,0.000141,0.148379,0.020556,0.221688,0.608813,0.000141
AACTCTCAATAGAGCG-1,0.000715,0.000715,0.000716,0.000716,0.000715,0.000716,0.994992,0.000715
AACTCTCAGTGTGCTC-1,0.00015,0.00015,0.00015,0.106267,0.247689,0.37673,0.241136,0.027728
AACTGAGGTCAGCGTC-1,0.000265,0.000265,0.000265,0.000265,0.129812,0.128253,0.740609,0.000265
AACTGAGTTATACTGA-1,0.000132,0.000131,0.085104,0.361477,0.429738,0.000132,0.000132,0.123154
AACTGATATTAGGCCT-1,0.000201,0.000201,0.000201,0.087498,0.000201,0.185119,0.599496,0.127082
AACTGGGTCCCGACGT-1,0.000303,0.000303,0.000303,0.000303,0.000303,0.179203,0.818979,0.000303
AACTGGGTTCGAGCCG-1,0.000613,0.000613,0.000614,0.000614,0.284247,0.012783,0.605228,0.095288
AACTGGTGTGGGCCTT-1,0.000173,0.000173,0.000173,0.000173,0.003753,0.367728,0.627655,0.000173
AACTTCTGCGTCTATC-1,0.000273,0.000272,0.000273,0.000273,0.023439,0.589825,0.321657,0.063989
AACTTGCCCGTATGCA-1,0.000059,0.000059,0.476739,0.027126,0.000059,0.191704,0.304194,0.000059
AACTTGCGTTCTCGCG-1,0.000122,0.000122,0.050887,0.103966,0.21097,0.351067,0.282745,0.000122
AACTTTACGGGAGCTT-1,0.000197,0.000197,0.000197,0.000197,0.076515,0.527233,0.318203,0.077261
AACTTTAGCTGCTGAG-1,0.000179,0.000179,0.000179,0.002585,0.021464,0.424752,0.550481,0.000179
AACTTTCTCGATCATG-1,0.000049,0.000049,0.000049,0.000049,0.000049,0.000049,0.999659,0.000049
AAGAAATCACCAGATT-1,0.000023,0.000023,0.000023,0.000023,0.000023,0.025376,0.921177,0.053335
AAGAAGGATCAGTTAG-1,0.000108,0.000108,0.007712,0.075472,0.320317,0.32937,0.266803,0.000109
AAGACATACGTGGTTT-1,0.001169,0.001168,0.00117,0.128688,0.00117,0.00117,0.00117,0.864293
AAGACCCAACTGAACA-1,0.000164,0.000164,0.063693,0.111804,0.034219,0.338265,0.33673,0.114961
AAGACTGCAAGCTACT-1,0.000479,0.000479,0.141913,0.033672,0.050046,0.234861,0.373042,0.165507
AAGAGATGAATCGGTA-1,0.000113,0.000113,0.050858,0.024244,0.02497,0.321406,0.578183,0.000113
AAGAGCTCTTTATCGG-1,0.001439,0.001437,0.001439,0.001439,0.275443,0.51729,0.055998,0.145515
AAGAGGATGTACGCGA-1,0.000066,0.000066,0.70802,0.062571,0.0073,0.098525,0.123387,0.000066
AAGAGGCATGGATCGC-1,0.001422,0.001421,0.001424,0.001424,0.001423,0.001423,0.99004,0.001423
AAGAGGCCCTTTGGAA-1,0.000181,0.000181,0.000182,0.000181,0.000181,0.000181,0.336333,0.662578
AAGATGGCACCGGACC-1,0.00021,0.00021,0.00021,0.00021,0.123919,0.465482,0.40955,0.00021
AAGATTGGCGGAACGT-1,0.000582,0.000582,0.000583,0.000583,0.000583,0.132051,0.864455,0.000582
AAGCACCCTGCGTATC-1,0.002554,0.002551,0.002555,0.002555,0.002556,0.002556,0.511651,0.473022
AAGCATACTCTCCTGA-1,0.000875,0.000874,0.000876,0.000876,0.189442,0.000876,0.688746,0.117435
AAGCCACTTGCAGGTA-1,0.000599,0.000598,0.000599,0.000599,0.100264,0.051084,0.626598,0.219659
AAGCCGAAGCGGTTTA-1,0.00232,0.002315,0.178297,0.002318,0.002318,0.002318,0.807794,0.002319
AAGCCGCCGTGAAATC-1,0.000152,0.000152,0.000152,0.000152,0.150614,0.247145,0.179444,0.422188
AAGCCGCTTTACCTTG-1,0.000032,0.000032,0.01513,0.068372,0.031436,0.10666,0.626171,0.152166
AAGCCGGAGAGCAGGA-1,0.00092,0.000919,0.000921,0.000921,0.000921,0.000921,0.829458,0.165019
AAGCGCAGGGCTTTGA-1,0.000688,0.000687,0.000688,0.000688,0.000688,0.000688,0.565094,0.43078
AAGCGGAGTGCGCGCA-1,0.000517,0.000517,0.000517,0.000518,0.000517,0.000517,0.996379,0.000517
AAGCGGCGTCATGGGT-1,0.000368,0.000368,0.000368,0.206972,0.115397,0.134951,0.541207,0.000368
AAGCGTCCCTCATCGA-1,0.00032,0.00032,0.118249,0.00032,0.062891,0.362384,0.455195,0.00032
AAGCTAGATCGAGTAA-1,0.001069,0.001069,0.00107,0.00107,0.00107,0.288661,0.439486,0.266504
AAGCTCGTGCCAAGTC-1,0.001317,0.001316,0.001318,0.001318,0.001318,0.001318,0.990775,0.001318
AAGCTCTTTCATGGTG-1,0.001331,0.00133,0.001332,0.001332,0.001332,0.001332,0.646831,0.345178
AAGGAGAACTTATAAG-1,0.000285,0.000285,0.000285,0.074064,0.221124,0.246762,0.386191,0.071004
AAGGAGCGGTTGGTGC-1,0.000187,0.000187,0.000187,0.022269,0.151744,0.488015,0.316333,0.021077
AAGGATCGATCGCTTG-1,0.000167,0.000167,0.000168,0.281985,0.014408,0.290396,0.41254,0.000168
AAGGATGAGGGACCTC-1,0.000288,0.000287,0.000288,0.000288,0.000288,0.52687,0.379255,0.092436
AAGGCAGGCTGTCTCC-1,0.00108,0.001078,0.001079,0.001079,0.00108,0.273619,0.719906,0.00108
AAGGCGCGTAAAGCTT-1,0.000115,0.000115,0.000115,0.000115,0.022573,0.479754,0.497096,0.000115
AAGGCTGTGCTCATCG-1,0.000235,0.000235,0.000235,0.000235,0.000235,0.510937,0.476738,0.011149
AAGGGAACGACTGGCT-1,0.000157,0.000157,0.002237,0.006519,0.225223,0.300719,0.420457,0.044531
AAGGGACAGATTCTGT-1,0.000184,0.000184,0.000184,0.098825,0.202566,0.216436,0.474254,0.007367
AAGGGACTATGCATTC-1,0.000732,0.000731,0.000732,0.000732,0.000732,0.572169,0.423438,0.000732
AAGGTATCCTAATATA-1,0.000635,0.000635,0.185134,0.007044,0.257837,0.119994,0.428086,0.000636
AAGGTGATAAACCAGC-1,0.000424,0.000424,0.000424,0.000424,0.000425,0.355216,0.545645,0.097018
AAGTAGAAGACCGGGT-1,0.000356,0.000355,0.000356,0.000356,0.000356,0.070457,0.927409,0.000356
AAGTAGTGACGCGAGG-1,0.000629,0.000628,0.203357,0.000629,0.000629,0.411537,0.366831,0.015759
AAGTCAATTGTCGTCA-1,0.000763,0.000762,0.000764,0.303788,0.000764,0.000764,0.691633,0.000764
AAGTCTAGTAGCTGCC-1,0.000082,0.000082,0.000082,0.096407,0.000082,0.000082,0.897438,0.005747
AAGTCTTCTGTGGCCT-1,0.000185,0.000184,0.155201,0.000185,0.135626,0.438657,0.17946,0.090502
AAGTGACGACCGAATT-1,0.000026,0.000026,0.733058,0.153495,0.024483,0.011357,0.030771,0.046783
AAGTGAGTCGGGTTTA-1,0.00012,0.000119,0.030058,0.089999,0.088166,0.506722,0.284697,0.00012
AAGTGCAAAGGTAGAC-1,0.000184,0.000184,0.038874,0.000184,0.023803,0.607615,0.295432,0.033725
AAGTGCCTTGACTGTA-1,0.000436,0.000436,0.000436,0.000436,0.000436,0.292916,0.601854,0.103049
AAGTGCGTTAGAATCT-1,0.000189,0.000188,0.104551,0.069056,0.267345,0.094907,0.463575,0.000189
AAGTGCTTCTCTATTG-1,0.000574,0.000574,0.000574,0.000574,0.068219,0.382247,0.379015,0.168222
AAGTGTTTGGAGACGG-1,0.000409,0.000409,0.118655,0.275188,0.000409,0.000409,0.000409,0.604111
AAGTTCACTCCAAGCT-1,0.001762,0.001761,0.196823,0.001764,0.001763,0.001763,0.538552,0.255811
AAGTTCAGTCTGCGTA-1,0.00025,0.00025,0.034157,0.00025,0.00025,0.27769,0.686904,0.00025
AAGTTCGGCCAACAGG-1,0.00014,0.00014,0.370663,0.010028,0.030606,0.176241,0.412042,0.00014
AAGTTGTGATGTTATA-1,0.00118,0.00118,0.001182,0.001182,0.001181,0.001182,0.001182,0.991732
AAGTTTACTAATGGCA-1,0.000403,0.000403,0.000404,0.000404,0.000404,0.118759,0.878819,0.000404
AAGTTTATGGGCCCAA-1,0.000294,0.000293,0.060646,0.053571,0.442229,0.005519,0.437154,0.000294
AATAACAACGCTCGGC-1,0.000057,0.000057,0.19161,0.464581,0.086496,0.219292,0.014598,0.023308
AATAACACTAGAACAA-1,0.00017,0.00017,0.00769,0.000171,0.079184,0.23476,0.677684,0.000171
AATAACGTCGCGCCCA-1,0.002317,0.002315,0.002319,0.002319,0.002319,0.250368,0.484434,0.253608
AATAAGTCCTCGAGAC-1,0.000436,0.000436,0.000436,0.000436,0.000436,0.190033,0.768517,0.039269
AATAATCTTCGTATCG-1,0.00003,0.00003,0.00003,0.00003,0.00003,0.00003,0.942647,0.05717
AATACAATGTTTCAGG-1,0.000109,0.000109,0.033336,0.060504,0.670241,0.082025,0.153567,0.000109
AATACCGGAGGGCTGT-1,0.000423,0.000422,0.000423,0.000423,0.000423,0.439553,0.369216,0.189117
AATACCTGATGTGAAC-1,0.000875,0.000874,0.000876,0.000876,0.032452,0.000876,0.048216,0.914955
AATAGAACAGAGTGGC-1,0.000426,0.000425,0.000426,0.050574,0.000426,0.435382,0.425456,0.086885
AATAGAATCTGTTTCA-1,0.000613,0.000613,0.114188,0.000614,0.000614,0.074208,0.709109,0.100042
AATAGCTACCGCGTGC-1,0.001148,0.001147,0.001149,0.001149,0.131042,0.001149,0.750992,0.112225
AATAGGCACGACCCTT-1,0.000887,0.000887,0.000888,0.000888,0.000888,0.000888,0.67558,0.319095
AATAGTCCGTCCCGAC-1,0.000298,0.000298,0.071056,0.024048,0.71193,0.000298,0.000298,0.191774
AATAGTCGCGAGTCGG-1,0.000217,0.000216,0.000217,0.000217,0.028947,0.563028,0.406942,0.000217
AATATCAAGGTCGGAT-1,0.000122,0.000122,0.048716,0.159201,0.331028,0.089779,0.370909,0.000122
AATATCCTAGCAAACT-1,0.000186,0.000186,0.093235,0.000186,0.055308,0.397367,0.367245,0.086287
AATATCGAATCAATGC-1,0.002234,0.002233,0.002236,0.002236,0.002236,0.002237,0.527614,0.458975
AATATCGAGGGTTCTC-1,0.000296,0.000296,0.000296,0.000296,0.000296,0.281589,0.716636,0.000296
AATATTGGAGTATTGA-1,0.000053,0.000053,0.556982,0.196423,0.042784,0.029632,0.112462,0.061613
AATCAGGTTTCATTTA-1,0.000187,0.000187,0.209939,0.077406,0.610415,0.000187,0.035002,0.066676
AATCATGTAAAGACTC-1,0.00084,0.000839,0.000841,0.000841,0.00084,0.00084,0.630255,0.364704
AATCCAAGGGCCTGAG-1,0.000353,0.000353,0.000354,0.000354,0.257615,0.176545,0.304865,0.259561
AATCCATGCAAGGGTG-1,0.000127,0.000127,0.000127,0.001387,0.017821,0.502575,0.459066,0.01877
AATCCCGCTCAGAGCC-1,0.000659,0.000658,0.000659,0.000659,0.000659,0.000659,0.695328,0.300719
AATCGAGGTCTCAAGG-1,0.001422,0.001421,0.001423,0.001423,0.296593,0.001423,0.380848,0.315447
AATCGCCTCAGCGCCA-1,0.001043,0.001042,0.001044,0.001044,0.001044,0.496435,0.159392,0.338957
AATCGCGCAGAGGACT-1,0.000294,0.000294,0.089341,0.000294,0.000294,0.173907,0.596863,0.138713
AATCGGGACACTACGA-1,0.000857,0.000856,0.000858,0.350818,0.000858,0.000858,0.350154,0.294741
AATCGGTATAGCCCTC-1,0.003679,0.003677,0.003684,0.003684,0.003683,0.003683,0.974225,0.003685
AATCGTGAGCCGAGCA-1,0.001455,0.001454,0.001456,0.001456,0.001456,0.001456,0.810228,0.181039
AATCTAGGTTTACTTG-1,0.000196,0.000196,0.028142,0.222302,0.22088,0.159667,0.334746,0.03387
AATCTATGCCGGAGCC-1,0.001762,0.001762,0.001764,0.001764,0.001764,0.001764,0.771057,0.218363
AATCTCTACTGTGGTT-1,0.000113,0.000113,0.207396,0.000113,0.000113,0.330709,0.000113,0.461331
AATCTGCGTTGGGACG-1,0.000304,0.000303,0.000304,0.335384,0.026817,0.06575,0.570835,0.000304
AATCTGGCTTTCTAGT-1,0.0002,0.000199,0.0002,0.039145,0.052431,0.464145,0.292315,0.151366
AATCTGGGTAGACCCT-1,0.000445,0.000445,0.000446,0.434049,0.000446,0.26924,0.258123,0.036807
AATGACAGCAATGTCT-1,0.000102,0.000102,0.150348,0.055563,0.074626,0.635459,0.008311,0.075489
AATGACGTAGGATGTC-1,0.000524,0.000523,0.000524,0.000524,0.000524,0.179651,0.000524,0.817206
AATGACTGTCAGCCGG-1,0.000171,0.000171,0.000171,0.000171,0.03248,0.238035,0.728628,0.000171
AATGAGTTCGCATATG-1,0.000152,0.000152,0.050131,0.000152,0.002106,0.540825,0.406332,0.000152
AATGATGATACGCTAT-1,0.000167,0.000167,0.000167,0.144735,0.030183,0.437999,0.187837,0.198746
AATGATGCGACTCCTG-1,0.000274,0.000274,0.000275,0.152216,0.000275,0.044521,0.801891,0.000275
AATGCAACCGGGTACC-1,0.000156,0.000156,0.000157,0.103359,0.033862,0.35877,0.503384,0.000157
AATGCACCAAGCAATG-1,0.000303,0.000303,0.000303,0.000303,0.101249,0.026428,0.870808,0.000303
AATGGTCCACCGTTCA-1,0.000126,0.000126,0.363295,0.000126,0.019096,0.26686,0.350246,0.000126
AATGGTTCTCACAAGC-1,0.00017,0.00017,0.00017,0.00017,0.00017,0.588661,0.410319,0.00017
AATGTATGGCACTGTA-1,0.000521,0.000521,0.145169,0.049335,0.387518,0.163499,0.142728,0.11071
AATGTGCCCGAGGTGT-1,0.000215,0.000214,0.064398,0.000215,0.295366,0.31248,0.326897,0.000215
AATGTGCTAATCTGAG-1,0.000117,0.000117,0.006303,0.338083,0.384843,0.068609,0.000117,0.201812
AATGTTAAGACCCTGA-1,0.000699,0.000698,0.000699,0.000699,0.000699,0.000699,0.255672,0.740133
AATGTTGTCGTGAGAC-1,0.001508,0.001506,0.001508,0.001508,0.001508,0.001508,0.989444,0.001509
AATTAAAGGTCGGCGT-1,0.000155,0.000154,0.037961,0.138277,0.024096,0.315959,0.447591,0.035808
AATTAACGGATTTCCA-1,0.001127,0.001126,0.001128,0.001128,0.001128,0.001128,0.57474,0.418494
AATTACGAGACCCATC-1,0.000616,0.000616,0.230452,0.19836,0.214706,0.045775,0.277474,0.032
AATTACTCGTACGCTC-1,0.000134,0.000134,0.025865,0.000134,0.233465,0.412409,0.050238,0.277622
AATTAGCGCTGCAGCG-1,0.000655,0.000655,0.049359,0.000656,0.000656,0.471547,0.382864,0.093609
AATTATACCCAGCAAG-1,0.000159,0.000159,0.035277,0.000159,0.000159,0.000159,0.000159,0.96377
AATTCATAAGGGATCT-1,0.000272,0.000272,0.10401,0.000272,0.102333,0.115719,0.604102,0.07302
AATTCATTGTCATGCA-1,0.000179,0.000179,0.000179,0.158745,0.092516,0.056816,0.687573,0.003812
AATTCCAAGCATGTAC-1,0.000044,0.000044,0.118553,0.386693,0.494535,0.000044,0.000044,0.000044
AATTCGATTCGAGGAT-1,0.001098,0.001097,0.001098,0.001098,0.001099,0.001098,0.818371,0.175041
AATTCTAGAGTTAGGC-1,0.00059,0.00059,0.296741,0.269402,0.317456,0.000591,0.114039,0.000591
AATTGAACGCTCTGGT-1,0.000851,0.00085,0.000852,0.263174,0.000852,0.081851,0.362478,0.289092
AATTGCAGCAATCGAC-1,0.002276,0.002274,0.002281,0.002277,0.002276,0.002276,0.65561,0.330729
AATTGCGTGGATTACA-1,0.000773,0.000772,0.052801,0.000773,0.381071,0.467056,0.095982,0.000773
AATTGTGGTTGCCAAA-1,0.004467,0.004465,0.004469,0.004469,0.00447,0.004471,0.65295,0.32024
AATTTGGGACATAGTA-1,0.000143,0.000142,0.000143,0.33018,0.243443,0.016278,0.353915,0.055757
AATTTGGTTCCAAAGA-1,0.000371,0.000371,0.000372,0.083941,0.032966,0.000372,0.427944,0.453664
ACAAACCATGCGTCCT-1,0.000155,0.000155,0.000155,0.000155,0.266506,0.26339,0.469328,0.000155
ACAAACCGACAAGGCG-1,0.000348,0.000348,0.000349,0.000349,0.498027,0.094357,0.38528,0.020942
ACAAACTCCATCAGAG-1,0.000623,0.000622,0.000623,0.000623,0.000623,0.000623,0.61532,0.380944
ACAAAGAAGGTAGGCC-1,0.000088,0.000088,0.124482,0.16337,0.336121,0.072938,0.094217,0.208696
ACAAAGCATGACCTAG-1,0.00092,0.000919,0.000921,0.000921,0.000921,0.216798,0.568647,0.209954
ACAAATCGCACCGAAT-1,0.000304,0.000304,0.125433,0.106111,0.502012,0.000304,0.000304,0.265229
ACAAATGGTAGTGTTT-1,0.001204,0.001202,0.131167,0.001204,0.001204,0.210821,0.651994,0.001204
ACAAATTCAGATCTGA-1,0.000542,0.000541,0.000542,0.000542,0.286017,0.158111,0.449713,0.103991
ACAACAGCATGAGCTA-1,0.00041,0.00041,0.000411,0.000411,0.000411,0.373799,0.425064,0.199085
ACAACGGTCCCTGCGA-1,0.000089,0.000089,0.041376,0.004041,0.00009,0.573212,0.381012,0.00009
ACAAGCAGTGCCTAGC-1,0.000059,0.000059,0.609962,0.093993,0.000953,0.115074,0.179841,0.000059
ACAAGCTATATGGAAG-1,0.000054,0.000054,0.221594,0.084094,0.650586,0.010797,0.000054,0.032766
ACAAGGAAATCCGCCC-1,0.000375,0.000374,0.01074,0.308131,0.363046,0.000375,0.21804,0.098918
ACAAGGACAAGAGGTT-1,0.000168,0.000168,0.091513,0.000169,0.000169,0.371369,0.493347,0.043097
ACAAGGATGCTTTAGG-1,0.000963,0.000962,0.000963,0.000963,0.000964,0.000963,0.844659,0.149563
ACAAGGGCAGGCTCTG-1,0.000935,0.000933,0.000935,0.231857,0.000935,0.000935,0.161956,0.601515
ACAAGTAATTGTAAGG-1,0.000978,0.000977,0.000978,0.000978,0.314781,0.000978,0.392503,0.287826
ACAATAGTCGTACGTT-1,0.000025,0.000025,0.777648,0.104015,0.04517,0.007412,0.015512,0.050194
ACAATCCATTTAAACC-1,0.000027,0.000027,0.742571,0.103648,0.063578,0.084364,0.000027,0.005758
ACAATGAATACGGAGA-1,0.000236,0.000235,0.000236,0.003515,0.3634,0.032068,0.600073,0.000236
ACAATGATTCTTCTAC-1,0.000985,0.000985,0.000986,0.171377,0.000986,0.386805,0.43689,0.000986
ACAATTGTGTCTCTTT-1,0.000158,0.000157,0.011077,0.899701,0.088433,0.000158,0.000158,0.000158
ACAATTTAGGAGGCTC-1,0.000166,0.000166,0.000632,0.000166,0.000166,0.728324,0.200343,0.070037
ACAATTTGAGCAGTGG-1,0.000695,0.000695,0.000696,0.000696,0.000696,0.455853,0.322756,0.217914
ACAATTTGGCCATATT-1,0.000023,0.000023,0.009057,0.399929,0.199539,0.000287,0.377633,0.01351
ACACAAAGACGGGTGG-1,0.000103,0.000102,0.0364,0.288326,0.01575,0.23966,0.260563,0.159096
ACACAAATATTCCTAG-1,0.000021,0.000021,0.017757,0.178403,0.000021,0.010953,0.777943,0.014881
ACACACCAGGACCAGT-1,0.001227,0.001226,0.001228,0.001228,0.001228,0.001228,0.737435,0.255202
ACACACTTTCTACACG-1,0.00053,0.00053,0.000531,0.000531,0.000531,0.000531,0.86447,0.132348
ACACATGATCAAATCT-1,0.000289,0.000289,0.000289,0.026902,0.224109,0.155915,0.591917,0.000289
ACACATTGACGCAACA-1,0.000307,0.000306,0.054001,0.000307,0.000307,0.175541,0.612844,0.156386
ACACATTTCCGTAGAC-1,0.000406,0.000406,0.000407,0.000407,0.000407,0.000407,0.066582,0.93098
ACACCACATAATTAGC-1,0.000934,0.000933,0.000935,0.185809,0.000935,0.000935,0.694841,0.11468
ACACCCAGCATGCAGC-1,0.000192,0.000192,0.000193,0.000193,0.000193,0.509945,0.464747,0.024345
ACACCCGAGAAATCCG-1,0.000147,0.000147,0.000147,0.06318,0.247635,0.0625,0.626098,0.000147
ACACCGAGCGCTCTTT-1,0.000294,0.000293,0.000294,0.000294,0.000294,0.614148,0.231898,0.152485
ACACCGGTCTGACCGC-1,0.000187,0.000187,0.03897,0.089295,0.083848,0.196621,0.501241,0.089651
ACACCTTAAGTAGGGC-1,0.000311,0.000311,0.000312,0.000312,0.134993,0.072107,0.791344,0.000312
ACACCTTACTACTTGC-1,0.000477,0.000477,0.074777,0.000478,0.078325,0.000478,0.754757,0.090231
ACACGAGACTCCTTCT-1,0.000507,0.000506,0.000507,0.115951,0.216028,0.279007,0.386987,0.000507
ACACGGCACTATGCAT-1,0.000993,0.000992,0.000994,0.000994,0.000994,0.000994,0.515695,0.478344
ACACGGGAACTTAGGG-1,0.000441,0.00044,0.000441,0.000441,0.000441,0.475622,0.521733,0.000441
ACACGTAGGCCACAAG-1,0.000228,0.000228,0.000228,0.000228,0.000228,0.000228,0.853846,0.144786
ACACTCCAATGTCACT-1,0.000218,0.000217,0.000218,0.000218,0.163362,0.183699,0.517396,0.134672
ACACTGATCAAGGTGT-1,0.000295,0.000295,0.000295,0.067228,0.010211,0.303464,0.617916,0.000295
ACACTGGGACAGTCGT-1,0.001017,0.001016,0.001018,0.001018,0.001018,0.001018,0.664254,0.329641
ACAGAACTGAGAACAA-1,0.000227,0.000227,0.000228,0.090225,0.325436,0.20376,0.379669,0.000228
ACAGATTAGGTTAGTG-1,0.000768,0.000767,0.000768,0.121473,0.000768,0.105467,0.635699,0.13429
ACAGCATAGAGCCAGT-1,0.000807,0.000807,0.000808,0.000808,0.000808,0.000808,0.172584,0.822571
ACAGCGACATTCTCAT-1,0.001455,0.001454,0.042827,0.001456,0.159009,0.001456,0.478648,0.313695
ACAGCGCACCCGCAGC-1,0.000281,0.00028,0.000281,0.000281,0.000281,0.000281,0.000281,0.998035
ACAGGCACGGATCCTT-1,0.002409,0.002404,0.002407,0.002408,0.002408,0.002407,0.901795,0.083762
ACAGGCTTGCCCGACT-1,0.000696,0.000695,0.000696,0.128674,0.000696,0.133937,0.651711,0.082897
ACAGGTGGAGGTGAGG-1,0.00039,0.00039,0.024659,0.00039,0.017246,0.274981,0.446291,0.235655
ACAGGTGTGTTGTTGC-1,0.000193,0.000193,0.077467,0.000194,0.119773,0.640141,0.057902,0.104137
ACAGTAATACAACTTG-1,0.000054,0.000054,0.468037,0.029651,0.08182,0.187999,0.126043,0.106341
ACAGTATACCGTGGGA-1,0.001422,0.001421,0.001423,0.001423,0.001423,0.247813,0.743652,0.001423
ACATAAGTCGTGGTGA-1,0.000046,0.000046,0.191114,0.305951,0.482852,0.005077,0.000046,0.014869
ACATAATAAGGCGGTG-1,0.000118,0.000118,0.000118,0.433031,0.001771,0.187642,0.367037,0.010166
ACATACAATCAAGCGG-1,0.001317,0.001316,0.001318,0.001318,0.001318,0.001318,0.269369,0.722726
ACATCAGCTGGGACGC-1,0.000129,0.000129,0.101362,0.000895,0.000129,0.524746,0.362605,0.010005
ACATCCCGGCCATACG-1,0.002781,0.002781,0.002784,0.002784,0.002784,0.002783,0.698807,0.284497
ACATCCTGGTAACTGT-1,0.000616,0.000616,0.000617,0.000617,0.000617,0.390763,0.605537,0.000617
ACATCGATCGTTTACC-1,0.000652,0.000651,0.000652,0.239932,0.000652,0.030205,0.485267,0.241989
ACATCGCAATATTCGG-1,0.000703,0.000702,0.000703,0.000704,0.13246,0.000703,0.367715,0.49631
ACATCGGTCAGCCGCG-1,0.000187,0.000187,0.40611,0.003637,0.000348,0.205442,0.383902,0.000187
ACATCGTATGCAATGG-1,0.001276,0.001277,0.001278,0.001278,0.216124,0.001278,0.583042,0.194448
ACATCGTTAACCTAGT-1,0.0009,0.000899,0.089828,0.000901,0.000901,0.000901,0.826016,0.079654
ACATCTCAACGCGTAA-1,0.000178,0.000178,0.000178,0.000178,0.000178,0.398353,0.600577,0.000178
ACATGGCGCCAAAGTA-1,0.000226,0.000226,0.068116,0.013247,0.000226,0.241821,0.505403,0.170733
ACATGGCTCAATTTAG-1,0.000386,0.000386,0.000387,0.000387,0.247005,0.238255,0.255317,0.257877
ACATTAGTTTATATCC-1,0.000732,0.000731,0.142287,0.000732,0.449639,0.000732,0.404414,0.000732
ACATTCGCGCGGAATA-1,0.000262,0.000262,0.000262,0.000262,0.000262,0.000262,0.078228,0.9202
ACATTTGAAACCTAAC-1,0.002779,0.002778,0.002784,0.002783,0.002782,0.002782,0.980528,0.002784
ACCAAACACCCAGCGA-1,0.000125,0.000125,0.000125,0.208507,0.009698,0.135405,0.645892,0.000125
ACCAAACTAGAAATCC-1,0.000179,0.000179,0.357449,0.362957,0.13684,0.085802,0.000179,0.056416
ACCAACACCACACACT-1,0.000699,0.000698,0.0007,0.0007,0.382679,0.0007,0.513055,0.100769
ACCAACCGCACTCCAC-1,0.00184,0.001839,0.001841,0.001841,0.001842,0.001842,0.455432,0.533523
ACCAACGCTTATTTAT-1,0.000511,0.00051,0.000511,0.000511,0.000511,0.250052,0.718968,0.028425
ACCAAGAACGCGTGTC-1,0.00048,0.000479,0.00048,0.00048,0.00048,0.051743,0.945379,0.00048
ACCAAGTCATCGGCAG-1,0.000727,0.000727,0.000728,0.000728,0.000728,0.193264,0.212151,0.590947
ACCAATATGCAAGTTA-1,0.002197,0.002193,0.002197,0.002197,0.002197,0.002197,0.696053,0.290769
ACCACAACTCAGAACA-1,0.001169,0.001168,0.001171,0.103706,0.00117,0.00117,0.565631,0.324814
ACCACAAGTTTCTATC-1,0.000271,0.000271,0.000271,0.000271,0.000271,0.565857,0.432517,0.000271
ACCACACGGTTGATGG-1,0.000472,0.000472,0.050959,0.000473,0.657831,0.000473,0.000558,0.288763
ACCACCAATGTAACAA-1,0.000236,0.000235,0.04859,0.054628,0.000236,0.410646,0.485193,0.000236
ACCACCCTCTCTTCTA-1,0.000267,0.000267,0.223019,0.264551,0.127392,0.000268,0.383969,0.000268
ACCACGTGCAGCTATA-1,0.000787,0.000786,0.000788,0.000788,0.226722,0.000788,0.000788,0.768554
ACCACTGTTCAAGAAG-1,0.000151,0.000151,0.000151,0.000151,0.137631,0.432595,0.429019,0.000151
ACCAGACCATAACAAC-1,0.0001,0.000099,0.059244,0.077264,0.13044,0.522588,0.097691,0.112574
ACCAGCCCGGTCTTTG-1,0.000289,0.000289,0.000289,0.000289,0.382413,0.146546,0.469246,0.000639
ACCAGGAGTGTGATCT-1,0.000335,0.000335,0.000336,0.000336,0.089555,0.716546,0.192222,0.000336
ACCAGTGCCCGGTCAA-1,0.000194,0.000194,0.000194,0.01422,0.000194,0.482142,0.429046,0.073815
ACCAGTGCGGGAGACG-1,0.001191,0.001191,0.001192,0.001192,0.001192,0.001193,0.991656,0.001193
ACCATATCCGCAATAA-1,0.000329,0.000329,0.13161,0.00033,0.00033,0.360396,0.506347,0.00033
ACCATCCGCCAACTAG-1,0.000024,0.000024,0.626789,0.308955,0.000024,0.000024,0.064134,0.000024
ACCATCGTATATGGTA-1,0.00017,0.00017,0.285225,0.002015,0.00017,0.419818,0.290566,0.001866
ACCATTAAGGGTGTCA-1,0.000384,0.000384,0.000384,0.000384,0.002091,0.556125,0.226903,0.213345
ACCCAACGCCCGTGGC-1,0.000636,0.000635,0.149215,0.286559,0.133486,0.000636,0.428198,0.000636
ACCCACCTACATGCTC-1,0.000141,0.000141,0.000141,0.000142,0.080769,0.704622,0.21016,0.003884
ACCCATCTTGAGGGTA-1,0.000638,0.000638,0.306277,0.000639,0.000639,0.000639,0.547161,0.143369
ACCCATTTGTCCCTCT-1,0.002359,0.002359,0.002361,0.002361,0.002363,0.253107,0.615722,0.119369
ACCCGAGCGAAATTAC-1,0.000173,0.000173,0.000173,0.002272,0.219256,0.308713,0.365373,0.103868
ACCCGATTGGTTCCGA-1,0.000363,0.000362,0.000363,0.000363,0.26167,0.319355,0.082927,0.334596
ACCCGGAAACTCCCAG-1,0.001667,0.001667,0.001669,0.00167,0.193097,0.00167,0.569996,0.228564
ACCCGGAGCACCACAA-1,0.000818,0.000817,0.000818,0.000818,0.000818,0.000818,0.783709,0.211382
ACCCGGATGACGCATC-1,0.000455,0.000455,0.000455,0.000455,0.000455,0.298267,0.699002,0.000455
ACCCGGTTACACTTCC-1,0.000876,0.000874,0.138882,0.000876,0.000876,0.469663,0.387077,0.000876
ACCCGTAGTCTAGTTG-1,0.000787,0.000787,0.000788,0.000788,0.188559,0.000788,0.000787,0.806717
ACCCGTGTCATCAGTA-1,0.000505,0.000504,0.000505,0.000505,0.000505,0.446761,0.326328,0.224387
ACCCTATAGGACTGAG-1,0.000079,0.000079,0.023035,0.327118,0.007919,0.456613,0.185078,0.000079
ACCCTATGCCATATCG-1,0.000256,0.000256,0.122841,0.227721,0.218877,0.241625,0.18817,0.000256
ACCCTCCCGTCAGGGC-1,0.002274,0.002273,0.002276,0.002276,0.002276,0.002276,0.456235,0.530113
ACCCTCCCTTGCTATT-1,0.00118,0.001179,0.001181,0.042772,0.001182,0.533626,0.176024,0.242855
ACCCTGGTAACGCCCT-1,0.001528,0.001525,0.001528,0.001528,0.001527,0.305911,0.684927,0.001527
ACCCTTCATCTGCGAA-1,0.000458,0.000458,0.000459,0.000459,0.000459,0.000459,0.568355,0.428894
ACCCTTGCCTGGGTCG-1,0.000131,0.000131,0.000131,0.129491,0.000131,0.000131,0.869722,0.000131
ACCCTTTAGTTCTCCA-1,0.000802,0.000801,0.113385,0.000803,0.000803,0.000803,0.592319,0.290283
ACCGAAAGGGCCCTGC-1,0.00012,0.00012,0.00012,0.290225,0.122986,0.235705,0.325858,0.024866
ACCGAAGAGTCTGGTT-1,0.000107,0.000107,0.039196,0.021309,0.123775,0.398107,0.351953,0.065446
ACCGACACATCTCCCA-1,0.000159,0.000159,0.131404,0.681934,0.12536,0.000159,0.000159,0.060665
ACCGACTGAGTCCCAC-1,0.000271,0.000271,0.000272,0.442249,0.000272,0.142861,0.305646,0.108158
ACCGAGTCTCCTTATT-1,0.001088,0.001087,0.001089,0.001089,0.001089,0.001089,0.001089,0.99238
ACCGATAGGCATAACC-1,0.00075,0.000749,0.00075,0.00075,0.00075,0.00075,0.994752,0.00075
ACCGATATTTAATCAT-1,0.000079,0.000079,0.000079,0.076043,0.193158,0.000414,0.529438,0.200709
ACCGATGGTAGCATCG-1,0.000115,0.000115,0.005508,0.926152,0.067765,0.000115,0.000115,0.000115
ACCGCAATAACTGCCT-1,0.001787,0.001786,0.001789,0.001789,0.001789,0.001789,0.626195,0.363076
ACCGCGGTGGAAGTCG-1,0.000213,0.000212,0.051992,0.293121,0.019688,0.000213,0.625639,0.008923
ACCGCTAGTCATTGGT-1,0.000737,0.000735,0.000737,0.000737,0.000737,0.000737,0.994844,0.000737
ACCGGGCCTTTGTTGA-1,0.001128,0.001127,0.001128,0.001128,0.001129,0.001128,0.992102,0.00113
ACCGGTCAGGTACACC-1,0.000134,0.000134,0.000134,0.000134,0.010744,0.534903,0.281048,0.172767
ACCGTGACCACGTGGG-1,0.000177,0.000177,0.000177,0.109074,0.198704,0.28907,0.402443,0.000177
ACCGTTCCCGCTCTGA-1,0.000215,0.000214,0.000215,0.000215,0.000215,0.000215,0.000215,0.998497
ACCTAAGTACCTTTCA-1,0.000194,0.000194,0.006134,0.313278,0.306946,0.054946,0.248039,0.070268
ACCTAATCGACTTCCT-1,0.000125,0.000125,0.419287,0.001181,0.000125,0.257214,0.321819,0.000125
ACCTACAGTATGTGGT-1,0.000264,0.000264,0.017746,0.617972,0.000265,0.146476,0.07198,0.145033
ACCTACTATAAATCTA-1,0.000602,0.000601,0.057098,0.000602,0.000602,0.268842,0.671051,0.000602
ACCTCAGCGAGGCGCA-1,0.003128,0.003125,0.108793,0.00313,0.00313,0.00313,0.00313,0.872435
ACCTCCGCCCTCGCTG-1,0.002159,0.002156,0.135362,0.002159,0.247672,0.002159,0.606173,0.00216
ACCTCCGTTATTCACC-1,0.000201,0.000201,0.055728,0.000201,0.000201,0.175198,0.529353,0.238916
ACCTCGAACTTATGCT-1,0.000144,0.000144,0.055177,0.110422,0.000144,0.431325,0.291538,0.111106
ACCTGCGTGTCATGTT-1,0.000129,0.000129,0.39394,0.000129,0.069431,0.234906,0.265176,0.03616
ACGAAATGGGCGGCAC-1,0.000052,0.000052,0.622151,0.170169,0.00903,0.051352,0.147141,0.000052
ACGACCCATGAGTTGC-1,0.00338,0.003379,0.003386,0.003386,0.003386,0.003384,0.976314,0.003385
ACGACTCTAGGGCCGA-1,0.000269,0.000269,0.010847,0.027015,0.34306,0.182697,0.024695,0.411149
ACGACTGGTCATACTC-1,0.000113,0.000113,0.000113,0.006568,0.135048,0.447801,0.410131,0.000113
ACGAGAACCCATCACG-1,0.000198,0.000198,0.000198,0.000198,0.037178,0.175314,0.786519,0.000198
ACGAGATATTTGCTTA-1,0.000295,0.000295,0.120938,0.000295,0.000295,0.000295,0.000295,0.877291
ACGAGGATACCACTCT-1,0.000058,0.000058,0.060396,0.357474,0.490916,0.060886,0.000058,0.030154
ACGAGGTTTACAACGT-1,0.000141,0.000141,0.022982,0.255873,0.009355,0.218296,0.464589,0.028623
ACGAGTACGGATGCCC-1,0.000391,0.000391,0.011329,0.430962,0.000391,0.053894,0.44402,0.058622
ACGATACATAGAACTA-1,0.000188,0.000188,0.023481,0.551334,0.000188,0.055233,0.321433,0.047954
ACGATACCTATCCTGA-1,0.000163,0.000163,0.054589,0.000163,0.063366,0.545478,0.000163,0.335915
ACGATCATACATAGAG-1,0.000296,0.000296,0.000297,0.000297,0.000297,0.551343,0.446877,0.000297
ACGATCATCTTGTAAA-1,0.000845,0.000845,0.000846,0.000846,0.000846,0.223235,0.616501,0.156035
ACGATGCATATGTTAT-1,0.000247,0.000247,0.073366,0.000247,0.034585,0.259189,0.631872,0.000247
ACGATGGATCCGATGC-1,0.000834,0.000834,0.000835,0.078817,0.000835,0.000835,0.916176,0.000835
ACGCAAACTAATAGAT-1,0.000101,0.000101,0.013974,0.071378,0.513276,0.016399,0.32783,0.056941
ACGCAATCACTACAGC-1,0.00118,0.00118,0.001181,0.001181,0.001181,0.145995,0.846921,0.001181
ACGCATACGTTTACTA-1,0.001625,0.001623,0.001626,0.001627,0.106646,0.001626,0.319556,0.565671
ACGCATTCGTGAGTAC-1,0.000439,0.000439,0.000439,0.000439,0.000439,0.437635,0.470283,0.089887
ACGCCACTCGAAACAG-1,0.000436,0.000436,0.000436,0.000436,0.000436,0.000436,0.167571,0.829812
ACGCCAGATGATTTCT-1,0.001303,0.001302,0.001304,0.001304,0.229997,0.001305,0.762181,0.001304
ACGCCAGTGCGTTTGC-1,0.002158,0.002155,0.002157,0.002158,0.002159,0.002158,0.656609,0.330446
ACGCCCAGCTGTCGAT-1,0.000469,0.000468,0.000469,0.09245,0.189217,0.18902,0.527439,0.000469
ACGCCGCTAGACGACC-1,0.001738,0.001737,0.001739,0.001739,0.00174,0.00174,0.812827,0.17674
ACGCGAAGTCAGACGA-1,0.000741,0.00074,0.000741,0.338259,0.287696,0.000741,0.180162,0.190921
ACGCGCTACACAGGGT-1,0.00001,0.00001,0.912967,0.081597,0.005386,0.00001,0.000011,0.00001
ACGCGGGCCAAGGACA-1,0.00046,0.00046,0.00046,0.00046,0.081938,0.201663,0.714098,0.00046
ACGCGTTTCTTAAGAG-1,0.000213,0.000213,0.000213,0.000213,0.012022,0.743021,0.09879,0.145314
ACGCTAGTGATACACT-1,0.000379,0.000379,0.000379,0.066163,0.000379,0.297386,0.634555,0.000379
ACGCTGTGAGGCGTAG-1,0.000063,0.000063,0.484535,0.150119,0.337745,0.000063,0.000063,0.027351
