Barcode,Topic 1,Topic 2,Topic 3,Topic 4,Topic 5to6,Topic 7,Topic 8,Topic 9
AAACAACGAATAGTTC-1,0.000186,0.000187,0.018875,0.321933,0.5212,0.000187,0.062257,0.075176
AAACAAGTATCTCCCA-1,0.000091,0.000091,0.000091,0.4115,0.261471,0.102694,0.000091,0.223971
AAACAATCTACTAGCA-1,0.000219,0.166166,0.000219,0.291053,0.341776,0.000219,0.118483,0.081864
AAACACCAATAACTGC-1,0.001658,0.362125,0.00166,0.00166,0.390244,0.00166,0.239335,0.00166
AAACAGCTTTCAGAAG-1,0.000313,0.000313,0.08138,0.179887,0.000626,0.477725,0.259442,0.000313
AAACAGGGTCTATATT-1,0.000782,0.000783,0.000783,0.464265,0.488912,0.042909,0.000783,0.000783
AAACATGGTGAGAGGA-1,0.000983,0.000984,0.000984,0.424342,0.569755,0.000984,0.000984,0.000984
AAACATTTCCCGGATT-1,0.000325,0.000325,0.000325,0.304851,0.687343,0.000325,0.000325,0.00618
AAACCCGAACGAAATC-1,0.00202,0.002021,0.002022,0.983829,0.004044,0.002021,0.002021,0.002021
AAACCGGAAATGTTAA-1,0.00117,0.00117,0.151036,0.840772,0.002341,0.00117,0.00117,0.00117
AAACCGGGTAGGTACC-1,0.000032,0.000032,0.000032,0.000032,0.000064,0.67479,0.324984,0.000032
AAACCGTTCGTCCAGG-1,0.000052,0.555919,0.000052,0.126161,0.240247,0.000409,0.037603,0.039557
AAACCTAAGCAGCCGG-1,0.000419,0.00042,0.062045,0.539595,0.396262,0.00042,0.00042,0.00042
AAACCTCATGAAGTTG-1,0.001079,0.00108,0.00108,0.874541,0.118983,0.00108,0.00108,0.001079
AAACGAAGAACATACC-1,0.000251,0.205545,0.048997,0.172908,0.103479,0.362747,0.105822,0.000252
AAACGAAGATGGAGTA-1,0.000092,0.000093,0.000092,0.000093,0.072065,0.190516,0.628414,0.108635
AAACGAGACGGTTGAT-1,0.000092,0.264267,0.000092,0.047271,0.664737,0.005977,0.017471,0.000092
AAACGGGCGTACGGGT-1,0.000144,0.012384,0.000144,0.110751,0.784722,0.000144,0.000144,0.091567
AAACGGGTTGGTATCC-1,0.000416,0.000416,0.000416,0.433137,0.564365,0.000416,0.000416,0.000416
AAACGGTTGCGAACTG-1,0.000103,0.259927,0.157032,0.39109,0.169568,0.000103,0.022075,0.000103
AAACGTGTTCGCCCTA-1,0.000024,0.086729,0.090663,0.392304,0.131245,0.095863,0.13669,0.066483
AAACTCGGTTCGCAAT-1,0.000114,0.224711,0.010137,0.653656,0.073093,0.038062,0.000114,0.000114
AAACTCGTGATATAAG-1,0.000377,0.000377,0.000377,0.000377,0.649009,0.139549,0.000377,0.209557
AAACTGCTGGCTCCAA-1,0.000083,0.202645,0.022363,0.000723,0.420579,0.103484,0.247591,0.002532
AAACTTAATTGCACGC-1,0.0003,0.168347,0.112976,0.036796,0.55048,0.000301,0.130501,0.000301
AAACTTGCAAACGTAT-1,0.000408,0.452521,0.025417,0.222637,0.29779,0.000409,0.000409,0.000409
AAAGAATGACCTTAGA-1,0.000829,0.318931,0.00083,0.675261,0.00166,0.00083,0.00083,0.00083
AAAGACCCAAGTCGCG-1,0.000051,0.04621,0.000051,0.069795,0.199492,0.000051,0.256036,0.428314
AAAGACTGGGCGCTTT-1,0.000219,0.000219,0.067055,0.651764,0.280085,0.000219,0.000219,0.000219
AAAGCTTGCCTACATA-1,0.000214,0.000214,0.356588,0.304613,0.33773,0.000214,0.000214,0.000214
AAAGGCTACGGACCAT-1,0.000131,0.131287,0.000131,0.000131,0.854833,0.013227,0.000131,0.000131
AAAGGGATGTAGCAAG-1,0.000038,0.990729,0.000038,0.000038,0.009043,0.000038,0.000038,0.000038
AAAGGGCAGCTTGAAT-1,0.000454,0.000454,0.000454,0.483346,0.513931,0.000454,0.000454,0.000454
AAAGTAGCATTGCTCA-1,0.000087,0.141988,0.000087,0.073679,0.62438,0.000087,0.000087,0.159604
AAAGTCACTGATGTAA-1,0.000918,0.215662,0.000919,0.000919,0.647401,0.000919,0.132343,0.000919
AAAGTCGACCCTCAGT-1,0.000255,0.000255,0.000255,0.246924,0.029473,0.633961,0.088622,0.000255
AAAGTGCCATCAATTA-1,0.000285,0.000285,0.000285,0.99772,0.00057,0.000285,0.000285,0.000285
AAAGTGTGATTTATCT-1,0.000016,0.000843,0.000016,0.000016,0.000032,0.336778,0.65729,0.005009
AAAGTTGACTCCCGTA-1,0.000078,0.02214,0.000078,0.411991,0.305693,0.000078,0.238445,0.021497
AAATAAGGTAGTGCCC-1,0.000494,0.000494,0.000494,0.098366,0.89867,0.000494,0.000494,0.000494
AAATACCTATAAGCAT-1,0.000035,0.449901,0.000035,0.093811,0.095363,0.200452,0.147077,0.013327
AAATAGCTTAGACTTT-1,0.000682,0.000682,0.000682,0.445035,0.550873,0.000682,0.000682,0.000682
AAATAGGGTGCTATTG-1,0.000079,0.0016,0.000079,0.009986,0.225895,0.028104,0.52334,0.210917
AAATCCGATACACGCC-1,0.000089,0.098302,0.000089,0.000089,0.901164,0.000089,0.000089,0.000089
AAATCGCGGAAGGAGT-1,0.000284,0.166336,0.000284,0.367588,0.240265,0.000284,0.000284,0.224674
AAATCGTGTACCACAA-1,0.000106,0.200392,0.057355,0.000106,0.637808,0.046645,0.053629,0.00396
AAATCTAGCCCTGCTA-1,0.000043,0.015372,0.000043,0.246063,0.152433,0.002915,0.479291,0.10384
AAATGATTCGATCAGC-1,0.000053,0.000053,0.000053,0.153085,0.21106,0.495963,0.07441,0.065324
AAATGCTCGTTACGTT-1,0.000141,0.020723,0.000141,0.258935,0.363549,0.097294,0.259075,0.000141
AAATGGCCCGTGCCCT-1,0.001001,0.001002,0.412004,0.271056,0.311932,0.001002,0.001002,0.001002
AAATGGTCAATGTGCC-1,0.000033,0.196799,0.000033,0.000033,0.053459,0.368496,0.335388,0.04576
AAATGTATCTTATCCC-1,0.00031,0.000311,0.021359,0.743485,0.233603,0.000311,0.000311,0.000311
AAATGTGGGTGCTCCT-1,0.000049,0.305593,0.110267,0.246637,0.21845,0.055649,0.063306,0.000049
AAATTAACGGGTAGCT-1,0.000076,0.53003,0.056963,0.000076,0.408068,0.000181,0.000076,0.00453
AAATTAATAAGCGCGA-1,0.000811,0.000812,0.000811,0.633375,0.361756,0.000812,0.000811,0.000812
AAATTACCTATCGATG-1,0.000133,0.003507,0.000133,0.021904,0.637484,0.230311,0.094389,0.012137
AAATTCCAGGTCCAAA-1,0.00003,0.430862,0.00003,0.511776,0.057212,0.00003,0.00003,0.00003
AAATTGATAGTCCTTT-1,0.000134,0.307475,0.000134,0.005003,0.60286,0.000134,0.084125,0.000134
AAATTGCGGCGGTTCT-1,0.001058,0.001059,0.001059,0.295727,0.574023,0.124956,0.001059,0.001059
AAATTGGTGAGAAGCA-1,0.000084,0.000084,0.293445,0.523993,0.182142,0.000084,0.000084,0.000084
AAATTTGCGGGTGTGG-1,0.000095,0.121511,0.001158,0.20436,0.672591,0.000095,0.000095,0.000095
AACAACTGGTAGTTGC-1,0.000102,0.028782,0.000102,0.435153,0.420291,0.048797,0.062735,0.004038
AACAATACATTGTCGA-1,0.000192,0.382216,0.000192,0.000192,0.267149,0.189824,0.075188,0.085046
AACAATTACTCTACGC-1,0.000983,0.000984,0.000984,0.565706,0.428391,0.000984,0.000984,0.000984
AACACACGCTCGCCGC-1,0.000034,0.000034,0.000034,0.212403,0.029231,0.088015,0.64459,0.02566
AACACGACTGTACTGA-1,0.000056,0.1318,0.002822,0.053038,0.340464,0.166424,0.109456,0.19594
AACACGAGACGCGGCC-1,0.000077,0.454032,0.000077,0.383639,0.161941,0.000077,0.000077,0.000077
AACACGCGGCCGCGAA-1,0.000087,0.111381,0.000087,0.379209,0.258962,0.000087,0.084183,0.166004
AACAGCTGTGTGGCAA-1,0.001949,0.142197,0.148533,0.179528,0.52194,0.001951,0.001951,0.001951
AACAGGATGGGCCGCG-1,0.000276,0.000276,0.000276,0.784753,0.213592,0.000276,0.000276,0.000276
AACAGGTAGTATGGAT-1,0.000712,0.000713,0.241091,0.266392,0.389969,0.000713,0.099698,0.000713
AACATATCAACTGGTG-1,0.000075,0.22314,0.000075,0.239321,0.324571,0.202575,0.010166,0.000075
AACATCGATACGTCTA-1,0.000087,0.000087,0.106077,0.141385,0.752103,0.000087,0.000087,0.000087
AACATTGGTCAGCCGT-1,0.001019,0.00102,0.152359,0.691363,0.151179,0.00102,0.00102,0.00102
AACCAAGACTTCTCTG-1,0.000136,0.187705,0.016318,0.584649,0.210785,0.000136,0.000136,0.000136
AACCATGGGATCGCTA-1,0.000057,0.000057,0.000057,0.394642,0.076786,0.035733,0.333069,0.159599
AACCCAGAGACGGAGA-1,0.000012,0.000012,0.000012,0.267936,0.000025,0.000012,0.729709,0.002281
AACCCATCCCATGATC-1,0.000056,0.602311,0.006998,0.117949,0.228816,0.020297,0.007778,0.015795
AACCCGAGCAGAATCG-1,0.001481,0.001483,0.001483,0.87932,0.111786,0.001483,0.001482,0.001483
AACCCTACTGTCAATA-1,0.000155,0.018505,0.000155,0.619072,0.35042,0.011385,0.000155,0.000155
AACCCTGGTGGAACCA-1,0.000053,0.271701,0.026621,0.228084,0.432254,0.000053,0.014602,0.026631
AACCGCTAAGGGATGC-1,0.000032,0.019891,0.000032,0.332587,0.24532,0.016007,0.14821,0.23792
AACCGTTGTGTTTGCT-1,0.001111,0.001112,0.435831,0.001112,0.557498,0.001112,0.001112,0.001112
AACCTAAAGCCGTCCG-1,0.001292,0.126706,0.263793,0.429018,0.175312,0.001293,0.001293,0.001293
AACCTCGCTTTAGCCC-1,0.000607,0.395936,0.070793,0.385091,0.145749,0.000608,0.000608,0.000608
AACCTGTCACGGAATT-1,0.000058,0.000058,0.000058,0.544399,0.261521,0.159523,0.027893,0.00649
AACCTTTAAATACGGT-1,0.000056,0.215875,0.213177,0.014305,0.472012,0.005904,0.072628,0.006043
AACGAAAGTCGTCCCA-1,0.000374,0.161596,0.000374,0.278097,0.519768,0.039042,0.000374,0.000374
AACGATAATGCCGTAG-1,0.000046,0.158607,0.019704,0.000046,0.059007,0.374148,0.27071,0.117731
AACGATAGAAGGGCCG-1,0.000033,0.054417,0.000033,0.086983,0.101425,0.319263,0.19736,0.240485
AACGATATGTCAACTG-1,0.000154,0.18944,0.000154,0.000154,0.727511,0.000154,0.08228,0.000154
AACGCATGATCTGGGT-1,0.000067,0.000067,0.03878,0.122644,0.216732,0.416154,0.166085,0.039471
AACGCGAACGGCAACA-1,0.000983,0.000984,0.000984,0.33691,0.657187,0.000984,0.000984,0.000984
AACGCGACCTTGGGCG-1,0.000117,0.187027,0.000117,0.275747,0.464745,0.072012,0.000117,0.000117
AACGCTGTTGCTGAAA-1,0.000011,0.000011,0.000011,0.129055,0.000022,0.008608,0.826987,0.035295
AACGGACGTACGTATA-1,0.000013,0.000013,0.000013,0.497038,0.000026,0.000013,0.44338,0.059504
AACGGCCATCTCCGGT-1,0.000066,0.147918,0.000067,0.304368,0.378527,0.048408,0.010776,0.10987
AACGTACTGTGGGTAC-1,0.000093,0.208676,0.042123,0.14587,0.567467,0.007043,0.02126,0.007468
AACGTAGTCTACCCAT-1,0.001916,0.37845,0.001918,0.60813,0.003834,0.001917,0.001917,0.001917
AACGTCAGACTAGTGG-1,0.000151,0.012273,0.000151,0.208957,0.484363,0.182996,0.110958,0.000151
AACGTGCGAAAGTCTC-1,0.000078,0.382935,0.000078,0.024097,0.592577,0.000078,0.000078,0.000078
AACGTTATCAGCACCT-1,0.000437,0.000438,0.000438,0.406465,0.000876,0.000438,0.4927,0.098209
AACTACCCGTTTGTCA-1,0.002525,0.002527,0.176678,0.805635,0.005054,0.002527,0.002527,0.002527
AACTAGCGTATCGCAC-1,0.000215,0.155209,0.044044,0.340181,0.459705,0.000215,0.000215,0.000215
AACTAGGCTTGGGTGT-1,0.000128,0.059314,0.000128,0.004971,0.656303,0.169157,0.013414,0.096584
AACTCAAGTTAATTGC-1,0.000101,0.162335,0.025953,0.12106,0.159526,0.503772,0.027151,0.000102
AACTCCAGAGCGTGTT-1,0.000141,0.563283,0.000141,0.435701,0.00031,0.000141,0.000141,0.000141
AACTCGATAAACACGT-1,0.000299,0.000299,0.209798,0.491367,0.297341,0.000299,0.000299,0.000299
AACTCGATGGCGCAGT-1,0.00003,0.00003,0.00003,0.101527,0.005117,0.440243,0.360546,0.092477
AACTCTCAATAGAGCG-1,0.000087,0.0471,0.000087,0.412992,0.426128,0.093519,0.018482,0.001605
AACTCTCAGTGTGCTC-1,0.000063,0.644917,0.012677,0.000421,0.270752,0.013248,0.019013,0.03891
AACTGAGTTATACTGA-1,0.003831,0.003834,0.205098,0.768066,0.007668,0.003834,0.003834,0.003834
AACTGGTGTGGGCCTT-1,0.000386,0.000386,0.023501,0.000386,0.669459,0.000386,0.02429,0.281206
AACTTCTGCGTCTATC-1,0.001821,0.001823,0.001823,0.98542,0.003646,0.001823,0.001822,0.001822
AACTTGCCCGTATGCA-1,0.000304,0.000305,0.000305,0.797752,0.20042,0.000305,0.000305,0.000305
AACTTGCGTTCTCGCG-1,0.000159,0.265874,0.000159,0.53108,0.125616,0.000159,0.076796,0.000159
AACTTTACGGGAGCTT-1,0.000811,0.000812,0.000812,0.685549,0.309582,0.000812,0.000812,0.000812
AACTTTAGCTGCTGAG-1,0.000161,0.000161,0.000161,0.436794,0.292531,0.000161,0.170538,0.099493
AACTTTCTCGATCATG-1,0.000042,0.000042,0.000042,0.872702,0.029195,0.097894,0.000042,0.000042
AAGAAATCACCAGATT-1,0.000036,0.147735,0.072683,0.559109,0.123404,0.034092,0.01059,0.052351
AAGAAGGATCAGTTAG-1,0.000158,0.023564,0.000158,0.796922,0.178724,0.000158,0.000158,0.000158
AAGACCAAATAACTCA-1,0.002096,0.002098,0.002098,0.244866,0.004196,0.354504,0.002098,0.388045
AAGACTAACCCGTTGT-1,0.00018,0.00018,0.00018,0.700283,0.152698,0.035224,0.10513,0.006125
AAGAGATGAATCGGTA-1,0.000174,0.000175,0.000175,0.78844,0.210512,0.000175,0.000175,0.000175
AAGAGCTCTTTATCGG-1,0.000107,0.226844,0.000107,0.036939,0.561277,0.138473,0.000107,0.036145
AAGAGGATGTACGCGA-1,0.000097,0.336407,0.000097,0.613127,0.000194,0.049886,0.000097,0.000097
AAGAGGCATGGATCGC-1,0.000099,0.09947,0.000099,0.233492,0.592354,0.072662,0.000099,0.001724
AAGAGGCCCTTTGGAA-1,0.002415,0.002417,0.188704,0.794378,0.004835,0.002417,0.002417,0.002417
AAGATGGCACCGGACC-1,0.000611,0.25932,0.000611,0.000611,0.43822,0.000611,0.299405,0.000611
AAGATTGGCGGAACGT-1,0.000125,0.086821,0.000125,0.000134,0.632,0.112153,0.168518,0.000125
AAGCACCCTGCGTATC-1,0.000165,0.074348,0.068389,0.109604,0.503897,0.221467,0.000165,0.021964
AAGCATACTCTCCTGA-1,0.000061,0.214326,0.364561,0.057243,0.336137,0.000061,0.000061,0.027548
AAGCCGAAGCGGTTTA-1,0.000044,0.170747,0.000044,0.480314,0.169918,0.000044,0.175261,0.003628
AAGCCGCTTTACCTTG-1,0.000223,0.08136,0.032837,0.336902,0.249717,0.161722,0.137015,0.000223
AAGCCGGAGAGCAGGA-1,0.000274,0.000275,0.06352,0.661066,0.000549,0.273767,0.000275,0.000275
AAGCGCAGGGCTTTGA-1,0.000341,0.000341,0.046331,0.159078,0.792886,0.000341,0.000341,0.000341
AAGCGGAGTGCGCGCA-1,0.000057,0.000057,0.34127,0.277981,0.376543,0.000057,0.000057,0.003978
AAGCTAGATCGAGTAA-1,0.000045,0.250798,0.01927,0.365026,0.201683,0.014734,0.133418,0.015026
AAGCTCGTGCCAAGTC-1,0.0001,0.265229,0.182625,0.020602,0.480874,0.0001,0.0001,0.05037
AAGCTCTTTCATGGTG-1,0.000271,0.024662,0.000271,0.316485,0.352555,0.000271,0.000271,0.305214
AAGGAGAACTTATAAG-1,0.000151,0.158336,0.030977,0.416785,0.242198,0.000151,0.13134,0.020061
AAGGAGCGGTTGGTGC-1,0.000141,0.1189,0.000141,0.14623,0.587961,0.000141,0.119173,0.027312
AAGGATCGATCGCTTG-1,0.001764,0.141773,0.001765,0.578187,0.271216,0.001765,0.001765,0.001765
AAGGATGAGGGACCTC-1,0.000116,0.514505,0.094744,0.127269,0.263019,0.000116,0.000116,0.000116
AAGGCAGGCTGTCTCC-1,0.000756,0.000756,0.000756,0.876761,0.001513,0.109541,0.000756,0.00916
AAGGCGCGTAAAGCTT-1,0.000058,0.219708,0.000058,0.45015,0.119766,0.03031,0.1692,0.010749
AAGGCTGTGCTCATCG-1,0.0001,0.242358,0.0001,0.046308,0.594541,0.040131,0.002198,0.074265
AAGGGAACGACTGGCT-1,0.00028,0.156325,0.00028,0.00028,0.572594,0.058285,0.211675,0.00028
AAGGGACAGATTCTGT-1,0.000109,0.046329,0.000109,0.007439,0.618624,0.255007,0.072274,0.000109
AAGGGACTATGCATTC-1,0.000419,0.225763,0.106734,0.00042,0.665405,0.00042,0.00042,0.00042
AAGGGTTTGATTTCAG-1,0.000203,0.111312,0.058896,0.59528,0.155677,0.010691,0.000203,0.067738
AAGGTATCCTAATATA-1,0.000182,0.373635,0.000182,0.29484,0.330614,0.000182,0.000182,0.000182
AAGGTGATAAACCAGC-1,0.000049,0.072646,0.000049,0.136772,0.320038,0.141772,0.052323,0.276351
AAGTAAGCTTCCAAAC-1,0.001208,0.001209,0.001208,0.705333,0.287417,0.001208,0.001209,0.001209
AAGTAGAAGACCGGGT-1,0.000069,0.054349,0.000069,0.289318,0.245059,0.119471,0.18863,0.103034
AAGTAGTGACGCGAGG-1,0.000125,0.000125,0.000125,0.448396,0.477586,0.073394,0.000125,0.000125
AAGTCAATTGTCGTCA-1,0.001658,0.00166,0.00166,0.872687,0.117357,0.00166,0.00166,0.001659
AAGTCTAGTAGCTGCC-1,0.000112,0.000112,0.000112,0.85741,0.14192,0.000112,0.000112,0.000112
AAGTCTTCTGTGGCCT-1,0.000665,0.000666,0.000666,0.873542,0.122464,0.000666,0.000666,0.000666
AAGTGACGACCGAATT-1,0.000118,0.000118,0.000118,0.262725,0.297578,0.272154,0.013629,0.15356
AAGTGCAAAGGTAGAC-1,0.000107,0.187501,0.000107,0.372859,0.312712,0.000107,0.037392,0.089215
AAGTGCCTTGACTGTA-1,0.000296,0.000296,0.000296,0.645457,0.310734,0.000296,0.042331,0.000296
AAGTGCGTTAGAATCT-1,0.000069,0.094666,0.000069,0.305807,0.229798,0.28143,0.082037,0.006125
AAGTGTTTGGAGACGG-1,0.000014,0.010329,0.000014,0.064751,0.012356,0.010968,0.807139,0.094429
AAGTTCACTCCAAGCT-1,0.000115,0.000115,0.075813,0.176155,0.026069,0.188109,0.029355,0.504269
AAGTTCGGCCAACAGG-1,0.00006,0.201919,0.00006,0.023678,0.360803,0.266617,0.033274,0.11359
AAGTTGTGATGTTATA-1,0.00011,0.110987,0.00011,0.007606,0.790077,0.00011,0.00011,0.09089
AAGTTTACTAATGGCA-1,0.000125,0.089913,0.000125,0.295943,0.196203,0.234163,0.183402,0.000125
AAGTTTATGGGCCCAA-1,0.000123,0.182449,0.000123,0.214218,0.548636,0.054206,0.000123,0.000123
AATAACAACGCTCGGC-1,0.000066,0.000066,0.000066,0.711399,0.105004,0.1476,0.023857,0.011943
AATAACACTAGAACAA-1,0.000022,0.181472,0.000022,0.0238,0.024241,0.274484,0.471905,0.024053
AATAAGTCCTCGAGAC-1,0.000055,0.026994,0.000055,0.142701,0.625162,0.114421,0.018274,0.072338
AATAATCTTCGTATCG-1,0.001522,0.001523,0.158444,0.198553,0.635388,0.001523,0.001523,0.001523
AATACAATGTTTCAGG-1,0.001182,0.001183,0.001183,0.681428,0.062419,0.250239,0.001183,0.001183
AATAGAACAGAGTGGC-1,0.000064,0.360267,0.000064,0.011067,0.626459,0.000064,0.000064,0.001952
AATAGAATCTGTTTCA-1,0.000017,0.061744,0.000017,0.168431,0.017414,0.013426,0.697427,0.041525
AATAGCTACCGCGTGC-1,0.000218,0.000395,0.041667,0.136274,0.820792,0.000218,0.000218,0.000218
AATAGTCGCGAGTCGG-1,0.000983,0.000984,0.000984,0.547657,0.44644,0.000984,0.000984,0.000984
AATATCAAGGTCGGAT-1,0.000109,0.021329,0.000109,0.066885,0.31649,0.000109,0.019557,0.575413
AATATCCTAGCAAACT-1,0.000477,0.202744,0.000477,0.460187,0.334683,0.000477,0.000477,0.000477
AATATCGAATCAATGC-1,0.000034,0.228242,0.020871,0.53549,0.000068,0.026949,0.176681,0.011664
AATATCGAGGGTTCTC-1,0.000085,0.126728,0.018947,0.252591,0.18744,0.300816,0.025687,0.087705
AATATTGGAGTATTGA-1,0.000319,0.00032,0.000319,0.652036,0.036072,0.310294,0.00032,0.00032
AATCAGACTGCAGGAC-1,0.000278,0.000278,0.000278,0.594228,0.271932,0.000278,0.000278,0.13245
AATCATGTAAAGACTC-1,0.000031,0.067085,0.000031,0.326174,0.104957,0.00173,0.089363,0.410629
AATCCAAGGGCCTGAG-1,0.00001,0.00001,0.00001,0.257068,0.000021,0.006824,0.691858,0.044198
AATCCATGCAAGGGTG-1,0.000561,0.000562,0.000562,0.798173,0.120835,0.000562,0.000562,0.078184
AATCGCCTCAGCGCCA-1,0.000097,0.045302,0.019344,0.11033,0.335291,0.285416,0.051574,0.152645
AATCGCGCAGAGGACT-1,0.001709,0.001711,0.001711,0.772883,0.216854,0.001711,0.001711,0.001711
AATCGGGACACTACGA-1,0.000144,0.084513,0.102999,0.016103,0.651408,0.000144,0.082294,0.062393
AATCGTGAGCCGAGCA-1,0.000072,0.230664,0.013035,0.005039,0.619709,0.064648,0.028662,0.038171
AATCTAGGTTTACTTG-1,0.000532,0.362933,0.000532,0.000532,0.547905,0.086503,0.000532,0.000532
AATCTATGCCGGAGCC-1,0.000496,0.000496,0.085029,0.465788,0.446701,0.000496,0.000496,0.000496
AATCTCTACTGTGGTT-1,0.000505,0.000505,0.113882,0.548733,0.334858,0.000505,0.000505,0.000505
AATCTGCGTTGGGACG-1,0.000377,0.000377,0.000377,0.684254,0.313485,0.000377,0.000377,0.000377
AATCTGGCTTTCTAGT-1,0.000492,0.030079,0.216583,0.206811,0.544559,0.000492,0.000492,0.000492
AATGACAGCAATGTCT-1,0.000084,0.0697,0.000142,0.287591,0.485222,0.033249,0.066501,0.05751
AATGACGTAGGATGTC-1,0.000066,0.166509,0.000066,0.276818,0.267748,0.09139,0.151547,0.045856
AATGACTGTCAGCCGG-1,0.000109,0.03572,0.000109,0.531534,0.273991,0.069733,0.05768,0.031125
AATGAGTTCGCATATG-1,0.000121,0.122182,0.000121,0.431279,0.259135,0.06364,0.121667,0.001854
AATGATGATACGCTAT-1,0.000089,0.021492,0.121382,0.098394,0.202318,0.3484,0.034624,0.173301
AATGATGCGACTCCTG-1,0.000095,0.14256,0.000095,0.31822,0.278965,0.127312,0.120018,0.012736
AATGCAACCGGGTACC-1,0.000032,0.783789,0.027138,0.002486,0.186458,0.000032,0.000032,0.000032
AATGGTCCACCGTTCA-1,0.00008,0.00008,0.062169,0.671908,0.265522,0.00008,0.00008,0.00008
AATGGTTCTCACAAGC-1,0.000069,0.000069,0.007685,0.326278,0.08699,0.119693,0.354506,0.104711
AATGTATGGCACTGTA-1,0.000416,0.142586,0.053705,0.001558,0.464061,0.33684,0.000416,0.000416
AATGTGCCCGAGGTGT-1,0.000108,0.510257,0.002193,0.015,0.472116,0.000108,0.000108,0.000108
AATTAAAGGTCGGCGT-1,0.000052,0.193525,0.005206,0.018487,0.626424,0.070975,0.0598,0.02553
AATTAACGGATTTCCA-1,0.000463,0.000463,0.000463,0.210785,0.61167,0.000463,0.175229,0.000463
AATTACGAGACCCATC-1,0.000903,0.000904,0.061397,0.33257,0.344502,0.257916,0.000904,0.000904
AATTACTCGTACGCTC-1,0.000882,0.000882,0.262349,0.000882,0.732356,0.000883,0.000882,0.000882
AATTAGCGCTGCAGCG-1,0.000021,0.079215,0.148656,0.299444,0.107527,0.171416,0.157034,0.036687
AATTCATAAGGGATCT-1,0.000117,0.238123,0.000118,0.325726,0.405637,0.000118,0.000118,0.030044
AATTCATTGTCATGCA-1,0.000415,0.156541,0.216839,0.160684,0.328241,0.000415,0.136451,0.000415
AATTCCAACTTGGTGA-1,0.000281,0.000281,0.178381,0.17287,0.647345,0.000281,0.000281,0.000281
AATTCCAAGCATGTAC-1,0.000067,0.000067,0.086647,0.546046,0.317753,0.039744,0.009608,0.000067
AATTCGATTCGAGGAT-1,0.000624,0.000625,0.000625,0.384597,0.238721,0.315927,0.058257,0.000625
AATTCTAGAGTTAGGC-1,0.000078,0.333528,0.000078,0.088054,0.376715,0.08233,0.080498,0.038718
AATTGAACGCTCTGGT-1,0.000051,0.067609,0.000051,0.273544,0.371414,0.006813,0.236649,0.043869
AATTGCAGCAATCGAC-1,0.000336,0.000336,0.000336,0.218861,0.779124,0.000336,0.000336,0.000336
AATTGTGGTTGCCAAA-1,0.001292,0.001293,0.403455,0.331536,0.258546,0.001293,0.001293,0.001293
AATTTGGTTCCAAAGA-1,0.000055,0.224841,0.181186,0.000055,0.051879,0.211362,0.321617,0.009003
ACAAACCATGCGTCCT-1,0.000163,0.346152,0.13739,0.121124,0.265303,0.000163,0.129543,0.000163
ACAAACCGACAAGGCG-1,0.001658,0.00166,0.137817,0.00166,0.852227,0.00166,0.00166,0.00166
ACAAAGAAGGTAGGCC-1,0.000678,0.000678,0.236684,0.461297,0.29863,0.000678,0.000678,0.000678
ACAAAGCATGACCTAG-1,0.000594,0.000595,0.000595,0.000595,0.995838,0.000595,0.000595,0.000595
ACAAATCGCACCGAAT-1,0.000016,0.060879,0.000016,0.053731,0.090212,0.066011,0.526217,0.202916
ACAAATGGTAGTGTTT-1,0.000052,0.045375,0.000052,0.267345,0.179183,0.211391,0.27152,0.025083
ACAACGGTCCCTGCGA-1,0.000151,0.141105,0.000151,0.340955,0.439548,0.000151,0.000151,0.077786
ACAAGCAGTGCCTAGC-1,0.000408,0.000409,0.000409,0.40067,0.480024,0.117262,0.000409,0.000409
ACAAGCTATATGGAAG-1,0.000621,0.000621,0.000621,0.838046,0.158227,0.000621,0.000621,0.000621
ACAAGGAAATCCGCCC-1,0.000041,0.440934,0.00809,0.156916,0.232222,0.000041,0.106681,0.055074
ACAAGGACAAGAGGTT-1,0.000065,0.171015,0.005873,0.416884,0.145679,0.208095,0.052323,0.000065
ACAAGGATGCTTTAGG-1,0.000183,0.000183,0.000183,0.557213,0.389646,0.052192,0.000183,0.000215
ACAAGGGCAGGCTCTG-1,0.00006,0.059539,0.00006,0.24308,0.377583,0.037799,0.111556,0.170323
ACAATAGTCGTACGTT-1,0.000145,0.000145,0.000145,0.853533,0.011962,0.116951,0.004339,0.01278
ACAATCCATTTAAACC-1,0.000063,0.029221,0.000063,0.360773,0.339618,0.143496,0.095007,0.03176
ACAATCGATCTTTATA-1,0.000053,0.075257,0.008497,0.000061,0.007948,0.470222,0.422105,0.015857
ACAATGAATACGGAGA-1,0.000119,0.487948,0.054879,0.002129,0.275085,0.015757,0.107995,0.056089
ACAATTGTGTCTCTTT-1,0.000055,0.021985,0.000056,0.227148,0.123034,0.045132,0.318763,0.263827
ACAATTTAGGAGGCTC-1,0.001001,0.001002,0.001002,0.844548,0.149442,0.001002,0.001002,0.001002
ACAATTTGAGCAGTGG-1,0.000047,0.091729,0.001593,0.000047,0.184906,0.320941,0.35298,0.047756
ACAATTTGGCCATATT-1,0.001235,0.001235,0.116103,0.754252,0.002471,0.122233,0.001235,0.001235
ACACAAAGACGGGTGG-1,0.000033,0.807321,0.009021,0.000033,0.12636,0.021389,0.00573,0.030113
ACACAAATATTCCTAG-1,0.000561,0.000562,0.131385,0.000562,0.254187,0.441186,0.170996,0.000562
ACACACCAGGACCAGT-1,0.000062,0.160781,0.000062,0.298482,0.197402,0.089098,0.249807,0.004306
ACACATGATCAAATCT-1,0.001821,0.001823,0.131691,0.001823,0.698383,0.160813,0.001823,0.001823
ACACATTGACGCAACA-1,0.000823,0.000824,0.284914,0.000824,0.710145,0.000824,0.000824,0.000824
ACACCACATAATTAGC-1,0.001122,0.001123,0.001123,0.454968,0.538294,0.001123,0.001123,0.001123
ACACCCAGCATGCAGC-1,0.000094,0.113229,0.000094,0.137755,0.672403,0.000094,0.076237,0.000094
ACACCCGAGAAATCCG-1,0.000035,0.028171,0.000035,0.399552,0.155911,0.034549,0.34255,0.039196
ACACCGAGCGCTCTTT-1,0.000966,0.000967,0.198682,0.685362,0.111122,0.000967,0.000967,0.000967
ACACCTTAAGTAGGGC-1,0.000067,0.015354,0.000067,0.09681,0.077596,0.561661,0.196236,0.052208
ACACCTTACTACTTGC-1,0.001389,0.00139,0.157489,0.114926,0.720637,0.00139,0.00139,0.00139
ACACGGCACTATGCAT-1,0.000093,0.401603,0.000095,0.173378,0.424554,0.000093,0.000093,0.000093
ACACGTAGGCCACAAG-1,0.003472,0.003475,0.326567,0.649112,0.00695,0.003474,0.003475,0.003475
ACACTCCAATGTCACT-1,0.000665,0.000666,0.000666,0.994674,0.001332,0.000666,0.000666,0.000666
ACACTGATCAAGGTGT-1,0.000076,0.524371,0.025092,0.049213,0.40102,0.000076,0.000076,0.000076
ACACTGGGACAGTCGT-1,0.002222,0.002224,0.002223,0.002224,0.984436,0.002224,0.002223,0.002223
ACAGAACTGAGAACAA-1,0.00007,0.166331,0.00007,0.154976,0.520907,0.00007,0.113539,0.044037
ACAGATTAGGTTAGTG-1,0.000274,0.283675,0.051265,0.053161,0.358928,0.000275,0.125823,0.1266
ACAGCATAGAGCCAGT-1,0.000861,0.000862,0.181449,0.078816,0.377761,0.000862,0.329385,0.030004
ACAGCGACATTCTCAT-1,0.000145,0.000146,0.000146,0.240268,0.499091,0.000146,0.098213,0.161846
ACAGGAGGCGCAGCCG-1,0.001195,0.001196,0.001196,0.001196,0.991632,0.001196,0.001195,0.001195
ACAGGCTTGCCCGACT-1,0.000015,0.044384,0.003357,0.024123,0.010442,0.022694,0.766655,0.12833
ACAGGTGGAGGTGAGG-1,0.000056,0.490714,0.000056,0.086724,0.260121,0.008724,0.090876,0.062729
ACAGGTGTGTTGTTGC-1,0.000336,0.107941,0.000336,0.661346,0.229034,0.000336,0.000336,0.000336
ACAGTAATACAACTTG-1,0.000507,0.000508,0.276073,0.000508,0.622673,0.049582,0.049642,0.000508
ACAGTATACCGTGGGA-1,0.000084,0.047568,0.174016,0.406947,0.371135,0.000084,0.000084,0.000084
ACATAAGTCGTGGTGA-1,0.002584,0.002586,0.002587,0.564921,0.005172,0.321584,0.002586,0.097981
ACATCAGCTGGGACGC-1,0.001145,0.12483,0.001146,0.867147,0.002293,0.001146,0.001146,0.001146
ACATCCTGGTAACTGT-1,0.002315,0.002316,0.002316,0.733216,0.252887,0.002316,0.002316,0.002316
ACATCGGTCAGCCGCG-1,0.000075,0.39755,0.000075,0.347927,0.246379,0.007845,0.000075,0.000075
ACATCGTATGCAATGG-1,0.000063,0.189328,0.040708,0.314977,0.131258,0.006237,0.161726,0.155702
ACATCTCAACGCGTAA-1,0.000265,0.426299,0.000265,0.029158,0.485684,0.000265,0.000265,0.057798
ACATGGCGCCAAAGTA-1,0.001736,0.001737,0.001738,0.664118,0.32546,0.001737,0.001737,0.001737
ACATGGCTCAATTTAG-1,0.001182,0.001183,0.375057,0.360291,0.258739,0.001183,0.001183,0.001183
ACATTAGTTTATATCC-1,0.000069,0.378343,0.158837,0.020402,0.269122,0.045478,0.127681,0.000069
ACCAAACACCCAGCGA-1,0.000014,0.120651,0.034353,0.000014,0.000027,0.412504,0.432424,0.000014
ACCAAACTAGAAATCC-1,0.000191,0.000191,0.000191,0.367204,0.354679,0.226768,0.050586,0.000191
ACCAACACCACACACT-1,0.00006,0.683965,0.00006,0.27892,0.0257,0.011175,0.00006,0.00006
ACCAACCGCACTCCAC-1,0.000766,0.000767,0.000767,0.000767,0.994633,0.000767,0.000767,0.000767
ACCAACGCTTATTTAT-1,0.000059,0.703457,0.000059,0.000143,0.296103,0.000059,0.000059,0.000059
ACCAAGAACGCGTGTC-1,0.000028,0.231382,0.000028,0.240413,0.085883,0.007144,0.245027,0.190096
ACCAATATGCAAGTTA-1,0.0001,0.078553,0.0001,0.162144,0.321415,0.107189,0.049918,0.280579
ACCACAAGTTTCTATC-1,0.000069,0.420242,0.000069,0.081579,0.491209,0.000069,0.000069,0.006693
ACCACCAATGTAACAA-1,0.001079,0.00108,0.001079,0.182208,0.811316,0.00108,0.001079,0.001079
ACCACCCTCTCTTCTA-1,0.000436,0.000436,0.259325,0.430122,0.308373,0.000436,0.000436,0.000436
ACCACGTGCAGCTATA-1,0.000027,0.130698,0.000027,0.161412,0.057773,0.014546,0.434171,0.201345
ACCACTGTTCAAGAAG-1,0.001001,0.001002,0.248248,0.74474,0.002004,0.001002,0.001002,0.001002
ACCAGACCATAACAAC-1,0.000429,0.000429,0.000429,0.352014,0.645411,0.000429,0.000429,0.000429
ACCAGCCCGGTCTTTG-1,0.000079,0.129515,0.051876,0.000079,0.487156,0.121828,0.00793,0.201537
ACCAGGAGTGTGATCT-1,0.000086,0.262798,0.081385,0.155412,0.278654,0.082061,0.05876,0.080845
ACCAGTGCGGGAGACG-1,0.000071,0.246459,0.000071,0.423832,0.000573,0.000071,0.226946,0.101978
ACCATATCCGCAATAA-1,0.000085,0.239783,0.018814,0.039212,0.656562,0.000085,0.045373,0.000085
ACCATCCGCCAACTAG-1,0.000604,0.000604,0.043203,0.263965,0.689811,0.000604,0.000604,0.000604
ACCATCGTATATGGTA-1,0.000088,0.129736,0.000089,0.041496,0.628389,0.077516,0.122504,0.000182
ACCATTAAGGGTGTCA-1,0.000646,0.000646,0.174963,0.304126,0.377803,0.140522,0.000647,0.000646
ACCCAACGCCCGTGGC-1,0.000496,0.000496,0.000496,0.155058,0.627579,0.000496,0.214881,0.000496
ACCCACCTACATGCTC-1,0.000811,0.34474,0.000812,0.50775,0.143453,0.000812,0.000812,0.000812
ACCCATCTTGAGGGTA-1,0.000176,0.009316,0.011814,0.377744,0.579898,0.012541,0.008334,0.000176
ACCCATTTGTCCCTCT-1,0.000387,0.000387,0.000387,0.132324,0.677993,0.02382,0.000387,0.164314
ACCCGGAAACTCCCAG-1,0.000081,0.000081,0.000081,0.17244,0.00665,0.000182,0.812016,0.008469
ACCCGGAGCACCACAA-1,0.000155,0.000155,0.195097,0.633975,0.170154,0.000155,0.000155,0.000155
ACCCGGATGACGCATC-1,0.000224,0.000224,0.000224,0.264719,0.660447,0.030528,0.030737,0.012898
ACCCGGTTACACTTCC-1,0.000074,0.127607,0.006979,0.146096,0.515222,0.161788,0.018079,0.024153
ACCCTATAGGACTGAG-1,0.001502,0.001502,0.001503,0.521102,0.469884,0.001503,0.001502,0.001502
ACCCTCCCTTGCTATT-1,0.000025,0.081178,0.002381,0.125431,0.074882,0.014916,0.365966,0.335219
ACCCTGGTAACGCCCT-1,0.000322,0.000322,0.643823,0.353922,0.000645,0.000322,0.000322,0.000322
ACCCTTCATCTGCGAA-1,0.000156,0.092637,0.219021,0.00278,0.419948,0.046715,0.216376,0.002367
ACCCTTGCCTGGGTCG-1,0.000794,0.000794,0.243417,0.000794,0.509639,0.000794,0.000794,0.242973
ACCGAAAGGGCCCTGC-1,0.000276,0.183574,0.130663,0.231609,0.309807,0.000277,0.108872,0.034922
ACCGAAGAGTCTGGTT-1,0.000067,0.304538,0.01082,0.028516,0.404623,0.043911,0.076476,0.13105
ACCGACACATCTCCCA-1,0.000087,0.026603,0.000087,0.242769,0.398438,0.263244,0.053665,0.015106
ACCGATAGGCATAACC-1,0.000669,0.00067,0.00067,0.465057,0.293898,0.237696,0.00067,0.00067
ACCGATATTTAATCAT-1,0.000556,0.000556,0.358409,0.349142,0.28967,0.000556,0.000556,0.000556
ACCGATGGTAGCATCG-1,0.000067,0.08711,0.000067,0.355471,0.34975,0.134289,0.067164,0.006081
ACCGCAATAACTGCCT-1,0.000015,0.089474,0.000015,0.030294,0.054962,0.00691,0.752524,0.065805
ACCGCGGTGGAAGTCG-1,0.00004,0.00004,0.00004,0.288042,0.00008,0.020246,0.672155,0.019358
ACCGGGCCTTTGTTGA-1,0.000454,0.000454,0.000454,0.644295,0.313255,0.000454,0.000454,0.040182
ACCGGTCAGGTACACC-1,0.002137,0.097878,0.166729,0.002138,0.724701,0.002139,0.002139,0.002138
ACCGTCCACTGGGCCC-1,0.000539,0.00054,0.00054,0.398237,0.070845,0.368627,0.160131,0.00054
ACCGTGACCACGTGGG-1,0.000368,0.151156,0.150695,0.000368,0.159392,0.081289,0.000368,0.456364
ACCGTTCCCGCTCTGA-1,0.000108,0.049571,0.007457,0.017958,0.368301,0.319301,0.130173,0.10713
ACCTAAGTACCTTTCA-1,0.000104,0.126086,0.000104,0.282386,0.401186,0.078731,0.032659,0.078744
ACCTAATCGACTTCCT-1,0.00012,0.160064,0.00012,0.089795,0.749539,0.00012,0.00012,0.00012
ACCTACAGTATGTGGT-1,0.001425,0.001426,0.001426,0.09768,0.729774,0.16542,0.001426,0.001426
ACCTACTATAAATCTA-1,0.000112,0.05894,0.000112,0.047623,0.794717,0.098272,0.000112,0.000112
ACCTCCGCCCTCGCTG-1,0.000406,0.000406,0.000406,0.559794,0.218789,0.000406,0.219388,0.000406
ACCTCCGTTATTCACC-1,0.000065,0.030255,0.022328,0.527099,0.412394,0.007729,0.000065,0.000065
ACCTGCGTGTCATGTT-1,0.000354,0.000354,0.091837,0.000354,0.371942,0.419178,0.000354,0.115627
ACCTTTCCTTTAGAAG-1,0.000238,0.278297,0.000239,0.051937,0.525925,0.09686,0.046265,0.000239
ACGAAATGGGCGGCAC-1,0.000236,0.000236,0.000236,0.793867,0.168896,0.036057,0.000236,0.000236
ACGACCCATGAGTTGC-1,0.000694,0.000695,0.253015,0.648779,0.094732,0.000695,0.000695,0.000695
ACGAGAACCCATCACG-1,0.000027,0.00617,0.000027,0.000027,0.000054,0.412731,0.227253,0.353711
ACGAGGATACCACTCT-1,0.00016,0.00016,0.018464,0.00016,0.233533,0.000161,0.747201,0.00016
ACGAGGTTTACAACGT-1,0.000079,0.260987,0.00008,0.285572,0.349426,0.041856,0.010651,0.051348
ACGAGTACGGATGCCC-1,0.000073,0.000073,0.000073,0.245245,0.00067,0.530357,0.223397,0.000112
ACGAGTCGCCGGCGTT-1,0.000564,0.000564,0.327595,0.316672,0.352911,0.000564,0.000564,0.000564
ACGATACATAGAACTA-1,0.000095,0.109408,0.057753,0.243269,0.589189,0.000095,0.000095,0.000095
ACGATACCTATCCTGA-1,0.000153,0.000153,0.054877,0.639948,0.073009,0.169015,0.062691,0.000153
ACGATCATACATAGAG-1,0.000088,0.75311,0.000088,0.000088,0.214898,0.000088,0.03155,0.000088
ACGATCATCTTGTAAA-1,0.000209,0.000209,0.000209,0.948962,0.049782,0.000209,0.000209,0.000209
ACGATGCATATGTTAT-1,0.000208,0.182848,0.000208,0.382108,0.271503,0.162709,0.000208,0.000208
ACGCAATCACTACAGC-1,0.0001,0.0001,0.0001,0.645688,0.30771,0.037961,0.008242,0.0001
ACGCATACGTTTACTA-1,0.000408,0.242939,0.000409,0.578996,0.176022,0.000409,0.000409,0.000409
ACGCCCAGCTGTCGAT-1,0.00029,0.196227,0.032848,0.321333,0.448431,0.00029,0.00029,0.00029
ACGCCGCTAGACGACC-1,0.000103,0.11824,0.061821,0.036897,0.512571,0.004963,0.251811,0.013595
ACGCCTGACACGCGCT-1,0.000717,0.000717,0.316527,0.512064,0.001435,0.167105,0.000717,0.000717
ACGCGCTACACAGGGT-1,0.00013,0.148097,0.000131,0.578004,0.231267,0.042109,0.000131,0.000131
ACGCGTTTCTTAAGAG-1,0.001709,0.001711,0.00171,0.651096,0.338642,0.00171,0.00171,0.00171
ACGCTAGTGATACACT-1,0.000146,0.066321,0.000146,0.449846,0.331013,0.152236,0.000146,0.000146
ACGCTGTGAGGCGTAG-1,0.000756,0.000756,0.291599,0.369143,0.335477,0.000756,0.000756,0.000756
ACGGAATTTAGCAAAT-1,0.000122,0.000122,0.000122,0.281301,0.495342,0.000122,0.148851,0.074017
ACGGACTCTCAAAGCG-1,0.00014,0.06439,0.00014,0.181918,0.752993,0.00014,0.00014,0.00014
ACGGAGCGCAAATTAC-1,0.000098,0.000098,0.000098,0.060323,0.798553,0.061655,0.079077,0.000098
ACGGATGGTGCGGATA-1,0.000229,0.17223,0.00576,0.487125,0.28351,0.016964,0.000229,0.033952
ACGGCACTTGCTTGGG-1,0.000122,0.232558,0.08037,0.000122,0.641983,0.000122,0.0446,0.000122
ACGGCGACGATGGGAA-1,0.000021,0.102254,0.005509,0.067716,0.097401,0.139634,0.335284,0.25218
ACGGCGGGTTGCCCTG-1,0.000545,0.000545,0.000545,0.70717,0.28956,0.000545,0.000545,0.000545
ACGGCTGGATGTAGAA-1,0.001355,0.001356,0.001356,0.001356,0.871739,0.120126,0.001356,0.001356
ACGGGAGTGTCGGCCC-1,0.000073,0.024208,0.000073,0.449588,0.153704,0.315621,0.056659,0.000073
ACGGGCGTATGCGACA-1,0.00007,0.24382,0.460531,0.190364,0.104646,0.00007,0.00007,0.00043
ACGGGTCATGTGACTT-1,0.001058,0.001059,0.073631,0.918958,0.002118,0.001059,0.001059,0.001059
ACGTACAGATTTCTCT-1,0.00005,0.231769,0.078279,0.00005,0.03346,0.348467,0.129813,0.178111
ACGTATTACTCCGATC-1,0.000103,0.000103,0.000103,0.683653,0.02093,0.01467,0.249623,0.030813
ACGTCCTAAACGAGAT-1,0.000432,0.000433,0.000433,0.400353,0.159081,0.151188,0.287648,0.000433
ACGTCTCGTTCCGGGA-1,0.000299,0.000299,0.276042,0.000299,0.641696,0.000299,0.000299,0.080768
ACGTGACAAAGTAAGT-1,0.000126,0.000126,0.097585,0.750291,0.151492,0.000126,0.000126,0.000126
ACGTGGTCGAATGTGC-1,0.000512,0.000512,0.224165,0.112866,0.660408,0.000512,0.000512,0.000512
ACGTTAGATTTGCCCG-1,0.000187,0.082895,0.000187,0.202919,0.588796,0.000187,0.000187,0.124643
ACGTTATTGGTCACTC-1,0.000047,0.000047,0.000047,0.312431,0.000094,0.000047,0.687242,0.000047
ACGTTCCGCGCTCCGT-1,0.000077,0.11476,0.067202,0.203847,0.155695,0.076521,0.338701,0.043197
ACGTTCGCAATCAATT-1,0.00005,0.180881,0.00005,0.703885,0.114982,0.00005,0.00005,0.00005
ACGTTCTGTACAAGTC-1,0.000233,0.082263,0.000234,0.000234,0.80953,0.107039,0.000234,0.000234
ACTAAGGACGCACACC-1,0.000051,0.000051,0.146691,0.220393,0.431858,0.075335,0.101764,0.023856
ACTACATCCCGACAAG-1,0.000153,0.459175,0.086923,0.012553,0.327651,0.000153,0.000153,0.113238
ACTACCAGCTCTCTGG-1,0.000099,0.340607,0.000099,0.30121,0.336258,0.000099,0.021527,0.000099
ACTACGCGTTAGAATT-1,0.00006,0.00006,0.00006,0.639932,0.35971,0.00006,0.00006,0.00006
ACTAGTTGCGATCGTC-1,0.000049,0.000049,0.01266,0.091903,0.04097,0.000049,0.843053,0.011268
ACTATCCAGGGCATGG-1,0.000156,0.000156,0.000156,0.556865,0.442201,0.000156,0.000156,0.000156
ACTATCGCCGGCTAAA-1,0.000896,0.000897,0.194674,0.799049,0.001793,0.000897,0.000897,0.000897
ACTATCTGCCCGCGTA-1,0.000064,0.000064,0.000064,0.002024,0.000128,0.399634,0.504865,0.093157
ACTATTTCCGGGCCCA-1,0.000354,0.508158,0.038982,0.000354,0.093532,0.357912,0.000354,0.000354
ACTCAACGAATGTATT-1,0.000168,0.063326,0.000168,0.418867,0.364903,0.000168,0.033384,0.119018
ACTCAAGTGCAAGGCT-1,0.000143,0.062985,0.000143,0.000143,0.802287,0.000143,0.000143,0.134014
ACTCAGACCTGCTTCT-1,0.000136,0.019383,0.082615,0.189124,0.033398,0.000136,0.447695,0.227514
ACTCCCATTCCTAAAG-1,0.000817,0.000818,0.501557,0.000818,0.379806,0.000818,0.000818,0.114549
ACTCCCGAATTCGTTT-1,0.000157,0.000157,0.091178,0.484164,0.322675,0.08049,0.021022,0.000157
ACTCCCGTAGACTAGG-1,0.000147,0.19993,0.183207,0.237365,0.378908,0.000147,0.000147,0.000147
ACTCCCTAATGCTAAA-1,0.000066,0.240318,0.059118,0.098896,0.051499,0.411817,0.138219,0.000066
ACTCCCTAGAATAGTA-1,0.000063,0.170009,0.010321,0.259773,0.314373,0.000063,0.128414,0.116985
ACTCGATGTATTTCAT-1,0.001949,0.001951,0.001951,0.870762,0.117537,0.00195,0.00195,0.00195
ACTCGCGATCTGACGC-1,0.00012,0.00012,0.016132,0.983025,0.000241,0.00012,0.00012,0.00012
ACTCGTAACCCGTCCT-1,0.000059,0.008761,0.000059,0.176619,0.191687,0.162922,0.447275,0.012617
ACTCGTCAGTAATCCC-1,0.000094,0.169833,0.000094,0.008846,0.68168,0.078007,0.006978,0.054467
ACTCTAAACCTGGGAT-1,0.000408,0.000409,0.000409,0.726562,0.270986,0.000409,0.000409,0.000409
ACTCTCTGACTTAGGT-1,0.000072,0.314636,0.000072,0.176808,0.213827,0.063197,0.061382,0.170006
ACTCTTCAGCTCCCGC-1,0.000911,0.000911,0.000911,0.510943,0.001823,0.398406,0.085184,0.000911
ACTCTTGTATAGTAAC-1,0.000228,0.133671,0.000228,0.000228,0.580748,0.072093,0.212576,0.000228
ACTGAAACGCCGTTAG-1,0.000018,0.000018,0.000018,0.128852,0.000036,0.000018,0.80988,0.06116
ACTGAATGGCGAAAGT-1,0.000015,0.007228,0.000015,0.029001,0.087088,0.011899,0.805372,0.059383
ACTGCGGACACACCGT-1,0.000081,0.028694,0.000081,0.290043,0.513756,0.023998,0.123601,0.019747
ACTGCTCGGAAGGATG-1,0.000168,0.000168,0.298096,0.619886,0.08118,0.000168,0.000168,0.000168
ACTGGCGAACCTGCGT-1,0.000076,0.000076,0.060166,0.080032,0.699472,0.040288,0.119812,0.000076
ACTGTACGATACACAT-1,0.000093,0.168156,0.018605,0.000093,0.617388,0.087158,0.108412,0.000093
ACTGTAGCACTTTGGA-1,0.00008,0.266731,0.00008,0.387864,0.264687,0.049581,0.020802,0.010175
ACTGTATACGCGAGCA-1,0.000025,0.000025,0.000025,0.167026,0.00005,0.004813,0.827286,0.000751
ACTGTCCAGGATTATA-1,0.000055,0.450737,0.000055,0.034171,0.373894,0.067014,0.072855,0.00122
ACTGTGCTAGTAGATC-1,0.000084,0.000085,0.000085,0.288253,0.152559,0.000085,0.19323,0.36562
ACTGTTTAGTGTAGGC-1,0.000124,0.084931,0.010771,0.244059,0.482201,0.000124,0.125636,0.052153
ACTTACGCATCCACGC-1,0.000617,0.103474,0.000618,0.468654,0.424784,0.000618,0.000618,0.000618
ACTTAGTACGACAAGA-1,0.000033,0.000033,0.000033,0.160467,0.07187,0.001729,0.672518,0.093318
ACTTATACTTACCCGG-1,0.000099,0.015964,0.000099,0.281867,0.172245,0.49677,0.032816,0.000141
ACTTATCTGATCTATA-1,0.000911,0.000911,0.000911,0.105904,0.713908,0.000911,0.000911,0.175632
ACTTATTAGGATCGGT-1,0.00009,0.124595,0.019446,0.016878,0.72623,0.030308,0.078393,0.004061
ACTTATTTATGTGCCA-1,0.000073,0.220896,0.000073,0.378188,0.082828,0.002325,0.246669,0.068947
ACTTCAGGCTGATCCC-1,0.000028,0.111886,0.000028,0.079252,0.05219,0.000277,0.411616,0.344724
ACTTCCAGTGGAAGCT-1,0.000103,0.060857,0.000103,0.148831,0.239322,0.267043,0.201136,0.082605
ACTTCCATGCGGGACA-1,0.000131,0.000131,0.088976,0.096784,0.067893,0.347962,0.000131,0.397992
ACTTCGCTAGCGAGTG-1,0.000607,0.000608,0.000608,0.800108,0.110333,0.086521,0.000608,0.000608
ACTTGACTCCCTCTTT-1,0.000144,0.244762,0.000145,0.000145,0.463681,0.088801,0.202178,0.000145
ACTTGCCATATTGTAC-1,0.000349,0.357892,0.00035,0.338816,0.000699,0.250017,0.00035,0.051526
ACTTGGGACCCGGTGG-1,0.000086,0.136835,0.000086,0.303194,0.504952,0.000086,0.051964,0.002797
ACTTGTAGTCCCTTCA-1,0.001208,0.001209,0.308822,0.041364,0.643772,0.001208,0.001209,0.001209
ACTTGTGGATGGAACG-1,0.000336,0.000336,0.000336,0.653585,0.173044,0.000336,0.000336,0.171691
ACTTTACCCTCATGAA-1,0.000148,0.096972,0.000148,0.510294,0.391991,0.000148,0.000148,0.000148
ACTTTGACTGCATCCT-1,0.000829,0.00083,0.083021,0.675998,0.236832,0.00083,0.00083,0.00083
ACTTTGGTCGTGCTCC-1,0.000503,0.250228,0.10998,0.000503,0.527484,0.000503,0.110296,0.000503
ACTTTGTCGACGCACT-1,0.00202,0.002021,0.201287,0.439435,0.349173,0.002021,0.002021,0.002022
AGAAATTATGACTCGC-1,0.002469,0.002471,0.002472,0.980232,0.004942,0.002471,0.002471,0.002471
AGAACCCAGCGTGACA-1,0.001323,0.001324,0.266782,0.36731,0.359291,0.001324,0.001324,0.001324
AGAACCCTCAATTGGG-1,0.002849,0.002852,0.002851,0.327123,0.655772,0.002851,0.002851,0.002851
AGAAGAGCGCCGTTCC-1,0.001001,0.001002,0.001002,0.80529,0.188701,0.001002,0.001001,0.001002
AGAAGGTACACTTCAC-1,0.000297,0.000297,0.530842,0.46069,0.006982,0.000297,0.000297,0.000297
AGAAGGTTGCCGAATT-1,0.000069,0.235232,0.023431,0.156083,0.420711,0.062827,0.077523,0.024123
AGAAGGTTGTAGGTCG-1,0.000694,0.239833,0.000695,0.526606,0.230086,0.000695,0.000695,0.000695
AGAAGTGATTCGTGAT-1,0.000058,0.095999,0.000058,0.029126,0.195211,0.46152,0.146165,0.071862
