Barcode,Topic 1,Topic 2,Topic 3,Topic 4to6,Topic 7,Topic 8to9
AAACAACGAATAGTTC-1,0.000186,0.000187,0.018875,0.843133,0.000187,0.137433
AAACAAGTATCTCCCA-1,0.000091,0.000091,0.000091,0.672971,0.102694,0.224062
AAACAATCTACTAGCA-1,0.000219,0.166166,0.000219,0.632829,0.000219,0.200348
AAACACCAATAACTGC-1,0.001658,0.362125,0.00166,0.391904,0.00166,0.240994
AAACAGCTTTCAGAAG-1,0.000313,0.000313,0.08138,0.180514,0.477725,0.259755
AAACAGGGTCTATATT-1,0.000782,0.000783,0.000783,0.953176,0.042909,0.001566
AAACATGGTGAGAGGA-1,0.000983,0.000984,0.000984,0.994097,0.000984,0.001968
AAACATTTCCCGGATT-1,0.000325,0.000325,0.000325,0.992195,0.000325,0.006505
AAACCCGAACGAAATC-1,0.00202,0.002021,0.002022,0.987872,0.002021,0.004043
AAACCGGAAATGTTAA-1,0.00117,0.00117,0.151036,0.843113,0.00117,0.002341
AAACCGGGTAGGTACC-1,0.000032,0.000032,0.000032,0.000097,0.67479,0.325016
AAACCGTTCGTCCAGG-1,0.000052,0.555919,0.000052,0.366408,0.000409,0.07716
AAACCTAAGCAGCCGG-1,0.000419,0.00042,0.062045,0.935857,0.00042,0.000839
AAACCTCATGAAGTTG-1,0.001079,0.00108,0.00108,0.993524,0.00108,0.002159
AAACGAAGAACATACC-1,0.000251,0.205545,0.048997,0.276387,0.362747,0.106073
AAACGAAGATGGAGTA-1,0.000092,0.000093,0.000092,0.072157,0.190516,0.737049
AAACGAGACGGTTGAT-1,0.000092,0.264267,0.000092,0.712008,0.005977,0.017564
AAACGGGCGTACGGGT-1,0.000144,0.012384,0.000144,0.895473,0.000144,0.091711
AAACGGGTTGGTATCC-1,0.000416,0.000416,0.000416,0.997502,0.000416,0.000833
AAACGGTTGCGAACTG-1,0.000103,0.259927,0.157032,0.560658,0.000103,0.022178
AAACGTGTTCGCCCTA-1,0.000024,0.086729,0.090663,0.523549,0.095863,0.203172
AAACTCGGTTCGCAAT-1,0.000114,0.224711,0.010137,0.726748,0.038062,0.000228
AAACTCGTGATATAAG-1,0.000377,0.000377,0.000377,0.649386,0.139549,0.209934
AAACTGCTGGCTCCAA-1,0.000083,0.202645,0.022363,0.421303,0.103484,0.250123
AAACTTAATTGCACGC-1,0.0003,0.168347,0.112976,0.587275,0.000301,0.130801
AAACTTGCAAACGTAT-1,0.000408,0.452521,0.025417,0.520427,0.000409,0.000818
AAAGAATGACCTTAGA-1,0.000829,0.318931,0.00083,0.67692,0.00083,0.00166
AAAGACCCAAGTCGCG-1,0.000051,0.04621,0.000051,0.269288,0.000051,0.68435
AAAGACTGGGCGCTTT-1,0.000219,0.000219,0.067055,0.931849,0.000219,0.000439
AAAGCTTGCCTACATA-1,0.000214,0.000214,0.356588,0.642343,0.000214,0.000428
AAAGGCTACGGACCAT-1,0.000131,0.131287,0.000131,0.854963,0.013227,0.000261
AAAGGGATGTAGCAAG-1,0.000038,0.990729,0.000038,0.009081,0.000038,0.000076
AAAGGGCAGCTTGAAT-1,0.000454,0.000454,0.000454,0.997277,0.000454,0.000908
AAAGTAGCATTGCTCA-1,0.000087,0.141988,0.000087,0.698059,0.000087,0.159692
AAAGTCACTGATGTAA-1,0.000918,0.215662,0.000919,0.64832,0.000919,0.133262
AAAGTCGACCCTCAGT-1,0.000255,0.000255,0.000255,0.276397,0.633961,0.088877
AAAGTGCCATCAATTA-1,0.000285,0.000285,0.000285,0.99829,0.000285,0.00057
AAAGTGTGATTTATCT-1,0.000016,0.000843,0.000016,0.000047,0.336778,0.662299
AAAGTTGACTCCCGTA-1,0.000078,0.02214,0.000078,0.717684,0.000078,0.259942
AAATAAGGTAGTGCCC-1,0.000494,0.000494,0.000494,0.997035,0.000494,0.000988
AAATACCTATAAGCAT-1,0.000035,0.449901,0.000035,0.189173,0.200452,0.160404
AAATAGCTTAGACTTT-1,0.000682,0.000682,0.000682,0.995908,0.000682,0.001364
AAATAGGGTGCTATTG-1,0.000079,0.0016,0.000079,0.235881,0.028104,0.734257
AAATCCGATACACGCC-1,0.000089,0.098302,0.000089,0.901253,0.000089,0.000178
AAATCGCGGAAGGAGT-1,0.000284,0.166336,0.000284,0.607853,0.000284,0.224958
AAATCGTGTACCACAA-1,0.000106,0.200392,0.057355,0.637914,0.046645,0.057589
AAATCTAGCCCTGCTA-1,0.000043,0.015372,0.000043,0.398496,0.002915,0.58313
AAATGATTCGATCAGC-1,0.000053,0.000053,0.000053,0.364145,0.495963,0.139734
AAATGCTCGTTACGTT-1,0.000141,0.020723,0.000141,0.622483,0.097294,0.259217
AAATGGCCCGTGCCCT-1,0.001001,0.001002,0.412004,0.582988,0.001002,0.002003
AAATGGTCAATGTGCC-1,0.000033,0.196799,0.000033,0.053491,0.368496,0.381148
AAATGTATCTTATCCC-1,0.00031,0.000311,0.021359,0.977089,0.000311,0.000621
AAATGTGGGTGCTCCT-1,0.000049,0.305593,0.110267,0.465087,0.055649,0.063355
AAATTAACGGGTAGCT-1,0.000076,0.53003,0.056963,0.408144,0.000181,0.004606
AAATTAATAAGCGCGA-1,0.000811,0.000812,0.000811,0.995131,0.000812,0.001623
AAATTACCTATCGATG-1,0.000133,0.003507,0.000133,0.659388,0.230311,0.106527
AAATTCCAGGTCCAAA-1,0.00003,0.430862,0.00003,0.568988,0.00003,0.00006
AAATTGATAGTCCTTT-1,0.000134,0.307475,0.000134,0.607863,0.000134,0.084259
AAATTGCGGCGGTTCT-1,0.001058,0.001059,0.001059,0.86975,0.124956,0.002118
AAATTGGTGAGAAGCA-1,0.000084,0.000084,0.293445,0.706134,0.000084,0.000168
AAATTTGCGGGTGTGG-1,0.000095,0.121511,0.001158,0.876951,0.000095,0.00019
AACAACTGGTAGTTGC-1,0.000102,0.028782,0.000102,0.855444,0.048797,0.066773
AACAATACATTGTCGA-1,0.000192,0.382216,0.000192,0.267341,0.189824,0.160234
AACAATTACTCTACGC-1,0.000983,0.000984,0.000984,0.994097,0.000984,0.001968
AACACACGCTCGCCGC-1,0.000034,0.000034,0.000034,0.241634,0.088015,0.67025
AACACGACTGTACTGA-1,0.000056,0.1318,0.002822,0.393503,0.166424,0.305396
AACACGAGACGCGGCC-1,0.000077,0.454032,0.000077,0.54558,0.000077,0.000155
AACACGCGGCCGCGAA-1,0.000087,0.111381,0.000087,0.638171,0.000087,0.250187
AACAGCTGTGTGGCAA-1,0.001949,0.142197,0.148533,0.701468,0.001951,0.003902
AACAGGATGGGCCGCG-1,0.000276,0.000276,0.000276,0.998345,0.000276,0.000552
AACAGGTAGTATGGAT-1,0.000712,0.000713,0.241091,0.656361,0.000713,0.10041
AACATATCAACTGGTG-1,0.000075,0.22314,0.000075,0.563893,0.202575,0.010242
AACATCGATACGTCTA-1,0.000087,0.000087,0.106077,0.893488,0.000087,0.000174
AACATTGGTCAGCCGT-1,0.001019,0.00102,0.152359,0.842542,0.00102,0.00204
AACCAAGACTTCTCTG-1,0.000136,0.187705,0.016318,0.795434,0.000136,0.000272
AACCATGGGATCGCTA-1,0.000057,0.000057,0.000057,0.471428,0.035733,0.492668
AACCCAGAGACGGAGA-1,0.000012,0.000012,0.000012,0.267961,0.000012,0.73199
AACCCATCCCATGATC-1,0.000056,0.602311,0.006998,0.346764,0.020297,0.023573
AACCCGAGCAGAATCG-1,0.001481,0.001483,0.001483,0.991106,0.001483,0.002965
AACCCTACTGTCAATA-1,0.000155,0.018505,0.000155,0.969492,0.011385,0.000309
AACCCTGGTGGAACCA-1,0.000053,0.271701,0.026621,0.660338,0.000053,0.041234
AACCGCTAAGGGATGC-1,0.000032,0.019891,0.000032,0.577907,0.016007,0.386131
AACCGTTGTGTTTGCT-1,0.001111,0.001112,0.435831,0.55861,0.001112,0.002224
AACCTAAAGCCGTCCG-1,0.001292,0.126706,0.263793,0.60433,0.001293,0.002586
AACCTCGCTTTAGCCC-1,0.000607,0.395936,0.070793,0.53084,0.000608,0.001215
AACCTGTCACGGAATT-1,0.000058,0.000058,0.000058,0.80592,0.159523,0.034383
AACCTTTAAATACGGT-1,0.000056,0.215875,0.213177,0.486317,0.005904,0.078671
AACGAAAGTCGTCCCA-1,0.000374,0.161596,0.000374,0.797864,0.039042,0.000749
AACGATAATGCCGTAG-1,0.000046,0.158607,0.019704,0.059054,0.374148,0.388441
AACGATAGAAGGGCCG-1,0.000033,0.054417,0.000033,0.188408,0.319263,0.437845
AACGATATGTCAACTG-1,0.000154,0.18944,0.000154,0.727665,0.000154,0.082434
AACGCATGATCTGGGT-1,0.000067,0.000067,0.03878,0.339376,0.416154,0.205556
AACGCGAACGGCAACA-1,0.000983,0.000984,0.000984,0.994096,0.000984,0.001968
AACGCGACCTTGGGCG-1,0.000117,0.187027,0.000117,0.740492,0.072012,0.000234
AACGCTGTTGCTGAAA-1,0.000011,0.000011,0.000011,0.129077,0.008608,0.862282
AACGGACGTACGTATA-1,0.000013,0.000013,0.000013,0.497064,0.000013,0.502883
AACGGCCATCTCCGGT-1,0.000066,0.147918,0.000067,0.682895,0.048408,0.120646
AACGTACTGTGGGTAC-1,0.000093,0.208676,0.042123,0.713337,0.007043,0.028728
AACGTAGTCTACCCAT-1,0.001916,0.37845,0.001918,0.611965,0.001917,0.003834
AACGTCAGACTAGTGG-1,0.000151,0.012273,0.000151,0.69332,0.182996,0.111109
AACGTGCGAAAGTCTC-1,0.000078,0.382935,0.000078,0.616673,0.000078,0.000157
AACGTTATCAGCACCT-1,0.000437,0.000438,0.000438,0.40734,0.000438,0.590909
AACTACCCGTTTGTCA-1,0.002525,0.002527,0.176678,0.810689,0.002527,0.005054
AACTAGCGTATCGCAC-1,0.000215,0.155209,0.044044,0.799886,0.000215,0.00043
AACTAGGCTTGGGTGT-1,0.000128,0.059314,0.000128,0.661274,0.169157,0.109998
AACTCAAGTTAATTGC-1,0.000101,0.162335,0.025953,0.280586,0.503772,0.027253
AACTCCAGAGCGTGTT-1,0.000141,0.563283,0.000141,0.436011,0.000141,0.000282
AACTCGATAAACACGT-1,0.000299,0.000299,0.209798,0.788707,0.000299,0.000598
AACTCGATGGCGCAGT-1,0.00003,0.00003,0.00003,0.106644,0.440243,0.453023
AACTCTCAATAGAGCG-1,0.000087,0.0471,0.000087,0.839119,0.093519,0.020087
AACTCTCAGTGTGCTC-1,0.000063,0.644917,0.012677,0.271173,0.013248,0.057923
AACTGAGTTATACTGA-1,0.003831,0.003834,0.205098,0.775734,0.003834,0.007668
AACTGGTGTGGGCCTT-1,0.000386,0.000386,0.023501,0.669845,0.000386,0.305496
AACTTCTGCGTCTATC-1,0.001821,0.001823,0.001823,0.989066,0.001823,0.003645
AACTTGCCCGTATGCA-1,0.000304,0.000305,0.000305,0.998172,0.000305,0.000609
AACTTGCGTTCTCGCG-1,0.000159,0.265874,0.000159,0.656696,0.000159,0.076955
AACTTTACGGGAGCTT-1,0.000811,0.000812,0.000812,0.995131,0.000812,0.001623
AACTTTAGCTGCTGAG-1,0.000161,0.000161,0.000161,0.729325,0.000161,0.270031
AACTTTCTCGATCATG-1,0.000042,0.000042,0.000042,0.901897,0.097894,0.000083
AAGAAATCACCAGATT-1,0.000036,0.147735,0.072683,0.682513,0.034092,0.062941
AAGAAGGATCAGTTAG-1,0.000158,0.023564,0.000158,0.975646,0.000158,0.000316
AAGACCAAATAACTCA-1,0.002096,0.002098,0.002098,0.249062,0.354504,0.390143
AAGACTAACCCGTTGT-1,0.00018,0.00018,0.00018,0.852982,0.035224,0.111255
AAGAGATGAATCGGTA-1,0.000174,0.000175,0.000175,0.998953,0.000175,0.000349
AAGAGCTCTTTATCGG-1,0.000107,0.226844,0.000107,0.598217,0.138473,0.036252
AAGAGGATGTACGCGA-1,0.000097,0.336407,0.000097,0.613321,0.049886,0.000194
AAGAGGCATGGATCGC-1,0.000099,0.09947,0.000099,0.825847,0.072662,0.001823
AAGAGGCCCTTTGGAA-1,0.002415,0.002417,0.188704,0.799212,0.002417,0.004834
AAGATGGCACCGGACC-1,0.000611,0.25932,0.000611,0.438831,0.000611,0.300016
AAGATTGGCGGAACGT-1,0.000125,0.086821,0.000125,0.632133,0.112153,0.168643
AAGCACCCTGCGTATC-1,0.000165,0.074348,0.068389,0.613501,0.221467,0.02213
AAGCATACTCTCCTGA-1,0.000061,0.214326,0.364561,0.39338,0.000061,0.02761
AAGCCGAAGCGGTTTA-1,0.000044,0.170747,0.000044,0.650231,0.000044,0.178889
AAGCCGCTTTACCTTG-1,0.000223,0.08136,0.032837,0.586619,0.161722,0.137239
AAGCCGGAGAGCAGGA-1,0.000274,0.000275,0.06352,0.661615,0.273767,0.000549
AAGCGCAGGGCTTTGA-1,0.000341,0.000341,0.046331,0.951964,0.000341,0.000682
AAGCGGAGTGCGCGCA-1,0.000057,0.000057,0.34127,0.654524,0.000057,0.004035
AAGCTAGATCGAGTAA-1,0.000045,0.250798,0.01927,0.566709,0.014734,0.148444
AAGCTCGTGCCAAGTC-1,0.0001,0.265229,0.182625,0.501476,0.0001,0.050471
AAGCTCTTTCATGGTG-1,0.000271,0.024662,0.000271,0.669039,0.000271,0.305485
AAGGAGAACTTATAAG-1,0.000151,0.158336,0.030977,0.658983,0.000151,0.151401
AAGGAGCGGTTGGTGC-1,0.000141,0.1189,0.000141,0.734191,0.000141,0.146485
AAGGATCGATCGCTTG-1,0.001764,0.141773,0.001765,0.849403,0.001765,0.00353
AAGGATGAGGGACCTC-1,0.000116,0.514505,0.094744,0.390288,0.000116,0.000231
AAGGCAGGCTGTCTCC-1,0.000756,0.000756,0.000756,0.878274,0.109541,0.009916
AAGGCGCGTAAAGCTT-1,0.000058,0.219708,0.000058,0.569916,0.03031,0.17995
AAGGCTGTGCTCATCG-1,0.0001,0.242358,0.0001,0.640849,0.040131,0.076463
AAGGGAACGACTGGCT-1,0.00028,0.156325,0.00028,0.572874,0.058285,0.211955
AAGGGACAGATTCTGT-1,0.000109,0.046329,0.000109,0.626063,0.255007,0.072382
AAGGGACTATGCATTC-1,0.000419,0.225763,0.106734,0.665825,0.00042,0.000839
AAGGGTTTGATTTCAG-1,0.000203,0.111312,0.058896,0.750957,0.010691,0.067941
AAGGTATCCTAATATA-1,0.000182,0.373635,0.000182,0.625454,0.000182,0.000365
AAGGTGATAAACCAGC-1,0.000049,0.072646,0.000049,0.45681,0.141772,0.328674
AAGTAAGCTTCCAAAC-1,0.001208,0.001209,0.001208,0.99275,0.001208,0.002417
AAGTAGAAGACCGGGT-1,0.000069,0.054349,0.000069,0.534377,0.119471,0.291665
AAGTAGTGACGCGAGG-1,0.000125,0.000125,0.000125,0.925981,0.073394,0.00025
AAGTCAATTGTCGTCA-1,0.001658,0.00166,0.00166,0.990043,0.00166,0.003319
AAGTCTAGTAGCTGCC-1,0.000112,0.000112,0.000112,0.99933,0.000112,0.000223
AAGTCTTCTGTGGCCT-1,0.000665,0.000666,0.000666,0.996006,0.000666,0.001332
AAGTGACGACCGAATT-1,0.000118,0.000118,0.000118,0.560304,0.272154,0.167189
AAGTGCAAAGGTAGAC-1,0.000107,0.187501,0.000107,0.685571,0.000107,0.126607
AAGTGCCTTGACTGTA-1,0.000296,0.000296,0.000296,0.956191,0.000296,0.042626
AAGTGCGTTAGAATCT-1,0.000069,0.094666,0.000069,0.535605,0.28143,0.088162
AAGTGTTTGGAGACGG-1,0.000014,0.010329,0.000014,0.077107,0.010968,0.901568
AAGTTCACTCCAAGCT-1,0.000115,0.000115,0.075813,0.202224,0.188109,0.533624
AAGTTCGGCCAACAGG-1,0.00006,0.201919,0.00006,0.384481,0.266617,0.146864
AAGTTGTGATGTTATA-1,0.00011,0.110987,0.00011,0.797683,0.00011,0.091
AAGTTTACTAATGGCA-1,0.000125,0.089913,0.000125,0.492146,0.234163,0.183528
AAGTTTATGGGCCCAA-1,0.000123,0.182449,0.000123,0.762854,0.054206,0.000246
AATAACAACGCTCGGC-1,0.000066,0.000066,0.000066,0.816402,0.1476,0.0358
AATAACACTAGAACAA-1,0.000022,0.181472,0.000022,0.048041,0.274484,0.495958
AATAAGTCCTCGAGAC-1,0.000055,0.026994,0.000055,0.767863,0.114421,0.090613
AATAATCTTCGTATCG-1,0.001522,0.001523,0.158444,0.833942,0.001523,0.003046
AATACAATGTTTCAGG-1,0.001182,0.001183,0.001183,0.743847,0.250239,0.002366
AATAGAACAGAGTGGC-1,0.000064,0.360267,0.000064,0.637525,0.000064,0.002016
AATAGAATCTGTTTCA-1,0.000017,0.061744,0.000017,0.185845,0.013426,0.738952
AATAGCTACCGCGTGC-1,0.000218,0.000395,0.041667,0.957067,0.000218,0.000436
AATAGTCGCGAGTCGG-1,0.000983,0.000984,0.000984,0.994097,0.000984,0.001968
AATATCAAGGTCGGAT-1,0.000109,0.021329,0.000109,0.383375,0.000109,0.59497
AATATCCTAGCAAACT-1,0.000477,0.202744,0.000477,0.79487,0.000477,0.000954
AATATCGAATCAATGC-1,0.000034,0.228242,0.020871,0.535558,0.026949,0.188346
AATATCGAGGGTTCTC-1,0.000085,0.126728,0.018947,0.440031,0.300816,0.113393
AATATTGGAGTATTGA-1,0.000319,0.00032,0.000319,0.688108,0.310294,0.000639
AATCAGACTGCAGGAC-1,0.000278,0.000278,0.000278,0.86616,0.000278,0.132728
AATCATGTAAAGACTC-1,0.000031,0.067085,0.000031,0.431132,0.00173,0.499992
AATCCAAGGGCCTGAG-1,0.00001,0.00001,0.00001,0.257089,0.006824,0.736056
AATCCATGCAAGGGTG-1,0.000561,0.000562,0.000562,0.919008,0.000562,0.078746
AATCGCCTCAGCGCCA-1,0.000097,0.045302,0.019344,0.445621,0.285416,0.204219
AATCGCGCAGAGGACT-1,0.001709,0.001711,0.001711,0.989737,0.001711,0.003421
AATCGGGACACTACGA-1,0.000144,0.084513,0.102999,0.667511,0.000144,0.144687
AATCGTGAGCCGAGCA-1,0.000072,0.230664,0.013035,0.624748,0.064648,0.066833
AATCTAGGTTTACTTG-1,0.000532,0.362933,0.000532,0.548437,0.086503,0.001064
AATCTATGCCGGAGCC-1,0.000496,0.000496,0.085029,0.912489,0.000496,0.000993
AATCTCTACTGTGGTT-1,0.000505,0.000505,0.113882,0.883591,0.000505,0.001011
AATCTGCGTTGGGACG-1,0.000377,0.000377,0.000377,0.997739,0.000377,0.000754
AATCTGGCTTTCTAGT-1,0.000492,0.030079,0.216583,0.75137,0.000492,0.000984
AATGACAGCAATGTCT-1,0.000084,0.0697,0.000142,0.772814,0.033249,0.124011
AATGACGTAGGATGTC-1,0.000066,0.166509,0.000066,0.544566,0.09139,0.197404
AATGACTGTCAGCCGG-1,0.000109,0.03572,0.000109,0.805525,0.069733,0.088805
AATGAGTTCGCATATG-1,0.000121,0.122182,0.000121,0.690414,0.06364,0.123521
AATGATGATACGCTAT-1,0.000089,0.021492,0.121382,0.300712,0.3484,0.207925
AATGATGCGACTCCTG-1,0.000095,0.14256,0.000095,0.597185,0.127312,0.132754
AATGCAACCGGGTACC-1,0.000032,0.783789,0.027138,0.188944,0.000032,0.000065
AATGGTCCACCGTTCA-1,0.00008,0.00008,0.062169,0.93743,0.00008,0.000161
AATGGTTCTCACAAGC-1,0.000069,0.000069,0.007685,0.413268,0.119693,0.459217
AATGTATGGCACTGTA-1,0.000416,0.142586,0.053705,0.465619,0.33684,0.000833
AATGTGCCCGAGGTGT-1,0.000108,0.510257,0.002193,0.487116,0.000108,0.000217
AATTAAAGGTCGGCGT-1,0.000052,0.193525,0.005206,0.644911,0.070975,0.085331
AATTAACGGATTTCCA-1,0.000463,0.000463,0.000463,0.822455,0.000463,0.175692
AATTACGAGACCCATC-1,0.000903,0.000904,0.061397,0.677072,0.257916,0.001808
AATTACTCGTACGCTC-1,0.000882,0.000882,0.262349,0.733239,0.000883,0.001765
AATTAGCGCTGCAGCG-1,0.000021,0.079215,0.148656,0.406971,0.171416,0.193722
AATTCATAAGGGATCT-1,0.000117,0.238123,0.000118,0.731363,0.000118,0.030161
AATTCATTGTCATGCA-1,0.000415,0.156541,0.216839,0.488925,0.000415,0.136866
AATTCCAACTTGGTGA-1,0.000281,0.000281,0.178381,0.820215,0.000281,0.000562
AATTCCAAGCATGTAC-1,0.000067,0.000067,0.086647,0.863799,0.039744,0.009676
AATTCGATTCGAGGAT-1,0.000624,0.000625,0.000625,0.623318,0.315927,0.058881
AATTCTAGAGTTAGGC-1,0.000078,0.333528,0.000078,0.464769,0.08233,0.119217
AATTGAACGCTCTGGT-1,0.000051,0.067609,0.000051,0.644958,0.006813,0.280518
AATTGCAGCAATCGAC-1,0.000336,0.000336,0.000336,0.997985,0.000336,0.000672
AATTGTGGTTGCCAAA-1,0.001292,0.001293,0.403455,0.590081,0.001293,0.002586
AATTTGGTTCCAAAGA-1,0.000055,0.224841,0.181186,0.051935,0.211362,0.33062
ACAAACCATGCGTCCT-1,0.000163,0.346152,0.13739,0.386426,0.000163,0.129706
ACAAACCGACAAGGCG-1,0.001658,0.00166,0.137817,0.853886,0.00166,0.003319
ACAAAGAAGGTAGGCC-1,0.000678,0.000678,0.236684,0.759926,0.000678,0.001356
ACAAAGCATGACCTAG-1,0.000594,0.000595,0.000595,0.996433,0.000595,0.001189
ACAAATCGCACCGAAT-1,0.000016,0.060879,0.000016,0.143944,0.066011,0.729134
ACAAATGGTAGTGTTT-1,0.000052,0.045375,0.000052,0.446528,0.211391,0.296603
ACAACGGTCCCTGCGA-1,0.000151,0.141105,0.000151,0.780503,0.000151,0.077938
ACAAGCAGTGCCTAGC-1,0.000408,0.000409,0.000409,0.880694,0.117262,0.000818
ACAAGCTATATGGAAG-1,0.000621,0.000621,0.000621,0.996273,0.000621,0.001242
ACAAGGAAATCCGCCC-1,0.000041,0.440934,0.00809,0.389137,0.000041,0.161755
ACAAGGACAAGAGGTT-1,0.000065,0.171015,0.005873,0.562563,0.208095,0.052388
ACAAGGATGCTTTAGG-1,0.000183,0.000183,0.000183,0.946859,0.052192,0.000398
ACAAGGGCAGGCTCTG-1,0.00006,0.059539,0.00006,0.620663,0.037799,0.281879
ACAATAGTCGTACGTT-1,0.000145,0.000145,0.000145,0.865496,0.116951,0.017119
ACAATCCATTTAAACC-1,0.000063,0.029221,0.000063,0.700391,0.143496,0.126766
ACAATCGATCTTTATA-1,0.000053,0.075257,0.008497,0.008009,0.470222,0.437962
ACAATGAATACGGAGA-1,0.000119,0.487948,0.054879,0.277215,0.015757,0.164083
ACAATTGTGTCTCTTT-1,0.000055,0.021985,0.000056,0.350182,0.045132,0.58259
ACAATTTAGGAGGCTC-1,0.001001,0.001002,0.001002,0.99399,0.001002,0.002004
ACAATTTGAGCAGTGG-1,0.000047,0.091729,0.001593,0.184953,0.320941,0.400736
ACAATTTGGCCATATT-1,0.001235,0.001235,0.116103,0.756723,0.122233,0.002471
ACACAAAGACGGGTGG-1,0.000033,0.807321,0.009021,0.126393,0.021389,0.035843
ACACAAATATTCCTAG-1,0.000561,0.000562,0.131385,0.254748,0.441186,0.171558
ACACACCAGGACCAGT-1,0.000062,0.160781,0.000062,0.495884,0.089098,0.254113
ACACATGATCAAATCT-1,0.001821,0.001823,0.131691,0.700206,0.160813,0.003645
ACACATTGACGCAACA-1,0.000823,0.000824,0.284914,0.710968,0.000824,0.001647
ACACCACATAATTAGC-1,0.001122,0.001123,0.001123,0.993262,0.001123,0.002247
ACACCCAGCATGCAGC-1,0.000094,0.113229,0.000094,0.810158,0.000094,0.076331
ACACCCGAGAAATCCG-1,0.000035,0.028171,0.000035,0.555463,0.034549,0.381746
ACACCGAGCGCTCTTT-1,0.000966,0.000967,0.198682,0.796484,0.000967,0.001934
ACACCTTAAGTAGGGC-1,0.000067,0.015354,0.000067,0.174406,0.561661,0.248444
ACACCTTACTACTTGC-1,0.001389,0.00139,0.157489,0.835563,0.00139,0.00278
ACACGGCACTATGCAT-1,0.000093,0.401603,0.000095,0.597932,0.000093,0.000185
ACACGTAGGCCACAAG-1,0.003472,0.003475,0.326567,0.656062,0.003474,0.006949
ACACTCCAATGTCACT-1,0.000665,0.000666,0.000666,0.996006,0.000666,0.001332
ACACTGATCAAGGTGT-1,0.000076,0.524371,0.025092,0.450232,0.000076,0.000152
ACACTGGGACAGTCGT-1,0.002222,0.002224,0.002223,0.986661,0.002224,0.004447
ACAGAACTGAGAACAA-1,0.00007,0.166331,0.00007,0.675882,0.00007,0.157576
ACAGATTAGGTTAGTG-1,0.000274,0.283675,0.051265,0.412089,0.000275,0.252423
ACAGCATAGAGCCAGT-1,0.000861,0.000862,0.181449,0.456577,0.000862,0.359388
ACAGCGACATTCTCAT-1,0.000145,0.000146,0.000146,0.739359,0.000146,0.260059
ACAGGAGGCGCAGCCG-1,0.001195,0.001196,0.001196,0.992827,0.001196,0.002391
ACAGGCTTGCCCGACT-1,0.000015,0.044384,0.003357,0.034565,0.022694,0.894985
ACAGGTGGAGGTGAGG-1,0.000056,0.490714,0.000056,0.346845,0.008724,0.153605
ACAGGTGTGTTGTTGC-1,0.000336,0.107941,0.000336,0.890379,0.000336,0.000672
ACAGTAATACAACTTG-1,0.000507,0.000508,0.276073,0.62318,0.049582,0.05015
ACAGTATACCGTGGGA-1,0.000084,0.047568,0.174016,0.778082,0.000084,0.000167
ACATAAGTCGTGGTGA-1,0.002584,0.002586,0.002587,0.570093,0.321584,0.100567
ACATCAGCTGGGACGC-1,0.001145,0.12483,0.001146,0.869439,0.001146,0.002293
ACATCCTGGTAACTGT-1,0.002315,0.002316,0.002316,0.986103,0.002316,0.004633
ACATCGGTCAGCCGCG-1,0.000075,0.39755,0.000075,0.594306,0.007845,0.00015
ACATCGTATGCAATGG-1,0.000063,0.189328,0.040708,0.446235,0.006237,0.317428
ACATCTCAACGCGTAA-1,0.000265,0.426299,0.000265,0.514842,0.000265,0.058063
ACATGGCGCCAAAGTA-1,0.001736,0.001737,0.001738,0.989577,0.001737,0.003474
ACATGGCTCAATTTAG-1,0.001182,0.001183,0.375057,0.61903,0.001183,0.002365
ACATTAGTTTATATCC-1,0.000069,0.378343,0.158837,0.289524,0.045478,0.12775
ACCAAACACCCAGCGA-1,0.000014,0.120651,0.034353,0.000041,0.412504,0.432437
ACCAAACTAGAAATCC-1,0.000191,0.000191,0.000191,0.721883,0.226768,0.050777
ACCAACACCACACACT-1,0.00006,0.683965,0.00006,0.30462,0.011175,0.00012
ACCAACCGCACTCCAC-1,0.000766,0.000767,0.000767,0.9954,0.000767,0.001534
ACCAACGCTTATTTAT-1,0.000059,0.703457,0.000059,0.296246,0.000059,0.000119
ACCAAGAACGCGTGTC-1,0.000028,0.231382,0.000028,0.326297,0.007144,0.435122
ACCAATATGCAAGTTA-1,0.0001,0.078553,0.0001,0.483559,0.107189,0.330498
ACCACAAGTTTCTATC-1,0.000069,0.420242,0.000069,0.572788,0.000069,0.006763
ACCACCAATGTAACAA-1,0.001079,0.00108,0.001079,0.993524,0.00108,0.002159
ACCACCCTCTCTTCTA-1,0.000436,0.000436,0.259325,0.738495,0.000436,0.000872
ACCACGTGCAGCTATA-1,0.000027,0.130698,0.000027,0.219186,0.014546,0.635516
ACCACTGTTCAAGAAG-1,0.001001,0.001002,0.248248,0.746744,0.001002,0.002003
ACCAGACCATAACAAC-1,0.000429,0.000429,0.000429,0.997424,0.000429,0.000859
ACCAGCCCGGTCTTTG-1,0.000079,0.129515,0.051876,0.487235,0.121828,0.209466
ACCAGGAGTGTGATCT-1,0.000086,0.262798,0.081385,0.434066,0.082061,0.139605
ACCAGTGCGGGAGACG-1,0.000071,0.246459,0.000071,0.424405,0.000071,0.328924
ACCATATCCGCAATAA-1,0.000085,0.239783,0.018814,0.695774,0.000085,0.045458
ACCATCCGCCAACTAG-1,0.000604,0.000604,0.043203,0.953776,0.000604,0.001209
ACCATCGTATATGGTA-1,0.000088,0.129736,0.000089,0.669885,0.077516,0.122686
ACCATTAAGGGTGTCA-1,0.000646,0.000646,0.174963,0.681929,0.140522,0.001293
ACCCAACGCCCGTGGC-1,0.000496,0.000496,0.000496,0.782637,0.000496,0.215378
ACCCACCTACATGCTC-1,0.000811,0.34474,0.000812,0.651203,0.000812,0.001623
ACCCATCTTGAGGGTA-1,0.000176,0.009316,0.011814,0.957643,0.012541,0.00851
ACCCATTTGTCCCTCT-1,0.000387,0.000387,0.000387,0.810317,0.02382,0.164701
ACCCGGAAACTCCCAG-1,0.000081,0.000081,0.000081,0.17909,0.000182,0.820485
ACCCGGAGCACCACAA-1,0.000155,0.000155,0.195097,0.804129,0.000155,0.00031
ACCCGGATGACGCATC-1,0.000224,0.000224,0.000224,0.925166,0.030528,0.043635
ACCCGGTTACACTTCC-1,0.000074,0.127607,0.006979,0.661318,0.161788,0.042232
ACCCTATAGGACTGAG-1,0.001502,0.001502,0.001503,0.990986,0.001503,0.003005
ACCCTCCCTTGCTATT-1,0.000025,0.081178,0.002381,0.200314,0.014916,0.701185
ACCCTGGTAACGCCCT-1,0.000322,0.000322,0.643823,0.354566,0.000322,0.000645
ACCCTTCATCTGCGAA-1,0.000156,0.092637,0.219021,0.422728,0.046715,0.218743
ACCCTTGCCTGGGTCG-1,0.000794,0.000794,0.243417,0.510433,0.000794,0.243768
ACCGAAAGGGCCCTGC-1,0.000276,0.183574,0.130663,0.541415,0.000277,0.143795
ACCGAAGAGTCTGGTT-1,0.000067,0.304538,0.01082,0.433138,0.043911,0.207526
ACCGACACATCTCCCA-1,0.000087,0.026603,0.000087,0.641207,0.263244,0.068771
ACCGATAGGCATAACC-1,0.000669,0.00067,0.00067,0.758955,0.237696,0.00134
ACCGATATTTAATCAT-1,0.000556,0.000556,0.358409,0.638812,0.000556,0.001112
ACCGATGGTAGCATCG-1,0.000067,0.08711,0.000067,0.705221,0.134289,0.073245
ACCGCAATAACTGCCT-1,0.000015,0.089474,0.000015,0.085256,0.00691,0.818329
ACCGCGGTGGAAGTCG-1,0.00004,0.00004,0.00004,0.288122,0.020246,0.691512
ACCGGGCCTTTGTTGA-1,0.000454,0.000454,0.000454,0.957549,0.000454,0.040635
ACCGGTCAGGTACACC-1,0.002137,0.097878,0.166729,0.726839,0.002139,0.004277
ACCGTCCACTGGGCCC-1,0.000539,0.00054,0.00054,0.469083,0.368627,0.160671
ACCGTGACCACGTGGG-1,0.000368,0.151156,0.150695,0.15976,0.081289,0.456732
ACCGTTCCCGCTCTGA-1,0.000108,0.049571,0.007457,0.38626,0.319301,0.237303
ACCTAAGTACCTTTCA-1,0.000104,0.126086,0.000104,0.683572,0.078731,0.111404
ACCTAATCGACTTCCT-1,0.00012,0.160064,0.00012,0.839334,0.00012,0.000241
ACCTACAGTATGTGGT-1,0.001425,0.001426,0.001426,0.827453,0.16542,0.002851
ACCTACTATAAATCTA-1,0.000112,0.05894,0.000112,0.842339,0.098272,0.000224
ACCTCCGCCCTCGCTG-1,0.000406,0.000406,0.000406,0.778584,0.000406,0.219794
ACCTCCGTTATTCACC-1,0.000065,0.030255,0.022328,0.939493,0.007729,0.00013
ACCTGCGTGTCATGTT-1,0.000354,0.000354,0.091837,0.372296,0.419178,0.115981
ACCTTTCCTTTAGAAG-1,0.000238,0.278297,0.000239,0.577862,0.09686,0.046504
ACGAAATGGGCGGCAC-1,0.000236,0.000236,0.000236,0.962763,0.036057,0.000472
ACGACCCATGAGTTGC-1,0.000694,0.000695,0.253015,0.743511,0.000695,0.00139
ACGAGAACCCATCACG-1,0.000027,0.00617,0.000027,0.000081,0.412731,0.580964
ACGAGGATACCACTCT-1,0.00016,0.00016,0.018464,0.233693,0.000161,0.747361
ACGAGGTTTACAACGT-1,0.000079,0.260987,0.00008,0.634998,0.041856,0.061999
ACGAGTACGGATGCCC-1,0.000073,0.000073,0.000073,0.245916,0.530357,0.223509
ACGAGTCGCCGGCGTT-1,0.000564,0.000564,0.327595,0.669584,0.000564,0.001129
ACGATACATAGAACTA-1,0.000095,0.109408,0.057753,0.832458,0.000095,0.00019
ACGATACCTATCCTGA-1,0.000153,0.000153,0.054877,0.712958,0.169015,0.062844
ACGATCATACATAGAG-1,0.000088,0.75311,0.000088,0.214986,0.000088,0.031639
ACGATCATCTTGTAAA-1,0.000209,0.000209,0.000209,0.998744,0.000209,0.000419
ACGATGCATATGTTAT-1,0.000208,0.182848,0.000208,0.653611,0.162709,0.000416
ACGCAATCACTACAGC-1,0.0001,0.0001,0.0001,0.953398,0.037961,0.008342
ACGCATACGTTTACTA-1,0.000408,0.242939,0.000409,0.755018,0.000409,0.000818
ACGCCCAGCTGTCGAT-1,0.00029,0.196227,0.032848,0.769764,0.00029,0.000581
ACGCCGCTAGACGACC-1,0.000103,0.11824,0.061821,0.549468,0.004963,0.265406
ACGCCTGACACGCGCT-1,0.000717,0.000717,0.316527,0.513498,0.167105,0.001435
ACGCGCTACACAGGGT-1,0.00013,0.148097,0.000131,0.809272,0.042109,0.000261
ACGCGTTTCTTAAGAG-1,0.001709,0.001711,0.00171,0.989739,0.00171,0.003421
ACGCTAGTGATACACT-1,0.000146,0.066321,0.000146,0.780859,0.152236,0.000293
ACGCTGTGAGGCGTAG-1,0.000756,0.000756,0.291599,0.70462,0.000756,0.001513
ACGGAATTTAGCAAAT-1,0.000122,0.000122,0.000122,0.776643,0.000122,0.222867
ACGGACTCTCAAAGCG-1,0.00014,0.06439,0.00014,0.934911,0.00014,0.000279
ACGGAGCGCAAATTAC-1,0.000098,0.000098,0.000098,0.858876,0.061655,0.079175
ACGGATGGTGCGGATA-1,0.000229,0.17223,0.00576,0.770635,0.016964,0.034182
ACGGCACTTGCTTGGG-1,0.000122,0.232558,0.08037,0.642105,0.000122,0.044722
ACGGCGACGATGGGAA-1,0.000021,0.102254,0.005509,0.165117,0.139634,0.587464
ACGGCGGGTTGCCCTG-1,0.000545,0.000545,0.000545,0.99673,0.000545,0.00109
ACGGCTGGATGTAGAA-1,0.001355,0.001356,0.001356,0.873095,0.120126,0.002712
ACGGGAGTGTCGGCCC-1,0.000073,0.024208,0.000073,0.603293,0.315621,0.056732
ACGGGCGTATGCGACA-1,0.00007,0.24382,0.460531,0.29501,0.00007,0.0005
ACGGGTCATGTGACTT-1,0.001058,0.001059,0.073631,0.921076,0.001059,0.002118
ACGTACAGATTTCTCT-1,0.00005,0.231769,0.078279,0.03351,0.348467,0.307924
ACGTATTACTCCGATC-1,0.000103,0.000103,0.000103,0.704584,0.01467,0.280436
ACGTCCTAAACGAGAT-1,0.000432,0.000433,0.000433,0.559433,0.151188,0.288081
ACGTCTCGTTCCGGGA-1,0.000299,0.000299,0.276042,0.641995,0.000299,0.081067
ACGTGACAAAGTAAGT-1,0.000126,0.000126,0.097585,0.901783,0.000126,0.000253
ACGTGGTCGAATGTGC-1,0.000512,0.000512,0.224165,0.773273,0.000512,0.001025
ACGTTAGATTTGCCCG-1,0.000187,0.082895,0.000187,0.791715,0.000187,0.124829
ACGTTATTGGTCACTC-1,0.000047,0.000047,0.000047,0.312524,0.000047,0.687289
ACGTTCCGCGCTCCGT-1,0.000077,0.11476,0.067202,0.359542,0.076521,0.381898
ACGTTCGCAATCAATT-1,0.00005,0.180881,0.00005,0.818867,0.00005,0.000101
ACGTTCTGTACAAGTC-1,0.000233,0.082263,0.000234,0.809764,0.107039,0.000467
ACTAAGGACGCACACC-1,0.000051,0.000051,0.146691,0.652252,0.075335,0.12562
ACTACATCCCGACAAG-1,0.000153,0.459175,0.086923,0.340204,0.000153,0.113391
ACTACCAGCTCTCTGG-1,0.000099,0.340607,0.000099,0.637468,0.000099,0.021627
ACTACGCGTTAGAATT-1,0.00006,0.00006,0.00006,0.999641,0.00006,0.00012
ACTAGTTGCGATCGTC-1,0.000049,0.000049,0.01266,0.132873,0.000049,0.854321
ACTATCCAGGGCATGG-1,0.000156,0.000156,0.000156,0.999066,0.000156,0.000311
ACTATCGCCGGCTAAA-1,0.000896,0.000897,0.194674,0.800843,0.000897,0.001793
ACTATCTGCCCGCGTA-1,0.000064,0.000064,0.000064,0.002152,0.399634,0.598022
ACTATTTCCGGGCCCA-1,0.000354,0.508158,0.038982,0.093886,0.357912,0.000708
ACTCAACGAATGTATT-1,0.000168,0.063326,0.000168,0.783769,0.000168,0.152402
ACTCAAGTGCAAGGCT-1,0.000143,0.062985,0.000143,0.80243,0.000143,0.134157
ACTCAGACCTGCTTCT-1,0.000136,0.019383,0.082615,0.222522,0.000136,0.675209
ACTCCCATTCCTAAAG-1,0.000817,0.000818,0.501557,0.380624,0.000818,0.115367
ACTCCCGAATTCGTTT-1,0.000157,0.000157,0.091178,0.806838,0.08049,0.021179
ACTCCCGTAGACTAGG-1,0.000147,0.19993,0.183207,0.616273,0.000147,0.000295
ACTCCCTAATGCTAAA-1,0.000066,0.240318,0.059118,0.150396,0.411817,0.138285
ACTCCCTAGAATAGTA-1,0.000063,0.170009,0.010321,0.574146,0.000063,0.245399
ACTCGATGTATTTCAT-1,0.001949,0.001951,0.001951,0.988298,0.00195,0.003901
ACTCGCGATCTGACGC-1,0.00012,0.00012,0.016132,0.983266,0.00012,0.000241
ACTCGTAACCCGTCCT-1,0.000059,0.008761,0.000059,0.368306,0.162922,0.459892
ACTCGTCAGTAATCCC-1,0.000094,0.169833,0.000094,0.690526,0.078007,0.061445
ACTCTAAACCTGGGAT-1,0.000408,0.000409,0.000409,0.997548,0.000409,0.000817
ACTCTCTGACTTAGGT-1,0.000072,0.314636,0.000072,0.390635,0.063197,0.231388
ACTCTTCAGCTCCCGC-1,0.000911,0.000911,0.000911,0.512765,0.398406,0.086096
ACTCTTGTATAGTAAC-1,0.000228,0.133671,0.000228,0.580976,0.072093,0.212804
ACTGAAACGCCGTTAG-1,0.000018,0.000018,0.000018,0.128888,0.000018,0.871041
ACTGAATGGCGAAAGT-1,0.000015,0.007228,0.000015,0.116089,0.011899,0.864754
ACTGCGGACACACCGT-1,0.000081,0.028694,0.000081,0.803799,0.023998,0.143347
ACTGCTCGGAAGGATG-1,0.000168,0.000168,0.298096,0.701066,0.000168,0.000335
ACTGGCGAACCTGCGT-1,0.000076,0.000076,0.060166,0.779504,0.040288,0.119888
ACTGTACGATACACAT-1,0.000093,0.168156,0.018605,0.617481,0.087158,0.108505
ACTGTAGCACTTTGGA-1,0.00008,0.266731,0.00008,0.652551,0.049581,0.030977
ACTGTATACGCGAGCA-1,0.000025,0.000025,0.000025,0.167076,0.004813,0.828036
ACTGTCCAGGATTATA-1,0.000055,0.450737,0.000055,0.408064,0.067014,0.074076
ACTGTGCTAGTAGATC-1,0.000084,0.000085,0.000085,0.440812,0.000085,0.55885
ACTGTTTAGTGTAGGC-1,0.000124,0.084931,0.010771,0.72626,0.000124,0.177789
ACTTACGCATCCACGC-1,0.000617,0.103474,0.000618,0.893438,0.000618,0.001235
ACTTAGTACGACAAGA-1,0.000033,0.000033,0.000033,0.232337,0.001729,0.765836
ACTTATACTTACCCGG-1,0.000099,0.015964,0.000099,0.454112,0.49677,0.032956
ACTTATCTGATCTATA-1,0.000911,0.000911,0.000911,0.819811,0.000911,0.176544
ACTTATTAGGATCGGT-1,0.00009,0.124595,0.019446,0.743108,0.030308,0.082454
ACTTATTTATGTGCCA-1,0.000073,0.220896,0.000073,0.461017,0.002325,0.315616
ACTTCAGGCTGATCCC-1,0.000028,0.111886,0.000028,0.131441,0.000277,0.756341
ACTTCCAGTGGAAGCT-1,0.000103,0.060857,0.000103,0.388153,0.267043,0.28374
ACTTCCATGCGGGACA-1,0.000131,0.000131,0.088976,0.164677,0.347962,0.398123
ACTTCGCTAGCGAGTG-1,0.000607,0.000608,0.000608,0.910442,0.086521,0.001215
ACTTGACTCCCTCTTT-1,0.000144,0.244762,0.000145,0.463826,0.088801,0.202323
ACTTGCCATATTGTAC-1,0.000349,0.357892,0.00035,0.339516,0.250017,0.051876
ACTTGGGACCCGGTGG-1,0.000086,0.136835,0.000086,0.808146,0.000086,0.054761
ACTTGTAGTCCCTTCA-1,0.001208,0.001209,0.308822,0.685136,0.001208,0.002417
ACTTGTGGATGGAACG-1,0.000336,0.000336,0.000336,0.82663,0.000336,0.172027
ACTTTACCCTCATGAA-1,0.000148,0.096972,0.000148,0.902286,0.000148,0.000297
ACTTTGACTGCATCCT-1,0.000829,0.00083,0.083021,0.912831,0.00083,0.001659
ACTTTGGTCGTGCTCC-1,0.000503,0.250228,0.10998,0.527987,0.000503,0.1108
ACTTTGTCGACGCACT-1,0.00202,0.002021,0.201287,0.788607,0.002021,0.004043
AGAAATTATGACTCGC-1,0.002469,0.002471,0.002472,0.985175,0.002471,0.004941
AGAACCCAGCGTGACA-1,0.001323,0.001324,0.266782,0.726601,0.001324,0.002647
AGAACCCTCAATTGGG-1,0.002849,0.002852,0.002851,0.982895,0.002851,0.005702
AGAAGAGCGCCGTTCC-1,0.001001,0.001002,0.001002,0.993991,0.001002,0.002003
AGAAGGTACACTTCAC-1,0.000297,0.000297,0.530842,0.467672,0.000297,0.000595
AGAAGGTTGCCGAATT-1,0.000069,0.235232,0.023431,0.576794,0.062827,0.101646
AGAAGGTTGTAGGTCG-1,0.000694,0.239833,0.000695,0.756693,0.000695,0.00139
AGAAGTGATTCGTGAT-1,0.000058,0.095999,0.000058,0.224337,0.46152,0.218028
AGAATAAATCTTCAGG-1,0.000628,0.000628,0.000628,0.996232,0.000628,0.001256
AGAATGCGGGTTCGGA-1,0.000036,0.15569,0.000036,0.493189,0.007815,0.343233
AGAATTATGGATTCGA-1,0.000142,0.329448,0.000142,0.669841,0.000142,0.000284
AGAATTGTTTGACATA-1,0.000085,0.24554,0.000085,0.688271,0.030258,0.03576
AGACAGCTCAGAATCC-1,0.000766,0.149635,0.000767,0.846531,0.000767,0.001534
AGACAGGCATCTCAGC-1,0.001821,0.001823,0.245399,0.094133,0.516559,0.140264
AGACATAGATCCTTCC-1,0.000669,0.00067,0.054739,0.11288,0.250159,0.580882
AGACCAAACCACACCT-1,0.000251,0.000251,0.173115,0.82563,0.000251,0.000502
AGACCATGGGATACAA-1,0.000249,0.000249,0.000249,0.723104,0.000249,0.275899
AGACCCACCGCTGATC-1,0.000036,0.102694,0.000036,0.02442,0.477174,0.395641
AGACCCGCCCTCCTCG-1,0.000027,0.846576,0.021335,0.041708,0.067116,0.023237
AGACCGCTCCGCGGTT-1,0.000109,0.042382,0.020486,0.611181,0.12694,0.198901
AGACCGGGAAACCCTG-1,0.000209,0.000209,0.055376,0.352251,0.436795,0.155159
AGACGAAGTGCCGGTC-1,0.000074,0.0176,0.000074,0.701477,0.000074,0.280701
AGACGACGATGCCGCT-1,0.000058,0.455677,0.000863,0.396465,0.03894,0.107997
AGACGCCCACTTCGCC-1,0.000454,0.000454,0.038652,0.881113,0.07842,0.000908
AGACGGGATTGGTATA-1,0.00202,0.002022,0.196429,0.793464,0.002022,0.004043
AGACTAGCCTTCCAGA-1,0.000103,0.05214,0.000104,0.775088,0.061945,0.110619
AGAGAACCGTCTAGGA-1,0.0002,0.106637,0.0002,0.53773,0.118662,0.236571
AGAGAAGGAGTACAAT-1,0.000316,0.497864,0.246939,0.190606,0.063634,0.000641
AGAGATCTCTAAAGCG-1,0.000188,0.018788,0.727387,0.000563,0.104276,0.148798
AGAGCAGTTATGAGAC-1,0.001058,0.001059,0.058228,0.936478,0.001059,0.002118
AGAGCCGCCGAGATTT-1,0.001248,0.001249,0.001249,0.992505,0.001249,0.002498
AGAGCGCTTGTAACGG-1,0.00015,0.069128,0.062905,0.560396,0.10598,0.201442
AGAGCGTACAAGCTCG-1,0.000301,0.019351,0.000301,0.853866,0.000301,0.125879
AGAGCTACGAAAGCAT-1,0.00161,0.072957,0.001612,0.918987,0.001612,0.003223
AGAGGCTTCGGAAACC-1,0.000123,0.000123,0.000123,0.841973,0.000123,0.157536
AGAGGTATCTCGGTCC-1,0.000299,0.186534,0.127045,0.444906,0.072723,0.168493
AGAGTAAACTTCACTA-1,0.000053,0.211789,0.000053,0.641736,0.000053,0.146315
AGAGTATAGTGTTACG-1,0.000382,0.000382,0.000382,0.997708,0.000382,0.000764
AGAGTTGCAGGCCTCC-1,0.000079,0.000079,0.116288,0.883317,0.000079,0.000158
AGATAACTTCAGGGCC-1,0.000136,0.051755,0.001589,0.625269,0.320047,0.001203
AGATACCAATAGAACC-1,0.000882,0.000882,0.120261,0.759296,0.000883,0.117795
AGATACCAGCACTTCA-1,0.000045,0.756969,0.136409,0.10644,0.000045,0.00009
AGATACCGGTGTTCAC-1,0.000064,0.088462,0.030331,0.354778,0.429322,0.097043
AGATACGACTTCATAT-1,0.000046,0.294556,0.000046,0.309526,0.000046,0.39578
AGATACTCAAGATCGA-1,0.00005,0.108248,0.019237,0.480484,0.00005,0.391931
AGATATAATACGACTA-1,0.000039,0.224003,0.158204,0.46313,0.114254,0.040371
AGATCGTGCATAAGAT-1,0.000052,0.053327,0.006138,0.675007,0.136687,0.128788
AGATGACTCGCCCACG-1,0.00006,0.465588,0.00006,0.224474,0.229207,0.08061
AGATGATGGAGTCTGG-1,0.000446,0.057834,0.000447,0.939934,0.000447,0.000893
AGATGCAAGACGTGCA-1,0.000861,0.303903,0.102943,0.319473,0.000862,0.271958
AGATGCATCCTGTGTC-1,0.000848,0.000849,0.000849,0.377708,0.618049,0.001698
AGATGCTATAACGAGC-1,0.001019,0.00102,0.129785,0.865115,0.00102,0.00204
AGATTATAGGACGTTT-1,0.000056,0.268456,0.000056,0.463269,0.119652,0.148511
AGATTCACAACCGATA-1,0.000092,0.015725,0.834669,0.149237,0.000092,0.000184
AGCAAAGGCCGCTAGT-1,0.000064,0.160082,0.070238,0.729281,0.013662,0.026673
AGCAACATATCTTATT-1,0.000114,0.215764,0.000114,0.628651,0.067039,0.088318
AGCAACCGAAAGTAAT-1,0.000046,0.83874,0.001365,0.15971,0.000046,0.000093
AGCACTACCGGCCTGT-1,0.000128,0.000128,0.12401,0.875349,0.000128,0.000256
AGCACTACCTCACCAG-1,0.00005,0.00005,0.000646,0.506577,0.00005,0.492628
AGCACTTAAGGACGCC-1,0.000074,0.130057,0.019194,0.722887,0.094425,0.033363
AGCAGAAGGAGAAAGA-1,0.000048,0.012446,0.037002,0.863001,0.045483,0.042021
AGCAGCCAGATGAATA-1,0.000142,0.077399,0.000142,0.802811,0.119221,0.000284
AGCATATCAATATGCT-1,0.000017,0.000017,0.000017,0.632384,0.000017,0.367549
AGCATCATTTCGAAAG-1,0.000556,0.21856,0.01825,0.43575,0.052345,0.274539
AGCATCGTCGATAATT-1,0.000071,0.302831,0.000071,0.439184,0.000071,0.257772
AGCATTACGAGGCAAG-1,0.000294,0.000294,0.048851,0.791277,0.067241,0.092043
AGCCAAGCTTTGTGTC-1,0.000093,0.000093,0.000093,0.999443,0.000093,0.000186
AGCCACAGGTTACCCG-1,0.000611,0.000611,0.000611,0.996335,0.000611,0.001222
AGCCACTCCCGTGCTT-1,0.000188,0.3531,0.000188,0.645959,0.000188,0.000376
AGCCCATACATGTAAG-1,0.000123,0.09579,0.000124,0.704813,0.158551,0.040599
AGCCCGCAACAAGCAG-1,0.000176,0.029033,0.000176,0.867327,0.000176,0.103113
AGCCCTGTCGCACCGT-1,0.000308,0.000308,0.000308,0.710044,0.288416,0.000616
AGCCCTTGGACATCCC-1,0.002315,0.002317,0.315185,0.673235,0.002316,0.004632
AGCCGCAAATTCAAAT-1,0.000811,0.000812,0.153958,0.841985,0.000812,0.001623
AGCCGCTTGATTAGCG-1,0.000505,0.000505,0.078586,0.001516,0.714822,0.204065
AGCCGTGGCTAAATGT-1,0.000074,0.000074,0.013312,0.248894,0.454064,0.283582
AGCCTAATACCCACGT-1,0.000427,0.000428,0.285614,0.712248,0.000428,0.000855
AGCCTTAAAGCGGAAG-1,0.000179,0.000179,0.000179,0.375371,0.297811,0.326282
AGCGACAGGAACGGTC-1,0.000054,0.203705,0.000054,0.416087,0.043386,0.336714
AGCGACATCCCATTCA-1,0.000095,0.389726,0.000095,0.332403,0.034211,0.243471
AGCGACCAACGATATT-1,0.000048,0.586375,0.06449,0.277078,0.0167,0.055308
AGCGATGCGCCTAATA-1,0.000942,0.000942,0.000942,0.994347,0.000942,0.001885
AGCGCGGGTGCCAATG-1,0.000126,0.081503,0.000126,0.917865,0.000126,0.000253
AGCGCTAGAGCGATGT-1,0.000047,0.605203,0.000047,0.342887,0.01931,0.032508
AGCGGACACTTCGTAG-1,0.000164,0.000164,0.000164,0.931606,0.067575,0.000328
AGCGGCGGTTAGCGGT-1,0.000224,0.005009,0.274576,0.719518,0.000224,0.000448
AGCGGGAAGGGTCCAT-1,0.000049,0.06039,0.000049,0.31994,0.00027,0.619302
AGCGGGTCTGACACTC-1,0.000231,0.088508,0.000231,0.786609,0.080747,0.043674
AGCGGTTGCCGCTCTG-1,0.000044,0.306103,0.045494,0.632639,0.012117,0.003603
AGCGTACGAGAGCTAG-1,0.000346,0.156515,0.000346,0.580838,0.000346,0.261608
AGCGTAGCGCTAGACC-1,0.00027,0.305116,0.000271,0.676685,0.000271,0.017388
AGCGTCTGAACCCGCA-1,0.000135,0.081389,0.000135,0.7078,0.004592,0.205948
AGCGTGGTATTCTACT-1,0.000064,0.081151,0.000064,0.385689,0.239954,0.293078
AGCTAACAAGCAATGT-1,0.000185,0.542636,0.017304,0.274587,0.079386,0.085901
AGCTAAGTACGCAGGC-1,0.000237,0.052451,0.000237,0.946364,0.000237,0.000474
AGCTAGAAGCAGAAGT-1,0.000063,0.197774,0.000064,0.667343,0.021877,0.112879
AGCTCCATATATGTTC-1,0.001195,0.001196,0.001196,0.385278,0.349223,0.261913
AGCTCCTTCGCACATC-1,0.000063,0.141176,0.013024,0.327027,0.000063,0.518648
AGCTCGTTGATGGAAA-1,0.000098,0.000098,0.26296,0.670749,0.000098,0.065997
AGCTCTAGACGTTCCA-1,0.000091,0.297874,0.000091,0.691501,0.006188,0.004257
AGCTCTTCCCAGTGCA-1,0.000026,0.142649,0.00101,0.069756,0.14661,0.639949
AGCTCTTCGTAACCTT-1,0.00025,0.048274,0.00025,0.927643,0.023082,0.000501
AGCTCTTTACTCAGTT-1,0.000049,0.181861,0.001528,0.243725,0.130778,0.442059
AGCTGAAGTAAACCAA-1,0.000033,0.148548,0.000033,0.006969,0.529121,0.315297
AGCTGTAACCTCAATC-1,0.00008,0.368364,0.00008,0.598458,0.00008,0.032937
AGCTTATAGAGACCTG-1,0.00018,0.00018,0.020921,0.649126,0.00018,0.329412
AGCTTCAATACTTTGA-1,0.000918,0.000919,0.444684,0.148936,0.248931,0.155611
AGCTTGATCTTAACTT-1,0.00017,0.00017,0.00017,0.715046,0.231854,0.052589
AGGAAAGCCTCTGATG-1,0.001122,0.001123,0.001123,0.993262,0.001123,0.002246
AGGAACGAACGACTTC-1,0.000494,0.000494,0.093346,0.904184,0.000494,0.000988
AGGAAGCTGTCCGCCG-1,0.000065,0.032254,0.000065,0.535009,0.219943,0.212664
AGGACAGTCGAATCCC-1,0.000045,0.068111,0.012842,0.39103,0.359087,0.168886
AGGACATCGCACGTCG-1,0.000041,0.036526,0.000041,0.347314,0.000041,0.616037
AGGACGACCCATTAGA-1,0.000052,0.259668,0.000052,0.139951,0.425793,0.174483
