Barcode,Topic 1,Topic 2to3,Topic 4,Topic 5,Topic 6,Topic 7to8
AAACAACGAATAGTTC-1,0.000057,0.08003,0.191631,0.000057,0.000057,0.728167
AAACAAGTATCTCCCA-1,0.000038,0.126043,0.086486,0.148585,0.010509,0.628339
AAACAATCTACTAGCA-1,0.000136,0.339201,0.234873,0.000136,0.000136,0.425519
AAACACCAATAACTGC-1,0.000051,0.512995,0.107568,0.271063,0.000051,0.108271
AAACAGAGCGACTCCT-1,0.000065,0.00013,0.441427,0.238407,0.000065,0.319906
AAACAGCTTTCAGAAG-1,0.000288,0.174787,0.400779,0.019185,0.000289,0.404673
AAACAGGGTCTATATT-1,0.057488,0.007826,0.216953,0.334231,0.003913,0.379588
AAACAGTGTTCCTGGG-1,0.000035,0.478061,0.016718,0.04886,0.16217,0.294155
AAACATTTCCCGGATT-1,0.001722,0.048353,0.056743,0.160326,0.000059,0.732798
AAACCGGGTAGGTACC-1,0.00003,0.239999,0.109808,0.422648,0.031276,0.196239
AAACCGTTCGTCCAGG-1,0.000031,0.423039,0.08941,0.080231,0.069388,0.337901
AAACCTAAGCAGCCGG-1,0.000056,0.138127,0.235963,0.036602,0.000056,0.589197
AAACCTCATGAAGTTG-1,0.001528,0.003054,0.081377,0.51584,0.143462,0.254739
AAACGAAGAACATACC-1,0.000129,0.25255,0.255354,0.49158,0.000129,0.000258
AAACGAGACGGTTGAT-1,0.000279,0.071049,0.314484,0.134893,0.078995,0.4003
AAACGCCCGAGATCGG-1,0.000067,0.347921,0.189119,0.000067,0.000067,0.462759
AAACGGGCGTACGGGT-1,0.000059,0.296238,0.091388,0.140484,0.086719,0.385112
AAACGGGTTGGTATCC-1,0.000732,0.001465,0.994874,0.000732,0.000732,0.001465
AAACTAACGTGGCGAC-1,0.00016,0.081756,0.458125,0.00016,0.074998,0.384801
AAACTCGGTTCGCAAT-1,0.000444,0.144822,0.17984,0.304602,0.000444,0.369849
AAACTGCTGGCTCCAA-1,0.000241,0.000482,0.350499,0.131256,0.000241,0.517282
AAACTTGCAAACGTAT-1,0.000256,0.068165,0.122637,0.598392,0.000256,0.210295
AAAGACATGAAGTTTA-1,0.000072,0.195089,0.293902,0.002605,0.051802,0.456531
AAAGACTGGGCGCTTT-1,0.633264,0.000277,0.279307,0.086737,0.000138,0.000277
AAAGGCCCTATAATAC-1,0.000319,0.411842,0.157985,0.371623,0.057593,0.000639
AAAGGGATGTAGCAAG-1,0.037164,0.000199,0.840617,0.12172,0.0001,0.000199
AAAGGGCAGCTTGAAT-1,0.003803,0.007588,0.973431,0.003795,0.003794,0.007589
AAAGGTAAGCTGTACC-1,0.000032,0.580782,0.175796,0.002623,0.01559,0.225178
AAAGTAGCATTGCTCA-1,0.000017,0.801512,0.003009,0.164865,0.003318,0.02728
AAAGTCGACCCTCAGT-1,0.003476,0.006959,0.975652,0.003479,0.003477,0.006957
AAAGTGTGATTTATCT-1,0.000075,0.071485,0.299964,0.174198,0.078442,0.375836
AAAGTTGACTCCCGTA-1,0.000046,0.000092,0.139243,0.063096,0.077606,0.719918
AAATAACCATACGGGA-1,0.00007,0.22838,0.124726,0.285336,0.074566,0.286922
AAATACCTATAAGCAT-1,0.000095,0.247978,0.239153,0.206157,0.059388,0.247228
AAATAGCTTAGACTTT-1,0.000034,0.000068,0.036838,0.003709,0.351851,0.607499
AAATAGGGTGCTATTG-1,0.000053,0.408182,0.250526,0.140246,0.000053,0.20094
AAATCCGATACACGCC-1,0.000053,0.261319,0.141064,0.053343,0.057835,0.486386
AAATCTAGCCCTGCTA-1,0.00005,0.0001,0.093566,0.00005,0.069555,0.836678
AAATGCTCGTTACGTT-1,0.019486,0.000381,0.020147,0.569336,0.037758,0.352893
AAATGGCATGTCTTGT-1,0.000086,0.429366,0.380607,0.083519,0.000086,0.106335
AAATGGCCCGTGCCCT-1,0.000172,0.499888,0.000172,0.418043,0.000172,0.081552
AAATTACACGACTCTG-1,0.000076,0.215487,0.263303,0.233611,0.000076,0.287446
AAATTACCTATCGATG-1,0.000054,0.120653,0.278077,0.218344,0.018883,0.363989
AAATTGATAGTCCTTT-1,0.007149,0.075716,0.038461,0.537183,0.001201,0.340291
AAATTGCGGCGGTTCT-1,0.000103,0.408581,0.423627,0.019871,0.000103,0.147715
AAATTTACCGAAATCC-1,0.000065,0.110229,0.383143,0.077131,0.000065,0.429367
AAATTTGCGGGTGTGG-1,0.003368,0.164353,0.065511,0.593719,0.000034,0.173015
AACAACTGGTAGTTGC-1,0.000051,0.197595,0.222165,0.042762,0.005797,0.531629
AACAATACATTGTCGA-1,0.000019,0.591152,0.029759,0.10483,0.096805,0.177436
AACAATTACTCTACGC-1,0.073842,0.000417,0.606451,0.265369,0.053503,0.000417
AACACACGCTCGCCGC-1,0.000048,0.182355,0.129114,0.035969,0.029801,0.622713
AACACGACTGTACTGA-1,0.000052,0.000105,0.824538,0.175149,0.000052,0.000105
AACACGAGACGCGGCC-1,0.002121,0.361103,0.002123,0.628286,0.002122,0.004245
AACACGCGGCCGCGAA-1,0.000073,0.007114,0.363269,0.272773,0.060262,0.296509
AACAGCTGTGTGGCAA-1,0.005906,0.735035,0.018373,0.173783,0.008876,0.058027
AACAGGAAATCGAATA-1,0.00016,0.000321,0.97058,0.000208,0.00016,0.02857
AACAGGATGGGCCGCG-1,0.000443,0.000885,0.537498,0.459848,0.000442,0.000885
AACATAGCGTGTATCG-1,0.000185,0.120312,0.292846,0.004599,0.000185,0.581874
AACATATCAACTGGTG-1,0.000071,0.000142,0.416718,0.000071,0.000071,0.582926
AACATTGAAGTTGATC-1,0.004639,0.009279,0.004639,0.967526,0.004639,0.009278
AACATTGGTCAGCCGT-1,0.000282,0.000564,0.990853,0.007455,0.000282,0.000564
AACCAAGACTTCTCTG-1,0.001473,0.002947,0.496135,0.495026,0.001473,0.002947
AACCAGTATCACTCTT-1,0.000055,0.302868,0.303915,0.167014,0.000055,0.226092
AACCATGGGATCGCTA-1,0.000035,0.476065,0.014955,0.479579,0.000035,0.02933
AACCCAGAGACGGAGA-1,0.000073,0.000145,0.543806,0.182411,0.000073,0.273492
AACCCATCCCATGATC-1,0.034433,0.22266,0.597031,0.003175,0.031551,0.111149
AACCCGACAACCCGTG-1,0.000042,0.235569,0.168553,0.101571,0.099979,0.394287
AACCCTACTGTCAATA-1,0.000057,0.068845,0.405101,0.047097,0.000059,0.478841
AACCCTGGTGGAACCA-1,0.00008,0.215698,0.548004,0.217442,0.004076,0.0147
AACCGAGCTTGGTCAT-1,0.000103,0.09947,0.641923,0.069289,0.000103,0.189112
AACCGCTAAGGGATGC-1,0.000071,0.096795,0.172336,0.333705,0.001148,0.395945
AACCGTTGTGTTTGCT-1,0.000089,0.000177,0.920179,0.079289,0.000089,0.000177
AACCTAAAGCCGTCCG-1,0.003363,0.071541,0.41075,0.000061,0.002331,0.511954
AACCTCGCTTTAGCCC-1,0.000144,0.135741,0.501922,0.000144,0.000144,0.361903
AACCTTTAAATACGGT-1,0.000308,0.310952,0.243744,0.262492,0.000308,0.182197
AACCTTTACGACGTCT-1,0.01381,0.000184,0.353424,0.029479,0.000092,0.603011
AACGATAATGCCGTAG-1,0.000013,0.963951,0.022237,0.001508,0.000495,0.011795
AACGATATGTCAACTG-1,0.000405,0.000811,0.896143,0.101426,0.000405,0.000811
AACGCATGATCTGGGT-1,0.000073,0.013903,0.424882,0.000073,0.001253,0.559815
AACGCGAACGGCAACA-1,0.00018,0.000359,0.980823,0.00018,0.00018,0.018279
AACGCGGTCTCCAGCC-1,0.000066,0.000132,0.782292,0.217312,0.000066,0.000132
AACGCTGTTGCTGAAA-1,0.005886,0.382276,0.157003,0.079818,0.000049,0.374968
AACGGACGTACGTATA-1,0.000041,0.427819,0.060724,0.224792,0.066015,0.22061
AACGGCCATCTCCGGT-1,0.000023,0.42303,0.06243,0.217722,0.045191,0.251604
AACGTACTGTGGGTAC-1,0.001824,0.004509,0.231492,0.10241,0.036048,0.623716
AACGTAGTCTACCCAT-1,0.000104,0.392924,0.309253,0.000104,0.000104,0.297511
AACGTCAGACTAGTGG-1,0.000104,0.243125,0.115289,0.265369,0.02699,0.349123
AACGTGATGAAGGACA-1,0.000101,0.000203,0.542362,0.185731,0.000101,0.271501
AACGTGCGAAAGTCTC-1,0.000914,0.056185,0.400608,0.322356,0.000914,0.219023
AACGTTATCAGCACCT-1,0.002158,0.375934,0.613272,0.002159,0.002159,0.004318
AACTAGGCTTGGGTGT-1,0.003383,0.337923,0.003385,0.64516,0.003383,0.006767
AACTCAAGTTAATTGC-1,0.000046,0.077977,0.120859,0.238729,0.017231,0.545158
AACTCCAGAGCGTGTT-1,0.000042,0.348369,0.134123,0.126894,0.009898,0.380675
AACTCCTAATCCCATG-1,0.000051,0.061244,0.107227,0.541054,0.012057,0.278367
AACTCGATAAACACGT-1,0.001764,0.003527,0.987655,0.001764,0.001763,0.003527
AACTCGATGGCGCAGT-1,0.000085,0.23547,0.057354,0.60038,0.006134,0.100576
AACTCTCAATAGAGCG-1,0.000082,0.01971,0.383911,0.099409,0.000082,0.496806
AACTCTCAGTGTGCTC-1,0.000053,0.000107,0.14953,0.225613,0.020494,0.604202
AACTGATATTAGGCCT-1,0.000138,0.000277,0.834941,0.164229,0.000138,0.000277
AACTGGGTCCCGACGT-1,0.000083,0.000165,0.960297,0.039207,0.000083,0.000165
AACTGGGTTCGAGCCG-1,0.000094,0.057285,0.235887,0.1884,0.00675,0.511583
AACTTCTGCGTCTATC-1,0.001331,0.002664,0.001332,0.001332,0.001332,0.992009
AACTTGCCCGTATGCA-1,0.000787,0.001575,0.299708,0.695568,0.000787,0.001575
AACTTGCGTTCTCGCG-1,0.000511,0.001022,0.886769,0.000511,0.000511,0.110675
AACTTTACGGGAGCTT-1,0.001625,0.205261,0.331917,0.456319,0.001626,0.003252
AAGAAGGATCAGTTAG-1,0.000559,0.001118,0.944531,0.052116,0.000559,0.001118
AAGACTAACCCGTTGT-1,0.003212,0.252692,0.731251,0.003211,0.003211,0.006422
AAGACTCACGCCCACT-1,0.000028,0.678863,0.022756,0.149585,0.063525,0.085244
AAGACTGCAAGCTACT-1,0.000376,0.001643,0.529303,0.327217,0.110312,0.031149
AAGAGATGAATCGGTA-1,0.001438,0.002879,0.037993,0.953371,0.001439,0.002879
AAGAGCTCTTTATCGG-1,0.000666,0.001332,0.840662,0.000666,0.155342,0.001332
AAGAGGATGTACGCGA-1,0.000076,0.000151,0.453526,0.422813,0.000076,0.123358
AAGAGGCATGGATCGC-1,0.000105,0.165347,0.322182,0.152813,0.000105,0.359447
AAGATGGCACCGGACC-1,0.000027,0.410165,0.02084,0.192207,0.032251,0.344509
AAGATTGGCGGAACGT-1,0.000421,0.36881,0.083094,0.014824,0.000422,0.532428
AAGCACCCTGCGTATC-1,0.004037,0.379074,0.004039,0.26353,0.00404,0.34528
AAGCATACTCTCCTGA-1,0.000109,0.605437,0.131287,0.18989,0.000109,0.073168
AAGCCACTTGCAGGTA-1,0.000272,0.000544,0.466789,0.000272,0.000272,0.53185
AAGCCGAAGCGGTTTA-1,0.002926,0.000114,0.066199,0.000057,0.019737,0.910966
AAGCCGCCGTGAAATC-1,0.00014,0.777585,0.000141,0.221712,0.000141,0.000281
AAGCGCAGGGCTTTGA-1,0.000073,0.663425,0.088844,0.091025,0.058215,0.098418
AAGCGGCGTCATGGGT-1,0.002526,0.28712,0.096554,0.089632,0.022926,0.501241
AAGCGTCCCTCATCGA-1,0.000033,0.467655,0.057854,0.279483,0.008454,0.186521
AAGCTAGATCGAGTAA-1,0.003146,0.166273,0.099039,0.472532,0.147077,0.111933
AAGCTCGTGCCAAGTC-1,0.000955,0.311869,0.238514,0.000956,0.000956,0.44675
AAGCTCTTTCATGGTG-1,0.000049,0.248083,0.169136,0.114349,0.020096,0.448286
AAGGAGCGGTTGGTGC-1,0.000046,0.509222,0.126574,0.116835,0.10255,0.144774
AAGGATGAGGGACCTC-1,0.012133,0.217439,0.225352,0.16952,0.000245,0.375311
AAGGCGCGTAAAGCTT-1,0.000083,0.000673,0.527363,0.075858,0.10209,0.293933
AAGGCTGTGCTCATCG-1,0.000037,0.439662,0.109709,0.124461,0.105926,0.220204
AAGGGAACGACTGGCT-1,0.000234,0.19765,0.521132,0.217114,0.000235,0.063635
AAGGGACAGATTCTGT-1,0.00503,0.197132,0.144293,0.120834,0.056581,0.476129
AAGGGACTATGCATTC-1,0.000007,0.957457,0.000074,0.042443,0.000007,0.000013
AAGGTATCCTAATATA-1,0.013953,0.000798,0.412615,0.176753,0.000399,0.395483
AAGGTGATAAACCAGC-1,0.000035,0.558715,0.072832,0.169273,0.005419,0.193726
AAGTAAGCTTCCAAAC-1,0.000037,0.394983,0.167186,0.002054,0.02558,0.41016
AAGTAGAAGACCGGGT-1,0.000086,0.0463,0.377157,0.060231,0.030062,0.486164
AAGTAGTGACGCGAGG-1,0.000048,0.30518,0.101072,0.370409,0.023152,0.200139
AAGTCAATTGTCGTCA-1,0.000039,0.098767,0.055423,0.081382,0.154414,0.609975
AAGTGACGACCGAATT-1,0.000035,0.282695,0.046331,0.409191,0.052769,0.208978
AAGTGAGTCGGGTTTA-1,0.000088,0.032014,0.241522,0.000088,0.000088,0.726199
AAGTGCAAAGGTAGAC-1,0.009628,0.019253,0.009633,0.009631,0.009632,0.942223
AAGTGCCTTGACTGTA-1,0.000047,0.009985,0.130402,0.037938,0.015624,0.806004
AAGTGCGTTAGAATCT-1,0.000026,0.317301,0.054779,0.485301,0.002817,0.139776
AAGTGCTTCTCTATTG-1,0.000042,0.170614,0.000981,0.06987,0.133985,0.624509
AAGTGTTTGGAGACGG-1,0.000248,0.95346,0.000012,0.000012,0.045865,0.000405
AAGTTCACTCCAAGCT-1,0.00005,0.204486,0.110163,0.216896,0.021587,0.446818
AAGTTCAGTCTGCGTA-1,0.000041,0.504829,0.102967,0.000041,0.010962,0.381161
AAGTTCGGCCAACAGG-1,0.000041,0.088685,0.171133,0.452158,0.002961,0.285022
AAGTTGTGATGTTATA-1,0.000135,0.00027,0.297773,0.000135,0.641062,0.060626
AAGTTTATGGGCCCAA-1,0.001149,0.002298,0.104376,0.619606,0.001149,0.271423
AATAACAACGCTCGGC-1,0.000147,0.000294,0.539188,0.45993,0.000147,0.000294
AATAACACTAGAACAA-1,0.000026,0.043052,0.100806,0.117616,0.17709,0.561409
AATAAGTCCTCGAGAC-1,0.000118,0.062129,0.818509,0.000118,0.000118,0.119009
AATACAATGTTTCAGG-1,0.001605,0.003211,0.165341,0.825026,0.001606,0.003211
AATACCGGAGGGCTGT-1,0.000043,0.182104,0.27968,0.101335,0.01546,0.421378
AATACCTGATGTGAAC-1,0.001425,0.028554,0.122619,0.031661,0.166539,0.649202
AATAGAACAGAGTGGC-1,0.000048,0.000096,0.082652,0.088536,0.078176,0.750492
AATAGAATCTGTTTCA-1,0.000044,0.40108,0.132953,0.364105,0.04331,0.058508
AATAGCTACCGCGTGC-1,0.000187,0.023923,0.375058,0.000187,0.025606,0.575038
AATAGGCACGACCCTT-1,0.000029,0.731504,0.000029,0.000029,0.136652,0.131757
AATAGTCGCGAGTCGG-1,0.010431,0.02086,0.551287,0.386131,0.01043,0.020862
AATATCAAGGTCGGAT-1,0.000068,0.000135,0.475859,0.004378,0.000068,0.519493
AATATCGAGGGTTCTC-1,0.000065,0.215547,0.271103,0.001803,0.037295,0.474187
AATATTGGAGTATTGA-1,0.003915,0.007826,0.003914,0.655149,0.003912,0.325284
AATCAGACTGCAGGAC-1,0.000132,0.041642,0.388324,0.000133,0.000133,0.569636
AATCAGGTTTCATTTA-1,0.000044,0.456705,0.048514,0.295194,0.057905,0.141639
AATCATGTAAAGACTC-1,0.000036,0.315412,0.095023,0.102308,0.043821,0.4434
AATCCAAGGGCCTGAG-1,0.000211,0.087932,0.366739,0.000211,0.000211,0.544696
AATCCATGCAAGGGTG-1,0.001407,0.002814,0.364512,0.468431,0.001407,0.16143
AATCGAGGTCTCAAGG-1,0.000065,0.40038,0.127952,0.028293,0.016676,0.426633
AATCGCCTCAGCGCCA-1,0.000022,0.76753,0.026953,0.059233,0.024966,0.121295
AATCGTGAGCCGAGCA-1,0.000177,0.16302,0.29039,0.000177,0.000177,0.54606
AATCTAGGTTTACTTG-1,0.000399,0.51351,0.170987,0.313907,0.000399,0.000798
AATCTCTACTGTGGTT-1,0.008938,0.017885,0.008955,0.937404,0.008937,0.017881
AATCTGCGTTGGGACG-1,0.000046,0.435603,0.070082,0.206211,0.000046,0.288011
AATCTGGCTTTCTAGT-1,0.004172,0.008351,0.004176,0.60432,0.370631,0.008351
AATCTGGGTAGACCCT-1,0.000059,0.150778,0.338711,0.081429,0.02044,0.408583
AATGACAGCAATGTCT-1,0.000035,0.0795,0.11562,0.804249,0.000035,0.000561
AATGACGTAGGATGTC-1,0.000046,0.327258,0.201168,0.226636,0.004121,0.240772
AATGACTGTCAGCCGG-1,0.000053,0.069234,0.378375,0.020774,0.462719,0.068846
AATGAGTTCGCATATG-1,0.000296,0.000591,0.844569,0.153659,0.000295,0.000591
AATGATGATACGCTAT-1,0.000085,0.007082,0.420035,0.026215,0.00868,0.537903
AATGATGCGACTCCTG-1,0.000066,0.000131,0.302396,0.000066,0.000066,0.697276
AATGCACCAAGCAATG-1,0.000073,0.078259,0.667487,0.006435,0.000073,0.247674
AATGGTCCACCGTTCA-1,0.151664,0.056253,0.521814,0.016077,0.000265,0.253927
AATGGTTCTCACAAGC-1,0.000093,0.000186,0.708746,0.172449,0.000093,0.118432
AATGTGCCCGAGGTGT-1,0.0229,0.393982,0.046888,0.369364,0.001568,0.165298
AATGTGCTAATCTGAG-1,0.000017,0.593252,0.00936,0.231247,0.072145,0.093979
AATGTTAAGACCCTGA-1,0.000149,0.07145,0.303633,0.000149,0.000149,0.624469
AATTAAAGGTCGGCGT-1,0.001395,0.018636,0.109795,0.087906,0.556374,0.225893
AATTAACGGATTTCCA-1,0.001317,0.47843,0.342137,0.158608,0.001318,0.018189
AATTACTCGTACGCTC-1,0.201768,0.000577,0.074604,0.000289,0.000289,0.722473
AATTAGCGCTGCAGCG-1,0.000901,0.139212,0.724377,0.132807,0.000901,0.001802
AATTATACCCAGCAAG-1,0.000048,0.333352,0.000048,0.000048,0.028095,0.638409
AATTCATAAGGGATCT-1,0.00007,0.00014,0.233156,0.235139,0.087814,0.443681
AATTCCAACTTGGTGA-1,0.001043,0.002087,0.992696,0.001044,0.001043,0.002087
AATTCGATTCGAGGAT-1,0.000148,0.679116,0.112062,0.122951,0.000148,0.085575
AATTCTAGAGTTAGGC-1,0.000517,0.001035,0.808452,0.188444,0.000517,0.001035
AATTGAACGCTCTGGT-1,0.000015,0.960165,0.000015,0.000015,0.01886,0.020931
AATTGCAGCAATCGAC-1,0.000074,0.000147,0.090687,0.0262,0.15152,0.731372
AATTTGGGACATAGTA-1,0.000042,0.583483,0.12585,0.120759,0.040298,0.129569
AATTTGGTTCCAAAGA-1,0.000058,0.00229,0.103839,0.893638,0.000058,0.000117
ACAAACCATGCGTCCT-1,0.002319,0.004638,0.556826,0.275785,0.002319,0.158112
ACAAACCGACAAGGCG-1,0.042488,0.16666,0.349509,0.400092,0.000053,0.041198
ACAAACTCCATCAGAG-1,0.000036,0.478277,0.032511,0.004957,0.055989,0.428229
ACAAAGCATGACCTAG-1,0.003823,0.115638,0.228441,0.009436,0.017853,0.624809
ACAAATCGCACCGAAT-1,0.000986,0.731063,0.029938,0.199714,0.00088,0.037419
ACAAATGGTAGTGTTT-1,0.000015,0.845639,0.043134,0.030095,0.025706,0.055411
ACAAATTCAGATCTGA-1,0.000035,0.427486,0.089431,0.080113,0.011591,0.391344
ACAACAGCATGAGCTA-1,0.001669,0.24755,0.568026,0.00167,0.00167,0.179416
ACAACGGTCCCTGCGA-1,0.000113,0.000227,0.711144,0.267988,0.000113,0.020415
ACAAGCAGTGCCTAGC-1,0.061685,0.001298,0.552877,0.382194,0.000649,0.001298
ACAAGGAAATCCGCCC-1,0.000017,0.808507,0.031459,0.108079,0.008906,0.043032
ACAAGGACAAGAGGTT-1,0.012115,0.005009,0.267248,0.276072,0.000094,0.439462
ACAAGGATGCTTTAGG-1,0.000052,0.332982,0.145205,0.167341,0.006178,0.348243
ACAAGGCCTACCAGCC-1,0.000084,0.000168,0.426855,0.000084,0.000084,0.572726
ACAAGGGCAGGCTCTG-1,0.001483,0.365697,0.23842,0.307742,0.000108,0.086549
ACAAGTAATTGTAAGG-1,0.00404,0.008081,0.004039,0.426018,0.549734,0.008089
ACAATAGTCGTACGTT-1,0.007362,0.014721,0.19031,0.765522,0.007358,0.014726
ACAATCCATTTAAACC-1,0.000067,0.360564,0.12371,0.32452,0.01978,0.171359
ACAATGAATACGGAGA-1,0.000034,0.267502,0.119494,0.454106,0.000034,0.158831
ACAATTGTGTCTCTTT-1,0.000048,0.218447,0.035045,0.063573,0.005322,0.677565
ACAATTTAGGAGGCTC-1,0.005214,0.010435,0.005218,0.551811,0.005218,0.422103
ACAATTTGAGCAGTGG-1,0.000212,0.000424,0.432085,0.133945,0.000212,0.433123
ACACACCAGGACCAGT-1,0.000056,0.119223,0.288044,0.244277,0.000056,0.348343
ACACACTTTCTACACG-1,0.000081,0.065758,0.726973,0.206943,0.000081,0.000163
ACACATGATCAAATCT-1,0.002844,0.258448,0.002846,0.727324,0.002846,0.005692
ACACATTGACGCAACA-1,0.00184,0.003683,0.001842,0.987111,0.001841,0.003683
ACACATTTCCGTAGAC-1,0.00658,0.090189,0.220961,0.582279,0.000296,0.099695
ACACCCGAGAAATCCG-1,0.002826,0.089693,0.396252,0.163656,0.000064,0.347508
ACACCGAGCGCTCTTT-1,0.000941,0.026575,0.268387,0.224963,0.000942,0.478192
ACACCGGTCTGACCGC-1,0.001089,0.138003,0.330575,0.527067,0.001089,0.002178
ACACCTTAAGTAGGGC-1,0.000059,0.365887,0.200072,0.019062,0.009726,0.405195
ACACGAGACTCCTTCT-1,0.000519,0.11989,0.557259,0.287824,0.00052,0.033988
ACACGGCACTATGCAT-1,0.000076,0.116366,0.665774,0.167078,0.000076,0.050631
ACACGGGAACTTAGGG-1,0.004172,0.008346,0.836074,0.004174,0.138886,0.008348
ACACTCCAATGTCACT-1,0.002454,0.004912,0.028018,0.663153,0.002455,0.299008
ACACTGATCAAGGTGT-1,0.000039,0.022805,0.01862,0.116555,0.321442,0.520539
ACAGAACTGAGAACAA-1,0.000022,0.487161,0.007368,0.402995,0.045262,0.057192
ACAGCGACATTCTCAT-1,0.000074,0.068261,0.269566,0.011605,0.016192,0.634303
ACAGCGCACCCGCAGC-1,0.002197,0.004394,0.002197,0.450809,0.002197,0.538206
ACAGGCACGGATCCTT-1,0.000074,0.161103,0.016306,0.001942,0.000074,0.820501
ACAGGCTTGCCCGACT-1,0.000022,0.755678,0.011375,0.125024,0.001371,0.10653
ACAGGTGGAGGTGAGG-1,0.000031,0.197442,0.087872,0.192281,0.103212,0.419162
ACAGTAATACAACTTG-1,0.001346,0.321577,0.543451,0.129587,0.001347,0.002693
ACATAATAAGGCGGTG-1,0.00787,0.000093,0.507249,0.484649,0.000046,0.000093
ACATACAATCAAGCGG-1,0.000063,0.22379,0.000476,0.000063,0.194762,0.580846
ACATCAGCTGGGACGC-1,0.002019,0.411474,0.00202,0.578427,0.002019,0.00404
ACATCCTGGTAACTGT-1,0.000063,0.000127,0.204354,0.023682,0.009263,0.762511
ACATCGATCGTTTACC-1,0.00007,0.127927,0.674965,0.196828,0.00007,0.00014
ACATCGCAATATTCGG-1,0.000127,0.077141,0.000127,0.000127,0.000127,0.922352
ACATCGGTCAGCCGCG-1,0.000046,0.222881,0.250095,0.306383,0.002476,0.21812
ACATCGTATGCAATGG-1,0.00003,0.578218,0.091787,0.161691,0.012392,0.155882
ACATCGTTAACCTAGT-1,0.000252,0.000505,0.77961,0.000252,0.000252,0.219127
ACATCTCAACGCGTAA-1,0.000086,0.000172,0.237706,0.761779,0.000086,0.000172
ACATGCTTACGGCAGC-1,0.000539,0.266407,0.625027,0.00054,0.00054,0.106947
ACATGGCGCCAAAGTA-1,0.000021,0.442716,0.003706,0.047449,0.065127,0.44098
ACATGGCTCAATTTAG-1,0.000143,0.339099,0.250018,0.41031,0.000143,0.000287
ACATTAGTTTATATCC-1,0.001625,0.003251,0.382656,0.60759,0.001626,0.003252
ACATTCGCGCGGAATA-1,0.000526,0.001052,0.423615,0.000526,0.000526,0.573754
ACATTTGAAACCTAAC-1,0.000083,0.188193,0.032291,0.000083,0.010858,0.768492
ACCAAACTAGAAATCC-1,0.000037,0.109969,0.429297,0.460587,0.000037,0.000074
ACCAACACCACACACT-1,0.00011,0.022856,0.254346,0.00011,0.00011,0.722467
ACCAACCGCACTCCAC-1,0.000066,0.057801,0.087416,0.000066,0.089948,0.764703
ACCAACGCTTATTTAT-1,0.000046,0.000092,0.175786,0.001535,0.594727,0.227813
ACCAATATGCAAGTTA-1,0.000025,0.729095,0.069399,0.017341,0.009118,0.175023
ACCACAACTCAGAACA-1,0.003477,0.006956,0.602396,0.376733,0.003479,0.006958
ACCACACGGTTGATGG-1,0.00014,0.125435,0.433406,0.00014,0.00014,0.440739
ACCACCAATGTAACAA-1,0.000036,0.000073,0.00228,0.000036,0.257846,0.739728
ACCACGTGCAGCTATA-1,0.000028,0.546514,0.104168,0.162474,0.000604,0.186212
ACCACTGTTCAAGAAG-1,0.002122,0.004247,0.641181,0.002123,0.002123,0.348205
ACCAGCCCGGTCTTTG-1,0.000193,0.000385,0.872804,0.000193,0.000193,0.126233
ACCAGTGCCCGGTCAA-1,0.000061,0.061529,0.493445,0.008628,0.000144,0.436195
ACCAGTGCGGGAGACG-1,0.000043,0.466623,0.100209,0.267542,0.078081,0.087502
ACCATCCGCCAACTAG-1,0.001089,0.384965,0.001089,0.381412,0.001089,0.230355
ACCATCGTATATGGTA-1,0.000068,0.114012,0.185617,0.305664,0.006445,0.388194
ACCATTAAGGGTGTCA-1,0.023169,0.125354,0.848582,0.000724,0.000724,0.001448
ACCCAACGCCCGTGGC-1,0.000075,0.063296,0.31904,0.145159,0.000075,0.472355
ACCCACCTACATGCTC-1,0.00291,0.005824,0.790017,0.192514,0.002911,0.005823
ACCCATCTTGAGGGTA-1,0.000047,0.502795,0.167013,0.077585,0.001969,0.250592
ACCCATTTGTCCCTCT-1,0.000055,0.242453,0.152229,0.005197,0.039487,0.560579
ACCCGAGCGAAATTAC-1,0.000016,0.675957,0.026025,0.17729,0.024167,0.096544
ACCCGATTGGTTCCGA-1,0.000024,0.676108,0.017281,0.081333,0.037327,0.187926
ACCCGGAAACTCCCAG-1,0.002721,0.144747,0.56749,0.002723,0.002722,0.279598
ACCCGGATGACGCATC-1,0.00007,0.126012,0.178991,0.024911,0.0139,0.656116
ACCCGGTTACACTTCC-1,0.00005,0.004704,0.03997,0.011524,0.18971,0.754042
ACCCTATAGGACTGAG-1,0.001692,0.003385,0.549442,0.310181,0.131916,0.003385
ACCCTATGCCATATCG-1,0.000065,0.062646,0.201425,0.201942,0.082737,0.451185
ACCCTCCCGTCAGGGC-1,0.000089,0.219893,0.042166,0.000823,0.032681,0.704348
ACCCTCCCTTGCTATT-1,0.005661,0.529169,0.12303,0.161019,0.000302,0.180818
ACCCTTCATCTGCGAA-1,0.000057,0.000114,0.629778,0.36988,0.000057,0.000114
ACCCTTTAGTTCTCCA-1,0.000279,0.679263,0.000279,0.209499,0.035263,0.075418
ACCGACACATCTCCCA-1,0.003211,0.006425,0.585262,0.395467,0.003212,0.006423
ACCGACTGAGTCCCAC-1,0.027313,0.000513,0.804203,0.000257,0.000257,0.167457
ACCGAGTCTCCTTATT-1,0.000652,0.001305,0.322352,0.000652,0.000652,0.674387
ACCGATGGTAGCATCG-1,0.000089,0.069163,0.407147,0.255271,0.004466,0.263863
ACCGCAATAACTGCCT-1,0.000033,0.537555,0.145407,0.204461,0.007992,0.104553
ACCGCGGTGGAAGTCG-1,0.000026,0.003673,0.00417,0.013811,0.188359,0.78996
ACCGCTAGTCATTGGT-1,0.000064,0.174037,0.168154,0.240763,0.064874,0.352108
ACCGGGCCTTTGTTGA-1,0.000052,0.226194,0.152034,0.106624,0.01586,0.499237
ACCGGTCAGGTACACC-1,0.022741,0.404623,0.003996,0.418281,0.149678,0.000681
ACCGGTCTGAGTACGG-1,0.000063,0.141446,0.309699,0.025103,0.039875,0.483814
ACCGTGACCACGTGGG-1,0.000039,0.12857,0.202894,0.20763,0.027029,0.433836
ACCGTTCCCGCTCTGA-1,0.000105,0.000211,0.999262,0.000105,0.000105,0.000211
ACCTAAGTACCTTTCA-1,0.000035,0.207678,0.027337,0.678411,0.042615,0.043924
ACCTAATCGACTTCCT-1,0.000058,0.245628,0.132671,0.384871,0.002938,0.233833
ACCTCCGCCCTCGCTG-1,0.000083,0.000166,0.146547,0.000083,0.162018,0.691104
ACCTCGAACTTATGCT-1,0.00037,0.284784,0.501509,0.150733,0.00037,0.062234
ACCTGCGTGTCATGTT-1,0.000282,0.470581,0.016043,0.266622,0.000282,0.246191
ACCTTTCCTTTAGAAG-1,0.000037,0.555189,0.171264,0.181163,0.010987,0.08136
ACGAAATGGGCGGCAC-1,0.000763,0.001527,0.266,0.554625,0.175557,0.001527
ACGACTCTAGGGCCGA-1,0.000048,0.317856,0.012514,0.035789,0.108482,0.525311
ACGACTGGTCATACTC-1,0.000025,0.425651,0.045339,0.204906,0.018349,0.305731
ACGAGAACCCATCACG-1,0.000104,0.000209,0.715914,0.12363,0.000104,0.160039
ACGAGATATTTGCTTA-1,0.001108,0.002217,0.191748,0.294843,0.001108,0.508977
ACGAGGATACCACTCT-1,0.000174,0.047567,0.348689,0.242061,0.116562,0.244947
ACGAGGTTTACAACGT-1,0.011291,0.000945,0.38591,0.468855,0.132054,0.000945
ACGAGTACGGATGCCC-1,0.006404,0.099929,0.10205,0.033827,0.003634,0.754156
ACGAGTCGCCGGCGTT-1,0.002362,0.004724,0.614967,0.002362,0.370859,0.004725
ACGATACATAGAACTA-1,0.002663,0.005328,0.768967,0.002664,0.002664,0.217714
ACGATCATACATAGAG-1,0.000082,0.000164,0.737889,0.26162,0.000082,0.000164
ACGATCATCTTGTAAA-1,0.000031,0.061582,0.018155,0.023517,0.112215,0.784501
ACGATGCATATGTTAT-1,0.000043,0.36489,0.180851,0.082637,0.015736,0.355842
ACGATGGATCCGATGC-1,0.000051,0.712105,0.097505,0.190186,0.000051,0.000102
ACGCAATCACTACAGC-1,0.00503,0.126364,0.441114,0.000259,0.000259,0.426974
ACGCATACGTTTACTA-1,0.000059,0.105357,0.074965,0.075828,0.056175,0.687616
ACGCATTCGTGAGTAC-1,0.00003,0.794403,0.075429,0.049375,0.040442,0.040322
ACGCCACTCGAAACAG-1,0.000349,0.000698,0.350399,0.543336,0.104521,0.000698
ACGCCAGATGATTTCT-1,0.001181,0.002362,0.808747,0.184168,0.001181,0.002362
ACGCCAGTGCGTTTGC-1,0.000069,0.000139,0.000069,0.000069,0.139858,0.859795
ACGCCCAGCTGTCGAT-1,0.000038,0.38817,0.169441,0.373738,0.000038,0.068576
ACGCCGCTAGACGACC-1,0.000226,0.405373,0.411199,0.068327,0.000226,0.114649
ACGCGAAGTCAGACGA-1,0.010379,0.336572,0.232163,0.000491,0.048451,0.371944
ACGCGCTACACAGGGT-1,0.000035,0.197252,0.038749,0.46209,0.044061,0.257814
ACGCGGGCCAAGGACA-1,0.000039,0.000078,0.404035,0.409613,0.186159,0.000078
ACGCGTTTCTTAAGAG-1,0.000433,0.247646,0.599038,0.085081,0.000433,0.067369
ACGCTAGTGATACACT-1,0.001925,0.003532,0.234874,0.00007,0.00007,0.759528
ACGCTGTGAGGCGTAG-1,0.003129,0.006258,0.978092,0.003132,0.003129,0.00626
ACGCTTAGTGTCTCTC-1,0.001422,0.002845,0.990042,0.001423,0.001422,0.002845
ACGGAACACGAGTGCC-1,0.000064,0.028726,0.000064,0.000064,0.210418,0.760665
ACGGAATTTAGCAAAT-1,0.002574,0.000158,0.336064,0.660966,0.000079,0.000158
ACGGACTCTCAAAGCG-1,0.000227,0.330177,0.115201,0.46285,0.000227,0.091318
ACGGAGCGCAAATTAC-1,0.000076,0.048636,0.262769,0.000076,0.026867,0.661576
ACGGATGGTGCGGATA-1,0.000091,0.398995,0.280782,0.067213,0.000091,0.252828
ACGGCACTTGCTTGGG-1,0.000719,0.001439,0.460736,0.433537,0.00072,0.102848
ACGGCGACGATGGGAA-1,0.000029,0.508985,0.165632,0.114662,0.007645,0.203046
ACGGCGGGTTGCCCTG-1,0.000045,0.426605,0.229918,0.132902,0.028102,0.182427
ACGGGAGTGTCGGCCC-1,0.000033,0.411972,0.035047,0.43959,0.003057,0.110301
ACGGGTCATGTGACTT-1,0.003211,0.315373,0.66857,0.003211,0.003211,0.006423
ACGGTACAGTTCAATG-1,0.000076,0.385353,0.126212,0.080668,0.000076,0.407615
ACGTACAGATTTCTCT-1,0.000097,0.000194,0.973329,0.026089,0.000097,0.000194
ACGTACTTTGGCACGG-1,0.000048,0.469029,0.004009,0.31018,0.004377,0.212358
ACGTAGATTGCTGATG-1,0.003292,0.006588,0.486146,0.003295,0.003296,0.497383
ACGTAGGAGAGTCGCT-1,0.000688,0.001376,0.316826,0.679046,0.000688,0.001376
ACGTATTACTCCGATC-1,0.000055,0.13686,0.106679,0.12598,0.032907,0.597518
ACGTGCGCCTCGTGCA-1,0.001287,0.175128,0.109922,0.332645,0.000054,0.380964
ACGTGGTCGAATGTGC-1,0.000099,0.070786,0.482524,0.000099,0.000099,0.446394
ACGTTAATGTCGAAGA-1,0.005155,0.530389,0.073887,0.299595,0.000252,0.090723
ACGTTAGATTTGCCCG-1,0.00005,0.353073,0.220058,0.168215,0.00564,0.252964
ACGTTATTGGTCACTC-1,0.003576,0.007155,0.675821,0.302717,0.003577,0.007155
ACGTTCACTATGCCGC-1,0.000047,0.485289,0.009858,0.012778,0.047105,0.444924
ACGTTCGTTCAGGAAA-1,0.000053,0.024224,0.142066,0.136492,0.002332,0.694833
ACGTTCTGTACAAGTC-1,0.007012,0.267815,0.017666,0.031701,0.026846,0.64896
ACGTTGTCGTTGAAAG-1,0.000085,0.20944,0.010406,0.326732,0.000085,0.453252
ACGTTTAGTTGTGATC-1,0.000127,0.579394,0.271788,0.14831,0.000127,0.000254
ACTAATACGTCAGGCG-1,0.000041,0.451429,0.073706,0.167476,0.013189,0.29416
ACTACAAAGAGAGGTG-1,0.000159,0.072761,0.279456,0.000159,0.643177,0.004287
ACTACATCCCGACAAG-1,0.079763,0.006419,0.17566,0.728524,0.003212,0.006422
ACTACCAGCTCTCTGG-1,0.000089,0.032644,0.316639,0.007752,0.025981,0.616895
ACTACCATCCGAGGGC-1,0.000324,0.000649,0.227739,0.000324,0.000324,0.770639
ACTAGTTGCGATCGTC-1,0.000054,0.085547,0.092662,0.025098,0.100683,0.695957
ACTATATGCTGTGTTC-1,0.000074,0.114315,0.302182,0.000074,0.000074,0.583282
ACTATGTCCAGCTGCC-1,0.000215,0.335369,0.174393,0.489379,0.000215,0.00043
ACTATTCGTCCGTGGT-1,0.000184,0.000368,0.955307,0.04359,0.000184,0.000368
ACTATTTCCGGGCCCA-1,0.00004,0.365144,0.048205,0.133623,0.083646,0.369342
ACTCAACGAATGTATT-1,0.000076,0.007649,0.444312,0.079769,0.000076,0.468118
ACTCAAGTGCAAGGCT-1,0.00027,0.867329,0.004385,0.019552,0.051906,0.056559
ACTCAATAAAGGCACG-1,0.000141,0.000282,0.999014,0.000141,0.000141,0.000282
ACTCAGACCTGCTTCT-1,0.000076,0.000152,0.412046,0.036337,0.000076,0.551312
ACTCATGGCAGCCTTC-1,0.001869,0.003738,0.001869,0.582143,0.001869,0.408513
ACTCCAATATCATCAT-1,0.000022,0.48707,0.021925,0.174887,0.053,0.263096
ACTCCCATTCCTAAAG-1,0.00031,0.203428,0.174417,0.46772,0.00031,0.153815
ACTCCCGAATTCGTTT-1,0.000019,0.540883,0.000019,0.000019,0.078507,0.380552
ACTCCCTAATGCTAAA-1,0.003233,0.599334,0.208371,0.0906,0.000208,0.098253
ACTCCCTAGAATAGTA-1,0.000107,0.472707,0.067482,0.367543,0.068054,0.024107
ACTCCGGCCGACCACT-1,0.000059,0.110507,0.053619,0.000284,0.111256,0.724274
ACTCGATGTATTTCAT-1,0.001896,0.003795,0.40415,0.584467,0.001897,0.003794
ACTCGTAACCCGTCCT-1,0.000134,0.630452,0.15523,0.21378,0.000135,0.000269
ACTCGTCAGTAATCCC-1,0.000544,0.148463,0.848815,0.000544,0.000544,0.001089
ACTCTCTGACTTAGGT-1,0.000197,0.351496,0.308017,0.293692,0.000197,0.046401
ACTCTCTTATACACGA-1,0.000096,0.212065,0.497805,0.10341,0.000096,0.186529
ACTCTGACCTAATAGA-1,0.000075,0.165458,0.095588,0.000648,0.000075,0.738157
ACTCTTGTATAGTAAC-1,0.000941,0.303661,0.224352,0.468222,0.000942,0.001883
ACTGAAACGCCGTTAG-1,0.004966,0.736269,0.022993,0.025033,0.018184,0.192556
ACTGAATGGCGAAAGT-1,0.018063,0.930992,0.015702,0.00251,0.000508,0.032224
ACTGATTTAGTGATTC-1,0.002782,0.005564,0.002783,0.286752,0.416516,0.285602
ACTGCCCGCCATTCTC-1,0.000039,0.254698,0.070594,0.387458,0.044836,0.242375
ACTGCCGTCGTAACTC-1,0.000579,0.214995,0.00058,0.782106,0.00058,0.001159
ACTGTACGATACACAT-1,0.001869,0.003737,0.652069,0.001869,0.001869,0.338587
ACTGTAGCACTTTGGA-1,0.004777,0.158517,0.391065,0.27571,0.000097,0.169834
ACTGTATACGCGAGCA-1,0.000057,0.331827,0.329939,0.045528,0.031565,0.261084
ACTGTCTTCTTTAGAA-1,0.000136,0.000271,0.775673,0.223514,0.000136,0.000271
ACTGTGCTAGTAGATC-1,0.000057,0.000115,0.321363,0.473284,0.000057,0.205124
ACTTACCGGGCGCGCA-1,0.001961,0.006044,0.408634,0.085287,0.000059,0.498015
ACTTACGCATCCACGC-1,0.000031,0.681763,0.009542,0.19529,0.002968,0.110406
ACTTAGTACGACAAGA-1,0.000037,0.102023,0.116172,0.477537,0.000037,0.304195
ACTTATACTTACCCGG-1,0.000067,0.092574,0.207366,0.138472,0.01837,0.543152
ACTTATCTGATCTATA-1,0.002136,0.87329,0.001503,0.007329,0.066637,0.049105
ACTTATTTATGTGCCA-1,0.000057,0.044964,0.045376,0.419321,0.130602,0.35968
ACTTCAGGCTGATCCC-1,0.000011,0.929355,0.000011,0.003022,0.019247,0.048353
ACTTCCATGCGGGACA-1,0.000016,0.906813,0.002265,0.01524,0.003618,0.072048
ACTTCGCCATACGCAC-1,0.000669,0.813082,0.00067,0.183571,0.00067,0.001339
ACTTGACTCCCTCTTT-1,0.000379,0.185007,0.193063,0.524272,0.00038,0.0969
ACTTGGGACCCGGTGG-1,0.000069,0.000139,0.17343,0.053479,0.207851,0.565033
ACTTGGGCTTTCGCCA-1,0.00006,0.694202,0.00006,0.00006,0.152216,0.153404
ACTTGTAGTCCCTTCA-1,0.000741,0.246059,0.000741,0.366755,0.000741,0.384963
ACTTGTGGATGGAACG-1,0.000118,0.000237,0.296816,0.000118,0.01165,0.69106
ACTTTACCCTCATGAA-1,0.000053,0.184562,0.054956,0.000356,0.036272,0.723802
ACTTTCCTATAGCTTC-1,0.000113,0.000226,0.673532,0.32579,0.000113,0.000226
ACTTTGACTGCATCCT-1,0.004315,0.008636,0.363966,0.004319,0.004317,0.614447
ACTTTGGTCGTGCTCC-1,0.000605,0.436857,0.528304,0.000605,0.000605,0.033025
AGAACGTGGTACATTC-1,0.000319,0.000639,0.745045,0.099183,0.154175,0.000639
AGAACTGTACTTTGTA-1,0.000059,0.269015,0.000059,0.000059,0.04115,0.689658
AGAAGAGCGCCGTTCC-1,0.093738,0.011294,0.115501,0.455964,0.069773,0.253729
AGAAGGTACACTTCAC-1,0.002665,0.005329,0.338974,0.378578,0.002664,0.27179
AGAAGGTTGCCGAATT-1,0.00003,0.435174,0.076605,0.092947,0.062307,0.332938
AGAAGGTTGTAGGTCG-1,0.001026,0.185776,0.639099,0.001026,0.001026,0.172046
AGAAGTGATTCGTGAT-1,0.000034,0.190079,0.017004,0.615016,0.009349,0.168518
AGAATAAATCTTCAGG-1,0.004316,0.008627,0.96979,0.004318,0.004316,0.008633
AGAATACAGGCTATCC-1,0.001649,0.154265,0.209565,0.000146,0.000146,0.634229
AGAATGCGGGTTCGGA-1,0.000055,0.273405,0.229396,0.023209,0.028909,0.445026
AGAATTATGGATTCGA-1,0.000059,0.170842,0.19966,0.031508,0.009788,0.588143
AGAATTGTTTGACATA-1,0.000103,0.000206,0.000103,0.999278,0.000103,0.000206
AGACAGCTCAGAATCC-1,0.003209,0.006418,0.97753,0.00321,0.00321,0.006423
AGACCATGGGATACAA-1,0.000978,0.000154,0.260886,0.618279,0.039241,0.080462
AGACCCACCGCTGATC-1,0.000184,0.000368,0.086807,0.377373,0.000184,0.535085
AGACCGGGAAACCCTG-1,0.000797,0.174709,0.63236,0.000798,0.000798,0.190539
AGACGAAGTGCCGGTC-1,0.00004,0.067696,0.127993,0.163682,0.083111,0.557478
AGACGACGATGCCGCT-1,0.000033,0.043916,0.194437,0.39958,0.063667,0.298367
AGACGGGATTGGTATA-1,0.000189,0.000378,0.774059,0.000189,0.000189,0.224997
AGACGGGCCGATTTAA-1,0.144565,0.000109,0.057509,0.016279,0.000055,0.781483
AGACTAGCCTTCCAGA-1,0.000058,0.051345,0.196135,0.040486,0.216275,0.495702
AGACTGTTACCGGGTC-1,0.000065,0.00013,0.213632,0.146899,0.008812,0.630462
AGAGAAACACCAGAAA-1,0.000019,0.444445,0.028091,0.205941,0.137718,0.183785
AGAGAACCGTCTAGGA-1,0.000214,0.173622,0.391562,0.000214,0.050793,0.383594
AGAGAAGGAGTACAAT-1,0.000026,0.633499,0.087114,0.049699,0.010614,0.219048
AGAGATCTCTAAAGCG-1,0.000151,0.250896,0.261757,0.240568,0.000246,0.246382
AGAGCAGTTATGAGAC-1,0.002052,0.235049,0.754688,0.002053,0.002053,0.004105
AGAGCGGGCTAATCAT-1,0.010788,0.043741,0.488564,0.45674,0.000056,0.000111
AGAGCGTACAAGCTCG-1,0.003142,0.02101,0.353788,0.452411,0.110045,0.059604
AGAGCTACGAAAGCAT-1,0.002784,0.005565,0.541457,0.441844,0.002783,0.005566
AGAGGCTTCGGAAACC-1,0.000051,0.03475,0.182649,0.082395,0.024283,0.675873
AGAGTAAACTTCACTA-1,0.001007,0.479176,0.020418,0.132977,0.035454,0.330968
AGAGTTAGAGACCGAT-1,0.000039,0.451899,0.088567,0.074259,0.015656,0.36958
AGATAACTTCAGGGCC-1,0.000056,0.051045,0.215383,0.122902,0.00959,0.601024
AGATACCGGTGTTCAC-1,0.000021,0.551532,0.046466,0.067628,0.129687,0.204666
AGATACGACTTCATAT-1,0.002248,0.056754,0.329302,0.256774,0.01095,0.343973
AGATACTCAAGATCGA-1,0.000019,0.760072,0.007398,0.146571,0.007074,0.078866
AGATATAATACGACTA-1,0.001692,0.165534,0.366813,0.001692,0.001692,0.462577
AGATCGTGCATAAGAT-1,0.012204,0.344346,0.302903,0.048521,0.000053,0.291973
AGATCTCAGGTGTGAT-1,0.004171,0.317952,0.661181,0.004175,0.004174,0.008347
AGATGAGGGTTGCGAT-1,0.000059,0.000119,0.313111,0.084409,0.008733,0.593569
AGATGATGGAGTCTGG-1,0.000052,0.000103,0.000052,0.000052,0.038095,0.961646
AGATGCAAGACGTGCA-1,0.000117,0.329414,0.092968,0.458086,0.000117,0.119298
AGATGCTATAACGAGC-1,0.004038,0.008074,0.971735,0.004039,0.004037,0.008077
AGATTCACAACCGATA-1,0.003174,0.130986,0.357074,0.207432,0.000271,0.301064
AGCAAAGGCCGCTAGT-1,0.003684,0.1517,0.003684,0.82988,0.003683,0.007369
AGCAACATATCTTATT-1,0.000062,0.00923,0.417817,0.173367,0.030229,0.369295
AGCAACCGAAAGTAAT-1,0.000031,0.26986,0.112883,0.452227,0.003518,0.161481
AGCACACGTTTAGACT-1,0.001331,0.13749,0.464349,0.001332,0.116836,0.278661
AGCACCAGTACTCACG-1,0.000124,0.000247,0.474049,0.525209,0.000124,0.000247
AGCACTACCGGCCTGT-1,0.000177,0.309572,0.236739,0.436466,0.016692,0.000353
AGCACTACCTCACCAG-1,0.000023,0.707339,0.026091,0.073225,0.020781,0.172541
AGCACTTAAGGACGCC-1,0.000058,0.119114,0.277235,0.283756,0.004832,0.315005
AGCAGAAGGAGAAAGA-1,0.002979,0.360762,0.624335,0.002982,0.00298,0.005962
AGCAGTCGAAGCATGC-1,0.000057,0.198063,0.045244,0.000057,0.216136,0.540443
AGCATATCAATATGCT-1,0.000058,0.196843,0.054749,0.256126,0.000058,0.492166
AGCATCATTTCGAAAG-1,0.000047,0.463008,0.024396,0.428406,0.009924,0.074219
AGCATTACGAGGCAAG-1,0.009781,0.000353,0.291956,0.000177,0.312772,0.384961
AGCCACAGGTTACCCG-1,0.00003,0.584443,0.005153,0.005552,0.085684,0.319138
AGCCACTCCCGTGCTT-1,0.023586,0.000307,0.615808,0.002308,0.030225,0.327767
AGCCATATAGTATGTG-1,0.027155,0.31013,0.273508,0.106941,0.000611,0.281654
AGCCCATACATGTAAG-1,0.000046,0.045752,0.226205,0.501604,0.000046,0.226347
AGCCCGGCATTAGAGG-1,0.000302,0.251111,0.445568,0.001564,0.000302,0.301152
AGCCCGGTAGCCTGTA-1,0.000075,0.000151,0.123225,0.052343,0.091022,0.733184
AGCCCTAAGCGAAGTT-1,0.000089,0.000178,0.85085,0.148615,0.000089,0.000178
AGCCCTCCCTGGTGGC-1,0.000028,0.539952,0.057692,0.266449,0.016021,0.119858
AGCCCTTCTAATCCGA-1,0.000055,0.00011,0.159544,0.008965,0.015285,0.816041
AGCCGTGGCTAAATGT-1,0.000471,0.709365,0.000471,0.288281,0.000471,0.000942
AGCCTAATACCCACGT-1,0.006952,0.078569,0.006958,0.886654,0.006955,0.013911
AGCCTTAAAGCGGAAG-1,0.001739,0.003479,0.62844,0.361123,0.00174,0.003479
AGCGACAGGAACGGTC-1,0.000021,0.53927,0.02488,0.117909,0.015443,0.302477
AGCGACTTTGAAGACA-1,0.000028,0.49867,0.000028,0.000028,0.364365,0.136882
AGCGAGACGTGAAGGC-1,0.002085,0.004175,0.068041,0.67014,0.002087,0.253472
AGCGATGCGCCTAATA-1,0.000789,0.003452,0.089055,0.000081,0.440481,0.466142
AGCGCGGGTGCCAATG-1,0.002804,0.401815,0.073278,0.219204,0.014274,0.288624
AGCGCTTATGGGCAAG-1,0.042916,0.357264,0.098145,0.133657,0.000042,0.367976
AGCGGACACTTCGTAG-1,0.002979,0.005964,0.209376,0.77274,0.002979,0.005961
AGCGGCGGTTAGCGGT-1,0.001318,0.002637,0.60983,0.001318,0.001318,0.38358
AGCGGGAAGGGTCCAT-1,0.016607,0.000172,0.266352,0.174435,0.012993,0.529441
AGCGGGTCTGACACTC-1,0.002196,0.576548,0.412468,0.002197,0.002198,0.004393
AGCGGTTGAGATGTAC-1,0.000246,0.160354,0.54197,0.000246,0.139856,0.157328
AGCGTACGAGAGCTAG-1,0.044867,0.000211,0.335751,0.000106,0.000106,0.618959
AGCGTAGCGCTAGACC-1,0.000226,0.000453,0.812212,0.000226,0.000226,0.186656
AGCGTCTGAACCCGCA-1,0.000057,0.281884,0.223443,0.080695,0.066923,0.346998
AGCGTGGTATTCTACT-1,0.00039,0.17198,0.287664,0.195905,0.00039,0.343671
AGCGTTCCGATTTAAA-1,0.000065,0.1448,0.272745,0.036682,0.011725,0.533983
AGCTAACAAGCAATGT-1,0.000021,0.373699,0.007318,0.333372,0.044243,0.241347
AGCTAAGCTCCGTCCG-1,0.000038,0.548031,0.021074,0.052769,0.111957,0.26613
AGCTAAGTACGCAGGC-1,0.001329,0.500753,0.102932,0.144281,0.000037,0.250668
AGCTAGAAGCAGAAGT-1,0.00311,0.193223,0.328573,0.062414,0.00525,0.40743
AGCTATTTAATCCAAC-1,0.001043,0.002088,0.128989,0.86475,0.001044,0.002087
AGCTCCTTCGCACATC-1,0.00004,0.524708,0.089478,0.170315,0.019965,0.195493
AGCTCTAGACGTTCCA-1,0.000128,0.283783,0.157746,0.150462,0.000128,0.407753
AGCTCTTCCCAGTGCA-1,0.000139,0.000278,0.36478,0.000568,0.046485,0.587751
AGCTCTTCGTAACCTT-1,0.000051,0.000101,0.025855,0.000051,0.262372,0.711571
AGCTCTTTACTCAGTT-1,0.000025,0.524718,0.043822,0.047091,0.112074,0.272271
AGCTGAAGTAAACCAA-1,0.116148,0.082091,0.426647,0.053081,0.00008,0.321953
AGCTGCATTTGAGGTG-1,0.000132,0.000264,0.545951,0.000132,0.034714,0.418806
AGCTGTAACCTCAATC-1,0.010687,0.289835,0.111908,0.505139,0.000037,0.082394
AGCTTCAATACTTTGA-1,0.000192,0.15263,0.724008,0.095973,0.000192,0.027005
AGCTTCTTCTCGAGCA-1,0.00011,0.020453,0.07705,0.00011,0.066986,0.83529
AGCTTGATCTTAACTT-1,0.001526,0.003054,0.001527,0.677383,0.001527,0.314983
AGGAAAGCCTCTGATG-1,0.000846,0.001691,0.119223,0.875703,0.000846,0.001692
AGGAAGCTGTCCGCCG-1,0.005959,0.011932,0.958247,0.005966,0.005968,0.011929
AGGACAGTCGAATCCC-1,0.000025,0.769522,0.02937,0.029652,0.000931,0.1705
AGGACATCGCACGTCG-1,0.000066,0.148092,0.275616,0.124461,0.003259,0.448506
AGGACGACCCATTAGA-1,0.000056,0.037291,0.105169,0.171121,0.033481,0.652883
AGGACGCTCGATGTTG-1,0.00011,0.000221,0.488011,0.005094,0.001063,0.505501
AGGACTTATAGGAGAA-1,0.000549,0.181958,0.665849,0.008853,0.000549,0.142242
AGGAGGCCTTCGCGCG-1,0.000036,0.41207,0.017411,0.086416,0.052058,0.432009
AGGATAAAGTCGGGAT-1,0.000271,0.364715,0.339355,0.054853,0.000271,0.240536
AGGATATAGGGATTTA-1,0.000066,0.086322,0.115862,0.236189,0.089254,0.472307
AGGATATCCGACTGCA-1,0.000032,0.678639,0.000032,0.000032,0.053691,0.267576
AGGATCACGCGATCTG-1,0.000688,0.001376,0.389647,0.466032,0.000688,0.14157
AGGCAAAGAGGAATCA-1,0.000044,0.533833,0.096473,0.019512,0.016858,0.333279
AGGCAGATGCGTAAAC-1,0.000166,0.000333,0.286203,0.12844,0.000169,0.584689
AGGCAGGGAGCGTACT-1,0.000077,0.009667,0.318675,0.011828,0.001725,0.658028
AGGCATTGTCGTAGGG-1,0.000052,0.244948,0.159202,0.037158,0.031706,0.526933
AGGCCACCCGTTATGA-1,0.000116,0.282679,0.23113,0.14143,0.000116,0.344529
AGGCCCAGTGACTGGT-1,0.001043,0.002087,0.846027,0.147713,0.001043,0.002087
AGGCCCTAGAACGCCA-1,0.000472,0.743113,0.030179,0.19926,0.005109,0.021866
