Barcode,Topic 1,Topic 2,Topic 3,Topic 4,Topic 5to6
AAACAAGTATCTCCCA-1,0.324229,0.282073,0.172282,0.000342,0.221075
AAACACCAATAACTGC-1,0.065478,0.579786,0.351955,0.000926,0.001855
AAACAGAGCGACTCCT-1,0.167727,0.365722,0.00228,0.002278,0.461992
AAACAGGGTCTATATT-1,0.167386,0.115841,0.000375,0.000375,0.716023
AAACATGGTGAGAGGA-1,0.586575,0.240677,0.171382,0.000455,0.000911
AAACATTTCCCGGATT-1,0.116812,0.88258,0.000152,0.000152,0.000304
AAACCGTTCGTCCAGG-1,0.27443,0.148531,0.251718,0.075073,0.250248
AAACCTAAGCAGCCGG-1,0.24624,0.744282,0.00237,0.002366,0.004742
AAACCTCATGAAGTTG-1,0.428509,0.001249,0.269284,0.032278,0.268679
AAACGAAGATGGAGTA-1,0.31846,0.51347,0.002635,0.160165,0.00527
AAACGAGACGGTTGAT-1,0.410308,0.150752,0.313175,0.000084,0.125681
AAACGCTGGGCACGAC-1,0.001109,0.80997,0.185593,0.001108,0.002221
AAACGGGCGTACGGGT-1,0.006253,0.968826,0.006225,0.006231,0.012466
AAACGGTTGCGAACTG-1,0.002806,0.985998,0.002803,0.002799,0.005595
AAACGTGTTCGCCCTA-1,0.158222,0.583183,0.053453,0.163211,0.041931
AAACTCGGTTCGCAAT-1,0.534071,0.455067,0.002716,0.002717,0.005429
AAACTCGTGATATAAG-1,0.482144,0.283108,0.055071,0.032117,0.14756
AAACTTAATTGCACGC-1,0.300749,0.692952,0.001574,0.001574,0.003152
AAAGAATGACCTTAGA-1,0.003661,0.981697,0.003659,0.003659,0.007323
AAAGAATGTGGACTAA-1,0.196101,0.801668,0.000558,0.000557,0.001116
AAAGACCCAAGTCGCG-1,0.079068,0.478878,0.13872,0.101667,0.201668
AAAGACTGGGCGCTTT-1,0.330542,0.000456,0.000456,0.276388,0.392159
AAAGCTTGCCTACATA-1,0.000188,0.455257,0.357327,0.186853,0.000375
AAAGGCCCTATAATAC-1,0.96334,0.007339,0.007337,0.007333,0.014652
AAAGGCTACGGACCAT-1,0.771648,0.216525,0.002958,0.002956,0.005913
AAAGGCTCTCGCGCCG-1,0.266372,0.06391,0.182765,0.00388,0.483073
AAAGGGATGTAGCAAG-1,0.341991,0.059209,0.000102,0.000102,0.598596
AAAGGGCAGCTTGAAT-1,0.274091,0.714089,0.002957,0.002951,0.005913
AAAGGTAAGCTGTACC-1,0.137473,0.2546,0.26777,0.253294,0.086863
AAAGTAGCATTGCTCA-1,0.001794,0.749569,0.009087,0.001794,0.237757
AAAGTCACTGATGTAA-1,0.000458,0.577298,0.279998,0.14133,0.000916
AAAGTGCCATCAATTA-1,0.000941,0.746139,0.000942,0.140386,0.111592
AAATAACCATACGGGA-1,0.004324,0.777793,0.204911,0.00433,0.008641
AAATACCTATAAGCAT-1,0.349191,0.250899,0.212179,0.000138,0.187592
AAATAGGGTGCTATTG-1,0.361669,0.016142,0.009395,0.040335,0.572458
AAATCCGATACACGCC-1,0.607877,0.000561,0.000562,0.349357,0.041643
AAATCGCGGAAGGAGT-1,0.002247,0.98878,0.002242,0.002245,0.004486
AAATCTAGCCCTGCTA-1,0.384303,0.000129,0.009389,0.259348,0.346832
AAATGATTCGATCAGC-1,0.444034,0.454927,0.047257,0.027281,0.026502
AAATGCTCGTTACGTT-1,0.005097,0.97456,0.005089,0.005082,0.010173
AAATGGCATGTCTTGT-1,0.000485,0.420668,0.57739,0.000486,0.000971
AAATGGCCCGTGCCCT-1,0.000773,0.080537,0.142569,0.226331,0.54979
AAATGGTCAATGTGCC-1,0.478955,0.164287,0.112319,0.000148,0.244292
AAATGTATCTTATCCC-1,0.000137,0.733536,0.265917,0.000137,0.000274
AAATTAACGGGTAGCT-1,0.360256,0.353202,0.002221,0.002219,0.282102
AAATTAATAAGCGCGA-1,0.776538,0.000305,0.16833,0.000305,0.054522
AAATTACACGACTCTG-1,0.432873,0.335391,0.22331,0.002811,0.005614
AAATTACCTATCGATG-1,0.539886,0.172201,0.242077,0.000851,0.044984
AAATTGATAGTCCTTT-1,0.406784,0.575021,0.004552,0.004543,0.009099
AAATTGGTGAGAAGCA-1,0.245877,0.753456,0.000167,0.000167,0.000334
AAATTTGCGGGTGTGG-1,0.000946,0.21521,0.030292,0.751658,0.001894
AACAACTGGTAGTTGC-1,0.752677,0.236352,0.001774,0.001776,0.007421
AACAATACATTGTCGA-1,0.401744,0.455839,0.001212,0.001213,0.139991
AACAATTACTCTACGC-1,0.404113,0.099967,0.064583,0.430174,0.001162
AACACACGCTCGCCGC-1,0.038436,0.225049,0.710912,0.000615,0.024989
AACACGACTGTACTGA-1,0.00072,0.633532,0.10282,0.234995,0.027933
AACAGCTGTGTGGCAA-1,0.83824,0.155746,0.001506,0.001501,0.003007
AACAGGAAATCGAATA-1,0.1969,0.802448,0.000163,0.000163,0.000326
AACAGGATGGGCCGCG-1,0.400808,0.000389,0.328247,0.205847,0.064709
AACATATCAACTGGTG-1,0.433918,0.104897,0.348345,0.044615,0.068225
AACATCGATACGTCTA-1,0.556815,0.346838,0.078229,0.017833,0.000286
AACATTGAAGTTGATC-1,0.661989,0.317668,0.005104,0.005075,0.010164
AACATTGTGACTCGAG-1,0.25963,0.728928,0.002853,0.002853,0.005737
AACCAAGACTTCTCTG-1,0.435934,0.038798,0.482773,0.015797,0.026698
AACCATAGGGTTGAAC-1,0.002163,0.989194,0.002163,0.00216,0.00432
AACCATGGGATCGCTA-1,0.006765,0.966214,0.006735,0.006756,0.013531
AACCCAGAGACGGAGA-1,0.004109,0.979459,0.004105,0.004112,0.008215
AACCCATCCCATGATC-1,0.583452,0.291355,0.042792,0.00037,0.082032
AACCCGACAACCCGTG-1,0.329717,0.644353,0.00648,0.006477,0.012972
AACCCGAGCAGAATCG-1,0.00083,0.485836,0.000831,0.510843,0.00166
AACCGAGCTTGGTCAT-1,0.32515,0.283089,0.163872,0.055047,0.172842
AACCGTTGTGTTTGCT-1,0.001833,0.778198,0.214466,0.001834,0.003669
AACCTCGCTTTAGCCC-1,0.427105,0.550444,0.005617,0.005603,0.011232
AACCTTTAAATACGGT-1,0.125563,0.026244,0.019045,0.026983,0.802165
AACCTTTACGACGTCT-1,0.567504,0.144946,0.002376,0.280428,0.004746
AACGAAAGTCGTCCCA-1,0.290683,0.69396,0.003824,0.003824,0.007709
AACGACCTCCTAGCCG-1,0.406901,0.38848,0.08089,0.020795,0.102933
AACGATAATGCCGTAG-1,0.192196,0.249262,0.072497,0.000137,0.485908
AACGATAGAAGGGCCG-1,0.025744,0.835434,0.000265,0.101009,0.037548
AACGATATGTCAACTG-1,0.656541,0.000799,0.000799,0.000798,0.341063
AACGCATGATCTGGGT-1,0.001669,0.678583,0.314749,0.001665,0.003334
AACGCGACCTTGGGCG-1,0.145088,0.411186,0.077586,0.356293,0.009848
AACGCGGTCTCCAGCC-1,0.414883,0.152529,0.000408,0.000408,0.431772
AACGCTGTTGCTGAAA-1,0.421132,0.497028,0.079716,0.000708,0.001417
AACGGACGTACGTATA-1,0.567141,0.008111,0.165672,0.16462,0.094456
AACGGCCATCTCCGGT-1,0.000751,0.243535,0.524859,0.229353,0.001502
AACGTACTGTGGGTAC-1,0.905078,0.086694,0.002058,0.002058,0.004112
AACGTCAGACTAGTGG-1,0.612765,0.372886,0.003587,0.003579,0.007183
AACGTCGCTGCACTTC-1,0.00432,0.443746,0.004324,0.004319,0.54329
AACGTGATGAAGGACA-1,0.000553,0.490017,0.240675,0.26765,0.001105
AACGTTATCAGCACCT-1,0.437291,0.561729,0.000245,0.000245,0.00049
AACGTTCTACCATTGT-1,0.439568,0.347131,0.102882,0.000506,0.109913
AACTAGGCTTGGGTGT-1,0.375554,0.085254,0.161555,0.018922,0.358715
AACTCCAGAGCGTGTT-1,0.002555,0.500381,0.166106,0.325851,0.005107
AACTCCTAATCCCATG-1,0.001637,0.234587,0.307933,0.001638,0.454205
AACTCGATGGCGCAGT-1,0.262799,0.379165,0.286481,0.069752,0.001803
AACTCTCAATAGAGCG-1,0.000165,0.377134,0.386968,0.122949,0.112784
AACTCTCAGTGTGCTC-1,0.21517,0.218653,0.000272,0.235119,0.330786
AACTGATATTAGGCCT-1,0.000126,0.689732,0.129374,0.180515,0.000253
AACTGGGTCCCGACGT-1,0.427186,0.560308,0.011896,0.000203,0.000407
AACTTCTGCGTCTATC-1,0.437371,0.550973,0.000484,0.010204,0.000969
AACTTGCCCGTATGCA-1,0.001591,0.311378,0.682258,0.00159,0.003184
AACTTGCGTTCTCGCG-1,0.005287,0.973578,0.005272,0.005275,0.010588
AACTTTACGGGAGCTT-1,0.723094,0.156136,0.00027,0.119958,0.000541
AACTTTCTCGATCATG-1,0.000142,0.709277,0.082166,0.208132,0.000284
AAGAAATCACCAGATT-1,0.000203,0.800681,0.000204,0.198506,0.000407
AAGAAGGATCAGTTAG-1,0.004112,0.294054,0.140346,0.553256,0.00823
AAGACATACGTGGTTT-1,0.073512,0.017448,0.114031,0.51089,0.28412
AAGACCAAATAACTCA-1,0.987602,0.002483,0.002478,0.00248,0.004957
AAGACCCAACTGAACA-1,0.833227,0.001103,0.162366,0.001101,0.002202
AAGACTGCAAGCTACT-1,0.000176,0.242309,0.369821,0.09354,0.294153
AAGAGATGAATCGGTA-1,0.004956,0.706336,0.273877,0.00494,0.009891
AAGAGCTCTTTATCGG-1,0.152642,0.000059,0.517442,0.068415,0.261442
AAGAGGCATGGATCGC-1,0.032727,0.231005,0.49612,0.042581,0.197567
AAGAGGCCCTTTGGAA-1,0.000116,0.577691,0.366459,0.052189,0.003545
AAGATGGCACCGGACC-1,0.69563,0.000462,0.106989,0.195996,0.000923
AAGATTGGCGGAACGT-1,0.545266,0.290513,0.161507,0.000904,0.00181
AAGCACCCTGCGTATC-1,0.412284,0.566656,0.005263,0.005262,0.010535
AAGCATACTCTCCTGA-1,0.197201,0.075535,0.127542,0.000056,0.599666
AAGCCGCCGTGAAATC-1,0.704847,0.154408,0.078614,0.00052,0.06161
AAGCCGCTTTACCTTG-1,0.071114,0.690729,0.214536,0.022876,0.000746
AAGCCGGAGAGCAGGA-1,0.000781,0.631987,0.00078,0.364893,0.00156
AAGCGCAGGGCTTTGA-1,0.586817,0.400208,0.003241,0.003246,0.006488
AAGCGGAGTGCGCGCA-1,0.071456,0.630281,0.297494,0.000256,0.000512
AAGCGGCGTCATGGGT-1,0.237965,0.511535,0.247561,0.00098,0.00196
AAGCGTCCCTCATCGA-1,0.734072,0.257172,0.002187,0.002187,0.004382
AAGCTAGATCGAGTAA-1,0.172957,0.102157,0.472065,0.010362,0.24246
AAGCTCGTGCCAAGTC-1,0.04004,0.276986,0.332746,0.180372,0.169856
AAGCTCTTTCATGGTG-1,0.690955,0.303863,0.001297,0.001296,0.002589
AAGGAGCGGTTGGTGC-1,0.443174,0.079553,0.033992,0.000085,0.443196
AAGGATGAGGGACCTC-1,0.252595,0.17389,0.347645,0.000535,0.225335
AAGGCGCGTAAAGCTT-1,0.620411,0.372849,0.001684,0.001685,0.003371
AAGGCTGTGCTCATCG-1,0.205917,0.000055,0.443196,0.019061,0.331771
AAGGGAACGACTGGCT-1,0.001961,0.502843,0.489311,0.00196,0.003925
AAGGGACAGATTCTGT-1,0.314947,0.099791,0.518399,0.064893,0.001971
AAGGGACTATGCATTC-1,0.005625,0.695523,0.282002,0.00562,0.01123
AAGGGTTTGATTTCAG-1,0.453567,0.540011,0.001606,0.001606,0.00321
AAGGTATCCTAATATA-1,0.539094,0.317192,0.025423,0.040939,0.077353
AAGTAGAAGACCGGGT-1,0.434432,0.565014,0.000138,0.000138,0.000277
AAGTAGTGACGCGAGG-1,0.531763,0.249503,0.218167,0.000189,0.000378
AAGTCTAGTAGCTGCC-1,0.000157,0.669949,0.111932,0.217649,0.000313
AAGTGAGTCGGGTTTA-1,0.002279,0.78156,0.002276,0.002272,0.211613
AAGTGCAAAGGTAGAC-1,0.000079,0.528286,0.058586,0.412586,0.000463
AAGTGCGTTAGAATCT-1,0.003123,0.984412,0.003118,0.003118,0.006229
AAGTGCTTCTCTATTG-1,0.001832,0.754572,0.238098,0.001834,0.003665
AAGTGTTTGGAGACGG-1,0.813814,0.125421,0.018066,0.000137,0.042562
AAGTTCACTCCAAGCT-1,0.264777,0.319323,0.119744,0.001702,0.294454
AAGTTCAGTCTGCGTA-1,0.705322,0.215975,0.001833,0.001832,0.075038
AAGTTGTGATGTTATA-1,0.312953,0.685939,0.000175,0.000175,0.000758
AAGTTTATGGGCCCAA-1,0.002556,0.987248,0.002551,0.002546,0.005099
AATAACAACGCTCGGC-1,0.459208,0.111843,0.428863,0.000029,0.000057
AATAACACTAGAACAA-1,0.053624,0.061631,0.26093,0.394455,0.22936
AATACAATGTTTCAGG-1,0.258446,0.652326,0.001685,0.001684,0.085859
AATACCGGAGGGCTGT-1,0.00527,0.537224,0.005276,0.005267,0.446963
AATACCTGATGTGAAC-1,0.547003,0.140386,0.005786,0.229936,0.076888
AATAGAACAGAGTGGC-1,0.004667,0.000013,0.043151,0.042286,0.909883
AATAGAATCTGTTTCA-1,0.577424,0.011245,0.272048,0.067615,0.071668
AATAGCTACCGCGTGC-1,0.457668,0.54143,0.000226,0.000225,0.000451
AATAGTCCGTCCCGAC-1,0.000024,0.000024,0.004177,0.097983,0.897793
AATAGTCGCGAGTCGG-1,0.277759,0.58037,0.023012,0.011615,0.107245
AATATCCTAGCAAACT-1,0.399812,0.370321,0.188135,0.037834,0.003898
AATATCGAGGGTTCTC-1,0.1008,0.367231,0.18838,0.340894,0.002695
AATATTGGAGTATTGA-1,0.527969,0.034597,0.43008,0.000121,0.007233
AATCATGTAAAGACTC-1,0.626745,0.000175,0.250895,0.063511,0.058674
AATCCAAGGGCCTGAG-1,0.016975,0.980879,0.000536,0.000536,0.001073
AATCGGTATAGCCCTC-1,0.031151,0.968239,0.000153,0.000152,0.000305
AATCGTGAGCCGAGCA-1,0.007008,0.965094,0.006973,0.006966,0.013959
AATCTAGGTTTACTTG-1,0.727518,0.233906,0.000333,0.000333,0.03791
AATCTATGCCGGAGCC-1,0.719047,0.001163,0.276304,0.001162,0.002324
AATCTGCGTTGGGACG-1,0.001665,0.368969,0.254824,0.371208,0.003333
AATCTGGCTTTCTAGT-1,0.451807,0.036457,0.31085,0.134625,0.066261
AATGACAGCAATGTCT-1,0.005264,0.601077,0.005257,0.377879,0.010523
AATGACTGTCAGCCGG-1,0.789612,0.1783,0.031537,0.000121,0.000431
AATGAGTTCGCATATG-1,0.622911,0.356674,0.005099,0.005105,0.010211
AATGATGATACGCTAT-1,0.516524,0.144612,0.055199,0.194859,0.088806
AATGATGCGACTCCTG-1,0.115189,0.135257,0.559755,0.000493,0.189305
AATGCAACCGGGTACC-1,0.38113,0.157637,0.067737,0.023565,0.36993
AATGCACCAAGCAATG-1,0.463772,0.000691,0.000691,0.533464,0.001381
AATGGTCCACCGTTCA-1,0.408708,0.579672,0.002904,0.002905,0.005811
AATGGTTCTCACAAGC-1,0.003839,0.980811,0.003837,0.003834,0.007679
AATGTATGGCACTGTA-1,0.494864,0.117068,0.22283,0.002445,0.162792
AATGTGCCCGAGGTGT-1,0.007561,0.230983,0.216727,0.543904,0.000826
AATGTGCTAATCTGAG-1,0.461106,0.181343,0.01629,0.113261,0.228
AATGTTGTCGTGAGAC-1,0.15048,0.72125,0.126694,0.001347,0.000229
AATTAACGGATTTCCA-1,0.810441,0.108315,0.000399,0.000398,0.080447
AATTACGAGACCCATC-1,0.271234,0.715285,0.003375,0.003366,0.00674
AATTAGCGCTGCAGCG-1,0.31065,0.032776,0.049031,0.019817,0.587725
AATTCATAAGGGATCT-1,0.237963,0.476901,0.279584,0.001852,0.0037
AATTCATTGTCATGCA-1,0.636005,0.358849,0.001286,0.001286,0.002574
AATTCCAAGCATGTAC-1,0.343697,0.001428,0.134427,0.517593,0.002855
AATTCGATTCGAGGAT-1,0.004218,0.978865,0.004223,0.00423,0.008464
AATTCTAGAGTTAGGC-1,0.429171,0.108898,0.196385,0.073875,0.191671
AATTGCAGCAATCGAC-1,0.431888,0.567675,0.000109,0.000109,0.000219
AATTGCGTGGATTACA-1,0.800219,0.186031,0.003444,0.003436,0.00687
AATTGTGGTTGCCAAA-1,0.000751,0.73038,0.000753,0.266613,0.001503
AATTTGGGACATAGTA-1,0.726405,0.00219,0.002189,0.264841,0.004375
AATTTGGTTCCAAAGA-1,0.007648,0.678418,0.007668,0.290951,0.015314
ACAAACCATGCGTCCT-1,0.679861,0.31769,0.000613,0.000611,0.001225
ACAAAGAAGGTAGGCC-1,0.411357,0.468402,0.017045,0.085081,0.018115
ACAAAGCATGACCTAG-1,0.243361,0.424608,0.22946,0.086952,0.015619
ACAAATCGCACCGAAT-1,0.542939,0.276009,0.180461,0.000197,0.000394
ACAACAGCATGAGCTA-1,0.05914,0.031266,0.178888,0.309031,0.421674
ACAACGGTCCCTGCGA-1,0.354231,0.390729,0.001984,0.17995,0.073106
ACAAGCAGTGCCTAGC-1,0.636677,0.300937,0.060986,0.000467,0.000933
ACAAGGAAATCCGCCC-1,0.333988,0.000079,0.227947,0.233641,0.204346
ACAAGGACAAGAGGTT-1,0.369299,0.476995,0.110299,0.042377,0.001031
ACAAGGATGCTTTAGG-1,0.380988,0.275181,0.002131,0.113303,0.228397
ACAATCCATTTAAACC-1,0.500219,0.173685,0.325586,0.000041,0.000469
ACAATGAATACGGAGA-1,0.000627,0.606749,0.000627,0.390745,0.001253
ACAATTGTGTCTCTTT-1,0.631759,0.125659,0.209441,0.000262,0.032878
ACAATTTAGGAGGCTC-1,0.001004,0.737938,0.001004,0.001004,0.259051
ACAATTTGAGCAGTGG-1,0.105037,0.21068,0.328194,0.091045,0.265043
ACACAAAGACGGGTGG-1,0.029198,0.000043,0.000043,0.006726,0.963991
ACACAAATATTCCTAG-1,0.076599,0.714291,0.182447,0.000268,0.026395
ACACACTTTCTACACG-1,0.000243,0.95195,0.047076,0.000244,0.000487
ACACATGATCAAATCT-1,0.001095,0.571991,0.42363,0.001094,0.00219
ACACCCAGCATGCAGC-1,0.342793,0.067405,0.128909,0.004058,0.456836
ACACCCGAGAAATCCG-1,0.001561,0.420705,0.426057,0.001562,0.150115
ACACCGAGCGCTCTTT-1,0.312725,0.685648,0.000407,0.000407,0.000814
ACACCGGTCTGACCGC-1,0.984956,0.003017,0.003005,0.003007,0.006014
ACACCTTAAGTAGGGC-1,0.027945,0.51184,0.004008,0.004012,0.452195
ACACGAGACTCCTTCT-1,0.132888,0.269441,0.264707,0.000339,0.332625
ACACGGGAACTTAGGG-1,0.030123,0.00527,0.046416,0.024121,0.89407
ACACGTAGGCCACAAG-1,0.088417,0.6469,0.26396,0.000241,0.000482
ACACTCCAATGTCACT-1,0.055176,0.943333,0.000373,0.000373,0.000746
ACACTGATCAAGGTGT-1,0.111429,0.039098,0.277242,0.063701,0.50853
ACACTGGGACAGTCGT-1,0.002444,0.625671,0.002446,0.364549,0.00489
ACAGAACTGAGAACAA-1,0.557347,0.441509,0.000399,0.000248,0.000496
ACAGCATAGAGCCAGT-1,0.002031,0.686492,0.305373,0.002034,0.00407
ACAGCGACATTCTCAT-1,0.092559,0.709258,0.093438,0.000298,0.104447
ACAGCGCACCCGCAGC-1,0.592984,0.393547,0.003365,0.003363,0.00674
ACAGGCACGGATCCTT-1,0.289035,0.702204,0.002192,0.002189,0.004381
ACAGGCTTGCCCGACT-1,0.64496,0.112793,0.241852,0.000132,0.000263
ACAGGTGGAGGTGAGG-1,0.830412,0.001758,0.001758,0.001757,0.164315
ACAGTAATACAACTTG-1,0.4,0.307957,0.109663,0.000296,0.182084
ACAGTATACCGTGGGA-1,0.000079,0.561158,0.142881,0.295725,0.000157
ACATAAGTCGTGGTGA-1,0.286922,0.703149,0.002473,0.002475,0.004981
ACATAATAAGGCGGTG-1,0.420188,0.578557,0.000314,0.000313,0.000628
ACATCAGCTGGGACGC-1,0.557533,0.313467,0.000447,0.000398,0.128155
ACATCCCGGCCATACG-1,0.245063,0.001986,0.121021,0.145817,0.486113
ACATCGTTAACCTAGT-1,0.000459,0.37048,0.22429,0.403854,0.000918
ACATTAGTTTATATCC-1,0.073013,0.000017,0.063343,0.032483,0.831144
ACATTTGAAACCTAAC-1,0.525851,0.053042,0.051442,0.368491,0.001175
ACCAAACACCCAGCGA-1,0.450762,0.165264,0.280679,0.087183,0.016112
ACCAACACCACACACT-1,0.298889,0.700437,0.000168,0.000168,0.000337
ACCAACCGCACTCCAC-1,0.496431,0.502799,0.000192,0.000193,0.000385
ACCAACGCTTATTTAT-1,0.096059,0.001189,0.067926,0.01185,0.822976
ACCAAGAACGCGTGTC-1,0.121344,0.051893,0.331986,0.491035,0.003742
ACCAAGTCATCGGCAG-1,0.00015,0.99925,0.00015,0.00015,0.0003
ACCAATATGCAAGTTA-1,0.462409,0.07635,0.384308,0.000245,0.076688
ACCACAAGTTTCTATC-1,0.198543,0.000273,0.019473,0.000329,0.781382
ACCACCCTCTCTTCTA-1,0.036647,0.076836,0.496169,0.283148,0.1072
ACCACGTGCAGCTATA-1,0.587257,0.115968,0.147243,0.058084,0.091447
ACCATTAAGGGTGTCA-1,0.156222,0.842182,0.0004,0.000399,0.000798
ACCCAACGCCCGTGGC-1,0.001789,0.643494,0.001792,0.349349,0.003577
ACCCACCTACATGCTC-1,0.002722,0.986375,0.002723,0.002724,0.005456
ACCCATCTTGAGGGTA-1,0.399861,0.148455,0.371502,0.000106,0.080075
ACCCATTTGTCCCTCT-1,0.000094,0.432204,0.040327,0.527187,0.000188
ACCCGAGCGAAATTAC-1,0.008036,0.756543,0.008025,0.008031,0.219365
ACCCGATTGGTTCCGA-1,0.288403,0.340116,0.144426,0.000851,0.226204
ACCCGGAAACTCCCAG-1,0.337343,0.087143,0.27575,0.016115,0.283649
ACCCGGAGCACCACAA-1,0.445823,0.549206,0.000112,0.001677,0.003183
ACCCGTAGTCTAGTTG-1,0.043179,0.955859,0.00024,0.00024,0.000481
ACCCGTGTCATCAGTA-1,0.163972,0.317525,0.213418,0.000254,0.30483
ACCCTATAGGACTGAG-1,0.212095,0.676669,0.001516,0.001516,0.108204
ACCCTATGCCATATCG-1,0.037942,0.374178,0.001318,0.182766,0.403796
ACCCTCCCGTCAGGGC-1,0.190714,0.806236,0.000762,0.000762,0.001526
ACCCTCCCTTGCTATT-1,0.424932,0.000384,0.435779,0.055686,0.083218
ACCCTGGTAACGCCCT-1,0.284813,0.647221,0.067627,0.000113,0.000226
ACCCTTCATCTGCGAA-1,0.000187,0.78741,0.092841,0.119187,0.000375
ACCCTTGCCTGGGTCG-1,0.000231,0.640422,0.282441,0.076444,0.000461
ACCGAAGAGTCTGGTT-1,0.595259,0.034403,0.000753,0.353651,0.015934
ACCGACACATCTCCCA-1,0.401865,0.582812,0.003829,0.003834,0.00766
ACCGACTGAGTCCCAC-1,0.043846,0.001282,0.044755,0.029468,0.880648
ACCGAGTCTCCTTATT-1,0.000669,0.00067,0.477273,0.513238,0.00815
ACCGATAGGCATAACC-1,0.215831,0.203373,0.086997,0.493178,0.000621
ACCGATATTTAATCAT-1,0.482014,0.15281,0.16813,0.151155,0.04589
ACCGCAATAACTGCCT-1,0.738435,0.233675,0.004659,0.000142,0.023088
ACCGGTCAGGTACACC-1,0.805295,0.000486,0.142871,0.050376,0.000971
ACCGTCCACTGGGCCC-1,0.477213,0.51531,0.001873,0.001866,0.003737
ACCGTGACCACGTGGG-1,0.55092,0.444157,0.00123,0.00123,0.002464
ACCTAAGTACCTTTCA-1,0.004685,0.227019,0.334298,0.424642,0.009356
ACCTAATCGACTTCCT-1,0.671465,0.186773,0.128251,0.013216,0.000295
ACCTACTATAAATCTA-1,0.002811,0.752654,0.002807,0.236115,0.005614
ACCTCCGCCCTCGCTG-1,0.021276,0.32547,0.331985,0.00219,0.319079
ACCTCGAACTTATGCT-1,0.636964,0.344358,0.004672,0.004662,0.009343
ACCTGCGTGTCATGTT-1,0.03436,0.48724,0.371959,0.090156,0.016284
ACGAAATGGGCGGCAC-1,0.711445,0.061788,0.134934,0.061005,0.030828
ACGACTCTAGGGCCGA-1,0.003304,0.674037,0.239179,0.003298,0.080182
ACGACTGGTCATACTC-1,0.518694,0.467283,0.003503,0.003499,0.007022
ACGAGATATTTGCTTA-1,0.000549,0.532958,0.196932,0.268464,0.001097
ACGAGGATACCACTCT-1,0.016539,0.000283,0.556619,0.000283,0.426276
ACGAGGTTTACAACGT-1,0.690985,0.228601,0.079015,0.000467,0.000933
ACGAGTACGGATGCCC-1,0.075734,0.593486,0.329709,0.000357,0.000714
ACGATACATAGAACTA-1,0.514297,0.360377,0.000389,0.109425,0.015512
ACGATACCTATCCTGA-1,0.61858,0.371795,0.002406,0.002404,0.004814
ACGATCATACATAGAG-1,0.320288,0.154446,0.15321,0.050325,0.321731
ACGATGCATATGTTAT-1,0.682915,0.124126,0.192568,0.000131,0.000261
ACGATGGATCCGATGC-1,0.00432,0.978396,0.004328,0.004319,0.008637
ACGCAAACTAATAGAT-1,0.004698,0.976603,0.004675,0.004673,0.009351
ACGCAATCACTACAGC-1,0.965895,0.016401,0.004436,0.004421,0.008846
ACGCATACGTTTACTA-1,0.002595,0.720935,0.002596,0.002592,0.271282
ACGCATTCGTGAGTAC-1,0.599067,0.10373,0.131491,0.000375,0.165337
ACGCCAGATGATTTCT-1,0.310448,0.294403,0.000185,0.279032,0.115931
ACGCCAGTGCGTTTGC-1,0.001211,0.172969,0.723134,0.100264,0.002421
ACGCGAAGTCAGACGA-1,0.300787,0.092338,0.230562,0.080592,0.295722
ACGCGGGCCAAGGACA-1,0.576302,0.297596,0.000251,0.000251,0.1256
ACGCGTTTCTTAAGAG-1,0.304194,0.543913,0.151462,0.000144,0.000287
ACGCTACTGAATGGGC-1,0.610875,0.217078,0.169443,0.000868,0.001736
ACGCTAGTGATACACT-1,0.032013,0.440054,0.363778,0.000322,0.163833
ACGGAACACGAGTGCC-1,0.3679,0.309704,0.079868,0.240908,0.00162
ACGGAATTTAGCAAAT-1,0.006734,0.966285,0.006766,0.006741,0.013474
ACGGACTCTCAAAGCG-1,0.51436,0.071425,0.001736,0.222351,0.190129
ACGGAGCGCAAATTAC-1,0.004215,0.712728,0.004208,0.270423,0.008425
ACGGATGGTGCGGATA-1,0.002031,0.433373,0.328825,0.002031,0.23374
ACGGCACTTGCTTGGG-1,0.26764,0.000679,0.111976,0.00105,0.618656
ACGGCCAACATGGACT-1,0.02924,0.000019,0.033596,0.067554,0.86959
ACGGCGACGATGGGAA-1,0.402519,0.000122,0.401431,0.057702,0.138225
ACGGCTGGATGTAGAA-1,0.568317,0.423759,0.00198,0.001982,0.003963
ACGGGAGTGTCGGCCC-1,0.008849,0.955785,0.008889,0.008829,0.017649
ACGGGCGTATGCGACA-1,0.081223,0.093647,0.621159,0.173105,0.030867
ACGGGTCATGTGACTT-1,0.423789,0.050353,0.000049,0.524385,0.001424
ACGGTACAGTTCAATG-1,0.004118,0.979456,0.004106,0.004108,0.008212
ACGTACAGATTTCTCT-1,0.417208,0.262376,0.004955,0.004964,0.310497
ACGTAGATTGCTGATG-1,0.61173,0.255135,0.106358,0.000255,0.026522
ACGTAGGAGAGTCGCT-1,0.003306,0.54608,0.003304,0.440701,0.006609
ACGTCGGGCAACTCGG-1,0.425798,0.225042,0.253545,0.063741,0.031874
ACGTGACAAAGTAAGT-1,0.194975,0.796905,0.002031,0.002028,0.004061
ACGTGCGCCTCGTGCA-1,0.000145,0.999274,0.000145,0.000145,0.00029
ACGTTATTGGTCACTC-1,0.18355,0.764283,0.000125,0.001303,0.05074
ACGTTCGTTCAGGAAA-1,0.051722,0.787049,0.000887,0.000887,0.159455
ACGTTCTGTACAAGTC-1,0.530476,0.081054,0.289156,0.000581,0.098732
ACGTTTAGTTGTGATC-1,0.072343,0.205643,0.167889,0.525136,0.028989
ACGTTTCGGTGCACTT-1,0.169512,0.829166,0.000331,0.00033,0.000662
ACTAAGGACGCACACC-1,0.000488,0.438866,0.36264,0.19703,0.000977
ACTACATCCCGACAAG-1,0.329624,0.376505,0.000946,0.000946,0.291978
ACTACCAGCTCTCTGG-1,0.797204,0.001258,0.001257,0.001258,0.199023
ACTACGCGTTAGAATT-1,0.519645,0.470433,0.00248,0.002482,0.004961
ACTATATGCTGTGTTC-1,0.377881,0.603868,0.004559,0.004546,0.009145
ACTATCGCCGGCTAAA-1,0.000865,0.618014,0.279234,0.076616,0.025272
ACTATCTGCCCGCGTA-1,0.561549,0.136971,0.00083,0.145661,0.154989
ACTATGTCCAGCTGCC-1,0.438579,0.188703,0.368919,0.001267,0.002532
ACTATTCGTCCGTGGT-1,0.000263,0.998684,0.000263,0.000263,0.000527
ACTATTTCCGGGCCCA-1,0.030557,0.000066,0.000066,0.007577,0.961735
ACTCAAGTGCAAGGCT-1,0.842212,0.148425,0.002339,0.00234,0.004684
ACTCAATAAAGGCACG-1,0.385215,0.012203,0.000032,0.000033,0.602517
ACTCATGGCAGCCTTC-1,0.377361,0.151666,0.439625,0.030724,0.000623
ACTCCAATATCATCAT-1,0.206149,0.068903,0.242171,0.000403,0.482374
ACTCCCATTCCTAAAG-1,0.373537,0.62172,0.001187,0.001185,0.002371
ACTCCCGTAGACTAGG-1,0.000122,0.660418,0.016737,0.322479,0.000244
ACTCCCTAATGCTAAA-1,0.597365,0.054541,0.000312,0.057745,0.290038
ACTCCCTAGAATAGTA-1,0.709452,0.167505,0.0003,0.0003,0.122443
ACTCCGGCCGACCACT-1,0.001592,0.992034,0.001592,0.001594,0.003187
ACTCGATGTATTTCAT-1,0.43732,0.561578,0.000275,0.000275,0.000551
ACTCGCCGTTCGATAA-1,0.197372,0.61002,0.174872,0.000131,0.017605
ACTCGTAACCCGTCCT-1,0.221593,0.750318,0.007007,0.00702,0.014062
ACTCGTCAGTAATCCC-1,0.164619,0.202813,0.384533,0.016325,0.23171
ACTCTAAACCTGGGAT-1,0.239564,0.634712,0.000118,0.000118,0.125489
ACTCTGACCTAATAGA-1,0.301129,0.324105,0.000651,0.372813,0.001302
ACTGAAACGCCGTTAG-1,0.527192,0.145805,0.181283,0.141931,0.003788
ACTGCCCGCCATTCTC-1,0.000415,0.366619,0.274114,0.358022,0.00083
ACTGCCGTCGTAACTC-1,0.261074,0.515894,0.040126,0.000115,0.182792
ACTGCTCGGAAGGATG-1,0.545795,0.451929,0.000569,0.000569,0.001138
ACTGGCGAACCTGCGT-1,0.08082,0.343488,0.196798,0.378311,0.000584
ACTGTACGATACACAT-1,0.21743,0.325981,0.2218,0.071671,0.163119
ACTGTAGCACTTTGGA-1,0.805532,0.184978,0.002371,0.00237,0.004749
ACTGTATACGCGAGCA-1,0.152074,0.106505,0.495524,0.19325,0.052646
ACTGTCCAGGATTATA-1,0.584371,0.162505,0.074623,0.034847,0.143654
ACTGTCTTCTTTAGAA-1,0.060216,0.000537,0.104466,0.017883,0.816898
ACTGTGCTAGTAGATC-1,0.001984,0.128868,0.367086,0.498096,0.003965
ACTTACCGGGCGCGCA-1,0.007028,0.964884,0.007014,0.00703,0.014043
ACTTACGCATCCACGC-1,0.095191,0.054124,0.087958,0.000314,0.762413
ACTTAGTACGACAAGA-1,0.006261,0.968678,0.00627,0.006277,0.012514
ACTTCAGGCTGATCCC-1,0.741401,0.027777,0.084122,0.142286,0.004414
ACTTCCAGTGGAAGCT-1,0.813067,0.183909,0.000756,0.000756,0.001512
ACTTCCATGCGGGACA-1,0.61023,0.000748,0.000743,0.315448,0.072831
ACTTCGCCATACGCAC-1,0.291753,0.14202,0.260244,0.000447,0.305536
ACTTGGGACCCGGTGG-1,0.587002,0.0493,0.096739,0.000082,0.266877
ACTTGTGGATGGAACG-1,0.588001,0.399524,0.003119,0.003118,0.006238
ACTTTCCTATAGCTTC-1,0.176909,0.058048,0.030513,0.014062,0.720468
ACTTTGGTCGTGCTCC-1,0.205984,0.78849,0.001381,0.001381,0.002763
ACTTTGTCGACGCACT-1,0.468942,0.288644,0.114114,0.127939,0.000362
AGAAATTATGACTCGC-1,0.159207,0.000146,0.415876,0.187873,0.236898
AGAACCCTCAATTGGG-1,0.66167,0.333259,0.001267,0.001269,0.002535
AGAACGTGGTACATTC-1,0.287081,0.206483,0.234753,0.000714,0.270968
AGAACTGTACTTTGTA-1,0.107249,0.371555,0.34689,0.000532,0.173774
AGAAGGTACACTTCAC-1,0.697763,0.225445,0.000403,0.000403,0.075986
AGAAGGTTGTAGGTCG-1,0.361563,0.612502,0.006486,0.006489,0.012961
AGAAGTGATTCGTGAT-1,0.005615,0.971955,0.005604,0.005623,0.011203
AGAATGCGGGTTCGGA-1,0.001546,0.647228,0.001546,0.346591,0.003089
AGAATTATGGATTCGA-1,0.004344,0.376837,0.285088,0.299821,0.03391
AGAATTGTTTGACATA-1,0.001777,0.991108,0.001772,0.00178,0.003562
AGACAGCTCAGAATCC-1,0.232872,0.559434,0.071499,0.055066,0.081129
AGACCAAACCACACCT-1,0.106781,0.889304,0.000978,0.000977,0.001959
AGACCATGGGATACAA-1,0.004119,0.979431,0.004114,0.004117,0.008218
AGACCCACCGCTGATC-1,0.47691,0.104125,0.109144,0.053826,0.255994
AGACCCGCCCTCCTCG-1,0.191479,0.013623,0.000044,0.000865,0.793989
AGACCGCTCCGCGGTT-1,0.216801,0.597081,0.102569,0.000452,0.083097
AGACGAAGTGCCGGTC-1,0.545042,0.311923,0.003503,0.000389,0.139142
AGACGACGATGCCGCT-1,0.204025,0.384194,0.406826,0.001653,0.003304
AGACGCCCACTTCGCC-1,0.497645,0.271324,0.122094,0.107737,0.0012
AGACTAGCCTTCCAGA-1,0.381854,0.137225,0.000307,0.004666,0.475949
AGACTGTTACCGGGTC-1,0.527545,0.46142,0.00276,0.002754,0.005521
AGAGAAACACCAGAAA-1,0.000397,0.428105,0.226622,0.174883,0.169993
AGAGAACCGTCTAGGA-1,0.192231,0.391666,0.277333,0.13427,0.0045
AGAGAAGGAGTACAAT-1,0.139021,0.705888,0.002405,0.002409,0.150277
AGAGCAGTTATGAGAC-1,0.773289,0.21635,0.002589,0.002594,0.005179
AGAGCCGCCGAGATTT-1,0.001963,0.990189,0.001961,0.001963,0.003924
AGAGCGCTTGTAACGG-1,0.122442,0.615525,0.000439,0.079404,0.18219
AGAGCGGGCTAATCAT-1,0.000135,0.900166,0.000135,0.099292,0.000271
AGAGCGTACAAGCTCG-1,0.001548,0.194665,0.001548,0.001548,0.800691
AGAGGCTTCGGAAACC-1,0.865552,0.12815,0.001575,0.001574,0.003148
AGAGTTGCAGGCCTCC-1,0.001359,0.180616,0.813945,0.00136,0.00272
AGATAACTTCAGGGCC-1,0.518419,0.111181,0.049507,0.019499,0.301394
AGATACCAATAGAACC-1,0.000239,0.998805,0.000239,0.000239,0.000478
AGATACCAGCACTTCA-1,0.35388,0.45718,0.129118,0.031854,0.027968
AGATACGACTTCATAT-1,0.003588,0.534188,0.24557,0.003586,0.213067
AGATATAATACGACTA-1,0.001653,0.093651,0.538495,0.063926,0.302274
AGATCGTGCATAAGAT-1,0.572652,0.001033,0.243618,0.18063,0.002067
AGATCTCAGGTGTGAT-1,0.119523,0.311014,0.568088,0.000458,0.000916
AGATGACTCGCCCACG-1,0.087361,0.524881,0.106118,0.23476,0.04688
AGATGAGGGTTGCGAT-1,0.58745,0.33278,0.071864,0.002637,0.00527
AGATGCAAGACGTGCA-1,0.58657,0.407764,0.001417,0.001416,0.002834
AGATGCATCCTGTGTC-1,0.274323,0.507928,0.001065,0.001065,0.215619
AGATTATAGGACGTTT-1,0.58994,0.143472,0.255284,0.000137,0.011167
AGATTCACAACCGATA-1,0.797457,0.197729,0.001204,0.001204,0.002407
AGCAAAGGCCGCTAGT-1,0.383014,0.46178,0.147771,0.002477,0.004957
AGCAACCGAAAGTAAT-1,0.432039,0.390082,0.123654,0.00035,0.053874
AGCACACGTTTAGACT-1,0.078931,0.271938,0.123144,0.517938,0.00805
AGCACCAGTACTCACG-1,0.18658,0.164671,0.11576,0.000107,0.532881
AGCACTACCGGCCTGT-1,0.222484,0.336425,0.411555,0.00027,0.029266
AGCACTACCTCACCAG-1,0.755984,0.217433,0.025862,0.00024,0.00048
AGCACTTAAGGACGCC-1,0.644657,0.238147,0.009931,0.01475,0.092514
AGCAGAAGGAGAAAGA-1,0.003512,0.982455,0.003509,0.003507,0.007018
AGCAGCCAGATGAATA-1,0.307687,0.125057,0.0041,0.01159,0.551566
AGCATATCAATATGCT-1,0.209069,0.227277,0.384379,0.097218,0.082057
AGCATCATTTCGAAAG-1,0.83885,0.04105,0.072355,0.000238,0.047508
AGCATCGTCGATAATT-1,0.17118,0.828062,0.00019,0.00019,0.00038
AGCATTACGAGGCAAG-1,0.00016,0.999199,0.00016,0.00016,0.000321
AGCCAAGCTTTGTGTC-1,0.622966,0.352116,0.006225,0.00622,0.012474
AGCCACAGGTTACCCG-1,0.002593,0.825482,0.002597,0.164147,0.005182
AGCCACTCCCGTGCTT-1,0.321761,0.643856,0.000193,0.000193,0.033998
AGCCATATAGTATGTG-1,0.000209,0.413094,0.045618,0.540662,0.000417
AGCCCGCAACAAGCAG-1,0.008868,0.955613,0.008884,0.008872,0.017763
AGCCCGCACTACAATG-1,0.580424,0.402305,0.004313,0.004317,0.008641
AGCCCGGCATTAGAGG-1,0.787399,0.139587,0.071414,0.000533,0.001067
AGCCCGGTAGCCTGTA-1,0.004439,0.76601,0.004439,0.004438,0.220674
AGCCCTAAGCGAAGTT-1,0.000181,0.908541,0.000181,0.038,0.053098
AGCCCTCCCTGGTGGC-1,0.035709,0.440021,0.233633,0.17631,0.114327
AGCCCTTCTAATCCGA-1,0.443188,0.24278,0.309744,0.001429,0.002859
AGCCCTTGGACATCCC-1,0.101429,0.513949,0.378131,0.002163,0.004328
AGCCGTGGCTAAATGT-1,0.405353,0.000127,0.445206,0.049567,0.099747
AGCCTAATACCCACGT-1,0.486374,0.503432,0.002553,0.002547,0.005094
AGCCTTAAAGCGGAAG-1,0.006742,0.992537,0.00018,0.00018,0.00036
AGCGACAGGAACGGTC-1,0.17015,0.255591,0.169485,0.030607,0.374167
AGCGACATCCCATTCA-1,0.000202,0.998994,0.000201,0.000201,0.000403
AGCGACCAACGATATT-1,0.221633,0.014198,0.000088,0.000088,0.763993
AGCGAGACGTGAAGGC-1,0.315741,0.425279,0.225986,0.032005,0.000989
AGCGATGCGCCTAATA-1,0.073498,0.925581,0.00023,0.00023,0.00046
AGCGCATAATGAATCG-1,0.224164,0.056747,0.001055,0.006448,0.711585
AGCGCGGGTGCCAATG-1,0.484684,0.002326,0.385557,0.125993,0.001441
AGCGGACACTTCGTAG-1,0.441049,0.308929,0.235974,0.004688,0.00936
AGCGGCGGTTAGCGGT-1,0.215953,0.778475,0.001393,0.001394,0.002786
AGCGGGAAGGGTCCAT-1,0.001293,0.835368,0.161729,0.000537,0.001073
AGCGGGTCTGACACTC-1,0.003243,0.702663,0.003235,0.003235,0.287624
AGCGGTTGCCGCTCTG-1,0.009109,0.990292,0.00015,0.00015,0.000299
AGCTAACAAGCAATGT-1,0.000509,0.085565,0.000509,0.000509,0.912907
AGCTAAGTACGCAGGC-1,0.002593,0.98707,0.002584,0.002584,0.005168
AGCTAGAAGCAGAAGT-1,0.553056,0.304549,0.000981,0.139455,0.001959
AGCTATTTAATCCAAC-1,0.043549,0.712083,0.139743,0.000125,0.1045
AGCTCCATATATGTTC-1,0.000613,0.704782,0.203503,0.000613,0.090489
AGCTCCTTCGCACATC-1,0.748892,0.176733,0.073926,0.00015,0.000299
AGCTCGTTGATGGAAA-1,0.000119,0.617135,0.071147,0.311361,0.000237
AGCTCTTCCCAGTGCA-1,0.146533,0.197666,0.001162,0.652317,0.002323
AGCTGAAGTAAACCAA-1,0.741338,0.248306,0.002587,0.002587,0.005182
AGCTGTAACCTCAATC-1,0.355123,0.527726,0.048581,0.001108,0.067461
AGCTTCTTCTCGAGCA-1,0.000236,0.844627,0.106769,0.047895,0.000472
AGGAACGAACGACTTC-1,0.001889,0.358536,0.563377,0.072415,0.003783
AGGAAGCTGTCCGCCG-1,0.001131,0.447288,0.001134,0.037566,0.512881
AGGACATCGCACGTCG-1,0.492502,0.494015,0.003373,0.003368,0.006742
AGGACATCGGCACACT-1,0.205619,0.790463,0.00098,0.00098,0.001958
AGGACGCTCGATGTTG-1,0.36428,0.000326,0.093487,0.518219,0.023689
AGGACTTATAGGAGAA-1,0.427888,0.098237,0.13105,0.341774,0.00105
AGGAGACATCCACAGT-1,0.000699,0.380408,0.295584,0.321913,0.001396
AGGAGGCCTTCGCGCG-1,0.743759,0.067101,0.184999,0.001381,0.002761
AGGATAAAGTCGGGAT-1,0.22675,0.180819,0.04581,0.025737,0.520885
AGGATATCCGACTGCA-1,0.002132,0.846395,0.002134,0.002132,0.147206
AGGATCACGCGATCTG-1,0.01405,0.528546,0.014111,0.01404,0.429254
AGGCACGTGACTGTCC-1,0.001517,0.62524,0.001518,0.36869,0.003034
AGGCAGATGCGTAAAC-1,0.000281,0.00028,0.466149,0.2837,0.24959
AGGCAGGGAGCGTACT-1,0.393088,0.286613,0.10694,0.001667,0.211691
AGGCCACCCGTTATGA-1,0.744269,0.25428,0.000363,0.000362,0.000726
AGGCCCATTGTACAGG-1,0.351403,0.216219,0.00022,0.313428,0.11873
AGGCCTGAGAATCTCG-1,0.23124,0.761014,0.001934,0.001935,0.003877
AGGCGATAACTGGCGT-1,0.256978,0.415655,0.005501,0.321139,0.000727
AGGCGGTTTGTCCCGC-1,0.151049,0.838759,0.002557,0.002544,0.005091
AGGCGTCTATGGACGG-1,0.215343,0.783932,0.000181,0.000181,0.000363
AGGCTATGGTTAGCTT-1,0.654226,0.000672,0.174062,0.000672,0.170369
AGGCTTCCCGAAGAAG-1,0.431948,0.107806,0.151943,0.303033,0.00527
AGGCTTGCTAGACACC-1,0.311266,0.679234,0.002376,0.002375,0.004749
AGGGAAACGAGGTACT-1,0.117181,0.114159,0.289528,0.103493,0.37564
AGGGACTCTACGCGAC-1,0.103075,0.011179,0.169751,0.036413,0.679582
AGGGAGACATACTTCG-1,0.001048,0.590397,0.232176,0.058559,0.117821
AGGGCCCTAATGTTCT-1,0.000481,0.889134,0.006502,0.10292,0.000963
AGGGCGTGATCGGCTA-1,0.000159,0.943509,0.055854,0.000159,0.000318
AGGGCTGCAGTTACAG-1,0.162688,0.190715,0.343092,0.000111,0.303393
AGGGTCAGAGCACTCG-1,0.005441,0.611101,0.00543,0.005433,0.372595
AGGGTCAGTAACCCTA-1,0.168042,0.831229,0.000182,0.000182,0.000365
AGGGTCTGGACGCAGT-1,0.091135,0.907829,0.000259,0.000259,0.000518
AGGGTGCCGTTCTTTA-1,0.003312,0.98345,0.003314,0.003303,0.006623
AGGGTGCTCTCGAGGG-1,0.001477,0.560884,0.433204,0.00148,0.002955
AGGGTGGATAGTGCAT-1,0.530957,0.119854,0.169758,0.104424,0.075007
AGGGTTCAGACGGTCC-1,0.00044,0.463497,0.265459,0.186152,0.084453
AGGGTTCCCTTTGGTT-1,0.002853,0.447638,0.540956,0.002853,0.0057
AGGGTTTAGTTCGGGA-1,0.444004,0.166567,0.000326,0.000326,0.388778
AGGTAACCTCCTATTC-1,0.052562,0.856033,0.001117,0.089811,0.000477
AGGTACGATATTGCCA-1,0.000231,0.945767,0.000231,0.053309,0.000462
AGGTAGATCGAGATAT-1,0.409551,0.270753,0.302971,0.001287,0.015439
AGGTAGGTACAAAGCT-1,0.081533,0.07455,0.839277,0.000028,0.004612
AGGTCAGGTGAGAGTG-1,0.000515,0.406204,0.325439,0.266811,0.001032
AGGTCGCCTCCCAACA-1,0.000829,0.604841,0.052629,0.340043,0.001658
AGGTCGCGGAGTTACT-1,0.501462,0.493229,0.001327,0.001327,0.002654
AGGTGCACGTCCACAT-1,0.503095,0.48252,0.000162,0.013899,0.000323
AGGTGGTGACCTTCGC-1,0.002956,0.473577,0.139151,0.378405,0.005912
AGGTGTATCGCCATGA-1,0.363265,0.260836,0.353662,0.000141,0.022096
AGGTGTTGCCGACCAC-1,0.294905,0.169572,0.244573,0.234227,0.056723
AGGTTCTCCTTTCCGG-1,0.707691,0.277338,0.003742,0.003743,0.007485
AGGTTGAGGCACGCTT-1,0.111137,0.000553,0.000552,0.000553,0.887205
AGTAACTATAGCAGCC-1,0.482047,0.517392,0.00014,0.00014,0.00028
AGTAATGTCTTGCCGC-1,0.065937,0.771814,0.000195,0.059906,0.102149
AGTACAGAAGCTTATA-1,0.291809,0.551095,0.003443,0.146785,0.006867
AGTACATCATTTATCA-1,0.000185,0.498832,0.249276,0.251335,0.000371
AGTACCTTCGAGTGCT-1,0.558207,0.438657,0.000784,0.000784,0.001568
AGTACGGGCACCTGGC-1,0.444825,0.537164,0.017559,0.000151,0.000302
AGTACTCTTATGCCCA-1,0.159316,0.483733,0.351201,0.001918,0.003832
AGTAGAAGGCGCCTCA-1,0.004812,0.97598,0.004798,0.004806,0.009604
AGTAGGAAGGAAGTTG-1,0.00527,0.459314,0.005261,0.005265,0.52489
AGTAGGTAACATACAT-1,0.18173,0.809031,0.00231,0.002309,0.004619
AGTATAATACTAGGCA-1,0.004118,0.979418,0.004116,0.004111,0.008238
AGTATACACAGCGACA-1,0.001958,0.990203,0.001961,0.001958,0.00392
AGTATGCTGGAGACCA-1,0.002189,0.690678,0.002187,0.002189,0.302757
AGTATTTGGCACGACC-1,0.300304,0.140018,0.000319,0.000319,0.559041
AGTCAAATGATGTGAT-1,0.098364,0.661071,0.004442,0.22725,0.008873
AGTCAAGATGACACTT-1,0.443606,0.251779,0.050155,0.113632,0.140829
AGTCACTAGCTCTCGA-1,0.526912,0.329112,0.001719,0.001722,0.140536
AGTCAGCCACCGCCTG-1,0.9352,0.012955,0.012966,0.012918,0.025962
AGTCCCGCCTTTAATT-1,0.466561,0.118116,0.001562,0.41064,0.003121
AGTCCCTCGCAGAAAG-1,0.000364,0.529408,0.291154,0.178345,0.000729
AGTCGGCCCAAACGAC-1,0.301114,0.687071,0.002955,0.002954,0.005907
AGTCGGCTCAACTTTA-1,0.527818,0.451102,0.005269,0.005277,0.010534
AGTCGTATAAAGCAGA-1,0.282489,0.699761,0.004429,0.004435,0.008887
AGTCGTCGACCACCAA-1,0.579392,0.405646,0.003738,0.003744,0.007481
AGTCGTGGGCATTACG-1,0.006484,0.644346,0.006478,0.006469,0.336223
AGTCTAAAGTATACTC-1,0.129891,0.393935,0.105768,0.241168,0.129239
AGTCTCACAAGACTAC-1,0.384651,0.450967,0.15798,0.002134,0.004268
AGTCTGGACATCCTTG-1,0.200424,0.79435,0.001306,0.001307,0.002613
AGTCTTCTCCTCAAAT-1,0.167443,0.211784,0.176725,0.170972,0.273075
AGTCTTTAAAGTGTCC-1,0.440795,0.55195,0.001814,0.001815,0.003626
AGTGAAGATGGTGTCC-1,0.161402,0.311404,0.44798,0.056345,0.022869
AGTGACTGTGACACAA-1,0.701854,0.274125,0.006003,0.006005,0.012012
AGTGAGACTTCCAGTA-1,0.000174,0.324177,0.303065,0.330923,0.041661
AGTGAGCCTCGCCGCC-1,0.001792,0.442152,0.265442,0.28703,0.003583
AGTGAGTCGAATTAAC-1,0.069986,0.929331,0.000171,0.000171,0.000342
AGTGATAACCTGCGCG-1,0.003307,0.983471,0.003315,0.003305,0.006603
AGTGATTCAAGCAGGA-1,0.001163,0.524439,0.045637,0.171192,0.25757
AGTGCACGCTTAAGAA-1,0.534968,0.248939,0.199182,0.000248,0.016663
AGTGCTAAACACAGCA-1,0.284598,0.706035,0.00234,0.002341,0.004685
AGTGGCCCGCAAATGG-1,0.276284,0.428811,0.293848,0.000362,0.000695
AGTGGCGGCAATTTGA-1,0.322663,0.257582,0.199267,0.218434,0.002053
AGTGGCGTCTGAAGGT-1,0.002135,0.541124,0.450335,0.002131,0.004274
AGTGGTGTTACCCGTG-1,0.00992,0.718893,0.241513,0.009891,0.019784
AGTGTATTGCGCATTG-1,0.423047,0.466013,0.002518,0.10339,0.005033
AGTGTGCTAAGATCGC-1,0.242703,0.756525,0.000193,0.000193,0.000386
AGTGTGGTCTATTGTG-1,0.003513,0.56851,0.417446,0.003505,0.007025
AGTTAAGCGGTCCCGG-1,0.003589,0.982052,0.003585,0.003584,0.00719
AGTTAAGTCAACCGCT-1,0.27262,0.600406,0.093253,0.000231,0.03349
AGTTACCCTTAAGACT-1,0.000139,0.999303,0.000139,0.000139,0.000279
AGTTACCGCACATGGT-1,0.000637,0.996823,0.000635,0.000635,0.001271
AGTTACTCTATCGTGG-1,0.737961,0.040262,0.091889,0.087237,0.042652
AGTTCACCGGTTGGAC-1,0.091246,0.772317,0.000123,0.136068,0.000246
AGTTCCTACAGAATTA-1,0.094406,0.000018,0.025177,0.00994,0.870459
AGTTCTGCGTTGTATC-1,0.006012,0.969975,0.006009,0.005997,0.012007
AGTTGACGGTCCTTGC-1,0.005434,0.972915,0.005423,0.005413,0.010815
AGTTGCTGACTGATAT-1,0.000887,0.811877,0.184574,0.000888,0.001775
AGTTGGCAAGGCTAGA-1,0.000141,0.999297,0.00014,0.00014,0.000281
AGTTTATGTAAAGACA-1,0.000522,0.323598,0.339858,0.334979,0.001043
AGTTTCGCAGGTCGGA-1,0.004543,0.977259,0.004563,0.004543,0.009091
AGTTTGCACCTGCCTC-1,0.001792,0.577787,0.215515,0.201319,0.003587
AGTTTGGCCAGACCTA-1,0.261525,0.72381,0.003669,0.003672,0.007324
ATAAACGGACCCGTAA-1,0.510291,0.027493,0.146048,0.066849,0.249319
ATAAACGTTGCACCAC-1,0.082852,0.052176,0.000163,0.348969,0.51584
ATAAAGGCTCGGTCGT-1,0.561827,0.164352,0.001813,0.001811,0.270197
ATAAATATTAGCAGCT-1,0.137941,0.289341,0.504047,0.002893,0.065778
ATAACGCCGGAGGGTC-1,0.275433,0.000051,0.438732,0.162546,0.123239
ATAACGGAGTCCAACG-1,0.213021,0.189974,0.002434,0.001754,0.592816
ATAACGTTACCTCCAC-1,0.265108,0.472296,0.163438,0.000438,0.09872
ATAAGCAAACACCGAG-1,0.000648,0.318261,0.376351,0.221893,0.082846
ATAAGGTGGAGAACAT-1,0.483601,0.192544,0.088265,0.114885,0.120705
ATAAGTAGGATTCAGA-1,0.143469,0.213017,0.17219,0.431288,0.040035
ATAATACCGTTAGCCG-1,0.000209,0.998956,0.000209,0.000209,0.000417
ATAATAGCTGTTGAAT-1,0.264631,0.241625,0.087801,0.003788,0.402156
ATAATAGTGTAGGGAC-1,0.003442,0.982799,0.003432,0.003446,0.006881
ATAATCTTGGAGAACC-1,0.004678,0.976553,0.004673,0.00468,0.009415
ATAATTAGCTAAGTAG-1,0.419308,0.565372,0.00383,0.003827,0.007663
ATACAGGCCCTCCAAT-1,0.665034,0.140215,0.000314,0.000314,0.194121
ATACCACGGGCAACTT-1,0.000026,0.000025,0.996187,0.000025,0.003737
ATACCGTCATCCATAA-1,0.328186,0.357275,0.148886,0.078503,0.08715
ATACCTAACCAAGAAA-1,0.013891,0.198024,0.579703,0.000072,0.208309
ATACGGAACGTCGTTT-1,0.403387,0.48366,0.11207,0.000294,0.000589
ATACGGGTTTCGATTG-1,0.51244,0.341776,0.141281,0.003911,0.000591
ATACGGTGAAGATGCA-1,0.676656,0.316742,0.001653,0.00165,0.003299
ATACGTACTTAGCCAC-1,0.926729,0.046435,0.024369,0.000822,0.001644
ATACGTTATGCACGGA-1,0.003916,0.765639,0.003916,0.218699,0.00783
ATACTACCCGTACCAC-1,0.025797,0.753223,0.107013,0.069054,0.044913
ATACTAGCATGACCCT-1,0.319159,0.646597,0.033579,0.000222,0.000443
ATACTGCCTTACACCG-1,0.692712,0.133053,0.000634,0.000634,0.172967
ATACTTGTTCTCGAGC-1,0.578516,0.320765,0.001022,0.097653,0.002043
ATAGACAACGGGACCT-1,0.073636,0.000097,0.458878,0.222328,0.24506
ATAGACGAAGAGAAAG-1,0.628213,0.224687,0.062839,0.000139,0.084122
ATAGAGTACTGGGACA-1,0.608701,0.000288,0.131991,0.000288,0.258732
