Barcode,Topic 1,Topic 2,Topic 3to4,Topic 5,Topic 6
AAACAACGAATAGTTC-1,0.922982,0.015374,0.030744,0.01546,0.01544
AAACAAGTATCTCCCA-1,0.963364,0.02968,0.003479,0.001738,0.001739
AAACAATCTACTAGCA-1,0.9651,0.032356,0.001271,0.000637,0.000636
AAACACCAATAACTGC-1,0.992672,0.001467,0.00293,0.001465,0.001466
AAACAGAGCGACTCCT-1,0.282355,0.710765,0.00344,0.001719,0.001721
AAACAGCTTTCAGAAG-1,0.097365,0.550233,0.05557,0.077804,0.219028
AAACAGGGTCTATATT-1,0.51147,0.257392,0.229178,0.00098,0.00098
AAACAGTGTTCCTGGG-1,0.704951,0.286921,0.004065,0.002032,0.002031
AAACATTTCCCGGATT-1,0.547649,0.451843,0.000254,0.000127,0.000127
AAACCACTACACAGAT-1,0.626907,0.000556,0.039863,0.000556,0.332117
AAACCCGAACGAAATC-1,0.002083,0.989604,0.004155,0.002078,0.002079
AAACCGGAAATGTTAA-1,0.616508,0.379224,0.002134,0.001066,0.001067
AAACCGGGTAGGTACC-1,0.188161,0.769332,0.011074,0.000175,0.031258
AAACCGTTCGTCCAGG-1,0.238186,0.747501,0.007158,0.003577,0.003579
AAACCTAAGCAGCCGG-1,0.657777,0.340816,0.000703,0.000352,0.000352
AAACCTCATGAAGTTG-1,0.135239,0.110406,0.037256,0.462169,0.25493
AAACGAAGAACATACC-1,0.460956,0.001417,0.002836,0.533374,0.001416
AAACGAAGATGGAGTA-1,0.666381,0.000591,0.182924,0.000591,0.149513
AAACGACAGTCTTGCC-1,0.623346,0.000669,0.374647,0.000669,0.000669
AAACGAGACGGTTGAT-1,0.284073,0.00005,0.63964,0.042103,0.034134
AAACGCCCGAGATCGG-1,0.334104,0.162737,0.268916,0.233523,0.00072
AAACGCTGGGCACGAC-1,0.50943,0.000475,0.00095,0.000475,0.488671
AAACGGGCGTACGGGT-1,0.652694,0.344591,0.001357,0.000678,0.000679
AAACGGGTTGGTATCC-1,0.496814,0.490213,0.006487,0.003244,0.003241
AAACGGTTGCGAACTG-1,0.813339,0.002277,0.004555,0.177553,0.002276
AAACGTGTTCGCCCTA-1,0.000089,0.411401,0.104082,0.00975,0.474678
AAACTAACGTGGCGAC-1,0.479493,0.305853,0.002147,0.211434,0.001073
AAACTCGGTTCGCAAT-1,0.624967,0.370046,0.002494,0.001247,0.001247
AAACTCGTGATATAAG-1,0.071333,0.246544,0.161849,0.17144,0.348834
AAACTGCTGGCTCCAA-1,0.157383,0.000931,0.001862,0.838892,0.000931
AAACTTAATTGCACGC-1,0.871789,0.000664,0.068931,0.000663,0.057953
AAACTTGCAAACGTAT-1,0.178319,0.409624,0.028785,0.328906,0.054366
AAAGAATGACCTTAGA-1,0.307334,0.593623,0.071139,0.016565,0.011339
AAAGAATGTGGACTAA-1,0.996908,0.000118,0.002737,0.000118,0.000118
AAAGACATGAAGTTTA-1,0.668962,0.001003,0.092216,0.236816,0.001003
AAAGACCCAAGTCGCG-1,0.842665,0.02848,0.000376,0.128291,0.000188
AAAGACTGGGCGCTTT-1,0.431924,0.566393,0.000259,0.001295,0.000129
AAAGGCCCTATAATAC-1,0.293543,0.362311,0.340139,0.002004,0.002004
AAAGGCTACGGACCAT-1,0.988745,0.002251,0.004502,0.002251,0.00225
AAAGGCTCTCGCGCCG-1,0.597117,0.174321,0.000936,0.10712,0.120505
AAAGGGATGTAGCAAG-1,0.101184,0.134227,0.682527,0.044723,0.037339
AAAGGGCAGCTTGAAT-1,0.585834,0.001983,0.003965,0.406237,0.001982
AAAGGTAAGCTGTACC-1,0.384841,0.436914,0.002068,0.175143,0.001034
AAAGGTCAACGACATG-1,0.449629,0.54435,0.003012,0.001505,0.001504
AAAGTAGCATTGCTCA-1,0.655244,0.003834,0.007652,0.003831,0.32944
AAAGTCACTGATGTAA-1,0.982126,0.003578,0.007147,0.003576,0.003574
AAAGTCGACCCTCAGT-1,0.077711,0.660433,0.042008,0.065807,0.154041
AAAGTGCCATCAATTA-1,0.998683,0.000264,0.000527,0.000263,0.000263
AAAGTGTGATTTATCT-1,0.366454,0.615808,0.00887,0.004438,0.004431
AAAGTTGACTCCCGTA-1,0.161455,0.165301,0.633849,0.000622,0.038773
AAATAACCATACGGGA-1,0.815495,0.02826,0.004684,0.149221,0.00234
AAATAAGGTAGTGCCC-1,0.257838,0.720741,0.018136,0.00018,0.003106
AAATACCTATAAGCAT-1,0.979964,0.004014,0.00801,0.004006,0.004006
AAATAGCTTAGACTTT-1,0.640257,0.013698,0.002342,0.001171,0.342532
AAATAGGGTGCTATTG-1,0.878511,0.004682,0.009357,0.102774,0.004676
AAATCCGATACACGCC-1,0.624097,0.033411,0.003371,0.001686,0.337435
AAATCGCGGAAGGAGT-1,0.784119,0.000466,0.026145,0.177095,0.012174
AAATCGTGTACCACAA-1,0.358831,0.082232,0.091961,0.367217,0.099759
AAATCTAGCCCTGCTA-1,0.983462,0.00331,0.006606,0.003309,0.003313
AAATCTGCCCGCGTCC-1,0.612606,0.381488,0.002952,0.001476,0.001477
AAATGATTCGATCAGC-1,0.035031,0.274087,0.162567,0.161279,0.367036
AAATGCTCGTTACGTT-1,0.530316,0.468801,0.000442,0.000221,0.000221
AAATGGCATGTCTTGT-1,0.351318,0.415057,0.126267,0.00074,0.106618
AAATGGCCCGTGCCCT-1,0.551211,0.147981,0.127063,0.172871,0.000873
AAATGGTCAATGTGCC-1,0.317464,0.67887,0.001833,0.000916,0.000916
AAATGTATCTTATCCC-1,0.081165,0.385124,0.028387,0.350598,0.154725
AAATGTGGGTGCTCCT-1,0.964838,0.00703,0.014062,0.007035,0.007035
AAATTAACGGGTAGCT-1,0.140204,0.343862,0.384057,0.062163,0.069713
AAATTACACGACTCTG-1,0.480773,0.00847,0.27245,0.237183,0.001124
AAATTCCAGGTCCAAA-1,0.624186,0.356493,0.000385,0.004815,0.014121
AAATTGATAGTCCTTT-1,0.980822,0.00384,0.007659,0.003842,0.003836
AAATTGCGGCGGTTCT-1,0.02427,0.024191,0.048003,0.87939,0.024146
AAATTGGTGAGAAGCA-1,0.000153,0.206407,0.081092,0.144644,0.567703
AAATTTACCGAAATCC-1,0.005117,0.974488,0.010192,0.005098,0.005105
AAATTTGCGGGTGTGG-1,0.694913,0.298667,0.003208,0.001607,0.001605
AACAACTGGTAGTTGC-1,0.13027,0.305274,0.556285,0.003147,0.005024
AACAATACATTGTCGA-1,0.364693,0.001755,0.003508,0.628289,0.001754
AACAATTACTCTACGC-1,0.357159,0.361583,0.135808,0.039688,0.105762
AACACACGCTCGCCGC-1,0.53691,0.002189,0.004377,0.230082,0.226442
AACACGACTGTACTGA-1,0.257369,0.724902,0.008855,0.004433,0.004442
AACACGAGACGCGGCC-1,0.091625,0.385999,0.091132,0.116253,0.314991
AACACGCGGCCGCGAA-1,0.990079,0.001985,0.003967,0.001984,0.001985
AACAGCTGTGTGGCAA-1,0.399642,0.049829,0.000985,0.20422,0.345324
AACAGGAAATCGAATA-1,0.574557,0.000777,0.011552,0.000777,0.412337
AACAGGATGGGCCGCG-1,0.486346,0.234192,0.085299,0.000623,0.19354
AACAGGTAGTATGGAT-1,0.769346,0.000624,0.228781,0.000624,0.000624
AACATCGATACGTCTA-1,0.00016,0.234399,0.00032,0.00016,0.764962
AACATTGAAGTTGATC-1,0.401993,0.585519,0.006245,0.003124,0.003119
AACATTGGTCAGCCGT-1,0.439932,0.012952,0.521249,0.01291,0.012956
AACATTGTGACTCGAG-1,0.985226,0.002959,0.00591,0.002956,0.00295
AACCAAGACTTCTCTG-1,0.2521,0.220605,0.040838,0.22367,0.262786
AACCAGTATCACTCTT-1,0.125335,0.389649,0.046999,0.4376,0.000417
AACCATAGGGTTGAAC-1,0.477731,0.517681,0.002295,0.001147,0.001147
AACCATGGGATCGCTA-1,0.641103,0.187669,0.034479,0.095866,0.040883
AACCCAGAGACGGAGA-1,0.651482,0.347744,0.000387,0.000194,0.000194
AACCCATCCCATGATC-1,0.390858,0.449482,0.095422,0.063968,0.00027
AACCCGACAACCCGTG-1,0.83392,0.150764,0.007649,0.003836,0.003832
AACCCGAGCAGAATCG-1,0.11294,0.051999,0.074379,0.62735,0.133333
AACCCTACTGTCAATA-1,0.000649,0.359669,0.108316,0.011818,0.519548
AACCCTGGTGGAACCA-1,0.120601,0.069779,0.124738,0.684088,0.000795
AACCGAGCTTGGTCAT-1,0.195372,0.396737,0.234613,0.100452,0.072827
AACCGCTAAGGGATGC-1,0.194828,0.000699,0.187947,0.296026,0.3205
AACCGTTGTGTTTGCT-1,0.749813,0.002516,0.005031,0.240125,0.002516
AACCTAAAGCCGTCCG-1,0.640756,0.34975,0.004744,0.002375,0.002375
AACCTCGCTTTAGCCC-1,0.206908,0.782573,0.005258,0.002631,0.00263
AACCTGTCACGGAATT-1,0.099716,0.034185,0.079538,0.351396,0.435165
AACCTTTAAATACGGT-1,0.982789,0.003443,0.006893,0.003439,0.003436
AACCTTTACGACGTCT-1,0.837916,0.001492,0.157609,0.001492,0.001492
AACGAAAGTCGTCCCA-1,0.446054,0.535401,0.016411,0.001067,0.001067
AACGACCTCCTAGCCG-1,0.554805,0.000392,0.076632,0.111236,0.256935
AACGATAATGCCGTAG-1,0.964885,0.007026,0.014036,0.007031,0.007021
AACGATAGAAGGGCCG-1,0.222893,0.38987,0.385157,0.00104,0.00104
AACGATATGTCAACTG-1,0.186022,0.434727,0.074431,0.105155,0.199666
AACGCATGATCTGGGT-1,0.054399,0.188826,0.027092,0.184408,0.545274
AACGCGAACGGCAACA-1,0.182915,0.000711,0.098698,0.587213,0.130463
AACGCGACCTTGGGCG-1,0.983143,0.003377,0.006735,0.003371,0.003374
AACGCGGTCTCCAGCC-1,0.075772,0.45702,0.457853,0.00757,0.001785
AACGCTGTTGCTGAAA-1,0.977867,0.004433,0.008856,0.004422,0.004422
AACGGACGTACGTATA-1,0.000975,0.000973,0.00195,0.995128,0.000974
AACGGCCATCTCCGGT-1,0.312462,0.177238,0.218853,0.225879,0.065568
AACGTACTGTGGGTAC-1,0.351782,0.00144,0.196679,0.001441,0.448658
AACGTAGTCTACCCAT-1,0.362665,0.612438,0.012448,0.006225,0.006225
AACGTCAGACTAGTGG-1,0.046665,0.205206,0.402653,0.232273,0.113202
AACGTCGCTGCACTTC-1,0.562826,0.000901,0.434469,0.000902,0.000902
AACGTGATGAAGGACA-1,0.987622,0.002478,0.004952,0.002474,0.002474
AACGTGCGAAAGTCTC-1,0.089942,0.325761,0.512907,0.01651,0.05488
AACGTTATCAGCACCT-1,0.820898,0.000399,0.078767,0.098014,0.001923
AACTACCCGTTTGTCA-1,0.585033,0.001239,0.071331,0.001239,0.341159
AACTAGCGTATCGCAC-1,0.985957,0.002806,0.005616,0.002813,0.002809
AACTAGGCTTGGGTGT-1,0.978353,0.004326,0.008663,0.004335,0.004323
AACTCAAGTTAATTGC-1,0.19184,0.727168,0.080262,0.000365,0.000365
AACTCCAGAGCGTGTT-1,0.999326,0.000135,0.00027,0.000135,0.000135
AACTCCTAATCCCATG-1,0.000061,0.000061,0.485284,0.509849,0.004744
AACTCGATAAACACGT-1,0.005435,0.660928,0.010879,0.005443,0.317315
AACTCGATGGCGCAGT-1,0.422004,0.378034,0.031384,0.148661,0.019916
AACTCTCAATAGAGCG-1,0.253457,0.187656,0.105476,0.294208,0.159202
AACTCTCAGTGTGCTC-1,0.521826,0.473617,0.002277,0.00114,0.001139
AACTGAGGTCAGCGTC-1,0.163015,0.000444,0.342578,0.493519,0.000443
AACTGAGTTATACTGA-1,0.171698,0.055582,0.121918,0.031472,0.619329
AACTGATATTAGGCCT-1,0.196127,0.245765,0.297101,0.252616,0.008391
AACTGGGTCCCGACGT-1,0.001872,0.406034,0.286151,0.001872,0.304071
AACTGGGTTCGAGCCG-1,0.332014,0.001853,0.069307,0.594974,0.001853
AACTGGTGTGGGCCTT-1,0.997512,0.000497,0.000995,0.000497,0.000498
AACTTCTGCGTCTATC-1,0.494415,0.000315,0.094409,0.372991,0.03787
AACTTGCCCGTATGCA-1,0.377907,0.325583,0.258654,0.007283,0.030572
AACTTGCGTTCTCGCG-1,0.342421,0.654638,0.00147,0.000735,0.000735
AACTTTAGCTGCTGAG-1,0.645961,0.151361,0.003968,0.196726,0.001984
AAGAAATCACCAGATT-1,0.107381,0.228851,0.212303,0.054656,0.396809
AAGAAGGATCAGTTAG-1,0.475082,0.397453,0.059077,0.068237,0.000152
AAGACATACGTGGTTT-1,0.988429,0.000167,0.000334,0.010903,0.000167
AAGACCAAATAACTCA-1,0.311695,0.68649,0.000907,0.000453,0.000454
AAGACCCAACTGAACA-1,0.005117,0.974497,0.010192,0.005094,0.0051
AAGACTAACCCGTTGT-1,0.975252,0.004958,0.009889,0.004951,0.004951
AAGACTCACGCCCACT-1,0.551578,0.367114,0.080016,0.000646,0.000646
AAGACTGCAAGCTACT-1,0.002709,0.007283,0.589348,0.349331,0.051329
AAGAGATGAATCGGTA-1,0.105493,0.419146,0.002247,0.471991,0.001124
AAGAGCTCTTTATCGG-1,0.018431,0.105826,0.795978,0.071321,0.008444
AAGAGGATGTACGCGA-1,0.177186,0.751249,0.017589,0.000177,0.053798
AAGAGGCATGGATCGC-1,0.000022,0.001823,0.899436,0.087447,0.011273
AAGAGGCCCTTTGGAA-1,0.999154,0.000169,0.000338,0.000169,0.000169
AAGATGGCACCGGACC-1,0.89469,0.096555,0.004376,0.00219,0.002189
AAGCACCCTGCGTATC-1,0.978905,0.004223,0.008439,0.004217,0.004215
AAGCATACTCTCCTGA-1,0.560584,0.31538,0.119076,0.00248,0.00248
AAGCCACTTGCAGGTA-1,0.985987,0.002807,0.005603,0.002802,0.002801
AAGCCGAAGCGGTTTA-1,0.917984,0.075405,0.003305,0.001653,0.001652
AAGCCGCCGTGAAATC-1,0.988607,0.002277,0.004556,0.00228,0.002279
AAGCCGCTTTACCTTG-1,0.000089,0.124017,0.258956,0.538815,0.078122
AAGCCGGAGAGCAGGA-1,0.988255,0.010971,0.000387,0.000194,0.000194
AAGCGCAGGGCTTTGA-1,0.983155,0.003375,0.00674,0.003365,0.003365
AAGCGGCGTCATGGGT-1,0.985948,0.002811,0.005626,0.002807,0.002808
AAGCGTCCCTCATCGA-1,0.653934,0.001873,0.06589,0.276429,0.001873
AAGCTAGATCGAGTAA-1,0.738389,0.001792,0.256233,0.001794,0.001793
AAGCTCGTGCCAAGTC-1,0.044958,0.073959,0.771619,0.031215,0.078248
AAGCTCTTTCATGGTG-1,0.48916,0.495149,0.007849,0.003918,0.003924
AAGGAGAACTTATAAG-1,0.859232,0.131395,0.004687,0.002344,0.002342
AAGGAGCGGTTGGTGC-1,0.039811,0.171774,0.787334,0.00083,0.000252
AAGGATCGATCGCTTG-1,0.988117,0.002374,0.004752,0.002378,0.002379
AAGGCAGGCTGTCTCC-1,0.522602,0.259047,0.001801,0.000901,0.215649
AAGGCGCGTAAAGCTT-1,0.260953,0.452114,0.267324,0.010917,0.008692
AAGGGAACGACTGGCT-1,0.989968,0.002008,0.004013,0.002006,0.002005
AAGGGACTATGCATTC-1,0.293302,0.291689,0.412789,0.00111,0.00111
AAGGTATCCTAATATA-1,0.000313,0.000313,0.067582,0.414703,0.51709
AAGGTGATAAACCAGC-1,0.973659,0.00527,0.010547,0.005263,0.005261
AAGTAAGCTTCCAAAC-1,0.976647,0.00468,0.009334,0.004666,0.004673
AAGTAGAAGACCGGGT-1,0.628623,0.000653,0.099391,0.052185,0.219148
AAGTAGTGACGCGAGG-1,0.270002,0.446637,0.000367,0.066947,0.216047
AAGTCAATTGTCGTCA-1,0.52063,0.471346,0.00401,0.002007,0.002006
AAGTCTAGTAGCTGCC-1,0.101001,0.039686,0.223539,0.132411,0.503363
AAGTCTTCTGTGGCCT-1,0.062302,0.508671,0.261518,0.03487,0.13264
AAGTGACGACCGAATT-1,0.184331,0.360318,0.00032,0.059107,0.395924
AAGTGAGTCGGGTTTA-1,0.862891,0.003241,0.12739,0.003238,0.003239
AAGTGCAAAGGTAGAC-1,0.41446,0.585264,0.000138,0.000069,0.000069
AAGTGCCTTGACTGTA-1,0.983149,0.003374,0.006733,0.003373,0.003371
AAGTGCGTTAGAATCT-1,0.2719,0.089044,0.060309,0.57786,0.000887
AAGTGCTTCTCTATTG-1,0.984101,0.003184,0.006359,0.003178,0.003179
AAGTGTTTGGAGACGG-1,0.118518,0.366724,0.512832,0.000963,0.000963
AAGTTCACTCCAAGCT-1,0.985726,0.002857,0.005711,0.002853,0.002853
AAGTTCAGTCTGCGTA-1,0.140281,0.725115,0.025921,0.015768,0.092914
AAGTTCGGCCAACAGG-1,0.99073,0.001854,0.003708,0.001853,0.001855
AAGTTGTGATGTTATA-1,0.886259,0.112977,0.000382,0.000191,0.000191
AAGTTTACTAATGGCA-1,0.966368,0.006742,0.013443,0.006717,0.00673
AAGTTTATGGGCCCAA-1,0.831813,0.163403,0.002393,0.001195,0.001195
AATAACAACGCTCGGC-1,0.001081,0.191312,0.00216,0.003934,0.801512
AATAACACTAGAACAA-1,0.269678,0.364365,0.293362,0.071932,0.000663
AATAAGTCCTCGAGAC-1,0.42226,0.001983,0.571796,0.001981,0.001981
AATAATCTTCGTATCG-1,0.563153,0.43463,0.001109,0.000554,0.000554
AATACAATGTTTCAGG-1,0.506347,0.281463,0.004215,0.002108,0.205868
AATACCGGAGGGCTGT-1,0.381298,0.422593,0.004214,0.002107,0.189788
AATAGAACAGAGTGGC-1,0.176234,0.819443,0.002162,0.001081,0.00108
AATAGAATCTGTTTCA-1,0.674437,0.003511,0.315033,0.003509,0.00351
AATAGCAAGCCTCCTG-1,0.651773,0.103997,0.148477,0.002031,0.093721
AATAGCTACCGCGTGC-1,0.121012,0.515753,0.023489,0.011428,0.328318
AATAGTCCGTCCCGAC-1,0.974421,0.005109,0.010238,0.005117,0.005114
AATAGTCGCGAGTCGG-1,0.804175,0.191076,0.002374,0.001188,0.001187
AATATCAAGGTCGGAT-1,0.634579,0.000097,0.047417,0.214391,0.103516
AATATCCTAGCAAACT-1,0.023147,0.646391,0.021479,0.06776,0.241222
AATATCGAATCAATGC-1,0.954895,0.04158,0.001764,0.00088,0.000881
AATATTGGAGTATTGA-1,0.267978,0.525871,0.017814,0.000416,0.18792
AATCAGACTGCAGGAC-1,0.964908,0.007029,0.014025,0.007022,0.007016
AATCAGGTTTCATTTA-1,0.48987,0.002516,0.502582,0.002515,0.002517
AATCATGTAAAGACTC-1,0.872395,0.002216,0.004434,0.118738,0.002217
AATCCAAGGGCCTGAG-1,0.975976,0.02294,0.000542,0.000271,0.000271
AATCCATGCAAGGGTG-1,0.44752,0.000137,0.192151,0.34546,0.014733
AATCGCCTCAGCGCCA-1,0.268612,0.204429,0.525751,0.000604,0.000604
AATCGCGCAGAGGACT-1,0.797545,0.001478,0.002958,0.19654,0.001479
AATCGGGACACTACGA-1,0.001813,0.325755,0.003867,0.666753,0.001812
AATCGGTATAGCCCTC-1,0.862507,0.135381,0.001057,0.000528,0.000528
AATCGTGAGCCGAGCA-1,0.994986,0.001004,0.002006,0.001002,0.001002
AATCTAGGTTTACTTG-1,0.000245,0.000245,0.510299,0.488966,0.000245
AATCTCTACTGTGGTT-1,0.10467,0.57137,0.043252,0.162563,0.118145
AATCTGCGTTGGGACG-1,0.355356,0.429676,0.211742,0.00018,0.003046
AATCTGGCTTTCTAGT-1,0.491631,0.012809,0.00344,0.490401,0.00172
AATCTGGGTAGACCCT-1,0.807411,0.00401,0.180558,0.004009,0.004011
AATGACAGCAATGTCT-1,0.272722,0.002032,0.371123,0.352091,0.002031
AATGACGTAGGATGTC-1,0.00433,0.978383,0.008647,0.004322,0.004318
AATGACTGTCAGCCGG-1,0.000086,0.070344,0.81584,0.101319,0.012412
AATGAGTTCGCATATG-1,0.609967,0.388913,0.00056,0.00028,0.00028
AATGATGATACGCTAT-1,0.106886,0.710604,0.0576,0.038983,0.085926
AATGATGCGACTCCTG-1,0.14876,0.125043,0.160493,0.036389,0.529315
AATGCAACCGGGTACC-1,0.020408,0.05264,0.894751,0.026204,0.005997
AATGCACCAAGCAATG-1,0.135487,0.554184,0.012468,0.039931,0.25793
AATGGTCCACCGTTCA-1,0.349632,0.472141,0.000611,0.177311,0.000305
AATGGTTCTCACAAGC-1,0.164247,0.296828,0.000479,0.538206,0.00024
AATGTATGGCACTGTA-1,0.687806,0.058812,0.24932,0.002031,0.002031
AATGTGCCCGAGGTGT-1,0.698787,0.002635,0.00527,0.002634,0.290674
AATGTGCTAATCTGAG-1,0.70588,0.2827,0.005707,0.002856,0.002856
AATGTTGTCGTGAGAC-1,0.835642,0.054994,0.0003,0.00015,0.108914
AATTAAAGGTCGGCGT-1,0.187265,0.812038,0.000348,0.000174,0.000174
AATTAACGGATTTCCA-1,0.426875,0.566316,0.003404,0.001703,0.001702
AATTACGAGACCCATC-1,0.827247,0.001416,0.168504,0.001417,0.001417
AATTACTCGTACGCTC-1,0.566229,0.003439,0.006878,0.003439,0.420016
AATTAGCGCTGCAGCG-1,0.52038,0.471871,0.003875,0.001936,0.001936
AATTCATAAGGGATCT-1,0.095083,0.760969,0.008697,0.011323,0.123928
AATTCATTGTCATGCA-1,0.459453,0.281237,0.254125,0.002594,0.002591
AATTCCAACTTGGTGA-1,0.576376,0.003746,0.007489,0.408643,0.003746
AATTCCAAGCATGTAC-1,0.703444,0.001519,0.003034,0.290484,0.001519
AATTCGATTCGAGGAT-1,0.977264,0.004552,0.009094,0.004544,0.004547
AATTCTAGAGTTAGGC-1,0.77344,0.21333,0.006617,0.003307,0.003306
AATTGAACGCTCTGGT-1,0.975222,0.00496,0.009913,0.004948,0.004957
AATTGCAGCAATCGAC-1,0.999225,0.000155,0.00031,0.000155,0.000155
AATTGCGTGGATTACA-1,0.433463,0.559798,0.003369,0.001684,0.001685
AATTGTGGTTGCCAAA-1,0.999576,0.000085,0.00017,0.000085,0.000085
AATTTGGGACATAGTA-1,0.685669,0.001531,0.003064,0.308204,0.001532
AATTTGGTTCCAAAGA-1,0.46628,0.515012,0.009354,0.004674,0.00468
ACAAACCATGCGTCCT-1,0.312516,0.230523,0.324644,0.131755,0.000562
ACAAACCGACAAGGCG-1,0.536648,0.455865,0.003742,0.001871,0.001874
ACAAAGAAGGTAGGCC-1,0.038121,0.753556,0.011725,0.020353,0.176245
ACAAAGCATGACCTAG-1,0.541363,0.421573,0.003445,0.008994,0.024624
ACAAATCGCACCGAAT-1,0.575613,0.414166,0.00511,0.002557,0.002554
ACAAATGGTAGTGTTT-1,0.733072,0.250063,0.008433,0.004214,0.004218
ACAAATTCAGATCTGA-1,0.624674,0.366098,0.004618,0.002304,0.002305
ACAACAGCATGAGCTA-1,0.069163,0.291281,0.573671,0.038316,0.027569
ACAACGGTCCCTGCGA-1,0.131009,0.141767,0.104008,0.55951,0.063706
ACAAGGAAATCCGCCC-1,0.976647,0.004681,0.009327,0.00467,0.004674
ACAAGGACAAGAGGTT-1,0.248906,0.109358,0.356392,0.279116,0.006228
ACAAGGATGCTTTAGG-1,0.992041,0.001591,0.003184,0.001592,0.001592
ACAAGGCCTACCAGCC-1,0.152143,0.086835,0.002354,0.395312,0.363356
ACAAGGGCAGGCTCTG-1,0.566614,0.002405,0.426163,0.002409,0.00241
ACAATAGTCGTACGTT-1,0.105562,0.641586,0.17028,0.007875,0.074697
ACAATCCATTTAAACC-1,0.001317,0.852754,0.002633,0.141979,0.001317
ACAATCGATCTTTATA-1,0.464819,0.527599,0.003792,0.001896,0.001895
ACAATGAATACGGAGA-1,0.820503,0.002217,0.004435,0.170627,0.002218
ACAATGATTCTTCTAC-1,0.722271,0.001257,0.002516,0.272697,0.001258
ACAATTGTGTCTCTTT-1,0.992471,0.001503,0.003011,0.001508,0.001506
ACAATTTGGCCATATT-1,0.263601,0.234216,0.050583,0.34374,0.10786
ACACAAAGACGGGTGG-1,0.036918,0.076443,0.843612,0.030206,0.01282
ACACAAATATTCCTAG-1,0.3056,0.113967,0.236218,0.015445,0.32877
ACACACCAGGACCAGT-1,0.627733,0.004215,0.00842,0.004214,0.355419
ACACACTTTCTACACG-1,0.68196,0.291069,0.013512,0.006729,0.006731
ACACATGATCAAATCT-1,0.650955,0.219374,0.127849,0.000911,0.000911
ACACATTGACGCAACA-1,0.621885,0.003508,0.007016,0.364083,0.003507
ACACATTTCCGTAGAC-1,0.698217,0.296555,0.002616,0.001307,0.001306
ACACCACATAATTAGC-1,0.719049,0.000266,0.067455,0.000266,0.212964
ACACCCAGCATGCAGC-1,0.144081,0.196466,0.568812,0.024555,0.066087
ACACCCGAGAAATCCG-1,0.173479,0.455664,0.001813,0.169004,0.20004
ACACCGAGCGCTCTTT-1,0.171432,0.823792,0.002389,0.001194,0.001194
ACACCGGTCTGACCGC-1,0.88119,0.111554,0.003626,0.001816,0.001814
ACACCTTAAGTAGGGC-1,0.04216,0.003207,0.865365,0.062876,0.026392
ACACCTTACTACTTGC-1,0.21689,0.665358,0.079722,0.036714,0.001316
ACACGGCACTATGCAT-1,0.170291,0.000648,0.149365,0.679047,0.000648
ACACGGGAACTTAGGG-1,0.170691,0.547636,0.237153,0.027379,0.017141
ACACGTAGGCCACAAG-1,0.420488,0.224652,0.000243,0.160332,0.194285
ACACTCCAATGTCACT-1,0.632116,0.362175,0.002854,0.001428,0.001427
ACACTGATCAAGGTGT-1,0.197249,0.78451,0.009119,0.004561,0.00456
ACACTGGGACAGTCGT-1,0.741615,0.004228,0.017724,0.204188,0.032244
ACAGAACTGAGAACAA-1,0.418245,0.287248,0.107819,0.185989,0.000699
ACAGATTAGGTTAGTG-1,0.012124,0.939744,0.024069,0.012052,0.012012
ACAGCATAGAGCCAGT-1,0.195968,0.689971,0.003969,0.108109,0.001983
ACAGCGACATTCTCAT-1,0.957321,0.000107,0.042358,0.000107,0.000107
ACAGCGCACCCGCAGC-1,0.054424,0.000324,0.086233,0.658334,0.200685
ACAGGAGGCGCAGCCG-1,0.135009,0.861969,0.001511,0.000755,0.000756
ACAGGCACGGATCCTT-1,0.220677,0.000046,0.051285,0.635387,0.092605
ACAGGCTTGCCCGACT-1,0.851607,0.002307,0.004617,0.139159,0.00231
ACAGGTGGAGGTGAGG-1,0.166072,0.718123,0.004554,0.002277,0.108973
ACAGTAATACAACTTG-1,0.093924,0.221574,0.126301,0.302672,0.255529
ACAGTATACCGTGGGA-1,0.017249,0.519279,0.071322,0.172879,0.219271
ACAGTGCAGCGCATTT-1,0.341049,0.190007,0.045917,0.348716,0.074311
ACATAAGTCGTGGTGA-1,0.416707,0.148305,0.001862,0.000932,0.432195
ACATAATAAGGCGGTG-1,0.280962,0.073272,0.524896,0.064704,0.056166
ACATCCCGGCCATACG-1,0.977798,0.004442,0.008878,0.004442,0.004441
ACATCCTGGTAACTGT-1,0.701859,0.001479,0.293705,0.001478,0.001479
ACATCGATCGTTTACC-1,0.1613,0.387278,0.333903,0.000854,0.116665
ACATCGGTCAGCCGCG-1,0.21037,0.789116,0.000257,0.000128,0.000128
ACATCGTATGCAATGG-1,0.599075,0.388889,0.006016,0.003012,0.003007
ACATCGTTAACCTAGT-1,0.536797,0.454888,0.004161,0.002076,0.002079
ACATCTCAACGCGTAA-1,0.106448,0.883186,0.005181,0.002594,0.002593
ACATGCTTACGGCAGC-1,0.344625,0.514373,0.140278,0.000363,0.000362
ACATGGCGCCAAAGTA-1,0.701824,0.000739,0.001478,0.00074,0.29522
ACATGGCTCAATTTAG-1,0.734888,0.003241,0.006486,0.003244,0.252141
ACATTAGTTTATATCC-1,0.617389,0.367962,0.007326,0.003661,0.003662
ACATTCGCGCGGAATA-1,0.51998,0.474409,0.002806,0.001402,0.001403
ACATTTGAAACCTAAC-1,0.531674,0.000622,0.036388,0.123266,0.308049
ACCAAACACCCAGCGA-1,0.000057,0.02815,0.056952,0.01853,0.896311
ACCAAACTAGAAATCC-1,0.78657,0.001532,0.003068,0.001533,0.207297
ACCAACACCACACACT-1,0.061573,0.22376,0.049978,0.079228,0.585461
ACCAACCGCACTCCAC-1,0.781226,0.011136,0.000339,0.191447,0.015852
ACCAACGCTTATTTAT-1,0.547575,0.237794,0.008649,0.201658,0.004323
ACCAAGAACGCGTGTC-1,0.245427,0.620467,0.13083,0.002434,0.000843
ACCAAGTCATCGGCAG-1,0.977967,0.021385,0.000324,0.000162,0.000162
ACCAATATGCAAGTTA-1,0.637552,0.347787,0.007331,0.003665,0.003665
ACCACAACTCAGAACA-1,0.810149,0.025928,0.159308,0.002308,0.002307
ACCACCAATGTAACAA-1,0.465628,0.408727,0.000365,0.098183,0.027098
ACCACGTGCAGCTATA-1,0.534055,0.453456,0.006243,0.003123,0.003123
ACCACTGTTCAAGAAG-1,0.469734,0.516222,0.007027,0.003507,0.003509
ACCAGACCATAACAAC-1,0.104332,0.287498,0.205436,0.215361,0.187374
ACCAGCCCGGTCTTTG-1,0.003183,0.984107,0.006356,0.003175,0.003179
ACCAGGAGTGTGATCT-1,0.926774,0.004013,0.008012,0.05719,0.00401
ACCAGTGCCCGGTCAA-1,0.619372,0.002161,0.374144,0.002163,0.002161
ACCAGTGCGGGAGACG-1,0.984672,0.003067,0.006132,0.003064,0.003066
ACCATATCCGCAATAA-1,0.091445,0.250095,0.639671,0.002847,0.015942
ACCATCCGCCAACTAG-1,0.07105,0.68405,0.000317,0.076553,0.16803
ACCATCGTATATGGTA-1,0.345496,0.344627,0.174116,0.090522,0.045239
ACCATTAAGGGTGTCA-1,0.649319,0.002633,0.342781,0.002633,0.002633
ACCCAACGCCCGTGGC-1,0.002007,0.011189,0.843591,0.104295,0.038918
ACCCACCTACATGCTC-1,0.095755,0.187922,0.704066,0.012038,0.000219
ACCCATCTTGAGGGTA-1,0.064189,0.418394,0.013462,0.016466,0.487489
ACCCATTTGTCCCTCT-1,0.261076,0.003001,0.105844,0.441713,0.188367
ACCCGAGCGAAATTAC-1,0.251363,0.609335,0.00571,0.002853,0.13074
ACCCGATTGGTTCCGA-1,0.982803,0.003441,0.006878,0.003439,0.003439
ACCCGGAAACTCCCAG-1,0.158077,0.000814,0.001629,0.307701,0.531779
ACCCGGAGCACCACAA-1,0.034471,0.042247,0.000296,0.916586,0.006401
ACCCGGATGACGCATC-1,0.863719,0.001916,0.00383,0.128621,0.001914
ACCCGGTTACACTTCC-1,0.571384,0.00098,0.001959,0.293623,0.132055
ACCCGTAGCAGAGAAT-1,0.849669,0.143458,0.003437,0.001718,0.001718
ACCCGTAGTCTAGTTG-1,0.861449,0.021348,0.074272,0.000106,0.042824
ACCCGTGTCATCAGTA-1,0.980869,0.003833,0.007649,0.003825,0.003825
ACCCTATAGGACTGAG-1,0.610469,0.374544,0.007493,0.00375,0.003745
ACCCTATGCCATATCG-1,0.194972,0.587817,0.000931,0.215815,0.000466
ACCCTCCCGTCAGGGC-1,0.929177,0.07009,0.000367,0.000183,0.000183
ACCCTCCCTTGCTATT-1,0.205242,0.001605,0.003211,0.46539,0.324551
ACCCTGGTAACGCCCT-1,0.000926,0.540108,0.001851,0.177211,0.279904
ACCCTTCATCTGCGAA-1,0.312479,0.325415,0.002516,0.358332,0.001258
ACCCTTTAGTTCTCCA-1,0.001546,0.613669,0.00309,0.38015,0.001545
ACCGAAAGGGCCCTGC-1,0.583582,0.00527,0.400604,0.00527,0.005275
ACCGAAGAGTCTGGTT-1,0.749605,0.24237,0.004012,0.002006,0.002007
ACCGACACATCTCCCA-1,0.162302,0.00054,0.132321,0.080193,0.624644
ACCGACTGAGTCCCAC-1,0.135517,0.168302,0.454484,0.030872,0.210825
ACCGAGTCTCCTTATT-1,0.993265,0.001349,0.002694,0.001346,0.001346
ACCGATAGGCATAACC-1,0.400731,0.386851,0.021137,0.190654,0.000627
ACCGATATTTAATCAT-1,0.738912,0.001416,0.256837,0.001417,0.001418
ACCGATGGTAGCATCG-1,0.740531,0.256289,0.00159,0.000795,0.000795
ACCGCAATAACTGCCT-1,0.783651,0.00159,0.003178,0.209991,0.00159
ACCGCGGTGGAAGTCG-1,0.516424,0.289914,0.003589,0.001795,0.188278
ACCGCTAGTCATTGGT-1,0.749132,0.244264,0.0033,0.001653,0.001651
ACCGGGCCTTTGTTGA-1,0.565621,0.422763,0.005811,0.002902,0.002902
ACCGGTCAGGTACACC-1,0.992474,0.001505,0.003011,0.001506,0.001505
ACCGGTCTGAGTACGG-1,0.239805,0.036515,0.482674,0.240423,0.000583
ACCGTCCACTGGGCCC-1,0.410589,0.463546,0.124575,0.000645,0.000645
ACCGTGACCACGTGGG-1,0.848129,0.138664,0.006604,0.003302,0.0033
ACCGTTCCCGCTCTGA-1,0.979011,0.004211,0.008389,0.004195,0.004194
ACCTAAGTACCTTTCA-1,0.289976,0.331384,0.374934,0.001853,0.001853
ACCTACAGTATGTGGT-1,0.13959,0.332608,0.146408,0.380155,0.001239
ACCTACTATAAATCTA-1,0.381929,0.607862,0.005102,0.002554,0.002553
ACCTCCGCCCTCGCTG-1,0.815835,0.182948,0.000609,0.000304,0.000304
ACCTCCGTTATTCACC-1,0.574146,0.270239,0.002006,0.001003,0.152605
ACCTCGAACTTATGCT-1,0.751189,0.002029,0.242718,0.002031,0.002033
ACCTGCGTGTCATGTT-1,0.358548,0.258111,0.023139,0.186452,0.17375
ACCTTTCCTTTAGAAG-1,0.002517,0.609025,0.005028,0.002517,0.380913
ACGACCCATGAGTTGC-1,0.214834,0.779147,0.00301,0.001504,0.001505
ACGACTCTAGGGCCGA-1,0.870611,0.041273,0.000227,0.000113,0.087775
ACGACTGGTCATACTC-1,0.000774,0.149394,0.12785,0.660167,0.061815
ACGAGAACCCATCACG-1,0.976772,0.009224,0.000306,0.013546,0.000153
ACGAGATATTTGCTTA-1,0.000152,0.131545,0.237417,0.466472,0.164414
ACGAGGATACCACTCT-1,0.320158,0.000834,0.207576,0.470597,0.000834
ACGAGGTTTACAACGT-1,0.320136,0.344452,0.259671,0.071237,0.004504
ACGAGTCGCCGGCGTT-1,0.356659,0.635128,0.004108,0.002052,0.002053
ACGATACATAGAACTA-1,0.233973,0.634376,0.006921,0.001187,0.123543
ACGATCATACATAGAG-1,0.102994,0.322359,0.429951,0.076692,0.068004
ACGATCATCTTGTAAA-1,0.981245,0.003754,0.007496,0.00375,0.003754
ACGATGCATATGTTAT-1,0.241917,0.226131,0.076367,0.144251,0.311334
ACGATGGATCCGATGC-1,0.336644,0.456984,0.00318,0.201602,0.00159
ACGCAAACTAATAGAT-1,0.553042,0.441926,0.002518,0.001257,0.001257
ACGCATAAATGACATG-1,0.06735,0.177133,0.029668,0.264682,0.461167
ACGCATACGTTTACTA-1,0.815302,0.010009,0.064373,0.074968,0.035347
ACGCATTCGTGAGTAC-1,0.146171,0.346971,0.160094,0.344932,0.001832
ACGCCAGATGATTTCT-1,0.036182,0.845302,0.077143,0.000675,0.040699
ACGCCAGTGCGTTTGC-1,0.752963,0.246097,0.00047,0.000235,0.000235
ACGCCCAGCTGTCGAT-1,0.151947,0.664582,0.007838,0.171713,0.003921
ACGCCGCTAGACGACC-1,0.263859,0.038205,0.126092,0.571002,0.000843
ACGCCTGACACGCGCT-1,0.238972,0.759523,0.000752,0.000376,0.000376
ACGCGAAGTCAGACGA-1,0.527504,0.458463,0.00702,0.003505,0.003508
ACGCGCTACACAGGGT-1,0.188055,0.545244,0.128292,0.011223,0.127187
ACGCGGGCCAAGGACA-1,0.133568,0.518092,0.341233,0.000333,0.006774
ACGCGTTTCTTAAGAG-1,0.406106,0.434306,0.066914,0.000343,0.092331
ACGCTGTGAGGCGTAG-1,0.041739,0.410443,0.053617,0.104858,0.389344
ACGCTTAGTGTCTCTC-1,0.480122,0.399586,0.118261,0.001015,0.001015
ACGGAACACGAGTGCC-1,0.682312,0.135601,0.18064,0.000724,0.000723
ACGGAATTTAGCAAAT-1,0.98387,0.001409,0.000465,0.000232,0.014025
ACGGACGCAGCGACAA-1,0.219822,0.508173,0.061157,0.053695,0.157154
ACGGACTCTCAAAGCG-1,0.835315,0.003122,0.00624,0.00312,0.152204
ACGGAGCGCAAATTAC-1,0.069966,0.298533,0.003291,0.055468,0.572742
ACGGATGGTGCGGATA-1,0.577576,0.380224,0.021104,0.010562,0.010534
ACGGCACTTGCTTGGG-1,0.69886,0.00544,0.284823,0.005442,0.005436
ACGGCCAACATGGACT-1,0.864814,0.000864,0.132594,0.000864,0.000864
ACGGCGACGATGGGAA-1,0.852545,0.001915,0.141707,0.001915,0.001917
ACGGCGGGTTGCCCTG-1,0.870723,0.106818,0.011226,0.005621,0.005612
ACGGCTGGATGTAGAA-1,0.450738,0.546793,0.001235,0.000617,0.000617
ACGGGAGTGTCGGCCC-1,0.43171,0.002676,0.37042,0.002675,0.192519
ACGGGTCATGTGACTT-1,0.092839,0.507311,0.384006,0.01407,0.001774
ACGGGTTGTGACCTGT-1,0.672563,0.160315,0.004684,0.002341,0.160096
ACGGTACAGTTCAATG-1,0.966904,0.032184,0.000456,0.000228,0.000228
ACGGTCACCGAGAACA-1,0.183771,0.334243,0.016305,0.414426,0.051255
ACGTACAGATTTCTCT-1,0.201651,0.001393,0.002784,0.792778,0.001393
ACGTACTTTGGCACGG-1,0.576197,0.412385,0.005709,0.002854,0.002855
ACGTAGATTGCTGATG-1,0.003957,0.102788,0.655955,0.210361,0.026939
ACGTAGGAGAGTCGCT-1,0.191731,0.288441,0.002018,0.516802,0.001009
ACGTATTACTCCGATC-1,0.160996,0.52114,0.006017,0.003009,0.308837
ACGTCCTAAACGAGAT-1,0.880589,0.006239,0.100698,0.006238,0.006237
ACGTCGGGCAACTCGG-1,0.289854,0.709081,0.000532,0.000266,0.000266
ACGTCTCGTTCCGGGA-1,0.157871,0.423476,0.026718,0.028646,0.363289
ACGTGACAAAGTAAGT-1,0.000232,0.443504,0.197795,0.358238,0.000232
ACGTGCGCCTCGTGCA-1,0.003369,0.817796,0.172099,0.00337,0.003366
ACGTGGTCGAATGTGC-1,0.717309,0.003917,0.270934,0.003919,0.00392
ACGTTAATGTCGAAGA-1,0.003215,0.105569,0.363942,0.52331,0.003964
ACGTTATTGGTCACTC-1,0.763966,0.000985,0.00197,0.000986,0.232094
ACGTTCACTATGCCGC-1,0.221745,0.772687,0.002784,0.001392,0.001392
ACGTTCCGCGCTCCGT-1,0.491986,0.005111,0.010224,0.487569,0.00511
ACGTTCGCAATCAATT-1,0.358272,0.539737,0.066709,0.000063,0.035218
ACGTTCGTTCAGGAAA-1,0.854786,0.133397,0.005911,0.002954,0.002952
ACGTTCTGTACAAGTC-1,0.989967,0.008922,0.000555,0.000278,0.000278
ACGTTGTCGTTGAAAG-1,0.460706,0.334442,0.000885,0.203524,0.000442
ACGTTTAGTTGTGATC-1,0.114573,0.870768,0.007329,0.003665,0.003665
ACTAATACGTCAGGCG-1,0.332808,0.665214,0.000989,0.000495,0.000494
ACTACAAAGAGAGGTG-1,0.853167,0.002854,0.005704,0.135418,0.002856
ACTACATCCCGACAAG-1,0.983136,0.00337,0.006753,0.003369,0.003371
ACTACCAGCTCTCTGG-1,0.002443,0.010156,0.725862,0.231393,0.030146
ACTACCATCCGAGGGC-1,0.959699,0.029073,0.005616,0.002807,0.002806
ACTACGCGTTAGAATT-1,0.580132,0.001938,0.10359,0.312402,0.001938
ACTAGTTGCGATCGTC-1,0.954294,0.041179,0.002269,0.001129,0.001129
ACTATATGCTGTGTTC-1,0.992733,0.001453,0.002906,0.001454,0.001453
ACTATCCAGGGCATGG-1,0.991972,0.001606,0.00321,0.001607,0.001605
ACTATCGCCGGCTAAA-1,0.518739,0.472614,0.004323,0.002162,0.002161
ACTATCTGCCCGCGTA-1,0.990412,0.001916,0.003839,0.001917,0.001916
ACTATGTCCAGCTGCC-1,0.991232,0.001755,0.003505,0.001754,0.001753
ACTATTCGTCCGTGGT-1,0.001279,0.872635,0.123532,0.001278,0.001277
ACTATTTCCGGGCCCA-1,0.791611,0.001381,0.002759,0.202868,0.001381
ACTCAACGAATGTATT-1,0.427921,0.552244,0.009925,0.004963,0.004946
ACTCAAGTGCAAGGCT-1,0.733744,0.262195,0.00203,0.001016,0.001014
ACTCAATAAAGGCACG-1,0.16632,0.518487,0.238164,0.045983,0.031047
ACTCAGACCTGCTTCT-1,0.916063,0.000166,0.000332,0.022874,0.060565
ACTCATGGCAGCCTTC-1,0.724709,0.266762,0.004265,0.002133,0.002131
ACTCCAATATCATCAT-1,0.002311,0.988453,0.004616,0.002311,0.002309
ACTCCCATTCCTAAAG-1,0.419254,0.566717,0.007015,0.003508,0.003506
ACTCCCGAATTCGTTT-1,0.40846,0.301783,0.179299,0.052508,0.05795
ACTCCCGTAGACTAGG-1,0.0002,0.308579,0.113478,0.273257,0.304486
ACTCCCTAATGCTAAA-1,0.001003,0.001003,0.003235,0.561987,0.432772
ACTCCCTAGAATAGTA-1,0.336176,0.633193,0.01533,0.007641,0.00766
ACTCCGGCCGACCACT-1,0.777882,0.221599,0.00026,0.00013,0.00013
ACTCGATGTATTTCAT-1,0.393917,0.005817,0.011637,0.31544,0.27319
ACTCGCCGTTCGATAA-1,0.866675,0.101708,0.013788,0.000128,0.0177
ACTCGCGATCTGACGC-1,0.556079,0.138899,0.302599,0.001212,0.001212
ACTCGTAACCCGTCCT-1,0.529815,0.458949,0.00562,0.002811,0.002805
ACTCGTCAGTAATCCC-1,0.000015,0.000015,0.89279,0.072008,0.035172
ACTCTAAACCTGGGAT-1,0.005247,0.043668,0.0672,0.562639,0.321246
ACTCTCTGACTTAGGT-1,0.003748,0.676725,0.312036,0.003746,0.003744
ACTCTCTTATACACGA-1,0.001896,0.990529,0.003786,0.001894,0.001895
ACTCTGACCTAATAGA-1,0.846839,0.152491,0.000335,0.000168,0.000168
ACTCTTCAGCTCCCGC-1,0.188295,0.586052,0.000457,0.091251,0.133945
ACTCTTGTATAGTAAC-1,0.045645,0.042541,0.698511,0.110692,0.102612
ACTGAAACGCCGTTAG-1,0.71572,0.002279,0.220813,0.058911,0.002278
ACTGAATGGCGAAAGT-1,0.498386,0.004011,0.489557,0.004024,0.004021
ACTGATTTAGTGATTC-1,0.003832,0.739624,0.00765,0.003825,0.245068
ACTGCCCGCCATTCTC-1,0.796404,0.002904,0.19488,0.002906,0.002906
ACTGCCGTCGTAACTC-1,0.486585,0.001004,0.002007,0.5094,0.001003
ACTGCGGACACACCGT-1,0.253412,0.438021,0.098867,0.000318,0.209382
ACTGCTCGGAAGGATG-1,0.30888,0.567056,0.123189,0.000438,0.000438
ACTGGGATGCCAGTGC-1,0.576417,0.128836,0.002785,0.290569,0.001393
ACTGTACGATACACAT-1,0.120782,0.176977,0.582741,0.059743,0.059758
ACTGTAGCACTTTGGA-1,0.07758,0.089797,0.760231,0.042301,0.030092
ACTGTATACGCGAGCA-1,0.999023,0.000195,0.000391,0.000195,0.000195
ACTGTCCAGGATTATA-1,0.067808,0.622666,0.145107,0.139073,0.025345
ACTGTGCTAGTAGATC-1,0.769336,0.229679,0.000492,0.000246,0.000246
ACTGTTTAGTGTAGGC-1,0.64141,0.339886,0.009337,0.004681,0.004686
ACTTACCGGGCGCGCA-1,0.709496,0.27946,0.005518,0.002762,0.002764
ACTTACGCATCCACGC-1,0.653035,0.170561,0.1713,0.002553,0.002551
ACTTAGTACGACAAGA-1,0.907339,0.000164,0.000329,0.092004,0.000164
ACTTATACTTACCCGG-1,0.00017,0.239713,0.168254,0.574446,0.017418
ACTTATCTGATCTATA-1,0.979923,0.004015,0.008028,0.004017,0.004018
ACTTATTAGGATCGGT-1,0.199486,0.444684,0.129735,0.146388,0.079707
ACTTATTTATGTGCCA-1,0.518686,0.474057,0.00363,0.001814,0.001812
ACTTCAGGCTGATCCC-1,0.064034,0.000231,0.312982,0.53378,0.088974
ACTTCCAGTGGAAGCT-1,0.32835,0.019741,0.319621,0.14481,0.187477
ACTTCCATGCGGGACA-1,0.836407,0.094802,0.065912,0.001439,0.00144
ACTTCCTGTCGTGCGA-1,0.430084,0.000873,0.175428,0.000874,0.392741
ACTTCGCCATACGCAC-1,0.147911,0.582797,0.124984,0.127706,0.016602
ACTTCGCTAGCGAGTG-1,0.395785,0.58735,0.009605,0.000068,0.007192
ACTTGACTCCCTCTTT-1,0.044456,0.872108,0.002575,0.001287,0.079575
ACTTGCCATATTGTAC-1,0.745194,0.001893,0.157599,0.09342,0.001895
ACTTGCTCTATCTACC-1,0.472416,0.524565,0.00151,0.000754,0.000755
ACTTGTAGTCCCTTCA-1,0.054885,0.714379,0.014557,0.139839,0.076339
ACTTGTGGATGGAACG-1,0.179929,0.567147,0.030966,0.00086,0.221098
ACTTTACCCTCATGAA-1,0.498344,0.500765,0.000446,0.000223,0.000223
ACTTTATACACCACTT-1,0.307751,0.598104,0.093254,0.000446,0.000446
ACTTTCCTATAGCTTC-1,0.107559,0.416518,0.310259,0.108678,0.056985
ACTTTGACTGCATCCT-1,0.132978,0.71888,0.019773,0.00415,0.124219
ACTTTGGTCGTGCTCC-1,0.155218,0.82835,0.008216,0.00411,0.004106
ACTTTGTCGACGCACT-1,0.617484,0.368473,0.007022,0.003511,0.003509
AGAAATTATGACTCGC-1,0.502335,0.480397,0.008633,0.004317,0.004319
AGAACACGGCGATGGT-1,0.236378,0.59864,0.000742,0.001594,0.162645
AGAACCCAGCGTGACA-1,0.589459,0.374761,0.000249,0.029801,0.00573
AGAACCCTCAATTGGG-1,0.846389,0.150476,0.001568,0.000784,0.000784
AGAACGTGGTACATTC-1,0.219101,0.701115,0.079605,0.00009,0.00009
AGAAGAGCGCCGTTCC-1,0.35499,0.629337,0.007826,0.003923,0.003924
AGAAGGTACACTTCAC-1,0.02174,0.442034,0.088563,0.25287,0.194792
AGAAGGTTGCCGAATT-1,0.285023,0.425904,0.06523,0.000305,0.223537
AGAAGGTTGTAGGTCG-1,0.161095,0.05584,0.357042,0.425655,0.000369
AGAAGTGATTCGTGAT-1,0.642557,0.000674,0.19106,0.165035,0.000674
AGAATAAATCTTCAGG-1,0.016447,0.202538,0.326178,0.156273,0.298565
AGAATGCGGGTTCGGA-1,0.830773,0.001277,0.165394,0.001278,0.001278
AGAATTATGGATTCGA-1,0.253861,0.364915,0.245848,0.102097,0.033279
AGAATTGTTTGACATA-1,0.316181,0.291809,0.081073,0.303385,0.007552
AGACAGCTCAGAATCC-1,0.253307,0.680353,0.001109,0.000555,0.064676
AGACAGGCATCTCAGC-1,0.632549,0.242056,0.004436,0.118742,0.002218
AGACATAGATCCTTCC-1,0.978916,0.004218,0.008443,0.004212,0.004212
AGACCAAACCACACCT-1,0.588342,0.091228,0.002717,0.00136,0.316354
AGACCATGGGATACAA-1,0.185838,0.556167,0.002132,0.254796,0.001067
AGACCCACCGCTGATC-1,0.320149,0.33357,0.007491,0.335041,0.003749
AGACCCGCCCTCCTCG-1,0.006656,0.097709,0.8827,0.005428,0.007507
AGACCGCTCCGCGGTT-1,0.369553,0.000486,0.166271,0.463205,0.000486
AGACCGGGAAACCCTG-1,0.178409,0.276678,0.013364,0.058249,0.4733
AGACGAAGTGCCGGTC-1,0.992059,0.00159,0.003175,0.001587,0.001588
AGACGACGATGCCGCT-1,0.598041,0.399609,0.001175,0.000587,0.000587
AGACGCCCACTTCGCC-1,0.264906,0.599179,0.116875,0.000277,0.018763
AGACGGGATTGGTATA-1,0.65015,0.336088,0.006878,0.003444,0.00344
AGACGGGCCGATTTAA-1,0.21867,0.000563,0.06144,0.000563,0.718763
AGACTAGCCTTCCAGA-1,0.10736,0.132208,0.758828,0.000067,0.001538
AGACTGTTACCGGGTC-1,0.592066,0.136496,0.266002,0.002717,0.002719
AGAGAAACACCAGAAA-1,0.992669,0.001465,0.002936,0.001467,0.001464
AGAGAAGGAGTACAAT-1,0.598152,0.000674,0.004784,0.387916,0.008474
AGAGATCTCTAAAGCG-1,0.08507,0.411045,0.054133,0.09959,0.350162
AGAGCAGTTATGAGAC-1,0.290059,0.659299,0.042397,0.000272,0.007973
AGAGCCGCCGAGATTT-1,0.881634,0.113371,0.002498,0.001249,0.001248
AGAGCGCTTGTAACGG-1,0.044411,0.255967,0.209779,0.126381,0.363462
AGAGCGGGCTAATCAT-1,0.321041,0.027347,0.001406,0.646617,0.003589
AGAGCGTACAAGCTCG-1,0.619991,0.375396,0.002305,0.001153,0.001154
AGAGCTACGAAAGCAT-1,0.995127,0.000974,0.001949,0.000975,0.000975
AGAGGCTTCGGAAACC-1,0.779749,0.001558,0.00312,0.214012,0.001561
AGAGGTATCTCGGTCC-1,0.650483,0.005273,0.333718,0.005266,0.005261
AGAGTAAACTTCACTA-1,0.931426,0.000843,0.066047,0.000842,0.000843
AGAGTTAGAGACCGAT-1,0.830636,0.000851,0.166811,0.000851,0.000851
AGATAACTTCAGGGCC-1,0.238778,0.080946,0.42069,0.011206,0.248379
AGATACCAATAGAACC-1,0.869527,0.129913,0.00028,0.00014,0.00014
AGATACCAGCACTTCA-1,0.10658,0.559871,0.049393,0.009097,0.275058
AGATACGACTTCATAT-1,0.617677,0.117582,0.000348,0.242105,0.022288
AGATACTCAAGATCGA-1,0.388733,0.001519,0.003036,0.605194,0.001519
AGATATAATACGACTA-1,0.150157,0.000425,0.136602,0.268512,0.444305
AGATCGTGCATAAGAT-1,0.019279,0.41136,0.082655,0.069349,0.417357
AGATCTGGAGAGGATA-1,0.10794,0.275678,0.095106,0.509705,0.01157
AGATGACTCGCCCACG-1,0.148248,0.366617,0.484827,0.000154,0.000154
AGATGAGGGTTGCGAT-1,0.17828,0.001674,0.019842,0.063208,0.736995
AGATGATGGAGTCTGG-1,0.991408,0.00172,0.003433,0.00172,0.001719
AGATGCAAGACGTGCA-1,0.353399,0.020719,0.060476,0.564148,0.001258
AGATGCATCCTGTGTC-1,0.533858,0.217615,0.246367,0.001081,0.00108
AGATGCTATAACGAGC-1,0.448508,0.538774,0.00636,0.003179,0.00318
AGATTATAGGACGTTT-1,0.148666,0.423946,0.28988,0.098543,0.038965
AGATTCAAGCGGGTCG-1,0.5464,0.44735,0.003131,0.001558,0.00156
AGATTCACAACCGATA-1,0.381317,0.053898,0.314915,0.172317,0.077553
AGCAAAGGCCGCTAGT-1,0.764481,0.227677,0.003921,0.001962,0.001959
AGCAACATATCTTATT-1,0.662961,0.004682,0.138022,0.189655,0.00468
AGCAACCGAAAGTAAT-1,0.778747,0.003368,0.211144,0.003371,0.00337
AGCACACGTTTAGACT-1,0.563924,0.05983,0.146742,0.104862,0.124642
AGCACCAGTACTCACG-1,0.189661,0.624519,0.182965,0.000101,0.002754
AGCACTACCGGCCTGT-1,0.05903,0.857884,0.020063,0.000213,0.06281
AGCACTACCTCACCAG-1,0.979939,0.004011,0.008031,0.004012,0.004007
AGCAGAAGGAGAAAGA-1,0.985953,0.002812,0.005622,0.002805,0.002808
AGCAGCCAGATGAATA-1,0.245841,0.39494,0.002007,0.356209,0.001003
AGCAGTCGAAGCATGC-1,0.615702,0.274791,0.002162,0.106263,0.00108
AGCATATCAATATGCT-1,0.51294,0.474795,0.006135,0.003067,0.003063
AGCATCATTTCGAAAG-1,0.211765,0.000523,0.164501,0.000523,0.622687
AGCATCGTCGATAATT-1,0.112488,0.116123,0.629134,0.130024,0.012231
AGCATTACGAGGCAAG-1,0.975071,0.024164,0.000383,0.000191,0.000191
AGCCAAGCTTTGTGTC-1,0.00604,0.969913,0.012025,0.006012,0.00601
AGCCACAGGTTACCCG-1,0.238417,0.000891,0.110185,0.649615,0.000892
AGCCACTCCCGTGCTT-1,0.164626,0.623122,0.00114,0.049507,0.161605
AGCCATATAGTATGTG-1,0.33707,0.335787,0.002424,0.150847,0.173872
AGCCCATACATGTAAG-1,0.202354,0.445946,0.102954,0.116269,0.132476
AGCCCGCAACAAGCAG-1,0.11409,0.872423,0.006751,0.003369,0.003366
AGCCCGGCATTAGAGG-1,0.983459,0.003311,0.00661,0.003313,0.003307
AGCCCGGTAGCCTGTA-1,0.834976,0.148592,0.008214,0.00411,0.004109
