Barcode,Topic 1,Topic 2,Topic 3,Topic 4to5,Topic 6to7,Topic 8,Topic 9,Topic 10,Topic 11,Topic 12to13
AAACAACGAATAGTTC-1,0.000228,0.000228,0.000228,0.000455,0.000455,0.000228,0.02915,0.047698,0.115098,0.806234
AAACAAGTATCTCCCA-1,0.00002,0.00002,0.022102,0.006916,0.052424,0.452369,0.00002,0.00002,0.005507,0.460602
AAACAATCTACTAGCA-1,0.000675,0.000675,0.000675,0.00135,0.00135,0.293123,0.000675,0.000675,0.190807,0.509997
AAACACCAATAACTGC-1,0.000011,0.000011,0.040522,0.232932,0.368428,0.234401,0.011862,0.078749,0.007696,0.025387
AAACAGAGCGACTCCT-1,0.000047,0.000047,0.000047,0.000095,0.000095,0.06021,0.000047,0.226841,0.028179,0.68439
AAACAGCTTTCAGAAG-1,0.000345,0.143871,0.000345,0.00069,0.00069,0.574148,0.000345,0.000345,0.278531,0.00069
AAACAGGGTCTATATT-1,0.000016,0.000016,0.027955,0.105901,0.680361,0.111121,0.000789,0.000016,0.025262,0.048563
AAACATTTCCCGGATT-1,0.000006,0.000006,0.045251,0.761186,0.068967,0.108267,0.001543,0.013351,0.000006,0.001416
AAACCCGAACGAAATC-1,0.000015,0.000015,0.367514,0.000031,0.001517,0.351761,0.000015,0.000015,0.000015,0.2791
AAACCGGAAATGTTAA-1,0.000021,0.015715,0.494935,0.000042,0.000042,0.416912,0.000021,0.008391,0.000021,0.0639
AAACCGGGTAGGTACC-1,0.000014,0.000014,0.000082,0.274015,0.428755,0.019525,0.000014,0.000014,0.00649,0.271076
AAACCGTTCGTCCAGG-1,0.000034,0.000034,0.148647,0.010611,0.003309,0.208452,0.000034,0.000034,0.000034,0.628812
AAACCTAAGCAGCCGG-1,0.000004,0.000004,0.028071,0.805182,0.030426,0.135498,0.000178,0.000454,0.000004,0.000179
AAACCTCATGAAGTTG-1,0.00002,0.00002,0.008993,0.176053,0.297219,0.073396,0.00002,0.008666,0.108089,0.327524
AAACGAAGAACATACC-1,0.000037,0.000037,0.000037,0.000074,0.000074,0.002408,0.000037,0.087669,0.069667,0.839962
AAACGAAGATGGAGTA-1,0.000051,0.000051,0.008334,0.000103,0.000103,0.059283,0.000051,0.479218,0.010969,0.441835
AAACGAGACGGTTGAT-1,0.000044,0.000044,0.000044,0.196231,0.030792,0.22783,0.000044,0.104041,0.005674,0.435255
AAACGGGCGTACGGGT-1,0.000009,0.000009,0.051362,0.62048,0.013272,0.211846,0.000009,0.000009,0.00171,0.101295
AAACGGGTTGGTATCC-1,0.000025,0.000025,0.066771,0.000049,0.00265,0.025437,0.010126,0.500642,0.115455,0.278821
AAACGGTTGCGAACTG-1,0.000027,0.000027,0.000027,0.000053,0.000053,0.000027,0.000027,0.843156,0.012858,0.143746
AAACGTGTTCGCCCTA-1,0.000016,0.000016,0.020757,0.052452,0.491962,0.281304,0.000016,0.087452,0.01966,0.046367
AAACTAACGTGGCGAC-1,0.000024,0.000024,0.003476,0.058721,0.16619,0.36468,0.000024,0.000024,0.016998,0.389837
AAACTCGGTTCGCAAT-1,0.000014,0.000014,0.000395,0.138754,0.030148,0.403901,0.001641,0.015108,0.011154,0.398871
AAACTCGTGATATAAG-1,0.000022,0.000022,0.047131,0.078876,0.002986,0.453562,0.000022,0.000022,0.000022,0.417336
AAACTGCTGGCTCCAA-1,0.000018,0.000018,0.02285,0.102577,0.192761,0.09253,0.000018,0.050085,0.107964,0.43118
AAACTTGCAAACGTAT-1,0.000022,0.000022,0.02706,0.087836,0.494153,0.056015,0.006389,0.000022,0.051513,0.276967
AAAGACCCAAGTCGCG-1,0.000021,0.000021,0.000021,0.000041,0.242021,0.000021,0.000021,0.000021,0.086712,0.671103
AAAGACTGGGCGCTTT-1,0.000024,0.000024,0.021546,0.246998,0.35383,0.049464,0.000024,0.000024,0.006325,0.32174
AAAGCTTGCCTACATA-1,0.000015,0.000015,0.048135,0.273681,0.221636,0.245989,0.000015,0.000721,0.0016,0.208194
AAAGGCTACGGACCAT-1,0.000003,0.000003,0.016646,0.45147,0.419629,0.044269,0.001681,0.001181,0.013192,0.051927
AAAGGCTCTCGCGCCG-1,0.000015,0.000015,0.000751,0.017484,0.269254,0.000015,0.000015,0.000015,0.144771,0.567665
AAAGGGATGTAGCAAG-1,0.000042,0.000042,0.000042,0.000084,0.000084,0.084002,0.054192,0.000042,0.042706,0.818766
AAAGGGCAGCTTGAAT-1,0.000028,0.000028,0.000028,0.000057,0.297283,0.001963,0.000028,0.000028,0.021901,0.678655
AAAGGTAAGCTGTACC-1,0.000025,0.000025,0.000025,0.419488,0.046219,0.097104,0.000025,0.000025,0.002361,0.434704
AAAGTAGCATTGCTCA-1,0.000015,0.000015,0.012106,0.378138,0.054748,0.362316,0.000015,0.002084,0.000284,0.190277
AAAGTCACTGATGTAA-1,0.000019,0.000019,0.019321,0.015795,0.566549,0.051612,0.000019,0.000019,0.118337,0.228309
AAAGTCGACCCTCAGT-1,0.000025,0.000025,0.075686,0.009895,0.268868,0.133641,0.000025,0.000025,0.048095,0.463716
AAAGTGTGATTTATCT-1,0.00001,0.00001,0.00001,0.318023,0.195755,0.295507,0.00001,0.00001,0.004053,0.186611
AAAGTTGACTCCCGTA-1,0.000005,0.000005,0.016462,0.917298,0.000694,0.05619,0.000005,0.000005,0.000005,0.009328
AAATAACCATACGGGA-1,0.000022,0.000022,0.001865,0.251905,0.054829,0.057908,0.000022,0.361048,0.047666,0.224712
AAATAAGGTAGTGCCC-1,0.000032,0.000032,0.010436,0.46435,0.009881,0.154692,0.000032,0.051067,0.027175,0.282303
AAATACCTATAAGCAT-1,0.000024,0.000024,0.000024,0.508793,0.267983,0.008467,0.000024,0.02812,0.064953,0.12159
AAATAGCTTAGACTTT-1,0.000013,0.000013,0.002196,0.22248,0.210506,0.306886,0.000013,0.000013,0.000013,0.257865
AAATAGGGTGCTATTG-1,0.00003,0.00003,0.00003,0.062957,0.377087,0.120869,0.00003,0.159361,0.101146,0.178458
AAATCCGATACACGCC-1,0.000013,0.000013,0.083794,0.310552,0.016742,0.460185,0.003371,0.011922,0.017622,0.095787
AAATCGCGGAAGGAGT-1,0.000062,0.000062,0.000062,0.000123,0.000123,0.008015,0.000062,0.277541,0.012735,0.701217
AAATCGTGTACCACAA-1,0.000012,0.000012,0.002143,0.056724,0.482712,0.000012,0.000012,0.058797,0.296675,0.102902
AAATCTAGCCCTGCTA-1,0.000016,0.000016,0.010455,0.098485,0.061654,0.402643,0.000016,0.123126,0.039445,0.264145
AAATGATTCGATCAGC-1,0.000027,0.000027,0.007177,0.09274,0.192242,0.361831,0.013635,0.117121,0.025358,0.189842
AAATGCTCGTTACGTT-1,0.00011,0.00011,0.00011,0.082724,0.381467,0.016423,0.00011,0.00011,0.00011,0.518724
AAATGGCATGTCTTGT-1,0.000048,0.000048,0.000048,0.000096,0.000096,0.000048,0.000048,0.000048,0.175772,0.82375
AAATGGCCCGTGCCCT-1,0.000025,0.000025,0.047632,0.167921,0.088703,0.323032,0.0032,0.000025,0.023917,0.34552
AAATGGTCAATGTGCC-1,0.000072,0.000072,0.551534,0.210564,0.076744,0.000072,0.005307,0.15542,0.000072,0.000144
AAATGTATCTTATCCC-1,0.000011,0.000011,0.000011,0.125018,0.047527,0.000011,0.000604,0.000011,0.347582,0.479214
AAATGTGGGTGCTCCT-1,0.000074,0.000074,0.000074,0.160791,0.395086,0.033681,0.000074,0.03118,0.075865,0.303101
AAATTAACGGGTAGCT-1,0.000034,0.000034,0.000034,0.010439,0.002711,0.00514,0.000034,0.000034,0.041322,0.940218
AAATTAATAAGCGCGA-1,0.000014,0.000014,0.004877,0.112,0.040184,0.094951,0.000014,0.025316,0.249201,0.47343
AAATTACACGACTCTG-1,0.000081,0.000081,0.000081,0.000162,0.000162,0.000081,0.000081,0.000081,0.000081,0.999106
AAATTACCTATCGATG-1,0.000026,0.000026,0.006777,0.363357,0.000052,0.206782,0.000026,0.000026,0.000026,0.422903
AAATTCCAGGTCCAAA-1,0.000017,0.000017,0.087504,0.000034,0.001293,0.487999,0.000017,0.153196,0.067518,0.202405
AAATTGATAGTCCTTT-1,0.000016,0.000016,0.517777,0.000032,0.000032,0.465282,0.000016,0.006964,0.003039,0.006827
AAATTGCGGCGGTTCT-1,0.000039,0.000039,0.000039,0.039888,0.011112,0.059226,0.000039,0.220402,0.004737,0.664479
AAATTGGTGAGAAGCA-1,0.00002,0.00002,0.013752,0.268362,0.288466,0.281982,0.00002,0.041226,0.009304,0.096849
AAATTTACCGAAATCC-1,0.000036,0.000036,0.018919,0.000072,0.000072,0.218733,0.000036,0.457205,0.035298,0.269594
AAATTTGCGGGTGTGG-1,0.000031,0.000031,0.007084,0.053,0.0058,0.219084,0.000031,0.015942,0.040292,0.658706
AACAACTGGTAGTTGC-1,0.000024,0.000024,0.054012,0.027236,0.342095,0.211681,0.000024,0.000024,0.029432,0.335447
AACAATTACTCTACGC-1,0.000005,0.000005,0.000005,0.65583,0.328351,0.000005,0.000005,0.000005,0.005173,0.010618
AACACACGCTCGCCGC-1,0.000005,0.000005,0.000747,0.85599,0.015759,0.042312,0.000005,0.000005,0.000005,0.08517
AACACGACTGTACTGA-1,0.000027,0.000027,0.010237,0.008183,0.110869,0.006986,0.000027,0.318007,0.315879,0.229757
AACACGAGACGCGGCC-1,0.000013,0.000013,0.044405,0.031625,0.37329,0.197254,0.002613,0.079545,0.221501,0.049742
AACACGCGGCCGCGAA-1,0.000006,0.000006,0.000006,0.780131,0.158076,0.000006,0.000006,0.061746,0.000006,0.000012
AACAGCTGTGTGGCAA-1,0.000023,0.035946,0.07409,0.004988,0.03408,0.26398,0.417715,0.00016,0.015271,0.153747
AACAGGAAATCGAATA-1,0.000026,0.000026,0.000026,0.000052,0.008796,0.000026,0.000026,0.140167,0.38827,0.462583
AACAGGATGGGCCGCG-1,0.000021,0.000021,0.000021,0.013559,0.267342,0.000021,0.000021,0.000021,0.089518,0.629452
AACAGGTAGTATGGAT-1,0.000015,0.000015,0.102327,0.093787,0.452529,0.179397,0.000015,0.034043,0.00737,0.130502
AACATAGCGTGTATCG-1,0.000032,0.000032,0.000032,0.310438,0.111622,0.201314,0.000032,0.000032,0.036615,0.339853
AACATATCAACTGGTG-1,0.000014,0.000014,0.001313,0.261818,0.129485,0.302463,0.024032,0.004337,0.002686,0.273838
AACATCGATACGTCTA-1,0.000021,0.000021,0.00173,0.152915,0.054816,0.347201,0.151571,0.013429,0.000727,0.277568
AACATTGGTCAGCCGT-1,0.000033,0.000033,0.014246,0.010831,0.110366,0.040258,0.000033,0.225555,0.468605,0.130038
AACATTGTGACTCGAG-1,0.000029,0.000029,0.02067,0.063525,0.119458,0.201084,0.004674,0.071579,0.140751,0.3782
AACCAAGACTTCTCTG-1,0.000015,0.000015,0.000015,0.051781,0.544249,0.000015,0.000015,0.000015,0.04232,0.361562
AACCAGTATCACTCTT-1,0.000078,0.000078,0.000078,0.000157,0.000157,0.117418,0.000078,0.000078,0.013894,0.867981
AACCATGGGATCGCTA-1,0.000065,0.000065,0.091859,0.023951,0.00013,0.138722,0.000065,0.000065,0.092317,0.652762
AACCCAGAGACGGAGA-1,0.000049,0.000049,0.000049,0.053025,0.136637,0.11885,0.010637,0.000049,0.000049,0.680606
AACCCATCCCATGATC-1,0.000012,0.000012,0.03297,0.245118,0.49424,0.210299,0.000012,0.007925,0.002963,0.00645
AACCCGAGCAGAATCG-1,0.000024,0.000024,0.13362,0.006141,0.000048,0.448417,0.012774,0.000024,0.000024,0.398906
AACCCTACTGTCAATA-1,0.00001,0.00001,0.010353,0.213103,0.211333,0.132803,0.00001,0.03689,0.084427,0.311061
AACCCTGGTGGAACCA-1,0.000032,0.000032,0.03388,0.000064,0.022063,0.021393,0.000032,0.000032,0.09744,0.825031
AACCGAGCTTGGTCAT-1,0.000027,0.000027,0.000027,0.057771,0.000053,0.000027,0.000027,0.015385,0.186035,0.740622
AACCGCTAAGGGATGC-1,0.000011,0.000011,0.013036,0.284351,0.194615,0.262294,0.039948,0.000011,0.011469,0.194254
AACCGTTGTGTTTGCT-1,0.000051,0.000051,0.011697,0.000102,0.000102,0.005997,0.000051,0.080024,0.267759,0.634166
AACCTCGCTTTAGCCC-1,0.000007,0.000007,0.009326,0.625651,0.024665,0.267194,0.000007,0.020638,0.007024,0.045482
AACCTGTCACGGAATT-1,0.000061,0.008821,0.000061,0.000121,0.012643,0.156899,0.000061,0.474427,0.000061,0.346845
AACCTTTAAATACGGT-1,0.000023,0.000023,0.000023,0.009657,0.011979,0.028402,0.000023,0.000023,0.048067,0.901778
AACCTTTACGACGTCT-1,0.000061,0.000061,0.000061,0.000122,0.000122,0.16312,0.000061,0.000061,0.000061,0.836271
AACGAAAGTCGTCCCA-1,0.00033,0.00033,0.00033,0.00066,0.110206,0.023826,0.00033,0.00033,0.00033,0.863327
AACGATAATGCCGTAG-1,0.00003,0.00003,0.005533,0.052087,0.079961,0.113897,0.00003,0.00003,0.006839,0.741563
AACGATAGAAGGGCCG-1,0.000019,0.000019,0.027322,0.030201,0.102783,0.020692,0.000019,0.012232,0.351394,0.45532
AACGATATGTCAACTG-1,0.000013,0.000013,0.010013,0.542574,0.018108,0.06978,0.000013,0.001419,0.047011,0.311055
AACGCATGATCTGGGT-1,0.000137,0.000137,0.000137,0.000275,0.000275,0.412123,0.000137,0.000137,0.000137,0.586503
AACGCGAACGGCAACA-1,0.000035,0.000035,0.000035,0.00007,0.04311,0.124435,0.000035,0.001093,0.035624,0.795529
AACGCGACCTTGGGCG-1,0.000179,0.430466,0.000179,0.04704,0.000358,0.000179,0.000179,0.000179,0.256788,0.264453
AACGCGGTCTCCAGCC-1,0.000046,0.000046,0.001125,0.000092,0.000092,0.079899,0.000046,0.053682,0.056203,0.808767
AACGCTGTTGCTGAAA-1,0.00002,0.00002,0.023808,0.123169,0.030505,0.37317,0.00002,0.02495,0.025603,0.398736
AACGGACGTACGTATA-1,0.000011,0.000011,0.012132,0.170042,0.249098,0.407243,0.001044,0.000014,0.010947,0.149457
AACGGCCATCTCCGGT-1,0.000023,0.000023,0.040885,0.086726,0.223638,0.122195,0.003941,0.007584,0.094533,0.420452
AACGTACTGTGGGTAC-1,0.000027,0.000027,0.016444,0.100145,0.34701,0.202984,0.000027,0.000027,0.023001,0.310309
AACGTAGTCTACCCAT-1,0.000079,0.000079,0.001162,0.018249,0.254501,0.503598,0.000079,0.000079,0.105169,0.117005
AACGTCAGACTAGTGG-1,0.000014,0.000014,0.021449,0.161949,0.709578,0.004256,0.000014,0.000014,0.001358,0.101353
AACGTGATGAAGGACA-1,0.000049,0.000049,0.000049,0.000097,0.000097,0.000049,0.000049,0.000049,0.000049,0.999465
AACGTGCGAAAGTCTC-1,0.000022,0.000022,0.003183,0.103658,0.045867,0.030136,0.000022,0.21083,0.275194,0.331067
AACGTTATCAGCACCT-1,0.00021,0.00021,0.00021,0.215195,0.000419,0.00021,0.00021,0.00021,0.197096,0.586033
AACTACCCGTTTGTCA-1,0.000025,0.001809,0.110115,0.040115,0.001278,0.339732,0.000025,0.000025,0.003332,0.503546
AACTAGCGTATCGCAC-1,0.000156,0.000156,0.000156,0.183468,0.73539,0.000156,0.000156,0.000156,0.079897,0.000311
AACTAGGCTTGGGTGT-1,0.000031,0.000031,0.000031,0.000063,0.000063,0.000031,0.000031,0.971535,0.000031,0.028152
AACTCAAGTTAATTGC-1,0.000018,0.000018,0.036457,0.044663,0.460864,0.055969,0.000018,0.015165,0.120831,0.265998
AACTCCAGAGCGTGTT-1,0.000012,0.000012,0.013608,0.54389,0.081279,0.334249,0.000012,0.00084,0.000012,0.026086
AACTCCTAATCCCATG-1,0.000163,0.000163,0.00756,0.321845,0.295172,0.000163,0.000163,0.000163,0.000163,0.374444
AACTCGATAAACACGT-1,0.000028,0.000028,0.013696,0.000057,0.020645,0.059038,0.000028,0.424791,0.211773,0.269916
AACTCGATGGCGCAGT-1,0.000065,0.000065,0.036197,0.000129,0.004992,0.025977,0.000065,0.000065,0.042452,0.889996
AACTCTCAATAGAGCG-1,0.000013,0.000013,0.031424,0.158803,0.01147,0.365806,0.000013,0.053178,0.015845,0.363435
AACTCTCAGTGTGCTC-1,0.000042,0.000042,0.158805,0.000083,0.001897,0.520561,0.000042,0.000042,0.033129,0.285358
AACTGAGGTCAGCGTC-1,0.000015,0.000015,0.024561,0.328827,0.397677,0.17386,0.001397,0.001157,0.000015,0.072475
AACTGAGTTATACTGA-1,0.000037,0.234312,0.460925,0.000074,0.000074,0.22926,0.000037,0.000037,0.000037,0.075209
AACTGATATTAGGCCT-1,0.000037,0.000037,0.000037,0.000073,0.000073,0.000037,0.000037,0.000037,0.071713,0.927922
AACTGGGTCCCGACGT-1,0.000034,0.000034,0.000034,0.000069,0.000069,0.000034,0.000034,0.240678,0.224599,0.534413
AACTGGTGTGGGCCTT-1,0.000055,0.000055,0.000055,0.00116,0.47116,0.000055,0.000055,0.000055,0.000055,0.527294
AACTTCTGCGTCTATC-1,0.000044,0.000044,0.000044,0.614509,0.110258,0.000044,0.000044,0.000044,0.011004,0.263967
AACTTGCCCGTATGCA-1,0.000015,0.000015,0.007592,0.519862,0.059045,0.009358,0.000015,0.000576,0.085947,0.317575
AACTTGCGTTCTCGCG-1,0.000157,0.000157,0.000157,0.14928,0.474583,0.074181,0.011261,0.000157,0.150674,0.139392
AACTTTACGGGAGCTT-1,0.000038,0.000038,0.000038,0.056008,0.076921,0.000653,0.000038,0.045126,0.258632,0.562508
AACTTTAGCTGCTGAG-1,0.000278,0.000278,0.000278,0.000555,0.473929,0.17804,0.000278,0.000278,0.192154,0.153932
AACTTTCTCGATCATG-1,0.000028,0.000028,0.035324,0.087451,0.23918,0.483963,0.000028,0.000028,0.011712,0.142256
AAGAAGGATCAGTTAG-1,0.000022,0.000022,0.000022,0.443046,0.528968,0.000022,0.000022,0.023918,0.003917,0.000043
AAGACCAAATAACTCA-1,0.000191,0.000191,0.000191,0.149149,0.075098,0.000191,0.255436,0.148273,0.000191,0.37109
AAGACCCAACTGAACA-1,0.000004,0.000004,0.007828,0.220851,0.230558,0.004276,0.000004,0.008394,0.185341,0.342742
AAGACTAACCCGTTGT-1,0.000025,0.000025,0.000025,0.033027,0.042719,0.057638,0.000025,0.28195,0.393306,0.19126
AAGACTGCAAGCTACT-1,0.000019,0.000019,0.000019,0.305298,0.027492,0.002395,0.000019,0.111664,0.122005,0.43107
AAGAGATGAATCGGTA-1,0.000016,0.000016,0.000016,0.182631,0.608111,0.004228,0.000016,0.000016,0.000016,0.204937
AAGAGCTCTTTATCGG-1,0.000225,0.000225,0.000225,0.144185,0.025384,0.283288,0.000225,0.000225,0.09679,0.449228
AAGAGGATGTACGCGA-1,0.000036,0.000036,0.000036,0.01766,0.300049,0.095454,0.000036,0.000036,0.041742,0.544918
AAGAGGCATGGATCGC-1,0.000013,0.000013,0.007632,0.537553,0.248635,0.160476,0.000013,0.000708,0.002085,0.042872
AAGAGGCCCTTTGGAA-1,0.000024,0.000024,0.034933,0.000048,0.000048,0.687658,0.000024,0.003793,0.002892,0.270554
AAGATTGGCGGAACGT-1,0.000021,0.000021,0.000021,0.725727,0.000042,0.079816,0.000021,0.000021,0.000022,0.194287
AAGCACCCTGCGTATC-1,0.000016,0.000016,0.020999,0.122768,0.147149,0.368963,0.000016,0.000016,0.014426,0.32563
AAGCATACTCTCCTGA-1,0.000049,0.000049,0.013854,0.000098,0.000098,0.06042,0.000049,0.000049,0.000049,0.925287
AAGCCGAAGCGGTTTA-1,0.000023,0.000023,0.04026,0.059813,0.003222,0.405851,0.000023,0.000023,0.000425,0.490337
AAGCCGCTTTACCTTG-1,0.000046,0.000046,0.022273,0.123101,0.241124,0.389472,0.000046,0.000046,0.012439,0.211406
AAGCGCAGGGCTTTGA-1,0.000015,0.000015,0.007139,0.087634,0.010018,0.425259,0.000015,0.010098,0.008797,0.451009
AAGCGGCGTCATGGGT-1,0.000128,0.038319,0.000128,0.000256,0.000256,0.081322,0.000128,0.000128,0.000128,0.879204
AAGCGTCCCTCATCGA-1,0.000028,0.013859,0.18319,0.153777,0.021049,0.507781,0.000028,0.018215,0.014119,0.087954
AAGCTAGATCGAGTAA-1,0.000018,0.000018,0.000018,0.288742,0.200547,0.028816,0.000018,0.077243,0.053709,0.35087
AAGCTCGTGCCAAGTC-1,0.000052,0.000052,0.008664,0.090565,0.309478,0.161573,0.000052,0.004477,0.08594,0.339146
AAGCTCTTTCATGGTG-1,0.000019,0.000019,0.001521,0.252758,0.459105,0.113285,0.003292,0.000019,0.000346,0.169637
AAGGAGAACTTATAAG-1,0.000133,0.000133,0.014892,0.038435,0.449478,0.015303,0.000133,0.208562,0.000133,0.272798
AAGGAGCGGTTGGTGC-1,0.000015,0.000015,0.135925,0.019028,0.338195,0.066834,0.007963,0.049458,0.246729,0.135838
AAGGATCGATCGCTTG-1,0.000022,0.000022,0.037001,0.053417,0.062944,0.337153,0.001137,0.000022,0.000022,0.50826
AAGGATGAGGGACCTC-1,0.00009,0.00009,0.03867,0.166803,0.139339,0.102382,0.00009,0.501789,0.050567,0.00018
AAGGCAGGCTGTCTCC-1,0.000008,0.000008,0.778109,0.17873,0.040931,0.002176,0.000008,0.000008,0.000008,0.000015
AAGGCGCGTAAAGCTT-1,0.000013,0.000013,0.000013,0.169274,0.639772,0.00578,0.000013,0.000013,0.011194,0.173918
AAGGCTGTGCTCATCG-1,0.000021,0.000021,0.025904,0.20037,0.226564,0.226943,0.000021,0.000021,0.051318,0.268816
AAGGGAACGACTGGCT-1,0.000009,0.000009,0.026051,0.361121,0.112777,0.127015,0.008621,0.000767,0.029609,0.334021
AAGGGACAGATTCTGT-1,0.000016,0.000016,0.000016,0.790018,0.206428,0.000016,0.000016,0.002666,0.000777,0.000032
AAGGGACTATGCATTC-1,0.000024,0.000024,0.011806,0.07702,0.04136,0.347441,0.000024,0.005415,0.001229,0.515658
AAGGGTTTGATTTCAG-1,0.000248,0.087349,0.06396,0.285855,0.000496,0.000248,0.000248,0.234191,0.03061,0.296794
AAGGTATCCTAATATA-1,0.00005,0.00005,0.00005,0.130569,0.036596,0.100727,0.00005,0.014385,0.008405,0.709117
AAGGTGATAAACCAGC-1,0.000007,0.000007,0.011864,0.43061,0.359099,0.128536,0.000218,0.011058,0.019815,0.038786
AAGTAAGCTTCCAAAC-1,0.000175,0.000175,0.000175,0.042807,0.415951,0.000175,0.000175,0.000175,0.000175,0.540019
AAGTAGAAGACCGGGT-1,0.000014,0.000014,0.017941,0.120625,0.646826,0.003543,0.000014,0.000014,0.021045,0.189963
AAGTAGTGACGCGAGG-1,0.000011,0.000011,0.000011,0.371532,0.553587,0.000288,0.000011,0.000011,0.001001,0.073536
AAGTCAATTGTCGTCA-1,0.000014,0.000014,0.021066,0.115174,0.416291,0.14385,0.000014,0.007615,0.093407,0.202556
AAGTCTAGTAGCTGCC-1,0.000052,0.000052,0.024582,0.25776,0.15867,0.294494,0.000052,0.053693,0.02948,0.181164
AAGTCTTCTGTGGCCT-1,0.000108,0.000108,0.023534,0.127467,0.337682,0.000108,0.016408,0.00886,0.398927,0.086798
AAGTGACGACCGAATT-1,0.00002,0.00002,0.001971,0.072383,0.348013,0.070106,0.012767,0.017704,0.28723,0.189784
AAGTGCAAAGGTAGAC-1,0.000129,0.000129,0.121376,0.000257,0.000257,0.005751,0.000129,0.026503,0.459387,0.386081
AAGTGCCTTGACTGTA-1,0.000019,0.000019,0.015681,0.208377,0.074989,0.302737,0.000019,0.014858,0.023823,0.359479
AAGTGCGTTAGAATCT-1,0.000022,0.000022,0.057342,0.228257,0.122099,0.312693,0.000022,0.000022,0.002983,0.276537
AAGTGTTTGGAGACGG-1,0.000024,0.000024,0.014445,0.142458,0.473246,0.289376,0.000024,0.000024,0.000024,0.080358
AAGTTCACTCCAAGCT-1,0.00002,0.00002,0.026383,0.149685,0.231702,0.368978,0.00002,0.00002,0.00002,0.223154
AAGTTCAGTCTGCGTA-1,0.000056,0.000056,0.000056,0.000111,0.000111,0.300738,0.000056,0.000056,0.004961,0.6938
AAGTTCGGCCAACAGG-1,0.000025,0.000025,0.053025,0.076133,0.523757,0.033389,0.001668,0.000025,0.073521,0.238433
AAGTTGTGATGTTATA-1,0.000019,0.004577,0.595995,0.10799,0.010571,0.093521,0.000019,0.000019,0.000019,0.187271
AAGTTTACTAATGGCA-1,0.000038,0.000038,0.000038,0.589078,0.13606,0.000038,0.000038,0.000038,0.180258,0.094373
AAGTTTATGGGCCCAA-1,0.00003,0.00003,0.001891,0.130014,0.023491,0.32846,0.00003,0.09151,0.032584,0.391961
AATAACAACGCTCGGC-1,0.00002,0.00002,0.020087,0.001002,0.177288,0.240772,0.00002,0.002071,0.123611,0.435108
AATAACACTAGAACAA-1,0.000021,0.000021,0.05375,0.149565,0.108616,0.328663,0.003366,0.000021,0.013589,0.34239
AATAAGTCCTCGAGAC-1,0.000039,0.000039,0.000039,0.000078,0.000078,0.000039,0.000039,0.007584,0.194586,0.797482
AATACAATGTTTCAGG-1,0.000088,0.000088,0.000088,0.285902,0.352316,0.010566,0.000088,0.000088,0.000088,0.350687
AATAGAACAGAGTGGC-1,0.00002,0.00002,0.18101,0.058761,0.238592,0.128022,0.00002,0.003743,0.05512,0.334691
AATAGAATCTGTTTCA-1,0.000014,0.000014,0.026656,0.150869,0.221512,0.217755,0.000014,0.000014,0.00765,0.375504
AATAGCAAGCCTCCTG-1,0.000019,0.000019,0.008623,0.1568,0.241542,0.192771,0.000019,0.154287,0.070634,0.175285
AATAGCTACCGCGTGC-1,0.000017,0.000017,0.030817,0.210149,0.59862,0.126857,0.003613,0.022826,0.000017,0.007069
AATAGTCCGTCCCGAC-1,0.000015,0.000015,0.013298,0.076995,0.016898,0.004435,0.000798,0.04377,0.444914,0.398863
AATAGTCGCGAGTCGG-1,0.000025,0.000025,0.000025,0.170038,0.046417,0.004101,0.007362,0.014535,0.136908,0.620563
AATATCAAGGTCGGAT-1,0.00011,0.00011,0.014078,0.146781,0.403959,0.056237,0.00011,0.00011,0.240782,0.137723
AATATCCTAGCAAACT-1,0.000041,0.000041,0.007534,0.086518,0.091376,0.002359,0.000041,0.111796,0.294339,0.405956
AATATCGAATCAATGC-1,0.000014,0.000014,0.00473,0.614185,0.044961,0.15134,0.002233,0.000014,0.000014,0.182494
AATATCGAGGGTTCTC-1,0.000023,0.000023,0.011398,0.133216,0.094934,0.313228,0.000023,0.005454,0.001874,0.439828
AATATTGGAGTATTGA-1,0.000028,0.000028,0.000028,0.081223,0.489258,0.022584,0.000028,0.000028,0.013181,0.393613
AATCAGACTGCAGGAC-1,0.000021,0.000021,0.000021,0.442395,0.008174,0.000021,0.000021,0.018162,0.141308,0.389857
AATCATGTAAAGACTC-1,0.000011,0.000011,0.026995,0.26394,0.146915,0.297594,0.027958,0.001144,0.006835,0.228597
AATCCAAGGGCCTGAG-1,0.000014,0.000014,0.000014,0.032911,0.687629,0.000112,0.000014,0.000014,0.049384,0.229893
AATCCATGCAAGGGTG-1,0.000038,0.000038,0.000038,0.000077,0.000077,0.000038,0.000038,0.000038,0.080375,0.919242
AATCGCCTCAGCGCCA-1,0.000027,0.000027,0.000027,0.237756,0.128298,0.128978,0.000027,0.107818,0.121423,0.275619
AATCGCGCAGAGGACT-1,0.00002,0.00002,0.182549,0.000039,0.01539,0.551567,0.00002,0.019444,0.013958,0.216994
AATCGGGACACTACGA-1,0.000042,0.000042,0.000042,0.0396,0.000864,0.000042,0.000042,0.000578,0.554997,0.403753
AATCGTGAGCCGAGCA-1,0.000011,0.000011,0.020433,0.199803,0.036609,0.549716,0.006243,0.000011,0.011912,0.17525
AATCTAGGTTTACTTG-1,0.000017,0.000017,0.012568,0.556788,0.060863,0.286955,0.000017,0.002956,0.004045,0.075773
AATCTATGCCGGAGCC-1,0.000015,0.000015,0.022166,0.220211,0.234092,0.336365,0.000015,0.000015,0.008339,0.178769
AATCTCTACTGTGGTT-1,0.000029,0.000029,0.000029,0.280716,0.546695,0.00006,0.006325,0.000029,0.036798,0.129289
AATCTGCGTTGGGACG-1,0.000011,0.000011,0.0168,0.352563,0.171002,0.28804,0.000011,0.003429,0.003072,0.16506
AATCTGGCTTTCTAGT-1,0.000014,0.000014,0.021892,0.333427,0.424467,0.186003,0.000014,0.021166,0.010961,0.002044
AATCTGGGTAGACCCT-1,0.000145,0.000145,0.000145,0.128515,0.141552,0.229396,0.000145,0.000145,0.150474,0.349335
AATGACAGCAATGTCT-1,0.000021,0.000021,0.048777,0.252286,0.209732,0.147787,0.000021,0.001591,0.030971,0.308791
AATGACGTAGGATGTC-1,0.000035,0.000035,0.001874,0.066766,0.020472,0.218243,0.000035,0.001458,0.008802,0.68228
AATGACTGTCAGCCGG-1,0.000011,0.000011,0.059442,0.052388,0.645346,0.111024,0.000011,0.011534,0.077478,0.042757
AATGAGTTCGCATATG-1,0.000045,0.000045,0.000045,0.55192,0.401105,0.000045,0.000045,0.000045,0.042616,0.004091
AATGATGATACGCTAT-1,0.00011,0.00011,0.00011,0.212158,0.021157,0.225524,0.00011,0.245541,0.00011,0.295071
AATGATGCGACTCCTG-1,0.00001,0.00001,0.000216,0.852971,0.010955,0.010359,0.00001,0.006672,0.002791,0.116006
AATGCAACCGGGTACC-1,0.000008,0.000008,0.000008,0.510083,0.428616,0.000008,0.000008,0.016299,0.044226,0.000735
AATGCACCAAGCAATG-1,0.000012,0.000012,0.000012,0.976513,0.000023,0.000132,0.000012,0.004313,0.000012,0.018961
AATGGTCCACCGTTCA-1,0.000025,0.000025,0.022268,0.014425,0.055104,0.384682,0.000025,0.032829,0.171176,0.31944
AATGGTTCTCACAAGC-1,0.000011,0.000011,0.002242,0.635316,0.185623,0.000011,0.000011,0.000011,0.00688,0.169887
AATGTGCCCGAGGTGT-1,0.000024,0.000024,0.141829,0.281119,0.069568,0.31629,0.000033,0.000024,0.005063,0.186027
AATTAAAGGTCGGCGT-1,0.000012,0.000012,0.570222,0.003682,0.121475,0.00045,0.000012,0.000012,0.17526,0.128864
AATTAACGGATTTCCA-1,0.00003,0.00003,0.00003,0.053844,0.068006,0.099062,0.00003,0.433514,0.113266,0.23219
AATTACGAGACCCATC-1,0.000055,0.000055,0.000055,0.00011,0.00011,0.000055,0.000055,0.997279,0.002113,0.00011
AATTACTCGTACGCTC-1,0.000121,0.000121,0.000121,0.449216,0.000243,0.000121,0.000121,0.000121,0.000121,0.549692
AATTAGCGCTGCAGCG-1,0.000022,0.000022,0.030907,0.025638,0.010295,0.069093,0.000022,0.203306,0.064524,0.596172
AATTCATAAGGGATCT-1,0.000068,0.000068,0.000068,0.000136,0.000136,0.175195,0.000068,0.018833,0.018596,0.786832
AATTCATTGTCATGCA-1,0.000257,0.000257,0.000257,0.000515,0.000515,0.105609,0.025426,0.150211,0.012648,0.704306
AATTCCAACTTGGTGA-1,0.000038,0.000038,0.000038,0.040821,0.085451,0.093892,0.000038,0.087516,0.245711,0.446459
AATTCCAAGCATGTAC-1,0.000027,0.000027,0.011778,0.000054,0.000054,0.000027,0.000027,0.98789,0.000062,0.000054
AATTCGATTCGAGGAT-1,0.000014,0.000014,0.002255,0.097474,0.090184,0.678554,0.000014,0.004879,0.026719,0.099894
AATTCTAGAGTTAGGC-1,0.000014,0.000014,0.000014,0.162998,0.604805,0.000014,0.001354,0.183904,0.046857,0.000027
AATTGAACGCTCTGGT-1,0.000009,0.000009,0.001491,0.441163,0.363917,0.017484,0.000009,0.000009,0.008149,0.16776
AATTGCAGCAATCGAC-1,0.000019,0.007431,0.097682,0.158089,0.004132,0.507577,0.000019,0.051086,0.024014,0.149951
AATTGTGGTTGCCAAA-1,0.000014,0.040085,0.292665,0.003302,0.045712,0.143238,0.177483,0.011035,0.000396,0.28607
AATTTGGGACATAGTA-1,0.000024,0.000024,0.000024,0.774746,0.143361,0.000024,0.000024,0.000024,0.039636,0.042116
AATTTGGTTCCAAAGA-1,0.000016,0.000016,0.000016,0.116789,0.01761,0.005267,0.000016,0.193257,0.32811,0.338904
ACAAAGAAGGTAGGCC-1,0.00001,0.00001,0.001631,0.801087,0.104479,0.00001,0.00001,0.006608,0.045256,0.040898
ACAAAGCATGACCTAG-1,0.000013,0.000013,0.078731,0.096958,0.045629,0.562518,0.000013,0.003838,0.01515,0.197137
ACAAATCGCACCGAAT-1,0.000009,0.000009,0.005047,0.248038,0.6886,0.025927,0.000609,0.002211,0.006606,0.022944
ACAAATGGTAGTGTTT-1,0.000008,0.000008,0.01498,0.398026,0.326547,0.215115,0.000008,0.000439,0.007752,0.037117
ACAAATTCAGATCTGA-1,0.000014,0.000014,0.003565,0.52569,0.470636,0.000014,0.000014,0.000014,0.000014,0.000027
ACAACAGCATGAGCTA-1,0.00004,0.00004,0.00004,0.000079,0.000079,0.00004,0.00004,0.00004,0.00004,0.999565
ACAACGGTCCCTGCGA-1,0.000014,0.000014,0.005689,0.302858,0.36627,0.002642,0.000014,0.000014,0.010649,0.311834
ACAAGCAGTGCCTAGC-1,0.000019,0.000019,0.012266,0.016884,0.183215,0.002393,0.000019,0.000019,0.010301,0.774867
ACAAGCTATATGGAAG-1,0.000058,0.000058,0.000058,0.000116,0.170473,0.045033,0.005495,0.000058,0.279649,0.499002
ACAAGGAAATCCGCCC-1,0.000022,0.000022,0.006321,0.135314,0.331811,0.122857,0.007628,0.000022,0.027147,0.368857
ACAAGGACAAGAGGTT-1,0.000016,0.000016,0.002471,0.096721,0.182867,0.000021,0.131897,0.000016,0.042337,0.543637
ACAAGGATGCTTTAGG-1,0.000004,0.000004,0.017689,0.970431,0.000861,0.004903,0.000004,0.006094,0.000004,0.000007
ACAAGGGCAGGCTCTG-1,0.000055,0.000055,0.000055,0.102231,0.017161,0.194681,0.000055,0.000055,0.000055,0.685599
ACAATAGTCGTACGTT-1,0.000044,0.000044,0.023606,0.000148,0.13407,0.209893,0.000044,0.000044,0.000044,0.632062
ACAATCCATTTAAACC-1,0.000015,0.000015,0.000015,0.232937,0.378307,0.004773,0.000015,0.000015,0.002801,0.381107
ACAATGAATACGGAGA-1,0.000018,0.000018,0.044464,0.202491,0.033194,0.444566,0.000018,0.061917,0.033761,0.179554
ACAATGATTCTTCTAC-1,0.000022,0.000022,0.000215,0.371881,0.176224,0.270782,0.000022,0.006767,0.000022,0.174044
ACAATTGTGTCTCTTT-1,0.000018,0.000018,0.000107,0.196826,0.062565,0.271864,0.000018,0.000018,0.002187,0.46638
ACAATTTAGGAGGCTC-1,0.000048,0.000048,0.000048,0.45148,0.391263,0.000048,0.000048,0.047061,0.10986,0.000096
ACAATTTGAGCAGTGG-1,0.000014,0.000014,0.000014,0.958342,0.008724,0.000014,0.000014,0.000014,0.000014,0.032838
ACAATTTGGCCATATT-1,0.000145,0.000145,0.348345,0.000289,0.000289,0.351253,0.000145,0.000145,0.000145,0.2991
ACACAAAGACGGGTGG-1,0.000015,0.000015,0.000015,0.141711,0.097362,0.000015,0.000015,0.000189,0.34408,0.416583
ACACAAATATTCCTAG-1,0.000011,0.000011,0.02619,0.262949,0.471787,0.105889,0.001633,0.112162,0.005665,0.013704
ACACACCAGGACCAGT-1,0.000008,0.000008,0.013677,0.313,0.379509,0.153901,0.000008,0.000008,0.000871,0.13901
ACACACTTTCTACACG-1,0.000039,0.000039,0.060246,0.000078,0.000078,0.000039,0.108946,0.137703,0.033287,0.659544
ACACATGATCAAATCT-1,0.000017,0.000017,0.00274,0.109537,0.215197,0.193812,0.000017,0.011208,0.03173,0.435725
ACACATTGACGCAACA-1,0.000026,0.000026,0.000026,0.220104,0.139868,0.000026,0.000026,0.270629,0.184247,0.185021
ACACATTTCCGTAGAC-1,0.000028,0.000028,0.012222,0.514644,0.203056,0.003884,0.012995,0.024722,0.038481,0.189938
ACACCACATAATTAGC-1,0.000015,0.000015,0.021498,0.381373,0.179386,0.206443,0.000015,0.102103,0.00281,0.106343
ACACCCAGCATGCAGC-1,0.000071,0.000071,0.086831,0.000142,0.000142,0.155258,0.000071,0.191714,0.113876,0.451825
ACACCCGAGAAATCCG-1,0.000013,0.000013,0.099045,0.00029,0.003865,0.100768,0.363519,0.000013,0.006064,0.426408
ACACCGAGCGCTCTTT-1,0.00004,0.00004,0.00004,0.00008,0.00008,0.00004,0.00004,0.00004,0.053218,0.946383
ACACCTTAAGTAGGGC-1,0.000017,0.000017,0.013431,0.165174,0.485159,0.197403,0.000017,0.00597,0.019608,0.113205
ACACCTTACTACTTGC-1,0.00002,0.00002,0.066782,0.220688,0.123768,0.2987,0.004383,0.00002,0.000061,0.285557
ACACGAGACTCCTTCT-1,0.000035,0.000035,0.000035,0.00007,0.00007,0.000035,0.000035,0.000035,0.074335,0.925313
ACACGGCACTATGCAT-1,0.000022,0.000022,0.000022,0.005443,0.000044,0.000022,0.000022,0.401183,0.269846,0.323372
ACACGGGAACTTAGGG-1,0.000033,0.000033,0.000033,0.000066,0.000066,0.034113,0.000033,0.077424,0.319864,0.568337
ACACGTAGGCCACAAG-1,0.000026,0.000026,0.021671,0.003058,0.000052,0.636233,0.000026,0.000026,0.000026,0.338854
ACACTCCAATGTCACT-1,0.00062,0.00062,0.00062,0.001241,0.188274,0.00062,0.00062,0.00062,0.288996,0.517767
ACACTGATCAAGGTGT-1,0.00003,0.00003,0.319268,0.005813,0.161059,0.108912,0.00003,0.249745,0.113247,0.041868
ACACTGGGACAGTCGT-1,0.000014,0.000014,0.691828,0.000028,0.000028,0.285954,0.000014,0.009229,0.000014,0.012877
ACAGAACTGAGAACAA-1,0.000012,0.000012,0.110524,0.524707,0.08255,0.175287,0.000012,0.001063,0.006884,0.098948
ACAGATTAGGTTAGTG-1,0.000455,0.000455,0.059983,0.00091,0.00091,0.000455,0.000455,0.000455,0.451423,0.484498
ACAGCATAGAGCCAGT-1,0.00002,0.00002,0.00002,0.021275,0.042141,0.003207,0.00002,0.0147,0.550081,0.368515
ACAGCGACATTCTCAT-1,0.000019,0.001327,0.013815,0.392258,0.008504,0.259305,0.000019,0.153802,0.003083,0.167869
ACAGCGCACCCGCAGC-1,0.000035,0.000035,0.000035,0.000071,0.000071,0.000035,0.000035,0.31275,0.231872,0.455059
ACAGGAGGCGCAGCCG-1,0.000152,0.000152,0.000152,0.000304,0.000304,0.000152,0.000152,0.095455,0.86307,0.040107
ACAGGCACGGATCCTT-1,0.000022,0.093781,0.048243,0.262644,0.06086,0.342017,0.011019,0.001216,0.000022,0.180177
ACAGGCTTGCCCGACT-1,0.000015,0.000015,0.028399,0.062812,0.281461,0.311309,0.000015,0.031825,0.057477,0.226672
ACAGGTGGAGGTGAGG-1,0.000025,0.000025,0.056051,0.074081,0.025023,0.260198,0.000025,0.081727,0.13068,0.372166
ACAGGTGTGTTGTTGC-1,0.000029,0.000029,0.000029,0.457992,0.333504,0.000029,0.005758,0.000029,0.140795,0.061809
ACAGTAATACAACTTG-1,0.000044,0.000044,0.175975,0.059192,0.226553,0.223523,0.000044,0.000044,0.000044,0.314536
ACAGTATACCGTGGGA-1,0.000022,0.000022,0.058785,0.057664,0.056213,0.545396,0.000022,0.01734,0.002594,0.261943
ACATAAGTCGTGGTGA-1,0.000372,0.000372,0.000372,0.131973,0.000743,0.129054,0.000372,0.000372,0.000372,0.736
ACATAATAAGGCGGTG-1,0.000026,0.000026,0.005284,0.021731,0.000051,0.017157,0.000026,0.448877,0.144885,0.361938
ACATCAGCTGGGACGC-1,0.000057,0.000057,0.000057,0.044132,0.254572,0.153297,0.012585,0.000057,0.150872,0.384315
ACATCCCGGCCATACG-1,0.000018,0.000018,0.012233,0.000037,0.016342,0.000018,0.000018,0.106354,0.339039,0.525922
ACATCCTGGTAACTGT-1,0.000009,0.000009,0.0001,0.757684,0.047622,0.069359,0.000009,0.000009,0.002756,0.122443
ACATCGATCGTTTACC-1,0.000035,0.000035,0.000035,0.007216,0.180077,0.032453,0.000035,0.317299,0.068946,0.393867
ACATCGGTCAGCCGCG-1,0.000045,0.000045,0.070189,0.00009,0.124363,0.060184,0.000045,0.004875,0.37761,0.362554
ACATCGTATGCAATGG-1,0.000012,0.000012,0.003853,0.487078,0.137478,0.113684,0.000012,0.000012,0.010781,0.24708
ACATCGTTAACCTAGT-1,0.000061,0.000061,0.047023,0.000121,0.010855,0.000061,0.000061,0.251288,0.089769,0.600702
ACATCTCAACGCGTAA-1,0.000175,0.069614,0.000175,0.15317,0.00035,0.000175,0.000175,0.189787,0.000175,0.586203
ACATGGCGCCAAAGTA-1,0.000016,0.000016,0.004891,0.089921,0.066705,0.40338,0.000016,0.000016,0.002001,0.433038
ACATGGCTCAATTTAG-1,0.000043,0.000043,0.005278,0.000087,0.099137,0.044815,0.000043,0.071062,0.054656,0.724835
ACATTAGTTTATATCC-1,0.000032,0.000032,0.000032,0.347241,0.286999,0.000627,0.000032,0.008284,0.020793,0.335928
ACCAAACACCCAGCGA-1,0.000016,0.000016,0.022048,0.073885,0.05224,0.619368,0.000016,0.007714,0.009935,0.214762
ACCAACACCACACACT-1,0.000027,0.000027,0.016963,0.141298,0.025277,0.343696,0.000027,0.008337,0.023025,0.441323
ACCAACCGCACTCCAC-1,0.000007,0.000007,0.924147,0.002311,0.000013,0.071415,0.000007,0.002074,0.000007,0.000013
ACCAACGCTTATTTAT-1,0.000031,0.000031,0.472243,0.000061,0.005503,0.136114,0.000031,0.09606,0.199059,0.090868
ACCAAGAACGCGTGTC-1,0.000017,0.000017,0.016223,0.055789,0.309088,0.00958,0.002253,0.000772,0.193461,0.412799
ACCAATATGCAAGTTA-1,0.000028,0.000028,0.000458,0.000056,0.004785,0.559143,0.000028,0.000028,0.014005,0.42144
ACCACAACTCAGAACA-1,0.000027,0.000027,0.000027,0.000054,0.000054,0.000027,0.000027,0.401168,0.217122,0.381468
ACCACAAGTTTCTATC-1,0.000015,0.000015,0.0452,0.093494,0.089721,0.042955,0.014294,0.017978,0.541925,0.154402
ACCACCAATGTAACAA-1,0.000017,0.000017,0.023003,0.07794,0.120057,0.294854,0.005771,0.000017,0.00455,0.473773
ACCACCCTCTCTTCTA-1,0.00002,0.00002,0.088281,0.007592,0.031951,0.464718,0.002086,0.039532,0.075091,0.290709
ACCACGTGCAGCTATA-1,0.000025,0.000025,0.052684,0.126231,0.183166,0.1301,0.000025,0.000955,0.061833,0.444956
ACCACTGTTCAAGAAG-1,0.000026,0.000026,0.000026,0.05573,0.053274,0.003203,0.001871,0.27394,0.219639,0.392266
ACCAGACCATAACAAC-1,0.000043,0.000043,0.000043,0.078006,0.053859,0.013605,0.000043,0.000043,0.177386,0.676928
ACCAGCCCGGTCTTTG-1,0.000227,0.025137,0.000227,0.214407,0.040739,0.000227,0.000227,0.000227,0.000227,0.718356
ACCAGGAGTGTGATCT-1,0.295269,0.000106,0.012481,0.029174,0.216785,0.003694,0.01391,0.119415,0.000106,0.309062
ACCAGTGCCCGGTCAA-1,0.000053,0.000053,0.058483,0.023494,0.095307,0.241933,0.000053,0.000053,0.000053,0.580517
ACCAGTGCGGGAGACG-1,0.000014,0.000014,0.004291,0.452195,0.187722,0.146565,0.000014,0.012545,0.010499,0.186141
ACCATATCCGCAATAA-1,0.000023,0.000023,0.000023,0.024161,0.119744,0.000023,0.000023,0.000023,0.19497,0.660984
ACCATCCGCCAACTAG-1,0.000027,0.000027,0.000027,0.06646,0.817701,0.002438,0.000027,0.000027,0.067766,0.045502
ACCATCGTATATGGTA-1,0.000043,0.000043,0.031177,0.08969,0.06175,0.070617,0.000043,0.000043,0.002014,0.744581
ACCATTAAGGGTGTCA-1,0.000052,0.000052,0.000052,0.000103,0.000103,0.000052,0.000052,0.009811,0.110828,0.878896
ACCCAACGCCCGTGGC-1,0.000253,0.000253,0.000253,0.000506,0.090556,0.000253,0.000253,0.000253,0.027621,0.879798
ACCCACCTACATGCTC-1,0.000021,0.000021,0.000021,0.170181,0.25346,0.000021,0.000021,0.000021,0.014686,0.561545
ACCCATCTTGAGGGTA-1,0.000031,0.000031,0.025164,0.202897,0.264673,0.033854,0.00245,0.000031,0.047289,0.42358
ACCCATTTGTCCCTCT-1,0.000022,0.000022,0.027514,0.381584,0.050348,0.261404,0.000022,0.003709,0.001339,0.274035
ACCCGGAAACTCCCAG-1,0.000026,0.000026,0.000026,0.207221,0.273092,0.000374,0.000026,0.048187,0.008357,0.462666
ACCCGGAGCACCACAA-1,0.000024,0.009477,0.29291,0.001229,0.000048,0.351287,0.008163,0.196652,0.000024,0.140187
ACCCGGATGACGCATC-1,0.000015,0.000015,0.016077,0.171512,0.097452,0.369832,0.000015,0.022442,0.064131,0.258507
ACCCGGTTACACTTCC-1,0.00003,0.00003,0.076401,0.120244,0.150667,0.250703,0.00003,0.218285,0.083454,0.100155
ACCCGTGTCATCAGTA-1,0.000012,0.000012,0.012046,0.150143,0.326594,0.018047,0.000012,0.007076,0.243795,0.242263
ACCCTATAGGACTGAG-1,0.000127,0.000127,0.000127,0.000254,0.000254,0.308544,0.000127,0.147214,0.025517,0.51771
ACCCTATGCCATATCG-1,0.000013,0.000013,0.959594,0.014326,0.025973,0.000013,0.000013,0.000013,0.000013,0.000027
ACCCTCCCTTGCTATT-1,0.000015,0.000015,0.022126,0.178697,0.204356,0.309498,0.012254,0.01345,0.014281,0.245309
ACCCTGGTAACGCCCT-1,0.000033,0.000033,0.061044,0.008621,0.184039,0.486768,0.009476,0.000033,0.003168,0.246783
ACCCTTCATCTGCGAA-1,0.00002,0.00002,0.00002,0.459656,0.318463,0.00002,0.00002,0.009369,0.012572,0.199841
ACCCTTGCCTGGGTCG-1,0.000051,0.003934,0.026255,0.128434,0.296683,0.307768,0.000051,0.026298,0.000051,0.210475
ACCCTTTAGTTCTCCA-1,0.000029,0.000029,0.000029,0.011423,0.225747,0.000029,0.000029,0.34294,0.277967,0.141779
ACCGAAAGGGCCCTGC-1,0.000038,0.000038,0.000038,0.000077,0.000077,0.000038,0.000038,0.112248,0.678125,0.209283
ACCGAAGAGTCTGGTT-1,0.000027,0.000027,0.012467,0.047905,0.100424,0.38513,0.000027,0.015771,0.003819,0.434402
ACCGACACATCTCCCA-1,0.00001,0.00001,0.01407,0.214076,0.162401,0.407125,0.00001,0.096846,0.018393,0.087059
ACCGACTGAGTCCCAC-1,0.000019,0.000019,0.008303,0.000039,0.000039,0.000019,0.000019,0.29226,0.689097,0.010184
ACCGAGTCTCCTTATT-1,0.00001,0.00001,0.010303,0.105237,0.311116,0.420354,0.000741,0.000023,0.007048,0.145158
ACCGATAGGCATAACC-1,0.000012,0.000012,0.77608,0.002182,0.000024,0.146245,0.000012,0.003982,0.000012,0.071441
ACCGATGGTAGCATCG-1,0.000004,0.000004,0.00001,0.923021,0.000316,0.00176,0.000004,0.000004,0.000004,0.074875
ACCGCAATAACTGCCT-1,0.00002,0.00002,0.00002,0.285099,0.60374,0.023109,0.00002,0.001825,0.018456,0.06769
ACCGCGGTGGAAGTCG-1,0.000021,0.000021,0.001532,0.070866,0.087602,0.508825,0.000569,0.020744,0.041462,0.26836
ACCGGGCCTTTGTTGA-1,0.000011,0.000011,0.005582,0.351758,0.312615,0.12098,0.000011,0.000011,0.002739,0.206284
ACCGGTCAGGTACACC-1,0.000018,0.000018,0.022766,0.043615,0.043141,0.576699,0.000018,0.003397,0.048561,0.261769
ACCGTTCCCGCTCTGA-1,0.000095,0.000095,0.000095,0.000189,0.000189,0.000095,0.000095,0.035605,0.053633,0.909909
ACCTAAGTACCTTTCA-1,0.00002,0.00002,0.064069,0.141546,0.047797,0.538359,0.00002,0.00002,0.044918,0.163233
ACCTAATCGACTTCCT-1,0.000016,0.000016,0.071977,0.363656,0.061899,0.087237,0.02068,0.000016,0.00485,0.389653
ACCTACAGTATGTGGT-1,0.000026,0.000026,0.098647,0.047894,0.010151,0.535628,0.031087,0.013161,0.000918,0.262462
ACCTACTATAAATCTA-1,0.000029,0.000029,0.049475,0.000059,0.027845,0.079262,0.000029,0.141961,0.114601,0.58671
ACCTCCGCCCTCGCTG-1,0.00002,0.008346,0.014533,0.31476,0.198197,0.261332,0.00002,0.039787,0.000189,0.162815
ACCTCCGTTATTCACC-1,0.000017,0.000017,0.026511,0.354702,0.256202,0.154796,0.002857,0.000017,0.000017,0.204866
ACCTGCGTGTCATGTT-1,0.000031,0.000031,0.006046,0.000062,0.068522,0.571956,0.044338,0.000031,0.042214,0.266769
ACGAAATGGGCGGCAC-1,0.000017,0.000017,0.000017,0.153083,0.347229,0.002953,0.002265,0.000017,0.000017,0.494387
ACGACCCATGAGTTGC-1,0.000054,0.062876,0.320977,0.053937,0.123649,0.209393,0.012405,0.07361,0.014787,0.128311
ACGACTCTAGGGCCGA-1,0.000036,0.022698,0.061101,0.364936,0.0694,0.224686,0.043956,0.017444,0.002825,0.192919
ACGAGAACCCATCACG-1,0.000037,0.000037,0.000037,0.002918,0.000073,0.000037,0.000037,0.571812,0.029219,0.395793
