Barcode,Topic 1,Topic 2to7,Topic 8,Topic 9
AAACAACGAATAGTTC-1,0.000056,0.999831,0.000056,0.000056
AAACAAGTATCTCCCA-1,0.00025,0.999251,0.00025,0.00025
AAACAATCTACTAGCA-1,0.000439,0.998682,0.000439,0.000439
AAACACCAATAACTGC-1,0.001293,0.996123,0.001292,0.001293
AAACAGCTTTCAGAAG-1,0.000072,0.999783,0.000072,0.000072
AAACAGGGTCTATATT-1,0.000332,0.999005,0.000332,0.000332
AAACATGGTGAGAGGA-1,0.000038,0.999885,0.000038,0.000038
AAACATTTCCCGGATT-1,0.000299,0.999104,0.000299,0.000299
AAACCACTACACAGAT-1,0.000407,0.907891,0.000407,0.091295
AAACCCGAACGAAATC-1,0.00006,0.999821,0.00006,0.00006
AAACCGGAAATGTTAA-1,0.000035,0.999896,0.000035,0.000035
AAACCGGGTAGGTACC-1,0.000076,0.953935,0.000076,0.045913
AAACCTAAGCAGCCGG-1,0.000195,0.999414,0.000195,0.000195
AAACCTCATGAAGTTG-1,0.005072,0.944641,0.000031,0.050255
AAACGAAGAACATACC-1,0.000039,0.999882,0.000039,0.000039
AAACGAAGATGGAGTA-1,0.000124,0.967038,0.000124,0.032714
AAACGCTGGGCACGAC-1,0.002526,0.992421,0.002525,0.002527
AAACGGGCGTACGGGT-1,0.000465,0.998604,0.000465,0.000465
AAACGGGTTGGTATCC-1,0.000742,0.997776,0.000741,0.000741
AAACGGTTGCGAACTG-1,0.00004,0.999881,0.00004,0.00004
AAACGTGTTCGCCCTA-1,0.001058,0.996824,0.001058,0.001059
AAACTAACGTGGCGAC-1,0.000095,0.999714,0.000095,0.000095
AAACTCGGTTCGCAAT-1,0.000272,0.973278,0.000272,0.026179
AAACTCGTGATATAAG-1,0.000934,0.997198,0.000934,0.000934
AAACTTGCAAACGTAT-1,0.000048,0.999855,0.000048,0.000048
AAAGAATGACCTTAGA-1,0.010917,0.988516,0.000283,0.000284
AAAGAATGTGGACTAA-1,0.020648,0.960192,0.000368,0.018792
AAAGACCCAAGTCGCG-1,0.000111,0.999666,0.000111,0.000112
AAAGACTGGGCGCTTT-1,0.002926,0.991225,0.002924,0.002925
AAAGCTTGCCTACATA-1,0.00023,0.99931,0.00023,0.00023
AAAGGCTACGGACCAT-1,0.000875,0.997374,0.000875,0.000875
AAAGGGATGTAGCAAG-1,0.000042,0.940246,0.000042,0.059671
AAAGGGCAGCTTGAAT-1,0.000118,0.956486,0.000118,0.043279
AAAGGTAAGCTGTACC-1,0.000037,0.999889,0.000037,0.000037
AAAGTAGCATTGCTCA-1,0.00046,0.998622,0.000459,0.000459
AAAGTCACTGATGTAA-1,0.090002,0.905268,0.002364,0.002366
AAAGTCGACCCTCAGT-1,0.000118,0.999647,0.000118,0.000118
AAAGTGCCATCAATTA-1,0.001112,0.996665,0.001111,0.001112
AAAGTGTGATTTATCT-1,0.000019,0.999942,0.000019,0.000019
AAAGTTGACTCCCGTA-1,0.000028,0.999916,0.000028,0.000028
AAATAAGGTAGTGCCC-1,0.000268,0.999196,0.000268,0.000268
AAATACCTATAAGCAT-1,0.000023,0.378597,0.000023,0.621356
AAATAGCTTAGACTTT-1,0.000975,0.83703,0.000975,0.16102
AAATAGGGTGCTATTG-1,0.000079,0.960956,0.000079,0.038887
AAATCCGATACACGCC-1,0.000095,0.999715,0.000095,0.000095
AAATCGCGGAAGGAGT-1,0.002911,0.996969,0.00006,0.00006
AAATCTAGCCCTGCTA-1,0.000296,0.999113,0.000296,0.000296
AAATGATTCGATCAGC-1,0.000621,0.998137,0.000621,0.000621
AAATGCTCGTTACGTT-1,0.001634,0.890031,0.001634,0.1067
AAATGGCATGTCTTGT-1,0.000704,0.899789,0.000703,0.098804
AAATGGCCCGTGCCCT-1,0.000097,0.999709,0.000097,0.000097
AAATGGTCAATGTGCC-1,0.000061,0.999816,0.000061,0.000061
AAATGTATCTTATCCC-1,0.004631,0.986108,0.00463,0.004631
AAATTAATAAGCGCGA-1,0.117698,0.869224,0.006536,0.006543
AAATTCCAGGTCCAAA-1,0.001822,0.994533,0.001821,0.001823
AAATTGCGGCGGTTCT-1,0.003412,0.996478,0.000055,0.000055
AAATTGGTGAGAAGCA-1,0.003269,0.990194,0.003268,0.00327
AAATTTGCGGGTGTGG-1,0.024417,0.975017,0.000283,0.000283
AACAACTGGTAGTTGC-1,0.000103,0.999692,0.000103,0.000103
AACAATACATTGTCGA-1,0.000161,0.905591,0.000161,0.094087
AACAATTACTCTACGC-1,0.000156,0.979366,0.000156,0.020321
AACACACGCTCGCCGC-1,0.000046,0.999863,0.000046,0.000046
AACACGACTGTACTGA-1,0.000767,0.9977,0.000766,0.000767
AACACGAGACGCGGCC-1,0.000043,0.992189,0.000043,0.007726
AACACGCGGCCGCGAA-1,0.000031,0.999906,0.000031,0.000031
AACAGCTGTGTGGCAA-1,0.000027,0.343897,0.000027,0.656048
AACAGGAAATCGAATA-1,0.00005,0.999851,0.00005,0.00005
AACAGGATGGGCCGCG-1,0.000088,0.972802,0.000088,0.027023
AACAGGTAGTATGGAT-1,0.002058,0.993825,0.002058,0.002059
AACATATCAACTGGTG-1,0.000084,0.947992,0.000084,0.05184
AACATCGATACGTCTA-1,0.024569,0.974154,0.000639,0.000639
AACATTGGTCAGCCGT-1,0.000591,0.943753,0.000591,0.055065
AACATTGTGACTCGAG-1,0.000727,0.90398,0.000726,0.094567
AACCAAGACTTCTCTG-1,0.00608,0.993832,0.000044,0.000044
AACCATGGGATCGCTA-1,0.00171,0.99487,0.001709,0.001711
AACCCAGAGACGGAGA-1,0.00227,0.993194,0.002268,0.002269
AACCCATCCCATGATC-1,0.000114,0.999657,0.000114,0.000114
AACCCGACAACCCGTG-1,0.000242,0.975715,0.000242,0.0238
AACCCGAGCAGAATCG-1,0.000529,0.951526,0.000529,0.047415
AACCCGATAGGGCTTC-1,0.000423,0.998732,0.000422,0.000423
AACCCTACTGTCAATA-1,0.000021,0.999937,0.000021,0.000021
AACCGCTAAGGGATGC-1,0.000051,0.999848,0.000051,0.000051
AACCGTTGTGTTTGCT-1,0.004831,0.985504,0.004831,0.004835
AACCTCGCTTTAGCCC-1,0.009289,0.990486,0.000112,0.000113
AACCTGTCACGGAATT-1,0.001635,0.995096,0.001634,0.001635
AACCTTTAAATACGGT-1,0.009734,0.990058,0.000104,0.000104
AACGAAAGTCGTCCCA-1,0.000084,0.999748,0.000084,0.000084
AACGACCTCCTAGCCG-1,0.006672,0.992702,0.000313,0.000313
AACGATAATGCCGTAG-1,0.000113,0.986697,0.000113,0.013077
AACGATAGAAGGGCCG-1,0.003705,0.988885,0.003704,0.003706
AACGCATGATCTGGGT-1,0.000071,0.960709,0.000071,0.039149
AACGCGAACGGCAACA-1,0.000072,0.999783,0.000072,0.000072
AACGCGACCTTGGGCG-1,0.000118,0.999647,0.000118,0.000118
AACGCGGTCTCCAGCC-1,0.000209,0.937337,0.000209,0.062244
AACGCTGTTGCTGAAA-1,0.000115,0.999654,0.000115,0.000115
AACGGACGTACGTATA-1,0.00104,0.992668,0.000027,0.006265
AACGGCCATCTCCGGT-1,0.000171,0.999487,0.000171,0.000171
AACGTAGTCTACCCAT-1,0.00005,0.99985,0.00005,0.00005
AACGTCAGACTAGTGG-1,0.024378,0.972772,0.001425,0.001426
AACGTTATCAGCACCT-1,0.001039,0.996884,0.001038,0.001039
AACTACCCGTTTGTCA-1,0.001308,0.89018,0.001307,0.107205
AACTAGCGTATCGCAC-1,0.027816,0.916627,0.027778,0.02778
AACTAGGCTTGGGTGT-1,0.000351,0.944056,0.000351,0.055243
AACTCAAGTTAATTGC-1,0.000055,0.999836,0.000055,0.000055
AACTCCAGAGCGTGTT-1,0.00807,0.867416,0.000621,0.123893
AACTCGATAAACACGT-1,0.003473,0.989579,0.003472,0.003476
AACTCGATGGCGCAGT-1,0.000926,0.997221,0.000926,0.000927
AACTCTCAATAGAGCG-1,0.000074,0.999779,0.000074,0.000074
AACTGAGGTCAGCGTC-1,0.000573,0.998281,0.000573,0.000573
AACTGAGTTATACTGA-1,0.000085,0.957513,0.000085,0.042316
AACTGATATTAGGCCT-1,0.000137,0.999588,0.000137,0.000137
AACTGGGTCCCGACGT-1,0.062042,0.93605,0.000157,0.001752
AACTGGTGTGGGCCTT-1,0.000243,0.99927,0.000243,0.000243
AACTTCTGCGTCTATC-1,0.003368,0.989896,0.003367,0.003368
AACTTGCCCGTATGCA-1,0.000054,0.969773,0.000054,0.030118
AACTTGCGTTCTCGCG-1,0.000722,0.997835,0.000722,0.000722
AACTTTACGGGAGCTT-1,0.011121,0.966645,0.011111,0.011123
AACTTTAGCTGCTGAG-1,0.027778,0.916653,0.027778,0.027791
AACTTTCTCGATCATG-1,0.001764,0.994707,0.001764,0.001765
AAGAAATCACCAGATT-1,0.001765,0.994707,0.001764,0.001764
AAGAAGGATCAGTTAG-1,0.000882,0.997353,0.000882,0.000883
AAGACATACGTGGTTT-1,0.001249,0.996254,0.001248,0.001249
AAGACCAAATAACTCA-1,0.000211,0.999368,0.00021,0.000211
AAGACTAACCCGTTGT-1,0.00016,0.999521,0.00016,0.00016
AAGAGATGAATCGGTA-1,0.000073,0.979338,0.000073,0.020516
AAGAGGATGTACGCGA-1,0.000096,0.999711,0.000096,0.000096
AAGAGGCCCTTTGGAA-1,0.029107,0.96935,0.000772,0.000772
AAGATGGCACCGGACC-1,0.010439,0.768349,0.000418,0.220795
AAGATTGGCGGAACGT-1,0.000097,0.999708,0.000097,0.000097
AAGCACCCTGCGTATC-1,0.000456,0.998633,0.000455,0.000456
AAGCATACTCTCCTGA-1,0.000109,0.832458,0.000109,0.167324
AAGCCGAAGCGGTTTA-1,0.000686,0.997941,0.000686,0.000686
AAGCCGCTTTACCTTG-1,0.002224,0.99333,0.002222,0.002224
AAGCCGGAGAGCAGGA-1,0.001389,0.995832,0.001389,0.00139
AAGCGCAGGGCTTTGA-1,0.00041,0.971692,0.00041,0.027488
AAGCGGAGTGCGCGCA-1,0.000296,0.999113,0.000296,0.000296
AAGCGTCCCTCATCGA-1,0.000098,0.778256,0.000098,0.221548
AAGCTAGATCGAGTAA-1,0.000064,0.779271,0.000064,0.2206
AAGCTCTTTCATGGTG-1,0.009668,0.989921,0.000205,0.000206
AAGGAGCGGTTGGTGC-1,0.000031,0.988306,0.000031,0.011632
AAGGATCGATCGCTTG-1,0.001659,0.995023,0.001658,0.00166
AAGGATGAGGGACCTC-1,0.000211,0.811261,0.00021,0.188318
AAGGCAGGCTGTCTCC-1,0.005578,0.994139,0.000142,0.000142
AAGGCGCGTAAAGCTT-1,0.00117,0.99649,0.00117,0.00117
AAGGCTGTGCTCATCG-1,0.000071,0.999787,0.000071,0.000071
AAGGGAACGACTGGCT-1,0.000119,0.999643,0.000119,0.000119
AAGGGTTTGATTTCAG-1,0.000125,0.999624,0.000125,0.000125
AAGGTATCCTAATATA-1,0.000109,0.954334,0.000109,0.045449
AAGGTGATAAACCAGC-1,0.005175,0.986706,0.000015,0.008104
AAGTAGAAGACCGGGT-1,0.077417,0.777233,0.000918,0.144431
AAGTAGTGACGCGAGG-1,0.000091,0.924476,0.00009,0.075343
AAGTCAATTGTCGTCA-1,0.006304,0.9923,0.000038,0.001358
AAGTCTAGTAGCTGCC-1,0.000732,0.997806,0.000731,0.000731
AAGTCTTCTGTGGCCT-1,0.015874,0.952376,0.015873,0.015876
AAGTGACGACCGAATT-1,0.000072,0.999784,0.000072,0.000072
AAGTGAGTCGGGTTTA-1,0.000691,0.997929,0.00069,0.000691
AAGTGCAAAGGTAGAC-1,0.064535,0.928927,0.003268,0.00327
AAGTGCCTTGACTGTA-1,0.004487,0.992608,0.000041,0.002864
AAGTGCGTTAGAATCT-1,0.000213,0.999362,0.000212,0.000213
AAGTGCTTCTCTATTG-1,0.000433,0.998702,0.000432,0.000433
AAGTGTTTGGAGACGG-1,0.000083,0.875615,0.000083,0.124219
AAGTTCACTCCAAGCT-1,0.000142,0.999575,0.000142,0.000142
AAGTTCAGTCTGCGTA-1,0.000138,0.999587,0.000138,0.000138
AAGTTCGGCCAACAGG-1,0.000746,0.825992,0.000746,0.172516
AAGTTGTGATGTTATA-1,0.000579,0.998263,0.000579,0.000579
AAGTTTACTAATGGCA-1,0.000576,0.931217,0.000576,0.067631
AAGTTTATGGGCCCAA-1,0.000285,0.999145,0.000285,0.000285
AATAACAACGCTCGGC-1,0.000057,0.99983,0.000057,0.000057
AATAATCTTCGTATCG-1,0.00305,0.996841,0.000055,0.000055
AATACAATGTTTCAGG-1,0.003268,0.990194,0.003268,0.00327
AATACCGGAGGGCTGT-1,0.000193,0.999422,0.000193,0.000193
AATAGAATCTGTTTCA-1,0.000165,0.896231,0.000165,0.103439
AATAGCAAGCCTCCTG-1,0.000481,0.87134,0.000481,0.127698
AATAGCTACCGCGTGC-1,0.015118,0.984592,0.000145,0.000145
AATAGTCCGTCCCGAC-1,0.000503,0.911242,0.000503,0.087752
AATAGTCGCGAGTCGG-1,0.30114,0.698282,0.000289,0.000289
AATATCAAGGTCGGAT-1,0.000062,0.999815,0.000062,0.000062
AATATCCTAGCAAACT-1,0.012347,0.503538,0.012346,0.471769
AATATCGAATCAATGC-1,0.000639,0.998083,0.000639,0.000639
AATATCGAGGGTTCTC-1,0.000173,0.99948,0.000173,0.000173
AATATTGGAGTATTGA-1,0.000085,0.999746,0.000085,0.000085
AATCAGACTGCAGGAC-1,0.000193,0.999421,0.000193,0.000193
AATCAGGTTTCATTTA-1,0.008022,0.982969,0.000579,0.00843
AATCATGTAAAGACTC-1,0.000208,0.999375,0.000208,0.000208
AATCCAAGGGCCTGAG-1,0.004116,0.987651,0.004115,0.004118
AATCCATGCAAGGGTG-1,0.000076,0.999771,0.000076,0.000076
AATCGCGCAGAGGACT-1,0.002849,0.991451,0.002849,0.002851
AATCGGGACACTACGA-1,0.00125,0.996253,0.001248,0.001249
AATCGGTATAGCCCTC-1,0.000271,0.898856,0.000271,0.100602
AATCGTGAGCCGAGCA-1,0.000268,0.963929,0.000268,0.035535
AATCTAGGTTTACTTG-1,0.000074,0.999777,0.000074,0.000074
AATCTATGCCGGAGCC-1,0.000805,0.997584,0.000805,0.000806
AATCTCTACTGTGGTT-1,0.000471,0.998587,0.000471,0.000471
AATCTGCGTTGGGACG-1,0.000251,0.955949,0.00025,0.04355
AATCTGGCTTTCTAGT-1,0.000098,0.999706,0.000098,0.000098
AATGACAGCAATGTCT-1,0.000564,0.998307,0.000564,0.000564
AATGACGTAGGATGTC-1,0.000024,0.329801,0.000024,0.670152
AATGACTGTCAGCCGG-1,0.000036,0.999891,0.000036,0.000036
AATGAGTTCGCATATG-1,0.00095,0.99715,0.00095,0.00095
AATGATGCGACTCCTG-1,0.00032,0.999039,0.00032,0.00032
AATGCAACCGGGTACC-1,0.000028,0.97948,0.000028,0.020464
AATGGCCGCCAATGCG-1,0.001079,0.996762,0.001079,0.00108
AATGGTCCACCGTTCA-1,0.001886,0.955365,0.001883,0.040866
AATGGTTCTCACAAGC-1,0.001793,0.994622,0.001792,0.001793
AATGTGCCCGAGGTGT-1,0.012117,0.987432,0.000225,0.000226
AATGTGCTAATCTGAG-1,0.000089,0.999733,0.000089,0.000089
AATGTTGTCGTGAGAC-1,0.000093,0.999721,0.000093,0.000093
AATTAACGGATTTCCA-1,0.024336,0.974356,0.000654,0.000654
AATTACGAGACCCATC-1,0.000159,0.999524,0.000159,0.000159
AATTACTCGTACGCTC-1,0.000448,0.998655,0.000448,0.000448
AATTAGCGCTGCAGCG-1,0.000098,0.73276,0.000098,0.267044
AATTCCAACTTGGTGA-1,0.005849,0.98245,0.005848,0.005853
AATTCCAAGCATGTAC-1,0.000157,0.99953,0.000157,0.000157
AATTCGATTCGAGGAT-1,0.000248,0.982315,0.000247,0.01719
AATTCTAGAGTTAGGC-1,0.000052,0.637242,0.000052,0.362654
AATTGAACGCTCTGGT-1,0.0001,0.849479,0.0001,0.150321
AATTGCAGCAATCGAC-1,0.000783,0.997652,0.000782,0.000783
AATTGTGGTTGCCAAA-1,0.001278,0.996167,0.001277,0.001278
AATTTGGTTCCAAAGA-1,0.002058,0.993825,0.002058,0.002059
ACAAAGAAGGTAGGCC-1,0.010102,0.969692,0.010101,0.010105
ACAAAGCATGACCTAG-1,0.000456,0.998633,0.000455,0.000456
ACAAATCGCACCGAAT-1,0.000104,0.999688,0.000104,0.000104
ACAAATGGTAGTGTTT-1,0.000113,0.940443,0.000113,0.059332
ACAACGGTCCCTGCGA-1,0.000151,0.999547,0.000151,0.000151
ACAAGCAGTGCCTAGC-1,0.000121,0.999637,0.000121,0.000121
ACAAGCTATATGGAAG-1,0.022226,0.933312,0.022222,0.02224
ACAAGGAAATCCGCCC-1,0.000113,0.941706,0.000113,0.058067
ACAAGGACAAGAGGTT-1,0.000801,0.9976,0.000799,0.0008
ACAAGGATGCTTTAGG-1,0.000123,0.999632,0.000123,0.000123
ACAAGGGCAGGCTCTG-1,0.000051,0.507052,0.000051,0.492845
ACAATAGTCGTACGTT-1,0.000058,0.999826,0.000058,0.000058
ACAATCCATTTAAACC-1,0.003735,0.905086,0.000054,0.091125
ACAATGATTCTTCTAC-1,0.020177,0.979041,0.000391,0.000391
ACAATTGTGTCTCTTT-1,0.000046,0.999863,0.000046,0.000046
ACAATTTAGGAGGCTC-1,0.018539,0.944406,0.018519,0.018536
ACAATTTGAGCAGTGG-1,0.000138,0.883629,0.000138,0.116095
ACAATTTGGCCATATT-1,0.000118,0.999646,0.000118,0.000118
ACACAAAGACGGGTGG-1,0.008448,0.991324,0.000114,0.000114
ACACAAATATTCCTAG-1,0.064801,0.930029,0.002584,0.002586
ACACACCAGGACCAGT-1,0.00008,0.98803,0.00008,0.011811
ACACACTTTCTACACG-1,0.002851,0.883319,0.002849,0.110981
ACACATTGACGCAACA-1,0.001765,0.994706,0.001764,0.001766
ACACCACATAATTAGC-1,0.105035,0.892349,0.001307,0.001309
ACACCCAGCATGCAGC-1,0.007956,0.960648,0.000056,0.031339
ACACCCGAGAAATCCG-1,0.001566,0.995304,0.001565,0.001566
ACACCCGTAAATCTGT-1,0.005586,0.993633,0.000069,0.000711
ACACCGAGCGCTCTTT-1,0.006174,0.981478,0.006173,0.006176
ACACCTTAAGTAGGGC-1,0.000148,0.974681,0.000148,0.025024
ACACCTTACTACTTGC-1,0.00278,0.991662,0.002778,0.00278
ACACGTAGGCCACAAG-1,0.000628,0.998116,0.000628,0.000628
ACACTCCAATGTCACT-1,0.001522,0.995433,0.001522,0.001523
ACACTGGGACAGTCGT-1,0.000767,0.9977,0.000766,0.000767
ACAGAACTGAGAACAA-1,0.001793,0.994621,0.001792,0.001793
ACAGATTAGGTTAGTG-1,0.000171,0.960429,0.000171,0.039229
ACAGCATAGAGCCAGT-1,0.002315,0.91336,0.002315,0.08201
ACAGCGACATTCTCAT-1,0.000984,0.997049,0.000983,0.000984
ACAGGAGGCGCAGCCG-1,0.011112,0.500669,0.011111,0.477108
ACAGGCACGGATCCTT-1,0.000194,0.999417,0.000194,0.000194
ACAGGCTTGCCCGACT-1,0.00897,0.961879,0.000072,0.029079
ACAGGTGTGTTGTTGC-1,0.037037,0.888887,0.037037,0.037039
ACAGTAATACAACTTG-1,0.0003,0.999101,0.000299,0.0003
ACAGTATACCGTGGGA-1,0.00171,0.994869,0.001709,0.001711
ACATAAGTCGTGGTGA-1,0.000063,0.999812,0.000062,0.000063
ACATAATAAGGCGGTG-1,0.000043,0.935641,0.000043,0.064272
ACATCAGCTGGGACGC-1,0.005851,0.982451,0.005848,0.00585
ACATCCCGGCCATACG-1,0.001589,0.995235,0.001587,0.001589
ACATCCTGGTAACTGT-1,0.000097,0.99971,0.000097,0.000097
ACATCGGTCAGCCGCG-1,0.000635,0.998095,0.000635,0.000635
ACATCGTATGCAATGG-1,0.000097,0.948739,0.000097,0.051066
ACATGGCGCCAAAGTA-1,0.0001,0.985965,0.0001,0.013835
ACATGGCTCAATTTAG-1,0.000235,0.93602,0.000234,0.063511
ACATTAGTTTATATCC-1,0.000219,0.785015,0.000219,0.214546
ACCAAACACCCAGCGA-1,0.002588,0.992243,0.002584,0.002585
ACCAACACCACACACT-1,0.041084,0.956931,0.000992,0.000993
ACCAACCGCACTCCAC-1,0.00009,0.987072,0.000089,0.012749
ACCAAGAACGCGTGTC-1,0.001793,0.994622,0.001792,0.001794
ACCAAGTCATCGGCAG-1,0.000206,0.966681,0.000206,0.032908
ACCAATATGCAAGTTA-1,0.027202,0.971781,0.000117,0.0009
ACCACAAGTTTCTATC-1,0.00007,0.963915,0.00007,0.035944
ACCACCAATGTAACAA-1,0.000409,0.998774,0.000408,0.000409
ACCACCCTCTCTTCTA-1,0.001463,0.995612,0.001462,0.001463
ACCACGTGCAGCTATA-1,0.000142,0.931033,0.000142,0.068684
ACCACTGTTCAAGAAG-1,0.000794,0.997618,0.000794,0.000794
ACCAGACCATAACAAC-1,0.027827,0.916603,0.027778,0.027792
ACCAGGAGTGTGATCT-1,0.000034,0.914667,0.000034,0.085264
ACCAGTGCCCGGTCAA-1,0.000461,0.964366,0.000461,0.034712
ACCAGTGCGGGAGACG-1,0.000034,0.999899,0.000034,0.000034
ACCATCCGCCAACTAG-1,0.000862,0.997415,0.000861,0.000862
ACCATCGTATATGGTA-1,0.000122,0.999633,0.000122,0.000122
ACCATTAAGGGTGTCA-1,0.000386,0.998842,0.000386,0.000386
ACCCAACGCCCGTGGC-1,0.000215,0.900914,0.000215,0.098657
ACCCACCTACATGCTC-1,0.000483,0.99855,0.000483,0.000483
ACCCATCTTGAGGGTA-1,0.000243,0.983095,0.000243,0.016419
ACCCATTTGTCCCTCT-1,0.001324,0.934355,0.001323,0.062998
ACCCGAGCGAAATTAC-1,0.000147,0.896987,0.000147,0.102719
ACCCGATTGGTTCCGA-1,0.00008,0.931043,0.00008,0.068798
ACCCGGAAACTCCCAG-1,0.203029,0.796955,0.000008,0.000008
ACCCGGAGCACCACAA-1,0.001483,0.995553,0.001481,0.001482
ACCCGGATGACGCATC-1,0.000172,0.999485,0.000172,0.000172
ACCCGTAGTCTAGTTG-1,0.005741,0.955007,0.000338,0.038914
ACCCTATAGGACTGAG-1,0.001049,0.996854,0.001048,0.001049
ACCCTATGCCATATCG-1,0.000153,0.955575,0.000153,0.044119
ACCCTCCCGTCAGGGC-1,0.000187,0.9414,0.000186,0.058227
ACCCTCCCTTGCTATT-1,0.000106,0.984331,0.000106,0.015457
ACCCTGGTAACGCCCT-1,0.003705,0.988884,0.003704,0.003707
ACCCTTCATCTGCGAA-1,0.005557,0.983329,0.005556,0.005559
ACCCTTGCCTGGGTCG-1,0.053627,0.779253,0.002646,0.164475
ACCGAAAGGGCCCTGC-1,0.000046,0.975747,0.000046,0.024161
ACCGAAGAGTCTGGTT-1,0.004261,0.995573,0.000083,0.000083
ACCGACACATCTCCCA-1,0.001482,0.827769,0.001481,0.169267
ACCGATAGGCATAACC-1,0.000522,0.998434,0.000522,0.000522
ACCGATATTTAATCAT-1,0.000129,0.999613,0.000129,0.000129
ACCGATGGTAGCATCG-1,0.012407,0.987466,0.000063,0.000063
ACCGCAATAACTGCCT-1,0.000111,0.983861,0.000111,0.015916
ACCGCGGTGGAAGTCG-1,0.000176,0.999472,0.000176,0.000176
ACCGGGCCTTTGTTGA-1,0.000079,0.999763,0.000079,0.000079
ACCGTCCACTGGGCCC-1,0.00028,0.99916,0.00028,0.00028
ACCGTGACCACGTGGG-1,0.000397,0.831629,0.000397,0.167577
ACCGTTCCCGCTCTGA-1,0.000082,0.993592,0.000082,0.006244
ACCTAAGTACCTTTCA-1,0.00034,0.99898,0.00034,0.00034
ACCTAATCGACTTCCT-1,0.000086,0.999742,0.000086,0.000086
ACCTACAGTATGTGGT-1,0.001308,0.996077,0.001307,0.001308
ACCTACTATAAATCTA-1,0.000103,0.985095,0.000103,0.014699
ACCTCCGCCCTCGCTG-1,0.001389,0.995832,0.001389,0.00139
ACCTCCGTTATTCACC-1,0.00247,0.99259,0.002469,0.002471
ACCTGCGTGTCATGTT-1,0.02463,0.975297,0.000036,0.000036
ACGAAATGGGCGGCAC-1,0.000043,0.938869,0.000043,0.061044
ACGACCCATGAGTTGC-1,0.000722,0.997835,0.000722,0.000722
ACGACTCTAGGGCCGA-1,0.001504,0.995492,0.001502,0.001502
ACGACTGGTCATACTC-1,0.001853,0.848903,0.001852,0.147393
ACGAGAACCCATCACG-1,0.000934,0.997198,0.000934,0.000934
ACGAGGATACCACTCT-1,0.000073,0.984321,0.000072,0.015534
ACGAGGTTTACAACGT-1,0.000142,0.998573,0.000142,0.001142
ACGAGTACGGATGCCC-1,0.002924,0.884039,0.002924,0.110112
ACGAGTCGCCGGCGTT-1,0.009267,0.849636,0.009259,0.131837
ACGATACCTATCCTGA-1,0.015877,0.952374,0.015873,0.015877
ACGATCATACATAGAG-1,0.000066,0.977274,0.000066,0.022594
ACGATCATCTTGTAAA-1,0.001001,0.996996,0.001001,0.001002
ACGATGCATATGTTAT-1,0.000041,0.993398,0.000041,0.006519
ACGATGGATCCGATGC-1,0.002268,0.993194,0.002268,0.00227
ACGCAAACTAATAGAT-1,0.002851,0.991449,0.002849,0.002851
ACGCAATCACTACAGC-1,0.000494,0.998518,0.000494,0.000494
ACGCATAAATGACATG-1,0.000354,0.909139,0.000354,0.090153
ACGCATACGTTTACTA-1,0.001611,0.995167,0.00161,0.001611
ACGCCTGACACGCGCT-1,0.001523,0.995432,0.001522,0.001523
ACGCGCTACACAGGGT-1,0.007853,0.991268,0.000439,0.00044
ACGCGTTTCTTAAGAG-1,0.009266,0.972211,0.009259,0.009263
ACGCTAGTGATACACT-1,0.000117,0.999649,0.000117,0.000117
ACGCTGTGAGGCGTAG-1,0.000055,0.999836,0.000055,0.000055
ACGGAATTTAGCAAAT-1,0.001566,0.995303,0.001565,0.001566
ACGGACTCTCAAAGCG-1,0.001463,0.995612,0.001462,0.001463
ACGGAGCGCAAATTAC-1,0.000934,0.997197,0.000934,0.000935
ACGGATGGTGCGGATA-1,0.025988,0.970566,0.00017,0.003277
ACGGCACTTGCTTGGG-1,0.000441,0.879712,0.000441,0.119406
ACGGCGACGATGGGAA-1,0.000101,0.952844,0.000101,0.046954
ACGGCGGGTTGCCCTG-1,0.00013,0.999611,0.00013,0.00013
ACGGGAGTGTCGGCCC-1,0.000073,0.999781,0.000073,0.000073
ACGGGCGTATGCGACA-1,0.001884,0.994348,0.001883,0.001884
ACGGGTCATGTGACTT-1,0.00041,0.998769,0.00041,0.00041
ACGGTACAGTTCAATG-1,0.000695,0.997915,0.000694,0.000695
ACGTACAGATTTCTCT-1,0.003269,0.990193,0.003268,0.00327
ACGTAGGAGAGTCGCT-1,0.000038,0.999886,0.000038,0.000038
ACGTATTACTCCGATC-1,0.000153,0.999542,0.000153,0.000153
ACGTCTCGTTCCGGGA-1,0.000173,0.999481,0.000173,0.000173
ACGTGACAAAGTAAGT-1,0.028463,0.97127,0.000133,0.000133
ACGTGCGCCTCGTGCA-1,0.000116,0.999651,0.000116,0.000116
ACGTTAGATTTGCCCG-1,0.000691,0.997929,0.00069,0.000691
ACGTTATTGGTCACTC-1,0.000573,0.998281,0.000573,0.000573
ACGTTCCGCGCTCCGT-1,0.000109,0.98126,0.000109,0.018521
ACGTTCGCAATCAATT-1,0.001635,0.995096,0.001634,0.001635
ACGTTCGTTCAGGAAA-1,0.000475,0.86614,0.000475,0.132911
ACGTTCTGTACAAGTC-1,0.000238,0.999286,0.000238,0.000238
ACGTTTAGTTGTGATC-1,0.000284,0.999144,0.000283,0.000289
ACTAAGGACGCACACC-1,0.002181,0.993461,0.002179,0.002179
ACTACCAGCTCTCTGG-1,0.000436,0.89313,0.000436,0.105999
ACTACGCGTTAGAATT-1,0.069762,0.928915,0.000661,0.000662
ACTAGTTGCGATCGTC-1,0.000481,0.952081,0.000481,0.046957
ACTATATGCTGTGTTC-1,0.000106,0.999683,0.000106,0.000106
ACTATCCAGGGCATGG-1,0.000695,0.997916,0.000694,0.000695
ACTATCGCCGGCTAAA-1,0.000611,0.998168,0.000611,0.000611
ACTATCTGCCCGCGTA-1,0.000309,0.999074,0.000309,0.000309
ACTATTTCCGGGCCCA-1,0.000153,0.959564,0.000153,0.04013
ACTCAACGAATGTATT-1,0.000271,0.999187,0.000271,0.000271
ACTCAAGTGCAAGGCT-1,0.000136,0.999591,0.000136,0.000136
ACTCAGACCTGCTTCT-1,0.000133,0.999601,0.000133,0.000133
ACTCCAATATCATCAT-1,0.000048,0.733962,0.000048,0.265942
ACTCCCATTCCTAAAG-1,0.000081,0.999758,0.000081,0.000081
ACTCCCGAATTCGTTT-1,0.00285,0.99145,0.002849,0.002851
ACTCCCGTAGACTAGG-1,0.002365,0.992904,0.002364,0.002366
ACTCCCTAATGCTAAA-1,0.035766,0.922721,0.000875,0.040638
ACTCCCTAGAATAGTA-1,0.000072,0.84064,0.000072,0.159216
ACTCCGGCCGACCACT-1,0.000147,0.999559,0.000147,0.000147
ACTCGATGTATTTCAT-1,0.00036,0.998921,0.00036,0.00036
ACTCGCCGTTCGATAA-1,0.000278,0.999166,0.000278,0.000278
ACTCGCGATCTGACGC-1,0.001793,0.994622,0.001792,0.001793
ACTCGTAACCCGTCCT-1,0.000091,0.999728,0.00009,0.000091
ACTCTAAACCTGGGAT-1,0.003834,0.988499,0.003831,0.003835
ACTCTCTGACTTAGGT-1,0.000078,0.724592,0.000078,0.275252
ACTCTGACCTAATAGA-1,0.000116,0.900253,0.000116,0.099514
ACTCTTCAGCTCCCGC-1,0.000919,0.997244,0.000918,0.000919
ACTGAAACGCCGTTAG-1,0.000319,0.999044,0.000318,0.000319
ACTGAATGGCGAAAGT-1,0.000144,0.883779,0.000144,0.115933
ACTGCCGTCGTAACTC-1,0.000463,0.947505,0.000463,0.051569
ACTGCGGACACACCGT-1,0.001852,0.994442,0.001852,0.001853
ACTGCTCGGAAGGATG-1,0.000157,0.999528,0.000157,0.000157
ACTGGCGAACCTGCGT-1,0.000942,0.997174,0.000942,0.000942
ACTGGGATGCCAGTGC-1,0.003269,0.990193,0.003268,0.003271
ACTGTAGCACTTTGGA-1,0.01281,0.917169,0.000378,0.069643
ACTGTATACGCGAGCA-1,0.001852,0.994443,0.001852,0.001853
ACTGTCCAGGATTATA-1,0.000094,0.99972,0.000093,0.000094
ACTGTGCTAGTAGATC-1,0.001852,0.994441,0.001852,0.001854
ACTTACGCATCCACGC-1,0.021477,0.978293,0.000115,0.000115
ACTTAGTACGACAAGA-1,0.015999,0.980633,0.001684,0.001685
ACTTATACTTACCCGG-1,0.000136,0.999592,0.000136,0.000136
ACTTATTTATGTGCCA-1,0.000141,0.999576,0.000141,0.000141
ACTTCAGGCTGATCCC-1,0.000056,0.955545,0.000056,0.044343
ACTTCCAGTGGAAGCT-1,0.00009,0.99973,0.00009,0.00009
ACTTCCATGCGGGACA-1,0.000119,0.942027,0.000118,0.057736
ACTTCGCTAGCGAGTG-1,0.001123,0.996632,0.001122,0.001123
ACTTGCCATATTGTAC-1,0.000246,0.999262,0.000246,0.000246
ACTTGGGACCCGGTGG-1,0.000046,0.999863,0.000046,0.000046
ACTTGTAGTCCCTTCA-1,0.000097,0.99971,0.000097,0.000097
ACTTGTGGATGGAACG-1,0.000911,0.997266,0.000911,0.000911
ACTTTACCCTCATGAA-1,0.001659,0.995023,0.001658,0.001659
ACTTTCCTATAGCTTC-1,0.000089,0.988187,0.000089,0.011635
ACTTTGACTGCATCCT-1,0.000351,0.998948,0.000351,0.000351
ACTTTGTCGACGCACT-1,0.000104,0.999688,0.000104,0.000104
AGAAATTATGACTCGC-1,0.019689,0.946378,0.000269,0.033664
AGAACCCAGCGTGACA-1,0.000124,0.999627,0.000124,0.000124
AGAACCCTCAATTGGG-1,0.045346,0.954006,0.000324,0.000324
AGAAGAGCGCCGTTCC-1,0.000958,0.997125,0.000958,0.000959
AGAAGGTACACTTCAC-1,0.000046,0.999862,0.000046,0.000046
AGAAGGTTGCCGAATT-1,0.000112,0.952895,0.000111,0.046882
AGAAGGTTGTAGGTCG-1,0.000311,0.93799,0.00031,0.061389
AGAAGTGATTCGTGAT-1,0.000159,0.999522,0.000159,0.00016
AGAATAAATCTTCAGG-1,0.006478,0.993129,0.000197,0.000197
AGAATGCGGGTTCGGA-1,0.000065,0.975047,0.000065,0.024823
AGAATTATGGATTCGA-1,0.011691,0.956867,0.000031,0.03141
AGAATTGTTTGACATA-1,0.001195,0.996414,0.001195,0.001196
AGACAGCTCAGAATCC-1,0.001196,0.996414,0.001195,0.001195
AGACAGGCATCTCAGC-1,0.003564,0.996336,0.00005,0.00005
AGACATAGATCCTTCC-1,0.000209,0.999372,0.000209,0.000209
AGACCAAACCACACCT-1,0.000176,0.999472,0.000176,0.000176
AGACCATGGGATACAA-1,0.000117,0.99965,0.000116,0.000117
AGACCCACCGCTGATC-1,0.000054,0.668464,0.000054,0.331429
AGACCCGCCCTCCTCG-1,0.000076,0.942518,0.000076,0.05733
AGACCGCTCCGCGGTT-1,0.000241,0.999278,0.000241,0.000241
AGACCGGGAAACCCTG-1,0.003414,0.954922,0.000036,0.041628
AGACGAAGTGCCGGTC-1,0.000015,0.999956,0.000015,0.000015
AGACGCCCACTTCGCC-1,0.001249,0.996253,0.001248,0.001249
AGACTAGCCTTCCAGA-1,0.000012,0.99605,0.000012,0.003925
AGACTGTTACCGGGTC-1,0.001916,0.994251,0.001916,0.001917
AGAGAAACACCAGAAA-1,0.000107,0.981219,0.000107,0.018568
AGAGAACCGTCTAGGA-1,0.000119,0.999643,0.000119,0.000119
AGAGAAGGAGTACAAT-1,0.000064,0.714161,0.000064,0.285711
AGAGATCTCTAAAGCG-1,0.000082,0.999753,0.000082,0.000082
AGAGCAGTTATGAGAC-1,0.003706,0.988885,0.003704,0.003706
AGAGCCGCCGAGATTT-1,0.038329,0.956839,0.002415,0.002417
AGAGCGCTTGTAACGG-1,0.002223,0.99333,0.002222,0.002224
AGAGCGGGCTAATCAT-1,0.000119,0.95134,0.000119,0.048422
AGAGCGTACAAGCTCG-1,0.00011,0.999669,0.00011,0.00011
AGAGCTACGAAAGCAT-1,0.000479,0.998563,0.000479,0.000479
AGAGGCTTCGGAAACC-1,0.000068,0.999795,0.000068,0.000068
AGAGGGACAATTGTCC-1,0.0002,0.999401,0.000199,0.0002
AGAGGTATCTCGGTCC-1,0.000099,0.897867,0.000098,0.101936
AGAGTAAACTTCACTA-1,0.000194,0.999418,0.000194,0.000194
AGAGTATAGTGTTACG-1,0.00309,0.990736,0.003086,0.003088
AGAGTGAACAGACACC-1,0.014247,0.948443,0.000153,0.037157
AGAGTTGCAGGCCTCC-1,0.001292,0.996123,0.001292,0.001293
AGATAACTTCAGGGCC-1,0.000028,0.982317,0.000028,0.017627
AGATACCAATAGAACC-1,0.000708,0.997876,0.000708,0.000708
AGATACCAGCACTTCA-1,0.001425,0.995725,0.001425,0.001426
AGATACCGGTGTTCAC-1,0.001079,0.996763,0.001079,0.00108
AGATACGACTTCATAT-1,0.000625,0.998126,0.000624,0.000625
AGATACTCAAGATCGA-1,0.000081,0.877561,0.000081,0.122277
AGATATAATACGACTA-1,0.000227,0.999318,0.000227,0.000227
AGATCGTGCATAAGAT-1,0.001884,0.994347,0.001883,0.001885
AGATGACTCGCCCACG-1,0.000186,0.999441,0.000186,0.000186
AGATGATGGAGTCTGG-1,0.00089,0.997332,0.000889,0.00089
AGATGCAAGACGTGCA-1,0.00049,0.998531,0.000489,0.00049
AGATGCATCCTGTGTC-1,0.00019,0.999429,0.00019,0.00019
AGATGCTATAACGAGC-1,0.000496,0.998511,0.000496,0.000496
AGATTATAGGACGTTT-1,0.000075,0.904927,0.000075,0.094923
AGATTCACAACCGATA-1,0.000064,0.999809,0.000064,0.000064
AGCAAAGGCCGCTAGT-1,0.004123,0.699374,0.004115,0.292388
AGCAACATATCTTATT-1,0.000056,0.999831,0.000056,0.000056
AGCAACCGAAAGTAAT-1,0.001081,0.996761,0.001079,0.00108
AGCACCAGTACTCACG-1,0.000167,0.999498,0.000167,0.000167
AGCACTACCGGCCTGT-1,0.000293,0.999122,0.000292,0.000293
AGCACTACCTCACCAG-1,0.000047,0.867954,0.000047,0.131953
AGCACTTAAGGACGCC-1,0.000239,0.999284,0.000238,0.000239
AGCAGAAGGAGAAAGA-1,0.000221,0.999337,0.000221,0.000221
AGCAGCCAGATGAATA-1,0.002268,0.993196,0.002268,0.002269
AGCATATCAATATGCT-1,0.000034,0.999898,0.000034,0.000034
AGCATCATTTCGAAAG-1,0.012946,0.986897,0.000079,0.000079
AGCATCGTCGATAATT-1,0.000423,0.998732,0.000422,0.000423
AGCATTACGAGGCAAG-1,0.000869,0.997394,0.000868,0.000869
AGCCAAGCTTTGTGTC-1,0.000191,0.905183,0.000191,0.094435
AGCCACAGGTTACCCG-1,0.000319,0.887497,0.000319,0.111864
AGCCACTCCCGTGCTT-1,0.000184,0.902409,0.000184,0.097222
AGCCATATAGTATGTG-1,0.000096,0.999712,0.000096,0.000096
AGCCCATACATGTAAG-1,0.000063,0.961419,0.000063,0.038456
AGCCCGCAACAAGCAG-1,0.000047,0.999859,0.000047,0.000047
AGCCCGGTAGCCTGTA-1,0.00134,0.995982,0.001339,0.00134
AGCCCTAAGCGAAGTT-1,0.000105,0.999686,0.000105,0.000105
AGCCCTGTCGCACCGT-1,0.018197,0.979624,0.001089,0.00109
AGCCCTTCTAATCCGA-1,0.000102,0.999695,0.000101,0.000102
AGCCCTTGGACATCCC-1,0.03923,0.91863,0.001079,0.041062
AGCCGCAAATTCAAAT-1,0.111111,0.666667,0.111111,0.111111
AGCCGCTTGATTAGCG-1,0.001985,0.994045,0.001984,0.001986
AGCCGTGGCTAAATGT-1,0.000074,0.998731,0.000074,0.001122
AGCCTAATACCCACGT-1,0.000215,0.949549,0.000215,0.050021
AGCCTTAAAGCGGAAG-1,0.001011,0.876279,0.00101,0.121701
AGCGACATCCCATTCA-1,0.000281,0.980375,0.000281,0.019064
AGCGACCAACGATATT-1,0.000091,0.91432,0.000091,0.085499
AGCGATGCGCCTAATA-1,0.009671,0.990146,0.000092,0.000092
AGCGCTAGAGCGATGT-1,0.001885,0.994347,0.001883,0.001885
AGCGGACACTTCGTAG-1,0.000173,0.969652,0.000173,0.030002
AGCGGCGGTTAGCGGT-1,0.000251,0.999247,0.000251,0.000251
AGCGGGAAGGGTCCAT-1,0.001444,0.995668,0.001443,0.001445
AGCGGGTCTGACACTC-1,0.000219,0.999344,0.000219,0.000219
AGCGGTTGCCGCTCTG-1,0.05185,0.947596,0.000277,0.000277
AGCGTACGAGAGCTAG-1,0.000082,0.999754,0.000082,0.000082
AGCGTAGCGCTAGACC-1,0.007938,0.976187,0.007937,0.007939
AGCGTCTGAACCCGCA-1,0.000051,0.999846,0.000051,0.000051
AGCTAACAAGCAATGT-1,0.000035,0.983513,0.000035,0.016416
AGCTAAGTACGCAGGC-1,0.00022,0.999341,0.00022,0.00022
AGCTAGAAGCAGAAGT-1,0.000114,0.999657,0.000114,0.000114
AGCTCCATATATGTTC-1,0.000783,0.883658,0.000782,0.114777
AGCTCCTTCGCACATC-1,0.000106,0.999683,0.000106,0.000106
AGCTCGTTGATGGAAA-1,0.050632,0.948344,0.000512,0.000512
AGCTCTTCGTAACCTT-1,0.000505,0.952788,0.000505,0.046202
AGCTCTTTACTCAGTT-1,0.000128,0.999616,0.000128,0.000128
AGCTGTAACCTCAATC-1,0.000228,0.999317,0.000228,0.000228
AGCTTATAGAGACCTG-1,0.002021,0.993937,0.00202,0.002021
AGCTTCTTCTCGAGCA-1,0.000249,0.999254,0.000249,0.000249
AGCTTGATCTTAACTT-1,0.000079,0.999762,0.000079,0.000079
AGGAAAGCCTCTGATG-1,0.002416,0.99275,0.002415,0.002418
AGGAACGAACGACTTC-1,0.000334,0.998999,0.000334,0.000334
AGGAAGCTGTCCGCCG-1,0.000553,0.998341,0.000553,0.000553
AGGACAGTCGAATCCC-1,0.000098,0.994796,0.000098,0.005008
AGGACATCGCACGTCG-1,0.002097,0.993709,0.002096,0.002098
AGGACATCGGCACACT-1,0.001523,0.995432,0.001522,0.001523
AGGACTTATAGGAGAA-1,0.000545,0.998365,0.000545,0.000545
AGGAGACATCCACAGT-1,0.044593,0.952481,0.001462,0.001463
AGGAGAGTCTGGCTAC-1,0.003175,0.990474,0.003175,0.003176
AGGAGGCCTTCGCGCG-1,0.00007,0.983205,0.00007,0.016655
AGGATAAAGTCGGGAT-1,0.008526,0.940996,0.000185,0.050293
AGGATATAGGGATTTA-1,0.000044,0.999869,0.000044,0.000044
AGGATATCCGACTGCA-1,0.000475,0.998575,0.000475,0.000475
AGGATCACGCGATCTG-1,0.000388,0.998838,0.000387,0.000387
AGGATTGCTTACGACA-1,0.001951,0.994149,0.001949,0.00195
AGGCAAAGAGGAATCA-1,0.000026,0.990775,0.000026,0.009173
AGGCAATACGGAGGAC-1,0.009264,0.972213,0.009259,0.009263
AGGCACGTGACTGTCC-1,0.000403,0.998792,0.000403,0.000403
AGGCAGATGCGTAAAC-1,0.000115,0.953953,0.000115,0.045817
AGGCAGGGAGCGTACT-1,0.000624,0.998127,0.000624,0.000625
AGGCATTGTCGTAGGG-1,0.00011,0.999669,0.00011,0.00011
AGGCCACATTGGTTAC-1,0.000078,0.996896,0.000078,0.002949
AGGCCACCCGTTATGA-1,0.000399,0.998805,0.000398,0.000398
AGGCCCAGTGACTGGT-1,0.000081,0.99524,0.000081,0.004599
AGGCCCATTGTACAGG-1,0.003087,0.990738,0.003086,0.003088
AGGCCCTAGAACGCCA-1,0.000163,0.99951,0.000163,0.000163
AGGCCTATCATACCAA-1,0.001195,0.996415,0.001195,0.001195
AGGCCTGAGAATCTCG-1,0.000236,0.929636,0.000235,0.069893
AGGCGATAACTGGCGT-1,0.022912,0.974377,0.001355,0.001356
AGGCGGTTTGTCCCGC-1,0.00057,0.99829,0.00057,0.00057
AGGCGTCTATGGACGG-1,0.002223,0.993331,0.002222,0.002224
AGGCTATGGTTAGCTT-1,0.000111,0.999668,0.000111,0.000111
AGGCTTGCTAGACACC-1,0.001222,0.996335,0.001221,0.001222
AGGGACAGCACGGCGG-1,0.00065,0.99805,0.00065,0.00065
AGGGACCGGCTGCGTT-1,0.000682,0.997954,0.000682,0.000682
AGGGAGACATACTTCG-1,0.00031,0.897466,0.00031,0.101915
AGGGCCCTAATGTTCT-1,0.002779,0.991664,0.002778,0.002779
AGGGCGAGCAGCTGAT-1,0.000061,0.999817,0.000061,0.000061
AGGGCGTGATCGGCTA-1,0.003473,0.989579,0.003472,0.003476
AGGGTCAGAGCACTCG-1,0.002022,0.876481,0.00202,0.119476
AGGGTCAGTAACCCTA-1,0.000699,0.997902,0.000699,0.000699
AGGGTCGATGCGAACT-1,0.000035,0.987822,0.000035,0.012108
AGGGTCTGGACGCAGT-1,0.000236,0.999292,0.000236,0.000236
AGGGTGCCGTTCTTTA-1,0.000811,0.932569,0.000811,0.065809
AGGGTGCTCTCGAGGG-1,0.000089,0.999733,0.000089,0.000089
AGGGTGGATAGTGCAT-1,0.007408,0.977774,0.007407,0.00741
AGGGTGTGCTACACGC-1,0.00083,0.919759,0.000829,0.078582
AGGGTTCCCTTTGGTT-1,0.000319,0.999044,0.000318,0.000319
AGGTAACCTCCTATTC-1,0.003003,0.990988,0.003003,0.003006
AGGTAGATCGAGATAT-1,0.000527,0.863164,0.000527,0.135783
AGGTAGGTACAAAGCT-1,0.000071,0.999787,0.000071,0.000071
AGGTATAATTGATAGT-1,0.003706,0.988885,0.003704,0.003706
AGGTATGCGGACATTA-1,0.00397,0.988091,0.003968,0.003971
AGGTCAGGTGAGAGTG-1,0.003167,0.996728,0.000053,0.000053
AGGTCGCCACTTCGGT-1,0.004118,0.869206,0.004115,0.122562
AGGTCGCCTCCCAACA-1,0.001544,0.995369,0.001543,0.001544
AGGTCGCGGAGTTACT-1,0.007941,0.976182,0.007937,0.00794
AGGTGCACGTCCACAT-1,0.000713,0.997862,0.000712,0.000713
AGGTGGTGACCTTCGC-1,0.000767,0.9977,0.000766,0.000767
AGGTGTATCGCCATGA-1,0.000054,0.999838,0.000054,0.000054
AGGTGTTGCCGACCAC-1,0.001886,0.994346,0.001883,0.001885
AGGTTACACCATGCCG-1,0.001279,0.996166,0.001277,0.001278
AGTAACTATAGCAGCC-1,0.000383,0.99885,0.000383,0.000383
AGTAATGTCTTGCCGC-1,0.000639,0.998084,0.000639,0.000639
AGTACATCATTTATCA-1,0.000618,0.998147,0.000617,0.000618
AGTACCTTCGAGTGCT-1,0.000089,0.978778,0.000089,0.021044
AGTACGGCCCGTATCG-1,0.248306,0.751563,0.000065,0.000065
AGTACTCTTATGCCCA-1,0.000073,0.960054,0.000073,0.039799
AGTAGAAGGCGCCTCA-1,0.0001,0.999701,0.0001,0.0001
AGTAGGTAACATACAT-1,0.001463,0.995613,0.001462,0.001463
AGTATAATACTAGGCA-1,0.00011,0.999671,0.00011,0.00011
AGTATACACAGCGACA-1,0.000756,0.883409,0.000756,0.115079
AGTATCCATAATAACG-1,0.018331,0.979084,0.001292,0.001293
AGTCAAATGATGTGAT-1,0.00134,0.995982,0.001339,0.00134
AGTCAAGATGACACTT-1,0.000084,0.980623,0.000084,0.01921
AGTCACTAGCTCTCGA-1,0.000296,0.999111,0.000296,0.000297
AGTCACTCCGCCTCAT-1,0.000069,0.999792,0.000069,0.000069
AGTCAGCCACCGCCTG-1,0.001425,0.903296,0.001425,0.093855
AGTCCAGCGGGTACGT-1,0.000058,0.992393,0.000058,0.007492
AGTCCATTGGCTGATG-1,0.000053,0.999842,0.000053,0.000053
AGTCCCTCGCAGAAAG-1,0.001918,0.994249,0.001916,0.001917
AGTCGACGGTCTCAAG-1,0.000092,0.888279,0.000092,0.111537
AGTCGGCCCAAACGAC-1,0.000353,0.998941,0.000353,0.000353
AGTCGGCTCAACTTTA-1,0.000037,0.99441,0.000037,0.005516
AGTCGGTTGCGTGAGA-1,0.08908,0.905361,0.002778,0.002781
AGTCGTATAAAGCAGA-1,0.000309,0.968857,0.000309,0.030526
AGTCGTCGACCACCAA-1,0.000576,0.998272,0.000576,0.000576
AGTCGTGGGCATTACG-1,0.003089,0.990737,0.003086,0.003088
AGTCTAAAGTATACTC-1,0.001444,0.995669,0.001443,0.001444
AGTCTGGACATCCTTG-1,0.001659,0.995023,0.001658,0.00166
AGTCTTCTCCTCAAAT-1,0.000229,0.959101,0.000229,0.040441
AGTCTTTAAAGTGTCC-1,0.000582,0.998254,0.000582,0.000582
AGTGAACAAACTTCTC-1,0.000039,0.999883,0.000039,0.000039
AGTGAAGATGGTGTCC-1,0.00134,0.995982,0.001339,0.00134
AGTGAGACTTCCAGTA-1,0.000113,0.979451,0.000113,0.020323
AGTGAGCCTCGCCGCC-1,0.001324,0.996029,0.001323,0.001324
AGTGAGTCGAATTAAC-1,0.000272,0.999183,0.000272,0.000273
AGTGATAACCTGCGCG-1,0.003671,0.917974,0.000357,0.077998
AGTGATTCAAGCAGGA-1,0.000293,0.99912,0.000293,0.000293
AGTGCACGCTTAAGAA-1,0.000024,0.999927,0.000024,0.000024
AGTGCTAAACACAGCA-1,0.000471,0.990502,0.000471,0.008556
AGTGCTTGCACGAATA-1,0.000246,0.999262,0.000246,0.000246
AGTGGCGTCTGAAGGT-1,0.000104,0.999689,0.000104,0.000104
AGTGGCTCCGTCGGCC-1,0.00011,0.99967,0.00011,0.00011
AGTGGGAGTATACACG-1,0.178066,0.766377,0.027778,0.027779
AGTGGTGTTACCCGTG-1,0.000482,0.998556,0.000481,0.000481
AGTGGTTGCGTATAGG-1,0.027778,0.916653,0.027778,0.027791
AGTGTGCTAAGATCGC-1,0.000316,0.999053,0.000316,0.000316
AGTGTGGTCTATTGTG-1,0.004445,0.986663,0.004444,0.004447
AGTTAAACACTTGCGA-1,0.007318,0.992628,0.000027,0.000027
AGTTAAGTCAACCGCT-1,0.000934,0.997198,0.000934,0.000934
AGTTACCCTTAAGACT-1,0.001612,0.995166,0.00161,0.001612
AGTTACCGCACATGGT-1,0.001196,0.996414,0.001195,0.001196
AGTTCACCGGTTGGAC-1,0.002223,0.993332,0.002222,0.002223
AGTTCCTACAGAATTA-1,0.000051,0.992093,0.00005,0.007806
AGTTCTGCGTTGTATC-1,0.000919,0.997244,0.000918,0.000919
AGTTGACATCGGCTGG-1,0.000316,0.999053,0.000316,0.000316
AGTTGACGGTCCTTGC-1,0.000297,0.999108,0.000297,0.000297
AGTTGCTGACTGATAT-1,0.002316,0.993053,0.002315,0.002316
AGTTGGCAAGGCTAGA-1,0.000138,0.981998,0.000138,0.017727
AGTTTATGTAAAGACA-1,0.001737,0.99479,0.001736,0.001737
AGTTTCGCAGGTCGGA-1,0.005058,0.984838,0.005051,0.005053
AGTTTGCACCTGCCTC-1,0.016145,0.983185,0.000335,0.000335
AGTTTGGCACGGGTTG-1,0.000037,0.999889,0.000037,0.000037
AGTTTGGCCAGACCTA-1,0.002365,0.992905,0.002364,0.002366
ATAAACCATTGGACGG-1,0.000105,0.965227,0.000105,0.034563
ATAAACGGACCCGTAA-1,0.000053,0.673014,0.000053,0.32688
ATAAACGTTGCACCAC-1,0.000443,0.932313,0.000443,0.066802
ATAAAGGCTCGGTCGT-1,0.000043,0.99987,0.000043,0.000043
ATAAATATTAGCAGCT-1,0.000062,0.999814,0.000062,0.000062
ATAACGTTACCTCCAC-1,0.001426,0.995725,0.001425,0.001425
ATAAGCAAACACCGAG-1,0.001293,0.996123,0.001292,0.001293
ATAAGGTGGAGAACAT-1,0.000106,0.960359,0.000106,0.039429
ATAAGTACCCGATTGT-1,0.03017,0.966742,0.001543,0.001544
ATAAGTAGGATTCAGA-1,0.000695,0.861188,0.000694,0.137422
ATAAGTAGGGCGACTC-1,0.001544,0.995369,0.001543,0.001544
ATAATACCGTTAGCCG-1,0.001611,0.995167,0.00161,0.001612
ATAATAGCTGTTGAAT-1,0.000171,0.882815,0.000171,0.116843
ATAATAGTGTAGGGAC-1,0.002268,0.993196,0.002268,0.002269
ATAATCTTGGAGAACC-1,0.000167,0.966411,0.000167,0.033255
ATAATTAGCTAAGTAG-1,0.000112,0.999665,0.000112,0.000112
ATACAGGCCCTCCAAT-1,0.011433,0.988418,0.000074,0.000074
ATACCACGGGCAACTT-1,0.002665,0.926517,0.000069,0.070749
ATACCAGCAAATTGCT-1,0.000042,0.999874,0.000042,0.000042
ATACCAGGCTAATAGA-1,0.001822,0.994534,0.001821,0.001823
ATACCCTGGCTCAAAT-1,0.00666,0.992743,0.000299,0.000299
ATACCGTCATCCATAA-1,0.003474,0.989579,0.003472,0.003475
ATACCTAACCAAGAAA-1,0.059317,0.940346,0.000168,0.000168
ATACGAAGGCTTTCCA-1,0.00109,0.996731,0.001089,0.00109
ATACGCCGATCTACCG-1,0.000023,0.950663,0.000023,0.049291
ATACGGAACGTCGTTT-1,0.000926,0.997221,0.000926,0.000926
ATACGGGTTTCGATTG-1,0.001158,0.996526,0.001157,0.001158
ATACGGTGAAGATGCA-1,0.006946,0.979163,0.006944,0.006946
ATACGTACTTAGCCAC-1,0.000139,0.919781,0.000139,0.079941
ATACGTCCACTCCTGT-1,0.000021,0.999937,0.000021,0.000021
ATACGTTATGCACGGA-1,0.000315,0.999055,0.000315,0.000315
ATACTACCCGTACCAC-1,0.000801,0.9976,0.000799,0.0008
ATACTAGCATGACCCT-1,0.000068,0.99487,0.000068,0.004995
ATACTCTCGCCACTCT-1,0.000082,0.999755,0.000082,0.000082
ATACTGCCTTACACCG-1,0.000205,0.999385,0.000205,0.000205
ATACTTGTTCTCGAGC-1,0.005561,0.98332,0.005556,0.005563
ATAGACGAAGAGAAAG-1,0.000048,0.999475,0.000048,0.000429
ATAGAGTACTGGGACA-1,0.000129,0.999614,0.000129,0.000129
ATAGCAACTAGGGAAG-1,0.009338,0.953716,0.000461,0.036485
ATAGCCTCAGTACCCA-1,0.052345,0.94609,0.000782,0.000783
ATAGCTGCTCTTGTTA-1,0.000249,0.999252,0.000249,0.000249
ATAGGCGGCTATAGAA-1,0.000187,0.99944,0.000187,0.000187
ATAGGCTAGCTTCGCA-1,0.000105,0.999684,0.000105,0.000105
ATAGGTTGGGCAGATG-1,0.005072,0.930648,0.000198,0.064083
ATAGTCTTTGACGTGC-1,0.000292,0.999125,0.000292,0.000292
ATAGTTCCACCCACTC-1,0.000481,0.998557,0.000481,0.000481
ATATAAAGCGCTCGTG-1,0.015677,0.983701,0.000311,0.000311
ATATAAATGTAGCTGC-1,0.000059,0.958729,0.000059,0.041153
ATATAACACGGGCGCA-1,0.000104,0.99593,0.000104,0.003863
ATATACATGTATGGTA-1,0.010104,0.96969,0.010101,0.010105
ATATACGCTCGTGACG-1,0.0267,0.971911,0.000694,0.000695
ATATCAACCTACAGAG-1,0.000238,0.999286,0.000238,0.000238
ATATCAATTCCAGCCT-1,0.001712,0.998144,0.000072,0.000072
ATATCGGTAGGGAGAT-1,0.001001,0.996996,0.001001,0.001002
ATATCGTTCCTCGAAC-1,0.000374,0.998877,0.000374,0.000374
ATATGGGATAGCAACT-1,0.0001,0.9997,0.0001,0.0001
