Barcode,Topic 1,Topic 2,Topic 3,Topic 4,Topic 5,Topic 6to7,Topic 8to9,Topic 10to11
AAACACCAATAACTGC-1,0.000041,0.000041,0.000041,0.032626,0.000041,0.818154,0.090983,0.058071
AAACAGAGCGACTCCT-1,0.000035,0.000035,0.105617,0.055401,0.000035,0.263371,0.106388,0.469118
AAACAGCTTTCAGAAG-1,0.000057,0.000057,0.000057,0.044721,0.000057,0.741514,0.071776,0.14176
AAACAGGGTCTATATT-1,0.000023,0.000023,0.00783,0.000023,0.000023,0.796297,0.053865,0.141916
AAACCACTACACAGAT-1,0.00007,0.00007,0.317715,0.195227,0.00007,0.486571,0.000139,0.000139
AAACCCGAACGAAATC-1,0.000052,0.000052,0.196967,0.18471,0.000052,0.617961,0.000103,0.000103
AAACCGGGTAGGTACC-1,0.000033,0.000033,0.000033,0.700638,0.000033,0.102119,0.162089,0.035021
AAACCGTTCGTCCAGG-1,0.000212,0.000212,0.000212,0.637351,0.000212,0.36095,0.000425,0.000425
AAACCTCATGAAGTTG-1,0.00001,0.00001,0.003507,0.023406,0.00001,0.281017,0.653544,0.038497
AAACGAAGATGGAGTA-1,0.000061,0.000061,0.000061,0.025463,0.000061,0.425215,0.048892,0.500186
AAACGACAGTCTTGCC-1,0.000058,0.000058,0.381339,0.204644,0.000058,0.413608,0.000117,0.000117
AAACGAGACGGTTGAT-1,0.00005,0.00005,0.011718,0.035993,0.00005,0.586715,0.265214,0.100209
AAACGCCCGAGATCGG-1,0.00008,0.00008,0.040259,0.325092,0.00008,0.63409,0.00016,0.00016
AAACGTGTTCGCCCTA-1,0.044827,0.000054,0.309095,0.268722,0.000054,0.377032,0.000108,0.000108
AAACTAACGTGGCGAC-1,0.000095,0.000095,0.409442,0.155562,0.000095,0.434254,0.000191,0.000267
AAACTCGTGATATAAG-1,0.000059,0.000059,0.235501,0.035327,0.000059,0.549043,0.000118,0.179835
AAACTGCTGGCTCCAA-1,0.000015,0.000015,0.000015,0.000015,0.000015,0.641283,0.031253,0.327391
AAACTTAATTGCACGC-1,0.044539,0.002114,0.002114,0.002114,0.002114,0.483209,0.004229,0.459566
AAACTTGCAAACGTAT-1,0.00004,0.00004,0.045195,0.213628,0.00004,0.604747,0.024528,0.111782
AAAGACATGAAGTTTA-1,0.000048,0.000048,0.121548,0.000435,0.000048,0.716494,0.093593,0.067786
AAAGACTGGGCGCTTT-1,0.000026,0.000026,0.039269,0.034938,0.000026,0.618035,0.062372,0.245306
AAAGCTTGCCTACATA-1,0.00005,0.00005,0.0906,0.461788,0.00005,0.37533,0.000798,0.071335
AAAGGCCCTATAATAC-1,0.001748,0.001748,0.21375,0.137681,0.001748,0.003497,0.003497,0.63633
AAAGGCTACGGACCAT-1,0.000026,0.000026,0.000026,0.040751,0.000026,0.939901,0.019191,0.000052
AAAGGCTCTCGCGCCG-1,0.000358,0.000358,0.000358,0.211662,0.000358,0.785475,0.000716,0.000716
AAAGGGCAGCTTGAAT-1,0.000082,0.000082,0.000082,0.023437,0.000082,0.46079,0.299091,0.216353
AAAGGTAAGCTGTACC-1,0.119601,0.00002,0.78517,0.010026,0.00002,0.08474,0.00004,0.000383
AAAGGTCAACGACATG-1,0.000075,0.000075,0.189896,0.082393,0.000075,0.590749,0.00015,0.136586
AAAGTAGCATTGCTCA-1,0.000015,0.000015,0.000015,0.000074,0.000015,0.226374,0.5517,0.221794
AAAGTCACTGATGTAA-1,0.000147,0.000147,0.052647,0.157563,0.000147,0.788763,0.000293,0.000293
AAAGTCGACCCTCAGT-1,0.000162,0.000162,0.000162,0.048379,0.000162,0.932079,0.000325,0.018568
AAAGTGTGATTTATCT-1,0.000025,0.000025,0.065845,0.0095,0.000025,0.194638,0.260672,0.469269
AAAGTTGACTCCCGTA-1,0.000041,0.000041,0.000041,0.999589,0.000041,0.000082,0.000082,0.000082
AAATAACCATACGGGA-1,0.000055,0.000055,0.00498,0.042758,0.000055,0.840724,0.01472,0.096655
AAATAAGGTAGTGCCC-1,0.000074,0.000074,0.099187,0.22962,0.000074,0.647569,0.000147,0.023256
AAATACCTATAAGCAT-1,0.012051,0.000016,0.008824,0.00462,0.000016,0.516673,0.120922,0.336877
AAATAGCTTAGACTTT-1,0.000166,0.000166,0.000166,0.387618,0.000166,0.314837,0.254839,0.042043
AAATCACTCCTAAACG-1,0.000035,0.000035,0.584392,0.065471,0.000035,0.349894,0.000069,0.000069
AAATCGCGGAAGGAGT-1,0.000011,0.000011,0.009062,0.000011,0.000011,0.000683,0.123856,0.866356
AAATCGTGTACCACAA-1,0.000063,0.000063,0.069836,0.000063,0.000063,0.664371,0.154825,0.110714
AAATGATTCGATCAGC-1,0.015077,0.000051,0.231674,0.273199,0.000051,0.410722,0.001027,0.068199
AAATGCTCGTTACGTT-1,0.000067,0.000067,0.000067,0.000067,0.000067,0.999394,0.000135,0.000135
AAATGGCATGTCTTGT-1,0.00005,0.00005,0.025124,0.021233,0.00005,0.558188,0.377174,0.01813
AAATGGCCCGTGCCCT-1,0.000178,0.000178,0.000178,0.132394,0.000178,0.748246,0.000356,0.118292
AAATGGTCAATGTGCC-1,0.000103,0.000103,0.222453,0.000103,0.000103,0.77672,0.000207,0.000207
AAATTAACGGGTAGCT-1,0.000093,0.000093,0.048215,0.000093,0.000093,0.951042,0.000186,0.000186
AAATTACACGACTCTG-1,0.000051,0.000051,0.106691,0.077415,0.000051,0.673082,0.077707,0.064954
AAATTACCTATCGATG-1,0.000027,0.000027,0.064003,0.000027,0.000027,0.56604,0.09141,0.278441
AAATTCCAGGTCCAAA-1,0.000008,0.000008,0.000008,0.000008,0.000008,0.003926,0.996015,0.000017
AAATTGATAGTCCTTT-1,0.000038,0.000038,0.005449,0.000038,0.000038,0.680834,0.106571,0.206995
AAATTGGTGAGAAGCA-1,0.05086,0.000047,0.354281,0.239555,0.000047,0.355025,0.000093,0.000093
AAATTTACCGAAATCC-1,0.000048,0.000048,0.107221,0.000048,0.000048,0.789326,0.048412,0.054848
AAATTTGCGGGTGTGG-1,0.000023,0.000023,0.000023,0.795975,0.000023,0.087982,0.093672,0.022281
AACAACTGGTAGTTGC-1,0.000129,0.000129,0.134762,0.000129,0.000129,0.791166,0.065485,0.008071
AACAATACATTGTCGA-1,0.000029,0.000029,0.000354,0.192214,0.000029,0.378305,0.089828,0.339212
AACAATTACTCTACGC-1,0.000009,0.000009,0.000009,0.000009,0.000009,0.052888,0.934062,0.013006
AACACGAGACGCGGCC-1,0.000023,0.000023,0.000023,0.023823,0.000023,0.358863,0.09446,0.522763
AACAGCTGTGTGGCAA-1,0.000008,0.000008,0.000008,0.000008,0.000008,0.11622,0.869209,0.014532
AACAGGAAATCGAATA-1,0.000057,0.000057,0.017622,0.083054,0.000057,0.504519,0.250231,0.144402
AACAGGATGGGCCGCG-1,0.000018,0.000018,0.000018,0.000018,0.000018,0.781508,0.218363,0.000037
AACATATCAACTGGTG-1,0.00004,0.00004,0.199555,0.048368,0.00004,0.592213,0.002337,0.157407
AACATCGATACGTCTA-1,0.133991,0.00002,0.740748,0.010287,0.00002,0.060405,0.022515,0.032012
AACATTGAAGTTGATC-1,0.000037,0.000037,0.010711,0.140736,0.000037,0.557091,0.0382,0.253151
AACATTGTGACTCGAG-1,0.000067,0.000067,0.01637,0.117026,0.000067,0.693385,0.079936,0.093082
AACCAAGACTTCTCTG-1,0.000006,0.000006,0.000006,0.000006,0.000006,0.071824,0.92226,0.005888
AACCAGTATCACTCTT-1,0.000057,0.000057,0.01502,0.000057,0.000057,0.728757,0.051755,0.204242
AACCATAGGGTTGAAC-1,0.000669,0.000669,0.000669,0.000669,0.000668,0.001337,0.181428,0.813893
AACCATGGGATCGCTA-1,0.000139,0.000139,0.091864,0.169487,0.000139,0.367812,0.1064,0.264021
AACCCAGAGACGGAGA-1,0.000036,0.000036,0.043248,0.000036,0.000036,0.519353,0.025118,0.412138
AACCCATCCCATGATC-1,0.000047,0.000047,0.000047,0.000047,0.000047,0.865652,0.000093,0.134021
AACCCGATAGGGCTTC-1,0.000098,0.000098,0.289273,0.264286,0.000098,0.441629,0.000195,0.004324
AACCCTACTGTCAATA-1,0.000051,0.000051,0.091103,0.199383,0.000051,0.429416,0.052808,0.227136
AACCCTGGTGGAACCA-1,0.000049,0.000049,0.000049,0.000049,0.000049,0.684697,0.146465,0.168592
AACCGAGCTTGGTCAT-1,0.000024,0.000024,0.000024,0.024454,0.000024,0.651898,0.16314,0.160414
AACCGCTAAGGGATGC-1,0.000038,0.000038,0.000038,0.633893,0.000038,0.365803,0.000076,0.000076
AACCTAAAGCCGTCCG-1,0.000097,0.000097,0.038444,0.112144,0.000097,0.810253,0.038654,0.000213
AACCTGTCACGGAATT-1,0.000087,0.000087,0.079888,0.185515,0.000087,0.566942,0.153837,0.013557
AACCTTTACGACGTCT-1,0.00007,0.00007,0.104241,0.00007,0.00007,0.845244,0.050093,0.000141
AACGAAAGTCGTCCCA-1,0.000029,0.000029,0.02191,0.030655,0.000029,0.838473,0.011708,0.097166
AACGATAGAAGGGCCG-1,0.000041,0.000041,0.058117,0.191311,0.000041,0.723797,0.026569,0.000082
AACGATATGTCAACTG-1,0.000006,0.000006,0.000006,0.000006,0.000006,0.111976,0.872716,0.015279
AACGCATGATCTGGGT-1,0.000073,0.000073,0.202286,0.037947,0.000073,0.430029,0.000146,0.329374
AACGGACGTACGTATA-1,0.000136,0.000136,0.000136,0.027583,0.000136,0.176961,0.230416,0.564495
AACGGCCATCTCCGGT-1,0.000008,0.000008,0.002323,0.341015,0.000008,0.085956,0.433578,0.137104
AACGTACTGTGGGTAC-1,0.000157,0.000157,0.000157,0.243246,0.000157,0.723593,0.000314,0.032221
AACGTCAGACTAGTGG-1,0.000071,0.000071,0.030661,0.039731,0.000071,0.929111,0.000142,0.000142
AACGTGATGAAGGACA-1,0.000037,0.000037,0.000037,0.003403,0.000037,0.820771,0.172387,0.003289
AACGTGCGAAAGTCTC-1,0.00191,0.000014,0.00106,0.000014,0.000014,0.534632,0.311049,0.151307
AACGTTATCAGCACCT-1,0.000294,0.000294,0.262731,0.408133,0.000294,0.000588,0.006284,0.32138
AACTACCCGTTTGTCA-1,0.000079,0.000079,0.000079,0.322351,0.000079,0.677017,0.000158,0.000158
AACTAGGCTTGGGTGT-1,0.000631,0.000631,0.000631,0.434655,0.000631,0.560294,0.001263,0.001263
AACTCAAGTTAATTGC-1,0.000022,0.000022,0.032455,0.000183,0.000022,0.341325,0.147143,0.478828
AACTCCTAATCCCATG-1,0.00006,0.000059,0.062103,0.051421,0.00006,0.861536,0.013835,0.010927
AACTCTCAATAGAGCG-1,0.000073,0.000073,0.114909,0.252878,0.000073,0.589069,0.000146,0.042778
AACTCTCAGTGTGCTC-1,0.000127,0.000127,0.109839,0.119763,0.000127,0.410642,0.000254,0.359122
AACTGAGGTCAGCGTC-1,0.000132,0.000132,0.505145,0.090973,0.000132,0.402961,0.000263,0.000263
AACTGGGTCCCGACGT-1,0.000068,0.000068,0.102106,0.06747,0.000068,0.395184,0.161527,0.273508
AACTGGGTTCGAGCCG-1,0.00004,0.00004,0.073107,0.015583,0.00004,0.425219,0.064187,0.421784
AACTTCTGCGTCTATC-1,0.000046,0.000046,0.070672,0.117021,0.000046,0.693041,0.09742,0.021709
AACTTGCCCGTATGCA-1,0.006619,0.000019,0.024218,0.010834,0.000019,0.563799,0.360158,0.034333
AACTTTACGGGAGCTT-1,0.000093,0.000093,0.071813,0.080052,0.000093,0.456053,0.062719,0.329085
AACTTTCTCGATCATG-1,0.169917,0.000032,0.583366,0.094284,0.000032,0.126482,0.001281,0.024605
AAGAAATCACCAGATT-1,0.00012,0.00012,0.337097,0.28032,0.00012,0.324548,0.00024,0.057435
AAGACCAAATAACTCA-1,0.000026,0.000026,0.002249,0.082931,0.000026,0.903698,0.000053,0.010989
AAGACCCAACTGAACA-1,0.000212,0.000212,0.075725,0.157395,0.000212,0.747626,0.018191,0.000425
AAGACTCACGCCCACT-1,0.000069,0.000069,0.088113,0.020763,0.000069,0.703408,0.013429,0.17408
AAGACTGCAAGCTACT-1,0.000054,0.000054,0.040444,0.000054,0.000054,0.603428,0.039971,0.315942
AAGAGATGAATCGGTA-1,0.000035,0.000035,0.009353,0.000035,0.000035,0.543582,0.364921,0.082003
AAGAGCTCTTTATCGG-1,0.000016,0.000016,0.000016,0.015614,0.000016,0.134637,0.731636,0.118051
AAGAGGATGTACGCGA-1,0.000006,0.000006,0.000006,0.001509,0.000006,0.134816,0.851602,0.012048
AAGAGGCATGGATCGC-1,0.000043,0.000043,0.088668,0.14882,0.000043,0.458097,0.146104,0.158183
AAGATGGCACCGGACC-1,0.000049,0.000049,0.030341,0.058658,0.000049,0.675916,0.015926,0.219012
AAGATTGGCGGAACGT-1,0.000023,0.000023,0.058424,0.005501,0.000023,0.479213,0.134498,0.322296
AAGCATACTCTCCTGA-1,0.00004,0.00004,0.019335,0.175275,0.00004,0.00008,0.100017,0.705174
AAGCCGCCGTGAAATC-1,0.000156,0.000156,0.077243,0.038993,0.000156,0.238463,0.033431,0.6114
AAGCCGCTTTACCTTG-1,0.000163,0.000163,0.199492,0.33127,0.000163,0.370381,0.000325,0.098045
AAGCGGAGTGCGCGCA-1,0.074648,0.000158,0.364451,0.072963,0.000158,0.443475,0.043833,0.000315
AAGCGGCGTCATGGGT-1,0.000064,0.000064,0.167542,0.000064,0.000064,0.825965,0.006108,0.000128
AAGCGTCCCTCATCGA-1,0.000138,0.000138,0.000138,0.143068,0.000138,0.717166,0.079374,0.059839
AAGCTAGATCGAGTAA-1,0.000034,0.000034,0.000034,0.119531,0.000034,0.880199,0.000068,0.000068
AAGCTCGTGCCAAGTC-1,0.000088,0.000088,0.000088,0.000088,0.000088,0.852496,0.146887,0.000176
AAGGAGCGGTTGGTGC-1,0.000058,0.000058,0.382988,0.134981,0.000058,0.415767,0.000115,0.065976
AAGGATGAGGGACCTC-1,0.000034,0.000034,0.088439,0.000034,0.000034,0.688482,0.165117,0.057827
AAGGCAGGCTGTCTCC-1,0.000082,0.000082,0.000082,0.778785,0.000082,0.181249,0.039474,0.000164
AAGGCGCGTAAAGCTT-1,0.000226,0.000226,0.000226,0.000226,0.000226,0.910557,0.08786,0.000452
AAGGCTGTGCTCATCG-1,0.000088,0.000088,0.141498,0.149521,0.000088,0.43682,0.04428,0.227618
AAGGGAACGACTGGCT-1,0.000072,0.000072,0.000072,0.082851,0.000072,0.67777,0.006238,0.232855
AAGGGACAGATTCTGT-1,0.000016,0.000016,0.030958,0.000016,0.000016,0.100882,0.16271,0.705383
AAGGGACTATGCATTC-1,0.000052,0.000052,0.040844,0.102065,0.000052,0.714555,0.004608,0.137772
AAGGTATCCTAATATA-1,0.000008,0.000008,0.00041,0.000008,0.000008,0.14948,0.837995,0.012083
AAGGTGATAAACCAGC-1,0.000049,0.000049,0.062051,0.001019,0.000049,0.742849,0.037735,0.156198
AAGTAGAAGACCGGGT-1,0.000069,0.000069,0.310916,0.011458,0.000069,0.511798,0.000138,0.165482
AAGTAGTGACGCGAGG-1,0.000012,0.000012,0.002494,0.000012,0.000012,0.517283,0.480154,0.000023
AAGTCAATTGTCGTCA-1,0.000027,0.000027,0.031921,0.314624,0.000027,0.327984,0.138729,0.186662
AAGTCTAGTAGCTGCC-1,0.044041,0.000062,0.402046,0.179839,0.000062,0.268263,0.000125,0.105561
AAGTGACGACCGAATT-1,0.000019,0.000019,0.000019,0.004628,0.000019,0.509357,0.416178,0.06976
AAGTGAGTCGGGTTTA-1,0.000161,0.000161,0.000161,0.000161,0.000161,0.998552,0.000322,0.000322
AAGTGCAAAGGTAGAC-1,0.000491,0.000491,0.000491,0.227167,0.000491,0.757931,0.011953,0.000983
AAGTGCGTTAGAATCT-1,0.009124,0.000024,0.012567,0.000024,0.000024,0.675071,0.251629,0.051535
AAGTTCAGTCTGCGTA-1,0.000076,0.000076,0.292493,0.048471,0.000076,0.616218,0.031243,0.011349
AAGTTCGGCCAACAGG-1,0.000018,0.000018,0.049811,0.214142,0.000018,0.494476,0.194375,0.04714
AATAACAACGCTCGGC-1,0.000003,0.000003,0.000003,0.000003,0.000003,0.000007,0.976413,0.023564
AATAACACTAGAACAA-1,0.000082,0.000082,0.000082,0.07953,0.000082,0.505113,0.030835,0.384196
AATAAGTCCTCGAGAC-1,0.000185,0.000185,0.048993,0.033719,0.000185,0.00037,0.485636,0.430726
AATACAATGTTTCAGG-1,0.000052,0.000052,0.025043,0.000052,0.000052,0.877988,0.081115,0.015644
AATAGAACAGAGTGGC-1,0.000123,0.000123,0.198169,0.183204,0.000123,0.501365,0.000245,0.116648
AATAGAATCTGTTTCA-1,0.000051,0.000051,0.000051,0.000051,0.000051,0.848576,0.000102,0.151067
AATAGCAAGCCTCCTG-1,0.000091,0.000091,0.237721,0.247073,0.000091,0.340785,0.006374,0.167774
AATAGCTACCGCGTGC-1,0.087749,0.000026,0.726381,0.020579,0.000026,0.165132,0.000053,0.000053
AATAGTCCGTCCCGAC-1,0.00009,0.00009,0.00009,0.186071,0.00009,0.299149,0.485445,0.028974
AATAGTCGCGAGTCGG-1,0.000043,0.000043,0.004985,0.271435,0.000043,0.064292,0.44222,0.21694
AATATCGAGGGTTCTC-1,0.000032,0.000032,0.12349,0.026471,0.000032,0.267087,0.042634,0.540223
AATATTGGAGTATTGA-1,0.000009,0.000009,0.000009,0.000009,0.000009,0.068705,0.893812,0.037439
AATCCAAGGGCCTGAG-1,0.000048,0.000048,0.032063,0.273427,0.000048,0.607267,0.000096,0.087004
AATCGCCTCAGCGCCA-1,0.000012,0.000012,0.000012,0.000012,0.000012,0.142863,0.776091,0.080986
AATCGCGCAGAGGACT-1,0.000038,0.000038,0.000038,0.999615,0.000038,0.000077,0.000077,0.000077
AATCTAGGTTTACTTG-1,0.000033,0.000033,0.000033,0.000033,0.000033,0.233553,0.411366,0.354918
AATCTATGCCGGAGCC-1,0.000059,0.000059,0.080435,0.031536,0.000059,0.748193,0.015839,0.123819
AATCTCTACTGTGGTT-1,0.000072,0.000072,0.032591,0.094459,0.000072,0.669106,0.000143,0.203486
AATCTGCGTTGGGACG-1,0.000017,0.000017,0.077266,0.010222,0.000017,0.43722,0.434603,0.040637
AATCTGGCTTTCTAGT-1,0.000133,0.000133,0.000133,0.002667,0.000133,0.826228,0.081954,0.088619
AATCTGGGTAGACCCT-1,0.000064,0.000064,0.08139,0.000064,0.000064,0.741057,0.113171,0.064125
AATGACAGCAATGTCT-1,0.000052,0.000052,0.000052,0.040962,0.000052,0.045807,0.129005,0.784016
AATGACGTAGGATGTC-1,0.000044,0.000044,0.09456,0.00081,0.000044,0.470539,0.104029,0.329929
AATGACTGTCAGCCGG-1,0.000061,0.000061,0.294343,0.050119,0.000061,0.644247,0.000123,0.010984
AATGAGTTCGCATATG-1,0.00059,0.00059,0.11577,0.0737,0.00059,0.806398,0.001181,0.001181
AATGATGATACGCTAT-1,0.000039,0.000039,0.109237,0.006233,0.000039,0.742362,0.045987,0.096063
AATGATGCGACTCCTG-1,0.000021,0.000021,0.074476,0.028781,0.000021,0.000634,0.065677,0.830368
AATGCAACCGGGTACC-1,0.021353,0.00003,0.399798,0.15904,0.00003,0.30623,0.061245,0.052275
AATGCACCAAGCAATG-1,0.000039,0.000039,0.160606,0.157363,0.000039,0.678363,0.000078,0.003473
AATGGCCGCCAATGCG-1,0.000088,0.000088,0.275378,0.396996,0.000088,0.309329,0.017855,0.000177
AATGGTCCACCGTTCA-1,0.000012,0.000012,0.000018,0.035301,0.000012,0.001258,0.174017,0.789368
AATGGTTCTCACAAGC-1,0.00003,0.00003,0.00003,0.00003,0.00003,0.999726,0.000061,0.000061
AATGTATGGCACTGTA-1,0.007577,0.007576,0.007576,0.007576,0.007576,0.015154,0.015153,0.931811
AATGTGCCCGAGGTGT-1,0.00005,0.00005,0.027405,0.067758,0.00005,0.633468,0.022118,0.249102
AATGTGCTAATCTGAG-1,0.000052,0.000052,0.014835,0.064387,0.000052,0.666479,0.10362,0.150523
AATTAAAGGTCGGCGT-1,0.000187,0.000187,0.000187,0.000187,0.000187,0.99832,0.000373,0.000373
AATTACGAGACCCATC-1,0.000071,0.000071,0.000071,0.109991,0.000071,0.422612,0.053085,0.414026
AATTCATAAGGGATCT-1,0.000038,0.000038,0.17317,0.029496,0.000038,0.676047,0.0924,0.028773
AATTCATTGTCATGCA-1,0.081139,0.001337,0.001337,0.203198,0.001337,0.352359,0.002674,0.356619
AATTGAACGCTCTGGT-1,0.000049,0.000049,0.11356,0.000049,0.000049,0.609592,0.027829,0.248822
AATTGCGTGGATTACA-1,0.010101,0.010101,0.010102,0.010102,0.010102,0.020205,0.242367,0.68692
AATTTGGGACATAGTA-1,0.000072,0.000072,0.115304,0.000072,0.000072,0.796702,0.01898,0.068727
ACAAACCATGCGTCCT-1,0.000022,0.000022,0.061875,0.09007,0.000022,0.301102,0.048384,0.498504
ACAAAGAAGGTAGGCC-1,0.000321,0.000321,0.000321,0.093525,0.000321,0.613808,0.088011,0.20337
ACAAATCGCACCGAAT-1,0.00002,0.00002,0.005352,0.043598,0.00002,0.421161,0.087132,0.442699
ACAAATGGTAGTGTTT-1,0.000048,0.000048,0.107205,0.000048,0.000048,0.649339,0.10096,0.142306
ACAAATTCAGATCTGA-1,0.00005,0.00005,0.296251,0.00005,0.00005,0.584409,0.0001,0.119041
ACAACAGCATGAGCTA-1,0.00005,0.00005,0.078482,0.009344,0.00005,0.821994,0.046393,0.043637
ACAACGGTCCCTGCGA-1,0.000032,0.000032,0.032679,0.000032,0.000032,0.967067,0.000064,0.000064
ACAAGCAGTGCCTAGC-1,0.000013,0.000013,0.000013,0.004507,0.000013,0.303286,0.686018,0.006135
ACAAGGAAATCCGCCC-1,0.005484,0.000027,0.012843,0.017044,0.000027,0.197745,0.066192,0.700638
ACAAGGACAAGAGGTT-1,0.000037,0.000037,0.000037,0.011236,0.000037,0.836795,0.096036,0.055784
ACAAGGCCTACCAGCC-1,0.000097,0.000097,0.087696,0.203927,0.000097,0.707696,0.000195,0.000195
ACAAGGGCAGGCTCTG-1,0.000034,0.000034,0.000034,0.080107,0.000034,0.600704,0.179967,0.139084
ACAATAGTCGTACGTT-1,0.00003,0.00003,0.004231,0.00003,0.00003,0.112062,0.06554,0.818048
ACAATCCATTTAAACC-1,0.000009,0.000009,0.000406,0.000009,0.000009,0.319925,0.677735,0.001895
ACAATGAATACGGAGA-1,0.000035,0.000035,0.000035,0.024331,0.000035,0.343834,0.06349,0.568204
ACAATGATTCTTCTAC-1,0.000068,0.000068,0.303899,0.456002,0.000068,0.239621,0.000136,0.000136
ACAATTTAGGAGGCTC-1,0.021392,0.000106,0.299297,0.102735,0.000106,0.000212,0.000212,0.575939
ACAATTTGAGCAGTGG-1,0.000041,0.000041,0.037175,0.055287,0.000041,0.694948,0.174224,0.038245
ACAATTTGGCCATATT-1,0.000064,0.000064,0.092016,0.273806,0.000064,0.347663,0.24254,0.043782
ACACAAAGACGGGTGG-1,0.000272,0.000023,0.792683,0.082717,0.000023,0.124193,0.000045,0.000045
ACACAAATATTCCTAG-1,0.056692,0.000096,0.288545,0.184705,0.000096,0.408072,0.014908,0.046888
ACACACCAGGACCAGT-1,0.000056,0.000056,0.056513,0.111429,0.000056,0.594854,0.022695,0.214342
ACACATGATCAAATCT-1,0.000025,0.000025,0.008243,0.396551,0.000025,0.010841,0.055243,0.529048
ACACCACATAATTAGC-1,0.000053,0.000053,0.071356,0.302098,0.000053,0.462555,0.009289,0.154542
ACACCCAGCATGCAGC-1,0.000039,0.000039,0.663431,0.03419,0.000039,0.302103,0.000079,0.000079
ACACCCGAGAAATCCG-1,0.000029,0.000029,0.034974,0.000029,0.000029,0.398931,0.114438,0.451543
ACACCCGTAAATCTGT-1,0.180639,0.000017,0.655022,0.047981,0.000017,0.112962,0.000034,0.003329
ACACCGGTCTGACCGC-1,0.000074,0.000074,0.000074,0.098728,0.000074,0.097921,0.113765,0.689289
ACACCTTAAGTAGGGC-1,0.000095,0.000095,0.114941,0.015896,0.000095,0.8685,0.000189,0.000189
ACACCTTACTACTTGC-1,0.000146,0.000146,0.038351,0.397306,0.000146,0.479582,0.06556,0.018763
ACACGAGACTCCTTCT-1,0.000041,0.000041,0.081058,0.014241,0.000041,0.747745,0.1112,0.045632
ACACGGCACTATGCAT-1,0.000088,0.000088,0.000088,0.021732,0.000088,0.886764,0.077132,0.014021
ACACGGGAACTTAGGG-1,0.000023,0.000023,0.010638,0.000023,0.000023,0.229108,0.338692,0.421471
ACACTCCAATGTCACT-1,0.00011,0.00011,0.085912,0.09248,0.00011,0.820136,0.000219,0.000924
ACACTGATCAAGGTGT-1,0.00039,0.00039,0.00039,0.548343,0.00039,0.448535,0.00078,0.00078
ACAGAACTGAGAACAA-1,0.000012,0.000012,0.06692,0.001851,0.000012,0.161419,0.145054,0.624718
ACAGCATAGAGCCAGT-1,0.000083,0.000083,0.059781,0.092549,0.000083,0.828178,0.019078,0.000166
ACAGCGCACCCGCAGC-1,0.000018,0.000018,0.041706,0.011685,0.000018,0.143345,0.71205,0.091162
ACAGGTGGAGGTGAGG-1,0.0001,0.0001,0.0001,0.300043,0.0001,0.664475,0.0002,0.034882
ACAGTAATACAACTTG-1,0.003449,0.000021,0.00252,0.056892,0.000021,0.409065,0.029441,0.498591
ACAGTATACCGTGGGA-1,0.040495,0.000042,0.215161,0.385363,0.000042,0.269233,0.000084,0.089579
ACAGTGCAGCGCATTT-1,0.000067,0.000067,0.225505,0.118806,0.000067,0.510227,0.026751,0.118509
ACATAAGTCGTGGTGA-1,0.000024,0.000024,0.000024,0.113812,0.000024,0.725835,0.013423,0.146836
ACATCAGCTGGGACGC-1,0.000479,0.000479,0.169536,0.176151,0.000479,0.368146,0.000957,0.283774
ACATCCCGGCCATACG-1,0.000455,0.000455,0.000455,0.686254,0.000455,0.228892,0.082126,0.000909
ACATCCTGGTAACTGT-1,0.000014,0.000014,0.038197,0.032071,0.000014,0.000028,0.754973,0.174691
ACATCGATCGTTTACC-1,0.00013,0.00013,0.08454,0.054251,0.00013,0.712286,0.125012,0.02352
ACATCGGTCAGCCGCG-1,0.000015,0.000015,0.07124,0.020014,0.000015,0.267922,0.319529,0.32125
ACATCGTATGCAATGG-1,0.000019,0.000019,0.071236,0.000019,0.000019,0.375208,0.057582,0.495898
ACATCGTTAACCTAGT-1,0.000037,0.000037,0.005574,0.000037,0.000037,0.691991,0.283627,0.018661
ACATCTCAACGCGTAA-1,0.000039,0.000039,0.000039,0.000039,0.000039,0.674648,0.155902,0.169254
ACATGGCGCCAAAGTA-1,0.000132,0.000132,0.000132,0.185206,0.000132,0.531668,0.022749,0.25985
ACATTAGTTTATATCC-1,0.000292,0.000292,0.000292,0.360389,0.000292,0.637272,0.000585,0.000585
ACCAAACACCCAGCGA-1,0.301267,0.000011,0.645264,0.010001,0.000011,0.00765,0.009808,0.025989
ACCAACACCACACACT-1,0.000038,0.000038,0.502476,0.09044,0.000038,0.349496,0.036766,0.020707
ACCAACGCTTATTTAT-1,0.001595,0.001595,0.001595,0.001595,0.001595,0.985644,0.00319,0.00319
ACCAAGAACGCGTGTC-1,0.000073,0.000073,0.205916,0.086716,0.000073,0.706857,0.000146,0.000146
ACCACAACTCAGAACA-1,0.000026,0.000026,0.053997,0.000026,0.000026,0.549008,0.166986,0.229905
ACCACAAGTTTCTATC-1,0.000058,0.000058,0.307909,0.000058,0.000058,0.69163,0.000115,0.000115
ACCACCCTCTCTTCTA-1,0.000062,0.000062,0.216671,0.178415,0.000062,0.372262,0.000124,0.232341
ACCACGTGCAGCTATA-1,0.000026,0.000026,0.075819,0.000026,0.000026,0.014309,0.11684,0.792926
ACCAGCCCGGTCTTTG-1,0.00101,0.00101,0.00101,0.00101,0.00101,0.541007,0.00202,0.451922
ACCAGTGCCCGGTCAA-1,0.000052,0.000052,0.501009,0.054367,0.000052,0.421228,0.018183,0.005057
ACCAGTGCGGGAGACG-1,0.000017,0.000017,0.000017,0.000017,0.000017,0.999844,0.000035,0.000035
ACCATATCCGCAATAA-1,0.000042,0.000042,0.022601,0.000042,0.000042,0.908288,0.038195,0.030748
ACCATCCGCCAACTAG-1,0.000034,0.000034,0.000034,0.023184,0.000034,0.422752,0.124542,0.429385
ACCATCGTATATGGTA-1,0.000026,0.000026,0.031812,0.000026,0.000026,0.421404,0.081479,0.4652
ACCCAACGCCCGTGGC-1,0.001667,0.000019,0.079642,0.080388,0.000019,0.365837,0.28354,0.188887
ACCCACCTACATGCTC-1,0.000029,0.000029,0.000029,0.031687,0.000029,0.63384,0.213036,0.121319
ACCCATCTTGAGGGTA-1,0.000025,0.000025,0.000025,0.000025,0.000025,0.632861,0.363334,0.003679
ACCCGAGCGAAATTAC-1,0.003632,0.000028,0.094458,0.016566,0.000028,0.470101,0.184813,0.230374
ACCCGGATGACGCATC-1,0.000208,0.000038,0.088895,0.877116,0.000038,0.03355,0.000077,0.000077
ACCCGGTTACACTTCC-1,0.000045,0.000045,0.055138,0.041622,0.000045,0.816848,0.052204,0.034052
ACCCGTGTCATCAGTA-1,0.000095,0.000095,0.000095,0.060295,0.000095,0.466021,0.473114,0.00019
ACCCTATGCCATATCG-1,0.000255,0.000255,0.000255,0.079122,0.000255,0.878692,0.000509,0.040659
ACCCTCCCTTGCTATT-1,0.000045,0.000045,0.100455,0.000045,0.000045,0.437242,0.048803,0.41332
ACCCTGGTAACGCCCT-1,0.000038,0.000038,0.48313,0.00127,0.000038,0.454653,0.035838,0.024994
ACCCTTGCCTGGGTCG-1,0.114564,0.000206,0.128592,0.148801,0.000206,0.606809,0.000411,0.000411
ACCCTTTAGTTCTCCA-1,0.00004,0.00004,0.009754,0.00004,0.00004,0.881759,0.073452,0.034873
ACCGAAGAGTCTGGTT-1,0.00938,0.000011,0.032748,0.00836,0.000011,0.106699,0.106393,0.736399
ACCGACTGAGTCCCAC-1,0.011761,0.000041,0.000041,0.015216,0.000041,0.849844,0.066924,0.056132
ACCGATGGTAGCATCG-1,0.000088,0.000088,0.000088,0.478423,0.000088,0.435556,0.000176,0.085494
ACCGCAATAACTGCCT-1,0.000144,0.000144,0.000144,0.061025,0.000144,0.111526,0.067444,0.759428
ACCGGGCCTTTGTTGA-1,0.000049,0.000049,0.110303,0.236842,0.000049,0.519483,0.119982,0.013243
ACCGGTCAGGTACACC-1,0.000021,0.000021,0.009006,0.053405,0.000021,0.469107,0.011142,0.457276
ACCGGTCTGAGTACGG-1,0.000073,0.000073,0.012421,0.070775,0.000073,0.619157,0.000146,0.297283
ACCGTCCACTGGGCCC-1,0.000129,0.000129,0.000129,0.074787,0.000129,0.895241,0.000258,0.029199
ACCGTGACCACGTGGG-1,0.000039,0.000039,0.06612,0.022212,0.000039,0.481601,0.037295,0.392656
ACCTAAGTACCTTTCA-1,0.000019,0.000019,0.003375,0.093221,0.000019,0.128702,0.500999,0.273646
ACCTAATCGACTTCCT-1,0.000013,0.000013,0.000013,0.000013,0.000013,0.416498,0.583212,0.000223
ACCTACAGTATGTGGT-1,0.000172,0.000172,0.000172,0.479119,0.000172,0.443426,0.000343,0.076426
ACCTCCGTTATTCACC-1,0.00007,0.00007,0.016948,0.157946,0.00007,0.452275,0.314184,0.058437
ACCTCGAACTTATGCT-1,0.000024,0.000024,0.045469,0.119472,0.000024,0.526301,0.001935,0.306749
ACCTGCGTGTCATGTT-1,0.000039,0.000039,0.006975,0.119065,0.000039,0.53903,0.012444,0.322368
ACGAAATGGGCGGCAC-1,0.006108,0.000017,0.011442,0.000017,0.000017,0.480857,0.497012,0.004531
ACGACTGGTCATACTC-1,0.00005,0.00005,0.029742,0.068251,0.00005,0.706277,0.109682,0.085896
ACGAGATATTTGCTTA-1,0.000026,0.000026,0.004181,0.000026,0.000026,0.45737,0.53624,0.002106
ACGAGGATACCACTCT-1,0.000141,0.000141,0.000141,0.018426,0.000141,0.98045,0.000281,0.000281
ACGAGGTTTACAACGT-1,0.000021,0.000021,0.017265,0.004439,0.000021,0.646704,0.047386,0.284143
ACGAGTACGGATGCCC-1,0.000051,0.000051,0.262896,0.01925,0.000051,0.682246,0.009603,0.025853
ACGATACATAGAACTA-1,0.00001,0.00001,0.02881,0.020899,0.00001,0.108673,0.793791,0.047798
ACGATCATCTTGTAAA-1,0.000141,0.000141,0.000141,0.390852,0.000141,0.516067,0.000283,0.092232
ACGATGCATATGTTAT-1,0.000037,0.000037,0.039018,0.000037,0.000037,0.705866,0.209292,0.045677
ACGATGGATCCGATGC-1,0.000198,0.000198,0.000198,0.097574,0.000198,0.662219,0.000396,0.239018
ACGCAAACTAATAGAT-1,0.000276,0.000276,0.000276,0.002434,0.000276,0.802789,0.05778,0.135895
ACGCAATCACTACAGC-1,0.000061,0.000061,0.09634,0.029174,0.000061,0.416315,0.040603,0.417384
ACGCATAAATGACATG-1,0.000107,0.000107,0.170714,0.153158,0.000107,0.651157,0.000214,0.024436
ACGCATTCGTGAGTAC-1,0.000058,0.000058,0.349924,0.139709,0.000058,0.359207,0.088618,0.062368
ACGCCAGATGATTTCT-1,0.000016,0.000016,0.000016,0.000016,0.000016,0.102086,0.889565,0.00827
ACGCCCAGCTGTCGAT-1,0.000444,0.000443,0.000444,0.000444,0.000443,0.996008,0.000887,0.000887
ACGCCGCTAGACGACC-1,0.000035,0.000035,0.01496,0.017843,0.000035,0.758692,0.012763,0.195637
ACGCGAAGTCAGACGA-1,0.00013,0.00013,0.00013,0.237543,0.00013,0.761415,0.000261,0.000261
ACGCGCTACACAGGGT-1,0.000004,0.000004,0.000004,0.000004,0.000004,0.002116,0.98729,0.010573
ACGCGGGCCAAGGACA-1,0.000275,0.000275,0.269834,0.057607,0.000275,0.39801,0.192781,0.080944
ACGCTAGTATCAGTGC-1,0.000046,0.000046,0.616456,0.100344,0.000046,0.282877,0.000092,0.000092
ACGCTAGTGATACACT-1,0.000056,0.000056,0.134417,0.02106,0.000056,0.694686,0.000111,0.149559
ACGCTGTGAGGCGTAG-1,0.000028,0.000028,0.000028,0.019272,0.000028,0.659933,0.101914,0.21877
ACGCTTAGTGTCTCTC-1,0.000045,0.000045,0.000045,0.013177,0.000045,0.798616,0.119577,0.068451
ACGGAATTTAGCAAAT-1,0.00009,0.00009,0.020945,0.00009,0.00009,0.978338,0.000179,0.000179
ACGGAGCGCAAATTAC-1,0.023209,0.000034,0.363484,0.110626,0.000034,0.358851,0.034315,0.109448
ACGGCACTTGCTTGGG-1,0.007576,0.007576,0.007576,0.924234,0.007576,0.015154,0.015153,0.015155
ACGGCCAACATGGACT-1,0.001337,0.001337,0.001337,0.446827,0.001337,0.482092,0.002674,0.063059
ACGGCGACGATGGGAA-1,0.000067,0.000067,0.024274,0.000067,0.000067,0.485078,0.050582,0.439798
ACGGCTGGATGTAGAA-1,0.000205,0.000205,0.000205,0.503076,0.000205,0.302559,0.00041,0.193137
ACGGGAGTGTCGGCCC-1,0.000025,0.000025,0.061698,0.004004,0.000025,0.519709,0.306019,0.108496
ACGGGCGTATGCGACA-1,0.000087,0.000087,0.273303,0.15478,0.000087,0.457951,0.018059,0.095645
ACGTAGATTGCTGATG-1,0.000119,0.000119,0.000119,0.000119,0.000119,0.983808,0.015356,0.000239
ACGTATTACTCCGATC-1,0.000122,0.000122,0.000122,0.403969,0.000122,0.52544,0.000245,0.069857
ACGTCTCGTTCCGGGA-1,0.000053,0.000053,0.083025,0.000053,0.000053,0.21245,0.308495,0.395818
ACGTGACAAAGTAAGT-1,0.000168,0.000168,0.099757,0.067649,0.000168,0.174596,0.048911,0.608583
ACGTGGTCGAATGTGC-1,0.000086,0.000086,0.021384,0.005558,0.000086,0.791833,0.108211,0.072756
ACGTTAATGTCGAAGA-1,0.000024,0.000024,0.000024,0.000024,0.000024,0.617996,0.018681,0.363201
ACGTTAGATTTGCCCG-1,0.000026,0.000026,0.001097,0.010142,0.000026,0.604203,0.251261,0.133218
ACGTTATTGGTCACTC-1,0.000141,0.000141,0.000141,0.089514,0.000141,0.522103,0.045925,0.341892
ACGTTCGCAATCAATT-1,0.000067,0.000067,0.05995,0.321392,0.000067,0.562584,0.05574,0.000134
ACGTTCGTTCAGGAAA-1,0.000092,0.000092,0.041836,0.072863,0.000092,0.839068,0.000183,0.045774
ACGTTTAGTTGTGATC-1,0.000026,0.000026,0.000026,0.000026,0.000026,0.784552,0.084472,0.130847
ACTAAGGACGCACACC-1,0.016149,0.000141,0.272464,0.232417,0.000141,0.352673,0.08653,0.039487
ACTAATACGTCAGGCG-1,0.000063,0.000063,0.381989,0.012205,0.000063,0.605367,0.000125,0.000126
ACTACATCCCGACAAG-1,0.000029,0.000029,0.070409,0.088237,0.000029,0.642653,0.003843,0.194771
ACTACCAGCTCTCTGG-1,0.000572,0.000572,0.078497,0.000572,0.000572,0.916928,0.001144,0.001144
ACTACGCGTTAGAATT-1,0.000046,0.000046,0.05075,0.314036,0.000046,0.550184,0.060972,0.023921
ACTATATGCTGTGTTC-1,0.000033,0.000033,0.762106,0.007639,0.000033,0.218343,0.011349,0.000463
ACTATGTCCAGCTGCC-1,0.000039,0.000039,0.000039,0.000039,0.000039,0.397841,0.091649,0.510312
ACTATTCGTCCGTGGT-1,0.000011,0.000011,0.020309,0.000011,0.000011,0.086657,0.800962,0.092028
ACTATTTCCGGGCCCA-1,0.00023,0.00023,0.00023,0.07166,0.00023,0.926499,0.00046,0.00046
ACTCAATAAAGGCACG-1,0.000026,0.000026,0.000026,0.000026,0.000026,0.576687,0.194795,0.228388
ACTCATGGCAGCCTTC-1,0.000065,0.000065,0.000065,0.119768,0.000065,0.507974,0.017973,0.354026
ACTCCAATATCATCAT-1,0.000027,0.000027,0.000027,0.000027,0.000027,0.171108,0.111793,0.716965
ACTCCCATTCCTAAAG-1,0.000036,0.000036,0.000036,0.015439,0.000036,0.386879,0.109264,0.488274
ACTCCCGAATTCGTTT-1,0.000039,0.000039,0.218049,0.000039,0.000039,0.589021,0.000078,0.192697
ACTCCCGTAGACTAGG-1,0.092992,0.000054,0.553755,0.147141,0.000054,0.176095,0.000107,0.029802
ACTCCCTAGAATAGTA-1,0.000017,0.000017,0.029494,0.008201,0.000017,0.190462,0.11127,0.66052
ACTCGATGTATTTCAT-1,0.002598,0.002598,0.002598,0.002598,0.002598,0.659261,0.322556,0.005195
ACTCGCGATCTGACGC-1,0.000079,0.000079,0.098589,0.483632,0.000079,0.25036,0.009792,0.157389
ACTCGTAACCCGTCCT-1,0.000136,0.000136,0.000136,0.000136,0.000136,0.738741,0.160209,0.100369
ACTCGTCAGTAATCCC-1,0.000041,0.000041,0.016624,0.134114,0.000041,0.562322,0.190765,0.096052
ACTCTCTGACTTAGGT-1,0.000036,0.000036,0.04461,0.000036,0.000036,0.362153,0.119937,0.473156
ACTCTCTTATACACGA-1,0.000043,0.000043,0.123121,0.000043,0.000043,0.586041,0.117513,0.173152
ACTCTTCAGCTCCCGC-1,0.00008,0.00008,0.081351,0.248914,0.00008,0.472188,0.029232,0.168074
ACTCTTGTATAGTAAC-1,0.000053,0.000053,0.000053,0.000053,0.000053,0.945589,0.054042,0.000105
ACTGAATGGCGAAAGT-1,0.017026,0.000032,0.014227,0.000032,0.000032,0.651823,0.008566,0.308262
ACTGATTTAGTGATTC-1,0.000028,0.000028,0.021617,0.000028,0.000028,0.539618,0.239266,0.199388
ACTGCCGTCGTAACTC-1,0.000058,0.000058,0.012344,0.053456,0.000058,0.593519,0.056332,0.284176
ACTGCGGACACACCGT-1,0.000048,0.000048,0.073833,0.127061,0.000048,0.173865,0.127024,0.498072
ACTGCTCGGAAGGATG-1,0.000035,0.000035,0.063783,0.000035,0.000035,0.566676,0.038656,0.330744
ACTGGCGAACCTGCGT-1,0.000154,0.000154,0.30298,0.281517,0.000154,0.414425,0.000308,0.000308
ACTGTACGATACACAT-1,0.000013,0.000013,0.049896,0.066498,0.000013,0.176386,0.693604,0.013575
ACTGTAGCACTTTGGA-1,0.000089,0.000089,0.050942,0.000089,0.000089,0.948342,0.000179,0.000179
ACTGTCCAGGATTATA-1,0.000081,0.000081,0.191438,0.294389,0.000081,0.513607,0.000162,0.000162
ACTTACCGGGCGCGCA-1,0.000075,0.000075,0.149181,0.114329,0.000075,0.711179,0.00015,0.024936
ACTTAGTACGACAAGA-1,0.030269,0.000219,0.000219,0.1786,0.000219,0.789601,0.000437,0.000437
ACTTATACTTACCCGG-1,0.000091,0.000091,0.000091,0.514243,0.000091,0.436307,0.000183,0.048902
ACTTATTAGGATCGGT-1,0.00007,0.00007,0.027347,0.00007,0.00007,0.912902,0.038548,0.020923
ACTTATTTATGTGCCA-1,0.000043,0.000043,0.022786,0.077998,0.000043,0.426347,0.076267,0.396473
ACTTCAGGCTGATCCC-1,0.000319,0.000319,0.053511,0.04372,0.000319,0.407749,0.000638,0.493425
ACTTCCTGTCGTGCGA-1,0.000065,0.000065,0.406849,0.106295,0.000065,0.486402,0.00013,0.00013
ACTTCGCCATACGCAC-1,0.000016,0.000016,0.000016,0.001471,0.000016,0.28866,0.494581,0.215225
ACTTCGCTAGCGAGTG-1,0.001958,0.000031,0.66017,0.095495,0.000031,0.242191,0.000062,0.000062
ACTTGACTCCCTCTTT-1,0.006827,0.000028,0.000028,0.000028,0.000028,0.314207,0.20367,0.475183
ACTTGGGACCCGGTGG-1,0.000096,0.000096,0.229448,0.026085,0.000096,0.681941,0.000192,0.062046
ACTTGTAGTCCCTTCA-1,0.044261,0.000107,0.055994,0.089773,0.000107,0.406391,0.001598,0.401768
ACTTTACCCTCATGAA-1,0.000089,0.000089,0.126828,0.077049,0.000089,0.674544,0.000178,0.121133
ACTTTGACTGCATCCT-1,0.000053,0.000053,0.000053,0.000053,0.000053,0.959602,0.027926,0.012207
ACTTTGGTCGTGCTCC-1,0.000059,0.000059,0.164343,0.157166,0.000059,0.394265,0.000703,0.283345
AGAACCCAGCGTGACA-1,0.000051,0.000051,0.220431,0.306601,0.000051,0.186173,0.263096,0.023548
AGAACCCTCAATTGGG-1,0.000238,0.000238,0.000238,0.000238,0.000238,0.404934,0.164457,0.429419
AGAACGTGGTACATTC-1,0.011288,0.000011,0.000765,0.000011,0.000011,0.160257,0.784031,0.043626
AGAAGAGCGCCGTTCC-1,0.000223,0.000223,0.000223,0.000223,0.634738,0.000446,0.038939,0.324985
AGAAGGTACACTTCAC-1,0.000019,0.000019,0.000019,0.000019,0.000019,0.512224,0.099704,0.387974
AGAAGGTTGCCGAATT-1,0.000018,0.000018,0.036117,0.050156,0.000018,0.281947,0.217918,0.413808
AGAAGTGATTCGTGAT-1,0.000007,0.000007,0.02007,0.006805,0.000007,0.000015,0.876438,0.096649
AGAATAAATCTTCAGG-1,0.0128,0.000082,0.128063,0.000083,0.000083,0.000165,0.361534,0.49719
AGAATGCGGGTTCGGA-1,0.640228,0.000008,0.353092,0.00471,0.000008,0.000015,0.000015,0.001924
AGAATTATGGATTCGA-1,0.000036,0.000036,0.194705,0.080941,0.000036,0.425811,0.000073,0.298362
AGAATTGTTTGACATA-1,0.000055,0.000055,0.000055,0.000055,0.000055,0.679233,0.132365,0.188125
AGACAGCTCAGAATCC-1,0.000425,0.000425,0.000425,0.303967,0.000425,0.00085,0.207725,0.485759
AGACCAAACCACACCT-1,0.000013,0.000013,0.000013,0.088186,0.000013,0.25626,0.042341,0.61316
AGACCATGGGATACAA-1,0.000026,0.000026,0.114919,0.001636,0.000026,0.837558,0.045759,0.000051
AGACCCACCGCTGATC-1,0.000036,0.000036,0.000036,0.002354,0.000036,0.334741,0.289374,0.373385
AGACCCGCCCTCCTCG-1,0.274911,0.000013,0.682256,0.007094,0.000013,0.001147,0.010949,0.023619
AGACCGGGAAACCCTG-1,0.000042,0.000042,0.007245,0.000042,0.000042,0.68508,0.086801,0.220705
AGACGAAGTGCCGGTC-1,0.000063,0.000063,0.000063,0.141261,0.000063,0.619494,0.08965,0.149345
AGACGACGATGCCGCT-1,0.00003,0.00003,0.00003,0.112226,0.00003,0.512107,0.161769,0.213778
AGACGGGATTGGTATA-1,0.000039,0.000039,0.020319,0.000039,0.000039,0.581414,0.143804,0.254307
AGACGGGCCGATTTAA-1,0.00007,0.00007,0.195977,0.199606,0.00007,0.595704,0.00014,0.008363
AGACTAGCCTTCCAGA-1,0.000067,0.000067,0.171133,0.094264,0.000067,0.623273,0.046768,0.06436
AGACTGTTACCGGGTC-1,0.000176,0.000176,0.000176,0.000176,0.000176,0.998417,0.000352,0.000352
AGAGAACCGTCTAGGA-1,0.000025,0.000025,0.066475,0.075159,0.000025,0.323838,0.173127,0.361326
AGAGAAGGAGTACAAT-1,0.000036,0.000036,0.000036,0.081657,0.000036,0.612378,0.077232,0.228589
AGAGATCTCTAAAGCG-1,0.000027,0.000027,0.000027,0.015127,0.000027,0.41008,0.163098,0.411588
AGAGCAGTTATGAGAC-1,0.000033,0.000033,0.002008,0.041064,0.000033,0.692584,0.221861,0.042386
AGAGCGCTTGTAACGG-1,0.053561,0.000242,0.269828,0.131641,0.000242,0.279851,0.098699,0.165935
AGAGCGTACAAGCTCG-1,0.000158,0.000158,0.000158,0.000158,0.000158,0.885838,0.113059,0.000315
AGAGGGACAATTGTCC-1,0.095904,0.000042,0.402215,0.127586,0.000042,0.197994,0.042528,0.133689
AGAGTATAGTGTTACG-1,0.000098,0.000098,0.126287,0.205429,0.000098,0.664276,0.003519,0.000196
AGAGTGAACAGACACC-1,0.000058,0.000058,0.401168,0.184489,0.000058,0.375043,0.039011,0.000116
AGAGTTAGAGACCGAT-1,0.000071,0.000071,0.282333,0.020675,0.000071,0.669429,0.000141,0.027209
AGAGTTGCAGGCCTCC-1,0.04779,0.000141,0.111362,0.45742,0.000141,0.382583,0.000282,0.000282
AGATAACTTCAGGGCC-1,0.000116,0.000116,0.000116,0.000116,0.000116,0.989885,0.009301,0.000233
AGATACCAGCACTTCA-1,0.094391,0.000041,0.259656,0.325948,0.000041,0.268509,0.007651,0.043762
AGATACCGGTGTTCAC-1,0.000014,0.000014,0.0352,0.000014,0.000014,0.267212,0.297814,0.399719
AGATACGACTTCATAT-1,0.00008,0.00008,0.037327,0.00008,0.00008,0.922708,0.039483,0.00016
AGATACTCAAGATCGA-1,0.00004,0.00004,0.00004,0.00004,0.00004,0.82335,0.046013,0.130436
AGATCGTGCATAAGAT-1,0.000044,0.000044,0.101604,0.043344,0.000044,0.720156,0.08171,0.053055
AGATCTCAGGTGTGAT-1,0.002034,0.000006,0.006907,0.030783,0.000006,0.040375,0.738794,0.181095
AGATGACTCGCCCACG-1,0.000082,0.000082,0.292662,0.099064,0.000082,0.607699,0.000165,0.000165
AGATGAGGGTTGCGAT-1,0.000076,0.000076,0.270283,0.077014,0.000076,0.528605,0.000152,0.123718
AGATGATGGAGTCTGG-1,0.000205,0.000205,0.087055,0.387711,0.000205,0.464626,0.059585,0.00041
AGATGCAAGACGTGCA-1,0.00003,0.00003,0.005428,0.135706,0.00003,0.604805,0.122031,0.131939
AGATGCATCCTGTGTC-1,0.000191,0.000191,0.066153,0.206041,0.000191,0.726469,0.000382,0.000382
AGATTATAGGACGTTT-1,0.000072,0.000072,0.000072,0.000072,0.000072,0.886503,0.000152,0.112984
AGATTCAAGCGGGTCG-1,0.000088,0.000088,0.000088,0.660358,0.000088,0.338936,0.000177,0.000177
AGATTCACAACCGATA-1,0.00002,0.00002,0.00002,0.00002,0.00002,0.6236,0.047785,0.328515
AGCAACATATCTTATT-1,0.000095,0.000095,0.000095,0.263449,0.000095,0.735791,0.00019,0.00019
AGCAACCGAAAGTAAT-1,0.00406,0.000029,0.006921,0.000029,0.000029,0.764982,0.00075,0.223198
AGCACCAGTACTCACG-1,0.000084,0.000084,0.162467,0.063366,0.000084,0.497393,0.117652,0.158869
AGCACTACCGGCCTGT-1,0.000026,0.000026,0.063969,0.000026,0.000026,0.343324,0.343831,0.24877
AGCACTTAAGGACGCC-1,0.000046,0.000046,0.02353,0.000046,0.000046,0.765614,0.157905,0.052766
AGCAGCCAGATGAATA-1,0.00015,0.00015,0.000258,0.298854,0.00015,0.588158,0.0003,0.11198
AGCATCATTTCGAAAG-1,0.000044,0.000044,0.000044,0.000044,0.000044,0.884144,0.115551,0.000087
AGCATCGTCGATAATT-1,0.000071,0.000071,0.378499,0.036772,0.000071,0.545238,0.035419,0.003859
AGCCACTCCCGTGCTT-1,0.000016,0.000016,0.064443,0.000016,0.000016,0.404115,0.52131,0.010067
AGCCCATACATGTAAG-1,0.000011,0.000011,0.000011,0.000011,0.000011,0.201726,0.739542,0.058675
AGCCCGGCATTAGAGG-1,0.000583,0.000583,0.112053,0.000583,0.000583,0.883284,0.001166,0.001166
AGCCCGGTAGCCTGTA-1,0.000215,0.000215,0.000215,0.271718,0.000215,0.226281,0.500708,0.000431
AGCCCTCCCTGGTGGC-1,0.000096,0.000096,0.000096,0.096141,0.000096,0.363931,0.017126,0.522416
AGCCCTGTCGCACCGT-1,0.000076,0.000076,0.285553,0.189193,0.000076,0.517151,0.000152,0.007722
AGCCCTTCTAATCCGA-1,0.000058,0.000058,0.371092,0.031368,0.000058,0.547261,0.000116,0.049989
AGCCGTGGCTAAATGT-1,0.000043,0.000043,0.000043,0.000043,0.000043,0.651957,0.104152,0.243678
AGCCTAATACCCACGT-1,0.000023,0.000023,0.000023,0.027675,0.000023,0.560537,0.026692,0.385003
AGCCTTAAAGCGGAAG-1,0.00003,0.00003,0.088401,0.05383,0.00003,0.741174,0.046996,0.069509
AGCGACAGGAACGGTC-1,0.000052,0.000052,0.000052,0.846451,0.000052,0.073323,0.079917,0.000103
AGCGACATCCCATTCA-1,0.023115,0.000091,0.000091,0.325324,0.000091,0.650924,0.000182,0.000182
