Barcode,Topic 1to2,Topic 3to5,Topic 6to7,Topic 8,Topic 9
AAACAACGAATAGTTC-1,0.000085,0.56772,0.35897,0.073182,0.000043
AAACAATCTACTAGCA-1,0.000139,0.339559,0.386547,0.265716,0.00804
AAACACCAATAACTGC-1,0.000214,0.153036,0.846536,0.000107,0.000107
AAACAGCTTTCAGAAG-1,0.00022,0.422292,0.511518,0.054938,0.011032
AAACAGGGTCTATATT-1,0.000251,0.218996,0.549098,0.16834,0.063317
AAACAGTGTTCCTGGG-1,0.000119,0.217013,0.622711,0.160097,0.00006
AAACATGGTGAGAGGA-1,0.00009,0.05975,0.132951,0.000045,0.807163
AAACATTTCCCGGATT-1,0.000381,0.000571,0.070162,0.83567,0.093217
AAACCGGGTAGGTACC-1,0.000351,0.231371,0.509308,0.243514,0.015457
AAACCGTTCGTCCAGG-1,0.000345,0.193881,0.602559,0.184251,0.018965
AAACCTAAGCAGCCGG-1,0.000126,0.133547,0.519353,0.346911,0.000063
AAACCTCATGAAGTTG-1,0.000293,0.137133,0.862281,0.000146,0.000146
AAACGAAGATGGAGTA-1,0.001736,0.607495,0.279445,0.110455,0.000869
AAACGAGACGGTTGAT-1,0.000196,0.060972,0.277787,0.039301,0.621744
AAACGGGCGTACGGGT-1,0.000185,0.035004,0.45169,0.49618,0.016942
AAACGGGTTGGTATCC-1,0.000117,0.33983,0.481063,0.163366,0.015623
AAACGGTTGCGAACTG-1,0.000169,0.240942,0.264373,0.47549,0.019027
AAACTCGGTTCGCAAT-1,0.00021,0.117822,0.357822,0.524041,0.000105
AAACTGCTGGCTCCAA-1,0.000239,0.000358,0.295973,0.269628,0.433802
AAACTTAATTGCACGC-1,0.000958,0.078069,0.808053,0.037626,0.075294
AAACTTGCAAACGTAT-1,0.0004,0.000853,0.989921,0.008626,0.0002
AAAGAATGACCTTAGA-1,0.000103,0.310915,0.428825,0.043206,0.216951
AAAGACCCAAGTCGCG-1,0.000153,0.000229,0.319156,0.432506,0.247955
AAAGACTGGGCGCTTT-1,0.000337,0.000506,0.998819,0.000169,0.000169
AAAGGCCCTATAATAC-1,0.000228,0.108668,0.69749,0.063893,0.129721
AAAGGCTACGGACCAT-1,0.000231,0.05244,0.417625,0.371133,0.158572
AAAGGCTCTCGCGCCG-1,0.000284,0.193194,0.330134,0.395664,0.080724
AAAGGGATGTAGCAAG-1,0.000239,0.000358,0.201128,0.231859,0.566416
AAAGGGCAGCTTGAAT-1,0.000254,0.457104,0.357871,0.177708,0.007063
AAAGTAGCATTGCTCA-1,0.000393,0.000589,0.998625,0.000196,0.000196
AAAGTCACTGATGTAA-1,0.000156,0.189248,0.402553,0.345357,0.062686
AAAGTCGACCCTCAGT-1,0.000155,0.419016,0.580675,0.000077,0.000077
AAATACCTATAAGCAT-1,0.000176,0.000264,0.332614,0.211444,0.455503
AAATCCGATACACGCC-1,0.000076,0.615799,0.060722,0.298081,0.025322
AAATCGCGGAAGGAGT-1,0.002525,0.415593,0.579355,0.001264,0.001264
AAATCGTGTACCACAA-1,0.000203,0.000305,0.760829,0.022837,0.215826
AAATCTGCCCGCGTCC-1,0.002614,0.322285,0.672485,0.001308,0.001308
AAATGACTGATCAAAC-1,0.001079,0.067017,0.252309,0.45374,0.225855
AAATGCTCGTTACGTT-1,0.000342,0.180154,0.718301,0.101032,0.000171
AAATGGCATGTCTTGT-1,0.000151,0.052695,0.342838,0.520491,0.083824
AAATGGTCAATGTGCC-1,0.000338,0.000507,0.647121,0.236913,0.115121
AAATGTATCTTATCCC-1,0.000081,0.995134,0.000081,0.00004,0.004664
AAATTAACGGGTAGCT-1,0.00026,0.00039,0.532424,0.366731,0.100195
AAATTAATAAGCGCGA-1,0.00026,0.031388,0.58081,0.00013,0.387411
AAATTGATAGTCCTTT-1,0.00127,0.204141,0.464176,0.329778,0.000635
AAATTGCGGCGGTTCT-1,0.000285,0.102478,0.896952,0.000143,0.000143
AAATTTGCGGGTGTGG-1,0.000299,0.000449,0.868078,0.060354,0.07082
AACAACTGGTAGTTGC-1,0.000263,0.087685,0.565842,0.279069,0.067142
AACAATACATTGTCGA-1,0.000191,0.19224,0.587343,0.172642,0.047584
AACAATTACTCTACGC-1,0.000342,0.042518,0.956797,0.000171,0.000171
AACACGACTGTACTGA-1,0.000254,0.071263,0.187976,0.653568,0.086938
AACACGAGACGCGGCC-1,0.00046,0.034759,0.964321,0.00023,0.00023
AACACGCGGCCGCGAA-1,0.00012,0.710725,0.289035,0.00006,0.00006
AACAGCTGTGTGGCAA-1,0.00032,0.374901,0.485734,0.138885,0.00016
AACAGGAAATCGAATA-1,0.000093,0.341238,0.212822,0.428323,0.017524
AACAGGATGGGCCGCG-1,0.000342,0.10828,0.845323,0.045884,0.000171
AACATAGCGTGTATCG-1,0.00032,0.000481,0.844344,0.154695,0.00016
AACATTGAAGTTGATC-1,0.000223,0.221754,0.489673,0.279389,0.00896
AACATTGGTCAGCCGT-1,0.000256,0.200078,0.79941,0.000128,0.000128
AACATTGTGACTCGAG-1,0.000175,0.196872,0.332539,0.25326,0.217153
AACCAAGACTTCTCTG-1,0.000199,0.348494,0.651107,0.0001,0.0001
AACCATAGGGTTGAAC-1,0.002743,0.004118,0.628802,0.204678,0.159658
AACCATGGGATCGCTA-1,0.000205,0.328408,0.604849,0.066435,0.000102
AACCCAGAGACGGAGA-1,0.00021,0.209201,0.56072,0.229764,0.000105
AACCCATCCCATGATC-1,0.000731,0.695394,0.303144,0.000366,0.000366
AACCCGACAACCCGTG-1,0.000175,0.202235,0.559351,0.238151,0.000088
AACCCGCTGTATTCCA-1,0.000503,0.06796,0.433372,0.12706,0.371106
AACCCTGGTGGAACCA-1,0.000178,0.000267,0.357258,0.60871,0.033586
AACCGAGCTTGGTCAT-1,0.000966,0.020358,0.098679,0.830043,0.049954
AACCGTTGTGTTTGCT-1,0.000206,0.000309,0.141613,0.704256,0.153617
AACCTCGCTTTAGCCC-1,0.000201,0.224373,0.346322,0.427215,0.001889
AACGAAAGTCGTCCCA-1,0.000646,0.486711,0.511997,0.000323,0.000323
AACGATAGAAGGGCCG-1,0.00013,0.368352,0.319423,0.31203,0.000065
AACGATATGTCAACTG-1,0.000468,0.170019,0.234525,0.491406,0.103581
AACGCGAACGGCAACA-1,0.00022,0.251854,0.535064,0.212752,0.00011
AACGCGACCTTGGGCG-1,0.000243,0.118331,0.479909,0.401396,0.000121
AACGCGGTCTCCAGCC-1,0.000304,0.32743,0.182082,0.270984,0.2192
AACGGACGTACGTATA-1,0.000983,0.096793,0.32996,0.209186,0.363078
AACGGCCATCTCCGGT-1,0.000141,0.000212,0.502062,0.177368,0.320217
AACGTACTGTGGGTAC-1,0.000057,0.999829,0.000057,0.000029,0.000029
AACGTAGTCTACCCAT-1,0.000218,0.05198,0.502971,0.436975,0.007856
AACGTCAGACTAGTGG-1,0.000146,0.433535,0.386124,0.175533,0.004662
AACGTCATCCGGCTTG-1,0.000962,0.001444,0.562844,0.141126,0.293623
AACGTGCGAAAGTCTC-1,0.000254,0.012655,0.281941,0.183406,0.521744
AACGTTATCAGCACCT-1,0.000224,0.669573,0.329979,0.000112,0.000112
AACTAGCGTATCGCAC-1,0.000235,0.064038,0.441235,0.422792,0.0717
AACTAGGCTTGGGTGT-1,0.000482,0.129782,0.267194,0.481801,0.120741
AACTCAAGTTAATTGC-1,0.000308,0.000462,0.830578,0.109782,0.05887
AACTCCAGAGCGTGTT-1,0.000502,0.08453,0.194499,0.644984,0.075486
AACTCGATAAACACGT-1,0.000189,0.068199,0.869284,0.062234,0.000095
AACTCGATGGCGCAGT-1,0.000151,0.558628,0.385892,0.051944,0.003385
AACTCTCAGTGTGCTC-1,0.000247,0.624469,0.212625,0.151599,0.011059
AACTGATATTAGGCCT-1,0.000139,0.018405,0.299105,0.602065,0.080286
AACTGGGTCCCGACGT-1,0.000174,0.000261,0.442876,0.527935,0.028755
AACTGGTGTGGGCCTT-1,0.000149,0.006563,0.330796,0.490704,0.171789
AACTTCTGCGTCTATC-1,0.00028,0.872241,0.070129,0.057211,0.00014
AACTTGCCCGTATGCA-1,0.000099,0.961265,0.038537,0.000049,0.000049
AACTTGCGTTCTCGCG-1,0.000296,0.340826,0.53339,0.125341,0.000148
AACTTTACGGGAGCTT-1,0.000361,0.000542,0.998735,0.000181,0.000181
AACTTTAGCTGCTGAG-1,0.000216,0.048584,0.399995,0.545651,0.005554
AAGAAAGTTTGATGGG-1,0.002886,0.004332,0.824563,0.001444,0.166775
AAGAAGGATCAGTTAG-1,0.000057,0.942959,0.036616,0.013577,0.006792
AAGACCAAATAACTCA-1,0.000178,0.000267,0.397522,0.023231,0.578802
AAGACCCAACTGAACA-1,0.000199,0.131841,0.460381,0.346905,0.060675
AAGACTAACCCGTTGT-1,0.000214,0.269951,0.647201,0.082526,0.000107
AAGACTGCAAGCTACT-1,0.000197,0.029051,0.177294,0.090836,0.702622
AAGAGATGAATCGGTA-1,0.00043,0.143049,0.856091,0.000215,0.000215
AAGAGCTCTTTATCGG-1,0.000166,0.08813,0.043017,0.155522,0.713166
AAGAGGATGTACGCGA-1,0.000558,0.000838,0.998045,0.000279,0.000279
AAGAGGCATGGATCGC-1,0.000172,0.000258,0.331218,0.028904,0.639448
AAGATGGCACCGGACC-1,0.000178,0.565236,0.248862,0.158029,0.027694
AAGCACCCTGCGTATC-1,0.000277,0.097902,0.374619,0.459544,0.067658
AAGCCACTTGCAGGTA-1,0.000546,0.029354,0.7712,0.198627,0.000273
AAGCCGCCGTGAAATC-1,0.000138,0.509276,0.372658,0.117859,0.000069
AAGCGCAGGGCTTTGA-1,0.000176,0.001889,0.417093,0.580754,0.000088
AAGCGTCCCTCATCGA-1,0.000177,0.977497,0.000177,0.000088,0.022061
AAGCTATGGATTGACC-1,0.002743,0.356258,0.202777,0.436849,0.001373
AAGCTCGTGCCAAGTC-1,0.000184,0.099661,0.246004,0.066158,0.587992
AAGGAGCGGTTGGTGC-1,0.000422,0.000634,0.542176,0.456521,0.000246
AAGGCGCGTAAAGCTT-1,0.000114,0.469203,0.442264,0.080585,0.007834
AAGGCTGTGCTCATCG-1,0.000385,0.039184,0.657343,0.263724,0.039364
AAGGGAACGACTGGCT-1,0.000343,0.024317,0.891051,0.084117,0.000172
AAGGGACTATGCATTC-1,0.000127,0.927526,0.072219,0.000064,0.000064
AAGGGTTTGATTTCAG-1,0.000299,0.000759,0.377779,0.154665,0.466497
AAGTAAGCTTCCAAAC-1,0.000147,0.037992,0.482172,0.479188,0.000501
AAGTAGAAGACCGGGT-1,0.000229,0.159825,0.477921,0.361911,0.000115
AAGTAGTGACGCGAGG-1,0.000311,0.451222,0.523569,0.024743,0.000156
AAGTCTTCTGTGGCCT-1,0.000227,0.352039,0.553829,0.000114,0.093791
AAGTGACGACCGAATT-1,0.000398,0.000597,0.911284,0.087523,0.000199
AAGTGAGTCGGGTTTA-1,0.000151,0.52827,0.359493,0.084351,0.027735
AAGTGCAAAGGTAGAC-1,0.000233,0.234047,0.74554,0.020063,0.000117
AAGTGCGTTAGAATCT-1,0.001122,0.362698,0.227847,0.300486,0.107846
AAGTGCTTCTCTATTG-1,0.000144,0.719937,0.193775,0.08607,0.000072
AAGTTCACTCCAAGCT-1,0.000218,0.274948,0.059598,0.625259,0.039977
AAGTTCGGCCAACAGG-1,0.000208,0.000312,0.999272,0.000104,0.000104
AAGTTTATGGGCCCAA-1,0.00019,0.011793,0.634339,0.353583,0.000095
AATAACAACGCTCGGC-1,0.000285,0.090606,0.908825,0.000142,0.000142
AATAACACTAGAACAA-1,0.000237,0.207057,0.391768,0.380497,0.02044
AATACAATGTTTCAGG-1,0.000461,0.412218,0.58686,0.000231,0.000231
AATACCGGAGGGCTGT-1,0.000161,0.430318,0.434307,0.135134,0.000081
AATACCTGATGTGAAC-1,0.00271,0.085031,0.002712,0.417652,0.491896
AATAGAACAGAGTGGC-1,0.000377,0.181828,0.452957,0.307031,0.057807
AATAGAATCTGTTTCA-1,0.001646,0.002471,0.397584,0.000824,0.597475
AATAGGCACGACCCTT-1,0.00029,0.148902,0.787762,0.062901,0.000145
AATAGTCCGTCCCGAC-1,0.000264,0.04916,0.32557,0.463405,0.161601
AATAGTCGCGAGTCGG-1,0.000337,0.00168,0.997646,0.000168,0.000168
AATATCAAGGTCGGAT-1,0.000181,0.146663,0.310061,0.411949,0.131147
AATATCCTAGCAAACT-1,0.000211,0.063697,0.734939,0.005319,0.195834
AATATTGGAGTATTGA-1,0.000496,0.000745,0.994882,0.003629,0.000248
AATCAGACTGCAGGAC-1,0.000373,0.317258,0.642694,0.039489,0.000187
AATCAGGTTTCATTTA-1,0.000276,0.240521,0.518404,0.24066,0.000138
AATCCAAGGGCCTGAG-1,0.000152,0.261554,0.344812,0.393406,0.000076
AATCCATGCAAGGGTG-1,0.000182,0.38691,0.572312,0.040505,0.000091
AATCCCGCTCAGAGCC-1,0.001079,0.055544,0.523824,0.019544,0.400009
AATCGAGGTCTCAAGG-1,0.001576,0.002366,0.422775,0.462729,0.110555
AATCGCCTCAGCGCCA-1,0.000297,0.006393,0.271172,0.112257,0.609881
AATCGTGAGCCGAGCA-1,0.000347,0.000521,0.113396,0.545281,0.340455
AATCTAGGTTTACTTG-1,0.000619,0.118596,0.398621,0.441473,0.040692
AATCTCTACTGTGGTT-1,0.000442,0.056,0.907597,0.03574,0.000221
AATGACAGCAATGTCT-1,0.000391,0.000587,0.535524,0.401298,0.062199
AATGACGTAGGATGTC-1,0.000493,0.00074,0.202102,0.058805,0.73786
AATGACTGTCAGCCGG-1,0.000342,0.085778,0.406738,0.354321,0.152821
AATGAGTTCGCATATG-1,0.000388,0.209091,0.614395,0.174888,0.001238
AATGCAACCGGGTACC-1,0.000245,0.000367,0.251409,0.433294,0.314685
AATGGTCCACCGTTCA-1,0.000253,0.222656,0.717669,0.016094,0.043328
AATGGTTCTCACAAGC-1,0.000275,0.33843,0.660083,0.001074,0.000138
AATGTATGGCACTGTA-1,0.004444,0.006672,0.805925,0.180735,0.002224
AATGTGCCCGAGGTGT-1,0.000934,0.341684,0.327454,0.329461,0.000467
AATGTGCTAATCTGAG-1,0.000267,0.235405,0.628234,0.093855,0.042238
AATGTTAAGACCCTGA-1,0.000412,0.038198,0.572524,0.167161,0.221705
AATTAAAGGTCGGCGT-1,0.00038,0.00057,0.25775,0.260357,0.480943
AATTAACGGATTTCCA-1,0.000346,0.000519,0.235882,0.755462,0.007791
AATTACGAGACCCATC-1,0.002058,0.238651,0.545886,0.212376,0.001029
AATTACTCGTACGCTC-1,0.002157,0.003239,0.929711,0.063814,0.001079
AATTATACCCAGCAAG-1,0.000177,0.548273,0.284953,0.112626,0.053972
AATTCATTGTCATGCA-1,0.002116,0.282444,0.713322,0.001059,0.001059
AATTCCAACTTGGTGA-1,0.000267,0.472359,0.527106,0.000134,0.000134
AATTCCAAGCATGTAC-1,0.000195,0.203221,0.364735,0.328866,0.102983
AATTCGATTCGAGGAT-1,0.000198,0.000298,0.093392,0.901671,0.004441
AATTCTAGAGTTAGGC-1,0.000733,0.013879,0.347232,0.171301,0.466853
AATTGAACGCTCTGGT-1,0.000263,0.000395,0.133306,0.100657,0.765378
AATTGCGTGGATTACA-1,0.000556,0.000834,0.655906,0.000278,0.342426
AATTTGGTTCCAAAGA-1,0.000157,0.031896,0.50394,0.463929,0.000078
ACAAACCATGCGTCCT-1,0.000097,0.913536,0.080108,0.000049,0.00621
ACAAACTCCATCAGAG-1,0.000156,0.242375,0.561033,0.196359,0.000078
ACAAAGAAGGTAGGCC-1,0.000164,0.000247,0.475389,0.147441,0.376759
ACAAAGCATGACCTAG-1,0.000131,0.151253,0.069235,0.711743,0.067639
ACAAATCGCACCGAAT-1,0.000467,0.43977,0.293876,0.088527,0.17736
ACAAATGGTAGTGTTT-1,0.000175,0.000262,0.242548,0.000087,0.756927
ACAACAGCATGAGCTA-1,0.000122,0.50413,0.12704,0.247392,0.121317
ACAACGGTCCCTGCGA-1,0.000208,0.267347,0.599561,0.13278,0.000104
ACAAGCAGTGCCTAGC-1,0.000367,0.00055,0.99014,0.00876,0.000183
ACAAGCTATATGGAAG-1,0.00016,0.547402,0.345683,0.00008,0.106676
ACAAGGAAATCCGCCC-1,0.000495,0.000743,0.276673,0.051732,0.670357
ACAAGGACAAGAGGTT-1,0.000182,0.085289,0.661481,0.238983,0.014065
ACAAGGATGCTTTAGG-1,0.000141,0.053415,0.000141,0.926201,0.020102
ACAAGGGCAGGCTCTG-1,0.000431,0.000646,0.189606,0.248072,0.561245
ACAAGTAATTGTAAGG-1,0.001512,0.090283,0.687221,0.220228,0.000756
ACAATAGTCGTACGTT-1,0.000259,0.58999,0.409492,0.000129,0.000129
ACAATCCATTTAAACC-1,0.000292,0.166563,0.832852,0.000146,0.000146
ACAATGAATACGGAGA-1,0.000138,0.872565,0.123612,0.000069,0.003616
ACAATTTAGGAGGCTC-1,0.000534,0.000802,0.950832,0.000267,0.047565
ACACAAAGACGGGTGG-1,0.000181,0.000272,0.228939,0.579972,0.190635
ACACACCAGGACCAGT-1,0.000865,0.001298,0.54766,0.03191,0.418268
ACACACTTTCTACACG-1,0.000183,0.082203,0.362098,0.489996,0.065521
ACACATGATCAAATCT-1,0.000694,0.27163,0.595738,0.13159,0.000347
ACACATTGACGCAACA-1,0.000731,0.001097,0.893907,0.000366,0.103899
ACACATTTCCGTAGAC-1,0.000942,0.186557,0.250528,0.332236,0.229737
ACACCCAGCATGCAGC-1,0.000364,0.112851,0.579618,0.213536,0.093631
ACACCCGAGAAATCCG-1,0.000179,0.135886,0.509674,0.335254,0.019008
ACACCGAGCGCTCTTT-1,0.000509,0.000763,0.998219,0.000254,0.000254
ACACCGGTCTGACCGC-1,0.000398,0.275683,0.723521,0.000199,0.000199
ACACCTTAAGTAGGGC-1,0.000231,0.000347,0.778714,0.000116,0.220592
ACACGAGACTCCTTCT-1,0.00029,0.000435,0.502288,0.403725,0.093262
ACACGGCACTATGCAT-1,0.000317,0.000477,0.5223,0.419536,0.05737
ACACGGGAACTTAGGG-1,0.001038,0.458398,0.215512,0.324531,0.00052
ACACTCCAATGTCACT-1,0.000885,0.030789,0.96744,0.000443,0.000443
ACAGAACTGAGAACAA-1,0.000761,0.339588,0.582168,0.034163,0.043321
ACAGGAGGCGCAGCCG-1,0.000419,0.493567,0.288281,0.026229,0.191504
ACAGGCACGGATCCTT-1,0.000079,0.809385,0.001942,0.178746,0.009848
ACAGGTGGAGGTGAGG-1,0.000233,0.34828,0.412753,0.181786,0.056947
ACAGGTGTGTTGTTGC-1,0.000296,0.000444,0.547711,0.000148,0.451402
ACAGTAATACAACTTG-1,0.000223,0.02054,0.71896,0.125346,0.134932
ACATAAGTCGTGGTGA-1,0.000878,0.011663,0.98658,0.000439,0.000439
ACATAATAAGGCGGTG-1,0.000182,0.090752,0.558088,0.350887,0.000091
ACATACAATCAAGCGG-1,0.00095,0.001426,0.326128,0.305523,0.365973
ACATCAGCTGGGACGC-1,0.000278,0.000417,0.999026,0.000139,0.000139
ACATCCCGGCCATACG-1,0.000301,0.16834,0.343248,0.360631,0.12748
ACATCGATCGTTTACC-1,0.000478,0.000717,0.306186,0.332917,0.359702
ACATCGCAATATTCGG-1,0.000108,0.940288,0.059497,0.000054,0.000054
ACATCGGTCAGCCGCG-1,0.000281,0.000422,0.999015,0.000141,0.000141
ACATCGTATGCAATGG-1,0.000312,0.000468,0.313055,0.04512,0.641046
ACATCGTTAACCTAGT-1,0.000406,0.202184,0.151255,0.645953,0.000203
ACATGCTTACGGCAGC-1,0.003527,0.38828,0.556132,0.001765,0.050296
ACATGGCTCAATTTAG-1,0.000135,0.927047,0.072682,0.000068,0.000068
ACATTCGCGCGGAATA-1,0.000107,0.860006,0.126095,0.013739,0.000053
ACATTTGAAACCTAAC-1,0.000207,0.129389,0.24207,0.517028,0.111307
ACCAACCGCACTCCAC-1,0.000557,0.000836,0.188575,0.647114,0.162917
ACCAACGCTTATTTAT-1,0.000347,0.217209,0.302702,0.40789,0.071851
ACCAAGAACGCGTGTC-1,0.0001,0.372668,0.261994,0.338821,0.026416
ACCACAAGTTTCTATC-1,0.000433,0.069915,0.385199,0.544236,0.000217
ACCACACGGTTGATGG-1,0.000788,0.001183,0.42565,0.571985,0.000394
ACCACGTGCAGCTATA-1,0.000201,0.043218,0.594717,0.051719,0.310145
ACCACTGTTCAAGAAG-1,0.003584,0.183772,0.809057,0.001793,0.001793
ACCAGACCATAACAAC-1,0.000236,0.000354,0.856375,0.075732,0.067303
ACCATATCCGCAATAA-1,0.000212,0.019016,0.112096,0.000106,0.868569
ACCATCCGCCAACTAG-1,0.000337,0.12738,0.729808,0.000168,0.142307
ACCATCGTATATGGTA-1,0.000391,0.000587,0.527358,0.208674,0.26299
ACCATTAAGGGTGTCA-1,0.000389,0.000584,0.998637,0.000195,0.000195
ACCCACCTACATGCTC-1,0.000146,0.743187,0.153726,0.06242,0.040521
ACCCATCTTGAGGGTA-1,0.000384,0.05739,0.835419,0.106615,0.000192
ACCCGAGCGAAATTAC-1,0.000238,0.322181,0.499095,0.178366,0.000119
ACCCGATTGGTTCCGA-1,0.000292,0.178578,0.505138,0.315845,0.000146
ACCCGGAAACTCCCAG-1,0.000233,0.004372,0.099102,0.741475,0.154818
ACCCGGTTACACTTCC-1,0.000153,0.761215,0.031135,0.000076,0.20742
ACCCGTAGCAGAGAAT-1,0.000392,0.629403,0.369813,0.000196,0.000196
ACCCGTGTCATCAGTA-1,0.000336,0.036404,0.050724,0.847787,0.064751
ACCCTATAGGACTGAG-1,0.000263,0.283999,0.546445,0.169162,0.000131
ACCCTATGCCATATCG-1,0.000364,0.379757,0.381043,0.238654,0.000182
ACCCTCCCGTCAGGGC-1,0.000144,0.247249,0.036662,0.558494,0.157451
ACCCTCCCTTGCTATT-1,0.001355,0.099297,0.23751,0.213232,0.448607
ACCCTTCATCTGCGAA-1,0.000181,0.058035,0.4935,0.357277,0.091007
ACCGAAAGGGCCCTGC-1,0.000222,0.064535,0.454557,0.426075,0.054612
ACCGAAGAGTCTGGTT-1,0.000646,0.229383,0.769325,0.000323,0.000323
ACCGACACATCTCCCA-1,0.000223,0.144383,0.275812,0.427721,0.15186
ACCGACTGAGTCCCAC-1,0.000353,0.0954,0.481285,0.422786,0.000176
ACCGAGTCTCCTTATT-1,0.002442,0.003666,0.56074,0.001222,0.43193
ACCGCTAGTCATTGGT-1,0.000262,0.221742,0.702388,0.075477,0.000131
ACCGGTCAGGTACACC-1,0.001778,0.189435,0.807009,0.000889,0.000889
ACCGTCCACTGGGCCC-1,0.000079,0.450135,0.256463,0.03877,0.254553
ACCGTGACCACGTGGG-1,0.000258,0.045903,0.6904,0.263309,0.000129
ACCTAAGTACCTTTCA-1,0.000547,0.000822,0.482521,0.404409,0.111701
ACCTAATCGACTTCCT-1,0.000455,0.244295,0.591034,0.163989,0.000228
ACCTACTATAAATCTA-1,0.00016,0.245825,0.443507,0.277171,0.033337
ACCTCAGCGAGGCGCA-1,0.000246,0.000369,0.000246,0.542771,0.45637
ACCTCGAACTTATGCT-1,0.00057,0.273475,0.55179,0.17388,0.000285
ACCTGCGTGTCATGTT-1,0.000424,0.000637,0.944118,0.003648,0.051173
ACGAAATGGGCGGCAC-1,0.000511,0.024077,0.974901,0.000256,0.000256
ACGACTCTAGGGCCGA-1,0.000318,0.170659,0.387331,0.072691,0.369
ACGACTGGTCATACTC-1,0.000186,0.21291,0.6063,0.132922,0.047681
ACGAGAACCCATCACG-1,0.00063,0.967938,0.030803,0.000315,0.000315
ACGAGGTTTACAACGT-1,0.000529,0.129207,0.684464,0.185535,0.000265
ACGAGTCGCCGGCGTT-1,0.00021,0.000315,0.81287,0.000105,0.1865
ACGATACCTATCCTGA-1,0.000379,0.172537,0.654954,0.00019,0.17194
ACGATCATACATAGAG-1,0.000316,0.000474,0.376021,0.386782,0.236408
ACGATGCATATGTTAT-1,0.000408,0.000612,0.897202,0.000204,0.101574
ACGATGGATCCGATGC-1,0.000185,0.067402,0.257946,0.674374,0.000093
ACGCAAACTAATAGAT-1,0.000212,0.103838,0.597151,0.298693,0.000106
ACGCATTCGTGAGTAC-1,0.000545,0.000818,0.678744,0.05177,0.268124
ACGCCACTCGAAACAG-1,0.000287,0.000432,0.290961,0.438599,0.269721
ACGCCAGATGATTTCT-1,0.000199,0.000702,0.288416,0.710584,0.0001
ACGCCAGTGCGTTTGC-1,0.000315,0.000473,0.26923,0.660986,0.068995
ACGCCGCTAGACGACC-1,0.000309,0.000464,0.288226,0.174109,0.536892
ACGCCTGACACGCGCT-1,0.000353,0.369738,0.438082,0.000177,0.19165
ACGCGAAGTCAGACGA-1,0.00069,0.154291,0.237633,0.255043,0.352343
ACGCGCTACACAGGGT-1,0.000439,0.24336,0.754383,0.001598,0.00022
ACGCGGGCCAAGGACA-1,0.000391,0.000587,0.499693,0.260202,0.239126
ACGCGTTTCTTAAGAG-1,0.00029,0.000435,0.938834,0.000145,0.060296
ACGCTGTGAGGCGTAG-1,0.00012,0.690013,0.309747,0.00006,0.00006
ACGGAACACGAGTGCC-1,0.00058,0.472553,0.234517,0.165723,0.126627
ACGGAATTTAGCAAAT-1,0.00024,0.274178,0.42649,0.298973,0.00012
ACGGACGCAGCGACAA-1,0.003044,0.313134,0.680775,0.001523,0.001523
ACGGACTCTCAAAGCG-1,0.000287,0.00043,0.322933,0.562885,0.113465
ACGGCGACGATGGGAA-1,0.000439,0.000659,0.246135,0.281489,0.471277
ACGGCGGGTTGCCCTG-1,0.000251,0.81401,0.185487,0.000126,0.000126
ACGGCTGGATGTAGAA-1,0.000579,0.40232,0.596522,0.00029,0.00029
ACGGGAGTGTCGGCCC-1,0.000412,0.000619,0.603515,0.317596,0.077857
ACGGGTCATGTGACTT-1,0.000225,0.742631,0.256918,0.000113,0.000113
ACGGGTTGTGACCTGT-1,0.002743,0.198754,0.795757,0.001373,0.001373
ACGGTACAGTTCAATG-1,0.000202,0.207038,0.136672,0.655986,0.000101
ACGGTCACCGAGAACA-1,0.000199,0.000299,0.67594,0.0001,0.323462
ACGTACAGATTTCTCT-1,0.000301,0.085939,0.297523,0.601368,0.01487
ACGTACTTTGGCACGG-1,0.000131,0.562198,0.3055,0.132105,0.000066
ACGTAGATTGCTGATG-1,0.000309,0.000464,0.524225,0.468655,0.006346
ACGTAGGAGAGTCGCT-1,0.000146,0.197191,0.390983,0.269431,0.14225
ACGTCGGGCAACTCGG-1,0.001984,0.002978,0.791753,0.000993,0.202292
ACGTCTCGTTCCGGGA-1,0.000133,0.597569,0.333028,0.040017,0.029253
ACGTGCGCCTCGTGCA-1,0.000138,0.060453,0.436583,0.442337,0.060488
ACGTTAATGTCGAAGA-1,0.000369,0.000553,0.369182,0.15263,0.477266
ACGTTAGATTTGCCCG-1,0.000387,0.159507,0.839719,0.000194,0.000194
ACGTTATTGGTCACTC-1,0.000452,0.000678,0.998418,0.000226,0.000226
ACGTTCACTATGCCGC-1,0.00029,0.28981,0.603243,0.103851,0.002805
ACGTTCCGCGCTCCGT-1,0.000165,0.470078,0.260313,0.116972,0.152472
ACGTTCGTTCAGGAAA-1,0.000273,0.041592,0.575929,0.37111,0.011095
ACGTTCTGTACAAGTC-1,0.000153,0.446948,0.037079,0.476616,0.039204
ACGTTGTCGTTGAAAG-1,0.000142,0.430453,0.495837,0.072726,0.000842
ACGTTTAGTTGTGATC-1,0.000176,0.184849,0.327692,0.487195,0.000088
ACTACAAAGAGAGGTG-1,0.000127,0.303918,0.485094,0.207167,0.003694
ACTACATCCCGACAAG-1,0.000506,0.822973,0.176014,0.000253,0.000253
ACTACCAGCTCTCTGG-1,0.000176,0.000635,0.67448,0.219212,0.105497
ACTACCATCCGAGGGC-1,0.000219,0.801102,0.162207,0.00122,0.035251
ACTACGCGTTAGAATT-1,0.000354,0.138914,0.324576,0.387759,0.148398
ACTATCGCCGGCTAAA-1,0.000477,0.22164,0.496661,0.071492,0.209731
ACTATGTCCAGCTGCC-1,0.000223,0.272808,0.544661,0.053613,0.128694
ACTATTCGTCCGTGGT-1,0.000238,0.024166,0.226225,0.741288,0.008083
ACTATTTCCGGGCCCA-1,0.000306,0.029613,0.522405,0.441088,0.006588
ACTCAACGAATGTATT-1,0.002554,0.235686,0.759204,0.001278,0.001278
ACTCAAGTGCAAGGCT-1,0.000144,0.247277,0.061559,0.616793,0.074227
ACTCAATAAAGGCACG-1,0.000439,0.032163,0.390674,0.350234,0.22649
ACTCAGACCTGCTTCT-1,0.000222,0.118623,0.326361,0.485264,0.069531
ACTCATGGCAGCCTTC-1,0.000211,0.783861,0.209867,0.005956,0.000106
ACTCCAATATCATCAT-1,0.000372,0.049768,0.800063,0.14961,0.000186
ACTCCCATTCCTAAAG-1,0.000513,0.059995,0.683047,0.171673,0.084773
ACTCCCTAATGCTAAA-1,0.000259,0.000389,0.310384,0.657319,0.031649
ACTCCCTAGAATAGTA-1,0.000167,0.050374,0.000167,0.000084,0.949208
ACTCCGGCCGACCACT-1,0.000174,0.332063,0.278636,0.38904,0.000087
ACTCGATGTATTTCAT-1,0.000751,0.067765,0.930733,0.000376,0.000376
ACTCGTCAGTAATCCC-1,0.000296,0.114251,0.287424,0.000148,0.597882
ACTCTAAACCTGGGAT-1,0.000261,0.384463,0.537754,0.000131,0.07739
ACTCTCTGACTTAGGT-1,0.000206,0.000309,0.000206,0.263391,0.735887
ACTCTGACCTAATAGA-1,0.000171,0.084528,0.04977,0.679059,0.186472
ACTCTTGTATAGTAAC-1,0.000305,0.000458,0.319622,0.165129,0.514487
ACTGAATGGCGAAAGT-1,0.000116,0.801938,0.010124,0.000058,0.187763
ACTGCCCGCCATTCTC-1,0.000248,0.185432,0.686431,0.075903,0.051985
ACTGCCGTCGTAACTC-1,0.000145,0.137437,0.467635,0.39471,0.000073
ACTGGGATGCCAGTGC-1,0.000236,0.250799,0.440887,0.104361,0.203717
ACTGTACGATACACAT-1,0.000118,0.428765,0.176116,0.154384,0.240616
ACTGTAGCACTTTGGA-1,0.000329,0.000493,0.679828,0.167564,0.151786
ACTGTATACGCGAGCA-1,0.000741,0.001112,0.856635,0.014355,0.127157
ACTGTCCAGGATTATA-1,0.000309,0.000464,0.44087,0.539248,0.019109
ACTGTCTTCTTTAGAA-1,0.000294,0.000442,0.575934,0.29283,0.1305
ACTGTGCTAGTAGATC-1,0.000322,0.455462,0.403541,0.140515,0.000161
ACTTACGCATCCACGC-1,0.000269,0.000404,0.029252,0.93662,0.033454
ACTTAGTACGACAAGA-1,0.000225,0.354664,0.533397,0.111602,0.000113
ACTTATCTGATCTATA-1,0.004728,0.007096,0.983445,0.002366,0.002365
ACTTATTAGGATCGGT-1,0.000382,0.000574,0.568507,0.222427,0.208109
ACTTATTTATGTGCCA-1,0.000499,0.075126,0.060218,0.058347,0.805809
ACTTCCAGTGGAAGCT-1,0.00161,0.303496,0.515721,0.178367,0.000806
ACTTCCATGCGGGACA-1,0.000052,0.913426,0.000052,0.002874,0.083595
ACTTCGCCATACGCAC-1,0.000622,0.000934,0.195309,0.802823,0.000311
ACTTGACTCCCTCTTT-1,0.000414,0.000621,0.315861,0.180066,0.503037
ACTTGCTCTATCTACC-1,0.001462,0.154327,0.644664,0.000732,0.198816
ACTTGGGACCCGGTGG-1,0.000355,0.38616,0.296925,0.205203,0.111356
ACTTGGGCTTTCGCCA-1,0.000726,0.090433,0.698623,0.146593,0.063625
ACTTGTAGTCCCTTCA-1,0.000364,0.000547,0.875696,0.066391,0.057002
ACTTGTTACCGGATCA-1,0.000635,0.242623,0.376118,0.081041,0.299584
ACTTTATACACCACTT-1,0.00313,0.004699,0.98904,0.001566,0.001566
ACTTTCCTATAGCTTC-1,0.000281,0.752247,0.020334,0.226997,0.00014
ACTTTGACTGCATCCT-1,0.000447,0.075674,0.828888,0.000224,0.094767
ACTTTGGTCGTGCTCC-1,0.001176,0.001765,0.995883,0.000588,0.000588
AGAACACGGCGATGGT-1,0.004444,0.264059,0.727049,0.002224,0.002223
AGAACCCTCAATTGGG-1,0.001372,0.053484,0.943772,0.000686,0.000686
AGAACGTGGTACATTC-1,0.000396,0.146314,0.46814,0.300501,0.084649
AGAACTGTACTTTGTA-1,0.000247,0.184453,0.226767,0.504026,0.084507
AGAAGGTTGCCGAATT-1,0.000398,0.410184,0.530957,0.054588,0.003874
AGAAGGTTGTAGGTCG-1,0.0002,0.0003,0.517101,0.431444,0.050956
AGAAGTGATTCGTGAT-1,0.000307,0.59425,0.301349,0.103941,0.000153
AGAATAAATCTTCAGG-1,0.000219,0.07832,0.921242,0.000109,0.000109
AGAATACAGGCTATCC-1,0.001355,0.002034,0.143611,0.000678,0.852322
AGAATTGTTTGACATA-1,0.000112,0.579706,0.363381,0.004305,0.052494
AGACAGCTCAGAATCC-1,0.000299,0.000449,0.998953,0.00015,0.00015
AGACATAGATCCTTCC-1,0.000264,0.04916,0.496193,0.387771,0.066611
AGACCATGGGATACAA-1,0.000286,0.214273,0.525948,0.25935,0.000143
AGACCCACCGCTGATC-1,0.00052,0.000781,0.120131,0.404308,0.474259
AGACCCGCCCTCCTCG-1,0.00025,0.005843,0.221682,0.362516,0.40971
AGACCGGGAAACCCTG-1,0.000467,0.000701,0.998365,0.000234,0.000234
AGACGACGATGCCGCT-1,0.000416,0.271339,0.440909,0.193714,0.093621
AGACTAGCCTTCCAGA-1,0.000266,0.000399,0.547711,0.45149,0.000133
AGACTGTTACCGGGTC-1,0.000306,0.103992,0.476501,0.419048,0.000153
AGAGAAACACCAGAAA-1,0.000137,0.262985,0.509164,0.227646,0.000068
AGAGAAGGAGTACAAT-1,0.000228,0.316474,0.297644,0.367253,0.018401
AGAGATCTCTAAAGCG-1,0.000358,0.000538,0.93913,0.000179,0.059794
AGAGCAGTTATGAGAC-1,0.000503,0.000755,0.858547,0.139944,0.000252
AGAGCGGGCTAATCAT-1,0.000137,0.064985,0.425392,0.368507,0.140979
AGAGCGTACAAGCTCG-1,0.000162,0.719884,0.09452,0.185352,0.000081
AGAGCTACGAAAGCAT-1,0.000295,0.254614,0.67743,0.067513,0.000148
AGAGGTATCTCGGTCC-1,0.000378,0.022611,0.543518,0.361662,0.071831
AGATAACTTCAGGGCC-1,0.00028,0.000421,0.529163,0.413041,0.057096
AGATAATCACACCTAT-1,0.001522,0.002285,0.687512,0.158513,0.150168
AGATACCGGTGTTCAC-1,0.000274,0.272535,0.726039,0.000137,0.001014
AGATACGACTTCATAT-1,0.000385,0.220508,0.739098,0.039816,0.000193
AGATACTCAAGATCGA-1,0.000285,0.000428,0.230207,0.000143,0.768938
AGATATAATACGACTA-1,0.000157,0.046695,0.385657,0.567411,0.000079
AGATCTCAGGTGTGAT-1,0.000282,0.000423,0.448517,0.508134,0.042644
AGATCTGGAGAGGATA-1,0.006173,0.009266,0.978383,0.003089,0.003089
AGATGACTCGCCCACG-1,0.00021,0.164075,0.261436,0.488538,0.08574
AGATGCAAGACGTGCA-1,0.000255,0.238276,0.51939,0.205677,0.036402
AGATGCATCCTGTGTC-1,0.000453,0.270507,0.137271,0.473158,0.118612
AGATGCTATAACGAGC-1,0.003472,0.171296,0.821756,0.001738,0.001737
AGATTATAGGACGTTT-1,0.000307,0.263568,0.51489,0.177199,0.044037
AGATTCACAACCGATA-1,0.000358,0.194669,0.435426,0.369368,0.000179
AGCAAAGGCCGCTAGT-1,0.000233,0.027193,0.368118,0.532535,0.071921
AGCAACCGAAAGTAAT-1,0.000589,0.674673,0.324148,0.000295,0.000295
AGCACACGTTTAGACT-1,0.000177,0.630123,0.202093,0.167518,0.000089
AGCACCAGTACTCACG-1,0.000549,0.000824,0.571448,0.410134,0.017045
AGCACTACCGGCCTGT-1,0.000529,0.047622,0.951319,0.000265,0.000265
AGCACTTAAGGACGCC-1,0.000169,0.40928,0.590382,0.000085,0.000085
AGCAGAAGGAGAAAGA-1,0.000154,0.091473,0.426859,0.419266,0.062248
AGCAGCCAGATGAATA-1,0.000284,0.159027,0.355137,0.435986,0.049565
AGCAGTCGAAGCATGC-1,0.000422,0.032447,0.58095,0.385971,0.000211
AGCATCATTTCGAAAG-1,0.00097,0.019048,0.979011,0.000486,0.000486
AGCATCGTCGATAATT-1,0.000216,0.208484,0.280106,0.439386,0.071807
AGCCAAGCTTTGTGTC-1,0.00023,0.211445,0.404659,0.215424,0.168242
AGCCACAGGTTACCCG-1,0.000189,0.020079,0.190644,0.780501,0.008587
AGCCATATAGTATGTG-1,0.000158,0.172415,0.594764,0.150977,0.081686
AGCCCATACATGTAAG-1,0.000514,0.015087,0.613011,0.37113,0.000257
AGCCCGCAACAAGCAG-1,0.000176,0.138341,0.601139,0.206139,0.054206
AGCCCGGCATTAGAGG-1,0.000274,0.25181,0.520943,0.200814,0.026159
AGCCCGGTAGCCTGTA-1,0.000323,0.164576,0.378601,0.456338,0.000162
AGCCCTAAGCGAAGTT-1,0.000117,0.307747,0.199902,0.4698,0.022434
AGCCCTCCCTGGTGGC-1,0.000229,0.634383,0.293395,0.071879,0.000115
AGCCGCAAATTCAAAT-1,0.000243,0.088033,0.566477,0.074337,0.27091
AGCCGCTTGATTAGCG-1,0.000379,0.000569,0.998672,0.00019,0.00019
AGCCTTAAAGCGGAAG-1,0.000353,0.552348,0.446945,0.000177,0.000177
AGCCTTGTCACTGATA-1,0.002222,0.3152,0.621923,0.001112,0.059543
AGCGACAGGAACGGTC-1,0.00032,0.014636,0.350255,0.566842,0.067947
AGCGACATCCCATTCA-1,0.00023,0.125481,0.48569,0.380199,0.0084
AGCGACCAACGATATT-1,0.000242,0.000363,0.047952,0.835895,0.115548
AGCGACTTTGAAGACA-1,0.000104,0.728612,0.239496,0.015808,0.01598
AGCGAGACGTGAAGGC-1,0.000064,0.782452,0.208099,0.009353,0.000032
AGCGCATAATGAATCG-1,0.000325,0.119922,0.441992,0.348549,0.089212
AGCGGACACTTCGTAG-1,0.000279,0.129115,0.425395,0.402752,0.042459
AGCGGGAAGGGTCCAT-1,0.000257,0.300571,0.576168,0.122875,0.000129
AGCGGGTCTGACACTC-1,0.000187,0.224105,0.331415,0.444199,0.000094
AGCGTACGAGAGCTAG-1,0.000261,0.13586,0.863618,0.000131,0.000131
AGCGTAGCGCTAGACC-1,0.00009,0.680541,0.136979,0.182345,0.000045
AGCGTCTGAACCCGCA-1,0.001068,0.113885,0.742632,0.14188,0.000535
AGCGTGGTATTCTACT-1,0.000247,0.032109,0.125334,0.000124,0.842187
AGCTAACAAGCAATGT-1,0.000267,0.096613,0.59994,0.303046,0.000134
AGCTAAGCTCCGTCCG-1,0.000265,0.427843,0.542414,0.025233,0.004245
AGCTAAGTACGCAGGC-1,0.000153,0.021741,0.260054,0.696171,0.021881
AGCTATTTAATCCAAC-1,0.000167,0.00025,0.298088,0.701411,0.000083
AGCTCTAGACGTTCCA-1,0.000415,0.000622,0.300582,0.191596,0.506785
AGCTCTTTACTCAGTT-1,0.000607,0.000911,0.483758,0.310221,0.204502
AGCTGTAACCTCAATC-1,0.002813,0.230339,0.474435,0.291005,0.001408
AGCTTATAGAGACCTG-1,0.000191,0.06017,0.225822,0.607904,0.105912
AGCTTCTTCTCGAGCA-1,0.000323,0.099597,0.000323,0.000161,0.899596
AGCTTGATCAGGGTAG-1,0.000561,0.000842,0.842686,0.000281,0.15563
AGCTTGATCTTAACTT-1,0.000512,0.000769,0.854545,0.143918,0.000256
AGGAAAGCCTCTGATG-1,0.00012,0.999641,0.00012,0.00006,0.00006
AGGAAGCTGTCCGCCG-1,0.000305,0.077074,0.420537,0.483906,0.018178
AGGACAGTCGAATCCC-1,0.000141,0.01843,0.000141,0.001663,0.979625
AGGACATCGCACGTCG-1,0.000183,0.347791,0.347834,0.3041,0.000092
AGGACGACCCATTAGA-1,0.000412,0.000618,0.668697,0.215125,0.11515
AGGACTTATAGGAGAA-1,0.000345,0.278149,0.673737,0.000172,0.047597
AGGATATCCGACTGCA-1,0.000162,0.219712,0.244502,0.439807,0.095817
AGGATCACGCGATCTG-1,0.000802,0.001204,0.409741,0.515885,0.072367
AGGCAAAGAGGAATCA-1,0.000157,0.111452,0.646613,0.2417,0.000079
AGGCAATACGGAGGAC-1,0.000395,0.000594,0.906113,0.000198,0.0927
AGGCAGGGAGCGTACT-1,0.000403,0.14852,0.486993,0.363883,0.000201
AGGCCACCCGTTATGA-1,0.000315,0.000472,0.694266,0.256168,0.048779
AGGCCCAGTGACTGGT-1,0.000371,0.231957,0.697475,0.070011,0.000186
AGGCCCATTGTACAGG-1,0.000202,0.191225,0.528017,0.280455,0.000101
AGGCCCTAGAACGCCA-1,0.000489,0.0894,0.90962,0.000245,0.000245
AGGCCTATCATACCAA-1,0.000081,0.902089,0.091688,0.006102,0.00004
AGGCCTGAGAATCTCG-1,0.000199,0.109386,0.051468,0.815607,0.023339
AGGCGGTTTGTCCCGC-1,0.000385,0.157011,0.726323,0.055603,0.060678
AGGCTATGGTTAGCTT-1,0.000307,0.299523,0.64093,0.059087,0.000153
AGGCTTAAGTTGCACA-1,0.001522,0.002285,0.457292,0.452889,0.086013
AGGCTTCCCGAAGAAG-1,0.000238,0.126486,0.313638,0.550172,0.009466
AGGCTTGCTAGACACC-1,0.000537,0.128265,0.781338,0.089592,0.000269
AGGGACAGCACGGCGG-1,0.000103,0.699272,0.216691,0.083538,0.000397
AGGGACTCTACGCGAC-1,0.000476,0.08772,0.439103,0.330803,0.141899
AGGGCAGCGGCGTGGT-1,0.000338,0.130123,0.288834,0.580535,0.000169
AGGGCGAGCAGCTGAT-1,0.000406,0.000609,0.99858,0.000203,0.000203
AGGGCGTGATCGGCTA-1,0.000172,0.087409,0.654757,0.257577,0.000086
AGGGCTGCAGTTACAG-1,0.000243,0.104292,0.424257,0.162904,0.308304
AGGGTCAGAGCACTCG-1,0.000242,0.16169,0.458981,0.339484,0.039603
AGGGTGCCGTTCTTTA-1,0.000191,0.494073,0.36598,0.136832,0.002924
AGGGTGGATAGTGCAT-1,0.000182,0.000273,0.999363,0.000091,0.000091
AGGGTTCAGACGGTCC-1,0.00022,0.359167,0.440922,0.198307,0.001384
AGGGTTTAGTTCGGGA-1,0.000402,0.000603,0.540429,0.339063,0.119503
AGGTAACCTCCTATTC-1,0.00006,0.854463,0.083354,0.062092,0.00003
AGGTAGATCGAGATAT-1,0.000167,0.102353,0.544479,0.232595,0.120406
AGGTAGGTACAAAGCT-1,0.000331,0.000496,0.9337,0.065308,0.000165
AGGTCAGGTGAGAGTG-1,0.000293,0.000439,0.998975,0.000146,0.000146
AGGTCGCCACTTCGGT-1,0.000173,0.334949,0.664705,0.000086,0.000086
AGGTGGTGACCTTCGC-1,0.000258,0.299862,0.422189,0.250274,0.027418
AGGTGTATCGCCATGA-1,0.000493,0.022521,0.890277,0.000247,0.086463
AGGTTCTCCTTTCCGG-1,0.001263,0.001895,0.787152,0.047249,0.162441
AGGTTGAGGCACGCTT-1,0.001201,0.001803,0.311853,0.447691,0.237452
AGGTTTCACACACCTT-1,0.000373,0.00056,0.36785,0.189527,0.44169
AGTAAGGGACAGAATC-1,0.000808,0.273343,0.208711,0.223788,0.29335
AGTAATCTAAGGGTGG-1,0.000136,0.748157,0.062423,0.189216,0.000068
AGTAATGTCTTGCCGC-1,0.000234,0.000351,0.277377,0.716064,0.005974
AGTAATTTGCAAGCGT-1,0.003584,0.513368,0.47946,0.001794,0.001794
AGTACAGAAGCTTATA-1,0.001481,0.099984,0.437671,0.24732,0.213544
AGTACGGCCCGTATCG-1,0.000311,0.06448,0.934897,0.000156,0.000156
AGTACGGGCACCTGGC-1,0.000835,0.50517,0.121593,0.332786,0.039616
AGTAGAAGGCGCCTCA-1,0.000163,0.232612,0.482704,0.274637,0.009883
AGTAGGTAACATACAT-1,0.000199,0.092311,0.500608,0.35702,0.049861
AGTATAATACTAGGCA-1,0.000264,0.000396,0.999076,0.000132,0.000132
AGTATACACAGCGACA-1,0.000248,0.124719,0.648204,0.226705,0.000124
AGTATCCATAATAACG-1,0.000136,0.565415,0.350615,0.054801,0.029033
AGTATGCTGGAGACCA-1,0.000525,0.059739,0.754314,0.021774,0.163648
AGTATTTGGCACGACC-1,0.000469,0.042944,0.373171,0.462341,0.121075
AGTCAAATGATGTGAT-1,0.000042,0.936755,0.063162,0.000021,0.000021
AGTCAACACCACCATC-1,0.000456,0.000685,0.467392,0.000228,0.531238
AGTCAAGATGACACTT-1,0.000583,0.000875,0.390731,0.108894,0.498916
AGTCACTCCGCCTCAT-1,0.000241,0.40232,0.584477,0.012841,0.000121
AGTCAGCCACCGCCTG-1,0.000388,0.216702,0.403811,0.378905,0.000194
AGTCCAGCGGGTACGT-1,0.000319,0.00048,0.627571,0.315066,0.056563
AGTCGAAACGATTCAG-1,0.000539,0.145268,0.593244,0.091196,0.169752
AGTCGGCCCAAACGAC-1,0.000139,0.088987,0.568434,0.048681,0.293758
AGTCGGCTCAACTTTA-1,0.000392,0.000588,0.971257,0.000196,0.027567
AGTCGTATAAAGCAGA-1,0.000122,0.146694,0.286793,0.516556,0.049834
AGTCGTGGGCATTACG-1,0.000498,0.698482,0.231656,0.000249,0.069114
AGTCTCACAAGACTAC-1,0.000926,0.815551,0.134001,0.049059,0.000463
AGTCTGGACATCCTTG-1,0.000512,0.050357,0.737325,0.21155,0.000256
AGTCTTCTCCTCAAAT-1,0.000155,0.232617,0.22959,0.128021,0.409616
AGTCTTTAAAGTGTCC-1,0.000247,0.028982,0.444583,0.448107,0.078081
AGTGACCTACTTTACG-1,0.000225,0.000338,0.320085,0.000113,0.67924
AGTGACTGTGACACAA-1,0.000221,0.293007,0.646934,0.009901,0.049936
AGTGATAACCTGCGCG-1,0.000311,0.295878,0.305473,0.344334,0.054004
AGTGATATGAGTAGTT-1,0.000261,0.000392,0.527899,0.341873,0.129574
AGTGCGTAGCTCGTAA-1,0.000317,0.000476,0.549075,0.30148,0.148653
AGTGCTAAACACAGCA-1,0.000146,0.216353,0.125733,0.657694,0.000073
AGTGGCCCGCAAATGG-1,0.000059,0.872271,0.056078,0.070749,0.000843
AGTGGCGTCTGAAGGT-1,0.00014,0.011635,0.210396,0.385748,0.392082
AGTGGCTCCGTCGGCC-1,0.000334,0.000502,0.99883,0.000167,0.000167
AGTGGGAGTATACACG-1,0.000758,0.001138,0.91396,0.083763,0.00038
AGTGGTGTTACCCGTG-1,0.000304,0.000456,0.475261,0.386415,0.137563
AGTGGTTGCGTATAGG-1,0.000346,0.000519,0.977066,0.021897,0.000173
AGTGTGCTAAGATCGC-1,0.000316,0.000474,0.998895,0.000158,0.000158
AGTGTGGTCTATTGTG-1,0.000858,0.216706,0.543259,0.238748,0.000429
AGTTAAACACTTGCGA-1,0.00034,0.00051,0.667762,0.155062,0.176326
AGTTAAGTCAACCGCT-1,0.000675,0.332954,0.41023,0.163483,0.092658
AGTTACCCTTAAGACT-1,0.000404,0.046107,0.912939,0.000202,0.040347
AGTTACCGCACATGGT-1,0.00031,0.010614,0.988766,0.000155,0.000155
AGTTCACCGGTTGGAC-1,0.002415,0.491043,0.504124,0.001208,0.001209
AGTTCCTACAGAATTA-1,0.001255,0.001885,0.59852,0.30964,0.0887
AGTTCCTATTTATGTT-1,0.000441,0.000662,0.192147,0.235652,0.571098
AGTTCTGCGTTGTATC-1,0.000358,0.314277,0.509926,0.148823,0.026616
AGTTGACATCGGCTGG-1,0.00012,0.570708,0.332344,0.096768,0.00006
AGTTGACGGTCCTTGC-1,0.000212,0.353281,0.207807,0.403391,0.035308
AGTTGCGGTCCTCAAC-1,0.000545,0.000818,0.8789,0.000273,0.119465
AGTTGCTGACTGATAT-1,0.000848,0.197338,0.800965,0.000424,0.000424
AGTTTCGCAGGTCGGA-1,0.000287,0.000431,0.4172,0.465435,0.116648
AGTTTGCACCTGCCTC-1,0.00016,0.771445,0.038418,0.189897,0.00008
AGTTTGGCCAGACCTA-1,0.000389,0.18412,0.760413,0.054883,0.000194
ATAAACCATTGGACGG-1,0.000141,0.278442,0.339775,0.287671,0.09397
ATAAACGGACCCGTAA-1,0.000153,0.011544,0.167762,0.261063,0.559478
ATAAAGGCTCGGTCGT-1,0.000201,0.297493,0.590561,0.111644,0.0001
ATAAATATTAGCAGCT-1,0.000225,0.563837,0.354719,0.000113,0.081106
ATAACGCCGGAGGGTC-1,0.000124,0.044158,0.000125,0.000062,0.955531
ATAACGGAGTCCAACG-1,0.000644,0.093,0.460981,0.445053,0.000322
ATAAGTTACCGCGACG-1,0.000217,0.000326,0.073894,0.43087,0.494692
ATAATACCGTTAGCCG-1,0.000503,0.270355,0.601956,0.036571,0.090615
ATAATAGCTGTTGAAT-1,0.000369,0.000554,0.438898,0.269648,0.290531
ATAATAGTGTAGGGAC-1,0.000131,0.700127,0.262186,0.03749,0.000066
ATAATCTTGGAGAACC-1,0.000245,0.040582,0.380856,0.5455,0.032818
ATAATTAGCTAAGTAG-1,0.000134,0.307495,0.355327,0.286263,0.05078
ATACAGCGTCCACTGA-1,0.002077,0.380119,0.407907,0.001039,0.208858
ATACCACGGGCAACTT-1,0.000568,0.000853,0.797856,0.200438,0.000284
ATACCAGGCTAATAGA-1,0.000229,0.300219,0.501171,0.152173,0.046208
ATACCCTCCCGGCCAA-1,0.001043,0.26652,0.532745,0.000522,0.19917
ATACCCTGGCTCAAAT-1,0.000639,0.000959,0.997764,0.00032,0.00032
ATACCTAACCAAGAAA-1,0.000187,0.000281,0.065872,0.834071,0.099589
ATACGAGGTTTGTAAG-1,0.000201,0.383396,0.482506,0.090494,0.043403
ATACGCCGATCTACCG-1,0.007407,0.01112,0.974058,0.003708,0.003707
ATACGCCGGCGAAACC-1,0.000433,0.00065,0.577117,0.000217,0.421583
ATACGGAACGTCGTTT-1,0.000726,0.00109,0.610763,0.387058,0.000363
ATACGGTGAAGATGCA-1,0.00018,0.155399,0.844241,0.00009,0.00009
ATACGTTATGCACGGA-1,0.000212,0.413175,0.340175,0.203704,0.042734
ATACTAGCATGACCCT-1,0.000202,0.236186,0.455867,0.27189,0.035854
ATACTCTCGCCACTCT-1,0.000141,0.767952,0.200436,0.0314,0.000071
ATACTGCCTTACACCG-1,0.000108,0.381078,0.049525,0.504737,0.064553
ATACTTGTTCTCGAGC-1,0.000318,0.000478,0.998885,0.000159,0.000159
ATAGACGAAGAGAAAG-1,0.000208,0.202681,0.333996,0.015186,0.447929
ATAGAGTACTGGGACA-1,0.000215,0.000323,0.316054,0.226204,0.457204
ATAGCAACTAGGGAAG-1,0.000434,0.000652,0.25631,0.580271,0.162333
ATAGCCTCAGTACCCA-1,0.000599,0.015411,0.98339,0.0003,0.0003
ATAGCTGCTCTTGTTA-1,0.000334,0.302306,0.697025,0.000167,0.000167
ATAGGCGGCTATAGAA-1,0.000089,0.886536,0.113286,0.000045,0.000045
ATAGGGATATCCTTGA-1,0.000322,0.017536,0.000322,0.762644,0.219176
ATAGGTTGGGCAGATG-1,0.000514,0.34678,0.088553,0.484602,0.07955
ATAGTCTTTGACGTGC-1,0.000435,0.149665,0.424832,0.386002,0.039066
ATAGTGAAGCGTTCTC-1,0.000475,0.000713,0.251883,0.300404,0.446526
ATATAAAGCGCTCGTG-1,0.000329,0.074936,0.38267,0.270662,0.271403
ATATAACACGGGCGCA-1,0.000261,0.000392,0.032085,0.827357,0.139904
ATATAGAGTATTGGTC-1,0.001462,0.154629,0.842446,0.000732,0.000731
ATATCAATTCCAGCCT-1,0.001634,0.124614,0.872117,0.000818,0.000818
ATATCTTAGGGCCTTC-1,0.000243,0.000365,0.102659,0.723859,0.172874
ATATGGGATAGCAACT-1,0.00025,0.087576,0.539867,0.372182,0.000125
ATATGTCTAGAGCGTG-1,0.000503,0.000755,0.062288,0.640935,0.29552
ATATTATCCCGTATTT-1,0.000805,0.215154,0.768932,0.014706,0.000403
ATATTCAGTTAAACCT-1,0.000324,0.000486,0.466159,0.276141,0.25689
ATATTCCCACAGGTCA-1,0.00031,0.095909,0.449567,0.454059,0.000155
ATATTGCTGTCAAAGT-1,0.000371,0.215118,0.78414,0.000186,0.000186
ATATTTAACCCTCAAG-1,0.000403,0.000604,0.632195,0.235825,0.130973
