Barcode,Topic 1,Topic 2to3,Topic 4,Topic 5to6,Topic 7,Topic 8
AAACAAGTATCTCCCA-1,0.143983,0.087041,0.496927,0.131623,0.028026,0.112399
AAACAATCTACTAGCA-1,0.032034,0.629887,0.150598,0.042448,0.144625,0.000407
AAACACCAATAACTGC-1,0.038917,0.123768,0.000331,0.518873,0.085514,0.232596
AAACAGAGCGACTCCT-1,0.000184,0.278497,0.000184,0.000368,0.000184,0.720582
AAACAGCTTTCAGAAG-1,0.000063,0.030564,0.000063,0.351443,0.090021,0.527845
AAACAGGGTCTATATT-1,0.001906,0.146522,0.001301,0.106399,0.698255,0.045618
AAACAGTGTTCCTGGG-1,0.000281,0.000563,0.000281,0.523479,0.475114,0.000281
AAACATGGTGAGAGGA-1,0.000092,0.000183,0.024128,0.175402,0.491046,0.309149
AAACATTTCCCGGATT-1,0.014127,0.292412,0.177196,0.422805,0.072417,0.021043
AAACCACTACACAGAT-1,0.001626,0.003252,0.001626,0.990242,0.001627,0.001626
AAACCCGAACGAAATC-1,0.051951,0.366536,0.194431,0.142764,0.030742,0.213576
AAACCGGGTAGGTACC-1,0.000096,0.000191,0.000096,0.067352,0.603449,0.328817
AAACCGTTCGTCCAGG-1,0.000087,0.000174,0.000087,0.066932,0.929113,0.003607
AAACCTAAGCAGCCGG-1,0.06721,0.376358,0.074138,0.293356,0.14479,0.044148
AAACGAAGATGGAGTA-1,0.000038,0.000468,0.032328,0.19727,0.211459,0.558436
AAACGACAGTCTTGCC-1,0.00062,0.00124,0.00062,0.844296,0.00062,0.152605
AAACGCCCGAGATCGG-1,0.000476,0.149661,0.000476,0.551909,0.201106,0.096371
AAACGGGCGTACGGGT-1,0.05533,0.237553,0.085316,0.54185,0.035807,0.044144
AAACGTGTTCGCCCTA-1,0.000728,0.001456,0.000728,0.396816,0.420297,0.179975
AAACTAACGTGGCGAC-1,0.000509,0.728745,0.000509,0.251946,0.017782,0.000509
AAACTCGGTTCGCAAT-1,0.000278,0.000557,0.000278,0.932439,0.000278,0.06617
AAACTCGTGATATAAG-1,0.002912,0.005825,0.002912,0.250013,0.735425,0.002913
AAACTGCTGGCTCCAA-1,0.13238,0.355691,0.000082,0.114015,0.385525,0.012306
AAACTTAATTGCACGC-1,0.000673,0.28943,0.000673,0.001346,0.648482,0.059395
AAACTTGCAAACGTAT-1,0.000047,0.000095,0.000047,0.010012,0.861827,0.127971
AAAGAATGACCTTAGA-1,0.005124,0.081905,0.03803,0.269158,0.568518,0.037265
AAAGACATGAAGTTTA-1,0.00012,0.578034,0.043137,0.105051,0.148415,0.125243
AAAGACCCAAGTCGCG-1,0.002665,0.606643,0.002665,0.005328,0.318339,0.06436
AAAGACTGGGCGCTTT-1,0.000105,0.464405,0.032882,0.099054,0.351572,0.051982
AAAGCTTGCCTACATA-1,0.000707,0.001415,0.000707,0.21949,0.000707,0.776973
AAAGGCCCTATAATAC-1,0.000707,0.100711,0.000708,0.39619,0.500976,0.000708
AAAGGCTCTCGCGCCG-1,0.000233,0.370721,0.000233,0.138898,0.427805,0.06211
AAAGGGATGTAGCAAG-1,0.000182,0.048686,0.000182,0.18607,0.713051,0.051829
AAAGGGCAGCTTGAAT-1,0.442175,0.011441,0.263412,0.108513,0.174402,0.000056
AAAGGTAAGCTGTACC-1,0.00117,0.788861,0.00117,0.002341,0.205287,0.00117
AAAGGTCAACGACATG-1,0.045227,0.954431,0.000068,0.000137,0.000068,0.000068
AAAGTAGCATTGCTCA-1,0.000112,0.000224,0.000112,0.059238,0.861201,0.079112
AAAGTCACTGATGTAA-1,0.003913,0.007826,0.003913,0.97652,0.003914,0.003915
AAAGTGTGATTTATCT-1,0.000868,0.13585,0.430151,0.325462,0.09058,0.01709
AAAGTTGACTCCCGTA-1,0.000285,0.000571,0.000285,0.867173,0.000285,0.131401
AAATAACCATACGGGA-1,0.000192,0.000384,0.000192,0.001438,0.554159,0.443635
AAATACCTATAAGCAT-1,0.07051,0.088734,0.010736,0.217153,0.434528,0.178338
AAATAGGGTGCTATTG-1,0.136656,0.260349,0.211765,0.000793,0.066312,0.324125
AAATCACTCCTAAACG-1,0.092923,0.568095,0.000367,0.132593,0.108233,0.097789
AAATCCGATACACGCC-1,0.089904,0.244069,0.081881,0.483533,0.09249,0.008122
AAATCGCGGAAGGAGT-1,0.000042,0.083319,0.007078,0.093496,0.541117,0.274948
AAATCGTGTACCACAA-1,0.000097,0.000195,0.000097,0.065151,0.375409,0.55905
AAATCTAGCCCTGCTA-1,0.228759,0.551495,0.085189,0.131945,0.002586,0.000026
AAATCTGCCCGCGTCC-1,0.000162,0.172068,0.000162,0.104481,0.272481,0.450645
AAATGATTCGATCAGC-1,0.000572,0.559277,0.000572,0.01589,0.021467,0.402223
AAATGCTCGTTACGTT-1,0.187995,0.161465,0.26886,0.176783,0.172339,0.032557
AAATGGCATGTCTTGT-1,0.002556,0.388259,0.002556,0.601518,0.002556,0.002556
AAATGGCCCGTGCCCT-1,0.000072,0.000143,0.000072,0.128697,0.78905,0.081966
AAATGTGGGTGCTCCT-1,0.001376,0.567741,0.001376,0.05821,0.333408,0.037888
AAATTACACGACTCTG-1,0.024185,0.000416,0.000208,0.136597,0.683942,0.154652
AAATTCCAGGTCCAAA-1,0.004473,0.056254,0.008369,0.000099,0.00005,0.930755
AAATTGATAGTCCTTT-1,0.000151,0.000301,0.000151,0.000301,0.727552,0.271544
AAATTGGTGAGAAGCA-1,0.000629,0.001259,0.046304,0.908102,0.043077,0.000629
AAATTTACCGAAATCC-1,0.001957,0.003914,0.001957,0.168637,0.821579,0.001957
AAATTTGCGGGTGTGG-1,0.000087,0.000173,0.000087,0.000173,0.950732,0.048748
AACAATACATTGTCGA-1,0.00011,0.072462,0.045167,0.350413,0.356735,0.175114
AACAATTACTCTACGC-1,0.000126,0.317484,0.006273,0.298962,0.314261,0.062894
AACACACGCTCGCCGC-1,0.346335,0.114805,0.273122,0.211207,0.053904,0.000627
AACACGACTGTACTGA-1,0.341808,0.193999,0.001648,0.003295,0.457602,0.001648
AACACGAGACGCGGCC-1,0.000038,0.04874,0.000038,0.05382,0.61055,0.286815
AACACGCGGCCGCGAA-1,0.000203,0.315239,0.073274,0.574341,0.000203,0.036739
AACAGCTGTGTGGCAA-1,0.000114,0.247232,0.000114,0.068112,0.638798,0.045632
AACAGGAAATCGAATA-1,0.002722,0.472658,0.51373,0.005445,0.002723,0.002722
AACAGGTAGTATGGAT-1,0.653263,0.076026,0.14471,0.098646,0.027333,0.000022
AACATATCAACTGGTG-1,0.001149,0.542044,0.001149,0.002298,0.001149,0.452212
AACATCGATACGTCTA-1,0.026152,0.459932,0.022978,0.131076,0.359681,0.000181
AACATTGAAGTTGATC-1,0.000283,0.431975,0.124031,0.233147,0.000283,0.210282
AACCAGTATCACTCTT-1,0.24712,0.751848,0.000206,0.000413,0.000206,0.000206
AACCATAGGGTTGAAC-1,0.000357,0.09729,0.000357,0.656828,0.244812,0.000357
AACCATGGGATCGCTA-1,0.156746,0.123144,0.424792,0.118348,0.126071,0.050899
AACCCAGAGACGGAGA-1,0.019447,0.244505,0.346938,0.183896,0.205094,0.00012
AACCCATCCCATGATC-1,0.000223,0.177722,0.010812,0.17374,0.637281,0.000223
AACCCGACAACCCGTG-1,0.000935,0.001869,0.000935,0.494254,0.000935,0.501073
AACCCGATAGGGCTTC-1,0.000614,0.485826,0.000614,0.177193,0.000614,0.33514
AACCGAGCTTGGTCAT-1,0.041569,0.550398,0.007509,0.026154,0.098065,0.276305
AACCGCTAAGGGATGC-1,0.000123,0.055696,0.293981,0.517776,0.098453,0.03397
AACCGTTGTGTTTGCT-1,0.298914,0.008348,0.278441,0.008348,0.004174,0.401774
AACCTCGCTTTAGCCC-1,0.194997,0.087256,0.00042,0.702485,0.014422,0.00042
AACCTGTCACGGAATT-1,0.000673,0.001346,0.000673,0.339109,0.000673,0.657525
AACCTTTAAATACGGT-1,0.003383,0.303723,0.120217,0.16642,0.36991,0.036346
AACCTTTACGACGTCT-1,0.000297,0.000594,0.000297,0.250428,0.748089,0.000297
AACGAAAGTCGTCCCA-1,0.000283,0.227592,0.217994,0.128719,0.206421,0.218991
AACGATAATGCCGTAG-1,0.049141,0.160373,0.016663,0.417996,0.330696,0.025131
AACGATAGAAGGGCCG-1,0.184228,0.002505,0.001252,0.331688,0.195993,0.284333
AACGATATGTCAACTG-1,0.052029,0.007111,0.007396,0.035134,0.099628,0.798701
AACGCATGATCTGGGT-1,0.000819,0.001637,0.000818,0.306355,0.190656,0.499716
AACGCGGTCTCCAGCC-1,0.035332,0.000284,0.015485,0.400098,0.346267,0.202535
AACGCTGTTGCTGAAA-1,0.03912,0.327071,0.018471,0.472022,0.090883,0.052432
AACGGACGTACGTATA-1,0.097266,0.173146,0.366914,0.260379,0.098945,0.003349
AACGGCCATCTCCGGT-1,0.000082,0.000164,0.000082,0.000164,0.848192,0.151317
AACGTACTGTGGGTAC-1,0.000099,0.000199,0.000099,0.000199,0.990323,0.009081
AACGTAGTCTACCCAT-1,0.000549,0.122025,0.000549,0.875778,0.000549,0.000549
AACGTCAGACTAGTGG-1,0.000151,0.000302,0.240996,0.318938,0.213081,0.226532
AACGTGATGAAGGACA-1,0.00729,0.279411,0.000158,0.461439,0.117475,0.134227
AACGTGCGAAAGTCTC-1,0.000175,0.000351,0.000175,0.188505,0.500271,0.310522
AACGTTATCAGCACCT-1,0.572932,0.072949,0.240115,0.029732,0.084259,0.000013
AACTACCCGTTTGTCA-1,0.587965,0.113042,0.164925,0.04833,0.000036,0.085702
AACTAGCGTATCGCAC-1,0.00107,0.646924,0.00107,0.348794,0.00107,0.001071
AACTAGGCTTGGGTGT-1,0.140555,0.001265,0.000632,0.635768,0.221147,0.000633
AACTCCAGAGCGTGTT-1,0.036208,0.244192,0.19009,0.392719,0.104541,0.032249
AACTCCTAATCCCATG-1,0.004637,0.746654,0.004637,0.009276,0.230158,0.004638
AACTCTCAGTGTGCTC-1,0.000105,0.00021,0.000105,0.00021,0.727775,0.271593
AACTGAGGTCAGCGTC-1,0.010974,0.986618,0.000482,0.000963,0.000482,0.000482
AACTGATATTAGGCCT-1,0.000346,0.000692,0.386081,0.000692,0.546145,0.066044
AACTGGGTCCCGACGT-1,0.052988,0.060972,0.015494,0.069926,0.555422,0.245197
AACTGGGTTCGAGCCG-1,0.000108,0.734354,0.005186,0.123564,0.136681,0.000108
AACTGGTGTGGGCCTT-1,0.002556,0.63273,0.002555,0.005112,0.354491,0.002555
AACTTCTGCGTCTATC-1,0.573743,0.171714,0.145894,0.06682,0.041807,0.000023
AACTTGCCCGTATGCA-1,0.062521,0.063937,0.00031,0.790337,0.002454,0.08044
AACTTGCGTTCTCGCG-1,0.221568,0.109138,0.15021,0.416863,0.102107,0.000114
AACTTTAGCTGCTGAG-1,0.001181,0.128353,0.001181,0.866922,0.001181,0.001181
AACTTTCTCGATCATG-1,0.001692,0.394843,0.001692,0.003385,0.001692,0.596696
AAGAAAGTTTGATGGG-1,0.042395,0.181539,0.012652,0.313281,0.338941,0.111191
AAGAAATCACCAGATT-1,0.000288,0.998273,0.000288,0.000576,0.000288,0.000288
AAGAAGGATCAGTTAG-1,0.270106,0.07675,0.002038,0.587254,0.002113,0.061738
AAGACCAAATAACTCA-1,0.007717,0.471429,0.0207,0.160305,0.326984,0.012866
AAGACTCACGCCCACT-1,0.000107,0.226133,0.056602,0.141922,0.013582,0.561653
AAGACTGCAAGCTACT-1,0.000305,0.000611,0.03322,0.387951,0.415832,0.162081
AAGAGATGAATCGGTA-1,0.000113,0.288919,0.210722,0.177685,0.009645,0.312917
AAGAGGATGTACGCGA-1,0.089545,0.000829,0.000415,0.714574,0.043124,0.151513
AAGAGGCATGGATCGC-1,0.00068,0.001361,0.00068,0.815239,0.000681,0.181359
AAGATGGCACCGGACC-1,0.000115,0.010547,0.082479,0.203854,0.695244,0.007761
AAGCACCCTGCGTATC-1,0.001927,0.169142,0.001927,0.621035,0.001927,0.204043
AAGCATACTCTCCTGA-1,0.000068,0.287618,0.102435,0.264522,0.202923,0.142434
AAGCCACTTGCAGGTA-1,0.000157,0.282343,0.000157,0.560416,0.15677,0.000157
AAGCCGAAGCGGTTTA-1,0.825508,0.099879,0.061701,0.005216,0.000009,0.007686
AAGCCGCCGTGAAATC-1,0.028875,0.023952,0.053508,0.619896,0.273532,0.000237
AAGCCGCTTTACCTTG-1,0.001869,0.327838,0.001869,0.664685,0.001869,0.001869
AAGCGCAGGGCTTTGA-1,0.000384,0.244671,0.000384,0.690353,0.000384,0.063823
AAGCGGAGTGCGCGCA-1,0.000724,0.091064,0.000724,0.557354,0.262516,0.087619
AAGCGGCGTCATGGGT-1,0.003914,0.007826,0.003913,0.007827,0.972604,0.003916
AAGCGTCCCTCATCGA-1,0.000182,0.000364,0.000182,0.000364,0.998726,0.000182
AAGCTAGATCGAGTAA-1,0.076362,0.030933,0.034902,0.250825,0.606869,0.000109
AAGCTATGGATTGACC-1,0.109214,0.441973,0.035858,0.220134,0.11852,0.074301
AAGCTCTTTCATGGTG-1,0.001216,0.455869,0.001216,0.423746,0.001216,0.116738
AAGGAGAACTTATAAG-1,0.000198,0.045956,0.000198,0.951646,0.000198,0.001806
AAGGAGCGGTTGGTGC-1,0.187041,0.001595,0.000798,0.385528,0.34135,0.083689
AAGGATCGATCGCTTG-1,0.000087,0.210646,0.156114,0.382759,0.049116,0.201278
AAGGCAGGCTGTCTCC-1,0.000105,0.23399,0.163021,0.308645,0.153006,0.141233
AAGGCGCGTAAAGCTT-1,0.000139,0.008149,0.199407,0.541299,0.184162,0.066843
AAGGGAACGACTGGCT-1,0.000716,0.571517,0.000716,0.001431,0.424905,0.000716
AAGGGACTATGCATTC-1,0.015542,0.79073,0.009432,0.134161,0.050062,0.000072
AAGGGTTTGATTTCAG-1,0.338138,0.288248,0.000181,0.000362,0.333435,0.039636
AAGGTATCCTAATATA-1,0.029325,0.187214,0.011334,0.044538,0.284855,0.442733
AAGGTGATAAACCAGC-1,0.016698,0.197862,0.139085,0.451507,0.129584,0.065263
AAGTAAGCTTCCAAAC-1,0.00012,0.435042,0.19955,0.215102,0.147719,0.002466
AAGTAGAAGACCGGGT-1,0.018504,0.039986,0.563641,0.16057,0.129534,0.087765
AAGTCAATTGTCGTCA-1,0.037467,0.740899,0.071178,0.012168,0.000051,0.138236
AAGTCTAGTAGCTGCC-1,0.163199,0.52816,0.000696,0.001391,0.000696,0.305859
AAGTGACGACCGAATT-1,0.000064,0.000128,0.021991,0.019939,0.183334,0.774543
AAGTGAGTCGGGTTTA-1,0.173292,0.110673,0.077095,0.023272,0.473552,0.142116
AAGTGCAAAGGTAGAC-1,0.000213,0.21225,0.05585,0.290184,0.346895,0.094608
AAGTGCCTTGACTGTA-1,0.000068,0.267882,0.39434,0.160946,0.073046,0.103719
AAGTGCGTTAGAATCT-1,0.000101,0.000203,0.000101,0.000203,0.99929,0.000101
AAGTGCTTCTCTATTG-1,0.025661,0.583383,0.000135,0.247613,0.105457,0.037752
AAGTGTTTGGAGACGG-1,0.003149,0.344407,0.157461,0.294629,0.192116,0.008238
AAGTTCACTCCAAGCT-1,0.000526,0.624189,0.000526,0.131275,0.187381,0.056102
AAGTTCAGTCTGCGTA-1,0.002913,0.005825,0.002912,0.828042,0.002913,0.157395
AAGTTCGGCCAACAGG-1,0.000085,0.000171,0.000085,0.106075,0.682069,0.211515
AAGTTTATGGGCCCAA-1,0.000394,0.089907,0.000394,0.704718,0.075017,0.129571
AATAACACTAGAACAA-1,0.015929,0.619395,0.001129,0.036798,0.326717,0.000032
AATAATCTTCGTATCG-1,0.156046,0.31655,0.300741,0.185705,0.031587,0.00937
AATACAATGTTTCAGG-1,0.19268,0.291613,0.266205,0.006272,0.206074,0.037156
AATACCGGAGGGCTGT-1,0.021017,0.081164,0.000233,0.596546,0.147767,0.153273
AATAGAACAGAGTGGC-1,0.000131,0.000262,0.010165,0.154729,0.80057,0.034143
AATAGAATCTGTTTCA-1,0.047406,0.552388,0.101695,0.084326,0.076133,0.138052
AATAGCAAGCCTCCTG-1,0.001026,0.293271,0.001026,0.524637,0.001026,0.179013
AATAGCTACCGCGTGC-1,0.002276,0.004553,0.002277,0.760047,0.228569,0.002277
AATAGGCACGACCCTT-1,0.107797,0.170779,0.049696,0.604652,0.066582,0.000494
AATAGTCCGTCCCGAC-1,0.00021,0.232405,0.075041,0.254033,0.297852,0.14046
AATAGTCGCGAGTCGG-1,0.000072,0.038562,0.407537,0.208038,0.151176,0.194615
AATATCAAGGTCGGAT-1,0.000344,0.404469,0.074908,0.43909,0.080846,0.000344
AATATCCTAGCAAACT-1,0.000038,0.121562,0.000038,0.169584,0.547376,0.161402
AATATCGAATCAATGC-1,0.554722,0.410196,0.023215,0.008408,0.000016,0.003442
AATATCGAGGGTTCTC-1,0.001627,0.003253,0.001626,0.857339,0.134529,0.001626
AATCAGGTTTCATTTA-1,0.000549,0.218387,0.621408,0.158557,0.000549,0.000549
AATCATGTAAAGACTC-1,0.013522,0.310971,0.141819,0.458675,0.035226,0.039788
AATCCAAGGGCCTGAG-1,0.003054,0.513666,0.003054,0.006109,0.471062,0.003055
AATCGCCTCAGCGCCA-1,0.000196,0.024166,0.198423,0.272483,0.308298,0.196435
AATCGCGCAGAGGACT-1,0.00008,0.517843,0.010836,0.14171,0.00008,0.329451
AATCGGGACACTACGA-1,0.003794,0.482664,0.003794,0.502161,0.003793,0.003794
AATCGTGAGCCGAGCA-1,0.012286,0.322608,0.101409,0.420343,0.109762,0.033592
AATCTAGGTTTACTTG-1,0.0001,0.000201,0.0001,0.219246,0.780252,0.0001
AATCTATGCCGGAGCC-1,0.000888,0.001776,0.000888,0.389219,0.541341,0.065887
AATCTGGCTTTCTAGT-1,0.037338,0.178811,0.022578,0.066864,0.647468,0.046942
AATCTGGGTAGACCCT-1,0.000824,0.495598,0.000824,0.001648,0.000824,0.500282
AATGACAGCAATGTCT-1,0.025229,0.659193,0.000039,0.029404,0.286096,0.000039
AATGACGTAGGATGTC-1,0.000259,0.210877,0.039968,0.412466,0.336171,0.000259
AATGACTGTCAGCCGG-1,0.016007,0.281332,0.102957,0.377458,0.196088,0.026157
AATGAGTTCGCATATG-1,0.236261,0.137763,0.158132,0.252526,0.201342,0.013976
AATGATGATACGCTAT-1,0.219067,0.000835,0.000417,0.000835,0.000417,0.778428
AATGATGCGACTCCTG-1,0.000934,0.167896,0.220655,0.001869,0.53052,0.078126
AATGCAACCGGGTACC-1,0.000724,0.218596,0.01539,0.609418,0.155148,0.000724
AATGCACCAAGCAATG-1,0.00019,0.111928,0.00019,0.120856,0.621709,0.145127
AATGGCCGCCAATGCG-1,0.001181,0.992913,0.001181,0.002362,0.001181,0.001181
AATGGTCCACCGTTCA-1,0.000072,0.417761,0.031784,0.440713,0.056202,0.053469
AATGGTTCTCACAAGC-1,0.018187,0.022705,0.756933,0.026811,0.166174,0.009189
AATGTATGGCACTGTA-1,0.084617,0.560102,0.003245,0.031881,0.320107,0.000048
AATGTGCCCGAGGTGT-1,0.000204,0.000407,0.000204,0.000407,0.998575,0.000204
AATGTGCTAATCTGAG-1,0.063861,0.051625,0.000405,0.567675,0.316029,0.000405
AATTAAAGGTCGGCGT-1,0.041679,0.164337,0.009936,0.035533,0.612757,0.135757
AATTAACGGATTTCCA-1,0.001815,0.462185,0.078927,0.453443,0.001815,0.001815
AATTACGAGACCCATC-1,0.000099,0.000199,0.000099,0.135892,0.40946,0.45425
AATTAGCGCTGCAGCG-1,0.000112,0.3163,0.001488,0.25637,0.366428,0.059302
AATTCATAAGGGATCT-1,0.000681,0.299696,0.000681,0.228903,0.128804,0.341236
AATTCATTGTCATGCA-1,0.000049,0.492251,0.006461,0.215754,0.267044,0.018441
AATTCGATTCGAGGAT-1,0.031387,0.410215,0.038606,0.165863,0.182005,0.171924
AATTCTAGAGTTAGGC-1,0.000189,0.191386,0.000189,0.223037,0.585012,0.000189
AATTGAACGCTCTGGT-1,0.075142,0.916778,0.005215,0.002755,0.000055,0.000055
AATTGCAGCAATCGAC-1,0.0133,0.066064,0.000142,0.92021,0.000142,0.000142
AATTGCGTGGATTACA-1,0.000075,0.023407,0.000078,0.389306,0.308582,0.278553
AATTTGGGACATAGTA-1,0.005965,0.340725,0.005965,0.011926,0.629456,0.005964
AATTTGGTTCCAAAGA-1,0.000223,0.11965,0.000223,0.702247,0.177435,0.000223
ACAAACCATGCGTCCT-1,0.000072,0.054797,0.106861,0.361217,0.012685,0.464368
ACAAACTCCATCAGAG-1,0.034099,0.383088,0.125288,0.232698,0.158373,0.066454
ACAAAGAAGGTAGGCC-1,0.014464,0.435074,0.00485,0.161377,0.293967,0.090268
ACAAAGCATGACCTAG-1,0.08323,0.198799,0.175381,0.432484,0.085201,0.024905
ACAAATCGCACCGAAT-1,0.009708,0.030475,0.662383,0.161598,0.070779,0.065057
ACAAATGGTAGTGTTT-1,0.000354,0.026128,0.000354,0.972457,0.000354,0.000354
ACAAATTCAGATCTGA-1,0.114209,0.420948,0.412426,0.00202,0.00101,0.049387
ACAACGGTCCCTGCGA-1,0.002985,0.034131,0.323632,0.338039,0.064431,0.23678
ACAAGGAAATCCGCCC-1,0.000086,0.139241,0.016042,0.555741,0.283044,0.005846
ACAAGGATGCTTTAGG-1,0.017049,0.390705,0.014518,0.446085,0.082904,0.048738
ACAAGGCCTACCAGCC-1,0.000588,0.197804,0.000588,0.251976,0.000588,0.548457
ACAAGGGCAGGCTCTG-1,0.219785,0.705318,0.025814,0.049011,0.000036,0.000036
ACAAGTAATTGTAAGG-1,0.041341,0.309729,0.069521,0.319015,0.242607,0.017786
ACAATAGTCGTACGTT-1,0.000063,0.000127,0.000063,0.000128,0.823394,0.176225
ACAATGAATACGGAGA-1,0.000148,0.000296,0.000148,0.101584,0.806172,0.091652
ACAATGATTCTTCTAC-1,0.094758,0.143645,0.212929,0.278452,0.172031,0.098185
ACAATTGTGTCTCTTT-1,0.794086,0.09106,0.062356,0.035444,0.015567,0.001487
ACAATTTGGCCATATT-1,0.001628,0.251361,0.146721,0.000132,0.000066,0.600091
ACACAAAGACGGGTGG-1,0.001456,0.259162,0.001456,0.002912,0.4134,0.321613
ACACAAATATTCCTAG-1,0.000524,0.363143,0.000524,0.139751,0.495534,0.000524
ACACACCAGGACCAGT-1,0.000108,0.419983,0.061144,0.304385,0.035408,0.178971
ACACACTTTCTACACG-1,0.001815,0.130822,0.001815,0.372753,0.321973,0.170822
ACACATGATCAAATCT-1,0.000636,0.001271,0.117852,0.529618,0.258319,0.092304
ACACCCAGCATGCAGC-1,0.000261,0.000523,0.204587,0.449472,0.344895,0.000261
ACACCCGAGAAATCCG-1,0.65564,0.06207,0.128801,0.064478,0.088986,0.000024
ACACCCGTAAATCTGT-1,0.000798,0.001595,0.214276,0.781736,0.000798,0.000798
ACACCGGTCTGACCGC-1,0.000197,0.127803,0.000197,0.202663,0.628255,0.040885
ACACCTTAAGTAGGGC-1,0.000139,0.110839,0.110389,0.518329,0.175014,0.08529
ACACCTTACTACTTGC-1,0.000077,0.532515,0.100773,0.218007,0.038867,0.10976
ACACGGGAACTTAGGG-1,0.00033,0.08812,0.00033,0.000659,0.580016,0.330546
ACACTCCAATGTCACT-1,0.329186,0.098704,0.35083,0.133392,0.082466,0.005421
ACACTGATCAAGGTGT-1,0.000098,0.125062,0.000098,0.035016,0.528923,0.310802
ACAGAACTGAGAACAA-1,0.028064,0.203218,0.014977,0.189391,0.097955,0.466396
ACAGATTAGGTTAGTG-1,0.002087,0.341271,0.002087,0.533515,0.118952,0.002087
ACAGCATAGAGCCAGT-1,0.005448,0.010889,0.005447,0.010891,0.303075,0.664251
ACAGCGACATTCTCAT-1,0.093577,0.19289,0.15635,0.424136,0.089971,0.043076
ACAGCGCACCCGCAGC-1,0.000346,0.212571,0.000346,0.536094,0.000346,0.250297
ACAGGCACGGATCCTT-1,0.000188,0.000376,0.000188,0.998872,0.000188,0.000188
ACAGGCTTGCCCGACT-1,0.086742,0.324373,0.053989,0.41382,0.121008,0.000067
ACAGGTGGAGGTGAGG-1,0.133519,0.000092,0.009861,0.019552,0.774812,0.062164
ACAGTAATACAACTTG-1,0.00004,0.084027,0.002113,0.130984,0.659664,0.123171
ACAGTATACCGTGGGA-1,0.000291,0.418065,0.000291,0.462145,0.118918,0.000291
ACAGTGCAGCGCATTT-1,0.000391,0.073519,0.64484,0.120481,0.06952,0.091249
ACATAAGTCGTGGTGA-1,0.114426,0.200584,0.000564,0.363154,0.000564,0.320708
ACATAATAAGGCGGTG-1,0.000134,0.166294,0.000134,0.044858,0.221931,0.566649
ACATCAGCTGGGACGC-1,0.001332,0.002664,0.001332,0.91316,0.08018,0.001332
ACATCCCGGCCATACG-1,0.000466,0.581352,0.000466,0.000931,0.41632,0.000466
ACATCCTGGTAACTGT-1,0.000429,0.92585,0.000111,0.000222,0.000111,0.073276
ACATCGATCGTTTACC-1,0.000155,0.000309,0.083165,0.31661,0.530657,0.069104
ACATCGCAATATTCGG-1,0.018735,0.29055,0.213696,0.238641,0.117913,0.120465
ACATCGTATGCAATGG-1,0.05179,0.883659,0.000067,0.005561,0.000067,0.058855
ACATGCTTACGGCAGC-1,0.076425,0.133033,0.077634,0.33963,0.352571,0.020707
ACATGGCGCCAAAGTA-1,0.000136,0.112156,0.128732,0.41962,0.249101,0.090256
ACATTAGTTTATATCC-1,0.000221,0.31678,0.017441,0.139286,0.526051,0.000221
ACATTCGCGCGGAATA-1,0.000159,0.571676,0.000159,0.38443,0.043417,0.000159
ACCAAACACCCAGCGA-1,0.00025,0.086308,0.00025,0.683622,0.096763,0.132807
ACCAACACCACACACT-1,0.125593,0.002432,0.001216,0.868328,0.001216,0.001216
ACCAACCGCACTCCAC-1,0.070969,0.168254,0.0669,0.525413,0.053266,0.115199
ACCAACGCTTATTTAT-1,0.027331,0.19747,0.032311,0.023156,0.650408,0.069324
ACCAAGAACGCGTGTC-1,0.000198,0.000396,0.135776,0.697044,0.166389,0.000198
ACCAATATGCAAGTTA-1,0.204426,0.003683,0.001841,0.651851,0.001842,0.136356
ACCACAAGTTTCTATC-1,0.000352,0.22814,0.000352,0.23249,0.443738,0.094929
ACCACCAATGTAACAA-1,0.046,0.328845,0.256546,0.247427,0.066462,0.05472
ACCACCCTCTCTTCTA-1,0.000858,0.001716,0.000858,0.339518,0.161989,0.495062
ACCACGTGCAGCTATA-1,0.000141,0.202561,0.109823,0.293461,0.367154,0.02686
ACCAGGAGTGTGATCT-1,0.151019,0.075652,0.000403,0.472054,0.300469,0.000403
ACCAGTGCCCGGTCAA-1,0.001585,0.003171,0.170935,0.804767,0.017957,0.001585
ACCAGTGCGGGAGACG-1,0.205541,0.054088,0.481949,0.22327,0.031942,0.00321
ACCATATCCGCAATAA-1,0.000096,0.31984,0.064986,0.184072,0.103803,0.327203
ACCATCCGCCAACTAG-1,0.000062,0.000124,0.000062,0.000124,0.911744,0.087885
ACCATCGTATATGGTA-1,0.000202,0.000404,0.000202,0.066422,0.374034,0.558736
ACCCACCTACATGCTC-1,0.094421,0.044706,0.486899,0.10969,0.175056,0.089227
ACCCATTTGTCCCTCT-1,0.061384,0.36846,0.051949,0.422146,0.085694,0.010367
ACCCGAGCGAAATTAC-1,0.00018,0.000359,0.010482,0.385355,0.554445,0.04918
ACCCGATTGGTTCCGA-1,0.031257,0.615488,0.000265,0.110062,0.242663,0.000265
ACCCGGAAACTCCCAG-1,0.001491,0.257911,0.001491,0.627198,0.110418,0.001491
ACCCGGTTACACTTCC-1,0.000102,0.005115,0.091897,0.074698,0.242038,0.58615
ACCCGTAGCAGAGAAT-1,0.058737,0.087753,0.083596,0.202258,0.425237,0.142419
ACCCTATGCCATATCG-1,0.055754,0.068191,0.000158,0.039946,0.550605,0.285345
ACCCTCCCTTGCTATT-1,0.010698,0.333319,0.12349,0.203282,0.259642,0.06957
ACCCTGGTAACGCCCT-1,0.063965,0.590194,0.000278,0.322644,0.000278,0.022641
ACCCTTCATCTGCGAA-1,0.608659,0.006262,0.003131,0.006262,0.003131,0.372556
ACCCTTGCCTGGGTCG-1,0.000323,0.631536,0.000323,0.13719,0.153487,0.077142
ACCGAAAGGGCCCTGC-1,0.003577,0.007156,0.974958,0.007155,0.003577,0.003577
ACCGAAGAGTCTGGTT-1,0.000147,0.489003,0.109144,0.150829,0.244544,0.006333
ACCGACACATCTCCCA-1,0.001278,0.756528,0.001278,0.002556,0.001278,0.237083
ACCGACTGAGTCCCAC-1,0.000215,0.000431,0.000216,0.000431,0.19592,0.802787
ACCGAGTCTCCTTATT-1,0.00024,0.375482,0.308864,0.039598,0.24766,0.028156
ACCGATATTTAATCAT-1,0.201007,0.601675,0.171097,0.026174,0.000023,0.000023
ACCGCAATAACTGCCT-1,0.007836,0.067921,0.390969,0.446231,0.042041,0.045002
ACCGCGGTGGAAGTCG-1,0.064705,0.062201,0.350487,0.186722,0.031036,0.304849
ACCGCTAGTCATTGGT-1,0.117486,0.281766,0.000182,0.478994,0.039932,0.081641
ACCGGGCCTTTGTTGA-1,0.177541,0.009192,0.079149,0.671014,0.059246,0.003857
ACCGGTCAGGTACACC-1,0.000526,0.101629,0.000526,0.310833,0.585959,0.000526
ACCGGTCTGAGTACGG-1,0.001099,0.002197,0.001098,0.701562,0.001099,0.292946
ACCGTCCACTGGGCCC-1,0.006179,0.015741,0.004379,0.304557,0.554189,0.114954
ACCGTGACCACGTGGG-1,0.000181,0.000361,0.000181,0.337069,0.529654,0.132555
ACCTAAGTACCTTTCA-1,0.00012,0.000241,0.00012,0.000241,0.999157,0.00012
ACCTACAGTATGTGGT-1,0.051275,0.412477,0.089016,0.229552,0.106588,0.111091
ACCTCCGCCCTCGCTG-1,0.228343,0.117095,0.091596,0.418426,0.12554,0.019
ACCTCCGTTATTCACC-1,0.400884,0.000592,0.000296,0.325991,0.053261,0.218975
ACCTCGAACTTATGCT-1,0.039849,0.140018,0.000129,0.369047,0.066959,0.383998
ACCTGCGTGTCATGTT-1,0.000057,0.019703,0.000057,0.031533,0.860577,0.088073
ACGACTGGTCATACTC-1,0.000239,0.000477,0.036088,0.451921,0.492447,0.018829
ACGAGAACCCATCACG-1,0.07215,0.115968,0.161384,0.588498,0.037725,0.024274
ACGAGATATTTGCTTA-1,0.000526,0.001052,0.000526,0.951944,0.000526,0.045425
ACGAGGATACCACTCT-1,0.000105,0.087779,0.018935,0.286247,0.606829,0.000105
ACGAGGTTTACAACGT-1,0.341361,0.37448,0.000065,0.175883,0.108146,0.000065
ACGAGTACGGATGCCC-1,0.001304,0.002609,0.001304,0.405111,0.267447,0.322225
ACGATACATAGAACTA-1,0.002754,0.892223,0.00014,0.023734,0.018619,0.062531
ACGATCATACATAGAG-1,0.0002,0.513745,0.118473,0.048688,0.318695,0.0002
ACGATGGATCCGATGC-1,0.000268,0.000535,0.000268,0.904138,0.031613,0.063179
ACGCAAACTAATAGAT-1,0.000166,0.198683,0.000166,0.39871,0.247818,0.154456
ACGCAATCACTACAGC-1,0.10565,0.67468,0.000994,0.001988,0.000994,0.215695
ACGCATAAATGACATG-1,0.000623,0.244754,0.028631,0.001246,0.724123,0.000623
ACGCATACGTTTACTA-1,0.019925,0.288436,0.165838,0.42387,0.06126,0.040671
ACGCCAGATGATTTCT-1,0.00015,0.002712,0.00015,0.147766,0.849071,0.00015
ACGCCGCTAGACGACC-1,0.029445,0.704897,0.058857,0.036186,0.170547,0.000069
ACGCGAAGTCAGACGA-1,0.059491,0.184493,0.065928,0.021305,0.668644,0.000139
ACGCGCTACACAGGGT-1,0.043224,0.418381,0.009328,0.035029,0.001336,0.492702
ACGCTAGTATCAGTGC-1,0.001089,0.441173,0.001089,0.018386,0.001089,0.537174
ACGGAATTTAGCAAAT-1,0.000357,0.35534,0.021669,0.525432,0.096845,0.000357
ACGGACGCAGCGACAA-1,0.061163,0.235988,0.096394,0.351171,0.185154,0.07013
ACGGACTCTCAAAGCG-1,0.000626,0.333779,0.000626,0.198434,0.309949,0.156586
ACGGAGCGCAAATTAC-1,0.003477,0.006957,0.003478,0.006958,0.975651,0.003478
ACGGATGGTGCGGATA-1,0.001815,0.003752,0.001815,0.988988,0.001815,0.001815
ACGGCACTTGCTTGGG-1,0.000175,0.409931,0.000175,0.024581,0.372172,0.192966
ACGGCCAACATGGACT-1,0.000121,0.178823,0.012728,0.374071,0.309338,0.12492
ACGGCGACGATGGGAA-1,0.192479,0.420118,0.028346,0.317047,0.041856,0.000154
ACGGCGGGTTGCCCTG-1,0.000681,0.476868,0.000681,0.40574,0.000681,0.11535
ACGGCTGGATGTAGAA-1,0.261239,0.677368,0.025016,0.029373,0.000087,0.006917
ACGGGAGTGTCGGCCC-1,0.043641,0.080099,0.000073,0.015745,0.86037,0.000073
ACGGGCGTATGCGACA-1,0.00117,0.002341,0.203008,0.078466,0.577238,0.137777
ACGGGTCATGTGACTT-1,0.019649,0.09821,0.359707,0.379503,0.142876,0.000054
ACGGGTTGTGACCTGT-1,0.043434,0.023215,0.286812,0.148027,0.456398,0.042115
ACGGTCACCGAGAACA-1,0.073921,0.432245,0.068421,0.240013,0.1762,0.0092
ACGTACAGATTTCTCT-1,0.001692,0.003384,0.001692,0.577341,0.001692,0.414198
ACGTACTTTGGCACGG-1,0.000302,0.94977,0.000302,0.049021,0.000303,0.000302
ACGTAGGAGAGTCGCT-1,0.000444,0.501,0.000444,0.220926,0.13986,0.137326
ACGTATTACTCCGATC-1,0.172855,0.188967,0.001216,0.414444,0.001216,0.221303
ACGTCGGGCAACTCGG-1,0.023598,0.26943,0.000108,0.15051,0.143035,0.413319
ACGTCTCGTTCCGGGA-1,0.036155,0.942489,0.000191,0.017905,0.003249,0.00001
ACGTGACAAAGTAAGT-1,0.075476,0.083051,0.018769,0.120705,0.690052,0.011947
ACGTGCGCCTCGTGCA-1,0.000557,0.067954,0.000557,0.291495,0.634308,0.00513
ACGTTAATGTCGAAGA-1,0.100351,0.063952,0.000117,0.16906,0.593891,0.072629
ACGTTATTGGTCACTC-1,0.516928,0.063017,0.209715,0.163633,0.046672,0.000035
ACGTTCACTATGCCGC-1,0.026131,0.584348,0.016926,0.230446,0.044558,0.097591
ACGTTCCGCGCTCCGT-1,0.003795,0.677623,0.003794,0.007589,0.303404,0.003795
ACGTTCGCAATCAATT-1,0.207474,0.001595,0.000798,0.001595,0.482666,0.305872
ACGTTCGTTCAGGAAA-1,0.000243,0.000486,0.016335,0.279464,0.605042,0.09843
ACGTTCTGTACAAGTC-1,0.076877,0.306113,0.102347,0.409753,0.067513,0.037397
ACGTTGTCGTTGAAAG-1,0.000184,0.30407,0.000184,0.553438,0.136953,0.005172
ACGTTTAGTTGTGATC-1,0.003913,0.52925,0.003914,0.455097,0.003913,0.003913
ACTAAGGACGCACACC-1,0.000382,0.449618,0.000382,0.245651,0.303585,0.000382
ACTAATACGTCAGGCG-1,0.004818,0.009632,0.004816,0.009633,0.066299,0.904802
ACTACATCCCGACAAG-1,0.000199,0.319008,0.000199,0.112328,0.269707,0.298558
ACTACCAGCTCTCTGG-1,0.000115,0.535461,0.01993,0.323643,0.120737,0.000115
ACTACCATCCGAGGGC-1,0.013717,0.384561,0.001519,0.378732,0.195894,0.025578
ACTAGTTGCGATCGTC-1,0.807941,0.040529,0.132034,0.009605,0.000013,0.009878
ACTATATGCTGTGTTC-1,0.00313,0.782268,0.202078,0.006262,0.003131,0.003131
ACTATCCAGGGCATGG-1,0.000116,0.123898,0.077435,0.536287,0.254834,0.00743
ACTATCTGCCCGCGTA-1,0.160083,0.168535,0.512432,0.130013,0.02709,0.001847
ACTATGTCCAGCTGCC-1,0.000389,0.298025,0.000389,0.367582,0.184315,0.1493
ACTATTCGTCCGTGGT-1,0.126978,0.244976,0.000185,0.183083,0.269479,0.175298
ACTATTTCCGGGCCCA-1,0.000147,0.159525,0.000155,0.176918,0.663108,0.000147
ACTCAACGAATGTATT-1,0.184818,0.35963,0.047533,0.305772,0.102099,0.000148
ACTCAAGTGCAAGGCT-1,0.014016,0.297521,0.172134,0.293976,0.221774,0.000579
ACTCAATAAAGGCACG-1,0.000107,0.068796,0.017047,0.04373,0.590118,0.280203
ACTCAGACCTGCTTCT-1,0.04465,0.117245,0.164979,0.568455,0.015012,0.089659
ACTCATGGCAGCCTTC-1,0.000321,0.382352,0.000321,0.177578,0.242739,0.19669
ACTCCAATATCATCAT-1,0.000338,0.492528,0.000338,0.117253,0.389203,0.000338
ACTCCCATTCCTAAAG-1,0.000048,0.000096,0.000853,0.264394,0.694945,0.039664
ACTCCCGTAGACTAGG-1,0.000949,0.367431,0.000949,0.18352,0.4462,0.000952
ACTCCCTAATGCTAAA-1,0.001376,0.583313,0.001376,0.197764,0.001376,0.214794
ACTCCCTAGAATAGTA-1,0.038501,0.231628,0.09191,0.034273,0.349623,0.254065
ACTCCGGCCGACCACT-1,0.046434,0.000563,0.000281,0.903747,0.000281,0.048693
ACTCGATGTATTTCAT-1,0.005534,0.336206,0.300966,0.069843,0.23906,0.04839
ACTCGCGATCTGACGC-1,0.000489,0.174003,0.000489,0.824041,0.000489,0.000489
ACTCGTAACCCGTCCT-1,0.000097,0.000194,0.003353,0.091817,0.904443,0.000097
ACTCGTCAGTAATCCC-1,0.000248,0.199922,0.021798,0.397227,0.265199,0.115606
ACTCTCTGACTTAGGT-1,0.000168,0.01738,0.103866,0.433474,0.349584,0.095528
ACTCTCTTATACACGA-1,0.00124,0.599701,0.00124,0.22835,0.00124,0.168229
ACTCTTGTATAGTAAC-1,0.211081,0.338602,0.000139,0.194974,0.223547,0.031657
ACTGAAACGCCGTTAG-1,0.06187,0.292087,0.072606,0.418345,0.11403,0.041062
ACTGAATGGCGAAAGT-1,0.081713,0.300761,0.297254,0.12628,0.188195,0.005798
ACTGCCCGCCATTCTC-1,0.076362,0.922692,0.000189,0.000378,0.000189,0.000189
ACTGCCGTCGTAACTC-1,0.000567,0.001133,0.000567,0.214414,0.782753,0.000567
ACTGCGGACACACCGT-1,0.000703,0.001407,0.000703,0.657927,0.000704,0.338556
ACTGCTCGGAAGGATG-1,0.000047,0.073033,0.121974,0.410965,0.33608,0.057901
ACTGGCGAACCTGCGT-1,0.001118,0.002236,0.001118,0.612533,0.365983,0.017012
ACTGTATACGCGAGCA-1,0.107666,0.2178,0.112203,0.255668,0.2728,0.033863
ACTGTCTTCTTTAGAA-1,0.0002,0.918032,0.0002,0.000399,0.051809,0.02936
ACTGTGCTAGTAGATC-1,0.202257,0.122957,0.080845,0.345438,0.248343,0.00016
ACTTACCGGGCGCGCA-1,0.004638,0.374435,0.004659,0.009276,0.602354,0.004638
ACTTACGCATCCACGC-1,0.000876,0.513253,0.000876,0.170365,0.129772,0.184859
ACTTAGTACGACAAGA-1,0.075593,0.117466,0.081673,0.657085,0.03313,0.035052
ACTTATTAGGATCGGT-1,0.000108,0.027989,0.003224,0.243317,0.059019,0.666344
ACTTATTTATGTGCCA-1,0.000255,0.091953,0.236899,0.373008,0.241823,0.056063
ACTTCAGGCTGATCCC-1,0.047348,0.654359,0.146116,0.007038,0.000081,0.145057
ACTTCCAGTGGAAGCT-1,0.025765,0.150033,0.000097,0.239246,0.490092,0.094766
ACTTCCATGCGGGACA-1,0.009979,0.518898,0.000101,0.309407,0.119441,0.042175
ACTTCCTGTCGTGCGA-1,0.000818,0.175738,0.000818,0.590219,0.071314,0.161092
ACTTCGCCATACGCAC-1,0.000176,0.000352,0.000176,0.021572,0.781109,0.196615
ACTTGACTCCCTCTTT-1,0.05536,0.317787,0.0843,0.147093,0.048379,0.34708
ACTTGCCATATTGTAC-1,0.016066,0.349614,0.000324,0.432551,0.148983,0.052461
ACTTGCTCTATCTACC-1,0.000184,0.616416,0.000184,0.000368,0.382663,0.000184
ACTTGTAGTCCCTTCA-1,0.000065,0.002589,0.000065,0.119476,0.456087,0.421719
ACTTGTGGATGGAACG-1,0.390311,0.332253,0.179294,0.091756,0.000027,0.006359
ACTTTATACACCACTT-1,0.063382,0.338863,0.043921,0.304231,0.168557,0.081046
ACTTTCCTATAGCTTC-1,0.000737,0.367884,0.000737,0.001473,0.000737,0.628433
ACTTTGGTCGTGCTCC-1,0.000935,0.001869,0.122721,0.335318,0.414405,0.124753
ACTTTGTCGACGCACT-1,0.238652,0.100628,0.007648,0.652865,0.000103,0.000103
AGAAATTATGACTCGC-1,0.094434,0.265249,0.526679,0.105518,0.000235,0.007885
AGAACACGGCGATGGT-1,0.036128,0.345165,0.03156,0.220227,0.303473,0.063447
AGAACCCAGCGTGACA-1,0.261159,0.30267,0.0462,0.201903,0.181442,0.006627
AGAACCCTCAATTGGG-1,0.096993,0.163858,0.018703,0.517,0.186193,0.017253
AGAACGTGGTACATTC-1,0.000117,0.06984,0.081243,0.104177,0.326786,0.417838
AGAAGGTACACTTCAC-1,0.000089,0.000178,0.081732,0.287162,0.510031,0.120809
AGAAGGTTGCCGAATT-1,0.000087,0.000173,0.000087,0.000173,0.182731,0.816749
AGAAGGTTGTAGGTCG-1,0.000209,0.234106,0.19313,0.425805,0.146542,0.000209
AGAAGTGATTCGTGAT-1,0.034124,0.007772,0.000071,0.003339,0.704639,0.250055
AGAATGCGGGTTCGGA-1,0.086746,0.833468,0.000121,0.079422,0.000121,0.000121
AGAATTGTTTGACATA-1,0.429417,0.176158,0.196946,0.058547,0.107571,0.031361
AGACAGCTCAGAATCC-1,0.238945,0.297647,0.277299,0.110784,0.030683,0.044642
AGACATAGATCCTTCC-1,0.066054,0.003528,0.165666,0.661221,0.001764,0.101768
AGACCAAACCACACCT-1,0.002499,0.089648,0.042738,0.344211,0.326103,0.194802
AGACCATGGGATACAA-1,0.000348,0.123323,0.444908,0.312225,0.07677,0.042426
AGACCCACCGCTGATC-1,0.000211,0.000422,0.020359,0.003108,0.975689,0.000211
AGACCCGCCCTCCTCG-1,0.00107,0.002141,0.393567,0.327784,0.274367,0.00107
AGACCGCTCCGCGGTT-1,0.587123,0.053281,0.355613,0.003321,0.000019,0.000643
AGACCGGGAAACCCTG-1,0.037144,0.309183,0.001387,0.156887,0.495373,0.000026
AGACGAAGTGCCGGTC-1,0.161477,0.401156,0.051599,0.269223,0.000048,0.116497
AGACGACGATGCCGCT-1,0.000069,0.007287,0.065593,0.333432,0.592733,0.000886
AGACGGGCCGATTTAA-1,0.005691,0.011387,0.005692,0.011391,0.960144,0.005694
AGACTGTTACCGGGTC-1,0.000409,0.03824,0.070629,0.854803,0.03551,0.000409
AGAGAAACACCAGAAA-1,0.000602,0.352739,0.000602,0.16488,0.480575,0.000602
AGAGAAGGAGTACAAT-1,0.02021,0.000263,0.015758,0.120278,0.624449,0.219042
AGAGATCTCTAAAGCG-1,0.000119,0.000237,0.000119,0.396459,0.278343,0.324724
AGAGCAGTTATGAGAC-1,0.013971,0.535458,0.117987,0.214083,0.041222,0.077279
AGAGCGCTTGTAACGG-1,0.00144,0.002879,0.00144,0.314699,0.483854,0.195689
AGAGCGGGCTAATCAT-1,0.000935,0.316091,0.000935,0.001869,0.462463,0.217709
AGAGCGTACAAGCTCG-1,0.037726,0.156506,0.454344,0.121604,0.221394,0.008427
AGAGGCTTCGGAAACC-1,0.486066,0.119535,0.314054,0.055161,0.00002,0.025165
AGAGGGACAATTGTCC-1,0.000474,0.076919,0.271476,0.650183,0.000474,0.000474
AGAGGTATCTCGGTCC-1,0.002363,0.253453,0.002363,0.356176,0.002363,0.383283
AGAGTAAACTTCACTA-1,0.755319,0.048413,0.112265,0.04312,0.040874,0.00001
AGAGTATAGTGTTACG-1,0.001715,0.459091,0.001715,0.534047,0.001715,0.001716
AGAGTGAACAGACACC-1,0.032437,0.288451,0.000476,0.541747,0.000476,0.136414
AGAGTTAGAGACCGAT-1,0.000222,0.967413,0.000222,0.000445,0.000222,0.031475
AGAGTTGCAGGCCTCC-1,0.000361,0.176999,0.099011,0.589921,0.040563,0.093145
AGATAATCACACCTAT-1,0.021811,0.267859,0.010929,0.487095,0.097651,0.114655
AGATACCAGCACTTCA-1,0.000143,0.458413,0.000144,0.174169,0.000143,0.366987
AGATACGACTTCATAT-1,0.089624,0.209122,0.015685,0.511675,0.17348,0.000413
AGATACTCAAGATCGA-1,0.000417,0.606815,0.002094,0.243007,0.000417,0.147249
AGATATAATACGACTA-1,0.001764,0.43104,0.001764,0.561905,0.001764,0.001763
AGATCGTGCATAAGAT-1,0.000212,0.000424,0.000212,0.239991,0.699917,0.059243
AGATCTCAGGTGTGAT-1,0.000411,0.000821,0.140859,0.199071,0.343703,0.315135
AGATCTGGAGAGGATA-1,0.048046,0.212572,0.089637,0.267362,0.314239,0.068145
AGATGACTCGCCCACG-1,0.15248,0.620008,0.083453,0.000276,0.000138,0.143644
AGATGAGGGTTGCGAT-1,0.004318,0.008639,0.004318,0.008636,0.969772,0.004318
AGATGCAAGACGTGCA-1,0.000204,0.12053,0.000204,0.071578,0.80728,0.000204
AGATGCATCCTGTGTC-1,0.000054,0.000109,0.009264,0.303415,0.602998,0.084161
AGATTCAAGCGGGTCG-1,0.000876,0.175936,0.375506,0.001752,0.207952,0.237979
AGATTCACAACCGATA-1,0.006954,0.069417,0.098119,0.16523,0.628991,0.031289
AGCAAAGGCCGCTAGT-1,0.002197,0.320202,0.002197,0.554749,0.118457,0.002197
AGCAACCGAAAGTAAT-1,0.001818,0.332971,0.023128,0.19479,0.44721,0.000083
AGCACACGTTTAGACT-1,0.139744,0.339275,0.000261,0.316161,0.023737,0.18082
AGCACCAGTACTCACG-1,0.000143,0.000286,0.102336,0.178482,0.249307,0.469445
AGCACTACCTCACCAG-1,0.000124,0.207087,0.081809,0.462137,0.19901,0.049832
AGCAGAAGGAGAAAGA-1,0.001626,0.261581,0.001626,0.436363,0.297178,0.001626
AGCAGCCAGATGAATA-1,0.000963,0.398175,0.000963,0.281147,0.000963,0.317788
AGCATATCAATATGCT-1,0.095992,0.211691,0.444439,0.120817,0.087469,0.039591
AGCATCATTTCGAAAG-1,0.000054,0.382142,0.087434,0.381672,0.137774,0.010925
AGCATCGTCGATAATT-1,0.000319,0.353639,0.033509,0.127743,0.48447,0.000319
AGCCACAGGTTACCCG-1,0.029018,0.232076,0.169878,0.466768,0.040765,0.061495
AGCCACTCCCGTGCTT-1,0.028914,0.328155,0.036928,0.072704,0.214433,0.318865
AGCCCATACATGTAAG-1,0.000109,0.000217,0.000109,0.077191,0.877961,0.044413
AGCCCGGCATTAGAGG-1,0.000864,0.001727,0.000864,0.652987,0.342695,0.000864
AGCCCGGTAGCCTGTA-1,0.000103,0.145512,0.133987,0.230575,0.256517,0.233306
AGCCCTAAGCGAAGTT-1,0.003053,0.445591,0.003054,0.542194,0.003054,0.003054
AGCCCTCCCTGGTGGC-1,0.056776,0.455286,0.110147,0.193593,0.184105,0.000093
AGCCCTGTCGCACCGT-1,0.000344,0.034385,0.364414,0.132414,0.014858,0.453586
AGCCCTTCTAATCCGA-1,0.000538,0.001075,0.000537,0.225967,0.721534,0.050348
AGCCGTGGCTAAATGT-1,0.115988,0.046024,0.00178,0.053836,0.771484,0.010888
AGCCTAATACCCACGT-1,0.00009,0.081788,0.00009,0.289651,0.078877,0.549504
AGCCTTAAAGCGGAAG-1,0.100292,0.074006,0.56136,0.19717,0.066301,0.000871
AGCCTTGTCACTGATA-1,0.02012,0.308199,0.052641,0.098412,0.000108,0.520521
AGCGACAGGAACGGTC-1,0.056821,0.000086,0.045745,0.030043,0.465766,0.40154
AGCGACATCCCATTCA-1,0.141082,0.105702,0.000377,0.432289,0.320173,0.000377
AGCGACCAACGATATT-1,0.000148,0.004701,0.086741,0.636642,0.27162,0.000148
AGCGACTTTGAAGACA-1,0.001611,0.357693,0.177317,0.249328,0.146588,0.067464
AGCGAGACGTGAAGGC-1,0.000202,0.475777,0.049837,0.318882,0.0001,0.155203
AGCGCATAATGAATCG-1,0.000593,0.001187,0.000593,0.996439,0.000594,0.000594
AGCGCGGGTGCCAATG-1,0.000505,0.00101,0.000505,0.805699,0.000505,0.191776
AGCGCTAGAGCGATGT-1,0.000135,0.268737,0.049326,0.151756,0.000135,0.529911
AGCGCTTATGGGCAAG-1,0.001089,0.218866,0.001089,0.5309,0.246967,0.001089
AGCGGACACTTCGTAG-1,0.000882,0.19422,0.000882,0.802253,0.000882,0.000882
AGCGGCGGTTAGCGGT-1,0.000056,0.019897,0.014194,0.354717,0.599705,0.011431
AGCGGGAAGGGTCCAT-1,0.000442,0.114869,0.516744,0.139324,0.000443,0.228179
AGCGGTTGAGATGTAC-1,0.053928,0.00045,0.000225,0.540581,0.305739,0.099077
AGCGGTTGCCGCTCTG-1,0.000142,0.20194,0.036569,0.402768,0.000142,0.358438
AGCGTCTGAACCCGCA-1,0.151334,0.241684,0.000278,0.451837,0.150872,0.003995
AGCGTGGTATTCTACT-1,0.026119,0.224608,0.166709,0.13862,0.352532,0.091411
AGCGTTCCGATTTAAA-1,0.000107,0.044897,0.023645,0.232578,0.490892,0.207879
AGCTAACAAGCAATGT-1,0.148031,0.656828,0.000082,0.02777,0.167207,0.000082
AGCTAAGCTCCGTCCG-1,0.013333,0.189762,0.268148,0.34262,0.120905,0.065232
AGCTAAGTACGCAGGC-1,0.107843,0.311982,0.063425,0.329563,0.139011,0.048177
AGCTAGAAGCAGAAGT-1,0.000161,0.000322,0.000161,0.083294,0.23254,0.683521
AGCTATTTAATCCAAC-1,0.098441,0.066678,0.00956,0.01763,0.807593,0.000098
AGCTCCATATATGTTC-1,0.000136,0.104166,0.000136,0.836334,0.000136,0.059092
AGCTCCTTCGCACATC-1,0.47846,0.010731,0.059028,0.248456,0.203235,0.000091
AGCTCGTTGATGGAAA-1,0.000391,0.34128,0.333309,0.06432,0.244534,0.016166
AGCTCTAGACGTTCCA-1,0.000091,0.015761,0.116234,0.310938,0.327109,0.229868
AGCTCTTCCCAGTGCA-1,0.000181,0.000362,0.000181,0.023212,0.232304,0.743759
AGCTCTTCGTAACCTT-1,0.000139,0.113616,0.32067,0.149024,0.330955,0.085596
AGCTCTTTACTCAGTT-1,0.00062,0.00124,0.18828,0.00124,0.0853,0.72332
AGCTGAAGTAAACCAA-1,0.00008,0.004317,0.069664,0.148698,0.431269,0.345972
AGCTGCATTTGAGGTG-1,0.000255,0.783539,0.000187,0.180254,0.035577,0.000187
AGCTGCTGTGCCGAAT-1,0.000605,0.47077,0.261789,0.00121,0.000605,0.265021
AGCTGTAACCTCAATC-1,0.000191,0.000383,0.000191,0.000383,0.99866,0.000191
AGCTTATAGAGACCTG-1,0.001128,0.291359,0.001128,0.459685,0.001128,0.245571
AGCTTGATCAGGGTAG-1,0.000741,0.107277,0.000741,0.564177,0.213211,0.113853
AGCTTGATCTTAACTT-1,0.000084,0.000169,0.000084,0.000169,0.836186,0.163308
AGGAAGCTGTCCGCCG-1,0.375799,0.001575,0.004262,0.37047,0.176126,0.071769
AGGACAGTCGAATCCC-1,0.024647,0.279296,0.151734,0.396773,0.058362,0.089188
AGGACATCGCACGTCG-1,0.050033,0.297154,0.13692,0.345545,0.124317,0.046031
