Barcode,Topic 1,Topic 2,Topic 3,Topic 4to5,Topic 6,Topic 7,Topic 8,Topic 9
AAACAAGTATCTCCCA-1,0.001643,0.000023,0.000023,0.559182,0.156599,0.148416,0.11066,0.023453
AAACACCAATAACTGC-1,0.004236,0.000225,0.074277,0.748123,0.172461,0.000226,0.000226,0.000226
AAACAGAGCGACTCCT-1,0.000309,0.000309,0.020405,0.977742,0.000309,0.000309,0.000309,0.000309
AAACAGCTTTCAGAAG-1,0.05461,0.000167,0.000167,0.882441,0.032589,0.02969,0.000167,0.000167
AAACAGGGTCTATATT-1,0.00016,0.00016,0.00016,0.580116,0.224679,0.017536,0.148338,0.028849
AAACATGGTGAGAGGA-1,0.000334,0.000334,0.000334,0.568953,0.429044,0.000334,0.000334,0.000334
AAACCACTACACAGAT-1,0.000699,0.000699,0.034815,0.381538,0.000699,0.580151,0.000699,0.000699
AAACCCGAACGAAATC-1,0.000015,0.000015,0.000015,0.367715,0.112762,0.344508,0.153332,0.021639
AAACCGGGTAGGTACC-1,0.000198,0.000198,0.000198,0.998613,0.000198,0.000198,0.000198,0.000198
AAACCGTTCGTCCAGG-1,0.001943,0.000082,0.000082,0.53437,0.017559,0.221609,0.061402,0.162951
AAACCTCATGAAGTTG-1,0.006349,0.00023,0.00023,0.421332,0.00023,0.084275,0.336827,0.150528
AAACGAAGAACATACC-1,0.003735,0.000281,0.153788,0.507303,0.024442,0.000281,0.000281,0.30989
AAACGAAGATGGAGTA-1,0.084345,0.000214,0.153632,0.687479,0.000214,0.008815,0.000214,0.065087
AAACGACAGTCTTGCC-1,0.001659,0.001659,0.001659,0.003319,0.00166,0.447903,0.540481,0.00166
AAACGAGACGGTTGAT-1,0.010031,0.000048,0.000048,0.456674,0.000048,0.122838,0.410267,0.000048
AAACGCCCGAGATCGG-1,0.000374,0.000374,0.000374,0.546509,0.000374,0.363576,0.000374,0.088044
AAACGTGTTCGCCCTA-1,0.000992,0.000992,0.000993,0.993051,0.000993,0.000993,0.000993,0.000993
AAACTAACGTGGCGAC-1,0.000169,0.000169,0.015011,0.597665,0.000169,0.345197,0.000169,0.041452
AAACTCGTGATATAAG-1,0.000112,0.000112,0.076469,0.795094,0.104709,0.000112,0.000112,0.023281
AAACTGCTGGCTCCAA-1,0.000237,0.000237,0.000237,0.536419,0.036798,0.241236,0.000237,0.1846
AAACTTAATTGCACGC-1,0.000148,0.000148,0.525861,0.44047,0.000148,0.011604,0.000148,0.021474
AAACTTGCAAACGTAT-1,0.000145,0.000145,0.000145,0.998985,0.000145,0.000145,0.000145,0.000145
AAAGAATGACCTTAGA-1,0.000254,0.000254,0.000254,0.942927,0.000254,0.000254,0.000254,0.05555
AAAGACATGAAGTTTA-1,0.000315,0.000315,0.000315,0.796763,0.201347,0.000315,0.000315,0.000315
AAAGACCCAAGTCGCG-1,0.006923,0.000101,0.000101,0.704491,0.000101,0.140121,0.000101,0.14806
AAAGACTGGGCGCTTT-1,0.000121,0.000121,0.000121,0.189534,0.142652,0.297459,0.369871,0.000121
AAAGCTTGCCTACATA-1,0.000381,0.000381,0.085728,0.710366,0.119636,0.082747,0.000381,0.000381
AAAGGCCCTATAATAC-1,0.003528,0.000158,0.265322,0.572424,0.000158,0.158095,0.000158,0.000158
AAAGGCTACGGACCAT-1,0.000434,0.000434,0.000434,0.571442,0.184972,0.173812,0.000434,0.068036
AAAGGCTCTCGCGCCG-1,0.000063,0.000063,0.01342,0.429183,0.003528,0.016587,0.000063,0.537091
AAAGGGATGTAGCAAG-1,0.00006,0.00006,0.00006,0.855179,0.00006,0.039191,0.00006,0.10533
AAAGGGCAGCTTGAAT-1,0.00775,0.000133,0.046556,0.943728,0.000133,0.001436,0.000133,0.000133
AAAGGTAAGCTGTACC-1,0.000201,0.000201,0.026147,0.615688,0.000201,0.357162,0.000201,0.000201
AAAGGTCAACGACATG-1,0.004631,0.00463,0.004633,0.758214,0.004632,0.004633,0.213993,0.004633
AAAGTAGCATTGCTCA-1,0.000152,0.000152,0.073508,0.913944,0.000152,0.000152,0.000152,0.011789
AAAGTCACTGATGTAA-1,0.000228,0.000228,0.000228,0.946011,0.000228,0.000228,0.000228,0.052622
AAAGTCGACCCTCAGT-1,0.000262,0.000262,0.000262,0.682246,0.025138,0.171196,0.039955,0.080678
AAAGTGTGATTTATCT-1,0.000117,0.000117,0.000117,0.84874,0.112484,0.001782,0.036525,0.000117
AAAGTTGACTCCCGTA-1,0.000043,0.000043,0.000043,0.016803,0.125553,0.151128,0.676675,0.029713
AAATAACCATACGGGA-1,0.006631,0.000278,0.148241,0.787187,0.000278,0.056829,0.000278,0.000278
AAATAAGGTAGTGCCC-1,0.071098,0.000102,0.01441,0.789365,0.119101,0.005721,0.000102,0.000102
AAATACCTATAAGCAT-1,0.005169,0.000322,0.000322,0.546812,0.000322,0.268896,0.153816,0.02434
AAATAGCTTAGACTTT-1,0.000084,0.000084,0.007453,0.98034,0.000084,0.011785,0.000084,0.000084
AAATCACTCCTAAACG-1,0.002058,0.002058,0.078559,0.909088,0.002059,0.002059,0.002059,0.002059
AAATCGCGGAAGGAGT-1,0.000214,0.000214,0.190922,0.741715,0.000214,0.066294,0.000214,0.000214
AAATCGTGTACCACAA-1,0.00037,0.000371,0.018816,0.203845,0.000371,0.240816,0.184546,0.350866
AAATCTGCCCGCGTCC-1,0.000294,0.000294,0.000294,0.460244,0.000294,0.537991,0.000294,0.000294
AAATGATTCGATCAGC-1,0.013307,0.000106,0.186137,0.680421,0.119711,0.000106,0.000106,0.000106
AAATGGCATGTCTTGT-1,0.015854,0.000159,0.255733,0.686592,0.000159,0.018932,0.022412,0.000159
AAATGGCCCGTGCCCT-1,0.000761,0.000761,0.000762,0.660817,0.000762,0.334613,0.000762,0.000762
AAATGTATCTTATCCC-1,0.000368,0.000368,0.028892,0.597044,0.324806,0.047786,0.000368,0.000368
AAATTAACGGGTAGCT-1,0.000943,0.000043,0.036886,0.857294,0.012015,0.016728,0.076048,0.000043
AAATTAATAAGCGCGA-1,0.000138,0.000138,0.000138,0.710887,0.000138,0.105236,0.183187,0.000138
AAATTACACGACTCTG-1,0.000322,0.000322,0.087251,0.910816,0.000322,0.000322,0.000322,0.000322
AAATTACCTATCGATG-1,0.000246,0.000247,0.000247,0.998274,0.000247,0.000247,0.000247,0.000247
AAATTCCAGGTCCAAA-1,0.007894,0.000049,0.040599,0.852596,0.000049,0.090768,0.000049,0.007996
AAATTGATAGTCCTTT-1,0.000121,0.000122,0.000122,0.457261,0.054396,0.12238,0.181316,0.184284
AAATTGGTGAGAAGCA-1,0.000545,0.000545,0.141342,0.855388,0.000545,0.000545,0.000545,0.000545
AAATTTACCGAAATCC-1,0.000145,0.000145,0.000145,0.570728,0.000145,0.428403,0.000145,0.000145
AAATTTGCGGGTGTGG-1,0.000175,0.000175,0.038309,0.742314,0.000175,0.116139,0.102536,0.000175
AACAACTGGTAGTTGC-1,0.000286,0.000286,0.000286,0.559583,0.000286,0.438702,0.000286,0.000286
AACAATACATTGTCGA-1,0.000632,0.000632,0.000632,0.813909,0.000632,0.000632,0.000632,0.182301
AACAATTACTCTACGC-1,0.000169,0.000169,0.000169,0.900132,0.000169,0.000169,0.098852,0.000169
AACACACGCTCGCCGC-1,0.007178,0.00018,0.00018,0.529088,0.00018,0.38279,0.080223,0.00018
AACACGACTGTACTGA-1,0.000086,0.000086,0.016345,0.039451,0.005048,0.497686,0.33812,0.103178
AACACGAGACGCGGCC-1,0.003172,0.00009,0.052991,0.857443,0.002004,0.072557,0.011654,0.00009
AACAGCTGTGTGGCAA-1,0.000259,0.000259,0.048939,0.94951,0.000259,0.000259,0.000259,0.000259
AACAGGAAATCGAATA-1,0.000239,0.000239,0.022229,0.000478,0.000239,0.409436,0.40603,0.16111
AACAGGATGGGCCGCG-1,0.000138,0.000138,0.051965,0.947206,0.000138,0.000138,0.000138,0.000138
AACAGGTAGTATGGAT-1,0.000026,0.000026,0.003738,0.685896,0.077672,0.178546,0.041183,0.012913
AACATATCAACTGGTG-1,0.000065,0.000065,0.032318,0.129691,0.033354,0.307998,0.496443,0.000065
AACATCGATACGTCTA-1,0.000169,0.000169,0.048875,0.674504,0.275778,0.000169,0.000169,0.000169
AACATTGAAGTTGATC-1,0.000377,0.000377,0.098794,0.796713,0.000377,0.000377,0.000377,0.102609
AACATTGTGACTCGAG-1,0.000145,0.000145,0.045581,0.385915,0.000145,0.402953,0.000145,0.164971
AACCAAGACTTCTCTG-1,0.000274,0.000275,0.000275,0.845929,0.152424,0.000275,0.000275,0.000275
AACCAGTATCACTCTT-1,0.004587,0.000186,0.000186,0.559295,0.000186,0.326706,0.037707,0.071148
AACCATAGGGTTGAAC-1,0.0001,0.0001,0.010717,0.486885,0.021724,0.226094,0.130987,0.123392
AACCCATCCCATGATC-1,0.000157,0.000157,0.403861,0.595198,0.000157,0.000157,0.000157,0.000157
AACCCGACAACCCGTG-1,0.000731,0.000731,0.213028,0.587569,0.000732,0.000732,0.000732,0.195746
AACCCGATAGGGCTTC-1,0.000365,0.000365,0.000365,0.23881,0.000365,0.759002,0.000365,0.000365
AACCCTACTGTCAATA-1,0.000027,0.000026,0.000026,0.000053,0.134909,0.112297,0.737479,0.015182
AACCCTGGTGGAACCA-1,0.001123,0.342087,0.02099,0.631308,0.001123,0.001123,0.001123,0.001123
AACCGAGCTTGGTCAT-1,0.000119,0.000119,0.034608,0.776294,0.002632,0.021002,0.038392,0.126835
AACCGCTAAGGGATGC-1,0.000045,0.000044,0.001414,0.998319,0.000044,0.000044,0.000044,0.000044
AACCGTTGTGTTTGCT-1,0.013813,0.000415,0.000415,0.538075,0.000415,0.189677,0.084824,0.172366
AACCTGTCACGGAATT-1,0.000051,0.000051,0.220641,0.746896,0.000051,0.01753,0.008639,0.006139
AACCTTTACGACGTCT-1,0.042679,0.000294,0.337929,0.617921,0.000294,0.000294,0.000294,0.000294
AACGAAAGTCGTCCCA-1,0.000178,0.000178,0.148439,0.83218,0.018489,0.000178,0.000178,0.000178
AACGATAGAAGGGCCG-1,0.000058,0.000058,0.000058,0.440836,0.000058,0.057467,0.000058,0.501409
AACGATATGTCAACTG-1,0.002624,0.00011,0.00011,0.846749,0.00011,0.00011,0.085349,0.06484
AACGCATGATCTGGGT-1,0.000159,0.000159,0.299289,0.671693,0.000159,0.000159,0.028224,0.000159
AACGCGGTCTCCAGCC-1,0.000156,0.000156,0.000156,0.998908,0.000156,0.000156,0.000156,0.000156
AACGGACGTACGTATA-1,0.000031,0.000031,0.003497,0.984339,0.000031,0.01201,0.000031,0.000031
AACGGCCATCTCCGGT-1,0.000094,0.000094,0.033344,0.689015,0.012369,0.068562,0.082898,0.113626
AACGTACTGTGGGTAC-1,0.000154,0.000154,0.000154,0.457942,0.000154,0.228507,0.120494,0.192439
AACGTGATGAAGGACA-1,0.002925,0.002925,0.002926,0.522333,0.002926,0.460112,0.002926,0.002926
AACGTGCGAAAGTCTC-1,0.006588,0.000065,0.028663,0.77437,0.000065,0.000065,0.190118,0.000065
AACGTTATCAGCACCT-1,0.002545,0.000123,0.000123,0.698049,0.112499,0.135033,0.051503,0.000123
AACTACCCGTTTGTCA-1,0.000053,0.000053,0.015996,0.44911,0.130388,0.327618,0.061541,0.015242
AACTAGGCTTGGGTGT-1,0.000049,0.000049,0.01205,0.387861,0.000049,0.181009,0.018375,0.400558
AACTCAAGTTAATTGC-1,0.000107,0.000107,0.000107,0.99925,0.000107,0.000107,0.000107,0.000107
AACTCCTAATCCCATG-1,0.005985,0.000199,0.03504,0.47177,0.377957,0.000199,0.000199,0.10865
AACTCTCAATAGAGCG-1,0.000104,0.000104,0.000104,0.822833,0.000104,0.000104,0.176546,0.000104
AACTCTCAGTGTGCTC-1,0.000034,0.000034,0.012643,0.255171,0.000034,0.011362,0.196742,0.52398
AACTGAGGTCAGCGTC-1,0.000327,0.000327,0.000327,0.753667,0.000327,0.244371,0.000327,0.000327
AACTGATATTAGGCCT-1,0.003974,0.000337,0.000337,0.597425,0.000337,0.117149,0.123867,0.156575
AACTGGGTCCCGACGT-1,0.000159,0.000159,0.023055,0.945027,0.000159,0.000159,0.000159,0.031124
AACTGGGTTCGAGCCG-1,0.000325,0.000325,0.000325,0.043367,0.000325,0.954683,0.000325,0.000325
AACTTCTGCGTCTATC-1,0.000125,0.000125,0.000125,0.626327,0.058259,0.192712,0.122202,0.000125
AACTTGCCCGTATGCA-1,0.006347,0.000219,0.000219,0.992339,0.000219,0.000219,0.000219,0.000219
AACTTTACGGGAGCTT-1,0.000222,0.000222,0.045359,0.910592,0.000222,0.042939,0.000222,0.000222
AACTTTCTCGATCATG-1,0.064704,0.000741,0.080609,0.733459,0.000741,0.118263,0.000741,0.000741
AAGAAAGTTTGATGGG-1,0.000958,0.000958,0.000958,0.528285,0.000958,0.204594,0.000958,0.262328
AAGAAATCACCAGATT-1,0.000532,0.000532,0.143118,0.85369,0.000532,0.000532,0.000532,0.000532
AAGACCAAATAACTCA-1,0.000162,0.000162,0.114585,0.792195,0.092411,0.000162,0.000162,0.000162
AAGACCCAACTGAACA-1,0.000194,0.000194,0.29245,0.692433,0.000194,0.014146,0.000194,0.000194
AAGACTCACGCCCACT-1,0.000394,0.000394,0.026225,0.202259,0.197474,0.572465,0.000394,0.000394
AAGACTGCAAGCTACT-1,0.01126,0.000042,0.338528,0.255715,0.02986,0.137938,0.214478,0.012179
AAGAGATGAATCGGTA-1,0.052527,0.000142,0.000142,0.946623,0.000142,0.000142,0.000142,0.000142
AAGAGCTCTTTATCGG-1,0.000031,0.000031,0.016094,0.157011,0.014305,0.01573,0.796768,0.000031
AAGAGGATGTACGCGA-1,0.002315,0.000089,0.100605,0.346637,0.059193,0.072889,0.418184,0.000089
AAGAGGCATGGATCGC-1,0.007072,0.000167,0.000167,0.99187,0.000167,0.000167,0.000224,0.000167
AAGATGGCACCGGACC-1,0.000224,0.000224,0.033557,0.96301,0.000224,0.002315,0.000224,0.000224
AAGATTGGCGGAACGT-1,0.00013,0.00013,0.00013,0.767717,0.00013,0.205848,0.025788,0.00013
AAGCCGAAGCGGTTTA-1,0.001967,0.000092,0.000092,0.45805,0.085249,0.18101,0.273449,0.000092
AAGCCGCCGTGAAATC-1,0.000114,0.000114,0.36779,0.631523,0.000115,0.000115,0.000115,0.000115
AAGCCGCTTTACCTTG-1,0.000171,0.000171,0.913776,0.066089,0.000171,0.000171,0.019281,0.000171
AAGCGGAGTGCGCGCA-1,0.000436,0.000436,0.000436,0.000872,0.117374,0.485823,0.000436,0.394187
AAGCGGCGTCATGGGT-1,0.016993,0.000443,0.13249,0.459401,0.000443,0.351853,0.000443,0.037933
AAGCGTCCCTCATCGA-1,0.009224,0.000102,0.008995,0.668273,0.188439,0.09982,0.000102,0.025045
AAGCTATGGATTGACC-1,0.004274,0.004274,0.004279,0.970069,0.004276,0.004276,0.004276,0.004276
AAGCTCGTGCCAAGTC-1,0.001259,0.000072,0.023532,0.744034,0.090868,0.000072,0.14005,0.000113
AAGGATCGATCGCTTG-1,0.002571,0.000046,0.000046,0.495222,0.243591,0.054974,0.203504,0.000046
AAGGATGAGGGACCTC-1,0.00338,0.000063,0.000063,0.61505,0.000063,0.10882,0.272498,0.000063
AAGGCAGGCTGTCTCC-1,0.000097,0.000097,0.000097,0.907007,0.000097,0.000097,0.092411,0.000097
AAGGCGCGTAAAGCTT-1,0.000364,0.000365,0.000365,0.673542,0.000365,0.209057,0.000365,0.115578
AAGGCTGTGCTCATCG-1,0.008003,0.000291,0.000291,0.521843,0.000291,0.24415,0.224839,0.000291
AAGGGAACGACTGGCT-1,0.000167,0.000167,0.192735,0.615019,0.183749,0.000167,0.000167,0.007829
AAGGGACAGATTCTGT-1,0.000179,0.000179,0.000179,0.341086,0.18445,0.169149,0.304597,0.000179
AAGGGACTATGCATTC-1,0.000167,0.000167,0.692111,0.227702,0.000167,0.07935,0.000167,0.000167
AAGGGTTTGATTTCAG-1,0.00015,0.00015,0.371804,0.420198,0.066868,0.140528,0.00015,0.00015
AAGGTATCCTAATATA-1,0.000088,0.000088,0.052236,0.536912,0.000088,0.162262,0.233027,0.015301
AAGGTGATAAACCAGC-1,0.000152,0.000153,0.000153,0.765321,0.038713,0.16829,0.000153,0.027066
AAGTAGAAGACCGGGT-1,0.009682,0.000371,0.000371,0.55543,0.000371,0.064817,0.000371,0.368589
AAGTAGTGACGCGAGG-1,0.000321,0.000321,0.000321,0.950444,0.047628,0.000321,0.000321,0.000321
AAGTCAATTGTCGTCA-1,0.051633,0.141034,0.000046,0.054307,0.284703,0.249649,0.21611,0.002519
AAGTCTAGTAGCTGCC-1,0.04275,0.000277,0.509401,0.271187,0.000277,0.175556,0.000277,0.000277
AAGTCTTCTGTGGCCT-1,0.000325,0.000325,0.000325,0.831443,0.000325,0.000325,0.056336,0.110595
AAGTGACGACCGAATT-1,0.000616,0.000079,0.000079,0.118394,0.000079,0.041616,0.787734,0.051403
AAGTGAGTCGGGTTTA-1,0.000089,0.000089,0.050886,0.59359,0.000089,0.176353,0.000089,0.178813
AAGTGCAAAGGTAGAC-1,0.006202,0.000231,0.000231,0.977114,0.000231,0.000231,0.000231,0.015531
AAGTGCCTTGACTGTA-1,0.000142,0.000142,0.000142,0.586009,0.184319,0.01824,0.187369,0.023638
AAGTGCGTTAGAATCT-1,0.003455,0.000136,0.246217,0.357567,0.000136,0.283694,0.100673,0.008121
AAGTGCTTCTCTATTG-1,0.000862,0.000862,0.000862,0.65808,0.000862,0.000862,0.000862,0.336749
AAGTTCAGTCTGCGTA-1,0.000178,0.000178,0.097768,0.674109,0.105662,0.000178,0.121747,0.000178
AAGTTCGGCCAACAGG-1,0.005601,0.000134,0.000134,0.751257,0.000134,0.103557,0.076043,0.06314
AAGTTTACTAATGGCA-1,0.000463,0.000463,0.000463,0.464542,0.000463,0.205195,0.000463,0.327946
AATAACAACGCTCGGC-1,0.000404,0.000404,0.067361,0.374305,0.307183,0.228696,0.004609,0.017037
AATAACACTAGAACAA-1,0.00002,0.00002,0.00002,0.031681,0.033351,0.000289,0.367418,0.567201
AATAAGTCCTCGAGAC-1,0.00247,0.00247,0.002472,0.656989,0.107809,0.222848,0.002471,0.002471
AATACAATGTTTCAGG-1,0.001011,0.001011,0.001011,0.163608,0.001011,0.184489,0.351604,0.296256
AATACCGGAGGGCTGT-1,0.000274,0.000274,0.205205,0.793148,0.000275,0.000275,0.000275,0.000275
AATAGAACAGAGTGGC-1,0.002613,0.000116,0.000116,0.882643,0.000116,0.000116,0.000116,0.114164
AATAGAATCTGTTTCA-1,0.001635,0.000035,0.000035,0.570746,0.130501,0.218062,0.078951,0.000035
AATAGCAAGCCTCCTG-1,0.000161,0.000161,0.000161,0.62675,0.000161,0.119307,0.019865,0.233434
AATAGCTACCGCGTGC-1,0.000165,0.000165,0.02569,0.958422,0.015062,0.000165,0.000165,0.000165
AATAGTCCGTCCCGAC-1,0.000051,0.000051,0.000051,0.289297,0.01297,0.189753,0.011123,0.496704
AATAGTCGCGAGTCGG-1,0.000713,0.000713,0.000713,0.745516,0.000713,0.000713,0.250208,0.000713
AATATCCTAGCAAACT-1,0.000234,0.000234,0.000234,0.862474,0.136125,0.000234,0.000234,0.000234
AATATCGAATCAATGC-1,0.000037,0.000037,0.008987,0.853403,0.043469,0.081261,0.012767,0.000037
AATATCGAGGGTTCTC-1,0.000209,0.000209,0.000209,0.99854,0.000209,0.000209,0.000209,0.000209
AATATTGGAGTATTGA-1,0.098017,0.000166,0.000166,0.807445,0.000166,0.013489,0.080383,0.000166
AATCAGGTTTCATTTA-1,0.000361,0.000361,0.000361,0.506517,0.000361,0.414072,0.053031,0.024936
AATCCAAGGGCCTGAG-1,0.000069,0.000069,0.025692,0.465738,0.070748,0.256819,0.000069,0.180797
AATCGCCTCAGCGCCA-1,0.000196,0.000196,0.102887,0.753193,0.000196,0.115799,0.027337,0.000196
AATCGCGCAGAGGACT-1,0.002189,0.000106,0.000106,0.79023,0.000106,0.017763,0.189394,0.000106
AATCGGGACACTACGA-1,0.000159,0.000159,0.000159,0.466871,0.000159,0.269997,0.044279,0.218217
AATCTAGGTTTACTTG-1,0.001916,0.001916,0.001917,0.986582,0.001917,0.001917,0.001917,0.001917
AATCTATGCCGGAGCC-1,0.000155,0.000155,0.000155,0.998913,0.000155,0.000155,0.000155,0.000155
AATCTCTACTGTGGTT-1,0.018796,0.000428,0.000428,0.864591,0.000428,0.044072,0.070831,0.000428
AATCTGCGTTGGGACG-1,0.003584,0.000147,0.000147,0.995534,0.000147,0.000147,0.000147,0.000147
AATCTGGCTTTCTAGT-1,0.021347,0.000746,0.000746,0.974176,0.000746,0.000746,0.000746,0.000746
AATCTGGGTAGACCCT-1,0.000344,0.000344,0.000344,0.707226,0.000344,0.290708,0.000344,0.000344
AATGACAGCAATGTCT-1,0.00017,0.00017,0.00017,0.593642,0.00017,0.055769,0.176095,0.173813
AATGACGTAGGATGTC-1,0.004246,0.000155,0.000155,0.788841,0.05186,0.118176,0.036411,0.000156
AATGATGATACGCTAT-1,0.00031,0.00031,0.068821,0.929321,0.00031,0.00031,0.00031,0.00031
AATGATGCGACTCCTG-1,0.000286,0.000287,0.042026,0.724146,0.000287,0.167012,0.000287,0.06567
AATGCAACCGGGTACC-1,0.000095,0.000095,0.169833,0.730735,0.000095,0.04221,0.000095,0.05684
AATGCACCAAGCAATG-1,0.081853,0.000849,0.000849,0.913055,0.000849,0.000849,0.000849,0.000849
AATGGCCGCCAATGCG-1,0.003175,0.003177,0.003179,0.977761,0.003177,0.003177,0.003177,0.003177
AATGGTCCACCGTTCA-1,0.000263,0.000263,0.000263,0.99816,0.000263,0.000263,0.000263,0.000263
AATGTATGGCACTGTA-1,0.000438,0.000438,0.089451,0.83803,0.000438,0.000438,0.07033,0.000438
AATGTGCCCGAGGTGT-1,0.00021,0.00021,0.00021,0.773419,0.00021,0.09983,0.083196,0.042714
AATGTGCTAATCTGAG-1,0.00036,0.00036,0.00036,0.765273,0.166285,0.016098,0.00036,0.050905
AATTAAAGGTCGGCGT-1,0.000034,0.000034,0.04025,0.797202,0.004315,0.017478,0.117431,0.023256
AATTACGAGACCCATC-1,0.005008,0.000338,0.258244,0.735058,0.000338,0.000338,0.000338,0.000338
AATTCATAAGGGATCT-1,0.000211,0.000211,0.000211,0.998523,0.000211,0.000211,0.000211,0.000211
AATTCATTGTCATGCA-1,0.000387,0.000387,0.000387,0.997288,0.000387,0.000387,0.000387,0.000387
AATTCTAGAGTTAGGC-1,0.0002,0.0002,0.0002,0.591075,0.199077,0.036566,0.172482,0.0002
AATTGAACGCTCTGGT-1,0.000065,0.000065,0.000065,0.23675,0.000065,0.117524,0.645402,0.000065
AATTGCGTGGATTACA-1,0.000139,0.000139,0.000139,0.610387,0.035847,0.260165,0.000139,0.093044
AATTTGGGACATAGTA-1,0.000545,0.000545,0.000545,0.996185,0.000545,0.000545,0.000545,0.000545
AATTTGGTTCCAAAGA-1,0.00583,0.000471,0.031281,0.72226,0.000471,0.000471,0.000471,0.238745
ACAAACCATGCGTCCT-1,0.000113,0.000113,0.45011,0.486984,0.029805,0.000113,0.000113,0.032647
ACAAAGAAGGTAGGCC-1,0.000224,0.000224,0.048508,0.861156,0.000224,0.000224,0.000224,0.089215
ACAAATCGCACCGAAT-1,0.000011,0.000011,0.011561,0.217869,0.062286,0.436318,0.265824,0.006121
ACAAATGGTAGTGTTT-1,0.000138,0.000138,0.000138,0.876797,0.000138,0.000138,0.122373,0.000138
ACAAATTCAGATCTGA-1,0.000168,0.000168,0.000168,0.422518,0.000168,0.32541,0.000168,0.25123
ACAACAGCATGAGCTA-1,0.000084,0.000084,0.000084,0.939838,0.000084,0.000084,0.059657,0.000084
ACAACGGTCCCTGCGA-1,0.006734,0.000071,0.000071,0.992841,0.000071,0.000071,0.000071,0.000071
ACAAGCAGTGCCTAGC-1,0.00024,0.00024,0.00024,0.822698,0.00024,0.13419,0.041914,0.00024
ACAAGCTATATGGAAG-1,0.040309,0.000241,0.000241,0.958247,0.000241,0.000241,0.000241,0.000241
ACAAGGAAATCCGCCC-1,0.000021,0.000021,0.000021,0.867593,0.002724,0.083581,0.03439,0.011648
ACAAGGACAAGAGGTT-1,0.00006,0.00006,0.013142,0.882618,0.00006,0.095158,0.00006,0.008841
ACAAGGCCTACCAGCC-1,0.000553,0.000553,0.000553,0.518936,0.000553,0.477745,0.000553,0.000553
ACAAGGGCAGGCTCTG-1,0.002856,0.00012,0.00012,0.996424,0.00012,0.00012,0.00012,0.00012
ACAATAGTCGTACGTT-1,0.000165,0.000165,0.116169,0.814477,0.000227,0.009452,0.000165,0.05918
ACAATCCATTTAAACC-1,0.001208,0.001208,0.001209,0.592574,0.192708,0.001209,0.001209,0.208675
ACAATGAATACGGAGA-1,0.000154,0.000154,0.009094,0.797594,0.000154,0.027978,0.000154,0.164717
ACAATGATTCTTCTAC-1,0.000116,0.000116,0.000116,0.12976,0.3069,0.394814,0.039857,0.128322
ACAATTGTGTCTCTTT-1,0.000108,0.000108,0.000108,0.737388,0.000108,0.1233,0.138772,0.000108
ACAATTTAGGAGGCTC-1,0.000228,0.000228,0.000228,0.779568,0.060628,0.000711,0.158181,0.000228
ACAATTTGAGCAGTGG-1,0.000122,0.000122,0.000122,0.999144,0.000122,0.000122,0.000122,0.000122
ACAATTTGGCCATATT-1,0.00011,0.00011,0.00011,0.579868,0.201022,0.07816,0.123912,0.016708
ACACAAAGACGGGTGG-1,0.000118,0.000118,0.073526,0.714889,0.004198,0.126295,0.080737,0.000118
ACACAAATATTCCTAG-1,0.000741,0.000741,0.099455,0.896097,0.000741,0.000741,0.000742,0.000741
ACACACCAGGACCAGT-1,0.000116,0.000116,0.027892,0.582358,0.264241,0.122355,0.002807,0.000116
ACACACTTTCTACACG-1,0.0003,0.0003,0.000301,0.352962,0.410063,0.000301,0.000301,0.235472
ACACATGATCAAATCT-1,0.000305,0.000306,0.088866,0.909301,0.000305,0.000305,0.000305,0.000305
ACACCACATAATTAGC-1,0.002991,0.000088,0.000088,0.72408,0.004162,0.042786,0.162969,0.062835
ACACCCAGCATGCAGC-1,0.002994,0.000329,0.034086,0.892534,0.000329,0.000497,0.000329,0.068904
ACACCCGTAAATCTGT-1,0.000238,0.000238,0.000238,0.998334,0.000238,0.000238,0.000238,0.000238
ACACCGGTCTGACCGC-1,0.000257,0.000257,0.148883,0.721407,0.128424,0.000257,0.000257,0.000257
ACACCTTACTACTTGC-1,0.003893,0.000127,0.000127,0.776552,0.000127,0.00661,0.212437,0.000127
ACACGAGACTCCTTCT-1,0.000039,0.000039,0.000039,0.30989,0.000039,0.012554,0.672158,0.005242
ACACGGCACTATGCAT-1,0.007939,0.007944,0.007941,0.705402,0.246945,0.007942,0.007943,0.007944
ACACGGGAACTTAGGG-1,0.00012,0.00012,0.064811,0.934467,0.00012,0.00012,0.00012,0.00012
ACACTGATCAAGGTGT-1,0.000031,0.000031,0.000031,0.007481,0.014087,0.003044,0.214104,0.761189
ACAGAACTGAGAACAA-1,0.004901,0.000104,0.009899,0.596846,0.000104,0.303926,0.080464,0.003757
ACAGATTAGGTTAGTG-1,0.000479,0.000479,0.000479,0.451422,0.000479,0.000479,0.119085,0.427097
ACAGCATAGAGCCAGT-1,0.001764,0.000073,0.01792,0.255555,0.000073,0.006992,0.1525,0.565124
ACAGCGCACCCGCAGC-1,0.030194,0.000639,0.000639,0.783323,0.000639,0.000639,0.000639,0.183288
ACAGGTGGAGGTGAGG-1,0.000157,0.000157,0.000157,0.894296,0.000157,0.000157,0.095438,0.009482
ACAGGTGTGTTGTTGC-1,0.000288,0.000288,0.000288,0.857607,0.000288,0.000288,0.140665,0.000288
ACAGTAATACAACTTG-1,0.000479,0.000479,0.039584,0.214332,0.126168,0.314396,0.157802,0.14676
ACAGTATACCGTGGGA-1,0.000273,0.000273,0.000273,0.998087,0.000273,0.000273,0.000273,0.000273
ACAGTGCAGCGCATTT-1,0.002021,0.002021,0.23155,0.601765,0.002022,0.156578,0.002022,0.002022
ACATAAGTCGTGGTGA-1,0.000257,0.000257,0.000257,0.846909,0.023416,0.12839,0.000257,0.000257
ACATAATAAGGCGGTG-1,0.000091,0.000091,0.000091,0.007151,0.078298,0.000091,0.716243,0.197944
ACATCAGCTGGGACGC-1,0.002912,0.000355,0.000355,0.994956,0.000355,0.000355,0.000355,0.000355
ACATCCCGGCCATACG-1,0.002595,0.000094,0.000094,0.400226,0.06403,0.105797,0.000094,0.427069
ACATCCTGGTAACTGT-1,0.004817,0.000197,0.000197,0.993998,0.000197,0.000198,0.000198,0.000197
ACATCGATCGTTTACC-1,0.000389,0.000389,0.000389,0.5632,0.000389,0.000389,0.307466,0.12739
ACATCGGTCAGCCGCG-1,0.000155,0.000155,0.029933,0.685164,0.000155,0.28327,0.001013,0.000155
ACATCGTATGCAATGG-1,0.000192,0.000192,0.000192,0.996123,0.000192,0.002727,0.000192,0.000192
ACATCGTTAACCTAGT-1,0.003585,0.003586,0.112181,0.866301,0.003587,0.003587,0.003586,0.003587
ACATCTCAACGCGTAA-1,0.000366,0.000366,0.110236,0.216461,0.000366,0.628636,0.043205,0.000366
ACATGCTTACGGCAGC-1,0.000241,0.000241,0.027375,0.535702,0.000241,0.405113,0.000241,0.030844
ACATGGCGCCAAAGTA-1,0.002527,0.000136,0.000136,0.996656,0.000136,0.000136,0.000136,0.000136
ACATTAGTTTATATCC-1,0.000298,0.000298,0.000298,0.477591,0.000298,0.000298,0.282491,0.238428
ACCAAACACCCAGCGA-1,0.003579,0.000087,0.661582,0.283537,0.000087,0.008453,0.042588,0.000087
ACCAACACCACACACT-1,0.00012,0.00012,0.176298,0.822981,0.00012,0.00012,0.00012,0.00012
ACCAACGCTTATTTAT-1,0.004489,0.000041,0.000041,0.063719,0.002621,0.009163,0.220449,0.699477
ACCAAGAACGCGTGTC-1,0.00003,0.00003,0.00003,0.285585,0.00003,0.171366,0.142285,0.400642
ACCACAACTCAGAACA-1,0.004833,0.004832,0.004835,0.966165,0.004834,0.004835,0.004833,0.004833
ACCACAAGTTTCTATC-1,0.000189,0.000189,0.000189,0.362573,0.000189,0.223695,0.378283,0.034695
ACCACCAATGTAACAA-1,0.018202,0.000077,0.000077,0.866685,0.11473,0.000077,0.000077,0.000077
ACCACCCTCTCTTCTA-1,0.000258,0.000258,0.141727,0.768622,0.000258,0.000258,0.000258,0.088361
ACCACGTGCAGCTATA-1,0.000018,0.000018,0.002889,0.521133,0.04386,0.227099,0.188072,0.016909
ACCAGACCATAACAAC-1,0.000409,0.000409,0.000409,0.683691,0.138219,0.000409,0.176047,0.000409
ACCAGCCCGGTCTTTG-1,0.000882,0.000882,0.000882,0.993823,0.000882,0.000882,0.000882,0.000882
ACCAGTGCCCGGTCAA-1,0.000193,0.000193,0.000193,0.796273,0.000193,0.075965,0.000193,0.126797
ACCAGTGCGGGAGACG-1,0.001315,0.000081,0.014275,0.26454,0.15197,0.435594,0.129235,0.00299
ACCATCCGCCAACTAG-1,0.000239,0.000239,0.000239,0.99833,0.000239,0.000239,0.000239,0.000239
ACCATCGTATATGGTA-1,0.000213,0.000213,0.000213,0.831573,0.000213,0.000213,0.105275,0.062089
ACCCAACGCCCGTGGC-1,0.000132,0.000132,0.000132,0.9733,0.0106,0.001773,0.013799,0.000132
ACCCACCTACATGCTC-1,0.000183,0.000183,0.000183,0.817752,0.181147,0.000183,0.000183,0.000183
ACCCATCTTGAGGGTA-1,0.000126,0.000126,0.021021,0.569705,0.000126,0.015712,0.373115,0.020069
ACCCGAGCGAAATTAC-1,0.000205,0.000205,0.447901,0.477331,0.001063,0.000205,0.000205,0.072885
ACCCGATTGGTTCCGA-1,0.000519,0.000519,0.00052,0.515699,0.00052,0.481184,0.00052,0.00052
ACCCGGAAACTCCCAG-1,0.006026,0.000481,0.028023,0.280647,0.000481,0.056465,0.000481,0.627395
ACCCGGATGACGCATC-1,0.013139,0.000138,0.224476,0.639733,0.000138,0.000138,0.122098,0.000138
ACCCGGTTACACTTCC-1,0.000063,0.000063,0.007383,0.30765,0.021721,0.03203,0.628947,0.002142
ACCCGTAGCAGAGAAT-1,0.000111,0.000111,0.000111,0.414571,0.000111,0.415695,0.000111,0.16918
ACCCGTGTCATCAGTA-1,0.010132,0.000059,0.035508,0.50214,0.000059,0.219771,0.000059,0.232271
ACCCTATGCCATATCG-1,0.000128,0.000128,0.000128,0.22649,0.128588,0.029926,0.151861,0.462752
ACCCTCCCTTGCTATT-1,0.00015,0.00015,0.00015,0.594874,0.003087,0.32053,0.080911,0.00015
ACCCTGGTAACGCCCT-1,0.000179,0.000179,0.323809,0.675118,0.000179,0.000179,0.000179,0.000179
ACCCTTCATCTGCGAA-1,0.000621,0.000621,0.000621,0.6577,0.000621,0.000621,0.000621,0.338573
ACCCTTGCCTGGGTCG-1,0.000162,0.000162,0.000162,0.000324,0.083798,0.273084,0.478067,0.164243
ACCCTTTAGTTCTCCA-1,0.00041,0.00041,0.00041,0.799072,0.00041,0.0892,0.00041,0.109676
ACCGAAAGGGCCCTGC-1,0.002643,0.000114,0.000114,0.996671,0.000114,0.000114,0.000114,0.000114
ACCGAAGAGTCTGGTT-1,0.010592,0.000169,0.288801,0.612373,0.000169,0.078562,0.000169,0.009165
ACCGACTGAGTCCCAC-1,0.000225,0.000225,0.000225,0.921103,0.000225,0.000225,0.000225,0.077549
ACCGATGGTAGCATCG-1,0.000112,0.000112,0.000112,0.999216,0.000112,0.000112,0.000112,0.000112
ACCGCAATAACTGCCT-1,0.008453,0.000325,0.000325,0.416359,0.041353,0.471032,0.042773,0.01938
ACCGCGGTGGAAGTCG-1,0.00131,0.00004,0.00004,0.06459,0.28123,0.162178,0.481645,0.008967
ACCGGGCCTTTGTTGA-1,0.004717,0.000045,0.017923,0.593568,0.010014,0.212216,0.161471,0.000045
ACCGGTCAGGTACACC-1,0.000307,0.000306,0.165644,0.832518,0.000306,0.000306,0.000306,0.000306
ACCGGTCTGAGTACGG-1,0.008613,0.000325,0.044604,0.268075,0.000325,0.510262,0.000325,0.167471
ACCGTCCACTGGGCCC-1,0.000113,0.000113,0.743722,0.246961,0.000113,0.008753,0.000113,0.000113
ACCGTGACCACGTGGG-1,0.000354,0.000354,0.119147,0.878728,0.000354,0.000354,0.000354,0.000354
ACCGTTCCCGCTCTGA-1,0.001443,0.001443,0.001444,0.904102,0.001444,0.001444,0.001444,0.087234
ACCTAAGTACCTTTCA-1,0.000168,0.000167,0.000167,0.840213,0.000167,0.091669,0.055307,0.012141
ACCTAATCGACTTCCT-1,0.000219,0.000219,0.000219,0.814427,0.000219,0.082564,0.049831,0.0523
ACCTACAGTATGTGGT-1,0.000112,0.000112,0.380758,0.517247,0.000112,0.100499,0.000112,0.001049
ACCTCCGTTATTCACC-1,0.001358,0.000076,0.000076,0.545682,0.000076,0.024762,0.34664,0.081329
ACCTCGAACTTATGCT-1,0.000394,0.000394,0.081364,0.786466,0.000394,0.130199,0.000394,0.000394
ACCTGCGTGTCATGTT-1,0.000214,0.000214,0.000214,0.95139,0.000214,0.000214,0.047327,0.000214
ACGAAATGGGCGGCAC-1,0.00051,0.00051,0.191434,0.805506,0.00051,0.00051,0.00051,0.00051
ACGACTGGTCATACTC-1,0.000316,0.000316,0.000316,0.908036,0.000316,0.090069,0.000316,0.000316
ACGAGATATTTGCTTA-1,0.003473,0.003474,0.414259,0.234989,0.003475,0.003475,0.003475,0.333381
ACGAGGATACCACTCT-1,0.000423,0.000423,0.119856,0.5526,0.05326,0.272593,0.000423,0.000423
ACGAGGTTTACAACGT-1,0.004753,0.000107,0.618382,0.376331,0.000107,0.000107,0.000107,0.000107
ACGAGTACGGATGCCC-1,0.000161,0.000161,0.288614,0.710422,0.000161,0.000161,0.000161,0.000161
ACGATACATAGAACTA-1,0.000092,0.000092,0.000092,0.274225,0.053034,0.350131,0.23341,0.088925
ACGATACCTATCCTGA-1,0.00014,0.00014,0.097343,0.285793,0.184707,0.048829,0.352875,0.030171
ACGATCATACATAGAG-1,0.00006,0.00006,0.021871,0.025288,0.089208,0.019242,0.729929,0.114343
ACGATCATCTTGTAAA-1,0.00113,0.000096,0.000096,0.998294,0.000096,0.000096,0.000096,0.000096
ACGATGCATATGTTAT-1,0.000127,0.000127,0.021825,0.95313,0.000127,0.009387,0.015151,0.000127
ACGATGGATCCGATGC-1,0.00067,0.00067,0.00067,0.347991,0.00067,0.581889,0.00067,0.066771
ACGCAAACTAATAGAT-1,0.003316,0.000324,0.000324,0.89855,0.000324,0.000324,0.000324,0.096514
ACGCAATCACTACAGC-1,0.000191,0.00019,0.062907,0.893046,0.00019,0.00019,0.043095,0.00019
ACGCATAAATGACATG-1,0.000206,0.000205,0.034525,0.478645,0.000206,0.386655,0.000206,0.099353
ACGCATTCGTGAGTAC-1,0.000019,0.000019,0.004459,0.000038,0.000019,0.000019,0.993185,0.002243
ACGCCAGATGATTTCT-1,0.000585,0.000585,0.000585,0.809162,0.000585,0.000585,0.126591,0.061321
ACGCCCAGCTGTCGAT-1,0.001355,0.001356,0.001356,0.636143,0.001356,0.226066,0.001356,0.131013
ACGCCGCTAGACGACC-1,0.004546,0.000011,0.004841,0.000023,0.141325,0.169164,0.675687,0.004403
ACGCGAAGTCAGACGA-1,0.000135,0.000135,0.000135,0.402723,0.004874,0.16527,0.044452,0.382278
ACGCGCTACACAGGGT-1,0.000218,0.000218,0.000218,0.998474,0.000218,0.000218,0.000218,0.000218
ACGCGGGCCAAGGACA-1,0.000031,0.000031,0.000031,0.271869,0.001977,0.085852,0.44542,0.194787
ACGCGTTTCTTAAGAG-1,0.000258,0.000258,0.000258,0.841768,0.000258,0.000258,0.156684,0.000258
ACGCTAGTATCAGTGC-1,0.108662,0.003088,0.003087,0.872809,0.003088,0.003089,0.003088,0.003088
ACGCTAGTGATACACT-1,0.004652,0.00017,0.26257,0.496745,0.00017,0.235352,0.00017,0.00017
ACGCTGTGAGGCGTAG-1,0.402513,0.000238,0.032284,0.564016,0.000238,0.000238,0.000238,0.000238
ACGCTTAGTGTCTCTC-1,0.001292,0.001293,0.001293,0.670187,0.001293,0.322056,0.001293,0.001293
ACGGACGCAGCGACAA-1,0.000202,0.000203,0.088622,0.526063,0.000203,0.161275,0.000203,0.223231
ACGGAGCGCAAATTAC-1,0.000254,0.000254,0.018431,0.980043,0.000254,0.000254,0.000254,0.000254
ACGGCACTTGCTTGGG-1,0.000069,0.000069,0.000069,0.832759,0.000069,0.036837,0.000069,0.130059
ACGGCCAACATGGACT-1,0.000039,0.000039,0.01947,0.292391,0.004896,0.234732,0.035011,0.413423
ACGGCGACGATGGGAA-1,0.000024,0.000024,0.023342,0.492156,0.117804,0.272699,0.089504,0.004449
ACGGCTGGATGTAGAA-1,0.008016,0.000197,0.334029,0.65697,0.000197,0.000197,0.000197,0.000197
ACGGGAGTGTCGGCCC-1,0.000066,0.000066,0.000066,0.278302,0.000066,0.026854,0.641765,0.052815
ACGGGCGTATGCGACA-1,0.000201,0.000201,0.017314,0.981482,0.000201,0.000201,0.000201,0.000201
ACGGGTTGTGACCTGT-1,0.000868,0.000868,0.000869,0.712976,0.000869,0.000869,0.000869,0.281813
ACGGTCACCGAGAACA-1,0.000153,0.000153,0.000153,0.62462,0.000153,0.334568,0.000153,0.04005
ACGTACAGATTTCTCT-1,0.000868,0.000869,0.000869,0.838127,0.000869,0.000869,0.156662,0.000869
ACGTACTTTGGCACGG-1,0.000654,0.000654,0.000654,0.64099,0.000654,0.000654,0.000654,0.355086
ACGTAGATTGCTGATG-1,0.005945,0.000138,0.000138,0.850376,0.000138,0.000144,0.142985,0.000138
ACGTATTACTCCGATC-1,0.0002,0.0002,0.040302,0.875003,0.0002,0.083697,0.0002,0.0002
ACGTCGGGCAACTCGG-1,0.000177,0.000177,0.000177,0.816023,0.000177,0.182915,0.000177,0.000177
ACGTCTCGTTCCGGGA-1,0.02023,0.000102,0.000102,0.786186,0.000102,0.077331,0.115847,0.000102
ACGTGACAAAGTAAGT-1,0.000212,0.000212,0.052232,0.946495,0.000212,0.000212,0.000212,0.000212
ACGTGCGCCTCGTGCA-1,0.000099,0.000099,0.000099,0.398386,0.000099,0.042353,0.085191,0.473675
ACGTTAATGTCGAAGA-1,0.006919,0.000032,0.054358,0.461437,0.123606,0.215447,0.108787,0.029414
ACGTTAGATTTGCCCG-1,0.000218,0.000218,0.166466,0.614098,0.000218,0.167955,0.030016,0.020812
ACGTTATTGGTCACTC-1,0.000601,0.000601,0.000601,0.600075,0.000601,0.396319,0.000601,0.000601
ACGTTCCGCGCTCCGT-1,0.103361,0.000251,0.000251,0.509586,0.000251,0.325942,0.060107,0.000251
ACGTTCGCAATCAATT-1,0.000108,0.000108,0.000108,0.999242,0.000108,0.000108,0.000108,0.000108
ACGTTCGTTCAGGAAA-1,0.001727,0.000089,0.150298,0.267336,0.000089,0.28123,0.179778,0.119452
ACGTTTAGTTGTGATC-1,0.001407,0.001408,0.001407,0.694806,0.001407,0.001408,0.001407,0.29675
ACTAAGGACGCACACC-1,0.00039,0.00039,0.028986,0.372448,0.205601,0.213791,0.00039,0.178003
ACTAATACGTCAGGCG-1,0.000211,0.000211,0.000211,0.573888,0.000211,0.36306,0.000211,0.061997
ACTACATCCCGACAAG-1,0.000279,0.000279,0.101593,0.896736,0.000279,0.000279,0.000279,0.000279
ACTACGCGTTAGAATT-1,0.000231,0.000231,0.411444,0.503329,0.000231,0.084073,0.000231,0.000231
ACTAGTTGCGATCGTC-1,0.000588,0.000031,0.000031,0.454157,0.056493,0.201748,0.151189,0.135764
ACTATATGCTGTGTTC-1,0.00101,0.001011,0.14798,0.615351,0.001011,0.231615,0.001011,0.001011
ACTATCCAGGGCATGG-1,0.000047,0.000047,0.000047,0.337226,0.242381,0.099341,0.320866,0.000047
ACTATGTCCAGCTGCC-1,0.000215,0.000215,0.343495,0.586021,0.069409,0.000215,0.000215,0.000215
ACTATTCGTCCGTGGT-1,0.009214,0.000307,0.304918,0.577793,0.000307,0.000307,0.106847,0.000307
ACTATTTCCGGGCCCA-1,0.004473,0.000483,0.000483,0.749914,0.000483,0.096864,0.000483,0.146815
ACTCAATAAAGGCACG-1,0.000137,0.000137,0.000137,0.505063,0.000137,0.242544,0.008291,0.243556
ACTCATGGCAGCCTTC-1,0.000761,0.000761,0.047684,0.947747,0.000762,0.000762,0.000762,0.000762
ACTCCAATATCATCAT-1,0.020751,0.000434,0.000434,0.976643,0.000434,0.000434,0.000434,0.000434
ACTCCCATTCCTAAAG-1,0.000101,0.000101,0.000101,0.956697,0.000101,0.01985,0.000101,0.02295
ACTCCCGAATTCGTTT-1,0.000087,0.000087,0.494576,0.5049,0.000087,0.000087,0.000087,0.000087
ACTCCCGTAGACTAGG-1,0.023357,0.000232,0.608768,0.219595,0.147352,0.000232,0.000232,0.000232
ACTCCCTAGAATAGTA-1,0.000642,0.000643,0.000643,0.419764,0.000643,0.291714,0.000643,0.285309
ACTCGATGTATTTCAT-1,0.005706,0.000227,0.000227,0.556368,0.000227,0.379752,0.057265,0.000227
ACTCGCGATCTGACGC-1,0.000312,0.000312,0.047196,0.683922,0.041378,0.226255,0.000312,0.000312
ACTCGTAACCCGTCCT-1,0.000746,0.000746,0.000746,0.815998,0.000746,0.000746,0.179525,0.000746
ACTCGTCAGTAATCCC-1,0.000144,0.000144,0.136786,0.837028,0.000144,0.000144,0.025468,0.000144
ACTCTAAACCTGGGAT-1,0.004869,0.000438,0.000438,0.824588,0.123708,0.045083,0.000438,0.000438
ACTCTCTGACTTAGGT-1,0.010514,0.000249,0.036397,0.861653,0.000249,0.09044,0.000249,0.000249
ACTCTCTTATACACGA-1,0.00247,0.00247,0.375672,0.609504,0.002471,0.002471,0.002471,0.002471
ACTCTTCAGCTCCCGC-1,0.006247,0.000107,0.197283,0.348119,0.447922,0.000107,0.000107,0.000107
ACTCTTGTATAGTAAC-1,0.000023,0.000023,0.000023,0.094642,0.000023,0.002458,0.902784,0.000023
ACTGAATGGCGAAAGT-1,0.000038,0.000038,0.005699,0.855111,0.000038,0.123264,0.015772,0.000038
ACTGATTTAGTGATTC-1,0.000741,0.000741,0.000741,0.528355,0.000741,0.366544,0.000741,0.101395
ACTGCCCGCCATTCTC-1,0.001182,0.001183,0.180413,0.560279,0.253394,0.001183,0.001183,0.001183
ACTGCCGTCGTAACTC-1,0.000087,0.000087,0.009769,0.194158,0.000087,0.000087,0.169318,0.626406
ACTGCGGACACACCGT-1,0.000106,0.000106,0.000106,0.965015,0.000107,0.000107,0.034346,0.000107
ACTGCTCGGAAGGATG-1,0.01535,0.000083,0.697173,0.222012,0.000083,0.000083,0.065133,0.000083
ACTGGCGAACCTGCGT-1,0.000534,0.000535,0.000535,0.191967,0.015545,0.789816,0.000535,0.000535
ACTGTACGATACACAT-1,0.000145,0.000145,0.000145,0.865557,0.000145,0.000145,0.133571,0.000145
ACTGTAGCACTTTGGA-1,0.002844,0.000131,0.000131,0.996373,0.000131,0.000131,0.000131,0.000131
ACTGTCCAGGATTATA-1,0.000457,0.000458,0.062108,0.46477,0.000458,0.318934,0.152358,0.000458
ACTGTCTTCTTTAGAA-1,0.000064,0.000064,0.035011,0.482769,0.048353,0.248334,0.151846,0.033558
ACTTACCGGGCGCGCA-1,0.006175,0.006173,0.224812,0.738132,0.006177,0.006177,0.006177,0.006177
ACTTATACTTACCCGG-1,0.002353,0.000119,0.000119,0.996934,0.000119,0.000119,0.000119,0.000119
ACTTATTAGGATCGGT-1,0.00057,0.00057,0.093812,0.506508,0.00057,0.00057,0.137215,0.260184
ACTTATTTATGTGCCA-1,0.000069,0.000069,0.000069,0.980552,0.000069,0.000069,0.019032,0.000069
ACTTCAGGCTGATCCC-1,0.000293,0.000293,0.000293,0.424883,0.000293,0.326929,0.246721,0.000293
ACTTCCAGTGGAAGCT-1,0.000292,0.000292,0.249022,0.749227,0.000292,0.000292,0.000292,0.000292
ACTTCCTGTCGTGCGA-1,0.003473,0.003474,0.003475,0.340206,0.057702,0.003475,0.003475,0.584721
ACTTCGCCATACGCAC-1,0.000255,0.000254,0.000254,0.875418,0.000254,0.073873,0.000254,0.049437
ACTTCGCTAGCGAGTG-1,0.000194,0.000194,0.000194,0.286721,0.000194,0.010356,0.701952,0.000194
ACTTGACTCCCTCTTT-1,0.00013,0.00013,0.00013,0.866033,0.00013,0.133186,0.00013,0.00013
ACTTGCTCTATCTACC-1,0.000166,0.000166,0.000166,0.288243,0.000166,0.532887,0.000166,0.178038
ACTTGTAGTCCCTTCA-1,0.000132,0.000132,0.000132,0.18356,0.002831,0.254951,0.557577,0.000687
ACTTTACCCTCATGAA-1,0.000106,0.000106,0.028551,0.970812,0.000106,0.000106,0.000106,0.000106
ACTTTATACACCACTT-1,0.000286,0.000287,0.000287,0.073513,0.110936,0.643336,0.000287,0.171069
ACTTTCCTATAGCTTC-1,0.000198,0.000198,0.000198,0.996059,0.000198,0.002754,0.000198,0.000198
ACTTTGACTGCATCCT-1,0.000242,0.000242,0.000242,0.971809,0.000242,0.000242,0.026737,0.000242
ACTTTGGTCGTGCTCC-1,0.000463,0.000463,0.000463,0.996758,0.000463,0.000463,0.000463,0.000463
AGAACACGGCGATGGT-1,0.000106,0.000106,0.000106,0.138776,0.09831,0.645583,0.000106,0.116908
AGAACCCAGCGTGACA-1,0.015701,0.000094,0.013338,0.614116,0.000094,0.23552,0.121044,0.000094
AGAACCCTCAATTGGG-1,0.000189,0.000189,0.234659,0.687163,0.077233,0.000189,0.000189,0.000189
AGAACGTGGTACATTC-1,0.02713,0.000178,0.000178,0.971804,0.000178,0.000178,0.000178,0.000178
AGAAGAGCGCCGTTCC-1,0.000727,0.000727,0.000727,0.994913,0.000727,0.000727,0.000727,0.000727
AGAAGGTACACTTCAC-1,0.000314,0.000313,0.000313,0.869634,0.000313,0.000313,0.128486,0.000313
AGAAGGTTGCCGAATT-1,0.000123,0.000123,0.014142,0.866124,0.000123,0.119118,0.000123,0.000123
AGAAGTGATTCGTGAT-1,0.003457,0.000088,0.000088,0.399463,0.003872,0.185745,0.29594,0.111346
AGAATAAATCTTCAGG-1,0.015937,0.000209,0.000209,0.809747,0.000209,0.000209,0.173269,0.000209
AGAATGCGGGTTCGGA-1,0.000699,0.000699,0.000699,0.877584,0.000699,0.000699,0.11822,0.000699
AGAATTATGGATTCGA-1,0.003905,0.000069,0.000069,0.458891,0.00884,0.038907,0.393731,0.095588
AGACAGCTCAGAATCC-1,0.000135,0.000135,0.044082,0.451667,0.000135,0.238502,0.166806,0.09854
AGACCAAACCACACCT-1,0.005053,0.000156,0.164348,0.719495,0.085374,0.000156,0.000156,0.025263
AGACCATGGGATACAA-1,0.00032,0.00032,0.00032,0.90499,0.077202,0.016205,0.00032,0.00032
AGACCCGCCCTCCTCG-1,0.000104,0.000104,0.043281,0.787669,0.000104,0.000104,0.167551,0.001085
AGACCGGGAAACCCTG-1,0.000155,0.000155,0.000155,0.998913,0.000155,0.000155,0.000155,0.000155
AGACGAAGTGCCGGTC-1,0.000367,0.000367,0.000367,0.332821,0.15221,0.391008,0.122493,0.000367
AGACGACGATGCCGCT-1,0.000069,0.000069,0.000069,0.202474,0.150705,0.362472,0.039585,0.244556
AGACGGGCCGATTTAA-1,0.000215,0.000215,0.000215,0.332161,0.000215,0.543338,0.000215,0.123424
AGACTGTTACCGGGTC-1,0.000128,0.000127,0.075052,0.747522,0.017019,0.150956,0.009069,0.000128
AGAGAAACACCAGAAA-1,0.035485,0.000068,0.028763,0.353229,0.017978,0.497026,0.052201,0.015249
AGAGAACCGTCTAGGA-1,0.000058,0.000058,0.000058,0.148492,0.04979,0.378436,0.411268,0.011838
