Barcode,Topic 1,Topic 2,Topic 3to10
AAACAACGAATAGTTC-1,0.000495,0.000495,0.99901
AAACAAGTATCTCCCA-1,0.000072,0.153061,0.846867
AAACACCAATAACTGC-1,0.000008,0.01275,0.987242
AAACAGAGCGACTCCT-1,0.000041,0.040858,0.959101
AAACAGCTTTCAGAAG-1,0.000087,0.000087,0.999826
AAACAGGGTCTATATT-1,0.000038,0.007612,0.992351
AAACATGGTGAGAGGA-1,0.000029,0.006889,0.993082
AAACATTTCCCGGATT-1,0.000794,0.000794,0.998412
AAACCACTACACAGAT-1,0.000038,0.03385,0.966112
AAACCCGAACGAAATC-1,0.000058,0.089751,0.910191
AAACCGGAAATGTTAA-1,0.000085,0.000085,0.999829
AAACCGGGTAGGTACC-1,0.000029,0.006262,0.993709
AAACCGTTCGTCCAGG-1,0.000041,0.108927,0.891031
AAACCTCATGAAGTTG-1,0.000077,0.013931,0.985992
AAACGAAGATGGAGTA-1,0.00003,0.00003,0.99994
AAACGACAGTCTTGCC-1,0.000068,0.01258,0.987352
AAACGAGACGGTTGAT-1,0.000095,0.000095,0.99981
AAACGCCCGAGATCGG-1,0.000039,0.043464,0.956497
AAACGGGCGTACGGGT-1,0.000467,0.000467,0.999065
AAACGGGTTGGTATCC-1,0.000209,0.000209,0.999582
AAACGTGTTCGCCCTA-1,0.000035,0.000035,0.99993
AAACTAACGTGGCGAC-1,0.000037,0.000037,0.999925
AAACTCGTGATATAAG-1,0.000045,0.02688,0.973075
AAACTTAATTGCACGC-1,0.000067,0.000067,0.999866
AAACTTGCAAACGTAT-1,0.000026,0.08751,0.912464
AAAGAATGACCTTAGA-1,0.000026,0.101315,0.898659
AAAGACATGAAGTTTA-1,0.000118,0.139115,0.860768
AAAGACTGGGCGCTTT-1,0.000005,0.000005,0.999991
AAAGCTTGCCTACATA-1,0.000481,0.145031,0.854488
AAAGGCCCTATAATAC-1,0.0001,0.0001,0.9998
AAAGGCTCTCGCGCCG-1,0.000047,0.044584,0.955369
AAAGGGCAGCTTGAAT-1,0.000035,0.000035,0.999931
AAAGGTAAGCTGTACC-1,0.000048,0.000048,0.999903
AAAGGTCAACGACATG-1,0.000275,0.000276,0.999449
AAAGTAGCATTGCTCA-1,0.000042,0.008019,0.991938
AAAGTCGACCCTCAGT-1,0.00006,0.015787,0.984153
AAAGTGCCATCAATTA-1,0.000267,0.000267,0.999465
AAAGTGTGATTTATCT-1,0.000556,0.000556,0.998889
AAAGTTGACTCCCGTA-1,0.000051,0.000051,0.999898
AAATAACCATACGGGA-1,0.000041,0.027319,0.97264
AAATAAGGTAGTGCCC-1,0.00002,0.032512,0.967468
AAATAGCTTAGACTTT-1,0.000012,0.000417,0.99957
AAATCACTCCTAAACG-1,0.00001,0.003022,0.996968
AAATCCGATACACGCC-1,0.000346,0.000346,0.999308
AAATCGCGGAAGGAGT-1,0.000025,0.001537,0.998438
AAATCTAGCCCTGCTA-1,0.000111,0.013514,0.986375
AAATGATTCGATCAGC-1,0.000047,0.006756,0.993197
AAATGCTCGTTACGTT-1,0.000364,0.000364,0.999273
AAATGGCCCGTGCCCT-1,0.00002,0.015365,0.984615
AAATGGTCAATGTGCC-1,0.000075,0.000075,0.99985
AAATGTATCTTATCCC-1,0.000952,0.000953,0.998095
AAATTAATAAGCGCGA-1,0.000136,0.000136,0.999727
AAATTACACGACTCTG-1,0.000046,0.01759,0.982364
AAATTACCTATCGATG-1,0.00005,0.083223,0.916727
AAATTCCAGGTCCAAA-1,0.00003,0.00003,0.99994
AAATTGATAGTCCTTT-1,0.000063,0.000063,0.999875
AAATTGCGGCGGTTCT-1,0.000472,0.000472,0.999056
AAATTGGTGAGAAGCA-1,0.000034,0.024185,0.975781
AAATTTACCGAAATCC-1,0.000057,0.000057,0.999885
AAATTTGCGGGTGTGG-1,0.000037,0.000054,0.999909
AACAACTGGTAGTTGC-1,0.000095,0.000095,0.99981
AACAATACATTGTCGA-1,0.000074,0.000074,0.999852
AACAATTACTCTACGC-1,0.000014,0.000014,0.999973
AACACACGCTCGCCGC-1,0.000251,0.000251,0.999499
AACACGAGACGCGGCC-1,0.000021,0.054542,0.945437
AACACGCGGCCGCGAA-1,0.00037,0.00037,0.999259
AACAGCTGTGTGGCAA-1,0.000041,0.000041,0.999919
AACAGGATGGGCCGCG-1,0.000011,0.000011,0.999977
AACAGGTAGTATGGAT-1,0.00102,0.001021,0.997959
AACATATCAACTGGTG-1,0.00003,0.170502,0.829468
AACATCGATACGTCTA-1,0.000049,0.046359,0.953592
AACATTGGTCAGCCGT-1,0.000094,0.000094,0.999811
AACCAAGACTTCTCTG-1,0.000005,0.000404,0.999591
AACCAGTATCACTCTT-1,0.000073,0.089287,0.91064
AACCATAGGGTTGAAC-1,0.000033,0.063809,0.936158
AACCATGGGATCGCTA-1,0.000351,0.000351,0.999298
AACCCAGAGACGGAGA-1,0.000055,0.000055,0.99989
AACCCATCCCATGATC-1,0.000045,0.094317,0.905637
AACCCGACAACCCGTG-1,0.000188,0.000188,0.999624
AACCCGAGCAGAATCG-1,0.000158,0.000158,0.999683
AACCCGATAGGGCTTC-1,0.000057,0.025466,0.974476
AACCCTACTGTCAATA-1,0.000015,0.016467,0.983518
AACCGCTAAGGGATGC-1,0.00021,0.00021,0.999581
AACCTGTCACGGAATT-1,0.000022,0.000022,0.999956
AACCTTTACGACGTCT-1,0.00006,0.103731,0.896209
AACGAAAGTCGTCCCA-1,0.000026,0.000026,0.999947
AACGATATGTCAACTG-1,0.000046,0.728663,0.27129
AACGCATGATCTGGGT-1,0.000056,0.090987,0.908957
AACGCGAACGGCAACA-1,0.000229,0.000229,0.999541
AACGCTGTTGCTGAAA-1,0.000052,0.000052,0.999895
AACGGACGTACGTATA-1,0.000167,0.000167,0.999666
AACGGCCATCTCCGGT-1,0.000049,0.010468,0.989483
AACGTACTGTGGGTAC-1,0.000045,0.106373,0.893582
AACGTAGTCTACCCAT-1,0.000694,0.000695,0.998611
AACGTCAGACTAGTGG-1,0.00007,0.036959,0.962971
AACGTGATGAAGGACA-1,0.000034,0.03673,0.963236
AACGTGCGAAAGTCTC-1,0.000676,0.000676,0.998648
AACGTTATCAGCACCT-1,0.000342,0.000343,0.999315
AACTACCCGTTTGTCA-1,0.00036,0.00036,0.99928
AACTAGGCTTGGGTGT-1,0.000253,0.000253,0.999494
AACTCAAGTTAATTGC-1,0.000028,0.045193,0.954779
AACTCCAGAGCGTGTT-1,0.000633,0.000633,0.998734
AACTCCTAATCCCATG-1,0.000052,0.006728,0.993221
AACTCGATAAACACGT-1,0.000267,0.000267,0.999467
AACTCGATGGCGCAGT-1,0.000244,0.057881,0.941874
AACTCTCAATAGAGCG-1,0.000032,0.010906,0.989061
AACTCTCAGTGTGCTC-1,0.000061,0.017888,0.98205
AACTGAGGTCAGCGTC-1,0.00004,0.03855,0.96141
AACTGAGTTATACTGA-1,0.000068,0.043134,0.956798
AACTGGGTTCGAGCCG-1,0.000103,0.142362,0.857535
AACTTCTGCGTCTATC-1,0.000901,0.000901,0.998198
AACTTGCCCGTATGCA-1,0.00001,0.00001,0.999979
AACTTGCGTTCTCGCG-1,0.000212,0.000212,0.999576
AACTTTACGGGAGCTT-1,0.000056,0.030456,0.969488
AACTTTCTCGATCATG-1,0.000104,0.000104,0.999792
AAGAAATCACCAGATT-1,0.000112,0.000112,0.999776
AAGAAGGATCAGTTAG-1,0.000212,0.000212,0.999575
AAGACCAAATAACTCA-1,0.000018,0.017023,0.982959
AAGACTAACCCGTTGT-1,0.000398,0.000399,0.999203
AAGACTCACGCCCACT-1,0.000282,0.000282,0.999437
AAGAGATGAATCGGTA-1,0.000007,0.00597,0.994024
AAGAGCTCTTTATCGG-1,0.000089,0.000089,0.999823
AAGAGGATGTACGCGA-1,0.000019,0.034859,0.965122
AAGAGGCATGGATCGC-1,0.000108,0.000108,0.999783
AAGAGGCCCTTTGGAA-1,0.000312,0.000312,0.999377
AAGATGGCACCGGACC-1,0.000042,0.020916,0.979042
AAGATTGGCGGAACGT-1,0.000053,0.039567,0.96038
AAGCCGAAGCGGTTTA-1,0.000161,0.000161,0.999678
AAGCCGCCGTGAAATC-1,0.000086,0.000086,0.999828
AAGCCGCTTTACCTTG-1,0.000069,0.030082,0.969849
AAGCCGGAGAGCAGGA-1,0.000249,0.000249,0.999502
AAGCGGAGTGCGCGCA-1,0.000033,0.076488,0.923479
AAGCGGCGTCATGGGT-1,0.000057,0.000057,0.999885
AAGCGTCCCTCATCGA-1,0.000029,0.043753,0.956218
AAGCTCGTGCCAAGTC-1,0.000355,0.000355,0.999291
AAGGAGCGGTTGGTGC-1,0.000503,0.000503,0.998995
AAGGATCGATCGCTTG-1,0.000014,0.000014,0.999972
AAGGATGAGGGACCTC-1,0.000059,0.089274,0.910667
AAGGCAGGCTGTCTCC-1,0.000422,0.000422,0.999156
AAGGCGCGTAAAGCTT-1,0.000029,0.002289,0.997682
AAGGCTGTGCTCATCG-1,0.000082,0.004251,0.995667
AAGGGAACGACTGGCT-1,0.000037,0.07347,0.926493
AAGGGACAGATTCTGT-1,0.000054,0.045256,0.95469
AAGGGACTATGCATTC-1,0.000071,0.001201,0.998729
AAGGGTTTGATTTCAG-1,0.000092,0.021263,0.978645
AAGGTATCCTAATATA-1,0.000014,0.888909,0.111078
AAGGTGATAAACCAGC-1,0.000173,0.017612,0.982214
AAGTAAGCTTCCAAAC-1,0.000386,0.000386,0.999228
AAGTAGAAGACCGGGT-1,0.000066,0.000066,0.999867
AAGTAGTGACGCGAGG-1,0.000005,0.000824,0.999171
AAGTCAATTGTCGTCA-1,0.000178,0.000178,0.999644
AAGTCTAGTAGCTGCC-1,0.000332,0.000332,0.999335
AAGTCTTCTGTGGCCT-1,0.000118,0.000118,0.999765
AAGTGACGACCGAATT-1,0.000023,0.040163,0.959814
AAGTGAGTCGGGTTTA-1,0.000157,0.050827,0.949016
AAGTGCAAAGGTAGAC-1,0.000048,0.058321,0.941631
AAGTGCCTTGACTGTA-1,0.000238,0.103369,0.896393
AAGTGCGTTAGAATCT-1,0.00004,0.001638,0.998322
AAGTTCACTCCAAGCT-1,0.000199,0.000199,0.999602
AAGTTCAGTCTGCGTA-1,0.000077,0.000077,0.999846
AAGTTCGGCCAACAGG-1,0.000036,0.064932,0.935032
AAGTTGTGATGTTATA-1,0.000312,0.000312,0.999377
AATAACAACGCTCGGC-1,0.000017,0.021708,0.978275
AATAACACTAGAACAA-1,0.000027,0.043822,0.956152
AATAATCTTCGTATCG-1,0.000127,0.041185,0.958687
AATACAATGTTTCAGG-1,0.00002,0.00002,0.99996
AATACCGGAGGGCTGT-1,0.000063,0.028169,0.971768
AATAGAACAGAGTGGC-1,0.000095,0.007512,0.992393
AATAGAATCTGTTTCA-1,0.000139,0.000139,0.999723
AATAGCAAGCCTCCTG-1,0.000036,0.008887,0.991078
AATAGCTACCGCGTGC-1,0.000046,0.000046,0.999909
AATAGTCCGTCCCGAC-1,0.000286,0.000286,0.999428
AATAGTCGCGAGTCGG-1,0.00031,0.00031,0.999381
AATATCAAGGTCGGAT-1,0.000292,0.000292,0.999415
AATATCCTAGCAAACT-1,0.000446,0.000447,0.999107
AATATCGAATCAATGC-1,0.000308,0.000308,0.999385
AATATCGAGGGTTCTC-1,0.000048,0.000048,0.999903
AATATTGGAGTATTGA-1,0.000007,0.001321,0.998672
AATCAGACTGCAGGAC-1,0.000658,0.000658,0.998684
AATCATGTAAAGACTC-1,0.000241,0.000241,0.999518
AATCCATGCAAGGGTG-1,0.000578,0.000578,0.998844
AATCGCCTCAGCGCCA-1,0.000266,0.085708,0.914026
AATCGCGCAGAGGACT-1,0.000036,0.000036,0.999927
AATCTAGGTTTACTTG-1,0.000035,0.018499,0.981466
AATCTATGCCGGAGCC-1,0.000043,0.000043,0.999915
AATCTCTACTGTGGTT-1,0.000847,0.000848,0.998305
AATCTGCGTTGGGACG-1,0.000035,0.010334,0.989631
AATCTGGCTTTCTAGT-1,0.000029,0.000029,0.999941
AATCTGGGTAGACCCT-1,0.00013,0.00013,0.99974
AATGACAGCAATGTCT-1,0.000036,0.063504,0.93646
AATGACGTAGGATGTC-1,0.000304,0.000304,0.999392
AATGACTGTCAGCCGG-1,0.000379,0.000379,0.999242
AATGAGTTCGCATATG-1,0.00098,0.000981,0.998039
AATGATGATACGCTAT-1,0.000041,0.051135,0.948824
AATGATGCGACTCCTG-1,0.000047,0.187884,0.812069
AATGCACCAAGCAATG-1,0.000034,0.006449,0.993517
AATGGCCGCCAATGCG-1,0.000049,0.010002,0.989949
AATGGTCCACCGTTCA-1,0.000006,0.000006,0.999988
AATGGTTCTCACAAGC-1,0.000465,0.000465,0.99907
AATGTATGGCACTGTA-1,0.000043,0.016147,0.98381
AATGTGCCCGAGGTGT-1,0.000063,0.027957,0.97198
AATGTGCTAATCTGAG-1,0.000094,0.000094,0.999813
AATTAAAGGTCGGCGT-1,0.000029,0.529592,0.470379
AATTACGAGACCCATC-1,0.000026,0.000026,0.999949
AATTACTCGTACGCTC-1,0.000157,0.000157,0.999686
AATTCATAAGGGATCT-1,0.00007,0.030117,0.969812
AATTCATTGTCATGCA-1,0.00006,0.00006,0.99988
AATTCCAACTTGGTGA-1,0.000699,0.0007,0.998601
AATTGAACGCTCTGGT-1,0.000119,0.006965,0.992917
AATTGCAGCAATCGAC-1,0.000426,0.000426,0.999149
AATTGCGTGGATTACA-1,0.000046,0.059998,0.939957
AATTGTGGTTGCCAAA-1,0.000676,0.000676,0.998649
AATTTGGGACATAGTA-1,0.000088,0.000088,0.999825
ACAAACCATGCGTCCT-1,0.000029,0.033433,0.966539
ACAAAGAAGGTAGGCC-1,0.00009,0.102172,0.897739
ACAAAGCATGACCTAG-1,0.000725,0.000725,0.998551
ACAAATCGCACCGAAT-1,0.00006,0.00006,0.999879
ACAAATGGTAGTGTTT-1,0.000166,0.037176,0.962658
ACAAATTCAGATCTGA-1,0.000037,0.035646,0.964316
ACAACGGTCCCTGCGA-1,0.000181,0.00909,0.990729
ACAAGCAGTGCCTAGC-1,0.000007,0.006551,0.993442
ACAAGCTATATGGAAG-1,0.000103,0.000103,0.999794
ACAAGGACAAGAGGTT-1,0.000013,0.029969,0.970018
ACAAGGATGCTTTAGG-1,0.000324,0.000324,0.999353
ACAAGGCCTACCAGCC-1,0.000058,0.031256,0.968686
ACAAGGGCAGGCTCTG-1,0.000175,0.000175,0.999651
ACAATAGTCGTACGTT-1,0.000034,0.019974,0.979992
ACAATCCATTTAAACC-1,0.000016,0.098299,0.901684
ACAATGAATACGGAGA-1,0.00004,0.117441,0.882519
ACAATGATTCTTCTAC-1,0.000062,0.022938,0.977001
ACAATTGTGTCTCTTT-1,0.000279,0.000279,0.999443
ACAATTTAGGAGGCTC-1,0.000087,0.000087,0.999827
ACAATTTGAGCAGTGG-1,0.00008,0.033487,0.966433
ACAATTTGGCCATATT-1,0.000855,0.000855,0.99829
ACACAAATATTCCTAG-1,0.000035,0.016443,0.983522
ACACACCAGGACCAGT-1,0.000321,0.000321,0.999359
ACACATGATCAAATCT-1,0.000035,0.042252,0.957713
ACACATTGACGCAACA-1,0.000265,0.000265,0.999469
ACACCACATAATTAGC-1,0.000009,0.001363,0.998628
ACACCCAGCATGCAGC-1,0.000125,0.031252,0.968622
ACACCCGAGAAATCCG-1,0.000114,0.000114,0.999772
ACACCCGTAAATCTGT-1,0.000046,0.000046,0.999908
ACACCGAGCGCTCTTT-1,0.000296,0.000296,0.999408
ACACCGGTCTGACCGC-1,0.000044,0.003852,0.996104
ACACCTTAAGTAGGGC-1,0.000012,0.000012,0.999976
ACACCTTACTACTTGC-1,0.000033,0.000033,0.999933
ACACGGGAACTTAGGG-1,0.000084,0.265381,0.734535
ACACGTAGGCCACAAG-1,0.000389,0.000389,0.999222
ACACTCCAATGTCACT-1,0.000256,0.000256,0.999487
ACACTGATCAAGGTGT-1,0.000154,0.033327,0.966519
ACACTGGGACAGTCGT-1,0.000238,0.000238,0.999524
ACAGAACTGAGAACAA-1,0.000029,0.034387,0.965584
ACAGCGACATTCTCAT-1,0.00101,0.00101,0.99798
ACAGCGCACCCGCAGC-1,0.000077,0.200848,0.799075
ACAGGAGGCGCAGCCG-1,0.000334,0.000335,0.999331
ACAGGCTTGCCCGACT-1,0.000054,0.000054,0.999891
ACAGGTGGAGGTGAGG-1,0.000055,0.112055,0.887891
ACAGGTGTGTTGTTGC-1,0.000167,0.000167,0.999666
ACAGTAATACAACTTG-1,0.000035,0.019474,0.98049
ACAGTATACCGTGGGA-1,0.00006,0.024107,0.975833
ACAGTGCAGCGCATTT-1,0.000483,0.133952,0.865565
ACATAAGTCGTGGTGA-1,0.000043,0.000043,0.999914
ACATCAGCTGGGACGC-1,0.000018,0.000018,0.999964
ACATCCCGGCCATACG-1,0.000037,0.099325,0.900638
ACATCCTGGTAACTGT-1,0.000147,0.000147,0.999706
ACATCGGTCAGCCGCG-1,0.000034,0.044464,0.955502
ACATCGTATGCAATGG-1,0.000361,0.000361,0.999278
ACATGGCGCCAAAGTA-1,0.000008,0.000008,0.999984
ACATGGCTCAATTTAG-1,0.000228,0.000228,0.999544
ACCAAACACCCAGCGA-1,0.000052,0.000052,0.999896
ACCAACACCACACACT-1,0.00004,0.062371,0.937589
ACCAACCGCACTCCAC-1,0.000476,0.000476,0.999048
ACCACAACTCAGAACA-1,0.000037,0.000037,0.999926
ACCACAAGTTTCTATC-1,0.000073,0.000073,0.999853
ACCACCAATGTAACAA-1,0.000022,0.000022,0.999955
ACCACCCTCTCTTCTA-1,0.00005,0.00005,0.9999
ACCACTGTTCAAGAAG-1,0.000209,0.000209,0.999582
ACCAGACCATAACAAC-1,0.000185,0.000185,0.99963
ACCAGTGCCCGGTCAA-1,0.000065,0.000065,0.999871
ACCAGTGCGGGAGACG-1,0.000125,0.068952,0.930923
ACCATCCGCCAACTAG-1,0.000071,0.022074,0.977855
ACCATCGTATATGGTA-1,0.000057,0.040726,0.959217
ACCATTAAGGGTGTCA-1,0.000242,0.032453,0.967305
ACCCAACGCCCGTGGC-1,0.000047,0.08742,0.912533
ACCCACCTACATGCTC-1,0.000026,0.006393,0.993582
ACCCATCTTGAGGGTA-1,0.000043,0.013355,0.986602
ACCCATTTGTCCCTCT-1,0.000649,0.00065,0.998701
ACCCGAGCGAAATTAC-1,0.000054,0.000054,0.999892
ACCCGGAGCACCACAA-1,0.000344,0.000344,0.999313
ACCCGGATGACGCATC-1,0.000015,0.000015,0.99997
ACCCGGTTACACTTCC-1,0.000021,0.590637,0.409342
ACCCTATAGGACTGAG-1,0.000885,0.000885,0.99823
ACCCTATGCCATATCG-1,0.000061,0.05686,0.943079
ACCCTCCCTTGCTATT-1,0.000235,0.000235,0.99953
ACCCTGGTAACGCCCT-1,0.000056,0.000056,0.999889
ACCCTTGCCTGGGTCG-1,0.000061,0.015163,0.984776
ACCCTTTAGTTCTCCA-1,0.000209,0.104625,0.895166
ACCGAAGAGTCTGGTT-1,0.000052,0.024951,0.974997
ACCGATAGGCATAACC-1,0.000376,0.000376,0.999248
ACCGATATTTAATCAT-1,0.000565,0.000565,0.99887
ACCGATGGTAGCATCG-1,0.000032,0.000032,0.999935
ACCGCGGTGGAAGTCG-1,0.000154,0.054608,0.945238
ACCGGGCCTTTGTTGA-1,0.000199,0.000199,0.999602
ACCGGTCAGGTACACC-1,0.00004,0.04375,0.95621
ACCGGTCTGAGTACGG-1,0.000033,0.029832,0.970135
ACCGTCCACTGGGCCC-1,0.000062,0.000062,0.999876
ACCGTGACCACGTGGG-1,0.000069,0.000069,0.999862
ACCTAAGTACCTTTCA-1,0.000069,0.001586,0.998345
ACCTAATCGACTTCCT-1,0.00001,0.00009,0.999899
ACCTACAGTATGTGGT-1,0.000024,0.028224,0.971751
ACCTCCGCCCTCGCTG-1,0.00051,0.00051,0.998979
ACCTCCGTTATTCACC-1,0.000026,0.000026,0.999949
ACCTCGAACTTATGCT-1,0.000056,0.054288,0.945656
ACCTGCGTGTCATGTT-1,0.000033,0.05008,0.949887
ACGAAATGGGCGGCAC-1,0.000006,0.000006,0.999988
ACGACCCATGAGTTGC-1,0.000279,0.000279,0.999443
ACGACTGGTCATACTC-1,0.000063,0.000063,0.999874
ACGAGAACCCATCACG-1,0.000144,0.016614,0.983242
ACGAGATATTTGCTTA-1,0.000097,0.030762,0.969142
ACGAGGATACCACTCT-1,0.000027,0.099743,0.90023
ACGAGGTTTACAACGT-1,0.000043,0.045585,0.954372
ACGAGTACGGATGCCC-1,0.000019,0.056949,0.943032
ACGAGTCGCCGGCGTT-1,0.000178,0.000178,0.999644
ACGATACATAGAACTA-1,0.000043,0.243031,0.756926
ACGATACCTATCCTGA-1,0.000341,0.000341,0.999317
ACGATCATCTTGTAAA-1,0.000011,0.000015,0.999973
ACGATGCATATGTTAT-1,0.000029,0.030735,0.969236
ACGCAAACTAATAGAT-1,0.000062,0.001134,0.998804
ACGCAATCACTACAGC-1,0.000044,0.000044,0.999912
ACGCATAAATGACATG-1,0.000041,0.042587,0.957372
ACGCATACGTTTACTA-1,0.000053,0.001132,0.998816
ACGCCTGACACGCGCT-1,0.001124,0.001124,0.997752
ACGCGCTACACAGGGT-1,0.000025,0.042347,0.957628
ACGCGTTTCTTAAGAG-1,0.000149,0.000149,0.999702
ACGCTAGTATCAGTGC-1,0.00007,0.111718,0.888212
ACGCTAGTGATACACT-1,0.000045,0.026555,0.973401
ACGCTGTGAGGCGTAG-1,0.000041,0.000041,0.999917
ACGGAATTTAGCAAAT-1,0.000461,0.000461,0.999078
ACGGAGCGCAAATTAC-1,0.000052,0.000052,0.999895
ACGGCCAACATGGACT-1,0.000026,0.501484,0.49849
ACGGCGGGTTGCCCTG-1,0.000515,0.000516,0.998969
ACGGCTGGATGTAGAA-1,0.000057,0.000057,0.999887
ACGGGAGTGTCGGCCC-1,0.000051,0.043105,0.956843
ACGGGCGTATGCGACA-1,0.000064,0.000064,0.999872
ACGGGTCATGTGACTT-1,0.000083,0.034726,0.965191
ACGTATTACTCCGATC-1,0.000014,0.009829,0.990158
ACGTCGGGCAACTCGG-1,0.000019,0.012056,0.987925
ACGTCTCGTTCCGGGA-1,0.000417,0.000417,0.999167
ACGTGACAAAGTAAGT-1,0.000061,0.000061,0.999877
ACGTTAGATTTGCCCG-1,0.000037,0.060795,0.939168
ACGTTATTGGTCACTC-1,0.000617,0.000617,0.998765
ACGTTCGCAATCAATT-1,0.000035,0.000035,0.999929
ACGTTCGTTCAGGAAA-1,0.000062,0.04818,0.951758
ACGTTCTGTACAAGTC-1,0.000599,0.000599,0.998802
ACTAAGGACGCACACC-1,0.000053,0.02921,0.970736
ACTAATACGTCAGGCG-1,0.000032,0.029285,0.970682
ACTACATCCCGACAAG-1,0.000033,0.002651,0.997316
ACTACCAGCTCTCTGG-1,0.000026,0.000026,0.999947
ACTAGTTGCGATCGTC-1,0.000806,0.17101,0.828183
ACTATATGCTGTGTTC-1,0.000067,0.000067,0.999867
ACTATCCAGGGCATGG-1,0.00001,0.00001,0.99998
ACTATCGCCGGCTAAA-1,0.000402,0.000402,0.999197
ACTATCTGCCCGCGTA-1,0.000397,0.000397,0.999206
ACTATGTCCAGCTGCC-1,0.000054,0.000054,0.999892
ACTATTTCCGGGCCCA-1,0.000095,0.000095,0.999811
ACTCAACGAATGTATT-1,0.000173,0.000173,0.999653
ACTCAAGTGCAAGGCT-1,0.000117,0.000117,0.999766
ACTCAGACCTGCTTCT-1,0.000139,0.00014,0.999721
ACTCCAATATCATCAT-1,0.00006,0.214513,0.785427
ACTCCCATTCCTAAAG-1,0.000032,0.000032,0.999937
ACTCCCGAATTCGTTT-1,0.000016,0.000016,0.999968
ACTCCCGTAGACTAGG-1,0.000054,0.000054,0.999892
ACTCGATGTATTTCAT-1,0.000265,0.000265,0.999469
ACTCGCGATCTGACGC-1,0.000571,0.000572,0.998857
ACTCGTAACCCGTCCT-1,0.00003,0.00003,0.99994
ACTCGTCAGTAATCCC-1,0.000115,0.000115,0.99977
ACTCTAAACCTGGGAT-1,0.000465,0.000465,0.99907
ACTCTCTGACTTAGGT-1,0.000541,0.000541,0.998919
ACTCTCTTATACACGA-1,0.000103,0.022521,0.977377
ACTCTTCAGCTCCCGC-1,0.000034,0.002043,0.997924
ACTGAAACGCCGTTAG-1,0.000546,0.000547,0.998907
ACTGAATGGCGAAAGT-1,0.000182,0.000182,0.999636
ACTGCCCGCCATTCTC-1,0.000412,0.000412,0.999177
ACTGCGGACACACCGT-1,0.000027,0.000027,0.999946
ACTGCTCGGAAGGATG-1,0.000043,0.032704,0.967253
ACTGGCGAACCTGCGT-1,0.000055,0.054572,0.945373
ACTGTACGATACACAT-1,0.000096,0.000096,0.999807
ACTGTAGCACTTTGGA-1,0.000134,0.000134,0.999733
ACTGTATACGCGAGCA-1,0.00017,0.00017,0.999659
ACTGTGCTAGTAGATC-1,0.000178,0.047384,0.952438
ACTTACCGGGCGCGCA-1,0.000198,0.000198,0.999604
ACTTAGTACGACAAGA-1,0.000131,0.000131,0.999738
ACTTATACTTACCCGG-1,0.000043,0.000043,0.999914
ACTTATCTGATCTATA-1,0.000538,0.000538,0.998925
ACTTATTTATGTGCCA-1,0.000337,0.000337,0.999326
ACTTCAGGCTGATCCC-1,0.000209,0.000209,0.999582
ACTTCCAGTGGAAGCT-1,0.000037,0.0375,0.962463
ACTTCCATGCGGGACA-1,0.000309,0.000309,0.999383
ACTTCCTGTCGTGCGA-1,0.000122,0.000122,0.999755
ACTTCGCCATACGCAC-1,0.000082,0.17099,0.828929
ACTTCGCTAGCGAGTG-1,0.000056,0.000056,0.999887
ACTTGGGACCCGGTGG-1,0.000893,0.000893,0.998214
ACTTGTAGTCCCTTCA-1,0.000056,0.000056,0.999888
ACTTGTGGATGGAACG-1,0.000467,0.000467,0.999065
ACTTTACCCTCATGAA-1,0.00001,0.00001,0.99998
ACTTTGACTGCATCCT-1,0.000106,0.000106,0.999788
ACTTTGGTCGTGCTCC-1,0.000063,0.000063,0.999873
ACTTTGTCGACGCACT-1,0.000379,0.000379,0.999242
AGAAATTATGACTCGC-1,0.00021,0.00021,0.99958
AGAACCCAGCGTGACA-1,0.000826,0.000827,0.998347
AGAACCCTCAATTGGG-1,0.000037,0.000037,0.999926
AGAACGTGGTACATTC-1,0.000056,0.135573,0.864371
AGAAGAGCGCCGTTCC-1,0.000621,0.000621,0.998758
AGAAGGTACACTTCAC-1,0.000045,0.084473,0.915482
AGAAGGTTGCCGAATT-1,0.000036,0.105534,0.89443
AGAAGTGATTCGTGAT-1,0.000053,0.078469,0.921478
AGAATAAATCTTCAGG-1,0.00003,0.00003,0.999941
AGAATGCGGGTTCGGA-1,0.000051,0.000051,0.999898
AGAATTATGGATTCGA-1,0.000024,0.031445,0.968531
AGAATTGTTTGACATA-1,0.0001,0.006419,0.993481
AGACAGCTCAGAATCC-1,0.000176,0.061986,0.937838
AGACAGGCATCTCAGC-1,0.000055,0.000055,0.999891
AGACCAAACCACACCT-1,0.000019,0.008596,0.991386
AGACCATGGGATACAA-1,0.000205,0.000205,0.999589
AGACCGCTCCGCGGTT-1,0.000231,0.000231,0.999538
AGACCGGGAAACCCTG-1,0.000024,0.000024,0.999953
AGACGAAGTGCCGGTC-1,0.000581,0.000582,0.998837
AGACGACGATGCCGCT-1,0.000056,0.000056,0.999888
AGACGCCCACTTCGCC-1,0.000209,0.021383,0.978408
AGACGGGCCGATTTAA-1,0.000086,0.000086,0.999829
AGACTAGCCTTCCAGA-1,0.000526,0.000526,0.998947
AGACTGTTACCGGGTC-1,0.000078,0.000079,0.999843
AGAGAACCGTCTAGGA-1,0.000071,0.061901,0.938028
AGAGAAGGAGTACAAT-1,0.000046,0.04051,0.959444
AGAGATCTCTAAAGCG-1,0.000008,0.004065,0.995927
AGAGCAGTTATGAGAC-1,0.000015,0.012336,0.987649
AGAGCCGCCGAGATTT-1,0.000806,0.000807,0.998387
AGAGCGCTTGTAACGG-1,0.000137,0.000137,0.999726
AGAGCGTACAAGCTCG-1,0.000185,0.000185,0.99963
AGAGCTACGAAAGCAT-1,0.000039,0.017467,0.982495
AGAGGCTTCGGAAACC-1,0.00029,0.00029,0.99942
AGAGGGACAATTGTCC-1,0.000073,0.065406,0.93452
AGAGTAAACTTCACTA-1,0.000233,0.000233,0.999535
AGAGTATAGTGTTACG-1,0.001471,0.001471,0.997058
AGAGTGAACAGACACC-1,0.000053,0.027168,0.972779
AGAGTTAGAGACCGAT-1,0.000062,0.000062,0.999875
AGAGTTGCAGGCCTCC-1,0.000054,0.006451,0.993495
AGATAACTTCAGGGCC-1,0.000072,0.000072,0.999856
AGATACCAATAGAACC-1,0.000133,0.079052,0.920815
AGATACCAGCACTTCA-1,0.000061,0.084252,0.915687
AGATACCGGTGTTCAC-1,0.000039,0.017209,0.982752
AGATACGACTTCATAT-1,0.000109,0.000109,0.999782
AGATACTCAAGATCGA-1,0.000053,0.03566,0.964287
AGATCGTGCATAAGAT-1,0.000045,0.032229,0.967726
AGATCTCAGGTGTGAT-1,0.000136,0.047215,0.95265
AGATGAGGGTTGCGAT-1,0.000055,0.000055,0.999889
AGATGATGGAGTCTGG-1,0.000009,0.000009,0.999981
AGATGCAAGACGTGCA-1,0.000025,0.095104,0.904871
AGATGCATCCTGTGTC-1,0.00005,0.016182,0.983768
AGATGCTATAACGAGC-1,0.000054,0.037946,0.962
AGATTCAAGCGGGTCG-1,0.000065,0.033591,0.966344
AGATTCACAACCGATA-1,0.000023,0.049826,0.950151
AGCAACATATCTTATT-1,0.000019,0.000019,0.999961
AGCAACCGAAAGTAAT-1,0.00005,0.00005,0.999899
AGCACACGTTTAGACT-1,0.000386,0.043797,0.955816
AGCACTACCGGCCTGT-1,0.00001,0.00001,0.999981
AGCACTTAAGGACGCC-1,0.000025,0.018492,0.981483
AGCAGCCAGATGAATA-1,0.000078,0.000078,0.999844
AGCATATCAATATGCT-1,0.000448,0.000449,0.999103
AGCATCATTTCGAAAG-1,0.000022,0.002839,0.997139
AGCATCGTCGATAATT-1,0.000159,0.000159,0.999681
AGCCACAGGTTACCCG-1,0.000377,0.000377,0.999245
AGCCACTCCCGTGCTT-1,0.000045,0.253356,0.7466
AGCCCATACATGTAAG-1,0.000018,0.073369,0.926613
AGCCCGGCATTAGAGG-1,0.000051,0.027574,0.972375
AGCCCGGTAGCCTGTA-1,0.000155,0.000155,0.99969
AGCCCTCCCTGGTGGC-1,0.000146,0.014819,0.985034
AGCCCTGTCGCACCGT-1,0.000113,0.000113,0.999774
AGCCCTTCTAATCCGA-1,0.000057,0.000057,0.999886
AGCCCTTGGACATCCC-1,0.000407,0.000407,0.999187
AGCCGCAAATTCAAAT-1,0.00019,0.00019,0.99962
AGCCGCTTGATTAGCG-1,0.000311,0.048921,0.950769
AGCCGTGGCTAAATGT-1,0.000028,0.004798,0.995174
AGCCTAATACCCACGT-1,0.000033,0.000033,0.999933
AGCCTTAAAGCGGAAG-1,0.000165,0.000165,0.999669
AGCGACAGGAACGGTC-1,0.000034,0.062256,0.937711
AGCGATGCGCCTAATA-1,0.001,0.001,0.998
AGCGCATAATGAATCG-1,0.000412,0.000412,0.999177
AGCGCGGGTGCCAATG-1,0.000066,0.011946,0.987988
AGCGCTAGAGCGATGT-1,0.00006,0.00006,0.99988
AGCGCTTATGGGCAAG-1,0.000206,0.000206,0.999588
AGCGGCGGTTAGCGGT-1,0.00003,0.00003,0.99994
AGCGGGAAGGGTCCAT-1,0.000054,0.019959,0.979988
AGCGGTTGAGATGTAC-1,0.000282,0.000283,0.999435
AGCGGTTGCCGCTCTG-1,0.00005,0.006485,0.993464
AGCGTACGAGAGCTAG-1,0.000198,0.000198,0.999605
AGCGTAGCGCTAGACC-1,0.000315,0.000316,0.999369
AGCGTCTGAACCCGCA-1,0.000218,0.000218,0.999563
AGCGTTCCGATTTAAA-1,0.000086,0.06095,0.938964
AGCTAACAAGCAATGT-1,0.000056,0.000056,0.999888
AGCTAAGTACGCAGGC-1,0.000263,0.000263,0.999474
AGCTAGAAGCAGAAGT-1,0.000057,0.000057,0.999887
AGCTCCATATATGTTC-1,0.000292,0.000292,0.999415
AGCTCCTTCGCACATC-1,0.000055,0.000055,0.99989
AGCTCGTTGATGGAAA-1,0.000031,0.033617,0.966352
AGCTCTAGACGTTCCA-1,0.000971,0.000971,0.998058
AGCTCTTCCCAGTGCA-1,0.00007,0.00007,0.99986
AGCTCTTCGTAACCTT-1,0.000012,0.004012,0.995977
AGCTCTTTACTCAGTT-1,0.000023,0.629705,0.370272
AGCTGAAGTAAACCAA-1,0.000042,0.06653,0.933428
AGCTGCATTTGAGGTG-1,0.000065,0.000065,0.99987
AGCTGCTGTGCCGAAT-1,0.000073,0.000073,0.999853
AGCTGTAACCTCAATC-1,0.00003,0.068551,0.931419
AGCTTGATCTTAACTT-1,0.000016,0.059329,0.940655
AGGAAAGCCTCTGATG-1,0.000461,0.000461,0.999078
AGGAACGAACGACTTC-1,0.000455,0.000455,0.999091
AGGACAGTCGAATCCC-1,0.000127,0.000127,0.999746
AGGACATCGCACGTCG-1,0.000069,0.000069,0.999862
AGGACGACCCATTAGA-1,0.000033,0.066889,0.933077
AGGACGCTCGATGTTG-1,0.000041,0.011116,0.988843
AGGACTTATAGGAGAA-1,0.000281,0.000281,0.999438
AGGAGACATCCACAGT-1,0.000057,0.000706,0.999237
AGGAGAGTCTGGCTAC-1,0.000806,0.000807,0.998387
AGGAGGCCTTCGCGCG-1,0.000235,0.000235,0.999529
AGGATATAGGGATTTA-1,0.000161,0.000161,0.999678
AGGATCACGCGATCTG-1,0.000041,0.043203,0.956756
AGGATTGCTTACGACA-1,0.000035,0.035716,0.964249
AGGCAAAGAGGAATCA-1,0.000329,0.000329,0.999342
AGGCAATACGGAGGAC-1,0.000526,0.000526,0.998947
AGGCACGTGACTGTCC-1,0.000085,0.000085,0.99983
AGGCAGATGCGTAAAC-1,0.000044,0.142854,0.857103
AGGCAGGGAGCGTACT-1,0.000249,0.000249,0.999501
AGGCATTGTCGTAGGG-1,0.000239,0.000239,0.999521
AGGCCACATTGGTTAC-1,0.025,0.025003,0.949997
AGGCCACCCGTTATGA-1,0.00001,0.000186,0.999804
AGGCCCAGTGACTGGT-1,0.000222,0.000222,0.999555
AGGCCCTAGAACGCCA-1,0.000022,0.074119,0.925859
AGGCCTGAGAATCTCG-1,0.000794,0.000794,0.998412
AGGCGATAACTGGCGT-1,0.000279,0.000279,0.999443
AGGCGGTTTGTCCCGC-1,0.000033,0.038697,0.961271
AGGCGTCTATGGACGG-1,0.000046,0.000046,0.999907
AGGCTATGGTTAGCTT-1,0.000015,0.01245,0.987535
AGGCTTCCCGAAGAAG-1,0.000055,0.000055,0.999889
AGGCTTGCTAGACACC-1,0.00006,0.00006,0.99988
AGGGAAACGAGGTACT-1,0.000043,0.003166,0.99679
AGGGACCGGCTGCGTT-1,0.000017,0.000844,0.999139
AGGGACTCTACGCGAC-1,0.00038,0.110836,0.888784
AGGGAGACATACTTCG-1,0.000012,0.019117,0.980871
AGGGCCCTAATGTTCT-1,0.000282,0.000282,0.999437
AGGGCGAGCAGCTGAT-1,0.000032,0.000032,0.999935
AGGGCGTGATCGGCTA-1,0.000054,0.000054,0.999891
AGGGTCAGTAACCCTA-1,0.000044,0.027953,0.972003
AGGGTCGATGCGAACT-1,0.00005,0.00005,0.9999
AGGGTGCCGTTCTTTA-1,0.000044,0.036936,0.96302
AGGGTGCTCTCGAGGG-1,0.000032,0.054123,0.945845
AGGGTGGATAGTGCAT-1,0.000008,0.002953,0.997039
AGGGTGTGCTACACGC-1,0.000061,0.014422,0.985517
AGGGTTCCCTTTGGTT-1,0.000054,0.075946,0.924
AGGTAACCTCCTATTC-1,0.000114,0.000114,0.999773
AGGTAGATCGAGATAT-1,0.000066,0.023042,0.976891
AGGTAGGTACAAAGCT-1,0.000013,0.017725,0.982262
AGGTATAATTGATAGT-1,0.000021,0.001044,0.998936
AGGTATGCGGACATTA-1,0.000072,0.000072,0.999856
AGGTCAGGTGAGAGTG-1,0.000034,0.092131,0.907835
AGGTCGCCACTTCGGT-1,0.000417,0.000417,0.999167
AGGTCGCCTCCCAACA-1,0.000364,0.000364,0.999273
AGGTCGCGGAGTTACT-1,0.00005,0.04993,0.950021
AGGTGTATCGCCATGA-1,0.000198,0.000198,0.999604
AGGTGTTGCCGACCAC-1,0.000379,0.000379,0.999242
AGGTTACACCATGCCG-1,0.00007,0.00007,0.99986
AGGTTCTCCTTTCCGG-1,0.000049,0.028682,0.971268
AGTAACGTTCATCCTG-1,0.000076,0.000076,0.999848
AGTACATCATTTATCA-1,0.000014,0.018798,0.981188
AGTACCTTCGAGTGCT-1,0.000047,0.02643,0.973523
AGTACGGCCCGTATCG-1,0.000038,0.000038,0.999925
AGTACGGGCACCTGGC-1,0.000015,0.965424,0.034561
AGTACGTGGCCTGTCT-1,0.000204,0.000205,0.999591
AGTACTCTTATGCCCA-1,0.000101,0.000101,0.999797
AGTAGCTAGACGCCGA-1,0.000064,0.032797,0.967139
AGTAGGAAGGAAGTTG-1,0.000049,0.000049,0.999902
AGTATAATACTAGGCA-1,0.000012,0.035745,0.964244
AGTATACACAGCGACA-1,0.000311,0.000311,0.999379
AGTATCCATAATAACG-1,0.000493,0.000493,0.999015
AGTATGCTGGAGACCA-1,0.000072,0.000072,0.999856
AGTCAAATGATGTGAT-1,0.00011,0.040794,0.959096
AGTCAACACCACCATC-1,0.000012,0.818708,0.181279
AGTCAAGATGACACTT-1,0.000327,0.000327,0.999346
AGTCACTAGCTCTCGA-1,0.00119,0.001191,0.997619
AGTCACTCCGCCTCAT-1,0.000388,0.000388,0.999225
AGTCAGCCACCGCCTG-1,0.000082,0.000082,0.999836
AGTCCAGCGGGTACGT-1,0.000599,0.000599,0.998802
AGTCCATTGGCTGATG-1,0.000062,0.000062,0.999876
AGTCCCGCCTTTAATT-1,0.000069,0.042339,0.957592
AGTCCCTCGCAGAAAG-1,0.000149,0.000149,0.999702
AGTCGACGGTCTCAAG-1,0.00002,0.062345,0.937635
AGTCGGCCCAAACGAC-1,0.000026,0.063135,0.936839
AGTCGGCTCAACTTTA-1,0.000032,0.042429,0.957539
AGTCGGTTGCGTGAGA-1,0.000017,0.000017,0.999965
AGTCGTCGACCACCAA-1,0.000488,0.000488,0.999024
AGTCGTGGGCATTACG-1,0.000054,0.107404,0.892542
AGTCTAAAGTATACTC-1,0.000014,0.031937,0.968049
AGTCTCACAAGACTAC-1,0.000067,0.05607,0.943863
AGTCTGGACATCCTTG-1,0.000244,0.04566,0.954096
AGTGAACAAACTTCTC-1,0.000138,0.000138,0.999724
AGTGAAGATGGTGTCC-1,0.000061,0.000061,0.999878
AGTGACCTACTTTACG-1,0.000025,0.383981,0.615994
AGTGACTGTGACACAA-1,0.000052,0.013518,0.986431
AGTGAGACTTCCAGTA-1,0.000031,0.029941,0.970028
AGTGAGCCTCGCCGCC-1,0.000032,0.030514,0.969454
AGTGAGGGTTTCTGAC-1,0.000044,0.120479,0.879476
AGTGATAACCTGCGCG-1,0.000935,0.000935,0.998131
AGTGATATGAGTAGTT-1,0.000026,0.527939,0.472035
AGTGATTCAAGCAGGA-1,0.00005,0.010409,0.98954
AGTGCACGCTTAAGAA-1,0.000044,0.000044,0.999912
AGTGCGTAGCTCGTAA-1,0.000027,0.05668,0.943293
AGTGCTAAACACAGCA-1,0.000455,0.000455,0.999091
AGTGCTTGCACGAATA-1,0.000045,0.000045,0.99991
AGTGGCGGCAATTTGA-1,0.000073,0.026808,0.973119
AGTGGCGTCTGAAGGT-1,0.000336,0.000336,0.999329
AGTGGCTCCGTCGGCC-1,0.000049,0.000049,0.999902
AGTGGGAGTATACACG-1,0.000417,0.000417,0.999167
AGTGGTGTTACCCGTG-1,0.000057,0.000057,0.999885
AGTGGTTGCGTATAGG-1,0.000097,0.070079,0.929824
AGTGTATTGCGCATTG-1,0.000049,0.015986,0.983965
AGTGTGCTAAGATCGC-1,0.000365,0.000365,0.99927
AGTGTGGTCTATTGTG-1,0.000388,0.000388,0.999225
AGTTAAACACTTGCGA-1,0.000023,0.381372,0.618605
AGTTAAGCGGTCCCGG-1,0.000043,0.454456,0.545501
AGTTAAGTCAACCGCT-1,0.000032,0.059298,0.940671
AGTTACCCTTAAGACT-1,0.00027,0.00027,0.999459
AGTTACCGCACATGGT-1,0.000012,0.000012,0.999976
AGTTACTCTATCGTGG-1,0.000081,0.000081,0.999838
AGTTCACCGGTTGGAC-1,0.000909,0.000909,0.998182
AGTTCCTACAGAATTA-1,0.000276,0.000276,0.999447
AGTTCTGCGTTGTATC-1,0.000262,0.000263,0.999475
AGTTGACATCGGCTGG-1,0.0005,0.0005,0.999
AGTTGCTGACTGATAT-1,0.00102,0.001021,0.997959
AGTTTATGTAAAGACA-1,0.000046,0.000046,0.999908
AGTTTGGCACGGGTTG-1,0.00122,0.00122,0.997561
AGTTTGGCCAGACCTA-1,0.00005,0.01696,0.98299
ATAAACGTTGCACCAC-1,0.000299,0.000299,0.999401
ATAAAGGCTCGGTCGT-1,0.000113,0.000113,0.999773
ATAAAGGTCAAGTACG-1,0.000163,0.000163,0.999674
ATAAATATTAGCAGCT-1,0.000015,0.027283,0.972703
ATAACGCCGGAGGGTC-1,0.000101,0.000101,0.999798
ATAACGGAGTCCAACG-1,0.000019,0.86801,0.131971
ATAACGTTACCTCCAC-1,0.000041,0.089996,0.909962
ATAAGCAAACACCGAG-1,0.000034,0.000034,0.999932
ATAAGTACCCGATTGT-1,0.000058,0.000058,0.999884
ATAAGTAGGATTCAGA-1,0.000026,0.154987,0.844987
ATAAGTAGGGCGACTC-1,0.000006,0.006136,0.993857
ATAAGTTACCGCGACG-1,0.000069,0.400961,0.59897
ATAATACCGTTAGCCG-1,0.000498,0.000498,0.999005
ATAATAGTGTAGGGAC-1,0.000302,0.000302,0.999396
ATACCACGGGCAACTT-1,0.000005,0.000005,0.99999
ATACCCTGGCTCAAAT-1,0.000254,0.000254,0.999492
ATACCGTCATCCATAA-1,0.000041,0.04167,0.958289
ATACGAAGGCTTTCCA-1,0.000062,0.000062,0.999877
ATACGACAGATGGGTA-1,0.000069,0.103405,0.896526
ATACGCCGATCTACCG-1,0.000538,0.000538,0.998925
ATACGCCGGCGAAACC-1,0.00011,0.00011,0.99978
ATACGGAACGTCGTTT-1,0.000041,0.104299,0.89566
ATACGGGTTTCGATTG-1,0.000077,0.07057,0.929353
ATACGGTGAAGATGCA-1,0.000035,0.000035,0.99993
ATACGTCCACTCCTGT-1,0.00011,0.03802,0.96187
ATACTACCCGTACCAC-1,0.000364,0.000364,0.999273
ATACTCTCGCCACTCT-1,0.000148,0.02315,0.976702
ATACTGCCTTACACCG-1,0.000256,0.000256,0.999488
ATACTTGTTCTCGAGC-1,0.000089,0.047661,0.952251
ATAGACAACGGGACCT-1,0.000029,0.104465,0.895505
ATAGACGAAGAGAAAG-1,0.000091,0.000092,0.999817
ATAGAGTACTGGGACA-1,0.0001,0.019146,0.980754
ATAGAGTTATCAACTT-1,0.000077,0.024325,0.975597
ATAGCAACTAGGGAAG-1,0.001351,0.001352,0.997297
ATAGCCTCAGTACCCA-1,0.001,0.001,0.998
ATAGCTGCTCTTGTTA-1,0.000118,0.000119,0.999763
ATAGGAATCTAAGCTT-1,0.000058,0.01938,0.980563
ATAGGCGGCTATAGAA-1,0.000032,0.054794,0.945173
ATAGGCTAGCTTCGCA-1,0.000061,0.063552,0.936387
ATAGTTCCACCCACTC-1,0.000012,0.000019,0.999969
ATATAACACGGGCGCA-1,0.00035,0.00035,0.999301
ATATACATGTATGGTA-1,0.00087,0.00087,0.998261
ATATACGCTCGTGACG-1,0.000485,0.000486,0.999029
ATATAGAGTATTGGTC-1,0.000099,0.016453,0.983448
ATATCAACCTACAGAG-1,0.000005,0.000215,0.99978
ATATCAATTCCAGCCT-1,0.000045,0.000045,0.999909
ATATCGGTAGGGAGAT-1,0.000015,0.000015,0.999971
ATATCGTTCCTCGAAC-1,0.000654,0.000654,0.998693
ATATCTCCCTCGTTAA-1,0.000053,0.082759,0.917188
ATATGTCTCCCTAGCC-1,0.000023,0.125498,0.874479
ATATGTGCACAAACCA-1,0.000028,0.039608,0.960364
ATATTATCCCGTATTT-1,0.000132,0.000132,0.999736
ATATTCAGTTAAACCT-1,0.000048,0.035544,0.964409
ATATTGCTGTCAAAGT-1,0.00034,0.037118,0.962542
ATATTGGAGAGGCCTT-1,0.000629,0.000629,0.998742
ATCAAACACTGTTCCA-1,0.000617,0.000618,0.998765
ATCAAACGAAGGTTTG-1,0.000039,0.027363,0.972598
ATCAATGCCGTGGCTG-1,0.00004,0.068608,0.931351
ATCACATTAGAATATC-1,0.000056,0.084718,0.915226
ATCACGTGCTAATTAA-1,0.000044,0.000044,0.999912
ATCAGACGGCACGCCG-1,0.000066,0.034527,0.965407
ATCAGCCTCATGCTGC-1,0.000342,0.000343,0.999315
ATCAGCTCGTCCACTA-1,0.000022,0.011652,0.988326
ATCAGGTAGCTGACAG-1,0.000165,0.032142,0.967693
ATCAGGTCGCCATTGC-1,0.000091,0.000091,0.999818
ATCAGTAGGCAGGGAT-1,0.000101,0.035513,0.964385
ATCATAGCCCTATGTA-1,0.000909,0.000909,0.998182
ATCATCTGCCCAGTGT-1,0.000439,0.075632,0.923929
ATCATGGACTACCGAC-1,0.0025,0.002501,0.994999
ATCATTGTACCGCATT-1,0.000044,0.027162,0.972794
ATCCAACGCAGTCATA-1,0.000029,0.000029,0.999943
ATCCAATGGAGGGTCC-1,0.00004,0.054279,0.945682
ATCCAATGGTACCGAA-1,0.000147,0.000147,0.999705
ATCCACGCTAAATGTT-1,0.000124,0.09206,0.907816
ATCCACTTTCAGACTA-1,0.000056,0.031905,0.968039
ATCCAGAGCAACAACC-1,0.00006,0.465246,0.534693
ATCCAGGATTCGTGAA-1,0.000009,0.950182,0.049808
ATCCCATCCACAGCGC-1,0.000051,0.000051,0.999899
ATCCTACCTAAGCTCT-1,0.000047,0.185919,0.814033
ATCCTGAATCGCTGCG-1,0.000011,0.015293,0.984695
ATCCTGCGTGGAATGG-1,0.000057,0.082821,0.917123
ATCCTTCTGAAAGAAC-1,0.001818,0.001819,0.996363
ATCGCACGATTGTTCA-1,0.000154,0.000154,0.999692
ATCGCCAGTCAACATT-1,0.000719,0.00072,0.998561
ATCGCTGCGTGCAGCA-1,0.000049,0.052354,0.947597
ATCGCTTTACGTCTCA-1,0.000129,0.000129,0.999742
ATCGGCAAGCAGTCCA-1,0.000058,0.000058,0.999884
ATCGGTTACCTAGTAA-1,0.000167,0.000167,0.999667
ATCGTATTCCGAGAAC-1,0.000245,0.000245,0.99951
ATCGTCCAATCGAGTC-1,0.000307,0.031314,0.96838
ATCGTGGAAAGTCTGG-1,0.000049,0.051171,0.948781
ATCGTTAGCTAGCGGA-1,0.000117,0.000117,0.999766
ATCGTTCACTTTCGCC-1,0.000105,0.000105,0.999789
ATCTAACGTCCCTATG-1,0.000093,0.000093,0.999814
ATCTATCGATGATCAA-1,0.000221,0.000221,0.999558
ATCTCATAAACCTACC-1,0.000104,0.024355,0.975541
ATCTCCCACGGAATAT-1,0.000124,0.000124,0.999752
ATCTCGTGAGCGAAAC-1,0.000109,0.000119,0.999773
ATCTGACATGGAAGGA-1,0.000142,0.056161,0.943697
ATCTGATAGTGTCTTA-1,0.000671,0.000671,0.998658
ATCTGCACCTCTGCGA-1,0.000022,0.041469,0.95851
ATCTGGTTAAGACTGT-1,0.00008,0.32357,0.67635
ATCTTATCGCACACCC-1,0.000806,0.000807,0.998387
ATCTTGACCTGCAACG-1,0.000115,0.000115,0.999771
ATCTTGACTTGTCCAA-1,0.000014,0.007082,0.992904
ATCTTTCGTATAACCA-1,0.000057,0.060196,0.939747
ATGAAGCCAAGGAGCC-1,0.000135,0.000135,0.99973
ATGAAGTGGACCCAGC-1,0.000241,0.000241,0.999518
ATGACGCGTTCTATCC-1,0.000036,0.04059,0.959375
ATGACTATCAGCTGTG-1,0.000096,0.000096,0.999809
ATGACTATGCGACATT-1,0.000078,0.000078,0.999845
ATGAGGAGTGTTAATC-1,0.000015,0.000019,0.999966
ATGAGGGCAGCGGCTA-1,0.000197,0.036823,0.96298
ATGATGCAATGGTACA-1,0.000022,0.566441,0.433537
ATGCACCTTCCTTAAT-1,0.000455,0.000455,0.999091
ATGCACGCGCTGTTCA-1,0.00004,0.011257,0.988703
ATGCACTACCGCATTG-1,0.000227,0.000227,0.999545
ATGCCAATCGCTCTGC-1,0.000073,0.000073,0.999854
ATGCCATTTGCGACCA-1,0.000149,0.00015,0.999701
ATGCCGGTCTTGCATA-1,0.000073,0.070228,0.929699
ATGCCGGTTGATGGGA-1,0.000033,0.23412,0.765847
ATGCGACAATTGGTCC-1,0.000026,0.047553,0.952421
ATGCGAGTCCCACCAC-1,0.000599,0.000599,0.998802
ATGCTCAGTGTTGCAT-1,0.000364,0.000364,0.999273
ATGCTTAGGAGTTGAT-1,0.000144,0.000144,0.999711
ATGGAAATTTAAGGAG-1,0.000039,0.000039,0.999923
ATGGAACAGAATAAAC-1,0.000047,0.007233,0.99272
ATGGAACCTTTGCACA-1,0.000023,0.000111,0.999866
ATGGATCCGGCGTCCG-1,0.000043,0.314364,0.685593
ATGGCAGCATTACGAT-1,0.000039,0.00054,0.999421
ATGGCAGCCGAGAAAC-1,0.000049,0.000049,0.999902
ATGGCGGAATAGTCGC-1,0.000072,0.036871,0.963057
ATGGCTGGAAATGGCC-1,0.000052,0.000052,0.999896
ATGGGAACGGAAGCGG-1,0.000096,0.045739,0.954165
ATGGGACCTGCTGAAC-1,0.000062,0.048589,0.951349
ATGGGCCTCGGCCTCT-1,0.000201,0.01647,0.983328
ATGGGTGTATACCTCC-1,0.000103,0.012596,0.987301
ATGGTCGCGTGGTTTC-1,0.000191,0.000191,0.999618
ATGGTTACGAAACATG-1,0.000058,0.051058,0.948884
ATGTAAGGCTGCTCTT-1,0.000021,0.002033,0.997946
ATGTACATGCGGTGAG-1,0.000459,0.000459,0.999082
ATGTCATTTCCCATTG-1,0.000662,0.000662,0.998675
ATGTGAAAGCCTAATG-1,0.000028,0.044932,0.95504
ATGTTACGAGCAATAC-1,0.000165,0.000165,0.99967
ATGTTCCTGCCCACCT-1,0.000092,0.000092,0.999816
ATGTTCGTCGACCCAC-1,0.000063,0.11451,0.885427
ATGTTGTAGTCTGTTT-1,0.000322,0.000322,0.999357
ATGTTTCGGCCCGGAG-1,0.001351,0.001352,0.997297
ATGTTTGTAAGATCAT-1,0.000066,0.009069,0.990865
ATTAAAGCGGACGAGC-1,0.001099,0.001099,0.997802
ATTAACACCTGAGATA-1,0.000862,0.000862,0.998276
ATTAATGAACCAGTCG-1,0.000014,0.816681,0.183305
ATTACAACTACCGGCC-1,0.00005,0.06765,0.9323
ATTACATGTCAGTCTT-1,0.000885,0.000885,0.99823
ATTACCACACTGCCTG-1,0.000746,0.000746,0.998507
ATTACGACTCCACAGT-1,0.000049,0.000939,0.999012
ATTACGCGCTGGCAGG-1,0.00003,0.009828,0.990142
ATTACGGGCTACGGTT-1,0.000032,0.041293,0.958676
ATTACTAGCCTCTTGC-1,0.000112,0.028315,0.971573
ATTACTTACTGGGCAT-1,0.000048,0.000048,0.999904
ATTAGATTCCTCAGCA-1,0.000049,0.127643,0.872308
ATTAGATTGATAGCGG-1,0.000138,0.000138,0.999724
ATTATACTTTGCTCGT-1,0.000085,0.336337,0.663578
ATTATAGCTACTTTAC-1,0.000047,0.029158,0.970795
ATTATGAGACCCAATT-1,0.000065,0.031644,0.968291
ATTATGCTCAGTATTG-1,0.000057,0.000057,0.999886
ATTATTATGTCCGTCA-1,0.000123,0.000123,0.999754
ATTCAAAGTACCTGTT-1,0.000171,0.000171,0.999658
ATTCAACCATTTAAGG-1,0.000352,0.000352,0.999296
ATTCAGATGAATCCCT-1,0.000062,0.000062,0.999875
ATTCAGGACCTATTTC-1,0.000079,0.000079,0.999841
ATTCAGGATCGCCTCT-1,0.000427,0.000427,0.999145
ATTCAGTAGCAGGGTC-1,0.000022,0.001091,0.998887
ATTCATCGTTGAGGCA-1,0.001042,0.001042,0.997916
ATTCCCACATAAACAA-1,0.000018,0.025221,0.97476
ATTCCCGAAGGTACAG-1,0.000071,0.000071,0.999858
ATTCCTAAGACGTGGA-1,0.000071,0.000071,0.999857
ATTCCTCCGCCAGTGC-1,0.000249,0.000249,0.999502
ATTCCTTCCAGGCGGT-1,0.000351,0.000351,0.999298
ATTCGACGCCGGGCCT-1,0.000006,0.002531,0.997464
ATTCGCAGAGGACACT-1,0.000069,0.000069,0.999863
ATTCGCGCCTTGAGAG-1,0.001176,0.001177,0.997647
ATTCGTGCTATCTCTT-1,0.000007,0.000007,0.999986
ATTCTGAGTATGAACT-1,0.000083,0.000083,0.999834
ATTCTTCGTACTTATG-1,0.000074,0.027205,0.972721
ATTGAAGATCTTAGTG-1,0.000075,0.000075,0.999851
ATTGACCGGCGATGAC-1,0.000067,0.042869,0.957063
ATTGATAGCAACGAGA-1,0.000386,0.000386,0.999228
ATTGATCACCACATTT-1,0.000052,0.036914,0.963033
ATTGATGAGTCCTAAC-1,0.000016,0.005372,0.994611
ATTGCCTATTAGACCG-1,0.000275,0.030574,0.96915
ATTGCGATCAGTAACT-1,0.000465,0.000465,0.99907
ATTGCTGCTCCTCCAT-1,0.000039,0.000039,0.999921
ATTGGATTACAGCGTA-1,0.000893,0.000893,0.998214
ATTGGGAGTTCTGTAA-1,0.00006,0.00006,0.999881
ATTGGTAGGATCCGCT-1,0.000595,0.045854,0.953551
ATTGTACAACTCGGCT-1,0.000005,0.000005,0.99999
ATTGTCGCAATACCTT-1,0.000065,0.064908,0.935028
ATTGTGACTTCGCTGC-1,0.000048,0.11711,0.882842
ATTGTTCAACGATCCG-1,0.000107,0.000107,0.999786
ATTTACAGTTTACTGG-1,0.000029,0.000029,0.999943
ATTTACTAAGTCCATT-1,0.000014,0.000014,0.999973
ATTTCATTATTTCGCG-1,0.000051,0.544211,0.455738
ATTTCCGGGTTCTGCG-1,0.000093,0.000093,0.999814
ATTTGCGCGAGTAGCT-1,0.000065,0.000065,0.999869
ATTTGGAGATTGCGGT-1,0.000087,0.000087,0.999826
ATTTGTCTTGGGAGCT-1,0.000058,0.000058,0.999885
CAAACCAGGTCTGCAT-1,0.000397,0.065635,0.933968
CAAACGAGTATCGCAG-1,0.000041,0.041746,0.958213
CAAACGGTCGCACTTT-1,0.000024,0.000024,0.999952
CAAACTACGATAGAGA-1,0.000035,0.096738,0.903227
CAAACTCGCGACGCCG-1,0.000141,0.000141,0.999718
CAAAGATTATTGGGCC-1,0.000045,0.116182,0.883773
CAAAGGTCATCTGAAA-1,0.000336,0.000336,0.999329
CAAAGGTTAAATTCAG-1,0.000048,0.000048,0.999903
CAAAGTCAGGTTAGCT-1,0.000267,0.068724,0.931009
