Barcode,Topic 1to2,Topic 3to5,Topic 6to8
AAACAAGTATCTCCCA-1,0.12003,0.610792,0.269178
AAACACCAATAACTGC-1,0.382182,0.000384,0.617434
AAACAGAGCGACTCCT-1,0.918435,0.081379,0.000186
AAACAGCTTTCAGAAG-1,0.885374,0.0726,0.042027
AAACAGGGTCTATATT-1,0.44685,0.553025,0.000125
AAACATGGTGAGAGGA-1,0.167296,0.122018,0.710686
AAACATTTCCCGGATT-1,0.08419,0.000221,0.915588
AAACCGGGTAGGTACC-1,0.547062,0.283636,0.169302
AAACCGTTCGTCCAGG-1,0.548871,0.284438,0.166691
AAACCTAAGCAGCCGG-1,0.153233,0.00039,0.846377
AAACCTCATGAAGTTG-1,0.793099,0.201375,0.005526
AAACGAAGATGGAGTA-1,0.001647,0.530858,0.467495
AAACGAGACGGTTGAT-1,0.805347,0.192008,0.002644
AAACGGGCGTACGGGT-1,0.000126,0.000188,0.999686
AAACTGCTGGCTCCAA-1,0.341919,0.486416,0.171664
AAACTTAATTGCACGC-1,0.35849,0.000299,0.641211
AAACTTGCAAACGTAT-1,0.534923,0.464937,0.00014
AAAGAATGACCTTAGA-1,0.19,0.424734,0.385265
AAAGACTGGGCGCTTT-1,0.94377,0.056065,0.000165
AAAGGCCCTATAATAC-1,0.02686,0.193082,0.780057
AAAGTAGCATTGCTCA-1,0.069454,0.790106,0.14044
AAAGTCGACCCTCAGT-1,0.582706,0.41699,0.000304
AAAGTGTGATTTATCT-1,0.158457,0.841287,0.000256
AAAGTTGACTCCCGTA-1,0.225397,0.717823,0.056779
AAATAACCATACGGGA-1,0.565912,0.388825,0.045263
AAATACCTATAAGCAT-1,0.752652,0.161287,0.086061
AAATAGGGTGCTATTG-1,0.942455,0.000418,0.057128
AAATCCGATACACGCC-1,0.081158,0.000273,0.918569
AAATCGCGGAAGGAGT-1,0.017873,0.66261,0.319517
AAATCTAGCCCTGCTA-1,0.234077,0.060313,0.70561
AAATGGCATGTCTTGT-1,0.715406,0.221685,0.062909
AAATGGCCCGTGCCCT-1,0.999197,0.000401,0.000401
AAATGTATCTTATCCC-1,0.982526,0.008738,0.008737
AAATTAATAAGCGCGA-1,0.7023,0.288307,0.009393
AAATTACACGACTCTG-1,0.507632,0.492174,0.000194
AAATTACCTATCGATG-1,0.07793,0.921966,0.000104
AAATTGATAGTCCTTT-1,0.127931,0.000329,0.87174
AAATTGCGGCGGTTCT-1,0.550829,0.410599,0.038573
AAATTTACCGAAATCC-1,0.919032,0.058674,0.022294
AAATTTGCGGGTGTGG-1,0.86593,0.034171,0.099898
AACAATACATTGTCGA-1,0.020826,0.000224,0.97895
AACAATTACTCTACGC-1,0.55766,0.364826,0.077515
AACACACGCTCGCCGC-1,0.345101,0.066806,0.588093
AACACGAGACGCGGCC-1,0.434945,0.551074,0.013981
AACAGCTGTGTGGCAA-1,0.000108,0.032632,0.967261
AACAGGAAATCGAATA-1,0.818096,0.099852,0.082053
AACAGGATGGGCCGCG-1,0.007111,0.992869,0.00002
AACATATCAACTGGTG-1,0.345923,0.608726,0.045351
AACATTGGTCAGCCGT-1,0.343289,0.442191,0.214519
AACCAAGACTTCTCTG-1,0.156767,0.843045,0.000188
AACCAGTATCACTCTT-1,0.78288,0.216918,0.000202
AACCATAGGGTTGAAC-1,0.297563,0.006406,0.696031
AACCCATCCCATGATC-1,0.364234,0.322997,0.312768
AACCCGACAACCCGTG-1,0.196759,0.299353,0.503888
AACCCTACTGTCAATA-1,0.757928,0.105885,0.136188
AACCCTGGTGGAACCA-1,0.014342,0.858195,0.127463
AACCGAGCTTGGTCAT-1,0.88915,0.110605,0.000245
AACCGCTAAGGGATGC-1,0.612819,0.224996,0.162185
AACCTCGCTTTAGCCC-1,0.242841,0.089206,0.667953
AACCTTTAAATACGGT-1,0.999148,0.000426,0.000426
AACCTTTACGACGTCT-1,0.998752,0.000624,0.000624
AACGAAAGTCGTCCCA-1,0.609316,0.193151,0.197533
AACGATAATGCCGTAG-1,0.7331,0.049662,0.217239
AACGATATGTCAACTG-1,0.884188,0.000377,0.115435
AACGCATGATCTGGGT-1,0.22947,0.759376,0.011153
AACGCGGTCTCCAGCC-1,0.36619,0.562425,0.071384
AACGCTGTTGCTGAAA-1,0.380061,0.082244,0.537696
AACGGACGTACGTATA-1,0.481102,0.109892,0.409006
AACGGCCATCTCCGGT-1,0.368918,0.380832,0.25025
AACGTGATGAAGGACA-1,0.378957,0.488033,0.13301
AACGTGCGAAAGTCTC-1,0.856083,0.143733,0.000184
AACGTTATCAGCACCT-1,0.536954,0.453302,0.009745
AACTAGGCTTGGGTGT-1,0.419312,0.408579,0.172109
AACTCCAGAGCGTGTT-1,0.006689,0.328297,0.665014
AACTCCTAATCCCATG-1,0.68293,0.316838,0.000232
AACTCGATAAACACGT-1,0.131559,0.012081,0.85636
AACTCTCAATAGAGCG-1,0.834997,0.005219,0.159784
AACTCTCAGTGTGCTC-1,0.100698,0.140374,0.758928
AACTGATATTAGGCCT-1,0.45517,0.381137,0.163693
AACTGGGTCCCGACGT-1,0.998939,0.000531,0.000531
AACTGGGTTCGAGCCG-1,0.505836,0.480594,0.013569
AACTTCTGCGTCTATC-1,0.656027,0.278585,0.065388
AACTTGCCCGTATGCA-1,0.602305,0.367348,0.030347
AACTTGCGTTCTCGCG-1,0.399104,0.476528,0.124368
AACTTTACGGGAGCTT-1,0.982928,0.008537,0.008535
AAGACCAAATAACTCA-1,0.432288,0.155351,0.412361
AAGACTGCAAGCTACT-1,0.101796,0.876031,0.022173
AAGAGATGAATCGGTA-1,0.000063,0.985283,0.014654
AAGAGCTCTTTATCGG-1,0.846637,0.000271,0.153091
AAGAGGATGTACGCGA-1,0.718841,0.280632,0.000527
AAGAGGCATGGATCGC-1,0.677958,0.32186,0.000182
AAGATGGCACCGGACC-1,0.060999,0.136818,0.802183
AAGATTGGCGGAACGT-1,0.901795,0.097751,0.000454
AAGCACCCTGCGTATC-1,0.792509,0.065114,0.142378
AAGCATACTCTCCTGA-1,0.558564,0.343733,0.097703
AAGCCGCCGTGAAATC-1,0.021379,0.042609,0.936012
AAGCGTCCCTCATCGA-1,0.10379,0.030021,0.866189
AAGCTAGATCGAGTAA-1,0.032056,0.942026,0.025918
AAGCTCGTGCCAAGTC-1,0.999489,0.000256,0.000256
AAGCTCTTTCATGGTG-1,0.278138,0.364286,0.357576
AAGGATGAGGGACCTC-1,0.988648,0.000641,0.010711
AAGGGAACGACTGGCT-1,0.191531,0.016589,0.79188
AAGGGACAGATTCTGT-1,0.238707,0.529408,0.231884
AAGGGACTATGCATTC-1,0.038078,0.046685,0.915236
AAGGGTTTGATTTCAG-1,0.080493,0.749008,0.170499
AAGGTATCCTAATATA-1,0.812892,0.074187,0.112921
AAGGTGATAAACCAGC-1,0.539925,0.352793,0.107282
AAGTAGTGACGCGAGG-1,0.802374,0.145883,0.051742
AAGTCAATTGTCGTCA-1,0.063241,0.934272,0.002487
AAGTCTTCTGTGGCCT-1,0.996537,0.001731,0.001731
AAGTGACGACCGAATT-1,0.993294,0.003354,0.003353
AAGTGAGTCGGGTTTA-1,0.20833,0.592504,0.199166
AAGTGCAAAGGTAGAC-1,0.776203,0.223666,0.000131
AAGTGCCTTGACTGTA-1,0.194321,0.646574,0.159104
AAGTGCGTTAGAATCT-1,0.797952,0.066705,0.135344
AAGTGTTTGGAGACGG-1,0.513795,0.342929,0.143276
AAGTTCACTCCAAGCT-1,0.398119,0.164957,0.436924
AAGTTCGGCCAACAGG-1,0.838882,0.000342,0.160776
AAGTTGTGATGTTATA-1,0.312431,0.521272,0.166297
AATAACAACGCTCGGC-1,0.812038,0.023153,0.164808
AATAACACTAGAACAA-1,0.000048,0.095597,0.904355
AATAAGTCCTCGAGAC-1,0.144499,0.101893,0.753608
AATACAATGTTTCAGG-1,0.496552,0.502399,0.001049
AATACCGGAGGGCTGT-1,0.289674,0.380237,0.330089
AATAGAATCTGTTTCA-1,0.728145,0.03224,0.239615
AATAGTCGCGAGTCGG-1,0.999616,0.000192,0.000192
AATATCCTAGCAAACT-1,0.805303,0.110236,0.084461
AATATCGAGGGTTCTC-1,0.26063,0.739059,0.000311
AATATTGGAGTATTGA-1,0.780349,0.218364,0.001287
AATCATGTAAAGACTC-1,0.079234,0.001362,0.919403
AATCGCCTCAGCGCCA-1,0.879933,0.020238,0.09983
AATCTAGGTTTACTTG-1,0.881092,0.000413,0.118495
AATCTCTACTGTGGTT-1,0.995276,0.002362,0.002362
AATCTGCGTTGGGACG-1,0.543599,0.445318,0.011083
AATCTGGCTTTCTAGT-1,0.942938,0.000679,0.056383
AATCTGGGTAGACCCT-1,0.744785,0.238415,0.016801
AATGACAGCAATGTCT-1,0.998936,0.000532,0.000532
AATGACGTAGGATGTC-1,0.61674,0.067832,0.315428
AATGAGTTCGCATATG-1,0.49278,0.392644,0.114576
AATGATGATACGCTAT-1,0.550563,0.399862,0.049576
AATGATGCGACTCCTG-1,0.142059,0.849082,0.008859
AATGCACCAAGCAATG-1,0.421093,0.574588,0.004318
AATGGTCCACCGTTCA-1,0.450409,0.517938,0.031653
AATGTATGGCACTGTA-1,0.218194,0.022919,0.758887
AATGTGCCCGAGGTGT-1,0.314336,0.030303,0.655361
AATGTGCTAATCTGAG-1,0.182199,0.172899,0.644902
AATTAACGGATTTCCA-1,0.402415,0.07792,0.519665
AATTACGAGACCCATC-1,0.830392,0.134367,0.035241
AATTACTCGTACGCTC-1,0.270536,0.168457,0.561007
AATTAGCGCTGCAGCG-1,0.779525,0.043267,0.177207
AATTCATAAGGGATCT-1,0.720026,0.279216,0.000758
AATTCATTGTCATGCA-1,0.148922,0.055628,0.79545
AATTCCAACTTGGTGA-1,0.181477,0.533229,0.285293
AATTCTAGAGTTAGGC-1,0.794659,0.091525,0.113816
AATTGAACGCTCTGGT-1,0.609119,0.311526,0.079355
AATTGCAGCAATCGAC-1,0.120038,0.000189,0.879773
AATTTGGGACATAGTA-1,0.650135,0.324559,0.025306
AATTTGGTTCCAAAGA-1,0.566811,0.308727,0.124462
ACAAACCATGCGTCCT-1,0.030969,0.642888,0.326143
ACAAAGAAGGTAGGCC-1,0.996787,0.000319,0.002894
ACAAAGCATGACCTAG-1,0.066307,0.000189,0.933504
ACAAATCGCACCGAAT-1,0.873587,0.091064,0.035349
ACAAATGGTAGTGTTT-1,0.941272,0.058415,0.000313
ACAACAGCATGAGCTA-1,0.799731,0.192726,0.007543
ACAAGCAGTGCCTAGC-1,0.50091,0.461069,0.03802
ACAAGCTATATGGAAG-1,0.995607,0.002196,0.002196
ACAAGGAAATCCGCCC-1,0.87837,0.121293,0.000337
ACAAGGATGCTTTAGG-1,0.064483,0.157024,0.778493
ACAAGGGCAGGCTCTG-1,0.427412,0.494987,0.077601
ACAATAGTCGTACGTT-1,0.992333,0.003833,0.003834
ACAATCCATTTAAACC-1,0.950703,0.048923,0.000373
ACAATGAATACGGAGA-1,0.137672,0.152809,0.709518
ACAATTGTGTCTCTTT-1,0.358545,0.137989,0.503466
ACAATTTAGGAGGCTC-1,0.999021,0.00049,0.00049
ACAATTTGAGCAGTGG-1,0.076868,0.923097,0.000035
ACACACCAGGACCAGT-1,0.681725,0.274787,0.043487
ACACATGATCAAATCT-1,0.069805,0.003984,0.926211
ACACATTGACGCAACA-1,0.395429,0.078062,0.526509
ACACCGAGCGCTCTTT-1,0.543222,0.000181,0.456597
ACACCGGTCTGACCGC-1,0.132001,0.030723,0.837276
ACACGAGACTCCTTCT-1,0.611596,0.388268,0.000135
ACACGGCACTATGCAT-1,0.016989,0.290593,0.692418
ACACGGGAACTTAGGG-1,0.999212,0.000394,0.000394
ACACTCCAATGTCACT-1,0.510309,0.343284,0.146407
ACAGAACTGAGAACAA-1,0.188349,0.355231,0.45642
ACAGCGACATTCTCAT-1,0.168483,0.016354,0.815163
ACAGCGCACCCGCAGC-1,0.926162,0.000764,0.073074
ACAGGAGGCGCAGCCG-1,0.919507,0.000221,0.080272
ACAGGCTTGCCCGACT-1,0.604769,0.182236,0.212995
ACAGGTGGAGGTGAGG-1,0.147207,0.246324,0.60647
ACAGGTGTGTTGTTGC-1,0.997392,0.001304,0.001304
ACAGTAATACAACTTG-1,0.920367,0.079363,0.00027
ACATAAGTCGTGGTGA-1,0.043017,0.947576,0.009407
ACATCAGCTGGGACGC-1,0.867755,0.126775,0.00547
ACATCCTGGTAACTGT-1,0.295792,0.675414,0.028794
ACATCGATCGTTTACC-1,0.666321,0.33324,0.000439
ACATCGGTCAGCCGCG-1,0.576459,0.307787,0.115754
ACATCGTATGCAATGG-1,0.81861,0.181039,0.000351
ACATCGTTAACCTAGT-1,0.515098,0.020086,0.464816
ACATCTCAACGCGTAA-1,0.289884,0.092828,0.617288
ACATGGCTCAATTTAG-1,0.79255,0.170296,0.037154
ACATTAGTTTATATCC-1,0.000247,0.035566,0.964187
ACCAACCGCACTCCAC-1,0.204381,0.000345,0.795274
ACCAATATGCAAGTTA-1,0.484635,0.19523,0.320134
ACCACAACTCAGAACA-1,0.368585,0.468186,0.163229
ACCACGTGCAGCTATA-1,0.684856,0.0917,0.223443
ACCACTGTTCAAGAAG-1,0.139074,0.295536,0.56539
ACCAGACCATAACAAC-1,0.997009,0.001495,0.001496
ACCAGCCCGGTCTTTG-1,0.608347,0.000432,0.391221
ACCAGTGCGGGAGACG-1,0.000049,0.982297,0.017654
ACCATCCGCCAACTAG-1,0.856875,0.092221,0.050903
ACCATTAAGGGTGTCA-1,0.362459,0.08056,0.556981
ACCCAACGCCCGTGGC-1,0.99907,0.000465,0.000465
ACCCACCTACATGCTC-1,0.000024,0.999939,0.000037
ACCCATCTTGAGGGTA-1,0.687533,0.272312,0.040154
ACCCATTTGTCCCTCT-1,0.281808,0.100805,0.617387
ACCCGAGCGAAATTAC-1,0.000145,0.015616,0.98424
ACCCGGAAACTCCCAG-1,0.315042,0.000362,0.684597
ACCCGGATGACGCATC-1,0.041252,0.801561,0.157187
ACCCTATAGGACTGAG-1,0.473853,0.474052,0.052095
ACCCTATGCCATATCG-1,0.062424,0.051006,0.88657
ACCCTCCCTTGCTATT-1,0.939487,0.000426,0.060088
ACCCTTTAGTTCTCCA-1,0.037988,0.598961,0.363052
ACCGAAGAGTCTGGTT-1,0.259322,0.031395,0.709284
ACCGACACATCTCCCA-1,0.251482,0.000362,0.748155
ACCGACTGAGTCCCAC-1,0.820953,0.119527,0.05952
ACCGATGGTAGCATCG-1,0.728223,0.137446,0.134331
ACCGCAATAACTGCCT-1,0.366889,0.616295,0.016816
ACCGGGCCTTTGTTGA-1,0.638679,0.038946,0.322375
ACCGGTCAGGTACACC-1,0.000136,0.005456,0.994408
ACCGTCCACTGGGCCC-1,0.46804,0.065611,0.466349
ACCGTGACCACGTGGG-1,0.058593,0.000304,0.941102
ACCTAAGTACCTTTCA-1,0.049775,0.751878,0.198348
ACCTAATCGACTTCCT-1,0.402861,0.558351,0.038788
ACCTCGAACTTATGCT-1,0.462762,0.12042,0.416819
ACCTGCGTGTCATGTT-1,0.027881,0.943607,0.028512
ACGAAATGGGCGGCAC-1,0.750016,0.2373,0.012684
ACGACTGGTCATACTC-1,0.000161,0.000242,0.999597
ACGAGATATTTGCTTA-1,0.876466,0.005457,0.118077
ACGAGGATACCACTCT-1,0.63769,0.087482,0.274828
ACGAGGTTTACAACGT-1,0.484629,0.295477,0.219894
ACGAGTCGCCGGCGTT-1,0.273053,0.112127,0.61482
ACGATACATAGAACTA-1,0.735406,0.151671,0.112924
ACGATACCTATCCTGA-1,0.388275,0.598315,0.013411
ACGATCATACATAGAG-1,0.478136,0.431767,0.090096
ACGATCATCTTGTAAA-1,0.071988,0.912329,0.015683
ACGATGGATCCGATGC-1,0.501463,0.169768,0.328769
ACGCAAACTAATAGAT-1,0.204664,0.581579,0.213757
ACGCATACGTTTACTA-1,0.158544,0.000276,0.84118
ACGCCAGATGATTTCT-1,0.815724,0.075682,0.108595
ACGCCCAGCTGTCGAT-1,0.544263,0.340679,0.115057
ACGCCGCTAGACGACC-1,0.680757,0.106893,0.21235
ACGCCTGACACGCGCT-1,0.653825,0.345092,0.001083
ACGCGCTACACAGGGT-1,0.630476,0.368796,0.000728
ACGCGGGCCAAGGACA-1,0.245695,0.467447,0.286858
ACGCGTTTCTTAAGAG-1,0.982932,0.008536,0.008532
ACGCTAGTGATACACT-1,0.356922,0.617003,0.026075
ACGCTGTGAGGCGTAG-1,0.992693,0.006968,0.000339
ACGCTTAGTGTCTCTC-1,0.35731,0.281969,0.36072
ACGGACTCTCAAAGCG-1,0.388382,0.299431,0.312187
ACGGATGGTGCGGATA-1,0.01578,0.882425,0.101795
ACGGCACTTGCTTGGG-1,0.169232,0.264842,0.565927
ACGGCGACGATGGGAA-1,0.600752,0.266231,0.133017
ACGGCTGGATGTAGAA-1,0.325252,0.323545,0.351203
ACGGGAGTGTCGGCCC-1,0.927818,0.000432,0.07175
ACGGGTCATGTGACTT-1,0.150222,0.062021,0.787757
ACGTAGATTGCTGATG-1,0.620837,0.378898,0.000265
ACGTATTACTCCGATC-1,0.593173,0.147952,0.258875
ACGTCTCGTTCCGGGA-1,0.965708,0.000284,0.034008
ACGTGACAAAGTAAGT-1,0.478071,0.151123,0.370806
ACGTGGTCGAATGTGC-1,0.323712,0.079729,0.596559
ACGTTAATGTCGAAGA-1,0.660295,0.000341,0.339364
ACGTTAGATTTGCCCG-1,0.390085,0.580604,0.029312
ACGTTATTGGTCACTC-1,0.60432,0.291777,0.103903
ACGTTCGTTCAGGAAA-1,0.365658,0.302275,0.332067
ACGTTCTGTACAAGTC-1,0.088197,0.000308,0.911495
ACGTTTAGTTGTGATC-1,0.630953,0.366924,0.002123
ACTACATCCCGACAAG-1,0.281231,0.028597,0.690172
ACTAGTTGCGATCGTC-1,0.339069,0.22695,0.43398
ACTATCGCCGGCTAAA-1,0.226957,0.634589,0.138454
ACTATGTCCAGCTGCC-1,0.125412,0.000307,0.874282
ACTATTCGTCCGTGGT-1,0.157273,0.048118,0.794609
ACTATTTCCGGGCCCA-1,0.017736,0.018162,0.964102
ACTCAAGTGCAAGGCT-1,0.270841,0.111302,0.617857
ACTCAATAAAGGCACG-1,0.85034,0.149433,0.000226
ACTCCAATATCATCAT-1,0.000188,0.036637,0.963175
ACTCCCATTCCTAAAG-1,0.281831,0.672473,0.045696
ACTCCCTAATGCTAAA-1,0.387652,0.276333,0.336015
ACTCCCTAGAATAGTA-1,0.799108,0.025793,0.175099
ACTCGATGTATTTCAT-1,0.252733,0.515113,0.232154
ACTCGTAACCCGTCCT-1,0.451345,0.260148,0.288507
ACTCGTCAGTAATCCC-1,0.308636,0.627141,0.064223
ACTCTAAACCTGGGAT-1,0.73969,0.255673,0.004637
ACTCTCTGACTTAGGT-1,0.779227,0.220421,0.000352
ACTCTCTTATACACGA-1,0.545691,0.247628,0.206681
ACTCTTGTATAGTAAC-1,0.10005,0.899835,0.000115
ACTGAAACGCCGTTAG-1,0.342858,0.048051,0.609091
ACTGAATGGCGAAAGT-1,0.738621,0.261091,0.000288
ACTGATTTAGTGATTC-1,0.545844,0.083385,0.370771
ACTGCCGTCGTAACTC-1,0.566094,0.000437,0.433469
ACTGCTCGGAAGGATG-1,0.922296,0.000424,0.077281
ACTGTACGATACACAT-1,0.999149,0.000425,0.000425
ACTGTCTTCTTTAGAA-1,0.895813,0.000433,0.103754
ACTTACCGGGCGCGCA-1,0.395263,0.592312,0.012425
ACTTACGCATCCACGC-1,0.229973,0.291065,0.478962
ACTTATACTTACCCGG-1,0.192792,0.80648,0.000728
ACTTATTTATGTGCCA-1,0.310132,0.657273,0.032595
ACTTCAGGCTGATCCC-1,0.630172,0.047916,0.321912
ACTTCCAGTGGAAGCT-1,0.632043,0.002087,0.36587
ACTTCCATGCGGGACA-1,0.081126,0.011571,0.907304
ACTTCGCCATACGCAC-1,0.707299,0.271318,0.021383
ACTTGACTCCCTCTTT-1,0.6842,0.000382,0.315417
ACTTGTAGTCCCTTCA-1,0.878658,0.120966,0.000376
ACTTTGACTGCATCCT-1,0.960848,0.038232,0.000921
ACTTTGGTCGTGCTCC-1,0.376271,0.179323,0.444406
AGAACCCTCAATTGGG-1,0.658274,0.00035,0.341376
AGAACGTGGTACATTC-1,0.961235,0.038513,0.000252
AGAAGAGCGCCGTTCC-1,0.502007,0.093821,0.404173
AGAAGGTACACTTCAC-1,0.550027,0.00033,0.449642
AGAAGGTTGTAGGTCG-1,0.294544,0.000387,0.705069
AGAAGTGATTCGTGAT-1,0.021903,0.936971,0.041126
AGAATAAATCTTCAGG-1,0.997608,0.001196,0.001196
AGAATTATGGATTCGA-1,0.294009,0.703038,0.002953
AGACAGCTCAGAATCC-1,0.615589,0.374386,0.010025
AGACCAAACCACACCT-1,0.787669,0.145569,0.066762
AGACCCACCGCTGATC-1,0.294316,0.649656,0.056027
AGACCGGGAAACCCTG-1,0.572233,0.42739,0.000377
AGACGAAGTGCCGGTC-1,0.405903,0.08365,0.510447
AGACGACGATGCCGCT-1,0.226311,0.046114,0.727575
AGACTGTTACCGGGTC-1,0.567941,0.363853,0.068205
AGAGAACCGTCTAGGA-1,0.324117,0.673309,0.002573
AGAGAAGGAGTACAAT-1,0.006886,0.100086,0.893028
AGAGATCTCTAAAGCG-1,0.998936,0.000532,0.000532
AGAGCAGTTATGAGAC-1,0.999483,0.000259,0.000259
AGAGCTACGAAAGCAT-1,0.634602,0.365197,0.000201
AGAGGCTTCGGAAACC-1,0.000042,0.000063,0.999895
AGAGTTAGAGACCGAT-1,0.217153,0.768331,0.014516
AGATACCGGTGTTCAC-1,0.515998,0.4401,0.043902
AGATACTCAAGATCGA-1,0.505846,0.493926,0.000229
AGATATAATACGACTA-1,0.301791,0.071193,0.627016
AGATCGTGCATAAGAT-1,0.8668,0.132777,0.000422
AGATCTCAGGTGTGAT-1,0.170374,0.829599,0.000027
AGATGAGGGTTGCGAT-1,0.140739,0.827442,0.031819
AGATGCAAGACGTGCA-1,0.158695,0.043284,0.798021
AGATGCATCCTGTGTC-1,0.445853,0.525498,0.028648
AGATGCTATAACGAGC-1,0.206419,0.152579,0.641002
AGATTCACAACCGATA-1,0.389475,0.38938,0.221145
AGCAAAGGCCGCTAGT-1,0.610806,0.000335,0.38886
AGCAACATATCTTATT-1,0.844866,0.000661,0.154473
AGCAACCGAAAGTAAT-1,0.775678,0.079226,0.145096
AGCACCAGTACTCACG-1,0.911036,0.088523,0.000441
AGCACTACCGGCCTGT-1,0.864985,0.00578,0.129236
AGCACTACCTCACCAG-1,0.686624,0.245079,0.068297
AGCACTTAAGGACGCC-1,0.273227,0.701998,0.024775
AGCAGAAGGAGAAAGA-1,0.339832,0.00028,0.659888
AGCATATCAATATGCT-1,0.641902,0.088275,0.269823
AGCATCATTTCGAAAG-1,0.987071,0.000446,0.012483
AGCCACAGGTTACCCG-1,0.05321,0.179468,0.767322
AGCCACTCCCGTGCTT-1,0.702402,0.232587,0.065011
AGCCCATACATGTAAG-1,0.961543,0.000248,0.03821
AGCCCGGCATTAGAGG-1,0.125158,0.045612,0.82923
AGCCCTAAGCGAAGTT-1,0.528086,0.470845,0.001069
AGCCCTCCCTGGTGGC-1,0.134103,0.36729,0.498607
AGCCCTTCTAATCCGA-1,0.295294,0.64204,0.062666
AGCCGCAAATTCAAAT-1,0.994176,0.002912,0.002912
AGCCGCTTGATTAGCG-1,0.373615,0.19299,0.433395
AGCCGTGGCTAAATGT-1,0.78716,0.098441,0.1144
AGCCTAATACCCACGT-1,0.430657,0.065418,0.503925
AGCCTTAAAGCGGAAG-1,0.090975,0.847299,0.061726
AGCGACAGGAACGGTC-1,0.124926,0.060054,0.815021
AGCGCGGGTGCCAATG-1,0.486149,0.276025,0.237826
AGCGCTTATGGGCAAG-1,0.477214,0.507852,0.014934
AGCGGACACTTCGTAG-1,0.050981,0.809468,0.13955
AGCGGCGGTTAGCGGT-1,0.756256,0.018475,0.225269
AGCGTGGTATTCTACT-1,0.814926,0.065442,0.119633
AGCTAACAAGCAATGT-1,0.000085,0.003474,0.996441
AGCTAAGTACGCAGGC-1,0.126089,0.000174,0.873737
AGCTAGAAGCAGAAGT-1,0.684167,0.313111,0.002722
AGCTATTTAATCCAAC-1,0.474539,0.199846,0.325616
AGCTCCTTCGCACATC-1,0.691328,0.000379,0.308293
AGCTCTAGACGTTCCA-1,0.917052,0.000265,0.082683
AGCTCTTCCCAGTGCA-1,0.688023,0.311028,0.000949
AGCTGAAGTAAACCAA-1,0.179252,0.820634,0.000114
AGCTGTAACCTCAATC-1,0.006061,0.000355,0.993583
AGCTTGATCTTAACTT-1,0.992633,0.003684,0.003683
AGGAAAGCCTCTGATG-1,0.380189,0.02724,0.59257
AGGAAGCTGTCCGCCG-1,0.368763,0.000377,0.630861
AGGACAGTCGAATCCC-1,0.933606,0.000347,0.066048
AGGACGCTCGATGTTG-1,0.690574,0.24129,0.068136
AGGACTTATAGGAGAA-1,0.40394,0.08281,0.51325
AGGAGGCCTTCGCGCG-1,0.197213,0.005401,0.797387
AGGATAAAGTCGGGAT-1,0.840715,0.000367,0.158918
AGGATATAGGGATTTA-1,0.504519,0.049113,0.446368
AGGATCACGCGATCTG-1,0.999012,0.000494,0.000494
AGGCAATACGGAGGAC-1,0.703877,0.025627,0.270497
AGGCAGATGCGTAAAC-1,0.72059,0.278643,0.000767
AGGCATTGTCGTAGGG-1,0.356608,0.080921,0.56247
AGGCCCAGTGACTGGT-1,0.895984,0.102582,0.001434
AGGCCCTAGAACGCCA-1,0.397799,0.499805,0.102396
AGGCCTGAGAATCTCG-1,0.218962,0.34259,0.438448
AGGCGGTTTGTCCCGC-1,0.418966,0.000539,0.580495
AGGCTATGGTTAGCTT-1,0.162138,0.795631,0.042231
AGGCTTGCTAGACACC-1,0.706928,0.231163,0.061908
AGGGAAACGAGGTACT-1,0.682525,0.317298,0.000177
AGGGCAGCGGCGTGGT-1,0.033172,0.019221,0.947607
AGGGCGAGCAGCTGAT-1,0.705189,0.294654,0.000157
AGGGCTGCAGTTACAG-1,0.999287,0.000356,0.000356
AGGGTCGATGCGAACT-1,0.548669,0.235357,0.215974
AGGGTGCCGTTCTTTA-1,0.025275,0.056015,0.91871
AGGGTGCTCTCGAGGG-1,0.789057,0.197992,0.01295
AGGGTGGATAGTGCAT-1,0.999613,0.000194,0.000194
AGGGTTCCCTTTGGTT-1,0.999387,0.000307,0.000307
AGGGTTTAGTTCGGGA-1,0.373682,0.521715,0.104603
AGGTACGATATTGCCA-1,0.050924,0.50893,0.440146
AGGTAGATCGAGATAT-1,0.024794,0.000131,0.975075
AGGTAGGTACAAAGCT-1,0.989111,0.005445,0.005444
AGGTCAGGTGAGAGTG-1,0.679457,0.320371,0.000171
AGGTGTATCGCCATGA-1,0.15492,0.844714,0.000366
AGGTTCTCCTTTCCGG-1,0.416254,0.252861,0.330885
AGGTTGAGGCACGCTT-1,0.362343,0.6375,0.000157
AGGTTTCACACACCTT-1,0.998663,0.000669,0.000668
AGTAACGTTCATCCTG-1,0.968886,0.030942,0.000172
AGTACGGCCCGTATCG-1,0.993791,0.003106,0.003103
AGTACGGGCACCTGGC-1,0.09207,0.907822,0.000109
AGTACGTGGCCTGTCT-1,0.84955,0.150259,0.000191
AGTACTCTTATGCCCA-1,0.18623,0.059363,0.754407
AGTAGCGTGAACGAAC-1,0.816423,0.002703,0.180874
AGTAGGAAGGAAGTTG-1,0.344328,0.636748,0.018923
AGTATACACAGCGACA-1,0.063495,0.769379,0.167125
AGTATGCTGGAGACCA-1,0.079809,0.000225,0.919966
AGTCAAATGATGTGAT-1,0.259069,0.475927,0.265004
AGTCAAGATGACACTT-1,0.723008,0.129957,0.147035
AGTCACTAGCTCTCGA-1,0.071491,0.039742,0.888768
AGTCCATTGGCTGATG-1,0.404918,0.187574,0.407508
AGTCCCGCCTTTAATT-1,0.916877,0.080256,0.002867
AGTCGACGGTCTCAAG-1,0.000656,0.998361,0.000983
AGTCGGCTCAACTTTA-1,0.803252,0.196324,0.000424
AGTCGTATAAAGCAGA-1,0.322655,0.282425,0.39492
AGTCGTCGACCACCAA-1,0.191769,0.034609,0.773622
AGTCGTGGGCATTACG-1,0.539269,0.338217,0.122514
AGTCTCACAAGACTAC-1,0.421963,0.008349,0.569689
AGTCTGGACATCCTTG-1,0.437372,0.549763,0.012865
AGTCTTCTCCTCAAAT-1,0.957623,0.042043,0.000334
AGTGAACAAACTTCTC-1,0.499975,0.223104,0.276921
AGTGACTGTGACACAA-1,0.049782,0.140879,0.809338
AGTGAGACTTCCAGTA-1,0.649013,0.251935,0.099051
AGTGAGGGTTTCTGAC-1,0.709054,0.290821,0.000125
AGTGATAACCTGCGCG-1,0.198803,0.096115,0.705082
AGTGATTCAAGCAGGA-1,0.471536,0.396071,0.132393
AGTGCACGCTTAAGAA-1,0.532382,0.014382,0.453236
AGTGCTAAACACAGCA-1,0.092929,0.029686,0.877386
AGTGCTTGCACGAATA-1,0.559225,0.430626,0.010149
AGTGGCGGCAATTTGA-1,0.580485,0.39766,0.021856
AGTGGCGTCTGAAGGT-1,0.150079,0.000274,0.849647
AGTGGCTCCGTCGGCC-1,0.659105,0.340673,0.000222
AGTGGGAGTATACACG-1,0.260207,0.245071,0.494722
AGTGGTGTTACCCGTG-1,0.826645,0.074499,0.098856
AGTGGTTGCGTATAGG-1,0.349859,0.646104,0.004038
AGTGTATTGCGCATTG-1,0.833472,0.15401,0.012518
AGTGTGCTAAGATCGC-1,0.347211,0.10527,0.547519
AGTTAAGCGGTCCCGG-1,0.133701,0.566302,0.299997
AGTTAAGTCAACCGCT-1,0.365367,0.000341,0.634293
AGTTACCCTTAAGACT-1,0.869795,0.088251,0.041954
AGTTACCGCACATGGT-1,0.999789,0.000105,0.000105
AGTTACTCTATCGTGG-1,0.999155,0.000423,0.000423
AGTTATTGAAAGGTAA-1,0.503887,0.221065,0.275048
AGTTCACCGGTTGGAC-1,0.595806,0.404094,0.000099
AGTTCCTATTTATGTT-1,0.483323,0.451602,0.065075
AGTTCTGCGTTGTATC-1,0.482733,0.42632,0.090947
AGTTGACGGTCCTTGC-1,0.001456,0.62219,0.376354
AGTTGCTGACTGATAT-1,0.398561,0.558474,0.042965
AGTTTGCACCTGCCTC-1,0.214741,0.758575,0.026684
AGTTTGGCACGGGTTG-1,0.506018,0.001029,0.492952
AGTTTGGCCAGACCTA-1,0.330042,0.55987,0.110088
ATAAACGGACCCGTAA-1,0.192801,0.446702,0.360497
ATAAATATTAGCAGCT-1,0.937673,0.000312,0.062015
ATAACGCCGGAGGGTC-1,0.999565,0.000217,0.000217
ATAACGGAGTCCAACG-1,0.807471,0.192258,0.000271
ATAAGGTGGAGAACAT-1,0.661723,0.318204,0.020072
ATAATACCGTTAGCCG-1,0.386794,0.39699,0.216216
ATAATAGCTGTTGAAT-1,0.800975,0.082487,0.116538
ATAATCTTGGAGAACC-1,0.286467,0.617115,0.096418
ATAATTAGCTAAGTAG-1,0.320659,0.448979,0.230362
ATACAGGCCCTCCAAT-1,0.699399,0.241132,0.05947
ATACCACGGGCAACTT-1,0.263848,0.717268,0.018884
ATACCTAACCAAGAAA-1,0.195127,0.783004,0.02187
ATACGCCGGCGAAACC-1,0.990355,0.000227,0.009418
ATACGGAACGTCGTTT-1,0.793744,0.000664,0.205592
ATACGGGTTTCGATTG-1,0.444184,0.063627,0.49219
ATACGGTGAAGATGCA-1,0.999012,0.000494,0.000494
ATACGTACTTAGCCAC-1,0.77754,0.039573,0.182887
ATACGTCCACTCCTGT-1,0.625131,0.18832,0.186548
ATACGTTATGCACGGA-1,0.39438,0.145357,0.460263
ATACTACCCGTACCAC-1,0.349702,0.22122,0.429078
ATACTGCCTTACACCG-1,0.191625,0.095816,0.712559
ATACTTGTTCTCGAGC-1,0.54207,0.43566,0.02227
ATAGACAACGGGACCT-1,0.452063,0.547808,0.000129
ATAGAGTTATCAACTT-1,0.349285,0.584084,0.066631
ATAGCAACTAGGGAAG-1,0.041753,0.003601,0.954645
ATAGCCTCAGTACCCA-1,0.505812,0.487672,0.006515
ATAGCTGCTCTTGTTA-1,0.439485,0.125957,0.434558
ATAGGCGGCTATAGAA-1,0.857076,0.038866,0.104058
ATAGGCTAGCTTCGCA-1,0.303171,0.677642,0.019187
ATAGGGATATCCTTGA-1,0.927291,0.072371,0.000338
ATAGGTTGGGCAGATG-1,0.229308,0.588967,0.181725
ATAGTCTTTGACGTGC-1,0.329515,0.552487,0.117998
ATAGTTCCACCCACTC-1,0.000074,0.970949,0.028977
ATATAAAGCGCTCGTG-1,0.412349,0.511181,0.07647
ATATAAATGTAGCTGC-1,0.716753,0.101117,0.18213
ATATAACACGGGCGCA-1,0.041014,0.022137,0.936849
ATATACATGTATGGTA-1,0.769549,0.00082,0.229631
ATATAGAGTATTGGTC-1,0.582245,0.056895,0.360861
ATATCAATTCCAGCCT-1,0.139567,0.798358,0.062075
ATATCGTGCCAGACCC-1,0.156629,0.000336,0.843035
ATATCGTTCCTCGAAC-1,0.092027,0.27084,0.637133
ATATCTCCCTCGTTAA-1,0.644523,0.354457,0.001021
ATATGTCTCCCTAGCC-1,0.530591,0.467628,0.001781
ATATTATCCCGTATTT-1,0.174858,0.787213,0.037929
ATATTCCACATAGTGA-1,0.564646,0.335481,0.099873
ATCAAACGAAGGTTTG-1,0.294463,0.026019,0.679518
ATCAATCTGGGCTGCA-1,0.909504,0.09019,0.000306
ATCAATGCCGTGGCTG-1,0.071182,0.000372,0.928446
ATCACATTAGAATATC-1,0.809696,0.125232,0.065071
ATCACGTGCTAATTAA-1,0.647067,0.192811,0.160122
ATCACTTCATCCTCGC-1,0.623371,0.376437,0.000192
ATCAGCCTCATGCTGC-1,0.073592,0.225214,0.701194
ATCAGCTCGTCCACTA-1,0.999291,0.000355,0.000355
ATCAGGTCGCCATTGC-1,0.140249,0.84618,0.013571
ATCAGTAGGCAGGGAT-1,0.412911,0.563281,0.023808
ATCATAGCCCTATGTA-1,0.387589,0.368423,0.243988
ATCATTGTACCGCATT-1,0.412729,0.000362,0.58691
ATCCAATGGAGGGTCC-1,0.231211,0.493942,0.274847
ATCCAATGGTACCGAA-1,0.914692,0.003578,0.08173
ATCCACATCGACAGAA-1,0.232752,0.082252,0.684995
ATCCCATCCACAGCGC-1,0.121797,0.158525,0.719678
ATCCTGAATCGCTGCG-1,0.662036,0.296048,0.041917
ATCGACCCAATACAGA-1,0.787098,0.187881,0.025021
ATCGCACGATTGTTCA-1,0.925765,0.073946,0.000289
ATCGCCAGTCAACATT-1,0.266583,0.669977,0.063441
ATCGGAGACAGACGGC-1,0.415231,0.057485,0.527284
ATCGGCAAGCAGTCCA-1,0.851082,0.148286,0.000631
ATCGGTTACCTAGTAA-1,0.989419,0.005292,0.005289
ATCGTATTCCGAGAAC-1,0.978526,0.010736,0.010738
ATCGTCCAATCGAGTC-1,0.769517,0.108566,0.121917
ATCGTGGAAAGTCTGG-1,0.244407,0.000208,0.755385
ATCGTTAGCTAGCGGA-1,0.000157,0.000236,0.999607
ATCGTTCACTTTCGCC-1,0.328944,0.667258,0.003798
ATCTAACGTCCCTATG-1,0.000062,0.767334,0.232603
ATCTAATATCCTACGG-1,0.852903,0.000519,0.146579
ATCTATCGATGATCAA-1,0.557738,0.000284,0.441978
ATCTCCCTGCAATCTA-1,0.499521,0.041124,0.459355
ATCTGACATGGAAGGA-1,0.194712,0.030181,0.775107
ATCTGATAGTGTCTTA-1,0.135024,0.741075,0.123901
ATCTGGGCTGTTCTTG-1,0.685835,0.071186,0.242979
ATCTGGTTAAGACTGT-1,0.803091,0.026717,0.170191
ATCTTATCGCACACCC-1,0.274014,0.509387,0.216598
ATGAAGTGGACCCAGC-1,0.813319,0.007828,0.178853
ATGACGCGTTCTATCC-1,0.020396,0.674673,0.304931
ATGACTATCAGCTGTG-1,0.60193,0.297524,0.100545
ATGACTATGCGACATT-1,0.681333,0.081276,0.237391
ATGCACCTTCCTTAAT-1,0.435712,0.428107,0.136182
ATGCACGCGCTGTTCA-1,0.368835,0.522334,0.108831
ATGCATGATCCAGGAT-1,0.264996,0.54678,0.188224
ATGCCATTTGCGACCA-1,0.570625,0.282629,0.146746
ATGCCGGTCTTGCATA-1,0.976555,0.023208,0.000237
ATGCCGGTTGATGGGA-1,0.661366,0.223058,0.115576
ATGCGACAGTCCCATT-1,0.620968,0.378004,0.001028
ATGCGAGTCCCACCAC-1,0.361411,0.434914,0.203675
ATGCTCTGGCGCGGTA-1,0.513622,0.05943,0.426948
ATGGAAATTTAAGGAG-1,0.341188,0.008073,0.650739
ATGGAGCAGGCCGTGA-1,0.923819,0.065486,0.010695
ATGGATCCGGCGTCCG-1,0.37504,0.541734,0.083226
ATGGCAGCATTACGAT-1,0.146241,0.000324,0.853435
ATGGCAGCCGAGAAAC-1,0.996676,0.001662,0.001662
ATGGCTGGAAATGGCC-1,0.38026,0.582095,0.037645
ATGGGAACGGAAGCGG-1,0.638064,0.165631,0.196305
ATGGGACCTGCTGAAC-1,0.000097,0.000146,0.999757
ATGGGCCTCGGCCTCT-1,0.551568,0.448231,0.000202
ATGGGTGTATACCTCC-1,0.05089,0.0312,0.91791
ATGGTCGCGTGGTTTC-1,0.807377,0.190303,0.00232
ATGTCATTTCCCATTG-1,0.003549,0.886928,0.109524
ATGTGAAAGCCTAATG-1,0.945948,0.053756,0.000296
ATGTGGACATCTTGAT-1,0.418125,0.470483,0.111392
ATGTTCCTGCCCACCT-1,0.53061,0.160165,0.309225
ATGTTCGTCGACCCAC-1,0.994993,0.002503,0.002503
ATGTTGTAGTCTGTTT-1,0.584742,0.358754,0.056505
ATTAAAGCGGACGAGC-1,0.555218,0.332739,0.112043
ATTAACACCTGAGATA-1,0.435191,0.553644,0.011165
ATTAATACTACGCGGG-1,0.916163,0.083411,0.000426
ATTAATGAACCAGTCG-1,0.849127,0.001058,0.149815
ATTAATTCGGTCACTC-1,0.377632,0.513521,0.108848
ATTACAACTACCGGCC-1,0.988484,0.011294,0.000223
ATTACGCGCTGGCAGG-1,0.804741,0.191963,0.003296
ATTACTTACTGGGCAT-1,0.995022,0.002488,0.00249
ATTAGGCGATGCTTTC-1,0.999091,0.000455,0.000455
ATTATACTTTGCTCGT-1,0.00703,0.974759,0.018211
ATTATGAGACCCAATT-1,0.268922,0.346629,0.384449
ATTATTATGTCCGTCA-1,0.000143,0.342034,0.657823
ATTCAAAGTACCTGTT-1,0.247159,0.08573,0.667111
ATTCAACCATTTAAGG-1,0.279944,0.122972,0.597084
ATTCACTGATGTTGGA-1,0.44461,0.139062,0.416328
ATTCAGGACCTATTTC-1,0.592633,0.404861,0.002506
ATTCAGGATCGCCTCT-1,0.486983,0.254454,0.258563
ATTCAGTAGCAGGGTC-1,0.323077,0.636556,0.040367
ATTCATCGTTGAGGCA-1,0.140475,0.174929,0.684596
ATTCCCACATAAACAA-1,0.643118,0.311861,0.045021
ATTCCCGAAGGTACAG-1,0.1537,0.352523,0.493777
ATTCGACGCCGGGCCT-1,0.943083,0.055746,0.001171
ATTCGCGCCTTGAGAG-1,0.362512,0.500027,0.137461
ATTCTGAGTATGAACT-1,0.515314,0.270018,0.214668
ATTCTTCGTACTTATG-1,0.574427,0.425444,0.000129
ATTGACGTAACTCGGT-1,0.107902,0.343674,0.548424
ATTGATCACCACATTT-1,0.795636,0.032925,0.171438
ATTGATGAGTCCTAAC-1,0.224257,0.757572,0.018171
ATTGCCTATTAGACCG-1,0.247399,0.412449,0.340152
ATTGCCTTTATGTTTG-1,0.388975,0.000376,0.610649
ATTGCGATCAGTAACT-1,0.12911,0.000186,0.870704
ATTGGATTACAGCGTA-1,0.000105,0.012486,0.987409
ATTGGTAGGATCCGCT-1,0.64023,0.356987,0.002783
ATTGTCGCAATACCTT-1,0.731132,0.2522,0.016668
ATTTCATTATTTCGCG-1,0.282458,0.000629,0.716913
ATTTCCGGGTTCTGCG-1,0.000141,0.00604,0.993819
ATTTGCGCGAGTAGCT-1,0.209582,0.000315,0.790104
ATTTGGAGATTGCGGT-1,0.2793,0.642075,0.078625
ATTTGTCTTGGGAGCT-1,0.691281,0.308468,0.000251
ATTTGTTCCAGGGCTC-1,0.108516,0.886387,0.005097
CAAACCAGGTCTGCAT-1,0.985267,0.007367,0.007366
CAAACGTGGTCTTGCG-1,0.231924,0.003198,0.764878
CAAACTACGATAGAGA-1,0.780127,0.216822,0.00305
CAAACTATTGAGCTTC-1,0.468695,0.152921,0.378384
CAAAGATTATTGGGCC-1,0.315042,0.000305,0.684653
CAAAGTCAGGTTAGCT-1,0.413892,0.306683,0.279425
CAAATCTCTCACAAGG-1,0.958012,0.012627,0.029361
CAAATTGTCAGCAAGC-1,0.996439,0.001781,0.00178
CAACAGTGCCAAACGG-1,0.303024,0.653778,0.043198
CAACATGGCCTGATAA-1,0.372492,0.163096,0.464412
CAACCGCACCTAGACA-1,0.234981,0.086685,0.678334
CAACCTACCGAGCAGT-1,0.258139,0.301126,0.440735
CAACTATATCGAATGC-1,0.058494,0.000275,0.941232
CAAGAGGGCGGAGTAC-1,0.735449,0.233303,0.031248
CAAGATATTATAACGT-1,0.326995,0.631513,0.041492
CAAGCAACGTCGGAGT-1,0.207691,0.778155,0.014154
CAAGCACCAAATGCCT-1,0.584316,0.04716,0.368524
CAAGCGGCACATAATT-1,0.32093,0.596784,0.082286
CAAGGATCGCATGTTC-1,0.728152,0.061776,0.210072
CAAGGCCAGTGGTGCA-1,0.194529,0.400943,0.404528
CAAGTGTGGTTGCAAA-1,0.985266,0.007367,0.007367
CAATAAACCTTGGCCC-1,0.999427,0.000287,0.000287
CAATACGCTCTGAGGC-1,0.999446,0.000277,0.000277
CAATATTCTTGACCTA-1,0.139543,0.071865,0.788592
CAATATTGGACTAGTG-1,0.571563,0.399549,0.028888
CAATCCCTATACCAGC-1,0.896662,0.103156,0.000182
CAATGCGAGAAGTATC-1,0.41616,0.444123,0.139716
CAATGGAATCTACATA-1,0.694587,0.305275,0.000139
CAATGGATCTCTACCA-1,0.79782,0.064309,0.13787
CAATTAAGGGTGATGA-1,0.494342,0.434523,0.071136
CAATTGGGCCGCACTC-1,0.618261,0.000405,0.381334
CAATTTCGTATAAGGG-1,0.485432,0.283946,0.230622
CAATTTGACCGGGAAG-1,0.574462,0.259551,0.165987
CACACACGCTAACGAG-1,0.000085,0.004685,0.995229
CACACGCGCTGTCTTA-1,0.716772,0.280938,0.00229
CACACGTTTCAATGGG-1,0.675709,0.293783,0.030507
CACAGAGACGAGGACG-1,0.27466,0.00029,0.72505
CACAGGGCCATATAGT-1,0.129734,0.00508,0.865186
CACAGGGCCGTTGTCA-1,0.614935,0.135765,0.2493
CACATATTAGCAGGAT-1,0.935208,0.008364,0.056428
CACATCGTGCACGCGC-1,0.263451,0.000262,0.736287
CACATCTCACCGACGA-1,0.397091,0.047886,0.555023
CACATGATTCAGCAAC-1,0.641317,0.358392,0.000291
CACATGTTTGGACATG-1,0.39123,0.546641,0.062129
CACATTCTTTCGATGG-1,0.214654,0.785065,0.000281
CACCAATCATCCGTCT-1,0.628415,0.343617,0.027967
CACCACGCCACACAGA-1,0.999542,0.000229,0.000229
CACCAGTCAGCATGCA-1,0.32471,0.143752,0.531538
CACCCACGAGGCAATT-1,0.773489,0.224892,0.001619
CACCCGGTTTGTGACT-1,0.266823,0.121536,0.611641
CACCCTAACAAGATCT-1,0.60184,0.25153,0.146629
CACCCTTGGTGAGACC-1,0.804355,0.098785,0.09686
CACCGATACACCGAGC-1,0.419968,0.579812,0.00022
CACCGCCGACCAGCGA-1,0.31577,0.395553,0.288677
CACCGGAGATATCTCC-1,0.302573,0.697303,0.000124
CACCGGTAGAGACATT-1,0.256145,0.247493,0.496363
CACCGTATCCCATCCG-1,0.292862,0.385109,0.322029
CACCGTTAGGGATCAC-1,0.054429,0.460721,0.48485
CACCGTTGCGCGATAT-1,0.905626,0.000655,0.093719
CACCTAATCAGTTTAC-1,0.484162,0.515695,0.000143
CACCTCGATGGTGGAC-1,0.822976,0.176658,0.000366
CACCTTGCGAAACTCG-1,0.484412,0.507739,0.007849
CACCTTGGCGCCTTTG-1,0.367101,0.454287,0.178612
CACGAAAGTTAGTCCC-1,0.79485,0.20506,0.00009
CACGCACAGCGCAGCT-1,0.326705,0.633363,0.039932
CACGCGGAACTGTTGC-1,0.232343,0.537673,0.229984
CACGGGATTGAGGGTT-1,0.998862,0.000967,0.000171
CACGTCGGCAACCTCT-1,0.06984,0.00016,0.929999
CACGTCGGGTTCTAGA-1,0.179776,0.597318,0.222906
CACGTCTATGATGTGG-1,0.14428,0.824981,0.030739
CACGTTCGTGCTCTAG-1,0.999266,0.000367,0.000367
CACGTTTCGTACACAC-1,0.268053,0.045659,0.686289
CACTACTCAGTTCTGT-1,0.538484,0.068322,0.393195
CACTCAGCTCTTGAGG-1,0.19246,0.134437,0.673104
CACTCCTATGTAAGAT-1,0.004721,0.011853,0.983426
CACTCCTCTCGGTCGG-1,0.633483,0.26628,0.100237
CACTCGAGCTGAACAA-1,0.519913,0.219229,0.260859
CACTCGGTTAGGAGGA-1,0.708965,0.284078,0.006957
CACTCTCAAGCATCGA-1,0.246783,0.484513,0.268703
CACTCTTCTGCTAGCC-1,0.15795,0.160222,0.681828
CACTTCGTCTTATCTC-1,0.859337,0.082207,0.058455
CAGAACTTAGCCCTCT-1,0.936361,0.000471,0.063168
CAGACCTGTAAGTGTT-1,0.227266,0.680227,0.092507
CAGAGCATGAGCTTGC-1,0.999357,0.000322,0.000322
CAGAGTGATTTAACGT-1,0.442054,0.02368,0.534266
CAGATAATGGGCGGGT-1,0.258348,0.342349,0.399303
CAGATCCTGGTTTGAA-1,0.458589,0.148017,0.393394
CAGATGTTTGTCCCAA-1,0.460865,0.00059,0.538545
CAGCAGCCCGTTCCTT-1,0.798901,0.17751,0.023589
CAGCAGTCCAGACTAT-1,0.148658,0.000217,0.851125
CAGCAGTCTGTGCTGC-1,0.658866,0.063236,0.277898
CAGCCGGGCCCTCTAT-1,0.829318,0.170364,0.000318
CAGCCTCCTGCAGAGG-1,0.406877,0.505234,0.087889
CAGCCTCTCCTCAAGA-1,0.718339,0.261146,0.020515
CAGCGCCAACACGATA-1,0.996389,0.001806,0.001805
CAGCTCGACAAGTTAA-1,0.571757,0.427329,0.000914
CAGCTGGCGTAACCGT-1,0.408997,0.590844,0.000159
CAGCTTAGTAGGTAGC-1,0.195632,0.778627,0.025742
CAGGAAGACTTTATAT-1,0.35309,0.645039,0.001871
CAGGCAGTCTTACCAG-1,0.207943,0.002161,0.789896
CAGGCGCACGGTGGTC-1,0.217728,0.000331,0.781941
CAGGCGCCATGCTAGG-1,0.754598,0.223428,0.021974
CAGGGCTAACGAAACC-1,0.437506,0.003611,0.558882
CAGTAACTATTTATTG-1,0.282256,0.657356,0.060388
CAGTAAGGGACGTCTC-1,0.075207,0.017151,0.907641
CAGTACATTCTCTAAA-1,0.434368,0.515018,0.050614
CAGTACCAGTTTACGT-1,0.726295,0.107784,0.16592
CAGTAGATGATGTCCG-1,0.914642,0.038507,0.046851
CAGTAGCCCACGCGGT-1,0.581393,0.393326,0.02528
CAGTCGAGGATGCAAT-1,0.176615,0.814086,0.0093
CAGTCGGCCTAGATAT-1,0.760768,0.000262,0.238971
CAGTCTGTATACTGGG-1,0.727178,0.000515,0.272308
CAGTGAATAAATGACT-1,0.5146,0.413027,0.072373
CAGTGGTTGCACATGA-1,0.451927,0.486166,0.061907
CAGTGTCGGCTGGCCC-1,0.521104,0.00043,0.478466
CAGTTCCGCGGGTCGA-1,0.144085,0.837749,0.018167
CAGTTCGAGGACCCGA-1,0.261729,0.58912,0.149151
CATAACGGACAGTCGT-1,0.616087,0.381107,0.002806
CATAAGAAGCTTGGCT-1,0.521294,0.334618,0.144088
CATAAGCTCTCCGTCT-1,0.97605,0.000255,0.023695
CATACACAAAGTCAGC-1,0.800486,0.160135,0.039378
CATACCCGTACCCAGT-1,0.938139,0.000905,0.060956
CATACGAACTAGCTGG-1,0.055872,0.041322,0.902806
CATACGGCGTCTGGGC-1,0.430165,0.538039,0.031796
CATACGGGTGCATGAT-1,0.502399,0.276919,0.220682
CATAGCCGCCCGGGAT-1,0.450832,0.548644,0.000523
CATAGCGTTGCCCACC-1,0.000252,0.250754,0.748995
CATAGTACATTGAGAG-1,0.17386,0.155147,0.670993
CATAGTCAAATACATA-1,0.139887,0.026711,0.833402
CATAGTCCACAAGAAC-1,0.362109,0.621013,0.016878
CATATACTACTGATAA-1,0.00124,0.860865,0.137895
CATATGTCAGGCTACG-1,0.590845,0.046612,0.362543
CATATTATTTGCCCTA-1,0.025128,0.001745,0.973127
CATCAACACCTACTAA-1,0.103568,0.347863,0.548568
CATCATCTACCCGGAC-1,0.121791,0.000303,0.877906
CATCATTACCCTGAGG-1,0.429345,0.400616,0.170038
CATCCAATATAGTTTG-1,0.259791,0.429456,0.310752
CATCCGCAGGCCCGAA-1,0.995374,0.004236,0.00039
CATCCTCTCAAAGATC-1,0.297465,0.063117,0.639417
CATCGTCCGGTTACTA-1,0.999683,0.000159,0.000159
CATCTATCCCGTGTCT-1,0.722745,0.274829,0.002425
CATCTGCAGGATCATT-1,0.965935,0.033821,0.000244
CATCTTACACCACCTC-1,0.300017,0.568758,0.131225
CATGAACCTCTTATCA-1,0.646674,0.253727,0.099599
CATGAGATGCACTCTC-1,0.120735,0.355526,0.523739
CATGATGCACAATTCT-1,0.741012,0.200225,0.058763
CATGATGGAAGTTAGC-1,0.207072,0.631907,0.161021
CATGCACGTGTTACTG-1,0.291801,0.568017,0.140182
CATGCATGGAGACCCT-1,0.858319,0.000314,0.141367
CATGCCAACTCGCAAA-1,0.281891,0.651415,0.066694
CATGCGACCAGTTTAA-1,0.01654,0.979931,0.003529
CATGGATTGTCTTCCG-1,0.166839,0.051701,0.78146
CATGGCTCCCTATGTC-1,0.627106,0.361511,0.011382
CATGGGTATGCCTTAT-1,0.428624,0.341623,0.229753
CATGGGTCGGGTGTGG-1,0.03244,0.965648,0.001912
CATGGTAAGTAGCGTT-1,0.998937,0.000531,0.000531
CATGGTATTAGTTTGT-1,0.795838,0.053285,0.150877
CATGGTCTAGATACCG-1,0.999297,0.000351,0.000351
CATGTAAGAGACATTT-1,0.3637,0.192343,0.443956
CATGTCTCATTTATGG-1,0.730664,0.088602,0.180734
CATTACGTCGGCCCGT-1,0.339585,0.550928,0.109486
CATTATCCCATTAACG-1,0.21063,0.260975,0.528394
CATTCCCTAAGTACAA-1,0.660261,0.278353,0.061386
CATTGCAAAGCATAAT-1,0.268725,0.335742,0.395533
CATTGCGAAATGGGCG-1,0.996983,0.001508,0.001508
CATTGTGTGCTAGATC-1,0.99885,0.000575,0.000575
CATTTAGCGGACCATG-1,0.872757,0.126529,0.000714
CATTTATCGTTCAAGA-1,0.087332,0.167605,0.745063
CCAAAGCAGTTGGTTG-1,0.391729,0.29055,0.31772
CCAACCTTATGTAACT-1,0.182648,0.426509,0.390843
CCAACGATGCACTGAT-1,0.182454,0.778897,0.038649
CCAAGCGTAACTCGTA-1,0.999246,0.000377,0.000377
CCAAGTTTCTACAGAT-1,0.150795,0.558725,0.29048
CCAATAGATTTCATCT-1,0.969948,0.015025,0.015028
CCAATCGGTAGATCGA-1,0.395643,0.568692,0.035665
CCAATTACGGGTCGAG-1,0.988159,0.011286,0.000555
CCACAATGTACGTCTT-1,0.92561,0.025211,0.049178
CCACAGTACCCATCCT-1,0.647609,0.270292,0.082099
CCACATGGCTCTTTAT-1,0.908516,0.001386,0.090098
CCACCAACTTTACTGT-1,0.323689,0.516769,0.159542
CCACCCAAGGAAAGTG-1,0.905754,0.007491,0.086755
CCACGAGAAGAGAATC-1,0.407853,0.168792,0.423355
CCACGGAGCCATAAGA-1,0.784989,0.214676,0.000335
CCACTGGTGGCTGGTT-1,0.678106,0.24117,0.080724
CCACTGTTTGGATTAA-1,0.212189,0.485259,0.302552
CCAGAAAGCAACTCAT-1,0.168083,0.154106,0.677811
CCAGAGACAAAGCCGG-1,0.000152,0.99962,0.000228
CCAGATAGTTGAGTGA-1,0.975509,0.024137,0.000354
CCAGCCTGGACCAATA-1,0.898149,0.052342,0.049509
CCAGCTCGAACGCATT-1,0.420621,0.028711,0.550669
CCAGCTGATGGTACTT-1,0.987266,0.006368,0.006367
CCAGCTTCCGCCCGCA-1,0.976155,0.02355,0.000296
CCAGTAGTCTGATCCA-1,0.58939,0.367353,0.043257
CCAGTCAAATCTCTTA-1,0.675254,0.310346,0.0144
CCAGTCTAGACGGCGC-1,0.15001,0.848499,0.00149
CCAGTCTTGTCATAGA-1,0.294246,0.408761,0.296993
CCATAAACAACCCGAC-1,0.08508,0.139403,0.775517
CCATAACCTGTGCAGT-1,0.113517,0.762026,0.124457
CCATACTCGCCTCTCC-1,0.641158,0.344918,0.013923
CCATAGAGGCTGCCAG-1,0.637094,0.254405,0.108501
CCATAGTCAGTAACCC-1,0.620763,0.36356,0.015677
CCATATGGAAACTATA-1,0.064907,0.342061,0.593032
CCATATTGGATCATGA-1,0.28674,0.221693,0.491566
CCATCGCAGTTAAACT-1,0.644402,0.126844,0.228753
CCATCTCACCAGTGAA-1,0.009313,0.990594,0.000093
CCATGCCCTAGATTTC-1,0.14053,0.000359,0.85911
CCATGGCCCTTGTACC-1,0.84081,0.091892,0.067298
CCATTCCCTGCCCACA-1,0.260978,0.73876,0.000262
CCATTTCTACCTATTA-1,0.118071,0.769787,0.112142
CCCAAACATGCTGCTC-1,0.413219,0.566822,0.019959
CCCAACATACGTCGCG-1,0.671515,0.193832,0.134653
CCCAAGAATGCACGGT-1,0.383578,0.40687,0.209551
CCCAATGAGATTTGCA-1,0.152233,0.000504,0.847263
CCCAATTTCACAACTT-1,0.56727,0.356526,0.076204
CCCACTCCACGGTATC-1,0.73757,0.100153,0.162277
CCCAGTAAACTTGGGA-1,0.404478,0.595358,0.000163
CCCAGTTAAGGCGCCG-1,0.789008,0.187098,0.023894
CCCGAAGTTTCGCGAA-1,0.365749,0.498052,0.136198
CCCGACCATAGTCCGC-1,0.641047,0.000332,0.358621
CCCGCAGCGCGAACTA-1,0.298566,0.060577,0.640856
CCCGCAGGGCCCAAAG-1,0.509076,0.171303,0.319621
CCCGGCTAGGTGAGAA-1,0.327899,0.000418,0.671683
CCCGGTGGAAGAACCT-1,0.576875,0.364705,0.05842
CCCGGTGTATCGGAAT-1,0.810958,0.000395,0.188647
CCCGTAAGTCTAGGCC-1,0.490625,0.508187,0.001189
CCCGTAGCTGGGAAGA-1,0.025461,0.053622,0.920917
CCCGTGAGGGCGGTGA-1,0.880971,0.108625,0.010405
CCCGTGGGTTAATTGA-1,0.333765,0.000515,0.66572
CCCTAGGCAACAAGAG-1,0.313365,0.636987,0.049648
