Barcode,Topic 1,Topic 2,Topic 3,Topic 4,Topic 5,Topic 6,Topic 7,Topic 8,Topic 9,Topic 10
AAACAACGAATAGTTC-1,0.000578,0.000578,0.000578,0.095642,0.310004,0.000578,0.000578,0.243568,0.347318,0.000578
AAACAAGTATCTCCCA-1,0.000031,0.000031,0.006174,0.109575,0.085537,0.068309,0.1212,0.313197,0.215173,0.080773
AAACAATCTACTAGCA-1,0.000069,0.03457,0.000069,0.00109,0.165808,0.000069,0.585703,0.000069,0.20809,0.004461
AAACACCAATAACTGC-1,0.001961,0.001961,0.001961,0.001961,0.34843,0.001961,0.001961,0.001961,0.635879,0.001961
AAACAGAGCGACTCCT-1,0.002858,0.002858,0.002858,0.002858,0.002858,0.285113,0.002858,0.002858,0.692023,0.002858
AAACAGCTTTCAGAAG-1,0.00087,0.00087,0.00087,0.00087,0.00087,0.00087,0.00087,0.00087,0.992172,0.00087
AAACAGGGTCTATATT-1,0.002326,0.002326,0.002326,0.002326,0.002326,0.002326,0.002326,0.002326,0.979063,0.002326
AAACATTTCCCGGATT-1,0.000061,0.035316,0.000061,0.012544,0.261738,0.041303,0.000061,0.385263,0.175888,0.087764
AAACCCGAACGAAATC-1,0.000029,0.492542,0.000029,0.033944,0.039143,0.00778,0.24874,0.000893,0.145715,0.031183
AAACCGGGTAGGTACC-1,0.000018,0.001227,0.000018,0.262141,0.013177,0.000018,0.00482,0.170146,0.249989,0.298447
AAACCGTTCGTCCAGG-1,0.000019,0.059362,0.001648,0.020211,0.40385,0.242856,0.063518,0.090446,0.094576,0.023513
AAACCTAAGCAGCCGG-1,0.000513,0.000513,0.065033,0.77844,0.021748,0.131702,0.000513,0.000513,0.000513,0.000513
AAACCTCATGAAGTTG-1,0.000013,0.004241,0.000013,0.876533,0.015006,0.000013,0.000013,0.001627,0.018815,0.083726
AAACGAAGAACATACC-1,0.000476,0.000476,0.000476,0.000476,0.000476,0.072078,0.000476,0.000476,0.924111,0.000476
AAACGAAGATGGAGTA-1,0.000402,0.00138,0.000402,0.077721,0.000402,0.000402,0.435756,0.000402,0.482733,0.000402
AAACGAGACGGTTGAT-1,0.000127,0.000127,0.000127,0.118862,0.012426,0.000127,0.116077,0.209096,0.299307,0.243725
AAACGGGCGTACGGGT-1,0.00006,0.024723,0.00006,0.00006,0.382119,0.044738,0.241016,0.155859,0.121336,0.030029
AAACGGGTTGGTATCC-1,0.00099,0.00099,0.00099,0.00099,0.411442,0.00099,0.00099,0.00099,0.580635,0.00099
AAACTAACGTGGCGAC-1,0.000108,0.015739,0.019841,0.016663,0.18907,0.003162,0.245815,0.133587,0.375907,0.000108
AAACTCGGTTCGCAAT-1,0.000238,0.000238,0.000238,0.050813,0.200208,0.000238,0.14904,0.000238,0.598509,0.000238
AAACTCGTGATATAAG-1,0.000034,0.025201,0.000034,0.037558,0.03054,0.016447,0.065878,0.402382,0.410172,0.011754
AAACTGCTGGCTCCAA-1,0.000085,0.046408,0.000085,0.049074,0.056604,0.000085,0.159087,0.000085,0.681974,0.006514
AAACTTAATTGCACGC-1,0.00026,0.00026,0.00026,0.00026,0.00026,0.111249,0.00026,0.00026,0.886672,0.00026
AAACTTGCAAACGTAT-1,0.000037,0.000037,0.000037,0.999663,0.000037,0.000037,0.000037,0.000037,0.000037,0.000037
AAAGACCCAAGTCGCG-1,0.000196,0.000196,0.000196,0.000196,0.000196,0.000196,0.223977,0.131677,0.642975,0.000196
AAAGACTGGGCGCTTT-1,0.00004,0.00004,0.00004,0.123782,0.46021,0.017543,0.00004,0.168457,0.018267,0.21158
AAAGGCCCTATAATAC-1,0.001389,0.001389,0.001389,0.001389,0.001389,0.001389,0.001389,0.001389,0.745654,0.243232
AAAGGCTACGGACCAT-1,0.000109,0.069902,0.000109,0.000109,0.194911,0.023611,0.313201,0.097981,0.257948,0.042119
AAAGGGCAGCTTGAAT-1,0.39253,0.02251,0.000136,0.000136,0.000136,0.018177,0.000136,0.028011,0.527394,0.010835
AAAGGTAAGCTGTACC-1,0.001205,0.001205,0.001205,0.001205,0.732166,0.001205,0.001205,0.001205,0.258193,0.001205
AAAGTAGCATTGCTCA-1,0.000065,0.039556,0.000065,0.000065,0.256278,0.014298,0.018643,0.016444,0.411699,0.242888
AAAGTCGACCCTCAGT-1,0.000155,0.000155,0.000155,0.068657,0.382418,0.000155,0.000155,0.037321,0.481833,0.028997
AAAGTGTGATTTATCT-1,0.00003,0.060771,0.00003,0.243063,0.003344,0.00003,0.044909,0.24422,0.282959,0.120644
AAAGTTGACTCCCGTA-1,0.000016,0.023152,0.081566,0.227978,0.285541,0.009239,0.024762,0.139787,0.035898,0.172059
AAATAACCATACGGGA-1,0.0008,0.0008,0.0008,0.0008,0.0008,0.0008,0.0008,0.0008,0.54157,0.452028
AAATAAGGTAGTGCCC-1,0.000028,0.115579,0.000028,0.044421,0.058247,0.012326,0.266547,0.234406,0.218071,0.050347
AAATACCTATAAGCAT-1,0.000051,0.000051,0.000051,0.000051,0.000051,0.000051,0.000051,0.000051,0.99954,0.000051
AAATAGCTTAGACTTT-1,0.000035,0.000035,0.002156,0.039727,0.108094,0.001438,0.406509,0.123946,0.225687,0.092374
AAATAGGGTGCTATTG-1,0.006251,0.006252,0.943732,0.006252,0.006252,0.006252,0.006252,0.006252,0.006253,0.006252
AAATCCGATACACGCC-1,0.000297,0.000297,0.014104,0.600195,0.383624,0.000297,0.000297,0.000297,0.000297,0.000297
AAATCGCGGAAGGAGT-1,0.000259,0.000259,0.000259,0.000259,0.000259,0.000259,0.401557,0.000259,0.59637,0.000259
AAATCTAGCCCTGCTA-1,0.000036,0.020931,0.000036,0.015653,0.026948,0.235036,0.044882,0.260991,0.351005,0.044481
AAATCTGCCCGCGTCC-1,0.000813,0.000813,0.000813,0.000813,0.000813,0.000813,0.000813,0.000813,0.992681,0.000813
AAATGATTCGATCAGC-1,0.000033,0.020458,0.026568,0.060083,0.377702,0.075307,0.051026,0.088407,0.199069,0.101347
AAATGCTCGTTACGTT-1,0.000049,0.004495,0.000049,0.000049,0.000049,0.118087,0.010528,0.000049,0.860616,0.006028
AAATGGCATGTCTTGT-1,0.000855,0.000855,0.000855,0.000855,0.000855,0.000855,0.000855,0.000855,0.992305,0.000855
AAATGGCCCGTGCCCT-1,0.001924,0.001924,0.001924,0.001924,0.139653,0.001924,0.001924,0.001924,0.844959,0.001924
AAATGGTCAATGTGCC-1,0.000021,0.232169,0.000925,0.002439,0.035305,0.237303,0.041645,0.250006,0.184111,0.016076
AAATTACACGACTCTG-1,0.001299,0.001299,0.001299,0.001299,0.001299,0.001299,0.001299,0.001299,0.988308,0.001299
AAATTACCTATCGATG-1,0.000067,0.000067,0.01461,0.600566,0.008393,0.31184,0.000067,0.000067,0.000067,0.064258
AAATTCCAGGTCCAAA-1,0.000017,0.53526,0.000017,0.000022,0.000017,0.000892,0.115225,0.23629,0.106261,0.005998
AAATTGATAGTCCTTT-1,0.000075,0.020546,0.003892,0.000075,0.156836,0.108328,0.049333,0.055549,0.400878,0.204489
AAATTGCGGCGGTTCT-1,0.001177,0.001177,0.001177,0.001177,0.201419,0.217659,0.001177,0.001177,0.572685,0.001177
AAATTTACCGAAATCC-1,0.001099,0.001099,0.001099,0.233081,0.103844,0.001099,0.001099,0.001099,0.65538,0.001099
AAATTTGCGGGTGTGG-1,0.000028,0.000685,0.000028,0.000031,0.014532,0.002282,0.066909,0.149079,0.645274,0.121152
AACAACTGGTAGTTGC-1,0.000028,0.042245,0.028624,0.0398,0.263297,0.174835,0.148754,0.093328,0.116199,0.092891
AACAATACATTGTCGA-1,0.000221,0.000221,0.000221,0.000221,0.000221,0.000221,0.000221,0.049029,0.914672,0.034753
AACAATTACTCTACGC-1,0.000004,0.000004,0.000004,0.947398,0.033039,0.000004,0.000004,0.000004,0.000004,0.019535
AACACACGCTCGCCGC-1,0.00002,0.006191,0.000076,0.013713,0.284152,0.167601,0.015601,0.283618,0.09945,0.129578
AACACGACTGTACTGA-1,0.000239,0.000239,0.000239,0.000239,0.226732,0.000239,0.092255,0.000239,0.434961,0.244619
AACACGAGACGCGGCC-1,0.000051,0.000051,0.000051,0.029965,0.290113,0.119255,0.000921,0.110445,0.145456,0.303693
AACACGCGGCCGCGAA-1,0.000045,0.038935,0.000045,0.000045,0.195895,0.000045,0.051066,0.000668,0.694469,0.018788
AACAGCTGTGTGGCAA-1,0.000087,0.022354,0.000087,0.000087,0.082417,0.000087,0.006166,0.145978,0.719134,0.023603
AACAGGAAATCGAATA-1,0.000181,0.000181,0.000181,0.000181,0.326832,0.000181,0.000181,0.000181,0.63205,0.039852
AACAGGATGGGCCGCG-1,0.000013,0.052226,0.130313,0.097463,0.176474,0.008807,0.010603,0.228382,0.058782,0.236937
AACAGGTAGTATGGAT-1,0.000012,0.890325,0.000012,0.004529,0.014376,0.003616,0.001758,0.002689,0.072905,0.009779
AACATAGCGTGTATCG-1,0.025007,0.025005,0.774927,0.025008,0.025008,0.02501,0.025006,0.025009,0.025014,0.025006
AACATATCAACTGGTG-1,0.000034,0.020581,0.003179,0.0672,0.012845,0.006562,0.214428,0.21144,0.249019,0.214711
AACATCGATACGTCTA-1,0.000068,0.000068,0.000068,0.065281,0.085586,0.155907,0.117538,0.000068,0.575091,0.000326
AACATTGAAGTTGATC-1,0.000085,0.000085,0.000085,0.472492,0.402874,0.000085,0.000085,0.000085,0.000085,0.124039
AACATTGGTCAGCCGT-1,0.000351,0.000351,0.000351,0.000351,0.205602,0.000351,0.000351,0.000351,0.791591,0.000351
AACATTGTGACTCGAG-1,0.000249,0.000249,0.000249,0.000249,0.000249,0.000249,0.000249,0.000249,0.997755,0.000249
AACCAAGACTTCTCTG-1,0.000007,0.010914,0.000205,0.906962,0.02595,0.002482,0.000007,0.006262,0.019292,0.027918
AACCAGTATCACTCTT-1,0.000498,0.000498,0.000498,0.000498,0.227706,0.000498,0.157932,0.000498,0.610803,0.000573
AACCATAGGGTTGAAC-1,0.000112,0.000112,0.000112,0.000112,0.152536,0.066213,0.000112,0.000112,0.780468,0.000112
AACCATGGGATCGCTA-1,0.000033,0.013961,0.000033,0.003248,0.000033,0.007932,0.212554,0.026802,0.717496,0.017907
AACCCAGAGACGGAGA-1,0.000074,0.000074,0.000074,0.000074,0.006245,0.000074,0.097556,0.007961,0.741053,0.146813
AACCCATCCCATGATC-1,0.001961,0.001962,0.001961,0.001961,0.001961,0.075677,0.001961,0.001961,0.908633,0.001961
AACCCGACAACCCGTG-1,0.000039,0.000039,0.000039,0.005167,0.113536,0.000039,0.000039,0.000039,0.881022,0.000039
AACCCGAGCAGAATCG-1,0.000045,0.073886,0.000045,0.027413,0.04813,0.000045,0.244224,0.301503,0.29726,0.00745
AACCCTACTGTCAATA-1,0.000029,0.000029,0.106502,0.232052,0.03639,0.03445,0.019024,0.235118,0.251841,0.084565
AACCCTGGTGGAACCA-1,0.000337,0.000337,0.000337,0.000337,0.786602,0.000337,0.000337,0.210704,0.000337,0.000337
AACCGAGCTTGGTCAT-1,0.000072,0.000072,0.000072,0.000072,0.099951,0.000072,0.000072,0.000072,0.83579,0.063755
AACCGCTAAGGGATGC-1,0.000022,0.005935,0.000507,0.185253,0.042021,0.083833,0.039128,0.208348,0.352822,0.082131
AACCGTTGTGTTTGCT-1,0.000347,0.000347,0.229639,0.000347,0.14272,0.000347,0.000347,0.000347,0.625209,0.000347
AACCTAAAGCCGTCCG-1,0.000172,0.000172,0.000172,0.000172,0.016372,0.092211,0.000172,0.000172,0.890216,0.000172
AACCTCGCTTTAGCCC-1,0.002632,0.002632,0.235227,0.002632,0.002632,0.002632,0.002632,0.002632,0.511535,0.234811
AACCTGTCACGGAATT-1,0.00004,0.258146,0.011987,0.049251,0.029512,0.038338,0.168169,0.063479,0.303483,0.077594
AACCTTTAAATACGGT-1,0.000224,0.000224,0.000224,0.000224,0.308745,0.000224,0.046951,0.000224,0.641979,0.000983
AACCTTTACGACGTCT-1,0.003449,0.003449,0.003449,0.003449,0.569786,0.003449,0.40262,0.003449,0.003449,0.003449
AACGAAAGTCGTCCCA-1,0.000081,0.000081,0.000081,0.000081,0.169898,0.000081,0.000081,0.000081,0.658107,0.171432
AACGATAATGCCGTAG-1,0.00003,0.00003,0.00003,0.027692,0.087076,0.00003,0.042138,0.001719,0.801561,0.039692
AACGATAGAAGGGCCG-1,0.000071,0.000071,0.000071,0.025235,0.266953,0.000071,0.00698,0.000071,0.562624,0.137854
AACGATATGTCAACTG-1,0.001924,0.001924,0.001924,0.001924,0.385638,0.001924,0.001924,0.001924,0.459952,0.140945
AACGCATGATCTGGGT-1,0.001588,0.001588,0.001588,0.001588,0.394869,0.001588,0.001588,0.001588,0.237635,0.356381
AACGCGAACGGCAACA-1,0.000188,0.000188,0.000188,0.000188,0.000188,0.000188,0.000188,0.000188,0.998311,0.000188
AACGCGACCTTGGGCG-1,0.000083,0.056895,0.000083,0.043385,0.265335,0.000083,0.073449,0.006946,0.487089,0.06665
AACGCTGTTGCTGAAA-1,0.000033,0.023849,0.000033,0.000051,0.054754,0.004211,0.478127,0.068458,0.24633,0.124155
AACGGACGTACGTATA-1,0.000021,0.008403,0.000021,0.067161,0.361999,0.15061,0.055076,0.165191,0.146254,0.045264
AACGGCCATCTCCGGT-1,0.000022,0.0048,0.000022,0.00511,0.217082,0.024172,0.042956,0.511061,0.162873,0.031901
AACGTACTGTGGGTAC-1,0.000032,0.087456,0.000032,0.009479,0.054419,0.068937,0.057307,0.454961,0.215561,0.051817
AACGTAGTCTACCCAT-1,0.000079,0.004186,0.000079,0.000079,0.008837,0.039583,0.749898,0.000079,0.195245,0.001934
AACGTCAGACTAGTGG-1,0.000048,0.031741,0.004483,0.04973,0.042516,0.002435,0.098347,0.309317,0.255759,0.205623
AACGTGATGAAGGACA-1,0.000375,0.000375,0.000375,0.054384,0.495145,0.000375,0.000375,0.088113,0.311355,0.049131
AACGTGCGAAAGTCTC-1,0.000234,0.000234,0.000234,0.000234,0.000234,0.000234,0.000234,0.594015,0.362818,0.041527
AACGTTATCAGCACCT-1,0.000617,0.000617,0.000617,0.075648,0.549036,0.000617,0.000617,0.000617,0.370994,0.000617
AACTACCCGTTTGTCA-1,0.000007,0.999346,0.000007,0.000007,0.000597,0.000007,0.000007,0.000007,0.000007,0.000007
AACTCAAGTTAATTGC-1,0.000033,0.113602,0.000033,0.009502,0.000514,0.009543,0.121304,0.240668,0.442044,0.062755
AACTCCAGAGCGTGTT-1,0.000106,0.000106,0.088508,0.000106,0.029637,0.036086,0.063748,0.30772,0.438308,0.035674
AACTCCTAATCCCATG-1,0.001471,0.001471,0.001471,0.001471,0.001471,0.001471,0.001471,0.001471,0.986761,0.001471
AACTCGATAAACACGT-1,0.000037,0.011766,0.000037,0.000037,0.074454,0.013859,0.075836,0.014066,0.68388,0.126027
AACTCGATGGCGCAGT-1,0.000045,0.010783,0.000045,0.000045,0.125515,0.000045,0.000045,0.009338,0.769387,0.084751
AACTCTCAATAGAGCG-1,0.000016,0.004683,0.125505,0.378137,0.106452,0.009428,0.005826,0.238633,0.024273,0.107048
AACTCTCAGTGTGCTC-1,0.000048,0.000048,0.000048,0.000048,0.1024,0.020606,0.141165,0.282579,0.405943,0.047117
AACTGAGGTCAGCGTC-1,0.000123,0.000123,0.000123,0.03091,0.436237,0.000123,0.107993,0.000123,0.385229,0.039014
AACTGGGTTCGAGCCG-1,0.004546,0.004547,0.004547,0.004546,0.004547,0.004547,0.004547,0.004547,0.959081,0.004547
AACTTCTGCGTCTATC-1,0.000028,0.055873,0.015607,0.004121,0.336302,0.291163,0.000028,0.120124,0.123774,0.052981
AACTTGCCCGTATGCA-1,0.000007,0.000273,0.000007,0.861468,0.07674,0.000007,0.000007,0.000134,0.01431,0.047047
AACTTGCGTTCTCGCG-1,0.000077,0.000077,0.000077,0.000077,0.000077,0.000077,0.000077,0.000077,0.999307,0.000077
AACTTTACGGGAGCTT-1,0.001316,0.001316,0.001316,0.001316,0.001316,0.301665,0.001316,0.001316,0.687805,0.001316
AAGAAAGTTTGATGGG-1,0.000503,0.000503,0.000503,0.000503,0.000503,0.000503,0.000503,0.000503,0.995476,0.000503
AAGAAGGATCAGTTAG-1,0.00004,0.007367,0.00004,0.00004,0.104175,0.00004,0.00004,0.00004,0.834645,0.053573
AAGACATACGTGGTTT-1,0.000017,0.020364,0.005791,0.02251,0.259301,0.016668,0.101564,0.121012,0.371286,0.081488
AAGACCAAATAACTCA-1,0.00035,0.00035,0.00035,0.00035,0.283774,0.00035,0.192299,0.00035,0.521479,0.00035
AAGACCCAACTGAACA-1,0.000065,0.071955,0.000065,0.036475,0.000065,0.000065,0.255037,0.207307,0.4289,0.000065
AAGACTAACCCGTTGT-1,0.000637,0.000637,0.000637,0.000637,0.000637,0.000637,0.105154,0.000637,0.841369,0.049017
AAGACTGCAAGCTACT-1,0.000037,0.00675,0.000037,0.017649,0.332016,0.000113,0.178921,0.000037,0.461868,0.002573
AAGAGATGAATCGGTA-1,0.000025,0.042565,0.007475,0.196857,0.044259,0.000025,0.010693,0.079951,0.158623,0.459527
AAGAGCTCTTTATCGG-1,0.000172,0.000172,0.000172,0.000172,0.163298,0.020473,0.138947,0.247721,0.40675,0.022125
AAGAGGATGTACGCGA-1,0.000021,0.000263,0.00298,0.263015,0.000021,0.157893,0.049625,0.05115,0.275217,0.199814
AAGAGGCATGGATCGC-1,0.000129,0.052246,0.000129,0.049356,0.049354,0.000129,0.067404,0.144939,0.277583,0.358731
AAGAGGCCCTTTGGAA-1,0.000038,0.040785,0.000038,0.000038,0.000038,0.000038,0.117525,0.495,0.342594,0.003905
AAGATGGCACCGGACC-1,0.000236,0.000236,0.000236,0.000236,0.000236,0.223615,0.000236,0.230411,0.544323,0.000236
AAGATTGGCGGAACGT-1,0.000149,0.000149,0.000149,0.187159,0.000149,0.000149,0.000149,0.000149,0.251485,0.560312
AAGCACCCTGCGTATC-1,0.000439,0.000439,0.000439,0.000439,0.000439,0.000439,0.017426,0.000439,0.979064,0.000439
AAGCATACTCTCCTGA-1,0.000084,0.014138,0.002061,0.070792,0.030205,0.000084,0.050909,0.000084,0.822314,0.009326
AAGCCGAAGCGGTTTA-1,0.000043,0.021229,0.000043,0.12082,0.002703,0.001899,0.058512,0.376049,0.349513,0.069188
AAGCCGCCGTGAAATC-1,0.000578,0.000578,0.000578,0.000578,0.000578,0.000578,0.000578,0.544915,0.45046,0.000578
AAGCGCAGGGCTTTGA-1,0.000198,0.000198,0.000198,0.000198,0.250973,0.000198,0.000198,0.000198,0.635954,0.111686
AAGCGGCGTCATGGGT-1,0.000855,0.000855,0.000855,0.000855,0.000855,0.000855,0.000855,0.000855,0.992306,0.000855
AAGCGTCCCTCATCGA-1,0.00009,0.00009,0.00009,0.00009,0.406763,0.149063,0.00009,0.179416,0.056679,0.20763
AAGCTAGATCGAGTAA-1,0.000094,0.000094,0.000094,0.000094,0.081519,0.000094,0.160312,0.000094,0.716492,0.041115
AAGCTATGGATTGACC-1,0.000312,0.000312,0.000312,0.100769,0.000312,0.005613,0.103937,0.272265,0.515857,0.000312
AAGCTCGTGCCAAGTC-1,0.000098,0.000098,0.000618,0.038199,0.960496,0.000098,0.000098,0.000098,0.000098,0.000098
AAGCTCTTTCATGGTG-1,0.004547,0.004547,0.004547,0.004547,0.004547,0.381427,0.004547,0.004547,0.582198,0.004547
AAGGAGCGGTTGGTGC-1,0.000032,0.184578,0.000032,0.000032,0.000032,0.000032,0.562644,0.071852,0.180737,0.000032
AAGGATCGATCGCTTG-1,0.000035,0.149513,0.000035,0.028534,0.000035,0.000035,0.228103,0.289318,0.258323,0.046067
AAGGATGAGGGACCTC-1,0.000176,0.1504,0.000176,0.014246,0.000176,0.000176,0.000176,0.174556,0.108392,0.551525
AAGGCGCGTAAAGCTT-1,0.000034,0.061977,0.000641,0.086699,0.021991,0.033939,0.026762,0.379758,0.311123,0.077076
AAGGCTGTGCTCATCG-1,0.000033,0.230752,0.000033,0.024865,0.022501,0.010303,0.05862,0.351633,0.233749,0.067511
AAGGGAACGACTGGCT-1,0.001334,0.001334,0.001334,0.001334,0.001334,0.001334,0.001334,0.001334,0.505427,0.483904
AAGGGACAGATTCTGT-1,0.000028,0.000028,0.018205,0.794068,0.110116,0.010791,0.009497,0.05721,0.000028,0.000028
AAGGGACTATGCATTC-1,0.000109,0.029093,0.000109,0.000109,0.000109,0.000109,0.000109,0.024554,0.43177,0.513928
AAGGTATCCTAATATA-1,0.001099,0.001099,0.001099,0.001099,0.286526,0.001099,0.001099,0.178348,0.527431,0.001099
AAGGTGATAAACCAGC-1,0.000025,0.01825,0.001068,0.175731,0.000025,0.007506,0.011489,0.35003,0.206195,0.229681
AAGTAGAAGACCGGGT-1,0.000048,0.000048,0.04724,0.090899,0.288865,0.032166,0.004655,0.335245,0.099426,0.101407
AAGTAGTGACGCGAGG-1,0.000022,0.005839,0.026088,0.220572,0.019969,0.013922,0.029917,0.20247,0.185826,0.295375
AAGTCAATTGTCGTCA-1,0.000036,0.000036,0.000036,0.139608,0.030452,0.002525,0.13186,0.255124,0.304576,0.135746
AAGTGACGACCGAATT-1,0.000005,0.008315,0.008204,0.875681,0.052201,0.002808,0.000937,0.040294,0.00052,0.011034
AAGTGAGTCGGGTTTA-1,0.000049,0.056815,0.000049,0.029342,0.123024,0.032772,0.012476,0.017988,0.672371,0.055115
AAGTGCAAAGGTAGAC-1,0.000345,0.000345,0.000345,0.000345,0.000345,0.000345,0.000345,0.405731,0.393464,0.198391
AAGTGCCTTGACTGTA-1,0.000047,0.019252,0.000047,0.140498,0.016648,0.002105,0.144844,0.227138,0.252808,0.196615
AAGTGCGTTAGAATCT-1,0.000053,0.014572,0.000053,0.000053,0.027088,0.053711,0.051518,0.278053,0.468385,0.106514
AAGTGCTTCTCTATTG-1,0.000051,0.023294,0.000051,0.000051,0.168648,0.000051,0.058574,0.000051,0.674422,0.074805
AAGTGTTTGGAGACGG-1,0.001613,0.001613,0.001613,0.001613,0.001613,0.174254,0.001613,0.001613,0.812839,0.001613
AAGTTCACTCCAAGCT-1,0.000827,0.000827,0.771999,0.000827,0.000827,0.000827,0.000827,0.000827,0.221387,0.000827
AAGTTCAGTCTGCGTA-1,0.000541,0.136018,0.000541,0.000541,0.000541,0.000541,0.409173,0.000541,0.451024,0.000541
AAGTTCGGCCAACAGG-1,0.000024,0.002239,0.0058,0.021359,0.117347,0.175405,0.038085,0.291375,0.242141,0.106225
AAGTTGTGATGTTATA-1,0.000041,0.018062,0.116438,0.001434,0.341518,0.09679,0.114751,0.144911,0.163526,0.002528
AAGTTTACTAATGGCA-1,0.00007,0.021112,0.00007,0.00007,0.00007,0.042995,0.003278,0.00007,0.92347,0.008794
AAGTTTATGGGCCCAA-1,0.001352,0.001352,0.001352,0.001352,0.169474,0.001352,0.107716,0.001352,0.537591,0.177108
AATAACAACGCTCGGC-1,0.000021,0.007627,0.000021,0.244905,0.033544,0.000533,0.121187,0.054719,0.236753,0.300691
AATAACACTAGAACAA-1,0.000035,0.043553,0.000035,0.000035,0.016919,0.000035,0.06537,0.186584,0.624584,0.06285
AATAAGTCCTCGAGAC-1,0.000056,0.000056,0.000056,0.005024,0.219167,0.013153,0.000056,0.045474,0.658141,0.058817
AATACAATGTTTCAGG-1,0.001235,0.001235,0.001235,0.001235,0.001235,0.380081,0.001235,0.001235,0.610039,0.001235
AATACCGGAGGGCTGT-1,0.000046,0.000046,0.000046,0.000046,0.130521,0.000046,0.000046,0.000046,0.865621,0.003537
AATAGAACAGAGTGGC-1,0.000033,0.179272,0.000033,0.000033,0.000033,0.017561,0.024032,0.462251,0.31281,0.003941
AATAGAATCTGTTTCA-1,0.000029,0.05694,0.00231,0.014333,0.098114,0.105561,0.002296,0.314093,0.235845,0.170479
AATAGCTACCGCGTGC-1,0.000944,0.000944,0.000944,0.000944,0.000944,0.402577,0.000944,0.000944,0.589874,0.000944
AATAGTCGCGAGTCGG-1,0.002128,0.131518,0.002128,0.002128,0.002128,0.621074,0.002128,0.002128,0.23251,0.002128
AATATCAAGGTCGGAT-1,0.000027,0.000662,0.006555,0.024471,0.412505,0.272612,0.058058,0.069348,0.111814,0.043949
AATATCGAATCAATGC-1,0.000036,0.15878,0.000036,0.027357,0.000036,0.088595,0.079043,0.338792,0.280461,0.026864
AATATCGAGGGTTCTC-1,0.000038,0.017564,0.000038,0.070658,0.144455,0.067678,0.057922,0.295318,0.142932,0.203397
AATATTGGAGTATTGA-1,0.000032,0.000032,0.000032,0.18642,0.000032,0.000032,0.000382,0.002665,0.048075,0.762299
AATCAGACTGCAGGAC-1,0.000885,0.000885,0.000885,0.000885,0.76841,0.000885,0.000885,0.000885,0.224509,0.000885
AATCATGTAAAGACTC-1,0.000043,0.011681,0.000043,0.000043,0.000043,0.028009,0.173201,0.267026,0.516781,0.003132
AATCCAAGGGCCTGAG-1,0.000051,0.000051,0.000051,0.000051,0.000051,0.039016,0.000051,0.000051,0.960578,0.000051
AATCCATGCAAGGGTG-1,0.000204,0.000204,0.000204,0.000204,0.309608,0.000204,0.000204,0.000204,0.688762,0.000204
AATCGAGGTCTCAAGG-1,0.010002,0.010002,0.010002,0.010003,0.010003,0.010002,0.010004,0.909974,0.010003,0.010003
AATCGCCTCAGCGCCA-1,0.000215,0.000215,0.000215,0.01321,0.000215,0.000215,0.200563,0.247145,0.266953,0.271056
AATCGCGCAGAGGACT-1,0.000019,0.629885,0.003806,0.006521,0.043291,0.005947,0.086136,0.06295,0.081205,0.080239
AATCGGGACACTACGA-1,0.000096,0.000096,0.000096,0.000096,0.000096,0.000096,0.000096,0.000096,0.999134,0.000096
AATCGGTATAGCCCTC-1,0.000047,0.009672,0.006621,0.000047,0.258566,0.009206,0.169571,0.118976,0.327091,0.100204
AATCGTGAGCCGAGCA-1,0.00164,0.00164,0.00164,0.00164,0.00164,0.00164,0.00164,0.00164,0.985242,0.00164
AATCTAGGTTTACTTG-1,0.000621,0.000621,0.000621,0.000621,0.000621,0.613459,0.000621,0.000621,0.080223,0.301969
AATCTATGCCGGAGCC-1,0.000034,0.041794,0.011822,0.028931,0.120975,0.010764,0.09135,0.488425,0.151323,0.054582
AATCTCTACTGTGGTT-1,0.001053,0.001053,0.001053,0.093046,0.001053,0.001053,0.460302,0.001053,0.439282,0.001053
AATCTGCGTTGGGACG-1,0.000005,0.006769,0.008062,0.875106,0.053554,0.00265,0.01965,0.029672,0.000005,0.004527
AATCTGGCTTTCTAGT-1,0.003334,0.003334,0.003334,0.003334,0.003334,0.003335,0.003334,0.003335,0.969991,0.003334
AATCTGGGTAGACCCT-1,0.000725,0.000725,0.000725,0.000725,0.000725,0.000725,0.993476,0.000725,0.000725,0.000725
AATGACAGCAATGTCT-1,0.000029,0.066655,0.000029,0.003093,0.073709,0.098985,0.02454,0.196047,0.379101,0.157812
AATGACGTAGGATGTC-1,0.001695,0.001695,0.001695,0.001695,0.001695,0.631139,0.001695,0.001695,0.355298,0.001695
AATGACTGTCAGCCGG-1,0.000047,0.028336,0.000047,0.050408,0.192757,0.062171,0.006943,0.369833,0.240229,0.049229
AATGAGTTCGCATATG-1,0.000111,0.000111,0.000111,0.000111,0.000111,0.000111,0.000111,0.110184,0.546356,0.342684
AATGATGATACGCTAT-1,0.000124,0.000124,0.220194,0.143197,0.000124,0.000124,0.053793,0.107799,0.34272,0.131802
AATGATGCGACTCCTG-1,0.000066,0.10829,0.023425,0.000066,0.103812,0.000066,0.010884,0.073173,0.334773,0.345443
AATGCACCAAGCAATG-1,0.000581,0.000582,0.199554,0.000582,0.382261,0.000582,0.147057,0.000582,0.000582,0.267639
AATGGTCCACCGTTCA-1,0.00008,0.00008,0.00008,0.00008,0.048553,0.00008,0.002465,0.074138,0.257484,0.616962
AATGGTTCTCACAAGC-1,0.000058,0.024618,0.000058,0.044715,0.000058,0.598113,0.000058,0.000058,0.3085,0.023764
AATGTATGGCACTGTA-1,0.000152,0.000152,0.000152,0.000152,0.000152,0.000152,0.000152,0.000152,0.998636,0.000152
AATGTGCCCGAGGTGT-1,0.000103,0.000103,0.000103,0.015603,0.14062,0.153332,0.094392,0.164652,0.369292,0.0618
AATGTTAAGACCCTGA-1,0.020003,0.020003,0.020005,0.020008,0.020008,0.020006,0.020007,0.020005,0.020005,0.819949
AATGTTGTCGTGAGAC-1,0.000043,0.000043,0.000043,0.000043,0.158377,0.000043,0.000043,0.000043,0.799524,0.041795
AATTAAAGGTCGGCGT-1,0.000014,0.848306,0.000014,0.000014,0.000014,0.003159,0.054971,0.086069,0.007422,0.000014
AATTACGAGACCCATC-1,0.000447,0.000447,0.000447,0.000447,0.139721,0.098863,0.125388,0.000447,0.533109,0.100686
AATTACTCGTACGCTC-1,0.00012,0.00012,0.00012,0.00012,0.00012,0.00012,0.00012,0.00012,0.88329,0.11575
AATTATACCCAGCAAG-1,0.000158,0.000158,0.000158,0.070481,0.132639,0.130895,0.199727,0.076103,0.346077,0.043603
AATTCATAAGGGATCT-1,0.00164,0.00164,0.00164,0.00164,0.00164,0.00164,0.628912,0.00164,0.357969,0.00164
AATTCATTGTCATGCA-1,0.000685,0.000685,0.000685,0.150707,0.307991,0.000685,0.000685,0.000685,0.536506,0.000685
AATTCCAACTTGGTGA-1,0.000212,0.000212,0.000212,0.006198,0.379994,0.000212,0.000212,0.000212,0.313628,0.298905
AATTCGATTCGAGGAT-1,0.000833,0.33291,0.000834,0.000834,0.000834,0.000834,0.000834,0.000834,0.660422,0.000834
AATTGAACGCTCTGGT-1,0.000129,0.000129,0.000129,0.274279,0.000129,0.543912,0.000129,0.000129,0.180905,0.000129
AATTGCAGCAATCGAC-1,0.000041,0.010231,0.000041,0.000041,0.000041,0.031413,0.144166,0.333032,0.480557,0.000438
AATTGCGTGGATTACA-1,0.000036,0.000036,0.000036,0.000036,0.142366,0.000036,0.000036,0.000036,0.768214,0.089169
AATTTGGGACATAGTA-1,0.002501,0.002501,0.002501,0.002501,0.002501,0.002501,0.002501,0.002501,0.67942,0.300575
AATTTGGTTCCAAAGA-1,0.000199,0.000199,0.000199,0.000199,0.293324,0.000199,0.000199,0.000199,0.672544,0.032737
ACAAACCATGCGTCCT-1,0.000935,0.000935,0.000935,0.000935,0.000935,0.000935,0.000935,0.000935,0.793027,0.199495
ACAAACCGACAAGGCG-1,0.000207,0.000207,0.000207,0.000207,0.000207,0.000207,0.000207,0.000207,0.998136,0.000207
ACAAAGCATGACCTAG-1,0.000043,0.004668,0.075552,0.009537,0.216078,0.29234,0.294307,0.03119,0.036306,0.039978
ACAAATCGCACCGAAT-1,0.000192,0.20031,0.000192,0.000192,0.134841,0.000192,0.000192,0.198512,0.117309,0.348067
ACAAATGGTAGTGTTT-1,0.00015,0.034875,0.00015,0.015222,0.00015,0.00015,0.187077,0.204988,0.270357,0.286882
ACAAATTCAGATCTGA-1,0.000379,0.000379,0.000379,0.000379,0.570257,0.020113,0.000379,0.17659,0.230767,0.000379
ACAACAGCATGAGCTA-1,0.000068,0.053517,0.000068,0.012101,0.933907,0.000068,0.000068,0.000068,0.000068,0.000068
ACAACGGTCCCTGCGA-1,0.000283,0.000283,0.000283,0.000283,0.000283,0.000283,0.000283,0.000283,0.364983,0.632756
ACAAGCAGTGCCTAGC-1,0.000021,0.054054,0.000021,0.298106,0.000041,0.003801,0.404127,0.014293,0.005111,0.220426
ACAAGGAAATCCGCCC-1,0.003334,0.191131,0.003334,0.003334,0.198308,0.003334,0.003334,0.003334,0.58722,0.003334
ACAAGGACAAGAGGTT-1,0.000027,0.009533,0.004557,0.076589,0.063266,0.001588,0.00504,0.307744,0.405527,0.126129
ACAAGGATGCTTTAGG-1,0.000094,0.000094,0.000094,0.000094,0.87066,0.059933,0.000094,0.057946,0.000094,0.010899
ACAAGGGCAGGCTCTG-1,0.000741,0.000741,0.000741,0.000741,0.000741,0.20848,0.000741,0.000741,0.785592,0.000741
ACAAGTAATTGTAAGG-1,0.000082,0.000082,0.274945,0.014595,0.11376,0.26607,0.025124,0.158448,0.142427,0.004467
ACAATAGTCGTACGTT-1,0.000614,0.000614,0.000614,0.106499,0.000614,0.000614,0.000614,0.219266,0.669939,0.000614
ACAATCCATTTAAACC-1,0.000025,0.020662,0.000025,0.136417,0.018363,0.002283,0.098966,0.202567,0.330626,0.190067
ACAATCGATCTTTATA-1,0.000341,0.000341,0.000341,0.000341,0.690388,0.089649,0.204353,0.000341,0.013561,0.000341
ACAATGAATACGGAGA-1,0.000066,0.000066,0.000066,0.000066,0.002853,0.000066,0.000066,0.175015,0.735467,0.086267
ACAATGATTCTTCTAC-1,0.000162,0.000162,0.000162,0.000162,0.262205,0.000459,0.287567,0.000162,0.38978,0.05918
ACAATTGTGTCTCTTT-1,0.000031,0.009433,0.000038,0.01125,0.051758,0.169163,0.042874,0.200555,0.295306,0.219591
ACAATTTAGGAGGCTC-1,0.000781,0.000781,0.478707,0.000782,0.297357,0.000781,0.000781,0.000781,0.218465,0.000782
ACAATTTGAGCAGTGG-1,0.000362,0.000362,0.000362,0.000362,0.608001,0.000362,0.000362,0.197205,0.192257,0.000362
ACACACCAGGACCAGT-1,0.000015,0.017656,0.012889,0.285251,0.167408,0.064436,0.048238,0.153799,0.077999,0.172308
ACACATGATCAAATCT-1,0.001352,0.077185,0.001352,0.001352,0.001352,0.001352,0.262764,0.001352,0.650588,0.001352
ACACATTGACGCAACA-1,0.000044,0.000044,0.000044,0.032683,0.391339,0.12125,0.042649,0.000044,0.351055,0.060847
ACACCACATAATTAGC-1,0.000038,0.045353,0.000038,0.159856,0.072964,0.006362,0.291073,0.001758,0.40935,0.013208
ACACCCAGCATGCAGC-1,0.000165,0.000165,0.000165,0.000165,0.211866,0.000165,0.173216,0.000165,0.423276,0.190652
ACACCCGAGAAATCCG-1,0.000057,0.043116,0.000057,0.000057,0.000057,0.056139,0.000057,0.208843,0.565454,0.126163
ACACCGAGCGCTCTTT-1,0.000087,0.000087,0.000087,0.00065,0.406188,0.000087,0.168176,0.233573,0.179883,0.011182
ACACCGGTCTGACCGC-1,0.000893,0.000893,0.000893,0.000893,0.000893,0.000893,0.000893,0.000893,0.991962,0.000893
ACACCTTAAGTAGGGC-1,0.000059,0.026476,0.000059,0.046428,0.121013,0.000059,0.111646,0.234972,0.38168,0.07761
ACACCTTACTACTTGC-1,0.000031,0.299564,0.000031,0.018079,0.000031,0.099996,0.11726,0.171411,0.24178,0.051818
ACACGAGACTCCTTCT-1,0.000115,0.000115,0.000115,0.000115,0.000115,0.000115,0.000115,0.000115,0.998969,0.000115
ACACGGCACTATGCAT-1,0.00011,0.00011,0.00011,0.012888,0.63815,0.000111,0.00011,0.041974,0.240119,0.066318
ACACGGGAACTTAGGG-1,0.000083,0.000083,0.000083,0.000083,0.106229,0.048767,0.000083,0.028436,0.791089,0.025064
ACACGTAGGCCACAAG-1,0.000039,0.01205,0.000251,0.000039,0.000039,0.022897,0.298422,0.460248,0.201596,0.004418
ACACTCCAATGTCACT-1,0.000065,0.014236,0.000065,0.000065,0.000065,0.000065,0.000065,0.071944,0.728654,0.184778
ACACTGATCAAGGTGT-1,0.000038,0.172231,0.000038,0.000038,0.000038,0.010671,0.190313,0.302099,0.324323,0.000209
ACAGAACTGAGAACAA-1,0.000042,0.033534,0.000042,0.000153,0.070744,0.003402,0.085148,0.262794,0.374063,0.170078
ACAGATTAGGTTAGTG-1,0.000402,0.000402,0.01418,0.000402,0.000402,0.000402,0.000402,0.000402,0.982607,0.000402
ACAGCATAGAGCCAGT-1,0.000083,0.000083,0.000083,0.000083,0.000083,0.210545,0.000083,0.000083,0.788788,0.000083
ACAGCGACATTCTCAT-1,0.000034,0.000034,0.000034,0.000034,0.200169,0.03602,0.030664,0.575211,0.14826,0.009542
ACAGCGCACCCGCAGC-1,0.000575,0.000575,0.000575,0.000575,0.180994,0.000575,0.000575,0.000575,0.814408,0.000575
ACAGGCACGGATCCTT-1,0.000038,0.049171,0.013294,0.000038,0.090571,0.009822,0.000038,0.527717,0.233631,0.075678
ACAGGCTTGCCCGACT-1,0.000107,0.040763,0.000107,0.000107,0.000107,0.000107,0.000107,0.485704,0.39892,0.073968
ACAGGTGGAGGTGAGG-1,0.000028,0.043158,0.000028,0.000028,0.20508,0.203238,0.072335,0.127412,0.268763,0.07993
ACAGTAATACAACTTG-1,0.000287,0.124685,0.000287,0.000287,0.000287,0.083566,0.007785,0.04325,0.625063,0.114501
ACAGTATACCGTGGGA-1,0.000093,0.088624,0.000093,0.085757,0.133411,0.023702,0.205703,0.086969,0.36346,0.012188
ACATAAGTCGTGGTGA-1,0.001021,0.001021,0.001021,0.001021,0.001021,0.001021,0.001021,0.001021,0.990814,0.001021
ACATCAGCTGGGACGC-1,0.000419,0.075536,0.000419,0.000419,0.000419,0.000419,0.000419,0.522166,0.398591,0.001196
ACATCCTGGTAACTGT-1,0.000039,0.014807,0.000039,0.156128,0.017669,0.000039,0.136605,0.312382,0.254635,0.107656
ACATCGGTCAGCCGCG-1,0.000036,0.037161,0.000039,0.104127,0.015373,0.028361,0.084715,0.296114,0.296203,0.13787
ACATCGTATGCAATGG-1,0.000332,0.120305,0.000332,0.000332,0.000332,0.000332,0.021338,0.206436,0.504271,0.145988
ACATCGTTAACCTAGT-1,0.000526,0.154601,0.000526,0.000526,0.000526,0.000526,0.000526,0.146195,0.48546,0.210585
ACATCTCAACGCGTAA-1,0.000038,0.000038,0.011537,0.014582,0.71263,0.078197,0.000038,0.033464,0.142328,0.007149
ACATGCTTACGGCAGC-1,0.000807,0.000807,0.000807,0.000807,0.000807,0.000807,0.000807,0.000807,0.65001,0.343537
ACATGGCGCCAAAGTA-1,0.000033,0.042772,0.000033,0.07496,0.000562,0.000033,0.04744,0.309783,0.330507,0.193877
ACATGGCTCAATTTAG-1,0.000154,0.000154,0.000154,0.000154,0.998613,0.000154,0.000154,0.000154,0.000154,0.000154
ACCAAACTAGAAATCC-1,0.000126,0.000126,0.000126,0.010182,0.423497,0.018218,0.061878,0.004605,0.449798,0.031444
ACCAACACCACACACT-1,0.000035,0.011635,0.000035,0.018727,0.42778,0.081093,0.026134,0.184711,0.194639,0.055212
ACCAACCGCACTCCAC-1,0.000045,0.029629,0.000045,0.000045,0.075101,0.003115,0.023772,0.389601,0.447975,0.030671
ACCAACGCTTATTTAT-1,0.000024,0.080833,0.000066,0.051729,0.477021,0.20981,0.077583,0.052514,0.027248,0.023172
ACCAAGAACGCGTGTC-1,0.00011,0.00011,0.00011,0.033837,0.158954,0.089127,0.137821,0.00011,0.57971,0.00011
ACCAAGTCATCGGCAG-1,0.000047,0.028922,0.000047,0.032466,0.208612,0.214567,0.163327,0.0515,0.270176,0.030335
ACCAATATGCAAGTTA-1,0.001563,0.001563,0.001563,0.001563,0.001563,0.001563,0.565688,0.001563,0.421808,0.001563
ACCACAACTCAGAACA-1,0.000538,0.000538,0.000538,0.000538,0.466225,0.000538,0.000538,0.000538,0.529454,0.000556
ACCACACGGTTGATGG-1,0.00244,0.00244,0.00244,0.00244,0.00244,0.00244,0.00244,0.215985,0.305198,0.461739
ACCACCAATGTAACAA-1,0.000014,0.146843,0.047976,0.10968,0.360248,0.048264,0.039145,0.187765,0.01514,0.044925
ACCACGTGCAGCTATA-1,0.00137,0.00137,0.00137,0.00137,0.00137,0.309864,0.00137,0.00137,0.081145,0.599399
ACCACTGTTCAAGAAG-1,0.000125,0.000125,0.000125,0.000125,0.235537,0.000125,0.000125,0.000125,0.568604,0.194984
ACCAGACCATAACAAC-1,0.00012,0.079435,0.00012,0.136696,0.00012,0.00012,0.045647,0.009006,0.728279,0.000456
ACCAGCCCGGTCTTTG-1,0.000086,0.072791,0.000086,0.000086,0.000086,0.000086,0.000103,0.000086,0.926502,0.000086
ACCAGTGCCCGGTCAA-1,0.000117,0.036131,0.000117,0.023529,0.615135,0.000117,0.000117,0.036981,0.271985,0.015774
ACCAGTGCGGGAGACG-1,0.000018,0.026084,0.000654,0.072424,0.285392,0.393988,0.016185,0.067717,0.006995,0.130542
ACCATCCGCCAACTAG-1,0.000349,0.000349,0.000349,0.000349,0.519993,0.000349,0.000349,0.082402,0.000349,0.395165
ACCATCGTATATGGTA-1,0.00003,0.029602,0.001558,0.04161,0.132849,0.131763,0.104184,0.413426,0.126496,0.018481
ACCATTAAGGGTGTCA-1,0.000203,0.039788,0.000203,0.000203,0.075078,0.00906,0.17621,0.000203,0.31732,0.381732
ACCCAACGCCCGTGGC-1,0.000226,0.044919,0.000226,0.249601,0.000226,0.000226,0.072692,0.14292,0.371089,0.117875
ACCCACCTACATGCTC-1,0.000031,0.001123,0.000031,0.628082,0.034264,0.005484,0.000031,0.007263,0.107787,0.215905
ACCCATCTTGAGGGTA-1,0.000038,0.055413,0.014285,0.093186,0.011821,0.028741,0.051283,0.535563,0.185131,0.024538
ACCCATTTGTCCCTCT-1,0.000036,0.014677,0.000227,0.000036,0.000036,0.016947,0.129192,0.371005,0.459364,0.008481
ACCCGGATGACGCATC-1,0.000024,0.001647,0.090006,0.137117,0.187382,0.004458,0.060452,0.24205,0.046572,0.230292
ACCCGGTTACACTTCC-1,0.000011,0.983784,0.000011,0.000011,0.00473,0.004867,0.003719,0.002843,0.000011,0.000011
ACCCGTAGCAGAGAAT-1,0.000065,0.000065,0.000065,0.087315,0.153971,0.000065,0.000065,0.000065,0.565672,0.192651
ACCCGTGTCATCAGTA-1,0.000101,0.062006,0.000101,0.000101,0.023108,0.00986,0.146923,0.35051,0.40719,0.000101
ACCCTATAGGACTGAG-1,0.000047,0.000047,0.000047,0.000047,0.163837,0.332348,0.000047,0.000047,0.468586,0.034947
ACCCTATGCCATATCG-1,0.000056,0.010211,0.000056,0.000056,0.000056,0.009054,0.270042,0.076411,0.618867,0.015192
ACCCTCCCGTCAGGGC-1,0.000036,0.032413,0.000036,0.000036,0.185438,0.016031,0.023227,0.12774,0.515546,0.099499
ACCCTCCCTTGCTATT-1,0.000237,0.000237,0.000237,0.000237,0.000237,0.000237,0.000237,0.305807,0.655627,0.036907
ACCCTGGTAACGCCCT-1,0.00006,0.054593,0.00006,0.00006,0.00006,0.003278,0.152778,0.295203,0.49385,0.00006
ACCCTTCATCTGCGAA-1,0.000538,0.000538,0.000538,0.081092,0.311754,0.000538,0.000538,0.000538,0.603389,0.000538
ACCCTTTAGTTCTCCA-1,0.000493,0.000493,0.000493,0.000493,0.000493,0.000493,0.502761,0.000493,0.041361,0.452429
ACCGAAGAGTCTGGTT-1,0.000855,0.000855,0.000855,0.000855,0.000855,0.000855,0.000855,0.000855,0.992305,0.000855
ACCGAGTCTCCTTATT-1,0.00125,0.00125,0.00125,0.00125,0.00125,0.089505,0.00125,0.00125,0.900492,0.00125
ACCGATGGTAGCATCG-1,0.00002,0.010668,0.022921,0.443976,0.065807,0.011086,0.037254,0.137282,0.084027,0.186959
ACCGCAATAACTGCCT-1,0.001053,0.001053,0.001053,0.001053,0.001053,0.762991,0.145126,0.001053,0.084512,0.001053
ACCGCGGTGGAAGTCG-1,0.000035,0.076222,0.004922,0.037391,0.095438,0.063118,0.069845,0.31233,0.196738,0.14396
ACCGGGCCTTTGTTGA-1,0.00002,0.012931,0.011045,0.1778,0.253468,0.015941,0.03437,0.112158,0.213563,0.168703
ACCGGTCAGGTACACC-1,0.001205,0.222671,0.21418,0.001205,0.001205,0.001205,0.099259,0.001205,0.456659,0.001205
ACCGTGACCACGTGGG-1,0.000215,0.143267,0.000215,0.000215,0.000215,0.002851,0.002085,0.147382,0.703339,0.000215
ACCGTTCCCGCTCTGA-1,0.000562,0.023771,0.000562,0.000562,0.000562,0.000562,0.000562,0.208694,0.524552,0.239612
ACCTAAGTACCTTTCA-1,0.00005,0.040945,0.00005,0.00005,0.071859,0.027746,0.296328,0.129212,0.365868,0.067893
ACCTAATCGACTTCCT-1,0.000023,0.000023,0.004294,0.151072,0.024569,0.003092,0.111124,0.285828,0.149092,0.270883
ACCTACAGTATGTGGT-1,0.000025,0.409304,0.001814,0.006846,0.071206,0.044657,0.129812,0.233603,0.029151,0.073581
ACCTCCGCCCTCGCTG-1,0.000015,0.042516,0.001819,0.008249,0.284345,0.088147,0.013129,0.279343,0.178283,0.104155
ACCTCCGTTATTCACC-1,0.000012,0.048083,0.000012,0.118747,0.370176,0.011455,0.074408,0.024777,0.057967,0.294362
ACCTCGAACTTATGCT-1,0.001205,0.001205,0.001205,0.001205,0.001205,0.304186,0.001205,0.001205,0.686173,0.001205
ACCTGCGTGTCATGTT-1,0.000714,0.000715,0.000715,0.000715,0.090581,0.000715,0.000715,0.000715,0.302104,0.602313
ACCTTTCCTTTAGAAG-1,0.000117,0.000117,0.000117,0.000117,0.394623,0.000117,0.000117,0.000117,0.451775,0.152784
ACGAAATGGGCGGCAC-1,0.000006,0.006035,0.000536,0.872156,0.015869,0.000562,0.017392,0.011024,0.01795,0.058469
ACGACTCTAGGGCCGA-1,0.000031,0.002495,0.000031,0.000577,0.136337,0.000031,0.024551,0.193043,0.58186,0.061044
ACGACTGGTCATACTC-1,0.000058,0.000058,0.000058,0.000058,0.000058,0.000058,0.000058,0.002504,0.903965,0.093124
ACGAGAACCCATCACG-1,0.000044,0.000044,0.000044,0.000044,0.000044,0.214318,0.000044,0.000044,0.785334,0.000044
ACGAGATATTTGCTTA-1,0.000278,0.000278,0.000278,0.000278,0.233853,0.000278,0.000278,0.000278,0.615626,0.148576
ACGAGGATACCACTCT-1,0.001852,0.001852,0.001852,0.001852,0.001852,0.661414,0.001852,0.001852,0.24291,0.082709
ACGAGGTTTACAACGT-1,0.001177,0.001177,0.001177,0.001177,0.64261,0.001177,0.001177,0.001177,0.347975,0.001177
ACGAGTACGGATGCCC-1,0.000037,0.04459,0.036019,0.109408,0.158873,0.005411,0.040431,0.340037,0.103307,0.161887
ACGAGTCGCCGGCGTT-1,0.00003,0.00003,0.000302,0.020085,0.271569,0.077019,0.251421,0.116362,0.242582,0.020599
ACGATACATAGAACTA-1,0.003572,0.003572,0.003573,0.264835,0.003573,0.003573,0.003572,0.003572,0.706586,0.003572
ACGATCATCTTGTAAA-1,0.000028,0.004369,0.014298,0.116246,0.097803,0.014553,0.052182,0.367589,0.286515,0.046416
ACGATGCATATGTTAT-1,0.00004,0.083354,0.00004,0.00004,0.00004,0.00004,0.279671,0.384984,0.246375,0.005415
ACGATGGATCCGATGC-1,0.000529,0.061801,0.000529,0.000529,0.000529,0.622395,0.000529,0.000529,0.000529,0.3121
ACGCAAACTAATAGAT-1,0.000043,0.050216,0.000043,0.003275,0.131093,0.000043,0.000043,0.000043,0.784859,0.03034
ACGCAATCACTACAGC-1,0.000042,0.076185,0.000741,0.000042,0.000042,0.005562,0.016733,0.539046,0.342469,0.019139
ACGCATACGTTTACTA-1,0.000039,0.010413,0.000039,0.000039,0.003301,0.003642,0.23534,0.27742,0.444043,0.025725
ACGCCACTCGAAACAG-1,0.00017,0.00017,0.00017,0.00017,0.00017,0.00017,0.00017,0.00017,0.998466,0.00017
ACGCCAGATGATTTCT-1,0.001588,0.001588,0.001588,0.001588,0.001588,0.001588,0.001588,0.001588,0.546753,0.440546
ACGCCCAGCTGTCGAT-1,0.000091,0.000091,0.000091,0.000091,0.000091,0.000091,0.000091,0.000091,0.999179,0.000091
ACGCCGCTAGACGACC-1,0.000051,0.000051,0.000051,0.000051,0.000051,0.000051,0.029461,0.000051,0.970132,0.000051
ACGCGCTACACAGGGT-1,0.000026,0.006497,0.005749,0.145459,0.098729,0.010359,0.11733,0.190297,0.195619,0.229937
ACGCGTTTCTTAAGAG-1,0.000355,0.000355,0.000355,0.000355,0.000355,0.000355,0.093454,0.000355,0.903709,0.000355
ACGCTAGTGATACACT-1,0.00004,0.050094,0.00004,0.063307,0.100441,0.005809,0.028072,0.335042,0.220177,0.196979
ACGCTGTGAGGCGTAG-1,0.000151,0.000151,0.000151,0.014579,0.000151,0.000151,0.05039,0.057494,0.569903,0.306878
ACGCTTAGTGTCTCTC-1,0.000758,0.000758,0.000758,0.000758,0.623004,0.000758,0.000758,0.000758,0.370933,0.000758
ACGGAATTTAGCAAAT-1,0.000058,0.000058,0.000058,0.000058,0.000058,0.000058,0.000058,0.000058,0.997325,0.002212
ACGGACGCAGCGACAA-1,0.000375,0.000375,0.000375,0.000375,0.482618,0.000375,0.000375,0.000375,0.514384,0.000375
ACGGACTCTCAAAGCG-1,0.001539,0.001539,0.001539,0.001539,0.001539,0.001539,0.001539,0.001539,0.98615,0.001539
ACGGAGCGCAAATTAC-1,0.001961,0.224716,0.001961,0.001961,0.001961,0.001961,0.001961,0.001961,0.332932,0.428623
ACGGATGGTGCGGATA-1,0.002858,0.002858,0.002858,0.002858,0.002858,0.002858,0.002858,0.002858,0.974279,0.002858
ACGGCGACGATGGGAA-1,0.000588,0.000588,0.000588,0.000588,0.000588,0.000588,0.858208,0.000588,0.137085,0.000588
