Barcode,Topic 1to4,Topic 5,Topic 6to8,Topic 9,Topic 10
AAACAACGAATAGTTC-1,0.420646,0.006252,0.018756,0.548095,0.006252
AAACAAGTATCTCCCA-1,0.371421,0.003969,0.620747,0.001006,0.002858
AAACAATCTACTAGCA-1,0.000093,0.110337,0.212912,0.000023,0.676635
AAACACCAATAACTGC-1,0.7838,0.003967,0.166067,0.031069,0.015098
AAACAGAGCGACTCCT-1,0.375693,0.000051,0.108246,0.381676,0.134335
AAACAGCTTTCAGAAG-1,0.108982,0.020435,0.742622,0.046344,0.081617
AAACAGGGTCTATATT-1,0.036248,0.143056,0.7921,0.028,0.000596
AAACATGGTGAGAGGA-1,0.246994,0.041771,0.642395,0.03472,0.034121
AAACATTTCCCGGATT-1,0.24733,0.026711,0.72584,0.000032,0.000087
AAACCACTACACAGAT-1,0.415695,0.001238,0.296453,0.213361,0.073253
AAACCCGAACGAAATC-1,0.339387,0.024975,0.604574,0.013173,0.017892
AAACCGGAAATGTTAA-1,0.328081,0.102467,0.259068,0.000053,0.310332
AAACCGGGTAGGTACC-1,0.236142,0.23664,0.527155,0.000031,0.000031
AAACCGTTCGTCCAGG-1,0.002093,0.05214,0.125123,0.820344,0.0003
AAACCTCATGAAGTTG-1,0.512184,0.024725,0.463058,0.000016,0.000016
AAACGAAGAACATACC-1,0.254821,0.028574,0.647976,0.001927,0.066703
AAACGAAGATGGAGTA-1,0.036287,0.006426,0.930257,0.027017,0.000014
AAACGACAGTCTTGCC-1,0.282374,0.000703,0.495795,0.075261,0.145866
AAACGAGACGGTTGAT-1,0.130221,0.015513,0.605884,0.086892,0.161491
AAACGCTGGGCACGAC-1,0.127942,0.423798,0.098859,0.000386,0.349014
AAACGGGTTGGTATCC-1,0.000314,0.999294,0.000235,0.000078,0.000078
AAACGTGTTCGCCCTA-1,0.265631,0.009763,0.67098,0.035394,0.018233
AAACTAACGTGGCGAC-1,0.056606,0.010719,0.428218,0.480032,0.024425
AAACTCGTGATATAAG-1,0.518139,0.03338,0.312044,0.023721,0.112716
AAACTTAATTGCACGC-1,0.58997,0.002164,0.354789,0.031026,0.022051
AAACTTGCAAACGTAT-1,0.254758,0.025935,0.705014,0.010089,0.004203
AAAGAATGACCTTAGA-1,0.26177,0.001882,0.727283,0.009058,0.000007
AAAGAATGTGGACTAA-1,0.000486,0.389463,0.301059,0.000122,0.308871
AAAGACCCAAGTCGCG-1,0.60914,0.01933,0.330253,0.018714,0.022564
AAAGACTGGGCGCTTT-1,0.773482,0.009505,0.213888,0.000009,0.003116
AAAGCTTGCCTACATA-1,0.060419,0.014927,0.869138,0.030639,0.024877
AAAGGGATGTAGCAAG-1,0.093035,0.100981,0.802269,0.000041,0.003674
AAAGGGCAGCTTGAAT-1,0.365167,0.036281,0.563345,0.010771,0.024436
AAAGGTAAGCTGTACC-1,0.080595,0.000019,0.395653,0.442248,0.081485
AAAGTAGCATTGCTCA-1,0.379672,0.006667,0.590686,0.012843,0.010132
AAAGTCACTGATGTAA-1,0.729962,0.014578,0.19983,0.049501,0.006129
AAAGTCGACCCTCAGT-1,0.335233,0.062598,0.579434,0.017601,0.005134
AAAGTGCCATCAATTA-1,0.00241,0.816008,0.050965,0.130013,0.000603
AAAGTGTGATTTATCT-1,0.338632,0.074737,0.311359,0.128792,0.146479
AAAGTTGACTCCCGTA-1,0.090242,0.009091,0.895426,0.000034,0.005207
AAATAACCATACGGGA-1,0.007532,0.122372,0.723442,0.105622,0.041032
AAATAAGGTAGTGCCC-1,0.093485,0.054035,0.850817,0.000019,0.001644
AAATAGCTTAGACTTT-1,0.994146,0.000009,0.000028,0.000009,0.005808
AAATCACTCCTAAACG-1,0.061174,0.249468,0.570034,0.119295,0.00003
AAATCGCGGAAGGAGT-1,0.000049,0.029569,0.970357,0.000012,0.000012
AAATCGTGTACCACAA-1,0.020474,0.160294,0.751496,0.053827,0.013909
AAATCTAGCCCTGCTA-1,0.398552,0.17889,0.416293,0.000016,0.006248
AAATCTGCCCGCGTCC-1,0.074576,0.000015,0.925376,0.000018,0.000015
AAATGATTCGATCAGC-1,0.11143,0.102807,0.777236,0.000041,0.008486
AAATGCTCGTTACGTT-1,0.144477,0.27628,0.573458,0.00008,0.005705
AAATGGCATGTCTTGT-1,0.018129,0.017125,0.387785,0.064627,0.512335
AAATGGCCCGTGCCCT-1,0.090804,0.060464,0.789894,0.002337,0.056501
AAATGGTCAATGTGCC-1,0.478518,0.003951,0.517485,0.000023,0.000023
AAATGTATCTTATCCC-1,0.140907,0.124223,0.734637,0.000116,0.000116
AAATGTGGGTGCTCCT-1,0.000737,0.403066,0.536669,0.059344,0.000184
AAATTAACGGGTAGCT-1,0.128538,0.018651,0.84508,0.00763,0.000102
AAATTAATAAGCGCGA-1,0.266032,0.116916,0.617028,0.000012,0.000012
AAATTACACGACTCTG-1,0.038098,0.062555,0.851745,0.044176,0.003427
AAATTACCTATCGATG-1,0.031149,0.031048,0.937714,0.000045,0.000045
AAATTCCAGGTCCAAA-1,0.076217,0.147629,0.760098,0.000015,0.01604
AAATTGATAGTCCTTT-1,0.521463,0.046553,0.427411,0.002364,0.002209
AAATTGCGGCGGTTCT-1,0.000127,0.89081,0.000095,0.000032,0.108936
AAATTGGTGAGAAGCA-1,0.93543,0.027228,0.029779,0.007551,0.000012
AAATTTGCGGGTGTGG-1,0.128527,0.298075,0.568433,0.000021,0.004943
AACAACTGGTAGTTGC-1,0.255545,0.021506,0.710482,0.000023,0.012444
AACAATTACTCTACGC-1,0.296114,0.030141,0.661597,0.011408,0.00074
AACACACGCTCGCCGC-1,0.286018,0.017798,0.662162,0.000025,0.033997
AACACGACTGTACTGA-1,0.163683,0.016117,0.797724,0.001199,0.021275
AACACGAGACGCGGCC-1,0.187959,0.037587,0.745437,0.000022,0.028997
AACACGCGGCCGCGAA-1,0.0019,0.993722,0.000063,0.004294,0.000021
AACAGCTGTGTGGCAA-1,0.411026,0.045918,0.498195,0.035389,0.009472
AACAGGAAATCGAATA-1,0.04513,0.003282,0.876664,0.069549,0.005375
AACAGGATGGGCCGCG-1,0.04998,0.393666,0.543941,0.011611,0.000804
AACAGGTAGTATGGAT-1,0.815304,0.000043,0.128577,0.018141,0.037935
AACATATCAACTGGTG-1,0.037666,0.15725,0.805007,0.000038,0.000038
AACATCGATACGTCTA-1,0.144873,0.089214,0.49622,0.000033,0.269659
AACATTGGTCAGCCGT-1,0.315607,0.655336,0.028877,0.00009,0.00009
AACCAAGACTTCTCTG-1,0.451489,0.04425,0.496328,0.005466,0.002467
AACCATAGGGTTGAAC-1,0.989297,0.000004,0.001427,0.007295,0.001977
AACCATGGGATCGCTA-1,0.385591,0.125888,0.299332,0.000023,0.189166
AACCCAGAGACGGAGA-1,0.966699,0.00025,0.017643,0.000172,0.015235
AACCCATCCCATGATC-1,0.012366,0.032679,0.720059,0.046232,0.188665
AACCCGAGCAGAATCG-1,0.465143,0.112945,0.418035,0.001715,0.002162
AACCCGATAGGGCTTC-1,0.32868,0.036279,0.460982,0.063952,0.110107
AACCCTACTGTCAATA-1,0.153076,0.176922,0.605274,0.000022,0.064706
AACCCTGGTGGAACCA-1,0.135583,0.035408,0.511449,0.02797,0.289591
AACCGAGCTTGGTCAT-1,0.006507,0.061155,0.906667,0.019519,0.006152
AACCGCTAAGGGATGC-1,0.108738,0.087412,0.781803,0.000031,0.022016
AACCGTTGTGTTTGCT-1,0.148349,0.073438,0.699508,0.020661,0.058044
AACCTAAAGCCGTCCG-1,0.821274,0.075477,0.017402,0.011471,0.074376
AACCTGTCACGGAATT-1,0.283184,0.019995,0.694007,0.000971,0.001843
AACCTTTACGACGTCT-1,0.00222,0.005577,0.050114,0.919454,0.022635
AACGAAAGTCGTCCCA-1,0.162128,0.087455,0.668327,0.04202,0.040069
AACGACCTCCTAGCCG-1,0.003796,0.846886,0.048461,0.000088,0.100769
AACGATAGAAGGGCCG-1,0.45658,0.018947,0.463589,0.025313,0.035571
AACGATATGTCAACTG-1,0.017395,0.123603,0.419485,0.097693,0.341824
AACGCATGATCTGGGT-1,0.107113,0.045171,0.847596,0.000059,0.000061
AACGCGAACGGCAACA-1,0.000122,0.39254,0.532545,0.00003,0.074763
AACGCGGTCTCCAGCC-1,0.037332,0.000032,0.759561,0.19911,0.003964
AACGCTGTTGCTGAAA-1,0.243015,0.281192,0.368793,0.048665,0.058335
AACGGACGTACGTATA-1,0.347031,0.364931,0.234182,0.007799,0.046057
AACGGCCATCTCCGGT-1,0.200344,0.048307,0.732387,0.010003,0.008959
AACGTACTGTGGGTAC-1,0.043725,0.008945,0.94725,0.00004,0.00004
AACGTAGTCTACCCAT-1,0.051941,0.495418,0.403996,0.000052,0.048593
AACGTCAGACTAGTGG-1,0.450341,0.043836,0.465508,0.002264,0.038051
AACGTCGCTGCACTTC-1,0.000716,0.607047,0.000537,0.000179,0.391522
AACGTGCGAAAGTCTC-1,0.044408,0.021346,0.893705,0.004958,0.035584
AACGTTATCAGCACCT-1,0.431663,0.114628,0.410469,0.025118,0.018122
AACGTTCTACCATTGT-1,0.091316,0.63567,0.269963,0.000148,0.002903
AACTACCCGTTTGTCA-1,0.290363,0.024033,0.68039,0.000016,0.005197
AACTAGCGTATCGCAC-1,0.033175,0.499753,0.466934,0.000069,0.000069
AACTCAAGTTAATTGC-1,0.434801,0.016132,0.547821,0.000016,0.00123
AACTCCAGAGCGTGTT-1,0.212995,0.113282,0.671541,0.00005,0.002132
AACTCCTAATCCCATG-1,0.266938,0.018137,0.673902,0.040988,0.000035
AACTCGATAAACACGT-1,0.037879,0.866867,0.000111,0.000037,0.095105
AACTCGATGGCGCAGT-1,0.036465,0.245312,0.718109,0.000057,0.000057
AACTCTCAATAGAGCG-1,0.05561,0.006001,0.938319,0.000035,0.000035
AACTCTCAGTGTGCTC-1,0.040329,0.043206,0.507892,0.338788,0.069786
AACTGAGGTCAGCGTC-1,0.114367,0.061973,0.648856,0.129122,0.045682
AACTGAGTTATACTGA-1,0.798828,0.179985,0.001416,0.000055,0.019716
AACTGATATTAGGCCT-1,0.109372,0.132582,0.739714,0.003065,0.015266
AACTGGGTCCCGACGT-1,0.000107,0.000027,0.788775,0.208064,0.003028
AACTGGTGTGGGCCTT-1,0.10697,0.089723,0.375982,0.000026,0.4273
AACTTCTGCGTCTATC-1,0.554304,0.016806,0.121581,0.000439,0.30687
AACTTGCCCGTATGCA-1,0.262968,0.080753,0.656251,0.000014,0.000014
AACTTGCGTTCTCGCG-1,0.101857,0.373367,0.522136,0.000041,0.002599
AACTTTACGGGAGCTT-1,0.399661,0.250785,0.335467,0.011288,0.002799
AACTTTAGCTGCTGAG-1,0.052363,0.562031,0.37456,0.006309,0.004736
AACTTTCTCGATCATG-1,0.074051,0.163751,0.67645,0.000027,0.08572
AAGAAATCACCAGATT-1,0.029449,0.015282,0.89028,0.023283,0.041706
AAGAAGGATCAGTTAG-1,0.447909,0.160729,0.372751,0.003716,0.014895
AAGACATACGTGGTTT-1,0.245334,0.235609,0.518833,0.000112,0.000112
AAGACCAAATAACTCA-1,0.068767,0.004854,0.901943,0.024425,0.000011
AAGACTAACCCGTTGT-1,0.000219,0.890035,0.109637,0.000055,0.000055
AAGACTGCAAGCTACT-1,0.070235,0.085118,0.73012,0.078534,0.035993
AAGAGATGAATCGGTA-1,0.532663,0.013398,0.450353,0.002683,0.000902
AAGAGGATGTACGCGA-1,0.283183,0.058703,0.655451,0.000022,0.002642
AAGAGGCATGGATCGC-1,0.11699,0.012266,0.529223,0.121271,0.220249
AAGAGGCCCTTTGGAA-1,0.825794,0.039671,0.067582,0.000011,0.066942
AAGATTGGCGGAACGT-1,0.000107,0.000027,0.848057,0.14723,0.004579
AAGCCGAAGCGGTTTA-1,0.588714,0.070129,0.321789,0.012955,0.006413
AAGCCGCTTTACCTTG-1,0.001576,0.034899,0.902553,0.060205,0.000767
AAGCCGGAGAGCAGGA-1,0.205654,0.538016,0.232327,0.000122,0.02388
AAGCGGAGTGCGCGCA-1,0.463558,0.082683,0.34763,0.017931,0.088199
AAGCGGCGTCATGGGT-1,0.526238,0.122128,0.315697,0.025222,0.010715
AAGCGTCCCTCATCGA-1,0.017008,0.029909,0.2263,0.695175,0.031608
AAGCTATGGATTGACC-1,0.751515,0.000014,0.116671,0.020961,0.11084
AAGCTCGTGCCAAGTC-1,0.078168,0.125877,0.789987,0.005943,0.000024
AAGGAGAACTTATAAG-1,0.00056,0.35451,0.644651,0.00014,0.00014
AAGGAGCGGTTGGTGC-1,0.246964,0.028095,0.680805,0.031965,0.012171
AAGGATCGATCGCTTG-1,0.305761,0.044311,0.638654,0.004962,0.006312
AAGGATGAGGGACCTC-1,0.000139,0.015719,0.950114,0.033994,0.000035
AAGGCAGGCTGTCTCC-1,0.291267,0.008395,0.561587,0.012261,0.12649
AAGGCGCGTAAAGCTT-1,0.067948,0.004824,0.916961,0.010251,0.000016
AAGGCTGTGCTCATCG-1,0.266452,0.033474,0.691337,0.000022,0.008715
AAGGGAACGACTGGCT-1,0.776199,0.044511,0.167679,0.004953,0.006658
AAGGGACAGATTCTGT-1,0.032098,0.007454,0.960353,0.000047,0.000047
AAGGGACTATGCATTC-1,0.659911,0.03228,0.259012,0.015042,0.033755
AAGGGTTAGCCATGCG-1,0.06219,0.550354,0.32524,0.0001,0.062116
AAGGGTTTGATTTCAG-1,0.017672,0.01823,0.959897,0.004177,0.000024
AAGGTATCCTAATATA-1,0.078488,0.028513,0.503723,0.256172,0.133104
AAGGTGATAAACCAGC-1,0.073268,0.034294,0.825199,0.014786,0.052453
AAGTAAGCTTCCAAAC-1,0.22917,0.684211,0.010138,0.000033,0.076449
AAGTAGAAGACCGGGT-1,0.172032,0.036898,0.76955,0.001865,0.019654
AAGTAGTGACGCGAGG-1,0.209448,0.037302,0.732453,0.005333,0.015465
AAGTCAATTGTCGTCA-1,0.687849,0.000166,0.229219,0.022001,0.060765
AAGTCTAGTAGCTGCC-1,0.08811,0.124711,0.742667,0.032406,0.012107
AAGTCTTCTGTGGCCT-1,0.274711,0.186372,0.535083,0.000012,0.003822
AAGTGACGACCGAATT-1,0.320269,0.003098,0.649398,0.000044,0.027191
AAGTGCAAAGGTAGAC-1,0.119788,0.231774,0.648364,0.000037,0.000037
AAGTGCCTTGACTGTA-1,0.201698,0.187689,0.572106,0.000036,0.038471
AAGTGCGTTAGAATCT-1,0.456866,0.031266,0.49701,0.002565,0.012293
AAGTTCAGTCTGCGTA-1,0.385808,0.03289,0.531926,0.024852,0.024525
AAGTTCGGCCAACAGG-1,0.070016,0.045644,0.850163,0.034155,0.000021
AAGTTGTGATGTTATA-1,0.343774,0.372246,0.210397,0.04275,0.030833
AAGTTTACTAATGGCA-1,0.167311,0.107851,0.72072,0.000105,0.004013
AATAACAACGCTCGGC-1,0.212555,0.029472,0.743023,0.000014,0.014936
AATAACACTAGAACAA-1,0.818839,0.046308,0.114624,0.01357,0.006658
AATAACGTCGCGCCCA-1,0.000406,0.587581,0.168664,0.000102,0.243248
AATAAGTCCTCGAGAC-1,0.089565,0.097293,0.399824,0.002096,0.411222
AATAATCTTCGTATCG-1,0.304494,0.113218,0.442764,0.000025,0.139499
AATACAATGTTTCAGG-1,0.107485,0.233218,0.659112,0.000092,0.000092
AATAGAACAGAGTGGC-1,0.000049,0.002752,0.465718,0.530691,0.000789
AATAGAATCTGTTTCA-1,0.028081,0.000042,0.971791,0.000042,0.000042
AATAGCAAGCCTCCTG-1,0.026429,0.022888,0.261168,0.536721,0.152794
AATAGCTACCGCGTGC-1,0.518029,0.085815,0.381287,0.005191,0.009678
AATAGTCGCGAGTCGG-1,0.431446,0.272438,0.275055,0.021052,0.000008
AATATCAAGGTCGGAT-1,0.629335,0.266251,0.056028,0.00002,0.048367
AATATCCTAGCAAACT-1,0.37291,0.489619,0.137279,0.000096,0.000096
AATATCGAATCAATGC-1,0.189136,0.014952,0.789335,0.005873,0.000704
AATATCGAGGGTTCTC-1,0.455012,0.036361,0.490873,0.01508,0.002674
AATATTGGAGTATTGA-1,0.398146,0.023579,0.57824,0.000013,0.000023
AATCAGACTGCAGGAC-1,0.547999,0.319196,0.125025,0.007766,0.000014
AATCATGTAAAGACTC-1,0.310072,0.022153,0.642586,0.022687,0.002502
AATCCAAGGGCCTGAG-1,0.857092,0.015006,0.127889,0.000006,0.000006
AATCCATGCAAGGGTG-1,0.320761,0.454136,0.225037,0.000033,0.000033
AATCGCGCAGAGGACT-1,0.114877,0.002904,0.856078,0.012982,0.013159
AATCGGGACACTACGA-1,0.188053,0.070132,0.662012,0.039119,0.040685
AATCGGTATAGCCCTC-1,0.003541,0.235432,0.759256,0.000885,0.000885
AATCTAGGTTTACTTG-1,0.003491,0.040366,0.93899,0.000022,0.017131
AATCTATGCCGGAGCC-1,0.228269,0.047379,0.711764,0.010902,0.001686
AATCTCTACTGTGGTT-1,0.214064,0.054881,0.678524,0.000048,0.052484
AATCTGCGTTGGGACG-1,0.091092,0.114838,0.793979,0.00004,0.000052
AATCTGGCTTTCTAGT-1,0.064015,0.031856,0.713425,0.00666,0.184044
AATGACAGCAATGTCT-1,0.172946,0.102449,0.71635,0.000025,0.008229
AATGACTGTCAGCCGG-1,0.159529,0.036223,0.804161,0.000022,0.000065
AATGAGTTCGCATATG-1,0.800873,0.090251,0.08923,0.000015,0.019632
AATGATGATACGCTAT-1,0.012461,0.000049,0.953692,0.018076,0.015722
AATGATGCGACTCCTG-1,0.306476,0.055656,0.610401,0.015998,0.011469
AATGCAACCGGGTACC-1,0.123864,0.008937,0.860196,0.00697,0.000033
AATGCACCAAGCAATG-1,0.029749,0.022599,0.928881,0.018727,0.000044
AATGGCCGCCAATGCG-1,0.266405,0.00419,0.231613,0.206837,0.290955
AATGGTCCACCGTTCA-1,0.645709,0.016591,0.090742,0.024915,0.222043
AATGGTTCTCACAAGC-1,0.246733,0.062798,0.683574,0.000018,0.006877
AATGTATGGCACTGTA-1,0.40706,0.041247,0.342366,0.006752,0.202575
AATGTGCCCGAGGTGT-1,0.712172,0.077973,0.130818,0.00199,0.077047
AATGTTGTCGTGAGAC-1,0.09416,0.227675,0.677713,0.000226,0.000226
AATTAAAGGTCGGCGT-1,0.091276,0.0217,0.88695,0.000037,0.000037
AATTACGAGACCCATC-1,0.059019,0.018238,0.55494,0.033402,0.334401
AATTACTCGTACGCTC-1,0.022825,0.746833,0.230285,0.000029,0.000029
AATTCATAAGGGATCT-1,0.000162,0.049723,0.825884,0.122411,0.001819
AATTCATTGTCATGCA-1,0.469391,0.015571,0.503518,0.011488,0.000033
AATTCCAACTTGGTGA-1,0.000748,0.830872,0.020347,0.000187,0.147846
AATTGAACGCTCTGGT-1,0.000224,0.000067,0.99922,0.000056,0.000433
AATTGCAGCAATCGAC-1,0.865213,0.000009,0.134761,0.000009,0.000009
AATTGCGTGGATTACA-1,0.140086,0.187901,0.561879,0.007489,0.102644
AATTGTGGTTGCCAAA-1,0.006218,0.331443,0.662271,0.000034,0.000034
AATTTGGGACATAGTA-1,0.150562,0.000046,0.742563,0.064172,0.042657
AATTTGGTTCCAAAGA-1,0.078598,0.013134,0.555069,0.036361,0.316838
ACAAACCATGCGTCCT-1,0.792979,0.007416,0.052013,0.007763,0.139828
ACAAACCGACAAGGCG-1,0.060283,0.511387,0.17017,0.002822,0.255338
ACAAAGAAGGTAGGCC-1,0.026051,0.244229,0.729561,0.000147,0.000012
ACAAAGCATGACCTAG-1,0.595868,0.000225,0.403838,0.000035,0.000035
ACAAATGGTAGTGTTT-1,0.022882,0.016673,0.960312,0.000066,0.000066
ACAAATTCAGATCTGA-1,0.124661,0.00094,0.874341,0.000029,0.000029
ACAACAGCATGAGCTA-1,0.008982,0.024164,0.923761,0.043077,0.000016
ACAACGGTCCCTGCGA-1,0.720601,0.002956,0.276425,0.000009,0.000009
ACAAGCAGTGCCTAGC-1,0.467945,0.19505,0.329396,0.002873,0.004736
ACAAGCTATATGGAAG-1,0.215681,0.162144,0.60379,0.008341,0.010044
ACAAGGACAAGAGGTT-1,0.092524,0.0443,0.856214,0.006946,0.000016
ACAATAGTCGTACGTT-1,0.561571,0.0045,0.407833,0.008723,0.017374
ACAATCCATTTAAACC-1,0.271906,0.010317,0.665772,0.02779,0.024216
ACAATCGATCTTTATA-1,0.001212,0.877494,0.000909,0.071209,0.049175
ACAATGAATACGGAGA-1,0.340283,0.02139,0.380586,0.131679,0.126062
ACAATGATTCTTCTAC-1,0.110369,0.000027,0.576064,0.227165,0.086375
ACAATTGTGTCTCTTT-1,0.275432,0.051963,0.672388,0.000026,0.000192
ACAATTTAGGAGGCTC-1,0.649381,0.131388,0.219119,0.000056,0.000056
ACAATTTGAGCAGTGG-1,0.007501,0.004307,0.809081,0.145376,0.033735
ACAATTTGGCCATATT-1,0.983839,0.000007,0.000582,0.007849,0.007724
ACACAAAGACGGGTGG-1,0.092204,0.078548,0.829188,0.00003,0.00003
ACACAAATATTCCTAG-1,0.426241,0.059769,0.419148,0.061506,0.033337
ACACACCAGGACCAGT-1,0.000156,0.028607,0.97116,0.000039,0.000039
ACACACTTTCTACACG-1,0.016365,0.090723,0.792796,0.00005,0.100067
ACACATGATCAAATCT-1,0.414728,0.030663,0.453478,0.003015,0.098116
ACACATTGACGCAACA-1,0.006668,0.88683,0.106447,0.000028,0.000028
ACACCACATAATTAGC-1,0.132751,0.065793,0.80047,0.000019,0.000968
ACACCCAGCATGCAGC-1,0.313398,0.034146,0.62086,0.000062,0.031534
ACACCCGAGAAATCCG-1,0.987,0.000006,0.004913,0.003592,0.004489
ACACCCGTAAATCTGT-1,0.779296,0.037059,0.119114,0.028837,0.035695
ACACCGAGCGCTCTTT-1,0.097436,0.213454,0.689052,0.00003,0.00003
ACACCGGTCTGACCGC-1,0.230384,0.003772,0.519237,0.151003,0.095604
ACACCTTAAGTAGGGC-1,0.451898,0.152866,0.319333,0.000014,0.075888
ACACCTTACTACTTGC-1,0.052019,0.016064,0.930521,0.000025,0.00137
ACACGAGACTCCTTCT-1,0.315937,0.000642,0.611434,0.060879,0.011108
ACACGGCACTATGCAT-1,0.101279,0.050077,0.57325,0.040538,0.234856
ACACGGGAACTTAGGG-1,0.195175,0.080927,0.686785,0.03704,0.000072
ACACGTAGGCCACAAG-1,0.836814,0.00154,0.153202,0.000007,0.008437
ACACTCCAATGTCACT-1,0.682922,0.059165,0.253459,0.004443,0.000012
ACACTGATCAAGGTGT-1,0.002619,0.000019,0.537061,0.460283,0.000019
ACACTGGGACAGTCGT-1,0.210132,0.153803,0.63578,0.000143,0.000143
ACAGAACTGAGAACAA-1,0.395465,0.034084,0.567182,0.003246,0.000022
ACAGATTAGGTTAGTG-1,0.48131,0.10679,0.408202,0.000418,0.00328
ACAGCATAGAGCCAGT-1,0.069116,0.025201,0.898694,0.003185,0.003804
ACAGCGACATTCTCAT-1,0.21015,0.026509,0.602772,0.00003,0.160538
ACAGGAGGCGCAGCCG-1,0.017398,0.960857,0.013047,0.004349,0.004349
ACAGGCTTGCCCGACT-1,0.087023,0.018461,0.894413,0.000051,0.000051
ACAGGTGGAGGTGAGG-1,0.060911,0.000035,0.938982,0.000035,0.000035
ACAGGTGTGTTGTTGC-1,0.888661,0.109814,0.000915,0.000305,0.000305
ACAGTAATACAACTTG-1,0.000136,0.024132,0.946966,0.028732,0.000034
ACAGTATACCGTGGGA-1,0.881888,0.021689,0.084851,0.010176,0.001396
ACATAAGTCGTGGTGA-1,0.330653,0.078128,0.478636,0.098271,0.014311
ACATAATAAGGCGGTG-1,0.011346,0.095504,0.763195,0.043606,0.086348
ACATCAGCTGGGACGC-1,0.207872,0.047039,0.723147,0.015121,0.006822
ACATCCTGGTAACTGT-1,0.399005,0.08991,0.493573,0.000027,0.017485
ACATCGGTCAGCCGCG-1,0.003942,0.058457,0.937501,0.00005,0.00005
ACATCGTATGCAATGG-1,0.166275,0.066191,0.707116,0.047416,0.013001
ACATCGTTAACCTAGT-1,0.090948,0.023804,0.43373,0.040761,0.410758
ACATCTCAACGCGTAA-1,0.163727,0.084966,0.40882,0.014975,0.327513
ACATGGCGCCAAAGTA-1,0.161693,0.000017,0.470218,0.000017,0.368056
ACATGGCTCAATTTAG-1,0.000183,0.32464,0.675086,0.000046,0.000046
ACCAAACACCCAGCGA-1,0.121246,0.03232,0.826113,0.017652,0.002669
ACCAAACTAGAAATCC-1,0.394106,0.135137,0.438224,0.032503,0.00003
ACCAACACCACACACT-1,0.147546,0.226739,0.539629,0.004769,0.081316
ACCAACCGCACTCCAC-1,0.161256,0.000493,0.789943,0.047816,0.000493
ACCAAGAACGCGTGTC-1,0.160773,0.279815,0.520316,0.000033,0.039063
ACCAAGTCATCGGCAG-1,0.006251,0.586908,0.406034,0.000403,0.000403
ACCACAAGTTTCTATC-1,0.798303,0.056322,0.138795,0.000016,0.006564
ACCACCAATGTAACAA-1,0.340798,0.009846,0.628261,0.015416,0.005679
ACCACCCTCTCTTCTA-1,0.055298,0.066765,0.876672,0.000035,0.00123
ACCACTGTTCAAGAAG-1,0.000249,0.230695,0.768932,0.000062,0.000062
ACCAGACCATAACAAC-1,0.229468,0.140179,0.398406,0.015207,0.216741
ACCAGCCCGGTCTTTG-1,0.030857,0.104958,0.450411,0.014763,0.39901
ACCAGGAGTGTGATCT-1,0.001688,0.68444,0.313028,0.000422,0.000422
ACCAGTGCCCGGTCAA-1,0.184861,0.00164,0.604697,0.123398,0.085404
ACCAGTGCGGGAGACG-1,0.243667,0.059937,0.695212,0.000028,0.001156
ACCATATCCGCAATAA-1,0.142653,0.018471,0.742144,0.039333,0.057399
ACCATCCGCCAACTAG-1,0.649489,0.029045,0.274184,0.000024,0.047258
ACCATCGTATATGGTA-1,0.285534,0.057112,0.643999,0.000033,0.013322
ACCATTAAGGGTGTCA-1,0.531848,0.144669,0.289651,0.000016,0.033816
ACCCAACGCCCGTGGC-1,0.013701,0.178413,0.710177,0.097499,0.000209
ACCCACCTACATGCTC-1,0.843665,0.004117,0.145651,0.002386,0.004182
ACCCATCTTGAGGGTA-1,0.281027,0.177981,0.536339,0.002476,0.002178
ACCCATTTGTCCCTCT-1,0.960115,0.017527,0.01684,0.005512,0.000005
ACCCGAGCGAAATTAC-1,0.298086,0.047718,0.64853,0.001478,0.004188
ACCCGGAGCACCACAA-1,0.165135,0.32851,0.505974,0.00019,0.00019
ACCCGGATGACGCATC-1,0.507844,0.026739,0.385888,0.00002,0.07951
ACCCGGTTACACTTCC-1,0.193646,0.061059,0.703319,0.000036,0.041939
ACCCGTAGTCTAGTTG-1,0.000239,0.328404,0.671237,0.00006,0.00006
ACCCTATAGGACTGAG-1,0.817077,0.054717,0.120222,0.007975,0.000009
ACCCTATGCCATATCG-1,0.000049,0.029908,0.22538,0.736472,0.008192
ACCCTCCCTTGCTATT-1,0.000159,0.00004,0.806575,0.00004,0.193187
ACCCTGGTAACGCCCT-1,0.222167,0.025286,0.65372,0.002979,0.095849
ACCCTTCATCTGCGAA-1,0.155814,0.050774,0.740432,0.000029,0.052951
ACCCTTGCCTGGGTCG-1,0.055229,0.043606,0.825627,0.067259,0.008279
ACCCTTTAGTTCTCCA-1,0.100797,0.072992,0.454588,0.101388,0.270234
ACCGAAAGGGCCCTGC-1,0.430522,0.072078,0.439411,0.000044,0.057944
ACCGAAGAGTCTGGTT-1,0.260426,0.187371,0.507661,0.044339,0.000202
ACCGACTGAGTCCCAC-1,0.024704,0.000032,0.71716,0.182662,0.075442
ACCGATAGGCATAACC-1,0.53769,0.449474,0.000209,0.009831,0.002796
ACCGATATTTAATCAT-1,0.999913,0.000014,0.000043,0.000014,0.000014
ACCGATGGTAGCATCG-1,0.681122,0.014163,0.258511,0.017526,0.028677
ACCGCGGTGGAAGTCG-1,0.130913,0.023488,0.845435,0.000082,0.000082
ACCGGGCCTTTGTTGA-1,0.050237,0.019942,0.793838,0.135901,0.000082
ACCGGTCAGGTACACC-1,0.111782,0.023332,0.800072,0.042794,0.02202
ACCGTCCACTGGGCCC-1,0.226493,0.001948,0.617229,0.031332,0.122997
ACCGTTCCCGCTCTGA-1,0.156432,0.054523,0.546308,0.005176,0.237561
ACCTAAGTACCTTTCA-1,0.122328,0.030719,0.410162,0.43677,0.00002
ACCTAATCGACTTCCT-1,0.191311,0.108295,0.696733,0.00002,0.003641
ACCTACAGTATGTGGT-1,0.417758,0.079698,0.484691,0.012501,0.005352
ACCTCCGCCCTCGCTG-1,0.289919,0.010126,0.494078,0.003564,0.202313
ACCTCCGTTATTCACC-1,0.262289,0.07104,0.629789,0.01131,0.025572
ACCTCGAACTTATGCT-1,0.324056,0.128079,0.427226,0.033011,0.087628
ACCTGCGTGTCATGTT-1,0.35176,0.260046,0.321105,0.010556,0.056533
ACCTTTCCTTTAGAAG-1,0.028669,0.694262,0.174007,0.081998,0.021063
ACGAAATGGGCGGCAC-1,0.201102,0.029204,0.767967,0.001713,0.000014
ACGACCCATGAGTTGC-1,0.38971,0.592233,0.017771,0.000143,0.000143
ACGAGAACCCATCACG-1,0.040363,0.366616,0.59295,0.000036,0.000036
ACGAGGATACCACTCT-1,0.252265,0.0399,0.681673,0.0111,0.015062
ACGAGGTTTACAACGT-1,0.003151,0.176881,0.818393,0.000788,0.000788
ACGAGTACGGATGCCC-1,0.356166,0.040192,0.603576,0.000033,0.000033
ACGAGTCGCCGGCGTT-1,0.045833,0.669394,0.284707,0.000033,0.000033
ACGATACCTATCCTGA-1,0.635814,0.236369,0.113077,0.000621,0.014119
ACGATCATACATAGAG-1,0.034977,0.005915,0.936774,0.004945,0.017388
ACGATCATCTTGTAAA-1,0.404648,0.004772,0.493578,0.066846,0.030156
ACGATGCATATGTTAT-1,0.182761,0.128862,0.687302,0.000023,0.001052
ACGATGGATCCGATGC-1,0.071629,0.000148,0.398462,0.002697,0.527064
ACGCAATCACTACAGC-1,0.100428,0.012199,0.839931,0.00005,0.047392
ACGCATAAATGACATG-1,0.369578,0.014778,0.599903,0.004736,0.011005
ACGCATACGTTTACTA-1,0.250267,0.232749,0.507591,0.000023,0.00937
ACGCATTCGTGAGTAC-1,0.146238,0.011754,0.723366,0.05923,0.059411
ACGCCAGATGATTTCT-1,0.000116,0.075562,0.851169,0.026357,0.046797
ACGCCAGTGCGTTTGC-1,0.009595,0.545263,0.444845,0.000148,0.000148
ACGCCCAGCTGTCGAT-1,0.66004,0.142801,0.171317,0.025803,0.000039
ACGCCGCTAGACGACC-1,0.000158,0.00004,0.216234,0.126899,0.656669
ACGCCTGACACGCGCT-1,0.020007,0.954986,0.015005,0.005001,0.005001
ACGCGCTACACAGGGT-1,0.642543,0.153217,0.180496,0.016007,0.007737
ACGCGGGCCAAGGACA-1,0.168915,0.001226,0.745865,0.065136,0.018858
ACGCGTTTCTTAAGAG-1,0.000081,0.210937,0.788941,0.00002,0.00002
ACGCTACTGAATGGGC-1,0.167124,0.293283,0.53925,0.000172,0.000172
ACGCTAGTATCAGTGC-1,0.357218,0.056331,0.513516,0.007548,0.065388
ACGCTAGTGATACACT-1,0.16617,0.03799,0.795758,0.000041,0.000041
ACGCTGTGAGGCGTAG-1,0.121065,0.270635,0.608003,0.000149,0.000149
ACGCTTAGTGTCTCTC-1,0.055024,0.055721,0.756718,0.013041,0.119496
ACGGAACACGAGTGCC-1,0.301583,0.151104,0.544903,0.001205,0.001205
ACGGAATTTAGCAAAT-1,0.167052,0.355378,0.45031,0.013472,0.013788
ACGGAGCGCAAATTAC-1,0.070717,0.006087,0.66064,0.000041,0.262515
ACGGCGGGTTGCCCTG-1,0.000433,0.534108,0.465242,0.000108,0.000108
ACGGCTGGATGTAGAA-1,0.408788,0.04632,0.419396,0.034653,0.090843
ACGGGAGTGTCGGCCC-1,0.485098,0.060383,0.44901,0.000017,0.005492
ACGGGCGTATGCGACA-1,0.087867,0.28759,0.624482,0.00003,0.00003
ACGGGTCATGTGACTT-1,0.597986,0.109084,0.220986,0.001742,0.070202
ACGGGTTGTGACCTGT-1,0.121682,0.019996,0.738871,0.116971,0.00248
ACGTACAGATTTCTCT-1,0.16656,0.093251,0.695884,0.001901,0.042404
ACGTAGATTGCTGATG-1,0.132382,0.011595,0.377774,0.113087,0.365162
ACGTATTACTCCGATC-1,0.24001,0.141312,0.617795,0.000221,0.000663
ACGTCCTAAACGAGAT-1,0.430664,0.449411,0.064657,0.055114,0.000155
ACGTCGGGCAACTCGG-1,0.927805,0.001557,0.065576,0.005059,0.000003
ACGTCTCGTTCCGGGA-1,0.324947,0.063318,0.580367,0.000987,0.030381
ACGTGACAAAGTAAGT-1,0.033318,0.112761,0.806487,0.01183,0.035604
ACGTGCGCCTCGTGCA-1,0.038671,0.07209,0.882243,0.000053,0.006943
ACGTGGTCGAATGTGC-1,0.064444,0.000037,0.034715,0.012983,0.887822
ACGTTAATGTCGAAGA-1,0.089544,0.002248,0.759858,0.054805,0.093545
ACGTTAGATTTGCCCG-1,0.458162,0.000517,0.529809,0.000024,0.011487
ACGTTATTGGTCACTC-1,0.990584,0.002308,0.00709,0.000009,0.000009
ACGTTCCGCGCTCCGT-1,0.627524,0.104498,0.235653,0.001556,0.030769
ACGTTCGCAATCAATT-1,0.142461,0.057086,0.746246,0.000022,0.054186
ACGTTTAGTTGTGATC-1,0.106181,0.020391,0.743504,0.074168,0.055756
ACGTTTCGGTGCACTT-1,0.022228,0.696027,0.281344,0.0002,0.0002
ACTAAGGACGCACACC-1,0.455018,0.067783,0.438627,0.007033,0.031539
ACTAATACGTCAGGCG-1,0.152945,0.02587,0.758453,0.005156,0.057576
ACTACATCCCGACAAG-1,0.862065,0.014476,0.093179,0.025592,0.004689
ACTACCAGCTCTCTGG-1,0.184178,0.056633,0.759068,0.000099,0.000021
ACTAGTTGCGATCGTC-1,0.264629,0.085081,0.626958,0.01659,0.006742
ACTATATGCTGTGTTC-1,0.108196,0.074808,0.68031,0.034942,0.101744
ACTATCCAGGGCATGG-1,0.068242,0.280594,0.647146,0.000028,0.003991
ACTATCGCCGGCTAAA-1,0.273467,0.37133,0.355156,0.000023,0.000023
ACTATCTGCCCGCGTA-1,0.309358,0.00653,0.683935,0.000159,0.000018
ACTATTCGTCCGTGGT-1,0.287219,0.386447,0.123633,0.064843,0.137858
ACTCAACGAATGTATT-1,0.000276,0.217268,0.782318,0.000069,0.000069
ACTCAATAAAGGCACG-1,0.000089,0.452897,0.401605,0.090779,0.05463
ACTCAGACCTGCTTCT-1,0.119277,0.329117,0.551473,0.000066,0.000066
ACTCCAATATCATCAT-1,0.307427,0.000029,0.558785,0.109743,0.024016
ACTCCCATTCCTAAAG-1,0.162022,0.094398,0.725883,0.0027,0.014998
ACTCCCGAATTCGTTT-1,0.037498,0.000077,0.868598,0.000077,0.093749
ACTCCCGTAGACTAGG-1,0.387385,0.059729,0.524747,0.018536,0.009604
ACTCGATGTATTTCAT-1,0.081392,0.361798,0.556747,0.000031,0.000031
ACTCGCCGTTCGATAA-1,0.045339,0.55461,0.366545,0.000079,0.033427
ACTCGCGATCTGACGC-1,0.317224,0.086078,0.594611,0.000017,0.00207
ACTCGTAACCCGTCCT-1,0.366757,0.033289,0.547028,0.000023,0.052903
ACTCTAAACCTGGGAT-1,0.995213,0.001087,0.003694,0.000003,0.000003
ACTCTTCAGCTCCCGC-1,0.197839,0.004077,0.311884,0.000978,0.485222
ACTCTTGTATAGTAAC-1,0.090146,0.008977,0.900815,0.000031,0.000031
ACTGAAACGCCGTTAG-1,0.259102,0.116815,0.552974,0.000033,0.071075
ACTGAATGGCGAAAGT-1,0.000123,0.564709,0.294065,0.137459,0.003645
ACTGATTTAGTGATTC-1,0.411411,0.012347,0.330337,0.028064,0.217842
ACTGCCGTCGTAACTC-1,0.091407,0.006395,0.660879,0.105674,0.135645
ACTGCGGACACACCGT-1,0.531429,0.009997,0.426914,0.021136,0.010524
ACTGCTCGGAAGGATG-1,0.072937,0.000114,0.926721,0.000114,0.000114
ACTGGCGAACCTGCGT-1,0.464018,0.06434,0.422488,0.017895,0.031259
ACTGTAGCACTTTGGA-1,0.170824,0.073697,0.719655,0.015665,0.020159
ACTGTATACGCGAGCA-1,0.053555,0.147749,0.798589,0.000054,0.000054
ACTGTCCAGGATTATA-1,0.182835,0.019899,0.797168,0.000049,0.000049
ACTGTCTTCTTTAGAA-1,0.018813,0.014173,0.76583,0.100556,0.100629
ACTGTGCTAGTAGATC-1,0.093446,0.378057,0.528356,0.00007,0.00007
ACTGTTTAGTGTAGGC-1,0.007155,0.397948,0.594555,0.000171,0.000171
ACTTACCGGGCGCGCA-1,0.03857,0.127825,0.748176,0.036302,0.049126
ACTTAGTACGACAAGA-1,0.990099,0.002967,0.004106,0.002821,0.000007
ACTTATACTTACCCGG-1,0.077658,0.058413,0.830231,0.033658,0.000039
ACTTATCTGATCTATA-1,0.619419,0.368077,0.007502,0.002501,0.002501
ACTTATTAGGATCGGT-1,0.06649,0.040444,0.880523,0.012495,0.000048
ACTTATTTATGTGCCA-1,0.000144,0.000036,0.747273,0.020025,0.232523
ACTTCCAGTGGAAGCT-1,0.026557,0.021245,0.932448,0.000016,0.019734
ACTTCCTGTCGTGCGA-1,0.225927,0.141346,0.613165,0.014613,0.004949
ACTTCGCCATACGCAC-1,0.699965,0.131317,0.14542,0.012772,0.010526
ACTTCGCTAGCGAGTG-1,0.121246,0.177124,0.590864,0.023116,0.087651
ACTTGACTCCCTCTTT-1,0.073421,0.002001,0.270859,0.64023,0.013488
ACTTGCCATATTGTAC-1,0.053616,0.555315,0.287585,0.005837,0.097646
ACTTGCTCTATCTACC-1,0.702213,0.003183,0.28741,0.007187,0.000007
ACTTGGGACCCGGTGG-1,0.103164,0.009079,0.887692,0.000032,0.000032
ACTTGTAGTCCCTTCA-1,0.320661,0.002413,0.204928,0.000755,0.471243
ACTTGTGGATGGAACG-1,0.177749,0.022741,0.655835,0.008048,0.135627
ACTTTACCCTCATGAA-1,0.0107,0.039783,0.313574,0.00003,0.635913
ACTTTCCTATAGCTTC-1,0.192156,0.187461,0.585078,0.01793,0.017376
ACTTTGACTGCATCCT-1,0.629118,0.017031,0.339514,0.005177,0.009159
ACTTTGGTCGTGCTCC-1,0.386829,0.046257,0.470882,0.038078,0.057954
ACTTTGTCGACGCACT-1,0.48614,0.086821,0.426952,0.000044,0.000044
AGAAATTATGACTCGC-1,0.999977,0.000004,0.000012,0.000004,0.000004
AGAACCCAGCGTGACA-1,0.134791,0.014585,0.84412,0.006484,0.00002
AGAACCCTCAATTGGG-1,0.184708,0.032962,0.634276,0.084031,0.064023
AGAACGTGGTACATTC-1,0.002342,0.041573,0.875247,0.076987,0.003851
AGAAGAGCGCCGTTCC-1,0.001389,0.000347,0.997569,0.000347,0.000347
AGAAGGTACACTTCAC-1,0.017126,0.018367,0.803728,0.103412,0.057367
AGAAGGTTGCCGAATT-1,0.225647,0.100196,0.66055,0.000031,0.013576
AGAAGTGATTCGTGAT-1,0.57871,0.060365,0.292748,0.00002,0.068157
AGAATAAATCTTCAGG-1,0.249096,0.106001,0.644245,0.000047,0.000612
AGAATGCGGGTTCGGA-1,0.602638,0.00436,0.289291,0.046096,0.057615
AGAATTATGGATTCGA-1,0.226045,0.066455,0.707439,0.00003,0.00003
AGAATTGTTTGACATA-1,0.605238,0.128647,0.254983,0.005529,0.005602
AGACAGCTCAGAATCC-1,0.209096,0.039023,0.665032,0.000113,0.086735
AGACAGGCATCTCAGC-1,0.999871,0.000021,0.000064,0.000021,0.000021
AGACATAGATCCTTCC-1,0.080195,0.557885,0.356772,0.000052,0.005096
AGACCAAACCACACCT-1,0.125944,0.001177,0.443573,0.057087,0.372219
AGACCATGGGATACAA-1,0.893391,0.00001,0.092345,0.01349,0.000764
AGACCCGCCCTCCTCG-1,0.282395,0.02294,0.691339,0.000029,0.003297
AGACCGCTCCGCGGTT-1,0.524708,0.007988,0.4427,0.01197,0.012633
AGACCGGGAAACCCTG-1,0.026835,0.282278,0.688505,0.000019,0.002363
AGACGAAGTGCCGGTC-1,0.051649,0.000024,0.52005,0.00392,0.424358
AGACGACGATGCCGCT-1,0.217451,0.054311,0.720026,0.000027,0.008186
AGACGCCCACTTCGCC-1,0.24095,0.196079,0.562699,0.000136,0.000136
AGACGGGATTGGTATA-1,0.127666,0.002881,0.670834,0.000116,0.198502
AGACGGGCCGATTTAA-1,0.187203,0.018938,0.736344,0.003682,0.053832
AGACTAGCCTTCCAGA-1,0.166233,0.12441,0.70905,0.000027,0.00028
AGAGAACCGTCTAGGA-1,0.081957,0.026965,0.874497,0.000042,0.01654
AGAGAAGGAGTACAAT-1,0.11393,0.000613,0.542503,0.182172,0.160783
AGAGATCTCTAAAGCG-1,0.019245,0.052031,0.891696,0.001384,0.035644
AGAGCAGTTATGAGAC-1,0.32875,0.090926,0.579549,0.000016,0.000758
AGAGCCGCCGAGATTT-1,0.849323,0.000007,0.117126,0.031143,0.002401
AGAGCGCTTGTAACGG-1,0.171482,0.001974,0.638638,0.00006,0.187845
AGAGCGGGCTAATCAT-1,0.080521,0.070143,0.84118,0.008091,0.000065
AGAGCGTACAAGCTCG-1,0.502464,0.032678,0.464836,0.000011,0.000011
AGAGCTACGAAAGCAT-1,0.062269,0.365638,0.572026,0.000033,0.000033
AGAGGCTTCGGAAACC-1,0.213984,0.044413,0.726633,0.012962,0.002007
AGAGGGACAATTGTCC-1,0.364613,0.004886,0.481168,0.112662,0.036672
AGAGGTATCTCGGTCC-1,0.379696,0.230558,0.38919,0.000278,0.000278
AGAGTAAACTTCACTA-1,0.093184,0.038539,0.847787,0.003766,0.016723
AGAGTATAGTGTTACG-1,0.215655,0.069441,0.713961,0.000026,0.000918
AGAGTGAACAGACACC-1,0.880664,0.012513,0.048428,0.057894,0.000501
AGAGTTAGAGACCGAT-1,0.04039,0.054443,0.373349,0.031189,0.500629
AGAGTTGCAGGCCTCC-1,0.940583,0.00118,0.006731,0.004344,0.047161
AGATAACTTCAGGGCC-1,0.207884,0.02716,0.764095,0.00002,0.00084
AGATACCAATAGAACC-1,0.529069,0.362909,0.107661,0.000181,0.000181
AGATACCAGCACTTCA-1,0.968929,0.017141,0.013787,0.000131,0.000012
AGATACCGGTGTTCAC-1,0.12993,0.051394,0.733987,0.000044,0.084645
AGATACGACTTCATAT-1,0.41141,0.00001,0.002346,0.000292,0.585942
AGATACTCAAGATCGA-1,0.028337,0.000051,0.835722,0.073579,0.062311
AGATCGTGCATAAGAT-1,0.085393,0.026621,0.851153,0.036796,0.000038
AGATCTCAGGTGTGAT-1,0.00214,0.076954,0.831943,0.024553,0.06441
AGATGACTCGCCCACG-1,0.162855,0.028632,0.768869,0.000045,0.0396
AGATGAGGGTTGCGAT-1,0.00018,0.004995,0.530767,0.404248,0.05981
AGATGATGGAGTCTGG-1,0.056062,0.565561,0.352747,0.000035,0.025595
AGATGCAAGACGTGCA-1,0.918075,0.014342,0.047382,0.005343,0.014858
AGATGCATCCTGTGTC-1,0.044526,0.069771,0.88553,0.000086,0.000086
AGATGCTATAACGAGC-1,0.019939,0.297913,0.682054,0.000047,0.000047
AGATTATAGGACGTTT-1,0.125911,0.117636,0.754966,0.000049,0.001438
AGATTCACAACCGATA-1,0.374526,0.004594,0.603762,0.009639,0.007478
AGCAACATATCTTATT-1,0.137158,0.025776,0.826582,0.00003,0.010454
AGCAACCGAAAGTAAT-1,0.328156,0.066188,0.605617,0.00002,0.00002
AGCACCAGTACTCACG-1,0.06161,0.003403,0.859313,0.054275,0.021399
AGCACTACCGGCCTGT-1,0.16461,0.079285,0.75606,0.000022,0.000022
AGCACTTAAGGACGCC-1,0.141706,0.048375,0.801599,0.000019,0.008301
AGCATATCAATATGCT-1,0.076971,0.062141,0.836923,0.014103,0.009862
AGCATCATTTCGAAAG-1,0.305133,0.056623,0.613174,0.002653,0.022417
AGCATCGTCGATAATT-1,0.307521,0.105293,0.553181,0.003591,0.030414
AGCATTACGAGGCAAG-1,0.088531,0.888844,0.00672,0.000071,0.015833
AGCCCATACATGTAAG-1,0.667654,0.041711,0.290607,0.000014,0.000014
AGCCCGCACTACAATG-1,0.17528,0.583486,0.16111,0.000637,0.079487
AGCCCTAAGCGAAGTT-1,0.020024,0.019633,0.92236,0.000044,0.037938
AGCCCTGTCGCACCGT-1,0.973416,0.016228,0.008176,0.002175,0.000006
AGCCCTTCTAATCCGA-1,0.324551,0.025841,0.643904,0.005665,0.000038
AGCCCTTGGACATCCC-1,0.639429,0.052307,0.285986,0.00157,0.020708
AGCCGCAAATTCAAAT-1,0.097645,0.160624,0.733237,0.008232,0.000262
AGCCGCTTGATTAGCG-1,0.086926,0.374473,0.538515,0.000043,0.000043
AGCCGTGGCTAAATGT-1,0.395794,0.050421,0.536397,0.003075,0.014313
AGCCTAATACCCACGT-1,0.132568,0.018561,0.818036,0.01146,0.019374
AGCCTTAAAGCGGAAG-1,0.424915,0.157472,0.417479,0.000067,0.000067
AGCCTTGTCACTGATA-1,0.245608,0.057854,0.550261,0.052791,0.093486
AGCGACAGGAACGGTC-1,0.072945,0.096926,0.827223,0.002876,0.00003
AGCGACATCCCATTCA-1,0.315124,0.020098,0.653735,0.004153,0.00689
AGCGACCAACGATATT-1,0.113068,0.005364,0.875965,0.004678,0.000925
AGCGATGCGCCTAATA-1,0.298452,0.248675,0.452685,0.000094,0.000094
AGCGCGGGTGCCAATG-1,0.000148,0.075416,0.916279,0.007837,0.00032
AGCGCTAGAGCGATGT-1,0.383839,0.052005,0.481116,0.027216,0.055825
AGCGCTTATGGGCAAG-1,0.121753,0.128139,0.682012,0.014076,0.05402
AGCGGCGGTTAGCGGT-1,0.047664,0.051846,0.889675,0.004643,0.006172
AGCGGGAAGGGTCCAT-1,0.622975,0.076501,0.292877,0.000019,0.007629
AGCGGTTGCCGCTCTG-1,0.208399,0.238016,0.41818,0.007109,0.128297
AGCGTACGAGAGCTAG-1,0.269661,0.658837,0.04539,0.007783,0.018328
AGCGTAGCGCTAGACC-1,0.000767,0.937504,0.000119,0.000039,0.061571
AGCGTCTGAACCCGCA-1,0.000217,0.28497,0.714705,0.000054,0.000054
AGCTAACAAGCAATGT-1,0.141456,0.012949,0.493989,0.30914,0.042466
AGCTACGAATGGTGGT-1,0.008575,0.818812,0.14657,0.025949,0.000094
AGCTAGAAGCAGAAGT-1,0.327537,0.143328,0.459804,0.008854,0.060476
AGCTATTTAATCCAAC-1,0.000075,0.041019,0.551332,0.043227,0.364348
AGCTCCATATATGTTC-1,0.525468,0.149132,0.299814,0.004256,0.021329
AGCTCCTTCGCACATC-1,0.081266,0.052268,0.837148,0.029261,0.000057
AGCTCGTTGATGGAAA-1,0.249413,0.136246,0.464538,0.085457,0.064346
AGCTCTAGACGTTCCA-1,0.185727,0.051106,0.389124,0.022034,0.352009
AGCTCTTCCCAGTGCA-1,0.000062,0.01871,0.000046,0.981166,0.000015
AGCTCTTCGTAACCTT-1,0.339093,0.343148,0.308752,0.003209,0.005798
AGCTCTTTACTCAGTT-1,0.124655,0.119465,0.755771,0.000054,0.000054
AGCTGAAGTAAACCAA-1,0.130885,0.025474,0.549155,0.182494,0.111992
AGCTGTAACCTCAATC-1,0.727099,0.00002,0.267797,0.00002,0.005064
AGCTTATAGAGACCTG-1,0.141518,0.483295,0.37506,0.000063,0.000063
AGCTTCAATACTTTGA-1,0.122325,0.532641,0.328594,0.011899,0.004541
AGCTTCTTCTCGAGCA-1,0.001429,0.171176,0.82668,0.000357,0.000357
AGCTTGATCTTAACTT-1,0.066689,0.006085,0.863751,0.000022,0.063453
AGGAAAGCCTCTGATG-1,0.000127,0.999714,0.000095,0.000032,0.000032
AGGAACGAACGACTTC-1,0.02,0.979724,0.000166,0.000055,0.000055
AGGACAGTCGAATCCC-1,0.054571,0.018624,0.926675,0.000065,0.000065
AGGACATCGCACGTCG-1,0.378928,0.0626,0.528543,0.014009,0.01592
AGGACATCGGCACACT-1,0.000163,0.976245,0.02351,0.000041,0.000041
AGGACGACCCATTAGA-1,0.186469,0.533651,0.278173,0.000031,0.001676
AGGACGCTCGATGTTG-1,0.038913,0.00005,0.921133,0.035371,0.004533
AGGACTTATAGGAGAA-1,0.33893,0.199208,0.461804,0.000029,0.000029
AGGAGACATCCACAGT-1,0.161907,0.004734,0.780683,0.047868,0.004809
AGGAGAGTCTGGCTAC-1,0.071821,0.0326,0.856868,0.006586,0.032125
AGGAGGCCTTCGCGCG-1,0.257297,0.076395,0.608618,0.000019,0.057671
AGGATATAGGGATTTA-1,0.257213,0.040835,0.69137,0.000037,0.010545
AGGATCACGCGATCTG-1,0.129257,0.13536,0.709641,0.000109,0.025632
AGGATTGCTTACGACA-1,0.450437,0.066822,0.464629,0.000014,0.018098
AGGCAAAGAGGAATCA-1,0.000023,0.340697,0.000017,0.000006,0.659257
AGGCAATACGGAGGAC-1,0.451389,0.136701,0.296522,0.002565,0.112824
AGGCACGTGACTGTCC-1,0.335513,0.082586,0.568553,0.011902,0.001446
AGGCAGATGCGTAAAC-1,0.000744,0.045665,0.92997,0.023594,0.000027
AGGCATTGTCGTAGGG-1,0.431278,0.017642,0.544124,0.003539,0.003418
AGGCCACATTGGTTAC-1,0.258838,0.060369,0.604899,0.007698,0.068196
AGGCCACCCGTTATGA-1,0.168772,0.052196,0.778986,0.000023,0.000023
AGGCCCAGTGACTGGT-1,0.438304,0.244224,0.316179,0.000025,0.001268
AGGCCCATTGTACAGG-1,0.326793,0.010848,0.556271,0.000024,0.106064
AGGCCCTAGAACGCCA-1,0.10953,0.21256,0.665993,0.003221,0.008696
AGGCGATAACTGGCGT-1,0.589936,0.00546,0.404204,0.0002,0.0002
AGGCGGTTTGTCCCGC-1,0.300409,0.000026,0.379911,0.013135,0.306519
AGGCGTCTATGGACGG-1,0.420166,0.022628,0.557156,0.000025,0.000025
AGGCTATGGTTAGCTT-1,0.415053,0.04761,0.532873,0.00002,0.004444
AGGCTTCCCGAAGAAG-1,0.129978,0.00004,0.819614,0.039311,0.011057
AGGCTTGCTAGACACC-1,0.374525,0.019475,0.362081,0.002965,0.240955
AGGGAAACGAGGTACT-1,0.084342,0.17569,0.598744,0.095319,0.045906
AGGGACAGCACGGCGG-1,0.498367,0.209281,0.281592,0.000038,0.010723
AGGGACCGGCTGCGTT-1,0.381217,0.003088,0.614535,0.000146,0.001014
AGGGAGACATACTTCG-1,0.054908,0.413725,0.514838,0.000027,0.016501
AGGGCAGCGGCGTGGT-1,0.231626,0.031185,0.519518,0.024643,0.193029
AGGGCCCTAATGTTCT-1,0.345565,0.498734,0.155354,0.000279,0.000068
AGGGCGAGCAGCTGAT-1,0.038907,0.105477,0.85521,0.000023,0.000383
AGGGCGTGATCGGCTA-1,0.438684,0.043419,0.502699,0.000015,0.015184
AGGGCTGCAGTTACAG-1,0.039021,0.001307,0.437069,0.125562,0.397041
AGGGTCAGTAACCCTA-1,0.434497,0.026959,0.532676,0.005843,0.000025
AGGGTCGATGCGAACT-1,0.055692,0.041244,0.863619,0.000027,0.039419
AGGGTCTGGACGCAGT-1,0.00634,0.910287,0.002416,0.008581,0.072377
AGGGTGCTCTCGAGGG-1,0.071149,0.009374,0.916359,0.003073,0.000045
AGGGTGGATAGTGCAT-1,0.423063,0.020972,0.497525,0.000027,0.058412
AGGGTGTGCTACACGC-1,0.003564,0.06939,0.249193,0.479941,0.197912
AGGGTTCCCTTTGGTT-1,0.025067,0.000061,0.920848,0.053963,0.000061
AGGGTTTAGTTCGGGA-1,0.128448,0.000055,0.729487,0.092121,0.049889
AGGTAACCTCCTATTC-1,0.488245,0.095704,0.403797,0.00002,0.012234
AGGTACGATATTGCCA-1,0.072085,0.000031,0.475333,0.072879,0.379672
AGGTAGGTACAAAGCT-1,0.119154,0.017127,0.862557,0.000016,0.001146
AGGTATAATTGATAGT-1,0.23425,0.042874,0.717572,0.000026,0.005277
AGGTATGCGGACATTA-1,0.532275,0.008077,0.434797,0.000013,0.024838
AGGTCAGGTGAGAGTG-1,0.007255,0.011052,0.94909,0.000025,0.032578
