Barcode,Topic 1,Topic 2to3,Topic 4to6,Topic 7,Topic 8
AAACAACGAATAGTTC-1,0.000029,0.474066,0.218048,0.084092,0.223765
AAACAAGTATCTCCCA-1,0.000079,0.380242,0.273446,0.231841,0.114393
AAACAATCTACTAGCA-1,0.000159,0.217124,0.245298,0.00016,0.537259
AAACACCAATAACTGC-1,0.000178,0.038207,0.000534,0.075995,0.885086
AAACAGAGCGACTCCT-1,0.000177,0.000355,0.654059,0.000177,0.345232
AAACAGCTTTCAGAAG-1,0.00006,0.10736,0.297318,0.00006,0.595203
AAACAGGGTCTATATT-1,0.000051,0.00377,0.000155,0.780048,0.215976
AAACATGGTGAGAGGA-1,0.00007,0.000141,0.063951,0.39348,0.542358
AAACATTTCCCGGATT-1,0.000202,0.000405,0.397932,0.082402,0.51906
AAACCACTACACAGAT-1,0.000062,0.01197,0.097893,0.790164,0.099912
AAACCCGAACGAAATC-1,0.000231,0.038785,0.094768,0.000231,0.865984
AAACCGGAAATGTTAA-1,0.000086,0.289102,0.11823,0.227551,0.365031
AAACCGGGTAGGTACC-1,0.000011,0.461906,0.210747,0.327325,0.000011
AAACCGTTCGTCCAGG-1,0.000104,0.000208,0.186461,0.201425,0.611801
AAACCTCATGAAGTTG-1,0.00003,0.402033,0.488009,0.00003,0.109898
AAACGAAGATGGAGTA-1,0.000115,0.022254,0.000345,0.570832,0.406455
AAACGACAGTCTTGCC-1,0.000189,0.000378,0.000567,0.45305,0.545816
AAACGCCCGAGATCGG-1,0.000346,0.000694,0.001041,0.000347,0.997573
AAACGGGCGTACGGGT-1,0.000198,0.048165,0.439771,0.353265,0.158601
AAACGGGTTGGTATCC-1,0.000064,0.355191,0.458943,0.064954,0.120849
AAACGTGTTCGCCCTA-1,0.000052,0.118571,0.057951,0.506278,0.317149
AAACTAACGTGGCGAC-1,0.000146,0.000292,0.250589,0.330484,0.418489
AAACTCGTGATATAAG-1,0.000048,0.181919,0.445783,0.173246,0.199005
AAACTTAATTGCACGC-1,0.000152,0.000305,0.000458,0.000153,0.998933
AAACTTGCAAACGTAT-1,0.000298,0.000596,0.000894,0.000298,0.997913
AAAGAATGACCTTAGA-1,0.000076,0.000153,0.00023,0.543012,0.456528
AAAGAATGTGGACTAA-1,0.000062,0.236383,0.226448,0.067072,0.470035
AAAGACCCAAGTCGCG-1,0.000058,0.359505,0.360643,0.000058,0.279737
AAAGACTGGGCGCTTT-1,0.000099,0.237359,0.488791,0.086181,0.187569
AAAGCTTGCCTACATA-1,0.000134,0.302156,0.616301,0.000134,0.081275
AAAGGCCCTATAATAC-1,0.000062,0.024909,0.245894,0.27969,0.449445
AAAGGGCAGCTTGAAT-1,0.000061,0.393391,0.35216,0.000061,0.254327
AAAGGTAAGCTGTACC-1,0.000132,0.038559,0.197641,0.264254,0.499414
AAAGGTCAACGACATG-1,0.000068,0.031533,0.428819,0.136248,0.403333
AAAGTAGCATTGCTCA-1,0.000119,0.000238,0.176403,0.030777,0.792464
AAAGTCACTGATGTAA-1,0.000132,0.061451,0.494052,0.000133,0.444233
AAAGTCGACCCTCAGT-1,0.000031,0.000064,0.272505,0.528842,0.198558
AAAGTGTGATTTATCT-1,0.000135,0.12114,0.331432,0.104455,0.442838
AAAGTTGACTCCCGTA-1,0.00007,0.088961,0.464085,0.141435,0.305449
AAATAACCATACGGGA-1,0.000042,0.445439,0.481129,0.037061,0.036328
AAATAAGGTAGTGCCC-1,0.000042,0.246237,0.348442,0.010153,0.395126
AAATAGCTTAGACTTT-1,0.000539,0.00108,0.219178,0.246478,0.532725
AAATCACTCCTAAACG-1,0.000049,0.000098,0.001166,0.859697,0.138989
AAATCCGATACACGCC-1,0.000053,0.409211,0.374928,0.023934,0.191874
AAATCGCGGAAGGAGT-1,0.000105,0.00021,0.078722,0.000105,0.920858
AAATCTAGCCCTGCTA-1,0.000115,0.187826,0.273325,0.205785,0.332949
AAATGATTCGATCAGC-1,0.000068,0.19282,0.550037,0.031259,0.225816
AAATGCTCGTTACGTT-1,0.000121,0.000242,0.351523,0.052548,0.595567
AAATGGCCCGTGCCCT-1,0.000096,0.000192,0.000288,0.857412,0.142012
AAATGGTCAATGTGCC-1,0.000077,0.505883,0.294493,0.011744,0.187803
AAATGTATCTTATCCC-1,0.000043,0.000086,0.037132,0.376156,0.586584
AAATTAACGGGTAGCT-1,0.000068,0.329738,0.59612,0.000068,0.074007
AAATTAATAAGCGCGA-1,0.00003,0.000059,0.177908,0.492945,0.329058
AAATTACACGACTCTG-1,0.000029,0.106839,0.692623,0.035124,0.165385
AAATTACCTATCGATG-1,0.000065,0.31992,0.496869,0.135337,0.047809
AAATTCCAGGTCCAAA-1,0.000183,0.333496,0.351818,0.020418,0.294085
AAATTGATAGTCCTTT-1,0.0001,0.0002,0.287557,0.245702,0.46644
AAATTGCGGCGGTTCT-1,0.000579,0.001159,0.001739,0.00058,0.995943
AAATTGGTGAGAAGCA-1,0.000067,0.187628,0.19043,0.066579,0.555296
AAATTTGCGGGTGTGG-1,0.000181,0.000362,0.045985,0.000181,0.953291
AACAACTGGTAGTTGC-1,0.000022,0.828382,0.131176,0.001466,0.038954
AACAATACATTGTCGA-1,0.000106,0.229557,0.065789,0.000106,0.704441
AACAATTACTCTACGC-1,0.000034,0.56915,0.293605,0.057916,0.079295
AACACACGCTCGCCGC-1,0.000155,0.429783,0.371528,0.108374,0.090161
AACACGAGACGCGGCC-1,0.000112,0.000225,0.031687,0.252184,0.715792
AACACGCGGCCGCGAA-1,0.000089,0.18611,0.338459,0.000089,0.475253
AACAGCTGTGTGGCAA-1,0.000124,0.000248,0.083118,0.135378,0.781131
AACAGGATGGGCCGCG-1,0.000091,0.296429,0.159453,0.090788,0.45324
AACAGGTAGTATGGAT-1,0.000263,0.000526,0.230665,0.000263,0.768283
AACATATCAACTGGTG-1,0.00017,0.15934,0.579642,0.040875,0.219973
AACATCGATACGTCTA-1,0.00009,0.256448,0.59009,0.001669,0.151703
AACATTGAAGTTGATC-1,0.000101,0.151861,0.218704,0.112377,0.516957
AACATTGGTCAGCCGT-1,0.000893,0.001789,0.270075,0.149037,0.578206
AACCAAGACTTCTCTG-1,0.000038,0.504762,0.287915,0.000038,0.207248
AACCAGTATCACTCTT-1,0.000325,0.0468,0.384862,0.177508,0.390505
AACCATAGGGTTGAAC-1,0.000061,0.000121,0.070282,0.579242,0.350294
AACCATGGGATCGCTA-1,0.000066,0.286036,0.319442,0.000259,0.394196
AACCCAGAGACGGAGA-1,0.0001,0.141405,0.56591,0.0001,0.292485
AACCCATCCCATGATC-1,0.000123,0.000246,0.000369,0.413637,0.585626
AACCCGAGCAGAATCG-1,0.00004,0.955242,0.019495,0.025182,0.00004
AACCCGATAGGGCTTC-1,0.000309,0.00062,0.00093,0.247896,0.750245
AACCCTACTGTCAATA-1,0.000047,0.000275,0.813438,0.013656,0.172584
AACCGCTAAGGGATGC-1,0.000561,0.001123,0.552307,0.000562,0.445448
AACCTGTCACGGAATT-1,0.000268,0.057473,0.000804,0.178798,0.762657
AACCTTTACGACGTCT-1,0.000248,0.000497,0.774584,0.121948,0.102723
AACGAAAGTCGTCCCA-1,0.000149,0.000299,0.046269,0.173982,0.779302
AACGATAGAAGGGCCG-1,0.000055,0.354571,0.464087,0.000056,0.181231
AACGATATGTCAACTG-1,0.000008,0.788675,0.205363,0.003802,0.002151
AACGCATGATCTGGGT-1,0.00009,0.01414,0.98559,0.00009,0.00009
AACGCGAACGGCAACA-1,0.000107,0.761801,0.165579,0.000107,0.072406
AACGCTGTTGCTGAAA-1,0.000044,0.226427,0.405367,0.063565,0.304596
AACGGACGTACGTATA-1,0.000091,0.254127,0.389549,0.04965,0.306583
AACGGCCATCTCCGGT-1,0.000141,0.000284,0.313869,0.045566,0.64014
AACGTACTGTGGGTAC-1,0.000151,0.000302,0.302616,0.095049,0.601882
AACGTAGTCTACCCAT-1,0.000086,0.261723,0.322255,0.02696,0.388976
AACGTCAGACTAGTGG-1,0.000158,0.30389,0.135614,0.000159,0.560179
AACGTTATCAGCACCT-1,0.000246,0.000493,0.00074,0.495928,0.502594
AACTACCCGTTTGTCA-1,0.000118,0.000237,0.36451,0.207559,0.427576
AACTAGCGTATCGCAC-1,0.000103,0.000206,0.594502,0.036281,0.368908
AACTCAAGTTAATTGC-1,0.000035,0.58799,0.3866,0.009576,0.015801
AACTCCAGAGCGTGTT-1,0.000089,0.07131,0.531494,0.141336,0.255771
AACTCCTAATCCCATG-1,0.000061,0.133431,0.546775,0.015601,0.304132
AACTCGATAAACACGT-1,0.00015,0.275429,0.256353,0.000151,0.467917
AACTCGATGGCGCAGT-1,0.000073,0.358814,0.153642,0.038747,0.448723
AACTCTCAATAGAGCG-1,0.000054,0.367716,0.406497,0.019748,0.205985
AACTCTCAGTGTGCTC-1,0.000246,0.071106,0.015228,0.000247,0.913173
AACTGAGGTCAGCGTC-1,0.000644,0.001291,0.001936,0.000646,0.995482
AACTGAGTTATACTGA-1,0.000132,0.001328,0.280794,0.232211,0.485535
AACTGGTGTGGGCCTT-1,0.00003,0.774338,0.2118,0.000176,0.013656
AACTTCTGCGTCTATC-1,0.000083,0.931587,0.068164,0.000083,0.000083
AACTTGCCCGTATGCA-1,0.000259,0.00052,0.183508,0.403089,0.412624
AACTTGCGTTCTCGCG-1,0.000224,0.090292,0.00837,0.090163,0.810951
AACTTTACGGGAGCTT-1,0.000053,0.000106,0.000159,0.604445,0.395237
AACTTTAGCTGCTGAG-1,0.000075,0.333426,0.574727,0.000075,0.091696
AACTTTCTCGATCATG-1,0.000427,0.000855,0.201642,0.000427,0.796649
AAGAAATCACCAGATT-1,0.000312,0.000625,0.111963,0.000312,0.886788
AAGAAGGATCAGTTAG-1,0.000075,0.030455,0.124578,0.124124,0.720769
AAGACCAAATAACTCA-1,0.000085,0.00017,0.000256,0.42628,0.573209
AAGACTAACCCGTTGT-1,0.000237,0.126393,0.504659,0.000238,0.368473
AAGACTGCAAGCTACT-1,0.000017,0.77081,0.131721,0.000017,0.097434
AAGAGATGAATCGGTA-1,0.000081,0.194019,0.419016,0.000492,0.386392
AAGAGGATGTACGCGA-1,0.000035,0.277136,0.621918,0.068877,0.032035
AAGAGGCATGGATCGC-1,0.000087,0.458785,0.298162,0.01884,0.224126
AAGAGGCCCTTTGGAA-1,0.0001,0.13992,0.246529,0.136677,0.476774
AAGATGGCACCGGACC-1,0.000058,0.000696,0.419432,0.193346,0.386468
AAGATTGGCGGAACGT-1,0.000018,0.630426,0.355304,0.008918,0.005335
AAGCCGAAGCGGTTTA-1,0.000104,0.17884,0.318595,0.000105,0.502356
AAGCCGCCGTGAAATC-1,0.000039,0.01284,0.035936,0.85289,0.098295
AAGCCGCTTTACCTTG-1,0.0001,0.090819,0.3488,0.075368,0.484913
AAGCGGAGTGCGCGCA-1,0.000217,0.000436,0.000653,0.139166,0.859528
AAGCGGCGTCATGGGT-1,0.000473,0.000948,0.552627,0.000474,0.445477
AAGCGTCCCTCATCGA-1,0.000324,0.000649,0.065829,0.000324,0.932875
AAGGAGCGGTTGGTGC-1,0.000036,0.707462,0.243057,0.000036,0.04941
AAGGATCGATCGCTTG-1,0.000443,0.39898,0.001332,0.000444,0.5988
AAGGATGAGGGACCTC-1,0.000054,0.149498,0.685695,0.085167,0.079586
AAGGCAGGCTGTCTCC-1,0.000103,0.311334,0.174216,0.023736,0.49061
AAGGCGCGTAAAGCTT-1,0.000132,0.411994,0.168017,0.047745,0.372112
AAGGCTGTGCTCATCG-1,0.000117,0.228271,0.530433,0.000117,0.241061
AAGGGAACGACTGGCT-1,0.00004,0.000081,0.054786,0.690164,0.254929
AAGGGACAGATTCTGT-1,0.00003,0.376941,0.452407,0.158897,0.011726
AAGGGACTATGCATTC-1,0.000028,0.000057,0.023885,0.855002,0.121028
AAGGGTTTGATTTCAG-1,0.000382,0.000766,0.001149,0.000383,0.997321
AAGGTATCCTAATATA-1,0.000025,0.629395,0.326232,0.007085,0.037263
AAGGTGATAAACCAGC-1,0.000068,0.132906,0.533161,0.017228,0.316637
AAGTAAGCTTCCAAAC-1,0.000091,0.200774,0.424899,0.000091,0.374146
AAGTAGAAGACCGGGT-1,0.000072,0.001786,0.519204,0.016834,0.462103
AAGTAGTGACGCGAGG-1,0.000073,0.227827,0.39605,0.066151,0.309899
AAGTCAATTGTCGTCA-1,0.000198,0.032246,0.58716,0.000198,0.380198
AAGTCTAGTAGCTGCC-1,0.000521,0.001044,0.290175,0.000522,0.707739
AAGTCTTCTGTGGCCT-1,0.000225,0.000451,0.000677,0.121811,0.876836
AAGTGACGACCGAATT-1,0.000039,0.191861,0.598127,0.138402,0.071571
AAGTGCAAAGGTAGAC-1,0.000198,0.117767,0.000596,0.097768,0.78367
AAGTGCCTTGACTGTA-1,0.000021,0.999875,0.000063,0.000021,0.000021
AAGTGCGTTAGAATCT-1,0.000057,0.000113,0.303734,0.181952,0.514144
AAGTTCACTCCAAGCT-1,0.00085,0.853824,0.002556,0.000852,0.141918
AAGTTCAGTCTGCGTA-1,0.000052,0.236439,0.55769,0.027111,0.178708
AAGTTCGGCCAACAGG-1,0.000092,0.000183,0.078581,0.280368,0.640776
AAGTTGTGATGTTATA-1,0.000033,0.387027,0.343613,0.20204,0.067287
AATAACAACGCTCGGC-1,0.000006,0.999965,0.000017,0.000006,0.000006
AATAACACTAGAACAA-1,0.000166,0.000333,0.0005,0.000167,0.998833
AATAATCTTCGTATCG-1,0.000131,0.027972,0.357139,0.185341,0.429417
AATACAATGTTTCAGG-1,0.000046,0.338959,0.310045,0.213655,0.137296
AATAGAACAGAGTGGC-1,0.00053,0.001061,0.273302,0.00053,0.724576
AATAGAATCTGTTTCA-1,0.000127,0.213772,0.536103,0.208878,0.04112
AATAGCAAGCCTCCTG-1,0.000431,0.000864,0.001295,0.057882,0.939528
AATAGCTACCGCGTGC-1,0.000047,0.086486,0.663296,0.159315,0.090857
AATAGTCGCGAGTCGG-1,0.000148,0.000297,0.09129,0.467008,0.441257
AATATCAAGGTCGGAT-1,0.000039,0.98884,0.008485,0.002597,0.000039
AATATCCTAGCAAACT-1,0.000058,0.000115,0.213167,0.478861,0.307799
AATATCGAATCAATGC-1,0.000152,0.19998,0.056113,0.033388,0.710366
AATATCGAGGGTTCTC-1,0.000571,0.007358,0.656774,0.000572,0.334726
AATATTGGAGTATTGA-1,0.000267,0.096003,0.228102,0.000268,0.67536
AATCAGACTGCAGGAC-1,0.000314,0.000629,0.511871,0.000315,0.486871
AATCATGTAAAGACTC-1,0.000026,0.997728,0.002195,0.000026,0.000026
AATCCAAGGGCCTGAG-1,0.000107,0.082218,0.563121,0.000107,0.354447
AATCCATGCAAGGGTG-1,0.000177,0.597977,0.061541,0.083192,0.257113
AATCGCCTCAGCGCCA-1,0.000127,0.389835,0.275982,0.033345,0.300711
AATCGCGCAGAGGACT-1,0.000329,0.000659,0.146094,0.000329,0.852589
AATCTAGGTTTACTTG-1,0.000173,0.000347,0.00052,0.171851,0.827109
AATCTATGCCGGAGCC-1,0.000267,0.766851,0.071453,0.000267,0.161163
AATCTCTACTGTGGTT-1,0.000058,0.039269,0.284993,0.261759,0.413921
AATCTGCGTTGGGACG-1,0.000208,0.194523,0.592994,0.039947,0.172328
AATCTGGCTTTCTAGT-1,0.000115,0.00023,0.000346,0.654849,0.34446
AATCTGGGTAGACCCT-1,0.000109,0.285003,0.138846,0.047949,0.528093
AATGACAGCAATGTCT-1,0.000116,0.061499,0.141128,0.168214,0.629042
AATGACTGTCAGCCGG-1,0.000055,0.16916,0.535849,0.09125,0.203685
AATGAGTTCGCATATG-1,0.000205,0.000411,0.306082,0.000205,0.693098
AATGATGATACGCTAT-1,0.000048,0.363079,0.417157,0.091792,0.127923
AATGATGCGACTCCTG-1,0.000196,0.316611,0.606307,0.000197,0.076689
AATGCACCAAGCAATG-1,0.000174,0.055668,0.496824,0.021293,0.42604
AATGGCCGCCAATGCG-1,0.000321,0.000642,0.000963,0.000321,0.997753
AATGGTCCACCGTTCA-1,0.000061,0.283931,0.332474,0.097784,0.28575
AATGGTTCTCACAAGC-1,0.000248,0.449177,0.307525,0.000248,0.242801
AATGTATGGCACTGTA-1,0.000212,0.000425,0.000638,0.000213,0.998512
AATGTGCCCGAGGTGT-1,0.000128,0.030004,0.109372,0.119775,0.740721
AATGTTGTCGTGAGAC-1,0.000066,0.250284,0.151089,0.048087,0.550474
AATTAAAGGTCGGCGT-1,0.000031,0.662008,0.26903,0.008134,0.060796
AATTACGAGACCCATC-1,0.000074,0.000149,0.000223,0.631637,0.367917
AATTACTCGTACGCTC-1,0.000096,0.28719,0.165333,0.303254,0.244127
AATTCATAAGGGATCT-1,0.000047,0.754473,0.226697,0.018737,0.000047
AATTCATTGTCATGCA-1,0.000124,0.000247,0.000371,0.449283,0.549974
AATTCCAACTTGGTGA-1,0.000162,0.287584,0.253288,0.013949,0.445017
AATTGAACGCTCTGGT-1,0.000436,0.334016,0.530322,0.000436,0.13479
AATTGCAGCAATCGAC-1,0.000045,0.34932,0.431202,0.046059,0.173374
AATTGCGTGGATTACA-1,0.00005,0.000101,0.024148,0.819177,0.156524
AATTTGGGACATAGTA-1,0.000065,0.165286,0.487371,0.157766,0.189512
ACAAACCATGCGTCCT-1,0.000219,0.000438,0.000657,0.000219,0.998468
ACAAAGAAGGTAGGCC-1,0.000087,0.030487,0.065035,0.287796,0.616595
ACAAAGCATGACCTAG-1,0.000156,0.055329,0.465102,0.000157,0.479255
ACAAATCGCACCGAAT-1,0.000035,0.411045,0.550113,0.000035,0.038772
ACAAATGGTAGTGTTT-1,0.000123,0.228014,0.531586,0.121097,0.11918
ACAAATTCAGATCTGA-1,0.000266,0.000533,0.549938,0.111361,0.337902
ACAACGGTCCCTGCGA-1,0.000071,0.340966,0.401924,0.000071,0.256967
ACAAGCAGTGCCTAGC-1,0.000112,0.055152,0.156001,0.000112,0.788623
ACAAGCTATATGGAAG-1,0.000315,0.000631,0.000946,0.000315,0.997793
ACAAGGACAAGAGGTT-1,0.000031,0.971622,0.0143,0.014017,0.000031
ACAAGGATGCTTTAGG-1,0.000339,0.000679,0.261622,0.000339,0.737022
ACAAGGCCTACCAGCC-1,0.000239,0.050214,0.140841,0.210839,0.597868
ACAATAGTCGTACGTT-1,0.000091,0.000183,0.319722,0.000092,0.679912
ACAATCCATTTAAACC-1,0.000054,0.073551,0.414183,0.164398,0.347815
ACAATGAATACGGAGA-1,0.000139,0.000278,0.120197,0.031285,0.848101
ACAATGATTCTTCTAC-1,0.000059,0.092775,0.009165,0.483384,0.414616
ACAATTGTGTCTCTTT-1,0.000047,0.378292,0.208326,0.000047,0.413287
ACAATTTAGGAGGCTC-1,0.00006,0.000752,0.383509,0.210419,0.40526
ACAATTTGAGCAGTGG-1,0.000016,0.724373,0.246461,0.000016,0.029134
ACAATTTGGCCATATT-1,0.0003,0.000602,0.173995,0.000301,0.824801
ACACAAAGACGGGTGG-1,0.00005,0.43161,0.27174,0.00005,0.296551
ACACAAATATTCCTAG-1,0.000088,0.142195,0.000266,0.291976,0.565475
ACACACCAGGACCAGT-1,0.000228,0.033819,0.610752,0.000228,0.354973
ACACATGATCAAATCT-1,0.000075,0.00015,0.000225,0.508945,0.490606
ACACATTGACGCAACA-1,0.000098,0.047409,0.338462,0.233505,0.380527
ACACCACATAATTAGC-1,0.000122,0.219861,0.525318,0.121231,0.133468
ACACCCAGCATGCAGC-1,0.000027,0.42202,0.437864,0.067059,0.07303
ACACCCGAGAAATCCG-1,0.000136,0.000272,0.373296,0.057925,0.568371
ACACCCGTAAATCTGT-1,0.000216,0.000433,0.024011,0.258504,0.716836
ACACCGAGCGCTCTTT-1,0.000128,0.036836,0.216269,0.000128,0.74664
ACACCGGTCTGACCGC-1,0.000114,0.000228,0.000342,0.088253,0.911063
ACACCTTAAGTAGGGC-1,0.000107,0.053415,0.489329,0.08361,0.373539
ACACCTTACTACTTGC-1,0.000086,0.28139,0.162726,0.219482,0.336316
ACACGTAGGCCACAAG-1,0.000184,0.320357,0.217399,0.000184,0.461875
ACACTCCAATGTCACT-1,0.000113,0.143949,0.253216,0.009321,0.593402
ACACTGATCAAGGTGT-1,0.000087,0.000175,0.509729,0.028398,0.46161
ACACTGGGACAGTCGT-1,0.000571,0.001144,0.413934,0.000572,0.583779
ACAGAACTGAGAACAA-1,0.000195,0.000391,0.000587,0.000196,0.998631
ACAGCATAGAGCCAGT-1,0.000043,0.54694,0.346771,0.000043,0.106202
ACAGCGACATTCTCAT-1,0.000075,0.494977,0.320284,0.146196,0.038468
ACAGGCACGGATCCTT-1,0.000305,0.336067,0.366982,0.057583,0.239063
ACAGGCTTGCCCGACT-1,0.00006,0.167062,0.643229,0.00006,0.189589
ACAGGTGGAGGTGAGG-1,0.000083,0.000167,0.000251,0.81645,0.183049
ACAGGTGTGTTGTTGC-1,0.000257,0.000515,0.000773,0.000258,0.998197
ACAGTAATACAACTTG-1,0.000236,0.000473,0.00071,0.000237,0.998344
ACAGTATACCGTGGGA-1,0.000058,0.323709,0.250476,0.000058,0.4257
ACAGTGCAGCGCATTT-1,0.000394,0.00079,0.412571,0.181829,0.404416
ACATAAGTCGTGGTGA-1,0.000161,0.000322,0.000483,0.02854,0.970494
ACATCAGCTGGGACGC-1,0.000085,0.235989,0.318244,0.231808,0.213874
ACATCCTGGTAACTGT-1,0.000235,0.195795,0.585821,0.000235,0.217915
ACATCGATCGTTTACC-1,0.000103,0.413579,0.348294,0.000103,0.237922
ACATCGGTCAGCCGCG-1,0.000037,0.277297,0.603716,0.03634,0.08261
ACATCGTATGCAATGG-1,0.000187,0.000374,0.526132,0.000187,0.473121
ACATGGCGCCAAAGTA-1,0.000566,0.001133,0.0017,0.000567,0.996034
ACATGGCTCAATTTAG-1,0.001667,0.17953,0.005008,0.00167,0.812125
ACATTTGAAACCTAAC-1,0.000082,0.126528,0.372705,0.028014,0.472671
ACCAAACACCCAGCGA-1,0.000038,0.225967,0.637998,0.035047,0.100949
ACCAACACCACACACT-1,0.000031,0.429151,0.364848,0.034613,0.171358
ACCAACCGCACTCCAC-1,0.000601,0.001204,0.359463,0.000602,0.63813
ACCAACGCTTATTTAT-1,0.000107,0.000215,0.516241,0.000108,0.483329
ACCAAGAACGCGTGTC-1,0.000063,0.052974,0.647412,0.129492,0.170059
ACCAAGTCATCGGCAG-1,0.000069,0.351468,0.034838,0.045963,0.567662
ACCACAAGTTTCTATC-1,0.00001,0.720187,0.256347,0.022078,0.001378
ACCACCAATGTAACAA-1,0.000074,0.160775,0.471406,0.269562,0.098183
ACCACCCTCTCTTCTA-1,0.000321,0.000642,0.470936,0.000321,0.527781
ACCACTGTTCAAGAAG-1,0.000105,0.216235,0.258228,0.079743,0.44569
ACCAGACCATAACAAC-1,0.000063,0.000126,0.173655,0.000063,0.826093
ACCAGTGCCCGGTCAA-1,0.000128,0.054336,0.112525,0.475506,0.357505
ACCAGTGCGGGAGACG-1,0.000437,0.000876,0.444767,0.125318,0.428603
ACCATCCGCCAACTAG-1,0.000063,0.000126,0.069708,0.762835,0.167267
ACCATCGTATATGGTA-1,0.000143,0.151417,0.591933,0.029031,0.227476
ACCATTAAGGGTGTCA-1,0.00006,0.237922,0.074677,0.62298,0.064361
ACCCAACGCCCGTGGC-1,0.000023,0.133166,0.765287,0.01658,0.084944
ACCCACCTACATGCTC-1,0.000173,0.029988,0.260276,0.159936,0.549628
ACCCATCTTGAGGGTA-1,0.000069,0.079556,0.68686,0.068052,0.165463
ACCCATTTGTCCCTCT-1,0.000541,0.001084,0.090101,0.066792,0.841482
ACCCGAGCGAAATTAC-1,0.000047,0.000095,0.071215,0.708602,0.22004
ACCCGGAGCACCACAA-1,0.000083,0.316094,0.071143,0.004592,0.608088
ACCCGGATGACGCATC-1,0.000113,0.999321,0.000339,0.000113,0.000113
ACCCGGTTACACTTCC-1,0.000081,0.101092,0.727504,0.05075,0.120572
ACCCTATAGGACTGAG-1,0.00008,0.226031,0.197189,0.011115,0.565585
ACCCTATGCCATATCG-1,0.000456,0.000914,0.001371,0.000457,0.996802
ACCCTCCCGTCAGGGC-1,0.000032,0.621798,0.287107,0.024161,0.066902
ACCCTCCCTTGCTATT-1,0.000041,0.958145,0.028593,0.013179,0.000041
ACCCTGGTAACGCCCT-1,0.000178,0.028732,0.628304,0.000179,0.342607
ACCCTTGCCTGGGTCG-1,0.000414,0.000829,0.194856,0.000415,0.803486
ACCGAAAGGGCCCTGC-1,0.000075,0.336343,0.419243,0.000075,0.244264
ACCGAAGAGTCTGGTT-1,0.000185,0.000371,0.000556,0.192286,0.806602
ACCGATAGGCATAACC-1,0.000613,0.001228,0.306523,0.0058,0.685836
ACCGATATTTAATCAT-1,0.000219,0.185154,0.237695,0.000219,0.576713
ACCGATGGTAGCATCG-1,0.000082,0.141241,0.470328,0.04581,0.342539
ACCGCGGTGGAAGTCG-1,0.000075,0.300217,0.254176,0.089692,0.35584
ACCGGGCCTTTGTTGA-1,0.000199,0.047103,0.780508,0.171341,0.000849
ACCGGTCAGGTACACC-1,0.000041,0.000083,0.000124,0.878237,0.121515
ACCGGTCTGAGTACGG-1,0.000313,0.000628,0.428054,0.212068,0.358938
ACCGTCCACTGGGCCC-1,0.00008,0.00016,0.00024,0.700022,0.299498
ACCTAAGTACCTTTCA-1,0.000369,0.000739,0.001108,0.000369,0.997415
ACCTAATCGACTTCCT-1,0.000109,0.065911,0.492041,0.000109,0.441829
ACCTACAGTATGTGGT-1,0.00021,0.000421,0.314711,0.067638,0.617021
ACCTCCGCCCTCGCTG-1,0.000218,0.43045,0.442742,0.045696,0.080894
ACCTCCGTTATTCACC-1,0.000373,0.230826,0.09933,0.000374,0.669096
ACCTCGAACTTATGCT-1,0.000048,0.000097,0.000147,0.886758,0.112951
ACCTGCGTGTCATGTT-1,0.000098,0.000196,0.000294,0.522485,0.476927
ACGAAATGGGCGGCAC-1,0.000089,0.000179,0.338968,0.000089,0.660675
ACGACTCTAGGGCCGA-1,0.000179,0.304049,0.092206,0.065145,0.538421
ACGAGAACCCATCACG-1,0.000105,0.225882,0.39159,0.030028,0.352395
ACGAGGATACCACTCT-1,0.000126,0.000252,0.000378,0.244943,0.754302
ACGAGGTTTACAACGT-1,0.000076,0.000153,0.067379,0.56193,0.370462
ACGAGTACGGATGCCC-1,0.000962,0.001926,0.285792,0.000963,0.710357
ACGATACATAGAACTA-1,0.000015,0.607666,0.38828,0.000015,0.004024
ACGATACCTATCCTGA-1,0.00005,0.000101,0.025379,0.42934,0.545129
ACGATCATCTTGTAAA-1,0.000102,0.250962,0.319302,0.000103,0.429531
ACGATGCATATGTTAT-1,0.000057,0.036638,0.477759,0.348075,0.13747
ACGCAATCACTACAGC-1,0.000022,0.835334,0.1646,0.000022,0.000022
ACGCATAAATGACATG-1,0.000361,0.078325,0.562541,0.000362,0.358411
ACGCATACGTTTACTA-1,0.000148,0.288069,0.328961,0.153724,0.229097
ACGCATTCGTGAGTAC-1,0.00001,0.777517,0.222452,0.00001,0.00001
ACGCCAGTGCGTTTGC-1,0.000133,0.242326,0.179537,0.000133,0.577871
ACGCCGCTAGACGACC-1,0.000093,0.526965,0.251302,0.097745,0.123895
ACGCGCTACACAGGGT-1,0.00004,0.127052,0.728789,0.008016,0.136103
ACGCGGGCCAAGGACA-1,0.000008,0.770467,0.228145,0.000473,0.000907
ACGCGTTTCTTAAGAG-1,0.000079,0.000157,0.000236,0.163293,0.836235
ACGCTAGTATCAGTGC-1,0.000175,0.000351,0.064438,0.716121,0.218915
ACGCTAGTGATACACT-1,0.000178,0.238423,0.441079,0.144123,0.176197
ACGCTGTGAGGCGTAG-1,0.000316,0.000634,0.000951,0.10375,0.894348
ACGGAACACGAGTGCC-1,0.0001,0.36154,0.060505,0.0001,0.577756
ACGGAATTTAGCAAAT-1,0.000064,0.000129,0.174991,0.307685,0.51713
ACGGAGCGCAAATTAC-1,0.000063,0.257921,0.562482,0.017147,0.162388
ACGGCCAACATGGACT-1,0.000091,0.267175,0.278543,0.01452,0.43967
ACGGCGGGTTGCCCTG-1,0.000194,0.436626,0.049645,0.000194,0.51334
ACGGCTGGATGTAGAA-1,0.000126,0.000251,0.016611,0.364331,0.618681
ACGGGAGTGTCGGCCC-1,0.000226,0.000452,0.000678,0.174967,0.823677
ACGGGCGTATGCGACA-1,0.000068,0.231179,0.568181,0.016651,0.183921
ACGGGTCATGTGACTT-1,0.00003,0.90899,0.003074,0.087876,0.00003
ACGGTACAGTTCAATG-1,0.000096,0.262769,0.422151,0.080621,0.234363
ACGGTCACCGAGAACA-1,0.000134,0.07555,0.262994,0.2025,0.458823
ACGTAGATTGCTGATG-1,0.00003,0.670708,0.201647,0.00003,0.127585
ACGTATTACTCCGATC-1,0.000551,0.001103,0.246153,0.381429,0.370764
ACGTCTCGTTCCGGGA-1,0.000067,0.000134,0.000202,0.886614,0.112983
ACGTGACAAAGTAAGT-1,0.000072,0.000144,0.075234,0.753419,0.171131
ACGTTAATGTCGAAGA-1,0.000088,0.016542,0.211104,0.553893,0.218374
ACGTTAGATTTGCCCG-1,0.000092,0.368484,0.469066,0.000092,0.162267
ACGTTATTGGTCACTC-1,0.000592,0.001187,0.203415,0.000593,0.794212
ACGTTCCGCGCTCCGT-1,0.000046,0.264446,0.584313,0.000046,0.151148
ACGTTCGCAATCAATT-1,0.000279,0.114784,0.319475,0.00028,0.565183
ACGTTCTGTACAAGTC-1,0.000206,0.610288,0.115033,0.13544,0.139032
ACTAAGGACGCACACC-1,0.000076,0.179114,0.06366,0.212248,0.544901
ACTAATACGTCAGGCG-1,0.00019,0.680695,0.093025,0.081104,0.144986
ACTACATCCCGACAAG-1,0.000061,0.000121,0.000182,0.639322,0.360314
ACTACCAGCTCTCTGG-1,0.000128,0.011549,0.417114,0.093886,0.477322
ACTAGTTGCGATCGTC-1,0.000136,0.460223,0.255895,0.012601,0.271145
ACTATATGCTGTGTTC-1,0.000356,0.123717,0.082034,0.000357,0.793537
ACTATCCAGGGCATGG-1,0.000053,0.51945,0.070307,0.006927,0.403262
ACTATCGCCGGCTAAA-1,0.000048,0.000097,0.000145,0.311843,0.687866
ACTATCTGCCCGCGTA-1,0.000119,0.187468,0.160894,0.00012,0.651399
ACTATGTCCAGCTGCC-1,0.000038,0.000075,0.000113,0.838277,0.161497
ACTATTTCCGGGCCCA-1,0.000164,0.307259,0.002181,0.133197,0.557199
ACTCAACGAATGTATT-1,0.000227,0.146426,0.222063,0.036736,0.594547
ACTCAAGTGCAAGGCT-1,0.000912,0.001828,0.596327,0.000914,0.400018
ACTCAGACCTGCTTCT-1,0.00025,0.0005,0.492752,0.022429,0.484069
ACTCATGGCAGCCTTC-1,0.000114,0.000229,0.062707,0.482778,0.454172
ACTCCAATATCATCAT-1,0.000166,0.123252,0.027523,0.268241,0.580818
ACTCCCATTCCTAAAG-1,0.000087,0.000175,0.000262,0.794227,0.205248
ACTCCCGAATTCGTTT-1,0.000036,0.861518,0.126001,0.000036,0.01241
ACTCCCGTAGACTAGG-1,0.000492,0.000986,0.348888,0.000493,0.649141
ACTCCGGCCGACCACT-1,0.000123,0.156028,0.360013,0.098147,0.385689
ACTCGATGTATTTCAT-1,0.000162,0.151771,0.001015,0.22177,0.625282
ACTCGCGATCTGACGC-1,0.000219,0.000439,0.012293,0.297548,0.6895
ACTCGTAACCCGTCCT-1,0.000158,0.000317,0.051506,0.186302,0.761717
ACTCTAAACCTGGGAT-1,0.000061,0.034545,0.221754,0.534481,0.209158
ACTCTGACCTAATAGA-1,0.000138,0.202036,0.311737,0.119338,0.366751
ACTCTTCAGCTCCCGC-1,0.000112,0.171083,0.230377,0.069024,0.529405
ACTGAAACGCCGTTAG-1,0.000052,0.612105,0.143863,0.035563,0.208417
ACTGAATGGCGAAAGT-1,0.000037,0.232733,0.729611,0.000037,0.037582
ACTGCGGACACACCGT-1,0.000374,0.112614,0.012261,0.000375,0.874377
ACTGCTCGGAAGGATG-1,0.000133,0.000267,0.0004,0.577624,0.421577
ACTGGCGAACCTGCGT-1,0.000313,0.000626,0.23366,0.199476,0.565926
ACTGTACGATACACAT-1,0.000006,0.894909,0.079842,0.025237,0.000006
ACTGTAGCACTTTGGA-1,0.000023,0.931456,0.013593,0.02005,0.034878
ACTGTATACGCGAGCA-1,0.000061,0.368175,0.307615,0.015009,0.309141
ACTGTCCAGGATTATA-1,0.00003,0.419415,0.520412,0.032174,0.027969
ACTGTGCTAGTAGATC-1,0.000134,0.12339,0.427814,0.059633,0.389029
ACTTACCGGGCGCGCA-1,0.000058,0.125604,0.597198,0.000058,0.277082
ACTTAGTACGACAAGA-1,0.000556,0.164364,0.00167,0.000557,0.832854
ACTTATACTTACCCGG-1,0.000054,0.416429,0.356739,0.068128,0.15865
ACTTATCTGATCTATA-1,0.000548,0.172735,0.326772,0.000549,0.499395
ACTTATTTATGTGCCA-1,0.000047,0.34912,0.303961,0.158518,0.188353
ACTTCAGGCTGATCCC-1,0.000089,0.344829,0.406741,0.000089,0.248253
ACTTCCAGTGGAAGCT-1,0.000172,0.000344,0.000516,0.343012,0.655956
ACTTCCATGCGGGACA-1,0.000796,0.001595,0.29748,0.000797,0.699331
ACTTCCTGTCGTGCGA-1,0.000307,0.000615,0.222186,0.123976,0.652916
ACTTCGCCATACGCAC-1,0.000027,0.39564,0.551982,0.004292,0.048059
ACTTCGCTAGCGAGTG-1,0.00011,0.272209,0.291738,0.015566,0.420378
ACTTGGGACCCGGTGG-1,0.000031,0.440521,0.555291,0.000031,0.004126
ACTTGTAGTCCCTTCA-1,0.00013,0.00026,0.111699,0.367522,0.520389
ACTTGTGGATGGAACG-1,0.000049,0.53401,0.186383,0.06146,0.218097
ACTTTACCCTCATGAA-1,0.000168,0.130672,0.35776,0.103511,0.407889
ACTTTGACTGCATCCT-1,0.000056,0.027833,0.083419,0.623686,0.265006
ACTTTGGTCGTGCTCC-1,0.000111,0.000222,0.078689,0.30954,0.611438
ACTTTGTCGACGCACT-1,0.000355,0.039125,0.45383,0.039335,0.467355
AGAAATTATGACTCGC-1,0.001563,0.00313,0.284936,0.186148,0.524224
AGAACCCAGCGTGACA-1,0.00022,0.000441,0.059336,0.00022,0.939783
AGAACCCTCAATTGGG-1,0.000058,0.000115,0.127665,0.437096,0.435067
AGAACGTGGTACATTC-1,0.000062,0.572299,0.169959,0.000063,0.257618
AGAAGAGCGCCGTTCC-1,0.000592,0.001187,0.997034,0.000594,0.000593
AGAAGGTACACTTCAC-1,0.000183,0.000367,0.000551,0.000184,0.998715
AGAAGGTTGCCGAATT-1,0.000132,0.000264,0.600503,0.000132,0.398968
AGAAGTGATTCGTGAT-1,0.000102,0.000205,0.108591,0.378487,0.512614
AGAATAAATCTTCAGG-1,0.000061,0.158362,0.098029,0.068289,0.675259
AGAATGCGGGTTCGGA-1,0.000203,0.000406,0.093315,0.042081,0.863995
AGAATTATGGATTCGA-1,0.000104,0.526163,0.245269,0.093439,0.135024
AGAATTGTTTGACATA-1,0.000094,0.000189,0.301162,0.027436,0.671118
AGACAGCTCAGAATCC-1,0.000193,0.104585,0.164852,0.132849,0.59752
AGACAGGCATCTCAGC-1,0.000064,0.370082,0.212099,0.239891,0.177865
AGACATAGATCCTTCC-1,0.000049,0.273886,0.469532,0.034915,0.221618
AGACCAAACCACACCT-1,0.000074,0.000148,0.010108,0.747366,0.242303
AGACCATGGGATACAA-1,0.000044,0.391171,0.325501,0.000045,0.283239
AGACCCGCCCTCCTCG-1,0.00006,0.258505,0.496809,0.01248,0.232146
AGACCGCTCCGCGGTT-1,0.000252,0.364026,0.006682,0.087642,0.541398
AGACCGGGAAACCCTG-1,0.000113,0.004118,0.535609,0.134574,0.325587
AGACGAAGTGCCGGTC-1,0.000658,0.141304,0.001977,0.000659,0.855401
AGACGACGATGCCGCT-1,0.00011,0.000221,0.034604,0.059636,0.905429
AGACGCCCACTTCGCC-1,0.000139,0.000278,0.117403,0.000139,0.882042
AGACGGGCCGATTTAA-1,0.000125,0.058336,0.2061,0.186357,0.549082
AGACTAGCCTTCCAGA-1,0.000028,0.928559,0.071358,0.000028,0.000028
AGAGAACCGTCTAGGA-1,0.000014,0.593289,0.313432,0.074766,0.018499
AGAGAAGGAGTACAAT-1,0.000258,0.000516,0.000775,0.102248,0.896203
AGAGATCTCTAAAGCG-1,0.000043,0.027532,0.300495,0.479482,0.192448
AGAGCAGTTATGAGAC-1,0.000539,0.173728,0.05281,0.00054,0.772383
AGAGCCGCCGAGATTT-1,0.000316,0.173975,0.314807,0.10492,0.405983
AGAGCGCTTGTAACGG-1,0.000156,0.000313,0.154677,0.247156,0.597697
AGAGCGTACAAGCTCG-1,0.000059,0.523351,0.205462,0.017899,0.253229
AGAGCTACGAAAGCAT-1,0.000321,0.525564,0.073931,0.082196,0.317987
AGAGGCTTCGGAAACC-1,0.000036,0.332382,0.22238,0.213683,0.231519
AGAGGGACAATTGTCC-1,0.000215,0.094386,0.064634,0.284091,0.556675
AGAGTAAACTTCACTA-1,0.000319,0.000639,0.483179,0.000319,0.515544
AGAGTATAGTGTTACG-1,0.000265,0.000531,0.430979,0.135699,0.432527
AGAGTGAACAGACACC-1,0.000161,0.000324,0.000485,0.271555,0.727475
AGAGTTAGAGACCGAT-1,0.000668,0.264495,0.0705,0.00067,0.663667
AGAGTTGCAGGCCTCC-1,0.000239,0.000479,0.000718,0.318355,0.680209
AGATAACTTCAGGGCC-1,0.000018,0.79551,0.171228,0.000018,0.033226
AGATACCAATAGAACC-1,0.000021,0.509479,0.202833,0.084694,0.202972
AGATACCAGCACTTCA-1,0.000134,0.027142,0.039915,0.660301,0.272508
AGATACCGGTGTTCAC-1,0.000076,0.000787,0.585527,0.159371,0.254238
AGATACGACTTCATAT-1,0.000087,0.454328,0.341439,0.086851,0.117296
AGATACTCAAGATCGA-1,0.000048,0.964422,0.035433,0.000048,0.000048
AGATCGTGCATAAGAT-1,0.000049,0.124021,0.687194,0.015029,0.173707
AGATCTCAGGTGTGAT-1,0.000028,0.578389,0.313912,0.000028,0.107643
AGATGACTCGCCCACG-1,0.000086,0.459383,0.265531,0.000086,0.274913
AGATGAGGGTTGCGAT-1,0.000234,0.000468,0.79635,0.000234,0.202714
AGATGATGGAGTCTGG-1,0.000954,0.001912,0.283781,0.000956,0.712398
AGATGCAAGACGTGCA-1,0.00021,0.000421,0.000632,0.000211,0.998525
AGATGCATCCTGTGTC-1,0.000132,0.263275,0.111163,0.057101,0.568329
AGATGCTATAACGAGC-1,0.000203,0.000407,0.228167,0.160878,0.610345
AGATTATAGGACGTTT-1,0.000085,0.509027,0.203616,0.000085,0.287187
AGATTCAAGCGGGTCG-1,0.000187,0.078735,0.078012,0.321584,0.521482
AGATTCACAACCGATA-1,0.000065,0.000131,0.096425,0.686233,0.217145
AGCAACATATCTTATT-1,0.000054,0.257092,0.43475,0.020347,0.287757
AGCAACCGAAAGTAAT-1,0.000146,0.000292,0.000438,0.219886,0.779239
AGCACTACCGGCCTGT-1,0.000069,0.04506,0.311862,0.000069,0.64294
AGCACTTAAGGACGCC-1,0.000074,0.000149,0.242962,0.256316,0.5005
AGCATATCAATATGCT-1,0.00006,0.613403,0.182871,0.037335,0.166332
AGCATCATTTCGAAAG-1,0.00012,0.000241,0.065254,0.117056,0.817329
AGCATCGTCGATAATT-1,0.000062,0.583831,0.237494,0.000062,0.178552
AGCATTACGAGGCAAG-1,0.000405,0.000811,0.255728,0.024125,0.718932
AGCCACAGGTTACCCG-1,0.000103,0.336356,0.225748,0.237105,0.200687
AGCCACTCCCGTGCTT-1,0.000026,0.554018,0.409199,0.002831,0.033925
AGCCCATACATGTAAG-1,0.000076,0.151863,0.537173,0.026326,0.284563
AGCCCGGCATTAGAGG-1,0.000051,0.000102,0.098673,0.678769,0.222405
AGCCCTGTCGCACCGT-1,0.000058,0.806814,0.055971,0.071976,0.06518
AGCCCTTCTAATCCGA-1,0.000059,0.046052,0.797424,0.023819,0.132646
AGCCCTTGGACATCCC-1,0.002232,0.364338,0.006708,0.002236,0.624485
AGCCGCAAATTCAAAT-1,0.000031,0.050822,0.127585,0.296781,0.524781
AGCCGCTTGATTAGCG-1,0.000099,0.232896,0.240366,0.002802,0.523836
AGCCGTGGCTAAATGT-1,0.000107,0.000213,0.03704,0.522392,0.440248
AGCCTAATACCCACGT-1,0.000103,0.000206,0.000309,0.606061,0.393321
AGCCTTAAAGCGGAAG-1,0.000278,0.000558,0.058827,0.227077,0.71326
AGCGACAGGAACGGTC-1,0.000182,0.000366,0.009477,0.037285,0.95269
AGCGACCAACGATATT-1,0.000019,0.961735,0.037203,0.001024,0.000019
AGCGAGACGTGAAGGC-1,0.00013,0.166373,0.128715,0.063622,0.64116
AGCGATGCGCCTAATA-1,0.000153,0.238449,0.405363,0.271936,0.084098
AGCGCGGGTGCCAATG-1,0.000083,0.354969,0.487915,0.000083,0.15695
AGCGCTAGAGCGATGT-1,0.00031,0.000622,0.023802,0.000311,0.974956
AGCGCTTATGGGCAAG-1,0.000333,0.000668,0.332701,0.000334,0.665964
AGCGGCGGTTAGCGGT-1,0.000146,0.000292,0.000438,0.080334,0.91879
AGCGGGAAGGGTCCAT-1,0.000007,0.965909,0.026933,0.003636,0.003514
AGCGGTTGCCGCTCTG-1,0.000116,0.342299,0.3228,0.067277,0.267508
AGCGTACGAGAGCTAG-1,0.00023,0.132033,0.060375,0.249217,0.558146
AGCGTAGCGCTAGACC-1,0.00022,0.248536,0.113605,0.157255,0.480385
AGCGTCTGAACCCGCA-1,0.000158,0.091332,0.641077,0.000158,0.267275
AGCTAACAAGCAATGT-1,0.00008,0.000161,0.429175,0.155161,0.415422
AGCTAAGTACGCAGGC-1,0.000103,0.217904,0.216468,0.02779,0.537735
AGCTAGAAGCAGAAGT-1,0.000177,0.449633,0.342066,0.000177,0.207947
AGCTCCATATATGTTC-1,0.000142,0.337166,0.171696,0.000142,0.490855
AGCTCCTTCGCACATC-1,0.000065,0.550869,0.363682,0.000065,0.085319
AGCTCGTTGATGGAAA-1,0.000229,0.000459,0.000688,0.206424,0.7922
AGCTCTTCCCAGTGCA-1,0.000049,0.22787,0.632888,0.000049,0.139144
AGCTCTTCGTAACCTT-1,0.000185,0.59193,0.220734,0.114874,0.072278
AGCTCTTTACTCAGTT-1,0.000066,0.247407,0.556515,0.069381,0.126631
AGCTGAAGTAAACCAA-1,0.000013,0.816702,0.089478,0.093794,0.000013
AGCTGCTGTGCCGAAT-1,0.000287,0.000574,0.135896,0.569661,0.293582
AGCTGTAACCTCAATC-1,0.000101,0.000202,0.000303,0.103058,0.896337
AGCTTATAGAGACCTG-1,0.000168,0.334647,0.330491,0.000168,0.334526
AGCTTCTTCTCGAGCA-1,0.000144,0.153921,0.210906,0.21578,0.419249
AGCTTGATCTTAACTT-1,0.000051,0.012318,0.605584,0.054819,0.327227
AGGAAAGCCTCTGATG-1,0.000211,0.157534,0.317771,0.017842,0.506642
AGGACAGTCGAATCCC-1,0.000072,0.279091,0.498461,0.053314,0.169062
AGGACATCGCACGTCG-1,0.000127,0.071996,0.445838,0.000127,0.481911
AGGACGACCCATTAGA-1,0.000126,0.036173,0.596922,0.034323,0.332456
AGGACGCTCGATGTTG-1,0.000635,0.001271,0.465001,0.072344,0.460749
AGGACTTATAGGAGAA-1,0.000047,0.281997,0.252744,0.345354,0.119858
AGGAGACATCCACAGT-1,0.000092,0.13036,0.392096,0.174098,0.303354
AGGAGAGTCTGGCTAC-1,0.000224,0.000448,0.373598,0.075223,0.550507
AGGAGGCCTTCGCGCG-1,0.000088,0.227022,0.350878,0.057001,0.36501
AGGATATAGGGATTTA-1,0.000123,0.068083,0.41126,0.283008,0.237526
AGGATATCCGACTGCA-1,0.0001,0.000201,0.722931,0.0001,0.276668
AGGATCACGCGATCTG-1,0.000234,0.000468,0.000702,0.000234,0.998362
AGGATTGCTTACGACA-1,0.000053,0.913256,0.000877,0.085761,0.000054
AGGCAAAGAGGAATCA-1,0.000143,0.259344,0.436591,0.000143,0.303779
AGGCACGTGACTGTCC-1,0.000059,0.460114,0.07317,0.055356,0.411301
AGGCAGATGCGTAAAC-1,0.000007,0.936885,0.062785,0.00031,0.000014
AGGCATTGTCGTAGGG-1,0.000317,0.080173,0.419197,0.123022,0.377291
AGGCCACATTGGTTAC-1,0.000225,0.118406,0.199544,0.014337,0.667488
AGGCCACCCGTTATGA-1,0.000076,0.359703,0.2559,0.000077,0.384245
AGGCCCAGTGACTGGT-1,0.002016,0.510983,0.006059,0.002019,0.478922
AGGCCCTAGAACGCCA-1,0.000159,0.036043,0.050859,0.480117,0.432822
AGGCCTGAGAATCTCG-1,0.000415,0.000832,0.272596,0.000416,0.72574
AGGCGATAACTGGCGT-1,0.000137,0.000275,0.148607,0.000137,0.850843
AGGCGGTTTGTCCCGC-1,0.000341,0.000682,0.001023,0.000341,0.997613
AGGCGTCTATGGACGG-1,0.000079,0.174354,0.3728,0.307504,0.145264
AGGCTATGGTTAGCTT-1,0.000072,0.349452,0.525459,0.013493,0.111523
AGGCTTCCCGAAGAAG-1,0.000115,0.000231,0.170042,0.720134,0.109478
AGGCTTGCTAGACACC-1,0.000125,0.00025,0.127435,0.530891,0.341299
AGGGAAACGAGGTACT-1,0.000055,0.465517,0.457896,0.00213,0.074401
AGGGACAGCACGGCGG-1,0.000731,0.164324,0.002197,0.016151,0.816597
AGGGACCGGCTGCGTT-1,0.000041,0.478732,0.262479,0.010819,0.247929
AGGGACTCTACGCGAC-1,0.000171,0.066422,0.491366,0.022312,0.419727
AGGGAGACATACTTCG-1,0.000153,0.121669,0.035645,0.592419,0.250113
AGGGCGAGCAGCTGAT-1,0.000049,0.248821,0.40245,0.077522,0.271157
AGGGCGTGATCGGCTA-1,0.000074,0.210435,0.451644,0.003056,0.334791
AGGGCTGCAGTTACAG-1,0.000016,0.221089,0.735497,0.042364,0.001034
AGGGTCAGTAACCCTA-1,0.000158,0.017324,0.780981,0.000159,0.201378
AGGGTCGATGCGAACT-1,0.001116,0.002235,0.003353,0.001118,0.992178
AGGGTGCTCTCGAGGG-1,0.00013,0.246399,0.587756,0.161686,0.004029
AGGGTGGATAGTGCAT-1,0.000036,0.873166,0.076069,0.032878,0.017851
AGGGTGTGCTACACGC-1,0.000112,0.051623,0.041607,0.414804,0.491854
AGGGTTCCCTTTGGTT-1,0.000046,0.344967,0.589725,0.000046,0.065217
AGGGTTTAGTTCGGGA-1,0.000005,0.97612,0.023866,0.000005,0.000005
AGGTAACCTCCTATTC-1,0.000217,0.32197,0.362453,0.13325,0.18211
AGGTAGGTACAAAGCT-1,0.000052,0.008497,0.477589,0.235857,0.278005
AGGTATAATTGATAGT-1,0.000074,0.257353,0.257485,0.008026,0.477062
AGGTATGCGGACATTA-1,0.0005,0.001002,0.227113,0.000501,0.770885
AGGTCAGGTGAGAGTG-1,0.000205,0.00041,0.000615,0.733647,0.265124
AGGTCGCCACTTCGGT-1,0.000114,0.332764,0.266508,0.110225,0.290389
AGGTCGCCTCCCAACA-1,0.000121,0.387486,0.015238,0.025817,0.571339
AGGTCGCGGAGTTACT-1,0.000144,0.480906,0.462507,0.051608,0.004836
AGGTGCACGTCCACAT-1,0.000406,0.004072,0.451244,0.000407,0.543872
AGGTGTATCGCCATGA-1,0.000026,0.666581,0.136435,0.115955,0.081003
AGGTTACACCATGCCG-1,0.000494,0.00099,0.001485,0.000495,0.996537
AGGTTCTCCTTTCCGG-1,0.000247,0.000495,0.000742,0.000247,0.998268
AGGTTTCACACACCTT-1,0.000106,0.355845,0.259276,0.028085,0.356688
AGTAATTTGCAAGCGT-1,0.000166,0.035503,0.0005,0.107736,0.856095
AGTACATCATTTATCA-1,0.000115,0.031173,0.656395,0.05142,0.260897
AGTACCTTCGAGTGCT-1,0.000131,0.000263,0.000395,0.627751,0.371459
AGTACGGCCCGTATCG-1,0.000086,0.000172,0.000259,0.058095,0.941388
AGTACGGGCACCTGGC-1,0.000006,0.770209,0.229772,0.000006,0.000006
AGTACTCTTATGCCCA-1,0.000828,0.001659,0.443152,0.000829,0.553533
AGTAGCTAGACGCCGA-1,0.000213,0.182918,0.040741,0.477915,0.298213
AGTAGGAAGGAAGTTG-1,0.000147,0.082505,0.54658,0.253161,0.117607
AGTAGGTAACATACAT-1,0.000052,0.519897,0.360707,0.003434,0.115909
AGTATAATACTAGGCA-1,0.000049,0.213413,0.330802,0.155413,0.300322
AGTATCCATAATAACG-1,0.000188,0.077242,0.160024,0.129661,0.632885
AGTATGCTGGAGACCA-1,0.000119,0.000238,0.000357,0.490403,0.508883
AGTCAACACCACCATC-1,0.000083,0.279671,0.41494,0.000083,0.305223
AGTCAAGATGACACTT-1,0.000123,0.320935,0.503187,0.067448,0.108307
AGTCACTAGCTCTCGA-1,0.000351,0.000704,0.626914,0.000352,0.37168
AGTCACTCCGCCTCAT-1,0.000036,0.853733,0.097344,0.024373,0.024513
AGTCAGCCACCGCCTG-1,0.000038,0.698026,0.080602,0.148301,0.073033
AGTCCAGCGGGTACGT-1,0.000273,0.000547,0.346393,0.102723,0.550064
AGTCCATTGGCTGATG-1,0.00032,0.144298,0.428846,0.164134,0.262402
AGTCCCGCCTTTAATT-1,0.000101,0.266995,0.541143,0.03895,0.152811
AGTCCCTCGCAGAAAG-1,0.000142,0.060558,0.534702,0.017943,0.386654
AGTCGACGGTCTCAAG-1,0.000065,0.270954,0.472428,0.120387,0.136166
AGTCGGCCCAAACGAC-1,0.000267,0.213546,0.356133,0.000881,0.429174
AGTCGGCTCAACTTTA-1,0.000333,0.000668,0.001002,0.000334,0.997663
AGTCGGTTGCGTGAGA-1,0.000345,0.000692,0.001038,0.000346,0.997579
AGTCGTCGACCACCAA-1,0.000057,0.294117,0.342365,0.078618,0.284843
AGTCGTGGGCATTACG-1,0.000185,0.000371,0.000556,0.125194,0.873695
AGTCTAAAGTATACTC-1,0.000281,0.144461,0.302227,0.219407,0.333623
AGTCTCACAAGACTAC-1,0.000189,0.066206,0.000569,0.149483,0.783553
AGTCTGGACATCCTTG-1,0.00029,0.000581,0.168735,0.00029,0.830104
AGTGAACAAACTTCTC-1,0.00005,0.480988,0.360157,0.013574,0.145231
AGTGAAGATGGTGTCC-1,0.00032,0.02833,0.428695,0.086582,0.456074
AGTGACCTACTTTACG-1,0.000074,0.29594,0.314274,0.000074,0.389638
AGTGAGACTTCCAGTA-1,0.000016,0.823333,0.142036,0.009925,0.02469
AGTGAGCCTCGCCGCC-1,0.000694,0.001391,0.475554,0.000696,0.521665
AGTGAGGGTTTCTGAC-1,0.000047,0.258402,0.580189,0.002295,0.159066
AGTGAGTCGAATTAAC-1,0.000053,0.346557,0.136907,0.061798,0.454685
AGTGATAACCTGCGCG-1,0.000111,0.214222,0.619495,0.025472,0.1407
AGTGATATGAGTAGTT-1,0.000085,0.000169,0.809714,0.034069,0.155963
AGTGATTCAAGCAGGA-1,0.000087,0.000828,0.721354,0.151468,0.126263
AGTGCACGCTTAAGAA-1,0.000038,0.172537,0.750627,0.046617,0.030182
AGTGCGTAGCTCGTAA-1,0.000114,0.000229,0.46269,0.095763,0.441204
AGTGCTAAACACAGCA-1,0.000112,0.512238,0.376383,0.080947,0.030319
AGTGCTTGCACGAATA-1,0.000208,0.000417,0.5936,0.059333,0.346441
AGTGGCGGCAATTTGA-1,0.00004,0.39319,0.476546,0.033415,0.096808
AGTGGCGTCTGAAGGT-1,0.000475,0.057825,0.667017,0.000476,0.274207
AGTGGCTCCGTCGGCC-1,0.000123,0.000246,0.107994,0.166758,0.72488
AGTGGTGTTACCCGTG-1,0.000193,0.000386,0.000579,0.16485,0.833993
AGTGGTTGCGTATAGG-1,0.000081,0.000162,0.000243,0.058208,0.941306
AGTGTATTGCGCATTG-1,0.00006,0.075612,0.669823,0.162259,0.092246
AGTGTGCTAAGATCGC-1,0.000211,0.14199,0.191732,0.024942,0.641124
AGTGTGGTCTATTGTG-1,0.000106,0.004598,0.23869,0.354615,0.401991
