Barcode,Topic 1,Topic 2,Topic 3,Topic 4to5,Topic 6,Topic 7,Topic 8to9
AAACAAGTATCTCCCA-1,0.001643,0.000023,0.000023,0.559182,0.156599,0.148416,0.134113
AAACACCAATAACTGC-1,0.004236,0.000225,0.074277,0.748123,0.172461,0.000226,0.000451
AAACAGAGCGACTCCT-1,0.000309,0.000309,0.020405,0.977742,0.000309,0.000309,0.000618
AAACAGCTTTCAGAAG-1,0.05461,0.000167,0.000167,0.882441,0.032589,0.02969,0.000335
AAACAGGGTCTATATT-1,0.00016,0.00016,0.00016,0.580116,0.224679,0.017536,0.177188
AAACATGGTGAGAGGA-1,0.000334,0.000334,0.000334,0.568953,0.429044,0.000334,0.000668
AAACCACTACACAGAT-1,0.000699,0.000699,0.034815,0.381538,0.000699,0.580151,0.001399
AAACCCGAACGAAATC-1,0.000015,0.000015,0.000015,0.367715,0.112762,0.344508,0.174971
AAACCGGGTAGGTACC-1,0.000198,0.000198,0.000198,0.998613,0.000198,0.000198,0.000396
AAACCGTTCGTCCAGG-1,0.001943,0.000082,0.000082,0.53437,0.017559,0.221609,0.224354
AAACCTCATGAAGTTG-1,0.006349,0.00023,0.00023,0.421332,0.00023,0.084275,0.487355
AAACGAAGAACATACC-1,0.003735,0.000281,0.153788,0.507303,0.024442,0.000281,0.310171
AAACGAAGATGGAGTA-1,0.084345,0.000214,0.153632,0.687479,0.000214,0.008815,0.0653
AAACGACAGTCTTGCC-1,0.001659,0.001659,0.001659,0.003319,0.00166,0.447903,0.542141
AAACGAGACGGTTGAT-1,0.010031,0.000048,0.000048,0.456674,0.000048,0.122838,0.410314
AAACGCCCGAGATCGG-1,0.000374,0.000374,0.000374,0.546509,0.000374,0.363576,0.088418
AAACGTGTTCGCCCTA-1,0.000992,0.000992,0.000993,0.993051,0.000993,0.000993,0.001986
AAACTAACGTGGCGAC-1,0.000169,0.000169,0.015011,0.597665,0.000169,0.345197,0.041621
AAACTCGTGATATAAG-1,0.000112,0.000112,0.076469,0.795094,0.104709,0.000112,0.023393
AAACTGCTGGCTCCAA-1,0.000237,0.000237,0.000237,0.536419,0.036798,0.241236,0.184837
AAACTTAATTGCACGC-1,0.000148,0.000148,0.525861,0.44047,0.000148,0.011604,0.021621
AAACTTGCAAACGTAT-1,0.000145,0.000145,0.000145,0.998985,0.000145,0.000145,0.00029
AAAGAATGACCTTAGA-1,0.000254,0.000254,0.000254,0.942927,0.000254,0.000254,0.055803
AAAGACATGAAGTTTA-1,0.000315,0.000315,0.000315,0.796763,0.201347,0.000315,0.00063
AAAGACCCAAGTCGCG-1,0.006923,0.000101,0.000101,0.704491,0.000101,0.140121,0.148161
AAAGACTGGGCGCTTT-1,0.000121,0.000121,0.000121,0.189534,0.142652,0.297459,0.369992
AAAGCTTGCCTACATA-1,0.000381,0.000381,0.085728,0.710366,0.119636,0.082747,0.000762
AAAGGCCCTATAATAC-1,0.003528,0.000158,0.265322,0.572424,0.000158,0.158095,0.000315
AAAGGCTACGGACCAT-1,0.000434,0.000434,0.000434,0.571442,0.184972,0.173812,0.068471
AAAGGCTCTCGCGCCG-1,0.000063,0.000063,0.01342,0.429183,0.003528,0.016587,0.537154
AAAGGGATGTAGCAAG-1,0.00006,0.00006,0.00006,0.855179,0.00006,0.039191,0.10539
AAAGGGCAGCTTGAAT-1,0.00775,0.000133,0.046556,0.943728,0.000133,0.001436,0.000265
AAAGGTAAGCTGTACC-1,0.000201,0.000201,0.026147,0.615688,0.000201,0.357162,0.000401
AAAGGTCAACGACATG-1,0.004631,0.00463,0.004633,0.758214,0.004632,0.004633,0.218626
AAAGTAGCATTGCTCA-1,0.000152,0.000152,0.073508,0.913944,0.000152,0.000152,0.01194
AAAGTCACTGATGTAA-1,0.000228,0.000228,0.000228,0.946011,0.000228,0.000228,0.052849
AAAGTCGACCCTCAGT-1,0.000262,0.000262,0.000262,0.682246,0.025138,0.171196,0.120634
AAAGTGTGATTTATCT-1,0.000117,0.000117,0.000117,0.84874,0.112484,0.001782,0.036642
AAAGTTGACTCCCGTA-1,0.000043,0.000043,0.000043,0.016803,0.125553,0.151128,0.706389
AAATAACCATACGGGA-1,0.006631,0.000278,0.148241,0.787187,0.000278,0.056829,0.000556
AAATAAGGTAGTGCCC-1,0.071098,0.000102,0.01441,0.789365,0.119101,0.005721,0.000204
AAATACCTATAAGCAT-1,0.005169,0.000322,0.000322,0.546812,0.000322,0.268896,0.178157
AAATAGCTTAGACTTT-1,0.000084,0.000084,0.007453,0.98034,0.000084,0.011785,0.000169
AAATCACTCCTAAACG-1,0.002058,0.002058,0.078559,0.909088,0.002059,0.002059,0.004118
AAATCGCGGAAGGAGT-1,0.000214,0.000214,0.190922,0.741715,0.000214,0.066294,0.000428
AAATCGTGTACCACAA-1,0.00037,0.000371,0.018816,0.203845,0.000371,0.240816,0.535412
AAATCTGCCCGCGTCC-1,0.000294,0.000294,0.000294,0.460244,0.000294,0.537991,0.000588
AAATGATTCGATCAGC-1,0.013307,0.000106,0.186137,0.680421,0.119711,0.000106,0.000211
AAATGGCATGTCTTGT-1,0.015854,0.000159,0.255733,0.686592,0.000159,0.018932,0.022571
AAATGGCCCGTGCCCT-1,0.000761,0.000761,0.000762,0.660817,0.000762,0.334613,0.001523
AAATGTATCTTATCCC-1,0.000368,0.000368,0.028892,0.597044,0.324806,0.047786,0.000736
AAATTAACGGGTAGCT-1,0.000943,0.000043,0.036886,0.857294,0.012015,0.016728,0.076091
AAATTAATAAGCGCGA-1,0.000138,0.000138,0.000138,0.710887,0.000138,0.105236,0.183325
AAATTACACGACTCTG-1,0.000322,0.000322,0.087251,0.910816,0.000322,0.000322,0.000645
AAATTACCTATCGATG-1,0.000246,0.000247,0.000247,0.998274,0.000247,0.000247,0.000493
AAATTCCAGGTCCAAA-1,0.007894,0.000049,0.040599,0.852596,0.000049,0.090768,0.008045
AAATTGATAGTCCTTT-1,0.000121,0.000122,0.000122,0.457261,0.054396,0.12238,0.365599
AAATTGGTGAGAAGCA-1,0.000545,0.000545,0.141342,0.855388,0.000545,0.000545,0.00109
AAATTTACCGAAATCC-1,0.000145,0.000145,0.000145,0.570728,0.000145,0.428403,0.00029
AAATTTGCGGGTGTGG-1,0.000175,0.000175,0.038309,0.742314,0.000175,0.116139,0.102711
AACAACTGGTAGTTGC-1,0.000286,0.000286,0.000286,0.559583,0.000286,0.438702,0.000572
AACAATACATTGTCGA-1,0.000632,0.000632,0.000632,0.813909,0.000632,0.000632,0.182933
AACAATTACTCTACGC-1,0.000169,0.000169,0.000169,0.900132,0.000169,0.000169,0.099021
AACACACGCTCGCCGC-1,0.007178,0.00018,0.00018,0.529088,0.00018,0.38279,0.080403
AACACGACTGTACTGA-1,0.000086,0.000086,0.016345,0.039451,0.005048,0.497686,0.441299
AACACGAGACGCGGCC-1,0.003172,0.00009,0.052991,0.857443,0.002004,0.072557,0.011744
AACAGCTGTGTGGCAA-1,0.000259,0.000259,0.048939,0.94951,0.000259,0.000259,0.000517
AACAGGAAATCGAATA-1,0.000239,0.000239,0.022229,0.000478,0.000239,0.409436,0.56714
AACAGGATGGGCCGCG-1,0.000138,0.000138,0.051965,0.947206,0.000138,0.000138,0.000276
AACAGGTAGTATGGAT-1,0.000026,0.000026,0.003738,0.685896,0.077672,0.178546,0.054096
AACATATCAACTGGTG-1,0.000065,0.000065,0.032318,0.129691,0.033354,0.307998,0.496508
AACATCGATACGTCTA-1,0.000169,0.000169,0.048875,0.674504,0.275778,0.000169,0.000337
AACATTGAAGTTGATC-1,0.000377,0.000377,0.098794,0.796713,0.000377,0.000377,0.102986
AACATTGTGACTCGAG-1,0.000145,0.000145,0.045581,0.385915,0.000145,0.402953,0.165116
AACCAAGACTTCTCTG-1,0.000274,0.000275,0.000275,0.845929,0.152424,0.000275,0.000549
AACCAGTATCACTCTT-1,0.004587,0.000186,0.000186,0.559295,0.000186,0.326706,0.108854
AACCATAGGGTTGAAC-1,0.0001,0.0001,0.010717,0.486885,0.021724,0.226094,0.254379
AACCCATCCCATGATC-1,0.000157,0.000157,0.403861,0.595198,0.000157,0.000157,0.000314
AACCCGACAACCCGTG-1,0.000731,0.000731,0.213028,0.587569,0.000732,0.000732,0.196477
AACCCGATAGGGCTTC-1,0.000365,0.000365,0.000365,0.23881,0.000365,0.759002,0.000729
AACCCTACTGTCAATA-1,0.000027,0.000026,0.000026,0.000053,0.134909,0.112297,0.752661
AACCCTGGTGGAACCA-1,0.001123,0.342087,0.02099,0.631308,0.001123,0.001123,0.002246
AACCGAGCTTGGTCAT-1,0.000119,0.000119,0.034608,0.776294,0.002632,0.021002,0.165227
AACCGCTAAGGGATGC-1,0.000045,0.000044,0.001414,0.998319,0.000044,0.000044,0.000089
AACCGTTGTGTTTGCT-1,0.013813,0.000415,0.000415,0.538075,0.000415,0.189677,0.25719
AACCTGTCACGGAATT-1,0.000051,0.000051,0.220641,0.746896,0.000051,0.01753,0.014778
AACCTTTACGACGTCT-1,0.042679,0.000294,0.337929,0.617921,0.000294,0.000294,0.000588
AACGAAAGTCGTCCCA-1,0.000178,0.000178,0.148439,0.83218,0.018489,0.000178,0.000357
AACGATAGAAGGGCCG-1,0.000058,0.000058,0.000058,0.440836,0.000058,0.057467,0.501466
AACGATATGTCAACTG-1,0.002624,0.00011,0.00011,0.846749,0.00011,0.00011,0.150189
AACGCATGATCTGGGT-1,0.000159,0.000159,0.299289,0.671693,0.000159,0.000159,0.028383
AACGCGGTCTCCAGCC-1,0.000156,0.000156,0.000156,0.998908,0.000156,0.000156,0.000312
AACGGACGTACGTATA-1,0.000031,0.000031,0.003497,0.984339,0.000031,0.01201,0.000062
AACGGCCATCTCCGGT-1,0.000094,0.000094,0.033344,0.689015,0.012369,0.068562,0.196523
AACGTACTGTGGGTAC-1,0.000154,0.000154,0.000154,0.457942,0.000154,0.228507,0.312933
AACGTGATGAAGGACA-1,0.002925,0.002925,0.002926,0.522333,0.002926,0.460112,0.005852
AACGTGCGAAAGTCTC-1,0.006588,0.000065,0.028663,0.77437,0.000065,0.000065,0.190183
AACGTTATCAGCACCT-1,0.002545,0.000123,0.000123,0.698049,0.112499,0.135033,0.051627
AACTACCCGTTTGTCA-1,0.000053,0.000053,0.015996,0.44911,0.130388,0.327618,0.076783
AACTAGGCTTGGGTGT-1,0.000049,0.000049,0.01205,0.387861,0.000049,0.181009,0.418933
AACTCAAGTTAATTGC-1,0.000107,0.000107,0.000107,0.99925,0.000107,0.000107,0.000214
AACTCCTAATCCCATG-1,0.005985,0.000199,0.03504,0.47177,0.377957,0.000199,0.108849
AACTCTCAATAGAGCG-1,0.000104,0.000104,0.000104,0.822833,0.000104,0.000104,0.176649
AACTCTCAGTGTGCTC-1,0.000034,0.000034,0.012643,0.255171,0.000034,0.011362,0.720722
AACTGAGGTCAGCGTC-1,0.000327,0.000327,0.000327,0.753667,0.000327,0.244371,0.000654
AACTGATATTAGGCCT-1,0.003974,0.000337,0.000337,0.597425,0.000337,0.117149,0.280441
AACTGGGTCCCGACGT-1,0.000159,0.000159,0.023055,0.945027,0.000159,0.000159,0.031283
AACTGGGTTCGAGCCG-1,0.000325,0.000325,0.000325,0.043367,0.000325,0.954683,0.00065
AACTTCTGCGTCTATC-1,0.000125,0.000125,0.000125,0.626327,0.058259,0.192712,0.122327
AACTTGCCCGTATGCA-1,0.006347,0.000219,0.000219,0.992339,0.000219,0.000219,0.000438
AACTTTACGGGAGCTT-1,0.000222,0.000222,0.045359,0.910592,0.000222,0.042939,0.000444
AACTTTCTCGATCATG-1,0.064704,0.000741,0.080609,0.733459,0.000741,0.118263,0.001483
AAGAAAGTTTGATGGG-1,0.000958,0.000958,0.000958,0.528285,0.000958,0.204594,0.263287
AAGAAATCACCAGATT-1,0.000532,0.000532,0.143118,0.85369,0.000532,0.000532,0.001064
AAGACCAAATAACTCA-1,0.000162,0.000162,0.114585,0.792195,0.092411,0.000162,0.000324
AAGACCCAACTGAACA-1,0.000194,0.000194,0.29245,0.692433,0.000194,0.014146,0.000388
AAGACTCACGCCCACT-1,0.000394,0.000394,0.026225,0.202259,0.197474,0.572465,0.000789
AAGACTGCAAGCTACT-1,0.01126,0.000042,0.338528,0.255715,0.02986,0.137938,0.226657
AAGAGATGAATCGGTA-1,0.052527,0.000142,0.000142,0.946623,0.000142,0.000142,0.000283
AAGAGCTCTTTATCGG-1,0.000031,0.000031,0.016094,0.157011,0.014305,0.01573,0.796799
AAGAGGATGTACGCGA-1,0.002315,0.000089,0.100605,0.346637,0.059193,0.072889,0.418273
AAGAGGCATGGATCGC-1,0.007072,0.000167,0.000167,0.99187,0.000167,0.000167,0.000391
AAGATGGCACCGGACC-1,0.000224,0.000224,0.033557,0.96301,0.000224,0.002315,0.000447
AAGATTGGCGGAACGT-1,0.00013,0.00013,0.00013,0.767717,0.00013,0.205848,0.025917
AAGCCGAAGCGGTTTA-1,0.001967,0.000092,0.000092,0.45805,0.085249,0.18101,0.273541
AAGCCGCCGTGAAATC-1,0.000114,0.000114,0.36779,0.631523,0.000115,0.000115,0.000229
AAGCCGCTTTACCTTG-1,0.000171,0.000171,0.913776,0.066089,0.000171,0.000171,0.019452
AAGCGGAGTGCGCGCA-1,0.000436,0.000436,0.000436,0.000872,0.117374,0.485823,0.394623
AAGCGGCGTCATGGGT-1,0.016993,0.000443,0.13249,0.459401,0.000443,0.351853,0.038376
AAGCGTCCCTCATCGA-1,0.009224,0.000102,0.008995,0.668273,0.188439,0.09982,0.025147
AAGCTATGGATTGACC-1,0.004274,0.004274,0.004279,0.970069,0.004276,0.004276,0.008552
AAGCTCGTGCCAAGTC-1,0.001259,0.000072,0.023532,0.744034,0.090868,0.000072,0.140163
AAGGATCGATCGCTTG-1,0.002571,0.000046,0.000046,0.495222,0.243591,0.054974,0.20355
AAGGATGAGGGACCTC-1,0.00338,0.000063,0.000063,0.61505,0.000063,0.10882,0.272561
AAGGCAGGCTGTCTCC-1,0.000097,0.000097,0.000097,0.907007,0.000097,0.000097,0.092508
AAGGCGCGTAAAGCTT-1,0.000364,0.000365,0.000365,0.673542,0.000365,0.209057,0.115943
AAGGCTGTGCTCATCG-1,0.008003,0.000291,0.000291,0.521843,0.000291,0.24415,0.22513
AAGGGAACGACTGGCT-1,0.000167,0.000167,0.192735,0.615019,0.183749,0.000167,0.007996
AAGGGACAGATTCTGT-1,0.000179,0.000179,0.000179,0.341086,0.18445,0.169149,0.304777
AAGGGACTATGCATTC-1,0.000167,0.000167,0.692111,0.227702,0.000167,0.07935,0.000335
AAGGGTTTGATTTCAG-1,0.00015,0.00015,0.371804,0.420198,0.066868,0.140528,0.000301
AAGGTATCCTAATATA-1,0.000088,0.000088,0.052236,0.536912,0.000088,0.162262,0.248328
AAGGTGATAAACCAGC-1,0.000152,0.000153,0.000153,0.765321,0.038713,0.16829,0.027218
AAGTAGAAGACCGGGT-1,0.009682,0.000371,0.000371,0.55543,0.000371,0.064817,0.36896
AAGTAGTGACGCGAGG-1,0.000321,0.000321,0.000321,0.950444,0.047628,0.000321,0.000643
AAGTCAATTGTCGTCA-1,0.051633,0.141034,0.000046,0.054307,0.284703,0.249649,0.218629
AAGTCTAGTAGCTGCC-1,0.04275,0.000277,0.509401,0.271187,0.000277,0.175556,0.000553
AAGTCTTCTGTGGCCT-1,0.000325,0.000325,0.000325,0.831443,0.000325,0.000325,0.166931
AAGTGACGACCGAATT-1,0.000616,0.000079,0.000079,0.118394,0.000079,0.041616,0.839137
AAGTGAGTCGGGTTTA-1,0.000089,0.000089,0.050886,0.59359,0.000089,0.176353,0.178903
AAGTGCAAAGGTAGAC-1,0.006202,0.000231,0.000231,0.977114,0.000231,0.000231,0.015761
AAGTGCCTTGACTGTA-1,0.000142,0.000142,0.000142,0.586009,0.184319,0.01824,0.211007
AAGTGCGTTAGAATCT-1,0.003455,0.000136,0.246217,0.357567,0.000136,0.283694,0.108794
AAGTGCTTCTCTATTG-1,0.000862,0.000862,0.000862,0.65808,0.000862,0.000862,0.337611
AAGTTCAGTCTGCGTA-1,0.000178,0.000178,0.097768,0.674109,0.105662,0.000178,0.121926
AAGTTCGGCCAACAGG-1,0.005601,0.000134,0.000134,0.751257,0.000134,0.103557,0.139182
AAGTTTACTAATGGCA-1,0.000463,0.000463,0.000463,0.464542,0.000463,0.205195,0.32841
AATAACAACGCTCGGC-1,0.000404,0.000404,0.067361,0.374305,0.307183,0.228696,0.021647
AATAACACTAGAACAA-1,0.00002,0.00002,0.00002,0.031681,0.033351,0.000289,0.934619
AATAAGTCCTCGAGAC-1,0.00247,0.00247,0.002472,0.656989,0.107809,0.222848,0.004942
AATACAATGTTTCAGG-1,0.001011,0.001011,0.001011,0.163608,0.001011,0.184489,0.64786
AATACCGGAGGGCTGT-1,0.000274,0.000274,0.205205,0.793148,0.000275,0.000275,0.000549
AATAGAACAGAGTGGC-1,0.002613,0.000116,0.000116,0.882643,0.000116,0.000116,0.11428
AATAGAATCTGTTTCA-1,0.001635,0.000035,0.000035,0.570746,0.130501,0.218062,0.078986
AATAGCAAGCCTCCTG-1,0.000161,0.000161,0.000161,0.62675,0.000161,0.119307,0.253299
AATAGCTACCGCGTGC-1,0.000165,0.000165,0.02569,0.958422,0.015062,0.000165,0.00033
AATAGTCCGTCCCGAC-1,0.000051,0.000051,0.000051,0.289297,0.01297,0.189753,0.507827
AATAGTCGCGAGTCGG-1,0.000713,0.000713,0.000713,0.745516,0.000713,0.000713,0.25092
AATATCCTAGCAAACT-1,0.000234,0.000234,0.000234,0.862474,0.136125,0.000234,0.000467
AATATCGAATCAATGC-1,0.000037,0.000037,0.008987,0.853403,0.043469,0.081261,0.012805
AATATCGAGGGTTCTC-1,0.000209,0.000209,0.000209,0.99854,0.000209,0.000209,0.000417
AATATTGGAGTATTGA-1,0.098017,0.000166,0.000166,0.807445,0.000166,0.013489,0.080549
AATCAGGTTTCATTTA-1,0.000361,0.000361,0.000361,0.506517,0.000361,0.414072,0.077967
AATCCAAGGGCCTGAG-1,0.000069,0.000069,0.025692,0.465738,0.070748,0.256819,0.180866
AATCGCCTCAGCGCCA-1,0.000196,0.000196,0.102887,0.753193,0.000196,0.115799,0.027533
AATCGCGCAGAGGACT-1,0.002189,0.000106,0.000106,0.79023,0.000106,0.017763,0.1895
AATCGGGACACTACGA-1,0.000159,0.000159,0.000159,0.466871,0.000159,0.269997,0.262496
AATCTAGGTTTACTTG-1,0.001916,0.001916,0.001917,0.986582,0.001917,0.001917,0.003834
AATCTATGCCGGAGCC-1,0.000155,0.000155,0.000155,0.998913,0.000155,0.000155,0.000311
AATCTCTACTGTGGTT-1,0.018796,0.000428,0.000428,0.864591,0.000428,0.044072,0.071258
AATCTGCGTTGGGACG-1,0.003584,0.000147,0.000147,0.995534,0.000147,0.000147,0.000294
AATCTGGCTTTCTAGT-1,0.021347,0.000746,0.000746,0.974176,0.000746,0.000746,0.001492
AATCTGGGTAGACCCT-1,0.000344,0.000344,0.000344,0.707226,0.000344,0.290708,0.000688
AATGACAGCAATGTCT-1,0.00017,0.00017,0.00017,0.593642,0.00017,0.055769,0.349908
AATGACGTAGGATGTC-1,0.004246,0.000155,0.000155,0.788841,0.05186,0.118176,0.036566
AATGATGATACGCTAT-1,0.00031,0.00031,0.068821,0.929321,0.00031,0.00031,0.000619
AATGATGCGACTCCTG-1,0.000286,0.000287,0.042026,0.724146,0.000287,0.167012,0.065957
AATGCAACCGGGTACC-1,0.000095,0.000095,0.169833,0.730735,0.000095,0.04221,0.056936
AATGCACCAAGCAATG-1,0.081853,0.000849,0.000849,0.913055,0.000849,0.000849,0.001698
AATGGCCGCCAATGCG-1,0.003175,0.003177,0.003179,0.977761,0.003177,0.003177,0.006354
AATGGTCCACCGTTCA-1,0.000263,0.000263,0.000263,0.99816,0.000263,0.000263,0.000526
AATGTATGGCACTGTA-1,0.000438,0.000438,0.089451,0.83803,0.000438,0.000438,0.070768
AATGTGCCCGAGGTGT-1,0.00021,0.00021,0.00021,0.773419,0.00021,0.09983,0.12591
AATGTGCTAATCTGAG-1,0.00036,0.00036,0.00036,0.765273,0.166285,0.016098,0.051264
AATTAAAGGTCGGCGT-1,0.000034,0.000034,0.04025,0.797202,0.004315,0.017478,0.140687
AATTACGAGACCCATC-1,0.005008,0.000338,0.258244,0.735058,0.000338,0.000338,0.000676
AATTCATAAGGGATCT-1,0.000211,0.000211,0.000211,0.998523,0.000211,0.000211,0.000422
AATTCATTGTCATGCA-1,0.000387,0.000387,0.000387,0.997288,0.000387,0.000387,0.000775
AATTCTAGAGTTAGGC-1,0.0002,0.0002,0.0002,0.591075,0.199077,0.036566,0.172682
AATTGAACGCTCTGGT-1,0.000065,0.000065,0.000065,0.23675,0.000065,0.117524,0.645467
AATTGCGTGGATTACA-1,0.000139,0.000139,0.000139,0.610387,0.035847,0.260165,0.093183
AATTTGGGACATAGTA-1,0.000545,0.000545,0.000545,0.996185,0.000545,0.000545,0.00109
AATTTGGTTCCAAAGA-1,0.00583,0.000471,0.031281,0.72226,0.000471,0.000471,0.239216
ACAAACCATGCGTCCT-1,0.000113,0.000113,0.45011,0.486984,0.029805,0.000113,0.03276
ACAAAGAAGGTAGGCC-1,0.000224,0.000224,0.048508,0.861156,0.000224,0.000224,0.089439
ACAAATCGCACCGAAT-1,0.000011,0.000011,0.011561,0.217869,0.062286,0.436318,0.271945
ACAAATGGTAGTGTTT-1,0.000138,0.000138,0.000138,0.876797,0.000138,0.000138,0.122511
ACAAATTCAGATCTGA-1,0.000168,0.000168,0.000168,0.422518,0.000168,0.32541,0.251399
ACAACAGCATGAGCTA-1,0.000084,0.000084,0.000084,0.939838,0.000084,0.000084,0.059741
ACAACGGTCCCTGCGA-1,0.006734,0.000071,0.000071,0.992841,0.000071,0.000071,0.000142
ACAAGCAGTGCCTAGC-1,0.00024,0.00024,0.00024,0.822698,0.00024,0.13419,0.042154
ACAAGCTATATGGAAG-1,0.040309,0.000241,0.000241,0.958247,0.000241,0.000241,0.000481
ACAAGGAAATCCGCCC-1,0.000021,0.000021,0.000021,0.867593,0.002724,0.083581,0.046038
ACAAGGACAAGAGGTT-1,0.00006,0.00006,0.013142,0.882618,0.00006,0.095158,0.008901
ACAAGGCCTACCAGCC-1,0.000553,0.000553,0.000553,0.518936,0.000553,0.477745,0.001106
ACAAGGGCAGGCTCTG-1,0.002856,0.00012,0.00012,0.996424,0.00012,0.00012,0.00024
ACAATAGTCGTACGTT-1,0.000165,0.000165,0.116169,0.814477,0.000227,0.009452,0.059345
ACAATCCATTTAAACC-1,0.001208,0.001208,0.001209,0.592574,0.192708,0.001209,0.209884
ACAATGAATACGGAGA-1,0.000154,0.000154,0.009094,0.797594,0.000154,0.027978,0.164871
ACAATGATTCTTCTAC-1,0.000116,0.000116,0.000116,0.12976,0.3069,0.394814,0.168179
ACAATTGTGTCTCTTT-1,0.000108,0.000108,0.000108,0.737388,0.000108,0.1233,0.13888
ACAATTTAGGAGGCTC-1,0.000228,0.000228,0.000228,0.779568,0.060628,0.000711,0.158409
ACAATTTGAGCAGTGG-1,0.000122,0.000122,0.000122,0.999144,0.000122,0.000122,0.000245
ACAATTTGGCCATATT-1,0.00011,0.00011,0.00011,0.579868,0.201022,0.07816,0.14062
ACACAAAGACGGGTGG-1,0.000118,0.000118,0.073526,0.714889,0.004198,0.126295,0.080855
ACACAAATATTCCTAG-1,0.000741,0.000741,0.099455,0.896097,0.000741,0.000741,0.001483
ACACACCAGGACCAGT-1,0.000116,0.000116,0.027892,0.582358,0.264241,0.122355,0.002923
ACACACTTTCTACACG-1,0.0003,0.0003,0.000301,0.352962,0.410063,0.000301,0.235773
ACACATGATCAAATCT-1,0.000305,0.000306,0.088866,0.909301,0.000305,0.000305,0.000611
ACACCACATAATTAGC-1,0.002991,0.000088,0.000088,0.72408,0.004162,0.042786,0.225804
ACACCCAGCATGCAGC-1,0.002994,0.000329,0.034086,0.892534,0.000329,0.000497,0.069233
ACACCCGTAAATCTGT-1,0.000238,0.000238,0.000238,0.998334,0.000238,0.000238,0.000476
ACACCGGTCTGACCGC-1,0.000257,0.000257,0.148883,0.721407,0.128424,0.000257,0.000515
ACACCTTACTACTTGC-1,0.003893,0.000127,0.000127,0.776552,0.000127,0.00661,0.212564
ACACGAGACTCCTTCT-1,0.000039,0.000039,0.000039,0.30989,0.000039,0.012554,0.6774
ACACGGCACTATGCAT-1,0.007939,0.007944,0.007941,0.705402,0.246945,0.007942,0.015886
ACACGGGAACTTAGGG-1,0.00012,0.00012,0.064811,0.934467,0.00012,0.00012,0.000241
ACACTGATCAAGGTGT-1,0.000031,0.000031,0.000031,0.007481,0.014087,0.003044,0.975293
ACAGAACTGAGAACAA-1,0.004901,0.000104,0.009899,0.596846,0.000104,0.303926,0.084221
ACAGATTAGGTTAGTG-1,0.000479,0.000479,0.000479,0.451422,0.000479,0.000479,0.546182
ACAGCATAGAGCCAGT-1,0.001764,0.000073,0.01792,0.255555,0.000073,0.006992,0.717624
ACAGCGCACCCGCAGC-1,0.030194,0.000639,0.000639,0.783323,0.000639,0.000639,0.183927
ACAGGTGGAGGTGAGG-1,0.000157,0.000157,0.000157,0.894296,0.000157,0.000157,0.10492
ACAGGTGTGTTGTTGC-1,0.000288,0.000288,0.000288,0.857607,0.000288,0.000288,0.140953
ACAGTAATACAACTTG-1,0.000479,0.000479,0.039584,0.214332,0.126168,0.314396,0.304561
ACAGTATACCGTGGGA-1,0.000273,0.000273,0.000273,0.998087,0.000273,0.000273,0.000546
ACAGTGCAGCGCATTT-1,0.002021,0.002021,0.23155,0.601765,0.002022,0.156578,0.004043
ACATAAGTCGTGGTGA-1,0.000257,0.000257,0.000257,0.846909,0.023416,0.12839,0.000514
ACATAATAAGGCGGTG-1,0.000091,0.000091,0.000091,0.007151,0.078298,0.000091,0.914187
ACATCAGCTGGGACGC-1,0.002912,0.000355,0.000355,0.994956,0.000355,0.000355,0.000711
ACATCCCGGCCATACG-1,0.002595,0.000094,0.000094,0.400226,0.06403,0.105797,0.427163
ACATCCTGGTAACTGT-1,0.004817,0.000197,0.000197,0.993998,0.000197,0.000198,0.000395
ACATCGATCGTTTACC-1,0.000389,0.000389,0.000389,0.5632,0.000389,0.000389,0.434856
ACATCGGTCAGCCGCG-1,0.000155,0.000155,0.029933,0.685164,0.000155,0.28327,0.001168
ACATCGTATGCAATGG-1,0.000192,0.000192,0.000192,0.996123,0.000192,0.002727,0.000383
ACATCGTTAACCTAGT-1,0.003585,0.003586,0.112181,0.866301,0.003587,0.003587,0.007173
ACATCTCAACGCGTAA-1,0.000366,0.000366,0.110236,0.216461,0.000366,0.628636,0.043571
ACATGCTTACGGCAGC-1,0.000241,0.000241,0.027375,0.535702,0.000241,0.405113,0.031085
ACATGGCGCCAAAGTA-1,0.002527,0.000136,0.000136,0.996656,0.000136,0.000136,0.000273
ACATTAGTTTATATCC-1,0.000298,0.000298,0.000298,0.477591,0.000298,0.000298,0.520918
ACCAAACACCCAGCGA-1,0.003579,0.000087,0.661582,0.283537,0.000087,0.008453,0.042675
ACCAACACCACACACT-1,0.00012,0.00012,0.176298,0.822981,0.00012,0.00012,0.00024
ACCAACGCTTATTTAT-1,0.004489,0.000041,0.000041,0.063719,0.002621,0.009163,0.919927
ACCAAGAACGCGTGTC-1,0.00003,0.00003,0.00003,0.285585,0.00003,0.171366,0.542927
ACCACAACTCAGAACA-1,0.004833,0.004832,0.004835,0.966165,0.004834,0.004835,0.009666
ACCACAAGTTTCTATC-1,0.000189,0.000189,0.000189,0.362573,0.000189,0.223695,0.412978
ACCACCAATGTAACAA-1,0.018202,0.000077,0.000077,0.866685,0.11473,0.000077,0.000153
ACCACCCTCTCTTCTA-1,0.000258,0.000258,0.141727,0.768622,0.000258,0.000258,0.088619
ACCACGTGCAGCTATA-1,0.000018,0.000018,0.002889,0.521133,0.04386,0.227099,0.204981
ACCAGACCATAACAAC-1,0.000409,0.000409,0.000409,0.683691,0.138219,0.000409,0.176456
ACCAGCCCGGTCTTTG-1,0.000882,0.000882,0.000882,0.993823,0.000882,0.000882,0.001765
ACCAGTGCCCGGTCAA-1,0.000193,0.000193,0.000193,0.796273,0.000193,0.075965,0.12699
ACCAGTGCGGGAGACG-1,0.001315,0.000081,0.014275,0.26454,0.15197,0.435594,0.132225
ACCATCCGCCAACTAG-1,0.000239,0.000239,0.000239,0.99833,0.000239,0.000239,0.000477
ACCATCGTATATGGTA-1,0.000213,0.000213,0.000213,0.831573,0.000213,0.000213,0.167364
ACCCAACGCCCGTGGC-1,0.000132,0.000132,0.000132,0.9733,0.0106,0.001773,0.013931
ACCCACCTACATGCTC-1,0.000183,0.000183,0.000183,0.817752,0.181147,0.000183,0.000367
ACCCATCTTGAGGGTA-1,0.000126,0.000126,0.021021,0.569705,0.000126,0.015712,0.393184
ACCCGAGCGAAATTAC-1,0.000205,0.000205,0.447901,0.477331,0.001063,0.000205,0.07309
ACCCGATTGGTTCCGA-1,0.000519,0.000519,0.00052,0.515699,0.00052,0.481184,0.001039
ACCCGGAAACTCCCAG-1,0.006026,0.000481,0.028023,0.280647,0.000481,0.056465,0.627876
ACCCGGATGACGCATC-1,0.013139,0.000138,0.224476,0.639733,0.000138,0.000138,0.122236
ACCCGGTTACACTTCC-1,0.000063,0.000063,0.007383,0.30765,0.021721,0.03203,0.631089
ACCCGTAGCAGAGAAT-1,0.000111,0.000111,0.000111,0.414571,0.000111,0.415695,0.169291
ACCCGTGTCATCAGTA-1,0.010132,0.000059,0.035508,0.50214,0.000059,0.219771,0.232331
ACCCTATGCCATATCG-1,0.000128,0.000128,0.000128,0.22649,0.128588,0.029926,0.614613
ACCCTCCCTTGCTATT-1,0.00015,0.00015,0.00015,0.594874,0.003087,0.32053,0.08106
ACCCTGGTAACGCCCT-1,0.000179,0.000179,0.323809,0.675118,0.000179,0.000179,0.000358
ACCCTTCATCTGCGAA-1,0.000621,0.000621,0.000621,0.6577,0.000621,0.000621,0.339195
ACCCTTGCCTGGGTCG-1,0.000162,0.000162,0.000162,0.000324,0.083798,0.273084,0.642309
ACCCTTTAGTTCTCCA-1,0.00041,0.00041,0.00041,0.799072,0.00041,0.0892,0.110086
ACCGAAAGGGCCCTGC-1,0.002643,0.000114,0.000114,0.996671,0.000114,0.000114,0.000229
ACCGAAGAGTCTGGTT-1,0.010592,0.000169,0.288801,0.612373,0.000169,0.078562,0.009334
ACCGACTGAGTCCCAC-1,0.000225,0.000225,0.000225,0.921103,0.000225,0.000225,0.077774
ACCGATGGTAGCATCG-1,0.000112,0.000112,0.000112,0.999216,0.000112,0.000112,0.000224
ACCGCAATAACTGCCT-1,0.008453,0.000325,0.000325,0.416359,0.041353,0.471032,0.062153
ACCGCGGTGGAAGTCG-1,0.00131,0.00004,0.00004,0.06459,0.28123,0.162178,0.490612
ACCGGGCCTTTGTTGA-1,0.004717,0.000045,0.017923,0.593568,0.010014,0.212216,0.161516
ACCGGTCAGGTACACC-1,0.000307,0.000306,0.165644,0.832518,0.000306,0.000306,0.000613
ACCGGTCTGAGTACGG-1,0.008613,0.000325,0.044604,0.268075,0.000325,0.510262,0.167796
ACCGTCCACTGGGCCC-1,0.000113,0.000113,0.743722,0.246961,0.000113,0.008753,0.000226
ACCGTGACCACGTGGG-1,0.000354,0.000354,0.119147,0.878728,0.000354,0.000354,0.000708
ACCGTTCCCGCTCTGA-1,0.001443,0.001443,0.001444,0.904102,0.001444,0.001444,0.088679
ACCTAAGTACCTTTCA-1,0.000168,0.000167,0.000167,0.840213,0.000167,0.091669,0.067448
ACCTAATCGACTTCCT-1,0.000219,0.000219,0.000219,0.814427,0.000219,0.082564,0.102132
ACCTACAGTATGTGGT-1,0.000112,0.000112,0.380758,0.517247,0.000112,0.100499,0.00116
ACCTCCGTTATTCACC-1,0.001358,0.000076,0.000076,0.545682,0.000076,0.024762,0.427969
ACCTCGAACTTATGCT-1,0.000394,0.000394,0.081364,0.786466,0.000394,0.130199,0.000789
ACCTGCGTGTCATGTT-1,0.000214,0.000214,0.000214,0.95139,0.000214,0.000214,0.047541
ACGAAATGGGCGGCAC-1,0.00051,0.00051,0.191434,0.805506,0.00051,0.00051,0.00102
ACGACTGGTCATACTC-1,0.000316,0.000316,0.000316,0.908036,0.000316,0.090069,0.000632
ACGAGATATTTGCTTA-1,0.003473,0.003474,0.414259,0.234989,0.003475,0.003475,0.336855
ACGAGGATACCACTCT-1,0.000423,0.000423,0.119856,0.5526,0.05326,0.272593,0.000846
ACGAGGTTTACAACGT-1,0.004753,0.000107,0.618382,0.376331,0.000107,0.000107,0.000213
ACGAGTACGGATGCCC-1,0.000161,0.000161,0.288614,0.710422,0.000161,0.000161,0.000321
ACGATACATAGAACTA-1,0.000092,0.000092,0.000092,0.274225,0.053034,0.350131,0.322335
ACGATACCTATCCTGA-1,0.00014,0.00014,0.097343,0.285793,0.184707,0.048829,0.383047
ACGATCATACATAGAG-1,0.00006,0.00006,0.021871,0.025288,0.089208,0.019242,0.844271
ACGATCATCTTGTAAA-1,0.00113,0.000096,0.000096,0.998294,0.000096,0.000096,0.000192
ACGATGCATATGTTAT-1,0.000127,0.000127,0.021825,0.95313,0.000127,0.009387,0.015278
ACGATGGATCCGATGC-1,0.00067,0.00067,0.00067,0.347991,0.00067,0.581889,0.067441
ACGCAAACTAATAGAT-1,0.003316,0.000324,0.000324,0.89855,0.000324,0.000324,0.096838
ACGCAATCACTACAGC-1,0.000191,0.00019,0.062907,0.893046,0.00019,0.00019,0.043285
ACGCATAAATGACATG-1,0.000206,0.000205,0.034525,0.478645,0.000206,0.386655,0.099559
ACGCATTCGTGAGTAC-1,0.000019,0.000019,0.004459,0.000038,0.000019,0.000019,0.995428
ACGCCAGATGATTTCT-1,0.000585,0.000585,0.000585,0.809162,0.000585,0.000585,0.187912
ACGCCCAGCTGTCGAT-1,0.001355,0.001356,0.001356,0.636143,0.001356,0.226066,0.132368
ACGCCGCTAGACGACC-1,0.004546,0.000011,0.004841,0.000023,0.141325,0.169164,0.68009
ACGCGAAGTCAGACGA-1,0.000135,0.000135,0.000135,0.402723,0.004874,0.16527,0.42673
ACGCGCTACACAGGGT-1,0.000218,0.000218,0.000218,0.998474,0.000218,0.000218,0.000436
ACGCGGGCCAAGGACA-1,0.000031,0.000031,0.000031,0.271869,0.001977,0.085852,0.640208
ACGCGTTTCTTAAGAG-1,0.000258,0.000258,0.000258,0.841768,0.000258,0.000258,0.156942
ACGCTAGTATCAGTGC-1,0.108662,0.003088,0.003087,0.872809,0.003088,0.003089,0.006177
ACGCTAGTGATACACT-1,0.004652,0.00017,0.26257,0.496745,0.00017,0.235352,0.000341
ACGCTGTGAGGCGTAG-1,0.402513,0.000238,0.032284,0.564016,0.000238,0.000238,0.000475
ACGCTTAGTGTCTCTC-1,0.001292,0.001293,0.001293,0.670187,0.001293,0.322056,0.002586
ACGGACGCAGCGACAA-1,0.000202,0.000203,0.088622,0.526063,0.000203,0.161275,0.223433
ACGGAGCGCAAATTAC-1,0.000254,0.000254,0.018431,0.980043,0.000254,0.000254,0.000509
ACGGCACTTGCTTGGG-1,0.000069,0.000069,0.000069,0.832759,0.000069,0.036837,0.130128
ACGGCCAACATGGACT-1,0.000039,0.000039,0.01947,0.292391,0.004896,0.234732,0.448434
ACGGCGACGATGGGAA-1,0.000024,0.000024,0.023342,0.492156,0.117804,0.272699,0.093953
ACGGCTGGATGTAGAA-1,0.008016,0.000197,0.334029,0.65697,0.000197,0.000197,0.000394
ACGGGAGTGTCGGCCC-1,0.000066,0.000066,0.000066,0.278302,0.000066,0.026854,0.69458
ACGGGCGTATGCGACA-1,0.000201,0.000201,0.017314,0.981482,0.000201,0.000201,0.000401
ACGGGTTGTGACCTGT-1,0.000868,0.000868,0.000869,0.712976,0.000869,0.000869,0.282681
ACGGTCACCGAGAACA-1,0.000153,0.000153,0.000153,0.62462,0.000153,0.334568,0.040202
ACGTACAGATTTCTCT-1,0.000868,0.000869,0.000869,0.838127,0.000869,0.000869,0.15753
ACGTACTTTGGCACGG-1,0.000654,0.000654,0.000654,0.64099,0.000654,0.000654,0.35574
ACGTAGATTGCTGATG-1,0.005945,0.000138,0.000138,0.850376,0.000138,0.000144,0.143122
ACGTATTACTCCGATC-1,0.0002,0.0002,0.040302,0.875003,0.0002,0.083697,0.000399
ACGTCGGGCAACTCGG-1,0.000177,0.000177,0.000177,0.816023,0.000177,0.182915,0.000354
ACGTCTCGTTCCGGGA-1,0.02023,0.000102,0.000102,0.786186,0.000102,0.077331,0.115948
ACGTGACAAAGTAAGT-1,0.000212,0.000212,0.052232,0.946495,0.000212,0.000212,0.000424
ACGTGCGCCTCGTGCA-1,0.000099,0.000099,0.000099,0.398386,0.000099,0.042353,0.558866
ACGTTAATGTCGAAGA-1,0.006919,0.000032,0.054358,0.461437,0.123606,0.215447,0.138201
ACGTTAGATTTGCCCG-1,0.000218,0.000218,0.166466,0.614098,0.000218,0.167955,0.050828
ACGTTATTGGTCACTC-1,0.000601,0.000601,0.000601,0.600075,0.000601,0.396319,0.001202
ACGTTCCGCGCTCCGT-1,0.103361,0.000251,0.000251,0.509586,0.000251,0.325942,0.060358
ACGTTCGCAATCAATT-1,0.000108,0.000108,0.000108,0.999242,0.000108,0.000108,0.000217
ACGTTCGTTCAGGAAA-1,0.001727,0.000089,0.150298,0.267336,0.000089,0.28123,0.29923
ACGTTTAGTTGTGATC-1,0.001407,0.001408,0.001407,0.694806,0.001407,0.001408,0.298157
ACTAAGGACGCACACC-1,0.00039,0.00039,0.028986,0.372448,0.205601,0.213791,0.178394
ACTAATACGTCAGGCG-1,0.000211,0.000211,0.000211,0.573888,0.000211,0.36306,0.062208
ACTACATCCCGACAAG-1,0.000279,0.000279,0.101593,0.896736,0.000279,0.000279,0.000557
ACTACGCGTTAGAATT-1,0.000231,0.000231,0.411444,0.503329,0.000231,0.084073,0.000461
ACTAGTTGCGATCGTC-1,0.000588,0.000031,0.000031,0.454157,0.056493,0.201748,0.286952
ACTATATGCTGTGTTC-1,0.00101,0.001011,0.14798,0.615351,0.001011,0.231615,0.002022
ACTATCCAGGGCATGG-1,0.000047,0.000047,0.000047,0.337226,0.242381,0.099341,0.320913
ACTATGTCCAGCTGCC-1,0.000215,0.000215,0.343495,0.586021,0.069409,0.000215,0.00043
ACTATTCGTCCGTGGT-1,0.009214,0.000307,0.304918,0.577793,0.000307,0.000307,0.107154
ACTATTTCCGGGCCCA-1,0.004473,0.000483,0.000483,0.749914,0.000483,0.096864,0.147299
ACTCAATAAAGGCACG-1,0.000137,0.000137,0.000137,0.505063,0.000137,0.242544,0.251846
ACTCATGGCAGCCTTC-1,0.000761,0.000761,0.047684,0.947747,0.000762,0.000762,0.001523
ACTCCAATATCATCAT-1,0.020751,0.000434,0.000434,0.976643,0.000434,0.000434,0.000869
ACTCCCATTCCTAAAG-1,0.000101,0.000101,0.000101,0.956697,0.000101,0.01985,0.023051
ACTCCCGAATTCGTTT-1,0.000087,0.000087,0.494576,0.5049,0.000087,0.000087,0.000175
ACTCCCGTAGACTAGG-1,0.023357,0.000232,0.608768,0.219595,0.147352,0.000232,0.000464
ACTCCCTAGAATAGTA-1,0.000642,0.000643,0.000643,0.419764,0.000643,0.291714,0.285952
ACTCGATGTATTTCAT-1,0.005706,0.000227,0.000227,0.556368,0.000227,0.379752,0.057493
ACTCGCGATCTGACGC-1,0.000312,0.000312,0.047196,0.683922,0.041378,0.226255,0.000625
ACTCGTAACCCGTCCT-1,0.000746,0.000746,0.000746,0.815998,0.000746,0.000746,0.180271
ACTCGTCAGTAATCCC-1,0.000144,0.000144,0.136786,0.837028,0.000144,0.000144,0.025612
ACTCTAAACCTGGGAT-1,0.004869,0.000438,0.000438,0.824588,0.123708,0.045083,0.000876
ACTCTCTGACTTAGGT-1,0.010514,0.000249,0.036397,0.861653,0.000249,0.09044,0.000498
ACTCTCTTATACACGA-1,0.00247,0.00247,0.375672,0.609504,0.002471,0.002471,0.004942
ACTCTTCAGCTCCCGC-1,0.006247,0.000107,0.197283,0.348119,0.447922,0.000107,0.000214
ACTCTTGTATAGTAAC-1,0.000023,0.000023,0.000023,0.094642,0.000023,0.002458,0.902807
ACTGAATGGCGAAAGT-1,0.000038,0.000038,0.005699,0.855111,0.000038,0.123264,0.015811
ACTGATTTAGTGATTC-1,0.000741,0.000741,0.000741,0.528355,0.000741,0.366544,0.102137
ACTGCCCGCCATTCTC-1,0.001182,0.001183,0.180413,0.560279,0.253394,0.001183,0.002366
ACTGCCGTCGTAACTC-1,0.000087,0.000087,0.009769,0.194158,0.000087,0.000087,0.795724
ACTGCGGACACACCGT-1,0.000106,0.000106,0.000106,0.965015,0.000107,0.000107,0.034452
ACTGCTCGGAAGGATG-1,0.01535,0.000083,0.697173,0.222012,0.000083,0.000083,0.065216
ACTGGCGAACCTGCGT-1,0.000534,0.000535,0.000535,0.191967,0.015545,0.789816,0.001069
ACTGTACGATACACAT-1,0.000145,0.000145,0.000145,0.865557,0.000145,0.000145,0.133716
ACTGTAGCACTTTGGA-1,0.002844,0.000131,0.000131,0.996373,0.000131,0.000131,0.000261
ACTGTCCAGGATTATA-1,0.000457,0.000458,0.062108,0.46477,0.000458,0.318934,0.152816
ACTGTCTTCTTTAGAA-1,0.000064,0.000064,0.035011,0.482769,0.048353,0.248334,0.185404
ACTTACCGGGCGCGCA-1,0.006175,0.006173,0.224812,0.738132,0.006177,0.006177,0.012354
ACTTATACTTACCCGG-1,0.002353,0.000119,0.000119,0.996934,0.000119,0.000119,0.000238
ACTTATTAGGATCGGT-1,0.00057,0.00057,0.093812,0.506508,0.00057,0.00057,0.397399
ACTTATTTATGTGCCA-1,0.000069,0.000069,0.000069,0.980552,0.000069,0.000069,0.019101
ACTTCAGGCTGATCCC-1,0.000293,0.000293,0.000293,0.424883,0.000293,0.326929,0.247014
ACTTCCAGTGGAAGCT-1,0.000292,0.000292,0.249022,0.749227,0.000292,0.000292,0.000584
ACTTCCTGTCGTGCGA-1,0.003473,0.003474,0.003475,0.340206,0.057702,0.003475,0.588195
ACTTCGCCATACGCAC-1,0.000255,0.000254,0.000254,0.875418,0.000254,0.073873,0.049691
ACTTCGCTAGCGAGTG-1,0.000194,0.000194,0.000194,0.286721,0.000194,0.010356,0.702146
ACTTGACTCCCTCTTT-1,0.00013,0.00013,0.00013,0.866033,0.00013,0.133186,0.00026
ACTTGCTCTATCTACC-1,0.000166,0.000166,0.000166,0.288243,0.000166,0.532887,0.178205
ACTTGTAGTCCCTTCA-1,0.000132,0.000132,0.000132,0.18356,0.002831,0.254951,0.558264
ACTTTACCCTCATGAA-1,0.000106,0.000106,0.028551,0.970812,0.000106,0.000106,0.000212
ACTTTATACACCACTT-1,0.000286,0.000287,0.000287,0.073513,0.110936,0.643336,0.171356
ACTTTCCTATAGCTTC-1,0.000198,0.000198,0.000198,0.996059,0.000198,0.002754,0.000396
ACTTTGACTGCATCCT-1,0.000242,0.000242,0.000242,0.971809,0.000242,0.000242,0.026979
ACTTTGGTCGTGCTCC-1,0.000463,0.000463,0.000463,0.996758,0.000463,0.000463,0.000926
AGAACACGGCGATGGT-1,0.000106,0.000106,0.000106,0.138776,0.09831,0.645583,0.117014
AGAACCCAGCGTGACA-1,0.015701,0.000094,0.013338,0.614116,0.000094,0.23552,0.121138
AGAACCCTCAATTGGG-1,0.000189,0.000189,0.234659,0.687163,0.077233,0.000189,0.000378
AGAACGTGGTACATTC-1,0.02713,0.000178,0.000178,0.971804,0.000178,0.000178,0.000355
AGAAGAGCGCCGTTCC-1,0.000727,0.000727,0.000727,0.994913,0.000727,0.000727,0.001453
AGAAGGTACACTTCAC-1,0.000314,0.000313,0.000313,0.869634,0.000313,0.000313,0.128799
AGAAGGTTGCCGAATT-1,0.000123,0.000123,0.014142,0.866124,0.000123,0.119118,0.000247
AGAAGTGATTCGTGAT-1,0.003457,0.000088,0.000088,0.399463,0.003872,0.185745,0.407286
AGAATAAATCTTCAGG-1,0.015937,0.000209,0.000209,0.809747,0.000209,0.000209,0.173478
AGAATGCGGGTTCGGA-1,0.000699,0.000699,0.000699,0.877584,0.000699,0.000699,0.118919
AGAATTATGGATTCGA-1,0.003905,0.000069,0.000069,0.458891,0.00884,0.038907,0.48932
AGACAGCTCAGAATCC-1,0.000135,0.000135,0.044082,0.451667,0.000135,0.238502,0.265345
AGACCAAACCACACCT-1,0.005053,0.000156,0.164348,0.719495,0.085374,0.000156,0.025419
AGACCATGGGATACAA-1,0.00032,0.00032,0.00032,0.90499,0.077202,0.016205,0.000641
AGACCCGCCCTCCTCG-1,0.000104,0.000104,0.043281,0.787669,0.000104,0.000104,0.168635
AGACCGGGAAACCCTG-1,0.000155,0.000155,0.000155,0.998913,0.000155,0.000155,0.000311
AGACGAAGTGCCGGTC-1,0.000367,0.000367,0.000367,0.332821,0.15221,0.391008,0.12286
AGACGACGATGCCGCT-1,0.000069,0.000069,0.000069,0.202474,0.150705,0.362472,0.284141
AGACGGGCCGATTTAA-1,0.000215,0.000215,0.000215,0.332161,0.000215,0.543338,0.12364
AGACTGTTACCGGGTC-1,0.000128,0.000127,0.075052,0.747522,0.017019,0.150956,0.009197
AGAGAAACACCAGAAA-1,0.035485,0.000068,0.028763,0.353229,0.017978,0.497026,0.067451
AGAGAACCGTCTAGGA-1,0.000058,0.000058,0.000058,0.148492,0.04979,0.378436,0.423106
AGAGAAGGAGTACAAT-1,0.000138,0.000138,0.109057,0.852878,0.000138,0.037377,0.000276
AGAGATCTCTAAAGCG-1,0.000053,0.000053,0.020745,0.32537,0.008904,0.141553,0.503324
AGAGCAGTTATGAGAC-1,0.000324,0.000324,0.000324,0.916651,0.000324,0.000324,0.081728
AGAGCGCTTGTAACGG-1,0.000211,0.000211,0.512782,0.485955,0.000211,0.000211,0.000421
AGAGCGGGCTAATCAT-1,0.007927,0.000527,0.000527,0.758614,0.000527,0.000562,0.231316
AGAGCGTACAAGCTCG-1,0.000149,0.000149,0.000149,0.998957,0.000149,0.000149,0.000298
AGAGGCTTCGGAAACC-1,0.000124,0.000124,0.000124,0.430924,0.050539,0.308804,0.209361
AGAGGGACAATTGTCC-1,0.002365,0.002366,0.002366,0.092108,0.002366,0.893698,0.004731
AGAGTAAACTTCACTA-1,0.000066,0.000066,0.047771,0.575633,0.045709,0.294915,0.03584
AGAGTATAGTGTTACG-1,0.000303,0.000303,0.022021,0.757024,0.219441,0.000303,0.000606
AGAGTGAACAGACACC-1,0.004118,0.004118,0.004119,0.971171,0.004119,0.004118,0.008238
AGAGTTAGAGACCGAT-1,0.000075,0.000075,0.000075,0.094957,0.000665,0.469746,0.434407
AGAGTTGCAGGCCTCC-1,0.000305,0.000305,0.019533,0.321694,0.000305,0.462601,0.195256
AGATAACTTCAGGGCC-1,0.000051,0.000051,0.000051,0.905343,0.000051,0.082351,0.012102
AGATAATCACACCTAT-1,0.000326,0.000326,0.000326,0.63671,0.000326,0.361334,0.000652
AGATACCAGCACTTCA-1,0.004811,0.000492,0.233983,0.758746,0.000492,0.000492,0.000984
AGATACCGGTGTTCAC-1,0.02452,0.000236,0.000236,0.691647,0.000236,0.275277,0.007849
AGATACTCAAGATCGA-1,0.000051,0.000051,0.000051,0.124096,0.085376,0.289473,0.500901
AGATCGTGCATAAGAT-1,0.314874,0.000367,0.097484,0.585807,0.000367,0.000367,0.000734
AGATCTCAGGTGTGAT-1,0.007109,0.000159,0.174033,0.818063,0.000159,0.000159,0.000318
AGATCTGGAGAGGATA-1,0.000246,0.000246,0.00523,0.342237,0.000246,0.532175,0.11962
AGATGACTCGCCCACG-1,0.000072,0.000072,0.011251,0.440352,0.009133,0.020687,0.518432
AGATGAGGGTTGCGAT-1,0.010109,0.000351,0.000351,0.987786,0.000351,0.000351,0.000702
AGATGATGGAGTCTGG-1,0.016978,0.00013,0.00013,0.786353,0.194358,0.00013,0.001922
AGATGCAAGACGTGCA-1,0.000207,0.000207,0.050726,0.948029,0.000207,0.000207,0.000415
AGATGCATCCTGTGTC-1,0.000337,0.000337,0.000337,0.997642,0.000337,0.000337,0.000674
AGATTCAAGCGGGTCG-1,0.000496,0.000496,0.025149,0.627603,0.000496,0.344766,0.000993
AGATTCACAACCGATA-1,0.000257,0.000257,0.000257,0.998202,0.000257,0.000257,0.000514
AGCAACATATCTTATT-1,0.008994,0.00008,0.00008,0.256922,0.013191,0.251667,0.469066
AGCAACCGAAAGTAAT-1,0.000124,0.000124,0.000124,0.943014,0.000124,0.000124,0.056365
AGCACACGTTTAGACT-1,0.000501,0.000501,0.028184,0.341608,0.229284,0.332388,0.067534
AGCACCAGTACTCACG-1,0.000168,0.000168,0.000168,0.998824,0.000168,0.000168,0.000336
AGCACTACCGGCCTGT-1,0.006596,0.000236,0.000236,0.841812,0.11473,0.000236,0.036154
AGCACTTAAGGACGCC-1,0.000069,0.000069,0.013963,0.172246,0.040491,0.083812,0.689351
AGCAGCCAGATGAATA-1,0.000024,0.000024,0.000024,0.000048,0.02071,0.003862,0.975308
AGCATATCAATATGCT-1,0.005708,0.000154,0.000154,0.623868,0.006559,0.343909,0.019647
AGCATCATTTCGAAAG-1,0.007888,0.000178,0.026051,0.965171,0.000178,0.000178,0.000356
AGCATCGTCGATAATT-1,0.00009,0.00009,0.087095,0.912366,0.00009,0.00009,0.00018
AGCCACTCCCGTGCTT-1,0.000268,0.000269,0.000269,0.780305,0.000269,0.11635,0.102271
AGCCCATACATGTAAG-1,0.005529,0.000182,0.000182,0.888263,0.000182,0.105299,0.000363
AGCCCGGCATTAGAGG-1,0.000272,0.000272,0.28373,0.714639,0.000272,0.000272,0.000544
AGCCCGGTAGCCTGTA-1,0.000094,0.000094,0.030891,0.691978,0.000094,0.14423,0.13262
AGCCCTAAGCGAAGTT-1,0.000228,0.000228,0.000228,0.000457,0.231109,0.063416,0.704333
AGCCCTCCCTGGTGGC-1,0.000515,0.000515,0.00953,0.795905,0.000515,0.077031,0.11599
AGCCCTGTCGCACCGT-1,0.000089,0.000089,0.02111,0.679475,0.077117,0.000089,0.222032
AGCCCTTCTAATCCGA-1,0.000264,0.000264,0.064428,0.90263,0.031621,0.000264,0.000528
AGCCGCAAATTCAAAT-1,0.137263,0.000145,0.000145,0.589422,0.000145,0.169623,0.103256
AGCCGTGGCTAAATGT-1,0.005652,0.000192,0.000192,0.717075,0.000192,0.103236,0.173462
