Barcode,Topic 1,Topic 2,Topic 3to4,Topic 5,Topic 6to9
AAACAACGAATAGTTC-1,0.000576,0.414465,0.582079,0.000576,0.002304
AAACAAGTATCTCCCA-1,0.000032,0.032985,0.46691,0.000032,0.500041
AAACAATCTACTAGCA-1,0.001389,0.00139,0.528723,0.00139,0.467108
AAACACCAATAACTGC-1,0.000028,0.03865,0.385584,0.398387,0.177352
AAACAGCTTTCAGAAG-1,0.000061,0.01116,0.903587,0.000061,0.08513
AAACAGGGTCTATATT-1,0.000022,0.001594,0.029987,0.151734,0.816663
AAACATTTCCCGGATT-1,0.000033,0.078372,0.317625,0.060697,0.543274
AAACCCGAACGAAATC-1,0.000028,0.103221,0.365846,0.105005,0.425899
AAACCGGAAATGTTAA-1,0.000026,0.01556,0.182985,0.076923,0.724505
AAACCGGGTAGGTACC-1,0.000059,0.101836,0.653467,0.000059,0.244579
AAACCGTTCGTCCAGG-1,0.000026,0.148629,0.13682,0.148401,0.566124
AAACCTAAGCAGCCGG-1,0.00007,0.157213,0.825523,0.00007,0.017124
AAACCTCATGAAGTTG-1,0.000025,0.000025,0.015097,0.237531,0.747322
AAACGAAGAACATACC-1,0.000206,0.262382,0.44189,0.000206,0.295316
AAACGAAGATGGAGTA-1,0.000027,0.03685,0.163147,0.044743,0.755233
AAACGAGACGGTTGAT-1,0.000068,0.346884,0.380049,0.008912,0.264087
AAACGCTGGGCACGAC-1,0.000153,0.101433,0.001223,0.000153,0.897037
AAACGGGCGTACGGGT-1,0.000078,0.000078,0.999455,0.000078,0.000311
AAACGGGTTGGTATCC-1,0.000437,0.000438,0.996936,0.000438,0.001751
AAACGGTTGCGAACTG-1,0.000058,0.28599,0.423709,0.02997,0.260274
AAACGTGTTCGCCCTA-1,0.000027,0.000027,0.425053,0.506998,0.067895
AAACTCGGTTCGCAAT-1,0.000033,0.138113,0.240866,0.05502,0.565968
AAACTTGCAAACGTAT-1,0.000026,0.00314,0.022698,0.088752,0.885384
AAAGAATGTGGACTAA-1,0.00014,0.00014,0.00552,0.156149,0.838051
AAAGACCCAAGTCGCG-1,0.002415,0.322344,0.663154,0.002417,0.009669
AAAGACTGGGCGCTTT-1,0.000038,0.000038,0.832388,0.000038,0.167497
AAAGCTTGCCTACATA-1,0.00003,0.077084,0.158289,0.216396,0.5482
AAAGGGATGTAGCAAG-1,0.000085,0.178013,0.728593,0.000085,0.093225
AAAGGGCAGCTTGAAT-1,0.00004,0.039096,0.539237,0.005712,0.415915
AAAGTAGCATTGCTCA-1,0.000019,0.000019,0.072935,0.270743,0.656284
AAAGTCACTGATGTAA-1,0.002525,0.002527,0.541819,0.002527,0.450602
AAAGTCGACCCTCAGT-1,0.000036,0.06873,0.337291,0.042077,0.551866
AAAGTGCCATCAATTA-1,0.00003,0.068181,0.521712,0.003982,0.406095
AAAGTGTGATTTATCT-1,0.000067,0.0709,0.545709,0.010945,0.37238
AAAGTTGACTCCCGTA-1,0.000029,0.037752,0.000058,0.248261,0.7139
AAATAAGGTAGTGCCC-1,0.000018,0.006869,0.000036,0.403068,0.590008
AAATAGCTTAGACTTT-1,0.000037,0.022084,0.206824,0.064923,0.706132
AAATAGGGTGCTATTG-1,0.000083,0.468143,0.337563,0.000083,0.194127
AAATCCGATACACGCC-1,0.000047,0.194558,0.783902,0.000047,0.021446
AAATCGCGGAAGGAGT-1,0.000038,0.307327,0.528347,0.000038,0.16425
AAATCGTGTACCACAA-1,0.000085,0.345725,0.405003,0.000085,0.249102
AAATCTAGCCCTGCTA-1,0.000044,0.148287,0.542469,0.000044,0.309155
AAATGACTGATCAAAC-1,0.000463,0.494009,0.503212,0.000463,0.001853
AAATGCTCGTTACGTT-1,0.000022,0.003476,0.16963,0.048521,0.778352
AAATGGCATGTCTTGT-1,0.00025,0.059972,0.938526,0.00025,0.001002
AAATGGCCCGTGCCCT-1,0.00004,0.017891,0.375188,0.034672,0.572208
AAATGGTCAATGTGCC-1,0.000038,0.200034,0.218104,0.055824,0.525999
AAATGTATCTTATCCC-1,0.000086,0.006197,0.290721,0.025773,0.677223
AAATGTGGGTGCTCCT-1,0.000389,0.840215,0.157452,0.000389,0.001555
AAATTAACGGGTAGCT-1,0.000051,0.140017,0.618325,0.000051,0.241556
AAATTAATAAGCGCGA-1,0.000039,0.000039,0.99973,0.000039,0.000155
AAATTACACGACTCTG-1,0.00015,0.158816,0.840282,0.00015,0.000601
AAATTACCTATCGATG-1,0.000046,0.181976,0.359191,0.034925,0.423861
AAATTCCAGGTCCAAA-1,0.000106,0.000106,0.487731,0.000106,0.511951
AAATTGATAGTCCTTT-1,0.000046,0.059887,0.606001,0.135983,0.198083
AAATTGCGGCGGTTCT-1,0.000741,0.000741,0.994812,0.000741,0.002965
AAATTGGTGAGAAGCA-1,0.000072,0.011381,0.576597,0.226291,0.185658
AAATTTGCGGGTGTGG-1,0.000044,0.119511,0.322043,0.055731,0.502671
AACAACTGGTAGTTGC-1,0.000045,0.120069,0.40698,0.021221,0.451684
AACAATTACTCTACGC-1,0.000034,0.016856,0.329711,0.049201,0.604199
AACACACGCTCGCCGC-1,0.000053,0.125687,0.42983,0.000053,0.444377
AACACGACTGTACTGA-1,0.000564,0.349813,0.646801,0.000564,0.002258
AACACGAGACGCGGCC-1,0.00004,0.007148,0.331389,0.043317,0.618107
AACACGCGGCCGCGAA-1,0.000364,0.000365,0.997448,0.000365,0.001458
AACAGCTGTGTGGCAA-1,0.000007,0.031369,0.003526,0.934276,0.030822
AACAGGAAATCGAATA-1,0.000076,0.032996,0.288792,0.076503,0.601632
AACAGGATGGGCCGCG-1,0.000033,0.0288,0.184143,0.063193,0.723832
AACAGGTAGTATGGAT-1,0.000032,0.0629,0.057778,0.109548,0.769742
AACATAGCGTGTATCG-1,0.000467,0.000467,0.99673,0.000467,0.001869
AACATATCAACTGGTG-1,0.000032,0.073682,0.281507,0.471529,0.17325
AACATTGGTCAGCCGT-1,0.001821,0.001823,0.987242,0.001823,0.007291
AACCAAGACTTCTCTG-1,0.000033,0.035857,0.051749,0.069408,0.842953
AACCATGGGATCGCTA-1,0.000042,0.059079,0.537911,0.004441,0.398527
AACCCAGAGACGGAGA-1,0.00003,0.067305,0.159382,0.27081,0.502473
AACCCATCCCATGATC-1,0.000026,0.053569,0.114367,0.166783,0.665256
AACCCGAGCAGAATCG-1,0.000029,0.068397,0.444142,0.023649,0.463783
AACCCGCTGTATTCCA-1,0.000132,0.998946,0.000263,0.000132,0.000527
AACCCTACTGTCAATA-1,0.000032,0.088873,0.128539,0.099693,0.682864
AACCCTGGTGGAACCA-1,0.000903,0.212839,0.766826,0.000904,0.018528
AACCGAGCTTGGTCAT-1,0.000065,0.58637,0.363202,0.009493,0.04087
AACCGCTAAGGGATGC-1,0.000044,0.299045,0.176646,0.063972,0.460293
AACCGTTGTGTTTGCT-1,0.00463,0.679553,0.009266,0.004633,0.301917
AACCTAAAGCCGTCCG-1,0.000132,0.000132,0.000265,0.249503,0.749968
AACCTCGCTTTAGCCC-1,0.000037,0.151618,0.146684,0.072515,0.629146
AACCTGTCACGGAATT-1,0.000107,0.133748,0.395999,0.000107,0.470037
AACCTTTAAATACGGT-1,0.000155,0.317387,0.563771,0.000155,0.118532
AACGAAAGTCGTCCCA-1,0.000045,0.11184,0.604531,0.046562,0.237023
AACGACCTCCTAGCCG-1,0.000306,0.085347,0.629725,0.000306,0.284315
AACGATAATGCCGTAG-1,0.000021,0.965451,0.000138,0.022789,0.011601
AACGATAGAAGGGCCG-1,0.000075,0.000075,0.929095,0.000075,0.070681
AACGCGAACGGCAACA-1,0.000224,0.000224,0.998434,0.000224,0.000895
AACGCGGTCTCCAGCC-1,0.000104,0.400719,0.456194,0.007243,0.13574
AACGCTGTTGCTGAAA-1,0.000072,0.109428,0.711695,0.000072,0.178734
AACGGACGTACGTATA-1,0.000033,0.121372,0.159079,0.070979,0.648537
AACGGCCATCTCCGGT-1,0.00004,0.119051,0.484878,0.092394,0.303637
AACGTACTGTGGGTAC-1,0.000049,0.124852,0.182926,0.092804,0.599369
AACGTAGTCTACCCAT-1,0.00045,0.18782,0.649519,0.00045,0.161762
AACGTCAGACTAGTGG-1,0.00005,0.219749,0.396431,0.00005,0.383721
AACGTCATCCGGCTTG-1,0.00011,0.30772,0.541151,0.00011,0.150909
AACGTCGCTGCACTTC-1,0.000404,0.063546,0.738774,0.000404,0.196872
AACGTGATGAAGGACA-1,0.000669,0.249102,0.746879,0.00067,0.002679
AACGTGCGAAAGTCTC-1,0.000076,0.677896,0.262137,0.000076,0.059815
AACGTTATCAGCACCT-1,0.00004,0.055794,0.455791,0.003187,0.485187
AACGTTCTACCATTGT-1,0.001323,0.363473,0.628585,0.001324,0.005295
AACTACCCGTTTGTCA-1,0.00005,0.0092,0.42693,0.001811,0.562009
AACTAGCGTATCGCAC-1,0.000247,0.000247,0.000494,0.124227,0.874785
AACTCAAGTTAATTGC-1,0.000033,0.218237,0.253767,0.001239,0.526723
AACTCCAGAGCGTGTT-1,0.000059,0.103386,0.719032,0.000059,0.177463
AACTCGATAAACACGT-1,0.000553,0.000553,0.996128,0.000553,0.002213
AACTCGATGGCGCAGT-1,0.000113,0.000113,0.061689,0.22949,0.708596
AACTCTCAATAGAGCG-1,0.000043,0.044688,0.133733,0.111926,0.70961
AACTCTCAGTGTGCTC-1,0.000049,0.128982,0.345788,0.059114,0.466067
AACTGAGTTATACTGA-1,0.000023,0.082724,0.269307,0.018982,0.628965
AACTGATATTAGGCCT-1,0.000051,0.104153,0.487399,0.009005,0.399391
AACTGGGTCCCGACGT-1,0.000058,0.091871,0.359844,0.025287,0.52294
AACTGGTGTGGGCCTT-1,0.000338,0.269744,0.607579,0.000338,0.122001
AACTTCTGCGTCTATC-1,0.000045,0.08157,0.510591,0.010836,0.396958
AACTTGCCCGTATGCA-1,0.000049,0.173063,0.399696,0.000049,0.427142
AACTTGCGTTCTCGCG-1,0.000043,0.091871,0.517936,0.000043,0.390106
AACTTTACGGGAGCTT-1,0.000037,0.073296,0.771103,0.000037,0.155526
AACTTTAGCTGCTGAG-1,0.000244,0.000244,0.863916,0.000244,0.135351
AACTTTCTCGATCATG-1,0.000029,0.005327,0.020592,0.229868,0.744184
AAGAAATCACCAGATT-1,0.000092,0.141172,0.401088,0.000092,0.457556
AAGAAGGATCAGTTAG-1,0.000011,0.000011,0.007931,0.267527,0.724521
AAGACATACGTGGTTT-1,0.000507,0.110568,0.886386,0.000508,0.002031
AAGACTAACCCGTTGT-1,0.001048,0.001049,0.992658,0.001049,0.004196
AAGAGATGAATCGGTA-1,0.000035,0.055508,0.462964,0.005589,0.475904
AAGAGCTCTTTATCGG-1,0.000046,0.731199,0.077835,0.014373,0.176547
AAGAGGATGTACGCGA-1,0.000057,0.095751,0.448993,0.108961,0.346238
AAGAGGCATGGATCGC-1,0.000089,0.201053,0.418502,0.000089,0.380266
AAGAGGCCCTTTGGAA-1,0.00004,0.135698,0.756001,0.00004,0.108222
AAGATTGGCGGAACGT-1,0.000058,0.066633,0.500509,0.057892,0.374907
AAGCACCCTGCGTATC-1,0.000084,0.180366,0.656204,0.000084,0.163262
AAGCATACTCTCCTGA-1,0.000129,0.500114,0.304612,0.009084,0.186061
AAGCCGAAGCGGTTTA-1,0.000039,0.006922,0.650724,0.000039,0.342276
AAGCCGCTTTACCTTG-1,0.000072,0.029898,0.105127,0.177135,0.687768
AAGCCGGAGAGCAGGA-1,0.00002,0.015175,0.160704,0.132162,0.691939
AAGCGCAGGGCTTTGA-1,0.000037,0.018163,0.216057,0.033054,0.732689
AAGCGTCCCTCATCGA-1,0.000029,0.102295,0.217289,0.190487,0.4899
AAGCTCGTGCCAAGTC-1,0.00011,0.715745,0.083764,0.012497,0.187884
AAGCTCTTTCATGGTG-1,0.000092,0.439704,0.445171,0.000092,0.11494
AAGGAGAACTTATAAG-1,0.000198,0.449351,0.549458,0.000199,0.000794
AAGGAGCGGTTGGTGC-1,0.000045,0.167534,0.217269,0.105041,0.510112
AAGGATCGATCGCTTG-1,0.000023,0.005414,0.040889,0.697695,0.255978
AAGGATGAGGGACCTC-1,0.00005,0.24419,0.364493,0.063658,0.327608
AAGGCAGGCTGTCTCC-1,0.000049,0.072591,0.364444,0.00606,0.556856
AAGGCGCGTAAAGCTT-1,0.000032,0.060082,0.103822,0.062111,0.773953
AAGGCTGTGCTCATCG-1,0.00003,0.162102,0.060574,0.180297,0.596997
AAGGGACAGATTCTGT-1,0.000052,0.130242,0.531163,0.146952,0.19159
AAGGGACTATGCATTC-1,0.000038,0.056364,0.639249,0.125726,0.178622
AAGGGTTAGCCATGCG-1,0.002584,0.002586,0.619253,0.073502,0.302076
AAGGGTTTGATTTCAG-1,0.000093,0.035433,0.305179,0.068046,0.591249
AAGGTGATAAACCAGC-1,0.000028,0.016951,0.000057,0.243282,0.739682
AAGTAGAAGACCGGGT-1,0.000045,0.080396,0.282906,0.052899,0.583754
AAGTAGTGACGCGAGG-1,0.000034,0.018851,0.10128,0.023863,0.855971
AAGTCAATTGTCGTCA-1,0.000044,0.04823,0.242274,0.021701,0.68775
AAGTCTAGTAGCTGCC-1,0.000076,0.197401,0.489495,0.009061,0.303966
AAGTCTTCTGTGGCCT-1,0.000037,0.000564,0.340486,0.002168,0.656744
AAGTGACGACCGAATT-1,0.000096,0.085113,0.718587,0.000096,0.196107
AAGTGCAAAGGTAGAC-1,0.000041,0.07955,0.722557,0.000041,0.197812
AAGTGCCTTGACTGTA-1,0.000046,0.373853,0.367043,0.000046,0.259011
AAGTGCGTTAGAATCT-1,0.000027,0.14099,0.141134,0.117753,0.600095
AAGTGTTTGGAGACGG-1,0.000084,0.539158,0.353498,0.000084,0.107176
AAGTTCACTCCAAGCT-1,0.000083,0.345505,0.302625,0.000083,0.351704
AAGTTCGGCCAACAGG-1,0.00004,0.129352,0.396038,0.041219,0.433352
AAGTTGTGATGTTATA-1,0.000088,0.079769,0.614043,0.000088,0.306011
AAGTTTACTAATGGCA-1,0.000545,0.99564,0.00109,0.000545,0.00218
AAGTTTATGGGCCCAA-1,0.000079,0.082824,0.916702,0.000079,0.000316
AATAACAACGCTCGGC-1,0.000042,0.002545,0.239703,0.100135,0.657575
AATAACACTAGAACAA-1,0.000032,0.122946,0.448623,0.079673,0.348726
AATAACGTCGCGCCCA-1,0.001248,0.348754,0.643751,0.001249,0.004997
AATAAGTCCTCGAGAC-1,0.001481,0.001483,0.503093,0.001482,0.492461
AATAATCTTCGTATCG-1,0.000033,0.162816,0.536578,0.000033,0.300539
AATACAATGTTTCAGG-1,0.000039,0.066331,0.649572,0.013719,0.270338
AATACCTGATGTGAAC-1,0.001709,0.001711,0.988027,0.001711,0.006842
AATAGAACAGAGTGGC-1,0.000036,0.250377,0.338825,0.006457,0.404305
AATAGAATCTGTTTCA-1,0.000069,0.132639,0.578204,0.000069,0.289019
AATAGTCGCGAGTCGG-1,0.00002,0.021463,0.173616,0.104524,0.700376
AATATCAAGGTCGGAT-1,0.001764,0.001765,0.697728,0.001765,0.296979
AATATCCTAGCAAACT-1,0.000027,0.008903,0.439474,0.06078,0.490816
AATATCGAATCAATGC-1,0.000033,0.12753,0.238541,0.048409,0.585487
AATATCGAGGGTTCTC-1,0.000066,0.230452,0.576825,0.062988,0.129669
AATATTGGAGTATTGA-1,0.000032,0.0188,0.026444,0.074867,0.879857
AATCAGACTGCAGGAC-1,0.000896,0.000897,0.993724,0.000897,0.003587
AATCATGTAAAGACTC-1,0.000049,0.088028,0.854624,0.000049,0.05725
AATCCAAGGGCCTGAG-1,0.000076,0.004681,0.840578,0.000076,0.15459
AATCCATGCAAGGGTG-1,0.000297,0.186484,0.378421,0.000297,0.434501
AATCCCGCTCAGAGCC-1,0.000281,0.648587,0.338239,0.000281,0.012612
AATCGAGGTCTCAAGG-1,0.000539,0.423877,0.572885,0.00054,0.002159
AATCGCCTCAGCGCCA-1,0.000065,0.36655,0.208957,0.018,0.406429
AATCGCGCAGAGGACT-1,0.000058,0.000058,0.853228,0.000058,0.146597
AATCGGGACACTACGA-1,0.00161,0.001612,0.988722,0.001611,0.006445
AATCGGTATAGCCCTC-1,0.001406,0.001407,0.990148,0.001408,0.00563
AATCGTGAGCCGAGCA-1,0.000573,0.434516,0.562045,0.000573,0.002293
AATCTAGGTTTACTTG-1,0.000065,0.100646,0.641406,0.000065,0.257818
AATCTCTACTGTGGTT-1,0.000044,0.000044,0.676652,0.000575,0.322686
AATCTGCGTTGGGACG-1,0.000069,0.097249,0.544528,0.022877,0.335277
AATCTGGCTTTCTAGT-1,0.000051,0.08263,0.489714,0.000051,0.427553
AATGACAGCAATGTCT-1,0.000036,0.112396,0.130802,0.142749,0.614017
AATGACGTAGGATGTC-1,0.000091,0.54857,0.389805,0.000091,0.061443
AATGACTGTCAGCCGG-1,0.000036,0.106392,0.100539,0.122557,0.670476
AATGAGTTCGCATATG-1,0.000012,0.000012,0.084586,0.000012,0.915378
AATGATGATACGCTAT-1,0.000011,0.000011,0.057012,0.831279,0.111688
AATGATGCGACTCCTG-1,0.000062,0.225692,0.694509,0.000062,0.079675
AATGCAACCGGGTACC-1,0.000059,0.183228,0.29189,0.000245,0.524578
AATGCACCAAGCAATG-1,0.000011,0.001413,0.33732,0.482851,0.178404
AATGGTCCACCGTTCA-1,0.000043,0.066094,0.759117,0.000043,0.174702
AATGGTTCTCACAAGC-1,0.000052,0.123944,0.378595,0.030777,0.466633
AATGTGCCCGAGGTGT-1,0.000058,0.119016,0.57101,0.071806,0.23811
AATGTTAAGACCCTGA-1,0.000992,0.013002,0.981042,0.000993,0.003971
AATGTTGTCGTGAGAC-1,0.000215,0.399714,0.597319,0.000215,0.002537
AATTAAAGGTCGGCGT-1,0.00005,0.278516,0.508781,0.00005,0.212603
AATTAACGGATTTCCA-1,0.000106,0.256925,0.684029,0.00106,0.057881
AATTACGAGACCCATC-1,0.000041,0.354552,0.432869,0.000041,0.212497
AATTACTCGTACGCTC-1,0.000394,0.000394,0.383524,0.000394,0.615294
AATTATACCCAGCAAG-1,0.000159,0.096226,0.902821,0.000159,0.000635
AATTCATAAGGGATCT-1,0.000051,0.183417,0.498386,0.166849,0.151298
AATTCCAACTTGGTGA-1,0.001339,0.347852,0.644112,0.001339,0.005358
AATTCCAAGCATGTAC-1,0.000421,0.000421,0.731653,0.000421,0.267084
AATTCGATTCGAGGAT-1,0.000219,0.000219,0.872255,0.000219,0.127087
AATTGAACGCTCTGGT-1,0.000073,0.148576,0.692337,0.000073,0.158941
AATTGCAGCAATCGAC-1,0.000033,0.000033,0.367854,0.006202,0.625877
AATTGTGGTTGCCAAA-1,0.000018,0.000018,0.421844,0.000018,0.578103
AATTTGGTTCCAAAGA-1,0.001145,0.008861,0.278954,0.001146,0.709893
ACAAACCGACAAGGCG-1,0.000197,0.48828,0.367671,0.000197,0.143656
ACAAAGAAGGTAGGCC-1,0.000035,0.030908,0.926178,0.000035,0.042844
ACAAAGCATGACCTAG-1,0.000013,0.000013,0.000901,0.393149,0.605924
ACAAATCGCACCGAAT-1,0.000043,0.495199,0.11139,0.03585,0.357518
ACAAATGGTAGTGTTT-1,0.000074,0.178215,0.50214,0.006126,0.313444
ACAACAGCATGAGCTA-1,0.000153,0.304602,0.407018,0.000153,0.288073
ACAACGGTCCCTGCGA-1,0.000029,0.06155,0.312855,0.015201,0.610365
ACAAGCAGTGCCTAGC-1,0.000033,0.072039,0.3029,0.008902,0.616126
ACAAGCTATATGGAAG-1,0.000056,0.000057,0.982533,0.000057,0.017298
ACAAGGAAATCCGCCC-1,0.000046,0.844147,0.152206,0.000046,0.003556
ACAAGGACAAGAGGTT-1,0.000025,0.071363,0.054217,0.163228,0.711169
ACAAGGATGCTTTAGG-1,0.00005,0.131521,0.723149,0.00005,0.14523
ACAAGGGCAGGCTCTG-1,0.000077,0.506619,0.356876,0.000077,0.136351
ACAATAGTCGTACGTT-1,0.000079,0.207119,0.443602,0.000079,0.349122
ACAATCCATTTAAACC-1,0.00005,0.050431,0.498113,0.072666,0.378741
ACAATCGATCTTTATA-1,0.001277,0.001278,0.991055,0.001278,0.005112
ACAATGAATACGGAGA-1,0.000024,0.102441,0.219805,0.507808,0.169923
ACAATTGTGTCTCTTT-1,0.000059,0.233017,0.613948,0.000059,0.152917
ACAATTTAGGAGGCTC-1,0.000044,0.010308,0.769947,0.000044,0.219658
ACAATTTGAGCAGTGG-1,0.000052,0.233478,0.3646,0.020452,0.381418
ACAATTTGGCCATATT-1,0.000043,0.083449,0.473815,0.000043,0.442651
ACACAAAGACGGGTGG-1,0.000048,0.271447,0.510994,0.000048,0.217463
ACACAAATATTCCTAG-1,0.000072,0.06552,0.342183,0.273779,0.318446
ACACACCAGGACCAGT-1,0.000048,0.162913,0.334085,0.018605,0.48435
ACACACTTTCTACACG-1,0.000074,0.000074,0.452362,0.000074,0.547416
ACACATGATCAAATCT-1,0.000026,0.034067,0.296929,0.505427,0.163551
ACACATTGACGCAACA-1,0.000274,0.000274,0.055813,0.000274,0.943366
ACACATTTCCGTAGAC-1,0.000092,0.107767,0.623263,0.000093,0.268786
ACACCACATAATTAGC-1,0.000039,0.023727,0.281041,0.046395,0.648798
ACACCCAGCATGCAGC-1,0.000055,0.129163,0.540828,0.000055,0.329898
ACACCCGAGAAATCCG-1,0.000026,0.18045,0.089419,0.033308,0.696797
ACACCGAGCGCTCTTT-1,0.000926,0.000927,0.376696,0.000927,0.620525
ACACCTTAAGTAGGGC-1,0.000058,0.161154,0.387706,0.022961,0.428121
ACACCTTACTACTTGC-1,0.00004,0.001537,0.026254,0.090916,0.881253
ACACGAGACTCCTTCT-1,0.000104,0.390958,0.509593,0.000104,0.09924
ACACGGCACTATGCAT-1,0.000882,0.000883,0.545987,0.000883,0.451366
ACACGGGAACTTAGGG-1,0.000051,0.900165,0.084909,0.000051,0.014823
ACACGTAGGCCACAAG-1,0.000042,0.04079,0.589432,0.008859,0.360877
ACACTCCAATGTCACT-1,0.000031,0.046599,0.289705,0.079069,0.584596
ACACTGATCAAGGTGT-1,0.000046,0.253398,0.296112,0.05945,0.390993
ACACTGGGACAGTCGT-1,0.000028,0.007699,0.196294,0.037955,0.758024
ACAGAACTGAGAACAA-1,0.00004,0.107025,0.457707,0.089147,0.346082
ACAGATTAGGTTAGTG-1,0.000444,0.189301,0.716219,0.000445,0.093591
ACAGCATAGAGCCAGT-1,0.002364,0.002366,0.004731,0.002366,0.988172
ACAGCGACATTCTCAT-1,0.000053,0.065833,0.583234,0.033661,0.31722
ACAGCGCACCCGCAGC-1,0.000328,0.054087,0.416734,0.000328,0.528523
ACAGGAGGCGCAGCCG-1,0.000617,0.000618,0.995676,0.000618,0.002471
ACAGGCACGGATCCTT-1,0.000741,0.000741,0.001482,0.000741,0.996294
ACAGGCTTGCCCGACT-1,0.000051,0.133739,0.185425,0.07418,0.606605
ACAGGTGGAGGTGAGG-1,0.000041,0.049398,0.266048,0.113573,0.570939
ACAGGTGTGTTGTTGC-1,0.000033,0.000033,0.706851,0.000033,0.29305
ACAGTAATACAACTTG-1,0.000028,0.042081,0.199975,0.072834,0.685081
ACAGTATACCGTGGGA-1,0.000184,0.057723,0.294234,0.094878,0.552982
ACATAAGTCGTGGTGA-1,0.000033,0.08332,0.389548,0.003448,0.52365
ACATAATAAGGCGGTG-1,0.000067,0.20029,0.542504,0.000067,0.257072
ACATACAATCAAGCGG-1,0.000117,0.411441,0.587856,0.000117,0.000469
ACATCAGCTGGGACGC-1,0.000027,0.039303,0.555097,0.030345,0.375228
ACATCCTGGTAACTGT-1,0.000029,0.027993,0.029726,0.245015,0.697236
ACATCGGTCAGCCGCG-1,0.000057,0.131042,0.3568,0.005812,0.506288
ACATCGTATGCAATGG-1,0.00009,0.300149,0.556922,0.00009,0.142749
ACATCGTTAACCTAGT-1,0.000501,0.200011,0.757692,0.000501,0.041295
ACATCTCAACGCGTAA-1,0.000487,0.311188,0.685886,0.000488,0.001951
ACATGGCGCCAAAGTA-1,0.000061,0.023978,0.518901,0.006359,0.450701
ACATGGCTCAATTTAG-1,0.001883,0.193384,0.79531,0.001885,0.007538
ACATTTGAAACCTAAC-1,0.000983,0.000984,0.993113,0.000984,0.003936
ACCAAACACCCAGCGA-1,0.000217,0.143814,0.401006,0.450742,0.004221
ACCAAACTAGAAATCC-1,0.000665,0.210173,0.710366,0.076132,0.002663
ACCAACCGCACTCCAC-1,0.000037,0.173002,0.618292,0.000037,0.208632
ACCAACGCTTATTTAT-1,0.000042,0.251488,0.515231,0.000042,0.233197
ACCAAGAACGCGTGTC-1,0.000029,0.070345,0.142492,0.047769,0.739365
ACCAAGTCATCGGCAG-1,0.001462,0.001463,0.98976,0.001463,0.005852
ACCAATATGCAAGTTA-1,0.000092,0.45596,0.246779,0.020895,0.276274
ACCACAACTCAGAACA-1,0.000089,0.01201,0.001786,0.182738,0.803378
ACCACAAGTTTCTATC-1,0.000036,0.207452,0.288542,0.004461,0.499509
ACCACACGGTTGATGG-1,0.00161,0.128284,0.862049,0.001611,0.006445
ACCACCAATGTAACAA-1,0.000054,0.067003,0.631806,0.000209,0.300928
ACCACCCTCTCTTCTA-1,0.000078,0.18025,0.425968,0.019725,0.373978
ACCACGTGCAGCTATA-1,0.00007,0.654644,0.294148,0.00007,0.051067
ACCACTGTTCAAGAAG-1,0.001406,0.30629,0.685266,0.001407,0.00563
ACCAGACCATAACAAC-1,0.000033,0.000033,0.83831,0.000033,0.161592
ACCAGCCCGGTCTTTG-1,0.001263,0.736648,0.255771,0.001264,0.005054
ACCAGGAGTGTGATCT-1,0.00057,0.00057,0.996009,0.00057,0.002281
ACCAGTGCGGGAGACG-1,0.000043,0.020073,0.202726,0.142709,0.634449
ACCATATCCGCAATAA-1,0.000042,0.244042,0.544301,0.019415,0.192201
ACCATCCGCCAACTAG-1,0.000057,0.070316,0.82737,0.000057,0.102199
ACCATCGTATATGGTA-1,0.000029,0.088922,0.000057,0.286648,0.624344
ACCATTAAGGGTGTCA-1,0.000099,0.000099,0.106704,0.379354,0.513744
ACCCAACGCCCGTGGC-1,0.000067,0.128131,0.607645,0.018623,0.245533
ACCCACCTACATGCTC-1,0.000018,0.012678,0.014754,0.129448,0.843102
ACCCATCTTGAGGGTA-1,0.000043,0.077433,0.050068,0.156293,0.716163
ACCCATTTGTCCCTCT-1,0.000019,0.000019,0.008641,0.336845,0.654477
ACCCGGAGCACCACAA-1,0.00002,0.110275,0.062238,0.186676,0.640791
ACCCGGATGACGCATC-1,0.000047,0.059516,0.203055,0.094423,0.642959
ACCCGGTTACACTTCC-1,0.000039,0.246637,0.226113,0.046527,0.480683
ACCCGTAGTCTAGTTG-1,0.000394,0.117793,0.614528,0.000394,0.26689
ACCCTATAGGACTGAG-1,0.000092,0.108725,0.695737,0.000092,0.195353
ACCCTATGCCATATCG-1,0.000044,0.228838,0.431788,0.172012,0.167319
ACCCTCCCGTCAGGGC-1,0.00202,0.002022,0.98585,0.002021,0.008086
ACCCTCCCTTGCTATT-1,0.000062,0.176243,0.396655,0.006947,0.420093
ACCCTGGTAACGCCCT-1,0.000621,0.000621,0.736989,0.000621,0.261148
ACCCTTCATCTGCGAA-1,0.005291,0.389748,0.578488,0.005294,0.021179
ACCCTTGCCTGGGTCG-1,0.000143,0.158541,0.520668,0.000143,0.320506
ACCCTTTAGTTCTCCA-1,0.000358,0.084862,0.912986,0.000359,0.001435
ACCGAAAGGGCCCTGC-1,0.001058,0.001059,0.992588,0.001059,0.004236
ACCGAAGAGTCTGGTT-1,0.000032,0.054912,0.193895,0.083038,0.668123
ACCGACACATCTCCCA-1,0.000056,0.120343,0.677061,0.154026,0.048514
ACCGAGTCTCCTTATT-1,0.000591,0.000591,0.802916,0.000591,0.19531
ACCGATAGGCATAACC-1,0.000032,0.120934,0.531378,0.000032,0.347624
ACCGATATTTAATCAT-1,0.000039,0.065327,0.422033,0.025393,0.487208
ACCGATGGTAGCATCG-1,0.000065,0.189163,0.586192,0.006703,0.217877
ACCGCAATAACTGCCT-1,0.000074,0.583479,0.387315,0.000074,0.029058
ACCGCGGTGGAAGTCG-1,0.00005,0.05366,0.52037,0.00005,0.42587
ACCGGGCCTTTGTTGA-1,0.000045,0.006169,0.432319,0.086091,0.475376
ACCGGTCAGGTACACC-1,0.000014,0.041953,0.144663,0.607136,0.206233
ACCGTTCCCGCTCTGA-1,0.001263,0.485365,0.507055,0.001263,0.005054
ACCTAAGTACCTTTCA-1,0.000025,0.028096,0.006782,0.332688,0.632409
ACCTAATCGACTTCCT-1,0.000062,0.006858,0.736648,0.000062,0.256371
ACCTACAGTATGTGGT-1,0.000053,0.000053,0.361188,0.026031,0.612674
ACCTACTATAAATCTA-1,0.000061,0.221412,0.498178,0.005135,0.275213
ACCTCAGCGAGGCGCA-1,0.000173,0.232535,0.457014,0.098028,0.21225
ACCTCCGCCCTCGCTG-1,0.000069,0.032352,0.859193,0.000069,0.108318
ACCTCCGTTATTCACC-1,0.000084,0.000084,0.98113,0.000084,0.018618
ACCTGCGTGTCATGTT-1,0.000043,0.075165,0.32878,0.053102,0.542911
ACCTTTCCTTTAGAAG-1,0.000823,0.276538,0.54735,0.000824,0.174465
ACGAAATGGGCGGCAC-1,0.00004,0.000652,0.232421,0.059071,0.707816
ACGACCCATGAGTTGC-1,0.000014,0.000014,0.009201,0.176389,0.814381
ACGACTCTAGGGCCGA-1,0.000624,0.000625,0.37059,0.000625,0.627537
ACGAGAACCCATCACG-1,0.000646,0.212226,0.783896,0.000646,0.002586
ACGAGATATTTGCTTA-1,0.000276,0.461857,0.000552,0.123378,0.413938
ACGAGGATACCACTCT-1,0.000032,0.267548,0.249789,0.081436,0.401195
ACGAGGTTTACAACGT-1,0.000027,0.033052,0.03953,0.208893,0.718499
ACGAGTACGGATGCCC-1,0.000049,0.057917,0.441345,0.02181,0.478878
ACGAGTCGCCGGCGTT-1,0.000401,0.000401,0.997191,0.000401,0.001606
ACGATACCTATCCTGA-1,0.000046,0.026698,0.920562,0.000046,0.052648
ACGATCATACATAGAG-1,0.000142,0.289899,0.495499,0.060435,0.154026
ACGATCATCTTGTAAA-1,0.000054,0.014494,0.411206,0.011337,0.562909
ACGATGCATATGTTAT-1,0.000056,0.158329,0.368024,0.000056,0.473536
ACGATGGATCCGATGC-1,0.000479,0.236025,0.645867,0.000479,0.11715
ACGCATACGTTTACTA-1,0.00006,0.113719,0.638669,0.00006,0.247493
ACGCCACTCGAAACAG-1,0.000246,0.227645,0.770876,0.000247,0.000986
ACGCCAGATGATTTCT-1,0.000074,0.133531,0.694483,0.000074,0.171839
ACGCCAGTGCGTTTGC-1,0.000412,0.147116,0.850413,0.000412,0.001647
ACGCCCAGCTGTCGAT-1,0.001122,0.431283,0.171804,0.245583,0.150207
ACGCCGCTAGACGACC-1,0.000025,0.987845,0.000049,0.009469,0.002612
ACGCCTGACACGCGCT-1,0.000091,0.000091,0.999362,0.000091,0.000365
ACGCGCTACACAGGGT-1,0.000056,0.010145,0.048397,0.148912,0.792491
ACGCGTTTCTTAAGAG-1,0.000078,0.000078,0.999457,0.000078,0.00031
ACGCTACTGAATGGGC-1,0.001984,0.001986,0.003971,0.001986,0.990073
ACGCTAGTGATACACT-1,0.000074,0.109161,0.783654,0.038974,0.068137
ACGCTGTGAGGCGTAG-1,0.000058,0.152942,0.741482,0.000058,0.10546
ACGCTTAGTGTCTCTC-1,0.001263,0.83203,0.16039,0.001264,0.005054
ACGGAACACGAGTGCC-1,0.000431,0.000431,0.135553,0.000431,0.863155
ACGGAATTTAGCAAAT-1,0.00001,0.00001,0.008835,0.100099,0.891045
ACGGACTCTCAAAGCG-1,0.000073,0.222554,0.408477,0.059956,0.308941
ACGGATGGTGCGGATA-1,0.000142,0.353248,0.420565,0.000142,0.225903
ACGGCGACGATGGGAA-1,0.000087,0.525069,0.406658,0.000087,0.0681
ACGGCGGGTTGCCCTG-1,0.000722,0.000722,0.994946,0.000722,0.002888
ACGGCTGGATGTAGAA-1,0.000103,0.058074,0.483735,0.296036,0.162052
ACGGGAGTGTCGGCCC-1,0.000027,0.018851,0.098332,0.051586,0.831203
ACGGGCGTATGCGACA-1,0.000088,0.086874,0.711441,0.000088,0.20151
ACGGGTCATGTGACTT-1,0.000205,0.000205,0.115711,0.064629,0.81925
ACGGTACAGTTCAATG-1,0.001372,0.001373,0.990392,0.001372,0.005491
ACGTACAGATTTCTCT-1,0.004115,0.004118,0.971177,0.004118,0.016472
ACGTAGGAGAGTCGCT-1,0.000272,0.000273,0.998092,0.000273,0.00109
ACGTATTACTCCGATC-1,0.000065,0.041591,0.393279,0.053117,0.511948
ACGTCCTAAACGAGAT-1,0.000498,0.365029,0.609052,0.000499,0.024921
ACGTCTCGTTCCGGGA-1,0.000033,0.085437,0.707831,0.000033,0.206665
ACGTGACAAAGTAAGT-1,0.00002,0.00002,0.122815,0.065487,0.811658
ACGTGCGCCTCGTGCA-1,0.000055,0.128578,0.137927,0.094992,0.638447
ACGTGGTCGAATGTGC-1,0.001195,0.714576,0.064459,0.001196,0.218574
ACGTTAGATTTGCCCG-1,0.000053,0.162769,0.267631,0.010631,0.558916
ACGTTATTGGTCACTC-1,0.000061,0.000061,0.489252,0.038095,0.47253
ACGTTCCGCGCTCCGT-1,0.000751,0.158354,0.837139,0.000751,0.003005
ACGTTCGCAATCAATT-1,0.000049,0.073155,0.482858,0.000049,0.443889
ACGTTCTGTACAAGTC-1,0.00013,0.000131,0.999087,0.000131,0.000522
ACGTTTAGTTGTGATC-1,0.000189,0.000189,0.998674,0.000189,0.000758
ACGTTTCGGTGCACTT-1,0.000373,0.129288,0.429656,0.000373,0.440309
ACTACCAGCTCTCTGG-1,0.000081,0.135922,0.762021,0.000081,0.101894
ACTAGTTGCGATCGTC-1,0.000049,0.006866,0.591623,0.000049,0.401413
ACTATCCAGGGCATGG-1,0.000038,0.000038,0.000663,0.250256,0.749004
ACTATCGCCGGCTAAA-1,0.000077,0.008026,0.214245,0.194663,0.582989
ACTATCTGCCCGCGTA-1,0.000019,0.000019,0.050678,0.305597,0.643687
ACTATTCGTCCGTGGT-1,0.000736,0.000736,0.514548,0.000736,0.483244
ACTCAACGAATGTATT-1,0.000262,0.081348,0.000525,0.21901,0.698855
ACTCAAGTGCAAGGCT-1,0.000057,0.143609,0.637413,0.000057,0.218864
ACTCAATAAAGGCACG-1,0.000064,0.612972,0.309538,0.000064,0.077361
ACTCAGACCTGCTTCT-1,0.00161,0.001611,0.988721,0.001612,0.006446
ACTCCCATTCCTAAAG-1,0.000015,0.000015,0.001646,0.4038,0.594524
ACTCCCGAATTCGTTT-1,0.000042,0.094874,0.255385,0.024433,0.625266
ACTCCCGTAGACTAGG-1,0.000068,0.005413,0.164354,0.000068,0.830098
ACTCCCTAATGCTAAA-1,0.000146,0.005645,0.80413,0.000146,0.189933
ACTCCCTAGAATAGTA-1,0.000037,0.70882,0.031853,0.038702,0.220588
ACTCCGGCCGACCACT-1,0.000911,0.166426,0.627286,0.000911,0.204466
ACTCGATGTATTTCAT-1,0.000198,0.000199,0.700509,0.000199,0.298895
ACTCGCCGTTCGATAA-1,0.000295,0.057466,0.121608,0.000695,0.819937
ACTCGCGATCTGACGC-1,0.000042,0.00012,0.526191,0.001386,0.472262
ACTCGTAACCCGTCCT-1,0.000042,0.024483,0.498127,0.013846,0.463502
ACTCGTCAGTAATCCC-1,0.000068,0.270321,0.154109,0.000246,0.575256
ACTCTAAACCTGGGAT-1,0.00009,0.083875,0.864966,0.00009,0.050979
ACTCTCTGACTTAGGT-1,0.000106,0.505647,0.41527,0.000106,0.07887
ACTCTCTTATACACGA-1,0.001425,0.680457,0.310991,0.001425,0.005702
ACTCTGACCTAATAGA-1,0.000422,0.200529,0.000846,0.048229,0.749974
ACTCTTCAGCTCCCGC-1,0.000095,0.031094,0.358222,0.055427,0.555162
ACTGAAACGCCGTTAG-1,0.000028,0.024769,0.015477,0.273642,0.686084
ACTGAATGGCGAAAGT-1,0.000034,0.169243,0.039287,0.223568,0.567868
ACTGATTTAGTGATTC-1,0.000699,0.296163,0.243122,0.006089,0.453926
ACTGCCGTCGTAACTC-1,0.000082,0.000082,0.800235,0.000082,0.199519
ACTGCGGACACACCGT-1,0.000089,0.024135,0.414647,0.123261,0.437868
ACTGCTCGGAAGGATG-1,0.000037,0.004826,0.334877,0.008267,0.651994
ACTGTACGATACACAT-1,0.000057,0.651797,0.3124,0.000057,0.035689
ACTGTAGCACTTTGGA-1,0.000062,0.110406,0.695506,0.000062,0.193965
ACTGTATACGCGAGCA-1,0.00039,0.177206,0.820454,0.00039,0.001561
ACTGTCCAGGATTATA-1,0.000045,0.356423,0.341841,0.022933,0.278758
ACTGTGCTAGTAGATC-1,0.000044,0.02135,0.21138,0.065281,0.701945
ACTGTTTAGTGTAGGC-1,0.000384,0.49537,0.502322,0.000385,0.001539
ACTTACGCATCCACGC-1,0.000074,0.262255,0.112299,0.139125,0.486247
ACTTAGTACGACAAGA-1,0.000064,0.000064,0.854196,0.000064,0.145613
ACTTATACTTACCCGG-1,0.000054,0.149428,0.283571,0.16072,0.406227
ACTTATTAGGATCGGT-1,0.000062,0.324534,0.616192,0.000062,0.05915
ACTTATTTATGTGCCA-1,0.000075,0.255505,0.592232,0.000075,0.152112
ACTTCAGGCTGATCCC-1,0.000063,0.503118,0.421767,0.000063,0.074989
ACTTCCAGTGGAAGCT-1,0.000028,0.000028,0.120883,0.043393,0.835668
ACTTCCATGCGGGACA-1,0.000062,0.118005,0.674657,0.000062,0.207213
ACTTCGCCATACGCAC-1,0.0001,0.653988,0.028362,0.145951,0.171599
ACTTCGCTAGCGAGTG-1,0.000098,0.098829,0.706918,0.000098,0.194056
ACTTGACTCCCTCTTT-1,0.000023,0.97619,0.000047,0.02279,0.000949
ACTTGCCATATTGTAC-1,0.00031,0.183765,0.814377,0.00031,0.001239
ACTTGGGACCCGGTGG-1,0.000034,0.200489,0.238315,0.18539,0.375772
ACTTGGGCTTTCGCCA-1,0.001145,0.437893,0.478418,0.077958,0.004585
ACTTGTAGTCCCTTCA-1,0.000053,0.000053,0.540095,0.000053,0.459747
ACTTGTGGATGGAACG-1,0.000043,0.088807,0.459743,0.033518,0.417889
ACTTGTTACCGGATCA-1,0.000357,0.117779,0.718631,0.000358,0.162875
ACTTTACCCTCATGAA-1,0.000056,0.183982,0.50827,0.003426,0.304265
ACTTTCCTATAGCTTC-1,0.000171,0.110153,0.504963,0.045682,0.339031
ACTTTGACTGCATCCT-1,0.00005,0.00005,0.748241,0.00005,0.251609
ACTTTGGTCGTGCTCC-1,0.000088,0.123647,0.566365,0.000088,0.309812
ACTTTGTCGACGCACT-1,0.000018,0.000618,0.018433,0.409986,0.570945
AGAAATTATGACTCGC-1,0.00002,0.022092,0.20433,0.018693,0.754865
AGAACCCAGCGTGACA-1,0.000027,0.0599,0.450331,0.001112,0.48863
AGAACGTGGTACATTC-1,0.000028,0.979636,0.000056,0.016291,0.00399
AGAACTGTACTTTGTA-1,0.000305,0.315967,0.682201,0.000305,0.001222
AGAAGAGCGCCGTTCC-1,0.000352,0.365827,0.632062,0.000352,0.001408
AGAAGGTACACTTCAC-1,0.000045,0.14786,0.47972,0.004947,0.367428
AGAAGGTTGCCGAATT-1,0.000046,0.238252,0.375212,0.091326,0.295164
AGAAGGTTGTAGGTCG-1,0.00003,0.026003,0.094973,0.068462,0.810533
AGAAGTGATTCGTGAT-1,0.000044,0.099282,0.301765,0.097362,0.501547
AGAATAAATCTTCAGG-1,0.000031,0.016419,0.547814,0.093257,0.342478
AGAATACAGGCTATCC-1,0.000642,0.543803,0.452342,0.000643,0.002571
AGAATTATGGATTCGA-1,0.000029,0.035145,0.05458,0.189912,0.720334
AGAATTGTTTGACATA-1,0.000035,0.000035,0.536215,0.005623,0.458092
AGACAGCTCAGAATCC-1,0.000012,0.034909,0.014893,0.152212,0.797974
AGACAGGCATCTCAGC-1,0.00006,0.102068,0.605035,0.046423,0.246414
AGACATAGATCCTTCC-1,0.000267,0.000267,0.785151,0.000267,0.214048
AGACCAAACCACACCT-1,0.000039,0.026655,0.604951,0.000039,0.368317
AGACCATGGGATACAA-1,0.000029,0.003459,0.454921,0.042887,0.498703
AGACCCGCCCTCCTCG-1,0.000042,0.153494,0.341093,0.01828,0.487091
AGACCGCTCCGCGGTT-1,0.000055,0.067828,0.626852,0.000055,0.30521
AGACCGGGAAACCCTG-1,0.00006,0.00006,0.322531,0.01724,0.660109
AGACGAAGTGCCGGTC-1,0.000023,0.018579,0.013101,0.336598,0.631698
AGACGACGATGCCGCT-1,0.000029,0.071595,0.100942,0.174935,0.6525
AGACGCCCACTTCGCC-1,0.000033,0.086824,0.604422,0.000745,0.307976
AGACGGGATTGGTATA-1,0.00013,0.00432,0.000259,0.317162,0.678129
AGACTAGCCTTCCAGA-1,0.000031,0.110662,0.077119,0.285312,0.526877
AGAGAACCGTCTAGGA-1,0.000046,0.230547,0.47617,0.039159,0.254078
AGAGAAGGAGTACAAT-1,0.000013,0.052176,0.178476,0.452791,0.316543
AGAGATCTCTAAAGCG-1,0.00009,0.00009,0.629329,0.00009,0.3704
AGAGCAGTTATGAGAC-1,0.000041,0.000041,0.684062,0.00581,0.310046
AGAGCCGCCGAGATTT-1,0.000022,0.005543,0.010154,0.187893,0.796388
AGAGCGCTTGTAACGG-1,0.000058,0.120659,0.307093,0.016075,0.556115
AGAGCGGGCTAATCAT-1,0.000049,0.043159,0.542365,0.059646,0.354781
AGAGCGTACAAGCTCG-1,0.000024,0.026344,0.011326,0.245904,0.716401
AGAGCTACGAAAGCAT-1,0.000524,0.171977,0.588895,0.000524,0.238079
AGAGGCTTCGGAAACC-1,0.000036,0.231986,0.43043,0.001074,0.336474
AGAGGTATCTCGGTCC-1,0.000512,0.088534,0.908392,0.000512,0.00205
AGAGTAAACTTCACTA-1,0.000033,0.037541,0.544365,0.002215,0.415846
AGAGTATAGTGTTACG-1,0.00006,0.010296,0.785986,0.00006,0.203598
AGAGTCTTAATGAAAG-1,0.000835,0.000836,0.994148,0.000836,0.003344
AGATAACTTCAGGGCC-1,0.000032,0.320559,0.153842,0.068232,0.457334
AGATACCAATAGAACC-1,0.000045,0.004308,0.721568,0.001223,0.272855
AGATACCAGCACTTCA-1,0.000082,0.012523,0.352411,0.393703,0.241281
AGATACCGGTGTTCAC-1,0.000057,0.092419,0.54947,0.053147,0.304907
AGATACGACTTCATAT-1,0.00005,0.0201,0.765796,0.00005,0.214004
AGATACTCAAGATCGA-1,0.000056,0.290037,0.445684,0.029923,0.2343
AGATATAATACGACTA-1,0.000041,0.138273,0.44699,0.044869,0.369827
AGATCGTGCATAAGAT-1,0.000046,0.141523,0.671237,0.147432,0.039762
AGATCTCAGGTGTGAT-1,0.000017,0.948653,0.000034,0.051226,0.000069
AGATGACTCGCCCACG-1,0.000078,0.128405,0.586691,0.028997,0.255829
AGATGATGGAGTCTGG-1,0.000046,0.055259,0.163853,0.123928,0.656913
AGATGCAAGACGTGCA-1,0.000056,0.137498,0.583648,0.064719,0.214079
AGATGCATCCTGTGTC-1,0.000043,0.000043,0.646705,0.000043,0.353167
AGATGCTATAACGAGC-1,0.000455,0.000456,0.79063,0.000456,0.208003
AGATTATAGGACGTTT-1,0.000047,0.141348,0.373232,0.138479,0.346894
AGATTCACAACCGATA-1,0.000041,0.103589,0.708243,0.000041,0.188086
AGCAAAGGCCGCTAGT-1,0.000038,0.255719,0.204819,0.090413,0.449011
AGCAACATATCTTATT-1,0.000065,0.175109,0.587258,0.003454,0.234114
AGCAACCGAAAGTAAT-1,0.000011,0.074737,0.055337,0.690759,0.179156
AGCACTACCGGCCTGT-1,0.000056,0.052964,0.63634,0.000056,0.310584
AGCACTACCTCACCAG-1,0.000066,0.554781,0.250693,0.000066,0.194394
AGCACTTAAGGACGCC-1,0.000056,0.062608,0.586525,0.000057,0.350755
AGCAGAAGGAGAAAGA-1,0.000081,0.921942,0.058099,0.000081,0.019798
AGCAGTCGAAGCATGC-1,0.000299,0.000299,0.997908,0.000299,0.001196
AGCATATCAATATGCT-1,0.000058,0.063438,0.497751,0.007938,0.430816
AGCATCATTTCGAAAG-1,0.000042,0.138718,0.44589,0.043374,0.371975
AGCATCGTCGATAATT-1,0.000051,0.087877,0.359224,0.040686,0.512162
AGCATTACGAGGCAAG-1,0.000103,0.000103,0.134122,0.167521,0.698151
AGCCACAGGTTACCCG-1,0.00008,0.119579,0.544098,0.00008,0.336163
AGCCATATAGTATGTG-1,0.000159,0.338347,0.372702,0.000159,0.288633
AGCCCATACATGTAAG-1,0.000072,0.182851,0.474096,0.000072,0.34291
AGCCCGCACTACAATG-1,0.000281,0.138745,0.715498,0.000281,0.145196
AGCCCTAAGCGAAGTT-1,0.000073,0.1833,0.585539,0.000073,0.231014
AGCCCTGTCGCACCGT-1,0.000042,0.000083,0.240407,0.072351,0.687116
AGCCCTTCTAATCCGA-1,0.000044,0.108399,0.256174,0.359151,0.276231
AGCCCTTGGACATCCC-1,0.000037,0.057456,0.340387,0.094281,0.507838
AGCCGCAAATTCAAAT-1,0.000041,0.000041,0.999714,0.000041,0.000164
AGCCGCTTGATTAGCG-1,0.002469,0.00247,0.982708,0.00247,0.009882
AGCCGTGGCTAAATGT-1,0.000045,0.043236,0.357614,0.055285,0.543819
AGCCTAATACCCACGT-1,0.000039,0.100669,0.609742,0.000039,0.289511
AGCCTTAAAGCGGAAG-1,0.000023,0.024261,0.324482,0.0087,0.642534
AGCGACAGGAACGGTC-1,0.000043,0.138611,0.452154,0.006678,0.402514
AGCGACATCCCATTCA-1,0.000064,0.020153,0.886602,0.000064,0.093116
AGCGACCAACGATATT-1,0.000049,0.325832,0.318457,0.004551,0.351111
AGCGATGCGCCTAATA-1,0.000035,0.210281,0.608033,0.000035,0.181616
AGCGCGGGTGCCAATG-1,0.000037,0.217997,0.273231,0.075179,0.433555
AGCGCTAGAGCGATGT-1,0.000047,0.003274,0.171269,0.096189,0.729221
AGCGGACACTTCGTAG-1,0.000125,0.47124,0.52801,0.000125,0.0005
AGCGGCGGTTAGCGGT-1,0.000029,0.003085,0.176617,0.021756,0.798513
AGCGGGAAGGGTCCAT-1,0.000035,0.100376,0.253451,0.025244,0.620893
AGCGGGTCTGACACTC-1,0.000283,0.383619,0.614679,0.000284,0.001135
AGCGGTTGCCGCTCTG-1,0.000059,0.000059,0.036464,0.729475,0.233942
AGCGTACGAGAGCTAG-1,0.000607,0.000608,0.877268,0.000608,0.12091
AGCGTAGCGCTAGACC-1,0.001792,0.249013,0.740228,0.001793,0.007174
AGCGTCTGAACCCGCA-1,0.000321,0.047525,0.380088,0.000321,0.571744
AGCGTGGTATTCTACT-1,0.000062,0.94394,0.000124,0.055627,0.000247
AGCTAAGTACGCAGGC-1,0.000043,0.000043,0.999696,0.000043,0.000173
AGCTACGAATGGTGGT-1,0.000553,0.439208,0.557473,0.000553,0.002213
AGCTAGAAGCAGAAGT-1,0.000032,0.026813,0.374772,0.350518,0.247864
AGCTATTTAATCCAAC-1,0.000057,0.368459,0.512023,0.000057,0.119405
AGCTCCATATATGTTC-1,0.000049,0.123157,0.619748,0.000049,0.256996
AGCTCCTTCGCACATC-1,0.000068,0.250954,0.545683,0.000068,0.203227
AGCTCGTTGATGGAAA-1,0.000034,0.037828,0.120463,0.45448,0.387196
AGCTCTAGACGTTCCA-1,0.000064,0.621852,0.276237,0.000064,0.101781
AGCTCTTCGTAACCTT-1,0.000053,0.011613,0.381364,0.074292,0.532678
AGCTCTTTACTCAGTT-1,0.000048,0.185906,0.330424,0.001887,0.481735
AGCTGTAACCTCAATC-1,0.000062,0.046361,0.532037,0.186983,0.234556
AGCTTATAGAGACCTG-1,0.000503,0.000503,0.296045,0.000503,0.702446
AGCTTCAATACTTTGA-1,0.000219,0.222034,0.61357,0.000219,0.163958
AGCTTCTTCTCGAGCA-1,0.001235,0.001236,0.692077,0.001235,0.304217
AGCTTGATCTTAACTT-1,0.000076,0.054979,0.228813,0.082873,0.633259
AGGAAAGCCTCTGATG-1,0.000512,0.511373,0.485553,0.000512,0.00205
AGGAACGAACGACTTC-1,0.000017,0.000017,0.046446,0.276492,0.677028
AGGAAGCTGTCCGCCG-1,0.000023,0.851409,0.021861,0.010328,0.11638
AGGACAGTCGAATCCC-1,0.000027,0.000027,0.000053,0.535685,0.464208
AGGACATCGCACGTCG-1,0.00003,0.013138,0.069125,0.183323,0.734383
AGGACATCGGCACACT-1,0.000346,0.179659,0.818263,0.000346,0.001386
AGGACGACCCATTAGA-1,0.000045,0.09654,0.401025,0.168553,0.333837
AGGACGCTCGATGTTG-1,0.000023,0.015671,0.041609,0.883902,0.058795
AGGACTTATAGGAGAA-1,0.000083,0.000083,0.317998,0.000083,0.681752
AGGAGACATCCACAGT-1,0.000066,0.07162,0.356665,0.055385,0.516264
AGGAGAGTCTGGCTAC-1,0.00003,0.069752,0.139203,0.032068,0.758946
AGGAGCGTTTATTATC-1,0.000181,0.293865,0.472756,0.014287,0.218911
AGGAGGCCTTCGCGCG-1,0.000057,0.104619,0.827961,0.000057,0.067306
AGGATATAGGGATTTA-1,0.000059,0.047609,0.444164,0.036859,0.471309
AGGATATCCGACTGCA-1,0.000492,0.234875,0.762174,0.000492,0.001968
AGGATCACGCGATCTG-1,0.000028,0.009128,0.119644,0.069467,0.801732
AGGATTGCTTACGACA-1,0.000103,0.064255,0.713651,0.000103,0.221888
AGGCAAAGAGGAATCA-1,0.000678,0.000678,0.995255,0.000678,0.002712
AGGCAATACGGAGGAC-1,0.000161,0.000161,0.998875,0.000161,0.000643
AGGCACGTGACTGTCC-1,0.000009,0.000009,0.000019,0.417881,0.582082
AGGCAGATGCGTAAAC-1,0.00005,0.147204,0.819368,0.00005,0.033328
AGGCATTGTCGTAGGG-1,0.000043,0.150801,0.632181,0.000043,0.216933
AGGCCACATTGGTTAC-1,0.000039,0.053363,0.573195,0.000039,0.373363
AGGCCACCCGTTATGA-1,0.000025,0.088892,0.000056,0.236242,0.674785
AGGCCCAGTGACTGGT-1,0.000736,0.225586,0.463599,0.000736,0.309343
AGGCCCATTGTACAGG-1,0.000092,0.000092,0.276128,0.179891,0.543797
AGGCCCTAGAACGCCA-1,0.000041,0.06082,0.483679,0.043747,0.411713
AGGCCTGAGAATCTCG-1,0.000012,0.019067,0.006967,0.177142,0.796812
AGGCGATAACTGGCGT-1,0.000026,0.058609,0.159662,0.010335,0.771368
AGGCGGTTTGTCCCGC-1,0.000039,0.058731,0.397621,0.202552,0.341056
AGGCTATGGTTAGCTT-1,0.000053,0.001616,0.517222,0.004327,0.476782
AGGCTTAAGTTGCACA-1,0.000113,0.073984,0.612839,0.000113,0.312951
AGGCTTCCCGAAGAAG-1,0.000049,0.126412,0.552202,0.061836,0.259501
AGGCTTGCTAGACACC-1,0.000035,0.053731,0.428852,0.043279,0.474104
AGGGACAGCACGGCGG-1,0.000207,0.519269,0.262312,0.132355,0.085858
AGGGACCGGCTGCGTT-1,0.000069,0.032029,0.786452,0.000069,0.181381
AGGGAGACATACTTCG-1,0.000074,0.000074,0.033308,0.110266,0.856278
AGGGCAGCGGCGTGGT-1,0.000185,0.155003,0.843882,0.000185,0.000746
AGGGCCCTAATGTTCT-1,0.000013,0.000013,0.098807,0.012378,0.888789
AGGGCGAGCAGCTGAT-1,0.000035,0.020874,0.088204,0.204898,0.685989
AGGGCGTGATCGGCTA-1,0.000039,0.000957,0.633155,0.025142,0.340707
AGGGTCGATGCGAACT-1,0.000019,0.002637,0.000038,0.484985,0.512321
AGGGTCTGGACGCAGT-1,0.000177,0.163848,0.574418,0.000177,0.261381
AGGGTGCTCTCGAGGG-1,0.000047,0.072358,0.265366,0.000047,0.662181
AGGGTGGATAGTGCAT-1,0.000043,0.025092,0.732088,0.000043,0.242733
AGGGTTCCCTTTGGTT-1,0.000052,0.178154,0.277501,0.079969,0.464324
AGGTAACCTCCTATTC-1,0.000052,0.021596,0.217638,0.070038,0.690676
