Barcode,Topic 1,Topic 2,Topic 3,Topic 4,Topic 5,Topic 6,Topic 7,Topic 8,Topic 9
AAACAACGAATAGTTC-1,0.000043,0.000043,0.259559,0.002628,0.305533,0.266255,0.092716,0.073182,0.000043
AAACAATCTACTAGCA-1,0.000069,0.000069,0.194237,0.024929,0.120393,0.291565,0.094983,0.265716,0.00804
AAACACCAATAACTGC-1,0.000107,0.000107,0.000107,0.038955,0.113973,0.786791,0.059745,0.000107,0.000107
AAACAGCTTTCAGAAG-1,0.00011,0.00011,0.115684,0.006676,0.299932,0.176018,0.3355,0.054938,0.011032
AAACAGGGTCTATATT-1,0.000125,0.000125,0.008409,0.000125,0.210461,0.110089,0.439008,0.16834,0.063317
AAACAGTGTTCCTGGG-1,0.00006,0.00006,0.051193,0.153621,0.012198,0.517645,0.105066,0.160097,0.00006
AAACATGGTGAGAGGA-1,0.000045,0.000045,0.000045,0.055479,0.004226,0.126283,0.006668,0.000045,0.807163
AAACATTTCCCGGATT-1,0.00019,0.00019,0.00019,0.00019,0.00019,0.00019,0.069971,0.83567,0.093217
AAACCGGGTAGGTACC-1,0.000175,0.000175,0.116711,0.000175,0.114485,0.020217,0.489091,0.243514,0.015457
AAACCGTTCGTCCAGG-1,0.000172,0.000172,0.08475,0.066158,0.042973,0.391952,0.210606,0.184251,0.018965
AAACCTAAGCAGCCGG-1,0.000063,0.000063,0.086667,0.046816,0.000063,0.430901,0.088452,0.346911,0.000063
AAACCTCATGAAGTTG-1,0.000146,0.000146,0.000147,0.000147,0.13684,0.090502,0.771779,0.000146,0.000146
AAACGAAGATGGAGTA-1,0.000868,0.000868,0.000869,0.114989,0.491637,0.000869,0.278576,0.110455,0.000869
AAACGAGACGGTTGAT-1,0.000098,0.000098,0.060776,0.000098,0.000098,0.000098,0.277689,0.039301,0.621744
AAACGGGCGTACGGGT-1,0.000092,0.000092,0.034819,0.000092,0.000092,0.17527,0.27642,0.49618,0.016942
AAACGGGTTGGTATCC-1,0.000059,0.000059,0.159873,0.01102,0.168937,0.267571,0.213492,0.163366,0.015623
AAACGGTTGCGAACTG-1,0.000084,0.000084,0.142018,0.066251,0.032673,0.170438,0.093935,0.47549,0.019027
AAACTCGGTTCGCAAT-1,0.000105,0.000105,0.041979,0.075738,0.000105,0.212335,0.145488,0.524041,0.000105
AAACTGCTGGCTCCAA-1,0.000119,0.000119,0.000119,0.000119,0.000119,0.022495,0.273478,0.269628,0.433802
AAACTTAATTGCACGC-1,0.000479,0.000479,0.000479,0.000479,0.07711,0.807574,0.000479,0.037626,0.075294
AAACTTGCAAACGTAT-1,0.0002,0.0002,0.0002,0.0002,0.000453,0.290627,0.699294,0.008626,0.0002
AAAGAATGACCTTAGA-1,0.000051,0.000051,0.099304,0.009947,0.201665,0.347747,0.081078,0.043206,0.216951
AAAGACCCAAGTCGCG-1,0.000076,0.000076,0.000076,0.000076,0.000076,0.219423,0.099734,0.432506,0.247955
AAAGACTGGGCGCTTT-1,0.000169,0.000169,0.000169,0.000169,0.000169,0.336161,0.662658,0.000169,0.000169
AAAGGCCCTATAATAC-1,0.000114,0.000114,0.053115,0.000114,0.055439,0.659946,0.037544,0.063893,0.129721
AAAGGCTACGGACCAT-1,0.000115,0.000115,0.000115,0.008764,0.043561,0.406413,0.011212,0.371133,0.158572
AAAGGCTCTCGCGCCG-1,0.000142,0.000142,0.168135,0.003518,0.021541,0.09849,0.231644,0.395664,0.080724
AAAGGGATGTAGCAAG-1,0.000119,0.000119,0.000119,0.000119,0.000119,0.028525,0.172603,0.231859,0.566416
AAAGGGCAGCTTGAAT-1,0.000127,0.000127,0.000127,0.446656,0.01032,0.173273,0.184598,0.177708,0.007063
AAAGTAGCATTGCTCA-1,0.000196,0.000196,0.000196,0.000196,0.000196,0.259839,0.738786,0.000196,0.000196
AAAGTCACTGATGTAA-1,0.000078,0.000078,0.048739,0.122547,0.017962,0.320886,0.081667,0.345357,0.062686
AAAGTCGACCCTCAGT-1,0.000077,0.000077,0.008135,0.008205,0.402676,0.283177,0.297498,0.000077,0.000077
AAATACCTATAAGCAT-1,0.000088,0.000088,0.000088,0.000088,0.000088,0.146542,0.186072,0.211444,0.455503
AAATCCGATACACGCC-1,0.000038,0.000038,0.493008,0.078702,0.044089,0.042369,0.018353,0.298081,0.025322
AAATCGCGGAAGGAGT-1,0.001263,0.001263,0.164065,0.001264,0.250264,0.578091,0.001264,0.001264,0.001264
AAATCGTGTACCACAA-1,0.000101,0.000101,0.000102,0.000102,0.000102,0.588417,0.172412,0.022837,0.215826
AAATCTGCCCGCGTCC-1,0.001307,0.001307,0.319668,0.001308,0.001308,0.146813,0.525671,0.001308,0.001308
AAATGACTGATCAAAC-1,0.000539,0.000539,0.00054,0.065938,0.00054,0.00054,0.25177,0.45374,0.225855
AAATGCTCGTTACGTT-1,0.000171,0.000171,0.000171,0.147469,0.032514,0.633679,0.084622,0.101032,0.000171
AAATGGCATGTCTTGT-1,0.000075,0.000075,0.052545,0.000075,0.000075,0.242099,0.100739,0.520491,0.083824
AAATGGTCAATGTGCC-1,0.000169,0.000169,0.000169,0.000169,0.000169,0.386548,0.260574,0.236913,0.115121
AAATGTATCTTATCCC-1,0.00004,0.00004,0.028698,0.348558,0.617879,0.00004,0.00004,0.00004,0.004664
AAATTAACGGGTAGCT-1,0.00013,0.00013,0.00013,0.00013,0.00013,0.057981,0.474443,0.366731,0.100195
AAATTAATAAGCGCGA-1,0.00013,0.00013,0.00013,0.00013,0.031127,0.014142,0.566669,0.00013,0.387411
AAATTGATAGTCCTTT-1,0.000635,0.000635,0.000635,0.000635,0.20287,0.230581,0.233595,0.329778,0.000635
AAATTGCGGCGGTTCT-1,0.000143,0.000143,0.000143,0.000143,0.102192,0.609581,0.287371,0.000143,0.000143
AAATTTGCGGGTGTGG-1,0.00015,0.00015,0.00015,0.00015,0.00015,0.088914,0.779164,0.060354,0.07082
AACAACTGGTAGTTGC-1,0.000131,0.000131,0.000131,0.087422,0.000131,0.407411,0.158431,0.279069,0.067142
AACAATACATTGTCGA-1,0.000095,0.000095,0.016749,0.038416,0.137075,0.547371,0.039972,0.172642,0.047584
AACAATTACTCTACGC-1,0.000171,0.000171,0.000171,0.000171,0.042175,0.231549,0.725248,0.000171,0.000171
AACACGACTGTACTGA-1,0.000127,0.000127,0.000127,0.000127,0.071008,0.000127,0.187849,0.653568,0.086938
AACACGAGACGCGGCC-1,0.00023,0.00023,0.00023,0.034298,0.00023,0.336763,0.627557,0.00023,0.00023
AACACGCGGCCGCGAA-1,0.00006,0.00006,0.00006,0.400474,0.310191,0.27969,0.009345,0.00006,0.00006
AACAGCTGTGTGGCAA-1,0.00016,0.00016,0.1526,0.00016,0.222141,0.328437,0.157298,0.138885,0.00016
AACAGGAAATCGAATA-1,0.000046,0.000046,0.322158,0.003689,0.015391,0.122711,0.090111,0.428323,0.017524
AACAGGATGGGCCGCG-1,0.000171,0.000171,0.000171,0.01561,0.092499,0.400209,0.445114,0.045884,0.000171
AACATAGCGTGTATCG-1,0.00016,0.00016,0.00016,0.00016,0.00016,0.628151,0.216193,0.154695,0.00016
AACATTGAAGTTGATC-1,0.000112,0.000112,0.168965,0.002837,0.049951,0.465577,0.024096,0.279389,0.00896
AACATTGGTCAGCCGT-1,0.000128,0.000128,0.000128,0.000128,0.199822,0.514117,0.285293,0.000128,0.000128
AACATTGTGACTCGAG-1,0.000087,0.000087,0.010535,0.080758,0.105579,0.19343,0.139109,0.25326,0.217153
AACCAAGACTTCTCTG-1,0.0001,0.0001,0.0001,0.0001,0.348295,0.343501,0.307606,0.0001,0.0001
AACCATAGGGTTGAAC-1,0.001372,0.001372,0.001373,0.001373,0.001373,0.001373,0.627429,0.204678,0.159658
AACCATGGGATCGCTA-1,0.000102,0.000102,0.000102,0.216495,0.111811,0.536334,0.068515,0.066435,0.000102
AACCCAGAGACGGAGA-1,0.000105,0.000105,0.03998,0.162799,0.006422,0.359628,0.201091,0.229764,0.000105
AACCCATCCCATGATC-1,0.000365,0.000365,0.000366,0.000366,0.694662,0.270988,0.032156,0.000366,0.000366
AACCCGACAACCCGTG-1,0.000088,0.000088,0.020996,0.175553,0.005685,0.313953,0.245398,0.238151,0.000088
AACCCGCTGTATTCCA-1,0.000251,0.000251,0.000252,0.067457,0.000252,0.347041,0.086331,0.12706,0.371106
AACCCTGGTGGAACCA-1,0.000089,0.000089,0.000089,0.000089,0.000089,0.107355,0.249903,0.60871,0.033586
AACCGAGCTTGGTCAT-1,0.000483,0.000483,0.000483,0.019391,0.000483,0.098195,0.000483,0.830043,0.049954
AACCGTTGTGTTTGCT-1,0.000103,0.000103,0.000103,0.000103,0.000103,0.047727,0.093886,0.704256,0.153617
AACCTCGCTTTAGCCC-1,0.0001,0.0001,0.166719,0.057553,0.000101,0.152349,0.193973,0.427215,0.001889
AACGAAAGTCGTCCCA-1,0.000323,0.000323,0.18456,0.000323,0.301828,0.421198,0.090799,0.000323,0.000323
AACGATAGAAGGGCCG-1,0.000065,0.000065,0.193748,0.074244,0.100359,0.188996,0.130427,0.31203,0.000065
AACGATATGTCAACTG-1,0.000234,0.000234,0.169551,0.000234,0.000234,0.215521,0.019005,0.491406,0.103581
AACGCGAACGGCAACA-1,0.00011,0.00011,0.017007,0.089893,0.144955,0.364858,0.170206,0.212752,0.00011
AACGCGACCTTGGGCG-1,0.000121,0.000121,0.026839,0.09137,0.000121,0.250804,0.229105,0.401396,0.000121
AACGCGGTCTCCAGCC-1,0.000152,0.000152,0.163023,0.007772,0.156635,0.079619,0.102462,0.270984,0.2192
AACGGACGTACGTATA-1,0.000492,0.000492,0.000492,0.095809,0.000492,0.202241,0.127719,0.209186,0.363078
AACGGCCATCTCCGGT-1,0.000071,0.000071,0.000071,0.000071,0.000071,0.220135,0.281926,0.177368,0.320217
AACGTACTGTGGGTAC-1,0.000029,0.000029,0.771822,0.172572,0.055435,0.000029,0.000029,0.000029,0.000029
AACGTAGTCTACCCAT-1,0.000109,0.000109,0.051762,0.000109,0.000109,0.382877,0.120094,0.436975,0.007856
AACGTCAGACTAGTGG-1,0.000073,0.000073,0.000073,0.406633,0.02683,0.243533,0.142591,0.175533,0.004662
AACGTCATCCGGCTTG-1,0.000481,0.000481,0.000481,0.000481,0.000481,0.472565,0.090279,0.141126,0.293623
AACGTGCGAAAGTCTC-1,0.000127,0.000127,0.000127,0.000127,0.0124,0.090066,0.191875,0.183406,0.521744
AACGTTATCAGCACCT-1,0.000112,0.000112,0.012042,0.003829,0.653702,0.25857,0.071409,0.000112,0.000112
AACTAGCGTATCGCAC-1,0.000118,0.000118,0.063802,0.000118,0.000118,0.315841,0.125395,0.422792,0.0717
AACTAGGCTTGGGTGT-1,0.000241,0.000241,0.053623,0.014652,0.061507,0.000241,0.266953,0.481801,0.120741
AACTCAAGTTAATTGC-1,0.000154,0.000154,0.000154,0.000154,0.000154,0.356475,0.474103,0.109782,0.05887
AACTCCAGAGCGTGTT-1,0.000251,0.000251,0.084028,0.000251,0.000251,0.000251,0.194248,0.644984,0.075486
AACTCGATAAACACGT-1,0.000094,0.000094,0.000095,0.000095,0.06801,0.415311,0.453972,0.062234,0.000095
AACTCGATGGCGCAGT-1,0.000075,0.000075,0.241134,0.19514,0.122355,0.375003,0.010889,0.051944,0.003385
AACTCTCAGTGTGCTC-1,0.000124,0.000124,0.18068,0.000124,0.443665,0.191297,0.021328,0.151599,0.011059
AACTGATATTAGGCCT-1,0.000069,0.000069,0.000069,0.000069,0.018267,0.200597,0.098508,0.602065,0.080286
AACTGGGTCCCGACGT-1,0.000087,0.000087,0.000087,0.000087,0.000087,0.384521,0.058355,0.527935,0.028755
AACTGGTGTGGGCCTT-1,0.000074,0.000074,0.006414,0.000074,0.000074,0.154635,0.176161,0.490704,0.171789
AACTTCTGCGTCTATC-1,0.00014,0.00014,0.146013,0.00014,0.726088,0.00014,0.069989,0.057211,0.00014
AACTTGCCCGTATGCA-1,0.000049,0.000049,0.000049,0.922531,0.038685,0.017394,0.021143,0.000049,0.000049
AACTTGCGTTCTCGCG-1,0.000148,0.000148,0.108105,0.212785,0.019935,0.389255,0.144135,0.125341,0.000148
AACTTTACGGGAGCTT-1,0.000181,0.000181,0.000181,0.000181,0.000181,0.134498,0.864237,0.000181,0.000181
AACTTTAGCTGCTGAG-1,0.000108,0.000108,0.0277,0.020776,0.000108,0.205199,0.194796,0.545651,0.005554
AAGAAAGTTTGATGGG-1,0.001443,0.001443,0.001444,0.001444,0.001444,0.001444,0.823119,0.001444,0.166775
AAGAAGGATCAGTTAG-1,0.000028,0.000028,0.010089,0.863502,0.069368,0.036588,0.000028,0.013577,0.006792
AAGACCAAATAACTCA-1,0.000089,0.000089,0.000089,0.000089,0.000089,0.02221,0.375313,0.023231,0.578802
AAGACCCAACTGAACA-1,0.000099,0.000099,0.099521,0.024854,0.007466,0.408731,0.05165,0.346905,0.060675
AAGACTAACCCGTTGT-1,0.000107,0.000107,0.077028,0.06653,0.126394,0.463411,0.18379,0.082526,0.000107
AAGACTGCAAGCTACT-1,0.000098,0.000098,0.000296,0.000098,0.028657,0.054755,0.122538,0.090836,0.702622
AAGAGATGAATCGGTA-1,0.000215,0.000215,0.000215,0.113425,0.029408,0.412738,0.443353,0.000215,0.000215
AAGAGCTCTTTATCGG-1,0.000083,0.000083,0.000083,0.004163,0.083883,0.027717,0.015299,0.155522,0.713166
AAGAGGATGTACGCGA-1,0.000279,0.000279,0.000279,0.000279,0.000279,0.336696,0.661349,0.000279,0.000279
AAGAGGCATGGATCGC-1,0.000086,0.000086,0.000086,0.000086,0.000086,0.000086,0.331132,0.028904,0.639448
AAGATGGCACCGGACC-1,0.000089,0.000089,0.309929,0.017985,0.237322,0.228328,0.020534,0.158029,0.027694
AAGCACCCTGCGTATC-1,0.000138,0.000138,0.097626,0.000138,0.000138,0.274598,0.100021,0.459544,0.067658
AAGCCACTTGCAGGTA-1,0.000273,0.000273,0.000273,0.000273,0.028807,0.580275,0.190924,0.198627,0.000273
AAGCCGCCGTGAAATC-1,0.000069,0.000069,0.113172,0.058574,0.33753,0.323776,0.048882,0.117859,0.000069
AAGCGCAGGGCTTTGA-1,0.000088,0.000088,0.001713,0.000088,0.000088,0.342417,0.074676,0.580754,0.000088
AAGCGTCCCTCATCGA-1,0.000088,0.000088,0.495464,0.119823,0.362211,0.000088,0.000088,0.000088,0.022061
AAGCTATGGATTGACC-1,0.001372,0.001372,0.001373,0.027436,0.327449,0.001373,0.201404,0.436849,0.001373
AAGCTCGTGCCAAGTC-1,0.000092,0.000092,0.000092,0.000092,0.099477,0.154325,0.091679,0.066158,0.587992
AAGGAGCGGTTGGTGC-1,0.000211,0.000211,0.000211,0.000211,0.000211,0.000211,0.541965,0.456521,0.000246
AAGGCGCGTAAAGCTT-1,0.000057,0.000057,0.001463,0.418397,0.049343,0.269853,0.172411,0.080585,0.007834
AAGGCTGTGCTCATCG-1,0.000193,0.000193,0.000193,0.000193,0.038799,0.536492,0.120852,0.263724,0.039364
AAGGGAACGACTGGCT-1,0.000171,0.000171,0.000172,0.023974,0.000172,0.685952,0.205099,0.084117,0.000172
AAGGGACTATGCATTC-1,0.000064,0.000064,0.585221,0.01726,0.325044,0.052014,0.020205,0.000064,0.000064
AAGGGTTTGATTTCAG-1,0.00015,0.00015,0.00015,0.00015,0.000459,0.264952,0.112828,0.154665,0.466497
AAGTAAGCTTCCAAAC-1,0.000073,0.000073,0.037846,0.000073,0.000073,0.373419,0.108753,0.479188,0.000501
AAGTAGAAGACCGGGT-1,0.000115,0.000115,0.048373,0.111337,0.000115,0.340749,0.137172,0.361911,0.000115
AAGTAGTGACGCGAGG-1,0.000155,0.000155,0.152356,0.000156,0.29871,0.101326,0.422244,0.024743,0.000156
AAGTCTTCTGTGGCCT-1,0.000114,0.000114,0.000114,0.000114,0.351812,0.178598,0.375231,0.000114,0.093791
AAGTGACGACCGAATT-1,0.000199,0.000199,0.000199,0.000199,0.000199,0.003926,0.907358,0.087523,0.000199
AAGTGAGTCGGGTTTA-1,0.000075,0.000075,0.128961,0.022155,0.377153,0.314469,0.045024,0.084351,0.027735
AAGTGCAAAGGTAGAC-1,0.000117,0.000117,0.000117,0.000117,0.233813,0.522557,0.222984,0.020063,0.000117
AAGTGCGTTAGAATCT-1,0.000561,0.000561,0.000562,0.000562,0.361575,0.000562,0.227286,0.300486,0.107846
AAGTGCTTCTCTATTG-1,0.000072,0.000072,0.350172,0.045135,0.32463,0.175578,0.018198,0.08607,0.000072
AAGTTCACTCCAAGCT-1,0.000109,0.000109,0.251819,0.000109,0.02302,0.000109,0.05949,0.625259,0.039977
AAGTTCGGCCAACAGG-1,0.000104,0.000104,0.000104,0.000104,0.000104,0.000104,0.999168,0.000104,0.000104
AAGTTTATGGGCCCAA-1,0.000095,0.000095,0.011604,0.000095,0.000095,0.530783,0.103556,0.353583,0.000095
AATAACAACGCTCGGC-1,0.000142,0.000142,0.000142,0.000142,0.090321,0.620385,0.28844,0.000142,0.000142
AATAACACTAGAACAA-1,0.000119,0.000119,0.06952,0.054883,0.082654,0.063358,0.32841,0.380497,0.02044
AATACAATGTTTCAGG-1,0.000231,0.000231,0.000231,0.279503,0.132484,0.527217,0.059643,0.000231,0.000231
AATACCGGAGGGCTGT-1,0.00008,0.00008,0.000081,0.366771,0.063466,0.35491,0.079397,0.135134,0.000081
AATACCTGATGTGAAC-1,0.001355,0.001355,0.082319,0.001356,0.001356,0.001356,0.001356,0.417652,0.491896
AATAGAACAGAGTGGC-1,0.000189,0.000189,0.095229,0.000189,0.08641,0.167796,0.285161,0.307031,0.057807
AATAGAATCTGTTTCA-1,0.000823,0.000823,0.000824,0.000824,0.000824,0.000824,0.396761,0.000824,0.597475
AATAGGCACGACCCTT-1,0.000145,0.000145,0.000145,0.148612,0.000145,0.617844,0.169918,0.062901,0.000145
AATAGTCCGTCCCGAC-1,0.000132,0.000132,0.048896,0.000132,0.000132,0.256861,0.068709,0.463405,0.161601
AATAGTCGCGAGTCGG-1,0.000168,0.000168,0.000168,0.000168,0.001343,0.557764,0.439882,0.000168,0.000168
AATATCAAGGTCGGAT-1,0.00009,0.00009,0.080206,0.066366,0.00009,0.248432,0.061629,0.411949,0.131147
AATATCCTAGCAAACT-1,0.000106,0.000106,0.000106,0.000106,0.063485,0.000106,0.734834,0.005319,0.195834
AATATTGGAGTATTGA-1,0.000248,0.000248,0.000248,0.000248,0.000248,0.395952,0.598931,0.003629,0.000248
AATCAGACTGCAGGAC-1,0.000186,0.000186,0.000187,0.000187,0.316885,0.545134,0.09756,0.039489,0.000187
AATCAGGTTTCATTTA-1,0.000138,0.000138,0.035916,0.098215,0.10639,0.321761,0.196643,0.24066,0.000138
AATCCAAGGGCCTGAG-1,0.000076,0.000076,0.137799,0.120613,0.003141,0.258767,0.086045,0.393406,0.000076
AATCCATGCAAGGGTG-1,0.000091,0.000091,0.093328,0.127477,0.166105,0.496957,0.075355,0.040505,0.000091
AATCCCGCTCAGAGCC-1,0.000539,0.000539,0.00054,0.054465,0.00054,0.427324,0.096499,0.019544,0.400009
AATCGAGGTCTCAAGG-1,0.000788,0.000788,0.000789,0.000789,0.000789,0.031463,0.391311,0.462729,0.110555
AATCGCCTCAGCGCCA-1,0.000149,0.000149,0.006095,0.000149,0.000149,0.046462,0.22471,0.112257,0.609881
AATCGTGAGCCGAGCA-1,0.000174,0.000174,0.000174,0.000174,0.000174,0.000174,0.113223,0.545281,0.340455
AATCTAGGTTTACTTG-1,0.00031,0.00031,0.085113,0.033173,0.00031,0.00031,0.398311,0.441473,0.040692
AATCTCTACTGTGGTT-1,0.000221,0.000221,0.000221,0.055558,0.000221,0.09185,0.815747,0.03574,0.000221
AATGACAGCAATGTCT-1,0.000196,0.000196,0.000196,0.000196,0.000196,0.067988,0.467536,0.401298,0.062199
AATGACGTAGGATGTC-1,0.000246,0.000246,0.000247,0.000247,0.000247,0.000247,0.201856,0.058805,0.73786
AATGACTGTCAGCCGG-1,0.000171,0.000171,0.000171,0.085436,0.000171,0.000171,0.406567,0.354321,0.152821
AATGAGTTCGCATATG-1,0.000194,0.000194,0.000194,0.208703,0.000194,0.459282,0.155114,0.174888,0.001238
AATGCAACCGGGTACC-1,0.000122,0.000122,0.000122,0.000122,0.000122,0.005981,0.245428,0.433294,0.314685
AATGGTCCACCGTTCA-1,0.000127,0.000127,0.000127,0.013786,0.208743,0.1699,0.547769,0.016094,0.043328
AATGGTTCTCACAAGC-1,0.000138,0.000138,0.086888,0.044642,0.206901,0.644496,0.015587,0.001074,0.000138
AATGTATGGCACTGTA-1,0.002222,0.002222,0.002224,0.002224,0.002224,0.654749,0.151177,0.180735,0.002224
AATGTGCCCGAGGTGT-1,0.000467,0.000467,0.181806,0.000467,0.159411,0.000467,0.326987,0.329461,0.000467
AATGTGCTAATCTGAG-1,0.000134,0.000134,0.065303,0.064757,0.105346,0.525311,0.102923,0.093855,0.042238
AATGTTAAGACCCTGA-1,0.000206,0.000206,0.037786,0.000206,0.000206,0.500212,0.072312,0.167161,0.221705
AATTAAAGGTCGGCGT-1,0.00019,0.00019,0.00019,0.00019,0.00019,0.00019,0.25756,0.260357,0.480943
AATTAACGGATTTCCA-1,0.000173,0.000173,0.000173,0.000173,0.000173,0.008279,0.227603,0.755462,0.007791
AATTACGAGACCCATC-1,0.001029,0.001029,0.00103,0.236592,0.00103,0.00103,0.544856,0.212376,0.001029
AATTACTCGTACGCTC-1,0.001079,0.001079,0.00108,0.00108,0.00108,0.00108,0.928631,0.063814,0.001079
AATTATACCCAGCAAG-1,0.000088,0.000088,0.336114,0.000088,0.212071,0.158248,0.126705,0.112626,0.053972
AATTCATTGTCATGCA-1,0.001058,0.001058,0.001059,0.001059,0.280326,0.067811,0.645511,0.001059,0.001059
AATTCCAACTTGGTGA-1,0.000134,0.000134,0.029707,0.000134,0.442518,0.34373,0.183376,0.000134,0.000134
AATTCCAAGCATGTAC-1,0.000098,0.000098,0.072691,0.130432,0.000098,0.276175,0.08856,0.328866,0.102983
AATTCGATTCGAGGAT-1,0.000099,0.000099,0.000099,0.000099,0.000099,0.002544,0.090849,0.901671,0.004441
AATTCTAGAGTTAGGC-1,0.000367,0.000367,0.013145,0.000367,0.000367,0.000367,0.346866,0.171301,0.466853
AATTGAACGCTCTGGT-1,0.000132,0.000132,0.000132,0.000132,0.000132,0.000132,0.133175,0.100657,0.765378
AATTGCGTGGATTACA-1,0.000278,0.000278,0.000278,0.000278,0.000278,0.166207,0.489699,0.000278,0.342426
AATTTGGTTCCAAAGA-1,0.000078,0.000078,0.025415,0.000078,0.006402,0.330251,0.173689,0.463929,0.000078
ACAAACCATGCGTCCT-1,0.000049,0.000049,0.000049,0.449549,0.463939,0.000049,0.080059,0.000049,0.00621
ACAAACTCCATCAGAG-1,0.000078,0.000078,0.022362,0.183142,0.036871,0.470974,0.090059,0.196359,0.000078
ACAAAGAAGGTAGGCC-1,0.000082,0.000082,0.000082,0.000082,0.000082,0.000082,0.475306,0.147441,0.376759
ACAAAGCATGACCTAG-1,0.000065,0.000065,0.038233,0.000065,0.112954,0.027068,0.042167,0.711743,0.067639
ACAAATCGCACCGAAT-1,0.000233,0.000233,0.439302,0.000234,0.000234,0.000234,0.293643,0.088527,0.17736
ACAAATGGTAGTGTTT-1,0.000087,0.000087,0.000087,0.000087,0.000087,0.000088,0.242461,0.000087,0.756927
ACAACAGCATGAGCTA-1,0.000061,0.000061,0.2275,0.077015,0.199615,0.000061,0.126979,0.247392,0.121317
ACAACGGTCCCTGCGA-1,0.000104,0.000104,0.130826,0.068794,0.067727,0.359952,0.239609,0.13278,0.000104
ACAAGCAGTGCCTAGC-1,0.000183,0.000183,0.000183,0.000183,0.000183,0.476527,0.513612,0.00876,0.000183
ACAAGCTATATGGAAG-1,0.00008,0.00008,0.089848,0.011845,0.445708,0.295939,0.049744,0.00008,0.106676
ACAAGGAAATCCGCCC-1,0.000247,0.000247,0.000248,0.000248,0.000248,0.000248,0.276425,0.051732,0.670357
ACAAGGACAAGAGGTT-1,0.000091,0.000091,0.000091,0.012117,0.073081,0.1264,0.535082,0.238983,0.014065
ACAAGGATGCTTTAGG-1,0.000071,0.000071,0.053274,0.000071,0.000071,0.000071,0.000071,0.926201,0.020102
ACAAGGGCAGGCTCTG-1,0.000215,0.000215,0.000215,0.000215,0.000215,0.000215,0.18939,0.248072,0.561245
ACAAGTAATTGTAAGG-1,0.000756,0.000756,0.000756,0.08877,0.000756,0.590853,0.096368,0.220228,0.000756
ACAATAGTCGTACGTT-1,0.000129,0.000129,0.240857,0.000129,0.349004,0.092148,0.317344,0.000129,0.000129
ACAATCCATTTAAACC-1,0.000146,0.000146,0.000146,0.000146,0.166271,0.06289,0.769961,0.000146,0.000146
ACAATGAATACGGAGA-1,0.000069,0.000069,0.082667,0.338291,0.451606,0.096385,0.027227,0.000069,0.003616
ACAATTTAGGAGGCTC-1,0.000267,0.000267,0.000267,0.000267,0.000267,0.000267,0.950564,0.000267,0.047565
ACACAAAGACGGGTGG-1,0.000091,0.000091,0.000091,0.000091,0.000091,0.000091,0.228848,0.579972,0.190635
ACACACCAGGACCAGT-1,0.000432,0.000432,0.000433,0.000433,0.000433,0.229559,0.3181,0.03191,0.418268
ACACACTTTCTACACG-1,0.000092,0.000092,0.08202,0.000092,0.000092,0.152849,0.209248,0.489996,0.065521
ACACATGATCAAATCT-1,0.000347,0.000347,0.000347,0.071766,0.199517,0.556833,0.038905,0.13159,0.000347
ACACATTGACGCAACA-1,0.000365,0.000365,0.000366,0.000366,0.000366,0.017755,0.876153,0.000366,0.103899
ACACATTTCCGTAGAC-1,0.000471,0.000471,0.000471,0.000471,0.185615,0.000471,0.250057,0.332236,0.229737
ACACCCAGCATGCAGC-1,0.000182,0.000182,0.000182,0.112438,0.000232,0.003904,0.575714,0.213536,0.093631
ACACCCGAGAAATCCG-1,0.000089,0.000089,0.00009,0.129255,0.006542,0.430821,0.078853,0.335254,0.019008
ACACCGAGCGCTCTTT-1,0.000254,0.000254,0.000254,0.000254,0.000254,0.181802,0.816417,0.000254,0.000254
ACACCGGTCTGACCGC-1,0.000199,0.000199,0.000199,0.275284,0.000199,0.503721,0.2198,0.000199,0.000199
ACACCTTAAGTAGGGC-1,0.000116,0.000116,0.000116,0.000116,0.000116,0.45263,0.326084,0.000116,0.220592
ACACGAGACTCCTTCT-1,0.000145,0.000145,0.000145,0.000145,0.000145,0.093906,0.408382,0.403725,0.093262
ACACGGCACTATGCAT-1,0.000159,0.000159,0.000159,0.000159,0.000159,0.219518,0.302781,0.419536,0.05737
ACACGGGAACTTAGGG-1,0.000519,0.000519,0.335443,0.122436,0.00052,0.132633,0.08288,0.324531,0.00052
ACACTCCAATGTCACT-1,0.000443,0.000443,0.000443,0.000443,0.029903,0.742305,0.225135,0.000443,0.000443
ACAGAACTGAGAACAA-1,0.000381,0.000381,0.293585,0.000381,0.045622,0.000381,0.581787,0.034163,0.043321
ACAGGAGGCGCAGCCG-1,0.00021,0.00021,0.149066,0.00021,0.344291,0.028062,0.260218,0.026229,0.191504
ACAGGCACGGATCCTT-1,0.00004,0.00004,0.60606,0.128835,0.074491,0.000571,0.001371,0.178746,0.009848
ACAGGTGGAGGTGAGG-1,0.000117,0.000117,0.322851,0.00015,0.025279,0.377562,0.035191,0.181786,0.056947
ACAGGTGTGTTGTTGC-1,0.000148,0.000148,0.000148,0.000148,0.000148,0.447701,0.10001,0.000148,0.451402
ACAGTAATACAACTTG-1,0.000111,0.000111,0.000112,0.000112,0.020317,0.174605,0.544355,0.125346,0.134932
ACATAAGTCGTGGTGA-1,0.000439,0.000439,0.000439,0.00044,0.010784,0.797038,0.189542,0.000439,0.000439
ACATAATAAGGCGGTG-1,0.000091,0.000091,0.000091,0.006191,0.084469,0.518166,0.039922,0.350887,0.000091
ACATACAATCAAGCGG-1,0.000475,0.000475,0.000475,0.000475,0.000475,0.000475,0.325653,0.305523,0.365973
ACATCAGCTGGGACGC-1,0.000139,0.000139,0.000139,0.000139,0.000139,0.000139,0.998887,0.000139,0.000139
ACATCCCGGCCATACG-1,0.000151,0.000151,0.154893,0.013297,0.000151,0.285573,0.057675,0.360631,0.12748
ACATCGATCGTTTACC-1,0.000239,0.000239,0.000239,0.000239,0.000239,0.000239,0.305947,0.332917,0.359702
ACATCGCAATATTCGG-1,0.000054,0.000054,0.010377,0.670815,0.259096,0.021365,0.038132,0.000054,0.000054
ACATCGGTCAGCCGCG-1,0.000141,0.000141,0.000141,0.000141,0.000141,0.096547,0.902468,0.000141,0.000141
ACATCGTATGCAATGG-1,0.000156,0.000156,0.000156,0.000156,0.000156,0.127823,0.185231,0.04512,0.641046
ACATCGTTAACCTAGT-1,0.000203,0.000203,0.201778,0.000203,0.000203,0.000203,0.151052,0.645953,0.000203
ACATGCTTACGGCAGC-1,0.001764,0.001764,0.001765,0.38475,0.001765,0.001765,0.554367,0.001765,0.050296
ACATGGCTCAATTTAG-1,0.000068,0.000068,0.000068,0.671378,0.255601,0.009523,0.063159,0.000068,0.000068
ACATTCGCGCGGAATA-1,0.000053,0.000053,0.232493,0.149056,0.478457,0.10933,0.016765,0.013739,0.000053
ACATTTGAAACCTAAC-1,0.000103,0.000103,0.042818,0.000104,0.086467,0.000104,0.241966,0.517028,0.111307
ACCAACCGCACTCCAC-1,0.000278,0.000278,0.000279,0.000279,0.000279,0.053008,0.135567,0.647114,0.162917
ACCAACGCTTATTTAT-1,0.000174,0.000174,0.033532,0.000174,0.183503,0.002799,0.299904,0.40789,0.071851
ACCAAGAACGCGTGTC-1,0.00005,0.00005,0.18444,0.038483,0.149745,0.260347,0.001647,0.338821,0.026416
ACCACAAGTTTCTATC-1,0.000217,0.000217,0.000217,0.000217,0.069482,0.030454,0.354744,0.544236,0.000217
ACCACACGGTTGATGG-1,0.000394,0.000394,0.000394,0.000394,0.000394,0.000394,0.425256,0.571985,0.000394
ACCACGTGCAGCTATA-1,0.000101,0.000101,0.043017,0.000101,0.000101,0.123059,0.471658,0.051719,0.310145
ACCACTGTTCAAGAAG-1,0.001792,0.001792,0.001793,0.180185,0.001794,0.298241,0.510816,0.001793,0.001793
ACCAGACCATAACAAC-1,0.000118,0.000118,0.000118,0.000118,0.000118,0.000118,0.856257,0.075732,0.067303
ACCATATCCGCAATAA-1,0.000106,0.000106,0.000106,0.018804,0.000106,0.000106,0.11199,0.000106,0.868569
ACCATCCGCCAACTAG-1,0.000168,0.000168,0.000168,0.000168,0.127043,0.01706,0.712748,0.000168,0.142307
ACCATCGTATATGGTA-1,0.000196,0.000196,0.000196,0.000196,0.000196,0.000196,0.527162,0.208674,0.26299
ACCATTAAGGGTGTCA-1,0.000195,0.000195,0.000195,0.000195,0.000195,0.233679,0.764959,0.000195,0.000195
ACCCACCTACATGCTC-1,0.000073,0.000073,0.084284,0.000073,0.65883,0.047031,0.106695,0.06242,0.040521
ACCCATCTTGAGGGTA-1,0.000192,0.000192,0.000192,0.000192,0.057006,0.224622,0.610797,0.106615,0.000192
ACCCGAGCGAAATTAC-1,0.000119,0.000119,0.119085,0.039412,0.163684,0.349378,0.149717,0.178366,0.000119
ACCCGATTGGTTCCGA-1,0.000146,0.000146,0.000146,0.078539,0.099893,0.355318,0.14982,0.315845,0.000146
ACCCGGAAACTCCCAG-1,0.000116,0.000116,0.000117,0.000117,0.004139,0.014767,0.084336,0.741475,0.154818
ACCCGGTTACACTTCC-1,0.000076,0.000076,0.442977,0.000076,0.318162,0.000076,0.031059,0.000076,0.20742
ACCCGTAGCAGAGAAT-1,0.000196,0.000196,0.000196,0.465275,0.163931,0.12216,0.247653,0.000196,0.000196
ACCCGTGTCATCAGTA-1,0.000168,0.000168,0.000168,0.000168,0.036068,0.008057,0.042666,0.847787,0.064751
ACCCTATAGGACTGAG-1,0.000131,0.000131,0.000131,0.189199,0.094668,0.499281,0.047164,0.169162,0.000131
ACCCTATGCCATATCG-1,0.000182,0.000182,0.353781,0.025793,0.000182,0.27383,0.107213,0.238654,0.000182
ACCCTCCCGTCAGGGC-1,0.000072,0.000072,0.17566,0.003153,0.068437,0.023339,0.013323,0.558494,0.157451
ACCCTCCCTTGCTATT-1,0.000678,0.000678,0.058811,0.000678,0.039808,0.000678,0.236832,0.213232,0.448607
ACCCTTCATCTGCGAA-1,0.00009,0.00009,0.057855,0.00009,0.00009,0.458067,0.035432,0.357277,0.091007
ACCGAAAGGGCCCTGC-1,0.000111,0.000111,0.000796,0.063628,0.000111,0.204364,0.250192,0.426075,0.054612
ACCGAAGAGTCTGGTT-1,0.000323,0.000323,0.084183,0.000323,0.144876,0.279438,0.489887,0.000323,0.000323
ACCGACACATCTCCCA-1,0.000112,0.000112,0.052785,0.000755,0.090843,0.224024,0.051788,0.427721,0.15186
ACCGACTGAGTCCCAC-1,0.000176,0.000176,0.095047,0.000177,0.000177,0.1248,0.356485,0.422786,0.000176
ACCGAGTCTCCTTATT-1,0.001221,0.001221,0.001222,0.001222,0.001222,0.559519,0.001222,0.001222,0.43193
ACCGCTAGTCATTGGT-1,0.000131,0.000131,0.118412,0.037051,0.06628,0.480288,0.222099,0.075477,0.000131
ACCGGTCAGGTACACC-1,0.000889,0.000889,0.00089,0.187655,0.00089,0.806119,0.00089,0.000889,0.000889
ACCGTCCACTGGGCCC-1,0.00004,0.00004,0.30816,0.038875,0.1031,0.075119,0.181344,0.03877,0.254553
ACCGTGACCACGTGGG-1,0.000129,0.000129,0.022167,0.022508,0.001229,0.511613,0.178787,0.263309,0.000129
ACCTAAGTACCTTTCA-1,0.000274,0.000274,0.000274,0.000274,0.000274,0.235343,0.247178,0.404409,0.111701
ACCTAATCGACTTCCT-1,0.000228,0.000228,0.000228,0.032058,0.212008,0.210278,0.380756,0.163989,0.000228
ACCTACTATAAATCTA-1,0.00008,0.00008,0.178591,0.024668,0.042566,0.404029,0.039478,0.277171,0.033337
ACCTCAGCGAGGCGCA-1,0.000123,0.000123,0.000123,0.000123,0.000123,0.000123,0.000123,0.542771,0.45637
ACCTCGAACTTATGCT-1,0.000285,0.000285,0.000285,0.000285,0.272904,0.187258,0.364532,0.17388,0.000285
ACCTGCGTGTCATGTT-1,0.000212,0.000212,0.000212,0.000212,0.000212,0.445518,0.498601,0.003648,0.051173
ACGAAATGGGCGGCAC-1,0.000255,0.000255,0.000256,0.000256,0.023565,0.026744,0.948158,0.000256,0.000256
ACGACTCTAGGGCCGA-1,0.000159,0.000159,0.108725,0.061775,0.000159,0.3426,0.044731,0.072691,0.369
ACGACTGGTCATACTC-1,0.000093,0.000093,0.064397,0.003231,0.145282,0.560691,0.045609,0.132922,0.047681
ACGAGAACCCATCACG-1,0.000315,0.000315,0.342455,0.000315,0.625168,0.030488,0.000315,0.000315,0.000315
ACGAGGTTTACAACGT-1,0.000265,0.000265,0.128678,0.000265,0.000265,0.462129,0.222335,0.185535,0.000265
ACGAGTCGCCGGCGTT-1,0.000105,0.000105,0.000105,0.000105,0.000105,0.202504,0.610366,0.000105,0.1865
ACGATACCTATCCTGA-1,0.00019,0.00019,0.00019,0.00019,0.172158,0.313843,0.341111,0.00019,0.17194
ACGATCATACATAGAG-1,0.000158,0.000158,0.000158,0.000158,0.000158,0.016227,0.359794,0.386782,0.236408
ACGATGCATATGTTAT-1,0.000204,0.000204,0.000204,0.000204,0.000204,0.503443,0.393759,0.000204,0.101574
ACGATGGATCCGATGC-1,0.000093,0.000093,0.067217,0.000093,0.000093,0.014677,0.243269,0.674374,0.000093
ACGCAAACTAATAGAT-1,0.000106,0.000106,0.02966,0.054655,0.019523,0.434872,0.162279,0.298693,0.000106
ACGCATTCGTGAGTAC-1,0.000272,0.000272,0.000273,0.000273,0.000273,0.000273,0.678471,0.05177,0.268124
ACGCCACTCGAAACAG-1,0.000144,0.000144,0.000144,0.000144,0.000144,0.131165,0.159797,0.438599,0.269721
ACGCCAGATGATTTCT-1,0.000099,0.000099,0.000503,0.0001,0.0001,0.099589,0.188826,0.710584,0.0001
ACGCCAGTGCGTTTGC-1,0.000158,0.000158,0.000158,0.000158,0.000158,0.03658,0.232651,0.660986,0.068995
ACGCCGCTAGACGACC-1,0.000155,0.000155,0.000155,0.000155,0.000155,0.006804,0.281422,0.174109,0.536892
ACGCCTGACACGCGCT-1,0.000177,0.000177,0.108301,0.000177,0.26126,0.308174,0.129908,0.000177,0.19165
ACGCGAAGTCAGACGA-1,0.000345,0.000345,0.114123,0.039822,0.000345,0.00116,0.236473,0.255043,0.352343
ACGCGCTACACAGGGT-1,0.00022,0.00022,0.00022,0.00022,0.24292,0.177538,0.576845,0.001598,0.00022
ACGCGGGCCAAGGACA-1,0.000196,0.000196,0.000196,0.000196,0.000196,0.000196,0.499497,0.260202,0.239126
ACGCGTTTCTTAAGAG-1,0.000145,0.000145,0.000145,0.000145,0.000145,0.064942,0.873892,0.000145,0.060296
ACGCTGTGAGGCGTAG-1,0.00006,0.00006,0.00006,0.009723,0.68023,0.097553,0.212193,0.00006,0.00006
ACGGAACACGAGTGCC-1,0.00029,0.00029,0.007209,0.129737,0.335607,0.00029,0.234226,0.165723,0.126627
ACGGAATTTAGCAAAT-1,0.00012,0.00012,0.052115,0.107741,0.114321,0.268905,0.157585,0.298973,0.00012
ACGGACGCAGCGACAA-1,0.001522,0.001522,0.001523,0.001523,0.310088,0.36862,0.312155,0.001523,0.001523
ACGGACTCTCAAAGCG-1,0.000143,0.000143,0.000143,0.000143,0.000143,0.096224,0.22671,0.562885,0.113465
ACGGCGACGATGGGAA-1,0.00022,0.00022,0.00022,0.00022,0.00022,0.00022,0.245916,0.281489,0.471277
ACGGCGGGTTGCCCTG-1,0.000126,0.000126,0.324607,0.000126,0.489277,0.185361,0.000126,0.000126,0.000126
ACGGCTGGATGTAGAA-1,0.000289,0.000289,0.00029,0.00029,0.401741,0.259363,0.337159,0.00029,0.00029
ACGGGAGTGTCGGCCC-1,0.000206,0.000206,0.000206,0.000206,0.000206,0.043969,0.559546,0.317596,0.077857
ACGGGTCATGTGACTT-1,0.000113,0.000113,0.000113,0.071981,0.670538,0.152489,0.104429,0.000113,0.000113
ACGGGTTGTGACCTGT-1,0.001372,0.001372,0.196008,0.001373,0.001373,0.396475,0.399282,0.001373,0.001373
ACGGTACAGTTCAATG-1,0.000101,0.000101,0.098933,0.048637,0.059468,0.05859,0.078082,0.655986,0.000101
ACGGTCACCGAGAACA-1,0.0001,0.0001,0.0001,0.0001,0.0001,0.440736,0.235203,0.0001,0.323462
ACGTACAGATTTCTCT-1,0.000151,0.000151,0.085637,0.000151,0.000151,0.000151,0.297372,0.601368,0.01487
ACGTACTTTGGCACGG-1,0.000065,0.000065,0.04462,0.355787,0.161791,0.297487,0.008013,0.132105,0.000066
ACGTAGATTGCTGATG-1,0.000155,0.000155,0.000155,0.000155,0.000155,0.002292,0.521933,0.468655,0.006346
ACGTAGGAGAGTCGCT-1,0.000073,0.000073,0.000073,0.187558,0.00956,0.296799,0.094184,0.269431,0.14225
ACGTCGGGCAACTCGG-1,0.000992,0.000992,0.000993,0.000993,0.000993,0.157476,0.634276,0.000993,0.202292
ACGTCTCGTTCCGGGA-1,0.000067,0.000067,0.09557,0.000067,0.501932,0.063982,0.269046,0.040017,0.029253
ACGTGCGCCTCGTGCA-1,0.000069,0.000069,0.043049,0.000069,0.017335,0.435359,0.001224,0.442337,0.060488
ACGTTAATGTCGAAGA-1,0.000184,0.000184,0.000184,0.000184,0.000184,0.065263,0.303919,0.15263,0.477266
ACGTTAGATTTGCCCG-1,0.000194,0.000194,0.159119,0.000194,0.000194,0.50945,0.330269,0.000194,0.000194
ACGTTATTGGTCACTC-1,0.000226,0.000226,0.000226,0.000226,0.000226,0.514332,0.484087,0.000226,0.000226
ACGTTCACTATGCCGC-1,0.000145,0.000145,0.124262,0.152128,0.01342,0.451706,0.151537,0.103851,0.002805
ACGTTCCGCGCTCCGT-1,0.000083,0.000083,0.326364,0.01122,0.132494,0.161244,0.099069,0.116972,0.152472
ACGTTCGTTCAGGAAA-1,0.000136,0.000136,0.000136,0.035022,0.006434,0.421039,0.154891,0.37111,0.011095
ACGTTCTGTACAAGTC-1,0.000076,0.000076,0.35987,0.017796,0.069282,0.02065,0.016429,0.476616,0.039204
ACGTTGTCGTTGAAAG-1,0.000071,0.000071,0.101549,0.059435,0.26947,0.46616,0.029677,0.072726,0.000842
ACGTTTAGTTGTGATC-1,0.000088,0.000088,0.124155,0.019711,0.040982,0.250205,0.077487,0.487195,0.000088
ACTACAAAGAGAGGTG-1,0.000063,0.000063,0.09884,0.205014,0.000063,0.454977,0.030117,0.207167,0.003694
ACTACATCCCGACAAG-1,0.000253,0.000253,0.07215,0.000253,0.75057,0.132022,0.043992,0.000253,0.000253
ACTACCAGCTCTCTGG-1,0.000088,0.000088,0.000088,0.000459,0.000088,0.391725,0.282755,0.219212,0.105497
ACTACCATCCGAGGGC-1,0.00011,0.00011,0.184904,0.149915,0.466283,0.078291,0.083916,0.00122,0.035251
ACTACGCGTTAGAATT-1,0.000177,0.000177,0.000177,0.000177,0.13856,0.079918,0.244659,0.387759,0.148398
ACTATCGCCGGCTAAA-1,0.000238,0.000238,0.000239,0.09939,0.122011,0.481788,0.014873,0.071492,0.209731
ACTATGTCCAGCTGCC-1,0.000112,0.000112,0.100935,0.044341,0.127532,0.426475,0.118186,0.053613,0.128694
ACTATTCGTCCGTGGT-1,0.000119,0.000119,0.023928,0.000119,0.000119,0.000926,0.225299,0.741288,0.008083
ACTATTTCCGGGCCCA-1,0.000153,0.000153,0.000153,0.029306,0.000153,0.362541,0.159864,0.441088,0.006588
ACTCAACGAATGTATT-1,0.001277,0.001277,0.001278,0.001278,0.23313,0.751549,0.007654,0.001278,0.001278
ACTCAAGTGCAAGGCT-1,0.000072,0.000072,0.207538,0.033433,0.006306,0.031337,0.030222,0.616793,0.074227
ACTCAATAAAGGCACG-1,0.00022,0.00022,0.031723,0.00022,0.00022,0.182048,0.208626,0.350234,0.22649
ACTCAGACCTGCTTCT-1,0.000111,0.000111,0.067457,0.000111,0.051055,0.311306,0.015055,0.485264,0.069531
ACTCATGGCAGCCTTC-1,0.000106,0.000106,0.000106,0.447539,0.336216,0.077951,0.131916,0.005956,0.000106
ACTCCAATATCATCAT-1,0.000186,0.000186,0.000186,0.049395,0.000186,0.621966,0.178097,0.14961,0.000186
ACTCCCATTCCTAAAG-1,0.000257,0.000257,0.000257,0.000257,0.059481,0.047159,0.635887,0.171673,0.084773
ACTCCCTAATGCTAAA-1,0.00013,0.00013,0.00013,0.00013,0.00013,0.001079,0.309305,0.657319,0.031649
ACTCCCTAGAATAGTA-1,0.000084,0.000084,0.000084,0.050207,0.000084,0.000084,0.000084,0.000084,0.949208
ACTCCGGCCGACCACT-1,0.000087,0.000087,0.321629,0.001936,0.008498,0.206394,0.072242,0.38904,0.000087
ACTCGATGTATTTCAT-1,0.000375,0.000375,0.000376,0.000376,0.067014,0.000376,0.930357,0.000376,0.000376
ACTCGTCAGTAATCCC-1,0.000148,0.000148,0.040027,0.035795,0.038429,0.000148,0.287276,0.000148,0.597882
ACTCTAAACCTGGGAT-1,0.000131,0.000131,0.025028,0.000131,0.359305,0.315624,0.22213,0.000131,0.07739
ACTCTCTGACTTAGGT-1,0.000103,0.000103,0.000103,0.000103,0.000103,0.000103,0.000103,0.263391,0.735887
ACTCTGACCTAATAGA-1,0.000085,0.000085,0.009732,0.012343,0.062453,0.042996,0.006774,0.679059,0.186472
ACTCTTGTATAGTAAC-1,0.000152,0.000152,0.000153,0.000153,0.000153,0.000153,0.319469,0.165129,0.514487
ACTGAATGGCGAAAGT-1,0.000058,0.000058,0.542137,0.001015,0.258786,0.000058,0.010066,0.000058,0.187763
ACTGCCCGCCATTCTC-1,0.000124,0.000124,0.018545,0.149909,0.016977,0.537883,0.148549,0.075903,0.051985
ACTGCCGTCGTAACTC-1,0.000073,0.000073,0.135971,0.001393,0.000073,0.323731,0.143904,0.39471,0.000073
ACTGGGATGCCAGTGC-1,0.000118,0.000118,0.000118,0.141334,0.109346,0.318312,0.122575,0.104361,0.203717
ACTGTACGATACACAT-1,0.000059,0.000059,0.248569,0.044447,0.135749,0.176057,0.000059,0.154384,0.240616
ACTGTAGCACTTTGGA-1,0.000164,0.000164,0.000164,0.000164,0.000164,0.433128,0.2467,0.167564,0.151786
ACTGTATACGCGAGCA-1,0.00037,0.00037,0.000371,0.000371,0.000371,0.724246,0.132388,0.014355,0.127157
ACTGTCCAGGATTATA-1,0.000155,0.000155,0.000155,0.000155,0.000155,0.002619,0.438251,0.539248,0.019109
ACTGTCTTCTTTAGAA-1,0.000147,0.000147,0.000147,0.000147,0.000147,0.316594,0.25934,0.29283,0.1305
ACTGTGCTAGTAGATC-1,0.000161,0.000161,0.000161,0.087698,0.367604,0.270369,0.133172,0.140515,0.000161
ACTTACGCATCCACGC-1,0.000135,0.000135,0.000135,0.000135,0.000135,0.000135,0.029118,0.93662,0.033454
ACTTAGTACGACAAGA-1,0.000113,0.000113,0.000113,0.125656,0.228895,0.401783,0.131613,0.111602,0.000113
ACTTATCTGATCTATA-1,0.002364,0.002364,0.002365,0.002365,0.002365,0.727144,0.256301,0.002366,0.002365
ACTTATTAGGATCGGT-1,0.000191,0.000191,0.000191,0.000191,0.000191,0.000191,0.568315,0.222427,0.208109
ACTTATTTATGTGCCA-1,0.00025,0.00025,0.074627,0.00025,0.00025,0.013832,0.046387,0.058347,0.805809
ACTTCCAGTGGAAGCT-1,0.000805,0.000805,0.125884,0.000806,0.176806,0.514915,0.000806,0.178367,0.000806
ACTTCCATGCGGGACA-1,0.000026,0.000026,0.854252,0.055123,0.004052,0.000026,0.000026,0.002874,0.083595
ACTTCGCCATACGCAC-1,0.000311,0.000311,0.000311,0.000311,0.000311,0.178784,0.016525,0.802823,0.000311
ACTTGACTCCCTCTTT-1,0.000207,0.000207,0.000207,0.000207,0.000207,0.000207,0.315654,0.180066,0.503037
ACTTGCTCTATCTACC-1,0.000731,0.000731,0.000732,0.000732,0.152864,0.000732,0.643932,0.000732,0.198816
ACTTGGGACCCGGTGG-1,0.000177,0.000177,0.385683,0.000178,0.000299,0.140379,0.156546,0.205203,0.111356
ACTTGGGCTTTCGCCA-1,0.000363,0.000363,0.05026,0.000363,0.03981,0.217274,0.481349,0.146593,0.063625
ACTTGTAGTCCCTTCA-1,0.000182,0.000182,0.000182,0.000182,0.000182,0.040625,0.835071,0.066391,0.057002
ACTTGTTACCGGATCA-1,0.000317,0.000317,0.000318,0.241987,0.000318,0.045309,0.330809,0.081041,0.299584
ACTTTATACACCACTT-1,0.001565,0.001565,0.001566,0.001566,0.001566,0.524238,0.464801,0.001566,0.001566
ACTTTCCTATAGCTTC-1,0.00014,0.00014,0.27852,0.00014,0.473587,0.00014,0.020194,0.226997,0.00014
ACTTTGACTGCATCCT-1,0.000224,0.000224,0.050986,0.000224,0.024464,0.000224,0.828665,0.000224,0.094767
ACTTTGGTCGTGCTCC-1,0.000588,0.000588,0.000588,0.000588,0.000588,0.724281,0.271602,0.000588,0.000588
AGAACACGGCGATGGT-1,0.002222,0.002222,0.259611,0.002224,0.002224,0.002224,0.724825,0.002224,0.002223
AGAACCCTCAATTGGG-1,0.000686,0.000686,0.000686,0.000686,0.052111,0.788673,0.155099,0.000686,0.000686
AGAACGTGGTACATTC-1,0.000198,0.000198,0.111412,0.000198,0.034704,0.377161,0.090979,0.300501,0.084649
AGAACTGTACTTTGTA-1,0.000124,0.000124,0.136586,0.047744,0.000124,0.128857,0.09791,0.504026,0.084507
AGAAGGTTGCCGAATT-1,0.000199,0.000199,0.409786,0.000199,0.000199,0.038676,0.492281,0.054588,0.003874
AGAAGGTTGTAGGTCG-1,0.0001,0.0001,0.0001,0.0001,0.0001,0.372005,0.145096,0.431444,0.050956
AGAAGTGATTCGTGAT-1,0.000153,0.000153,0.348068,0.000153,0.246028,0.133706,0.167644,0.103941,0.000153
AGAATAAATCTTCAGG-1,0.000109,0.000109,0.000109,0.000109,0.078101,0.061968,0.859275,0.000109,0.000109
AGAATACAGGCTATCC-1,0.000678,0.000678,0.000678,0.000678,0.000678,0.000678,0.142933,0.000678,0.852322
AGAATTGTTTGACATA-1,0.000056,0.000056,0.138585,0.02849,0.412632,0.285855,0.077527,0.004305,0.052494
AGACAGCTCAGAATCC-1,0.00015,0.00015,0.00015,0.00015,0.00015,0.00015,0.998803,0.00015,0.00015
AGACATAGATCCTTCC-1,0.000132,0.000132,0.031088,0.000132,0.01794,0.374862,0.121331,0.387771,0.066611
AGACCATGGGATACAA-1,0.000143,0.000143,0.04972,0.082613,0.08194,0.367753,0.158195,0.25935,0.000143
AGACCCACCGCTGATC-1,0.00026,0.00026,0.00026,0.00026,0.00026,0.00026,0.119871,0.404308,0.474259
AGACCCGCCCTCCTCG-1,0.000125,0.000125,0.000125,0.005593,0.000125,0.054573,0.167108,0.362516,0.40971
AGACCGGGAAACCCTG-1,0.000233,0.000233,0.000234,0.000234,0.000234,0.202827,0.795539,0.000234,0.000234
AGACGACGATGCCGCT-1,0.000208,0.000208,0.270923,0.000208,0.000208,0.310668,0.130242,0.193714,0.093621
AGACTAGCCTTCCAGA-1,0.000133,0.000133,0.000133,0.000133,0.000133,0.418062,0.129649,0.45149,0.000133
AGACTGTTACCGGGTC-1,0.000153,0.000153,0.000153,0.103686,0.000153,0.284078,0.192422,0.419048,0.000153
