Barcode,Topic 1,Topic 2,Topic 3,Topic 4,Topic 5to10
AAACAACGAATAGTTC-1,0.000049,0.412306,0.009135,0.000049,0.578462
AAACAAGTATCTCCCA-1,0.000049,0.16679,0.19963,0.032911,0.600621
AAACAATCTACTAGCA-1,0.000052,0.183342,0.032506,0.0091,0.775
AAACACCAATAACTGC-1,0.000049,0.372229,0.538105,0.000049,0.089569
AAACAGCTTTCAGAAG-1,0.000103,0.107245,0.000103,0.000103,0.892446
AAACAGGGTCTATATT-1,0.000033,0.022427,0.000033,0.003217,0.97429
AAACATTTCCCGGATT-1,0.000185,0.000185,0.067179,0.000185,0.932268
AAACCCGAACGAAATC-1,0.000065,0.287222,0.097605,0.034177,0.580931
AAACCGGAAATGTTAA-1,0.000036,0.091707,0.145409,0.179175,0.583673
AAACCGGGTAGGTACC-1,0.000032,0.054189,0.082798,0.23228,0.630701
AAACCGTTCGTCCAGG-1,0.000036,0.000036,0.000036,0.000036,0.999854
AAACCTAAGCAGCCGG-1,0.000024,0.174152,0.164167,0.000024,0.661632
AAACCTCATGAAGTTG-1,0.000104,0.186668,0.000104,0.000104,0.81302
AAACGAAGAACATACC-1,0.000144,0.22874,0.000144,0.000144,0.770829
AAACGAGACGGTTGAT-1,0.000084,0.917533,0.000084,0.000084,0.082214
AAACGCTGGGCACGAC-1,0.000055,0.000055,0.016022,0.043978,0.93989
AAACGGGCGTACGGGT-1,0.000062,0.223374,0.020108,0.022733,0.733723
AAACGGGTTGGTATCC-1,0.000023,0.111464,0.159309,0.017584,0.711619
AAACGTGTTCGCCCTA-1,0.000211,0.157657,0.13537,0.000211,0.706551
AAACTCGGTTCGCAAT-1,0.000097,0.868644,0.000097,0.000097,0.131066
AAACTCGTGATATAAG-1,0.000329,0.327161,0.000329,0.000329,0.671852
AAACTTGCAAACGTAT-1,0.00004,0.010258,0.026971,0.021157,0.941574
AAAGAATGTGGACTAA-1,0.000039,0.043816,0.076535,0.028766,0.850843
AAAGACCCAAGTCGCG-1,0.000096,0.27288,0.005757,0.003682,0.717586
AAAGACTGGGCGCTTT-1,0.000039,0.324578,0.163402,0.004157,0.507824
AAAGCTTGCCTACATA-1,0.000042,0.315001,0.000042,0.000042,0.684873
AAAGGGCAGCTTGAAT-1,0.000022,0.111058,0.771463,0.016661,0.100798
AAAGTAGCATTGCTCA-1,0.000031,0.063499,0.000031,0.25002,0.686419
AAAGTCACTGATGTAA-1,0.000426,0.419037,0.000426,0.000426,0.579686
AAAGTCGACCCTCAGT-1,0.000032,0.209209,0.033989,0.000712,0.756058
AAAGTGCCATCAATTA-1,0.000041,0.218769,0.181405,0.18241,0.417375
AAAGTGTGATTTATCT-1,0.000038,0.054936,0.94476,0.000038,0.000228
AAAGTTGACTCCCGTA-1,0.000426,0.000426,0.183215,0.047745,0.768189
AAATAAGGTAGTGCCC-1,0.000042,0.000042,0.000042,0.124889,0.874985
AAATACCTATAAGCAT-1,0.000071,0.995801,0.000071,0.000071,0.003985
AAATAGCTTAGACTTT-1,0.000058,0.103196,0.053739,0.153356,0.689652
AAATAGGGTGCTATTG-1,0.000051,0.245083,0.474612,0.039392,0.240861
AAATCCGATACACGCC-1,0.000735,0.000735,0.000735,0.105958,0.891836
AAATCGTGTACCACAA-1,0.000079,0.049345,0.0718,0.001697,0.87708
AAATCTAGCCCTGCTA-1,0.000392,0.000392,0.105575,0.000392,0.893249
AAATGACTGATCAAAC-1,0.000093,0.08741,0.129839,0.000093,0.782565
AAATGATTCGATCAGC-1,0.000413,0.379279,0.000413,0.000413,0.619482
AAATGCTCGTTACGTT-1,0.000069,0.528191,0.391722,0.000069,0.079949
AAATGGCATGTCTTGT-1,0.002128,0.110092,0.002128,0.002128,0.883524
AAATGGCCCGTGCCCT-1,0.000036,0.006688,0.000036,0.001331,0.99191
AAATGGTCAATGTGCC-1,0.000048,0.145111,0.141902,0.032121,0.680818
AAATGTATCTTATCCC-1,0.000033,0.766287,0.163947,0.038212,0.031521
AAATGTGGGTGCTCCT-1,0.000075,0.323605,0.000075,0.000075,0.676169
AAATTAACGGGTAGCT-1,0.000054,0.220209,0.088297,0.1037,0.587739
AAATTAATAAGCGCGA-1,0.000066,0.869687,0.000066,0.000066,0.130114
AAATTACCTATCGATG-1,0.000118,0.124323,0.116733,0.014726,0.7441
AAATTCCAGGTCCAAA-1,0.000029,0.028773,0.011892,0.480778,0.478528
AAATTGATAGTCCTTT-1,0.000031,0.050857,0.000031,0.178233,0.770847
AAATTGCGGCGGTTCT-1,0.000062,0.571813,0.10834,0.018517,0.301269
AAATTGGTGAGAAGCA-1,0.000426,0.188295,0.000426,0.000426,0.810429
AAATTTGCGGGTGTGG-1,0.000015,0.133621,0.000015,0.387207,0.479142
AACAACTGGTAGTTGC-1,0.000041,0.069788,0.180862,0.000041,0.749268
AACAATACATTGTCGA-1,0.000027,0.067034,0.017216,0.098683,0.817041
AACAATTACTCTACGC-1,0.000485,0.203052,0.368178,0.110319,0.317965
AACACACGCTCGCCGC-1,0.000049,0.118268,0.435945,0.026645,0.419094
AACACGACTGTACTGA-1,0.000382,0.130196,0.000382,0.000382,0.868659
AACACGAGACGCGGCC-1,0.000039,0.037473,0.000039,0.000039,0.96241
AACACGCGGCCGCGAA-1,0.000032,0.288023,0.066156,0.29909,0.3467
AACAGCTGTGTGGCAA-1,0.000043,0.19906,0.068602,0.164966,0.567329
AACAGGAAATCGAATA-1,0.000368,0.440334,0.000368,0.191866,0.367065
AACAGGATGGGCCGCG-1,0.000067,0.288121,0.077727,0.000067,0.634018
AACAGGTAGTATGGAT-1,0.000047,0.127268,0.129936,0.026834,0.715916
AACATAGCGTGTATCG-1,0.000045,0.063767,0.069469,0.033354,0.833365
AACATATCAACTGGTG-1,0.000038,0.197176,0.163365,0.04027,0.599151
AACATCGATACGTCTA-1,0.000067,0.000067,0.006384,0.018826,0.974656
AACATTGGTCAGCCGT-1,0.000074,0.579847,0.074105,0.00033,0.345644
AACCAAGACTTCTCTG-1,0.000064,0.035437,0.024988,0.000064,0.939447
AACCATGGGATCGCTA-1,0.000059,0.183208,0.03374,0.031865,0.751127
AACCCAGAGACGGAGA-1,0.000052,0.155708,0.014638,0.000858,0.828744
AACCCATCCCATGATC-1,0.000114,0.541765,0.079667,0.029138,0.349317
AACCCGAGCAGAATCG-1,0.000041,0.050046,0.28592,0.029236,0.634758
AACCCTACTGTCAATA-1,0.000348,0.09827,0.232134,0.000349,0.668898
AACCCTGGTGGAACCA-1,0.00026,0.00026,0.034138,0.00026,0.965083
AACCGAGCTTGGTCAT-1,0.00013,0.531573,0.00013,0.00013,0.468036
AACCGCTAAGGGATGC-1,0.000047,0.071204,0.900849,0.000047,0.027853
AACCGTTGTGTTTGCT-1,0.00006,0.198651,0.00006,0.002355,0.798875
AACCTCGCTTTAGCCC-1,0.000781,0.491706,0.000781,0.000781,0.50595
AACCTGTCACGGAATT-1,0.000118,0.224421,0.000118,0.181991,0.593354
AACCTTTAAATACGGT-1,0.000059,0.865333,0.089933,0.000059,0.044616
AACCTTTACGACGTCT-1,0.00005,0.200397,0.128378,0.02063,0.650544
AACGACCTCCTAGCCG-1,0.00003,0.00003,0.040564,0.133604,0.825772
AACGATAATGCCGTAG-1,0.000083,0.564967,0.120697,0.065386,0.248866
AACGATAGAAGGGCCG-1,0.000391,0.537751,0.000391,0.071439,0.390028
AACGATATGTCAACTG-1,0.000175,0.850909,0.018062,0.029928,0.100926
AACGCATGATCTGGGT-1,0.000209,0.328427,0.000209,0.001122,0.670032
AACGCGAACGGCAACA-1,0.000075,0.441248,0.076876,0.159919,0.321882
AACGCGGTCTCCAGCC-1,0.000181,0.067461,0.033702,0.000181,0.898475
AACGCTGTTGCTGAAA-1,0.000043,0.0631,0.760484,0.000043,0.176329
AACGGACGTACGTATA-1,0.000087,0.199715,0.556311,0.02141,0.222477
AACGGCCATCTCCGGT-1,0.000032,0.140274,0.000032,0.031411,0.82825
AACGTACTGTGGGTAC-1,0.000062,0.089271,0.000062,0.000062,0.910542
AACGTAGTCTACCCAT-1,0.000062,0.134981,0.000062,0.000062,0.864832
AACGTCAGACTAGTGG-1,0.000084,0.198022,0.224186,0.000084,0.577625
AACGTCGCTGCACTTC-1,0.000036,0.005039,0.035922,0.144132,0.814871
AACGTGCGAAAGTCTC-1,0.000099,0.955891,0.04332,0.000099,0.000592
AACGTTATCAGCACCT-1,0.000085,0.722892,0.129564,0.000085,0.147374
AACGTTCTACCATTGT-1,0.000053,0.115562,0.009936,0.081333,0.793117
AACTACCCGTTTGTCA-1,0.000068,0.095169,0.128616,0.057754,0.718393
AACTAGCGTATCGCAC-1,0.000095,0.169804,0.146511,0.000095,0.683496
AACTAGGCTTGGGTGT-1,0.000164,0.324175,0.059395,0.098181,0.518085
AACTCAAGTTAATTGC-1,0.000033,0.049003,0.075849,0.007843,0.867272
AACTCCAGAGCGTGTT-1,0.001176,0.001177,0.206365,0.001177,0.790105
AACTCGATAAACACGT-1,0.00009,0.974181,0.00009,0.00009,0.025549
AACTCGATGGCGCAGT-1,0.000061,0.140309,0.000061,0.31278,0.54679
AACTCTCAATAGAGCG-1,0.000087,0.6604,0.015884,0.034842,0.288786
AACTCTCAGTGTGCTC-1,0.000048,0.000606,0.000048,0.144535,0.854763
AACTGAGTTATACTGA-1,0.000042,0.173263,0.174536,0.023249,0.62891
AACTGATATTAGGCCT-1,0.000061,0.260508,0.000061,0.000061,0.739309
AACTGGGTCCCGACGT-1,0.000136,0.127886,0.000136,0.000136,0.871707
AACTGGTGTGGGCCTT-1,0.000488,0.439535,0.000488,0.093671,0.465818
AACTTCTGCGTCTATC-1,0.000139,0.728935,0.080398,0.000139,0.190391
AACTTGCCCGTATGCA-1,0.000763,0.070715,0.349719,0.000764,0.578039
AACTTGCGTTCTCGCG-1,0.000117,0.32088,0.485583,0.000117,0.193303
AACTTTACGGGAGCTT-1,0.000057,0.577218,0.177117,0.012147,0.233461
AACTTTAGCTGCTGAG-1,0.000143,0.277288,0.000143,0.069541,0.652884
AACTTTCTCGATCATG-1,0.00028,0.107839,0.00028,0.00028,0.891321
AAGAAATCACCAGATT-1,0.000427,0.000427,0.000427,0.000427,0.99829
AAGAAGGATCAGTTAG-1,0.000051,0.131384,0.349222,0.000051,0.519293
AAGACATACGTGGTTT-1,0.000047,0.189647,0.203613,0.079423,0.52727
AAGACTAACCCGTTGT-1,0.000114,0.200945,0.095156,0.000114,0.703671
AAGAGATGAATCGGTA-1,0.00028,0.095299,0.148887,0.077893,0.67764
AAGAGCTCTTTATCGG-1,0.000125,0.967292,0.000125,0.000125,0.032334
AAGAGGATGTACGCGA-1,0.000051,0.212361,0.02621,0.005067,0.75631
AAGAGGCATGGATCGC-1,0.000132,0.962538,0.000132,0.024519,0.012679
AAGAGGCCCTTTGGAA-1,0.00005,0.112165,0.168039,0.005158,0.714588
AAGATGGCACCGGACC-1,0.00002,0.035554,0.030442,0.002685,0.931299
AAGATTGGCGGAACGT-1,0.000056,0.137378,0.041682,0.000056,0.820827
AAGCACCCTGCGTATC-1,0.000102,0.245225,0.056395,0.258505,0.439773
AAGCATACTCTCCTGA-1,0.00005,0.891716,0.107887,0.00005,0.000297
AAGCCGAAGCGGTTTA-1,0.000056,0.000056,0.150546,0.030636,0.818706
AAGCCGCTTTACCTTG-1,0.000275,0.000275,0.09111,0.062997,0.845343
AAGCCGGAGAGCAGGA-1,0.000031,0.088258,0.083473,0.458439,0.369799
AAGCGCAGGGCTTTGA-1,0.000125,0.260129,0.119133,0.000126,0.620487
AAGCGTCCCTCATCGA-1,0.000038,0.09881,0.000038,0.017496,0.883618
AAGCTAGATCGAGTAA-1,0.00004,0.706623,0.293058,0.00004,0.000239
AAGCTCGTGCCAAGTC-1,0.000114,0.998973,0.000114,0.000114,0.000684
AAGCTCTTTCATGGTG-1,0.002,0.53238,0.002001,0.002001,0.461619
AAGGAGAACTTATAAG-1,0.000071,0.285494,0.000071,0.000071,0.714292
AAGGAGCGGTTGGTGC-1,0.000063,0.041629,0.085138,0.000063,0.873107
AAGGATCGATCGCTTG-1,0.000069,0.16164,0.075428,0.00007,0.762793
AAGGATGAGGGACCTC-1,0.000065,0.443865,0.148837,0.000065,0.407168
AAGGCAGGCTGTCTCC-1,0.000055,0.00213,0.079719,0.032126,0.885971
AAGGCGCGTAAAGCTT-1,0.000076,0.085223,0.255094,0.001256,0.658352
AAGGCTGTGCTCATCG-1,0.000053,0.000053,0.096764,0.107017,0.796114
AAGGGACAGATTCTGT-1,0.000084,0.147557,0.10217,0.045355,0.704834
AAGGGACTATGCATTC-1,0.000043,0.247893,0.062682,0.095058,0.594324
AAGGGTTAGCCATGCG-1,0.000071,0.088658,0.04092,0.066911,0.80344
AAGGTATCCTAATATA-1,0.000162,0.998546,0.000162,0.000162,0.00097
AAGGTGATAAACCAGC-1,0.000314,0.263108,0.244258,0.069814,0.422506
AAGTAAGCTTCCAAAC-1,0.000047,0.21097,0.000053,0.011766,0.777164
AAGTAGAAGACCGGGT-1,0.000056,0.01024,0.04596,0.000056,0.943688
AAGTAGTGACGCGAGG-1,0.000075,0.042237,0.007513,0.018461,0.931714
AAGTCAATTGTCGTCA-1,0.000045,0.146938,0.263063,0.01649,0.573464
AAGTCTAGTAGCTGCC-1,0.000277,0.184449,0.000277,0.000277,0.814719
AAGTCTTCTGTGGCCT-1,0.00006,0.237782,0.18341,0.00006,0.578688
AAGTGACGACCGAATT-1,0.000035,0.066932,0.122661,0.068504,0.741868
AAGTGCAAAGGTAGAC-1,0.000061,0.508855,0.138577,0.000061,0.352447
AAGTGCCTTGACTGTA-1,0.00006,0.087979,0.180887,0.004125,0.72695
AAGTGCGTTAGAATCT-1,0.000033,0.030461,0.000033,0.171305,0.798169
AAGTGTTTGGAGACGG-1,0.000076,0.487003,0.026993,0.000076,0.485852
AAGTTCACTCCAAGCT-1,0.000302,0.100846,0.274727,0.214152,0.409973
AAGTTCAGTCTGCGTA-1,0.00013,0.043148,0.00013,0.00013,0.956461
AAGTTCGGCCAACAGG-1,0.000032,0.095424,0.00461,0.080712,0.819223
AAGTTGTGATGTTATA-1,0.000033,0.027417,0.232714,0.33353,0.406306
AAGTTTACTAATGGCA-1,0.000072,0.132892,0.000072,0.007837,0.859126
AAGTTTATGGGCCCAA-1,0.000039,0.329791,0.040765,0.000039,0.629367
AATAACAACGCTCGGC-1,0.00004,0.073084,0.01783,0.00004,0.909006
AATAACACTAGAACAA-1,0.000039,0.000039,0.000039,0.005374,0.994508
AATAACGTCGCGCCCA-1,0.000047,0.056626,0.056892,0.054333,0.832102
AATAAGTCCTCGAGAC-1,0.000138,0.051814,0.122847,0.000138,0.825063
AATAATCTTCGTATCG-1,0.000044,0.087584,0.07797,0.037827,0.796575
AATACAATGTTTCAGG-1,0.000135,0.415573,0.292311,0.065085,0.226896
AATACCTGATGTGAAC-1,0.000051,0.000051,0.015179,0.166022,0.818696
AATAGAACAGAGTGGC-1,0.000038,0.065939,0.038275,0.025324,0.870423
AATAGAATCTGTTTCA-1,0.000901,0.600675,0.177837,0.21518,0.005407
AATAGCTACCGCGTGC-1,0.000039,0.136827,0.000039,0.000039,0.863057
AATAGTCGCGAGTCGG-1,0.000091,0.82652,0.03242,0.011709,0.12926
AATATCAAGGTCGGAT-1,0.000015,0.000015,0.000015,0.999864,0.000091
AATATCGAATCAATGC-1,0.000051,0.014644,0.093327,0.111963,0.780016
AATATCGAGGGTTCTC-1,0.000021,0.001588,0.032557,0.612413,0.35342
AATATTGGAGTATTGA-1,0.000142,0.072443,0.000142,0.000142,0.927131
AATCAGACTGCAGGAC-1,0.000041,0.119624,0.039258,0.000041,0.841036
AATCATGTAAAGACTC-1,0.000526,0.289568,0.303384,0.000526,0.405995
AATCCAAGGGCCTGAG-1,0.000121,0.285535,0.000121,0.40179,0.312433
AATCCATGCAAGGGTG-1,0.000066,0.193485,0.000066,0.046654,0.759729
AATCGAGGTCTCAAGG-1,0.000089,0.187863,0.050166,0.000089,0.761793
AATCGCCTCAGCGCCA-1,0.0025,0.977493,0.002501,0.002501,0.015006
AATCGCGCAGAGGACT-1,0.00006,0.322691,0.069159,0.173911,0.434179
AATCGGGACACTACGA-1,0.000087,0.248154,0.000087,0.000087,0.751585
AATCGGTATAGCCCTC-1,0.000037,0.041617,0.027774,0.262594,0.667978
AATCGTGAGCCGAGCA-1,0.000172,0.000172,0.000172,0.000172,0.999311
AATCTAGGTTTACTTG-1,0.000028,0.088149,0.021297,0.047893,0.842634
AATCTATGCCGGAGCC-1,0.000041,0.068587,0.007513,0.227738,0.696121
AATCTCTACTGTGGTT-1,0.000067,0.529385,0.000067,0.009859,0.460621
AATCTGCGTTGGGACG-1,0.000065,0.231442,0.115632,0.062785,0.590076
AATCTGGCTTTCTAGT-1,0.000029,0.06502,0.000029,0.000029,0.934894
AATGACAGCAATGTCT-1,0.000033,0.059839,0.000033,0.451539,0.488557
AATGACGTAGGATGTC-1,0.000133,0.736345,0.051283,0.000133,0.212106
AATGACTGTCAGCCGG-1,0.000063,0.137418,0.030016,0.000082,0.832421
AATGAGTTCGCATATG-1,0.000191,0.852782,0.000191,0.000191,0.146644
AATGATGATACGCTAT-1,0.000056,0.340561,0.189676,0.000056,0.469652
AATGATGCGACTCCTG-1,0.000023,0.000023,0.019748,0.507377,0.472829
AATGCAACCGGGTACC-1,0.000056,0.043124,0.077573,0.034727,0.844521
AATGCACCAAGCAATG-1,0.000044,0.026529,0.049679,0.016827,0.906921
AATGGTCCACCGTTCA-1,0.000041,0.11039,0.783948,0.003142,0.102479
AATGGTTCTCACAAGC-1,0.000109,0.128666,0.100431,0.000109,0.770685
AATGTGCCCGAGGTGT-1,0.000035,0.156592,0.025689,0.333455,0.484229
AATGTTAAGACCCTGA-1,0.000066,0.110993,0.03012,0.000066,0.858754
AATGTTGTCGTGAGAC-1,0.00006,0.055524,0.076702,0.041083,0.82663
AATTAAAGGTCGGCGT-1,0.000057,0.141264,0.150868,0.05063,0.657181
AATTAACGGATTTCCA-1,0.00011,0.934225,0.00011,0.00011,0.065444
AATTACTCGTACGCTC-1,0.000127,0.850039,0.010156,0.000127,0.139552
AATTAGCGCTGCAGCG-1,0.000055,0.06768,0.032467,0.048737,0.851061
AATTATACCCAGCAAG-1,0.000052,0.000052,0.004104,0.092141,0.903651
AATTCATAAGGGATCT-1,0.000061,0.173517,0.197571,0.150875,0.477975
AATTCCAACTTGGTGA-1,0.000093,0.845254,0.070642,0.000093,0.083917
AATTCGATTCGAGGAT-1,0.001282,0.474361,0.001282,0.157366,0.365708
AATTGAACGCTCTGGT-1,0.000181,0.549551,0.33916,0.000181,0.110927
AATTGCAGCAATCGAC-1,0.000064,0.111501,0.079928,0.046886,0.761621
AATTGTGGTTGCCAAA-1,0.000045,0.126044,0.176194,0.061874,0.635842
AATTTGGTTCCAAAGA-1,0.000158,0.117953,0.000158,0.000158,0.881574
ACAAAGCATGACCTAG-1,0.000043,0.027358,0.133108,0.000043,0.839448
ACAAATCGCACCGAAT-1,0.000086,0.508325,0.084867,0.030369,0.376353
ACAAATGGTAGTGTTT-1,0.000228,0.406461,0.024165,0.000228,0.568917
ACAACAGCATGAGCTA-1,0.000076,0.534619,0.224903,0.039285,0.201118
ACAACGGTCCCTGCGA-1,0.000014,0.001808,0.998077,0.000014,0.000086
ACAAGCAGTGCCTAGC-1,0.000735,0.213014,0.181544,0.000736,0.603971
ACAAGCTATATGGAAG-1,0.000149,0.362844,0.14949,0.000149,0.487369
ACAAGGAAATCCGCCC-1,0.000038,0.560457,0.380981,0.000038,0.058486
ACAAGGACAAGAGGTT-1,0.000076,0.141148,0.158817,0.000076,0.699883
ACAAGGATGCTTTAGG-1,0.001515,0.159367,0.001516,0.001516,0.836086
ACAAGGGCAGGCTCTG-1,0.000103,0.890899,0.000103,0.000103,0.108794
ACAATAGTCGTACGTT-1,0.000038,0.101671,0.08812,0.058369,0.751801
ACAATCCATTTAAACC-1,0.000037,0.095492,0.019276,0.000037,0.885157
ACAATCGATCTTTATA-1,0.000926,0.183294,0.000926,0.000926,0.813928
ACAATGAATACGGAGA-1,0.00003,0.20682,0.092859,0.121176,0.579115
ACAATTGTGTCTCTTT-1,0.000069,0.386981,0.247351,0.011386,0.354213
ACAATTTAGGAGGCTC-1,0.000068,0.638349,0.046418,0.001473,0.313692
ACAATTTGAGCAGTGG-1,0.000176,0.969763,0.000176,0.000176,0.029708
ACAATTTGGCCATATT-1,0.000262,0.280916,0.000263,0.000263,0.718296
ACACAAAGACGGGTGG-1,0.000038,0.100685,0.078484,0.000038,0.820756
ACACAAATATTCCTAG-1,0.000231,0.281033,0.000231,0.017593,0.700912
ACACACCAGGACCAGT-1,0.000676,0.1233,0.572696,0.000676,0.302652
ACACACTTTCTACACG-1,0.000069,0.347768,0.000069,0.000069,0.652024
ACACATGATCAAATCT-1,0.000046,0.297781,0.06121,0.005241,0.635722
ACACATTGACGCAACA-1,0.000097,0.916116,0.024983,0.000097,0.058706
ACACATTTCCGTAGAC-1,0.000114,0.905876,0.000114,0.000114,0.093781
ACACCACATAATTAGC-1,0.000067,0.249955,0.000067,0.099329,0.650582
ACACCCAGCATGCAGC-1,0.000077,0.132834,0.128775,0.000077,0.738238
ACACCCGAGAAATCCG-1,0.000075,0.212166,0.113703,0.000076,0.67398
ACACCGAGCGCTCTTT-1,0.000047,0.499671,0.456984,0.020932,0.022366
ACACCTTAAGTAGGGC-1,0.00009,0.090066,0.146941,0.00009,0.762813
ACACCTTACTACTTGC-1,0.000113,0.5361,0.113014,0.033148,0.317625
ACACGAGACTCCTTCT-1,0.000074,0.168335,0.095545,0.000074,0.735973
ACACGGCACTATGCAT-1,0.000242,0.000242,0.000242,0.000242,0.999034
ACACGGGAACTTAGGG-1,0.000158,0.396877,0.000158,0.000158,0.602649
ACACGTAGGCCACAAG-1,0.000079,0.148075,0.165786,0.000079,0.685982
ACACTCCAATGTCACT-1,0.00011,0.706313,0.01249,0.000111,0.280976
ACACTGATCAAGGTGT-1,0.000057,0.145366,0.016375,0.034562,0.80364
ACACTGGGACAGTCGT-1,0.000053,0.102817,0.100985,0.000053,0.796091
ACAGAACTGAGAACAA-1,0.000029,0.032217,0.043986,0.196981,0.726787
ACAGATTAGGTTAGTG-1,0.000128,0.540517,0.000128,0.000128,0.459099
ACAGCATAGAGCCAGT-1,0.000136,0.466331,0.000136,0.000136,0.533261
ACAGCGACATTCTCAT-1,0.00021,0.00021,0.019222,0.019625,0.960733
ACAGGAGGCGCAGCCG-1,0.000045,0.999592,0.000045,0.000045,0.000272
ACAGGCACGGATCCTT-1,0.00005,0.053713,0.005876,0.00005,0.940311
ACAGGCTTGCCCGACT-1,0.000578,0.244035,0.038295,0.000578,0.716514
ACAGGTGGAGGTGAGG-1,0.000032,0.000032,0.000032,0.011404,0.988499
ACAGGTGTGTTGTTGC-1,0.000077,0.374401,0.195466,0.000077,0.429978
ACAGTAATACAACTTG-1,0.000026,0.000026,0.00572,0.000026,0.994202
ACAGTATACCGTGGGA-1,0.000078,0.158632,0.000078,0.000078,0.841133
ACATAATAAGGCGGTG-1,0.000117,0.192894,0.000117,0.072157,0.734715
ACATACAATCAAGCGG-1,0.000045,0.058324,0.036903,0.376024,0.528704
ACATCAGCTGGGACGC-1,0.000104,0.7129,0.124369,0.000104,0.162523
ACATCCTGGTAACTGT-1,0.000052,0.149023,0.178433,0.024128,0.648364
ACATCGATCGTTTACC-1,0.00006,0.00006,0.007864,0.059823,0.932194
ACATCGGTCAGCCGCG-1,0.000035,0.048016,0.053792,0.12221,0.775946
ACATCGTATGCAATGG-1,0.000218,0.661041,0.028814,0.000218,0.309709
ACATCGTTAACCTAGT-1,0.000221,0.000221,0.072415,0.000221,0.926922
ACATGGCGCCAAAGTA-1,0.000088,0.038841,0.030698,0.026397,0.903976
ACATGGCTCAATTTAG-1,0.00009,0.99919,0.00009,0.00009,0.00054
ACATTAGTTTATATCC-1,0.000294,0.343888,0.000294,0.182352,0.473171
ACATTTGAAACCTAAC-1,0.000052,0.000052,0.019503,0.030572,0.949821
ACCAAACACCCAGCGA-1,0.0001,0.109358,0.336135,0.0001,0.554307
ACCAAACTAGAAATCC-1,0.006667,0.00667,0.006669,0.006669,0.973325
ACCAACACCACACACT-1,0.000103,0.3057,0.000103,0.000103,0.69399
ACCAACCGCACTCCAC-1,0.000069,0.165783,0.192485,0.020041,0.621623
ACCAACGCTTATTTAT-1,0.000139,0.173435,0.014669,0.031089,0.780668
ACCAAGAACGCGTGTC-1,0.000065,0.02021,0.066556,0.046018,0.86715
ACCAAGTCATCGGCAG-1,0.000049,0.071079,0.046242,0.056129,0.826501
ACCAATATGCAAGTTA-1,0.000158,0.472708,0.014521,0.209449,0.303163
ACCACAAGTTTCTATC-1,0.000042,0.089427,0.44867,0.089233,0.372628
ACCACCAATGTAACAA-1,0.000253,0.289842,0.101431,0.000253,0.608221
ACCACCCTCTCTTCTA-1,0.000058,0.013304,0.239125,0.000058,0.747456
ACCACGTGCAGCTATA-1,0.000062,0.48148,0.409733,0.000062,0.108663
ACCACTGTTCAAGAAG-1,0.000078,0.910977,0.088398,0.000078,0.000469
ACCAGACCATAACAAC-1,0.000086,0.30507,0.000086,0.000086,0.694672
ACCAGGAGTGTGATCT-1,0.000093,0.332927,0.000093,0.168386,0.4985
ACCAGTGCGGGAGACG-1,0.000069,0.155693,0.843755,0.000069,0.000414
ACCATATCCGCAATAA-1,0.000066,0.306061,0.154524,0.076075,0.463275
ACCATCCGCCAACTAG-1,0.000071,0.104937,0.037448,0.000071,0.857474
ACCATCGTATATGGTA-1,0.000055,0.102434,0.000055,0.223098,0.674358
ACCATTAAGGGTGTCA-1,0.000104,0.852662,0.033189,0.057382,0.056664
ACCCAACGCCCGTGGC-1,0.000095,0.56028,0.046262,0.330048,0.063315
ACCCACCTACATGCTC-1,0.000025,0.000025,0.909585,0.000025,0.090341
ACCCATCTTGAGGGTA-1,0.000055,0.131845,0.000055,0.000055,0.86799
ACCCATTTGTCCCTCT-1,0.000066,0.000066,0.050456,0.000066,0.949347
ACCCGAGCGAAATTAC-1,0.000032,0.038269,0.18988,0.109347,0.662472
ACCCGGAAACTCCCAG-1,0.000129,0.177788,0.259246,0.000129,0.562708
ACCCGGAGCACCACAA-1,0.000031,0.054485,0.136961,0.071333,0.73719
ACCCGGATGACGCATC-1,0.000735,0.062247,0.000735,0.000736,0.935546
ACCCGGTTACACTTCC-1,0.000227,0.211984,0.179902,0.118837,0.48905
ACCCGTAGTCTAGTTG-1,0.00003,0.077473,0.071993,0.530958,0.319546
ACCCTATAGGACTGAG-1,0.000225,0.902045,0.000225,0.000225,0.09728
ACCCTATGCCATATCG-1,0.000033,0.000033,0.000033,0.023565,0.976335
ACCCTCCCGTCAGGGC-1,0.000056,0.157496,0.027,0.034275,0.781173
ACCCTCCCTTGCTATT-1,0.000059,0.07121,0.751849,0.026792,0.15009
ACCCTGGTAACGCCCT-1,0.000042,0.149559,0.275623,0.16703,0.407745
ACCCTTCATCTGCGAA-1,0.000092,0.315526,0.000092,0.000092,0.684198
ACCCTTGCCTGGGTCG-1,0.0008,0.134473,0.0008,0.11896,0.744967
ACCGAAAGGGCCCTGC-1,0.000126,0.383029,0.000126,0.150984,0.465735
ACCGAAGAGTCTGGTT-1,0.000122,0.144994,0.116824,0.058477,0.679583
ACCGACACATCTCCCA-1,0.000067,0.999401,0.000067,0.000067,0.000399
ACCGAGTCTCCTTATT-1,0.000044,0.000044,0.000044,0.000044,0.999823
ACCGATAGGCATAACC-1,0.000052,0.132959,0.142738,0.002899,0.721352
ACCGATATTTAATCAT-1,0.000049,0.000049,0.123985,0.004915,0.871003
ACCGATGGTAGCATCG-1,0.000145,0.617775,0.03314,0.000145,0.348795
ACCGCAATAACTGCCT-1,0.000023,0.124452,0.847113,0.000023,0.028389
ACCGCGGTGGAAGTCG-1,0.000045,0.097793,0.061562,0.010521,0.83008
ACCGGGCCTTTGTTGA-1,0.000053,0.027272,0.219333,0.208557,0.544785
ACCGGTCAGGTACACC-1,0.000136,0.457546,0.097315,0.000136,0.444867
ACCGTGACCACGTGGG-1,0.000025,0.026809,0.01596,0.05638,0.900826
ACCGTTCCCGCTCTGA-1,0.001639,0.00164,0.00164,0.00164,0.993441
ACCTAAGTACCTTTCA-1,0.000029,0.073507,0.009244,0.350442,0.566778
ACCTAATCGACTTCCT-1,0.000855,0.200838,0.048885,0.000855,0.748567
ACCTACAGTATGTGGT-1,0.000047,0.219006,0.055361,0.489577,0.236008
ACCTCAGCGAGGCGCA-1,0.00006,0.00006,0.00006,0.4538,0.546019
ACCTCCGCCCTCGCTG-1,0.000067,0.000067,0.070346,0.048976,0.880543
ACCTCCGTTATTCACC-1,0.000039,0.000039,0.000039,0.501079,0.498805
ACCTGCGTGTCATGTT-1,0.000048,0.082003,0.009154,0.008002,0.900794
ACCTTTCCTTTAGAAG-1,0.001351,0.058672,0.001352,0.158508,0.780117
ACGAAATGGGCGGCAC-1,0.000769,0.328244,0.2973,0.000769,0.372917
ACGACCCATGAGTTGC-1,0.00002,0.012649,0.093513,0.672242,0.221576
ACGACTCTAGGGCCGA-1,0.000045,0.000045,0.003531,0.005676,0.990703
ACGACTGGTCATACTC-1,0.000028,0.126047,0.021321,0.134115,0.718489
ACGAGAACCCATCACG-1,0.000017,0.108945,0.009976,0.711358,0.169704
ACGAGGATACCACTCT-1,0.000034,0.048638,0.039535,0.011706,0.900087
ACGAGGTTTACAACGT-1,0.000075,0.286184,0.38049,0.000075,0.333175
ACGAGTACGGATGCCC-1,0.000023,0.000023,0.000023,0.872562,0.12737
ACGAGTCGCCGGCGTT-1,0.000075,0.999324,0.000075,0.000075,0.000451
ACGATACATAGAACTA-1,0.000105,0.603631,0.358977,0.000105,0.037182
ACGATACCTATCCTGA-1,0.000064,0.656512,0.075091,0.00878,0.259552
ACGATCATCTTGTAAA-1,0.000433,0.176321,0.000433,0.000433,0.82238
ACGATGCATATGTTAT-1,0.000053,0.233459,0.058372,0.035274,0.672842
ACGATGGATCCGATGC-1,0.001961,0.001961,0.136568,0.001961,0.857548
ACGCAATCACTACAGC-1,0.000069,0.05839,0.149515,0.058618,0.733407
ACGCATACGTTTACTA-1,0.000179,0.154535,0.000179,0.000179,0.844928
ACGCCACTCGAAACAG-1,0.000131,0.179897,0.064289,0.13277,0.622913
ACGCCAGATGATTTCT-1,0.000137,0.300123,0.274212,0.014286,0.411241
ACGCCAGTGCGTTTGC-1,0.000051,0.07334,0.014722,0.393713,0.518175
ACGCCGCTAGACGACC-1,0.000061,0.999451,0.000061,0.000061,0.000366
ACGCCTGACACGCGCT-1,0.000043,0.840767,0.158891,0.000043,0.000256
ACGCGAAGTCAGACGA-1,0.000901,0.128609,0.000901,0.000901,0.868688
ACGCGCTACACAGGGT-1,0.000047,0.193617,0.000047,0.006778,0.799511
ACGCGTTTCTTAAGAG-1,0.000027,0.360756,0.573172,0.000027,0.066018
ACGCTACTGAATGGGC-1,0.000072,0.059806,0.086165,0.089976,0.763981
ACGCTAGTGATACACT-1,0.000065,0.201488,0.114779,0.04756,0.636108
ACGCTGTGAGGCGTAG-1,0.000069,0.116891,0.000069,0.000069,0.882903
ACGGAACACGAGTGCC-1,0.000048,0.017519,0.000048,0.105087,0.877299
ACGGAATTTAGCAAAT-1,0.000047,0.161359,0.035389,0.212628,0.590578
ACGGACTCTCAAAGCG-1,0.001515,0.458015,0.001516,0.001516,0.537439
ACGGAGCGCAAATTAC-1,0.000049,0.608939,0.000049,0.073272,0.317691
ACGGATGGTGCGGATA-1,0.001449,0.586615,0.00145,0.00145,0.409036
ACGGCACTTGCTTGGG-1,0.000251,0.457558,0.000251,0.229474,0.312465
ACGGCGACGATGGGAA-1,0.000112,0.657562,0.001155,0.000112,0.34106
ACGGCGGGTTGCCCTG-1,0.000023,0.213992,0.000144,0.416657,0.369185
ACGGGAGTGTCGGCCC-1,0.000036,0.098632,0.000036,0.016902,0.884394
ACGGGCGTATGCGACA-1,0.000085,0.502157,0.000085,0.000085,0.49759
ACGGGTCATGTGACTT-1,0.00009,0.806465,0.140458,0.00009,0.052897
ACGGTACAGTTCAATG-1,0.000051,0.016862,0.015489,0.024908,0.942688
ACGTACAGATTTCTCT-1,0.000214,0.262789,0.000214,0.000214,0.736569
ACGTAGGAGAGTCGCT-1,0.000218,0.028825,0.000218,0.120097,0.850642
ACGTATTACTCCGATC-1,0.000065,0.021944,0.969924,0.000066,0.008001
ACGTCCTAAACGAGAT-1,0.000298,0.000298,0.000298,0.076418,0.922689
ACGTCTCGTTCCGGGA-1,0.000575,0.205484,0.000575,0.000575,0.792792
ACGTGCGCCTCGTGCA-1,0.000074,0.200529,0.024899,0.000074,0.774425
ACGTTAATGTCGAAGA-1,0.00008,0.047298,0.087869,0.00008,0.864674
ACGTTAGATTTGCCCG-1,0.000048,0.087365,0.147117,0.032554,0.732915
ACGTTATTGGTCACTC-1,0.000134,0.855283,0.03828,0.000134,0.10617
ACGTTCCGCGCTCCGT-1,0.00009,0.326613,0.00009,0.00009,0.673118
ACGTTCGCAATCAATT-1,0.000024,0.000024,0.000024,0.969254,0.030674
ACGTTCTGTACAAGTC-1,0.000048,0.000048,0.13929,0.000048,0.860566
ACGTTTAGTTGTGATC-1,0.00098,0.116449,0.000981,0.000981,0.880609
ACGTTTCGGTGCACTT-1,0.000074,0.000074,0.037775,0.000074,0.962004
ACTACCAGCTCTCTGG-1,0.000059,0.064607,0.100053,0.000059,0.835223
ACTAGTTGCGATCGTC-1,0.000059,0.00008,0.039479,0.016515,0.943868
ACTATCCAGGGCATGG-1,0.000057,0.110748,0.059717,0.052891,0.776587
ACTATCGCCGGCTAAA-1,0.000041,0.878882,0.106082,0.000041,0.014953
ACTATCTGCCCGCGTA-1,0.000054,0.088276,0.145297,0.000054,0.766318
ACTATTTCCGGGCCCA-1,0.000034,0.000034,0.000034,0.011195,0.988703
ACTCAACGAATGTATT-1,0.000017,0.095707,0.000017,0.857285,0.046974
ACTCAAGTGCAAGGCT-1,0.001389,0.358363,0.001389,0.001389,0.637469
ACTCAATAAAGGCACG-1,0.000098,0.288748,0.000098,0.057831,0.653225
ACTCAGACCTGCTTCT-1,0.00002,0.00002,0.00002,0.809688,0.190251
ACTCCAATATCATCAT-1,0.000035,0.084363,0.063164,0.062796,0.789643
ACTCCCATTCCTAAAG-1,0.00003,0.00003,0.00003,0.00003,0.99988
ACTCCCGAATTCGTTT-1,0.000026,0.034029,0.041088,0.360247,0.56461
ACTCCCGTAGACTAGG-1,0.000298,0.16758,0.000298,0.000298,0.831527
ACTCCCTAATGCTAAA-1,0.000059,0.919151,0.000059,0.000059,0.080673
ACTCCCTAGAATAGTA-1,0.000117,0.998951,0.000117,0.000117,0.0007
ACTCCGGCCGACCACT-1,0.000045,0.000045,0.000045,0.054046,0.945818
ACTCGATGTATTTCAT-1,0.000133,0.87359,0.060203,0.000133,0.065941
ACTCGCCGTTCGATAA-1,0.000048,0.099968,0.16434,0.037471,0.698173
ACTCGCGATCTGACGC-1,0.00038,0.10225,0.087023,0.00038,0.809966
ACTCGTAACCCGTCCT-1,0.000032,0.000683,0.000032,0.000032,0.999222
ACTCGTCAGTAATCCC-1,0.000188,0.981787,0.000188,0.000188,0.017647
ACTCTAAACCTGGGAT-1,0.000037,0.762531,0.069003,0.025194,0.143236
ACTCTCTGACTTAGGT-1,0.000119,0.673276,0.232627,0.00012,0.093858
ACTCTGACCTAATAGA-1,0.000049,0.000049,0.104365,0.055168,0.84037
ACTCTTCAGCTCCCGC-1,0.000045,0.172081,0.000045,0.000045,0.827785
ACTGAAACGCCGTTAG-1,0.000162,0.147177,0.040779,0.021264,0.790618
ACTGAATGGCGAAAGT-1,0.000183,0.505408,0.167915,0.101649,0.224845
ACTGCCGTCGTAACTC-1,0.000602,0.000603,0.000603,0.000603,0.99759
ACTGCGGACACACCGT-1,0.000331,0.129053,0.000331,0.0307,0.839585
ACTGCTCGGAAGGATG-1,0.000034,0.127358,0.241702,0.000034,0.630871
ACTGTACGATACACAT-1,0.000054,0.935818,0.063747,0.000054,0.000326
ACTGTAGCACTTTGGA-1,0.00007,0.050103,0.094374,0.00007,0.855384
ACTGTATACGCGAGCA-1,0.000032,0.090275,0.001499,0.664327,0.243867
ACTGTCCAGGATTATA-1,0.000025,0.082634,0.03438,0.477883,0.405078
ACTGTGCTAGTAGATC-1,0.000096,0.244541,0.000096,0.000096,0.755171
ACTGTTTAGTGTAGGC-1,0.000051,0.00041,0.000051,0.049267,0.950221
ACTTACGCATCCACGC-1,0.0025,0.332873,0.002501,0.002501,0.659626
ACTTAGTACGACAAGA-1,0.000093,0.209813,0.000093,0.000093,0.789908
ACTTATACTTACCCGG-1,0.00012,0.345847,0.120201,0.058731,0.475101
ACTTATCTGATCTATA-1,0.00002,0.00002,0.00002,0.74557,0.254371
ACTTATTAGGATCGGT-1,0.000064,0.121951,0.271052,0.005157,0.601776
ACTTATTTATGTGCCA-1,0.000667,0.179851,0.675467,0.000667,0.143348
ACTTCAGGCTGATCCC-1,0.000094,0.308795,0.172254,0.288531,0.230326
ACTTCCATGCGGGACA-1,0.001408,0.273485,0.001409,0.001409,0.722289
ACTTCGCCATACGCAC-1,0.000148,0.838585,0.067815,0.000148,0.093304
ACTTCGCTAGCGAGTG-1,0.000035,0.079884,0.000035,0.000035,0.920011
ACTTGACTCCCTCTTT-1,0.000031,0.55065,0.449104,0.000031,0.000184
ACTTGCCATATTGTAC-1,0.000081,0.319864,0.000081,0.109427,0.570547
ACTTGGGACCCGGTGG-1,0.000056,0.081729,0.097699,0.037313,0.783204
ACTTGTAGTCCCTTCA-1,0.001111,0.001111,0.001111,0.001111,0.995555
ACTTGTGGATGGAACG-1,0.000081,0.000081,0.097285,0.008122,0.894432
ACTTTACCCTCATGAA-1,0.00003,0.080466,0.037153,0.188768,0.693583
ACTTTCCTATAGCTTC-1,0.000093,0.18156,0.121705,0.000093,0.696549
ACTTTGACTGCATCCT-1,0.000038,0.096696,0.047231,0.000038,0.855997
ACTTTGTCGACGCACT-1,0.000052,0.000052,0.203188,0.04334,0.753368
AGAAATTATGACTCGC-1,0.000048,0.000048,0.096283,0.000048,0.903572
AGAACCCAGCGTGACA-1,0.000099,0.260035,0.000099,0.007161,0.732606
AGAACGTGGTACATTC-1,0.000083,0.999252,0.000083,0.000083,0.000498
AGAACTGTACTTTGTA-1,0.000062,0.017323,0.012972,0.038647,0.930996
AGAAGAGCGCCGTTCC-1,0.001205,0.799317,0.001205,0.063623,0.13465
AGAAGGTACACTTCAC-1,0.000021,0.000021,0.001061,0.031018,0.967879
AGAAGGTTGCCGAATT-1,0.000037,0.201459,0.209849,0.019162,0.569493
AGAAGGTTGTAGGTCG-1,0.000855,0.348947,0.000855,0.000855,0.648489
AGAAGTGATTCGTGAT-1,0.000038,0.032464,0.01483,0.019607,0.93306
AGAATAAATCTTCAGG-1,0.000066,0.608365,0.016257,0.015407,0.359904
AGAATACAGGCTATCC-1,0.000053,0.027819,0.033575,0.22745,0.711102
AGAATTATGGATTCGA-1,0.000056,0.079211,0.000882,0.000056,0.919794
AGAATTGTTTGACATA-1,0.000136,0.586972,0.015827,0.063533,0.333533
AGACAGCTCAGAATCC-1,0.000099,0.656616,0.216796,0.000099,0.126391
AGACAGGCATCTCAGC-1,0.000033,0.000033,0.128454,0.067047,0.804432
AGACATAGATCCTTCC-1,0.000083,0.147928,0.104016,0.091981,0.655992
AGACCAAACCACACCT-1,0.000046,0.240898,0.000046,0.043077,0.715934
AGACCATGGGATACAA-1,0.000062,0.289015,0.45146,0.017899,0.241564
AGACCCGCCCTCCTCG-1,0.000074,0.243364,0.078524,0.000074,0.677964
AGACCGCTCCGCGGTT-1,0.000044,0.000044,0.031743,0.004276,0.963894
AGACCGGGAAACCCTG-1,0.000026,0.000027,0.000027,0.016221,0.9837
AGACGAAGTGCCGGTC-1,0.000015,0.000015,0.999821,0.000015,0.000135
AGACGACGATGCCGCT-1,0.000033,0.000033,0.000033,0.044273,0.95563
AGACGCCCACTTCGCC-1,0.000052,0.11636,0.182364,0.043748,0.657476
AGACTAGCCTTCCAGA-1,0.000051,0.000051,0.078961,0.002501,0.918436
AGAGAACCGTCTAGGA-1,0.000077,0.372302,0.000077,0.010697,0.616848
AGAGAAGGAGTACAAT-1,0.000019,0.854098,0.000019,0.023538,0.122326
AGAGATCTCTAAAGCG-1,0.000035,0.010632,0.000035,0.096429,0.892869
AGAGCAGTTATGAGAC-1,0.000023,0.33599,0.659334,0.004516,0.000137
AGAGCCGCCGAGATTT-1,0.000083,0.135577,0.304036,0.028477,0.531826
AGAGCGCTTGTAACGG-1,0.00018,0.00018,0.00018,0.02428,0.97518
AGAGCGGGCTAATCAT-1,0.000061,0.341486,0.000061,0.264139,0.394252
AGAGCGTACAAGCTCG-1,0.00006,0.251569,0.326707,0.050879,0.370785
AGAGCTACGAAAGCAT-1,0.000145,0.910315,0.017119,0.000145,0.072276
AGAGGCTTCGGAAACC-1,0.000125,0.026133,0.139278,0.041329,0.793135
AGAGGTATCTCGGTCC-1,0.000047,0.053303,0.030121,0.161431,0.755097
AGAGTAAACTTCACTA-1,0.000046,0.071631,0.195175,0.000046,0.733102
AGAGTATAGTGTTACG-1,0.000049,0.262237,0.000049,0.000049,0.737617
AGAGTCTTAATGAAAG-1,0.000065,0.103855,0.030098,0.061106,0.804876
AGATAACTTCAGGGCC-1,0.000025,0.032727,0.605316,0.000025,0.361907
AGATACCAATAGAACC-1,0.000055,0.096768,0.164419,0.047086,0.691671
AGATACCAGCACTTCA-1,0.001299,0.001299,0.001299,0.13771,0.858393
AGATACCGGTGTTCAC-1,0.000031,0.061771,0.026164,0.070266,0.841768
AGATACGACTTCATAT-1,0.000072,0.195268,0.09335,0.000072,0.711238
AGATACTCAAGATCGA-1,0.000212,0.471221,0.208105,0.000212,0.32025
AGATATAATACGACTA-1,0.000313,0.101409,0.171124,0.052386,0.674768
AGATCGTGCATAAGAT-1,0.000027,0.038575,0.002723,0.238215,0.72046
AGATCTCAGGTGTGAT-1,0.000108,0.644186,0.354952,0.000108,0.000646
AGATGACTCGCCCACG-1,0.000171,0.097481,0.15467,0.034299,0.713379
AGATGATGGAGTCTGG-1,0.000025,0.030277,0.000025,0.914847,0.054826
AGATGCAAGACGTGCA-1,0.00004,0.292584,0.118924,0.09285,0.495601
AGATGCATCCTGTGTC-1,0.000049,0.088876,0.009288,0.000049,0.901738
AGATGCTATAACGAGC-1,0.000084,0.940568,0.014015,0.000084,0.045249
AGATTATAGGACGTTT-1,0.000071,0.311762,0.16459,0.080287,0.44329
AGATTCACAACCGATA-1,0.000018,0.024442,0.017504,0.000018,0.958017
AGCAAAGGCCGCTAGT-1,0.000115,0.450591,0.174613,0.000115,0.374566
AGCAACATATCTTATT-1,0.000541,0.311375,0.046275,0.000541,0.641269
AGCAACCGAAAGTAAT-1,0.000022,0.166107,0.058363,0.055282,0.720227
AGCACTACCGGCCTGT-1,0.001695,0.261648,0.001695,0.001695,0.733266
AGCACTACCTCACCAG-1,0.000091,0.494989,0.058629,0.133935,0.312355
AGCACTTAAGGACGCC-1,0.000079,0.024285,0.189354,0.000079,0.786202
AGCAGAAGGAGAAAGA-1,0.000061,0.999448,0.000061,0.000061,0.000368
AGCAGTCGAAGCATGC-1,0.00006,0.138115,0.00006,0.00006,0.861706
AGCATATCAATATGCT-1,0.000073,0.215245,0.435427,0.000073,0.349182
AGCATCATTTCGAAAG-1,0.000032,0.116496,0.064502,0.006091,0.812879
AGCATCGTCGATAATT-1,0.000086,0.019117,0.088125,0.000086,0.892586
AGCATTACGAGGCAAG-1,0.000065,0.003027,0.034559,0.038371,0.923978
AGCCACAGGTTACCCG-1,0.000806,0.000807,0.000807,0.000807,0.996774
AGCCACTCCCGTGCTT-1,0.000157,0.224604,0.661141,0.000157,0.113941
AGCCATATAGTATGTG-1,0.000074,0.99933,0.000074,0.000074,0.000447
AGCCCATACATGTAAG-1,0.000035,0.020571,0.065958,0.093714,0.819721
AGCCCGCACTACAATG-1,0.000042,0.041072,0.00522,0.062701,0.890965
AGCCCGGCATTAGAGG-1,0.000033,0.0609,0.041241,0.080525,0.817301
AGCCCTAAGCGAAGTT-1,0.00008,0.307227,0.00008,0.00008,0.692531
AGCCCTGTCGCACCGT-1,0.000086,0.126263,0.000086,0.047056,0.826508
AGCCCTTCTAATCCGA-1,0.000071,0.000071,0.000071,0.000071,0.999717
AGCCCTTGGACATCCC-1,0.00005,0.00005,0.092774,0.030315,0.876811
AGCCGCAAATTCAAAT-1,0.000078,0.181823,0.08819,0.014037,0.715872
AGCCGCTTGATTAGCG-1,0.000056,0.824693,0.174856,0.000056,0.000338
AGCCGTGGCTAAATGT-1,0.000028,0.077312,0.046435,0.000028,0.876196
AGCCTAATACCCACGT-1,0.000027,0.084038,0.098313,0.000027,0.817595
AGCCTTAAAGCGGAAG-1,0.000086,0.688293,0.236005,0.026069,0.049547
AGCGACAGGAACGGTC-1,0.000031,0.000031,0.000031,0.024946,0.974962
AGCGACATCCCATTCA-1,0.000204,0.183146,0.334437,0.000204,0.48201
AGCGACCAACGATATT-1,0.000076,0.057285,0.10715,0.000076,0.835413
AGCGATGCGCCTAATA-1,0.000069,0.13087,0.124103,0.063932,0.681026
AGCGCGGGTGCCAATG-1,0.000099,0.230931,0.318988,0.063362,0.38662
AGCGCTAGAGCGATGT-1,0.000181,0.352312,0.000181,0.094593,0.552732
AGCGGCGGTTAGCGGT-1,0.000021,0.01819,0.544732,0.001165,0.435893
AGCGGGAAGGGTCCAT-1,0.000045,0.062937,0.115423,0.016263,0.805332
AGCGGGTCTGACACTC-1,0.000075,0.970482,0.028919,0.000075,0.00045
AGCGGTTGCCGCTCTG-1,0.000092,0.193805,0.000092,0.000092,0.80592
AGCGTACGAGAGCTAG-1,0.000071,0.256628,0.000071,0.032903,0.710327
AGCGTAGCGCTAGACC-1,0.000022,0.132381,0.308919,0.149501,0.409178
AGCGTCTGAACCCGCA-1,0.000036,0.119137,0.036593,0.095773,0.748461
AGCGTGGTATTCTACT-1,0.000091,0.847197,0.152077,0.000091,0.000545
AGCTAACAAGCAATGT-1,0.000009,0.104706,0.000009,0.000009,0.895266
AGCTAAGTACGCAGGC-1,0.000128,0.24681,0.000128,0.000128,0.752806
AGCTACGAATGGTGGT-1,0.000071,0.000071,0.036268,0.120454,0.843136
AGCTAGAAGCAGAAGT-1,0.000035,0.116856,0.014557,0.311763,0.556788
AGCTATTTAATCCAAC-1,0.000089,0.282258,0.251462,0.031786,0.434405
AGCTCCATATATGTTC-1,0.000077,0.118142,0.147944,0.005165,0.728673
AGCTCCTTCGCACATC-1,0.000658,0.252648,0.242397,0.390331,0.113966
AGCTCGTTGATGGAAA-1,0.001333,0.177595,0.001334,0.001334,0.818404
AGCTCTAGACGTTCCA-1,0.000201,0.998192,0.000201,0.000201,0.001205
AGCTCTTCCCAGTGCA-1,0.001724,0.221811,0.001725,0.323445,0.451295
AGCTCTTCGTAACCTT-1,0.000083,0.05698,0.208778,0.000083,0.734077
AGCTCTTTACTCAGTT-1,0.00005,0.099289,0.073358,0.174513,0.65279
AGCTGAAGTAAACCAA-1,0.000154,0.306176,0.122196,0.113453,0.458021
AGCTGTAACCTCAATC-1,0.000034,0.129452,0.057974,0.269537,0.543003
AGCTTATAGAGACCTG-1,0.000104,0.290421,0.080484,0.13364,0.495351
AGCTTCTTCTCGAGCA-1,0.000061,0.052085,0.057771,0.01865,0.871433
AGCTTGATCTTAACTT-1,0.000048,0.054251,0.01005,0.008414,0.927237
AGGAAAGCCTCTGATG-1,0.000149,0.83888,0.000149,0.032583,0.128239
AGGAACGAACGACTTC-1,0.000045,0.044486,0.250371,0.099234,0.605864
AGGAAGCTGTCCGCCG-1,0.000152,0.604827,0.000152,0.000152,0.394716
AGGACAGTCGAATCCC-1,0.0004,0.581274,0.058757,0.09457,0.264999
AGGACATCGCACGTCG-1,0.000085,0.207737,0.149625,0.010283,0.63227
AGGACATCGGCACACT-1,0.000034,0.030028,0.062877,0.521857,0.385203
AGGACGACCCATTAGA-1,0.000055,0.118282,0.026667,0.345047,0.509948
AGGACGCTCGATGTTG-1,0.000065,0.000065,0.000065,0.046812,0.952993
AGGACTTATAGGAGAA-1,0.000072,0.804796,0.084523,0.000072,0.110537
AGGAGACATCCACAGT-1,0.000074,0.309795,0.000074,0.152366,0.537691
AGGAGAGTCTGGCTAC-1,0.000142,0.172909,0.000142,0.085716,0.741091
AGGAGCGTTTATTATC-1,0.000066,0.073626,0.051415,0.119551,0.755343
AGGAGGCCTTCGCGCG-1,0.000084,0.102715,0.693352,0.028315,0.175534
AGGATATAGGGATTTA-1,0.000135,0.375637,0.161669,0.212564,0.249994
AGGATATCCGACTGCA-1,0.000045,0.000045,0.000045,0.000045,0.99982
AGGATCACGCGATCTG-1,0.000039,0.000039,0.000039,0.000039,0.999843
AGGATTGCTTACGACA-1,0.001087,0.347257,0.001087,0.153369,0.4972
AGGCAAAGAGGAATCA-1,0.000035,0.048924,0.074939,0.051811,0.824292
AGGCAATACGGAGGAC-1,0.000075,0.999326,0.000075,0.000075,0.000449
AGGCACGTGACTGTCC-1,0.000038,0.046311,0.294388,0.005124,0.654138
AGGCAGATGCGTAAAC-1,0.000072,0.425758,0.037092,0.031455,0.505624
AGGCATTGTCGTAGGG-1,0.000044,0.19858,0.491761,0.04092,0.268695
AGGCCACATTGGTTAC-1,0.000083,0.108612,0.000083,0.000083,0.891138
AGGCCACCCGTTATGA-1,0.000057,0.051377,0.078302,0.000057,0.870206
AGGCCCAGTGACTGGT-1,0.000058,0.42123,0.523263,0.000058,0.055391
AGGCCCATTGTACAGG-1,0.000089,0.089697,0.137059,0.000089,0.773066
AGGCCCTAGAACGCCA-1,0.000076,0.099365,0.022251,0.042715,0.835594
AGGCCTGAGAATCTCG-1,0.001333,0.248054,0.001334,0.001334,0.747945
AGGCGATAACTGGCGT-1,0.000038,0.000038,0.204047,0.043003,0.752873
AGGCGGTTTGTCCCGC-1,0.001961,0.462214,0.065136,0.001961,0.468728
AGGCGTCTATGGACGG-1,0.000057,0.000057,0.000057,0.165909,0.833919
AGGCTATGGTTAGCTT-1,0.000098,0.155471,0.11676,0.000098,0.727572
AGGCTTAAGTTGCACA-1,0.000108,0.000108,0.723936,0.000108,0.275739
AGGCTTCCCGAAGAAG-1,0.000039,0.000039,0.000039,0.170763,0.82912
AGGCTTGCTAGACACC-1,0.000068,0.34412,0.371484,0.000068,0.28426
AGGGACAGCACGGCGG-1,0.00009,0.265769,0.00009,0.143053,0.590998
AGGGACCGGCTGCGTT-1,0.000046,0.024694,0.060398,0.17861,0.736251
AGGGAGACATACTTCG-1,0.00005,0.00005,0.00005,0.27017,0.72968
AGGGCAGCGGCGTGGT-1,0.001136,0.001137,0.001137,0.001137,0.995454
AGGGCCCTAATGTTCT-1,0.000039,0.057361,0.171435,0.078836,0.692329
AGGGCGAGCAGCTGAT-1,0.000037,0.095698,0.000037,0.006852,0.897376
AGGGCGTGATCGGCTA-1,0.000067,0.151445,0.050468,0.037879,0.760142
AGGGTCAGTAACCCTA-1,0.000385,0.000385,0.018801,0.062388,0.918042
AGGGTCGATGCGAACT-1,0.00013,0.288144,0.00013,0.00013,0.711466
AGGGTCTGGACGCAGT-1,0.000021,0.000021,0.01546,0.84832,0.136177
AGGGTGCCGTTCTTTA-1,0.000028,0.101192,0.002938,0.073861,0.821981
AGGGTGCTCTCGAGGG-1,0.000119,0.414362,0.018724,0.054654,0.512141
AGGGTGGATAGTGCAT-1,0.000244,0.544996,0.182476,0.000244,0.27204
AGGGTTCCCTTTGGTT-1,0.000122,0.463779,0.304774,0.000122,0.231203
AGGTAACCTCCTATTC-1,0.00006,0.047454,0.045982,0.279985,0.626518
AGGTAGATCGAGATAT-1,0.000023,0.092264,0.00329,0.180221,0.724202
AGGTAGGTACAAAGCT-1,0.000031,0.090255,0.017461,0.031013,0.861241
