Barcode,Topic 1,Topic 2to6,Topic 7,Topic 8
AAACAACGAATAGTTC-1,0.000029,0.692114,0.084092,0.223765
AAACAAGTATCTCCCA-1,0.000079,0.653688,0.231841,0.114393
AAACAATCTACTAGCA-1,0.000159,0.462422,0.00016,0.537259
AAACACCAATAACTGC-1,0.000178,0.038741,0.075995,0.885086
AAACAGAGCGACTCCT-1,0.000177,0.654414,0.000177,0.345232
AAACAGCTTTCAGAAG-1,0.00006,0.404677,0.00006,0.595203
AAACAGGGTCTATATT-1,0.000051,0.003924,0.780048,0.215976
AAACATGGTGAGAGGA-1,0.00007,0.064092,0.39348,0.542358
AAACATTTCCCGGATT-1,0.000202,0.398336,0.082402,0.51906
AAACCACTACACAGAT-1,0.000062,0.109863,0.790164,0.099912
AAACCCGAACGAAATC-1,0.000231,0.133553,0.000231,0.865984
AAACCGGAAATGTTAA-1,0.000086,0.407332,0.227551,0.365031
AAACCGGGTAGGTACC-1,0.000011,0.672653,0.327325,0.000011
AAACCGTTCGTCCAGG-1,0.000104,0.186669,0.201425,0.611801
AAACCTCATGAAGTTG-1,0.00003,0.890043,0.00003,0.109898
AAACGAAGATGGAGTA-1,0.000115,0.022599,0.570832,0.406455
AAACGACAGTCTTGCC-1,0.000189,0.000946,0.45305,0.545816
AAACGCCCGAGATCGG-1,0.000346,0.001734,0.000347,0.997573
AAACGGGCGTACGGGT-1,0.000198,0.487936,0.353265,0.158601
AAACGGGTTGGTATCC-1,0.000064,0.814134,0.064954,0.120849
AAACGTGTTCGCCCTA-1,0.000052,0.176522,0.506278,0.317149
AAACTAACGTGGCGAC-1,0.000146,0.250881,0.330484,0.418489
AAACTCGTGATATAAG-1,0.000048,0.627701,0.173246,0.199005
AAACTTAATTGCACGC-1,0.000152,0.000763,0.000153,0.998933
AAACTTGCAAACGTAT-1,0.000298,0.001491,0.000298,0.997913
AAAGAATGACCTTAGA-1,0.000076,0.000383,0.543012,0.456528
AAAGAATGTGGACTAA-1,0.000062,0.46283,0.067072,0.470035
AAAGACCCAAGTCGCG-1,0.000058,0.720148,0.000058,0.279737
AAAGACTGGGCGCTTT-1,0.000099,0.72615,0.086181,0.187569
AAAGCTTGCCTACATA-1,0.000134,0.918456,0.000134,0.081275
AAAGGCCCTATAATAC-1,0.000062,0.270803,0.27969,0.449445
AAAGGGCAGCTTGAAT-1,0.000061,0.745551,0.000061,0.254327
AAAGGTAAGCTGTACC-1,0.000132,0.2362,0.264254,0.499414
AAAGGTCAACGACATG-1,0.000068,0.460352,0.136248,0.403333
AAAGTAGCATTGCTCA-1,0.000119,0.17664,0.030777,0.792464
AAAGTCACTGATGTAA-1,0.000132,0.555502,0.000133,0.444233
AAAGTCGACCCTCAGT-1,0.000031,0.272569,0.528842,0.198558
AAAGTGTGATTTATCT-1,0.000135,0.452572,0.104455,0.442838
AAAGTTGACTCCCGTA-1,0.00007,0.553046,0.141435,0.305449
AAATAACCATACGGGA-1,0.000042,0.926568,0.037061,0.036328
AAATAAGGTAGTGCCC-1,0.000042,0.59468,0.010153,0.395126
AAATAGCTTAGACTTT-1,0.000539,0.220258,0.246478,0.532725
AAATCACTCCTAAACG-1,0.000049,0.001264,0.859697,0.138989
AAATCCGATACACGCC-1,0.000053,0.784139,0.023934,0.191874
AAATCGCGGAAGGAGT-1,0.000105,0.078932,0.000105,0.920858
AAATCTAGCCCTGCTA-1,0.000115,0.461151,0.205785,0.332949
AAATGATTCGATCAGC-1,0.000068,0.742857,0.031259,0.225816
AAATGCTCGTTACGTT-1,0.000121,0.351764,0.052548,0.595567
AAATGGCCCGTGCCCT-1,0.000096,0.00048,0.857412,0.142012
AAATGGTCAATGTGCC-1,0.000077,0.800376,0.011744,0.187803
AAATGTATCTTATCCC-1,0.000043,0.037217,0.376156,0.586584
AAATTAACGGGTAGCT-1,0.000068,0.925857,0.000068,0.074007
AAATTAATAAGCGCGA-1,0.00003,0.177967,0.492945,0.329058
AAATTACACGACTCTG-1,0.000029,0.799462,0.035124,0.165385
AAATTACCTATCGATG-1,0.000065,0.816789,0.135337,0.047809
AAATTCCAGGTCCAAA-1,0.000183,0.685314,0.020418,0.294085
AAATTGATAGTCCTTT-1,0.0001,0.287758,0.245702,0.46644
AAATTGCGGCGGTTCT-1,0.000579,0.002898,0.00058,0.995943
AAATTGGTGAGAAGCA-1,0.000067,0.378057,0.066579,0.555296
AAATTTGCGGGTGTGG-1,0.000181,0.046347,0.000181,0.953291
AACAACTGGTAGTTGC-1,0.000022,0.959558,0.001466,0.038954
AACAATACATTGTCGA-1,0.000106,0.295346,0.000106,0.704441
AACAATTACTCTACGC-1,0.000034,0.862755,0.057916,0.079295
AACACACGCTCGCCGC-1,0.000155,0.801311,0.108374,0.090161
AACACGAGACGCGGCC-1,0.000112,0.031912,0.252184,0.715792
AACACGCGGCCGCGAA-1,0.000089,0.524569,0.000089,0.475253
AACAGCTGTGTGGCAA-1,0.000124,0.083366,0.135378,0.781131
AACAGGATGGGCCGCG-1,0.000091,0.455882,0.090788,0.45324
AACAGGTAGTATGGAT-1,0.000263,0.231191,0.000263,0.768283
AACATATCAACTGGTG-1,0.00017,0.738982,0.040875,0.219973
AACATCGATACGTCTA-1,0.00009,0.846538,0.001669,0.151703
AACATTGAAGTTGATC-1,0.000101,0.370565,0.112377,0.516957
AACATTGGTCAGCCGT-1,0.000893,0.271864,0.149037,0.578206
AACCAAGACTTCTCTG-1,0.000038,0.792676,0.000038,0.207248
AACCAGTATCACTCTT-1,0.000325,0.431662,0.177508,0.390505
AACCATAGGGTTGAAC-1,0.000061,0.070403,0.579242,0.350294
AACCATGGGATCGCTA-1,0.000066,0.605478,0.000259,0.394196
AACCCAGAGACGGAGA-1,0.0001,0.707316,0.0001,0.292485
AACCCATCCCATGATC-1,0.000123,0.000614,0.413637,0.585626
AACCCGAGCAGAATCG-1,0.00004,0.974737,0.025182,0.00004
AACCCGATAGGGCTTC-1,0.000309,0.00155,0.247896,0.750245
AACCCTACTGTCAATA-1,0.000047,0.813713,0.013656,0.172584
AACCGCTAAGGGATGC-1,0.000561,0.55343,0.000562,0.445448
AACCTGTCACGGAATT-1,0.000268,0.058278,0.178798,0.762657
AACCTTTACGACGTCT-1,0.000248,0.775081,0.121948,0.102723
AACGAAAGTCGTCCCA-1,0.000149,0.046567,0.173982,0.779302
AACGATAGAAGGGCCG-1,0.000055,0.818658,0.000056,0.181231
AACGATATGTCAACTG-1,0.000008,0.994039,0.003802,0.002151
AACGCATGATCTGGGT-1,0.00009,0.99973,0.00009,0.00009
AACGCGAACGGCAACA-1,0.000107,0.92738,0.000107,0.072406
AACGCTGTTGCTGAAA-1,0.000044,0.631795,0.063565,0.304596
AACGGACGTACGTATA-1,0.000091,0.643675,0.04965,0.306583
AACGGCCATCTCCGGT-1,0.000141,0.314153,0.045566,0.64014
AACGTACTGTGGGTAC-1,0.000151,0.302918,0.095049,0.601882
AACGTAGTCTACCCAT-1,0.000086,0.583978,0.02696,0.388976
AACGTCAGACTAGTGG-1,0.000158,0.439504,0.000159,0.560179
AACGTTATCAGCACCT-1,0.000246,0.001233,0.495928,0.502594
AACTACCCGTTTGTCA-1,0.000118,0.364747,0.207559,0.427576
AACTAGCGTATCGCAC-1,0.000103,0.594708,0.036281,0.368908
AACTCAAGTTAATTGC-1,0.000035,0.974589,0.009576,0.015801
AACTCCAGAGCGTGTT-1,0.000089,0.602804,0.141336,0.255771
AACTCCTAATCCCATG-1,0.000061,0.680206,0.015601,0.304132
AACTCGATAAACACGT-1,0.00015,0.531782,0.000151,0.467917
AACTCGATGGCGCAGT-1,0.000073,0.512457,0.038747,0.448723
AACTCTCAATAGAGCG-1,0.000054,0.774213,0.019748,0.205985
AACTCTCAGTGTGCTC-1,0.000246,0.086335,0.000247,0.913173
AACTGAGGTCAGCGTC-1,0.000644,0.003228,0.000646,0.995482
AACTGAGTTATACTGA-1,0.000132,0.282122,0.232211,0.485535
AACTGGTGTGGGCCTT-1,0.00003,0.986138,0.000176,0.013656
AACTTCTGCGTCTATC-1,0.000083,0.999751,0.000083,0.000083
AACTTGCCCGTATGCA-1,0.000259,0.184027,0.403089,0.412624
AACTTGCGTTCTCGCG-1,0.000224,0.098662,0.090163,0.810951
AACTTTACGGGAGCTT-1,0.000053,0.000265,0.604445,0.395237
AACTTTAGCTGCTGAG-1,0.000075,0.908153,0.000075,0.091696
AACTTTCTCGATCATG-1,0.000427,0.202497,0.000427,0.796649
AAGAAATCACCAGATT-1,0.000312,0.112588,0.000312,0.886788
AAGAAGGATCAGTTAG-1,0.000075,0.155033,0.124124,0.720769
AAGACCAAATAACTCA-1,0.000085,0.000426,0.42628,0.573209
AAGACTAACCCGTTGT-1,0.000237,0.631052,0.000238,0.368473
AAGACTGCAAGCTACT-1,0.000017,0.902532,0.000017,0.097434
AAGAGATGAATCGGTA-1,0.000081,0.613035,0.000492,0.386392
AAGAGGATGTACGCGA-1,0.000035,0.899053,0.068877,0.032035
AAGAGGCATGGATCGC-1,0.000087,0.756948,0.01884,0.224126
AAGAGGCCCTTTGGAA-1,0.0001,0.386449,0.136677,0.476774
AAGATGGCACCGGACC-1,0.000058,0.420128,0.193346,0.386468
AAGATTGGCGGAACGT-1,0.000018,0.985729,0.008918,0.005335
AAGCCGAAGCGGTTTA-1,0.000104,0.497435,0.000105,0.502356
AAGCCGCCGTGAAATC-1,0.000039,0.048776,0.85289,0.098295
AAGCCGCTTTACCTTG-1,0.0001,0.439619,0.075368,0.484913
AAGCGGAGTGCGCGCA-1,0.000217,0.001089,0.139166,0.859528
AAGCGGCGTCATGGGT-1,0.000473,0.553575,0.000474,0.445477
AAGCGTCCCTCATCGA-1,0.000324,0.066477,0.000324,0.932875
AAGGAGCGGTTGGTGC-1,0.000036,0.950518,0.000036,0.04941
AAGGATCGATCGCTTG-1,0.000443,0.400312,0.000444,0.5988
AAGGATGAGGGACCTC-1,0.000054,0.835193,0.085167,0.079586
AAGGCAGGCTGTCTCC-1,0.000103,0.48555,0.023736,0.49061
AAGGCGCGTAAAGCTT-1,0.000132,0.580011,0.047745,0.372112
AAGGCTGTGCTCATCG-1,0.000117,0.758704,0.000117,0.241061
AAGGGAACGACTGGCT-1,0.00004,0.054867,0.690164,0.254929
AAGGGACAGATTCTGT-1,0.00003,0.829348,0.158897,0.011726
AAGGGACTATGCATTC-1,0.000028,0.023942,0.855002,0.121028
AAGGGTTTGATTTCAG-1,0.000382,0.001914,0.000383,0.997321
AAGGTATCCTAATATA-1,0.000025,0.955627,0.007085,0.037263
AAGGTGATAAACCAGC-1,0.000068,0.666067,0.017228,0.316637
AAGTAAGCTTCCAAAC-1,0.000091,0.625673,0.000091,0.374146
AAGTAGAAGACCGGGT-1,0.000072,0.52099,0.016834,0.462103
AAGTAGTGACGCGAGG-1,0.000073,0.623876,0.066151,0.309899
AAGTCAATTGTCGTCA-1,0.000198,0.619406,0.000198,0.380198
AAGTCTAGTAGCTGCC-1,0.000521,0.291219,0.000522,0.707739
AAGTCTTCTGTGGCCT-1,0.000225,0.001128,0.121811,0.876836
AAGTGACGACCGAATT-1,0.000039,0.789988,0.138402,0.071571
AAGTGCAAAGGTAGAC-1,0.000198,0.118363,0.097768,0.78367
AAGTGCCTTGACTGTA-1,0.000021,0.999937,0.000021,0.000021
AAGTGCGTTAGAATCT-1,0.000057,0.303848,0.181952,0.514144
AAGTTCACTCCAAGCT-1,0.00085,0.85638,0.000852,0.141918
AAGTTCAGTCTGCGTA-1,0.000052,0.794129,0.027111,0.178708
AAGTTCGGCCAACAGG-1,0.000092,0.078764,0.280368,0.640776
AAGTTGTGATGTTATA-1,0.000033,0.73064,0.20204,0.067287
AATAACAACGCTCGGC-1,0.000006,0.999983,0.000006,0.000006
AATAACACTAGAACAA-1,0.000166,0.000834,0.000167,0.998833
AATAATCTTCGTATCG-1,0.000131,0.385111,0.185341,0.429417
AATACAATGTTTCAGG-1,0.000046,0.649003,0.213655,0.137296
AATAGAACAGAGTGGC-1,0.00053,0.274364,0.00053,0.724576
AATAGAATCTGTTTCA-1,0.000127,0.749875,0.208878,0.04112
AATAGCAAGCCTCCTG-1,0.000431,0.002159,0.057882,0.939528
AATAGCTACCGCGTGC-1,0.000047,0.749782,0.159315,0.090857
AATAGTCGCGAGTCGG-1,0.000148,0.091587,0.467008,0.441257
AATATCAAGGTCGGAT-1,0.000039,0.997325,0.002597,0.000039
AATATCCTAGCAAACT-1,0.000058,0.213282,0.478861,0.307799
AATATCGAATCAATGC-1,0.000152,0.256093,0.033388,0.710366
AATATCGAGGGTTCTC-1,0.000571,0.664132,0.000572,0.334726
AATATTGGAGTATTGA-1,0.000267,0.324105,0.000268,0.67536
AATCAGACTGCAGGAC-1,0.000314,0.5125,0.000315,0.486871
AATCATGTAAAGACTC-1,0.000026,0.999923,0.000026,0.000026
AATCCAAGGGCCTGAG-1,0.000107,0.645339,0.000107,0.354447
AATCCATGCAAGGGTG-1,0.000177,0.659518,0.083192,0.257113
AATCGCCTCAGCGCCA-1,0.000127,0.665817,0.033345,0.300711
AATCGCGCAGAGGACT-1,0.000329,0.146753,0.000329,0.852589
AATCTAGGTTTACTTG-1,0.000173,0.000867,0.171851,0.827109
AATCTATGCCGGAGCC-1,0.000267,0.838303,0.000267,0.161163
AATCTCTACTGTGGTT-1,0.000058,0.324262,0.261759,0.413921
AATCTGCGTTGGGACG-1,0.000208,0.787517,0.039947,0.172328
AATCTGGCTTTCTAGT-1,0.000115,0.000576,0.654849,0.34446
AATCTGGGTAGACCCT-1,0.000109,0.423849,0.047949,0.528093
AATGACAGCAATGTCT-1,0.000116,0.202627,0.168214,0.629042
AATGACTGTCAGCCGG-1,0.000055,0.705009,0.09125,0.203685
AATGAGTTCGCATATG-1,0.000205,0.306492,0.000205,0.693098
AATGATGATACGCTAT-1,0.000048,0.780237,0.091792,0.127923
AATGATGCGACTCCTG-1,0.000196,0.922918,0.000197,0.076689
AATGCACCAAGCAATG-1,0.000174,0.552492,0.021293,0.42604
AATGGCCGCCAATGCG-1,0.000321,0.001606,0.000321,0.997753
AATGGTCCACCGTTCA-1,0.000061,0.616405,0.097784,0.28575
AATGGTTCTCACAAGC-1,0.000248,0.756702,0.000248,0.242801
AATGTATGGCACTGTA-1,0.000212,0.001063,0.000213,0.998512
AATGTGCCCGAGGTGT-1,0.000128,0.139376,0.119775,0.740721
AATGTTGTCGTGAGAC-1,0.000066,0.401374,0.048087,0.550474
AATTAAAGGTCGGCGT-1,0.000031,0.931038,0.008134,0.060796
AATTACGAGACCCATC-1,0.000074,0.000372,0.631637,0.367917
AATTACTCGTACGCTC-1,0.000096,0.452523,0.303254,0.244127
AATTCATAAGGGATCT-1,0.000047,0.98117,0.018737,0.000047
AATTCATTGTCATGCA-1,0.000124,0.000619,0.449283,0.549974
AATTCCAACTTGGTGA-1,0.000162,0.540872,0.013949,0.445017
AATTGAACGCTCTGGT-1,0.000436,0.864338,0.000436,0.13479
AATTGCAGCAATCGAC-1,0.000045,0.780522,0.046059,0.173374
AATTGCGTGGATTACA-1,0.00005,0.024249,0.819177,0.156524
AATTTGGGACATAGTA-1,0.000065,0.652657,0.157766,0.189512
ACAAACCATGCGTCCT-1,0.000219,0.001094,0.000219,0.998468
ACAAAGAAGGTAGGCC-1,0.000087,0.095522,0.287796,0.616595
ACAAAGCATGACCTAG-1,0.000156,0.520431,0.000157,0.479255
ACAAATCGCACCGAAT-1,0.000035,0.961158,0.000035,0.038772
ACAAATGGTAGTGTTT-1,0.000123,0.759601,0.121097,0.11918
ACAAATTCAGATCTGA-1,0.000266,0.550471,0.111361,0.337902
ACAACGGTCCCTGCGA-1,0.000071,0.742891,0.000071,0.256967
ACAAGCAGTGCCTAGC-1,0.000112,0.211153,0.000112,0.788623
ACAAGCTATATGGAAG-1,0.000315,0.001577,0.000315,0.997793
ACAAGGACAAGAGGTT-1,0.000031,0.985922,0.014017,0.000031
ACAAGGATGCTTTAGG-1,0.000339,0.2623,0.000339,0.737022
ACAAGGCCTACCAGCC-1,0.000239,0.191055,0.210839,0.597868
ACAATAGTCGTACGTT-1,0.000091,0.319905,0.000092,0.679912
ACAATCCATTTAAACC-1,0.000054,0.487734,0.164398,0.347815
ACAATGAATACGGAGA-1,0.000139,0.120476,0.031285,0.848101
ACAATGATTCTTCTAC-1,0.000059,0.101941,0.483384,0.414616
ACAATTGTGTCTCTTT-1,0.000047,0.586618,0.000047,0.413287
ACAATTTAGGAGGCTC-1,0.00006,0.384262,0.210419,0.40526
ACAATTTGAGCAGTGG-1,0.000016,0.970833,0.000016,0.029134
ACAATTTGGCCATATT-1,0.0003,0.174597,0.000301,0.824801
ACACAAAGACGGGTGG-1,0.00005,0.70335,0.00005,0.296551
ACACAAATATTCCTAG-1,0.000088,0.142461,0.291976,0.565475
ACACACCAGGACCAGT-1,0.000228,0.644571,0.000228,0.354973
ACACATGATCAAATCT-1,0.000075,0.000374,0.508945,0.490606
ACACATTGACGCAACA-1,0.000098,0.385871,0.233505,0.380527
ACACCACATAATTAGC-1,0.000122,0.745179,0.121231,0.133468
ACACCCAGCATGCAGC-1,0.000027,0.859884,0.067059,0.07303
ACACCCGAGAAATCCG-1,0.000136,0.373568,0.057925,0.568371
ACACCCGTAAATCTGT-1,0.000216,0.024444,0.258504,0.716836
ACACCGAGCGCTCTTT-1,0.000128,0.253105,0.000128,0.74664
ACACCGGTCTGACCGC-1,0.000114,0.00057,0.088253,0.911063
ACACCTTAAGTAGGGC-1,0.000107,0.542744,0.08361,0.373539
ACACCTTACTACTTGC-1,0.000086,0.444116,0.219482,0.336316
ACACGTAGGCCACAAG-1,0.000184,0.537756,0.000184,0.461875
ACACTCCAATGTCACT-1,0.000113,0.397164,0.009321,0.593402
ACACTGATCAAGGTGT-1,0.000087,0.509904,0.028398,0.46161
ACACTGGGACAGTCGT-1,0.000571,0.415078,0.000572,0.583779
ACAGAACTGAGAACAA-1,0.000195,0.000978,0.000196,0.998631
ACAGCATAGAGCCAGT-1,0.000043,0.893711,0.000043,0.106202
ACAGCGACATTCTCAT-1,0.000075,0.815261,0.146196,0.038468
ACAGGCACGGATCCTT-1,0.000305,0.703049,0.057583,0.239063
ACAGGCTTGCCCGACT-1,0.00006,0.810291,0.00006,0.189589
ACAGGTGGAGGTGAGG-1,0.000083,0.000418,0.81645,0.183049
ACAGGTGTGTTGTTGC-1,0.000257,0.001288,0.000258,0.998197
ACAGTAATACAACTTG-1,0.000236,0.001183,0.000237,0.998344
ACAGTATACCGTGGGA-1,0.000058,0.574185,0.000058,0.4257
ACAGTGCAGCGCATTT-1,0.000394,0.413361,0.181829,0.404416
ACATAAGTCGTGGTGA-1,0.000161,0.000806,0.02854,0.970494
ACATCAGCTGGGACGC-1,0.000085,0.554233,0.231808,0.213874
ACATCCTGGTAACTGT-1,0.000235,0.781616,0.000235,0.217915
ACATCGATCGTTTACC-1,0.000103,0.761873,0.000103,0.237922
ACATCGGTCAGCCGCG-1,0.000037,0.881013,0.03634,0.08261
ACATCGTATGCAATGG-1,0.000187,0.526506,0.000187,0.473121
ACATGGCGCCAAAGTA-1,0.000566,0.002833,0.000567,0.996034
ACATGGCTCAATTTAG-1,0.001667,0.184538,0.00167,0.812125
ACATTTGAAACCTAAC-1,0.000082,0.499233,0.028014,0.472671
ACCAAACACCCAGCGA-1,0.000038,0.863966,0.035047,0.100949
ACCAACACCACACACT-1,0.000031,0.793999,0.034613,0.171358
ACCAACCGCACTCCAC-1,0.000601,0.360667,0.000602,0.63813
ACCAACGCTTATTTAT-1,0.000107,0.516456,0.000108,0.483329
ACCAAGAACGCGTGTC-1,0.000063,0.700386,0.129492,0.170059
ACCAAGTCATCGGCAG-1,0.000069,0.386306,0.045963,0.567662
ACCACAAGTTTCTATC-1,0.00001,0.976535,0.022078,0.001378
ACCACCAATGTAACAA-1,0.000074,0.632181,0.269562,0.098183
ACCACCCTCTCTTCTA-1,0.000321,0.471578,0.000321,0.527781
ACCACTGTTCAAGAAG-1,0.000105,0.474463,0.079743,0.44569
ACCAGACCATAACAAC-1,0.000063,0.173781,0.000063,0.826093
ACCAGTGCCCGGTCAA-1,0.000128,0.166861,0.475506,0.357505
ACCAGTGCGGGAGACG-1,0.000437,0.445643,0.125318,0.428603
ACCATCCGCCAACTAG-1,0.000063,0.069834,0.762835,0.167267
ACCATCGTATATGGTA-1,0.000143,0.74335,0.029031,0.227476
ACCATTAAGGGTGTCA-1,0.00006,0.312599,0.62298,0.064361
ACCCAACGCCCGTGGC-1,0.000023,0.898453,0.01658,0.084944
ACCCACCTACATGCTC-1,0.000173,0.290263,0.159936,0.549628
ACCCATCTTGAGGGTA-1,0.000069,0.766416,0.068052,0.165463
ACCCATTTGTCCCTCT-1,0.000541,0.091185,0.066792,0.841482
ACCCGAGCGAAATTAC-1,0.000047,0.07131,0.708602,0.22004
ACCCGGAGCACCACAA-1,0.000083,0.387237,0.004592,0.608088
ACCCGGATGACGCATC-1,0.000113,0.999661,0.000113,0.000113
ACCCGGTTACACTTCC-1,0.000081,0.828596,0.05075,0.120572
ACCCTATAGGACTGAG-1,0.00008,0.42322,0.011115,0.565585
ACCCTATGCCATATCG-1,0.000456,0.002285,0.000457,0.996802
ACCCTCCCGTCAGGGC-1,0.000032,0.908905,0.024161,0.066902
ACCCTCCCTTGCTATT-1,0.000041,0.986738,0.013179,0.000041
ACCCTGGTAACGCCCT-1,0.000178,0.657036,0.000179,0.342607
ACCCTTGCCTGGGTCG-1,0.000414,0.195685,0.000415,0.803486
ACCGAAAGGGCCCTGC-1,0.000075,0.755586,0.000075,0.244264
ACCGAAGAGTCTGGTT-1,0.000185,0.000927,0.192286,0.806602
ACCGATAGGCATAACC-1,0.000613,0.30775,0.0058,0.685836
ACCGATATTTAATCAT-1,0.000219,0.422849,0.000219,0.576713
ACCGATGGTAGCATCG-1,0.000082,0.611568,0.04581,0.342539
ACCGCGGTGGAAGTCG-1,0.000075,0.554393,0.089692,0.35584
ACCGGGCCTTTGTTGA-1,0.000199,0.827611,0.171341,0.000849
ACCGGTCAGGTACACC-1,0.000041,0.000207,0.878237,0.121515
ACCGGTCTGAGTACGG-1,0.000313,0.428681,0.212068,0.358938
ACCGTCCACTGGGCCC-1,0.00008,0.000401,0.700022,0.299498
ACCTAAGTACCTTTCA-1,0.000369,0.001847,0.000369,0.997415
ACCTAATCGACTTCCT-1,0.000109,0.557952,0.000109,0.441829
ACCTACAGTATGTGGT-1,0.00021,0.315131,0.067638,0.617021
ACCTCCGCCCTCGCTG-1,0.000218,0.873192,0.045696,0.080894
ACCTCCGTTATTCACC-1,0.000373,0.330157,0.000374,0.669096
ACCTCGAACTTATGCT-1,0.000048,0.000243,0.886758,0.112951
ACCTGCGTGTCATGTT-1,0.000098,0.00049,0.522485,0.476927
ACGAAATGGGCGGCAC-1,0.000089,0.339147,0.000089,0.660675
ACGACTCTAGGGCCGA-1,0.000179,0.396255,0.065145,0.538421
ACGAGAACCCATCACG-1,0.000105,0.617472,0.030028,0.352395
ACGAGGATACCACTCT-1,0.000126,0.000629,0.244943,0.754302
ACGAGGTTTACAACGT-1,0.000076,0.067532,0.56193,0.370462
ACGAGTACGGATGCCC-1,0.000962,0.287718,0.000963,0.710357
ACGATACATAGAACTA-1,0.000015,0.995946,0.000015,0.004024
ACGATACCTATCCTGA-1,0.00005,0.02548,0.42934,0.545129
ACGATCATCTTGTAAA-1,0.000102,0.570264,0.000103,0.429531
ACGATGCATATGTTAT-1,0.000057,0.514398,0.348075,0.13747
ACGCAATCACTACAGC-1,0.000022,0.999934,0.000022,0.000022
ACGCATAAATGACATG-1,0.000361,0.640866,0.000362,0.358411
ACGCATACGTTTACTA-1,0.000148,0.61703,0.153724,0.229097
ACGCATTCGTGAGTAC-1,0.00001,0.99997,0.00001,0.00001
ACGCCAGTGCGTTTGC-1,0.000133,0.421863,0.000133,0.577871
ACGCCGCTAGACGACC-1,0.000093,0.778267,0.097745,0.123895
ACGCGCTACACAGGGT-1,0.00004,0.855841,0.008016,0.136103
ACGCGGGCCAAGGACA-1,0.000008,0.998612,0.000473,0.000907
ACGCGTTTCTTAAGAG-1,0.000079,0.000394,0.163293,0.836235
ACGCTAGTATCAGTGC-1,0.000175,0.064789,0.716121,0.218915
ACGCTAGTGATACACT-1,0.000178,0.679502,0.144123,0.176197
ACGCTGTGAGGCGTAG-1,0.000316,0.001585,0.10375,0.894348
ACGGAACACGAGTGCC-1,0.0001,0.422044,0.0001,0.577756
ACGGAATTTAGCAAAT-1,0.000064,0.17512,0.307685,0.51713
ACGGAGCGCAAATTAC-1,0.000063,0.820403,0.017147,0.162388
ACGGCCAACATGGACT-1,0.000091,0.545718,0.01452,0.43967
ACGGCGGGTTGCCCTG-1,0.000194,0.486271,0.000194,0.51334
ACGGCTGGATGTAGAA-1,0.000126,0.016862,0.364331,0.618681
ACGGGAGTGTCGGCCC-1,0.000226,0.00113,0.174967,0.823677
ACGGGCGTATGCGACA-1,0.000068,0.79936,0.016651,0.183921
ACGGGTCATGTGACTT-1,0.00003,0.912064,0.087876,0.00003
ACGGTACAGTTCAATG-1,0.000096,0.68492,0.080621,0.234363
ACGGTCACCGAGAACA-1,0.000134,0.338543,0.2025,0.458823
ACGTAGATTGCTGATG-1,0.00003,0.872355,0.00003,0.127585
ACGTATTACTCCGATC-1,0.000551,0.247257,0.381429,0.370764
ACGTCTCGTTCCGGGA-1,0.000067,0.000336,0.886614,0.112983
ACGTGACAAAGTAAGT-1,0.000072,0.075378,0.753419,0.171131
ACGTTAATGTCGAAGA-1,0.000088,0.227645,0.553893,0.218374
ACGTTAGATTTGCCCG-1,0.000092,0.83755,0.000092,0.162267
ACGTTATTGGTCACTC-1,0.000592,0.204602,0.000593,0.794212
ACGTTCCGCGCTCCGT-1,0.000046,0.848759,0.000046,0.151148
ACGTTCGCAATCAATT-1,0.000279,0.434259,0.00028,0.565183
ACGTTCTGTACAAGTC-1,0.000206,0.725321,0.13544,0.139032
ACTAAGGACGCACACC-1,0.000076,0.242775,0.212248,0.544901
ACTAATACGTCAGGCG-1,0.00019,0.77372,0.081104,0.144986
ACTACATCCCGACAAG-1,0.000061,0.000303,0.639322,0.360314
ACTACCAGCTCTCTGG-1,0.000128,0.428663,0.093886,0.477322
ACTAGTTGCGATCGTC-1,0.000136,0.716118,0.012601,0.271145
ACTATATGCTGTGTTC-1,0.000356,0.205751,0.000357,0.793537
ACTATCCAGGGCATGG-1,0.000053,0.589757,0.006927,0.403262
ACTATCGCCGGCTAAA-1,0.000048,0.000242,0.311843,0.687866
ACTATCTGCCCGCGTA-1,0.000119,0.348362,0.00012,0.651399
ACTATGTCCAGCTGCC-1,0.000038,0.000188,0.838277,0.161497
ACTATTTCCGGGCCCA-1,0.000164,0.30944,0.133197,0.557199
ACTCAACGAATGTATT-1,0.000227,0.36849,0.036736,0.594547
ACTCAAGTGCAAGGCT-1,0.000912,0.598155,0.000914,0.400018
ACTCAGACCTGCTTCT-1,0.00025,0.493252,0.022429,0.484069
ACTCATGGCAGCCTTC-1,0.000114,0.062936,0.482778,0.454172
ACTCCAATATCATCAT-1,0.000166,0.150775,0.268241,0.580818
ACTCCCATTCCTAAAG-1,0.000087,0.000437,0.794227,0.205248
ACTCCCGAATTCGTTT-1,0.000036,0.987519,0.000036,0.01241
ACTCCCGTAGACTAGG-1,0.000492,0.349874,0.000493,0.649141
ACTCCGGCCGACCACT-1,0.000123,0.516041,0.098147,0.385689
ACTCGATGTATTTCAT-1,0.000162,0.152786,0.22177,0.625282
ACTCGCGATCTGACGC-1,0.000219,0.012732,0.297548,0.6895
ACTCGTAACCCGTCCT-1,0.000158,0.051823,0.186302,0.761717
ACTCTAAACCTGGGAT-1,0.000061,0.2563,0.534481,0.209158
ACTCTGACCTAATAGA-1,0.000138,0.513773,0.119338,0.366751
ACTCTTCAGCTCCCGC-1,0.000112,0.40146,0.069024,0.529405
ACTGAAACGCCGTTAG-1,0.000052,0.755968,0.035563,0.208417
ACTGAATGGCGAAAGT-1,0.000037,0.962344,0.000037,0.037582
ACTGCGGACACACCGT-1,0.000374,0.124874,0.000375,0.874377
ACTGCTCGGAAGGATG-1,0.000133,0.000667,0.577624,0.421577
ACTGGCGAACCTGCGT-1,0.000313,0.234286,0.199476,0.565926
ACTGTACGATACACAT-1,0.000006,0.97475,0.025237,0.000006
ACTGTAGCACTTTGGA-1,0.000023,0.945048,0.02005,0.034878
ACTGTATACGCGAGCA-1,0.000061,0.67579,0.015009,0.309141
ACTGTCCAGGATTATA-1,0.00003,0.939827,0.032174,0.027969
ACTGTGCTAGTAGATC-1,0.000134,0.551204,0.059633,0.389029
ACTTACCGGGCGCGCA-1,0.000058,0.722801,0.000058,0.277082
ACTTAGTACGACAAGA-1,0.000556,0.166033,0.000557,0.832854
ACTTATACTTACCCGG-1,0.000054,0.773168,0.068128,0.15865
ACTTATCTGATCTATA-1,0.000548,0.499508,0.000549,0.499395
ACTTATTTATGTGCCA-1,0.000047,0.653081,0.158518,0.188353
ACTTCAGGCTGATCCC-1,0.000089,0.75157,0.000089,0.248253
ACTTCCAGTGGAAGCT-1,0.000172,0.00086,0.343012,0.655956
ACTTCCATGCGGGACA-1,0.000796,0.299075,0.000797,0.699331
ACTTCCTGTCGTGCGA-1,0.000307,0.222801,0.123976,0.652916
ACTTCGCCATACGCAC-1,0.000027,0.947622,0.004292,0.048059
ACTTCGCTAGCGAGTG-1,0.00011,0.563947,0.015566,0.420378
ACTTGGGACCCGGTGG-1,0.000031,0.995812,0.000031,0.004126
ACTTGTAGTCCCTTCA-1,0.00013,0.111959,0.367522,0.520389
ACTTGTGGATGGAACG-1,0.000049,0.720393,0.06146,0.218097
ACTTTACCCTCATGAA-1,0.000168,0.488432,0.103511,0.407889
ACTTTGACTGCATCCT-1,0.000056,0.111252,0.623686,0.265006
ACTTTGGTCGTGCTCC-1,0.000111,0.078911,0.30954,0.611438
ACTTTGTCGACGCACT-1,0.000355,0.492955,0.039335,0.467355
AGAAATTATGACTCGC-1,0.001563,0.288066,0.186148,0.524224
AGAACCCAGCGTGACA-1,0.00022,0.059777,0.00022,0.939783
AGAACCCTCAATTGGG-1,0.000058,0.12778,0.437096,0.435067
AGAACGTGGTACATTC-1,0.000062,0.742258,0.000063,0.257618
AGAAGAGCGCCGTTCC-1,0.000592,0.998221,0.000594,0.000593
AGAAGGTACACTTCAC-1,0.000183,0.000918,0.000184,0.998715
AGAAGGTTGCCGAATT-1,0.000132,0.600768,0.000132,0.398968
AGAAGTGATTCGTGAT-1,0.000102,0.108797,0.378487,0.512614
AGAATAAATCTTCAGG-1,0.000061,0.256391,0.068289,0.675259
AGAATGCGGGTTCGGA-1,0.000203,0.093721,0.042081,0.863995
AGAATTATGGATTCGA-1,0.000104,0.771432,0.093439,0.135024
AGAATTGTTTGACATA-1,0.000094,0.301351,0.027436,0.671118
AGACAGCTCAGAATCC-1,0.000193,0.269438,0.132849,0.59752
AGACAGGCATCTCAGC-1,0.000064,0.582181,0.239891,0.177865
AGACATAGATCCTTCC-1,0.000049,0.743418,0.034915,0.221618
AGACCAAACCACACCT-1,0.000074,0.010256,0.747366,0.242303
AGACCATGGGATACAA-1,0.000044,0.716672,0.000045,0.283239
AGACCCGCCCTCCTCG-1,0.00006,0.755314,0.01248,0.232146
AGACCGCTCCGCGGTT-1,0.000252,0.370708,0.087642,0.541398
AGACCGGGAAACCCTG-1,0.000113,0.539727,0.134574,0.325587
AGACGAAGTGCCGGTC-1,0.000658,0.143282,0.000659,0.855401
AGACGACGATGCCGCT-1,0.00011,0.034825,0.059636,0.905429
AGACGCCCACTTCGCC-1,0.000139,0.11768,0.000139,0.882042
AGACGGGCCGATTTAA-1,0.000125,0.264436,0.186357,0.549082
AGACTAGCCTTCCAGA-1,0.000028,0.999917,0.000028,0.000028
AGAGAACCGTCTAGGA-1,0.000014,0.90672,0.074766,0.018499
AGAGAAGGAGTACAAT-1,0.000258,0.001291,0.102248,0.896203
AGAGATCTCTAAAGCG-1,0.000043,0.328027,0.479482,0.192448
AGAGCAGTTATGAGAC-1,0.000539,0.226538,0.00054,0.772383
AGAGCCGCCGAGATTT-1,0.000316,0.488781,0.10492,0.405983
AGAGCGCTTGTAACGG-1,0.000156,0.154991,0.247156,0.597697
AGAGCGTACAAGCTCG-1,0.000059,0.728813,0.017899,0.253229
AGAGCTACGAAAGCAT-1,0.000321,0.599495,0.082196,0.317987
AGAGGCTTCGGAAACC-1,0.000036,0.554762,0.213683,0.231519
AGAGGGACAATTGTCC-1,0.000215,0.15902,0.284091,0.556675
AGAGTAAACTTCACTA-1,0.000319,0.483818,0.000319,0.515544
AGAGTATAGTGTTACG-1,0.000265,0.43151,0.135699,0.432527
AGAGTGAACAGACACC-1,0.000161,0.000809,0.271555,0.727475
AGAGTTAGAGACCGAT-1,0.000668,0.334995,0.00067,0.663667
AGAGTTGCAGGCCTCC-1,0.000239,0.001197,0.318355,0.680209
AGATAACTTCAGGGCC-1,0.000018,0.966738,0.000018,0.033226
AGATACCAATAGAACC-1,0.000021,0.712312,0.084694,0.202972
AGATACCAGCACTTCA-1,0.000134,0.067057,0.660301,0.272508
AGATACCGGTGTTCAC-1,0.000076,0.586314,0.159371,0.254238
AGATACGACTTCATAT-1,0.000087,0.795767,0.086851,0.117296
AGATACTCAAGATCGA-1,0.000048,0.999855,0.000048,0.000048
AGATCGTGCATAAGAT-1,0.000049,0.811216,0.015029,0.173707
AGATCTCAGGTGTGAT-1,0.000028,0.892301,0.000028,0.107643
AGATGACTCGCCCACG-1,0.000086,0.724914,0.000086,0.274913
AGATGAGGGTTGCGAT-1,0.000234,0.796818,0.000234,0.202714
AGATGATGGAGTCTGG-1,0.000954,0.285693,0.000956,0.712398
AGATGCAAGACGTGCA-1,0.00021,0.001054,0.000211,0.998525
AGATGCATCCTGTGTC-1,0.000132,0.374438,0.057101,0.568329
AGATGCTATAACGAGC-1,0.000203,0.228574,0.160878,0.610345
AGATTATAGGACGTTT-1,0.000085,0.712644,0.000085,0.287187
AGATTCAAGCGGGTCG-1,0.000187,0.156747,0.321584,0.521482
AGATTCACAACCGATA-1,0.000065,0.096557,0.686233,0.217145
AGCAACATATCTTATT-1,0.000054,0.691842,0.020347,0.287757
AGCAACCGAAAGTAAT-1,0.000146,0.00073,0.219886,0.779239
AGCACTACCGGCCTGT-1,0.000069,0.356922,0.000069,0.64294
AGCACTTAAGGACGCC-1,0.000074,0.243111,0.256316,0.5005
AGCATATCAATATGCT-1,0.00006,0.796274,0.037335,0.166332
AGCATCATTTCGAAAG-1,0.00012,0.065495,0.117056,0.817329
AGCATCGTCGATAATT-1,0.000062,0.821325,0.000062,0.178552
AGCATTACGAGGCAAG-1,0.000405,0.256538,0.024125,0.718932
AGCCACAGGTTACCCG-1,0.000103,0.562104,0.237105,0.200687
AGCCACTCCCGTGCTT-1,0.000026,0.963217,0.002831,0.033925
AGCCCATACATGTAAG-1,0.000076,0.689035,0.026326,0.284563
AGCCCGGCATTAGAGG-1,0.000051,0.098775,0.678769,0.222405
AGCCCTGTCGCACCGT-1,0.000058,0.862785,0.071976,0.06518
AGCCCTTCTAATCCGA-1,0.000059,0.843476,0.023819,0.132646
AGCCCTTGGACATCCC-1,0.002232,0.371047,0.002236,0.624485
AGCCGCAAATTCAAAT-1,0.000031,0.178407,0.296781,0.524781
AGCCGCTTGATTAGCG-1,0.000099,0.473262,0.002802,0.523836
AGCCGTGGCTAAATGT-1,0.000107,0.037253,0.522392,0.440248
AGCCTAATACCCACGT-1,0.000103,0.000515,0.606061,0.393321
AGCCTTAAAGCGGAAG-1,0.000278,0.059385,0.227077,0.71326
AGCGACAGGAACGGTC-1,0.000182,0.009843,0.037285,0.95269
AGCGACCAACGATATT-1,0.000019,0.998938,0.001024,0.000019
AGCGAGACGTGAAGGC-1,0.00013,0.295088,0.063622,0.64116
AGCGATGCGCCTAATA-1,0.000153,0.643812,0.271936,0.084098
AGCGCGGGTGCCAATG-1,0.000083,0.842884,0.000083,0.15695
AGCGCTAGAGCGATGT-1,0.00031,0.024423,0.000311,0.974956
AGCGCTTATGGGCAAG-1,0.000333,0.333369,0.000334,0.665964
AGCGGCGGTTAGCGGT-1,0.000146,0.00073,0.080334,0.91879
AGCGGGAAGGGTCCAT-1,0.000007,0.992842,0.003636,0.003514
AGCGGTTGCCGCTCTG-1,0.000116,0.665099,0.067277,0.267508
AGCGTACGAGAGCTAG-1,0.00023,0.192408,0.249217,0.558146
AGCGTAGCGCTAGACC-1,0.00022,0.362141,0.157255,0.480385
AGCGTCTGAACCCGCA-1,0.000158,0.732408,0.000158,0.267275
AGCTAACAAGCAATGT-1,0.00008,0.429336,0.155161,0.415422
AGCTAAGTACGCAGGC-1,0.000103,0.434372,0.02779,0.537735
AGCTAGAAGCAGAAGT-1,0.000177,0.791699,0.000177,0.207947
AGCTCCATATATGTTC-1,0.000142,0.508862,0.000142,0.490855
AGCTCCTTCGCACATC-1,0.000065,0.914551,0.000065,0.085319
AGCTCGTTGATGGAAA-1,0.000229,0.001147,0.206424,0.7922
AGCTCTTCCCAGTGCA-1,0.000049,0.860758,0.000049,0.139144
AGCTCTTCGTAACCTT-1,0.000185,0.812664,0.114874,0.072278
AGCTCTTTACTCAGTT-1,0.000066,0.803922,0.069381,0.126631
AGCTGAAGTAAACCAA-1,0.000013,0.90618,0.093794,0.000013
AGCTGCTGTGCCGAAT-1,0.000287,0.136471,0.569661,0.293582
AGCTGTAACCTCAATC-1,0.000101,0.000505,0.103058,0.896337
AGCTTATAGAGACCTG-1,0.000168,0.665138,0.000168,0.334526
AGCTTCTTCTCGAGCA-1,0.000144,0.364827,0.21578,0.419249
AGCTTGATCTTAACTT-1,0.000051,0.617902,0.054819,0.327227
AGGAAAGCCTCTGATG-1,0.000211,0.475305,0.017842,0.506642
AGGACAGTCGAATCCC-1,0.000072,0.777553,0.053314,0.169062
AGGACATCGCACGTCG-1,0.000127,0.517835,0.000127,0.481911
AGGACGACCCATTAGA-1,0.000126,0.633095,0.034323,0.332456
AGGACGCTCGATGTTG-1,0.000635,0.466272,0.072344,0.460749
AGGACTTATAGGAGAA-1,0.000047,0.534741,0.345354,0.119858
AGGAGACATCCACAGT-1,0.000092,0.522456,0.174098,0.303354
AGGAGAGTCTGGCTAC-1,0.000224,0.374046,0.075223,0.550507
AGGAGGCCTTCGCGCG-1,0.000088,0.577901,0.057001,0.36501
AGGATATAGGGATTTA-1,0.000123,0.479343,0.283008,0.237526
AGGATATCCGACTGCA-1,0.0001,0.723132,0.0001,0.276668
AGGATCACGCGATCTG-1,0.000234,0.00117,0.000234,0.998362
AGGATTGCTTACGACA-1,0.000053,0.914132,0.085761,0.000054
AGGCAAAGAGGAATCA-1,0.000143,0.695935,0.000143,0.303779
AGGCACGTGACTGTCC-1,0.000059,0.533284,0.055356,0.411301
AGGCAGATGCGTAAAC-1,0.000007,0.99967,0.00031,0.000014
AGGCATTGTCGTAGGG-1,0.000317,0.49937,0.123022,0.377291
AGGCCACATTGGTTAC-1,0.000225,0.31795,0.014337,0.667488
AGGCCACCCGTTATGA-1,0.000076,0.615603,0.000077,0.384245
AGGCCCAGTGACTGGT-1,0.002016,0.517042,0.002019,0.478922
AGGCCCTAGAACGCCA-1,0.000159,0.086901,0.480117,0.432822
AGGCCTGAGAATCTCG-1,0.000415,0.273428,0.000416,0.72574
AGGCGATAACTGGCGT-1,0.000137,0.148882,0.000137,0.850843
AGGCGGTTTGTCCCGC-1,0.000341,0.001706,0.000341,0.997613
AGGCGTCTATGGACGG-1,0.000079,0.547153,0.307504,0.145264
AGGCTATGGTTAGCTT-1,0.000072,0.874911,0.013493,0.111523
AGGCTTCCCGAAGAAG-1,0.000115,0.170273,0.720134,0.109478
AGGCTTGCTAGACACC-1,0.000125,0.127685,0.530891,0.341299
AGGGAAACGAGGTACT-1,0.000055,0.923414,0.00213,0.074401
AGGGACAGCACGGCGG-1,0.000731,0.166521,0.016151,0.816597
AGGGACCGGCTGCGTT-1,0.000041,0.741211,0.010819,0.247929
AGGGACTCTACGCGAC-1,0.000171,0.557789,0.022312,0.419727
AGGGAGACATACTTCG-1,0.000153,0.157315,0.592419,0.250113
AGGGCGAGCAGCTGAT-1,0.000049,0.651271,0.077522,0.271157
AGGGCGTGATCGGCTA-1,0.000074,0.662079,0.003056,0.334791
AGGGCTGCAGTTACAG-1,0.000016,0.956586,0.042364,0.001034
AGGGTCAGTAACCCTA-1,0.000158,0.798305,0.000159,0.201378
AGGGTCGATGCGAACT-1,0.001116,0.005589,0.001118,0.992178
AGGGTGCTCTCGAGGG-1,0.00013,0.834155,0.161686,0.004029
AGGGTGGATAGTGCAT-1,0.000036,0.949234,0.032878,0.017851
AGGGTGTGCTACACGC-1,0.000112,0.09323,0.414804,0.491854
AGGGTTCCCTTTGGTT-1,0.000046,0.934692,0.000046,0.065217
AGGGTTTAGTTCGGGA-1,0.000005,0.999986,0.000005,0.000005
AGGTAACCTCCTATTC-1,0.000217,0.684423,0.13325,0.18211
AGGTAGGTACAAAGCT-1,0.000052,0.486086,0.235857,0.278005
AGGTATAATTGATAGT-1,0.000074,0.514838,0.008026,0.477062
AGGTATGCGGACATTA-1,0.0005,0.228115,0.000501,0.770885
AGGTCAGGTGAGAGTG-1,0.000205,0.001025,0.733647,0.265124
AGGTCGCCACTTCGGT-1,0.000114,0.599272,0.110225,0.290389
AGGTCGCCTCCCAACA-1,0.000121,0.402724,0.025817,0.571339
AGGTCGCGGAGTTACT-1,0.000144,0.943413,0.051608,0.004836
AGGTGCACGTCCACAT-1,0.000406,0.455316,0.000407,0.543872
AGGTGTATCGCCATGA-1,0.000026,0.803016,0.115955,0.081003
AGGTTACACCATGCCG-1,0.000494,0.002474,0.000495,0.996537
AGGTTCTCCTTTCCGG-1,0.000247,0.001237,0.000247,0.998268
AGGTTTCACACACCTT-1,0.000106,0.615121,0.028085,0.356688
AGTAATTTGCAAGCGT-1,0.000166,0.036003,0.107736,0.856095
AGTACATCATTTATCA-1,0.000115,0.687567,0.05142,0.260897
AGTACCTTCGAGTGCT-1,0.000131,0.000658,0.627751,0.371459
AGTACGGCCCGTATCG-1,0.000086,0.000431,0.058095,0.941388
AGTACGGGCACCTGGC-1,0.000006,0.999981,0.000006,0.000006
AGTACTCTTATGCCCA-1,0.000828,0.44481,0.000829,0.553533
AGTAGCTAGACGCCGA-1,0.000213,0.223659,0.477915,0.298213
AGTAGGAAGGAAGTTG-1,0.000147,0.629085,0.253161,0.117607
AGTAGGTAACATACAT-1,0.000052,0.880604,0.003434,0.115909
AGTATAATACTAGGCA-1,0.000049,0.544215,0.155413,0.300322
AGTATCCATAATAACG-1,0.000188,0.237266,0.129661,0.632885
AGTATGCTGGAGACCA-1,0.000119,0.000595,0.490403,0.508883
AGTCAACACCACCATC-1,0.000083,0.694612,0.000083,0.305223
AGTCAAGATGACACTT-1,0.000123,0.824122,0.067448,0.108307
AGTCACTAGCTCTCGA-1,0.000351,0.627618,0.000352,0.37168
AGTCACTCCGCCTCAT-1,0.000036,0.951078,0.024373,0.024513
AGTCAGCCACCGCCTG-1,0.000038,0.778628,0.148301,0.073033
AGTCCAGCGGGTACGT-1,0.000273,0.34694,0.102723,0.550064
AGTCCATTGGCTGATG-1,0.00032,0.573144,0.164134,0.262402
AGTCCCGCCTTTAATT-1,0.000101,0.808138,0.03895,0.152811
AGTCCCTCGCAGAAAG-1,0.000142,0.59526,0.017943,0.386654
AGTCGACGGTCTCAAG-1,0.000065,0.743382,0.120387,0.136166
AGTCGGCCCAAACGAC-1,0.000267,0.569679,0.000881,0.429174
AGTCGGCTCAACTTTA-1,0.000333,0.00167,0.000334,0.997663
AGTCGGTTGCGTGAGA-1,0.000345,0.00173,0.000346,0.997579
AGTCGTCGACCACCAA-1,0.000057,0.636482,0.078618,0.284843
AGTCGTGGGCATTACG-1,0.000185,0.000926,0.125194,0.873695
AGTCTAAAGTATACTC-1,0.000281,0.446689,0.219407,0.333623
AGTCTCACAAGACTAC-1,0.000189,0.066775,0.149483,0.783553
AGTCTGGACATCCTTG-1,0.00029,0.169316,0.00029,0.830104
AGTGAACAAACTTCTC-1,0.00005,0.841145,0.013574,0.145231
AGTGAAGATGGTGTCC-1,0.00032,0.457025,0.086582,0.456074
AGTGACCTACTTTACG-1,0.000074,0.610213,0.000074,0.389638
AGTGAGACTTCCAGTA-1,0.000016,0.965369,0.009925,0.02469
AGTGAGCCTCGCCGCC-1,0.000694,0.476945,0.000696,0.521665
AGTGAGGGTTTCTGAC-1,0.000047,0.838591,0.002295,0.159066
AGTGAGTCGAATTAAC-1,0.000053,0.483464,0.061798,0.454685
AGTGATAACCTGCGCG-1,0.000111,0.833717,0.025472,0.1407
AGTGATATGAGTAGTT-1,0.000085,0.809884,0.034069,0.155963
AGTGATTCAAGCAGGA-1,0.000087,0.722182,0.151468,0.126263
AGTGCACGCTTAAGAA-1,0.000038,0.923163,0.046617,0.030182
AGTGCGTAGCTCGTAA-1,0.000114,0.462919,0.095763,0.441204
AGTGCTAAACACAGCA-1,0.000112,0.888622,0.080947,0.030319
AGTGCTTGCACGAATA-1,0.000208,0.594018,0.059333,0.346441
AGTGGCGGCAATTTGA-1,0.00004,0.869736,0.033415,0.096808
AGTGGCGTCTGAAGGT-1,0.000475,0.724841,0.000476,0.274207
AGTGGCTCCGTCGGCC-1,0.000123,0.10824,0.166758,0.72488
AGTGGTGTTACCCGTG-1,0.000193,0.000965,0.16485,0.833993
AGTGGTTGCGTATAGG-1,0.000081,0.000405,0.058208,0.941306
AGTGTATTGCGCATTG-1,0.00006,0.745435,0.162259,0.092246
AGTGTGCTAAGATCGC-1,0.000211,0.333723,0.024942,0.641124
AGTGTGGTCTATTGTG-1,0.000106,0.243288,0.354615,0.401991
AGTTAAACACTTGCGA-1,0.000092,0.613204,0.097137,0.289568
AGTTAAGCGGTCCCGG-1,0.000115,0.521315,0.052622,0.425948
AGTTAAGTCAACCGCT-1,0.000125,0.125627,0.084067,0.790181
AGTTACCCTTAAGACT-1,0.000092,0.108663,0.52496,0.366285
AGTTACCGCACATGGT-1,0.000299,0.155081,0.10433,0.74029
AGTTACTCTATCGTGG-1,0.000053,0.869708,0.002395,0.127844
AGTTCACCGGTTGGAC-1,0.000092,0.733721,0.151321,0.114865
AGTTCCTACAGAATTA-1,0.000043,0.882875,0.020931,0.096151
AGTTCCTATTTATGTT-1,0.000086,0.653038,0.000086,0.34679
AGTTCTGCGTTGTATC-1,0.000651,0.300537,0.000652,0.69816
AGTTGACATCGGCTGG-1,0.000025,0.911504,0.021742,0.06673
AGTTGCGGTCCTCAAC-1,0.000197,0.356983,0.002021,0.640798
AGTTGCTGACTGATAT-1,0.000129,0.255119,0.00013,0.744622
AGTTGGCAAGGCTAGA-1,0.003676,0.988955,0.003685,0.003684
AGTTTATGTAAAGACA-1,0.000079,0.520735,0.000079,0.479107
AGTTTGGCACGGGTTG-1,0.000069,0.553722,0.083277,0.362932
AGTTTGGCCAGACCTA-1,0.000136,0.00068,0.676206,0.322979
ATAAACCATTGGACGG-1,0.000021,0.724632,0.249651,0.025696
ATAAACGTTGCACCAC-1,0.000579,0.181568,0.00058,0.817274
ATAAAGGCTCGGTCGT-1,0.000057,0.935612,0.000057,0.064274
ATAAATATTAGCAGCT-1,0.000044,0.479672,0.164839,0.355445
ATAACGCCGGAGGGTC-1,0.000079,0.817641,0.00008,0.1822
ATAACGGAGTCCAACG-1,0.000033,0.955081,0.000033,0.044854
ATAACGTTACCTCCAC-1,0.000229,0.036202,0.000229,0.963341
ATAAGCAAACACCGAG-1,0.000171,0.000854,0.347595,0.65138
ATAAGTACCCGATTGT-1,0.000186,0.06756,0.046733,0.885521
ATAAGTAGGATTCAGA-1,0.000406,0.653978,0.019692,0.325924
ATAAGTAGGGCGACTC-1,0.000139,0.645427,0.03266,0.321775
ATAAGTTACCGCGACG-1,0.000052,0.970664,0.000052,0.029232
ATAATACCGTTAGCCG-1,0.000153,0.000768,0.000154,0.998925
ATAATAGTGTAGGGAC-1,0.00005,0.69985,0.151997,0.148103
ATACCACGGGCAACTT-1,0.000018,0.91075,0.01752,0.071712
ATACCAGGCTAATAGA-1,0.00003,0.921262,0.00003,0.078679
ATACCCTGGCTCAAAT-1,0.000534,0.690591,0.193124,0.115751
ATACCGTCATCCATAA-1,0.000123,0.580424,0.362728,0.056725
ATACGAAGGCTTTCCA-1,0.000387,0.337949,0.000388,0.661277
ATACGACAGATGGGTA-1,0.000085,0.213073,0.488327,0.298516
ATACGCCGATCTACCG-1,0.000187,0.525837,0.124782,0.349194
ATACGGAACGTCGTTT-1,0.000058,0.00029,0.890672,0.108981
ATACGGGTTTCGATTG-1,0.000065,0.902348,0.000065,0.097522
ATACGGTGAAGATGCA-1,0.000651,0.288339,0.000652,0.710358
ATACGTCCACTCCTGT-1,0.000245,0.911387,0.088123,0.000245
ATACTACCCGTACCAC-1,0.000262,0.36679,0.092794,0.540155
ATACTCTCGCCACTCT-1,0.000032,0.941863,0.057767,0.000338
ATACTGCCTTACACCG-1,0.000116,0.630261,0.000116,0.369508
ATACTTGTTCTCGAGC-1,0.000109,0.000545,0.715446,0.283899
ATAGACAACGGGACCT-1,0.000045,0.8643,0.002789,0.132866
ATAGACGAAGAGAAAG-1,0.000012,0.959155,0.000831,0.040002
ATAGAGTACTGGGACA-1,0.000035,0.715825,0.249952,0.034187
ATAGAGTTATCAACTT-1,0.00001,0.999971,0.00001,0.00001
ATAGCAACTAGGGAAG-1,0.000291,0.670821,0.13575,0.193139
ATAGCCTCAGTACCCA-1,0.000118,0.716818,0.060234,0.22283
ATAGCTGCTCTTGTTA-1,0.000099,0.476089,0.071789,0.452023
ATAGGAATCTAAGCTT-1,0.000116,0.74036,0.12444,0.135085
ATAGGCGGCTATAGAA-1,0.000053,0.499451,0.267996,0.232501
ATAGGCTAGCTTCGCA-1,0.000012,0.999965,0.000012,0.000012
ATAGTTCCACCCACTC-1,0.000046,0.721601,0.100773,0.17758
ATATAACACGGGCGCA-1,0.000034,0.933283,0.066648,0.000035
ATATACATGTATGGTA-1,0.000089,0.140516,0.418019,0.441376
ATATACGCTCGTGACG-1,0.000133,0.540736,0.173048,0.286082
ATATAGAGTATTGGTC-1,0.000093,0.022993,0.587881,0.389033
ATATCAACCTACAGAG-1,0.0002,0.435043,0.432479,0.132277
ATATCAATTCCAGCCT-1,0.000234,0.00117,0.000234,0.998362
ATATCGGTAGGGAGAT-1,0.00011,0.845999,0.070663,0.083228
ATATCGTTCCTCGAAC-1,0.000165,0.772007,0.005374,0.222455
ATATCTCCCTCGTTAA-1,0.000033,0.841822,0.000035,0.158109
ATATCTTAGGGCCTTC-1,0.000114,0.882058,0.000114,0.117715
ATATGTCTCCCTAGCC-1,0.000081,0.730099,0.070462,0.199358
ATATGTGCACAAACCA-1,0.000195,0.149849,0.018738,0.831218
ATATTATCCCGTATTT-1,0.000064,0.43591,0.206784,0.357242
ATATTCAGTTAAACCT-1,0.000071,0.740282,0.102987,0.15666
ATATTCCCACAGGTCA-1,0.000061,0.780974,0.000061,0.218903
ATATTGCTGTCAAAGT-1,0.000076,0.424007,0.26221,0.313706
ATATTGGAGAGGCCTT-1,0.000109,0.392916,0.000109,0.606866
ATATTTAACCCTCAAG-1,0.000008,0.999975,0.000009,0.000009
ATCAAACACTGTTCCA-1,0.000342,0.186879,0.105607,0.707171
ATCAAACGAAGGTTTG-1,0.000227,0.197027,0.065882,0.736864
ATCAATCTGGGCTGCA-1,0.000011,0.994845,0.002167,0.002977
ATCAATGCCGTGGCTG-1,0.000157,0.000787,0.000157,0.998898
ATCACATTAGAATATC-1,0.000062,0.639949,0.247669,0.11232
ATCACGTGCTAATTAA-1,0.00004,0.806291,0.041703,0.151966
ATCAGACGGCACGCCG-1,0.000177,0.630842,0.059627,0.309354
ATCAGCCTCATGCTGC-1,0.001488,0.474,0.523021,0.001491
ATCAGCTCGTCCACTA-1,0.000056,0.000283,0.903831,0.09583
ATCAGGTAGCTGACAG-1,0.000105,0.246347,0.13544,0.618107
ATCAGGTCGCCATTGC-1,0.000251,0.834962,0.000251,0.164535
ATCAGTAGGCAGGGAT-1,0.000015,0.968381,0.016094,0.01551
ATCATAGCCCTATGTA-1,0.000241,0.527537,0.000241,0.471981
ATCATCCAATATTTGT-1,0.000058,0.755851,0.033682,0.210409
ATCATGGACTACCGAC-1,0.000047,0.625085,0.211532,0.163336
ATCATTGTACCGCATT-1,0.000087,0.051467,0.37748,0.570966
ATCCAACGCAGTCATA-1,0.000083,0.653854,0.02346,0.322604
ATCCAATGGAGGGTCC-1,0.000143,0.497535,0.185678,0.316644
ATCCAATGGTACCGAA-1,0.000033,0.04603,0.60336,0.350578
ATCCACTTTCAGACTA-1,0.000243,0.314886,0.000244,0.684627
ATCCAGAGCAACAACC-1,0.000068,0.842565,0.000068,0.157299
ATCCAGGATTCGTGAA-1,0.000075,0.910103,0.000075,0.089746
ATCCCATCCACAGCGC-1,0.000068,0.000339,0.725555,0.274038
ATCCTACCTAAGCTCT-1,0.000068,0.608502,0.092981,0.298448
