Barcode,Topic 1,Topic 2,Topic 3,Topic 4,Topic 5,Topic 6to7
AAACAAGTATCTCCCA-1,0.49367,0.001792,0.001786,0.372603,0.001795,0.128354
AAACAATCTACTAGCA-1,0.000213,0.000213,0.000212,0.055307,0.27285,0.671205
AAACACCAATAACTGC-1,0.178851,0.000346,0.000344,0.819422,0.000346,0.000692
AAACAGAGCGACTCCT-1,0.156628,0.000414,0.000413,0.000415,0.152536,0.689594
AAACAGCTTTCAGAAG-1,0.971933,0.000409,0.000407,0.000409,0.000409,0.026434
AAACAGGGTCTATATT-1,0.785773,0.186675,0.005495,0.005513,0.005508,0.011037
AAACATGGTGAGAGGA-1,0.785001,0.03578,0.035715,0.035919,0.035834,0.071751
AAACATTTCCCGGATT-1,0.134043,0.001003,0.000999,0.478839,0.001003,0.384113
AAACCCGAACGAAATC-1,0.312464,0.000184,0.000184,0.686614,0.000184,0.000369
AAACCGGGTAGGTACC-1,0.959054,0.006829,0.006803,0.006836,0.006821,0.013658
AAACCTAAGCAGCCGG-1,0.962617,0.006237,0.006211,0.00623,0.006232,0.012472
AAACCTCATGAAGTTG-1,0.754869,0.003122,0.003106,0.003122,0.003121,0.232661
AAACGAAGATGGAGTA-1,0.988524,0.001913,0.001905,0.001916,0.001913,0.003829
AAACGAGACGGTTGAT-1,0.53654,0.001176,0.001171,0.001176,0.001177,0.458761
AAACGGGCGTACGGGT-1,0.607048,0.002988,0.002976,0.002989,0.002989,0.38101
AAACGTGTTCGCCCTA-1,0.108866,0.000264,0.000263,0.146734,0.000264,0.743608
AAACTAACGTGGCGAC-1,0.035991,0.000213,0.000212,0.169004,0.000213,0.794368
AAACTCGGTTCGCAAT-1,0.754346,0.000697,0.000693,0.092141,0.000697,0.151427
AAACTCGTGATATAAG-1,0.374301,0.000374,0.000372,0.000375,0.147677,0.476901
AAACTGCTGGCTCCAA-1,0.949819,0.000136,0.000136,0.04319,0.000136,0.006582
AAACTTAATTGCACGC-1,0.735704,0.236727,0.005495,0.005508,0.005526,0.01104
AAACTTGCAAACGTAT-1,0.98435,0.002614,0.002597,0.002608,0.00261,0.00522
AAAGAATGACCTTAGA-1,0.915066,0.004358,0.004329,0.063212,0.004338,0.008697
AAAGACTGGGCGCTTT-1,0.798495,0.187977,0.002695,0.002705,0.00271,0.005416
AAAGCTTGCCTACATA-1,0.26264,0.041068,0.000235,0.010095,0.142412,0.54355
AAAGGCCCTATAATAC-1,0.779588,0.003586,0.003571,0.202495,0.003588,0.007171
AAAGGGCAGCTTGAAT-1,0.728685,0.001687,0.001681,0.001689,0.001687,0.264571
AAAGGTAAGCTGTACC-1,0.180247,0.030137,0.000189,0.210644,0.081987,0.496796
AAAGTAGCATTGCTCA-1,0.530972,0.007157,0.007143,0.007186,0.007172,0.44037
AAAGTCGACCCTCAGT-1,0.989513,0.001748,0.001742,0.001749,0.001748,0.003499
AAAGTGTGATTTATCT-1,0.921903,0.073929,0.000831,0.000834,0.000835,0.001669
AAAGTTGACTCCCGTA-1,0.821628,0.000618,0.000616,0.028216,0.05224,0.096682
AAATAACCATACGGGA-1,0.220908,0.000362,0.000361,0.000362,0.031056,0.746951
AAATAAGGTAGTGCCC-1,0.600403,0.000487,0.000484,0.000486,0.000487,0.397653
AAATACCTATAAGCAT-1,0.940661,0.033943,0.000428,0.023678,0.00043,0.00086
AAATAGCTTAGACTTT-1,0.475454,0.000284,0.000283,0.14642,0.000284,0.377275
AAATAGGGTGCTATTG-1,0.885617,0.039218,0.000556,0.000558,0.000558,0.073493
AAATCCGATACACGCC-1,0.982791,0.002865,0.002857,0.002867,0.002871,0.005748
AAATCGCGGAAGGAGT-1,0.792161,0.003774,0.003759,0.003772,0.188982,0.007551
AAATCTAGCCCTGCTA-1,0.647842,0.003878,0.003861,0.332779,0.003878,0.007762
AAATCTGCCCGCGTCC-1,0.883415,0.00163,0.001623,0.001631,0.001632,0.110069
AAATGACTGATCAAAC-1,0.997531,0.000412,0.000411,0.000412,0.000412,0.000824
AAATGATTCGATCAGC-1,0.056867,0.000198,0.000198,0.000198,0.31954,0.622999
AAATGCTCGTTACGTT-1,0.466032,0.000632,0.000629,0.000631,0.000632,0.531443
AAATGGCCCGTGCCCT-1,0.020547,0.020466,0.020409,0.020496,0.020487,0.897595
AAATTAATAAGCGCGA-1,0.928265,0.011941,0.011905,0.011959,0.012,0.023931
AAATTACACGACTCTG-1,0.250303,0.000364,0.000363,0.052923,0.12752,0.568527
AAATTACCTATCGATG-1,0.717568,0.001086,0.001082,0.001086,0.001087,0.27809
AAATTCCAGGTCCAAA-1,0.198081,0.000212,0.000211,0.676636,0.000212,0.124647
AAATTGATAGTCCTTT-1,0.570432,0.002352,0.002342,0.002352,0.153594,0.268928
AAATTGGTGAGAAGCA-1,0.21348,0.000226,0.000225,0.018878,0.234553,0.532638
AAATTTGCGGGTGTGG-1,0.890789,0.075046,0.006803,0.00684,0.006845,0.013676
AACAACTGGTAGTTGC-1,0.783396,0.001111,0.001107,0.001112,0.001112,0.212162
AACAATTACTCTACGC-1,0.983128,0.002813,0.002801,0.00281,0.002818,0.00563
AACACACGCTCGCCGC-1,0.809289,0.000829,0.000826,0.000832,0.076138,0.112087
AACACGAGACGCGGCC-1,0.499683,0.001729,0.001721,0.001728,0.001729,0.493409
AACACGCGGCCGCGAA-1,0.135964,0.07774,0.000159,0.000159,0.383303,0.402675
AACAGCTGTGTGGCAA-1,0.835468,0.001012,0.001006,0.102311,0.001011,0.059193
AACAGGATGGGCCGCG-1,0.571923,0.086465,0.000605,0.029557,0.000608,0.310841
AACAGGTAGTATGGAT-1,0.791745,0.000332,0.00033,0.11915,0.000332,0.088112
AACATATCAACTGGTG-1,0.428333,0.000646,0.000644,0.000646,0.000647,0.569084
AACATCGATACGTCTA-1,0.27793,0.000295,0.000294,0.000295,0.000295,0.72089
AACCAAGACTTCTCTG-1,0.934111,0.05487,0.002198,0.002205,0.002204,0.004413
AACCATAGGGTTGAAC-1,0.85681,0.023812,0.02381,0.023855,0.023878,0.047835
AACCATGGGATCGCTA-1,0.643988,0.000956,0.000952,0.000957,0.000957,0.35219
AACCCAGAGACGGAGA-1,0.475931,0.000143,0.000142,0.046326,0.160499,0.316958
AACCCATCCCATGATC-1,0.892535,0.017898,0.017857,0.017938,0.017885,0.035887
AACCCGAGCAGAATCG-1,0.443834,0.001526,0.00152,0.001527,0.001526,0.550067
AACCCGCTGTATTCCA-1,0.989955,0.008394,0.000329,0.00033,0.00033,0.000661
AACCCTACTGTCAATA-1,0.498693,0.00043,0.000428,0.000429,0.000429,0.499591
AACCGAGCTTGGTCAT-1,0.25426,0.00016,0.000159,0.058422,0.049453,0.637547
AACCGCTAAGGGATGC-1,0.88604,0.000811,0.000807,0.109909,0.000811,0.001622
AACCTCGCTTTAGCCC-1,0.928377,0.011915,0.011905,0.011939,0.01194,0.023924
AACCTGTCACGGAATT-1,0.627429,0.000554,0.000552,0.000554,0.063285,0.307626
AACCTTTAAATACGGT-1,0.59057,0.000585,0.000583,0.000586,0.000585,0.40709
AACCTTTACGACGTCT-1,0.153846,0.023557,0.000363,0.000364,0.368213,0.453658
AACGAAAGTCGTCCCA-1,0.756043,0.004096,0.004082,0.004099,0.004097,0.227583
AACGATAATGCCGTAG-1,0.849012,0.000421,0.000419,0.000421,0.000421,0.149306
AACGATATGTCAACTG-1,0.498259,0.004338,0.004329,0.00434,0.004344,0.484389
AACGCATGATCTGGGT-1,0.518667,0.000547,0.000545,0.000548,0.086561,0.393132
AACGCGAACGGCAACA-1,0.04681,0.619714,0.0001,0.043729,0.031011,0.258637
AACGCTGTTGCTGAAA-1,0.891076,0.000901,0.000898,0.104419,0.000901,0.001804
AACGGACGTACGTATA-1,0.555692,0.000478,0.000476,0.388928,0.053469,0.000957
AACGGCCATCTCCGGT-1,0.717984,0.00133,0.001323,0.098151,0.001328,0.179884
AACGTAGTCTACCCAT-1,0.094819,0.175383,0.000225,0.07103,0.000226,0.658317
AACGTCAGACTAGTGG-1,0.998019,0.00033,0.000329,0.00033,0.00033,0.000661
AACGTGCGAAAGTCTC-1,0.500197,0.054096,0.000999,0.001003,0.001004,0.442701
AACGTTATCAGCACCT-1,0.904545,0.015886,0.015873,0.015925,0.015897,0.031874
AACTACCCGTTTGTCA-1,0.769542,0.000493,0.000491,0.037795,0.000493,0.191186
AACTCCAGAGCGTGTT-1,0.302135,0.007169,0.007143,0.007174,0.00718,0.6692
AACTCCTAATCCCATG-1,0.45653,0.000426,0.000424,0.000426,0.003377,0.538818
AACTCGATGGCGCAGT-1,0.316418,0.019119,0.000486,0.000488,0.000488,0.663001
AACTCTCAATAGAGCG-1,0.513389,0.00065,0.000646,0.000649,0.000649,0.484016
AACTGAGGTCAGCGTC-1,0.147205,0.000242,0.000241,0.000242,0.464905,0.387166
AACTTCTGCGTCTATC-1,0.673994,0.127103,0.002165,0.002171,0.002174,0.192394
AACTTGCCCGTATGCA-1,0.689764,0.001351,0.001348,0.303474,0.001355,0.002708
AACTTGCGTTCTCGCG-1,0.236137,0.000509,0.000507,0.03734,0.000509,0.724999
AACTTTACGGGAGCTT-1,0.570953,0.071454,0.071429,0.071535,0.071461,0.143169
AACTTTCTCGATCATG-1,0.10207,0.000194,0.000194,0.022484,0.335614,0.539443
AAGAAATCACCAGATT-1,0.000072,0.02585,0.000072,0.000072,0.294443,0.679491
AAGAAGGATCAGTTAG-1,0.283011,0.000293,0.000292,0.000294,0.419722,0.296388
AAGACCAAATAACTCA-1,0.946243,0.008957,0.008929,0.008954,0.008969,0.017948
AAGACTAACCCGTTGT-1,0.389259,0.145665,0.000491,0.039459,0.000493,0.424634
AAGACTGCAAGCTACT-1,0.731427,0.109744,0.001013,0.001018,0.001018,0.155779
AAGAGATGAATCGGTA-1,0.960959,0.00651,0.006494,0.006509,0.0065,0.013027
AAGAGCTCTTTATCGG-1,0.578481,0.000839,0.000835,0.000839,0.000839,0.418166
AAGAGGATGTACGCGA-1,0.990647,0.001558,0.001553,0.00156,0.00156,0.003122
AAGAGGCATGGATCGC-1,0.523365,0.026302,0.000661,0.058221,0.000664,0.390786
AAGAGGCCCTTTGGAA-1,0.356238,0.004102,0.004082,0.205022,0.170162,0.260395
AAGATTGGCGGAACGT-1,0.37569,0.000779,0.000776,0.000779,0.050772,0.571202
AAGCACCCTGCGTATC-1,0.467107,0.003585,0.003572,0.207042,0.31152,0.007174
AAGCATACTCTCCTGA-1,0.674649,0.000395,0.000394,0.000395,0.000395,0.323772
AAGCCGAAGCGGTTTA-1,0.550097,0.056589,0.001074,0.085967,0.001079,0.305194
AAGCCGCCGTGAAATC-1,0.877164,0.020448,0.020408,0.020436,0.02051,0.041033
AAGCCGCTTTACCTTG-1,0.000097,0.000097,0.000096,0.000097,0.797539,0.202074
AAGCGCAGGGCTTTGA-1,0.788626,0.001447,0.001443,0.204138,0.001448,0.002899
AAGCGGCGTCATGGGT-1,0.13838,0.0004,0.000398,0.020729,0.125951,0.714142
AAGCTAGATCGAGTAA-1,0.802441,0.072442,0.000595,0.000598,0.122728,0.001196
AAGCTCGTGCCAAGTC-1,0.874087,0.117273,0.001721,0.001729,0.00173,0.003459
AAGCTCTTTCATGGTG-1,0.850513,0.000995,0.000992,0.14451,0.000996,0.001993
AAGGATCGATCGCTTG-1,0.686241,0.000474,0.000471,0.000474,0.000473,0.311867
AAGGATGAGGGACCTC-1,0.836017,0.001094,0.001091,0.001094,0.001095,0.159609
AAGGCAGGCTGTCTCC-1,0.689226,0.00038,0.000378,0.036789,0.050648,0.22258
AAGGCGCGTAAAGCTT-1,0.992715,0.001214,0.001211,0.001214,0.001216,0.00243
AAGGGAACGACTGGCT-1,0.76533,0.004956,0.004926,0.004945,0.209945,0.009898
AAGGGACAGATTCTGT-1,0.93348,0.00167,0.001661,0.001668,0.058183,0.003338
AAGGGACTATGCATTC-1,0.883782,0.004771,0.004762,0.004783,0.004787,0.097115
AAGGGTTTGATTTCAG-1,0.685445,0.023887,0.02381,0.023903,0.195109,0.047846
AAGGTATCCTAATATA-1,0.323595,0.000576,0.000574,0.000576,0.112367,0.562312
AAGGTGATAAACCAGC-1,0.804174,0.000811,0.000807,0.041429,0.000811,0.151969
AAGTAAGCTTCCAAAC-1,0.181257,0.290655,0.000252,0.069877,0.000253,0.457705
AAGTAGTGACGCGAGG-1,0.453956,0.001011,0.001006,0.337402,0.001011,0.205615
AAGTCAATTGTCGTCA-1,0.62572,0.13974,0.000535,0.000537,0.000537,0.232931
AAGTCTAGTAGCTGCC-1,0.018759,0.000129,0.000128,0.000129,0.12617,0.854685
AAGTCTTCTGTGGCCT-1,0.831548,0.019473,0.000866,0.145503,0.000871,0.00174
AAGTGACGACCGAATT-1,0.910876,0.001393,0.001387,0.001391,0.001394,0.08356
AAGTGCAAAGGTAGAC-1,0.693798,0.001865,0.001855,0.001865,0.001864,0.298752
AAGTGCCTTGACTGTA-1,0.926451,0.000605,0.000603,0.000605,0.000605,0.071131
AAGTGCGTTAGAATCT-1,0.942687,0.009553,0.009524,0.009553,0.009569,0.019115
AAGTGTTTGGAGACGG-1,0.80162,0.002469,0.002463,0.002476,0.00247,0.188503
AAGTTCACTCCAAGCT-1,0.923517,0.000607,0.000605,0.000608,0.000608,0.074055
AAGTTCAGTCTGCGTA-1,0.41204,0.000593,0.00059,0.019465,0.076049,0.491262
AAGTTCGGCCAACAGG-1,0.820564,0.008437,0.008404,0.13727,0.008434,0.016892
AAGTTTATGGGCCCAA-1,0.968142,0.005313,0.005291,0.005317,0.005306,0.01063
AATAACAACGCTCGGC-1,0.912127,0.000897,0.000893,0.000896,0.000897,0.08429
AATAACACTAGAACAA-1,0.856484,0.001246,0.001242,0.001247,0.137284,0.002496
AATACAATGTTTCAGG-1,0.753685,0.002927,0.002916,0.002929,0.002934,0.234609
AATAGAATCTGTTTCA-1,0.213258,0.003049,0.00304,0.134903,0.003051,0.642699
AATAGCAAGCCTCCTG-1,0.000107,0.013631,0.000107,0.263269,0.000107,0.722778
AATAGCTACCGCGTGC-1,0.12753,0.00029,0.000289,0.00029,0.190227,0.681375
AATAGTCGCGAGTCGG-1,0.761005,0.00623,0.006211,0.207833,0.006243,0.012478
AATATCCTAGCAAACT-1,0.775527,0.000792,0.000789,0.078163,0.000792,0.143937
AATATCGAATCAATGC-1,0.698245,0.000482,0.000479,0.000481,0.000482,0.299831
AATATCGAGGGTTCTC-1,0.582168,0.001815,0.001808,0.001815,0.118882,0.293512
AATATTGGAGTATTGA-1,0.982087,0.002989,0.002976,0.002987,0.002986,0.005975
AATCATGTAAAGACTC-1,0.529156,0.001961,0.001957,0.001965,0.001963,0.462998
AATCCATGCAAGGGTG-1,0.151723,0.249876,0.000225,0.020413,0.047331,0.530431
AATCGCCTCAGCGCCA-1,0.594681,0.000724,0.000722,0.019294,0.000724,0.383855
AATCGCGCAGAGGACT-1,0.606545,0.037403,0.000434,0.000436,0.000436,0.354747
AATCGTGAGCCGAGCA-1,0.966921,0.005543,0.005495,0.005523,0.005502,0.011017
AATCTAGGTTTACTTG-1,0.960847,0.006523,0.006494,0.006523,0.006544,0.013069
AATCTATGCCGGAGCC-1,0.519682,0.060767,0.000687,0.00069,0.018335,0.399839
AATCTCTACTGTGGTT-1,0.991808,0.001366,0.001361,0.001365,0.001366,0.002734
AATCTGCGTTGGGACG-1,0.691177,0.002707,0.002695,0.002706,0.002704,0.29801
AATCTGGCTTTCTAGT-1,0.466649,0.007186,0.007143,0.007171,0.007176,0.504675
AATGACAGCAATGTCT-1,0.914134,0.0143,0.014286,0.014322,0.014308,0.028652
AATGACGTAGGATGTC-1,0.789907,0.000829,0.000826,0.000829,0.00083,0.20678
AATGAGTTCGCATATG-1,0.205803,0.000379,0.000377,0.014665,0.15317,0.625606
AATGATGATACGCTAT-1,0.379094,0.00108,0.001074,0.00108,0.00108,0.616592
AATGATGCGACTCCTG-1,0.785695,0.001004,0.000999,0.105366,0.001004,0.105932
AATGCACCAAGCAATG-1,0.473804,0.000748,0.000744,0.000748,0.000747,0.523209
AATGGTCCACCGTTCA-1,0.977363,0.003772,0.003759,0.003772,0.003783,0.007551
AATGGTTCTCACAAGC-1,0.9821,0.002982,0.002976,0.002986,0.002983,0.005974
AATGTATGGCACTGTA-1,0.857022,0.023814,0.02381,0.023834,0.023822,0.047698
AATGTGCCCGAGGTGT-1,0.892561,0.017874,0.017857,0.01795,0.017903,0.035855
AATTAACGGATTTCCA-1,0.778057,0.000512,0.00051,0.000512,0.000512,0.219896
AATTACGAGACCCATC-1,0.988373,0.001941,0.001931,0.001936,0.001938,0.003881
AATTACTCGTACGCTC-1,0.010033,0.212687,0.00024,0.137607,0.000241,0.639191
AATTAGCGCTGCAGCG-1,0.804956,0.000305,0.000303,0.014162,0.000305,0.179969
AATTCATAAGGGATCT-1,0.101299,0.000296,0.000295,0.864826,0.032693,0.000592
AATTCATTGTCATGCA-1,0.952147,0.007995,0.007937,0.007986,0.007976,0.01596
AATTCGATTCGAGGAT-1,0.75821,0.001463,0.001458,0.205163,0.001465,0.032241
AATTCTAGAGTTAGGC-1,0.997296,0.000451,0.000449,0.000451,0.000452,0.000902
AATTGAACGCTCTGGT-1,0.900544,0.001709,0.001701,0.001707,0.00171,0.09263
AATTGCAGCAATCGAC-1,0.71837,0.000713,0.000711,0.000714,0.000714,0.278778
AATTGCGTGGATTACA-1,0.956984,0.007168,0.007143,0.007175,0.007178,0.014352
AATTTGGGACATAGTA-1,0.343083,0.000497,0.000494,0.073329,0.000496,0.582099
ACAAACCATGCGTCCT-1,0.785522,0.035723,0.035714,0.035755,0.035735,0.071551
ACAAAGAAGGTAGGCC-1,0.714016,0.047631,0.047619,0.047675,0.047653,0.095405
ACAAAGCATGACCTAG-1,0.774653,0.011003,0.010989,0.011028,0.011029,0.181299
ACAAATCGCACCGAAT-1,0.946195,0.000744,0.00074,0.000743,0.050091,0.001487
ACAAATGGTAGTGTTT-1,0.891166,0.000797,0.000794,0.000797,0.000797,0.105649
ACAAATTCAGATCTGA-1,0.000206,0.093912,0.000205,0.18124,0.000206,0.724231
ACAACAGCATGAGCTA-1,0.580986,0.000988,0.000985,0.414069,0.000991,0.001981
ACAACGGTCCCTGCGA-1,0.600444,0.000744,0.00074,0.000744,0.000744,0.396584
ACAAGCAGTGCCTAGC-1,0.841709,0.018794,0.001414,0.00142,0.00142,0.135242
ACAAGGAAATCCGCCC-1,0.764488,0.037071,0.000674,0.000677,0.000677,0.196413
ACAAGGACAAGAGGTT-1,0.807012,0.000569,0.000567,0.000569,0.000569,0.190713
ACAAGGATGCTTTAGG-1,0.877501,0.088386,0.006803,0.006831,0.006822,0.013657
ACAAGGGCAGGCTCTG-1,0.412129,0.000505,0.000503,0.384745,0.000506,0.201612
ACAATAGTCGTACGTT-1,0.638344,0.001542,0.001536,0.353947,0.001544,0.003087
ACAATCCATTTAAACC-1,0.992704,0.001219,0.001211,0.001217,0.001217,0.002434
ACAATGAATACGGAGA-1,0.55459,0.00574,0.005714,0.00574,0.005727,0.422489
ACAATGATTCTTCTAC-1,0.067855,0.035645,0.000203,0.013757,0.13697,0.745569
ACAATTGTGTCTCTTT-1,0.825589,0.000956,0.000952,0.000956,0.000957,0.17059
ACAATTTAGGAGGCTC-1,0.901872,0.001179,0.001171,0.092247,0.001178,0.002353
ACAATTTGAGCAGTGG-1,0.705035,0.00145,0.001443,0.001448,0.001449,0.289174
ACAATTTGGCCATATT-1,0.670389,0.000469,0.000467,0.00047,0.000469,0.327736
ACACAAATATTCCTAG-1,0.130436,0.000403,0.000401,0.064064,0.066066,0.738629
ACACACCAGGACCAGT-1,0.855228,0.001185,0.001181,0.001186,0.001185,0.140034
ACACATGATCAAATCT-1,0.731365,0.002562,0.002551,0.255792,0.002595,0.005135
ACACATTGACGCAACA-1,0.036108,0.163104,0.000235,0.178369,0.000236,0.621947
ACACATTTCCGTAGAC-1,0.660755,0.010231,0.010204,0.010236,0.010235,0.298339
ACACCACATAATTAGC-1,0.446074,0.000295,0.000293,0.020184,0.000295,0.532859
ACACCCGAGAAATCCG-1,0.754097,0.000567,0.000565,0.071152,0.000567,0.173052
ACACCGAGCGCTCTTT-1,0.30757,0.00101,0.001006,0.054539,0.00101,0.634865
ACACCGGTCTGACCGC-1,0.543701,0.142089,0.02381,0.023867,0.023928,0.242605
ACACCTTAAGTAGGGC-1,0.603158,0.001148,0.001143,0.162296,0.001147,0.231108
ACACCTTACTACTTGC-1,0.443271,0.015361,0.000379,0.267736,0.000381,0.272872
ACACGAGACTCCTTCT-1,0.828227,0.028652,0.028572,0.028628,0.028603,0.057318
ACACGGGAACTTAGGG-1,0.216923,0.004107,0.004082,0.310605,0.004093,0.46019
ACACGTAGGCCACAAG-1,0.377423,0.000854,0.00085,0.304554,0.000854,0.315465
ACACTCCAATGTCACT-1,0.743812,0.001817,0.001808,0.001818,0.001816,0.24893
ACAGAACTGAGAACAA-1,0.968171,0.005303,0.005291,0.005306,0.005307,0.010622
ACAGCGACATTCTCAT-1,0.9642,0.005958,0.005952,0.005973,0.005965,0.011951
ACAGGCTTGCCCGACT-1,0.447217,0.000634,0.000632,0.072949,0.000635,0.477932
ACAGTAATACAACTTG-1,0.582233,0.000989,0.000985,0.412826,0.000989,0.001978
ACAGTATACCGTGGGA-1,0.193979,0.000258,0.000257,0.000259,0.119298,0.685948
ACATAAGTCGTGGTGA-1,0.904626,0.015876,0.015873,0.015896,0.015894,0.031835
ACATCAGCTGGGACGC-1,0.789969,0.000798,0.000794,0.0008,0.000797,0.206842
ACATCCTGGTAACTGT-1,0.739813,0.000443,0.000441,0.039199,0.000443,0.219661
ACATCGGTCAGCCGCG-1,0.863442,0.001292,0.001287,0.130106,0.00129,0.002584
ACATCGTATGCAATGG-1,0.874656,0.115519,0.001957,0.001967,0.001967,0.003933
ACATGGCGCCAAAGTA-1,0.665201,0.000341,0.000339,0.000341,0.000341,0.333437
ACATGGCTCAATTTAG-1,0.000269,0.193481,0.000268,0.752813,0.052633,0.000537
ACCAAACACCCAGCGA-1,0.247272,0.000224,0.000223,0.000224,0.173403,0.578654
ACCAACACCACACACT-1,0.06087,0.000203,0.000202,0.21254,0.258541,0.467644
ACCAACCGCACTCCAC-1,0.828444,0.00071,0.000707,0.000711,0.00071,0.168718
ACCAATATGCAAGTTA-1,0.528855,0.000626,0.000624,0.468015,0.000626,0.001253
ACCACCAATGTAACAA-1,0.76708,0.017081,0.00032,0.000321,0.000321,0.214877
ACCACCCTCTCTTCTA-1,0.029288,0.002144,0.000204,0.018962,0.179897,0.769506
ACCACGTGCAGCTATA-1,0.937468,0.001728,0.001721,0.053895,0.001729,0.003459
ACCACTGTTCAAGAAG-1,0.000102,0.291266,0.000102,0.075331,0.057504,0.575696
ACCAGACCATAACAAC-1,0.491489,0.003336,0.003322,0.129834,0.00334,0.368679
ACCAGTGCCCGGTCAA-1,0.230681,0.000339,0.000337,0.000339,0.165151,0.603154
ACCAGTGCGGGAGACG-1,0.684414,0.001366,0.001361,0.001367,0.001366,0.310126
ACCATCCGCCAACTAG-1,0.894133,0.001861,0.001855,0.001863,0.001865,0.098422
ACCATCGTATATGGTA-1,0.888476,0.00175,0.001742,0.001751,0.102782,0.003499
ACCCAACGCCCGTGGC-1,0.759069,0.002812,0.002801,0.002821,0.002816,0.229681
ACCCACCTACATGCTC-1,0.897902,0.086854,0.00304,0.003051,0.003047,0.006106
ACCCATCTTGAGGGTA-1,0.99131,0.001449,0.001443,0.001449,0.001448,0.002901
ACCCATTTGTCCCTCT-1,0.00359,0.003587,0.003571,0.003586,0.003589,0.982077
ACCCGAGCGAAATTAC-1,0.946738,0.000571,0.000569,0.000572,0.000571,0.050978
ACCCGGAAACTCCCAG-1,0.881839,0.002653,0.002646,0.002654,0.002653,0.107555
ACCCGGATGACGCATC-1,0.639825,0.000472,0.00047,0.000472,0.067663,0.291098
ACCCTATAGGACTGAG-1,0.240641,0.000398,0.000396,0.053807,0.000398,0.704361
ACCCTCCCTTGCTATT-1,0.858914,0.030685,0.001152,0.001159,0.001157,0.106933
ACCCTGGTAACGCCCT-1,0.114859,0.000161,0.000161,0.000161,0.517205,0.367454
ACCCTTGCCTGGGTCG-1,0.000134,0.008943,0.000133,0.000134,0.557412,0.433244
ACCGAAGAGTCTGGTT-1,0.828421,0.028577,0.028571,0.028602,0.028588,0.057241
ACCGACACATCTCCCA-1,0.996929,0.000512,0.00051,0.000512,0.000512,0.001025
ACCGACTGAGTCCCAC-1,0.225818,0.002867,0.002857,0.458975,0.002867,0.306615
ACCGAGTCTCCTTATT-1,0.938489,0.010277,0.010205,0.010248,0.010274,0.020507
ACCGATGGTAGCATCG-1,0.722923,0.000976,0.000972,0.000976,0.000976,0.273178
ACCGCAATAACTGCCT-1,0.758412,0.002811,0.002801,0.002811,0.002812,0.230353
ACCGCGGTGGAAGTCG-1,0.667292,0.000496,0.000494,0.000496,0.000496,0.330725
ACCGGGCCTTTGTTGA-1,0.805503,0.000696,0.000693,0.043138,0.000697,0.149273
ACCGGTCAGGTACACC-1,0.904657,0.015878,0.015873,0.015891,0.015888,0.031812
ACCGTCCACTGGGCCC-1,0.921849,0.01303,0.012987,0.013041,0.013015,0.026077
ACCTAAGTACCTTTCA-1,0.002207,0.002206,0.002198,0.002205,0.002209,0.988975
ACCTAATCGACTTCCT-1,0.81465,0.001706,0.001701,0.001707,0.001709,0.178528
ACCTACAGTATGTGGT-1,0.641521,0.000413,0.000411,0.000413,0.000412,0.356831
ACCTCCGCCCTCGCTG-1,0.748973,0.00165,0.001642,0.242791,0.001647,0.003297
ACCTCCGTTATTCACC-1,0.549175,0.00078,0.000776,0.00078,0.000779,0.447709
ACCTCGAACTTATGCT-1,0.834306,0.008455,0.008404,0.008447,0.123516,0.016872
ACCTGCGTGTCATGTT-1,0.418241,0.010253,0.010204,0.010244,0.010234,0.540824
ACGAAATGGGCGGCAC-1,0.870288,0.125369,0.000866,0.000869,0.000869,0.001739
ACGAGAACCCATCACG-1,0.390157,0.049111,0.000272,0.000273,0.115742,0.444446
ACGAGGATACCACTCT-1,0.0041,0.004098,0.004082,0.0041,0.110395,0.873225
ACGAGGTTTACAACGT-1,0.56654,0.290245,0.028572,0.028657,0.028599,0.057387
ACGAGTACGGATGCCC-1,0.378147,0.001055,0.00105,0.053752,0.001055,0.564941
ACGATACATAGAACTA-1,0.488751,0.034154,0.000359,0.013597,0.000361,0.462778
ACGATCATCTTGTAAA-1,0.528941,0.139749,0.00039,0.000392,0.069316,0.261212
ACGCAATCACTACAGC-1,0.385512,0.000478,0.000476,0.000478,0.016718,0.596337
ACGCATACGTTTACTA-1,0.424872,0.004786,0.004762,0.551233,0.004777,0.00957
ACGCCACTCGAAACAG-1,0.789218,0.000616,0.000613,0.000616,0.000616,0.208321
ACGCCAGATGATTTCT-1,0.212104,0.045563,0.000498,0.0005,0.410183,0.331153
ACGCCGCTAGACGACC-1,0.802166,0.000963,0.000959,0.000963,0.000963,0.193986
ACGCGCTACACAGGGT-1,0.572706,0.003777,0.003759,0.408425,0.003779,0.007554
ACGCGTTTCTTAAGAG-1,0.035851,0.035821,0.035715,0.035839,0.035853,0.820922
ACGCTAGTGATACACT-1,0.569607,0.003053,0.00304,0.00305,0.003051,0.418198
ACGCTGTGAGGCGTAG-1,0.814096,0.000418,0.000417,0.183814,0.000419,0.000837
ACGGAATTTAGCAAAT-1,0.407707,0.000683,0.00068,0.000683,0.000684,0.589562
ACGGACTCTCAAAGCG-1,0.972232,0.004637,0.004608,0.004628,0.004628,0.009266
ACGGAGCGCAAATTAC-1,0.283683,0.000363,0.000362,0.07948,0.047265,0.588847
ACGGATGGTGCGGATA-1,0.443167,0.000308,0.000307,0.424012,0.105413,0.026792
ACGGCGACGATGGGAA-1,0.639284,0.036831,0.000593,0.000595,0.000595,0.322102
ACGGCGGGTTGCCCTG-1,0.22741,0.317105,0.0002,0.013474,0.045695,0.396117
ACGGCTGGATGTAGAA-1,0.828413,0.028575,0.028571,0.0286,0.028588,0.057252
ACGGGAGTGTCGGCCC-1,0.913939,0.014388,0.014286,0.014359,0.014316,0.028713
ACGGGCGTATGCGACA-1,0.304632,0.000307,0.000306,0.000307,0.298281,0.396167
ACGGGTCATGTGACTT-1,0.1876,0.000387,0.000385,0.146313,0.249416,0.415899
ACGTAGATTGCTGATG-1,0.735746,0.002814,0.002801,0.002814,0.002811,0.253014
ACGTAGGAGAGTCGCT-1,0.807119,0.002928,0.002916,0.178246,0.002933,0.005859
ACGTATTACTCCGATC-1,0.778577,0.000516,0.000514,0.000516,0.043488,0.176389
ACGTCGGGCAACTCGG-1,0.933738,0.011078,0.010989,0.011071,0.01103,0.022094
ACGTCTCGTTCCGGGA-1,0.956963,0.0072,0.007143,0.00717,0.007164,0.014359
ACGTGACAAAGTAAGT-1,0.530469,0.028607,0.028572,0.326342,0.028628,0.057382
ACGTTAATGTCGAAGA-1,0.800656,0.00083,0.000826,0.00083,0.00083,0.196028
ACGTTAGATTTGCCCG-1,0.996714,0.000548,0.000545,0.000548,0.000549,0.001096
ACGTTATTGGTCACTC-1,0.415144,0.000536,0.000533,0.087269,0.148685,0.347833
ACGTTCGCAATCAATT-1,0.514892,0.00071,0.000707,0.000709,0.00071,0.482271
ACGTTCTGTACAAGTC-1,0.912427,0.001196,0.001191,0.001196,0.001195,0.082795
ACTAATACGTCAGGCG-1,0.150974,0.063638,0.000243,0.000245,0.151022,0.633879
ACTACATCCCGACAAG-1,0.928264,0.011928,0.011905,0.01198,0.011986,0.023936
ACTACCAGCTCTCTGG-1,0.773872,0.001017,0.001013,0.128795,0.001017,0.094284
ACTAGTTGCGATCGTC-1,0.451074,0.000932,0.000928,0.210302,0.000932,0.335832
ACTATATGCTGTGTTC-1,0.258728,0.000914,0.00091,0.018288,0.000914,0.720246
ACTATCCAGGGCATGG-1,0.5568,0.000466,0.000464,0.017656,0.000466,0.424148
ACTATCTGCCCGCGTA-1,0.807975,0.000486,0.000484,0.000487,0.000487,0.190082
ACTATGTCCAGCTGCC-1,0.938621,0.010216,0.010204,0.010233,0.010229,0.020497
ACTATTCGTCCGTGGT-1,0.158065,0.179918,0.000362,0.317024,0.000363,0.344267
ACTCAACGAATGTATT-1,0.087777,0.029243,0.000163,0.011782,0.266384,0.604652
ACTCAAGTGCAAGGCT-1,0.708407,0.007536,0.007519,0.253896,0.007544,0.015098
ACTCAATAAAGGCACG-1,0.442086,0.002113,0.002101,0.002108,0.002112,0.549481
ACTCATGGCAGCCTTC-1,0.892768,0.017861,0.017857,0.017875,0.017869,0.03577
ACTCCAATATCATCAT-1,0.964352,0.001579,0.00157,0.001578,0.00158,0.029341
ACTCCCATTCCTAAAG-1,0.982817,0.002862,0.002857,0.002865,0.002863,0.005736
ACTCCCGAATTCGTTT-1,0.618202,0.000921,0.000916,0.000919,0.000919,0.378124
ACTCCCGTAGACTAGG-1,0.000223,0.00022,0.000219,0.00022,0.060206,0.938912
ACTCCCTAATGCTAAA-1,0.37364,0.000599,0.000598,0.0006,0.000601,0.623962
ACTCCCTAGAATAGTA-1,0.910233,0.000677,0.000674,0.000677,0.000677,0.087062
ACTCGATGTATTTCAT-1,0.335498,0.000703,0.0007,0.065909,0.05768,0.539509
ACTCGTAACCCGTCCT-1,0.962638,0.006222,0.006211,0.006235,0.006224,0.012469
ACTCGTCAGTAATCCC-1,0.54793,0.00087,0.000866,0.00087,0.268068,0.181397
ACTCTCTGACTTAGGT-1,0.843871,0.000949,0.000946,0.090023,0.000951,0.06326
ACTCTTGTATAGTAAC-1,0.383438,0.043228,0.001181,0.001186,0.001186,0.569781
ACTGAAACGCCGTTAG-1,0.6363,0.000492,0.000489,0.000491,0.000492,0.361736
ACTGAATGGCGAAAGT-1,0.847992,0.001238,0.001232,0.001237,0.001236,0.147066
ACTGCGGACACACCGT-1,0.610732,0.024243,0.000496,0.000499,0.000498,0.363531
ACTGCTCGGAAGGATG-1,0.008459,0.008438,0.008403,0.008434,0.008435,0.957829
ACTGTACGATACACAT-1,0.504678,0.002082,0.00207,0.002079,0.00208,0.487011
ACTGTAGCACTTTGGA-1,0.983766,0.000307,0.000305,0.000307,0.000307,0.015009
ACTGTATACGCGAGCA-1,0.208914,0.000314,0.000313,0.044475,0.014572,0.731412
ACTGTGCTAGTAGATC-1,0.729634,0.000681,0.000677,0.00068,0.193876,0.074452
ACTTACCGGGCGCGCA-1,0.19941,0.000372,0.00037,0.000372,0.000372,0.799105
ACTTACGCATCCACGC-1,0.362848,0.000743,0.00074,0.000746,0.000743,0.63418
ACTTAGTACGACAAGA-1,0.669663,0.000909,0.000904,0.000909,0.000909,0.326706
ACTTATACTTACCCGG-1,0.585697,0.001072,0.001066,0.00107,0.001071,0.410024
ACTTATTTATGTGCCA-1,0.575967,0.000646,0.000644,0.393821,0.000646,0.028275
ACTTCAGGCTGATCCC-1,0.753303,0.002706,0.002695,0.002705,0.002708,0.235883
ACTTCCAGTGGAAGCT-1,0.828401,0.028572,0.028572,0.028602,0.028588,0.057266
ACTTCCATGCGGGACA-1,0.970351,0.004939,0.004926,0.004947,0.004943,0.009894
ACTTCGCCATACGCAC-1,0.632291,0.015954,0.015874,0.015932,0.288044,0.031904
ACTTGACTCCCTCTTT-1,0.726846,0.002355,0.002342,0.002353,0.002351,0.263753
ACTTGCTCTATCTACC-1,0.785517,0.035719,0.035714,0.035749,0.035747,0.071554
ACTTGTAGTCCCTTCA-1,0.995657,0.000724,0.000722,0.000724,0.000724,0.001449
ACTTGTGGATGGAACG-1,0.900312,0.000686,0.000684,0.000686,0.000687,0.096946
ACTTTACCCTCATGAA-1,0.559748,0.001018,0.001013,0.001017,0.047674,0.389529
ACTTTGACTGCATCCT-1,0.849855,0.000637,0.000635,0.146962,0.000637,0.001275
ACTTTGGTCGTGCTCC-1,0.985879,0.002355,0.002342,0.002352,0.002362,0.004709
AGAAATTATGACTCGC-1,0.782232,0.000289,0.000288,0.000289,0.000289,0.216612
AGAACCCAGCGTGACA-1,0.880206,0.000613,0.000611,0.000613,0.000613,0.117345
AGAACCCTCAATTGGG-1,0.829319,0.007545,0.007519,0.132984,0.007539,0.015094
AGAACGTGGTACATTC-1,0.46634,0.005972,0.005952,0.005976,0.218135,0.297625
AGAAGAGCGCCGTTCC-1,0.478628,0.003497,0.003484,0.003497,0.003496,0.507397
AGAAGGTACACTTCAC-1,0.614438,0.011945,0.011905,0.325857,0.011932,0.023924
AGAAGGTTGTAGGTCG-1,0.964138,0.005999,0.005952,0.005973,0.005981,0.011957
AGAAGTGATTCGTGAT-1,0.481729,0.199598,0.011905,0.011952,0.011963,0.282854
AGAATAAATCTTCAGG-1,0.84922,0.036272,0.000618,0.000621,0.000621,0.112647
AGAATGCGGGTTCGGA-1,0.158507,0.000179,0.000178,0.000179,0.301771,0.539187
AGAATTATGGATTCGA-1,0.759474,0.001449,0.001443,0.001449,0.001448,0.234738
AGAATTGTTTGACATA-1,0.45423,0.000646,0.000644,0.000646,0.000646,0.543187
AGACAGCTCAGAATCC-1,0.789006,0.002314,0.002304,0.002311,0.199437,0.004629
AGACCAAACCACACCT-1,0.000216,0.000216,0.000215,0.079592,0.000216,0.919545
AGACCATGGGATACAA-1,0.529523,0.059108,0.000959,0.148118,0.000963,0.261329
AGACCCACCGCTGATC-1,0.947872,0.000234,0.000233,0.000234,0.050959,0.000468
AGACCGCTCCGCGGTT-1,0.994481,0.000922,0.000916,0.00092,0.00092,0.001841
AGACCGGGAAACCCTG-1,0.802949,0.000864,0.000861,0.192734,0.000863,0.001728
AGACGAAGTGCCGGTC-1,0.980461,0.003257,0.003247,0.00326,0.003255,0.00652
AGACGACGATGCCGCT-1,0.955426,0.001594,0.001587,0.036607,0.001595,0.003191
AGACGGGCCGATTTAA-1,0.044076,0.00019,0.000189,0.00019,0.007289,0.948068
AGAGAACCGTCTAGGA-1,0.641968,0.001495,0.001488,0.001494,0.001495,0.35206
AGAGAAGGAGTACAAT-1,0.852248,0.002016,0.002012,0.00202,0.137664,0.00404
AGAGATCTCTAAAGCG-1,0.985688,0.002386,0.002381,0.002385,0.002386,0.004774
AGAGCAGTTATGAGAC-1,0.772177,0.006529,0.006494,0.006515,0.195246,0.01304
AGAGCCGCCGAGATTT-1,0.548711,0.000699,0.000697,0.0007,0.000699,0.448493
AGAGCGCTTGTAACGG-1,0.000081,0.000081,0.00008,0.000081,0.816559,0.183118
AGAGCGTACAAGCTCG-1,0.773494,0.002869,0.002857,0.002867,0.002871,0.215042
AGAGCTACGAAAGCAT-1,0.067065,0.523597,0.000159,0.058811,0.083146,0.267222
AGAGGCTTCGGAAACC-1,0.704614,0.000505,0.000503,0.000505,0.137063,0.156809
AGAGTAAACTTCACTA-1,0.680741,0.000487,0.000484,0.000486,0.000486,0.317315
AGAGTATAGTGTTACG-1,0.284678,0.000328,0.000326,0.000327,0.297313,0.417027
AGAGTTAGAGACCGAT-1,0.000247,0.335623,0.000246,0.07681,0.000247,0.586828
AGATACCAGCACTTCA-1,0.168587,0.000185,0.000184,0.000185,0.590291,0.240569
AGATACCGGTGTTCAC-1,0.892536,0.001365,0.001361,0.001368,0.001365,0.102006
AGATACGACTTCATAT-1,0.383233,0.000844,0.00084,0.143352,0.057067,0.414664
AGATACTCAAGATCGA-1,0.651694,0.001317,0.001311,0.34173,0.001316,0.002633
AGATATAATACGACTA-1,0.970325,0.004938,0.004926,0.004949,0.004957,0.009904
AGATCGTGCATAAGAT-1,0.513024,0.000483,0.000481,0.000483,0.364096,0.121434
AGATCTCAGGTGTGAT-1,0.949486,0.00841,0.008403,0.008415,0.008422,0.016862
AGATGAGGGTTGCGAT-1,0.456016,0.054454,0.000552,0.000554,0.000554,0.48787
AGATGATGGAGTCTGG-1,0.617036,0.000624,0.000621,0.000623,0.105863,0.275232
AGATGCAAGACGTGCA-1,0.817385,0.006503,0.006494,0.150066,0.006524,0.013028
AGATGCATCCTGTGTC-1,0.570912,0.071429,0.071429,0.071529,0.071486,0.143216
AGATGCTATAACGAGC-1,0.125209,0.064353,0.000361,0.167892,0.000362,0.641823
AGATTCACAACCGATA-1,0.771301,0.126263,0.020409,0.020511,0.020497,0.041019
AGCAAAGGCCGCTAGT-1,0.972214,0.000701,0.000697,0.024289,0.000699,0.0014
AGCAACATATCTTATT-1,0.727243,0.043985,0.000489,0.053403,0.000492,0.174388
AGCAACCGAAAGTAAT-1,0.904414,0.015908,0.015873,0.015917,0.015992,0.031896
AGCACTACCGGCCTGT-1,0.981687,0.003048,0.00304,0.003055,0.003062,0.006109
AGCACTACCTCACCAG-1,0.795169,0.00081,0.000807,0.000811,0.000811,0.201592
AGCACTTAAGGACGCC-1,0.895229,0.001063,0.001058,0.001062,0.001063,0.100525
AGCAGAAGGAGAAAGA-1,0.904835,0.086927,0.001642,0.001648,0.00165,0.003298
AGCATATCAATATGCT-1,0.631721,0.002392,0.002381,0.002389,0.002388,0.358728
AGCATCATTTCGAAAG-1,0.63952,0.017861,0.017857,0.017919,0.271023,0.035819
AGCCACAGGTTACCCG-1,0.42383,0.005117,0.005102,0.005124,0.005119,0.555707
AGCCACTCCCGTGCTT-1,0.376984,0.000834,0.000831,0.000834,0.000834,0.619683
AGCCATATAGTATGTG-1,0.814046,0.005974,0.005952,0.156116,0.005966,0.011947
AGCCCATACATGTAAG-1,0.007189,0.007174,0.007143,0.007169,0.007168,0.964157
AGCCCGGCATTAGAGG-1,0.983469,0.002752,0.002747,0.002758,0.002758,0.005515
AGCCCTGTCGCACCGT-1,0.686366,0.000356,0.000354,0.000356,0.000356,0.312211
AGCCCTTCTAATCCGA-1,0.322879,0.00035,0.000348,0.000351,0.148376,0.527696
AGCCGCAAATTCAAAT-1,0.826911,0.002176,0.002165,0.002176,0.002173,0.1644
AGCCGTGGCTAAATGT-1,0.634106,0.009539,0.009524,0.318167,0.009547,0.019116
AGCCTAATACCCACGT-1,0.511,0.007176,0.007143,0.007174,0.007173,0.460333
AGCCTTAAAGCGGAAG-1,0.492919,0.002241,0.002232,0.00224,0.002243,0.498125
AGCCTTGTCACTGATA-1,0.974678,0.004215,0.004202,0.004224,0.004232,0.008449
AGCGACAGGAACGGTC-1,0.811023,0.003183,0.003175,0.17306,0.003187,0.006373
AGCGCGGGTGCCAATG-1,0.527582,0.000565,0.000562,0.000566,0.101638,0.369086
AGCGCTAGAGCGATGT-1,0.356181,0.000229,0.000228,0.410639,0.000229,0.232495
AGCGCTTATGGGCAAG-1,0.041756,0.025988,0.000136,0.000136,0.680122,0.251861
AGCGGACACTTCGTAG-1,0.784755,0.036186,0.035715,0.035831,0.035781,0.071732
AGCGGCGGTTAGCGGT-1,0.713256,0.003981,0.003968,0.003981,0.003983,0.270832
AGCGGGAAGGGTCCAT-1,0.618492,0.014309,0.014286,0.014329,0.309883,0.028701
AGCGGGTCTGACACTC-1,0.655092,0.003978,0.003968,0.003985,0.003989,0.328987
AGCGGTTGCCGCTCTG-1,0.209604,0.000395,0.000394,0.000395,0.014312,0.774899
AGCGTACGAGAGCTAG-1,0.029347,0.223203,0.000169,0.119902,0.00017,0.627209
AGCGTCTGAACCCGCA-1,0.219751,0.000298,0.000297,0.000299,0.090652,0.688703
AGCGTGGTATTCTACT-1,0.758631,0.001096,0.001091,0.108137,0.001095,0.129951
AGCTAAGTACGCAGGC-1,0.469085,0.005516,0.005495,0.216621,0.292241,0.011042
AGCTAGAAGCAGAAGT-1,0.452979,0.000696,0.000693,0.000696,0.111645,0.43329
AGCTATTTAATCCAAC-1,0.172877,0.0217,0.000396,0.000397,0.000397,0.804232
AGCTCCATATATGTTC-1,0.005321,0.005298,0.005291,0.005311,0.005312,0.973468
AGCTCCTTCGCACATC-1,0.657887,0.00299,0.002976,0.32718,0.002986,0.00598
AGCTCGTTGATGGAAA-1,0.156707,0.000152,0.000151,0.009505,0.448658,0.384826
AGCTCTAGACGTTCCA-1,0.634781,0.001121,0.001116,0.00112,0.001121,0.360741
AGCTCTTCCCAGTGCA-1,0.337198,0.000518,0.000516,0.000518,0.323175,0.338076
AGCTCTTCGTAACCTT-1,0.724402,0.042489,0.000494,0.000498,0.000496,0.231621
AGCTGAAGTAAACCAA-1,0.343109,0.038039,0.00044,0.000441,0.005954,0.612018
AGCTGTAACCTCAATC-1,0.921844,0.013027,0.012987,0.013022,0.013018,0.026103
AGCTTGATCTTAACTT-1,0.670547,0.001594,0.001587,0.225266,0.001595,0.09941
AGGAAGCTGTCCGCCG-1,0.630726,0.00717,0.007143,0.007171,0.007166,0.340623
AGGACAGTCGAATCCC-1,0.811315,0.001071,0.001066,0.001072,0.00107,0.184406
AGGACATCGCACGTCG-1,0.808249,0.165212,0.005291,0.005306,0.005314,0.010627
AGGACGCTCGATGTTG-1,0.28504,0.000806,0.000803,0.000806,0.000806,0.711739
AGGAGACATCCACAGT-1,0.075144,0.000118,0.000117,0.000118,0.799666,0.124837
AGGAGAGTCTGGCTAC-1,0.076872,0.000346,0.000344,0.000346,0.184311,0.737781
AGGAGGCCTTCGCGCG-1,0.796826,0.004092,0.004082,0.004099,0.004098,0.186803
AGGATAAAGTCGGGAT-1,0.333268,0.047769,0.047619,0.047736,0.427971,0.095637
AGGATATAGGGATTTA-1,0.763494,0.000743,0.00074,0.000743,0.000743,0.233536
AGGATCACGCGATCTG-1,0.78647,0.134003,0.015873,0.01592,0.015895,0.031839
AGGATTGCTTACGACA-1,0.480952,0.000402,0.0004,0.055232,0.092536,0.370478
AGGCAAAGAGGAATCA-1,0.065199,0.443208,0.000122,0.032511,0.038469,0.42049
AGGCAGATGCGTAAAC-1,0.374777,0.001463,0.001458,0.001464,0.001464,0.619374
AGGCATTGTCGTAGGG-1,0.66942,0.001011,0.001006,0.325534,0.00101,0.00202
AGGCCACCCGTTATGA-1,0.663465,0.001271,0.001264,0.290019,0.00127,0.042711
AGGCCCAGTGACTGGT-1,0.180588,0.16833,0.0003,0.33594,0.119222,0.19562
AGGCCCTAGAACGCCA-1,0.482332,0.004781,0.004762,0.493785,0.004776,0.009564
AGGCCTGAGAATCTCG-1,0.958993,0.006858,0.006803,0.006841,0.006826,0.013679
AGGCGGTTTGTCCCGC-1,0.877278,0.020451,0.020408,0.020484,0.020447,0.040931
AGGCGTCTATGGACGG-1,0.119425,0.000338,0.000337,0.000338,0.000338,0.879222
AGGCTATGGTTAGCTT-1,0.942325,0.002275,0.002268,0.046306,0.002273,0.004553
AGGCTTGCTAGACACC-1,0.6887,0.007553,0.007519,0.007563,0.273553,0.015111
AGGGAAACGAGGTACT-1,0.13078,0.000278,0.000276,0.009566,0.27838,0.58072
AGGGACCGGCTGCGTT-1,0.586175,0.000532,0.000529,0.000531,0.000532,0.411701
AGGGAGACATACTTCG-1,0.536915,0.000875,0.000871,0.000875,0.08779,0.372675
AGGGCGAGCAGCTGAT-1,0.464268,0.000469,0.000467,0.533391,0.000468,0.000937
AGGGCTGCAGTTACAG-1,0.437072,0.001259,0.001253,0.001258,0.00126,0.557898
AGGGTCAGTAACCCTA-1,0.196832,0.042766,0.000298,0.104457,0.142282,0.513366
AGGGTCGATGCGAACT-1,0.445899,0.000545,0.000543,0.000545,0.000545,0.551921
AGGGTGCTCTCGAGGG-1,0.717161,0.000644,0.000641,0.000644,0.000643,0.280268
AGGGTGGATAGTGCAT-1,0.960859,0.006533,0.006494,0.006523,0.006524,0.013067
AGGGTTCCCTTTGGTT-1,0.972231,0.004642,0.004608,0.00463,0.004624,0.009265
AGGTAACCTCCTATTC-1,0.532493,0.000732,0.000729,0.000733,0.404859,0.060454
AGGTAGGTACAAAGCT-1,0.800148,0.001991,0.001984,0.189896,0.001995,0.003986
AGGTATAATTGATAGT-1,0.497374,0.000572,0.000569,0.000572,0.000572,0.500342
AGGTATGCGGACATTA-1,0.492815,0.000387,0.000385,0.009661,0.074722,0.42203
AGGTCAGGTGAGAGTG-1,0.907952,0.004784,0.004762,0.004779,0.004794,0.072929
AGGTCGCCACTTCGGT-1,0.176106,0.128599,0.000218,0.389821,0.000219,0.305036
AGGTCGCGGAGTTACT-1,0.400277,0.000806,0.000803,0.000806,0.000806,0.596502
AGGTGTATCGCCATGA-1,0.972258,0.00462,0.004608,0.004625,0.004633,0.009255
AGGTTACACCATGCCG-1,0.653841,0.000362,0.000361,0.000362,0.000362,0.344711
AGGTTCTCCTTTCCGG-1,0.904532,0.015875,0.015873,0.01591,0.015924,0.031886
AGGTTGAGGCACGCTT-1,0.395304,0.002518,0.002506,0.002515,0.118843,0.478313
AGGTTTCACACACCTT-1,0.950212,0.001592,0.001587,0.041831,0.001592,0.003186
AGTAATTTGCAAGCGT-1,0.872616,0.062593,0.002597,0.002606,0.002611,0.056977
AGTACAGAAGCTTATA-1,0.014349,0.014377,0.014286,0.913936,0.014338,0.028714
AGTACATCATTTATCA-1,0.368123,0.001139,0.001134,0.001138,0.001138,0.627328
AGTACCTTCGAGTGCT-1,0.214096,0.000416,0.000414,0.030903,0.000416,0.753755
AGTACGGCCCGTATCG-1,0.926303,0.000767,0.000764,0.000767,0.069864,0.001535
AGTACGGGCACCTGGC-1,0.593467,0.002275,0.002268,0.002277,0.002277,0.397438
AGTACTCTTATGCCCA-1,0.678184,0.000994,0.000992,0.000996,0.000995,0.317838
AGTAGAAGGCGCCTCA-1,0.992309,0.000347,0.000346,0.000347,0.000347,0.006303
AGTAGGAAGGAAGTTG-1,0.329307,0.000443,0.000441,0.000443,0.236942,0.432425
AGTATAATACTAGGCA-1,0.95703,0.007157,0.007143,0.007175,0.007158,0.014337
AGTATGCTGGAGACCA-1,0.315122,0.505926,0.035715,0.035779,0.035798,0.07166
AGTCAAGATGACACTT-1,0.990747,0.001543,0.001536,0.001543,0.001544,0.003087
AGTCACTAGCTCTCGA-1,0.356881,0.006835,0.006803,0.00683,0.006827,0.615825
AGTCACTCCGCCTCAT-1,0.266655,0.141211,0.000367,0.043965,0.000369,0.547433
AGTCAGCCACCGCCTG-1,0.554133,0.000789,0.000785,0.06852,0.000788,0.374985
AGTCCATTGGCTGATG-1,0.521513,0.000393,0.000391,0.31149,0.000393,0.165819
AGTCCCGCCTTTAATT-1,0.091663,0.000434,0.000432,0.000433,0.00095,0.906089
AGTCCCTCGCAGAAAG-1,0.034242,0.020301,0.00006,0.00006,0.615957,0.329381
AGTCGAAACGATTCAG-1,0.946246,0.008978,0.008929,0.008954,0.008964,0.017929
AGTCGACGGTCTCAAG-1,0.510872,0.00045,0.000448,0.079092,0.00045,0.408689
AGTCGGCCCAAACGAC-1,0.957056,0.000269,0.000269,0.041598,0.000269,0.000539
AGTCGGCTCAACTTTA-1,0.954733,0.007545,0.007519,0.007558,0.007552,0.015093
AGTCGGTTGCGTGAGA-1,0.633106,0.031687,0.000378,0.02678,0.000379,0.30767
AGTCGTATAAAGCAGA-1,0.957023,0.007173,0.007143,0.007171,0.007158,0.014332
AGTCGTCGACCACCAA-1,0.606509,0.000525,0.000523,0.000525,0.000525,0.391392
AGTCGTGGGCATTACG-1,0.447727,0.023856,0.02381,0.43291,0.023865,0.047832
AGTCTAAAGTATACTC-1,0.329703,0.000619,0.000616,0.188901,0.000619,0.479543
AGTCTCACAAGACTAC-1,0.360936,0.005733,0.005714,0.005736,0.005743,0.616137
AGTCTGGACATCCTTG-1,0.56046,0.092609,0.001458,0.001463,0.001465,0.342546
AGTCTTTAAAGTGTCC-1,0.921827,0.013054,0.012987,0.013029,0.013031,0.026072
AGTGAACAAACTTCTC-1,0.574219,0.064503,0.0003,0.000301,0.000301,0.360375
AGTGAAGATGGTGTCC-1,0.09045,0.000266,0.000265,0.000266,0.181819,0.726934
AGTGACTGTGACACAA-1,0.899029,0.086632,0.002857,0.002869,0.002874,0.005739
AGTGAGACTTCCAGTA-1,0.725237,0.001685,0.001681,0.097385,0.001689,0.172323
AGTGAGCCTCGCCGCC-1,0.600752,0.0007,0.000697,0.0007,0.0007,0.396451
AGTGAGGGTTTCTGAC-1,0.000518,0.185937,0.000516,0.162481,0.000518,0.650031
AGTGATAACCTGCGCG-1,0.985159,0.002482,0.002463,0.002472,0.002475,0.00495
AGTGATTCAAGCAGGA-1,0.923283,0.065862,0.002165,0.002171,0.002173,0.004347
AGTGCACGCTTAAGAA-1,0.816258,0.153895,0.005953,0.005971,0.005974,0.011948
AGTGCTAAACACAGCA-1,0.938609,0.010221,0.010204,0.010252,0.010233,0.020481
AGTGCTTGCACGAATA-1,0.720256,0.000649,0.000646,0.276501,0.000649,0.001298
AGTGGCGGCAATTTGA-1,0.291971,0.000632,0.000629,0.514279,0.000632,0.191857
AGTGGCGTCTGAAGGT-1,0.502605,0.010222,0.010204,0.446244,0.010236,0.020489
AGTGGCTCCGTCGGCC-1,0.967699,0.000579,0.000576,0.029409,0.000579,0.001158
AGTGGTGTTACCCGTG-1,0.622664,0.002808,0.002801,0.002812,0.002811,0.366104
AGTGGTTGCGTATAGG-1,0.796419,0.017955,0.017858,0.017886,0.113969,0.035913
AGTGTATTGCGCATTG-1,0.190813,0.000428,0.000426,0.000428,0.337628,0.470277
AGTGTGCTAAGATCGC-1,0.093884,0.000237,0.000236,0.086393,0.613507,0.205744
