Barcode,Topic 1,Topic 2to6,Topic 7to8
AAACAACGAATAGTTC-1,0.000029,0.692114,0.307857
AAACAAGTATCTCCCA-1,0.000079,0.653688,0.346234
AAACAATCTACTAGCA-1,0.000159,0.462422,0.537418
AAACACCAATAACTGC-1,0.000178,0.038741,0.961082
AAACAGAGCGACTCCT-1,0.000177,0.654414,0.345409
AAACAGCTTTCAGAAG-1,0.00006,0.404677,0.595263
AAACAGGGTCTATATT-1,0.000051,0.003924,0.996024
AAACATGGTGAGAGGA-1,0.00007,0.064092,0.935838
AAACATTTCCCGGATT-1,0.000202,0.398336,0.601462
AAACCACTACACAGAT-1,0.000062,0.109863,0.890076
AAACCCGAACGAAATC-1,0.000231,0.133553,0.866216
AAACCGGAAATGTTAA-1,0.000086,0.407332,0.592582
AAACCGGGTAGGTACC-1,0.000011,0.672653,0.327336
AAACCGTTCGTCCAGG-1,0.000104,0.186669,0.813227
AAACCTCATGAAGTTG-1,0.00003,0.890043,0.109927
AAACGAAGATGGAGTA-1,0.000115,0.022599,0.977286
AAACGACAGTCTTGCC-1,0.000189,0.000946,0.998865
AAACGCCCGAGATCGG-1,0.000346,0.001734,0.997919
AAACGGGCGTACGGGT-1,0.000198,0.487936,0.511866
AAACGGGTTGGTATCC-1,0.000064,0.814134,0.185803
AAACGTGTTCGCCCTA-1,0.000052,0.176522,0.823427
AAACTAACGTGGCGAC-1,0.000146,0.250881,0.748974
AAACTCGTGATATAAG-1,0.000048,0.627701,0.372251
AAACTTAATTGCACGC-1,0.000152,0.000763,0.999085
AAACTTGCAAACGTAT-1,0.000298,0.001491,0.998212
AAAGAATGACCTTAGA-1,0.000076,0.000383,0.99954
AAAGAATGTGGACTAA-1,0.000062,0.46283,0.537108
AAAGACCCAAGTCGCG-1,0.000058,0.720148,0.279795
AAAGACTGGGCGCTTT-1,0.000099,0.72615,0.273751
AAAGCTTGCCTACATA-1,0.000134,0.918456,0.08141
AAAGGCCCTATAATAC-1,0.000062,0.270803,0.729135
AAAGGGCAGCTTGAAT-1,0.000061,0.745551,0.254388
AAAGGTAAGCTGTACC-1,0.000132,0.2362,0.763667
AAAGGTCAACGACATG-1,0.000068,0.460352,0.539581
AAAGTAGCATTGCTCA-1,0.000119,0.17664,0.823241
AAAGTCACTGATGTAA-1,0.000132,0.555502,0.444365
AAAGTCGACCCTCAGT-1,0.000031,0.272569,0.7274
AAAGTGTGATTTATCT-1,0.000135,0.452572,0.547293
AAAGTTGACTCCCGTA-1,0.00007,0.553046,0.446884
AAATAACCATACGGGA-1,0.000042,0.926568,0.073389
AAATAAGGTAGTGCCC-1,0.000042,0.59468,0.405279
AAATAGCTTAGACTTT-1,0.000539,0.220258,0.779203
AAATCACTCCTAAACG-1,0.000049,0.001264,0.998687
AAATCCGATACACGCC-1,0.000053,0.784139,0.215808
AAATCGCGGAAGGAGT-1,0.000105,0.078932,0.920963
AAATCTAGCCCTGCTA-1,0.000115,0.461151,0.538734
AAATGATTCGATCAGC-1,0.000068,0.742857,0.257075
AAATGCTCGTTACGTT-1,0.000121,0.351764,0.648115
AAATGGCCCGTGCCCT-1,0.000096,0.00048,0.999424
AAATGGTCAATGTGCC-1,0.000077,0.800376,0.199547
AAATGTATCTTATCCC-1,0.000043,0.037217,0.96274
AAATTAACGGGTAGCT-1,0.000068,0.925857,0.074075
AAATTAATAAGCGCGA-1,0.00003,0.177967,0.822004
AAATTACACGACTCTG-1,0.000029,0.799462,0.200509
AAATTACCTATCGATG-1,0.000065,0.816789,0.183146
AAATTCCAGGTCCAAA-1,0.000183,0.685314,0.314503
AAATTGATAGTCCTTT-1,0.0001,0.287758,0.712143
AAATTGCGGCGGTTCT-1,0.000579,0.002898,0.996523
AAATTGGTGAGAAGCA-1,0.000067,0.378057,0.621875
AAATTTGCGGGTGTGG-1,0.000181,0.046347,0.953472
AACAACTGGTAGTTGC-1,0.000022,0.959558,0.04042
AACAATACATTGTCGA-1,0.000106,0.295346,0.704548
AACAATTACTCTACGC-1,0.000034,0.862755,0.137212
AACACACGCTCGCCGC-1,0.000155,0.801311,0.198534
AACACGAGACGCGGCC-1,0.000112,0.031912,0.967976
AACACGCGGCCGCGAA-1,0.000089,0.524569,0.475342
AACAGCTGTGTGGCAA-1,0.000124,0.083366,0.91651
AACAGGATGGGCCGCG-1,0.000091,0.455882,0.544027
AACAGGTAGTATGGAT-1,0.000263,0.231191,0.768546
AACATATCAACTGGTG-1,0.00017,0.738982,0.260847
AACATCGATACGTCTA-1,0.00009,0.846538,0.153372
AACATTGAAGTTGATC-1,0.000101,0.370565,0.629333
AACATTGGTCAGCCGT-1,0.000893,0.271864,0.727243
AACCAAGACTTCTCTG-1,0.000038,0.792676,0.207286
AACCAGTATCACTCTT-1,0.000325,0.431662,0.568014
AACCATAGGGTTGAAC-1,0.000061,0.070403,0.929536
AACCATGGGATCGCTA-1,0.000066,0.605478,0.394456
AACCCAGAGACGGAGA-1,0.0001,0.707316,0.292585
AACCCATCCCATGATC-1,0.000123,0.000614,0.999263
AACCCGAGCAGAATCG-1,0.00004,0.974737,0.025223
AACCCGATAGGGCTTC-1,0.000309,0.00155,0.998141
AACCCTACTGTCAATA-1,0.000047,0.813713,0.18624
AACCGCTAAGGGATGC-1,0.000561,0.55343,0.446009
AACCTGTCACGGAATT-1,0.000268,0.058278,0.941455
AACCTTTACGACGTCT-1,0.000248,0.775081,0.224671
AACGAAAGTCGTCCCA-1,0.000149,0.046567,0.953283
AACGATAGAAGGGCCG-1,0.000055,0.818658,0.181287
AACGATATGTCAACTG-1,0.000008,0.994039,0.005953
AACGCATGATCTGGGT-1,0.00009,0.99973,0.00018
AACGCGAACGGCAACA-1,0.000107,0.92738,0.072513
AACGCTGTTGCTGAAA-1,0.000044,0.631795,0.368161
AACGGACGTACGTATA-1,0.000091,0.643675,0.356234
AACGGCCATCTCCGGT-1,0.000141,0.314153,0.685706
AACGTACTGTGGGTAC-1,0.000151,0.302918,0.696931
AACGTAGTCTACCCAT-1,0.000086,0.583978,0.415936
AACGTCAGACTAGTGG-1,0.000158,0.439504,0.560338
AACGTTATCAGCACCT-1,0.000246,0.001233,0.998521
AACTACCCGTTTGTCA-1,0.000118,0.364747,0.635135
AACTAGCGTATCGCAC-1,0.000103,0.594708,0.405189
AACTCAAGTTAATTGC-1,0.000035,0.974589,0.025376
AACTCCAGAGCGTGTT-1,0.000089,0.602804,0.397107
AACTCCTAATCCCATG-1,0.000061,0.680206,0.319734
AACTCGATAAACACGT-1,0.00015,0.531782,0.468068
AACTCGATGGCGCAGT-1,0.000073,0.512457,0.48747
AACTCTCAATAGAGCG-1,0.000054,0.774213,0.225733
AACTCTCAGTGTGCTC-1,0.000246,0.086335,0.913419
AACTGAGGTCAGCGTC-1,0.000644,0.003228,0.996128
AACTGAGTTATACTGA-1,0.000132,0.282122,0.717746
AACTGGTGTGGGCCTT-1,0.00003,0.986138,0.013832
AACTTCTGCGTCTATC-1,0.000083,0.999751,0.000166
AACTTGCCCGTATGCA-1,0.000259,0.184027,0.815713
AACTTGCGTTCTCGCG-1,0.000224,0.098662,0.901114
AACTTTACGGGAGCTT-1,0.000053,0.000265,0.999682
AACTTTAGCTGCTGAG-1,0.000075,0.908153,0.091772
AACTTTCTCGATCATG-1,0.000427,0.202497,0.797077
AAGAAATCACCAGATT-1,0.000312,0.112588,0.8871
AAGAAGGATCAGTTAG-1,0.000075,0.155033,0.844892
AAGACCAAATAACTCA-1,0.000085,0.000426,0.999489
AAGACTAACCCGTTGT-1,0.000237,0.631052,0.36871
AAGACTGCAAGCTACT-1,0.000017,0.902532,0.097451
AAGAGATGAATCGGTA-1,0.000081,0.613035,0.386883
AAGAGGATGTACGCGA-1,0.000035,0.899053,0.100912
AAGAGGCATGGATCGC-1,0.000087,0.756948,0.242965
AAGAGGCCCTTTGGAA-1,0.0001,0.386449,0.613451
AAGATGGCACCGGACC-1,0.000058,0.420128,0.579814
AAGATTGGCGGAACGT-1,0.000018,0.985729,0.014253
AAGCCGAAGCGGTTTA-1,0.000104,0.497435,0.502461
AAGCCGCCGTGAAATC-1,0.000039,0.048776,0.951185
AAGCCGCTTTACCTTG-1,0.0001,0.439619,0.560281
AAGCGGAGTGCGCGCA-1,0.000217,0.001089,0.998694
AAGCGGCGTCATGGGT-1,0.000473,0.553575,0.445951
AAGCGTCCCTCATCGA-1,0.000324,0.066477,0.933199
AAGGAGCGGTTGGTGC-1,0.000036,0.950518,0.049446
AAGGATCGATCGCTTG-1,0.000443,0.400312,0.599244
AAGGATGAGGGACCTC-1,0.000054,0.835193,0.164753
AAGGCAGGCTGTCTCC-1,0.000103,0.48555,0.514347
AAGGCGCGTAAAGCTT-1,0.000132,0.580011,0.419857
AAGGCTGTGCTCATCG-1,0.000117,0.758704,0.241179
AAGGGAACGACTGGCT-1,0.00004,0.054867,0.945093
AAGGGACAGATTCTGT-1,0.00003,0.829348,0.170622
AAGGGACTATGCATTC-1,0.000028,0.023942,0.976029
AAGGGTTTGATTTCAG-1,0.000382,0.001914,0.997703
AAGGTATCCTAATATA-1,0.000025,0.955627,0.044348
AAGGTGATAAACCAGC-1,0.000068,0.666067,0.333865
AAGTAAGCTTCCAAAC-1,0.000091,0.625673,0.374236
AAGTAGAAGACCGGGT-1,0.000072,0.52099,0.478938
AAGTAGTGACGCGAGG-1,0.000073,0.623876,0.37605
AAGTCAATTGTCGTCA-1,0.000198,0.619406,0.380396
AAGTCTAGTAGCTGCC-1,0.000521,0.291219,0.708261
AAGTCTTCTGTGGCCT-1,0.000225,0.001128,0.998647
AAGTGACGACCGAATT-1,0.000039,0.789988,0.209973
AAGTGCAAAGGTAGAC-1,0.000198,0.118363,0.881438
AAGTGCCTTGACTGTA-1,0.000021,0.999937,0.000042
AAGTGCGTTAGAATCT-1,0.000057,0.303848,0.696096
AAGTTCACTCCAAGCT-1,0.00085,0.85638,0.14277
AAGTTCAGTCTGCGTA-1,0.000052,0.794129,0.20582
AAGTTCGGCCAACAGG-1,0.000092,0.078764,0.921144
AAGTTGTGATGTTATA-1,0.000033,0.73064,0.269327
AATAACAACGCTCGGC-1,0.000006,0.999983,0.000012
AATAACACTAGAACAA-1,0.000166,0.000834,0.999
AATAATCTTCGTATCG-1,0.000131,0.385111,0.614758
AATACAATGTTTCAGG-1,0.000046,0.649003,0.350951
AATAGAACAGAGTGGC-1,0.00053,0.274364,0.725107
AATAGAATCTGTTTCA-1,0.000127,0.749875,0.249999
AATAGCAAGCCTCCTG-1,0.000431,0.002159,0.99741
AATAGCTACCGCGTGC-1,0.000047,0.749782,0.250171
AATAGTCGCGAGTCGG-1,0.000148,0.091587,0.908265
AATATCAAGGTCGGAT-1,0.000039,0.997325,0.002636
AATATCCTAGCAAACT-1,0.000058,0.213282,0.78666
AATATCGAATCAATGC-1,0.000152,0.256093,0.743755
AATATCGAGGGTTCTC-1,0.000571,0.664132,0.335297
AATATTGGAGTATTGA-1,0.000267,0.324105,0.675628
AATCAGACTGCAGGAC-1,0.000314,0.5125,0.487186
AATCATGTAAAGACTC-1,0.000026,0.999923,0.000051
AATCCAAGGGCCTGAG-1,0.000107,0.645339,0.354554
AATCCATGCAAGGGTG-1,0.000177,0.659518,0.340305
AATCGCCTCAGCGCCA-1,0.000127,0.665817,0.334056
AATCGCGCAGAGGACT-1,0.000329,0.146753,0.852918
AATCTAGGTTTACTTG-1,0.000173,0.000867,0.99896
AATCTATGCCGGAGCC-1,0.000267,0.838303,0.16143
AATCTCTACTGTGGTT-1,0.000058,0.324262,0.67568
AATCTGCGTTGGGACG-1,0.000208,0.787517,0.212275
AATCTGGCTTTCTAGT-1,0.000115,0.000576,0.999309
AATCTGGGTAGACCCT-1,0.000109,0.423849,0.576042
AATGACAGCAATGTCT-1,0.000116,0.202627,0.797257
AATGACTGTCAGCCGG-1,0.000055,0.705009,0.294935
AATGAGTTCGCATATG-1,0.000205,0.306492,0.693303
AATGATGATACGCTAT-1,0.000048,0.780237,0.219716
AATGATGCGACTCCTG-1,0.000196,0.922918,0.076886
AATGCACCAAGCAATG-1,0.000174,0.552492,0.447334
AATGGCCGCCAATGCG-1,0.000321,0.001606,0.998074
AATGGTCCACCGTTCA-1,0.000061,0.616405,0.383534
AATGGTTCTCACAAGC-1,0.000248,0.756702,0.24305
AATGTATGGCACTGTA-1,0.000212,0.001063,0.998725
AATGTGCCCGAGGTGT-1,0.000128,0.139376,0.860496
AATGTTGTCGTGAGAC-1,0.000066,0.401374,0.598561
AATTAAAGGTCGGCGT-1,0.000031,0.931038,0.068931
AATTACGAGACCCATC-1,0.000074,0.000372,0.999554
AATTACTCGTACGCTC-1,0.000096,0.452523,0.54738
AATTCATAAGGGATCT-1,0.000047,0.98117,0.018784
AATTCATTGTCATGCA-1,0.000124,0.000619,0.999258
AATTCCAACTTGGTGA-1,0.000162,0.540872,0.458966
AATTGAACGCTCTGGT-1,0.000436,0.864338,0.135226
AATTGCAGCAATCGAC-1,0.000045,0.780522,0.219433
AATTGCGTGGATTACA-1,0.00005,0.024249,0.975701
AATTTGGGACATAGTA-1,0.000065,0.652657,0.347278
ACAAACCATGCGTCCT-1,0.000219,0.001094,0.998687
ACAAAGAAGGTAGGCC-1,0.000087,0.095522,0.90439
ACAAAGCATGACCTAG-1,0.000156,0.520431,0.479412
ACAAATCGCACCGAAT-1,0.000035,0.961158,0.038807
ACAAATGGTAGTGTTT-1,0.000123,0.759601,0.240277
ACAAATTCAGATCTGA-1,0.000266,0.550471,0.449263
ACAACGGTCCCTGCGA-1,0.000071,0.742891,0.257038
ACAAGCAGTGCCTAGC-1,0.000112,0.211153,0.788735
ACAAGCTATATGGAAG-1,0.000315,0.001577,0.998108
ACAAGGACAAGAGGTT-1,0.000031,0.985922,0.014047
ACAAGGATGCTTTAGG-1,0.000339,0.2623,0.737361
ACAAGGCCTACCAGCC-1,0.000239,0.191055,0.808706
ACAATAGTCGTACGTT-1,0.000091,0.319905,0.680004
ACAATCCATTTAAACC-1,0.000054,0.487734,0.512213
ACAATGAATACGGAGA-1,0.000139,0.120476,0.879385
ACAATGATTCTTCTAC-1,0.000059,0.101941,0.898
ACAATTGTGTCTCTTT-1,0.000047,0.586618,0.413334
ACAATTTAGGAGGCTC-1,0.00006,0.384262,0.615679
ACAATTTGAGCAGTGG-1,0.000016,0.970833,0.02915
ACAATTTGGCCATATT-1,0.0003,0.174597,0.825102
ACACAAAGACGGGTGG-1,0.00005,0.70335,0.2966
ACACAAATATTCCTAG-1,0.000088,0.142461,0.85745
ACACACCAGGACCAGT-1,0.000228,0.644571,0.355201
ACACATGATCAAATCT-1,0.000075,0.000374,0.999551
ACACATTGACGCAACA-1,0.000098,0.385871,0.614032
ACACCACATAATTAGC-1,0.000122,0.745179,0.254699
ACACCCAGCATGCAGC-1,0.000027,0.859884,0.14009
ACACCCGAGAAATCCG-1,0.000136,0.373568,0.626296
ACACCCGTAAATCTGT-1,0.000216,0.024444,0.97534
ACACCGAGCGCTCTTT-1,0.000128,0.253105,0.746768
ACACCGGTCTGACCGC-1,0.000114,0.00057,0.999316
ACACCTTAAGTAGGGC-1,0.000107,0.542744,0.457149
ACACCTTACTACTTGC-1,0.000086,0.444116,0.555798
ACACGTAGGCCACAAG-1,0.000184,0.537756,0.46206
ACACTCCAATGTCACT-1,0.000113,0.397164,0.602723
ACACTGATCAAGGTGT-1,0.000087,0.509904,0.490009
ACACTGGGACAGTCGT-1,0.000571,0.415078,0.584351
ACAGAACTGAGAACAA-1,0.000195,0.000978,0.998826
ACAGCATAGAGCCAGT-1,0.000043,0.893711,0.106246
ACAGCGACATTCTCAT-1,0.000075,0.815261,0.184664
ACAGGCACGGATCCTT-1,0.000305,0.703049,0.296646
ACAGGCTTGCCCGACT-1,0.00006,0.810291,0.189649
ACAGGTGGAGGTGAGG-1,0.000083,0.000418,0.999499
ACAGGTGTGTTGTTGC-1,0.000257,0.001288,0.998455
ACAGTAATACAACTTG-1,0.000236,0.001183,0.99858
ACAGTATACCGTGGGA-1,0.000058,0.574185,0.425757
ACAGTGCAGCGCATTT-1,0.000394,0.413361,0.586245
ACATAAGTCGTGGTGA-1,0.000161,0.000806,0.999033
ACATCAGCTGGGACGC-1,0.000085,0.554233,0.445682
ACATCCTGGTAACTGT-1,0.000235,0.781616,0.21815
ACATCGATCGTTTACC-1,0.000103,0.761873,0.238025
ACATCGGTCAGCCGCG-1,0.000037,0.881013,0.11895
ACATCGTATGCAATGG-1,0.000187,0.526506,0.473308
ACATGGCGCCAAAGTA-1,0.000566,0.002833,0.996601
ACATGGCTCAATTTAG-1,0.001667,0.184538,0.813795
ACATTTGAAACCTAAC-1,0.000082,0.499233,0.500685
ACCAAACACCCAGCGA-1,0.000038,0.863966,0.135997
ACCAACACCACACACT-1,0.000031,0.793999,0.20597
ACCAACCGCACTCCAC-1,0.000601,0.360667,0.638732
ACCAACGCTTATTTAT-1,0.000107,0.516456,0.483437
ACCAAGAACGCGTGTC-1,0.000063,0.700386,0.299552
ACCAAGTCATCGGCAG-1,0.000069,0.386306,0.613625
ACCACAAGTTTCTATC-1,0.00001,0.976535,0.023455
ACCACCAATGTAACAA-1,0.000074,0.632181,0.367745
ACCACCCTCTCTTCTA-1,0.000321,0.471578,0.528102
ACCACTGTTCAAGAAG-1,0.000105,0.474463,0.525432
ACCAGACCATAACAAC-1,0.000063,0.173781,0.826156
ACCAGTGCCCGGTCAA-1,0.000128,0.166861,0.833012
ACCAGTGCGGGAGACG-1,0.000437,0.445643,0.55392
ACCATCCGCCAACTAG-1,0.000063,0.069834,0.930102
ACCATCGTATATGGTA-1,0.000143,0.74335,0.256507
ACCATTAAGGGTGTCA-1,0.00006,0.312599,0.687341
ACCCAACGCCCGTGGC-1,0.000023,0.898453,0.101524
ACCCACCTACATGCTC-1,0.000173,0.290263,0.709564
ACCCATCTTGAGGGTA-1,0.000069,0.766416,0.233515
ACCCATTTGTCCCTCT-1,0.000541,0.091185,0.908274
ACCCGAGCGAAATTAC-1,0.000047,0.07131,0.928643
ACCCGGAGCACCACAA-1,0.000083,0.387237,0.61268
ACCCGGATGACGCATC-1,0.000113,0.999661,0.000226
ACCCGGTTACACTTCC-1,0.000081,0.828596,0.171323
ACCCTATAGGACTGAG-1,0.00008,0.42322,0.5767
ACCCTATGCCATATCG-1,0.000456,0.002285,0.997259
ACCCTCCCGTCAGGGC-1,0.000032,0.908905,0.091063
ACCCTCCCTTGCTATT-1,0.000041,0.986738,0.01322
ACCCTGGTAACGCCCT-1,0.000178,0.657036,0.342785
ACCCTTGCCTGGGTCG-1,0.000414,0.195685,0.803901
ACCGAAAGGGCCCTGC-1,0.000075,0.755586,0.244339
ACCGAAGAGTCTGGTT-1,0.000185,0.000927,0.998887
ACCGATAGGCATAACC-1,0.000613,0.30775,0.691637
ACCGATATTTAATCAT-1,0.000219,0.422849,0.576932
ACCGATGGTAGCATCG-1,0.000082,0.611568,0.38835
ACCGCGGTGGAAGTCG-1,0.000075,0.554393,0.445532
ACCGGGCCTTTGTTGA-1,0.000199,0.827611,0.17219
ACCGGTCAGGTACACC-1,0.000041,0.000207,0.999752
ACCGGTCTGAGTACGG-1,0.000313,0.428681,0.571005
ACCGTCCACTGGGCCC-1,0.00008,0.000401,0.999519
ACCTAAGTACCTTTCA-1,0.000369,0.001847,0.997784
ACCTAATCGACTTCCT-1,0.000109,0.557952,0.441939
ACCTACAGTATGTGGT-1,0.00021,0.315131,0.684658
ACCTCCGCCCTCGCTG-1,0.000218,0.873192,0.12659
ACCTCCGTTATTCACC-1,0.000373,0.330157,0.66947
ACCTCGAACTTATGCT-1,0.000048,0.000243,0.999709
ACCTGCGTGTCATGTT-1,0.000098,0.00049,0.999412
ACGAAATGGGCGGCAC-1,0.000089,0.339147,0.660764
ACGACTCTAGGGCCGA-1,0.000179,0.396255,0.603566
ACGAGAACCCATCACG-1,0.000105,0.617472,0.382423
ACGAGGATACCACTCT-1,0.000126,0.000629,0.999245
ACGAGGTTTACAACGT-1,0.000076,0.067532,0.932392
ACGAGTACGGATGCCC-1,0.000962,0.287718,0.71132
ACGATACATAGAACTA-1,0.000015,0.995946,0.004039
ACGATACCTATCCTGA-1,0.00005,0.02548,0.97447
ACGATCATCTTGTAAA-1,0.000102,0.570264,0.429634
ACGATGCATATGTTAT-1,0.000057,0.514398,0.485545
ACGCAATCACTACAGC-1,0.000022,0.999934,0.000044
ACGCATAAATGACATG-1,0.000361,0.640866,0.358773
ACGCATACGTTTACTA-1,0.000148,0.61703,0.382821
ACGCATTCGTGAGTAC-1,0.00001,0.99997,0.00002
ACGCCAGTGCGTTTGC-1,0.000133,0.421863,0.578004
ACGCCGCTAGACGACC-1,0.000093,0.778267,0.22164
ACGCGCTACACAGGGT-1,0.00004,0.855841,0.14412
ACGCGGGCCAAGGACA-1,0.000008,0.998612,0.00138
ACGCGTTTCTTAAGAG-1,0.000079,0.000394,0.999528
ACGCTAGTATCAGTGC-1,0.000175,0.064789,0.935036
ACGCTAGTGATACACT-1,0.000178,0.679502,0.32032
ACGCTGTGAGGCGTAG-1,0.000316,0.001585,0.998099
ACGGAACACGAGTGCC-1,0.0001,0.422044,0.577856
ACGGAATTTAGCAAAT-1,0.000064,0.17512,0.824815
ACGGAGCGCAAATTAC-1,0.000063,0.820403,0.179535
ACGGCCAACATGGACT-1,0.000091,0.545718,0.45419
ACGGCGGGTTGCCCTG-1,0.000194,0.486271,0.513535
ACGGCTGGATGTAGAA-1,0.000126,0.016862,0.983012
ACGGGAGTGTCGGCCC-1,0.000226,0.00113,0.998644
ACGGGCGTATGCGACA-1,0.000068,0.79936,0.200572
ACGGGTCATGTGACTT-1,0.00003,0.912064,0.087906
ACGGTACAGTTCAATG-1,0.000096,0.68492,0.314984
ACGGTCACCGAGAACA-1,0.000134,0.338543,0.661323
ACGTAGATTGCTGATG-1,0.00003,0.872355,0.127615
ACGTATTACTCCGATC-1,0.000551,0.247257,0.752193
ACGTCTCGTTCCGGGA-1,0.000067,0.000336,0.999597
ACGTGACAAAGTAAGT-1,0.000072,0.075378,0.92455
ACGTTAATGTCGAAGA-1,0.000088,0.227645,0.772267
ACGTTAGATTTGCCCG-1,0.000092,0.83755,0.162359
ACGTTATTGGTCACTC-1,0.000592,0.204602,0.794806
ACGTTCCGCGCTCCGT-1,0.000046,0.848759,0.151194
ACGTTCGCAATCAATT-1,0.000279,0.434259,0.565462
ACGTTCTGTACAAGTC-1,0.000206,0.725321,0.274473
ACTAAGGACGCACACC-1,0.000076,0.242775,0.757149
ACTAATACGTCAGGCG-1,0.00019,0.77372,0.22609
ACTACATCCCGACAAG-1,0.000061,0.000303,0.999636
ACTACCAGCTCTCTGG-1,0.000128,0.428663,0.571209
ACTAGTTGCGATCGTC-1,0.000136,0.716118,0.283746
ACTATATGCTGTGTTC-1,0.000356,0.205751,0.793893
ACTATCCAGGGCATGG-1,0.000053,0.589757,0.41019
ACTATCGCCGGCTAAA-1,0.000048,0.000242,0.999709
ACTATCTGCCCGCGTA-1,0.000119,0.348362,0.651519
ACTATGTCCAGCTGCC-1,0.000038,0.000188,0.999774
ACTATTTCCGGGCCCA-1,0.000164,0.30944,0.690396
ACTCAACGAATGTATT-1,0.000227,0.36849,0.631284
ACTCAAGTGCAAGGCT-1,0.000912,0.598155,0.400933
ACTCAGACCTGCTTCT-1,0.00025,0.493252,0.506498
ACTCATGGCAGCCTTC-1,0.000114,0.062936,0.93695
ACTCCAATATCATCAT-1,0.000166,0.150775,0.849059
ACTCCCATTCCTAAAG-1,0.000087,0.000437,0.999476
ACTCCCGAATTCGTTT-1,0.000036,0.987519,0.012446
ACTCCCGTAGACTAGG-1,0.000492,0.349874,0.649634
ACTCCGGCCGACCACT-1,0.000123,0.516041,0.483836
ACTCGATGTATTTCAT-1,0.000162,0.152786,0.847052
ACTCGCGATCTGACGC-1,0.000219,0.012732,0.987048
ACTCGTAACCCGTCCT-1,0.000158,0.051823,0.948019
ACTCTAAACCTGGGAT-1,0.000061,0.2563,0.743639
ACTCTGACCTAATAGA-1,0.000138,0.513773,0.486089
ACTCTTCAGCTCCCGC-1,0.000112,0.40146,0.598428
ACTGAAACGCCGTTAG-1,0.000052,0.755968,0.24398
ACTGAATGGCGAAAGT-1,0.000037,0.962344,0.037619
ACTGCGGACACACCGT-1,0.000374,0.124874,0.874752
ACTGCTCGGAAGGATG-1,0.000133,0.000667,0.9992
ACTGGCGAACCTGCGT-1,0.000313,0.234286,0.765402
ACTGTACGATACACAT-1,0.000006,0.97475,0.025243
ACTGTAGCACTTTGGA-1,0.000023,0.945048,0.054928
ACTGTATACGCGAGCA-1,0.000061,0.67579,0.324149
ACTGTCCAGGATTATA-1,0.00003,0.939827,0.060143
ACTGTGCTAGTAGATC-1,0.000134,0.551204,0.448662
ACTTACCGGGCGCGCA-1,0.000058,0.722801,0.277141
ACTTAGTACGACAAGA-1,0.000556,0.166033,0.833411
ACTTATACTTACCCGG-1,0.000054,0.773168,0.226778
ACTTATCTGATCTATA-1,0.000548,0.499508,0.499944
ACTTATTTATGTGCCA-1,0.000047,0.653081,0.346871
ACTTCAGGCTGATCCC-1,0.000089,0.75157,0.248342
ACTTCCAGTGGAAGCT-1,0.000172,0.00086,0.998968
ACTTCCATGCGGGACA-1,0.000796,0.299075,0.700129
ACTTCCTGTCGTGCGA-1,0.000307,0.222801,0.776891
ACTTCGCCATACGCAC-1,0.000027,0.947622,0.052351
ACTTCGCTAGCGAGTG-1,0.00011,0.563947,0.435944
ACTTGGGACCCGGTGG-1,0.000031,0.995812,0.004157
ACTTGTAGTCCCTTCA-1,0.00013,0.111959,0.887911
ACTTGTGGATGGAACG-1,0.000049,0.720393,0.279558
ACTTTACCCTCATGAA-1,0.000168,0.488432,0.511401
ACTTTGACTGCATCCT-1,0.000056,0.111252,0.888693
ACTTTGGTCGTGCTCC-1,0.000111,0.078911,0.920978
ACTTTGTCGACGCACT-1,0.000355,0.492955,0.50669
AGAAATTATGACTCGC-1,0.001563,0.288066,0.710372
AGAACCCAGCGTGACA-1,0.00022,0.059777,0.940003
AGAACCCTCAATTGGG-1,0.000058,0.12778,0.872162
AGAACGTGGTACATTC-1,0.000062,0.742258,0.25768
AGAAGAGCGCCGTTCC-1,0.000592,0.998221,0.001187
AGAAGGTACACTTCAC-1,0.000183,0.000918,0.998899
AGAAGGTTGCCGAATT-1,0.000132,0.600768,0.3991
AGAAGTGATTCGTGAT-1,0.000102,0.108797,0.891101
AGAATAAATCTTCAGG-1,0.000061,0.256391,0.743548
AGAATGCGGGTTCGGA-1,0.000203,0.093721,0.906076
AGAATTATGGATTCGA-1,0.000104,0.771432,0.228464
AGAATTGTTTGACATA-1,0.000094,0.301351,0.698555
AGACAGCTCAGAATCC-1,0.000193,0.269438,0.730369
AGACAGGCATCTCAGC-1,0.000064,0.582181,0.417755
AGACATAGATCCTTCC-1,0.000049,0.743418,0.256533
AGACCAAACCACACCT-1,0.000074,0.010256,0.98967
AGACCATGGGATACAA-1,0.000044,0.716672,0.283284
AGACCCGCCCTCCTCG-1,0.00006,0.755314,0.244626
AGACCGCTCCGCGGTT-1,0.000252,0.370708,0.62904
AGACCGGGAAACCCTG-1,0.000113,0.539727,0.460161
AGACGAAGTGCCGGTC-1,0.000658,0.143282,0.85606
AGACGACGATGCCGCT-1,0.00011,0.034825,0.965065
AGACGCCCACTTCGCC-1,0.000139,0.11768,0.882181
AGACGGGCCGATTTAA-1,0.000125,0.264436,0.73544
AGACTAGCCTTCCAGA-1,0.000028,0.999917,0.000056
AGAGAACCGTCTAGGA-1,0.000014,0.90672,0.093265
AGAGAAGGAGTACAAT-1,0.000258,0.001291,0.998451
AGAGATCTCTAAAGCG-1,0.000043,0.328027,0.67193
AGAGCAGTTATGAGAC-1,0.000539,0.226538,0.772923
AGAGCCGCCGAGATTT-1,0.000316,0.488781,0.510903
AGAGCGCTTGTAACGG-1,0.000156,0.154991,0.844853
AGAGCGTACAAGCTCG-1,0.000059,0.728813,0.271128
AGAGCTACGAAAGCAT-1,0.000321,0.599495,0.400184
AGAGGCTTCGGAAACC-1,0.000036,0.554762,0.445202
AGAGGGACAATTGTCC-1,0.000215,0.15902,0.840766
AGAGTAAACTTCACTA-1,0.000319,0.483818,0.515863
AGAGTATAGTGTTACG-1,0.000265,0.43151,0.568225
AGAGTGAACAGACACC-1,0.000161,0.000809,0.99903
AGAGTTAGAGACCGAT-1,0.000668,0.334995,0.664336
AGAGTTGCAGGCCTCC-1,0.000239,0.001197,0.998564
AGATAACTTCAGGGCC-1,0.000018,0.966738,0.033244
AGATACCAATAGAACC-1,0.000021,0.712312,0.287667
AGATACCAGCACTTCA-1,0.000134,0.067057,0.932809
AGATACCGGTGTTCAC-1,0.000076,0.586314,0.413609
AGATACGACTTCATAT-1,0.000087,0.795767,0.204147
AGATACTCAAGATCGA-1,0.000048,0.999855,0.000097
AGATCGTGCATAAGAT-1,0.000049,0.811216,0.188736
AGATCTCAGGTGTGAT-1,0.000028,0.892301,0.107671
AGATGACTCGCCCACG-1,0.000086,0.724914,0.275
AGATGAGGGTTGCGAT-1,0.000234,0.796818,0.202948
AGATGATGGAGTCTGG-1,0.000954,0.285693,0.713353
AGATGCAAGACGTGCA-1,0.00021,0.001054,0.998736
AGATGCATCCTGTGTC-1,0.000132,0.374438,0.62543
AGATGCTATAACGAGC-1,0.000203,0.228574,0.771223
AGATTATAGGACGTTT-1,0.000085,0.712644,0.287272
AGATTCAAGCGGGTCG-1,0.000187,0.156747,0.843065
AGATTCACAACCGATA-1,0.000065,0.096557,0.903378
AGCAACATATCTTATT-1,0.000054,0.691842,0.308104
AGCAACCGAAAGTAAT-1,0.000146,0.00073,0.999125
AGCACTACCGGCCTGT-1,0.000069,0.356922,0.643009
AGCACTTAAGGACGCC-1,0.000074,0.243111,0.756815
AGCATATCAATATGCT-1,0.00006,0.796274,0.203667
AGCATCATTTCGAAAG-1,0.00012,0.065495,0.934385
AGCATCGTCGATAATT-1,0.000062,0.821325,0.178613
AGCATTACGAGGCAAG-1,0.000405,0.256538,0.743057
AGCCACAGGTTACCCG-1,0.000103,0.562104,0.437792
AGCCACTCCCGTGCTT-1,0.000026,0.963217,0.036756
AGCCCATACATGTAAG-1,0.000076,0.689035,0.310889
AGCCCGGCATTAGAGG-1,0.000051,0.098775,0.901174
AGCCCTGTCGCACCGT-1,0.000058,0.862785,0.137157
AGCCCTTCTAATCCGA-1,0.000059,0.843476,0.156465
AGCCCTTGGACATCCC-1,0.002232,0.371047,0.626721
AGCCGCAAATTCAAAT-1,0.000031,0.178407,0.821562
AGCCGCTTGATTAGCG-1,0.000099,0.473262,0.526638
AGCCGTGGCTAAATGT-1,0.000107,0.037253,0.96264
AGCCTAATACCCACGT-1,0.000103,0.000515,0.999382
AGCCTTAAAGCGGAAG-1,0.000278,0.059385,0.940336
AGCGACAGGAACGGTC-1,0.000182,0.009843,0.989975
AGCGACCAACGATATT-1,0.000019,0.998938,0.001043
AGCGAGACGTGAAGGC-1,0.00013,0.295088,0.704782
AGCGATGCGCCTAATA-1,0.000153,0.643812,0.356035
AGCGCGGGTGCCAATG-1,0.000083,0.842884,0.157033
AGCGCTAGAGCGATGT-1,0.00031,0.024423,0.975267
AGCGCTTATGGGCAAG-1,0.000333,0.333369,0.666298
AGCGGCGGTTAGCGGT-1,0.000146,0.00073,0.999125
AGCGGGAAGGGTCCAT-1,0.000007,0.992842,0.007151
AGCGGTTGCCGCTCTG-1,0.000116,0.665099,0.334785
AGCGTACGAGAGCTAG-1,0.00023,0.192408,0.807362
AGCGTAGCGCTAGACC-1,0.00022,0.362141,0.63764
AGCGTCTGAACCCGCA-1,0.000158,0.732408,0.267434
AGCTAACAAGCAATGT-1,0.00008,0.429336,0.570583
AGCTAAGTACGCAGGC-1,0.000103,0.434372,0.565525
AGCTAGAAGCAGAAGT-1,0.000177,0.791699,0.208124
AGCTCCATATATGTTC-1,0.000142,0.508862,0.490997
AGCTCCTTCGCACATC-1,0.000065,0.914551,0.085384
AGCTCGTTGATGGAAA-1,0.000229,0.001147,0.998624
AGCTCTTCCCAGTGCA-1,0.000049,0.860758,0.139193
AGCTCTTCGTAACCTT-1,0.000185,0.812664,0.187151
AGCTCTTTACTCAGTT-1,0.000066,0.803922,0.196012
AGCTGAAGTAAACCAA-1,0.000013,0.90618,0.093807
AGCTGCTGTGCCGAAT-1,0.000287,0.136471,0.863243
AGCTGTAACCTCAATC-1,0.000101,0.000505,0.999395
AGCTTATAGAGACCTG-1,0.000168,0.665138,0.334694
AGCTTCTTCTCGAGCA-1,0.000144,0.364827,0.635029
AGCTTGATCTTAACTT-1,0.000051,0.617902,0.382047
AGGAAAGCCTCTGATG-1,0.000211,0.475305,0.524484
AGGACAGTCGAATCCC-1,0.000072,0.777553,0.222376
AGGACATCGCACGTCG-1,0.000127,0.517835,0.482038
AGGACGACCCATTAGA-1,0.000126,0.633095,0.366779
AGGACGCTCGATGTTG-1,0.000635,0.466272,0.533093
AGGACTTATAGGAGAA-1,0.000047,0.534741,0.465212
AGGAGACATCCACAGT-1,0.000092,0.522456,0.477452
AGGAGAGTCTGGCTAC-1,0.000224,0.374046,0.62573
AGGAGGCCTTCGCGCG-1,0.000088,0.577901,0.422011
AGGATATAGGGATTTA-1,0.000123,0.479343,0.520534
AGGATATCCGACTGCA-1,0.0001,0.723132,0.276768
AGGATCACGCGATCTG-1,0.000234,0.00117,0.998596
AGGATTGCTTACGACA-1,0.000053,0.914132,0.085814
AGGCAAAGAGGAATCA-1,0.000143,0.695935,0.303922
AGGCACGTGACTGTCC-1,0.000059,0.533284,0.466657
AGGCAGATGCGTAAAC-1,0.000007,0.99967,0.000324
AGGCATTGTCGTAGGG-1,0.000317,0.49937,0.500313
AGGCCACATTGGTTAC-1,0.000225,0.31795,0.681825
AGGCCACCCGTTATGA-1,0.000076,0.615603,0.384321
AGGCCCAGTGACTGGT-1,0.002016,0.517042,0.480942
AGGCCCTAGAACGCCA-1,0.000159,0.086901,0.912939
AGGCCTGAGAATCTCG-1,0.000415,0.273428,0.726156
AGGCGATAACTGGCGT-1,0.000137,0.148882,0.85098
AGGCGGTTTGTCCCGC-1,0.000341,0.001706,0.997954
AGGCGTCTATGGACGG-1,0.000079,0.547153,0.452767
AGGCTATGGTTAGCTT-1,0.000072,0.874911,0.125016
AGGCTTCCCGAAGAAG-1,0.000115,0.170273,0.829612
AGGCTTGCTAGACACC-1,0.000125,0.127685,0.87219
AGGGAAACGAGGTACT-1,0.000055,0.923414,0.076531
AGGGACAGCACGGCGG-1,0.000731,0.166521,0.832748
AGGGACCGGCTGCGTT-1,0.000041,0.741211,0.258748
AGGGACTCTACGCGAC-1,0.000171,0.557789,0.44204
AGGGAGACATACTTCG-1,0.000153,0.157315,0.842532
AGGGCGAGCAGCTGAT-1,0.000049,0.651271,0.348679
AGGGCGTGATCGGCTA-1,0.000074,0.662079,0.337847
AGGGCTGCAGTTACAG-1,0.000016,0.956586,0.043398
AGGGTCAGTAACCCTA-1,0.000158,0.798305,0.201536
AGGGTCGATGCGAACT-1,0.001116,0.005589,0.993295
AGGGTGCTCTCGAGGG-1,0.00013,0.834155,0.165715
AGGGTGGATAGTGCAT-1,0.000036,0.949234,0.050729
AGGGTGTGCTACACGC-1,0.000112,0.09323,0.906659
AGGGTTCCCTTTGGTT-1,0.000046,0.934692,0.065262
AGGGTTTAGTTCGGGA-1,0.000005,0.999986,0.000009
AGGTAACCTCCTATTC-1,0.000217,0.684423,0.31536
AGGTAGGTACAAAGCT-1,0.000052,0.486086,0.513862
AGGTATAATTGATAGT-1,0.000074,0.514838,0.485088
AGGTATGCGGACATTA-1,0.0005,0.228115,0.771385
AGGTCAGGTGAGAGTG-1,0.000205,0.001025,0.998771
AGGTCGCCACTTCGGT-1,0.000114,0.599272,0.400614
AGGTCGCCTCCCAACA-1,0.000121,0.402724,0.597156
AGGTCGCGGAGTTACT-1,0.000144,0.943413,0.056443
AGGTGCACGTCCACAT-1,0.000406,0.455316,0.544278
AGGTGTATCGCCATGA-1,0.000026,0.803016,0.196958
AGGTTACACCATGCCG-1,0.000494,0.002474,0.997031
AGGTTCTCCTTTCCGG-1,0.000247,0.001237,0.998516
AGGTTTCACACACCTT-1,0.000106,0.615121,0.384773
AGTAATTTGCAAGCGT-1,0.000166,0.036003,0.963831
AGTACATCATTTATCA-1,0.000115,0.687567,0.312317
AGTACCTTCGAGTGCT-1,0.000131,0.000658,0.99921
AGTACGGCCCGTATCG-1,0.000086,0.000431,0.999483
AGTACGGGCACCTGGC-1,0.000006,0.999981,0.000013
AGTACTCTTATGCCCA-1,0.000828,0.44481,0.554362
AGTAGCTAGACGCCGA-1,0.000213,0.223659,0.776128
AGTAGGAAGGAAGTTG-1,0.000147,0.629085,0.370768
AGTAGGTAACATACAT-1,0.000052,0.880604,0.119343
AGTATAATACTAGGCA-1,0.000049,0.544215,0.455736
AGTATCCATAATAACG-1,0.000188,0.237266,0.762546
AGTATGCTGGAGACCA-1,0.000119,0.000595,0.999286
AGTCAACACCACCATC-1,0.000083,0.694612,0.305306
AGTCAAGATGACACTT-1,0.000123,0.824122,0.175755
AGTCACTAGCTCTCGA-1,0.000351,0.627618,0.372031
AGTCACTCCGCCTCAT-1,0.000036,0.951078,0.048886
AGTCAGCCACCGCCTG-1,0.000038,0.778628,0.221334
AGTCCAGCGGGTACGT-1,0.000273,0.34694,0.652787
AGTCCATTGGCTGATG-1,0.00032,0.573144,0.426536
AGTCCCGCCTTTAATT-1,0.000101,0.808138,0.191761
AGTCCCTCGCAGAAAG-1,0.000142,0.59526,0.404597
AGTCGACGGTCTCAAG-1,0.000065,0.743382,0.256553
AGTCGGCCCAAACGAC-1,0.000267,0.569679,0.430055
AGTCGGCTCAACTTTA-1,0.000333,0.00167,0.997997
AGTCGGTTGCGTGAGA-1,0.000345,0.00173,0.997925
AGTCGTCGACCACCAA-1,0.000057,0.636482,0.363461
AGTCGTGGGCATTACG-1,0.000185,0.000926,0.998889
AGTCTAAAGTATACTC-1,0.000281,0.446689,0.55303
AGTCTCACAAGACTAC-1,0.000189,0.066775,0.933035
AGTCTGGACATCCTTG-1,0.00029,0.169316,0.830394
AGTGAACAAACTTCTC-1,0.00005,0.841145,0.158805
AGTGAAGATGGTGTCC-1,0.00032,0.457025,0.542655
AGTGACCTACTTTACG-1,0.000074,0.610213,0.389713
AGTGAGACTTCCAGTA-1,0.000016,0.965369,0.034615
AGTGAGCCTCGCCGCC-1,0.000694,0.476945,0.522361
AGTGAGGGTTTCTGAC-1,0.000047,0.838591,0.161362
AGTGAGTCGAATTAAC-1,0.000053,0.483464,0.516483
AGTGATAACCTGCGCG-1,0.000111,0.833717,0.166172
AGTGATATGAGTAGTT-1,0.000085,0.809884,0.190032
AGTGATTCAAGCAGGA-1,0.000087,0.722182,0.277731
AGTGCACGCTTAAGAA-1,0.000038,0.923163,0.076799
AGTGCGTAGCTCGTAA-1,0.000114,0.462919,0.536966
AGTGCTAAACACAGCA-1,0.000112,0.888622,0.111266
AGTGCTTGCACGAATA-1,0.000208,0.594018,0.405774
AGTGGCGGCAATTTGA-1,0.00004,0.869736,0.130224
AGTGGCGTCTGAAGGT-1,0.000475,0.724841,0.274684
AGTGGCTCCGTCGGCC-1,0.000123,0.10824,0.891638
AGTGGTGTTACCCGTG-1,0.000193,0.000965,0.998843
AGTGGTTGCGTATAGG-1,0.000081,0.000405,0.999514
AGTGTATTGCGCATTG-1,0.00006,0.745435,0.254505
AGTGTGCTAAGATCGC-1,0.000211,0.333723,0.666066
AGTGTGGTCTATTGTG-1,0.000106,0.243288,0.756606
AGTTAAACACTTGCGA-1,0.000092,0.613204,0.386705
AGTTAAGCGGTCCCGG-1,0.000115,0.521315,0.47857
AGTTAAGTCAACCGCT-1,0.000125,0.125627,0.874248
AGTTACCCTTAAGACT-1,0.000092,0.108663,0.891245
AGTTACCGCACATGGT-1,0.000299,0.155081,0.84462
AGTTACTCTATCGTGG-1,0.000053,0.869708,0.13024
AGTTCACCGGTTGGAC-1,0.000092,0.733721,0.266186
AGTTCCTACAGAATTA-1,0.000043,0.882875,0.117082
AGTTCCTATTTATGTT-1,0.000086,0.653038,0.346876
AGTTCTGCGTTGTATC-1,0.000651,0.300537,0.698812
AGTTGACATCGGCTGG-1,0.000025,0.911504,0.088471
AGTTGCGGTCCTCAAC-1,0.000197,0.356983,0.642819
AGTTGCTGACTGATAT-1,0.000129,0.255119,0.744752
AGTTGGCAAGGCTAGA-1,0.003676,0.988955,0.007369
AGTTTATGTAAAGACA-1,0.000079,0.520735,0.479186
AGTTTGGCACGGGTTG-1,0.000069,0.553722,0.446209
AGTTTGGCCAGACCTA-1,0.000136,0.00068,0.999184
ATAAACCATTGGACGG-1,0.000021,0.724632,0.275347
ATAAACGTTGCACCAC-1,0.000579,0.181568,0.817854
ATAAAGGCTCGGTCGT-1,0.000057,0.935612,0.064331
ATAAATATTAGCAGCT-1,0.000044,0.479672,0.520283
ATAACGCCGGAGGGTC-1,0.000079,0.817641,0.18228
ATAACGGAGTCCAACG-1,0.000033,0.955081,0.044887
ATAACGTTACCTCCAC-1,0.000229,0.036202,0.96357
ATAAGCAAACACCGAG-1,0.000171,0.000854,0.998975
ATAAGTACCCGATTGT-1,0.000186,0.06756,0.932254
ATAAGTAGGATTCAGA-1,0.000406,0.653978,0.345616
ATAAGTAGGGCGACTC-1,0.000139,0.645427,0.354434
ATAAGTTACCGCGACG-1,0.000052,0.970664,0.029284
ATAATACCGTTAGCCG-1,0.000153,0.000768,0.999078
ATAATAGTGTAGGGAC-1,0.00005,0.69985,0.3001
ATACCACGGGCAACTT-1,0.000018,0.91075,0.089232
ATACCAGGCTAATAGA-1,0.00003,0.921262,0.078708
ATACCCTGGCTCAAAT-1,0.000534,0.690591,0.308874
ATACCGTCATCCATAA-1,0.000123,0.580424,0.419453
ATACGAAGGCTTTCCA-1,0.000387,0.337949,0.661664
ATACGACAGATGGGTA-1,0.000085,0.213073,0.786842
ATACGCCGATCTACCG-1,0.000187,0.525837,0.473976
ATACGGAACGTCGTTT-1,0.000058,0.00029,0.999653
ATACGGGTTTCGATTG-1,0.000065,0.902348,0.097587
ATACGGTGAAGATGCA-1,0.000651,0.288339,0.71101
ATACGTCCACTCCTGT-1,0.000245,0.911387,0.088368
ATACTACCCGTACCAC-1,0.000262,0.36679,0.632949
ATACTCTCGCCACTCT-1,0.000032,0.941863,0.058105
ATACTGCCTTACACCG-1,0.000116,0.630261,0.369624
ATACTTGTTCTCGAGC-1,0.000109,0.000545,0.999346
ATAGACAACGGGACCT-1,0.000045,0.8643,0.135655
ATAGACGAAGAGAAAG-1,0.000012,0.959155,0.040833
ATAGAGTACTGGGACA-1,0.000035,0.715825,0.28414
ATAGAGTTATCAACTT-1,0.00001,0.999971,0.000019
ATAGCAACTAGGGAAG-1,0.000291,0.670821,0.328889
ATAGCCTCAGTACCCA-1,0.000118,0.716818,0.283064
ATAGCTGCTCTTGTTA-1,0.000099,0.476089,0.523812
ATAGGAATCTAAGCTT-1,0.000116,0.74036,0.259524
ATAGGCGGCTATAGAA-1,0.000053,0.499451,0.500496
ATAGGCTAGCTTCGCA-1,0.000012,0.999965,0.000023
ATAGTTCCACCCACTC-1,0.000046,0.721601,0.278353
ATATAACACGGGCGCA-1,0.000034,0.933283,0.066683
ATATACATGTATGGTA-1,0.000089,0.140516,0.859395
ATATACGCTCGTGACG-1,0.000133,0.540736,0.459131
ATATAGAGTATTGGTC-1,0.000093,0.022993,0.976913
ATATCAACCTACAGAG-1,0.0002,0.435043,0.564757
ATATCAATTCCAGCCT-1,0.000234,0.00117,0.998596
ATATCGGTAGGGAGAT-1,0.00011,0.845999,0.153891
ATATCGTTCCTCGAAC-1,0.000165,0.772007,0.227828
ATATCTCCCTCGTTAA-1,0.000033,0.841822,0.158145
ATATCTTAGGGCCTTC-1,0.000114,0.882058,0.117829
ATATGTCTCCCTAGCC-1,0.000081,0.730099,0.26982
ATATGTGCACAAACCA-1,0.000195,0.149849,0.849956
ATATTATCCCGTATTT-1,0.000064,0.43591,0.564026
ATATTCAGTTAAACCT-1,0.000071,0.740282,0.259647
ATATTCCCACAGGTCA-1,0.000061,0.780974,0.218964
ATATTGCTGTCAAAGT-1,0.000076,0.424007,0.575916
ATATTGGAGAGGCCTT-1,0.000109,0.392916,0.606975
ATATTTAACCCTCAAG-1,0.000008,0.999975,0.000017
ATCAAACACTGTTCCA-1,0.000342,0.186879,0.812778
ATCAAACGAAGGTTTG-1,0.000227,0.197027,0.802746
ATCAATCTGGGCTGCA-1,0.000011,0.994845,0.005144
ATCAATGCCGTGGCTG-1,0.000157,0.000787,0.999055
ATCACATTAGAATATC-1,0.000062,0.639949,0.359989
ATCACGTGCTAATTAA-1,0.00004,0.806291,0.193669
ATCAGACGGCACGCCG-1,0.000177,0.630842,0.368981
ATCAGCCTCATGCTGC-1,0.001488,0.474,0.524512
ATCAGCTCGTCCACTA-1,0.000056,0.000283,0.999661
ATCAGGTAGCTGACAG-1,0.000105,0.246347,0.753547
ATCAGGTCGCCATTGC-1,0.000251,0.834962,0.164787
ATCAGTAGGCAGGGAT-1,0.000015,0.968381,0.031604
ATCATAGCCCTATGTA-1,0.000241,0.527537,0.472222
ATCATCCAATATTTGT-1,0.000058,0.755851,0.244091
ATCATGGACTACCGAC-1,0.000047,0.625085,0.374869
ATCATTGTACCGCATT-1,0.000087,0.051467,0.948446
ATCCAACGCAGTCATA-1,0.000083,0.653854,0.346064
ATCCAATGGAGGGTCC-1,0.000143,0.497535,0.502322
ATCCAATGGTACCGAA-1,0.000033,0.04603,0.953938
ATCCACTTTCAGACTA-1,0.000243,0.314886,0.684871
ATCCAGAGCAACAACC-1,0.000068,0.842565,0.157367
ATCCAGGATTCGTGAA-1,0.000075,0.910103,0.089822
ATCCCATCCACAGCGC-1,0.000068,0.000339,0.999593
ATCCTACCTAAGCTCT-1,0.000068,0.608502,0.391429
ATCCTGAATCGCTGCG-1,0.000065,0.679913,0.320022
ATCCTGCGTGGAATGG-1,0.000196,0.40057,0.599235
ATCCTGCTGCAGATAG-1,0.000201,0.651701,0.348098
ATCCTTCTGAAAGAAC-1,0.000168,0.186891,0.812941
ATCGCACGATTGTTCA-1,0.001437,0.295076,0.703487
ATCGCACGCCGGGAGA-1,0.000052,0.731036,0.268912
ATCGCCAGTCAACATT-1,0.000057,0.57223,0.427712
ATCGCTGCGTGCAGCA-1,0.000044,0.724641,0.275315
ATCGCTTTACGTCTCA-1,0.00019,0.212947,0.786863
ATCGGCAAGCAGTCCA-1,0.000244,0.732884,0.266871
ATCGGTTACCTAGTAA-1,0.000121,0.187156,0.812723
ATCGTATTCCGAGAAC-1,0.000083,0.028397,0.97152
ATCGTCCAATCGAGTC-1,0.001157,0.406351,0.592492
ATCGTGGAAAGTCTGG-1,0.000108,0.000542,0.999349
ATCGTTAGCTAGCGGA-1,0.000074,0.576145,0.423781
ATCGTTCACTTTCGCC-1,0.000114,0.780222,0.219664
ATCTAACGTCCCTATG-1,0.000357,0.129971,0.869672
ATCTACCATCTGCTCC-1,0.000256,0.36483,0.634914
ATCTCCCACGGAATAT-1,0.00025,0.354948,0.644802
ATCTCGTGAGCGAAAC-1,0.000146,0.113169,0.886685
ATCTGATAGTGTCTTA-1,0.000334,0.087722,0.911944
ATCTGCACCTCTGCGA-1,0.000135,0.999594,0.000271
ATCTGGTTAAGACTGT-1,0.000015,0.994461,0.005524
ATCTTAGGGCATTAAT-1,0.000052,0.000262,0.999686
ATCTTATCGCACACCC-1,0.000059,0.720172,0.279769
ATCTTGACCTGCAACG-1,0.000088,0.668197,0.331715
ATCTTGACTTGTCCAA-1,0.000137,0.540573,0.45929
ATCTTTCGTATAACCA-1,0.000131,0.559732,0.440137
ATGAAGCCAAGGAGCC-1,0.000056,0.848019,0.151925
ATGAAGTGGACCCAGC-1,0.000095,0.000478,0.999426
ATGACGCGTTCTATCC-1,0.000222,0.085361,0.914417
ATGACTATGCGACATT-1,0.000046,0.794214,0.20574
ATGAGGAGTGTTAATC-1,0.000033,0.767252,0.232714
ATGAGGGCAGCGGCTA-1,0.000049,0.560387,0.439564
ATGATGCAATGGTACA-1,0.000077,0.65949,0.340433
ATGCACCTTCCTTAAT-1,0.0003,0.067475,0.932226
ATGCACGCGCTGTTCA-1,0.00005,0.02665,0.9733
ATGCACTACCGCATTG-1,0.000026,0.953448,0.046526
ATGCCAATCGCTCTGC-1,0.000051,0.76681,0.23314
ATGCCATTTGCGACCA-1,0.00006,0.662823,0.337117
ATGCCGGTCTTGCATA-1,0.000062,0.841914,0.158024
ATGCCGGTTGATGGGA-1,0.000051,0.622225,0.377724
ATGCGACAATTGGTCC-1,0.000197,0.163197,0.836605
ATGCGAGTCCCACCAC-1,0.000071,0.628747,0.371182
ATGCTCAGTGTTGCAT-1,0.000094,0.442357,0.557549
ATGCTTAGGAGTTGAT-1,0.00005,0.527976,0.471974
ATGGAAATTTAAGGAG-1,0.000136,0.235644,0.76422
ATGGAACAGAATAAAC-1,0.000057,0.182562,0.817381
ATGGAACCTTTGCACA-1,0.000086,0.349752,0.650162
ATGGAGCAGGCCGTGA-1,0.000003,0.999143,0.000854
ATGGATCCGGCGTCCG-1,0.000019,0.989265,0.010716
ATGGCAGCATTACGAT-1,0.000124,0.059358,0.940519
ATGGCAGCCGAGAAAC-1,0.000083,0.000416,0.999501
ATGGCGGAATAGTCGC-1,0.000079,0.404176,0.595744
ATGGCTGGAAATGGCC-1,0.000214,0.753658,0.246128
ATGGGACCTGCTGAAC-1,0.000224,0.045775,0.954001
ATGGGCCTCGGCCTCT-1,0.000073,0.669559,0.330368
ATGGGTGTATACCTCC-1,0.000131,0.088355,0.911514
ATGGTATTTACTGATT-1,0.000141,0.025519,0.974339
ATGGTCGCGTGGTTTC-1,0.000215,0.734004,0.265781
ATGGTTACGAAACATG-1,0.000209,0.001045,0.998746
ATGTAAGGCTGCTCTT-1,0.000587,0.331123,0.66829
ATGTACATGCGGTGAG-1,0.000027,0.611376,0.388597
ATGTCATTTCCCATTG-1,0.000171,0.244526,0.755303
ATGTGAAAGCCTAATG-1,0.00005,0.087067,0.912883
ATGTTACGAGCAATAC-1,0.0001,0.118388,0.881512
ATGTTCCTGCCCACCT-1,0.000026,0.781457,0.218517
ATGTTCGTCGACCCAC-1,0.000364,0.191213,0.808423
ATGTTGATTAGAGACT-1,0.000306,0.396043,0.603651
ATGTTTCGGCCCGGAG-1,0.000313,0.001856,0.997831
ATGTTTGTAAGATCAT-1,0.00008,0.407923,0.591996
ATTAACACCTGAGATA-1,0.000097,0.000488,0.999415
ATTAATGAACCAGTCG-1,0.000005,0.999985,0.00001
ATTACAACTACCGGCC-1,0.000108,0.890717,0.109175
ATTACATGTCAGTCTT-1,0.000164,0.410825,0.589011
ATTACCACACTGCCTG-1,0.000111,0.261493,0.738396
ATTACGACTCCACAGT-1,0.000207,0.061643,0.93815
ATTACGCGCTGGCAGG-1,0.000057,0.725511,0.274432
ATTACTAGCCTCTTGC-1,0.000073,0.694312,0.305615
ATTACTTACTGGGCAT-1,0.000268,0.734303,0.26543
ATTAGATTCCTCAGCA-1,0.000023,0.999931,0.000046
ATTAGATTGATAGCGG-1,0.000094,0.815558,0.184348
ATTATACTTTGCTCGT-1,0.000092,0.701546,0.298362
ATTATAGCTACTTTAC-1,0.000163,0.905117,0.09472
ATTATGAGACCCAATT-1,0.000048,0.396515,0.603438
ATTATGCCATAGGGAG-1,0.000067,0.87087,0.129064
ATTATGCTCAGTATTG-1,0.000105,0.201196,0.798699
ATTATTATGTCCGTCA-1,0.000171,0.163728,0.8361
ATTATTCAGAGTCACT-1,0.000172,0.876088,0.123739
ATTCAAAGTACCTGTT-1,0.000249,0.544842,0.454909
ATTCAACCATTTAAGG-1,0.000123,0.575465,0.424412
ATTCAGATGAATCCCT-1,0.000687,0.280224,0.719089
ATTCAGGACCTATTTC-1,0.000063,0.836351,0.163586
ATTCAGTAGCAGGGTC-1,0.000178,0.470561,0.529261
ATTCATCGTTGAGGCA-1,0.000166,0.369247,0.630587
ATTCCCACATAAACAA-1,0.000159,0.220506,0.779335
ATTCCCGAAGGTACAG-1,0.000092,0.00046,0.999448
ATTCCTAAGACGTGGA-1,0.00009,0.836575,0.163334
ATTCCTCCGCCAGTGC-1,0.000175,0.000874,0.998951
ATTCCTTCCAGGCGGT-1,0.000173,0.000866,0.998961
ATTCGACGCCGGGCCT-1,0.000049,0.40906,0.590891
ATTCGCAGAGGACACT-1,0.000202,0.028402,0.971396
ATTCGCGCCTTGAGAG-1,0.000066,0.648207,0.351727
ATTCGTGCTATCTCTT-1,0.000067,0.999798,0.000135
ATTCTCGTCTCTTTAG-1,0.000074,0.782069,0.217856
ATTCTTCGTACTTATG-1,0.0001,0.9997,0.0002
ATTGAAGATCTTAGTG-1,0.000061,0.948646,0.051293
ATTGACCGGCGATGAC-1,0.000174,0.877359,0.122467
ATTGATAGCAACGAGA-1,0.000236,0.323252,0.676512
ATTGATCACCACATTT-1,0.000206,0.052026,0.947768
ATTGATGAGTCCTAAC-1,0.000364,0.647699,0.351937
ATTGCGATCAGTAACT-1,0.000082,0.655952,0.343966
ATTGCTGCTCCTCCAT-1,0.000059,0.769571,0.23037
ATTGGATTACAGCGTA-1,0.000046,0.530042,0.469912
ATTGGGAATATCTTGG-1,0.000045,0.929117,0.070838
ATTGGGAGTTCTGTAA-1,0.000352,0.103988,0.89566
ATTGGTAGGATCCGCT-1,0.00021,0.001054,0.998735
ATTGTACAACTCGGCT-1,0.000744,0.418471,0.580785
ATTGTCGCAATACCTT-1,0.000041,0.787059,0.2129
ATTGTGACTTCGCTGC-1,0.000116,0.426561,0.573322
ATTGTTCAACGATCCG-1,0.000042,0.943135,0.056823
ATTTAACTCGTATTAC-1,0.000022,0.999933,0.000044
ATTTACAGTTTACTGG-1,0.000162,0.503895,0.495943
ATTTACTAAGTCCATT-1,0.00034,0.528724,0.470936
ATTTCATTATTTCGCG-1,0.000146,0.641596,0.358258
ATTTCCGGGTTCTGCG-1,0.000332,0.001665,0.998002
ATTTGCGCGAGTAGCT-1,0.000072,0.003767,0.996161
ATTTGGAGATTGCGGT-1,0.000251,0.001257,0.998492
ATTTGTCTTGGGAGCT-1,0.000095,0.742014,0.257891
CAAACCAGGTCTGCAT-1,0.000074,0.176855,0.823071
CAAACGAGTATCGCAG-1,0.000051,0.672514,0.327435
CAAACGGTCGCACTTT-1,0.000076,0.502224,0.4977
CAAACTACGATAGAGA-1,0.000049,0.710717,0.289235
CAAACTCGCGACGCCG-1,0.000177,0.404322,0.595501
CAAAGATTATTGGGCC-1,0.000102,0.00051,0.999388
CAAAGGTCATCTGAAA-1,0.000108,0.10148,0.898411
CAAAGGTTAAATTCAG-1,0.000127,0.116421,0.883452
CAAAGTCAGGTTAGCT-1,0.000154,0.351068,0.648779
