Barcode,Topic 1,Topic 2to4,Topic 5,Topic 6to7,Topic 8,Topic 9
AAACAAGTATCTCCCA-1,0.072046,0.581729,0.000188,0.30507,0.000188,0.040778
AAACACCAATAACTGC-1,0.624995,0.178054,0.163561,0.010497,0.002615,0.020278
AAACAGAGCGACTCCT-1,0.000097,0.130827,0.161718,0.535288,0.011134,0.160937
AAACAGCTTTCAGAAG-1,0.000897,0.843648,0.151869,0.001793,0.000897,0.000897
AAACAGGGTCTATATT-1,0.001112,0.993329,0.001112,0.002224,0.001112,0.001112
AAACATTTCCCGGATT-1,0.167867,0.608787,0.012833,0.165016,0.000061,0.045436
AAACCCGAACGAAATC-1,0.069426,0.294861,0.193736,0.420902,0.000197,0.020877
AAACCGGAAATGTTAA-1,0.000205,0.286764,0.000205,0.25816,0.000205,0.454462
AAACCGGGTAGGTACC-1,0.000142,0.999146,0.000142,0.000285,0.000142,0.000142
AAACCGTTCGTCCAGG-1,0.021077,0.808438,0.000123,0.055184,0.000123,0.115056
AAACCTAAGCAGCCGG-1,0.074928,0.379333,0.147795,0.34294,0.025227,0.029776
AAACCTCATGAAGTTG-1,0.00013,0.999219,0.00013,0.00026,0.00013,0.00013
AAACGAAGATGGAGTA-1,0.183685,0.781886,0.000066,0.020734,0.000066,0.013563
AAACGAGACGGTTGAT-1,0.033286,0.763533,0.056855,0.120228,0.025999,0.0001
AAACGGGCGTACGGGT-1,0.32217,0.232724,0.252095,0.125933,0.027602,0.039476
AAACTCGGTTCGCAAT-1,0.201102,0.376098,0.004404,0.292457,0.000121,0.125817
AAACTGCTGGCTCCAA-1,0.000072,0.919012,0.000072,0.038685,0.000072,0.042088
AAACTTGCAAACGTAT-1,0.001502,0.94335,0.001503,0.003005,0.049138,0.001502
AAAGACTGGGCGCTTT-1,0.007037,0.992525,0.000088,0.000175,0.000088,0.000088
AAAGGGATGTAGCAAG-1,0.007038,0.235829,0.199185,0.318222,0.107879,0.131847
AAAGGGCAGCTTGAAT-1,0.082266,0.764361,0.00032,0.152415,0.000319,0.000319
AAAGTAGCATTGCTCA-1,0.244987,0.65777,0.000069,0.089269,0.007836,0.000069
AAAGTCGACCCTCAGT-1,0.000429,0.997424,0.000429,0.000859,0.000429,0.000429
AAAGTGTGATTTATCT-1,0.052257,0.758061,0.000111,0.167305,0.000111,0.022156
AAAGTTGACTCCCGTA-1,0.099127,0.314401,0.00014,0.586054,0.00014,0.00014
AAATAACCATACGGGA-1,0.000164,0.193152,0.059047,0.527798,0.000164,0.219675
AAATAAGGTAGTGCCC-1,0.000072,0.228651,0.192555,0.497735,0.013838,0.067149
AAATACCTATAAGCAT-1,0.002059,0.83265,0.002059,0.004118,0.002059,0.157055
AAATAGCTTAGACTTT-1,0.012048,0.00021,0.464641,0.482197,0.00007,0.040834
AAATAGGGTGCTATTG-1,0.153692,0.635421,0.065881,0.144533,0.000237,0.000237
AAATCCGATACACGCC-1,0.376748,0.000089,0.563811,0.04513,0.00434,0.009881
AAATCGCGGAAGGAGT-1,0.000746,0.995523,0.000746,0.001492,0.000746,0.000746
AAATCGTGTACCACAA-1,0.000153,0.522192,0.216829,0.067491,0.193184,0.000153
AAATCTAGCCCTGCTA-1,0.027375,0.642804,0.000169,0.329313,0.00017,0.00017
AAATGCTCGTTACGTT-1,0.000317,0.77231,0.136176,0.084958,0.005923,0.000317
AAATGGCATGTCTTGT-1,0.000172,0.13221,0.105403,0.554604,0.049478,0.158133
AAATGGCCCGTGCCCT-1,0.000483,0.997099,0.000483,0.000967,0.000483,0.000484
AAATGTATCTTATCCC-1,0.177231,0.792435,0.000713,0.001426,0.027483,0.000713
AAATTAACGGGTAGCT-1,0.000134,0.494566,0.091985,0.020167,0.077791,0.315357
AAATTAATAAGCGCGA-1,0.000611,0.549519,0.447426,0.001222,0.000611,0.000611
AAATTACACGACTCTG-1,0.0001,0.241762,0.0001,0.186117,0.086491,0.485429
AAATTACCTATCGATG-1,0.009722,0.220583,0.320221,0.4301,0.019341,0.000032
AAATTCCAGGTCCAAA-1,0.104737,0.173124,0.08031,0.550382,0.005486,0.085961
AAATTGATAGTCCTTT-1,0.319193,0.606286,0.074108,0.000207,0.000103,0.000103
AAATTTGCGGGTGTGG-1,0.000031,0.999814,0.000031,0.000062,0.000031,0.000031
AACAACTGGTAGTTGC-1,0.000049,0.999703,0.000049,0.000099,0.000049,0.000049
AACAATACATTGTCGA-1,0.000257,0.903117,0.095599,0.000514,0.000257,0.000257
AACAATTACTCTACGC-1,0.000512,0.909891,0.000512,0.088059,0.000512,0.000512
AACACACGCTCGCCGC-1,0.396905,0.230451,0.060898,0.300088,0.011607,0.00005
AACACGAGACGCGGCC-1,0.463689,0.524634,0.000077,0.000153,0.01137,0.000077
AACAGCTGTGTGGCAA-1,0.09866,0.756555,0.120163,0.024451,0.000086,0.000086
AACAGGAAATCGAATA-1,0.00009,0.123326,0.002177,0.292679,0.00009,0.581638
AACAGGATGGGCCGCG-1,0.000512,0.909884,0.087554,0.001025,0.000512,0.000512
AACAGGTAGTATGGAT-1,0.029437,0.899411,0.000153,0.0376,0.000153,0.033245
AACATATCAACTGGTG-1,0.001119,0.255814,0.226718,0.443979,0.06951,0.002861
AACCAAGACTTCTCTG-1,0.000294,0.998235,0.000294,0.000588,0.000294,0.000294
AACCATGGGATCGCTA-1,0.1454,0.246631,0.04011,0.532866,0.000093,0.034901
AACCCATCCCATGATC-1,0.042265,0.957356,0.000076,0.000152,0.000076,0.000076
AACCCGAGCAGAATCG-1,0.000431,0.331887,0.152843,0.465788,0.000431,0.04862
AACCCTACTGTCAATA-1,0.002703,0.461334,0.106947,0.422421,0.005968,0.000627
AACCCTGGTGGAACCA-1,0.025266,0.418823,0.00018,0.405172,0.030005,0.120555
AACCGAGCTTGGTCAT-1,0.012063,0.829917,0.00007,0.132626,0.00007,0.025255
AACCGCTAAGGGATGC-1,0.083732,0.627254,0.000084,0.288762,0.000084,0.000084
AACCTCGCTTTAGCCC-1,0.078089,0.472363,0.001263,0.362101,0.001263,0.084921
AACCTGTCACGGAATT-1,0.000222,0.09437,0.129181,0.485848,0.000222,0.290157
AACCTTTAAATACGGT-1,0.001222,0.977258,0.001222,0.002444,0.016633,0.001222
AACCTTTACGACGTCT-1,0.147341,0.308887,0.078548,0.412188,0.031376,0.02166
AACGAAAGTCGTCCCA-1,0.16233,0.67918,0.067135,0.058183,0.01918,0.013992
AACGATAATGCCGTAG-1,0.0008,0.831102,0.0008,0.165699,0.0008,0.0008
AACGATAGAAGGGCCG-1,0.000052,0.000156,0.067603,0.220317,0.602576,0.109296
AACGATATGTCAACTG-1,0.000094,0.70259,0.000094,0.297034,0.000094,0.000094
AACGCGAACGGCAACA-1,0.000262,0.494384,0.000262,0.185019,0.146471,0.173602
AACGCGGTCTCCAGCC-1,0.000097,0.776148,0.000097,0.181643,0.000097,0.041919
AACGCTGTTGCTGAAA-1,0.120845,0.418035,0.053447,0.407514,0.000079,0.000079
AACGGACGTACGTATA-1,0.393206,0.265467,0.101045,0.217624,0.022619,0.00004
AACGGCCATCTCCGGT-1,0.019684,0.499071,0.219262,0.161707,0.041635,0.058641
AACGTACTGTGGGTAC-1,0.000178,0.667662,0.000178,0.063934,0.000178,0.267869
AACGTCAGACTAGTGG-1,0.001012,0.592404,0.051932,0.326684,0.026615,0.001351
AACGTGCGAAAGTCTC-1,0.000326,0.61489,0.076724,0.254929,0.000326,0.052805
AACGTTATCAGCACCT-1,0.001523,0.990861,0.001523,0.003046,0.001523,0.001523
AACTACCCGTTTGTCA-1,0.000279,0.000836,0.608426,0.35981,0.000279,0.03037
AACTAGGCTTGGGTGT-1,0.000396,0.529846,0.468176,0.000791,0.000396,0.000396
AACTCCAGAGCGTGTT-1,0.488913,0.169221,0.004065,0.33772,0.000041,0.000041
AACTCGATGGCGCAGT-1,0.026707,0.210111,0.242819,0.359747,0.049039,0.111577
AACTCTCAATAGAGCG-1,0.013378,0.532462,0.03419,0.409694,0.000069,0.010207
AACTCTCAGTGTGCTC-1,0.111886,0.830784,0.000105,0.000209,0.000105,0.056911
AACTGAGTTATACTGA-1,0.000148,0.092554,0.000148,0.000296,0.005064,0.901791
AACTGATATTAGGCCT-1,0.000244,0.20205,0.034956,0.343898,0.000244,0.418607
AACTGGGTCCCGACGT-1,0.000104,0.399886,0.000104,0.470856,0.028052,0.100998
AACTTCTGCGTCTATC-1,0.030665,0.90456,0.0003,0.000599,0.0003,0.063576
AACTTGCCCGTATGCA-1,0.000406,0.997565,0.000406,0.000812,0.000406,0.000406
AACTTGCGTTCTCGCG-1,0.000155,0.794203,0.03283,0.172503,0.000155,0.000155
AACTTTACGGGAGCTT-1,0.000477,0.889037,0.000477,0.000954,0.000477,0.108577
AAGAAGGATCAGTTAG-1,0.023039,0.294134,0.534992,0.138412,0.009342,0.00008
AAGACATACGTGGTTT-1,0.170386,0.020317,0.281484,0.373437,0.029462,0.124914
AAGACTGCAAGCTACT-1,0.000857,0.444284,0.364784,0.189763,0.000156,0.000156
AAGAGATGAATCGGTA-1,0.022229,0.833719,0.000345,0.143016,0.000345,0.000345
AAGAGCTCTTTATCGG-1,0.000128,0.743756,0.03352,0.22234,0.000128,0.000128
AAGAGGATGTACGCGA-1,0.0002,0.87842,0.098223,0.000401,0.022556,0.0002
AAGAGGCATGGATCGC-1,0.020964,0.658622,0.002834,0.317381,0.000099,0.000099
AAGAGGCCCTTTGGAA-1,0.000178,0.170827,0.000178,0.717061,0.024903,0.086854
AAGATGGCACCGGACC-1,0.05643,0.480809,0.010693,0.275319,0.000086,0.176663
AAGATTGGCGGAACGT-1,0.000244,0.554296,0.000051,0.445308,0.000051,0.000051
AAGCACCCTGCGTATC-1,0.001123,0.906478,0.001123,0.002246,0.001123,0.087906
AAGCATACTCTCCTGA-1,0.00102,0.231223,0.691186,0.00204,0.07351,0.00102
AAGCCGAAGCGGTTTA-1,0.060954,0.372049,0.338333,0.228436,0.000114,0.000114
AAGCGCAGGGCTTTGA-1,0.000559,0.326235,0.127921,0.408135,0.000559,0.136591
AAGCGTCCCTCATCGA-1,0.102371,0.847403,0.00015,0.027571,0.00015,0.022354
AAGCTAGATCGAGTAA-1,0.000975,0.753732,0.203138,0.001951,0.000975,0.039229
AAGCTCGTGCCAAGTC-1,0.025122,0.328794,0.3572,0.288476,0.000204,0.000204
AAGCTCTTTCATGGTG-1,0.09764,0.620298,0.062436,0.186599,0.000225,0.032802
AAGGATCGATCGCTTG-1,0.000302,0.058007,0.320396,0.620691,0.000302,0.000302
AAGGATGAGGGACCTC-1,0.000058,0.388998,0.000058,0.610768,0.000058,0.000058
AAGGCAGGCTGTCTCC-1,0.001112,0.079238,0.001112,0.50596,0.001112,0.411466
AAGGCGCGTAAAGCTT-1,0.020625,0.876072,0.095395,0.007869,0.000019,0.000019
AAGGGACAGATTCTGT-1,0.000048,0.253679,0.000048,0.741407,0.004768,0.000048
AAGGGACTATGCATTC-1,0.465572,0.176955,0.094725,0.22213,0.021439,0.019179
AAGGGTTTGATTTCAG-1,0.033315,0.863186,0.000601,0.001202,0.000601,0.101096
AAGGTATCCTAATATA-1,0.019144,0.563597,0.000066,0.411763,0.000066,0.005364
AAGGTGATAAACCAGC-1,0.000142,0.731209,0.001929,0.235802,0.000142,0.030776
AAGTAGTGACGCGAGG-1,0.000215,0.998707,0.000215,0.000431,0.000215,0.000215
AAGTCAATTGTCGTCA-1,0.019313,0.444247,0.000147,0.527262,0.008884,0.000147
AAGTCTTCTGTGGCCT-1,0.001059,0.892094,0.102611,0.002118,0.001059,0.001059
AAGTGACGACCGAATT-1,0.109204,0.849539,0.00007,0.010909,0.00007,0.030208
AAGTGCAAAGGTAGAC-1,0.000151,0.999095,0.000151,0.000302,0.000151,0.000151
AAGTGCCTTGACTGTA-1,0.000221,0.610069,0.000221,0.389047,0.000221,0.000221
AAGTGCGTTAGAATCT-1,0.731483,0.238658,0.015167,0.014621,0.000036,0.000036
AAGTGTTTGGAGACGG-1,0.101586,0.517006,0.000172,0.380892,0.000172,0.000172
AAGTTCACTCCAAGCT-1,0.271214,0.449984,0.025124,0.242603,0.011004,0.00007
AAGTTCGGCCAACAGG-1,0.007142,0.992622,0.000047,0.000094,0.000047,0.000047
AAGTTGTGATGTTATA-1,0.122627,0.241471,0.042351,0.584308,0.00009,0.009153
AAGTTTATGGGCCCAA-1,0.00039,0.544422,0.184736,0.168253,0.00039,0.101808
AATAACAACGCTCGGC-1,0.239531,0.757603,0.000573,0.001146,0.000573,0.000573
AATAACACTAGAACAA-1,0.070926,0.544938,0.343854,0.0402,0.000041,0.000041
AATAATCTTCGTATCG-1,0.03189,0.343824,0.000171,0.338797,0.000171,0.285147
AATACAATGTTTCAGG-1,0.001112,0.796683,0.001112,0.19887,0.001112,0.001112
AATAGAATCTGTTTCA-1,0.000132,0.893911,0.033583,0.07211,0.000132,0.000132
AATAGTCGCGAGTCGG-1,0.000573,0.996561,0.000573,0.001146,0.000573,0.000573
AATATCCTAGCAAACT-1,0.000132,0.988413,0.000132,0.000264,0.000132,0.010926
AATATCGAATCAATGC-1,0.02003,0.728316,0.03223,0.147581,0.000185,0.071659
AATATCGAGGGTTCTC-1,0.000075,0.261384,0.196229,0.542164,0.000075,0.000075
AATATTGGAGTATTGA-1,0.022461,0.430124,0.268939,0.264046,0.014369,0.000061
AATCATGTAAAGACTC-1,0.154718,0.499924,0.000942,0.176903,0.000075,0.167437
AATCCATGCAAGGGTG-1,0.008708,0.246791,0.225696,0.467462,0.020071,0.031272
AATCGCCTCAGCGCCA-1,0.012734,0.803836,0.083933,0.088202,0.000118,0.011177
AATCGCGCAGAGGACT-1,0.001588,0.200754,0.001589,0.328893,0.195193,0.271984
AATCGTGAGCCGAGCA-1,0.379266,0.001862,0.49515,0.115872,0.000037,0.007813
AATCTAGGTTTACTTG-1,0.252124,0.747281,0.000119,0.000238,0.000119,0.000119
AATCTCTACTGTGGTT-1,0.000691,0.995857,0.00069,0.001381,0.00069,0.00069
AATCTGCGTTGGGACG-1,0.166024,0.28007,0.232313,0.320328,0.00005,0.001215
AATCTGGCTTTCTAGT-1,0.141081,0.857919,0.0002,0.0004,0.0002,0.0002
AATGACAGCAATGTCT-1,0.023425,0.835327,0.000087,0.083639,0.000087,0.057436
AATGACGTAGGATGTC-1,0.085902,0.616767,0.044914,0.197552,0.000157,0.054708
AATGAGTTCGCATATG-1,0.000614,0.996314,0.000614,0.001229,0.000614,0.000614
AATGATGATACGCTAT-1,0.112733,0.231538,0.094035,0.541813,0.019827,0.000054
AATGATGCGACTCCTG-1,0.003868,0.226153,0.026829,0.743042,0.000054,0.000054
AATGCAACCGGGTACC-1,0.000117,0.287088,0.091735,0.324972,0.218789,0.077298
AATGCACCAAGCAATG-1,0.015317,0.154877,0.196697,0.626228,0.000044,0.006836
AATGGTCCACCGTTCA-1,0.000265,0.746708,0.251966,0.000531,0.000265,0.000265
AATGGTTCTCACAAGC-1,0.01152,0.063094,0.902679,0.022685,0.00001,0.00001
AATGTGCCCGAGGTGT-1,0.120424,0.525562,0.011433,0.08388,0.000063,0.258638
AATGTTGTCGTGAGAC-1,0.019183,0.23454,0.152875,0.402214,0.00015,0.191036
AATTAACGGATTTCCA-1,0.0002,0.89999,0.0002,0.000399,0.0002,0.099012
AATTACGAGACCCATC-1,0.01024,0.347046,0.614827,0.0278,0.000044,0.000044
AATTACTCGTACGCTC-1,0.000625,0.791168,0.000625,0.206334,0.000625,0.000625
AATTAGCGCTGCAGCG-1,0.087977,0.729023,0.181754,0.001165,0.00004,0.00004
AATTCATAAGGGATCT-1,0.000059,0.394817,0.000059,0.604947,0.000059,0.000059
AATTCGATTCGAGGAT-1,0.232375,0.345845,0.049825,0.28136,0.049849,0.040746
AATTCTAGAGTTAGGC-1,0.000065,0.999613,0.000065,0.000129,0.000065,0.000065
AATTGAACGCTCTGGT-1,0.115338,0.648069,0.000095,0.236309,0.000095,0.000095
AATTGCAGCAATCGAC-1,0.532951,0.00779,0.406324,0.052879,0.000028,0.000028
AATTGTGGTTGCCAAA-1,0.069332,0.208131,0.133128,0.481668,0.000054,0.107687
AATTTGGGACATAGTA-1,0.000152,0.39254,0.092051,0.375034,0.000152,0.140072
ACAAAGAAGGTAGGCC-1,0.000154,0.999079,0.000154,0.000307,0.000154,0.000154
ACAAAGCATGACCTAG-1,0.180139,0.308632,0.00326,0.507772,0.000099,0.000099
ACAAATCGCACCGAAT-1,0.007443,0.747366,0.086709,0.158212,0.000135,0.000135
ACAAATGGTAGTGTTT-1,0.094765,0.498919,0.021536,0.384617,0.000081,0.000081
ACAACAGCATGAGCTA-1,0.039324,0.256523,0.639567,0.064412,0.000087,0.000087
ACAACGGTCCCTGCGA-1,0.088142,0.909752,0.000421,0.000842,0.000421,0.000421
ACAAGCAGTGCCTAGC-1,0.000334,0.997997,0.000334,0.000668,0.000334,0.000334
ACAAGCTATATGGAAG-1,0.001049,0.993707,0.001049,0.002098,0.001049,0.001049
ACAAGGAAATCCGCCC-1,0.106792,0.077728,0.75564,0.048777,0.010966,0.000098
ACAAGGACAAGAGGTT-1,0.049095,0.674668,0.173948,0.075221,0.000037,0.027031
ACAAGGATGCTTTAGG-1,0.402223,0.069474,0.124004,0.404246,0.000027,0.000027
ACAAGGGCAGGCTCTG-1,0.000385,0.65665,0.000385,0.311772,0.000385,0.030424
ACAATAGTCGTACGTT-1,0.187925,0.811779,0.000059,0.000119,0.000059,0.000059
ACAATCCATTTAAACC-1,0.009438,0.989682,0.000176,0.000352,0.000176,0.000176
ACAATGAATACGGAGA-1,0.038474,0.59664,0.123126,0.107883,0.084741,0.049136
ACAATTGTGTCTCTTT-1,0.000094,0.500788,0.000094,0.498835,0.000094,0.000094
ACAATTTAGGAGGCTC-1,0.00041,0.997539,0.00041,0.000821,0.00041,0.00041
ACAATTTGAGCAGTGG-1,0.000093,0.708757,0.000093,0.290869,0.000093,0.000093
ACAATTTGGCCATATT-1,0.000591,0.249837,0.051613,0.493139,0.000591,0.204228
ACACAAAGACGGGTGG-1,0.000077,0.151358,0.016344,0.003622,0.723086,0.105513
ACACACCAGGACCAGT-1,0.184066,0.727584,0.084643,0.003591,0.000058,0.000058
ACACACTTTCTACACG-1,0.000051,0.000154,0.023213,0.000103,0.117248,0.859231
ACACATGATCAAATCT-1,0.153968,0.301966,0.123769,0.398208,0.000137,0.021952
ACACATTGACGCAACA-1,0.000588,0.607061,0.342637,0.001177,0.000588,0.047948
ACACCACATAATTAGC-1,0.04974,0.2816,0.130578,0.413028,0.050164,0.07489
ACACCCAGCATGCAGC-1,0.00006,0.000181,0.051508,0.169248,0.676176,0.102827
ACACCCGAGAAATCCG-1,0.065066,0.308262,0.41906,0.18973,0.017803,0.00008
ACACCGAGCGCTCTTT-1,0.066116,0.759095,0.062025,0.096318,0.01615,0.000297
ACACCTTAAGTAGGGC-1,0.080375,0.416388,0.139259,0.309927,0.0275,0.026551
ACACCTTACTACTTGC-1,0.003475,0.010424,0.393481,0.58567,0.003475,0.003475
ACACGAGACTCCTTCT-1,0.000201,0.809298,0.000201,0.155283,0.000201,0.034818
ACACGGGAACTTAGGG-1,0.000071,0.976944,0.000071,0.022774,0.000071,0.000071
ACACGTAGGCCACAAG-1,0.000406,0.223432,0.000406,0.46981,0.000406,0.30554
ACACTCCAATGTCACT-1,0.000708,0.751293,0.083522,0.16306,0.000708,0.000708
ACACTGGGACAGTCGT-1,0.056384,0.363809,0.005579,0.495721,0.078178,0.000329
ACAGAACTGAGAACAA-1,0.586846,0.413061,0.000018,0.000037,0.000018,0.000018
ACAGCGACATTCTCAT-1,0.056043,0.757673,0.044525,0.096891,0.000096,0.044773
ACAGGCACGGATCCTT-1,0.000245,0.294982,0.180038,0.484033,0.000245,0.040457
ACAGGCTTGCCCGACT-1,0.320359,0.334631,0.03926,0.305581,0.000085,0.000085
ACAGGTGGAGGTGAGG-1,0.000143,0.784796,0.155188,0.059587,0.000143,0.000143
ACAGGTGTGTTGTTGC-1,0.000772,0.995367,0.000772,0.001544,0.000772,0.000772
ACAGTAATACAACTTG-1,0.000621,0.996273,0.000621,0.001242,0.000621,0.000621
ACATAAGTCGTGGTGA-1,0.020259,0.892564,0.055225,0.008604,0.007673,0.015675
ACATAATAAGGCGGTG-1,0.000078,0.166757,0.090727,0.203941,0.021006,0.517491
ACATCAGCTGGGACGC-1,0.025182,0.937802,0.000064,0.036822,0.000064,0.000064
ACATCCTGGTAACTGT-1,0.000237,0.469818,0.024502,0.504971,0.000237,0.000237
ACATCGATCGTTTACC-1,0.021337,0.741253,0.07408,0.124632,0.028649,0.010048
ACATCGGTCAGCCGCG-1,0.000186,0.903587,0.000186,0.000373,0.000186,0.095481
ACATCGTATGCAATGG-1,0.132216,0.527343,0.004654,0.301007,0.034702,0.000078
ACATGGCGCCAAAGTA-1,0.163033,0.203386,0.024988,0.464681,0.000215,0.143697
ACATGGCTCAATTTAG-1,0.000708,0.705295,0.000708,0.192911,0.037376,0.063002
ACATTAGTTTATATCC-1,0.00021,0.424463,0.00021,0.288835,0.040274,0.246008
ACCAACCGCACTCCAC-1,0.245155,0.358749,0.161206,0.216987,0.007987,0.009915
ACCAATATGCAAGTTA-1,0.000171,0.648029,0.069996,0.281463,0.000171,0.000171
ACCACAAGTTTCTATC-1,0.115352,0.174124,0.043268,0.00399,0.492267,0.170999
ACCACCAATGTAACAA-1,0.000674,0.002022,0.330409,0.541874,0.000674,0.124348
ACCACGTGCAGCTATA-1,0.000628,0.778232,0.000628,0.001256,0.218627,0.000628
ACCACTGTTCAAGAAG-1,0.00034,0.264894,0.032869,0.642581,0.020309,0.039007
ACCAGACCATAACAAC-1,0.000301,0.877916,0.000301,0.120882,0.000301,0.000301
ACCAGTGCGGGAGACG-1,0.000098,0.522741,0.000098,0.463827,0.000098,0.013137
ACCATATCCGCAATAA-1,0.222114,0.00269,0.000897,0.001793,0.771609,0.000897
ACCATCCGCCAACTAG-1,0.000369,0.901897,0.000369,0.096625,0.000369,0.000369
ACCATCGTATATGGTA-1,0.013477,0.79643,0.022791,0.097146,0.000109,0.070047
ACCATTAAGGGTGTCA-1,0.001222,0.992668,0.001222,0.002444,0.001222,0.001222
ACCCAACGCCCGTGGC-1,0.000047,0.385991,0.000047,0.61382,0.000047,0.000047
ACCCACCTACATGCTC-1,0.066667,0.92939,0.000789,0.001577,0.000788,0.000788
ACCCATCTTGAGGGTA-1,0.12048,0.853266,0.000072,0.000144,0.000072,0.025965
ACCCATTTGTCCCTCT-1,0.08868,0.719206,0.074445,0.112261,0.000109,0.005299
ACCCGAGCGAAATTAC-1,0.122141,0.446628,0.035016,0.387419,0.000111,0.008686
ACCCGGAAACTCCCAG-1,0.010168,0.834464,0.000314,0.154425,0.000314,0.000314
ACCCGGAGCACCACAA-1,0.000545,0.182208,0.000545,0.196562,0.000545,0.619595
ACCCGGATGACGCATC-1,0.139072,0.250721,0.044391,0.565615,0.0001,0.0001
ACCCGTAGTCTAGTTG-1,0.000247,0.341161,0.291137,0.287965,0.000247,0.079243
ACCCTATAGGACTGAG-1,0.000604,0.854682,0.000604,0.142901,0.000604,0.000604
ACCCTATGCCATATCG-1,0.000279,0.343765,0.125777,0.000559,0.000279,0.52934
ACCCTCCCGTCAGGGC-1,0.000305,0.279721,0.145171,0.574191,0.000305,0.000305
ACCCTCCCTTGCTATT-1,0.126581,0.442208,0.063443,0.337852,0.029834,0.000082
ACCCTTCATCTGCGAA-1,0.000101,0.125291,0.089716,0.372666,0.177707,0.234519
ACCGAAGAGTCTGGTT-1,0.034102,0.965279,0.000124,0.000248,0.000124,0.000124
ACCGACACATCTCCCA-1,0.000783,0.995301,0.000783,0.001566,0.000783,0.000783
ACCGACTGAGTCCCAC-1,0.000083,0.749511,0.000083,0.232385,0.017854,0.000083
ACCGATAGGCATAACC-1,0.039955,0.411902,0.033711,0.514148,0.000142,0.000142
ACCGATATTTAATCAT-1,0.062512,0.382374,0.000438,0.438291,0.000438,0.115947
ACCGATGGTAGCATCG-1,0.042649,0.50669,0.000067,0.450458,0.000067,0.000067
ACCGCAATAACTGCCT-1,0.162306,0.478221,0.061038,0.29827,0.000083,0.000083
ACCGCGGTGGAAGTCG-1,0.067379,0.356493,0.000225,0.512884,0.000225,0.062795
ACCGGGCCTTTGTTGA-1,0.391303,0.281389,0.045395,0.281729,0.000093,0.000093
ACCGGTCAGGTACACC-1,0.018255,0.328731,0.269296,0.297305,0.030779,0.055634
ACCGTGACCACGTGGG-1,0.000265,0.785627,0.169079,0.044497,0.000265,0.000265
ACCTAAGTACCTTTCA-1,0.000484,0.908502,0.000212,0.090377,0.000212,0.000212
ACCTAATCGACTTCCT-1,0.000416,0.997502,0.000416,0.000833,0.000416,0.000416
ACCTACAGTATGTGGT-1,0.002138,0.21001,0.118805,0.353456,0.002138,0.313452
ACCTCCGCCCTCGCTG-1,0.080354,0.592752,0.012046,0.235026,0.000157,0.079666
ACCTCCGTTATTCACC-1,0.003134,0.17066,0.0587,0.730354,0.021671,0.015481
ACCTGCGTGTCATGTT-1,0.395718,0.067218,0.536746,0.00016,0.00008,0.00008
ACGAAATGGGCGGCAC-1,0.000386,0.997684,0.000386,0.000772,0.000386,0.000386
ACGACCCATGAGTTGC-1,0.000207,0.131688,0.274221,0.387565,0.045463,0.160857
ACGACTGGTCATACTC-1,0.000228,0.358594,0.14392,0.452328,0.021848,0.023081
ACGAGGATACCACTCT-1,0.00042,0.901315,0.00042,0.097006,0.00042,0.00042
ACGAGGTTTACAACGT-1,0.079597,0.918825,0.000051,0.001426,0.000051,0.000051
ACGAGTACGGATGCCC-1,0.077914,0.01561,0.17226,0.703648,0.00005,0.030518
ACGATACATAGAACTA-1,0.070225,0.737681,0.00012,0.134062,0.00012,0.05779
ACGATACCTATCCTGA-1,0.002224,0.903532,0.002224,0.004447,0.085348,0.002223
ACGATCATACATAGAG-1,0.000114,0.606794,0.000114,0.325494,0.000114,0.06737
ACGATCATCTTGTAAA-1,0.051968,0.212779,0.094975,0.634298,0.00008,0.0059
ACGATGCATATGTTAT-1,0.09919,0.549932,0.086196,0.155274,0.032774,0.076635
ACGATGGATCCGATGC-1,0.000436,0.445754,0.000436,0.40819,0.082202,0.062982
ACGCATACGTTTACTA-1,0.113397,0.707138,0.122614,0.056409,0.000221,0.000222
ACGCATTCGTGAGTAC-1,0.000067,0.317755,0.343741,0.212869,0.045674,0.079894
ACGCCAGATGATTTCT-1,0.000211,0.254203,0.000211,0.676059,0.069105,0.000211
ACGCCGCTAGACGACC-1,0.000224,0.580147,0.000224,0.382236,0.036945,0.000224
ACGCGAAGTCAGACGA-1,0.000279,0.20154,0.115237,0.337763,0.21569,0.129493
ACGCGCTACACAGGGT-1,0.000862,0.994828,0.000862,0.001724,0.000862,0.000862
ACGCGGGCCAAGGACA-1,0.000123,0.858269,0.000123,0.075142,0.000123,0.06622
ACGCGTTTCTTAAGAG-1,0.000585,0.950834,0.000585,0.00117,0.04624,0.000585
ACGCTAGTGATACACT-1,0.064765,0.291105,0.065528,0.558337,0.000081,0.020183
ACGCTGTGAGGCGTAG-1,0.000286,0.92779,0.000286,0.071067,0.000286,0.000286
ACGGAATTTAGCAAAT-1,0.073882,0.80318,0.008345,0.114232,0.00018,0.000181
ACGGACTCTCAAAGCG-1,0.000573,0.696445,0.000573,0.301262,0.000573,0.000573
ACGGATGGTGCGGATA-1,0.000445,0.774706,0.000445,0.223515,0.000445,0.000445
ACGGCGACGATGGGAA-1,0.043969,0.401101,0.299331,0.233842,0.021663,0.000095
ACGGGAGTGTCGGCCC-1,0.14462,0.738595,0.000312,0.103914,0.000056,0.012504
ACGGGTCATGTGACTT-1,0.000635,0.825137,0.000635,0.172322,0.000635,0.000635
ACGTAGATTGCTGATG-1,0.332419,0.483026,0.000591,0.182781,0.000591,0.000592
ACGTATTACTCCGATC-1,0.003515,0.014932,0.920571,0.058732,0.000027,0.002224
ACGTCTCGTTCCGGGA-1,0.002336,0.674271,0.320466,0.001463,0.000731,0.000732
ACGTGACAAAGTAAGT-1,0.399008,0.291908,0.170936,0.13755,0.0003,0.0003
ACGTGCGCCTCGTGCA-1,0.000102,0.053563,0.000102,0.372404,0.09608,0.47775
ACGTTAATGTCGAAGA-1,0.000993,0.708615,0.000993,0.287414,0.000993,0.000993
ACGTTAGATTTGCCCG-1,0.049184,0.6549,0.147299,0.024444,0.000065,0.124109
ACGTTATTGGTCACTC-1,0.543272,0.453231,0.000699,0.001399,0.000699,0.000699
ACGTTCGCAATCAATT-1,0.000039,0.000118,0.559538,0.402518,0.02296,0.014826
ACGTTCGTTCAGGAAA-1,0.031367,0.341002,0.386781,0.239674,0.000588,0.000588
ACGTTCTGTACAAGTC-1,0.194314,0.517218,0.086796,0.152921,0.000061,0.048691
ACGTTTAGTTGTGATC-1,0.000249,0.288658,0.000249,0.335092,0.051351,0.324401
ACTACCAGCTCTCTGG-1,0.023661,0.334495,0.124998,0.514183,0.00004,0.002623
ACTAGTTGCGATCGTC-1,0.063459,0.614779,0.1847,0.136616,0.000223,0.000223
ACTATCCAGGGCATGG-1,0.000229,0.212169,0.164603,0.578865,0.000229,0.043906
ACTATCGCCGGCTAAA-1,0.000183,0.460376,0.080608,0.195993,0.000183,0.262656
ACTATCTGCCCGCGTA-1,0.014193,0.406175,0.000149,0.0003,0.000149,0.579035
ACTATTCGTCCGTGGT-1,0.000293,0.227185,0.181682,0.590255,0.000293,0.000293
ACTATTTCCGGGCCCA-1,0.000934,0.994394,0.000934,0.001869,0.000934,0.000934
ACTCAAGTGCAAGGCT-1,0.473293,0.174313,0.021644,0.330685,0.000032,0.000032
ACTCAATAAAGGCACG-1,0.000073,0.800883,0.000073,0.171294,0.009943,0.017733
ACTCCCATTCCTAAAG-1,0.000281,0.998315,0.000281,0.000562,0.000281,0.000281
ACTCCCGAATTCGTTT-1,0.003526,0.287415,0.101198,0.599262,0.008529,0.00007
ACTCCCTAATGCTAAA-1,0.222029,0.154506,0.359091,0.248464,0.015734,0.000176
ACTCCCTAGAATAGTA-1,0.000911,0.195104,0.511048,0.291113,0.000911,0.000911
ACTCGATGTATTTCAT-1,0.001235,0.490126,0.219725,0.242717,0.044961,0.001236
ACTCGCCGTTCGATAA-1,0.041213,0.107278,0.087362,0.413098,0.316733,0.034316
ACTCGCGATCTGACGC-1,0.000812,0.002434,0.000812,0.261655,0.000812,0.733476
ACTCGTAACCCGTCCT-1,0.227324,0.738747,0.000123,0.033561,0.000123,0.000123
ACTCGTCAGTAATCCC-1,0.020441,0.375246,0.113581,0.417874,0.07276,0.000098
ACTCTAAACCTGGGAT-1,0.000471,0.924457,0.073188,0.000942,0.000471,0.000471
ACTCTCTGACTTAGGT-1,0.022169,0.494961,0.225786,0.256673,0.000206,0.000206
ACTCTGACCTAATAGA-1,0.135642,0.236327,0.109875,0.385325,0.065125,0.067706
ACTCTTCAGCTCCCGC-1,0.014663,0.181346,0.000135,0.720055,0.006721,0.077079
ACTCTTGTATAGTAAC-1,0.000236,0.190846,0.786652,0.021794,0.000236,0.000236
ACTGAAACGCCGTTAG-1,0.88784,0.060012,0.049259,0.002861,0.000014,0.000014
ACTGAATGGCGAAAGT-1,0.000095,0.653403,0.000094,0.346219,0.000094,0.000094
ACTGCCGTCGTAACTC-1,0.004298,0.43617,0.055084,0.489082,0.014017,0.001348
ACTGCGGACACACCGT-1,0.000662,0.134376,0.000662,0.692039,0.000662,0.171599
ACTGCTCGGAAGGATG-1,0.000345,0.997928,0.000345,0.000691,0.000345,0.000345
ACTGTACGATACACAT-1,0.016606,0.665263,0.016809,0.301065,0.000128,0.000128
ACTGTAGCACTTTGGA-1,0.047165,0.723424,0.15244,0.068173,0.000041,0.008758
ACTGTCCAGGATTATA-1,0.181196,0.150325,0.000393,0.044228,0.623466,0.000393
ACTGTCTTCTTTAGAA-1,0.000142,0.871449,0.000142,0.12782,0.000142,0.000306
ACTGTGCTAGTAGATC-1,0.000106,0.142958,0.402428,0.417316,0.037085,0.000106
ACTTACGCATCCACGC-1,0.100767,0.615444,0.000614,0.281946,0.000614,0.000614
ACTTAGTACGACAAGA-1,0.071585,0.316309,0.357019,0.226041,0.000091,0.028955
ACTTATACTTACCCGG-1,0.113409,0.5113,0.128771,0.246396,0.000061,0.000061
ACTTATTAGGATCGGT-1,0.037887,0.275881,0.114484,0.000251,0.485664,0.085833
ACTTATTTATGTGCCA-1,0.354075,0.268861,0.116197,0.260713,0.000077,0.000077
ACTTCAGGCTGATCCC-1,0.064625,0.344543,0.336397,0.249653,0.000102,0.004681
ACTTCCAGTGGAAGCT-1,0.00029,0.957012,0.00029,0.000581,0.00029,0.041536
ACTTCCATGCGGGACA-1,0.288145,0.02875,0.511207,0.169593,0.000023,0.002283
ACTTCGCCATACGCAC-1,0.00013,0.354517,0.249812,0.395282,0.00013,0.00013
ACTTCGCTAGCGAGTG-1,0.000247,0.195527,0.095106,0.708627,0.000247,0.000247
ACTTGACTCCCTCTTT-1,0.137305,0.420199,0.018686,0.423095,0.000358,0.000358
ACTTGTAGTCCCTTCA-1,0.00095,0.805641,0.189608,0.001901,0.00095,0.00095
ACTTGTGGATGGAACG-1,0.043599,0.6279,0.139514,0.048742,0.056697,0.083548
ACTTTACCCTCATGAA-1,0.025008,0.151528,0.160418,0.561564,0.101427,0.000055
ACTTTCCTATAGCTTC-1,0.000107,0.763266,0.031119,0.000213,0.000107,0.205188
ACTTTGACTGCATCCT-1,0.00095,0.994298,0.00095,0.001901,0.00095,0.000951
ACTTTGTCGACGCACT-1,0.072119,0.381353,0.237782,0.159694,0.000407,0.148644
AGAAATTATGACTCGC-1,0.000415,0.665402,0.000415,0.217507,0.000415,0.115847
AGAACCCAGCGTGACA-1,0.00022,0.010375,0.00022,0.640367,0.00022,0.348598
AGAACCCTCAATTGGG-1,0.008566,0.433087,0.286898,0.182696,0.033818,0.054934
AGAACGTGGTACATTC-1,0.000065,0.927087,0.000065,0.062517,0.0102,0.000065
AGAAGAGCGCCGTTCC-1,0.000479,0.83047,0.000479,0.167613,0.000479,0.000479
AGAAGGTACACTTCAC-1,0.090106,0.907548,0.000469,0.000938,0.000469,0.000469
AGAAGGTTGCCGAATT-1,0.170799,0.482959,0.169052,0.086434,0.039277,0.05148
AGAAGGTTGTAGGTCG-1,0.000836,0.632447,0.000836,0.364209,0.000836,0.000836
AGAAGTGATTCGTGAT-1,0.076473,0.479895,0.228153,0.215342,0.000068,0.000068
AGAATAAATCTTCAGG-1,0.000483,0.9971,0.000483,0.000967,0.000483,0.000483
AGAATTATGGATTCGA-1,0.030095,0.189781,0.272795,0.50538,0.001909,0.00004
AGAATTGTTTGACATA-1,0.057416,0.151994,0.784269,0.006195,0.000063,0.000063
AGACAGCTCAGAATCC-1,0.000762,0.99543,0.000762,0.001523,0.000761,0.000762
AGACAGGCATCTCAGC-1,0.000217,0.315339,0.000217,0.218604,0.000217,0.465406
AGACCAAACCACACCT-1,0.000131,0.999213,0.000131,0.000262,0.000131,0.000131
AGACCATGGGATACAA-1,0.000931,0.997909,0.000232,0.000464,0.000232,0.000232
AGACCCACCGCTGATC-1,0.023501,0.975413,0.000217,0.000434,0.000217,0.000217
AGACCCGCCCTCCTCG-1,0.04902,0.099653,0.020005,0.000215,0.769492,0.061614
AGACCGCTCCGCGGTT-1,0.000275,0.553857,0.000275,0.001376,0.000275,0.443941
AGACCGGGAAACCCTG-1,0.011903,0.913068,0.000096,0.02457,0.018765,0.031598
AGACGAAGTGCCGGTC-1,0.117038,0.588108,0.000104,0.294543,0.000104,0.000104
AGACGACGATGCCGCT-1,0.000646,0.996122,0.000646,0.001293,0.000646,0.000646
AGACGCCCACTTCGCC-1,0.001891,0.357643,0.07557,0.464489,0.010051,0.090355
AGAGAACCGTCTAGGA-1,0.000053,0.40592,0.000188,0.593733,0.000053,0.000053
AGAGAAGGAGTACAAT-1,0.115625,0.697792,0.000416,0.185334,0.000416,0.000417
AGAGATCTCTAAAGCG-1,0.00036,0.997841,0.00036,0.00072,0.00036,0.00036
AGAGCAGTTATGAGAC-1,0.108733,0.888016,0.00065,0.0013,0.00065,0.00065
AGAGCCGCCGAGATTT-1,0.000456,0.45295,0.000456,0.50713,0.000456,0.038553
AGAGCGGGCTAATCAT-1,0.000106,0.23172,0.028937,0.109107,0.033796,0.596335
AGAGCGTACAAGCTCG-1,0.103231,0.675366,0.154612,0.066197,0.000297,0.000297
AGAGCTACGAAAGCAT-1,0.065382,0.934295,0.000065,0.000129,0.000065,0.000065
AGAGGCTTCGGAAACC-1,0.000151,0.815935,0.000151,0.183459,0.000151,0.000151
AGAGTAAACTTCACTA-1,0.048645,0.617958,0.000378,0.332262,0.000378,0.000378
AGATAACTTCAGGGCC-1,0.105456,0.439552,0.112845,0.242379,0.008027,0.091742
AGATACCAATAGAACC-1,0.000205,0.273541,0.126861,0.536558,0.000205,0.06263
AGATACCGGTGTTCAC-1,0.099359,0.302181,0.152195,0.194468,0.000235,0.251562
AGATACTCAAGATCGA-1,0.062921,0.673293,0.053203,0.16574,0.021133,0.023709
AGATATAATACGACTA-1,0.887976,0.00076,0.093853,0.000507,0.016652,0.000253
AGATCGTGCATAAGAT-1,0.021005,0.320228,0.134963,0.502146,0.007248,0.014411
AGATCTCAGGTGTGAT-1,0.000196,0.791646,0.000196,0.207569,0.000196,0.000196
AGATGACTCGCCCACG-1,0.000064,0.000192,0.133711,0.025083,0.737245,0.103705
AGATGATGGAGTCTGG-1,0.037146,0.246326,0.332111,0.363049,0.003183,0.018185
AGATGCAAGACGTGCA-1,0.177043,0.353937,0.314777,0.123113,0.000047,0.031081
AGATGCATCCTGTGTC-1,0.00065,0.996099,0.00065,0.0013,0.00065,0.00065
AGATGCTATAACGAGC-1,0.000438,0.950624,0.000438,0.000876,0.000438,0.047188
AGATTATAGGACGTTT-1,0.00025,0.365146,0.00025,0.117959,0.444849,0.071546
AGATTCACAACCGATA-1,0.00012,0.999278,0.00012,0.000241,0.00012,0.00012
AGCAAAGGCCGCTAGT-1,0.00067,0.793596,0.00067,0.203725,0.00067,0.00067
AGCAACATATCTTATT-1,0.057542,0.529418,0.000079,0.412804,0.000079,0.000079
AGCAACCGAAAGTAAT-1,0.280455,0.668631,0.041474,0.009343,0.000048,0.000048
AGCACCAGTACTCACG-1,0.067966,0.771371,0.024036,0.136485,0.000071,0.000071
AGCACTACCGGCCTGT-1,0.007604,0.991672,0.000145,0.00029,0.000145,0.000145
AGCACTACCTCACCAG-1,0.122823,0.76826,0.094513,0.000408,0.013791,0.000204
AGCACTTAAGGACGCC-1,0.041331,0.88804,0.0078,0.001019,0.028628,0.033182
AGCAGAAGGAGAAAGA-1,0.001049,0.711207,0.161418,0.002098,0.001049,0.12318
AGCATATCAATATGCT-1,0.000159,0.74067,0.000159,0.258693,0.000159,0.000159
AGCATCATTTCGAAAG-1,0.317274,0.68242,0.000061,0.000122,0.000061,0.000061
AGCATCGTCGATAATT-1,0.000401,0.222552,0.000401,0.000803,0.775441,0.000401
AGCATTACGAGGCAAG-1,0.151933,0.448817,0.020425,0.281711,0.004263,0.09285
AGCCACAGGTTACCCG-1,0.190071,0.188247,0.355889,0.265725,0.000034,0.000034
AGCCACTCCCGTGCTT-1,0.000892,0.20259,0.31191,0.469604,0.014928,0.000075
AGCCCATACATGTAAG-1,0.002109,0.997138,0.00015,0.000301,0.00015,0.00015
AGCCCTAAGCGAAGTT-1,0.00007,0.078815,0.118028,0.098836,0.00007,0.704181
AGCCCTGTCGCACCGT-1,0.00065,0.001951,0.715256,0.001301,0.00065,0.280192
AGCCCTTGGACATCCC-1,0.01938,0.310987,0.233246,0.412841,0.000117,0.023429
AGCCGCAAATTCAAAT-1,0.00065,0.927417,0.069331,0.001301,0.00065,0.00065
AGCCGCTTGATTAGCG-1,0.001101,0.178959,0.150183,0.002202,0.17343,0.494124
AGCCGTGGCTAAATGT-1,0.357556,0.617363,0.014631,0.010365,0.000042,0.000042
AGCCTAATACCCACGT-1,0.000632,0.589221,0.407621,0.001263,0.000632,0.000632
AGCCTTAAAGCGGAAG-1,0.148706,0.521408,0.327787,0.001049,0.000524,0.000524
AGCGACAGGAACGGTC-1,0.048378,0.876202,0.00029,0.074552,0.00029,0.00029
AGCGACATCCCATTCA-1,0.000094,0.05399,0.136809,0.18914,0.48111,0.138857
AGCGACCAACGATATT-1,0.007922,0.143372,0.007602,0.000206,0.832264,0.008634
AGCGATGCGCCTAATA-1,0.000236,0.698824,0.083823,0.165168,0.000236,0.051713
AGCGCGGGTGCCAATG-1,0.00168,0.086932,0.28109,0.630225,0.000037,0.000037
AGCGCTAGAGCGATGT-1,0.000559,0.125096,0.138573,0.734654,0.000559,0.000559
AGCGGACACTTCGTAG-1,0.042146,0.785738,0.080751,0.018347,0.061393,0.011625
AGCGGCGGTTAGCGGT-1,0.00134,0.702195,0.00134,0.292447,0.00134,0.00134
AGCGGGTCTGACACTC-1,0.008371,0.469333,0.271802,0.094234,0.000112,0.156148
AGCGTACGAGAGCTAG-1,0.001002,0.199257,0.207956,0.002004,0.231594,0.358188
AGCGTGGTATTCTACT-1,0.15172,0.217014,0.620298,0.010742,0.000112,0.000112
AGCTAACAAGCAATGT-1,0.11036,0.718607,0.000233,0.139089,0.031477,0.000233
AGCTAAGTACGCAGGC-1,0.496376,0.133563,0.232112,0.13772,0.000211,0.000018
AGCTAGAAGCAGAAGT-1,0.000048,0.095443,0.07565,0.828763,0.000048,0.000048
AGCTATTTAATCCAAC-1,0.000377,0.686603,0.000377,0.311889,0.000377,0.000377
AGCTCCATATATGTTC-1,0.000078,0.000235,0.527647,0.375467,0.012723,0.08385
AGCTCCTTCGCACATC-1,0.187033,0.520838,0.000489,0.282658,0.008868,0.000115
AGCTCTAGACGTTCCA-1,0.024293,0.106421,0.869178,0.000054,0.000027,0.000027
AGCTCTTCCCAGTGCA-1,0.006952,0.428361,0.112018,0.390822,0.035456,0.026391
AGCTCTTCGTAACCTT-1,0.000467,0.001402,0.241482,0.755715,0.000467,0.000467
AGCTGAAGTAAACCAA-1,0.000069,0.538511,0.024792,0.436489,0.000069,0.000069
AGCTGTAACCTCAATC-1,0.029295,0.713809,0.000131,0.21015,0.000131,0.046483
AGCTTCTTCTCGAGCA-1,0.295212,0.25496,0.068106,0.38153,0.000096,0.000096
AGCTTGATCTTAACTT-1,0.322607,0.677141,0.00005,0.000101,0.00005,0.00005
AGGAACGAACGACTTC-1,0.001714,0.015552,0.149706,0.605914,0.000109,0.227006
AGGAAGCTGTCCGCCG-1,0.304273,0.693105,0.000524,0.001049,0.000524,0.000524
AGGACAGTCGAATCCC-1,0.05679,0.607992,0.000084,0.334967,0.000084,0.000084
AGGACGCTCGATGTTG-1,0.00007,0.075586,0.237664,0.613175,0.00007,0.073434
AGGACTTATAGGAGAA-1,0.00029,0.558837,0.040687,0.235227,0.065293,0.099667
AGGAGGCCTTCGCGCG-1,0.033241,0.683444,0.041908,0.209445,0.000101,0.031862
AGGATAAAGTCGGGAT-1,0.000956,0.994292,0.000951,0.001901,0.00095,0.00095
AGGATATAGGGATTTA-1,0.54767,0.181141,0.234958,0.036156,0.000037,0.000037
AGGATCACGCGATCTG-1,0.000934,0.994394,0.000934,0.001869,0.000934,0.000934
AGGCAATACGGAGGAC-1,0.062704,0.250833,0.036482,0.127436,0.515187,0.007357
AGGCACGTGACTGTCC-1,0.000196,0.342534,0.000196,0.604514,0.015158,0.037401
AGGCAGATGCGTAAAC-1,0.000052,0.435633,0.011505,0.552706,0.000052,0.000052
AGGCATTGTCGTAGGG-1,0.102848,0.570008,0.095663,0.231214,0.000134,0.000134
AGGCCACATTGGTTAC-1,0.000134,0.056829,0.70778,0.049081,0.000134,0.186041
AGGCCACCCGTTATGA-1,0.03759,0.758046,0.104405,0.089704,0.010176,0.00008
AGGCCCAGTGACTGGT-1,0.000238,0.911683,0.000238,0.087366,0.000238,0.000238
AGGCCCATTGTACAGG-1,0.000064,0.000191,0.076562,0.223005,0.655455,0.044724
AGGCCCTAGAACGCCA-1,0.161942,0.412016,0.36926,0.035872,0.000033,0.020876
AGGCCTGAGAATCTCG-1,0.376221,0.309894,0.005936,0.307871,0.000041,0.000037
AGGCGATAACTGGCGT-1,0.000301,0.285973,0.000301,0.443278,0.000301,0.269845
AGGCGGTTTGTCCCGC-1,0.267789,0.623977,0.00036,0.094095,0.013419,0.00036
AGGCTATGGTTAGCTT-1,0.000083,0.9995,0.000083,0.000167,0.000083,0.000083
AGGCTTCCCGAAGAAG-1,0.000165,0.903346,0.000165,0.00033,0.000165,0.095828
AGGCTTGCTAGACACC-1,0.000662,0.785461,0.000662,0.211892,0.000662,0.000662
AGGGAAACGAGGTACT-1,0.000125,0.367374,0.188868,0.313879,0.061431,0.068321
AGGGACCGGCTGCGTT-1,0.028805,0.144963,0.346397,0.436963,0.00009,0.042782
AGGGCCCTAATGTTCT-1,0.011929,0.328302,0.158152,0.449278,0.051964,0.000376
AGGGCGAGCAGCTGAT-1,0.093169,0.663741,0.03756,0.205316,0.000107,0.000107
AGGGCTGCAGTTACAG-1,0.00008,0.61734,0.00008,0.167977,0.183567,0.030955
AGGGTCGATGCGAACT-1,0.000064,0.17301,0.257713,0.550539,0.000064,0.01861
AGGGTGCTCTCGAGGG-1,0.000051,0.329641,0.115411,0.45728,0.097565,0.000051
AGGGTGGATAGTGCAT-1,0.056727,0.942997,0.000055,0.00011,0.000055,0.000055
AGGGTTCCCTTTGGTT-1,0.115758,0.514161,0.072758,0.269157,0.000069,0.028098
AGGGTTTAGTTCGGGA-1,0.052875,0.724314,0.077356,0.080722,0.006891,0.057842
AGGTAGATCGAGATAT-1,0.003165,0.37114,0.252831,0.319993,0.001913,0.050958
AGGTAGGTACAAAGCT-1,0.000515,0.996912,0.000515,0.001029,0.000515,0.000515
AGGTATAATTGATAGT-1,0.161449,0.056006,0.202568,0.499636,0.023849,0.056493
AGGTATGCGGACATTA-1,0.00026,0.360142,0.00026,0.590494,0.00823,0.040614
AGGTCAGGTGAGAGTG-1,0.329386,0.670508,0.000021,0.000042,0.000021,0.000021
AGGTCGCCTCCCAACA-1,0.000134,0.103905,0.309366,0.38812,0.000134,0.19834
AGGTCGCGGAGTTACT-1,0.039184,0.177979,0.107883,0.674831,0.000062,0.000062
AGGTGTATCGCCATGA-1,0.035331,0.96397,0.00014,0.000279,0.00014,0.00014
AGGTTACACCATGCCG-1,0.000542,0.218734,0.12338,0.59768,0.025973,0.033691
AGGTTGAGGCACGCTT-1,0.000099,0.855804,0.000099,0.103176,0.03897,0.001852
AGGTTTCACACACCTT-1,0.000117,0.969272,0.000117,0.030261,0.000117,0.000117
AGTAATGTCTTGCCGC-1,0.000084,0.106402,0.081381,0.171935,0.552776,0.087422
AGTACATCATTTATCA-1,0.010586,0.103468,0.149456,0.736343,0.000073,0.000073
AGTACGGCCCGTATCG-1,0.116843,0.731834,0.135023,0.015989,0.000155,0.000155
AGTACGGGCACCTGGC-1,0.003573,0.67237,0.031549,0.218027,0.000075,0.074406
AGTACTCTTATGCCCA-1,0.149419,0.547283,0.000069,0.267102,0.036057,0.000069
AGTAGGTAACATACAT-1,0.041682,0.000143,0.057673,0.001044,0.899411,0.000048
AGTATAATACTAGGCA-1,0.000403,0.997583,0.000403,0.000806,0.000403,0.000403
AGTATGCTGGAGACCA-1,0.218995,0.298534,0.222622,0.259736,0.000056,0.000056
AGTCAAGATGACACTT-1,0.046172,0.402216,0.212097,0.339391,0.000062,0.000062
AGTCACTAGCTCTCGA-1,0.000197,0.823076,0.054394,0.101292,0.000197,0.020844
AGTCAGCCACCGCCTG-1,0.000515,0.719385,0.000515,0.216311,0.000515,0.062759
AGTCCATTGGCTGATG-1,0.015747,0.48022,0.000198,0.44078,0.000198,0.062857
AGTCCCGCCTTTAATT-1,0.023118,0.25852,0.058948,0.647378,0.011085,0.00095
AGTCGACGGTCTCAAG-1,0.035366,0.624798,0.023822,0.315903,0.000056,0.000056
AGTCGGCCCAAACGAC-1,0.086562,0.335031,0.578375,0.000016,0.000008,0.000008
AGTCGGCTCAACTTTA-1,0.309996,0.543594,0.026359,0.119892,0.000079,0.000079
AGTCGGTTGCGTGAGA-1,0.001463,0.004389,0.365946,0.625276,0.001463,0.001463
AGTCGTATAAAGCAGA-1,0.252988,0.156493,0.353197,0.194801,0.017394,0.025127
AGTCGTCGACCACCAA-1,0.292729,0.426109,0.049988,0.226088,0.000088,0.004999
AGTCGTGGGCATTACG-1,0.000145,0.936798,0.051808,0.010959,0.000145,0.000145
AGTCTAAAGTATACTC-1,0.083236,0.129943,0.015447,0.770972,0.000201,0.000201
AGTCTCACAAGACTAC-1,0.077281,0.769537,0.000185,0.094223,0.000185,0.05859
AGTCTGGACATCCTTG-1,0.00053,0.795365,0.106064,0.097715,0.000163,0.000163
AGTCTTCTCCTCAAAT-1,0.010699,0.593512,0.177581,0.218063,0.000072,0.000072
AGTCTTTAAAGTGTCC-1,0.000267,0.437981,0.169829,0.215168,0.000267,0.176489
AGTGAACAAACTTCTC-1,0.078735,0.440676,0.000138,0.480176,0.000138,0.000138
AGTGAGACTTCCAGTA-1,0.000058,0.398755,0.000058,0.553377,0.047693,0.000058
AGTGAGCCTCGCCGCC-1,0.037831,0.129667,0.065855,0.766511,0.000068,0.000068
AGTGAGTCGAATTAAC-1,0.014969,0.162611,0.000138,0.788817,0.033327,0.000138
AGTGATAACCTGCGCG-1,0.386973,0.054962,0.126669,0.430109,0.000026,0.001261
AGTGATTCAAGCAGGA-1,0.051963,0.510962,0.051998,0.379487,0.005529,0.000061
AGTGCACGCTTAAGAA-1,0.104808,0.722226,0.000079,0.15234,0.000079,0.020467
AGTGCGTAGCTCGTAA-1,0.012972,0.388942,0.087682,0.002903,0.000079,0.507423
AGTGCTAAACACAGCA-1,0.475178,0.264677,0.064794,0.18961,0.000029,0.005711
AGTGCTTGCACGAATA-1,0.00009,0.620955,0.00009,0.378684,0.00009,0.00009
AGTGGCGGCAATTTGA-1,0.087608,0.261637,0.233468,0.417212,0.000037,0.000037
AGTGGCGTCTGAAGGT-1,0.364238,0.241739,0.173332,0.212842,0.007816,0.000033
AGTGGCTCCGTCGGCC-1,0.000096,0.829591,0.057568,0.112554,0.000096,0.000096
AGTGGGAGTATACACG-1,0.000078,0.068229,0.000078,0.000157,0.93138,0.000078
AGTGGTGTTACCCGTG-1,0.00139,0.991661,0.00139,0.00278,0.00139,0.00139
AGTGGTTGCGTATAGG-1,0.261073,0.138524,0.600112,0.000145,0.000073,0.000073
AGTGTATTGCGCATTG-1,0.011105,0.147704,0.173566,0.61459,0.000069,0.052967
AGTGTGCTAAGATCGC-1,0.000897,0.99462,0.000897,0.001794,0.000897,0.000897
AGTGTGGTCTATTGTG-1,0.069457,0.107862,0.822463,0.000109,0.000055,0.000055
AGTTAAGCGGTCCCGG-1,0.000165,0.287398,0.278585,0.413036,0.000165,0.020651
AGTTAAGTCAACCGCT-1,0.336178,0.602164,0.061304,0.000177,0.000089,0.000089
AGTTACCCTTAAGACT-1,0.000407,0.914901,0.000407,0.063531,0.000407,0.020346
AGTTACCGCACATGGT-1,0.000046,0.999723,0.000046,0.000092,0.000046,0.000046
