Barcode,Topic 1,Topic 2,Topic 3to4,Topic 5to6,Topic 7,Topic 8
AAACAAGTATCTCCCA-1,0.000207,0.049931,0.000415,0.705939,0.243301,0.000207
AAACACCAATAACTGC-1,0.001605,0.188403,0.003211,0.803571,0.001605,0.001605
AAACAGAGCGACTCCT-1,0.000707,0.000708,0.336223,0.532855,0.1288,0.000707
AAACAGTGTTCCTGGG-1,0.005445,0.005445,0.568218,0.010891,0.005444,0.404556
AAACATGGTGAGAGGA-1,0.000699,0.000699,0.001399,0.995805,0.000699,0.000699
AAACATTTCCCGGATT-1,0.000188,0.000188,0.089994,0.554504,0.354937,0.000188
AAACCACTACACAGAT-1,0.00202,0.00202,0.782576,0.209344,0.00202,0.00202
AAACCCGAACGAAATC-1,0.465077,0.000098,0.022536,0.510222,0.000098,0.001969
AAACCGGAAATGTTAA-1,0.000148,0.000149,0.678419,0.203106,0.118029,0.000149
AAACCGTTCGTCCAGG-1,0.000149,0.000149,0.000298,0.813195,0.000149,0.18606
AAACCTAAGCAGCCGG-1,0.001788,0.001789,0.093922,0.789416,0.111296,0.001789
AAACGAAGAACATACC-1,0.000031,0.000031,0.204922,0.230906,0.420042,0.144067
AAACGAAGATGGAGTA-1,0.004468,0.004471,0.008936,0.973188,0.004468,0.004469
AAACGACAGTCTTGCC-1,0.001545,0.125521,0.251002,0.258951,0.001546,0.361435
AAACGAGACGGTTGAT-1,0.000209,0.000209,0.12839,0.470583,0.20399,0.19662
AAACGCCCGAGATCGG-1,0.001714,0.001715,0.301935,0.419958,0.272962,0.001715
AAACGCTGGGCACGAC-1,0.00026,0.00026,0.846581,0.049207,0.065467,0.038224
AAACGGGCGTACGGGT-1,0.000423,0.000423,0.050578,0.745373,0.169015,0.034189
AAACGGTTGCGAACTG-1,0.004636,0.004636,0.266834,0.505482,0.213773,0.004639
AAACGTGTTCGCCCTA-1,0.004174,0.004174,0.383936,0.465695,0.137846,0.004175
AAACTAACGTGGCGAC-1,0.001842,0.001841,0.040355,0.695965,0.001842,0.258155
AAACTCGGTTCGCAAT-1,0.00596,0.005961,0.303275,0.672877,0.005964,0.005963
AAACTCGTGATATAAG-1,0.000161,0.000161,0.018021,0.405154,0.000161,0.576341
AAACTTAATTGCACGC-1,0.002052,0.002052,0.004106,0.968833,0.020904,0.002053
AAAGAATGACCTTAGA-1,0.002157,0.002159,0.004346,0.987021,0.002158,0.002159
AAAGAATGTGGACTAA-1,0.000319,0.000319,0.120313,0.87841,0.000319,0.000319
AAAGACCCAAGTCGCG-1,0.000037,0.757797,0.036945,0.205148,0.000037,0.000037
AAAGACTGGGCGCTTT-1,0.000052,0.000052,0.733405,0.266386,0.000052,0.000052
AAAGCTTGCCTACATA-1,0.000754,0.000754,0.001509,0.697939,0.000754,0.298289
AAAGGCCCTATAATAC-1,0.002275,0.002277,0.004553,0.801281,0.002277,0.187337
AAAGGCTACGGACCAT-1,0.003912,0.003916,0.259769,0.724574,0.003915,0.003914
AAAGGCTCTCGCGCCG-1,0.000782,0.000783,0.066894,0.683352,0.000783,0.247406
AAAGGGATGTAGCAAG-1,0.000185,0.091893,0.00037,0.649023,0.258342,0.000185
AAAGGGCAGCTTGAAT-1,0.000054,0.000054,0.74378,0.256002,0.000054,0.000054
AAAGGTAAGCTGTACC-1,0.003051,0.00306,0.006108,0.981671,0.003053,0.003057
AAAGTAGCATTGCTCA-1,0.000306,0.000306,0.000612,0.998164,0.000306,0.000306
AAAGTCACTGATGTAA-1,0.000017,0.001995,0.941766,0.037559,0.015546,0.003118
AAAGTGCCATCAATTA-1,0.000148,0.000148,0.926308,0.03079,0.042457,0.000148
AAAGTGTGATTTATCT-1,0.000132,0.000132,0.018033,0.554703,0.417258,0.009743
AAAGTTGACTCCCGTA-1,0.000306,0.000306,0.000612,0.647768,0.213677,0.13733
AAATAACCATACGGGA-1,0.004035,0.004037,0.008077,0.881541,0.00404,0.09827
AAATAAGGTAGTGCCC-1,0.000017,0.028745,0.000034,0.210546,0.018723,0.741936
AAATACCTATAAGCAT-1,0.000014,0.013624,0.006046,0.017939,0.036857,0.92552
AAATAGGGTGCTATTG-1,0.008243,0.000212,0.000424,0.235541,0.46092,0.294661
AAATCCGATACACGCC-1,0.000782,0.000783,0.001566,0.784414,0.000783,0.211672
AAATCGCGGAAGGAGT-1,0.0009,0.000901,0.001801,0.994596,0.000901,0.000901
AAATCTAGCCCTGCTA-1,0.000284,0.1702,0.120242,0.522975,0.005252,0.181046
AAATCTGCCCGCGTCC-1,0.002317,0.002319,0.00464,0.789058,0.126335,0.075331
AAATGACTGATCAAAC-1,0.00021,0.00021,0.101005,0.898155,0.00021,0.00021
AAATGATTCGATCAGC-1,0.010628,0.000572,0.001144,0.821488,0.082155,0.084013
AAATGCTCGTTACGTT-1,0.000016,0.000016,0.959778,0.032231,0.000016,0.007944
AAATGGCATGTCTTGT-1,0.00029,0.00029,0.00058,0.578804,0.39376,0.026276
AAATGGCCCGTGCCCT-1,0.001434,0.048864,0.00015,0.845517,0.008359,0.095676
AAATGGTCAATGTGCC-1,0.000154,0.000154,0.008051,0.740395,0.129265,0.121979
AAATGTATCTTATCCC-1,0.000178,0.054495,0.000357,0.535834,0.341423,0.067714
AAATTAACGGGTAGCT-1,0.167483,0.185605,0.000342,0.555148,0.079863,0.011559
AAATTAATAAGCGCGA-1,0.000683,0.535932,0.000076,0.435327,0.007514,0.020468
AAATTACACGACTCTG-1,0.003475,0.003477,0.217034,0.769059,0.003477,0.003477
AAATTACCTATCGATG-1,0.000517,0.000518,0.030817,0.789912,0.000517,0.177718
AAATTGATAGTCCTTT-1,0.00298,0.002981,0.005963,0.982113,0.002982,0.002982
AAATTGCGGCGGTTCT-1,0.000105,0.002215,0.303217,0.580152,0.093092,0.021218
AAATTGGTGAGAAGCA-1,0.003382,0.003384,0.006773,0.979691,0.003384,0.003386
AAATTTACCGAAATCC-1,0.0003,0.017427,0.617937,0.282715,0.0003,0.081321
AAATTTGCGGGTGTGG-1,0.000535,0.000535,0.00107,0.655824,0.000535,0.341501
AACAACTGGTAGTTGC-1,0.000121,0.051375,0.170861,0.777399,0.000121,0.000121
AACAATACATTGTCGA-1,0.002053,0.002052,0.004108,0.824709,0.165024,0.002053
AACAATTACTCTACGC-1,0.000123,0.010979,0.226422,0.762231,0.000123,0.000123
AACACACGCTCGCCGC-1,0.001026,0.001026,0.138647,0.649506,0.001026,0.208768
AACACGACTGTACTGA-1,0.000145,0.000145,0.000289,0.973364,0.000145,0.025913
AACACGCGGCCGCGAA-1,0.000043,0.035989,0.296603,0.580783,0.08654,0.000043
AACAGCTGTGTGGCAA-1,0.002979,0.00298,0.2214,0.383083,0.002981,0.386577
AACAGGAAATCGAATA-1,0.000659,0.000659,0.001318,0.996046,0.000659,0.000659
AACAGGATGGGCCGCG-1,0.000108,0.000108,0.120024,0.879543,0.000108,0.000108
AACAGGTAGTATGGAT-1,0.000846,0.000846,0.001692,0.859195,0.000846,0.136574
AACATAGCGTGTATCG-1,0.001738,0.001739,0.121967,0.364983,0.198272,0.3113
AACATATCAACTGGTG-1,0.000079,0.000079,0.040714,0.517489,0.103769,0.33787
AACATCGATACGTCTA-1,0.005956,0.00596,0.240384,0.362624,0.379112,0.005963
AACATTGAAGTTGATC-1,0.003476,0.003477,0.654063,0.332026,0.00348,0.003479
AACATTGGTCAGCCGT-1,0.000311,0.187931,0.175369,0.605947,0.030131,0.000312
AACATTGTGACTCGAG-1,0.006586,0.006593,0.013188,0.960455,0.00659,0.006588
AACCAAGACTTCTCTG-1,0.001018,0.001018,0.231762,0.591112,0.001018,0.174072
AACCAGTATCACTCTT-1,0.000561,0.000562,0.228289,0.562537,0.081585,0.126466
AACCATAGGGTTGAAC-1,0.002721,0.002722,0.005444,0.912502,0.002722,0.073889
AACCATGGGATCGCTA-1,0.000076,0.000076,0.022015,0.977679,0.000076,0.000076
AACCCAGAGACGGAGA-1,0.00074,0.000036,0.717104,0.273443,0.008641,0.000036
AACCCATCCCATGATC-1,0.000672,0.000673,0.001346,0.995963,0.000673,0.000673
AACCCGACAACCCGTG-1,0.003477,0.003479,0.243906,0.742183,0.003477,0.003477
AACCCGAGCAGAATCG-1,0.000113,0.150859,0.000227,0.806527,0.042029,0.000245
AACCCGATAGGGCTTC-1,0.001331,0.001332,0.22003,0.476262,0.001332,0.299712
AACCCGCTGTATTCCA-1,0.000564,0.000564,0.374409,0.46479,0.000564,0.159109
AACCCTACTGTCAATA-1,0.001626,0.070356,0.102715,0.330319,0.001626,0.493357
AACCCTGGTGGAACCA-1,0.001253,0.001252,0.002505,0.871459,0.001253,0.122278
AACCGAGCTTGGTCAT-1,0.00023,0.00023,0.00046,0.499005,0.41547,0.084605
AACCGCTAAGGGATGC-1,0.000396,0.398666,0.000793,0.576408,0.000396,0.023341
AACCGTTGTGTTTGCT-1,0.000158,0.416218,0.000315,0.407272,0.047513,0.128524
AACCTCGCTTTAGCCC-1,0.000894,0.000894,0.426337,0.570085,0.000895,0.000895
AACCTTTAAATACGGT-1,0.000318,0.000318,0.032984,0.411268,0.000318,0.554795
AACCTTTACGACGTCT-1,0.002195,0.153514,0.004393,0.514051,0.32365,0.002197
AACGAAAGTCGTCCCA-1,0.002555,0.002556,0.005111,0.705611,0.002556,0.281612
AACGACCTCCTAGCCG-1,0.000948,0.000948,0.105472,0.890734,0.000948,0.000948
AACGATAATGCCGTAG-1,0.000588,0.000588,0.001176,0.354812,0.000588,0.642249
AACGATAGAAGGGCCG-1,0.000073,0.048847,0.417305,0.49851,0.035193,0.000073
AACGATATGTCAACTG-1,0.000238,0.547757,0.000475,0.247238,0.180812,0.02348
AACGCATGATCTGGGT-1,0.002554,0.002556,0.068297,0.622204,0.002555,0.301835
AACGCGAACGGCAACA-1,0.000266,0.070359,0.057899,0.629747,0.241463,0.000266
AACGCGACCTTGGGCG-1,0.008344,0.008351,0.266007,0.700612,0.008345,0.008342
AACGCGGTCTCCAGCC-1,0.000082,0.000082,0.000164,0.117629,0.588022,0.294021
AACGCTGTTGCTGAAA-1,0.000533,0.000533,0.293135,0.433274,0.175831,0.096695
AACGGACGTACGTATA-1,0.00084,0.000841,0.001681,0.908913,0.083626,0.004099
AACGGCCATCTCCGGT-1,0.000177,0.000177,0.000353,0.44042,0.000177,0.558697
AACGTACTGTGGGTAC-1,0.000024,0.000024,0.000048,0.184841,0.009059,0.806005
AACGTCAGACTAGTGG-1,0.000099,0.102446,0.533112,0.218088,0.146154,0.000099
AACGTCATCCGGCTTG-1,0.000455,0.000455,0.100391,0.232449,0.665794,0.000455
AACGTCGCTGCACTTC-1,0.000167,0.049304,0.772416,0.154914,0.000167,0.023032
AACGTGATGAAGGACA-1,0.002782,0.002782,0.005568,0.9833,0.002785,0.002784
AACGTGCGAAAGTCTC-1,0.000122,0.000122,0.000245,0.759568,0.239819,0.000123
AACGTTATCAGCACCT-1,0.000106,0.025892,0.166566,0.807223,0.000106,0.000106
AACGTTCTACCATTGT-1,0.000243,0.087286,0.5024,0.258094,0.151734,0.000243
AACTACCCGTTTGTCA-1,0.00236,0.085171,0.08213,0.167517,0.569916,0.092906
AACTAGCGTATCGCAC-1,0.000489,0.02275,0.366618,0.513526,0.096128,0.000489
AACTAGGCTTGGGTGT-1,0.001926,0.001926,0.081664,0.747264,0.001927,0.165294
AACTCCAGAGCGTGTT-1,0.000626,0.000626,0.001252,0.671388,0.000626,0.325482
AACTCCTAATCCCATG-1,0.001304,0.001305,0.181523,0.253131,0.41442,0.148318
AACTCGATAAACACGT-1,0.000118,0.047018,0.308583,0.575338,0.068825,0.000118
AACTCGATGGCGCAGT-1,0.001956,0.047856,0.444105,0.496637,0.000078,0.009367
AACTCTCAGTGTGCTC-1,0.00061,0.000611,0.001222,0.996335,0.000611,0.000611
AACTGAGGTCAGCGTC-1,0.004469,0.004472,0.008951,0.780505,0.004474,0.197129
AACTGAGTTATACTGA-1,0.08707,0.16155,0.270506,0.243709,0.236786,0.000378
AACTGATATTAGGCCT-1,0.000515,0.000515,0.173133,0.151224,0.453979,0.220633
AACTGGGTCCCGACGT-1,0.000076,0.000076,0.042439,0.502802,0.394805,0.059801
AACTGGGTTCGAGCCG-1,0.001375,0.001376,0.353392,0.445632,0.196848,0.001377
AACTGGTGTGGGCCTT-1,0.000027,0.1784,0.680643,0.126251,0.000502,0.014177
AACTTCTGCGTCTATC-1,0.000081,0.000081,0.21047,0.789207,0.000081,0.000081
AACTTGCCCGTATGCA-1,0.000644,0.061489,0.879233,0.000055,0.058551,0.000028
AACTTGCGTTCTCGCG-1,0.000013,0.000013,0.370326,0.000026,0.510209,0.119414
AACTTTACGGGAGCTT-1,0.000223,0.000223,0.000446,0.998661,0.000223,0.000223
AACTTTAGCTGCTGAG-1,0.000131,0.000429,0.293767,0.680834,0.024709,0.000131
AACTTTCTCGATCATG-1,0.000476,0.081895,0.000952,0.136745,0.000476,0.779455
AAGAAAGTTTGATGGG-1,0.000914,0.000914,0.189871,0.806473,0.000914,0.000914
AAGAAATCACCAGATT-1,0.000427,0.000427,0.000855,0.500119,0.181237,0.316935
AAGAAGGATCAGTTAG-1,0.000048,0.000048,0.688135,0.311671,0.000048,0.000048
AAGACATACGTGGTTT-1,0.000251,0.000251,0.000502,0.927467,0.071278,0.000251
AAGACCAAATAACTCA-1,0.000823,0.000824,0.215259,0.781447,0.000824,0.000824
AAGACCCAACTGAACA-1,0.046006,0.003384,0.006765,0.810569,0.003384,0.129892
AAGACTAACCCGTTGT-1,0.001814,0.001815,0.253054,0.560672,0.18083,0.001814
AAGACTCACGCCCACT-1,0.001192,0.001193,0.16054,0.742624,0.001193,0.093259
AAGACTGCAAGCTACT-1,0.000076,0.035315,0.000152,0.548721,0.203108,0.212629
AAGAGATGAATCGGTA-1,0.000035,0.000207,0.873544,0.11484,0.000099,0.011274
AAGAGCTCTTTATCGG-1,0.0002,0.041289,0.070261,0.695999,0.11653,0.075721
AAGAGGCATGGATCGC-1,0.000635,0.000636,0.001271,0.73524,0.261582,0.000636
AAGAGGCCCTTTGGAA-1,0.000215,0.02719,0.00043,0.300142,0.650093,0.02193
AAGATGGCACCGGACC-1,0.002318,0.00232,0.004635,0.809008,0.1794,0.002319
AAGATTGGCGGAACGT-1,0.00026,0.00026,0.14696,0.634654,0.107469,0.110397
AAGCACCCTGCGTATC-1,0.001073,0.001071,0.002142,0.697254,0.00107,0.29739
AAGCATACTCTCCTGA-1,0.000128,0.114905,0.000257,0.435612,0.000128,0.448969
AAGCCACTTGCAGGTA-1,0.042038,0.064254,0.060314,0.832453,0.000471,0.000471
AAGCCGAAGCGGTTTA-1,0.000183,0.000183,0.000366,0.472193,0.41744,0.109636
AAGCCGCCGTGAAATC-1,0.003131,0.003132,0.006263,0.630347,0.353997,0.00313
AAGCCGCTTTACCTTG-1,0.007357,0.007364,0.21588,0.754666,0.007364,0.007368
AAGCCGGAGAGCAGGA-1,0.00048,0.00048,0.323581,0.6745,0.00048,0.00048
AAGCGCAGGGCTTTGA-1,0.001787,0.00179,0.458369,0.534476,0.001789,0.001789
AAGCGGAGTGCGCGCA-1,0.00184,0.001841,0.184453,0.717419,0.001842,0.092605
AAGCGGCGTCATGGGT-1,0.001181,0.001182,0.59998,0.395296,0.001181,0.001181
AAGCGTCCCTCATCGA-1,0.001815,0.001814,0.00363,0.989111,0.001814,0.001815
AAGCTAGATCGAGTAA-1,0.000031,0.000031,0.000061,0.407569,0.000031,0.592278
AAGCTCGTGCCAAGTC-1,0.00423,0.000213,0.000427,0.562898,0.105982,0.326249
AAGCTCTTTCATGGTG-1,0.002608,0.002608,0.223331,0.680446,0.002609,0.088398
AAGGAGAACTTATAAG-1,0.000503,0.000503,0.243071,0.615034,0.004828,0.136062
AAGGAGCGGTTGGTGC-1,0.000171,0.000171,0.279003,0.720313,0.000171,0.000171
AAGGATGAGGGACCTC-1,0.000813,0.000813,0.249659,0.646633,0.10127,0.000813
AAGGCAGGCTGTCTCC-1,0.021991,0.076581,0.054335,0.473754,0.000535,0.372805
AAGGCGCGTAAAGCTT-1,0.000041,0.000289,0.885136,0.102039,0.006284,0.00621
AAGGCTGTGCTCATCG-1,0.000112,0.138584,0.521421,0.33966,0.000112,0.000112
AAGGGAACGACTGGCT-1,0.003383,0.003384,0.006769,0.979695,0.003385,0.003384
AAGGGACAGATTCTGT-1,0.000447,0.000447,0.000895,0.796103,0.086732,0.115376
AAGGGACTATGCATTC-1,0.006258,0.56532,0.012521,0.403384,0.00626,0.006258
AAGGGTTAGCCATGCG-1,0.000484,0.000484,0.000967,0.624175,0.223165,0.150725
AAGGGTTTGATTTCAG-1,0.000986,0.000986,0.310993,0.685064,0.000986,0.000986
AAGGTATCCTAATATA-1,0.000719,0.00072,0.05826,0.70139,0.028315,0.210596
AAGGTGATAAACCAGC-1,0.000358,0.013569,0.000716,0.740954,0.090716,0.153688
AAGTAGAAGACCGGGT-1,0.001578,0.123536,0.075992,0.772427,0.026403,0.000064
AAGTAGTGACGCGAGG-1,0.000262,0.000263,0.084215,0.914735,0.000262,0.000263
AAGTCAATTGTCGTCA-1,0.011458,0.000159,0.000318,0.496263,0.444908,0.046893
AAGTCTAGTAGCTGCC-1,0.000574,0.000575,0.106099,0.504148,0.157513,0.231092
AAGTGAGTCGGGTTTA-1,0.006256,0.00626,0.012522,0.603428,0.365272,0.006263
AAGTGCAAAGGTAGAC-1,0.00008,0.078517,0.488153,0.415389,0.017782,0.00008
AAGTGCCTTGACTGTA-1,0.013049,0.000075,0.000151,0.466043,0.48225,0.038432
AAGTGCGTTAGAATCT-1,0.000413,0.000413,0.000826,0.75931,0.000413,0.238624
AAGTGCTTCTCTATTG-1,0.013893,0.013896,0.027795,0.916598,0.013906,0.013912
AAGTGTTTGGAGACGG-1,0.001046,0.001043,0.002088,0.701542,0.001044,0.293237
AAGTTCACTCCAAGCT-1,0.001129,0.001128,0.068599,0.833981,0.001128,0.094035
AAGTTCAGTCTGCGTA-1,0.000472,0.000473,0.055524,0.000945,0.139732,0.802855
AAGTTGTGATGTTATA-1,0.000501,0.000501,0.001002,0.996995,0.000501,0.000501
AAGTTTACTAATGGCA-1,0.000529,0.000022,0.921912,0.059921,0.000028,0.017588
AAGTTTATGGGCCCAA-1,0.004315,0.004317,0.008635,0.625167,0.004318,0.353248
AATAACAACGCTCGGC-1,0.00117,0.064036,0.355546,0.576908,0.001171,0.00117
AATAACACTAGAACAA-1,0.000254,0.000254,0.000508,0.870696,0.000254,0.128034
AATAACGTCGCGCCCA-1,0.000401,0.628576,0.000803,0.369417,0.000401,0.000401
AATAAGTCCTCGAGAC-1,0.000559,0.069461,0.131378,0.797484,0.000559,0.000559
AATAATCTTCGTATCG-1,0.000253,0.511606,0.000506,0.395926,0.000253,0.091457
AATACAATGTTTCAGG-1,0.000056,0.000056,0.800117,0.199658,0.000056,0.000056
AATACCGGAGGGCTGT-1,0.003129,0.003129,0.00626,0.14852,0.391637,0.447325
AATACCTGATGTGAAC-1,0.001051,0.001052,0.002105,0.993687,0.001052,0.001052
AATAGAACAGAGTGGC-1,0.000554,0.086094,0.044077,0.370265,0.000554,0.498455
AATAGAATCTGTTTCA-1,0.000588,0.085383,0.001176,0.550351,0.272899,0.089602
AATAGCAAGCCTCCTG-1,0.000829,0.036067,0.001659,0.522052,0.280966,0.158427
AATAGCTACCGCGTGC-1,0.002503,0.264204,0.005007,0.627266,0.002504,0.098515
AATAGTCCGTCCCGAC-1,0.000455,0.000455,0.000911,0.000911,0.618719,0.378549
AATAGTCGCGAGTCGG-1,0.000132,0.000132,0.10478,0.894694,0.000132,0.000132
AATATCAAGGTCGGAT-1,0.000034,0.236708,0.574046,0.178712,0.010466,0.000034
AATATCGAATCAATGC-1,0.001841,0.001842,0.003682,0.875582,0.001842,0.115212
AATATCGAGGGTTCTC-1,0.002168,0.000097,0.010427,0.510904,0.000097,0.476307
AATATTGGAGTATTGA-1,0.001814,0.001815,0.189909,0.689458,0.115189,0.001815
AATCAGACTGCAGGAC-1,0.000245,0.000245,0.037631,0.432043,0.506479,0.023357
AATCAGGTTTCATTTA-1,0.005006,0.005009,0.304098,0.675863,0.005012,0.005012
AATCATGTAAAGACTC-1,0.00039,0.00039,0.244518,0.543074,0.211237,0.00039
AATCCAAGGGCCTGAG-1,0.000048,0.398503,0.208001,0.235516,0.157883,0.000048
AATCCATGCAAGGGTG-1,0.000081,0.000081,0.027644,0.643522,0.315655,0.013018
AATCCCGCTCAGAGCC-1,0.000433,0.13827,0.104415,0.756015,0.000433,0.000433
AATCGAGGTCTCAAGG-1,0.00015,0.00015,0.057055,0.730543,0.009347,0.202755
AATCGCGCAGAGGACT-1,0.001203,0.001204,0.083543,0.911641,0.001204,0.001204
AATCGGGACACTACGA-1,0.000077,0.019217,0.525995,0.454556,0.000077,0.000077
AATCGGTATAGCCCTC-1,0.000327,0.000327,0.162842,0.83585,0.000327,0.000327
AATCGTGAGCCGAGCA-1,0.002407,0.002408,0.004815,0.78842,0.002409,0.199541
AATCTAGGTTTACTTG-1,0.00149,0.00149,0.253374,0.631941,0.110214,0.001491
AATCTATGCCGGAGCC-1,0.000043,0.000043,0.000086,0.301224,0.000043,0.698561
AATCTGCGTTGGGACG-1,0.000229,0.000229,0.044648,0.163647,0.315279,0.475968
AATCTGGCTTTCTAGT-1,0.002361,0.002363,0.004726,0.985824,0.002363,0.002363
AATCTGGGTAGACCCT-1,0.000121,0.000121,0.374313,0.581096,0.000121,0.044227
AATGACAGCAATGTCT-1,0.00058,0.00058,0.001159,0.849861,0.00058,0.147239
AATGACTGTCAGCCGG-1,0.000036,0.000036,0.926241,0.061369,0.000036,0.012282
AATGAGTTCGCATATG-1,0.000069,0.077106,0.320091,0.602595,0.000069,0.000069
AATGATGATACGCTAT-1,0.000948,0.000948,0.001897,0.78072,0.000949,0.214537
AATGATGCGACTCCTG-1,0.004815,0.054139,0.000305,0.381179,0.055231,0.504331
AATGCAACCGGGTACC-1,0.000124,0.18625,0.131099,0.618222,0.06418,0.000124
AATGCACCAAGCAATG-1,0.000759,0.000759,0.276129,0.612433,0.000759,0.109161
AATGGCCGCCAATGCG-1,0.002553,0.002555,0.005113,0.788199,0.002556,0.199024
AATGGTCCACCGTTCA-1,0.000086,0.105812,0.169347,0.680924,0.043745,0.000087
AATGGTTCTCACAAGC-1,0.000125,0.119267,0.182881,0.697479,0.000125,0.000125
AATGTATGGCACTGTA-1,0.002723,0.002724,0.005448,0.791507,0.002722,0.194876
AATGTGCCCGAGGTGT-1,0.002276,0.002276,0.004555,0.986341,0.002276,0.002277
AATGTGCTAATCTGAG-1,0.00596,0.005962,0.011931,0.57348,0.005963,0.396703
AATGTTAAGACCCTGA-1,0.003793,0.003794,0.283775,0.605051,0.099792,0.003795
AATGTTGTCGTGAGAC-1,0.000218,0.123283,0.067225,0.725029,0.084029,0.000218
AATTAACGGATTTCCA-1,0.001986,0.159133,0.003974,0.17653,0.001988,0.656387
AATTACGAGACCCATC-1,0.003792,0.003795,0.007587,0.977237,0.003794,0.003794
AATTACTCGTACGCTC-1,0.00018,0.645288,0.000359,0.231227,0.060735,0.062212
AATTAGCGCTGCAGCG-1,0.001516,0.000072,0.026228,0.183871,0.008607,0.779706
AATTATACCCAGCAAG-1,0.000813,0.092218,0.001627,0.504385,0.312393,0.088564
AATTCATAAGGGATCT-1,0.000384,0.000384,0.089338,0.339211,0.318417,0.252266
AATTCATTGTCATGCA-1,0.005214,0.005217,0.010441,0.968686,0.005221,0.005221
AATTCCAACTTGGTGA-1,0.001691,0.056657,0.564919,0.321944,0.053096,0.001692
AATTCCAAGCATGTAC-1,0.008937,0.008944,0.01788,0.526143,0.429154,0.008941
AATTCGATTCGAGGAT-1,0.005214,0.005219,0.673032,0.010438,0.300881,0.005216
AATTCTAGAGTTAGGC-1,0.000431,0.036985,0.000047,0.040634,0.079156,0.842747
AATTGAACGCTCTGGT-1,0.00032,0.11998,0.000641,0.844766,0.033974,0.00032
AATTGCAGCAATCGAC-1,0.000818,0.05678,0.379731,0.364072,0.197781,0.000818
AATTGCGTGGATTACA-1,0.005956,0.00596,0.011926,0.646252,0.005959,0.323946
AATTGTGGTTGCCAAA-1,0.000349,0.000349,0.123751,0.805545,0.069658,0.000349
AATTTGGGACATAGTA-1,0.006257,0.006262,0.012524,0.962429,0.006265,0.006263
AATTTGGTTCCAAAGA-1,0.000031,0.022078,0.00682,0.890655,0.080384,0.000031
ACAAACCATGCGTCCT-1,0.002663,0.002664,0.325604,0.663741,0.002665,0.002664
ACAAACTCCATCAGAG-1,0.003051,0.003053,0.308501,0.679287,0.003054,0.003053
ACAAAGCATGACCTAG-1,0.000182,0.108809,0.048058,0.709568,0.133201,0.000182
ACAAATCGCACCGAAT-1,0.000829,0.000829,0.054805,0.336977,0.384063,0.222497
ACAAATGGTAGTGTTT-1,0.000212,0.000212,0.077177,0.482858,0.414781,0.024759
ACAAATTCAGATCTGA-1,0.000258,0.000258,0.046668,0.952299,0.000258,0.000258
ACAACAGCATGAGCTA-1,0.000149,0.015151,0.000298,0.63511,0.246495,0.102797
ACAACGGTCCCTGCGA-1,0.000154,0.000154,0.056141,0.943243,0.000154,0.000154
ACAAGCAGTGCCTAGC-1,0.000117,0.000117,0.162629,0.836903,0.000117,0.000117
ACAAGGAAATCCGCCC-1,0.000426,0.000426,0.000852,0.735733,0.000426,0.262138
ACAAGGACAAGAGGTT-1,0.000126,0.000126,0.000252,0.999245,0.000126,0.000126
ACAAGGATGCTTTAGG-1,0.000591,0.000591,0.076507,0.692138,0.000591,0.229582
ACAAGGCCTACCAGCC-1,0.003476,0.003478,0.378668,0.607422,0.003479,0.003478
ACAATCCATTTAAACC-1,0.025697,0.344101,0.118196,0.50975,0.001128,0.001128
ACAATCGATCTTTATA-1,0.000435,0.000435,0.201658,0.637336,0.159701,0.000435
ACAATGAATACGGAGA-1,0.001277,0.001278,0.002556,0.414628,0.001278,0.578984
ACAATGATTCTTCTAC-1,0.000818,0.000818,0.001637,0.101681,0.894227,0.000819
ACAATTGTGTCTCTTT-1,0.001118,0.001118,0.574424,0.168109,0.001118,0.254113
ACAATTTAGGAGGCTC-1,0.000185,0.000185,0.019924,0.937757,0.000185,0.041764
ACAATTTGAGCAGTGG-1,0.001626,0.001627,0.003251,0.846232,0.11107,0.036195
ACAATTTGGCCATATT-1,0.000459,0.000459,0.000917,0.735461,0.000459,0.262245
ACACAAAGACGGGTGG-1,0.000092,0.000092,0.269351,0.730281,0.000092,0.000092
ACACAAATATTCCTAG-1,0.002276,0.064387,0.218944,0.598675,0.002277,0.113441
ACACACCAGGACCAGT-1,0.000274,0.000274,0.068401,0.666059,0.124224,0.140767
ACACACTTTCTACACG-1,0.000242,0.038365,0.000484,0.828632,0.000242,0.132034
ACACATGATCAAATCT-1,0.002553,0.002555,0.005111,0.984672,0.002554,0.002554
ACACATTGACGCAACA-1,0.000284,0.000284,0.168401,0.710812,0.119936,0.000284
ACACATTTCCGTAGAC-1,0.000378,0.052514,0.753791,0.119803,0.000378,0.073136
ACACCACATAATTAGC-1,0.003821,0.024885,0.000226,0.407537,0.067764,0.495768
ACACCCAGCATGCAGC-1,0.000062,0.021184,0.274476,0.538798,0.119794,0.045687
ACACCCGAGAAATCCG-1,0.000084,0.232678,0.011306,0.755764,0.000084,0.000084
ACACCGAGCGCTCTTT-1,0.000131,0.000131,0.120919,0.862906,0.015781,0.000131
ACACCGGTCTGACCGC-1,0.002847,0.27778,0.005691,0.707991,0.002846,0.002846
ACACCTTAAGTAGGGC-1,0.000144,0.000144,0.260191,0.739232,0.000144,0.000144
ACACCTTACTACTTGC-1,0.000963,0.000963,0.001926,0.535737,0.000963,0.459447
ACACGAGACTCCTTCT-1,0.000187,0.000187,0.000373,0.533959,0.391242,0.074053
ACACGGCACTATGCAT-1,0.000935,0.091616,0.285916,0.521979,0.000935,0.098619
ACACGGGAACTTAGGG-1,0.000813,0.000813,0.054579,0.748702,0.169341,0.025752
ACACGTAGGCCACAAG-1,0.000119,0.033334,0.000237,0.036534,0.764311,0.165465
ACACTCCAATGTCACT-1,0.000431,0.000018,0.965338,0.023776,0.000018,0.010418
ACACTGATCAAGGTGT-1,0.000429,0.000429,0.143516,0.365144,0.000429,0.490054
ACACTGGGACAGTCGT-1,0.000076,0.000076,0.579097,0.4206,0.000076,0.000076
ACAGAACTGAGAACAA-1,0.000265,0.000265,0.000529,0.899472,0.000265,0.099204
ACAGATTAGGTTAGTG-1,0.00007,0.064394,0.406106,0.503167,0.008906,0.017357
ACAGCATAGAGCCAGT-1,0.000137,0.010502,0.008478,0.84294,0.087234,0.050709
ACAGCGACATTCTCAT-1,0.000135,0.000135,0.000269,0.195216,0.652424,0.151822
ACAGCGCACCCGCAGC-1,0.001763,0.001764,0.003528,0.719332,0.271849,0.001764
ACAGGAGGCGCAGCCG-1,0.004171,0.004175,0.008348,0.767558,0.211573,0.004175
ACAGGCACGGATCCTT-1,0.002196,0.002197,0.004397,0.689911,0.299101,0.002198
ACAGGCTTGCCCGACT-1,0.002607,0.002608,0.005217,0.557723,0.140448,0.291397
ACAGGTGGAGGTGAGG-1,0.000026,0.000026,0.003604,0.068168,0.012784,0.915393
ACAGTATACCGTGGGA-1,0.003912,0.003914,0.007828,0.203705,0.776729,0.003914
ACATAAGTCGTGGTGA-1,0.000452,0.000452,0.000904,0.67028,0.094259,0.233653
ACATAATAAGGCGGTG-1,0.000087,0.000087,0.000174,0.680664,0.268593,0.050394
ACATACAATCAAGCGG-1,0.000292,0.652545,0.000584,0.074813,0.181863,0.089904
ACATCAGCTGGGACGC-1,0.000059,0.614149,0.082014,0.303662,0.000059,0.000059
ACATCCCGGCCATACG-1,0.000081,0.000081,0.000162,0.166369,0.000081,0.833226
ACATCCTGGTAACTGT-1,0.011509,0.001265,0.00253,0.502023,0.481408,0.001265
ACATCGTATGCAATGG-1,0.000635,0.000636,0.181519,0.33687,0.084994,0.395345
ACATCGTTAACCTAGT-1,0.000649,0.000649,0.27239,0.725015,0.000649,0.000649
ACATCTCAACGCGTAA-1,0.000948,0.000949,0.147699,0.313763,0.421671,0.11497
ACATGCTTACGGCAGC-1,0.001669,0.001669,0.278099,0.662989,0.00167,0.053903
ACATGGCGCCAAAGTA-1,0.001159,0.001159,0.002318,0.401024,0.035982,0.558358
ACATGGCTCAATTTAG-1,0.001223,0.031397,0.000108,0.159868,0.743559,0.063845
ACATTAGTTTATATCC-1,0.000053,0.002414,0.000106,0.180755,0.000053,0.816619
ACATTCGCGCGGAATA-1,0.002979,0.002982,0.005966,0.893635,0.002983,0.091455
ACATTTGAAACCTAAC-1,0.000237,0.000237,0.577903,0.180416,0.235191,0.006016
ACCAAACACCCAGCGA-1,0.00417,0.462106,0.008349,0.381747,0.004174,0.139454
ACCAAACTAGAAATCC-1,0.003732,0.00018,0.19958,0.510961,0.230744,0.054803
ACCAACACCACACACT-1,0.001763,0.001764,0.102186,0.765548,0.126976,0.001764
ACCAACCGCACTCCAC-1,0.001264,0.001265,0.002531,0.658418,0.335258,0.001265
ACCAACGCTTATTTAT-1,0.000246,0.000247,0.046043,0.590564,0.050948,0.311952
ACCAAGAACGCGTGTC-1,0.001658,0.333179,0.665104,0.00003,0.000015,0.000015
ACCAAGTCATCGGCAG-1,0.000369,0.000369,0.000739,0.997784,0.000369,0.000369
ACCAATATGCAAGTTA-1,0.000582,0.0006,0.001165,0.9197,0.000583,0.07737
ACCACAACTCAGAACA-1,0.003127,0.003129,0.006262,0.618223,0.003131,0.366128
ACCACAAGTTTCTATC-1,0.000047,0.031802,0.471467,0.183508,0.281968,0.031208
ACCACACGGTTGATGG-1,0.000585,0.000585,0.896463,0.101197,0.000585,0.000585
ACCACCAATGTAACAA-1,0.00021,0.00021,0.00042,0.274317,0.495268,0.229575
ACCACCCTCTCTTCTA-1,0.00029,0.045715,0.00058,0.431855,0.010862,0.510699
ACCACGTGCAGCTATA-1,0.003768,0.031938,0.000355,0.5902,0.000178,0.373561
ACCACTGTTCAAGAAG-1,0.000219,0.000219,0.093872,0.086549,0.671443,0.147698
ACCAGCCCGGTCTTTG-1,0.001925,0.001927,0.003854,0.869191,0.121177,0.001926
ACCAGTGCCCGGTCAA-1,0.001762,0.001764,0.003528,0.897131,0.094051,0.001764
ACCAGTGCGGGAGACG-1,0.001026,0.001027,0.002052,0.81014,0.001026,0.184729
ACCATATCCGCAATAA-1,0.000763,0.000764,0.117508,0.445191,0.166471,0.269302
ACCATTAAGGGTGTCA-1,0.000164,0.000164,0.01822,0.981123,0.000164,0.000164
ACCCAACGCCCGTGGC-1,0.001472,0.001473,0.002947,0.722468,0.001473,0.270167
ACCCACCTACATGCTC-1,0.000101,0.002099,0.366143,0.629616,0.00194,0.000101
ACCCATCTTGAGGGTA-1,0.001345,0.001346,0.073531,0.72646,0.195971,0.001347
ACCCATTTGTCCCTCT-1,0.002121,0.002123,0.004244,0.670404,0.318987,0.002122
ACCCGAGCGAAATTAC-1,0.002663,0.002664,0.005328,0.821111,0.16557,0.002664
ACCCGATTGGTTCCGA-1,0.008936,0.008938,0.017874,0.946358,0.008947,0.008946
ACCCGGAAACTCCCAG-1,0.000303,0.082796,0.000606,0.494051,0.000303,0.421941
ACCCGGAGCACCACAA-1,0.00048,0.00048,0.00096,0.997121,0.00048,0.00048
ACCCGTAGCAGAGAAT-1,0.003128,0.213438,0.006264,0.770909,0.00313,0.003131
ACCCGTAGTCTAGTTG-1,0.000038,0.000038,0.985109,0.000076,0.000038,0.014702
ACCCGTGTCATCAGTA-1,0.002556,0.164123,0.005111,0.823098,0.002555,0.002557
ACCCTATAGGACTGAG-1,0.000124,0.302176,0.019722,0.677731,0.000124,0.000124
ACCCTATGCCATATCG-1,0.005965,0.005966,0.011922,0.964224,0.005961,0.005962
ACCCTCCCGTCAGGGC-1,0.002235,0.150057,0.634314,0.208918,0.002235,0.002242
ACCCTCCCTTGCTATT-1,0.000635,0.085641,0.001272,0.642759,0.269057,0.000636
ACCCTGGTAACGCCCT-1,0.001117,0.001118,0.110895,0.433305,0.001118,0.452446
ACCCTTCATCTGCGAA-1,0.00084,0.00084,0.001681,0.994957,0.000841,0.00084
ACCCTTGCCTGGGTCG-1,0.002319,0.002319,0.225502,0.765221,0.002319,0.002319
ACCCTTTAGTTCTCCA-1,0.00447,0.004474,0.00894,0.525454,0.004472,0.45219
ACCGAAAGGGCCCTGC-1,0.003702,0.089164,0.043025,0.852706,0.000082,0.01132
ACCGAAGAGTCTGGTT-1,0.001564,0.001565,0.003129,0.990611,0.001565,0.001566
ACCGACACATCTCCCA-1,0.003209,0.00321,0.313594,0.673564,0.003212,0.003212
ACCGACTGAGTCCCAC-1,0.000298,0.000298,0.048131,0.810242,0.101015,0.040016
ACCGAGTCTCCTTATT-1,0.002235,0.002235,0.139619,0.851438,0.002236,0.002237
ACCGATAGGCATAACC-1,0.000243,0.000243,0.042234,0.863068,0.050927,0.043285
ACCGATATTTAATCAT-1,0.000132,0.000132,0.877246,0.083943,0.038414,0.000132
ACCGCAATAACTGCCT-1,0.001251,0.001252,0.002505,0.750411,0.001252,0.243328
ACCGCGGTGGAAGTCG-1,0.00011,0.026158,0.00022,0.762208,0.156987,0.054316
ACCGCTAGTCATTGGT-1,0.001277,0.001278,0.002555,0.917932,0.001278,0.07568
ACCGGGCCTTTGTTGA-1,0.00024,0.054764,0.00048,0.678103,0.266174,0.00024
ACCGGTCAGGTACACC-1,0.000736,0.000737,0.001473,0.603113,0.000737,0.393204
ACCGGTCTGAGTACGG-1,0.002844,0.002845,0.329118,0.6595,0.002846,0.002847
ACCGTCCACTGGGCCC-1,0.001376,0.151811,0.312315,0.531745,0.001376,0.001376
ACCGTGACCACGTGGG-1,0.000556,0.000557,0.087987,0.355203,0.394879,0.160818
ACCGTTCCCGCTCTGA-1,0.000103,0.000103,0.186598,0.73631,0.030377,0.046509
ACCTAAGTACCTTTCA-1,0.007635,0.000175,0.000351,0.946604,0.000175,0.04506
ACCTAATCGACTTCCT-1,0.000178,0.000178,0.027983,0.762805,0.139645,0.06921
ACCTACAGTATGTGGT-1,0.001127,0.001128,0.002257,0.678264,0.001128,0.316095
ACCTACTATAAATCTA-1,0.003576,0.003579,0.007158,0.823659,0.15845,0.003578
ACCTCAGCGAGGCGCA-1,0.000421,0.000422,0.000843,0.728466,0.269426,0.000422
ACCTCCGCCCTCGCTG-1,0.000513,0.000513,0.111062,0.592467,0.294932,0.000513
ACCTCGAACTTATGCT-1,0.003053,0.003053,0.006106,0.981678,0.003055,0.003055
ACGAAATGGGCGGCAC-1,0.000053,0.037179,0.475803,0.438431,0.044221,0.004313
ACGACCCATGAGTTGC-1,0.000176,0.000176,0.899429,0.070975,0.000176,0.029069
ACGACTCTAGGGCCGA-1,0.001088,0.001089,0.051953,0.693993,0.250788,0.001089
ACGACTGGTCATACTC-1,0.010427,0.010432,0.020866,0.937403,0.010429,0.010443
ACGAGAACCCATCACG-1,0.000034,0.000034,0.408245,0.202766,0.234982,0.153937
ACGAGATATTTGCTTA-1,0.000582,0.427255,0.001165,0.395132,0.175283,0.000582
ACGAGGATACCACTCT-1,0.013207,0.163905,0.001456,0.573987,0.000728,0.246718
ACGAGGTTTACAACGT-1,0.00291,0.002912,0.005822,0.982533,0.002911,0.002911
ACGAGTACGGATGCCC-1,0.001193,0.000064,0.000128,0.2445,0.037397,0.716718
ACGAGTCGCCGGCGTT-1,0.000076,0.000076,0.596987,0.392028,0.010758,0.000076
ACGATACATAGAACTA-1,0.00046,0.09031,0.150301,0.64893,0.00046,0.109538
ACGATACCTATCCTGA-1,0.000131,0.000131,0.035285,0.964192,0.000131,0.000131
ACGATCATACATAGAG-1,0.000457,0.112161,0.115478,0.691301,0.000457,0.080146
ACGATGCATATGTTAT-1,0.001391,0.001392,0.180273,0.709746,0.001391,0.105807
ACGATGGATCCGATGC-1,0.001472,0.001473,0.002945,0.794723,0.001473,0.197913
ACGCAAACTAATAGAT-1,0.003385,0.003388,0.418551,0.567907,0.003385,0.003385
ACGCAATCACTACAGC-1,0.000016,0.000016,0.008732,0.036735,0.119543,0.834959
ACGCATAAATGACATG-1,0.001239,0.00124,0.155945,0.419409,0.00124,0.420928
ACGCATACGTTTACTA-1,0.000113,0.000113,0.000226,0.335879,0.622806,0.040863
ACGCATTCGTGAGTAC-1,0.129822,0.000901,0.001802,0.81523,0.000901,0.051345
ACGCCACTCGAAACAG-1,0.000288,0.000289,0.17128,0.797488,0.000289,0.030367
ACGCCAGATGATTTCT-1,0.000507,0.000507,0.001014,0.91964,0.077825,0.000507
ACGCCAGTGCGTTTGC-1,0.000377,0.255245,0.256772,0.323733,0.028243,0.13563
ACGCCCAGCTGTCGAT-1,0.000802,0.000803,0.327853,0.481547,0.052497,0.136497
ACGCGAAGTCAGACGA-1,0.000045,0.000045,0.00009,0.339555,0.000045,0.66022
ACGCGGGCCAAGGACA-1,0.443305,0.000172,0.000343,0.323919,0.000172,0.23209
ACGCGTTTCTTAAGAG-1,0.000137,0.000137,0.000274,0.999178,0.000137,0.000137
ACGCTACTGAATGGGC-1,0.000547,0.000547,0.339106,0.658706,0.000547,0.000547
ACGCTAGTGATACACT-1,0.000059,0.004514,0.039473,0.219435,0.044492,0.692028
ACGCTTAGTGTCTCTC-1,0.003293,0.003294,0.225053,0.761771,0.003294,0.003295
ACGGAACACGAGTGCC-1,0.000526,0.000526,0.001052,0.996844,0.000526,0.000526
ACGGAATTTAGCAAAT-1,0.000076,0.000076,0.360377,0.615902,0.023492,0.000076
ACGGACGCAGCGACAA-1,0.001787,0.167606,0.003578,0.823452,0.001788,0.001789
ACGGACTCTCAAAGCG-1,0.002195,0.002196,0.224645,0.493322,0.275444,0.002197
ACGGAGCGCAAATTAC-1,0.004813,0.004816,0.4413,0.539434,0.004819,0.004818
ACGGATGGTGCGGATA-1,0.000745,0.085977,0.001491,0.618874,0.226425,0.066488
ACGGCACTTGCTTGGG-1,0.000041,0.000041,0.000081,0.050223,0.17863,0.770985
ACGGCCAACATGGACT-1,0.000101,0.126373,0.021195,0.480723,0.000101,0.371507
ACGGCGACGATGGGAA-1,0.000186,0.000186,0.000373,0.34687,0.000186,0.652198
ACGGCGGGTTGCCCTG-1,0.002525,0.000114,0.103591,0.893541,0.000114,0.000114
ACGGCTGGATGTAGAA-1,0.000511,0.000511,0.193313,0.804643,0.000511,0.000511
ACGGGCGTATGCGACA-1,0.000132,0.000132,0.057053,0.516396,0.000132,0.426155
ACGGGTCATGTGACTT-1,0.0002,0.162782,0.049119,0.305692,0.482007,0.0002
ACGGGTTGTGACCTGT-1,0.004318,0.20063,0.008635,0.441335,0.004318,0.340764
ACGGTACAGTTCAATG-1,0.000813,0.075106,0.001627,0.577391,0.34425,0.000813
ACGGTCACCGAGAACA-1,0.002914,0.002912,0.267851,0.720498,0.002913,0.002912
ACGTACAGATTTCTCT-1,0.000155,0.000155,0.00031,0.863864,0.102855,0.03266
ACGTACTTTGGCACGG-1,0.005439,0.005447,0.413234,0.564997,0.005442,0.005441
ACGTAGATTGCTGATG-1,0.000347,0.000347,0.039597,0.659408,0.209591,0.090711
ACGTAGGAGAGTCGCT-1,0.000206,0.112796,0.010869,0.78564,0.000206,0.090283
ACGTATTACTCCGATC-1,0.000424,0.066813,0.000849,0.429495,0.246281,0.256137
ACGTCGGGCAACTCGG-1,0.007361,0.007371,0.014731,0.713831,0.007368,0.249339
ACGTGACAAAGTAAGT-1,0.000703,0.000703,0.062706,0.573665,0.000703,0.361519
ACGTGCGCCTCGTGCA-1,0.000217,0.000217,0.226278,0.772855,0.000217,0.000217
ACGTGGTCGAATGTGC-1,0.01138,0.000452,0.000904,0.659017,0.327795,0.000452
ACGTTAATGTCGAAGA-1,0.000691,0.000692,0.001384,0.54158,0.157154,0.298499
ACGTTATTGGTCACTC-1,0.000156,0.000156,0.000312,0.999064,0.000156,0.000156
ACGTTCACTATGCCGC-1,0.008342,0.008347,0.949912,0.016705,0.008349,0.008345
ACGTTCCGCGCTCCGT-1,0.000029,0.000801,0.929702,0.06941,0.000029,0.000029
ACGTTCGTTCAGGAAA-1,0.002319,0.002319,0.33026,0.556669,0.106115,0.002319
ACGTTCTGTACAAGTC-1,0.002318,0.396236,0.004638,0.446197,0.002319,0.148293
ACGTTGTCGTTGAAAG-1,0.000192,0.000192,0.134686,0.864547,0.000192,0.000192
ACGTTTAGTTGTGATC-1,0.000377,0.000377,0.09337,0.783429,0.122069,0.000377
ACGTTTCGGTGCACTT-1,0.000941,0.175435,0.153714,0.668026,0.000942,0.000942
ACTAAGGACGCACACC-1,0.001814,0.183595,0.00363,0.560564,0.001814,0.248582
ACTAATACGTCAGGCG-1,0.000652,0.23498,0.001305,0.761759,0.000652,0.000652
ACTACAAAGAGAGGTG-1,0.000234,0.000234,0.035196,0.904127,0.059974,0.000234
ACTACATCCCGACAAG-1,0.001444,0.001439,0.002879,0.857408,0.00144,0.135391
ACTACCAGCTCTCTGG-1,0.000147,0.26682,0.302444,0.401041,0.029401,0.000147
ACTACCATCCGAGGGC-1,0.002158,0.002159,0.004317,0.864167,0.002159,0.12504
ACTACGCGTTAGAATT-1,0.004816,0.004816,0.009632,0.56649,0.004818,0.409428
ACTAGTTGCGATCGTC-1,0.000143,0.000143,0.000287,0.531252,0.449051,0.019123
ACTATATGCTGTGTTC-1,0.004172,0.192709,0.008348,0.317789,0.004175,0.472807
ACTATCGCCGGCTAAA-1,0.000283,0.000283,0.090425,0.244569,0.664156,0.000283
ACTATCTGCCCGCGTA-1,0.000163,0.000163,0.000326,0.999023,0.000163,0.000163
ACTATGTCCAGCTGCC-1,0.002454,0.002455,0.004914,0.985266,0.002456,0.002456
ACTATTCGTCCGTGGT-1,0.00184,0.001841,0.118784,0.797985,0.001841,0.077708
ACTATTTCCGGGCCCA-1,0.003132,0.107405,0.006261,0.800812,0.079259,0.003131
ACTCAACGAATGTATT-1,0.000041,0.052813,0.521928,0.341041,0.084137,0.000041
ACTCAAGTGCAAGGCT-1,0.001332,0.001332,0.494772,0.295982,0.001332,0.20525
ACTCAATAAAGGCACG-1,0.000249,0.000249,0.000498,0.716907,0.252156,0.029941
ACTCAGACCTGCTTCT-1,0.000016,0.000016,0.999906,0.000031,0.000016,0.000016
ACTCATGGCAGCCTTC-1,0.008341,0.008351,0.016708,0.949903,0.008351,0.008346
ACTCCAATATCATCAT-1,0.00278,0.002781,0.005567,0.983304,0.002782,0.002785
ACTCCCGAATTCGTTT-1,0.000565,0.000564,0.152032,0.323296,0.000564,0.522978
ACTCCCGTAGACTAGG-1,0.001604,0.001606,0.003211,0.335341,0.272877,0.38536
ACTCCCTAATGCTAAA-1,0.000395,0.12159,0.00079,0.00079,0.000395,0.876041
ACTCCCTAGAATAGTA-1,0.000024,0.000024,0.000048,0.000543,0.235403,0.763957
ACTCCGGCCGACCACT-1,0.002453,0.002455,0.004913,0.848643,0.139082,0.002455
ACTCGATGTATTTCAT-1,0.000131,0.000131,0.087789,0.911688,0.000131,0.000131
ACTCGCCGTTCGATAA-1,0.000291,0.097481,0.000583,0.798895,0.000291,0.10246
ACTCGCGATCTGACGC-1,0.00272,0.002722,0.005444,0.983669,0.002722,0.002723
ACTCGTAACCCGTCCT-1,0.000463,0.000464,0.000927,0.962698,0.000464,0.034984
ACTCGTCAGTAATCCC-1,0.000417,0.024926,0.000835,0.603404,0.123095,0.247323
ACTCTAAACCTGGGAT-1,0.00013,0.00013,0.150555,0.778471,0.070584,0.00013
ACTCTCTTATACACGA-1,0.003476,0.003478,0.257461,0.512217,0.21989,0.003479
ACTCTGACCTAATAGA-1,0.00074,0.000741,0.001482,0.363002,0.530676,0.103359
ACTCTTGTATAGTAAC-1,0.002947,0.000158,0.000315,0.578372,0.128,0.290209
ACTGAAACGCCGTTAG-1,0.00149,0.001491,0.002982,0.991055,0.001491,0.001491
ACTGAATGGCGAAAGT-1,0.001239,0.19188,0.00248,0.801919,0.00124,0.00124
ACTGATTTAGTGATTC-1,0.00278,0.002782,0.181578,0.80729,0.002785,0.002785
ACTGCCCGCCATTCTC-1,0.010425,0.010434,0.020866,0.402216,0.545623,0.010436
ACTGCCGTCGTAACTC-1,0.000274,0.000274,0.000548,0.868958,0.129672,0.000274
ACTGCTCGGAAGGATG-1,0.002275,0.002276,0.004551,0.930236,0.002276,0.058385
ACTGGCGAACCTGCGT-1,0.002554,0.002555,0.005112,0.59136,0.395864,0.002556
ACTGGGATGCCAGTGC-1,0.00358,0.170804,0.536176,0.007158,0.003577,0.278706
ACTGTACGATACACAT-1,0.000166,0.000166,0.03131,0.425855,0.438782,0.103721
ACTGTAGCACTTTGGA-1,0.000123,0.006011,0.641436,0.340518,0.011789,0.000123
ACTGTATACGCGAGCA-1,0.000076,0.022371,0.525381,0.452021,0.000076,0.000076
ACTGTCCAGGATTATA-1,0.003229,0.000196,0.000392,0.826213,0.000196,0.169773
ACTGTCTTCTTTAGAA-1,0.000329,0.047707,0.000659,0.580649,0.370327,0.00033
ACTGTGCTAGTAGATC-1,0.000078,0.000078,0.719165,0.280522,0.000078,0.000078
ACTGTTTAGTGTAGGC-1,0.000759,0.000759,0.137916,0.71553,0.115296,0.02974
ACTTACCGGGCGCGCA-1,0.001868,0.001869,0.161843,0.830681,0.001869,0.00187
ACTTACGCATCCACGC-1,0.028428,0.221727,0.002455,0.486366,0.001228,0.259796
ACTTAGTACGACAAGA-1,0.000048,0.342668,0.287315,0.345409,0.006646,0.017915
ACTTATTAGGATCGGT-1,0.019178,0.10109,0.08823,0.348961,0.182128,0.260412
ACTTATTTATGTGCCA-1,0.000528,0.000528,0.05267,0.498453,0.447292,0.000528
ACTTCAGGCTGATCCC-1,0.000659,0.116612,0.001318,0.621028,0.12671,0.133673
ACTTCCAGTGGAAGCT-1,0.002407,0.143965,0.004818,0.654692,0.002408,0.19171
ACTTCCATGCGGGACA-1,0.001109,0.001108,0.078989,0.566324,0.351361,0.001108
ACTTCGCCATACGCAC-1,0.001738,0.001739,0.175617,0.540072,0.001739,0.279094
ACTTCGCTAGCGAGTG-1,0.000313,0.116424,0.05576,0.42063,0.043166,0.363708
ACTTGCCATATTGTAC-1,0.000465,0.033658,0.303492,0.48247,0.179449,0.000466
ACTTGCTCTATCTACC-1,0.003794,0.003796,0.427854,0.407351,0.003794,0.153411
ACTTGGGACCCGGTGG-1,0.000069,0.538966,0.125299,0.222612,0.101173,0.011881
ACTTGGGCTTTCGCCA-1,0.000684,0.000684,0.694804,0.168379,0.134764,0.000684
ACTTGTGGATGGAACG-1,0.000914,0.000914,0.097574,0.717879,0.000914,0.181805
ACTTGTTACCGGATCA-1,0.000442,0.000443,0.512729,0.485501,0.000442,0.000443
ACTTTATACACCACTT-1,0.001304,0.001304,0.188979,0.805804,0.001304,0.001305
ACTTTCCTATAGCTTC-1,0.001896,0.001897,0.311267,0.681144,0.001898,0.001898
ACTTTGGTCGTGCTCC-1,0.002555,0.002556,0.005112,0.984667,0.002555,0.002555
ACTTTGTCGACGCACT-1,0.00023,0.00023,0.329529,0.365795,0.120849,0.183367
AGAAATTATGACTCGC-1,0.000131,0.000131,0.000263,0.999212,0.000131,0.000131
AGAACACGGCGATGGT-1,0.001034,0.001035,0.00207,0.99379,0.001035,0.001035
AGAACCCAGCGTGACA-1,0.007863,0.000424,0.154821,0.772542,0.000424,0.063924
AGAACCCTCAATTGGG-1,0.000758,0.000759,0.001517,0.883777,0.000759,0.11243
AGAACGTGGTACATTC-1,0.001439,0.001439,0.304192,0.492591,0.09332,0.107019
AGAACTGTACTTTGTA-1,0.003793,0.003794,0.392789,0.341385,0.003795,0.254444
AGAAGGTACACTTCAC-1,0.002606,0.002609,0.005221,0.984347,0.002608,0.002608
AGAAGGTTGTAGGTCG-1,0.005442,0.005444,0.010898,0.780644,0.005446,0.192125
AGAAGTGATTCGTGAT-1,0.000963,0.000963,0.001925,0.937247,0.000963,0.057939
AGAATACAGGCTATCC-1,0.001052,0.001052,0.002105,0.842744,0.001052,0.151994
AGAATGCGGGTTCGGA-1,0.004171,0.004174,0.008354,0.657421,0.321707,0.004174
AGAATTATGGATTCGA-1,0.000423,0.000423,0.0417,0.167195,0.148154,0.642104
AGAATTGTTTGACATA-1,0.000434,0.073281,0.858454,0.067796,0.000017,0.000017
AGACAGCTCAGAATCC-1,0.000099,0.000099,0.320146,0.679458,0.000099,0.000099
AGACAGGCATCTCAGC-1,0.000248,0.000248,0.911928,0.087078,0.000248,0.000248
AGACATAGATCCTTCC-1,0.000027,0.340114,0.188735,0.286175,0.125179,0.05977
AGACCAAACCACACCT-1,0.000857,0.570442,0.009429,0.417556,0.000858,0.000858
AGACCATGGGATACAA-1,0.000082,0.000082,0.481233,0.51844,0.000082,0.000082
AGACCCACCGCTGATC-1,0.0005,0.03554,0.000075,0.281203,0.062936,0.619745
AGACCCGCCCTCCTCG-1,0.000201,0.000201,0.000644,0.998552,0.000201,0.000201
