Barcode,Topic 1to3,Topic 4,Topic 5,Topic 6,Topic 7
AAACAAGTATCTCCCA-1,0.961939,0.000137,0.000137,0.000137,0.03765
AAACAATCTACTAGCA-1,0.866003,0.003322,0.003325,0.003336,0.124014
AAACATTTCCCGGATT-1,0.967477,0.000483,0.000483,0.000484,0.031073
AAACCCGAACGAAATC-1,0.965735,0.000223,0.000223,0.000224,0.033596
AAACCGGAAATGTTAA-1,0.679612,0.00008,0.000081,0.000081,0.320147
AAACCGGGTAGGTACC-1,0.999519,0.00012,0.00012,0.00012,0.000121
AAACCTAAGCAGCCGG-1,0.712664,0.000794,0.000795,0.000797,0.28495
AAACCTCATGAAGTTG-1,0.962618,0.000121,0.000121,0.000121,0.037019
AAACGAAGAACATACC-1,0.86074,0.002012,0.002015,0.002017,0.133216
AAACGAGACGGTTGAT-1,0.999824,0.000044,0.000044,0.000044,0.000044
AAACGCTGGGCACGAC-1,0.866122,0.000248,0.000248,0.000248,0.133134
AAACGGGCGTACGGGT-1,0.989587,0.002597,0.0026,0.002605,0.002611
AAACGGGTTGGTATCC-1,0.022678,0.007519,0.007526,0.007531,0.954746
AAACTCGTGATATAAG-1,0.999257,0.000185,0.000186,0.000186,0.000186
AAACTGCTGGCTCCAA-1,0.965334,0.00012,0.00012,0.00012,0.034305
AAAGAATGTGGACTAA-1,0.790374,0.001605,0.001606,0.001608,0.204806
AAAGACCCAAGTCGCG-1,0.631748,0.000321,0.000322,0.000322,0.367287
AAAGACTGGGCGCTTT-1,0.41734,0.002041,0.002042,0.00205,0.576527
AAAGCTTGCCTACATA-1,0.999329,0.000167,0.000168,0.000168,0.000168
AAAGGGATGTAGCAAG-1,0.952129,0.000146,0.000146,0.000146,0.047433
AAAGGGCAGCTTGAAT-1,0.449925,0.005495,0.005503,0.005501,0.533577
AAAGTCACTGATGTAA-1,0.698746,0.000256,0.000257,0.000257,0.300483
AAAGTCGACCCTCAGT-1,0.559073,0.001335,0.001338,0.001338,0.436916
AAAGTGCCATCAATTA-1,0.643814,0.000144,0.000144,0.000145,0.355753
AAAGTGTGATTTATCT-1,0.909957,0.000162,0.000162,0.000163,0.089556
AAAGTTGACTCCCGTA-1,0.999623,0.000094,0.000094,0.000094,0.000094
AAATAAGGTAGTGCCC-1,0.999757,0.000061,0.000061,0.000061,0.000061
AAATACCTATAAGCAT-1,0.918004,0.000117,0.000117,0.000117,0.081645
AAATAGCTTAGACTTT-1,0.850642,0.000084,0.000084,0.000085,0.149105
AAATCCGATACACGCC-1,0.948691,0.000181,0.000182,0.000182,0.050764
AAATCGTGTACCACAA-1,0.870893,0.0001,0.0001,0.0001,0.128808
AAATCTAGCCCTGCTA-1,0.99952,0.00012,0.00012,0.00012,0.00012
AAATGATTCGATCAGC-1,0.999101,0.000224,0.000225,0.000225,0.000225
AAATGCTCGTTACGTT-1,0.996071,0.000978,0.000981,0.000985,0.000984
AAATGGCATGTCTTGT-1,0.777033,0.000249,0.00025,0.00025,0.222218
AAATGGTCAATGTGCC-1,0.999726,0.000068,0.000069,0.000069,0.000069
AAATGTGGGTGCTCCT-1,0.701221,0.003484,0.003493,0.003501,0.288301
AAATTAACGGGTAGCT-1,0.940241,0.00016,0.00016,0.00016,0.059279
AAATTACCTATCGATG-1,0.97625,0.000188,0.000189,0.000189,0.023184
AAATTCCAGGTCCAAA-1,0.999692,0.000077,0.000077,0.000077,0.000077
AAATTGCGGCGGTTCT-1,0.030778,0.010204,0.010205,0.010229,0.938584
AACAACTGGTAGTTGC-1,0.989954,0.002506,0.002509,0.002512,0.002519
AACAATTACTCTACGC-1,0.50185,0.003322,0.003323,0.003326,0.488178
AACACACGCTCGCCGC-1,0.992174,0.000098,0.000098,0.000098,0.007531
AACACGACTGTACTGA-1,0.991697,0.00207,0.002074,0.002076,0.002083
AACACGCGGCCGCGAA-1,0.676965,0.000887,0.000888,0.00089,0.32037
AACAGGAAATCGAATA-1,0.93314,0.000307,0.000308,0.000308,0.065936
AACAGGATGGGCCGCG-1,0.570889,0.001984,0.001985,0.001991,0.423151
AACAGGTAGTATGGAT-1,0.994392,0.001401,0.001401,0.001402,0.001405
AACATATCAACTGGTG-1,0.902849,0.000137,0.000137,0.000137,0.09674
AACATTGGTCAGCCGT-1,0.003197,0.000922,0.000924,0.000926,0.994032
AACCAAGACTTCTCTG-1,0.510949,0.003572,0.003577,0.003585,0.478317
AACCATGGGATCGCTA-1,0.805257,0.001311,0.001313,0.001314,0.190805
AACCCAGAGACGGAGA-1,0.705263,0.003861,0.003867,0.003868,0.283141
AACCCGAGCAGAATCG-1,0.834476,0.000101,0.000101,0.000101,0.165221
AACCCTACTGTCAATA-1,0.992046,0.000067,0.000067,0.000067,0.007753
AACCCTGGTGGAACCA-1,0.885428,0.002506,0.002514,0.002514,0.107038
AACCGAGCTTGGTCAT-1,0.949306,0.000193,0.000193,0.000193,0.050116
AACCGCTAAGGGATGC-1,0.999323,0.000136,0.000136,0.000137,0.000267
AACCGTTGTGTTTGCT-1,0.991932,0.002012,0.002015,0.002018,0.002023
AACCTAAAGCCGTCCG-1,0.853745,0.000367,0.000368,0.000368,0.145152
AACCTCGCTTTAGCCC-1,0.915741,0.00091,0.000911,0.000912,0.081526
AACCTGTCACGGAATT-1,0.9995,0.000125,0.000125,0.000125,0.000125
AACGACCTCCTAGCCG-1,0.789916,0.000137,0.000137,0.000137,0.209672
AACGATAGAAGGGCCG-1,0.733934,0.002421,0.002428,0.002427,0.25879
AACGATATGTCAACTG-1,0.996866,0.000145,0.000145,0.000145,0.002699
AACGCATGATCTGGGT-1,0.89858,0.000262,0.000263,0.000263,0.100633
AACGCGAACGGCAACA-1,0.343877,0.003484,0.003498,0.003491,0.64565
AACGCGGTCTCCAGCC-1,0.988057,0.000199,0.000199,0.000199,0.011346
AACGCTGTTGCTGAAA-1,0.99967,0.000082,0.000083,0.000083,0.000083
AACGGACGTACGTATA-1,0.999535,0.000116,0.000116,0.000116,0.000116
AACGTAGTCTACCCAT-1,0.669905,0.002597,0.002601,0.002605,0.322292
AACGTCAGACTAGTGG-1,0.658207,0.002132,0.00214,0.00214,0.335381
AACGTGATGAAGGACA-1,0.694479,0.000644,0.000645,0.000646,0.303586
AACGTGCGAAAGTCTC-1,0.997883,0.000099,0.000099,0.000099,0.001821
AACGTTATCAGCACCT-1,0.917489,0.000356,0.000357,0.000358,0.08144
AACTACCCGTTTGTCA-1,0.999188,0.000202,0.000202,0.000203,0.000205
AACTAGCGTATCGCAC-1,0.775059,0.002747,0.002753,0.002752,0.216688
AACTCAAGTTAATTGC-1,0.969095,0.000252,0.000253,0.000253,0.030146
AACTCCAGAGCGTGTT-1,0.72745,0.000729,0.00073,0.000731,0.27036
AACTCGATGGCGCAGT-1,0.43507,0.001553,0.001554,0.001558,0.560266
AACTCTCAATAGAGCG-1,0.970421,0.000093,0.000093,0.000093,0.029301
AACTGAGTTATACTGA-1,0.837815,0.00014,0.000141,0.000141,0.161764
AACTGATATTAGGCCT-1,0.954338,0.001242,0.001243,0.001247,0.041931
AACTGGGTCCCGACGT-1,0.997272,0.00068,0.000681,0.000683,0.000684
AACTGGTGTGGGCCTT-1,0.559083,0.000244,0.000244,0.000245,0.440184
AACTTCTGCGTCTATC-1,0.772018,0.001721,0.001723,0.001728,0.22281
AACTTGCCCGTATGCA-1,0.271179,0.001488,0.001491,0.001494,0.724348
AACTTGCGTTCTCGCG-1,0.971331,0.007143,0.007144,0.0072,0.007182
AACTTTACGGGAGCTT-1,0.329019,0.000426,0.000428,0.000428,0.669699
AACTTTAGCTGCTGAG-1,0.764523,0.00068,0.000681,0.000682,0.233433
AACTTTCTCGATCATG-1,0.997081,0.000729,0.000729,0.00073,0.000731
AAGAAATCACCAGATT-1,0.889831,0.000302,0.000303,0.000303,0.109261
AAGAAGGATCAGTTAG-1,0.825409,0.002041,0.002047,0.002051,0.168453
AAGACATACGTGGTTT-1,0.93127,0.000057,0.000057,0.000057,0.068558
AAGACTAACCCGTTGT-1,0.523807,0.006211,0.006222,0.006243,0.457517
AAGACTGCAAGCTACT-1,0.945817,0.000132,0.000132,0.000132,0.053787
AAGAGATGAATCGGTA-1,0.760478,0.003759,0.003763,0.00377,0.22823
AAGAGCTCTTTATCGG-1,0.966201,0.000068,0.000068,0.000068,0.033594
AAGAGGATGTACGCGA-1,0.92054,0.000077,0.000077,0.000078,0.079228
AAGAGGCATGGATCGC-1,0.999823,0.000044,0.000044,0.000044,0.000044
AAGAGGCCCTTTGGAA-1,0.637665,0.000135,0.000135,0.000136,0.361929
AAGATTGGCGGAACGT-1,0.998464,0.000383,0.000384,0.000385,0.000385
AAGCCGAAGCGGTTTA-1,0.999216,0.000196,0.000196,0.000196,0.000197
AAGCCGCTTTACCTTG-1,0.918202,0.000845,0.000847,0.000848,0.079259
AAGCCGGAGAGCAGGA-1,0.456278,0.000083,0.000083,0.000083,0.543474
AAGCTCGTGCCAAGTC-1,0.999523,0.000119,0.000119,0.000119,0.00012
AAGCTCTTTCATGGTG-1,0.883675,0.00032,0.00032,0.00032,0.115365
AAGGAGAACTTATAAG-1,0.641416,0.00152,0.001523,0.001523,0.354019
AAGGAGCGGTTGGTGC-1,0.880142,0.000117,0.000117,0.000117,0.119507
AAGGATCGATCGCTTG-1,0.973105,0.000114,0.000114,0.000114,0.026554
AAGGATGAGGGACCTC-1,0.999305,0.000173,0.000174,0.000174,0.000174
AAGGCAGGCTGTCTCC-1,0.871883,0.000169,0.000169,0.00017,0.127609
AAGGCGCGTAAAGCTT-1,0.595662,0.002551,0.002552,0.002562,0.396673
AAGGCTGTGCTCATCG-1,0.735513,0.000155,0.000156,0.000156,0.264021
AAGGGACAGATTCTGT-1,0.998716,0.00032,0.000321,0.000321,0.000322
AAGGTATCCTAATATA-1,0.996217,0.00013,0.00013,0.000131,0.003392
AAGGTGATAAACCAGC-1,0.99953,0.000117,0.000117,0.000118,0.000118
AAGTAAGCTTCCAAAC-1,0.475588,0.000352,0.000353,0.000353,0.523354
AAGTAGAAGACCGGGT-1,0.582106,0.002268,0.002273,0.002275,0.411079
AAGTAGTGACGCGAGG-1,0.862733,0.000142,0.000143,0.000143,0.13684
AAGTCAATTGTCGTCA-1,0.999426,0.000143,0.000143,0.000144,0.000144
AAGTCTAGTAGCTGCC-1,0.999131,0.000217,0.000217,0.000218,0.000218
AAGTGACGACCGAATT-1,0.773741,0.000161,0.000161,0.000161,0.225777
AAGTGCAAAGGTAGAC-1,0.790196,0.004202,0.004206,0.004214,0.197182
AAGTGCCTTGACTGTA-1,0.966571,0.000147,0.000147,0.000147,0.032988
AAGTTCACTCCAAGCT-1,0.723153,0.000946,0.000947,0.000949,0.274005
AAGTTCGGCCAACAGG-1,0.997032,0.00074,0.000742,0.000742,0.000744
AAGTTGTGATGTTATA-1,0.866419,0.001553,0.001554,0.001555,0.128919
AAGTTTACTAATGGCA-1,0.737352,0.000893,0.000895,0.000897,0.259964
AATAACAACGCTCGGC-1,0.974155,0.000523,0.000524,0.000525,0.024273
AATAAGTCCTCGAGAC-1,0.91392,0.003861,0.003874,0.003869,0.074476
AATAATCTTCGTATCG-1,0.697591,0.000174,0.000174,0.000174,0.301887
AATACAATGTTTCAGG-1,0.210628,0.003759,0.003761,0.003766,0.778085
AATAGAATCTGTTTCA-1,0.960847,0.000076,0.000076,0.000077,0.038924
AATAGTCGCGAGTCGG-1,0.992651,0.001832,0.001837,0.001839,0.001841
AATATCAAGGTCGGAT-1,0.52272,0.000135,0.000135,0.000135,0.476874
AATATCGAATCAATGC-1,0.999021,0.000244,0.000245,0.000245,0.000245
AATATCGAGGGTTCTC-1,0.999494,0.000126,0.000126,0.000126,0.000127
AATATTGGAGTATTGA-1,0.604421,0.000558,0.000559,0.00056,0.393901
AATCAGACTGCAGGAC-1,0.233534,0.001458,0.00146,0.00146,0.762088
AATCATGTAAAGACTC-1,0.999587,0.000103,0.000103,0.000103,0.000103
AATCCAAGGGCCTGAG-1,0.679674,0.000218,0.000219,0.000219,0.31967
AATCCATGCAAGGGTG-1,0.622279,0.002916,0.002918,0.002924,0.368963
AATCGCCTCAGCGCCA-1,0.99984,0.00004,0.00004,0.00004,0.00004
AATCGCGCAGAGGACT-1,0.999618,0.000095,0.000095,0.000095,0.000096
AATCGGGACACTACGA-1,0.990291,0.002421,0.002428,0.002426,0.002434
AATCGGTATAGCCCTC-1,0.83309,0.000539,0.00054,0.00054,0.165291
AATCGTGAGCCGAGCA-1,0.98668,0.003322,0.003323,0.003336,0.003339
AATCTATGCCGGAGCC-1,0.999466,0.000133,0.000133,0.000134,0.000134
AATCTCTACTGTGGTT-1,0.797528,0.005102,0.00511,0.005114,0.187146
AATCTGCGTTGGGACG-1,0.999486,0.000128,0.000128,0.000129,0.000129
AATGACGTAGGATGTC-1,0.962832,0.000123,0.000123,0.000123,0.036798
AATGACTGTCAGCCGG-1,0.709004,0.000707,0.000709,0.00071,0.28887
AATGAGTTCGCATATG-1,0.982601,0.004329,0.004375,0.004342,0.004353
AATGATGATACGCTAT-1,0.904384,0.000158,0.000158,0.000158,0.095142
AATGATGCGACTCCTG-1,0.972754,0.000145,0.000145,0.000145,0.026811
AATGCAACCGGGTACC-1,0.919135,0.000178,0.000178,0.000178,0.080331
AATGGTCCACCGTTCA-1,0.702935,0.003401,0.003408,0.003409,0.286847
AATGGTTCTCACAAGC-1,0.618165,0.001488,0.001492,0.001497,0.377358
AATGTTGTCGTGAGAC-1,0.867969,0.000386,0.000387,0.000387,0.13087
AATTAAAGGTCGGCGT-1,0.999613,0.000097,0.000097,0.000097,0.000097
AATTCATAAGGGATCT-1,0.939054,0.000188,0.000188,0.000188,0.060382
AATTCTAGAGTTAGGC-1,0.999732,0.000067,0.000067,0.000067,0.000067
AATTGAACGCTCTGGT-1,0.999858,0.000035,0.000036,0.000036,0.000036
AATTGCAGCAATCGAC-1,0.786542,0.00076,0.000761,0.000762,0.211175
AATTGTGGTTGCCAAA-1,0.57159,0.000107,0.000107,0.000107,0.428089
AATTTGGTTCCAAAGA-1,0.9968,0.000798,0.0008,0.0008,0.000802
ACAAACCGACAAGGCG-1,0.862092,0.000286,0.000287,0.000287,0.137048
ACAAAGCATGACCTAG-1,0.814458,0.002506,0.002508,0.002513,0.178014
ACAAATCGCACCGAAT-1,0.93368,0.000182,0.000182,0.000183,0.065773
ACAAATGGTAGTGTTT-1,0.999747,0.000063,0.000063,0.000063,0.000063
ACAACAGCATGAGCTA-1,0.99961,0.000097,0.000097,0.000098,0.000098
ACAACGGTCCCTGCGA-1,0.672987,0.00152,0.001525,0.001525,0.322443
ACAAGCAGTGCCTAGC-1,0.337607,0.005102,0.005107,0.005121,0.647063
ACAAGGAAATCCGCCC-1,0.998259,0.000434,0.000435,0.000436,0.000436
ACAAGGACAAGAGGTT-1,0.803766,0.00019,0.00019,0.00019,0.195664
ACAAGGATGCTTTAGG-1,0.471804,0.000141,0.000142,0.000142,0.527771
ACAAGGGCAGGCTCTG-1,0.944789,0.000128,0.000128,0.000128,0.054828
ACAATAGTCGTACGTT-1,0.946764,0.000073,0.000073,0.000073,0.053018
ACAATCCATTTAAACC-1,0.995804,0.000065,0.000065,0.000065,0.004002
ACAATCGATCTTTATA-1,0.434482,0.000552,0.000552,0.000554,0.56386
ACAATTGTGTCTCTTT-1,0.999493,0.000127,0.000127,0.000127,0.000127
ACAATTTAGGAGGCTC-1,0.70661,0.001984,0.001991,0.001989,0.287427
ACAATTTGAGCAGTGG-1,0.99974,0.000065,0.000065,0.000065,0.000065
ACAATTTGGCCATATT-1,0.881609,0.00007,0.00007,0.00007,0.118181
ACACAAAGACGGGTGG-1,0.906741,0.000284,0.000285,0.000285,0.092406
ACACACCAGGACCAGT-1,0.974669,0.000307,0.000308,0.000308,0.024408
ACACACTTTCTACACG-1,0.768018,0.00091,0.000911,0.000913,0.229249
ACACCACATAATTAGC-1,0.999733,0.000067,0.000067,0.000067,0.000067
ACACCCAGCATGCAGC-1,0.932394,0.000291,0.000292,0.000292,0.066732
ACACCCGAGAAATCCG-1,0.786006,0.001458,0.001459,0.001462,0.209615
ACACCTTAAGTAGGGC-1,0.687367,0.0006,0.000601,0.000602,0.31083
ACACCTTACTACTTGC-1,0.999503,0.000124,0.000124,0.000124,0.000124
ACACGAGACTCCTTCT-1,0.995978,0.000089,0.00009,0.00009,0.003754
ACACGGCACTATGCAT-1,0.757142,0.001984,0.001988,0.001991,0.236895
ACACGGGAACTTAGGG-1,0.953712,0.000111,0.000112,0.000112,0.045954
ACACGTAGGCCACAAG-1,0.752389,0.00015,0.00015,0.00015,0.247162
ACACTCCAATGTCACT-1,0.984518,0.003861,0.00387,0.003872,0.003879
ACACTGGGACAGTCGT-1,0.526773,0.000116,0.000116,0.000116,0.472878
ACAGATTAGGTTAGTG-1,0.757481,0.002506,0.002511,0.002518,0.234984
ACAGCATAGAGCCAGT-1,0.986973,0.003247,0.003263,0.003253,0.003264
ACAGCGACATTCTCAT-1,0.511596,0.000365,0.000366,0.000367,0.487306
ACAGCGCACCCGCAGC-1,0.296565,0.000922,0.000923,0.257665,0.443925
ACAGGCACGGATCCTT-1,0.803355,0.002041,0.002044,0.002047,0.190514
ACAGGCTTGCCCGACT-1,0.982391,0.000174,0.000175,0.000175,0.017084
ACAGTATACCGTGGGA-1,0.849697,0.000231,0.000231,0.000232,0.149609
ACATAATAAGGCGGTG-1,0.998755,0.000311,0.000311,0.000311,0.000312
ACATCAGCTGGGACGC-1,0.54821,0.007937,0.007948,0.007969,0.427937
ACATCCTGGTAACTGT-1,0.983779,0.000057,0.000057,0.000057,0.016051
ACATCGATCGTTTACC-1,0.999284,0.000151,0.000152,0.000152,0.000261
ACATCGGTCAGCCGCG-1,0.888194,0.000198,0.000198,0.000199,0.11121
ACATCGTATGCAATGG-1,0.999858,0.000035,0.000035,0.000036,0.000036
ACATCGTTAACCTAGT-1,0.902196,0.000613,0.000614,0.000615,0.095962
ACATCTCAACGCGTAA-1,0.522184,0.010989,0.011,0.011006,0.444821
ACATGGCGCCAAAGTA-1,0.999825,0.000044,0.000044,0.000044,0.000044
ACATGGCTCAATTTAG-1,0.608445,0.007937,0.007937,0.007962,0.367719
ACCAAACTAGAAATCC-1,0.94033,0.000345,0.000346,0.000346,0.058633
ACCAACCGCACTCCAC-1,0.790136,0.001957,0.00196,0.001962,0.203985
ACCAAGAACGCGTGTC-1,0.923515,0.001681,0.001685,0.001685,0.071434
ACCAAGTCATCGGCAG-1,0.83943,0.001701,0.001707,0.001706,0.155457
ACCACAACTCAGAACA-1,0.583385,0.003106,0.003107,0.003112,0.40729
ACCACAAGTTTCTATC-1,0.961603,0.000108,0.000108,0.000109,0.038071
ACCACCAATGTAACAA-1,0.969561,0.000073,0.000073,0.000073,0.030219
ACCACCCTCTCTTCTA-1,0.999705,0.000074,0.000074,0.000074,0.000074
ACCACGTGCAGCTATA-1,0.999019,0.000245,0.000245,0.000245,0.000246
ACCAGACCATAACAAC-1,0.617627,0.003106,0.003112,0.003112,0.373043
ACCAGCCCGGTCTTTG-1,0.861895,0.001701,0.001702,0.001704,0.132998
ACCAGGAGTGTGATCT-1,0.758571,0.001721,0.001724,0.001728,0.236256
ACCAGTGCGGGAGACG-1,0.999502,0.000124,0.000124,0.000125,0.000125
ACCATATCCGCAATAA-1,0.99967,0.000082,0.000082,0.000082,0.000083
ACCATCGTATATGGTA-1,0.999472,0.000132,0.000132,0.000132,0.000132
ACCCAACGCCCGTGGC-1,0.896751,0.000342,0.000342,0.000343,0.102222
ACCCACCTACATGCTC-1,0.453258,0.001764,0.001767,0.001768,0.541442
ACCCATCTTGAGGGTA-1,0.924213,0.000199,0.0002,0.0002,0.075188
ACCCATTTGTCCCTCT-1,0.940535,0.00068,0.000682,0.000682,0.057421
ACCCGGAGCACCACAA-1,0.649135,0.000302,0.000303,0.000303,0.349957
ACCCGGATGACGCATC-1,0.992746,0.000198,0.000199,0.000199,0.006658
ACCCGGTTACACTTCC-1,0.863017,0.000095,0.000095,0.000095,0.136698
ACCCGTAGTCTAGTTG-1,0.708076,0.000216,0.000216,0.000217,0.291274
ACCCTATAGGACTGAG-1,0.961819,0.009524,0.009527,0.00954,0.009589
ACCCTCCCGTCAGGGC-1,0.633399,0.00051,0.000511,0.000512,0.365068
ACCCTCCCTTGCTATT-1,0.972307,0.00009,0.00009,0.00009,0.027422
ACCCTTCATCTGCGAA-1,0.717921,0.000687,0.000688,0.000688,0.280016
ACCCTTTAGTTCTCCA-1,0.989584,0.002597,0.002602,0.002607,0.00261
ACCGAAAGGGCCCTGC-1,0.534371,0.000206,0.000206,0.000206,0.465011
ACCGACTGAGTCCCAC-1,0.999662,0.000084,0.000085,0.000085,0.000085
ACCGATAGGCATAACC-1,0.567238,0.000113,0.000113,0.000113,0.432423
ACCGATATTTAATCAT-1,0.846067,0.000151,0.000151,0.000152,0.153479
ACCGATGGTAGCATCG-1,0.994191,0.000076,0.000076,0.000076,0.005581
ACCGCGGTGGAAGTCG-1,0.929516,0.000102,0.000102,0.000102,0.070177
ACCGGGCCTTTGTTGA-1,0.999297,0.000175,0.000175,0.000176,0.000176
ACCGTTCCCGCTCTGA-1,0.984942,0.003759,0.00376,0.003763,0.003776
ACCTAATCGACTTCCT-1,0.732251,0.001035,0.001036,0.001037,0.26464
ACCTACAGTATGTGGT-1,0.982491,0.000114,0.000115,0.000115,0.017165
ACCTCCGCCCTCGCTG-1,0.911453,0.000313,0.000314,0.000314,0.087605
ACCTCCGTTATTCACC-1,0.991823,0.000099,0.000099,0.000099,0.007879
ACCTTTCCTTTAGAAG-1,0.795254,0.001721,0.001723,0.001725,0.199577
ACGAAATGGGCGGCAC-1,0.744345,0.001458,0.001459,0.00146,0.251278
ACGACCCATGAGTTGC-1,0.715037,0.00022,0.000221,0.000221,0.2843
ACGACTCTAGGGCCGA-1,0.909302,0.000768,0.000769,0.00077,0.088391
ACGAGAACCCATCACG-1,0.367315,0.002268,0.002272,0.002276,0.625869
ACGAGATATTTGCTTA-1,0.633406,0.001855,0.00186,0.001861,0.361018
ACGAGTACGGATGCCC-1,0.99964,0.00009,0.00009,0.00009,0.00009
ACGATACATAGAACTA-1,0.886232,0.000084,0.000084,0.000084,0.113517
ACGATCATACATAGAG-1,0.868892,0.000174,0.000174,0.000175,0.130585
ACGATCATCTTGTAAA-1,0.999589,0.000102,0.000103,0.000103,0.000103
ACGATGCATATGTTAT-1,0.875856,0.000345,0.000345,0.000346,0.123108
ACGATGGATCCGATGC-1,0.601567,0.001681,0.001683,0.001685,0.393385
ACGCAATCACTACAGC-1,0.992222,0.000206,0.000207,0.000207,0.007157
ACGCATACGTTTACTA-1,0.993452,0.000145,0.000145,0.000145,0.006114
ACGCATTCGTGAGTAC-1,0.99616,0.000159,0.000159,0.000159,0.003363
ACGCCAGATGATTTCT-1,0.998937,0.000265,0.000265,0.000266,0.000266
ACGCCAGTGCGTTTGC-1,0.721039,0.000876,0.000878,0.000878,0.276329
ACGCCCAGCTGTCGAT-1,0.584461,0.004762,0.00477,0.004772,0.401235
ACGCCGCTAGACGACC-1,0.980886,0.000112,0.000112,0.000112,0.018778
ACGCGCTACACAGGGT-1,0.994864,0.000062,0.000062,0.000062,0.004949
ACGCGGGCCAAGGACA-1,0.941587,0.000119,0.000119,0.000119,0.058057
ACGCTAGTGATACACT-1,0.907509,0.000109,0.000109,0.000109,0.092165
ACGCTGTGAGGCGTAG-1,0.712077,0.001587,0.001591,0.001593,0.28315
ACGCTTAGTGTCTCTC-1,0.660283,0.00207,0.002078,0.002074,0.333495
ACGGAATTTAGCAAAT-1,0.971653,0.001035,0.001038,0.001039,0.025235
ACGGCGGGTTGCCCTG-1,0.626667,0.00188,0.001881,0.001883,0.367689
ACGGGCGTATGCGACA-1,0.999528,0.000118,0.000118,0.000118,0.000118
ACGGGTCATGTGACTT-1,0.422604,0.015873,0.015898,0.015915,0.52971
ACGGTACAGTTCAATG-1,0.732611,0.000668,0.000668,0.00067,0.265384
ACGTACAGATTTCTCT-1,0.779215,0.003247,0.003265,0.003259,0.211014
ACGTAGATTGCTGATG-1,0.962845,0.000134,0.000134,0.000134,0.036752
ACGTATTACTCCGATC-1,0.999473,0.000132,0.000132,0.000132,0.000132
ACGTCCTAAACGAGAT-1,0.654059,0.001058,0.001059,0.00106,0.342764
ACGTGCGCCTCGTGCA-1,0.640387,0.001335,0.001338,0.001339,0.355601
ACGTGGTCGAATGTGC-1,0.933027,0.002695,0.002707,0.002701,0.05887
ACGTTAATGTCGAAGA-1,0.921674,0.000128,0.000128,0.000128,0.077942
ACGTTAGATTTGCCCG-1,0.778386,0.000245,0.000246,0.000246,0.220876
ACGTTATTGGTCACTC-1,0.753949,0.002597,0.002601,0.002611,0.238242
ACGTTCCGCGCTCCGT-1,0.380321,0.000227,0.000227,0.000228,0.618997
ACGTTCGCAATCAATT-1,0.99984,0.00004,0.00004,0.00004,0.00004
ACGTTCTGTACAAGTC-1,0.763565,0.002695,0.002697,0.0027,0.228343
ACGTTTAGTTGTGATC-1,0.889719,0.000413,0.000413,0.000414,0.109041
ACTACCAGCTCTCTGG-1,0.569632,0.000375,0.000376,0.000376,0.429241
ACTAGTTGCGATCGTC-1,0.978895,0.000137,0.000137,0.000138,0.020693
ACTATCCAGGGCATGG-1,0.999661,0.000084,0.000085,0.000085,0.000085
ACTATCTGCCCGCGTA-1,0.56692,0.000128,0.000128,0.000128,0.432697
ACTATTCGTCCGTGGT-1,0.934447,0.000523,0.000525,0.000525,0.06398
ACTCAACGAATGTATT-1,0.395823,0.000611,0.000612,0.000612,0.602343
ACTCAAGTGCAAGGCT-1,0.654135,0.000163,0.000163,0.000163,0.345376
ACTCAATAAAGGCACG-1,0.999212,0.000197,0.000197,0.000197,0.000197
ACTCAGACCTGCTTCT-1,0.608044,0.000142,0.000143,0.000143,0.391528
ACTCCCGAATTCGTTT-1,0.998957,0.000063,0.000063,0.000064,0.000853
ACTCCCGTAGACTAGG-1,0.997815,0.000545,0.000546,0.000547,0.000548
ACTCCCTAGAATAGTA-1,0.937393,0.000091,0.000092,0.000092,0.062333
ACTCCGGCCGACCACT-1,0.858439,0.000258,0.000258,0.000259,0.140787
ACTCGATGTATTTCAT-1,0.800948,0.004464,0.004472,0.004484,0.185631
ACTCGCCGTTCGATAA-1,0.860707,0.000113,0.000114,0.000114,0.138952
ACTCGCGATCTGACGC-1,0.593774,0.00026,0.00026,0.000261,0.405445
ACTCGTCAGTAATCCC-1,0.988889,0.000028,0.000028,0.000028,0.011027
ACTCTCTGACTTAGGT-1,0.999622,0.000094,0.000094,0.000095,0.000095
ACTCTCTTATACACGA-1,0.681528,0.000357,0.000358,0.000358,0.317399
ACTCTGACCTAATAGA-1,0.757968,0.002551,0.002552,0.00256,0.234368
ACTCTTCAGCTCCCGC-1,0.972584,0.000171,0.000171,0.000171,0.026903
ACTCTTGTATAGTAAC-1,0.946453,0.000123,0.000123,0.000124,0.053176
ACTGAAACGCCGTTAG-1,0.938291,0.000237,0.000237,0.000238,0.060997
ACTGAATGGCGAAAGT-1,0.999726,0.000068,0.000068,0.000068,0.000069
ACTGATTTAGTGATTC-1,0.984938,0.003759,0.003768,0.003763,0.003771
ACTGCCGTCGTAACTC-1,0.956078,0.000291,0.000292,0.000292,0.043048
ACTGCGGACACACCGT-1,0.999754,0.000061,0.000061,0.000061,0.000062
ACTGTACGATACACAT-1,0.999787,0.000053,0.000053,0.000053,0.000053
ACTGTAGCACTTTGGA-1,0.422772,0.000195,0.000196,0.000196,0.57664
ACTGTATACGCGAGCA-1,0.626564,0.001361,0.001361,0.001366,0.369349
ACTGTCCAGGATTATA-1,0.996156,0.00008,0.00008,0.00008,0.003603
ACTGTCTTCTTTAGAA-1,0.999756,0.000061,0.000061,0.000061,0.000061
ACTGTGCTAGTAGATC-1,0.98995,0.002506,0.002507,0.002519,0.002517
ACTGTTTAGTGTAGGC-1,0.990909,0.002268,0.002271,0.002274,0.002279
ACTTAGTACGACAAGA-1,0.647179,0.002041,0.002045,0.002046,0.34669
ACTTATACTTACCCGG-1,0.999702,0.000074,0.000074,0.000074,0.000075
ACTTATCTGATCTATA-1,0.485528,0.004464,0.004465,0.00448,0.501063
ACTTATTAGGATCGGT-1,0.997153,0.00009,0.00009,0.00009,0.002576
ACTTATTTATGTGCCA-1,0.99885,0.000287,0.000287,0.000288,0.000288
ACTTCAGGCTGATCCC-1,0.994321,0.000179,0.00018,0.00018,0.00514
ACTTCCATGCGGGACA-1,0.586904,0.002857,0.002864,0.002861,0.404514
ACTTCGCCATACGCAC-1,0.98502,0.000187,0.000188,0.000188,0.014416
ACTTCGCTAGCGAGTG-1,0.998066,0.000483,0.000483,0.000484,0.000485
ACTTGACTCCCTCTTT-1,0.967195,0.000127,0.000127,0.000127,0.032424
ACTTGCCATATTGTAC-1,0.682133,0.000543,0.000544,0.000545,0.316235
ACTTGGGACCCGGTGG-1,0.922633,0.000163,0.000163,0.000163,0.076877
ACTTGTGGATGGAACG-1,0.999577,0.000105,0.000106,0.000106,0.000106
ACTTTACCCTCATGAA-1,0.972201,0.000116,0.000116,0.000116,0.027451
ACTTTCCTATAGCTTC-1,0.916774,0.000159,0.000159,0.000159,0.08275
ACTTTGACTGCATCCT-1,0.338551,0.002976,0.002978,0.002986,0.652509
ACTTTGTCGACGCACT-1,0.882567,0.000127,0.000128,0.000128,0.11705
AGAAATTATGACTCGC-1,0.7618,0.000114,0.000114,0.000114,0.237857
AGAACCCAGCGTGACA-1,0.852941,0.00008,0.00008,0.00008,0.146818
AGAACGTGGTACATTC-1,0.940231,0.000147,0.000147,0.000147,0.059329
AGAAGAGCGCCGTTCC-1,0.996379,0.000904,0.000905,0.000905,0.000906
AGAAGGTTGCCGAATT-1,0.907253,0.00013,0.000131,0.000131,0.092355
AGAATAAATCTTCAGG-1,0.28545,0.002198,0.002202,0.002207,0.707943
AGAATTATGGATTCGA-1,0.999627,0.000093,0.000093,0.000093,0.000093
AGAATTGTTTGACATA-1,0.99275,0.001808,0.00181,0.001814,0.001818
AGACAGCTCAGAATCC-1,0.741594,0.000115,0.000116,0.000116,0.258059
AGACAGGCATCTCAGC-1,0.783142,0.000141,0.000141,0.000141,0.216436
AGACATAGATCCTTCC-1,0.603373,0.000396,0.000397,0.000397,0.395438
AGACCATGGGATACAA-1,0.975027,0.006211,0.006289,0.006222,0.006251
AGACCCACCGCTGATC-1,0.952205,0.000268,0.000268,0.000269,0.046989
AGACCCGCCCTCCTCG-1,0.925027,0.00013,0.000131,0.000131,0.074582
AGACCGCTCCGCGGTT-1,0.991819,0.002041,0.002045,0.002044,0.002052
AGACCGGGAAACCCTG-1,0.901635,0.00069,0.000691,0.000692,0.096291
AGACGAAGTGCCGGTC-1,0.999564,0.000109,0.000109,0.000109,0.000109
AGACGCCCACTTCGCC-1,0.724148,0.000197,0.000198,0.000198,0.275259
AGACGGGATTGGTATA-1,0.996486,0.000876,0.000877,0.00088,0.000881
AGACTAGCCTTCCAGA-1,0.887107,0.000214,0.000215,0.000215,0.112249
AGAGAACCGTCTAGGA-1,0.99914,0.000215,0.000215,0.000215,0.000215
AGAGATCTCTAAAGCG-1,0.081892,0.001299,0.001302,0.001302,0.914205
AGAGCAGTTATGAGAC-1,0.148301,0.00304,0.003046,0.003051,0.842563
AGAGCCGCCGAGATTT-1,0.885727,0.00014,0.00014,0.00014,0.113854
AGAGCGGGCTAATCAT-1,0.987273,0.003175,0.003175,0.003187,0.003191
AGAGCGTACAAGCTCG-1,0.819928,0.002268,0.002269,0.002271,0.173265
AGAGCTACGAAAGCAT-1,0.23865,0.00105,0.001052,0.001055,0.758193
AGAGGCTTCGGAAACC-1,0.99939,0.000152,0.000153,0.000153,0.000153
AGAGGTATCTCGGTCC-1,0.890914,0.002915,0.002919,0.002924,0.100326
AGAGTAAACTTCACTA-1,0.952495,0.000204,0.000205,0.000205,0.04689
AGAGTATAGTGTTACG-1,0.999119,0.00022,0.00022,0.00022,0.000221
AGATAACTTCAGGGCC-1,0.935458,0.000503,0.000504,0.000504,0.063031
AGATACCAATAGAACC-1,0.927554,0.000098,0.000098,0.000098,0.072152
AGATACCGGTGTTCAC-1,0.970329,0.000064,0.000064,0.000064,0.02948
AGATACGACTTCATAT-1,0.626041,0.002857,0.002865,0.002862,0.365374
AGATACTCAAGATCGA-1,0.999868,0.000033,0.000033,0.000033,0.000033
AGATCGTGCATAAGAT-1,0.947221,0.000104,0.000104,0.000104,0.052468
AGATCTCAGGTGTGAT-1,0.99953,0.000117,0.000118,0.000118,0.000118
AGATGACTCGCCCACG-1,0.985303,0.003663,0.00367,0.003678,0.003687
AGATGATGGAGTCTGG-1,0.999709,0.000073,0.000073,0.000073,0.000073
AGATTATAGGACGTTT-1,0.973411,0.00006,0.00006,0.00006,0.026409
AGCAACATATCTTATT-1,0.999664,0.000084,0.000084,0.000084,0.000084
AGCACCAGTACTCACG-1,0.854388,0.000139,0.000139,0.000139,0.145195
AGCACTACCGGCCTGT-1,0.821787,0.002101,0.002104,0.002103,0.171905
AGCACTACCTCACCAG-1,0.999169,0.000207,0.000208,0.000208,0.000208
AGCACTTAAGGACGCC-1,0.860612,0.000206,0.000206,0.000206,0.13877
AGCATATCAATATGCT-1,0.952647,0.000311,0.000311,0.000311,0.04642
AGCATCGTCGATAATT-1,0.915293,0.000272,0.000272,0.000273,0.083889
AGCATTACGAGGCAAG-1,0.776212,0.000668,0.000669,0.000669,0.221783
AGCCACAGGTTACCCG-1,0.995878,0.001028,0.001031,0.00103,0.001033
AGCCACTCCCGTGCTT-1,0.961426,0.000132,0.000132,0.000132,0.038178
AGCCCATACATGTAAG-1,0.969991,0.000047,0.000047,0.000047,0.029868
AGCCCTAAGCGAAGTT-1,0.708257,0.002012,0.002014,0.002019,0.285698
AGCCCTGTCGCACCGT-1,0.950868,0.000076,0.000076,0.000076,0.048904
AGCCCTTGGACATCCC-1,0.893384,0.000138,0.000138,0.000138,0.106202
AGCCGCAAATTCAAAT-1,0.6877,0.000525,0.000526,0.000526,0.310722
AGCCTTAAAGCGGAAG-1,0.99226,0.001931,0.001934,0.001936,0.00194
AGCGACATCCCATTCA-1,0.781776,0.000772,0.000773,0.000775,0.215904
AGCGACCAACGATATT-1,0.972387,0.000146,0.000146,0.000146,0.027175
AGCGATGCGCCTAATA-1,0.999119,0.00022,0.00022,0.00022,0.000221
AGCGCGGGTGCCAATG-1,0.963538,0.000178,0.000178,0.000179,0.035926
AGCGCTAGAGCGATGT-1,0.911314,0.000087,0.000087,0.000088,0.088424
AGCGGGAAGGGTCCAT-1,0.76813,0.002695,0.002701,0.002709,0.223765
AGCGTACGAGAGCTAG-1,0.524432,0.00152,0.001522,0.001523,0.471002
AGCGTAGCGCTAGACC-1,0.394291,0.004762,0.004772,0.004767,0.591408
AGCGTCTGAACCCGCA-1,0.283611,0.005953,0.005969,0.005969,0.698498
AGCGTGGTATTCTACT-1,0.916614,0.000128,0.000128,0.000129,0.083
AGCTAAGTACGCAGGC-1,0.923931,0.000369,0.00037,0.00037,0.074959
AGCTAGAAGCAGAAGT-1,0.763459,0.000154,0.000155,0.000155,0.236077
AGCTATTTAATCCAAC-1,0.906448,0.000234,0.000234,0.000235,0.092849
AGCTCCATATATGTTC-1,0.618911,0.000176,0.000176,0.000177,0.38056
AGCTCCTTCGCACATC-1,0.999785,0.000054,0.000054,0.000054,0.000054
AGCTCTAGACGTTCCA-1,0.981873,0.00009,0.00009,0.00009,0.017857
AGCTCTTCCCAGTGCA-1,0.979054,0.000104,0.000104,0.000105,0.020633
AGCTCTTCGTAACCTT-1,0.985961,0.000089,0.000089,0.00009,0.013771
AGCTCTTTACTCAGTT-1,0.953359,0.000103,0.000103,0.000103,0.046332
AGCTTATAGAGACCTG-1,0.668802,0.000414,0.000415,0.000416,0.329954
AGCTTCAATACTTTGA-1,0.830547,0.000394,0.000394,0.000395,0.16827
AGCTTCTTCTCGAGCA-1,0.539321,0.002421,0.002427,0.002427,0.453403
AGCTTGATCTTAACTT-1,0.930583,0.000053,0.000054,0.000054,0.069256
AGGAAAGCCTCTGATG-1,0.443767,0.001221,0.001222,0.001227,0.552562
AGGAACGAACGACTTC-1,0.808063,0.000108,0.000108,0.000108,0.191613
AGGACAGTCGAATCCC-1,0.998961,0.000259,0.00026,0.00026,0.00026
AGGACATCGCACGTCG-1,0.758398,0.000871,0.000873,0.000874,0.238984
AGGACATCGGCACACT-1,0.711154,0.000129,0.000129,0.000129,0.288458
AGGACGACCCATTAGA-1,0.618471,0.000077,0.000077,0.000078,0.381297
AGGAGACATCCACAGT-1,0.999441,0.000139,0.00014,0.00014,0.00014
AGGAGAGTCTGGCTAC-1,0.999462,0.000134,0.000134,0.000135,0.000135
AGGAGGCCTTCGCGCG-1,0.999504,0.000124,0.000124,0.000124,0.000124
AGGATATAGGGATTTA-1,0.981892,0.000126,0.000126,0.000126,0.01773
AGGATATCCGACTGCA-1,0.767433,0.000558,0.000559,0.00056,0.23089
AGGATTGCTTACGACA-1,0.999167,0.000208,0.000208,0.000209,0.000209
AGGCAAAGAGGAATCA-1,0.418006,0.000436,0.000436,0.000437,0.580685
AGGCACGTGACTGTCC-1,0.893173,0.000153,0.000154,0.000154,0.106366
AGGCAGATGCGTAAAC-1,0.999362,0.000159,0.000159,0.000159,0.00016
AGGCATTGTCGTAGGG-1,0.900397,0.000248,0.000248,0.000249,0.098858
AGGCCACATTGGTTAC-1,0.633678,0.000095,0.000096,0.000096,0.366035
AGGCCACCCGTTATGA-1,0.74226,0.000425,0.000426,0.000426,0.256463
AGGCCCAGTGACTGGT-1,0.591796,0.008929,0.008936,0.008996,0.381344
AGGCCCATTGTACAGG-1,0.51672,0.002165,0.002167,0.002171,0.476778
AGGCCCTAGAACGCCA-1,0.94681,0.000238,0.000238,0.000238,0.052476
AGGCCTGAGAATCTCG-1,0.854396,0.001242,0.001243,0.001244,0.141874
AGGCGATAACTGGCGT-1,0.86599,0.000083,0.000083,0.000083,0.13376
AGGCTATGGTTAGCTT-1,0.969832,0.007519,0.007537,0.007543,0.007569
AGGCTTGCTAGACACC-1,0.748819,0.003484,0.003486,0.003491,0.24072
AGGGACAGCACGGCGG-1,0.400577,0.000946,0.000947,0.000949,0.596581
AGGGACCGGCTGCGTT-1,0.999663,0.000084,0.000084,0.000084,0.000084
AGGGAGACATACTTCG-1,0.999478,0.00013,0.000131,0.000131,0.000131
AGGGCAGCGGCGTGGT-1,0.988758,0.002801,0.002806,0.002818,0.002817
AGGGCCCTAATGTTCT-1,0.736172,0.000084,0.000084,0.000084,0.263575
AGGGCGAGCAGCTGAT-1,0.88729,0.000249,0.000249,0.00025,0.111962
AGGGCGTGATCGGCTA-1,0.603689,0.002976,0.002979,0.002986,0.38737
AGGGCTGCAGTTACAG-1,0.999591,0.000102,0.000102,0.000102,0.000102
AGGGTCGATGCGAACT-1,0.999416,0.000146,0.000146,0.000146,0.000146
AGGGTCTGGACGCAGT-1,0.737663,0.000234,0.000234,0.000234,0.261635
AGGGTGCTCTCGAGGG-1,0.999643,0.000089,0.000089,0.000089,0.00009
AGGGTGGATAGTGCAT-1,0.208226,0.002268,0.002271,0.002278,0.784957
AGGGTTCCCTTTGGTT-1,0.998085,0.000478,0.000479,0.000479,0.00048
AGGGTTTAGTTCGGGA-1,0.999261,0.000184,0.000185,0.000185,0.000185
AGGTAACCTCCTATTC-1,0.713709,0.000978,0.000981,0.000982,0.28335
AGGTACGATATTGCCA-1,0.778615,0.000518,0.000519,0.000519,0.21983
AGGTAGGTACAAAGCT-1,0.735343,0.000238,0.000238,0.000239,0.263942
AGGTATAATTGATAGT-1,0.979782,0.000112,0.000113,0.000113,0.01988
AGGTATGCGGACATTA-1,0.694036,0.000157,0.000158,0.000158,0.305491
AGGTCGCCACTTCGGT-1,0.814882,0.007143,0.007156,0.007183,0.163636
AGGTCGCCTCCCAACA-1,0.728979,0.000176,0.000176,0.000177,0.270492
AGGTCGCGGAGTTACT-1,0.999502,0.000124,0.000124,0.000125,0.000125
AGGTGCACGTCCACAT-1,0.996629,0.00084,0.000843,0.000843,0.000844
AGGTGTATCGCCATGA-1,0.844495,0.001661,0.001662,0.001666,0.150515
AGGTGTTGCCGACCAC-1,0.680849,0.000098,0.000098,0.000098,0.318857
AGGTTACACCATGCCG-1,0.942392,0.000113,0.000113,0.000113,0.05727
AGGTTGAGGCACGCTT-1,0.960515,0.000207,0.000207,0.000207,0.038864
AGGTTTCACACACCTT-1,0.978973,0.000078,0.000078,0.000078,0.020794
AGTAACTATAGCAGCC-1,0.99588,0.001028,0.001029,0.001031,0.001033
AGTAATGTCTTGCCGC-1,0.869768,0.001387,0.001392,0.001391,0.126062
AGTACATCATTTATCA-1,0.999663,0.000084,0.000084,0.000084,0.000084
AGTACGGCCCGTATCG-1,0.869373,0.001211,0.001212,0.001213,0.126992
AGTACGGGCACCTGGC-1,0.981155,0.000095,0.000095,0.000095,0.01856
AGTACTCTTATGCCCA-1,0.906772,0.000181,0.000181,0.000181,0.092685
AGTAGCGTGAACGAAC-1,0.88341,0.00207,0.002073,0.00208,0.110367
AGTAGGTAACATACAT-1,0.734739,0.000272,0.000273,0.000273,0.264443
AGTATAATACTAGGCA-1,0.930938,0.001808,0.001811,0.001814,0.063629
AGTATCCATAATAACG-1,0.471051,0.004202,0.004203,0.004217,0.516327
AGTCAACACCACCATC-1,0.976479,0.000107,0.000107,0.000107,0.023199
AGTCAAGATGACACTT-1,0.952961,0.000107,0.000107,0.000108,0.046717
AGTCACTAGCTCTCGA-1,0.998633,0.000341,0.000342,0.000342,0.000343
AGTCACTCCGCCTCAT-1,0.260128,0.001414,0.001416,0.001421,0.735621
AGTCAGCCACCGCCTG-1,0.772643,0.001855,0.001856,0.001862,0.221784
AGTCCAGCGGGTACGT-1,0.436171,0.006211,0.006215,0.00622,0.545183
AGTCCATTGGCTGATG-1,0.999732,0.000067,0.000067,0.000067,0.000067
AGTCCCTCGCAGAAAG-1,0.998879,0.00028,0.00028,0.00028,0.000281
AGTCGACGGTCTCAAG-1,0.999708,0.000073,0.000073,0.000073,0.000073
AGTCGGCCCAAACGAC-1,0.743529,0.000831,0.000832,0.000833,0.253976
AGTCGGTTGCGTGAGA-1,0.955637,0.000091,0.000091,0.000091,0.04409
AGTCGTATAAAGCAGA-1,0.86837,0.000281,0.000281,0.000282,0.130786
AGTCGTCGACCACCAA-1,0.784208,0.000324,0.000324,0.000325,0.214819
AGTCTAAAGTATACTC-1,0.99971,0.000072,0.000073,0.000073,0.000073
AGTCTGGACATCCTTG-1,0.946051,0.001605,0.001612,0.00161,0.049122
AGTCTTCTCCTCAAAT-1,0.999481,0.000129,0.00013,0.00013,0.00013
AGTGAACAAACTTCTC-1,0.857215,0.000103,0.000103,0.000104,0.142475
AGTGAAGATGGTGTCC-1,0.998897,0.000275,0.000276,0.000276,0.000276
AGTGACCTACTTTACG-1,0.990827,0.000121,0.000122,0.000122,0.008808
AGTGAGACTTCCAGTA-1,0.99928,0.000179,0.00018,0.00018,0.00018
AGTGAGCCTCGCCGCC-1,0.999519,0.00012,0.00012,0.00012,0.00012
AGTGAGTCGAATTAAC-1,0.932113,0.000147,0.000148,0.000148,0.067444
AGTGATAACCTGCGCG-1,0.775929,0.001348,0.001349,0.001351,0.220024
AGTGATATGAGTAGTT-1,0.999324,0.000169,0.000169,0.000169,0.000169
AGTGATTCAAGCAGGA-1,0.958518,0.000228,0.000229,0.000229,0.040796
AGTGCACGCTTAAGAA-1,0.918725,0.000274,0.000274,0.000275,0.080453
AGTGCGTAGCTCGTAA-1,0.924694,0.000668,0.000668,0.000669,0.073301
AGTGCTAAACACAGCA-1,0.896047,0.000736,0.000737,0.000738,0.101741
AGTGCTTGCACGAATA-1,0.999721,0.00007,0.00007,0.00007,0.00007
AGTGGCGGCAATTTGA-1,0.999397,0.000151,0.000151,0.000151,0.000151
AGTGGCGTCTGAAGGT-1,0.823968,0.000229,0.000229,0.000229,0.175346
AGTGGCTCCGTCGGCC-1,0.984907,0.00376,0.003785,0.003768,0.003781
AGTGGTTGCGTATAGG-1,0.627126,0.00085,0.000852,0.000852,0.370319
AGTGTGCTAAGATCGC-1,0.611336,0.008404,0.008413,0.008444,0.363403
AGTGTGGTCTATTGTG-1,0.568076,0.003401,0.00341,0.003417,0.421695
AGTTAAACACTTGCGA-1,0.984945,0.000153,0.000154,0.000154,0.014594
AGTTAAGCGGTCCCGG-1,0.990619,0.002342,0.002342,0.002346,0.002351
AGTTACCCTTAAGACT-1,0.987802,0.00304,0.003045,0.003056,0.003057
AGTTACCGCACATGGT-1,0.371286,0.000959,0.000961,0.000962,0.625833
AGTTATTGAAAGGTAA-1,0.984936,0.00376,0.003764,0.003766,0.003775
AGTTCACCGGTTGGAC-1,0.575755,0.001171,0.001173,0.001175,0.420726
AGTTCCTACAGAATTA-1,0.929187,0.000181,0.000182,0.000182,0.070268
AGTTCCTATTTATGTT-1,0.999593,0.000102,0.000102,0.000102,0.000102
AGTTCTGCGTTGTATC-1,0.590005,0.004762,0.004768,0.086369,0.314097
AGTTGACATCGGCTGG-1,0.259797,0.001232,0.001235,0.001237,0.7365
AGTTGCTGACTGATAT-1,0.696085,0.003484,0.003488,0.003496,0.293447
AGTTGGCAAGGCTAGA-1,0.994793,0.001299,0.0013,0.001303,0.001305
AGTTTATGTAAAGACA-1,0.961935,0.000085,0.000085,0.000085,0.03781
AGTTTCGCAGGTCGGA-1,0.615263,0.001764,0.001768,0.001767,0.379438
AGTTTGGCACGGGTTG-1,0.998792,0.000301,0.000302,0.000302,0.000303
ATAAACCATTGGACGG-1,0.675061,0.002041,0.002042,0.002046,0.31881
ATAAACGGACCCGTAA-1,0.955689,0.000127,0.000127,0.000127,0.04393
ATAAACGTTGCACCAC-1,0.974398,0.000318,0.000319,0.000319,0.024646
ATAAAGGCTCGGTCGT-1,0.856711,0.000081,0.000081,0.000081,0.143045
ATAAATATTAGCAGCT-1,0.998669,0.000332,0.000332,0.000333,0.000334
ATAACGCCGGAGGGTC-1,0.999785,0.000054,0.000054,0.000054,0.000054
ATAACGGAGTCCAACG-1,0.999394,0.000151,0.000151,0.000152,0.000152
ATAAGTAGGATTCAGA-1,0.952523,0.000101,0.000101,0.000101,0.047174
ATAAGTAGGGCGACTC-1,0.999656,0.000086,0.000086,0.000086,0.000086
ATAAGTTACCGCGACG-1,0.999614,0.000096,0.000096,0.000097,0.000097
ATAATACCGTTAGCCG-1,0.756135,0.002857,0.002858,0.002862,0.235287
ATAATAGCTGTTGAAT-1,0.967657,0.000144,0.000144,0.000145,0.03191
ATAATAGTGTAGGGAC-1,0.992842,0.001786,0.001789,0.00179,0.001794
ATACCACGGGCAACTT-1,0.958588,0.000215,0.000215,0.000215,0.040766
ATACCAGCAAATTGCT-1,0.976104,0.005953,0.00596,0.005991,0.005993
ATACCAGGCTAATAGA-1,0.60571,0.000145,0.000145,0.000145,0.393855
ATACCAGGTGAGCGAT-1,0.844568,0.003484,0.003486,0.003489,0.144972
ATACGAAGGCTTTCCA-1,0.808874,0.000505,0.000505,0.000506,0.189609
ATACGCCGATCTACCG-1,0.426633,0.003663,0.003694,0.003678,0.562332
ATACGCCGGCGAAACC-1,0.99976,0.00006,0.00006,0.00006,0.00006
ATACGGGTTTCGATTG-1,0.999116,0.00022,0.000221,0.000221,0.000221
ATACGGTGAAGATGCA-1,0.59809,0.004082,0.004099,0.004096,0.389633
ATACGTCCACTCCTGT-1,0.907979,0.000094,0.000094,0.000094,0.09174
ATACTACCCGTACCAC-1,0.993494,0.001623,0.001626,0.001626,0.001632
ATACTAGCATGACCCT-1,0.998285,0.000428,0.000428,0.000429,0.00043
ATACTCTCGCCACTCT-1,0.968132,0.007937,0.007966,0.007966,0.008
ATACTGCCTTACACCG-1,0.99718,0.000704,0.000705,0.000705,0.000707
ATACTTGTTCTCGAGC-1,0.564945,0.004464,0.004464,0.004477,0.421649
ATAGACAACGGGACCT-1,0.999234,0.000191,0.000191,0.000192,0.000192
ATAGACGAAGAGAAAG-1,0.999021,0.000244,0.000245,0.000245,0.000245
ATAGAGTACTGGGACA-1,0.998868,0.000282,0.000283,0.000283,0.000284
ATAGAGTTATCAACTT-1,0.999361,0.000159,0.00016,0.00016,0.00016
ATAGATTTGCAGTCGG-1,0.748136,0.000893,0.000895,0.000895,0.249182
ATAGCAACTAGGGAAG-1,0.992557,0.001855,0.001865,0.001859,0.001864
ATAGCCATAACAGTCA-1,0.87832,0.00013,0.00013,0.00013,0.121291
ATAGCCTCAGTACCCA-1,0.645347,0.002801,0.002808,0.002809,0.346235
ATAGCTGCTCTTGTTA-1,0.591968,0.006494,0.006505,0.006515,0.388518
ATAGGCGGCTATAGAA-1,0.93091,0.000077,0.000077,0.000077,0.068858
ATAGGCTAGCTTCGCA-1,0.980317,0.000154,0.000154,0.000154,0.019221
ATAGGGATATCCTTGA-1,0.96411,0.000129,0.000129,0.00013,0.035502
ATAGGTTGGGCAGATG-1,0.999519,0.00012,0.00012,0.00012,0.00012
ATAGTCTTTGACGTGC-1,0.987824,0.00304,0.003042,0.003045,0.00305
ATAGTGAAGCGTTCTC-1,0.999749,0.000063,0.000063,0.000063,0.000063
ATAGTTCCACCCACTC-1,0.981609,0.00013,0.000131,0.000131,0.017999
ATATAACACGGGCGCA-1,0.635502,0.002857,0.00286,0.002867,0.355913
ATATACGCTCGTGACG-1,0.850625,0.000119,0.000119,0.000119,0.149018
ATATCAACCTACAGAG-1,0.995937,0.000099,0.000099,0.000099,0.003766
ATATCGGTAGGGAGAT-1,0.999617,0.000096,0.000096,0.000096,0.000096
ATATCGTGCCAGACCC-1,0.766484,0.00188,0.001883,0.001884,0.227869
ATATCGTTCCTCGAAC-1,0.613188,0.002857,0.002864,0.002868,0.378223
ATATCTCCCTCGTTAA-1,0.999211,0.000188,0.000188,0.000188,0.000225
ATATCTTAGGGCCTTC-1,0.937502,0.000137,0.000137,0.000137,0.062087
ATATGTCTCCCTAGCC-1,0.999332,0.000167,0.000167,0.000167,0.000167
ATATTCAGTTAAACCT-1,0.99955,0.000112,0.000112,0.000113,0.000113
ATATTCCCACAGGTCA-1,0.555948,0.002801,0.002805,0.002807,0.435639
ATATTGCTGTCAAAGT-1,0.996903,0.000772,0.000774,0.000775,0.000776
ATATTGGAGAGGCCTT-1,0.820336,0.000156,0.000157,0.000157,0.179195
ATATTTAACCCTCAAG-1,0.999738,0.000065,0.000065,0.000066,0.000066
ATCAAACACTGTTCCA-1,0.999386,0.000153,0.000153,0.000154,0.000154
ATCAATCTGGGCTGCA-1,0.968626,0.000123,0.000123,0.000123,0.031005
ATCACATTAGAATATC-1,0.977742,0.000124,0.000124,0.000125,0.021885
ATCACGTGCTAATTAA-1,0.826198,0.000434,0.000435,0.000435,0.172498
ATCACTTCATCCTCGC-1,0.935263,0.000326,0.000327,0.000327,0.063757
ATCAGACGGCACGCCG-1,0.943303,0.000134,0.000134,0.000134,0.056295
ATCAGCCTCATGCTGC-1,0.788773,0.000415,0.000416,0.000416,0.20998
ATCAGGTAGCTGACAG-1,0.999283,0.000179,0.000179,0.000179,0.00018
ATCAGTAGGCAGGGAT-1,0.999247,0.000188,0.000188,0.000188,0.000189
ATCATAGCCCTATGTA-1,0.925018,0.00105,0.001054,0.001053,0.071824
ATCATCCAATATTTGT-1,0.999803,0.000049,0.000049,0.000049,0.000049
ATCATCTGCCCAGTGT-1,0.764306,0.000187,0.000188,0.000188,0.235132
ATCATGGACTACCGAC-1,0.971773,0.000215,0.000216,0.000216,0.02758
ATCCAACGCAGTCATA-1,0.211898,0.00085,0.000853,0.000854,0.785546
ATCCAATGGAGGGTCC-1,0.909812,0.000143,0.000143,0.000143,0.089758
ATCCAATGGTACCGAA-1,0.443466,0.000876,0.000877,0.000879,0.553902
ATCCACGCTAAATGTT-1,0.805776,0.001443,0.001445,0.001447,0.18989
ATCCAGGATTCGTGAA-1,0.999004,0.000145,0.000145,0.000145,0.000561
ATCCGGACCAGCCTGA-1,0.716862,0.000106,0.000107,0.000107,0.282818
