Barcode,Topic 1,Topic 2,Topic 3,Topic 4,Topic 5to6,Topic 7to8,Topic 9,Topic 10
AAACAACGAATAGTTC-1,0.000495,0.000495,0.165419,0.429726,0.259165,0.00099,0.143215,0.000495
AAACAAGTATCTCCCA-1,0.000072,0.153061,0.430524,0.000869,0.269847,0.142067,0.003487,0.000072
AAACACCAATAACTGC-1,0.000008,0.01275,0.000008,0.001318,0.662042,0.323859,0.000008,0.000008
AAACAGAGCGACTCCT-1,0.000041,0.040858,0.012123,0.48979,0.000083,0.457022,0.000041,0.000041
AAACAGCTTTCAGAAG-1,0.000087,0.000087,0.00214,0.997164,0.000174,0.000174,0.000087,0.000087
AAACAGGGTCTATATT-1,0.000038,0.007612,0.392923,0.439902,0.000075,0.004089,0.000038,0.155324
AAACATGGTGAGAGGA-1,0.000029,0.006889,0.018227,0.588981,0.000058,0.248138,0.02681,0.110868
AAACATTTCCCGGATT-1,0.000794,0.000794,0.000794,0.621624,0.001588,0.001588,0.372026,0.000794
AAACCACTACACAGAT-1,0.000038,0.03385,0.128781,0.498427,0.079683,0.259145,0.000038,0.000038
AAACCCGAACGAAATC-1,0.000058,0.089751,0.393279,0.24954,0.029645,0.23093,0.00674,0.000058
AAACCGGAAATGTTAA-1,0.000085,0.000085,0.109871,0.569831,0.068391,0.251565,0.000085,0.000086
AAACCGGGTAGGTACC-1,0.000029,0.006262,0.051015,0.586108,0.030664,0.282261,0.009848,0.033814
AAACCGTTCGTCCAGG-1,0.000041,0.108927,0.225684,0.497811,0.025683,0.136494,0.005317,0.000041
AAACCTCATGAAGTTG-1,0.000077,0.013931,0.410391,0.00471,0.197265,0.340305,0.000168,0.033152
AAACGAAGATGGAGTA-1,0.00003,0.00003,0.004416,0.711621,0.00048,0.220056,0.00003,0.063336
AAACGACAGTCTTGCC-1,0.000068,0.01258,0.014726,0.950708,0.000135,0.000135,0.000068,0.02158
AAACGAGACGGTTGAT-1,0.000095,0.000095,0.173984,0.21784,0.079017,0.067623,0.461251,0.000095
AAACGCCCGAGATCGG-1,0.000039,0.043464,0.033606,0.076033,0.186338,0.655683,0.004798,0.000039
AAACGGGCGTACGGGT-1,0.000467,0.000467,0.031355,0.401146,0.000935,0.000935,0.564227,0.000467
AAACGGGTTGGTATCC-1,0.000209,0.000209,0.014541,0.658427,0.313602,0.000418,0.012386,0.000209
AAACGTGTTCGCCCTA-1,0.000035,0.000035,0.128778,0.431673,0.00067,0.3411,0.000035,0.097674
AAACTAACGTGGCGAC-1,0.000037,0.000037,0.012359,0.790591,0.070414,0.126487,0.000037,0.000037
AAACTCGTGATATAAG-1,0.000045,0.02688,0.031926,0.47503,0.021545,0.444485,0.000045,0.000045
AAACTTAATTGCACGC-1,0.000067,0.000067,0.021174,0.97829,0.000134,0.000134,0.000067,0.000067
AAACTTGCAAACGTAT-1,0.000026,0.08751,0.448081,0.398417,0.000051,0.008797,0.000026,0.057092
AAAGAATGACCTTAGA-1,0.000026,0.101315,0.05248,0.31545,0.03065,0.485253,0.007395,0.007431
AAAGACATGAAGTTTA-1,0.000118,0.139115,0.107874,0.614316,0.033241,0.105102,0.000118,0.000118
AAAGACTGGGCGCTTT-1,0.000005,0.000005,0.004494,0.018672,0.732931,0.243533,0.000005,0.000356
AAAGCTTGCCTACATA-1,0.000481,0.145031,0.000481,0.851122,0.000962,0.000962,0.000481,0.000481
AAAGGCCCTATAATAC-1,0.0001,0.0001,0.022539,0.628436,0.092296,0.18001,0.0001,0.076419
AAAGGCTCTCGCGCCG-1,0.000047,0.044584,0.077072,0.849755,0.000094,0.028355,0.000047,0.000047
AAAGGGCAGCTTGAAT-1,0.000035,0.000035,0.092175,0.161843,0.551133,0.187117,0.007628,0.000035
AAAGGTAAGCTGTACC-1,0.000048,0.000048,0.000048,0.953867,0.000097,0.045794,0.000048,0.000048
AAAGGTCAACGACATG-1,0.000275,0.000276,0.278435,0.515136,0.179325,0.000551,0.000276,0.025725
AAAGTAGCATTGCTCA-1,0.000042,0.008019,0.000107,0.835267,0.000085,0.156395,0.000042,0.000042
AAAGTCGACCCTCAGT-1,0.00006,0.015787,0.125706,0.481755,0.00012,0.150082,0.22643,0.00006
AAAGTGCCATCAATTA-1,0.000267,0.000267,0.168232,0.684095,0.000535,0.005195,0.141141,0.000267
AAAGTGTGATTTATCT-1,0.000556,0.000556,0.000556,0.557866,0.001111,0.438244,0.000556,0.000556
AAAGTTGACTCCCGTA-1,0.000051,0.000051,0.110733,0.521387,0.182379,0.173806,0.011542,0.000051
AAATAACCATACGGGA-1,0.000041,0.027319,0.024921,0.700987,0.056963,0.130775,0.058952,0.000041
AAATAAGGTAGTGCCC-1,0.00002,0.032512,0.089663,0.151339,0.126594,0.551296,0.048556,0.00002
AAATAGCTTAGACTTT-1,0.000012,0.000417,0.049285,0.006311,0.703239,0.18303,0.052053,0.005653
AAATCACTCCTAAACG-1,0.00001,0.003022,0.002024,0.060646,0.378342,0.555932,0.00001,0.000015
AAATCCGATACACGCC-1,0.000346,0.000346,0.000346,0.798389,0.000692,0.000692,0.151158,0.04803
AAATCGCGGAAGGAGT-1,0.000025,0.001537,0.000025,0.731706,0.00005,0.178992,0.000025,0.087639
AAATCTAGCCCTGCTA-1,0.000111,0.013514,0.071874,0.757997,0.053642,0.094769,0.000111,0.007982
AAATGATTCGATCAGC-1,0.000047,0.006756,0.000047,0.832773,0.000095,0.160187,0.000047,0.000047
AAATGCTCGTTACGTT-1,0.000364,0.000364,0.225416,0.771674,0.000727,0.000727,0.000364,0.000364
AAATGGCCCGTGCCCT-1,0.00002,0.015365,0.015695,0.441886,0.090205,0.43679,0.00002,0.00002
AAATGGTCAATGTGCC-1,0.000075,0.000075,0.163766,0.287763,0.004123,0.167547,0.368878,0.007773
AAATGTATCTTATCCC-1,0.000952,0.000953,0.000953,0.820661,0.001905,0.001905,0.171718,0.000953
AAATTAATAAGCGCGA-1,0.000136,0.000136,0.179207,0.798029,0.000273,0.000273,0.021809,0.000136
AAATTACACGACTCTG-1,0.000046,0.01759,0.008716,0.459829,0.028841,0.059317,0.425616,0.000046
AAATTACCTATCGATG-1,0.00005,0.083223,0.142131,0.402071,0.05669,0.229896,0.085889,0.00005
AAATTCCAGGTCCAAA-1,0.00003,0.00003,0.043751,0.301186,0.248655,0.403504,0.00003,0.002814
AAATTGATAGTCCTTT-1,0.000063,0.000063,0.05653,0.623398,0.003822,0.279491,0.000063,0.036571
AAATTGCGGCGGTTCT-1,0.000472,0.000472,0.246709,0.749517,0.000944,0.000944,0.000472,0.000472
AAATTGGTGAGAAGCA-1,0.000034,0.024185,0.010116,0.648079,0.195051,0.118045,0.000034,0.004455
AAATTTACCGAAATCC-1,0.000057,0.000057,0.071565,0.927976,0.000115,0.000115,0.000057,0.000057
AAATTTGCGGGTGTGG-1,0.000037,0.000054,0.149715,0.807395,0.000074,0.013364,0.023282,0.00608
AACAACTGGTAGTTGC-1,0.000095,0.000095,0.666941,0.023144,0.00019,0.02071,0.288731,0.000095
AACAATACATTGTCGA-1,0.000074,0.000074,0.093514,0.860077,0.004109,0.031332,0.000074,0.010745
AACAATTACTCTACGC-1,0.000014,0.000014,0.135884,0.076543,0.417083,0.369255,0.000014,0.001194
AACACACGCTCGCCGC-1,0.000251,0.000251,0.000251,0.736384,0.000501,0.261861,0.000251,0.000251
AACACGAGACGCGGCC-1,0.000021,0.054542,0.010177,0.580985,0.060334,0.292012,0.000021,0.001907
AACACGCGGCCGCGAA-1,0.00037,0.00037,0.00037,0.442746,0.000741,0.361471,0.19356,0.00037
AACAGCTGTGTGGCAA-1,0.000041,0.000041,0.000041,0.540821,0.015656,0.443319,0.000041,0.000041
AACAGGATGGGCCGCG-1,0.000011,0.000011,0.048543,0.078089,0.683954,0.189368,0.000011,0.000011
AACAGGTAGTATGGAT-1,0.00102,0.001021,0.001021,0.98358,0.002041,0.002041,0.008255,0.001021
AACATATCAACTGGTG-1,0.00003,0.170502,0.258982,0.33923,0.141893,0.083501,0.00003,0.005831
AACATCGATACGTCTA-1,0.000049,0.046359,0.062601,0.655743,0.072603,0.162546,0.000049,0.000049
AACATTGGTCAGCCGT-1,0.000094,0.000094,0.269014,0.273827,0.040729,0.023758,0.000094,0.392388
AACCAAGACTTCTCTG-1,0.000005,0.000404,0.000503,0.003498,0.277456,0.718125,0.000005,0.000005
AACCAGTATCACTCTT-1,0.000073,0.089287,0.036297,0.78685,0.000147,0.006143,0.08113,0.000073
AACCATAGGGTTGAAC-1,0.000033,0.063809,0.067811,0.57367,0.021244,0.273366,0.000033,0.000033
AACCATGGGATCGCTA-1,0.000351,0.000351,0.522389,0.467219,0.000702,0.000702,0.000351,0.007935
AACCCAGAGACGGAGA-1,0.000055,0.000055,0.164671,0.543325,0.101461,0.190323,0.000055,0.000055
AACCCATCCCATGATC-1,0.000045,0.094317,0.015809,0.686578,0.008096,0.195064,0.000046,0.000046
AACCCGACAACCCGTG-1,0.000188,0.000188,0.020661,0.710161,0.199247,0.055619,0.000188,0.013748
AACCCGAGCAGAATCG-1,0.000158,0.000158,0.186996,0.606202,0.000317,0.000317,0.205694,0.000158
AACCCGATAGGGCTTC-1,0.000057,0.025466,0.162979,0.779535,0.000115,0.017139,0.000057,0.014651
AACCCTACTGTCAATA-1,0.000015,0.016467,0.020519,0.081985,0.230697,0.650286,0.000015,0.000015
AACCGCTAAGGGATGC-1,0.00021,0.00021,0.136275,0.592776,0.208162,0.032796,0.00021,0.029361
AACCTGTCACGGAATT-1,0.000022,0.000022,0.278682,0.103202,0.518859,0.099169,0.000022,0.000022
AACCTTTACGACGTCT-1,0.00006,0.103731,0.452149,0.346701,0.056319,0.029936,0.00006,0.011045
AACGAAAGTCGTCCCA-1,0.000026,0.000026,0.001343,0.600738,0.002457,0.39052,0.000026,0.004863
AACGATATGTCAACTG-1,0.000046,0.728663,0.046161,0.039753,0.07938,0.021495,0.038657,0.045844
AACGCATGATCTGGGT-1,0.000056,0.090987,0.036389,0.864471,0.000113,0.007871,0.000056,0.000056
AACGCGAACGGCAACA-1,0.000229,0.000229,0.000444,0.15553,0.090585,0.527761,0.224993,0.000229
AACGCTGTTGCTGAAA-1,0.000052,0.000052,0.167792,0.509761,0.163641,0.106609,0.052038,0.000052
AACGGACGTACGTATA-1,0.000167,0.000167,0.031501,0.341905,0.388406,0.237521,0.000167,0.000167
AACGGCCATCTCCGGT-1,0.000049,0.010468,0.071191,0.917446,0.000099,0.000099,0.000599,0.000049
AACGTACTGTGGGTAC-1,0.000045,0.106373,0.391205,0.447051,0.010215,0.008544,0.036521,0.000045
AACGTAGTCTACCCAT-1,0.000694,0.000695,0.000695,0.620506,0.17593,0.001389,0.199396,0.000695
AACGTCAGACTAGTGG-1,0.00007,0.036959,0.489969,0.252176,0.202113,0.016285,0.00007,0.002358
AACGTGATGAAGGACA-1,0.000034,0.03673,0.032719,0.065998,0.015051,0.704676,0.144757,0.000034
AACGTGCGAAAGTCTC-1,0.000676,0.000676,0.000676,0.558818,0.001352,0.052482,0.362354,0.022967
AACGTTATCAGCACCT-1,0.000342,0.000343,0.000343,0.358787,0.033211,0.525383,0.081248,0.000343
AACTACCCGTTTGTCA-1,0.00036,0.00036,0.00036,0.662501,0.00072,0.334981,0.00036,0.00036
AACTAGGCTTGGGTGT-1,0.000253,0.000253,0.000253,0.864156,0.000506,0.000506,0.11822,0.015851
AACTCAAGTTAATTGC-1,0.000028,0.045193,0.057329,0.274343,0.159411,0.435497,0.028171,0.000028
AACTCCAGAGCGTGTT-1,0.000633,0.000633,0.000633,0.780297,0.001266,0.001266,0.160233,0.055038
AACTCCTAATCCCATG-1,0.000052,0.006728,0.015756,0.278624,0.157208,0.495621,0.042847,0.003163
AACTCGATAAACACGT-1,0.000267,0.000267,0.094264,0.619431,0.000533,0.284705,0.000267,0.000267
AACTCGATGGCGCAGT-1,0.000244,0.057881,0.470718,0.000245,0.253942,0.022517,0.194209,0.000245
AACTCTCAATAGAGCG-1,0.000032,0.010906,0.000032,0.01689,0.324459,0.27464,0.000032,0.373008
AACTCTCAGTGTGCTC-1,0.000061,0.017888,0.234161,0.458053,0.011929,0.277718,0.000128,0.000061
AACTGAGGTCAGCGTC-1,0.00004,0.03855,0.016892,0.565952,0.183602,0.17236,0.022563,0.00004
AACTGAGTTATACTGA-1,0.000068,0.043134,0.400834,0.21059,0.273757,0.042464,0.029085,0.000068
AACTGGGTTCGAGCCG-1,0.000103,0.142362,0.344208,0.426345,0.054516,0.032258,0.000103,0.000103
AACTTCTGCGTCTATC-1,0.000901,0.000901,0.000901,0.827004,0.001802,0.166688,0.000901,0.000901
AACTTGCCCGTATGCA-1,0.00001,0.00001,0.009839,0.005557,0.898031,0.079121,0.00742,0.00001
AACTTGCGTTCTCGCG-1,0.000212,0.000212,0.000212,0.923603,0.000424,0.074914,0.000212,0.000212
AACTTTACGGGAGCTT-1,0.000056,0.030456,0.109107,0.377736,0.067327,0.173543,0.241717,0.000056
AACTTTCTCGATCATG-1,0.000104,0.000104,0.008044,0.88705,0.000208,0.104281,0.000104,0.000104
AAGAAATCACCAGATT-1,0.000112,0.000112,0.001175,0.997927,0.000225,0.000225,0.000112,0.000112
AAGAAGGATCAGTTAG-1,0.000212,0.000212,0.279997,0.244913,0.364331,0.000425,0.109697,0.000212
AAGACCAAATAACTCA-1,0.000018,0.017023,0.018698,0.241698,0.086675,0.605411,0.000744,0.029733
AAGACTAACCCGTTGT-1,0.000398,0.000399,0.488443,0.497534,0.000797,0.000797,0.000399,0.011233
AAGACTCACGCCCACT-1,0.000282,0.000282,0.000282,0.485457,0.000564,0.049831,0.446641,0.016662
AAGAGATGAATCGGTA-1,0.000007,0.00597,0.02946,0.000007,0.953951,0.001886,0.008714,0.000007
AAGAGCTCTTTATCGG-1,0.000089,0.000089,0.947645,0.000089,0.000177,0.000177,0.049142,0.002593
AAGAGGATGTACGCGA-1,0.000019,0.034859,0.138516,0.111888,0.280034,0.428443,0.000525,0.005715
AAGAGGCATGGATCGC-1,0.000108,0.000108,0.000109,0.339134,0.002248,0.179548,0.472429,0.006316
AAGAGGCCCTTTGGAA-1,0.000312,0.000312,0.000312,0.333902,0.000623,0.663916,0.000312,0.000312
AAGATGGCACCGGACC-1,0.000042,0.020916,0.858715,0.000043,0.000085,0.000085,0.016384,0.10373
AAGATTGGCGGAACGT-1,0.000053,0.039567,0.187566,0.38631,0.190182,0.196215,0.000053,0.000053
AAGCCGAAGCGGTTTA-1,0.000161,0.000161,0.212084,0.140762,0.268366,0.378144,0.000161,0.000161
AAGCCGCCGTGAAATC-1,0.000086,0.000086,0.043499,0.778348,0.045218,0.073845,0.053945,0.004973
AAGCCGCTTTACCTTG-1,0.000069,0.030082,0.010561,0.885395,0.000138,0.073617,0.000069,0.000069
AAGCCGGAGAGCAGGA-1,0.000249,0.000249,0.121494,0.741163,0.000498,0.000498,0.135602,0.000249
AAGCGGAGTGCGCGCA-1,0.000033,0.076488,0.011542,0.093031,0.000066,0.000066,0.000285,0.818489
AAGCGGCGTCATGGGT-1,0.000057,0.000057,0.009842,0.807181,0.000115,0.126233,0.000057,0.056458
AAGCGTCCCTCATCGA-1,0.000029,0.043753,0.077015,0.143416,0.464711,0.252556,0.000029,0.018492
AAGCTCGTGCCAAGTC-1,0.000355,0.000355,0.0132,0.252391,0.36872,0.183498,0.181127,0.000355
AAGGAGCGGTTGGTGC-1,0.000503,0.000503,0.000503,0.000503,0.001005,0.213859,0.782623,0.000503
AAGGATCGATCGCTTG-1,0.000014,0.000014,0.00351,0.02753,0.330974,0.636543,0.000014,0.001402
AAGGATGAGGGACCTC-1,0.000059,0.089274,0.410805,0.241161,0.182886,0.069874,0.000059,0.005881
AAGGCAGGCTGTCTCC-1,0.000422,0.000422,0.000422,0.822392,0.000844,0.117244,0.000422,0.057832
AAGGCGCGTAAAGCTT-1,0.000029,0.002289,0.540112,0.059255,0.334431,0.063826,0.000029,0.000029
AAGGCTGTGCTCATCG-1,0.000082,0.004251,0.147517,0.269051,0.000165,0.072099,0.502798,0.004036
AAGGGAACGACTGGCT-1,0.000037,0.07347,0.000045,0.705171,0.000074,0.142628,0.078538,0.000037
AAGGGACAGATTCTGT-1,0.000054,0.045256,0.170705,0.234127,0.203016,0.317377,0.029411,0.000054
AAGGGACTATGCATTC-1,0.000071,0.001201,0.000071,0.882741,0.01209,0.092539,0.011217,0.000071
AAGGGTTTGATTTCAG-1,0.000092,0.021263,0.000092,0.711531,0.019277,0.213653,0.015009,0.019083
AAGGTATCCTAATATA-1,0.000014,0.888909,0.007464,0.020744,0.063748,0.019095,0.000014,0.000014
AAGGTGATAAACCAGC-1,0.000173,0.017612,0.062143,0.124674,0.644503,0.022862,0.127859,0.000173
AAGTAAGCTTCCAAAC-1,0.000386,0.000386,0.089236,0.186468,0.166849,0.231847,0.296731,0.028097
AAGTAGAAGACCGGGT-1,0.000066,0.000066,0.229237,0.517974,0.115289,0.137235,0.000066,0.000066
AAGTAGTGACGCGAGG-1,0.000005,0.000824,0.006573,0.000005,0.597681,0.386838,0.000005,0.008069
AAGTCAATTGTCGTCA-1,0.000178,0.000178,0.588307,0.000178,0.410447,0.000356,0.000178,0.000178
AAGTCTAGTAGCTGCC-1,0.000332,0.000332,0.000332,0.997009,0.000665,0.000665,0.000332,0.000332
AAGTCTTCTGTGGCCT-1,0.000118,0.000118,0.537157,0.461892,0.000235,0.000235,0.000118,0.000128
AAGTGACGACCGAATT-1,0.000023,0.040163,0.100987,0.407339,0.126124,0.291487,0.014828,0.019048
AAGTGAGTCGGGTTTA-1,0.000157,0.050827,0.173432,0.774639,0.000315,0.000315,0.000158,0.000158
AAGTGCAAAGGTAGAC-1,0.000048,0.058321,0.225646,0.591825,0.04743,0.062147,0.014535,0.000048
AAGTGCCTTGACTGTA-1,0.000238,0.103369,0.509762,0.385201,0.000476,0.000476,0.000238,0.000238
AAGTGCGTTAGAATCT-1,0.00004,0.001638,0.032944,0.388191,0.113098,0.464009,0.00004,0.00004
AAGTTCACTCCAAGCT-1,0.000199,0.000199,0.122765,0.368814,0.305459,0.164548,0.037817,0.000199
AAGTTCAGTCTGCGTA-1,0.000077,0.000077,0.090186,0.632673,0.006947,0.264069,0.000077,0.005893
AAGTTCGGCCAACAGG-1,0.000036,0.064932,0.062192,0.702583,0.000116,0.163685,0.000036,0.00642
AAGTTGTGATGTTATA-1,0.000312,0.000312,0.000312,0.827479,0.000623,0.000623,0.170028,0.000312
AATAACAACGCTCGGC-1,0.000017,0.021708,0.051673,0.190663,0.146861,0.588501,0.000017,0.000561
AATAACACTAGAACAA-1,0.000027,0.043822,0.066496,0.267542,0.019009,0.600221,0.002857,0.000027
AATAATCTTCGTATCG-1,0.000127,0.041185,0.400088,0.137817,0.081372,0.339155,0.000127,0.000127
AATACAATGTTTCAGG-1,0.00002,0.00002,0.00002,0.112117,0.00004,0.887744,0.00002,0.00002
AATACCGGAGGGCTGT-1,0.000063,0.028169,0.000794,0.540292,0.084806,0.18588,0.034258,0.125737
AATAGAACAGAGTGGC-1,0.000095,0.007512,0.254166,0.536882,0.079881,0.110655,0.010714,0.000095
AATAGAATCTGTTTCA-1,0.000139,0.000139,0.100415,0.630986,0.057652,0.084438,0.093502,0.032729
AATAGCAAGCCTCCTG-1,0.000036,0.008887,0.091609,0.206279,0.26376,0.429358,0.000036,0.000036
AATAGCTACCGCGTGC-1,0.000046,0.000046,0.000046,0.65494,0.016807,0.325219,0.000046,0.002852
AATAGTCCGTCCCGAC-1,0.000286,0.000286,0.357742,0.639909,0.000572,0.000635,0.000286,0.000286
AATAGTCGCGAGTCGG-1,0.00031,0.00031,0.00031,0.586534,0.348892,0.000619,0.062716,0.00031
AATATCAAGGTCGGAT-1,0.000292,0.000292,0.121731,0.867846,0.000585,0.000585,0.000292,0.008376
AATATCCTAGCAAACT-1,0.000446,0.000447,0.000447,0.995981,0.000893,0.000893,0.000447,0.000447
AATATCGAATCAATGC-1,0.000308,0.000308,0.690949,0.136051,0.006059,0.16571,0.000308,0.000308
AATATCGAGGGTTCTC-1,0.000048,0.000048,0.093395,0.456479,0.242893,0.164878,0.002218,0.04004
AATATTGGAGTATTGA-1,0.000007,0.001321,0.025291,0.000008,0.963047,0.010311,0.000007,0.000007
AATCAGACTGCAGGAC-1,0.000658,0.000658,0.128485,0.757812,0.001316,0.001316,0.109096,0.000658
AATCATGTAAAGACTC-1,0.000241,0.000241,0.000241,0.375759,0.622554,0.000482,0.000241,0.000241
AATCCATGCAAGGGTG-1,0.000578,0.000578,0.115839,0.623707,0.256985,0.001156,0.000578,0.000578
AATCGCCTCAGCGCCA-1,0.000266,0.085708,0.000266,0.15776,0.000532,0.141584,0.613617,0.000266
AATCGCGCAGAGGACT-1,0.000036,0.000036,0.155702,0.348937,0.145432,0.349784,0.000036,0.000036
AATCTAGGTTTACTTG-1,0.000035,0.018499,0.000035,0.693537,0.00007,0.287754,0.000035,0.000035
AATCTATGCCGGAGCC-1,0.000043,0.000043,0.00288,0.385423,0.079482,0.528763,0.000043,0.003324
AATCTCTACTGTGGTT-1,0.000847,0.000848,0.000848,0.795645,0.001695,0.198421,0.000848,0.000848
AATCTGCGTTGGGACG-1,0.000035,0.010334,0.18026,0.124834,0.339735,0.301967,0.000035,0.0428
AATCTGGCTTTCTAGT-1,0.000029,0.000029,0.003937,0.435112,0.013788,0.547045,0.000029,0.000029
AATCTGGGTAGACCCT-1,0.00013,0.00013,0.298625,0.694991,0.00026,0.00026,0.005474,0.00013
AATGACAGCAATGTCT-1,0.000036,0.063504,0.016592,0.304843,0.051612,0.563341,0.000036,0.000036
AATGACGTAGGATGTC-1,0.000304,0.000304,0.185834,0.577024,0.119206,0.000608,0.116416,0.000304
AATGACTGTCAGCCGG-1,0.000379,0.000379,0.320746,0.472261,0.175538,0.02994,0.000379,0.000379
AATGAGTTCGCATATG-1,0.00098,0.000981,0.000981,0.991174,0.001961,0.001961,0.000981,0.000981
AATGATGATACGCTAT-1,0.000041,0.051135,0.711901,0.041612,0.000082,0.000082,0.007589,0.187556
AATGATGCGACTCCTG-1,0.000047,0.187884,0.014821,0.652648,0.004924,0.068428,0.000047,0.071201
AATGCACCAAGCAATG-1,0.000034,0.006449,0.005989,0.262429,0.064836,0.660194,0.000034,0.000034
AATGGCCGCCAATGCG-1,0.000049,0.010002,0.411186,0.577516,0.000098,0.001051,0.000049,0.000049
AATGGTCCACCGTTCA-1,0.000006,0.000006,0.000006,0.000006,0.742126,0.257839,0.000006,0.000006
AATGGTTCTCACAAGC-1,0.000465,0.000465,0.113713,0.60503,0.000931,0.278466,0.000465,0.000465
AATGTATGGCACTGTA-1,0.000043,0.016147,0.000279,0.723493,0.006495,0.171898,0.081602,0.000043
AATGTGCCCGAGGTGT-1,0.000063,0.027957,0.059918,0.61905,0.089313,0.074149,0.000063,0.129487
AATGTGCTAATCTGAG-1,0.000094,0.000094,0.0402,0.741238,0.035938,0.128013,0.047875,0.00655
AATTAAAGGTCGGCGT-1,0.000029,0.529592,0.044894,0.117586,0.095906,0.189762,0.005896,0.016336
AATTACGAGACCCATC-1,0.000026,0.000026,0.000197,0.129275,0.413775,0.45665,0.000026,0.000026
AATTACTCGTACGCTC-1,0.000157,0.000157,0.045161,0.729601,0.215737,0.008873,0.000157,0.000157
AATTCATAAGGGATCT-1,0.00007,0.030117,0.175254,0.725948,0.00014,0.013772,0.044439,0.01026
AATTCATTGTCATGCA-1,0.00006,0.00006,0.067452,0.931219,0.00012,0.000868,0.000162,0.00006
AATTCCAACTTGGTGA-1,0.000699,0.0007,0.249265,0.652156,0.001399,0.094382,0.0007,0.000699
AATTGAACGCTCTGGT-1,0.000119,0.006965,0.213469,0.247381,0.192532,0.323025,0.016392,0.000119
AATTGCAGCAATCGAC-1,0.000426,0.000426,0.000426,0.014941,0.000851,0.000851,0.981653,0.000426
AATTGCGTGGATTACA-1,0.000046,0.059998,0.000046,0.931068,0.000091,0.00866,0.000046,0.000046
AATTGTGGTTGCCAAA-1,0.000676,0.000676,0.223574,0.576527,0.001352,0.001352,0.195169,0.000676
AATTTGGGACATAGTA-1,0.000088,0.000088,0.002056,0.851913,0.054128,0.076181,0.015459,0.000088
ACAAACCATGCGTCCT-1,0.000029,0.033433,0.014302,0.639228,0.065669,0.218238,0.029074,0.000029
ACAAAGAAGGTAGGCC-1,0.00009,0.102172,0.094838,0.416011,0.120983,0.265727,0.00009,0.00009
ACAAAGCATGACCTAG-1,0.000725,0.000725,0.000725,0.740652,0.00145,0.00145,0.25355,0.000725
ACAAATCGCACCGAAT-1,0.00006,0.00006,0.150867,0.400037,0.266583,0.104447,0.077884,0.00006
ACAAATGGTAGTGTTT-1,0.000166,0.037176,0.328137,0.059767,0.364929,0.194204,0.015456,0.000166
ACAAATTCAGATCTGA-1,0.000037,0.035646,0.142823,0.238883,0.022678,0.54619,0.013704,0.000037
ACAACGGTCCCTGCGA-1,0.000181,0.00909,0.418383,0.276966,0.196853,0.098165,0.000181,0.000181
ACAAGCAGTGCCTAGC-1,0.000007,0.006551,0.000629,0.000007,0.872476,0.116687,0.002909,0.000734
ACAAGCTATATGGAAG-1,0.000103,0.000103,0.211768,0.653738,0.057305,0.023464,0.053416,0.000103
ACAAGGACAAGAGGTT-1,0.000013,0.029969,0.006801,0.132395,0.240063,0.346524,0.014392,0.229845
ACAAGGATGCTTTAGG-1,0.000324,0.000324,0.046427,0.421556,0.530075,0.000647,0.000324,0.000324
ACAAGGCCTACCAGCC-1,0.000058,0.031256,0.162579,0.604034,0.017718,0.157648,0.026647,0.000058
ACAAGGGCAGGCTCTG-1,0.000175,0.000175,0.270731,0.631105,0.000349,0.085092,0.012199,0.000175
ACAATAGTCGTACGTT-1,0.000034,0.019974,0.031546,0.658202,0.020899,0.269275,0.000034,0.000034
ACAATCCATTTAAACC-1,0.000016,0.098299,0.168175,0.187521,0.236675,0.300519,0.005715,0.003078
ACAATGAATACGGAGA-1,0.00004,0.117441,0.015702,0.503307,0.000094,0.247442,0.055899,0.060075
ACAATGATTCTTCTAC-1,0.000062,0.022938,0.136264,0.66966,0.030155,0.140798,0.000062,0.000062
ACAATTGTGTCTCTTT-1,0.000279,0.000279,0.000279,0.611398,0.014754,0.372455,0.000279,0.000279
ACAATTTAGGAGGCTC-1,0.000087,0.000087,0.05691,0.617867,0.166164,0.142876,0.015922,0.000087
ACAATTTGAGCAGTGG-1,0.00008,0.033487,0.091312,0.250011,0.441183,0.120055,0.063792,0.00008
ACAATTTGGCCATATT-1,0.000855,0.000855,0.000855,0.753339,0.00171,0.240677,0.000855,0.000855
ACACAAATATTCCTAG-1,0.000035,0.016443,0.000035,0.896727,0.00007,0.08662,0.000035,0.000035
ACACACCAGGACCAGT-1,0.000321,0.000321,0.142011,0.684514,0.083728,0.000641,0.088143,0.000321
ACACATGATCAAATCT-1,0.000035,0.042252,0.00563,0.94021,0.000071,0.008155,0.003613,0.000035
ACACATTGACGCAACA-1,0.000265,0.000265,0.16492,0.276861,0.092835,0.324837,0.058806,0.08121
ACACCACATAATTAGC-1,0.000009,0.001363,0.000009,0.001045,0.696266,0.301292,0.000009,0.000009
ACACCCAGCATGCAGC-1,0.000125,0.031252,0.236176,0.328379,0.178548,0.0546,0.170793,0.000125
ACACCCGAGAAATCCG-1,0.000114,0.000114,0.296111,0.376961,0.074793,0.251679,0.000114,0.000114
ACACCCGTAAATCTGT-1,0.000046,0.000046,0.047329,0.739368,0.010739,0.187875,0.014551,0.000046
ACACCGAGCGCTCTTT-1,0.000296,0.000296,0.344032,0.422269,0.165162,0.067353,0.000296,0.000296
ACACCGGTCTGACCGC-1,0.000044,0.003852,0.206471,0.69319,0.015881,0.073449,0.00707,0.000044
ACACCTTAAGTAGGGC-1,0.000012,0.000012,0.006636,0.001385,0.299775,0.675801,0.016367,0.000012
ACACCTTACTACTTGC-1,0.000033,0.000033,0.294279,0.206999,0.268207,0.230381,0.000033,0.000033
ACACGGGAACTTAGGG-1,0.000084,0.265381,0.329568,0.186415,0.047814,0.062773,0.070548,0.037416
ACACGTAGGCCACAAG-1,0.000389,0.000389,0.418103,0.472617,0.000778,0.000778,0.106556,0.000389
ACACTCCAATGTCACT-1,0.000256,0.000256,0.131112,0.407708,0.122399,0.337755,0.000256,0.000256
ACACTGATCAAGGTGT-1,0.000154,0.033327,0.091052,0.695643,0.000307,0.15804,0.021323,0.000154
ACACTGGGACAGTCGT-1,0.000238,0.000238,0.338175,0.65992,0.000476,0.000476,0.000238,0.000238
ACAGAACTGAGAACAA-1,0.000029,0.034387,0.127369,0.684344,0.005593,0.148221,0.000029,0.000029
ACAGCGACATTCTCAT-1,0.00101,0.00101,0.020022,0.971895,0.002021,0.002021,0.00101,0.00101
ACAGCGCACCCGCAGC-1,0.000077,0.200848,0.056685,0.714264,0.000155,0.000155,0.027739,0.000077
ACAGGAGGCGCAGCCG-1,0.000334,0.000335,0.000335,0.271184,0.086561,0.23563,0.405287,0.000335
ACAGGCTTGCCCGACT-1,0.000054,0.000054,0.203931,0.316519,0.158012,0.321321,0.000054,0.000054
ACAGGTGGAGGTGAGG-1,0.000055,0.112055,0.092169,0.539908,0.000109,0.043289,0.21236,0.000055
ACAGGTGTGTTGTTGC-1,0.000167,0.000167,0.000167,0.411295,0.000335,0.587534,0.000167,0.000167
ACAGTAATACAACTTG-1,0.000035,0.019474,0.417443,0.159848,0.00007,0.00007,0.000035,0.403024
ACAGTATACCGTGGGA-1,0.00006,0.024107,0.00476,0.706242,0.000121,0.048295,0.00006,0.216355
ACAGTGCAGCGCATTT-1,0.000483,0.133952,0.000483,0.423933,0.000966,0.439216,0.000483,0.000483
ACATAAGTCGTGGTGA-1,0.000043,0.000043,0.001101,0.995985,0.000086,0.002655,0.000043,0.000043
ACATCAGCTGGGACGC-1,0.000018,0.000018,0.041537,0.196726,0.451487,0.092037,0.000018,0.21816
ACATCCCGGCCATACG-1,0.000037,0.099325,0.050652,0.152644,0.004993,0.692276,0.000037,0.000037
ACATCCTGGTAACTGT-1,0.000147,0.000147,0.197631,0.454873,0.174945,0.083077,0.085399,0.003781
ACATCGGTCAGCCGCG-1,0.000034,0.044464,0.728685,0.019644,0.068446,0.042191,0.000034,0.096502
ACATCGTATGCAATGG-1,0.000361,0.000361,0.336507,0.482664,0.168114,0.000722,0.010909,0.000361
ACATGGCGCCAAAGTA-1,0.000008,0.000008,0.034193,0.008072,0.802478,0.140382,0.014851,0.000008
ACATGGCTCAATTTAG-1,0.000228,0.000228,0.000228,0.300736,0.604736,0.093388,0.000228,0.000228
ACCAAACACCCAGCGA-1,0.000052,0.000052,0.000052,0.791911,0.000104,0.203685,0.000052,0.004093
ACCAACACCACACACT-1,0.00004,0.062371,0.004976,0.767826,0.01858,0.146126,0.00004,0.00004
ACCAACCGCACTCCAC-1,0.000476,0.000476,0.156391,0.519661,0.000953,0.16029,0.161277,0.000476
ACCACAACTCAGAACA-1,0.000037,0.000037,0.109895,0.449849,0.000647,0.411698,0.02355,0.004288
ACCACAAGTTTCTATC-1,0.000073,0.000073,0.138172,0.231624,0.26469,0.224909,0.134739,0.00572
ACCACCAATGTAACAA-1,0.000022,0.000022,0.04028,0.191861,0.547139,0.220631,0.000022,0.000022
ACCACCCTCTCTTCTA-1,0.00005,0.00005,0.00005,0.944368,0.0001,0.055282,0.00005,0.00005
ACCACTGTTCAAGAAG-1,0.000209,0.000209,0.000209,0.862012,0.000418,0.044999,0.091735,0.000209
ACCAGACCATAACAAC-1,0.000185,0.000185,0.000185,0.783766,0.00037,0.21494,0.000185,0.000185
ACCAGTGCCCGGTCAA-1,0.000065,0.000065,0.056409,0.931137,0.000129,0.012066,0.000065,0.000065
ACCAGTGCGGGAGACG-1,0.000125,0.068952,0.124934,0.262087,0.454293,0.014475,0.000125,0.075009
ACCATCCGCCAACTAG-1,0.000071,0.022074,0.000071,0.865861,0.02972,0.063763,0.010539,0.007901
ACCATCGTATATGGTA-1,0.000057,0.040726,0.182651,0.471921,0.103902,0.190069,0.010617,0.000057
ACCATTAAGGGTGTCA-1,0.000242,0.032453,0.047967,0.520862,0.157118,0.240876,0.000242,0.000242
ACCCAACGCCCGTGGC-1,0.000047,0.08742,0.271956,0.277454,0.29291,0.050112,0.013675,0.006425
ACCCACCTACATGCTC-1,0.000026,0.006393,0.225765,0.009334,0.749227,0.003508,0.005723,0.000026
ACCCATCTTGAGGGTA-1,0.000043,0.013355,0.169904,0.268707,0.243196,0.273915,0.030837,0.000043
ACCCATTTGTCCCTCT-1,0.000649,0.00065,0.094954,0.823772,0.001299,0.001299,0.076727,0.00065
ACCCGAGCGAAATTAC-1,0.000054,0.000054,0.033974,0.611292,0.059759,0.294758,0.000054,0.000054
ACCCGGAGCACCACAA-1,0.000344,0.000344,0.000344,0.874019,0.000688,0.000687,0.114243,0.009332
ACCCGGATGACGCATC-1,0.000015,0.000015,0.035843,0.153615,0.653311,0.157171,0.000015,0.000015
ACCCGGTTACACTTCC-1,0.000021,0.590637,0.167397,0.12419,0.032436,0.065797,0.000021,0.0195
ACCCTATAGGACTGAG-1,0.000885,0.000885,0.275614,0.717305,0.00177,0.00177,0.000885,0.000885
ACCCTATGCCATATCG-1,0.000061,0.05686,0.08093,0.642062,0.000121,0.091408,0.128497,0.000061
ACCCTCCCTTGCTATT-1,0.000235,0.000235,0.143133,0.427698,0.019648,0.35896,0.049857,0.000235
ACCCTGGTAACGCCCT-1,0.000056,0.000056,0.000056,0.916673,0.000111,0.058485,0.000056,0.024508
ACCCTTGCCTGGGTCG-1,0.000061,0.015163,0.000061,0.771814,0.173343,0.039435,0.000061,0.000061
ACCCTTTAGTTCTCCA-1,0.000209,0.104625,0.373429,0.439506,0.000418,0.004802,0.04404,0.032971
ACCGAAGAGTCTGGTT-1,0.000052,0.024951,0.158751,0.573855,0.000105,0.242182,0.000052,0.000052
ACCGATAGGCATAACC-1,0.000376,0.000376,0.000376,0.528271,0.316227,0.033402,0.120597,0.000376
ACCGATATTTAATCAT-1,0.000565,0.000565,0.000565,0.903777,0.00113,0.00113,0.091702,0.000565
ACCGATGGTAGCATCG-1,0.000032,0.000032,0.037068,0.026641,0.388004,0.23634,0.013733,0.298151
ACCGCGGTGGAAGTCG-1,0.000154,0.054608,0.032719,0.705529,0.170989,0.035692,0.000154,0.000154
ACCGGGCCTTTGTTGA-1,0.000199,0.000199,0.330624,0.615636,0.004491,0.048451,0.000199,0.000199
ACCGGTCAGGTACACC-1,0.00004,0.04375,0.082611,0.869059,0.00008,0.00008,0.004339,0.00004
ACCGGTCTGAGTACGG-1,0.000033,0.029832,0.025384,0.008956,0.331468,0.60426,0.000033,0.000033
ACCGTCCACTGGGCCC-1,0.000062,0.000062,0.000062,0.946286,0.000124,0.018916,0.028307,0.00618
ACCGTGACCACGTGGG-1,0.000069,0.000069,0.06517,0.689887,0.066053,0.178614,0.000069,0.000069
ACCTAAGTACCTTTCA-1,0.000069,0.001586,0.122613,0.702486,0.015401,0.096671,0.061106,0.000069
ACCTAATCGACTTCCT-1,0.00001,0.00009,0.0717,0.038206,0.519659,0.329737,0.037242,0.003355
ACCTACAGTATGTGGT-1,0.000024,0.028224,0.033324,0.174717,0.408038,0.272429,0.083219,0.000024
ACCTCCGCCCTCGCTG-1,0.00051,0.00051,0.279362,0.569702,0.117319,0.031577,0.00051,0.00051
ACCTCCGTTATTCACC-1,0.000026,0.000026,0.034547,0.155398,0.339828,0.470124,0.000026,0.000026
ACCTCGAACTTATGCT-1,0.000056,0.054288,0.000056,0.804873,0.000111,0.0617,0.005545,0.073371
ACCTGCGTGTCATGTT-1,0.000033,0.05008,0.004629,0.799537,0.003765,0.14189,0.000033,0.000033
ACGAAATGGGCGGCAC-1,0.000006,0.000006,0.023346,0.018355,0.607564,0.350712,0.000006,0.000006
ACGACCCATGAGTTGC-1,0.000279,0.000279,0.238893,0.758878,0.000557,0.000557,0.000279,0.000279
ACGACTGGTCATACTC-1,0.000063,0.000063,0.000606,0.357582,0.07358,0.326852,0.241192,0.000063
ACGAGAACCCATCACG-1,0.000144,0.016614,0.454716,0.036489,0.054311,0.437438,0.000144,0.000144
ACGAGATATTTGCTTA-1,0.000097,0.030762,0.304463,0.595004,0.000193,0.004379,0.065006,0.000097
ACGAGGATACCACTCT-1,0.000027,0.099743,0.036849,0.27088,0.070151,0.502288,0.020035,0.000027
ACGAGGTTTACAACGT-1,0.000043,0.045585,0.000043,0.392121,0.004133,0.557988,0.000043,0.000043
ACGAGTACGGATGCCC-1,0.000019,0.056949,0.098141,0.0928,0.284738,0.456156,0.009908,0.001288
ACGAGTCGCCGGCGTT-1,0.000178,0.000178,0.115945,0.652244,0.217681,0.013418,0.000178,0.000178
ACGATACATAGAACTA-1,0.000043,0.243031,0.194966,0.529811,0.000086,0.017347,0.008059,0.006656
ACGATACCTATCCTGA-1,0.000341,0.000341,0.133513,0.567406,0.25414,0.043575,0.000341,0.000341
ACGATCATCTTGTAAA-1,0.000011,0.000015,0.008412,0.007249,0.524958,0.455732,0.002028,0.001594
ACGATGCATATGTTAT-1,0.000029,0.030735,0.180432,0.18334,0.468826,0.122761,0.013846,0.000029
ACGCAAACTAATAGAT-1,0.000062,0.001134,0.003423,0.868427,0.000123,0.000132,0.126638,0.000062
ACGCAATCACTACAGC-1,0.000044,0.000044,0.014213,0.529705,0.042162,0.413745,0.000044,0.000044
ACGCATAAATGACATG-1,0.000041,0.042587,0.012693,0.576806,0.105193,0.262598,0.000041,0.000041
ACGCATACGTTTACTA-1,0.000053,0.001132,0.360146,0.09805,0.528922,0.000105,0.008723,0.002869
ACGCCTGACACGCGCT-1,0.001124,0.001124,0.541153,0.001124,0.339448,0.002248,0.112656,0.001124
ACGCGCTACACAGGGT-1,0.000025,0.042347,0.116911,0.169885,0.277312,0.389961,0.000025,0.003536
ACGCGTTTCTTAAGAG-1,0.000149,0.000149,0.040358,0.01596,0.226009,0.717078,0.000149,0.000149
ACGCTAGTATCAGTGC-1,0.00007,0.111718,0.119721,0.750226,0.00014,0.017985,0.00007,0.00007
ACGCTAGTGATACACT-1,0.000045,0.026555,0.215355,0.208658,0.260314,0.28677,0.000045,0.002258
ACGCTGTGAGGCGTAG-1,0.000041,0.000041,0.000041,0.316931,0.000083,0.667424,0.015397,0.000041
ACGGAATTTAGCAAAT-1,0.000461,0.000461,0.095283,0.404029,0.423967,0.000922,0.074416,0.000461
ACGGAGCGCAAATTAC-1,0.000052,0.000052,0.224887,0.768781,0.000105,0.006017,0.000052,0.000052
ACGGCCAACATGGACT-1,0.000026,0.501484,0.011309,0.4386,0.000052,0.000052,0.048449,0.000026
ACGGCGGGTTGCCCTG-1,0.000515,0.000516,0.237838,0.46885,0.001031,0.001031,0.289702,0.000516
ACGGCTGGATGTAGAA-1,0.000057,0.000057,0.000057,0.869772,0.000113,0.129832,0.000057,0.000057
ACGGGAGTGTCGGCCC-1,0.000051,0.043105,0.000051,0.881203,0.000102,0.075384,0.000051,0.000051
ACGGGCGTATGCGACA-1,0.000064,0.000064,0.000064,0.860043,0.000128,0.139508,0.000064,0.000064
ACGGGTCATGTGACTT-1,0.000083,0.034726,0.076818,0.414561,0.257035,0.216609,0.000083,0.000083
ACGTATTACTCCGATC-1,0.000014,0.009829,0.011762,0.0079,0.678197,0.29227,0.000014,0.000014
ACGTCGGGCAACTCGG-1,0.000019,0.012056,0.000728,0.189212,0.178872,0.615631,0.000019,0.003463
ACGTCTCGTTCCGGGA-1,0.000417,0.000417,0.000417,0.814284,0.000834,0.182798,0.000417,0.000417
ACGTGACAAAGTAAGT-1,0.000061,0.000061,0.024161,0.919537,0.000123,0.055933,0.000061,0.000061
ACGTTAGATTTGCCCG-1,0.000037,0.060795,0.110201,0.120239,0.314575,0.335333,0.058784,0.000037
ACGTTATTGGTCACTC-1,0.000617,0.000617,0.000617,0.634926,0.001235,0.156969,0.2044,0.000617
ACGTTCGCAATCAATT-1,0.000035,0.000035,0.04661,0.226375,0.336667,0.246529,0.143712,0.000035
ACGTTCGTTCAGGAAA-1,0.000062,0.04818,0.249717,0.69059,0.000123,0.001902,0.009364,0.000062
ACGTTCTGTACAAGTC-1,0.000599,0.000599,0.580034,0.290892,0.001198,0.031167,0.094911,0.000599
ACTAAGGACGCACACC-1,0.000053,0.02921,0.000053,0.87254,0.000106,0.012443,0.000053,0.085541
ACTAATACGTCAGGCG-1,0.000032,0.029285,0.057416,0.198161,0.195897,0.424631,0.094546,0.000033
ACTACATCCCGACAAG-1,0.000033,0.002651,0.000033,0.692964,0.000065,0.30419,0.000033,0.000033
ACTACCAGCTCTCTGG-1,0.000026,0.000026,0.156544,0.220861,0.606602,0.015888,0.000026,0.000026
ACTAGTTGCGATCGTC-1,0.000806,0.17101,0.612781,0.210563,0.001613,0.001613,0.000807,0.000807
ACTATATGCTGTGTTC-1,0.000067,0.000067,0.024697,0.832658,0.000133,0.131921,0.000067,0.010391
ACTATCCAGGGCATGG-1,0.00001,0.00001,0.013873,0.014274,0.752235,0.216354,0.000133,0.003112
ACTATCGCCGGCTAAA-1,0.000402,0.000402,0.000402,0.710663,0.216743,0.000803,0.070184,0.000402
ACTATCTGCCCGCGTA-1,0.000397,0.000397,0.393146,0.603679,0.000794,0.000794,0.000397,0.000397
ACTATGTCCAGCTGCC-1,0.000054,0.000054,0.164214,0.800181,0.000108,0.03528,0.000054,0.000054
ACTATTTCCGGGCCCA-1,0.000095,0.000095,0.251382,0.65847,0.000189,0.077246,0.012429,0.000095
ACTCAACGAATGTATT-1,0.000173,0.000173,0.219547,0.000173,0.314224,0.038446,0.031056,0.396208
ACTCAAGTGCAAGGCT-1,0.000117,0.000117,0.007924,0.260862,0.332895,0.363745,0.024883,0.009456
ACTCAGACCTGCTTCT-1,0.000139,0.00014,0.00014,0.430121,0.527992,0.03316,0.00014,0.008169
ACTCCAATATCATCAT-1,0.00006,0.214513,0.109045,0.604473,0.000121,0.059386,0.012341,0.00006
ACTCCCATTCCTAAAG-1,0.000032,0.000032,0.005236,0.686465,0.043821,0.258501,0.000032,0.005882
ACTCCCGAATTCGTTT-1,0.000016,0.000016,0.004657,0.030652,0.48077,0.483856,0.000016,0.000016
ACTCCCGTAGACTAGG-1,0.000054,0.000054,0.000054,0.991761,0.000108,0.007862,0.000054,0.000054
ACTCGATGTATTTCAT-1,0.000265,0.000265,0.350158,0.64772,0.000531,0.000531,0.000265,0.000265
ACTCGCGATCTGACGC-1,0.000571,0.000572,0.000572,0.578854,0.001143,0.152222,0.265495,0.000572
ACTCGTAACCCGTCCT-1,0.00003,0.00003,0.017474,0.650713,0.010541,0.321153,0.00003,0.00003
ACTCGTCAGTAATCCC-1,0.000115,0.000115,0.114103,0.224983,0.025568,0.03061,0.604391,0.000115
ACTCTAAACCTGGGAT-1,0.000465,0.000465,0.000465,0.896557,0.000931,0.000931,0.099721,0.000465
ACTCTCTGACTTAGGT-1,0.000541,0.000541,0.070479,0.542814,0.339407,0.02716,0.000541,0.018518
ACTCTCTTATACACGA-1,0.000103,0.022521,0.050202,0.861107,0.000205,0.031358,0.034402,0.000103
ACTCTTCAGCTCCCGC-1,0.000034,0.002043,0.072105,0.549851,0.220345,0.155556,0.000034,0.000034
ACTGAAACGCCGTTAG-1,0.000546,0.000547,0.000547,0.479429,0.001093,0.516744,0.000547,0.000547
ACTGAATGGCGAAAGT-1,0.000182,0.000182,0.000182,0.858649,0.140076,0.000364,0.000182,0.000182
ACTGCCCGCCATTCTC-1,0.000412,0.000412,0.000412,0.986497,0.000823,0.000823,0.000412,0.01021
ACTGCGGACACACCGT-1,0.000027,0.000027,0.033836,0.236507,0.500544,0.229004,0.000027,0.000027
ACTGCTCGGAAGGATG-1,0.000043,0.032704,0.000043,0.521072,0.026039,0.416114,0.000043,0.003941
ACTGGCGAACCTGCGT-1,0.000055,0.054572,0.057643,0.798359,0.000109,0.063081,0.000055,0.026126
ACTGTACGATACACAT-1,0.000096,0.000096,0.119536,0.134227,0.439816,0.253548,0.052583,0.000096
ACTGTAGCACTTTGGA-1,0.000134,0.000134,0.084721,0.421519,0.053121,0.346575,0.046903,0.046893
ACTGTATACGCGAGCA-1,0.00017,0.00017,0.279123,0.719513,0.000341,0.000341,0.00017,0.00017
ACTGTGCTAGTAGATC-1,0.000178,0.047384,0.068794,0.06169,0.821064,0.000533,0.000178,0.000178
ACTTACCGGGCGCGCA-1,0.000198,0.000198,0.000198,0.998217,0.000396,0.000396,0.000198,0.000198
ACTTAGTACGACAAGA-1,0.000131,0.000131,0.201844,0.32088,0.030312,0.44644,0.000131,0.000131
ACTTATACTTACCCGG-1,0.000043,0.000043,0.026746,0.093161,0.315583,0.317986,0.052879,0.19356
ACTTATCTGATCTATA-1,0.000538,0.000538,0.000538,0.786633,0.209602,0.001076,0.000538,0.000538
ACTTATTTATGTGCCA-1,0.000337,0.000337,0.241238,0.635792,0.000674,0.120949,0.000337,0.000337
ACTTCAGGCTGATCCC-1,0.000209,0.000209,0.255065,0.113155,0.078029,0.552915,0.000209,0.000209
ACTTCCAGTGGAAGCT-1,0.000037,0.0375,0.141243,0.44738,0.000074,0.084324,0.001923,0.287519
ACTTCCATGCGGGACA-1,0.000309,0.000309,0.057024,0.764037,0.000617,0.119823,0.026576,0.031305
ACTTCCTGTCGTGCGA-1,0.000122,0.000122,0.058283,0.781344,0.000245,0.096044,0.045408,0.018431
ACTTCGCCATACGCAC-1,0.000082,0.17099,0.155254,0.613692,0.000164,0.059655,0.000082,0.000082
ACTTCGCTAGCGAGTG-1,0.000056,0.000056,0.000056,0.438545,0.029456,0.531717,0.000056,0.000056
ACTTGGGACCCGGTGG-1,0.000893,0.000893,0.298713,0.559225,0.001786,0.001786,0.13581,0.000893
ACTTGTAGTCCCTTCA-1,0.000056,0.000056,0.000056,0.997855,0.000112,0.001754,0.000056,0.000056
ACTTGTGGATGGAACG-1,0.000467,0.000467,0.122975,0.873285,0.000935,0.000935,0.000467,0.000467
ACTTTACCCTCATGAA-1,0.00001,0.00001,0.000209,0.029052,0.257352,0.712583,0.00001,0.000774
ACTTTGACTGCATCCT-1,0.000106,0.000106,0.000106,0.951838,0.000212,0.047422,0.000106,0.000106
ACTTTGGTCGTGCTCC-1,0.000063,0.000063,0.000063,0.999429,0.000127,0.000127,0.000063,0.000063
ACTTTGTCGACGCACT-1,0.000379,0.000379,0.000379,0.530248,0.000758,0.427968,0.03951,0.000379
AGAAATTATGACTCGC-1,0.00021,0.00021,0.511887,0.486432,0.00042,0.00042,0.00021,0.00021
AGAACCCAGCGTGACA-1,0.000826,0.000827,0.000827,0.651193,0.319441,0.001653,0.000827,0.024407
AGAACCCTCAATTGGG-1,0.000037,0.000037,0.000037,0.96393,0.000074,0.035812,0.000037,0.000037
AGAACGTGGTACATTC-1,0.000056,0.135573,0.761112,0.036992,0.000113,0.012409,0.000056,0.053688
AGAAGAGCGCCGTTCC-1,0.000621,0.000621,0.000621,0.440645,0.001243,0.394321,0.072072,0.089856
AGAAGGTACACTTCAC-1,0.000045,0.084473,0.005639,0.890257,0.000089,0.019407,0.000045,0.000045
AGAAGGTTGCCGAATT-1,0.000036,0.105534,0.161381,0.302952,0.073221,0.123899,0.232942,0.000036
AGAAGTGATTCGTGAT-1,0.000053,0.078469,0.055311,0.746919,0.056737,0.062404,0.000053,0.000053
AGAATAAATCTTCAGG-1,0.00003,0.00003,0.034035,0.439389,0.124849,0.401609,0.00003,0.00003
AGAATGCGGGTTCGGA-1,0.000051,0.000051,0.047768,0.951823,0.000102,0.000102,0.000051,0.000051
AGAATTATGGATTCGA-1,0.000024,0.031445,0.150114,0.139376,0.08844,0.572251,0.018326,0.000024
AGAATTGTTTGACATA-1,0.0001,0.006419,0.067713,0.046542,0.701161,0.177866,0.0001,0.0001
AGACAGCTCAGAATCC-1,0.000176,0.061986,0.061581,0.809737,0.000352,0.000352,0.065641,0.000176
AGACAGGCATCTCAGC-1,0.000055,0.000055,0.043209,0.23035,0.080716,0.645506,0.000055,0.000055
AGACCAAACCACACCT-1,0.000019,0.008596,0.003364,0.494731,0.007849,0.485404,0.000019,0.000019
AGACCATGGGATACAA-1,0.000205,0.000205,0.344181,0.376263,0.17316,0.043776,0.062005,0.000205
AGACCGCTCCGCGGTT-1,0.000231,0.000231,0.361733,0.40098,0.145672,0.09069,0.000231,0.000231
AGACCGGGAAACCCTG-1,0.000024,0.000024,0.000816,0.733858,0.001866,0.263366,0.000024,0.000024
AGACGAAGTGCCGGTC-1,0.000581,0.000582,0.301053,0.694295,0.001163,0.001163,0.000582,0.000582
AGACGACGATGCCGCT-1,0.000056,0.000056,0.068392,0.650986,0.000112,0.280285,0.000056,0.000056
AGACGCCCACTTCGCC-1,0.000209,0.021383,0.886059,0.091094,0.000419,0.000419,0.000209,0.000209
AGACGGGCCGATTTAA-1,0.000086,0.000086,0.075826,0.848829,0.000171,0.074831,0.000086,0.000086
AGACTAGCCTTCCAGA-1,0.000526,0.000526,0.000526,0.216415,0.001053,0.096258,0.684168,0.000526
AGACTGTTACCGGGTC-1,0.000078,0.000079,0.000079,0.423021,0.000157,0.344063,0.232446,0.000079
AGAGAACCGTCTAGGA-1,0.000071,0.061901,0.055299,0.596368,0.078186,0.123713,0.084391,0.000071
AGAGAAGGAGTACAAT-1,0.000046,0.04051,0.001172,0.676504,0.000092,0.224109,0.000046,0.057521
AGAGATCTCTAAAGCG-1,0.000008,0.004065,0.006697,0.102479,0.402604,0.484131,0.000008,0.000008
AGAGCAGTTATGAGAC-1,0.000015,0.012336,0.12755,0.000823,0.612341,0.150283,0.001913,0.094738
AGAGCCGCCGAGATTT-1,0.000806,0.000807,0.000807,0.797082,0.001613,0.001613,0.196465,0.000807
