Barcode,Topic 1,Topic 2to3,Topic 4,Topic 5,Topic 6,Topic 7,Topic 8
AAACAAGTATCTCCCA-1,0.000648,0.001295,0.035942,0.152703,0.76498,0.043783,0.000649
AAACAATCTACTAGCA-1,0.000563,0.001126,0.000564,0.315882,0.640951,0.000564,0.040349
AAACACCAATAACTGC-1,0.000187,0.000374,0.000187,0.356161,0.631185,0.011718,0.000187
AAACAGAGCGACTCCT-1,0.000062,0.000125,0.269046,0.244721,0.485921,0.000062,0.000062
AAACAGCTTTCAGAAG-1,0.000027,0.000054,0.855101,0.012668,0.125638,0.006486,0.000027
AAACAGGGTCTATATT-1,0.000051,0.000103,0.378728,0.442105,0.151463,0.020732,0.006818
AAACAGTGTTCCTGGG-1,0.000183,0.000367,0.000184,0.111043,0.303464,0.223947,0.360812
AAACATTTCCCGGATT-1,0.000237,0.000473,0.023093,0.419363,0.000237,0.556359,0.000237
AAACCCGAACGAAATC-1,0.000534,0.001068,0.049532,0.300002,0.647793,0.000535,0.000535
AAACCGGAAATGTTAA-1,0.000028,0.000057,0.000028,0.000028,0.652554,0.347276,0.000028
AAACCGGGTAGGTACC-1,0.000056,0.000112,0.648713,0.02523,0.237491,0.012347,0.076051
AAACCGTTCGTCCAGG-1,0.000266,0.000532,0.000266,0.437969,0.560433,0.000266,0.000266
AAACCTAAGCAGCCGG-1,0.000363,0.000727,0.000364,0.161132,0.517248,0.319802,0.000364
AAACCTCATGAAGTTG-1,0.000026,0.000053,0.809989,0.003262,0.180952,0.005691,0.000027
AAACGAAGAACATACC-1,0.000244,0.000488,0.000245,0.000245,0.617328,0.381206,0.000245
AAACGAAGATGGAGTA-1,0.000515,0.001029,0.000515,0.541626,0.098627,0.180907,0.176782
AAACGAGACGGTTGAT-1,0.000355,0.00071,0.132717,0.789029,0.076478,0.000356,0.000356
AAACGGGCGTACGGGT-1,0.000403,0.000806,0.000404,0.000404,0.368969,0.628609,0.000404
AAACGGTTGCGAACTG-1,0.000099,0.000199,0.0001,0.582467,0.359164,0.029544,0.028428
AAACGTGTTCGCCCTA-1,0.000144,0.000287,0.000144,0.054198,0.941479,0.003604,0.000144
AAACTAACGTGGCGAC-1,0.000286,0.000572,0.02398,0.556092,0.418496,0.000287,0.000286
AAACTCGGTTCGCAAT-1,0.000601,0.001202,0.000602,0.000602,0.716156,0.280235,0.000602
AAACTCGTGATATAAG-1,0.001289,0.002577,0.001291,0.001291,0.990969,0.001291,0.001291
AAACTGCTGGCTCCAA-1,0.00068,0.001359,0.223765,0.130295,0.332514,0.310707,0.00068
AAACTTAATTGCACGC-1,0.000117,0.000234,0.000117,0.600951,0.398348,0.000117,0.000117
AAACTTGCAAACGTAT-1,0.000021,0.000042,0.822869,0.145972,0.000021,0.029723,0.001353
AAAGAATGTGGACTAA-1,0.001117,0.002232,0.001118,0.001118,0.672863,0.320434,0.001118
AAAGACCCAAGTCGCG-1,0.000149,0.000298,0.000149,0.032351,0.888688,0.000149,0.078215
AAAGACTGGGCGCTTT-1,0.000198,0.000396,0.189408,0.136429,0.602579,0.070791,0.000198
AAAGCTTGCCTACATA-1,0.000208,0.000416,0.000208,0.000208,0.805092,0.193659,0.000208
AAAGGCCCTATAATAC-1,0.00024,0.000479,0.00024,0.347366,0.512314,0.098131,0.041231
AAAGGCTACGGACCAT-1,0.000196,0.000393,0.013625,0.248499,0.600623,0.101292,0.035371
AAAGGCTCTCGCGCCG-1,0.001203,0.002404,0.001204,0.001204,0.710608,0.23228,0.051097
AAAGGGATGTAGCAAG-1,0.000366,0.000731,0.000366,0.149891,0.654082,0.194199,0.000366
AAAGGGCAGCTTGAAT-1,0.000096,0.000193,0.016049,0.363688,0.61978,0.000097,0.000097
AAAGGTAAGCTGTACC-1,0.000095,0.00019,0.102764,0.37396,0.522424,0.000095,0.000472
AAAGTAGCATTGCTCA-1,0.000242,0.000484,0.084639,0.467103,0.447048,0.000242,0.000242
AAAGTCACTGATGTAA-1,0.000186,0.000371,0.085099,0.00605,0.895267,0.000186,0.012841
AAAGTCGACCCTCAGT-1,0.000017,0.000034,0.769334,0.215683,0.013136,0.000017,0.00178
AAAGTGCCATCAATTA-1,0.0003,0.0006,0.0003,0.150788,0.429987,0.40621,0.011816
AAAGTGTGATTTATCT-1,0.000593,0.001185,0.177106,0.000593,0.621227,0.198703,0.000593
AAAGTTGACTCCCGTA-1,0.000868,0.001736,0.00087,0.00087,0.869334,0.125453,0.000869
AAATAACCATACGGGA-1,0.00037,0.003542,0.00037,0.00037,0.994606,0.000371,0.00037
AAATAAGGTAGTGCCC-1,0.00026,0.000521,0.000261,0.035274,0.886796,0.076627,0.000261
AAATACCTATAAGCAT-1,0.000744,0.001488,0.000745,0.000745,0.480592,0.514939,0.000745
AAATAGCTTAGACTTT-1,0.00051,0.00102,0.000511,0.133454,0.777464,0.065863,0.021177
AAATAGGGTGCTATTG-1,0.000893,0.001786,0.000895,0.000895,0.807071,0.187567,0.000894
AAATCCGATACACGCC-1,0.000532,0.001064,0.000533,0.086132,0.565355,0.000533,0.345851
AAATCGCGGAAGGAGT-1,0.000239,0.000477,0.046521,0.371924,0.463724,0.101044,0.016071
AAATCGTGTACCACAA-1,0.000269,0.000539,0.087019,0.301295,0.442648,0.16796,0.00027
AAATCTAGCCCTGCTA-1,0.000169,0.000339,0.00017,0.00017,0.357793,0.624582,0.016778
AAATGACTGATCAAAC-1,0.000502,0.001004,0.000503,0.017899,0.440798,0.53879,0.000503
AAATGATTCGATCAGC-1,0.00094,0.00188,0.000941,0.000942,0.880624,0.113733,0.000941
AAATGCTCGTTACGTT-1,0.000127,0.000254,0.010488,0.589871,0.3948,0.000127,0.004333
AAATGGCATGTCTTGT-1,0.000101,0.000203,0.625933,0.157995,0.197621,0.016584,0.001563
AAATGGCCCGTGCCCT-1,0.000154,0.000308,0.019321,0.298599,0.616935,0.043657,0.021024
AAATGGTCAATGTGCC-1,0.000191,0.000383,0.000192,0.203216,0.716699,0.000192,0.079127
AAATGTATCTTATCCC-1,0.000158,0.000316,0.000158,0.428316,0.454422,0.075976,0.040653
AAATTAACGGGTAGCT-1,0.000328,0.000656,0.039725,0.16314,0.795493,0.000329,0.000329
AAATTAATAAGCGCGA-1,0.000148,0.000295,0.025507,0.361834,0.460232,0.05709,0.094895
AAATTACACGACTCTG-1,0.001116,0.002232,0.001118,0.001118,0.992181,0.001118,0.001117
AAATTACCTATCGATG-1,0.000125,0.000251,0.182398,0.338326,0.386424,0.09235,0.000126
AAATTCCAGGTCCAAA-1,0.000223,0.000445,0.01135,0.000223,0.868292,0.074717,0.04475
AAATTGATAGTCCTTT-1,0.000092,0.000185,0.093531,0.905914,0.000093,0.000093,0.000093
AAATTGGTGAGAAGCA-1,0.000113,0.000226,0.000113,0.046658,0.834194,0.118583,0.000113
AAATTTACCGAAATCC-1,0.000279,0.000558,0.00028,0.190487,0.807837,0.00028,0.000279
AAATTTGCGGGTGTGG-1,0.000109,0.000218,0.172956,0.137432,0.656479,0.029955,0.002851
AACAACTGGTAGTTGC-1,0.001263,0.002525,0.001265,0.001266,0.991151,0.001265,0.001265
AACAATACATTGTCGA-1,0.000119,0.000237,0.068125,0.401438,0.457627,0.027094,0.04536
AACAATTACTCTACGC-1,0.000041,0.000082,0.696162,0.124732,0.1789,0.000041,0.000041
AACACACGCTCGCCGC-1,0.00105,0.002101,0.001052,0.001052,0.793121,0.200571,0.001052
AACACGACTGTACTGA-1,0.000645,0.001289,0.174909,0.000646,0.000646,0.821222,0.000645
AACACGAGACGCGGCC-1,0.000026,0.000052,0.617274,0.188273,0.000026,0.004693,0.189656
AACACGCGGCCGCGAA-1,0.000451,0.000903,0.000452,0.235395,0.710542,0.000452,0.051805
AACAGCTGTGTGGCAA-1,0.000399,0.000799,0.027813,0.121204,0.736638,0.102744,0.010403
AACAGGAAATCGAATA-1,0.000604,0.001208,0.000605,0.000605,0.825568,0.170805,0.000605
AACAGGATGGGCCGCG-1,0.000124,0.000247,0.14635,0.337,0.516032,0.000124,0.000124
AACAGGTAGTATGGAT-1,0.001042,0.002083,0.080115,0.001044,0.855387,0.059286,0.001043
AACATAGCGTGTATCG-1,0.001033,0.002066,0.001035,0.001035,0.092223,0.844085,0.058523
AACATATCAACTGGTG-1,0.000479,0.000958,0.00048,0.00048,0.996644,0.00048,0.00048
AACATCGATACGTCTA-1,0.000403,0.000806,0.000404,0.000404,0.949559,0.000404,0.048019
AACATTGAAGTTGATC-1,0.000387,0.000774,0.114481,0.000388,0.781137,0.000388,0.102445
AACATTGTGACTCGAG-1,0.000164,0.000329,0.052349,0.590607,0.257273,0.099114,0.000165
AACCAAGACTTCTCTG-1,0.000054,0.000108,0.568704,0.162489,0.190578,0.064196,0.013872
AACCAGTATCACTCTT-1,0.000206,0.000413,0.048877,0.149039,0.547931,0.253328,0.000207
AACCATAGGGTTGAAC-1,0.000157,0.000315,0.037709,0.212803,0.741784,0.007074,0.000158
AACCATGGGATCGCTA-1,0.000136,0.000272,0.000136,0.329354,0.669829,0.000136,0.000136
AACCCAGAGACGGAGA-1,0.000153,0.000307,0.024197,0.17505,0.423131,0.065082,0.31208
AACCCATCCCATGATC-1,0.000155,0.000311,0.034883,0.062966,0.816335,0.085194,0.000156
AACCCGACAACCCGTG-1,0.000204,0.000408,0.075932,0.516329,0.346534,0.060389,0.000204
AACCCGAGCAGAATCG-1,0.000268,0.000535,0.000268,0.000268,0.776146,0.222246,0.000268
AACCCGCTGTATTCCA-1,0.000378,0.000755,0.0839,0.000378,0.000378,0.913832,0.000378
AACCCTACTGTCAATA-1,0.001127,0.002252,0.001128,0.001128,0.992108,0.001128,0.001128
AACCCTGGTGGAACCA-1,0.000326,0.000653,0.000327,0.000327,0.750278,0.247762,0.000327
AACCGAGCTTGGTCAT-1,0.000168,0.000336,0.000168,0.187545,0.811446,0.000168,0.000168
AACCGCTAAGGGATGC-1,0.000601,0.001202,0.000602,0.109262,0.521044,0.366687,0.000602
AACCGTTGTGTTTGCT-1,0.000164,0.000327,0.000164,0.000164,0.01671,0.209946,0.772525
AACCTCGCTTTAGCCC-1,0.002315,0.00463,0.002318,0.002319,0.684726,0.301374,0.002319
AACCTGTCACGGAATT-1,0.000691,0.001381,0.000692,0.146831,0.849021,0.000692,0.000692
AACCTTTAAATACGGT-1,0.002551,0.005102,0.002555,0.002556,0.435875,0.548806,0.002555
AACCTTTACGACGTCT-1,0.000203,0.000405,0.169512,0.379139,0.325842,0.124696,0.000203
AACGAAAGTCGTCCCA-1,0.000068,0.000135,0.109223,0.833145,0.055224,0.000068,0.002136
AACGACCTCCTAGCCG-1,0.000802,0.001603,0.000803,0.361764,0.176239,0.361599,0.097192
AACGATAATGCCGTAG-1,0.000777,0.001553,0.000778,0.000778,0.776221,0.184949,0.034945
AACGATAGAAGGGCCG-1,0.000189,0.000377,0.000189,0.000189,0.819033,0.124975,0.055048
AACGATATGTCAACTG-1,0.000242,0.000484,0.000243,0.433866,0.564679,0.000243,0.000243
AACGCATGATCTGGGT-1,0.000298,0.000595,0.000298,0.175004,0.671045,0.000298,0.152462
AACGCGAACGGCAACA-1,0.000394,0.000789,0.000395,0.314169,0.602326,0.000395,0.081532
AACGCGACCTTGGGCG-1,0.000124,0.000249,0.000124,0.149407,0.831029,0.018941,0.000124
AACGCGGTCTCCAGCC-1,0.000187,0.000373,0.003853,0.332841,0.662372,0.000187,0.000187
AACGCTGTTGCTGAAA-1,0.001042,0.002083,0.001044,0.001043,0.992701,0.001044,0.001043
AACGGACGTACGTATA-1,0.000651,0.001302,0.000652,0.000652,0.654566,0.327605,0.014571
AACGGCCATCTCCGGT-1,0.000078,0.000156,0.59962,0.202248,0.163035,0.034785,0.000078
AACGTACTGTGGGTAC-1,0.000607,0.001214,0.000608,0.277757,0.590388,0.128819,0.000608
AACGTCAGACTAGTGG-1,0.00012,0.000241,0.223416,0.282216,0.390158,0.000121,0.103728
AACGTCATCCGGCTTG-1,0.000833,0.001667,0.163652,0.000835,0.32447,0.507708,0.000835
AACGTCGCTGCACTTC-1,0.002501,0.005,0.002504,0.002505,0.908052,0.076934,0.002504
AACGTGATGAAGGACA-1,0.001264,0.002525,0.001265,0.001265,0.897387,0.095029,0.001265
AACGTGCGAAAGTCTC-1,0.001669,0.003333,0.001669,0.390341,0.481177,0.12014,0.00167
AACGTTATCAGCACCT-1,0.000096,0.000192,0.041456,0.869293,0.073996,0.010317,0.00465
AACTACCCGTTTGTCA-1,0.001689,0.003378,0.001692,0.242177,0.747679,0.001693,0.001692
AACTAGCGTATCGCAC-1,0.00018,0.000359,0.01633,0.313217,0.584338,0.057084,0.028493
AACTAGGCTTGGGTGT-1,0.000796,0.001592,0.000797,0.000798,0.268406,0.711277,0.016333
AACTCAAGTTAATTGC-1,0.000246,0.000492,0.262007,0.125931,0.404259,0.206818,0.000246
AACTCCAGAGCGTGTT-1,0.001316,0.002632,0.001318,0.001318,0.746421,0.245677,0.001318
AACTCCTAATCCCATG-1,0.000669,0.001337,0.149172,0.00067,0.692817,0.154667,0.00067
AACTCGATGGCGCAGT-1,0.000137,0.000275,0.055138,0.176861,0.747177,0.000138,0.020274
AACTCTCAATAGAGCG-1,0.000703,0.001404,0.000704,0.000703,0.995079,0.000703,0.000703
AACTCTCAGTGTGCTC-1,0.000148,0.000296,0.000148,0.555256,0.414311,0.029693,0.000148
AACTGAGGTCAGCGTC-1,0.000258,0.000517,0.000259,0.14708,0.847282,0.004346,0.000259
AACTGAGTTATACTGA-1,0.000127,0.000255,0.206981,0.627755,0.033421,0.074806,0.056654
AACTGATATTAGGCCT-1,0.000199,0.000398,0.000199,0.118142,0.733379,0.147483,0.000199
AACTGGGTCCCGACGT-1,0.000292,0.000584,0.000293,0.000293,0.955715,0.042531,0.000293
AACTGGGTTCGAGCCG-1,0.000607,0.001214,0.000608,0.259476,0.645416,0.092071,0.000608
AACTGGTGTGGGCCTT-1,0.000169,0.000338,0.000169,0.129028,0.869956,0.000169,0.000169
AACTTCTGCGTCTATC-1,0.000269,0.000539,0.00027,0.254112,0.618656,0.00027,0.125884
AACTTGCCCGTATGCA-1,0.000058,0.000116,0.564909,0.011909,0.422893,0.000058,0.000058
AACTTGCGTTCTCGCG-1,0.000119,0.000239,0.073016,0.457886,0.468501,0.000119,0.000119
AACTTTACGGGAGCTT-1,0.000195,0.000389,0.000195,0.332152,0.561652,0.057092,0.048325
AACTTTAGCTGCTGAG-1,0.000175,0.000349,0.000175,0.2264,0.742723,0.030004,0.000175
AACTTTCTCGATCATG-1,0.000047,0.000095,0.000047,0.000047,0.967993,0.031723,0.000047
AAGAAATCACCAGATT-1,0.000022,0.000044,0.000022,0.000022,0.92384,0.046355,0.029695
AAGAAGGATCAGTTAG-1,0.000106,0.000213,0.006429,0.536336,0.456703,0.000106,0.000106
AAGACATACGTGGTTT-1,0.001126,0.002252,0.001128,0.001129,0.001128,0.699906,0.293331
AAGACCCAACTGAACA-1,0.000161,0.000322,0.078782,0.304721,0.499029,0.116824,0.000161
AAGACTGCAAGCTACT-1,0.000467,0.000933,0.14959,0.180501,0.485512,0.135815,0.047182
AAGAGATGAATCGGTA-1,0.000111,0.000221,0.063877,0.172471,0.763098,0.000111,0.000111
AAGAGCTCTTTATCGG-1,0.001421,0.002841,0.001423,0.557945,0.312981,0.121966,0.001423
AAGAGGATGTACGCGA-1,0.000064,0.000128,0.800318,0.043873,0.14382,0.000064,0.011734
AAGAGGCATGGATCGC-1,0.001359,0.002717,0.001361,0.001361,0.990478,0.001362,0.001361
AAGAGGCCCTTTGGAA-1,0.000176,0.000352,0.000176,0.000176,0.262224,0.736719,0.000176
AAGATGGCACCGGACC-1,0.000208,0.000415,0.000208,0.323617,0.675135,0.000208,0.000208
AAGATTGGCGGAACGT-1,0.000561,0.001121,0.000562,0.000562,0.996072,0.000562,0.000561
AAGCACCCTGCGTATC-1,0.002452,0.004902,0.002455,0.002455,0.446045,0.539236,0.002455
AAGCATACTCTCCTGA-1,0.000845,0.001689,0.000846,0.097456,0.691885,0.206433,0.000846
AAGCCACTTGCAGGTA-1,0.000584,0.001168,0.060978,0.017797,0.649697,0.26919,0.000585
AAGCCGAAGCGGTTTA-1,0.002156,0.00431,0.128782,0.002159,0.759213,0.101221,0.002159
AAGCCGCCGTGAAATC-1,0.00015,0.000299,0.00015,0.217337,0.336151,0.001178,0.444735
AAGCCGCTTTACCTTG-1,0.000031,0.000061,0.050651,0.064725,0.698645,0.114012,0.071875
AAGCCGGAGAGCAGGA-1,0.0009,0.001799,0.000901,0.000901,0.772999,0.2216,0.000901
AAGCGCAGGGCTTTGA-1,0.000679,0.001359,0.00068,0.00068,0.576612,0.238866,0.181123
AAGCGGAGTGCGCGCA-1,0.000498,0.000996,0.000499,0.000499,0.99651,0.000499,0.000499
AAGCGGCGTCATGGGT-1,0.00036,0.00072,0.043527,0.308646,0.646025,0.000361,0.000361
AAGCGTCCCTCATCGA-1,0.000321,0.000641,0.127816,0.206003,0.664576,0.000321,0.000321
AAGCTAGATCGAGTAA-1,0.001017,0.002033,0.001018,0.025089,0.613713,0.356112,0.001018
AAGCTCGTGCCAAGTC-1,0.001263,0.002525,0.001265,0.001265,0.920045,0.072373,0.001265
AAGCTCTTTCATGGTG-1,0.001302,0.002604,0.001305,0.001305,0.618757,0.373422,0.001304
AAGGAGAACTTATAAG-1,0.000282,0.000563,0.022866,0.34965,0.530739,0.095618,0.000282
AAGGAGCGGTTGGTGC-1,0.000183,0.000365,0.000183,0.426299,0.53897,0.033817,0.000183
AAGGATCGATCGCTTG-1,0.000166,0.000331,0.083712,0.304354,0.611105,0.000166,0.000166
AAGGATGAGGGACCTC-1,0.000279,0.000558,0.00028,0.238383,0.653577,0.106644,0.000279
AAGGCAGGCTGTCTCC-1,0.001017,0.002033,0.001018,0.001018,0.920146,0.073751,0.001018
AAGGCGCGTAAAGCTT-1,0.000111,0.000223,0.003924,0.228771,0.73916,0.000112,0.027698
AAGGCTGTGCTCATCG-1,0.000232,0.000465,0.000233,0.11291,0.829604,0.056323,0.000233
AAGGGAACGACTGGCT-1,0.000154,0.000308,0.000154,0.373047,0.56187,0.064313,0.000154
AAGGGACAGATTCTGT-1,0.000181,0.000361,0.002022,0.352711,0.60359,0.040953,0.000181
AAGGGACTATGCATTC-1,0.000723,0.001445,0.000724,0.292414,0.703246,0.000724,0.000724
AAGGTATCCTAATATA-1,0.000625,0.00125,0.199254,0.282919,0.5147,0.000626,0.000626
AAGGTGATAAACCAGC-1,0.000416,0.000831,0.000416,0.111104,0.754446,0.132372,0.000416
AAGTAGAAGACCGGGT-1,0.000346,0.000693,0.000347,0.000347,0.94432,0.053601,0.000347
AAGTAGTGACGCGAGG-1,0.000619,0.001238,0.258285,0.139433,0.568774,0.00062,0.03103
AAGTCAATTGTCGTCA-1,0.000762,0.001524,0.139945,0.109572,0.746669,0.000764,0.000763
AAGTCTAGTAGCTGCC-1,0.000079,0.000158,0.039389,0.000079,0.92092,0.036158,0.003217
AAGTCTTCTGTGGCCT-1,0.000181,0.000362,0.173917,0.348011,0.377112,0.049947,0.05047
AAGTGACGACCGAATT-1,0.000025,0.000051,0.888221,0.042492,0.012275,0.026859,0.030077
AAGTGAGTCGGGTTTA-1,0.000115,0.000231,0.030182,0.433356,0.535885,0.000116,0.000116
AAGTGCAAAGGTAGAC-1,0.000183,0.000366,0.053498,0.292465,0.568666,0.000183,0.084638
AAGTGCCTTGACTGTA-1,0.000424,0.000847,0.000424,0.105212,0.782215,0.110452,0.000424
AAGTGCGTTAGAATCT-1,0.000185,0.00037,0.141773,0.312312,0.532755,0.012421,0.000185
AAGTGCTTCTCTATTG-1,0.000571,0.001142,0.000572,0.245262,0.566973,0.13225,0.05323
AAGTGTTTGGAGACGG-1,0.000398,0.000796,0.207643,0.195137,0.000399,0.595228,0.000399
AAGTTCACTCCAAGCT-1,0.00169,0.003378,0.189646,0.001692,0.477069,0.324833,0.001693
AAGTTCAGTCTGCGTA-1,0.000246,0.000492,0.10938,0.000247,0.85791,0.000246,0.031479
AAGTTCGGCCAACAGG-1,0.000138,0.000276,0.412752,0.070895,0.515664,0.000138,0.000138
AAGTTGTGATGTTATA-1,0.001116,0.002232,0.054341,0.001118,0.001118,0.938956,0.001118
AAGTTTACTAATGGCA-1,0.000399,0.000799,0.0004,0.0004,0.997202,0.0004,0.0004
AAGTTTATGGGCCCAA-1,0.000287,0.000575,0.023752,0.470859,0.451238,0.053,0.000288
AATAACAACGCTCGGC-1,0.000055,0.000111,0.383471,0.45835,0.144641,0.013316,0.000055
AATAACACTAGAACAA-1,0.000168,0.000335,0.031,0.136205,0.827352,0.000168,0.004772
AATAACGTCGCGCCCA-1,0.002156,0.00431,0.00216,0.00216,0.763924,0.22313,0.00216
AATAAGTCCTCGAGAC-1,0.000422,0.000845,0.000423,0.000423,0.968569,0.007489,0.021829
AATAATCTTCGTATCG-1,0.00003,0.000059,0.00003,0.00003,0.858621,0.141201,0.00003
AATACAATGTTTCAGG-1,0.000107,0.000215,0.027083,0.69911,0.27327,0.000108,0.000108
AATACCGGAGGGCTGT-1,0.000418,0.000836,0.000419,0.163574,0.63477,0.009484,0.190499
AATACCTGATGTGAAC-1,0.000845,0.001689,0.000846,0.059782,0.000846,0.935146,0.000846
AATAGAACAGAGTGGC-1,0.000427,0.000853,0.058443,0.146591,0.672288,0.050841,0.070557
AATAGAATCTGTTTCA-1,0.000607,0.001214,0.122833,0.000608,0.708099,0.166031,0.000608
AATAGCTACCGCGTGC-1,0.001137,0.002273,0.001138,0.084936,0.817842,0.091403,0.001272
AATAGGCACGACCCTT-1,0.0009,0.001799,0.000901,0.000901,0.613874,0.380725,0.000901
AATAGTCCGTCCCGAC-1,0.000294,0.000588,0.000295,0.808552,0.000295,0.078566,0.11141
AATAGTCGCGAGTCGG-1,0.000213,0.000425,0.010918,0.264386,0.723632,0.000213,0.000213
AATATCAAGGTCGGAT-1,0.000121,0.000243,0.114644,0.396084,0.488664,0.000122,0.000122
AATATCCTAGCAAACT-1,0.000185,0.00037,0.079174,0.267865,0.553139,0.099081,0.000186
AATATCGAATCAATGC-1,0.002274,0.004545,0.002276,0.002276,0.421262,0.484794,0.082573
AATATCGAGGGTTCTC-1,0.000287,0.000573,0.058465,0.029721,0.879498,0.031169,0.000287
AATATTGGAGTATTGA-1,0.000051,0.000103,0.712701,0.10862,0.101153,0.07732,0.000051
AATCAGGTTTCATTTA-1,0.000184,0.000369,0.196732,0.64209,0.083009,0.040501,0.037116
AATCATGTAAAGACTC-1,0.000823,0.001645,0.000824,0.000824,0.590061,0.405,0.000824
AATCCAAGGGCCTGAG-1,0.000352,0.000704,0.000353,0.247408,0.45925,0.032351,0.259582
AATCCATGCAAGGGTG-1,0.000125,0.000249,0.021736,0.248635,0.698132,0.030999,0.000125
AATCCCGCTCAGAGCC-1,0.000665,0.00133,0.000666,0.000666,0.573908,0.422099,0.000666
AATCGAGGTCTCAAGG-1,0.001437,0.002874,0.001439,0.241495,0.310432,0.440883,0.001439
AATCGCCTCAGCGCCA-1,0.528612,0.002,0.001001,0.001001,0.465383,0.001002,0.001002
AATCGCGCAGAGGACT-1,0.000282,0.000564,0.0936,0.037906,0.679784,0.111298,0.076565
AATCGGGACACTACGA-1,0.00084,0.001678,0.000841,0.307611,0.282135,0.406055,0.00084
AATCGGTATAGCCCTC-1,0.003678,0.007353,0.003683,0.003683,0.646036,0.331883,0.003683
AATCGTGAGCCGAGCA-1,0.001421,0.002841,0.001423,0.001423,0.780865,0.210603,0.001423
AATCTAGGTTTACTTG-1,0.000195,0.000389,0.070694,0.461462,0.404671,0.062394,0.000195
AATCTATGCCGGAGCC-1,0.001689,0.003378,0.001693,0.001693,0.755806,0.234048,0.001693
AATCTCTACTGTGGTT-1,0.00011,0.000219,0.209422,0.046572,0.014776,0.00011,0.728791
AATCTGCGTTGGGACG-1,0.000296,0.000592,0.139498,0.169639,0.689381,0.000297,0.000297
AATCTGGCTTTCTAGT-1,0.000198,0.000395,0.000198,0.31419,0.524253,0.120309,0.040457
AATCTGGGTAGACCCT-1,0.000442,0.000883,0.101328,0.406809,0.442671,0.047424,0.000442
AATGACAGCAATGTCT-1,0.000099,0.000198,0.099165,0.60291,0.257464,0.040065,0.000099
AATGACGTAGGATGTC-1,0.00051,0.00102,0.000511,0.157124,0.007102,0.722387,0.111346
AATGACTGTCAGCCGG-1,0.000168,0.000337,0.000169,0.10745,0.891538,0.000169,0.000169
AATGAGTTCGCATATG-1,0.000147,0.000295,0.065224,0.243751,0.690288,0.000148,0.000148
AATGATGATACGCTAT-1,0.000162,0.000324,0.000162,0.374477,0.436427,0.172514,0.015933
AATGATGCGACTCCTG-1,0.000265,0.00053,0.066504,0.044724,0.887447,0.000265,0.000265
AATGCAACCGGGTACC-1,0.000153,0.000306,0.001532,0.275682,0.72202,0.000153,0.000153
AATGCACCAAGCAATG-1,0.000297,0.000594,0.000297,0.000298,0.997919,0.000297,0.000297
AATGGTCCACCGTTCA-1,0.000124,0.000247,0.415143,0.091448,0.477196,0.000124,0.015718
AATGGTTCTCACAAGC-1,0.000168,0.000336,0.000168,0.257978,0.741013,0.000168,0.000168
AATGTATGGCACTGTA-1,0.000504,0.001008,0.058628,0.566725,0.26844,0.10419,0.000505
AATGTGCCCGAGGTGT-1,0.00021,0.000419,0.052166,0.454415,0.467407,0.025173,0.00021
AATGTGCTAATCTGAG-1,0.000115,0.00023,0.063561,0.681199,0.039986,0.214793,0.000115
AATGTTAAGACCCTGA-1,0.00068,0.001359,0.00068,0.00068,0.289142,0.092006,0.615452
AATGTTGTCGTGAGAC-1,0.001471,0.002941,0.001473,0.001473,0.956654,0.034516,0.001473
AATTAAAGGTCGGCGT-1,0.000152,0.000303,0.087459,0.231814,0.637222,0.028624,0.014427
AATTAACGGATTTCCA-1,0.001106,0.002212,0.001108,0.001108,0.461695,0.531663,0.001108
AATTACGAGACCCATC-1,0.000607,0.001214,0.283688,0.366345,0.304175,0.043364,0.000608
AATTACTCGTACGCTC-1,0.00013,0.00026,0.000855,0.375436,0.194225,0.052724,0.376371
AATTAGCGCTGCAGCG-1,0.000631,0.001263,0.163931,0.000633,0.68568,0.08934,0.058522
AATTATACCCAGCAAG-1,0.000154,0.000308,0.033633,0.01877,0.000154,0.946826,0.000154
AATTCATAAGGGATCT-1,0.000263,0.000525,0.12779,0.107585,0.668091,0.095484,0.000263
AATTCATTGTCATGCA-1,0.000177,0.000353,0.000177,0.236888,0.750827,0.000177,0.011401
AATTCCAAGCATGTAC-1,0.000043,0.000085,0.213575,0.776728,0.008345,0.000043,0.001181
AATTCGATTCGAGGAT-1,0.001033,0.002066,0.001035,0.001035,0.73259,0.261206,0.001035
AATTCTAGAGTTAGGC-1,0.00059,0.001184,0.403369,0.451746,0.076674,0.065847,0.000591
AATTGAACGCTCTGGT-1,0.000817,0.001634,0.000818,0.263991,0.334021,0.3979,0.000818
AATTGCAGCAATCGAC-1,0.002119,0.004237,0.002125,0.002122,0.423581,0.563694,0.002122
AATTGCGTGGATTACA-1,0.000786,0.001572,0.097373,0.501842,0.33473,0.000788,0.062909
AATTGTGGTTGCCAAA-1,0.004311,0.008621,0.004315,0.004315,0.42331,0.55081,0.004318
AATTTGGGACATAGTA-1,0.00014,0.00028,0.021893,0.466303,0.434419,0.076826,0.00014
AATTTGGTTCCAAAGA-1,0.00037,0.00074,0.000371,0.12177,0.353381,0.513598,0.009771
ACAAACCATGCGTCCT-1,0.000153,0.000305,0.000153,0.34829,0.638784,0.000153,0.012163
ACAAACCGACAAGGCG-1,0.000334,0.000668,0.000335,0.428896,0.502643,0.066788,0.000335
ACAAACTCCATCAGAG-1,0.000619,0.001238,0.00062,0.00062,0.48498,0.511304,0.00062
ACAAAGAAGGTAGGCC-1,0.000086,0.000172,0.183,0.407531,0.206463,0.002583,0.200165
ACAAAGCATGACCTAG-1,0.000906,0.001812,0.000907,0.000908,0.735387,0.259173,0.000907
ACAAATCGCACCGAAT-1,0.000294,0.000587,0.175141,0.517502,0.000294,0.305889,0.000294
ACAAATGGTAGTGTTT-1,0.001168,0.002336,0.186387,0.00117,0.806598,0.001171,0.00117
ACAAATTCAGATCTGA-1,0.000537,0.001073,0.000537,0.267789,0.62791,0.094145,0.008008
ACAACAGCATGAGCTA-1,0.000402,0.000804,0.000403,0.043101,0.66426,0.084879,0.206152
ACAACGGTCCCTGCGA-1,0.000088,0.000176,0.06807,0.236238,0.695253,0.000088,0.000088
ACAAGCAGTGCCTAGC-1,0.000058,0.000116,0.72289,0.045652,0.231168,0.000058,0.000058
ACAAGCTATATGGAAG-1,0.000053,0.000106,0.142849,0.82542,0.000053,0.020545,0.010975
ACAAGGAAATCCGCCC-1,0.000362,0.000725,0.206538,0.35788,0.293697,0.140435,0.000363
ACAAGGACAAGAGGTT-1,0.000164,0.000327,0.131405,0.085072,0.629019,0.000164,0.15385
ACAAGGATGCTTTAGG-1,0.000933,0.001866,0.000935,0.000935,0.816441,0.177957,0.000935
ACAAGGGCAGGCTCTG-1,0.000919,0.001838,0.191382,0.019243,0.063877,0.72182,0.00092
ACAAGTAATTGTAAGG-1,0.000962,0.001923,0.000963,0.307419,0.332473,0.355296,0.000963
ACAATAGTCGTACGTT-1,0.000024,0.000048,0.903951,0.047729,0.000757,0.047467,0.000024
ACAATCCATTTAAACC-1,0.000026,0.000052,0.809047,0.184482,0.000226,0.006141,0.000026
ACAATGAATACGGAGA-1,0.000227,0.000454,0.005072,0.29861,0.655838,0.000227,0.039572
ACAATGATTCTTCTAC-1,0.000985,0.001969,0.083784,0.21974,0.69155,0.000986,0.000986
ACAATTGTGTCTCTTT-1,0.000152,0.000304,0.373827,0.598278,0.027135,0.000152,0.000152
ACAATTTAGGAGGCTC-1,0.000164,0.000327,0.05811,0.333034,0.530663,0.039829,0.037873
ACAATTTGAGCAGTGG-1,0.000691,0.001381,0.000692,0.185907,0.567552,0.142273,0.101503
ACAATTTGGCCATATT-1,0.000022,0.000044,0.125547,0.405089,0.436654,0.032622,0.000022
ACACAAAGACGGGTGG-1,0.0001,0.000201,0.148376,0.283227,0.39545,0.172546,0.0001
ACACAAATATTCCTAG-1,0.00002,0.00004,0.1316,0.003268,0.838289,0.00002,0.026762
ACACACCAGGACCAGT-1,0.001238,0.002475,0.00124,0.00124,0.584066,0.408502,0.001239
ACACACTTTCTACACG-1,0.000513,0.001025,0.000513,0.000513,0.749611,0.247312,0.000513
ACACATGATCAAATCT-1,0.000285,0.000571,0.000286,0.282106,0.71618,0.000286,0.000286
ACACATTGACGCAACA-1,0.0003,0.0006,0.079226,0.0003,0.757696,0.084501,0.077377
ACACATTTCCGTAGAC-1,0.000393,0.000786,0.000394,0.000394,0.000394,0.997245,0.000394
ACACCACATAATTAGC-1,0.000919,0.001838,0.000921,0.187667,0.645499,0.162236,0.000921
ACACCCAGCATGCAGC-1,0.000191,0.000382,0.000191,0.196587,0.72462,0.000191,0.077836
ACACCCGAGAAATCCG-1,0.000144,0.000288,0.021351,0.248727,0.729203,0.000144,0.000144
ACACCGAGCGCTCTTT-1,0.000291,0.000581,0.000291,0.291192,0.545676,0.161678,0.000291
ACACCGGTCTGACCGC-1,0.000184,0.000367,0.054778,0.205196,0.619019,0.000184,0.120272
ACACCTTAAGTAGGGC-1,0.000307,0.000614,0.000308,0.109789,0.888367,0.000308,0.000308
ACACCTTACTACTTGC-1,0.00046,0.000919,0.111648,0.00046,0.758979,0.127072,0.00046
ACACGAGACTCCTTCT-1,0.000498,0.000996,0.01752,0.404098,0.575891,0.000499,0.000499
ACACGGCACTATGCAT-1,0.00097,0.001938,0.000971,0.000971,0.407443,0.586737,0.000971
ACACGGGAACTTAGGG-1,0.00043,0.000859,0.00043,0.211672,0.785748,0.00043,0.00043
ACACGTAGGCCACAAG-1,0.000224,0.000448,0.000224,0.000224,0.758616,0.240039,0.000224
ACACTCCAATGTCACT-1,0.000214,0.000429,0.000215,0.19486,0.635894,0.15512,0.013268
ACACTGATCAAGGTGT-1,0.000293,0.000585,0.000293,0.204412,0.79383,0.000293,0.000293
ACACTGGGACAGTCGT-1,0.000985,0.001969,0.000986,0.000986,0.55062,0.44347,0.000986
ACAGAACTGAGAACAA-1,0.000224,0.000449,0.000225,0.463766,0.475162,0.05995,0.000225
ACAGATTAGGTTAGTG-1,0.000772,0.001543,0.129043,0.000773,0.654611,0.212485,0.000773
ACAGCATAGAGCCAGT-1,0.000772,0.001543,0.000773,0.000773,0.124133,0.871232,0.000773
ACAGCGACATTCTCAT-1,0.001421,0.002841,0.08115,0.001423,0.447411,0.46433,0.001423
ACAGCGCACCCGCAGC-1,0.000274,0.000547,0.000274,0.000274,0.000274,0.998083,0.000274
ACAGGCACGGATCCTT-1,0.002359,0.004717,0.002362,0.002362,0.790207,0.195628,0.002364
ACAGGCTTGCCCGACT-1,0.000683,0.001366,0.000684,0.204801,0.669288,0.122493,0.000684
ACAGGTGGAGGTGAGG-1,0.00038,0.00076,0.063302,0.098382,0.553474,0.174852,0.10885
ACAGGTGTGTTGTTGC-1,0.00019,0.000379,0.070623,0.441091,0.346183,0.063765,0.077768
ACAGTAATACAACTTG-1,0.000053,0.000105,0.486654,0.21452,0.191997,0.095734,0.010937
ACAGTATACCGTGGGA-1,0.001471,0.002941,0.001474,0.112456,0.878712,0.001474,0.001473
ACATAAGTCGTGGTGA-1,0.000045,0.000089,0.211462,0.778347,0.000045,0.003913,0.0061
ACATAATAAGGCGGTG-1,0.000115,0.000229,0.113104,0.337935,0.508459,0.040042,0.000115
ACATACAATCAAGCGG-1,0.001238,0.002475,0.00124,0.00124,0.232721,0.759846,0.00124
ACATCAGCTGGGACGC-1,0.000128,0.000255,0.154037,0.174549,0.631105,0.000128,0.039799
ACATCCCGGCCATACG-1,0.002717,0.005435,0.002724,0.002724,0.665649,0.31803,0.002722
ACATCCTGGTAACTGT-1,0.000607,0.001214,0.000608,0.145419,0.850937,0.000608,0.000608
ACATCGATCGTTTACC-1,0.000644,0.001289,0.094713,0.107859,0.53813,0.226051,0.031314
ACATCGCAATATTCGG-1,0.00068,0.001359,0.000681,0.041425,0.328737,0.626439,0.000681
ACATCGGTCAGCCGCG-1,0.000182,0.000364,0.456121,0.058386,0.484581,0.000183,0.000183
ACATCGTATGCAATGG-1,0.001238,0.002475,0.00124,0.153552,0.643347,0.143795,0.054352
ACATCGTTAACCTAGT-1,0.000851,0.001701,0.068002,0.000852,0.751622,0.17612,0.000852
ACATCTCAACGCGTAA-1,0.000175,0.000349,0.000175,0.138033,0.84727,0.000175,0.013823
ACATGGCGCCAAAGTA-1,0.000221,0.000441,0.103787,0.088985,0.600952,0.205394,0.000221
ACATGGCTCAATTTAG-1,0.000386,0.000772,0.035994,0.286763,0.364534,0.180321,0.131231
ACATTAGTTTATATCC-1,0.000707,0.001412,0.155238,0.373592,0.391933,0.076411,0.000708
ACATTCGCGCGGAATA-1,0.000253,0.000505,0.000253,0.008397,0.018736,0.971604,0.000253
ACATTTGAAACCTAAC-1,0.002551,0.005102,0.002556,0.002555,0.764987,0.219696,0.002554
ACCAAACACCCAGCGA-1,0.00012,0.000239,0.018321,0.204863,0.776219,0.00012,0.00012
ACCAAACTAGAAATCC-1,0.000177,0.000354,0.55915,0.380122,0.000177,0.059843,0.000177
ACCAACACCACACACT-1,0.000665,0.00133,0.000666,0.331123,0.571776,0.093774,0.000666
ACCAACCGCACTCCAC-1,0.001867,0.003731,0.001869,0.001869,0.416475,0.3012,0.272989
ACCAACGCTTATTTAT-1,0.00049,0.00098,0.000491,0.067467,0.842068,0.088012,0.000491
ACCAAGAACGCGTGTC-1,0.00047,0.00094,0.000471,0.000471,0.894923,0.078771,0.023954
ACCAAGTCATCGGCAG-1,0.000699,0.001397,0.000699,0.000699,0.263757,0.275803,0.456946
ACCAATATGCAAGTTA-1,0.002016,0.004032,0.002019,0.002019,0.65499,0.332903,0.00202
ACCACAACTCAGAACA-1,0.001097,0.010868,0.041194,0.001098,0.445626,0.499019,0.001098
ACCACAAGTTTCTATC-1,0.000267,0.000533,0.026534,0.113915,0.797178,0.000267,0.061306
ACCACACGGTTGATGG-1,0.000467,0.000933,0.000467,0.642183,0.061074,0.264797,0.030079
ACCACCAATGTAACAA-1,0.000228,0.000456,0.080702,0.174855,0.743302,0.000229,0.000228
ACCACCCTCTCTTCTA-1,0.000258,0.000515,0.373305,0.203716,0.414979,0.000258,0.006969
ACCACGTGCAGCTATA-1,0.000777,0.001553,0.000778,0.263102,0.000778,0.732235,0.000778
ACCACTGTTCAAGAAG-1,0.000148,0.000296,0.000148,0.3193,0.637027,0.000148,0.042932
ACCAGACCATAACAAC-1,0.000097,0.000193,0.059962,0.491657,0.336786,0.0439,0.067405
ACCAGCCCGGTCTTTG-1,0.000284,0.000567,0.000284,0.40615,0.544494,0.047937,0.000284
ACCAGGAGTGTGATCT-1,0.000338,0.000676,0.000338,0.490346,0.498597,0.009366,0.000338
ACCAGTGCCCGGTCAA-1,0.00019,0.000379,0.00019,0.177248,0.651064,0.00019,0.17074
ACCAGTGCGGGAGACG-1,0.00118,0.002358,0.001181,0.001181,0.991738,0.001182,0.001181
ACCATATCCGCAATAA-1,0.000322,0.000644,0.168885,0.064489,0.765014,0.000323,0.000323
ACCATCCGCCAACTAG-1,0.000024,0.000047,0.920959,0.000371,0.072313,0.000024,0.006264
ACCATCGTATATGGTA-1,0.000166,0.000332,0.327102,0.176678,0.492241,0.003314,0.000167
ACCATTAAGGGTGTCA-1,0.000377,0.000753,0.000377,0.323514,0.451111,0.144865,0.079003
ACCCAACGCCCGTGGC-1,0.000625,0.00125,0.186828,0.351623,0.458422,0.000626,0.000626
ACCCACCTACATGCTC-1,0.000139,0.000278,0.000139,0.481238,0.517928,0.000139,0.000139
ACCCATCTTGAGGGTA-1,0.000625,0.00125,0.319326,0.000626,0.467185,0.210361,0.000626
ACCCATTTGTCCCTCT-1,0.002404,0.004808,0.002406,0.002408,0.759017,0.22655,0.002407
ACCCGAGCGAAATTAC-1,0.000166,0.000331,0.000166,0.293762,0.51417,0.016434,0.174972
ACCCGATTGGTTCCGA-1,0.000349,0.000698,0.00035,0.415548,0.219215,0.257846,0.105994
ACCCGGAAACTCCCAG-1,0.001603,0.003205,0.001605,0.120688,0.619821,0.152437,0.100641
ACCCGGAGCACCACAA-1,0.000807,0.001613,0.000808,0.000808,0.706903,0.264564,0.024498
ACCCGGATGACGCATC-1,0.000436,0.000871,0.000436,0.000436,0.996948,0.000436,0.000436
ACCCGGTTACACTTCC-1,0.00085,0.001701,0.108348,0.287966,0.599431,0.000852,0.000852
ACCCGTAGTCTAGTTG-1,0.000763,0.001524,0.000764,0.244313,0.000763,0.751109,0.000763
ACCCGTGTCATCAGTA-1,0.000496,0.000992,0.000497,0.186498,0.540845,0.270176,0.000497
ACCCTATAGGACTGAG-1,0.000077,0.000154,0.164179,0.394352,0.435623,0.000077,0.005537
ACCCTATGCCATATCG-1,0.000249,0.000499,0.158894,0.508564,0.331295,0.000249,0.000249
ACCCTCCCGTCAGGGC-1,0.002233,0.004464,0.002236,0.002235,0.351482,0.635115,0.002236
ACCCTCCCTTGCTATT-1,0.001158,0.010054,0.001159,0.347665,0.431543,0.207261,0.00116
ACCCTGGTAACGCCCT-1,0.001437,0.002874,0.00144,0.166121,0.681607,0.145083,0.001439
ACCCTTCATCTGCGAA-1,0.000453,0.000906,0.000454,0.000454,0.524849,0.472432,0.000454
ACCCTTGCCTGGGTCG-1,0.000127,0.000254,0.062631,0.000127,0.936607,0.000127,0.000127
ACCCTTTAGTTCTCCA-1,0.000802,0.001603,0.064407,0.000803,0.561791,0.120833,0.249762
ACCGAAAGGGCCCTGC-1,0.000118,0.000236,0.000118,0.496154,0.483115,0.011311,0.008949
ACCGAAGAGTCTGGTT-1,0.000103,0.000207,0.0135,0.36242,0.548348,0.049054,0.026368
ACCGACACATCTCCCA-1,0.000156,0.011594,0.496141,0.409922,0.000156,0.081874,0.000156
ACCGACTGAGTCCCAC-1,0.000267,0.000534,0.098517,0.35549,0.421806,0.123119,0.000268
ACCGAGTCTCCTTATT-1,0.001051,0.002101,0.001052,0.001052,0.001052,0.992639,0.001052
ACCGATAGGCATAACC-1,0.000723,0.001445,0.000724,0.000724,0.882832,0.112828,0.000724
ACCGATATTTAATCAT-1,0.000077,0.000154,0.010769,0.202804,0.496947,0.289173,0.000077
ACCGATGGTAGCATCG-1,0.000112,0.000223,0.482936,0.486138,0.011777,0.018702,0.000112
ACCGCAATAACTGCCT-1,0.001737,0.003472,0.00174,0.001739,0.53189,0.457684,0.001739
ACCGCGGTGGAAGTCG-1,0.000206,0.000412,0.184659,0.131192,0.654509,0.028816,0.000207
ACCGCTAGTCATTGGT-1,0.00071,0.00142,0.000712,0.000711,0.870196,0.125539,0.000711
ACCGGGCCTTTGTTGA-1,0.001106,0.002212,0.001108,0.001109,0.960656,0.001108,0.0327
ACCGGTCAGGTACACC-1,0.000131,0.000262,0.000131,0.274727,0.540678,0.155736,0.028336
ACCGTGACCACGTGGG-1,0.000174,0.000347,0.000174,0.420848,0.57671,0.001574,0.000174
ACCGTTCCCGCTCTGA-1,0.000212,0.000423,0.000212,0.000212,0.000212,0.998518,0.000212
ACCTAAGTACCTTTCA-1,0.000188,0.000377,0.108173,0.474578,0.356994,0.033016,0.026674
ACCTAATCGACTTCCT-1,0.000123,0.000245,0.508253,0.001493,0.478414,0.001947,0.009525
ACCTACAGTATGTGGT-1,0.000258,0.000515,0.374434,0.294472,0.195391,0.134671,0.000258
ACCTACTATAAATCTA-1,0.000587,0.001174,0.08483,0.047783,0.788284,0.076754,0.000588
ACCTCAGCGAGGCGCA-1,0.00305,0.006098,0.113457,0.003055,0.003054,0.868231,0.003054
ACCTCCGCCCTCGCTG-1,0.00205,0.004098,0.201186,0.032309,0.696601,0.061703,0.002052
ACCTCCGTTATTCACC-1,0.000194,0.000388,0.086502,0.010376,0.646783,0.177428,0.078329
ACCTCGAACTTATGCT-1,0.000143,0.000286,0.108388,0.252861,0.486153,0.048736,0.103433
ACCTGCGTGTCATGTT-1,0.000125,0.000249,0.429655,0.132677,0.390908,0.016109,0.030277
ACGAAATGGGCGGCAC-1,0.000051,0.000102,0.779224,0.046778,0.173744,0.000051,0.000051
ACGACCCATGAGTTGC-1,0.003289,0.006579,0.003296,0.003296,0.976948,0.003297,0.003295
ACGACTCTAGGGCCGA-1,0.000262,0.000523,0.000262,0.491159,0.070995,0.377886,0.058914
ACGACTGGTCATACTC-1,0.000111,0.000221,0.000111,0.360226,0.63911,0.000111,0.000111
ACGAGAACCCATCACG-1,0.000194,0.000388,0.000194,0.065891,0.932943,0.000194,0.000194
ACGAGATATTTGCTTA-1,0.000283,0.000566,0.129618,0.000283,0.000283,0.868683,0.000283
ACGAGGATACCACTCT-1,0.000057,0.000113,0.136984,0.796652,0.028371,0.037766,0.000057
ACGAGGTTTACAACGT-1,0.000139,0.000277,0.113879,0.249397,0.573376,0.062793,0.000139
ACGAGTACGGATGCCC-1,0.000378,0.000755,0.369444,0.02508,0.539015,0.06495,0.000378
ACGATACATAGAACTA-1,0.000185,0.00037,0.45486,0.059121,0.422179,0.058493,0.004793
ACGATACCTATCCTGA-1,0.00016,0.000321,0.011295,0.476439,0.167462,0.344163,0.000161
ACGATCATACATAGAG-1,0.000288,0.000576,0.000289,0.156497,0.841773,0.000289,0.000289
ACGATCATCTTGTAAA-1,0.000801,0.001603,0.000803,0.000803,0.83112,0.164067,0.000803
ACGATGCATATGTTAT-1,0.000247,0.000493,0.088526,0.098529,0.756913,0.055045,0.000247
ACGATGGATCCGATGC-1,0.000801,0.001603,0.000803,0.076241,0.918947,0.000803,0.000803
ACGCAAACTAATAGAT-1,0.000099,0.000197,0.020605,0.520982,0.382164,0.073355,0.002599
ACGCAATCACTACAGC-1,0.001136,0.002273,0.001138,0.001139,0.992038,0.001138,0.001138
ACGCATACGTTTACTA-1,0.001603,0.003205,0.001605,0.099137,0.234656,0.658188,0.001605
ACGCATTCGTGAGTAC-1,0.000431,0.000862,0.000432,0.082584,0.802775,0.112484,0.000432
ACGCCACTCGAAACAG-1,0.000425,0.00085,0.000426,0.000426,0.054387,0.943059,0.000426
ACGCCAGATGATTTCT-1,0.001289,0.002577,0.001291,0.144563,0.847699,0.001291,0.001291
ACGCCAGTGCGTTTGC-1,0.00205,0.004098,0.002051,0.002052,0.451814,0.535882,0.002052
ACGCCCAGCTGTCGAT-1,0.000472,0.000943,0.000473,0.334576,0.662591,0.000473,0.000472
ACGCCGCTAGACGACC-1,0.001624,0.003247,0.001626,0.001626,0.711742,0.278509,0.001626
ACGCGAAGTCAGACGA-1,0.000719,0.001437,0.013783,0.539798,0.206862,0.236681,0.00072
ACGCGCTACACAGGGT-1,0.000009,0.000019,0.997512,0.002432,0.000009,0.000009,0.000009
ACGCGGGCCAAGGACA-1,0.000455,0.000909,0.000455,0.15435,0.84292,0.000455,0.000455
ACGCGTTTCTTAAGAG-1,0.000213,0.000426,0.000213,0.377125,0.412308,0.02624,0.183475
ACGCTAGTGATACACT-1,0.000365,0.000729,0.000365,0.132412,0.8654,0.000365,0.000365
ACGCTGTGAGGCGTAG-1,0.000061,0.000123,0.565691,0.405667,0.000062,0.000062,0.028335
ACGCTTAGTGTCTCTC-1,0.000434,0.000868,0.000435,0.197068,0.562115,0.000435,0.238645
ACGGAACACGAGTGCC-1,0.001564,0.003125,0.001566,0.001565,0.001566,0.989047,0.001567
ACGGAATTTAGCAAAT-1,0.000092,0.000185,0.11998,0.248943,0.532329,0.000093,0.098377
ACGGACTCTCAAAGCG-1,0.000584,0.001168,0.000585,0.780259,0.000585,0.199761,0.017058
ACGGAGCGCAAATTAC-1,0.000613,0.001225,0.000614,0.000614,0.766689,0.22963,0.000614
ACGGATGGTGCGGATA-1,0.001437,0.002874,0.001439,0.001439,0.35585,0.635522,0.00144
ACGGCACTTGCTTGGG-1,0.001097,0.002193,0.001098,0.062615,0.518508,0.25964,0.15485
ACGGCCAACATGGACT-1,0.000823,0.001645,0.039777,0.000824,0.868691,0.000824,0.087417
ACGGCGACGATGGGAA-1,0.000523,0.001046,0.000524,0.009896,0.329202,0.309443,0.349366
ACGGCTGGATGTAGAA-1,0.000138,0.000277,0.038401,0.380509,0.392444,0.187434,0.000798
ACGGGAGTGTCGGCCC-1,0.000117,0.000233,0.387664,0.168029,0.372149,0.06883,0.002978
ACGGGCGTATGCGACA-1,0.002017,0.004032,0.002019,0.002019,0.847577,0.140318,0.002019
ACGGGTCATGTGACTT-1,0.000206,0.000412,0.000206,0.469842,0.528921,0.000206,0.000206
ACGGTACAGTTCAATG-1,0.000881,0.001761,0.000882,0.272806,0.32143,0.401359,0.000882
ACGGTCACCGAGAACA-1,0.000456,0.000912,0.04464,0.228903,0.304979,0.300354,0.119755
ACGTACAGATTTCTCT-1,0.001202,0.002404,0.001204,0.001204,0.378418,0.614363,0.001204
ACGTACTTTGGCACGG-1,0.000772,0.001543,0.093805,0.173576,0.457695,0.237658,0.03495
ACGTAGATTGCTGATG-1,0.000899,0.001799,0.000901,0.000901,0.993698,0.000901,0.000901
ACGTAGGAGAGTCGCT-1,0.000817,0.001634,0.000818,0.000818,0.189992,0.805102,0.000818
ACGTATTACTCCGATC-1,0.000539,0.001078,0.096198,0.00054,0.865117,0.035988,0.00054
ACGTCTCGTTCCGGGA-1,0.000192,0.000384,0.213211,0.000192,0.633634,0.123563,0.028823
ACGTGACAAAGTAAGT-1,0.000059,0.000117,0.000059,0.744701,0.067943,0.182075,0.005047
ACGTGCGCCTCGTGCA-1,0.001953,0.003906,0.001956,0.001956,0.735505,0.252766,0.001957
ACGTGGTCGAATGTGC-1,0.00037,0.00074,0.143793,0.340603,0.509406,0.004718,0.00037
ACGTTAATGTCGAAGA-1,0.001097,0.002193,0.001098,0.001098,0.689931,0.303484,0.001098
ACGTTAGATTTGCCCG-1,0.000148,0.000297,0.125518,0.216719,0.65702,0.000149,0.000149
ACGTTATTGGTCACTC-1,0.000112,0.000224,0.023842,0.574062,0.401535,0.000112,0.000113
ACGTTCACTATGCCGC-1,0.000613,0.001225,0.145349,0.000614,0.758866,0.092719,0.000614
ACGTTCCGCGCTCCGT-1,0.00022,0.00044,0.046182,0.283162,0.616573,0.053202,0.00022
ACGTTCGCAATCAATT-1,0.000063,0.000125,0.165647,0.716978,0.000063,0.117062,0.000063
ACGTTCGTTCAGGAAA-1,0.000107,0.000214,0.000107,0.319766,0.655195,0.000107,0.024503
ACGTTCTGTACAAGTC-1,0.00125,0.0025,0.001252,0.020067,0.446995,0.526683,0.001253
ACGTTGTCGTTGAAAG-1,0.000727,0.001453,0.000728,0.000728,0.666983,0.328653,0.000728
ACGTTTAGTTGTGATC-1,0.001389,0.002778,0.001391,0.001391,0.894045,0.097614,0.001392
ACTAAGGACGCACACC-1,0.000275,0.000551,0.197062,0.271893,0.529668,0.000276,0.000276
ACTAATACGTCAGGCG-1,0.000354,0.000708,0.000355,0.093589,0.904285,0.000355,0.000355
ACTACAAAGAGAGGTG-1,0.000556,0.001111,0.000556,0.000556,0.730843,0.265821,0.000556
ACTACATCCCGACAAG-1,0.000106,0.000212,0.000106,0.429209,0.414879,0.130585,0.024904
ACTACCAGCTCTCTGG-1,0.000337,0.000674,0.193458,0.381352,0.423504,0.000338,0.000337
ACTACCATCCGAGGGC-1,0.000736,0.001471,0.000737,0.000737,0.40505,0.590534,0.000737
ACTACGCGTTAGAATT-1,0.000235,0.000469,0.006864,0.258245,0.531452,0.116692,0.086044
ACTAGTTGCGATCGTC-1,0.000265,0.00053,0.053035,0.094308,0.652067,0.190294,0.009501
ACTATATGCTGTGTTC-1,0.00037,0.00074,0.086522,0.000371,0.911257,0.00037,0.00037
ACTATCCAGGGCATGG-1,0.000504,0.001008,0.000505,0.000505,0.931832,0.000505,0.065141
ACTATCGCCGGCTAAA-1,0.000199,0.000399,0.0002,0.155507,0.812062,0.031434,0.0002
ACTATCTGCCCGCGTA-1,0.003788,0.007576,0.003796,0.003796,0.759143,0.218106,0.003795
ACTATGTCCAGCTGCC-1,0.000135,0.00027,0.057861,0.244458,0.508427,0.067004,0.121845
ACTATTCGTCCGTGGT-1,0.000676,0.001351,0.061272,0.032066,0.903282,0.000677,0.000677
