Barcode,Topic 1,Topic 2,Topic 3to5,Topic 6,Topic 7,Topic 8to9
AAACAAGTATCTCCCA-1,0.000056,0.000056,0.486054,0.328955,0.000056,0.184823
AAACACCAATAACTGC-1,0.000767,0.000767,0.235595,0.319847,0.441491,0.001534
AAACAGAGCGACTCCT-1,0.000024,0.000024,0.157465,0.172941,0.000024,0.669522
AAACAGGGTCTATATT-1,0.000376,0.000376,0.001127,0.994134,0.000376,0.003612
AAACAGTGTTCCTGGG-1,0.000467,0.000467,0.001402,0.325729,0.000467,0.671468
AAACATTTCCCGGATT-1,0.000183,0.000183,0.120765,0.452072,0.000183,0.426613
AAACCCGAACGAAATC-1,0.000005,0.000123,0.976411,0.009127,0.000536,0.013799
AAACCGGAAATGTTAA-1,0.000043,0.000043,0.224019,0.318606,0.000043,0.457248
AAACCGGGTAGGTACC-1,0.000088,0.000088,0.404485,0.55812,0.000088,0.037132
AAACCGTTCGTCCAGG-1,0.000196,0.000196,0.137854,0.246542,0.192647,0.422564
AAACCTCATGAAGTTG-1,0.000243,0.000243,0.149378,0.578626,0.000243,0.271266
AAACGAGACGGTTGAT-1,0.000055,0.000055,0.620073,0.096703,0.000055,0.283057
AAACGGGCGTACGGGT-1,0.000108,0.000108,0.097745,0.14669,0.102497,0.652853
AAACTCGTGATATAAG-1,0.000041,0.000041,0.038448,0.03403,0.01557,0.911869
AAACTGCTGGCTCCAA-1,0.000019,0.00057,0.442904,0.19413,0.004746,0.35763
AAACTTGCAAACGTAT-1,0.000085,0.000085,0.350533,0.491747,0.097609,0.059941
AAAGACCCAAGTCGCG-1,0.000053,0.000053,0.519165,0.000053,0.000053,0.480622
AAAGACTGGGCGCTTT-1,0.000199,0.000199,0.000597,0.600764,0.000199,0.398043
AAAGGCTACGGACCAT-1,0.000105,0.000105,0.026538,0.482615,0.020726,0.46991
AAAGGCTCTCGCGCCG-1,0.000073,0.000073,0.82199,0.078232,0.001574,0.098058
AAAGGGATGTAGCAAG-1,0.000048,0.000048,0.00563,0.231745,0.014888,0.747639
AAAGGGCAGCTTGAAT-1,0.000139,0.000139,0.000417,0.458574,0.000139,0.540592
AAAGTAGCATTGCTCA-1,0.000099,0.000099,0.255853,0.693885,0.000099,0.049964
AAAGTCGACCCTCAGT-1,0.000179,0.000179,0.211116,0.787987,0.000179,0.000359
AAAGTGTGATTTATCT-1,0.00007,0.00007,0.366465,0.171549,0.053378,0.408468
AAAGTTGACTCCCGTA-1,0.00004,0.043563,0.479546,0.073276,0.00004,0.403534
AAATAACCATACGGGA-1,0.000031,0.000031,0.370387,0.150056,0.413784,0.065711
AAATAAGGTAGTGCCC-1,0.000028,0.018873,0.233898,0.001123,0.024943,0.721135
AAATAGCTTAGACTTT-1,0.00003,0.055279,0.336071,0.030795,0.00003,0.577795
AAATCGTGTACCACAA-1,0.000059,0.000059,0.390542,0.392368,0.034356,0.182617
AAATCTAGCCCTGCTA-1,0.000103,0.000103,0.016711,0.435305,0.000103,0.547674
AAATGATTCGATCAGC-1,0.000043,0.007734,0.435011,0.038803,0.000043,0.518367
AAATGCTCGTTACGTT-1,0.000083,0.000083,0.000248,0.655721,0.343701,0.000165
AAATGGCCCGTGCCCT-1,0.000424,0.000424,0.001273,0.996605,0.000424,0.000849
AAATGGTCAATGTGCC-1,0.000028,0.024766,0.236931,0.041663,0.011312,0.6853
AAATTAACGGGTAGCT-1,0.000034,0.007899,0.188975,0.012059,0.005841,0.785193
AAATTACACGACTCTG-1,0.000123,0.000123,0.00037,0.78446,0.000123,0.2148
AAATTACCTATCGATG-1,0.000077,0.000077,0.04082,0.169418,0.000077,0.789531
AAATTCCAGGTCCAAA-1,0.000018,0.02075,0.209208,0.01344,0.176636,0.579947
AAATTGATAGTCCTTT-1,0.000141,0.000141,0.000422,0.998874,0.000141,0.000281
AAATTTGCGGGTGTGG-1,0.000137,0.000137,0.000412,0.736355,0.000137,0.262821
AACAACTGGTAGTTGC-1,0.000022,0.003351,0.491554,0.005688,0.002448,0.496937
AACAATACATTGTCGA-1,0.000221,0.000221,0.000663,0.544868,0.000221,0.453806
AACAATTACTCTACGC-1,0.000063,0.000063,0.197974,0.070459,0.000063,0.731379
AACACACGCTCGCCGC-1,0.000085,0.040906,0.199701,0.404399,0.09895,0.255959
AACACGAGACGCGGCC-1,0.000312,0.000312,0.000937,0.933314,0.000312,0.064812
AACACGCGGCCGCGAA-1,0.000201,0.000201,0.213225,0.561839,0.036325,0.188208
AACAGCTGTGTGGCAA-1,0.000126,0.000126,0.615029,0.165903,0.003641,0.215174
AACAGGATGGGCCGCG-1,0.000117,0.000117,0.00035,0.674073,0.000117,0.325227
AACAGGTAGTATGGAT-1,0.000046,0.000046,0.248561,0.233722,0.145541,0.372084
AACATATCAACTGGTG-1,0.000013,0.000013,0.702747,0.004668,0.000843,0.291715
AACATCGATACGTCTA-1,0.00004,0.00004,0.190463,0.104798,0.01294,0.691719
AACATTGTGACTCGAG-1,0.000228,0.000228,0.000685,0.143133,0.000228,0.855497
AACCAAGACTTCTCTG-1,0.000247,0.000247,0.000741,0.676361,0.000247,0.322157
AACCATGGGATCGCTA-1,0.000016,0.000016,0.725071,0.007014,0.006395,0.261488
AACCCAGAGACGGAGA-1,0.000024,0.000024,0.494959,0.037601,0.001842,0.465549
AACCCGACAACCCGTG-1,0.00025,0.118556,0.00075,0.668217,0.00025,0.211978
AACCCGAGCAGAATCG-1,0.00004,0.055049,0.602669,0.069291,0.00004,0.27291
AACCCTACTGTCAATA-1,0.000079,0.000079,0.336313,0.302312,0.002171,0.359045
AACCGCTAAGGGATGC-1,0.000034,0.017364,0.803225,0.143041,0.000034,0.036301
AACCTGTCACGGAATT-1,0.000031,0.033152,0.256204,0.01748,0.013429,0.679704
AACCTTTACGACGTCT-1,0.000042,0.000042,0.009881,0.121121,0.022377,0.846537
AACGATAGAAGGGCCG-1,0.000076,0.000076,0.000227,0.141044,0.000076,0.858501
AACGATATGTCAACTG-1,0.000184,0.000184,0.34435,0.152995,0.15459,0.347697
AACGCATGATCTGGGT-1,0.000024,0.004092,0.303011,0.008403,0.000024,0.684446
AACGCGAACGGCAACA-1,0.000292,0.120669,0.036936,0.421657,0.000292,0.420154
AACGCTGTTGCTGAAA-1,0.000124,0.000124,0.152972,0.661059,0.025875,0.159846
AACGGACGTACGTATA-1,0.000132,0.000132,0.0774,0.888623,0.03345,0.000263
AACGGCCATCTCCGGT-1,0.000049,0.000049,0.149046,0.660106,0.019861,0.17089
AACGTACTGTGGGTAC-1,0.000345,0.000345,0.001036,0.534779,0.000345,0.463149
AACGTCAGACTAGTGG-1,0.00005,0.00005,0.243606,0.21055,0.007633,0.538111
AACGTGATGAAGGACA-1,0.000048,0.000048,0.343327,0.389912,0.181661,0.085003
AACTACCCGTTTGTCA-1,0.000034,0.284648,0.265651,0.15649,0.015127,0.278049
AACTAGGCTTGGGTGT-1,0.000163,0.041414,0.094368,0.601249,0.036151,0.226654
AACTCAAGTTAATTGC-1,0.00001,0.00001,0.994603,0.00001,0.00001,0.005356
AACTCCAGAGCGTGTT-1,0.000153,0.000153,0.000459,0.732208,0.000153,0.266873
AACTCCTAATCCCATG-1,0.000013,0.000013,0.86688,0.000013,0.000013,0.13307
AACTCGATGGCGCAGT-1,0.000144,0.000144,0.000431,0.998851,0.000144,0.000287
AACTCTCAATAGAGCG-1,0.000051,0.000051,0.27055,0.106624,0.012256,0.610468
AACTCTCAGTGTGCTC-1,0.000588,0.000588,0.202283,0.283307,0.000588,0.512644
AACTGAGTTATACTGA-1,0.0001,0.0001,0.700161,0.149363,0.0001,0.150175
AACTTCTGCGTCTATC-1,0.000276,0.000276,0.258642,0.106085,0.000276,0.634445
AACTTGCCCGTATGCA-1,0.000028,0.000028,0.62125,0.026342,0.017481,0.334872
AACTTGCGTTCTCGCG-1,0.000261,0.000261,0.000783,0.399321,0.000261,0.599113
AAGAAGGATCAGTTAG-1,0.000072,0.000072,0.000217,0.873658,0.121535,0.004446
AAGACCCAACTGAACA-1,0.000165,0.000165,0.007713,0.492882,0.004202,0.494873
AAGAGATGAATCGGTA-1,0.000045,0.006866,0.417047,0.148197,0.00576,0.422085
AAGAGGATGTACGCGA-1,0.000096,0.073863,0.143029,0.507842,0.000096,0.275074
AAGAGGCATGGATCGC-1,0.000083,0.000083,0.141869,0.129813,0.000083,0.728069
AAGAGGCCCTTTGGAA-1,0.000137,0.000137,0.000412,0.120519,0.000137,0.878657
AAGATGGCACCGGACC-1,0.000156,0.000156,0.116334,0.032101,0.000156,0.851095
AAGATTGGCGGAACGT-1,0.000089,0.000089,0.019966,0.255443,0.000089,0.724323
AAGCCACTTGCAGGTA-1,0.000145,0.000145,0.000435,0.993359,0.000145,0.00577
AAGCCGAAGCGGTTTA-1,0.00003,0.00003,0.608472,0.167986,0.087654,0.135828
AAGCCGCCGTGAAATC-1,0.000197,0.000197,0.000592,0.889536,0.000197,0.109279
AAGCGGCGTCATGGGT-1,0.000022,0.000022,0.51179,0.000022,0.000932,0.487212
AAGCGTCCCTCATCGA-1,0.000281,0.000281,0.61392,0.22362,0.000281,0.161618
AAGGAGCGGTTGGTGC-1,0.000035,0.000035,0.179604,0.046265,0.023366,0.750694
AAGGATCGATCGCTTG-1,0.000029,0.006209,0.666473,0.064794,0.000029,0.262468
AAGGATGAGGGACCTC-1,0.000037,0.000037,0.436664,0.012986,0.000366,0.54991
AAGGCAGGCTGTCTCC-1,0.000018,0.03531,0.719971,0.000456,0.010622,0.233622
AAGGCGCGTAAAGCTT-1,0.000035,0.000035,0.316397,0.039182,0.014286,0.630065
AAGGCTGTGCTCATCG-1,0.000048,0.00799,0.176805,0.027356,0.022943,0.764859
AAGGGAACGACTGGCT-1,0.000342,0.000342,0.001026,0.14337,0.399683,0.455236
AAGGGACAGATTCTGT-1,0.000043,0.000043,0.442409,0.053971,0.000294,0.50324
AAGGGACTATGCATTC-1,0.000193,0.000193,0.026195,0.703932,0.000193,0.269292
AAGGTATCCTAATATA-1,0.000027,0.00016,0.623865,0.070837,0.103678,0.201432
AAGGTGATAAACCAGC-1,0.000084,0.000084,0.110104,0.702925,0.011796,0.175006
AAGTAGAAGACCGGGT-1,0.000019,0.00052,0.902596,0.000019,0.000019,0.096828
AAGTAGTGACGCGAGG-1,0.000042,0.029323,0.477945,0.05635,0.000042,0.436298
AAGTCAATTGTCGTCA-1,0.000058,0.000058,0.049585,0.287164,0.539837,0.123299
AAGTGACGACCGAATT-1,0.000206,0.000206,0.026987,0.838152,0.000206,0.134243
AAGTGAGTCGGGTTTA-1,0.00011,0.00011,0.04203,0.273713,0.00011,0.683926
AAGTGCCTTGACTGTA-1,0.00007,0.00007,0.165793,0.058153,0.127403,0.648511
AAGTGCGTTAGAATCT-1,0.000085,0.000085,0.283653,0.715924,0.000085,0.000169
AAGTGCTTCTCTATTG-1,0.000086,0.000086,0.270774,0.499878,0.041026,0.188151
AAGTTCACTCCAAGCT-1,0.000289,0.000289,0.000866,0.99769,0.000289,0.000578
AAGTTCAGTCTGCGTA-1,0.000026,0.000026,0.525005,0.018047,0.000026,0.456871
AAGTTCGGCCAACAGG-1,0.000078,0.000078,0.210775,0.695268,0.000078,0.093722
AAGTTGTGATGTTATA-1,0.000109,0.000109,0.000328,0.02869,0.000109,0.970654
AATAACAACGCTCGGC-1,0.000033,0.000033,0.803564,0.011608,0.000033,0.184729
AATAACACTAGAACAA-1,0.000115,0.000115,0.000344,0.788337,0.096227,0.114862
AATAATCTTCGTATCG-1,0.000074,0.005279,0.054235,0.432393,0.024528,0.483491
AATACAATGTTTCAGG-1,0.000078,0.39735,0.061924,0.11823,0.000078,0.42234
AATACCGGAGGGCTGT-1,0.00007,0.00007,0.00021,0.702276,0.297234,0.00014
AATACCTGATGTGAAC-1,0.000029,0.000029,0.731372,0.196168,0.009604,0.062798
AATAGAACAGAGTGGC-1,0.000207,0.000207,0.000622,0.594239,0.404308,0.000415
AATAGAATCTGTTTCA-1,0.00011,0.024004,0.231334,0.732677,0.00011,0.011764
AATAGCTACCGCGTGC-1,0.00005,0.00005,0.046059,0.044267,0.025089,0.884485
AATAGGCACGACCCTT-1,0.000075,0.000358,0.254058,0.136806,0.592735,0.015969
AATAGTCCGTCCCGAC-1,0.000184,0.000184,0.000551,0.455475,0.000184,0.543422
AATATCAAGGTCGGAT-1,0.000165,0.000165,0.161839,0.069602,0.000165,0.768064
AATATCGAATCAATGC-1,0.00003,0.001416,0.625425,0.027434,0.000237,0.345458
AATATCGAGGGTTCTC-1,0.000047,0.000047,0.173522,0.136626,0.017989,0.671769
AATATTGGAGTATTGA-1,0.000934,0.000934,0.002803,0.615192,0.000934,0.379202
AATCAGACTGCAGGAC-1,0.000141,0.000141,0.000423,0.429701,0.000141,0.569454
AATCAGGTTTCATTTA-1,0.00015,0.00015,0.479255,0.26378,0.00015,0.256515
AATCATGTAAAGACTC-1,0.00004,0.00004,0.513615,0.238476,0.18877,0.059058
AATCCAAGGGCCTGAG-1,0.000038,0.000038,0.013144,0.030935,0.022318,0.933526
AATCCATGCAAGGGTG-1,0.000095,0.000095,0.000284,0.6411,0.057815,0.300612
AATCGCCTCAGCGCCA-1,0.000244,0.000244,0.552483,0.266161,0.000244,0.180625
AATCGCGCAGAGGACT-1,0.000025,0.019196,0.50783,0.053062,0.108202,0.311685
AATCTAGGTTTACTTG-1,0.000306,0.000306,0.229354,0.582771,0.08023,0.107032
AATCTATGCCGGAGCC-1,0.000035,0.000035,0.423653,0.000035,0.000035,0.576208
AATCTGCGTTGGGACG-1,0.00011,0.00011,0.009446,0.426699,0.006951,0.556684
AATCTGGCTTTCTAGT-1,0.000545,0.000545,0.001635,0.936069,0.000545,0.060661
AATGACAGCAATGTCT-1,0.000115,0.000115,0.000346,0.999077,0.000115,0.000231
AATGACTGTCAGCCGG-1,0.000036,0.000036,0.128013,0.03507,0.014082,0.822763
AATGAGTTCGCATATG-1,0.000086,0.000086,0.003204,0.556424,0.000086,0.440115
AATGATGATACGCTAT-1,0.000041,0.000041,0.313399,0.194767,0.255985,0.235767
AATGATGCGACTCCTG-1,0.000048,0.000048,0.248231,0.01787,0.000048,0.733756
AATGCAACCGGGTACC-1,0.000033,0.002926,0.166488,0.029699,0.012601,0.788253
AATGCACCAAGCAATG-1,0.000011,0.000011,0.900033,0.000011,0.000011,0.099924
AATGGTCCACCGTTCA-1,0.000183,0.000183,0.008293,0.593036,0.000183,0.398123
AATGGTTCTCACAAGC-1,0.000024,0.000024,0.658404,0.04646,0.002029,0.293059
AATGTGCCCGAGGTGT-1,0.0001,0.0001,0.338896,0.653883,0.0001,0.006923
AATGTGCTAATCTGAG-1,0.000397,0.090416,0.110069,0.600097,0.030083,0.168938
AATTAAAGGTCGGCGT-1,0.000012,0.005873,0.739653,0.006132,0.000012,0.248317
AATTAGCGCTGCAGCG-1,0.00009,0.00009,0.000271,0.598859,0.00009,0.400598
AATTCATAAGGGATCT-1,0.000108,0.000108,0.170814,0.504064,0.000108,0.324797
AATTCTAGAGTTAGGC-1,0.000037,0.466565,0.268268,0.103034,0.000037,0.162059
AATTGAACGCTCTGGT-1,0.000183,0.000183,0.000548,0.867955,0.000183,0.13095
AATTGCAGCAATCGAC-1,0.000061,0.000061,0.179701,0.144107,0.000125,0.675946
AATTTGGGACATAGTA-1,0.000031,0.000031,0.279253,0.041329,0.038931,0.640425
ACAAACTCCATCAGAG-1,0.000975,0.000975,0.378249,0.616874,0.000975,0.001951
ACAAAGCATGACCTAG-1,0.000095,0.000095,0.000286,0.381747,0.000095,0.617682
ACAAATCGCACCGAAT-1,0.000169,0.000169,0.000507,0.998648,0.000169,0.000338
ACAAATGGTAGTGTTT-1,0.00005,0.001737,0.353545,0.3831,0.00005,0.261518
ACAACGGTCCCTGCGA-1,0.000036,0.000036,0.478023,0.137381,0.000036,0.384489
ACAAGCAGTGCCTAGC-1,0.000015,0.017221,0.766813,0.03314,0.159571,0.023239
ACAAGGACAAGAGGTT-1,0.000024,0.000024,0.812162,0.066894,0.000024,0.120872
ACAAGGATGCTTTAGG-1,0.000275,0.000275,0.000826,0.912196,0.000275,0.086153
ACAATAGTCGTACGTT-1,0.000148,0.000148,0.506801,0.27508,0.217525,0.000297
ACAATCCATTTAAACC-1,0.000046,0.009037,0.311651,0.151619,0.000046,0.527602
ACAATGAATACGGAGA-1,0.000141,0.000141,0.000423,0.955111,0.000141,0.044043
ACAATTGTGTCTCTTT-1,0.000126,0.000127,0.09818,0.724757,0.175419,0.00139
ACAATTTGAGCAGTGG-1,0.00005,0.128645,0.211946,0.088706,0.00005,0.570603
ACAATTTGGCCATATT-1,0.000016,0.109605,0.557989,0.025457,0.014073,0.29286
ACACAAAGACGGGTGG-1,0.00003,0.01057,0.162859,0.002348,0.007494,0.8167
ACACACCAGGACCAGT-1,0.000072,0.000072,0.302552,0.584611,0.087073,0.025621
ACACCACATAATTAGC-1,0.000037,0.005569,0.080643,0.038757,0.018776,0.856219
ACACCCAGCATGCAGC-1,0.000035,0.000035,0.094701,0.090272,0.03461,0.780348
ACACCCGAGAAATCCG-1,0.00002,0.00002,0.513801,0.034832,0.000597,0.45073
ACACCTTAAGTAGGGC-1,0.000042,0.000042,0.108092,0.01248,0.002912,0.876432
ACACCTTACTACTTGC-1,0.000035,0.008755,0.189071,0.062895,0.027368,0.711876
ACACGTAGGCCACAAG-1,0.000067,0.000067,0.141247,0.106307,0.047535,0.704777
ACACTCCAATGTCACT-1,0.000046,0.000046,0.549567,0.028591,0.000046,0.421705
ACACTGATCAAGGTGT-1,0.000618,0.000618,0.001853,0.12859,0.000618,0.867704
ACACTGGGACAGTCGT-1,0.000039,0.003309,0.681969,0.064406,0.000039,0.250238
ACAGAACTGAGAACAA-1,0.000173,0.000173,0.000518,0.819861,0.000173,0.179103
ACAGCGACATTCTCAT-1,0.000126,0.000126,0.000378,0.586491,0.083223,0.329657
ACAGCGCACCCGCAGC-1,0.000069,0.000069,0.067406,0.431997,0.377593,0.122865
ACAGGCACGGATCCTT-1,0.000235,0.000235,0.000705,0.417129,0.000235,0.581461
ACAGGCTTGCCCGACT-1,0.000119,0.000119,0.191852,0.807554,0.000119,0.000238
ACAGGTGGAGGTGAGG-1,0.00018,0.00018,0.000539,0.854061,0.00018,0.144862
ACAGTAATACAACTTG-1,0.0002,0.0002,0.000599,0.998403,0.0002,0.000399
ACATAATAAGGCGGTG-1,0.000189,0.000189,0.114912,0.196125,0.000189,0.688395
ACATACAATCAAGCGG-1,0.000105,0.000105,0.000315,0.733903,0.265362,0.00021
ACATCCCGGCCATACG-1,0.000036,0.000036,0.79967,0.007727,0.000036,0.192495
ACATCCTGGTAACTGT-1,0.000103,0.000103,0.310696,0.197098,0.000103,0.491896
ACATCGATCGTTTACC-1,0.000005,0.000235,0.99974,0.000005,0.000005,0.00001
ACATCGGTCAGCCGCG-1,0.000099,0.000099,0.264258,0.379338,0.000099,0.356107
ACATCGTATGCAATGG-1,0.000162,0.000162,0.000486,0.998705,0.000162,0.000324
ACATGGCGCCAAAGTA-1,0.000026,0.035436,0.490066,0.064388,0.078218,0.331867
ACATTAGTTTATATCC-1,0.000058,0.000058,0.168659,0.297678,0.003431,0.530115
ACATTCGCGCGGAATA-1,0.001039,0.001039,0.012999,0.344596,0.161711,0.478616
ACATTTGAAACCTAAC-1,0.000085,0.000085,0.006859,0.603275,0.000085,0.389611
ACCAAACACCCAGCGA-1,0.000037,0.000037,0.07518,0.123813,0.060123,0.74081
ACCAACACCACACACT-1,0.000052,0.000052,0.022501,0.179381,0.059519,0.738495
ACCAACCGCACTCCAC-1,0.000123,0.000123,0.16033,0.647657,0.014727,0.177041
ACCAACGCTTATTTAT-1,0.000235,0.000235,0.000704,0.257442,0.000235,0.74115
ACCAAGAACGCGTGTC-1,0.000055,0.000055,0.149335,0.023112,0.000055,0.827388
ACCACAACTCAGAACA-1,0.000049,0.000049,0.313419,0.368283,0.114121,0.204079
ACCACAAGTTTCTATC-1,0.00003,0.00003,0.122256,0.073841,0.032411,0.771431
ACCACCAATGTAACAA-1,0.000017,0.042707,0.58678,0.031879,0.000017,0.3386
ACCAGTGCCCGGTCAA-1,0.000049,0.000049,0.000147,0.801888,0.197769,0.000098
ACCAGTGCGGGAGACG-1,0.000043,0.002885,0.768902,0.161979,0.000043,0.066147
ACCATATCCGCAATAA-1,0.000016,0.011169,0.627163,0.030264,0.012046,0.319342
ACCATCCGCCAACTAG-1,0.000731,0.000732,0.37182,0.624522,0.000732,0.001463
ACCATCGTATATGGTA-1,0.000314,0.000314,0.000942,0.209657,0.000314,0.788459
ACCCAACGCCCGTGGC-1,0.000049,0.025226,0.131505,0.149913,0.000049,0.693258
ACCCACCTACATGCTC-1,0.000033,0.000033,0.49615,0.137105,0.118401,0.248278
ACCCATCTTGAGGGTA-1,0.000112,0.000112,0.000337,0.358692,0.000112,0.640635
ACCCATTTGTCCCTCT-1,0.000061,0.170339,0.473833,0.123793,0.004091,0.227884
ACCCGAGCGAAATTAC-1,0.000351,0.000351,0.101396,0.299011,0.000351,0.59854
ACCCGATTGGTTCCGA-1,0.000232,0.000232,0.000696,0.726572,0.000232,0.272035
ACCCGGAAACTCCCAG-1,0.00012,0.027894,0.361665,0.242964,0.00012,0.367237
ACCCGGAGCACCACAA-1,0.00008,0.000917,0.000239,0.5182,0.00008,0.480485
ACCCGGATGACGCATC-1,0.000088,0.000088,0.162712,0.330731,0.070257,0.436124
ACCCGGTTACACTTCC-1,0.000028,0.00646,0.762446,0.051348,0.000028,0.17969
ACCCGTGTCATCAGTA-1,0.000248,0.000248,0.000743,0.073572,0.000248,0.924943
ACCCTATAGGACTGAG-1,0.000149,0.000149,0.504013,0.114631,0.000149,0.380908
ACCCTATGCCATATCG-1,0.000318,0.000318,0.68214,0.138992,0.000318,0.177915
ACCCTCCCGTCAGGGC-1,0.000197,0.000197,0.197018,0.801995,0.000197,0.000395
ACCCTCCCTTGCTATT-1,0.000161,0.000161,0.000484,0.998709,0.000161,0.000323
ACCCTGGTAACGCCCT-1,0.000039,0.000039,0.040072,0.203301,0.000039,0.75651
ACCCTTTAGTTCTCCA-1,0.000131,0.000131,0.000394,0.563407,0.435673,0.000263
ACCGACTGAGTCCCAC-1,0.00006,0.00006,0.099432,0.17674,0.00006,0.723649
ACCGATAGGCATAACC-1,0.00004,0.047933,0.498589,0.037877,0.00004,0.415522
ACCGATATTTAATCAT-1,0.000061,0.000071,0.35453,0.157597,0.000061,0.487681
ACCGATGGTAGCATCG-1,0.000059,0.000059,0.11242,0.156619,0.028727,0.702115
ACCGCGGTGGAAGTCG-1,0.000015,0.009793,0.941501,0.00728,0.03301,0.008401
ACCGCTAGTCATTGGT-1,0.000337,0.000337,0.172655,0.82103,0.000337,0.005304
ACCGGGCCTTTGTTGA-1,0.000024,0.000024,0.845831,0.093675,0.056703,0.003742
ACCGTGACCACGTGGG-1,0.000133,0.000133,0.538995,0.097312,0.000133,0.363293
ACCTAAGTACCTTTCA-1,0.000091,0.000091,0.136554,0.858773,0.000091,0.004398
ACCTAATCGACTTCCT-1,0.00007,0.000071,0.000212,0.171041,0.000071,0.828536
ACCTACAGTATGTGGT-1,0.000035,0.039666,0.574219,0.049171,0.066984,0.269925
ACCTCAGCGAGGCGCA-1,0.000272,0.000272,0.000816,0.997825,0.000272,0.000544
ACCTCCGCCCTCGCTG-1,0.000219,0.000219,0.017474,0.431862,0.000219,0.550007
ACCTCCGTTATTCACC-1,0.000015,0.242564,0.606507,0.001662,0.000015,0.149236
ACCTGCGTGTCATGTT-1,0.000505,0.000505,0.001516,0.937241,0.000505,0.059727
ACGAAATGGGCGGCAC-1,0.000028,0.000028,0.87222,0.028753,0.006838,0.092133
ACGACTCTAGGGCCGA-1,0.00005,0.00005,0.000151,0.385352,0.614296,0.0001
ACGACTGGTCATACTC-1,0.000601,0.000601,0.001803,0.422229,0.000601,0.574165
ACGAGAACCCATCACG-1,0.000033,0.000033,0.459165,0.077588,0.000532,0.46265
ACGAGATATTTGCTTA-1,0.000031,0.000031,0.627926,0.159243,0.046778,0.165991
ACGAGGATACCACTCT-1,0.000836,0.000836,0.002508,0.993312,0.000836,0.001672
ACGAGTACGGATGCCC-1,0.000023,0.018884,0.522051,0.022034,0.001576,0.435432
ACGATACATAGAACTA-1,0.000063,0.000063,0.307247,0.179854,0.000063,0.512712
ACGATCATACATAGAG-1,0.000038,0.0071,0.422723,0.023031,0.000038,0.547072
ACGATCATCTTGTAAA-1,0.000044,0.161446,0.227659,0.077335,0.000044,0.533471
ACGATGCATATGTTAT-1,0.000066,0.031626,0.317937,0.095009,0.002144,0.553218
ACGCAAACTAATAGAT-1,0.000181,0.000181,0.048499,0.26961,0.000181,0.681349
ACGCAATCACTACAGC-1,0.000039,0.000039,0.351179,0.000039,0.000039,0.648665
ACGCATACGTTTACTA-1,0.000057,0.000057,0.000171,0.466586,0.52005,0.013079
ACGCATTCGTGAGTAC-1,0.000038,0.001803,0.148619,0.002914,0.008907,0.83772
ACGCCAGTGCGTTTGC-1,0.000154,0.000154,0.000463,0.994124,0.004795,0.000309
ACGCGAAGTCAGACGA-1,0.000036,0.020011,0.537467,0.096866,0.000036,0.345584
ACGCGCTACACAGGGT-1,0.000107,0.000107,0.115889,0.883575,0.000107,0.000214
ACGCGGGCCAAGGACA-1,0.000035,0.003446,0.108562,0.079029,0.013655,0.795273
ACGCTAGTGATACACT-1,0.000025,0.000172,0.501495,0.04231,0.000319,0.455679
ACGCTGTGAGGCGTAG-1,0.000849,0.000849,0.002546,0.640236,0.000849,0.354671
ACGGAACACGAGTGCC-1,0.000115,0.000115,0.000345,0.870476,0.000115,0.128834
ACGGAATTTAGCAAAT-1,0.000098,0.000098,0.000293,0.725791,0.000098,0.273624
ACGGAGCGCAAATTAC-1,0.000048,0.000048,0.24052,0.097983,0.042855,0.618546
ACGGCACTTGCTTGGG-1,0.000038,0.003745,0.738856,0.122415,0.023168,0.111778
ACGGCCAACATGGACT-1,0.000075,0.000075,0.042967,0.340855,0.000075,0.615953
ACGGGAGTGTCGGCCC-1,0.000195,0.000195,0.077749,0.921274,0.000195,0.000391
ACGGGCGTATGCGACA-1,0.000024,0.019306,0.282347,0.032372,0.043899,0.622053
ACGGTACAGTTCAATG-1,0.000168,0.000168,0.068178,0.733263,0.000168,0.198055
ACGTACTTTGGCACGG-1,0.000178,0.000178,0.000535,0.389703,0.000178,0.609226
ACGTAGATTGCTGATG-1,0.000039,0.045235,0.432601,0.073343,0.067121,0.381662
ACGTATTACTCCGATC-1,0.000079,0.000079,0.165317,0.377623,0.000079,0.456823
ACGTTAATGTCGAAGA-1,0.000015,0.063785,0.62764,0.017206,0.002284,0.289071
ACGTTAGATTTGCCCG-1,0.000091,0.000091,0.41623,0.221656,0.000091,0.361841
ACGTTCACTATGCCGC-1,0.000338,0.000338,0.001014,0.997296,0.000338,0.000676
ACGTTCGCAATCAATT-1,0.000017,0.005526,0.430853,0.005807,0.040882,0.516917
ACGTTCGTTCAGGAAA-1,0.00026,0.00026,0.000779,0.189738,0.00026,0.808703
ACGTTCTGTACAAGTC-1,0.000232,0.153869,0.000696,0.80764,0.000232,0.03733
ACGTTGTCGTTGAAAG-1,0.000105,0.000105,0.000315,0.752614,0.246652,0.00021
ACTAATACGTCAGGCG-1,0.000042,0.000042,0.226332,0.115939,0.000042,0.657604
ACTACCAGCTCTCTGG-1,0.000039,0.004961,0.553529,0.001995,0.000039,0.439438
ACTACCATCCGAGGGC-1,0.000335,0.000335,0.001005,0.992929,0.000335,0.005061
ACTACGCGTTAGAATT-1,0.000217,0.000217,0.170164,0.117894,0.000217,0.71129
ACTAGTTGCGATCGTC-1,0.000037,0.000037,0.766737,0.146696,0.001618,0.084875
ACTATATGCTGTGTTC-1,0.000037,0.000037,0.280902,0.040948,0.027059,0.651018
ACTATCCAGGGCATGG-1,0.000026,0.007498,0.451821,0.049168,0.055993,0.435494
ACTATCTGCCCGCGTA-1,0.000059,0.000059,0.235391,0.202294,0.087272,0.474925
ACTATGTCCAGCTGCC-1,0.000727,0.000727,0.00218,0.994186,0.000727,0.001454
ACTATTTCCGGGCCCA-1,0.000232,0.000232,0.000695,0.383824,0.127621,0.487397
ACTCAACGAATGTATT-1,0.000109,0.000109,0.125144,0.581412,0.000109,0.293118
ACTCAAGTGCAAGGCT-1,0.00024,0.00024,0.000719,0.998083,0.00024,0.000479
ACTCAGACCTGCTTCT-1,0.000092,0.000092,0.000277,0.11605,0.000092,0.883395
ACTCCAATATCATCAT-1,0.000443,0.000443,0.31436,0.245246,0.000443,0.439066
ACTCCCATTCCTAAAG-1,0.000386,0.000386,0.001158,0.996912,0.000386,0.000772
ACTCCCGAATTCGTTT-1,0.000017,0.057134,0.59939,0.012524,0.000017,0.330919
ACTCCGGCCGACCACT-1,0.000322,0.000322,0.000967,0.997422,0.000322,0.000645
ACTCGCGATCTGACGC-1,0.000007,0.020869,0.910451,0.005801,0.005057,0.057815
ACTCGTAACCCGTCCT-1,0.000311,0.000311,0.000932,0.997515,0.000311,0.000621
ACTCTCTTATACACGA-1,0.000063,0.000063,0.41956,0.424381,0.000063,0.155871
ACTCTGACCTAATAGA-1,0.000241,0.000241,0.000722,0.845386,0.000241,0.15317
ACTGAAACGCCGTTAG-1,0.000063,0.000063,0.299761,0.151676,0.47137,0.077067
ACTGAATGGCGAAAGT-1,0.000152,0.000152,0.000457,0.998782,0.000152,0.000305
ACTGCCCGCCATTCTC-1,0.000783,0.000783,0.002349,0.452812,0.000783,0.54249
ACTGCGGACACACCGT-1,0.000033,0.011312,0.241703,0.029445,0.019394,0.698113
ACTGTACGATACACAT-1,0.000087,0.013715,0.253818,0.205679,0.265927,0.260775
ACTGTAGCACTTTGGA-1,0.000009,0.000972,0.862032,0.001336,0.031307,0.104343
ACTGTATACGCGAGCA-1,0.000017,0.000017,0.608771,0.000017,0.002301,0.388878
ACTGTCCAGGATTATA-1,0.000026,0.008858,0.067231,0.002278,0.477457,0.44415
ACTGTCTTCTTTAGAA-1,0.00004,0.00004,0.057585,0.069829,0.025254,0.847251
ACTGTGCTAGTAGATC-1,0.000048,0.000048,0.305653,0.092687,0.01006,0.591505
ACTTACCGGGCGCGCA-1,0.000013,0.000013,0.735203,0.000013,0.000013,0.264743
ACTTAGTACGACAAGA-1,0.000053,0.000053,0.024418,0.104539,0.000053,0.870883
ACTTATACTTACCCGG-1,0.000075,0.000075,0.366112,0.22197,0.115597,0.296171
ACTTATTAGGATCGGT-1,0.000053,0.000053,0.231383,0.041994,0.00431,0.722206
ACTTATTTATGTGCCA-1,0.000183,0.000183,0.00055,0.915316,0.0834,0.000367
ACTTCAGGCTGATCCC-1,0.000401,0.000401,0.313073,0.68492,0.000401,0.000803
ACTTGGGACCCGGTGG-1,0.000044,0.000044,0.080305,0.002958,0.006576,0.910073
ACTTGTGGATGGAACG-1,0.000091,0.000091,0.000274,0.688456,0.000091,0.310996
ACTTTACCCTCATGAA-1,0.000018,0.011016,0.388946,0.014474,0.001119,0.584426
ACTTTCCTATAGCTTC-1,0.000057,0.000057,0.088023,0.049648,0.000057,0.862157
ACTTTGTCGACGCACT-1,0.000102,0.000103,0.179482,0.124549,0.015842,0.679922
AGAAATTATGACTCGC-1,0.000063,0.000063,0.223537,0.297484,0.000127,0.478727
AGAACCCAGCGTGACA-1,0.000008,0.004315,0.7957,0.007765,0.0021,0.190111
AGAACTGTACTTTGTA-1,0.000049,0.000049,0.555798,0.205428,0.000049,0.238627
AGAAGAGCGCCGTTCC-1,0.000522,0.000522,0.043579,0.314547,0.000522,0.640308
AGAAGGTTGCCGAATT-1,0.000011,0.000011,0.999936,0.000011,0.000011,0.000021
AGAAGTGATTCGTGAT-1,0.000103,0.000103,0.266794,0.73269,0.000103,0.000206
AGAATACAGGCTATCC-1,0.000082,0.000082,0.000246,0.846998,0.057154,0.095438
AGAATGCGGGTTCGGA-1,0.00011,0.00011,0.075341,0.103663,0.00011,0.820664
AGAATTATGGATTCGA-1,0.000049,0.000049,0.276609,0.12352,0.000049,0.599723
AGAATTGTTTGACATA-1,0.000193,0.000193,0.000579,0.997598,0.000193,0.001244
AGACAGGCATCTCAGC-1,0.000061,0.038852,0.095185,0.429004,0.072129,0.364769
AGACCATGGGATACAA-1,0.000085,0.000085,0.067646,0.165747,0.000085,0.766352
AGACCCACCGCTGATC-1,0.000118,0.012952,0.336409,0.316336,0.000118,0.334067
AGACCCGCCCTCCTCG-1,0.000034,0.000034,0.234813,0.034112,0.010744,0.720264
AGACCGCTCCGCGGTT-1,0.000034,0.000034,0.832807,0.039396,0.000034,0.127695
AGACCGGGAAACCCTG-1,0.000184,0.000184,0.062386,0.501567,0.000184,0.435495
AGACGAAGTGCCGGTC-1,0.000082,0.000082,0.112947,0.781662,0.069234,0.035992
AGACGACGATGCCGCT-1,0.000085,0.000085,0.000255,0.999321,0.000085,0.00017
AGACGCCCACTTCGCC-1,0.000025,0.000025,0.573842,0.253362,0.000025,0.172721
AGACGGGCCGATTTAA-1,0.000072,0.000072,0.073889,0.784842,0.140979,0.000145
AGACTAGCCTTCCAGA-1,0.000035,0.007629,0.060225,0.056385,0.045244,0.830482
AGACTGTTACCGGGTC-1,0.000051,0.008974,0.815168,0.013856,0.000051,0.1619
AGAGAAACACCAGAAA-1,0.000138,0.000138,0.000413,0.839374,0.000138,0.159799
AGAGAACCGTCTAGGA-1,0.000053,0.000053,0.162147,0.109242,0.213718,0.514787
AGAGAAGGAGTACAAT-1,0.000686,0.000686,0.251832,0.452989,0.000686,0.293119
AGAGATCTCTAAAGCG-1,0.000159,0.000159,0.059384,0.832343,0.000159,0.107797
AGAGCAGTTATGAGAC-1,0.000094,0.000094,0.109759,0.319214,0.017602,0.553237
AGAGCCGCCGAGATTT-1,0.000059,0.000059,0.40328,0.260921,0.040252,0.295429
AGAGCGTACAAGCTCG-1,0.000076,0.000076,0.000227,0.39509,0.000999,0.603533
AGAGGCTTCGGAAACC-1,0.00009,0.00009,0.200962,0.393291,0.024243,0.381323
AGAGTAAACTTCACTA-1,0.000049,0.000049,0.273341,0.185879,0.260645,0.280037
AGATAACTTCAGGGCC-1,0.000008,0.050932,0.907129,0.000008,0.000008,0.041914
AGATACCAATAGAACC-1,0.000096,0.000096,0.000289,0.375214,0.000096,0.624208
AGATACCGGTGTTCAC-1,0.000066,0.000066,0.525147,0.101057,0.057805,0.315859
AGATACGACTTCATAT-1,0.00005,0.00005,0.114371,0.035206,0.00005,0.850271
AGATACTCAAGATCGA-1,0.000086,0.000086,0.219734,0.592896,0.000086,0.187112
AGATCGTGCATAAGAT-1,0.000027,0.001272,0.414519,0.062369,0.005557,0.516257
AGATGACTCGCCCACG-1,0.000067,0.000067,0.166492,0.127263,0.000067,0.706042
AGATGAGGGTTGCGAT-1,0.000037,0.000037,0.036151,0.067592,0.000476,0.895708
AGATGATGGAGTCTGG-1,0.000025,0.180379,0.459848,0.055542,0.001455,0.302752
AGATGCAAGACGTGCA-1,0.000621,0.000621,0.001863,0.768145,0.227507,0.001242
AGATTATAGGACGTTT-1,0.00003,0.002997,0.42845,0.034103,0.082043,0.452377
AGCAACATATCTTATT-1,0.000078,0.000078,0.095973,0.473006,0.017059,0.413806
AGCAACCGAAAGTAAT-1,0.000628,0.000628,0.001885,0.697898,0.000628,0.298333
AGCACACGTTTAGACT-1,0.001444,0.001444,0.004332,0.988448,0.001444,0.002888
AGCACCAGTACTCACG-1,0.000056,0.000056,0.000167,0.222902,0.018879,0.757941
AGCACTACCGGCCTGT-1,0.000128,0.000128,0.288946,0.149992,0.000128,0.560677
AGCACTTAAGGACGCC-1,0.000087,0.000087,0.000262,0.217772,0.000365,0.781427
AGCAGCCAGATGAATA-1,0.000159,0.032517,0.026234,0.217402,0.000159,0.723528
AGCATATCAATATGCT-1,0.00012,0.00012,0.107618,0.775147,0.023381,0.093615
AGCATCATTTCGAAAG-1,0.000722,0.000722,0.002166,0.994225,0.000722,0.001444
AGCATCGTCGATAATT-1,0.000041,0.002542,0.30337,0.026003,0.145346,0.522698
AGCATTACGAGGCAAG-1,0.000136,0.000136,0.083694,0.55369,0.000136,0.362207
AGCCACAGGTTACCCG-1,0.000188,0.000188,0.000563,0.19899,0.137999,0.662072
AGCCACTCCCGTGCTT-1,0.000035,0.007666,0.726582,0.226695,0.011404,0.027617
AGCCCATACATGTAAG-1,0.000117,0.000117,0.000352,0.592229,0.000117,0.407068
AGCCCGGCATTAGAGG-1,0.000591,0.000591,0.10948,0.07145,0.000591,0.817295
AGCCCGGTAGCCTGTA-1,0.000084,0.000084,0.432328,0.000084,0.019505,0.547915
AGCCCTCCCTGGTGGC-1,0.000601,0.000601,0.270501,0.000601,0.000601,0.727095
AGCCCTGTCGCACCGT-1,0.000007,0.003199,0.845521,0.000274,0.011791,0.139207
AGCCCTTCTAATCCGA-1,0.000029,0.000029,0.553242,0.000029,0.000029,0.446641
AGCCCTTGGACATCCC-1,0.000084,0.000084,0.216421,0.147924,0.03735,0.598136
AGCCGTGGCTAAATGT-1,0.000138,0.000138,0.000413,0.692453,0.306584,0.000275
AGCCTAATACCCACGT-1,0.00051,0.00051,0.107424,0.292347,0.00051,0.598699
AGCCTTAAAGCGGAAG-1,0.000138,0.000138,0.370277,0.217774,0.000138,0.411535
AGCGACAGGAACGGTC-1,0.000063,0.000064,0.401246,0.432978,0.000064,0.165586
AGCGACATCCCATTCA-1,0.000138,0.064818,0.312508,0.12737,0.004078,0.491089
AGCGACCAACGATATT-1,0.000042,0.000042,0.000126,0.109388,0.331757,0.558644
AGCGATGCGCCTAATA-1,0.000085,0.000085,0.067043,0.065876,0.000085,0.866826
AGCGCATAATGAATCG-1,0.000254,0.000254,0.000762,0.478636,0.000254,0.51984
AGCGCGGGTGCCAATG-1,0.000052,0.000052,0.166435,0.172595,0.014462,0.646404
AGCGCTAGAGCGATGT-1,0.000014,0.025908,0.568872,0.000014,0.009876,0.395315
AGCGCTTATGGGCAAG-1,0.000083,0.000083,0.428394,0.000083,0.043689,0.527668
AGCGGGAAGGGTCCAT-1,0.000035,0.000035,0.160222,0.004511,0.022931,0.812266
AGCGGTTGCCGCTCTG-1,0.000173,0.000173,0.113553,0.000173,0.673837,0.21209
AGCGTACGAGAGCTAG-1,0.000387,0.000387,0.001162,0.459516,0.000387,0.538159
AGCGTCTGAACCCGCA-1,0.000284,0.000284,0.131186,0.242333,0.146283,0.479629
AGCTAACAAGCAATGT-1,0.000237,0.000237,0.56426,0.23804,0.000237,0.19699
AGCTAAGCTCCGTCCG-1,0.000205,0.000206,0.000617,0.998356,0.000206,0.000411
AGCTAGAAGCAGAAGT-1,0.000052,0.000052,0.049225,0.040803,0.031064,0.878804
AGCTCCATATATGTTC-1,0.000084,0.000084,0.291203,0.431251,0.057109,0.220268
AGCTCCTTCGCACATC-1,0.000152,0.000152,0.06378,0.775716,0.000152,0.160048
AGCTCTTCCCAGTGCA-1,0.000147,0.000147,0.212833,0.461323,0.000147,0.325403
AGCTCTTCGTAACCTT-1,0.000009,0.022994,0.868011,0.040367,0.046155,0.022464
AGCTCTTTACTCAGTT-1,0.000061,0.037503,0.609593,0.183308,0.006718,0.162818
AGCTGAAGTAAACCAA-1,0.000037,0.000037,0.449993,0.228128,0.096386,0.225418
AGCTGTAACCTCAATC-1,0.000097,0.000097,0.247767,0.688907,0.020846,0.042285
AGCTTCTTCTCGAGCA-1,0.000199,0.000199,0.021633,0.781879,0.000199,0.19589
AGCTTGATCTTAACTT-1,0.000112,0.000112,0.047679,0.695252,0.0058,0.251045
AGGACAGTCGAATCCC-1,0.000096,0.000096,0.017024,0.914298,0.000096,0.068391
AGGACATCGCACGTCG-1,0.000039,0.000039,0.17461,0.044115,0.000039,0.781158
AGGACGACCCATTAGA-1,0.000045,0.571855,0.210349,0.085218,0.016332,0.116201
AGGACGCTCGATGTTG-1,0.000028,0.002476,0.343761,0.021295,0.010667,0.621773
AGGAGGCCTTCGCGCG-1,0.000118,0.000118,0.000629,0.676942,0.000118,0.322074
AGGATAAAGTCGGGAT-1,0.000068,0.003745,0.326756,0.160317,0.000068,0.509046
AGGATATAGGGATTTA-1,0.000103,0.010855,0.32763,0.393923,0.000103,0.267386
AGGATATCCGACTGCA-1,0.000186,0.000186,0.000559,0.99851,0.000186,0.000373
AGGATCACGCGATCTG-1,0.000225,0.000225,0.126797,0.409199,0.000225,0.46333
AGGATTGCTTACGACA-1,0.00002,0.031592,0.252983,0.015326,0.014396,0.685683
AGGCACGTGACTGTCC-1,0.000066,0.025213,0.144407,0.457394,0.246199,0.126721
AGGCAGATGCGTAAAC-1,0.000094,0.000094,0.016459,0.290369,0.124932,0.568052
AGGCAGGGAGCGTACT-1,0.000065,0.083827,0.527563,0.027875,0.000065,0.360605
AGGCATTGTCGTAGGG-1,0.000155,0.000156,0.015433,0.656197,0.000156,0.327903
AGGCCACATTGGTTAC-1,0.000042,0.03029,0.164502,0.240151,0.124719,0.440296
AGGCCACCCGTTATGA-1,0.000008,0.000008,0.973929,0.006214,0.001614,0.018228
AGGCCCATTGTACAGG-1,0.000096,0.000096,0.000764,0.113215,0.000096,0.885733
AGGCCCTAGAACGCCA-1,0.000083,0.000083,0.110239,0.763445,0.000083,0.126067
AGGCCTGAGAATCTCG-1,0.000216,0.000216,0.000649,0.510195,0.253416,0.235307
AGGCGATAACTGGCGT-1,0.00007,0.00007,0.021778,0.294105,0.00007,0.683908
AGGCGTCTATGGACGG-1,0.000033,0.000033,0.394552,0.007144,0.00016,0.598078
AGGCTATGGTTAGCTT-1,0.000143,0.000143,0.00043,0.236878,0.000143,0.762261
AGGCTTCCCGAAGAAG-1,0.00013,0.00013,0.142324,0.216451,0.430583,0.210383
AGGCTTGCTAGACACC-1,0.000294,0.047114,0.000882,0.421864,0.000294,0.529551
AGGGAAACGAGGTACT-1,0.000048,0.000048,0.182779,0.083028,0.000048,0.734048
AGGGACCGGCTGCGTT-1,0.000027,0.046272,0.230045,0.027022,0.004355,0.692279
AGGGACTCTACGCGAC-1,0.000394,0.000394,0.001183,0.515482,0.000394,0.482152
AGGGAGACATACTTCG-1,0.000028,0.005874,0.457261,0.03534,0.000028,0.501468
AGGGCGAGCAGCTGAT-1,0.000406,0.000406,0.001217,0.996754,0.000406,0.000812
AGGGCGTGATCGGCTA-1,0.000047,0.014811,0.054515,0.179299,0.021412,0.729917
AGGGCTGCAGTTACAG-1,0.000024,0.033609,0.425256,0.004793,0.041102,0.495216
AGGGTCAGAGCACTCG-1,0.000259,0.000259,0.000777,0.997927,0.000259,0.000518
AGGGTCAGTAACCCTA-1,0.000037,0.000037,0.000112,0.066511,0.000978,0.932324
AGGGTCGATGCGAACT-1,0.000088,0.000088,0.113672,0.153998,0.000088,0.732065
AGGGTGCCGTTCTTTA-1,0.001793,0.001793,0.00538,0.985654,0.001793,0.003587
AGGGTGCTCTCGAGGG-1,0.000046,0.030293,0.321859,0.056857,0.072238,0.518706
AGGGTTCAGACGGTCC-1,0.000226,0.000226,0.000679,0.946655,0.05176,0.000453
AGGGTTCCCTTTGGTT-1,0.000104,0.000104,0.201028,0.207467,0.000104,0.591192
AGGGTTTAGTTCGGGA-1,0.000026,0.001574,0.524089,0.000026,0.000026,0.474258
AGGTAACCTCCTATTC-1,0.000029,0.000029,0.236301,0.008932,0.040816,0.713894
AGGTACGATATTGCCA-1,0.000279,0.063581,0.000836,0.50901,0.000279,0.426016
AGGTAGATCGAGATAT-1,0.000855,0.000855,0.002566,0.067334,0.000855,0.927534
AGGTAGGTACAAAGCT-1,0.000063,0.000063,0.180838,0.191789,0.000063,0.627185
AGGTATAATTGATAGT-1,0.000033,0.000033,0.233607,0.131845,0.075034,0.559446
AGGTATGCGGACATTA-1,0.000051,0.000051,0.16621,0.153499,0.000405,0.679785
AGGTCAGGTGAGAGTG-1,0.000057,0.000057,0.657212,0.33189,0.007848,0.002936
AGGTCGCCTCCCAACA-1,0.000132,0.000132,0.353734,0.462954,0.006282,0.176766
AGGTCGCGGAGTTACT-1,0.000031,0.000601,0.290679,0.000031,0.000031,0.708626
AGGTGCACGTCCACAT-1,0.000143,0.000143,0.000428,0.99886,0.000143,0.000285
AGGTGTATCGCCATGA-1,0.000299,0.000299,0.000897,0.900883,0.000299,0.097324
AGGTTACACCATGCCG-1,0.000055,0.000055,0.166875,0.115979,0.09433,0.622707
AGGTTTCACACACCTT-1,0.000018,0.008655,0.660054,0.031987,0.025998,0.273289
AGTACATCATTTATCA-1,0.000035,0.0001,0.302622,0.02577,0.009127,0.662347
AGTACGGGCACCTGGC-1,0.00005,0.00005,0.219198,0.184189,0.00005,0.596464
AGTACTCTTATGCCCA-1,0.00015,0.00015,0.326186,0.567343,0.00015,0.10602
AGTAGGAAGGAAGTTG-1,0.000047,0.000047,0.008459,0.044771,0.000047,0.94663
AGTAGGTAACATACAT-1,0.000076,0.000076,0.012707,0.119784,0.000076,0.867282
AGTATAATACTAGGCA-1,0.000085,0.000085,0.083081,0.12453,0.000085,0.792132
AGTATACACAGCGACA-1,0.000017,0.005498,0.869575,0.000017,0.000017,0.124875
AGTATGCTGGAGACCA-1,0.000135,0.000135,0.000405,0.983584,0.000135,0.015606
AGTATTTGGCACGACC-1,0.000241,0.000241,0.089093,0.334099,0.217158,0.359168
AGTCAAATGATGTGAT-1,0.000178,0.000178,0.000535,0.284777,0.000178,0.714154
AGTCAACACCACCATC-1,0.000031,0.000598,0.494793,0.063583,0.005954,0.43504
AGTCAAGATGACACTT-1,0.000155,0.000156,0.035776,0.832073,0.000156,0.131684
AGTCACTAGCTCTCGA-1,0.000032,0.001238,0.929873,0.061973,0.000032,0.006853
AGTCACTCCGCCTCAT-1,0.000218,0.000218,0.000654,0.279105,0.603774,0.11603
AGTCAGCCACCGCCTG-1,0.000119,0.000119,0.000356,0.751298,0.001298,0.246811
AGTCCATTGGCTGATG-1,0.000035,0.000035,0.525919,0.111126,0.153069,0.209815
AGTCCCGCCTTTAATT-1,0.000046,0.000046,0.059078,0.064263,0.000046,0.876521
AGTCGACGGTCTCAAG-1,0.000059,0.000059,0.194817,0.216117,0.007666,0.581281
AGTCGGCCCAAACGAC-1,0.000025,0.002405,0.380705,0.037236,0.023426,0.556203
AGTCGGCTCAACTTTA-1,0.000113,0.000113,0.00034,0.977031,0.014595,0.007806
AGTCGGTTGCGTGAGA-1,0.000006,0.000165,0.999464,0.000006,0.000006,0.000353
AGTCGTCGACCACCAA-1,0.000181,0.000181,0.420545,0.546559,0.000181,0.032353
AGTCGTGGGCATTACG-1,0.000127,0.000127,0.000382,0.998948,0.000161,0.000254
AGTCTAAAGTATACTC-1,0.000013,0.024733,0.770185,0.004074,0.0149,0.186095
AGTCTCACAAGACTAC-1,0.000114,0.000114,0.000341,0.917897,0.081307,0.000227
AGTCTGGACATCCTTG-1,0.000272,0.000272,0.000816,0.640026,0.000272,0.358343
AGTGAACAAACTTCTC-1,0.000023,0.000023,0.561867,0.042567,0.239961,0.155561
AGTGACCTACTTTACG-1,0.000018,0.057987,0.813207,0.040118,0.001982,0.086687
AGTGACTGTGACACAA-1,0.000576,0.000576,0.001728,0.731978,0.000576,0.264565
AGTGAGACTTCCAGTA-1,0.000089,0.000089,0.15019,0.199377,0.025321,0.624933
AGTGAGCCTCGCCGCC-1,0.000022,0.074615,0.26328,0.036238,0.003351,0.622494
AGTGAGGGTTTCTGAC-1,0.000071,0.000071,0.000214,0.624585,0.374915,0.000143
AGTGATAACCTGCGCG-1,0.000119,0.000119,0.149749,0.745432,0.000119,0.104462
AGTGATATGAGTAGTT-1,0.000135,0.000135,0.351958,0.471031,0.000135,0.176606
AGTGATTCAAGCAGGA-1,0.000062,0.000062,0.354802,0.079199,0.000071,0.565804
AGTGCACGCTTAAGAA-1,0.000068,0.000068,0.000204,0.442502,0.530741,0.026416
AGTGCGTAGCTCGTAA-1,0.000124,0.000124,0.453321,0.446234,0.000124,0.100073
AGTGCTAAACACAGCA-1,0.000128,0.000128,0.000384,0.39074,0.000128,0.608492
AGTGCTTGCACGAATA-1,0.000057,0.000057,0.553558,0.439313,0.000057,0.006958
AGTGGCCCGCAAATGG-1,0.000109,0.000109,0.000327,0.742184,0.257053,0.000218
AGTGGCGGCAATTTGA-1,0.000068,0.000068,0.276383,0.209163,0.000068,0.514249
AGTGTATTGCGCATTG-1,0.00006,0.00006,0.000181,0.149942,0.00006,0.849697
AGTGTGGTCTATTGTG-1,0.000133,0.012854,0.000398,0.530766,0.000133,0.455718
AGTTAAACACTTGCGA-1,0.000094,0.000094,0.180792,0.331332,0.000889,0.4868
AGTTAAGCGGTCCCGG-1,0.000092,0.000092,0.133934,0.183677,0.000092,0.682112
AGTTAAGTCAACCGCT-1,0.000109,0.000109,0.069229,0.920508,0.000109,0.009936
AGTTACCGCACATGGT-1,0.000243,0.000243,0.014751,0.406208,0.000243,0.578313
AGTTACTCTATCGTGG-1,0.000048,0.000048,0.309058,0.093258,0.081807,0.51578
AGTTCCTACAGAATTA-1,0.000036,0.003194,0.098501,0.055757,0.055619,0.786893
AGTTCCTATTTATGTT-1,0.00001,0.024358,0.85672,0.00001,0.011002,0.1079
AGTTCTGCGTTGTATC-1,0.000216,0.000216,0.035808,0.29035,0.132344,0.541067
AGTTGACATCGGCTGG-1,0.000059,0.000059,0.047026,0.680826,0.213217,0.058814
AGTTGCTGACTGATAT-1,0.000268,0.000268,0.067871,0.358482,0.000268,0.572843
AGTTGGCAAGGCTAGA-1,0.000173,0.000173,0.000519,0.693255,0.000173,0.305707
AGTTTGGCACGGGTTG-1,0.0001,0.0001,0.115142,0.547406,0.0001,0.337153
AGTTTGGCCAGACCTA-1,0.000121,0.000121,0.000363,0.724392,0.000121,0.274882
ATAAACGGACCCGTAA-1,0.000039,0.016565,0.266623,0.187074,0.144393,0.385306
ATAAACGTTGCACCAC-1,0.000057,0.015051,0.233819,0.251359,0.000057,0.499657
ATAAAGGCTCGGTCGT-1,0.000006,0.00002,0.995982,0.000006,0.000006,0.003981
ATAAAGGTCAAGTACG-1,0.00011,0.00011,0.14799,0.436699,0.276031,0.139061
ATAAATATTAGCAGCT-1,0.000334,0.000334,0.001002,0.840628,0.000334,0.157369
ATAACGCCGGAGGGTC-1,0.000142,0.000142,0.000426,0.621028,0.000142,0.37812
ATAAGTAGGATTCAGA-1,0.000029,0.007342,0.374935,0.094041,0.000029,0.523624
ATAAGTAGGGCGACTC-1,0.000023,0.002912,0.420142,0.096274,0.120585,0.360063
ATAAGTTACCGCGACG-1,0.000018,0.009742,0.936931,0.04431,0.006713,0.002287
ATAATACCGTTAGCCG-1,0.000347,0.000347,0.001042,0.840819,0.000347,0.157096
ATAATAGCTGTTGAAT-1,0.000007,0.001285,0.973679,0.013807,0.001303,0.009919
ATAATAGTGTAGGGAC-1,0.00005,0.00005,0.21371,0.13511,0.00005,0.651031
ATACCACGGGCAACTT-1,0.000218,0.000218,0.112656,0.266993,0.000218,0.619696
ATACCTAACCAAGAAA-1,0.000229,0.000229,0.103442,0.343106,0.000229,0.552764
