Barcode,Topic 1,Topic 2,Topic 3,Topic 4,Topic 5,Topic 6to7,Topic 8to11
AAACACCAATAACTGC-1,0.000041,0.000041,0.000041,0.032626,0.000041,0.818154,0.149054
AAACAGAGCGACTCCT-1,0.000035,0.000035,0.105617,0.055401,0.000035,0.263371,0.575506
AAACAGCTTTCAGAAG-1,0.000057,0.000057,0.000057,0.044721,0.000057,0.741514,0.213536
AAACAGGGTCTATATT-1,0.000023,0.000023,0.00783,0.000023,0.000023,0.796297,0.195781
AAACCACTACACAGAT-1,0.00007,0.00007,0.317715,0.195227,0.00007,0.486571,0.000278
AAACCCGAACGAAATC-1,0.000052,0.000052,0.196967,0.18471,0.000052,0.617961,0.000207
AAACCGGGTAGGTACC-1,0.000033,0.000033,0.000033,0.700638,0.000033,0.102119,0.19711
AAACCGTTCGTCCAGG-1,0.000212,0.000212,0.000212,0.637351,0.000212,0.36095,0.00085
AAACCTCATGAAGTTG-1,0.00001,0.00001,0.003507,0.023406,0.00001,0.281017,0.692041
AAACGAAGATGGAGTA-1,0.000061,0.000061,0.000061,0.025463,0.000061,0.425215,0.549079
AAACGACAGTCTTGCC-1,0.000058,0.000058,0.381339,0.204644,0.000058,0.413608,0.000234
AAACGAGACGGTTGAT-1,0.00005,0.00005,0.011718,0.035993,0.00005,0.586715,0.365423
AAACGCCCGAGATCGG-1,0.00008,0.00008,0.040259,0.325092,0.00008,0.63409,0.000319
AAACGTGTTCGCCCTA-1,0.044827,0.000054,0.309095,0.268722,0.000054,0.377032,0.000216
AAACTAACGTGGCGAC-1,0.000095,0.000095,0.409442,0.155562,0.000095,0.434254,0.000457
AAACTCGTGATATAAG-1,0.000059,0.000059,0.235501,0.035327,0.000059,0.549043,0.179953
AAACTGCTGGCTCCAA-1,0.000015,0.000015,0.000015,0.000015,0.000015,0.641283,0.358644
AAACTTAATTGCACGC-1,0.044539,0.002114,0.002114,0.002114,0.002114,0.483209,0.463794
AAACTTGCAAACGTAT-1,0.00004,0.00004,0.045195,0.213628,0.00004,0.604747,0.13631
AAAGACATGAAGTTTA-1,0.000048,0.000048,0.121548,0.000435,0.000048,0.716494,0.161379
AAAGACTGGGCGCTTT-1,0.000026,0.000026,0.039269,0.034938,0.000026,0.618035,0.307678
AAAGCTTGCCTACATA-1,0.00005,0.00005,0.0906,0.461788,0.00005,0.37533,0.072133
AAAGGCCCTATAATAC-1,0.001748,0.001748,0.21375,0.137681,0.001748,0.003497,0.639826
AAAGGCTACGGACCAT-1,0.000026,0.000026,0.000026,0.040751,0.000026,0.939901,0.019243
AAAGGCTCTCGCGCCG-1,0.000358,0.000358,0.000358,0.211662,0.000358,0.785475,0.001432
AAAGGGCAGCTTGAAT-1,0.000082,0.000082,0.000082,0.023437,0.000082,0.46079,0.515444
AAAGGTAAGCTGTACC-1,0.119601,0.00002,0.78517,0.010026,0.00002,0.08474,0.000423
AAAGGTCAACGACATG-1,0.000075,0.000075,0.189896,0.082393,0.000075,0.590749,0.136737
AAAGTAGCATTGCTCA-1,0.000015,0.000015,0.000015,0.000074,0.000015,0.226374,0.773493
AAAGTCACTGATGTAA-1,0.000147,0.000147,0.052647,0.157563,0.000147,0.788763,0.000587
AAAGTCGACCCTCAGT-1,0.000162,0.000162,0.000162,0.048379,0.000162,0.932079,0.018893
AAAGTGTGATTTATCT-1,0.000025,0.000025,0.065845,0.0095,0.000025,0.194638,0.729941
AAAGTTGACTCCCGTA-1,0.000041,0.000041,0.000041,0.999589,0.000041,0.000082,0.000164
AAATAACCATACGGGA-1,0.000055,0.000055,0.00498,0.042758,0.000055,0.840724,0.111375
AAATAAGGTAGTGCCC-1,0.000074,0.000074,0.099187,0.22962,0.000074,0.647569,0.023403
AAATACCTATAAGCAT-1,0.012051,0.000016,0.008824,0.00462,0.000016,0.516673,0.457799
AAATAGCTTAGACTTT-1,0.000166,0.000166,0.000166,0.387618,0.000166,0.314837,0.296883
AAATCACTCCTAAACG-1,0.000035,0.000035,0.584392,0.065471,0.000035,0.349894,0.000138
AAATCGCGGAAGGAGT-1,0.000011,0.000011,0.009062,0.000011,0.000011,0.000683,0.990212
AAATCGTGTACCACAA-1,0.000063,0.000063,0.069836,0.000063,0.000063,0.664371,0.26554
AAATGATTCGATCAGC-1,0.015077,0.000051,0.231674,0.273199,0.000051,0.410722,0.069226
AAATGCTCGTTACGTT-1,0.000067,0.000067,0.000067,0.000067,0.000067,0.999394,0.000269
AAATGGCATGTCTTGT-1,0.00005,0.00005,0.025124,0.021233,0.00005,0.558188,0.395304
AAATGGCCCGTGCCCT-1,0.000178,0.000178,0.000178,0.132394,0.000178,0.748246,0.118648
AAATGGTCAATGTGCC-1,0.000103,0.000103,0.222453,0.000103,0.000103,0.77672,0.000413
AAATTAACGGGTAGCT-1,0.000093,0.000093,0.048215,0.000093,0.000093,0.951042,0.000371
AAATTACACGACTCTG-1,0.000051,0.000051,0.106691,0.077415,0.000051,0.673082,0.142661
AAATTACCTATCGATG-1,0.000027,0.000027,0.064003,0.000027,0.000027,0.56604,0.369851
AAATTCCAGGTCCAAA-1,0.000008,0.000008,0.000008,0.000008,0.000008,0.003926,0.996032
AAATTGATAGTCCTTT-1,0.000038,0.000038,0.005449,0.000038,0.000038,0.680834,0.313566
AAATTGGTGAGAAGCA-1,0.05086,0.000047,0.354281,0.239555,0.000047,0.355025,0.000186
AAATTTACCGAAATCC-1,0.000048,0.000048,0.107221,0.000048,0.000048,0.789326,0.103261
AAATTTGCGGGTGTGG-1,0.000023,0.000023,0.000023,0.795975,0.000023,0.087982,0.115953
AACAACTGGTAGTTGC-1,0.000129,0.000129,0.134762,0.000129,0.000129,0.791166,0.073556
AACAATACATTGTCGA-1,0.000029,0.000029,0.000354,0.192214,0.000029,0.378305,0.42904
AACAATTACTCTACGC-1,0.000009,0.000009,0.000009,0.000009,0.000009,0.052888,0.947069
AACACGAGACGCGGCC-1,0.000023,0.000023,0.000023,0.023823,0.000023,0.358863,0.617223
AACAGCTGTGTGGCAA-1,0.000008,0.000008,0.000008,0.000008,0.000008,0.11622,0.883741
AACAGGAAATCGAATA-1,0.000057,0.000057,0.017622,0.083054,0.000057,0.504519,0.394634
AACAGGATGGGCCGCG-1,0.000018,0.000018,0.000018,0.000018,0.000018,0.781508,0.2184
AACATATCAACTGGTG-1,0.00004,0.00004,0.199555,0.048368,0.00004,0.592213,0.159744
AACATCGATACGTCTA-1,0.133991,0.00002,0.740748,0.010287,0.00002,0.060405,0.054528
AACATTGAAGTTGATC-1,0.000037,0.000037,0.010711,0.140736,0.000037,0.557091,0.291351
AACATTGTGACTCGAG-1,0.000067,0.000067,0.01637,0.117026,0.000067,0.693385,0.173019
AACCAAGACTTCTCTG-1,0.000006,0.000006,0.000006,0.000006,0.000006,0.071824,0.928147
AACCAGTATCACTCTT-1,0.000057,0.000057,0.01502,0.000057,0.000057,0.728757,0.255997
AACCATAGGGTTGAAC-1,0.000669,0.000669,0.000669,0.000669,0.000668,0.001337,0.99532
AACCATGGGATCGCTA-1,0.000139,0.000139,0.091864,0.169487,0.000139,0.367812,0.370421
AACCCAGAGACGGAGA-1,0.000036,0.000036,0.043248,0.000036,0.000036,0.519353,0.437256
AACCCATCCCATGATC-1,0.000047,0.000047,0.000047,0.000047,0.000047,0.865652,0.134115
AACCCGATAGGGCTTC-1,0.000098,0.000098,0.289273,0.264286,0.000098,0.441629,0.004519
AACCCTACTGTCAATA-1,0.000051,0.000051,0.091103,0.199383,0.000051,0.429416,0.279945
AACCCTGGTGGAACCA-1,0.000049,0.000049,0.000049,0.000049,0.000049,0.684697,0.315056
AACCGAGCTTGGTCAT-1,0.000024,0.000024,0.000024,0.024454,0.000024,0.651898,0.323554
AACCGCTAAGGGATGC-1,0.000038,0.000038,0.000038,0.633893,0.000038,0.365803,0.000152
AACCTAAAGCCGTCCG-1,0.000097,0.000097,0.038444,0.112144,0.000097,0.810253,0.038867
AACCTGTCACGGAATT-1,0.000087,0.000087,0.079888,0.185515,0.000087,0.566942,0.167394
AACCTTTACGACGTCT-1,0.00007,0.00007,0.104241,0.00007,0.00007,0.845244,0.050234
AACGAAAGTCGTCCCA-1,0.000029,0.000029,0.02191,0.030655,0.000029,0.838473,0.108874
AACGATAGAAGGGCCG-1,0.000041,0.000041,0.058117,0.191311,0.000041,0.723797,0.026651
AACGATATGTCAACTG-1,0.000006,0.000006,0.000006,0.000006,0.000006,0.111976,0.887995
AACGCATGATCTGGGT-1,0.000073,0.000073,0.202286,0.037947,0.000073,0.430029,0.32952
AACGGACGTACGTATA-1,0.000136,0.000136,0.000136,0.027583,0.000136,0.176961,0.794911
AACGGCCATCTCCGGT-1,0.000008,0.000008,0.002323,0.341015,0.000008,0.085956,0.570682
AACGTACTGTGGGTAC-1,0.000157,0.000157,0.000157,0.243246,0.000157,0.723593,0.032534
AACGTCAGACTAGTGG-1,0.000071,0.000071,0.030661,0.039731,0.000071,0.929111,0.000284
AACGTGATGAAGGACA-1,0.000037,0.000037,0.000037,0.003403,0.000037,0.820771,0.175677
AACGTGCGAAAGTCTC-1,0.00191,0.000014,0.00106,0.000014,0.000014,0.534632,0.462356
AACGTTATCAGCACCT-1,0.000294,0.000294,0.262731,0.408133,0.000294,0.000588,0.327664
AACTACCCGTTTGTCA-1,0.000079,0.000079,0.000079,0.322351,0.000079,0.677017,0.000316
AACTAGGCTTGGGTGT-1,0.000631,0.000631,0.000631,0.434655,0.000631,0.560294,0.002526
AACTCAAGTTAATTGC-1,0.000022,0.000022,0.032455,0.000183,0.000022,0.341325,0.625971
AACTCCTAATCCCATG-1,0.00006,0.000059,0.062103,0.051421,0.00006,0.861536,0.024761
AACTCTCAATAGAGCG-1,0.000073,0.000073,0.114909,0.252878,0.000073,0.589069,0.042925
AACTCTCAGTGTGCTC-1,0.000127,0.000127,0.109839,0.119763,0.000127,0.410642,0.359376
AACTGAGGTCAGCGTC-1,0.000132,0.000132,0.505145,0.090973,0.000132,0.402961,0.000526
AACTGGGTCCCGACGT-1,0.000068,0.000068,0.102106,0.06747,0.000068,0.395184,0.435035
AACTGGGTTCGAGCCG-1,0.00004,0.00004,0.073107,0.015583,0.00004,0.425219,0.485971
AACTTCTGCGTCTATC-1,0.000046,0.000046,0.070672,0.117021,0.000046,0.693041,0.119129
AACTTGCCCGTATGCA-1,0.006619,0.000019,0.024218,0.010834,0.000019,0.563799,0.394491
AACTTTACGGGAGCTT-1,0.000093,0.000093,0.071813,0.080052,0.000093,0.456053,0.391804
AACTTTCTCGATCATG-1,0.169917,0.000032,0.583366,0.094284,0.000032,0.126482,0.025887
AAGAAATCACCAGATT-1,0.00012,0.00012,0.337097,0.28032,0.00012,0.324548,0.057675
AAGACCAAATAACTCA-1,0.000026,0.000026,0.002249,0.082931,0.000026,0.903698,0.011042
AAGACCCAACTGAACA-1,0.000212,0.000212,0.075725,0.157395,0.000212,0.747626,0.018616
AAGACTCACGCCCACT-1,0.000069,0.000069,0.088113,0.020763,0.000069,0.703408,0.187509
AAGACTGCAAGCTACT-1,0.000054,0.000054,0.040444,0.000054,0.000054,0.603428,0.355913
AAGAGATGAATCGGTA-1,0.000035,0.000035,0.009353,0.000035,0.000035,0.543582,0.446924
AAGAGCTCTTTATCGG-1,0.000016,0.000016,0.000016,0.015614,0.000016,0.134637,0.849687
AAGAGGATGTACGCGA-1,0.000006,0.000006,0.000006,0.001509,0.000006,0.134816,0.86365
AAGAGGCATGGATCGC-1,0.000043,0.000043,0.088668,0.14882,0.000043,0.458097,0.304286
AAGATGGCACCGGACC-1,0.000049,0.000049,0.030341,0.058658,0.000049,0.675916,0.234938
AAGATTGGCGGAACGT-1,0.000023,0.000023,0.058424,0.005501,0.000023,0.479213,0.456794
AAGCATACTCTCCTGA-1,0.00004,0.00004,0.019335,0.175275,0.00004,0.00008,0.805191
AAGCCGCCGTGAAATC-1,0.000156,0.000156,0.077243,0.038993,0.000156,0.238463,0.644831
AAGCCGCTTTACCTTG-1,0.000163,0.000163,0.199492,0.33127,0.000163,0.370381,0.09837
AAGCGGAGTGCGCGCA-1,0.074648,0.000158,0.364451,0.072963,0.000158,0.443475,0.044149
AAGCGGCGTCATGGGT-1,0.000064,0.000064,0.167542,0.000064,0.000064,0.825965,0.006236
AAGCGTCCCTCATCGA-1,0.000138,0.000138,0.000138,0.143068,0.000138,0.717166,0.139213
AAGCTAGATCGAGTAA-1,0.000034,0.000034,0.000034,0.119531,0.000034,0.880199,0.000135
AAGCTCGTGCCAAGTC-1,0.000088,0.000088,0.000088,0.000088,0.000088,0.852496,0.147063
AAGGAGCGGTTGGTGC-1,0.000058,0.000058,0.382988,0.134981,0.000058,0.415767,0.066091
AAGGATGAGGGACCTC-1,0.000034,0.000034,0.088439,0.000034,0.000034,0.688482,0.222943
AAGGCAGGCTGTCTCC-1,0.000082,0.000082,0.000082,0.778785,0.000082,0.181249,0.039638
AAGGCGCGTAAAGCTT-1,0.000226,0.000226,0.000226,0.000226,0.000226,0.910557,0.088312
AAGGCTGTGCTCATCG-1,0.000088,0.000088,0.141498,0.149521,0.000088,0.43682,0.271897
AAGGGAACGACTGGCT-1,0.000072,0.000072,0.000072,0.082851,0.000072,0.67777,0.239093
AAGGGACAGATTCTGT-1,0.000016,0.000016,0.030958,0.000016,0.000016,0.100882,0.868094
AAGGGACTATGCATTC-1,0.000052,0.000052,0.040844,0.102065,0.000052,0.714555,0.14238
AAGGTATCCTAATATA-1,0.000008,0.000008,0.00041,0.000008,0.000008,0.14948,0.850078
AAGGTGATAAACCAGC-1,0.000049,0.000049,0.062051,0.001019,0.000049,0.742849,0.193933
AAGTAGAAGACCGGGT-1,0.000069,0.000069,0.310916,0.011458,0.000069,0.511798,0.16562
AAGTAGTGACGCGAGG-1,0.000012,0.000012,0.002494,0.000012,0.000012,0.517283,0.480177
AAGTCAATTGTCGTCA-1,0.000027,0.000027,0.031921,0.314624,0.000027,0.327984,0.325391
AAGTCTAGTAGCTGCC-1,0.044041,0.000062,0.402046,0.179839,0.000062,0.268263,0.105686
AAGTGACGACCGAATT-1,0.000019,0.000019,0.000019,0.004628,0.000019,0.509357,0.485938
AAGTGAGTCGGGTTTA-1,0.000161,0.000161,0.000161,0.000161,0.000161,0.998552,0.000644
AAGTGCAAAGGTAGAC-1,0.000491,0.000491,0.000491,0.227167,0.000491,0.757931,0.012936
AAGTGCGTTAGAATCT-1,0.009124,0.000024,0.012567,0.000024,0.000024,0.675071,0.303165
AAGTTCAGTCTGCGTA-1,0.000076,0.000076,0.292493,0.048471,0.000076,0.616218,0.042592
AAGTTCGGCCAACAGG-1,0.000018,0.000018,0.049811,0.214142,0.000018,0.494476,0.241515
AATAACAACGCTCGGC-1,0.000003,0.000003,0.000003,0.000003,0.000003,0.000007,0.999977
AATAACACTAGAACAA-1,0.000082,0.000082,0.000082,0.07953,0.000082,0.505113,0.41503
AATAAGTCCTCGAGAC-1,0.000185,0.000185,0.048993,0.033719,0.000185,0.00037,0.916362
AATACAATGTTTCAGG-1,0.000052,0.000052,0.025043,0.000052,0.000052,0.877988,0.09676
AATAGAACAGAGTGGC-1,0.000123,0.000123,0.198169,0.183204,0.000123,0.501365,0.116894
AATAGAATCTGTTTCA-1,0.000051,0.000051,0.000051,0.000051,0.000051,0.848576,0.151169
AATAGCAAGCCTCCTG-1,0.000091,0.000091,0.237721,0.247073,0.000091,0.340785,0.174148
AATAGCTACCGCGTGC-1,0.087749,0.000026,0.726381,0.020579,0.000026,0.165132,0.000106
AATAGTCCGTCCCGAC-1,0.00009,0.00009,0.00009,0.186071,0.00009,0.299149,0.514419
AATAGTCGCGAGTCGG-1,0.000043,0.000043,0.004985,0.271435,0.000043,0.064292,0.65916
AATATCGAGGGTTCTC-1,0.000032,0.000032,0.12349,0.026471,0.000032,0.267087,0.582857
AATATTGGAGTATTGA-1,0.000009,0.000009,0.000009,0.000009,0.000009,0.068705,0.931251
AATCCAAGGGCCTGAG-1,0.000048,0.000048,0.032063,0.273427,0.000048,0.607267,0.087099
AATCGCCTCAGCGCCA-1,0.000012,0.000012,0.000012,0.000012,0.000012,0.142863,0.857077
AATCGCGCAGAGGACT-1,0.000038,0.000038,0.000038,0.999615,0.000038,0.000077,0.000154
AATCTAGGTTTACTTG-1,0.000033,0.000033,0.000033,0.000033,0.000033,0.233553,0.766284
AATCTATGCCGGAGCC-1,0.000059,0.000059,0.080435,0.031536,0.000059,0.748193,0.139659
AATCTCTACTGTGGTT-1,0.000072,0.000072,0.032591,0.094459,0.000072,0.669106,0.20363
AATCTGCGTTGGGACG-1,0.000017,0.000017,0.077266,0.010222,0.000017,0.43722,0.47524
AATCTGGCTTTCTAGT-1,0.000133,0.000133,0.000133,0.002667,0.000133,0.826228,0.170572
AATCTGGGTAGACCCT-1,0.000064,0.000064,0.08139,0.000064,0.000064,0.741057,0.177296
AATGACAGCAATGTCT-1,0.000052,0.000052,0.000052,0.040962,0.000052,0.045807,0.913021
AATGACGTAGGATGTC-1,0.000044,0.000044,0.09456,0.00081,0.000044,0.470539,0.433959
AATGACTGTCAGCCGG-1,0.000061,0.000061,0.294343,0.050119,0.000061,0.644247,0.011106
AATGAGTTCGCATATG-1,0.00059,0.00059,0.11577,0.0737,0.00059,0.806398,0.002362
AATGATGATACGCTAT-1,0.000039,0.000039,0.109237,0.006233,0.000039,0.742362,0.14205
AATGATGCGACTCCTG-1,0.000021,0.000021,0.074476,0.028781,0.000021,0.000634,0.896045
AATGCAACCGGGTACC-1,0.021353,0.00003,0.399798,0.15904,0.00003,0.30623,0.11352
AATGCACCAAGCAATG-1,0.000039,0.000039,0.160606,0.157363,0.000039,0.678363,0.003551
AATGGCCGCCAATGCG-1,0.000088,0.000088,0.275378,0.396996,0.000088,0.309329,0.018032
AATGGTCCACCGTTCA-1,0.000012,0.000012,0.000018,0.035301,0.000012,0.001258,0.963385
AATGGTTCTCACAAGC-1,0.00003,0.00003,0.00003,0.00003,0.00003,0.999726,0.000122
AATGTATGGCACTGTA-1,0.007577,0.007576,0.007576,0.007576,0.007576,0.015154,0.946964
AATGTGCCCGAGGTGT-1,0.00005,0.00005,0.027405,0.067758,0.00005,0.633468,0.27122
AATGTGCTAATCTGAG-1,0.000052,0.000052,0.014835,0.064387,0.000052,0.666479,0.254143
AATTAAAGGTCGGCGT-1,0.000187,0.000187,0.000187,0.000187,0.000187,0.99832,0.000747
AATTACGAGACCCATC-1,0.000071,0.000071,0.000071,0.109991,0.000071,0.422612,0.467111
AATTCATAAGGGATCT-1,0.000038,0.000038,0.17317,0.029496,0.000038,0.676047,0.121173
AATTCATTGTCATGCA-1,0.081139,0.001337,0.001337,0.203198,0.001337,0.352359,0.359293
AATTGAACGCTCTGGT-1,0.000049,0.000049,0.11356,0.000049,0.000049,0.609592,0.276651
AATTGCGTGGATTACA-1,0.010101,0.010101,0.010102,0.010102,0.010102,0.020205,0.929286
AATTTGGGACATAGTA-1,0.000072,0.000072,0.115304,0.000072,0.000072,0.796702,0.087707
ACAAACCATGCGTCCT-1,0.000022,0.000022,0.061875,0.09007,0.000022,0.301102,0.546887
ACAAAGAAGGTAGGCC-1,0.000321,0.000321,0.000321,0.093525,0.000321,0.613808,0.291381
ACAAATCGCACCGAAT-1,0.00002,0.00002,0.005352,0.043598,0.00002,0.421161,0.52983
ACAAATGGTAGTGTTT-1,0.000048,0.000048,0.107205,0.000048,0.000048,0.649339,0.243266
ACAAATTCAGATCTGA-1,0.00005,0.00005,0.296251,0.00005,0.00005,0.584409,0.119141
ACAACAGCATGAGCTA-1,0.00005,0.00005,0.078482,0.009344,0.00005,0.821994,0.09003
ACAACGGTCCCTGCGA-1,0.000032,0.000032,0.032679,0.000032,0.000032,0.967067,0.000127
ACAAGCAGTGCCTAGC-1,0.000013,0.000013,0.000013,0.004507,0.000013,0.303286,0.692154
ACAAGGAAATCCGCCC-1,0.005484,0.000027,0.012843,0.017044,0.000027,0.197745,0.766831
ACAAGGACAAGAGGTT-1,0.000037,0.000037,0.000037,0.011236,0.000037,0.836795,0.15182
ACAAGGCCTACCAGCC-1,0.000097,0.000097,0.087696,0.203927,0.000097,0.707696,0.000389
ACAAGGGCAGGCTCTG-1,0.000034,0.000034,0.000034,0.080107,0.000034,0.600704,0.319051
ACAATAGTCGTACGTT-1,0.00003,0.00003,0.004231,0.00003,0.00003,0.112062,0.883588
ACAATCCATTTAAACC-1,0.000009,0.000009,0.000406,0.000009,0.000009,0.319925,0.679631
ACAATGAATACGGAGA-1,0.000035,0.000035,0.000035,0.024331,0.000035,0.343834,0.631694
ACAATGATTCTTCTAC-1,0.000068,0.000068,0.303899,0.456002,0.000068,0.239621,0.000273
ACAATTTAGGAGGCTC-1,0.021392,0.000106,0.299297,0.102735,0.000106,0.000212,0.576152
ACAATTTGAGCAGTGG-1,0.000041,0.000041,0.037175,0.055287,0.000041,0.694948,0.212469
ACAATTTGGCCATATT-1,0.000064,0.000064,0.092016,0.273806,0.000064,0.347663,0.286322
ACACAAAGACGGGTGG-1,0.000272,0.000023,0.792683,0.082717,0.000023,0.124193,0.00009
ACACAAATATTCCTAG-1,0.056692,0.000096,0.288545,0.184705,0.000096,0.408072,0.061795
ACACACCAGGACCAGT-1,0.000056,0.000056,0.056513,0.111429,0.000056,0.594854,0.237037
ACACATGATCAAATCT-1,0.000025,0.000025,0.008243,0.396551,0.000025,0.010841,0.584291
ACACCACATAATTAGC-1,0.000053,0.000053,0.071356,0.302098,0.000053,0.462555,0.163831
ACACCCAGCATGCAGC-1,0.000039,0.000039,0.663431,0.03419,0.000039,0.302103,0.000158
ACACCCGAGAAATCCG-1,0.000029,0.000029,0.034974,0.000029,0.000029,0.398931,0.565981
ACACCCGTAAATCTGT-1,0.180639,0.000017,0.655022,0.047981,0.000017,0.112962,0.003363
ACACCGGTCTGACCGC-1,0.000074,0.000074,0.000074,0.098728,0.000074,0.097921,0.803054
ACACCTTAAGTAGGGC-1,0.000095,0.000095,0.114941,0.015896,0.000095,0.8685,0.000379
ACACCTTACTACTTGC-1,0.000146,0.000146,0.038351,0.397306,0.000146,0.479582,0.084322
ACACGAGACTCCTTCT-1,0.000041,0.000041,0.081058,0.014241,0.000041,0.747745,0.156832
ACACGGCACTATGCAT-1,0.000088,0.000088,0.000088,0.021732,0.000088,0.886764,0.091153
ACACGGGAACTTAGGG-1,0.000023,0.000023,0.010638,0.000023,0.000023,0.229108,0.760163
ACACTCCAATGTCACT-1,0.00011,0.00011,0.085912,0.09248,0.00011,0.820136,0.001143
ACACTGATCAAGGTGT-1,0.00039,0.00039,0.00039,0.548343,0.00039,0.448535,0.001561
ACAGAACTGAGAACAA-1,0.000012,0.000012,0.06692,0.001851,0.000012,0.161419,0.769772
ACAGCATAGAGCCAGT-1,0.000083,0.000083,0.059781,0.092549,0.000083,0.828178,0.019244
ACAGCGCACCCGCAGC-1,0.000018,0.000018,0.041706,0.011685,0.000018,0.143345,0.803212
ACAGGTGGAGGTGAGG-1,0.0001,0.0001,0.0001,0.300043,0.0001,0.664475,0.035082
ACAGTAATACAACTTG-1,0.003449,0.000021,0.00252,0.056892,0.000021,0.409065,0.528032
ACAGTATACCGTGGGA-1,0.040495,0.000042,0.215161,0.385363,0.000042,0.269233,0.089663
ACAGTGCAGCGCATTT-1,0.000067,0.000067,0.225505,0.118806,0.000067,0.510227,0.14526
ACATAAGTCGTGGTGA-1,0.000024,0.000024,0.000024,0.113812,0.000024,0.725835,0.160259
ACATCAGCTGGGACGC-1,0.000479,0.000479,0.169536,0.176151,0.000479,0.368146,0.284731
ACATCCCGGCCATACG-1,0.000455,0.000455,0.000455,0.686254,0.000455,0.228892,0.083035
ACATCCTGGTAACTGT-1,0.000014,0.000014,0.038197,0.032071,0.000014,0.000028,0.929663
ACATCGATCGTTTACC-1,0.00013,0.00013,0.08454,0.054251,0.00013,0.712286,0.148531
ACATCGGTCAGCCGCG-1,0.000015,0.000015,0.07124,0.020014,0.000015,0.267922,0.640778
ACATCGTATGCAATGG-1,0.000019,0.000019,0.071236,0.000019,0.000019,0.375208,0.553479
ACATCGTTAACCTAGT-1,0.000037,0.000037,0.005574,0.000037,0.000037,0.691991,0.302288
ACATCTCAACGCGTAA-1,0.000039,0.000039,0.000039,0.000039,0.000039,0.674648,0.325156
ACATGGCGCCAAAGTA-1,0.000132,0.000132,0.000132,0.185206,0.000132,0.531668,0.282599
ACATTAGTTTATATCC-1,0.000292,0.000292,0.000292,0.360389,0.000292,0.637272,0.001169
ACCAAACACCCAGCGA-1,0.301267,0.000011,0.645264,0.010001,0.000011,0.00765,0.035797
ACCAACACCACACACT-1,0.000038,0.000038,0.502476,0.09044,0.000038,0.349496,0.057473
ACCAACGCTTATTTAT-1,0.001595,0.001595,0.001595,0.001595,0.001595,0.985644,0.00638
ACCAAGAACGCGTGTC-1,0.000073,0.000073,0.205916,0.086716,0.000073,0.706857,0.000292
ACCACAACTCAGAACA-1,0.000026,0.000026,0.053997,0.000026,0.000026,0.549008,0.396891
ACCACAAGTTTCTATC-1,0.000058,0.000058,0.307909,0.000058,0.000058,0.69163,0.00023
ACCACCCTCTCTTCTA-1,0.000062,0.000062,0.216671,0.178415,0.000062,0.372262,0.232466
ACCACGTGCAGCTATA-1,0.000026,0.000026,0.075819,0.000026,0.000026,0.014309,0.909767
ACCAGCCCGGTCTTTG-1,0.00101,0.00101,0.00101,0.00101,0.00101,0.541007,0.453942
ACCAGTGCCCGGTCAA-1,0.000052,0.000052,0.501009,0.054367,0.000052,0.421228,0.023241
ACCAGTGCGGGAGACG-1,0.000017,0.000017,0.000017,0.000017,0.000017,0.999844,0.00007
ACCATATCCGCAATAA-1,0.000042,0.000042,0.022601,0.000042,0.000042,0.908288,0.068943
ACCATCCGCCAACTAG-1,0.000034,0.000034,0.000034,0.023184,0.000034,0.422752,0.553927
ACCATCGTATATGGTA-1,0.000026,0.000026,0.031812,0.000026,0.000026,0.421404,0.546679
ACCCAACGCCCGTGGC-1,0.001667,0.000019,0.079642,0.080388,0.000019,0.365837,0.472427
ACCCACCTACATGCTC-1,0.000029,0.000029,0.000029,0.031687,0.000029,0.63384,0.334356
ACCCATCTTGAGGGTA-1,0.000025,0.000025,0.000025,0.000025,0.000025,0.632861,0.367012
ACCCGAGCGAAATTAC-1,0.003632,0.000028,0.094458,0.016566,0.000028,0.470101,0.415187
ACCCGGATGACGCATC-1,0.000208,0.000038,0.088895,0.877116,0.000038,0.03355,0.000154
ACCCGGTTACACTTCC-1,0.000045,0.000045,0.055138,0.041622,0.000045,0.816848,0.086257
ACCCGTGTCATCAGTA-1,0.000095,0.000095,0.000095,0.060295,0.000095,0.466021,0.473304
ACCCTATGCCATATCG-1,0.000255,0.000255,0.000255,0.079122,0.000255,0.878692,0.041168
ACCCTCCCTTGCTATT-1,0.000045,0.000045,0.100455,0.000045,0.000045,0.437242,0.462123
ACCCTGGTAACGCCCT-1,0.000038,0.000038,0.48313,0.00127,0.000038,0.454653,0.060832
ACCCTTGCCTGGGTCG-1,0.114564,0.000206,0.128592,0.148801,0.000206,0.606809,0.000823
ACCCTTTAGTTCTCCA-1,0.00004,0.00004,0.009754,0.00004,0.00004,0.881759,0.108326
ACCGAAGAGTCTGGTT-1,0.00938,0.000011,0.032748,0.00836,0.000011,0.106699,0.842792
ACCGACTGAGTCCCAC-1,0.011761,0.000041,0.000041,0.015216,0.000041,0.849844,0.123057
ACCGATGGTAGCATCG-1,0.000088,0.000088,0.000088,0.478423,0.000088,0.435556,0.085669
ACCGCAATAACTGCCT-1,0.000144,0.000144,0.000144,0.061025,0.000144,0.111526,0.826873
ACCGGGCCTTTGTTGA-1,0.000049,0.000049,0.110303,0.236842,0.000049,0.519483,0.133225
ACCGGTCAGGTACACC-1,0.000021,0.000021,0.009006,0.053405,0.000021,0.469107,0.468418
ACCGGTCTGAGTACGG-1,0.000073,0.000073,0.012421,0.070775,0.000073,0.619157,0.297429
ACCGTCCACTGGGCCC-1,0.000129,0.000129,0.000129,0.074787,0.000129,0.895241,0.029457
ACCGTGACCACGTGGG-1,0.000039,0.000039,0.06612,0.022212,0.000039,0.481601,0.429951
ACCTAAGTACCTTTCA-1,0.000019,0.000019,0.003375,0.093221,0.000019,0.128702,0.774645
ACCTAATCGACTTCCT-1,0.000013,0.000013,0.000013,0.000013,0.000013,0.416498,0.583436
ACCTACAGTATGTGGT-1,0.000172,0.000172,0.000172,0.479119,0.000172,0.443426,0.076769
ACCTCCGTTATTCACC-1,0.00007,0.00007,0.016948,0.157946,0.00007,0.452275,0.372622
ACCTCGAACTTATGCT-1,0.000024,0.000024,0.045469,0.119472,0.000024,0.526301,0.308684
ACCTGCGTGTCATGTT-1,0.000039,0.000039,0.006975,0.119065,0.000039,0.53903,0.334813
ACGAAATGGGCGGCAC-1,0.006108,0.000017,0.011442,0.000017,0.000017,0.480857,0.501543
ACGACTGGTCATACTC-1,0.00005,0.00005,0.029742,0.068251,0.00005,0.706277,0.195578
ACGAGATATTTGCTTA-1,0.000026,0.000026,0.004181,0.000026,0.000026,0.45737,0.538346
ACGAGGATACCACTCT-1,0.000141,0.000141,0.000141,0.018426,0.000141,0.98045,0.000562
ACGAGGTTTACAACGT-1,0.000021,0.000021,0.017265,0.004439,0.000021,0.646704,0.331529
ACGAGTACGGATGCCC-1,0.000051,0.000051,0.262896,0.01925,0.000051,0.682246,0.035456
ACGATACATAGAACTA-1,0.00001,0.00001,0.02881,0.020899,0.00001,0.108673,0.841589
ACGATCATCTTGTAAA-1,0.000141,0.000141,0.000141,0.390852,0.000141,0.516067,0.092515
ACGATGCATATGTTAT-1,0.000037,0.000037,0.039018,0.000037,0.000037,0.705866,0.254969
ACGATGGATCCGATGC-1,0.000198,0.000198,0.000198,0.097574,0.000198,0.662219,0.239414
ACGCAAACTAATAGAT-1,0.000276,0.000276,0.000276,0.002434,0.000276,0.802789,0.193675
ACGCAATCACTACAGC-1,0.000061,0.000061,0.09634,0.029174,0.000061,0.416315,0.457987
ACGCATAAATGACATG-1,0.000107,0.000107,0.170714,0.153158,0.000107,0.651157,0.02465
ACGCATTCGTGAGTAC-1,0.000058,0.000058,0.349924,0.139709,0.000058,0.359207,0.150986
ACGCCAGATGATTTCT-1,0.000016,0.000016,0.000016,0.000016,0.000016,0.102086,0.897835
ACGCCCAGCTGTCGAT-1,0.000444,0.000443,0.000444,0.000444,0.000443,0.996008,0.001774
ACGCCGCTAGACGACC-1,0.000035,0.000035,0.01496,0.017843,0.000035,0.758692,0.2084
ACGCGAAGTCAGACGA-1,0.00013,0.00013,0.00013,0.237543,0.00013,0.761415,0.000521
ACGCGCTACACAGGGT-1,0.000004,0.000004,0.000004,0.000004,0.000004,0.002116,0.997863
ACGCGGGCCAAGGACA-1,0.000275,0.000275,0.269834,0.057607,0.000275,0.39801,0.273725
ACGCTAGTATCAGTGC-1,0.000046,0.000046,0.616456,0.100344,0.000046,0.282877,0.000185
ACGCTAGTGATACACT-1,0.000056,0.000056,0.134417,0.02106,0.000056,0.694686,0.14967
ACGCTGTGAGGCGTAG-1,0.000028,0.000028,0.000028,0.019272,0.000028,0.659933,0.320684
ACGCTTAGTGTCTCTC-1,0.000045,0.000045,0.000045,0.013177,0.000045,0.798616,0.188028
ACGGAATTTAGCAAAT-1,0.00009,0.00009,0.020945,0.00009,0.00009,0.978338,0.000358
ACGGAGCGCAAATTAC-1,0.023209,0.000034,0.363484,0.110626,0.000034,0.358851,0.143763
ACGGCACTTGCTTGGG-1,0.007576,0.007576,0.007576,0.924234,0.007576,0.015154,0.030308
ACGGCCAACATGGACT-1,0.001337,0.001337,0.001337,0.446827,0.001337,0.482092,0.065733
ACGGCGACGATGGGAA-1,0.000067,0.000067,0.024274,0.000067,0.000067,0.485078,0.490381
ACGGCTGGATGTAGAA-1,0.000205,0.000205,0.000205,0.503076,0.000205,0.302559,0.193546
ACGGGAGTGTCGGCCC-1,0.000025,0.000025,0.061698,0.004004,0.000025,0.519709,0.414515
ACGGGCGTATGCGACA-1,0.000087,0.000087,0.273303,0.15478,0.000087,0.457951,0.113704
ACGTAGATTGCTGATG-1,0.000119,0.000119,0.000119,0.000119,0.000119,0.983808,0.015595
ACGTATTACTCCGATC-1,0.000122,0.000122,0.000122,0.403969,0.000122,0.52544,0.070102
ACGTCTCGTTCCGGGA-1,0.000053,0.000053,0.083025,0.000053,0.000053,0.21245,0.704313
ACGTGACAAAGTAAGT-1,0.000168,0.000168,0.099757,0.067649,0.000168,0.174596,0.657494
ACGTGGTCGAATGTGC-1,0.000086,0.000086,0.021384,0.005558,0.000086,0.791833,0.180968
ACGTTAATGTCGAAGA-1,0.000024,0.000024,0.000024,0.000024,0.000024,0.617996,0.381882
ACGTTAGATTTGCCCG-1,0.000026,0.000026,0.001097,0.010142,0.000026,0.604203,0.384478
ACGTTATTGGTCACTC-1,0.000141,0.000141,0.000141,0.089514,0.000141,0.522103,0.387817
ACGTTCGCAATCAATT-1,0.000067,0.000067,0.05995,0.321392,0.000067,0.562584,0.055874
ACGTTCGTTCAGGAAA-1,0.000092,0.000092,0.041836,0.072863,0.000092,0.839068,0.045958
ACGTTTAGTTGTGATC-1,0.000026,0.000026,0.000026,0.000026,0.000026,0.784552,0.215318
ACTAAGGACGCACACC-1,0.016149,0.000141,0.272464,0.232417,0.000141,0.352673,0.126016
ACTAATACGTCAGGCG-1,0.000063,0.000063,0.381989,0.012205,0.000063,0.605367,0.000251
ACTACATCCCGACAAG-1,0.000029,0.000029,0.070409,0.088237,0.000029,0.642653,0.198613
ACTACCAGCTCTCTGG-1,0.000572,0.000572,0.078497,0.000572,0.000572,0.916928,0.002287
ACTACGCGTTAGAATT-1,0.000046,0.000046,0.05075,0.314036,0.000046,0.550184,0.084892
ACTATATGCTGTGTTC-1,0.000033,0.000033,0.762106,0.007639,0.000033,0.218343,0.011812
ACTATGTCCAGCTGCC-1,0.000039,0.000039,0.000039,0.000039,0.000039,0.397841,0.601962
ACTATTCGTCCGTGGT-1,0.000011,0.000011,0.020309,0.000011,0.000011,0.086657,0.892991
ACTATTTCCGGGCCCA-1,0.00023,0.00023,0.00023,0.07166,0.00023,0.926499,0.000921
ACTCAATAAAGGCACG-1,0.000026,0.000026,0.000026,0.000026,0.000026,0.576687,0.423183
ACTCATGGCAGCCTTC-1,0.000065,0.000065,0.000065,0.119768,0.000065,0.507974,0.372
ACTCCAATATCATCAT-1,0.000027,0.000027,0.000027,0.000027,0.000027,0.171108,0.828758
ACTCCCATTCCTAAAG-1,0.000036,0.000036,0.000036,0.015439,0.000036,0.386879,0.597538
ACTCCCGAATTCGTTT-1,0.000039,0.000039,0.218049,0.000039,0.000039,0.589021,0.192775
ACTCCCGTAGACTAGG-1,0.092992,0.000054,0.553755,0.147141,0.000054,0.176095,0.029909
ACTCCCTAGAATAGTA-1,0.000017,0.000017,0.029494,0.008201,0.000017,0.190462,0.77179
ACTCGATGTATTTCAT-1,0.002598,0.002598,0.002598,0.002598,0.002598,0.659261,0.327751
ACTCGCGATCTGACGC-1,0.000079,0.000079,0.098589,0.483632,0.000079,0.25036,0.167181
ACTCGTAACCCGTCCT-1,0.000136,0.000136,0.000136,0.000136,0.000136,0.738741,0.260578
ACTCGTCAGTAATCCC-1,0.000041,0.000041,0.016624,0.134114,0.000041,0.562322,0.286818
ACTCTCTGACTTAGGT-1,0.000036,0.000036,0.04461,0.000036,0.000036,0.362153,0.593093
ACTCTCTTATACACGA-1,0.000043,0.000043,0.123121,0.000043,0.000043,0.586041,0.290665
ACTCTTCAGCTCCCGC-1,0.00008,0.00008,0.081351,0.248914,0.00008,0.472188,0.197306
ACTCTTGTATAGTAAC-1,0.000053,0.000053,0.000053,0.000053,0.000053,0.945589,0.054147
ACTGAATGGCGAAAGT-1,0.017026,0.000032,0.014227,0.000032,0.000032,0.651823,0.316828
ACTGATTTAGTGATTC-1,0.000028,0.000028,0.021617,0.000028,0.000028,0.539618,0.438654
ACTGCCGTCGTAACTC-1,0.000058,0.000058,0.012344,0.053456,0.000058,0.593519,0.340507
ACTGCGGACACACCGT-1,0.000048,0.000048,0.073833,0.127061,0.000048,0.173865,0.625096
ACTGCTCGGAAGGATG-1,0.000035,0.000035,0.063783,0.000035,0.000035,0.566676,0.369401
ACTGGCGAACCTGCGT-1,0.000154,0.000154,0.30298,0.281517,0.000154,0.414425,0.000615
ACTGTACGATACACAT-1,0.000013,0.000013,0.049896,0.066498,0.000013,0.176386,0.70718
ACTGTAGCACTTTGGA-1,0.000089,0.000089,0.050942,0.000089,0.000089,0.948342,0.000358
ACTGTCCAGGATTATA-1,0.000081,0.000081,0.191438,0.294389,0.000081,0.513607,0.000323
ACTTACCGGGCGCGCA-1,0.000075,0.000075,0.149181,0.114329,0.000075,0.711179,0.025086
ACTTAGTACGACAAGA-1,0.030269,0.000219,0.000219,0.1786,0.000219,0.789601,0.000874
ACTTATACTTACCCGG-1,0.000091,0.000091,0.000091,0.514243,0.000091,0.436307,0.049085
ACTTATTAGGATCGGT-1,0.00007,0.00007,0.027347,0.00007,0.00007,0.912902,0.059471
ACTTATTTATGTGCCA-1,0.000043,0.000043,0.022786,0.077998,0.000043,0.426347,0.47274
ACTTCAGGCTGATCCC-1,0.000319,0.000319,0.053511,0.04372,0.000319,0.407749,0.494063
ACTTCCTGTCGTGCGA-1,0.000065,0.000065,0.406849,0.106295,0.000065,0.486402,0.00026
ACTTCGCCATACGCAC-1,0.000016,0.000016,0.000016,0.001471,0.000016,0.28866,0.709805
ACTTCGCTAGCGAGTG-1,0.001958,0.000031,0.66017,0.095495,0.000031,0.242191,0.000124
ACTTGACTCCCTCTTT-1,0.006827,0.000028,0.000028,0.000028,0.000028,0.314207,0.678853
ACTTGGGACCCGGTGG-1,0.000096,0.000096,0.229448,0.026085,0.000096,0.681941,0.062238
ACTTGTAGTCCCTTCA-1,0.044261,0.000107,0.055994,0.089773,0.000107,0.406391,0.403367
ACTTTACCCTCATGAA-1,0.000089,0.000089,0.126828,0.077049,0.000089,0.674544,0.121311
ACTTTGACTGCATCCT-1,0.000053,0.000053,0.000053,0.000053,0.000053,0.959602,0.040134
ACTTTGGTCGTGCTCC-1,0.000059,0.000059,0.164343,0.157166,0.000059,0.394265,0.284048
AGAACCCAGCGTGACA-1,0.000051,0.000051,0.220431,0.306601,0.000051,0.186173,0.286643
AGAACCCTCAATTGGG-1,0.000238,0.000238,0.000238,0.000238,0.000238,0.404934,0.593876
AGAACGTGGTACATTC-1,0.011288,0.000011,0.000765,0.000011,0.000011,0.160257,0.827657
AGAAGAGCGCCGTTCC-1,0.000223,0.000223,0.000223,0.000223,0.634738,0.000446,0.363925
AGAAGGTACACTTCAC-1,0.000019,0.000019,0.000019,0.000019,0.000019,0.512224,0.487679
AGAAGGTTGCCGAATT-1,0.000018,0.000018,0.036117,0.050156,0.000018,0.281947,0.631726
AGAAGTGATTCGTGAT-1,0.000007,0.000007,0.02007,0.006805,0.000007,0.000015,0.973087
AGAATAAATCTTCAGG-1,0.0128,0.000082,0.128063,0.000083,0.000083,0.000165,0.858724
AGAATGCGGGTTCGGA-1,0.640228,0.000008,0.353092,0.00471,0.000008,0.000015,0.00194
AGAATTATGGATTCGA-1,0.000036,0.000036,0.194705,0.080941,0.000036,0.425811,0.298435
AGAATTGTTTGACATA-1,0.000055,0.000055,0.000055,0.000055,0.000055,0.679233,0.32049
AGACAGCTCAGAATCC-1,0.000425,0.000425,0.000425,0.303967,0.000425,0.00085,0.693484
AGACCAAACCACACCT-1,0.000013,0.000013,0.000013,0.088186,0.000013,0.25626,0.655501
AGACCATGGGATACAA-1,0.000026,0.000026,0.114919,0.001636,0.000026,0.837558,0.04581
AGACCCACCGCTGATC-1,0.000036,0.000036,0.000036,0.002354,0.000036,0.334741,0.662759
AGACCCGCCCTCCTCG-1,0.274911,0.000013,0.682256,0.007094,0.000013,0.001147,0.034567
AGACCGGGAAACCCTG-1,0.000042,0.000042,0.007245,0.000042,0.000042,0.68508,0.307507
AGACGAAGTGCCGGTC-1,0.000063,0.000063,0.000063,0.141261,0.000063,0.619494,0.238994
AGACGACGATGCCGCT-1,0.00003,0.00003,0.00003,0.112226,0.00003,0.512107,0.375547
AGACGGGATTGGTATA-1,0.000039,0.000039,0.020319,0.000039,0.000039,0.581414,0.398112
AGACGGGCCGATTTAA-1,0.00007,0.00007,0.195977,0.199606,0.00007,0.595704,0.008503
AGACTAGCCTTCCAGA-1,0.000067,0.000067,0.171133,0.094264,0.000067,0.623273,0.111129
AGACTGTTACCGGGTC-1,0.000176,0.000176,0.000176,0.000176,0.000176,0.998417,0.000703
AGAGAACCGTCTAGGA-1,0.000025,0.000025,0.066475,0.075159,0.000025,0.323838,0.534453
AGAGAAGGAGTACAAT-1,0.000036,0.000036,0.000036,0.081657,0.000036,0.612378,0.305821
AGAGATCTCTAAAGCG-1,0.000027,0.000027,0.000027,0.015127,0.000027,0.41008,0.574686
AGAGCAGTTATGAGAC-1,0.000033,0.000033,0.002008,0.041064,0.000033,0.692584,0.264247
AGAGCGCTTGTAACGG-1,0.053561,0.000242,0.269828,0.131641,0.000242,0.279851,0.264635
AGAGCGTACAAGCTCG-1,0.000158,0.000158,0.000158,0.000158,0.000158,0.885838,0.113374
AGAGGGACAATTGTCC-1,0.095904,0.000042,0.402215,0.127586,0.000042,0.197994,0.176217
AGAGTATAGTGTTACG-1,0.000098,0.000098,0.126287,0.205429,0.000098,0.664276,0.003715
AGAGTGAACAGACACC-1,0.000058,0.000058,0.401168,0.184489,0.000058,0.375043,0.039127
AGAGTTAGAGACCGAT-1,0.000071,0.000071,0.282333,0.020675,0.000071,0.669429,0.027351
AGAGTTGCAGGCCTCC-1,0.04779,0.000141,0.111362,0.45742,0.000141,0.382583,0.000564
AGATAACTTCAGGGCC-1,0.000116,0.000116,0.000116,0.000116,0.000116,0.989885,0.009534
AGATACCAGCACTTCA-1,0.094391,0.000041,0.259656,0.325948,0.000041,0.268509,0.051413
AGATACCGGTGTTCAC-1,0.000014,0.000014,0.0352,0.000014,0.000014,0.267212,0.697532
AGATACGACTTCATAT-1,0.00008,0.00008,0.037327,0.00008,0.00008,0.922708,0.039643
AGATACTCAAGATCGA-1,0.00004,0.00004,0.00004,0.00004,0.00004,0.82335,0.17645
AGATCGTGCATAAGAT-1,0.000044,0.000044,0.101604,0.043344,0.000044,0.720156,0.134765
AGATCTCAGGTGTGAT-1,0.002034,0.000006,0.006907,0.030783,0.000006,0.040375,0.919889
AGATGACTCGCCCACG-1,0.000082,0.000082,0.292662,0.099064,0.000082,0.607699,0.000329
AGATGAGGGTTGCGAT-1,0.000076,0.000076,0.270283,0.077014,0.000076,0.528605,0.12387
AGATGATGGAGTCTGG-1,0.000205,0.000205,0.087055,0.387711,0.000205,0.464626,0.059994
AGATGCAAGACGTGCA-1,0.00003,0.00003,0.005428,0.135706,0.00003,0.604805,0.25397
AGATGCATCCTGTGTC-1,0.000191,0.000191,0.066153,0.206041,0.000191,0.726469,0.000764
AGATTATAGGACGTTT-1,0.000072,0.000072,0.000072,0.000072,0.000072,0.886503,0.113135
AGATTCAAGCGGGTCG-1,0.000088,0.000088,0.000088,0.660358,0.000088,0.338936,0.000353
AGATTCACAACCGATA-1,0.00002,0.00002,0.00002,0.00002,0.00002,0.6236,0.3763
AGCAACATATCTTATT-1,0.000095,0.000095,0.000095,0.263449,0.000095,0.735791,0.00038
AGCAACCGAAAGTAAT-1,0.00406,0.000029,0.006921,0.000029,0.000029,0.764982,0.223948
AGCACCAGTACTCACG-1,0.000084,0.000084,0.162467,0.063366,0.000084,0.497393,0.276521
AGCACTACCGGCCTGT-1,0.000026,0.000026,0.063969,0.000026,0.000026,0.343324,0.592601
AGCACTTAAGGACGCC-1,0.000046,0.000046,0.02353,0.000046,0.000046,0.765614,0.210671
AGCAGCCAGATGAATA-1,0.00015,0.00015,0.000258,0.298854,0.00015,0.588158,0.11228
AGCATCATTTCGAAAG-1,0.000044,0.000044,0.000044,0.000044,0.000044,0.884144,0.115638
AGCATCGTCGATAATT-1,0.000071,0.000071,0.378499,0.036772,0.000071,0.545238,0.039278
AGCCACTCCCGTGCTT-1,0.000016,0.000016,0.064443,0.000016,0.000016,0.404115,0.531377
AGCCCATACATGTAAG-1,0.000011,0.000011,0.000011,0.000011,0.000011,0.201726,0.798217
AGCCCGGCATTAGAGG-1,0.000583,0.000583,0.112053,0.000583,0.000583,0.883284,0.002331
AGCCCGGTAGCCTGTA-1,0.000215,0.000215,0.000215,0.271718,0.000215,0.226281,0.501139
AGCCCTCCCTGGTGGC-1,0.000096,0.000096,0.000096,0.096141,0.000096,0.363931,0.539542
AGCCCTGTCGCACCGT-1,0.000076,0.000076,0.285553,0.189193,0.000076,0.517151,0.007874
AGCCCTTCTAATCCGA-1,0.000058,0.000058,0.371092,0.031368,0.000058,0.547261,0.050105
AGCCGTGGCTAAATGT-1,0.000043,0.000043,0.000043,0.000043,0.000043,0.651957,0.347831
AGCCTAATACCCACGT-1,0.000023,0.000023,0.000023,0.027675,0.000023,0.560537,0.411695
AGCCTTAAAGCGGAAG-1,0.00003,0.00003,0.088401,0.05383,0.00003,0.741174,0.116505
AGCGACAGGAACGGTC-1,0.000052,0.000052,0.000052,0.846451,0.000052,0.073323,0.08002
AGCGACATCCCATTCA-1,0.023115,0.000091,0.000091,0.325324,0.000091,0.650924,0.000364
AGCGACCAACGATATT-1,0.000062,0.000024,0.860236,0.00265,0.000024,0.136905,0.000097
AGCGAGACGTGAAGGC-1,0.000167,0.000167,0.037804,0.074688,0.000167,0.483531,0.403477
AGCGCATAATGAATCG-1,0.000069,0.000069,0.000069,0.082939,0.000069,0.52647,0.390315
AGCGCGGGTGCCAATG-1,0.000034,0.000034,0.098563,0.002808,0.000034,0.628564,0.269963
AGCGCTAGAGCGATGT-1,0.000053,0.000053,0.016234,0.676547,0.000053,0.22624,0.08082
AGCGCTTATGGGCAAG-1,0.000061,0.000061,0.088016,0.000061,0.000061,0.326828,0.584913
AGCGGACACTTCGTAG-1,0.000059,0.000059,0.020721,0.160789,0.000059,0.571041,0.247272
AGCGGCGGTTAGCGGT-1,0.000787,0.000024,0.000024,0.003474,0.000024,0.699388,0.296279
AGCGGGAAGGGTCCAT-1,0.000231,0.000231,0.14298,0.066927,0.000231,0.344625,0.444773
AGCGGTTGAGATGTAC-1,0.000039,0.000039,0.006242,0.000039,0.000039,0.846261,0.147341
AGCGGTTGCCGCTCTG-1,0.057633,0.000031,0.811496,0.014979,0.000031,0.102197,0.013633
AGCGTGGTATTCTACT-1,0.00004,0.00004,0.058693,0.010071,0.00004,0.667009,0.264106
AGCGTTCCGATTTAAA-1,0.000341,0.000024,0.020085,0.000024,0.000024,0.290665,0.688837
AGCTAACAAGCAATGT-1,0.000033,0.000033,0.025693,0.004985,0.000033,0.626866,0.342357
AGCTAGAAGCAGAAGT-1,0.000865,0.000019,0.048314,0.019658,0.000019,0.062766,0.868358
AGCTATTTAATCCAAC-1,0.000473,0.000007,0.000007,0.000007,0.000007,0.134003,0.865496
AGCTCGTTGATGGAAA-1,0.003816,0.000127,0.363416,0.166989,0.000127,0.465015,0.000509
AGCTCTAGACGTTCCA-1,0.003924,0.000018,0.003134,0.111677,0.000018,0.300727,0.580503
AGCTCTTCCCAGTGCA-1,0.000046,0.000046,0.040777,0.074064,0.000046,0.535474,0.349547
AGCTCTTTACTCAGTT-1,0.000045,0.000045,0.006576,0.000045,0.000045,0.690994,0.302249
AGCTGAAGTAAACCAA-1,0.000037,0.000037,0.05105,0.001665,0.000037,0.676616,0.270559
AGCTGCATTTGAGGTG-1,0.000059,0.000059,0.033174,0.408685,0.000059,0.55773,0.000235
AGCTGCTGTGCCGAAT-1,0.000092,0.000092,0.186296,0.109285,0.000092,0.578186,0.125956
AGCTGTAACCTCAATC-1,0.000048,0.000048,0.000048,0.000048,0.000048,0.848045,0.151717
AGCTTGATCTTAACTT-1,0.000026,0.000026,0.019166,0.000564,0.000026,0.328911,0.651281
AGGACAGTCGAATCCC-1,0.000063,0.000063,0.061655,0.024106,0.000063,0.421987,0.492063
AGGACATCGCACGTCG-1,0.000042,0.000042,0.001552,0.000042,0.000042,0.688268,0.310012
AGGACGACCCATTAGA-1,0.00003,0.00003,0.074867,0.046545,0.00003,0.630703,0.247794
AGGACGCTCGATGTTG-1,0.000095,0.000095,0.039635,0.000095,0.000095,0.828047,0.131937
AGGAGACATCCACAGT-1,0.000064,0.000064,0.313656,0.119574,0.000064,0.56359,0.002987
AGGAGAGTCTGGCTAC-1,0.000041,0.000041,0.558742,0.262839,0.000041,0.154072,0.024223
AGGATAAAGTCGGGAT-1,0.00023,0.00023,0.00023,0.495866,0.00023,0.502292,0.000921
AGGATATAGGGATTTA-1,0.000021,0.000021,0.014921,0.000021,0.000021,0.025102,0.959894
AGGATCACGCGATCTG-1,0.000128,0.000128,0.000128,0.026102,0.000128,0.83903,0.134358
AGGATTGCTTACGACA-1,0.00008,0.00008,0.00008,0.504728,0.00008,0.494582,0.000371
AGGCAGATGCGTAAAC-1,0.000031,0.000031,0.08224,0.020093,0.000031,0.56539,0.332184
AGGCAGGGAGCGTACT-1,0.000689,0.000689,0.000689,0.201437,0.000689,0.793053,0.002755
AGGCATTGTCGTAGGG-1,0.000136,0.000136,0.001322,0.21433,0.000136,0.520208,0.263732
AGGCCACATTGGTTAC-1,0.00045,0.00045,0.092429,0.207621,0.00045,0.633311,0.065289
AGGCCACCCGTTATGA-1,0.000065,0.000065,0.000065,0.220268,0.000065,0.535179,0.244292
AGGCCCATTGTACAGG-1,0.000055,0.000055,0.014925,0.262194,0.000055,0.722494,0.000221
AGGCCCTAGAACGCCA-1,0.004189,0.000022,0.017679,0.000359,0.000022,0.642484,0.335244
AGGCGGTTTGTCCCGC-1,0.000061,0.000061,0.000061,0.026176,0.000061,0.95775,0.015831
AGGCGTCTATGGACGG-1,0.359226,0.000012,0.586215,0.002605,0.000012,0.013638,0.038292
AGGCTATGGTTAGCTT-1,0.00001,0.00001,0.005615,0.00001,0.00001,0.172661,0.821686
AGGCTTCCCGAAGAAG-1,0.000131,0.000131,0.160877,0.143947,0.000131,0.527838,0.166946
AGGCTTGCTAGACACC-1,0.00012,0.00012,0.00012,0.00012,0.00012,0.998923,0.000479
AGGGAAACGAGGTACT-1,0.000042,0.000042,0.082841,0.050018,0.000042,0.559513,0.307503
