Barcode,Topic 1to4,Topic 5to7,Topic 8,Topic 9
AAACAACGAATAGTTC-1,0.005629,0.991557,0.001407,0.001406
AAACAAGTATCTCCCA-1,0.394902,0.604984,0.000057,0.000057
AAACAATCTACTAGCA-1,0.356608,0.643171,0.00011,0.00011
AAACACCAATAACTGC-1,0.017156,0.982545,0.00015,0.00015
AAACAGAGCGACTCCT-1,0.654184,0.345695,0.000061,0.000061
AAACAGGGTCTATATT-1,0.286509,0.713368,0.000062,0.000061
AAACATTTCCCGGATT-1,0.018164,0.981663,0.000087,0.000087
AAACCACTACACAGAT-1,0.266438,0.733212,0.000175,0.000175
AAACCGGGTAGGTACC-1,0.276645,0.723235,0.00006,0.00006
AAACCGTTCGTCCAGG-1,0.00035,0.999474,0.000088,0.000088
AAACCTAAGCAGCCGG-1,0.003046,0.995432,0.000761,0.000761
AAACGAAGAACATACC-1,0.002293,0.996562,0.000573,0.000573
AAACGCCCGAGATCGG-1,0.000477,0.999284,0.000119,0.000119
AAACGGGCGTACGGGT-1,0.000965,0.998553,0.000241,0.000241
AAACGGGTTGGTATCC-1,0.002907,0.995641,0.000726,0.000726
AAACGGTTGCGAACTG-1,0.072344,0.927449,0.000104,0.000104
AAACTAACGTGGCGAC-1,0.000305,0.999542,0.000076,0.000076
AAACTCGGTTCGCAAT-1,0.000465,0.999303,0.000116,0.000116
AAACTGCTGGCTCCAA-1,0.385111,0.614756,0.000066,0.000066
AAACTTGCAAACGTAT-1,0.673038,0.326903,0.00003,0.00003
AAAGACATGAAGTTTA-1,0.015886,0.976175,0.00397,0.003968
AAAGACCCAAGTCGCG-1,0.509278,0.490204,0.000259,0.000259
AAAGGCTACGGACCAT-1,0.000484,0.999274,0.000121,0.000121
AAAGGCTCTCGCGCCG-1,0.747263,0.252687,0.000025,0.000025
AAAGGGATGTAGCAAG-1,0.36185,0.637958,0.000096,0.000096
AAAGGGCAGCTTGAAT-1,0.333806,0.666084,0.000055,0.000055
AAAGGTAAGCTGTACC-1,0.000279,0.999582,0.00007,0.00007
AAAGGTCAACGACATG-1,0.077107,0.921742,0.000576,0.000576
AAAGTAGCATTGCTCA-1,0.249677,0.750194,0.000065,0.000065
AAAGTCACTGATGTAA-1,0.514282,0.485296,0.000211,0.000211
AAAGTGTGATTTATCT-1,0.000415,0.999377,0.000104,0.000104
AAAGTTGACTCCCGTA-1,0.329278,0.670531,0.000096,0.000096
AAATAACCATACGGGA-1,0.000828,0.998758,0.000207,0.000207
AAATACCTATAAGCAT-1,0.464933,0.534936,0.000065,0.000065
AAATAGGGTGCTATTG-1,0.295302,0.70441,0.000144,0.000144
AAATCCGATACACGCC-1,0.001534,0.9977,0.000383,0.000383
AAATCGTGTACCACAA-1,0.308645,0.691191,0.000082,0.000082
AAATCTAGCCCTGCTA-1,0.600323,0.399582,0.000047,0.000047
AAATGCTCGTTACGTT-1,0.701917,0.298031,0.000026,0.000026
AAATGGCATGTCTTGT-1,0.546613,0.453292,0.000048,0.000048
AAATGGCCCGTGCCCT-1,0.000436,0.999347,0.000109,0.000109
AAATGTGGGTGCTCCT-1,0.36826,0.628737,0.001502,0.001502
AAATTACACGACTCTG-1,0.000948,0.998578,0.000237,0.000237
AAATTGATAGTCCTTT-1,0.000688,0.998968,0.000172,0.000172
AAATTGCGGCGGTTCT-1,0.129799,0.870056,0.000072,0.000072
AAATTTACCGAAATCC-1,0.002763,0.995857,0.00069,0.00069
AAATTTGCGGGTGTGG-1,0.227011,0.77265,0.000169,0.000169
AACAACTGGTAGTTGC-1,0.259898,0.739977,0.000063,0.000062
AACAATACATTGTCGA-1,0.050455,0.949266,0.00014,0.00014
AACACACGCTCGCCGC-1,0.638733,0.361178,0.000044,0.000044
AACACGACTGTACTGA-1,0.000508,0.999239,0.000127,0.000127
AACACGAGACGCGGCC-1,0.552138,0.447786,0.000038,0.000038
AACACGCGGCCGCGAA-1,0.000298,0.999552,0.000075,0.000075
AACAGCTGTGTGGCAA-1,0.000588,0.999118,0.000147,0.000147
AACAGGAAATCGAATA-1,0.861526,0.138297,0.000089,0.000089
AACAGGATGGGCCGCG-1,0.544257,0.454404,0.000669,0.000669
AACAGGTAGTATGGAT-1,0.298534,0.70118,0.000143,0.000143
AACATTGGTCAGCCGT-1,0.001056,0.998416,0.000264,0.000264
AACATTGTGACTCGAG-1,0.21509,0.784498,0.000206,0.000206
AACCAGTATCACTCTT-1,0.003706,0.994441,0.000926,0.000926
AACCATGGGATCGCTA-1,0.789107,0.210854,0.00002,0.00002
AACCCAGAGACGGAGA-1,0.800133,0.199827,0.00002,0.00002
AACCCATCCCATGATC-1,0.045427,0.954355,0.000109,0.000109
AACCCGACAACCCGTG-1,0.00203,0.996955,0.000507,0.000507
AACCCGAGCAGAATCG-1,0.576329,0.423487,0.000092,0.000092
AACCCTACTGTCAATA-1,0.076061,0.923686,0.000126,0.000126
AACCCTGGTGGAACCA-1,0.678053,0.321895,0.000026,0.000026
AACCGAGCTTGGTCAT-1,0.196302,0.80339,0.000154,0.000154
AACCGCTAAGGGATGC-1,0.000431,0.999353,0.000108,0.000108
AACCGTTGTGTTTGCT-1,0.073946,0.925707,0.000173,0.000173
AACCTAAAGCCGTCCG-1,0.279075,0.713756,0.003585,0.003584
AACCTCGCTTTAGCCC-1,0.544347,0.455127,0.000263,0.000263
AACCTTTAAATACGGT-1,0.086959,0.912899,0.000071,0.000071
AACCTTTACGACGTCT-1,0.000867,0.9987,0.000217,0.000217
AACGAAAGTCGTCCCA-1,0.193664,0.805782,0.000277,0.000277
AACGATAATGCCGTAG-1,0.35298,0.646848,0.000086,0.000086
AACGATAGAAGGGCCG-1,0.224925,0.774911,0.000082,0.000082
AACGATATGTCAACTG-1,0.700637,0.299209,0.000077,0.000077
AACGCATGATCTGGGT-1,0.375226,0.624695,0.000039,0.000039
AACGCGAACGGCAACA-1,0.16057,0.839314,0.000058,0.000058
AACGCGACCTTGGGCG-1,0.000542,0.999187,0.000136,0.000136
AACGCGGTCTCCAGCC-1,0.051502,0.948166,0.000166,0.000166
AACGCTGTTGCTGAAA-1,0.884194,0.11574,0.000033,0.000033
AACGGACGTACGTATA-1,0.29265,0.707207,0.000071,0.000071
AACGGCCATCTCCGGT-1,0.464669,0.535254,0.000038,0.000038
AACGTACTGTGGGTAC-1,0.21001,0.789772,0.000109,0.000109
AACGTAGTCTACCCAT-1,0.265126,0.731787,0.001543,0.001543
AACGTCAGACTAGTGG-1,0.062509,0.937342,0.000074,0.000074
AACGTGATGAAGGACA-1,0.00171,0.997435,0.000427,0.000427
AACTAGCGTATCGCAC-1,0.0039,0.99415,0.000975,0.000975
AACTAGGCTTGGGTGT-1,0.039362,0.960388,0.000125,0.000125
AACTCAAGTTAATTGC-1,0.189717,0.810171,0.000056,0.000056
AACTCCAGAGCGTGTT-1,0.000472,0.999292,0.000118,0.000118
AACTCCTAATCCCATG-1,0.557545,0.44232,0.000067,0.000067
AACTCGATAAACACGT-1,0.34054,0.659386,0.000037,0.000037
AACTCGATGGCGCAGT-1,0.942324,0.057658,0.000009,0.000009
AACTCTCAGTGTGCTC-1,0.170126,0.829678,0.000098,0.000098
AACTGAGGTCAGCGTC-1,0.000849,0.998727,0.000212,0.000212
AACTGATATTAGGCCT-1,0.037099,0.96258,0.00016,0.00016
AACTGGGTCCCGACGT-1,0.524222,0.475667,0.000056,0.000056
AACTGGGTTCGAGCCG-1,0.010345,0.984486,0.002585,0.002584
AACTGGTGTGGGCCTT-1,0.004731,0.992904,0.001182,0.001182
AACTTCTGCGTCTATC-1,0.473909,0.525994,0.000048,0.000048
AACTTGCGTTCTCGCG-1,0.946654,0.053328,0.000009,0.000009
AACTTTAGCTGCTGAG-1,0.543347,0.456036,0.000309,0.000309
AAGAAGGATCAGTTAG-1,0.918024,0.08196,0.000008,0.000008
AAGACATACGTGGTTT-1,0.397854,0.600862,0.000642,0.000642
AAGACCAAATAACTCA-1,0.134267,0.865269,0.000232,0.000232
AAGACCCAACTGAACA-1,0.000451,0.999323,0.000113,0.000113
AAGACTAACCCGTTGT-1,0.089896,0.910009,0.000047,0.000047
AAGACTCACGCCCACT-1,0.154881,0.840845,0.002137,0.002137
AAGAGATGAATCGGTA-1,0.381891,0.617942,0.000084,0.000084
AAGAGGATGTACGCGA-1,0.52221,0.477711,0.000039,0.000039
AAGAGGCATGGATCGC-1,0.159159,0.840541,0.00015,0.00015
AAGAGGCCCTTTGGAA-1,0.227824,0.771515,0.000331,0.000331
AAGATGGCACCGGACC-1,0.000536,0.999196,0.000134,0.000134
AAGATTGGCGGAACGT-1,0.402211,0.59742,0.000185,0.000185
AAGCACCCTGCGTATC-1,0.070795,0.928859,0.000173,0.000173
AAGCATACTCTCCTGA-1,0.000575,0.999138,0.000144,0.000144
AAGCCGAAGCGGTTTA-1,0.414708,0.585202,0.000045,0.000045
AAGCGCAGGGCTTTGA-1,0.000923,0.998616,0.000231,0.000231
AAGCGGCGTCATGGGT-1,0.000335,0.999498,0.000084,0.000084
AAGCGTCCCTCATCGA-1,0.656093,0.343837,0.000035,0.000035
AAGCTAGATCGAGTAA-1,0.38131,0.618464,0.000113,0.000113
AAGCTCTTTCATGGTG-1,0.309593,0.688797,0.000805,0.000805
AAGGAGAACTTATAAG-1,0.00556,0.991662,0.001389,0.001389
AAGGAGCGGTTGGTGC-1,0.000476,0.999286,0.000119,0.000119
AAGGCGCGTAAAGCTT-1,0.093231,0.906633,0.000068,0.000068
AAGGCTGTGCTCATCG-1,0.0573,0.942333,0.000183,0.000183
AAGGGACAGATTCTGT-1,0.382722,0.616888,0.000195,0.000195
AAGGGACTATGCATTC-1,0.223366,0.776301,0.000167,0.000167
AAGGTATCCTAATATA-1,0.001132,0.998303,0.000283,0.000283
AAGGTGATAAACCAGC-1,0.1544,0.84543,0.000085,0.000085
AAGTAAGCTTCCAAAC-1,0.399359,0.594467,0.003088,0.003086
AAGTAGAAGACCGGGT-1,0.29475,0.705097,0.000077,0.000077
AAGTCAATTGTCGTCA-1,0.531283,0.468641,0.000038,0.000038
AAGTGACGACCGAATT-1,0.532131,0.467797,0.000036,0.000036
AAGTGAGTCGGGTTTA-1,0.075144,0.924005,0.000426,0.000426
AAGTGCCTTGACTGTA-1,0.000245,0.999633,0.000061,0.000061
AAGTGCGTTAGAATCT-1,0.470657,0.529194,0.000074,0.000074
AAGTGTTTGGAGACGG-1,0.206924,0.792666,0.000205,0.000205
AAGTTCACTCCAAGCT-1,0.09432,0.905145,0.000268,0.000268
AAGTTCAGTCTGCGTA-1,0.209093,0.790756,0.000075,0.000075
AAGTTCGGCCAACAGG-1,0.076216,0.923634,0.000075,0.000075
AAGTTGTGATGTTATA-1,0.002353,0.996471,0.000588,0.000588
AAGTTTACTAATGGCA-1,0.003447,0.99483,0.000861,0.000861
AAGTTTATGGGCCCAA-1,0.074793,0.923869,0.000669,0.000669
AATAACAACGCTCGGC-1,0.393978,0.605922,0.00005,0.00005
AATAACACTAGAACAA-1,0.04671,0.953188,0.000051,0.000051
AATAAGTCCTCGAGAC-1,0.366758,0.632922,0.00016,0.00016
AATACAATGTTTCAGG-1,0.116326,0.883542,0.000066,0.000066
AATACCGGAGGGCTGT-1,0.250851,0.74891,0.00012,0.000119
AATAGAACAGAGTGGC-1,0.092968,0.906833,0.000099,0.000099
AATAGAATCTGTTTCA-1,0.149864,0.849866,0.000135,0.000135
AATAGCAAGCCTCCTG-1,0.000565,0.999153,0.000141,0.000141
AATAGTCCGTCCCGAC-1,0.00042,0.99937,0.000105,0.000105
AATATCAAGGTCGGAT-1,0.549505,0.450399,0.000048,0.000048
AATATCGAATCAATGC-1,0.313038,0.686802,0.00008,0.00008
AATCAGACTGCAGGAC-1,0.054431,0.945467,0.000051,0.000051
AATCATGTAAAGACTC-1,0.815777,0.184173,0.000025,0.000025
AATCCAAGGGCCTGAG-1,0.544466,0.455295,0.00012,0.00012
AATCCATGCAAGGGTG-1,0.152738,0.847072,0.000095,0.000095
AATCGCCTCAGCGCCA-1,0.000347,0.99948,0.000087,0.000087
AATCGGGACACTACGA-1,0.495112,0.504648,0.00012,0.00012
AATCGTGAGCCGAGCA-1,0.068172,0.930967,0.000431,0.000431
AATCTAGGTTTACTTG-1,0.000502,0.999247,0.000125,0.000125
AATCTGGCTTTCTAGT-1,0.034603,0.965221,0.000088,0.000088
AATCTGGGTAGACCCT-1,0.008894,0.98666,0.002224,0.002222
AATGACAGCAATGTCT-1,0.000198,0.999703,0.000049,0.000049
AATGACGTAGGATGTC-1,0.004969,0.994751,0.00014,0.00014
AATGACTGTCAGCCGG-1,0.447798,0.552068,0.000067,0.000067
AATGAGTTCGCATATG-1,0.985734,0.014251,0.000007,0.000007
AATGATGATACGCTAT-1,0.942321,0.057622,0.000028,0.000028
AATGATGCGACTCCTG-1,0.329103,0.670583,0.000157,0.000157
AATGCAACCGGGTACC-1,0.185216,0.814549,0.000117,0.000117
AATGCACCAAGCAATG-1,0.714531,0.285377,0.000046,0.000046
AATGGTTCTCACAAGC-1,0.284477,0.71534,0.000092,0.000092
AATGTGCCCGAGGTGT-1,0.753875,0.246036,0.000044,0.000044
AATGTGCTAATCTGAG-1,0.003557,0.994665,0.000889,0.000889
AATGTTGTCGTGAGAC-1,0.00205,0.996926,0.000512,0.000512
AATTAAAGGTCGGCGT-1,0.215422,0.784341,0.000119,0.000119
AATTAACGGATTTCCA-1,0.042186,0.95748,0.000167,0.000167
AATTACTCGTACGCTC-1,0.194893,0.804706,0.000201,0.000201
AATTAGCGCTGCAGCG-1,0.213395,0.786182,0.000212,0.000212
AATTCATAAGGGATCT-1,0.496918,0.502889,0.000097,0.000097
AATTCCAACTTGGTGA-1,0.546244,0.453654,0.000051,0.000051
AATTCCAAGCATGTAC-1,0.088632,0.911091,0.000138,0.000138
AATTCGATTCGAGGAT-1,0.00086,0.99871,0.000215,0.000215
AATTCTAGAGTTAGGC-1,0.357216,0.642468,0.000158,0.000158
AATTGAACGCTCTGGT-1,0.039534,0.960213,0.000126,0.000126
AATTGCAGCAATCGAC-1,0.000643,0.999036,0.000161,0.000161
AATTGTGGTTGCCAAA-1,0.280156,0.719296,0.000274,0.000274
AATTTGGGACATAGTA-1,0.00081,0.998785,0.000202,0.000202
AATTTGGTTCCAAAGA-1,0.090495,0.909361,0.000072,0.000072
ACAAACCGACAAGGCG-1,0.426919,0.565144,0.003969,0.003968
ACAAAGCATGACCTAG-1,0.00062,0.99907,0.000155,0.000155
ACAAATCGCACCGAAT-1,0.89498,0.104975,0.000022,0.000022
ACAAATGGTAGTGTTT-1,0.020773,0.978994,0.000117,0.000117
ACAAATTCAGATCTGA-1,0.000304,0.999544,0.000076,0.000076
ACAACGGTCCCTGCGA-1,0.321541,0.678356,0.000051,0.000051
ACAAGCAGTGCCTAGC-1,0.582342,0.417053,0.000303,0.000303
ACAAGGAAATCCGCCC-1,0.511377,0.488509,0.000057,0.000057
ACAAGGACAAGAGGTT-1,0.164088,0.835595,0.000159,0.000159
ACAAGGATGCTTTAGG-1,0.000765,0.998852,0.000191,0.000191
ACAAGGCCTACCAGCC-1,0.001744,0.997384,0.000436,0.000436
ACAAGGGCAGGCTCTG-1,0.244599,0.755233,0.000084,0.000084
ACAATAGTCGTACGTT-1,0.693919,0.306006,0.000038,0.000037
ACAATCCATTTAAACC-1,0.251758,0.748056,0.000093,0.000093
ACAATCGATCTTTATA-1,0.006093,0.990862,0.001522,0.001522
ACAATGAATACGGAGA-1,0.09778,0.902092,0.000064,0.000064
ACAATGATTCTTCTAC-1,0.079029,0.920559,0.000206,0.000206
ACAATTGTGTCTCTTT-1,0.742688,0.257241,0.000036,0.000036
ACACAAAGACGGGTGG-1,0.32554,0.674287,0.000086,0.000086
ACACACCAGGACCAGT-1,0.352501,0.647374,0.000062,0.000062
ACACACTTTCTACACG-1,0.380619,0.618863,0.000259,0.000259
ACACATGATCAAATCT-1,0.049424,0.925883,0.012347,0.012346
ACACATTGACGCAACA-1,0.002985,0.995524,0.000746,0.000746
ACACCCAGCATGCAGC-1,0.269011,0.730762,0.000114,0.000114
ACACCCGAGAAATCCG-1,0.206929,0.792921,0.000075,0.000075
ACACCTTAAGTAGGGC-1,0.081978,0.917916,0.000053,0.000053
ACACGGCACTATGCAT-1,0.000487,0.999269,0.000122,0.000122
ACACGGGAACTTAGGG-1,0.073863,0.925831,0.000153,0.000153
ACACGTAGGCCACAAG-1,0.542356,0.457088,0.000278,0.000278
ACACTCCAATGTCACT-1,0.713706,0.28625,0.000022,0.000022
ACACTGATCAAGGTGT-1,0.026865,0.97287,0.000133,0.000133
ACACTGGGACAGTCGT-1,0.448972,0.549584,0.000722,0.000722
ACAGAACTGAGAACAA-1,0.003741,0.9961,0.000079,0.000079
ACAGATTAGGTTAGTG-1,0.005559,0.991664,0.001389,0.001389
ACAGCATAGAGCCAGT-1,0.007265,0.992591,0.000072,0.000072
ACAGCGACATTCTCAT-1,0.099808,0.899892,0.00015,0.00015
ACAGCGCACCCGCAGC-1,0.391793,0.608078,0.000065,0.000064
ACAGGAGGCGCAGCCG-1,0.016471,0.975297,0.004116,0.004115
ACAGGCACGGATCCTT-1,0.111814,0.887697,0.000244,0.000244
ACAGGCTTGCCCGACT-1,0.851041,0.148864,0.000048,0.000048
ACAGGTGGAGGTGAGG-1,0.000497,0.999255,0.000124,0.000124
ACAGTAATACAACTTG-1,0.200555,0.79927,0.000088,0.000088
ACAGTGCAGCGCATTT-1,0.377532,0.621735,0.000367,0.000367
ACATAAGTCGTGGTGA-1,0.562744,0.436832,0.000212,0.000212
ACATAATAAGGCGGTG-1,0.400446,0.599367,0.000093,0.000093
ACATCCCGGCCATACG-1,0.392385,0.607488,0.000063,0.000063
ACATCCTGGTAACTGT-1,0.025401,0.974426,0.000086,0.000086
ACATCGATCGTTTACC-1,0.282904,0.71686,0.000118,0.000118
ACATCGGTCAGCCGCG-1,0.128368,0.871439,0.000096,0.000096
ACATCGTATGCAATGG-1,0.551511,0.448336,0.000077,0.000077
ACATCGTTAACCTAGT-1,0.000441,0.999339,0.00011,0.00011
ACATCTCAACGCGTAA-1,0.001082,0.998377,0.00027,0.00027
ACATGGCTCAATTTAG-1,0.004043,0.993937,0.00101,0.00101
ACATTAGTTTATATCC-1,0.951089,0.048835,0.000038,0.000038
ACCAAACTAGAAATCC-1,0.002341,0.99649,0.000585,0.000585
ACCAACCGCACTCCAC-1,0.000352,0.999473,0.000088,0.000088
ACCAACGCTTATTTAT-1,0.249868,0.749969,0.000081,0.000081
ACCAAGAACGCGTGTC-1,0.331116,0.668784,0.00005,0.00005
ACCAATATGCAAGTTA-1,0.178587,0.819276,0.001069,0.001068
ACCACAACTCAGAACA-1,0.00136,0.99796,0.00034,0.00034
ACCACGTGCAGCTATA-1,0.346788,0.653023,0.000095,0.000095
ACCACTGTTCAAGAAG-1,0.201769,0.797662,0.000284,0.000284
ACCAGCCCGGTCTTTG-1,0.061339,0.937446,0.000607,0.000607
ACCAGGAGTGTGATCT-1,0.015337,0.976998,0.003833,0.003831
ACCAGTGCCCGGTCAA-1,0.137719,0.862127,0.000077,0.000077
ACCAGTGCGGGAGACG-1,0.076997,0.922854,0.000074,0.000074
ACCATATCCGCAATAA-1,0.708144,0.291754,0.000051,0.000051
ACCATCGTATATGGTA-1,0.156894,0.842797,0.000155,0.000155
ACCATTAAGGGTGTCA-1,0.283052,0.716527,0.00021,0.00021
ACCCACCTACATGCTC-1,0.173832,0.826023,0.000072,0.000072
ACCCATCTTGAGGGTA-1,0.366372,0.633567,0.000031,0.000031
ACCCATTTGTCCCTCT-1,0.263112,0.736669,0.00011,0.00011
ACCCGAGCGAAATTAC-1,0.190577,0.809237,0.000093,0.000093
ACCCGGAAACTCCCAG-1,0.000465,0.999303,0.000116,0.000116
ACCCGGTTACACTTCC-1,0.355015,0.644812,0.000087,0.000087
ACCCGTAGTCTAGTTG-1,0.013479,0.979785,0.003369,0.003367
ACCCGTGTCATCAGTA-1,0.173242,0.826532,0.000113,0.000113
ACCCTATAGGACTGAG-1,0.894945,0.105017,0.000019,0.000019
ACCCTATGCCATATCG-1,0.000368,0.999448,0.000092,0.000092
ACCCTCCCGTCAGGGC-1,0.000311,0.999534,0.000078,0.000078
ACCCTCCCTTGCTATT-1,0.105604,0.89412,0.000138,0.000138
ACCCTTCATCTGCGAA-1,0.000641,0.999039,0.00016,0.00016
ACCCTTTAGTTCTCCA-1,0.226383,0.772554,0.000532,0.000532
ACCGAAAGGGCCCTGC-1,0.00143,0.997855,0.000357,0.000357
ACCGAAGAGTCTGGTT-1,0.285661,0.712471,0.000934,0.000934
ACCGACACATCTCCCA-1,0.000842,0.998737,0.00021,0.00021
ACCGACTGAGTCCCAC-1,0.156029,0.843583,0.000194,0.000194
ACCGATAGGCATAACC-1,0.38041,0.618767,0.000412,0.000412
ACCGATATTTAATCAT-1,0.672258,0.327517,0.000112,0.000112
ACCGCAATAACTGCCT-1,0.423413,0.576427,0.00008,0.00008
ACCGCGGTGGAAGTCG-1,0.528517,0.471356,0.000063,0.000063
ACCGGGCCTTTGTTGA-1,0.255611,0.74424,0.000074,0.000074
ACCGGTCAGGTACACC-1,0.078756,0.920016,0.000614,0.000614
ACCGGTCTGAGTACGG-1,0.010848,0.983731,0.002711,0.00271
ACCGTGACCACGTGGG-1,0.086305,0.913489,0.000103,0.000103
ACCGTTCCCGCTCTGA-1,0.106084,0.892329,0.000794,0.000794
ACCTAAGTACCTTTCA-1,0.276634,0.723258,0.000054,0.000054
ACCTACTATAAATCTA-1,0.000751,0.998873,0.000188,0.000188
ACCTCCGCCCTCGCTG-1,0.887171,0.112781,0.000024,0.000024
ACCTGCGTGTCATGTT-1,0.085108,0.914743,0.000075,0.000075
ACCTTTCCTTTAGAAG-1,0.32531,0.671765,0.001462,0.001462
ACGAGAACCCATCACG-1,0.187526,0.812305,0.000084,0.000084
ACGAGATATTTGCTTA-1,0.195593,0.804005,0.000201,0.000201
ACGAGGATACCACTCT-1,0.688835,0.311089,0.000038,0.000038
ACGAGGTTTACAACGT-1,0.229795,0.769483,0.000361,0.000361
ACGAGTCGCCGGCGTT-1,0.000172,0.999743,0.000043,0.000043
ACGATACATAGAACTA-1,0.145349,0.854234,0.000209,0.000208
ACGATCATACATAGAG-1,0.253889,0.745881,0.000115,0.000115
ACGATGCATATGTTAT-1,0.094112,0.905736,0.000076,0.000076
ACGATGGATCCGATGC-1,0.2189,0.780947,0.000076,0.000076
ACGCAAACTAATAGAT-1,0.863108,0.136596,0.000148,0.000148
ACGCATAAATGACATG-1,0.796298,0.203652,0.000025,0.000025
ACGCATACGTTTACTA-1,0.93559,0.064362,0.000024,0.000024
ACGCCAGATGATTTCT-1,0.198944,0.800673,0.000191,0.000191
ACGCCCAGCTGTCGAT-1,0.007175,0.989241,0.001792,0.001792
ACGCCGCTAGACGACC-1,0.164215,0.835506,0.000139,0.000139
ACGCCTGACACGCGCT-1,0.222303,0.666581,0.05556,0.055556
ACGCGAAGTCAGACGA-1,0.000528,0.999208,0.000132,0.000132
ACGCGCTACACAGGGT-1,0.257441,0.742416,0.000072,0.000072
ACGCTTAGTGTCTCTC-1,0.164265,0.832514,0.001611,0.00161
ACGGAATTTAGCAAAT-1,0.78053,0.219432,0.000019,0.000019
ACGGACTCTCAAAGCG-1,0.006541,0.99019,0.001634,0.001634
ACGGAGCGCAAATTAC-1,0.515855,0.484068,0.000039,0.000039
ACGGATGGTGCGGATA-1,0.595256,0.402861,0.000942,0.000942
ACGGCACTTGCTTGGG-1,0.041806,0.957997,0.000099,0.000099
ACGGCCAACATGGACT-1,0.00021,0.999685,0.000053,0.000053
ACGGCGACGATGGGAA-1,0.359478,0.64035,0.000086,0.000086
ACGGCGGGTTGCCCTG-1,0.000283,0.999576,0.000071,0.000071
ACGGCTGGATGTAGAA-1,0.493091,0.504198,0.001355,0.001355
ACGGGAGTGTCGGCCC-1,0.220159,0.779714,0.000063,0.000063
ACGGGTCATGTGACTT-1,0.702719,0.297211,0.000035,0.000035
ACGTACAGATTTCTCT-1,0.795917,0.203998,0.000042,0.000042
ACGTATTACTCCGATC-1,0.041695,0.958026,0.00014,0.00014
ACGTCCTAAACGAGAT-1,0.636728,0.357716,0.002778,0.002778
ACGTGCGCCTCGTGCA-1,0.392537,0.60727,0.000096,0.000096
ACGTGGTCGAATGTGC-1,0.204354,0.792279,0.001684,0.001684
ACGTTAATGTCGAAGA-1,0.35318,0.646662,0.000079,0.000079
ACGTTAGATTTGCCCG-1,0.125171,0.874649,0.00009,0.00009
ACGTTATTGGTCACTC-1,0.069086,0.930579,0.000167,0.000167
ACGTTCCGCGCTCCGT-1,0.004043,0.993937,0.00101,0.00101
ACGTTCGTTCAGGAAA-1,0.420974,0.57868,0.000173,0.000173
ACGTTCTGTACAAGTC-1,0.305466,0.69447,0.000032,0.000032
ACGTTTAGTTGTGATC-1,0.093131,0.906473,0.000198,0.000198
ACTAATACGTCAGGCG-1,0.000581,0.999129,0.000145,0.000145
ACTACCAGCTCTCTGG-1,0.109483,0.89031,0.000104,0.000104
ACTACGCGTTAGAATT-1,0.000563,0.999156,0.000141,0.000141
ACTAGTTGCGATCGTC-1,0.374431,0.625457,0.000056,0.000056
ACTATATGCTGTGTTC-1,0.163021,0.836764,0.000107,0.000107
ACTATCTGCCCGCGTA-1,0.945735,0.054247,0.000009,0.000009
ACTATTCGTCCGTGGT-1,0.143505,0.856153,0.000171,0.000171
ACTATTTCCGGGCCCA-1,0.000495,0.999257,0.000124,0.000124
ACTCAACGAATGTATT-1,0.044938,0.954922,0.00007,0.00007
ACTCAAGTGCAAGGCT-1,0.000546,0.999182,0.000136,0.000136
ACTCAATAAAGGCACG-1,0.397689,0.602116,0.000098,0.000098
ACTCAGACCTGCTTCT-1,0.261988,0.737523,0.000244,0.000244
ACTCCCATTCCTAAAG-1,0.554164,0.445676,0.00008,0.00008
ACTCCCTAATGCTAAA-1,0.154108,0.845719,0.000087,0.000087
ACTCCCTAGAATAGTA-1,0.462176,0.537645,0.00009,0.00009
ACTCGATGTATTTCAT-1,0.318497,0.680114,0.000695,0.000694
ACTCGCCGTTCGATAA-1,0.545916,0.453731,0.000176,0.000176
ACTCGTAACCCGTCCT-1,0.053214,0.946645,0.00007,0.00007
ACTCGTCAGTAATCCC-1,0.205334,0.79453,0.000068,0.000068
ACTCTCTGACTTAGGT-1,0.159184,0.840576,0.00012,0.00012
ACTCTCTTATACACGA-1,0.00205,0.996926,0.000512,0.000512
ACTCTGACCTAATAGA-1,0.043429,0.956365,0.000103,0.000103
ACTGAAACGCCGTTAG-1,0.201474,0.7983,0.000113,0.000113
ACTGAATGGCGAAAGT-1,0.164415,0.835358,0.000113,0.000113
ACTGATTTAGTGATTC-1,0.135702,0.86103,0.001634,0.001634
ACTGCCGTCGTAACTC-1,0.149271,0.850511,0.000109,0.000109
ACTGCTCGGAAGGATG-1,0.332775,0.666484,0.00037,0.00037
ACTGTAGCACTTTGGA-1,0.116303,0.883455,0.000121,0.000121
ACTGTATACGCGAGCA-1,0.112584,0.887023,0.000197,0.000197
ACTGTGCTAGTAGATC-1,0.833952,0.166001,0.000023,0.000023
ACTGTTTAGTGTAGGC-1,0.008721,0.986922,0.002179,0.002179
ACTTACCGGGCGCGCA-1,0.000746,0.998881,0.000186,0.000186
ACTTACGCATCCACGC-1,0.001508,0.997739,0.000377,0.000377
ACTTAGTACGACAAGA-1,0.988016,0.01197,0.000007,0.000007
ACTTATCTGATCTATA-1,0.218051,0.778632,0.001659,0.001658
ACTTATTAGGATCGGT-1,0.240532,0.759109,0.00018,0.00018
ACTTATTTATGTGCCA-1,0.072173,0.927563,0.000132,0.000132
ACTTCAGGCTGATCCC-1,0.835022,0.164907,0.000036,0.000036
ACTTCCATGCGGGACA-1,0.364027,0.635711,0.000131,0.000131
ACTTCGCCATACGCAC-1,0.289311,0.710439,0.000125,0.000125
ACTTGACTCCCTCTTT-1,0.180256,0.819465,0.000139,0.000139
ACTTGCCATATTGTAC-1,0.135434,0.863384,0.000591,0.000591
ACTTGTGGATGGAACG-1,0.631599,0.368258,0.000071,0.000071
ACTTTCCTATAGCTTC-1,0.000886,0.998671,0.000221,0.000221
ACTTTGGTCGTGCTCC-1,0.010345,0.984487,0.002584,0.002584
ACTTTGTCGACGCACT-1,0.440801,0.558797,0.000201,0.000201
AGAAATTATGACTCGC-1,0.563256,0.436653,0.000046,0.000046
AGAACCCTCAATTGGG-1,0.326274,0.671361,0.001182,0.001182
AGAACGTGGTACATTC-1,0.082133,0.91758,0.000144,0.000144
AGAAGAGCGCCGTTCC-1,0.621119,0.377981,0.00045,0.00045
AGAAGGTACACTTCAC-1,0.116254,0.883459,0.000143,0.000143
AGAAGGTTGCCGAATT-1,0.103996,0.895795,0.000105,0.000105
AGAAGGTTGTAGGTCG-1,0.01271,0.98094,0.003175,0.003175
AGAAGTGATTCGTGAT-1,0.115484,0.884357,0.00008,0.00008
AGAATGCGGGTTCGGA-1,0.000318,0.999523,0.000079,0.000079
AGAATTGTTTGACATA-1,0.712196,0.28775,0.000027,0.000027
AGACATAGATCCTTCC-1,0.206474,0.792179,0.000674,0.000673
AGACCAAACCACACCT-1,0.405528,0.594047,0.000213,0.000213
AGACCATGGGATACAA-1,0.504016,0.49591,0.000037,0.000037
AGACCCACCGCTGATC-1,0.414804,0.585012,0.000092,0.000092
AGACCCGCCCTCCTCG-1,0.218674,0.781165,0.00008,0.00008
AGACCGCTCCGCGGTT-1,0.450249,0.549327,0.000212,0.000212
AGACGAAGTGCCGGTC-1,0.29413,0.705736,0.000067,0.000067
AGACGACGATGCCGCT-1,0.042579,0.957225,0.000098,0.000098
AGACGGGATTGGTATA-1,0.01435,0.978481,0.003585,0.003584
AGACGGGCCGATTTAA-1,0.000489,0.999267,0.000122,0.000122
AGACTAGCCTTCCAGA-1,0.000356,0.999466,0.000089,0.000089
AGACTGTTACCGGGTC-1,0.12699,0.87126,0.000875,0.000875
AGAGAACCGTCTAGGA-1,0.559794,0.440046,0.00008,0.00008
AGAGAAGGAGTACAAT-1,0.417512,0.582337,0.000075,0.000075
AGAGCCGCCGAGATTT-1,0.365972,0.633497,0.000266,0.000266
AGAGCGGGCTAATCAT-1,0.579916,0.41995,0.000067,0.000067
AGAGCGTACAAGCTCG-1,0.198966,0.800835,0.000099,0.000099
AGAGCTACGAAAGCAT-1,0.336689,0.663044,0.000134,0.000134
AGAGGCTTCGGAAACC-1,0.497122,0.502799,0.00004,0.00004
AGAGGTATCTCGGTCC-1,0.004941,0.99259,0.001235,0.001235
AGAGTAAACTTCACTA-1,0.537546,0.462388,0.000033,0.000033
AGAGTTAGAGACCGAT-1,0.905248,0.094544,0.000104,0.000104
AGATACCAATAGAACC-1,0.007669,0.988499,0.001916,0.001916
AGATACCGGTGTTCAC-1,0.525185,0.474709,0.000053,0.000053
AGATACGACTTCATAT-1,0.804185,0.195778,0.000018,0.000018
AGATACTCAAGATCGA-1,0.131153,0.868675,0.000086,0.000086
AGATATAATACGACTA-1,0.229634,0.769421,0.000473,0.000473
AGATCGTGCATAAGAT-1,0.511062,0.488855,0.000042,0.000042
AGATGACTCGCCCACG-1,0.145943,0.85375,0.000154,0.000153
AGATGAGGGTTGCGAT-1,0.264936,0.734832,0.000116,0.000116
AGATGCAAGACGTGCA-1,0.094183,0.905678,0.000069,0.000069
AGATGCTATAACGAGC-1,0.057964,0.941894,0.000071,0.000071
AGATTATAGGACGTTT-1,0.168981,0.830452,0.000284,0.000283
AGATTCAAGCGGGTCG-1,0.138014,0.861743,0.000121,0.000121
AGATTCACAACCGATA-1,0.000576,0.999136,0.000144,0.000144
AGCAAAGGCCGCTAGT-1,0.34074,0.658923,0.000169,0.000169
AGCAACATATCTTATT-1,0.049918,0.94993,0.000076,0.000076
AGCAACCGAAAGTAAT-1,0.105344,0.89457,0.000043,0.000043
AGCACCAGTACTCACG-1,0.13814,0.861582,0.000139,0.000139
AGCACTACCTCACCAG-1,0.118595,0.880957,0.000224,0.000224
AGCAGAAGGAGAAAGA-1,0.046756,0.376268,0.576723,0.000253
AGCAGCCAGATGAATA-1,0.00034,0.99949,0.000085,0.000085
AGCATATCAATATGCT-1,0.245055,0.754808,0.000068,0.000068
AGCATCATTTCGAAAG-1,0.000392,0.999412,0.000098,0.000098
AGCATCGTCGATAATT-1,0.416863,0.582912,0.000112,0.000112
AGCATTACGAGGCAAG-1,0.532896,0.466751,0.000176,0.000176
AGCCAAGCTTTGTGTC-1,0.000768,0.998848,0.000192,0.000192
AGCCACAGGTTACCCG-1,0.019011,0.98055,0.000219,0.000219
AGCCACTCCCGTGCTT-1,0.17251,0.827144,0.000173,0.000173
AGCCCATACATGTAAG-1,0.59837,0.401554,0.000038,0.000038
AGCCCGCAACAAGCAG-1,0.000526,0.999212,0.000131,0.000131
AGCCCGGCATTAGAGG-1,0.001155,0.998267,0.000289,0.000289
AGCCCGGTAGCCTGTA-1,0.021786,0.977857,0.000178,0.000178
AGCCCTAAGCGAAGTT-1,0.54176,0.457752,0.000244,0.000244
AGCCCTTCTAATCCGA-1,0.002353,0.996471,0.000588,0.000588
AGCCCTTGGACATCCC-1,0.295586,0.703904,0.000255,0.000255
AGCCGTGGCTAAATGT-1,0.067713,0.932107,0.00009,0.00009
AGCCTAATACCCACGT-1,0.020663,0.979088,0.000124,0.000124
AGCCTTAAAGCGGAAG-1,0.362571,0.636973,0.000228,0.000228
AGCGACAGGAACGGTC-1,0.050247,0.949576,0.000089,0.000089
AGCGACATCCCATTCA-1,0.242591,0.757244,0.000083,0.000082
AGCGACCAACGATATT-1,0.480451,0.51941,0.00007,0.00007
AGCGATGCGCCTAATA-1,0.008236,0.987648,0.002058,0.002058
AGCGCATAATGAATCG-1,0.000453,0.999321,0.000113,0.000113
AGCGCGGGTGCCAATG-1,0.479753,0.520046,0.0001,0.0001
AGCGCTTATGGGCAAG-1,0.000552,0.999172,0.000138,0.000138
AGCGGACACTTCGTAG-1,0.115407,0.883614,0.00049,0.000489
AGCGGCGGTTAGCGGT-1,0.622312,0.377463,0.000113,0.000113
AGCGGGAAGGGTCCAT-1,0.799226,0.200717,0.000028,0.000028
AGCGGGTCTGACACTC-1,0.258525,0.740642,0.000416,0.000416
AGCGGTTGAGATGTAC-1,0.34114,0.654132,0.002364,0.002364
AGCGTACGAGAGCTAG-1,0.789609,0.210335,0.000028,0.000028
AGCGTAGCGCTAGACC-1,0.000877,0.998685,0.000219,0.000219
AGCGTCTGAACCCGCA-1,0.000347,0.999479,0.000087,0.000087
AGCGTGGTATTCTACT-1,0.216395,0.783369,0.000118,0.000118
AGCGTTCCGATTTAAA-1,0.011406,0.982895,0.00285,0.002849
AGCTAACAAGCAATGT-1,0.471785,0.528108,0.000054,0.000054
AGCTAAGTACGCAGGC-1,0.468681,0.530071,0.000624,0.000624
AGCTAGAAGCAGAAGT-1,0.344399,0.655495,0.000053,0.000053
AGCTATTTAATCCAAC-1,0.511864,0.487969,0.000084,0.000084
AGCTCCATATATGTTC-1,0.435956,0.563814,0.000115,0.000115
AGCTCCTTCGCACATC-1,0.607098,0.392784,0.000059,0.000059
AGCTCTAGACGTTCCA-1,0.371819,0.627851,0.000165,0.000165
AGCTCTTCCCAGTGCA-1,0.623201,0.376532,0.000133,0.000133
AGCTCTTTACTCAGTT-1,0.288298,0.711476,0.000113,0.000113
AGCTGAAGTAAACCAA-1,0.155529,0.844114,0.000179,0.000179
AGCTGCATTTGAGGTG-1,0.297499,0.700404,0.001048,0.001048
AGCTGCTGTGCCGAAT-1,0.112528,0.886788,0.000342,0.000342
AGCTGTAACCTCAATC-1,0.094944,0.904896,0.00008,0.00008
AGCTTATAGAGACCTG-1,0.001605,0.997593,0.000401,0.000401
AGCTTCAATACTTTGA-1,0.175897,0.81881,0.002647,0.002646
AGCTTCTTCTCGAGCA-1,0.000357,0.999465,0.000089,0.000089
AGCTTGATCTTAACTT-1,0.472451,0.527455,0.000047,0.000047
AGGAAAGCCTCTGATG-1,0.000403,0.999396,0.000101,0.000101
AGGAAGCTGTCCGCCG-1,0.432493,0.566953,0.000277,0.000277
AGGACAGTCGAATCCC-1,0.00136,0.998404,0.000118,0.000118
AGGACATCGCACGTCG-1,0.425443,0.574439,0.000059,0.000059
AGGACATCGGCACACT-1,0.393951,0.605318,0.000366,0.000365
AGGACGACCCATTAGA-1,0.12078,0.87898,0.00012,0.00012
AGGACGCTCGATGTTG-1,0.67543,0.324462,0.000054,0.000054
AGGAGGCCTTCGCGCG-1,0.857219,0.142731,0.000025,0.000025
AGGATAAAGTCGGGAT-1,0.074507,0.925333,0.00008,0.00008
AGGATATAGGGATTTA-1,0.128246,0.871482,0.000136,0.000136
AGGATCACGCGATCTG-1,0.000457,0.999315,0.000114,0.000114
AGGCAAAGAGGAATCA-1,0.338136,0.651281,0.005292,0.005291
AGGCAATACGGAGGAC-1,0.089114,0.910368,0.000259,0.000259
AGGCACGTGACTGTCC-1,0.516011,0.483517,0.000236,0.000236
AGGCAGATGCGTAAAC-1,0.745534,0.254391,0.000037,0.000037
AGGCAGGGAGCGTACT-1,0.404468,0.595359,0.000087,0.000087
AGGCATTGTCGTAGGG-1,0.367265,0.632606,0.000065,0.000065
AGGCCACCCGTTATGA-1,0.143842,0.856012,0.000073,0.000073
AGGCCCAGTGACTGGT-1,0.423307,0.576478,0.000107,0.000107
AGGCCCATTGTACAGG-1,0.307172,0.692603,0.000112,0.000112
AGGCCCTAGAACGCCA-1,0.303444,0.696432,0.000062,0.000062
AGGCCTGAGAATCTCG-1,0.000715,0.998928,0.000179,0.000179
AGGCGGTTTGTCCCGC-1,0.004997,0.992506,0.001249,0.001248
AGGCGTCTATGGACGG-1,0.230141,0.769632,0.000113,0.000113
AGGCTATGGTTAGCTT-1,0.318609,0.681253,0.000069,0.000069
AGGCTTCCCGAAGAAG-1,0.035486,0.964301,0.000106,0.000106
AGGCTTGCTAGACACC-1,0.221749,0.777963,0.000144,0.000144
AGGGAAACGAGGTACT-1,0.002034,0.997727,0.00012,0.000119
AGGGACAGCACGGCGG-1,0.001765,0.997353,0.000441,0.000441
AGGGACTCTACGCGAC-1,0.000463,0.999305,0.000116,0.000116
AGGGCAGCGGCGTGGT-1,0.000394,0.999409,0.000099,0.000099
AGGGCGAGCAGCTGAT-1,0.790582,0.209377,0.00002,0.00002
AGGGCGTGATCGGCTA-1,0.44574,0.554178,0.000041,0.000041
AGGGTCAGTAACCCTA-1,0.227397,0.772301,0.000151,0.000151
AGGGTCTGGACGCAGT-1,0.003132,0.995303,0.000783,0.000782
AGGGTGCCGTTCTTTA-1,0.00078,0.99883,0.000195,0.000195
AGGTAACCTCCTATTC-1,0.401275,0.598542,0.000091,0.000091
AGGTACGATATTGCCA-1,0.000541,0.999189,0.000135,0.000135
AGGTAGATCGAGATAT-1,0.286829,0.71231,0.000431,0.000431
AGGTCAGGTGAGAGTG-1,0.284688,0.715187,0.000062,0.000062
AGGTCGCCACTTCGGT-1,0.000686,0.998971,0.000172,0.000171
AGGTGGTGACCTTCGC-1,0.246343,0.753153,0.000252,0.000252
AGGTGTTGCCGACCAC-1,0.308134,0.691104,0.000381,0.000381
AGGTTGAGGCACGCTT-1,0.280873,0.71887,0.000129,0.000129
AGGTTTCACACACCTT-1,0.078379,0.921322,0.000149,0.000149
AGTAACGTTCATCCTG-1,0.909513,0.089655,0.000416,0.000416
AGTAATGTCTTGCCGC-1,0.745969,0.253954,0.000038,0.000038
AGTACCTTCGAGTGCT-1,0.00018,0.999731,0.000045,0.000045
AGTACGGGCACCTGGC-1,0.271339,0.728245,0.000208,0.000208
AGTACGTGGCCTGTCT-1,0.065713,0.931157,0.001566,0.001565
AGTACTCTTATGCCCA-1,0.322955,0.675875,0.000585,0.000585
AGTAGCGTGAACGAAC-1,0.388445,0.60482,0.003368,0.003367
AGTAGCTAGACGCCGA-1,0.110794,0.887984,0.000611,0.000611
AGTAGGAAGGAAGTTG-1,0.043876,0.955897,0.000114,0.000114
AGTAGGTAACATACAT-1,0.28189,0.717519,0.000296,0.000296
AGTATAATACTAGGCA-1,0.217628,0.782225,0.000073,0.000073
AGTATACACAGCGACA-1,0.358224,0.641145,0.000316,0.000316
AGTATCCATAATAACG-1,0.124058,0.875833,0.000055,0.000054
AGTATGCTGGAGACCA-1,0.232312,0.767497,0.000096,0.000096
AGTATTTGGCACGACC-1,0.644853,0.355014,0.000066,0.000066
AGTCAAATGATGTGAT-1,0.170843,0.828618,0.00027,0.00027
AGTCAACACCACCATC-1,0.338339,0.661522,0.000069,0.000069
AGTCAAGATGACACTT-1,0.115808,0.88392,0.000136,0.000136
AGTCACTAGCTCTCGA-1,0.896491,0.103445,0.000032,0.000032
AGTCACTCCGCCTCAT-1,0.001909,0.997966,0.000063,0.000063
AGTCAGCCACCGCCTG-1,0.65713,0.342801,0.000035,0.000035
AGTCCAGCGGGTACGT-1,0.000515,0.999228,0.000129,0.000129
AGTCCATTGGCTGATG-1,0.000544,0.999184,0.000136,0.000136
AGTCCCGCCTTTAATT-1,0.824869,0.175023,0.000054,0.000054
AGTCGGCCCAAACGAC-1,0.110122,0.88974,0.000069,0.000069
AGTCGGCTCAACTTTA-1,0.03835,0.961591,0.000029,0.000029
AGTCGTATAAAGCAGA-1,0.002258,0.996614,0.000564,0.000564
AGTCGTCGACCACCAA-1,0.000524,0.999222,0.000127,0.000127
AGTCGTGGGCATTACG-1,0.822882,0.177,0.000059,0.000059
AGTCTCACAAGACTAC-1,0.70158,0.298342,0.000039,0.000039
AGTCTGGACATCCTTG-1,0.595735,0.404187,0.000039,0.000039
AGTCTTCTCCTCAAAT-1,0.230577,0.76916,0.000132,0.000132
AGTCTTTAAAGTGTCC-1,0.001098,0.998353,0.000274,0.000274
AGTGAACAAACTTCTC-1,0.135125,0.864734,0.000071,0.000071
AGTGACCTACTTTACG-1,0.653585,0.34631,0.000052,0.000052
AGTGACTGTGACACAA-1,0.271517,0.727525,0.000479,0.000479
AGTGAGGGTTTCTGAC-1,0.00353,0.994706,0.000882,0.000882
AGTGAGTCGAATTAAC-1,0.002366,0.996452,0.000591,0.000591
AGTGATAACCTGCGCG-1,0.000523,0.999216,0.000131,0.000131
AGTGATATGAGTAGTT-1,0.439297,0.560534,0.000084,0.000084
AGTGCACGCTTAAGAA-1,0.536271,0.463605,0.000062,0.000062
AGTGCGTAGCTCGTAA-1,0.391194,0.608667,0.000069,0.000069
AGTGCTAAACACAGCA-1,0.277284,0.722512,0.000102,0.000102
AGTGCTTGCACGAATA-1,0.001437,0.998424,0.00007,0.00007
AGTGGCGGCAATTTGA-1,0.476489,0.523376,0.000067,0.000067
AGTGGCGTCTGAAGGT-1,0.615283,0.384031,0.000343,0.000343
AGTGTATTGCGCATTG-1,0.080396,0.919367,0.000119,0.000119
AGTGTGCTAAGATCGC-1,0.950571,0.049398,0.000015,0.000015
AGTGTGGTCTATTGTG-1,0.523755,0.476118,0.000064,0.000064
AGTTAAACACTTGCGA-1,0.07483,0.924993,0.000088,0.000088
AGTTAAGCGGTCCCGG-1,0.128836,0.870955,0.000105,0.000105
AGTTAAGTCAACCGCT-1,0.716878,0.283064,0.000029,0.000029
AGTTACTCTATCGTGG-1,0.000652,0.999022,0.000163,0.000163
AGTTATTGAAAGGTAA-1,0.014823,0.97777,0.003704,0.003704
AGTTCCTATTTATGTT-1,0.003227,0.996368,0.000202,0.000202
AGTTCTGCGTTGTATC-1,0.949122,0.05085,0.000014,0.000014
AGTTGACATCGGCTGG-1,0.856024,0.14393,0.000023,0.000023
AGTTGACGGTCCTTGC-1,0.197883,0.801848,0.000134,0.000134
AGTTGCTGACTGATAT-1,0.818808,0.181136,0.000028,0.000028
AGTTGGCAAGGCTAGA-1,0.000642,0.999037,0.00016,0.00016
AGTTTCGCAGGTCGGA-1,0.000841,0.998739,0.00021,0.00021
AGTTTGCACCTGCCTC-1,0.002108,0.996839,0.000527,0.000527
AGTTTGGCACGGGTTG-1,0.207508,0.792336,0.000078,0.000078
AGTTTGGCCAGACCTA-1,0.292558,0.707255,0.000094,0.000094
ATAAACCATTGGACGG-1,0.872409,0.127003,0.000294,0.000294
ATAAACGGACCCGTAA-1,0.48856,0.511312,0.000064,0.000064
ATAAACGTTGCACCAC-1,0.212387,0.787385,0.000114,0.000114
ATAAAGGTCAAGTACG-1,0.005359,0.991963,0.001339,0.001339
ATAAATATTAGCAGCT-1,0.31036,0.689503,0.000069,0.000069
ATAACGGAGTCCAACG-1,0.337892,0.661903,0.000103,0.000103
ATAACGTTACCTCCAC-1,0.421034,0.578677,0.000144,0.000144
ATAAGGTGGAGAACAT-1,0.14848,0.851329,0.000095,0.000095
ATAAGTACCCGATTGT-1,0.00967,0.985499,0.002416,0.002415
ATAAGTTACCGCGACG-1,0.295632,0.704162,0.000103,0.000103
ATAATACCGTTAGCCG-1,0.702929,0.297019,0.000026,0.000026
ATAATAGCTGTTGAAT-1,0.752677,0.247227,0.000048,0.000048
ATAATAGTGTAGGGAC-1,0.40713,0.592773,0.000048,0.000048
ATAATCTTGGAGAACC-1,0.004236,0.993647,0.001059,0.001058
ATAATTAGCTAAGTAG-1,0.384516,0.613972,0.000756,0.000756
ATACAGGCCCTCCAAT-1,0.037971,0.961597,0.000216,0.000216
ATACCAGCAAATTGCT-1,0.279367,0.718781,0.000926,0.000926
ATACCAGGCTAATAGA-1,0.001161,0.998259,0.00029,0.00029
ATACCAGGTGAGCGAT-1,0.011707,0.982445,0.002924,0.002924
ATACCCTGGCTCAAAT-1,0.000503,0.999246,0.000126,0.000126
ATACCTAACCAAGAAA-1,0.000574,0.999139,0.000143,0.000143
ATACGCCGATCTACCG-1,0.004448,0.99333,0.001111,0.001111
ATACGCCGGCGAAACC-1,0.000351,0.999473,0.000088,0.000088
ATACGGAACGTCGTTT-1,0.081938,0.917823,0.000119,0.000119
ATACGGGTTTCGATTG-1,0.525757,0.473956,0.000144,0.000144
ATACGTACTTAGCCAC-1,0.307288,0.691633,0.00054,0.000539
ATACGTCCACTCCTGT-1,0.100649,0.899132,0.000109,0.000109
ATACGTTATGCACGGA-1,0.41496,0.583276,0.000882,0.000882
ATACTACCCGTACCAC-1,0.164297,0.834895,0.000404,0.000404
ATACTAGCATGACCCT-1,0.303812,0.695886,0.000151,0.000151
ATACTCTCGCCACTCT-1,0.726447,0.273469,0.000042,0.000042
ATACTGCCTTACACCG-1,0.000545,0.999183,0.000136,0.000136
ATAGAGTACTGGGACA-1,0.047138,0.952639,0.000112,0.000112
ATAGATTTGCAGTCGG-1,0.451494,0.546036,0.001235,0.001235
ATAGCAACTAGGGAAG-1,0.015858,0.983876,0.000133,0.000133
ATAGCCTCAGTACCCA-1,0.151613,0.848262,0.000063,0.000063
ATAGCTGCTCTTGTTA-1,0.443289,0.55657,0.000071,0.000071
ATAGGAATCTAAGCTT-1,0.755787,0.243963,0.000125,0.000125
ATAGGCGGCTATAGAA-1,0.43209,0.567815,0.000048,0.000048
ATAGGCTAGCTTCGCA-1,0.407617,0.592208,0.000087,0.000087
ATAGGGATATCCTTGA-1,0.26942,0.730266,0.000157,0.000157
ATAGGTTGGGCAGATG-1,0.309389,0.690132,0.00024,0.000239
ATAGTCTTTGACGTGC-1,0.611038,0.388578,0.000192,0.000192
ATAGTGAAGCGTTCTC-1,0.506695,0.493167,0.000069,0.000069
ATATAAAGCGCTCGTG-1,0.000833,0.998751,0.000208,0.000208
ATATAAATGTAGCTGC-1,0.321654,0.678144,0.000101,0.000101
ATATAACACGGGCGCA-1,0.000706,0.998941,0.000176,0.000176
ATATACGCTCGTGACG-1,0.008554,0.987172,0.002137,0.002137
ATATCGTGCCAGACCC-1,0.327446,0.667924,0.002316,0.002315
ATATCGTTCCTCGAAC-1,0.048228,0.951449,0.000161,0.000161
ATATCTCCCTCGTTAA-1,0.001242,0.998137,0.00031,0.00031
ATATTCAGTTAAACCT-1,0.184234,0.815565,0.0001,0.0001
ATATTCCACATAGTGA-1,0.329481,0.670247,0.000136,0.000136
ATATTCCCACAGGTCA-1,0.715404,0.284504,0.000046,0.000046
ATATTGCTGTCAAAGT-1,0.477477,0.522428,0.000048,0.000048
ATCAAACACTGTTCCA-1,0.40904,0.590845,0.000058,0.000058
ATCAAACGAAGGTTTG-1,0.794264,0.205693,0.000022,0.000022
ATCAATGCCGTGGCTG-1,0.003448,0.99483,0.000861,0.000861
ATCACATTAGAATATC-1,0.036157,0.96344,0.000201,0.000201
ATCACGTGCTAATTAA-1,0.297325,0.702541,0.000067,0.000067
ATCACTTCATCCTCGC-1,0.502205,0.497615,0.00009,0.00009
ATCAGACGGCACGCCG-1,0.328216,0.671612,0.000086,0.000086
ATCAGCCTCATGCTGC-1,0.132052,0.86732,0.000314,0.000314
ATCAGCTCGTCCACTA-1,0.060048,0.939734,0.000109,0.000109
ATCAGGTCGCCATTGC-1,0.617662,0.38208,0.000129,0.000129
ATCAGTAGGCAGGGAT-1,0.379401,0.620429,0.000085,0.000085
ATCATAGCCCTATGTA-1,0.524388,0.471418,0.002097,0.002096
ATCATCCAATATTTGT-1,0.252513,0.747254,0.000117,0.000116
ATCATCTGCCCAGTGT-1,0.695123,0.300147,0.002365,0.002364
ATCCAACGCAGTCATA-1,0.147548,0.852281,0.000085,0.000085
ATCCAATGGAGGGTCC-1,0.665832,0.33409,0.000039,0.000039
ATCCACATCGACAGAA-1,0.005294,0.99206,0.001323,0.001323
ATCCACGCTAAATGTT-1,0.008087,0.987872,0.002021,0.00202
ATCCACTTTCAGACTA-1,0.334961,0.664728,0.000156,0.000156
ATCCAGAGCAACAACC-1,0.275046,0.724798,0.000078,0.000078
ATCCAGGATTCGTGAA-1,0.039986,0.95974,0.000137,0.000137
ATCCCATCCACAGCGC-1,0.010109,0.984839,0.002526,0.002525
ATCCGGACCAGCCTGA-1,0.420217,0.579428,0.000178,0.000178
ATCCTACCTAAGCTCT-1,0.251986,0.747802,0.000106,0.000106
ATCCTGAATCGCTGCG-1,0.672174,0.327758,0.000034,0.000034
ATCCTGCGTGGAATGG-1,0.309439,0.69039,0.000086,0.000086
ATCCTGCTGCAGATAG-1,0.001054,0.99842,0.000263,0.000263
ATCGACCCAATACAGA-1,0.085561,0.914204,0.000118,0.000118
ATCGACTCTTTCCGTT-1,0.388789,0.610938,0.000137,0.000137
ATCGCACGATTGTTCA-1,0.276452,0.723393,0.000077,0.000077
ATCGCACGCCGGGAGA-1,0.295008,0.704732,0.00013,0.00013
ATCGCCAGTCAACATT-1,0.141728,0.858121,0.000076,0.000076
ATCGGAGACAGACGGC-1,0.129506,0.869857,0.000318,0.000318
ATCGGCAAGCAGTCCA-1,0.217828,0.781944,0.000114,0.000114
ATCGTCCAATCGAGTC-1,0.126449,0.873326,0.000112,0.000112
ATCGTTAGCTAGCGGA-1,0.201526,0.797954,0.00026,0.00026
ATCGTTCACTTTCGCC-1,0.000572,0.999142,0.000143,0.000143
ATCTAATATCCTACGG-1,0.004858,0.994927,0.000108,0.000108
ATCTAGCTTGTGAGGG-1,0.182378,0.817397,0.000113,0.000113
ATCTATCGATGATCAA-1,0.001629,0.997557,0.000407,0.000407
ATCTCATAAACCTACC-1,0.004731,0.992905,0.001182,0.001182
ATCTCCCACGGAATAT-1,0.554873,0.444228,0.00045,0.00045
ATCTCCCTGCAATCTA-1,0.397003,0.602777,0.00011,0.00011
ATCTGACATGGAAGGA-1,0.000698,0.998953,0.000174,0.000174
ATCTGATAGTGTCTTA-1,0.694775,0.305147,0.000039,0.000039
ATCTGCTGTTATCGCC-1,0.000488,0.999268,0.000122,0.000122
ATCTGGGCTGTTCTTG-1,0.530937,0.468246,0.000409,0.000408
ATCTGGTTAAGACTGT-1,0.158784,0.840995,0.00011,0.00011
ATCTGTAATTGTACCC-1,0.258474,0.741283,0.000121,0.000121
ATCTTATCGCACACCC-1,0.001225,0.998162,0.000306,0.000306
ATCTTGACCTGCAACG-1,0.007949,0.99196,0.000046,0.000046
ATGAAGCCAAGGAGCC-1,0.199983,0.799801,0.000108,0.000108
ATGACGCCGGCTCTAA-1,0.195208,0.804604,0.000094,0.000094
ATGACGCGTTCTATCC-1,0.00023,0.999655,0.000057,0.000057
ATGACTATCAGCTGTG-1,0.307244,0.692439,0.000159,0.000159
ATGACTATGCGACATT-1,0.098345,0.901377,0.000139,0.000139
ATGAGGAGTGTTAATC-1,0.113541,0.886269,0.000095,0.000095
ATGATCGGGAATAGAC-1,0.297143,0.702688,0.000084,0.000084
ATGATGCAATGGTACA-1,0.228963,0.770846,0.000095,0.000095
ATGCACGCGCTGTTCA-1,0.837281,0.162481,0.000119,0.000119
ATGCACTACCGCATTG-1,0.00031,0.999535,0.000077,0.000077
ATGCATGATCCAGGAT-1,0.346049,0.653713,0.000119,0.000119
ATGCATTCCGTGATGG-1,0.00327,0.995096,0.000817,0.000817
ATGCCAATCGCTCTGC-1,0.000482,0.999277,0.000121,0.000121
ATGCCATTTGCGACCA-1,0.000426,0.99936,0.000107,0.000107
ATGCCGGTTGATGGGA-1,0.587178,0.412604,0.000109,0.000109
ATGCGACAATTGGTCC-1,0.142851,0.856612,0.000268,0.000268
ATGCGAGTCCCACCAC-1,0.545281,0.454622,0.000049,0.000049
