Barcode,Topic 1,Topic 2to4,Topic 5to8
AAACAAGTATCTCCCA-1,0.000207,0.050346,0.949447
AAACACCAATAACTGC-1,0.001605,0.191614,0.806781
AAACAGAGCGACTCCT-1,0.000707,0.33693,0.662362
AAACAGTGTTCCTGGG-1,0.005445,0.573664,0.420891
AAACATGGTGAGAGGA-1,0.000699,0.002098,0.997203
AAACATTTCCCGGATT-1,0.000188,0.090182,0.90963
AAACCACTACACAGAT-1,0.00202,0.784596,0.213384
AAACCCGAACGAAATC-1,0.465077,0.022634,0.512289
AAACCGGAAATGTTAA-1,0.000148,0.678568,0.321284
AAACCGTTCGTCCAGG-1,0.000149,0.000447,0.999405
AAACCTAAGCAGCCGG-1,0.001788,0.09571,0.902502
AAACGAAGAACATACC-1,0.000031,0.204953,0.795016
AAACGAAGATGGAGTA-1,0.004468,0.013407,0.982125
AAACGACAGTCTTGCC-1,0.001545,0.376523,0.621932
AAACGAGACGGTTGAT-1,0.000209,0.128599,0.871193
AAACGCCCGAGATCGG-1,0.001714,0.303651,0.694635
AAACGCTGGGCACGAC-1,0.00026,0.846841,0.152898
AAACGGGCGTACGGGT-1,0.000423,0.051001,0.948576
AAACGGTTGCGAACTG-1,0.004636,0.27147,0.723894
AAACGTGTTCGCCCTA-1,0.004174,0.38811,0.607716
AAACTAACGTGGCGAC-1,0.001842,0.042197,0.955962
AAACTCGGTTCGCAAT-1,0.00596,0.309236,0.684804
AAACTCGTGATATAAG-1,0.000161,0.018183,0.981656
AAACTTAATTGCACGC-1,0.002052,0.006159,0.99179
AAAGAATGACCTTAGA-1,0.002157,0.006505,0.991338
AAAGAATGTGGACTAA-1,0.000319,0.120632,0.879049
AAAGACCCAAGTCGCG-1,0.000037,0.794743,0.205221
AAAGACTGGGCGCTTT-1,0.000052,0.733457,0.26649
AAAGCTTGCCTACATA-1,0.000754,0.002263,0.996983
AAAGGCCCTATAATAC-1,0.002275,0.00683,0.990895
AAAGGCTACGGACCAT-1,0.003912,0.263685,0.732403
AAAGGCTCTCGCGCCG-1,0.000782,0.067677,0.931541
AAAGGGATGTAGCAAG-1,0.000185,0.092264,0.907551
AAAGGGCAGCTTGAAT-1,0.000054,0.743835,0.256111
AAAGGTAAGCTGTACC-1,0.003051,0.009168,0.987781
AAAGTAGCATTGCTCA-1,0.000306,0.000918,0.998776
AAAGTCACTGATGTAA-1,0.000017,0.943761,0.056223
AAAGTGCCATCAATTA-1,0.000148,0.926457,0.073395
AAAGTGTGATTTATCT-1,0.000132,0.018165,0.981704
AAAGTTGACTCCCGTA-1,0.000306,0.000919,0.998775
AAATAACCATACGGGA-1,0.004035,0.012113,0.983852
AAATAAGGTAGTGCCC-1,0.000017,0.028778,0.971205
AAATACCTATAAGCAT-1,0.000014,0.019669,0.980316
AAATAGGGTGCTATTG-1,0.008243,0.000636,0.991121
AAATCCGATACACGCC-1,0.000782,0.002348,0.996869
AAATCGCGGAAGGAGT-1,0.0009,0.002702,0.996397
AAATCTAGCCCTGCTA-1,0.000284,0.290442,0.709273
AAATCTGCCCGCGTCC-1,0.002317,0.006959,0.990724
AAATGACTGATCAAAC-1,0.00021,0.101215,0.898575
AAATGATTCGATCAGC-1,0.010628,0.001716,0.987656
AAATGCTCGTTACGTT-1,0.000016,0.959794,0.040191
AAATGGCATGTCTTGT-1,0.00029,0.00087,0.99884
AAATGGCCCGTGCCCT-1,0.001434,0.049014,0.949552
AAATGGTCAATGTGCC-1,0.000154,0.008206,0.99164
AAATGTATCTTATCCC-1,0.000178,0.054851,0.94497
AAATTAACGGGTAGCT-1,0.167483,0.185947,0.64657
AAATTAATAAGCGCGA-1,0.000683,0.536008,0.463309
AAATTACACGACTCTG-1,0.003475,0.220511,0.776013
AAATTACCTATCGATG-1,0.000517,0.031335,0.968148
AAATTGATAGTCCTTT-1,0.00298,0.008944,0.988076
AAATTGCGGCGGTTCT-1,0.000105,0.305432,0.694463
AAATTGGTGAGAAGCA-1,0.003382,0.010157,0.986461
AAATTTACCGAAATCC-1,0.0003,0.635364,0.364336
AAATTTGCGGGTGTGG-1,0.000535,0.001605,0.99786
AACAACTGGTAGTTGC-1,0.000121,0.222236,0.777642
AACAATACATTGTCGA-1,0.002053,0.00616,0.991787
AACAATTACTCTACGC-1,0.000123,0.2374,0.762477
AACACACGCTCGCCGC-1,0.001026,0.139674,0.8593
AACACGACTGTACTGA-1,0.000145,0.000434,0.999422
AACACGCGGCCGCGAA-1,0.000043,0.332592,0.667365
AACAGCTGTGTGGCAA-1,0.002979,0.22438,0.772641
AACAGGAAATCGAATA-1,0.000659,0.001977,0.997364
AACAGGATGGGCCGCG-1,0.000108,0.120132,0.87976
AACAGGTAGTATGGAT-1,0.000846,0.002538,0.996616
AACATAGCGTGTATCG-1,0.001738,0.123706,0.874555
AACATATCAACTGGTG-1,0.000079,0.040793,0.959128
AACATCGATACGTCTA-1,0.005956,0.246344,0.7477
AACATTGAAGTTGATC-1,0.003476,0.65754,0.338985
AACATTGGTCAGCCGT-1,0.000311,0.3633,0.636389
AACATTGTGACTCGAG-1,0.006586,0.019781,0.973633
AACCAAGACTTCTCTG-1,0.001018,0.23278,0.766203
AACCAGTATCACTCTT-1,0.000561,0.228851,0.770588
AACCATAGGGTTGAAC-1,0.002721,0.008166,0.989113
AACCATGGGATCGCTA-1,0.000076,0.022092,0.977832
AACCCAGAGACGGAGA-1,0.00074,0.71714,0.28212
AACCCATCCCATGATC-1,0.000672,0.002018,0.997309
AACCCGACAACCCGTG-1,0.003477,0.247385,0.749138
AACCCGAGCAGAATCG-1,0.000113,0.151086,0.848801
AACCCGATAGGGCTTC-1,0.001331,0.221362,0.777307
AACCCGCTGTATTCCA-1,0.000564,0.374973,0.624463
AACCCTACTGTCAATA-1,0.001626,0.173072,0.825303
AACCCTGGTGGAACCA-1,0.001253,0.003757,0.99499
AACCGAGCTTGGTCAT-1,0.00023,0.000691,0.999079
AACCGCTAAGGGATGC-1,0.000396,0.399458,0.600145
AACCGTTGTGTTTGCT-1,0.000158,0.416534,0.583309
AACCTCGCTTTAGCCC-1,0.000894,0.427232,0.571874
AACCTTTAAATACGGT-1,0.000318,0.033301,0.966381
AACCTTTACGACGTCT-1,0.002195,0.157907,0.839898
AACGAAAGTCGTCCCA-1,0.002555,0.007666,0.989779
AACGACCTCCTAGCCG-1,0.000948,0.10642,0.892631
AACGATAATGCCGTAG-1,0.000588,0.001764,0.997648
AACGATAGAAGGGCCG-1,0.000073,0.466152,0.533776
AACGATATGTCAACTG-1,0.000238,0.548232,0.45153
AACGCATGATCTGGGT-1,0.002554,0.070852,0.926594
AACGCGAACGGCAACA-1,0.000266,0.128258,0.871476
AACGCGACCTTGGGCG-1,0.008344,0.274357,0.717299
AACGCGGTCTCCAGCC-1,0.000082,0.000246,0.999672
AACGCTGTTGCTGAAA-1,0.000533,0.293668,0.705799
AACGGACGTACGTATA-1,0.00084,0.002522,0.996638
AACGGCCATCTCCGGT-1,0.000177,0.00053,0.999294
AACGTACTGTGGGTAC-1,0.000024,0.000072,0.999904
AACGTCAGACTAGTGG-1,0.000099,0.635559,0.364342
AACGTCATCCGGCTTG-1,0.000455,0.100846,0.898699
AACGTCGCTGCACTTC-1,0.000167,0.821721,0.178113
AACGTGATGAAGGACA-1,0.002782,0.008349,0.988869
AACGTGCGAAAGTCTC-1,0.000122,0.000367,0.99951
AACGTTATCAGCACCT-1,0.000106,0.192458,0.807436
AACGTTCTACCATTGT-1,0.000243,0.589687,0.410071
AACTACCCGTTTGTCA-1,0.00236,0.167301,0.830339
AACTAGCGTATCGCAC-1,0.000489,0.389368,0.610143
AACTAGGCTTGGGTGT-1,0.001926,0.08359,0.914484
AACTCCAGAGCGTGTT-1,0.000626,0.001878,0.997496
AACTCCTAATCCCATG-1,0.001304,0.182828,0.815869
AACTCGATAAACACGT-1,0.000118,0.355601,0.644281
AACTCGATGGCGCAGT-1,0.001956,0.491961,0.506083
AACTCTCAGTGTGCTC-1,0.00061,0.001833,0.997557
AACTGAGGTCAGCGTC-1,0.004469,0.013423,0.982108
AACTGAGTTATACTGA-1,0.08707,0.432056,0.480874
AACTGATATTAGGCCT-1,0.000515,0.173648,0.825836
AACTGGGTCCCGACGT-1,0.000076,0.042515,0.957409
AACTGGGTTCGAGCCG-1,0.001375,0.354768,0.643856
AACTGGTGTGGGCCTT-1,0.000027,0.859043,0.140931
AACTTCTGCGTCTATC-1,0.000081,0.210551,0.789369
AACTTGCCCGTATGCA-1,0.000644,0.940722,0.058634
AACTTGCGTTCTCGCG-1,0.000013,0.370338,0.629649
AACTTTACGGGAGCTT-1,0.000223,0.00067,0.999107
AACTTTAGCTGCTGAG-1,0.000131,0.294196,0.705674
AACTTTCTCGATCATG-1,0.000476,0.082847,0.916677
AAGAAAGTTTGATGGG-1,0.000914,0.190785,0.808301
AAGAAATCACCAGATT-1,0.000427,0.001282,0.99829
AAGAAGGATCAGTTAG-1,0.000048,0.688184,0.311768
AAGACATACGTGGTTT-1,0.000251,0.000753,0.998996
AAGACCAAATAACTCA-1,0.000823,0.216083,0.783094
AAGACCCAACTGAACA-1,0.046006,0.010149,0.943845
AAGACTAACCCGTTGT-1,0.001814,0.254869,0.743317
AAGACTCACGCCCACT-1,0.001192,0.161732,0.837076
AAGACTGCAAGCTACT-1,0.000076,0.035466,0.964458
AAGAGATGAATCGGTA-1,0.000035,0.873752,0.126213
AAGAGCTCTTTATCGG-1,0.0002,0.11155,0.88825
AAGAGGCATGGATCGC-1,0.000635,0.001907,0.997458
AAGAGGCCCTTTGGAA-1,0.000215,0.02762,0.972165
AAGATGGCACCGGACC-1,0.002318,0.006956,0.990727
AAGATTGGCGGAACGT-1,0.00026,0.14722,0.85252
AAGCACCCTGCGTATC-1,0.001073,0.003212,0.995715
AAGCATACTCTCCTGA-1,0.000128,0.115162,0.88471
AAGCCACTTGCAGGTA-1,0.042038,0.124568,0.833394
AAGCCGAAGCGGTTTA-1,0.000183,0.000548,0.999269
AAGCCGCCGTGAAATC-1,0.003131,0.009394,0.987474
AAGCCGCTTTACCTTG-1,0.007357,0.223244,0.769398
AAGCCGGAGAGCAGGA-1,0.00048,0.32406,0.67546
AAGCGCAGGGCTTTGA-1,0.001787,0.460159,0.538053
AAGCGGAGTGCGCGCA-1,0.00184,0.186294,0.811866
AAGCGGCGTCATGGGT-1,0.001181,0.601161,0.397658
AAGCGTCCCTCATCGA-1,0.001815,0.005445,0.99274
AAGCTAGATCGAGTAA-1,0.000031,0.000092,0.999878
AAGCTCGTGCCAAGTC-1,0.00423,0.00064,0.99513
AAGCTCTTTCATGGTG-1,0.002608,0.225939,0.771453
AAGGAGAACTTATAAG-1,0.000503,0.243574,0.755924
AAGGAGCGGTTGGTGC-1,0.000171,0.279174,0.720655
AAGGATGAGGGACCTC-1,0.000813,0.250472,0.748716
AAGGCAGGCTGTCTCC-1,0.021991,0.130916,0.847093
AAGGCGCGTAAAGCTT-1,0.000041,0.885425,0.114534
AAGGCTGTGCTCATCG-1,0.000112,0.660004,0.339884
AAGGGAACGACTGGCT-1,0.003383,0.010153,0.986464
AAGGGACAGATTCTGT-1,0.000447,0.001342,0.998211
AAGGGACTATGCATTC-1,0.006258,0.577841,0.415901
AAGGGTTAGCCATGCG-1,0.000484,0.001451,0.998066
AAGGGTTTGATTTCAG-1,0.000986,0.311979,0.687035
AAGGTATCCTAATATA-1,0.000719,0.058979,0.940301
AAGGTGATAAACCAGC-1,0.000358,0.014285,0.985358
AAGTAGAAGACCGGGT-1,0.001578,0.199528,0.798894
AAGTAGTGACGCGAGG-1,0.000262,0.084478,0.91526
AAGTCAATTGTCGTCA-1,0.011458,0.000477,0.988065
AAGTCTAGTAGCTGCC-1,0.000574,0.106673,0.892753
AAGTGAGTCGGGTTTA-1,0.006256,0.018781,0.974962
AAGTGCAAAGGTAGAC-1,0.00008,0.56667,0.43325
AAGTGCCTTGACTGTA-1,0.013049,0.000226,0.986725
AAGTGCGTTAGAATCT-1,0.000413,0.00124,0.998347
AAGTGCTTCTCTATTG-1,0.013893,0.04169,0.944417
AAGTGTTTGGAGACGG-1,0.001046,0.003131,0.995823
AAGTTCACTCCAAGCT-1,0.001129,0.069727,0.929144
AAGTTCAGTCTGCGTA-1,0.000472,0.055996,0.943532
AAGTTGTGATGTTATA-1,0.000501,0.001503,0.997997
AAGTTTACTAATGGCA-1,0.000529,0.921934,0.077537
AAGTTTATGGGCCCAA-1,0.004315,0.012952,0.982733
AATAACAACGCTCGGC-1,0.00117,0.419581,0.579248
AATAACACTAGAACAA-1,0.000254,0.000762,0.998984
AATAACGTCGCGCCCA-1,0.000401,0.629379,0.37022
AATAAGTCCTCGAGAC-1,0.000559,0.200839,0.798602
AATAATCTTCGTATCG-1,0.000253,0.512111,0.487636
AATACAATGTTTCAGG-1,0.000056,0.800174,0.19977
AATACCGGAGGGCTGT-1,0.003129,0.009389,0.987482
AATACCTGATGTGAAC-1,0.001051,0.003157,0.995792
AATAGAACAGAGTGGC-1,0.000554,0.130171,0.869275
AATAGAATCTGTTTCA-1,0.000588,0.086559,0.912853
AATAGCAAGCCTCCTG-1,0.000829,0.037726,0.961445
AATAGCTACCGCGTGC-1,0.002503,0.269212,0.728285
AATAGTCCGTCCCGAC-1,0.000455,0.001366,0.998179
AATAGTCGCGAGTCGG-1,0.000132,0.104911,0.894957
AATATCAAGGTCGGAT-1,0.000034,0.810754,0.189212
AATATCGAATCAATGC-1,0.001841,0.005523,0.992636
AATATCGAGGGTTCTC-1,0.002168,0.010524,0.987309
AATATTGGAGTATTGA-1,0.001814,0.191724,0.806462
AATCAGACTGCAGGAC-1,0.000245,0.037876,0.961879
AATCAGGTTTCATTTA-1,0.005006,0.309107,0.685886
AATCATGTAAAGACTC-1,0.00039,0.244908,0.754702
AATCCAAGGGCCTGAG-1,0.000048,0.606504,0.393447
AATCCATGCAAGGGTG-1,0.000081,0.027725,0.972195
AATCCCGCTCAGAGCC-1,0.000433,0.242686,0.756881
AATCGAGGTCTCAAGG-1,0.00015,0.057205,0.942645
AATCGCGCAGAGGACT-1,0.001203,0.084747,0.914049
AATCGGGACACTACGA-1,0.000077,0.545212,0.454711
AATCGGTATAGCCCTC-1,0.000327,0.163169,0.836504
AATCGTGAGCCGAGCA-1,0.002407,0.007223,0.99037
AATCTAGGTTTACTTG-1,0.00149,0.254864,0.743646
AATCTATGCCGGAGCC-1,0.000043,0.000129,0.999828
AATCTGCGTTGGGACG-1,0.000229,0.044877,0.954894
AATCTGGCTTTCTAGT-1,0.002361,0.007089,0.990549
AATCTGGGTAGACCCT-1,0.000121,0.374434,0.625445
AATGACAGCAATGTCT-1,0.00058,0.001739,0.99768
AATGACTGTCAGCCGG-1,0.000036,0.926277,0.073687
AATGAGTTCGCATATG-1,0.000069,0.397197,0.602734
AATGATGATACGCTAT-1,0.000948,0.002846,0.996206
AATGATGCGACTCCTG-1,0.004815,0.054444,0.940742
AATGCAACCGGGTACC-1,0.000124,0.317349,0.682527
AATGCACCAAGCAATG-1,0.000759,0.276889,0.722353
AATGGCCGCCAATGCG-1,0.002553,0.007668,0.989779
AATGGTCCACCGTTCA-1,0.000086,0.275158,0.724755
AATGGTTCTCACAAGC-1,0.000125,0.302148,0.697728
AATGTATGGCACTGTA-1,0.002723,0.008172,0.989106
AATGTGCCCGAGGTGT-1,0.002276,0.006831,0.990894
AATGTGCTAATCTGAG-1,0.00596,0.017894,0.976146
AATGTTAAGACCCTGA-1,0.003793,0.287569,0.708638
AATGTTGTCGTGAGAC-1,0.000218,0.190507,0.809275
AATTAACGGATTTCCA-1,0.001986,0.163108,0.834906
AATTACGAGACCCATC-1,0.003792,0.011382,0.984825
AATTACTCGTACGCTC-1,0.00018,0.645647,0.354173
AATTAGCGCTGCAGCG-1,0.001516,0.0263,0.972184
AATTATACCCAGCAAG-1,0.000813,0.093845,0.905342
AATTCATAAGGGATCT-1,0.000384,0.089722,0.909894
AATTCATTGTCATGCA-1,0.005214,0.015658,0.979128
AATTCCAACTTGGTGA-1,0.001691,0.621576,0.376732
AATTCCAAGCATGTAC-1,0.008937,0.026824,0.964238
AATTCGATTCGAGGAT-1,0.005214,0.678251,0.316535
AATTCTAGAGTTAGGC-1,0.000431,0.037032,0.962537
AATTGAACGCTCTGGT-1,0.00032,0.12062,0.87906
AATTGCAGCAATCGAC-1,0.000818,0.43651,0.562671
AATTGCGTGGATTACA-1,0.005956,0.017886,0.976158
AATTGTGGTTGCCAAA-1,0.000349,0.1241,0.875552
AATTTGGGACATAGTA-1,0.006257,0.018787,0.974956
AATTTGGTTCCAAAGA-1,0.000031,0.028898,0.97107
ACAAACCATGCGTCCT-1,0.002663,0.328268,0.66907
ACAAACTCCATCAGAG-1,0.003051,0.311554,0.685394
ACAAAGCATGACCTAG-1,0.000182,0.156867,0.842951
ACAAATCGCACCGAAT-1,0.000829,0.055634,0.943537
ACAAATGGTAGTGTTT-1,0.000212,0.07739,0.922398
ACAAATTCAGATCTGA-1,0.000258,0.046926,0.952816
ACAACAGCATGAGCTA-1,0.000149,0.015449,0.984402
ACAACGGTCCCTGCGA-1,0.000154,0.056295,0.943551
ACAAGCAGTGCCTAGC-1,0.000117,0.162746,0.837137
ACAAGGAAATCCGCCC-1,0.000426,0.001278,0.998296
ACAAGGACAAGAGGTT-1,0.000126,0.000378,0.999497
ACAAGGATGCTTTAGG-1,0.000591,0.077098,0.922311
ACAAGGCCTACCAGCC-1,0.003476,0.382146,0.614378
ACAATCCATTTAAACC-1,0.025697,0.462297,0.512006
ACAATCGATCTTTATA-1,0.000435,0.202093,0.797472
ACAATGAATACGGAGA-1,0.001277,0.003833,0.99489
ACAATGATTCTTCTAC-1,0.000818,0.002455,0.996727
ACAATTGTGTCTCTTT-1,0.001118,0.575542,0.423341
ACAATTTAGGAGGCTC-1,0.000185,0.020109,0.979706
ACAATTTGAGCAGTGG-1,0.001626,0.004878,0.993496
ACAATTTGGCCATATT-1,0.000459,0.001376,0.998165
ACACAAAGACGGGTGG-1,0.000092,0.269443,0.730465
ACACAAATATTCCTAG-1,0.002276,0.283331,0.714394
ACACACCAGGACCAGT-1,0.000274,0.068675,0.931051
ACACACTTTCTACACG-1,0.000242,0.03885,0.960908
ACACATGATCAAATCT-1,0.002553,0.007666,0.989781
ACACATTGACGCAACA-1,0.000284,0.168685,0.831031
ACACATTTCCGTAGAC-1,0.000378,0.806305,0.193317
ACACCACATAATTAGC-1,0.003821,0.025111,0.971068
ACACCCAGCATGCAGC-1,0.000062,0.29566,0.704279
ACACCCGAGAAATCCG-1,0.000084,0.243984,0.755932
ACACCGAGCGCTCTTT-1,0.000131,0.121051,0.878818
ACACCGGTCTGACCGC-1,0.002847,0.283471,0.713682
ACACCTTAAGTAGGGC-1,0.000144,0.260335,0.73952
ACACCTTACTACTTGC-1,0.000963,0.00289,0.996148
ACACGAGACTCCTTCT-1,0.000187,0.00056,0.999254
ACACGGCACTATGCAT-1,0.000935,0.377532,0.621533
ACACGGGAACTTAGGG-1,0.000813,0.055392,0.943795
ACACGTAGGCCACAAG-1,0.000119,0.033571,0.966311
ACACTCCAATGTCACT-1,0.000431,0.965357,0.034212
ACACTGATCAAGGTGT-1,0.000429,0.143945,0.855626
ACACTGGGACAGTCGT-1,0.000076,0.579173,0.420751
ACAGAACTGAGAACAA-1,0.000265,0.000794,0.998941
ACAGATTAGGTTAGTG-1,0.00007,0.4705,0.529429
ACAGCATAGAGCCAGT-1,0.000137,0.01898,0.980883
ACAGCGACATTCTCAT-1,0.000135,0.000404,0.999461
ACAGCGCACCCGCAGC-1,0.001763,0.005292,0.992945
ACAGGAGGCGCAGCCG-1,0.004171,0.012523,0.983306
ACAGGCACGGATCCTT-1,0.002196,0.006594,0.991209
ACAGGCTTGCCCGACT-1,0.002607,0.007825,0.989568
ACAGGTGGAGGTGAGG-1,0.000026,0.00363,0.996344
ACAGTATACCGTGGGA-1,0.003912,0.011741,0.984347
ACATAAGTCGTGGTGA-1,0.000452,0.001356,0.998192
ACATAATAAGGCGGTG-1,0.000087,0.000261,0.999652
ACATACAATCAAGCGG-1,0.000292,0.653128,0.34658
ACATCAGCTGGGACGC-1,0.000059,0.696162,0.303779
ACATCCCGGCCATACG-1,0.000081,0.000243,0.999676
ACATCCTGGTAACTGT-1,0.011509,0.003795,0.984696
ACATCGTATGCAATGG-1,0.000635,0.182155,0.817209
ACATCGTTAACCTAGT-1,0.000649,0.273039,0.726313
ACATCTCAACGCGTAA-1,0.000948,0.148648,0.850403
ACATGCTTACGGCAGC-1,0.001669,0.279768,0.718562
ACATGGCGCCAAAGTA-1,0.001159,0.003477,0.995364
ACATGGCTCAATTTAG-1,0.001223,0.031505,0.967272
ACATTAGTTTATATCC-1,0.000053,0.00252,0.997427
ACATTCGCGCGGAATA-1,0.002979,0.008948,0.988073
ACATTTGAAACCTAAC-1,0.000237,0.578141,0.421622
ACCAAACACCCAGCGA-1,0.00417,0.470455,0.525375
ACCAAACTAGAAATCC-1,0.003732,0.19976,0.796508
ACCAACACCACACACT-1,0.001763,0.10395,0.894287
ACCAACCGCACTCCAC-1,0.001264,0.003796,0.99494
ACCAACGCTTATTTAT-1,0.000246,0.046289,0.953464
ACCAAGAACGCGTGTC-1,0.001658,0.998283,0.000059
ACCAAGTCATCGGCAG-1,0.000369,0.001108,0.998523
ACCAATATGCAAGTTA-1,0.000582,0.001766,0.997652
ACCACAACTCAGAACA-1,0.003127,0.009391,0.987482
ACCACAAGTTTCTATC-1,0.000047,0.503269,0.496684
ACCACACGGTTGATGG-1,0.000585,0.897048,0.102367
ACCACCAATGTAACAA-1,0.00021,0.00063,0.99916
ACCACCCTCTCTTCTA-1,0.00029,0.046294,0.953416
ACCACGTGCAGCTATA-1,0.003768,0.032293,0.963939
ACCACTGTTCAAGAAG-1,0.000219,0.094091,0.90569
ACCAGCCCGGTCTTTG-1,0.001925,0.00578,0.992295
ACCAGTGCCCGGTCAA-1,0.001762,0.005292,0.992946
ACCAGTGCGGGAGACG-1,0.001026,0.003079,0.995896
ACCATATCCGCAATAA-1,0.000763,0.118272,0.880965
ACCATTAAGGGTGTCA-1,0.000164,0.018384,0.981452
ACCCAACGCCCGTGGC-1,0.001472,0.004419,0.994108
ACCCACCTACATGCTC-1,0.000101,0.368242,0.631657
ACCCATCTTGAGGGTA-1,0.001345,0.074877,0.923778
ACCCATTTGTCCCTCT-1,0.002121,0.006367,0.991513
ACCCGAGCGAAATTAC-1,0.002663,0.007992,0.989345
ACCCGATTGGTTCCGA-1,0.008936,0.026813,0.964252
ACCCGGAAACTCCCAG-1,0.000303,0.083402,0.916295
ACCCGGAGCACCACAA-1,0.00048,0.00144,0.998081
ACCCGTAGCAGAGAAT-1,0.003128,0.219702,0.777169
ACCCGTAGTCTAGTTG-1,0.000038,0.985147,0.014816
ACCCGTGTCATCAGTA-1,0.002556,0.169234,0.82821
ACCCTATAGGACTGAG-1,0.000124,0.321899,0.677978
ACCCTATGCCATATCG-1,0.005965,0.017888,0.976147
ACCCTCCCGTCAGGGC-1,0.002235,0.784371,0.213394
ACCCTCCCTTGCTATT-1,0.000635,0.086913,0.912452
ACCCTGGTAACGCCCT-1,0.001117,0.112013,0.886869
ACCCTTCATCTGCGAA-1,0.00084,0.002521,0.996638
ACCCTTGCCTGGGTCG-1,0.002319,0.227821,0.76986
ACCCTTTAGTTCTCCA-1,0.00447,0.013414,0.982116
ACCGAAAGGGCCCTGC-1,0.003702,0.13219,0.864108
ACCGAAGAGTCTGGTT-1,0.001564,0.004694,0.993742
ACCGACACATCTCCCA-1,0.003209,0.316804,0.679987
ACCGACTGAGTCCCAC-1,0.000298,0.048429,0.951273
ACCGAGTCTCCTTATT-1,0.002235,0.141854,0.855911
ACCGATAGGCATAACC-1,0.000243,0.042477,0.95728
ACCGATATTTAATCAT-1,0.000132,0.877378,0.12249
ACCGCAATAACTGCCT-1,0.001251,0.003757,0.994991
ACCGCGGTGGAAGTCG-1,0.00011,0.026378,0.973511
ACCGCTAGTCATTGGT-1,0.001277,0.003833,0.99489
ACCGGGCCTTTGTTGA-1,0.00024,0.055244,0.944517
ACCGGTCAGGTACACC-1,0.000736,0.00221,0.997054
ACCGGTCTGAGTACGG-1,0.002844,0.331963,0.665193
ACCGTCCACTGGGCCC-1,0.001376,0.464126,0.534498
ACCGTGACCACGTGGG-1,0.000556,0.088544,0.9109
ACCGTTCCCGCTCTGA-1,0.000103,0.186701,0.813196
ACCTAAGTACCTTTCA-1,0.007635,0.000526,0.991839
ACCTAATCGACTTCCT-1,0.000178,0.028161,0.971661
ACCTACAGTATGTGGT-1,0.001127,0.003385,0.995488
ACCTACTATAAATCTA-1,0.003576,0.010737,0.985687
ACCTCAGCGAGGCGCA-1,0.000421,0.001265,0.998314
ACCTCCGCCCTCGCTG-1,0.000513,0.111575,0.887912
ACCTCGAACTTATGCT-1,0.003053,0.009159,0.987788
ACGAAATGGGCGGCAC-1,0.000053,0.512982,0.486965
ACGACCCATGAGTTGC-1,0.000176,0.899605,0.10022
ACGACTCTAGGGCCGA-1,0.001088,0.053041,0.94587
ACGACTGGTCATACTC-1,0.010427,0.031298,0.958275
ACGAGAACCCATCACG-1,0.000034,0.40828,0.591686
ACGAGATATTTGCTTA-1,0.000582,0.42842,0.570998
ACGAGGATACCACTCT-1,0.013207,0.165361,0.821433
ACGAGGTTTACAACGT-1,0.00291,0.008734,0.988355
ACGAGTACGGATGCCC-1,0.001193,0.000192,0.998615
ACGAGTCGCCGGCGTT-1,0.000076,0.597063,0.402861
ACGATACATAGAACTA-1,0.00046,0.240611,0.758929
ACGATACCTATCCTGA-1,0.000131,0.035416,0.964454
ACGATCATACATAGAG-1,0.000457,0.227639,0.771904
ACGATGCATATGTTAT-1,0.001391,0.181665,0.816944
ACGATGGATCCGATGC-1,0.001472,0.004419,0.994109
ACGCAAACTAATAGAT-1,0.003385,0.421939,0.574677
ACGCAATCACTACAGC-1,0.000016,0.008748,0.991236
ACGCATAAATGACATG-1,0.001239,0.157184,0.841577
ACGCATACGTTTACTA-1,0.000113,0.000339,0.999548
ACGCATTCGTGAGTAC-1,0.129822,0.002703,0.867476
ACGCCACTCGAAACAG-1,0.000288,0.171568,0.828143
ACGCCAGATGATTTCT-1,0.000507,0.001521,0.997972
ACGCCAGTGCGTTTGC-1,0.000377,0.512016,0.487607
ACGCCCAGCTGTCGAT-1,0.000802,0.328656,0.670542
ACGCGAAGTCAGACGA-1,0.000045,0.000135,0.99982
ACGCGGGCCAAGGACA-1,0.443305,0.000515,0.556181
ACGCGTTTCTTAAGAG-1,0.000137,0.000411,0.999452
ACGCTACTGAATGGGC-1,0.000547,0.339653,0.6598
ACGCTAGTGATACACT-1,0.000059,0.043987,0.955954
ACGCTTAGTGTCTCTC-1,0.003293,0.228347,0.768359
ACGGAACACGAGTGCC-1,0.000526,0.001578,0.997896
ACGGAATTTAGCAAAT-1,0.000076,0.360453,0.63947
ACGGACGCAGCGACAA-1,0.001787,0.171183,0.827029
ACGGACTCTCAAAGCG-1,0.002195,0.226842,0.770963
ACGGAGCGCAAATTAC-1,0.004813,0.446116,0.549072
ACGGATGGTGCGGATA-1,0.000745,0.087469,0.911786
ACGGCACTTGCTTGGG-1,0.000041,0.000122,0.999837
ACGGCCAACATGGACT-1,0.000101,0.147568,0.852331
ACGGCGACGATGGGAA-1,0.000186,0.000559,0.999255
ACGGCGGGTTGCCCTG-1,0.002525,0.103706,0.89377
ACGGCTGGATGTAGAA-1,0.000511,0.193824,0.805665
ACGGGCGTATGCGACA-1,0.000132,0.057185,0.942683
ACGGGTCATGTGACTT-1,0.0002,0.211901,0.787899
ACGGGTTGTGACCTGT-1,0.004318,0.209265,0.786417
ACGGTACAGTTCAATG-1,0.000813,0.076733,0.922454
ACGGTCACCGAGAACA-1,0.002914,0.270763,0.726323
ACGTACAGATTTCTCT-1,0.000155,0.000466,0.999379
ACGTACTTTGGCACGG-1,0.005439,0.418681,0.575879
ACGTAGATTGCTGATG-1,0.000347,0.039944,0.95971
ACGTAGGAGAGTCGCT-1,0.000206,0.123665,0.876129
ACGTATTACTCCGATC-1,0.000424,0.067662,0.931914
ACGTCGGGCAACTCGG-1,0.007361,0.022102,0.970538
ACGTGACAAAGTAAGT-1,0.000703,0.063409,0.935888
ACGTGCGCCTCGTGCA-1,0.000217,0.226495,0.773289
ACGTGGTCGAATGTGC-1,0.01138,0.001356,0.987264
ACGTTAATGTCGAAGA-1,0.000691,0.002075,0.997233
ACGTTATTGGTCACTC-1,0.000156,0.000468,0.999376
ACGTTCACTATGCCGC-1,0.008342,0.958259,0.033399
ACGTTCCGCGCTCCGT-1,0.000029,0.930503,0.069468
ACGTTCGTTCAGGAAA-1,0.002319,0.332579,0.665103
ACGTTCTGTACAAGTC-1,0.002318,0.400874,0.596808
ACGTTGTCGTTGAAAG-1,0.000192,0.134878,0.864931
ACGTTTAGTTGTGATC-1,0.000377,0.093747,0.905876
ACGTTTCGGTGCACTT-1,0.000941,0.329149,0.669909
ACTAAGGACGCACACC-1,0.001814,0.187225,0.810961
ACTAATACGTCAGGCG-1,0.000652,0.236285,0.763064
ACTACAAAGAGAGGTG-1,0.000234,0.03543,0.964336
ACTACATCCCGACAAG-1,0.001444,0.004318,0.994238
ACTACCAGCTCTCTGG-1,0.000147,0.569264,0.430589
ACTACCATCCGAGGGC-1,0.002158,0.006476,0.991366
ACTACGCGTTAGAATT-1,0.004816,0.014448,0.980736
ACTAGTTGCGATCGTC-1,0.000143,0.00043,0.999426
ACTATATGCTGTGTTC-1,0.004172,0.201057,0.794771
ACTATCGCCGGCTAAA-1,0.000283,0.090709,0.909008
ACTATCTGCCCGCGTA-1,0.000163,0.000488,0.999349
ACTATGTCCAGCTGCC-1,0.002454,0.007369,0.990177
ACTATTCGTCCGTGGT-1,0.00184,0.120625,0.877534
ACTATTTCCGGGCCCA-1,0.003132,0.113667,0.883202
ACTCAACGAATGTATT-1,0.000041,0.574741,0.425219
ACTCAAGTGCAAGGCT-1,0.001332,0.496104,0.502564
ACTCAATAAAGGCACG-1,0.000249,0.000747,0.999004
ACTCAGACCTGCTTCT-1,0.000016,0.999922,0.000063
ACTCATGGCAGCCTTC-1,0.008341,0.025059,0.9666
ACTCCAATATCATCAT-1,0.00278,0.008348,0.988872
ACTCCCGAATTCGTTT-1,0.000565,0.152596,0.846839
ACTCCCGTAGACTAGG-1,0.001604,0.004817,0.993578
ACTCCCTAATGCTAAA-1,0.000395,0.12238,0.877226
ACTCCCTAGAATAGTA-1,0.000024,0.000073,0.999903
ACTCCGGCCGACCACT-1,0.002453,0.007368,0.990179
ACTCGATGTATTTCAT-1,0.000131,0.08792,0.91195
ACTCGCCGTTCGATAA-1,0.000291,0.098063,0.901646
ACTCGCGATCTGACGC-1,0.00272,0.008166,0.989114
ACTCGTAACCCGTCCT-1,0.000463,0.001391,0.998146
ACTCGTCAGTAATCCC-1,0.000417,0.025761,0.973822
ACTCTAAACCTGGGAT-1,0.00013,0.150685,0.849185
ACTCTCTTATACACGA-1,0.003476,0.260938,0.735586
ACTCTGACCTAATAGA-1,0.00074,0.002223,0.997037
ACTCTTGTATAGTAAC-1,0.002947,0.000473,0.99658
ACTGAAACGCCGTTAG-1,0.00149,0.004473,0.994037
ACTGAATGGCGAAAGT-1,0.001239,0.194361,0.8044
ACTGATTTAGTGATTC-1,0.00278,0.18436,0.81286
ACTGCCCGCCATTCTC-1,0.010425,0.0313,0.958275
ACTGCCGTCGTAACTC-1,0.000274,0.000822,0.998904
ACTGCTCGGAAGGATG-1,0.002275,0.006827,0.990898
ACTGGCGAACCTGCGT-1,0.002554,0.007667,0.989779
ACTGGGATGCCAGTGC-1,0.00358,0.70698,0.28944
ACTGTACGATACACAT-1,0.000166,0.031476,0.968357
ACTGTAGCACTTTGGA-1,0.000123,0.647447,0.35243
ACTGTATACGCGAGCA-1,0.000076,0.547752,0.452172
ACTGTCCAGGATTATA-1,0.003229,0.000589,0.996182
ACTGTCTTCTTTAGAA-1,0.000329,0.048366,0.951305
ACTGTGCTAGTAGATC-1,0.000078,0.719243,0.280679
ACTGTTTAGTGTAGGC-1,0.000759,0.138675,0.860566
ACTTACCGGGCGCGCA-1,0.001868,0.163712,0.83442
ACTTACGCATCCACGC-1,0.028428,0.224182,0.74739
ACTTAGTACGACAAGA-1,0.000048,0.629983,0.369969
ACTTATTAGGATCGGT-1,0.019178,0.18932,0.791502
ACTTATTTATGTGCCA-1,0.000528,0.053198,0.946274
ACTTCAGGCTGATCCC-1,0.000659,0.117931,0.881411
ACTTCCAGTGGAAGCT-1,0.002407,0.148783,0.84881
ACTTCCATGCGGGACA-1,0.001109,0.080098,0.918793
ACTTCGCCATACGCAC-1,0.001738,0.177356,0.820905
ACTTCGCTAGCGAGTG-1,0.000313,0.172183,0.827504
ACTTGCCATATTGTAC-1,0.000465,0.33715,0.662385
ACTTGCTCTATCTACC-1,0.003794,0.431651,0.564556
ACTTGGGACCCGGTGG-1,0.000069,0.664264,0.335666
ACTTGGGCTTTCGCCA-1,0.000684,0.695488,0.303828
ACTTGTGGATGGAACG-1,0.000914,0.098488,0.900598
ACTTGTTACCGGATCA-1,0.000442,0.513171,0.486386
ACTTTATACACCACTT-1,0.001304,0.190284,0.808413
ACTTTCCTATAGCTTC-1,0.001896,0.313164,0.68494
ACTTTGGTCGTGCTCC-1,0.002555,0.007668,0.989777
ACTTTGTCGACGCACT-1,0.00023,0.329759,0.670011
AGAAATTATGACTCGC-1,0.000131,0.000394,0.999474
AGAACACGGCGATGGT-1,0.001034,0.003105,0.99586
AGAACCCAGCGTGACA-1,0.007863,0.155246,0.836891
AGAACCCTCAATTGGG-1,0.000758,0.002276,0.996965
AGAACGTGGTACATTC-1,0.001439,0.305631,0.69293
AGAACTGTACTTTGTA-1,0.003793,0.396583,0.599624
AGAAGGTACACTTCAC-1,0.002606,0.00783,0.989563
AGAAGGTTGTAGGTCG-1,0.005442,0.016342,0.978216
AGAAGTGATTCGTGAT-1,0.000963,0.002888,0.996149
AGAATACAGGCTATCC-1,0.001052,0.003158,0.99579
AGAATGCGGGTTCGGA-1,0.004171,0.012527,0.983302
AGAATTATGGATTCGA-1,0.000423,0.042123,0.957454
AGAATTGTTTGACATA-1,0.000434,0.931736,0.06783
AGACAGCTCAGAATCC-1,0.000099,0.320245,0.679656
AGACAGGCATCTCAGC-1,0.000248,0.912176,0.087575
AGACATAGATCCTTCC-1,0.000027,0.528849,0.471124
AGACCAAACCACACCT-1,0.000857,0.579871,0.419272
AGACCATGGGATACAA-1,0.000082,0.481314,0.518604
AGACCCACCGCTGATC-1,0.0005,0.035615,0.963884
AGACCCGCCCTCCTCG-1,0.000201,0.000845,0.998954
AGACCGCTCCGCGGTT-1,0.001332,0.256869,0.7418
AGACGAAGTGCCGGTC-1,0.000266,0.166519,0.833215
AGACGACGATGCCGCT-1,0.000239,0.000717,0.999044
AGACGCCCACTTCGCC-1,0.000195,0.113617,0.886188
AGACGGGATTGGTATA-1,0.013191,0.001282,0.985527
AGACGGGCCGATTTAA-1,0.000289,0.448755,0.550956
AGACTAGCCTTCCAGA-1,0.000108,0.581278,0.418614
AGACTGTTACCGGGTC-1,0.00596,0.017894,0.976146
AGAGAAACACCAGAAA-1,0.005214,0.188837,0.805949
AGAGAACCGTCTAGGA-1,0.000728,0.226199,0.773074
AGAGAAGGAGTACAAT-1,0.003292,0.009882,0.986826
AGAGCAGTTATGAGAC-1,0.000104,0.126525,0.873371
AGAGCCGCCGAGATTT-1,0.004835,0.625086,0.37008
AGAGCGCTTGTAACGG-1,0.001455,0.004368,0.994177
AGAGCGGGCTAATCAT-1,0.000299,0.229196,0.770504
AGAGCGTACAAGCTCG-1,0.014814,0.107438,0.877748
AGAGCTACGAAAGCAT-1,0.001291,0.233995,0.764715
AGAGGCTTCGGAAACC-1,0.000057,0.035258,0.964685
AGAGGGACAATTGTCC-1,0.002608,0.369464,0.627928
AGAGTAAACTTCACTA-1,0.000107,0.01184,0.988053
AGAGTATAGTGTTACG-1,0.000201,0.136388,0.863411
AGAGTCTTAATGAAAG-1,0.000669,0.181632,0.817698
AGAGTGAACAGACACC-1,0.000547,0.282952,0.716501
AGAGTTAGAGACCGAT-1,0.000167,0.784732,0.215101
AGAGTTGCAGGCCTCC-1,0.003576,0.237513,0.758912
AGATAACTTCAGGGCC-1,0.000117,0.318308,0.681575
AGATACCAATAGAACC-1,0.000135,0.479265,0.5206
AGATACCAGCACTTCA-1,0.002453,0.007369,0.990178
AGATACGACTTCATAT-1,0.000026,0.902039,0.097935
AGATACTCAAGATCGA-1,0.000419,0.148608,0.850974
AGATATAATACGACTA-1,0.003476,0.010438,0.986087
AGATCGTGCATAAGAT-1,0.001304,0.003914,0.994783
AGATCTCAGGTGTGAT-1,0.000652,0.001957,0.997391
AGATCTGGAGAGGATA-1,0.001045,0.003131,0.995824
AGATGACTCGCCCACG-1,0.000101,0.339507,0.660392
AGATGAGGGTTGCGAT-1,0.000593,0.177439,0.821968
AGATGCAAGACGTGCA-1,0.004171,0.150392,0.845437
AGATGCTATAACGAGC-1,0.000102,0.432993,0.566905
AGATTATAGGACGTTT-1,0.220032,0.087988,0.691979
AGATTCAAGCGGGTCG-1,0.004172,0.352453,0.643375
AGATTCACAACCGATA-1,0.001406,0.00422,0.994374
AGCAAAGGCCGCTAGT-1,0.001763,0.213784,0.784453
AGCAACATATCTTATT-1,0.001277,0.003834,0.994889
AGCAACCGAAAGTAAT-1,0.001439,0.184433,0.814128
AGCACACGTTTAGACT-1,0.007826,0.435532,0.556642
AGCACCAGTACTCACG-1,0.000453,0.084496,0.91505
AGCACTACCGGCCTGT-1,0.000112,0.48234,0.517548
AGCACTACCTCACCAG-1,0.000559,0.068642,0.930799
AGCACTTAAGGACGCC-1,0.000145,0.296253,0.703602
AGCAGAAGGAGAAAGA-1,0.001192,0.661829,0.336979
AGCAGCCAGATGAATA-1,0.000295,0.184386,0.815319
AGCAGTCGAAGCATGC-1,0.003477,0.38618,0.610342
AGCATATCAATATGCT-1,0.001668,0.005008,0.993324
AGCATCATTTCGAAAG-1,0.011335,0.001739,0.986926
AGCATCGTCGATAATT-1,0.000141,0.035456,0.964402
AGCATTACGAGGCAAG-1,0.00043,0.001291,0.998279
AGCCAAGCTTTGTGTC-1,0.00894,0.572274,0.418786
AGCCACAGGTTACCCG-1,0.000645,0.001936,0.997419
AGCCACTCCCGTGCTT-1,0.000985,0.160544,0.83847
AGCCATATAGTATGTG-1,0.005685,0.159733,0.834581
AGCCCGCAACAAGCAG-1,0.00298,0.369544,0.627476
AGCCCGCACTACAATG-1,0.000357,0.00107,0.998573
AGCCCGGCATTAGAGG-1,0.004814,0.193301,0.801885
AGCCCGGTAGCCTGTA-1,0.006586,0.267516,0.725898
AGCCCTAAGCGAAGTT-1,0.000907,0.002723,0.99637
AGCCCTCCCTGGTGGC-1,0.005444,0.204515,0.790042
AGCCCTTCTAATCCGA-1,0.009632,0.028895,0.961474
AGCCCTTGGACATCCC-1,0.000519,0.200424,0.799057
AGCCGCTTGATTAGCG-1,0.002019,0.443375,0.554606
AGCCGTGGCTAAATGT-1,0.00045,0.001351,0.998199
AGCCTAATACCCACGT-1,0.000304,0.000912,0.998784
AGCCTTAAAGCGGAAG-1,0.000067,0.291657,0.708277
AGCCTTGTCACTGATA-1,0.001956,0.005871,0.992173
AGCGACAGGAACGGTC-1,0.001472,0.004419,0.994108
AGCGACATCCCATTCA-1,0.009574,0.060682,0.929744
AGCGACCAACGATATT-1,0.000129,0.16657,0.8333
AGCGACTTTGAAGACA-1,0.000914,0.15247,0.846616
AGCGAGACGTGAAGGC-1,0.004474,0.013412,0.982114
AGCGATGCGCCTAATA-1,0.000116,0.592609,0.407275
AGCGCATAATGAATCG-1,0.001406,0.004222,0.994372
AGCGCGGGTGCCAATG-1,0.00062,0.00186,0.99752
AGCGCTTATGGGCAAG-1,0.000509,0.049365,0.950125
AGCGGACACTTCGTAG-1,0.008941,0.026825,0.964234
AGCGGCGGTTAGCGGT-1,0.002196,0.100808,0.896996
AGCGGGAAGGGTCCAT-1,0.000028,0.758123,0.241848
AGCGGGTCTGACACTC-1,0.00184,0.559088,0.439072
AGCGGTTGCCGCTCTG-1,0.012516,0.652153,0.335331
AGCGTACGAGAGCTAG-1,0.000094,0.077379,0.922527
AGCGTAGCGCTAGACC-1,0.000288,0.12775,0.871962
AGCGTCTGAACCCGCA-1,0.000097,0.057881,0.942022
AGCGTTCCGATTTAAA-1,0.003915,0.478514,0.517571
AGCTAACAAGCAATGT-1,0.003052,0.212571,0.784377
AGCTAAGCTCCGTCCG-1,0.000436,0.412417,0.587147
AGCTAAGTACGCAGGC-1,0.000978,0.002935,0.996088
AGCTACGAATGGTGGT-1,0.002554,0.289141,0.708305
AGCTAGAAGCAGAAGT-1,0.000914,0.091087,0.907999
AGCTATTTAATCCAAC-1,0.000395,0.067793,0.931812
AGCTCCATATATGTTC-1,0.003209,0.257195,0.739596
AGCTCCTTCGCACATC-1,0.001406,0.004222,0.994373
AGCTCGTTGATGGAAA-1,0.002455,0.262674,0.734871
AGCTCTAGACGTTCCA-1,0.000287,0.00086,0.998854
AGCTCTTCCCAGTGCA-1,0.002845,0.008538,0.988617
AGCTGAAGTAAACCAA-1,0.001375,0.004126,0.994498
AGCTGCATTTGAGGTG-1,0.001472,0.127921,0.870607
AGCTGCTGTGCCGAAT-1,0.001585,0.004757,0.993658
AGCTGTAACCTCAATC-1,0.000652,0.001956,0.997392
AGCTTATAGAGACCTG-1,0.000148,0.565131,0.434721
AGCTTCTTCTCGAGCA-1,0.001227,0.003684,0.99509
AGCTTGATCAGGGTAG-1,0.003681,0.35072,0.645599
AGGAAAGCCTCTGATG-1,0.000098,0.093794,0.906108
AGGAACGAACGACTTC-1,0.000091,0.975352,0.024557
AGGAAGCTGTCCGCCG-1,0.001546,0.073938,0.924516
AGGACAGTCGAATCCC-1,0.00139,0.004174,0.994436
AGGACATCGCACGTCG-1,0.000061,0.57503,0.424909
AGGACATCGGCACACT-1,0.000139,0.984461,0.015399
AGGACGCTCGATGTTG-1,0.003681,0.011058,0.985261
AGGACTTATAGGAGAA-1,0.000073,0.16252,0.837407
AGGAGACATCCACAGT-1,0.005446,0.016334,0.978221
AGGAGAGTCTGGCTAC-1,0.000422,0.001265,0.998313
AGGAGCGTTTATTATC-1,0.005216,0.479052,0.515732
AGGAGGCCTTCGCGCG-1,0.000582,0.07417,0.925248
AGGATAAAGTCGGGAT-1,0.000085,0.1289,0.871015
AGGATATAGGGATTTA-1,0.000395,0.079324,0.920281
AGGATATCCGACTGCA-1,0.000894,0.002683,0.996423
AGGATCACGCGATCTG-1,0.000605,0.001815,0.99758
AGGATTGCTTACGACA-1,0.000101,0.024516,0.975383
AGGCAATACGGAGGAC-1,0.000171,0.097048,0.902781
AGGCACGTGACTGTCC-1,0.000309,0.298407,0.701284
AGGCAGATGCGTAAAC-1,0.000524,0.156924,0.842553
AGGCAGGGAGCGTACT-1,0.000438,0.001314,0.998249
AGGCATTGTCGTAGGG-1,0.000639,0.001917,0.997444
AGGCCACATTGGTTAC-1,0.000067,0.930125,0.069808
AGGCCACCCGTTATGA-1,0.000234,0.025815,0.973951
AGGCCCAGTGACTGGT-1,0.000138,0.074635,0.925228
AGGCCCATTGTACAGG-1,0.00014,0.184395,0.815465
AGGCCTATCATACCAA-1,0.006256,0.968706,0.025038
AGGCCTGAGAATCTCG-1,0.00059,0.001772,0.997638
AGGCGATAACTGGCGT-1,0.000185,0.855273,0.144542
AGGCGGTTTGTCCCGC-1,0.003128,0.059034,0.937838
AGGCGTCTATGGACGG-1,0.004317,0.637592,0.35809
AGGCTATGGTTAGCTT-1,0.000216,0.012876,0.986909
AGGCTTAAGTTGCACA-1,0.001026,0.161277,0.837697
AGGCTTCCCGAAGAAG-1,0.000048,0.000144,0.999808
AGGCTTGCTAGACACC-1,0.000093,0.533171,0.466736
AGGGAAACGAGGTACT-1,0.003208,0.009634,0.987158
AGGGACAGCACGGCGG-1,0.000297,0.28345,0.716254
AGGGACTCTACGCGAC-1,0.000538,0.131022,0.86844
AGGGAGACATACTTCG-1,0.000211,0.036641,0.963148
AGGGCAGCGGCGTGGT-1,0.000495,0.001485,0.998021
AGGGCCCTAATGTTCT-1,0.000433,0.520289,0.479277
AGGGCGTGATCGGCTA-1,0.001218,0.445472,0.55331
AGGGCTGCAGTTACAG-1,0.003533,0.000065,0.996402
AGGGTCAGAGCACTCG-1,0.00782,0.203926,0.788254
AGGGTCAGTAACCCTA-1,0.001564,0.232705,0.76573
AGGGTCTGGACGCAGT-1,0.000858,0.115771,0.883371
AGGGTGCCGTTCTTTA-1,0.007816,0.244643,0.74754
AGGGTGGATAGTGCAT-1,0.000122,0.135116,0.864762
AGGGTGTGCTACACGC-1,0.001956,0.45495,0.543094
AGGGTTCAGACGGTCC-1,0.006256,0.018779,0.974965
AGGGTTCCCTTTGGTT-1,0.000406,0.00122,0.998374
AGGGTTTAGTTCGGGA-1,0.136304,0.066115,0.79758
AGGTAACCTCCTATTC-1,0.000101,0.764049,0.23585
AGGTACGATATTGCCA-1,0.001565,0.398675,0.59976
AGGTAGATCGAGATAT-1,0.003576,0.186378,0.810045
AGGTAGGTACAAAGCT-1,0.000144,0.247262,0.752594
AGGTCGCCACTTCGGT-1,0.000435,0.19232,0.807245
AGGTCGCCTCCCAACA-1,0.000075,0.613273,0.386652
AGGTCGCGGAGTTACT-1,0.000017,0.000052,0.99993
AGGTGCACGTCCACAT-1,0.000373,0.001118,0.998509
AGGTGGTGACCTTCGC-1,0.008945,0.026838,0.964217
AGGTGTTGCCGACCAC-1,0.000319,0.798409,0.201272
AGGTTACACCATGCCG-1,0.102098,0.290733,0.607169
AGGTTCTCCTTTCCGG-1,0.00447,0.013414,0.982116
AGGTTGAGGCACGCTT-1,0.000501,0.133404,0.866095
AGGTTTCACACACCTT-1,0.000773,0.070144,0.929083
AGTAACGTTCATCCTG-1,0.001079,0.444313,0.554608
AGTAACTATAGCAGCC-1,0.000261,0.365414,0.634325
AGTAAGGGACAGAATC-1,0.002454,0.358311,0.639236
AGTAATCTAAGGGTGG-1,0.074891,0.009166,0.915943
AGTAATGTCTTGCCGC-1,0.006019,0.242967,0.751014
AGTAATTTGCAAGCGT-1,0.002122,0.401738,0.59614
AGTACAGAAGCTTATA-1,0.003794,0.189728,0.806478
AGTACATCATTTATCA-1,0.002893,0.01402,0.983087
AGTACCTTCGAGTGCT-1,0.003129,0.009391,0.987481
AGTACGGCCCGTATCG-1,0.001035,0.321389,0.677576
AGTACGGGCACCTGGC-1,0.000632,0.132992,0.866376
AGTACGTGGCCTGTCT-1,0.000247,0.395878,0.603875
AGTACTCTTATGCCCA-1,0.002018,0.006058,0.991923
AGTAGAAGGCGCCTCA-1,0.004813,0.538654,0.456532
AGTAGCGTGAACGAAC-1,0.000639,0.236251,0.763111
AGTAGCTAGACGCCGA-1,0.003575,0.613169,0.383256
AGTAGGAAGGAAGTTG-1,0.002786,0.409826,0.587389
AGTAGGTAACATACAT-1,0.00008,0.491864,0.508055
AGTATAATACTAGGCA-1,0.000045,0.974463,0.025492
AGTATACACAGCGACA-1,0.004634,0.976821,0.018545
AGTATCCATAATAACG-1,0.023801,0.097,0.879199
AGTATGCTGGAGACCA-1,0.001321,0.003954,0.994725
AGTATTTGGCACGACC-1,0.001527,0.004582,0.993891
AGTCAAATGATGTGAT-1,0.006255,0.610225,0.383519
AGTCAAGATGACACTT-1,0.000759,0.002277,0.996964
AGTCACTAGCTCTCGA-1,0.000513,0.00154,0.997947
AGTCACTCCGCCTCAT-1,0.000083,0.396435,0.603482
AGTCAGCCACCGCCTG-1,0.000034,0.937582,0.062384
AGTCCAGCGGGTACGT-1,0.000695,0.225245,0.774059
AGTCCATTGGCTGATG-1,0.000112,0.185558,0.81433
AGTCCCGCCTTTAATT-1,0.002235,0.110066,0.8877
AGTCCCTCGCAGAAAG-1,0.000047,0.021544,0.978409
AGTCGAAACGATTCAG-1,0.000758,0.002277,0.996965
AGTCGAATTAGCGTAA-1,0.000073,0.919798,0.080129
AGTCGGCCCAAACGAC-1,0.000075,0.593175,0.40675
AGTCGTATAAAGCAGA-1,0.000596,0.069902,0.929502
AGTCGTCGACCACCAA-1,0.000495,0.191312,0.808194
AGTCGTGGGCATTACG-1,0.000448,0.001346,0.998206
AGTCTAAAGTATACTC-1,0.00002,0.007416,0.992564
AGTCTCACAAGACTAC-1,0.000677,0.549314,0.45001
AGTCTGGACATCCTTG-1,0.000049,0.658703,0.341248
AGTCTTCTCCTCAAAT-1,0.000417,0.001252,0.99833
AGTCTTTAAAGTGTCC-1,0.00298,0.403661,0.593359
AGTGAACAAACTTCTC-1,0.003785,0.118819,0.877396
AGTGAAGATGGTGTCC-1,0.00084,0.046486,0.952674
AGTGACTGTGACACAA-1,0.007819,0.023473,0.968708
AGTGAGCCTCGCCGCC-1,0.000626,0.00867,0.990703
AGTGAGGGTTTCTGAC-1,0.001739,0.589954,0.408308
AGTGAGTCGAATTAAC-1,0.000315,0.000944,0.998742
AGTGATAACCTGCGCG-1,0.000719,0.00216,0.997121
AGTGATTCAAGCAGGA-1,0.008697,0.0013,0.990003
AGTGCACGCTTAAGAA-1,0.000306,0.150167,0.849527
AGTGCTAAACACAGCA-1,0.000509,0.001527,0.997964
AGTGGCCCGCAAATGG-1,0.050996,0.006833,0.942171
AGTGGCGGCAATTTGA-1,0.000662,0.193559,0.805778
AGTGGCGTCTGAAGGT-1,0.001335,0.134414,0.864251
AGTGGGAGTATACACG-1,0.00009,0.103888,0.896022
AGTGGTTGCGTATAGG-1,0.002407,0.007225,0.990369
AGTGTATTGCGCATTG-1,0.003912,0.011744,0.984343
AGTGTGCTAAGATCGC-1,0.000344,0.180855,0.818801
AGTGTGGTCTATTGTG-1,0.000051,0.688867,0.311082
AGTTAAGCGGTCCCGG-1,0.000457,0.001371,0.998172
AGTTAAGTCAACCGCT-1,0.000711,0.002134,0.997155
AGTTACCCTTAAGACT-1,0.000043,0.758339,0.241618
AGTTACCGCACATGGT-1,0.00008,0.494652,0.505268
AGTTACTCTATCGTGG-1,0.05452,0.003719,0.941762
AGTTATTCAGACTGTG-1,0.000272,0.975764,0.023964
AGTTATTGAAAGGTAA-1,0.000386,0.110781,0.888832
AGTTCACCGGTTGGAC-1,0.000138,0.298648,0.701213
AGTTCCTACAGAATTA-1,0.000121,0.256483,0.743396
AGTTCTGCGTTGTATC-1,0.000168,0.521377,0.478455
AGTTGACATCGGCTGG-1,0.000095,0.495639,0.504266
AGTTGACGGTCCTTGC-1,0.005691,0.971534,0.022775
AGTTGCGGTCCTCAAC-1,0.002981,0.224833,0.772186
AGTTGCTGACTGATAT-1,0.000108,0.018993,0.9809
AGTTGGCAAGGCTAGA-1,0.000156,0.718339,0.281504
AGTTTATGTAAAGACA-1,0.000072,0.000215,0.999713
AGTTTCGCAGGTCGGA-1,0.00183,0.544937,0.453232
AGTTTGCACCTGCCTC-1,0.001714,0.43709,0.561196
AGTTTGGCACGGGTTG-1,0.000269,0.000806,0.998925
AGTTTGGCCAGACCTA-1,0.001138,0.003414,0.995448
ATAAACGGACCCGTAA-1,0.000549,0.001647,0.997804
ATAAACGTTGCACCAC-1,0.000338,0.122641,0.87702
ATAAAGGCTCGGTCGT-1,0.000078,0.797362,0.202561
ATAAAGGTCAAGTACG-1,0.001526,0.109122,0.889352
ATAACGCCGGAGGGTC-1,0.000218,0.000654,0.999128
ATAACGGAGTCCAACG-1,0.000669,0.10284,0.896491
ATAACGTTACCTCCAC-1,0.005689,0.017071,0.977239
ATAAGCAAACACCGAG-1,0.002844,0.21794,0.779216
ATAAGGTGGAGAACAT-1,0.000172,0.027095,0.972733
ATAAGTACCCGATTGT-1,0.003477,0.327304,0.669219
ATAAGTAGGATTCAGA-1,0.000013,0.002176,0.997812
ATAAGTTACCGCGACG-1,0.000501,0.001503,0.997996
ATAATACCGTTAGCCG-1,0.000057,0.479448,0.520495
ATAATAGCTGTTGAAT-1,0.000035,0.011059,0.988906
ATAATAGTGTAGGGAC-1,0.002034,0.657218,0.340748
ATAATCTTGGAGAACC-1,0.001148,0.003447,0.995405
ATAATTAGCTAAGTAG-1,0.001814,0.554943,0.443243
ATACAGCGTCCACTGA-1,0.002455,0.176902,0.820644
ATACAGGCCCTCCAAT-1,0.000524,0.087995,0.911481
ATACCACGGGCAACTT-1,0.00016,0.412424,0.587416
ATACCAGCAAATTGCT-1,0.000154,0.164004,0.835842
ATACCAGGCTAATAGA-1,0.000105,0.026614,0.973282
ATACCGTCATCCATAA-1,0.004316,0.348231,0.647453
ATACCTAACCAAGAAA-1,0.00447,0.278608,0.716922
ATACGACAGATGGGTA-1,0.001159,0.301081,0.697761
ATACGAGGTTTGTAAG-1,0.013904,0.387102,0.598994
ATACGGAACGTCGTTT-1,0.000329,0.294388,0.705283
ATACGGGTTTCGATTG-1,0.000723,0.085065,0.914211
ATACGGTGAAGATGCA-1,0.000062,0.505569,0.494368
ATACGTACTTAGCCAC-1,0.000732,0.002197,0.997071
ATACGTCCACTCCTGT-1,0.000392,0.162889,0.836719
ATACGTTATGCACGGA-1,0.003215,0.260919,0.735866
ATACTACCCGTACCAC-1,0.000192,0.077049,0.922759
ATACTAGCATGACCCT-1,0.000062,0.032378,0.96756
ATACTCTCGCCACTCT-1,0.002439,0.000311,0.997249
ATACTGCCTTACACCG-1,0.003382,0.172158,0.82446
ATACTTGTTCTCGAGC-1,0.000094,0.842972,0.156934
ATAGACAACGGGACCT-1,0.000518,0.073513,0.925969
ATAGACGAAGAGAAAG-1,0.001781,0.301484,0.696736
ATAGAGTACTGGGACA-1,0.000176,0.091308,0.908517
ATAGAGTTATCAACTT-1,0.001277,0.071225,0.927498
ATAGCAACTAGGGAAG-1,0.000818,0.002456,0.996727
ATAGCCATAACAGTCA-1,0.000857,0.497248,0.501894
ATAGCCTCAGTACCCA-1,0.00003,0.867823,0.132147
ATAGCTGCTCTTGTTA-1,0.000037,0.764153,0.23581
ATAGGAATCTAAGCTT-1,0.001118,0.003355,0.995527
ATAGGCTAGCTTCGCA-1,0.000045,0.020532,0.979422
ATAGGGATATCCTTGA-1,0.002039,0.000352,0.997609
ATAGGTTGGGCAGATG-1,0.000338,0.161028,0.838634
ATAGTCTTTGACGTGC-1,0.000116,0.764817,0.235066
ATATAAAGCGCTCGTG-1,0.002554,0.007665,0.989781
ATATAAATGTAGCTGC-1,0.00045,0.088343,0.911207
ATATAACACGGGCGCA-1,0.000551,0.001655,0.997794
ATATACGCTCGTGACG-1,0.000206,0.389083,0.610712
ATATAGAGTATTGGTC-1,0.002721,0.008167,0.989113
ATATCAATTCCAGCCT-1,0.005957,0.342181,0.651862
ATATCGTGCCAGACCC-1,0.030959,0.003184,0.965857
