Barcode,Topic 1,Topic 2to4,Topic 5to10
AAACACCAATAACTGC-1,0.000105,0.486282,0.513613
AAACAGAGCGACTCCT-1,0.000034,0.504947,0.495019
AAACAGCTTTCAGAAG-1,0.000032,0.999773,0.000194
AAACAGGGTCTATATT-1,0.000008,0.091068,0.908924
AAACCGGGTAGGTACC-1,0.000007,0.172627,0.827365
AAACCTCATGAAGTTG-1,0.000012,0.269394,0.730595
AAACGAGACGGTTGAT-1,0.000013,0.560748,0.439239
AAACGGTTGCGAACTG-1,0.000136,0.82742,0.172444
AAACGTGTTCGCCCTA-1,0.000102,0.612775,0.387123
AAACTAACGTGGCGAC-1,0.000667,0.995332,0.004001
AAACTCGGTTCGCAAT-1,0.000081,0.594335,0.405585
AAACTGCTGGCTCCAA-1,0.000042,0.673592,0.326366
AAACTTAATTGCACGC-1,0.000053,0.999632,0.000315
AAACTTGCAAACGTAT-1,0.000006,0.038069,0.961925
AAAGACCCAAGTCGCG-1,0.000043,0.999696,0.000261
AAAGGGATGTAGCAAG-1,0.00003,0.484044,0.515926
AAAGGGCAGCTTGAAT-1,0.000036,0.906556,0.093407
AAAGGTAAGCTGTACC-1,0.000347,0.213445,0.786208
AAAGTAGCATTGCTCA-1,0.000092,0.999357,0.000551
AAAGTCGACCCTCAGT-1,0.000005,0.000014,0.999982
AAATAACCATACGGGA-1,0.000114,0.999202,0.000684
AAATACCTATAAGCAT-1,0.000017,0.386384,0.613599
AAATAGCTTAGACTTT-1,0.000045,0.999688,0.000267
AAATAGGGTGCTATTG-1,0.000012,0.06461,0.935379
AAATGCTCGTTACGTT-1,0.000065,0.926509,0.073427
AAATGGCATGTCTTGT-1,0.000167,0.037627,0.962206
AAATGGCCCGTGCCCT-1,0.00003,0.744322,0.255648
AAATTAACGGGTAGCT-1,0.000051,0.631347,0.368603
AAATTAATAAGCGCGA-1,0.000011,0.686649,0.313339
AAATTACACGACTCTG-1,0.000083,0.999418,0.000499
AAATTACCTATCGATG-1,0.000024,0.73054,0.269435
AAATTTGCGGGTGTGG-1,0.000005,0.069133,0.930862
AACAACTGGTAGTTGC-1,0.000047,0.689125,0.310827
AACAATTACTCTACGC-1,0.00007,0.953359,0.04657
AACACACGCTCGCCGC-1,0.000023,0.42245,0.577526
AACACGAGACGCGGCC-1,0.000053,0.866079,0.133867
AACAGGAAATCGAATA-1,0.000029,0.239272,0.7607
AACAGGATGGGCCGCG-1,0.000012,0.30101,0.698978
AACATATCAACTGGTG-1,0.000017,0.270364,0.729619
AACCAAGACTTCTCTG-1,0.000006,0.106929,0.893064
AACCATAGGGTTGAAC-1,0.000044,0.999689,0.000266
AACCATGGGATCGCTA-1,0.000056,0.999607,0.000337
AACCCAGAGACGGAGA-1,0.000097,0.999324,0.00058
AACCCATCCCATGATC-1,0.000129,0.782802,0.217069
AACCCTACTGTCAATA-1,0.000029,0.597959,0.402011
AACCGAGCTTGGTCAT-1,0.000039,0.404214,0.595747
AACCGCTAAGGGATGC-1,0.000027,0.421862,0.578111
AACCGTTGTGTTTGCT-1,0.0001,0.999297,0.000603
AACCTCGCTTTAGCCC-1,0.00014,0.774219,0.22564
AACCTTTAAATACGGT-1,0.00006,0.832697,0.167243
AACCTTTACGACGTCT-1,0.000091,0.829513,0.170396
AACGAAAGTCGTCCCA-1,0.000027,0.755882,0.244091
AACGATAATGCCGTAG-1,0.000059,0.623717,0.376225
AACGATATGTCAACTG-1,0.000213,0.509356,0.490431
AACGCATGATCTGGGT-1,0.000068,0.652193,0.347739
AACGCGAACGGCAACA-1,0.000018,0.999874,0.000108
AACGCGGTCTCCAGCC-1,0.000265,0.901165,0.098571
AACGCTGTTGCTGAAA-1,0.000107,0.746169,0.253724
AACGGACGTACGTATA-1,0.000019,0.562704,0.437277
AACGTCAGACTAGTGG-1,0.000021,0.56263,0.43735
AACGTGATGAAGGACA-1,0.000322,0.747,0.252678
AACGTGCGAAAGTCTC-1,0.000006,0.17232,0.827674
AACGTTATCAGCACCT-1,0.000592,0.921712,0.077696
AACTAGGCTTGGGTGT-1,0.000031,0.68888,0.311089
AACTCAAGTTAATTGC-1,0.000023,0.649589,0.350389
AACTCCTAATCCCATG-1,0.000162,0.998867,0.000971
AACTCGATAAACACGT-1,0.00082,0.994261,0.004919
AACTCGATGGCGCAGT-1,0.000073,0.808022,0.191905
AACTCTCAATAGAGCG-1,0.000024,0.484492,0.515484
AACTGAGGTCAGCGTC-1,0.001111,0.99222,0.006669
AACTGATATTAGGCCT-1,0.000194,0.603448,0.396359
AACTGGGTCCCGACGT-1,0.000117,0.949926,0.049957
AACTTCTGCGTCTATC-1,0.000033,0.889438,0.110529
AACTTGCCCGTATGCA-1,0.000006,0.056955,0.943039
AACTTGCGTTCTCGCG-1,0.000076,0.867969,0.131955
AACTTTACGGGAGCTT-1,0.000051,0.712933,0.287015
AAGAAGGATCAGTTAG-1,0.000029,0.387727,0.612244
AAGACCAAATAACTCA-1,0.000161,0.925879,0.07396
AAGACTGCAAGCTACT-1,0.000017,0.116651,0.883332
AAGAGATGAATCGGTA-1,0.000034,0.755652,0.244314
AAGAGCTCTTTATCGG-1,0.00001,0.163183,0.836807
AAGAGGATGTACGCGA-1,0.000015,0.442027,0.557958
AAGAGGCATGGATCGC-1,0.000022,0.873062,0.126915
AAGATTGGCGGAACGT-1,0.000028,0.809987,0.189986
AAGCATACTCTCCTGA-1,0.000108,0.525508,0.474384
AAGCGGAGTGCGCGCA-1,0.000033,0.999772,0.000196
AAGCGGCGTCATGGGT-1,0.000082,0.999425,0.000493
AAGCTAGATCGAGTAA-1,0.000019,0.330819,0.669162
AAGCTCGTGCCAAGTC-1,0.000054,0.743326,0.256619
AAGCTCTTTCATGGTG-1,0.000098,0.407243,0.592659
AAGGATGAGGGACCTC-1,0.000022,0.425614,0.574364
AAGGCGCGTAAAGCTT-1,0.000027,0.608139,0.391833
AAGGGAACGACTGGCT-1,0.00006,0.519036,0.480904
AAGGGACAGATTCTGT-1,0.000029,0.714493,0.285478
AAGGTATCCTAATATA-1,0.000035,0.891466,0.108499
AAGGTGATAAACCAGC-1,0.000032,0.430678,0.56929
AAGTAGAAGACCGGGT-1,0.000123,0.618286,0.381591
AAGTAGTGACGCGAGG-1,0.000015,0.26975,0.730235
AAGTCTTCTGTGGCCT-1,0.000135,0.59577,0.404095
AAGTGACGACCGAATT-1,0.00001,0.215572,0.784418
AAGTGCGTTAGAATCT-1,0.000339,0.881229,0.118432
AAGTGTTTGGAGACGG-1,0.000334,0.997658,0.002007
AAGTTCACTCCAAGCT-1,0.001163,0.991859,0.006978
AAGTTCGGCCAACAGG-1,0.000025,0.849903,0.150071
AAGTTTATGGGCCCAA-1,0.000071,0.716862,0.283067
AATAACAACGCTCGGC-1,0.000009,0.314921,0.68507
AATACAATGTTTCAGG-1,0.00005,0.999648,0.000302
AATAGAATCTGTTTCA-1,0.000013,0.457731,0.542257
AATAGCAAGCCTCCTG-1,0.000018,0.007239,0.992744
AATAGTCGCGAGTCGG-1,0.000021,0.837036,0.162943
AATATCAAGGTCGGAT-1,0.000029,0.836601,0.16337
AATATCGAGGGTTCTC-1,0.000053,0.876733,0.123214
AATATTGGAGTATTGA-1,0.000091,0.64379,0.356119
AATCCAAGGGCCTGAG-1,0.000078,0.910908,0.089013
AATCCATGCAAGGGTG-1,0.000068,0.665335,0.334597
AATCGCCTCAGCGCCA-1,0.000008,0.061474,0.938518
AATCTAGGTTTACTTG-1,0.000032,0.25476,0.745208
AATCTCTACTGTGGTT-1,0.000357,0.997499,0.002143
AATCTGCGTTGGGACG-1,0.000026,0.602297,0.397677
AATCTGGCTTTCTAGT-1,0.000052,0.846012,0.153936
AATGACAGCAATGTCT-1,0.000031,0.943734,0.056235
AATGACGTAGGATGTC-1,0.000014,0.288768,0.711218
AATGAGTTCGCATATG-1,0.000024,0.304733,0.695243
AATGATGATACGCTAT-1,0.000027,0.578167,0.421806
AATGATGCGACTCCTG-1,0.000026,0.332619,0.667355
AATGCAACCGGGTACC-1,0.000019,0.737464,0.262517
AATGCACCAAGCAATG-1,0.000017,0.4682,0.531784
AATGGTCCACCGTTCA-1,0.000047,0.840808,0.159145
AATGGTTCTCACAAGC-1,0.000025,0.640176,0.359798
AATGTATGGCACTGTA-1,0.000046,0.999681,0.000273
AATGTGCCCGAGGTGT-1,0.000163,0.842101,0.157736
AATTAACGGATTTCCA-1,0.000015,0.297914,0.702071
AATTACTCGTACGCTC-1,0.000398,0.997211,0.002391
AATTAGCGCTGCAGCG-1,0.000008,0.10774,0.892252
AATTCATAAGGGATCT-1,0.00003,0.788776,0.211194
AATTCATTGTCATGCA-1,0.000038,0.470096,0.529866
AATTCCAACTTGGTGA-1,0.000039,0.999725,0.000236
AATTCTAGAGTTAGGC-1,0.000028,0.688607,0.311364
AATTGAACGCTCTGGT-1,0.000025,0.809497,0.190478
AATTGCGTGGATTACA-1,0.000058,0.999595,0.000347
AATTTGGGACATAGTA-1,0.000135,0.897892,0.101973
AATTTGGTTCCAAAGA-1,0.000113,0.841995,0.157892
ACAAACCATGCGTCCT-1,0.000157,0.998903,0.000941
ACAAATCGCACCGAAT-1,0.000043,0.590264,0.409694
ACAAATGGTAGTGTTT-1,0.000023,0.767202,0.232775
ACAAATTCAGATCTGA-1,0.000431,0.750447,0.249122
ACAACAGCATGAGCTA-1,0.000364,0.544984,0.454652
ACAACGGTCCCTGCGA-1,0.000055,0.999614,0.000331
ACAAGCAGTGCCTAGC-1,0.000041,0.773841,0.226118
ACAAGGAAATCCGCCC-1,0.000143,0.639782,0.360075
ACAAGGACAAGAGGTT-1,0.000027,0.865319,0.134654
ACAAGGATGCTTTAGG-1,0.000115,0.795188,0.204697
ACAAGGGCAGGCTCTG-1,0.000005,0.039819,0.960176
ACAATAGTCGTACGTT-1,0.000038,0.458135,0.541827
ACAATCCATTTAAACC-1,0.000017,0.628543,0.371441
ACAATGATTCTTCTAC-1,0.000199,0.35725,0.642551
ACAATTTGAGCAGTGG-1,0.000032,0.952719,0.047249
ACACAAATATTCCTAG-1,0.000095,0.782586,0.217319
ACACACCAGGACCAGT-1,0.00004,0.84918,0.150781
ACACACTTTCTACACG-1,0.000053,0.701135,0.298812
ACACATGATCAAATCT-1,0.000442,0.996902,0.002656
ACACATTGACGCAACA-1,0.000581,0.995929,0.003489
ACACATTTCCGTAGAC-1,0.000055,0.845417,0.154527
ACACCCGAGAAATCCG-1,0.00004,0.995817,0.004143
ACACCGAGCGCTCTTT-1,0.000282,0.998028,0.001691
ACACCGGTCTGACCGC-1,0.000197,0.998622,0.001181
ACACCTTAAGTAGGGC-1,0.000065,0.610028,0.389907
ACACGAGACTCCTTCT-1,0.00007,0.863572,0.136359
ACACGGGAACTTAGGG-1,0.000124,0.94904,0.050836
ACACTCCAATGTCACT-1,0.000045,0.999685,0.00027
ACAGAACTGAGAACAA-1,0.000299,0.959767,0.039935
ACAGCGCACCCGCAGC-1,0.00007,0.893208,0.106722
ACAGGCTTGCCCGACT-1,0.000183,0.99872,0.001097
ACAGTAATACAACTTG-1,0.000033,0.785583,0.214384
ACATAAGTCGTGGTGA-1,0.000035,0.470536,0.529429
ACATAATAAGGCGGTG-1,0.000047,0.905256,0.094697
ACATCGATCGTTTACC-1,0.000022,0.569425,0.430553
ACATCGGTCAGCCGCG-1,0.000019,0.481311,0.51867
ACATCGTATGCAATGG-1,0.000011,0.148112,0.851876
ACATCGTTAACCTAGT-1,0.000136,0.759911,0.239953
ACATGGCTCAATTTAG-1,0.000483,0.996618,0.002899
ACATTAGTTTATATCC-1,0.000014,0.216042,0.783944
ACCAATATGCAAGTTA-1,0.000103,0.632121,0.367776
ACCACGTGCAGCTATA-1,0.0001,0.555439,0.44446
ACCACTGTTCAAGAAG-1,0.000056,0.999608,0.000336
ACCAGACCATAACAAC-1,0.000059,0.999588,0.000353
ACCAGTGCCCGGTCAA-1,0.000089,0.586722,0.413189
ACCATCCGCCAACTAG-1,0.000131,0.664222,0.335647
ACCATCGTATATGGTA-1,0.00011,0.512199,0.487691
ACCATTAAGGGTGTCA-1,0.000052,0.648505,0.351442
ACCCAACGCCCGTGGC-1,0.000031,0.922703,0.077266
ACCCACCTACATGCTC-1,0.000051,0.99058,0.009369
ACCCATCTTGAGGGTA-1,0.000026,0.703016,0.296958
ACCCGGAAACTCCCAG-1,0.000014,0.451688,0.548298
ACCCTATAGGACTGAG-1,0.000065,0.999545,0.00039
ACCCTCCCTTGCTATT-1,0.00003,0.739384,0.260587
ACCCTTCATCTGCGAA-1,0.000518,0.594518,0.404964
ACCGAAGAGTCTGGTT-1,0.000076,0.957876,0.042047
ACCGACACATCTCCCA-1,0.000032,0.967429,0.032539
ACCGACTGAGTCCCAC-1,0.000035,0.545271,0.454694
ACCGATGGTAGCATCG-1,0.000039,0.875787,0.124174
ACCGCAATAACTGCCT-1,0.000694,0.995138,0.004168
ACCGGTCAGGTACACC-1,0.000463,0.593226,0.406311
ACCGGTCTGAGTACGG-1,0.000113,0.973728,0.026159
ACCTAAGTACCTTTCA-1,0.000053,0.99963,0.000317
ACCTAATCGACTTCCT-1,0.000014,0.426366,0.573621
ACCTCGAACTTATGCT-1,0.000067,0.175746,0.824187
ACCTGCGTGTCATGTT-1,0.00001,0.205193,0.794797
ACGAAATGGGCGGCAC-1,0.000041,0.775275,0.224685
ACGAGAACCCATCACG-1,0.000039,0.643436,0.356525
ACGAGATATTTGCTTA-1,0.000062,0.289573,0.710365
ACGAGGATACCACTCT-1,0.000037,0.752468,0.247495
ACGAGGTTTACAACGT-1,0.00038,0.997338,0.002282
ACGAGTACGGATGCCC-1,0.000046,0.843677,0.156277
ACGAGTCGCCGGCGTT-1,0.000037,0.990135,0.009828
ACGATACATAGAACTA-1,0.000036,0.168686,0.831277
ACGATCATACATAGAG-1,0.000035,0.804247,0.195718
ACGATCATCTTGTAAA-1,0.000039,0.960101,0.039859
ACGATGCATATGTTAT-1,0.00002,0.739893,0.260087
ACGATGGATCCGATGC-1,0.000053,0.684134,0.315812
ACGCATAAATGACATG-1,0.000056,0.379688,0.620256
ACGCATTCGTGAGTAC-1,0.00003,0.217244,0.782726
ACGCCAGATGATTTCT-1,0.000719,0.994963,0.004318
ACGCCGCTAGACGACC-1,0.000048,0.735101,0.264852
ACGCGAAGTCAGACGA-1,0.000055,0.7715,0.228445
ACGCGCTACACAGGGT-1,0.000015,0.488863,0.511122
ACGCGGGCCAAGGACA-1,0.000021,0.58373,0.416249
ACGCGTTTCTTAAGAG-1,0.00003,0.867332,0.132638
ACGCTAGTGATACACT-1,0.000057,0.960438,0.039505
ACGCTGTGAGGCGTAG-1,0.000051,0.699646,0.300303
ACGGAATTTAGCAAAT-1,0.000039,0.831423,0.168538
ACGGATGGTGCGGATA-1,0.000048,0.794896,0.205056
ACGGCACTTGCTTGGG-1,0.00003,0.57874,0.42123
ACGGCGACGATGGGAA-1,0.000452,0.831384,0.168164
ACGGCTGGATGTAGAA-1,0.000045,0.536808,0.463147
ACGGGAGTGTCGGCCC-1,0.000287,0.965399,0.034313
ACGGGTCATGTGACTT-1,0.000051,0.000153,0.999797
ACGGTCACCGAGAACA-1,0.000016,0.139674,0.860309
ACGTACAGATTTCTCT-1,0.000148,0.518411,0.481441
ACGTAGATTGCTGATG-1,0.000037,0.058326,0.941637
ACGTCTCGTTCCGGGA-1,0.000023,0.666133,0.333844
ACGTGCGCCTCGTGCA-1,0.000015,0.109978,0.890007
ACGTTAATGTCGAAGA-1,0.000011,0.153541,0.846447
ACGTTAGATTTGCCCG-1,0.000028,0.903238,0.096734
ACGTTATTGGTCACTC-1,0.000235,0.442515,0.557251
ACGTTTAGTTGTGATC-1,0.000173,0.450208,0.549619
ACTAAGGACGCACACC-1,0.000013,0.441845,0.558142
ACTAATACGTCAGGCG-1,0.000051,0.930231,0.069718
ACTACATCCCGACAAG-1,0.000256,0.998209,0.001535
ACTACCAGCTCTCTGG-1,0.000032,0.705758,0.29421
ACTATATGCTGTGTTC-1,0.000049,0.539168,0.460782
ACTATTCGTCCGTGGT-1,0.000441,0.996916,0.002644
ACTCAACGAATGTATT-1,0.000063,0.664602,0.335334
ACTCAAGTGCAAGGCT-1,0.000087,0.927765,0.072148
ACTCAATAAAGGCACG-1,0.000017,0.193595,0.806388
ACTCAGACCTGCTTCT-1,0.000055,0.999615,0.00033
ACTCATGGCAGCCTTC-1,0.000064,0.344883,0.655053
ACTCCCATTCCTAAAG-1,0.000018,0.220485,0.779497
ACTCCCGAATTCGTTT-1,0.000021,0.117942,0.882037
ACTCCCTAATGCTAAA-1,0.000032,0.45339,0.546578
ACTCCCTAGAATAGTA-1,0.000031,0.386591,0.613379
ACTCGATGTATTTCAT-1,0.00051,0.745529,0.253961
ACTCGTAACCCGTCCT-1,0.000309,0.997839,0.001852
ACTCGTCAGTAATCCC-1,0.000018,0.553596,0.446386
ACTCTCTGACTTAGGT-1,0.000005,0.005573,0.994422
ACTCTCTTATACACGA-1,0.000119,0.846435,0.153446
ACTCTTGTATAGTAAC-1,0.000038,0.604473,0.395489
ACTGAATGGCGAAAGT-1,0.00002,0.697788,0.302192
ACTGCCGTCGTAACTC-1,0.000725,0.994926,0.004349
ACTGCTCGGAAGGATG-1,0.000013,0.422266,0.577721
ACTGGCGAACCTGCGT-1,0.000025,0.542448,0.457528
ACTGTACGATACACAT-1,0.000017,0.511995,0.487988
ACTGTAGCACTTTGGA-1,0.000039,0.874987,0.124974
ACTGTATACGCGAGCA-1,0.00008,0.999442,0.000478
ACTGTCTTCTTTAGAA-1,0.000016,0.517684,0.4823
ACTGTGCTAGTAGATC-1,0.000198,0.998611,0.001191
ACTTACCGGGCGCGCA-1,0.000042,0.711873,0.288085
ACTTAGTACGACAAGA-1,0.00006,0.999577,0.000362
ACTTATACTTACCCGG-1,0.000039,0.913784,0.086177
ACTTATTTATGTGCCA-1,0.000022,0.654091,0.345886
ACTTCAGGCTGATCCC-1,0.000461,0.724476,0.275064
ACTTCCATGCGGGACA-1,0.000072,0.999496,0.000432
ACTTCGCCATACGCAC-1,0.000116,0.999188,0.000696
ACTTGACTCCCTCTTT-1,0.000012,0.139281,0.860707
ACTTGTAGTCCCTTCA-1,0.000023,0.453585,0.546392
ACTTTACCCTCATGAA-1,0.000061,0.985788,0.014151
ACTTTCCTATAGCTTC-1,0.00008,0.545173,0.454747
ACTTTGACTGCATCCT-1,0.000244,0.98302,0.016735
ACTTTGGTCGTGCTCC-1,0.000151,0.73669,0.26316
AGAACCCTCAATTGGG-1,0.000012,0.263111,0.736877
AGAACGTGGTACATTC-1,0.000105,0.991427,0.008469
AGAAGAGCGCCGTTCC-1,0.000101,0.620761,0.379138
AGAAGGTACACTTCAC-1,0.00009,0.537351,0.462559
AGAAGTGATTCGTGAT-1,0.000053,0.76988,0.230067
AGAATAAATCTTCAGG-1,0.000043,0.162539,0.837418
AGAATGCGGGTTCGGA-1,0.000016,0.500417,0.499567
AGAATTATGGATTCGA-1,0.000042,0.998878,0.00108
AGAATTGTTTGACATA-1,0.000069,0.999518,0.000413
AGACAGCTCAGAATCC-1,0.000048,0.800469,0.199484
AGACCAAACCACACCT-1,0.000015,0.839907,0.160078
AGACCATGGGATACAA-1,0.000026,0.615363,0.384611
AGACCCACCGCTGATC-1,0.000036,0.847717,0.152246
AGACCGGGAAACCCTG-1,0.000038,0.848517,0.151445
AGACGGGCCGATTTAA-1,0.000052,0.85488,0.145068
AGAGAACCGTCTAGGA-1,0.000023,0.706495,0.293482
AGAGATCTCTAAAGCG-1,0.000029,0.822663,0.177307
AGAGCAGTTATGAGAC-1,0.00011,0.820281,0.179609
AGAGCGGGCTAATCAT-1,0.000015,0.128801,0.871184
AGAGCGTACAAGCTCG-1,0.000079,0.999445,0.000476
AGAGCTACGAAAGCAT-1,0.003846,0.636852,0.359302
AGAGGGACAATTGTCC-1,0.000039,0.838069,0.161892
AGAGTTAGAGACCGAT-1,0.00026,0.997603,0.002137
AGAGTTGCAGGCCTCC-1,0.000027,0.617258,0.382715
AGATAACTTCAGGGCC-1,0.000016,0.418069,0.581915
AGATACCGGTGTTCAC-1,0.00003,0.909544,0.090426
AGATACGACTTCATAT-1,0.000071,0.9995,0.000429
AGATACTCAAGATCGA-1,0.000012,0.253362,0.746627
AGATCGTGCATAAGAT-1,0.000024,0.65047,0.349507
AGATCTCAGGTGTGAT-1,0.000137,0.999043,0.00082
AGATGAGGGTTGCGAT-1,0.000036,0.737905,0.262059
AGATGATGGAGTCTGG-1,0.000052,0.97742,0.022528
AGATGCAAGACGTGCA-1,0.000131,0.88349,0.11638
AGATGCATCCTGTGTC-1,0.000031,0.749767,0.250202
AGATGCTATAACGAGC-1,0.000033,0.99977,0.000197
AGATTCACAACCGATA-1,0.000105,0.867645,0.13225
AGCAACATATCTTATT-1,0.000028,0.606864,0.393107
AGCAACCGAAAGTAAT-1,0.000031,0.500435,0.499534
AGCACCAGTACTCACG-1,0.000052,0.755976,0.243972
AGCACTACCGGCCTGT-1,0.000024,0.000073,0.999903
AGCACTACCTCACCAG-1,0.000077,0.999461,0.000462
AGCACTTAAGGACGCC-1,0.000012,0.28578,0.714208
AGCAGAAGGAGAAAGA-1,0.000057,0.391835,0.608108
AGCAGCCAGATGAATA-1,0.0001,0.946793,0.053107
AGCATCATTTCGAAAG-1,0.000094,0.970728,0.029179
AGCCACTCCCGTGCTT-1,0.000047,0.741557,0.258396
AGCCATATAGTATGTG-1,0.000022,0.994116,0.005863
AGCCCATACATGTAAG-1,0.000003,0.000112,0.999885
AGCCCTAAGCGAAGTT-1,0.000202,0.998583,0.001215
AGCCGCAAATTCAAAT-1,0.000031,0.927854,0.072116
AGCCGCTTGATTAGCG-1,0.000151,0.69318,0.306669
AGCCGTGGCTAAATGT-1,0.000008,0.040316,0.959675
AGCCTAATACCCACGT-1,0.000057,0.00541,0.994533
AGCCTTAAAGCGGAAG-1,0.000016,0.409073,0.590911
AGCGACATCCCATTCA-1,0.000033,0.938713,0.061255
AGCGCGGGTGCCAATG-1,0.000015,0.182401,0.817584
AGCGCTTATGGGCAAG-1,0.00006,0.892328,0.107612
AGCGGACACTTCGTAG-1,0.000026,0.53829,0.461684
AGCGGCGGTTAGCGGT-1,0.000082,0.999426,0.000492
AGCGGGAAGGGTCCAT-1,0.000429,0.882198,0.117373
AGCGGGTCTGACACTC-1,0.000024,0.916835,0.083141
AGCGTACGAGAGCTAG-1,0.000023,0.912971,0.087006
AGCGTGGTATTCTACT-1,0.000009,0.077583,0.922407
AGCTAGAAGCAGAAGT-1,0.000026,0.652227,0.347748
AGCTATTTAATCCAAC-1,0.000104,0.742991,0.256905
AGCTCCTTCGCACATC-1,0.000251,0.998245,0.001504
AGCTCTAGACGTTCCA-1,0.000006,0.075333,0.924662
AGCTCTTCCCAGTGCA-1,0.00004,0.823967,0.175993
AGCTGAAGTAAACCAA-1,0.000023,0.643024,0.356953
AGCTGTAACCTCAATC-1,0.000086,0.594605,0.405309
AGCTTGATCAGGGTAG-1,0.000198,0.891491,0.108311
AGCTTGATCTTAACTT-1,0.000006,0.02465,0.975344
AGGAAAGCCTCTGATG-1,0.0002,0.998602,0.001198
AGGAAGCTGTCCGCCG-1,0.00002,0.498911,0.501069
AGGACAGTCGAATCCC-1,0.000023,0.822088,0.177889
AGGACATCGCACGTCG-1,0.000068,0.995587,0.004345
AGGACGCTCGATGTTG-1,0.000034,0.848061,0.151905
AGGACTTATAGGAGAA-1,0.000043,0.948111,0.051846
AGGATAAAGTCGGGAT-1,0.00004,0.766127,0.233834
AGGATCACGCGATCTG-1,0.000059,0.683984,0.315957
AGGCAGATGCGTAAAC-1,0.000017,0.372936,0.627047
AGGCCACCCGTTATGA-1,0.000029,0.925755,0.074216
AGGCCCAGTGACTGGT-1,0.000813,0.994308,0.004879
AGGCCCTAGAACGCCA-1,0.000022,0.859891,0.140087
AGGCGGTTTGTCCCGC-1,0.000345,0.761799,0.237857
AGGCTATGGTTAGCTT-1,0.000043,0.89799,0.101967
AGGCTTAAGTTGCACA-1,0.000073,0.418964,0.580963
AGGCTTGCTAGACACC-1,0.000054,0.999624,0.000322
AGGGAAACGAGGTACT-1,0.000256,0.998209,0.001535
AGGGCGAGCAGCTGAT-1,0.000006,0.037426,0.962568
AGGGCGTGATCGGCTA-1,0.000026,0.435035,0.564939
AGGGCTGCAGTTACAG-1,0.000027,0.680384,0.319589
AGGGTCGATGCGAACT-1,0.00004,0.824105,0.175854
AGGGTGCTCTCGAGGG-1,0.000048,0.900922,0.09903
AGGGTTCCCTTTGGTT-1,0.000027,0.518194,0.48178
AGGGTTTAGTTCGGGA-1,0.000019,0.142332,0.85765
AGGTAACCTCCTATTC-1,0.000952,0.993332,0.005716
AGGTACGATATTGCCA-1,0.000613,0.789988,0.209398
AGGTAGGTACAAAGCT-1,0.000014,0.469842,0.530144
AGGTATAATTGATAGT-1,0.000069,0.944147,0.055784
AGGTCAGGTGAGAGTG-1,0.000015,0.149921,0.850064
AGGTCGCGGAGTTACT-1,0.000034,0.482201,0.517765
AGGTGTATCGCCATGA-1,0.000009,0.030963,0.969028
AGGTTCTCCTTTCCGG-1,0.000052,0.873637,0.12631
AGGTTGAGGCACGCTT-1,0.000132,0.46247,0.537398
AGGTTTCACACACCTT-1,0.000014,0.153109,0.846877
AGTAATGTCTTGCCGC-1,0.000012,0.019244,0.980744
AGTAATTTGCAAGCGT-1,0.000036,0.934148,0.065816
AGTACCTTCGAGTGCT-1,0.000498,0.100754,0.898749
AGTACGGCCCGTATCG-1,0.000234,0.998364,0.001402
AGTACGGGCACCTGGC-1,0.00001,0.331484,0.668506
AGTACTCTTATGCCCA-1,0.000763,0.994655,0.004581
AGTAGAAGGCGCCTCA-1,0.000023,0.99984,0.000137
AGTAGCTAGACGCCGA-1,0.000066,0.983847,0.016087
AGTAGGAAGGAAGTTG-1,0.000025,0.835952,0.164023
AGTATAATACTAGGCA-1,0.000029,0.872983,0.126989
AGTCAAGATGACACTT-1,0.000027,0.823159,0.176813
AGTCAGCCACCGCCTG-1,0.000062,0.894731,0.105206
AGTCCCGCCTTTAATT-1,0.000029,0.667426,0.332545
AGTCGACGGTCTCAAG-1,0.000026,0.838156,0.161818
AGTCGGCCCAAACGAC-1,0.000018,0.600839,0.399143
AGTCGGCTCAACTTTA-1,0.000474,0.996682,0.002844
AGTCGTCGACCACCAA-1,0.000183,0.805289,0.194528
AGTCGTGGGCATTACG-1,0.000023,0.268803,0.731173
AGTCTCACAAGACTAC-1,0.000127,0.590624,0.409248
AGTCTGGACATCCTTG-1,0.00003,0.560227,0.439743
AGTCTTCTCCTCAAAT-1,0.000102,0.243052,0.756846
AGTGAGACTTCCAGTA-1,0.000048,0.999663,0.000289
AGTGAGCCTCGCCGCC-1,0.000025,0.336507,0.663468
AGTGAGGGTTTCTGAC-1,0.00009,0.974901,0.025008
AGTGATAACCTGCGCG-1,0.000123,0.845607,0.15427
AGTGATTCAAGCAGGA-1,0.000038,0.89637,0.103592
AGTGCTTGCACGAATA-1,0.000017,0.290574,0.709408
AGTGGCGGCAATTTGA-1,0.00002,0.369157,0.630823
AGTGGCGTCTGAAGGT-1,0.00009,0.987876,0.012033
AGTGGCTCCGTCGGCC-1,0.000122,0.867843,0.132035
AGTGGTGTTACCCGTG-1,0.000035,0.899132,0.100833
AGTGGTTGCGTATAGG-1,0.000019,0.338836,0.661145
AGTGTATTGCGCATTG-1,0.000035,0.691619,0.308346
AGTGTGCTAAGATCGC-1,0.007143,0.175511,0.817347
AGTGTGGTCTATTGTG-1,0.000031,0.30909,0.690879
AGTTAAACACTTGCGA-1,0.000033,0.464501,0.535466
AGTTAAGCGGTCCCGG-1,0.000794,0.994443,0.004763
AGTTAAGTCAACCGCT-1,0.000097,0.999322,0.000582
AGTTACCCTTAAGACT-1,0.000122,0.999145,0.000733
AGTTACTCTATCGTGG-1,0.000045,0.503942,0.496013
AGTTCACCGGTTGGAC-1,0.000109,0.37514,0.62475
AGTTCCTATTTATGTT-1,0.000114,0.68557,0.314316
AGTTCTGCGTTGTATC-1,0.000024,0.540442,0.459534
AGTTGACATCGGCTGG-1,0.000015,0.194527,0.805458
AGTTGACGGTCCTTGC-1,0.00002,0.691961,0.308019
AGTTGCGGTCCTCAAC-1,0.000034,0.999762,0.000204
AGTTGCTGACTGATAT-1,0.000029,0.513774,0.486197
AGTTTCGCAGGTCGGA-1,0.000024,0.781593,0.218383
AGTTTGGCCAGACCTA-1,0.000011,0.116068,0.883921
ATAAACGGACCCGTAA-1,0.00001,0.143667,0.856323
ATAAATATTAGCAGCT-1,0.00001,0.308805,0.691185
ATAACGCCGGAGGGTC-1,0.000024,0.669391,0.330584
ATAACGGAGTCCAACG-1,0.000185,0.998706,0.001109
ATAACGTTACCTCCAC-1,0.000068,0.033264,0.966668
ATAAGCAAACACCGAG-1,0.000023,0.683287,0.316691
ATAAGGTGGAGAACAT-1,0.000043,0.693736,0.306221
ATAAGTACCCGATTGT-1,0.000426,0.665359,0.334215
ATAAGTAGGATTCAGA-1,0.000054,0.984025,0.015921
ATAAGTAGGGCGACTC-1,0.000039,0.958885,0.041076
ATAATACCGTTAGCCG-1,0.000038,0.999732,0.00023
ATAATAGCTGTTGAAT-1,0.000015,0.240447,0.759538
ATAATAGTGTAGGGAC-1,0.000039,0.577731,0.42223
ATAATTAGCTAAGTAG-1,0.000009,0.574231,0.425759
ATACCACGGGCAACTT-1,0.000004,0.039353,0.960642
ATACCTAACCAAGAAA-1,0.000018,0.677383,0.322598
ATACGCCGGCGAAACC-1,0.00001,0.232644,0.767347
ATACGGAACGTCGTTT-1,0.000063,0.588547,0.41139
ATACGGGTTTCGATTG-1,0.000006,0.045877,0.954116
ATACGTACTTAGCCAC-1,0.000066,0.997774,0.00216
ATACGTCCACTCCTGT-1,0.00006,0.648023,0.351917
ATACGTTATGCACGGA-1,0.00002,0.370627,0.629353
ATACTAGCATGACCCT-1,0.000043,0.440323,0.559634
ATACTCTCGCCACTCT-1,0.000042,0.174354,0.825604
ATACTGCCTTACACCG-1,0.000943,0.993395,0.005662
ATAGACAACGGGACCT-1,0.000021,0.48151,0.518469
ATAGAGTTATCAACTT-1,0.000054,0.886326,0.113621
ATAGCCTCAGTACCCA-1,0.000031,0.584594,0.415375
ATAGCTGCTCTTGTTA-1,0.003333,0.976659,0.020007
ATAGGAATCTAAGCTT-1,0.000069,0.370369,0.629563
ATAGGCGGCTATAGAA-1,0.000022,0.80717,0.192808
ATAGGCTAGCTTCGCA-1,0.000034,0.528022,0.471944
ATAGGGATATCCTTGA-1,0.000189,0.493597,0.506213
ATAGGTTGGGCAGATG-1,0.000008,0.045553,0.954439
ATAGTTCCACCCACTC-1,0.000072,0.999499,0.000429
ATATAAAGCGCTCGTG-1,0.000069,0.593688,0.406243
ATATAAATGTAGCTGC-1,0.000113,0.446503,0.553384
ATATAGAGTATTGGTC-1,0.000064,0.817044,0.182893
ATATCAACCTACAGAG-1,0.000047,0.99967,0.000283
ATATCAATTCCAGCCT-1,0.00007,0.604351,0.395579
ATATCTCCCTCGTTAA-1,0.000039,0.962803,0.037158
ATATCTTAGGGCCTTC-1,0.000035,0.713293,0.286671
ATATGTCTAGAGCGTG-1,0.000021,0.386825,0.613154
ATATGTCTCCCTAGCC-1,0.000035,0.540192,0.459773
ATATGTGCACAAACCA-1,0.000013,0.444578,0.555409
ATATTATCCCGTATTT-1,0.000154,0.903365,0.096481
ATATTCAGTTAAACCT-1,0.000052,0.623191,0.376757
ATATTCCACATAGTGA-1,0.000278,0.943066,0.056656
ATATTCCCACAGGTCA-1,0.000139,0.489435,0.510427
ATATTGCTGTCAAAGT-1,0.000058,0.999597,0.000345
ATCAAACGAAGGTTTG-1,0.000048,0.930297,0.069655
ATCAAAGAGCCGTGGT-1,0.000063,0.96747,0.032468
ATCAATCTGGGCTGCA-1,0.00003,0.625983,0.373987
ATCAATGCCGTGGCTG-1,0.000427,0.742661,0.256911
ATCACATTAGAATATC-1,0.000095,0.805134,0.194771
ATCACGTGCTAATTAA-1,0.000032,0.733269,0.266699
ATCACTTCATCCTCGC-1,0.000241,0.998313,0.001446
ATCAGCCTCATGCTGC-1,0.000641,0.995512,0.003847
ATCAGCTCGTCCACTA-1,0.000026,0.361332,0.638642
ATCAGGTCGCCATTGC-1,0.000045,0.73658,0.263376
ATCAGTAGGCAGGGAT-1,0.000017,0.177233,0.82275
ATCATCCAATATTTGT-1,0.000049,0.99966,0.000292
ATCCAACGCAGTCATA-1,0.00002,0.617319,0.38266
ATCCAATGGAGGGTCC-1,0.000007,0.034668,0.965325
ATCCAATGGTACCGAA-1,0.000025,0.610478,0.389496
ATCCACTTTCAGACTA-1,0.000042,0.947467,0.052491
ATCCCATCCACAGCGC-1,0.000265,0.759343,0.240392
ATCCTGAATCGCTGCG-1,0.000013,0.458641,0.541346
ATCGACCCAATACAGA-1,0.000012,0.325465,0.674523
ATCGACTCTTTCCGTT-1,0.000068,0.704297,0.295634
ATCGCACGATTGTTCA-1,0.000082,0.669935,0.329983
ATCGCACGCCGGGAGA-1,0.000092,0.474958,0.524951
ATCGGAGACAGACGGC-1,0.00006,0.981716,0.018223
ATCGGCAAGCAGTCCA-1,0.000015,0.238042,0.761943
ATCGGTTACCTAGTAA-1,0.000052,0.610869,0.389078
ATCGTATTCCGAGAAC-1,0.000038,0.671618,0.328343
ATCGTCCAATCGAGTC-1,0.005,0.195265,0.799735
ATCGTTCACTTTCGCC-1,0.000065,0.90663,0.093305
ATCTAACGTCCCTATG-1,0.000291,0.891019,0.10869
ATCTAATATCCTACGG-1,0.0001,0.969807,0.030093
ATCTAGCTTGTGAGGG-1,0.000074,0.905736,0.094189
ATCTCCCTGCAATCTA-1,0.000472,0.996697,0.002831
ATCTGATAGTGTCTTA-1,0.014286,0.899972,0.085742
ATCTGCACCTCTGCGA-1,0.000026,0.259437,0.740538
ATCTGGGCTGTTCTTG-1,0.000043,0.537965,0.461992
ATCTGGTTAAGACTGT-1,0.000069,0.885484,0.114448
ATCTGTAATTGTACCC-1,0.000201,0.668134,0.331665
ATCTTAGGGCATTAAT-1,0.000086,0.997229,0.002685
ATGAAGTGGACCCAGC-1,0.000028,0.999804,0.000168
ATGACGCCGGCTCTAA-1,0.000031,0.32077,0.679199
ATGACGCGTTCTATCC-1,0.000093,0.999351,0.000556
ATGACTATGCGACATT-1,0.000025,0.881431,0.118543
ATGAGGAGTGTTAATC-1,0.000029,0.881111,0.11886
ATGCACCTTCCTTAAT-1,0.001961,0.986271,0.011768
ATGCACGCGCTGTTCA-1,0.000023,0.611332,0.388645
ATGCATGATCCAGGAT-1,0.000036,0.587006,0.412957
ATGCCATTTGCGACCA-1,0.000069,0.654681,0.34525
ATGCCGGTCTTGCATA-1,0.000026,0.841568,0.158407
ATGCCGGTTGATGGGA-1,0.00002,0.000073,0.999906
ATGCGACAATTGGTCC-1,0.000017,0.55451,0.445474
ATGCGACAGTCCCATT-1,0.000041,0.736729,0.26323
ATGCTCAGTGTTGCAT-1,0.000058,0.999597,0.000345
ATGGAAATTTAAGGAG-1,0.000017,0.611212,0.388771
ATGGAGCAGGCCGTGA-1,0.000033,0.543368,0.456599
ATGGATCCGGCGTCCG-1,0.000463,0.603805,0.395732
ATGGATTGACCAAACG-1,0.000067,0.445148,0.554785
ATGGCAGCATTACGAT-1,0.000106,0.411597,0.588297
ATGGCAGCCGAGAAAC-1,0.00005,0.748758,0.251192
ATGGCTGGAAATGGCC-1,0.000304,0.812024,0.187672
ATGGGCCTCGGCCTCT-1,0.000034,0.789972,0.209995
ATGGTATTGGGAACCG-1,0.000019,0.868171,0.13181
ATGGTATTTACTGATT-1,0.00002,0.646425,0.353555
ATGGTCGCGTGGTTTC-1,0.000024,0.666268,0.333708
ATGGTTACGAAACATG-1,0.000057,0.48088,0.519063
ATGTACGATGACGTCG-1,0.000021,0.735941,0.264039
ATGTAGCGCGCGTAGG-1,0.000083,0.679129,0.320788
ATGTCATAATAAACGA-1,0.000117,0.999184,0.000699
ATGTCATTTCCCATTG-1,0.000196,0.994461,0.005344
ATGTGAAAGCCTAATG-1,0.000329,0.997697,0.001974
ATGTGCATCCGACGCA-1,0.000137,0.579743,0.42012
ATGTGGACATCTTGAT-1,0.000041,0.724657,0.275302
ATGTTACGAGCAATAC-1,0.000018,0.128233,0.871748
ATGTTCCTGCCCACCT-1,0.000193,0.998646,0.001161
ATGTTCGTCGACCCAC-1,0.000039,0.681498,0.318463
ATTAAACATGCGGACC-1,0.00007,0.903833,0.096096
ATTAATACTACGCGGG-1,0.000148,0.576384,0.423468
ATTAATGAACCAGTCG-1,0.00001,0.149539,0.850451
ATTAATTCGGTCACTC-1,0.000405,0.997165,0.00243
ATTACAACTACCGGCC-1,0.000074,0.999483,0.000444
ATTACGCGCTGGCAGG-1,0.000005,0.02542,0.974575
ATTACTAGCCTCTTGC-1,0.000041,0.945582,0.054377
ATTACTTACTGGGCAT-1,0.000048,0.91914,0.080812
ATTAGATTCCTCAGCA-1,0.000112,0.756171,0.243716
ATTAGGCGATGCTTTC-1,0.000009,0.116869,0.883122
ATTATACTTTGCTCGT-1,0.00016,0.044675,0.955165
ATTATGAGACCCAATT-1,0.00004,0.561931,0.43803
ATTCAAAGTACCTGTT-1,0.007692,0.593129,0.399179
ATTCACTGATGTTGGA-1,0.000036,0.23115,0.768813
ATTCAGGACCTATTTC-1,0.000017,0.113574,0.886409
ATTCAGTAGCAGGGTC-1,0.000032,0.499429,0.500539
ATTCATATACTGTCCA-1,0.000011,0.0011,0.99889
ATTCCCACATAAACAA-1,0.00002,0.537962,0.462017
ATTCCTCCGCCAGTGC-1,0.000021,0.307314,0.692665
ATTCCTTCCAGGCGGT-1,0.00009,0.999367,0.000543
ATTCGACGCCGGGCCT-1,0.000007,0.166932,0.833061
ATTCGCAGAGGACACT-1,0.000022,0.231644,0.768334
ATTCTTCGTACTTATG-1,0.000135,0.999054,0.000811
ATTGATAGCAACGAGA-1,0.000036,0.428792,0.571172
ATTGATCACCACATTT-1,0.000025,0.501932,0.498043
ATTGATGAGTCCTAAC-1,0.000015,0.140772,0.859214
ATTGCTGCTCCTCCAT-1,0.000016,0.498971,0.501013
ATTGGGAGTTCTGTAA-1,0.000167,0.000502,0.999331
ATTGGTAGGATCCGCT-1,0.000026,0.539799,0.460175
ATTGTACAACTCGGCT-1,0.000028,0.512302,0.487671
ATTGTCGCAATACCTT-1,0.000168,0.998821,0.00101
ATTGTGACTTCGCTGC-1,0.000035,0.635276,0.364688
ATTTACAGTTTACTGG-1,0.000033,0.895454,0.104514
ATTTCATTATTTCGCG-1,0.000111,0.258758,0.741132
ATTTGCGCGAGTAGCT-1,0.000127,0.894036,0.105837
ATTTGTCTTGGGAGCT-1,0.00004,0.746707,0.253253
ATTTGTTCCAGGGCTC-1,0.000369,0.808617,0.191014
CAAACCCTCCGGCGGG-1,0.00004,0.301329,0.698631
CAAACGGTCGCACTTT-1,0.000019,0.35764,0.642342
CAAACTACGATAGAGA-1,0.000055,0.918724,0.081221
CAAACTATTGAGCTTC-1,0.000813,0.994308,0.004879
CAAAGTCAGGTTAGCT-1,0.0125,0.912486,0.075014
CAAATCTCTCACAAGG-1,0.000006,0.094031,0.905963
CAAATTGTCAGCAAGC-1,0.00084,0.994116,0.005043
CAACATGGCCTGATAA-1,0.000909,0.543467,0.455624
CAACCGCACCTAGACA-1,0.00003,0.99979,0.00018
CAACGGTTCTTGATAC-1,0.000037,0.492644,0.507319
CAACTATATCGAATGC-1,0.001163,0.991859,0.006979
CAACTCCGTAACTTGC-1,0.000064,0.873305,0.126632
CAACTCCTTGATCCCG-1,0.000035,0.511131,0.488834
CAACTGAGGGTATGAC-1,0.000013,0.53159,0.468397
CAACTTGTAGTGGGCA-1,0.000066,0.690257,0.309677
CAAGAAACCCTAAACT-1,0.000029,0.582629,0.417342
CAAGAGGGCGGAGTAC-1,0.000032,0.409625,0.590343
CAAGATATTATAACGT-1,0.000036,0.92334,0.076624
CAAGCAACGTCGGAGT-1,0.000024,0.833223,0.166753
CAAGCACCAAATGCCT-1,0.000119,0.919713,0.080168
CAAGGATCGCATGTTC-1,0.000019,0.103422,0.896559
CAAGTGTGGTTGCAAA-1,0.000029,0.539297,0.460674
CAATAAACCTTGGCCC-1,0.000126,0.706792,0.293081
CAATACGCTCTGAGGC-1,0.00024,0.845035,0.154725
CAATATGTAGATTTAC-1,0.000034,0.85684,0.143126
CAATATTGGACTAGTG-1,0.000015,0.667848,0.332137
CAATCCCTATACCAGC-1,0.00068,0.995237,0.004083
CAATCCTGCCGTGGAG-1,0.000054,0.681618,0.318328
CAATGCGAGAAGTATC-1,0.00042,0.997058,0.002522
CAATGGAATCTACATA-1,0.00082,0.994261,0.004919
CAATGGATCTCTACCA-1,0.000037,0.751121,0.248842
CAATTAAGGGTGATGA-1,0.000042,0.3493,0.650658
CAATTTCGTATAAGGG-1,0.000012,0.28811,0.711878
CAATTTGACCGGGAAG-1,0.00069,0.995171,0.004139
CACAAGAAAGATATTA-1,0.000042,0.379813,0.620145
CACAAGCTAAGAAAGG-1,0.00009,0.704003,0.295907
CACACAGGGATAGATT-1,0.00004,0.932275,0.067685
CACACGCGCTGTCTTA-1,0.000029,0.642814,0.357157
CACACTTGTATTGCGA-1,0.000106,0.665499,0.334396
CACAGAGACGAGGACG-1,0.00005,0.442934,0.557017
CACAGCACCCACGGCA-1,0.000039,0.994819,0.005142
CACAGCTAGGGAGTGA-1,0.000024,0.35733,0.642646
CACAGGGCCGTTGTCA-1,0.000019,0.433384,0.566597
CACATATTAGCAGGAT-1,0.00008,0.756945,0.242975
CACATGATTCAGCAAC-1,0.00002,0.634268,0.365712
CACATGTTTGGACATG-1,0.000046,0.896438,0.103516
CACATTCTTTCGATGG-1,0.000036,0.65443,0.345533
CACCACGCCACACAGA-1,0.00002,0.436574,0.563405
CACCAGTCAGCATGCA-1,0.000352,0.997535,0.002113
CACCATCGGAGGAGAC-1,0.000155,0.537906,0.46194
CACCATGATCGCAAAG-1,0.000029,0.796531,0.20344
CACCCAAATCTTATGT-1,0.000034,0.939443,0.060523
CACCCACACGTCACCC-1,0.000036,0.51925,0.480714
CACCCACGAGGCAATT-1,0.000028,0.70798,0.291992
CACCCTAACAAGATCT-1,0.000066,0.999541,0.000393
CACCCTTGGTGAGACC-1,0.000096,0.992416,0.007488
CACCCTTTCCTCGCTC-1,0.000847,0.994066,0.005086
CACCGATACACCGAGC-1,0.000085,0.999402,0.000513
CACCGCCAGAAGGTTT-1,0.000048,0.999663,0.000289
CACCGCCGACCAGCGA-1,0.000152,0.63082,0.369028
CACCGGTAGAGACATT-1,0.000242,0.765192,0.234566
CACCGTTGCGCGATAT-1,0.000022,0.692621,0.307358
CACCTAATAGAGTCGT-1,0.000027,0.605313,0.39466
CACCTAATCAGTTTAC-1,0.000056,0.154024,0.845919
CACCTCGATGGTGGAC-1,0.000138,0.999032,0.00083
CACCTTGCGAAACTCG-1,0.000018,0.361629,0.638353
CACGAAAGTTAGTCCC-1,0.000019,0.51905,0.480931
CACGACGTAATAGTAA-1,0.000329,0.449588,0.550083
CACGCACAGCGCAGCT-1,0.000252,0.893668,0.10608
CACGCAGCGAGGCTTT-1,0.00002,0.373576,0.626404
CACGTCGGCAACCTCT-1,0.000088,0.637234,0.362678
CACGTCTATGATGTGG-1,0.000075,0.999475,0.00045
CACGTTCGTGCTCTAG-1,0.000019,0.56773,0.43225
CACGTTTCGTACACAC-1,0.000265,0.998143,0.001592
CACTCAGCTCTTGAGG-1,0.000213,0.107726,0.892061
CACTCCTCTCGGTCGG-1,0.00005,0.227153,0.772797
CACTCGAGCTGAACAA-1,0.000029,0.350592,0.649379
CACTCGGTTAGGAGGA-1,0.000617,0.995678,0.003705
CACTGTCCAAGTGAGA-1,0.000036,0.987866,0.012098
CACTTCGCCACAGGCT-1,0.000031,0.820118,0.179851
CACTTCGTCTTATCTC-1,0.000935,0.571641,0.427425
CAGAACTTAGCCCTCT-1,0.001316,0.990787,0.007897
CAGACCTGTAAGTGTT-1,0.000015,0.278754,0.721231
CAGAGCATGAGCTTGC-1,0.000085,0.6649,0.335015
CAGAGTGATTTAACGT-1,0.000155,0.567541,0.432304
CAGATCCTGGTTTGAA-1,0.000263,0.953401,0.046336
CAGCAGCCCGTTCCTT-1,0.000053,0.999626,0.000321
CAGCCGGGCCCTCTAT-1,0.000072,0.999493,0.000435
CAGCCTCCTGCAGAGG-1,0.000065,0.77669,0.223245
CAGCCTCTCCTCAAGA-1,0.000035,0.95082,0.049145
CAGCGCCAACACGATA-1,0.000032,0.999777,0.000191
CAGCTCACTGAGACAT-1,0.000066,0.999536,0.000398
CAGCTCGACAAGTTAA-1,0.00002,0.497326,0.502654
CAGCTCGTGCTTGTGT-1,0.000481,0.90015,0.099369
CAGCTGGCGTAACCGT-1,0.000248,0.649634,0.350119
CAGCTTAGTAGGTAGC-1,0.000019,0.627135,0.372846
CAGGAAGACTTTATAT-1,0.000141,0.999014,0.000845
CAGGATATATCGTTGT-1,0.000035,0.931331,0.068633
CAGGCCGTTTGGGTGT-1,0.000033,0.832608,0.167359
CAGGCGCCATGCTAGG-1,0.000012,0.256786,0.743201
CAGGTTTAGTACTACA-1,0.000021,0.589578,0.410401
CAGTAACTATTTATTG-1,0.000036,0.776415,0.223549
CAGTAATCCCTCCCAG-1,0.000041,0.804367,0.195592
CAGTACATTCTCTAAA-1,0.00002,0.516185,0.483795
CAGTACCAGTTTACGT-1,0.000031,0.704107,0.295862
CAGTAGCCCACGCGGT-1,0.000027,0.717766,0.282206
CAGTCCAACGCCTTCT-1,0.000025,0.42349,0.576485
CAGTCGAGGATGCAAT-1,0.000039,0.88408,0.11588
CAGTCTGTATACTGGG-1,0.000031,0.693738,0.306231
CAGTGAATAAATGACT-1,0.000033,0.982905,0.017062
CAGTGGTTGCACATGA-1,0.000074,0.996033,0.003893
CAGTGTCCGCAGAATG-1,0.000158,0.998896,0.000947
CAGTGTCGGCTGGCCC-1,0.000153,0.958201,0.041646
CAGTTCCGCGGGTCGA-1,0.00001,0.06652,0.93347
CATAACGGACAGTCGT-1,0.000018,0.253108,0.746875
CATAAGCTCTCCGTCT-1,0.000006,0.000017,0.999977
CATACAAAGCCGAACC-1,0.000021,0.278047,0.721932
CATACCCGTACCCAGT-1,0.000007,0.113885,0.886108
CATACGGCGTCTGGGC-1,0.000018,0.453099,0.546883
CATAGCCGCCCGGGAT-1,0.000024,0.381326,0.61865
CATAGTACATTGAGAG-1,0.000228,0.804372,0.195399
CATAGTAGCATAGTAG-1,0.000051,0.830565,0.169384
CATAGTCCACAAGAAC-1,0.000027,0.817936,0.182037
CATATACTACTGATAA-1,0.00002,0.077138,0.922842
CATATGTCAGGCTACG-1,0.000474,0.996682,0.002844
CATATTATTTGCCCTA-1,0.000091,0.548859,0.45105
CATCAACACCTACTAA-1,0.000041,0.948546,0.051413
CATCATCTACCCGGAC-1,0.000171,0.998801,0.001028
CATCATTACCCTGAGG-1,0.000071,0.584231,0.415698
CATCCAATATAGTTTG-1,0.000055,0.590707,0.409238
CATCCGCAGGCCCGAA-1,0.000266,0.252741,0.746993
CATCCTCTCAAAGATC-1,0.000094,0.99934,0.000566
CATCGCCCGCGGCCAA-1,0.000084,0.868153,0.131763
CATCGGACGGGTTAAT-1,0.000176,0.756466,0.243358
CATCTACCCGAGAACG-1,0.000029,0.533097,0.466874
CATCTATCCCGTGTCT-1,0.000028,0.698548,0.301424
CATCTGCAGGATCATT-1,0.00007,0.731863,0.268067
CATCTTACACCACCTC-1,0.000063,0.616293,0.383644
CATGAACCGACATTTG-1,0.000476,0.996666,0.002858
CATGATGCACAATTCT-1,0.00006,0.058314,0.941626
CATGCCAACTCGCAAA-1,0.000089,0.791595,0.208315
CATGCGACCAGTTTAA-1,0.000024,0.477305,0.522671
CATGCGTTAGACAGAA-1,0.000016,0.223046,0.776937
CATGCTGGCTCCAATT-1,0.000017,0.354911,0.645072
CATGGAAATGGGACCA-1,0.000488,0.678425,0.321087
CATGGCAGGAAGATCG-1,0.000251,0.584814,0.414934
CATGGGTATGCCTTAT-1,0.000417,0.997083,0.002501
CATGGGTCGGGTGTGG-1,0.00003,0.305474,0.694495
CATGGTAAGTAGCGTT-1,0.000005,0.015164,0.98483
CATGGTATTAGTTTGT-1,0.000154,0.797848,0.201997
CATGGTCTAGATACCG-1,0.000075,0.941022,0.058903
CATGTAAGAGACATTT-1,0.000775,0.898762,0.100463
CATGTCTCATTTATGG-1,0.000019,0.413274,0.586707
CATTACGTCGGCCCGT-1,0.000056,0.149143,0.850801
CATTCCCTAAGTACAA-1,0.0001,0.512818,0.487082
CATTGCGAAATGGGCG-1,0.000067,0.927521,0.072412
CATTGTGTGCTAGATC-1,0.000198,0.564509,0.435293
CATTTAGCGGACCATG-1,0.00004,0.898482,0.101477
CATTTCTAGCAGACTA-1,0.000061,0.860635,0.139303
CCAAAGCAGTTGGTTG-1,0.000469,0.154043,0.845487
CCAACGATGCACTGAT-1,0.000016,0.524676,0.475308
CCAACGCTTGCCAGGG-1,0.00004,0.551255,0.448705
CCAAGACTTCTGCGAA-1,0.000027,0.396488,0.603485
CCAAGCGTAACTCGTA-1,0.000026,0.333665,0.666309
CCAAGGAACAGAGAGG-1,0.000142,0.721242,0.278615
CCAAGTTTCTACAGAT-1,0.000069,0.935399,0.064532
CCAATAGTGCCGTCGA-1,0.000031,0.971878,0.028091
CCAATCGGTAGATCGA-1,0.00017,0.998809,0.001021
CCAATTACGGGTCGAG-1,0.000059,0.934779,0.065162
CCAATTGAATGTTAAT-1,0.000105,0.655283,0.344611
CCACAATGTACGTCTT-1,0.000016,0.189757,0.810227
CCACAGCTGAAATCAT-1,0.000087,0.886269,0.113644
CCACAGTACCCATCCT-1,0.000029,0.492702,0.507269
CCACATGGCTCTTTAT-1,0.000125,0.314242,0.685633
CCACCCAAGGAAAGTG-1,0.000006,0.164146,0.835849
CCACGAGAAGAGAATC-1,0.001333,0.990664,0.008002
CCACGGAGCCATAAGA-1,0.000039,0.795109,0.204852
CCACGGTGCCCGGTAG-1,0.000035,0.86354,0.136424
CCACTGGTGGCTGGTT-1,0.000031,0.071341,0.928628
CCAGAGACAAAGCCGG-1,0.000031,0.809386,0.190583
CCAGATAGTTGAGTGA-1,0.000032,0.851249,0.148719
CCAGCCTGGACCAATA-1,0.000009,0.26076,0.739231
CCAGCTACGCCTCATA-1,0.000137,0.928382,0.071481
CCAGCTCGAACGCATT-1,0.000009,0.294274,0.705717
CCAGCTGATGGTACTT-1,0.000022,0.61523,0.384748
CCAGCTTCCGCCCGCA-1,0.000049,0.681722,0.318229
CCAGTAGTCTGATCCA-1,0.000041,0.996569,0.00339
CCAGTCAAATCTCTTA-1,0.000017,0.308632,0.691351
CCAGTCCATTATTCGA-1,0.000034,0.556283,0.443682
CCAGTCTAGACGGCGC-1,0.000027,0.754212,0.245761
CCAGTCTTGTCATAGA-1,0.000041,0.562824,0.437135
CCATAAACAACCCGAC-1,0.0008,0.994399,0.004801
CCATAACCTGTGCAGT-1,0.000057,0.654477,0.345467
CCATACCTTTACTTGT-1,0.000032,0.554843,0.445125
CCATAGGTTGGCGTGG-1,0.000047,0.518922,0.481031
CCATAGTCAGTAACCC-1,0.000058,0.883741,0.1162
CCATATTGGATCATGA-1,0.002778,0.008336,0.988887
CCATCCATACCAAGTC-1,0.000212,0.998517,0.001272
CCATCGCAGTTAAACT-1,0.000016,0.551662,0.448322
CCATCTCACCAGTGAA-1,0.000047,0.870749,0.129205
CCATCTTGTTCACAAT-1,0.000071,0.854387,0.145543
CCATGCTCTGCAGGAA-1,0.000027,0.469698,0.530275
CCATGGCCCTTGTACC-1,0.000016,0.393704,0.60628
CCATTAGCGATAATCC-1,0.000025,0.641426,0.358549
CCATTCCCTGCCCACA-1,0.000029,0.790523,0.209447
CCCAAACATGCTGCTC-1,0.000035,0.92395,0.076015
CCCAACATACGTCGCG-1,0.000029,0.841031,0.15894
CCCAATTTCACAACTT-1,0.000016,0.539263,0.460721
CCCAGAGGAGGGCGTA-1,0.0001,0.695121,0.304779
CCCAGGAAGAATTCGA-1,0.000038,0.689489,0.310473
CCCAGTAAACTTGGGA-1,0.000012,0.000061,0.999927
CCCAGTTAAGGCGCCG-1,0.000021,0.529374,0.470606
CCCGAAGTTTCGCGAA-1,0.000038,0.273671,0.726292
CCCGACCATAGTCCGC-1,0.000149,0.74093,0.25892
CCCGCAGCGCGAACTA-1,0.000019,0.432421,0.567561
CCCGCAGGGCCCAAAG-1,0.000154,0.998921,0.000925
CCCGCCATGCTCCCGT-1,0.000041,0.943507,0.056452
CCCGCGCAATGCACCC-1,0.000028,0.505852,0.49412
CCCGGCTAGGTGAGAA-1,0.000099,0.860579,0.139322
CCCGGTGGAAGAACCT-1,0.000027,0.591613,0.40836
CCCGGTGTATCGGAAT-1,0.000229,0.768033,0.231738
CCCGTAAGTCTAGGCC-1,0.000008,0.162109,0.837883
CCCGTGGGTTAATTGA-1,0.000051,0.910905,0.089044
CCCTAGTGTCAGGTGT-1,0.000118,0.999172,0.000709
CCCTATGTAGAGCAGA-1,0.000079,0.635426,0.364495
CCCTCAAGCTCTTAGT-1,0.000331,0.997682,0.001987
CCCTCATTCTGGAATT-1,0.000063,0.265383,0.734554
CCCTGAAATGAGTTGA-1,0.000017,0.449345,0.550638
CCCTGACTAACAAATT-1,0.0001,0.584973,0.414926
CCCTGATGTAACTCGT-1,0.000024,0.258273,0.741703
CCCTGCCCAATCCGCT-1,0.000013,0.069032,0.930955
CCCTGCGCTACGCATA-1,0.000006,0.02293,0.977064
CCCTGGCTGTTCCTTC-1,0.00005,0.776036,0.223914
CCCTGTTGGCAAAGAC-1,0.000265,0.685774,0.313961
CCGAAAGTGGTGAGCA-1,0.000048,0.951386,0.048566
CCGAACACTGGGCCTC-1,0.000035,0.625606,0.374359
CCGAACCTTCCCGGCC-1,0.000036,0.750202,0.249762
CCGAAGTATATTGTTC-1,0.000061,0.822761,0.177178
CCGACAAACACATGAG-1,0.02,0.859952,0.120048
CCGACAAAGGGAGTGC-1,0.00003,0.580522,0.419448
CCGACGGGCATGAGGT-1,0.000775,0.994572,0.004653
CCGACGTAAACACAAC-1,0.000042,0.887362,0.112595
CCGATCTCAACCTTAT-1,0.000053,0.828523,0.171424
CCGATCTTAAGAGGCT-1,0.000027,0.527956,0.472017
CCGATTCGAGGGACCC-1,0.000023,0.278282,0.721695
CCGCACAAAGACCAAC-1,0.000005,0.083896,0.916099
CCGCACGTGACCTCGG-1,0.000025,0.668624,0.331351
CCGCATGTGGTACGAT-1,0.000004,0.00374,0.996256
CCGCCGGAACTTCTCG-1,0.000053,0.966302,0.033645
CCGCCTGCGAATTGGT-1,0.000021,0.3715,0.628478
CCGCCTTGCGATGTCG-1,0.000018,0.746268,0.253715
