Barcode,Topic 1to2,Topic 3to5,Topic 6,Topic 7to9
AAACAACGAATAGTTC-1,0.000191,0.735397,0.000096,0.264315
AAACAAGTATCTCCCA-1,0.000077,0.379189,0.089531,0.531203
AAACACCAATAACTGC-1,0.000051,0.836758,0.021673,0.141518
AAACAGAGCGACTCCT-1,0.003767,0.351439,0.001885,0.64291
AAACAGCTTTCAGAAG-1,0.000031,0.961784,0.000015,0.03817
AAACAGGGTCTATATT-1,0.000049,0.602452,0.000024,0.397475
AAACATTTCCCGGATT-1,0.000145,0.334686,0.016472,0.648697
AAACCGGGTAGGTACC-1,0.003584,0.989242,0.001793,0.005381
AAACCGTTCGTCCAGG-1,0.000043,0.182793,0.045705,0.771459
AAACCTAAGCAGCCGG-1,0.000111,0.592466,0.08175,0.325674
AAACCTCATGAAGTTG-1,0.000108,0.999674,0.000054,0.000163
AAACGAAGATGGAGTA-1,0.000071,0.395599,0.060969,0.543362
AAACGAGACGGTTGAT-1,0.000457,0.8692,0.000229,0.130114
AAACGGGTTGGTATCC-1,0.000228,0.597122,0.003907,0.398743
AAACGGTTGCGAACTG-1,0.000144,0.992299,0.007342,0.000216
AAACTAACGTGGCGAC-1,0.000123,0.37704,0.000061,0.622776
AAACTCGGTTCGCAAT-1,0.000039,0.053071,0.925929,0.020962
AAACTGCTGGCTCCAA-1,0.000467,0.87487,0.051647,0.073015
AAACTTAATTGCACGC-1,0.000071,0.73876,0.261064,0.000106
AAACTTGCAAACGTAT-1,0.000777,0.912905,0.000389,0.08593
AAAGACTGGGCGCTTT-1,0.000382,0.848748,0.000191,0.150679
AAAGGGATGTAGCAAG-1,0.000052,0.865405,0.000026,0.134517
AAAGGGCAGCTTGAAT-1,0.000328,0.339292,0.047892,0.612488
AAAGGTAAGCTGTACC-1,0.001292,0.503844,0.000646,0.494217
AAAGTAGCATTGCTCA-1,0.000378,0.751836,0.075849,0.171936
AAAGTCGACCCTCAGT-1,0.000179,0.737857,0.000089,0.261875
AAAGTGTGATTTATCT-1,0.000383,0.604691,0.000191,0.394735
AAAGTTGACTCCCGTA-1,0.000154,0.541173,0.000077,0.458596
AAATAACCATACGGGA-1,0.001117,0.651641,0.312184,0.035058
AAATACCTATAAGCAT-1,0.000699,0.76576,0.00035,0.233192
AAATAGCTTAGACTTT-1,0.000079,0.548273,0.000039,0.451609
AAATAGGGTGCTATTG-1,0.000221,0.844115,0.00011,0.155554
AAATCCGATACACGCC-1,0.000178,0.661602,0.000089,0.338131
AAATCGCGGAAGGAGT-1,0.000034,0.000051,0.313107,0.686808
AAATCTAGCCCTGCTA-1,0.000261,0.55799,0.00013,0.441619
AAATGCTCGTTACGTT-1,0.000072,0.504242,0.004242,0.491444
AAATGGCATGTCTTGT-1,0.000975,0.597274,0.141032,0.260719
AAATGGCCCGTGCCCT-1,0.000766,0.630009,0.000383,0.368841
AAATGTATCTTATCCC-1,0.000055,0.848119,0.022823,0.129003
AAATTAATAAGCGCGA-1,0.000032,0.94649,0.047313,0.006166
AAATTACACGACTCTG-1,0.002813,0.633491,0.188743,0.174953
AAATTACCTATCGATG-1,0.000128,0.297076,0.000064,0.702731
AAATTGATAGTCCTTT-1,0.000498,0.617387,0.000249,0.381866
AAATTGCGGCGGTTCT-1,0.000058,0.816081,0.011363,0.172498
AAATTTACCGAAATCC-1,0.000346,0.664878,0.000173,0.334603
AAATTTGCGGGTGTGG-1,0.000237,0.663084,0.000119,0.33656
AACAACTGGTAGTTGC-1,0.000619,0.351945,0.16884,0.478596
AACAATTACTCTACGC-1,0.000398,0.383227,0.000199,0.616175
AACACACGCTCGCCGC-1,0.001434,0.479459,0.232684,0.286424
AACACGACTGTACTGA-1,0.000437,0.336729,0.000218,0.662616
AACACGAGACGCGGCC-1,0.000588,0.459573,0.000294,0.539545
AACACGCGGCCGCGAA-1,0.000238,0.41338,0.000119,0.586263
AACAGCTGTGTGGCAA-1,0.000216,0.793585,0.018128,0.188071
AACAGGAAATCGAATA-1,0.000158,0.7371,0.04415,0.218592
AACAGGATGGGCCGCG-1,0.000039,0.122631,0.003023,0.874307
AACAGGTAGTATGGAT-1,0.000217,0.415697,0.000109,0.583978
AACATATCAACTGGTG-1,0.000156,0.473125,0.000078,0.526641
AACATTGGTCAGCCGT-1,0.000171,0.989196,0.000085,0.010548
AACCAAGACTTCTCTG-1,0.002077,0.775075,0.001039,0.221809
AACCAGTATCACTCTT-1,0.001068,0.317001,0.000535,0.681396
AACCATAGGGTTGAAC-1,0.000103,0.977929,0.021813,0.000155
AACCATGGGATCGCTA-1,0.003704,0.889186,0.10155,0.005559
AACCCAGAGACGGAGA-1,0.000171,0.188036,0.239742,0.572051
AACCCATCCCATGATC-1,0.000021,0.352786,0.139503,0.50769
AACCCTACTGTCAATA-1,0.000114,0.4713,0.000057,0.52853
AACCGAGCTTGGTCAT-1,0.000099,0.859036,0.00005,0.140815
AACCGCTAAGGGATGC-1,0.003969,0.398405,0.001985,0.595641
AACCGTTGTGTTTGCT-1,0.000066,0.7389,0.000033,0.261002
AACCTCGCTTTAGCCC-1,0.000072,0.724679,0.202937,0.072312
AACCTTTAAATACGGT-1,0.000158,0.459756,0.032852,0.507233
AACCTTTACGACGTCT-1,0.005051,0.633349,0.002527,0.359073
AACGAAAGTCGTCCCA-1,0.000065,0.585508,0.05734,0.357087
AACGATAATGCCGTAG-1,0.000187,0.289372,0.000093,0.710348
AACGATATGTCAACTG-1,0.00029,0.527861,0.000145,0.471705
AACGCATGATCTGGGT-1,0.000229,0.703546,0.035316,0.260909
AACGCGAACGGCAACA-1,0.000032,0.054019,0.029581,0.916368
AACGCGGTCTCCAGCC-1,0.000078,0.553677,0.191241,0.255004
AACGCTGTTGCTGAAA-1,0.00014,0.622911,0.000767,0.376182
AACGGACGTACGTATA-1,0.001024,0.450531,0.05649,0.491954
AACGGCCATCTCCGGT-1,0.000318,0.723252,0.000159,0.27627
AACGTACTGTGGGTAC-1,0.000517,0.919573,0.000259,0.079652
AACGTCAGACTAGTGG-1,0.001111,0.309324,0.248788,0.440777
AACGTGATGAAGGACA-1,0.001292,0.001939,0.000646,0.996122
AACGTGCGAAAGTCTC-1,0.000167,0.843772,0.000083,0.155979
AACGTTATCAGCACCT-1,0.000054,0.439096,0.000027,0.560823
AACTACCCGTTTGTCA-1,0.000134,0.263368,0.000067,0.736431
AACTAGGCTTGGGTGT-1,0.000035,0.445302,0.000278,0.554385
AACTCAAGTTAATTGC-1,0.000403,0.417238,0.000201,0.582158
AACTCCAGAGCGTGTT-1,0.000263,0.180051,0.000132,0.819554
AACTCCTAATCCCATG-1,0.007408,0.977766,0.003706,0.01112
AACTCGATAAACACGT-1,0.0001,0.897354,0.00005,0.102496
AACTCGATGGCGCAGT-1,0.003221,0.671113,0.001611,0.324054
AACTCTCAATAGAGCG-1,0.000066,0.278044,0.000033,0.721856
AACTCTCAGTGTGCTC-1,0.001029,0.315919,0.000515,0.682538
AACTGAGGTCAGCGTC-1,0.000159,0.237672,0.118481,0.643688
AACTGATATTAGGCCT-1,0.000684,0.802223,0.117527,0.079566
AACTGGGTCCCGACGT-1,0.000107,0.889166,0.000054,0.110673
AACTTCTGCGTCTATC-1,0.00008,0.319182,0.00004,0.680699
AACTTGCCCGTATGCA-1,0.000106,0.223385,0.000053,0.776455
AACTTGCGTTCTCGCG-1,0.001434,0.556148,0.000717,0.441701
AACTTTACGGGAGCTT-1,0.000074,0.914987,0.000037,0.084902
AAGAAGGATCAGTTAG-1,0.00095,0.462636,0.171318,0.365097
AAGACCAAATAACTCA-1,0.000279,0.928941,0.000139,0.070642
AAGACTAACCCGTTGT-1,0.001331,0.672682,0.116228,0.209759
AAGACTGCAAGCTACT-1,0.000067,0.896982,0.000034,0.102917
AAGAGATGAATCGGTA-1,0.000128,0.259559,0.000064,0.74025
AAGAGCTCTTTATCGG-1,0.0004,0.667201,0.0002,0.3322
AAGAGGATGTACGCGA-1,0.002058,0.422312,0.00103,0.574601
AAGAGGCATGGATCGC-1,0.000496,0.652924,0.000248,0.346332
AAGATGGCACCGGACC-1,0.000315,0.481886,0.107436,0.410363
AAGATTGGCGGAACGT-1,0.000588,0.319256,0.066972,0.613184
AAGCACCCTGCGTATC-1,0.000057,0.368956,0.320695,0.310292
AAGCATACTCTCCTGA-1,0.000427,0.600148,0.000214,0.399211
AAGCCGAAGCGGTTTA-1,0.000204,0.254436,0.000102,0.745259
AAGCGCAGGGCTTTGA-1,0.000283,0.684553,0.018507,0.296656
AAGCGGCGTCATGGGT-1,0.007665,0.4655,0.003834,0.523001
AAGCGTCCCTCATCGA-1,0.000455,0.342287,0.000228,0.657029
AAGCTAGATCGAGTAA-1,0.00023,0.339835,0.000115,0.659821
AAGCTCGTGCCAAGTC-1,0.000128,0.727251,0.000064,0.272557
AAGCTCTTTCATGGTG-1,0.000311,0.651446,0.000156,0.348087
AAGGATCGATCGCTTG-1,0.000055,0.343098,0.032864,0.623983
AAGGATGAGGGACCTC-1,0.000231,0.517785,0.000116,0.481868
AAGGCGCGTAAAGCTT-1,0.000593,0.574404,0.000297,0.424706
AAGGCTGTGCTCATCG-1,0.000106,0.450323,0.000053,0.549518
AAGGGAACGACTGGCT-1,0.000069,0.547156,0.402889,0.049886
AAGGGACAGATTCTGT-1,0.000155,0.01165,0.000078,0.988117
AAGGGACTATGCATTC-1,0.00006,0.832009,0.063738,0.104192
AAGGGTTTGATTTCAG-1,0.000596,0.462317,0.141387,0.395701
AAGGTATCCTAATATA-1,0.00202,0.43225,0.001011,0.564719
AAGGTGATAAACCAGC-1,0.002179,0.851428,0.00109,0.145303
AAGTAAGCTTCCAAAC-1,0.000331,0.47547,0.062083,0.462115
AAGTAGTGACGCGAGG-1,0.000041,0.000062,0.000021,0.999877
AAGTCAATTGTCGTCA-1,0.000326,0.535622,0.000163,0.463889
AAGTCTTCTGTGGCCT-1,0.000163,0.893079,0.000081,0.106676
AAGTGACGACCGAATT-1,0.006944,0.646646,0.003477,0.342932
AAGTGCAAAGGTAGAC-1,0.000044,0.370476,0.000022,0.629458
AAGTGCCTTGACTGTA-1,0.000116,0.371397,0.000058,0.628429
AAGTGCGTTAGAATCT-1,0.000597,0.609075,0.000299,0.390029
AAGTGTTTGGAGACGG-1,0.000215,0.876375,0.000108,0.123303
AAGTTCACTCCAAGCT-1,0.000648,0.46417,0.000324,0.534858
AAGTTCAGTCTGCGTA-1,0.000286,0.34017,0.000143,0.659401
AAGTTCGGCCAACAGG-1,0.000316,0.756345,0.000158,0.24318
AAGTTTACTAATGGCA-1,0.000074,0.963186,0.035648,0.001091
AATAACAACGCTCGGC-1,0.000107,0.245814,0.000053,0.754026
AATAACACTAGAACAA-1,0.000268,0.449342,0.000134,0.550255
AATACAATGTTTCAGG-1,0.000057,0.185044,0.000029,0.81487
AATAGAACAGAGTGGC-1,0.000198,0.362977,0.052903,0.583922
AATAGAATCTGTTTCA-1,0.001899,0.668884,0.208733,0.120484
AATAGCAAGCCTCCTG-1,0.000418,0.486968,0.000209,0.512406
AATAGTCCGTCCCGAC-1,0.000486,0.502486,0.031757,0.465272
AATAGTCGCGAGTCGG-1,0.000064,0.999808,0.000032,0.000096
AATATCGAATCAATGC-1,0.000169,0.237031,0.000085,0.762715
AATATCGAGGGTTCTC-1,0.000609,0.584489,0.000305,0.414598
AATATTGGAGTATTGA-1,0.00239,0.554395,0.001196,0.44202
AATCAGACTGCAGGAC-1,0.000198,0.649789,0.03722,0.312793
AATCATGTAAAGACTC-1,0.000316,0.787396,0.031009,0.181279
AATCCATGCAAGGGTG-1,0.001984,0.678452,0.265918,0.053645
AATCGCCTCAGCGCCA-1,0.000332,0.68753,0.000166,0.311972
AATCGCGCAGAGGACT-1,0.000163,0.26314,0.008901,0.727796
AATCGGGACACTACGA-1,0.000619,0.998142,0.00031,0.000929
AATCTAGGTTTACTTG-1,0.000576,0.544106,0.000288,0.45503
AATCTATGCCGGAGCC-1,0.000144,0.36447,0.005176,0.63021
AATCTCTACTGTGGTT-1,0.001807,0.847729,0.000904,0.14956
AATCTGCGTTGGGACG-1,0.000024,0.10996,0.000012,0.890004
AATCTGGCTTTCTAGT-1,0.001015,0.837265,0.000508,0.161212
AATGACAGCAATGTCT-1,0.002137,0.334548,0.001069,0.662246
AATGACGTAGGATGTC-1,0.000836,0.819934,0.021695,0.157535
AATGAGTTCGCATATG-1,0.00463,0.986104,0.002316,0.00695
AATGATGATACGCTAT-1,0.001416,0.694862,0.134648,0.169074
AATGATGCGACTCCTG-1,0.000243,0.343517,0.000121,0.656119
AATGCACCAAGCAATG-1,0.001502,0.675729,0.000751,0.322017
AATGGTCCACCGTTCA-1,0.00028,0.793317,0.00014,0.206264
AATGGTTCTCACAAGC-1,0.000671,0.444582,0.000336,0.55441
AATGTATGGCACTGTA-1,0.000228,0.325218,0.640554,0.034
AATGTGCCCGAGGTGT-1,0.00056,0.163098,0.00028,0.836063
AATTAAAGGTCGGCGT-1,0.000157,0.195552,0.000079,0.804212
AATTAACGGATTTCCA-1,0.00008,0.687623,0.00004,0.312257
AATTACGAGACCCATC-1,0.000547,0.400408,0.490081,0.108964
AATTACTCGTACGCTC-1,0.000059,0.87783,0.000029,0.122082
AATTAGCGCTGCAGCG-1,0.000103,0.638919,0.026536,0.334442
AATTCATAAGGGATCT-1,0.001916,0.478716,0.137306,0.382063
AATTCATTGTCATGCA-1,0.000202,0.745689,0.253805,0.000303
AATTCCAACTTGGTGA-1,0.000164,0.999508,0.000082,0.000246
AATTCCAAGCATGTAC-1,0.000075,0.784887,0.152108,0.06293
AATTCGATTCGAGGAT-1,0.000468,0.940422,0.000234,0.058876
AATTCTAGAGTTAGGC-1,0.000079,0.785021,0.00004,0.21486
AATTGAACGCTCTGGT-1,0.000697,0.702006,0.000349,0.296948
AATTGCGTGGATTACA-1,0.002678,0.42361,0.373758,0.199955
AATTTGGGACATAGTA-1,0.007663,0.387066,0.276392,0.328879
ACAAACCATGCGTCCT-1,0.000096,0.999712,0.000048,0.000144
ACAAATCGCACCGAAT-1,0.000188,0.826737,0.000315,0.172761
ACAAATGGTAGTGTTT-1,0.000682,0.758862,0.143507,0.096949
ACAAATTCAGATCTGA-1,0.000175,0.717331,0.027078,0.255416
ACAACAGCATGAGCTA-1,0.000077,0.726092,0.000038,0.273792
ACAACGGTCCCTGCGA-1,0.000056,0.251255,0.000028,0.748661
ACAAGCAGTGCCTAGC-1,0.00012,0.340363,0.00006,0.659458
ACAAGCTATATGGAAG-1,0.000024,0.799113,0.000012,0.200852
ACAAGGAAATCCGCCC-1,0.00021,0.649235,0.000105,0.35045
ACAAGGACAAGAGGTT-1,0.000074,0.404684,0.080473,0.514769
ACAAGGATGCTTTAGG-1,0.00014,0.466553,0.00007,0.533236
ACAAGGGCAGGCTCTG-1,0.000157,0.857723,0.000078,0.142042
ACAATAGTCGTACGTT-1,0.000168,0.614477,0.000084,0.38527
ACAATCCATTTAAACC-1,0.000145,0.449099,0.000073,0.550683
ACAATCGATCTTTATA-1,0.00473,0.658988,0.329183,0.007098
ACAATGAATACGGAGA-1,0.00044,0.541593,0.00022,0.457746
ACAATGATTCTTCTAC-1,0.000245,0.443958,0.000122,0.555674
ACAATTGTGTCTCTTT-1,0.00042,0.74861,0.00021,0.250759
ACAATTTAGGAGGCTC-1,0.000092,0.716735,0.115685,0.167487
ACAATTTGAGCAGTGG-1,0.000193,0.573821,0.000097,0.42589
ACACACCAGGACCAGT-1,0.005051,0.624367,0.002527,0.368055
ACACACTTTCTACACG-1,0.000107,0.78016,0.000054,0.219679
ACACATGATCAAATCT-1,0.000099,0.989529,0.010224,0.000148
ACACATTGACGCAACA-1,0.000081,0.937808,0.000041,0.06207
ACACCCGAGAAATCCG-1,0.000134,0.589245,0.025961,0.38466
ACACCGAGCGCTCTTT-1,0.00007,0.954614,0.045212,0.000104
ACACCGGTCTGACCGC-1,0.000185,0.815822,0.002037,0.181956
ACACCTTAAGTAGGGC-1,0.000179,0.60494,0.00009,0.394791
ACACCTTACTACTTGC-1,0.000025,0.000037,0.0092,0.990738
ACACGAGACTCCTTCT-1,0.000111,0.665604,0.000276,0.334009
ACACGGGAACTTAGGG-1,0.00011,0.947676,0.000181,0.052033
ACACTCCAATGTCACT-1,0.00013,0.741001,0.000065,0.258805
ACAGAACTGAGAACAA-1,0.000626,0.675315,0.000313,0.323746
ACAGCATAGAGCCAGT-1,0.001053,0.485486,0.070824,0.442637
ACAGCGACATTCTCAT-1,0.000306,0.502094,0.000153,0.497447
ACAGCGCACCCGCAGC-1,0.003968,0.668103,0.001986,0.325942
ACAGGAGGCGCAGCCG-1,0.000354,0.652403,0.030377,0.316867
ACAGGCTTGCCCGACT-1,0.000361,0.143107,0.087686,0.768846
ACAGGTGGAGGTGAGG-1,0.000244,0.681077,0.000122,0.318556
ACAGTAATACAACTTG-1,0.000363,0.804746,0.000182,0.19471
ACATAAGTCGTGGTGA-1,0.00008,0.183481,0.313822,0.502617
ACATAATAAGGCGGTG-1,0.000072,0.89878,0.000036,0.101112
ACATCAGCTGGGACGC-1,0.000108,0.807341,0.000054,0.192497
ACATCCCGGCCATACG-1,0.000577,0.365442,0.000289,0.633692
ACATCCTGGTAACTGT-1,0.0001,0.520886,0.040831,0.438183
ACATCGATCGTTTACC-1,0.000049,0.767827,0.034923,0.197201
ACATCGGTCAGCCGCG-1,0.000238,0.600858,0.000119,0.398785
ACATCGTATGCAATGG-1,0.000585,0.886808,0.000293,0.112314
ACATCGTTAACCTAGT-1,0.005421,0.98373,0.002712,0.008136
ACATCTCAACGCGTAA-1,0.000436,0.665545,0.000218,0.333801
ACATGGCGCCAAAGTA-1,0.000085,0.408814,0.000042,0.591058
ACATGGCTCAATTTAG-1,0.00013,0.910797,0.000065,0.089008
ACATTAGTTTATATCC-1,0.001434,0.7741,0.000717,0.223749
ACCAACACCACACACT-1,0.000113,0.313776,0.06721,0.618902
ACCAATATGCAAGTTA-1,0.000442,0.677347,0.000221,0.321991
ACCACAACTCAGAACA-1,0.000814,0.360897,0.000407,0.637882
ACCACCAATGTAACAA-1,0.000041,0.252055,0.006844,0.741061
ACCACGTGCAGCTATA-1,0.000472,0.87878,0.000236,0.120512
ACCACTGTTCAAGAAG-1,0.000068,0.842972,0.005332,0.151628
ACCAGACCATAACAAC-1,0.000085,0.584689,0.000042,0.415184
ACCAGTGCCCGGTCAA-1,0.000138,0.539392,0.000069,0.460401
ACCAGTGCGGGAGACG-1,0.000441,0.6789,0.000221,0.320438
ACCATCCGCCAACTAG-1,0.001522,0.995431,0.000762,0.002285
ACCATCGTATATGGTA-1,0.000314,0.500337,0.26197,0.237379
ACCATTAAGGGTGTCA-1,0.000071,0.952299,0.000035,0.047595
ACCCAACGCCCGTGGC-1,0.000058,0.058701,0.000029,0.941212
ACCCACCTACATGCTC-1,0.000343,0.214218,0.040453,0.744987
ACCCATCTTGAGGGTA-1,0.000557,0.445421,0.000279,0.553744
ACCCATTTGTCCCTCT-1,0.000203,0.469276,0.000101,0.53042
ACCCGAGCGAAATTAC-1,0.000133,0.708931,0.004242,0.286693
ACCCGGAAACTCCCAG-1,0.000056,0.530217,0.020485,0.449242
ACCCGGATGACGCATC-1,0.000652,0.674609,0.000326,0.324413
ACCCGGTTACACTTCC-1,0.000076,0.000114,0.105454,0.894355
ACCCTATAGGACTGAG-1,0.00542,0.983728,0.002712,0.00814
ACCCTATGCCATATCG-1,0.000068,0.000102,0.000034,0.999797
ACCCTCCCTTGCTATT-1,0.000922,0.115712,0.000461,0.882904
ACCCTTCATCTGCGAA-1,0.000151,0.803402,0.000076,0.196371
ACCCTTTAGTTCTCCA-1,0.008547,0.974343,0.004278,0.012832
ACCGAAGAGTCTGGTT-1,0.000101,0.807228,0.001806,0.190865
ACCGACACATCTCCCA-1,0.000108,0.873364,0.064482,0.062046
ACCGACTGAGTCCCAC-1,0.000173,0.844039,0.005436,0.150351
ACCGATGGTAGCATCG-1,0.000038,0.177431,0.000019,0.822512
ACCGCAATAACTGCCT-1,0.000362,0.870219,0.000181,0.129238
ACCGCGGTGGAAGTCG-1,0.000083,0.50372,0.000042,0.496156
ACCGGGCCTTTGTTGA-1,0.00018,0.438702,0.00009,0.561028
ACCGGTCAGGTACACC-1,0.000046,0.651439,0.348446,0.000069
ACCGTCCACTGGGCCC-1,0.002555,0.992333,0.001278,0.003834
ACCTAAGTACCTTTCA-1,0.000161,0.343843,0.000081,0.655915
ACCTAATCGACTTCCT-1,0.000065,0.141831,0.000033,0.858071
ACCTACAGTATGTGGT-1,0.000143,0.059239,0.000071,0.940546
ACCTACTATAAATCTA-1,0.000079,0.560409,0.31296,0.126552
ACCTCCGCCCTCGCTG-1,0.000201,0.19329,0.035446,0.771063
ACCTCCGTTATTCACC-1,0.000045,0.000068,0.000023,0.999864
ACCTCGAACTTATGCT-1,0.00008,0.253846,0.745954,0.00012
ACCTGCGTGTCATGTT-1,0.002315,0.818233,0.001158,0.178294
ACGAAATGGGCGGCAC-1,0.000412,0.522223,0.000206,0.477159
ACGAGAACCCATCACG-1,0.000081,0.512809,0.00004,0.48707
ACGAGATATTTGCTTA-1,0.005169,0.66408,0.002586,0.328165
ACGAGGATACCACTCT-1,0.002744,0.776562,0.001373,0.219321
ACGAGGTTTACAACGT-1,0.000073,0.952596,0.000037,0.047294
ACGAGTACGGATGCCC-1,0.000133,0.339246,0.088123,0.572498
ACGAGTCGCCGGCGTT-1,0.000059,0.959438,0.00003,0.040473
ACGATACATAGAACTA-1,0.000277,0.998698,0.000139,0.000886
ACGATACCTATCCTGA-1,0.000045,0.910983,0.000023,0.088949
ACGATCATACATAGAG-1,0.000091,0.815201,0.000046,0.184662
ACGATCATCTTGTAAA-1,0.000163,0.538817,0.000081,0.460939
ACGATGCATATGTTAT-1,0.000205,0.502385,0.000103,0.497307
ACGCAATCACTACAGC-1,0.000287,0.313648,0.091344,0.594721
ACGCATACGTTTACTA-1,0.000159,0.075859,0.682091,0.241891
ACGCATTCGTGAGTAC-1,0.000036,0.431683,0.000018,0.568263
ACGCCAGATGATTTCT-1,0.000186,0.622601,0.055448,0.321764
ACGCCGCTAGACGACC-1,0.000692,0.565389,0.000346,0.433572
ACGCCTGACACGCGCT-1,0.000478,0.80253,0.000239,0.196753
ACGCGAAGTCAGACGA-1,0.000342,0.513149,0.000171,0.486338
ACGCGCTACACAGGGT-1,0.006174,0.864473,0.003089,0.126264
ACGCGGGCCAAGGACA-1,0.000057,0.841543,0.072857,0.085544
ACGCGTTTCTTAAGAG-1,0.000054,0.851487,0.000027,0.148431
ACGCTAGTGATACACT-1,0.00046,0.587862,0.00023,0.411447
ACGCTGTGAGGCGTAG-1,0.000156,0.803777,0.000078,0.195989
ACGGAATTTAGCAAAT-1,0.001646,0.75915,0.000824,0.23838
ACGGACTCTCAAAGCG-1,0.000079,0.891232,0.000039,0.10865
ACGGAGCGCAAATTAC-1,0.000861,0.001293,0.000431,0.997415
ACGGATGGTGCGGATA-1,0.000144,0.564521,0.000072,0.435262
ACGGCACTTGCTTGGG-1,0.000712,0.997862,0.000356,0.001069
ACGGCGACGATGGGAA-1,0.000126,0.396838,0.000063,0.602972
ACGGCGGGTTGCCCTG-1,0.004831,0.638499,0.349418,0.007251
ACGGCTGGATGTAGAA-1,0.000073,0.716488,0.205807,0.077633
ACGGGAGTGTCGGCCC-1,0.00313,0.636155,0.001566,0.359149
ACGGGTCATGTGACTT-1,0.000062,0.778465,0.178999,0.042474
ACGTACAGATTTCTCT-1,0.000682,0.428849,0.171909,0.398561
ACGTAGATTGCTGATG-1,0.000181,0.849641,0.000091,0.150087
ACGTATTACTCCGATC-1,0.000151,0.598013,0.000075,0.401761
ACGTCTCGTTCCGGGA-1,0.00003,0.577787,0.000015,0.422168
ACGTGACAAAGTAAGT-1,0.000027,0.666882,0.007871,0.32522
ACGTGCGCCTCGTGCA-1,0.00016,0.942091,0.002778,0.054971
ACGTTAATGTCGAAGA-1,0.000593,0.907004,0.000297,0.092107
ACGTTAGATTTGCCCG-1,0.000505,0.518522,0.000253,0.48072
ACGTTATTGGTCACTC-1,0.000093,0.808067,0.000046,0.191794
ACGTTCGCAATCAATT-1,0.000155,0.201722,0.019699,0.778424
ACGTTTAGTTGTGATC-1,0.000505,0.576588,0.000253,0.422654
ACTAATACGTCAGGCG-1,0.002268,0.754793,0.001135,0.241804
ACTACATCCCGACAAG-1,0.000043,0.495719,0.503684,0.000553
ACTACCAGCTCTCTGG-1,0.001048,0.422232,0.000525,0.576195
ACTACGCGTTAGAATT-1,0.00078,0.512271,0.00039,0.486559
ACTAGTTGCGATCGTC-1,0.000224,0.35881,0.009389,0.631578
ACTATATGCTGTGTTC-1,0.003767,0.400449,0.001885,0.5939
ACTATCCAGGGCATGG-1,0.000066,0.473025,0.000033,0.526876
ACTATCGCCGGCTAAA-1,0.000037,0.978762,0.021145,0.000056
ACTATGTCCAGCTGCC-1,0.000433,0.823742,0.077468,0.098356
ACTATTCGTCCGTGGT-1,0.004535,0.986388,0.002269,0.006808
ACTCAACGAATGTATT-1,0.000173,0.111544,0.000087,0.888197
ACTCAAGTGCAAGGCT-1,0.000124,0.642954,0.000062,0.35686
ACTCAATAAAGGCACG-1,0.000078,0.761842,0.026513,0.211567
ACTCCCATTCCTAAAG-1,0.000756,0.89171,0.000378,0.107156
ACTCCCGAATTCGTTT-1,0.000161,0.49389,0.00008,0.505869
ACTCCCTAATGCTAAA-1,0.000058,0.878299,0.000029,0.121615
ACTCCCTAGAATAGTA-1,0.000516,0.933063,0.000258,0.066163
ACTCGATGTATTTCAT-1,0.000083,0.836762,0.152982,0.010172
ACTCGTAACCCGTCCT-1,0.001443,0.880776,0.000722,0.117059
ACTCGTCAGTAATCCC-1,0.00037,0.939764,0.000185,0.059681
ACTCTAAACCTGGGAT-1,0.000028,0.999917,0.000014,0.000041
ACTCTCTGACTTAGGT-1,0.000238,0.463976,0.204683,0.331103
ACTCTCTTATACACGA-1,0.004274,0.616785,0.002138,0.376803
ACTCTTGTATAGTAAC-1,0.000086,0.384963,0.000043,0.614907
ACTGAAACGCCGTTAG-1,0.0009,0.441311,0.00045,0.557339
ACTGAATGGCGAAAGT-1,0.000219,0.654962,0.000109,0.344709
ACTGATTTAGTGATTC-1,0.000383,0.866804,0.000191,0.132622
ACTGCCGTCGTAACTC-1,0.000266,0.816798,0.05565,0.127285
ACTGCTCGGAAGGATG-1,0.000052,0.609588,0.000026,0.390333
ACTGTACGATACACAT-1,0.000406,0.632507,0.000203,0.366883
ACTGTAGCACTTTGGA-1,0.000357,0.408045,0.000179,0.591419
ACTGTATACGCGAGCA-1,0.000123,0.42398,0.000061,0.575836
ACTGTCTTCTTTAGAA-1,0.000109,0.856772,0.091851,0.051268
ACTGTGCTAGTAGATC-1,0.005848,0.18335,0.439696,0.371106
ACTGTTTAGTGTAGGC-1,0.001195,0.645901,0.000598,0.352307
ACTTACCGGGCGCGCA-1,0.004115,0.506521,0.002059,0.487305
ACTTACGCATCCACGC-1,0.000176,0.664361,0.000088,0.335375
ACTTAGTACGACAAGA-1,0.00342,0.435071,0.001711,0.559798
ACTTATACTTACCCGG-1,0.000041,0.206073,0.00002,0.793866
ACTTATCTGATCTATA-1,0.000322,0.691776,0.047867,0.260035
ACTTATTTATGTGCCA-1,0.002339,0.521462,0.00117,0.475029
ACTTCAGGCTGATCCC-1,0.000395,0.577516,0.000198,0.421892
ACTTCCAGTGGAAGCT-1,0.00097,0.093665,0.000486,0.904879
ACTTCCATGCGGGACA-1,0.000448,0.431258,0.000224,0.56807
ACTTCGCCATACGCAC-1,0.000039,0.000058,0.016098,0.983805
ACTTGACTCCCTCTTT-1,0.000177,0.828555,0.000089,0.171179
ACTTGTAGTCCCTTCA-1,0.000053,0.960958,0.000026,0.038963
ACTTGTGGATGGAACG-1,0.000411,0.407387,0.115803,0.476399
ACTTTACCCTCATGAA-1,0.000065,0.325571,0.000032,0.674332
ACTTTCCTATAGCTTC-1,0.000062,0.760869,0.072587,0.166482
ACTTTGACTGCATCCT-1,0.000308,0.992957,0.000154,0.006581
ACTTTGGTCGTGCTCC-1,0.000114,0.768818,0.123484,0.107584
AGAACCCTCAATTGGG-1,0.000048,0.136089,0.231317,0.632546
AGAACGTGGTACATTC-1,0.000267,0.826598,0.000134,0.173001
AGAAGAGCGCCGTTCC-1,0.000583,0.332138,0.000292,0.666987
AGAAGGTACACTTCAC-1,0.001221,0.461187,0.000611,0.536981
AGAAGGTTGCCGAATT-1,0.000237,0.170478,0.000119,0.829166
AGAAGGTTGTAGGTCG-1,0.000067,0.480971,0.264214,0.254748
AGAAGTGATTCGTGAT-1,0.001228,0.591409,0.000614,0.406749
AGAATAAATCTTCAGG-1,0.000848,0.6827,0.000424,0.316027
AGAATGCGGGTTCGGA-1,0.000448,0.364315,0.03218,0.603057
AGAATTATGGATTCGA-1,0.000037,0.060336,0.000019,0.939608
AGAATTGTTTGACATA-1,0.000199,0.790314,0.000099,0.209388
AGACAGCTCAGAATCC-1,0.000112,0.903305,0.000056,0.096527
AGACCAAACCACACCT-1,0.000112,0.590627,0.036763,0.372498
AGACCATGGGATACAA-1,0.000098,0.000147,0.041019,0.958736
AGACCCACCGCTGATC-1,0.000357,0.473089,0.000178,0.526376
AGACCGCTCCGCGGTT-1,0.000213,0.401961,0.000107,0.597719
AGACCGGGAAACCCTG-1,0.00025,0.719399,0.000125,0.280226
AGACGAAGTGCCGGTC-1,0.000276,0.775411,0.078088,0.146225
AGACGACGATGCCGCT-1,0.001837,0.527769,0.000919,0.469476
AGACGGGCCGATTTAA-1,0.000137,0.52201,0.000068,0.477785
AGACTAGCCTTCCAGA-1,0.000058,0.05171,0.000029,0.948202
AGAGAACCGTCTAGGA-1,0.00026,0.405659,0.059983,0.534098
AGAGAAGGAGTACAAT-1,0.000302,0.701645,0.000151,0.297901
AGAGATCTCTAAAGCG-1,0.00007,0.477168,0.000035,0.522728
AGAGCAGTTATGAGAC-1,0.00097,0.645382,0.000486,0.353162
AGAGCGGGCTAATCAT-1,0.000252,0.84987,0.075637,0.074242
AGAGCGTACAAGCTCG-1,0.000064,0.000096,0.01002,0.98982
AGAGCTACGAAAGCAT-1,0.000133,0.999601,0.000066,0.0002
AGAGGCTTCGGAAACC-1,0.000204,0.254532,0.000102,0.745162
AGAGTAAACTTCACTA-1,0.000074,0.370581,0.000037,0.629308
AGAGTTAGAGACCGAT-1,0.000281,0.647721,0.000141,0.351857
AGATAACTTCAGGGCC-1,0.000313,0.30446,0.236893,0.458335
AGATACCGGTGTTCAC-1,0.000219,0.558917,0.061418,0.379446
AGATACGACTTCATAT-1,0.000832,0.36826,0.000416,0.630492
AGATACTCAAGATCGA-1,0.000328,0.616112,0.000164,0.383396
AGATATAATACGACTA-1,0.000121,0.938968,0.000061,0.06085
AGATCGTGCATAAGAT-1,0.004193,0.369432,0.002098,0.624277
AGATCTCAGGTGTGAT-1,0.000241,0.602381,0.199765,0.197613
AGATGAGGGTTGCGAT-1,0.003086,0.458997,0.001544,0.536373
AGATGATGGAGTCTGG-1,0.000089,0.5763,0.001734,0.421878
AGATGCAAGACGTGCA-1,0.00007,0.934177,0.000035,0.065719
AGATGCATCCTGTGTC-1,0.000045,0.999864,0.000023,0.000068
AGATGCTATAACGAGC-1,0.000052,0.804227,0.183395,0.012326
AGATTCACAACCGATA-1,0.000177,0.645522,0.038194,0.316107
AGCAAAGGCCGCTAGT-1,0.000062,0.515393,0.001128,0.483417
AGCAACATATCTTATT-1,0.000171,0.346857,0.000086,0.652885
AGCAACCGAAAGTAAT-1,0.000034,0.494036,0.111093,0.394837
AGCACCAGTACTCACG-1,0.000134,0.875943,0.000067,0.123856
AGCACTACCGGCCTGT-1,0.000205,0.840939,0.000103,0.158753
AGCACTACCTCACCAG-1,0.000157,0.601162,0.000078,0.398603
AGCACTTAAGGACGCC-1,0.000054,0.291744,0.000027,0.708174
AGCAGAAGGAGAAAGA-1,0.000032,0.342053,0.537118,0.120797
AGCAGCCAGATGAATA-1,0.00008,0.676635,0.00004,0.323245
AGCATATCAATATGCT-1,0.000176,0.267442,0.400283,0.3321
AGCATCATTTCGAAAG-1,0.000206,0.360379,0.000103,0.639312
AGCCAAGCTTTGTGTC-1,0.000066,0.737494,0.262341,0.000099
AGCCACAGGTTACCCG-1,0.000258,0.601751,0.000129,0.397863
AGCCACTCCCGTGCTT-1,0.000274,0.302386,0.000137,0.697203
AGCCCATACATGTAAG-1,0.003704,0.712592,0.001853,0.281851
AGCCCTAAGCGAAGTT-1,0.000896,0.619215,0.000448,0.37944
AGCCCTTCTAATCCGA-1,0.000177,0.472474,0.04648,0.48087
AGCCGCAAATTCAAAT-1,0.000101,0.84934,0.000051,0.150508
AGCCGCTTGATTAGCG-1,0.000036,0.897295,0.039868,0.062802
AGCCGTGGCTAAATGT-1,0.000384,0.657638,0.000192,0.341787
AGCCTAATACCCACGT-1,0.000103,0.677302,0.000052,0.322544
AGCCTTAAAGCGGAAG-1,0.000119,0.999643,0.00006,0.000179
AGCGACAGGAACGGTC-1,0.001883,0.934058,0.000942,0.063117
AGCGCGGGTGCCAATG-1,0.0022,0.537178,0.165721,0.294901
AGCGCTTATGGGCAAG-1,0.003175,0.590972,0.001589,0.404264
AGCGGACACTTCGTAG-1,0.000153,0.947251,0.000076,0.05252
AGCGGCGGTTAGCGGT-1,0.000047,0.565195,0.000024,0.434734
AGCGGGAAGGGTCCAT-1,0.000154,0.229815,0.020271,0.749761
AGCGGGTCTGACACTC-1,0.000062,0.182066,0.814473,0.003398
AGCGTACGAGAGCTAG-1,0.000181,0.910441,0.00009,0.089288
AGCGTAGCGCTAGACC-1,0.002963,0.991106,0.001483,0.004448
AGCGTCTGAACCCGCA-1,0.000185,0.241868,0.000093,0.757854
AGCGTGGTATTCTACT-1,0.000524,0.545527,0.000262,0.453687
AGCTAAGTACGCAGGC-1,0.000026,0.575311,0.011892,0.412771
AGCTAGAAGCAGAAGT-1,0.000918,0.623146,0.00046,0.375477
AGCTATTTAATCCAAC-1,0.000648,0.998055,0.000324,0.000973
AGCTCCTTCGCACATC-1,0.002077,0.594152,0.001039,0.402731
AGCTCTAGACGTTCCA-1,0.000113,0.791121,0.000057,0.20871
AGCTCTTCCCAGTGCA-1,0.004274,0.721973,0.267338,0.006415
AGCTCTTCGTAACCTT-1,0.000048,0.274899,0.047889,0.677165
AGCTCTTTACTCAGTT-1,0.649175,0.348556,0.000567,0.001702
AGCTGAAGTAAACCAA-1,0.002677,0.523806,0.00134,0.472177
AGCTGTAACCTCAATC-1,0.00093,0.749497,0.000465,0.249108
AGCTTGATCTTAACTT-1,0.001671,0.994985,0.000836,0.002508
AGGAAAGCCTCTGATG-1,0.000359,0.770639,0.132589,0.096413
AGGAAGCTGTCCGCCG-1,0.000052,0.348739,0.14353,0.507678
AGGACAGTCGAATCCC-1,0.001764,0.666422,0.000883,0.330931
AGGACATCGCACGTCG-1,0.000448,0.5998,0.000224,0.399528
AGGACGACCCATTAGA-1,0.000216,0.33606,0.006252,0.657472
AGGACGCTCGATGTTG-1,0.004274,0.739083,0.002139,0.254505
AGGACTTATAGGAGAA-1,0.000049,0.953931,0.037729,0.008291
AGGAGGCCTTCGCGCG-1,0.000102,0.480498,0.414834,0.104565
AGGATAAAGTCGGGAT-1,0.000114,0.719199,0.005064,0.275622
AGGATATAGGGATTTA-1,0.000149,0.418222,0.01716,0.564469
AGGATCACGCGATCTG-1,0.000797,0.607127,0.000399,0.391678
AGGCAAAGAGGAATCA-1,0.000127,0.52492,0.075085,0.399868
AGGCAATACGGAGGAC-1,0.000096,0.757242,0.029036,0.213627
AGGCAGATGCGTAAAC-1,0.000066,0.162419,0.000033,0.837482
AGGCATTGTCGTAGGG-1,0.000224,0.214476,0.009371,0.775929
AGGCCACCCGTTATGA-1,0.000202,0.390016,0.061284,0.548498
AGGCCCAGTGACTGGT-1,0.00011,0.958864,0.000291,0.040735
AGGCCCTAGAACGCCA-1,0.000278,0.812871,0.000139,0.186711
AGGCCTGAGAATCTCG-1,0.000103,0.474657,0.000052,0.525188
AGGCGGTTTGTCCCGC-1,0.000086,0.995158,0.004627,0.000129
AGGCGTCTATGGACGG-1,0.000283,0.420061,0.107212,0.472444
AGGCTATGGTTAGCTT-1,0.000031,0.000047,0.000016,0.999907
AGGCTTCCCGAAGAAG-1,0.000254,0.633197,0.113129,0.253421
AGGCTTGCTAGACACC-1,0.000042,0.287484,0.000021,0.712452
AGGGAAACGAGGTACT-1,0.001201,0.650867,0.000601,0.347331
AGGGACCGGCTGCGTT-1,0.000052,0.145227,0.000026,0.854695
AGGGCAGCGGCGTGGT-1,0.004115,0.513356,0.122312,0.360217
AGGGCGAGCAGCTGAT-1,0.002058,0.993824,0.00103,0.003089
AGGGCTGCAGTTACAG-1,0.00011,0.743209,0.000055,0.256626
AGGGTCGATGCGAACT-1,0.000188,0.446556,0.000094,0.553162
AGGGTGCTCTCGAGGG-1,0.000047,0.085364,0.000024,0.914565
AGGGTGGATAGTGCAT-1,0.000091,0.826962,0.000045,0.172902
AGGGTTCCCTTTGGTT-1,0.000405,0.34023,0.000203,0.659162
AGGGTTTAGTTCGGGA-1,0.000061,0.854817,0.073126,0.071995
AGGTAACCTCCTATTC-1,0.000235,0.543389,0.000118,0.456258
AGGTACGATATTGCCA-1,0.002039,0.823454,0.00102,0.173486
AGGTAGGTACAAAGCT-1,0.000042,0.000064,0.01814,0.981754
AGGTATAATTGATAGT-1,0.000042,0.246923,0.000021,0.753015
AGGTCAGGTGAGAGTG-1,0.002245,0.866498,0.001123,0.130134
AGGTCGCCACTTCGGT-1,0.001038,0.586241,0.00052,0.412201
AGGTCGCGGAGTTACT-1,0.000148,0.353179,0.000074,0.646599
AGGTGGTGACCTTCGC-1,0.000347,0.353484,0.318436,0.327732
AGGTGTATCGCCATGA-1,0.000101,0.803168,0.00005,0.19668
AGGTTCTCCTTTCCGG-1,0.000715,0.414836,0.583377,0.001073
AGGTTGAGGCACGCTT-1,0.000176,0.716888,0.000088,0.282848
AGGTTTCACACACCTT-1,0.00014,0.627639,0.00007,0.372151
AGTAACGTTCATCCTG-1,0.000193,0.27396,0.000097,0.72575
AGTAATGTCTTGCCGC-1,0.000136,0.593519,0.066003,0.340342
AGTAATTTGCAAGCGT-1,0.002469,0.364596,0.629228,0.003706
AGTACATCATTTATCA-1,0.000028,0.000042,0.000014,0.999917
AGTACCTTCGAGTGCT-1,0.002678,0.451256,0.123629,0.422438
AGTACGGCCCGTATCG-1,0.000279,0.999162,0.00014,0.000419
AGTACGGGCACCTGGC-1,0.000322,0.999033,0.000161,0.000483
AGTACGTGGCCTGTCT-1,0.00542,0.983732,0.002712,0.008136
AGTACTCTTATGCCCA-1,0.000277,0.188761,0.000139,0.810824
AGTAGAAGGCGCCTCA-1,0.000276,0.607602,0.339636,0.052487
AGTAGGAAGGAAGTTG-1,0.001554,0.575831,0.284234,0.13838
AGTATAATACTAGGCA-1,0.000214,0.286096,0.000107,0.713583
AGTATCCATAATAACG-1,0.003003,0.638516,0.353974,0.004507
AGTATGCTGGAGACCA-1,0.000065,0.70899,0.098999,0.191945
AGTCAACACCACCATC-1,0.000094,0.376235,0.000047,0.623624
AGTCAAGATGACACTT-1,0.000334,0.485167,0.000167,0.514332
AGTCACTAGCTCTCGA-1,0.000264,0.77105,0.000132,0.228554
AGTCACTCCGCCTCAT-1,0.003704,0.374809,0.011851,0.609636
AGTCAGCCACCGCCTG-1,0.00463,0.847119,0.141302,0.006949
AGTCCAGCGGGTACGT-1,0.000157,0.999528,0.000079,0.000236
AGTCCATTGGCTGATG-1,0.000181,0.350346,0.000091,0.649382
AGTCCCGCCTTTAATT-1,0.000588,0.031695,0.000294,0.967423
AGTCGACGGTCTCAAG-1,0.000056,0.138331,0.000028,0.861584
AGTCGGCCCAAACGAC-1,0.000585,0.077731,0.000293,0.921391
AGTCGGCTCAACTTTA-1,0.003268,0.700645,0.001635,0.294452
AGTCGGTTGCGTGAGA-1,0.000028,0.000042,0.000014,0.999915
AGTCGTATAAAGCAGA-1,0.000051,0.558922,0.363771,0.077256
AGTCGTCGACCACCAA-1,0.000387,0.502151,0.000193,0.497269
AGTCGTGGGCATTACG-1,0.00028,0.543171,0.026298,0.430251
AGTCTAAAGTATACTC-1,0.000121,0.058469,0.031855,0.909555
AGTCTCACAAGACTAC-1,0.000268,0.451949,0.000134,0.547649
AGTCTGGACATCCTTG-1,0.003643,0.719462,0.001823,0.275072
AGTCTTCTCCTCAAAT-1,0.00008,0.986962,0.00004,0.012917
AGTGAACAAACTTCTC-1,0.000131,0.540043,0.000066,0.459761
AGTGAGACTTCCAGTA-1,0.000138,0.312578,0.000069,0.687215
AGTGAGCCTCGCCGCC-1,0.000087,0.525024,0.000044,0.474845
AGTGAGGGTTTCTGAC-1,0.006735,0.979788,0.00337,0.010107
AGTGATAACCTGCGCG-1,0.000357,0.371955,0.000178,0.627509
AGTGATATGAGTAGTT-1,0.000155,0.401279,0.000077,0.598489
AGTGATTCAAGCAGGA-1,0.000177,0.199866,0.000089,0.799868
AGTGCACGCTTAAGAA-1,0.000216,0.871675,0.000108,0.128001
AGTGCGTAGCTCGTAA-1,0.000324,0.639069,0.000162,0.360444
AGTGCTAAACACAGCA-1,0.000232,0.316402,0.000116,0.68325
AGTGCTTGCACGAATA-1,0.00009,0.238898,0.000045,0.760966
AGTGGCGGCAATTTGA-1,0.005698,0.434032,0.429017,0.131253
AGTGGCGTCTGAAGGT-1,0.000116,0.125087,0.037464,0.837334
AGTGGCTCCGTCGGCC-1,0.000098,0.433338,0.000049,0.566515
AGTGGGAGTATACACG-1,0.000438,0.718558,0.000219,0.280784
AGTGGTGTTACCCGTG-1,0.000046,0.846214,0.000023,0.153718
AGTGGTTGCGTATAGG-1,0.000081,0.870359,0.000041,0.129519
AGTGTATTGCGCATTG-1,0.004728,0.282708,0.487944,0.224619
AGTGTGCTAAGATCGC-1,0.000094,0.684879,0.076777,0.23825
AGTGTGGTCTATTGTG-1,0.000158,0.213085,0.000079,0.786678
AGTTAAACACTTGCGA-1,0.000186,0.352035,0.037426,0.610352
AGTTAAGCGGTCCCGG-1,0.000334,0.900983,0.000167,0.098517
AGTTAAGTCAACCGCT-1,0.000345,0.713903,0.000173,0.285579
AGTTACCCTTAAGACT-1,0.000074,0.818186,0.096335,0.085406
AGTTACCGCACATGGT-1,0.000063,0.443948,0.214456,0.341534
AGTTACTCTATCGTGG-1,0.002201,0.859589,0.001101,0.137109
AGTTCACCGGTTGGAC-1,0.000067,0.712176,0.029334,0.258423
AGTTCCTATTTATGTT-1,0.000332,0.696708,0.000166,0.302794
AGTTCTGCGTTGTATC-1,0.000428,0.807788,0.000214,0.191569
AGTTGACATCGGCTGG-1,0.00926,0.972207,0.004633,0.013899
AGTTGACGGTCCTTGC-1,0.000164,0.97051,0.000082,0.029244
AGTTGCGGTCCTCAAC-1,0.000532,0.4514,0.215859,0.332209
AGTTGCTGACTGATAT-1,0.001502,0.288549,0.067411,0.642538
AGTTTCGCAGGTCGGA-1,0.000085,0.887969,0.111818,0.000128
AGTTTGCACCTGCCTC-1,0.000092,0.573071,0.010713,0.416124
AGTTTGGCACGGGTTG-1,0.00024,0.330978,0.00012,0.668662
AGTTTGGCCAGACCTA-1,0.000401,0.180596,0.000201,0.818802
ATAAACGGACCCGTAA-1,0.000032,0.689186,0.000016,0.310766
ATAAAGGCTCGGTCGT-1,0.000102,0.315032,0.000051,0.684814
ATAAAGGTCAAGTACG-1,0.000302,0.582533,0.000151,0.417013
ATAAATATTAGCAGCT-1,0.000396,0.670799,0.011231,0.317574
ATAACGCCGGAGGGTC-1,0.001867,0.549491,0.000934,0.447707
ATAACGGAGTCCAACG-1,0.00049,0.90847,0.000245,0.090795
ATAAGGTGGAGAACAT-1,0.000244,0.695889,0.000122,0.303745
ATAAGTAGGATTCAGA-1,0.000188,0.390057,0.07904,0.530715
ATAAGTAGGGCGACTC-1,0.000042,0.073905,0.462835,0.463218
ATAATACCGTTAGCCG-1,0.000302,0.76753,0.000151,0.232018
ATAATAGCTGTTGAAT-1,0.000092,0.645807,0.000046,0.354056
ATAATAGTGTAGGGAC-1,0.002813,0.870876,0.001408,0.124904
ATAATCTTGGAGAACC-1,0.00009,0.905527,0.000712,0.093671
ATAATTAGCTAAGTAG-1,0.000074,0.919449,0.033933,0.046544
ATACAGGCCCTCCAAT-1,0.00019,0.412652,0.000095,0.587064
ATACCACGGGCAACTT-1,0.000036,0.000054,0.000018,0.999892
ATACCAGCAAATTGCT-1,0.000038,0.82147,0.000019,0.178473
ATACCCTGGCTCAAAT-1,0.009259,0.711274,0.004633,0.274833
ATACCTAACCAAGAAA-1,0.000068,0.821232,0.000034,0.178666
ATACGCCGATCTACCG-1,0.000246,0.585986,0.073756,0.340012
ATACGCCGGCGAAACC-1,0.000103,0.918749,0.000051,0.081097
ATACGGAACGTCGTTT-1,0.000051,0.56893,0.105496,0.325523
ATACGGGTTTCGATTG-1,0.001315,0.198788,0.000658,0.799239
ATACGGTGAAGATGCA-1,0.000051,0.672061,0.000026,0.327862
ATACGTACTTAGCCAC-1,0.000185,0.755211,0.000092,0.244512
ATACGTCCACTCCTGT-1,0.00011,0.301895,0.117201,0.580794
ATACGTTATGCACGGA-1,0.000083,0.441057,0.495295,0.063565
ATACTAGCATGACCCT-1,0.000106,0.887153,0.000053,0.112688
ATACTCTCGCCACTCT-1,0.004274,0.564201,0.002138,0.429387
ATACTGCCTTACACCG-1,0.0002,0.538102,0.009208,0.45249
ATACTTGTTCTCGAGC-1,0.000073,0.812962,0.000037,0.186927
ATAGACAACGGGACCT-1,0.000034,0.085494,0.000017,0.914455
ATAGACGAAGAGAAAG-1,0.000152,0.427806,0.157922,0.41412
ATAGAGTTATCAACTT-1,0.00007,0.218866,0.01616,0.764904
ATAGCAACTAGGGAAG-1,0.000276,0.547651,0.000138,0.451934
ATAGCCTCAGTACCCA-1,0.000124,0.946333,0.000062,0.053481
ATAGCTGCTCTTGTTA-1,0.000081,0.842188,0.04589,0.111841
ATAGGCGGCTATAGAA-1,0.000485,0.655509,0.000243,0.343763
ATAGGCTAGCTTCGCA-1,0.008889,0.481113,0.004448,0.50555
ATAGGGATATCCTTGA-1,0.000138,0.822274,0.000069,0.177519
ATAGGTTGGGCAGATG-1,0.000107,0.916047,0.083684,0.000161
ATAGTTCCACCCACTC-1,0.000253,0.48009,0.116691,0.402966
ATATAAAGCGCTCGTG-1,0.00007,0.555409,0.000082,0.44444
ATATAAATGTAGCTGC-1,0.000788,0.560146,0.000394,0.438672
ATATAGAGTATTGGTC-1,0.000109,0.733558,0.266169,0.000164
ATATCAACCTACAGAG-1,0.000102,0.554975,0.000051,0.444872
ATATCAATTCCAGCCT-1,0.000076,0.616063,0.268779,0.115081
ATATCGGTAGGGAGAT-1,0.000085,0.265254,0.000042,0.734619
ATATCGTTCCTCGAAC-1,0.00046,0.386583,0.00023,0.612727
ATATCTCCCTCGTTAA-1,0.003704,0.875811,0.001853,0.118632
ATATCTTAGGGCCTTC-1,0.000072,0.827445,0.000036,0.172448
ATATGGGATAGCAACT-1,0.0022,0.823118,0.001101,0.173581
ATATGTCTCCCTAGCC-1,0.000096,0.364292,0.000048,0.635565
ATATTATCCCGTATTT-1,0.000047,0.70824,0.103676,0.188037
ATATTCAGTTAAACCT-1,0.000422,0.865582,0.000211,0.133786
ATATTCCACATAGTGA-1,0.000335,0.741552,0.000168,0.257945
ATATTCCCACAGGTCA-1,0.000032,0.180122,0.015819,0.804026
ATATTGCTGTCAAAGT-1,0.003899,0.449939,0.129447,0.416715
ATCAAACACTGTTCCA-1,0.000059,0.29023,0.037236,0.672475
ATCAAACGAAGGTTTG-1,0.001195,0.996414,0.000598,0.001793
ATCAAGATCCCAGGAC-1,0.000485,0.525783,0.309789,0.163943
ATCAATCTGGGCTGCA-1,0.000115,0.969094,0.000057,0.030734
ATCAATGCCGTGGCTG-1,0.000054,0.622032,0.322393,0.055521
ATCACATTAGAATATC-1,0.000383,0.598893,0.060122,0.340602
ATCACGTGCTAATTAA-1,0.000142,0.655309,0.134985,0.209564
ATCACTTCATCCTCGC-1,0.000315,0.506374,0.339712,0.1536
ATCAGACGGCACGCCG-1,0.000247,0.56205,0.000124,0.43758
ATCAGCCTCATGCTGC-1,0.000271,0.397349,0.000136,0.602245
ATCAGCTCGTCCACTA-1,0.003767,0.988695,0.001884,0.005654
ATCAGGTCGCCATTGC-1,0.0039,0.780714,0.001951,0.213435
ATCAGTAGGCAGGGAT-1,0.002584,0.19864,0.063692,0.735084
ATCCAACGCAGTCATA-1,0.000273,0.595469,0.000137,0.404121
ATCCAATGGAGGGTCC-1,0.008547,0.57757,0.004277,0.409606
ATCCAATGGTACCGAA-1,0.00004,0.777592,0.00002,0.222349
ATCCACATCGACAGAA-1,0.000103,0.872503,0.000052,0.127342
ATCCACGCTAAATGTT-1,0.001201,0.578834,0.07946,0.340504
ATCCAGGATTCGTGAA-1,0.000069,0.000104,0.016071,0.983756
ATCCCATCCACAGCGC-1,0.000053,0.401323,0.527886,0.070739
ATCCCATTTCCGTGGG-1,0.000624,0.000937,0.997502,0.000937
ATCCTACCTAAGCTCT-1,0.000129,0.346524,0.000064,0.653283
ATCCTGAATCGCTGCG-1,0.002813,0.568081,0.001408,0.427699
ATCCTGCGTGGAATGG-1,0.000166,0.388857,0.000083,0.610894
ATCGACCCAATACAGA-1,0.000044,0.5461,0.000022,0.453834
ATCGACTCTTTCCGTT-1,0.000105,0.999685,0.000052,0.000157
ATCGCACGATTGTTCA-1,0.000102,0.869166,0.025572,0.10516
ATCGCCAGTCAACATT-1,0.000098,0.328169,0.02666,0.645073
ATCGCTGCGTGCAGCA-1,0.000141,0.416934,0.093105,0.48982
ATCGGAGACAGACGGC-1,0.000294,0.756783,0.000147,0.242775
ATCGGCAAGCAGTCCA-1,0.00463,0.838245,0.002316,0.154809
ATCGGTTACCTAGTAA-1,0.000115,0.833225,0.039632,0.127028
ATCGTATTCCGAGAAC-1,0.000017,0.742826,0.000008,0.257148
ATCGTCCAATCGAGTC-1,0.000119,0.974565,0.00006,0.025256
ATCGTGGAAAGTCTGG-1,0.000219,0.93006,0.000109,0.069612
ATCGTTAGCTAGCGGA-1,0.000128,0.028806,0.168274,0.802791
ATCGTTCACTTTCGCC-1,0.003899,0.516659,0.162527,0.316915
ATCTAACGTCCCTATG-1,0.000024,0.611517,0.032642,0.355817
ATCTAATATCCTACGG-1,0.001425,0.563563,0.000713,0.434299
ATCTAGCTTGTGAGGG-1,0.000128,0.881399,0.118282,0.000192
ATCTATCGATGATCAA-1,0.000039,0.991048,0.008854,0.000058
ATCTCCCTGCAATCTA-1,0.000259,0.992067,0.00013,0.007543
ATCTGATAGTGTCTTA-1,0.000067,0.72214,0.142101,0.135692
ATCTGCACCTCTGCGA-1,0.000173,0.567366,0.041016,0.391446
ATCTGCTGTTATCGCC-1,0.000065,0.664164,0.328122,0.007648
ATCTGGGCTGTTCTTG-1,0.000166,0.986989,0.000083,0.012762
ATCTGGTTAAGACTGT-1,0.0003,0.960665,0.00015,0.038886
ATCTTAGGGCATTAAT-1,0.002554,0.76476,0.001278,0.231408
ATCTTGACCTGCAACG-1,0.000081,0.22537,0.00004,0.774509
ATCTTGACTTGTCCAA-1,0.000028,0.001533,0.106905,0.891534
ATGAAGTGGACCCAGC-1,0.000048,0.907874,0.000024,0.092054
ATGACGCGTTCTATCC-1,0.000244,0.503234,0.000122,0.4964
ATGACTATGCGACATT-1,0.00601,0.526222,0.003008,0.46476
ATGAGGAGTGTTAATC-1,0.000382,0.44231,0.000191,0.557117
ATGCACCTTCCTTAAT-1,0.000085,0.999745,0.000042,0.000127
ATGCACGCGCTGTTCA-1,0.00013,0.841305,0.000065,0.1585
ATGCACTACCGCATTG-1,0.000084,0.188284,0.000042,0.811589
ATGCATGATCCAGGAT-1,0.000109,0.989923,0.001658,0.008311
ATGCCAATCGCTCTGC-1,0.00025,0.470841,0.000125,0.528784
ATGCCATTTGCGACCA-1,0.001277,0.422796,0.000639,0.575288
ATGCCGGTCTTGCATA-1,0.000839,0.77196,0.00042,0.226782
ATGCCGGTTGATGGGA-1,0.001452,0.805865,0.000727,0.191956
ATGCGACAATTGGTCC-1,0.000367,0.373158,0.071764,0.55471
ATGCGACAGTCCCATT-1,0.000165,0.558726,0.015044,0.426066
ATGCGAGTCCCACCAC-1,0.000114,0.416234,0.014706,0.568946
ATGCTCAGTGTTGCAT-1,0.000545,0.296956,0.000273,0.702227
ATGCTCTGGCGCGGTA-1,0.000093,0.772428,0.000046,0.227433
ATGGAAATTTAAGGAG-1,0.000038,0.702658,0.000019,0.297285
ATGGAGCAGGCCGTGA-1,0.000121,0.686017,0.000061,0.313801
ATGGATCCGGCGTCCG-1,0.000227,0.953076,0.000114,0.046582
ATGGATTGACCAAACG-1,0.000046,0.916716,0.029223,0.054016
ATGGCAGCATTACGAT-1,0.000055,0.573048,0.381728,0.045169
ATGGCAGCCGAGAAAC-1,0.000054,0.717698,0.000027,0.282221
ATGGCTGGAAATGGCC-1,0.001792,0.994621,0.000897,0.00269
ATGGGACCTGCTGAAC-1,0.000246,0.637034,0.059048,0.303673
ATGGGCCTCGGCCTCT-1,0.002614,0.907524,0.001308,0.088553
