Barcode,Topic 1,Topic 2to5,Topic 6,Topic 7to8
AAACAACGAATAGTTC-1,0.000121,0.503149,0.32843,0.168299
AAACAAGTATCTCCCA-1,0.000048,0.731453,0.000048,0.268452
AAACACCAATAACTGC-1,0.000029,0.553472,0.041022,0.405478
AAACAGAGCGACTCCT-1,0.000239,0.334252,0.000239,0.665269
AAACAGCTTTCAGAAG-1,0.000033,0.705923,0.03547,0.258575
AAACAGGGTCTATATT-1,0.000041,0.020461,0.135419,0.844079
AAACATGGTGAGAGGA-1,0.000083,0.071376,0.817563,0.110978
AAACATTTCCCGGATT-1,0.002458,0.239424,0.163468,0.59465
AAACCACTACACAGAT-1,0.000034,0.657525,0.039367,0.303074
AAACCCGAACGAAATC-1,0.000023,0.638623,0.008537,0.352816
AAACCGGAAATGTTAA-1,0.00003,0.630589,0.015711,0.35367
AAACCGGGTAGGTACC-1,0.000026,0.679827,0.036662,0.283485
AAACCGTTCGTCCAGG-1,0.012873,0.449174,0.017369,0.520584
AAACCTAAGCAGCCGG-1,0.000054,0.000217,0.606426,0.393303
AAACCTCATGAAGTTG-1,0.000084,0.707443,0.071657,0.220816
AAACGAAGATGGAGTA-1,0.000434,0.768573,0.16748,0.063514
AAACGACAGTCTTGCC-1,0.000042,0.630559,0.000152,0.369248
AAACGAGACGGTTGAT-1,0.000034,0.000137,0.000034,0.999794
AAACGCCCGAGATCGG-1,0.000242,0.76847,0.099992,0.131296
AAACGGGCGTACGGGT-1,0.000031,0.335517,0.468513,0.195939
AAACGGGTTGGTATCC-1,0.009143,0.484124,0.17387,0.332863
AAACGTGTTCGCCCTA-1,0.000329,0.530223,0.052593,0.416855
AAACTAACGTGGCGAC-1,0.000723,0.685342,0.000724,0.313211
AAACTCGTGATATAAG-1,0.000027,0.56807,0.000027,0.431876
AAACTGCTGGCTCCAA-1,0.013739,0.480721,0.154615,0.350925
AAACTTAATTGCACGC-1,0.000259,0.085931,0.026307,0.887503
AAACTTGCAAACGTAT-1,0.000093,0.353896,0.000093,0.645917
AAAGAATGACCTTAGA-1,0.000025,0.231124,0.69661,0.072241
AAAGAATGTGGACTAA-1,0.000077,0.659243,0.057767,0.282913
AAAGACATGAAGTTTA-1,0.001181,0.392948,0.044883,0.560987
AAAGACTGGGCGCTTT-1,0.032034,0.967493,0.000158,0.000315
AAAGGCCCTATAATAC-1,0.00001,0.913856,0.023427,0.062707
AAAGGCTACGGACCAT-1,0.000049,0.157438,0.686781,0.155732
AAAGGCTCTCGCGCCG-1,0.000076,0.089254,0.422168,0.488502
AAAGGGCAGCTTGAAT-1,0.000147,0.588177,0.07915,0.332526
AAAGGTAAGCTGTACC-1,0.014899,0.550572,0.150899,0.283629
AAAGGTCAACGACATG-1,0.053135,0.534114,0.023304,0.389447
AAAGTAGCATTGCTCA-1,0.000043,0.231892,0.145312,0.622753
AAAGTCGACCCTCAGT-1,0.000599,0.426221,0.044554,0.528626
AAAGTGCCATCAATTA-1,0.00002,0.758507,0.011703,0.229769
AAAGTGTGATTTATCT-1,0.000505,0.094499,0.000505,0.904492
AAAGTTGACTCCCGTA-1,0.000238,0.962022,0.037033,0.000707
AAATAACCATACGGGA-1,0.000026,0.467133,0.146704,0.386136
AAATAAGGTAGTGCCC-1,0.000007,0.907367,0.027495,0.06513
AAATACCTATAAGCAT-1,0.006669,0.458483,0.141329,0.393519
AAATAGCTTAGACTTT-1,0.000004,0.999642,0.000004,0.000351
AAATAGGGTGCTATTG-1,0.000018,0.351404,0.064869,0.583709
AAATCCGATACACGCC-1,0.000015,0.544146,0.451482,0.004356
AAATCGCGGAAGGAGT-1,0.00003,0.513933,0.105456,0.380582
AAATCGTGTACCACAA-1,0.000099,0.216174,0.502638,0.281089
AAATCTAGCCCTGCTA-1,0.000039,0.354239,0.000039,0.645682
AAATCTGCCCGCGTCC-1,0.000026,0.674388,0.029664,0.295921
AAATGATTCGATCAGC-1,0.000036,0.488923,0.075501,0.435539
AAATGCTCGTTACGTT-1,0.000042,0.600354,0.023569,0.376035
AAATGGCCCGTGCCCT-1,0.000138,0.158311,0.233272,0.608279
AAATGTATCTTATCCC-1,0.000194,0.731214,0.094121,0.174471
AAATTAATAAGCGCGA-1,0.000029,0.000114,0.013521,0.986336
AAATTACACGACTCTG-1,0.000049,0.236675,0.187522,0.575754
AAATTACCTATCGATG-1,0.000124,0.021734,0.002338,0.975805
AAATTCCAGGTCCAAA-1,0.000018,0.602477,0.007431,0.390074
AAATTGATAGTCCTTT-1,0.00007,0.435897,0.00007,0.563963
AAATTGCGGCGGTTCT-1,0.000184,0.429874,0.102254,0.467688
AAATTGGTGAGAAGCA-1,0.000235,0.364499,0.600034,0.035232
AAATTTACCGAAATCC-1,0.001439,0.289215,0.001439,0.707907
AAATTTGCGGGTGTGG-1,0.000042,0.905006,0.050033,0.044919
AACAATACATTGTCGA-1,0.000026,0.648373,0.012366,0.339235
AACAATTACTCTACGC-1,0.000044,0.575322,0.155707,0.268927
AACACACGCTCGCCGC-1,0.000045,0.276229,0.419789,0.303937
AACACGAGACGCGGCC-1,0.000064,0.415301,0.000064,0.58457
AACAGCTGTGTGGCAA-1,0.000014,0.866541,0.00632,0.127125
AACAGGATGGGCCGCG-1,0.000007,0.999971,0.000007,0.000015
AACAGGTAGTATGGAT-1,0.000061,0.764569,0.153693,0.081677
AACATAGCGTGTATCG-1,0.000067,0.399793,0.261806,0.338333
AACATATCAACTGGTG-1,0.037904,0.920649,0.041364,0.000083
AACATCGATACGTCTA-1,0.000593,0.834076,0.164144,0.001187
AACATTGAAGTTGATC-1,0.000028,0.639952,0.016814,0.343206
AACATTGGTCAGCCGT-1,0.000204,0.564841,0.019841,0.415114
AACATTGTGACTCGAG-1,0.020461,0.510502,0.227539,0.241497
AACCAAGACTTCTCTG-1,0.000244,0.392321,0.046416,0.561019
AACCAGTATCACTCTT-1,0.000515,0.651336,0.239543,0.108606
AACCATAGGGTTGAAC-1,0.000137,0.20601,0.430299,0.363554
AACCATGGGATCGCTA-1,0.000128,0.466991,0.018439,0.514442
AACCCATCCCATGATC-1,0.000238,0.091348,0.000238,0.908175
AACCCGACAACCCGTG-1,0.003232,0.754297,0.072114,0.170357
AACCCGAGCAGAATCG-1,0.000042,0.511788,0.002701,0.485469
AACCCGATAGGGCTTC-1,0.002246,0.752002,0.062508,0.183244
AACCCTACTGTCAATA-1,0.000759,0.428718,0.000759,0.569764
AACCGCTAAGGGATGC-1,0.000108,0.000431,0.136717,0.862744
AACCTAAAGCCGTCCG-1,0.00301,0.300601,0.07643,0.619959
AACCTCGCTTTAGCCC-1,0.000007,0.977745,0.020389,0.001858
AACCTGTCACGGAATT-1,0.000028,0.522814,0.000468,0.47669
AACCTTTAAATACGGT-1,0.005393,0.064199,0.930363,0.000046
AACCTTTACGACGTCT-1,0.000074,0.31795,0.000074,0.681902
AACGAAAGTCGTCCCA-1,0.000031,0.14952,0.249555,0.600894
AACGACCTCCTAGCCG-1,0.000408,0.886285,0.000408,0.112899
AACGATATGTCAACTG-1,0.00003,0.00637,0.240697,0.752904
AACGCATGATCTGGGT-1,0.000107,0.572977,0.053151,0.373765
AACGCGAACGGCAACA-1,0.000107,0.452755,0.000107,0.547031
AACGCGACCTTGGGCG-1,0.000131,0.579977,0.157844,0.262048
AACGCTGTTGCTGAAA-1,0.00043,0.443411,0.051667,0.504492
AACGGACGTACGTATA-1,0.000057,0.112377,0.265501,0.622065
AACGGCCATCTCCGGT-1,0.001681,0.38376,0.000137,0.614422
AACGTACTGTGGGTAC-1,0.000056,0.520005,0.001985,0.477954
AACGTCAGACTAGTGG-1,0.033466,0.643212,0.000116,0.323206
AACGTGATGAAGGACA-1,0.000026,0.102754,0.486496,0.410724
AACGTGCGAAAGTCTC-1,0.00003,0.027103,0.018395,0.954472
AACGTTATCAGCACCT-1,0.000032,0.003545,0.00914,0.987283
AACTACCCGTTTGTCA-1,0.000051,0.604115,0.009417,0.386417
AACTAGGCTTGGGTGT-1,0.00006,0.000239,0.617364,0.382337
AACTCCAGAGCGTGTT-1,0.000072,0.182976,0.313427,0.503525
AACTCCTAATCCCATG-1,0.000051,0.76759,0.022455,0.209904
AACTCGATAAACACGT-1,0.001223,0.483772,0.183177,0.331828
AACTCGATGGCGCAGT-1,0.000144,0.568458,0.001687,0.42971
AACTCTCAATAGAGCG-1,0.000835,0.273949,0.000835,0.724381
AACTCTCAGTGTGCTC-1,0.005232,0.343019,0.000073,0.651676
AACTGAGGTCAGCGTC-1,0.001018,0.732375,0.001018,0.265589
AACTGAGTTATACTGA-1,0.015858,0.591427,0.001895,0.39082
AACTGGGTTCGAGCCG-1,0.001159,0.604621,0.219806,0.174414
AACTTCTGCGTCTATC-1,0.000031,0.800382,0.074762,0.124825
AACTTGCCCGTATGCA-1,0.000078,0.656726,0.057178,0.286019
AACTTGCGTTCTCGCG-1,0.000023,0.804367,0.073733,0.121877
AACTTTACGGGAGCTT-1,0.000135,0.107493,0.000136,0.892236
AAGAAAGTTTGATGGG-1,0.000145,0.128804,0.243316,0.627735
AAGAAATCACCAGATT-1,0.120767,0.569975,0.007184,0.302074
AAGAAGGATCAGTTAG-1,0.000048,0.538817,0.063289,0.397846
AAGACATACGTGGTTT-1,0.000012,0.901484,0.02869,0.069814
AAGACCAAATAACTCA-1,0.000086,0.142293,0.299724,0.557897
AAGACCCAACTGAACA-1,0.000048,0.000192,0.388653,0.611107
AAGACTAACCCGTTGT-1,0.000111,0.464939,0.067067,0.467883
AAGACTCACGCCCACT-1,0.000611,0.442355,0.000611,0.556423
AAGAGATGAATCGGTA-1,0.000009,0.953628,0.000009,0.046354
AAGAGCTCTTTATCGG-1,0.000017,0.300466,0.012584,0.686933
AAGAGGATGTACGCGA-1,0.00003,0.410032,0.005035,0.584902
AAGAGGCATGGATCGC-1,0.000036,0.004684,0.000036,0.995244
AAGAGGCCCTTTGGAA-1,0.000037,0.545246,0.000037,0.45468
AAGATGGCACCGGACC-1,0.000034,0.5378,0.005071,0.457094
AAGATTGGCGGAACGT-1,0.000058,0.208475,0.089775,0.701692
AAGCATACTCTCCTGA-1,0.008438,0.077498,0.902362,0.011702
AAGCCGAAGCGGTTTA-1,0.000057,0.295796,0.000057,0.70409
AAGCCGCCGTGAAATC-1,0.000018,0.70315,0.002012,0.29482
AAGCCGCTTTACCTTG-1,0.368516,0.400365,0.06139,0.169729
AAGCCGGAGAGCAGGA-1,0.000031,0.631422,0.005458,0.36309
AAGCGGAGTGCGCGCA-1,0.029754,0.552001,0.202748,0.215497
AAGCGGCGTCATGGGT-1,0.000313,0.452987,0.000313,0.546387
AAGCGTCCCTCATCGA-1,0.021925,0.59155,0.029119,0.357407
AAGCTAGATCGAGTAA-1,0.010964,0.317377,0.274815,0.396844
AAGCTATGGATTGACC-1,0.008325,0.336108,0.263222,0.392346
AAGCTCGTGCCAAGTC-1,0.000072,0.242213,0.062162,0.695553
AAGCTCTTTCATGGTG-1,0.000031,0.153512,0.062118,0.784339
AAGGATCGATCGCTTG-1,0.000029,0.579288,0.063357,0.357325
AAGGATGAGGGACCTC-1,0.000085,0.000341,0.439298,0.560276
AAGGCAGGCTGTCTCC-1,0.006821,0.656199,0.039046,0.297934
AAGGCGCGTAAAGCTT-1,0.493307,0.369309,0.000012,0.137372
AAGGGAACGACTGGCT-1,0.000039,0.313149,0.028781,0.658032
AAGGGACAGATTCTGT-1,0.000062,0.353167,0.034245,0.612526
AAGGGACTATGCATTC-1,0.000037,0.352751,0.001737,0.645475
AAGGGTTAGCCATGCG-1,0.004994,0.403793,0.031169,0.560044
AAGGGTTTGATTTCAG-1,0.00004,0.497196,0.4263,0.076463
AAGGTATCCTAATATA-1,0.00003,0.281088,0.127646,0.591236
AAGGTGATAAACCAGC-1,0.000137,0.376729,0.182331,0.440803
AAGTAGTGACGCGAGG-1,0.000024,0.563124,0.030166,0.406686
AAGTCAATTGTCGTCA-1,0.000041,0.505468,0.043259,0.451233
AAGTCTAGTAGCTGCC-1,0.036531,0.583828,0.022087,0.357553
AAGTCTTCTGTGGCCT-1,0.000152,0.184014,0.000152,0.815682
AAGTGACGACCGAATT-1,0.000042,0.468677,0.004652,0.526629
AAGTGAGTCGGGTTTA-1,0.000171,0.26368,0.14701,0.589139
AAGTGCAAAGGTAGAC-1,0.000033,0.086998,0.002865,0.910104
AAGTGCCTTGACTGTA-1,0.000035,0.361896,0.001172,0.636898
AAGTGCGTTAGAATCT-1,0.000036,0.550784,0.000036,0.449144
AAGTGTTTGGAGACGG-1,0.000017,0.696081,0.047502,0.2564
AAGTTCACTCCAAGCT-1,0.000031,0.224859,0.390957,0.384154
AAGTTCAGTCTGCGTA-1,0.000386,0.517051,0.000386,0.482176
AAGTTCGGCCAACAGG-1,0.000959,0.2711,0.000149,0.727792
AAGTTGTGATGTTATA-1,0.000014,0.982627,0.000019,0.017339
AATAACAACGCTCGGC-1,0.000009,0.875895,0.020257,0.103839
AATAACACTAGAACAA-1,0.002695,0.304636,0.000058,0.692612
AATAATCTTCGTATCG-1,0.000033,0.479531,0.091968,0.428468
AATACAATGTTTCAGG-1,0.000072,0.437716,0.006071,0.556142
AATACCGGAGGGCTGT-1,0.00004,0.58535,0.000842,0.413767
AATAGAACAGAGTGGC-1,0.001239,0.53773,0.010057,0.450974
AATAGAATCTGTTTCA-1,0.000035,0.236649,0.004107,0.759209
AATAGCAAGCCTCCTG-1,0.000614,0.539321,0.108215,0.35185
AATAGCTACCGCGTGC-1,0.000154,0.8254,0.125626,0.048821
AATAGTCCGTCCCGAC-1,0.00006,0.225363,0.520593,0.253984
AATAGTCGCGAGTCGG-1,0.000026,0.162592,0.025287,0.812095
AATATCCTAGCAAACT-1,0.000035,0.668134,0.060384,0.271447
AATATCGAATCAATGC-1,0.000049,0.453577,0.027367,0.519007
AATATCGAGGGTTCTC-1,0.000028,0.999889,0.000028,0.000056
AATATTGGAGTATTGA-1,0.000441,0.636855,0.000441,0.362263
AATCAGACTGCAGGAC-1,0.000059,0.519291,0.020036,0.460614
AATCATGTAAAGACTC-1,0.000039,0.329017,0.054438,0.616505
AATCCATGCAAGGGTG-1,0.000026,0.80027,0.043204,0.1565
AATCGAGGTCTCAAGG-1,0.050838,0.272506,0.13336,0.543296
AATCGCCTCAGCGCCA-1,0.000045,0.00018,0.000045,0.999731
AATCGCGCAGAGGACT-1,0.000437,0.633589,0.039293,0.32668
AATCGTGAGCCGAGCA-1,0.000067,0.142286,0.282381,0.575267
AATCTAGGTTTACTTG-1,0.000054,0.409999,0.000054,0.589893
AATCTATGCCGGAGCC-1,0.000017,0.830551,0.016924,0.152508
AATCTCTACTGTGGTT-1,0.000362,0.513754,0.074844,0.411041
AATCTGCGTTGGGACG-1,0.000105,0.819161,0.000105,0.18063
AATCTGGCTTTCTAGT-1,0.000095,0.120927,0.000095,0.878882
AATCTGGGTAGACCCT-1,0.001118,0.302376,0.001118,0.695388
AATGACAGCAATGTCT-1,0.000059,0.336539,0.000059,0.663343
AATGACGTAGGATGTC-1,0.000019,0.358701,0.000019,0.641261
AATGAGTTCGCATATG-1,0.000033,0.215632,0.413165,0.371169
AATGATGATACGCTAT-1,0.000102,0.230515,0.077821,0.691563
AATGATGCGACTCCTG-1,0.000151,0.900658,0.093194,0.005998
AATGCACCAAGCAATG-1,0.00018,0.620701,0.064115,0.315004
AATGGCCGCCAATGCG-1,0.000096,0.763496,0.041465,0.194942
AATGGTCCACCGTTCA-1,0.000253,0.506035,0.000253,0.493459
AATGGTTCTCACAAGC-1,0.000072,0.437627,0.064054,0.498247
AATGTATGGCACTGTA-1,0.000129,0.02054,0.291323,0.688009
AATGTGCCCGAGGTGT-1,0.000062,0.489384,0.000062,0.510492
AATGTGCTAATCTGAG-1,0.000023,0.764395,0.041095,0.194487
AATGTTAAGACCCTGA-1,0.000096,0.594995,0.046094,0.358815
AATGTTGTCGTGAGAC-1,0.000013,0.966546,0.030823,0.002618
AATTAACGGATTTCCA-1,0.000076,0.000303,0.99947,0.000151
AATTACGAGACCCATC-1,0.000051,0.089075,0.355459,0.555415
AATTACTCGTACGCTC-1,0.00003,0.276315,0.020813,0.702842
AATTAGCGCTGCAGCG-1,0.009485,0.023958,0.663791,0.302765
AATTATACCCAGCAAG-1,0.000027,0.374508,0.126062,0.499402
AATTCATAAGGGATCT-1,0.000095,0.067552,0.001235,0.931117
AATTCATTGTCATGCA-1,0.000051,0.33854,0.618621,0.042789
AATTCCAACTTGGTGA-1,0.000394,0.05671,0.000394,0.942503
AATTCGATTCGAGGAT-1,0.004376,0.402181,0.141488,0.451956
AATTCTAGAGTTAGGC-1,0.008573,0.054214,0.594048,0.343165
AATTGAACGCTCTGGT-1,0.000284,0.414088,0.000285,0.585343
AATTGCAGCAATCGAC-1,0.000041,0.453234,0.131377,0.415348
AATTGCGTGGATTACA-1,0.000121,0.446148,0.069566,0.484165
AATTGTGGTTGCCAAA-1,0.000009,0.813102,0.034332,0.152556
AATTTGGGACATAGTA-1,0.000096,0.200961,0.022435,0.776508
ACAAACCATGCGTCCT-1,0.00002,0.574406,0.023991,0.401583
ACAAACCGACAAGGCG-1,0.000028,0.18275,0.102981,0.714241
ACAAAGAAGGTAGGCC-1,0.000021,0.101616,0.323793,0.57457
ACAAAGCATGACCTAG-1,0.000023,0.891001,0.024576,0.084401
ACAAATCGCACCGAAT-1,0.000019,0.235161,0.313432,0.451388
ACAAATGGTAGTGTTT-1,0.000547,0.571566,0.079486,0.348401
ACAAATTCAGATCTGA-1,0.000662,0.512671,0.000662,0.486004
ACAACGGTCCCTGCGA-1,0.000028,0.468981,0.000028,0.530963
ACAAGCAGTGCCTAGC-1,0.000171,0.686048,0.216539,0.097241
ACAAGCTATATGGAAG-1,0.000016,0.196439,0.051404,0.752141
ACAAGGAAATCCGCCC-1,0.000024,0.488949,0.096437,0.41459
ACAAGGACAAGAGGTT-1,0.000015,0.772908,0.00422,0.222856
ACAAGGATGCTTTAGG-1,0.000038,0.449283,0.307835,0.242844
ACAAGGCCTACCAGCC-1,0.000375,0.524638,0.125954,0.349033
ACAAGGGCAGGCTCTG-1,0.000013,0.426439,0.042857,0.530691
ACAATAGTCGTACGTT-1,0.000125,0.179442,0.029787,0.790646
ACAATCCATTTAAACC-1,0.000026,0.271951,0.048978,0.679044
ACAATGAATACGGAGA-1,0.000043,0.408318,0.019326,0.572313
ACAATGATTCTTCTAC-1,0.000169,0.55797,0.092532,0.349328
ACAATTGTGTCTCTTT-1,0.000058,0.426868,0.185687,0.387387
ACAATTTAGGAGGCTC-1,0.000058,0.247452,0.308527,0.443963
ACAATTTGAGCAGTGG-1,0.000045,0.00018,0.053964,0.945811
ACACAAATATTCCTAG-1,0.026983,0.408644,0.000436,0.563937
ACACACCAGGACCAGT-1,0.00018,0.634521,0.016203,0.349097
ACACATGATCAAATCT-1,0.00005,0.734992,0.00005,0.264908
ACACATTGACGCAACA-1,0.00002,0.37285,0.23916,0.387969
ACACCACATAATTAGC-1,0.000006,0.939892,0.020845,0.039256
ACACCCGAGAAATCCG-1,0.03639,0.704258,0.016208,0.243144
ACACCGAGCGCTCTTT-1,0.000066,0.536138,0.172541,0.291255
ACACCGGTCTGACCGC-1,0.000014,0.957709,0.000943,0.041334
ACACCTTACTACTTGC-1,0.002105,0.870142,0.046719,0.081033
ACACGTAGGCCACAAG-1,0.000025,0.748561,0.020658,0.230756
ACACTCCAATGTCACT-1,0.000044,0.244796,0.268298,0.486862
ACACTGATCAAGGTGT-1,0.015434,0.154907,0.164513,0.665146
ACACTGGGACAGTCGT-1,0.000013,0.99992,0.000013,0.000054
ACAGAACTGAGAACAA-1,0.00003,0.634008,0.004146,0.361816
ACAGCGACATTCTCAT-1,0.000041,0.613989,0.000041,0.38593
ACAGCGCACCCGCAGC-1,0.0001,0.380431,0.242978,0.376492
ACAGGAGGCGCAGCCG-1,0.000049,0.483667,0.000049,0.516234
ACAGGCACGGATCCTT-1,0.000037,0.575151,0.046159,0.378653
ACAGGCTTGCCCGACT-1,0.000031,0.463788,0.164898,0.371282
ACAGGTGGAGGTGAGG-1,0.013129,0.051963,0.026148,0.90876
ACAGGTGTGTTGTTGC-1,0.000043,0.219654,0.088059,0.692244
ACAGTAATACAACTTG-1,0.000294,0.269046,0.069461,0.661199
ACAGTATACCGTGGGA-1,0.012236,0.612699,0.006298,0.368766
ACATAAGTCGTGGTGA-1,0.230198,0.038331,0.437661,0.293811
ACATCAGCTGGGACGC-1,0.000511,0.002044,0.000511,0.996934
ACATCCCGGCCATACG-1,0.000046,0.000182,0.866936,0.132836
ACATCCTGGTAACTGT-1,0.000049,0.487347,0.11433,0.398274
ACATCGATCGTTTACC-1,0.003808,0.493052,0.13776,0.36538
ACATCGGTCAGCCGCG-1,0.00774,0.480671,0.000902,0.510687
ACATCGTATGCAATGG-1,0.000031,0.469903,0.000031,0.530035
ACATCGTTAACCTAGT-1,0.000028,0.282329,0.178739,0.538903
ACATCTCAACGCGTAA-1,0.000087,0.388058,0.045573,0.566282
ACATGCTTACGGCAGC-1,0.000062,0.301181,0.014062,0.684694
ACATGGCGCCAAAGTA-1,0.000027,0.860417,0.000041,0.139516
ACATGGCTCAATTTAG-1,0.000032,0.679751,0.082453,0.237764
ACATTAGTTTATATCC-1,0.001562,0.005743,0.87915,0.113544
ACCAAACACCCAGCGA-1,0.000239,0.834177,0.078997,0.086587
ACCAACACCACACACT-1,0.000041,0.733227,0.000041,0.26669
ACCAACCGCACTCCAC-1,0.000036,0.614595,0.148404,0.236965
ACCAACGCTTATTTAT-1,0.000024,0.514088,0.261131,0.224756
ACCAAGTCATCGGCAG-1,0.00007,0.719155,0.0619,0.218875
ACCAATATGCAAGTTA-1,0.001767,0.152738,0.287145,0.55835
ACCACAACTCAGAACA-1,0.000029,0.412893,0.192452,0.394627
ACCACACGGTTGATGG-1,0.019062,0.450806,0.113729,0.416402
ACCACCAATGTAACAA-1,0.000028,0.52883,0.015315,0.455827
ACCACCCTCTCTTCTA-1,0.028871,0.662324,0.016601,0.292205
ACCACGTGCAGCTATA-1,0.000019,0.067763,0.353354,0.578863
ACCACTGTTCAAGAAG-1,0.000024,0.101191,0.203258,0.695527
ACCAGACCATAACAAC-1,0.000089,0.708579,0.086479,0.204854
ACCAGTGCCCGGTCAA-1,0.000688,0.686235,0.111537,0.20154
ACCAGTGCGGGAGACG-1,0.000403,0.462673,0.076634,0.460291
ACCATCCGCCAACTAG-1,0.000054,0.367348,0.082079,0.550519
ACCATTAAGGGTGTCA-1,0.000058,0.549631,0.179873,0.270438
ACCCAACGCCCGTGGC-1,0.000057,0.133212,0.000057,0.866675
ACCCACCTACATGCTC-1,0.000115,0.742095,0.055271,0.202519
ACCCATCTTGAGGGTA-1,0.000079,0.489626,0.040973,0.469322
ACCCATTTGTCCCTCT-1,0.000035,0.440652,0.000283,0.559029
ACCCGAGCGAAATTAC-1,0.000029,0.609806,0.088988,0.301176
ACCCGGAAACTCCCAG-1,0.000054,0.002675,0.721318,0.275954
ACCCGGAGCACCACAA-1,0.000027,0.678953,0.018192,0.302827
ACCCGGATGACGCATC-1,0.005681,0.254706,0.279071,0.460542
ACCCGTAGCAGAGAAT-1,0.000114,0.357104,0.169397,0.473384
ACCCGTAGTCTAGTTG-1,0.000028,0.680382,0.021153,0.298436
ACCCGTGTCATCAGTA-1,0.005506,0.018945,0.441212,0.534336
ACCCTATAGGACTGAG-1,0.000049,0.413545,0.000049,0.586357
ACCCTATGCCATATCG-1,0.00006,0.798856,0.048125,0.152959
ACCCTCCCGTCAGGGC-1,0.000023,0.573336,0.059553,0.367088
ACCCTCCCTTGCTATT-1,0.000029,0.041126,0.614773,0.344072
ACCCTGGTAACGCCCT-1,0.002267,0.963411,0.022504,0.011818
ACCCTTGCCTGGGTCG-1,0.040871,0.519855,0.074599,0.364675
ACCCTTTAGTTCTCCA-1,0.000127,0.503252,0.156756,0.339866
ACCGAAGAGTCTGGTT-1,0.00019,0.389061,0.221569,0.389179
ACCGACACATCTCCCA-1,0.000052,0.103683,0.803585,0.09268
ACCGAGTCTCCTTATT-1,0.000012,0.250041,0.19534,0.554607
ACCGATAGGCATAACC-1,0.00003,0.535795,0.00003,0.464145
ACCGATATTTAATCAT-1,0.000061,0.484541,0.058372,0.457026
ACCGATGGTAGCATCG-1,0.000178,0.726391,0.058115,0.215316
ACCGCAATAACTGCCT-1,0.000016,0.308747,0.001865,0.689372
ACCGCGGTGGAAGTCG-1,0.00003,0.389918,0.14435,0.465702
ACCGGGCCTTTGTTGA-1,0.000149,0.493123,0.000149,0.506579
ACCGGTCAGGTACACC-1,0.000194,0.207599,0.100498,0.691709
ACCGGTCTGAGTACGG-1,0.00107,0.314326,0.00107,0.683534
ACCGTCCACTGGGCCC-1,0.000647,0.432002,0.362103,0.205247
ACCGTGACCACGTGGG-1,0.000018,0.985014,0.001634,0.013334
ACCTAAGTACCTTTCA-1,0.000076,0.360765,0.000076,0.639084
ACCTAATCGACTTCCT-1,0.000021,0.626525,0.005858,0.367596
ACCTACAGTATGTGGT-1,0.000028,0.494613,0.058482,0.446876
ACCTCCGCCCTCGCTG-1,0.000054,0.504157,0.000054,0.495734
ACCTCCGTTATTCACC-1,0.000014,0.878886,0.007651,0.113449
ACCTCGAACTTATGCT-1,0.000022,0.787972,0.020834,0.191172
ACCTGCGTGTCATGTT-1,0.000132,0.67363,0.082963,0.243275
ACGAAATGGGCGGCAC-1,0.000042,0.999832,0.000042,0.000084
ACGACCCATGAGTTGC-1,0.000034,0.61322,0.012035,0.374711
ACGACTCTAGGGCCGA-1,0.00002,0.672536,0.042009,0.285435
ACGACTGGTCATACTC-1,0.000022,0.621968,0.056313,0.321696
ACGAGATATTTGCTTA-1,0.000028,0.693089,0.249476,0.057406
ACGAGGATACCACTCT-1,0.000046,0.697197,0.000046,0.302711
ACGAGGTTTACAACGT-1,0.000577,0.334438,0.000577,0.664408
ACGAGTACGGATGCCC-1,0.000012,0.993576,0.006387,0.000025
ACGAGTCGCCGGCGTT-1,0.000014,0.752007,0.007717,0.240261
ACGATACATAGAACTA-1,0.000163,0.388566,0.382628,0.228643
ACGATACCTATCCTGA-1,0.000962,0.315906,0.026418,0.656714
ACGATCATCTTGTAAA-1,0.000787,0.360214,0.637423,0.001575
ACGCAAACTAATAGAT-1,0.000045,0.475537,0.118258,0.40616
ACGCAATCACTACAGC-1,0.000022,0.703459,0.027548,0.26897
ACGCATAAATGACATG-1,0.000101,0.823394,0.012739,0.163767
ACGCATACGTTTACTA-1,0.00003,0.483973,0.00003,0.515967
ACGCCTGACACGCGCT-1,0.000046,0.148368,0.000046,0.851539
ACGCGAAGTCAGACGA-1,0.000065,0.000259,0.358889,0.640787
ACGCGCTACACAGGGT-1,0.000032,0.478657,0.015503,0.505807
ACGCGTTTCTTAAGAG-1,0.000023,0.307439,0.012929,0.679609
ACGCTACTGAATGGGC-1,0.003973,0.433604,0.040264,0.522159
ACGCTAGTGATACACT-1,0.002027,0.838162,0.000532,0.159279
ACGCTGTGAGGCGTAG-1,0.001108,0.085328,0.284201,0.629364
ACGCTTAGTGTCTCTC-1,0.001568,0.427042,0.054476,0.516915
ACGGAATTTAGCAAAT-1,0.000054,0.67534,0.013671,0.310935
ACGGACGCAGCGACAA-1,0.000039,0.418002,0.014408,0.567551
ACGGACTCTCAAAGCG-1,0.000059,0.406941,0.173021,0.419979
ACGGAGCGCAAATTAC-1,0.000232,0.313079,0.05104,0.635649
ACGGATGGTGCGGATA-1,0.000013,0.376568,0.166719,0.4567
ACGGCACTTGCTTGGG-1,0.000065,0.00026,0.707286,0.292389
ACGGCCAACATGGACT-1,0.000028,0.191471,0.772041,0.036461
ACGGCGACGATGGGAA-1,0.000003,0.926778,0.030097,0.043122
ACGGCTGGATGTAGAA-1,0.004112,0.789415,0.206404,0.000069
ACGGGAGTGTCGGCCC-1,0.000045,0.27308,0.011376,0.715499
ACGGGCGTATGCGACA-1,0.019868,0.67991,0.010638,0.289584
ACGGGTCATGTGACTT-1,0.000019,0.352102,0.054485,0.593395
ACGGGTTGTGACCTGT-1,0.000078,0.393282,0.090141,0.516499
ACGGTACAGTTCAATG-1,0.000032,0.394183,0.044819,0.560966
ACGGTCACCGAGAACA-1,0.006412,0.455164,0.024849,0.513576
ACGTATTACTCCGATC-1,0.000118,0.86974,0.129908,0.000235
ACGTCGGGCAACTCGG-1,0.000028,0.407281,0.084481,0.50821
ACGTCTCGTTCCGGGA-1,0.00002,0.277821,0.004861,0.717298
ACGTGACAAAGTAAGT-1,0.000008,0.557072,0.261676,0.181245
ACGTGGTCGAATGTGC-1,0.000083,0.697818,0.076763,0.225337
ACGTTATTGGTCACTC-1,0.000018,0.849272,0.032872,0.117838
ACGTTCGCAATCAATT-1,0.000013,0.836945,0.005563,0.157479
ACGTTCGTTCAGGAAA-1,0.000062,0.493884,0.202414,0.30364
ACGTTCTGTACAAGTC-1,0.006022,0.485685,0.246142,0.262152
ACGTTTCGGTGCACTT-1,0.000569,0.293448,0.000569,0.705414
ACTAAGGACGCACACC-1,0.001361,0.652926,0.34299,0.002723
ACTAATACGTCAGGCG-1,0.001626,0.255827,0.001626,0.740921
ACTACATCCCGACAAG-1,0.000022,0.651597,0.037168,0.311213
ACTACGCGTTAGAATT-1,0.000057,0.047515,0.6805,0.271928
ACTAGTTGCGATCGTC-1,0.000051,0.680659,0.000051,0.319238
ACTATATGCTGTGTTC-1,0.010272,0.685154,0.000623,0.303951
ACTATCCAGGGCATGG-1,0.000027,0.454057,0.064057,0.481859
ACTATCGCCGGCTAAA-1,0.000086,0.300364,0.192669,0.506882
ACTATCTGCCCGCGTA-1,0.000069,0.735744,0.178415,0.085772
ACTATGTCCAGCTGCC-1,0.000012,0.868174,0.000567,0.131247
ACTATTTCCGGGCCCA-1,0.000041,0.694805,0.03581,0.269343
ACTCAAGTGCAAGGCT-1,0.000043,0.246531,0.321444,0.431983
ACTCATGGCAGCCTTC-1,0.000029,0.62577,0.069469,0.304732
ACTCCAATATCATCAT-1,0.002134,0.627829,0.076003,0.294034
ACTCCCATTCCTAAAG-1,0.00022,0.579962,0.011715,0.408103
ACTCCCGAATTCGTTT-1,0.000072,0.673629,0.001547,0.324752
ACTCCCGTAGACTAGG-1,0.021383,0.634981,0.00259,0.341046
ACTCCCTAATGCTAAA-1,0.00012,0.340506,0.628024,0.03135
ACTCCCTAGAATAGTA-1,0.007117,0.494335,0.15201,0.346538
ACTCCGGCCGACCACT-1,0.000034,0.502443,0.141265,0.356258
ACTCGATGTATTTCAT-1,0.000043,0.086591,0.350052,0.563313
ACTCGCCGTTCGATAA-1,0.000024,0.597501,0.1179,0.284575
ACTCGTAACCCGTCCT-1,0.001225,0.172236,0.00007,0.82647
ACTCGTCAGTAATCCC-1,0.000054,0.000218,0.000054,0.999674
ACTCTAAACCTGGGAT-1,0.000079,0.384549,0.145519,0.469852
ACTCTCTGACTTAGGT-1,0.000024,0.526325,0.000024,0.473627
ACTCTCTTATACACGA-1,0.000042,0.050557,0.526847,0.422554
ACTCTGACCTAATAGA-1,0.000024,0.722813,0.064835,0.212328
ACTGAAACGCCGTTAG-1,0.000476,0.384459,0.000476,0.614589
ACTGAATGGCGAAAGT-1,0.000033,0.207848,0.004876,0.787244
ACTGATTTAGTGATTC-1,0.000149,0.408897,0.489848,0.101106
ACTGCCCGCCATTCTC-1,0.00005,0.610953,0.008025,0.380972
ACTGCGGACACACCGT-1,0.00003,0.656753,0.008564,0.334653
ACTGCTCGGAAGGATG-1,0.0001,0.03655,0.000101,0.963249
ACTGGCGAACCTGCGT-1,0.000863,0.793873,0.000864,0.2044
ACTGTACGATACACAT-1,0.000085,0.291811,0.375297,0.332807
ACTGTAGCACTTTGGA-1,0.001516,0.695537,0.000808,0.302139
ACTGTGCTAGTAGATC-1,0.006926,0.745081,0.145246,0.102748
ACTTACCGGGCGCGCA-1,0.000692,0.564039,0.000692,0.434578
ACTTACGCATCCACGC-1,0.00115,0.735294,0.131572,0.131984
ACTTAGTACGACAAGA-1,0.000068,0.731456,0.137424,0.131052
ACTTATACTTACCCGG-1,0.000116,0.683563,0.000116,0.316205
ACTTATTTATGTGCCA-1,0.000073,0.440134,0.074241,0.485552
ACTTCAGGCTGATCCC-1,0.000026,0.13833,0.038707,0.822936
ACTTCCAGTGGAAGCT-1,0.000025,0.336101,0.585856,0.078017
ACTTCCATGCGGGACA-1,0.000082,0.066849,0.463461,0.469608
ACTTCGCCATACGCAC-1,0.000083,0.42948,0.102944,0.467494
ACTTGCTCTATCTACC-1,0.000057,0.612843,0.034577,0.352523
ACTTGTAGTCCCTTCA-1,0.000035,0.405964,0.000035,0.593966
ACTTGTGGATGGAACG-1,0.000067,0.272789,0.000067,0.727077
ACTTTACCCTCATGAA-1,0.000194,0.564253,0.057637,0.377916
ACTTTATACACCACTT-1,0.000349,0.493369,0.257803,0.248479
ACTTTGACTGCATCCT-1,0.000768,0.443929,0.553766,0.001537
ACTTTGGTCGTGCTCC-1,0.001346,0.264497,0.412583,0.321574
ACTTTGTCGACGCACT-1,0.00005,0.633849,0.034153,0.331948
AGAAATTATGACTCGC-1,0.000034,0.501493,0.000034,0.498439
AGAACACGGCGATGGT-1,0.014664,0.269132,0.06121,0.654994
AGAACCCTCAATTGGG-1,0.000086,0.180007,0.312395,0.507512
AGAACTGTACTTTGTA-1,0.000059,0.56642,0.079003,0.354518
AGAAGAGCGCCGTTCC-1,0.003576,0.347559,0.003578,0.645287
AGAAGGTACACTTCAC-1,0.00059,0.158108,0.000591,0.840711
AGAAGGTTGTAGGTCG-1,0.000075,0.652377,0.211144,0.136403
AGAAGTGATTCGTGAT-1,0.000052,0.140497,0.000052,0.859398
AGAATAAATCTTCAGG-1,0.000285,0.976243,0.022901,0.00057
AGAATGCGGGTTCGGA-1,0.000808,0.266354,0.000808,0.732031
AGAATTATGGATTCGA-1,0.000077,0.802964,0.000077,0.196882
AGAATTGTTTGACATA-1,0.000024,0.743415,0.065665,0.190895
AGACAGCTCAGAATCC-1,0.000031,0.080466,0.302201,0.617303
AGACAGGCATCTCAGC-1,0.000037,0.689147,0.040427,0.270389
AGACCAAACCACACCT-1,0.000019,0.710634,0.220407,0.068939
AGACCATGGGATACAA-1,0.00002,0.85208,0.013015,0.134885
AGACCCACCGCTGATC-1,0.009031,0.139344,0.214991,0.636633
AGACCGCTCCGCGGTT-1,0.001425,0.914979,0.023147,0.060449
AGACCGGGAAACCCTG-1,0.000142,0.847714,0.135338,0.016806
AGACGAAGTGCCGGTC-1,0.000112,0.664942,0.132564,0.202382
AGACGACGATGCCGCT-1,0.000066,0.245875,0.000066,0.753993
AGACGCCCACTTCGCC-1,0.000033,0.760146,0.001552,0.238269
AGACGGGATTGGTATA-1,0.000052,0.169701,0.828598,0.001649
AGACGGGCCGATTTAA-1,0.000632,0.648417,0.000633,0.350318
AGACTGTTACCGGGTC-1,0.004038,0.749183,0.081625,0.165155
AGAGAACCGTCTAGGA-1,0.000042,0.290817,0.162442,0.546699
AGAGAAGGAGTACAAT-1,0.000028,0.812844,0.003733,0.183395
AGAGATCTCTAAAGCG-1,0.000107,0.834282,0.000107,0.165504
AGAGCAGTTATGAGAC-1,0.000464,0.256678,0.154903,0.587955
AGAGCCGCCGAGATTT-1,0.000038,0.654744,0.01009,0.335129
AGAGCGCTTGTAACGG-1,0.050318,0.319999,0.047713,0.581969
AGAGCGTACAAGCTCG-1,0.000032,0.458878,0.024395,0.516695
AGAGCTACGAAAGCAT-1,0.002609,0.528324,0.13649,0.332578
AGAGGCTTCGGAAACC-1,0.000045,0.723861,0.002337,0.273757
AGAGGGACAATTGTCC-1,0.002772,0.450862,0.266982,0.279384
AGAGTAAACTTCACTA-1,0.00004,0.177862,0.00004,0.822058
AGAGTCTTAATGAAAG-1,0.0039,0.327726,0.062834,0.60554
AGAGTTAGAGACCGAT-1,0.000684,0.401493,0.027793,0.57003
AGAGTTGCAGGCCTCC-1,0.014306,0.419913,0.205587,0.360195
AGATAATCACACCTAT-1,0.000048,0.258272,0.059965,0.681715
AGATACCAATAGAACC-1,0.00003,0.535924,0.013219,0.450827
AGATACCAGCACTTCA-1,0.000378,0.711645,0.061039,0.226938
AGATACCGGTGTTCAC-1,0.000065,0.309622,0.046333,0.643979
AGATACGACTTCATAT-1,0.000029,0.904887,0.050691,0.044394
AGATACTCAAGATCGA-1,0.000078,0.671232,0.000078,0.328611
AGATCGTGCATAAGAT-1,0.020645,0.317408,0.001308,0.660639
AGATCTCAGGTGTGAT-1,0.000012,0.799137,0.011749,0.189102
AGATCTGGAGAGGATA-1,0.000214,0.35605,0.111,0.532736
AGATGAGGGTTGCGAT-1,0.000962,0.821323,0.175788,0.001927
AGATGATGGAGTCTGG-1,0.000036,0.646326,0.044637,0.309001
AGATGCAAGACGTGCA-1,0.000033,0.688714,0.000033,0.31122
AGATGCATCCTGTGTC-1,0.000023,0.347023,0.305536,0.347418
AGATGCTATAACGAGC-1,0.000017,0.326234,0.001227,0.672522
AGATTCAAGCGGGTCG-1,0.00007,0.518363,0.061923,0.419644
AGATTCACAACCGATA-1,0.00033,0.427902,0.369728,0.202039
AGCAACATATCTTATT-1,0.000103,0.303111,0.137914,0.558872
AGCAACCGAAAGTAAT-1,0.000043,0.175811,0.000043,0.824104
AGCACACGTTTAGACT-1,0.000065,0.56166,0.027112,0.411163
AGCACTACCGGCCTGT-1,0.000258,0.998967,0.000258,0.000516
AGCACTACCTCACCAG-1,0.000047,0.000189,0.356274,0.64349
AGCACTTAAGGACGCC-1,0.00001,0.841523,0.001193,0.157274
AGCAGCCAGATGAATA-1,0.000024,0.027294,0.972635,0.000047
AGCAGTCGAAGCATGC-1,0.000022,0.816503,0.015463,0.168011
AGCATATCAATATGCT-1,0.000224,0.037679,0.358757,0.603341
AGCATCATTTCGAAAG-1,0.000058,0.011863,0.000058,0.988021
AGCATTACGAGGCAAG-1,0.000023,0.883064,0.040689,0.076224
AGCCAAGCTTTGTGTC-1,0.000146,0.047623,0.567845,0.384386
AGCCACAGGTTACCCG-1,0.000034,0.000766,0.99913,0.000069
AGCCACTCCCGTGCTT-1,0.000034,0.182887,0.183516,0.633563
AGCCCATACATGTAAG-1,0.00003,0.486009,0.003752,0.510208
AGCCCGGCATTAGAGG-1,0.001078,0.614604,0.018948,0.36537
AGCCCGGTAGCCTGTA-1,0.001408,0.050771,0.357196,0.590625
AGCCCTCCCTGGTGGC-1,0.000021,0.705477,0.022322,0.27218
AGCCCTTCTAATCCGA-1,0.000178,0.852015,0.147451,0.000356
AGCCCTTGGACATCCC-1,0.000025,0.993827,0.002871,0.003277
AGCCGCAAATTCAAAT-1,0.000017,0.042659,0.0453,0.912024
AGCCGCTTGATTAGCG-1,0.000098,0.410826,0.071331,0.517745
AGCCGTGGCTAAATGT-1,0.00006,0.289767,0.00006,0.710112
AGCCTAATACCCACGT-1,0.001204,0.08137,0.298735,0.618691
AGCCTTAAAGCGGAAG-1,0.000036,0.281027,0.156666,0.562271
AGCCTTGTCACTGATA-1,0.000051,0.404981,0.060973,0.533994
AGCGACAGGAACGGTC-1,0.000028,0.664637,0.000028,0.335307
AGCGAGACGTGAAGGC-1,0.000046,0.606193,0.055312,0.338449
AGCGATGCGCCTAATA-1,0.000014,0.709275,0.043423,0.247288
AGCGCATAATGAATCG-1,0.000053,0.072793,0.736205,0.190949
AGCGCGGGTGCCAATG-1,0.000053,0.486823,0.119504,0.393621
AGCGCTTATGGGCAAG-1,0.000835,0.248907,0.281935,0.468323
AGCGGACACTTCGTAG-1,0.047337,0.134037,0.609519,0.209107
AGCGGCGGTTAGCGGT-1,0.000632,0.002529,0.127902,0.868936
AGCGGTTGAGATGTAC-1,0.00037,0.959109,0.00037,0.04015
AGCGGTTGCCGCTCTG-1,0.000118,0.631128,0.000118,0.368635
AGCGTACGAGAGCTAG-1,0.000046,0.972042,0.023247,0.004664
AGCGTAGCGCTAGACC-1,0.000144,0.536765,0.140157,0.322933
AGCGTTCCGATTTAAA-1,0.000025,0.864221,0.000025,0.135728
AGCTAACAAGCAATGT-1,0.00003,0.537141,0.000381,0.462447
AGCTAAGTACGCAGGC-1,0.000075,0.075781,0.08197,0.842174
AGCTAGAAGCAGAAGT-1,0.021991,0.736039,0.000426,0.241545
AGCTCCATATATGTTC-1,0.000025,0.917947,0.000025,0.082002
AGCTCCTTCGCACATC-1,0.004595,0.24653,0.215269,0.533606
AGCTCGTTGATGGAAA-1,0.003687,0.546397,0.066534,0.383383
AGCTCTAGACGTTCCA-1,0.000011,0.507805,0.000011,0.492174
AGCTCTTCCCAGTGCA-1,0.000056,0.11229,0.22715,0.660505
AGCTCTTCGTAACCTT-1,0.000037,0.537925,0.000037,0.462002
AGCTGAAGTAAACCAA-1,0.000033,0.114463,0.103428,0.782076
AGCTGCATTTGAGGTG-1,0.000106,0.518445,0.00933,0.472119
AGCTGCTGTGCCGAAT-1,0.000039,0.757322,0.121617,0.121022
AGCTGTAACCTCAATC-1,0.000051,0.707706,0.000051,0.292191
AGCTTCAATACTTTGA-1,0.000078,0.061037,0.023175,0.91571
AGCTTCTTCTCGAGCA-1,0.000017,0.953431,0.000017,0.046535
AGCTTGATCAGGGTAG-1,0.000062,0.513032,0.032445,0.454461
AGCTTGATCTTAACTT-1,0.000051,0.776272,0.037791,0.185886
AGGAAAGCCTCTGATG-1,0.000085,0.910891,0.085175,0.00385
AGGAACGAACGACTTC-1,0.001854,0.719354,0.035156,0.243636
AGGAAGCTGTCCGCCG-1,0.000053,0.000214,0.856834,0.142899
AGGACAGTCGAATCCC-1,0.000086,0.817738,0.061028,0.121148
AGGACATCGCACGTCG-1,0.000076,0.494165,0.06643,0.439329
AGGACATCGGCACACT-1,0.000026,0.799737,0.043182,0.157054
AGGACGCTCGATGTTG-1,0.000711,0.342589,0.000712,0.655988
AGGACTTATAGGAGAA-1,0.000091,0.435327,0.191256,0.373326
AGGAGGCCTTCGCGCG-1,0.000029,0.472721,0.000029,0.527221
AGGATAAAGTCGGGAT-1,0.006057,0.011355,0.605777,0.376812
AGGATATAGGGATTTA-1,0.001715,0.006862,0.001716,0.989708
AGGATATCCGACTGCA-1,0.000025,0.453619,0.067641,0.478715
AGGATCACGCGATCTG-1,0.001108,0.224823,0.001108,0.772961
AGGCAATACGGAGGAC-1,0.000093,0.50983,0.000093,0.489983
AGGCACGTGACTGTCC-1,0.000052,0.569315,0.018025,0.412609
AGGCAGATGCGTAAAC-1,0.000033,0.303008,0.156876,0.540083
AGGCAGGGAGCGTACT-1,0.000034,0.180238,0.205106,0.614622
AGGCATTGTCGTAGGG-1,0.048979,0.326143,0.037923,0.586954
AGGCCACCCGTTATGA-1,0.000033,0.733428,0.000033,0.266505
AGGCCCAGTGACTGGT-1,0.003638,0.095135,0.094741,0.806485
AGGCCCTAGAACGCCA-1,0.000024,0.52723,0.003788,0.468958
AGGCCTGAGAATCTCG-1,0.00006,0.173849,0.111033,0.715058
AGGCGATAACTGGCGT-1,0.000026,0.740777,0.093459,0.165738
AGGCGGTTTGTCCCGC-1,0.000037,0.415243,0.000037,0.584683
AGGCGTCTATGGACGG-1,0.000176,0.919844,0.041248,0.038731
AGGCTATGGTTAGCTT-1,0.000087,0.667328,0.015478,0.317107
AGGCTTCCCGAAGAAG-1,0.00345,0.492419,0.000036,0.504095
AGGCTTGCTAGACACC-1,0.000033,0.790112,0.131306,0.078549
AGGGAAACGAGGTACT-1,0.00007,0.268685,0.134258,0.596987
AGGGACCGGCTGCGTT-1,0.00002,0.652736,0.003967,0.343277
AGGGACTCTACGCGAC-1,0.000028,0.000113,0.999803,0.000056
AGGGAGACATACTTCG-1,0.000011,0.756531,0.061015,0.182443
AGGGCAGCGGCGTGGT-1,0.000089,0.461074,0.041982,0.496855
AGGGCCCTAATGTTCT-1,0.000023,0.770248,0.006823,0.222906
AGGGCGAGCAGCTGAT-1,0.000054,0.353749,0.00596,0.640237
AGGGTCAGAGCACTCG-1,0.000515,0.835999,0.074522,0.088964
AGGGTCAGTAACCCTA-1,0.000372,0.896161,0.082646,0.020821
AGGGTCGATGCGAACT-1,0.00729,0.332802,0.118662,0.541246
AGGGTCTGGACGCAGT-1,0.000026,0.768014,0.038671,0.193289
AGGGTGCCGTTCTTTA-1,0.000038,0.629772,0.066808,0.303382
AGGGTGCTCTCGAGGG-1,0.000645,0.140422,0.144615,0.714318
AGGGTGGATAGTGCAT-1,0.000066,0.000263,0.005279,0.994392
AGGGTGTGCTACACGC-1,0.000117,0.647364,0.117388,0.235131
AGGGTTCCCTTTGGTT-1,0.000087,0.148201,0.157258,0.694454
AGGTACGATATTGCCA-1,0.264178,0.735798,0.000008,0.000016
AGGTAGATCGAGATAT-1,0.001835,0.83806,0.046995,0.11311
AGGTAGGTACAAAGCT-1,0.000022,0.585128,0.002616,0.412233
AGGTATAATTGATAGT-1,0.000017,0.700958,0.018047,0.280979
AGGTCAGGTGAGAGTG-1,0.000052,0.467955,0.001066,0.530928
AGGTCGCCTCCCAACA-1,0.000029,0.613429,0.021198,0.365345
AGGTCGCGGAGTTACT-1,0.000097,0.666164,0.015564,0.318175
AGGTGCACGTCCACAT-1,0.000031,0.852246,0.02572,0.122003
AGGTGGTGACCTTCGC-1,0.000251,0.001004,0.518762,0.479984
AGGTGTATCGCCATGA-1,0.000355,0.329415,0.341456,0.328775
AGGTGTTGCCGACCAC-1,0.000026,0.711619,0.01856,0.269795
AGGTTACACCATGCCG-1,0.000016,0.541896,0.000016,0.458072
AGGTTCTCCTTTCCGG-1,0.000079,0.000316,0.999447,0.000158
AGTAACGTTCATCCTG-1,0.001626,0.559828,0.001626,0.43692
AGTAATCTAAGGGTGG-1,0.000036,0.428595,0.033382,0.537987
AGTAATTTGCAAGCGT-1,0.000036,0.787492,0.000036,0.212436
AGTACAGAAGCTTATA-1,0.031731,0.510517,0.001756,0.455996
AGTACATCATTTATCA-1,0.000019,0.963771,0.026988,0.009222
AGTACCTTCGAGTGCT-1,0.001407,0.504541,0.001407,0.492645
AGTACGGCCCGTATCG-1,0.00062,0.87324,0.00062,0.12552
AGTACGGGCACCTGGC-1,0.000241,0.360672,0.638605,0.000482
AGTACGTGGCCTGTCT-1,0.001001,0.476015,0.362444,0.160539
AGTACTCTTATGCCCA-1,0.002064,0.521311,0.038757,0.437867
AGTAGCTAGACGCCGA-1,0.00011,0.99956,0.00011,0.00022
AGTAGGAAGGAAGTTG-1,0.0001,0.872789,0.08622,0.040891
AGTATAATACTAGGCA-1,0.000009,0.845196,0.04661,0.108185
AGTATACACAGCGACA-1,0.000022,0.627484,0.132251,0.240244
AGTATCCATAATAACG-1,0.000067,0.598615,0.106639,0.294679
AGTATGCTGGAGACCA-1,0.00135,0.585904,0.000035,0.412711
AGTATTTGGCACGACC-1,0.000045,0.000181,0.344332,0.655441
AGTCAAGATGACACTT-1,0.000044,0.289973,0.066748,0.643236
AGTCACTAGCTCTCGA-1,0.00004,0.206483,0.00004,0.793436
AGTCAGCCACCGCCTG-1,0.000058,0.544381,0.000058,0.455502
AGTCCAGCGGGTACGT-1,0.00018,0.423576,0.00018,0.576065
AGTCCATTGGCTGATG-1,0.000352,0.667417,0.020377,0.311855
AGTCCCGCCTTTAATT-1,0.000042,0.637985,0.080114,0.28186
AGTCGAAACGATTCAG-1,0.000029,0.176047,0.09113,0.732795
AGTCGACGGTCTCAAG-1,0.000224,0.999106,0.000224,0.000447
AGTCGGCCCAAACGAC-1,0.00862,0.620488,0.011451,0.359441
AGTCGGCTCAACTTTA-1,0.000047,0.344484,0.000047,0.655422
AGTCGGTTGCGTGAGA-1,0.000028,0.528693,0.00718,0.464099
AGTCGTATAAAGCAGA-1,0.000034,0.044003,0.462771,0.493192
AGTCGTCGACCACCAA-1,0.000078,0.239827,0.10754,0.652556
AGTCGTGGGCATTACG-1,0.000046,0.695371,0.000046,0.304537
AGTCTAAAGTATACTC-1,0.00002,0.832857,0.06904,0.098083
AGTCTCACAAGACTAC-1,0.000062,0.305865,0.006124,0.687949
AGTCTGGACATCCTTG-1,0.000044,0.048008,0.082554,0.869394
AGTCTTTAAAGTGTCC-1,0.000039,0.303312,0.160914,0.535735
AGTGAACAAACTTCTC-1,0.000047,0.168611,0.587922,0.24342
AGTGAAGATGGTGTCC-1,0.018041,0.87622,0.014293,0.091446
AGTGACTGTGACACAA-1,0.00002,0.82185,0.024425,0.153704
AGTGAGACTTCCAGTA-1,0.000105,0.833806,0.000105,0.165983
AGTGAGCCTCGCCGCC-1,0.038156,0.584284,0.017861,0.359698
AGTGAGGGTTTCTGAC-1,0.000329,0.371221,0.074673,0.553777
AGTGAGTCGAATTAAC-1,0.000017,0.780495,0.018219,0.201269
AGTGATAACCTGCGCG-1,0.000041,0.020262,0.872471,0.107226
AGTGATTCAAGCAGGA-1,0.000131,0.077947,0.150378,0.771545
AGTGCACGCTTAAGAA-1,0.00006,0.463653,0.000257,0.53603
AGTGCTAAACACAGCA-1,0.00406,0.127372,0.362115,0.506453
AGTGCTTGCACGAATA-1,0.000178,0.693077,0.019175,0.28757
AGTGGCCCGCAAATGG-1,0.000027,0.559904,0.19138,0.248689
AGTGGCGGCAATTTGA-1,0.000041,0.907964,0.046131,0.045864
AGTGGCGTCTGAAGGT-1,0.00005,0.071676,0.263507,0.664766
AGTGGCTCCGTCGGCC-1,0.00075,0.384799,0.128401,0.48605
AGTGGGAGTATACACG-1,0.000846,0.119397,0.386124,0.493633
AGTGGTGTTACCCGTG-1,0.000024,0.011268,0.55171,0.436998
AGTGGTTGCGTATAGG-1,0.00101,0.335968,0.00101,0.662012
AGTGTATTGCGCATTG-1,0.000088,0.377037,0.000088,0.622788
AGTGTGCTAAGATCGC-1,0.000034,0.137347,0.045786,0.816833
AGTGTGGTCTATTGTG-1,0.000245,0.652891,0.017394,0.329469
AGTTAAGCGGTCCCGG-1,0.001346,0.12072,0.565376,0.312558
AGTTAAGTCAACCGCT-1,0.000041,0.398697,0.04516,0.556102
AGTTACCCTTAAGACT-1,0.000028,0.016436,0.033856,0.94968
AGTTACCGCACATGGT-1,0.000042,0.311727,0.000042,0.688188
AGTTACTCTATCGTGG-1,0.000045,0.591762,0.019229,0.388964
AGTTATTGAAAGGTAA-1,0.000085,0.339937,0.015042,0.644937
AGTTCACCGGTTGGAC-1,0.000032,0.000128,0.000223,0.999618
AGTTCCTATTTATGTT-1,0.013683,0.309422,0.136355,0.540541
AGTTCTGCGTTGTATC-1,0.000042,0.504789,0.06839,0.426779
AGTTGACATCGGCTGG-1,0.000084,0.357874,0.055061,0.586981
AGTTGCGGTCCTCAAC-1,0.00004,0.724442,0.01885,0.256668
AGTTGCTGACTGATAT-1,0.000037,0.083546,0.268345,0.648072
AGTTGGCAAGGCTAGA-1,0.000015,0.719945,0.215354,0.064685
AGTTTGGCACGGGTTG-1,0.000089,0.253622,0.000089,0.746199
AGTTTGGCCAGACCTA-1,0.000053,0.319766,0.000053,0.680129
ATAAACGGACCCGTAA-1,0.005504,0.175838,0.683647,0.135011
ATAAACGTTGCACCAC-1,0.00003,0.507369,0.034235,0.458366
ATAAAGGTCAAGTACG-1,0.014466,0.429839,0.035418,0.520277
ATAAATATTAGCAGCT-1,0.000038,0.234266,0.080023,0.685673
ATAACGCCGGAGGGTC-1,0.002755,0.496354,0.022099,0.478792
ATAACGGAGTCCAACG-1,0.002947,0.599355,0.322406,0.075292
ATAACGTTACCTCCAC-1,0.000474,0.774982,0.000474,0.22407
ATAAGCAAACACCGAG-1,0.000382,0.370184,0.000382,0.629052
ATAAGTACCCGATTGT-1,0.000724,0.615796,0.000724,0.382756
ATAAGTAGGATTCAGA-1,0.000018,0.911642,0.088303,0.000037
ATAAGTAGGGCGACTC-1,0.000012,0.925775,0.003607,0.070606
ATAAGTTACCGCGACG-1,0.005856,0.564825,0.07733,0.351988
ATAATACCGTTAGCCG-1,0.000039,0.093863,0.295367,0.610732
ATAATAGCTGTTGAAT-1,0.021609,0.290509,0.405899,0.281984
ATAATAGTGTAGGGAC-1,0.000008,0.725176,0.000008,0.274808
ATAATCTTGGAGAACC-1,0.000058,0.276251,0.287107,0.436584
ATAATTAGCTAAGTAG-1,0.000112,0.244853,0.437548,0.317486
ATACAGCGTCCACTGA-1,0.000052,0.145309,0.155516,0.699122
ATACCACGGGCAACTT-1,0.000024,0.5468,0.015308,0.437868
ATACCCTCCCGGCCAA-1,0.005207,0.173939,0.208586,0.612269
ATACCCTGGCTCAAAT-1,0.00017,0.473594,0.088769,0.437467
ATACCGTCATCCATAA-1,0.000147,0.618774,0.126877,0.254202
ATACCTAACCAAGAAA-1,0.000041,0.009464,0.973489,0.017006
ATACGACAGATGGGTA-1,0.000084,0.716033,0.007922,0.275961
ATACGCCGGCGAAACC-1,0.000018,0.205375,0.033542,0.761065
ATACGGAACGTCGTTT-1,0.000025,0.883623,0.051229,0.065123
ATACGGGTTTCGATTG-1,0.000042,0.181127,0.507656,0.311175
ATACGGTGAAGATGCA-1,0.000367,0.08485,0.158108,0.756675
ATACGTACTTAGCCAC-1,0.003192,0.413582,0.296486,0.28674
ATACGTCCACTCCTGT-1,0.00011,0.226373,0.093114,0.680403
