Barcode,Topic 1to2,Topic 3to5,Topic 6,Topic 7to8
AAACAAGTATCTCCCA-1,0.522783,0.34173,0.000846,0.134642
AAACACCAATAACTGC-1,0.041234,0.692374,0.011711,0.25468
AAACAGAGCGACTCCT-1,0.000963,0.997592,0.000481,0.000963
AAACAGCTTTCAGAAG-1,0.000242,0.420605,0.005129,0.574024
AAACAGGGTCTATATT-1,0.000599,0.998502,0.0003,0.000599
AAACAGTGTTCCTGGG-1,0.847551,0.003633,0.014869,0.133948
AAACATGGTGAGAGGA-1,0.000876,0.844206,0.000438,0.154481
AAACATTTCCCGGATT-1,0.140443,0.577194,0.00067,0.281693
AAACCACTACACAGAT-1,0.427966,0.004816,0.001606,0.565613
AAACCCGAACGAAATC-1,0.023133,0.920782,0.000058,0.056026
AAACCGGAAATGTTAA-1,0.12311,0.675552,0.000069,0.201268
AAACCGGGTAGGTACC-1,0.116072,0.662814,0.045825,0.17529
AAACCGTTCGTCCAGG-1,0.000299,0.16148,0.00015,0.838072
AAACCTAAGCAGCCGG-1,0.013177,0.019773,0.006592,0.960458
AAACGAAGAACATACC-1,0.048298,0.061527,0.031832,0.858343
AAACGAAGATGGAGTA-1,0.000287,0.837741,0.000143,0.16183
AAACGACAGTCTTGCC-1,0.393194,0.086146,0.095744,0.424916
AAACGAGACGGTTGAT-1,0.442849,0.075279,0.004318,0.477554
AAACGCCCGAGATCGG-1,0.197349,0.799967,0.000894,0.001789
AAACGGGCGTACGGGT-1,0.000956,0.517472,0.07285,0.408722
AAACGGGTTGGTATCC-1,0.662679,0.026526,0.041347,0.269448
AAACGGTTGCGAACTG-1,0.005822,0.663092,0.002911,0.328175
AAACGTGTTCGCCCTA-1,0.001066,0.915306,0.082563,0.001066
AAACTAACGTGGCGAC-1,0.009631,0.512093,0.468641,0.009635
AAACTCGGTTCGCAAT-1,0.00491,0.379797,0.002456,0.612837
AAACTCGTGATATAAG-1,0.00062,0.622068,0.098372,0.27894
AAACTGCTGGCTCCAA-1,0.00051,0.614728,0.000255,0.384507
AAACTTAATTGCACGC-1,0.000427,0.897377,0.000213,0.101983
AAACTTGCAAACGTAT-1,0.000108,0.420489,0.000054,0.579349
AAAGAATGACCTTAGA-1,0.614723,0.319822,0.007113,0.058343
AAAGACATGAAGTTTA-1,0.078972,0.503044,0.000308,0.417676
AAAGACCCAAGTCGCG-1,0.154873,0.604345,0.001098,0.239684
AAAGACTGGGCGCTTT-1,0.000242,0.999395,0.000121,0.000242
AAAGCTTGCCTACATA-1,0.000306,0.359426,0.000153,0.640115
AAAGGCCCTATAATAC-1,0.104619,0.615188,0.000109,0.280083
AAAGGCTACGGACCAT-1,0.002198,0.26633,0.001099,0.730373
AAAGGCTCTCGCGCCG-1,0.001827,0.181307,0.000914,0.815952
AAAGGGATGTAGCAAG-1,0.004913,0.987719,0.002458,0.00491
AAAGGGCAGCTTGAAT-1,0.238816,0.715816,0.018194,0.027174
AAAGGTAAGCTGTACC-1,0.004728,0.423552,0.002362,0.569358
AAAGGTCAACGACATG-1,0.135692,0.501898,0.000646,0.361765
AAAGTAGCATTGCTCA-1,0.000659,0.770004,0.17039,0.058946
AAAGTCACTGATGTAA-1,0.000194,0.843448,0.000097,0.156262
AAAGTGTGATTTATCT-1,0.000546,0.779654,0.000273,0.219527
AAAGTTGACTCCCGTA-1,0.00048,0.864538,0.00024,0.134742
AAATAACCATACGGGA-1,0.001002,0.997496,0.000501,0.001002
AAATAAGGTAGTGCCC-1,0.141978,0.60321,0.21195,0.042863
AAATACCTATAAGCAT-1,0.003211,0.991974,0.001605,0.00321
AAATAGCTTAGACTTT-1,0.002555,0.623556,0.001277,0.372612
AAATAGGGTGCTATTG-1,0.005567,0.986083,0.002782,0.005567
AAATCACTCCTAAACG-1,0.207167,0.613511,0.012689,0.166633
AAATCCGATACACGCC-1,0.003737,0.856031,0.001868,0.138365
AAATCGCGGAAGGAGT-1,0.00021,0.239979,0.000105,0.759705
AAATCGTGTACCACAA-1,0.007361,0.981589,0.003681,0.007369
AAATCTAGCCCTGCTA-1,0.00069,0.7488,0.115084,0.135426
AAATCTGCCCGCGTCC-1,0.000525,0.997292,0.000263,0.00192
AAATGATTCGATCAGC-1,0.004244,0.759291,0.232219,0.004246
AAATGGCATGTCTTGT-1,0.040164,0.250371,0.04781,0.661654
AAATGGCCCGTGCCCT-1,0.000465,0.649787,0.000232,0.349517
AAATGGTCAATGTGCC-1,0.00501,0.987476,0.002504,0.00501
AAATGTGGGTGCTCCT-1,0.051809,0.308492,0.00045,0.639248
AAATTACACGACTCTG-1,0.000735,0.998164,0.000367,0.000734
AAATTACCTATCGATG-1,0.000998,0.798949,0.000499,0.199554
AAATTCCAGGTCCAAA-1,0.658394,0.324928,0.000053,0.016625
AAATTGATAGTCCTTT-1,0.022752,0.365728,0.000207,0.611313
AAATTGCGGCGGTTCT-1,0.03126,0.922544,0.000083,0.046113
AAATTGGTGAGAAGCA-1,0.314639,0.549307,0.134113,0.001942
AAATTTACCGAAATCC-1,0.008351,0.84132,0.141977,0.008352
AAATTTGCGGGTGTGG-1,0.000634,0.770811,0.000317,0.228237
AACAACTGGTAGTTGC-1,0.000841,0.908453,0.00042,0.090286
AACAATACATTGTCGA-1,0.000195,0.279233,0.000098,0.720474
AACAATTACTCTACGC-1,0.198612,0.464835,0.233332,0.103221
AACACACGCTCGCCGC-1,0.439935,0.368116,0.002913,0.189036
AACACGACTGTACTGA-1,0.039593,0.70861,0.000235,0.251562
AACACGAGACGCGGCC-1,0.000115,0.467297,0.000058,0.53253
AACACGCGGCCGCGAA-1,0.162157,0.787986,0.000084,0.049774
AACAGCTGTGTGGCAA-1,0.001658,0.995855,0.000829,0.001658
AACAGGAAATCGAATA-1,0.025605,0.349161,0.055525,0.569708
AACAGGATGGGCCGCG-1,0.002505,0.721813,0.001252,0.27443
AACAGGTAGTATGGAT-1,0.363373,0.561146,0.013848,0.061633
AACATATCAACTGGTG-1,0.854974,0.14278,0.000058,0.002188
AACATCGATACGTCTA-1,0.017876,0.955308,0.00894,0.017876
AACATTGAAGTTGATC-1,0.56892,0.430749,0.00011,0.00022
AACATTGGTCAGCCGT-1,0.103249,0.652674,0.000225,0.243852
AACATTGTGACTCGAG-1,0.002385,0.994037,0.001192,0.002385
AACCAGTATCACTCTT-1,0.15371,0.834173,0.004038,0.008079
AACCATAGGGTTGAAC-1,0.069126,0.864285,0.000135,0.066454
AACCATGGGATCGCTA-1,0.061717,0.693565,0.002756,0.241962
AACCCATCCCATGATC-1,0.000483,0.799511,0.000242,0.199764
AACCCGACAACCCGTG-1,0.15084,0.725116,0.000086,0.123959
AACCCGAGCAGAATCG-1,0.31426,0.684525,0.000405,0.000811
AACCCGATAGGGCTTC-1,0.211952,0.784943,0.001035,0.00207
AACCCTACTGTCAATA-1,0.079239,0.354143,0.00013,0.566488
AACCCTGGTGGAACCA-1,0.037368,0.816732,0.000182,0.145717
AACCGAGCTTGGTCAT-1,0.084526,0.737699,0.000251,0.177525
AACCGCTAAGGGATGC-1,0.000389,0.102335,0.321383,0.575892
AACCGTTGTGTTTGCT-1,0.597451,0.345744,0.000114,0.05669
AACCTAAAGCCGTCCG-1,0.052035,0.135795,0.009762,0.802408
AACCTCGCTTTAGCCC-1,0.016703,0.958249,0.008348,0.0167
AACCTGTCACGGAATT-1,0.347565,0.648347,0.000032,0.004057
AACCTTTAAATACGGT-1,0.002783,0.993043,0.001392,0.002782
AACCTTTACGACGTCT-1,0.000901,0.54097,0.00045,0.457679
AACGAAAGTCGTCCCA-1,0.000307,0.896766,0.000154,0.102773
AACGATAATGCCGTAG-1,0.065118,0.045389,0.103264,0.786229
AACGATAGAAGGGCCG-1,0.102778,0.859832,0.000322,0.037069
AACGATATGTCAACTG-1,0.001056,0.915663,0.082224,0.001056
AACGCATGATCTGGGT-1,0.537913,0.353391,0.060974,0.047722
AACGCGAACGGCAACA-1,0.084533,0.79081,0.122855,0.001802
AACGCGACCTTGGGCG-1,0.003736,0.387905,0.001869,0.60649
AACGCGGTCTCCAGCC-1,0.002431,0.667028,0.001215,0.329325
AACGCTGTTGCTGAAA-1,0.004818,0.987956,0.002408,0.004818
AACGGACGTACGTATA-1,0.002982,0.814204,0.001491,0.181324
AACGGCCATCTCCGGT-1,0.153116,0.125668,0.000106,0.721109
AACGTACTGTGGGTAC-1,0.161352,0.611546,0.000458,0.226644
AACGTCAGACTAGTGG-1,0.006112,0.984727,0.003053,0.006108
AACGTGATGAAGGACA-1,0.001159,0.997102,0.00058,0.001159
AACGTGCGAAAGTCTC-1,0.003796,0.990512,0.001897,0.003795
AACGTTATCAGCACCT-1,0.106728,0.892865,0.000136,0.000271
AACTACCCGTTTGTCA-1,0.185599,0.680336,0.002052,0.132012
AACTAGGCTTGGGTGT-1,0.001271,0.833285,0.000636,0.164808
AACTCAAGTTAATTGC-1,0.284428,0.697019,0.017629,0.000924
AACTCCAGAGCGTGTT-1,0.006108,0.535886,0.003053,0.454953
AACTCCTAATCCCATG-1,0.117848,0.637801,0.000377,0.243974
AACTCGATAAACACGT-1,0.29344,0.705412,0.000383,0.000766
AACTCGATGGCGCAGT-1,0.056254,0.407879,0.09985,0.436017
AACTCTCAATAGAGCG-1,0.030564,0.523446,0.091463,0.354527
AACTCTCAGTGTGCTC-1,0.000582,0.356076,0.000291,0.64305
AACTGAGGTCAGCGTC-1,0.006764,0.19962,0.003383,0.790232
AACTGAGTTATACTGA-1,0.25172,0.684459,0.000045,0.063777
AACTGATATTAGGCCT-1,0.02584,0.22632,0.033044,0.714796
AACTGGGTCCCGACGT-1,0.003431,0.717892,0.001716,0.276961
AACTGGGTTCGAGCCG-1,0.001118,0.001677,0.000559,0.996646
AACTTCTGCGTCTATC-1,0.19256,0.806145,0.000432,0.000864
AACTTGCCCGTATGCA-1,0.050758,0.918876,0.000209,0.030158
AACTTTCTCGATCATG-1,0.000956,0.713038,0.000478,0.285528
AAGAAAGTTTGATGGG-1,0.180519,0.6599,0.000043,0.159538
AAGAAATCACCAGATT-1,0.05723,0.184279,0.00009,0.758401
AAGAAGGATCAGTTAG-1,0.066837,0.448551,0.109793,0.374819
AAGACATACGTGGTTT-1,0.18119,0.6644,0.0003,0.15411
AAGACCAAATAACTCA-1,0.136429,0.709652,0.000087,0.153833
AAGACCCAACTGAACA-1,0.005827,0.485137,0.002913,0.506123
AAGACTAACCCGTTGT-1,0.430712,0.203775,0.018058,0.347455
AAGACTCACGCCCACT-1,0.001855,0.002783,0.000928,0.994434
AAGACTGCAAGCTACT-1,0.005963,0.755196,0.232878,0.005964
AAGAGATGAATCGGTA-1,0.34812,0.528649,0.026604,0.096626
AAGAGGATGTACGCGA-1,0.00883,0.888587,0.000077,0.102506
AAGAGGCATGGATCGC-1,0.092483,0.684515,0.000438,0.222564
AAGAGGCCCTTTGGAA-1,0.240228,0.693023,0.000098,0.066652
AAGATGGCACCGGACC-1,0.125681,0.602437,0.025092,0.24679
AAGATTGGCGGAACGT-1,0.00097,0.997574,0.000485,0.00097
AAGCACCCTGCGTATC-1,0.180676,0.648571,0.002846,0.167907
AAGCATACTCTCCTGA-1,0.005963,0.920441,0.00298,0.070615
AAGCCACTTGCAGGTA-1,0.151313,0.557588,0.198125,0.092973
AAGCCGAAGCGGTTTA-1,0.373719,0.624967,0.000438,0.000876
AAGCCGCCGTGAAATC-1,0.00026,0.975631,0.00013,0.023979
AAGCCGCTTTACCTTG-1,0.000928,0.799529,0.000464,0.19908
AAGCCGGAGAGCAGGA-1,0.434417,0.462947,0.000241,0.102395
AAGCGCAGGGCTTTGA-1,0.00321,0.587508,0.001607,0.407676
AAGCGGAGTGCGCGCA-1,0.071316,0.924557,0.001376,0.002751
AAGCGGCGTCATGGGT-1,0.010436,0.973912,0.00522,0.010432
AAGCGTCCCTCATCGA-1,0.001089,0.997278,0.000544,0.001089
AAGCTAGATCGAGTAA-1,0.00313,0.422546,0.18786,0.386463
AAGCTATGGATTGACC-1,0.344725,0.4739,0.000161,0.181214
AAGCTCTTTCATGGTG-1,0.113408,0.584045,0.002782,0.299765
AAGGAGAACTTATAAG-1,0.001252,0.189875,0.000626,0.808247
AAGGAGCGGTTGGTGC-1,0.000249,0.000374,0.000125,0.999252
AAGGATCGATCGCTTG-1,0.105028,0.841873,0.000131,0.052968
AAGGATGAGGGACCTC-1,0.000603,0.493792,0.000302,0.505303
AAGGCAGGCTGTCTCC-1,0.062422,0.930996,0.006335,0.000247
AAGGCGCGTAAAGCTT-1,0.196622,0.654818,0.00107,0.14749
AAGGCTGTGCTCATCG-1,0.000975,0.451406,0.000487,0.547132
AAGGGAACGACTGGCT-1,0.030839,0.907327,0.004268,0.057566
AAGGGACAGATTCTGT-1,0.124127,0.081163,0.560047,0.234663
AAGGGACTATGCATTC-1,0.039374,0.079536,0.000117,0.880972
AAGGGTTTGATTTCAG-1,0.305006,0.535581,0.000415,0.158998
AAGGTATCCTAATATA-1,0.000284,0.522715,0.000142,0.47686
AAGGTGATAAACCAGC-1,0.031035,0.464008,0.035713,0.469244
AAGTAGAAGACCGGGT-1,0.076839,0.922482,0.000226,0.000453
AAGTAGTGACGCGAGG-1,0.240617,0.604851,0.149525,0.005008
AAGTCAATTGTCGTCA-1,0.001776,0.29958,0.278382,0.420263
AAGTCTAGTAGCTGCC-1,0.000879,0.548646,0.000439,0.450036
AAGTGACGACCGAATT-1,0.629669,0.283023,0.000047,0.087261
AAGTGAGTCGGGTTTA-1,0.005445,0.986386,0.002723,0.005447
AAGTGCAAAGGTAGAC-1,0.440253,0.559677,0.000024,0.000047
AAGTGCCTTGACTGTA-1,0.996883,0.000241,0.002716,0.000161
AAGTGCGTTAGAATCT-1,0.000481,0.788993,0.00024,0.210286
AAGTGCTTCTCTATTG-1,0.008352,0.25042,0.004175,0.737052
AAGTGTTTGGAGACGG-1,0.002197,0.480513,0.001099,0.516192
AAGTTCACTCCAAGCT-1,0.007154,0.982109,0.00358,0.007157
AAGTTCAGTCTGCGTA-1,0.039592,0.493172,0.000187,0.467049
AAGTTCGGCCAACAGG-1,0.000657,0.496577,0.000329,0.502437
AAGTTGTGATGTTATA-1,0.505585,0.214473,0.000203,0.279739
AAGTTTACTAATGGCA-1,0.009273,0.358419,0.004637,0.627672
AAGTTTATGGGCCCAA-1,0.000517,0.27122,0.000259,0.728004
AATAACACTAGAACAA-1,0.000379,0.431686,0.00019,0.567745
AATAAGTCCTCGAGAC-1,0.005441,0.49162,0.163728,0.339211
AATAATCTTCGTATCG-1,0.000411,0.934112,0.000206,0.065271
AATACAATGTTTCAGG-1,0.023928,0.856832,0.118999,0.000241
AATACCGGAGGGCTGT-1,0.002052,0.994869,0.001026,0.002052
AATAGAACAGAGTGGC-1,0.000621,0.654158,0.000311,0.34491
AATAGAATCTGTTTCA-1,0.001258,0.996854,0.000629,0.001258
AATAGCAAGCCTCCTG-1,0.292083,0.699749,0.002723,0.005446
AATAGCTACCGCGTGC-1,0.158188,0.828394,0.004473,0.008946
AATAGTCCGTCCCGAC-1,0.000524,0.458349,0.057254,0.483873
AATAGTCGCGAGTCGG-1,0.028415,0.948573,0.000088,0.022923
AATATCCTAGCAAACT-1,0.05098,0.13465,0.00435,0.81002
AATATCGAATCAATGC-1,0.19351,0.380511,0.001361,0.424618
AATATCGAGGGTTCTC-1,0.000301,0.116643,0.004154,0.878902
AATCAGACTGCAGGAC-1,0.070431,0.760223,0.036395,0.132951
AATCAGGTTTCATTTA-1,0.00214,0.305901,0.00107,0.690888
AATCATGTAAAGACTC-1,0.002004,0.308394,0.001002,0.688601
AATCCAAGGGCCTGAG-1,0.006268,0.131324,0.000064,0.862344
AATCCATGCAAGGGTG-1,0.144138,0.478215,0.00022,0.377426
AATCGCCTCAGCGCCA-1,0.001311,0.652127,0.000655,0.345906
AATCGCGCAGAGGACT-1,0.124707,0.839536,0.000096,0.03566
AATCGGGACACTACGA-1,0.074288,0.540886,0.000803,0.384023
AATCGTGAGCCGAGCA-1,0.078409,0.176831,0.008036,0.736724
AATCTAGGTTTACTTG-1,0.041446,0.64161,0.000294,0.31665
AATCTATGCCGGAGCC-1,0.114147,0.800183,0.069124,0.016546
AATCTGCGTTGGGACG-1,0.001143,0.997142,0.000572,0.001144
AATCTGGCTTTCTAGT-1,0.026116,0.83027,0.000489,0.143125
AATCTGGGTAGACCCT-1,0.001855,0.313896,0.000928,0.683321
AATGACAGCAATGTCT-1,0.101993,0.585807,0.153251,0.158949
AATGACGTAGGATGTC-1,0.001669,0.995827,0.000835,0.001669
AATGACTGTCAGCCGG-1,0.001912,0.101265,0.000956,0.895868
AATGATGATACGCTAT-1,0.001913,0.99522,0.000956,0.001912
AATGATGCGACTCCTG-1,0.006769,0.47377,0.076341,0.44312
AATGCAACCGGGTACC-1,0.002142,0.300885,0.00107,0.695904
AATGCACCAAGCAATG-1,0.004471,0.98882,0.002235,0.004473
AATGGCCGCCAATGCG-1,0.501089,0.155569,0.000599,0.342743
AATGGTCCACCGTTCA-1,0.050636,0.913431,0.035801,0.000131
AATGGTTCTCACAAGC-1,0.202518,0.611292,0.022267,0.163922
AATGTATGGCACTGTA-1,0.167724,0.52305,0.000218,0.309008
AATGTGCCCGAGGTGT-1,0.000835,0.997913,0.000417,0.000835
AATGTGCTAATCTGAG-1,0.003433,0.572306,0.001715,0.422545
AATGTTGTCGTGAGAC-1,0.001066,0.310038,0.000533,0.688364
AATTAAAGGTCGGCGT-1,0.006108,0.686925,0.003053,0.303914
AATTAACGGATTTCCA-1,0.000692,0.922737,0.075879,0.000692
AATTACGAGACCCATC-1,0.001354,0.446478,0.000677,0.551491
AATTAGCGCTGCAGCG-1,0.004638,0.760823,0.002318,0.232221
AATTCATAAGGGATCT-1,0.000694,0.431869,0.000347,0.567091
AATTCATTGTCATGCA-1,0.409608,0.318868,0.000146,0.271378
AATTCCAACTTGGTGA-1,0.315112,0.683442,0.000482,0.000963
AATTCCAAGCATGTAC-1,0.008631,0.978417,0.004316,0.008636
AATTCGATTCGAGGAT-1,0.002947,0.004421,0.001473,0.991159
AATTCTAGAGTTAGGC-1,0.004105,0.391394,0.002052,0.602448
AATTGAACGCTCTGGT-1,0.000706,0.200003,0.000353,0.798939
AATTGCAGCAATCGAC-1,0.142772,0.698746,0.000732,0.15775
AATTGCGTGGATTACA-1,0.000585,0.982087,0.016742,0.000585
AATTGTGGTTGCCAAA-1,0.001187,0.982903,0.000593,0.015317
AATTTGGGACATAGTA-1,0.001565,0.996087,0.000783,0.001566
AATTTGGTTCCAAAGA-1,0.108802,0.832885,0.000227,0.058085
ACAAACCATGCGTCCT-1,0.00121,0.996975,0.000605,0.00121
ACAAACCGACAAGGCG-1,0.208795,0.024674,0.000058,0.766473
ACAAAGAAGGTAGGCC-1,0.00026,0.158597,0.00013,0.841013
ACAAAGCATGACCTAG-1,0.196804,0.615582,0.183759,0.003855
ACAAATCGCACCGAAT-1,0.006258,0.984351,0.003128,0.006262
ACAAATGGTAGTGTTT-1,0.062069,0.32896,0.000119,0.608852
ACAAATTCAGATCTGA-1,0.011927,0.613469,0.005962,0.368643
ACAACAGCATGAGCTA-1,0.00321,0.61313,0.083313,0.300346
ACAACGGTCCCTGCGA-1,0.862999,0.100554,0.035999,0.000448
ACAAGCAGTGCCTAGC-1,0.000399,0.999001,0.0002,0.000399
ACAAGGAAATCCGCCC-1,0.158032,0.605082,0.000763,0.236122
ACAAGGACAAGAGGTT-1,0.557195,0.006832,0.002276,0.433697
ACAAGGATGCTTTAGG-1,0.00374,0.745314,0.001869,0.249077
ACAAGGCCTACCAGCC-1,0.002159,0.416355,0.001079,0.580407
ACAAGGGCAGGCTCTG-1,0.001605,0.995987,0.000803,0.001605
ACAATAGTCGTACGTT-1,0.000385,0.999037,0.000193,0.000385
ACAATCGATCTTTATA-1,0.032248,0.00616,0.002052,0.95954
ACAATGAATACGGAGA-1,0.001536,0.933262,0.000768,0.064434
ACAATGATTCTTCTAC-1,0.229446,0.526724,0.005963,0.237867
ACAATTGTGTCTCTTT-1,0.005332,0.619568,0.369773,0.005328
ACAATTTGAGCAGTGG-1,0.00675,0.449431,0.022407,0.521412
ACAATTTGGCCATATT-1,0.144465,0.828552,0.000107,0.026876
ACACAAAGACGGGTGG-1,0.180353,0.150406,0.000137,0.669103
ACACAAATATTCCTAG-1,0.098075,0.896481,0.001814,0.00363
ACACACCAGGACCAGT-1,0.000668,0.399758,0.272691,0.326882
ACACACTTTCTACACG-1,0.004912,0.940542,0.002457,0.052089
ACACATGATCAAATCT-1,0.312138,0.550209,0.00022,0.137432
ACACCACATAATTAGC-1,0.050713,0.503403,0.000319,0.445565
ACACCCAGCATGCAGC-1,0.000361,0.54211,0.015445,0.442085
ACACCCGAGAAATCCG-1,0.139634,0.856855,0.00117,0.002341
ACACCCGTAAATCTGT-1,0.334758,0.473562,0.000094,0.191586
ACACCGGTCTGACCGC-1,0.122507,0.779911,0.083243,0.014339
ACACCTTAAGTAGGGC-1,0.315228,0.348828,0.122567,0.213377
ACACCTTACTACTTGC-1,0.132245,0.802727,0.00598,0.059047
ACACGAGACTCCTTCT-1,0.070204,0.357208,0.332117,0.240472
ACACGGCACTATGCAT-1,0.172128,0.598509,0.000183,0.22918
ACACGGGAACTTAGGG-1,0.000312,0.272912,0.000156,0.72662
ACACGTAGGCCACAAG-1,0.072509,0.779709,0.005685,0.142097
ACACTGATCAAGGTGT-1,0.006768,0.983079,0.003383,0.006771
ACACTGGGACAGTCGT-1,0.00062,0.892226,0.00031,0.106845
ACAGAACTGAGAACAA-1,0.14122,0.719351,0.000101,0.139328
ACAGATTAGGTTAGTG-1,0.010437,0.25554,0.342434,0.391589
ACAGCATAGAGCCAGT-1,0.000544,0.974537,0.024374,0.000544
ACAGCGACATTCTCAT-1,0.436275,0.220562,0.000114,0.343048
ACAGCGCACCCGCAGC-1,0.001354,0.878343,0.118949,0.001354
ACAGGCACGGATCCTT-1,0.139428,0.072305,0.000846,0.787422
ACAGGCTTGCCCGACT-1,0.128844,0.005781,0.001926,0.86345
ACAGGTGGAGGTGAGG-1,0.00086,0.974513,0.00043,0.024196
ACAGTAATACAACTTG-1,0.036259,0.370149,0.00014,0.593452
ACAGTATACCGTGGGA-1,0.036543,0.894985,0.000708,0.067763
ACAGTGCAGCGCATTT-1,0.084297,0.368247,0.00149,0.545966
ACATAAGTCGTGGTGA-1,0.000277,0.370199,0.078452,0.551072
ACATAATAAGGCGGTG-1,0.000604,0.498824,0.000302,0.50027
ACATCAGCTGGGACGC-1,0.002723,0.993193,0.001361,0.002722
ACATCCCGGCCATACG-1,0.091956,0.001917,0.000639,0.905489
ACATCCTGGTAACTGT-1,0.364472,0.359162,0.000193,0.276173
ACATCGATCGTTTACC-1,0.000559,0.123281,0.000279,0.875881
ACATCGGTCAGCCGCG-1,0.000914,0.997715,0.000457,0.000914
ACATCGTATGCAATGG-1,0.020233,0.000385,0.000128,0.979254
ACATCGTTAACCTAGT-1,0.001084,0.779266,0.000542,0.219107
ACATCTCAACGCGTAA-1,0.001585,0.353091,0.000793,0.644531
ACATGCTTACGGCAGC-1,0.000595,0.656117,0.000297,0.34299
ACATGGCGCCAAAGTA-1,0.002237,0.752597,0.086551,0.158614
ACATGGCTCAATTTAG-1,0.000692,0.998271,0.000346,0.000692
ACATTAGTTTATATCC-1,0.004106,0.838925,0.002052,0.154917
ACATTCGCGCGGAATA-1,0.100928,0.289528,0.072479,0.537065
ACCAAACACCCAGCGA-1,0.000336,0.1966,0.043452,0.759612
ACCAAACTAGAAATCC-1,0.091373,0.27433,0.000112,0.634185
ACCAACACCACACACT-1,0.004042,0.006061,0.002019,0.987878
ACCAACCGCACTCCAC-1,0.002455,0.173306,0.001228,0.823011
ACCAACGCTTATTTAT-1,0.000614,0.126651,0.000307,0.872428
ACCAAGAACGCGTGTC-1,0.2108,0.636484,0.000269,0.152448
ACCAATATGCAAGTTA-1,0.005444,0.98639,0.002722,0.005444
ACCACAACTCAGAACA-1,0.000301,0.201472,0.00015,0.798077
ACCACAAGTTTCTATC-1,0.042704,0.863836,0.000236,0.093225
ACCACCAATGTAACAA-1,0.001616,0.749652,0.000808,0.247925
ACCACCCTCTCTTCTA-1,0.353469,0.00324,0.001079,0.642212
ACCACGTGCAGCTATA-1,0.001716,0.265784,0.000858,0.731642
ACCAGCCCGGTCTTTG-1,0.001764,0.304322,0.000882,0.693032
ACCAGGAGTGTGATCT-1,0.001897,0.695218,0.000949,0.301935
ACCAGTGCCCGGTCAA-1,0.011384,0.68458,0.005693,0.298344
ACCAGTGCGGGAGACG-1,0.256203,0.679718,0.054063,0.010016
ACCATATCCGCAATAA-1,0.131206,0.573883,0.000352,0.294559
ACCATCCGCCAACTAG-1,0.000169,0.036539,0.000085,0.963208
ACCATCGTATATGGTA-1,0.001842,0.824092,0.000921,0.173146
ACCCAACGCCCGTGGC-1,0.000663,0.9505,0.048175,0.000662
ACCCACCTACATGCTC-1,0.300505,0.688142,0.000105,0.011248
ACCCATCTTGAGGGTA-1,0.363316,0.552598,0.001408,0.082678
ACCCATTTGTCCCTCT-1,0.090951,0.319931,0.000101,0.589017
ACCCGAGCGAAATTAC-1,0.018443,0.85177,0.000441,0.129346
ACCCGATTGGTTCCGA-1,0.002783,0.196126,0.001392,0.7997
ACCCGGAAACTCCCAG-1,0.000284,0.35307,0.000142,0.646503
ACCCGGAGCACCACAA-1,0.004903,0.993861,0.000412,0.000824
ACCCGGATGACGCATC-1,0.677992,0.296467,0.000112,0.025429
ACCCGGTTACACTTCC-1,0.000554,0.669528,0.015066,0.314851
ACCCGTAGCAGAGAAT-1,0.065777,0.81808,0.000099,0.116044
ACCCGTAGTCTAGTTG-1,0.360698,0.49965,0.002663,0.136988
ACCCGTGTCATCAGTA-1,0.00544,0.490851,0.002723,0.500986
ACCCTATAGGACTGAG-1,0.460745,0.475392,0.000016,0.063847
ACCCTATGCCATATCG-1,0.001605,0.5407,0.000802,0.456893
ACCCTCCCGTCAGGGC-1,0.058809,0.105464,0.082606,0.753122
ACCCTCCCTTGCTATT-1,0.017879,0.955292,0.008939,0.01789
ACCCTGGTAACGCCCT-1,0.895077,0.104176,0.000249,0.000498
ACCCTTCATCTGCGAA-1,0.000365,0.372661,0.000183,0.626792
ACCCTTGCCTGGGTCG-1,0.001159,0.997101,0.00058,0.00116
ACCCTTTAGTTCTCCA-1,0.011926,0.808406,0.005959,0.173709
ACCGAAAGGGCCCTGC-1,0.0002,0.825675,0.118376,0.055749
ACCGAAGAGTCTGGTT-1,0.06838,0.736794,0.033164,0.161662
ACCGACACATCTCCCA-1,0.000803,0.788657,0.000401,0.210139
ACCGACTGAGTCCCAC-1,0.034257,0.00035,0.398922,0.566472
ACCGAGTCTCCTTATT-1,0.999877,0.000061,0.00002,0.000041
ACCGATAGGCATAACC-1,0.003431,0.745033,0.248104,0.003431
ACCGATATTTAATCAT-1,0.198773,0.664125,0.000438,0.136664
ACCGATGGTAGCATCG-1,0.000537,0.702972,0.000269,0.296222
ACCGCAATAACTGCCT-1,0.13567,0.858551,0.001927,0.003852
ACCGCGGTGGAAGTCG-1,0.193954,0.569938,0.001216,0.234892
ACCGCTAGTCATTGGT-1,0.086931,0.802949,0.000485,0.109634
ACCGGGCCTTTGTTGA-1,0.714616,0.085899,0.000782,0.198703
ACCGGTCAGGTACACC-1,0.524771,0.453528,0.021432,0.000269
ACCGGTCTGAGTACGG-1,0.19248,0.328322,0.001035,0.478163
ACCGTCCACTGGGCCC-1,0.339678,0.426169,0.000127,0.234026
ACCGTGACCACGTGGG-1,0.035296,0.906111,0.015001,0.043593
ACCGTTCCCGCTCTGA-1,0.001801,0.527072,0.000901,0.470226
ACCTAAGTACCTTTCA-1,0.086904,0.826136,0.000268,0.086693
ACCTAATCGACTTCCT-1,0.00253,0.993676,0.001265,0.00253
ACCTACAGTATGTGGT-1,0.392816,0.564744,0.000113,0.042328
ACCTACTATAAATCTA-1,0.003339,0.565621,0.001669,0.42937
ACCTCCGCCCTCGCTG-1,0.062395,0.649021,0.000265,0.288318
ACCTCCGTTATTCACC-1,0.490459,0.133844,0.00026,0.375437
ACCTCGAACTTATGCT-1,0.001252,0.785558,0.160055,0.053134
ACCTGCGTGTCATGTT-1,0.000543,0.998642,0.000272,0.000543
ACCTTTCCTTTAGAAG-1,0.767614,0.030341,0.000103,0.201942
ACGAAATGGGCGGCAC-1,0.0007,0.998251,0.00035,0.0007
ACGACCCATGAGTTGC-1,0.166858,0.408918,0.10536,0.318864
ACGACTGGTCATACTC-1,0.002947,0.83764,0.001473,0.15794
ACGAGAACCCATCACG-1,0.03618,0.963259,0.000187,0.000374
ACGAGATATTTGCTTA-1,0.192766,0.413355,0.092634,0.301245
ACGAGGATACCACTCT-1,0.000688,0.99828,0.000344,0.000688
ACGAGGTTTACAACGT-1,0.000431,0.654006,0.000216,0.345348
ACGAGTACGGATGCCC-1,0.000406,0.053497,0.074855,0.871243
ACGATACATAGAACTA-1,0.000525,0.304016,0.000263,0.695196
ACGATCATACATAGAG-1,0.000775,0.536634,0.000388,0.462203
ACGATCATCTTGTAAA-1,0.000621,0.951299,0.000311,0.047769
ACGATGCATATGTTAT-1,0.002752,0.99312,0.001376,0.002752
ACGATGGATCCGATGC-1,0.043605,0.811469,0.000256,0.144671
ACGCAAACTAATAGAT-1,0.069483,0.651675,0.0004,0.278442
ACGCAATCACTACAGC-1,0.265088,0.732689,0.000741,0.001482
ACGCATAAATGACATG-1,0.169206,0.303778,0.136341,0.390674
ACGCATACGTTTACTA-1,0.000819,0.766529,0.000409,0.232243
ACGCATTCGTGAGTAC-1,0.008954,0.977629,0.004472,0.008945
ACGCCAGATGATTTCT-1,0.148024,0.849274,0.000901,0.001801
ACGCCCAGCTGTCGAT-1,0.479796,0.001227,0.11442,0.404556
ACGCCGCTAGACGACC-1,0.001133,0.860316,0.000567,0.137984
ACGCGAAGTCAGACGA-1,0.004041,0.9899,0.00202,0.00404
ACGCGCTACACAGGGT-1,0.000318,0.949538,0.011037,0.039107
ACGCTAGTATCAGTGC-1,0.253012,0.422883,0.000272,0.323834
ACGCTAGTGATACACT-1,0.025038,0.143533,0.019112,0.812316
ACGCTGTGAGGCGTAG-1,0.149721,0.649991,0.000172,0.200116
ACGCTTAGTGTCTCTC-1,0.217726,0.001977,0.27562,0.504677
ACGGACGCAGCGACAA-1,0.000425,0.9785,0.000213,0.020863
ACGGACTCTCAAAGCG-1,0.000316,0.102611,0.000158,0.896915
ACGGAGCGCAAATTAC-1,0.001399,0.002099,0.000699,0.995803
ACGGATGGTGCGGATA-1,0.199125,0.791242,0.003211,0.006423
ACGGCACTTGCTTGGG-1,0.001133,0.997167,0.000567,0.001133
ACGGCCAACATGGACT-1,0.000473,0.00071,0.000237,0.99858
ACGGCGACGATGGGAA-1,0.220336,0.556156,0.000531,0.222978
ACGGCGGGTTGCCCTG-1,0.168853,0.655115,0.102927,0.073104
ACGGCTGGATGTAGAA-1,0.000228,0.844432,0.060214,0.095125
ACGGGAGTGTCGGCCC-1,0.404878,0.594772,0.000116,0.000233
ACGGGCGTATGCGACA-1,0.349568,0.63486,0.000297,0.015274
ACGGGTTGTGACCTGT-1,0.073489,0.850947,0.000263,0.0753
ACGGTCACCGAGAACA-1,0.129921,0.760399,0.034149,0.075532
ACGTACAGATTTCTCT-1,0.182891,0.564296,0.00033,0.252483
ACGTACTTTGGCACGG-1,0.905915,0.033889,0.005326,0.05487
ACGTAGATTGCTGATG-1,0.475882,0.512005,0.004038,0.008076
ACGTAGGAGAGTCGCT-1,0.81225,0.093945,0.031274,0.062531
ACGTATTACTCCGATC-1,0.000338,0.776255,0.000169,0.223238
ACGTCCTAAACGAGAT-1,0.057056,0.001261,0.00042,0.941263
ACGTCGGGCAACTCGG-1,0.000222,0.262051,0.155006,0.582721
ACGTCTCGTTCCGGGA-1,0.000952,0.987579,0.000476,0.010993
ACGTGACAAAGTAAGT-1,0.014395,0.285025,0.034333,0.666248
ACGTGCGCCTCGTGCA-1,0.001659,0.445568,0.000829,0.551944
ACGTGGTCGAATGTGC-1,0.010012,0.015022,0.00501,0.969957
ACGTTAATGTCGAAGA-1,0.001368,0.996579,0.000684,0.001369
ACGTTAGATTTGCCCG-1,0.154041,0.843069,0.000963,0.001926
ACGTTATTGGTCACTC-1,0.000272,0.939144,0.060313,0.000272
ACGTTCACTATGCCGC-1,0.097409,0.681996,0.000207,0.220388
ACGTTCCGCGCTCCGT-1,0.000686,0.765397,0.05398,0.179937
ACGTTCGCAATCAATT-1,0.001927,0.572899,0.423247,0.001927
ACGTTCGTTCAGGAAA-1,0.00101,0.001515,0.000505,0.99697
ACGTTCTGTACAAGTC-1,0.121631,0.87166,0.002236,0.004473
ACGTTGTCGTTGAAAG-1,0.107926,0.51577,0.149031,0.227273
ACGTTTAGTTGTGATC-1,0.152373,0.258395,0.00027,0.588962
ACTAAGGACGCACACC-1,0.178541,0.818736,0.000908,0.001815
ACTAATACGTCAGGCG-1,0.276381,0.000341,0.72305,0.000227
ACTACAAAGAGAGGTG-1,0.13178,0.075857,0.001456,0.790908
ACTACATCCCGACAAG-1,0.015086,0.937099,0.000115,0.047701
ACTACCAGCTCTCTGG-1,0.010438,0.664466,0.00522,0.319875
ACTACCATCCGAGGGC-1,0.129101,0.001261,0.00042,0.869218
ACTACGCGTTAGAATT-1,0.044409,0.00086,0.000287,0.954444
ACTAGTTGCGATCGTC-1,0.204838,0.755666,0.036157,0.003339
ACTATATGCTGTGTTC-1,0.002257,0.003383,0.317622,0.676738
ACTATCCAGGGCATGG-1,0.042827,0.954016,0.001052,0.002105
ACTATCTGCCCGCGTA-1,0.196709,0.667521,0.039727,0.096044
ACTATGTCCAGCTGCC-1,0.07633,0.139009,0.78327,0.001391
ACTATTCGTCCGTGGT-1,0.197033,0.310027,0.457977,0.034963
ACTATTTCCGGGCCCA-1,0.000503,0.509879,0.000251,0.489366
ACTCAACGAATGTATT-1,0.000226,0.630313,0.009502,0.35996
ACTCAAGTGCAAGGCT-1,0.008946,0.977632,0.004476,0.008945
ACTCAATAAAGGCACG-1,0.00103,0.997424,0.000515,0.00103
ACTCATGGCAGCCTTC-1,0.110935,0.888063,0.000334,0.000668
ACTCCAATATCATCAT-1,0.579814,0.311674,0.005088,0.103424
ACTCCCATTCCTAAAG-1,0.000347,0.427223,0.011954,0.560475
ACTCCCGAATTCGTTT-1,0.50523,0.494392,0.000126,0.000252
ACTCCCGTAGACTAGG-1,0.003793,0.405414,0.001897,0.588897
ACTCCCTAATGCTAAA-1,0.00269,0.622164,0.000125,0.37502
ACTCCCTAGAATAGTA-1,0.280676,0.536892,0.001927,0.180505
ACTCCGGCCGACCACT-1,0.178476,0.618253,0.0226,0.180672
ACTCGATGTATTTCAT-1,0.167917,0.831837,0.000082,0.000164
ACTCGCCGTTCGATAA-1,0.378842,0.000706,0.000235,0.620217
ACTCGCGATCTGACGC-1,0.050258,0.949344,0.000132,0.000265
ACTCGTAACCCGTCCT-1,0.690882,0.308796,0.000107,0.000215
ACTCGTCAGTAATCCC-1,0.002408,0.993981,0.001204,0.002408
ACTCTCTGACTTAGGT-1,0.000306,0.000459,0.092649,0.906586
ACTCTCTTATACACGA-1,0.001066,0.832516,0.099006,0.067413
ACTCTGACCTAATAGA-1,0.000451,0.537933,0.00667,0.454945
ACTCTTCAGCTCCCGC-1,0.221836,0.427605,0.000432,0.350126
ACTCTTGTATAGTAAC-1,0.005008,0.816454,0.002505,0.176034
ACTGAAACGCCGTTAG-1,0.196872,0.242009,0.003294,0.557825
ACTGAATGGCGAAAGT-1,0.002216,0.090615,0.057487,0.849682
ACTGATTTAGTGATTC-1,0.185258,0.592014,0.063594,0.159133
ACTGCCCGCCATTCTC-1,0.128478,0.513883,0.000143,0.357496
ACTGCCGTCGTAACTC-1,0.045511,0.90616,0.000319,0.048011
ACTGCGGACACACCGT-1,0.000201,0.866885,0.132712,0.000201
ACTGCTCGGAAGGATG-1,0.003815,0.633107,0.111438,0.25164
ACTGGCGAACCTGCGT-1,0.079163,0.697625,0.00087,0.222343
ACTGGGATGCCAGTGC-1,0.052887,0.453405,0.007424,0.486284
ACTGTACGATACACAT-1,0.001423,0.996444,0.000711,0.001422
ACTGTAGCACTTTGGA-1,0.408943,0.581664,0.003131,0.006262
ACTGTATACGCGAGCA-1,0.162295,0.690427,0.044483,0.102795
ACTGTCCAGGATTATA-1,0.4749,0.517733,0.002455,0.004912
ACTGTCTTCTTTAGAA-1,0.009803,0.634719,0.000231,0.355246
ACTGTGCTAGTAGATC-1,0.003691,0.802021,0.000127,0.194161
ACTGTTTAGTGTAGGC-1,0.002036,0.60465,0.001018,0.392296
ACTTACCGGGCGCGCA-1,0.000385,0.305127,0.01058,0.683908
ACTTACGCATCCACGC-1,0.269875,0.608487,0.001605,0.120033
ACTTAGTACGACAAGA-1,0.064352,0.680649,0.03169,0.223309
ACTTATACTTACCCGG-1,0.000754,0.998114,0.000377,0.000754
ACTTATCTGATCTATA-1,0.580358,0.092694,0.000332,0.326616
ACTTATTAGGATCGGT-1,0.011917,0.692002,0.005961,0.29012
ACTTATTTATGTGCCA-1,0.000647,0.323428,0.062625,0.6133
ACTTCAGGCTGATCCC-1,0.045428,0.727853,0.001669,0.22505
ACTTCCAGTGGAAGCT-1,0.000315,0.541537,0.000157,0.457991
ACTTCCATGCGGGACA-1,0.01318,0.604283,0.006593,0.375944
ACTTCCTGTCGTGCGA-1,0.238944,0.211826,0.001332,0.547898
ACTTCGCCATACGCAC-1,0.000778,0.672029,0.000389,0.326804
ACTTCGCTAGCGAGTG-1,0.031343,0.197828,0.000232,0.770598
ACTTGACTCCCTCTTT-1,0.000644,0.675374,0.000322,0.323661
ACTTGCCATATTGTAC-1,0.010437,0.833607,0.145521,0.010435
ACTTGCTCTATCTACC-1,0.000598,0.661077,0.000299,0.338026
ACTTGGGACCCGGTGG-1,0.001022,0.997445,0.000511,0.001022
ACTTGTAGTCCCTTCA-1,0.000531,0.777156,0.000265,0.222048
ACTTGTGGATGGAACG-1,0.249343,0.614654,0.000649,0.135354
ACTTTACCCTCATGAA-1,0.000299,0.75687,0.158202,0.084629
ACTTTATACACCACTT-1,0.030268,0.872604,0.000095,0.097033
ACTTTCCTATAGCTTC-1,0.415413,0.296157,0.03789,0.250541
ACTTTGACTGCATCCT-1,0.30105,0.528821,0.000176,0.169953
ACTTTGGTCGTGCTCC-1,0.263933,0.432304,0.000227,0.303537
ACTTTGTCGACGCACT-1,0.004554,0.988617,0.002276,0.004553
AGAAATTATGACTCGC-1,0.001869,0.773373,0.000934,0.223824
AGAACACGGCGATGGT-1,0.043226,0.819587,0.000531,0.136657
AGAACCCAGCGTGACA-1,0.057991,0.934974,0.000074,0.006961
AGAACCCTCAATTGGG-1,0.000319,0.625472,0.090774,0.283435
AGAACGTGGTACATTC-1,0.001216,0.996961,0.000608,0.001216
AGAAGAGCGCCGTTCC-1,0.005111,0.987222,0.002555,0.005112
AGAAGGTACACTTCAC-1,0.011205,0.000335,0.000112,0.988348
AGAAGGTTGCCGAATT-1,0.000852,0.680149,0.318147,0.000852
AGAAGGTTGTAGGTCG-1,0.001311,0.577928,0.000656,0.420106
AGAAGTGATTCGTGAT-1,0.131362,0.468326,0.000093,0.400219
AGAATGCGGGTTCGGA-1,0.006771,0.983075,0.003384,0.00677
AGAATTATGGATTCGA-1,0.00047,0.601568,0.000235,0.397728
AGACAGCTCAGAATCC-1,0.047616,0.952095,0.000096,0.000193
AGACAGGCATCTCAGC-1,0.000242,0.986619,0.000121,0.013017
AGACCAAACCACACCT-1,0.05275,0.223011,0.000084,0.724155
AGACCATGGGATACAA-1,0.349655,0.554294,0.00029,0.095761
AGACCCACCGCTGATC-1,0.232044,0.1813,0.001814,0.584841
AGACCCGCCCTCCTCG-1,0.003132,0.885566,0.001565,0.109736
AGACCGCTCCGCGGTT-1,0.175777,0.613132,0.10513,0.105961
AGACCGGGAAACCCTG-1,0.000128,0.44941,0.061601,0.488861
AGACGAAGTGCCGGTC-1,0.002277,0.901032,0.001139,0.095552
AGACGACGATGCCGCT-1,0.000305,0.71827,0.12255,0.158876
AGACGCCCACTTCGCC-1,0.000914,0.471939,0.084753,0.442393
AGACGGGATTGGTATA-1,0.003579,0.219821,0.001788,0.774811
AGACGGGCCGATTTAA-1,0.081052,0.633731,0.001546,0.28367
AGACTAGCCTTCCAGA-1,0.03704,0.71956,0.112726,0.130674
AGACTGTTACCGGGTC-1,0.002879,0.545071,0.001439,0.450611
AGAGAAACACCAGAAA-1,0.002504,0.993741,0.001252,0.002504
AGAGAACCGTCTAGGA-1,0.013125,0.158506,0.006529,0.82184
AGAGAAGGAGTACAAT-1,0.000652,0.883063,0.000326,0.115959
AGAGATCTCTAAAGCG-1,0.008423,0.561943,0.000047,0.429586
AGAGCAGTTATGAGAC-1,0.000321,0.999197,0.000161,0.000321
AGAGCCGCCGAGATTT-1,0.275108,0.520801,0.032927,0.171164
AGAGCGCTTGTAACGG-1,0.004885,0.448781,0.000171,0.546163
AGAGCGGGCTAATCAT-1,0.011991,0.001007,0.000336,0.986666
AGAGCGTACAAGCTCG-1,0.001972,0.836597,0.000986,0.160445
AGAGCTACGAAAGCAT-1,0.000091,0.944151,0.000045,0.055712
AGAGGCTTCGGAAACC-1,0.65622,0.130431,0.000469,0.21288
AGAGGGACAATTGTCC-1,0.194256,0.6174,0.003913,0.184431
AGAGGTATCTCGGTCC-1,0.158246,0.645612,0.001228,0.194914
AGAGTAAACTTCACTA-1,0.250375,0.393102,0.118718,0.237805
AGAGTATAGTGTTACG-1,0.059218,0.939303,0.000493,0.000986
AGAGTGAACAGACACC-1,0.118029,0.68693,0.00587,0.189172
AGAGTTAGAGACCGAT-1,0.020627,0.479515,0.137375,0.362484
AGAGTTGCAGGCCTCC-1,0.002982,0.647107,0.001491,0.34842
AGATAACTTCAGGGCC-1,0.000683,0.478133,0.066226,0.454959
AGATACCAATAGAACC-1,0.028956,0.438478,0.000128,0.532438
AGATACCAGCACTTCA-1,0.36952,0.628621,0.00062,0.00124
AGATACCGGTGTTCAC-1,0.05488,0.18589,0.083979,0.67525
AGATACGACTTCATAT-1,0.193031,0.666737,0.001128,0.139104
AGATACTCAAGATCGA-1,0.002813,0.024021,0.001407,0.971759
AGATATAATACGACTA-1,0.001842,0.35043,0.000921,0.646807
AGATCGTGCATAAGAT-1,0.012471,0.270218,0.563763,0.153548
AGATCTCAGGTGTGAT-1,0.000978,0.774629,0.000489,0.223904
AGATCTGGAGAGGATA-1,0.087584,0.69422,0.015645,0.202551
AGATGACTCGCCCACG-1,0.10604,0.097542,0.000524,0.795893
AGATGAGGGTTGCGAT-1,0.005822,0.841931,0.146423,0.005824
AGATGATGGAGTCTGG-1,0.183752,0.737252,0.000285,0.07871
AGATGCAAGACGTGCA-1,0.061162,0.65214,0.000177,0.286521
AGATGCATCCTGTGTC-1,0.000211,0.000316,0.000105,0.999368
AGATTATAGGACGTTT-1,0.302483,0.690292,0.002408,0.004817
AGATTCAAGCGGGTCG-1,0.000952,0.295307,0.000476,0.703264
AGATTCACAACCGATA-1,0.000449,0.7753,0.000224,0.224027
AGCAAAGGCCGCTAGT-1,0.004176,0.638512,0.002086,0.355226
AGCAACATATCTTATT-1,0.000342,0.454105,0.000171,0.545383
AGCAACCGAAAGTAAT-1,0.246243,0.512743,0.000069,0.240945
AGCACACGTTTAGACT-1,0.000768,0.96002,0.000384,0.038828
AGCACCAGTACTCACG-1,0.000949,0.686402,0.000474,0.312175
AGCACTACCTCACCAG-1,0.004245,0.204196,0.002122,0.789437
AGCACTTAAGGACGCC-1,0.002664,0.72321,0.001332,0.272794
AGCAGAAGGAGAAAGA-1,0.0007,0.522615,0.015744,0.460942
AGCAGCCAGATGAATA-1,0.746927,0.170442,0.000118,0.082514
AGCATATCAATATGCT-1,0.013934,0.965199,0.006957,0.01391
AGCATCATTTCGAAAG-1,0.000269,0.771099,0.000134,0.228498
AGCATCGTCGATAATT-1,0.161084,0.831405,0.002503,0.005008
AGCATTACGAGGCAAG-1,0.200309,0.325215,0.000507,0.473969
AGCCAAGCTTTGTGTC-1,0.005692,0.745927,0.002846,0.245534
AGCCACAGGTTACCCG-1,0.354866,0.245391,0.152694,0.247048
AGCCACTCCCGTGCTT-1,0.123212,0.794235,0.000511,0.082041
AGCCATATAGTATGTG-1,0.117025,0.001907,0.000635,0.880432
AGCCCATACATGTAAG-1,0.420157,0.569828,0.000081,0.009934
AGCCCGCAACAAGCAG-1,0.004554,0.684011,0.002276,0.309159
AGCCCGGCATTAGAGG-1,0.000553,0.79309,0.000276,0.20608
AGCCCGGTAGCCTGTA-1,0.000372,0.166459,0.000186,0.832983
AGCCCTAAGCGAAGTT-1,0.004245,0.750496,0.002122,0.243137
AGCCCTCCCTGGTGGC-1,0.018979,0.884037,0.000423,0.096561
AGCCCTGTCGCACCGT-1,0.012259,0.987436,0.000102,0.000203
AGCCCTTCTAATCCGA-1,0.383473,0.440909,0.000279,0.175339
AGCCCTTGGACATCCC-1,0.313849,0.379052,0.304081,0.003018
AGCCGTGGCTAAATGT-1,0.000248,0.912736,0.012782,0.074234
AGCCTAATACCCACGT-1,0.045012,0.416129,0.000191,0.538668
AGCCTTAAAGCGGAAG-1,0.00015,0.999624,0.000075,0.00015
AGCCTTGTCACTGATA-1,0.016378,0.257914,0.000198,0.72551
AGCGACAGGAACGGTC-1,0.001143,0.997142,0.000572,0.001144
AGCGACATCCCATTCA-1,0.000634,0.961732,0.000317,0.037316
AGCGACCAACGATATT-1,0.15925,0.202683,0.002087,0.63598
AGCGAGACGTGAAGGC-1,0.073829,0.73714,0.000294,0.188738
AGCGATGCGCCTAATA-1,0.074116,0.613191,0.000174,0.312519
AGCGCATAATGAATCG-1,0.004244,0.388887,0.002122,0.604747
AGCGCGGGTGCCAATG-1,0.000191,0.000286,0.000095,0.999427
AGCGCTAGAGCGATGT-1,0.196714,0.783929,0.000081,0.019276
AGCGCTTATGGGCAAG-1,0.080168,0.914387,0.001815,0.00363
AGCGGACACTTCGTAG-1,0.004104,0.371215,0.002053,0.622628
AGCGGCGGTTAGCGGT-1,0.028863,0.06275,0.000108,0.908279
AGCGGGAAGGGTCCAT-1,0.325576,0.671556,0.000956,0.001912
AGCGGGTCTGACACTC-1,0.002981,0.004472,0.00149,0.991057
AGCGGTTGAGATGTAC-1,0.079375,0.165593,0.000305,0.754727
AGCGGTTGCCGCTCTG-1,0.007648,0.566685,0.081302,0.344366
AGCGTACGAGAGCTAG-1,0.183916,0.731405,0.000535,0.084143
AGCGTAGCGCTAGACC-1,0.391691,0.544395,0.004413,0.059502
AGCGTCTGAACCCGCA-1,0.209376,0.788305,0.000773,0.001546
AGCGTGGTATTCTACT-1,0.001089,0.338083,0.000544,0.660284
AGCGTTCCGATTTAAA-1,0.004317,0.298,0.136785,0.560898
AGCTAACAAGCAATGT-1,0.001057,0.997358,0.000528,0.001057
AGCTAAGTACGCAGGC-1,0.00677,0.983077,0.003385,0.006769
AGCTAGAAGCAGAAGT-1,0.043306,0.007825,0.002608,0.94626
AGCTATTTAATCCAAC-1,0.000808,0.99798,0.000404,0.000808
AGCTCCATATATGTTC-1,0.000741,0.998147,0.000371,0.000741
AGCTCCTTCGCACATC-1,0.007366,0.600216,0.003683,0.388735
AGCTCGTTGATGGAAA-1,0.020669,0.541116,0.001061,0.437154
AGCTCTAGACGTTCCA-1,0.172436,0.827158,0.000135,0.000271
AGCTCTTCCCAGTGCA-1,0.000553,0.249957,0.000276,0.749214
AGCTCTTCGTAACCTT-1,0.001176,0.772466,0.000588,0.225771
AGCTCTTTACTCAGTT-1,0.003338,0.860926,0.00167,0.134065
AGCTGAAGTAAACCAA-1,0.045751,0.448653,0.000156,0.50544
AGCTGCATTTGAGGTG-1,0.00248,0.551924,0.00124,0.444357
AGCTGCTGTGCCGAAT-1,0.101876,0.05164,0.377281,0.469202
AGCTGTAACCTCAATC-1,0.013359,0.113301,0.000189,0.87315
AGCTTCAATACTTTGA-1,0.130179,0.024476,0.023339,0.822006
AGCTTCTTCTCGAGCA-1,0.003252,0.26118,0.001626,0.733942
AGCTTGATCAGGGTAG-1,0.000206,0.886253,0.001839,0.111702
AGCTTGATCTTAACTT-1,0.047891,0.684449,0.000077,0.267583
AGGAAAGCCTCTGATG-1,0.144046,0.854627,0.000442,0.000885
AGGAACGAACGACTTC-1,0.17838,0.448661,0.000639,0.37232
AGGAAGCTGTCCGCCG-1,0.12573,0.619214,0.001669,0.253387
AGGACAGTCGAATCCC-1,0.00039,0.498695,0.000195,0.50072
AGGACGACCCATTAGA-1,0.001339,0.996652,0.00067,0.001339
AGGACGCTCGATGTTG-1,0.006106,0.280046,0.130957,0.582891
AGGAGACATCCACAGT-1,0.000696,0.751249,0.000348,0.247707
AGGAGAGTCTGGCTAC-1,0.051661,0.684624,0.010644,0.253071
AGGAGGCCTTCGCGCG-1,0.00501,0.410418,0.002504,0.582069
AGGATAAAGTCGGGAT-1,0.000829,0.997927,0.000415,0.000829
AGGATATAGGGATTTA-1,0.000775,0.964836,0.000388,0.034001
AGGATCACGCGATCTG-1,0.000644,0.71103,0.000322,0.288004
AGGATTGCTTACGACA-1,0.000813,0.752842,0.000407,0.245938
AGGCAAAGAGGAATCA-1,0.382258,0.230678,0.000963,0.386101
AGGCACGTGACTGTCC-1,0.133328,0.862676,0.001332,0.002664
AGGCAGATGCGTAAAC-1,0.000703,0.963679,0.000352,0.035266
AGGCAGGGAGCGTACT-1,0.084957,0.338063,0.001018,0.575962
AGGCATTGTCGTAGGG-1,0.00207,0.312263,0.001035,0.684632
AGGCCACATTGGTTAC-1,0.342742,0.645771,0.011363,0.000124
AGGCCACCCGTTATGA-1,0.002782,0.611423,0.065289,0.320506
AGGCCCAGTGACTGGT-1,0.000144,0.979023,0.020688,0.000144
AGGCCCATTGTACAGG-1,0.0007,0.953661,0.04494,0.0007
AGGCCCTAGAACGCCA-1,0.000247,0.999382,0.000124,0.000247
AGGCCTATCATACCAA-1,0.00079,0.077748,0.000395,0.921067
AGGCCTGAGAATCTCG-1,0.077384,0.598945,0.128885,0.194786
AGGCGATAACTGGCGT-1,0.002693,0.796192,0.001346,0.199769
AGGCGGTTTGTCCCGC-1,0.037712,0.918626,0.000173,0.043489
AGGCGTCTATGGACGG-1,0.190787,0.589395,0.006954,0.212864
AGGCTATGGTTAGCTT-1,0.371738,0.625914,0.000783,0.001565
AGGCTTCCCGAAGAAG-1,0.000998,0.997506,0.000499,0.000998
AGGCTTGCTAGACACC-1,0.000238,0.999405,0.000119,0.000238
AGGGAAACGAGGTACT-1,0.001278,0.996806,0.000639,0.001278
AGGGACCGGCTGCGTT-1,0.108669,0.890505,0.000275,0.00055
AGGGACTCTACGCGAC-1,0.001815,0.498252,0.126488,0.373445
AGGGAGACATACTTCG-1,0.001423,0.89851,0.000711,0.099355
AGGGCAGCGGCGTGGT-1,0.000655,0.735481,0.000328,0.263536
AGGGCCCTAATGTTCT-1,0.320406,0.676948,0.000882,0.001764
AGGGCGAGCAGCTGAT-1,0.000157,0.631161,0.000078,0.368604
AGGGCGTGATCGGCTA-1,0.372982,0.597539,0.000241,0.029238
AGGGTCAGAGCACTCG-1,0.003384,0.991539,0.001692,0.003385
AGGGTCAGTAACCCTA-1,0.007826,0.498987,0.003912,0.489275
AGGGTCGATGCGAACT-1,0.37699,0.61222,0.000107,0.010683
AGGGTGCCGTTCTTTA-1,0.004907,0.987728,0.002455,0.00491
AGGGTGGATAGTGCAT-1,0.000342,0.999145,0.000171,0.000342
AGGGTGTGCTACACGC-1,0.454638,0.003385,0.001128,0.540849
AGGGTTCAGACGGTCC-1,0.001291,0.503934,0.000645,0.49413
AGGGTTCCCTTTGGTT-1,0.095044,0.730591,0.010861,0.163504
AGGGTTTAGTTCGGGA-1,0.008349,0.979131,0.004171,0.008349
AGGTACGATATTGCCA-1,0.000982,0.997545,0.000491,0.000982
AGGTAGATCGAGATAT-1,0.001801,0.892631,0.0009,0.104667
AGGTATAATTGATAGT-1,0.199736,0.737156,0.000126,0.062982
AGGTATGCGGACATTA-1,0.000565,0.836304,0.000283,0.162847
AGGTCAGGTGAGAGTG-1,0.195347,0.686084,0.000112,0.118457
AGGTCGCCACTTCGGT-1,0.097041,0.306699,0.000294,0.595966
AGGTCGCCTCCCAACA-1,0.000585,0.471825,0.000293,0.527297
AGGTCGCGGAGTTACT-1,0.102611,0.887235,0.003385,0.00677
AGGTGGTGACCTTCGC-1,0.081789,0.001585,0.044793,0.871833
AGGTGTTGCCGACCAC-1,0.244526,0.588654,0.000367,0.166453
AGGTTACACCATGCCG-1,0.206421,0.734034,0.000164,0.059381
AGGTTCTCCTTTCCGG-1,0.000289,0.514311,0.000145,0.485255
AGGTTGAGGCACGCTT-1,0.004394,0.878586,0.002197,0.114823
AGGTTTCACACACCTT-1,0.000949,0.494211,0.000474,0.504366
AGTAACGTTCATCCTG-1,0.015644,0.960864,0.007835,0.015657
AGTAATGTCTTGCCGC-1,0.000605,0.774069,0.000302,0.225023
AGTAATTTGCAAGCGT-1,0.053336,0.874325,0.013412,0.058927
AGTACAGAAGCTTATA-1,0.039047,0.160405,0.000176,0.800372
