Barcode,Topic 1,Topic 2,Topic 3,Topic 4to5
AAACAAGTATCTCCCA-1,0.033723,0.033699,0.034775,0.897802
AAACACCAATAACTGC-1,0.013377,0.013483,0.945711,0.02743
AAACAGAGCGACTCCT-1,0.004554,0.004601,0.740964,0.249881
AAACAGCTTTCAGAAG-1,0.002227,0.004364,0.993106,0.000303
AAACAGGGTCTATATT-1,0.000117,0.000119,0.999531,0.000233
AAACATGGTGAGAGGA-1,0.100021,0.594056,0.102156,0.203767
AAACATTTCCCGGATT-1,0.039778,0.006532,0.530538,0.423153
AAACCCGAACGAAATC-1,0.001719,0.001718,0.530832,0.465732
AAACCGGAAATGTTAA-1,0.001478,0.001486,0.742594,0.254441
AAACCGGGTAGGTACC-1,0.005137,0.005189,0.876332,0.113342
AAACCTAAGCAGCCGG-1,0.000223,0.045813,0.297508,0.656456
AAACCTCATGAAGTTG-1,0.005449,0.005479,0.761923,0.227149
AAACGAAGATGGAGTA-1,0.018234,0.018345,0.610913,0.352507
AAACGAGACGGTTGAT-1,0.000234,0.000231,0.878211,0.121323
AAACGCTGGGCACGAC-1,0.000253,0.113393,0.803104,0.08325
AAACGGGCGTACGGGT-1,0.000189,0.013427,0.392477,0.593907
AAACGTGTTCGCCCTA-1,0.036814,0.007225,0.685022,0.270939
AAACTCGTGATATAAG-1,0.001518,0.001425,0.30153,0.695526
AAACTTAATTGCACGC-1,0.2,0.2,0.2,0.4
AAACTTGCAAACGTAT-1,0.001161,0.001136,0.995406,0.002297
AAAGAATGACCTTAGA-1,0.2,0.2,0.2,0.4
AAAGAATGTGGACTAA-1,0.010012,0.010126,0.584728,0.395133
AAAGACCCAAGTCGCG-1,0.011202,0.218753,0.455672,0.314372
AAAGACTGGGCGCTTT-1,0.000481,0.002983,0.980709,0.015827
AAAGCTTGCCTACATA-1,0.007143,0.007239,0.278778,0.70684
AAAGGCCCTATAATAC-1,0.08821,0.000609,0.76256,0.148621
AAAGGGCAGCTTGAAT-1,0.000482,0.005418,0.640864,0.353236
AAAGTAGCATTGCTCA-1,0.000178,0.000174,0.88717,0.112478
AAAGTCACTGATGTAA-1,0.014737,0.026541,0.733523,0.225198
AAAGTCGACCCTCAGT-1,0.002951,0.002973,0.988072,0.006004
AAAGTGCCATCAATTA-1,0.00254,0.002565,0.719114,0.275782
AAAGTGTGATTTATCT-1,0.007005,0.007001,0.457992,0.528002
AAAGTTGACTCCCGTA-1,0.003934,0.039271,0.783274,0.173521
AAATAACCATACGGGA-1,0.031677,0.006751,0.440561,0.521012
AAATAAGGTAGTGCCC-1,0.006677,0.006753,0.34328,0.643291
AAATAGCTTAGACTTT-1,0.005416,0.005468,0.868787,0.120328
AAATAGGGTGCTATTG-1,0.000311,0.000318,0.502137,0.497234
AAATCCGATACACGCC-1,0.000173,0.000183,0.554954,0.444689
AAATCGCGGAAGGAGT-1,0.010531,0.010662,0.010852,0.967955
AAATCTAGCCCTGCTA-1,0.018412,0.0184,0.018826,0.944362
AAATGATTCGATCAGC-1,0.061721,0.01013,0.010282,0.917867
AAATGCTCGTTACGTT-1,0.070389,0.000432,0.388237,0.540942
AAATGGCCCGTGCCCT-1,0.012561,0.000301,0.986525,0.000613
AAATGGTCAATGTGCC-1,0.001993,0.001968,0.887811,0.108228
AAATGTATCTTATCCC-1,0.000932,0.000936,0.87184,0.126292
AAATTAATAAGCGCGA-1,0.023323,0.004045,0.865619,0.107014
AAATTACACGACTCTG-1,0.057508,0.072265,0.347689,0.522538
AAATTACCTATCGATG-1,0.004553,0.004609,0.00559,0.985247
AAATTCCAGGTCCAAA-1,0.096711,0.009201,0.648938,0.245151
AAATTGATAGTCCTTT-1,0.003042,0.003062,0.98768,0.006216
AAATTGCGGCGGTTCT-1,0.000507,0.000493,0.822907,0.176093
AAATTGGTGAGAAGCA-1,0.00224,0.002135,0.583119,0.412506
AAATTTGCGGGTGTGG-1,0.002671,0.002703,0.989084,0.005542
AACAACTGGTAGTTGC-1,0.000959,0.000959,0.521047,0.477035
AACAATACATTGTCGA-1,0.050756,0.050717,0.052735,0.845793
AACAATTACTCTACGC-1,0.008658,0.007669,0.89595,0.087723
AACACACGCTCGCCGC-1,0.097659,0.018476,0.846122,0.037742
AACACGAGACGCGGCC-1,0.006708,0.006753,0.972806,0.013732
AACACGCGGCCGCGAA-1,0.001858,0.00178,0.532086,0.464276
AACAGCTGTGTGGCAA-1,0.015405,0.015634,0.937232,0.031729
AACAGGATGGGCCGCG-1,0.033096,0.000502,0.670714,0.295688
AACAGGTAGTATGGAT-1,0.004451,0.078948,0.793671,0.12293
AACATATCAACTGGTG-1,0.006484,0.006525,0.549939,0.437052
AACATCGATACGTCTA-1,0.381409,0.002001,0.002015,0.614575
AACATTGGTCAGCCGT-1,0.018537,0.024287,0.49741,0.459766
AACCAAGACTTCTCTG-1,0.000544,0.000543,0.928405,0.070508
AACCATAGGGTTGAAC-1,0.177371,0.00493,0.383994,0.433704
AACCATGGGATCGCTA-1,0.000913,0.006111,0.725935,0.267041
AACCCAGAGACGGAGA-1,0.000317,0.164559,0.374484,0.46064
AACCCATCCCATGATC-1,0.069699,0.004599,0.671221,0.254481
AACCCGAGCAGAATCG-1,0.051942,0.005327,0.250693,0.692038
AACCCTACTGTCAATA-1,0.007411,0.007495,0.969706,0.015388
AACCGCTAAGGGATGC-1,0.004659,0.004709,0.541387,0.449245
AACCTCGCTTTAGCCC-1,0.00022,0.008633,0.540599,0.450548
AACCTGTCACGGAATT-1,0.003523,0.003493,0.496449,0.496535
AACCTTTAAATACGGT-1,0.020698,0.000446,0.591249,0.387607
AACCTTTACGACGTCT-1,0.016905,0.016867,0.0173,0.948927
AACGAAAGTCGTCCCA-1,0.028573,0.028756,0.884239,0.058433
AACGACCTCCTAGCCG-1,0.011287,0.000525,0.785162,0.203026
AACGATAATGCCGTAG-1,0.000238,0.018369,0.164878,0.816514
AACGATAGAAGGGCCG-1,0.000178,0.013607,0.387232,0.598983
AACGCATGATCTGGGT-1,0.004962,0.004934,0.433812,0.556292
AACGCGAACGGCAACA-1,0.00044,0.012905,0.877151,0.109504
AACGCTGTTGCTGAAA-1,0.001173,0.001183,0.881005,0.11664
AACGGACGTACGTATA-1,0.003405,0.003424,0.749946,0.243225
AACGGCCATCTCCGGT-1,0.028208,0.005624,0.841348,0.12482
AACGTACTGTGGGTAC-1,0.000859,0.025419,0.213895,0.759828
AACGTCAGACTAGTGG-1,0.002324,0.002327,0.766196,0.229153
AACGTCGCTGCACTTC-1,0.012098,0.002246,0.901949,0.083707
AACGTGCGAAAGTCTC-1,0.000309,0.000353,0.95593,0.043408
AACGTTATCAGCACCT-1,0.003609,0.000281,0.99554,0.00057
AACGTTCTACCATTGT-1,0.000338,0.000337,0.817909,0.181416
AACTACCCGTTTGTCA-1,0.033835,0.005945,0.948131,0.012089
AACTAGGCTTGGGTGT-1,0.000798,0.000782,0.866462,0.131957
AACTCAAGTTAATTGC-1,0.001047,0.097473,0.740269,0.161211
AACTCCAGAGCGTGTT-1,0.000353,0.004463,0.381565,0.613618
AACTCGATAAACACGT-1,0.000292,0.004176,0.858107,0.137425
AACTCGATGGCGCAGT-1,0.000508,0.012209,0.822485,0.164798
AACTCTCAATAGAGCG-1,0.005741,0.005775,0.933179,0.055305
AACTCTCAGTGTGCTC-1,0.001492,0.001501,0.921179,0.075827
AACTGAGTTATACTGA-1,0.004553,0.004604,0.714492,0.276351
AACTTCTGCGTCTATC-1,0.018403,0.000599,0.822854,0.158144
AACTTGCCCGTATGCA-1,0.027232,0.000347,0.720765,0.251656
AACTTGCGTTCTCGCG-1,0.002515,0.002232,0.902034,0.093218
AACTTTACGGGAGCTT-1,0.004664,0.004699,0.981149,0.009488
AACTTTCTCGATCATG-1,0.015385,0.015584,0.015924,0.953107
AAGAAATCACCAGATT-1,0.008069,0.008085,0.967422,0.016424
AAGAAGGATCAGTTAG-1,0.00275,0.002777,0.779387,0.215086
AAGACATACGTGGTTT-1,0.005901,0.05163,0.579684,0.362785
AAGACCAAATAACTCA-1,0.599913,0.1,0.100043,0.200044
AAGACTAACCCGTTGT-1,0.000897,0.000877,0.612091,0.386136
AAGAGATGAATCGGTA-1,0.006187,0.00035,0.741583,0.251879
AAGAGCTCTTTATCGG-1,0.000303,0.000301,0.94663,0.052767
AAGAGGATGTACGCGA-1,0.008431,0.000356,0.969014,0.022199
AAGAGGCATGGATCGC-1,0.000279,0.000277,0.851862,0.147583
AAGAGGCCCTTTGGAA-1,0.014337,0.014492,0.525199,0.445973
AAGATGGCACCGGACC-1,0.011794,0.011907,0.952097,0.024201
AAGATTGGCGGAACGT-1,0.001729,0.001746,0.759388,0.237137
AAGCACCCTGCGTATC-1,0.000189,0.011695,0.000189,0.987927
AAGCCGAAGCGGTTTA-1,0.010535,0.010629,0.48533,0.493506
AAGCCGCCGTGAAATC-1,0.076022,0.005487,0.575838,0.342654
AAGCCGCTTTACCTTG-1,0.01429,0.014539,0.095495,0.875676
AAGCCGGAGAGCAGGA-1,0.001127,0.001127,0.869352,0.128394
AAGCGGAGTGCGCGCA-1,0.00405,0.003975,0.389581,0.602393
AAGCGTCCCTCATCGA-1,0.016684,0.016814,0.932639,0.033864
AAGCTCGTGCCAAGTC-1,0.002785,0.00281,0.785819,0.208586
AAGCTCTTTCATGGTG-1,0.00043,0.000427,0.51181,0.487333
AAGGAGCGGTTGGTGC-1,0.001927,0.014269,0.706581,0.277223
AAGGATCGATCGCTTG-1,0.005562,0.005618,0.892432,0.096388
AAGGATGAGGGACCTC-1,0.003341,0.00337,0.690879,0.30241
AAGGCAGGCTGTCTCC-1,0.010005,0.092669,0.447988,0.449339
AAGGCGCGTAAAGCTT-1,0.002033,0.002042,0.456426,0.539499
AAGGCTGTGCTCATCG-1,0.002198,0.0022,0.729756,0.265847
AAGGGAACGACTGGCT-1,0.1,0.101313,0.593699,0.204988
AAGGGACAGATTCTGT-1,0.007467,0.412786,0.565011,0.014735
AAGGGACTATGCATTC-1,0.040073,0.040333,0.838226,0.081368
AAGGGTTAGCCATGCG-1,0.000399,0.201754,0.674354,0.123492
AAGGGTTTGATTTCAG-1,0.040003,0.040326,0.621845,0.297826
AAGGTATCCTAATATA-1,0.000569,0.00057,0.775184,0.223676
AAGGTGATAAACCAGC-1,0.002504,0.002528,0.847551,0.147417
AAGTAGAAGACCGGGT-1,0.019952,0.000527,0.487846,0.491675
AAGTAGTGACGCGAGG-1,0.005428,0.005459,0.929131,0.059983
AAGTCAATTGTCGTCA-1,0.003402,0.029401,0.796307,0.17089
AAGTCTAGTAGCTGCC-1,0.013453,0.013462,0.013812,0.959274
AAGTCTTCTGTGGCCT-1,0.000513,0.000509,0.997945,0.001034
AAGTGACGACCGAATT-1,0.00914,0.009189,0.963152,0.018519
AAGTGCAAAGGTAGAC-1,0.000182,0.002413,0.997043,0.000363
AAGTGCCTTGACTGTA-1,0.035854,0.010122,0.010305,0.943719
AAGTGCGTTAGAATCT-1,0.001369,0.001375,0.994467,0.002789
AAGTGTTTGGAGACGG-1,0.000369,0.000375,0.449117,0.550139
AAGTTCACTCCAAGCT-1,0.000464,0.000489,0.453808,0.545239
AAGTTCAGTCTGCGTA-1,0.002912,0.002935,0.178028,0.816125
AAGTTCGGCCAACAGG-1,0.001863,0.001836,0.992586,0.003714
AAGTTGTGATGTTATA-1,0.000366,0.000364,0.763158,0.236112
AATAACAACGCTCGGC-1,0.000292,0.000281,0.769638,0.229789
AATAACACTAGAACAA-1,0.006679,0.006738,0.864032,0.122551
AATAACGTCGCGCCCA-1,0.000432,0.133933,0.64672,0.218915
AATAATCTTCGTATCG-1,0.001946,0.001929,0.612895,0.38323
AATACAATGTTTCAGG-1,0.011354,0.000333,0.76757,0.220743
AATACCTGATGTGAAC-1,0.004941,0.004935,0.613955,0.376169
AATAGAACAGAGTGGC-1,0.05061,0.009653,0.660083,0.279655
AATAGAATCTGTTTCA-1,0.000593,0.01487,0.803605,0.180932
AATAGCTACCGCGTGC-1,0.167027,0.006349,0.298379,0.528245
AATAGTCGCGAGTCGG-1,0.000311,0.000308,0.950776,0.048606
AATATCAAGGTCGGAT-1,0.000498,0.341777,0.180472,0.477253
AATATCCTAGCAAACT-1,0.021001,0.000157,0.820002,0.158841
AATATCGAATCAATGC-1,0.001374,0.001386,0.64917,0.34807
AATATCGAGGGTTCTC-1,0.01821,0.018343,0.926303,0.037145
AATATTGGAGTATTGA-1,0.005985,0.005944,0.97603,0.012041
AATCAGACTGCAGGAC-1,0.000397,0.000437,0.782592,0.216574
AATCATGTAAAGACTC-1,0.004121,0.106389,0.430151,0.459339
AATCCAAGGGCCTGAG-1,0.000424,0.015954,0.699706,0.283917
AATCCATGCAAGGGTG-1,0.026339,0.000364,0.144992,0.828305
AATCGCCTCAGCGCCA-1,0.000415,0.000404,0.819451,0.17973
AATCGCGCAGAGGACT-1,0.010017,0.01017,0.959198,0.020615
AATCGGTATAGCCCTC-1,0.000744,0.000713,0.677002,0.321541
AATCGTGAGCCGAGCA-1,0.009317,0.000567,0.774455,0.215661
AATCTAGGTTTACTTG-1,0.007651,0.005071,0.914466,0.072812
AATCTATGCCGGAGCC-1,0.003708,0.003497,0.817748,0.175048
AATCTCTACTGTGGTT-1,0.000751,0.005498,0.885251,0.1085
AATCTGCGTTGGGACG-1,0.004424,0.004396,0.982238,0.008943
AATCTGGCTTTCTAGT-1,0.000281,0.038694,0.269756,0.691268
AATGACAGCAATGTCT-1,0.001262,0.001271,0.994835,0.002632
AATGACGTAGGATGTC-1,0.000638,0.000636,0.884491,0.114235
AATGACTGTCAGCCGG-1,0.012402,0.00031,0.346907,0.640381
AATGAGTTCGCATATG-1,0.000816,0.000811,0.823587,0.174787
AATGATGATACGCTAT-1,0.020036,0.020232,0.918852,0.04088
AATGATGCGACTCCTG-1,0.007421,0.051388,0.625828,0.315362
AATGCACCAAGCAATG-1,0.008565,0.008425,0.766409,0.216601
AATGGTCCACCGTTCA-1,0.000661,0.000629,0.997426,0.001284
AATGGTTCTCACAAGC-1,0.000436,0.000432,0.590445,0.408688
AATGTATGGCACTGTA-1,0.2,0.2,0.2,0.4
AATGTGCCCGAGGTGT-1,0.002065,0.002059,0.991715,0.00416
AATGTGCTAATCTGAG-1,0.012542,0.000186,0.854348,0.132924
AATGTTGTCGTGAGAC-1,0.000499,0.000489,0.760172,0.23884
AATTAAAGGTCGGCGT-1,0.000597,0.000602,0.789227,0.209573
AATTAACGGATTTCCA-1,0.00028,0.000277,0.307048,0.692394
AATTACGAGACCCATC-1,0.045845,0.004591,0.004662,0.944902
AATTACTCGTACGCTC-1,0.000931,0.000905,0.883072,0.115092
AATTAGCGCTGCAGCG-1,0.030147,0.001637,0.738084,0.230132
AATTCATAAGGGATCT-1,0.020006,0.020296,0.466074,0.493624
AATTCATTGTCATGCA-1,0.2,0.2,0.2,0.4
AATTCCAACTTGGTGA-1,0.001371,0.047819,0.716711,0.2341
AATTCGATTCGAGGAT-1,0.000391,0.000403,0.769489,0.229717
AATTGAACGCTCTGGT-1,0.001492,0.390393,0.406369,0.201746
AATTGCAGCAATCGAC-1,0.000665,0.000669,0.850931,0.147735
AATTGTGGTTGCCAAA-1,0.000432,0.021574,0.805651,0.172343
AATTTGGGACATAGTA-1,0.007163,0.007217,0.554455,0.431165
ACAAACCATGCGTCCT-1,0.040001,0.04049,0.041565,0.877944
ACAAAGAAGGTAGGCC-1,0.007413,0.000214,0.879363,0.11301
ACAAAGCATGACCTAG-1,0.000225,0.000219,0.787169,0.212387
ACAAATCGCACCGAAT-1,0.001315,0.01057,0.757985,0.23013
ACAAATGGTAGTGTTT-1,0.000297,0.000299,0.901149,0.098255
ACAACGGTCCCTGCGA-1,0.016122,0.000664,0.659755,0.323459
ACAAGCAGTGCCTAGC-1,0.005781,0.000414,0.967736,0.026069
ACAAGCTATATGGAAG-1,0.0053,0.000378,0.817592,0.17673
ACAAGGAAATCCGCCC-1,0.012721,0.000927,0.793891,0.19246
ACAAGGACAAGAGGTT-1,0.019194,0.00049,0.465198,0.515117
ACAAGGATGCTTTAGG-1,0.000189,0.000192,0.613842,0.385776
ACAAGGGCAGGCTCTG-1,0.000467,0.05594,0.537272,0.406321
ACAATAGTCGTACGTT-1,0.013651,0.012618,0.948305,0.025426
ACAATCCATTTAAACC-1,0.000474,0.000476,0.828988,0.170062
ACAATGAATACGGAGA-1,0.025068,0.025343,0.025925,0.923664
ACAATTGTGTCTCTTT-1,0.025001,0.025165,0.898824,0.05101
ACAATTTAGGAGGCTC-1,0.003397,0.003429,0.986244,0.006931
ACAATTTGAGCAGTGG-1,0.000367,0.000363,0.871629,0.127641
ACAATTTGGCCATATT-1,0.001269,0.001282,0.81736,0.180089
ACACAAAGACGGGTGG-1,0.00034,0.00033,0.368815,0.630515
ACACAAATATTCCTAG-1,0.012403,0.011904,0.466917,0.508775
ACACACCAGGACCAGT-1,0.012533,0.002808,0.706732,0.277927
ACACATGATCAAATCT-1,0.1,0.101313,0.593699,0.204988
ACACATTGACGCAACA-1,0.00742,0.007497,0.740568,0.244516
ACACCACATAATTAGC-1,0.009524,0.00963,0.961211,0.019635
ACACCCAGCATGCAGC-1,0.000361,0.000351,0.518876,0.480413
ACACCCGAGAAATCCG-1,0.000245,0.000243,0.374323,0.625189
ACACCGAGCGCTCTTT-1,0.004268,0.004305,0.941306,0.050121
ACACCGGTCTGACCGC-1,0.034477,0.002598,0.905483,0.057442
ACACCTTAAGTAGGGC-1,0.001405,0.001348,0.86352,0.133726
ACACCTTACTACTTGC-1,0.004465,0.004216,0.982728,0.008592
ACACGTAGGCCACAAG-1,0.020111,0.020329,0.020688,0.938871
ACACTCCAATGTCACT-1,0.038994,0.000523,0.783146,0.177336
ACACTGATCAAGGTGT-1,0.002203,0.002226,0.893798,0.101774
ACACTGGGACAGTCGT-1,0.003042,0.00307,0.202955,0.790934
ACAGAACTGAGAACAA-1,0.012583,0.002312,0.981302,0.003803
ACAGCGACATTCTCAT-1,0.004169,0.004226,0.52118,0.470424
ACAGGAGGCGCAGCCG-1,0.000915,0.007269,0.872587,0.119229
ACAGGCACGGATCCTT-1,0.004275,0.034009,0.81352,0.148196
ACAGGCTTGCCCGACT-1,0.003592,0.003614,0.574027,0.418767
ACAGGTGGAGGTGAGG-1,0.002412,0.002438,0.990185,0.004966
ACAGGTGTGTTGTTGC-1,0.000241,0.003347,0.995941,0.000471
ACAGTAATACAACTTG-1,0.000192,0.000192,0.909233,0.090384
ACAGTATACCGTGGGA-1,0.013342,0.013533,0.013697,0.959428
ACATAAGTCGTGGTGA-1,0.066673,0.06724,0.068828,0.797259
ACATCAGCTGGGACGC-1,0.002765,0.002768,0.988847,0.00562
ACATCCTGGTAACTGT-1,0.003282,0.003326,0.933617,0.059774
ACATCGGTCAGCCGCG-1,0.001461,0.001446,0.994141,0.002952
ACATCGTATGCAATGG-1,0.00083,0.013542,0.652251,0.333378
ACATGGCGCCAAAGTA-1,0.00313,0.003161,0.551475,0.442234
ACATGGCTCAATTTAG-1,0.001779,0.014817,0.875136,0.108268
ACATTAGTTTATATCC-1,0.001023,0.001026,0.711675,0.286276
ACATTTGAAACCTAAC-1,0.001114,0.013076,0.576973,0.408837
ACCAAACACCCAGCGA-1,0.008362,0.008456,0.316552,0.666629
ACCAACACCACACACT-1,0.004211,0.004046,0.236934,0.754809
ACCAACCGCACTCCAC-1,0.000282,0.000275,0.737534,0.261908
ACCAACGCTTATTTAT-1,0.001331,0.001323,0.881887,0.115459
ACCAAGAACGCGTGTC-1,0.000285,0.006157,0.290457,0.703101
ACCAAGTCATCGGCAG-1,0.004094,0.004121,0.983457,0.008329
ACCAATATGCAAGTTA-1,0.000305,0.015985,0.522311,0.461399
ACCACAAGTTTCTATC-1,0.000948,0.074726,0.465895,0.458431
ACCACCAATGTAACAA-1,0.002479,0.0025,0.974629,0.020393
ACCACCCTCTCTTCTA-1,0.003512,0.003549,0.487348,0.505591
ACCACGTGCAGCTATA-1,0.000451,0.058746,0.773139,0.167664
ACCACTGTTCAAGAAG-1,0.000563,0.000563,0.936653,0.06222
ACCAGACCATAACAAC-1,0.000188,0.002638,0.974363,0.022811
ACCAGTGCGGGAGACG-1,0.002994,0.00302,0.987866,0.006119
ACCATATCCGCAATAA-1,0.001076,0.007412,0.74654,0.244971
ACCATCCGCCAACTAG-1,0.000211,0.008669,0.970823,0.020297
ACCATCGTATATGGTA-1,0.001755,0.001759,0.789384,0.207102
ACCATTAAGGGTGTCA-1,0.000197,0.020307,0.798072,0.181425
ACCCAACGCCCGTGGC-1,0.002515,0.00253,0.944249,0.050706
ACCCACCTACATGCTC-1,0.009658,0.000302,0.783596,0.206444
ACCCATCTTGAGGGTA-1,0.002105,0.00206,0.991652,0.004183
ACCCATTTGTCCCTCT-1,0.013361,0.013513,0.662069,0.311057
ACCCGAGCGAAATTAC-1,0.338109,0.020232,0.020572,0.621087
ACCCGGAAACTCCCAG-1,0.000505,0.000533,0.628047,0.370915
ACCCGGAGCACCACAA-1,0.002535,0.002563,0.356148,0.638754
ACCCGGATGACGCATC-1,0.007738,0.007788,0.810525,0.173949
ACCCGGTTACACTTCC-1,0.000522,0.000546,0.825105,0.173826
ACCCGTAGTCTAGTTG-1,0.023507,0.001436,0.96547,0.009586
ACCCTATAGGACTGAG-1,0.000828,0.02237,0.793962,0.18284
ACCCTATGCCATATCG-1,0.003564,0.003431,0.986032,0.006973
ACCCTCCCGTCAGGGC-1,0.013361,0.013526,0.47804,0.495074
ACCCTCCCTTGCTATT-1,0.001553,0.001555,0.890951,0.105941
ACCCTGGTAACGCCCT-1,0.012751,0.002409,0.002459,0.982381
ACCCTTGCCTGGGTCG-1,0.037298,0.006118,0.006204,0.950381
ACCGAAGAGTCTGGTT-1,0.00956,0.009647,0.961188,0.019605
ACCGACACATCTCCCA-1,0.019859,0.000855,0.54051,0.438776
ACCGATAGGCATAACC-1,0.002207,0.00214,0.831687,0.163966
ACCGATATTTAATCAT-1,0.002358,0.002383,0.645977,0.349282
ACCGATGGTAGCATCG-1,0.005411,0.005476,0.660948,0.328165
ACCGCAATAACTGCCT-1,0.000486,0.006739,0.534872,0.457902
ACCGCGGTGGAAGTCG-1,0.003967,0.003968,0.722603,0.269462
ACCGGGCCTTTGTTGA-1,0.007064,0.006989,0.007105,0.978842
ACCGGTCAGGTACACC-1,0.183747,0.028825,0.729362,0.058065
ACCGTCCACTGGGCCC-1,0.100003,0.10048,0.10111,0.698407
ACCGTGACCACGTGGG-1,0.028572,0.028956,0.884032,0.058441
ACCTAAGTACCTTTCA-1,0.00467,0.004693,0.981125,0.009512
ACCTAATCGACTTCCT-1,0.000367,0.000356,0.806575,0.192701
ACCTACAGTATGTGGT-1,0.010549,0.010702,0.957131,0.021618
ACCTCCGCCCTCGCTG-1,0.050358,0.050293,0.797992,0.101357
ACCTCCGTTATTCACC-1,0.010566,0.010673,0.867581,0.111179
ACCTCGAACTTATGCT-1,0.095895,0.003985,0.583725,0.316395
ACCTGCGTGTCATGTT-1,0.000379,0.000369,0.998501,0.000751
ACGAAATGGGCGGCAC-1,0.005335,0.000387,0.827746,0.166532
ACGACCCATGAGTTGC-1,0.007665,0.019933,0.864205,0.108197
ACGACTCTAGGGCCGA-1,0.001044,0.008592,0.908068,0.082295
ACGACTGGTCATACTC-1,0.2,0.2,0.2,0.4
ACGAGAACCCATCACG-1,0.0041,0.00413,0.499857,0.491913
ACGAGGATACCACTCT-1,0.000275,0.000266,0.99892,0.00054
ACGAGGTTTACAACGT-1,0.068366,0.006741,0.370133,0.55476
ACGAGTACGGATGCCC-1,0.015451,0.015557,0.71869,0.250302
ACGAGTCGCCGGCGTT-1,0.000452,0.000447,0.998191,0.000909
ACGATACATAGAACTA-1,0.005567,0.005636,0.473739,0.515058
ACGATACCTATCCTGA-1,0.000205,0.044174,0.884266,0.071355
ACGATCATCTTGTAAA-1,0.033334,0.375592,0.522065,0.069009
ACGATGCATATGTTAT-1,0.010049,0.001926,0.590709,0.397316
ACGCAATCACTACAGC-1,0.21967,0.018418,0.236295,0.525618
ACGCATACGTTTACTA-1,0.023471,0.022425,0.90894,0.045164
ACGCCAGTGCGTTTGC-1,0.00716,0.007224,0.007336,0.978279
ACGCCGCTAGACGACC-1,0.00502,0.005041,0.97975,0.01019
ACGCCTGACACGCGCT-1,0.000544,0.042551,0.799025,0.15788
ACGCGAAGTCAGACGA-1,0.009243,0.001457,0.843386,0.145915
ACGCGCTACACAGGGT-1,0.008708,0.000495,0.748431,0.242366
ACGCGTTTCTTAAGAG-1,0.002004,0.044183,0.807159,0.146654
ACGCTACTGAATGGGC-1,0.00036,0.000405,0.865535,0.1337
ACGCTAGTGATACACT-1,0.011123,0.011221,0.95499,0.022666
ACGCTGTGAGGCGTAG-1,0.026786,0.002699,0.804531,0.165983
ACGGAACACGAGTGCC-1,0.029198,0.002176,0.298325,0.670301
ACGGAATTTAGCAAAT-1,0.000851,0.000837,0.667714,0.330598
ACGGACTCTCAAAGCG-1,0.000165,0.000168,0.525831,0.473836
ACGGAGCGCAAATTAC-1,0.011132,0.011231,0.338495,0.639142
ACGGATGGTGCGGATA-1,0.000386,0.00038,0.000385,0.998849
ACGGCACTTGCTTGGG-1,0.001793,0.001808,0.434,0.5624
ACGGCGACGATGGGAA-1,0.00032,0.004276,0.745683,0.24972
ACGGCGGGTTGCCCTG-1,0.003379,0.003169,0.429212,0.564239
ACGGCTGGATGTAGAA-1,0.02,0.020216,0.918402,0.041382
ACGGGAGTGTCGGCCC-1,0.001554,0.00151,0.993878,0.003057
ACGGGCGTATGCGACA-1,0.10598,0.007783,0.007974,0.878262
ACGGGTCATGTGACTT-1,0.009606,0.000741,0.680001,0.309652
ACGGTACAGTTCAATG-1,0.008023,0.008109,0.665847,0.318021
ACGTATTACTCCGATC-1,0.008018,0.008154,0.798201,0.185627
ACGTCTCGTTCCGGGA-1,0.000165,0.00017,0.945292,0.054373
ACGTGACAAAGTAAGT-1,0.016737,0.000225,0.982581,0.000457
ACGTTAATGTCGAAGA-1,0.011354,0.013174,0.887746,0.087725
ACGTTAGATTTGCCCG-1,0.000585,0.000606,0.53234,0.466469
ACGTTATTGGTCACTC-1,0.024361,0.000473,0.974202,0.000964
ACGTTCGCAATCAATT-1,0.002712,0.002739,0.592912,0.401637
ACGTTCTGTACAAGTC-1,0.000277,0.000271,0.734577,0.264875
ACGTTTCGGTGCACTT-1,0.000291,0.000287,0.837523,0.161899
ACTAAGGACGCACACC-1,0.01002,0.010111,0.010283,0.969586
ACTACATCCCGACAAG-1,0.101577,0.101272,0.592701,0.204449
ACTACCAGCTCTCTGG-1,0.027335,0.0025,0.50647,0.463695
ACTAGTTGCGATCGTC-1,0.007414,0.007535,0.969816,0.015235
ACTATATGCTGTGTTC-1,0.055532,0.003899,0.430017,0.510551
ACTATCCAGGGCATGG-1,0.004468,0.004491,0.981942,0.009099
ACTATCGCCGGCTAAA-1,0.000848,0.015989,0.981456,0.001707
ACTATCTGCCCGCGTA-1,0.011779,0.011907,0.012199,0.964115
ACTATGTCCAGCTGCC-1,0.2,0.2,0.2,0.4
ACTATTTCCGGGCCCA-1,0.002013,0.002029,0.99185,0.004108
ACTCAACGAATGTATT-1,0.001339,0.001341,0.542433,0.454887
ACTCAAGTGCAAGGCT-1,0.000207,0.000207,0.393136,0.606449
ACTCAGACCTGCTTCT-1,0.000388,0.05859,0.470084,0.470938
ACTCCAATATCATCAT-1,0.066669,0.067543,0.068929,0.796859
ACTCCCATTCCTAAAG-1,0.000439,0.000441,0.845379,0.153741
ACTCCCGAATTCGTTT-1,0.014286,0.014506,0.941923,0.029285
ACTCCCGTAGACTAGG-1,0.038005,0.070109,0.168173,0.723713
ACTCCCTAATGCTAAA-1,0.007495,0.000315,0.571877,0.420313
ACTCCCTAGAATAGTA-1,0.001104,0.02681,0.684268,0.287819
ACTCCGGCCGACCACT-1,0.004017,0.004425,0.883367,0.108191
ACTCGATGTATTTCAT-1,0.000401,0.000407,0.938277,0.060914
ACTCGCCGTTCGATAA-1,0.001542,0.001534,0.70047,0.296455
ACTCGCGATCTGACGC-1,0.002417,0.002532,0.479206,0.515845
ACTCGTAACCCGTCCT-1,0.000339,0.000322,0.998686,0.000653
ACTCGTCAGTAATCCC-1,0.000351,0.000381,0.883541,0.115727
ACTCTAAACCTGGGAT-1,0.00383,0.006754,0.743748,0.245668
ACTCTCTGACTTAGGT-1,0.000712,0.004983,0.841735,0.152569
ACTCTGACCTAATAGA-1,0.007421,0.007502,0.969682,0.015394
ACTCTTCAGCTCCCGC-1,0.006682,0.006739,0.740688,0.24589
ACTGAAACGCCGTTAG-1,0.000543,0.003481,0.618739,0.377237
ACTGAATGGCGAAAGT-1,0.000708,0.000703,0.880787,0.117802
ACTGCGGACACACCGT-1,0.015564,0.002933,0.442975,0.538528
ACTGCTCGGAAGGATG-1,0.00038,0.000378,0.998475,0.000767
ACTGGCGAACCTGCGT-1,0.014287,0.014446,0.386182,0.585084
ACTGTACGATACACAT-1,0.022222,0.022578,0.519423,0.435776
ACTGTAGCACTTTGGA-1,0.003639,0.003684,0.452436,0.540241
ACTGTATACGCGAGCA-1,0.001167,0.008181,0.604658,0.385993
ACTGTCCAGGATTATA-1,0.014791,0.002851,0.847572,0.134786
ACTGTGCTAGTAGATC-1,0.002943,0.000483,0.663213,0.333361
ACTTACGCATCCACGC-1,0.000438,0.000424,0.403887,0.595251
ACTTAGTACGACAAGA-1,0.000479,0.000472,0.719215,0.279833
ACTTATACTTACCCGG-1,0.002556,0.002499,0.989846,0.005099
ACTTATTAGGATCGGT-1,0.001795,0.001778,0.99276,0.003667
ACTTATTTATGTGCCA-1,0.000356,0.02826,0.960511,0.010873
ACTTCAGGCTGATCCC-1,0.000624,0.00063,0.491835,0.506911
ACTTCCAGTGGAAGCT-1,0.016684,0.01689,0.931687,0.034738
ACTTCCATGCGGGACA-1,0.000345,0.000348,0.253867,0.745441
ACTTCGCTAGCGAGTG-1,0.012854,0.012616,0.858458,0.116072
ACTTGACTCCCTCTTT-1,0.001587,0.001569,0.643966,0.352879
ACTTGGGACCCGGTGG-1,0.001866,0.001856,0.68452,0.311757
ACTTGTAGTCCCTTCA-1,0.002398,0.000206,0.927005,0.070391
ACTTGTGGATGGAACG-1,0.040132,0.040428,0.837977,0.081463
ACTTTACCCTCATGAA-1,0.011136,0.011272,0.954544,0.023048
ACTTTGACTGCATCCT-1,0.000431,0.000424,0.998285,0.00086
ACTTTGGTCGTGCTCC-1,0.018389,0.018416,0.018682,0.944512
ACTTTGTCGACGCACT-1,0.004178,0.004217,0.714925,0.27668
AGAAATTATGACTCGC-1,0.053723,0.002934,0.420945,0.522398
AGAACCCAGCGTGACA-1,0.038972,0.007255,0.93902,0.014752
AGAACCCTCAATTGGG-1,0.2,0.2,0.2,0.4
AGAACTGTACTTTGTA-1,0.008975,0.02564,0.573283,0.392103
AGAAGAGCGCCGTTCC-1,0.05,0.050792,0.051769,0.847439
AGAAGGTACACTTCAC-1,0.000251,0.000243,0.975029,0.024477
AGAAGGTTGCCGAATT-1,0.000894,0.0009,0.980038,0.018169
AGAAGGTTGTAGGTCG-1,0.000257,0.000262,0.681093,0.318388
AGAAGTGATTCGTGAT-1,0.001801,0.00179,0.992783,0.003626
AGAATAAATCTTCAGG-1,0.003305,0.00326,0.986844,0.006591
AGAATACAGGCTATCC-1,0.000907,0.014279,0.628758,0.356057
AGAATGCGGGTTCGGA-1,0.021543,0.003431,0.784349,0.190677
AGAATTATGGATTCGA-1,0.000627,0.011865,0.986221,0.001287
AGAATTGTTTGACATA-1,0.008662,0.000401,0.810872,0.180065
AGACAGCTCAGAATCC-1,0.000192,0.000191,0.681623,0.317994
AGACAGGCATCTCAGC-1,0.002344,0.002089,0.991322,0.004245
AGACATAGATCCTTCC-1,0.03061,0.183024,0.456804,0.329561
AGACCAAACCACACCT-1,0.000291,0.00029,0.998829,0.00059
AGACCATGGGATACAA-1,0.00055,0.000534,0.86766,0.131256
AGACCCGCCCTCCTCG-1,0.005048,0.000296,0.338607,0.656049
AGACCGCTCCGCGGTT-1,0.003051,0.003066,0.79416,0.199722
AGACCGGGAAACCCTG-1,0.00386,0.003891,0.984384,0.007865
AGACGAAGTGCCGGTC-1,0.006974,0.00701,0.43714,0.548875
AGACGACGATGCCGCT-1,0.002038,0.002025,0.848585,0.147352
AGACGCCCACTTCGCC-1,0.014622,0.001838,0.691593,0.291947
AGACTAGCCTTCCAGA-1,0.002915,0.002697,0.482031,0.512357
AGACTGTTACCGGGTC-1,0.000546,0.007392,0.822286,0.169775
AGAGAACCGTCTAGGA-1,0.008013,0.008073,0.967292,0.016622
AGAGAAGGAGTACAAT-1,0.004447,0.004508,0.861883,0.129161
AGAGATCTCTAAAGCG-1,0.006901,0.006978,0.97194,0.014181
AGAGCAGTTATGAGAC-1,0.00678,0.002812,0.952519,0.037889
AGAGCCGCCGAGATTT-1,0.070025,0.008438,0.904409,0.017127
AGAGCGCTTGTAACGG-1,0.012892,0.012699,0.948683,0.025725
AGAGCGTACAAGCTCG-1,0.000587,0.019804,0.746766,0.232843
AGAGCTACGAAAGCAT-1,0.009783,0.002114,0.983801,0.004302
AGAGGCTTCGGAAACC-1,0.006493,0.006149,0.872208,0.11515
AGAGTAAACTTCACTA-1,0.014329,0.014473,0.666,0.305198
AGAGTATAGTGTTACG-1,0.007693,0.007774,0.71711,0.267423
AGAGTCTTAATGAAAG-1,0.000486,0.074017,0.828697,0.096799
AGAGTTGCAGGCCTCC-1,0.088096,0.008785,0.338198,0.564922
AGATAACTTCAGGGCC-1,0.001983,0.002006,0.991936,0.004074
AGATACCAATAGAACC-1,0.011466,0.002698,0.642277,0.343559
AGATACCAGCACTTCA-1,0.113659,0.007516,0.415457,0.463369
AGATACCGGTGTTCAC-1,0.002308,0.002329,0.757733,0.237629
AGATACGACTTCATAT-1,0.000356,0.000343,0.523633,0.475668
AGATACTCAAGATCGA-1,0.000529,0.000526,0.567025,0.43192
AGATATAATACGACTA-1,0.004736,0.000485,0.541044,0.453735
AGATCGTGCATAAGAT-1,0.016688,0.016907,0.561169,0.405237
AGATGAGGGTTGCGAT-1,0.018212,0.018405,0.368223,0.59516
AGATGATGGAGTCTGG-1,0.005788,0.00578,0.843948,0.144484
AGATGCAAGACGTGCA-1,0.011206,0.011256,0.279463,0.698076
AGATGCATCCTGTGTC-1,0.01216,0.000176,0.969256,0.018408
AGATGCTATAACGAGC-1,0.000324,0.00033,0.000331,0.999015
AGATTATAGGACGTTT-1,0.006779,0.006128,0.974716,0.012377
AGATTCACAACCGATA-1,0.00422,0.000245,0.959075,0.036461
AGCAAAGGCCGCTAGT-1,0.000167,0.000169,0.000167,0.999497
AGCAACATATCTTATT-1,0.004683,0.004722,0.857566,0.133029
AGCAACCGAAAGTAAT-1,0.00108,0.001038,0.826829,0.171053
AGCACTACCGGCCTGT-1,0.001039,0.001043,0.995799,0.002119
AGCACTACCTCACCAG-1,0.024818,0.00063,0.60516,0.369392
AGCACTTAAGGACGCC-1,0.000447,0.000446,0.904949,0.094158
AGCATATCAATATGCT-1,0.020037,0.020227,0.918373,0.041363
AGCATCATTTCGAAAG-1,0.006448,0.00023,0.96802,0.025302
AGCATCGTCGATAATT-1,0.004989,0.000317,0.353567,0.641127
AGCATTACGAGGCAAG-1,0.000787,0.006148,0.848572,0.144493
AGCCACAGGTTACCCG-1,0.000244,0.020826,0.527223,0.451707
AGCCACTCCCGTGCTT-1,0.002061,0.001873,0.992266,0.0038
AGCCCATACATGTAAG-1,0.039948,0.005454,0.943555,0.011043
AGCCCGCACTACAATG-1,0.024552,0.002474,0.84433,0.128645
AGCCCGGCATTAGAGG-1,0.020534,0.020365,0.020741,0.938359
AGCCCTGTCGCACCGT-1,0.006919,0.006999,0.851268,0.134814
AGCCCTTCTAATCCGA-1,0.045754,0.002894,0.254007,0.697345
AGCCCTTGGACATCCC-1,0.002722,0.023948,0.618736,0.354594
AGCCGCAAATTCAAAT-1,0.000164,0.000162,0.999345,0.000329
AGCCGCTTGATTAGCG-1,0.003673,0.003547,0.970582,0.022198
AGCCGTGGCTAAATGT-1,0.002158,0.002177,0.991267,0.004398
AGCCTAATACCCACGT-1,0.014247,0.000279,0.906486,0.078988
AGCCTTAAAGCGGAAG-1,0.000227,0.000221,0.639305,0.360247
AGCGACAGGAACGGTC-1,0.00456,0.004589,0.981563,0.009288
AGCGACATCCCATTCA-1,0.000312,0.035019,0.42351,0.541159
AGCGACCAACGATATT-1,0.000389,0.000406,0.499795,0.499411
AGCGATGCGCCTAATA-1,0.001342,0.00135,0.994571,0.002737
AGCGCGGGTGCCAATG-1,0.014308,0.014448,0.941447,0.029797
AGCGCTAGAGCGATGT-1,0.00163,0.011744,0.606645,0.37998
AGCGGCGGTTAGCGGT-1,0.006139,0.000221,0.993189,0.000451
AGCGGGAAGGGTCCAT-1,0.000373,0.000392,0.623719,0.375516
AGCGGTTGCCGCTCTG-1,0.004771,0.00482,0.429184,0.561225
AGCGTACGAGAGCTAG-1,0.009408,0.000603,0.738793,0.251196
AGCGTAGCGCTAGACC-1,0.022381,0.022505,0.023125,0.931989
AGCGTCTGAACCCGCA-1,0.01106,0.086777,0.70851,0.193653
AGCGTGGTATTCTACT-1,0.001311,0.00129,0.475975,0.521423
AGCTAACAAGCAATGT-1,0.066667,0.067219,0.068668,0.797446
AGCTAAGTACGCAGGC-1,0.000162,0.000159,0.552065,0.447613
AGCTAGAAGCAGAAGT-1,0.01177,0.011905,0.492787,0.483538
AGCTCCATATATGTTC-1,0.013349,0.013493,0.43544,0.537718
AGCTCCTTCGCACATC-1,0.003789,0.003752,0.620943,0.371516
AGCTCGTTGATGGAAA-1,0.004091,0.003817,0.277358,0.714734
AGCTCTAGACGTTCCA-1,0.00044,0.018146,0.948279,0.033135
AGCTCTTCCCAGTGCA-1,0.007432,0.007508,0.969796,0.015265
AGCTCTTCGTAACCTT-1,0.003913,0.003888,0.63843,0.353769
AGCTCTTTACTCAGTT-1,0.001329,0.001332,0.574489,0.42285
AGCTGAAGTAAACCAA-1,0.082619,0.015904,0.86937,0.032107
AGCTGTAACCTCAATC-1,0.001308,0.001317,0.921773,0.075602
AGCTTCTTCTCGAGCA-1,0.000408,0.000396,0.647505,0.351691
AGCTTGATCTTAACTT-1,0.005405,0.005346,0.97832,0.010929
AGGAAAGCCTCTGATG-1,0.005684,0.000443,0.911182,0.08269
AGGAACGAACGACTTC-1,0.0034,0.638768,0.32966,0.028173
AGGACAGTCGAATCCC-1,0.000378,0.010881,0.749848,0.238892
AGGACATCGCACGTCG-1,0.000419,0.009134,0.409942,0.580505
AGGACATCGGCACACT-1,0.000536,0.000584,0.725134,0.273746
AGGACGACCCATTAGA-1,0.000996,0.000933,0.87755,0.120521
AGGACGCTCGATGTTG-1,0.034205,0.006981,0.55248,0.406334
AGGACTTATAGGAGAA-1,0.000186,0.340685,0.436065,0.223064
AGGAGACATCCACAGT-1,0.006475,0.249716,0.730433,0.013375
AGGAGAGTCTGGCTAC-1,0.057909,0.006762,0.690976,0.244353
AGGAGGCCTTCGCGCG-1,0.010622,0.010604,0.957372,0.021402
AGGATAAAGTCGGGAT-1,0.000331,0.000329,0.680122,0.319218
AGGATATAGGGATTTA-1,0.020907,0.020244,0.917306,0.041543
AGGATATCCGACTGCA-1,0.001331,0.001324,0.572433,0.424912
AGGATCACGCGATCTG-1,0.000355,0.000336,0.801019,0.19829
AGGATTGCTTACGACA-1,0.003103,0.003111,0.268483,0.725303
AGGCAATACGGAGGAC-1,0.00049,0.000495,0.897934,0.101081
AGGCACGTGACTGTCC-1,0.003474,0.003497,0.896104,0.096926
AGGCAGATGCGTAAAC-1,0.00212,0.002131,0.166615,0.829134
AGGCATTGTCGTAGGG-1,0.016742,0.133344,0.815466,0.034448
AGGCCACATTGGTTAC-1,0.00605,0.054244,0.630616,0.30909
AGGCCACCCGTTATGA-1,0.001292,0.001263,0.831949,0.165496
AGGCCCAGTGACTGGT-1,0.001707,0.001607,0.539996,0.45669
AGGCCCATTGTACAGG-1,0.000283,0.000294,0.435242,0.564181
AGGCCCTAGAACGCCA-1,0.004279,0.004291,0.982777,0.008653
AGGCCTGAGAATCTCG-1,0.000337,0.000345,0.577346,0.421972
AGGCGATAACTGGCGT-1,0.001007,0.001061,0.682033,0.3159
AGGCGGTTTGTCCCGC-1,0.028577,0.028837,0.884489,0.058097
AGGCGTCTATGGACGG-1,0.008074,0.008097,0.623908,0.359922
AGGCTATGGTTAGCTT-1,0.014046,0.000516,0.899531,0.085906
AGGCTTCCCGAAGAAG-1,0.001824,0.230808,0.645599,0.121768
AGGCTTGCTAGACACC-1,0.02187,0.000552,0.846778,0.130801
AGGGAAACGAGGTACT-1,0.002571,0.0215,0.352623,0.623306
AGGGACCGGCTGCGTT-1,0.003744,0.003748,0.79488,0.197629
AGGGAGACATACTTCG-1,0.011115,0.011243,0.011462,0.966181
AGGGCCCTAATGTTCT-1,0.000444,0.152978,0.726898,0.11968
AGGGCGAGCAGCTGAT-1,0.003647,0.003672,0.85275,0.13993
AGGGCGTGATCGGCTA-1,0.000299,0.020218,0.248968,0.730514
AGGGTCAGTAACCCTA-1,0.0264,0.003025,0.003082,0.967492
AGGGTCGATGCGAACT-1,0.00426,0.004312,0.982692,0.008736
AGGGTCTGGACGCAGT-1,0.001264,0.001242,0.823224,0.17427
AGGGTGCCGTTCTTTA-1,0.141716,0.001697,0.853108,0.003479
AGGGTGCTCTCGAGGG-1,0.02502,0.025261,0.898797,0.050922
AGGGTGGATAGTGCAT-1,0.000552,0.000555,0.905442,0.093451
AGGGTTCCCTTTGGTT-1,0.002416,0.00213,0.991139,0.004316
AGGTAACCTCCTATTC-1,0.000332,0.000339,0.571001,0.428327
AGGTAGATCGAGATAT-1,0.1,0.101109,0.594566,0.204325
AGGTAGGTACAAAGCT-1,0.00061,0.00059,0.893059,0.105742
AGGTATAATTGATAGT-1,0.003863,0.003893,0.69616,0.296084
AGGTATGCGGACATTA-1,0.013349,0.013476,0.945678,0.027498
AGGTCAGGTGAGAGTG-1,0.002282,0.002249,0.990882,0.004587
AGGTCGCCACTTCGGT-1,0.089148,0.015588,0.557704,0.33756
AGGTCGCCTCCCAACA-1,0.001238,0.010109,0.796937,0.191717
AGGTCGCGGAGTTACT-1,0.022822,0.022529,0.908355,0.046294
AGGTGCACGTCCACAT-1,0.082169,0.014432,0.874126,0.029272
AGGTGTATCGCCATGA-1,0.007163,0.00721,0.971109,0.014518
AGGTGTTGCCGACCAC-1,0.00056,0.013843,0.801355,0.184241
AGGTTACACCATGCCG-1,0.025181,0.00492,0.95993,0.00997
AGGTTCTCCTTTCCGG-1,0.022382,0.009462,0.364133,0.604022
AGTAACTATAGCAGCC-1,0.020954,0.003889,0.967272,0.007885
AGTAATGTCTTGCCGC-1,0.000314,0.000311,0.323424,0.675952
AGTACATCATTTATCA-1,0.016726,0.141707,0.807203,0.034365
AGTACGGCCCGTATCG-1,0.000842,0.000776,0.9968,0.001581
AGTACGGGCACCTGGC-1,0.004119,0.000445,0.915492,0.079944
AGTACTCTTATGCCCA-1,0.000325,0.000357,0.765795,0.233523
AGTAGGAAGGAAGTTG-1,0.009542,0.009618,0.764169,0.216672
AGTAGGTAACATACAT-1,0.000483,0.012426,0.759464,0.227627
AGTATAATACTAGGCA-1,0.000755,0.005521,0.832391,0.161334
AGTATCCATAATAACG-1,0.035912,0.015298,0.20289,0.745899
AGTATGCTGGAGACCA-1,0.022224,0.022542,0.670214,0.28502
AGTCAACACCACCATC-1,0.001073,0.001176,0.707729,0.290022
AGTCAAGATGACACTT-1,0.000451,0.006979,0.863967,0.128603
AGTCACTAGCTCTCGA-1,0.01115,0.011237,0.868472,0.109141
AGTCACTCCGCCTCAT-1,0.000414,0.014496,0.652757,0.332332
AGTCAGCCACCGCCTG-1,0.000661,0.000649,0.38345,0.61524
AGTCCAGCGGGTACGT-1,0.013554,0.000698,0.426179,0.55957
AGTCCATTGGCTGATG-1,0.010014,0.014752,0.660235,0.314999
AGTCCCGCCTTTAATT-1,0.010041,0.010107,0.010295,0.969557
AGTCCCTCGCAGAAAG-1,0.004597,0.004598,0.250316,0.740488
AGTCGAATTAGCGTAA-1,0.000286,0.000283,0.788807,0.210624
AGTCGACGGTCTCAAG-1,0.001885,0.021041,0.973179,0.003895
AGTCGGCCCAAACGAC-1,0.000433,0.043712,0.000438,0.955416
AGTCGGCTCAACTTTA-1,0.000999,0.017055,0.9799,0.002046
AGTCGGTTGCGTGAGA-1,0.042628,0.002351,0.274692,0.680329
AGTCGTATAAAGCAGA-1,0.000234,0.026744,0.574346,0.398676
AGTCGTCGACCACCAA-1,0.000268,0.000275,0.52646,0.472998
AGTCGTGGGCATTACG-1,0.000291,0.000291,0.998826,0.000592
AGTCTAAAGTATACTC-1,0.004658,0.004716,0.415957,0.574668
AGTCTCACAAGACTAC-1,0.000448,0.000427,0.998258,0.000867
AGTCTGGACATCCTTG-1,0.025868,0.000535,0.676816,0.296781
AGTCTTTAAAGTGTCC-1,0.011575,0.003662,0.829304,0.155459
AGTGAACAAACTTCTC-1,0.012567,0.012672,0.774684,0.200077
AGTGAAGATGGTGTCC-1,0.003406,0.187244,0.003457,0.805893
AGTGACCTACTTTACG-1,0.000453,0.01954,0.843077,0.13693
AGTGACTGTGACACAA-1,0.028435,0.000218,0.866069,0.105278
AGTGAGACTTCCAGTA-1,0.009527,0.009659,0.961118,0.019696
AGTGAGCCTCGCCGCC-1,0.028574,0.028749,0.884674,0.058003
AGTGAGTCGAATTAAC-1,0.000632,0.00063,0.763936,0.234802
AGTGATAACCTGCGCG-1,0.00023,0.000227,0.458548,0.540994
AGTGATATGAGTAGTT-1,0.000513,0.006024,0.763906,0.229557
AGTGATTCAAGCAGGA-1,0.006701,0.006754,0.476661,0.509884
AGTGCACGCTTAAGAA-1,0.035215,0.003821,0.003891,0.957073
AGTGCGTAGCTCGTAA-1,0.005138,0.005187,0.600216,0.389459
AGTGCTAAACACAGCA-1,0.000312,0.000309,0.587259,0.41212
AGTGCTTGCACGAATA-1,0.005275,0.005322,0.756927,0.232476
AGTGGCCCGCAAATGG-1,0.01322,0.045006,0.674617,0.267156
AGTGGCGGCAATTTGA-1,0.0167,0.016891,0.932026,0.034383
AGTGGCGTCTGAAGGT-1,0.000159,0.034781,0.445412,0.519649
AGTGGCTCCGTCGGCC-1,0.00149,0.001414,0.84403,0.153067
AGTGGGAGTATACACG-1,0.000245,0.01889,0.980372,0.000492
AGTGGTGTTACCCGTG-1,0.022817,0.00022,0.920837,0.056126
AGTGGTTGCGTATAGG-1,0.000239,0.000237,0.999045,0.00048
AGTGTATTGCGCATTG-1,0.018187,0.018451,0.018792,0.944571
AGTGTGCTAAGATCGC-1,0.002402,0.002408,0.934388,0.060802
AGTGTGGTCTATTGTG-1,0.008271,0.000266,0.990924,0.000539
AGTTAAACACTTGCGA-1,0.001004,0.001013,0.89471,0.103274
AGTTAAGTCAACCGCT-1,0.000204,0.000203,0.911812,0.087782
AGTTACCCTTAAGACT-1,0.003255,0.000295,0.978289,0.018161
AGTTACCGCACATGGT-1,0.000197,0.000193,0.793409,0.206202
AGTTACTCTATCGTGG-1,0.007938,0.007006,0.9708,0.014256
AGTTATTCAGACTGTG-1,0.019628,0.110542,0.533117,0.336713
AGTTCACCGGTTGGAC-1,0.000776,0.00074,0.95875,0.039734
AGTTCCTACAGAATTA-1,0.001886,0.029871,0.92073,0.047513
AGTTCTGCGTTGTATC-1,0.007291,0.00655,0.972892,0.013267
AGTTGACATCGGCTGG-1,0.001121,0.00852,0.77167,0.218689
AGTTGCTGACTGATAT-1,0.000784,0.000775,0.831471,0.166969
AGTTGGCAAGGCTAGA-1,0.0006,0.000605,0.914623,0.084171
AGTTTATGTAAAGACA-1,0.014249,0.01344,0.945257,0.027054
AGTTTGCACCTGCCTC-1,0.000189,0.000188,0.000191,0.999432
AGTTTGGCACGGGTTG-1,0.040004,0.040721,0.0407,0.878574
AGTTTGGCCAGACCTA-1,0.01114,0.096921,0.713391,0.178548
ATAAACGTTGCACCAC-1,0.020046,0.02029,0.687501,0.272163
ATAAAGGCTCGGTCGT-1,0.002049,0.002063,0.734418,0.261471
ATAAATATTAGCAGCT-1,0.000253,0.00025,0.99899,0.000507
ATAACGCCGGAGGGTC-1,0.000401,0.000402,0.729009,0.270188
ATAAGCAAACACCGAG-1,0.05127,0.025011,0.002302,0.921417
ATAAGGTGGAGAACAT-1,0.008504,0.510299,0.000668,0.480528
ATAAGTAGGATTCAGA-1,0.014328,0.01448,0.94164,0.029552
ATAAGTAGGGCGACTC-1,0.004657,0.041305,0.451488,0.502551
ATAAGTTACCGCGACG-1,0.000278,0.000279,0.865947,0.133496
ATAATACCGTTAGCCG-1,0.015955,0.000248,0.805214,0.178583
ATAATAGTGTAGGGAC-1,0.014069,0.000568,0.662796,0.322567
ATAATCTTGGAGAACC-1,0.005804,0.010879,0.705081,0.278236
ATACAGGCCCTCCAAT-1,0.023172,0.000398,0.334577,0.641854
ATACCACGGGCAACTT-1,0.007532,0.000599,0.84261,0.149258
ATACCCTGGCTCAAAT-1,0.006686,0.062843,0.74151,0.18896
ATACCGTCATCCATAA-1,0.006265,0.006323,0.115783,0.871629
ATACCTAACCAAGAAA-1,0.00076,0.000759,0.356569,0.641912
ATACGAAGGCTTTCCA-1,0.022778,0.022571,0.287314,0.667336
ATACGCCGGCGAAACC-1,0.000472,0.000469,0.760555,0.238504
ATACGGAACGTCGTTT-1,0.01313,0.001369,0.982724,0.002777
ATACGGGTTTCGATTG-1,0.002771,0.002768,0.483576,0.510884
ATACGGTGAAGATGCA-1,0.004013,0.003961,0.984017,0.00801
ATACGTACTTAGCCAC-1,0.000456,0.010714,0.429821,0.559009
ATACGTCCACTCCTGT-1,0.005058,0.005052,0.979615,0.010275
ATACTACCCGTACCAC-1,0.022357,0.02244,0.909072,0.046131
ATACTCTCGCCACTCT-1,0.010127,0.004403,0.98424,0.001231
ATACTGCCTTACACCG-1,0.000401,0.008689,0.362669,0.628241
ATACTTGTTCTCGAGC-1,0.001276,0.009914,0.986353,0.002457
ATAGACAACGGGACCT-1,0.019778,0.006526,0.472067,0.501629
ATAGACGAAGAGAAAG-1,0.001317,0.008364,0.824024,0.166295
ATAGAGTACTGGGACA-1,0.000683,0.000659,0.552636,0.446021
ATAGAGTTATCAACTT-1,0.009573,0.009787,0.835992,0.144647
ATAGCAACTAGGGAAG-1,0.002012,0.002028,0.63537,0.36059
ATAGCCATAACAGTCA-1,0.000159,0.000163,0.988818,0.01086
ATAGCCTCAGTACCCA-1,0.018938,0.000403,0.641741,0.338918
ATAGCTGCTCTTGTTA-1,0.054083,0.000474,0.739668,0.205775
ATAGGCGGCTATAGAA-1,0.004124,0.00413,0.98338,0.008366
ATAGGCTAGCTTCGCA-1,0.009795,0.009653,0.743144,0.237409
ATAGTTCCACCCACTC-1,0.010562,0.010633,0.957099,0.021706
ATATAAAGCGCTCGTG-1,0.000382,0.000379,0.289199,0.71004
ATATAAATGTAGCTGC-1,0.000312,0.000326,0.537885,0.461476
ATATAACACGGGCGCA-1,0.000241,0.000241,0.274647,0.724871
ATATACATGTATGGTA-1,0.014598,0.000218,0.751324,0.23386
ATATACGCTCGTGACG-1,0.014295,0.014418,0.941876,0.029412
ATATAGAGTATTGGTC-1,0.05006,0.050345,0.798032,0.101563
ATATCAACCTACAGAG-1,0.006464,0.006519,0.730154,0.256863
ATATCAATTCCAGCCT-1,0.100221,0.00698,0.707834,0.184965
ATATCGGTAGGGAGAT-1,0.002864,0.002888,0.501157,0.493091
ATATCGTTCCTCGAAC-1,0.000459,0.000456,0.557602,0.441483
ATATCTCCCTCGTTAA-1,0.013876,0.013469,0.564153,0.408502
ATATGTCTCCCTAGCC-1,0.005273,0.005345,0.8045,0.184882
ATATTATCCCGTATTT-1,0.004007,0.004048,0.860324,0.13162
ATATTCAGTTAAACCT-1,0.008708,0.008817,0.964577,0.017897
ATATTCCACATAGTGA-1,0.000646,0.000639,0.609558,0.389157
ATATTGCTGTCAAAGT-1,0.000838,0.000843,0.85915,0.139169
ATATTGGAGAGGCCTT-1,0.001374,0.010967,0.792405,0.195254
ATATTTAACCCTCAAG-1,0.001866,0.001843,0.321178,0.675113
ATCAAACACTGTTCCA-1,0.023823,0.004612,0.962204,0.009361
ATCAAACGAAGGTTTG-1,0.001159,0.001169,0.995304,0.002368
ATCAATGCCGTGGCTG-1,0.100004,0.101935,0.100749,0.697312
ATCACATTAGAATATC-1,0.00161,0.00158,0.773585,0.223225
ATCACGTGCTAATTAA-1,0.004368,0.004401,0.9823,0.008932
ATCAGACGGCACGCCG-1,0.012513,0.012662,0.482478,0.492347
ATCAGCCTCATGCTGC-1,0.000486,0.000483,0.272208,0.726823
ATCAGCTCGTCCACTA-1,0.004673,0.000317,0.819577,0.175432
ATCAGGTAGCTGACAG-1,0.012538,0.012644,0.012905,0.961913
ATCAGTAGGCAGGGAT-1,0.067595,0.006346,0.446358,0.4797
ATCATAGCCCTATGTA-1,0.007721,0.007776,0.363353,0.62115
ATCATGGACTACCGAC-1,0.007165,0.007229,0.212227,0.773379
ATCATTGTACCGCATT-1,0.2,0.2,0.2,0.4
ATCCAACGCAGTCATA-1,0.007695,0.014267,0.702838,0.275201
