Barcode,Topic 1,Topic 2,Topic 3to10
AAACAACGAATAGTTC-1,0.000049,0.412306,0.587646
AAACAAGTATCTCCCA-1,0.000049,0.16679,0.833161
AAACAATCTACTAGCA-1,0.000052,0.183342,0.816606
AAACACCAATAACTGC-1,0.000049,0.372229,0.627722
AAACAGCTTTCAGAAG-1,0.000103,0.107245,0.892652
AAACAGGGTCTATATT-1,0.000033,0.022427,0.97754
AAACATTTCCCGGATT-1,0.000185,0.000185,0.999631
AAACCCGAACGAAATC-1,0.000065,0.287222,0.712713
AAACCGGAAATGTTAA-1,0.000036,0.091707,0.908257
AAACCGGGTAGGTACC-1,0.000032,0.054189,0.945779
AAACCGTTCGTCCAGG-1,0.000036,0.000036,0.999927
AAACCTAAGCAGCCGG-1,0.000024,0.174152,0.825824
AAACCTCATGAAGTTG-1,0.000104,0.186668,0.813228
AAACGAAGAACATACC-1,0.000144,0.22874,0.771116
AAACGAGACGGTTGAT-1,0.000084,0.917533,0.082383
AAACGCTGGGCACGAC-1,0.000055,0.000055,0.99989
AAACGGGCGTACGGGT-1,0.000062,0.223374,0.776564
AAACGGGTTGGTATCC-1,0.000023,0.111464,0.888513
AAACGTGTTCGCCCTA-1,0.000211,0.157657,0.842132
AAACTCGGTTCGCAAT-1,0.000097,0.868644,0.131259
AAACTCGTGATATAAG-1,0.000329,0.327161,0.67251
AAACTTGCAAACGTAT-1,0.00004,0.010258,0.989702
AAAGAATGTGGACTAA-1,0.000039,0.043816,0.956144
AAAGACCCAAGTCGCG-1,0.000096,0.27288,0.727025
AAAGACTGGGCGCTTT-1,0.000039,0.324578,0.675383
AAAGCTTGCCTACATA-1,0.000042,0.315001,0.684957
AAAGGGCAGCTTGAAT-1,0.000022,0.111058,0.888921
AAAGTAGCATTGCTCA-1,0.000031,0.063499,0.93647
AAAGTCACTGATGTAA-1,0.000426,0.419037,0.580537
AAAGTCGACCCTCAGT-1,0.000032,0.209209,0.790759
AAAGTGCCATCAATTA-1,0.000041,0.218769,0.78119
AAAGTGTGATTTATCT-1,0.000038,0.054936,0.945026
AAAGTTGACTCCCGTA-1,0.000426,0.000426,0.999149
AAATAAGGTAGTGCCC-1,0.000042,0.000042,0.999916
AAATACCTATAAGCAT-1,0.000071,0.995801,0.004127
AAATAGCTTAGACTTT-1,0.000058,0.103196,0.896746
AAATAGGGTGCTATTG-1,0.000051,0.245083,0.754866
AAATCCGATACACGCC-1,0.000735,0.000735,0.998529
AAATCGTGTACCACAA-1,0.000079,0.049345,0.950576
AAATCTAGCCCTGCTA-1,0.000392,0.000392,0.999216
AAATGACTGATCAAAC-1,0.000093,0.08741,0.912497
AAATGATTCGATCAGC-1,0.000413,0.379279,0.620308
AAATGCTCGTTACGTT-1,0.000069,0.528191,0.47174
AAATGGCATGTCTTGT-1,0.002128,0.110092,0.887781
AAATGGCCCGTGCCCT-1,0.000036,0.006688,0.993277
AAATGGTCAATGTGCC-1,0.000048,0.145111,0.854841
AAATGTATCTTATCCC-1,0.000033,0.766287,0.23368
AAATGTGGGTGCTCCT-1,0.000075,0.323605,0.67632
AAATTAACGGGTAGCT-1,0.000054,0.220209,0.779736
AAATTAATAAGCGCGA-1,0.000066,0.869687,0.130246
AAATTACCTATCGATG-1,0.000118,0.124323,0.875559
AAATTCCAGGTCCAAA-1,0.000029,0.028773,0.971198
AAATTGATAGTCCTTT-1,0.000031,0.050857,0.949111
AAATTGCGGCGGTTCT-1,0.000062,0.571813,0.428126
AAATTGGTGAGAAGCA-1,0.000426,0.188295,0.81128
AAATTTGCGGGTGTGG-1,0.000015,0.133621,0.866364
AACAACTGGTAGTTGC-1,0.000041,0.069788,0.930171
AACAATACATTGTCGA-1,0.000027,0.067034,0.932939
AACAATTACTCTACGC-1,0.000485,0.203052,0.796463
AACACACGCTCGCCGC-1,0.000049,0.118268,0.881683
AACACGACTGTACTGA-1,0.000382,0.130196,0.869422
AACACGAGACGCGGCC-1,0.000039,0.037473,0.962488
AACACGCGGCCGCGAA-1,0.000032,0.288023,0.711945
AACAGCTGTGTGGCAA-1,0.000043,0.19906,0.800897
AACAGGAAATCGAATA-1,0.000368,0.440334,0.559299
AACAGGATGGGCCGCG-1,0.000067,0.288121,0.711812
AACAGGTAGTATGGAT-1,0.000047,0.127268,0.872685
AACATAGCGTGTATCG-1,0.000045,0.063767,0.936188
AACATATCAACTGGTG-1,0.000038,0.197176,0.802786
AACATCGATACGTCTA-1,0.000067,0.000067,0.999865
AACATTGGTCAGCCGT-1,0.000074,0.579847,0.420079
AACCAAGACTTCTCTG-1,0.000064,0.035437,0.964499
AACCATGGGATCGCTA-1,0.000059,0.183208,0.816733
AACCCAGAGACGGAGA-1,0.000052,0.155708,0.84424
AACCCATCCCATGATC-1,0.000114,0.541765,0.458122
AACCCGAGCAGAATCG-1,0.000041,0.050046,0.949913
AACCCTACTGTCAATA-1,0.000348,0.09827,0.901381
AACCCTGGTGGAACCA-1,0.00026,0.00026,0.99948
AACCGAGCTTGGTCAT-1,0.00013,0.531573,0.468297
AACCGCTAAGGGATGC-1,0.000047,0.071204,0.928749
AACCGTTGTGTTTGCT-1,0.00006,0.198651,0.801289
AACCTCGCTTTAGCCC-1,0.000781,0.491706,0.507513
AACCTGTCACGGAATT-1,0.000118,0.224421,0.775462
AACCTTTAAATACGGT-1,0.000059,0.865333,0.134608
AACCTTTACGACGTCT-1,0.00005,0.200397,0.799552
AACGACCTCCTAGCCG-1,0.00003,0.00003,0.99994
AACGATAATGCCGTAG-1,0.000083,0.564967,0.43495
AACGATAGAAGGGCCG-1,0.000391,0.537751,0.461858
AACGATATGTCAACTG-1,0.000175,0.850909,0.148916
AACGCATGATCTGGGT-1,0.000209,0.328427,0.671364
AACGCGAACGGCAACA-1,0.000075,0.441248,0.558677
AACGCGGTCTCCAGCC-1,0.000181,0.067461,0.932358
AACGCTGTTGCTGAAA-1,0.000043,0.0631,0.936856
AACGGACGTACGTATA-1,0.000087,0.199715,0.800198
AACGGCCATCTCCGGT-1,0.000032,0.140274,0.859693
AACGTACTGTGGGTAC-1,0.000062,0.089271,0.910666
AACGTAGTCTACCCAT-1,0.000062,0.134981,0.864957
AACGTCAGACTAGTGG-1,0.000084,0.198022,0.801895
AACGTCGCTGCACTTC-1,0.000036,0.005039,0.994925
AACGTGCGAAAGTCTC-1,0.000099,0.955891,0.04401
AACGTTATCAGCACCT-1,0.000085,0.722892,0.277023
AACGTTCTACCATTGT-1,0.000053,0.115562,0.884385
AACTACCCGTTTGTCA-1,0.000068,0.095169,0.904763
AACTAGCGTATCGCAC-1,0.000095,0.169804,0.830101
AACTAGGCTTGGGTGT-1,0.000164,0.324175,0.675661
AACTCAAGTTAATTGC-1,0.000033,0.049003,0.950964
AACTCCAGAGCGTGTT-1,0.001176,0.001177,0.997647
AACTCGATAAACACGT-1,0.00009,0.974181,0.025729
AACTCGATGGCGCAGT-1,0.000061,0.140309,0.859631
AACTCTCAATAGAGCG-1,0.000087,0.6604,0.339513
AACTCTCAGTGTGCTC-1,0.000048,0.000606,0.999346
AACTGAGTTATACTGA-1,0.000042,0.173263,0.826695
AACTGATATTAGGCCT-1,0.000061,0.260508,0.739431
AACTGGGTCCCGACGT-1,0.000136,0.127886,0.871978
AACTGGTGTGGGCCTT-1,0.000488,0.439535,0.559977
AACTTCTGCGTCTATC-1,0.000139,0.728935,0.270927
AACTTGCCCGTATGCA-1,0.000763,0.070715,0.928521
AACTTGCGTTCTCGCG-1,0.000117,0.32088,0.679003
AACTTTACGGGAGCTT-1,0.000057,0.577218,0.422725
AACTTTAGCTGCTGAG-1,0.000143,0.277288,0.722568
AACTTTCTCGATCATG-1,0.00028,0.107839,0.891881
AAGAAATCACCAGATT-1,0.000427,0.000427,0.999145
AAGAAGGATCAGTTAG-1,0.000051,0.131384,0.868566
AAGACATACGTGGTTT-1,0.000047,0.189647,0.810306
AAGACTAACCCGTTGT-1,0.000114,0.200945,0.798941
AAGAGATGAATCGGTA-1,0.00028,0.095299,0.904421
AAGAGCTCTTTATCGG-1,0.000125,0.967292,0.032583
AAGAGGATGTACGCGA-1,0.000051,0.212361,0.787588
AAGAGGCATGGATCGC-1,0.000132,0.962538,0.03733
AAGAGGCCCTTTGGAA-1,0.00005,0.112165,0.887785
AAGATGGCACCGGACC-1,0.00002,0.035554,0.964426
AAGATTGGCGGAACGT-1,0.000056,0.137378,0.862565
AAGCACCCTGCGTATC-1,0.000102,0.245225,0.754673
AAGCATACTCTCCTGA-1,0.00005,0.891716,0.108234
AAGCCGAAGCGGTTTA-1,0.000056,0.000056,0.999888
AAGCCGCTTTACCTTG-1,0.000275,0.000275,0.99945
AAGCCGGAGAGCAGGA-1,0.000031,0.088258,0.911711
AAGCGCAGGGCTTTGA-1,0.000125,0.260129,0.739745
AAGCGTCCCTCATCGA-1,0.000038,0.09881,0.901152
AAGCTAGATCGAGTAA-1,0.00004,0.706623,0.293337
AAGCTCGTGCCAAGTC-1,0.000114,0.998973,0.000912
AAGCTCTTTCATGGTG-1,0.002,0.53238,0.46562
AAGGAGAACTTATAAG-1,0.000071,0.285494,0.714435
AAGGAGCGGTTGGTGC-1,0.000063,0.041629,0.958308
AAGGATCGATCGCTTG-1,0.000069,0.16164,0.83829
AAGGATGAGGGACCTC-1,0.000065,0.443865,0.55607
AAGGCAGGCTGTCTCC-1,0.000055,0.00213,0.997816
AAGGCGCGTAAAGCTT-1,0.000076,0.085223,0.914702
AAGGCTGTGCTCATCG-1,0.000053,0.000053,0.999895
AAGGGACAGATTCTGT-1,0.000084,0.147557,0.852359
AAGGGACTATGCATTC-1,0.000043,0.247893,0.752064
AAGGGTTAGCCATGCG-1,0.000071,0.088658,0.911271
AAGGTATCCTAATATA-1,0.000162,0.998546,0.001293
AAGGTGATAAACCAGC-1,0.000314,0.263108,0.736578
AAGTAAGCTTCCAAAC-1,0.000047,0.21097,0.788983
AAGTAGAAGACCGGGT-1,0.000056,0.01024,0.989704
AAGTAGTGACGCGAGG-1,0.000075,0.042237,0.957688
AAGTCAATTGTCGTCA-1,0.000045,0.146938,0.853017
AAGTCTAGTAGCTGCC-1,0.000277,0.184449,0.815274
AAGTCTTCTGTGGCCT-1,0.00006,0.237782,0.762158
AAGTGACGACCGAATT-1,0.000035,0.066932,0.933033
AAGTGCAAAGGTAGAC-1,0.000061,0.508855,0.491085
AAGTGCCTTGACTGTA-1,0.00006,0.087979,0.911961
AAGTGCGTTAGAATCT-1,0.000033,0.030461,0.969506
AAGTGTTTGGAGACGG-1,0.000076,0.487003,0.512921
AAGTTCACTCCAAGCT-1,0.000302,0.100846,0.898851
AAGTTCAGTCTGCGTA-1,0.00013,0.043148,0.956721
AAGTTCGGCCAACAGG-1,0.000032,0.095424,0.904545
AAGTTGTGATGTTATA-1,0.000033,0.027417,0.97255
AAGTTTACTAATGGCA-1,0.000072,0.132892,0.867036
AAGTTTATGGGCCCAA-1,0.000039,0.329791,0.670171
AATAACAACGCTCGGC-1,0.00004,0.073084,0.926876
AATAACACTAGAACAA-1,0.000039,0.000039,0.999922
AATAACGTCGCGCCCA-1,0.000047,0.056626,0.943327
AATAAGTCCTCGAGAC-1,0.000138,0.051814,0.948048
AATAATCTTCGTATCG-1,0.000044,0.087584,0.912372
AATACAATGTTTCAGG-1,0.000135,0.415573,0.584292
AATACCTGATGTGAAC-1,0.000051,0.000051,0.999897
AATAGAACAGAGTGGC-1,0.000038,0.065939,0.934023
AATAGAATCTGTTTCA-1,0.000901,0.600675,0.398424
AATAGCTACCGCGTGC-1,0.000039,0.136827,0.863135
AATAGTCGCGAGTCGG-1,0.000091,0.82652,0.173389
AATATCAAGGTCGGAT-1,0.000015,0.000015,0.99997
AATATCGAATCAATGC-1,0.000051,0.014644,0.985306
AATATCGAGGGTTCTC-1,0.000021,0.001588,0.998391
AATATTGGAGTATTGA-1,0.000142,0.072443,0.927415
AATCAGACTGCAGGAC-1,0.000041,0.119624,0.880335
AATCATGTAAAGACTC-1,0.000526,0.289568,0.709905
AATCCAAGGGCCTGAG-1,0.000121,0.285535,0.714344
AATCCATGCAAGGGTG-1,0.000066,0.193485,0.806449
AATCGAGGTCTCAAGG-1,0.000089,0.187863,0.812048
AATCGCCTCAGCGCCA-1,0.0025,0.977493,0.020007
AATCGCGCAGAGGACT-1,0.00006,0.322691,0.677249
AATCGGGACACTACGA-1,0.000087,0.248154,0.751759
AATCGGTATAGCCCTC-1,0.000037,0.041617,0.958346
AATCGTGAGCCGAGCA-1,0.000172,0.000172,0.999656
AATCTAGGTTTACTTG-1,0.000028,0.088149,0.911823
AATCTATGCCGGAGCC-1,0.000041,0.068587,0.931372
AATCTCTACTGTGGTT-1,0.000067,0.529385,0.470548
AATCTGCGTTGGGACG-1,0.000065,0.231442,0.768493
AATCTGGCTTTCTAGT-1,0.000029,0.06502,0.934952
AATGACAGCAATGTCT-1,0.000033,0.059839,0.940128
AATGACGTAGGATGTC-1,0.000133,0.736345,0.263522
AATGACTGTCAGCCGG-1,0.000063,0.137418,0.862519
AATGAGTTCGCATATG-1,0.000191,0.852782,0.147027
AATGATGATACGCTAT-1,0.000056,0.340561,0.659384
AATGATGCGACTCCTG-1,0.000023,0.000023,0.999954
AATGCAACCGGGTACC-1,0.000056,0.043124,0.95682
AATGCACCAAGCAATG-1,0.000044,0.026529,0.973427
AATGGTCCACCGTTCA-1,0.000041,0.11039,0.889569
AATGGTTCTCACAAGC-1,0.000109,0.128666,0.871225
AATGTGCCCGAGGTGT-1,0.000035,0.156592,0.843373
AATGTTAAGACCCTGA-1,0.000066,0.110993,0.88894
AATGTTGTCGTGAGAC-1,0.00006,0.055524,0.944415
AATTAAAGGTCGGCGT-1,0.000057,0.141264,0.858679
AATTAACGGATTTCCA-1,0.00011,0.934225,0.065665
AATTACTCGTACGCTC-1,0.000127,0.850039,0.149834
AATTAGCGCTGCAGCG-1,0.000055,0.06768,0.932265
AATTATACCCAGCAAG-1,0.000052,0.000052,0.999896
AATTCATAAGGGATCT-1,0.000061,0.173517,0.826422
AATTCCAACTTGGTGA-1,0.000093,0.845254,0.154653
AATTCGATTCGAGGAT-1,0.001282,0.474361,0.524357
AATTGAACGCTCTGGT-1,0.000181,0.549551,0.450268
AATTGCAGCAATCGAC-1,0.000064,0.111501,0.888435
AATTGTGGTTGCCAAA-1,0.000045,0.126044,0.873911
AATTTGGTTCCAAAGA-1,0.000158,0.117953,0.881889
ACAAAGCATGACCTAG-1,0.000043,0.027358,0.972599
ACAAATCGCACCGAAT-1,0.000086,0.508325,0.491589
ACAAATGGTAGTGTTT-1,0.000228,0.406461,0.593311
ACAACAGCATGAGCTA-1,0.000076,0.534619,0.465305
ACAACGGTCCCTGCGA-1,0.000014,0.001808,0.998178
ACAAGCAGTGCCTAGC-1,0.000735,0.213014,0.786251
ACAAGCTATATGGAAG-1,0.000149,0.362844,0.637008
ACAAGGAAATCCGCCC-1,0.000038,0.560457,0.439505
ACAAGGACAAGAGGTT-1,0.000076,0.141148,0.858776
ACAAGGATGCTTTAGG-1,0.001515,0.159367,0.839118
ACAAGGGCAGGCTCTG-1,0.000103,0.890899,0.108999
ACAATAGTCGTACGTT-1,0.000038,0.101671,0.89829
ACAATCCATTTAAACC-1,0.000037,0.095492,0.904471
ACAATCGATCTTTATA-1,0.000926,0.183294,0.81578
ACAATGAATACGGAGA-1,0.00003,0.20682,0.79315
ACAATTGTGTCTCTTT-1,0.000069,0.386981,0.61295
ACAATTTAGGAGGCTC-1,0.000068,0.638349,0.361583
ACAATTTGAGCAGTGG-1,0.000176,0.969763,0.030061
ACAATTTGGCCATATT-1,0.000262,0.280916,0.718821
ACACAAAGACGGGTGG-1,0.000038,0.100685,0.899278
ACACAAATATTCCTAG-1,0.000231,0.281033,0.718737
ACACACCAGGACCAGT-1,0.000676,0.1233,0.876024
ACACACTTTCTACACG-1,0.000069,0.347768,0.652163
ACACATGATCAAATCT-1,0.000046,0.297781,0.702173
ACACATTGACGCAACA-1,0.000097,0.916116,0.083786
ACACATTTCCGTAGAC-1,0.000114,0.905876,0.09401
ACACCACATAATTAGC-1,0.000067,0.249955,0.749978
ACACCCAGCATGCAGC-1,0.000077,0.132834,0.86709
ACACCCGAGAAATCCG-1,0.000075,0.212166,0.787758
ACACCGAGCGCTCTTT-1,0.000047,0.499671,0.500282
ACACCTTAAGTAGGGC-1,0.00009,0.090066,0.909844
ACACCTTACTACTTGC-1,0.000113,0.5361,0.463787
ACACGAGACTCCTTCT-1,0.000074,0.168335,0.831591
ACACGGCACTATGCAT-1,0.000242,0.000242,0.999517
ACACGGGAACTTAGGG-1,0.000158,0.396877,0.602965
ACACGTAGGCCACAAG-1,0.000079,0.148075,0.851846
ACACTCCAATGTCACT-1,0.00011,0.706313,0.293576
ACACTGATCAAGGTGT-1,0.000057,0.145366,0.854577
ACACTGGGACAGTCGT-1,0.000053,0.102817,0.89713
ACAGAACTGAGAACAA-1,0.000029,0.032217,0.967754
ACAGATTAGGTTAGTG-1,0.000128,0.540517,0.459355
ACAGCATAGAGCCAGT-1,0.000136,0.466331,0.533533
ACAGCGACATTCTCAT-1,0.00021,0.00021,0.99958
ACAGGAGGCGCAGCCG-1,0.000045,0.999592,0.000362
ACAGGCACGGATCCTT-1,0.00005,0.053713,0.946237
ACAGGCTTGCCCGACT-1,0.000578,0.244035,0.755387
ACAGGTGGAGGTGAGG-1,0.000032,0.000032,0.999935
ACAGGTGTGTTGTTGC-1,0.000077,0.374401,0.625522
ACAGTAATACAACTTG-1,0.000026,0.000026,0.999948
ACAGTATACCGTGGGA-1,0.000078,0.158632,0.84129
ACATAATAAGGCGGTG-1,0.000117,0.192894,0.806989
ACATACAATCAAGCGG-1,0.000045,0.058324,0.941631
ACATCAGCTGGGACGC-1,0.000104,0.7129,0.286996
ACATCCTGGTAACTGT-1,0.000052,0.149023,0.850925
ACATCGATCGTTTACC-1,0.00006,0.00006,0.999881
ACATCGGTCAGCCGCG-1,0.000035,0.048016,0.951949
ACATCGTATGCAATGG-1,0.000218,0.661041,0.338741
ACATCGTTAACCTAGT-1,0.000221,0.000221,0.999558
ACATGGCGCCAAAGTA-1,0.000088,0.038841,0.961071
ACATGGCTCAATTTAG-1,0.00009,0.99919,0.00072
ACATTAGTTTATATCC-1,0.000294,0.343888,0.655818
ACATTTGAAACCTAAC-1,0.000052,0.000052,0.999896
ACCAAACACCCAGCGA-1,0.0001,0.109358,0.890542
ACCAAACTAGAAATCC-1,0.006667,0.00667,0.986664
ACCAACACCACACACT-1,0.000103,0.3057,0.694196
ACCAACCGCACTCCAC-1,0.000069,0.165783,0.834149
ACCAACGCTTATTTAT-1,0.000139,0.173435,0.826426
ACCAAGAACGCGTGTC-1,0.000065,0.02021,0.979724
ACCAAGTCATCGGCAG-1,0.000049,0.071079,0.928872
ACCAATATGCAAGTTA-1,0.000158,0.472708,0.527133
ACCACAAGTTTCTATC-1,0.000042,0.089427,0.910531
ACCACCAATGTAACAA-1,0.000253,0.289842,0.709905
ACCACCCTCTCTTCTA-1,0.000058,0.013304,0.986638
ACCACGTGCAGCTATA-1,0.000062,0.48148,0.518458
ACCACTGTTCAAGAAG-1,0.000078,0.910977,0.088945
ACCAGACCATAACAAC-1,0.000086,0.30507,0.694844
ACCAGGAGTGTGATCT-1,0.000093,0.332927,0.66698
ACCAGTGCGGGAGACG-1,0.000069,0.155693,0.844238
ACCATATCCGCAATAA-1,0.000066,0.306061,0.693873
ACCATCCGCCAACTAG-1,0.000071,0.104937,0.894993
ACCATCGTATATGGTA-1,0.000055,0.102434,0.897511
ACCATTAAGGGTGTCA-1,0.000104,0.852662,0.147234
ACCCAACGCCCGTGGC-1,0.000095,0.56028,0.439626
ACCCACCTACATGCTC-1,0.000025,0.000025,0.999951
ACCCATCTTGAGGGTA-1,0.000055,0.131845,0.8681
ACCCATTTGTCCCTCT-1,0.000066,0.000066,0.999869
ACCCGAGCGAAATTAC-1,0.000032,0.038269,0.961699
ACCCGGAAACTCCCAG-1,0.000129,0.177788,0.822083
ACCCGGAGCACCACAA-1,0.000031,0.054485,0.945484
ACCCGGATGACGCATC-1,0.000735,0.062247,0.937017
ACCCGGTTACACTTCC-1,0.000227,0.211984,0.787789
ACCCGTAGTCTAGTTG-1,0.00003,0.077473,0.922497
ACCCTATAGGACTGAG-1,0.000225,0.902045,0.09773
ACCCTATGCCATATCG-1,0.000033,0.000033,0.999934
ACCCTCCCGTCAGGGC-1,0.000056,0.157496,0.842449
ACCCTCCCTTGCTATT-1,0.000059,0.07121,0.928731
ACCCTGGTAACGCCCT-1,0.000042,0.149559,0.850399
ACCCTTCATCTGCGAA-1,0.000092,0.315526,0.684382
ACCCTTGCCTGGGTCG-1,0.0008,0.134473,0.864727
ACCGAAAGGGCCCTGC-1,0.000126,0.383029,0.616845
ACCGAAGAGTCTGGTT-1,0.000122,0.144994,0.854884
ACCGACACATCTCCCA-1,0.000067,0.999401,0.000532
ACCGAGTCTCCTTATT-1,0.000044,0.000044,0.999911
ACCGATAGGCATAACC-1,0.000052,0.132959,0.866989
ACCGATATTTAATCAT-1,0.000049,0.000049,0.999902
ACCGATGGTAGCATCG-1,0.000145,0.617775,0.38208
ACCGCAATAACTGCCT-1,0.000023,0.124452,0.875525
ACCGCGGTGGAAGTCG-1,0.000045,0.097793,0.902163
ACCGGGCCTTTGTTGA-1,0.000053,0.027272,0.972675
ACCGGTCAGGTACACC-1,0.000136,0.457546,0.542318
ACCGTGACCACGTGGG-1,0.000025,0.026809,0.973166
ACCGTTCCCGCTCTGA-1,0.001639,0.00164,0.996721
ACCTAAGTACCTTTCA-1,0.000029,0.073507,0.926464
ACCTAATCGACTTCCT-1,0.000855,0.200838,0.798307
ACCTACAGTATGTGGT-1,0.000047,0.219006,0.780947
ACCTCAGCGAGGCGCA-1,0.00006,0.00006,0.99988
ACCTCCGCCCTCGCTG-1,0.000067,0.000067,0.999865
ACCTCCGTTATTCACC-1,0.000039,0.000039,0.999922
ACCTGCGTGTCATGTT-1,0.000048,0.082003,0.91795
ACCTTTCCTTTAGAAG-1,0.001351,0.058672,0.939977
ACGAAATGGGCGGCAC-1,0.000769,0.328244,0.670987
ACGACCCATGAGTTGC-1,0.00002,0.012649,0.987331
ACGACTCTAGGGCCGA-1,0.000045,0.000045,0.99991
ACGACTGGTCATACTC-1,0.000028,0.126047,0.873925
ACGAGAACCCATCACG-1,0.000017,0.108945,0.891038
ACGAGGATACCACTCT-1,0.000034,0.048638,0.951328
ACGAGGTTTACAACGT-1,0.000075,0.286184,0.713741
ACGAGTACGGATGCCC-1,0.000023,0.000023,0.999955
ACGAGTCGCCGGCGTT-1,0.000075,0.999324,0.000601
ACGATACATAGAACTA-1,0.000105,0.603631,0.396264
ACGATACCTATCCTGA-1,0.000064,0.656512,0.343423
ACGATCATCTTGTAAA-1,0.000433,0.176321,0.823246
ACGATGCATATGTTAT-1,0.000053,0.233459,0.766488
ACGATGGATCCGATGC-1,0.001961,0.001961,0.996078
ACGCAATCACTACAGC-1,0.000069,0.05839,0.941541
ACGCATACGTTTACTA-1,0.000179,0.154535,0.845286
ACGCCACTCGAAACAG-1,0.000131,0.179897,0.819973
ACGCCAGATGATTTCT-1,0.000137,0.300123,0.699739
ACGCCAGTGCGTTTGC-1,0.000051,0.07334,0.92661
ACGCCGCTAGACGACC-1,0.000061,0.999451,0.000488
ACGCCTGACACGCGCT-1,0.000043,0.840767,0.15919
ACGCGAAGTCAGACGA-1,0.000901,0.128609,0.87049
ACGCGCTACACAGGGT-1,0.000047,0.193617,0.806336
ACGCGTTTCTTAAGAG-1,0.000027,0.360756,0.639217
ACGCTACTGAATGGGC-1,0.000072,0.059806,0.940122
ACGCTAGTGATACACT-1,0.000065,0.201488,0.798447
ACGCTGTGAGGCGTAG-1,0.000069,0.116891,0.883041
ACGGAACACGAGTGCC-1,0.000048,0.017519,0.982434
ACGGAATTTAGCAAAT-1,0.000047,0.161359,0.838594
ACGGACTCTCAAAGCG-1,0.001515,0.458015,0.54047
ACGGAGCGCAAATTAC-1,0.000049,0.608939,0.391012
ACGGATGGTGCGGATA-1,0.001449,0.586615,0.411936
ACGGCACTTGCTTGGG-1,0.000251,0.457558,0.542191
ACGGCGACGATGGGAA-1,0.000112,0.657562,0.342326
ACGGCGGGTTGCCCTG-1,0.000023,0.213992,0.785985
ACGGGAGTGTCGGCCC-1,0.000036,0.098632,0.901332
ACGGGCGTATGCGACA-1,0.000085,0.502157,0.497759
ACGGGTCATGTGACTT-1,0.00009,0.806465,0.193445
ACGGTACAGTTCAATG-1,0.000051,0.016862,0.983086
ACGTACAGATTTCTCT-1,0.000214,0.262789,0.736997
ACGTAGGAGAGTCGCT-1,0.000218,0.028825,0.970957
ACGTATTACTCCGATC-1,0.000065,0.021944,0.97799
ACGTCCTAAACGAGAT-1,0.000298,0.000298,0.999405
ACGTCTCGTTCCGGGA-1,0.000575,0.205484,0.793942
ACGTGCGCCTCGTGCA-1,0.000074,0.200529,0.799397
ACGTTAATGTCGAAGA-1,0.00008,0.047298,0.952623
ACGTTAGATTTGCCCG-1,0.000048,0.087365,0.912587
ACGTTATTGGTCACTC-1,0.000134,0.855283,0.144584
ACGTTCCGCGCTCCGT-1,0.00009,0.326613,0.673297
ACGTTCGCAATCAATT-1,0.000024,0.000024,0.999952
ACGTTCTGTACAAGTC-1,0.000048,0.000048,0.999904
ACGTTTAGTTGTGATC-1,0.00098,0.116449,0.88257
ACGTTTCGGTGCACTT-1,0.000074,0.000074,0.999853
ACTACCAGCTCTCTGG-1,0.000059,0.064607,0.935334
ACTAGTTGCGATCGTC-1,0.000059,0.00008,0.999862
ACTATCCAGGGCATGG-1,0.000057,0.110748,0.889195
ACTATCGCCGGCTAAA-1,0.000041,0.878882,0.121077
ACTATCTGCCCGCGTA-1,0.000054,0.088276,0.91167
ACTATTTCCGGGCCCA-1,0.000034,0.000034,0.999932
ACTCAACGAATGTATT-1,0.000017,0.095707,0.904276
ACTCAAGTGCAAGGCT-1,0.001389,0.358363,0.640248
ACTCAATAAAGGCACG-1,0.000098,0.288748,0.711154
ACTCAGACCTGCTTCT-1,0.00002,0.00002,0.999959
ACTCCAATATCATCAT-1,0.000035,0.084363,0.915603
ACTCCCATTCCTAAAG-1,0.00003,0.00003,0.99994
ACTCCCGAATTCGTTT-1,0.000026,0.034029,0.965944
ACTCCCGTAGACTAGG-1,0.000298,0.16758,0.832122
ACTCCCTAATGCTAAA-1,0.000059,0.919151,0.08079
ACTCCCTAGAATAGTA-1,0.000117,0.998951,0.000933
ACTCCGGCCGACCACT-1,0.000045,0.000045,0.99991
ACTCGATGTATTTCAT-1,0.000133,0.87359,0.126277
ACTCGCCGTTCGATAA-1,0.000048,0.099968,0.899984
ACTCGCGATCTGACGC-1,0.00038,0.10225,0.897369
ACTCGTAACCCGTCCT-1,0.000032,0.000683,0.999285
ACTCGTCAGTAATCCC-1,0.000188,0.981787,0.018024
ACTCTAAACCTGGGAT-1,0.000037,0.762531,0.237433
ACTCTCTGACTTAGGT-1,0.000119,0.673276,0.326604
ACTCTGACCTAATAGA-1,0.000049,0.000049,0.999903
ACTCTTCAGCTCCCGC-1,0.000045,0.172081,0.827874
ACTGAAACGCCGTTAG-1,0.000162,0.147177,0.852661
ACTGAATGGCGAAAGT-1,0.000183,0.505408,0.494409
ACTGCCGTCGTAACTC-1,0.000602,0.000603,0.998795
ACTGCGGACACACCGT-1,0.000331,0.129053,0.870616
ACTGCTCGGAAGGATG-1,0.000034,0.127358,0.872608
ACTGTACGATACACAT-1,0.000054,0.935818,0.064127
ACTGTAGCACTTTGGA-1,0.00007,0.050103,0.949827
ACTGTATACGCGAGCA-1,0.000032,0.090275,0.909693
ACTGTCCAGGATTATA-1,0.000025,0.082634,0.917341
ACTGTGCTAGTAGATC-1,0.000096,0.244541,0.755363
ACTGTTTAGTGTAGGC-1,0.000051,0.00041,0.999539
ACTTACGCATCCACGC-1,0.0025,0.332873,0.664627
ACTTAGTACGACAAGA-1,0.000093,0.209813,0.790094
ACTTATACTTACCCGG-1,0.00012,0.345847,0.654034
ACTTATCTGATCTATA-1,0.00002,0.00002,0.99996
ACTTATTAGGATCGGT-1,0.000064,0.121951,0.877985
ACTTATTTATGTGCCA-1,0.000667,0.179851,0.819482
ACTTCAGGCTGATCCC-1,0.000094,0.308795,0.691111
ACTTCCATGCGGGACA-1,0.001408,0.273485,0.725106
ACTTCGCCATACGCAC-1,0.000148,0.838585,0.161267
ACTTCGCTAGCGAGTG-1,0.000035,0.079884,0.920081
ACTTGACTCCCTCTTT-1,0.000031,0.55065,0.449319
ACTTGCCATATTGTAC-1,0.000081,0.319864,0.680055
ACTTGGGACCCGGTGG-1,0.000056,0.081729,0.918215
ACTTGTAGTCCCTTCA-1,0.001111,0.001111,0.997777
ACTTGTGGATGGAACG-1,0.000081,0.000081,0.999839
ACTTTACCCTCATGAA-1,0.00003,0.080466,0.919504
ACTTTCCTATAGCTTC-1,0.000093,0.18156,0.818347
ACTTTGACTGCATCCT-1,0.000038,0.096696,0.903266
ACTTTGTCGACGCACT-1,0.000052,0.000052,0.999897
AGAAATTATGACTCGC-1,0.000048,0.000048,0.999903
AGAACCCAGCGTGACA-1,0.000099,0.260035,0.739866
AGAACGTGGTACATTC-1,0.000083,0.999252,0.000665
AGAACTGTACTTTGTA-1,0.000062,0.017323,0.982615
AGAAGAGCGCCGTTCC-1,0.001205,0.799317,0.199478
AGAAGGTACACTTCAC-1,0.000021,0.000021,0.999959
AGAAGGTTGCCGAATT-1,0.000037,0.201459,0.798504
AGAAGGTTGTAGGTCG-1,0.000855,0.348947,0.650199
AGAAGTGATTCGTGAT-1,0.000038,0.032464,0.967498
AGAATAAATCTTCAGG-1,0.000066,0.608365,0.391569
AGAATACAGGCTATCC-1,0.000053,0.027819,0.972127
AGAATTATGGATTCGA-1,0.000056,0.079211,0.920732
AGAATTGTTTGACATA-1,0.000136,0.586972,0.412892
AGACAGCTCAGAATCC-1,0.000099,0.656616,0.343286
AGACAGGCATCTCAGC-1,0.000033,0.000033,0.999933
AGACATAGATCCTTCC-1,0.000083,0.147928,0.851989
AGACCAAACCACACCT-1,0.000046,0.240898,0.759057
AGACCATGGGATACAA-1,0.000062,0.289015,0.710923
AGACCCGCCCTCCTCG-1,0.000074,0.243364,0.756562
AGACCGCTCCGCGGTT-1,0.000044,0.000044,0.999912
AGACCGGGAAACCCTG-1,0.000026,0.000027,0.999947
AGACGAAGTGCCGGTC-1,0.000015,0.000015,0.99997
AGACGACGATGCCGCT-1,0.000033,0.000033,0.999935
AGACGCCCACTTCGCC-1,0.000052,0.11636,0.883588
AGACTAGCCTTCCAGA-1,0.000051,0.000051,0.999897
AGAGAACCGTCTAGGA-1,0.000077,0.372302,0.627621
AGAGAAGGAGTACAAT-1,0.000019,0.854098,0.145883
AGAGATCTCTAAAGCG-1,0.000035,0.010632,0.989333
AGAGCAGTTATGAGAC-1,0.000023,0.33599,0.663987
AGAGCCGCCGAGATTT-1,0.000083,0.135577,0.86434
AGAGCGCTTGTAACGG-1,0.00018,0.00018,0.99964
AGAGCGGGCTAATCAT-1,0.000061,0.341486,0.658452
AGAGCGTACAAGCTCG-1,0.00006,0.251569,0.748371
AGAGCTACGAAAGCAT-1,0.000145,0.910315,0.089541
AGAGGCTTCGGAAACC-1,0.000125,0.026133,0.973742
AGAGGTATCTCGGTCC-1,0.000047,0.053303,0.94665
AGAGTAAACTTCACTA-1,0.000046,0.071631,0.928323
AGAGTATAGTGTTACG-1,0.000049,0.262237,0.737715
AGAGTCTTAATGAAAG-1,0.000065,0.103855,0.896081
AGATAACTTCAGGGCC-1,0.000025,0.032727,0.967248
AGATACCAATAGAACC-1,0.000055,0.096768,0.903177
AGATACCAGCACTTCA-1,0.001299,0.001299,0.997402
AGATACCGGTGTTCAC-1,0.000031,0.061771,0.938198
AGATACGACTTCATAT-1,0.000072,0.195268,0.80466
AGATACTCAAGATCGA-1,0.000212,0.471221,0.528567
AGATATAATACGACTA-1,0.000313,0.101409,0.898278
AGATCGTGCATAAGAT-1,0.000027,0.038575,0.961397
AGATCTCAGGTGTGAT-1,0.000108,0.644186,0.355706
AGATGACTCGCCCACG-1,0.000171,0.097481,0.902348
AGATGATGGAGTCTGG-1,0.000025,0.030277,0.969698
AGATGCAAGACGTGCA-1,0.00004,0.292584,0.707376
AGATGCATCCTGTGTC-1,0.000049,0.088876,0.911074
AGATGCTATAACGAGC-1,0.000084,0.940568,0.059348
AGATTATAGGACGTTT-1,0.000071,0.311762,0.688167
AGATTCACAACCGATA-1,0.000018,0.024442,0.975539
AGCAAAGGCCGCTAGT-1,0.000115,0.450591,0.549294
AGCAACATATCTTATT-1,0.000541,0.311375,0.688084
AGCAACCGAAAGTAAT-1,0.000022,0.166107,0.833872
AGCACTACCGGCCTGT-1,0.001695,0.261648,0.736657
AGCACTACCTCACCAG-1,0.000091,0.494989,0.504919
AGCACTTAAGGACGCC-1,0.000079,0.024285,0.975635
AGCAGAAGGAGAAAGA-1,0.000061,0.999448,0.000491
AGCAGTCGAAGCATGC-1,0.00006,0.138115,0.861825
AGCATATCAATATGCT-1,0.000073,0.215245,0.784682
AGCATCATTTCGAAAG-1,0.000032,0.116496,0.883472
AGCATCGTCGATAATT-1,0.000086,0.019117,0.980797
AGCATTACGAGGCAAG-1,0.000065,0.003027,0.996908
AGCCACAGGTTACCCG-1,0.000806,0.000807,0.998387
AGCCACTCCCGTGCTT-1,0.000157,0.224604,0.775239
AGCCATATAGTATGTG-1,0.000074,0.99933,0.000595
AGCCCATACATGTAAG-1,0.000035,0.020571,0.979393
AGCCCGCACTACAATG-1,0.000042,0.041072,0.958886
AGCCCGGCATTAGAGG-1,0.000033,0.0609,0.939067
AGCCCTAAGCGAAGTT-1,0.00008,0.307227,0.692692
AGCCCTGTCGCACCGT-1,0.000086,0.126263,0.87365
AGCCCTTCTAATCCGA-1,0.000071,0.000071,0.999858
AGCCCTTGGACATCCC-1,0.00005,0.00005,0.9999
AGCCGCAAATTCAAAT-1,0.000078,0.181823,0.818099
AGCCGCTTGATTAGCG-1,0.000056,0.824693,0.175251
AGCCGTGGCTAAATGT-1,0.000028,0.077312,0.922659
AGCCTAATACCCACGT-1,0.000027,0.084038,0.915935
AGCCTTAAAGCGGAAG-1,0.000086,0.688293,0.311621
AGCGACAGGAACGGTC-1,0.000031,0.000031,0.999938
AGCGACATCCCATTCA-1,0.000204,0.183146,0.81665
AGCGACCAACGATATT-1,0.000076,0.057285,0.942639
AGCGATGCGCCTAATA-1,0.000069,0.13087,0.869061
AGCGCGGGTGCCAATG-1,0.000099,0.230931,0.76897
AGCGCTAGAGCGATGT-1,0.000181,0.352312,0.647506
AGCGGCGGTTAGCGGT-1,0.000021,0.01819,0.981789
AGCGGGAAGGGTCCAT-1,0.000045,0.062937,0.937018
AGCGGGTCTGACACTC-1,0.000075,0.970482,0.029443
AGCGGTTGCCGCTCTG-1,0.000092,0.193805,0.806104
AGCGTACGAGAGCTAG-1,0.000071,0.256628,0.743301
AGCGTAGCGCTAGACC-1,0.000022,0.132381,0.867597
AGCGTCTGAACCCGCA-1,0.000036,0.119137,0.880828
AGCGTGGTATTCTACT-1,0.000091,0.847197,0.152712
AGCTAACAAGCAATGT-1,0.000009,0.104706,0.895285
AGCTAAGTACGCAGGC-1,0.000128,0.24681,0.753062
AGCTACGAATGGTGGT-1,0.000071,0.000071,0.999857
AGCTAGAAGCAGAAGT-1,0.000035,0.116856,0.883109
AGCTATTTAATCCAAC-1,0.000089,0.282258,0.717653
AGCTCCATATATGTTC-1,0.000077,0.118142,0.881782
AGCTCCTTCGCACATC-1,0.000658,0.252648,0.746694
AGCTCGTTGATGGAAA-1,0.001333,0.177595,0.821072
AGCTCTAGACGTTCCA-1,0.000201,0.998192,0.001607
AGCTCTTCCCAGTGCA-1,0.001724,0.221811,0.776465
AGCTCTTCGTAACCTT-1,0.000083,0.05698,0.942937
AGCTCTTTACTCAGTT-1,0.00005,0.099289,0.90066
AGCTGAAGTAAACCAA-1,0.000154,0.306176,0.69367
AGCTGTAACCTCAATC-1,0.000034,0.129452,0.870514
AGCTTATAGAGACCTG-1,0.000104,0.290421,0.709474
AGCTTCTTCTCGAGCA-1,0.000061,0.052085,0.947854
AGCTTGATCTTAACTT-1,0.000048,0.054251,0.945701
AGGAAAGCCTCTGATG-1,0.000149,0.83888,0.160971
AGGAACGAACGACTTC-1,0.000045,0.044486,0.95547
AGGAAGCTGTCCGCCG-1,0.000152,0.604827,0.395021
AGGACAGTCGAATCCC-1,0.0004,0.581274,0.418326
AGGACATCGCACGTCG-1,0.000085,0.207737,0.792178
AGGACATCGGCACACT-1,0.000034,0.030028,0.969937
AGGACGACCCATTAGA-1,0.000055,0.118282,0.881662
AGGACGCTCGATGTTG-1,0.000065,0.000065,0.99987
AGGACTTATAGGAGAA-1,0.000072,0.804796,0.195132
AGGAGACATCCACAGT-1,0.000074,0.309795,0.690131
AGGAGAGTCTGGCTAC-1,0.000142,0.172909,0.826949
AGGAGCGTTTATTATC-1,0.000066,0.073626,0.926309
AGGAGGCCTTCGCGCG-1,0.000084,0.102715,0.897201
AGGATATAGGGATTTA-1,0.000135,0.375637,0.624227
AGGATATCCGACTGCA-1,0.000045,0.000045,0.99991
AGGATCACGCGATCTG-1,0.000039,0.000039,0.999921
AGGATTGCTTACGACA-1,0.001087,0.347257,0.651656
AGGCAAAGAGGAATCA-1,0.000035,0.048924,0.951042
AGGCAATACGGAGGAC-1,0.000075,0.999326,0.000599
AGGCACGTGACTGTCC-1,0.000038,0.046311,0.95365
AGGCAGATGCGTAAAC-1,0.000072,0.425758,0.57417
AGGCATTGTCGTAGGG-1,0.000044,0.19858,0.801376
AGGCCACATTGGTTAC-1,0.000083,0.108612,0.891305
AGGCCACCCGTTATGA-1,0.000057,0.051377,0.948566
AGGCCCAGTGACTGGT-1,0.000058,0.42123,0.578712
AGGCCCATTGTACAGG-1,0.000089,0.089697,0.910214
AGGCCCTAGAACGCCA-1,0.000076,0.099365,0.900559
AGGCCTGAGAATCTCG-1,0.001333,0.248054,0.750613
AGGCGATAACTGGCGT-1,0.000038,0.000038,0.999924
AGGCGGTTTGTCCCGC-1,0.001961,0.462214,0.535826
AGGCGTCTATGGACGG-1,0.000057,0.000057,0.999886
AGGCTATGGTTAGCTT-1,0.000098,0.155471,0.844431
AGGCTTAAGTTGCACA-1,0.000108,0.000108,0.999783
AGGCTTCCCGAAGAAG-1,0.000039,0.000039,0.999922
AGGCTTGCTAGACACC-1,0.000068,0.34412,0.655812
AGGGACAGCACGGCGG-1,0.00009,0.265769,0.734141
AGGGACCGGCTGCGTT-1,0.000046,0.024694,0.975259
AGGGAGACATACTTCG-1,0.00005,0.00005,0.9999
AGGGCAGCGGCGTGGT-1,0.001136,0.001137,0.997727
AGGGCCCTAATGTTCT-1,0.000039,0.057361,0.9426
AGGGCGAGCAGCTGAT-1,0.000037,0.095698,0.904265
AGGGCGTGATCGGCTA-1,0.000067,0.151445,0.848489
AGGGTCAGTAACCCTA-1,0.000385,0.000385,0.999231
AGGGTCGATGCGAACT-1,0.00013,0.288144,0.711726
AGGGTCTGGACGCAGT-1,0.000021,0.000021,0.999957
AGGGTGCCGTTCTTTA-1,0.000028,0.101192,0.89878
AGGGTGCTCTCGAGGG-1,0.000119,0.414362,0.585519
AGGGTGGATAGTGCAT-1,0.000244,0.544996,0.45476
AGGGTTCCCTTTGGTT-1,0.000122,0.463779,0.536099
AGGTAACCTCCTATTC-1,0.00006,0.047454,0.952486
AGGTAGATCGAGATAT-1,0.000023,0.092264,0.907712
AGGTAGGTACAAAGCT-1,0.000031,0.090255,0.909714
AGGTATAATTGATAGT-1,0.000039,0.023244,0.976718
AGGTATGCGGACATTA-1,0.00098,0.44838,0.550639
AGGTCAGGTGAGAGTG-1,0.00004,0.067284,0.932676
AGGTCGCCACTTCGGT-1,0.000034,0.227482,0.772484
AGGTCGCCTCCCAACA-1,0.000045,0.147655,0.8523
AGGTCGCGGAGTTACT-1,0.00004,0.054176,0.945783
AGGTGCACGTCCACAT-1,0.000049,0.068015,0.931936
AGGTGTATCGCCATGA-1,0.000083,0.000083,0.999834
AGGTGTTGCCGACCAC-1,0.000033,0.224222,0.775746
AGGTTACACCATGCCG-1,0.000108,0.159116,0.840776
AGGTTGAGGCACGCTT-1,0.000117,0.640485,0.359398
AGTAACTATAGCAGCC-1,0.000042,0.02227,0.977688
AGTAAGGGACAGAATC-1,0.000051,0.000051,0.999899
AGTAATCTAAGGGTGG-1,0.000073,0.062988,0.936939
AGTAATGTCTTGCCGC-1,0.000144,0.159097,0.840759
AGTACATCATTTATCA-1,0.000024,0.000024,0.999953
AGTACGGCCCGTATCG-1,0.000073,0.646967,0.352959
AGTACGGGCACCTGGC-1,0.000235,0.997887,0.001878
AGTACTCTTATGCCCA-1,0.000159,0.053809,0.946032
AGTAGAAGGCGCCTCA-1,0.000157,0.426062,0.573781
AGTAGGAAGGAAGTTG-1,0.000073,0.009102,0.990824
AGTAGGTAACATACAT-1,0.000667,0.493303,0.50603
AGTATAATACTAGGCA-1,0.000052,0.093469,0.906479
AGTATCCATAATAACG-1,0.000033,0.071366,0.928601
AGTATGCTGGAGACCA-1,0.000041,0.238883,0.761076
AGTCAACACCACCATC-1,0.000064,0.11873,0.881206
AGTCAAGATGACACTT-1,0.000188,0.208479,0.791333
AGTCACTAGCTCTCGA-1,0.000671,0.000671,0.998658
AGTCACTCCGCCTCAT-1,0.000035,0.165239,0.834726
AGTCAGCCACCGCCTG-1,0.000078,0.374218,0.625704
AGTCCAGCGGGTACGT-1,0.000089,0.349311,0.6506
AGTCCATTGGCTGATG-1,0.000282,0.239463,0.760256
AGTCCCGCCTTTAATT-1,0.000055,0.028209,0.971736
AGTCCCTCGCAGAAAG-1,0.000093,0.33664,0.663267
AGTCGAATTAGCGTAA-1,0.000085,0.045808,0.954108
AGTCGACGGTCTCAAG-1,0.000282,0.743134,0.256584
AGTCGGCCCAAACGAC-1,0.000069,0.12424,0.875691
AGTCGGCTCAACTTTA-1,0.000049,0.118996,0.880955
AGTCGGTTGCGTGAGA-1,0.000036,0.109227,0.890737
AGTCGTATAAAGCAGA-1,0.000037,0.172022,0.827941
AGTCGTCGACCACCAA-1,0.000284,0.267298,0.732418
AGTCGTGGGCATTACG-1,0.000036,0.134577,0.865387
AGTCTAAAGTATACTC-1,0.000017,0.000017,0.999966
AGTCTCACAAGACTAC-1,0.000037,0.000037,0.999925
AGTCTGGACATCCTTG-1,0.000124,0.365065,0.634811
AGTCTTCTCCTCAAAT-1,0.000127,0.139263,0.86061
AGTCTTTAAAGTGTCC-1,0.000457,0.096999,0.902545
AGTGAACAAACTTCTC-1,0.000023,0.092733,0.907244
AGTGAAGATGGTGTCC-1,0.000076,0.088705,0.911219
AGTGACCTACTTTACG-1,0.000093,0.153298,0.846609
AGTGACTGTGACACAA-1,0.000031,0.090949,0.90902
AGTGAGACTTCCAGTA-1,0.00024,0.792557,0.207202
AGTGAGCCTCGCCGCC-1,0.00003,0.130264,0.869706
AGTGAGTCGAATTAAC-1,0.000051,0.090774,0.909175
AGTGATAACCTGCGCG-1,0.001667,0.362666,0.635667
AGTGATATGAGTAGTT-1,0.00006,0.174429,0.825511
AGTGATTCAAGCAGGA-1,0.000224,0.862138,0.137638
AGTGCACGCTTAAGAA-1,0.000065,0.056744,0.943191
AGTGCGTAGCTCGTAA-1,0.000029,0.078071,0.9219
AGTGCTAAACACAGCA-1,0.000741,0.134305,0.864954
AGTGCTTGCACGAATA-1,0.001163,0.430907,0.56793
AGTGGCCCGCAAATGG-1,0.000042,0.000042,0.999916
AGTGGCGGCAATTTGA-1,0.00002,0.426504,0.573476
AGTGGCGTCTGAAGGT-1,0.000333,0.211092,0.788575
AGTGGCTCCGTCGGCC-1,0.00003,0.077716,0.922255
AGTGGGAGTATACACG-1,0.000035,0.913282,0.086683
AGTGGTGTTACCCGTG-1,0.000043,0.000043,0.999913
AGTGGTTGCGTATAGG-1,0.000065,0.550285,0.44965
AGTGTATTGCGCATTG-1,0.000062,0.000062,0.999877
AGTGTGCTAAGATCGC-1,0.000117,0.895929,0.103955
AGTGTGGTCTATTGTG-1,0.00002,0.113172,0.886808
AGTTAAACACTTGCGA-1,0.000039,0.089018,0.910943
AGTTAAGCGGTCCCGG-1,0.000108,0.207793,0.792099
AGTTAAGTCAACCGCT-1,0.000038,0.118732,0.88123
AGTTACCCTTAAGACT-1,0.000083,0.84164,0.158276
AGTTACCGCACATGGT-1,0.000081,0.453178,0.546741
AGTTACTCTATCGTGG-1,0.000074,0.219337,0.780589
AGTTATTCAGACTGTG-1,0.000061,0.000061,0.999878
AGTTCACCGGTTGGAC-1,0.000107,0.719623,0.28027
AGTTCCTACAGAATTA-1,0.000049,0.091396,0.908555
AGTTCCTATTTATGTT-1,0.000115,0.128241,0.871643
AGTTCTGCGTTGTATC-1,0.0002,0.832076,0.167724
AGTTGACATCGGCTGG-1,0.000076,0.269543,0.73038
AGTTGACGGTCCTTGC-1,0.000238,0.181665,0.818097
AGTTGCTGACTGATAT-1,0.000136,0.58651,0.413354
AGTTGGCAAGGCTAGA-1,0.000053,0.029121,0.970826
AGTTTATGTAAAGACA-1,0.000047,0.271147,0.728806
AGTTTCGCAGGTCGGA-1,0.000137,0.474144,0.525719
AGTTTGCACCTGCCTC-1,0.000084,0.253767,0.746149
AGTTTGGCACGGGTTG-1,0.000149,0.165091,0.834759
AGTTTGGCCAGACCTA-1,0.000036,0.089595,0.910369
ATAAACCATTGGACGG-1,0.000118,0.206615,0.793266
ATAAACGGACCCGTAA-1,0.000333,0.093569,0.906098
ATAAACGTTGCACCAC-1,0.000053,0.047863,0.952085
ATAAAGGCTCGGTCGT-1,0.00004,0.109333,0.890627
ATAAATATTAGCAGCT-1,0.00004,0.124052,0.875908
ATAACGCCGGAGGGTC-1,0.000129,0.958598,0.041273
ATAACGGAGTCCAACG-1,0.000193,0.998262,0.001545
ATAAGGTGGAGAACAT-1,0.000062,0.999446,0.000492
ATAAGTAGGATTCAGA-1,0.000029,0.003148,0.996824
ATAAGTAGGGCGACTC-1,0.000029,0.06264,0.937331
ATAAGTTACCGCGACG-1,0.000083,0.102868,0.897049
ATAATACCGTTAGCCG-1,0.000161,0.918604,0.081235
ATAATAGCTGTTGAAT-1,0.000068,0.021951,0.977981
ATAATAGTGTAGGGAC-1,0.00006,0.206127,0.793813
ATAATCTTGGAGAACC-1,0.001351,0.699288,0.299361
ATAATTAGCTAAGTAG-1,0.000112,0.220134,0.779754
ATACAGGCCCTCCAAT-1,0.000118,0.606919,0.392963
ATACCACGGGCAACTT-1,0.000042,0.002268,0.99769
ATACCAGCAAATTGCT-1,0.000048,0.084702,0.91525
ATACCAGGCTAATAGA-1,0.000098,0.327598,0.672305
ATACCAGGTGAGCGAT-1,0.000114,0.400943,0.598944
ATACCCTGGCTCAAAT-1,0.000056,0.888235,0.111709
ATACCGTCATCCATAA-1,0.001408,0.001409,0.997183
ATACGAAGGCTTTCCA-1,0.000606,0.607158,0.392236
ATACGCCGATCTACCG-1,0.000015,0.000015,0.99997
ATACGCCGGCGAAACC-1,0.000139,0.847539,0.152322
ATACGGAACGTCGTTT-1,0.000032,0.072892,0.927075
ATACGGGTTTCGATTG-1,0.000493,0.424583,0.574924
ATACGGTGAAGATGCA-1,0.000024,0.184404,0.815572
ATACGTACTTAGCCAC-1,0.00011,0.593979,0.405911
ATACGTCCACTCCTGT-1,0.000095,0.061453,0.938452
ATACGTTATGCACGGA-1,0.000333,0.276655,0.723012
ATACTACCCGTACCAC-1,0.000076,0.033577,0.966348
ATACTAGCATGACCCT-1,0.000152,0.132866,0.866982
ATACTCTCGCCACTCT-1,0.000077,0.31791,0.682012
ATACTGCCTTACACCG-1,0.001429,0.185647,0.812924
ATACTTGTTCTCGAGC-1,0.000299,0.702694,0.297008
ATAGACAACGGGACCT-1,0.000053,0.085757,0.91419
ATAGACGAAGAGAAAG-1,0.00004,0.043504,0.956456
ATAGAGTACTGGGACA-1,0.000062,0.097334,0.902605
ATAGAGTTATCAACTT-1,0.000058,0.041629,0.958314
ATAGATTTGCAGTCGG-1,0.001205,0.211371,0.787425
ATAGCAACTAGGGAAG-1,0.000054,0.111664,0.888281
ATAGCCATAACAGTCA-1,0.00003,0.076817,0.923153
ATAGCCTCAGTACCCA-1,0.000108,0.799126,0.200767
ATAGCTGCTCTTGTTA-1,0.000102,0.963425,0.036474
ATAGGCGGCTATAGAA-1,0.000033,0.133467,0.8665
ATAGGCTAGCTTCGCA-1,0.000035,0.140016,0.859949
ATAGGGATATCCTTGA-1,0.000077,0.267085,0.732838
ATAGGTTGGGCAGATG-1,0.000059,0.095913,0.904028
ATAGTCTTTGACGTGC-1,0.002222,0.115017,0.882761
ATAGTGAAGCGTTCTC-1,0.000059,0.100522,0.89942
ATAGTTCCACCCACTC-1,0.000658,0.000658,0.998684
ATATAAAGCGCTCGTG-1,0.000081,0.999274,0.000645
ATATAAATGTAGCTGC-1,0.000078,0.657332,0.34259
ATATAACACGGGCGCA-1,0.000048,0.044968,0.954984
ATATACGCTCGTGACG-1,0.000038,0.075923,0.924039
ATATCAACCTACAGAG-1,0.000216,0.000216,0.999569
ATATCGGTAGGGAGAT-1,0.000027,0.102508,0.897465
ATATCGTTCCTCGAAC-1,0.000641,0.127846,0.871513
ATATCTCCCTCGTTAA-1,0.001961,0.24903,0.749009
ATATCTTAGGGCCTTC-1,0.000074,0.096908,0.903018
ATATGTCTAGAGCGTG-1,0.000086,0.862366,0.137548
ATATGTCTCCCTAGCC-1,0.000069,0.005709,0.994222
ATATTATCCCGTATTT-1,0.000071,0.907267,0.092662
ATATTCAGTTAAACCT-1,0.000035,0.051393,0.948572
ATATTCCACATAGTGA-1,0.000116,0.450778,0.549105
ATATTCCCACAGGTCA-1,0.000114,0.410672,0.589214
ATATTGCTGTCAAAGT-1,0.000084,0.236389,0.763528
ATATTGGAGAGGCCTT-1,0.000053,0.001643,0.998304
ATATTTAACCCTCAAG-1,0.000064,0.244183,0.755754
ATCAAACACTGTTCCA-1,0.000031,0.01678,0.983189
ATCAAACGAAGGTTTG-1,0.00003,0.00003,0.999939
ATCAAAGAGCCGTGGT-1,0.000107,0.437165,0.562728
ATCAATGCCGTGGCTG-1,0.000035,0.183702,0.816263
ATCACATTAGAATATC-1,0.000103,0.352792,0.647105
ATCACGTGCTAATTAA-1,0.000034,0.115031,0.884936
ATCACTTCATCCTCGC-1,0.000097,0.219681,0.780222
ATCAGACGGCACGCCG-1,0.000038,0.117707,0.882254
ATCAGCCTCATGCTGC-1,0.000826,0.242504,0.75667
ATCAGCTCGTCCACTA-1,0.000029,0.001869,0.998102
ATCAGGTAGCTGACAG-1,0.000033,0.000033,0.999934
ATCAGTAGGCAGGGAT-1,0.000146,0.340937,0.658917
ATCATAGCCCTATGTA-1,0.000067,0.025517,0.974416
ATCATCCAATATTTGT-1,0.000044,0.044925,0.955031
ATCATGGACTACCGAC-1,0.000336,0.176811,0.822854
ATCCAACGCAGTCATA-1,0.000095,0.18393,0.815975
ATCCAATGGAGGGTCC-1,0.000058,0.142153,0.857789
ATCCAATGGTACCGAA-1,0.000055,0.633742,0.366203
ATCCACATCGACAGAA-1,0.000174,0.053994,0.945833
ATCCAGAGCAACAACC-1,0.000047,0.258937,0.741016
ATCCAGGATTCGTGAA-1,0.000053,0.115264,0.884684
ATCCGGACCAGCCTGA-1,0.000044,0.023199,0.976757
ATCCTACCTAAGCTCT-1,0.000043,0.085613,0.914344
ATCCTGAATCGCTGCG-1,0.000036,0.000036,0.999928
ATCCTGCGTGGAATGG-1,0.000024,0.108696,0.89128
ATCCTGCTGCAGATAG-1,0.000059,0.011835,0.988107
ATCCTTCTGAAAGAAC-1,0.000048,0.105031,0.894921
ATCGACCCAATACAGA-1,0.000138,0.000138,0.999724
ATCGCACGATTGTTCA-1,0.000125,0.535036,0.464838
ATCGCACGCCGGGAGA-1,0.000103,0.119884,0.880013
ATCGCCAGTCAACATT-1,0.000064,0.031462,0.968474
ATCGCCGTGGTTCATG-1,0.00006,0.00006,0.99988
ATCGCTGCGTGCAGCA-1,0.00051,0.136304,0.863186
ATCGCTTTACGTCTCA-1,0.000107,0.370311,0.629582
ATCGGAGACAGACGGC-1,0.00011,0.487181,0.512709
ATCGGCAAGCAGTCCA-1,0.000066,0.000066,0.999869
ATCGGTTACCTAGTAA-1,0.000017,0.037749,0.962234
ATCGTATTCCGAGAAC-1,0.000061,0.613758,0.386181
ATCGTCCAATCGAGTC-1,0.000118,0.787095,0.212787
ATCGTGGAAAGTCTGG-1,0.000039,0.12353,0.876431
ATCGTTAGCTAGCGGA-1,0.000459,0.135478,0.864063
ATCTAACGTCCCTATG-1,0.000055,0.919891,0.080054
ATCTAATATCCTACGG-1,0.000062,0.732141,0.267797
ATCTACCATCTGCTCC-1,0.000047,0.000047,0.999906
ATCTAGCTTGTGAGGG-1,0.000066,0.63224,0.367694
ATCTATCGATGATCAA-1,0.000051,0.647314,0.352635
ATCTCCCACGGAATAT-1,0.000067,0.097913,0.90202
ATCTCCCTGCAATCTA-1,0.000097,0.222381,0.777521
ATCTCGTGAGCGAAAC-1,0.000036,0.000534,0.99943
ATCTGACATGGAAGGA-1,0.000028,0.012296,0.987676
ATCTGATAGTGTCTTA-1,0.000141,0.809777,0.190082
ATCTGCACCTCTGCGA-1,0.000038,0.186529,0.813433
ATCTGGGCTGTTCTTG-1,0.000094,0.843003,0.156903
ATCTGGTTAAGACTGT-1,0.000201,0.678206,0.321593
ATCTGTAATTGTACCC-1,0.000107,0.016895,0.982998
ATCTTATCGCACACCC-1,0.000073,0.042266,0.957661
ATCTTGACCTGCAACG-1,0.000114,0.196503,0.803383
ATCTTGACTTGTCCAA-1,0.000042,0.049163,0.950794
ATCTTTCGTATAACCA-1,0.000059,0.428939,0.571002
ATGAAGCCAAGGAGCC-1,0.000111,0.097527,0.902361
ATGAAGTGGACCCAGC-1,0.000065,0.685245,0.31469
ATGACGCCGGCTCTAA-1,0.000173,0.218964,0.780863
ATGACGCGTTCTATCC-1,0.000028,0.066443,0.933528
ATGACTATGCGACATT-1,0.000059,0.13675,0.863191
ATGAGGAGTGTTAATC-1,0.000069,0.1032,0.896731
ATGAGGGCAGCGGCTA-1,0.000065,0.028127,0.971808
ATGATCGGGAATAGAC-1,0.000164,0.233819,0.766017
ATGATGCAATGGTACA-1,0.000033,0.000033,0.999934
ATGCACCTTCCTTAAT-1,0.000086,0.774386,0.225528
ATGCACTACCGCATTG-1,0.000057,0.000057,0.999886
ATGCATTCCGTGATGG-1,0.000065,0.178657,0.821278
ATGCCAATCGCTCTGC-1,0.000077,0.000077,0.999846
ATGCCATTTGCGACCA-1,0.000877,0.241455,0.757668
ATGCCGGTCTTGCATA-1,0.000139,0.89731,0.102551
