Barcode,Topic 1,Topic 2,Topic 3to4,Topic 5,Topic 6,Topic 7,Topic 8
AAACAACGAATAGTTC-1,0.000078,0.161481,0.115552,0.000078,0.006842,0.417208,0.298762
AAACAAGTATCTCCCA-1,0.228212,0.705909,0.061064,0.001204,0.001204,0.001204,0.001204
AAACAATCTACTAGCA-1,0.258654,0.119764,0.588074,0.015771,0.000076,0.000076,0.017585
AAACACCAATAACTGC-1,0.667975,0.000349,0.000698,0.109762,0.000349,0.22052,0.000349
AAACAGCTTTCAGAAG-1,0.562415,0.062515,0.125021,0.062507,0.06252,0.062513,0.062509
AAACAGGGTCTATATT-1,0.490596,0.012523,0.025049,0.012532,0.012516,0.434256,0.012527
AAACATTTCCCGGATT-1,0.085941,0.000159,0.380383,0.042233,0.374576,0.11655,0.000159
AAACCACTACACAGAT-1,0.721957,0.001149,0.272299,0.001149,0.001149,0.001149,0.001149
AAACCCGAACGAAATC-1,0.001099,0.001098,0.99341,0.001098,0.001098,0.001098,0.001099
AAACCGGAAATGTTAA-1,0.108733,0.000557,0.632444,0.000556,0.000557,0.256597,0.000557
AAACCGGGTAGGTACC-1,0.031298,0.000165,0.010374,0.000394,0.000008,0.558942,0.398819
AAACCGTTCGTCCAGG-1,0.486008,0.000478,0.284607,0.000478,0.062902,0.16505,0.000478
AAACCTAAGCAGCCGG-1,0.889089,0.068211,0.042385,0.000079,0.000079,0.000079,0.000079
AAACCTCATGAAGTTG-1,0.401248,0.006689,0.423478,0.00005,0.00005,0.163358,0.005128
AAACGAAGAACATACC-1,0.025305,0.010083,0.930084,0.012661,0.000028,0.018233,0.003606
AAACGAAGATGGAGTA-1,0.012524,0.91235,0.025042,0.012527,0.01252,0.012517,0.012521
AAACGACAGTCTTGCC-1,0.332366,0.000515,0.428112,0.000515,0.000515,0.23746,0.000515
AAACGAGACGGTTGAT-1,0.000593,0.938348,0.058684,0.000593,0.000593,0.000594,0.000594
AAACGCTGGGCACGAC-1,0.287527,0.015261,0.697025,0.000047,0.000047,0.000047,0.000047
AAACGGGCGTACGGGT-1,0.35902,0.000134,0.640309,0.000134,0.000134,0.000134,0.000134
AAACGGGTTGGTATCC-1,0.054863,0.092331,0.610293,0.03649,0.000045,0.177258,0.02872
AAACGTGTTCGCCCTA-1,0.747051,0.001278,0.246561,0.001278,0.001278,0.001278,0.001278
AAACTCGGTTCGCAAT-1,0.008109,0.671219,0.032149,0.198659,0.00005,0.007067,0.082747
AAACTCGTGATATAAG-1,0.66429,0.000914,0.146343,0.000914,0.000914,0.185711,0.000914
AAACTGCTGGCTCCAA-1,0.017015,0.008401,0.538066,0.050157,0.000027,0.205438,0.180897
AAACTTGCAAACGTAT-1,0.265646,0.000027,0.217222,0.001252,0.000027,0.356699,0.159128
AAAGAATGTGGACTAA-1,0.031289,0.20577,0.280449,0.039547,0.000037,0.285997,0.15691
AAAGACCCAAGTCGCG-1,0.0002,0.218618,0.063071,0.0002,0.0002,0.496581,0.22113
AAAGACTGGGCGCTTT-1,0.185867,0.002838,0.515251,0.00003,0.00003,0.211305,0.08468
AAAGCTTGCCTACATA-1,0.642145,0.000068,0.244728,0.000068,0.000068,0.092764,0.02016
AAAGGCTACGGACCAT-1,0.106859,0.458673,0.044911,0.105973,0.000047,0.033408,0.250128
AAAGGCTCTCGCGCCG-1,0.028245,0.04756,0.517899,0.052973,0.000026,0.188529,0.164767
AAAGGGATGTAGCAAG-1,0.022046,0.079386,0.47029,0.004462,0.000109,0.202141,0.221567
AAAGGGCAGCTTGAAT-1,0.179801,0.273282,0.445973,0.000104,0.000104,0.000104,0.100631
AAAGTAGCATTGCTCA-1,0.909149,0.00003,0.000061,0.01125,0.00003,0.078077,0.001403
AAAGTCACTGATGTAA-1,0.286953,0.013805,0.478667,0.077558,0.000059,0.118879,0.024078
AAAGTCGACCCTCAGT-1,0.364294,0.000033,0.234002,0.000033,0.000033,0.331613,0.069992
AAAGTGCCATCAATTA-1,0.036115,0.065084,0.036935,0.010448,0.000064,0.447693,0.40366
AAAGTGTGATTTATCT-1,0.120668,0.001473,0.871966,0.001473,0.001473,0.001473,0.001473
AAAGTTGACTCCCGTA-1,0.001318,0.001318,0.992092,0.001318,0.001318,0.001318,0.001318
AAATAAGGTAGTGCCC-1,0.446134,0.35546,0.195527,0.00072,0.00072,0.00072,0.00072
AAATACCTATAAGCAT-1,0.019198,0.101826,0.48938,0.043276,0.000055,0.077442,0.268822
AAATAGCTTAGACTTT-1,0.027926,0.000333,0.970409,0.000333,0.000333,0.000333,0.000333
AAATAGGGTGCTATTG-1,0.672922,0.000572,0.324219,0.000572,0.000572,0.000572,0.000572
AAATCCGATACACGCC-1,0.043181,0.056341,0.000044,0.02147,0.000022,0.481287,0.397655
AAATCGCGGAAGGAGT-1,0.20517,0.000028,0.000057,0.000028,0.000028,0.79466,0.000028
AAATCTAGCCCTGCTA-1,0.001265,0.001265,0.992412,0.001265,0.001265,0.001264,0.001265
AAATGATTCGATCAGC-1,0.598013,0.001648,0.393748,0.001647,0.001647,0.001648,0.001648
AAATGCTCGTTACGTT-1,0.000362,0.000362,0.085082,0.000362,0.000362,0.165991,0.747479
AAATGGCATGTCTTGT-1,0.042215,0.002123,0.880015,0.04183,0.000035,0.030709,0.003073
AAATGGCCCGTGCCCT-1,0.50022,0.000311,0.498223,0.000311,0.000311,0.000311,0.000311
AAATGGTCAATGTGCC-1,0.014435,0.226543,0.143793,0.032673,0.00003,0.36577,0.216756
AAATGTATCTTATCCC-1,0.073632,0.000038,0.168791,0.017773,0.000038,0.732439,0.00729
AAATGTGGGTGCTCCT-1,0.607446,0.094541,0.297533,0.00012,0.00012,0.00012,0.00012
AAATTAACGGGTAGCT-1,0.103497,0.069343,0.580916,0.019274,0.000059,0.01286,0.214051
AAATTAATAAGCGCGA-1,0.165187,0.000162,0.372937,0.000162,0.000162,0.378826,0.082564
AAATTACCTATCGATG-1,0.175882,0.000128,0.671891,0.101262,0.000128,0.000128,0.05058
AAATTCCAGGTCCAAA-1,0.27522,0.369214,0.353745,0.000455,0.000455,0.000455,0.000455
AAATTGATAGTCCTTT-1,0.663488,0.110968,0.224606,0.000234,0.000234,0.000234,0.000234
AAATTGCGGCGGTTCT-1,0.104708,0.234038,0.483715,0.000526,0.000526,0.17596,0.000526
AAATTGGTGAGAAGCA-1,0.860109,0.00144,0.002879,0.131254,0.001439,0.001439,0.00144
AAATTTGCGGGTGTGG-1,0.713731,0.092403,0.193551,0.000065,0.000065,0.000065,0.00012
AACAACTGGTAGTTGC-1,0.242536,0.124557,0.346449,0.132349,0.000065,0.043756,0.110288
AACAATTACTCTACGC-1,0.499624,0.159296,0.229999,0.030414,0.000044,0.02231,0.058313
AACACACGCTCGCCGC-1,0.113957,0.00043,0.221552,0.00043,0.00043,0.140097,0.523103
AACACGACTGTACTGA-1,0.027137,0.001934,0.903075,0.001305,0.000041,0.032774,0.033734
AACACGAGACGCGGCC-1,0.575136,0.005781,0.224825,0.093272,0.000036,0.100914,0.000036
AACACGCGGCCGCGAA-1,0.022225,0.046311,0.713398,0.000069,0.000069,0.210983,0.006944
AACAGCTGTGTGGCAA-1,0.73652,0.002123,0.252868,0.002122,0.002122,0.002122,0.002123
AACAGGAAATCGAATA-1,0.036753,0.029499,0.825225,0.024948,0.000037,0.059443,0.024094
AACAGGATGGGCCGCG-1,0.316297,0.187146,0.496273,0.000071,0.000071,0.000071,0.000071
AACAGGTAGTATGGAT-1,0.00101,0.716306,0.278645,0.00101,0.00101,0.00101,0.00101
AACATATCAACTGGTG-1,0.4317,0.001361,0.561495,0.001361,0.001361,0.001361,0.001361
AACATCGATACGTCTA-1,0.473741,0.000326,0.140774,0.000326,0.000326,0.291204,0.093302
AACATTGGTCAGCCGT-1,0.000818,0.507939,0.344745,0.000818,0.000818,0.144043,0.000819
AACCAAGACTTCTCTG-1,0.373155,0.062538,0.501753,0.000051,0.000051,0.054022,0.008431
AACCATGGGATCGCTA-1,0.000864,0.8161,0.001727,0.000864,0.000864,0.178718,0.000864
AACCCAGAGACGGAGA-1,0.01578,0.025805,0.229572,0.005891,0.000101,0.643285,0.079566
AACCCATCCCATGATC-1,0.912396,0.012512,0.025026,0.012518,0.012508,0.012523,0.012516
AACCCGAGCAGAATCG-1,0.043642,0.259853,0.623706,0.000803,0.070391,0.000803,0.000803
AACCCTACTGTCAATA-1,0.087413,0.12518,0.17458,0.004013,0.000057,0.465744,0.143012
AACCCTGGTGGAACCA-1,0.000013,0.028665,0.411957,0.021453,0.034782,0.415458,0.087672
AACCGAGCTTGGTCAT-1,0.00003,0.015774,0.194982,0.020002,0.00003,0.239098,0.530085
AACCGCTAAGGGATGC-1,0.183376,0.001061,0.811318,0.001061,0.001061,0.001061,0.001061
AACCGTTGTGTTTGCT-1,0.000066,0.085467,0.882816,0.000066,0.000066,0.020865,0.010655
AACCTCGCTTTAGCCC-1,0.796799,0.000075,0.015023,0.185426,0.000075,0.002528,0.000075
AACCTGTCACGGAATT-1,0.4475,0.00033,0.000661,0.298447,0.00033,0.197914,0.054817
AACCTTTAAATACGGT-1,0.048411,0.000032,0.605392,0.25589,0.000032,0.081295,0.008947
AACGAAAGTCGTCCCA-1,0.755922,0.000266,0.000532,0.000266,0.000266,0.208145,0.034604
AACGACCTCCTAGCCG-1,0.17371,0.105957,0.719848,0.000121,0.000121,0.000121,0.000121
AACGATAATGCCGTAG-1,0.128169,0.306362,0.379008,0.000894,0.000894,0.000894,0.183778
AACGATAGAAGGGCCG-1,0.484012,0.248825,0.264633,0.000632,0.000632,0.000632,0.000632
AACGCATGATCTGGGT-1,0.464771,0.150618,0.376906,0.001926,0.001926,0.001926,0.001927
AACGCGAACGGCAACA-1,0.186283,0.134132,0.624419,0.000623,0.000623,0.053296,0.000623
AACGCGGTCTCCAGCC-1,0.00002,0.000372,0.043057,0.005055,0.00002,0.443445,0.508031
AACGCTGTTGCTGAAA-1,0.226129,0.000338,0.28564,0.463814,0.000337,0.023404,0.000338
AACGGACGTACGTATA-1,0.202239,0.013033,0.104719,0.000256,0.000256,0.234317,0.445181
AACGGCCATCTCCGGT-1,0.893457,0.000473,0.098501,0.006152,0.000472,0.000473,0.000473
AACGTACTGTGGGTAC-1,0.701608,0.003385,0.281469,0.003384,0.003384,0.003385,0.003385
AACGTAGTCTACCCAT-1,0.298194,0.075821,0.306914,0.000131,0.000131,0.314934,0.003874
AACGTCAGACTAGTGG-1,0.284116,0.134296,0.501249,0.000082,0.000082,0.000082,0.080091
AACGTCGCTGCACTTC-1,0.000092,0.250317,0.666766,0.017757,0.000092,0.000092,0.064883
AACGTGCGAAAGTCTC-1,0.000053,0.001773,0.691082,0.000053,0.000053,0.079403,0.227584
AACGTTATCAGCACCT-1,0.043988,0.027151,0.150884,0.004878,0.000016,0.641831,0.131254
AACGTTCTACCATTGT-1,0.051718,0.023261,0.597824,0.000293,0.000108,0.293102,0.033694
AACTACCCGTTTGTCA-1,0.000489,0.239862,0.757692,0.000489,0.000489,0.000489,0.000489
AACTAGCGTATCGCAC-1,0.582109,0.000066,0.384667,0.03296,0.000066,0.000066,0.000066
AACTAGGCTTGGGTGT-1,0.032839,0.140564,0.463359,0.026039,0.000039,0.236432,0.10073
AACTCAAGTTAATTGC-1,0.115045,0.000103,0.884442,0.000103,0.000103,0.000103,0.000103
AACTCCAGAGCGTGTT-1,0.000692,0.000692,0.995849,0.000692,0.000692,0.000692,0.000692
AACTCGATAAACACGT-1,0.038231,0.095945,0.820933,0.000035,0.000035,0.014308,0.030513
AACTCGATGGCGCAGT-1,0.090067,0.06707,0.503412,0.000663,0.000663,0.337463,0.000663
AACTCTCAATAGAGCG-1,0.196294,0.001056,0.80219,0.000115,0.000115,0.000115,0.000115
AACTCTCAGTGTGCTC-1,0.410704,0.000611,0.299631,0.000611,0.000611,0.287221,0.000611
AACTGAGTTATACTGA-1,0.075686,0.009517,0.509521,0.000079,0.000079,0.391971,0.013147
AACTGATATTAGGCCT-1,0.048703,0.020867,0.821994,0.001577,0.000038,0.098138,0.008684
AACTGGGTCCCGACGT-1,0.018057,0.005832,0.63865,0.006116,0.000028,0.193074,0.138242
AACTGGTGTGGGCCTT-1,0.963348,0.000061,0.000122,0.000061,0.000061,0.036287,0.000061
AACTTCTGCGTCTATC-1,0.145792,0.115529,0.709574,0.000052,0.000052,0.006938,0.022063
AACTTGCCCGTATGCA-1,0.408504,0.1761,0.260897,0.099559,0.000061,0.05087,0.004009
AACTTGCGTTCTCGCG-1,0.498376,0.002277,0.490239,0.002276,0.002276,0.002277,0.002277
AACTTTACGGGAGCTT-1,0.112389,0.00032,0.790356,0.00032,0.00032,0.095974,0.00032
AACTTTAGCTGCTGAG-1,0.999191,0.000116,0.000231,0.000116,0.000116,0.000116,0.000116
AACTTTCTCGATCATG-1,0.691926,0.000113,0.208565,0.000113,0.000113,0.099056,0.000113
AAGAAGGATCAGTTAG-1,0.271509,0.211701,0.287113,0.00576,0.09061,0.000315,0.132993
AAGACATACGTGGTTT-1,0.001009,0.121763,0.418392,0.0002,0.144268,0.092219,0.222149
AAGACCCAACTGAACA-1,0.000501,0.268165,0.541505,0.061611,0.000023,0.091993,0.036204
AAGACTAACCCGTTGT-1,0.031786,0.347485,0.552892,0.000213,0.000213,0.067197,0.000213
AAGAGATGAATCGGTA-1,0.281894,0.038481,0.679343,0.000071,0.000071,0.000071,0.000071
AAGAGCTCTTTATCGG-1,0.001109,0.354993,0.639465,0.001108,0.001108,0.001108,0.001108
AAGAGGATGTACGCGA-1,0.525465,0.276801,0.180906,0.000076,0.000076,0.000076,0.016599
AAGAGGCATGGATCGC-1,0.119999,0.000505,0.69689,0.181091,0.000505,0.000505,0.000505
AAGAGGCCCTTTGGAA-1,0.050325,0.006975,0.939549,0.000787,0.000788,0.000788,0.000788
AAGATTGGCGGAACGT-1,0.280458,0.001674,0.626636,0.000074,0.000074,0.005219,0.085865
AAGCACCCTGCGTATC-1,0.000029,0.169642,0.483578,0.000029,0.010635,0.299854,0.036233
AAGCATACTCTCCTGA-1,0.026181,0.034232,0.881035,0.025556,0.000037,0.021052,0.011907
AAGCCGAAGCGGTTTA-1,0.001291,0.001291,0.652282,0.107319,0.001291,0.001291,0.235235
AAGCCGCTTTACCTTG-1,0.722646,0.00014,0.000469,0.00014,0.00014,0.276327,0.00014
AAGCCGGAGAGCAGGA-1,0.06084,0.392629,0.186877,0.025318,0.000257,0.332204,0.001875
AAGCGTCCCTCATCGA-1,0.902304,0.000507,0.001014,0.000507,0.000507,0.094654,0.000507
AAGCTAGATCGAGTAA-1,0.027362,0.020907,0.347714,0.029509,0.000021,0.142405,0.432082
AAGCTCGTGCCAAGTC-1,0.001669,0.00167,0.989983,0.00167,0.001669,0.00167,0.00167
AAGCTCTTTCATGGTG-1,0.2457,0.000696,0.750822,0.000696,0.000696,0.000696,0.000696
AAGGAGAACTTATAAG-1,0.065014,0.000054,0.845417,0.000054,0.000054,0.087902,0.001505
AAGGAGCGGTTGGTGC-1,0.09354,0.176039,0.729563,0.000214,0.000214,0.000214,0.000214
AAGGATCGATCGCTTG-1,0.493605,0.001715,0.49782,0.001716,0.001715,0.001714,0.001715
AAGGATGAGGGACCTC-1,0.495484,0.04721,0.456724,0.000146,0.000146,0.000146,0.000146
AAGGCAGGCTGTCTCC-1,0.075438,0.000393,0.426278,0.143599,0.000393,0.000393,0.353508
AAGGCGCGTAAAGCTT-1,0.137423,0.093217,0.592174,0.000055,0.000055,0.041858,0.135219
AAGGCTGTGCTCATCG-1,0.000029,0.057372,0.192669,0.000029,0.000029,0.464676,0.285195
AAGGGACAGATTCTGT-1,0.228667,0.074769,0.694295,0.000088,0.000088,0.000088,0.002007
AAGGGACTATGCATTC-1,0.509824,0.013912,0.027834,0.013916,0.01391,0.40669,0.013915
AAGGGTTAGCCATGCG-1,0.000084,0.066718,0.1841,0.000084,0.000084,0.528773,0.220159
AAGGGTTTGATTTCAG-1,0.582259,0.012522,0.025048,0.342605,0.012523,0.012522,0.01252
AAGGTGATAAACCAGC-1,0.000209,0.000209,0.110136,0.000209,0.000209,0.252119,0.636909
AAGTAAGCTTCCAAAC-1,0.470036,0.000183,0.357942,0.000183,0.000183,0.154679,0.016793
AAGTAGAAGACCGGGT-1,0.100807,0.228249,0.363154,0.006039,0.000069,0.225187,0.076496
AAGTAGTGACGCGAGG-1,0.339855,0.070217,0.589588,0.000085,0.000085,0.000085,0.000085
AAGTCAATTGTCGTCA-1,0.001585,0.555898,0.436177,0.001585,0.001585,0.001585,0.001585
AAGTCTAGTAGCTGCC-1,0.857618,0.000113,0.000226,0.000113,0.000113,0.141705,0.000113
AAGTCTTCTGTGGCCT-1,0.535076,0.000041,0.000082,0.040644,0.000041,0.414482,0.009633
AAGTGACGACCGAATT-1,0.311453,0.069871,0.40057,0.029051,0.000044,0.008157,0.180853
AAGTGCAAAGGTAGAC-1,0.14655,0.025648,0.543773,0.00006,0.00006,0.28385,0.00006
AAGTGCCTTGACTGTA-1,0.187684,0.126344,0.683235,0.000684,0.000684,0.000684,0.000684
AAGTGCGTTAGAATCT-1,0.755715,0.007798,0.105372,0.009356,0.000036,0.107184,0.014539
AAGTGTTTGGAGACGG-1,0.065841,0.000287,0.750648,0.000287,0.000287,0.10356,0.079091
AAGTTCACTCCAAGCT-1,0.089296,0.126211,0.782505,0.000497,0.000497,0.000497,0.000497
AAGTTCAGTCTGCGTA-1,0.602462,0.00202,0.175576,0.002019,0.00202,0.002019,0.213885
AAGTTCGGCCAACAGG-1,0.579263,0.044079,0.264423,0.053802,0.000073,0.002937,0.055423
AAGTTGTGATGTTATA-1,0.013697,0.145702,0.160873,0.00233,0.000143,0.559083,0.11817
AAGTTTACTAATGGCA-1,0.000048,0.000048,0.99971,0.000048,0.000048,0.000048,0.000048
AAGTTTATGGGCCCAA-1,0.004029,0.577384,0.11507,0.243977,0.000073,0.01045,0.049016
AATAACAACGCTCGGC-1,0.428478,0.061426,0.271096,0.00004,0.00004,0.011266,0.227655
AATAACACTAGAACAA-1,0.357893,0.480188,0.14908,0.00321,0.003209,0.00321,0.00321
AATAACGTCGCGCCCA-1,0.030856,0.444508,0.361597,0.041512,0.000059,0.05318,0.068288
AATAAGTCCTCGAGAC-1,0.000068,0.072708,0.536018,0.130479,0.02281,0.195589,0.042329
AATAATCTTCGTATCG-1,0.100712,0.001079,0.890467,0.00108,0.001079,0.00108,0.004503
AATACAATGTTTCAGG-1,0.087755,0.056064,0.450051,0.000572,0.000029,0.210546,0.194983
AATACCTGATGTGAAC-1,0.01347,0.711606,0.002648,0.178968,0.00006,0.028619,0.064628
AATAGAATCTGTTTCA-1,0.000189,0.000189,0.358823,0.107513,0.000189,0.098674,0.434422
AATAGCTACCGCGTGC-1,0.530187,0.001527,0.462177,0.001527,0.001527,0.001527,0.001527
AATAGTCCGTCCCGAC-1,0.006975,0.019286,0.882394,0.000041,0.000041,0.024589,0.066676
AATAGTCGCGAGTCGG-1,0.062926,0.007518,0.63217,0.008232,0.000047,0.28906,0.000047
AATATCAAGGTCGGAT-1,0.107335,0.000934,0.887994,0.000935,0.000934,0.000934,0.000934
AATATCCTAGCAAACT-1,0.494474,0.000043,0.000086,0.061943,0.000043,0.443368,0.000043
AATATCGAATCAATGC-1,0.246431,0.001052,0.577832,0.001052,0.001052,0.001052,0.171528
AATATCGAGGGTTCTC-1,0.317442,0.217752,0.458038,0.001692,0.001692,0.001692,0.001692
AATATTGGAGTATTGA-1,0.126518,0.055435,0.367709,0.080871,0.00004,0.180922,0.188506
AATCAGACTGCAGGAC-1,0.000677,0.108253,0.523616,0.000677,0.000677,0.215554,0.150546
AATCATGTAAAGACTC-1,0.00062,0.623007,0.047363,0.00062,0.00062,0.00062,0.327149
AATCCAAGGGCCTGAG-1,0.212905,0.017433,0.768871,0.000198,0.000198,0.000198,0.000198
AATCCATGCAAGGGTG-1,0.00045,0.04239,0.68704,0.00045,0.00045,0.169726,0.099493
AATCGCCTCAGCGCCA-1,0.000121,0.000121,0.000242,0.000121,0.000121,0.35855,0.640724
AATCGCGCAGAGGACT-1,0.301187,0.001216,0.692734,0.001216,0.001216,0.001216,0.001216
AATCGGGACACTACGA-1,0.130589,0.056853,0.569959,0.004477,0.000029,0.211123,0.026969
AATCGGTATAGCCCTC-1,0.000173,0.330636,0.668499,0.000173,0.000173,0.000173,0.000173
AATCGTGAGCCGAGCA-1,0.392297,0.022657,0.147157,0.0042,0.000061,0.305634,0.127994
AATCTAGGTTTACTTG-1,0.179397,0.000542,0.817893,0.000542,0.000542,0.000542,0.000542
AATCTATGCCGGAGCC-1,0.460234,0.002455,0.40882,0.002455,0.121124,0.002455,0.002456
AATCTCTACTGTGGTT-1,0.062536,0.06258,0.12513,0.062617,0.062551,0.561958,0.062628
AATCTGCGTTGGGACG-1,0.222749,0.007346,0.769593,0.000078,0.000078,0.000078,0.000078
AATCTGGCTTTCTAGT-1,0.071725,0.264915,0.65915,0.001052,0.001052,0.001053,0.001052
AATGACAGCAATGTCT-1,0.623616,0.090645,0.228325,0.057195,0.000073,0.000073,0.000073
AATGACGTAGGATGTC-1,0.000602,0.000602,0.996388,0.000602,0.000602,0.000602,0.000602
AATGACTGTCAGCCGG-1,0.000082,0.124712,0.117309,0.000082,0.000082,0.484784,0.27295
AATGAGTTCGCATATG-1,0.268755,0.124317,0.473372,0.002609,0.002609,0.125729,0.002609
AATGATGATACGCTAT-1,0.481134,0.000342,0.49906,0.016365,0.000099,0.000099,0.002901
AATGATGCGACTCCTG-1,0.069807,0.00043,0.111034,0.001534,0.00043,0.32952,0.487244
AATGCAACCGGGTACC-1,0.201302,0.000172,0.797837,0.000172,0.000172,0.000172,0.000172
AATGCACCAAGCAATG-1,0.573537,0.411732,0.004911,0.002455,0.002455,0.002455,0.002455
AATGGCCGCCAATGCG-1,0.374533,0.001626,0.475094,0.001626,0.001626,0.143868,0.001626
AATGGTCCACCGTTCA-1,0.041026,0.100773,0.060693,0.010876,0.000044,0.687367,0.099221
AATGGTTCTCACAAGC-1,0.000032,0.000032,0.000064,0.000032,0.000032,0.392136,0.607672
AATGTGCCCGAGGTGT-1,0.433671,0.000178,0.080977,0.484642,0.000178,0.000178,0.000178
AATGTTGTCGTGAGAC-1,0.000107,0.119778,0.548584,0.001701,0.000083,0.173741,0.156007
AATTAAAGGTCGGCGT-1,0.431734,0.01397,0.553663,0.000158,0.000158,0.000158,0.000158
AATTAACGGATTTCCA-1,0.038188,0.068822,0.798459,0.004302,0.00006,0.077286,0.012883
AATTACGAGACCCATC-1,0.753324,0.001869,0.003738,0.001869,0.00187,0.235462,0.001869
AATTACTCGTACGCTC-1,0.017158,0.054,0.116863,0.000014,0.000014,0.78208,0.02987
AATTAGCGCTGCAGCG-1,0.016141,0.025773,0.811732,0.000037,0.000037,0.056509,0.089772
AATTCATAAGGGATCT-1,0.578814,0.275728,0.144886,0.000143,0.000143,0.000143,0.000143
AATTCCAACTTGGTGA-1,0.02976,0.019237,0.914929,0.000259,0.000259,0.000259,0.035297
AATTCCAAGCATGTAC-1,0.074368,0.058916,0.452887,0.151369,0.000161,0.191242,0.071058
AATTCGATTCGAGGAT-1,0.463621,0.296175,0.238959,0.000311,0.000311,0.000311,0.000312
AATTCTAGAGTTAGGC-1,0.011073,0.03389,0.91826,0.000052,0.000052,0.000052,0.036622
AATTGAACGCTCTGGT-1,0.022296,0.000178,0.223562,0.000178,0.000178,0.18066,0.572947
AATTGCAGCAATCGAC-1,0.000181,0.335868,0.498065,0.01565,0.007518,0.142538,0.000181
AATTGTGGTTGCCAAA-1,0.312617,0.061071,0.534834,0.000361,0.000361,0.000361,0.090395
AATTTGGTTCCAAAGA-1,0.002833,0.008473,0.963193,0.000046,0.000046,0.000323,0.025087
ACAAAGAAGGTAGGCC-1,0.344608,0.000798,0.418577,0.233625,0.000797,0.000797,0.000797
ACAAAGCATGACCTAG-1,0.06075,0.246752,0.689995,0.000626,0.000626,0.000626,0.000626
ACAAATCGCACCGAAT-1,0.133258,0.215715,0.501185,0.000199,0.000199,0.000199,0.149244
ACAAATGGTAGTGTTT-1,0.001739,0.001739,0.989565,0.001739,0.001739,0.001739,0.001739
ACAACAGCATGAGCTA-1,0.023453,0.000535,0.212284,0.000535,0.000535,0.387127,0.37553
ACAACGGTCCCTGCGA-1,0.05758,0.134967,0.4712,0.000043,0.003524,0.166479,0.166207
ACAAGCAGTGCCTAGC-1,0.661049,0.035138,0.13222,0.000981,0.000029,0.139046,0.031537
ACAAGGAAATCCGCCC-1,0.189101,0.000673,0.807533,0.000673,0.000673,0.000673,0.000673
ACAAGGACAAGAGGTT-1,0.235471,0.05642,0.700747,0.000043,0.000043,0.000043,0.007234
ACAAGGATGCTTTAGG-1,0.885309,0.000058,0.000117,0.000058,0.000058,0.114217,0.000182
ACAAGGGCAGGCTCTG-1,0.133128,0.402727,0.456779,0.001842,0.001841,0.001842,0.001842
ACAATAGTCGTACGTT-1,0.867497,0.000035,0.00007,0.000035,0.000035,0.132291,0.000035
ACAATCCATTTAAACC-1,0.150925,0.312889,0.296766,0.000109,0.000109,0.106579,0.132622
ACAATCGATCTTTATA-1,0.071224,0.000245,0.528988,0.060391,0.000104,0.303622,0.035426
ACAATGAATACGGAGA-1,0.617696,0.000236,0.307354,0.000236,0.000236,0.074007,0.000236
ACAATTGTGTCTCTTT-1,0.110053,0.001509,0.882404,0.001508,0.001509,0.001508,0.00151
ACAATTTAGGAGGCTC-1,0.079607,0.000024,0.000047,0.000024,0.000024,0.920251,0.000024
ACAATTTGAGCAGTGG-1,0.093419,0.030581,0.349557,0.000058,0.000058,0.276328,0.249999
ACAATTTGGCCATATT-1,0.061403,0.000349,0.000698,0.000349,0.000349,0.377864,0.558989
ACACAAAGACGGGTGG-1,0.000266,0.355033,0.643638,0.000266,0.000266,0.000266,0.000266
ACACAAATATTCCTAG-1,0.556401,0.000229,0.241709,0.000229,0.032029,0.169174,0.000229
ACACACCAGGACCAGT-1,0.001927,0.001927,0.98844,0.001927,0.001927,0.001927,0.001927
ACACACTTTCTACACG-1,0.035463,0.02511,0.810649,0.000043,0.000043,0.08169,0.047003
ACACATTGACGCAACA-1,0.051797,0.041146,0.522146,0.000024,0.000024,0.364701,0.020164
ACACCACATAATTAGC-1,0.684979,0.000835,0.103993,0.000835,0.000835,0.000835,0.207688
ACACCCAGCATGCAGC-1,0.191787,0.092438,0.715198,0.000144,0.000144,0.000144,0.000144
ACACCCGAGAAATCCG-1,0.060872,0.125087,0.150877,0.010549,0.000063,0.311657,0.340895
ACACCGAGCGCTCTTT-1,0.076703,0.000148,0.641295,0.000148,0.000148,0.281409,0.000148
ACACCTTAAGTAGGGC-1,0.162835,0.135825,0.303941,0.077981,0.000065,0.175296,0.144057
ACACCTTACTACTTGC-1,0.157239,0.001423,0.835647,0.001423,0.001422,0.001422,0.001423
ACACGAGACTCCTTCT-1,0.151753,0.015542,0.511077,0.000119,0.000119,0.136424,0.184966
ACACGGCACTATGCAT-1,0.000021,0.041519,0.662342,0.007272,0.002681,0.162021,0.124144
ACACGTAGGCCACAAG-1,0.001002,0.001002,0.863073,0.131918,0.001002,0.001002,0.001002
ACACTCCAATGTCACT-1,0.104175,0.132367,0.551757,0.000047,0.000047,0.128773,0.082835
ACACTGGGACAGTCGT-1,0.078404,0.203257,0.001099,0.000549,0.000549,0.178018,0.538124
ACAGAACTGAGAACAA-1,0.766007,0.143027,0.008163,0.000023,0.000023,0.067377,0.015379
ACAGATTAGGTTAGTG-1,0.102492,0.01232,0.284531,0.005192,0.000058,0.281259,0.314147
ACAGCATAGAGCCAGT-1,0.00144,0.00144,0.991363,0.00144,0.001439,0.001439,0.00144
ACAGCGACATTCTCAT-1,0.220028,0.173434,0.020583,0.000745,0.000745,0.297413,0.28705
ACAGGAGGCGCAGCCG-1,0.020264,0.000172,0.300749,0.000034,0.000034,0.671987,0.006759
ACAGGCACGGATCCTT-1,0.37761,0.000963,0.617575,0.000963,0.000963,0.000963,0.000963
ACAGGCTTGCCCGACT-1,0.000582,0.310134,0.686954,0.000582,0.000582,0.000582,0.000582
ACAGGTGGAGGTGAGG-1,0.867976,0.000659,0.001318,0.000659,0.000659,0.12807,0.000659
ACAGTAATACAACTTG-1,0.00202,0.00202,0.655405,0.00202,0.002019,0.05009,0.286426
ACAGTATACCGTGGGA-1,0.346425,0.000673,0.001347,0.000673,0.649535,0.000673,0.000673
ACAGTGCAGCGCATTT-1,0.425717,0.00167,0.233881,0.001669,0.00167,0.00167,0.333723
ACATAAGTCGTGGTGA-1,0.647479,0.000184,0.000368,0.000184,0.000184,0.351418,0.000184
ACATAATAAGGCGGTG-1,0.391959,0.017421,0.516688,0.000133,0.000133,0.000133,0.073532
ACATACAATCAAGCGG-1,0.067653,0.163382,0.29335,0.132098,0.000166,0.177702,0.165649
ACATCAGCTGGGACGC-1,0.000011,0.000011,0.000022,0.000011,0.000011,0.974578,0.025358
ACATCCCGGCCATACG-1,0.025784,0.044637,0.837655,0.012973,0.000038,0.064967,0.013946
ACATCCTGGTAACTGT-1,0.504527,0.32004,0.016831,0.062617,0.000401,0.000401,0.095183
ACATCGATCGTTTACC-1,0.036844,0.028699,0.835073,0.000063,0.000063,0.048147,0.051112
ACATCGGTCAGCCGCG-1,0.546813,0.067098,0.21739,0.088159,0.000056,0.026596,0.053889
ACATCGTATGCAATGG-1,0.000312,0.000312,0.105509,0.000312,0.000312,0.302482,0.59076
ACATCGTTAACCTAGT-1,0.004276,0.002981,0.337244,0.004789,0.000019,0.190563,0.460127
ACATCTCAACGCGTAA-1,0.019864,0.335362,0.21314,0.094688,0.000078,0.154821,0.182047
ACATGGCGCCAAAGTA-1,0.041389,0.000378,0.000757,0.000378,0.000378,0.030164,0.926555
ACATGGCTCAATTTAG-1,0.039314,0.099368,0.347324,0.033112,0.000049,0.409994,0.070838
ACATTAGTTTATATCC-1,0.010446,0.049819,0.655708,0.095488,0.000028,0.151892,0.036619
ACATTTGAAACCTAAC-1,0.005952,0.627291,0.056083,0.128618,0.000069,0.022383,0.159603
ACCAAACTAGAAATCC-1,0.041693,0.090485,0.410009,0.154284,0.000106,0.053038,0.250383
ACCAACACCACACACT-1,0.179055,0.00108,0.815547,0.001079,0.00108,0.00108,0.001079
ACCAACCGCACTCCAC-1,0.143427,0.604364,0.135203,0.000354,0.000354,0.000354,0.115945
ACCAAGAACGCGTGTC-1,0.000159,0.101043,0.837683,0.000159,0.000159,0.020813,0.039985
ACCAAGTCATCGGCAG-1,0.287715,0.139385,0.569791,0.002746,0.000121,0.000121,0.000121
ACCAATATGCAAGTTA-1,0.627785,0.000291,0.370759,0.000291,0.000291,0.000291,0.000291
ACCACAAGTTTCTATC-1,0.031868,0.010802,0.089917,0.007794,0.00002,0.40426,0.45534
ACCACCAATGTAACAA-1,0.255671,0.658489,0.003055,0.078205,0.001527,0.001527,0.001527
ACCACCCTCTCTTCTA-1,0.348686,0.00018,0.359768,0.092969,0.00018,0.148451,0.049766
ACCACGTGCAGCTATA-1,0.001228,0.001228,0.992634,0.001228,0.001227,0.001228,0.001228
ACCACTGTTCAAGAAG-1,0.155315,0.018169,0.296903,0.000707,0.000015,0.505363,0.023528
ACCAGACCATAACAAC-1,0.558952,0.092161,0.031695,0.012755,0.000045,0.211918,0.092476
ACCAGCCCGGTCTTTG-1,0.000246,0.418119,0.340615,0.03633,0.000246,0.000247,0.204196
ACCAGGAGTGTGATCT-1,0.119678,0.007731,0.204092,0.068952,0.027454,0.54621,0.025882
ACCAGTGCCCGGTCAA-1,0.561771,0.000528,0.257869,0.000528,0.000528,0.178246,0.000528
ACCAGTGCGGGAGACG-1,0.000626,0.533832,0.001252,0.000626,0.000626,0.000626,0.462411
ACCATATCCGCAATAA-1,0.198431,0.323338,0.294713,0.000075,0.000075,0.02591,0.157457
ACCATCCGCCAACTAG-1,0.009633,0.009631,0.60724,0.009633,0.00963,0.344598,0.009634
ACCATCGTATATGGTA-1,0.237961,0.115087,0.289584,0.024699,0.000059,0.143837,0.188772
ACCATTAAGGGTGTCA-1,0.179132,0.00009,0.58017,0.00009,0.00009,0.240339,0.00009
ACCCAACGCCCGTGGC-1,0.655258,0.130111,0.147831,0.000059,0.000059,0.001599,0.065083
ACCCACCTACATGCTC-1,0.289224,0.048744,0.472434,0.000043,0.000043,0.014465,0.175047
ACCCATCTTGAGGGTA-1,0.233136,0.000357,0.241681,0.000145,0.000145,0.442488,0.082049
ACCCATTTGTCCCTCT-1,0.058786,0.263184,0.032303,0.000348,0.000348,0.149296,0.495735
ACCCGAGCGAAATTAC-1,0.830544,0.000427,0.16732,0.000427,0.000427,0.000427,0.000427
ACCCGGAAACTCCCAG-1,0.025371,0.026279,0.60403,0.288784,0.00005,0.004783,0.050702
ACCCGGAGCACCACAA-1,0.227304,0.000623,0.673722,0.000623,0.000623,0.000623,0.096482
ACCCGGATGACGCATC-1,0.212357,0.004916,0.465311,0.0001,0.0001,0.0001,0.317115
ACCCGGTTACACTTCC-1,0.234367,0.059033,0.324991,0.000071,0.120811,0.091574,0.169152
ACCCGTAGTCTAGTTG-1,0.032235,0.00025,0.966513,0.00025,0.00025,0.00025,0.00025
ACCCGTGTCATCAGTA-1,0.000116,0.004979,0.939022,0.002391,0.000064,0.033701,0.019727
ACCCTATAGGACTGAG-1,0.029171,0.148279,0.130321,0.103678,0.00046,0.345562,0.242529
ACCCTCCCGTCAGGGC-1,0.136982,0.000413,0.860952,0.000413,0.000413,0.000413,0.000413
ACCCTCCCTTGCTATT-1,0.000567,0.000567,0.632906,0.000567,0.000566,0.252231,0.112597
ACCCTGGTAACGCCCT-1,0.389804,0.001565,0.602369,0.001566,0.001565,0.001565,0.001565
ACCCTTCATCTGCGAA-1,0.023495,0.000875,0.975455,0.000044,0.000044,0.000044,0.000044
ACCGAAAGGGCCCTGC-1,0.89033,0.000088,0.000176,0.000088,0.000088,0.109143,0.000088
ACCGAAGAGTCTGGTT-1,0.512189,0.287412,0.001165,0.000582,0.000582,0.197487,0.000582
ACCGACACATCTCCCA-1,0.020578,0.147241,0.628359,0.037582,0.000026,0.084072,0.082143
ACCGACTGAGTCCCAC-1,0.185338,0.086537,0.603128,0.000123,0.000123,0.000123,0.124629
ACCGATAGGCATAACC-1,0.563785,0.371598,0.001193,0.000596,0.000596,0.048306,0.013925
ACCGATATTTAATCAT-1,0.087182,0.000222,0.078282,0.455295,0.222301,0.156496,0.000222
ACCGATGGTAGCATCG-1,0.144122,0.026752,0.760429,0.000113,0.000113,0.000113,0.068358
ACCGCAATAACTGCCT-1,0.400554,0.000835,0.595272,0.000835,0.000835,0.000835,0.000835
ACCGCGGTGGAAGTCG-1,0.199825,0.000692,0.588779,0.071225,0.000692,0.138095,0.000692
ACCGGGCCTTTGTTGA-1,0.078029,0.000623,0.694953,0.224526,0.000623,0.000623,0.000623
ACCGTTCCCGCTCTGA-1,0.003517,0.049033,0.809658,0.000028,0.000028,0.100394,0.037342
ACCTAAGTACCTTTCA-1,0.761934,0.026531,0.211139,0.000099,0.000099,0.000099,0.000099
ACCTAATCGACTTCCT-1,0.344505,0.022694,0.613825,0.000055,0.000055,0.000055,0.018811
ACCTACAGTATGTGGT-1,0.191691,0.001043,0.507419,0.001044,0.001043,0.001044,0.296716
ACCTCCGCCCTCGCTG-1,0.17977,0.07193,0.45689,0.157365,0.000165,0.133714,0.000165
ACCTCCGTTATTCACC-1,0.054411,0.001527,0.937954,0.001527,0.001527,0.001527,0.001527
ACCTGCGTGTCATGTT-1,0.251109,0.000052,0.000103,0.054155,0.000052,0.694478,0.000052
ACGAAATGGGCGGCAC-1,0.393532,0.056438,0.549782,0.000062,0.000062,0.000062,0.000062
ACGACCCATGAGTTGC-1,0.281435,0.000408,0.569766,0.000408,0.000408,0.147168,0.000408
ACGACTCTAGGGCCGA-1,0.03881,0.773395,0.000396,0.186804,0.000198,0.000198,0.000198
ACGAGAACCCATCACG-1,0.235211,0.000357,0.610807,0.000357,0.082298,0.070614,0.000357
ACGAGGATACCACTCT-1,0.856721,0.000158,0.042267,0.022669,0.000157,0.077872,0.000158
ACGAGGTTTACAACGT-1,0.780963,0.031283,0.062572,0.031283,0.031278,0.031303,0.03132
ACGAGTACGGATGCCC-1,0.458608,0.002722,0.527782,0.002722,0.002722,0.002722,0.002722
ACGAGTCGCCGGCGTT-1,0.013747,0.00166,0.607104,0.000014,0.000014,0.365621,0.011841
ACGATACCTATCCTGA-1,0.181428,0.005268,0.221163,0.023712,0.000018,0.53343,0.034981
ACGATCATACATAGAG-1,0.366528,0.000183,0.484,0.000183,0.000183,0.000183,0.14874
ACGATCATCTTGTAAA-1,0.291485,0.092463,0.03482,0.001535,0.000062,0.411134,0.1685
ACGATGCATATGTTAT-1,0.732575,0.007363,0.163549,0.000086,0.000086,0.055261,0.041079
ACGATGGATCCGATGC-1,0.007408,0.008632,0.907637,0.021306,0.000033,0.043047,0.011937
ACGCAATCACTACAGC-1,0.15783,0.002363,0.830358,0.002363,0.002362,0.002361,0.002362
ACGCATACGTTTACTA-1,0.232352,0.001216,0.761568,0.001216,0.001216,0.001216,0.001216
ACGCATTCGTGAGTAC-1,0.053336,0.000614,0.588277,0.000614,0.000614,0.000614,0.355932
ACGCCAGATGATTTCT-1,0.005019,0.072319,0.606599,0.010065,0.000028,0.213099,0.09287
ACGCCAGTGCGTTTGC-1,0.050752,0.242511,0.640708,0.052982,0.000095,0.012857,0.000095
ACGCCCAGCTGTCGAT-1,0.000716,0.000716,0.313464,0.270571,0.348688,0.000716,0.065131
ACGCCGCTAGACGACC-1,0.000256,0.086545,0.536062,0.000256,0.000256,0.020014,0.356613
ACGCCTGACACGCGCT-1,0.008374,0.052636,0.385656,0.000035,0.000035,0.533182,0.020081
ACGCGAAGTCAGACGA-1,0.000012,0.016391,0.157702,0.0375,0.000012,0.42862,0.359763
ACGCGCTACACAGGGT-1,0.848785,0.012535,0.082323,0.000054,0.000054,0.000056,0.056192
ACGCGGGCCAAGGACA-1,0.043025,0.080925,0.875652,0.000099,0.000099,0.000099,0.000099
ACGCGTTTCTTAAGAG-1,0.135726,0.000293,0.000587,0.000293,0.000293,0.862514,0.000293
ACGCTACTGAATGGGC-1,0.014975,0.06972,0.771597,0.01297,0.012086,0.033482,0.08517
ACGCTAGTGATACACT-1,0.126892,0.001052,0.739547,0.001052,0.001052,0.129352,0.001052
ACGCTGTGAGGCGTAG-1,0.272063,0.004638,0.704747,0.004636,0.004638,0.004638,0.004639
ACGGAACACGAGTGCC-1,0.033921,0.361834,0.203232,0.166841,0.000063,0.011735,0.222373
ACGGAATTTAGCAAAT-1,0.003132,0.244827,0.73952,0.00313,0.00313,0.003131,0.003131
ACGGACTCTCAAAGCG-1,0.187526,0.190999,0.303681,0.023134,0.000058,0.195925,0.098679
ACGGAGCGCAAATTAC-1,0.540744,0.176499,0.278719,0.00101,0.00101,0.00101,0.00101
ACGGATGGTGCGGATA-1,0.234065,0.000666,0.762605,0.000666,0.000666,0.000666,0.000666
ACGGCACTTGCTTGGG-1,0.012277,0.0345,0.747219,0.000029,0.000029,0.138376,0.06757
ACGGCCAACATGGACT-1,0.000104,0.044591,0.57664,0.0004,0.00002,0.306733,0.071512
ACGGCGACGATGGGAA-1,0.101152,0.000141,0.000282,0.000141,0.000141,0.090538,0.807605
ACGGCGGGTTGCCCTG-1,0.272257,0.321869,0.404141,0.000433,0.000433,0.000433,0.000433
ACGGGAGTGTCGGCCC-1,0.797035,0.000056,0.202684,0.000056,0.000056,0.000056,0.000056
ACGGGCGTATGCGACA-1,0.448554,0.000368,0.286231,0.263742,0.000368,0.000368,0.000368
ACGGGTCATGTGACTT-1,0.046918,0.062256,0.25282,0.000567,0.000015,0.614488,0.022936
ACGGTACAGTTCAATG-1,0.630972,0.260142,0.001094,0.000547,0.000547,0.000547,0.106151
ACGTACAGATTTCTCT-1,0.023794,0.012301,0.743245,0.048744,0.000038,0.147573,0.024305
ACGTATTACTCCGATC-1,0.330356,0.653659,0.005329,0.002664,0.002664,0.002663,0.002664
ACGTCTCGTTCCGGGA-1,0.062519,0.062518,0.125103,0.062601,0.0625,0.062617,0.562143
ACGTGACAAAGTAAGT-1,0.562646,0.000084,0.009977,0.189056,0.000084,0.235401,0.002751
ACGTGCGCCTCGTGCA-1,0.022629,0.006364,0.774956,0.000077,0.000077,0.011758,0.184139
ACGTTAATGTCGAAGA-1,0.000368,0.00864,0.950249,0.000368,0.000368,0.000368,0.039638
ACGTTAGATTTGCCCG-1,0.00389,0.032029,0.1093,0.000042,0.000042,0.452414,0.402283
ACGTTATTGGTCACTC-1,0.038677,0.006582,0.114,0.000017,0.000017,0.440951,0.399756
ACGTTCCGCGCTCCGT-1,0.316598,0.153946,0.166166,0.000103,0.000103,0.294416,0.068667
ACGTTCGCAATCAATT-1,0.000636,0.000636,0.996186,0.000636,0.000635,0.000636,0.000636
ACGTTCTGTACAAGTC-1,0.250796,0.000656,0.745927,0.000656,0.000655,0.000655,0.000655
ACGTTTAGTTGTGATC-1,0.009604,0.018699,0.43126,0.01187,0.000029,0.25296,0.275577
ACGTTTCGGTGCACTT-1,0.000593,0.194266,0.648206,0.000594,0.000593,0.155155,0.000594
ACTACCAGCTCTCTGG-1,0.009525,0.010948,0.019206,0.000027,0.000027,0.20113,0.759138
ACTACGCGTTAGAATT-1,0.036686,0.009526,0.710769,0.077043,0.000027,0.101331,0.064619
ACTAGTTGCGATCGTC-1,0.283615,0.001278,0.709997,0.001278,0.001278,0.001277,0.001278
ACTATATGCTGTGTTC-1,0.627309,0.000547,0.369957,0.000547,0.000547,0.000547,0.000547
ACTATCCAGGGCATGG-1,0.455352,0.001216,0.538569,0.001216,0.001216,0.001216,0.001216
ACTATCGCCGGCTAAA-1,0.111086,0.000116,0.234199,0.000116,0.000116,0.65425,0.000116
ACTATCTGCCCGCGTA-1,0.104576,0.077284,0.813416,0.001181,0.001181,0.001181,0.001181
ACTATTCGTCCGTGGT-1,0.008934,0.004484,0.91107,0.011236,0.000043,0.053967,0.010265
ACTCAACGAATGTATT-1,0.266082,0.160661,0.463401,0.107769,0.000696,0.000696,0.000696
ACTCAAGTGCAAGGCT-1,0.359706,0.218123,0.421888,0.000071,0.000071,0.000071,0.000071
ACTCAATAAAGGCACG-1,0.000074,0.066158,0.496113,0.000074,0.000074,0.032696,0.404811
ACTCAGACCTGCTTCT-1,0.131539,0.000374,0.866592,0.000374,0.000374,0.000374,0.000374
ACTCCAATATCATCAT-1,0.322458,0.284225,0.161001,0.001153,0.00012,0.230922,0.00012
ACTCCCATTCCTAAAG-1,0.542359,0.00003,0.068755,0.007011,0.00003,0.380185,0.00163
ACTCCCGAATTCGTTT-1,0.028947,0.598013,0.36987,0.000793,0.000792,0.000793,0.000793
ACTCCCGTAGACTAGG-1,0.882493,0.000141,0.000281,0.000141,0.000141,0.116664,0.000141
ACTCCCTAATGCTAAA-1,0.015978,0.041945,0.899659,0.037885,0.000037,0.000037,0.004458
ACTCCCTAGAATAGTA-1,0.007424,0.002424,0.180779,0.032984,0.000037,0.346593,0.429759
ACTCCGGCCGACCACT-1,0.794359,0.000072,0.000143,0.000072,0.000072,0.141716,0.063567
ACTCGATGTATTTCAT-1,0.094752,0.034851,0.124664,0.005936,0.000014,0.706474,0.033309
ACTCGCCGTTCGATAA-1,0.042133,0.3436,0.186163,0.000132,0.000132,0.277293,0.150547
ACTCGCGATCTGACGC-1,0.116868,0.085206,0.170094,0.041756,0.000194,0.40776,0.178122
ACTCGTAACCCGTCCT-1,0.79439,0.000074,0.170342,0.000074,0.000074,0.034974,0.000074
ACTCGTCAGTAATCCC-1,0.000427,0.000389,0.872307,0.000389,0.000389,0.000389,0.125711
ACTCTAAACCTGGGAT-1,0.043518,0.000068,0.000137,0.026238,0.000068,0.917484,0.012486
ACTCTCTGACTTAGGT-1,0.000963,0.013013,0.982171,0.000963,0.000963,0.000963,0.000963
ACTCTGACCTAATAGA-1,0.489425,0.000602,0.421757,0.08641,0.000602,0.000602,0.000602
ACTCTTCAGCTCCCGC-1,0.000515,0.000515,0.001031,0.000515,0.996393,0.000515,0.000515
ACTCTTGTATAGTAAC-1,0.000241,0.198992,0.412414,0.000241,0.000241,0.003149,0.384722
ACTGAAACGCCGTTAG-1,0.000273,0.565462,0.433174,0.000273,0.000273,0.000273,0.000273
ACTGAATGGCGAAAGT-1,0.182429,0.00062,0.655502,0.00062,0.00062,0.00062,0.159588
ACTGCCGTCGTAACTC-1,0.009389,0.044506,0.65383,0.020754,0.000027,0.167839,0.103655
ACTGCGGACACACCGT-1,0.223739,0.358484,0.000855,0.000427,0.146936,0.000427,0.269131
ACTGTACGATACACAT-1,0.203995,0.062466,0.240316,0.035737,0.000044,0.173998,0.283445
ACTGTAGCACTTTGGA-1,0.235486,0.11746,0.574809,0.033241,0.000107,0.038243,0.000654
ACTGTATACGCGAGCA-1,0.142952,0.224654,0.124124,0.000454,0.000454,0.223459,0.283903
ACTGTCCAGGATTATA-1,0.034921,0.00758,0.02634,0.000371,0.00003,0.363188,0.567571
ACTGTCTTCTTTAGAA-1,0.083138,0.089292,0.826985,0.000146,0.000146,0.000146,0.000146
ACTGTGCTAGTAGATC-1,0.114267,0.444145,0.405768,0.000189,0.000189,0.035254,0.000189
ACTGTTTAGTGTAGGC-1,0.060135,0.015559,0.647052,0.03981,0.000039,0.216559,0.020846
ACTTACGCATCCACGC-1,0.348087,0.292405,0.356358,0.000788,0.000788,0.000787,0.000787
ACTTAGTACGACAAGA-1,0.073206,0.222543,0.271594,0.000082,0.000082,0.288494,0.143997
ACTTATACTTACCCGG-1,0.132073,0.022698,0.168356,0.000052,0.000052,0.078617,0.598151
ACTTATCTGATCTATA-1,0.032875,0.063169,0.587678,0.043965,0.000051,0.264868,0.007395
ACTTATTAGGATCGGT-1,0.23036,0.000181,0.768737,0.000181,0.000181,0.000181,0.000181
ACTTATTTATGTGCCA-1,0.055587,0.000366,0.000732,0.018139,0.000366,0.525117,0.399693
ACTTCAGGCTGATCCC-1,0.349549,0.001181,0.644545,0.001181,0.001181,0.001181,0.001181
ACTTCCAGTGGAAGCT-1,0.427907,0.005962,0.542281,0.005961,0.005963,0.005963,0.005963
ACTTCCATGCGGGACA-1,0.551155,0.000033,0.000067,0.002541,0.000033,0.415317,0.030854
ACTTCCTGTCGTGCGA-1,0.345365,0.321917,0.141795,0.039898,0.000404,0.050198,0.100423
ACTTGACTCCCTCTTT-1,0.170609,0.000986,0.492305,0.000986,0.000986,0.000986,0.333143
ACTTGCCATATTGTAC-1,0.234983,0.001676,0.628818,0.003576,0.000086,0.095471,0.03539
ACTTGGGACCCGGTGG-1,0.000025,0.000025,0.001526,0.000025,0.000025,0.291981,0.706392
ACTTGTAGTCCCTTCA-1,0.009628,0.932566,0.019266,0.009632,0.009634,0.009638,0.009635
ACTTGTGGATGGAACG-1,0.00072,0.00072,0.731026,0.00072,0.00072,0.265375,0.00072
ACTTTACCCTCATGAA-1,0.055822,0.000289,0.000577,0.000289,0.000289,0.073668,0.869067
ACTTTCCTATAGCTTC-1,0.000037,0.000037,0.102885,0.010185,0.000037,0.590136,0.296683
ACTTTGACTGCATCCT-1,0.890429,0.015654,0.031306,0.015647,0.015653,0.015662,0.015649
ACTTTGTCGACGCACT-1,0.129219,0.000377,0.594347,0.000456,0.000377,0.154075,0.121148
AGAAATTATGACTCGC-1,0.000042,0.000042,0.000084,0.000042,0.000042,0.547641,0.452108
AGAACCCAGCGTGACA-1,0.150081,0.000269,0.543099,0.000269,0.000269,0.305745,0.000269
AGAACTGTACTTTGTA-1,0.048433,0.402435,0.108726,0.240037,0.000057,0.107193,0.093119
AGAAGAGCGCCGTTCC-1,0.113069,0.000623,0.883817,0.000623,0.000623,0.000623,0.000623
AGAAGGTACACTTCAC-1,0.631113,0.000057,0.125482,0.017066,0.000057,0.226168,0.000057
AGAAGGTTGCCGAATT-1,0.319595,0.185116,0.494951,0.000085,0.000085,0.000085,0.000085
AGAAGGTTGTAGGTCG-1,0.682192,0.023279,0.294055,0.000119,0.000119,0.000119,0.000119
AGAAGTGATTCGTGAT-1,0.519447,0.143241,0.307045,0.000083,0.000083,0.026949,0.003151
AGAATAAATCTTCAGG-1,0.926954,0.010436,0.020875,0.010432,0.010433,0.010434,0.010435
AGAATACAGGCTATCC-1,0.008835,0.650388,0.05193,0.138611,0.000045,0.044412,0.105778
AGAATTATGGATTCGA-1,0.381626,0.168048,0.199464,0.000087,0.000087,0.220831,0.029858
AGAATTGTTTGACATA-1,0.00174,0.171015,0.288352,0.001738,0.001739,0.001739,0.533676
AGACAGCTCAGAATCC-1,0.120877,0.008153,0.301809,0.004585,0.000021,0.37158,0.192974
AGACAGGCATCTCAGC-1,0.427776,0.000127,0.297123,0.066319,0.000127,0.2084,0.000127
AGACATAGATCCTTCC-1,0.581115,0.02951,0.388834,0.000135,0.000135,0.000135,0.000135
AGACCAAACCACACCT-1,0.209711,0.000287,0.000574,0.076808,0.000287,0.712045,0.000287
AGACCATGGGATACAA-1,0.165377,0.257537,0.495969,0.000057,0.000057,0.019286,0.061717
AGACCCACCGCTGATC-1,0.052087,0.066077,0.79961,0.000038,0.000038,0.036901,0.045249
AGACCCGCCCTCCTCG-1,0.12102,0.010198,0.483639,0.000087,0.000057,0.173131,0.211867
AGACCGCTCCGCGGTT-1,0.000907,0.061572,0.674973,0.000908,0.000908,0.000908,0.259824
AGACCGGGAAACCCTG-1,0.379767,0.000038,0.31378,0.005171,0.000037,0.29561,0.005598
AGACGAAGTGCCGGTC-1,0.000194,0.000194,0.000389,0.000194,0.000194,0.208917,0.789917
AGACGACGATGCCGCT-1,0.656593,0.033312,0.165766,0.143886,0.000148,0.000148,0.000148
AGACGCCCACTTCGCC-1,0.12821,0.001108,0.866248,0.001108,0.001108,0.001108,0.001108
AGACTAGCCTTCCAGA-1,0.178168,0.05458,0.766335,0.000229,0.000229,0.000229,0.000229
AGAGAACCGTCTAGGA-1,0.154476,0.125579,0.535503,0.083847,0.000088,0.000088,0.100419
AGAGAAGGAGTACAAT-1,0.656077,0.000369,0.000739,0.000369,0.000369,0.296605,0.045471
AGAGATCTCTAAAGCG-1,0.468405,0.001875,0.428223,0.004468,0.000058,0.096914,0.000058
AGAGCAGTTATGAGAC-1,0.187751,0.040454,0.434664,0.000039,0.000039,0.207315,0.129736
