Barcode,Topic 1,Topic 2,Topic 3,Topic 4,Topic 5
AAACAACGAATAGTTC-1,0.001896,0.001896,0.99239,0.001917,0.001901
AAACAAGTATCTCCCA-1,0.013786,0.013685,0.013776,0.945126,0.013627
AAACAATCTACTAGCA-1,0.003431,0.003445,0.986307,0.003412,0.003405
AAACACCAATAACTGC-1,0.043802,0.047118,0.741038,0.052987,0.115055
AAACAGCTTTCAGAAG-1,0.058691,0.253569,0.68645,0.000645,0.000646
AAACAGGGTCTATATT-1,0.014553,0.014849,0.941434,0.014635,0.01453
AAACAGTGTTCCTGGG-1,0.058795,0.001468,0.936787,0.001477,0.001474
AAACATGGTGAGAGGA-1,0.117475,0.000141,0.882102,0.000141,0.000141
AAACATTTCCCGGATT-1,0.025647,0.025636,0.897029,0.025717,0.025971
AAACCCGAACGAAATC-1,0.002157,0.002158,0.002166,0.41294,0.58058
AAACCGGAAATGTTAA-1,0.778945,0.17978,0.013716,0.013851,0.013708
AAACCGGGTAGGTACC-1,0.020562,0.034905,0.721242,0.07801,0.145281
AAACCTAAGCAGCCGG-1,0.001728,0.001729,0.684063,0.203919,0.108561
AAACCTCATGAAGTTG-1,0.007322,0.007331,0.970577,0.007403,0.007366
AAACGAAGAACATACC-1,0.226089,0.003595,0.450996,0.315718,0.003602
AAACGAAGATGGAGTA-1,0.001549,0.001547,0.499254,0.496091,0.001559
AAACGAGACGGTTGAT-1,0.000601,0.000603,0.997595,0.0006,0.0006
AAACGCTGGGCACGAC-1,0.000952,0.00094,0.996213,0.000951,0.000945
AAACGGGCGTACGGGT-1,0.006494,0.006452,0.974183,0.006448,0.006423
AAACGGGTTGGTATCC-1,0.000428,0.000428,0.358134,0.181837,0.459173
AAACGGTTGCGAACTG-1,0.001268,0.1903,0.805885,0.001273,0.001275
AAACGTGTTCGCCCTA-1,0.251955,0.01078,0.715509,0.010894,0.010862
AAACTCGGTTCGCAAT-1,0.014822,0.014631,0.941286,0.014604,0.014656
AAACTCGTGATATAAG-1,0.001483,0.086349,0.909203,0.001482,0.001483
AAACTGCTGGCTCCAA-1,0.000625,0.127449,0.614745,0.256556,0.000625
AAACTTAATTGCACGC-1,0.17172,0.117831,0.632937,0.076293,0.001218
AAACTTGCAAACGTAT-1,0.002887,0.002879,0.735643,0.133887,0.124704
AAAGAATGACCTTAGA-1,0.003408,0.003428,0.736577,0.253162,0.003425
AAAGAATGTGGACTAA-1,0.00259,0.002591,0.831466,0.160747,0.002607
AAAGACCCAAGTCGCG-1,0.022833,0.023196,0.907817,0.023195,0.022959
AAAGACTGGGCGCTTT-1,0.007629,0.007565,0.969653,0.007576,0.007577
AAAGCTTGCCTACATA-1,0.010953,0.382284,0.585287,0.010725,0.010751
AAAGGCTACGGACCAT-1,0.021742,0.254206,0.723435,0.000308,0.000308
AAAGGCTCTCGCGCCG-1,0.000657,0.283379,0.621776,0.09353,0.000658
AAAGGGCAGCTTGAAT-1,0.00612,0.006488,0.374067,0.613145,0.00018
AAAGTAGCATTGCTCA-1,0.075845,0.000642,0.922225,0.000644,0.000644
AAAGTCACTGATGTAA-1,0.020733,0.020625,0.917473,0.020584,0.020585
AAAGTCGACCCTCAGT-1,0.040274,0.040236,0.838483,0.040789,0.040218
AAAGTGCCATCAATTA-1,0.00165,0.001648,0.993395,0.001654,0.001653
AAAGTGTGATTTATCT-1,0.261501,0.005015,0.52381,0.005016,0.204659
AAAGTTGACTCCCGTA-1,0.009001,0.008944,0.964262,0.008964,0.008829
AAATAAGGTAGTGCCC-1,0.003075,0.003024,0.003031,0.80318,0.18769
AAATACCTATAAGCAT-1,0.216984,0.096151,0.385811,0.11814,0.182913
AAATAGCTTAGACTTT-1,0.015721,0.015775,0.936891,0.015842,0.015771
AAATAGGGTGCTATTG-1,0.00024,0.000239,0.584559,0.414723,0.00024
AAATCCGATACACGCC-1,0.010313,0.010307,0.958722,0.010412,0.010245
AAATCGCGGAAGGAGT-1,0.004276,0.004299,0.732281,0.004291,0.254853
AAATCTAGCCCTGCTA-1,0.012031,0.182126,0.781769,0.012056,0.012017
AAATGACTGATCAAAC-1,0.003049,0.003064,0.987769,0.003056,0.003062
AAATGATTCGATCAGC-1,0.00208,0.002067,0.991673,0.002084,0.002094
AAATGCTCGTTACGTT-1,0.512798,0.002254,0.480422,0.002267,0.002259
AAATGGCATGTCTTGT-1,0.281592,0.000477,0.631615,0.000477,0.085839
AAATGGCCCGTGCCCT-1,0.033793,0.03342,0.403778,0.494434,0.034575
AAATGTATCTTATCCC-1,0.95652,0.010897,0.010947,0.010842,0.010794
AAATGTGGGTGCTCCT-1,0.004451,0.004454,0.733476,0.253148,0.004471
AAATTAATAAGCGCGA-1,0.001124,0.097547,0.899079,0.001124,0.001126
AAATTACCTATCGATG-1,0.001884,0.001879,0.992482,0.001885,0.00187
AAATTCCAGGTCCAAA-1,0.017188,0.017174,0.931144,0.017192,0.017302
AAATTGATAGTCCTTT-1,0.000227,0.000227,0.596112,0.128837,0.274597
AAATTGCGGCGGTTCT-1,0.002986,0.002975,0.431248,0.002976,0.559816
AAATTGGTGAGAAGCA-1,0.002372,0.002385,0.730932,0.261922,0.002388
AAATTTGCGGGTGTGG-1,0.025459,0.000392,0.931234,0.042524,0.000392
AACAACTGGTAGTTGC-1,0.00026,0.075453,0.554324,0.308245,0.061718
AACAATTACTCTACGC-1,0.00013,0.00013,0.021105,0.978506,0.000129
AACACACGCTCGCCGC-1,0.003531,0.003526,0.679481,0.003554,0.309909
AACACGACTGTACTGA-1,0.51677,0.008591,0.457459,0.008537,0.008642
AACACGAGACGCGGCC-1,0.000696,0.000696,0.434125,0.277888,0.286596
AACACGCGGCCGCGAA-1,0.011274,0.011259,0.954838,0.011349,0.01128
AACAGGAAATCGAATA-1,0.238965,0.00061,0.759207,0.00061,0.000609
AACAGGATGGGCCGCG-1,0.000057,0.000057,0.000057,0.904593,0.095236
AACAGGTAGTATGGAT-1,0.0082,0.008295,0.008217,0.803778,0.171511
AACATAGCGTGTATCG-1,0.000791,0.000793,0.954054,0.000791,0.043571
AACATATCAACTGGTG-1,0.03495,0.034063,0.863839,0.033543,0.033604
AACATCGATACGTCTA-1,0.010855,0.010874,0.335696,0.010756,0.631819
AACATTGGTCAGCCGT-1,0.008145,0.008223,0.96727,0.008217,0.008145
AACATTGTGACTCGAG-1,0.000465,0.03944,0.67268,0.245398,0.042017
AACCAAGACTTCTCTG-1,0.00336,0.074897,0.840153,0.078238,0.003352
AACCATAGGGTTGAAC-1,0.005715,0.151735,0.500919,0.005733,0.335898
AACCATGGGATCGCTA-1,0.002402,0.002387,0.68288,0.309928,0.002403
AACCCAGAGACGGAGA-1,0.126893,0.005531,0.856445,0.005592,0.005538
AACCCATCCCATGATC-1,0.006848,0.006853,0.703744,0.006869,0.275687
AACCCGACAACCCGTG-1,0.002513,0.219619,0.622285,0.153069,0.002513
AACCCGAGCAGAATCG-1,0.003938,0.003944,0.409884,0.143144,0.439091
AACCCGCTGTATTCCA-1,0.233437,0.001212,0.762925,0.001212,0.001214
AACCCTACTGTCAATA-1,0.000441,0.000441,0.000441,0.677551,0.321126
AACCCTGGTGGAACCA-1,0.218466,0.065416,0.714168,0.000975,0.000975
AACCGCTAAGGGATGC-1,0.671622,0.016997,0.017183,0.277015,0.017183
AACCGTTGTGTTTGCT-1,0.005583,0.005591,0.524158,0.459082,0.005586
AACCTCGCTTTAGCCC-1,0.000709,0.000707,0.443467,0.554406,0.000712
AACCTGTCACGGAATT-1,0.012767,0.012751,0.616349,0.345278,0.012855
AACCTTTAAATACGGT-1,0.000336,0.022554,0.976441,0.000334,0.000335
AACCTTTACGACGTCT-1,0.001422,0.155537,0.736712,0.104905,0.001424
AACGAAAGTCGTCCCA-1,0.000817,0.042969,0.00082,0.558695,0.396699
AACGACCTCCTAGCCG-1,0.00281,0.002801,0.988764,0.002812,0.002814
AACGATAATGCCGTAG-1,0.009904,0.105651,0.754917,0.129131,0.000397
AACGATAGAAGGGCCG-1,0.054102,0.078155,0.71875,0.024597,0.124396
AACGCATGATCTGGGT-1,0.007604,0.007588,0.969585,0.007605,0.007618
AACGCGAACGGCAACA-1,0.004985,0.004989,0.980036,0.005027,0.004963
AACGCGACCTTGGGCG-1,0.247493,0.0046,0.738778,0.004559,0.00457
AACGCTGTTGCTGAAA-1,0.458372,0.001867,0.401881,0.13601,0.00187
AACGGACGTACGTATA-1,0.003899,0.003894,0.984414,0.003901,0.003891
AACGGCCATCTCCGGT-1,0.063989,0.058739,0.694699,0.182148,0.000425
AACGTAGTCTACCCAT-1,0.000703,0.000707,0.99718,0.000708,0.000702
AACGTCAGACTAGTGG-1,0.002755,0.035144,0.58952,0.256201,0.116381
AACGTCATCCGGCTTG-1,0.001582,0.001585,0.692862,0.001583,0.302388
AACGTCGCTGCACTTC-1,0.003263,0.13455,0.685644,0.003258,0.173285
AACGTGCGAAAGTCTC-1,0.005531,0.000435,0.993162,0.000436,0.000436
AACGTTATCAGCACCT-1,0.34088,0.004687,0.004676,0.645056,0.004702
AACGTTCTACCATTGT-1,0.146829,0.004649,0.839198,0.004656,0.004668
AACTACCCGTTTGTCA-1,0.013749,0.013717,0.944982,0.013699,0.013853
AACTAGCGTATCGCAC-1,0.016388,0.115889,0.863572,0.002075,0.002077
AACTAGGCTTGGGTGT-1,0.015387,0.376484,0.607334,0.000398,0.000398
AACTCCAGAGCGTGTT-1,0.004447,0.004442,0.135118,0.851525,0.004467
AACTCGATAAACACGT-1,0.002361,0.111032,0.255512,0.002373,0.628722
AACTCGATGGCGCAGT-1,0.010793,0.010942,0.956693,0.010741,0.010831
AACTCTCAATAGAGCG-1,0.01222,0.011962,0.707913,0.255881,0.012024
AACTGAGTTATACTGA-1,0.008621,0.008436,0.965848,0.008549,0.008545
AACTGATATTAGGCCT-1,0.289262,0.132358,0.577303,0.000538,0.000539
AACTGGGTCCCGACGT-1,0.046007,0.214693,0.738582,0.000359,0.000359
AACTGGTGTGGGCCTT-1,0.012747,0.012819,0.948714,0.01282,0.0129
AACTTCTGCGTCTATC-1,0.008927,0.008866,0.253132,0.720123,0.008952
AACTTGCCCGTATGCA-1,0.000296,0.000296,0.408821,0.590291,0.000296
AACTTGCGTTCTCGCG-1,0.007844,0.007818,0.968531,0.007937,0.00787
AACTTTACGGGAGCTT-1,0.026138,0.025385,0.897329,0.025652,0.025495
AACTTTAGCTGCTGAG-1,0.0038,0.003814,0.864306,0.124242,0.003839
AACTTTCTCGATCATG-1,0.152561,0.004738,0.387054,0.450875,0.004771
AAGAAATCACCAGATT-1,0.013593,0.013632,0.945266,0.013829,0.01368
AAGAAGGATCAGTTAG-1,0.007358,0.34693,0.631101,0.007313,0.007298
AAGACATACGTGGTTT-1,0.220922,0.006565,0.664325,0.006649,0.101539
AAGACCAAATAACTCA-1,0.002347,0.00234,0.501571,0.002341,0.491401
AAGACCCAACTGAACA-1,0.193249,0.128588,0.677711,0.000227,0.000226
AAGACTAACCCGTTGT-1,0.001722,0.090007,0.904833,0.001722,0.001716
AAGAGATGAATCGGTA-1,0.000171,0.00017,0.013688,0.932589,0.053383
AAGAGCTCTTTATCGG-1,0.000559,0.053621,0.944704,0.000558,0.000558
AAGAGGATGTACGCGA-1,0.000278,0.000278,0.788916,0.104568,0.10596
AAGAGGCATGGATCGC-1,0.000635,0.000635,0.997463,0.000634,0.000633
AAGAGGCCCTTTGGAA-1,0.115913,0.012132,0.56787,0.291917,0.012169
AAGATTGGCGGAACGT-1,0.001234,0.001232,0.57133,0.00123,0.424975
AAGCACCCTGCGTATC-1,0.041541,0.021405,0.676359,0.260415,0.00028
AAGCATACTCTCCTGA-1,0.204247,0.002487,0.38668,0.094179,0.312408
AAGCCGAAGCGGTTTA-1,0.016986,0.016875,0.931884,0.01712,0.017134
AAGCCGCTTTACCTTG-1,0.011436,0.011507,0.954067,0.011368,0.011623
AAGCCGGAGAGCAGGA-1,0.002014,0.002005,0.991946,0.002024,0.002011
AAGCGCAGGGCTTTGA-1,0.001172,0.00117,0.95358,0.042899,0.001179
AAGCGGAGTGCGCGCA-1,0.0004,0.065921,0.620877,0.307495,0.005307
AAGCTAGATCGAGTAA-1,0.145753,0.238147,0.615635,0.000232,0.000232
AAGCTCGTGCCAAGTC-1,0.301228,0.001103,0.695458,0.001104,0.001107
AAGCTCTTTCATGGTG-1,0.000113,0.000113,0.000113,0.947609,0.052053
AAGGAGAACTTATAAG-1,0.00145,0.00144,0.794179,0.201478,0.001453
AAGGAGCGGTTGGTGC-1,0.000287,0.503133,0.309977,0.186316,0.000287
AAGGATCGATCGCTTG-1,0.558797,0.013001,0.402584,0.012778,0.01284
AAGGATGAGGGACCTC-1,0.001934,0.001947,0.992252,0.001931,0.001936
AAGGCAGGCTGTCTCC-1,0.010801,0.010781,0.362182,0.605421,0.010814
AAGGCGCGTAAAGCTT-1,0.045035,0.001545,0.348566,0.45894,0.145915
AAGGCTGTGCTCATCG-1,0.237704,0.309592,0.329568,0.122876,0.000259
AAGGGAACGACTGGCT-1,0.041785,0.158979,0.602005,0.196913,0.000319
AAGGGACAGATTCTGT-1,0.001501,0.195982,0.661462,0.139549,0.001505
AAGGGACTATGCATTC-1,0.061927,0.001005,0.755859,0.001008,0.180201
AAGGGTTAGCCATGCG-1,0.15586,0.001853,0.681183,0.159238,0.001866
AAGGGTTTGATTTCAG-1,0.417026,0.003002,0.573929,0.003019,0.003024
AAGGTATCCTAATATA-1,0.000331,0.233854,0.765153,0.000331,0.000331
AAGGTGATAAACCAGC-1,0.00195,0.001951,0.544336,0.449809,0.001954
AAGTAAGCTTCCAAAC-1,0.000388,0.000387,0.998448,0.000388,0.000389
AAGTAGAAGACCGGGT-1,0.096515,0.002732,0.805912,0.094553,0.000288
AAGTAGTGACGCGAGG-1,0.000182,0.000182,0.51161,0.487843,0.000182
AAGTCAATTGTCGTCA-1,0.013073,0.012795,0.948214,0.012941,0.012977
AAGTCTAGTAGCTGCC-1,0.007333,0.007341,0.663409,0.007331,0.314585
AAGTCTTCTGTGGCCT-1,0.012971,0.012812,0.948746,0.012771,0.012701
AAGTGACGACCGAATT-1,0.001025,0.001024,0.995899,0.001028,0.001024
AAGTGAGTCGGGTTTA-1,0.445514,0.005526,0.537801,0.005571,0.005588
AAGTGCAAAGGTAGAC-1,0.015912,0.015962,0.936446,0.01578,0.015899
AAGTGCCTTGACTGTA-1,0.009514,0.079699,0.009437,0.009341,0.892009
AAGTGCGTTAGAATCT-1,0.001298,0.001306,0.915607,0.080486,0.001304
AAGTGCTTCTCTATTG-1,0.010965,0.010733,0.956729,0.010791,0.010781
AAGTGTTTGGAGACGG-1,0.000118,0.000118,0.164855,0.83479,0.000118
AAGTTCACTCCAAGCT-1,0.001558,0.001561,0.235454,0.759865,0.001561
AAGTTCAGTCTGCGTA-1,0.198126,0.004591,0.187627,0.605078,0.004578
AAGTTCGGCCAACAGG-1,0.00028,0.037802,0.900776,0.00028,0.060862
AAGTTGTGATGTTATA-1,0.012005,0.012073,0.951855,0.012066,0.012001
AAGTTTACTAATGGCA-1,0.009423,0.009308,0.962607,0.009291,0.009371
AAGTTTATGGGCCCAA-1,0.428573,0.00267,0.563403,0.002681,0.002672
AATAACAACGCTCGGC-1,0.000062,0.000062,0.041571,0.912694,0.045611
AATAACGTCGCGCCCA-1,0.001871,0.176202,0.818198,0.001865,0.001864
AATAAGTCCTCGAGAC-1,0.001081,0.00108,0.995656,0.001093,0.001091
AATAATCTTCGTATCG-1,0.005531,0.005526,0.241577,0.461154,0.286212
AATACAATGTTTCAGG-1,0.004644,0.004655,0.558254,0.427792,0.004655
AATACCGGAGGGCTGT-1,0.000959,0.183979,0.634728,0.000959,0.179376
AATACCTGATGTGAAC-1,0.000987,0.000984,0.996054,0.000986,0.000989
AATAGAATCTGTTTCA-1,0.000728,0.000727,0.000728,0.997083,0.000734
AATAGCTACCGCGTGC-1,0.008179,0.008156,0.9673,0.008228,0.008137
AATAGGCACGACCCTT-1,0.01073,0.010883,0.956699,0.0108,0.010888
AATAGTCCGTCCCGAC-1,0.185296,0.401647,0.412515,0.000271,0.000271
AATAGTCGCGAGTCGG-1,0.01704,0.016994,0.01733,0.017221,0.931415
AATATCAAGGTCGGAT-1,0.014731,0.014719,0.941325,0.014613,0.014613
AATATCCTAGCAAACT-1,0.008129,0.008145,0.967421,0.008177,0.008128
AATATCGAATCAATGC-1,0.01596,0.015939,0.936673,0.015633,0.015794
AATATCGAGGGTTCTC-1,0.003942,0.003962,0.984258,0.003928,0.00391
AATATTGGAGTATTGA-1,0.003626,0.121104,0.705509,0.003588,0.166173
AATCAGACTGCAGGAC-1,0.008101,0.00814,0.967461,0.008197,0.008101
AATCATGTAAAGACTC-1,0.003821,0.003808,0.984779,0.003806,0.003786
AATCCAAGGGCCTGAG-1,0.001554,0.001547,0.993818,0.00154,0.001542
AATCCATGCAAGGGTG-1,0.012879,0.012887,0.948696,0.012795,0.012743
AATCCCGCTCAGAGCC-1,0.002738,0.002753,0.741673,0.002753,0.250082
AATCGAGGTCTCAAGG-1,0.00044,0.00044,0.983089,0.01559,0.000441
AATCGCCTCAGCGCCA-1,0.018345,0.000684,0.97961,0.000681,0.000681
AATCGCGCAGAGGACT-1,0.10251,0.002083,0.74286,0.002079,0.150468
AATCGGGACACTACGA-1,0.00242,0.002417,0.902637,0.002426,0.0901
AATCGGTATAGCCCTC-1,0.36728,0.002078,0.482449,0.146111,0.002082
AATCGTGAGCCGAGCA-1,0.009798,0.00973,0.96073,0.009879,0.009862
AATCTAGGTTTACTTG-1,0.004752,0.040898,0.249287,0.700272,0.004791
AATCTATGCCGGAGCC-1,0.067211,0.067069,0.731417,0.067123,0.06718
AATCTCTACTGTGGTT-1,0.023068,0.022771,0.022908,0.908577,0.022677
AATCTGCGTTGGGACG-1,0.001252,0.001254,0.448155,0.548082,0.001256
AATCTGGCTTTCTAGT-1,0.050446,0.050403,0.797393,0.051376,0.050382
AATGACAGCAATGTCT-1,0.004046,0.000621,0.828606,0.166106,0.00062
AATGACGTAGGATGTC-1,0.00055,0.000549,0.997139,0.001211,0.000551
AATGACTGTCAGCCGG-1,0.113186,0.065498,0.615947,0.169299,0.036069
AATGAGTTCGCATATG-1,0.009734,0.009766,0.960921,0.009845,0.009733
AATGATGATACGCTAT-1,0.561087,0.001531,0.434311,0.001535,0.001537
AATGATGCGACTCCTG-1,0.192471,0.003537,0.003555,0.79689,0.003547
AATGCACCAAGCAATG-1,0.000628,0.057948,0.94017,0.000627,0.000626
AATGGTCCACCGTTCA-1,0.005578,0.005571,0.785563,0.197718,0.00557
AATGGTTCTCACAAGC-1,0.000343,0.000342,0.376241,0.622731,0.000343
AATGTATGGCACTGTA-1,0.005902,0.005908,0.744129,0.238173,0.005888
AATGTGCCCGAGGTGT-1,0.002258,0.045993,0.624714,0.324769,0.002265
AATGTTAAGACCCTGA-1,0.001121,0.001123,0.841459,0.155174,0.001123
AATGTTGTCGTGAGAC-1,0.011474,0.187933,0.777933,0.011335,0.011326
AATTAACGGATTTCCA-1,0.146799,0.144063,0.592463,0.046106,0.070569
AATTACGAGACCCATC-1,0.001836,0.00183,0.359849,0.634654,0.001831
AATTACTCGTACGCTC-1,0.009795,0.009896,0.960688,0.009798,0.009823
AATTAGCGCTGCAGCG-1,0.000579,0.533141,0.423314,0.042385,0.00058
AATTATACCCAGCAAG-1,0.001079,0.001073,0.904153,0.092618,0.001077
AATTCATAAGGGATCT-1,0.001881,0.001885,0.992442,0.001895,0.001898
AATTCATTGTCATGCA-1,0.001743,0.017293,0.662363,0.001749,0.316852
AATTCCAACTTGGTGA-1,0.015606,0.015763,0.652633,0.300342,0.015656
AATTCCAAGCATGTAC-1,0.000641,0.2414,0.747056,0.010263,0.000641
AATTCGATTCGAGGAT-1,0.000907,0.000907,0.183959,0.64468,0.169547
AATTGAACGCTCTGGT-1,0.01789,0.000154,0.041185,0.754275,0.186495
AATTGCAGCAATCGAC-1,0.005583,0.005573,0.538542,0.444726,0.005576
AATTGTGGTTGCCAAA-1,0.137105,0.006809,0.842334,0.00688,0.00687
AATTTGGTTCCAAAGA-1,0.001333,0.119782,0.519648,0.357898,0.001338
ACAAACCATGCGTCCT-1,0.000792,0.051459,0.725776,0.011348,0.210625
ACAAACCGACAAGGCG-1,0.270533,0.001153,0.59424,0.001153,0.132921
ACAAACTCCATCAGAG-1,0.276925,0.005755,0.70589,0.00573,0.005701
ACAAAGAAGGTAGGCC-1,0.005993,0.006002,0.975921,0.006033,0.006051
ACAAAGCATGACCTAG-1,0.003565,0.00356,0.985808,0.003537,0.00353
ACAAATCGCACCGAAT-1,0.005925,0.038897,0.000075,0.921959,0.033145
ACAAATGGTAGTGTTT-1,0.000487,0.000487,0.454759,0.494567,0.0497
ACAACGGTCCCTGCGA-1,0.000115,0.011255,0.093349,0.727001,0.16828
ACAAGCAGTGCCTAGC-1,0.00012,0.00012,0.00127,0.959169,0.03932
ACAAGCTATATGGAAG-1,0.01284,0.012852,0.29005,0.012842,0.671416
ACAAGGAAATCCGCCC-1,0.011976,0.098221,0.889068,0.000368,0.000367
ACAAGGACAAGAGGTT-1,0.010358,0.013749,0.544516,0.398144,0.033234
ACAAGGATGCTTTAGG-1,0.000732,0.000733,0.235162,0.762642,0.00073
ACAAGGGCAGGCTCTG-1,0.000412,0.000412,0.937422,0.061341,0.000413
ACAATAGTCGTACGTT-1,0.007062,0.007101,0.77843,0.200318,0.007089
ACAATCCATTTAAACC-1,0.000229,0.000229,0.658542,0.340771,0.000229
ACAATCGATCTTTATA-1,0.004464,0.004497,0.98207,0.004483,0.004487
ACAATGAATACGGAGA-1,0.00068,0.00068,0.807445,0.018894,0.172301
ACAATTGTGTCTCTTT-1,0.029824,0.029365,0.881953,0.029696,0.029161
ACAATTTAGGAGGCTC-1,0.010867,0.010881,0.956489,0.010903,0.01086
ACAATTTGAGCAGTGG-1,0.001155,0.001155,0.798289,0.039956,0.159445
ACAATTTGGCCATATT-1,0.010322,0.01026,0.958813,0.010276,0.010329
ACACAAAGACGGGTGG-1,0.000309,0.281578,0.530588,0.187216,0.000309
ACACAAATATTCCTAG-1,0.010259,0.010187,0.959204,0.010198,0.010152
ACACACCAGGACCAGT-1,0.00278,0.002768,0.496352,0.495321,0.002778
ACACACTTTCTACACG-1,0.000305,0.090899,0.333822,0.574669,0.000305
ACACATGATCAAATCT-1,0.00033,0.000331,0.959959,0.026761,0.01262
ACACATTGACGCAACA-1,0.262798,0.011477,0.70288,0.011413,0.011433
ACACATTTCCGTAGAC-1,0.196155,0.001718,0.798708,0.001709,0.00171
ACACCACATAATTAGC-1,0.002856,0.002836,0.170095,0.730148,0.094064
ACACCCAGCATGCAGC-1,0.084889,0.250559,0.614548,0.049812,0.000193
ACACCCGAGAAATCCG-1,0.000125,0.000126,0.695446,0.304177,0.000126
ACACCGAGCGCTCTTT-1,0.025769,0.025363,0.897499,0.025895,0.025475
ACACCGGTCTGACCGC-1,0.000488,0.090132,0.755057,0.153835,0.000489
ACACCTTAAGTAGGGC-1,0.000224,0.008417,0.80554,0.101924,0.083895
ACACCTTACTACTTGC-1,0.010403,0.010194,0.95888,0.010221,0.010302
ACACGGCACTATGCAT-1,0.001189,0.061885,0.934545,0.001192,0.001189
ACACGTAGGCCACAAG-1,0.009775,0.009709,0.631716,0.009819,0.338981
ACACTCCAATGTCACT-1,0.011351,0.011387,0.954577,0.011361,0.011324
ACACTGGGACAGTCGT-1,0.188382,0.008846,0.785001,0.008936,0.008835
ACAGAACTGAGAACAA-1,0.000265,0.006114,0.863032,0.000265,0.130325
ACAGATTAGGTTAGTG-1,0.001491,0.00149,0.869634,0.001489,0.125896
ACAGCATAGAGCCAGT-1,0.313577,0.003805,0.675009,0.003796,0.003813
ACAGCGACATTCTCAT-1,0.018438,0.018363,0.925915,0.018757,0.018526
ACAGGAGGCGCAGCCG-1,0.002313,0.002311,0.990786,0.002295,0.002295
ACAGGCACGGATCCTT-1,0.005141,0.232531,0.752016,0.005167,0.005145
ACAGGCTTGCCCGACT-1,0.000724,0.000728,0.500183,0.497638,0.000727
ACAGGTGTGTTGTTGC-1,0.017138,0.017164,0.93121,0.01759,0.016898
ACAGTAATACAACTTG-1,0.022601,0.908775,0.023066,0.022859,0.022699
ACAGTATACCGTGGGA-1,0.002454,0.002449,0.793288,0.199364,0.002445
ACATAAGTCGTGGTGA-1,0.014831,0.014868,0.941154,0.0146,0.014547
ACATAATAAGGCGGTG-1,0.006683,0.590015,0.391241,0.011844,0.000216
ACATACAATCAAGCGG-1,0.001299,0.001312,0.994787,0.001302,0.0013
ACATCAGCTGGGACGC-1,0.012874,0.012897,0.683086,0.012839,0.278303
ACATCCCGGCCATACG-1,0.000266,0.714498,0.195033,0.089939,0.000266
ACATCCTGGTAACTGT-1,0.020387,0.020803,0.917509,0.020617,0.020684
ACATCGGTCAGCCGCG-1,0.000364,0.000364,0.889952,0.108955,0.000364
ACATCGTATGCAATGG-1,0.000344,0.000345,0.944843,0.054123,0.000344
ACATCGTTAACCTAGT-1,0.001326,0.001326,0.899661,0.096357,0.00133
ACATCTCAACGCGTAA-1,0.004591,0.004559,0.981654,0.004594,0.004601
ACATGGCGCCAAAGTA-1,0.003372,0.218659,0.771261,0.003364,0.003344
ACATGGCTCAATTTAG-1,0.908407,0.022937,0.023317,0.02279,0.022549
ACATTTGAAACCTAAC-1,0.001225,0.001221,0.995102,0.001229,0.001223
ACCAAACACCCAGCGA-1,0.002552,0.002555,0.601636,0.390697,0.002559
ACCAAACTAGAAATCC-1,0.012003,0.012041,0.658897,0.305035,0.012024
ACCAACACCACACACT-1,0.012815,0.012919,0.612794,0.012886,0.348586
ACCAACCGCACTCCAC-1,0.003435,0.003439,0.003435,0.537188,0.452503
ACCAAGAACGCGTGTC-1,0.049917,0.009068,0.815209,0.008911,0.116896
ACCAAGTCATCGGCAG-1,0.004301,0.004294,0.778942,0.004288,0.208175
ACCAATATGCAAGTTA-1,0.184394,0.000169,0.453735,0.361532,0.00017
ACCACACGGTTGATGG-1,0.0016,0.001594,0.993592,0.001612,0.001602
ACCACCAATGTAACAA-1,0.00437,0.004321,0.739194,0.247746,0.004369
ACCACCCTCTCTTCTA-1,0.006227,0.006263,0.974966,0.00627,0.006275
ACCACGTGCAGCTATA-1,0.000932,0.05195,0.945245,0.000935,0.000937
ACCACTGTTCAAGAAG-1,0.002095,0.002098,0.991642,0.002084,0.002082
ACCAGACCATAACAAC-1,0.00628,0.006191,0.975011,0.006252,0.006267
ACCAGCCCGGTCTTTG-1,0.353563,0.006231,0.627686,0.00625,0.006271
ACCAGGAGTGTGATCT-1,0.00176,0.125428,0.514621,0.356429,0.001762
ACCAGTGCGGGAGACG-1,0.01284,0.012774,0.948552,0.012917,0.012917
ACCATCCGCCAACTAG-1,0.014755,0.014577,0.94142,0.014624,0.014625
ACCATTAAGGGTGTCA-1,0.025745,0.025595,0.897255,0.025708,0.025697
ACCCAACGCCCGTGGC-1,0.006094,0.00602,0.975667,0.006084,0.006136
ACCCACCTACATGCTC-1,0.000172,0.000172,0.163526,0.792967,0.043164
ACCCATCTTGAGGGTA-1,0.000432,0.059069,0.829581,0.067958,0.04296
ACCCATTTGTCCCTCT-1,0.005257,0.00529,0.97894,0.00526,0.005253
ACCCGGAAACTCCCAG-1,0.326458,0.000294,0.617761,0.055192,0.000295
ACCCGGAGCACCACAA-1,0.000559,0.000556,0.997771,0.000556,0.000558
ACCCGGATGACGCATC-1,0.001285,0.001287,0.994862,0.001287,0.00128
ACCCGTAGTCTAGTTG-1,0.001341,0.001343,0.417228,0.001345,0.578743
ACCCGTGTCATCAGTA-1,0.000441,0.434778,0.5639,0.000441,0.000441
ACCCTATAGGACTGAG-1,0.003597,0.003613,0.26288,0.299751,0.430159
ACCCTCCCGTCAGGGC-1,0.00343,0.00342,0.942092,0.047626,0.003432
ACCCTCCCTTGCTATT-1,0.000214,0.000214,0.13879,0.860568,0.000215
ACCCTGGTAACGCCCT-1,0.009827,0.009748,0.960714,0.009764,0.009947
ACCCTTCATCTGCGAA-1,0.000604,0.000604,0.202969,0.79522,0.000603
ACCCTTGCCTGGGTCG-1,0.003815,0.003816,0.984757,0.003822,0.003791
ACCGAAAGGGCCCTGC-1,0.015684,0.2614,0.691645,0.015657,0.015613
ACCGAAGAGTCTGGTT-1,0.025588,0.241784,0.025886,0.681207,0.025535
ACCGACACATCTCCCA-1,0.138217,0.060092,0.702343,0.067538,0.03181
ACCGAGTCTCCTTATT-1,0.002526,0.002527,0.989875,0.002552,0.002521
ACCGATAGGCATAACC-1,0.498922,0.015828,0.015985,0.015795,0.453469
ACCGATATTTAATCAT-1,0.02026,0.020597,0.917538,0.020964,0.02064
ACCGATGGTAGCATCG-1,0.009784,0.009714,0.960876,0.009817,0.009809
ACCGCAATAACTGCCT-1,0.000222,0.181732,0.519987,0.297838,0.000222
ACCGCGGTGGAAGTCG-1,0.443398,0.014612,0.512507,0.01466,0.014823
ACCGGGCCTTTGTTGA-1,0.319255,0.01852,0.018949,0.624594,0.018683
ACCGGTCAGGTACACC-1,0.001099,0.183474,0.813218,0.001103,0.001106
ACCGTCCACTGGGCCC-1,0.004479,0.004478,0.982131,0.004448,0.004465
ACCGTGACCACGTGGG-1,0.000896,0.000898,0.888373,0.108931,0.000901
ACCGTTCCCGCTCTGA-1,0.009317,0.009354,0.96263,0.009392,0.009307
ACCTAAGTACCTTTCA-1,0.000579,0.043024,0.875792,0.030148,0.050456
ACCTAATCGACTTCCT-1,0.031083,0.000098,0.000098,0.934259,0.034461
ACCTACAGTATGTGGT-1,0.018659,0.018628,0.925433,0.018728,0.018552
ACCTACTATAAATCTA-1,0.014713,0.01483,0.941354,0.014576,0.014526
ACCTCAGCGAGGCGCA-1,0.000586,0.000585,0.997662,0.000584,0.000583
ACCTCCGCCCTCGCTG-1,0.006042,0.006015,0.006087,0.975804,0.006052
ACCTCCGTTATTCACC-1,0.02271,0.022806,0.650171,0.022682,0.28163
ACCTCGAACTTATGCT-1,0.000317,0.057982,0.675499,0.168032,0.098171
ACCTGCGTGTCATGTT-1,0.001902,0.0019,0.469238,0.00191,0.525049
ACCTTTCCTTTAGAAG-1,0.007107,0.00709,0.971755,0.007006,0.007042
ACGAAATGGGCGGCAC-1,0.000859,0.00086,0.910409,0.087009,0.000862
ACGACCCATGAGTTGC-1,0.000851,0.059611,0.938475,0.000532,0.000531
ACGACTCTAGGGCCGA-1,0.003369,0.003378,0.65903,0.330843,0.003379
ACGAGAACCCATCACG-1,0.007292,0.007287,0.970885,0.007305,0.00723
ACGAGGATACCACTCT-1,0.000685,0.000687,0.446849,0.464272,0.087508
ACGAGGTTTACAACGT-1,0.034014,0.033795,0.864607,0.033858,0.033725
ACGAGTACGGATGCCC-1,0.011346,0.011348,0.954494,0.011422,0.01139
ACGAGTCGCCGGCGTT-1,0.008996,0.008907,0.964225,0.008954,0.008918
ACGATACATAGAACTA-1,0.00251,0.002523,0.989941,0.002512,0.002514
ACGATACCTATCCTGA-1,0.392473,0.006022,0.124985,0.470377,0.006142
ACGATCATCTTGTAAA-1,0.022922,0.022766,0.908975,0.0227,0.022636
ACGATGGATCCGATGC-1,0.002146,0.002156,0.99141,0.00215,0.002138
ACGCAAACTAATAGAT-1,0.007608,0.00758,0.96948,0.007663,0.007669
ACGCAATCACTACAGC-1,0.692504,0.099994,0.188827,0.009366,0.009309
ACGCATACGTTTACTA-1,0.014664,0.14533,0.014574,0.810728,0.014703
ACGCCACTCGAAACAG-1,0.002657,0.002652,0.989355,0.002673,0.002663
ACGCCAGATGATTTCT-1,0.003675,0.003656,0.985313,0.003658,0.003699
ACGCCAGTGCGTTTGC-1,0.004035,0.004006,0.983869,0.004046,0.004045
ACGCCCAGCTGTCGAT-1,0.005693,0.005706,0.977175,0.005701,0.005725
ACGCCGCTAGACGACC-1,0.171791,0.000298,0.436393,0.037194,0.354324
ACGCCTGACACGCGCT-1,0.001174,0.001178,0.853994,0.142476,0.001177
ACGCGCTACACAGGGT-1,0.16813,0.00034,0.595198,0.235993,0.00034
ACGCGTTTCTTAAGAG-1,0.012133,0.012124,0.563184,0.400412,0.012147
ACGCTACTGAATGGGC-1,0.002636,0.002656,0.858524,0.133541,0.002643
ACGCTAGTGATACACT-1,0.007402,0.007288,0.007396,0.970541,0.007372
ACGCTGTGAGGCGTAG-1,0.013724,0.013601,0.945481,0.013627,0.013568
ACGGAACACGAGTGCC-1,0.002143,0.002137,0.768565,0.225006,0.002148
ACGGAATTTAGCAAAT-1,0.00226,0.002262,0.990944,0.002274,0.00226
ACGGACTCTCAAAGCG-1,0.047002,0.000148,0.292054,0.56124,0.099556
ACGGAGCGCAAATTAC-1,0.003105,0.185419,0.409226,0.399123,0.003127
ACGGATGGTGCGGATA-1,0.000168,0.000169,0.18131,0.816403,0.001951
ACGGCGACGATGGGAA-1,0.000275,0.000275,0.9989,0.000276,0.000275
ACGGCGGGTTGCCCTG-1,0.00081,0.000816,0.996756,0.00081,0.000808
ACGGCTGGATGTAGAA-1,0.003259,0.003272,0.802798,0.003271,0.187401
ACGGGAGTGTCGGCCC-1,0.08798,0.112744,0.765311,0.000484,0.033482
ACGGGCGTATGCGACA-1,0.00162,0.001613,0.993533,0.001615,0.001618
ACGGGTCATGTGACTT-1,0.020676,0.379746,0.558506,0.020499,0.020574
ACGGTACAGTTCAATG-1,0.004442,0.004457,0.982111,0.00451,0.00448
ACGTACAGATTTCTCT-1,0.485173,0.010308,0.484037,0.010301,0.010182
ACGTAGGAGAGTCGCT-1,0.001308,0.001312,0.994755,0.001317,0.001309
ACGTATTACTCCGATC-1,0.009318,0.009195,0.806695,0.165417,0.009374
ACGTCCTAAACGAGAT-1,0.009407,0.009247,0.962693,0.009315,0.009338
ACGTCTCGTTCCGGGA-1,0.011364,0.011273,0.954555,0.011454,0.011355
ACGTGACAAAGTAAGT-1,0.009313,0.181017,0.658482,0.009267,0.141922
ACGTGCGCCTCGTGCA-1,0.000627,0.149256,0.848861,0.000628,0.000628
ACGTGGTCGAATGTGC-1,0.145584,0.000681,0.852371,0.000682,0.000682
ACGTTAGATTTGCCCG-1,0.05566,0.090598,0.795214,0.058115,0.000414
ACGTTATTGGTCACTC-1,0.052604,0.051194,0.052108,0.792951,0.051142
ACGTTCACTATGCCGC-1,0.029256,0.298386,0.612954,0.029688,0.029716
ACGTTCCGCGCTCCGT-1,0.259762,0.009818,0.710802,0.009795,0.009823
ACGTTCGCAATCAATT-1,0.369911,0.006176,0.006246,0.611433,0.006235
ACGTTCGTTCAGGAAA-1,0.169727,0.000954,0.811776,0.016592,0.000951
ACGTTCTGTACAAGTC-1,0.005117,0.005132,0.560173,0.424409,0.005169
ACGTTTAGTTGTGATC-1,0.007874,0.007886,0.728042,0.248267,0.00793
ACGTTTCGGTGCACTT-1,0.002659,0.002671,0.989352,0.002657,0.002661
ACTAAGGACGCACACC-1,0.000411,0.000411,0.768529,0.113055,0.117594
ACTACAAAGAGAGGTG-1,0.000873,0.000875,0.927088,0.048414,0.02275
ACTACATCCCGACAAG-1,0.000288,0.081548,0.772814,0.115265,0.030085
ACTACCAGCTCTCTGG-1,0.000199,0.039966,0.65656,0.280263,0.023012
ACTACGCGTTAGAATT-1,0.276916,0.186816,0.52722,0.00032,0.008727
ACTAGTTGCGATCGTC-1,0.018465,0.018444,0.925959,0.01865,0.018482
ACTATATGCTGTGTTC-1,0.001733,0.001729,0.69614,0.298667,0.001731
ACTATCCAGGGCATGG-1,0.017003,0.017021,0.931865,0.017182,0.016928
ACTATCGCCGGCTAAA-1,0.17523,0.001525,0.309487,0.369164,0.144594
ACTATCTGCCCGCGTA-1,0.014702,0.014761,0.941284,0.014631,0.014621
ACTATGTCCAGCTGCC-1,0.000654,0.150565,0.668215,0.179913,0.000653
ACTATTCGTCCGTGGT-1,0.006218,0.493242,0.488021,0.006242,0.006277
ACTATTTCCGGGCCCA-1,0.001091,0.001088,0.848651,0.146733,0.002437
ACTCAACGAATGTATT-1,0.006043,0.006002,0.97595,0.005988,0.006017
ACTCAAGTGCAAGGCT-1,0.002032,0.002028,0.448763,0.54515,0.002026
ACTCAGACCTGCTTCT-1,0.017363,0.016904,0.676377,0.272179,0.017176
ACTCCCATTCCTAAAG-1,0.605555,0.089097,0.273889,0.01584,0.01562
ACTCCCGAATTCGTTT-1,0.02955,0.029351,0.882237,0.029249,0.029613
ACTCCCGTAGACTAGG-1,0.003943,0.00393,0.984191,0.00398,0.003957
ACTCCCTAATGCTAAA-1,0.177203,0.101519,0.720416,0.00043,0.000431
ACTCCCTAGAATAGTA-1,0.248699,0.146005,0.475276,0.000303,0.129716
ACTCCGGCCGACCACT-1,0.006356,0.006375,0.974478,0.006427,0.006365
ACTCGATGTATTTCAT-1,0.020606,0.020618,0.917502,0.020681,0.020593
ACTCGCCGTTCGATAA-1,0.435526,0.539647,0.008281,0.008267,0.008279
ACTCGCGATCTGACGC-1,0.015739,0.479128,0.015834,0.015905,0.473394
ACTCGTAACCCGTCCT-1,0.000411,0.009216,0.683402,0.130216,0.176755
ACTCGTCAGTAATCCC-1,0.231572,0.012541,0.749305,0.00066,0.005923
ACTCTAAACCTGGGAT-1,0.008528,0.008545,0.86129,0.113071,0.008565
ACTCTCTGACTTAGGT-1,0.000638,0.000637,0.922148,0.000639,0.075937
ACTCTGACCTAATAGA-1,0.005237,0.005227,0.979053,0.005238,0.005244
ACTCTTCAGCTCCCGC-1,0.018505,0.018611,0.620371,0.32408,0.018433
ACTGAAACGCCGTTAG-1,0.008888,0.081573,0.891571,0.008972,0.008996
ACTGAATGGCGAAAGT-1,0.000276,0.000277,0.547901,0.45127,0.000276
ACTGCCGTCGTAACTC-1,0.249584,0.167629,0.580612,0.001087,0.001088
ACTGCGGACACACCGT-1,0.222218,0.010767,0.745505,0.010751,0.010758
ACTGCTCGGAAGGATG-1,0.003222,0.003207,0.987098,0.003236,0.003236
ACTGGCGAACCTGCGT-1,0.070958,0.000804,0.687587,0.239848,0.000804
ACTGGGATGCCAGTGC-1,0.213077,0.000671,0.287589,0.00067,0.497993
ACTGTACGATACACAT-1,0.142937,0.001057,0.562832,0.292118,0.001057
ACTGTAGCACTTTGGA-1,0.121005,0.000342,0.573925,0.304387,0.000342
ACTGTATACGCGAGCA-1,0.005219,0.005244,0.979052,0.005246,0.00524
ACTGTGCTAGTAGATC-1,0.11917,0.002208,0.253706,0.622705,0.002211
ACTGTTTAGTGTAGGC-1,0.004532,0.004534,0.981887,0.004529,0.004519
ACTTACGCATCCACGC-1,0.046149,0.066793,0.574447,0.31228,0.000331
ACTTAGTACGACAAGA-1,0.000511,0.000513,0.451039,0.547427,0.00051
ACTTATACTTACCCGG-1,0.003607,0.003573,0.643705,0.345514,0.003601
ACTTATCTGATCTATA-1,0.000366,0.077826,0.673912,0.000366,0.247529
ACTTATTTATGTGCCA-1,0.330555,0.01727,0.017242,0.61766,0.017274
ACTTCAGGCTGATCCC-1,0.000119,0.000119,0.016427,0.983216,0.000119
ACTTCCAGTGGAAGCT-1,0.005045,0.005002,0.979886,0.005009,0.005058
ACTTCCATGCGGGACA-1,0.001399,0.069638,0.755838,0.171724,0.001401
ACTTCGCTAGCGAGTG-1,0.018607,0.018559,0.92538,0.018781,0.018673
ACTTGACTCCCTCTTT-1,0.000676,0.061115,0.936861,0.000675,0.000673
ACTTGCCATATTGTAC-1,0.00159,0.001587,0.627813,0.012955,0.356055
ACTTGGGACCCGGTGG-1,0.000403,0.184108,0.439749,0.356054,0.019687
ACTTGGGCTTTCGCCA-1,0.000392,0.000394,0.955956,0.042865,0.000394
ACTTGTAGTCCCTTCA-1,0.450152,0.033634,0.44802,0.034361,0.033833
ACTTGTGGATGGAACG-1,0.040683,0.043621,0.833256,0.040818,0.041622
ACTTGTTACCGGATCA-1,0.097338,0.000717,0.575729,0.000717,0.325499
ACTTTACCCTCATGAA-1,0.005883,0.005825,0.454423,0.527943,0.005926
ACTTTGACTGCATCCT-1,0.13719,0.098957,0.485083,0.004132,0.274639
ACTTTGGTCGTGCTCC-1,0.006229,0.006279,0.974977,0.006269,0.006246
ACTTTGTCGACGCACT-1,0.012672,0.012779,0.591084,0.370635,0.01283
AGAAATTATGACTCGC-1,0.005442,0.00543,0.287453,0.626397,0.075277
AGAACCCAGCGTGACA-1,0.012068,0.012008,0.951687,0.012149,0.012088
AGAACCCTCAATTGGG-1,0.006438,0.006571,0.539457,0.441109,0.006426
AGAACTGTACTTTGTA-1,0.002175,0.002175,0.991295,0.002175,0.00218
AGAAGAGCGCCGTTCC-1,0.025436,0.025583,0.898095,0.025542,0.025344
AGAAGGTACACTTCAC-1,0.006205,0.211643,0.76969,0.006226,0.006236
AGAAGGTTGTAGGTCG-1,0.000321,0.000322,0.540593,0.458442,0.000321
AGAAGTGATTCGTGAT-1,0.239555,0.000783,0.7581,0.000782,0.00078
AGAATAAATCTTCAGG-1,0.010796,0.01087,0.563901,0.010854,0.403579
AGAATACAGGCTATCC-1,0.000561,0.000561,0.798886,0.180974,0.019018
AGAATGCGGGTTCGGA-1,0.002297,0.07122,0.695821,0.00231,0.228352
AGAATTATGGATTCGA-1,0.012119,0.011954,0.951605,0.012206,0.012116
AGAATTGTTTGACATA-1,0.001638,0.001639,0.68007,0.218346,0.098307
AGACAGCTCAGAATCC-1,0.040845,0.04058,0.467738,0.041154,0.409682
AGACAGGCATCTCAGC-1,0.340087,0.007975,0.450179,0.193832,0.007927
AGACATAGATCCTTCC-1,0.017067,0.016932,0.760157,0.188682,0.017163
AGACCAAACCACACCT-1,0.008163,0.00816,0.762861,0.212635,0.008182
AGACCATGGGATACAA-1,0.000145,0.000145,0.213876,0.78569,0.000145
AGACCCACCGCTGATC-1,0.167951,0.404854,0.393503,0.000664,0.033028
AGACCGCTCCGCGGTT-1,0.067936,0.423011,0.067486,0.374737,0.066831
AGACCGGGAAACCCTG-1,0.015936,0.015572,0.937285,0.015642,0.015565
AGACGAAGTGCCGGTC-1,0.009825,0.009819,0.804236,0.166381,0.00974
AGACGACGATGCCGCT-1,0.12063,0.121745,0.449464,0.086815,0.221347
AGACGCCCACTTCGCC-1,0.005,0.005018,0.979914,0.005032,0.005037
AGACTAGCCTTCCAGA-1,0.356916,0.297915,0.157521,0.174512,0.013136
AGACTGTTACCGGGTC-1,0.006061,0.47189,0.289326,0.006095,0.226627
AGAGAACCGTCTAGGA-1,0.002716,0.094586,0.89731,0.002694,0.002693
AGAGATCTCTAAAGCG-1,0.005157,0.005144,0.70049,0.284045,0.005164
AGAGCAGTTATGAGAC-1,0.172464,0.001439,0.144052,0.680604,0.001441
AGAGCCGCCGAGATTT-1,0.017059,0.017085,0.931664,0.017047,0.017146
AGAGCGCTTGTAACGG-1,0.339686,0.006869,0.639712,0.006896,0.006837
AGAGCGGGCTAATCAT-1,0.000397,0.065269,0.799677,0.134261,0.000396
AGAGCGTACAAGCTCG-1,0.000104,0.000104,0.002539,0.921263,0.07599
AGAGCTACGAAAGCAT-1,0.040459,0.040385,0.837517,0.04059,0.041048
AGAGGCTTCGGAAACC-1,0.008131,0.049561,0.926027,0.008148,0.008133
AGAGGTATCTCGGTCC-1,0.003054,0.003055,0.987774,0.003067,0.00305
AGAGTAAACTTCACTA-1,0.165477,0.00971,0.009827,0.805184,0.009802
AGAGTATAGTGTTACG-1,0.011399,0.011249,0.954488,0.011496,0.011368
AGAGTCTTAATGAAAG-1,0.001636,0.167853,0.827252,0.001633,0.001626
AGAGTTGCAGGCCTCC-1,0.180173,0.006642,0.647918,0.164588,0.000679
AGATAACTTCAGGGCC-1,0.012087,0.118269,0.597101,0.27228,0.000264
AGATACCAATAGAACC-1,0.009331,0.009389,0.6064,0.009405,0.365476
AGATACCAGCACTTCA-1,0.00034,0.000341,0.925535,0.073444,0.000341
AGATACCGGTGTTCAC-1,0.139313,0.000319,0.767976,0.088123,0.004269
AGATACGACTTCATAT-1,0.000304,0.000303,0.412498,0.58659,0.000304
AGATACTCAAGATCGA-1,0.000323,0.000323,0.79781,0.201219,0.000324
AGATATAATACGACTA-1,0.006446,0.006391,0.743741,0.236967,0.006455
AGATCGTGCATAAGAT-1,0.00093,0.000929,0.662774,0.334437,0.000931
AGATGACTCGCCCACG-1,0.266929,0.066402,0.66583,0.000419,0.00042
AGATGAGGGTTGCGAT-1,0.002253,0.002251,0.761922,0.231315,0.002259
AGATGATGGAGTCTGG-1,0.008427,0.008434,0.008533,0.966046,0.00856
AGATGCAAGACGTGCA-1,0.000413,0.000414,0.960768,0.037992,0.000414
AGATGCATCCTGTGTC-1,0.020415,0.020879,0.917614,0.020672,0.020419
AGATGCTATAACGAGC-1,0.001019,0.192251,0.804689,0.001021,0.00102
AGATTCACAACCGATA-1,0.006645,0.00665,0.710515,0.006607,0.269583
AGCAAAGGCCGCTAGT-1,0.03358,0.000259,0.780864,0.097021,0.088276
AGCAACATATCTTATT-1,0.017373,0.017329,0.93119,0.016987,0.01712
AGCAACCGAAAGTAAT-1,0.000378,0.000378,0.577293,0.000378,0.421574
AGCACTACCGGCCTGT-1,0.002211,0.002217,0.991162,0.002202,0.002209
AGCACTACCTCACCAG-1,0.000162,0.000162,0.170583,0.82893,0.000162
AGCACTTAAGGACGCC-1,0.000213,0.019574,0.441178,0.506387,0.032647
AGCAGAAGGAGAAAGA-1,0.038901,0.02808,0.308767,0.62032,0.003932
AGCAGCCAGATGAATA-1,0.1851,0.368586,0.445865,0.000225,0.000225
AGCAGTCGAAGCATGC-1,0.000879,0.000877,0.530055,0.404399,0.063791
AGCATATCAATATGCT-1,0.015996,0.015903,0.524927,0.427353,0.015821
AGCATCATTTCGAAAG-1,0.000486,0.000485,0.752941,0.000485,0.245604
AGCATCGTCGATAATT-1,0.046271,0.191039,0.760779,0.001622,0.000289
AGCATTACGAGGCAAG-1,0.00623,0.123982,0.857342,0.006214,0.006233
AGCCAAGCTTTGTGTC-1,0.305376,0.02326,0.443651,0.035218,0.192495
AGCCACAGGTTACCCG-1,0.004454,0.140854,0.845802,0.004451,0.004439
AGCCACTCCCGTGCTT-1,0.153783,0.003817,0.290137,0.548447,0.003816
AGCCATATAGTATGTG-1,0.000479,0.544867,0.453696,0.000479,0.000479
AGCCCATACATGTAAG-1,0.000462,0.044246,0.780321,0.000462,0.174509
AGCCCGCAACAAGCAG-1,0.123974,0.058982,0.81471,0.001168,0.001166
AGCCCGCACTACAATG-1,0.231537,0.002009,0.762437,0.002008,0.002009
AGCCCGGCATTAGAGG-1,0.001074,0.001074,0.635627,0.196367,0.165858
AGCCCGGTAGCCTGTA-1,0.313326,0.011595,0.393516,0.270071,0.011492
AGCCCTAAGCGAAGTT-1,0.000876,0.000877,0.842821,0.000877,0.154549
AGCCCTGTCGCACCGT-1,0.302951,0.011384,0.18105,0.493139,0.011477
AGCCCTTCTAATCCGA-1,0.003892,0.003863,0.836909,0.151452,0.003884
AGCCCTTGGACATCCC-1,0.008913,0.008981,0.96421,0.008932,0.008963
AGCCGCAAATTCAAAT-1,0.01855,0.000388,0.927338,0.044345,0.009379
AGCCGCTTGATTAGCG-1,0.005794,0.005845,0.976661,0.005855,0.005846
AGCCGTGGCTAAATGT-1,0.00064,0.090206,0.825486,0.083025,0.000642
AGCCTAATACCCACGT-1,0.000412,0.000413,0.144032,0.804349,0.050794
AGCCTTAAAGCGGAAG-1,0.01364,0.14512,0.814082,0.0136,0.013558
AGCGACATCCCATTCA-1,0.05157,0.065871,0.629155,0.085041,0.168362
AGCGACCAACGATATT-1,0.000381,0.118944,0.592257,0.288037,0.000381
AGCGACTTTGAAGACA-1,0.008232,0.00827,0.967083,0.008168,0.008247
AGCGATGCGCCTAATA-1,0.00253,0.002525,0.828371,0.002539,0.164035
AGCGCATAATGAATCG-1,0.249841,0.427069,0.320863,0.002053,0.000175
AGCGCGGGTGCCAATG-1,0.001563,0.001569,0.993717,0.001579,0.001571
AGCGCTAGAGCGATGT-1,0.008907,0.008984,0.480958,0.492147,0.009004
AGCGGACACTTCGTAG-1,0.004818,0.08563,0.822112,0.000412,0.087028
AGCGGCGGTTAGCGGT-1,0.013773,0.013577,0.699343,0.013641,0.259665
AGCGGGAAGGGTCCAT-1,0.001564,0.001561,0.709389,0.285924,0.001563
AGCGGGTCTGACACTC-1,0.006887,0.006841,0.972508,0.006914,0.00685
AGCGGTTGCCGCTCTG-1,0.00517,0.005157,0.979377,0.00515,0.005146
AGCGTACGAGAGCTAG-1,0.004996,0.005023,0.980028,0.004973,0.00498
AGCGTAGCGCTAGACC-1,0.002772,0.002765,0.988875,0.002787,0.002802
AGCGTCTGAACCCGCA-1,0.171065,0.004666,0.709247,0.004649,0.110373
AGCGTGGTATTCTACT-1,0.037429,0.219064,0.742802,0.000352,0.000352
AGCTAAGCTCCGTCCG-1,0.025779,0.026033,0.593717,0.025568,0.328902
AGCTAAGTACGCAGGC-1,0.006027,0.006029,0.975895,0.006042,0.006008
AGCTACGAATGGTGGT-1,0.001224,0.001219,0.995103,0.001229,0.001225
AGCTAGAAGCAGAAGT-1,0.001469,0.001477,0.445451,0.307521,0.244083
AGCTATTTAATCCAAC-1,0.239734,0.001119,0.756904,0.001121,0.001122
AGCTCCATATATGTTC-1,0.025482,0.191638,0.731555,0.025825,0.025501
AGCTCCTTCGCACATC-1,0.080221,0.001071,0.191565,0.726068,0.001074
AGCTCGTTGATGGAAA-1,0.006613,0.006564,0.97356,0.00666,0.006602
AGCTCTAGACGTTCCA-1,0.000719,0.236046,0.761801,0.000716,0.000718
AGCTCTTCCCAGTGCA-1,0.001721,0.001733,0.739575,0.255244,0.001727
AGCTCTTCGTAACCTT-1,0.012104,0.012022,0.951591,0.012038,0.012245
AGCTGAAGTAAACCAA-1,0.000968,0.068499,0.626852,0.117598,0.186083
AGCTGTAACCTCAATC-1,0.012266,0.08162,0.542677,0.362091,0.001345
AGCTTATAGAGACCTG-1,0.001492,0.001489,0.994051,0.001482,0.001485
AGCTTCAATACTTTGA-1,0.005745,0.100734,0.882011,0.005751,0.005758
AGCTTCTTCTCGAGCA-1,0.005399,0.005379,0.955468,0.028297,0.005457
AGCTTGATCTTAACTT-1,0.466918,0.002684,0.525066,0.002668,0.002665
AGGAAAGCCTCTGATG-1,0.009851,0.009834,0.46467,0.505802,0.009843
AGGAACGAACGACTTC-1,0.005036,0.005012,0.979871,0.005031,0.00505
AGGAAGCTGTCCGCCG-1,0.001449,0.139734,0.783461,0.049816,0.02554
AGGACAGTCGAATCCC-1,0.001465,0.001462,0.606295,0.389313,0.001465
AGGACATCGCACGTCG-1,0.063304,0.000402,0.603484,0.332406,0.000403
AGGACATCGGCACACT-1,0.004671,0.127362,0.858637,0.004665,0.004665
AGGACGCTCGATGTTG-1,0.000728,0.000733,0.635298,0.362511,0.00073
AGGACTTATAGGAGAA-1,0.014701,0.014605,0.94114,0.014801,0.014753
AGGAGACATCCACAGT-1,0.280769,0.008574,0.693451,0.008602,0.008604
AGGAGAGTCTGGCTAC-1,0.007653,0.00762,0.813313,0.163767,0.007647
AGGAGCGTTTATTATC-1,0.004144,0.004096,0.983583,0.004102,0.004075
AGGAGGCCTTCGCGCG-1,0.006459,0.006421,0.974145,0.006497,0.006477
AGGATAAAGTCGGGAT-1,0.000242,0.383939,0.615336,0.000242,0.000242
AGGATATAGGGATTTA-1,0.04095,0.040768,0.836074,0.041354,0.040854
AGGATATCCGACTGCA-1,0.011355,0.011346,0.954396,0.011541,0.011362
AGGATCACGCGATCTG-1,0.292833,0.010776,0.674774,0.010767,0.01085
AGGATTGCTTACGACA-1,0.016915,0.017024,0.932102,0.016921,0.017038
AGGCAAAGAGGAATCA-1,0.000778,0.00078,0.996881,0.00078,0.00078
AGGCAATACGGAGGAC-1,0.007051,0.007043,0.971746,0.007108,0.007053
AGGCACGTGACTGTCC-1,0.012888,0.012878,0.948586,0.012986,0.012662
AGGCAGATGCGTAAAC-1,0.002502,0.002505,0.989985,0.002501,0.002506
