Barcode,Topic 1to2,Topic 3to5,Topic 6,Topic 7to8
AAACAAGTATCTCCCA-1,0.12003,0.610792,0.000055,0.269123
AAACACCAATAACTGC-1,0.382182,0.000384,0.360008,0.257426
AAACAGAGCGACTCCT-1,0.918435,0.081379,0.000062,0.000124
AAACAGCTTTCAGAAG-1,0.885374,0.0726,0.011618,0.030409
AAACAGGGTCTATATT-1,0.44685,0.553025,0.000042,0.000083
AAACATGGTGAGAGGA-1,0.167296,0.122018,0.000063,0.710623
AAACATTTCCCGGATT-1,0.08419,0.000221,0.116188,0.7994
AAACCGGGTAGGTACC-1,0.547062,0.283636,0.020046,0.149256
AAACCGTTCGTCCAGG-1,0.548871,0.284438,0.000768,0.165923
AAACCTAAGCAGCCGG-1,0.153233,0.00039,0.00013,0.846247
AAACCTCATGAAGTTG-1,0.793099,0.201375,0.001841,0.003685
AAACGAAGATGGAGTA-1,0.001647,0.530858,0.000824,0.466672
AAACGAGACGGTTGAT-1,0.805347,0.192008,0.002496,0.000148
AAACGGGCGTACGGGT-1,0.000126,0.000188,0.000063,0.999623
AAACTGCTGGCTCCAA-1,0.341919,0.486416,0.112246,0.059419
AAACTTAATTGCACGC-1,0.35849,0.000299,0.0001,0.641111
AAACTTGCAAACGTAT-1,0.534923,0.464937,0.000047,0.000093
AAAGAATGACCTTAGA-1,0.19,0.424734,0.000051,0.385214
AAAGACTGGGCGCTTT-1,0.94377,0.056065,0.000055,0.00011
AAAGGCCCTATAATAC-1,0.02686,0.193082,0.017919,0.762138
AAAGTAGCATTGCTCA-1,0.069454,0.790106,0.03277,0.107669
AAAGTCGACCCTCAGT-1,0.582706,0.41699,0.000101,0.000203
AAAGTGTGATTTATCT-1,0.158457,0.841287,0.000015,0.000241
AAAGTTGACTCCCGTA-1,0.225397,0.717823,0.000031,0.056748
AAATAACCATACGGGA-1,0.565912,0.388825,0.045088,0.000175
AAATACCTATAAGCAT-1,0.752652,0.161287,0.07642,0.009641
AAATAGGGTGCTATTG-1,0.942455,0.000418,0.000139,0.056988
AAATCCGATACACGCC-1,0.081158,0.000273,0.000091,0.918478
AAATCGCGGAAGGAGT-1,0.017873,0.66261,0.008938,0.310579
AAATCTAGCCCTGCTA-1,0.234077,0.060313,0.000045,0.705565
AAATGGCATGTCTTGT-1,0.715406,0.221685,0.00013,0.062778
AAATGGCCCGTGCCCT-1,0.999197,0.000401,0.000134,0.000268
AAATGTATCTTATCCC-1,0.982526,0.008738,0.002912,0.005824
AAATTAATAAGCGCGA-1,0.7023,0.288307,0.00313,0.006263
AAATTACACGACTCTG-1,0.507632,0.492174,0.000065,0.000129
AAATTACCTATCGATG-1,0.07793,0.921966,0.000035,0.00007
AAATTGATAGTCCTTT-1,0.127931,0.000329,0.21584,0.6559
AAATTGCGGCGGTTCT-1,0.550829,0.410599,0.037915,0.000657
AAATTTACCGAAATCC-1,0.919032,0.058674,0.022222,0.000072
AAATTTGCGGGTGTGG-1,0.86593,0.034171,0.008152,0.091746
AACAATACATTGTCGA-1,0.020826,0.000224,0.194169,0.784782
AACAATTACTCTACGC-1,0.55766,0.364826,0.000171,0.077343
AACACACGCTCGCCGC-1,0.345101,0.066806,0.093545,0.494548
AACACGAGACGCGGCC-1,0.434945,0.551074,0.013877,0.000103
AACAGCTGTGTGGCAA-1,0.000108,0.032632,0.302795,0.664465
AACAGGAAATCGAATA-1,0.818096,0.099852,0.000087,0.081965
AACAGGATGGGCCGCG-1,0.007111,0.992869,0.000007,0.000014
AACATATCAACTGGTG-1,0.345923,0.608726,0.00003,0.045321
AACATTGGTCAGCCGT-1,0.343289,0.442191,0.199145,0.015374
AACCAAGACTTCTCTG-1,0.156767,0.843045,0.000063,0.000126
AACCAGTATCACTCTT-1,0.78288,0.216918,0.000067,0.000135
AACCATAGGGTTGAAC-1,0.297563,0.006406,0.00009,0.695941
AACCCATCCCATGATC-1,0.364234,0.322997,0.141876,0.170892
AACCCGACAACCCGTG-1,0.196759,0.299353,0.204108,0.29978
AACCCTACTGTCAATA-1,0.757928,0.105885,0.000151,0.136037
AACCCTGGTGGAACCA-1,0.014342,0.858195,0.000774,0.12669
AACCGAGCTTGGTCAT-1,0.88915,0.110605,0.000082,0.000163
AACCGCTAAGGGATGC-1,0.612819,0.224996,0.042132,0.120053
AACCTCGCTTTAGCCC-1,0.242841,0.089206,0.102807,0.565146
AACCTTTAAATACGGT-1,0.999148,0.000426,0.000142,0.000284
AACCTTTACGACGTCT-1,0.998752,0.000624,0.000208,0.000416
AACGAAAGTCGTCCCA-1,0.609316,0.193151,0.000098,0.197435
AACGATAATGCCGTAG-1,0.7331,0.049662,0.023858,0.193381
AACGATATGTCAACTG-1,0.884188,0.000377,0.000126,0.11531
AACGCATGATCTGGGT-1,0.22947,0.759376,0.011004,0.000149
AACGCGGTCTCCAGCC-1,0.36619,0.562425,0.070536,0.000849
AACGCTGTTGCTGAAA-1,0.380061,0.082244,0.109185,0.42851
AACGGACGTACGTATA-1,0.481102,0.109892,0.204815,0.204191
AACGGCCATCTCCGGT-1,0.368918,0.380832,0.000342,0.249908
AACGTGATGAAGGACA-1,0.378957,0.488033,0.132788,0.000222
AACGTGCGAAAGTCTC-1,0.856083,0.143733,0.000061,0.000123
AACGTTATCAGCACCT-1,0.536954,0.453302,0.009687,0.000058
AACTAGGCTTGGGTGT-1,0.419312,0.408579,0.171178,0.000931
AACTCCAGAGCGTGTT-1,0.006689,0.328297,0.003181,0.661833
AACTCCTAATCCCATG-1,0.68293,0.316838,0.000077,0.000155
AACTCGATAAACACGT-1,0.131559,0.012081,0.000074,0.856286
AACTCTCAATAGAGCG-1,0.834997,0.005219,0.001739,0.158045
AACTCTCAGTGTGCTC-1,0.100698,0.140374,0.000139,0.758789
AACTGATATTAGGCCT-1,0.45517,0.381137,0.00033,0.163362
AACTGGGTCCCGACGT-1,0.998939,0.000531,0.000177,0.000354
AACTGGGTTCGAGCCG-1,0.505836,0.480594,0.00004,0.013529
AACTTCTGCGTCTATC-1,0.656027,0.278585,0.064824,0.000564
AACTTGCCCGTATGCA-1,0.602305,0.367348,0.000195,0.030152
AACTTGCGTTCTCGCG-1,0.399104,0.476528,0.124032,0.000335
AACTTTACGGGAGCTT-1,0.982928,0.008537,0.002845,0.00569
AAGACCAAATAACTCA-1,0.432288,0.155351,0.191711,0.22065
AAGACTGCAAGCTACT-1,0.101796,0.876031,0.01437,0.007803
AAGAGATGAATCGGTA-1,0.000063,0.985283,0.002828,0.011826
AAGAGCTCTTTATCGG-1,0.846637,0.000271,0.00009,0.153001
AAGAGGATGTACGCGA-1,0.718841,0.280632,0.000176,0.000351
AAGAGGCATGGATCGC-1,0.677958,0.32186,0.000061,0.000121
AAGATGGCACCGGACC-1,0.060999,0.136818,0.032472,0.769711
AAGATTGGCGGAACGT-1,0.901795,0.097751,0.000151,0.000302
AAGCACCCTGCGTATC-1,0.792509,0.065114,0.00024,0.142137
AAGCATACTCTCCTGA-1,0.558564,0.343733,0.024418,0.073285
AAGCCGCCGTGAAATC-1,0.021379,0.042609,0.003623,0.932389
AAGCGTCCCTCATCGA-1,0.10379,0.030021,0.123987,0.742202
AAGCTAGATCGAGTAA-1,0.032056,0.942026,0.00184,0.024078
AAGCTCGTGCCAAGTC-1,0.999489,0.000256,0.000085,0.00017
AAGCTCTTTCATGGTG-1,0.278138,0.364286,0.078125,0.279451
AAGGATGAGGGACCTC-1,0.988648,0.000641,0.000214,0.010498
AAGGGAACGACTGGCT-1,0.191531,0.016589,0.014611,0.777269
AAGGGACAGATTCTGT-1,0.238707,0.529408,0.102756,0.129128
AAGGGACTATGCATTC-1,0.038078,0.046685,0.189278,0.725958
AAGGGTTTGATTTCAG-1,0.080493,0.749008,0.000144,0.170355
AAGGTATCCTAATATA-1,0.812892,0.074187,0.000071,0.11285
AAGGTGATAAACCAGC-1,0.539925,0.352793,0.002344,0.104938
AAGTAGTGACGCGAGG-1,0.802374,0.145883,0.051291,0.000451
AAGTCAATTGTCGTCA-1,0.063241,0.934272,0.000829,0.001658
AAGTCTTCTGTGGCCT-1,0.996537,0.001731,0.000577,0.001154
AAGTGACGACCGAATT-1,0.993294,0.003354,0.001118,0.002235
AAGTGAGTCGGGTTTA-1,0.20833,0.592504,0.026862,0.172304
AAGTGCAAAGGTAGAC-1,0.776203,0.223666,0.000044,0.000087
AAGTGCCTTGACTGTA-1,0.194321,0.646574,0.066674,0.092431
AAGTGCGTTAGAATCT-1,0.797952,0.066705,0.000158,0.135186
AAGTGTTTGGAGACGG-1,0.513795,0.342929,0.000127,0.143149
AAGTTCACTCCAAGCT-1,0.398119,0.164957,0.070746,0.366178
AAGTTCGGCCAACAGG-1,0.838882,0.000342,0.075608,0.085168
AAGTTGTGATGTTATA-1,0.312431,0.521272,0.00031,0.165987
AATAACAACGCTCGGC-1,0.812038,0.023153,0.000106,0.164703
AATAACACTAGAACAA-1,0.000048,0.095597,0.000024,0.904331
AATAAGTCCTCGAGAC-1,0.144499,0.101893,0.000095,0.753512
AATACAATGTTTCAGG-1,0.496552,0.502399,0.00035,0.000699
AATACCGGAGGGCTGT-1,0.289674,0.380237,0.012949,0.31714
AATAGAATCTGTTTCA-1,0.728145,0.03224,0.000097,0.239519
AATAGTCGCGAGTCGG-1,0.999616,0.000192,0.000064,0.000128
AATATCCTAGCAAACT-1,0.805303,0.110236,0.000102,0.084359
AATATCGAGGGTTCTC-1,0.26063,0.739059,0.000104,0.000207
AATATTGGAGTATTGA-1,0.780349,0.218364,0.000429,0.000858
AATCATGTAAAGACTC-1,0.079234,0.001362,0.000063,0.91934
AATCGCCTCAGCGCCA-1,0.879933,0.020238,0.002868,0.096962
AATCTAGGTTTACTTG-1,0.881092,0.000413,0.083902,0.034594
AATCTCTACTGTGGTT-1,0.995276,0.002362,0.000787,0.001575
AATCTGCGTTGGGACG-1,0.543599,0.445318,0.000146,0.010937
AATCTGGCTTTCTAGT-1,0.942938,0.000679,0.000226,0.056157
AATCTGGGTAGACCCT-1,0.744785,0.238415,0.000138,0.016663
AATGACAGCAATGTCT-1,0.998936,0.000532,0.000177,0.000355
AATGACGTAGGATGTC-1,0.61674,0.067832,0.000114,0.315314
AATGAGTTCGCATATG-1,0.49278,0.392644,0.111879,0.002696
AATGATGATACGCTAT-1,0.550563,0.399862,0.049354,0.000221
AATGATGCGACTCCTG-1,0.142059,0.849082,0.00005,0.008809
AATGCACCAAGCAATG-1,0.421093,0.574588,0.001439,0.002879
AATGGTCCACCGTTCA-1,0.450409,0.517938,0.000038,0.031615
AATGTATGGCACTGTA-1,0.218194,0.022919,0.000093,0.758794
AATGTGCCCGAGGTGT-1,0.314336,0.030303,0.354282,0.301079
AATGTGCTAATCTGAG-1,0.182199,0.172899,0.000051,0.644851
AATTAACGGATTTCCA-1,0.402415,0.07792,0.085147,0.434518
AATTACGAGACCCATC-1,0.830392,0.134367,0.000161,0.035081
AATTACTCGTACGCTC-1,0.270536,0.168457,0.158406,0.402601
AATTAGCGCTGCAGCG-1,0.779525,0.043267,0.000123,0.177085
AATTCATAAGGGATCT-1,0.720026,0.279216,0.000253,0.000505
AATTCATTGTCATGCA-1,0.148922,0.055628,0.033135,0.762314
AATTCCAACTTGGTGA-1,0.181477,0.533229,0.000264,0.285029
AATTCTAGAGTTAGGC-1,0.794659,0.091525,0.047914,0.065902
AATTGAACGCTCTGGT-1,0.609119,0.311526,0.000067,0.079288
AATTGCAGCAATCGAC-1,0.120038,0.000189,0.000063,0.87971
AATTTGGGACATAGTA-1,0.650135,0.324559,0.000087,0.025219
AATTTGGTTCCAAAGA-1,0.566811,0.308727,0.000469,0.123993
ACAAACCATGCGTCCT-1,0.030969,0.642888,0.076522,0.249622
ACAAAGAAGGTAGGCC-1,0.996787,0.000319,0.002681,0.000213
ACAAAGCATGACCTAG-1,0.066307,0.000189,0.036382,0.897122
ACAAATCGCACCGAAT-1,0.873587,0.091064,0.000081,0.035268
ACAAATGGTAGTGTTT-1,0.941272,0.058415,0.000104,0.000209
ACAACAGCATGAGCTA-1,0.799731,0.192726,0.000078,0.007465
ACAAGCAGTGCCTAGC-1,0.50091,0.461069,0.00016,0.03786
ACAAGCTATATGGAAG-1,0.995607,0.002196,0.000732,0.001465
ACAAGGAAATCCGCCC-1,0.87837,0.121293,0.000112,0.000225
ACAAGGATGCTTTAGG-1,0.064483,0.157024,0.000058,0.778435
ACAAGGGCAGGCTCTG-1,0.427412,0.494987,0.000046,0.077555
ACAATAGTCGTACGTT-1,0.992333,0.003833,0.001278,0.002556
ACAATCCATTTAAACC-1,0.950703,0.048923,0.000124,0.000249
ACAATGAATACGGAGA-1,0.137672,0.152809,0.043519,0.665999
ACAATTGTGTCTCTTT-1,0.358545,0.137989,0.0001,0.503366
ACAATTTAGGAGGCTC-1,0.999021,0.00049,0.000163,0.000326
ACAATTTGAGCAGTGG-1,0.076868,0.923097,0.000012,0.000023
ACACACCAGGACCAGT-1,0.681725,0.274787,0.000078,0.043409
ACACATGATCAAATCT-1,0.069805,0.003984,0.304232,0.621979
ACACATTGACGCAACA-1,0.395429,0.078062,0.005751,0.520759
ACACCGAGCGCTCTTT-1,0.543222,0.000181,0.00006,0.456537
ACACCGGTCTGACCGC-1,0.132001,0.030723,0.000101,0.837175
ACACGAGACTCCTTCT-1,0.611596,0.388268,0.000045,0.00009
ACACGGCACTATGCAT-1,0.016989,0.290593,0.032436,0.659982
ACACGGGAACTTAGGG-1,0.999212,0.000394,0.000131,0.000263
ACACTCCAATGTCACT-1,0.510309,0.343284,0.146168,0.000239
ACAGAACTGAGAACAA-1,0.188349,0.355231,0.285592,0.170828
ACAGCGACATTCTCAT-1,0.168483,0.016354,0.008735,0.806427
ACAGCGCACCCGCAGC-1,0.926162,0.000764,0.000254,0.07282
ACAGGAGGCGCAGCCG-1,0.919507,0.000221,0.000074,0.080198
ACAGGCTTGCCCGACT-1,0.604769,0.182236,0.015851,0.197145
ACAGGTGGAGGTGAGG-1,0.147207,0.246324,0.000047,0.606422
ACAGGTGTGTTGTTGC-1,0.997392,0.001304,0.000435,0.00087
ACAGTAATACAACTTG-1,0.920367,0.079363,0.00009,0.00018
ACATAAGTCGTGGTGA-1,0.043017,0.947576,0.004975,0.004432
ACATCAGCTGGGACGC-1,0.867755,0.126775,0.005374,0.000097
ACATCCTGGTAACTGT-1,0.295792,0.675414,0.000075,0.028719
ACATCGATCGTTTACC-1,0.666321,0.33324,0.000146,0.000293
ACATCGGTCAGCCGCG-1,0.576459,0.307787,0.000096,0.115658
ACATCGTATGCAATGG-1,0.81861,0.181039,0.000117,0.000234
ACATCGTTAACCTAGT-1,0.515098,0.020086,0.000154,0.464662
ACATCTCAACGCGTAA-1,0.289884,0.092828,0.00009,0.617198
ACATGGCTCAATTTAG-1,0.79255,0.170296,0.000376,0.036778
ACATTAGTTTATATCC-1,0.000247,0.035566,0.052343,0.911845
ACCAACCGCACTCCAC-1,0.204381,0.000345,0.000115,0.795159
ACCAATATGCAAGTTA-1,0.484635,0.19523,0.050982,0.269153
ACCACAACTCAGAACA-1,0.368585,0.468186,0.000096,0.163133
ACCACGTGCAGCTATA-1,0.684856,0.0917,0.000119,0.223324
ACCACTGTTCAAGAAG-1,0.139074,0.295536,0.109678,0.455713
ACCAGACCATAACAAC-1,0.997009,0.001495,0.000499,0.000997
ACCAGCCCGGTCTTTG-1,0.608347,0.000432,0.000144,0.391077
ACCAGTGCGGGAGACG-1,0.000049,0.982297,0.000025,0.017629
ACCATCCGCCAACTAG-1,0.856875,0.092221,0.050701,0.000203
ACCATTAAGGGTGTCA-1,0.362459,0.08056,0.000102,0.55688
ACCCAACGCCCGTGGC-1,0.99907,0.000465,0.000155,0.00031
ACCCACCTACATGCTC-1,0.000024,0.999939,0.000012,0.000024
ACCCATCTTGAGGGTA-1,0.687533,0.272312,0.000087,0.040067
ACCCATTTGTCCCTCT-1,0.281808,0.100805,0.00009,0.617297
ACCCGAGCGAAATTAC-1,0.000145,0.015616,0.25406,0.730179
ACCCGGAAACTCCCAG-1,0.315042,0.000362,0.197825,0.486771
ACCCGGATGACGCATC-1,0.041252,0.801561,0.000412,0.156775
ACCCTATAGGACTGAG-1,0.473853,0.474052,0.051546,0.000549
ACCCTATGCCATATCG-1,0.062424,0.051006,0.049137,0.837433
ACCCTCCCTTGCTATT-1,0.939487,0.000426,0.059804,0.000284
ACCCTTTAGTTCTCCA-1,0.037988,0.598961,0.000038,0.363013
ACCGAAGAGTCTGGTT-1,0.259322,0.031395,0.000096,0.709187
ACCGACACATCTCCCA-1,0.251482,0.000362,0.028092,0.720064
ACCGACTGAGTCCCAC-1,0.820953,0.119527,0.011244,0.048276
ACCGATGGTAGCATCG-1,0.728223,0.137446,0.000633,0.133699
ACCGCAATAACTGCCT-1,0.366889,0.616295,0.016677,0.000139
ACCGGGCCTTTGTTGA-1,0.638679,0.038946,0.00009,0.322286
ACCGGTCAGGTACACC-1,0.000136,0.005456,0.092802,0.901606
ACCGTCCACTGGGCCC-1,0.46804,0.065611,0.293859,0.172491
ACCGTGACCACGTGGG-1,0.058593,0.000304,0.000101,0.941001
ACCTAAGTACCTTTCA-1,0.049775,0.751878,0.027788,0.17056
ACCTAATCGACTTCCT-1,0.402861,0.558351,0.000079,0.038709
ACCTCGAACTTATGCT-1,0.462762,0.12042,0.005074,0.411745
ACCTGCGTGTCATGTT-1,0.027881,0.943607,0.024814,0.003698
ACGAAATGGGCGGCAC-1,0.750016,0.2373,0.00009,0.012594
ACGACTGGTCATACTC-1,0.000161,0.000242,0.999436,0.000161
ACGAGATATTTGCTTA-1,0.876466,0.005457,0.000374,0.117704
ACGAGGATACCACTCT-1,0.63769,0.087482,0.178425,0.096404
ACGAGGTTTACAACGT-1,0.484629,0.295477,0.005754,0.21414
ACGAGTCGCCGGCGTT-1,0.273053,0.112127,0.152079,0.462741
ACGATACATAGAACTA-1,0.735406,0.151671,0.000064,0.112859
ACGATACCTATCCTGA-1,0.388275,0.598315,0.004469,0.008942
ACGATCATACATAGAG-1,0.478136,0.431767,0.08909,0.001006
ACGATCATCTTGTAAA-1,0.071988,0.912329,0.000042,0.015641
ACGATGGATCCGATGC-1,0.501463,0.169768,0.025361,0.303409
ACGCAAACTAATAGAT-1,0.204664,0.581579,0.000125,0.213631
ACGCATACGTTTACTA-1,0.158544,0.000276,0.008384,0.832796
ACGCCAGATGATTTCT-1,0.815724,0.075682,0.000164,0.108431
ACGCCCAGCTGTCGAT-1,0.544263,0.340679,0.0001,0.114958
ACGCCGCTAGACGACC-1,0.680757,0.106893,0.125629,0.086721
ACGCCTGACACGCGCT-1,0.653825,0.345092,0.000361,0.000722
ACGCGCTACACAGGGT-1,0.630476,0.368796,0.000243,0.000485
ACGCGGGCCAAGGACA-1,0.245695,0.467447,0.285567,0.001291
ACGCGTTTCTTAAGAG-1,0.982932,0.008536,0.002844,0.005688
ACGCTAGTGATACACT-1,0.356922,0.617003,0.000054,0.026021
ACGCTGTGAGGCGTAG-1,0.992693,0.006968,0.000113,0.000226
ACGCTTAGTGTCTCTC-1,0.35731,0.281969,0.096876,0.263845
ACGGACTCTCAAAGCG-1,0.388382,0.299431,0.053198,0.25899
ACGGATGGTGCGGATA-1,0.01578,0.882425,0.039157,0.062638
ACGGCACTTGCTTGGG-1,0.169232,0.264842,0.208415,0.357511
ACGGCGACGATGGGAA-1,0.600752,0.266231,0.000078,0.132939
ACGGCTGGATGTAGAA-1,0.325252,0.323545,0.002206,0.348997
ACGGGAGTGTCGGCCC-1,0.927818,0.000432,0.038045,0.033705
ACGGGTCATGTGACTT-1,0.150222,0.062021,0.008464,0.779293
ACGTAGATTGCTGATG-1,0.620837,0.378898,0.000088,0.000177
ACGTATTACTCCGATC-1,0.593173,0.147952,0.000537,0.258338
ACGTCTCGTTCCGGGA-1,0.965708,0.000284,0.033818,0.00019
ACGTGACAAAGTAAGT-1,0.478071,0.151123,0.147245,0.223561
ACGTGGTCGAATGTGC-1,0.323712,0.079729,0.000813,0.595746
ACGTTAATGTCGAAGA-1,0.660295,0.000341,0.065163,0.274201
ACGTTAGATTTGCCCG-1,0.390085,0.580604,0.000284,0.029028
ACGTTATTGGTCACTC-1,0.60432,0.291777,0.000051,0.103852
ACGTTCGTTCAGGAAA-1,0.365658,0.302275,0.000116,0.331952
ACGTTCTGTACAAGTC-1,0.088197,0.000308,0.000103,0.911392
ACGTTTAGTTGTGATC-1,0.630953,0.366924,0.000708,0.001415
ACTACATCCCGACAAG-1,0.281231,0.028597,0.292441,0.397731
ACTAGTTGCGATCGTC-1,0.339069,0.22695,0.072603,0.361378
ACTATCGCCGGCTAAA-1,0.226957,0.634589,0.000075,0.138379
ACTATGTCCAGCTGCC-1,0.125412,0.000307,0.079844,0.794438
ACTATTCGTCCGTGGT-1,0.157273,0.048118,0.000096,0.794513
ACTATTTCCGGGCCCA-1,0.017736,0.018162,0.000062,0.96404
ACTCAAGTGCAAGGCT-1,0.270841,0.111302,0.005242,0.612615
ACTCAATAAAGGCACG-1,0.85034,0.149433,0.000073,0.000154
ACTCCAATATCATCAT-1,0.000188,0.036637,0.09632,0.866855
ACTCCCATTCCTAAAG-1,0.281831,0.672473,0.034008,0.011688
ACTCCCTAATGCTAAA-1,0.387652,0.276333,0.254147,0.081868
ACTCCCTAGAATAGTA-1,0.799108,0.025793,0.000161,0.174938
ACTCGATGTATTTCAT-1,0.252733,0.515113,0.00004,0.232114
ACTCGTAACCCGTCCT-1,0.451345,0.260148,0.056798,0.231709
ACTCGTCAGTAATCCC-1,0.308636,0.627141,0.000043,0.06418
ACTCTAAACCTGGGAT-1,0.73969,0.255673,0.001546,0.003092
ACTCTCTGACTTAGGT-1,0.779227,0.220421,0.000117,0.000235
ACTCTCTTATACACGA-1,0.545691,0.247628,0.206324,0.000357
ACTCTTGTATAGTAAC-1,0.10005,0.899835,0.000038,0.000077
ACTGAAACGCCGTTAG-1,0.342858,0.048051,0.164274,0.444817
ACTGAATGGCGAAAGT-1,0.738621,0.261091,0.000096,0.000192
ACTGATTTAGTGATTC-1,0.545844,0.083385,0.000309,0.370462
ACTGCCGTCGTAACTC-1,0.566094,0.000437,0.000146,0.433324
ACTGCTCGGAAGGATG-1,0.922296,0.000424,0.000141,0.07714
ACTGTACGATACACAT-1,0.999149,0.000425,0.000142,0.000284
ACTGTCTTCTTTAGAA-1,0.895813,0.000433,0.103465,0.000289
ACTTACCGGGCGCGCA-1,0.395263,0.592312,0.00006,0.012365
ACTTACGCATCCACGC-1,0.229973,0.291065,0.022403,0.456558
ACTTATACTTACCCGG-1,0.192792,0.80648,0.000243,0.000485
ACTTATTTATGTGCCA-1,0.310132,0.657273,0.017668,0.014927
ACTTCAGGCTGATCCC-1,0.630172,0.047916,0.000105,0.321807
ACTTCCAGTGGAAGCT-1,0.632043,0.002087,0.000696,0.365174
ACTTCCATGCGGGACA-1,0.081126,0.011571,0.002556,0.904747
ACTTCGCCATACGCAC-1,0.707299,0.271318,0.021256,0.000127
ACTTGACTCCCTCTTT-1,0.6842,0.000382,0.045741,0.269676
ACTTGTAGTCCCTTCA-1,0.878658,0.120966,0.000125,0.000251
ACTTTGACTGCATCCT-1,0.960848,0.038232,0.000307,0.000614
ACTTTGGTCGTGCTCC-1,0.376271,0.179323,0.083254,0.361152
AGAACCCTCAATTGGG-1,0.658274,0.00035,0.128453,0.212923
AGAACGTGGTACATTC-1,0.961235,0.038513,0.000084,0.000168
AGAAGAGCGCCGTTCC-1,0.502007,0.093821,0.03127,0.372903
AGAAGGTACACTTCAC-1,0.550027,0.00033,0.209303,0.240339
AGAAGGTTGTAGGTCG-1,0.294544,0.000387,0.000129,0.704939
AGAAGTGATTCGTGAT-1,0.021903,0.936971,0.000028,0.041098
AGAATAAATCTTCAGG-1,0.997608,0.001196,0.000399,0.000797
AGAATTATGGATTCGA-1,0.294009,0.703038,0.000015,0.002938
AGACAGCTCAGAATCC-1,0.615589,0.374386,0.00003,0.009995
AGACCAAACCACACCT-1,0.787669,0.145569,0.066598,0.000165
AGACCCACCGCTGATC-1,0.294316,0.649656,0.053196,0.002831
AGACCGGGAAACCCTG-1,0.572233,0.42739,0.000126,0.000251
AGACGAAGTGCCGGTC-1,0.405903,0.08365,0.079363,0.431084
AGACGACGATGCCGCT-1,0.226311,0.046114,0.01336,0.714215
AGACTGTTACCGGGTC-1,0.567941,0.363853,0.00519,0.063015
AGAGAACCGTCTAGGA-1,0.324117,0.673309,0.000858,0.001716
AGAGAAGGAGTACAAT-1,0.006886,0.100086,0.20271,0.690318
AGAGATCTCTAAAGCG-1,0.998936,0.000532,0.000177,0.000355
AGAGCAGTTATGAGAC-1,0.999483,0.000259,0.000086,0.000172
AGAGCTACGAAAGCAT-1,0.634602,0.365197,0.000067,0.000134
AGAGGCTTCGGAAACC-1,0.000042,0.000063,0.000021,0.999874
AGAGTTAGAGACCGAT-1,0.217153,0.768331,0.00007,0.014446
AGATACCGGTGTTCAC-1,0.515998,0.4401,0.000131,0.043771
AGATACTCAAGATCGA-1,0.505846,0.493926,0.000076,0.000152
AGATATAATACGACTA-1,0.301791,0.071193,0.000094,0.626922
AGATCGTGCATAAGAT-1,0.8668,0.132777,0.000141,0.000281
AGATCTCAGGTGTGAT-1,0.170374,0.829599,0.000009,0.000018
AGATGAGGGTTGCGAT-1,0.140739,0.827442,0.00002,0.031799
AGATGCAAGACGTGCA-1,0.158695,0.043284,0.000092,0.797928
AGATGCATCCTGTGTC-1,0.445853,0.525498,0.000063,0.028585
AGATGCTATAACGAGC-1,0.206419,0.152579,0.100602,0.5404
AGATTCACAACCGATA-1,0.389475,0.38938,0.071528,0.149617
AGCAAAGGCCGCTAGT-1,0.610806,0.000335,0.000112,0.388748
AGCAACATATCTTATT-1,0.844866,0.000661,0.00022,0.154253
AGCAACCGAAAGTAAT-1,0.775678,0.079226,0.000115,0.144982
AGCACCAGTACTCACG-1,0.911036,0.088523,0.000147,0.000294
AGCACTACCGGCCTGT-1,0.864985,0.00578,0.001927,0.127309
AGCACTACCTCACCAG-1,0.686624,0.245079,0.000135,0.068162
AGCACTTAAGGACGCC-1,0.273227,0.701998,0.014236,0.010539
AGCAGAAGGAGAAAGA-1,0.339832,0.00028,0.022683,0.637205
AGCATATCAATATGCT-1,0.641902,0.088275,0.09537,0.174454
AGCATCATTTCGAAAG-1,0.987071,0.000446,0.012186,0.000297
AGCCACAGGTTACCCG-1,0.05321,0.179468,0.060552,0.70677
AGCCACTCCCGTGCTT-1,0.702402,0.232587,0.006983,0.058028
AGCCCATACATGTAAG-1,0.961543,0.000248,0.000083,0.038127
AGCCCGGCATTAGAGG-1,0.125158,0.045612,0.370832,0.458398
AGCCCTAAGCGAAGTT-1,0.528086,0.470845,0.000363,0.000706
AGCCCTCCCTGGTGGC-1,0.134103,0.36729,0.254742,0.243865
AGCCCTTCTAATCCGA-1,0.295294,0.64204,0.062439,0.000227
AGCCGCAAATTCAAAT-1,0.994176,0.002912,0.000971,0.001942
AGCCGCTTGATTAGCG-1,0.373615,0.19299,0.000159,0.433236
AGCCGTGGCTAAATGT-1,0.78716,0.098441,0.003072,0.111327
AGCCTAATACCCACGT-1,0.430657,0.065418,0.00265,0.501275
AGCCTTAAAGCGGAAG-1,0.090975,0.847299,0.000011,0.061714
AGCGACAGGAACGGTC-1,0.124926,0.060054,0.000064,0.814957
AGCGCGGGTGCCAATG-1,0.486149,0.276025,0.237607,0.000218
AGCGCTTATGGGCAAG-1,0.477214,0.507852,0.00004,0.014894
AGCGGACACTTCGTAG-1,0.050981,0.809468,0.031729,0.107821
AGCGGCGGTTAGCGGT-1,0.756256,0.018475,0.021099,0.20417
AGCGTGGTATTCTACT-1,0.814926,0.065442,0.00012,0.119513
AGCTAACAAGCAATGT-1,0.000085,0.003474,0.181724,0.814717
AGCTAAGTACGCAGGC-1,0.126089,0.000174,0.000058,0.873679
AGCTAGAAGCAGAAGT-1,0.684167,0.313111,0.000907,0.001815
AGCTATTTAATCCAAC-1,0.474539,0.199846,0.000105,0.325511
AGCTCCTTCGCACATC-1,0.691328,0.000379,0.000126,0.308167
AGCTCTAGACGTTCCA-1,0.917052,0.000265,0.000088,0.082595
AGCTCTTCCCAGTGCA-1,0.688023,0.311028,0.000316,0.000633
AGCTGAAGTAAACCAA-1,0.179252,0.820634,0.000038,0.000076
AGCTGTAACCTCAATC-1,0.006061,0.000355,0.017817,0.975766
AGCTTGATCTTAACTT-1,0.992633,0.003684,0.001228,0.002456
AGGAAAGCCTCTGATG-1,0.380189,0.02724,0.029945,0.562626
AGGAAGCTGTCCGCCG-1,0.368763,0.000377,0.214448,0.416412
AGGACAGTCGAATCCC-1,0.933606,0.000347,0.000116,0.065932
AGGACGCTCGATGTTG-1,0.690574,0.24129,0.001988,0.066148
AGGACTTATAGGAGAA-1,0.40394,0.08281,0.000184,0.513066
AGGAGGCCTTCGCGCG-1,0.197213,0.005401,0.02169,0.775696
AGGATAAAGTCGGGAT-1,0.840715,0.000367,0.056584,0.102333
AGGATATAGGGATTTA-1,0.504519,0.049113,0.000079,0.446289
AGGATCACGCGATCTG-1,0.999012,0.000494,0.000165,0.000329
AGGCAATACGGAGGAC-1,0.703877,0.025627,0.000088,0.270408
AGGCAGATGCGTAAAC-1,0.72059,0.278643,0.000256,0.000511
AGGCATTGTCGTAGGG-1,0.356608,0.080921,0.000099,0.562371
AGGCCCAGTGACTGGT-1,0.895984,0.102582,0.000478,0.000956
AGGCCCTAGAACGCCA-1,0.397799,0.499805,0.012994,0.089402
AGGCCTGAGAATCTCG-1,0.218962,0.34259,0.028757,0.409691
AGGCGGTTTGTCCCGC-1,0.418966,0.000539,0.087655,0.49284
AGGCTATGGTTAGCTT-1,0.162138,0.795631,0.000153,0.042077
AGGCTTGCTAGACACC-1,0.706928,0.231163,0.000251,0.061657
AGGGAAACGAGGTACT-1,0.682525,0.317298,0.000059,0.000118
AGGGCAGCGGCGTGGT-1,0.033172,0.019221,0.000099,0.947508
AGGGCGAGCAGCTGAT-1,0.705189,0.294654,0.000052,0.000104
AGGGCTGCAGTTACAG-1,0.999287,0.000356,0.000119,0.000238
AGGGTCGATGCGAACT-1,0.548669,0.235357,0.00101,0.214964
AGGGTGCCGTTCTTTA-1,0.025275,0.056015,0.286429,0.632281
AGGGTGCTCTCGAGGG-1,0.789057,0.197992,0.004317,0.008633
AGGGTGGATAGTGCAT-1,0.999613,0.000194,0.000065,0.000129
AGGGTTCCCTTTGGTT-1,0.999387,0.000307,0.000102,0.000204
AGGGTTTAGTTCGGGA-1,0.373682,0.521715,0.103624,0.000978
AGGTACGATATTGCCA-1,0.050924,0.50893,0.036493,0.403654
AGGTAGATCGAGATAT-1,0.024794,0.000131,0.959254,0.015821
AGGTAGGTACAAAGCT-1,0.989111,0.005445,0.001815,0.003629
AGGTCAGGTGAGAGTG-1,0.679457,0.320371,0.000057,0.000114
AGGTGTATCGCCATGA-1,0.15492,0.844714,0.000122,0.000244
AGGTTCTCCTTTCCGG-1,0.416254,0.252861,0.000149,0.330736
AGGTTGAGGCACGCTT-1,0.362343,0.6375,0.000052,0.000105
AGGTTTCACACACCTT-1,0.998663,0.000669,0.000223,0.000446
AGTAACGTTCATCCTG-1,0.968886,0.030942,0.000057,0.000114
AGTACGGCCCGTATCG-1,0.993791,0.003106,0.001034,0.002069
AGTACGGGCACCTGGC-1,0.09207,0.907822,0.000036,0.000072
AGTACGTGGCCTGTCT-1,0.84955,0.150259,0.000064,0.000127
AGTACTCTTATGCCCA-1,0.18623,0.059363,0.000121,0.754285
AGTAGCGTGAACGAAC-1,0.816423,0.002703,0.000901,0.179973
AGTAGGAAGGAAGTTG-1,0.344328,0.636748,0.000049,0.018874
AGTATACACAGCGACA-1,0.063495,0.769379,0.000027,0.167099
AGTATGCTGGAGACCA-1,0.079809,0.000225,0.148165,0.771801
AGTCAAATGATGTGAT-1,0.259069,0.475927,0.027053,0.237952
AGTCAAGATGACACTT-1,0.723008,0.129957,0.000128,0.146907
AGTCACTAGCTCTCGA-1,0.071491,0.039742,0.038956,0.849811
AGTCCATTGGCTGATG-1,0.404918,0.187574,0.001692,0.405816
AGTCCCGCCTTTAATT-1,0.916877,0.080256,0.000956,0.001911
AGTCGACGGTCTCAAG-1,0.000656,0.998361,0.000328,0.000656
AGTCGGCTCAACTTTA-1,0.803252,0.196324,0.000141,0.000282
AGTCGTATAAAGCAGA-1,0.322655,0.282425,0.070833,0.324087
AGTCGTCGACCACCAA-1,0.191769,0.034609,0.183298,0.590324
AGTCGTGGGCATTACG-1,0.539269,0.338217,0.019373,0.103142
AGTCTCACAAGACTAC-1,0.421963,0.008349,0.246968,0.322721
AGTCTGGACATCCTTG-1,0.437372,0.549763,0.01248,0.000385
AGTCTTCTCCTCAAAT-1,0.957623,0.042043,0.000111,0.000223
AGTGAACAAACTTCTC-1,0.499975,0.223104,0.001128,0.275793
AGTGACTGTGACACAA-1,0.049782,0.140879,0.000031,0.809307
AGTGAGACTTCCAGTA-1,0.649013,0.251935,0.09811,0.000942
AGTGAGGGTTTCTGAC-1,0.709054,0.290821,0.000042,0.000083
AGTGATAACCTGCGCG-1,0.198803,0.096115,0.047848,0.657234
AGTGATTCAAGCAGGA-1,0.471536,0.396071,0.021535,0.110858
AGTGCACGCTTAAGAA-1,0.532382,0.014382,0.000081,0.453156
AGTGCTAAACACAGCA-1,0.092929,0.029686,0.044277,0.833109
AGTGCTTGCACGAATA-1,0.559225,0.430626,0.003382,0.006767
AGTGGCGGCAATTTGA-1,0.580485,0.39766,0.000083,0.021773
AGTGGCGTCTGAAGGT-1,0.150079,0.000274,0.000091,0.849556
AGTGGCTCCGTCGGCC-1,0.659105,0.340673,0.000074,0.000148
AGTGGGAGTATACACG-1,0.260207,0.245071,0.000096,0.494625
AGTGGTGTTACCCGTG-1,0.826645,0.074499,0.00014,0.098716
AGTGGTTGCGTATAGG-1,0.349859,0.646104,0.001346,0.002692
AGTGTATTGCGCATTG-1,0.833472,0.15401,0.004173,0.008345
AGTGTGCTAAGATCGC-1,0.347211,0.10527,0.000077,0.547442
AGTTAAGCGGTCCCGG-1,0.133701,0.566302,0.000068,0.299929
AGTTAAGTCAACCGCT-1,0.365367,0.000341,0.000114,0.634179
AGTTACCCTTAAGACT-1,0.869795,0.088251,0.000058,0.041896
AGTTACCGCACATGGT-1,0.999789,0.000105,0.000035,0.00007
AGTTACTCTATCGTGG-1,0.999155,0.000423,0.000141,0.000282
AGTTATTGAAAGGTAA-1,0.503887,0.221065,0.000334,0.274714
AGTTCACCGGTTGGAC-1,0.595806,0.404094,0.000033,0.000066
AGTTCCTATTTATGTT-1,0.483323,0.451602,0.064909,0.000166
AGTTCTGCGTTGTATC-1,0.482733,0.42632,0.072061,0.018886
AGTTGACGGTCCTTGC-1,0.001456,0.62219,0.218032,0.158321
AGTTGCTGACTGATAT-1,0.398561,0.558474,0.000116,0.042849
AGTTTGCACCTGCCTC-1,0.214741,0.758575,0.000065,0.026619
AGTTTGGCACGGGTTG-1,0.506018,0.001029,0.000343,0.492609
AGTTTGGCCAGACCTA-1,0.330042,0.55987,0.0001,0.109988
ATAAACGGACCCGTAA-1,0.192801,0.446702,0.193239,0.167258
ATAAATATTAGCAGCT-1,0.937673,0.000312,0.000104,0.061912
ATAACGCCGGAGGGTC-1,0.999565,0.000217,0.000072,0.000145
ATAACGGAGTCCAACG-1,0.807471,0.192258,0.00009,0.000181
ATAAGGTGGAGAACAT-1,0.661723,0.318204,0.010358,0.009714
ATAATACCGTTAGCCG-1,0.386794,0.39699,0.000257,0.215959
ATAATAGCTGTTGAAT-1,0.800975,0.082487,0.025047,0.091491
ATAATCTTGGAGAACC-1,0.286467,0.617115,0.009122,0.087296
ATAATTAGCTAAGTAG-1,0.320659,0.448979,0.001475,0.228887
ATACAGGCCCTCCAAT-1,0.699399,0.241132,0.059167,0.000303
ATACCACGGGCAACTT-1,0.263848,0.717268,0.000137,0.018746
ATACCTAACCAAGAAA-1,0.195127,0.783004,0.000029,0.02184
ATACGCCGGCGAAACC-1,0.990355,0.000227,0.009267,0.000151
ATACGGAACGTCGTTT-1,0.793744,0.000664,0.125926,0.079666
ATACGGGTTTCGATTG-1,0.444184,0.063627,0.000086,0.492103
ATACGGTGAAGATGCA-1,0.999012,0.000494,0.000165,0.000329
ATACGTACTTAGCCAC-1,0.77754,0.039573,0.060377,0.12251
ATACGTCCACTCCTGT-1,0.625131,0.18832,0.00014,0.186409
ATACGTTATGCACGGA-1,0.39438,0.145357,0.000108,0.460155
ATACTACCCGTACCAC-1,0.349702,0.22122,0.000324,0.428754
ATACTGCCTTACACCG-1,0.191625,0.095816,0.072289,0.64027
ATACTTGTTCTCGAGC-1,0.54207,0.43566,0.012853,0.009417
ATAGACAACGGGACCT-1,0.452063,0.547808,0.000043,0.000086
ATAGAGTTATCAACTT-1,0.349285,0.584084,0.000049,0.066582
ATAGCAACTAGGGAAG-1,0.041753,0.003601,0.000073,0.954572
ATAGCCTCAGTACCCA-1,0.505812,0.487672,0.004795,0.00172
ATAGCTGCTCTTGTTA-1,0.439485,0.125957,0.000048,0.43451
ATAGGCGGCTATAGAA-1,0.857076,0.038866,0.000118,0.10394
ATAGGCTAGCTTCGCA-1,0.303171,0.677642,0.000045,0.019142
ATAGGGATATCCTTGA-1,0.927291,0.072371,0.000113,0.000225
ATAGGTTGGGCAGATG-1,0.229308,0.588967,0.000408,0.181317
ATAGTCTTTGACGTGC-1,0.329515,0.552487,0.000978,0.11702
ATAGTTCCACCCACTC-1,0.000074,0.970949,0.000037,0.02894
ATATAAAGCGCTCGTG-1,0.412349,0.511181,0.016365,0.060105
ATATAAATGTAGCTGC-1,0.716753,0.101117,0.000122,0.182008
ATATAACACGGGCGCA-1,0.041014,0.022137,0.000174,0.936676
ATATACATGTATGGTA-1,0.769549,0.00082,0.000273,0.229358
ATATAGAGTATTGGTC-1,0.582245,0.056895,0.078189,0.282671
ATATCAATTCCAGCCT-1,0.139567,0.798358,0.00016,0.061915
ATATCGTGCCAGACCC-1,0.156629,0.000336,0.000112,0.842923
ATATCGTTCCTCGAAC-1,0.092027,0.27084,0.01067,0.626463
ATATCTCCCTCGTTAA-1,0.644523,0.354457,0.00034,0.000681
ATATGTCTCCCTAGCC-1,0.530591,0.467628,0.000594,0.001187
ATATTATCCCGTATTT-1,0.174858,0.787213,0.000165,0.037764
ATATTCCACATAGTGA-1,0.564646,0.335481,0.099608,0.000266
ATCAAACGAAGGTTTG-1,0.294463,0.026019,0.073357,0.606161
ATCAATCTGGGCTGCA-1,0.909504,0.09019,0.000102,0.000204
ATCAATGCCGTGGCTG-1,0.071182,0.000372,0.000124,0.928322
ATCACATTAGAATATC-1,0.809696,0.125232,0.000125,0.064947
ATCACGTGCTAATTAA-1,0.647067,0.192811,0.113511,0.046611
ATCACTTCATCCTCGC-1,0.623371,0.376437,0.000064,0.000128
ATCAGCCTCATGCTGC-1,0.073592,0.225214,0.041139,0.660055
ATCAGCTCGTCCACTA-1,0.999291,0.000355,0.000118,0.000236
ATCAGGTCGCCATTGC-1,0.140249,0.84618,0.000023,0.013548
ATCAGTAGGCAGGGAT-1,0.412911,0.563281,0.00022,0.023589
ATCATAGCCCTATGTA-1,0.387589,0.368423,0.000155,0.243833
ATCATTGTACCGCATT-1,0.412729,0.000362,0.000121,0.586789
ATCCAATGGAGGGTCC-1,0.231211,0.493942,0.00158,0.273267
ATCCAATGGTACCGAA-1,0.914692,0.003578,0.001192,0.080538
ATCCACATCGACAGAA-1,0.232752,0.082252,0.000124,0.684871
ATCCCATCCACAGCGC-1,0.121797,0.158525,0.164545,0.555133
ATCCTGAATCGCTGCG-1,0.662036,0.296048,0.000094,0.041822
ATCGACCCAATACAGA-1,0.787098,0.187881,0.02483,0.000191
ATCGCACGATTGTTCA-1,0.925765,0.073946,0.000096,0.000193
ATCGCCAGTCAACATT-1,0.266583,0.669977,0.063029,0.000411
ATCGGAGACAGACGGC-1,0.415231,0.057485,0.000133,0.527151
ATCGGCAAGCAGTCCA-1,0.851082,0.148286,0.000211,0.000421
ATCGGTTACCTAGTAA-1,0.989419,0.005292,0.001763,0.003526
ATCGTATTCCGAGAAC-1,0.978526,0.010736,0.00358,0.007159
ATCGTCCAATCGAGTC-1,0.769517,0.108566,0.000434,0.121483
ATCGTGGAAAGTCTGG-1,0.244407,0.000208,0.022217,0.733168
ATCGTTAGCTAGCGGA-1,0.000157,0.000236,0.000079,0.999528
ATCGTTCACTTTCGCC-1,0.328944,0.667258,0.000025,0.003773
ATCTAACGTCCCTATG-1,0.000062,0.767334,0.071563,0.16104
ATCTAATATCCTACGG-1,0.852903,0.000519,0.057482,0.089097
ATCTATCGATGATCAA-1,0.557738,0.000284,0.000095,0.441884
ATCTCCCTGCAATCTA-1,0.499521,0.041124,0.154385,0.30497
ATCTGACATGGAAGGA-1,0.194712,0.030181,0.000084,0.775023
ATCTGATAGTGTCTTA-1,0.135024,0.741075,0.000031,0.12387
ATCTGGGCTGTTCTTG-1,0.685835,0.071186,0.000185,0.242794
ATCTGGTTAAGACTGT-1,0.803091,0.026717,0.030221,0.13997
ATCTTATCGCACACCC-1,0.274014,0.509387,0.000433,0.216165
ATGAAGTGGACCCAGC-1,0.813319,0.007828,0.173634,0.005219
ATGACGCGTTCTATCC-1,0.020396,0.674673,0.000053,0.304878
ATGACTATCAGCTGTG-1,0.60193,0.297524,0.000083,0.100462
ATGACTATGCGACATT-1,0.681333,0.081276,0.067344,0.170046
ATGCACCTTCCTTAAT-1,0.435712,0.428107,0.070522,0.06566
ATGCACGCGCTGTTCA-1,0.368835,0.522334,0.010936,0.097895
ATGCATGATCCAGGAT-1,0.264996,0.54678,0.170742,0.017482
ATGCCATTTGCGACCA-1,0.570625,0.282629,0.145377,0.001369
ATGCCGGTCTTGCATA-1,0.976555,0.023208,0.000079,0.000158
ATGCCGGTTGATGGGA-1,0.661366,0.223058,0.000111,0.115466
ATGCGACAGTCCCATT-1,0.620968,0.378004,0.000067,0.000961
ATGCGAGTCCCACCAC-1,0.361411,0.434914,0.106457,0.097218
ATGCTCTGGCGCGGTA-1,0.513622,0.05943,0.000129,0.426819
ATGGAAATTTAAGGAG-1,0.341188,0.008073,0.000095,0.650644
ATGGAGCAGGCCGTGA-1,0.923819,0.065486,0.000127,0.010568
ATGGATCCGGCGTCCG-1,0.37504,0.541734,0.000066,0.083161
ATGGCAGCATTACGAT-1,0.146241,0.000324,0.000108,0.853327
ATGGCAGCCGAGAAAC-1,0.996676,0.001662,0.000554,0.001108
ATGGCTGGAAATGGCC-1,0.38026,0.582095,0.000014,0.037631
ATGGGAACGGAAGCGG-1,0.638064,0.165631,0.195798,0.000507
ATGGGACCTGCTGAAC-1,0.000097,0.000146,0.139986,0.859771
ATGGGCCTCGGCCTCT-1,0.551568,0.448231,0.000067,0.000134
ATGGGTGTATACCTCC-1,0.05089,0.0312,0.106236,0.811674
ATGGTCGCGTGGTTTC-1,0.807377,0.190303,0.000094,0.002226
ATGTCATTTCCCATTG-1,0.003549,0.886928,0.0021,0.107424
ATGTGAAAGCCTAATG-1,0.945948,0.053756,0.000099,0.000198
ATGTGGACATCTTGAT-1,0.418125,0.470483,0.00712,0.104272
ATGTTCCTGCCCACCT-1,0.53061,0.160165,0.000059,0.309166
ATGTTCGTCGACCCAC-1,0.994993,0.002503,0.000835,0.001669
ATGTTGTAGTCTGTTT-1,0.584742,0.358754,0.00011,0.056395
ATTAAAGCGGACGAGC-1,0.555218,0.332739,0.000259,0.111784
ATTAACACCTGAGATA-1,0.435191,0.553644,0.000243,0.010923
ATTAATACTACGCGGG-1,0.916163,0.083411,0.000142,0.000284
ATTAATGAACCAGTCG-1,0.849127,0.001058,0.000067,0.149748
ATTAATTCGGTCACTC-1,0.377632,0.513521,0.107677,0.00117
ATTACAACTACCGGCC-1,0.988484,0.011294,0.000074,0.000148
ATTACGCGCTGGCAGG-1,0.804741,0.191963,0.001098,0.002198
ATTACTTACTGGGCAT-1,0.995022,0.002488,0.000831,0.00166
ATTAGGCGATGCTTTC-1,0.999091,0.000455,0.000152,0.000303
ATTATACTTTGCTCGT-1,0.00703,0.974759,0.000027,0.018184
ATTATGAGACCCAATT-1,0.268922,0.346629,0.078989,0.30546
ATTATTATGTCCGTCA-1,0.000143,0.342034,0.075402,0.582421
ATTCAAAGTACCTGTT-1,0.247159,0.08573,0.033978,0.633133
ATTCAACCATTTAAGG-1,0.279944,0.122972,0.000077,0.597007
ATTCACTGATGTTGGA-1,0.44461,0.139062,0.089186,0.327142
ATTCAGGACCTATTTC-1,0.592633,0.404861,0.000835,0.001671
ATTCAGGATCGCCTCT-1,0.486983,0.254454,0.257703,0.000861
ATTCAGTAGCAGGGTC-1,0.323077,0.636556,0.00012,0.040246
ATTCATCGTTGAGGCA-1,0.140475,0.174929,0.010079,0.674517
ATTCCCACATAAACAA-1,0.643118,0.311861,0.000188,0.044833
ATTCCCGAAGGTACAG-1,0.1537,0.352523,0.000281,0.493496
ATTCGACGCCGGGCCT-1,0.943083,0.055746,0.00039,0.00078
ATTCGCGCCTTGAGAG-1,0.362512,0.500027,0.000158,0.137303
ATTCTGAGTATGAACT-1,0.515314,0.270018,0.214043,0.000625
ATTCTTCGTACTTATG-1,0.574427,0.425444,0.000043,0.000086
ATTGACGTAACTCGGT-1,0.107902,0.343674,0.000079,0.548345
ATTGATCACCACATTT-1,0.795636,0.032925,0.000272,0.171167
ATTGATGAGTCCTAAC-1,0.224257,0.757572,0.00004,0.018131
ATTGCCTATTAGACCG-1,0.247399,0.412449,0.000876,0.339277
ATTGCCTTTATGTTTG-1,0.388975,0.000376,0.000125,0.610523
ATTGCGATCAGTAACT-1,0.12911,0.000186,0.007563,0.86314
ATTGGATTACAGCGTA-1,0.000105,0.012486,0.013897,0.973511
ATTGGTAGGATCCGCT-1,0.64023,0.356987,0.000927,0.001855
ATTGTCGCAATACCTT-1,0.731132,0.2522,0.016486,0.000182
ATTTCATTATTTCGCG-1,0.282458,0.000629,0.066805,0.650109
ATTTCCGGGTTCTGCG-1,0.000141,0.00604,0.112765,0.881054
ATTTGCGCGAGTAGCT-1,0.209582,0.000315,0.012644,0.77746
ATTTGGAGATTGCGGT-1,0.2793,0.642075,0.000176,0.078449
ATTTGTCTTGGGAGCT-1,0.691281,0.308468,0.000084,0.000167
ATTTGTTCCAGGGCTC-1,0.108516,0.886387,0.000023,0.005074
CAAACCAGGTCTGCAT-1,0.985267,0.007367,0.002455,0.004911
CAAACGTGGTCTTGCG-1,0.231924,0.003198,0.000154,0.764724
CAAACTACGATAGAGA-1,0.780127,0.216822,0.000087,0.002963
CAAACTATTGAGCTTC-1,0.468695,0.152921,0.000089,0.378295
CAAAGATTATTGGGCC-1,0.315042,0.000305,0.513521,0.171133
CAAAGTCAGGTTAGCT-1,0.413892,0.306683,0.00006,0.279365
CAAATCTCTCACAAGG-1,0.958012,0.012627,0.000071,0.02929
CAAATTGTCAGCAAGC-1,0.996439,0.001781,0.000593,0.001187
CAACAGTGCCAAACGG-1,0.303024,0.653778,0.000071,0.043127
CAACATGGCCTGATAA-1,0.372492,0.163096,0.010822,0.45359
CAACCGCACCTAGACA-1,0.234981,0.086685,0.147035,0.531299
CAACCTACCGAGCAGT-1,0.258139,0.301126,0.00011,0.440626
CAACTATATCGAATGC-1,0.058494,0.000275,0.000092,0.94114
CAAGAGGGCGGAGTAC-1,0.735449,0.233303,0.000097,0.031151
CAAGATATTATAACGT-1,0.326995,0.631513,0.009529,0.031963
CAAGCAACGTCGGAGT-1,0.207691,0.778155,0.000398,0.013756
CAAGCACCAAATGCCT-1,0.584316,0.04716,0.099229,0.269294
CAAGCGGCACATAATT-1,0.32093,0.596784,0.000076,0.08221
CAAGGATCGCATGTTC-1,0.728152,0.061776,0.06988,0.140192
CAAGGCCAGTGGTGCA-1,0.194529,0.400943,0.02833,0.376198
CAAGTGTGGTTGCAAA-1,0.985266,0.007367,0.002455,0.004911
CAATAAACCTTGGCCC-1,0.999427,0.000287,0.000096,0.000191
CAATACGCTCTGAGGC-1,0.999446,0.000277,0.000092,0.000185
CAATATTCTTGACCTA-1,0.139543,0.071865,0.000099,0.788494
CAATATTGGACTAGTG-1,0.571563,0.399549,0.000116,0.028772
CAATCCCTATACCAGC-1,0.896662,0.103156,0.000061,0.000121
CAATGCGAGAAGTATC-1,0.41616,0.444123,0.043315,0.096401
CAATGGAATCTACATA-1,0.694587,0.305275,0.000046,0.000093
CAATGGATCTCTACCA-1,0.79782,0.064309,0.000082,0.137788
CAATTAAGGGTGATGA-1,0.494342,0.434523,0.012164,0.058972
CAATTGGGCCGCACTC-1,0.618261,0.000405,0.000135,0.3812
CAATTTCGTATAAGGG-1,0.485432,0.283946,0.000081,0.230541
CAATTTGACCGGGAAG-1,0.574462,0.259551,0.062333,0.103653
CACACACGCTAACGAG-1,0.000085,0.004685,0.034237,0.960992
CACACGCGCTGTCTTA-1,0.716772,0.280938,0.000763,0.001527
CACACGTTTCAATGGG-1,0.675709,0.293783,0.000046,0.030461
CACAGAGACGAGGACG-1,0.27466,0.00029,0.000097,0.724953
CACAGGGCCATATAGT-1,0.129734,0.00508,0.160179,0.705007
CACAGGGCCGTTGTCA-1,0.614935,0.135765,0.001182,0.248118
CACATATTAGCAGGAT-1,0.935208,0.008364,0.014965,0.041463
CACATCGTGCACGCGC-1,0.263451,0.000262,0.132263,0.604024
CACATCTCACCGACGA-1,0.397091,0.047886,0.000127,0.554896
CACATGATTCAGCAAC-1,0.641317,0.358392,0.000097,0.000194
CACATGTTTGGACATG-1,0.39123,0.546641,0.000326,0.061803
CACATTCTTTCGATGG-1,0.214654,0.785065,0.000094,0.000187
CACCAATCATCCGTCT-1,0.628415,0.343617,0.000129,0.027838
CACCACGCCACACAGA-1,0.999542,0.000229,0.000076,0.000153
CACCAGTCAGCATGCA-1,0.32471,0.143752,0.255647,0.275891
CACCCACGAGGCAATT-1,0.773489,0.224892,0.00054,0.001079
CACCCGGTTTGTGACT-1,0.266823,0.121536,0.000058,0.611583
CACCCTAACAAGATCT-1,0.60184,0.25153,0.000105,0.146525
CACCCTTGGTGAGACC-1,0.804355,0.098785,0.000167,0.096693
CACCGATACACCGAGC-1,0.419968,0.579812,0.000073,0.000147
CACCGCCGACCAGCGA-1,0.31577,0.395553,0.287574,0.001103
CACCGGAGATATCTCC-1,0.302573,0.697303,0.000041,0.000083
CACCGGTAGAGACATT-1,0.256145,0.247493,0.000503,0.49586
CACCGTATCCCATCCG-1,0.292862,0.385109,0.041879,0.28015
CACCGTTAGGGATCAC-1,0.054429,0.460721,0.005563,0.479287
CACCGTTGCGCGATAT-1,0.905626,0.000655,0.000218,0.093501
CACCTAATCAGTTTAC-1,0.484162,0.515695,0.000048,0.000095
CACCTCGATGGTGGAC-1,0.822976,0.176658,0.000122,0.000244
CACCTTGCGAAACTCG-1,0.484412,0.507739,0.000067,0.007782
CACCTTGGCGCCTTTG-1,0.367101,0.454287,0.000388,0.178224
CACGAAAGTTAGTCCC-1,0.79485,0.20506,0.00003,0.00006
CACGCACAGCGCAGCT-1,0.326705,0.633363,0.039814,0.000117
CACGCGGAACTGTTGC-1,0.232343,0.537673,0.000467,0.229516
CACGGGATTGAGGGTT-1,0.998862,0.000967,0.000057,0.000114
CACGTCGGCAACCTCT-1,0.06984,0.00016,0.030654,0.899346
CACGTCGGGTTCTAGA-1,0.179776,0.597318,0.000064,0.222841
CACGTCTATGATGTGG-1,0.14428,0.824981,0.000047,0.030691
CACGTTCGTGCTCTAG-1,0.999266,0.000367,0.000122,0.000245
CACGTTTCGTACACAC-1,0.268053,0.045659,0.193188,0.493101
CACTACTCAGTTCTGT-1,0.538484,0.068322,0.000067,0.393128
CACTCAGCTCTTGAGG-1,0.19246,0.134437,0.000074,0.67303
CACTCCTATGTAAGAT-1,0.004721,0.011853,0.221139,0.762287
CACTCCTCTCGGTCGG-1,0.633483,0.26628,0.000348,0.099889
CACTCGAGCTGAACAA-1,0.519913,0.219229,0.016095,0.244763
CACTCGGTTAGGAGGA-1,0.708965,0.284078,0.002319,0.004638
CACTCTCAAGCATCGA-1,0.246783,0.484513,0.167768,0.100935
CACTCTTCTGCTAGCC-1,0.15795,0.160222,0.020515,0.661313
CACTTCGTCTTATCTC-1,0.859337,0.082207,0.000139,0.058317
CAGAACTTAGCCCTCT-1,0.936361,0.000471,0.000157,0.063011
CAGACCTGTAAGTGTT-1,0.227266,0.680227,0.000039,0.092468
CAGAGCATGAGCTTGC-1,0.999357,0.000322,0.000107,0.000214
CAGAGTGATTTAACGT-1,0.442054,0.02368,0.000103,0.534163
CAGATAATGGGCGGGT-1,0.258348,0.342349,0.100716,0.298587
CAGATCCTGGTTTGAA-1,0.458589,0.148017,0.000172,0.393222
CAGATGTTTGTCCCAA-1,0.460865,0.00059,0.000197,0.538348
CAGCAGCCCGTTCCTT-1,0.798901,0.17751,0.00007,0.023519
CAGCAGTCCAGACTAT-1,0.148658,0.000217,0.000072,0.851052
CAGCAGTCTGTGCTGC-1,0.658866,0.063236,0.072025,0.205873
CAGCCGGGCCCTCTAT-1,0.829318,0.170364,0.000106,0.000212
