Barcode,Topic 1,Topic 2,Topic 3,Topic 4,Topic 5,Topic 6,Topic 7,Topic 8,Topic 9,Topic 10,Topic 11
AAACACCAATAACTGC-1,0.000041,0.000041,0.000041,0.032626,0.000041,0.193745,0.624409,0.000041,0.090942,0.000041,0.05803
AAACAGAGCGACTCCT-1,0.000035,0.000035,0.105617,0.055401,0.000035,0.156344,0.107026,0.02934,0.077048,0.258586,0.210532
AAACAGCTTTCAGAAG-1,0.000057,0.000057,0.000057,0.044721,0.000057,0.000057,0.741456,0.008623,0.063153,0.000057,0.141703
AAACAGGGTCTATATT-1,0.000023,0.000023,0.00783,0.000023,0.000023,0.020123,0.776174,0.009441,0.044424,0.000402,0.141513
AAACCACTACACAGAT-1,0.00007,0.00007,0.317715,0.195227,0.00007,0.013789,0.472782,0.00007,0.00007,0.00007,0.00007
AAACCCGAACGAAATC-1,0.000052,0.000052,0.196967,0.18471,0.000052,0.000433,0.617529,0.000052,0.000052,0.000052,0.000052
AAACCGGGTAGGTACC-1,0.000033,0.000033,0.000033,0.700638,0.000033,0.000033,0.102086,0.133309,0.02878,0.000033,0.034988
AAACCGTTCGTCCAGG-1,0.000212,0.000212,0.000212,0.637351,0.000212,0.000212,0.360737,0.000212,0.000212,0.000212,0.000212
AAACCTCATGAAGTTG-1,0.00001,0.00001,0.003507,0.023406,0.00001,0.020538,0.260479,0.636748,0.016796,0.009657,0.02884
AAACGAAGATGGAGTA-1,0.000061,0.000061,0.000061,0.025463,0.000061,0.005347,0.419868,0.000563,0.04833,0.034975,0.465211
AAACGACAGTCTTGCC-1,0.000058,0.000058,0.381339,0.204644,0.000058,0.000058,0.413549,0.000058,0.000058,0.000058,0.000058
AAACGAGACGGTTGAT-1,0.00005,0.00005,0.011718,0.035993,0.00005,0.059448,0.527267,0.197907,0.067307,0.001374,0.098835
AAACGCCCGAGATCGG-1,0.00008,0.00008,0.040259,0.325092,0.00008,0.168706,0.465383,0.00008,0.00008,0.00008,0.00008
AAACGTGTTCGCCCTA-1,0.044827,0.000054,0.309095,0.268722,0.000054,0.376978,0.000054,0.000054,0.000054,0.000054,0.000054
AAACTAACGTGGCGAC-1,0.000095,0.000095,0.409442,0.155562,0.000095,0.034558,0.399696,0.000095,0.000095,0.000171,0.000095
AAACTCGTGATATAAG-1,0.000059,0.000059,0.235501,0.035327,0.000059,0.042087,0.506956,0.000059,0.000059,0.159051,0.020784
AAACTGCTGGCTCCAA-1,0.000015,0.000015,0.000015,0.000015,0.000015,0.105692,0.53559,0.026379,0.004874,0.000015,0.327377
AAACTTAATTGCACGC-1,0.044539,0.002114,0.002114,0.002114,0.002114,0.002114,0.481095,0.002114,0.002114,0.457451,0.002114
AAACTTGCAAACGTAT-1,0.00004,0.00004,0.045195,0.213628,0.00004,0.122574,0.482173,0.024488,0.00004,0.019169,0.092613
AAAGACATGAAGTTTA-1,0.000048,0.000048,0.121548,0.000435,0.000048,0.073492,0.643002,0.060136,0.033458,0.021363,0.046423
AAAGACTGGGCGCTTT-1,0.000026,0.000026,0.039269,0.034938,0.000026,0.030014,0.588022,0.062346,0.000026,0.084128,0.161178
AAAGCTTGCCTACATA-1,0.00005,0.00005,0.0906,0.461788,0.00005,0.051346,0.323984,0.00005,0.000749,0.062688,0.008646
AAAGGCCCTATAATAC-1,0.001748,0.001748,0.21375,0.137681,0.001748,0.001748,0.001748,0.001748,0.001748,0.001748,0.634581
AAAGGCTACGGACCAT-1,0.000026,0.000026,0.000026,0.040751,0.000026,0.000026,0.939875,0.000026,0.019165,0.000026,0.000026
AAAGGCTCTCGCGCCG-1,0.000358,0.000358,0.000358,0.211662,0.000358,0.000358,0.785117,0.000358,0.000358,0.000358,0.000358
AAAGGGCAGCTTGAAT-1,0.000082,0.000082,0.000082,0.023437,0.000082,0.011349,0.449441,0.237452,0.061639,0.000082,0.216271
AAAGGTAAGCTGTACC-1,0.119601,0.00002,0.78517,0.010026,0.00002,0.004719,0.080021,0.00002,0.00002,0.000363,0.00002
AAAGGTCAACGACATG-1,0.000075,0.000075,0.189896,0.082393,0.000075,0.011082,0.579667,0.000075,0.000075,0.136511,0.000075
AAAGTAGCATTGCTCA-1,0.000015,0.000015,0.000015,0.000074,0.000015,0.036542,0.189832,0.509096,0.042604,0.004239,0.217555
AAAGTCACTGATGTAA-1,0.000147,0.000147,0.052647,0.157563,0.000147,0.55697,0.231793,0.000147,0.000147,0.000147,0.000147
AAAGTCGACCCTCAGT-1,0.000162,0.000162,0.000162,0.048379,0.000162,0.000162,0.931917,0.000162,0.000162,0.018406,0.000162
AAAGTGTGATTTATCT-1,0.000025,0.000025,0.065845,0.0095,0.000025,0.015254,0.179384,0.233362,0.02731,0.132096,0.337172
AAAGTTGACTCCCGTA-1,0.000041,0.000041,0.000041,0.999589,0.000041,0.000041,0.000041,0.000041,0.000041,0.000041,0.000041
AAATAACCATACGGGA-1,0.000055,0.000055,0.00498,0.042758,0.000055,0.01552,0.825203,0.000055,0.014665,0.039247,0.057408
AAATAAGGTAGTGCCC-1,0.000074,0.000074,0.099187,0.22962,0.000074,0.048516,0.599053,0.000074,0.000074,0.023182,0.000074
AAATACCTATAAGCAT-1,0.012051,0.000016,0.008824,0.00462,0.000016,0.19854,0.318133,0.048181,0.072741,0.000578,0.336299
AAATAGCTTAGACTTT-1,0.000166,0.000166,0.000166,0.387618,0.000166,0.000166,0.314672,0.000166,0.254674,0.000166,0.041878
AAATCACTCCTAAACG-1,0.000035,0.000035,0.584392,0.065471,0.000035,0.023263,0.326631,0.000035,0.000035,0.000035,0.000035
AAATCGCGGAAGGAGT-1,0.000011,0.000011,0.009062,0.000011,0.000011,0.000672,0.000011,0.123845,0.000011,0.003505,0.862851
AAATCGTGTACCACAA-1,0.000063,0.000063,0.069836,0.000063,0.000063,0.111739,0.552632,0.153339,0.001486,0.000063,0.110651
AAATGATTCGATCAGC-1,0.015077,0.000051,0.231674,0.273199,0.000051,0.015534,0.395188,0.000976,0.000051,0.068148,0.000051
AAATGCTCGTTACGTT-1,0.000067,0.000067,0.000067,0.000067,0.000067,0.000067,0.999327,0.000067,0.000067,0.000067,0.000067
AAATGGCATGTCTTGT-1,0.00005,0.00005,0.025124,0.021233,0.00005,0.00005,0.558137,0.352781,0.024393,0.00005,0.018079
AAATGGCCCGTGCCCT-1,0.000178,0.000178,0.000178,0.132394,0.000178,0.016682,0.731564,0.000178,0.000178,0.000178,0.118114
AAATGGTCAATGTGCC-1,0.000103,0.000103,0.222453,0.000103,0.000103,0.029741,0.746979,0.000103,0.000103,0.000103,0.000103
AAATTAACGGGTAGCT-1,0.000093,0.000093,0.048215,0.000093,0.000093,0.000093,0.950949,0.000093,0.000093,0.000093,0.000093
AAATTACACGACTCTG-1,0.000051,0.000051,0.106691,0.077415,0.000051,0.027521,0.645562,0.068862,0.008845,0.064903,0.000051
AAATTACCTATCGATG-1,0.000027,0.000027,0.064003,0.000027,0.000027,0.109226,0.456814,0.089799,0.001611,0.007039,0.271403
AAATTCCAGGTCCAAA-1,0.000008,0.000008,0.000008,0.000008,0.000008,0.000008,0.003917,0.000008,0.996006,0.000008,0.000008
AAATTGATAGTCCTTT-1,0.000038,0.000038,0.005449,0.000038,0.000038,0.049167,0.631667,0.095539,0.011031,0.001525,0.20547
AAATTGGTGAGAAGCA-1,0.05086,0.000047,0.354281,0.239555,0.000047,0.354979,0.000047,0.000047,0.000047,0.000047,0.000047
AAATTTACCGAAATCC-1,0.000048,0.000048,0.107221,0.000048,0.000048,0.029452,0.759874,0.031818,0.016595,0.0548,0.000048
AAATTTGCGGGTGTGG-1,0.000023,0.000023,0.000023,0.795975,0.000023,0.000023,0.087959,0.093256,0.000415,0.000023,0.022258
AACAACTGGTAGTTGC-1,0.000129,0.000129,0.134762,0.000129,0.000129,0.364155,0.427011,0.038564,0.026921,0.000129,0.007942
AACAATACATTGTCGA-1,0.000029,0.000029,0.000354,0.192214,0.000029,0.12213,0.256175,0.045337,0.044491,0.007969,0.331242
AACAATTACTCTACGC-1,0.000009,0.000009,0.000009,0.000009,0.000009,0.002388,0.050499,0.909618,0.024445,0.000009,0.012998
AACACGAGACGCGGCC-1,0.000023,0.000023,0.000023,0.023823,0.000023,0.030285,0.328578,0.094437,0.000023,0.005198,0.517566
AACAGCTGTGTGGCAA-1,0.000008,0.000008,0.000008,0.000008,0.000008,0.004562,0.111658,0.816671,0.052538,0.000008,0.014525
AACAGGAAATCGAATA-1,0.000057,0.000057,0.017622,0.083054,0.000057,0.328259,0.17626,0.186531,0.063701,0.000057,0.144345
AACAGGATGGGCCGCG-1,0.000018,0.000018,0.000018,0.000018,0.000018,0.004803,0.776705,0.215941,0.002423,0.000018,0.000018
AACATATCAACTGGTG-1,0.00004,0.00004,0.199555,0.048368,0.00004,0.030711,0.561502,0.00004,0.002297,0.157367,0.00004
AACATCGATACGTCTA-1,0.133991,0.00002,0.740748,0.010287,0.00002,0.005202,0.055203,0.016629,0.005886,0.00013,0.031882
AACATTGAAGTTGATC-1,0.000037,0.000037,0.010711,0.140736,0.000037,0.147462,0.409629,0.014239,0.023961,0.006708,0.246443
AACATTGTGACTCGAG-1,0.000067,0.000067,0.01637,0.117026,0.000067,0.042053,0.651332,0.000067,0.079869,0.071532,0.02155
AACCAAGACTTCTCTG-1,0.000006,0.000006,0.000006,0.000006,0.000006,0.001572,0.070252,0.909111,0.013149,0.000006,0.005882
AACCAGTATCACTCTT-1,0.000057,0.000057,0.01502,0.000057,0.000057,0.004344,0.724413,0.051011,0.000744,0.000057,0.204185
AACCATAGGGTTGAAC-1,0.000669,0.000669,0.000669,0.000669,0.000668,0.000669,0.000669,0.000669,0.180759,0.766668,0.047225
AACCATGGGATCGCTA-1,0.000139,0.000139,0.091864,0.169487,0.000139,0.098448,0.269364,0.000139,0.106261,0.263883,0.000139
AACCCAGAGACGGAGA-1,0.000036,0.000036,0.043248,0.000036,0.000036,0.107387,0.411965,0.025082,0.000036,0.002921,0.409217
AACCCATCCCATGATC-1,0.000047,0.000047,0.000047,0.000047,0.000047,0.084259,0.781393,0.000047,0.000047,0.000891,0.13313
AACCCGATAGGGCTTC-1,0.000098,0.000098,0.289273,0.264286,0.000098,0.441532,0.000098,0.000098,0.000098,0.004226,0.000098
AACCCTACTGTCAATA-1,0.000051,0.000051,0.091103,0.199383,0.000051,0.047723,0.381693,0.030428,0.02238,0.227085,0.000051
AACCCTGGTGGAACCA-1,0.000049,0.000049,0.000049,0.000049,0.000049,0.00005,0.684648,0.123614,0.02285,0.000049,0.168543
AACCGAGCTTGGTCAT-1,0.000024,0.000024,0.000024,0.024454,0.000024,0.018678,0.633221,0.150781,0.012359,0.000024,0.16039
AACCGCTAAGGGATGC-1,0.000038,0.000038,0.000038,0.633893,0.000038,0.000038,0.365765,0.000038,0.000038,0.000038,0.000038
AACCTAAAGCCGTCCG-1,0.000097,0.000097,0.038444,0.112144,0.000097,0.653375,0.156878,0.000097,0.038557,0.000097,0.000115
AACCTGTCACGGAATT-1,0.000087,0.000087,0.079888,0.185515,0.000087,0.000087,0.566855,0.000087,0.15375,0.01347,0.000087
AACCTTTACGACGTCT-1,0.00007,0.00007,0.104241,0.00007,0.00007,0.003903,0.841341,0.050023,0.00007,0.00007,0.00007
AACGAAAGTCGTCCCA-1,0.000029,0.000029,0.02191,0.030655,0.000029,0.012731,0.825742,0.011678,0.000029,0.000029,0.097137
AACGATAGAAGGGCCG-1,0.000041,0.000041,0.058117,0.191311,0.000041,0.103629,0.620168,0.025657,0.000911,0.000041,0.000041
AACGATATGTCAACTG-1,0.000006,0.000006,0.000006,0.000006,0.000006,0.00459,0.107386,0.857428,0.015287,0.000006,0.015273
AACGCATGATCTGGGT-1,0.000073,0.000073,0.202286,0.037947,0.000073,0.000073,0.429956,0.000073,0.000073,0.329302,0.000073
AACGGACGTACGTATA-1,0.000136,0.000136,0.000136,0.027583,0.000136,0.002067,0.174894,0.037819,0.192597,0.462721,0.101774
AACGGCCATCTCCGGT-1,0.000008,0.000008,0.002323,0.341015,0.000008,0.03167,0.054286,0.376309,0.057268,0.000677,0.136427
AACGTACTGTGGGTAC-1,0.000157,0.000157,0.000157,0.243246,0.000157,0.000157,0.723436,0.000157,0.000157,0.032064,0.000157
AACGTCAGACTAGTGG-1,0.000071,0.000071,0.030661,0.039731,0.000071,0.015288,0.913823,0.000071,0.000071,0.000071,0.000071
AACGTGATGAAGGACA-1,0.000037,0.000037,0.000037,0.003403,0.000037,0.097293,0.723478,0.170466,0.001921,0.003252,0.000037
AACGTGCGAAAGTCTC-1,0.00191,0.000014,0.00106,0.000014,0.000014,0.014488,0.520144,0.291039,0.02001,0.000225,0.151082
AACGTTATCAGCACCT-1,0.000294,0.000294,0.262731,0.408133,0.000294,0.000294,0.000294,0.00599,0.000294,0.000294,0.321086
AACTACCCGTTTGTCA-1,0.000079,0.000079,0.000079,0.322351,0.000079,0.218897,0.45812,0.000079,0.000079,0.000079,0.000079
AACTAGGCTTGGGTGT-1,0.000631,0.000631,0.000631,0.434655,0.000631,0.000631,0.559663,0.000631,0.000631,0.000631,0.000631
AACTCAAGTTAATTGC-1,0.000022,0.000022,0.032455,0.000183,0.000022,0.089503,0.251821,0.113375,0.033768,0.069371,0.409457
AACTCCTAATCCCATG-1,0.00006,0.000059,0.062103,0.051421,0.00006,0.013202,0.848334,0.013775,0.00006,0.010867,0.00006
AACTCTCAATAGAGCG-1,0.000073,0.000073,0.114909,0.252878,0.000073,0.000073,0.588996,0.000073,0.000073,0.042705,0.000073
AACTCTCAGTGTGCTC-1,0.000127,0.000127,0.109839,0.119763,0.000127,0.000127,0.410515,0.000127,0.000127,0.164356,0.194766
AACTGAGGTCAGCGTC-1,0.000132,0.000132,0.505145,0.090973,0.000132,0.008532,0.394428,0.000132,0.000132,0.000132,0.000132
AACTGGGTCCCGACGT-1,0.000068,0.000068,0.102106,0.06747,0.000068,0.042177,0.353007,0.161458,0.000068,0.179063,0.094445
AACTGGGTTCGAGCCG-1,0.00004,0.00004,0.073107,0.015583,0.00004,0.160152,0.265067,0.045478,0.018709,0.045916,0.375868
AACTTCTGCGTCTATC-1,0.000046,0.000046,0.070672,0.117021,0.000046,0.026127,0.666914,0.021005,0.076415,0.000046,0.021663
AACTTGCCCGTATGCA-1,0.006619,0.000019,0.024218,0.010834,0.000019,0.024565,0.539235,0.344981,0.015177,0.000146,0.034187
AACTTTACGGGAGCTT-1,0.000093,0.000093,0.071813,0.080052,0.000093,0.175511,0.280542,0.008734,0.053985,0.319061,0.010024
AACTTTCTCGATCATG-1,0.169917,0.000032,0.583366,0.094284,0.000032,0.12645,0.000032,0.000032,0.001249,0.019992,0.004613
AAGAAATCACCAGATT-1,0.00012,0.00012,0.337097,0.28032,0.00012,0.322187,0.00236,0.00012,0.00012,0.057315,0.00012
AAGACCAAATAACTCA-1,0.000026,0.000026,0.002249,0.082931,0.000026,0.027696,0.876002,0.000026,0.000026,0.010963,0.000026
AAGACCCAACTGAACA-1,0.000212,0.000212,0.075725,0.157395,0.000212,0.000212,0.747414,0.017979,0.000212,0.000212,0.000212
AAGACTCACGCCCACT-1,0.000069,0.000069,0.088113,0.020763,0.000069,0.23991,0.463499,0.013359,0.000069,0.052364,0.121716
AAGACTGCAAGCTACT-1,0.000054,0.000054,0.040444,0.000054,0.000054,0.000294,0.603135,0.009133,0.030838,0.245191,0.070751
AAGAGATGAATCGGTA-1,0.000035,0.000035,0.009353,0.000035,0.000035,0.126283,0.417299,0.337456,0.027465,0.046125,0.035878
AAGAGCTCTTTATCGG-1,0.000016,0.000016,0.000016,0.015614,0.000016,0.03099,0.103647,0.719455,0.01218,0.004157,0.113894
AAGAGGATGTACGCGA-1,0.000006,0.000006,0.000006,0.001509,0.000006,0.003181,0.131635,0.836922,0.01468,0.000167,0.011882
AAGAGGCATGGATCGC-1,0.000043,0.000043,0.088668,0.14882,0.000043,0.042601,0.415496,0.146061,0.000043,0.140651,0.017532
AAGATGGCACCGGACC-1,0.000049,0.000049,0.030341,0.058658,0.000049,0.0289,0.647016,0.014551,0.001375,0.043228,0.175784
AAGATTGGCGGAACGT-1,0.000023,0.000023,0.058424,0.005501,0.000023,0.182562,0.296651,0.094935,0.039563,0.004137,0.318159
AAGCATACTCTCCTGA-1,0.00004,0.00004,0.019335,0.175275,0.00004,0.00004,0.00004,0.099977,0.00004,0.00004,0.705134
AAGCCGCCGTGAAATC-1,0.000156,0.000156,0.077243,0.038993,0.000156,0.000156,0.238307,0.033274,0.000156,0.033325,0.578075
AAGCCGCTTTACCTTG-1,0.000163,0.000163,0.199492,0.33127,0.000163,0.370218,0.000163,0.000163,0.000163,0.097882,0.000163
AAGCGGAGTGCGCGCA-1,0.074648,0.000158,0.364451,0.072963,0.000158,0.443317,0.000158,0.043676,0.000158,0.000158,0.000158
AAGCGGCGTCATGGGT-1,0.000064,0.000064,0.167542,0.000064,0.000064,0.006484,0.819481,0.006044,0.000064,0.000064,0.000064
AAGCGTCCCTCATCGA-1,0.000138,0.000138,0.000138,0.143068,0.000138,0.292448,0.424718,0.079236,0.000138,0.000138,0.059701
AAGCTAGATCGAGTAA-1,0.000034,0.000034,0.000034,0.119531,0.000034,0.023054,0.857145,0.000034,0.000034,0.000034,0.000034
AAGCTCGTGCCAAGTC-1,0.000088,0.000088,0.000088,0.000088,0.000088,0.02813,0.824366,0.146775,0.000112,0.000088,0.000088
AAGGAGCGGTTGGTGC-1,0.000058,0.000058,0.382988,0.134981,0.000058,0.03006,0.385707,0.000058,0.000058,0.065919,0.000058
AAGGATGAGGGACCTC-1,0.000034,0.000034,0.088439,0.000034,0.000034,0.165181,0.5233,0.15539,0.009727,0.003911,0.053916
AAGGCAGGCTGTCTCC-1,0.000082,0.000082,0.000082,0.778785,0.000082,0.000082,0.181167,0.000082,0.039392,0.000082,0.000082
AAGGCGCGTAAAGCTT-1,0.000226,0.000226,0.000226,0.000226,0.000226,0.191267,0.719289,0.038775,0.049085,0.000226,0.000226
AAGGCTGTGCTCATCG-1,0.000088,0.000088,0.141498,0.149521,0.000088,0.014156,0.422664,0.031611,0.012668,0.000088,0.22753
AAGGGAACGACTGGCT-1,0.000072,0.000072,0.000072,0.082851,0.000072,0.043862,0.633908,0.006166,0.000072,0.000072,0.232783
AAGGGACAGATTCTGT-1,0.000016,0.000016,0.030958,0.000016,0.000016,0.026595,0.074287,0.159107,0.003603,0.000016,0.705367
AAGGGACTATGCATTC-1,0.000052,0.000052,0.040844,0.102065,0.000052,0.027063,0.687493,0.004557,0.000052,0.031306,0.106466
AAGGTATCCTAATATA-1,0.000008,0.000008,0.00041,0.000008,0.000008,0.006183,0.143298,0.812265,0.02573,0.000008,0.012075
AAGGTGATAAACCAGC-1,0.000049,0.000049,0.062051,0.001019,0.000049,0.06533,0.677518,0.018533,0.019202,0.050978,0.10522
AAGTAGAAGACCGGGT-1,0.000069,0.000069,0.310916,0.011458,0.000069,0.001257,0.510541,0.000069,0.000069,0.119567,0.045915
AAGTAGTGACGCGAGG-1,0.000012,0.000012,0.002494,0.000012,0.000012,0.001223,0.51606,0.470458,0.009696,0.000012,0.000012
AAGTCAATTGTCGTCA-1,0.000027,0.000027,0.031921,0.314624,0.000027,0.033825,0.294159,0.076815,0.061914,0.005096,0.181566
AAGTCTAGTAGCTGCC-1,0.044041,0.000062,0.402046,0.179839,0.000062,0.268201,0.000062,0.000062,0.000062,0.043055,0.062506
AAGTGACGACCGAATT-1,0.000019,0.000019,0.000019,0.004628,0.000019,0.022565,0.486792,0.375977,0.040202,0.003048,0.066712
AAGTGAGTCGGGTTTA-1,0.000161,0.000161,0.000161,0.000161,0.000161,0.000161,0.998391,0.000161,0.000161,0.000161,0.000161
AAGTGCAAAGGTAGAC-1,0.000491,0.000491,0.000491,0.227167,0.000491,0.742891,0.01504,0.011462,0.000491,0.000491,0.000491
AAGTGCGTTAGAATCT-1,0.009124,0.000024,0.012567,0.000024,0.000024,0.043622,0.631449,0.236939,0.01469,0.004885,0.04665
AAGTTCAGTCTGCGTA-1,0.000076,0.000076,0.292493,0.048471,0.000076,0.030904,0.585314,0.031167,0.000076,0.011273,0.000076
AAGTTCGGCCAACAGG-1,0.000018,0.000018,0.049811,0.214142,0.000018,0.060882,0.433594,0.187314,0.00706,0.000018,0.047122
AATAACAACGCTCGGC-1,0.000003,0.000003,0.000003,0.000003,0.000003,0.000003,0.000003,0.971498,0.004914,0.000003,0.02356
AATAACACTAGAACAA-1,0.000082,0.000082,0.000082,0.07953,0.000082,0.006169,0.498944,0.030753,0.000082,0.251112,0.133083
AATAAGTCCTCGAGAC-1,0.000185,0.000185,0.048993,0.033719,0.000185,0.000185,0.000185,0.485451,0.000185,0.000185,0.43054
AATACAATGTTTCAGG-1,0.000052,0.000052,0.025043,0.000052,0.000052,0.117161,0.760827,0.081063,0.000052,0.015592,0.000052
AATAGAACAGAGTGGC-1,0.000123,0.000123,0.198169,0.183204,0.000123,0.000123,0.501242,0.000123,0.000123,0.116526,0.000123
AATAGAATCTGTTTCA-1,0.000051,0.000051,0.000051,0.000051,0.000051,0.037391,0.811185,0.000051,0.000051,0.000608,0.150459
AATAGCAAGCCTCCTG-1,0.000091,0.000091,0.237721,0.247073,0.000091,0.000091,0.340693,0.000091,0.006283,0.167683,0.000091
AATAGCTACCGCGTGC-1,0.087749,0.000026,0.726381,0.020579,0.000026,0.000026,0.165105,0.000026,0.000026,0.000026,0.000026
AATAGTCCGTCCCGAC-1,0.00009,0.00009,0.00009,0.186071,0.00009,0.022561,0.276588,0.485355,0.00009,0.00009,0.028884
AATAGTCGCGAGTCGG-1,0.000043,0.000043,0.004985,0.271435,0.000043,0.001642,0.062649,0.33008,0.11214,0.043981,0.172959
AATATCGAGGGTTCTC-1,0.000032,0.000032,0.12349,0.026471,0.000032,0.046221,0.220866,0.042602,0.000032,0.054348,0.485874
AATATTGGAGTATTGA-1,0.000009,0.000009,0.000009,0.000009,0.000009,0.003838,0.064867,0.885751,0.00806,0.001203,0.036236
AATCCAAGGGCCTGAG-1,0.000048,0.000048,0.032063,0.273427,0.000048,0.014095,0.593173,0.000048,0.000048,0.086956,0.000048
AATCGCCTCAGCGCCA-1,0.000012,0.000012,0.000012,0.000012,0.000012,0.020972,0.121891,0.694408,0.081682,0.000012,0.080974
AATCGCGCAGAGGACT-1,0.000038,0.000038,0.000038,0.999615,0.000038,0.000038,0.000038,0.000038,0.000038,0.000038,0.000038
AATCTAGGTTTACTTG-1,0.000033,0.000033,0.000033,0.000033,0.000033,0.100861,0.132693,0.036037,0.375329,0.001681,0.353237
AATCTATGCCGGAGCC-1,0.000059,0.000059,0.080435,0.031536,0.000059,0.344278,0.403915,0.015681,0.000158,0.000059,0.12376
AATCTCTACTGTGGTT-1,0.000072,0.000072,0.032591,0.094459,0.000072,0.000072,0.669034,0.000072,0.000072,0.006214,0.197272
AATCTGCGTTGGGACG-1,0.000017,0.000017,0.077266,0.010222,0.000017,0.121594,0.315625,0.383836,0.050767,0.028106,0.012531
AATCTGGCTTTCTAGT-1,0.000133,0.000133,0.000133,0.002667,0.000133,0.224311,0.601917,0.000133,0.08182,0.000133,0.088485
AATCTGGGTAGACCCT-1,0.000064,0.000064,0.08139,0.000064,0.000064,0.131019,0.610038,0.113107,0.000064,0.018147,0.045978
AATGACAGCAATGTCT-1,0.000052,0.000052,0.000052,0.040962,0.000052,0.034445,0.011363,0.128952,0.000052,0.013303,0.770713
AATGACGTAGGATGTC-1,0.000044,0.000044,0.09456,0.00081,0.000044,0.023964,0.446575,0.085592,0.018437,0.192579,0.137351
AATGACTGTCAGCCGG-1,0.000061,0.000061,0.294343,0.050119,0.000061,0.034843,0.609404,0.000061,0.000061,0.010922,0.000061
AATGAGTTCGCATATG-1,0.00059,0.00059,0.11577,0.0737,0.00059,0.564573,0.241825,0.00059,0.00059,0.00059,0.00059
AATGATGATACGCTAT-1,0.000039,0.000039,0.109237,0.006233,0.000039,0.042602,0.69976,0.036943,0.009044,0.034709,0.061354
AATGATGCGACTCCTG-1,0.000021,0.000021,0.074476,0.028781,0.000021,0.000613,0.000021,0.062486,0.003191,0.042788,0.787579
AATGCAACCGGGTACC-1,0.021353,0.00003,0.399798,0.15904,0.00003,0.028716,0.277514,0.038454,0.022791,0.031559,0.020716
AATGCACCAAGCAATG-1,0.000039,0.000039,0.160606,0.157363,0.000039,0.010335,0.668028,0.000039,0.000039,0.003434,0.000039
AATGGCCGCCAATGCG-1,0.000088,0.000088,0.275378,0.396996,0.000088,0.309241,0.000088,0.017767,0.000088,0.000088,0.000088
AATGGTCCACCGTTCA-1,0.000012,0.000012,0.000018,0.035301,0.000012,0.001246,0.000012,0.157194,0.016823,0.006397,0.782971
AATGGTTCTCACAAGC-1,0.00003,0.00003,0.00003,0.00003,0.00003,0.00003,0.999695,0.00003,0.00003,0.00003,0.00003
AATGTATGGCACTGTA-1,0.007577,0.007576,0.007576,0.007576,0.007576,0.007577,0.007577,0.007577,0.007577,0.924234,0.007577
AATGTGCCCGAGGTGT-1,0.00005,0.00005,0.027405,0.067758,0.00005,0.090966,0.542502,0.009084,0.013034,0.249052,0.00005
AATGTGCTAATCTGAG-1,0.000052,0.000052,0.014835,0.064387,0.000052,0.126866,0.539613,0.062021,0.041599,0.027403,0.123119
AATTAAAGGTCGGCGT-1,0.000187,0.000187,0.000187,0.000187,0.000187,0.000187,0.998133,0.000187,0.000187,0.000187,0.000187
AATTACGAGACCCATC-1,0.000071,0.000071,0.000071,0.109991,0.000071,0.000071,0.422541,0.019782,0.033303,0.000071,0.413954
AATTCATAAGGGATCT-1,0.000038,0.000038,0.17317,0.029496,0.000038,0.025471,0.650576,0.08165,0.01075,0.02109,0.007683
AATTCATTGTCATGCA-1,0.081139,0.001337,0.001337,0.203198,0.001337,0.001337,0.351022,0.001337,0.001337,0.002011,0.354608
AATTGAACGCTCTGGT-1,0.000049,0.000049,0.11356,0.000049,0.000049,0.309939,0.299653,0.027081,0.000748,0.012391,0.236431
AATTGCGTGGATTACA-1,0.010101,0.010101,0.010102,0.010102,0.010102,0.010102,0.010103,0.010102,0.232265,0.676818,0.010102
AATTTGGGACATAGTA-1,0.000072,0.000072,0.115304,0.000072,0.000072,0.023886,0.772816,0.000072,0.018908,0.068655,0.000072
ACAAACCATGCGTCCT-1,0.000022,0.000022,0.061875,0.09007,0.000022,0.016584,0.284519,0.036718,0.011666,0.125294,0.373209
ACAAAGAAGGTAGGCC-1,0.000321,0.000321,0.000321,0.093525,0.000321,0.181744,0.432064,0.000321,0.08769,0.000321,0.203049
ACAAATCGCACCGAAT-1,0.00002,0.00002,0.005352,0.043598,0.00002,0.267051,0.15411,0.043442,0.04369,0.070507,0.372192
ACAAATGGTAGTGTTT-1,0.000048,0.000048,0.107205,0.000048,0.000048,0.295779,0.35356,0.069678,0.031282,0.037519,0.104787
ACAAATTCAGATCTGA-1,0.00005,0.00005,0.296251,0.00005,0.00005,0.022602,0.561807,0.00005,0.00005,0.118991,0.00005
ACAACAGCATGAGCTA-1,0.00005,0.00005,0.078482,0.009344,0.00005,0.429932,0.392062,0.046343,0.00005,0.015732,0.027905
ACAACGGTCCCTGCGA-1,0.000032,0.000032,0.032679,0.000032,0.000032,0.006612,0.960454,0.000032,0.000032,0.000032,0.000032
ACAAGCAGTGCCTAGC-1,0.000013,0.000013,0.000013,0.004507,0.000013,0.004221,0.299065,0.655899,0.03012,0.000013,0.006122
ACAAGGAAATCCGCCC-1,0.005484,0.000027,0.012843,0.017044,0.000027,0.042998,0.154747,0.020197,0.045996,0.363339,0.3373
ACAAGGACAAGAGGTT-1,0.000037,0.000037,0.000037,0.011236,0.000037,0.017746,0.81905,0.095999,0.000037,0.005262,0.050522
ACAAGGCCTACCAGCC-1,0.000097,0.000097,0.087696,0.203927,0.000097,0.26112,0.446576,0.000097,0.000097,0.000097,0.000097
ACAAGGGCAGGCTCTG-1,0.000034,0.000034,0.000034,0.080107,0.000034,0.029231,0.571473,0.007606,0.172361,0.000034,0.13905
ACAATAGTCGTACGTT-1,0.00003,0.00003,0.004231,0.00003,0.00003,0.027208,0.084855,0.064787,0.000753,0.060306,0.757742
ACAATCCATTTAAACC-1,0.000009,0.000009,0.000406,0.000009,0.000009,0.009553,0.310372,0.659336,0.018399,0.000009,0.001886
ACAATGAATACGGAGA-1,0.000035,0.000035,0.000035,0.024331,0.000035,0.035212,0.308621,0.046495,0.016996,0.000035,0.568168
ACAATGATTCTTCTAC-1,0.000068,0.000068,0.303899,0.456002,0.000068,0.019177,0.220444,0.000068,0.000068,0.000068,0.000068
ACAATTTAGGAGGCTC-1,0.021392,0.000106,0.299297,0.102735,0.000106,0.000106,0.000106,0.000106,0.000106,0.575833,0.000106
ACAATTTGAGCAGTGG-1,0.000041,0.000041,0.037175,0.055287,0.000041,0.082491,0.612457,0.174183,0.000041,0.000041,0.038204
ACAATTTGGCCATATT-1,0.000064,0.000064,0.092016,0.273806,0.000064,0.017817,0.329847,0.239944,0.002596,0.037336,0.006446
ACACAAAGACGGGTGG-1,0.000272,0.000023,0.792683,0.082717,0.000023,0.000023,0.12417,0.000023,0.000023,0.000023,0.000023
ACACAAATATTCCTAG-1,0.056692,0.000096,0.288545,0.184705,0.000096,0.304193,0.103878,0.011264,0.003643,0.007231,0.039657
ACACACCAGGACCAGT-1,0.000056,0.000056,0.056513,0.111429,0.000056,0.080176,0.514678,0.010247,0.012449,0.108671,0.105671
ACACATGATCAAATCT-1,0.000025,0.000025,0.008243,0.396551,0.000025,0.002747,0.008094,0.055218,0.000025,0.077181,0.451867
ACACCACATAATTAGC-1,0.000053,0.000053,0.071356,0.302098,0.000053,0.000053,0.462502,0.000053,0.009235,0.154489,0.000053
ACACCCAGCATGCAGC-1,0.000039,0.000039,0.663431,0.03419,0.000039,0.007187,0.294916,0.000039,0.000039,0.000039,0.000039
ACACCCGAGAAATCCG-1,0.000029,0.000029,0.034974,0.000029,0.000029,0.107798,0.291133,0.102239,0.012199,0.004126,0.447417
ACACCCGTAAATCTGT-1,0.180639,0.000017,0.655022,0.047981,0.000017,0.112945,0.000017,0.000017,0.000017,0.000017,0.003312
ACACCGGTCTGACCGC-1,0.000074,0.000074,0.000074,0.098728,0.000074,0.009838,0.088084,0.074205,0.03956,0.559538,0.129751
ACACCTTAAGTAGGGC-1,0.000095,0.000095,0.114941,0.015896,0.000095,0.043033,0.825467,0.000095,0.000095,0.000095,0.000095
ACACCTTACTACTTGC-1,0.000146,0.000146,0.038351,0.397306,0.000146,0.000146,0.479436,0.000146,0.065413,0.018617,0.000146
ACACGAGACTCCTTCT-1,0.000041,0.000041,0.081058,0.014241,0.000041,0.130748,0.616997,0.111159,0.000041,0.000041,0.045591
ACACGGCACTATGCAT-1,0.000088,0.000088,0.000088,0.021732,0.000088,0.000088,0.886677,0.000099,0.077033,0.000088,0.013933
ACACGGGAACTTAGGG-1,0.000023,0.000023,0.010638,0.000023,0.000023,0.036713,0.192396,0.263758,0.074935,0.010294,0.411177
ACACTCCAATGTCACT-1,0.00011,0.00011,0.085912,0.09248,0.00011,0.005285,0.814851,0.00011,0.00011,0.000814,0.00011
ACACTGATCAAGGTGT-1,0.00039,0.00039,0.00039,0.548343,0.00039,0.00039,0.448145,0.00039,0.00039,0.00039,0.00039
ACAGAACTGAGAACAA-1,0.000012,0.000012,0.06692,0.001851,0.000012,0.037979,0.12344,0.139834,0.00522,0.025731,0.598987
ACAGCATAGAGCCAGT-1,0.000083,0.000083,0.059781,0.092549,0.000083,0.243851,0.584327,0.000083,0.018996,0.000083,0.000083
ACAGCGCACCCGCAGC-1,0.000018,0.000018,0.041706,0.011685,0.000018,0.026811,0.116534,0.690224,0.021826,0.088344,0.002818
ACAGGTGGAGGTGAGG-1,0.0001,0.0001,0.0001,0.300043,0.0001,0.0001,0.664375,0.0001,0.0001,0.034782,0.0001
ACAGTAATACAACTTG-1,0.003449,0.000021,0.00252,0.056892,0.000021,0.056253,0.352811,0.023462,0.005979,0.194845,0.303746
ACAGTATACCGTGGGA-1,0.040495,0.000042,0.215161,0.385363,0.000042,0.269191,0.000042,0.000042,0.000042,0.084664,0.004915
ACAGTGCAGCGCATTT-1,0.000067,0.000067,0.225505,0.118806,0.000067,0.158003,0.352224,0.026684,0.000067,0.000734,0.117775
ACATAAGTCGTGGTGA-1,0.000024,0.000024,0.000024,0.113812,0.000024,0.017507,0.708328,0.009634,0.003789,0.000024,0.146812
ACATCAGCTGGGACGC-1,0.000479,0.000479,0.169536,0.176151,0.000479,0.000479,0.367668,0.000479,0.000479,0.283296,0.000479
ACATCCCGGCCATACG-1,0.000455,0.000455,0.000455,0.686254,0.000455,0.000455,0.228438,0.081671,0.000455,0.000455,0.000455
ACATCCTGGTAACTGT-1,0.000014,0.000014,0.038197,0.032071,0.000014,0.000014,0.000014,0.754574,0.000398,0.017163,0.157527
ACATCGATCGTTTACC-1,0.00013,0.00013,0.08454,0.054251,0.00013,0.449039,0.263246,0.124882,0.00013,0.023389,0.00013
ACATCGGTCAGCCGCG-1,0.000015,0.000015,0.07124,0.020014,0.000015,0.018441,0.249481,0.31039,0.009139,0.000883,0.320367
ACATCGTATGCAATGG-1,0.000019,0.000019,0.071236,0.000019,0.000019,0.025161,0.350047,0.049064,0.008518,0.007141,0.488756
ACATCGTTAACCTAGT-1,0.000037,0.000037,0.005574,0.000037,0.000037,0.028118,0.663873,0.273783,0.009843,0.006389,0.012272
ACATCTCAACGCGTAA-1,0.000039,0.000039,0.000039,0.000039,0.000039,0.191716,0.482932,0.058531,0.097371,0.129014,0.040241
ACATGGCGCCAAAGTA-1,0.000132,0.000132,0.000132,0.185206,0.000132,0.001587,0.530081,0.022617,0.000132,0.259719,0.000132
ACATTAGTTTATATCC-1,0.000292,0.000292,0.000292,0.360389,0.000292,0.086332,0.55094,0.000292,0.000292,0.000292,0.000292
ACCAAACACCCAGCGA-1,0.301267,0.000011,0.645264,0.010001,0.000011,0.00764,0.000011,0.009778,0.00003,0.000011,0.025979
ACCAACACCACACACT-1,0.000038,0.000038,0.502476,0.09044,0.000038,0.005691,0.343805,0.025167,0.011599,0.017691,0.003016
ACCAACGCTTATTTAT-1,0.001595,0.001595,0.001595,0.001595,0.001595,0.001595,0.984049,0.001595,0.001595,0.001595,0.001595
ACCAAGAACGCGTGTC-1,0.000073,0.000073,0.205916,0.086716,0.000073,0.0237,0.683157,0.000073,0.000073,0.000073,0.000073
ACCACAACTCAGAACA-1,0.000026,0.000026,0.053997,0.000026,0.000026,0.148097,0.400911,0.102167,0.064818,0.011732,0.218173
ACCACAAGTTTCTATC-1,0.000058,0.000058,0.307909,0.000058,0.000058,0.000058,0.691573,0.000058,0.000058,0.000058,0.000058
ACCACCCTCTCTTCTA-1,0.000062,0.000062,0.216671,0.178415,0.000062,0.037736,0.334526,0.000062,0.000062,0.232279,0.000062
ACCACGTGCAGCTATA-1,0.000026,0.000026,0.075819,0.000026,0.000026,0.014283,0.000026,0.068198,0.048642,0.044711,0.748216
ACCAGCCCGGTCTTTG-1,0.00101,0.00101,0.00101,0.00101,0.00101,0.00101,0.539997,0.00101,0.00101,0.00101,0.450911
ACCAGTGCCCGGTCAA-1,0.000052,0.000052,0.501009,0.054367,0.000052,0.026666,0.394562,0.018132,0.000052,0.000052,0.005006
ACCAGTGCGGGAGACG-1,0.000017,0.000017,0.000017,0.000017,0.000017,0.000017,0.999826,0.000017,0.000017,0.000017,0.000017
ACCATATCCGCAATAA-1,0.000042,0.000042,0.022601,0.000042,0.000042,0.07607,0.832218,0.038153,0.000042,0.000042,0.030706
ACCATCCGCCAACTAG-1,0.000034,0.000034,0.000034,0.023184,0.000034,0.005416,0.417336,0.043057,0.081486,0.001703,0.427681
ACCATCGTATATGGTA-1,0.000026,0.000026,0.031812,0.000026,0.000026,0.0705,0.350904,0.075829,0.00565,0.020027,0.445173
ACCCAACGCCCGTGGC-1,0.001667,0.000019,0.079642,0.080388,0.000019,0.083003,0.282834,0.238764,0.044776,0.013423,0.175464
ACCCACCTACATGCTC-1,0.000029,0.000029,0.000029,0.031687,0.000029,0.057145,0.576695,0.211535,0.001501,0.042416,0.078903
ACCCATCTTGAGGGTA-1,0.000025,0.000025,0.000025,0.000025,0.000025,0.010356,0.622505,0.349836,0.013497,0.000025,0.003653
ACCCGAGCGAAATTAC-1,0.003632,0.000028,0.094458,0.016566,0.000028,0.085186,0.384915,0.179502,0.005311,0.177165,0.053209
ACCCGGATGACGCATC-1,0.000208,0.000038,0.088895,0.877116,0.000038,0.000038,0.033512,0.000038,0.000038,0.000038,0.000038
ACCCGGTTACACTTCC-1,0.000045,0.000045,0.055138,0.041622,0.000045,0.106419,0.710429,0.051033,0.001171,0.023062,0.01099
ACCCGTGTCATCAGTA-1,0.000095,0.000095,0.000095,0.060295,0.000095,0.062469,0.403552,0.389634,0.083479,0.000095,0.000095
ACCCTATGCCATATCG-1,0.000255,0.000255,0.000255,0.079122,0.000255,0.361952,0.516739,0.000255,0.000255,0.040404,0.000255
ACCCTCCCTTGCTATT-1,0.000045,0.000045,0.100455,0.000045,0.000045,0.062276,0.374966,0.000045,0.048758,0.339804,0.073516
ACCCTGGTAACGCCCT-1,0.000038,0.000038,0.48313,0.00127,0.000038,0.22664,0.228014,0.03371,0.002128,0.020271,0.004724
ACCCTTGCCTGGGTCG-1,0.114564,0.000206,0.128592,0.148801,0.000206,0.606604,0.000206,0.000206,0.000206,0.000206,0.000206
ACCCTTTAGTTCTCCA-1,0.00004,0.00004,0.009754,0.00004,0.00004,0.062408,0.819352,0.048889,0.024564,0.011057,0.023816
ACCGAAGAGTCTGGTT-1,0.00938,0.000011,0.032748,0.00836,0.000011,0.014949,0.091751,0.09596,0.010432,0.001881,0.734518
ACCGACTGAGTCCCAC-1,0.011761,0.000041,0.000041,0.015216,0.000041,0.013437,0.836408,0.006093,0.060831,0.000041,0.056092
ACCGATGGTAGCATCG-1,0.000088,0.000088,0.000088,0.478423,0.000088,0.000088,0.435469,0.000088,0.000088,0.085406,0.000088
ACCGCAATAACTGCCT-1,0.000144,0.000144,0.000144,0.061025,0.000144,0.029539,0.081987,0.0673,0.000144,0.379992,0.379436
ACCGGGCCTTTGTTGA-1,0.000049,0.000049,0.110303,0.236842,0.000049,0.032058,0.487426,0.105184,0.014797,0.013194,0.000049
ACCGGTCAGGTACACC-1,0.000021,0.000021,0.009006,0.053405,0.000021,0.10725,0.361858,0.011063,0.000079,0.00042,0.456856
ACCGGTCTGAGTACGG-1,0.000073,0.000073,0.012421,0.070775,0.000073,0.058541,0.560616,0.000073,0.000073,0.273999,0.023284
ACCGTCCACTGGGCCC-1,0.000129,0.000129,0.000129,0.074787,0.000129,0.113566,0.781675,0.000129,0.000129,0.005907,0.023292
ACCGTGACCACGTGGG-1,0.000039,0.000039,0.06612,0.022212,0.000039,0.091395,0.390206,0.035809,0.001486,0.081151,0.311504
ACCTAAGTACCTTTCA-1,0.000019,0.000019,0.003375,0.093221,0.000019,0.006792,0.121911,0.449901,0.051098,0.044341,0.229305
ACCTAATCGACTTCCT-1,0.000013,0.000013,0.000013,0.000013,0.000013,0.0225,0.393998,0.577339,0.005874,0.000013,0.00021
ACCTACAGTATGTGGT-1,0.000172,0.000172,0.000172,0.479119,0.000172,0.000172,0.443255,0.000172,0.000172,0.076254,0.000172
ACCTCCGTTATTCACC-1,0.00007,0.00007,0.016948,0.157946,0.00007,0.00007,0.452205,0.00007,0.314114,0.058367,0.00007
ACCTCGAACTTATGCT-1,0.000024,0.000024,0.045469,0.119472,0.000024,0.028185,0.498116,0.000024,0.001911,0.195069,0.11168
ACCTGCGTGTCATGTT-1,0.000039,0.000039,0.006975,0.119065,0.000039,0.029208,0.509821,0.012405,0.000039,0.022356,0.300012
ACGAAATGGGCGGCAC-1,0.006108,0.000017,0.011442,0.000017,0.000017,0.041496,0.439361,0.465101,0.031911,0.000017,0.004515
ACGACTGGTCATACTC-1,0.00005,0.00005,0.029742,0.068251,0.00005,0.00005,0.706226,0.036536,0.073146,0.00005,0.085846
ACGAGATATTTGCTTA-1,0.000026,0.000026,0.004181,0.000026,0.000026,0.009026,0.448344,0.493392,0.042848,0.000026,0.002081
ACGAGGATACCACTCT-1,0.000141,0.000141,0.000141,0.018426,0.000141,0.000141,0.980309,0.000141,0.000141,0.000141,0.000141
ACGAGGTTTACAACGT-1,0.000021,0.000021,0.017265,0.004439,0.000021,0.042857,0.603847,0.04486,0.002527,0.000038,0.284104
ACGAGTACGGATGCCC-1,0.000051,0.000051,0.262896,0.01925,0.000051,0.054057,0.628189,0.000051,0.009552,0.024326,0.001527
ACGATACATAGAACTA-1,0.00001,0.00001,0.02881,0.020899,0.00001,0.022271,0.086402,0.769698,0.024093,0.002637,0.045161
ACGATCATCTTGTAAA-1,0.000141,0.000141,0.000141,0.390852,0.000141,0.000141,0.515926,0.000141,0.000141,0.09209,0.000141
ACGATGCATATGTTAT-1,0.000037,0.000037,0.039018,0.000037,0.000037,0.058315,0.647552,0.20639,0.002902,0.036296,0.009381
ACGATGGATCCGATGC-1,0.000198,0.000198,0.000198,0.097574,0.000198,0.000198,0.662021,0.000198,0.000198,0.000199,0.23882
ACGCAAACTAATAGAT-1,0.000276,0.000276,0.000276,0.002434,0.000276,0.000276,0.802513,0.000276,0.057505,0.000276,0.135619
ACGCAATCACTACAGC-1,0.000061,0.000061,0.09634,0.029174,0.000061,0.270276,0.146039,0.009305,0.031298,0.32814,0.089244
ACGCATAAATGACATG-1,0.000107,0.000107,0.170714,0.153158,0.000107,0.049858,0.601299,0.000107,0.000107,0.024329,0.000107
ACGCATTCGTGAGTAC-1,0.000058,0.000058,0.349924,0.139709,0.000058,0.039633,0.319574,0.080919,0.007699,0.000058,0.062311
ACGCCAGATGATTTCT-1,0.000016,0.000016,0.000016,0.000016,0.000016,0.011326,0.09076,0.869246,0.020319,0.000016,0.008254
ACGCCCAGCTGTCGAT-1,0.000444,0.000443,0.000444,0.000444,0.000443,0.000444,0.995565,0.000444,0.000444,0.000444,0.000444
ACGCCGCTAGACGACC-1,0.000035,0.000035,0.01496,0.017843,0.000035,0.189477,0.569215,0.000035,0.012728,0.000035,0.195603
ACGCGAAGTCAGACGA-1,0.00013,0.00013,0.00013,0.237543,0.00013,0.04047,0.720945,0.00013,0.00013,0.00013,0.00013
ACGCGCTACACAGGGT-1,0.000004,0.000004,0.000004,0.000004,0.000004,0.001917,0.000199,0.971989,0.015301,0.000004,0.010568
ACGCGGGCCAAGGACA-1,0.000275,0.000275,0.269834,0.057607,0.000275,0.330313,0.067697,0.192507,0.000275,0.000275,0.080669
ACGCTAGTATCAGTGC-1,0.000046,0.000046,0.616456,0.100344,0.000046,0.143891,0.138986,0.000046,0.000046,0.000046,0.000046
ACGCTAGTGATACACT-1,0.000056,0.000056,0.134417,0.02106,0.000056,0.073132,0.621554,0.000056,0.000056,0.107811,0.041748
ACGCTGTGAGGCGTAG-1,0.000028,0.000028,0.000028,0.019272,0.000028,0.026062,0.633871,0.045272,0.056642,0.000028,0.218742
ACGCTTAGTGTCTCTC-1,0.000045,0.000045,0.000045,0.013177,0.000045,0.040622,0.757994,0.115705,0.003872,0.016625,0.051827
ACGGAATTTAGCAAAT-1,0.00009,0.00009,0.020945,0.00009,0.00009,0.03623,0.942108,0.00009,0.00009,0.00009,0.00009
ACGGAGCGCAAATTAC-1,0.023209,0.000034,0.363484,0.110626,0.000034,0.144052,0.214799,0.024907,0.009407,0.065639,0.043809
ACGGCACTTGCTTGGG-1,0.007576,0.007576,0.007576,0.924234,0.007576,0.007577,0.007577,0.007576,0.007577,0.007578,0.007576
ACGGCCAACATGGACT-1,0.001337,0.001337,0.001337,0.446827,0.001337,0.001337,0.480755,0.001337,0.001337,0.001337,0.061722
ACGGCGACGATGGGAA-1,0.000067,0.000067,0.024274,0.000067,0.000067,0.075883,0.409195,0.000067,0.050516,0.053869,0.385929
ACGGCTGGATGTAGAA-1,0.000205,0.000205,0.000205,0.503076,0.000205,0.000205,0.302354,0.000205,0.000205,0.030338,0.162799
ACGGGAGTGTCGGCCC-1,0.000025,0.000025,0.061698,0.004004,0.000025,0.066287,0.453422,0.281454,0.024565,0.016089,0.092407
ACGGGCGTATGCGACA-1,0.000087,0.000087,0.273303,0.15478,0.000087,0.008154,0.449797,0.000087,0.017971,0.095558,0.000087
ACGTAGATTGCTGATG-1,0.000119,0.000119,0.000119,0.000119,0.000119,0.001242,0.982567,0.000119,0.015236,0.000119,0.000119
ACGTATTACTCCGATC-1,0.000122,0.000122,0.000122,0.403969,0.000122,0.000122,0.525318,0.000122,0.000122,0.069735,0.000122
ACGTCTCGTTCCGGGA-1,0.000053,0.000053,0.083025,0.000053,0.000053,0.036685,0.175764,0.240583,0.067912,0.183142,0.212676
ACGTGACAAAGTAAGT-1,0.000168,0.000168,0.099757,0.067649,0.000168,0.000168,0.174429,0.034912,0.013999,0.000168,0.608416
ACGTGGTCGAATGTGC-1,0.000086,0.000086,0.021384,0.005558,0.000086,0.628924,0.162909,0.013406,0.094806,0.000086,0.07267
ACGTTAATGTCGAAGA-1,0.000024,0.000024,0.000024,0.000024,0.000024,0.019834,0.598163,0.012513,0.006169,0.018965,0.344236
ACGTTAGATTTGCCCG-1,0.000026,0.000026,0.001097,0.010142,0.000026,0.050935,0.553268,0.245291,0.00597,0.026226,0.106992
ACGTTATTGGTCACTC-1,0.000141,0.000141,0.000141,0.089514,0.000141,0.000141,0.521962,0.007196,0.038729,0.038799,0.303094
ACGTTCGCAATCAATT-1,0.000067,0.000067,0.05995,0.321392,0.000067,0.000067,0.562517,0.053557,0.002183,0.000067,0.000067
ACGTTCGTTCAGGAAA-1,0.000092,0.000092,0.041836,0.072863,0.000092,0.000092,0.838976,0.000092,0.000092,0.045683,0.000092
ACGTTTAGTTGTGATC-1,0.000026,0.000026,0.000026,0.000026,0.000026,0.012952,0.7716,0.073337,0.011135,0.000026,0.130821
ACTAAGGACGCACACC-1,0.016149,0.000141,0.272464,0.232417,0.000141,0.352532,0.000141,0.086389,0.000141,0.039346,0.000141
ACTAATACGTCAGGCG-1,0.000063,0.000063,0.381989,0.012205,0.000063,0.277972,0.327395,0.000063,0.000063,0.000063,0.000063
ACTACATCCCGACAAG-1,0.000029,0.000029,0.070409,0.088237,0.000029,0.146952,0.495701,0.003581,0.000261,0.067982,0.126789
ACTACCAGCTCTCTGG-1,0.000572,0.000572,0.078497,0.000572,0.000572,0.000572,0.916357,0.000572,0.000572,0.000572,0.000572
ACTACGCGTTAGAATT-1,0.000046,0.000046,0.05075,0.314036,0.000046,0.031979,0.518205,0.030483,0.030488,0.000046,0.023875
ACTATATGCTGTGTTC-1,0.000033,0.000033,0.762106,0.007639,0.000033,0.00601,0.212333,0.011315,0.000033,0.00043,0.000033
ACTATGTCCAGCTGCC-1,0.000039,0.000039,0.000039,0.000039,0.000039,0.031705,0.366136,0.077912,0.013738,0.000039,0.510273
ACTATTCGTCCGTGGT-1,0.000011,0.000011,0.020309,0.000011,0.000011,0.035885,0.050772,0.765416,0.035546,0.03589,0.056139
ACTATTTCCGGGCCCA-1,0.00023,0.00023,0.00023,0.07166,0.00023,0.00023,0.926269,0.00023,0.00023,0.00023,0.00023
ACTCAATAAAGGCACG-1,0.000026,0.000026,0.000026,0.000026,0.000026,0.000026,0.576661,0.135932,0.058863,0.000026,0.228362
ACTCATGGCAGCCTTC-1,0.000065,0.000065,0.000065,0.119768,0.000065,0.139971,0.368003,0.000065,0.017909,0.216117,0.13791
ACTCCAATATCATCAT-1,0.000027,0.000027,0.000027,0.000027,0.000027,0.026822,0.144285,0.108799,0.002994,0.225869,0.491096
ACTCCCATTCCTAAAG-1,0.000036,0.000036,0.000036,0.015439,0.000036,0.041764,0.345114,0.068324,0.040939,0.000675,0.487599
ACTCCCGAATTCGTTT-1,0.000039,0.000039,0.218049,0.000039,0.000039,0.000039,0.588982,0.000039,0.000039,0.192658,0.000039
ACTCCCGTAGACTAGG-1,0.092992,0.000054,0.553755,0.147141,0.000054,0.151329,0.024766,0.000054,0.000054,0.004151,0.025651
ACTCCCTAGAATAGTA-1,0.000017,0.000017,0.029494,0.008201,0.000017,0.071266,0.119196,0.10119,0.010081,0.011756,0.648765
ACTCGATGTATTTCAT-1,0.002598,0.002598,0.002598,0.002598,0.002598,0.002598,0.656663,0.319958,0.002598,0.002598,0.002598
ACTCGCGATCTGACGC-1,0.000079,0.000079,0.098589,0.483632,0.000079,0.000079,0.250281,0.000079,0.009713,0.15731,0.000079
