Barcode,Topic 1to4,Topic 5,Topic 6to7
AAACAACGAATAGTTC-1,0.001147,0.000287,0.998566
AAACAAGTATCTCCCA-1,0.000455,0.000114,0.999432
AAACAATCTACTAGCA-1,0.08628,0.00009,0.91363
AAACACCAATAACTGC-1,0.003679,0.000919,0.995402
AAACAGAGCGACTCCT-1,0.748737,0.000114,0.25115
AAACAGCTTTCAGAAG-1,0.003258,0.000815,0.995928
AAACAGGGTCTATATT-1,0.006748,0.001687,0.991565
AAACATTTCCCGGATT-1,0.007179,0.001793,0.991028
AAACCACTACACAGAT-1,0.43394,0.041398,0.524662
AAACCCGAACGAAATC-1,0.444313,0.007317,0.54837
AAACCGGGTAGGTACC-1,0.840304,0.000074,0.159622
AAACCGTTCGTCCAGG-1,0.581712,0.000066,0.418221
AAACCTAAGCAGCCGG-1,0.009883,0.002471,0.987646
AAACCTCATGAAGTTG-1,0.163231,0.000066,0.836702
AAACGACAGTCTTGCC-1,0.354612,0.094999,0.55039
AAACGAGACGGTTGAT-1,0.5502,0.000044,0.449756
AAACGCCCGAGATCGG-1,0.128158,0.000127,0.871715
AAACGGGCGTACGGGT-1,0.100005,0.000454,0.899542
AAACGGGTTGGTATCC-1,0.000399,0.01619,0.983412
AAACTAACGTGGCGAC-1,0.392553,0.000099,0.607349
AAACTCGTGATATAAG-1,0.22694,0.000096,0.772964
AAACTTGCAAACGTAT-1,0.372788,0.001424,0.625788
AAAGACATGAAGTTTA-1,0.432553,0.000179,0.567268
AAAGACCCAAGTCGCG-1,0.247484,0.000057,0.752459
AAAGACTGGGCGCTTT-1,0.745875,0.000041,0.254083
AAAGGCCCTATAATAC-1,0.001456,0.000364,0.99818
AAAGGCTACGGACCAT-1,0.61985,0.000056,0.380094
AAAGGCTCTCGCGCCG-1,0.000919,0.000229,0.998852
AAAGGGATGTAGCAAG-1,0.702851,0.000051,0.297098
AAAGGGCAGCTTGAAT-1,0.155441,0.000045,0.844514
AAAGGTAAGCTGTACC-1,0.197151,0.000104,0.802745
AAAGGTCAACGACATG-1,0.469053,0.000126,0.530821
AAAGTAGCATTGCTCA-1,0.555827,0.000186,0.443987
AAAGTCACTGATGTAA-1,0.346136,0.000053,0.653811
AAAGTCGACCCTCAGT-1,0.40777,0.00016,0.59207
AAAGTGTGATTTATCT-1,0.939555,0.00001,0.060435
AAAGTTGACTCCCGTA-1,0.970865,0.00384,0.025295
AAATAACCATACGGGA-1,0.000632,0.000158,0.99921
AAATAAGGTAGTGCCC-1,0.28459,0.000059,0.715351
AAATAGCTTAGACTTT-1,0.326319,0.037719,0.635961
AAATAGGGTGCTATTG-1,0.007752,0.038771,0.953476
AAATCCGATACACGCC-1,0.006598,0.001649,0.991753
AAATCGTGTACCACAA-1,0.692207,0.000036,0.307757
AAATCTAGCCCTGCTA-1,0.003478,0.000869,0.995653
AAATGATTCGATCAGC-1,0.445222,0.000051,0.554726
AAATGCTCGTTACGTT-1,0.056117,0.000159,0.943724
AAATGGCCCGTGCCCT-1,0.004414,0.001103,0.994484
AAATGGTCAATGTGCC-1,0.601053,0.000089,0.398859
AAATGTGGGTGCTCCT-1,0.920107,0.000017,0.079876
AAATTAACGGGTAGCT-1,0.365019,0.000201,0.634779
AAATTACACGACTCTG-1,0.001155,0.000288,0.998557
AAATTACCTATCGATG-1,0.573653,0.090338,0.336008
AAATTGATAGTCCTTT-1,0.265681,0.00239,0.731929
AAATTGCGGCGGTTCT-1,0.001654,0.000413,0.997933
AAATTTACCGAAATCC-1,0.001,0.000251,0.998749
AAATTTGCGGGTGTGG-1,0.894935,0.000011,0.105054
AACAATACATTGTCGA-1,0.001007,0.000252,0.998741
AACAATTACTCTACGC-1,0.389593,0.000046,0.610361
AACACACGCTCGCCGC-1,0.003904,0.000975,0.99512
AACACGAGACGCGGCC-1,0.001089,0.000272,0.998639
AACACGCGGCCGCGAA-1,0.319362,0.055971,0.624668
AACAGCTGTGTGGCAA-1,0.002868,0.000717,0.996416
AACAGGAAATCGAATA-1,0.396228,0.000101,0.603671
AACAGGATGGGCCGCG-1,0.6297,0.012795,0.357504
AACAGGTAGTATGGAT-1,0.02683,0.000239,0.972931
AACATATCAACTGGTG-1,0.081209,0.000128,0.918663
AACATCGATACGTCTA-1,0.28837,0.000072,0.711558
AACATTGAAGTTGATC-1,0.000516,0.000129,0.999355
AACATTGGTCAGCCGT-1,0.006036,0.001509,0.992455
AACATTGTGACTCGAG-1,0.190742,0.000242,0.809015
AACCAAGACTTCTCTG-1,0.331105,0.000059,0.668836
AACCAGTATCACTCTT-1,0.100948,0.000207,0.898845
AACCATGGGATCGCTA-1,0.274834,0.000059,0.725107
AACCCAGAGACGGAGA-1,0.000747,0.000187,0.999066
AACCCATCCCATGATC-1,0.006371,0.001593,0.992036
AACCCGACAACCCGTG-1,0.000519,0.00013,0.999352
AACCCGAGCAGAATCG-1,0.25104,0.000065,0.748895
AACCCTACTGTCAATA-1,0.983217,0.000005,0.016778
AACCGAGCTTGGTCAT-1,0.279852,0.000141,0.720006
AACCGCTAAGGGATGC-1,0.680247,0.000025,0.319729
AACCTAAAGCCGTCCG-1,0.089114,0.007527,0.903359
AACCTCGCTTTAGCCC-1,0.015102,0.003772,0.981126
AACCTTTACGACGTCT-1,0.423395,0.000266,0.576339
AACGATAATGCCGTAG-1,0.459868,0.002706,0.537426
AACGATAGAAGGGCCG-1,0.140709,0.000064,0.859227
AACGATATGTCAACTG-1,0.00043,0.000107,0.999463
AACGCATGATCTGGGT-1,0.171536,0.000371,0.828092
AACGCGAACGGCAACA-1,0.001554,0.000388,0.998057
AACGCGGTCTCCAGCC-1,0.585618,0.000043,0.414339
AACGCTGTTGCTGAAA-1,0.00735,0.001838,0.990812
AACGGACGTACGTATA-1,0.074519,0.00047,0.925011
AACGGCCATCTCCGGT-1,0.485298,0.000057,0.514645
AACGTACTGTGGGTAC-1,0.999969,0.00001,0.000021
AACGTAGTCTACCCAT-1,0.138756,0.000182,0.861062
AACGTCAGACTAGTGG-1,0.477538,0.004719,0.517743
AACGTGATGAAGGACA-1,0.21581,0.000086,0.784104
AACGTGCGAAAGTCTC-1,0.004414,0.001103,0.994483
AACGTTATCAGCACCT-1,0.033742,0.008432,0.957826
AACTACCCGTTTGTCA-1,0.972616,0.000023,0.027361
AACTAGCGTATCGCAC-1,0.000382,0.000889,0.998729
AACTCAAGTTAATTGC-1,0.677883,0.071363,0.250754
AACTCCAGAGCGTGTT-1,0.003587,0.000896,0.995517
AACTCCTAATCCCATG-1,0.028336,0.010768,0.960896
AACTCGATAAACACGT-1,0.015491,0.003875,0.980634
AACTCGATGGCGCAGT-1,0.000576,0.000144,0.99928
AACTCTCAATAGAGCG-1,0.390389,0.008499,0.601112
AACTCTCAGTGTGCTC-1,0.000599,0.000149,0.999252
AACTGAGGTCAGCGTC-1,0.108208,0.000156,0.891636
AACTGATATTAGGCCT-1,0.669431,0.000042,0.330527
AACTGGGTCCCGACGT-1,0.157546,0.000109,0.842346
AACTGGGTTCGAGCCG-1,0.43362,0.000126,0.566254
AACTGGTGTGGGCCTT-1,0.273883,0.00148,0.724637
AACTTCTGCGTCTATC-1,0.001542,0.000385,0.998073
AACTTGCCCGTATGCA-1,0.444193,0.000036,0.555771
AACTTGCGTTCTCGCG-1,0.001373,0.000343,0.998284
AACTTTACGGGAGCTT-1,0.004661,0.001165,0.994174
AACTTTAGCTGCTGAG-1,0.252001,0.016726,0.731273
AAGAAGGATCAGTTAG-1,0.000445,0.000111,0.999444
AAGACATACGTGGTTT-1,0.152758,0.000282,0.846959
AAGACCCAACTGAACA-1,0.766076,0.000469,0.233455
AAGACTAACCCGTTGT-1,0.000255,0.406844,0.592901
AAGACTCACGCCCACT-1,0.176124,0.000101,0.823774
AAGAGATGAATCGGTA-1,0.111726,0.000057,0.888217
AAGAGCTCTTTATCGG-1,0.001543,0.000385,0.998071
AAGAGGATGTACGCGA-1,0.985091,0.000006,0.014903
AAGAGGCATGGATCGC-1,0.999749,0.000084,0.000167
AAGAGGCCCTTTGGAA-1,0.003879,0.000969,0.995152
AAGATGGCACCGGACC-1,0.002361,0.00059,0.997049
AAGATTGGCGGAACGT-1,0.702807,0.016545,0.280648
AAGCACCCTGCGTATC-1,0.007552,0.001887,0.990561
AAGCCGAAGCGGTTTA-1,0.293993,0.000208,0.705799
AAGCCGCCGTGAAATC-1,0.140636,0.000552,0.858813
AAGCGCAGGGCTTTGA-1,0.154164,0.001111,0.844725
AAGCGGCGTCATGGGT-1,0.709192,0.000233,0.290575
AAGCGTCCCTCATCGA-1,0.003826,0.000956,0.995219
AAGCTCGTGCCAAGTC-1,0.806933,0.00088,0.192187
AAGCTCTTTCATGGTG-1,0.011026,0.002757,0.986217
AAGGAGAACTTATAAG-1,0.110421,0.003436,0.886143
AAGGAGCGGTTGGTGC-1,0.09154,0.000136,0.908324
AAGGATCGATCGCTTG-1,0.999145,0.000505,0.00035
AAGGATGAGGGACCTC-1,0.550503,0.007072,0.442426
AAGGCGCGTAAAGCTT-1,0.580215,0.00009,0.419694
AAGGCTGTGCTCATCG-1,0.513486,0.259844,0.22667
AAGGGAACGACTGGCT-1,0.002094,0.000523,0.997383
AAGGGACAGATTCTGT-1,0.620996,0.092439,0.286565
AAGGGACTATGCATTC-1,0.001261,0.000315,0.998424
AAGGTATCCTAATATA-1,0.874479,0.000037,0.125484
AAGGTGATAAACCAGC-1,0.821931,0.000421,0.177648
AAGTAAGCTTCCAAAC-1,0.025584,0.00009,0.974326
AAGTAGAAGACCGGGT-1,0.179102,0.0001,0.820797
AAGTAGTGACGCGAGG-1,0.942006,0.020312,0.037682
AAGTCAATTGTCGTCA-1,0.540422,0.000068,0.45951
AAGTGACGACCGAATT-1,0.718726,0.000029,0.281245
AAGTGAGTCGGGTTTA-1,0.002988,0.000747,0.996265
AAGTGCAAAGGTAGAC-1,0.005515,0.001378,0.993107
AAGTGCCTTGACTGTA-1,0.000682,0.00017,0.999147
AAGTGCGTTAGAATCT-1,0.460076,0.000037,0.539888
AAGTGCTTCTCTATTG-1,0.429995,0.000069,0.569936
AAGTGTTTGGAGACGG-1,0.005798,0.001448,0.992754
AAGTTCACTCCAAGCT-1,0.004705,0.001175,0.99412
AAGTTCAGTCTGCGTA-1,0.002028,0.000507,0.997465
AAGTTCGGCCAACAGG-1,0.971794,0.000006,0.028199
AAGTTGTGATGTTATA-1,0.004127,0.001031,0.994841
AATAACAACGCTCGGC-1,0.854752,0.000017,0.145231
AATAACACTAGAACAA-1,0.063762,0.000248,0.935991
AATAAGTCCTCGAGAC-1,0.230519,0.000069,0.769412
AATACAATGTTTCAGG-1,0.379096,0.00021,0.620694
AATACCGGAGGGCTGT-1,0.704578,0.000049,0.295372
AATAGAACAGAGTGGC-1,0.146585,0.000232,0.853183
AATAGAATCTGTTTCA-1,0.788789,0.000059,0.211152
AATAGCAAGCCTCCTG-1,0.277563,0.032212,0.690225
AATAGCTACCGCGTGC-1,0.276289,0.00006,0.723651
AATAGTCCGTCCCGAC-1,0.008197,0.002048,0.989756
AATAGTCGCGAGTCGG-1,0.006373,0.001594,0.992033
AATATCAAGGTCGGAT-1,0.089471,0.000117,0.910412
AATATCGAATCAATGC-1,0.2684,0.000545,0.731055
AATATCGAGGGTTCTC-1,0.13847,0.007727,0.853803
AATATTGGAGTATTGA-1,0.207059,0.000057,0.792884
AATCAGACTGCAGGAC-1,0.000323,0.015961,0.983716
AATCAGGTTTCATTTA-1,0.000963,0.00158,0.997458
AATCATGTAAAGACTC-1,0.010827,0.002706,0.986467
AATCCAAGGGCCTGAG-1,0.000308,0.010039,0.989653
AATCCATGCAAGGGTG-1,0.47705,0.000036,0.522913
AATCGCCTCAGCGCCA-1,0.00081,0.004189,0.995001
AATCGCGCAGAGGACT-1,0.605598,0.004357,0.390045
AATCGTGAGCCGAGCA-1,0.009884,0.002474,0.987642
AATCTAGGTTTACTTG-1,0.170185,0.000333,0.829482
AATCTATGCCGGAGCC-1,0.054569,0.000067,0.945364
AATCTCTACTGTGGTT-1,0.008432,0.002108,0.98946
AATCTGCGTTGGGACG-1,0.598703,0.15097,0.250327
AATCTGGCTTTCTAGT-1,0.089629,0.001054,0.909317
AATCTGGGTAGACCCT-1,0.353879,0.000084,0.646037
AATGACAGCAATGTCT-1,0.709675,0.000036,0.290289
AATGACGTAGGATGTC-1,0.195067,0.000432,0.804501
AATGACTGTCAGCCGG-1,0.154965,0.000666,0.844369
AATGAGTTCGCATATG-1,0.00192,0.00048,0.997601
AATGATGATACGCTAT-1,0.436378,0.000469,0.563153
AATGATGCGACTCCTG-1,0.11523,0.000284,0.884486
AATGCAACCGGGTACC-1,0.10881,0.0001,0.89109
AATGCACCAAGCAATG-1,0.179746,0.000402,0.819853
AATGGTCCACCGTTCA-1,0.335731,0.000082,0.664187
AATGGTTCTCACAAGC-1,0.088462,0.0002,0.911337
AATGTGCCCGAGGTGT-1,0.002432,0.000608,0.99696
AATGTGCTAATCTGAG-1,0.001002,0.00025,0.998748
AATGTTGTCGTGAGAC-1,0.027261,0.00038,0.972359
AATTAAAGGTCGGCGT-1,0.370213,0.092351,0.537437
AATTACTCGTACGCTC-1,0.026042,0.006519,0.96744
AATTCATAAGGGATCT-1,0.002333,0.000583,0.997084
AATTCCAACTTGGTGA-1,0.012736,0.003186,0.984078
AATTCGATTCGAGGAT-1,0.237226,0.001653,0.761121
AATTGAACGCTCTGGT-1,0.170016,0.000202,0.829783
AATTGCAGCAATCGAC-1,0.002208,0.000552,0.997241
AATTTGGGACATAGTA-1,0.787031,0.008861,0.204108
ACAAACCATGCGTCCT-1,0.003751,0.000937,0.995312
ACAAACCGACAAGGCG-1,0.000285,0.000072,0.999643
ACAAAGCATGACCTAG-1,0.349247,0.000222,0.650531
ACAAATCGCACCGAAT-1,0.004819,0.001204,0.993977
ACAAATGGTAGTGTTT-1,0.894261,0.000023,0.105717
ACAAATTCAGATCTGA-1,0.77293,0.000046,0.227024
ACAACAGCATGAGCTA-1,0.955359,0.000393,0.044249
ACAACGGTCCCTGCGA-1,0.43286,0.000036,0.567103
ACAAGCAGTGCCTAGC-1,0.958775,0.000007,0.041218
ACAAGGAAATCCGCCC-1,0.693721,0.000031,0.306248
ACAAGGATGCTTTAGG-1,0.009257,0.002312,0.98843
ACAAGGCCTACCAGCC-1,0.233817,0.000358,0.765824
ACAAGGGCAGGCTCTG-1,0.034338,0.000165,0.965497
ACAATAGTCGTACGTT-1,0.247232,0.01015,0.742618
ACAATCCATTTAAACC-1,0.932682,0.002578,0.06474
ACAATCGATCTTTATA-1,0.210657,0.015915,0.773428
ACAATGAATACGGAGA-1,0.001487,0.000373,0.99814
ACAATGATTCTTCTAC-1,0.278803,0.0005,0.720698
ACAATTGTGTCTCTTT-1,0.163616,0.000168,0.836217
ACAATTTAGGAGGCTC-1,0.013044,0.003262,0.983694
ACAATTTGAGCAGTGG-1,0.712443,0.003448,0.284109
ACACAAAGACGGGTGG-1,0.123215,0.000096,0.876689
ACACACCAGGACCAGT-1,0.877995,0.000007,0.121998
ACACATGATCAAATCT-1,0.010069,0.002516,0.987414
ACACATTGACGCAACA-1,0.003153,0.000788,0.996059
ACACCACATAATTAGC-1,0.548793,0.000061,0.451146
ACACCCAGCATGCAGC-1,0.271997,0.0001,0.727903
ACACCCGAGAAATCCG-1,0.074367,0.000113,0.92552
ACACCGAGCGCTCTTT-1,0.000776,0.000194,0.999031
ACACCGGTCTGACCGC-1,0.006375,0.001593,0.992031
ACACCTTAAGTAGGGC-1,0.207828,0.00015,0.792022
ACACCTTACTACTTGC-1,0.275283,0.000047,0.72467
ACACGAGACTCCTTCT-1,0.005683,0.001419,0.992897
ACACGGCACTATGCAT-1,0.155821,0.000093,0.844086
ACACGGGAACTTAGGG-1,0.466351,0.005517,0.528131
ACACGTAGGCCACAAG-1,0.347144,0.000074,0.652781
ACACTCCAATGTCACT-1,0.001001,0.00025,0.998749
ACACTGATCAAGGTGT-1,0.006173,0.001542,0.992285
ACACTGGGACAGTCGT-1,0.479098,0.008961,0.511942
ACAGAACTGAGAACAA-1,0.039283,0.000283,0.960434
ACAGATTAGGTTAGTG-1,0.26159,0.009533,0.728877
ACAGCGACATTCTCAT-1,0.004906,0.001225,0.993869
ACAGCGCACCCGCAGC-1,0.467857,0.000024,0.532119
ACAGGCACGGATCCTT-1,0.062101,0.000507,0.937393
ACAGGCTTGCCCGACT-1,0.015503,0.003875,0.980622
ACAGGTGGAGGTGAGG-1,0.000578,0.000144,0.999278
ACAGTAATACAACTTG-1,0.002959,0.000739,0.996302
ACAGTGCAGCGCATTT-1,0.316375,0.000089,0.683536
ACATAATAAGGCGGTG-1,0.419051,0.000073,0.580876
ACATCAGCTGGGACGC-1,0.002207,0.000551,0.997241
ACATCCCGGCCATACG-1,0.224067,0.0007,0.775233
ACATCCTGGTAACTGT-1,0.461381,0.00004,0.538579
ACATCGATCGTTTACC-1,0.477966,0.124849,0.397184
ACATCGGTCAGCCGCG-1,0.56923,0.143994,0.286776
ACATCGTATGCAATGG-1,0.008695,0.002172,0.989132
ACATCGTTAACCTAGT-1,0.960779,0.013055,0.026166
ACATCTCAACGCGTAA-1,0.89244,0.035819,0.071741
ACATGGCGCCAAAGTA-1,0.739133,0.000035,0.260833
ACATGGCTCAATTTAG-1,0.004158,0.001039,0.994803
ACATTAGTTTATATCC-1,0.311332,0.010867,0.677801
ACCAACACCACACACT-1,0.061885,0.000054,0.938061
ACCAACCGCACTCCAC-1,0.002452,0.000613,0.996936
ACCAACGCTTATTTAT-1,0.999696,0.000101,0.000202
ACCAAGAACGCGTGTC-1,0.000438,0.000109,0.999453
ACCAATATGCAAGTTA-1,0.008199,0.002048,0.989753
ACCACAACTCAGAACA-1,0.000098,0.006482,0.99342
ACCACAAGTTTCTATC-1,0.009495,0.000105,0.9904
ACCACCAATGTAACAA-1,0.530597,0.000129,0.469274
ACCACGTGCAGCTATA-1,0.214196,0.000068,0.785736
ACCACTGTTCAAGAAG-1,0.030702,0.000169,0.969129
ACCAGCCCGGTCTTTG-1,0.067896,0.000483,0.931621
ACCAGGAGTGTGATCT-1,0.204864,0.004933,0.790203
ACCAGTGCCCGGTCAA-1,0.068589,0.005121,0.92629
ACCAGTGCGGGAGACG-1,0.730388,0.000076,0.269536
ACCATATCCGCAATAA-1,0.58911,0.070075,0.340815
ACCATCCGCCAACTAG-1,0.275898,0.000204,0.723898
ACCATCGTATATGGTA-1,0.340952,0.010035,0.649013
ACCATTAAGGGTGTCA-1,0.000947,0.000237,0.998816
ACCCAACGCCCGTGGC-1,0.842311,0.001035,0.156655
ACCCACCTACATGCTC-1,0.88131,0.00002,0.11867
ACCCATCTTGAGGGTA-1,0.656523,0.078165,0.265313
ACCCATTTGTCCCTCT-1,0.424623,0.000982,0.574395
ACCCGAGCGAAATTAC-1,0.511499,0.000069,0.488432
ACCCGATTGGTTCCGA-1,0.003019,0.000755,0.996226
ACCCGGATGACGCATC-1,0.206816,0.002497,0.790687
ACCCGGTTACACTTCC-1,0.730706,0.020172,0.249122
ACCCGTGTCATCAGTA-1,0.327278,0.00035,0.672372
ACCCTATAGGACTGAG-1,0.094761,0.000219,0.90502
ACCCTATGCCATATCG-1,0.583258,0.000316,0.416426
ACCCTCCCTTGCTATT-1,0.000772,0.000193,0.999036
ACCCTTTAGTTCTCCA-1,0.000574,0.006337,0.993089
ACCGAAAGGGCCCTGC-1,0.161557,0.000063,0.838381
ACCGAAGAGTCTGGTT-1,0.101858,0.030251,0.86789
ACCGATGGTAGCATCG-1,0.183699,0.00661,0.80969
ACCGCAATAACTGCCT-1,0.005218,0.001303,0.993479
ACCGCGGTGGAAGTCG-1,0.207792,0.000124,0.792084
ACCGGGCCTTTGTTGA-1,0.888167,0.000144,0.111689
ACCGGTCAGGTACACC-1,0.007354,0.001838,0.990808
ACCGGTCTGAGTACGG-1,0.064201,0.00013,0.935669
ACCGTGACCACGTGGG-1,0.000888,0.000223,0.998889
ACCTAAGTACCTTTCA-1,0.817201,0.000028,0.182772
ACCTAATCGACTTCCT-1,0.614759,0.009534,0.375707
ACCTACAGTATGTGGT-1,0.930075,0.000937,0.068988
ACCTCCGCCCTCGCTG-1,0.004516,0.001129,0.994355
ACCTCCGTTATTCACC-1,0.550575,0.00016,0.449265
ACCTCGAACTTATGCT-1,0.007352,0.001838,0.990811
ACCTGCGTGTCATGTT-1,0.001719,0.000429,0.997852
ACGAAATGGGCGGCAC-1,0.913188,0.000715,0.086097
ACGACTGGTCATACTC-1,0.006376,0.001593,0.992031
ACGAGAACCCATCACG-1,0.000413,0.006378,0.993209
ACGAGATATTTGCTTA-1,0.417383,0.001155,0.581462
ACGAGGATACCACTCT-1,0.004413,0.001103,0.994484
ACGAGGTTTACAACGT-1,0.004099,0.001024,0.994877
ACGAGTACGGATGCCC-1,0.003875,0.000095,0.996031
ACGAGTCGCCGGCGTT-1,0.000794,0.000198,0.999008
ACGATACATAGAACTA-1,0.423584,0.00047,0.575946
ACGATCATACATAGAG-1,0.36112,0.000082,0.638798
ACGATCATCTTGTAAA-1,0.387688,0.008201,0.604111
ACGATGCATATGTTAT-1,0.671337,0.115011,0.213652
ACGCAAACTAATAGAT-1,0.00095,0.000237,0.998812
ACGCAATCACTACAGC-1,0.000272,0.000068,0.99966
ACGCATAAATGACATG-1,0.171305,0.001551,0.827145
ACGCATACGTTTACTA-1,0.646625,0.000824,0.35255
ACGCATTCGTGAGTAC-1,0.202786,0.045844,0.75137
ACGCCAGATGATTTCT-1,0.052215,0.013028,0.934757
ACGCCCAGCTGTCGAT-1,0.018414,0.000079,0.981507
ACGCCGCTAGACGACC-1,0.052211,0.013023,0.934766
ACGCGAAGTCAGACGA-1,0.270089,0.000183,0.729727
ACGCGCTACACAGGGT-1,0.780589,0.049281,0.17013
ACGCGGGCCAAGGACA-1,0.848031,0.024538,0.127431
ACGCGTTTCTTAAGAG-1,0.28763,0.030256,0.682115
ACGCTAGTGATACACT-1,0.096769,0.000158,0.903073
ACGCTGTGAGGCGTAG-1,0.001299,0.000324,0.998377
ACGCTTAGTGTCTCTC-1,0.050712,0.038582,0.910706
ACGGAATTTAGCAAAT-1,0.10563,0.000052,0.894318
ACGGACTCTCAAAGCG-1,0.00198,0.000495,0.997526
ACGGAGCGCAAATTAC-1,0.106442,0.000138,0.89342
ACGGATGGTGCGGATA-1,0.002855,0.000714,0.996432
ACGGCACTTGCTTGGG-1,0.397779,0.005432,0.596788
ACGGCCAACATGGACT-1,0.006524,0.001629,0.991847
ACGGCGACGATGGGAA-1,0.000867,0.000217,0.998916
ACGGCGGGTTGCCCTG-1,0.000333,0.999403,0.000264
ACGGGAGTGTCGGCCC-1,0.183968,0.000078,0.815954
ACGGGTCATGTGACTT-1,0.044157,0.011052,0.944791
ACGTACTTTGGCACGG-1,0.003655,0.000913,0.995432
ACGTATTACTCCGATC-1,0.866497,0.006627,0.126876
ACGTCCTAAACGAGAT-1,0.137935,0.000082,0.861983
ACGTGCGCCTCGTGCA-1,0.508938,0.000055,0.491007
ACGTGGTCGAATGTGC-1,0.000749,0.007937,0.991314
ACGTTAATGTCGAAGA-1,0.460631,0.000121,0.539248
ACGTTAGATTTGCCCG-1,0.629108,0.082226,0.288666
ACGTTATTGGTCACTC-1,0.229204,0.000585,0.770211
ACGTTCCGCGCTCCGT-1,0.02033,0.006877,0.972793
ACGTTCGCAATCAATT-1,0.43914,0.000085,0.560775
ACGTTCGTTCAGGAAA-1,0.016087,0.000138,0.983775
ACGTTCTGTACAAGTC-1,0.003564,0.00089,0.995546
ACTAATACGTCAGGCG-1,0.642628,0.000105,0.357267
ACTACAAAGAGAGGTG-1,0.176708,0.009002,0.81429
ACTACATCCCGACAAG-1,0.010423,0.002606,0.986971
ACTACGCGTTAGAATT-1,0.045585,0.000146,0.954269
ACTAGTTGCGATCGTC-1,0.002086,0.000521,0.997392
ACTATATGCTGTGTTC-1,0.081899,0.000198,0.917903
ACTATCCAGGGCATGG-1,0.391175,0.000015,0.60881
ACTATCTGCCCGCGTA-1,0.654507,0.000075,0.345418
ACTATGTCCAGCTGCC-1,0.000672,0.000168,0.99916
ACTATTCGTCCGTGGT-1,0.052171,0.013026,0.934804
ACTATTTCCGGGCCCA-1,0.003543,0.000885,0.995572
ACTCAACGAATGTATT-1,0.000288,0.177107,0.822605
ACTCAAGTGCAAGGCT-1,0.007176,0.001792,0.991033
ACTCAGACCTGCTTCT-1,0.267695,0.0001,0.732205
ACTCATGGCAGCCTTC-1,0.0094,0.048706,0.941894
ACTCCAATATCATCAT-1,0.001755,0.000438,0.997806
ACTCCCATTCCTAAAG-1,0.003155,0.000788,0.996057
ACTCCCGAATTCGTTT-1,0.130325,0.000123,0.869552
ACTCCCTAGAATAGTA-1,0.505118,0.012549,0.482333
ACTCGATGTATTTCAT-1,0.019138,0.004779,0.976083
ACTCGCCGTTCGATAA-1,0.006444,0.034982,0.958574
ACTCGTAACCCGTCCT-1,0.545109,0.000019,0.454872
ACTCGTCAGTAATCCC-1,0.114022,0.00024,0.885739
ACTCTCTGACTTAGGT-1,0.541089,0.002137,0.456774
ACTCTCTTATACACGA-1,0.001017,0.000254,0.998728
ACTCTTGTATAGTAAC-1,0.247491,0.000165,0.752344
ACTGAAACGCCGTTAG-1,0.008563,0.002139,0.989299
ACTGAATGGCGAAAGT-1,0.453071,0.000187,0.546742
ACTGATTTAGTGATTC-1,0.000214,0.022208,0.977578
ACTGCCCGCCATTCTC-1,0.200007,0.000367,0.799627
ACTGTACGATACACAT-1,0.506216,0.00741,0.486375
ACTGTATACGCGAGCA-1,0.060634,0.000097,0.939269
ACTGTCCAGGATTATA-1,0.165432,0.000068,0.834499
ACTGTCTTCTTTAGAA-1,0.394632,0.000113,0.605255
ACTGTGCTAGTAGATC-1,0.170732,0.001666,0.827602
ACTGTTTAGTGTAGGC-1,0.229059,0.00013,0.770811
ACTTACCGGGCGCGCA-1,0.00137,0.000342,0.998288
ACTTACGCATCCACGC-1,0.262553,0.000649,0.736798
ACTTAGTACGACAAGA-1,0.000473,0.000118,0.999409
ACTTATACTTACCCGG-1,0.658778,0.003452,0.337771
ACTTATCTGATCTATA-1,0.000481,0.430856,0.568663
ACTTATTAGGATCGGT-1,0.430717,0.134902,0.434381
ACTTATTTATGTGCCA-1,0.76758,0.000061,0.232358
ACTTCAGGCTGATCCC-1,0.360068,0.001392,0.63854
ACTTCCATGCGGGACA-1,0.008082,0.00202,0.989899
ACTTCCTGTCGTGCGA-1,0.270613,0.127295,0.602092
ACTTCGCCATACGCAC-1,0.365633,0.000154,0.634213
ACTTGACTCCCTCTTT-1,0.052128,0.013045,0.934827
ACTTGCCATATTGTAC-1,0.169821,0.00008,0.8301
ACTTGGGACCCGGTGG-1,0.187948,0.000141,0.811911
ACTTGTAGTCCCTTCA-1,0.024931,0.006231,0.968838
ACTTGTGGATGGAACG-1,0.816528,0.000703,0.182769
ACTTTACCCTCATGAA-1,0.549907,0.000056,0.450037
ACTTTCCTATAGCTTC-1,0.114522,0.000116,0.885362
ACTTTGACTGCATCCT-1,0.009722,0.002429,0.987849
ACTTTGGTCGTGCTCC-1,0.102501,0.000298,0.897201
ACTTTGTCGACGCACT-1,0.567685,0.006948,0.425367
AGAAATTATGACTCGC-1,0.987416,0.002237,0.010348
AGAACGTGGTACATTC-1,0.833362,0.000759,0.16588
AGAAGAGCGCCGTTCC-1,0.002574,0.000643,0.996783
AGAAGGTACACTTCAC-1,0.237539,0.020942,0.741519
AGAAGGTTGCCGAATT-1,0.4906,0.080774,0.428626
AGAAGGTTGTAGGTCG-1,0.003458,0.000864,0.995678
AGAAGTGATTCGTGAT-1,0.594334,0.000036,0.40563
AGAATAAATCTTCAGG-1,0.000872,0.002941,0.996187
AGAATGCGGGTTCGGA-1,0.000729,0.000182,0.999088
AGAATTATGGATTCGA-1,0.579657,0.009377,0.410967
AGAATTGTTTGACATA-1,0.000949,0.000237,0.998814
AGACAGCTCAGAATCC-1,0.052107,0.01304,0.934853
AGACATAGATCCTTCC-1,0.241771,0.000103,0.758127
AGACCATGGGATACAA-1,0.676098,0.000021,0.323881
AGACCCGCCCTCCTCG-1,0.317935,0.000084,0.681982
AGACCGCTCCGCGGTT-1,0.006521,0.001629,0.99185
AGACCGGGAAACCCTG-1,0.001396,0.000349,0.998255
AGACGAAGTGCCGGTC-1,0.190483,0.000788,0.808729
AGACGACGATGCCGCT-1,0.001857,0.000464,0.997679
AGACGGGATTGGTATA-1,0.000149,0.005042,0.994809
AGACGGGCCGATTTAA-1,0.06194,0.000105,0.937955
AGACTAGCCTTCCAGA-1,0.311942,0.021767,0.666291
AGACTGTTACCGGGTC-1,0.00067,0.000167,0.999163
AGAGAAACACCAGAAA-1,0.001522,0.00038,0.998097
AGAGAACCGTCTAGGA-1,0.562756,0.004306,0.432938
AGAGAAGGAGTACAAT-1,0.055493,0.009989,0.934518
AGAGATCTCTAAAGCG-1,0.299853,0.00009,0.700057
AGAGCAGTTATGAGAC-1,0.146028,0.000105,0.853867
AGAGCCGCCGAGATTT-1,0.380041,0.000413,0.619546
AGAGCGGGCTAATCAT-1,0.613287,0.020059,0.366653
AGAGCGTACAAGCTCG-1,0.785145,0.000023,0.214832
AGAGCTACGAAAGCAT-1,0.001952,0.000488,0.99756
AGAGGCTTCGGAAACC-1,0.059024,0.008812,0.932165
AGAGGTATCTCGGTCC-1,0.132345,0.000084,0.86757
AGAGTAAACTTCACTA-1,0.945205,0.000008,0.054788
AGAGTTAGAGACCGAT-1,0.712515,0.000062,0.287423
AGATAACTTCAGGGCC-1,0.675836,0.044291,0.279873
AGATACCAATAGAACC-1,0.161126,0.00963,0.829245
AGATACCGGTGTTCAC-1,0.526114,0.189402,0.284484
AGATACGACTTCATAT-1,0.143036,0.000075,0.856889
AGATACTCAAGATCGA-1,0.328666,0.000969,0.670366
AGATATAATACGACTA-1,0.011965,0.002986,0.985049
AGATCGTGCATAAGAT-1,0.238768,0.000203,0.761028
AGATCTCAGGTGTGAT-1,0.00075,0.000187,0.999062
AGATGACTCGCCCACG-1,0.357839,0.000083,0.642078
AGATGAGGGTTGCGAT-1,0.108624,0.000149,0.891227
AGATGATGGAGTCTGG-1,0.140333,0.000072,0.859595
AGATGCAAGACGTGCA-1,0.003957,0.000989,0.995054
AGATGCTATAACGAGC-1,0.001089,0.000272,0.998639
AGATTATAGGACGTTT-1,0.649753,0.000108,0.350139
AGATTCAAGCGGGTCG-1,0.443708,0.000122,0.55617
AGATTCACAACCGATA-1,0.090177,0.000585,0.909238
AGCAAAGGCCGCTAGT-1,0.017365,0.004344,0.978291
AGCAACATATCTTATT-1,0.714914,0.000036,0.28505
AGCAACCGAAAGTAAT-1,0.038434,0.00035,0.961217
AGCACACGTTTAGACT-1,0.001765,0.000441,0.997794
AGCACCAGTACTCACG-1,0.376007,0.000076,0.623917
AGCACTACCGGCCTGT-1,0.601162,0.00412,0.394717
AGCACTACCTCACCAG-1,0.013038,0.003258,0.983705
AGCACTTAAGGACGCC-1,0.657035,0.0557,0.287265
AGCAGCCAGATGAATA-1,0.331474,0.000262,0.668264
AGCATATCAATATGCT-1,0.553735,0.000433,0.445832
AGCATCATTTCGAAAG-1,0.389953,0.000323,0.609724
AGCATCGTCGATAATT-1,0.141862,0.000107,0.858031
AGCATTACGAGGCAAG-1,0.005795,0.001449,0.992756
AGCCACAGGTTACCCG-1,0.410602,0.001419,0.587979
AGCCACTCCCGTGCTT-1,0.791414,0.000117,0.20847
AGCCCATACATGTAAG-1,0.852715,0.001578,0.145707
AGCCCGGCATTAGAGG-1,0.306096,0.001731,0.692173
AGCCCGGTAGCCTGTA-1,0.639278,0.000139,0.360583
AGCCCTAAGCGAAGTT-1,0.418785,0.000115,0.5811
AGCCCTCCCTGGTGGC-1,0.302654,0.00399,0.693356
AGCCCTTCTAATCCGA-1,0.004906,0.001226,0.993868
AGCCCTTGGACATCCC-1,0.094481,0.00027,0.90525
AGCCGTGGCTAAATGT-1,0.453984,0.000097,0.545919
AGCCTAATACCCACGT-1,0.004904,0.001225,0.993871
AGCCTTAAAGCGGAAG-1,0.003458,0.000864,0.995679
AGCGACAGGAACGGTC-1,0.294269,0.000119,0.705612
AGCGACATCCCATTCA-1,0.101761,0.000089,0.89815
AGCGACCAACGATATT-1,0.123977,0.000092,0.875931
AGCGAGACGTGAAGGC-1,0.431978,0.000052,0.56797
AGCGATGCGCCTAATA-1,0.007266,0.001815,0.990919
AGCGCATAATGAATCG-1,0.009732,0.002431,0.987837
AGCGCGGGTGCCAATG-1,0.348304,0.02596,0.625737
AGCGCTTATGGGCAAG-1,0.616503,0.000107,0.38339
AGCGGCGGTTAGCGGT-1,0.013983,0.003497,0.982519
AGCGGGAAGGGTCCAT-1,0.088413,0.000119,0.911468
AGCGGTTGAGATGTAC-1,0.439552,0.000228,0.56022
AGCGTACGAGAGCTAG-1,0.000454,0.000114,0.999433
AGCGTAGCGCTAGACC-1,0.000322,0.15542,0.844258
AGCGTCTGAACCCGCA-1,0.185771,0.010479,0.803749
AGCGTGGTATTCTACT-1,0.08202,0.0205,0.89748
AGCGTTCCGATTTAAA-1,0.226726,0.000144,0.77313
AGCTAACAAGCAATGT-1,0.000618,0.000154,0.999227
AGCTAAGTACGCAGGC-1,0.003393,0.000848,0.995758
AGCTAGAAGCAGAAGT-1,0.161869,0.000405,0.837726
AGCTATTTAATCCAAC-1,0.052142,0.013037,0.934821
AGCTCCATATATGTTC-1,0.550355,0.001078,0.448567
AGCTCCTTCGCACATC-1,0.015503,0.003874,0.980622
AGCTCTAGACGTTCCA-1,0.000396,0.000099,0.999505
AGCTCTTCCCAGTGCA-1,0.188059,0.000629,0.811312
AGCTCTTCGTAACCTT-1,0.984482,0.000006,0.015511
AGCTCTTTACTCAGTT-1,0.611793,0.08599,0.302217
AGCTGAAGTAAACCAA-1,0.291562,0.000048,0.70839
AGCTGCATTTGAGGTG-1,0.128929,0.000157,0.870914
AGCTGCTGTGCCGAAT-1,0.278202,0.000613,0.721185
AGCTGTAACCTCAATC-1,0.170668,0.000162,0.829169
AGCTTATAGAGACCTG-1,0.484149,0.004824,0.511028
AGCTTCAATACTTTGA-1,0.037024,0.000154,0.962822
AGCTTCTTCTCGAGCA-1,0.001106,0.000276,0.998618
AGCTTGATCTTAACTT-1,0.561313,0.000043,0.438644
AGGAAAGCCTCTGATG-1,0.006671,0.001667,0.991661
AGGACAGTCGAATCCC-1,0.325585,0.000118,0.674297
AGGACATCGCACGTCG-1,0.000643,0.000161,0.999196
AGGACGACCCATTAGA-1,0.640824,0.007186,0.35199
AGGACGCTCGATGTTG-1,0.00254,0.000634,0.996826
AGGAGGCCTTCGCGCG-1,0.220365,0.000571,0.779063
AGGATATAGGGATTTA-1,0.889868,0.000034,0.110097
AGGATCACGCGATCTG-1,0.003171,0.000792,0.996037
AGGCAAAGAGGAATCA-1,0.552485,0.000149,0.447366
AGGCACGTGACTGTCC-1,0.452305,0.006011,0.541685
AGGCAGATGCGTAAAC-1,0.936534,0.00001,0.063456
AGGCAGGGAGCGTACT-1,0.741122,0.000095,0.258784
AGGCATTGTCGTAGGG-1,0.202966,0.000069,0.796964
AGGCCCAGTGACTGGT-1,0.003316,0.000829,0.995855
AGGCCCATTGTACAGG-1,0.286481,0.009505,0.704014
AGGCCCTAGAACGCCA-1,0.413174,0.004183,0.582643
AGGCCTGAGAATCTCG-1,0.003802,0.00095,0.995248
AGGCGGTTTGTCCCGC-1,0.005413,0.001353,0.993234
AGGCGTCTATGGACGG-1,0.0786,0.00007,0.921331
AGGCTATGGTTAGCTT-1,0.288137,0.000056,0.711807
AGGCTTCCCGAAGAAG-1,0.990091,0.000007,0.009901
AGGCTTGCTAGACACC-1,0.003608,0.000902,0.99549
AGGGAAACGAGGTACT-1,0.001042,0.004494,0.994465
AGGGACAGCACGGCGG-1,0.552329,0.000054,0.447616
AGGGACCGGCTGCGTT-1,0.501786,0.000016,0.498197
AGGGACTCTACGCGAC-1,0.001811,0.000452,0.997737
AGGGAGACATACTTCG-1,0.18778,0.00009,0.81213
AGGGCAGCGGCGTGGT-1,0.114903,0.028727,0.856369
AGGGCGAGCAGCTGAT-1,0.619551,0.000047,0.380401
AGGGCGTGATCGGCTA-1,0.008444,0.000104,0.991452
AGGGTCAGAGCACTCG-1,0.07734,0.000118,0.922542
AGGGTCAGTAACCCTA-1,0.031768,0.003158,0.965074
AGGGTCGATGCGAACT-1,0.040531,0.01136,0.948109
AGGGTGCCGTTCTTTA-1,0.000681,0.00017,0.999148
AGGGTGCTCTCGAGGG-1,0.429739,0.108927,0.461335
AGGGTGGATAGTGCAT-1,0.003797,0.019089,0.977114
AGGGTTCAGACGGTCC-1,0.000829,0.000207,0.998963
AGGGTTCCCTTTGGTT-1,0.385424,0.003039,0.611537
AGGGTTTAGTTCGGGA-1,0.556057,0.041069,0.402874
AGGTAACCTCCTATTC-1,0.166592,0.008041,0.825368
AGGTACGATATTGCCA-1,0.985151,0.004944,0.009905
AGGTAGATCGAGATAT-1,0.100568,0.000109,0.899323
AGGTAGGTACAAAGCT-1,0.812697,0.006393,0.18091
AGGTATAATTGATAGT-1,0.519044,0.13033,0.350626
AGGTCAGGTGAGAGTG-1,0.001157,0.000289,0.998554
AGGTCGCCACTTCGGT-1,0.000355,0.064932,0.934713
AGGTCGCGGAGTTACT-1,0.205524,0.000123,0.794353
AGGTGTATCGCCATGA-1,0.562074,0.00007,0.437856
AGGTTACACCATGCCG-1,0.474977,0.008331,0.516692
AGGTTGAGGCACGCTT-1,0.99697,0.00101,0.002021
AGTAACGTTCATCCTG-1,0.619718,0.003613,0.37667
AGTAATGTCTTGCCGC-1,0.325019,0.000146,0.674835
AGTACAGAAGCTTATA-1,0.37821,0.00165,0.620139
AGTACATCATTTATCA-1,0.209171,0.000082,0.790747
AGTACCTTCGAGTGCT-1,0.245362,0.000164,0.754473
AGTACGGCCCGTATCG-1,0.006597,0.001648,0.991754
AGTACGGGCACCTGGC-1,0.677039,0.002191,0.320769
AGTACGTGGCCTGTCT-1,0.001055,0.000264,0.998681
AGTACTCTTATGCCCA-1,0.004864,0.001215,0.993921
AGTAGCGTGAACGAAC-1,0.001946,0.01174,0.986314
AGTAGCTAGACGCCGA-1,0.152244,0.000143,0.847613
AGTAGGAAGGAAGTTG-1,0.003905,0.000976,0.99512
AGTAGGTAACATACAT-1,0.25958,0.002166,0.738255
AGTATAATACTAGGCA-1,0.103813,0.000412,0.895775
AGTATACACAGCGACA-1,0.000936,0.000234,0.99883
AGTATCCATAATAACG-1,0.000275,0.034241,0.965485
AGTATGCTGGAGACCA-1,0.002207,0.000551,0.997242
AGTATTTGGCACGACC-1,0.279647,0.000152,0.720201
AGTCAAATGATGTGAT-1,0.030112,0.00012,0.969768
AGTCAACACCACCATC-1,0.744188,0.063314,0.192498
AGTCAAGATGACACTT-1,0.214693,0.000105,0.785202
AGTCACTAGCTCTCGA-1,0.007262,0.001815,0.990923
AGTCACTCCGCCTCAT-1,0.000252,0.999622,0.000126
AGTCAGCCACCGCCTG-1,0.253369,0.000055,0.746576
AGTCCAGCGGGTACGT-1,0.003676,0.000919,0.995405
AGTCCATTGGCTGATG-1,0.947672,0.000023,0.052305
AGTCCCGCCTTTAATT-1,0.004416,0.001103,0.994481
AGTCGACGGTCTCAAG-1,0.979549,0.000239,0.020212
AGTCGGCTCAACTTTA-1,0.769875,0.000027,0.230098
AGTCGGTTGCGTGAGA-1,0.399694,0.000027,0.60028
AGTCGTATAAAGCAGA-1,0.427594,0.000623,0.571783
AGTCGTCGACCACCAA-1,0.131418,0.001129,0.867453
AGTCGTGGGCATTACG-1,0.018904,0.000172,0.980924
AGTCTAAAGTATACTC-1,0.322996,0.000076,0.676928
AGTCTCACAAGACTAC-1,0.00096,0.00024,0.9988
AGTCTGGACATCCTTG-1,0.001347,0.000337,0.998316
AGTCTTCTCCTCAAAT-1,0.462715,0.000076,0.537209
AGTCTTTAAAGTGTCC-1,0.000936,0.000234,0.99883
AGTGAACAAACTTCTC-1,0.150941,0.000044,0.849015
AGTGACCTACTTTACG-1,0.948159,0.000691,0.051149
AGTGACTGTGACACAA-1,0.000953,0.000238,0.998809
AGTGAGACTTCCAGTA-1,0.342696,0.030125,0.627179
AGTGAGCCTCGCCGCC-1,0.029602,0.00026,0.970138
AGTGAGGGTTTCTGAC-1,0.35771,0.000184,0.642107
AGTGAGTCGAATTAAC-1,0.184612,0.001862,0.813526
AGTGATAACCTGCGCG-1,0.46378,0.000514,0.535706
AGTGATATGAGTAGTT-1,0.80049,0.000024,0.199486
AGTGATTCAAGCAGGA-1,0.815469,0.003514,0.181016
AGTGCACGCTTAAGAA-1,0.172095,0.000597,0.827308
AGTGCGTAGCTCGTAA-1,0.912676,0.000014,0.08731
AGTGCTAAACACAGCA-1,0.022781,0.000221,0.976998
AGTGCTTGCACGAATA-1,0.624467,0.008129,0.367404
AGTGGCGGCAATTTGA-1,0.269127,0.004253,0.72662
AGTGGCGTCTGAAGGT-1,0.011942,0.002987,0.985071
AGTGGCTCCGTCGGCC-1,0.00113,0.006204,0.992666
AGTGGTGTTACCCGTG-1,0.210579,0.006387,0.783034
AGTGGTTGCGTATAGG-1,0.001169,0.000292,0.998539
AGTGTATTGCGCATTG-1,0.002658,0.000664,0.996678
AGTGTGCTAAGATCGC-1,0.969216,0.010252,0.020532
AGTGTGGTCTATTGTG-1,0.278919,0.000083,0.720998
AGTTAAACACTTGCGA-1,0.594755,0.079276,0.325969
AGTTAAGCGGTCCCGG-1,0.509134,0.000113,0.490753
AGTTAAGTCAACCGCT-1,0.000984,0.000246,0.99877
AGTTACCCTTAAGACT-1,0.170898,0.001214,0.827887
AGTTACCGCACATGGT-1,0.005979,0.04768,0.946341
AGTTACTCTATCGTGG-1,0.406462,0.000082,0.593456
AGTTATTGAAAGGTAA-1,0.095524,0.02387,0.880605
AGTTCACCGGTTGGAC-1,0.041007,0.010232,0.948762
AGTTCCTACAGAATTA-1,0.420317,0.000079,0.579604
AGTTCTGCGTTGTATC-1,0.001406,0.000351,0.998242
AGTTGACATCGGCTGG-1,0.000406,0.000101,0.999492
AGTTGCTGACTGATAT-1,0.001542,0.000385,0.998072
AGTTGGCAAGGCTAGA-1,0.093281,0.000223,0.906497
AGTTTGCACCTGCCTC-1,0.002286,0.000571,0.997143
AGTTTGGCACGGGTTG-1,0.000517,0.00013,0.999353
AGTTTGGCCAGACCTA-1,0.842341,0.000024,0.157636
ATAAACGGACCCGTAA-1,0.949764,0.000005,0.050231
ATAAACGTTGCACCAC-1,0.006592,0.001648,0.99176
ATAAAGGCTCGGTCGT-1,0.051856,0.007498,0.940645
ATAAAGGTCAAGTACG-1,0.000589,0.000147,0.999263
ATAAATATTAGCAGCT-1,0.708242,0.000018,0.29174
ATAACGCCGGAGGGTC-1,0.550349,0.000037,0.449614
ATAACGGAGTCCAACG-1,0.003513,0.012792,0.983695
ATAACGTTACCTCCAC-1,0.134129,0.000107,0.865764
ATAAGGTGGAGAACAT-1,0.84054,0.005314,0.154146
ATAAGTACCCGATTGT-1,0.024337,0.000087,0.975576
ATAAGTAGGATTCAGA-1,0.063417,0.000157,0.936426
ATAAGTAGGGCGACTC-1,0.645975,0.003444,0.350581
ATAAGTTACCGCGACG-1,0.514523,0.000075,0.485401
ATAATACCGTTAGCCG-1,0.310611,0.000109,0.68928
ATAATAGCTGTTGAAT-1,0.850852,0.008735,0.140412
ATAATAGTGTAGGGAC-1,0.105023,0.000071,0.894906
ATAATCTTGGAGAACC-1,0.000829,0.000207,0.998964
ATACAGGCCCTCCAAT-1,0.900913,0.002313,0.096773
ATACCACGGGCAACTT-1,0.889691,0.000012,0.110297
ATACCAGGCTAATAGA-1,0.393019,0.007684,0.599297
ATACCAGGTGAGCGAT-1,0.459863,0.000053,0.540084
ATACCCTGGCTCAAAT-1,0.00764,0.001911,0.990449
ATACCGTCATCCATAA-1,0.25284,0.000122,0.747038
ATACGACAGATGGGTA-1,0.400292,0.038368,0.56134
ATACGCCGATCTACCG-1,0.000492,0.345856,0.653653
ATACGCCGGCGAAACC-1,0.083475,0.000212,0.916313
ATACGGAACGTCGTTT-1,0.134078,0.001054,0.864868
ATACGGGTTTCGATTG-1,0.786808,0.000032,0.21316
ATACGGTGAAGATGCA-1,0.004665,0.001166,0.994169
ATACGTACTTAGCCAC-1,0.003633,0.031699,0.964668
ATACGTCCACTCCTGT-1,0.600689,0.001904,0.397407
ATACTACCCGTACCAC-1,0.169182,0.019421,0.811397
ATACTAGCATGACCCT-1,0.107838,0.000095,0.892067
ATACTCTCGCCACTCT-1,0.246168,0.000086,0.753746
ATACTGCCTTACACCG-1,0.005625,0.001406,0.99297
ATACTTGTTCTCGAGC-1,0.008696,0.002173,0.989131
ATAGACAACGGGACCT-1,0.639974,0.084007,0.276018
ATAGACGAAGAGAAAG-1,0.655708,0.010703,0.333588
ATAGAGTACTGGGACA-1,0.377226,0.000082,0.622692
ATAGAGTTATCAACTT-1,0.518713,0.397187,0.084099
ATAGCAACTAGGGAAG-1,0.183629,0.000395,0.815976
ATAGCCTCAGTACCCA-1,0.000781,0.000195,0.999024
ATAGCTGCTCTTGTTA-1,0.024912,0.00623,0.968858
ATAGGAATCTAAGCTT-1,0.209568,0.039443,0.750989
ATAGGCGGCTATAGAA-1,0.678767,0.03903,0.282204
ATAGGCTAGCTTCGCA-1,0.316308,0.000216,0.683476
ATAGGGATATCCTTGA-1,0.162643,0.000332,0.837025
ATAGGTTGGGCAGATG-1,0.037758,0.000121,0.96212
ATAGTGAAGCGTTCTC-1,0.540397,0.000041,0.459562
ATAGTTCCACCCACTC-1,0.625024,0.00178,0.373196
ATATAAATGTAGCTGC-1,0.655395,0.000406,0.344199
ATATAACACGGGCGCA-1,0.003187,0.000796,0.996017
ATATACGCTCGTGACG-1,0.550254,0.000158,0.449588
ATATCAACCTACAGAG-1,0.522013,0.000037,0.47795
ATATCGGTAGGGAGAT-1,0.719756,0.000012,0.280232
ATATCGTGCCAGACCC-1,0.000223,0.0167,0.983077
ATATCGTTCCTCGAAC-1,0.003497,0.000874,0.995629
ATATCTCCCTCGTTAA-1,0.937655,0.000059,0.062286
ATATCTTAGGGCCTTC-1,0.415523,0.098287,0.48619
ATATGTCTCCCTAGCC-1,0.428887,0.32435,0.246762
ATATTCAGTTAAACCT-1,0.807446,0.001828,0.190726
ATATTCCACATAGTGA-1,0.423518,0.000254,0.576228
ATATTGCTGTCAAAGT-1,0.156829,0.000077,0.843094
ATATTTAACCCTCAAG-1,0.246548,0.004112,0.749339
ATCAAACACTGTTCCA-1,0.302988,0.00028,0.696733
ATCAAACGAAGGTTTG-1,0.743404,0.000019,0.256578
ATCAATGCCGTGGCTG-1,0.004662,0.001166,0.994172
ATCACATTAGAATATC-1,0.685176,0.00002,0.314804
ATCACGTGCTAATTAA-1,0.983989,0.000007,0.016004
ATCAGACGGCACGCCG-1,0.86157,0.001848,0.136581
ATCAGCCTCATGCTGC-1,0.020009,0.001526,0.978466
ATCAGCTCGTCCACTA-1,0.000879,0.00022,0.998901
ATCAGGTCGCCATTGC-1,0.00156,0.00039,0.998051
ATCAGTAGGCAGGGAT-1,0.454921,0.000102,0.544977
ATCATAGCCCTATGTA-1,0.010628,0.002657,0.986715
ATCATCCAATATTTGT-1,0.702583,0.019426,0.277991
ATCATCTGCCCAGTGT-1,0.203501,0.023655,0.772843
ATCCAACGCAGTCATA-1,0.498979,0.010655,0.490365
ATCCAATGGAGGGTCC-1,0.969497,0.000617,0.029886
ATCCAATGGTACCGAA-1,0.107736,0.000624,0.89164
ATCCACATCGACAGAA-1,0.005464,0.001366,0.99317
ATCCACGCTAAATGTT-1,0.342173,0.008222,0.649605
ATCCACTTTCAGACTA-1,0.207337,0.011162,0.781501
ATCCAGAGCAACAACC-1,0.260587,0.007588,0.731825
ATCCAGGATTCGTGAA-1,0.675215,0.074986,0.2498
ATCCCATCCACAGCGC-1,0.163682,0.000634,0.835684
ATCCTACCTAAGCTCT-1,0.780988,0.000019,0.218993
ATCCTGAATCGCTGCG-1,0.523164,0.000644,0.476192
ATCCTGCGTGGAATGG-1,0.714772,0.001013,0.284215
ATCCTGCTGCAGATAG-1,0.237225,0.109429,0.653346
ATCGACCCAATACAGA-1,0.548383,0.034898,0.416718
ATCGACTCTTTCCGTT-1,0.00888,0.000114,0.991007
ATCGCACGATTGTTCA-1,0.003187,0.016582,0.980231
ATCGCACGCCGGGAGA-1,0.272447,0.000099,0.727454
ATCGCCAGTCAACATT-1,0.293267,0.000097,0.706636
ATCGCTGCGTGCAGCA-1,0.056347,0.000054,0.943599
ATCGGAGACAGACGGC-1,0.000682,0.000171,0.999147
ATCGGCAAGCAGTCCA-1,0.294762,0.000418,0.70482
ATCGGTTACCTAGTAA-1,0.007546,0.001886,0.990568
ATCGTCCAATCGAGTC-1,0.00775,0.001938,0.990312
ATCGTGGAAAGTCTGG-1,0.007447,0.001861,0.990691
ATCGTTAGCTAGCGGA-1,0.010252,0.002561,0.987187
ATCGTTCACTTTCGCC-1,0.000755,0.021882,0.977362
ATCTCATAAACCTACC-1,0.362637,0.005055,0.632308
ATCTCCCACGGAATAT-1,0.002914,0.000728,0.996358
ATCTCCCTGCAATCTA-1,0.023012,0.005738,0.97125
ATCTCGTGAGCGAAAC-1,0.796475,0.006822,0.196703
ATCTGACATGGAAGGA-1,0.000564,0.000141,0.999295
ATCTGATAGTGTCTTA-1,0.028634,0.007168,0.964198
ATCTGCACCTCTGCGA-1,0.23332,0.00023,0.766451
ATCTGGTTAAGACTGT-1,0.934143,0.000018,0.065839
ATCTGTAATTGTACCC-1,0.319058,0.017516,0.663426
ATCTTATCGCACACCC-1,0.544773,0.000325,0.454902
ATCTTGACCTGCAACG-1,0.366508,0.000075,0.633417
ATCTTGACTTGTCCAA-1,0.123058,0.000218,0.876723
ATGAAGCCAAGGAGCC-1,0.108915,0.000104,0.890981
ATGACGCCGGCTCTAA-1,0.339004,0.000109,0.660887
ATGACGCGTTCTATCC-1,0.000782,0.000195,0.999023
ATGACTATCAGCTGTG-1,0.438571,0.000252,0.561177
ATGACTATGCGACATT-1,0.144935,0.000323,0.854742
ATGAGGAGTGTTAATC-1,0.205555,0.000171,0.794274
ATGATCGGGAATAGAC-1,0.419276,0.000134,0.580589
ATGATGCAATGGTACA-1,0.692075,0.003826,0.304099
ATGCACCTTCCTTAAT-1,0.047759,0.011946,0.940294
ATGCACTACCGCATTG-1,0.116004,0.00011,0.883886
ATGCATGATCCAGGAT-1,0.006439,0.000093,0.993468
ATGCATTCCGTGATGG-1,0.159851,0.000086,0.840064
ATGCCAATCGCTCTGC-1,0.292718,0.000145,0.707137
ATGCCATTTGCGACCA-1,0.902137,0.000656,0.097207
ATGCCGGTCTTGCATA-1,0.206626,0.000133,0.793241
ATGCCGGTTGATGGGA-1,0.684578,0.001928,0.313494
ATGCGACAATTGGTCC-1,0.35033,0.000376,0.649294
ATGCGACAGTCCCATT-1,0.034742,0.000201,0.965057
ATGCGAGTCCCACCAC-1,0.000506,0.000127,0.999368
ATGCTCAGTGTTGCAT-1,0.935192,0.001147,0.063661
ATGCTCTGGCGCGGTA-1,0.078627,0.000122,0.92125
ATGCTTAGGAGTTGAT-1,0.239283,0.000199,0.760518
ATGGAACAGAATAAAC-1,0.296112,0.022151,0.681737
ATGGATCCGGCGTCCG-1,0.67126,0.000091,0.328649
ATGGATTGACCAAACG-1,0.096967,0.000093,0.902941
ATGGCAGCATTACGAT-1,0.003241,0.00081,0.995949
ATGGCAGCCGAGAAAC-1,0.006669,0.001666,0.991665
ATGGCTGGAAATGGCC-1,0.563982,0.008432,0.427586
ATGGGAACGGAAGCGG-1,0.147061,0.000229,0.85271
ATGGGACCTGCTGAAC-1,0.003955,0.024999,0.971046
ATGGGCCTCGGCCTCT-1,0.803277,0.001011,0.195713
ATGGGTGTATACCTCC-1,0.001972,0.000493,0.997535
ATGGTCGCGTGGTTTC-1,0.939713,0.00001,0.060277
ATGGTGCTCAAAGCCA-1,0.088592,0.000077,0.911331
ATGGTTACGAAACATG-1,0.213147,0.020349,0.766504
ATGTAAGGCTGCTCTT-1,0.589988,0.000025,0.409987
ATGTACATGCGGTGAG-1,0.791589,0.000125,0.208287
ATGTAGCGCGCGTAGG-1,0.001612,0.000403,0.997985
ATGTGAAAGCCTAATG-1,0.003137,0.000784,0.99608
ATGTGCATCCGACGCA-1,0.258941,0.000097,0.740962
ATGTGGACATCTTGAT-1,0.035857,0.008961,0.955182
ATGTTACGAGCAATAC-1,0.116216,0.000057,0.883726
ATGTTCCTGCCCACCT-1,0.081958,0.020468,0.897574
ATGTTCGTCGACCCAC-1,0.386114,0.000077,0.613809
ATGTTGATTAGAGACT-1,0.001042,0.00026,0.998698
ATGTTGTAGTCTGTTT-1,0.250873,0.000089,0.749038
ATGTTTGTAAGATCAT-1,0.138954,0.000127,0.860919
ATTAAACATGCGGACC-1,0.395831,0.000042,0.604127
ATTAATACTACGCGGG-1,0.171533,0.000097,0.828369
ATTAATGAACCAGTCG-1,0.59354,0.000065,0.406395
ATTACAACTACCGGCC-1,0.000765,0.000191,0.999043
ATTACATGTCAGTCTT-1,0.262982,0.000913,0.736105
ATTACGCGCTGGCAGG-1,0.904255,0.000016,0.095728
ATTACTAGCCTCTTGC-1,0.065865,0.007172,0.926962
ATTACTTACTGGGCAT-1,0.223052,0.000182,0.776767
ATTAGATTCCTCAGCA-1,0.139918,0.00947,0.850612
ATTAGATTGATAGCGG-1,0.00056,0.00014,0.9993
ATTAGGCGATGCTTTC-1,0.002029,0.010936,0.987035
ATTATACTTTGCTCGT-1,0.004668,0.029615,0.965717
ATTATAGCTACTTTAC-1,0.439747,0.000121,0.560132
ATTATGCCATAGGGAG-1,0.464646,0.000097,0.535258
ATTATTATGTCCGTCA-1,0.003023,0.000755,0.996223
ATTATTCAGAGTCACT-1,0.003773,0.000943,0.995284
ATTCAACCATTTAAGG-1,0.449268,0.000333,0.550399
ATTCAGATGAATCCCT-1,0.221646,0.013193,0.765161
ATTCAGGACCTATTTC-1,0.174548,0.000172,0.82528
ATTCAGGATCGCCTCT-1,0.412444,0.009852,0.577703
ATTCAGTAGCAGGGTC-1,0.519702,0.00004,0.480258
ATTCATATACTGTCCA-1,0.526111,0.000039,0.473849
ATTCATCGTTGAGGCA-1,0.138718,0.001793,0.85949
ATTCCCACATAAACAA-1,0.905351,0.000012,0.094637
ATTCCTAAGACGTGGA-1,0.066774,0.000146,0.93308
ATTCCTCCGCCAGTGC-1,0.56156,0.0001,0.43834
ATTCCTTCCAGGCGGT-1,0.279524,0.000068,0.720409
ATTCGACGCCGGGCCT-1,0.833768,0.000015,0.166217
ATTCGCGCCTTGAGAG-1,0.244783,0.000138,0.755079
ATTCGTGCTATCTCTT-1,0.258808,0.029463,0.711729
ATTCTCGTCTCTTTAG-1,0.078053,0.000112,0.921835
