Barcode,Topic 1,Topic 2,Topic 3to7
AAACAAGTATCTCCCA-1,0.000815,0.000813,0.998371
AAACACCAATAACTGC-1,0.00044,0.000439,0.999121
AAACAGCTTTCAGAAG-1,0.000183,0.002537,0.99728
AAACAGGGTCTATATT-1,0.000432,0.000434,0.999134
AAACATGGTGAGAGGA-1,0.013028,0.013015,0.973958
AAACATTTCCCGGATT-1,0.000952,0.000948,0.9981
AAACCCGAACGAAATC-1,0.000278,0.00028,0.999442
AAACCGGAAATGTTAA-1,0.000259,0.000259,0.999482
AAACCGGGTAGGTACC-1,0.000312,0.031502,0.968186
AAACCGTTCGTCCAGG-1,0.005316,0.0053,0.989384
AAACCTAAGCAGCCGG-1,0.014304,0.138462,0.847234
AAACCTCATGAAGTTG-1,0.000346,0.000346,0.999308
AAACGAAGATGGAGTA-1,0.000368,0.000367,0.999265
AAACGAGACGGTTGAT-1,0.061694,0.078333,0.859973
AAACGGGCGTACGGGT-1,0.081254,0.005964,0.912783
AAACTCGGTTCGCAAT-1,0.000885,0.000884,0.998231
AAACTCGTGATATAAG-1,0.011935,0.011934,0.976131
AAACTGCTGGCTCCAA-1,0.050254,0.000284,0.949462
AAACTTAATTGCACGC-1,0.005123,0.005113,0.989765
AAACTTGCAAACGTAT-1,0.000476,0.000474,0.99905
AAAGAATGACCTTAGA-1,0.052709,0.025832,0.921459
AAAGACTGGGCGCTTT-1,0.000432,0.000431,0.999137
AAAGCTTGCCTACATA-1,0.005999,0.005963,0.988038
AAAGGGATGTAGCAAG-1,0.000824,0.000822,0.998353
AAAGGGCAGCTTGAAT-1,0.000588,0.000587,0.998825
AAAGTAGCATTGCTCA-1,0.000497,0.000495,0.999008
AAAGTCACTGATGTAA-1,0.000581,0.028107,0.971312
AAAGTCGACCCTCAGT-1,0.000317,0.000316,0.999367
AAAGTGCCATCAATTA-1,0.021857,0.000994,0.977149
AAAGTGTGATTTATCT-1,0.142857,0.142857,0.714286
AAAGTTGACTCCCGTA-1,0.010219,0.010236,0.979544
AAATAAGGTAGTGCCC-1,0.048357,0.000332,0.95131
AAATACCTATAAGCAT-1,0.062183,0.013742,0.924076
AAATAGCTTAGACTTT-1,0.017862,0.017896,0.964243
AAATAGGGTGCTATTG-1,0.071843,0.063561,0.864596
AAATCCGATACACGCC-1,0.004216,0.004209,0.991575
AAATCGCGGAAGGAGT-1,0.000547,0.000546,0.998907
AAATCGTGTACCACAA-1,0.032123,0.000446,0.967431
AAATCTAGCCCTGCTA-1,0.000498,0.000497,0.999005
AAATGATTCGATCAGC-1,0.008978,0.008949,0.982073
AAATGCTCGTTACGTT-1,0.002814,0.036506,0.96068
AAATGGCATGTCTTGT-1,0.004789,0.00477,0.990441
AAATGGCCCGTGCCCT-1,0.034008,0.000287,0.965704
AAATGGTCAATGTGCC-1,0.003331,0.003329,0.993341
AAATGTATCTTATCCC-1,0.000414,0.028008,0.971579
AAATTAACGGGTAGCT-1,0.001186,0.001183,0.997631
AAATTAATAAGCGCGA-1,0.000278,0.000277,0.999446
AAATTACCTATCGATG-1,0.025462,0.124304,0.850234
AAATTCCAGGTCCAAA-1,0.000288,0.000292,0.99942
AAATTGATAGTCCTTT-1,0.001667,0.001665,0.996668
AAATTTGCGGGTGTGG-1,0.000475,0.000476,0.999049
AACAACTGGTAGTTGC-1,0.000453,0.000452,0.999096
AACAATACATTGTCGA-1,0.000598,0.095062,0.90434
AACAATTACTCTACGC-1,0.000503,0.000507,0.99899
AACACACGCTCGCCGC-1,0.002396,0.002385,0.995219
AACACGACTGTACTGA-1,0.001271,0.001267,0.997462
AACACGAGACGCGGCC-1,0.000478,0.000477,0.999045
AACAGCTGTGTGGCAA-1,0.000739,0.016467,0.982794
AACAGGAAATCGAATA-1,0.018016,0.017905,0.96408
AACAGGATGGGCCGCG-1,0.000383,0.000382,0.999236
AACAGGTAGTATGGAT-1,0.000759,0.000757,0.998483
AACATATCAACTGGTG-1,0.001283,0.027725,0.970992
AACCAAGACTTCTCTG-1,0.000502,0.000501,0.998998
AACCCAGAGACGGAGA-1,0.000377,0.000377,0.999246
AACCCATCCCATGATC-1,0.000418,0.009039,0.990543
AACCCGAGCAGAATCG-1,0.00049,0.000489,0.999022
AACCCTACTGTCAATA-1,0.012239,0.011942,0.975819
AACCGAGCTTGGTCAT-1,0.001121,0.001119,0.997761
AACCGCTAAGGGATGC-1,0.004623,0.004617,0.99076
AACCGTTGTGTTTGCT-1,0.014333,0.014323,0.971344
AACCTCGCTTTAGCCC-1,0.001795,0.001789,0.996416
AACCTGTCACGGAATT-1,0.000256,0.000255,0.999489
AACCTTTAAATACGGT-1,0.00208,0.002074,0.995845
AACGAAAGTCGTCCCA-1,0.028323,0.000471,0.971206
AACGATAATGCCGTAG-1,0.007783,0.000109,0.992108
AACGATAGAAGGGCCG-1,0.139234,0.006825,0.853942
AACGATATGTCAACTG-1,0.000643,0.0112,0.988156
AACGCATGATCTGGGT-1,0.04069,0.113022,0.846288
AACGCGGTCTCCAGCC-1,0.00078,0.00778,0.991439
AACGCTGTTGCTGAAA-1,0.001119,0.001119,0.997762
AACGGACGTACGTATA-1,0.028697,0.028607,0.942696
AACGGCCATCTCCGGT-1,0.001214,0.223783,0.775002
AACGTACTGTGGGTAC-1,0.001095,0.035548,0.963357
AACGTCAGACTAGTGG-1,0.000446,0.000449,0.999106
AACGTGCGAAAGTCTC-1,0.116706,0.000453,0.882841
AACGTTATCAGCACCT-1,0.00097,0.047781,0.951248
AACTACCCGTTTGTCA-1,0.001435,0.001432,0.997134
AACTAGGCTTGGGTGT-1,0.000633,0.086254,0.913113
AACTCAAGTTAATTGC-1,0.000717,0.000716,0.998567
AACTCCAGAGCGTGTT-1,0.184966,0.004774,0.81026
AACTCTCAATAGAGCG-1,0.014327,0.014328,0.971344
AACTCTCAGTGTGCTC-1,0.001934,0.023706,0.97436
AACTGAGTTATACTGA-1,0.000328,0.000327,0.999346
AACTGATATTAGGCCT-1,0.02383,0.023867,0.952303
AACTGGGTCCCGACGT-1,0.001792,0.001789,0.996419
AACTTCTGCGTCTATC-1,0.002925,0.002922,0.994153
AACTTGCCCGTATGCA-1,0.000439,0.000438,0.999123
AACTTTACGGGAGCTT-1,0.000308,0.00627,0.993421
AACTTTCTCGATCATG-1,0.016144,0.015899,0.967958
AAGAAATCACCAGATT-1,0.006245,0.006223,0.987532
AAGACCAAATAACTCA-1,0.000839,0.000837,0.998324
AAGAGATGAATCGGTA-1,0.000364,0.000363,0.999273
AAGAGCTCTTTATCGG-1,0.00142,0.001418,0.997162
AAGAGGATGTACGCGA-1,0.00048,0.066189,0.933332
AAGAGGCATGGATCGC-1,0.000789,0.025917,0.973294
AAGAGGCCCTTTGGAA-1,0.000495,0.000494,0.999011
AAGATGGCACCGGACC-1,0.000756,0.069981,0.929263
AAGATTGGCGGAACGT-1,0.002562,0.240463,0.756975
AAGCACCCTGCGTATC-1,0.000361,0.000361,0.999278
AAGCATACTCTCCTGA-1,0.063838,0.001061,0.935101
AAGCCGAAGCGGTTTA-1,0.000826,0.000823,0.998351
AAGCCGCTTTACCTTG-1,0.020417,0.020446,0.959137
AAGCCGGAGAGCAGGA-1,0.000167,0.004788,0.995045
AAGCGCAGGGCTTTGA-1,0.000248,0.000247,0.999505
AAGCGTCCCTCATCGA-1,0.001102,0.001102,0.997797
AAGCTAGATCGAGTAA-1,0.18164,0.019974,0.798385
AAGCTCGTGCCAAGTC-1,0.09825,0.000489,0.901261
AAGCTCTTTCATGGTG-1,0.00184,0.001835,0.996325
AAGGAGCGGTTGGTGC-1,0.001279,0.001278,0.997443
AAGGATCGATCGCTTG-1,0.015916,0.015904,0.96818
AAGGATGAGGGACCTC-1,0.001316,0.008672,0.990012
AAGGCAGGCTGTCTCC-1,0.000325,0.000325,0.99935
AAGGCGCGTAAAGCTT-1,0.000353,0.000353,0.999294
AAGGCTGTGCTCATCG-1,0.001046,0.001045,0.997909
AAGGGAACGACTGGCT-1,0.017895,0.017881,0.964224
AAGGGACAGATTCTGT-1,0.00068,0.121133,0.878187
AAGGGACTATGCATTC-1,0.011911,0.011924,0.976164
AAGGGTTTGATTTCAG-1,0.00082,0.000818,0.998361
AAGGTATCCTAATATA-1,0.075465,0.249919,0.674617
AAGGTGATAAACCAGC-1,0.002182,0.002169,0.995649
AAGTAGAAGACCGGGT-1,0.006835,0.006816,0.986349
AAGTAGTGACGCGAGG-1,0.000674,0.006795,0.992531
AAGTCAATTGTCGTCA-1,0.028599,0.028702,0.942699
AAGTCTAGTAGCTGCC-1,0.013029,0.013013,0.973958
AAGTCTTCTGTGGCCT-1,0.000546,0.023743,0.975711
AAGTGACGACCGAATT-1,0.000357,0.000358,0.999285
AAGTGCAAAGGTAGAC-1,0.000356,0.000355,0.999288
AAGTGCCTTGACTGTA-1,0.154893,0.020441,0.824666
AAGTGCGTTAGAATCT-1,0.000354,0.004328,0.995319
AAGTGTTTGGAGACGG-1,0.000849,0.000847,0.998304
AAGTTCACTCCAAGCT-1,0.011938,0.152525,0.835536
AAGTTCAGTCTGCGTA-1,0.002313,0.00231,0.995377
AAGTTCGGCCAACAGG-1,0.000383,0.000382,0.999236
AAGTTGTGATGTTATA-1,0.000845,0.000842,0.998313
AAGTTTATGGGCCCAA-1,0.00107,0.022114,0.976816
AATAACAACGCTCGGC-1,0.0004,0.000399,0.999201
AATAACACTAGAACAA-1,0.001041,0.001037,0.997922
AATAATCTTCGTATCG-1,0.000349,0.000348,0.999303
AATACAATGTTTCAGG-1,0.000402,0.000401,0.999197
AATAGAACAGAGTGGC-1,0.000576,0.109365,0.890059
AATAGAATCTGTTTCA-1,0.000957,0.000954,0.998089
AATAGCTACCGCGTGC-1,0.001963,0.019572,0.978465
AATAGTCGCGAGTCGG-1,0.000284,0.000283,0.999433
AATATCCTAGCAAACT-1,0.000388,0.000388,0.999224
AATATCGAATCAATGC-1,0.002078,0.002074,0.995847
AATATCGAGGGTTCTC-1,0.004482,0.004477,0.991041
AATATTGGAGTATTGA-1,0.000573,0.000578,0.998849
AATCATGTAAAGACTC-1,0.000647,0.000653,0.9987
AATCCAAGGGCCTGAG-1,0.001941,0.001934,0.996125
AATCGCCTCAGCGCCA-1,0.034381,0.000588,0.965031
AATCGCGCAGAGGACT-1,0.000388,0.000387,0.999225
AATCGGGACACTACGA-1,0.000892,0.017296,0.981813
AATCGTGAGCCGAGCA-1,0.001751,0.001746,0.996502
AATCTAGGTTTACTTG-1,0.000602,0.000599,0.998799
AATCTATGCCGGAGCC-1,0.198997,0.011921,0.789081
AATCTCTACTGTGGTT-1,0.000345,0.000344,0.999311
AATCTGCGTTGGGACG-1,0.001527,0.034012,0.964461
AATCTGGCTTTCTAGT-1,0.04004,0.014888,0.945072
AATGACAGCAATGTCT-1,0.00049,0.000488,0.999021
AATGACGTAGGATGTC-1,0.08619,0.000177,0.913634
AATGACTGTCAGCCGG-1,0.00194,0.001935,0.996125
AATGATGATACGCTAT-1,0.002243,0.024715,0.973042
AATGATGCGACTCCTG-1,0.001847,0.221502,0.776651
AATGCAACCGGGTACC-1,0.000773,0.000769,0.998458
AATGCACCAAGCAATG-1,0.001155,0.001155,0.99769
AATGGTCCACCGTTCA-1,0.000554,0.000553,0.998894
AATGGTTCTCACAAGC-1,0.000483,0.016997,0.98252
AATGTGCCCGAGGTGT-1,0.001629,0.01542,0.982952
AATGTTAAGACCCTGA-1,0.001886,0.0208,0.977314
AATTAAAGGTCGGCGT-1,0.000937,0.006081,0.992981
AATTAACGGATTTCCA-1,0.160854,0.002982,0.836164
AATTACGAGACCCATC-1,0.000584,0.000587,0.998829
AATTAGCGCTGCAGCG-1,0.000855,0.000852,0.998293
AATTCATAAGGGATCT-1,0.006816,0.081753,0.91143
AATTCATTGTCATGCA-1,0.024111,0.023876,0.952013
AATTCGATTCGAGGAT-1,0.018558,0.000277,0.981164
AATTCTAGAGTTAGGC-1,0.000933,0.019654,0.979413
AATTGAACGCTCTGGT-1,0.009567,0.000232,0.990201
AATTGCAGCAATCGAC-1,0.000472,0.000471,0.999058
AATTTGGTTCCAAAGA-1,0.001033,0.001038,0.997929
ACAAACCATGCGTCCT-1,0.003985,0.003977,0.992038
ACAAAGAAGGTAGGCC-1,0.000265,0.000267,0.999469
ACAAAGCATGACCTAG-1,0.000763,0.007564,0.991673
ACAAATCGCACCGAAT-1,0.000439,0.000438,0.999123
ACAAATGGTAGTGTTT-1,0.001702,0.001683,0.996615
ACAACAGCATGAGCTA-1,0.181514,0.000398,0.818088
ACAACGGTCCCTGCGA-1,0.000582,0.000579,0.998839
ACAAGCAGTGCCTAGC-1,0.000535,0.00054,0.998925
ACAAGCTATATGGAAG-1,0.000182,0.03517,0.964648
ACAAGGAAATCCGCCC-1,0.063889,0.000436,0.935675
ACAAGGACAAGAGGTT-1,0.011684,0.000474,0.987842
ACAAGGATGCTTTAGG-1,0.028599,0.028659,0.942742
ACAAGGGCAGGCTCTG-1,0.033621,0.000266,0.966113
ACAATAGTCGTACGTT-1,0.000494,0.000494,0.999012
ACAATCCATTTAAACC-1,0.000452,0.009018,0.99053
ACAATGAATACGGAGA-1,0.093809,0.002702,0.903489
ACAATTGTGTCTCTTT-1,0.013002,0.013016,0.973982
ACAATTTAGGAGGCTC-1,0.000276,0.000276,0.999448
ACAATTTGAGCAGTGG-1,0.003334,0.003328,0.993338
ACAATTTGGCCATATT-1,0.000255,0.000255,0.999489
ACACAAAGACGGGTGG-1,0.002431,0.002425,0.995144
ACACACCAGGACCAGT-1,0.001237,0.001234,0.997529
ACACACTTTCTACACG-1,0.036036,0.035727,0.928238
ACACATGATCAAATCT-1,0.052548,0.000273,0.947179
ACACCACATAATTAGC-1,0.000415,0.000414,0.999171
ACACCCAGCATGCAGC-1,0.008956,0.008944,0.9821
ACACCCGAGAAATCCG-1,0.000644,0.000649,0.998708
ACACCTTAAGTAGGGC-1,0.000735,0.000734,0.998531
ACACCTTACTACTTGC-1,0.007958,0.007948,0.984094
ACACGAGACTCCTTCT-1,0.261793,0.000437,0.73777
ACACGTAGGCCACAAG-1,0.000631,0.000636,0.998732
ACACTGATCAAGGTGT-1,0.000635,0.256069,0.743296
ACACTGGGACAGTCGT-1,0.000706,0.000705,0.998588
ACAGAACTGAGAACAA-1,0.026102,0.000345,0.973553
ACAGCATAGAGCCAGT-1,0.009615,0.009539,0.980846
ACAGCGACATTCTCAT-1,0.000499,0.000499,0.999002
ACAGGCACGGATCCTT-1,0.001772,0.001767,0.996461
ACAGGCTTGCCCGACT-1,0.002111,0.002105,0.995784
ACAGGTGGAGGTGAGG-1,0.005314,0.005304,0.989382
ACAGGTGTGTTGTTGC-1,0.000359,0.011142,0.988499
ACAGTAATACAACTTG-1,0.000461,0.003701,0.995838
ACAGTATACCGTGGGA-1,0.023819,0.023861,0.95232
ACATAAGTCGTGGTGA-1,0.000441,0.000445,0.999114
ACATAATAAGGCGGTG-1,0.001732,0.001724,0.996544
ACATCAGCTGGGACGC-1,0.000241,0.000242,0.999517
ACATCCTGGTAACTGT-1,0.007955,0.007956,0.984089
ACATCGATCGTTTACC-1,0.001017,0.03853,0.960453
ACATCGGTCAGCCGCG-1,0.00069,0.007329,0.991981
ACATCGTATGCAATGG-1,0.039711,0.00756,0.952729
ACATGGCGCCAAAGTA-1,0.035743,0.035762,0.928495
ACATTAGTTTATATCC-1,0.00092,0.000918,0.998163
ACCAACACCACACACT-1,0.007157,0.007157,0.985686
ACCAACCGCACTCCAC-1,0.003985,0.003979,0.992036
ACCAACGCTTATTTAT-1,0.000635,0.174926,0.824439
ACCAAGAACGCGTGTC-1,0.005727,0.005728,0.988546
ACCAATATGCAAGTTA-1,0.035211,0.000477,0.964312
ACCACAAGTTTCTATC-1,0.005307,0.005302,0.989391
ACCACACGGTTGATGG-1,0.000492,0.053336,0.946172
ACCACCAATGTAACAA-1,0.009544,0.009546,0.98091
ACCACCCTCTCTTCTA-1,0.047671,0.047717,0.904612
ACCACGTGCAGCTATA-1,0.001528,0.001523,0.99695
ACCAGACCATAACAAC-1,0.037928,0.000208,0.961864
ACCAGTGCGGGAGACG-1,0.002988,0.113447,0.883564
ACCATATCCGCAATAA-1,0.000901,0.0009,0.998199
ACCATCCGCCAACTAG-1,0.000372,0.000373,0.999255
ACCATCGTATATGGTA-1,0.001366,0.001363,0.997271
ACCCAACGCCCGTGGC-1,0.001561,0.202751,0.795688
ACCCACCTACATGCTC-1,0.000556,0.000555,0.998889
ACCCATCTTGAGGGTA-1,0.000509,0.000508,0.998983
ACCCATTTGTCCCTCT-1,0.000657,0.000657,0.998686
ACCCGAGCGAAATTAC-1,0.011003,0.334155,0.654842
ACCCGGAAACTCCCAG-1,0.000798,0.196109,0.803093
ACCCGGAGCACCACAA-1,0.000239,0.00421,0.995551
ACCCGGATGACGCATC-1,0.013038,0.013013,0.973949
ACCCGGTTACACTTCC-1,0.000527,0.152788,0.846685
ACCCTATGCCATATCG-1,0.000706,0.09009,0.909204
ACCCTCCCGTCAGGGC-1,0.000389,0.022827,0.976784
ACCCTCCCTTGCTATT-1,0.000359,0.000358,0.999283
ACCCTGGTAACGCCCT-1,0.00448,0.386711,0.608809
ACCCTTCATCTGCGAA-1,0.035733,0.035764,0.928503
ACCGAAAGGGCCCTGC-1,0.001268,0.033769,0.964963
ACCGAAGAGTCTGGTT-1,0.000428,0.000427,0.999145
ACCGACACATCTCCCA-1,0.003495,0.003492,0.993014
ACCGACTGAGTCCCAC-1,0.000926,0.00586,0.993214
ACCGAGTCTCCTTATT-1,0.001381,0.001377,0.997243
ACCGATAGGCATAACC-1,0.000291,0.000291,0.999418
ACCGATATTTAATCAT-1,0.000442,0.000442,0.999116
ACCGATGGTAGCATCG-1,0.000588,0.162705,0.836707
ACCGCAATAACTGCCT-1,0.058053,0.000393,0.941554
ACCGCGGTGGAAGTCG-1,0.002866,0.002864,0.99427
ACCGGGCCTTTGTTGA-1,0.023826,0.02385,0.952324
ACCGGTCAGGTACACC-1,0.000486,0.000485,0.999029
ACCGTCCACTGGGCCC-1,0.01588,0.015902,0.968218
ACCGTGACCACGTGGG-1,0.000416,0.376398,0.623186
ACCTAAGTACCTTTCA-1,0.021813,0.000703,0.977485
ACCTAATCGACTTCCT-1,0.035756,0.005092,0.959151
ACCTACAGTATGTGGT-1,0.025518,0.004475,0.970007
ACCTCCGCCCTCGCTG-1,0.000848,0.009862,0.98929
ACCTCCGTTATTCACC-1,0.002425,0.002427,0.995148
ACCTGCGTGTCATGTT-1,0.000356,0.000359,0.999285
ACGAAATGGGCGGCAC-1,0.000464,0.000463,0.999073
ACGACCCATGAGTTGC-1,0.000278,0.000277,0.999445
ACGACTCTAGGGCCGA-1,0.001464,0.065393,0.933143
ACGACTGGTCATACTC-1,0.002395,0.085285,0.91232
ACGAGGATACCACTCT-1,0.033567,0.000409,0.966024
ACGAGGTTTACAACGT-1,0.000556,0.005022,0.994421
ACGAGTACGGATGCCC-1,0.004937,0.004937,0.990127
ACGATACATAGAACTA-1,0.009615,0.009537,0.980848
ACGATACCTATCCTGA-1,0.046382,0.000287,0.953331
ACGATCATACATAGAG-1,0.000819,0.000818,0.998363
ACGATCATCTTGTAAA-1,0.028584,0.028624,0.942792
ACGATGCATATGTTAT-1,0.000623,0.000627,0.99875
ACGATGGATCCGATGC-1,0.001911,0.001909,0.996179
ACGCAATCACTACAGC-1,0.011964,0.011934,0.976102
ACGCATACGTTTACTA-1,0.00087,0.000868,0.998262
ACGCATTCGTGAGTAC-1,0.000932,0.000929,0.998139
ACGCCACTCGAAACAG-1,0.002022,0.002016,0.995962
ACGCCGCTAGACGACC-1,0.000416,0.000249,0.999335
ACGCGAAGTCAGACGA-1,0.000442,0.063969,0.935589
ACGCGCTACACAGGGT-1,0.000453,0.000452,0.999096
ACGCGGGCCAAGGACA-1,0.030926,0.006568,0.962507
ACGCGTTTCTTAAGAG-1,0.000233,0.000233,0.999534
ACGCTAGTGATACACT-1,0.020427,0.020446,0.959127
ACGCTGTGAGGCGTAG-1,0.000523,0.000522,0.998955
ACGGACTCTCAAAGCG-1,0.000174,0.000174,0.999653
ACGGAGCGCAAATTAC-1,0.001993,0.040131,0.957876
ACGGATGGTGCGGATA-1,0.088679,0.004694,0.906627
ACGGCACTTGCTTGGG-1,0.076344,0.016298,0.907358
ACGGCGACGATGGGAA-1,0.041596,0.000578,0.957826
ACGGCTGGATGTAGAA-1,0.000466,0.000468,0.999066
ACGGGAGTGTCGGCCC-1,0.000325,0.000325,0.99935
ACGGGCGTATGCGACA-1,0.124603,0.003767,0.87163
ACGTACAGATTTCTCT-1,0.001078,0.001077,0.997846
ACGTAGATTGCTGATG-1,0.00078,0.000784,0.998437
ACGTAGGAGAGTCGCT-1,0.000219,0.000219,0.999562
ACGTATTACTCCGATC-1,0.071441,0.07156,0.856999
ACGTCTCGTTCCGGGA-1,0.00049,0.000489,0.999022
ACGTGACAAAGTAAGT-1,0.000262,0.004985,0.994753
ACGTGCGCCTCGTGCA-1,0.008964,0.008947,0.982089
ACGTTAATGTCGAAGA-1,0.000793,0.000791,0.998417
ACGTTAGATTTGCCCG-1,0.000868,0.000868,0.998264
ACGTTATTGGTCACTC-1,0.002109,0.020897,0.976995
ACGTTCGCAATCAATT-1,0.000392,0.006978,0.99263
ACGTTCGTTCAGGAAA-1,0.001225,0.100137,0.898638
ACGTTCTGTACAAGTC-1,0.010252,0.010223,0.979525
ACGTTTAGTTGTGATC-1,0.014298,0.014317,0.971385
ACTACATCCCGACAAG-1,0.015903,0.015902,0.968195
ACTACCAGCTCTCTGG-1,0.000592,0.000591,0.998816
ACTAGTTGCGATCGTC-1,0.001435,0.013432,0.985133
ACTATCCAGGGCATGG-1,0.003417,0.003407,0.993176
ACTATCTGCCCGCGTA-1,0.000538,0.000536,0.998926
ACTATGTCCAGCTGCC-1,0.005323,0.005301,0.989375
ACTATTTCCGGGCCCA-1,0.000782,0.241851,0.757367
ACTCAAGTGCAAGGCT-1,0.004626,0.053483,0.941891
ACTCAATAAAGGCACG-1,0.000891,0.008008,0.991101
ACTCCAATATCATCAT-1,0.006816,0.006818,0.986366
ACTCCCATTCCTAAAG-1,0.01271,0.000358,0.986932
ACTCCCGAATTCGTTT-1,0.003765,0.003767,0.992468
ACTCCCGTAGACTAGG-1,0.020427,0.020477,0.959097
ACTCCCTAATGCTAAA-1,0.003507,0.003492,0.993002
ACTCCCTAGAATAGTA-1,0.000865,0.000862,0.998272
ACTCCGGCCGACCACT-1,0.076008,0.003045,0.920947
ACTCGCGATCTGACGC-1,0.000823,0.000822,0.998355
ACTCGTAACCCGTCCT-1,0.000509,0.000508,0.998984
ACTCGTCAGTAATCCC-1,0.000619,0.247937,0.751444
ACTCTAAACCTGGGAT-1,0.000135,0.010264,0.989601
ACTCTCTGACTTAGGT-1,0.000665,0.000663,0.998672
ACTCTGACCTAATAGA-1,0.00074,0.000738,0.998522
ACTCTTCAGCTCCCGC-1,0.019715,0.000443,0.979842
ACTGAAACGCCGTTAG-1,0.001405,0.013439,0.985156
ACTGAATGGCGAAAGT-1,0.000343,0.005974,0.993682
ACTGCCGTCGTAACTC-1,0.011047,0.011017,0.977936
ACTGCGGACACACCGT-1,0.038594,0.000408,0.960998
ACTGCTCGGAAGGATG-1,0.000461,0.00046,0.999079
ACTGTACGATACACAT-1,0.001293,0.010239,0.988468
ACTGTAGCACTTTGGA-1,0.035474,0.000583,0.963944
ACTGTCCAGGATTATA-1,0.000996,0.000994,0.99801
ACTGTCTTCTTTAGAA-1,0.000481,0.312251,0.687267
ACTTACGCATCCACGC-1,0.000743,0.000742,0.998516
ACTTATACTTACCCGG-1,0.000637,0.616654,0.382709
ACTTATTAGGATCGGT-1,0.000681,0.000678,0.998641
ACTTATTTATGTGCCA-1,0.013013,0.01302,0.973967
ACTTCAGGCTGATCCC-1,0.000485,0.000488,0.999028
ACTTCCAGTGGAAGCT-1,0.00055,0.005332,0.994118
ACTTCCATGCGGGACA-1,0.028996,0.028608,0.942396
ACTTCGCCATACGCAC-1,0.036425,0.000854,0.962721
ACTTCGCTAGCGAGTG-1,0.00092,0.010239,0.988841
ACTTGACTCCCTCTTT-1,0.000279,0.000278,0.999442
ACTTGGGACCCGGTGG-1,0.000982,0.000981,0.998037
ACTTGTAGTCCCTTCA-1,0.000617,0.000614,0.998769
ACTTGTGGATGGAACG-1,0.000826,0.000823,0.998352
ACTTTACCCTCATGAA-1,0.020602,0.02048,0.958918
ACTTTCCTATAGCTTC-1,0.071706,0.000487,0.927808
ACTTTGACTGCATCCT-1,0.000697,0.000695,0.998608
ACTTTGGTCGTGCTCC-1,0.000746,0.037167,0.962088
ACTTTGTCGACGCACT-1,0.000389,0.000389,0.999222
AGAAATTATGACTCGC-1,0.000334,0.018434,0.981232
AGAACCCAGCGTGACA-1,0.000316,0.000316,0.999368
AGAACCCTCAATTGGG-1,0.000591,0.000589,0.99882
AGAAGAGCGCCGTTCC-1,0.071441,0.07156,0.856999
AGAAGGTACACTTCAC-1,0.000463,0.030715,0.968822
AGAAGGTTGCCGAATT-1,0.001339,0.001353,0.997308
AGAAGGTTGTAGGTCG-1,0.003978,0.053066,0.942956
AGAAGTGATTCGTGAT-1,0.000763,0.007259,0.991978
AGAATAAATCTTCAGG-1,0.016255,0.000286,0.983459
AGAATTATGGATTCGA-1,0.127932,0.003672,0.868396
AGAATTGTTTGACATA-1,0.00261,0.06708,0.93031
AGACAGCTCAGAATCC-1,0.000489,0.000489,0.999022
AGACAGGCATCTCAGC-1,0.000292,0.005485,0.994223
AGACCAAACCACACCT-1,0.000452,0.000452,0.999096
AGACCATGGGATACAA-1,0.000448,0.000447,0.999105
AGACCCACCGCTGATC-1,0.000551,0.037647,0.961802
AGACCCGCCCTCCTCG-1,0.001149,0.011497,0.987354
AGACCGCTCCGCGGTT-1,0.00107,0.001068,0.997862
AGACCGGGAAACCCTG-1,0.000252,0.000252,0.999496
AGACGAAGTGCCGGTC-1,0.017913,0.01789,0.964197
AGACGACGATGCCGCT-1,0.001292,0.011566,0.987142
AGACGCCCACTTCGCC-1,0.000408,0.000407,0.999185
AGACTAGCCTTCCAGA-1,0.001195,0.001193,0.997612
AGACTGTTACCGGGTC-1,0.001217,0.389383,0.6094
AGAGAACCGTCTAGGA-1,0.000956,0.1423,0.856744
AGAGAAGGAGTACAAT-1,0.000649,0.000648,0.998703
AGAGATCTCTAAAGCG-1,0.000348,0.000347,0.999304
AGAGCAGTTATGAGAC-1,0.000427,0.000426,0.999147
AGAGCCGCCGAGATTT-1,0.000816,0.000813,0.998371
AGAGCGCTTGTAACGG-1,0.005503,0.005505,0.988993
AGAGCGGGCTAATCAT-1,0.007529,0.007533,0.984938
AGAGCGTACAAGCTCG-1,0.000381,0.00038,0.99924
AGAGGCTTCGGAAACC-1,0.000386,0.003746,0.995868
AGAGTAAACTTCACTA-1,0.001327,0.001325,0.997348
AGAGTATAGTGTTACG-1,0.023833,0.023846,0.952321
AGATAACTTCAGGGCC-1,0.000387,0.011596,0.988017
AGATACCAATAGAACC-1,0.000415,0.000414,0.999172
AGATACCGGTGTTCAC-1,0.062854,0.000596,0.936549
AGATACGACTTCATAT-1,0.000743,0.025781,0.973476
AGATACTCAAGATCGA-1,0.000421,0.00042,0.99916
AGATATAATACGACTA-1,0.076049,0.000302,0.92365
AGATCGTGCATAAGAT-1,0.001544,0.080165,0.918291
AGATCTCAGGTGTGAT-1,0.023985,0.00073,0.975285
AGATGACTCGCCCACG-1,0.01101,0.011022,0.977968
AGATGATGGAGTCTGG-1,0.023851,0.023843,0.952306
AGATGCAAGACGTGCA-1,0.000613,0.01994,0.979447
AGATGCATCCTGTGTC-1,0.000401,0.058432,0.941167
AGATTATAGGACGTTT-1,0.000859,0.000857,0.998284
AGATTCACAACCGATA-1,0.000305,0.000307,0.999389
AGCAAAGGCCGCTAGT-1,0.000423,0.013203,0.986374
AGCAACATATCTTATT-1,0.003188,0.035084,0.961727
AGCAACCGAAAGTAAT-1,0.000294,0.000293,0.999414
AGCACCAGTACTCACG-1,0.055073,0.002651,0.942276
AGCACTACCGGCCTGT-1,0.000627,0.000625,0.998748
AGCACTACCTCACCAG-1,0.093719,0.004482,0.901799
AGCACTTAAGGACGCC-1,0.000551,0.000551,0.998898
AGCAGTCGAAGCATGC-1,0.002177,0.002169,0.995654
AGCATATCAATATGCT-1,0.03574,0.371182,0.593078
AGCATCATTTCGAAAG-1,0.000438,0.000436,0.999126
AGCATCGTCGATAATT-1,0.005971,0.005972,0.988058
AGCATTACGAGGCAAG-1,0.000253,0.000252,0.999495
AGCCACAGGTTACCCG-1,0.010239,0.010223,0.979538
AGCCACTCCCGTGCTT-1,0.00214,0.041402,0.956459
AGCCCATACATGTAAG-1,0.000453,0.000452,0.999096
AGCCCGGCATTAGAGG-1,0.002655,0.026526,0.970819
AGCCCTAAGCGAAGTT-1,0.004934,0.004937,0.990128
AGCCCTGTCGCACCGT-1,0.000605,0.000604,0.998791
AGCCCTTGGACATCCC-1,0.000414,0.000414,0.999172
AGCCGCAAATTCAAAT-1,0.000369,0.000368,0.999263
AGCCGTGGCTAAATGT-1,0.00032,0.000319,0.999362
AGCCTAATACCCACGT-1,0.000494,0.004448,0.995058
AGCCTTAAAGCGGAAG-1,0.000234,0.000233,0.999533
AGCGACAGGAACGGTC-1,0.055452,0.002864,0.941684
AGCGACATCCCATTCA-1,0.011933,0.011926,0.976141
AGCGACCAACGATATT-1,0.002605,0.002602,0.994793
AGCGATGCGCCTAATA-1,0.000483,0.000482,0.999035
AGCGCGGGTGCCAATG-1,0.001103,0.151956,0.846941
AGCGCTAGAGCGATGT-1,0.000478,0.003591,0.995931
AGCGGACACTTCGTAG-1,0.001962,0.001962,0.996076
AGCGGCGGTTAGCGGT-1,0.000338,0.000337,0.999326
AGCGGTTGCCGCTCTG-1,0.006523,0.006506,0.986971
AGCGTGGTATTCTACT-1,0.045442,0.000304,0.954255
AGCTAACAAGCAATGT-1,0.053635,0.013758,0.932607
AGCTAAGTACGCAGGC-1,0.017877,0.017875,0.964248
AGCTAGAAGCAGAAGT-1,0.002315,0.320038,0.677647
AGCTCCATATATGTTC-1,0.025042,0.007842,0.967117
AGCTCCTTCGCACATC-1,0.003501,0.00349,0.993009
AGCTCTAGACGTTCCA-1,0.056603,0.000807,0.942591
AGCTCTTCGTAACCTT-1,0.011015,0.011011,0.977974
AGCTCTTTACTCAGTT-1,0.001727,0.001725,0.996547
AGCTGAAGTAAACCAA-1,0.000797,0.000795,0.998407
AGCTGTAACCTCAATC-1,0.001228,0.095885,0.902887
AGCTTCTTCTCGAGCA-1,0.000137,0.000137,0.999726
AGCTTGATCTTAACTT-1,0.025898,0.000353,0.973749
AGGAACGAACGACTTC-1,0.001908,0.001909,0.996182
AGGAAGCTGTCCGCCG-1,0.001146,0.001157,0.997697
AGGACAGTCGAATCCC-1,0.000784,0.000782,0.998434
AGGACATCGCACGTCG-1,0.000277,0.000276,0.999447
AGGACGACCCATTAGA-1,0.001749,0.001746,0.996506
AGGAGACATCCACAGT-1,0.01792,0.0179,0.96418
AGGAGAGTCTGGCTAC-1,0.011919,0.011933,0.976147
AGGAGGCCTTCGCGCG-1,0.008942,0.008949,0.982109
AGGATAAAGTCGGGAT-1,0.027765,0.023339,0.948896
AGGATATAGGGATTTA-1,0.035889,0.035749,0.928362
AGGATATCCGACTGCA-1,0.001216,0.001213,0.997571
AGGATCACGCGATCTG-1,0.000421,0.00042,0.99916
AGGATTGCTTACGACA-1,0.02384,0.023872,0.952288
AGGCACGTGACTGTCC-1,0.000604,0.020886,0.97851
AGGCAGATGCGTAAAC-1,0.002928,0.002922,0.99415
AGGCATTGTCGTAGGG-1,0.001176,0.001174,0.997651
AGGCCACATTGGTTAC-1,0.000543,0.012307,0.98715
AGGCCACCCGTTATGA-1,0.00055,0.000548,0.998902
AGGCCCATTGTACAGG-1,0.215514,0.007156,0.77733
AGGCCCTAGAACGCCA-1,0.000274,0.004412,0.995314
AGGCCTGAGAATCTCG-1,0.017867,0.017886,0.964247
AGGCGATAACTGGCGT-1,0.000261,0.00026,0.999479
AGGCGGTTTGTCCCGC-1,0.000566,0.01279,0.986644
AGGCTATGGTTAGCTT-1,0.000557,0.012171,0.987272
AGGCTTCCCGAAGAAG-1,0.001885,0.001883,0.996232
AGGCTTGCTAGACACC-1,0.000432,0.014429,0.985138
AGGGACCGGCTGCGTT-1,0.020424,0.020464,0.959112
AGGGAGACATACTTCG-1,0.002241,0.002237,0.995522
AGGGCGAGCAGCTGAT-1,0.000331,0.000333,0.999336
AGGGCGTGATCGGCTA-1,0.005974,0.005963,0.988063
AGGGCTGCAGTTACAG-1,0.000671,0.025065,0.974265
AGGGTCGATGCGAACT-1,0.001633,0.001626,0.996741
AGGGTGCTCTCGAGGG-1,0.000829,0.235787,0.763384
AGGGTGGATAGTGCAT-1,0.00046,0.000462,0.999078
AGGGTTCCCTTTGGTT-1,0.107793,0.178164,0.714042
AGGGTTTAGTTCGGGA-1,0.000504,0.000506,0.99899
AGGTAACCTCCTATTC-1,0.150249,0.092128,0.757623
AGGTAGATCGAGATAT-1,0.001147,0.179643,0.81921
AGGTAGGTACAAAGCT-1,0.000457,0.024963,0.97458
AGGTATAATTGATAGT-1,0.271488,0.013012,0.7155
AGGTATGCGGACATTA-1,0.01853,0.000353,0.981116
AGGTCAGGTGAGAGTG-1,0.00042,0.000419,0.999161
AGGTCGCCTCCCAACA-1,0.000324,0.000323,0.999353
AGGTCGCGGAGTTACT-1,0.011914,0.011931,0.976155
AGGTGTATCGCCATGA-1,0.000598,0.000597,0.998806
AGGTTACACCATGCCG-1,0.000319,0.000318,0.999363
AGGTTTCACACACCTT-1,0.000491,0.000492,0.999016
AGTAATGTCTTGCCGC-1,0.345906,0.017877,0.636217
AGTACAGAAGCTTATA-1,0.000149,0.000149,0.999702
AGTACATCATTTATCA-1,0.011022,0.011005,0.977973
AGTACGGCCCGTATCG-1,0.000342,0.000342,0.999316
AGTACGGGCACCTGGC-1,0.132531,0.153793,0.713677
AGTACTCTTATGCCCA-1,0.002171,0.052207,0.945622
AGTAGGTAACATACAT-1,0.005324,0.005302,0.989374
AGTATAATACTAGGCA-1,0.000605,0.000604,0.998791
AGTATGCTGGAGACCA-1,0.000897,0.000895,0.998208
AGTCAACACCACCATC-1,0.000526,0.000527,0.998948
AGTCAAGATGACACTT-1,0.006824,0.006817,0.986359
AGTCACTAGCTCTCGA-1,0.000535,0.000539,0.998926
AGTCAGCCACCGCCTG-1,0.003675,0.003671,0.992654
AGTCCATTGGCTGATG-1,0.020505,0.02047,0.959025
AGTCCCTCGCAGAAAG-1,0.007163,0.007157,0.98568
AGTCGACGGTCTCAAG-1,0.111228,0.00409,0.884682
AGTCGGCCCAAACGAC-1,0.000382,0.000385,0.999232
AGTCGGCTCAACTTTA-1,0.000392,0.012337,0.987272
AGTCGGTTGCGTGAGA-1,0.000561,0.000559,0.99888
AGTCGTATAAAGCAGA-1,0.003779,0.003769,0.992452
AGTCGTCGACCACCAA-1,0.009545,0.00956,0.980895
AGTCGTGGGCATTACG-1,0.000532,0.00053,0.998938
AGTCTAAAGTATACTC-1,0.006822,0.006821,0.986358
AGTCTCACAAGACTAC-1,0.000937,0.000935,0.998128
AGTCTGGACATCCTTG-1,0.002879,0.070275,0.926846
AGTCTTCTCCTCAAAT-1,0.00224,0.002237,0.995523
AGTCTTTAAAGTGTCC-1,0.000328,0.000328,0.999344
AGTGAACAAACTTCTC-1,0.008934,0.008948,0.982117
AGTGAAGATGGTGTCC-1,0.017885,0.017894,0.964221
AGTGACCTACTTTACG-1,0.001814,0.021011,0.977175
AGTGAGACTTCCAGTA-1,0.000845,0.238139,0.761016
AGTGAGCCTCGCCGCC-1,0.020413,0.020439,0.959148
AGTGATAACCTGCGCG-1,0.004111,0.004089,0.9918
AGTGATATGAGTAGTT-1,0.000934,0.619919,0.379147
AGTGATTCAAGCAGGA-1,0.020542,0.073315,0.906143
AGTGCACGCTTAAGAA-1,0.001039,0.010666,0.988295
AGTGCGTAGCTCGTAA-1,0.001176,0.001173,0.997651
AGTGCTAAACACAGCA-1,0.001327,0.067484,0.931189
AGTGCTTGCACGAATA-1,0.006247,0.006221,0.987532
AGTGGCGGCAATTTGA-1,0.002278,0.082142,0.91558
AGTGGCGTCTGAAGGT-1,0.013059,0.01301,0.973931
AGTGGCTCCGTCGGCC-1,0.000631,0.000631,0.998739
AGTGGTGTTACCCGTG-1,0.0006,0.000599,0.998801
AGTGGTTGCGTATAGG-1,0.000337,0.000336,0.999327
AGTGTGGTCTATTGTG-1,0.000595,0.000594,0.998811
AGTTAAACACTTGCGA-1,0.091559,0.000429,0.908013
AGTTAAGTCAACCGCT-1,0.000543,0.000542,0.998914
AGTTACCCTTAAGACT-1,0.000431,0.00043,0.999139
AGTTACCGCACATGGT-1,0.000363,0.000362,0.999274
AGTTCCTACAGAATTA-1,0.003786,0.038665,0.957549
AGTTCCTATTTATGTT-1,0.00081,0.000809,0.998381
AGTTTATGTAAAGACA-1,0.018008,0.017888,0.964104
AGTTTCGCAGGTCGGA-1,0.013061,0.013025,0.973914
AGTTTGCACCTGCCTC-1,0.000336,0.000337,0.999327
AGTTTGGCACGGGTTG-1,0.005498,0.005509,0.988993
AGTTTGGCCAGACCTA-1,0.000432,0.019771,0.979797
ATAAACGGACCCGTAA-1,0.000368,0.014097,0.985535
ATAAACGTTGCACCAC-1,0.000408,0.266278,0.733314
ATAAAGGCTCGGTCGT-1,0.001496,0.015489,0.983015
ATAAATATTAGCAGCT-1,0.000314,0.005495,0.99419
ATAACGCCGGAGGGTC-1,0.000897,0.000895,0.998209
ATAACGGAGTCCAACG-1,0.032377,0.056522,0.911101
ATAAGGTGGAGAACAT-1,0.000233,0.000233,0.999534
ATAAGTAGGATTCAGA-1,0.014295,0.014309,0.971395
ATAAGTAGGGCGACTC-1,0.023828,0.023844,0.952328
ATAAGTTACCGCGACG-1,0.000434,0.246887,0.752679
ATAATAGCTGTTGAAT-1,0.000627,0.006442,0.992931
ATAATAGTGTAGGGAC-1,0.022481,0.000402,0.977117
ATAATCTTGGAGAACC-1,0.001708,0.001704,0.996588
ATAATTAGCTAAGTAG-1,0.003497,0.044542,0.951961
ATACAGGCCCTCCAAT-1,0.00024,0.000241,0.999519
ATACCACGGGCAACTT-1,0.000459,0.0091,0.990441
ATACCAGGCTAATAGA-1,0.000811,0.01458,0.984609
ATACCTAACCAAGAAA-1,0.027075,0.074528,0.898397
ATACGAAGGCTTTCCA-1,0.000512,0.000511,0.998977
ATACGCCGGCGAAACC-1,0.03888,0.000331,0.960788
ATACGGAACGTCGTTT-1,0.000524,0.000528,0.998949
ATACGGGTTTCGATTG-1,0.003678,0.042416,0.953906
ATACGGTGAAGATGCA-1,0.000308,0.000309,0.999383
ATACGTACTTAGCCAC-1,0.000793,0.000791,0.998417
ATACGTCCACTCCTGT-1,0.002109,0.002105,0.995786
ATACGTTATGCACGGA-1,0.001492,0.039459,0.959049
ATACTACCCGTACCAC-1,0.00062,0.005994,0.993386
ATACTAGCATGACCCT-1,0.003123,0.003112,0.993765
ATACTGCCTTACACCG-1,0.023819,0.023842,0.952339
ATACTTGTTCTCGAGC-1,0.00047,0.000474,0.999056
ATAGACAACGGGACCT-1,0.000886,0.197147,0.801967
ATAGACGAAGAGAAAG-1,0.000369,0.00037,0.999261
ATAGAGTACTGGGACA-1,0.001493,0.001491,0.997016
ATAGAGTTATCAACTT-1,0.001177,0.270666,0.728156
ATAGCAACTAGGGAAG-1,0.026799,0.00062,0.972581
ATAGGCGGCTATAGAA-1,0.000594,0.011893,0.987513
ATAGGCTAGCTTCGCA-1,0.001087,0.553157,0.445756
ATAGGGATATCCTTGA-1,0.007547,0.007535,0.984918
ATAGGTTGGGCAGATG-1,0.002022,0.002017,0.995962
ATAGTCTTTGACGTGC-1,0.002386,0.053675,0.943939
ATAGTGAAGCGTTCTC-1,0.050234,0.00032,0.949446
ATAGTTCCACCCACTC-1,0.008479,0.008413,0.983108
ATATAAAGCGCTCGTG-1,0.002924,0.034635,0.962442
ATATAAATGTAGCTGC-1,0.013062,0.013015,0.973923
ATATAACACGGGCGCA-1,0.102884,0.007533,0.889583
ATATACATGTATGGTA-1,0.000578,0.000577,0.998845
ATATACGCTCGTGACG-1,0.000466,0.000465,0.999069
ATATAGAGTATTGGTC-1,0.02395,0.023844,0.952206
ATATCAACCTACAGAG-1,0.015956,0.015902,0.968142
ATATCAATTCCAGCCT-1,0.029372,0.000636,0.969992
ATATCGGTAGGGAGAT-1,0.00552,0.005504,0.988976
ATATCGTTCCTCGAAC-1,0.028667,0.028634,0.942699
ATATCTTAGGGCCTTC-1,0.000487,0.009058,0.990455
ATATGTCTCCCTAGCC-1,0.009584,0.009543,0.980873
ATATTCAGTTAAACCT-1,0.000768,0.000766,0.998467
ATATTCCACATAGTGA-1,0.002938,0.00292,0.994142
ATATTCCCACAGGTCA-1,0.035839,0.035863,0.928297
ATATTGCTGTCAAAGT-1,0.000485,0.000484,0.999032
ATATTGGAGAGGCCTT-1,0.000343,0.000342,0.999314
ATATTTAACCCTCAAG-1,0.041919,0.00046,0.957621
ATCAAACACTGTTCCA-1,0.001317,0.001313,0.99737
ATCAAACGAAGGTTTG-1,0.000529,0.015942,0.983528
ATCAATCTGGGCTGCA-1,0.00165,0.001645,0.996705
ATCAATGCCGTGGCTG-1,0.000714,0.005846,0.993439
ATCACATTAGAATATC-1,0.002608,0.002602,0.99479
ATCACGTGCTAATTAA-1,0.006992,0.00044,0.992569
ATCACTTCATCCTCGC-1,0.01592,0.015935,0.968145
ATCAGACGGCACGCCG-1,0.001748,0.001746,0.996507
ATCAGCCTCATGCTGC-1,0.028663,0.028639,0.942698
ATCAGCTCGTCCACTA-1,0.000575,0.000572,0.998853
ATCAGGTAGCTGACAG-1,0.000434,0.000432,0.999134
ATCAGTAGGCAGGGAT-1,0.002863,0.036798,0.960338
ATCATAGCCCTATGTA-1,0.001245,0.001245,0.99751
ATCATCCAATATTTGT-1,0.000275,0.000276,0.999449
ATCATGGACTACCGAC-1,0.000495,0.000494,0.999012
ATCATTGTACCGCATT-1,0.006565,0.006507,0.986928
ATCCAACGCAGTCATA-1,0.00049,0.000494,0.999017
ATCCAATGGAGGGTCC-1,0.000567,0.000566,0.998867
ATCCAATGGTACCGAA-1,0.000261,0.00026,0.999479
ATCCACATCGACAGAA-1,0.054295,0.000451,0.945254
ATCCAGAGCAACAACC-1,0.001095,0.277408,0.721498
ATCCAGGATTCGTGAA-1,0.002138,0.002136,0.995727
ATCCCATCCACAGCGC-1,0.006503,0.006507,0.98699
ATCCTACCTAAGCTCT-1,0.000635,0.099711,0.899653
ATCCTGAATCGCTGCG-1,0.000329,0.000328,0.999343
ATCCTGCGTGGAATGG-1,0.000965,0.022617,0.976419
ATCCTTCTGAAAGAAC-1,0.000423,0.000422,0.999155
ATCGACCCAATACAGA-1,0.000684,0.000687,0.998629
ATCGACTCTTTCCGTT-1,0.156236,0.001363,0.842401
ATCGCACGCCGGGAGA-1,0.001477,0.001476,0.997047
ATCGCCAGTCAACATT-1,0.047072,0.004618,0.948309
ATCGCTGCGTGCAGCA-1,0.009535,0.114506,0.875958
ATCGCTTTACGTCTCA-1,0.000586,0.000584,0.99883
ATCGGAGACAGACGGC-1,0.003507,0.00349,0.993003
ATCGGCAAGCAGTCCA-1,0.001047,0.001045,0.997908
ATCGGTTACCTAGTAA-1,0.000553,0.004273,0.995174
ATCGTATTCCGAGAAC-1,0.000253,0.000253,0.999494
ATCGTGGAAAGTCTGG-1,0.006825,0.006818,0.986357
ATCGTTAGCTAGCGGA-1,0.000518,0.004451,0.99503
ATCTAATATCCTACGG-1,0.00078,0.033693,0.965527
ATCTACCATCTGCTCC-1,0.451493,0.020458,0.528049
ATCTCCCACGGAATAT-1,0.00056,0.000564,0.998875
ATCTCCCTGCAATCTA-1,0.00187,0.00186,0.996271
ATCTCGTGAGCGAAAC-1,0.000529,0.000528,0.998943
ATCTGACATGGAAGGA-1,0.00134,0.145981,0.852679
ATCTGCACCTCTGCGA-1,0.047665,0.047711,0.904624
ATCTGGGCTGTTCTTG-1,0.00306,0.003046,0.993894
ATCTGGTTAAGACTGT-1,0.000717,0.021536,0.977748
ATCTGTAATTGTACCC-1,0.001575,0.034883,0.963542
ATCTTATCGCACACCC-1,0.000632,0.00063,0.998738
ATCTTGACCTGCAACG-1,0.000514,0.000513,0.998973
ATCTTGACTTGTCCAA-1,0.008436,0.008419,0.983145
ATCTTTCGTATAACCA-1,0.010264,0.010229,0.979507
ATGAAGCCAAGGAGCC-1,0.003782,0.003768,0.99245
ATGAAGTGGACCCAGC-1,0.000278,0.000277,0.999444
ATGACGCCGGCTCTAA-1,0.002991,0.002982,0.994027
ATGACGCGTTCTATCC-1,0.001003,0.001001,0.997995
ATGACTATCAGCTGTG-1,0.001122,0.315076,0.683802
ATGACTATGCGACATT-1,0.006821,0.006814,0.986366
ATGAGGAGTGTTAATC-1,0.05919,0.01429,0.92652
ATGAGGGCAGCGGCTA-1,0.000336,0.000335,0.999329
ATGATCGGGAATAGAC-1,0.008975,0.008947,0.982078
ATGATGCAATGGTACA-1,0.000775,0.133791,0.865433
ATGCACGCGCTGTTCA-1,0.070234,0.005285,0.924481
ATGCACTACCGCATTG-1,0.000638,0.000636,0.998726
ATGCATGATCCAGGAT-1,0.001316,0.001313,0.997371
ATGCCATTTGCGACCA-1,0.071623,0.002016,0.926361
ATGCCGGTCTTGCATA-1,0.063997,0.000669,0.935334
ATGCCGGTTGATGGGA-1,0.002272,0.002273,0.995455
ATGCGACAGTCCCATT-1,0.151049,0.000333,0.848619
ATGCGAGTCCCACCAC-1,0.0041,0.004091,0.991809
ATGCTCAGTGTTGCAT-1,0.000975,0.000974,0.998051
ATGCTCTGGCGCGGTA-1,0.010383,0.0003,0.989316
ATGCTTAGGAGTTGAT-1,0.000608,0.000606,0.998786
ATGGAAATTTAAGGAG-1,0.000454,0.009466,0.99008
ATGGAACCTTTGCACA-1,0.000436,0.003617,0.995946
ATGGAGCAGGCCGTGA-1,0.000583,0.000586,0.998831
ATGGATCCGGCGTCCG-1,0.004629,0.00462,0.990752
ATGGATTGACCAAACG-1,0.000635,0.000633,0.998732
ATGGCAGCATTACGAT-1,0.002711,0.002701,0.994588
ATGGCAGCCGAGAAAC-1,0.000223,0.000222,0.999555
ATGGCGGAATAGTCGC-1,0.000581,0.00058,0.998839
ATGGGACCTGCTGAAC-1,0.014307,0.014304,0.971389
ATGGGCCTCGGCCTCT-1,0.023829,0.023855,0.952315
ATGGGTGTATACCTCC-1,0.006505,0.006514,0.986981
ATGGTCGCGTGGTTTC-1,0.000982,0.010031,0.988987
ATGTAAGGCTGCTCTT-1,0.001649,0.001646,0.996705
ATGTACATGCGGTGAG-1,0.016339,0.000241,0.983419
ATGTAGCGCGCGTAGG-1,0.000357,0.000356,0.999287
ATGTGAAAGCCTAATG-1,0.000476,0.000474,0.99905
ATGTGCATCCGACGCA-1,0.001938,0.001934,0.996127
ATGTGGACATCTTGAT-1,0.047275,0.000265,0.95246
ATGTTCGTCGACCCAC-1,0.000445,0.000445,0.99911
ATGTTGATTAGAGACT-1,0.012995,0.013012,0.973993
ATGTTTCGGCCCGGAG-1,0.000725,0.000723,0.998552
ATTAAACATGCGGACC-1,0.00045,0.000449,0.999102
ATTAATACTACGCGGG-1,0.003121,0.003113,0.993767
ATTAATGAACCAGTCG-1,0.003676,0.00367,0.992653
ATTAATTCGGTCACTC-1,0.012997,0.013017,0.973987
ATTACATGTCAGTCTT-1,0.001354,0.00135,0.997296
ATTACCACACTGCCTG-1,0.000525,0.003825,0.99565
ATTACGACTCCACAGT-1,0.047625,0.047703,0.904672
ATTACGCGCTGGCAGG-1,0.000472,0.026007,0.973521
ATTACTAGCCTCTTGC-1,0.011911,0.011935,0.976154
ATTACTTACTGGGCAT-1,0.002761,0.383019,0.614221
ATTAGATTCCTCAGCA-1,0.01435,0.014315,0.971335
ATTAGATTGATAGCGG-1,0.003981,0.003977,0.992042
ATTAGGCGATGCTTTC-1,0.00046,0.00046,0.99908
ATTATACTTTGCTCGT-1,0.004366,0.004335,0.991298
ATTATAGCTACTTTAC-1,0.000628,0.000628,0.998744
ATTATCTCGACAGATC-1,0.001707,0.017098,0.981195
ATTATGCCATAGGGAG-1,0.010997,0.115827,0.873176
ATTATTATGTCCGTCA-1,0.000896,0.042548,0.956556
ATTATTCAGAGTCACT-1,0.017878,0.017908,0.964214
ATTCAACCATTTAAGG-1,0.000878,0.021639,0.977483
ATTCACTGATGTTGGA-1,0.004218,0.04203,0.953752
ATTCAGGACCTATTTC-1,0.002113,0.019736,0.978151
ATTCAGTAGCAGGGTC-1,0.000583,0.005425,0.993992
ATTCATATACTGTCCA-1,0.000578,0.350496,0.648926
ATTCATCGTTGAGGCA-1,0.023839,0.023843,0.952318
ATTCCCACATAAACAA-1,0.000435,0.000434,0.999132
ATTCCCGAAGGTACAG-1,0.051018,0.000582,0.9484
ATTCCTCCGCCAGTGC-1,0.00072,0.000719,0.99856
ATTCGACGCCGGGCCT-1,0.000486,0.000491,0.999023
ATTCGCGCCTTGAGAG-1,0.0005,0.000499,0.999001
ATTCGTGCTATCTCTT-1,0.023829,0.02386,0.952311
ATTCTCGTCTCTTTAG-1,0.014321,0.014317,0.971362
ATTGAAGATCTTAGTG-1,0.028674,0.028609,0.942716
ATTGACCGGCGATGAC-1,0.002609,0.373056,0.624335
ATTGATCACCACATTT-1,0.000849,0.000847,0.998304
ATTGATGAGTCCTAAC-1,0.007535,0.007529,0.984936
ATTGCCTTTATGTTTG-1,0.006499,0.006504,0.986997
ATTGCGATCAGTAACT-1,0.00101,0.001008,0.997982
ATTGCTGCTCCTCCAT-1,0.001147,0.010648,0.988205
ATTGGATTACAGCGTA-1,0.000797,0.008977,0.990226
ATTGGGAATATCTTGG-1,0.017871,0.017882,0.964247
ATTGGTAGGATCCGCT-1,0.000245,0.004198,0.995556
ATTGTACAACTCGGCT-1,0.005311,0.005302,0.989387
ATTGTTCAACGATCCG-1,0.000295,0.009268,0.990437
ATTTAACTCGTATTAC-1,0.010221,0.010223,0.979555
ATTTACAGTTTACTGG-1,0.000824,0.020468,0.978708
ATTTACTAAGTCCATT-1,0.006808,0.006818,0.986374
ATTTATACTGGTAAAG-1,0.000212,0.037396,0.962392
ATTTCCGGGTTCTGCG-1,0.001096,0.001093,0.997811
ATTTGCGCGAGTAGCT-1,0.001003,0.001001,0.997995
ATTTGGAGATTGCGGT-1,0.016967,0.000774,0.982259
ATTTGTCTTGGGAGCT-1,0.003193,0.00318,0.993627
ATTTGTTCCAGGGCTC-1,0.004784,0.053294,0.941922
CAAACCAGGTCTGCAT-1,0.000117,0.39873,0.601153
CAAACCCTCCGGCGGG-1,0.002318,0.002309,0.995373
CAAACGAGTATCGCAG-1,0.000751,0.04844,0.950809
CAAACGGTCGCACTTT-1,0.000576,0.008234,0.99119
CAAACTCGCGACGCCG-1,0.006232,0.006219,0.987548
CAAAGATTATTGGGCC-1,0.000759,0.000757,0.998484
CAAAGGTCATCTGAAA-1,0.009967,0.000239,0.989794
CAAATCTCTCACAAGG-1,0.029689,0.000447,0.969864
CAAATGTCCTTCCGTG-1,0.000714,0.016928,0.982358
CAAATTGGATTATGCC-1,0.007991,0.007952,0.984057
CAAATTGTCAGCAAGC-1,0.015896,0.015913,0.968191
CAACACATCTCCTGCC-1,0.000598,0.019412,0.97999
CAACCAGTGGCCTACC-1,0.000407,0.000406,0.999188
CAACCTACCGAGCAGT-1,0.000793,0.000791,0.998416
CAACCTGAACCTGCCA-1,0.01589,0.015901,0.968208
CAACGACCCGTTTACA-1,0.002049,0.002045,0.995905
CAACGGTTCTTGATAC-1,0.000512,0.000515,0.998973
CAACGTGGTGGAGTCT-1,0.00052,0.004662,0.994818
CAACTCCTTGATCCCG-1,0.003972,0.044306,0.951722
CAAGACTCAGAAGCGC-1,0.000806,0.007837,0.991358
CAAGAGGGCGGAGTAC-1,0.034809,0.000206,0.964985
CAAGATATTATAACGT-1,0.00368,0.003671,0.992649
CAAGCAACGTCGGAGT-1,0.000608,0.000607,0.998785
CAAGCACCAAATGCCT-1,0.00953,0.009539,0.980931
CAAGCGGCACATAATT-1,0.000256,0.000255,0.999489
CAAGGATCGCATGTTC-1,0.000706,0.000705,0.998589
CAAGGCCAGTGGTGCA-1,0.000445,0.000448,0.999107
CAAGGTCCTATAGGCT-1,0.014359,0.014317,0.971324
CAAGTGTGGTTGCAAA-1,0.006521,0.00651,0.98697
CAATAAACCTTGGCCC-1,0.067364,0.024032,0.908605
CAATACGAGAGTCTGA-1,0.000417,0.00792,0.991663
CAATACGCTCTGAGGC-1,0.000329,0.005255,0.994416
CAATATTCTTGACCTA-1,0.018027,0.017903,0.96407
CAATGAGGTTCGACTA-1,0.007148,0.007154,0.985697
CAATGCGAGAAGTATC-1,0.000737,0.000734,0.99853
CAATGGATCTCTACCA-1,0.002871,0.057629,0.9395
CAATGTGCCAACCCTT-1,0.000442,0.00044,0.999118
CAATTAAGGGTGATGA-1,0.052463,0.000284,0.947253
CAATTGGGCCGCACTC-1,0.0003,0.000302,0.999398
CAATTTCGTATAAGGG-1,0.000711,0.000713,0.998576
CACAATGAGCTGCTAT-1,0.000918,0.000918,0.998165
CACACACGCTAACGAG-1,0.000478,0.000477,0.999045
CACACAGCTTGCGCTC-1,0.000391,0.00039,0.999219
CACACAGGGATAGATT-1,0.000583,0.010929,0.988488
CACACGCGCTGTCTTA-1,0.000552,0.131663,0.867785
CACAGAGACGAGGACG-1,0.005119,0.005113,0.989768
CACAGCACCCACGGCA-1,0.061097,0.000353,0.93855
CACAGCTAGGGAGTGA-1,0.08787,0.005115,0.907015
CACAGGGCCATATAGT-1,0.00052,0.000523,0.998957
CACAGTCCCGCTTCGC-1,0.000668,0.000666,0.998666
CACAGTTCGCTTCCCA-1,0.0004,0.0004,0.9992
CACATATTAGCAGGAT-1,0.000202,0.000202,0.999596
CACATCGTGCACGCGC-1,0.000732,0.180629,0.818639
CACATCTCACCGACGA-1,0.012824,0.003366,0.98381
CACATGATTCAGCAAC-1,0.00085,0.000854,0.998297
CACATTTCTTGTCAGA-1,0.008936,0.008941,0.982123
CACCAATCATCCGTCT-1,0.015143,0.000348,0.984509
CACCACGCCACACAGA-1,0.000326,0.01845,0.981224
CACCAGTCAGCATGCA-1,0.000684,0.092605,0.906712
CACCATCGGAGGAGAC-1,0.009534,0.009549,0.980917
CACCCAAATCTTATGT-1,0.020454,0.020432,0.959114
CACCCACACGTCACCC-1,0.000771,0.014293,0.984936
CACCCACGAGGCAATT-1,0.001939,0.001934,0.996127
CACCCGGTTTGTGACT-1,0.002762,0.002753,0.994485
