Barcode,Topic 1,Topic 2,Topic 3,Topic 4to5,Topic 6,Topic 7to8
AAACAAGTATCTCCCA-1,0.306505,0.216278,0.082471,0.259258,0.000846,0.134642
AAACACCAATAACTGC-1,0.000091,0.041143,0.165305,0.52707,0.011711,0.25468
AAACAGAGCGACTCCT-1,0.000482,0.000481,0.946554,0.051038,0.000481,0.000963
AAACAGCTTTCAGAAG-1,0.000121,0.000121,0.311168,0.109437,0.005129,0.574024
AAACAGGGTCTATATT-1,0.0003,0.0003,0.91024,0.088262,0.0003,0.000599
AAACAGTGTTCCTGGG-1,0.220793,0.626757,0.002347,0.001286,0.014869,0.133948
AAACATGGTGAGAGGA-1,0.000438,0.000438,0.414,0.430206,0.000438,0.154481
AAACATTTCCCGGATT-1,0.139774,0.00067,0.575855,0.001339,0.00067,0.281693
AAACCACTACACAGAT-1,0.001605,0.426361,0.001605,0.00321,0.001606,0.565613
AAACCCGAACGAAATC-1,0.019501,0.003633,0.079113,0.841669,0.000058,0.056026
AAACCGGAAATGTTAA-1,0.110355,0.012755,0.000069,0.675483,0.000069,0.201268
AAACCGGGTAGGTACC-1,0.052961,0.063111,0.359439,0.303375,0.045825,0.17529
AAACCGTTCGTCCAGG-1,0.00015,0.00015,0.00015,0.16133,0.00015,0.838072
AAACCTAAGCAGCCGG-1,0.006589,0.006588,0.006592,0.01318,0.006592,0.960458
AAACGAAGAACATACC-1,0.000307,0.047991,0.060913,0.000614,0.031832,0.858343
AAACGAAGATGGAGTA-1,0.000143,0.000143,0.26697,0.570771,0.000143,0.16183
AAACGACAGTCTTGCC-1,0.256957,0.136238,0.018385,0.067761,0.095744,0.424916
AAACGAGACGGTTGAT-1,0.438531,0.004318,0.00432,0.070959,0.004318,0.477554
AAACGCCCGAGATCGG-1,0.000894,0.196455,0.546155,0.253812,0.000894,0.001789
AAACGGGCGTACGGGT-1,0.000478,0.000478,0.181782,0.33569,0.07285,0.408722
AAACGGGTTGGTATCC-1,0.531354,0.131325,0.000062,0.026465,0.041347,0.269448
AAACGGTTGCGAACTG-1,0.002911,0.002911,0.002913,0.660179,0.002911,0.328175
AAACGTGTTCGCCCTA-1,0.000533,0.000533,0.265971,0.649335,0.082563,0.001066
AAACTAACGTGGCGAC-1,0.004815,0.004816,0.016567,0.495527,0.468641,0.009635
AAACTCGGTTCGCAAT-1,0.002455,0.002455,0.002456,0.377342,0.002456,0.612837
AAACTCGTGATATAAG-1,0.00031,0.00031,0.271026,0.351042,0.098372,0.27894
AAACTGCTGGCTCCAA-1,0.000255,0.000255,0.614218,0.00051,0.000255,0.384507
AAACTTAATTGCACGC-1,0.000213,0.000213,0.46074,0.436636,0.000213,0.101983
AAACTTGCAAACGTAT-1,0.000054,0.000054,0.137587,0.282902,0.000054,0.579349
AAAGAATGACCTTAGA-1,0.318742,0.29598,0.099877,0.219945,0.007113,0.058343
AAAGACATGAAGTTTA-1,0.078663,0.000308,0.40788,0.095164,0.000308,0.417676
AAAGACCCAAGTCGCG-1,0.153774,0.001099,0.001099,0.603246,0.001098,0.239684
AAAGACTGGGCGCTTT-1,0.000121,0.000121,0.000121,0.999274,0.000121,0.000242
AAAGCTTGCCTACATA-1,0.000153,0.000153,0.1822,0.177226,0.000153,0.640115
AAAGGCCCTATAATAC-1,0.015422,0.089196,0.143771,0.471417,0.000109,0.280083
AAAGGCTACGGACCAT-1,0.001099,0.001099,0.001099,0.265232,0.001099,0.730373
AAAGGCTCTCGCGCCG-1,0.000914,0.000914,0.106383,0.074924,0.000914,0.815952
AAAGGGATGTAGCAAG-1,0.002456,0.002457,0.763836,0.223883,0.002458,0.00491
AAAGGGCAGCTTGAAT-1,0.231205,0.007611,0.089301,0.626514,0.018194,0.027174
AAAGGTAAGCTGTACC-1,0.002364,0.002364,0.086701,0.336851,0.002362,0.569358
AAAGGTCAACGACATG-1,0.000646,0.135047,0.244242,0.257656,0.000646,0.361765
AAAGTAGCATTGCTCA-1,0.00033,0.00033,0.194547,0.575457,0.17039,0.058946
AAAGTCACTGATGTAA-1,0.000097,0.000097,0.259353,0.584095,0.000097,0.156262
AAAGTGTGATTTATCT-1,0.000273,0.000273,0.585962,0.193693,0.000273,0.219527
AAAGTTGACTCCCGTA-1,0.00024,0.00024,0.407923,0.456615,0.00024,0.134742
AAATAACCATACGGGA-1,0.000501,0.000501,0.662036,0.33546,0.000501,0.001002
AAATAAGGTAGTGCCC-1,0.141822,0.000156,0.121948,0.481261,0.21195,0.042863
AAATACCTATAAGCAT-1,0.001605,0.001606,0.825299,0.166676,0.001605,0.00321
AAATAGCTTAGACTTT-1,0.001278,0.001277,0.001278,0.622278,0.001277,0.372612
AAATAGGGTGCTATTG-1,0.002783,0.002784,0.621353,0.36473,0.002782,0.005567
AAATCACTCCTAAACG-1,0.065614,0.141553,0.415872,0.197639,0.012689,0.166633
AAATCCGATACACGCC-1,0.001868,0.001868,0.165278,0.690753,0.001868,0.138365
AAATCGCGGAAGGAGT-1,0.000105,0.000105,0.000105,0.239874,0.000105,0.759705
AAATCGTGTACCACAA-1,0.00368,0.003681,0.974226,0.007362,0.003681,0.007369
AAATCTAGCCCTGCTA-1,0.000345,0.000345,0.052924,0.695876,0.115084,0.135426
AAATCTGCCCGCGTCC-1,0.000263,0.000263,0.655547,0.341745,0.000263,0.00192
AAATGATTCGATCAGC-1,0.002122,0.002122,0.559266,0.200025,0.232219,0.004246
AAATGGCATGTCTTGT-1,0.000125,0.040039,0.146108,0.104263,0.04781,0.661654
AAATGGCCCGTGCCCT-1,0.000232,0.000232,0.50618,0.143606,0.000232,0.349517
AAATGGTCAATGTGCC-1,0.002505,0.002505,0.721642,0.265834,0.002504,0.00501
AAATGTGGGTGCTCCT-1,0.051359,0.00045,0.095597,0.212895,0.00045,0.639248
AAATTACACGACTCTG-1,0.000367,0.000367,0.836711,0.161453,0.000367,0.000734
AAATTACCTATCGATG-1,0.000499,0.000499,0.62158,0.177369,0.000499,0.199554
AAATTCCAGGTCCAAA-1,0.658341,0.000053,0.000053,0.324875,0.000053,0.016625
AAATTGATAGTCCTTT-1,0.022545,0.000207,0.177213,0.188515,0.000207,0.611313
AAATTGCGGCGGTTCT-1,0.022403,0.008856,0.090589,0.831955,0.000083,0.046113
AAATTGGTGAGAAGCA-1,0.070944,0.243694,0.162999,0.386308,0.134113,0.001942
AAATTTACCGAAATCC-1,0.004176,0.004175,0.83297,0.00835,0.141977,0.008352
AAATTTGCGGGTGTGG-1,0.000317,0.000317,0.577158,0.193654,0.000317,0.228237
AACAACTGGTAGTTGC-1,0.00042,0.00042,0.30415,0.604303,0.00042,0.090286
AACAATACATTGTCGA-1,0.000098,0.000098,0.002557,0.276676,0.000098,0.720474
AACAATTACTCTACGC-1,0.132163,0.066448,0.000119,0.464716,0.233332,0.103221
AACACACGCTCGCCGC-1,0.002912,0.437023,0.002913,0.365203,0.002913,0.189036
AACACGACTGTACTGA-1,0.000235,0.039357,0.376042,0.332568,0.000235,0.251562
AACACGAGACGCGGCC-1,0.000058,0.000058,0.132952,0.334345,0.000058,0.53253
AACACGCGGCCGCGAA-1,0.141188,0.020969,0.288296,0.499691,0.000084,0.049774
AACAGCTGTGTGGCAA-1,0.000829,0.000829,0.927897,0.067958,0.000829,0.001658
AACAGGAAATCGAATA-1,0.025546,0.00006,0.258646,0.090515,0.055525,0.569708
AACAGGATGGGCCGCG-1,0.001252,0.001253,0.001252,0.72056,0.001252,0.27443
AACAGGTAGTATGGAT-1,0.152299,0.211074,0.000328,0.560818,0.013848,0.061633
AACATATCAACTGGTG-1,0.255817,0.599157,0.137537,0.005243,0.000058,0.002188
AACATCGATACGTCTA-1,0.00894,0.008936,0.937412,0.017896,0.00894,0.017876
AACATTGAAGTTGATC-1,0.436594,0.132326,0.254705,0.176045,0.00011,0.00022
AACATTGGTCAGCCGT-1,0.103024,0.000225,0.069437,0.583238,0.000225,0.243852
AACATTGTGACTCGAG-1,0.001192,0.001193,0.339224,0.654813,0.001192,0.002385
AACCAGTATCACTCTT-1,0.004039,0.149671,0.826092,0.008082,0.004038,0.008079
AACCATAGGGTTGAAC-1,0.000135,0.068991,0.327071,0.537214,0.000135,0.066454
AACCATGGGATCGCTA-1,0.036811,0.024907,0.028653,0.664912,0.002756,0.241962
AACCCATCCCATGATC-1,0.000242,0.000242,0.433056,0.366455,0.000242,0.199764
AACCCGACAACCCGTG-1,0.044211,0.106629,0.353797,0.371318,0.000086,0.123959
AACCCGAGCAGAATCG-1,0.099254,0.215006,0.000405,0.684119,0.000405,0.000811
AACCCGATAGGGCTTC-1,0.001035,0.210917,0.282492,0.502451,0.001035,0.00207
AACCCTACTGTCAATA-1,0.07911,0.00013,0.115183,0.238961,0.00013,0.566488
AACCCTGGTGGAACCA-1,0.037186,0.000182,0.470614,0.346118,0.000182,0.145717
AACCGAGCTTGGTCAT-1,0.069145,0.015381,0.567971,0.169727,0.000251,0.177525
AACCGCTAAGGGATGC-1,0.000195,0.000195,0.001421,0.100914,0.321383,0.575892
AACCGTTGTGTTTGCT-1,0.351405,0.246047,0.234181,0.111563,0.000114,0.05669
AACCTAAAGCCGTCCG-1,0.008414,0.04362,0.108149,0.027645,0.009762,0.802408
AACCTCGCTTTAGCCC-1,0.008346,0.008356,0.619904,0.338346,0.008348,0.0167
AACCTGTCACGGAATT-1,0.347532,0.000032,0.000032,0.648314,0.000032,0.004057
AACCTTTAAATACGGT-1,0.001392,0.001391,0.745759,0.247284,0.001392,0.002782
AACCTTTACGACGTCT-1,0.00045,0.00045,0.538724,0.002246,0.00045,0.457679
AACGAAAGTCGTCCCA-1,0.000154,0.000154,0.148148,0.748618,0.000154,0.102773
AACGATAATGCCGTAG-1,0.000331,0.064787,0.044726,0.000663,0.103264,0.786229
AACGATAGAAGGGCCG-1,0.102456,0.000322,0.39075,0.469081,0.000322,0.037069
AACGATATGTCAACTG-1,0.000528,0.000528,0.687987,0.227676,0.082224,0.001056
AACGCATGATCTGGGT-1,0.451607,0.086306,0.000079,0.353311,0.060974,0.047722
AACGCGAACGGCAACA-1,0.000901,0.083632,0.000901,0.789909,0.122855,0.001802
AACGCGACCTTGGGCG-1,0.001868,0.001868,0.001869,0.386036,0.001869,0.60649
AACGCGGTCTCCAGCC-1,0.001216,0.001215,0.664596,0.002432,0.001215,0.329325
AACGCTGTTGCTGAAA-1,0.002408,0.00241,0.002409,0.985547,0.002408,0.004818
AACGGACGTACGTATA-1,0.001491,0.001491,0.498213,0.315991,0.001491,0.181324
AACGGCCATCTCCGGT-1,0.100934,0.052182,0.079874,0.045794,0.000106,0.721109
AACGTACTGTGGGTAC-1,0.160893,0.000459,0.610628,0.000917,0.000458,0.226644
AACGTCAGACTAGTGG-1,0.003056,0.003056,0.569891,0.414836,0.003053,0.006108
AACGTGATGAAGGACA-1,0.00058,0.000579,0.710655,0.286447,0.00058,0.001159
AACGTGCGAAAGTCTC-1,0.001898,0.001898,0.892888,0.097624,0.001897,0.003795
AACGTTATCAGCACCT-1,0.106593,0.000136,0.000136,0.892729,0.000136,0.000271
AACTACCCGTTTGTCA-1,0.183547,0.002053,0.326101,0.354235,0.002052,0.132012
AACTAGGCTTGGGTGT-1,0.000636,0.000636,0.737654,0.095631,0.000636,0.164808
AACTCAAGTTAATTGC-1,0.042254,0.242174,0.505784,0.191235,0.017629,0.000924
AACTCCAGAGCGTGTT-1,0.003054,0.003054,0.249892,0.285994,0.003053,0.454953
AACTCCTAATCCCATG-1,0.117471,0.000377,0.516686,0.121115,0.000377,0.243974
AACTCGATAAACACGT-1,0.293057,0.000383,0.000383,0.705029,0.000383,0.000766
AACTCGATGGCGCAGT-1,0.056163,0.000091,0.144115,0.263765,0.09985,0.436017
AACTCTCAATAGAGCG-1,0.000373,0.030191,0.358979,0.164468,0.091463,0.354527
AACTCTCAGTGTGCTC-1,0.000291,0.000291,0.284931,0.071145,0.000291,0.64305
AACTGAGGTCAGCGTC-1,0.003382,0.003382,0.192852,0.006769,0.003383,0.790232
AACTGAGTTATACTGA-1,0.189221,0.062498,0.000045,0.684414,0.000045,0.063777
AACTGATATTAGGCCT-1,0.025718,0.000123,0.081763,0.144557,0.033044,0.714796
AACTGGGTCCCGACGT-1,0.001716,0.001716,0.461386,0.256506,0.001716,0.276961
AACTGGGTTCGAGCCG-1,0.000559,0.000559,0.000559,0.001118,0.000559,0.996646
AACTTCTGCGTCTATC-1,0.192128,0.000432,0.065834,0.74031,0.000432,0.000864
AACTTGCCCGTATGCA-1,0.012814,0.037943,0.150276,0.7686,0.000209,0.030158
AACTTTCTCGATCATG-1,0.000478,0.000478,0.384587,0.328451,0.000478,0.285528
AAGAAAGTTTGATGGG-1,0.052595,0.127923,0.02848,0.63142,0.000043,0.159538
AAGAAATCACCAGATT-1,0.026656,0.030574,0.086503,0.097776,0.00009,0.758401
AAGAAGGATCAGTTAG-1,0.029263,0.037574,0.002104,0.446448,0.109793,0.374819
AAGACATACGTGGTTT-1,0.141807,0.039383,0.429581,0.234819,0.0003,0.15411
AAGACCAAATAACTCA-1,0.082979,0.053449,0.276481,0.433171,0.000087,0.153833
AAGACCCAACTGAACA-1,0.002913,0.002914,0.133227,0.35191,0.002913,0.506123
AAGACTAACCCGTTGT-1,0.370992,0.059719,0.014464,0.189311,0.018058,0.347455
AAGACTCACGCCCACT-1,0.000928,0.000928,0.000928,0.001855,0.000928,0.994434
AAGACTGCAAGCTACT-1,0.002981,0.002982,0.749233,0.005963,0.232878,0.005964
AAGAGATGAATCGGTA-1,0.254832,0.093288,0.000094,0.528556,0.026604,0.096626
AAGAGGATGTACGCGA-1,0.000077,0.008754,0.161339,0.727248,0.000077,0.102506
AAGAGGCATGGATCGC-1,0.000438,0.092045,0.29132,0.393195,0.000438,0.222564
AAGAGGCCCTTTGGAA-1,0.085595,0.154632,0.142016,0.551007,0.000098,0.066652
AAGATGGCACCGGACC-1,0.019446,0.106235,0.261996,0.340441,0.025092,0.24679
AAGATTGGCGGAACGT-1,0.000485,0.000485,0.620079,0.377495,0.000485,0.00097
AAGCACCCTGCGTATC-1,0.002847,0.177829,0.642877,0.005693,0.002846,0.167907
AAGCATACTCTCCTGA-1,0.002982,0.002981,0.530023,0.390417,0.00298,0.070615
AAGCCACTTGCAGGTA-1,0.150385,0.000928,0.250253,0.307335,0.198125,0.092973
AAGCCGAAGCGGTTTA-1,0.297999,0.075721,0.128746,0.496221,0.000438,0.000876
AAGCCGCCGTGAAATC-1,0.00013,0.00013,0.457308,0.518324,0.00013,0.023979
AAGCCGCTTTACCTTG-1,0.000464,0.000464,0.383264,0.416264,0.000464,0.19908
AAGCCGGAGAGCAGGA-1,0.37583,0.058587,0.261336,0.201611,0.000241,0.102395
AAGCGCAGGGCTTTGA-1,0.001605,0.001605,0.001606,0.585902,0.001607,0.407676
AAGCGGAGTGCGCGCA-1,0.001376,0.06994,0.504039,0.420518,0.001376,0.002751
AAGCGGCGTCATGGGT-1,0.005219,0.005218,0.392546,0.581366,0.00522,0.010432
AAGCGTCCCTCATCGA-1,0.000544,0.000544,0.652884,0.344394,0.000544,0.001089
AAGCTAGATCGAGTAA-1,0.001565,0.001565,0.419416,0.00313,0.18786,0.386463
AAGCTATGGATTGACC-1,0.178135,0.16659,0.197766,0.276134,0.000161,0.181214
AAGCTCTTTCATGGTG-1,0.002783,0.110625,0.308168,0.275877,0.002782,0.299765
AAGGAGAACTTATAAG-1,0.000626,0.000626,0.114151,0.075724,0.000626,0.808247
AAGGAGCGGTTGGTGC-1,0.000125,0.000125,0.000125,0.000249,0.000125,0.999252
AAGGATCGATCGCTTG-1,0.030199,0.074829,0.013612,0.828261,0.000131,0.052968
AAGGATGAGGGACCTC-1,0.000302,0.000302,0.493188,0.000603,0.000302,0.505303
AAGGCAGGCTGTCTCC-1,0.062299,0.000123,0.015454,0.915542,0.006335,0.000247
AAGGCGCGTAAAGCTT-1,0.00107,0.195552,0.481666,0.173152,0.00107,0.14749
AAGGCTGTGCTCATCG-1,0.000487,0.000487,0.380211,0.071195,0.000487,0.547132
AAGGGAACGACTGGCT-1,0.000059,0.030779,0.179245,0.728082,0.004268,0.057566
AAGGGACAGATTCTGT-1,0.00902,0.115107,0.080919,0.000245,0.560047,0.234663
AAGGGACTATGCATTC-1,0.006276,0.033099,0.000117,0.079419,0.000117,0.880972
AAGGGTTTGATTTCAG-1,0.000415,0.304591,0.186254,0.349327,0.000415,0.158998
AAGGTATCCTAATATA-1,0.000142,0.000142,0.248085,0.274629,0.000142,0.47686
AAGGTGATAAACCAGC-1,0.030852,0.000183,0.222555,0.241453,0.035713,0.469244
AAGTAGAAGACCGGGT-1,0.076612,0.000226,0.280768,0.641714,0.000226,0.000453
AAGTAGTGACGCGAGG-1,0.238113,0.002504,0.280108,0.324743,0.149525,0.005008
AAGTCAATTGTCGTCA-1,0.000888,0.000888,0.000888,0.298692,0.278382,0.420263
AAGTCTAGTAGCTGCC-1,0.000439,0.000439,0.337586,0.21106,0.000439,0.450036
AAGTGACGACCGAATT-1,0.323258,0.306411,0.040545,0.242479,0.000047,0.087261
AAGTGAGTCGGGTTTA-1,0.002723,0.002721,0.980939,0.005447,0.002723,0.005447
AAGTGCAAAGGTAGAC-1,0.440229,0.000024,0.000024,0.559653,0.000024,0.000047
AAGTGCCTTGACTGTA-1,0.957061,0.039822,0.00008,0.000161,0.002716,0.000161
AAGTGCGTTAGAATCT-1,0.00024,0.00024,0.299558,0.489436,0.00024,0.210286
AAGTGCTTCTCTATTG-1,0.004177,0.004176,0.004175,0.246245,0.004175,0.737052
AAGTGTTTGGAGACGG-1,0.001098,0.001099,0.198063,0.282449,0.001099,0.516192
AAGTTCACTCCAAGCT-1,0.003577,0.003577,0.468921,0.513188,0.00358,0.007157
AAGTTCAGTCTGCGTA-1,0.039405,0.000187,0.282692,0.21048,0.000187,0.467049
AAGTTCGGCCAACAGG-1,0.000329,0.000329,0.262461,0.234116,0.000329,0.502437
AAGTTGTGATGTTATA-1,0.319924,0.185662,0.000203,0.214269,0.000203,0.279739
AAGTTTACTAATGGCA-1,0.004635,0.004637,0.004639,0.35378,0.004637,0.627672
AAGTTTATGGGCCCAA-1,0.000259,0.000259,0.095496,0.175724,0.000259,0.728004
AATAACACTAGAACAA-1,0.00019,0.00019,0.292675,0.139011,0.00019,0.567745
AATAAGTCCTCGAGAC-1,0.002721,0.00272,0.449233,0.042387,0.163728,0.339211
AATAATCTTCGTATCG-1,0.000206,0.000206,0.009242,0.92487,0.000206,0.065271
AATACAATGTTTCAGG-1,0.023808,0.00012,0.00012,0.856711,0.118999,0.000241
AATACCGGAGGGCTGT-1,0.001026,0.001026,0.717553,0.277316,0.001026,0.002052
AATAGAACAGAGTGGC-1,0.000311,0.000311,0.653536,0.000621,0.000311,0.34491
AATAGAATCTGTTTCA-1,0.000629,0.000629,0.544727,0.452127,0.000629,0.001258
AATAGCAAGCCTCCTG-1,0.28936,0.002722,0.539701,0.160048,0.002723,0.005446
AATAGCTACCGCGTGC-1,0.004473,0.153714,0.819448,0.008946,0.004473,0.008946
AATAGTCCGTCCCGAC-1,0.000262,0.000262,0.081226,0.377123,0.057254,0.483873
AATAGTCGCGAGTCGG-1,0.028328,0.000088,0.000088,0.948485,0.000088,0.022923
AATATCCTAGCAAACT-1,0.050849,0.000131,0.010188,0.124462,0.00435,0.81002
AATATCGAATCAATGC-1,0.192149,0.001361,0.001361,0.37915,0.001361,0.424618
AATATCGAGGGTTCTC-1,0.000151,0.000151,0.116342,0.000301,0.004154,0.878902
AATCAGACTGCAGGAC-1,0.070388,0.000043,0.162259,0.597964,0.036395,0.132951
AATCAGGTTTCATTTA-1,0.00107,0.00107,0.00107,0.304831,0.00107,0.690888
AATCATGTAAAGACTC-1,0.001002,0.001002,0.075693,0.232701,0.001002,0.688601
AATCCAAGGGCCTGAG-1,0.000064,0.006204,0.007565,0.123759,0.000064,0.862344
AATCCATGCAAGGGTG-1,0.143918,0.00022,0.00022,0.477995,0.00022,0.377426
AATCGCCTCAGCGCCA-1,0.000656,0.000656,0.517038,0.135089,0.000655,0.345906
AATCGCGCAGAGGACT-1,0.040383,0.084324,0.069654,0.769882,0.000096,0.03566
AATCGGGACACTACGA-1,0.073485,0.000803,0.234852,0.306033,0.000803,0.384023
AATCGTGAGCCGAGCA-1,0.067774,0.010635,0.090657,0.086174,0.008036,0.736724
AATCTAGGTTTACTTG-1,0.000294,0.041153,0.313131,0.328479,0.000294,0.31665
AATCTATGCCGGAGCC-1,0.023721,0.090427,0.197325,0.602858,0.069124,0.016546
AATCTGCGTTGGGACG-1,0.000572,0.000572,0.43631,0.560832,0.000572,0.001144
AATCTGGCTTTCTAGT-1,0.025627,0.000489,0.724043,0.106227,0.000489,0.143125
AATCTGGGTAGACCCT-1,0.000928,0.000928,0.052463,0.261433,0.000928,0.683321
AATGACAGCAATGTCT-1,0.000225,0.101768,0.235954,0.349853,0.153251,0.158949
AATGACGTAGGATGTC-1,0.000835,0.000835,0.814055,0.181771,0.000835,0.001669
AATGACTGTCAGCCGG-1,0.000956,0.000956,0.000956,0.100309,0.000956,0.895868
AATGATGATACGCTAT-1,0.000956,0.000956,0.993308,0.001912,0.000956,0.001912
AATGATGCGACTCCTG-1,0.003384,0.003384,0.003385,0.470386,0.076341,0.44312
AATGCAACCGGGTACC-1,0.001071,0.001071,0.298743,0.002141,0.00107,0.695904
AATGCACCAAGCAATG-1,0.002236,0.002235,0.620975,0.367845,0.002235,0.004473
AATGGCCGCCAATGCG-1,0.000599,0.50049,0.000599,0.15497,0.000599,0.342743
AATGGTCCACCGTTCA-1,0.050571,0.000066,0.000066,0.913365,0.035801,0.000131
AATGGTTCTCACAAGC-1,0.102826,0.099692,0.092526,0.518766,0.022267,0.163922
AATGTATGGCACTGTA-1,0.020181,0.147543,0.198013,0.325037,0.000218,0.309008
AATGTGCCCGAGGTGT-1,0.000417,0.000417,0.488479,0.509434,0.000417,0.000835
AATGTGCTAATCTGAG-1,0.001717,0.001716,0.001716,0.570591,0.001715,0.422545
AATGTTGTCGTGAGAC-1,0.000533,0.000533,0.000533,0.309505,0.000533,0.688364
AATTAAAGGTCGGCGT-1,0.003053,0.003054,0.680817,0.006109,0.003053,0.303914
AATTAACGGATTTCCA-1,0.000346,0.000346,0.70781,0.214927,0.075879,0.000692
AATTACGAGACCCATC-1,0.000677,0.000677,0.245111,0.201368,0.000677,0.551491
AATTAGCGCTGCAGCG-1,0.002319,0.002319,0.48276,0.278063,0.002318,0.232221
AATTCATAAGGGATCT-1,0.000347,0.000347,0.307776,0.124093,0.000347,0.567091
AATTCATTGTCATGCA-1,0.374298,0.03531,0.199841,0.119027,0.000146,0.271378
AATTCCAACTTGGTGA-1,0.314631,0.000482,0.000482,0.682961,0.000482,0.000963
AATTCCAAGCATGTAC-1,0.004317,0.004314,0.969779,0.008638,0.004316,0.008636
AATTCGATTCGAGGAT-1,0.001474,0.001473,0.001473,0.002947,0.001473,0.991159
AATTCTAGAGTTAGGC-1,0.002053,0.002052,0.002053,0.389341,0.002052,0.602448
AATTGAACGCTCTGGT-1,0.000353,0.000353,0.199297,0.000706,0.000353,0.798939
AATTGCAGCAATCGAC-1,0.05942,0.083352,0.261867,0.436878,0.000732,0.15775
AATTGCGTGGATTACA-1,0.000293,0.000293,0.474612,0.507475,0.016742,0.000585
AATTGTGGTTGCCAAA-1,0.000593,0.000594,0.318797,0.664106,0.000593,0.015317
AATTTGGGACATAGTA-1,0.000783,0.000783,0.867736,0.12835,0.000783,0.001566
AATTTGGTTCCAAAGA-1,0.000227,0.108575,0.348286,0.484599,0.000227,0.058085
ACAAACCATGCGTCCT-1,0.000605,0.000605,0.297501,0.699474,0.000605,0.00121
ACAAACCGACAAGGCG-1,0.144151,0.064644,0.004842,0.019832,0.000058,0.766473
ACAAAGAAGGTAGGCC-1,0.00013,0.00013,0.11469,0.043907,0.00013,0.841013
ACAAAGCATGACCTAG-1,0.194877,0.001927,0.001927,0.613655,0.183759,0.003855
ACAAATCGCACCGAAT-1,0.003129,0.003129,0.920066,0.064286,0.003128,0.006262
ACAAATGGTAGTGTTT-1,0.06195,0.000119,0.091445,0.237515,0.000119,0.608852
ACAAATTCAGATCTGA-1,0.005962,0.005964,0.601544,0.011924,0.005962,0.368643
ACAACAGCATGAGCTA-1,0.001605,0.001605,0.001606,0.611525,0.083313,0.300346
ACAACGGTCCCTGCGA-1,0.862775,0.000224,0.000224,0.10033,0.035999,0.000448
ACAAGCAGTGCCTAGC-1,0.0002,0.0002,0.0002,0.998802,0.0002,0.000399
ACAAGGAAATCCGCCC-1,0.000764,0.157268,0.450776,0.154306,0.000763,0.236122
ACAAGGACAAGAGGTT-1,0.347727,0.209469,0.002277,0.004555,0.002276,0.433697
ACAAGGATGCTTTAGG-1,0.00187,0.00187,0.304789,0.440525,0.001869,0.249077
ACAAGGCCTACCAGCC-1,0.001079,0.001079,0.00108,0.415275,0.001079,0.580407
ACAAGGGCAGGCTCTG-1,0.000803,0.000803,0.463616,0.532372,0.000803,0.001605
ACAATAGTCGTACGTT-1,0.000193,0.000193,0.544809,0.454228,0.000193,0.000385
ACAATCGATCTTTATA-1,0.002054,0.030195,0.002053,0.004107,0.002052,0.95954
ACAATGAATACGGAGA-1,0.000768,0.000768,0.83549,0.097771,0.000768,0.064434
ACAATGATTCTTCTAC-1,0.223482,0.005963,0.514802,0.011922,0.005963,0.237867
ACAATTGTGTCTCTTT-1,0.002666,0.002666,0.002664,0.616903,0.369773,0.005328
ACAATTTGAGCAGTGG-1,0.000237,0.006513,0.332194,0.117237,0.022407,0.521412
ACAATTTGGCCATATT-1,0.113741,0.030724,0.000107,0.828445,0.000107,0.026876
ACACAAAGACGGGTGG-1,0.076293,0.10406,0.150132,0.000275,0.000137,0.669103
ACACAAATATTCCTAG-1,0.09626,0.001815,0.294927,0.601554,0.001814,0.00363
ACACACCAGGACCAGT-1,0.000334,0.000334,0.380083,0.019676,0.272691,0.326882
ACACACTTTCTACACG-1,0.002457,0.002456,0.707979,0.232563,0.002457,0.052089
ACACATGATCAAATCT-1,0.133938,0.1782,0.130607,0.419603,0.00022,0.137432
ACACCACATAATTAGC-1,0.050394,0.000319,0.385413,0.11799,0.000319,0.445565
ACACCCAGCATGCAGC-1,0.00018,0.00018,0.052877,0.489233,0.015445,0.442085
ACACCCGAGAAATCCG-1,0.138463,0.001171,0.034907,0.821948,0.00117,0.002341
ACACCCGTAAATCTGT-1,0.097802,0.236957,0.131775,0.341786,0.000094,0.191586
ACACCGGTCTGACCGC-1,0.102557,0.019949,0.182266,0.597645,0.083243,0.014339
ACACCTTAAGTAGGGC-1,0.303785,0.011444,0.001099,0.347729,0.122567,0.213377
ACACCTTACTACTTGC-1,0.070674,0.061571,0.013508,0.789219,0.00598,0.059047
ACACGAGACTCCTTCT-1,0.000252,0.069951,0.356703,0.000505,0.332117,0.240472
ACACGGCACTATGCAT-1,0.003305,0.168823,0.200629,0.397881,0.000183,0.22918
ACACGGGAACTTAGGG-1,0.000156,0.000156,0.136059,0.136854,0.000156,0.72662
ACACGTAGGCCACAAG-1,0.032117,0.040393,0.26542,0.514289,0.005685,0.142097
ACACTGATCAAGGTGT-1,0.003384,0.003384,0.733918,0.249161,0.003383,0.006771
ACACTGGGACAGTCGT-1,0.00031,0.00031,0.236865,0.65536,0.00031,0.106845
ACAGAACTGAGAACAA-1,0.000101,0.141119,0.165568,0.553783,0.000101,0.139328
ACAGATTAGGTTAGTG-1,0.005218,0.005219,0.005219,0.250321,0.342434,0.391589
ACAGCATAGAGCCAGT-1,0.000272,0.000272,0.614439,0.360098,0.024374,0.000544
ACAGCGACATTCTCAT-1,0.269443,0.166832,0.000114,0.220448,0.000114,0.343048
ACAGCGCACCCGCAGC-1,0.000677,0.000677,0.837755,0.040588,0.118949,0.001354
ACAGGCACGGATCCTT-1,0.138581,0.000846,0.000846,0.071458,0.000846,0.787422
ACAGGCTTGCCCGACT-1,0.001927,0.126917,0.001927,0.003854,0.001926,0.86345
ACAGGTGGAGGTGAGG-1,0.00043,0.00043,0.807884,0.166629,0.00043,0.024196
ACAGTAATACAACTTG-1,0.00014,0.036119,0.227333,0.142816,0.00014,0.593452
ACAGTATACCGTGGGA-1,0.000708,0.035836,0.232412,0.662573,0.000708,0.067763
ACAGTGCAGCGCATTT-1,0.001491,0.082806,0.365266,0.002981,0.00149,0.545966
ACATAAGTCGTGGTGA-1,0.000138,0.000138,0.1158,0.254399,0.078452,0.551072
ACATAATAAGGCGGTG-1,0.000302,0.000302,0.147862,0.350962,0.000302,0.50027
ACATCAGCTGGGACGC-1,0.001362,0.001362,0.212118,0.781075,0.001361,0.002722
ACATCCCGGCCATACG-1,0.000639,0.091317,0.000639,0.001278,0.000639,0.905489
ACATCCTGGTAACTGT-1,0.214802,0.14967,0.153265,0.205897,0.000193,0.276173
ACATCGATCGTTTACC-1,0.00028,0.00028,0.00028,0.123001,0.000279,0.875881
ACATCGGTCAGCCGCG-1,0.000457,0.000457,0.618979,0.378736,0.000457,0.000914
ACATCGTATGCAATGG-1,0.000128,0.020104,0.000128,0.000257,0.000128,0.979254
ACATCGTTAACCTAGT-1,0.000542,0.000542,0.683022,0.096245,0.000542,0.219107
ACATCTCAACGCGTAA-1,0.000793,0.000793,0.351506,0.001585,0.000793,0.644531
ACATGCTTACGGCAGC-1,0.000297,0.000297,0.000297,0.65582,0.000297,0.34299
ACATGGCGCCAAAGTA-1,0.001118,0.001118,0.188644,0.563954,0.086551,0.158614
ACATGGCTCAATTTAG-1,0.000346,0.000346,0.000346,0.997925,0.000346,0.000692
ACATTAGTTTATATCC-1,0.002053,0.002053,0.731067,0.107858,0.002052,0.154917
ACATTCGCGCGGAATA-1,0.00107,0.099858,0.00107,0.288457,0.072479,0.537065
ACCAAACACCCAGCGA-1,0.000168,0.000168,0.018157,0.178443,0.043452,0.759612
ACCAAACTAGAAATCC-1,0.086623,0.00475,0.102564,0.171766,0.000112,0.634185
ACCAACACCACACACT-1,0.002021,0.002021,0.00202,0.004041,0.002019,0.987878
ACCAACCGCACTCCAC-1,0.001227,0.001228,0.001228,0.172079,0.001228,0.823011
ACCAACGCTTATTTAT-1,0.000307,0.000307,0.000307,0.126345,0.000307,0.872428
ACCAAGAACGCGTGTC-1,0.000269,0.210531,0.272738,0.363745,0.000269,0.152448
ACCAATATGCAAGTTA-1,0.002722,0.002722,0.757978,0.228412,0.002722,0.005444
ACCACAACTCAGAACA-1,0.00015,0.00015,0.128911,0.072561,0.00015,0.798077
ACCACAAGTTTCTATC-1,0.042468,0.000236,0.241911,0.621925,0.000236,0.093225
ACCACCAATGTAACAA-1,0.000808,0.000808,0.173941,0.575711,0.000808,0.247925
ACCACCCTCTCTTCTA-1,0.001079,0.35239,0.00108,0.00216,0.001079,0.642212
ACCACGTGCAGCTATA-1,0.000858,0.000858,0.264068,0.001716,0.000858,0.731642
ACCAGCCCGGTCTTTG-1,0.000882,0.000882,0.302559,0.001764,0.000882,0.693032
ACCAGGAGTGTGATCT-1,0.000949,0.000949,0.468457,0.226762,0.000949,0.301935
ACCAGTGCCCGGTCAA-1,0.005691,0.005693,0.005694,0.678886,0.005693,0.298344
ACCAGTGCGGGAGACG-1,0.00501,0.251193,0.669698,0.01002,0.054063,0.010016
ACCATATCCGCAATAA-1,0.130854,0.000352,0.417912,0.155971,0.000352,0.294559
ACCATCCGCCAACTAG-1,0.000085,0.000085,0.020397,0.016142,0.000085,0.963208
ACCATCGTATATGGTA-1,0.000921,0.000921,0.534031,0.290061,0.000921,0.173146
ACCCAACGCCCGTGGC-1,0.000331,0.000331,0.46973,0.48077,0.048175,0.000662
ACCCACCTACATGCTC-1,0.240406,0.060098,0.033653,0.654489,0.000105,0.011248
ACCCATCTTGAGGGTA-1,0.051278,0.312038,0.001407,0.551191,0.001408,0.082678
ACCCATTTGTCCCTCT-1,0.014533,0.076418,0.032285,0.287646,0.000101,0.589017
ACCCGAGCGAAATTAC-1,0.000441,0.018002,0.663164,0.188606,0.000441,0.129346
ACCCGATTGGTTCCGA-1,0.001391,0.001391,0.001391,0.194734,0.001392,0.7997
ACCCGGAAACTCCCAG-1,0.000142,0.000142,0.181101,0.171969,0.000142,0.646503
ACCCGGAGCACCACAA-1,0.004491,0.000412,0.081224,0.912637,0.000412,0.000824
ACCCGGATGACGCATC-1,0.471241,0.206751,0.117901,0.178566,0.000112,0.025429
ACCCGGTTACACTTCC-1,0.000277,0.000277,0.431971,0.237558,0.015066,0.314851
ACCCGTAGCAGAGAAT-1,0.000099,0.065677,0.08994,0.72814,0.000099,0.116044
ACCCGTAGTCTAGTTG-1,0.002664,0.358034,0.002664,0.496986,0.002663,0.136988
ACCCGTGTCATCAGTA-1,0.00272,0.00272,0.322687,0.168164,0.002723,0.500986
ACCCTATAGGACTGAG-1,0.283411,0.177334,0.033037,0.442355,0.000016,0.063847
ACCCTATGCCATATCG-1,0.000802,0.000802,0.200104,0.340596,0.000802,0.456893
ACCCTCCCGTCAGGGC-1,0.035417,0.023392,0.001115,0.104348,0.082606,0.753122
ACCCTCCCTTGCTATT-1,0.008938,0.008941,0.53795,0.417342,0.008939,0.01789
ACCCTGGTAACGCCCT-1,0.437317,0.45776,0.103678,0.000498,0.000249,0.000498
ACCCTTCATCTGCGAA-1,0.000183,0.000183,0.209841,0.16282,0.000183,0.626792
ACCCTTGCCTGGGTCG-1,0.00058,0.00058,0.306458,0.690643,0.00058,0.00116
ACCCTTTAGTTCTCCA-1,0.005962,0.005964,0.796482,0.011924,0.005959,0.173709
ACCGAAAGGGCCCTGC-1,0.0001,0.0001,0.342823,0.482852,0.118376,0.055749
ACCGAAGAGTCTGGTT-1,0.068267,0.000114,0.05266,0.684135,0.033164,0.161662
ACCGACACATCTCCCA-1,0.000401,0.000401,0.676153,0.112504,0.000401,0.210139
ACCGACTGAGTCCCAC-1,0.000117,0.03414,0.000117,0.000233,0.398922,0.566472
ACCGAGTCTCCTTATT-1,0.193577,0.806301,0.00002,0.000041,0.00002,0.000041
ACCGATAGGCATAACC-1,0.001716,0.001716,0.001716,0.743318,0.248104,0.003431
ACCGATATTTAATCAT-1,0.198335,0.000438,0.000438,0.663687,0.000438,0.136664
ACCGATGGTAGCATCG-1,0.000269,0.000269,0.266955,0.436016,0.000269,0.296222
ACCGCAATAACTGCCT-1,0.001927,0.133743,0.583419,0.275132,0.001927,0.003852
ACCGCGGTGGAAGTCG-1,0.192738,0.001216,0.001216,0.568722,0.001216,0.234892
ACCGCTAGTCATTGGT-1,0.041697,0.045234,0.309986,0.492964,0.000485,0.109634
ACCGGGCCTTTGTTGA-1,0.498055,0.216561,0.000783,0.085117,0.000782,0.198703
ACCGGTCAGGTACACC-1,0.255072,0.269699,0.274786,0.178742,0.021432,0.000269
ACCGGTCTGAGTACGG-1,0.001035,0.191445,0.001035,0.327287,0.001035,0.478163
ACCGTCCACTGGGCCC-1,0.262696,0.076982,0.18555,0.240619,0.000127,0.234026
ACCGTGACCACGTGGG-1,0.035091,0.000204,0.616837,0.289273,0.015001,0.043593
ACCGTTCCCGCTCTGA-1,0.000901,0.000901,0.52527,0.001802,0.000901,0.470226
ACCTAAGTACCTTTCA-1,0.000268,0.086636,0.278768,0.547368,0.000268,0.086693
ACCTAATCGACTTCCT-1,0.001265,0.001265,0.482831,0.510845,0.001265,0.00253
ACCTACAGTATGTGGT-1,0.392703,0.000113,0.021074,0.54367,0.000113,0.042328
ACCTACTATAAATCTA-1,0.00167,0.00167,0.187118,0.378503,0.001669,0.42937
ACCTCCGCCCTCGCTG-1,0.06213,0.000265,0.300108,0.348913,0.000265,0.288318
ACCTCCGTTATTCACC-1,0.050573,0.439886,0.00026,0.133583,0.00026,0.375437
ACCTCGAACTTATGCT-1,0.000626,0.000626,0.070988,0.71457,0.160055,0.053134
ACCTGCGTGTCATGTT-1,0.000272,0.000272,0.797023,0.201619,0.000272,0.000543
ACCTTTCCTTTAGAAG-1,0.404711,0.362903,0.030135,0.000206,0.000103,0.201942
ACGAAATGGGCGGCAC-1,0.00035,0.00035,0.110025,0.888226,0.00035,0.0007
ACGACCCATGAGTTGC-1,0.091932,0.074925,0.196247,0.212671,0.10536,0.318864
ACGACTGGTCATACTC-1,0.001473,0.001474,0.783489,0.054151,0.001473,0.15794
ACGAGAACCCATCACG-1,0.035993,0.000187,0.256177,0.707082,0.000187,0.000374
ACGAGATATTTGCTTA-1,0.147385,0.045381,0.395262,0.018092,0.092634,0.301245
ACGAGGATACCACTCT-1,0.000344,0.000344,0.603365,0.394915,0.000344,0.000688
ACGAGGTTTACAACGT-1,0.000216,0.000216,0.385259,0.268747,0.000216,0.345348
ACGAGTACGGATGCCC-1,0.000203,0.000203,0.011286,0.042211,0.074855,0.871243
ACGATACATAGAACTA-1,0.000263,0.000263,0.046764,0.257252,0.000263,0.695196
ACGATCATACATAGAG-1,0.000388,0.000388,0.535859,0.000775,0.000388,0.462203
ACGATCATCTTGTAAA-1,0.000311,0.000311,0.207468,0.743831,0.000311,0.047769
ACGATGCATATGTTAT-1,0.001376,0.001376,0.632919,0.3602,0.001376,0.002752
ACGATGGATCCGATGC-1,0.04335,0.000256,0.473989,0.33748,0.000256,0.144671
ACGCAAACTAATAGAT-1,0.0004,0.069083,0.548909,0.102766,0.0004,0.278442
ACGCAATCACTACAGC-1,0.000741,0.264347,0.279916,0.452773,0.000741,0.001482
ACGCATAAATGACATG-1,0.002912,0.166295,0.297954,0.005824,0.136341,0.390674
ACGCATACGTTTACTA-1,0.000409,0.000409,0.335575,0.430954,0.000409,0.232243
ACGCATTCGTGAGTAC-1,0.004476,0.004478,0.968685,0.008944,0.004472,0.008945
ACGCCAGATGATTTCT-1,0.147123,0.000901,0.561917,0.287357,0.000901,0.001801
ACGCCCAGCTGTCGAT-1,0.000409,0.479387,0.000409,0.000818,0.11442,0.404556
ACGCCGCTAGACGACC-1,0.000567,0.000567,0.556244,0.304072,0.000567,0.137984
ACGCGAAGTCAGACGA-1,0.00202,0.00202,0.823339,0.166561,0.00202,0.00404
ACGCGCTACACAGGGT-1,0.000159,0.000159,0.276654,0.672884,0.011037,0.039107
ACGCTAGTATCAGTGC-1,0.138633,0.114379,0.168913,0.25397,0.000272,0.323834
ACGCTAGTGATACACT-1,0.024948,0.000091,0.05377,0.089763,0.019112,0.812316
ACGCTGTGAGGCGTAG-1,0.108391,0.041329,0.457076,0.192915,0.000172,0.200116
ACGCTTAGTGTCTCTC-1,0.217067,0.000659,0.000659,0.001318,0.27562,0.504677
ACGGACGCAGCGACAA-1,0.000213,0.000213,0.020876,0.957624,0.000213,0.020863
ACGGACTCTCAAAGCG-1,0.000158,0.000158,0.000158,0.102453,0.000158,0.896915
ACGGAGCGCAAATTAC-1,0.0007,0.0007,0.000699,0.001399,0.000699,0.995803
ACGGATGGTGCGGATA-1,0.003212,0.195913,0.784818,0.006424,0.003211,0.006423
ACGGCACTTGCTTGGG-1,0.000567,0.000567,0.587422,0.409744,0.000567,0.001133
ACGGCCAACATGGACT-1,0.000237,0.000237,0.000237,0.000473,0.000237,0.99858
ACGGCGACGATGGGAA-1,0.219805,0.000531,0.256391,0.299765,0.000531,0.222978
ACGGCGGGTTGCCCTG-1,0.127048,0.041806,0.025285,0.629831,0.102927,0.073104
ACGGCTGGATGTAGAA-1,0.000114,0.000114,0.270839,0.573593,0.060214,0.095125
ACGGGAGTGTCGGCCC-1,0.160887,0.243991,0.112809,0.481963,0.000116,0.000233
ACGGGCGTATGCGACA-1,0.103592,0.245976,0.13707,0.49779,0.000297,0.015274
ACGGGTTGTGACCTGT-1,0.073226,0.000263,0.098707,0.75224,0.000263,0.0753
ACGGTCACCGAGAACA-1,0.007524,0.122397,0.15274,0.607659,0.034149,0.075532
ACGTACAGATTTCTCT-1,0.12627,0.05662,0.43695,0.127347,0.00033,0.252483
ACGTACTTTGGCACGG-1,0.501693,0.404222,0.000028,0.033861,0.005326,0.05487
ACGTAGATTGCTGATG-1,0.379162,0.09672,0.503924,0.008081,0.004038,0.008076
ACGTAGGAGAGTCGCT-1,0.780984,0.031266,0.031283,0.062663,0.031274,0.062531
ACGTATTACTCCGATC-1,0.000169,0.000169,0.170548,0.605707,0.000169,0.223238
ACGTCCTAAACGAGAT-1,0.00042,0.056636,0.00042,0.00084,0.00042,0.941263
ACGTCGGGCAACTCGG-1,0.000111,0.000111,0.028234,0.233817,0.155006,0.582721
ACGTCTCGTTCCGGGA-1,0.000476,0.000476,0.887466,0.100113,0.000476,0.010993
ACGTGACAAAGTAAGT-1,0.00011,0.014285,0.258658,0.026367,0.034333,0.666248
ACGTGCGCCTCGTGCA-1,0.00083,0.000829,0.202193,0.243374,0.000829,0.551944
ACGTGGTCGAATGTGC-1,0.005007,0.005005,0.005007,0.010015,0.00501,0.969957
ACGTTAATGTCGAAGA-1,0.000684,0.000684,0.975901,0.020678,0.000684,0.001369
ACGTTAGATTTGCCCG-1,0.153078,0.000963,0.715903,0.127166,0.000963,0.001926
ACGTTATTGGTCACTC-1,0.000136,0.000136,0.000136,0.939008,0.060313,0.000272
ACGTTCACTATGCCGC-1,0.000207,0.097202,0.392605,0.289391,0.000207,0.220388
ACGTTCCGCGCTCCGT-1,0.000343,0.000343,0.534431,0.230966,0.05398,0.179937
ACGTTCGCAATCAATT-1,0.000963,0.000964,0.268297,0.304602,0.423247,0.001927
ACGTTCGTTCAGGAAA-1,0.000505,0.000505,0.000505,0.00101,0.000505,0.99697
ACGTTCTGTACAAGTC-1,0.119395,0.002236,0.527155,0.344505,0.002236,0.004473
ACGTTGTCGTTGAAAG-1,0.022166,0.08576,0.367625,0.148145,0.149031,0.227273
ACGTTTAGTTGTGATC-1,0.152103,0.00027,0.044014,0.214381,0.00027,0.588962
ACTAAGGACGCACACC-1,0.000907,0.177633,0.120576,0.698161,0.000908,0.001815
ACTAATACGTCAGGCG-1,0.013476,0.262905,0.000114,0.000227,0.72305,0.000227
ACTACAAAGAGAGGTG-1,0.130324,0.001456,0.072944,0.002913,0.001456,0.790908
ACTACATCCCGACAAG-1,0.000115,0.014971,0.239206,0.697892,0.000115,0.047701
ACTACCAGCTCTCTGG-1,0.005218,0.00522,0.005218,0.659248,0.00522,0.319875
ACTACCATCCGAGGGC-1,0.128681,0.00042,0.00042,0.000841,0.00042,0.869218
ACTACGCGTTAGAATT-1,0.044123,0.000287,0.000287,0.000573,0.000287,0.954444
ACTAGTTGCGATCGTC-1,0.203169,0.00167,0.463414,0.292251,0.036157,0.003339
ACTATATGCTGTGTTC-1,0.001128,0.001128,0.001128,0.002255,0.317622,0.676738
ACTATCCAGGGCATGG-1,0.001052,0.041774,0.323639,0.630377,0.001052,0.002105
ACTATCTGCCCGCGTA-1,0.195833,0.000876,0.136776,0.530745,0.039727,0.096044
ACTATGTCCAGCTGCC-1,0.075653,0.000676,0.082044,0.056964,0.78327,0.001391
ACTATTCGTCCGTGGT-1,0.119692,0.077341,0.186051,0.123977,0.457977,0.034963
ACTATTTCCGGGCCCA-1,0.000252,0.000251,0.463603,0.046276,0.000251,0.489366
ACTCAACGAATGTATT-1,0.000113,0.000113,0.133473,0.496839,0.009502,0.35996
ACTCAAGTGCAAGGCT-1,0.004474,0.004473,0.514345,0.463287,0.004476,0.008945
ACTCAATAAAGGCACG-1,0.000515,0.000515,0.65796,0.339464,0.000515,0.00103
ACTCATGGCAGCCTTC-1,0.000334,0.110601,0.000334,0.887729,0.000334,0.000668
ACTCCAATATCATCAT-1,0.17148,0.408334,0.055859,0.255816,0.005088,0.103424
ACTCCCATTCCTAAAG-1,0.000173,0.000173,0.159375,0.267849,0.011954,0.560475
ACTCCCGAATTCGTTT-1,0.335049,0.170181,0.219892,0.2745,0.000126,0.000252
ACTCCCGTAGACTAGG-1,0.001897,0.001896,0.334758,0.070656,0.001897,0.588897
ACTCCCTAATGCTAAA-1,0.002565,0.000125,0.294671,0.327493,0.000125,0.37502
ACTCCCTAGAATAGTA-1,0.27875,0.001927,0.533038,0.003854,0.001927,0.180505
ACTCCGGCCGACCACT-1,0.07021,0.108266,0.16317,0.455083,0.0226,0.180672
ACTCGATGTATTTCAT-1,0.167835,0.000082,0.000082,0.831756,0.000082,0.000164
ACTCGCCGTTCGATAA-1,0.109809,0.269032,0.000235,0.000471,0.000235,0.620217
ACTCGCGATCTGACGC-1,0.000157,0.050102,0.114338,0.835007,0.000132,0.000265
ACTCGTAACCCGTCCT-1,0.332752,0.35813,0.179179,0.129616,0.000107,0.000215
ACTCGTCAGTAATCCC-1,0.001204,0.001204,0.546091,0.447889,0.001204,0.002408
ACTCTCTGACTTAGGT-1,0.000153,0.000153,0.000153,0.000306,0.092649,0.906586
ACTCTCTTATACACGA-1,0.000533,0.000533,0.666671,0.165845,0.099006,0.067413
ACTCTGACCTAATAGA-1,0.000226,0.000226,0.000226,0.537708,0.00667,0.454945
ACTCTTCAGCTCCCGC-1,0.16095,0.060886,0.080191,0.347415,0.000432,0.350126
ACTCTTGTATAGTAAC-1,0.002504,0.002504,0.811446,0.005008,0.002505,0.176034
ACTGAAACGCCGTTAG-1,0.193576,0.003296,0.003296,0.238713,0.003294,0.557825
ACTGAATGGCGAAAGT-1,0.001108,0.001108,0.001108,0.089507,0.057487,0.849682
ACTGATTTAGTGATTC-1,0.184429,0.000829,0.590356,0.001659,0.063594,0.159133
ACTGCCCGCCATTCTC-1,0.000143,0.128335,0.295319,0.218564,0.000143,0.357496
ACTGCCGTCGTAACTC-1,0.000319,0.045192,0.530718,0.375442,0.000319,0.048011
ACTGCGGACACACCGT-1,0.000101,0.000101,0.000101,0.866784,0.132712,0.000201
ACTGCTCGGAAGGATG-1,0.003707,0.000108,0.205014,0.428093,0.111438,0.25164
ACTGGCGAACCTGCGT-1,0.00087,0.078294,0.144832,0.552793,0.00087,0.222343
ACTGGGATGCCAGTGC-1,0.000124,0.052763,0.229703,0.223702,0.007424,0.486284
ACTGTACGATACACAT-1,0.000711,0.000711,0.599445,0.396999,0.000711,0.001422
ACTGTAGCACTTTGGA-1,0.405813,0.00313,0.310193,0.27147,0.003131,0.006262
ACTGTATACGCGAGCA-1,0.070832,0.091462,0.14791,0.542517,0.044483,0.102795
ACTGTCCAGGATTATA-1,0.472445,0.002455,0.393623,0.12411,0.002455,0.004912
ACTGTCTTCTTTAGAA-1,0.009572,0.000231,0.373769,0.260949,0.000231,0.355246
ACTGTGCTAGTAGATC-1,0.003565,0.000127,0.140144,0.661877,0.000127,0.194161
ACTGTTTAGTGTAGGC-1,0.001018,0.001018,0.602614,0.002036,0.001018,0.392296
ACTTACCGGGCGCGCA-1,0.000193,0.000193,0.225636,0.079491,0.01058,0.683908
ACTTACGCATCCACGC-1,0.094367,0.175507,0.214029,0.394459,0.001605,0.120033
ACTTAGTACGACAAGA-1,0.034877,0.029475,0.178818,0.501831,0.03169,0.223309
ACTTATACTTACCCGG-1,0.000377,0.000377,0.666611,0.331503,0.000377,0.000754
ACTTATCTGATCTATA-1,0.000332,0.580026,0.000332,0.092362,0.000332,0.326616
ACTTATTAGGATCGGT-1,0.00596,0.005958,0.680076,0.011926,0.005961,0.29012
ACTTATTTATGTGCCA-1,0.000324,0.000324,0.322781,0.000647,0.062625,0.6133
ACTTCAGGCTGATCCC-1,0.043758,0.00167,0.00167,0.726183,0.001669,0.22505
ACTTCCAGTGGAAGCT-1,0.000157,0.000157,0.346445,0.195093,0.000157,0.457991
ACTTCCATGCGGGACA-1,0.00659,0.00659,0.006592,0.597691,0.006593,0.375944
ACTTCCTGTCGTGCGA-1,0.237611,0.001332,0.001332,0.210494,0.001332,0.547898
ACTTCGCCATACGCAC-1,0.000389,0.000389,0.556671,0.115358,0.000389,0.326804
ACTTCGCTAGCGAGTG-1,0.031111,0.000232,0.154287,0.043541,0.000232,0.770598
ACTTGACTCCCTCTTT-1,0.000322,0.000322,0.242923,0.432451,0.000322,0.323661
ACTTGCCATATTGTAC-1,0.005217,0.005221,0.823175,0.010432,0.145521,0.010435
ACTTGCTCTATCTACC-1,0.000299,0.000299,0.461728,0.199349,0.000299,0.338026
ACTTGGGACCCGGTGG-1,0.000511,0.000511,0.717045,0.2804,0.000511,0.001022
ACTTGTAGTCCCTTCA-1,0.000265,0.000265,0.4806,0.296556,0.000265,0.222048
ACTTGTGGATGGAACG-1,0.248695,0.000649,0.06489,0.549764,0.000649,0.135354
ACTTTACCCTCATGAA-1,0.00015,0.00015,0.276865,0.480004,0.158202,0.084629
ACTTTATACACCACTT-1,0.000095,0.030173,0.13596,0.736643,0.000095,0.097033
ACTTTCCTATAGCTTC-1,0.169848,0.245565,0.172625,0.123531,0.03789,0.250541
ACTTTGACTGCATCCT-1,0.010688,0.290363,0.375896,0.152925,0.000176,0.169953
ACTTTGGTCGTGCTCC-1,0.01686,0.247073,0.048409,0.383895,0.000227,0.303537
ACTTTGTCGACGCACT-1,0.002277,0.002277,0.002277,0.98634,0.002276,0.004553
AGAAATTATGACTCGC-1,0.000935,0.000935,0.000935,0.772438,0.000934,0.223824
AGAACACGGCGATGGT-1,0.042695,0.000531,0.000531,0.819056,0.000531,0.136657
AGAACCCAGCGTGACA-1,0.057917,0.000074,0.000074,0.9349,0.000074,0.006961
AGAACCCTCAATTGGG-1,0.00016,0.00016,0.376241,0.249231,0.090774,0.283435
AGAACGTGGTACATTC-1,0.000608,0.000608,0.763767,0.233194,0.000608,0.001216
AGAAGAGCGCCGTTCC-1,0.002555,0.002555,0.98211,0.005112,0.002555,0.005112
AGAAGGTACACTTCAC-1,0.000112,0.011093,0.000112,0.000224,0.000112,0.988348
AGAAGGTTGCCGAATT-1,0.000426,0.000426,0.679297,0.000852,0.318147,0.000852
AGAAGGTTGTAGGTCG-1,0.000656,0.000656,0.300047,0.277881,0.000656,0.420106
AGAAGTGATTCGTGAT-1,0.069883,0.061479,0.072874,0.395452,0.000093,0.400219
AGAATGCGGGTTCGGA-1,0.003385,0.003386,0.976307,0.006768,0.003384,0.00677
AGAATTATGGATTCGA-1,0.000235,0.000235,0.292258,0.30931,0.000235,0.397728
AGACAGCTCAGAATCC-1,0.04752,0.000096,0.000096,0.951998,0.000096,0.000193
AGACAGGCATCTCAGC-1,0.000121,0.000121,0.000121,0.986498,0.000121,0.013017
AGACCAAACCACACCT-1,0.030049,0.022701,0.066869,0.156142,0.000084,0.724155
AGACCATGGGATACAA-1,0.275719,0.073936,0.00029,0.554004,0.00029,0.095761
AGACCCACCGCTGATC-1,0.001815,0.230229,0.001815,0.179486,0.001814,0.584841
AGACCCGCCCTCCTCG-1,0.001567,0.001566,0.882435,0.003132,0.001565,0.109736
AGACCGCTCCGCGGTT-1,0.027919,0.147858,0.035705,0.577426,0.10513,0.105961
AGACCGGGAAACCCTG-1,0.000064,0.000064,0.335215,0.114195,0.061601,0.488861
AGACGAAGTGCCGGTC-1,0.001139,0.001139,0.001139,0.899894,0.001139,0.095552
AGACGACGATGCCGCT-1,0.000152,0.000152,0.128697,0.589574,0.12255,0.158876
AGACGCCCACTTCGCC-1,0.000457,0.000457,0.000457,0.471482,0.084753,0.442393
