Barcode,Topic 1,Topic 2,Topic 3to4,Topic 5to9
AAACAACGAATAGTTC-1,0.000576,0.414465,0.582079,0.002881
AAACAAGTATCTCCCA-1,0.000032,0.032985,0.46691,0.500073
AAACAATCTACTAGCA-1,0.001389,0.00139,0.528723,0.468498
AAACACCAATAACTGC-1,0.000028,0.03865,0.385584,0.575739
AAACAGCTTTCAGAAG-1,0.000061,0.01116,0.903587,0.085191
AAACAGGGTCTATATT-1,0.000022,0.001594,0.029987,0.968397
AAACATTTCCCGGATT-1,0.000033,0.078372,0.317625,0.60397
AAACCCGAACGAAATC-1,0.000028,0.103221,0.365846,0.530904
AAACCGGAAATGTTAA-1,0.000026,0.01556,0.182985,0.801429
AAACCGGGTAGGTACC-1,0.000059,0.101836,0.653467,0.244638
AAACCGTTCGTCCAGG-1,0.000026,0.148629,0.13682,0.714525
AAACCTAAGCAGCCGG-1,0.00007,0.157213,0.825523,0.017194
AAACCTCATGAAGTTG-1,0.000025,0.000025,0.015097,0.984853
AAACGAAGAACATACC-1,0.000206,0.262382,0.44189,0.295522
AAACGAAGATGGAGTA-1,0.000027,0.03685,0.163147,0.799976
AAACGAGACGGTTGAT-1,0.000068,0.346884,0.380049,0.272999
AAACGCTGGGCACGAC-1,0.000153,0.101433,0.001223,0.897191
AAACGGGCGTACGGGT-1,0.000078,0.000078,0.999455,0.000389
AAACGGGTTGGTATCC-1,0.000437,0.000438,0.996936,0.002189
AAACGGTTGCGAACTG-1,0.000058,0.28599,0.423709,0.290244
AAACGTGTTCGCCCTA-1,0.000027,0.000027,0.425053,0.574893
AAACTCGGTTCGCAAT-1,0.000033,0.138113,0.240866,0.620988
AAACTTGCAAACGTAT-1,0.000026,0.00314,0.022698,0.974136
AAAGAATGTGGACTAA-1,0.00014,0.00014,0.00552,0.9942
AAAGACCCAAGTCGCG-1,0.002415,0.322344,0.663154,0.012086
AAAGACTGGGCGCTTT-1,0.000038,0.000038,0.832388,0.167535
AAAGCTTGCCTACATA-1,0.00003,0.077084,0.158289,0.764597
AAAGGGATGTAGCAAG-1,0.000085,0.178013,0.728593,0.093309
AAAGGGCAGCTTGAAT-1,0.00004,0.039096,0.539237,0.421627
AAAGTAGCATTGCTCA-1,0.000019,0.000019,0.072935,0.927027
AAAGTCACTGATGTAA-1,0.002525,0.002527,0.541819,0.453129
AAAGTCGACCCTCAGT-1,0.000036,0.06873,0.337291,0.593944
AAAGTGCCATCAATTA-1,0.00003,0.068181,0.521712,0.410077
AAAGTGTGATTTATCT-1,0.000067,0.0709,0.545709,0.383325
AAAGTTGACTCCCGTA-1,0.000029,0.037752,0.000058,0.962161
AAATAAGGTAGTGCCC-1,0.000018,0.006869,0.000036,0.993076
AAATAGCTTAGACTTT-1,0.000037,0.022084,0.206824,0.771054
AAATAGGGTGCTATTG-1,0.000083,0.468143,0.337563,0.194211
AAATCCGATACACGCC-1,0.000047,0.194558,0.783902,0.021493
AAATCGCGGAAGGAGT-1,0.000038,0.307327,0.528347,0.164288
AAATCGTGTACCACAA-1,0.000085,0.345725,0.405003,0.249187
AAATCTAGCCCTGCTA-1,0.000044,0.148287,0.542469,0.309199
AAATGACTGATCAAAC-1,0.000463,0.494009,0.503212,0.002316
AAATGCTCGTTACGTT-1,0.000022,0.003476,0.16963,0.826873
AAATGGCATGTCTTGT-1,0.00025,0.059972,0.938526,0.001252
AAATGGCCCGTGCCCT-1,0.00004,0.017891,0.375188,0.606881
AAATGGTCAATGTGCC-1,0.000038,0.200034,0.218104,0.581823
AAATGTATCTTATCCC-1,0.000086,0.006197,0.290721,0.702996
AAATGTGGGTGCTCCT-1,0.000389,0.840215,0.157452,0.001944
AAATTAACGGGTAGCT-1,0.000051,0.140017,0.618325,0.241607
AAATTAATAAGCGCGA-1,0.000039,0.000039,0.99973,0.000193
AAATTACACGACTCTG-1,0.00015,0.158816,0.840282,0.000751
AAATTACCTATCGATG-1,0.000046,0.181976,0.359191,0.458786
AAATTCCAGGTCCAAA-1,0.000106,0.000106,0.487731,0.512057
AAATTGATAGTCCTTT-1,0.000046,0.059887,0.606001,0.334065
AAATTGCGGCGGTTCT-1,0.000741,0.000741,0.994812,0.003706
AAATTGGTGAGAAGCA-1,0.000072,0.011381,0.576597,0.411949
AAATTTGCGGGTGTGG-1,0.000044,0.119511,0.322043,0.558402
AACAACTGGTAGTTGC-1,0.000045,0.120069,0.40698,0.472906
AACAATTACTCTACGC-1,0.000034,0.016856,0.329711,0.653399
AACACACGCTCGCCGC-1,0.000053,0.125687,0.42983,0.44443
AACACGACTGTACTGA-1,0.000564,0.349813,0.646801,0.002822
AACACGAGACGCGGCC-1,0.00004,0.007148,0.331389,0.661424
AACACGCGGCCGCGAA-1,0.000364,0.000365,0.997448,0.001823
AACAGCTGTGTGGCAA-1,0.000007,0.031369,0.003526,0.965098
AACAGGAAATCGAATA-1,0.000076,0.032996,0.288792,0.678136
AACAGGATGGGCCGCG-1,0.000033,0.0288,0.184143,0.787024
AACAGGTAGTATGGAT-1,0.000032,0.0629,0.057778,0.87929
AACATAGCGTGTATCG-1,0.000467,0.000467,0.99673,0.002336
AACATATCAACTGGTG-1,0.000032,0.073682,0.281507,0.644779
AACATTGGTCAGCCGT-1,0.001821,0.001823,0.987242,0.009114
AACCAAGACTTCTCTG-1,0.000033,0.035857,0.051749,0.912361
AACCATGGGATCGCTA-1,0.000042,0.059079,0.537911,0.402968
AACCCAGAGACGGAGA-1,0.00003,0.067305,0.159382,0.773283
AACCCATCCCATGATC-1,0.000026,0.053569,0.114367,0.832039
AACCCGAGCAGAATCG-1,0.000029,0.068397,0.444142,0.487432
AACCCGCTGTATTCCA-1,0.000132,0.998946,0.000263,0.000659
AACCCTACTGTCAATA-1,0.000032,0.088873,0.128539,0.782557
AACCCTGGTGGAACCA-1,0.000903,0.212839,0.766826,0.019432
AACCGAGCTTGGTCAT-1,0.000065,0.58637,0.363202,0.050363
AACCGCTAAGGGATGC-1,0.000044,0.299045,0.176646,0.524266
AACCGTTGTGTTTGCT-1,0.00463,0.679553,0.009266,0.306551
AACCTAAAGCCGTCCG-1,0.000132,0.000132,0.000265,0.999471
AACCTCGCTTTAGCCC-1,0.000037,0.151618,0.146684,0.701661
AACCTGTCACGGAATT-1,0.000107,0.133748,0.395999,0.470145
AACCTTTAAATACGGT-1,0.000155,0.317387,0.563771,0.118687
AACGAAAGTCGTCCCA-1,0.000045,0.11184,0.604531,0.283584
AACGACCTCCTAGCCG-1,0.000306,0.085347,0.629725,0.284621
AACGATAATGCCGTAG-1,0.000021,0.965451,0.000138,0.03439
AACGATAGAAGGGCCG-1,0.000075,0.000075,0.929095,0.070756
AACGCGAACGGCAACA-1,0.000224,0.000224,0.998434,0.001119
AACGCGGTCTCCAGCC-1,0.000104,0.400719,0.456194,0.142982
AACGCTGTTGCTGAAA-1,0.000072,0.109428,0.711695,0.178806
AACGGACGTACGTATA-1,0.000033,0.121372,0.159079,0.719515
AACGGCCATCTCCGGT-1,0.00004,0.119051,0.484878,0.396031
AACGTACTGTGGGTAC-1,0.000049,0.124852,0.182926,0.692174
AACGTAGTCTACCCAT-1,0.00045,0.18782,0.649519,0.162212
AACGTCAGACTAGTGG-1,0.00005,0.219749,0.396431,0.383771
AACGTCATCCGGCTTG-1,0.00011,0.30772,0.541151,0.151019
AACGTCGCTGCACTTC-1,0.000404,0.063546,0.738774,0.197276
AACGTGATGAAGGACA-1,0.000669,0.249102,0.746879,0.003349
AACGTGCGAAAGTCTC-1,0.000076,0.677896,0.262137,0.059891
AACGTTATCAGCACCT-1,0.00004,0.055794,0.455791,0.488374
AACGTTCTACCATTGT-1,0.001323,0.363473,0.628585,0.006619
AACTACCCGTTTGTCA-1,0.00005,0.0092,0.42693,0.56382
AACTAGCGTATCGCAC-1,0.000247,0.000247,0.000494,0.999012
AACTCAAGTTAATTGC-1,0.000033,0.218237,0.253767,0.527963
AACTCCAGAGCGTGTT-1,0.000059,0.103386,0.719032,0.177522
AACTCGATAAACACGT-1,0.000553,0.000553,0.996128,0.002766
AACTCGATGGCGCAGT-1,0.000113,0.000113,0.061689,0.938085
AACTCTCAATAGAGCG-1,0.000043,0.044688,0.133733,0.821536
AACTCTCAGTGTGCTC-1,0.000049,0.128982,0.345788,0.525181
AACTGAGTTATACTGA-1,0.000023,0.082724,0.269307,0.647947
AACTGATATTAGGCCT-1,0.000051,0.104153,0.487399,0.408396
AACTGGGTCCCGACGT-1,0.000058,0.091871,0.359844,0.548227
AACTGGTGTGGGCCTT-1,0.000338,0.269744,0.607579,0.122339
AACTTCTGCGTCTATC-1,0.000045,0.08157,0.510591,0.407794
AACTTGCCCGTATGCA-1,0.000049,0.173063,0.399696,0.427191
AACTTGCGTTCTCGCG-1,0.000043,0.091871,0.517936,0.390149
AACTTTACGGGAGCTT-1,0.000037,0.073296,0.771103,0.155564
AACTTTAGCTGCTGAG-1,0.000244,0.000244,0.863916,0.135596
AACTTTCTCGATCATG-1,0.000029,0.005327,0.020592,0.974052
AAGAAATCACCAGATT-1,0.000092,0.141172,0.401088,0.457648
AAGAAGGATCAGTTAG-1,0.000011,0.000011,0.007931,0.992048
AAGACATACGTGGTTT-1,0.000507,0.110568,0.886386,0.002539
AAGACTAACCCGTTGT-1,0.001048,0.001049,0.992658,0.005245
AAGAGATGAATCGGTA-1,0.000035,0.055508,0.462964,0.481493
AAGAGCTCTTTATCGG-1,0.000046,0.731199,0.077835,0.19092
AAGAGGATGTACGCGA-1,0.000057,0.095751,0.448993,0.4552
AAGAGGCATGGATCGC-1,0.000089,0.201053,0.418502,0.380356
AAGAGGCCCTTTGGAA-1,0.00004,0.135698,0.756001,0.108262
AAGATTGGCGGAACGT-1,0.000058,0.066633,0.500509,0.432799
AAGCACCCTGCGTATC-1,0.000084,0.180366,0.656204,0.163346
AAGCATACTCTCCTGA-1,0.000129,0.500114,0.304612,0.195145
AAGCCGAAGCGGTTTA-1,0.000039,0.006922,0.650724,0.342315
AAGCCGCTTTACCTTG-1,0.000072,0.029898,0.105127,0.864903
AAGCCGGAGAGCAGGA-1,0.00002,0.015175,0.160704,0.824101
AAGCGCAGGGCTTTGA-1,0.000037,0.018163,0.216057,0.765743
AAGCGTCCCTCATCGA-1,0.000029,0.102295,0.217289,0.680387
AAGCTCGTGCCAAGTC-1,0.00011,0.715745,0.083764,0.200381
AAGCTCTTTCATGGTG-1,0.000092,0.439704,0.445171,0.115033
AAGGAGAACTTATAAG-1,0.000198,0.449351,0.549458,0.000993
AAGGAGCGGTTGGTGC-1,0.000045,0.167534,0.217269,0.615152
AAGGATCGATCGCTTG-1,0.000023,0.005414,0.040889,0.953673
AAGGATGAGGGACCTC-1,0.00005,0.24419,0.364493,0.391267
AAGGCAGGCTGTCTCC-1,0.000049,0.072591,0.364444,0.562916
AAGGCGCGTAAAGCTT-1,0.000032,0.060082,0.103822,0.836064
AAGGCTGTGCTCATCG-1,0.00003,0.162102,0.060574,0.777294
AAGGGACAGATTCTGT-1,0.000052,0.130242,0.531163,0.338542
AAGGGACTATGCATTC-1,0.000038,0.056364,0.639249,0.304348
AAGGGTTAGCCATGCG-1,0.002584,0.002586,0.619253,0.375577
AAGGGTTTGATTTCAG-1,0.000093,0.035433,0.305179,0.659295
AAGGTGATAAACCAGC-1,0.000028,0.016951,0.000057,0.982964
AAGTAGAAGACCGGGT-1,0.000045,0.080396,0.282906,0.636652
AAGTAGTGACGCGAGG-1,0.000034,0.018851,0.10128,0.879835
AAGTCAATTGTCGTCA-1,0.000044,0.04823,0.242274,0.709451
AAGTCTAGTAGCTGCC-1,0.000076,0.197401,0.489495,0.313028
AAGTCTTCTGTGGCCT-1,0.000037,0.000564,0.340486,0.658913
AAGTGACGACCGAATT-1,0.000096,0.085113,0.718587,0.196203
AAGTGCAAAGGTAGAC-1,0.000041,0.07955,0.722557,0.197853
AAGTGCCTTGACTGTA-1,0.000046,0.373853,0.367043,0.259057
AAGTGCGTTAGAATCT-1,0.000027,0.14099,0.141134,0.717848
AAGTGTTTGGAGACGG-1,0.000084,0.539158,0.353498,0.10726
AAGTTCACTCCAAGCT-1,0.000083,0.345505,0.302625,0.351787
AAGTTCGGCCAACAGG-1,0.00004,0.129352,0.396038,0.474571
AAGTTGTGATGTTATA-1,0.000088,0.079769,0.614043,0.306099
AAGTTTACTAATGGCA-1,0.000545,0.99564,0.00109,0.002725
AAGTTTATGGGCCCAA-1,0.000079,0.082824,0.916702,0.000395
AATAACAACGCTCGGC-1,0.000042,0.002545,0.239703,0.757711
AATAACACTAGAACAA-1,0.000032,0.122946,0.448623,0.428399
AATAACGTCGCGCCCA-1,0.001248,0.348754,0.643751,0.006246
AATAAGTCCTCGAGAC-1,0.001481,0.001483,0.503093,0.493943
AATAATCTTCGTATCG-1,0.000033,0.162816,0.536578,0.300572
AATACAATGTTTCAGG-1,0.000039,0.066331,0.649572,0.284058
AATACCTGATGTGAAC-1,0.001709,0.001711,0.988027,0.008553
AATAGAACAGAGTGGC-1,0.000036,0.250377,0.338825,0.410762
AATAGAATCTGTTTCA-1,0.000069,0.132639,0.578204,0.289088
AATAGTCGCGAGTCGG-1,0.00002,0.021463,0.173616,0.8049
AATATCAAGGTCGGAT-1,0.001764,0.001765,0.697728,0.298744
AATATCCTAGCAAACT-1,0.000027,0.008903,0.439474,0.551597
AATATCGAATCAATGC-1,0.000033,0.12753,0.238541,0.633896
AATATCGAGGGTTCTC-1,0.000066,0.230452,0.576825,0.192657
AATATTGGAGTATTGA-1,0.000032,0.0188,0.026444,0.954724
AATCAGACTGCAGGAC-1,0.000896,0.000897,0.993724,0.004484
AATCATGTAAAGACTC-1,0.000049,0.088028,0.854624,0.057299
AATCCAAGGGCCTGAG-1,0.000076,0.004681,0.840578,0.154666
AATCCATGCAAGGGTG-1,0.000297,0.186484,0.378421,0.434798
AATCCCGCTCAGAGCC-1,0.000281,0.648587,0.338239,0.012893
AATCGAGGTCTCAAGG-1,0.000539,0.423877,0.572885,0.002699
AATCGCCTCAGCGCCA-1,0.000065,0.36655,0.208957,0.424428
AATCGCGCAGAGGACT-1,0.000058,0.000058,0.853228,0.146656
AATCGGGACACTACGA-1,0.00161,0.001612,0.988722,0.008057
AATCGGTATAGCCCTC-1,0.001406,0.001407,0.990148,0.007038
AATCGTGAGCCGAGCA-1,0.000573,0.434516,0.562045,0.002866
AATCTAGGTTTACTTG-1,0.000065,0.100646,0.641406,0.257883
AATCTCTACTGTGGTT-1,0.000044,0.000044,0.676652,0.323261
AATCTGCGTTGGGACG-1,0.000069,0.097249,0.544528,0.358154
AATCTGGCTTTCTAGT-1,0.000051,0.08263,0.489714,0.427605
AATGACAGCAATGTCT-1,0.000036,0.112396,0.130802,0.756765
AATGACGTAGGATGTC-1,0.000091,0.54857,0.389805,0.061534
AATGACTGTCAGCCGG-1,0.000036,0.106392,0.100539,0.793033
AATGAGTTCGCATATG-1,0.000012,0.000012,0.084586,0.91539
AATGATGATACGCTAT-1,0.000011,0.000011,0.057012,0.942966
AATGATGCGACTCCTG-1,0.000062,0.225692,0.694509,0.079737
AATGCAACCGGGTACC-1,0.000059,0.183228,0.29189,0.524823
AATGCACCAAGCAATG-1,0.000011,0.001413,0.33732,0.661255
AATGGTCCACCGTTCA-1,0.000043,0.066094,0.759117,0.174745
AATGGTTCTCACAAGC-1,0.000052,0.123944,0.378595,0.49741
AATGTGCCCGAGGTGT-1,0.000058,0.119016,0.57101,0.309916
AATGTTAAGACCCTGA-1,0.000992,0.013002,0.981042,0.004964
AATGTTGTCGTGAGAC-1,0.000215,0.399714,0.597319,0.002752
AATTAAAGGTCGGCGT-1,0.00005,0.278516,0.508781,0.212653
AATTAACGGATTTCCA-1,0.000106,0.256925,0.684029,0.05894
AATTACGAGACCCATC-1,0.000041,0.354552,0.432869,0.212538
AATTACTCGTACGCTC-1,0.000394,0.000394,0.383524,0.615688
AATTATACCCAGCAAG-1,0.000159,0.096226,0.902821,0.000794
AATTCATAAGGGATCT-1,0.000051,0.183417,0.498386,0.318146
AATTCCAACTTGGTGA-1,0.001339,0.347852,0.644112,0.006697
AATTCCAAGCATGTAC-1,0.000421,0.000421,0.731653,0.267505
AATTCGATTCGAGGAT-1,0.000219,0.000219,0.872255,0.127307
AATTGAACGCTCTGGT-1,0.000073,0.148576,0.692337,0.159014
AATTGCAGCAATCGAC-1,0.000033,0.000033,0.367854,0.632079
AATTGTGGTTGCCAAA-1,0.000018,0.000018,0.421844,0.578121
AATTTGGTTCCAAAGA-1,0.001145,0.008861,0.278954,0.711039
ACAAACCGACAAGGCG-1,0.000197,0.48828,0.367671,0.143853
ACAAAGAAGGTAGGCC-1,0.000035,0.030908,0.926178,0.042879
ACAAAGCATGACCTAG-1,0.000013,0.000013,0.000901,0.999073
ACAAATCGCACCGAAT-1,0.000043,0.495199,0.11139,0.393368
ACAAATGGTAGTGTTT-1,0.000074,0.178215,0.50214,0.319571
ACAACAGCATGAGCTA-1,0.000153,0.304602,0.407018,0.288226
ACAACGGTCCCTGCGA-1,0.000029,0.06155,0.312855,0.625566
ACAAGCAGTGCCTAGC-1,0.000033,0.072039,0.3029,0.625028
ACAAGCTATATGGAAG-1,0.000056,0.000057,0.982533,0.017354
ACAAGGAAATCCGCCC-1,0.000046,0.844147,0.152206,0.003602
ACAAGGACAAGAGGTT-1,0.000025,0.071363,0.054217,0.874396
ACAAGGATGCTTTAGG-1,0.00005,0.131521,0.723149,0.14528
ACAAGGGCAGGCTCTG-1,0.000077,0.506619,0.356876,0.136428
ACAATAGTCGTACGTT-1,0.000079,0.207119,0.443602,0.349201
ACAATCCATTTAAACC-1,0.00005,0.050431,0.498113,0.451407
ACAATCGATCTTTATA-1,0.001277,0.001278,0.991055,0.00639
ACAATGAATACGGAGA-1,0.000024,0.102441,0.219805,0.67773
ACAATTGTGTCTCTTT-1,0.000059,0.233017,0.613948,0.152976
ACAATTTAGGAGGCTC-1,0.000044,0.010308,0.769947,0.219702
ACAATTTGAGCAGTGG-1,0.000052,0.233478,0.3646,0.40187
ACAATTTGGCCATATT-1,0.000043,0.083449,0.473815,0.442693
ACACAAAGACGGGTGG-1,0.000048,0.271447,0.510994,0.217511
ACACAAATATTCCTAG-1,0.000072,0.06552,0.342183,0.592225
ACACACCAGGACCAGT-1,0.000048,0.162913,0.334085,0.502954
ACACACTTTCTACACG-1,0.000074,0.000074,0.452362,0.54749
ACACATGATCAAATCT-1,0.000026,0.034067,0.296929,0.668978
ACACATTGACGCAACA-1,0.000274,0.000274,0.055813,0.94364
ACACATTTCCGTAGAC-1,0.000092,0.107767,0.623263,0.268878
ACACCACATAATTAGC-1,0.000039,0.023727,0.281041,0.695193
ACACCCAGCATGCAGC-1,0.000055,0.129163,0.540828,0.329954
ACACCCGAGAAATCCG-1,0.000026,0.18045,0.089419,0.730105
ACACCGAGCGCTCTTT-1,0.000926,0.000927,0.376696,0.621451
ACACCTTAAGTAGGGC-1,0.000058,0.161154,0.387706,0.451082
ACACCTTACTACTTGC-1,0.00004,0.001537,0.026254,0.972169
ACACGAGACTCCTTCT-1,0.000104,0.390958,0.509593,0.099344
ACACGGCACTATGCAT-1,0.000882,0.000883,0.545987,0.452249
ACACGGGAACTTAGGG-1,0.000051,0.900165,0.084909,0.014874
ACACGTAGGCCACAAG-1,0.000042,0.04079,0.589432,0.369736
ACACTCCAATGTCACT-1,0.000031,0.046599,0.289705,0.663665
ACACTGATCAAGGTGT-1,0.000046,0.253398,0.296112,0.450444
ACACTGGGACAGTCGT-1,0.000028,0.007699,0.196294,0.795979
ACAGAACTGAGAACAA-1,0.00004,0.107025,0.457707,0.435229
ACAGATTAGGTTAGTG-1,0.000444,0.189301,0.716219,0.094035
ACAGCATAGAGCCAGT-1,0.002364,0.002366,0.004731,0.990538
ACAGCGACATTCTCAT-1,0.000053,0.065833,0.583234,0.350881
ACAGCGCACCCGCAGC-1,0.000328,0.054087,0.416734,0.528851
ACAGGAGGCGCAGCCG-1,0.000617,0.000618,0.995676,0.003089
ACAGGCACGGATCCTT-1,0.000741,0.000741,0.001482,0.997036
ACAGGCTTGCCCGACT-1,0.000051,0.133739,0.185425,0.680785
ACAGGTGGAGGTGAGG-1,0.000041,0.049398,0.266048,0.684512
ACAGGTGTGTTGTTGC-1,0.000033,0.000033,0.706851,0.293083
ACAGTAATACAACTTG-1,0.000028,0.042081,0.199975,0.757915
ACAGTATACCGTGGGA-1,0.000184,0.057723,0.294234,0.64786
ACATAAGTCGTGGTGA-1,0.000033,0.08332,0.389548,0.527098
ACATAATAAGGCGGTG-1,0.000067,0.20029,0.542504,0.257139
ACATACAATCAAGCGG-1,0.000117,0.411441,0.587856,0.000586
ACATCAGCTGGGACGC-1,0.000027,0.039303,0.555097,0.405574
ACATCCTGGTAACTGT-1,0.000029,0.027993,0.029726,0.942252
ACATCGGTCAGCCGCG-1,0.000057,0.131042,0.3568,0.5121
ACATCGTATGCAATGG-1,0.00009,0.300149,0.556922,0.142839
ACATCGTTAACCTAGT-1,0.000501,0.200011,0.757692,0.041796
ACATCTCAACGCGTAA-1,0.000487,0.311188,0.685886,0.002438
ACATGGCGCCAAAGTA-1,0.000061,0.023978,0.518901,0.457059
ACATGGCTCAATTTAG-1,0.001883,0.193384,0.79531,0.009423
ACATTTGAAACCTAAC-1,0.000983,0.000984,0.993113,0.00492
ACCAAACACCCAGCGA-1,0.000217,0.143814,0.401006,0.454963
ACCAAACTAGAAATCC-1,0.000665,0.210173,0.710366,0.078795
ACCAACCGCACTCCAC-1,0.000037,0.173002,0.618292,0.208669
ACCAACGCTTATTTAT-1,0.000042,0.251488,0.515231,0.233239
ACCAAGAACGCGTGTC-1,0.000029,0.070345,0.142492,0.787134
ACCAAGTCATCGGCAG-1,0.001462,0.001463,0.98976,0.007315
ACCAATATGCAAGTTA-1,0.000092,0.45596,0.246779,0.297169
ACCACAACTCAGAACA-1,0.000089,0.01201,0.001786,0.986116
ACCACAAGTTTCTATC-1,0.000036,0.207452,0.288542,0.50397
ACCACACGGTTGATGG-1,0.00161,0.128284,0.862049,0.008056
ACCACCAATGTAACAA-1,0.000054,0.067003,0.631806,0.301137
ACCACCCTCTCTTCTA-1,0.000078,0.18025,0.425968,0.393703
ACCACGTGCAGCTATA-1,0.00007,0.654644,0.294148,0.051137
ACCACTGTTCAAGAAG-1,0.001406,0.30629,0.685266,0.007037
ACCAGACCATAACAAC-1,0.000033,0.000033,0.83831,0.161624
ACCAGCCCGGTCTTTG-1,0.001263,0.736648,0.255771,0.006318
ACCAGGAGTGTGATCT-1,0.00057,0.00057,0.996009,0.002851
ACCAGTGCGGGAGACG-1,0.000043,0.020073,0.202726,0.777158
ACCATATCCGCAATAA-1,0.000042,0.244042,0.544301,0.211616
ACCATCCGCCAACTAG-1,0.000057,0.070316,0.82737,0.102256
ACCATCGTATATGGTA-1,0.000029,0.088922,0.000057,0.910992
ACCATTAAGGGTGTCA-1,0.000099,0.000099,0.106704,0.893098
ACCCAACGCCCGTGGC-1,0.000067,0.128131,0.607645,0.264157
ACCCACCTACATGCTC-1,0.000018,0.012678,0.014754,0.97255
ACCCATCTTGAGGGTA-1,0.000043,0.077433,0.050068,0.872456
ACCCATTTGTCCCTCT-1,0.000019,0.000019,0.008641,0.991322
ACCCGGAGCACCACAA-1,0.00002,0.110275,0.062238,0.827467
ACCCGGATGACGCATC-1,0.000047,0.059516,0.203055,0.737382
ACCCGGTTACACTTCC-1,0.000039,0.246637,0.226113,0.52721
ACCCGTAGTCTAGTTG-1,0.000394,0.117793,0.614528,0.267284
ACCCTATAGGACTGAG-1,0.000092,0.108725,0.695737,0.195445
ACCCTATGCCATATCG-1,0.000044,0.228838,0.431788,0.33933
ACCCTCCCGTCAGGGC-1,0.00202,0.002022,0.98585,0.010108
ACCCTCCCTTGCTATT-1,0.000062,0.176243,0.396655,0.42704
ACCCTGGTAACGCCCT-1,0.000621,0.000621,0.736989,0.261769
ACCCTTCATCTGCGAA-1,0.005291,0.389748,0.578488,0.026473
ACCCTTGCCTGGGTCG-1,0.000143,0.158541,0.520668,0.320649
ACCCTTTAGTTCTCCA-1,0.000358,0.084862,0.912986,0.001793
ACCGAAAGGGCCCTGC-1,0.001058,0.001059,0.992588,0.005295
ACCGAAGAGTCTGGTT-1,0.000032,0.054912,0.193895,0.751161
ACCGACACATCTCCCA-1,0.000056,0.120343,0.677061,0.202541
ACCGAGTCTCCTTATT-1,0.000591,0.000591,0.802916,0.195902
ACCGATAGGCATAACC-1,0.000032,0.120934,0.531378,0.347656
ACCGATATTTAATCAT-1,0.000039,0.065327,0.422033,0.512602
ACCGATGGTAGCATCG-1,0.000065,0.189163,0.586192,0.22458
ACCGCAATAACTGCCT-1,0.000074,0.583479,0.387315,0.029132
ACCGCGGTGGAAGTCG-1,0.00005,0.05366,0.52037,0.42592
ACCGGGCCTTTGTTGA-1,0.000045,0.006169,0.432319,0.561467
ACCGGTCAGGTACACC-1,0.000014,0.041953,0.144663,0.813369
ACCGTTCCCGCTCTGA-1,0.001263,0.485365,0.507055,0.006317
ACCTAAGTACCTTTCA-1,0.000025,0.028096,0.006782,0.965096
ACCTAATCGACTTCCT-1,0.000062,0.006858,0.736648,0.256433
ACCTACAGTATGTGGT-1,0.000053,0.000053,0.361188,0.638705
ACCTACTATAAATCTA-1,0.000061,0.221412,0.498178,0.280348
ACCTCAGCGAGGCGCA-1,0.000173,0.232535,0.457014,0.310278
ACCTCCGCCCTCGCTG-1,0.000069,0.032352,0.859193,0.108387
ACCTCCGTTATTCACC-1,0.000084,0.000084,0.98113,0.018702
ACCTGCGTGTCATGTT-1,0.000043,0.075165,0.32878,0.596012
ACCTTTCCTTTAGAAG-1,0.000823,0.276538,0.54735,0.175288
ACGAAATGGGCGGCAC-1,0.00004,0.000652,0.232421,0.766887
ACGACCCATGAGTTGC-1,0.000014,0.000014,0.009201,0.990771
ACGACTCTAGGGCCGA-1,0.000624,0.000625,0.37059,0.628161
ACGAGAACCCATCACG-1,0.000646,0.212226,0.783896,0.003232
ACGAGATATTTGCTTA-1,0.000276,0.461857,0.000552,0.537315
ACGAGGATACCACTCT-1,0.000032,0.267548,0.249789,0.482631
ACGAGGTTTACAACGT-1,0.000027,0.033052,0.03953,0.927391
ACGAGTACGGATGCCC-1,0.000049,0.057917,0.441345,0.500688
ACGAGTCGCCGGCGTT-1,0.000401,0.000401,0.997191,0.002007
ACGATACCTATCCTGA-1,0.000046,0.026698,0.920562,0.052694
ACGATCATACATAGAG-1,0.000142,0.289899,0.495499,0.214461
ACGATCATCTTGTAAA-1,0.000054,0.014494,0.411206,0.574246
ACGATGCATATGTTAT-1,0.000056,0.158329,0.368024,0.473592
ACGATGGATCCGATGC-1,0.000479,0.236025,0.645867,0.117629
ACGCATACGTTTACTA-1,0.00006,0.113719,0.638669,0.247553
ACGCCACTCGAAACAG-1,0.000246,0.227645,0.770876,0.001233
ACGCCAGATGATTTCT-1,0.000074,0.133531,0.694483,0.171913
ACGCCAGTGCGTTTGC-1,0.000412,0.147116,0.850413,0.002059
ACGCCCAGCTGTCGAT-1,0.001122,0.431283,0.171804,0.39579
ACGCCGCTAGACGACC-1,0.000025,0.987845,0.000049,0.012081
ACGCCTGACACGCGCT-1,0.000091,0.000091,0.999362,0.000456
ACGCGCTACACAGGGT-1,0.000056,0.010145,0.048397,0.941402
ACGCGTTTCTTAAGAG-1,0.000078,0.000078,0.999457,0.000388
ACGCTACTGAATGGGC-1,0.001984,0.001986,0.003971,0.992059
ACGCTAGTGATACACT-1,0.000074,0.109161,0.783654,0.107111
ACGCTGTGAGGCGTAG-1,0.000058,0.152942,0.741482,0.105518
ACGCTTAGTGTCTCTC-1,0.001263,0.83203,0.16039,0.006318
ACGGAACACGAGTGCC-1,0.000431,0.000431,0.135553,0.863586
ACGGAATTTAGCAAAT-1,0.00001,0.00001,0.008835,0.991144
ACGGACTCTCAAAGCG-1,0.000073,0.222554,0.408477,0.368896
ACGGATGGTGCGGATA-1,0.000142,0.353248,0.420565,0.226045
ACGGCGACGATGGGAA-1,0.000087,0.525069,0.406658,0.068186
ACGGCGGGTTGCCCTG-1,0.000722,0.000722,0.994946,0.00361
ACGGCTGGATGTAGAA-1,0.000103,0.058074,0.483735,0.458088
ACGGGAGTGTCGGCCC-1,0.000027,0.018851,0.098332,0.882789
ACGGGCGTATGCGACA-1,0.000088,0.086874,0.711441,0.201598
ACGGGTCATGTGACTT-1,0.000205,0.000205,0.115711,0.883879
ACGGTACAGTTCAATG-1,0.001372,0.001373,0.990392,0.006863
ACGTACAGATTTCTCT-1,0.004115,0.004118,0.971177,0.02059
ACGTAGGAGAGTCGCT-1,0.000272,0.000273,0.998092,0.001363
ACGTATTACTCCGATC-1,0.000065,0.041591,0.393279,0.565065
ACGTCCTAAACGAGAT-1,0.000498,0.365029,0.609052,0.02542
ACGTCTCGTTCCGGGA-1,0.000033,0.085437,0.707831,0.206698
ACGTGACAAAGTAAGT-1,0.00002,0.00002,0.122815,0.877145
ACGTGCGCCTCGTGCA-1,0.000055,0.128578,0.137927,0.73344
ACGTGGTCGAATGTGC-1,0.001195,0.714576,0.064459,0.21977
ACGTTAGATTTGCCCG-1,0.000053,0.162769,0.267631,0.569547
ACGTTATTGGTCACTC-1,0.000061,0.000061,0.489252,0.510625
ACGTTCCGCGCTCCGT-1,0.000751,0.158354,0.837139,0.003756
ACGTTCGCAATCAATT-1,0.000049,0.073155,0.482858,0.443938
ACGTTCTGTACAAGTC-1,0.00013,0.000131,0.999087,0.000653
ACGTTTAGTTGTGATC-1,0.000189,0.000189,0.998674,0.000947
ACGTTTCGGTGCACTT-1,0.000373,0.129288,0.429656,0.440682
ACTACCAGCTCTCTGG-1,0.000081,0.135922,0.762021,0.101975
ACTAGTTGCGATCGTC-1,0.000049,0.006866,0.591623,0.401462
ACTATCCAGGGCATGG-1,0.000038,0.000038,0.000663,0.99926
ACTATCGCCGGCTAAA-1,0.000077,0.008026,0.214245,0.777652
ACTATCTGCCCGCGTA-1,0.000019,0.000019,0.050678,0.949284
ACTATTCGTCCGTGGT-1,0.000736,0.000736,0.514548,0.48398
ACTCAACGAATGTATT-1,0.000262,0.081348,0.000525,0.917865
ACTCAAGTGCAAGGCT-1,0.000057,0.143609,0.637413,0.218921
ACTCAATAAAGGCACG-1,0.000064,0.612972,0.309538,0.077426
ACTCAGACCTGCTTCT-1,0.00161,0.001611,0.988721,0.008058
ACTCCCATTCCTAAAG-1,0.000015,0.000015,0.001646,0.998324
ACTCCCGAATTCGTTT-1,0.000042,0.094874,0.255385,0.6497
ACTCCCGTAGACTAGG-1,0.000068,0.005413,0.164354,0.830166
ACTCCCTAATGCTAAA-1,0.000146,0.005645,0.80413,0.190079
ACTCCCTAGAATAGTA-1,0.000037,0.70882,0.031853,0.259291
ACTCCGGCCGACCACT-1,0.000911,0.166426,0.627286,0.205377
ACTCGATGTATTTCAT-1,0.000198,0.000199,0.700509,0.299094
ACTCGCCGTTCGATAA-1,0.000295,0.057466,0.121608,0.820631
ACTCGCGATCTGACGC-1,0.000042,0.00012,0.526191,0.473648
ACTCGTAACCCGTCCT-1,0.000042,0.024483,0.498127,0.477348
ACTCGTCAGTAATCCC-1,0.000068,0.270321,0.154109,0.575502
ACTCTAAACCTGGGAT-1,0.00009,0.083875,0.864966,0.051069
ACTCTCTGACTTAGGT-1,0.000106,0.505647,0.41527,0.078977
ACTCTCTTATACACGA-1,0.001425,0.680457,0.310991,0.007127
ACTCTGACCTAATAGA-1,0.000422,0.200529,0.000846,0.798203
ACTCTTCAGCTCCCGC-1,0.000095,0.031094,0.358222,0.610589
ACTGAAACGCCGTTAG-1,0.000028,0.024769,0.015477,0.959726
ACTGAATGGCGAAAGT-1,0.000034,0.169243,0.039287,0.791436
ACTGATTTAGTGATTC-1,0.000699,0.296163,0.243122,0.460016
ACTGCCGTCGTAACTC-1,0.000082,0.000082,0.800235,0.199601
ACTGCGGACACACCGT-1,0.000089,0.024135,0.414647,0.561129
ACTGCTCGGAAGGATG-1,0.000037,0.004826,0.334877,0.660261
ACTGTACGATACACAT-1,0.000057,0.651797,0.3124,0.035746
ACTGTAGCACTTTGGA-1,0.000062,0.110406,0.695506,0.194026
ACTGTATACGCGAGCA-1,0.00039,0.177206,0.820454,0.001951
ACTGTCCAGGATTATA-1,0.000045,0.356423,0.341841,0.301691
ACTGTGCTAGTAGATC-1,0.000044,0.02135,0.21138,0.767227
ACTGTTTAGTGTAGGC-1,0.000384,0.49537,0.502322,0.001924
ACTTACGCATCCACGC-1,0.000074,0.262255,0.112299,0.625372
ACTTAGTACGACAAGA-1,0.000064,0.000064,0.854196,0.145677
ACTTATACTTACCCGG-1,0.000054,0.149428,0.283571,0.566947
ACTTATTAGGATCGGT-1,0.000062,0.324534,0.616192,0.059212
ACTTATTTATGTGCCA-1,0.000075,0.255505,0.592232,0.152187
ACTTCAGGCTGATCCC-1,0.000063,0.503118,0.421767,0.075052
ACTTCCAGTGGAAGCT-1,0.000028,0.000028,0.120883,0.87906
ACTTCCATGCGGGACA-1,0.000062,0.118005,0.674657,0.207275
ACTTCGCCATACGCAC-1,0.0001,0.653988,0.028362,0.31755
ACTTCGCTAGCGAGTG-1,0.000098,0.098829,0.706918,0.194155
ACTTGACTCCCTCTTT-1,0.000023,0.97619,0.000047,0.023739
ACTTGCCATATTGTAC-1,0.00031,0.183765,0.814377,0.001549
ACTTGGGACCCGGTGG-1,0.000034,0.200489,0.238315,0.561162
ACTTGGGCTTTCGCCA-1,0.001145,0.437893,0.478418,0.082543
ACTTGTAGTCCCTTCA-1,0.000053,0.000053,0.540095,0.4598
ACTTGTGGATGGAACG-1,0.000043,0.088807,0.459743,0.451407
ACTTGTTACCGGATCA-1,0.000357,0.117779,0.718631,0.163232
ACTTTACCCTCATGAA-1,0.000056,0.183982,0.50827,0.307692
ACTTTCCTATAGCTTC-1,0.000171,0.110153,0.504963,0.384713
ACTTTGACTGCATCCT-1,0.00005,0.00005,0.748241,0.251659
ACTTTGGTCGTGCTCC-1,0.000088,0.123647,0.566365,0.3099
ACTTTGTCGACGCACT-1,0.000018,0.000618,0.018433,0.980931
AGAAATTATGACTCGC-1,0.00002,0.022092,0.20433,0.773558
AGAACCCAGCGTGACA-1,0.000027,0.0599,0.450331,0.489742
AGAACGTGGTACATTC-1,0.000028,0.979636,0.000056,0.02028
AGAACTGTACTTTGTA-1,0.000305,0.315967,0.682201,0.001527
AGAAGAGCGCCGTTCC-1,0.000352,0.365827,0.632062,0.001759
AGAAGGTACACTTCAC-1,0.000045,0.14786,0.47972,0.372375
AGAAGGTTGCCGAATT-1,0.000046,0.238252,0.375212,0.38649
AGAAGGTTGTAGGTCG-1,0.00003,0.026003,0.094973,0.878994
AGAAGTGATTCGTGAT-1,0.000044,0.099282,0.301765,0.598909
AGAATAAATCTTCAGG-1,0.000031,0.016419,0.547814,0.435736
AGAATACAGGCTATCC-1,0.000642,0.543803,0.452342,0.003214
AGAATTATGGATTCGA-1,0.000029,0.035145,0.05458,0.910246
AGAATTGTTTGACATA-1,0.000035,0.000035,0.536215,0.463715
AGACAGCTCAGAATCC-1,0.000012,0.034909,0.014893,0.950186
AGACAGGCATCTCAGC-1,0.00006,0.102068,0.605035,0.292836
AGACATAGATCCTTCC-1,0.000267,0.000267,0.785151,0.214315
AGACCAAACCACACCT-1,0.000039,0.026655,0.604951,0.368356
AGACCATGGGATACAA-1,0.000029,0.003459,0.454921,0.541591
AGACCCGCCCTCCTCG-1,0.000042,0.153494,0.341093,0.505371
AGACCGCTCCGCGGTT-1,0.000055,0.067828,0.626852,0.305265
AGACCGGGAAACCCTG-1,0.00006,0.00006,0.322531,0.677349
AGACGAAGTGCCGGTC-1,0.000023,0.018579,0.013101,0.968297
AGACGACGATGCCGCT-1,0.000029,0.071595,0.100942,0.827434
AGACGCCCACTTCGCC-1,0.000033,0.086824,0.604422,0.308721
AGACGGGATTGGTATA-1,0.00013,0.00432,0.000259,0.995291
AGACTAGCCTTCCAGA-1,0.000031,0.110662,0.077119,0.812189
AGAGAACCGTCTAGGA-1,0.000046,0.230547,0.47617,0.293237
AGAGAAGGAGTACAAT-1,0.000013,0.052176,0.178476,0.769335
AGAGATCTCTAAAGCG-1,0.00009,0.00009,0.629329,0.370491
AGAGCAGTTATGAGAC-1,0.000041,0.000041,0.684062,0.315855
AGAGCCGCCGAGATTT-1,0.000022,0.005543,0.010154,0.98428
AGAGCGCTTGTAACGG-1,0.000058,0.120659,0.307093,0.57219
AGAGCGGGCTAATCAT-1,0.000049,0.043159,0.542365,0.414427
AGAGCGTACAAGCTCG-1,0.000024,0.026344,0.011326,0.962305
AGAGCTACGAAAGCAT-1,0.000524,0.171977,0.588895,0.238603
AGAGGCTTCGGAAACC-1,0.000036,0.231986,0.43043,0.337548
AGAGGTATCTCGGTCC-1,0.000512,0.088534,0.908392,0.002562
AGAGTAAACTTCACTA-1,0.000033,0.037541,0.544365,0.418061
AGAGTATAGTGTTACG-1,0.00006,0.010296,0.785986,0.203658
AGAGTCTTAATGAAAG-1,0.000835,0.000836,0.994148,0.00418
AGATAACTTCAGGGCC-1,0.000032,0.320559,0.153842,0.525567
AGATACCAATAGAACC-1,0.000045,0.004308,0.721568,0.274078
AGATACCAGCACTTCA-1,0.000082,0.012523,0.352411,0.634984
AGATACCGGTGTTCAC-1,0.000057,0.092419,0.54947,0.358054
AGATACGACTTCATAT-1,0.00005,0.0201,0.765796,0.214054
AGATACTCAAGATCGA-1,0.000056,0.290037,0.445684,0.264223
AGATATAATACGACTA-1,0.000041,0.138273,0.44699,0.414696
AGATCGTGCATAAGAT-1,0.000046,0.141523,0.671237,0.187193
AGATCTCAGGTGTGAT-1,0.000017,0.948653,0.000034,0.051295
AGATGACTCGCCCACG-1,0.000078,0.128405,0.586691,0.284826
AGATGATGGAGTCTGG-1,0.000046,0.055259,0.163853,0.780841
AGATGCAAGACGTGCA-1,0.000056,0.137498,0.583648,0.278798
AGATGCATCCTGTGTC-1,0.000043,0.000043,0.646705,0.35321
AGATGCTATAACGAGC-1,0.000455,0.000456,0.79063,0.208459
AGATTATAGGACGTTT-1,0.000047,0.141348,0.373232,0.485373
AGATTCACAACCGATA-1,0.000041,0.103589,0.708243,0.188127
AGCAAAGGCCGCTAGT-1,0.000038,0.255719,0.204819,0.539425
AGCAACATATCTTATT-1,0.000065,0.175109,0.587258,0.237568
AGCAACCGAAAGTAAT-1,0.000011,0.074737,0.055337,0.869915
AGCACTACCGGCCTGT-1,0.000056,0.052964,0.63634,0.31064
AGCACTACCTCACCAG-1,0.000066,0.554781,0.250693,0.19446
AGCACTTAAGGACGCC-1,0.000056,0.062608,0.586525,0.350811
AGCAGAAGGAGAAAGA-1,0.000081,0.921942,0.058099,0.019878
AGCAGTCGAAGCATGC-1,0.000299,0.000299,0.997908,0.001495
AGCATATCAATATGCT-1,0.000058,0.063438,0.497751,0.438754
AGCATCATTTCGAAAG-1,0.000042,0.138718,0.44589,0.41535
AGCATCGTCGATAATT-1,0.000051,0.087877,0.359224,0.552848
AGCATTACGAGGCAAG-1,0.000103,0.000103,0.134122,0.865672
AGCCACAGGTTACCCG-1,0.00008,0.119579,0.544098,0.336243
AGCCATATAGTATGTG-1,0.000159,0.338347,0.372702,0.288792
AGCCCATACATGTAAG-1,0.000072,0.182851,0.474096,0.342982
AGCCCGCACTACAATG-1,0.000281,0.138745,0.715498,0.145476
AGCCCTAAGCGAAGTT-1,0.000073,0.1833,0.585539,0.231087
AGCCCTGTCGCACCGT-1,0.000042,0.000083,0.240407,0.759467
AGCCCTTCTAATCCGA-1,0.000044,0.108399,0.256174,0.635382
AGCCCTTGGACATCCC-1,0.000037,0.057456,0.340387,0.60212
AGCCGCAAATTCAAAT-1,0.000041,0.000041,0.999714,0.000204
AGCCGCTTGATTAGCG-1,0.002469,0.00247,0.982708,0.012352
AGCCGTGGCTAAATGT-1,0.000045,0.043236,0.357614,0.599104
AGCCTAATACCCACGT-1,0.000039,0.100669,0.609742,0.28955
AGCCTTAAAGCGGAAG-1,0.000023,0.024261,0.324482,0.651234
AGCGACAGGAACGGTC-1,0.000043,0.138611,0.452154,0.409191
AGCGACATCCCATTCA-1,0.000064,0.020153,0.886602,0.09318
AGCGACCAACGATATT-1,0.000049,0.325832,0.318457,0.355662
AGCGATGCGCCTAATA-1,0.000035,0.210281,0.608033,0.181651
AGCGCGGGTGCCAATG-1,0.000037,0.217997,0.273231,0.508735
AGCGCTAGAGCGATGT-1,0.000047,0.003274,0.171269,0.82541
AGCGGACACTTCGTAG-1,0.000125,0.47124,0.52801,0.000625
AGCGGCGGTTAGCGGT-1,0.000029,0.003085,0.176617,0.820269
AGCGGGAAGGGTCCAT-1,0.000035,0.100376,0.253451,0.646137
AGCGGGTCTGACACTC-1,0.000283,0.383619,0.614679,0.001418
AGCGGTTGCCGCTCTG-1,0.000059,0.000059,0.036464,0.963417
AGCGTACGAGAGCTAG-1,0.000607,0.000608,0.877268,0.121517
AGCGTAGCGCTAGACC-1,0.001792,0.249013,0.740228,0.008967
AGCGTCTGAACCCGCA-1,0.000321,0.047525,0.380088,0.572066
AGCGTGGTATTCTACT-1,0.000062,0.94394,0.000124,0.055874
AGCTAAGTACGCAGGC-1,0.000043,0.000043,0.999696,0.000217
AGCTACGAATGGTGGT-1,0.000553,0.439208,0.557473,0.002766
AGCTAGAAGCAGAAGT-1,0.000032,0.026813,0.374772,0.598383
AGCTATTTAATCCAAC-1,0.000057,0.368459,0.512023,0.119461
AGCTCCATATATGTTC-1,0.000049,0.123157,0.619748,0.257046
AGCTCCTTCGCACATC-1,0.000068,0.250954,0.545683,0.203295
AGCTCGTTGATGGAAA-1,0.000034,0.037828,0.120463,0.841676
AGCTCTAGACGTTCCA-1,0.000064,0.621852,0.276237,0.101846
AGCTCTTCGTAACCTT-1,0.000053,0.011613,0.381364,0.60697
AGCTCTTTACTCAGTT-1,0.000048,0.185906,0.330424,0.483622
AGCTGTAACCTCAATC-1,0.000062,0.046361,0.532037,0.42154
AGCTTATAGAGACCTG-1,0.000503,0.000503,0.296045,0.702949
AGCTTCAATACTTTGA-1,0.000219,0.222034,0.61357,0.164177
AGCTTCTTCTCGAGCA-1,0.001235,0.001236,0.692077,0.305452
AGCTTGATCTTAACTT-1,0.000076,0.054979,0.228813,0.716132
AGGAAAGCCTCTGATG-1,0.000512,0.511373,0.485553,0.002562
AGGAACGAACGACTTC-1,0.000017,0.000017,0.046446,0.953519
AGGAAGCTGTCCGCCG-1,0.000023,0.851409,0.021861,0.126707
AGGACAGTCGAATCCC-1,0.000027,0.000027,0.000053,0.999893
AGGACATCGCACGTCG-1,0.00003,0.013138,0.069125,0.917707
AGGACATCGGCACACT-1,0.000346,0.179659,0.818263,0.001732
AGGACGACCCATTAGA-1,0.000045,0.09654,0.401025,0.502391
AGGACGCTCGATGTTG-1,0.000023,0.015671,0.041609,0.942697
AGGACTTATAGGAGAA-1,0.000083,0.000083,0.317998,0.681836
AGGAGACATCCACAGT-1,0.000066,0.07162,0.356665,0.571648
AGGAGAGTCTGGCTAC-1,0.00003,0.069752,0.139203,0.791015
AGGAGCGTTTATTATC-1,0.000181,0.293865,0.472756,0.233198
AGGAGGCCTTCGCGCG-1,0.000057,0.104619,0.827961,0.067363
AGGATATAGGGATTTA-1,0.000059,0.047609,0.444164,0.508168
AGGATATCCGACTGCA-1,0.000492,0.234875,0.762174,0.00246
AGGATCACGCGATCTG-1,0.000028,0.009128,0.119644,0.871199
AGGATTGCTTACGACA-1,0.000103,0.064255,0.713651,0.221991
AGGCAAAGAGGAATCA-1,0.000678,0.000678,0.995255,0.00339
AGGCAATACGGAGGAC-1,0.000161,0.000161,0.998875,0.000803
AGGCACGTGACTGTCC-1,0.000009,0.000009,0.000019,0.999963
AGGCAGATGCGTAAAC-1,0.00005,0.147204,0.819368,0.033378
AGGCATTGTCGTAGGG-1,0.000043,0.150801,0.632181,0.216976
AGGCCACATTGGTTAC-1,0.000039,0.053363,0.573195,0.373402
AGGCCACCCGTTATGA-1,0.000025,0.088892,0.000056,0.911027
AGGCCCAGTGACTGGT-1,0.000736,0.225586,0.463599,0.310079
AGGCCCATTGTACAGG-1,0.000092,0.000092,0.276128,0.723688
AGGCCCTAGAACGCCA-1,0.000041,0.06082,0.483679,0.45546
AGGCCTGAGAATCTCG-1,0.000012,0.019067,0.006967,0.973954
AGGCGATAACTGGCGT-1,0.000026,0.058609,0.159662,0.781703
AGGCGGTTTGTCCCGC-1,0.000039,0.058731,0.397621,0.543608
AGGCTATGGTTAGCTT-1,0.000053,0.001616,0.517222,0.481109
AGGCTTAAGTTGCACA-1,0.000113,0.073984,0.612839,0.313064
AGGCTTCCCGAAGAAG-1,0.000049,0.126412,0.552202,0.321337
AGGCTTGCTAGACACC-1,0.000035,0.053731,0.428852,0.517382
AGGGACAGCACGGCGG-1,0.000207,0.519269,0.262312,0.218213
AGGGACCGGCTGCGTT-1,0.000069,0.032029,0.786452,0.18145
AGGGAGACATACTTCG-1,0.000074,0.000074,0.033308,0.966544
AGGGCAGCGGCGTGGT-1,0.000185,0.155003,0.843882,0.000931
AGGGCCCTAATGTTCT-1,0.000013,0.000013,0.098807,0.901167
AGGGCGAGCAGCTGAT-1,0.000035,0.020874,0.088204,0.890887
AGGGCGTGATCGGCTA-1,0.000039,0.000957,0.633155,0.365849
AGGGTCGATGCGAACT-1,0.000019,0.002637,0.000038,0.997306
AGGGTCTGGACGCAGT-1,0.000177,0.163848,0.574418,0.261558
AGGGTGCTCTCGAGGG-1,0.000047,0.072358,0.265366,0.662229
AGGGTGGATAGTGCAT-1,0.000043,0.025092,0.732088,0.242777
AGGGTTCCCTTTGGTT-1,0.000052,0.178154,0.277501,0.544293
AGGTAACCTCCTATTC-1,0.000052,0.021596,0.217638,0.760714
AGGTACGATATTGCCA-1,0.000217,0.155112,0.494288,0.350384
AGGTAGGTACAAAGCT-1,0.000051,0.017964,0.638595,0.34339
AGGTATAATTGATAGT-1,0.000066,0.308544,0.573203,0.118188
AGGTATGCGGACATTA-1,0.000092,0.071349,0.722623,0.205936
AGGTCAGGTGAGAGTG-1,0.000061,0.065182,0.707046,0.227712
AGGTCGCCACTTCGGT-1,0.000455,0.089236,0.892093,0.018215
AGGTCGCCTCCCAACA-1,0.000019,0.043753,0.07196,0.884268
AGGTCGCGGAGTTACT-1,0.00012,0.036562,0.671406,0.291912
AGGTGCACGTCCACAT-1,0.0011,0.001101,0.627913,0.369886
AGGTGTATCGCCATGA-1,0.000074,0.090409,0.685211,0.224306
AGGTGTTGCCGACCAC-1,0.000173,0.171876,0.488252,0.339699
AGGTTACACCATGCCG-1,0.000035,0.000035,0.092593,0.907337
AGGTTGAGGCACGCTT-1,0.000077,0.230234,0.598667,0.171022
AGTAACTATAGCAGCC-1,0.000473,0.000473,0.996688,0.002366
AGTAAGGGACAGAATC-1,0.001406,0.778072,0.213483,0.007038
AGTAATCTAAGGGTGG-1,0.000093,0.120188,0.879255,0.000464
AGTAATGTCTTGCCGC-1,0.000081,0.029698,0.54532,0.424901
AGTACAGAAGCTTATA-1,0.000628,0.000628,0.283335,0.715409
AGTACATCATTTATCA-1,0.000171,0.015695,0.426848,0.557286
AGTACGGCCCGTATCG-1,0.000027,0.058895,0.86588,0.075198
AGTACGTGGCCTGTCT-1,0.000355,0.234522,0.729934,0.03519
AGTACTCTTATGCCCA-1,0.000076,0.248228,0.489168,0.262528
AGTAGAAGGCGCCTCA-1,0.000164,0.202507,0.753669,0.043661
AGTAGCGTGAACGAAC-1,0.00202,0.49795,0.429768,0.070262
AGTAGGAAGGAAGTTG-1,0.000067,0.047092,0.562799,0.390042
AGTAGGTAACATACAT-1,0.000107,0.006948,0.44107,0.551874
AGTATAATACTAGGCA-1,0.000036,0.281375,0.525988,0.192601
AGTATCCATAATAACG-1,0.001145,0.361219,0.248428,0.389207
AGTATGCTGGAGACCA-1,0.000052,0.000052,0.794502,0.205395
AGTCAACACCACCATC-1,0.000024,0.10838,0.009223,0.882373
AGTCAAGATGACACTT-1,0.000051,0.061985,0.292544,0.64542
AGTCACTAGCTCTCGA-1,0.000062,0.106077,0.847011,0.046849
AGTCACTCCGCCTCAT-1,0.000168,0.000168,0.175516,0.824147
AGTCAGCCACCGCCTG-1,0.000035,0.000595,0.367681,0.631689
AGTCCAGCGGGTACGT-1,0.000337,0.000337,0.000674,0.998652
AGTCCATTGGCTGATG-1,0.000035,0.017863,0.140375,0.841727
AGTCCCTCGCAGAAAG-1,0.000118,0.049334,0.450274,0.500274
AGTCGAATTAGCGTAA-1,0.000186,0.425135,0.383201,0.191478
AGTCGACGGTCTCAAG-1,0.00003,0.18746,0.074337,0.738173
AGTCGGCCCAAACGAC-1,0.000054,0.092163,0.739697,0.168085
AGTCGGCTCAACTTTA-1,0.000036,0.122795,0.425525,0.451644
AGTCGGTTGCGTGAGA-1,0.000081,0.000081,0.734167,0.26567
AGTCGTATAAAGCAGA-1,0.000046,0.014615,0.716511,0.268829
AGTCGTCGACCACCAA-1,0.000064,0.145712,0.632392,0.221831
AGTCGTGGGCATTACG-1,0.00005,0.046902,0.439783,0.513264
AGTCTAAAGTATACTC-1,0.000218,0.041211,0.35822,0.600351
AGTCTCACAAGACTAC-1,0.00005,0.074598,0.558461,0.366891
AGTCTGGACATCCTTG-1,0.000033,0.083665,0.387903,0.528399
AGTCTTCTCCTCAAAT-1,0.000101,0.493715,0.298303,0.20788
AGTCTTTAAAGTGTCC-1,0.000158,0.271007,0.728045,0.00079
AGTGAACAAACTTCTC-1,0.000045,0.071888,0.665317,0.26275
AGTGAAGATGGTGTCC-1,0.000077,0.298813,0.602679,0.098431
AGTGACCTACTTTACG-1,0.00004,0.404134,0.189375,0.406451
AGTGAGACTTCCAGTA-1,0.000097,0.16124,0.698038,0.140625
AGTGAGCCTCGCCGCC-1,0.00005,0.00623,0.624956,0.368764
AGTGAGGGTTTCTGAC-1,0.000123,0.525259,0.331127,0.143491
AGTGAGTCGAATTAAC-1,0.000136,0.407982,0.188008,0.403874
AGTGATAACCTGCGCG-1,0.000058,0.087801,0.693343,0.218797
AGTGATATGAGTAGTT-1,0.000024,0.742667,0.013498,0.243811
AGTGATTCAAGCAGGA-1,0.000074,0.157044,0.743966,0.098917
AGTGCACGCTTAAGAA-1,0.000046,0.173045,0.639724,0.187185
AGTGCGTAGCTCGTAA-1,0.000039,0.105482,0.301816,0.592663
AGTGCTAAACACAGCA-1,0.000046,0.068835,0.433778,0.497341
AGTGCTTGCACGAATA-1,0.00004,0.090341,0.067622,0.841996
AGTGGCCCGCAAATGG-1,0.000381,0.591724,0.405992,0.001904
AGTGGCGGCAATTTGA-1,0.000049,0.350061,0.340969,0.308921
AGTGGCGTCTGAAGGT-1,0.000037,0.176982,0.62319,0.199791
AGTGGCTCCGTCGGCC-1,0.000038,0.050142,0.205937,0.743883
AGTGGGAGTATACACG-1,0.000604,0.000604,0.615491,0.383301
AGTGGTGTTACCCGTG-1,0.000035,0.050015,0.446235,0.503714
AGTGGTTGCGTATAGG-1,0.000057,0.000057,0.550621,0.449265
AGTGTATTGCGCATTG-1,0.00018,0.085584,0.271369,0.642867
AGTGTGCTAAGATCGC-1,0.000415,0.000415,0.518459,0.480711
AGTGTGGTCTATTGTG-1,0.000029,0.024115,0.07834,0.897516
AGTTAAACACTTGCGA-1,0.000046,0.24241,0.360608,0.396936
AGTTAAGCGGTCCCGG-1,0.000805,0.735531,0.259636,0.004029
AGTTAAGTCAACCGCT-1,0.000039,0.02647,0.285136,0.688355
AGTTACCCTTAAGACT-1,0.000029,0.000033,0.467974,0.531963
AGTTACCGCACATGGT-1,0.000034,0.002833,0.677004,0.32013
AGTTATTCAGACTGTG-1,0.001684,0.672425,0.317467,0.008424
AGTTATTGAAAGGTAA-1,0.000368,0.000368,0.057013,0.942251
AGTTCACCGGTTGGAC-1,0.000072,0.093308,0.631647,0.274973
AGTTCCTACAGAATTA-1,0.000034,0.179768,0.112503,0.707696
AGTTCTGCGTTGTATC-1,0.000031,0.0072,0.063401,0.929368
AGTTGACATCGGCTGG-1,0.00117,0.001171,0.991808,0.005852
AGTTGACGGTCCTTGC-1,0.000529,0.717486,0.279338,0.002647
AGTTGCTGACTGATAT-1,0.000039,0.071689,0.363288,0.564983
AGTTGGCAAGGCTAGA-1,0.000882,0.000882,0.993824,0.004412
AGTTTATGTAAAGACA-1,0.000049,0.019724,0.310575,0.669652
AGTTTCGCAGGTCGGA-1,0.001821,0.001823,0.715734,0.280622
AGTTTGCACCTGCCTC-1,0.000082,0.314323,0.271471,0.414123
AGTTTGGCACGGGTTG-1,0.000033,0.034381,0.074602,0.890983
AGTTTGGCCAGACCTA-1,0.000022,0.003091,0.002554,0.994333
ATAAACCATTGGACGG-1,0.000594,0.000595,0.995838,0.002973
ATAAACGTTGCACCAC-1,0.000011,0.000011,0.000023,0.999955
ATAAAGGCTCGGTCGT-1,0.000053,0.123676,0.339766,0.536506
ATAAAGGTCAAGTACG-1,0.000558,0.99553,0.001117,0.002794
ATAAATATTAGCAGCT-1,0.000045,0.031687,0.128005,0.840263
ATAACGCCGGAGGGTC-1,0.000101,0.240857,0.592599,0.166443
