Barcode,Topic 1,Topic 2,Topic 3,Topic 4,Topic 5to12
AAACAACGAATAGTTC-1,0.000208,0.000208,0.051329,0.037677,0.910579
AAACAAGTATCTCCCA-1,0.000053,0.000053,0.005592,0.000053,0.994249
AAACAATCTACTAGCA-1,0.000086,0.000086,0.268295,0.000086,0.731447
AAACAGCTTTCAGAAG-1,0.000116,0.000116,0.000116,0.000116,0.999536
AAACAGGGTCTATATT-1,0.00007,0.00007,0.00007,0.00007,0.999722
AAACATTTCCCGGATT-1,0.000098,0.000098,0.091155,0.000098,0.908552
AAACCCGAACGAAATC-1,0.000022,0.000022,0.000022,0.000022,0.999911
AAACCGGAAATGTTAA-1,0.000111,0.000111,0.000111,0.000111,0.999555
AAACCGGGTAGGTACC-1,0.000036,0.000036,0.006235,0.000036,0.993658
AAACCGTTCGTCCAGG-1,0.000082,0.000082,0.000082,0.000082,0.999672
AAACCTAAGCAGCCGG-1,0.000051,0.000051,0.038164,0.000051,0.961682
AAACCTCATGAAGTTG-1,0.000041,0.000041,0.000041,0.000041,0.999836
AAACGAAGAACATACC-1,0.000049,0.000049,0.029438,0.003242,0.967222
AAACGAGACGGTTGAT-1,0.000066,0.000066,0.000066,0.528797,0.471004
AAACGCTGGGCACGAC-1,0.000158,0.000158,0.181944,0.000158,0.817583
AAACGGGCGTACGGGT-1,0.000125,0.000125,0.000125,0.033126,0.966499
AAACGGGTTGGTATCC-1,0.000308,0.000308,0.000308,0.000308,0.99877
AAACGGTTGCGAACTG-1,0.00007,0.00007,0.390513,0.00007,0.609278
AAACGTGTTCGCCCTA-1,0.000015,0.000015,0.000015,0.671836,0.328118
AAACTCGGTTCGCAAT-1,0.00005,0.00005,0.019146,0.00005,0.980704
AAACTCGTGATATAAG-1,0.000048,0.000048,0.000048,0.000048,0.999809
AAACTGCTGGCTCCAA-1,0.000039,0.000039,0.055607,0.000039,0.944275
AAACTTGCAAACGTAT-1,0.000064,0.000064,0.000064,0.000064,0.999743
AAAGAATGTGGACTAA-1,0.000061,0.000061,0.36273,0.01067,0.626477
AAAGACCCAAGTCGCG-1,0.000204,0.000204,0.039286,0.000204,0.960101
AAAGACTGGGCGCTTT-1,0.000064,0.000064,0.037034,0.000064,0.962775
AAAGCTTGCCTACATA-1,0.000035,0.000035,0.000035,0.000035,0.999858
AAAGGGATGTAGCAAG-1,0.000054,0.000054,0.021918,0.000054,0.97792
AAAGGGCAGCTTGAAT-1,0.000045,0.000045,0.000045,0.000045,0.999821
AAAGTAGCATTGCTCA-1,0.000116,0.000116,0.000116,0.000116,0.999536
AAAGTCACTGATGTAA-1,0.000116,0.000116,0.072414,0.000116,0.927238
AAAGTCGACCCTCAGT-1,0.000042,0.000042,0.000042,0.000042,0.999832
AAAGTGCCATCAATTA-1,0.000317,0.000317,0.033573,0.000317,0.965476
AAAGTGTGATTTATCT-1,0.000072,0.000072,0.001286,0.000072,0.998499
AAAGTTGACTCCCGTA-1,0.000055,0.000055,0.047721,0.014384,0.937785
AAATAAGGTAGTGCCC-1,0.000028,0.000028,0.000028,0.000028,0.999889
AAATACCTATAAGCAT-1,0.000045,0.000045,0.000045,0.000056,0.999809
AAATAGCTTAGACTTT-1,0.000032,0.000032,0.000032,0.034081,0.965825
AAATAGGGTGCTATTG-1,0.000051,0.000051,0.000051,0.000051,0.999795
AAATCCGATACACGCC-1,0.000036,0.000036,0.065446,0.000036,0.934446
AAATCTAGCCCTGCTA-1,0.000048,0.000048,0.000048,0.000048,0.999809
AAATGATTCGATCAGC-1,0.000043,0.000043,0.000043,0.011738,0.988133
AAATGCTCGTTACGTT-1,0.000048,0.000048,0.032129,0.000048,0.967726
AAATGGCATGTCTTGT-1,0.000133,0.000133,0.14377,0.000133,0.85583
AAATGGCCCGTGCCCT-1,0.00006,0.00006,0.00006,0.00006,0.99976
AAATGGTCAATGTGCC-1,0.00005,0.00005,0.023089,0.00005,0.976761
AAATGTATCTTATCCC-1,0.000079,0.000079,0.000079,0.000079,0.999683
AAATGTGGGTGCTCCT-1,0.000078,0.000078,0.000078,0.000078,0.999687
AAATTAACGGGTAGCT-1,0.000069,0.000069,0.000069,0.276298,0.723494
AAATTAATAAGCGCGA-1,0.000201,0.000201,0.000201,0.000201,0.999197
AAATTACCTATCGATG-1,0.000053,0.000053,0.023527,0.033071,0.943295
AAATTCCAGGTCCAAA-1,0.000031,0.000031,0.000031,0.000031,0.999877
AAATTGATAGTCCTTT-1,0.000109,0.000109,0.000109,0.566917,0.432756
AAATTGCGGCGGTTCT-1,0.000253,0.000253,0.000253,0.000253,0.998987
AAATTGGTGAGAAGCA-1,0.000028,0.000028,0.018537,0.162996,0.818412
AAATTTGCGGGTGTGG-1,0.000174,0.000174,0.000174,0.000174,0.999304
AACAACTGGTAGTTGC-1,0.000034,0.000034,0.000034,0.000034,0.999864
AACAATTACTCTACGC-1,0.000025,0.000025,0.000025,0.00529,0.994636
AACACACGCTCGCCGC-1,0.00002,0.00002,0.00002,0.00002,0.999921
AACACGACTGTACTGA-1,0.000099,0.000099,0.000099,0.000099,0.999604
AACACGAGACGCGGCC-1,0.000092,0.000092,0.000092,0.000092,0.999631
AACACGCGGCCGCGAA-1,0.000101,0.000101,0.116927,0.005169,0.877702
AACAGGAAATCGAATA-1,0.000092,0.000092,0.000092,0.000092,0.999631
AACAGGATGGGCCGCG-1,0.000012,0.000012,0.000012,0.000012,0.999952
AACAGGTAGTATGGAT-1,0.000038,0.000038,0.043275,0.000038,0.956611
AACATATCAACTGGTG-1,0.000045,0.000045,0.000045,0.000116,0.999749
AACATCGATACGTCTA-1,0.000025,0.000025,0.031059,0.027777,0.941114
AACATTGGTCAGCCGT-1,0.000152,0.000152,0.638716,0.000152,0.360827
AACCAAGACTTCTCTG-1,0.000027,0.000027,0.000027,0.005187,0.994732
AACCATGGGATCGCTA-1,0.00005,0.00005,0.010983,0.00005,0.988868
AACCCAGAGACGGAGA-1,0.000035,0.000035,0.000035,0.000035,0.999859
AACCCATCCCATGATC-1,0.000166,0.000166,0.000166,0.066852,0.93265
AACCCGAGCAGAATCG-1,0.00008,0.00008,0.098285,0.00008,0.901474
AACCCTACTGTCAATA-1,0.000046,0.000046,0.000046,0.000046,0.999815
AACCCTGGTGGAACCA-1,0.000061,0.000061,0.12633,0.000061,0.873487
AACCGAGCTTGGTCAT-1,0.000059,0.000059,0.020031,0.00016,0.979691
AACCGCTAAGGGATGC-1,0.000064,0.000064,0.000064,0.000064,0.999742
AACCGTTGTGTTTGCT-1,0.000119,0.000119,0.000119,0.000119,0.999526
AACCTCGCTTTAGCCC-1,0.000073,0.000073,0.024848,0.000073,0.974934
AACCTGTCACGGAATT-1,0.000037,0.000037,0.000037,0.000037,0.999852
AACCTTTAAATACGGT-1,0.000037,0.000037,0.011934,0.000037,0.987954
AACCTTTACGACGTCT-1,0.000342,0.000342,0.000342,0.068422,0.930554
AACGACCTCCTAGCCG-1,0.000332,0.000332,0.175284,0.000332,0.823719
AACGATAATGCCGTAG-1,0.000024,0.000024,0.028917,0.000024,0.971012
AACGATAGAAGGGCCG-1,0.000126,0.000126,0.027793,0.000126,0.97183
AACGCATGATCTGGGT-1,0.000044,0.000044,0.000044,0.000044,0.999823
AACGCGAACGGCAACA-1,0.000085,0.000085,0.012474,0.000085,0.987271
AACGCGGTCTCCAGCC-1,0.000218,0.000218,0.339779,0.000218,0.659568
AACGCTGTTGCTGAAA-1,0.000033,0.000033,0.137518,0.020755,0.841661
AACGGACGTACGTATA-1,0.000031,0.000031,0.016303,0.000031,0.983603
AACGGCCATCTCCGGT-1,0.000051,0.000051,0.000051,0.000051,0.999795
AACGTACTGTGGGTAC-1,0.000086,0.000086,0.000086,0.034231,0.96551
AACGTAGTCTACCCAT-1,0.00011,0.00011,0.351096,0.00011,0.648575
AACGTCAGACTAGTGG-1,0.000058,0.000058,0.000058,0.000058,0.999768
AACGTCGCTGCACTTC-1,0.00019,0.00019,0.00019,0.00019,0.999239
AACGTGCGAAAGTCTC-1,0.000031,0.000031,0.028531,0.047068,0.924339
AACGTTATCAGCACCT-1,0.000101,0.000101,0.000101,0.000101,0.999594
AACTACCCGTTTGTCA-1,0.000052,0.000052,0.000052,0.000052,0.999791
AACTAGCGTATCGCAC-1,0.000202,0.000202,0.50487,0.000202,0.494524
AACTAGGCTTGGGTGT-1,0.00009,0.00009,0.623576,0.00009,0.376154
AACTCAAGTTAATTGC-1,0.000023,0.000023,0.000023,0.000759,0.999172
AACTCCAGAGCGTGTT-1,0.000159,0.000159,0.119427,0.000159,0.880095
AACTCGATAAACACGT-1,0.000059,0.000059,0.458225,0.000059,0.541599
AACTCGATGGCGCAGT-1,0.00003,0.00003,0.00003,0.00003,0.99988
AACTCTCAATAGAGCG-1,0.000059,0.000059,0.000059,0.037035,0.962788
AACTCTCAGTGTGCTC-1,0.000104,0.000104,0.000104,0.116909,0.88278
AACTGAGTTATACTGA-1,0.000045,0.000045,0.022328,0.000045,0.977536
AACTGATATTAGGCCT-1,0.00006,0.00006,0.00006,0.00006,0.999758
AACTGGGTCCCGACGT-1,0.000031,0.000031,0.000031,0.000031,0.999877
AACTGGTGTGGGCCTT-1,0.000305,0.000305,0.000305,0.000305,0.998779
AACTTCTGCGTCTATC-1,0.000035,0.000035,0.000035,0.000035,0.999858
AACTTGCCCGTATGCA-1,0.000031,0.000031,0.000031,0.000031,0.999876
AACTTGCGTTCTCGCG-1,0.000083,0.000083,0.000083,0.000083,0.999667
AACTTTACGGGAGCTT-1,0.000083,0.000083,0.000083,0.043221,0.95653
AACTTTAGCTGCTGAG-1,0.000405,0.000405,0.013173,0.000405,0.985613
AACTTTCTCGATCATG-1,0.000042,0.000042,0.000042,0.000042,0.999831
AAGAAATCACCAGATT-1,0.000032,0.000032,0.000032,0.000032,0.999871
AAGAAGGATCAGTTAG-1,0.000048,0.000048,0.035553,0.000048,0.964303
AAGACATACGTGGTTT-1,0.000147,0.000147,0.462404,0.008615,0.528687
AAGACTAACCCGTTGT-1,0.000154,0.000154,0.622574,0.000154,0.376964
AAGACTGCAAGCTACT-1,0.00009,0.00009,0.011246,0.121757,0.866818
AAGAGATGAATCGGTA-1,0.000061,0.000061,0.000061,0.000061,0.999755
AAGAGCTCTTTATCGG-1,0.000014,0.000014,0.000014,0.305223,0.694734
AAGAGGATGTACGCGA-1,0.00004,0.00004,0.00004,0.00004,0.999839
AAGAGGCATGGATCGC-1,0.000102,0.000102,0.000102,0.324209,0.675485
AAGAGGCCCTTTGGAA-1,0.000146,0.000146,0.133281,0.000146,0.866279
AAGATTGGCGGAACGT-1,0.000042,0.000042,0.000042,0.007086,0.992789
AAGCACCCTGCGTATC-1,0.000043,0.000043,0.018348,0.000043,0.981521
AAGCATACTCTCCTGA-1,0.000075,0.000075,0.000075,0.000075,0.999699
AAGCCGAAGCGGTTTA-1,0.000038,0.000038,0.000038,0.000039,0.999846
AAGCCGCTTTACCTTG-1,0.000042,0.000042,0.000042,0.000042,0.999833
AAGCCGGAGAGCAGGA-1,0.000271,0.000271,0.000271,0.000271,0.998918
AAGCGCAGGGCTTTGA-1,0.000017,0.000017,0.000017,0.001479,0.998471
AAGCTAGATCGAGTAA-1,0.000044,0.000044,0.000044,0.000044,0.999825
AAGCTCGTGCCAAGTC-1,0.000065,0.000065,0.000065,0.016908,0.982896
AAGCTCTTTCATGGTG-1,0.000048,0.000048,0.000048,0.001745,0.998112
AAGGAGAACTTATAAG-1,0.000027,0.000027,0.059721,0.003053,0.937172
AAGGAGCGGTTGGTGC-1,0.000072,0.000072,0.000072,0.000072,0.999712
AAGGATCGATCGCTTG-1,0.000041,0.000041,0.000041,0.000041,0.999836
AAGGATGAGGGACCTC-1,0.000061,0.000061,0.000061,0.035766,0.964051
AAGGCAGGCTGTCTCC-1,0.000032,0.000032,0.000032,0.000032,0.999872
AAGGCGCGTAAAGCTT-1,0.000042,0.000042,0.059867,0.000042,0.940008
AAGGCTGTGCTCATCG-1,0.00007,0.00007,0.00007,0.00007,0.999719
AAGGGACAGATTCTGT-1,0.000071,0.000071,0.015106,0.000071,0.984682
AAGGTGATAAACCAGC-1,0.000051,0.000051,0.000051,0.000051,0.999797
AAGTAAGCTTCCAAAC-1,0.000026,0.000026,0.823831,0.000026,0.176091
AAGTAGAAGACCGGGT-1,0.000035,0.000035,0.035575,0.000035,0.964319
AAGTAGTGACGCGAGG-1,0.000029,0.000029,0.000029,0.000029,0.999886
AAGTCAATTGTCGTCA-1,0.000021,0.000021,0.002757,0.000021,0.997181
AAGTCTAGTAGCTGCC-1,0.000028,0.000028,0.000028,0.000028,0.999887
AAGTCTTCTGTGGCCT-1,0.000187,0.000187,0.114869,0.000187,0.884571
AAGTGACGACCGAATT-1,0.000069,0.000069,0.000069,0.000069,0.999724
AAGTGCAAAGGTAGAC-1,0.00009,0.00009,0.128776,0.00009,0.870953
AAGTGCCTTGACTGTA-1,0.000057,0.000057,0.010094,0.007229,0.982563
AAGTGCGTTAGAATCT-1,0.000085,0.000085,0.000085,0.000085,0.999661
AAGTGTTTGGAGACGG-1,0.000036,0.000036,0.025608,0.000036,0.974284
AAGTTCACTCCAAGCT-1,0.000112,0.000112,0.000112,0.000112,0.999552
AAGTTCAGTCTGCGTA-1,0.000042,0.000042,0.000042,0.000042,0.999831
AAGTTCGGCCAACAGG-1,0.000054,0.000054,0.000054,0.000054,0.999785
AAGTTGTGATGTTATA-1,0.000216,0.000216,0.000216,0.000216,0.999136
AAGTTTACTAATGGCA-1,0.000103,0.000103,0.000103,0.021433,0.978257
AAGTTTATGGGCCCAA-1,0.000091,0.000091,0.000091,0.000091,0.999637
AATAACAACGCTCGGC-1,0.000008,0.000008,0.000008,0.000008,0.999966
AATAACACTAGAACAA-1,0.000035,0.000035,0.000035,0.002492,0.997404
AATAAGTCCTCGAGAC-1,0.000052,0.000052,0.100113,0.000052,0.89973
AATAATCTTCGTATCG-1,0.000121,0.000121,0.000121,0.000121,0.999515
AATACAATGTTTCAGG-1,0.000016,0.000016,0.000016,0.000016,0.999936
AATACCTGATGTGAAC-1,0.000042,0.000042,0.002829,0.000042,0.997045
AATAGAATCTGTTTCA-1,0.000115,0.000115,0.037653,0.000115,0.962001
AATAGCTACCGCGTGC-1,0.000018,0.000018,0.000018,0.000018,0.999927
AATAGTCGCGAGTCGG-1,0.000151,0.000151,0.000151,0.000151,0.999395
AATATCAAGGTCGGAT-1,0.000122,0.000122,0.052833,0.000122,0.946802
AATATCCTAGCAAACT-1,0.000042,0.000042,0.894693,0.000042,0.105181
AATATCGAATCAATGC-1,0.000015,0.000015,0.000015,0.000015,0.999942
AATATCGAGGGTTCTC-1,0.000059,0.000059,0.152536,0.000059,0.847287
AATATTGGAGTATTGA-1,0.000047,0.000047,0.000047,0.028057,0.971801
AATCAGACTGCAGGAC-1,0.000331,0.000331,0.000331,0.000331,0.998677
AATCATGTAAAGACTC-1,0.000063,0.000063,0.000063,0.000063,0.999747
AATCCAAGGGCCTGAG-1,0.000154,0.000154,0.219621,0.000154,0.779918
AATCCATGCAAGGGTG-1,0.000168,0.000168,0.000168,0.000168,0.999327
AATCGCCTCAGCGCCA-1,0.000038,0.000038,0.006183,0.67795,0.315792
AATCGCGCAGAGGACT-1,0.000016,0.000016,0.000016,0.000016,0.999935
AATCGGGACACTACGA-1,0.000091,0.000091,0.000218,0.000091,0.99951
AATCGGTATAGCCCTC-1,0.000233,0.000233,0.000233,0.014567,0.984735
AATCGTGAGCCGAGCA-1,0.000108,0.000108,0.039245,0.000108,0.96043
AATCTAGGTTTACTTG-1,0.000074,0.000074,0.000074,0.000074,0.999704
AATCTATGCCGGAGCC-1,0.000051,0.000051,0.000051,0.000051,0.999796
AATCTCTACTGTGGTT-1,0.000067,0.000067,0.000067,0.000067,0.999734
AATCTGCGTTGGGACG-1,0.000065,0.000065,0.000065,0.000065,0.999742
AATCTGGCTTTCTAGT-1,0.000051,0.000051,0.013176,0.018129,0.968592
AATGACAGCAATGTCT-1,0.000156,0.000156,0.000156,0.000156,0.999375
AATGACGTAGGATGTC-1,0.000064,0.000064,0.067105,0.000064,0.932705
AATGACTGTCAGCCGG-1,0.000059,0.000059,0.000059,0.008634,0.991189
AATGAGTTCGCATATG-1,0.000064,0.000065,0.000065,0.000065,0.999742
AATGATGATACGCTAT-1,0.000079,0.000079,0.000079,0.000079,0.999685
AATGATGCGACTCCTG-1,0.000049,0.000049,0.024754,0.000049,0.975099
AATGCAACCGGGTACC-1,0.000059,0.000059,0.000059,0.000059,0.999764
AATGCACCAAGCAATG-1,0.000142,0.000142,0.081917,0.000142,0.917657
AATGGTCCACCGTTCA-1,0.00006,0.00006,0.005212,0.00006,0.994608
AATGGTTCTCACAAGC-1,0.000223,0.000223,0.000223,0.000223,0.999109
AATGTTGTCGTGAGAC-1,0.00007,0.00007,0.974781,0.00007,0.025009
AATTAAAGGTCGGCGT-1,0.000048,0.000048,0.031573,0.000048,0.968284
AATTAACGGATTTCCA-1,0.000045,0.000045,0.01821,0.000045,0.981655
AATTACTCGTACGCTC-1,0.000374,0.000374,0.000374,0.000374,0.998505
AATTAGCGCTGCAGCG-1,0.000019,0.000019,0.013055,0.000019,0.986889
AATTCATAAGGGATCT-1,0.000063,0.000063,0.085708,0.000063,0.914103
AATTCCAACTTGGTGA-1,0.000111,0.000111,0.641043,0.000111,0.358625
AATTCCAAGCATGTAC-1,0.000228,0.000228,0.113451,0.000228,0.885864
AATTCGATTCGAGGAT-1,0.00005,0.00005,0.00005,0.002107,0.997741
AATTCTAGAGTTAGGC-1,0.000054,0.000054,0.000054,0.000054,0.999784
AATTGAACGCTCTGGT-1,0.000067,0.000067,0.000067,0.000067,0.999731
AATTGCAGCAATCGAC-1,0.000081,0.000081,0.604611,0.000081,0.395146
AATTGTGGTTGCCAAA-1,0.000382,0.000382,0.000382,0.000382,0.998471
AATTTGGTTCCAAAGA-1,0.000069,0.000069,0.068402,0.000069,0.931391
ACAAACCGACAAGGCG-1,0.000136,0.000136,0.103739,0.000136,0.895852
ACAAAGAAGGTAGGCC-1,0.000249,0.000249,0.000249,0.000249,0.999005
ACAAAGCATGACCTAG-1,0.000052,0.000052,0.104448,0.000052,0.895397
ACAAATCGCACCGAAT-1,0.000124,0.000124,0.000124,0.000124,0.999503
ACAAATGGTAGTGTTT-1,0.000056,0.000056,0.000056,0.117024,0.882808
ACAACGGTCCCTGCGA-1,0.000052,0.000052,0.000052,0.000052,0.999793
ACAAGCAGTGCCTAGC-1,0.000055,0.000055,0.000055,0.000055,0.99978
ACAAGCTATATGGAAG-1,0.000092,0.000092,0.430083,0.000092,0.569642
ACAAGGAAATCCGCCC-1,0.000104,0.000104,0.000104,0.000104,0.999585
ACAAGGACAAGAGGTT-1,0.000059,0.000059,0.000059,0.000059,0.999764
ACAAGGATGCTTTAGG-1,0.000439,0.000439,0.000439,0.091727,0.906957
ACAAGGGCAGGCTCTG-1,0.00005,0.00005,0.064796,0.028713,0.906391
ACAATAGTCGTACGTT-1,0.000131,0.000131,0.004386,0.000131,0.995222
ACAATCCATTTAAACC-1,0.000046,0.000046,0.020985,0.009136,0.969786
ACAATCGATCTTTATA-1,0.000028,0.000028,0.148685,0.000028,0.851232
ACAATTGTGTCTCTTT-1,0.000032,0.000032,0.030167,0.000032,0.969738
ACAATTTAGGAGGCTC-1,0.00007,0.00007,0.00007,0.043701,0.956089
ACAATTTGAGCAGTGG-1,0.000211,0.000211,0.000211,0.062096,0.937271
ACAATTTGGCCATATT-1,0.000041,0.000041,0.000041,0.047661,0.952217
ACACAAAGACGGGTGG-1,0.000093,0.000093,0.000093,0.000093,0.99963
ACACAAATATTCCTAG-1,0.00004,0.00004,0.012058,0.053333,0.934529
ACACACCAGGACCAGT-1,0.00005,0.00005,0.02033,0.010101,0.969469
ACACACTTTCTACACG-1,0.000096,0.000096,0.000096,0.000096,0.999615
ACACATTGACGCAACA-1,0.000098,0.000098,0.135444,0.000098,0.864262
ACACATTTCCGTAGAC-1,0.000062,0.000062,0.026835,0.000062,0.972978
ACACCACATAATTAGC-1,0.000023,0.000023,0.000023,0.00505,0.994879
ACACCCAGCATGCAGC-1,0.00004,0.00004,0.00004,0.00004,0.999839
ACACCCGAGAAATCCG-1,0.000065,0.000065,0.000065,0.000065,0.999739
ACACCGAGCGCTCTTT-1,0.000095,0.000095,0.000095,0.049252,0.950464
ACACCTTAAGTAGGGC-1,0.00008,0.00008,0.00008,0.00008,0.999682
ACACCTTACTACTTGC-1,0.00002,0.00002,0.00002,0.00002,0.999919
ACACGGCACTATGCAT-1,0.000034,0.000034,0.929612,0.000034,0.070287
ACACGTAGGCCACAAG-1,0.000099,0.000099,0.029268,0.000099,0.970436
ACACTCCAATGTCACT-1,0.000053,0.000053,0.000053,0.000053,0.999788
ACACTGGGACAGTCGT-1,0.000064,0.000064,0.036504,0.000064,0.963304
ACAGAACTGAGAACAA-1,0.000053,0.000053,0.000053,0.010824,0.989018
ACAGATTAGGTTAGTG-1,0.000055,0.000055,0.000055,0.008353,0.991483
ACAGCATAGAGCCAGT-1,0.000097,0.000097,0.123653,0.000097,0.876056
ACAGCGACATTCTCAT-1,0.000213,0.000213,0.196068,0.000213,0.803292
ACAGGAGGCGCAGCCG-1,0.000134,0.000134,0.454121,0.000134,0.545476
ACAGGCACGGATCCTT-1,0.00009,0.00009,0.00009,0.00009,0.99964
ACAGGCTTGCCCGACT-1,0.000053,0.000053,0.000053,0.000053,0.999788
ACAGGTGGAGGTGAGG-1,0.000056,0.000056,0.000056,0.000056,0.999776
ACAGGTGTGTTGTTGC-1,0.000216,0.000216,0.000216,0.000216,0.999136
ACAGTAATACAACTTG-1,0.000074,0.000074,0.000074,0.000074,0.999704
ACAGTATACCGTGGGA-1,0.000022,0.000022,0.067077,0.001368,0.931511
ACATAATAAGGCGGTG-1,0.000078,0.000078,0.160247,0.000078,0.839518
ACATCAGCTGGGACGC-1,0.000064,0.000064,0.000064,0.000064,0.999743
ACATCCTGGTAACTGT-1,0.000058,0.000058,0.000058,0.000058,0.999769
ACATCGGTCAGCCGCG-1,0.000055,0.000055,0.000055,0.000055,0.99978
ACATCGTATGCAATGG-1,0.000068,0.000068,0.000068,0.000068,0.999727
ACATCGTTAACCTAGT-1,0.000332,0.000332,0.000332,0.000332,0.998672
ACATCTCAACGCGTAA-1,0.00005,0.00005,0.294476,0.00005,0.705372
ACATGGCGCCAAAGTA-1,0.000047,0.000047,0.000047,0.000047,0.999814
ACATGGCTCAATTTAG-1,0.000089,0.000089,0.225001,0.026482,0.748339
ACATTAGTTTATATCC-1,0.000116,0.000116,0.000116,0.000116,0.999537
ACATTTGAAACCTAAC-1,0.000031,0.000031,0.000031,0.000031,0.999878
ACCAAACACCCAGCGA-1,0.000017,0.000017,0.013872,0.004785,0.981311
ACCAAACTAGAAATCC-1,0.000059,0.000059,0.074705,0.000059,0.925119
ACCAACACCACACACT-1,0.000023,0.000023,0.000023,0.000023,0.999906
ACCAACCGCACTCCAC-1,0.000061,0.000061,0.755462,0.000061,0.244355
ACCAAGAACGCGTGTC-1,0.000049,0.000049,0.106841,0.014039,0.879022
ACCAAGTCATCGGCAG-1,0.000166,0.000166,0.165575,0.000166,0.833927
ACCAATATGCAAGTTA-1,0.000094,0.000094,0.000094,0.000094,0.999624
ACCACAAGTTTCTATC-1,0.000047,0.000047,0.000047,0.004502,0.995357
ACCACACGGTTGATGG-1,0.00022,0.00022,0.00022,0.00022,0.999118
ACCACCAATGTAACAA-1,0.000036,0.000036,0.000036,0.024349,0.975542
ACCACCCTCTCTTCTA-1,0.000045,0.000045,0.000045,0.000045,0.999819
ACCACGTGCAGCTATA-1,0.000156,0.000156,0.136109,0.000156,0.863423
ACCACTGTTCAAGAAG-1,0.000129,0.000129,0.000129,0.000129,0.999483
ACCAGACCATAACAAC-1,0.000216,0.000216,0.000216,0.000216,0.999134
ACCAGCCCGGTCTTTG-1,0.000035,0.000035,0.006523,0.000035,0.993371
ACCAGGAGTGTGATCT-1,0.000075,0.000075,0.000075,0.000075,0.999702
ACCAGTGCGGGAGACG-1,0.000028,0.000028,0.000028,0.000028,0.999887
ACCATATCCGCAATAA-1,0.000076,0.000076,0.000076,0.000076,0.999695
ACCATCCGCCAACTAG-1,0.000086,0.000086,0.000086,0.000086,0.999657
ACCATCGTATATGGTA-1,0.000044,0.000044,0.021497,0.000044,0.978369
ACCATTAAGGGTGTCA-1,0.000152,0.000152,0.000152,0.000152,0.999392
ACCCAACGCCCGTGGC-1,0.000054,0.000054,0.039752,0.027019,0.933122
ACCCACCTACATGCTC-1,0.000052,0.000052,0.037979,0.000052,0.961867
ACCCATCTTGAGGGTA-1,0.000071,0.000071,0.000071,0.000071,0.999715
ACCCATTTGTCCCTCT-1,0.00021,0.00021,0.00021,0.00021,0.999158
ACCCGGAAACTCCCAG-1,0.000054,0.000054,0.339565,0.000054,0.660274
ACCCGGAGCACCACAA-1,0.000102,0.000102,0.000102,0.000102,0.999593
ACCCGGATGACGCATC-1,0.000059,0.000059,0.000059,0.002386,0.997438
ACCCGGTTACACTTCC-1,0.000092,0.000092,0.037812,0.000092,0.961913
ACCCGTAGTCTAGTTG-1,0.000305,0.000305,0.138757,0.000305,0.860327
ACCCTATAGGACTGAG-1,0.000029,0.000029,0.000684,0.000029,0.999228
ACCCTCCCGTCAGGGC-1,0.000063,0.000063,0.102954,0.000063,0.896858
ACCCTCCCTTGCTATT-1,0.000068,0.000068,0.734077,0.000068,0.26572
ACCCTGGTAACGCCCT-1,0.000037,0.000037,0.000037,0.000037,0.999851
ACCCTTCATCTGCGAA-1,0.000096,0.000096,0.000096,0.000096,0.999616
ACCCTTGCCTGGGTCG-1,0.000039,0.000039,0.000039,0.000039,0.999844
ACCGAAAGGGCCCTGC-1,0.00009,0.00009,0.00009,0.00009,0.999639
ACCGACACATCTCCCA-1,0.000093,0.000093,0.000093,0.000093,0.99963
ACCGACTGAGTCCCAC-1,0.000064,0.000064,0.000064,0.000064,0.999744
ACCGAGTCTCCTTATT-1,0.000026,0.000026,0.000026,0.000026,0.999897
ACCGATAGGCATAACC-1,0.000294,0.000294,0.000294,0.000294,0.998822
ACCGATATTTAATCAT-1,0.000102,0.000102,0.044581,0.000102,0.955112
ACCGATGGTAGCATCG-1,0.000076,0.000076,0.000076,0.025038,0.974733
ACCGCAATAACTGCCT-1,0.000014,0.000014,0.009167,0.007808,0.982996
ACCGCGGTGGAAGTCG-1,0.000032,0.000032,0.000032,0.000032,0.999872
ACCGGGCCTTTGTTGA-1,0.00003,0.00003,0.063912,0.00003,0.935999
ACCGTTCCCGCTCTGA-1,0.000131,0.000131,0.000131,0.000131,0.999478
ACCTAAGTACCTTTCA-1,0.000075,0.000075,0.039954,0.000075,0.959821
ACCTAATCGACTTCCT-1,0.000073,0.000073,0.000073,0.000073,0.999707
ACCTACAGTATGTGGT-1,0.000034,0.000034,0.000034,0.000034,0.999864
ACCTACTATAAATCTA-1,0.000218,0.000218,0.010877,0.000218,0.98847
ACCTCCGCCCTCGCTG-1,0.00002,0.00002,0.00002,0.007186,0.992753
ACCTCCGTTATTCACC-1,0.000029,0.000029,0.000029,0.000031,0.999881
ACCTGCGTGTCATGTT-1,0.000073,0.000073,0.000073,0.000073,0.99971
ACCTTTCCTTTAGAAG-1,0.00008,0.00008,0.00008,0.00008,0.999681
ACGAAATGGGCGGCAC-1,0.000057,0.000057,0.01234,0.000057,0.987488
ACGACCCATGAGTTGC-1,0.000256,0.000256,0.000256,0.000256,0.998974
ACGACTCTAGGGCCGA-1,0.000025,0.000025,0.000025,0.000025,0.999901
ACGAGAACCCATCACG-1,0.000185,0.000185,0.000185,0.000185,0.999259
ACGAGGATACCACTCT-1,0.000034,0.000034,0.000034,0.000034,0.999863
ACGAGTACGGATGCCC-1,0.000077,0.000077,0.047378,0.000077,0.952391
ACGAGTCGCCGGCGTT-1,0.000153,0.000153,0.000153,0.000153,0.999388
ACGATACCTATCCTGA-1,0.000229,0.000229,0.000229,0.000229,0.999084
ACGATCATACATAGAG-1,0.000028,0.000028,0.02748,0.001323,0.971141
ACGATCATCTTGTAAA-1,0.000048,0.000048,0.000048,0.009783,0.990073
ACGATGCATATGTTAT-1,0.000061,0.000061,0.013465,0.000061,0.986351
ACGATGGATCCGATGC-1,0.000034,0.000034,0.015252,0.017539,0.96714
ACGCAATCACTACAGC-1,0.000071,0.000071,0.000071,0.000071,0.999717
ACGCATACGTTTACTA-1,0.000054,0.000054,0.085791,0.000054,0.914046
ACGCATTCGTGAGTAC-1,0.000018,0.000018,0.000018,0.619024,0.380922
ACGCCACTCGAAACAG-1,0.000129,0.000129,0.000129,0.000129,0.999482
ACGCCAGATGATTTCT-1,0.000147,0.000147,0.000147,0.000147,0.999413
ACGCCAGTGCGTTTGC-1,0.000054,0.000054,0.152247,0.000054,0.847591
ACGCCCAGCTGTCGAT-1,0.000037,0.000037,0.000037,0.000037,0.999852
ACGCCGCTAGACGACC-1,0.000041,0.000041,0.096142,0.000041,0.903735
ACGCCTGACACGCGCT-1,0.00003,0.00003,0.130844,0.00003,0.869065
ACGCGCTACACAGGGT-1,0.000073,0.000073,0.000073,0.000073,0.999707
ACGCGGGCCAAGGACA-1,0.000024,0.000024,0.028626,0.460809,0.510516
ACGCGTTTCTTAAGAG-1,0.000117,0.000117,0.000117,0.000117,0.999533
ACGCTACTGAATGGGC-1,0.000192,0.000192,0.209658,0.000192,0.789767
ACGCTAGTGATACACT-1,0.000069,0.000069,0.000069,0.036236,0.963556
ACGCTGTGAGGCGTAG-1,0.000021,0.000021,0.002324,0.003995,0.993639
ACGGAACACGAGTGCC-1,0.000035,0.000035,0.034256,0.000035,0.965641
ACGGAATTTAGCAAAT-1,0.000035,0.000035,0.11659,0.000035,0.883307
ACGGACTCTCAAAGCG-1,0.000064,0.000064,0.003962,0.000064,0.995846
ACGGAGCGCAAATTAC-1,0.00004,0.00004,0.00004,0.005416,0.994463
ACGGATGGTGCGGATA-1,0.000057,0.000057,0.000057,0.000057,0.999772
ACGGCGACGATGGGAA-1,0.00012,0.00012,0.095138,0.00012,0.904502
ACGGCGGGTTGCCCTG-1,0.000119,0.000119,0.000119,0.000119,0.999523
ACGGGAGTGTCGGCCC-1,0.000062,0.000062,0.015812,0.000062,0.984
ACGGGCGTATGCGACA-1,0.000025,0.000025,0.000025,0.000025,0.9999
ACGGGTCATGTGACTT-1,0.000113,0.000113,0.000113,0.000113,0.999548
ACGGTACAGTTCAATG-1,0.000029,0.000029,0.000029,0.000029,0.999884
ACGTACAGATTTCTCT-1,0.000105,0.000105,0.100666,0.000105,0.899018
ACGTAGATTGCTGATG-1,0.000113,0.000113,0.000619,0.041927,0.957227
ACGTAGGAGAGTCGCT-1,0.000251,0.000251,0.000251,0.000251,0.998996
ACGTATTACTCCGATC-1,0.000073,0.000073,0.126186,0.000073,0.873597
ACGTCCTAAACGAGAT-1,0.000032,0.000032,0.017984,0.000687,0.981265
ACGTCTCGTTCCGGGA-1,0.000297,0.000297,0.084141,0.000297,0.914969
ACGTGACAAAGTAAGT-1,0.00005,0.00005,0.026147,0.00005,0.973703
ACGTGCGCCTCGTGCA-1,0.000103,0.000103,0.033244,0.000103,0.966448
ACGTGGTCGAATGTGC-1,0.000158,0.000158,0.071786,0.000158,0.92774
ACGTTAATGTCGAAGA-1,0.000066,0.000066,0.064321,0.072102,0.863445
ACGTTAGATTTGCCCG-1,0.000049,0.000049,0.000049,0.000049,0.999803
ACGTTATTGGTCACTC-1,0.000024,0.000024,0.000024,0.000024,0.999904
ACGTTCCGCGCTCCGT-1,0.000096,0.000096,0.072058,0.000096,0.927655
ACGTTCGCAATCAATT-1,0.000021,0.000021,0.000021,0.013796,0.986141
ACGTTCTGTACAAGTC-1,0.000093,0.000093,0.520195,0.000093,0.479526
ACGTTTAGTTGTGATC-1,0.000037,0.000037,0.025055,0.000037,0.974835
ACGTTTCGGTGCACTT-1,0.000237,0.000237,0.238088,0.000237,0.761202
ACTACCAGCTCTCTGG-1,0.00005,0.00005,0.00005,0.00005,0.9998
ACTAGTTGCGATCGTC-1,0.00003,0.00003,0.00003,0.00003,0.999878
ACTATCCAGGGCATGG-1,0.000017,0.000017,0.000017,0.023446,0.976503
ACTATCGCCGGCTAAA-1,0.000157,0.000157,0.000157,0.000157,0.999371
ACTATCTGCCCGCGTA-1,0.000042,0.000042,0.013564,0.00878,0.977571
ACTATTCGTCCGTGGT-1,0.000168,0.000168,0.019866,0.000168,0.979629
ACTCAACGAATGTATT-1,0.000216,0.000216,0.171878,0.000216,0.827474
ACTCAAGTGCAAGGCT-1,0.000352,0.000352,0.000352,0.000352,0.998593
ACTCAATAAAGGCACG-1,0.000249,0.000249,0.038477,0.06816,0.892866
ACTCAGACCTGCTTCT-1,0.000091,0.000091,0.092025,0.000091,0.907703
ACTCCCATTCCTAAAG-1,0.000089,0.000089,0.000089,0.000089,0.999644
ACTCCCGAATTCGTTT-1,0.000075,0.000075,0.000075,0.000075,0.999699
ACTCCCGTAGACTAGG-1,0.000052,0.000052,0.000052,0.000052,0.999791
ACTCCCTAATGCTAAA-1,0.00007,0.00007,0.00007,0.00007,0.99972
ACTCCCTAGAATAGTA-1,0.000033,0.000033,0.004565,0.000033,0.995337
ACTCCGGCCGACCACT-1,0.000029,0.000029,0.000029,0.000029,0.999884
ACTCGATGTATTTCAT-1,0.000097,0.000097,0.000097,0.000097,0.999611
ACTCGCCGTTCGATAA-1,0.000117,0.000117,0.83291,0.000117,0.16674
ACTCGCGATCTGACGC-1,0.000054,0.000054,0.000054,0.000054,0.999784
ACTCGTAACCCGTCCT-1,0.000078,0.000078,0.000078,0.000078,0.999686
ACTCGTCAGTAATCCC-1,0.000015,0.000015,0.000015,0.787765,0.212188
ACTCTAAACCTGGGAT-1,0.00011,0.00011,0.00011,0.00011,0.99956
ACTCTCTGACTTAGGT-1,0.000055,0.000055,0.000055,0.071657,0.928177
ACTCTGACCTAATAGA-1,0.000128,0.000128,0.380395,0.000128,0.61922
ACTCTTCAGCTCCCGC-1,0.000043,0.000043,0.000043,0.000043,0.999829
ACTCTTGTATAGTAAC-1,0.000113,0.000113,0.000113,0.035082,0.964578
ACTGAAACGCCGTTAG-1,0.000092,0.000092,0.000092,0.005266,0.994457
ACTGAATGGCGAAAGT-1,0.000143,0.000143,0.0846,0.000143,0.91497
ACTGCCGTCGTAACTC-1,0.000239,0.000239,0.073162,0.000239,0.92612
ACTGCGGACACACCGT-1,0.000028,0.000028,0.000028,0.000028,0.999886
ACTGCTCGGAAGGATG-1,0.000028,0.000028,0.002531,0.000028,0.997384
ACTGTAGCACTTTGGA-1,0.000065,0.000065,0.000065,0.000065,0.99974
ACTGTATACGCGAGCA-1,0.000152,0.000152,0.000152,0.000152,0.999394
ACTGTCCAGGATTATA-1,0.000068,0.000068,0.000068,0.002944,0.996852
ACTGTCTTCTTTAGAA-1,0.000023,0.000023,0.000023,0.044358,0.955572
ACTGTGCTAGTAGATC-1,0.000078,0.000078,0.000078,0.000078,0.999688
ACTGTTTAGTGTAGGC-1,0.00012,0.00012,0.00012,0.00012,0.99952
ACTTACGCATCCACGC-1,0.000109,0.000109,0.000109,0.000109,0.999564
ACTTAGTACGACAAGA-1,0.000024,0.000024,0.000024,0.000024,0.999903
ACTTATACTTACCCGG-1,0.000027,0.000027,0.000027,0.000027,0.999891
ACTTATCTGATCTATA-1,0.000179,0.000179,0.042705,0.000179,0.956757
ACTTATTAGGATCGGT-1,0.000058,0.000058,0.000058,0.000058,0.999768
ACTTATTTATGTGCCA-1,0.000046,0.000046,0.053371,0.016357,0.930179
ACTTCAGGCTGATCCC-1,0.000078,0.000078,0.000078,0.000078,0.999687
ACTTCCATGCGGGACA-1,0.000163,0.000163,0.000163,0.045663,0.953847
ACTTCGCTAGCGAGTG-1,0.000047,0.000047,0.000047,0.000047,0.999813
ACTTGACTCCCTCTTT-1,0.000029,0.000029,0.024102,0.039513,0.936327
ACTTGCCATATTGTAC-1,0.000119,0.000119,0.000119,0.000119,0.999523
ACTTGGGACCCGGTGG-1,0.000056,0.000056,0.000056,0.000056,0.999778
ACTTGTAGTCCCTTCA-1,0.000173,0.000173,0.000173,0.000173,0.99931
ACTTGTGGATGGAACG-1,0.000006,0.000006,0.000006,0.00166,0.998323
ACTTTACCCTCATGAA-1,0.000027,0.000027,0.000027,0.01778,0.98214
ACTTTCCTATAGCTTC-1,0.000049,0.000049,0.000049,0.084119,0.915733
ACTTTGACTGCATCCT-1,0.000066,0.000066,0.000066,0.00969,0.990113
ACTTTGTCGACGCACT-1,0.000155,0.000155,0.000155,0.000155,0.999382
AGAAATTATGACTCGC-1,0.000031,0.000031,0.027258,0.000031,0.972651
AGAACCCAGCGTGACA-1,0.00004,0.00004,0.00004,0.00004,0.999841
AGAACTGTACTTTGTA-1,0.000105,0.000105,0.028498,0.000105,0.971185
AGAAGAGCGCCGTTCC-1,0.000809,0.000809,0.000809,0.000809,0.996764
AGAAGGTACACTTCAC-1,0.000079,0.000079,0.018572,0.000079,0.98119
AGAAGGTTGCCGAATT-1,0.000084,0.000084,0.000084,0.000084,0.999666
AGAAGGTTGTAGGTCG-1,0.000031,0.000031,0.000031,0.000031,0.999876
AGAAGTGATTCGTGAT-1,0.000108,0.000108,0.000108,0.000108,0.999567
AGAATAAATCTTCAGG-1,0.000046,0.000046,0.000046,0.000046,0.999814
AGAATTATGGATTCGA-1,0.000039,0.000039,0.000039,0.033015,0.966867
AGAATTGTTTGACATA-1,0.000076,0.000076,0.000076,0.000076,0.999696
AGACAGCTCAGAATCC-1,0.000118,0.000118,0.000118,0.000118,0.999528
AGACAGGCATCTCAGC-1,0.000096,0.000096,0.000096,0.000096,0.999615
AGACATAGATCCTTCC-1,0.000244,0.000244,0.263613,0.000244,0.735654
AGACCAAACCACACCT-1,0.000064,0.000064,0.000064,0.000064,0.999745
AGACCATGGGATACAA-1,0.000049,0.000049,0.028658,0.000049,0.971195
AGACCCACCGCTGATC-1,0.000041,0.000041,0.000041,0.000041,0.999837
AGACCCGCCCTCCTCG-1,0.000071,0.000071,0.000071,0.000071,0.999716
AGACCGCTCCGCGGTT-1,0.000052,0.000052,0.000052,0.000052,0.999791
AGACCGGGAAACCCTG-1,0.000073,0.000073,0.000073,0.010751,0.989031
AGACGAAGTGCCGGTC-1,0.000016,0.000016,0.000016,0.000016,0.999935
AGACGACGATGCCGCT-1,0.000059,0.000059,0.029597,0.038137,0.932146
AGACGCCCACTTCGCC-1,0.00003,0.00003,0.00003,0.00003,0.99988
AGACTAGCCTTCCAGA-1,0.000058,0.000058,0.031691,0.000058,0.968133
AGAGAACCGTCTAGGA-1,0.000037,0.000037,0.000037,0.000037,0.999852
AGAGATCTCTAAAGCG-1,0.000059,0.000059,0.020954,0.021775,0.957152
AGAGCAGTTATGAGAC-1,0.000094,0.000094,0.000094,0.000094,0.999622
AGAGCCGCCGAGATTT-1,0.000202,0.000202,0.000202,0.000202,0.999191
AGAGCGCTTGTAACGG-1,0.000034,0.000034,0.000034,0.000034,0.999866
AGAGCGGGCTAATCAT-1,0.000042,0.000042,0.000042,0.012171,0.987703
AGAGCGTACAAGCTCG-1,0.000064,0.000064,0.000064,0.006257,0.99355
AGAGCTACGAAAGCAT-1,0.00009,0.00009,0.00009,0.00009,0.999641
AGAGGCTTCGGAAACC-1,0.000055,0.000055,0.000055,0.000055,0.999782
AGAGGTATCTCGGTCC-1,0.000103,0.000103,0.000103,0.000103,0.999587
AGAGTAAACTTCACTA-1,0.000033,0.000033,0.000033,0.000033,0.999867
AGAGTATAGTGTTACG-1,0.000075,0.000075,0.00603,0.000075,0.993745
AGATAACTTCAGGGCC-1,0.00007,0.00007,0.00007,0.00007,0.999722
AGATACCAATAGAACC-1,0.000115,0.000115,0.274288,0.000115,0.725367
AGATACCAGCACTTCA-1,0.000041,0.000041,0.000041,0.06367,0.936208
AGATACCGGTGTTCAC-1,0.000104,0.000104,0.000104,0.000104,0.999585
AGATACGACTTCATAT-1,0.000046,0.000046,0.000046,0.000046,0.999815
AGATACTCAAGATCGA-1,0.000078,0.000078,0.000078,0.000078,0.999687
AGATATAATACGACTA-1,0.000058,0.000058,0.001009,0.000058,0.998818
AGATCGTGCATAAGAT-1,0.000048,0.000048,0.025713,0.000048,0.974144
AGATGACTCGCCCACG-1,0.000135,0.000135,0.382023,0.000135,0.617572
AGATGATGGAGTCTGG-1,0.000061,0.000061,0.000061,0.000061,0.999757
AGATGCATCCTGTGTC-1,0.000252,0.000252,0.000252,0.000252,0.998993
AGATGCTATAACGAGC-1,0.000144,0.000144,0.210528,0.000144,0.789039
AGATTATAGGACGTTT-1,0.000099,0.000099,0.045119,0.000099,0.954584
AGATTCACAACCGATA-1,0.000071,0.000071,0.000071,0.000071,0.999715
AGCAAAGGCCGCTAGT-1,0.000048,0.000048,0.073485,0.000048,0.926373
AGCAACATATCTTATT-1,0.000035,0.000035,0.037055,0.027669,0.935206
AGCACCAGTACTCACG-1,0.00008,0.00008,0.015634,0.00008,0.984125
AGCACTACCGGCCTGT-1,0.00008,0.00008,0.00008,0.00008,0.99968
AGCACTACCTCACCAG-1,0.000045,0.000045,0.000045,0.000045,0.99982
AGCACTTAAGGACGCC-1,0.000046,0.000046,0.000046,0.005933,0.99393
AGCAGAAGGAGAAAGA-1,0.000051,0.000051,0.054206,0.000051,0.94564
AGCAGTCGAAGCATGC-1,0.000093,0.000093,0.025312,0.000093,0.97441
AGCATATCAATATGCT-1,0.000028,0.000028,0.013601,0.000028,0.986315
AGCATCATTTCGAAAG-1,0.000055,0.000055,0.000055,0.000055,0.999779
AGCATCGTCGATAATT-1,0.000078,0.000078,0.332053,0.068775,0.599015
AGCATTACGAGGCAAG-1,0.000165,0.000165,0.464976,0.000165,0.534528
AGCCAAGCTTTGTGTC-1,0.000125,0.000125,0.000125,0.000125,0.9995
AGCCACAGGTTACCCG-1,0.00034,0.00034,0.00034,0.00034,0.998639
AGCCATATAGTATGTG-1,0.000078,0.000078,0.022153,0.000078,0.977614
AGCCCATACATGTAAG-1,0.000029,0.000029,0.000029,0.000029,0.999882
AGCCCGCACTACAATG-1,0.000186,0.000186,0.000186,0.000186,0.999256
AGCCCTAAGCGAAGTT-1,0.000044,0.000044,0.000044,0.000044,0.999825
AGCCCTGTCGCACCGT-1,0.000043,0.000043,0.000043,0.004106,0.995765
AGCCCTTCTAATCCGA-1,0.000044,0.000044,0.000044,0.000044,0.999823
AGCCCTTGGACATCCC-1,0.000013,0.000013,0.000013,0.000013,0.999948
AGCCGCAAATTCAAAT-1,0.000011,0.000011,0.000011,0.000011,0.999956
AGCCGCTTGATTAGCG-1,0.000141,0.000141,0.000141,0.000141,0.999437
AGCCGTGGCTAAATGT-1,0.000068,0.000068,0.000068,0.021865,0.977932
AGCCTAATACCCACGT-1,0.000079,0.000079,0.000079,0.000079,0.999684
AGCCTTAAAGCGGAAG-1,0.000106,0.000106,0.000106,0.000106,0.999576
AGCGACAGGAACGGTC-1,0.00007,0.00007,0.00007,0.027643,0.972148
AGCGACATCCCATTCA-1,0.00005,0.00005,0.038425,0.016327,0.945148
AGCGACCAACGATATT-1,0.000071,0.000071,0.000071,0.000071,0.999715
AGCGATGCGCCTAATA-1,0.000265,0.000265,0.000265,0.000265,0.998942
AGCGCGGGTGCCAATG-1,0.000033,0.000033,0.000033,0.000033,0.999869
AGCGCTAGAGCGATGT-1,0.00006,0.00006,0.00006,0.00006,0.999761
AGCGGACACTTCGTAG-1,0.00031,0.00031,0.00031,0.00031,0.998761
AGCGGCGGTTAGCGGT-1,0.000068,0.000068,0.000068,0.000068,0.999729
AGCGGGAAGGGTCCAT-1,0.00003,0.00003,0.229426,0.00003,0.770484
AGCGGGTCTGACACTC-1,0.000033,0.000033,0.041794,0.000033,0.958106
AGCGGTTGCCGCTCTG-1,0.000045,0.000045,0.000045,0.000045,0.999821
AGCGTACGAGAGCTAG-1,0.000139,0.000139,0.000139,0.000139,0.999443
AGCGTAGCGCTAGACC-1,0.000213,0.000213,0.312124,0.000213,0.687238
AGCGTCTGAACCCGCA-1,0.000175,0.000175,0.299888,0.000175,0.699588
AGCGTGGTATTCTACT-1,0.000052,0.000052,0.027733,0.02865,0.943512
AGCTAAGTACGCAGGC-1,0.000084,0.000084,0.000084,0.000084,0.999663
AGCTAGAAGCAGAAGT-1,0.000048,0.000048,0.094438,0.000048,0.905417
AGCTATTTAATCCAAC-1,0.000119,0.000119,0.000119,0.000119,0.999524
AGCTCCATATATGTTC-1,0.00007,0.00007,0.118858,0.00007,0.880933
AGCTCCTTCGCACATC-1,0.000138,0.000138,0.069784,0.000138,0.929801
AGCTCGTTGATGGAAA-1,0.000033,0.000033,0.000033,0.000033,0.999869
AGCTCTAGACGTTCCA-1,0.000032,0.000032,0.005508,0.157516,0.836912
AGCTCTTCGTAACCTT-1,0.000039,0.000039,0.000039,0.000039,0.999845
AGCTCTTTACTCAGTT-1,0.000068,0.000068,0.000068,0.016796,0.982999
AGCTGTAACCTCAATC-1,0.00022,0.00022,0.024485,0.00022,0.974853
AGCTTATAGAGACCTG-1,0.000269,0.000269,0.134944,0.073872,0.790646
AGCTTCAATACTTTGA-1,0.000038,0.000038,0.094409,0.010927,0.894588
AGCTTCTTCTCGAGCA-1,0.00008,0.00008,0.534172,0.00008,0.465587
AGCTTGATCTTAACTT-1,0.000049,0.000049,0.000049,0.000049,0.999803
AGGAAAGCCTCTGATG-1,0.000231,0.000231,0.000231,0.000231,0.999077
AGGAACGAACGACTTC-1,0.000113,0.000113,0.012204,0.000113,0.987458
AGGAAGCTGTCCGCCG-1,0.000224,0.000224,0.451587,0.000224,0.547741
AGGACAGTCGAATCCC-1,0.000067,0.000067,0.000067,0.070888,0.928912
AGGACATCGCACGTCG-1,0.00007,0.00007,0.00007,0.007152,0.992637
AGGACATCGGCACACT-1,0.000552,0.000552,0.000552,0.000552,0.997792
AGGACGACCCATTAGA-1,0.000067,0.000067,0.000067,0.010477,0.989323
AGGACGCTCGATGTTG-1,0.000218,0.000218,0.000218,0.057692,0.941655
AGGACTTATAGGAGAA-1,0.000115,0.000115,0.000115,0.000115,0.999541
AGGAGACATCCACAGT-1,0.000042,0.000042,0.000042,0.000042,0.999834
AGGAGAGTCTGGCTAC-1,0.000037,0.000037,0.000037,0.000037,0.999851
AGGAGGCCTTCGCGCG-1,0.000023,0.000023,0.000023,0.001586,0.998344
AGGATAAAGTCGGGAT-1,0.000152,0.000152,0.005762,0.000152,0.993783
AGGATATAGGGATTTA-1,0.00005,0.00005,0.118831,0.00005,0.881018
AGGATATCCGACTGCA-1,0.000049,0.000049,0.024943,0.000049,0.974911
AGGATCACGCGATCTG-1,0.000086,0.000086,0.000086,0.000086,0.999657
AGGATTGCTTACGACA-1,0.000046,0.000046,0.000046,0.000046,0.999815
AGGCAAAGAGGAATCA-1,0.000093,0.000093,0.057124,0.000093,0.942595
AGGCAATACGGAGGAC-1,0.00022,0.00022,0.00022,0.00022,0.99912
AGGCACGTGACTGTCC-1,0.00007,0.00007,0.00007,0.00007,0.999721
AGGCAGATGCGTAAAC-1,0.000055,0.000055,0.000055,0.000055,0.999782
AGGCATTGTCGTAGGG-1,0.000028,0.000028,0.000028,0.000028,0.999887
AGGCCACATTGGTTAC-1,0.000032,0.000032,0.000032,0.000032,0.999871
AGGCCACCCGTTATGA-1,0.000064,0.000064,0.000064,0.000064,0.999745
AGGCCCAGTGACTGGT-1,0.000151,0.000151,0.000151,0.000151,0.999397
AGGCCCATTGTACAGG-1,0.000041,0.000041,0.011647,0.000041,0.988231
AGGCCCTAGAACGCCA-1,0.000038,0.000038,0.000038,0.007371,0.992515
AGGCCTGAGAATCTCG-1,0.000175,0.000175,0.181695,0.000175,0.817781
AGGCGATAACTGGCGT-1,0.000033,0.000033,0.082453,0.000033,0.917449
AGGCGTCTATGGACGG-1,0.000041,0.000041,0.000041,0.070718,0.92916
AGGCTATGGTTAGCTT-1,0.000041,0.000041,0.000041,0.029541,0.970336
AGGCTTCCCGAAGAAG-1,0.000062,0.000062,0.000062,0.000062,0.999754
AGGCTTGCTAGACACC-1,0.000043,0.000043,0.000043,0.000043,0.999826
AGGGACAGCACGGCGG-1,0.000104,0.000104,0.000104,0.000104,0.999582
AGGGACCGGCTGCGTT-1,0.000039,0.000039,0.005945,0.002331,0.991646
AGGGAGACATACTTCG-1,0.000024,0.000024,0.044767,0.000024,0.95516
AGGGCAGCGGCGTGGT-1,0.000204,0.000204,0.488555,0.000204,0.510833
AGGGCCCTAATGTTCT-1,0.00034,0.00034,0.00034,0.00034,0.998639
AGGGCGAGCAGCTGAT-1,0.000076,0.000076,0.000076,0.000076,0.999694
AGGGCGTGATCGGCTA-1,0.000036,0.000036,0.000036,0.000036,0.999854
AGGGCTGCAGTTACAG-1,0.000202,0.000202,0.095409,0.163595,0.740593
AGGGTCAGTAACCCTA-1,0.000041,0.000041,0.015109,0.552871,0.431937
AGGGTCGATGCGAACT-1,0.000034,0.000034,0.000034,0.000034,0.999863
AGGGTCTGGACGCAGT-1,0.000298,0.000298,0.184203,0.000298,0.814904
AGGGTGCTCTCGAGGG-1,0.000053,0.000053,0.009748,0.013128,0.977018
AGGGTGGATAGTGCAT-1,0.000059,0.000059,0.135746,0.000059,0.864078
AGGGTTCCCTTTGGTT-1,0.000021,0.000021,0.000021,0.000021,0.999915
AGGGTTTAGTTCGGGA-1,0.000043,0.000043,0.000043,0.104451,0.89542
AGGTAACCTCCTATTC-1,0.000083,0.000083,0.003158,0.000083,0.996593
AGGTACGATATTGCCA-1,0.000166,0.000166,0.191935,0.000166,0.807566
AGGTAGGTACAAAGCT-1,0.000055,0.000055,0.000055,0.000055,0.999781
AGGTATAATTGATAGT-1,0.000036,0.000036,0.000036,0.006731,0.993161
AGGTATGCGGACATTA-1,0.000028,0.000028,0.000028,0.000028,0.999888
AGGTCAGGTGAGAGTG-1,0.00009,0.00009,0.00009,0.00009,0.99964
AGGTCGCCACTTCGGT-1,0.00009,0.00009,0.983766,0.00009,0.015966
AGGTCGCCTCCCAACA-1,0.000245,0.000245,0.000245,0.000245,0.99902
AGGTCGCGGAGTTACT-1,0.00003,0.00003,0.00003,0.00003,0.999878
AGGTGCACGTCCACAT-1,0.000242,0.000242,0.000242,0.000242,0.999034
AGGTGTATCGCCATGA-1,0.000049,0.000049,0.000049,0.004088,0.995764
AGGTGTTGCCGACCAC-1,0.000399,0.000399,0.000399,0.000399,0.998405
AGGTTACACCATGCCG-1,0.00004,0.00004,0.00004,0.002982,0.996897
AGGTTTCACACACCTT-1,0.000238,0.000238,0.065455,0.091609,0.842459
AGTAACTATAGCAGCC-1,0.000203,0.000203,0.000203,0.000203,0.999187
AGTAATCTAAGGGTGG-1,0.000102,0.000102,0.000102,0.000102,0.999594
AGTAATGTCTTGCCGC-1,0.000096,0.000096,0.01741,0.000096,0.982303
AGTACAGAAGCTTATA-1,0.000066,0.000066,0.000066,0.007029,0.992774
AGTACATCATTTATCA-1,0.000087,0.000087,0.000087,0.000087,0.999653
AGTACGGCCCGTATCG-1,0.000061,0.000061,0.000061,0.000061,0.999756
AGTACTCTTATGCCCA-1,0.000094,0.000094,0.075609,0.000094,0.92411
AGTAGAAGGCGCCTCA-1,0.000041,0.000041,0.020873,0.000041,0.979004
AGTAGCGTGAACGAAC-1,0.000044,0.000044,0.000044,0.000044,0.999825
AGTAGGAAGGAAGTTG-1,0.000216,0.000216,0.000216,0.148011,0.851339
AGTAGGTAACATACAT-1,0.000083,0.000083,0.001813,0.000083,0.997938
AGTATAATACTAGGCA-1,0.000038,0.000038,0.000237,0.000038,0.999648
AGTATCCATAATAACG-1,0.000138,0.000138,0.244736,0.000138,0.754848
AGTCAACACCACCATC-1,0.000063,0.000063,0.000063,0.000063,0.99975
AGTCAAGATGACACTT-1,0.000026,0.000026,0.000026,0.000026,0.999895
AGTCACTAGCTCTCGA-1,0.000107,0.000107,0.000107,0.000107,0.999572
