Barcode,Topic 1,Topic 2,Topic 3,Topic 4,Topic 5to6,Topic 7,Topic 8,Topic 9,Topic 10
AAACAACGAATAGTTC-1,0.000269,0.000269,0.000269,0.000269,0.17102,0.100972,0.726395,0.000269,0.000269
AAACAAGTATCTCCCA-1,0.00049,0.00049,0.010711,0.00049,0.916917,0.00049,0.00049,0.00049,0.06943
AAACAATCTACTAGCA-1,0.000098,0.000098,0.000098,0.062901,0.821747,0.000098,0.08946,0.0254,0.000098
AAACACCAATAACTGC-1,0.002326,0.002326,0.002326,0.002326,0.981391,0.002326,0.002326,0.002326,0.002326
AAACAGAGCGACTCCT-1,0.000282,0.076472,0.000282,0.47916,0.317152,0.000282,0.000282,0.000282,0.125807
AAACAGCTTTCAGAAG-1,0.000068,0.000068,0.008695,0.055621,0.7358,0.020953,0.162601,0.000068,0.016125
AAACAGGGTCTATATT-1,0.00008,0.00008,0.00008,0.3751,0.624343,0.00008,0.00008,0.00008,0.00008
AAACATTTCCCGGATT-1,0.001667,0.001667,0.001667,0.525361,0.462969,0.001667,0.001667,0.001667,0.001667
AAACCACTACACAGAT-1,0.000115,0.000115,0.000115,0.068184,0.18105,0.000115,0.039114,0.692156,0.019036
AAACCCGAACGAAATC-1,0.000068,0.191643,0.000068,0.001913,0.782875,0.00965,0.013648,0.000068,0.000068
AAACCGGAAATGTTAA-1,0.00004,0.163024,0.00004,0.00004,0.585737,0.01327,0.237771,0.00004,0.00004
AAACCGGGTAGGTACC-1,0.000043,0.000043,0.000043,0.430843,0.556294,0.000043,0.000043,0.012605,0.000043
AAACCGTTCGTCCAGG-1,0.000353,0.000353,0.239636,0.223768,0.243803,0.000353,0.000353,0.163009,0.128371
AAACCTAAGCAGCCGG-1,0.000155,0.000155,0.000155,0.159446,0.075237,0.000155,0.07843,0.014367,0.671901
AAACCTCATGAAGTTG-1,0.000069,0.000069,0.000069,0.204954,0.744491,0.022569,0.018501,0.009212,0.000069
AAACGAAGAACATACC-1,0.000071,0.000071,0.044165,0.051974,0.35635,0.000071,0.020826,0.010287,0.516185
AAACGAAGATGGAGTA-1,0.002778,0.002778,0.002778,0.222624,0.757928,0.002779,0.002778,0.002778,0.002778
AAACGACAGTCTTGCC-1,0.000633,0.000633,0.000633,0.463662,0.249551,0.000633,0.000633,0.063613,0.220008
AAACGAGACGGTTGAT-1,0.000077,0.075424,0.006896,0.426697,0.436837,0.000077,0.05384,0.000077,0.000077
AAACGCCCGAGATCGG-1,0.001493,0.001493,0.001493,0.839112,0.002986,0.001493,0.001493,0.001493,0.148944
AAACGGGCGTACGGGT-1,0.000439,0.000439,0.000439,0.000439,0.000877,0.000439,0.000439,0.080219,0.916271
AAACGGGTTGGTATCC-1,0.000054,0.145974,0.000054,0.019756,0.436749,0.000054,0.388788,0.000054,0.008515
AAACGGTTGCGAACTG-1,0.002941,0.002942,0.002942,0.002942,0.653515,0.002942,0.002942,0.002942,0.325893
AAACGTGTTCGCCCTA-1,0.000043,0.601412,0.027911,0.256881,0.086299,0.003348,0.000043,0.016011,0.008052
AAACTAACGTGGCGAC-1,0.000388,0.000388,0.000388,0.57247,0.330641,0.000388,0.000388,0.000388,0.094564
AAACTCGTGATATAAG-1,0.000027,0.576502,0.010993,0.412313,0.000055,0.000027,0.000027,0.000027,0.000027
AAACTGCTGGCTCCAA-1,0.00014,0.00014,0.034237,0.315189,0.539948,0.00014,0.056362,0.00014,0.053702
AAACTTAATTGCACGC-1,0.001613,0.001613,0.001613,0.001613,0.987094,0.001613,0.001613,0.001613,0.001613
AAACTTGCAAACGTAT-1,0.000058,0.000058,0.000058,0.40862,0.590974,0.000058,0.000058,0.000058,0.000058
AAAGACATGAAGTTTA-1,0.002222,0.002223,0.002223,0.776104,0.208337,0.002223,0.002223,0.002223,0.002223
AAAGACCCAAGTCGCG-1,0.000243,0.000243,0.000243,0.042041,0.821832,0.000243,0.000243,0.089424,0.04549
AAAGACTGGGCGCTTT-1,0.000091,0.000092,0.000092,0.241575,0.610136,0.000092,0.09639,0.05144,0.000092
AAAGCTTGCCTACATA-1,0.00009,0.056941,0.00009,0.382625,0.531482,0.00009,0.00009,0.028502,0.00009
AAAGGCCCTATAATAC-1,0.001639,0.00164,0.045442,0.00164,0.94308,0.00164,0.00164,0.00164,0.00164
AAAGGCTACGGACCAT-1,0.001887,0.001887,0.001887,0.222351,0.764438,0.001887,0.001887,0.001887,0.001887
AAAGGCTCTCGCGCCG-1,0.001923,0.001924,0.001924,0.763111,0.223423,0.001924,0.001924,0.001924,0.001924
AAAGGGATGTAGCAAG-1,0.000115,0.000115,0.004302,0.369967,0.408256,0.000115,0.000115,0.206249,0.010766
AAAGGGCAGCTTGAAT-1,0.000066,0.042661,0.000066,0.469202,0.442974,0.018261,0.026637,0.000066,0.000066
AAAGGTAAGCTGTACC-1,0.001299,0.001299,0.001299,0.334677,0.474815,0.001299,0.001299,0.106078,0.077935
AAAGGTCAACGACATG-1,0.000446,0.049553,0.000447,0.51093,0.249616,0.000447,0.066115,0.000447,0.122
AAAGTAGCATTGCTCA-1,0.000046,0.538662,0.042738,0.260159,0.12379,0.000046,0.000046,0.034468,0.000046
AAAGTCACTGATGTAA-1,0.000625,0.000625,0.000625,0.128958,0.866666,0.000625,0.000625,0.000625,0.000625
AAAGTCGACCCTCAGT-1,0.000095,0.000095,0.000095,0.338924,0.503559,0.008146,0.14469,0.000095,0.004303
AAAGTGCCATCAATTA-1,0.00003,0.499396,0.00003,0.00003,0.069404,0.00003,0.431018,0.00003,0.00003
AAAGTGTGATTTATCT-1,0.000125,0.000125,0.000125,0.37929,0.541287,0.036891,0.024204,0.000125,0.017829
AAAGTTGACTCCCGTA-1,0.000091,0.000091,0.000091,0.15457,0.795346,0.005083,0.001181,0.010302,0.033244
AAATAACCATACGGGA-1,0.002326,0.002326,0.002326,0.493901,0.431252,0.002326,0.002326,0.002326,0.060891
AAATAAGGTAGTGCCC-1,0.000103,0.000103,0.000103,0.291417,0.684203,0.000103,0.023764,0.000103,0.000103
AAATACCTATAAGCAT-1,0.000187,0.000187,0.037931,0.468994,0.243393,0.000187,0.18289,0.007808,0.058423
AAATAGCTTAGACTTT-1,0.00006,0.002558,0.00006,0.409602,0.206695,0.00006,0.151649,0.224851,0.004466
AAATAGGGTGCTATTG-1,0.002632,0.002632,0.051414,0.002632,0.842104,0.002632,0.002632,0.002632,0.09069
AAATCACTCCTAAACG-1,0.000256,0.000256,0.000256,0.475046,0.267056,0.000256,0.000256,0.206557,0.050059
AAATCCGATACACGCC-1,0.000077,0.000077,0.000077,0.000077,0.000154,0.000077,0.000077,0.000077,0.999308
AAATCGCGGAAGGAGT-1,0.000275,0.000275,0.011632,0.463327,0.437434,0.000275,0.000275,0.029848,0.05666
AAATCGTGTACCACAA-1,0.000081,0.115715,0.265449,0.272901,0.316106,0.000081,0.000081,0.000081,0.029504
AAATCTAGCCCTGCTA-1,0.00098,0.000981,0.013486,0.230409,0.546698,0.000981,0.000981,0.08635,0.119134
AAATGATTCGATCAGC-1,0.000066,0.112529,0.176893,0.158245,0.440103,0.000066,0.029991,0.077019,0.005089
AAATGCTCGTTACGTT-1,0.00008,0.179908,0.005266,0.006492,0.470759,0.00008,0.244268,0.00008,0.093067
AAATGGCATGTCTTGT-1,0.000463,0.000463,0.000463,0.326261,0.201046,0.000463,0.000463,0.000463,0.469915
AAATGGCCCGTGCCCT-1,0.000058,0.000058,0.781125,0.016025,0.034961,0.000058,0.021334,0.145509,0.000872
AAATGTATCTTATCCC-1,0.000021,0.073204,0.000021,0.000021,0.000042,0.535809,0.321178,0.036357,0.033346
AAATGTGGGTGCTCCT-1,0.000134,0.000134,0.000134,0.068308,0.346606,0.000134,0.000134,0.120816,0.463598
AAATTAACGGGTAGCT-1,0.000114,0.190472,0.108225,0.264458,0.373261,0.000114,0.00523,0.018245,0.039881
AAATTAATAAGCGCGA-1,0.000036,0.068189,0.000036,0.021665,0.393357,0.039184,0.453727,0.000036,0.023771
AAATTACACGACTCTG-1,0.003335,0.111449,0.003334,0.401394,0.006669,0.003334,0.003334,0.003335,0.463817
AAATTACCTATCGATG-1,0.000069,0.359673,0.016027,0.34447,0.247868,0.000069,0.031686,0.000069,0.000069
AAATTCCAGGTCCAAA-1,0.000076,0.000076,0.009455,0.261512,0.556511,0.033012,0.000076,0.139205,0.000076
AAATTGATAGTCCTTT-1,0.00049,0.00049,0.006174,0.543996,0.446888,0.00049,0.00049,0.00049,0.00049
AAATTGCGGCGGTTCT-1,0.00006,0.136282,0.00006,0.00006,0.217057,0.009023,0.614999,0.00006,0.022399
AAATTGGTGAGAAGCA-1,0.000038,0.495128,0.046097,0.300093,0.155404,0.000038,0.000038,0.000038,0.003124
AAATTTACCGAAATCC-1,0.001923,0.001924,0.001924,0.001924,0.984612,0.001924,0.001924,0.001924,0.001924
AAATTTGCGGGTGTGG-1,0.000054,0.109645,0.082354,0.357262,0.410517,0.000054,0.000054,0.040005,0.000054
AACAACTGGTAGTTGC-1,0.000064,0.153012,0.002952,0.24832,0.595396,0.000064,0.000064,0.000064,0.000064
AACAATACATTGTCGA-1,0.00082,0.00082,0.00082,0.916019,0.00164,0.00082,0.00082,0.00082,0.077423
AACAATTACTCTACGC-1,0.000063,0.167369,0.000063,0.212597,0.491077,0.022772,0.000063,0.105935,0.000063
AACACACGCTCGCCGC-1,0.001724,0.001725,0.001724,0.001725,0.730529,0.001725,0.001725,0.001725,0.257399
AACACGACTGTACTGA-1,0.000524,0.000524,0.000524,0.059031,0.816503,0.000524,0.000524,0.000524,0.121324
AACACGAGACGCGGCC-1,0.000053,0.050856,0.000053,0.314963,0.54099,0.000053,0.000716,0.092262,0.000053
AACACGCGGCCGCGAA-1,0.000114,0.000114,0.000114,0.066302,0.869085,0.014579,0.000114,0.000114,0.049462
AACAGCTGTGTGGCAA-1,0.000196,0.000196,0.011542,0.569689,0.213284,0.000196,0.000196,0.098382,0.10632
AACAGGAAATCGAATA-1,0.001021,0.001021,0.001021,0.001021,0.755555,0.001021,0.001021,0.001021,0.237301
AACAGGATGGGCCGCG-1,0.000081,0.081062,0.000081,0.176643,0.741808,0.000081,0.000081,0.000081,0.000081
AACAGGTAGTATGGAT-1,0.000097,0.050085,0.000097,0.015182,0.807595,0.000097,0.093776,0.019975,0.013095
AACATATCAACTGGTG-1,0.000097,0.176025,0.014641,0.429113,0.365155,0.000097,0.014676,0.000097,0.000097
AACATCGATACGTCTA-1,0.000041,0.540687,0.013426,0.377842,0.044372,0.016441,0.00711,0.000041,0.000041
AACATTGAAGTTGATC-1,0.0002,0.0002,0.007494,0.443726,0.368249,0.0002,0.0002,0.038895,0.140834
AACATTGGTCAGCCGT-1,0.000062,0.000062,0.000062,0.030903,0.200872,0.176275,0.572982,0.012112,0.006671
AACATTGTGACTCGAG-1,0.001235,0.001235,0.001235,0.419202,0.445967,0.001235,0.001235,0.127423,0.001235
AACCAAGACTTCTCTG-1,0.000057,0.008768,0.000057,0.230831,0.76006,0.000057,0.000057,0.000057,0.000057
AACCAGTATCACTCTT-1,0.00164,0.00164,0.00164,0.348101,0.460464,0.00164,0.00164,0.00164,0.181597
AACCATAGGGTTGAAC-1,0.001563,0.001563,0.001563,0.025932,0.579468,0.001563,0.001563,0.001563,0.385223
AACCATGGGATCGCTA-1,0.000066,0.182391,0.000066,0.000066,0.653138,0.077859,0.086284,0.000066,0.000066
AACCCAGAGACGGAGA-1,0.00008,0.085614,0.00008,0.015427,0.719527,0.077531,0.039816,0.00008,0.061844
AACCCATCCCATGATC-1,0.000266,0.000266,0.02112,0.270334,0.70695,0.000266,0.000266,0.000266,0.000266
AACCCGACAACCCGTG-1,0.0008,0.0008,0.0008,0.605579,0.345337,0.0008,0.0008,0.044283,0.0008
AACCCGAGCAGAATCG-1,0.000515,0.000516,0.000516,0.000516,0.765651,0.000516,0.000516,0.078207,0.153049
AACCCGATAGGGCTTC-1,0.000226,0.000226,0.000226,0.48329,0.495531,0.000226,0.000226,0.000226,0.019824
AACCCTACTGTCAATA-1,0.000092,0.000092,0.000092,0.134712,0.829129,0.000092,0.010607,0.0209,0.004284
AACCCTGGTGGAACCA-1,0.000122,0.000122,0.010987,0.117109,0.582642,0.000122,0.02445,0.007422,0.257026
AACCGAGCTTGGTCAT-1,0.000052,0.160558,0.000052,0.50024,0.319525,0.000052,0.000052,0.000052,0.019415
AACCGCTAAGGGATGC-1,0.000129,0.198718,0.000129,0.119119,0.648611,0.000129,0.021144,0.000129,0.011893
AACCGTTGTGTTTGCT-1,0.001429,0.001429,0.001429,0.333281,0.572936,0.001429,0.001429,0.001429,0.085209
AACCTCGCTTTAGCCC-1,0.002174,0.002175,0.045464,0.002175,0.289539,0.002174,0.002175,0.002174,0.651951
AACCTGTCACGGAATT-1,0.000093,0.000093,0.00342,0.237835,0.758187,0.000093,0.000093,0.000093,0.000093
AACCTTTAAATACGGT-1,0.000309,0.090919,0.000309,0.260569,0.363266,0.000309,0.000309,0.000309,0.283702
AACCTTTACGACGTCT-1,0.003031,0.003031,0.003031,0.737252,0.006062,0.003031,0.003031,0.238499,0.003031
AACGAAAGTCGTCCCA-1,0.000306,0.000306,0.000306,0.533892,0.463966,0.000306,0.000306,0.000306,0.000306
AACGATAATGCCGTAG-1,0.003125,0.003126,0.003126,0.003126,0.659831,0.003126,0.003126,0.003126,0.318288
AACGATAGAAGGGCCG-1,0.002941,0.002942,0.002942,0.002942,0.710368,0.086411,0.002942,0.002942,0.185571
AACGCATGATCTGGGT-1,0.000068,0.265113,0.009168,0.488303,0.177143,0.000068,0.059999,0.000068,0.000068
AACGCGAACGGCAACA-1,0.000034,0.118853,0.000034,0.000034,0.475514,0.014245,0.391216,0.000034,0.000034
AACGCGACCTTGGGCG-1,0.002439,0.00244,0.00244,0.00244,0.946082,0.00244,0.00244,0.03684,0.00244
AACGCGGTCTCCAGCC-1,0.000145,0.000145,0.000145,0.332016,0.66697,0.000145,0.000145,0.000145,0.000145
AACGCTGTTGCTGAAA-1,0.001819,0.001819,0.001819,0.001819,0.580626,0.001819,0.406643,0.001819,0.001819
AACGGACGTACGTATA-1,0.002084,0.002084,0.002084,0.002084,0.826552,0.002084,0.002084,0.002084,0.15886
AACGGCCATCTCCGGT-1,0.000043,0.160964,0.0175,0.547829,0.273493,0.000043,0.000043,0.000043,0.000043
AACGTACTGTGGGTAC-1,0.000041,0.166937,0.000041,0.827864,0.004955,0.000041,0.000041,0.000041,0.000041
AACGTAGTCTACCCAT-1,0.000571,0.000572,0.000572,0.359003,0.001143,0.000572,0.464877,0.033065,0.139625
AACGTCAGACTAGTGG-1,0.000096,0.052856,0.000096,0.014625,0.86873,0.000096,0.063306,0.000096,0.000096
AACGTGATGAAGGACA-1,0.000127,0.000127,0.000127,0.998853,0.000255,0.000127,0.000127,0.000127,0.000127
AACGTGCGAAAGTCTC-1,0.000054,0.384739,0.021053,0.410317,0.169656,0.000054,0.000054,0.014018,0.000054
AACGTTATCAGCACCT-1,0.00004,0.278763,0.003311,0.001293,0.137421,0.038502,0.54059,0.00004,0.00004
AACTACCCGTTTGTCA-1,0.000147,0.000147,0.016476,0.0676,0.71803,0.000147,0.197158,0.000147,0.000147
AACTAGCGTATCGCAC-1,0.001053,0.001053,0.001053,0.001053,0.991577,0.001053,0.001053,0.001053,0.001053
AACTAGGCTTGGGTGT-1,0.002778,0.002778,0.002778,0.002779,0.693059,0.002778,0.002778,0.002779,0.287492
AACTCAAGTTAATTGC-1,0.000057,0.221859,0.000057,0.304611,0.468718,0.000057,0.000057,0.004525,0.000057
AACTCCAGAGCGTGTT-1,0.001887,0.001887,0.001887,0.001887,0.73567,0.001887,0.001887,0.188155,0.064851
AACTCCTAATCCCATG-1,0.000248,0.000248,0.000248,0.759126,0.148364,0.000248,0.000248,0.000248,0.091021
AACTCGATAAACACGT-1,0.00002,0.019525,0.158804,0.00002,0.082341,0.608,0.131248,0.00002,0.00002
AACTCGATGGCGCAGT-1,0.000091,0.062228,0.000091,0.000091,0.427807,0.000091,0.300508,0.209,0.000091
AACTCTCAATAGAGCG-1,0.000055,0.204661,0.068445,0.170037,0.515543,0.000055,0.041092,0.000055,0.000055
AACTCTCAGTGTGCTC-1,0.00125,0.00125,0.00125,0.695719,0.002501,0.00125,0.00125,0.203956,0.091573
AACTGAGGTCAGCGTC-1,0.000431,0.000431,0.000431,0.82542,0.088487,0.000431,0.000431,0.083507,0.000431
AACTGAGTTATACTGA-1,0.000078,0.022099,0.000078,0.023681,0.428719,0.000078,0.493948,0.000078,0.031239
AACTGATATTAGGCCT-1,0.000168,0.180161,0.000168,0.137662,0.358573,0.000168,0.000168,0.000168,0.322767
AACTGGGTCCCGACGT-1,0.000283,0.000283,0.000283,0.291329,0.61627,0.000283,0.000283,0.090701,0.000283
AACTGGGTTCGAGCCG-1,0.003449,0.003449,0.003449,0.866135,0.006899,0.00345,0.003449,0.003449,0.106271
AACTGGTGTGGGCCTT-1,0.00041,0.00041,0.00041,0.226816,0.770314,0.00041,0.00041,0.00041,0.00041
AACTTCTGCGTCTATC-1,0.000072,0.133791,0.000072,0.012698,0.476711,0.016993,0.348631,0.000072,0.010959
AACTTGCCCGTATGCA-1,0.00007,0.141643,0.00007,0.219923,0.574252,0.028767,0.035136,0.00007,0.00007
AACTTGCGTTCTCGCG-1,0.00006,0.149694,0.000061,0.000061,0.293611,0.000061,0.552294,0.004098,0.000061
AACTTTACGGGAGCTT-1,0.000068,0.020725,0.003801,0.080517,0.351185,0.055992,0.438716,0.016668,0.032328
AACTTTAGCTGCTGAG-1,0.00098,0.000981,0.000981,0.22763,0.692315,0.000981,0.000981,0.000981,0.074171
AACTTTCTCGATCATG-1,0.000118,0.044978,0.000119,0.404899,0.453625,0.000119,0.069177,0.026847,0.000119
AAGAAATCACCAGATT-1,0.000058,0.000058,0.000058,0.400805,0.542259,0.024763,0.006519,0.02542,0.000058
AAGAAGGATCAGTTAG-1,0.000052,0.000058,0.000052,0.000052,0.68264,0.011561,0.305482,0.000052,0.000052
AAGACCAAATAACTCA-1,0.000465,0.097515,0.000465,0.376402,0.239486,0.000465,0.000465,0.252757,0.031979
AAGACCCAACTGAACA-1,0.000426,0.000426,0.006171,0.183545,0.402349,0.000426,0.000426,0.320986,0.085247
AAGACTAACCCGTTGT-1,0.000081,0.000081,0.000081,0.031015,0.676324,0.000081,0.206339,0.028058,0.057941
AAGACTCACGCCCACT-1,0.000395,0.000395,0.000395,0.517842,0.103957,0.000395,0.169925,0.206299,0.000395
AAGACTGCAAGCTACT-1,0.000083,0.013131,0.019275,0.579249,0.355329,0.000083,0.000083,0.000083,0.032686
AAGAGATGAATCGGTA-1,0.000057,0.120626,0.000057,0.058866,0.780303,0.009074,0.026293,0.004667,0.000057
AAGAGCTCTTTATCGG-1,0.000061,0.171657,0.013507,0.513576,0.300956,0.000061,0.000061,0.000061,0.000061
AAGAGGATGTACGCGA-1,0.000077,0.000077,0.000077,0.236244,0.726252,0.000077,0.037042,0.000077,0.000077
AAGAGGCATGGATCGC-1,0.000089,0.053668,0.026919,0.371808,0.533384,0.000089,0.000089,0.000089,0.013864
AAGAGGCCCTTTGGAA-1,0.000063,0.059704,0.000064,0.095148,0.678809,0.000064,0.166021,0.000064,0.000064
AAGATGGCACCGGACC-1,0.002222,0.002223,0.002223,0.092924,0.631491,0.002223,0.002223,0.002223,0.262249
AAGATTGGCGGAACGT-1,0.000074,0.210046,0.059211,0.299311,0.431061,0.000074,0.000074,0.000074,0.000074
AAGCACCCTGCGTATC-1,0.000091,0.000091,0.004077,0.23174,0.177715,0.000091,0.115297,0.048563,0.422335
AAGCCGAAGCGGTTTA-1,0.000108,0.020591,0.000108,0.089259,0.860446,0.000108,0.029165,0.000108,0.000108
AAGCCGCCGTGAAATC-1,0.00026,0.00026,0.00026,0.335002,0.537367,0.00026,0.00026,0.107777,0.018556
AAGCCGCTTTACCTTG-1,0.00009,0.090163,0.00009,0.431404,0.363261,0.00009,0.00009,0.095618,0.019196
AAGCCGGAGAGCAGGA-1,0.000028,0.481334,0.000028,0.000028,0.022161,0.000028,0.496338,0.000028,0.000028
AAGCGCAGGGCTTTGA-1,0.000833,0.000834,0.000834,0.38742,0.001667,0.000834,0.000834,0.361619,0.245127
AAGCGGAGTGCGCGCA-1,0.00005,0.192987,0.021957,0.600586,0.18422,0.00005,0.00005,0.00005,0.00005
AAGCGGCGTCATGGGT-1,0.00073,0.00073,0.00073,0.360637,0.551932,0.03785,0.00073,0.04593,0.00073
AAGCGTCCCTCATCGA-1,0.001639,0.00164,0.00164,0.617221,0.371301,0.00164,0.00164,0.00164,0.00164
AAGCTCGTGCCAAGTC-1,0.000075,0.165025,0.000075,0.524053,0.205625,0.000075,0.099528,0.000075,0.005469
AAGCTCTTTCATGGTG-1,0.000775,0.000775,0.000775,0.105633,0.697798,0.000775,0.191917,0.000775,0.000775
AAGGAGAACTTATAAG-1,0.000097,0.263597,0.000097,0.026392,0.135432,0.000097,0.289701,0.000097,0.284491
AAGGAGCGGTTGGTGC-1,0.000063,0.216308,0.000063,0.259771,0.493695,0.029909,0.000063,0.000063,0.000063
AAGGATCGATCGCTTG-1,0.000106,0.078548,0.000106,0.2049,0.715918,0.000106,0.000106,0.000106,0.000106
AAGGATGAGGGACCTC-1,0.00007,0.044665,0.213688,0.228848,0.512449,0.00007,0.00007,0.00007,0.00007
AAGGCAGGCTGTCTCC-1,0.000087,0.000087,0.000087,0.572246,0.332071,0.010958,0.084289,0.000087,0.000087
AAGGCGCGTAAAGCTT-1,0.000077,0.000077,0.000077,0.141951,0.761443,0.027573,0.000077,0.06865,0.000077
AAGGCTGTGCTCATCG-1,0.000037,0.752676,0.000037,0.213608,0.033497,0.000037,0.000037,0.000037,0.000037
AAGGGAACGACTGGCT-1,0.000725,0.000725,0.000725,0.09828,0.785691,0.000725,0.000725,0.11168,0.000725
AAGGGACAGATTCTGT-1,0.000081,0.153075,0.000081,0.417812,0.391627,0.013858,0.023302,0.000081,0.000081
AAGGGACTATGCATTC-1,0.000935,0.000935,0.000935,0.691623,0.210282,0.092486,0.000935,0.000935,0.000935
AAGGGTTTGATTTCAG-1,0.000521,0.000521,0.248307,0.37529,0.373278,0.000521,0.000521,0.000521,0.000521
AAGGTATCCTAATATA-1,0.000319,0.00032,0.00032,0.404032,0.593731,0.00032,0.00032,0.00032,0.00032
AAGGTGATAAACCAGC-1,0.000089,0.081187,0.000089,0.03294,0.869146,0.000089,0.000089,0.000089,0.016281
AAGTAAGCTTCCAAAC-1,0.000209,0.000209,0.000209,0.202414,0.309823,0.000209,0.135246,0.193962,0.157718
AAGTAGAAGACCGGGT-1,0.000106,0.000106,0.088085,0.070532,0.774147,0.000106,0.066707,0.000106,0.000106
AAGTAGTGACGCGAGG-1,0.000076,0.000076,0.000076,0.226265,0.743687,0.000076,0.02847,0.001198,0.000076
AAGTCAATTGTCGTCA-1,0.000118,0.116856,0.086438,0.036332,0.441641,0.000118,0.040156,0.278223,0.000118
AAGTCTAGTAGCTGCC-1,0.00011,0.00011,0.00011,0.350724,0.623458,0.00011,0.00011,0.00011,0.025157
AAGTCTTCTGTGGCCT-1,0.000083,0.089352,0.000083,0.000083,0.138385,0.112085,0.58172,0.041141,0.037068
AAGTGACGACCGAATT-1,0.00007,0.116759,0.00007,0.292359,0.590462,0.00007,0.00007,0.00007,0.00007
AAGTGAGTCGGGTTTA-1,0.001818,0.001819,0.001819,0.387706,0.599563,0.001819,0.001819,0.001819,0.001819
AAGTGCAAAGGTAGAC-1,0.00005,0.048756,0.00005,0.003697,0.802386,0.01212,0.129232,0.00005,0.00366
AAGTGCCTTGACTGTA-1,0.000104,0.108986,0.005818,0.136984,0.719956,0.000104,0.000104,0.02784,0.000104
AAGTGCGTTAGAATCT-1,0.000061,0.051332,0.297176,0.409991,0.160453,0.000061,0.048655,0.023698,0.008574
AAGTGCTTCTCTATTG-1,0.000763,0.000764,0.000764,0.796668,0.137518,0.000764,0.000764,0.000764,0.061233
AAGTGTTTGGAGACGG-1,0.002041,0.002041,0.002041,0.002041,0.983669,0.002041,0.002042,0.002042,0.002042
AAGTTCACTCCAAGCT-1,0.001786,0.189398,0.001786,0.001786,0.509031,0.149449,0.001786,0.143192,0.001786
AAGTTCAGTCTGCGTA-1,0.000038,0.663391,0.000038,0.234854,0.101526,0.000038,0.000038,0.000038,0.000038
AAGTTCGGCCAACAGG-1,0.000046,0.062283,0.014014,0.483698,0.421914,0.000046,0.017909,0.000046,0.000046
AAGTTGTGATGTTATA-1,0.000147,0.000147,0.000147,0.136991,0.463747,0.105005,0.037078,0.044234,0.212502
AAGTTTACTAATGGCA-1,0.000099,0.219926,0.020031,0.000099,0.190937,0.000099,0.328751,0.029876,0.210184
AATAACAACGCTCGGC-1,0.00006,0.087256,0.00006,0.326246,0.586135,0.00006,0.00006,0.00006,0.00006
AATAACACTAGAACAA-1,0.001961,0.001961,0.001961,0.753999,0.003923,0.001961,0.001961,0.001961,0.230312
AATAAGTCCTCGAGAC-1,0.000067,0.000067,0.000067,0.093891,0.086412,0.000067,0.044125,0.000067,0.775237
AATAATCTTCGTATCG-1,0.000051,0.000051,0.000051,0.045744,0.744318,0.013095,0.196586,0.000051,0.000051
AATACAATGTTTCAGG-1,0.000059,0.008608,0.000059,0.179411,0.551642,0.006252,0.199018,0.054894,0.000059
AATACCGGAGGGCTGT-1,0.000235,0.000235,0.028076,0.395652,0.488844,0.000235,0.000235,0.006139,0.080348
AATAGAACAGAGTGGC-1,0.002381,0.002382,0.002381,0.002382,0.895774,0.002382,0.002382,0.002382,0.087556
AATAGAATCTGTTTCA-1,0.000775,0.000775,0.000775,0.347642,0.552457,0.000775,0.000775,0.000775,0.095249
AATAGCAAGCCTCCTG-1,0.001299,0.001299,0.001299,0.62921,0.361697,0.001299,0.001299,0.001299,0.001299
AATAGCTACCGCGTGC-1,0.000055,0.108368,0.647228,0.106783,0.137345,0.000055,0.000055,0.000055,0.000055
AATAGTCCGTCCCGAC-1,0.003125,0.003126,0.003126,0.431498,0.006252,0.003126,0.543496,0.003126,0.003126
AATAGTCGCGAGTCGG-1,0.000083,0.000083,0.005098,0.205206,0.224628,0.074626,0.486154,0.000083,0.004041
AATATCAAGGTCGGAT-1,0.000215,0.000215,0.000215,0.272899,0.634088,0.000215,0.000215,0.000215,0.091725
AATATCCTAGCAAACT-1,0.001695,0.001696,0.001695,0.376873,0.61126,0.001695,0.001695,0.001695,0.001695
AATATCGAATCAATGC-1,0.000086,0.245716,0.005259,0.003721,0.743596,0.000086,0.001364,0.000086,0.000086
AATATCGAGGGTTCTC-1,0.00004,0.624586,0.00004,0.212285,0.162886,0.00004,0.000042,0.00004,0.00004
AATATTGGAGTATTGA-1,0.000078,0.000078,0.000078,0.304301,0.556062,0.000078,0.057903,0.081346,0.000078
AATCAGACTGCAGGAC-1,0.000045,0.162522,0.000045,0.000045,0.451602,0.000045,0.385605,0.000045,0.000045
AATCAGGTTTCATTTA-1,0.000345,0.000345,0.000345,0.691997,0.167848,0.000345,0.000345,0.000345,0.138085
AATCATGTAAAGACTC-1,0.001887,0.001887,0.001887,0.391761,0.256082,0.001887,0.001887,0.001887,0.340834
AATCCAAGGGCCTGAG-1,0.000599,0.000599,0.369688,0.000599,0.501668,0.000599,0.000599,0.000599,0.12505
AATCCATGCAAGGGTG-1,0.000051,0.012089,0.000051,0.047739,0.477853,0.008685,0.422164,0.027284,0.004086
AATCGCCTCAGCGCCA-1,0.000145,0.044726,0.071849,0.365492,0.459269,0.000145,0.03831,0.000145,0.019921
AATCGCGCAGAGGACT-1,0.000104,0.134947,0.00327,0.233216,0.585121,0.000105,0.043027,0.000105,0.000105
AATCGGGACACTACGA-1,0.00042,0.00042,0.008061,0.285668,0.350294,0.00042,0.297767,0.00042,0.056529
AATCGTGAGCCGAGCA-1,0.000813,0.000813,0.000813,0.000813,0.163806,0.000813,0.000813,0.04587,0.785445
AATCTAGGTTTACTTG-1,0.00007,0.317547,0.00007,0.521161,0.135923,0.00007,0.00007,0.00007,0.025017
AATCTATGCCGGAGCC-1,0.000109,0.000109,0.003146,0.439921,0.556276,0.000109,0.000109,0.000109,0.000109
AATCTCTACTGTGGTT-1,0.000122,0.000122,0.000122,0.219888,0.604597,0.000122,0.11978,0.033382,0.021863
AATCTGGCTTTCTAGT-1,0.000111,0.000111,0.000111,0.39104,0.507036,0.000111,0.047019,0.000111,0.05435
AATCTGGGTAGACCCT-1,0.000231,0.000232,0.000232,0.30663,0.255994,0.000232,0.000232,0.354902,0.081317
AATGACAGCAATGTCT-1,0.000064,0.106701,0.761765,0.083463,0.033222,0.000064,0.000064,0.014594,0.000064
AATGACGTAGGATGTC-1,0.000198,0.000198,0.000198,0.199577,0.799037,0.000198,0.000198,0.000198,0.000198
AATGACTGTCAGCCGG-1,0.000104,0.129985,0.000104,0.079138,0.735989,0.01804,0.00578,0.000104,0.030758
AATGAGTTCGCATATG-1,0.000066,0.094406,0.000066,0.005167,0.350474,0.000066,0.451044,0.091841,0.006869
AATGATGATACGCTAT-1,0.000075,0.111432,0.396263,0.258487,0.142368,0.000075,0.000075,0.032987,0.058239
AATGATGCGACTCCTG-1,0.000084,0.000084,0.000084,0.500437,0.48374,0.015317,0.000084,0.000084,0.000084
AATGCAACCGGGTACC-1,0.000079,0.203055,0.000079,0.387024,0.409447,0.000079,0.000079,0.000079,0.000079
AATGCACCAAGCAATG-1,0.00008,0.053717,0.00008,0.50919,0.436613,0.00008,0.00008,0.00008,0.00008
AATGGCCGCCAATGCG-1,0.000546,0.000547,0.000547,0.678341,0.18993,0.000547,0.000547,0.061819,0.067178
AATGGTCCACCGTTCA-1,0.000091,0.000091,0.000091,0.15767,0.71407,0.056244,0.060382,0.01127,0.000091
AATGGTTCTCACAAGC-1,0.000068,0.029843,0.021064,0.000068,0.227071,0.000068,0.078905,0.642844,0.000068
AATGTATGGCACTGTA-1,0.000629,0.000629,0.000629,0.418311,0.47821,0.000629,0.000629,0.000629,0.099705
AATGTGCCCGAGGTGT-1,0.000211,0.031502,0.000211,0.48957,0.293279,0.000211,0.000211,0.184594,0.000211
AATGTGCTAATCTGAG-1,0.002381,0.002382,0.002381,0.152122,0.599962,0.002382,0.002382,0.002382,0.233627
AATTAAAGGTCGGCGT-1,0.000049,0.134782,0.000049,0.395255,0.469666,0.000049,0.000049,0.000049,0.000049
AATTAACGGATTTCCA-1,0.000441,0.000441,0.000441,0.099071,0.57064,0.000441,0.000441,0.104842,0.223244
AATTACGAGACCCATC-1,0.002273,0.002273,0.002273,0.365011,0.557981,0.002273,0.002273,0.002273,0.06337
AATTACTCGTACGCTC-1,0.000119,0.000119,0.016552,0.000119,0.092434,0.135204,0.541837,0.000119,0.213496
AATTAGCGCTGCAGCG-1,0.004348,0.004349,0.118092,0.004349,0.851465,0.004349,0.004349,0.004349,0.004349
AATTCATAAGGGATCT-1,0.000074,0.245947,0.369194,0.119997,0.264491,0.000074,0.000074,0.000074,0.000074
AATTCATTGTCATGCA-1,0.001887,0.001887,0.001887,0.645075,0.003775,0.273561,0.001887,0.001887,0.068153
AATTCCAACTTGGTGA-1,0.000035,0.010145,0.006188,0.03294,0.034831,0.715795,0.19256,0.000035,0.007472
AATTCCAAGCATGTAC-1,0.002273,0.002273,0.002273,0.601554,0.382534,0.002273,0.002273,0.002273,0.002273
AATTCGATTCGAGGAT-1,0.00019,0.000191,0.000191,0.153654,0.048291,0.000191,0.000191,0.000191,0.796912
AATTCTAGAGTTAGGC-1,0.001695,0.001695,0.001695,0.399146,0.588986,0.001696,0.001695,0.001695,0.001695
AATTGAACGCTCTGGT-1,0.000213,0.000213,0.000213,0.182334,0.562093,0.000213,0.018715,0.199963,0.036042
AATTGCAGCAATCGAC-1,0.000322,0.000322,0.016912,0.000322,0.480687,0.031276,0.306264,0.000322,0.163574
AATTGCGTGGATTACA-1,0.000787,0.097564,0.000788,0.057161,0.840528,0.000788,0.000788,0.000788,0.00081
AATTGTGGTTGCCAAA-1,0.0001,0.110807,0.0001,0.041365,0.541411,0.0001,0.26528,0.0001,0.040737
AATTTGGGACATAGTA-1,0.002565,0.002565,0.064126,0.399914,0.520571,0.002565,0.002565,0.002565,0.002565
AATTTGGTTCCAAAGA-1,0.000602,0.000603,0.000603,0.073766,0.647166,0.000603,0.000603,0.275453,0.000603
ACAAACCATGCGTCCT-1,0.000806,0.000807,0.000807,0.146848,0.847506,0.000807,0.000807,0.000807,0.000807
ACAAAGAAGGTAGGCC-1,0.000064,0.000064,0.003806,0.111943,0.869847,0.000064,0.000064,0.000064,0.014088
ACAAAGCATGACCTAG-1,0.000532,0.263496,0.013584,0.000532,0.001064,0.000532,0.000532,0.000532,0.719195
ACAAATCGCACCGAAT-1,0.001818,0.001819,0.001819,0.001819,0.885328,0.001819,0.001819,0.001819,0.101942
ACAAATGGTAGTGTTT-1,0.000225,0.000225,0.000225,0.205909,0.765532,0.000225,0.000225,0.000225,0.027207
ACAAATTCAGATCTGA-1,0.000429,0.000429,0.000429,0.75692,0.240076,0.000429,0.000429,0.000429,0.000429
ACAACAGCATGAGCTA-1,0.000069,0.247904,0.033954,0.432109,0.259244,0.000069,0.001922,0.000069,0.02466
ACAACGGTCCCTGCGA-1,0.000052,0.200315,0.000052,0.032344,0.705836,0.010089,0.051208,0.000052,0.000052
ACAAGCAGTGCCTAGC-1,0.000054,0.459718,0.004222,0.196204,0.304234,0.000054,0.029297,0.006163,0.000054
ACAAGCTATATGGAAG-1,0.000029,0.107528,0.017642,0.06274,0.14061,0.084328,0.496737,0.063602,0.026785
ACAAGGAAATCCGCCC-1,0.000213,0.035976,0.000213,0.200964,0.203272,0.000213,0.000213,0.558724,0.000213
ACAAGGACAAGAGGTT-1,0.000028,0.585011,0.000028,0.232324,0.157321,0.017863,0.000028,0.000028,0.007369
ACAAGGATGCTTTAGG-1,0.00137,0.00137,0.00137,0.00137,0.002741,0.00137,0.00137,0.00137,0.987668
ACAAGGCCTACCAGCC-1,0.000218,0.000218,0.16869,0.177619,0.213021,0.000218,0.000218,0.421904,0.017894
ACAAGGGCAGGCTCTG-1,0.000176,0.000176,0.000176,0.361404,0.637364,0.000176,0.000176,0.000176,0.000176
ACAATAGTCGTACGTT-1,0.000081,0.000081,0.000081,0.275615,0.673443,0.000081,0.000081,0.015144,0.035395
ACAATCCATTTAAACC-1,0.000057,0.069455,0.000057,0.203109,0.567612,0.005362,0.032846,0.121446,0.000057
ACAATCGATCTTTATA-1,0.000179,0.000179,0.000179,0.040946,0.159925,0.000179,0.000179,0.08759,0.710645
ACAATGAATACGGAGA-1,0.002041,0.002041,0.002041,0.002042,0.983669,0.002041,0.002041,0.002042,0.002041
ACAATGATTCTTCTAC-1,0.000885,0.000885,0.000885,0.574242,0.419561,0.000885,0.000885,0.000885,0.000885
ACAATTGTGTCTCTTT-1,0.000293,0.000293,0.252006,0.000293,0.573461,0.000293,0.063601,0.000293,0.109465
ACAATTTAGGAGGCTC-1,0.000071,0.000071,0.000071,0.021248,0.753585,0.007172,0.169249,0.016566,0.031967
ACAATTTGAGCAGTGG-1,0.000062,0.050057,0.386552,0.263964,0.258769,0.000062,0.04041,0.000062,0.000062
ACAATTTGGCCATATT-1,0.000121,0.104777,0.00723,0.152365,0.179343,0.000121,0.226494,0.31832,0.011229
ACACAAAGACGGGTGG-1,0.000096,0.207152,0.000096,0.219822,0.517017,0.000096,0.000096,0.018304,0.03732
ACACAAATATTCCTAG-1,0.000052,0.042415,0.000052,0.426742,0.506646,0.006435,0.000052,0.017556,0.000052
ACACACCAGGACCAGT-1,0.000145,0.000145,0.000145,0.149799,0.849187,0.000145,0.000145,0.000145,0.000145
ACACACTTTCTACACG-1,0.002857,0.002858,0.002858,0.285961,0.694034,0.002858,0.002858,0.002858,0.002858
ACACATGATCAAATCT-1,0.002222,0.002223,0.002223,0.002223,0.928157,0.002223,0.002223,0.002223,0.056284
ACACCACATAATTAGC-1,0.000078,0.000078,0.000078,0.233689,0.683395,0.000078,0.000078,0.082446,0.000078
ACACCCAGCATGCAGC-1,0.000151,0.03973,0.000151,0.255697,0.677332,0.000151,0.000151,0.026488,0.000151
ACACCCGAGAAATCCG-1,0.000058,0.451232,0.000058,0.000058,0.459183,0.000058,0.089237,0.000058,0.000058
ACACCCGTAAATCTGT-1,0.000581,0.000582,0.000582,0.140781,0.835771,0.019958,0.000582,0.000582,0.000582
ACACCGAGCGCTCTTT-1,0.529389,0.001021,0.092153,0.298355,0.075,0.001021,0.001021,0.001021,0.001021
ACACCGGTCTGACCGC-1,0.001408,0.001409,0.001409,0.051264,0.892885,0.001409,0.001409,0.001409,0.047398
ACACCTTAAGTAGGGC-1,0.000116,0.062384,0.000116,0.141618,0.785078,0.000116,0.000116,0.000116,0.010337
ACACCTTACTACTTGC-1,0.000132,0.072257,0.000132,0.222819,0.593371,0.000132,0.110892,0.000132,0.000132
ACACGAGACTCCTTCT-1,0.000051,0.077491,0.008988,0.717429,0.054436,0.000051,0.042733,0.090429,0.008393
ACACGGCACTATGCAT-1,0.000152,0.000152,0.000152,0.159483,0.379051,0.000152,0.000152,0.000152,0.460557
ACACGGGAACTTAGGG-1,0.000078,0.059766,0.000078,0.450499,0.435389,0.000078,0.035356,0.000078,0.01868
ACACGTAGGCCACAAG-1,0.000182,0.000182,0.000182,0.000182,0.907475,0.000182,0.015507,0.040893,0.035216
ACACTCCAATGTCACT-1,0.000063,0.024244,0.000063,0.10979,0.444965,0.02859,0.386592,0.000063,0.00563
ACACTGATCAAGGTGT-1,0.002174,0.002174,0.002174,0.390789,0.512925,0.002175,0.002174,0.002174,0.083239
ACACTGGGACAGTCGT-1,0.00037,0.00037,0.00037,0.029992,0.817213,0.061754,0.039108,0.00037,0.050452
ACAGAACTGAGAACAA-1,0.000082,0.000082,0.000082,0.393208,0.606216,0.000082,0.000082,0.000082,0.000082
ACAGATTAGGTTAGTG-1,0.000307,0.000307,0.000307,0.17206,0.563789,0.000307,0.210376,0.000307,0.052241
ACAGCATAGAGCCAGT-1,0.000122,0.154446,0.000122,0.029187,0.677779,0.000122,0.053667,0.000122,0.084434
ACAGCGACATTCTCAT-1,0.000332,0.225211,0.000332,0.000332,0.772463,0.000332,0.000332,0.000332,0.000332
ACAGCGCACCCGCAGC-1,0.003226,0.003227,0.003227,0.322972,0.489992,0.003227,0.003227,0.003227,0.167677
ACAGGCACGGATCCTT-1,0.000662,0.101803,0.000662,0.09847,0.001325,0.000662,0.000662,0.000662,0.79509
ACAGGCTTGCCCGACT-1,0.000658,0.000658,0.000658,0.000658,0.994736,0.000658,0.000658,0.000658,0.000658
ACAGGTGGAGGTGAGG-1,0.000625,0.000625,0.000625,0.570631,0.31956,0.000625,0.000625,0.000625,0.106058
ACAGGTGTGTTGTTGC-1,0.000053,0.077423,0.006613,0.111343,0.049837,0.020099,0.702305,0.000053,0.032274
ACAGTAATACAACTTG-1,0.000045,0.000045,0.000045,0.966911,0.032776,0.000045,0.000045,0.000045,0.000045
ACAGTATACCGTGGGA-1,0.00008,0.096088,0.113574,0.366823,0.399681,0.00008,0.00008,0.023513,0.00008
ACAGTGCAGCGCATTT-1,0.005263,0.005264,0.005264,0.95262,0.01053,0.005264,0.005264,0.005265,0.005265
ACATAAGTCGTGGTGA-1,0.001961,0.001961,0.001961,0.197424,0.515955,0.001961,0.001961,0.001961,0.274854
ACATAATAAGGCGGTG-1,0.000158,0.000158,0.000158,0.223548,0.725304,0.000158,0.000158,0.036826,0.013534
ACATCAGCTGGGACGC-1,0.000081,0.000081,0.000081,0.093936,0.58972,0.000081,0.212339,0.102193,0.001489
ACATCCCGGCCATACG-1,0.005263,0.005264,0.005264,0.005265,0.682011,0.005264,0.005264,0.005265,0.28114
ACATCCTGGTAACTGT-1,0.000124,0.160032,0.003337,0.146272,0.66418,0.000124,0.000124,0.025685,0.000124
ACATCGATCGTTTACC-1,0.000119,0.032047,0.003375,0.49324,0.461345,0.000119,0.000119,0.009516,0.000119
ACATCGGTCAGCCGCG-1,0.000069,0.147197,0.000069,0.327618,0.524768,0.000069,0.000073,0.000069,0.000069
ACATCGTATGCAATGG-1,0.000633,0.000633,0.000633,0.660141,0.294872,0.000633,0.000633,0.000633,0.041188
ACATCGTTAACCTAGT-1,0.000202,0.000202,0.04647,0.419271,0.350687,0.000202,0.037043,0.08091,0.065011
ACATCTCAACGCGTAA-1,0.000298,0.190673,0.000298,0.356284,0.168697,0.000298,0.000298,0.105256,0.177898
ACATGGCGCCAAAGTA-1,0.000071,0.061635,0.000071,0.297669,0.595547,0.000071,0.010657,0.034207,0.000071
ACATGGCTCAATTTAG-1,0.000065,0.004772,0.000065,0.000065,0.045712,0.496469,0.41314,0.000148,0.039564
ACATTAGTTTATATCC-1,0.004,0.004001,0.004001,0.703402,0.008003,0.004001,0.004001,0.004001,0.26459
ACCAAACACCCAGCGA-1,0.000024,0.249988,0.04246,0.60812,0.099313,0.000024,0.000024,0.000024,0.000024
ACCAAACTAGAAATCC-1,0.000063,0.000063,0.000063,0.000063,0.128834,0.007775,0.03301,0.067857,0.762271
ACCAACACCACACACT-1,0.000047,0.197039,0.039758,0.364632,0.390279,0.008103,0.000047,0.000047,0.000047
ACCAACCGCACTCCAC-1,0.002174,0.002175,0.002174,0.002175,0.541062,0.002175,0.002175,0.002175,0.443717
ACCAACGCTTATTTAT-1,0.001,0.001,0.001,0.706773,0.13024,0.001,0.001,0.001,0.156986
ACCAAGAACGCGTGTC-1,0.000118,0.000118,0.211008,0.000118,0.659572,0.015152,0.000118,0.113679,0.000118
ACCAATATGCAAGTTA-1,0.002564,0.002565,0.002565,0.002623,0.90634,0.002565,0.002565,0.002565,0.075649
ACCACAACTCAGAACA-1,0.000862,0.000862,0.000862,0.128253,0.760017,0.000862,0.000862,0.000862,0.106557
ACCACAAGTTTCTATC-1,0.000071,0.042083,0.02493,0.226099,0.669564,0.000071,0.037041,0.000071,0.000071
ACCACCAATGTAACAA-1,0.000062,0.125955,0.005044,0.205574,0.612605,0.000062,0.044647,0.000062,0.005989
ACCACCCTCTCTTCTA-1,0.000058,0.204832,0.00151,0.384956,0.408409,0.000058,0.000058,0.000058,0.000058
ACCACGTGCAGCTATA-1,0.000403,0.000403,0.000403,0.142383,0.649765,0.000403,0.000403,0.188631,0.017205
ACCAGACCATAACAAC-1,0.000069,0.000069,0.000069,0.035575,0.388172,0.102729,0.34158,0.037506,0.09423
ACCAGCCCGGTCTTTG-1,0.000063,0.000063,0.000063,0.114418,0.081138,0.000063,0.122388,0.286886,0.394917
ACCAGGAGTGTGATCT-1,0.000146,0.000146,0.000146,0.152459,0.256026,0.000146,0.244497,0.117438,0.228995
ACCAGTGCCCGGTCAA-1,0.004167,0.004168,0.004167,0.615088,0.008335,0.004168,0.004168,0.004168,0.35157
ACCAGTGCGGGAGACG-1,0.000175,0.111325,0.000175,0.102173,0.685068,0.000175,0.009407,0.000175,0.091328
ACCATATCCGCAATAA-1,0.000038,0.354964,0.097752,0.276316,0.263822,0.00483,0.0022,0.000038,0.000038
ACCATCCGCCAACTAG-1,0.000106,0.000106,0.000106,0.274387,0.677061,0.015512,0.013633,0.000106,0.01898
ACCATCGTATATGGTA-1,0.000089,0.127466,0.011142,0.409944,0.451003,0.000089,0.000089,0.000089,0.000089
ACCCAACGCCCGTGGC-1,0.000044,0.552863,0.093561,0.28503,0.046254,0.000044,0.000044,0.022115,0.000044
ACCCACCTACATGCTC-1,0.000048,0.209386,0.000048,0.13171,0.297333,0.000048,0.042765,0.318614,0.000048
ACCCATCTTGAGGGTA-1,0.000079,0.126549,0.000079,0.371376,0.47011,0.000079,0.022592,0.009056,0.000079
ACCCATTTGTCCCTCT-1,0.000275,0.000276,0.000276,0.51894,0.344728,0.000276,0.000276,0.000276,0.134678
ACCCGAGCGAAATTAC-1,0.002857,0.002858,0.002858,0.002858,0.973244,0.002858,0.006751,0.002858,0.002858
ACCCGATTGGTTCCGA-1,0.000495,0.26711,0.020373,0.435469,0.19801,0.000495,0.000495,0.077058,0.000495
ACCCGGAAACTCCCAG-1,0.000581,0.000582,0.000582,0.673007,0.204363,0.000582,0.000582,0.000582,0.119141
ACCCGGAGCACCACAA-1,0.000056,0.188269,0.000056,0.003721,0.531374,0.000056,0.276354,0.000056,0.000056
ACCCGGATGACGCATC-1,0.000094,0.077346,0.000094,0.533061,0.235527,0.000094,0.132238,0.019249,0.002296
ACCCGGTTACACTTCC-1,0.000076,0.022966,0.090666,0.418368,0.229539,0.000076,0.008153,0.223571,0.006585
ACCCGTGTCATCAGTA-1,0.00303,0.003031,0.003031,0.845606,0.006062,0.003031,0.003031,0.003031,0.130146
ACCCTATAGGACTGAG-1,0.000062,0.221006,0.000062,0.000062,0.14392,0.003094,0.599757,0.031974,0.000062
ACCCTATGCCATATCG-1,0.006668,0.006668,0.006668,0.006669,0.946651,0.006669,0.006669,0.006669,0.006669
ACCCTCCCGTCAGGGC-1,0.001409,0.001409,0.001409,0.001409,0.373504,0.001409,0.117948,0.001409,0.500096
ACCCTCCCTTGCTATT-1,0.000599,0.000599,0.000599,0.296206,0.545294,0.000599,0.000599,0.041506,0.113999
ACCCTGGTAACGCCCT-1,0.000088,0.101823,0.065916,0.405158,0.426662,0.000088,0.000088,0.000088,0.000088
ACCCTTCATCTGCGAA-1,0.00164,0.00164,0.00164,0.507281,0.00328,0.00164,0.00164,0.00164,0.479601
ACCCTTGCCTGGGTCG-1,0.000095,0.109884,0.008651,0.374078,0.461189,0.000095,0.000095,0.000095,0.04582
ACCCTTTAGTTCTCCA-1,0.000483,0.000483,0.008083,0.664138,0.307063,0.000483,0.000483,0.000483,0.0183
ACCGAAAGGGCCCTGC-1,0.000248,0.000248,0.000248,0.297938,0.592169,0.000248,0.000248,0.000248,0.108404
ACCGAAGAGTCTGGTT-1,0.000229,0.000229,0.000229,0.419308,0.500842,0.047345,0.000229,0.000229,0.031361
ACCGACTGAGTCCCAC-1,0.000029,0.653472,0.016269,0.296583,0.033528,0.000029,0.000029,0.000029,0.000029
ACCGATAGGCATAACC-1,0.000224,0.000224,0.000224,0.113463,0.689506,0.000224,0.139212,0.000224,0.056698
ACCGATATTTAATCAT-1,0.000066,0.100451,0.000067,0.05761,0.426585,0.000067,0.332463,0.000067,0.082625
ACCGATGGTAGCATCG-1,0.000101,0.090401,0.005136,0.506856,0.375061,0.000101,0.000101,0.000101,0.02214
ACCGCAATAACTGCCT-1,0.002174,0.002174,0.002174,0.002175,0.982605,0.002174,0.002174,0.002174,0.002175
ACCGCGGTGGAAGTCG-1,0.00008,0.046545,0.00008,0.094023,0.823427,0.00008,0.00008,0.035604,0.00008
ACCGGGCCTTTGTTGA-1,0.000154,0.000154,0.404192,0.000154,0.397565,0.057723,0.06622,0.073684,0.000154
ACCGGTCAGGTACACC-1,0.003125,0.003126,0.003126,0.003126,0.974994,0.003126,0.003126,0.003126,0.003126
ACCGGTCTGAGTACGG-1,0.002703,0.002703,0.002703,0.440791,0.367205,0.002703,0.002703,0.002703,0.175785
ACCGTCCACTGGGCCC-1,0.000305,0.000305,0.015252,0.114878,0.6689,0.000305,0.000305,0.000305,0.199445
ACCGTGACCACGTGGG-1,0.001724,0.155873,0.001724,0.325766,0.508014,0.001725,0.001725,0.001725,0.001725
ACCGTTCCCGCTCTGA-1,0.000166,0.000166,0.000166,0.178863,0.127052,0.000166,0.000166,0.000166,0.693088
ACCTAAGTACCTTTCA-1,0.000091,0.101528,0.136825,0.335869,0.36239,0.000091,0.000091,0.063023,0.000091
ACCTAATCGACTTCCT-1,0.000067,0.090882,0.000067,0.145054,0.763664,0.000067,0.000067,0.000067,0.000067
ACCTACAGTATGTGGT-1,0.000147,0.066074,0.004739,0.131038,0.797412,0.000147,0.000147,0.000147,0.000147
ACCTACTATAAATCTA-1,0.000645,0.000645,0.000645,0.418049,0.479283,0.000645,0.000645,0.000645,0.098796
ACCTCCGCCCTCGCTG-1,0.001266,0.001266,0.001266,0.001266,0.687349,0.001266,0.001266,0.001266,0.303788
ACCTCCGTTATTCACC-1,0.000123,0.053661,0.000123,0.145661,0.758124,0.000123,0.000123,0.015252,0.02681
ACCTCGAACTTATGCT-1,0.00033,0.654742,0.00033,0.342617,0.00066,0.00033,0.00033,0.00033,0.00033
ACCTGCGTGTCATGTT-1,0.000079,0.000079,0.004325,0.481421,0.51378,0.000079,0.000079,0.000079,0.000079
ACCTTTCCTTTAGAAG-1,0.000121,0.219877,0.000121,0.020019,0.003571,0.000121,0.526133,0.000121,0.229914
ACGAAATGGGCGGCAC-1,0.000035,0.302274,0.000035,0.431394,0.266122,0.000035,0.000035,0.000035,0.000035
ACGACCCATGAGTTGC-1,0.000051,0.286095,0.000051,0.000051,0.347793,0.000051,0.365809,0.000051,0.000051
ACGACTGGTCATACTC-1,0.000495,0.000495,0.092752,0.521416,0.351756,0.000495,0.000495,0.000495,0.0316
ACGAGAACCCATCACG-1,0.000394,0.000394,0.000394,0.096156,0.763466,0.000394,0.138015,0.000394,0.000394
ACGAGATATTTGCTTA-1,0.001695,0.068956,0.001695,0.623991,0.003391,0.001695,0.295186,0.001695,0.001696
ACGAGGATACCACTCT-1,0.000085,0.000085,0.09809,0.349929,0.543687,0.000085,0.000085,0.007871,0.000085
