Barcode,Topic 1to5,Topic 6,Topic 7
AAACAACGAATAGTTC-1,0.811549,0.188344,0.000107
AAACAAGTATCTCCCA-1,0.725836,0.244504,0.02966
AAACAGAGCGACTCCT-1,0.767118,0.232843,0.000039
AAACAGCTTTCAGAAG-1,0.710869,0.287568,0.001563
AAACAGGGTCTATATT-1,0.452095,0.278638,0.269266
AAACCCGAACGAAATC-1,0.573054,0.401096,0.02585
AAACCGGGTAGGTACC-1,0.621791,0.376578,0.001631
AAACCGTTCGTCCAGG-1,0.981542,0.00025,0.018208
AAACCTCATGAAGTTG-1,0.092342,0.820564,0.087093
AAACGAGACGGTTGAT-1,0.891407,0.097963,0.01063
AAACGCCCGAGATCGG-1,0.851896,0.034988,0.113116
AAACGGGTTGGTATCC-1,0.778539,0.192645,0.028816
AAACGTGTTCGCCCTA-1,0.926461,0.072237,0.001303
AAACTAACGTGGCGAC-1,0.530208,0.467546,0.002245
AAACTCGTGATATAAG-1,0.127178,0.870743,0.002079
AAACTTGCAAACGTAT-1,0.029921,0.68103,0.289048
AAAGACTGGGCGCTTT-1,0.125967,0.640188,0.233845
AAAGCTTGCCTACATA-1,0.256107,0.741872,0.002021
AAAGGGCAGCTTGAAT-1,0.131155,0.867965,0.00088
AAAGGTAAGCTGTACC-1,0.799598,0.199339,0.001064
AAAGTCGACCCTCAGT-1,0.390469,0.49798,0.111551
AAAGTGTGATTTATCT-1,0.825118,0.15038,0.024502
AAAGTTGACTCCCGTA-1,0.999876,0.000062,0.000062
AAATAACCATACGGGA-1,0.574323,0.291564,0.134114
AAATAAGGTAGTGCCC-1,0.057723,0.942211,0.000067
AAATAGCTTAGACTTT-1,0.15477,0.82504,0.02019
AAATCGTGTACCACAA-1,0.762208,0.237042,0.000751
AAATGATTCGATCAGC-1,0.2228,0.775357,0.001843
AAATGCTCGTTACGTT-1,0.339997,0.659775,0.000228
AAATGGCATGTCTTGT-1,0.793913,0.205952,0.000135
AAATGGCCCGTGCCCT-1,0.798734,0.123488,0.077778
AAATGGTCAATGTGCC-1,0.600731,0.399086,0.000183
AAATGTATCTTATCCC-1,0.093091,0.904558,0.00235
AAATTAACGGGTAGCT-1,0.74557,0.227593,0.026838
AAATTAATAAGCGCGA-1,0.119292,0.880664,0.000044
AAATTACACGACTCTG-1,0.487746,0.414896,0.097359
AAATTACCTATCGATG-1,0.57998,0.419965,0.000056
AAATTCCAGGTCCAAA-1,0.063655,0.847881,0.088464
AAATTGCGGCGGTTCT-1,0.445027,0.535769,0.019204
AAATTGGTGAGAAGCA-1,0.39108,0.604579,0.004341
AAATTTACCGAAATCC-1,0.77784,0.091509,0.130651
AAATTTGCGGGTGTGG-1,0.85185,0.120914,0.027236
AACAACTGGTAGTTGC-1,0.034689,0.965241,0.00007
AACAATTACTCTACGC-1,0.001541,0.927519,0.07094
AACACACGCTCGCCGC-1,0.794193,0.174322,0.031485
AACACGAGACGCGGCC-1,0.009071,0.319781,0.671148
AACACGCGGCCGCGAA-1,0.749428,0.145003,0.105569
AACAGGAAATCGAATA-1,0.680945,0.274277,0.044778
AACAGGATGGGCCGCG-1,0.279033,0.72071,0.000257
AACAGGTAGTATGGAT-1,0.423315,0.513148,0.063537
AACATATCAACTGGTG-1,0.200516,0.776817,0.022667
AACATCGATACGTCTA-1,0.45847,0.318202,0.223328
AACATTGGTCAGCCGT-1,0.997549,0.002381,0.00007
AACCAAGACTTCTCTG-1,0.380844,0.617486,0.00167
AACCAGTATCACTCTT-1,0.99924,0.000381,0.00038
AACCATGGGATCGCTA-1,0.512518,0.487359,0.000123
AACCCAGAGACGGAGA-1,0.466277,0.529849,0.003874
AACCCTACTGTCAATA-1,0.744472,0.253268,0.002259
AACCCTGGTGGAACCA-1,0.412658,0.450226,0.137116
AACCGAGCTTGGTCAT-1,0.994791,0.005172,0.000037
AACCGCTAAGGGATGC-1,0.821944,0.078101,0.099955
AACCTGTCACGGAATT-1,0.011936,0.985671,0.002393
AACCTTTACGACGTCT-1,0.37894,0.580921,0.040139
AACGATAGAAGGGCCG-1,0.975113,0.024829,0.000058
AACGATATGTCAACTG-1,0.757567,0.242306,0.000127
AACGCATGATCTGGGT-1,0.421863,0.577302,0.000835
AACGCGAACGGCAACA-1,0.426199,0.573722,0.000079
AACGGACGTACGTATA-1,0.821833,0.102795,0.075372
AACGGCCATCTCCGGT-1,0.691659,0.224473,0.083868
AACGTACTGTGGGTAC-1,0.79326,0.205525,0.001215
AACGTCAGACTAGTGG-1,0.317709,0.682209,0.000081
AACGTGATGAAGGACA-1,0.718054,0.281747,0.000199
AACGTGCGAAAGTCTC-1,0.999857,0.000071,0.000071
AACGTTATCAGCACCT-1,0.192349,0.802693,0.004958
AACTACCCGTTTGTCA-1,0.528221,0.471659,0.00012
AACTCAAGTTAATTGC-1,0.598272,0.301925,0.099803
AACTCCTAATCCCATG-1,0.396734,0.492305,0.110961
AACTCGATAAACACGT-1,0.370649,0.606101,0.02325
AACTCGATGGCGCAGT-1,0.013861,0.986051,0.000088
AACTCTCAATAGAGCG-1,0.803047,0.196863,0.00009
AACTCTCAGTGTGCTC-1,0.728116,0.140972,0.130912
AACTGAGGTCAGCGTC-1,0.710954,0.286695,0.002351
AACTGAGTTATACTGA-1,0.936474,0.062309,0.001216
AACTGATATTAGGCCT-1,0.849402,0.058162,0.092436
AACTGGGTCCCGACGT-1,0.920583,0.000233,0.079184
AACTGGGTTCGAGCCG-1,0.599514,0.303435,0.097051
AACTTCTGCGTCTATC-1,0.822348,0.175415,0.002237
AACTTGCCCGTATGCA-1,0.28239,0.717226,0.000384
AACTTGCGTTCTCGCG-1,0.324484,0.675176,0.00034
AACTTTACGGGAGCTT-1,0.083682,0.846547,0.069771
AACTTTCTCGATCATG-1,0.360475,0.571057,0.068468
AAGAAATCACCAGATT-1,0.428017,0.569989,0.001994
AAGAAGGATCAGTTAG-1,0.166133,0.833656,0.000211
AAGACTAACCCGTTGT-1,0.626002,0.286653,0.087345
AAGAGATGAATCGGTA-1,0.050057,0.949313,0.00063
AAGAGCTCTTTATCGG-1,0.937541,0.043404,0.019056
AAGAGGATGTACGCGA-1,0.632617,0.364906,0.002476
AAGAGGCATGGATCGC-1,0.817031,0.151409,0.03156
AAGATTGGCGGAACGT-1,0.427191,0.572662,0.000147
AAGCCGAAGCGGTTTA-1,0.637393,0.328436,0.034172
AAGCCGCTTTACCTTG-1,0.548449,0.450754,0.000798
AAGCGGAGTGCGCGCA-1,0.586375,0.293168,0.120457
AAGCGGCGTCATGGGT-1,0.659988,0.283046,0.056966
AAGCTCGTGCCAAGTC-1,0.823035,0.082521,0.094444
AAGGAGCGGTTGGTGC-1,0.575872,0.402551,0.021577
AAGGATCGATCGCTTG-1,0.446213,0.553671,0.000116
AAGGATGAGGGACCTC-1,0.288092,0.651268,0.060639
AAGGCAGGCTGTCTCC-1,0.421924,0.543151,0.034925
AAGGCGCGTAAAGCTT-1,0.279355,0.698648,0.021997
AAGGCTGTGCTCATCG-1,0.411052,0.58872,0.000227
AAGGGACAGATTCTGT-1,0.351342,0.648539,0.000119
AAGGTATCCTAATATA-1,0.659409,0.340449,0.000142
AAGGTGATAAACCAGC-1,0.938563,0.061374,0.000063
AAGTAGAAGACCGGGT-1,0.824786,0.175116,0.000098
AAGTAGTGACGCGAGG-1,0.562825,0.435936,0.001238
AAGTCAATTGTCGTCA-1,0.810175,0.17638,0.013444
AAGTCTAGTAGCTGCC-1,0.353233,0.643348,0.003419
AAGTCTTCTGTGGCCT-1,0.4662,0.53349,0.00031
AAGTGACGACCGAATT-1,0.201029,0.433642,0.365329
AAGTGCAAAGGTAGAC-1,0.331269,0.58491,0.083821
AAGTGCCTTGACTGTA-1,0.764454,0.2355,0.000046
AAGTGCGTTAGAATCT-1,0.921509,0.00271,0.075781
AAGTTCAGTCTGCGTA-1,0.384563,0.583799,0.031638
AAGTTCGGCCAACAGG-1,0.996916,0.001544,0.00154
AATAACAACGCTCGGC-1,0.416636,0.581835,0.001528
AATAACACTAGAACAA-1,0.755995,0.182872,0.061133
AATAATCTTCGTATCG-1,0.579169,0.399615,0.021216
AATACAATGTTTCAGG-1,0.098261,0.898478,0.003262
AATAGCAAGCCTCCTG-1,0.783313,0.001354,0.215332
AATAGCTACCGCGTGC-1,0.329186,0.628463,0.042351
AATAGTCGCGAGTCGG-1,0.000383,0.900133,0.099484
AATATCCTAGCAAACT-1,0.823199,0.003502,0.173299
AATATCGAATCAATGC-1,0.532464,0.449823,0.017713
AATATCGAGGGTTCTC-1,0.140917,0.666499,0.192584
AATATTGGAGTATTGA-1,0.440947,0.50631,0.052743
AATCAGACTGCAGGAC-1,0.521227,0.448042,0.030731
AATCCAAGGGCCTGAG-1,0.999907,0.000047,0.000047
AATCCATGCAAGGGTG-1,0.324434,0.642511,0.033055
AATCGCCTCAGCGCCA-1,0.916681,0.08324,0.000079
AATCGCGCAGAGGACT-1,0.284176,0.695296,0.020528
AATCTATGCCGGAGCC-1,0.047781,0.942614,0.009605
AATCTCTACTGTGGTT-1,0.174897,0.531253,0.29385
AATCTGCGTTGGGACG-1,0.307314,0.667453,0.025233
AATCTGGGTAGACCCT-1,0.746738,0.188077,0.065185
AATGACAGCAATGTCT-1,0.996626,0.001689,0.001685
AATGACTGTCAGCCGG-1,0.635792,0.342419,0.021789
AATGAGTTCGCATATG-1,0.135492,0.822172,0.042337
AATGATGATACGCTAT-1,0.45933,0.540555,0.000115
AATGATGCGACTCCTG-1,0.645901,0.353772,0.000327
AATGCAACCGGGTACC-1,0.892817,0.088519,0.018664
AATGCACCAAGCAATG-1,0.43396,0.5658,0.00024
AATGGTCCACCGTTCA-1,0.204191,0.792688,0.003121
AATGGTTCTCACAAGC-1,0.508585,0.491267,0.000148
AATTAAAGGTCGGCGT-1,0.999493,0.000253,0.000253
AATTACTCGTACGCTC-1,0.151836,0.796034,0.05213
AATTCATAAGGGATCT-1,0.370723,0.629214,0.000063
AATTCCAACTTGGTGA-1,0.35583,0.622562,0.021608
AATTTGGGACATAGTA-1,0.534309,0.427769,0.037922
ACAAAGAAGGTAGGCC-1,0.999735,0.000132,0.000133
ACAAATGGTAGTGTTT-1,0.622068,0.133699,0.244233
ACAAATTCAGATCTGA-1,0.86184,0.079469,0.058691
ACAACAGCATGAGCTA-1,0.80519,0.122947,0.071863
ACAACGGTCCCTGCGA-1,0.315814,0.684105,0.000081
ACAAGCAGTGCCTAGC-1,0.011211,0.986542,0.002247
ACAAGCTATATGGAAG-1,0.493755,0.505937,0.000308
ACAAGGACAAGAGGTT-1,0.603902,0.396057,0.000041
ACAAGGCCTACCAGCC-1,0.860883,0.110232,0.028885
ACAATAGTCGTACGTT-1,0.543688,0.260223,0.196089
ACAATCCATTTAAACC-1,0.368807,0.63051,0.000684
ACAATGATTCTTCTAC-1,0.965881,0.033756,0.000363
ACAATTTAGGAGGCTC-1,0.064889,0.778652,0.156458
ACAATTTGAGCAGTGG-1,0.659539,0.340341,0.00012
ACAATTTGGCCATATT-1,0.215921,0.726576,0.057503
ACACAAAGACGGGTGG-1,0.964292,0.021393,0.014315
ACACAAATATTCCTAG-1,0.411906,0.585615,0.002479
ACACACCAGGACCAGT-1,0.846526,0.100021,0.053454
ACACATTGACGCAACA-1,0.484961,0.447873,0.067166
ACACCACATAATTAGC-1,0.35604,0.642046,0.001914
ACACCCAGCATGCAGC-1,0.704451,0.269877,0.025672
ACACCCGAGAAATCCG-1,0.744689,0.255242,0.000069
ACACCGAGCGCTCTTT-1,0.014308,0.840484,0.145208
ACACCTTAAGTAGGGC-1,0.661982,0.337914,0.000105
ACACCTTACTACTTGC-1,0.279328,0.647923,0.072749
ACACGAGACTCCTTCT-1,0.868655,0.078357,0.052988
ACACGGCACTATGCAT-1,0.544925,0.330491,0.124583
ACACGGGAACTTAGGG-1,0.926867,0.053686,0.019447
ACACTCCAATGTCACT-1,0.421003,0.578148,0.000849
ACAGCGCACCCGCAGC-1,0.600078,0.313972,0.08595
ACAGGAGGCGCAGCCG-1,0.586106,0.412579,0.001316
ACAGGTGGAGGTGAGG-1,0.692406,0.226865,0.080729
ACAGGTGTGTTGTTGC-1,0.200813,0.000269,0.798918
ACAGTAATACAACTTG-1,0.383185,0.559481,0.057334
ACAGTATACCGTGGGA-1,0.539912,0.279198,0.18089
ACATCAGCTGGGACGC-1,0.16206,0.690821,0.147119
ACATCCTGGTAACTGT-1,0.600006,0.39348,0.006514
ACATCGGTCAGCCGCG-1,0.437309,0.479824,0.082867
ACATCGTTAACCTAGT-1,0.504751,0.49423,0.001018
ACATGGCGCCAAAGTA-1,0.577302,0.399898,0.022799
ACATGGCTCAATTTAG-1,0.217486,0.782292,0.000222
ACCAAACACCCAGCGA-1,0.413081,0.460768,0.126151
ACCAACACCACACACT-1,0.290561,0.571243,0.138196
ACCAAGAACGCGTGTC-1,0.966839,0.033106,0.000055
ACCACAACTCAGAACA-1,0.70952,0.241266,0.049214
ACCACAAGTTTCTATC-1,0.76237,0.23755,0.000081
ACCACCAATGTAACAA-1,0.135781,0.832511,0.031708
ACCACCCTCTCTTCTA-1,0.476231,0.00513,0.518638
ACCACTGTTCAAGAAG-1,0.096521,0.900721,0.002758
ACCAGACCATAACAAC-1,0.420563,0.579337,0.0001
ACCAGTGCCCGGTCAA-1,0.751808,0.219259,0.028934
ACCAGTGCGGGAGACG-1,0.833736,0.10582,0.060444
ACCATATCCGCAATAA-1,0.497418,0.49413,0.008452
ACCATCCGCCAACTAG-1,0.767448,0.143587,0.088965
ACCATCGTATATGGTA-1,0.368641,0.63085,0.000509
ACCATTAAGGGTGTCA-1,0.178215,0.48518,0.336605
ACCCAACGCCCGTGGC-1,0.468922,0.473365,0.057713
ACCCACCTACATGCTC-1,0.005644,0.969766,0.02459
ACCCATCTTGAGGGTA-1,0.003817,0.954301,0.041882
ACCCGGATGACGCATC-1,0.29712,0.660255,0.042624
ACCCGGTTACACTTCC-1,0.723553,0.269613,0.006834
ACCCTATAGGACTGAG-1,0.331077,0.668229,0.000694
ACCCTGGTAACGCCCT-1,0.400454,0.595332,0.004214
ACCCTTGCCTGGGTCG-1,0.900843,0.098301,0.000855
ACCCTTTAGTTCTCCA-1,0.760953,0.215928,0.023119
ACCGATATTTAATCAT-1,0.60391,0.326054,0.070036
ACCGATGGTAGCATCG-1,0.486326,0.484058,0.029617
ACCGCGGTGGAAGTCG-1,0.39035,0.561049,0.048601
ACCGGGCCTTTGTTGA-1,0.907015,0.070305,0.02268
ACCGGTCTGAGTACGG-1,0.939429,0.060364,0.000207
ACCTAAGTACCTTTCA-1,0.766524,0.171205,0.062271
ACCTAATCGACTTCCT-1,0.171494,0.827913,0.000593
ACCTACAGTATGTGGT-1,0.704752,0.295119,0.000129
ACCTCCGTTATTCACC-1,0.801306,0.185438,0.013256
ACCTGCGTGTCATGTT-1,0.764781,0.212868,0.022351
ACGAAATGGGCGGCAC-1,0.793619,0.203816,0.002565
ACGAGAACCCATCACG-1,0.799053,0.183319,0.017628
ACGAGATATTTGCTTA-1,0.709484,0.245722,0.044794
ACGAGGATACCACTCT-1,0.844359,0.103373,0.052268
ACGAGTACGGATGCCC-1,0.096987,0.778877,0.124136
ACGAGTCGCCGGCGTT-1,0.108609,0.890711,0.00068
ACGATACATAGAACTA-1,0.409008,0.494269,0.096723
ACGATACCTATCCTGA-1,0.448535,0.511969,0.039496
ACGATCATCTTGTAAA-1,0.355201,0.602935,0.041865
ACGATGCATATGTTAT-1,0.769119,0.230554,0.000328
ACGATGGATCCGATGC-1,0.477413,0.345295,0.177292
ACGCAATCACTACAGC-1,0.488031,0.511193,0.000776
ACGCATAAATGACATG-1,0.999718,0.000141,0.000141
ACGCATTCGTGAGTAC-1,0.80513,0.194794,0.000076
ACGCCAGATGATTTCT-1,0.582647,0.346935,0.070418
ACGCCTGACACGCGCT-1,0.234278,0.602424,0.163298
ACGCGCTACACAGGGT-1,0.257511,0.739777,0.002712
ACGCGGGCCAAGGACA-1,0.919442,0.07994,0.000618
ACGCGTTTCTTAAGAG-1,0.054893,0.871004,0.074103
ACGCTAGTGATACACT-1,0.001125,0.99865,0.000225
ACGCTGTGAGGCGTAG-1,0.796717,0.150239,0.053044
ACGCTTAGTGTCTCTC-1,0.999825,0.000088,0.000088
ACGGAATTTAGCAAAT-1,0.378299,0.621572,0.000129
ACGGAGCGCAAATTAC-1,0.507746,0.489061,0.003194
ACGGCGGGTTGCCCTG-1,0.952205,0.04769,0.000105
ACGGGAGTGTCGGCCC-1,0.923148,0.001216,0.075636
ACGGGCGTATGCGACA-1,0.620583,0.379159,0.000258
ACGGGTCATGTGACTT-1,0.134386,0.86083,0.004785
ACGTATTACTCCGATC-1,0.699069,0.294588,0.006342
ACGTCTCGTTCCGGGA-1,0.473579,0.525628,0.000793
ACGTTAGATTTGCCCG-1,0.46561,0.50454,0.02985
ACGTTATTGGTCACTC-1,0.20622,0.792113,0.001667
ACGTTCGCAATCAATT-1,0.004977,0.994027,0.000996
ACGTTTAGTTGTGATC-1,0.645882,0.310744,0.043374
ACTAAGGACGCACACC-1,0.766551,0.231338,0.002111
ACTAATACGTCAGGCG-1,0.873237,0.126167,0.000595
ACTACCAGCTCTCTGG-1,0.401,0.598878,0.000121
ACTAGTTGCGATCGTC-1,0.999939,0.000031,0.000031
ACTATATGCTGTGTTC-1,0.646668,0.286518,0.066814
ACTATCCAGGGCATGG-1,0.159893,0.840015,0.000092
ACTATCGCCGGCTAAA-1,0.19658,0.800298,0.003122
ACTATCTGCCCGCGTA-1,0.537427,0.433373,0.0292
ACTATTCGTCCGTGGT-1,0.199524,0.799987,0.000488
ACTCAACGAATGTATT-1,0.707178,0.249344,0.043478
ACTCAATAAAGGCACG-1,0.970709,0.01545,0.01384
ACTCAGACCTGCTTCT-1,0.892973,0.06433,0.042697
ACTCCCATTCCTAAAG-1,0.697267,0.107318,0.195416
ACTCCCGAATTCGTTT-1,0.08792,0.91196,0.00012
ACTCCCGTAGACTAGG-1,0.783072,0.213874,0.003055
ACTCGATGTATTTCAT-1,0.047254,0.847826,0.104921
ACTCGCGATCTGACGC-1,0.387862,0.473436,0.138702
ACTCGTAACCCGTCCT-1,0.689546,0.253217,0.057236
ACTCGTCAGTAATCCC-1,0.947492,0.028102,0.024406
ACTCTAAACCTGGGAT-1,0.125851,0.865491,0.008658
ACTCTCTGACTTAGGT-1,0.583557,0.178343,0.2381
ACTCTCTTATACACGA-1,0.628045,0.320417,0.051538
ACTCTTCAGCTCCCGC-1,0.131367,0.867446,0.001186
ACTGATTTAGTGATTC-1,0.713356,0.224619,0.062025
ACTGCCGTCGTAACTC-1,0.653197,0.315837,0.030966
ACTGCGGACACACCGT-1,0.585677,0.41406,0.000263
ACTGGCGAACCTGCGT-1,0.585312,0.364477,0.050211
ACTGTACGATACACAT-1,0.941384,0.031576,0.02704
ACTGTAGCACTTTGGA-1,0.422843,0.577018,0.000139
ACTGTATACGCGAGCA-1,0.726035,0.252754,0.021212
ACTGTCCAGGATTATA-1,0.586507,0.413302,0.000191
ACTGTCTTCTTTAGAA-1,0.745202,0.149449,0.105349
ACTGTGCTAGTAGATC-1,0.439559,0.56013,0.000311
ACTTACCGGGCGCGCA-1,0.598214,0.334657,0.067129
ACTTAGTACGACAAGA-1,0.562314,0.437527,0.000159
ACTTATACTTACCCGG-1,0.708203,0.243702,0.048094
ACTTATTAGGATCGGT-1,0.55698,0.442459,0.000561
ACTTATTTATGTGCCA-1,0.799244,0.090636,0.11012
ACTTCGCCATACGCAC-1,0.911646,0.059278,0.029076
ACTTCGCTAGCGAGTG-1,0.592212,0.407455,0.000334
ACTTGGGACCCGGTGG-1,0.416016,0.564781,0.019203
ACTTGTAGTCCCTTCA-1,0.171836,0.456438,0.371726
ACTTGTGGATGGAACG-1,0.907617,0.092329,0.000054
ACTTTACCCTCATGAA-1,0.272023,0.727829,0.000149
ACTTTCCTATAGCTTC-1,0.794688,0.06301,0.142302
ACTTTGACTGCATCCT-1,0.077284,0.595402,0.327313
AGAAATTATGACTCGC-1,0.436797,0.507442,0.055761
AGAACCCAGCGTGACA-1,0.307329,0.58449,0.108181
AGAACGTGGTACATTC-1,0.880557,0.097787,0.021656
AGAAGAGCGCCGTTCC-1,0.999007,0.000497,0.000496
AGAAGGTTGCCGAATT-1,0.50979,0.458116,0.032095
AGAAGTGATTCGTGAT-1,0.754394,0.14628,0.099325
AGAATAAATCTTCAGG-1,0.075299,0.566227,0.358474
AGAATGCGGGTTCGGA-1,0.601526,0.380321,0.018153
AGAATTATGGATTCGA-1,0.392693,0.581823,0.025484
AGAATTGTTTGACATA-1,0.03941,0.960486,0.000104
AGACAGCTCAGAATCC-1,0.010865,0.828302,0.160833
AGACCATGGGATACAA-1,0.1599,0.839945,0.000155
AGACCCGCCCTCCTCG-1,0.982981,0.016984,0.000035
AGACCGCTCCGCGGTT-1,0.521844,0.433957,0.044199
AGACCGGGAAACCCTG-1,0.392192,0.560781,0.047027
AGACGGGCCGATTTAA-1,0.816653,0.169847,0.0135
AGACTAGCCTTCCAGA-1,0.516228,0.483641,0.000131
AGAGAACCGTCTAGGA-1,0.309563,0.690333,0.000104
AGAGATCTCTAAAGCG-1,0.290504,0.506951,0.202545
AGAGCAGTTATGAGAC-1,0.585785,0.40889,0.005325
AGAGCGCTTGTAACGG-1,0.459965,0.453762,0.086273
AGAGCGTACAAGCTCG-1,0.051336,0.914937,0.033727
AGAGCTACGAAAGCAT-1,0.37723,0.591628,0.031141
AGAGGCTTCGGAAACC-1,0.789207,0.164823,0.04597
AGAGGGACAATTGTCC-1,0.922123,0.077647,0.000229
AGAGTAAACTTCACTA-1,0.700605,0.299309,0.000086
AGAGTATAGTGTTACG-1,0.010863,0.986959,0.002178
AGAGTTAGAGACCGAT-1,0.907937,0.002565,0.089498
AGAGTTGCAGGCCTCC-1,0.995299,0.002353,0.002347
AGATAACTTCAGGGCC-1,0.501866,0.498046,0.000088
AGATACCAGCACTTCA-1,0.396349,0.598852,0.004799
AGATACCGGTGTTCAC-1,0.241054,0.75885,0.000095
AGATACGACTTCATAT-1,0.465263,0.519654,0.015083
AGATCGTGCATAAGAT-1,0.426943,0.506662,0.066394
AGATCTCAGGTGTGAT-1,0.823525,0.139197,0.037279
AGATGACTCGCCCACG-1,0.934929,0.057153,0.007918
AGATGAGGGTTGCGAT-1,0.447435,0.404973,0.147592
AGATGATGGAGTCTGG-1,0.096626,0.878886,0.024488
AGATGCATCCTGTGTC-1,0.858359,0.076488,0.065153
AGATGCTATAACGAGC-1,0.117927,0.625281,0.256791
AGATTATAGGACGTTT-1,0.669757,0.328779,0.001464
AGCAACATATCTTATT-1,0.720683,0.252531,0.026786
AGCACTACCGGCCTGT-1,0.368327,0.629393,0.00228
AGCACTTAAGGACGCC-1,0.597234,0.402726,0.00004
AGCATATCAATATGCT-1,0.85357,0.101944,0.044485
AGCATCGTCGATAATT-1,0.819826,0.160861,0.019313
AGCCACTCCCGTGCTT-1,0.550476,0.374055,0.07547
AGCCCATACATGTAAG-1,0.340878,0.655704,0.003418
AGCCCTGTCGCACCGT-1,0.334394,0.587967,0.077638
AGCCCTTCTAATCCGA-1,0.609484,0.389752,0.000764
AGCCGCAAATTCAAAT-1,0.386207,0.613706,0.000087
AGCCGCTTGATTAGCG-1,0.230645,0.76585,0.003505
AGCCGTGGCTAAATGT-1,0.854535,0.047681,0.097784
AGCCTTAAAGCGGAAG-1,0.373245,0.622523,0.004232
AGCGACAGGAACGGTC-1,0.854284,0.14058,0.005136
AGCGACCAACGATATT-1,0.870619,0.12147,0.007911
AGCGCGGGTGCCAATG-1,0.393443,0.606454,0.000102
AGCGCTAGAGCGATGT-1,0.508946,0.360427,0.130627
AGCGCTTATGGGCAAG-1,0.999264,0.000368,0.000368
AGCGGGAAGGGTCCAT-1,0.759014,0.24088,0.000106
AGCGGTTGCCGCTCTG-1,0.413803,0.584084,0.002112
AGCGTACGAGAGCTAG-1,0.427454,0.572104,0.000442
AGCGTAGCGCTAGACC-1,0.872685,0.127197,0.000118
AGCGTCTGAACCCGCA-1,0.736098,0.142978,0.120924
AGCTAGAAGCAGAAGT-1,0.629255,0.370444,0.0003
AGCTATTTAATCCAAC-1,0.556468,0.392297,0.051235
AGCTCGTTGATGGAAA-1,0.461729,0.385047,0.153224
AGCTCTAGACGTTCCA-1,0.970421,0.00082,0.028759
AGCTCTTCCCAGTGCA-1,0.505354,0.491988,0.002657
AGCTCTTCGTAACCTT-1,0.459447,0.51863,0.021923
AGCTCTTTACTCAGTT-1,0.31803,0.679574,0.002396
AGCTGAAGTAAACCAA-1,0.415059,0.551475,0.033465
AGCTTGATCTTAACTT-1,0.472641,0.253024,0.274336
AGGAAAGCCTCTGATG-1,0.608897,0.384548,0.006555
AGGACAGTCGAATCCC-1,0.751435,0.128193,0.120371
AGGACATCGCACGTCG-1,0.629004,0.346737,0.024259
AGGACGACCCATTAGA-1,0.497934,0.405611,0.096455
AGGACGCTCGATGTTG-1,0.375014,0.613616,0.01137
AGGACTTATAGGAGAA-1,0.407832,0.586655,0.005514
AGGAGACATCCACAGT-1,0.221738,0.776781,0.001481
AGGAGAGTCTGGCTAC-1,0.218891,0.780555,0.000554
AGGATATAGGGATTTA-1,0.951246,0.048693,0.000061
AGGATCACGCGATCTG-1,0.784309,0.189959,0.025731
AGGATTGCTTACGACA-1,0.388774,0.560907,0.050319
AGGCAATACGGAGGAC-1,0.728035,0.270531,0.001434
AGGCAGATGCGTAAAC-1,0.413233,0.558619,0.028148
AGGCATTGTCGTAGGG-1,0.648585,0.100371,0.251044
AGGCCACATTGGTTAC-1,0.226962,0.640223,0.132815
AGGCCACCCGTTATGA-1,0.580408,0.419504,0.000088
AGGCCCAGTGACTGGT-1,0.312956,0.68681,0.000234
AGGCCCATTGTACAGG-1,0.754439,0.211315,0.034246
AGGCCCTAGAACGCCA-1,0.696356,0.301706,0.001938
AGGCGTCTATGGACGG-1,0.421086,0.577303,0.001611
AGGCTATGGTTAGCTT-1,0.07534,0.924225,0.000435
AGGCTTCCCGAAGAAG-1,0.834254,0.165302,0.000444
AGGCTTGCTAGACACC-1,0.020491,0.782193,0.197315
AGGGAAACGAGGTACT-1,0.695621,0.304339,0.00004
AGGGACCGGCTGCGTT-1,0.000557,0.999332,0.000111
AGGGAGACATACTTCG-1,0.173714,0.82456,0.001726
AGGGCAGCGGCGTGGT-1,0.369199,0.462934,0.167867
AGGGCGAGCAGCTGAT-1,0.656349,0.205018,0.138633
AGGGCGTGATCGGCTA-1,0.766523,0.206504,0.026973
AGGGTCAGTAACCCTA-1,0.685755,0.312036,0.00221
AGGGTCGATGCGAACT-1,0.44239,0.50619,0.05142
AGGGTGCTCTCGAGGG-1,0.552388,0.425291,0.022321
AGGGTGGATAGTGCAT-1,0.093105,0.717041,0.189854
AGGGTTCCCTTTGGTT-1,0.391795,0.607896,0.000309
AGGGTTTAGTTCGGGA-1,0.852843,0.091791,0.055367
AGGTAACCTCCTATTC-1,0.818284,0.181626,0.00009
AGGTACGATATTGCCA-1,0.732137,0.266533,0.00133
AGGTAGGTACAAAGCT-1,0.400643,0.584145,0.015212
AGGTATAATTGATAGT-1,0.033545,0.926177,0.040278
AGGTATGCGGACATTA-1,0.000701,0.999159,0.00014
AGGTCAGGTGAGAGTG-1,0.295512,0.565478,0.13901
AGGTCGCCACTTCGGT-1,0.87782,0.122091,0.00009
AGGTCGCGGAGTTACT-1,0.297194,0.699819,0.002987
AGGTGTATCGCCATGA-1,0.398445,0.600226,0.00133
AGGTTACACCATGCCG-1,0.228333,0.729194,0.042472
AGGTTGAGGCACGCTT-1,0.845705,0.154131,0.000164
AGTAACGTTCATCCTG-1,0.884108,0.114396,0.001497
AGTACATCATTTATCA-1,0.104659,0.892001,0.00334
AGTACCTTCGAGTGCT-1,0.800101,0.19876,0.001139
AGTACGGCCCGTATCG-1,0.083111,0.721715,0.195174
AGTACGGGCACCTGGC-1,0.761447,0.227793,0.01076
AGTACGTGGCCTGTCT-1,0.723988,0.275298,0.000715
AGTAGCTAGACGCCGA-1,0.825886,0.089542,0.084572
AGTAGGAAGGAAGTTG-1,0.104618,0.895272,0.000109
AGTAGGTAACATACAT-1,0.928009,0.066833,0.005157
AGTATAATACTAGGCA-1,0.343174,0.6566,0.000226
AGTATCCATAATAACG-1,0.519489,0.452647,0.027863
AGTCAACACCACCATC-1,0.805295,0.194192,0.000513
AGTCACTCCGCCTCAT-1,0.681693,0.274079,0.044228
AGTCAGCCACCGCCTG-1,0.465935,0.533925,0.00014
AGTCCAGCGGGTACGT-1,0.600232,0.392095,0.007672
AGTCCATTGGCTGATG-1,0.689523,0.310369,0.000108
AGTCCCGCCTTTAATT-1,0.655379,0.34417,0.000451
AGTCCCTCGCAGAAAG-1,0.241157,0.603377,0.155465
AGTCGACGGTCTCAAG-1,0.808271,0.191644,0.000085
AGTCGGCCCAAACGAC-1,0.323141,0.676089,0.00077
AGTCGGCTCAACTTTA-1,0.968737,0.000721,0.030542
AGTCGGTTGCGTGAGA-1,0.279531,0.720395,0.000075
AGTCTAAAGTATACTC-1,0.004625,0.994449,0.000926
AGTCTGGACATCCTTG-1,0.376268,0.623501,0.000231
AGTGAACAAACTTCTC-1,0.558188,0.44171,0.000102
AGTGAAGATGGTGTCC-1,0.017502,0.769672,0.212826
AGTGACCTACTTTACG-1,0.384218,0.413801,0.201981
AGTGAGACTTCCAGTA-1,0.996636,0.00004,0.003324
AGTGAGCCTCGCCGCC-1,0.167469,0.751112,0.081419
AGTGAGGGTTTCTGAC-1,0.59483,0.403519,0.001651
AGTGATATGAGTAGTT-1,0.48149,0.517062,0.001448
AGTGATTCAAGCAGGA-1,0.488656,0.44835,0.062994
AGTGCGTAGCTCGTAA-1,0.805367,0.194104,0.000529
AGTGCTTGCACGAATA-1,0.936223,0.038581,0.025196
AGTGGCGGCAATTTGA-1,0.126802,0.873102,0.000096
AGTGGCTCCGTCGGCC-1,0.270545,0.541709,0.187746
AGTGGGAGTATACACG-1,0.904669,0.047697,0.047634
AGTGGTGTTACCCGTG-1,0.89941,0.057765,0.042825
AGTGGTTGCGTATAGG-1,0.61452,0.313832,0.071648
AGTGTATTGCGCATTG-1,0.705262,0.293531,0.001207
AGTGTGCTAAGATCGC-1,0.273819,0.52282,0.203361
AGTGTGGTCTATTGTG-1,0.777112,0.222755,0.000133
AGTTAAACACTTGCGA-1,0.715051,0.234043,0.050906
AGTTAAGCGGTCCCGG-1,0.244387,0.652107,0.103506
AGTTACCCTTAAGACT-1,0.004781,0.890049,0.10517
AGTTACCGCACATGGT-1,0.185943,0.812219,0.001838
AGTTACTCTATCGTGG-1,0.5927,0.329162,0.078138
AGTTCACCGGTTGGAC-1,0.255699,0.743734,0.000567
AGTTCCTACAGAATTA-1,0.589278,0.402337,0.008384
AGTTCTGCGTTGTATC-1,0.517991,0.48194,0.00007
AGTTGACATCGGCTGG-1,0.683389,0.316386,0.000225
AGTTGCTGACTGATAT-1,0.482943,0.51696,0.000097
AGTTTATGTAAAGACA-1,0.185523,0.813279,0.001197
AGTTTGGCACGGGTTG-1,0.732582,0.221002,0.046416
AGTTTGGCCAGACCTA-1,0.479694,0.264772,0.255534
ATAAAGGCTCGGTCGT-1,0.501368,0.472078,0.026554
ATAAAGGTCAAGTACG-1,0.883987,0.069849,0.046164
ATAAATATTAGCAGCT-1,0.823359,0.176578,0.000063
ATAACGCCGGAGGGTC-1,0.820678,0.129623,0.049699
ATAACGGAGTCCAACG-1,0.730013,0.222242,0.047745
ATAACGTTACCTCCAC-1,0.599608,0.398218,0.002174
ATAAGCAAACACCGAG-1,0.472426,0.337682,0.189892
ATAAGTACCCGATTGT-1,0.686564,0.31144,0.001996
ATAAGTAGGATTCAGA-1,0.233534,0.730051,0.036416
ATAAGTAGGGCGACTC-1,0.205257,0.794627,0.000115
ATAAGTTACCGCGACG-1,0.339978,0.657668,0.002354
ATAATACCGTTAGCCG-1,0.003736,0.995517,0.000747
ATAATAGTGTAGGGAC-1,0.721339,0.278572,0.000089
ATACCACGGGCAACTT-1,0.396508,0.600932,0.00256
ATACCCTGGCTCAAAT-1,0.595549,0.404182,0.000268
ATACCGTCATCCATAA-1,0.684967,0.202103,0.11293
ATACGAAGGCTTTCCA-1,0.017083,0.979493,0.003424
ATACGCCGGCGAAACC-1,0.877024,0.097678,0.025298
ATACGGGTTTCGATTG-1,0.342902,0.558289,0.098808
ATACGGTGAAGATGCA-1,0.000361,0.733333,0.266306
ATACGTCCACTCCTGT-1,0.795493,0.179601,0.024907
ATACTCTCGCCACTCT-1,0.504167,0.495555,0.000279
ATACTTGTTCTCGAGC-1,0.017105,0.814529,0.168365
ATAGACAACGGGACCT-1,0.27479,0.708887,0.016324
ATAGACGAAGAGAAAG-1,0.348986,0.611981,0.039033
ATAGAGTACTGGGACA-1,0.737868,0.262026,0.000106
ATAGAGTTATCAACTT-1,0.374012,0.54691,0.079077
ATAGCCTCAGTACCCA-1,0.548679,0.450041,0.00128
ATAGCTGCTCTTGTTA-1,0.154095,0.770768,0.075137
ATAGGAATCTAAGCTT-1,0.753977,0.192929,0.053094
ATAGGCGGCTATAGAA-1,0.210416,0.557356,0.232228
ATAGGCTAGCTTCGCA-1,0.282277,0.717275,0.000448
ATAGGGATATCCTTGA-1,0.596406,0.374259,0.029335
ATAGTCTTTGACGTGC-1,0.816301,0.034269,0.14943
ATAGTGAAGCGTTCTC-1,0.678125,0.321761,0.000113
ATAGTTCCACCCACTC-1,0.430115,0.545731,0.024153
ATATCAACCTACAGAG-1,0.264494,0.64551,0.089996
ATATCGGTAGGGAGAT-1,0.111086,0.881048,0.007867
ATATCGTGCCAGACCC-1,0.852432,0.000247,0.147321
ATATCTCCCTCGTTAA-1,0.722828,0.276383,0.000789
ATATCTTAGGGCCTTC-1,0.886848,0.113074,0.000078
ATATGTCTCCCTAGCC-1,0.312618,0.614265,0.073117
ATATGTGCACAAACCA-1,0.60238,0.233842,0.163778
ATATTATCCCGTATTT-1,0.568632,0.42643,0.004937
ATATTCAGTTAAACCT-1,0.023897,0.773853,0.20225
ATATTGCTGTCAAAGT-1,0.396515,0.603353,0.000132
ATATTTAACCCTCAAG-1,0.832562,0.167381,0.000057
ATCAAACACTGTTCCA-1,0.574605,0.386757,0.038638
ATCAAACGAAGGTTTG-1,0.67351,0.217633,0.108857
ATCACATTAGAATATC-1,0.466024,0.457284,0.076691
ATCACGTGCTAATTAA-1,0.766989,0.230448,0.002563
ATCACTTCATCCTCGC-1,0.747358,0.227664,0.024978
ATCAGACGGCACGCCG-1,0.80357,0.195709,0.000721
ATCAGGTAGCTGACAG-1,0.003818,0.99542,0.000763
ATCAGGTCGCCATTGC-1,0.877398,0.121272,0.00133
ATCAGTAGGCAGGGAT-1,0.331411,0.668472,0.000117
ATCATCCAATATTTGT-1,0.905083,0.094602,0.000315
ATCATCTGCCCAGTGT-1,0.903661,0.071423,0.024917
ATCATGGACTACCGAC-1,0.38384,0.613725,0.002435
ATCCAACGCAGTCATA-1,0.656766,0.343211,0.000023
ATCCAATGGAGGGTCC-1,0.534255,0.314734,0.151011
ATCCAATGGTACCGAA-1,0.421571,0.493223,0.085207
ATCCACGCTAAATGTT-1,0.60426,0.269824,0.125916
ATCCACTTTCAGACTA-1,0.730352,0.268199,0.001449
ATCCAGAGCAACAACC-1,0.828361,0.070555,0.101084
ATCCAGGATTCGTGAA-1,0.472226,0.407059,0.120715
ATCCTACCTAAGCTCT-1,0.853411,0.146186,0.000403
ATCCTGAATCGCTGCG-1,0.210019,0.410405,0.379575
ATCCTGCGTGGAATGG-1,0.570302,0.386504,0.043195
ATCCTTCTGAAAGAAC-1,0.577022,0.303435,0.119544
ATCGCACGATTGTTCA-1,0.323492,0.676334,0.000174
ATCGCACGCCGGGAGA-1,0.964361,0.035585,0.000054
ATCGCCAGTCAACATT-1,0.424063,0.546922,0.029015
ATCGCTGCGTGCAGCA-1,0.228131,0.769589,0.002279
ATCGCTTTACGTCTCA-1,0.276644,0.642063,0.081292
ATCGGCAAGCAGTCCA-1,0.419437,0.578873,0.00169
ATCGGTTACCTAGTAA-1,0.662677,0.317677,0.019646
ATCGTATTCCGAGAAC-1,0.198224,0.797881,0.003895
ATCGTCCAATCGAGTC-1,0.322326,0.676625,0.001049
ATCGTTCACTTTCGCC-1,0.648831,0.348605,0.002564
ATCTAACGTCCCTATG-1,0.51542,0.48264,0.00194
ATCTATCGATGATCAA-1,0.378203,0.257064,0.364733
ATCTCCCTGCAATCTA-1,0.718678,0.252005,0.029317
ATCTCGTGAGCGAAAC-1,0.581458,0.36391,0.054632
ATCTGATAGTGTCTTA-1,0.110327,0.8868,0.002873
ATCTGCACCTCTGCGA-1,0.083987,0.863194,0.052819
ATCTGGTTAAGACTGT-1,0.77121,0.207921,0.020869
ATCTTGACCTGCAACG-1,0.339951,0.625881,0.034168
ATCTTGACTTGTCCAA-1,0.70909,0.290799,0.000111
ATCTTTCGTATAACCA-1,0.123435,0.873908,0.002658
ATGAAGCCAAGGAGCC-1,0.819501,0.17522,0.005279
ATGAAGTGGACCCAGC-1,0.344491,0.649441,0.006068
ATGAGGAGTGTTAATC-1,0.000331,0.999603,0.000066
ATGAGGGCAGCGGCTA-1,0.49298,0.506854,0.000165
ATGATCGGGAATAGAC-1,0.893499,0.071936,0.034565
ATGATGCAATGGTACA-1,0.64113,0.35611,0.002761
ATGCACCTTCCTTAAT-1,0.153157,0.843854,0.002989
ATGCACTACCGCATTG-1,0.556089,0.44364,0.000271
ATGCCAATCGCTCTGC-1,0.554316,0.444414,0.00127
ATGCCATTTGCGACCA-1,0.837958,0.12411,0.037932
ATGCCGGTCTTGCATA-1,0.882519,0.099132,0.018349
ATGCCGGTTGATGGGA-1,0.608066,0.362441,0.029493
ATGCGACAATTGGTCC-1,0.472718,0.436581,0.090701
ATGCGACAGTCCCATT-1,0.615803,0.089409,0.294789
ATGCGAGTCCCACCAC-1,0.920385,0.079546,0.00007
ATGCTCAGTGTTGCAT-1,0.150233,0.849613,0.000153
ATGGAACCTTTGCACA-1,0.163909,0.831312,0.004779
ATGGATCCGGCGTCCG-1,0.439233,0.560552,0.000215
ATGGATTGACCAAACG-1,0.903444,0.043809,0.052748
ATGGCAGCCGAGAAAC-1,0.164675,0.806599,0.028726
ATGGCGGAATAGTCGC-1,0.089346,0.909834,0.00082
ATGGCTGGAAATGGCC-1,0.563464,0.003417,0.433119
ATGGGAACGGAAGCGG-1,0.998535,0.000732,0.000732
ATGGGCCTCGGCCTCT-1,0.99014,0.000042,0.009818
ATGGTCGCGTGGTTTC-1,0.999814,0.000093,0.000093
ATGGTTACGAAACATG-1,0.707519,0.291471,0.00101
ATGTAAGGCTGCTCTT-1,0.001853,0.935238,0.062909
ATGTCATTTCCCATTG-1,0.06505,0.86775,0.0672
ATGTGAAAGCCTAATG-1,0.511236,0.453246,0.035518
ATGTGCATCCGACGCA-1,0.915881,0.073712,0.010408
ATGTTACGAGCAATAC-1,0.300438,0.699416,0.000146
ATGTTCCTGCCCACCT-1,0.250149,0.748926,0.000925
ATGTTCGTCGACCCAC-1,0.038348,0.618612,0.34304
ATGTTTCGGCCCGGAG-1,0.135734,0.863757,0.000508
ATTAAACATGCGGACC-1,0.758027,0.201625,0.040348
ATTAAAGCGGACGAGC-1,0.986349,0.006837,0.006814
ATTAACACCTGAGATA-1,0.079686,0.904373,0.015942
ATTAATACTACGCGGG-1,0.842407,0.000391,0.157202
ATTAATGAACCAGTCG-1,0.55768,0.409293,0.033027
ATTACAACTACCGGCC-1,0.423383,0.576142,0.000475
ATTACATGTCAGTCTT-1,0.726713,0.273187,0.000099
ATTACCACACTGCCTG-1,0.366107,0.550253,0.083639
ATTACGACTCCACAGT-1,0.265591,0.575201,0.159208
ATTACGCGCTGGCAGG-1,0.428071,0.332632,0.239297
ATTACTAGCCTCTTGC-1,0.615036,0.332685,0.052279
ATTACTTACTGGGCAT-1,0.363517,0.635327,0.001156
ATTAGATTCCTCAGCA-1,0.341065,0.592733,0.066202
ATTAGATTGATAGCGG-1,0.882878,0.085981,0.031141
ATTATACTTTGCTCGT-1,0.604845,0.394931,0.000224
ATTATAGCTACTTTAC-1,0.05221,0.947356,0.000434
ATTATGCCATAGGGAG-1,0.999843,0.000079,0.000079
ATTCAAAGTACCTGTT-1,0.231725,0.766101,0.002174
ATTCAGGACCTATTTC-1,0.956372,0.037665,0.005963
ATTCAGTAGCAGGGTC-1,0.001694,0.846613,0.151693
ATTCATATACTGTCCA-1,0.565983,0.328814,0.105203
ATTCCCACATAAACAA-1,0.002447,0.997063,0.00049
ATTCCTAAGACGTGGA-1,0.462883,0.533439,0.003678
ATTCCTCCGCCAGTGC-1,0.421504,0.528438,0.050059
ATTCCTTCCAGGCGGT-1,0.563394,0.436225,0.000381
ATTCGACGCCGGGCCT-1,0.696351,0.30346,0.000189
ATTCGCAGAGGACACT-1,0.788678,0.003985,0.207336
ATTCGTGCTATCTCTT-1,0.208484,0.778121,0.013394
ATTCTGAGTATGAACT-1,0.829524,0.13591,0.034566
ATTCTTCGTACTTATG-1,0.850903,0.148688,0.000409
ATTGAAGATCTTAGTG-1,0.649021,0.350813,0.000166
ATTGACCGGCGATGAC-1,0.345948,0.652558,0.001494
ATTGACGTAACTCGGT-1,0.63979,0.222458,0.137753
ATTGATAGCAACGAGA-1,0.164315,0.835307,0.000378
ATTGATGAGTCCTAAC-1,0.351625,0.590744,0.057631
ATTGCTGCTCCTCCAT-1,0.52998,0.446194,0.023826
ATTGGGAGTTCTGTAA-1,0.999545,0.000227,0.000228
ATTGGTAGGATCCGCT-1,0.009446,0.932064,0.05849
ATTGTACAACTCGGCT-1,0.531863,0.468075,0.000061
ATTGTCGCAATACCTT-1,0.404784,0.439108,0.156108
ATTGTGACTTCGCTGC-1,0.691597,0.165575,0.142828
ATTGTTCAACGATCCG-1,0.550428,0.449484,0.000089
ATTTAACTCGTATTAC-1,0.999811,0.000094,0.000095
ATTTACAGTTTACTGG-1,0.425902,0.574026,0.000071
ATTTACTAAGTCCATT-1,0.004193,0.951827,0.04398
ATTTCATTATTTCGCG-1,0.999362,0.000319,0.000319
ATTTGTCTTGGGAGCT-1,0.907727,0.080601,0.011672
ATTTGTTCCAGGGCTC-1,0.616433,0.306197,0.07737
CAAACCAGGTCTGCAT-1,0.579634,0.403036,0.017329
CAAACGAGTATCGCAG-1,0.756482,0.243359,0.000159
CAAACGGTCGCACTTT-1,0.498943,0.501017,0.000041
CAAACGTGGTCTTGCG-1,0.823118,0.110613,0.066269
CAAACTACGATAGAGA-1,0.760546,0.237965,0.001489
CAAACTATTGAGCTTC-1,0.421328,0.57713,0.001542
CAAACTCGCGACGCCG-1,0.436527,0.536108,0.027364
CAAAGGTCATCTGAAA-1,0.2001,0.722091,0.077808
CAAAGGTTAAATTCAG-1,0.873195,0.041231,0.085574
CAAAGTCAGGTTAGCT-1,0.149668,0.849903,0.000429
CAAATCTCTCACAAGG-1,0.013262,0.231437,0.755301
CAAATGTCCTTCCGTG-1,0.532924,0.466612,0.000465
CAAATTGGATTATGCC-1,0.477972,0.36307,0.158958
CAAATTGTCAGCAAGC-1,0.835395,0.066252,0.098353
CAACACATCTCCTGCC-1,0.14239,0.853379,0.004231
CAACATGGCCTGATAA-1,0.473592,0.48309,0.043318
CAACCGCACCTAGACA-1,0.393142,0.605564,0.001294
CAACCTGAACCTGCCA-1,0.17837,0.660342,0.161287
CAACGACCCGTTTACA-1,0.93392,0.065999,0.000081
CAACGGTTCTTGATAC-1,0.463731,0.513968,0.022301
CAACGTGGTGGAGTCT-1,0.497214,0.385325,0.117462
CAACTATATCGAATGC-1,0.714241,0.285471,0.000288
CAACTCCAACGTTTAG-1,0.999615,0.000192,0.000192
CAACTCCGTAACTTGC-1,0.467907,0.530598,0.001495
CAACTCCTTGATCCCG-1,0.700131,0.299754,0.000116
CAACTGAGGGTATGAC-1,0.472794,0.524814,0.002392
CAACTTGTAGTGGGCA-1,0.83564,0.116307,0.048053
CAAGAAACCCTAAACT-1,0.903616,0.071996,0.024388
CAAGACTCAGAAGCGC-1,0.331808,0.666169,0.002023
CAAGCAACGTCGGAGT-1,0.159617,0.840329,0.000053
CAAGCACCAAATGCCT-1,0.66889,0.097552,0.233558
CAAGGGAGTGTATTTG-1,0.636633,0.363129,0.000238
CAAGGTCCTATAGGCT-1,0.024547,0.975337,0.000116
CAAGTGTGGTTGCAAA-1,0.746246,0.236637,0.017117
CAATAAACCTTGGCCC-1,0.869752,0.099181,0.031067
CAATACGAGAGTCTGA-1,0.197811,0.676879,0.12531
CAATACGCTCTGAGGC-1,0.500472,0.276423,0.223105
CAATATGTAGATTTAC-1,0.928424,0.000259,0.071318
CAATATTGGACTAGTG-1,0.412673,0.541924,0.045403
CAATCCCTATACCAGC-1,0.08548,0.914334,0.000186
CAATCCTGCCGTGGAG-1,0.251396,0.706619,0.041985
CAATGAGGTTCGACTA-1,0.513003,0.486687,0.00031
CAATGGAATCTACATA-1,0.619693,0.378599,0.001708
CAATGGATCTCTACCA-1,0.142062,0.715864,0.142074
CAATGTGCCAACCCTT-1,0.25323,0.746635,0.000135
CAATTTGACCGGGAAG-1,0.353662,0.644565,0.001773
CACAAGAAAGATATTA-1,0.592996,0.405623,0.001382
CACAATGAGCTGCTAT-1,0.677227,0.282684,0.040088
CACACAGCTTGCGCTC-1,0.442635,0.420405,0.136961
CACACAGGGATAGATT-1,0.005232,0.838473,0.156294
CACACGCGCTGTCTTA-1,0.382568,0.581786,0.035646
CACACGTTTCAATGGG-1,0.996672,0.003049,0.000279
CACACTTGTATTGCGA-1,0.540688,0.456839,0.002473
CACAGCACCCACGGCA-1,0.908652,0.091296,0.000052
CACAGTTCGCTTCCCA-1,0.412462,0.551124,0.036413
CACATAAGGCGACCGT-1,0.732495,0.173327,0.094178
CACATGTTTGGACATG-1,0.497103,0.502583,0.000314
CACATTCTTTCGATGG-1,0.432154,0.565239,0.002607
CACATTTCTTGTCAGA-1,0.381206,0.618671,0.000123
CACCACGCCACACAGA-1,0.454657,0.34971,0.195633
CACCATGATCGCAAAG-1,0.535018,0.382591,0.082391
CACCCAAATCTTATGT-1,0.450969,0.548932,0.000099
CACCCACACGTCACCC-1,0.872991,0.126902,0.000107
CACCCACGAGGCAATT-1,0.552737,0.446977,0.000285
CACCCGGTTTGTGACT-1,0.735504,0.211053,0.053443
CACCCTTTCCTCGCTC-1,0.81237,0.102999,0.08463
CACCGATACACCGAGC-1,0.793727,0.20601,0.000263
CACCGCCAGAAGGTTT-1,0.99994,0.00003,0.00003
CACCGCCGACCAGCGA-1,0.838624,0.089482,0.071894
CACCGCGTCCACTCTA-1,0.680438,0.318618,0.000944
CACCGGAGATATCTCC-1,0.907194,0.045694,0.047112
CACCGTATCCCATCCG-1,0.752374,0.161287,0.086339
CACCGTTAGGGATCAC-1,0.731614,0.217755,0.050631
CACCGTTGCGCGATAT-1,0.484448,0.336302,0.17925
CACCTAATAGAGTCGT-1,0.223921,0.775967,0.000112
CACCTAATCAGTTTAC-1,0.682421,0.247892,0.069687
CACCTCGATGGTGGAC-1,0.717107,0.282741,0.000152
CACCTTGCGAAACTCG-1,0.550407,0.449491,0.000102
CACCTTGGCGCCTTTG-1,0.408702,0.591203,0.000095
CACGAAAGTTAGTCCC-1,0.792708,0.20711,0.000182
CACGACGTAATAGTAA-1,0.702997,0.239444,0.05756
CACGCACAGCGCAGCT-1,0.854019,0.120678,0.025303
CACGCAGCGAGGCTTT-1,0.715818,0.284129,0.000053
CACGCGGAACTGTTGC-1,0.754434,0.22817,0.017395
CACGGACGTGGATGGC-1,0.426363,0.573062,0.000574
CACGGCGCGCCAAAGG-1,0.785439,0.214502,0.000059
CACGGGATTGAGGGTT-1,0.056239,0.774577,0.169183
CACGTCGGCAACCTCT-1,0.999487,0.000257,0.000257
CACGTCGGGTTCTAGA-1,0.470869,0.524177,0.004954
CACGTCTATGATGTGG-1,0.999329,0.000336,0.000336
CACGTTCGTGCTCTAG-1,0.854374,0.109423,0.036204
CACTAAAGTTGCCTAT-1,0.371756,0.521027,0.107217
CACTACTCAGTTCTGT-1,0.886944,0.015239,0.097817
CACTCAAGAGCTATGG-1,0.577746,0.400894,0.02136
CACTCAGCTCTTGAGG-1,0.805165,0.19433,0.000505
CACTCCTCTCGGTCGG-1,0.618637,0.331662,0.0497
CACTCGGTTAGGAGGA-1,0.050912,0.707421,0.241667
CACTGTCCAAGTGAGA-1,0.736719,0.23615,0.027131
CACTTAATCAGACGGA-1,0.698426,0.30136,0.000214
CACTTCGCCACAGGCT-1,0.192005,0.764708,0.043287
CACTTCGTCTTATCTC-1,0.012157,0.985409,0.002434
CAGAATAACACACGGA-1,0.755952,0.186654,0.057394
CAGAATATTCGTTATC-1,0.404989,0.594804,0.000206
CAGACCTGTAAGTGTT-1,0.412811,0.587064,0.000125
CAGACGAACCTGATAC-1,0.782601,0.206495,0.010905
CAGAGCATGAGCTTGC-1,0.952434,0.00554,0.042026
CAGAGTGATTTAACGT-1,0.998993,0.000504,0.000503
CAGATACTAACATAGT-1,0.271461,0.712982,0.015557
CAGATCATTTAAAGTC-1,0.377728,0.540602,0.08167
CAGCAGCCCGTTCCTT-1,0.999853,0.000073,0.000073
CAGCAGTCCAGACTAT-1,0.765405,0.166126,0.068469
CAGCCGGGCCCTCTAT-1,0.707583,0.292204,0.000213
CAGCCTCCTGCAGAGG-1,0.844625,0.146647,0.008728
CAGCCTCTCCTCAAGA-1,0.695129,0.270856,0.034015
CAGCGCCAACACGATA-1,0.295439,0.666081,0.03848
CAGCTCACTGAGACAT-1,0.997785,0.002156,0.000059
CAGCTCGACAAGTTAA-1,0.208206,0.75065,0.041144
CAGCTCGTGCTTGTGT-1,0.999873,0.000064,0.000064
CAGCTGGCGTAACCGT-1,0.626773,0.343427,0.0298
CAGCTTAGTAGGTAGC-1,0.356469,0.643363,0.000167
CAGGAAGACTTTATAT-1,0.619918,0.379306,0.000775
CAGGACAGCTGCCCTT-1,0.194936,0.750774,0.05429
CAGGATATATCGTTGT-1,0.649842,0.253393,0.096765
CAGGCCGTTTGGGTGT-1,0.128421,0.666375,0.205205
CAGGGCTAACGAAACC-1,0.437751,0.561577,0.000671
CAGGTTTAGTACTACA-1,0.994684,0.00266,0.002656
CAGTAACTATTTATTG-1,0.611253,0.38541,0.003338
CAGTAATCCCTCCCAG-1,0.302185,0.697686,0.000129
CAGTACATTCTCTAAA-1,0.426144,0.519577,0.054279
CAGTACCAGTTTACGT-1,0.999758,0.000121,0.000121
CAGTAGATGATGTCCG-1,0.101502,0.814348,0.08415
CAGTAGCCCACGCGGT-1,0.56354,0.424903,0.011557
CAGTAGCGAGGTAGTA-1,0.840236,0.159646,0.000118
CAGTCCAACGCCTTCT-1,0.713943,0.24444,0.041617
CAGTCGAGGATGCAAT-1,0.207214,0.724501,0.068285
CAGTCGGCCTAGATAT-1,0.322112,0.676533,0.001355
CAGTCTCTCGGCTAAT-1,0.511714,0.452978,0.035309
CAGTGAATAAATGACT-1,0.541134,0.406418,0.052447
CAGTGGTTGCACATGA-1,0.265911,0.733849,0.000241
CAGTGTCCGCAGAATG-1,0.621096,0.378771,0.000133
CAGTTCAAATTGACAC-1,0.605343,0.394546,0.000111
CAGTTCCGCGGGTCGA-1,0.220664,0.749841,0.029495
CATAACGGACAGTCGT-1,0.343065,0.637179,0.019757
CATAAGCTCTCCGTCT-1,0.693448,0.303217,0.003336
CATACAAAGCCGAACC-1,0.856212,0.143525,0.000263
CATACCCGTACCCAGT-1,0.447422,0.468973,0.083605
CATACGGGTGCATGAT-1,0.525639,0.474182,0.000179
CATACTATGTAATTGT-1,0.583999,0.415818,0.000182
CATACTTAGGCAATAC-1,0.261823,0.73807,0.000106
CATAGCCGCCCGGGAT-1,0.235333,0.762492,0.002174
CATAGTACATTGAGAG-1,0.437327,0.440532,0.122141
CATAGTAGCATAGTAG-1,0.894538,0.105372,0.00009
CATAGTCCACAAGAAC-1,0.680673,0.180788,0.138538
CATATACTACTGATAA-1,0.765988,0.233494,0.000518
CATATAGGTACAGTCA-1,0.473628,0.468898,0.057474
CATATGTCAGGCTACG-1,0.812943,0.185545,0.001512
CATATTATTTGCCCTA-1,0.464094,0.468226,0.067681
CATCAAACTGGCGCCC-1,0.773004,0.162554,0.064442
CATCAACACCTACTAA-1,0.023876,0.971354,0.00477
CATCATCTACCCGGAC-1,0.646802,0.253106,0.100092
CATCCGCAGGCCCGAA-1,0.279706,0.686741,0.033552
CATCGAATGGATCTCT-1,0.511076,0.461787,0.027137
CATCGCCCGCGGCCAA-1,0.98636,0.013587,0.000053
CATCGGACGGGTTAAT-1,0.88243,0.117507,0.000063
CATCGTCCGGTTACTA-1,0.609481,0.242166,0.148354
CATCTACCCGAGAACG-1,0.470144,0.278704,0.251152
CATCTAGTGAAGGGAA-1,0.202853,0.67138,0.125766
CATCTATCCCGTGTCT-1,0.498832,0.500454,0.000714
CATCTGCAGGATCATT-1,0.169217,0.665481,0.165302
CATCTTACACCACCTC-1,0.27579,0.700208,0.024002
CATGAACCGACATTTG-1,0.96035,0.032228,0.007423
CATGACTTCGCTGAAT-1,0.42157,0.550459,0.027972
CATGATGCACAATTCT-1,0.664514,0.280638,0.054848
CATGATGGAAGTTAGC-1,0.191033,0.808882,0.000085
CATGCACGTGTTACTG-1,0.762141,0.129555,0.108304
CATGCATGGAGACCCT-1,0.728194,0.088421,0.183385
CATGCCAACTCGCAAA-1,0.553194,0.445011,0.001795
CATGCGACCAGTTTAA-1,0.135437,0.813801,0.050762
CATGGAAATGGGACCA-1,0.896749,0.102348,0.000903
CATGGCAGGAAGATCG-1,0.966375,0.000899,0.032727
CATGGCTCCCTATGTC-1,0.000237,0.92067,0.079093
CATGGGTCGGGTGTGG-1,0.32372,0.588983,0.087296
CATGTAGGAGCGCCAA-1,0.403563,0.595122,0.001315
CATTACATAGATTGTG-1,0.083564,0.700529,0.215907
CATTATGCTTGTTGTG-1,0.840905,0.14292,0.016175
CATTCAGGTCAGTGCG-1,0.729371,0.270512,0.000117
CATTCCCATTCCGTCG-1,0.531185,0.449224,0.019591
CATTCCCTAAGTACAA-1,0.215764,0.753231,0.031005
CATTGATGAACACGCC-1,0.160532,0.51066,0.328809
CATTGCGAAATGGGCG-1,0.000255,0.803651,0.196093
CATTGCGGGTCAATTC-1,0.307874,0.690921,0.001205
CATTGTGTGCTAGATC-1,0.443366,0.555917,0.000717
CATTTAGCGGACCATG-1,0.466076,0.506801,0.027123
CATTTATCGTTCAAGA-1,0.774756,0.178949,0.046295
CATTTCTAGCAGACTA-1,0.479082,0.520702,0.000216
CATTTGAGTGGTACGT-1,0.860239,0.12988,0.009881
CCAAACAGAACCCTCG-1,0.814846,0.185071,0.000083
