Barcode,Topic 1,Topic 2,Topic 3,Topic 4,Topic 5,Topic 6,Topic 7,Topic 8,Topic 9
AAACAACGAATAGTTC-1,0.000576,0.414465,0.269174,0.312905,0.000576,0.000576,0.000576,0.000576,0.000576
AAACAAGTATCTCCCA-1,0.000032,0.032985,0.000032,0.466878,0.000032,0.000032,0.023659,0.425739,0.050612
AAACAATCTACTAGCA-1,0.001389,0.00139,0.045495,0.483228,0.00139,0.00139,0.00139,0.462938,0.00139
AAACACCAATAACTGC-1,0.000028,0.03865,0.011464,0.37412,0.398387,0.000628,0.062604,0.087283,0.026837
AAACAGCTTTCAGAAG-1,0.000061,0.01116,0.014384,0.889203,0.000061,0.000061,0.000061,0.025002,0.060004
AAACAGGGTCTATATT-1,0.000022,0.001594,0.000705,0.029282,0.151734,0.026525,0.011515,0.063862,0.714762
AAACATTTCCCGGATT-1,0.000033,0.078372,0.007043,0.310582,0.060697,0.012865,0.123476,0.024796,0.382137
AAACCCGAACGAAATC-1,0.000028,0.103221,0.26957,0.096276,0.105005,0.034759,0.045911,0.250723,0.094506
AAACCGGAAATGTTAA-1,0.000026,0.01556,0.002092,0.180893,0.076923,0.166386,0.161791,0.091344,0.304985
AAACCGGGTAGGTACC-1,0.000059,0.101836,0.021348,0.63212,0.000059,0.000059,0.023901,0.084585,0.136034
AAACCGTTCGTCCAGG-1,0.000026,0.148629,0.000026,0.136794,0.148401,0.030694,0.039635,0.379825,0.11597
AAACCTAAGCAGCCGG-1,0.00007,0.157213,0.00007,0.825453,0.00007,0.00007,0.000224,0.015678,0.001152
AAACCTCATGAAGTTG-1,0.000025,0.000025,0.000025,0.015072,0.237531,0.042552,0.019074,0.070772,0.614925
AAACGAAGAACATACC-1,0.000206,0.262382,0.000206,0.441684,0.000206,0.000206,0.118424,0.000206,0.17648
AAACGAAGATGGAGTA-1,0.000027,0.03685,0.000027,0.16312,0.044743,0.052782,0.037093,0.58461,0.080748
AAACGAGACGGTTGAT-1,0.000068,0.346884,0.021359,0.358691,0.008912,0.000068,0.009379,0.24095,0.01369
AAACGCTGGGCACGAC-1,0.000153,0.101433,0.000153,0.00107,0.000153,0.000153,0.000153,0.896577,0.000153
AAACGGGCGTACGGGT-1,0.000078,0.000078,0.000078,0.999378,0.000078,0.000078,0.000078,0.000078,0.000078
AAACGGGTTGGTATCC-1,0.000437,0.000438,0.968773,0.028163,0.000438,0.000438,0.000438,0.000438,0.000438
AAACGGTTGCGAACTG-1,0.000058,0.28599,0.000058,0.423651,0.02997,0.000058,0.000058,0.087236,0.172922
AAACGTGTTCGCCCTA-1,0.000027,0.000027,0.341739,0.083314,0.506998,0.0027,0.036992,0.006711,0.021492
AAACTCGGTTCGCAAT-1,0.000033,0.138113,0.005315,0.235552,0.05502,0.004688,0.104834,0.259751,0.196695
AAACTTGCAAACGTAT-1,0.000026,0.00314,0.000026,0.022672,0.088752,0.088519,0.02706,0.210093,0.559712
AAAGAATGTGGACTAA-1,0.00014,0.00014,0.005379,0.00014,0.156149,0.115,0.245327,0.00014,0.477583
AAAGACCCAAGTCGCG-1,0.002415,0.322344,0.002417,0.660737,0.002417,0.002417,0.002417,0.002417,0.002417
AAAGACTGGGCGCTTT-1,0.000038,0.000038,0.000038,0.83235,0.000038,0.005337,0.118546,0.000044,0.04357
AAAGCTTGCCTACATA-1,0.00003,0.077084,0.00003,0.158259,0.216396,0.03176,0.024196,0.479152,0.013092
AAAGGGATGTAGCAAG-1,0.000085,0.178013,0.040226,0.688367,0.000085,0.000085,0.000085,0.002359,0.090696
AAAGGGCAGCTTGAAT-1,0.00004,0.039096,0.015073,0.524165,0.005712,0.03808,0.170649,0.007285,0.199901
AAAGTAGCATTGCTCA-1,0.000019,0.000019,0.000019,0.072916,0.270743,0.080229,0.102759,0.139244,0.334053
AAAGTCACTGATGTAA-1,0.002525,0.002527,0.002527,0.539292,0.002527,0.002527,0.002527,0.002527,0.443021
AAAGTCGACCCTCAGT-1,0.000036,0.06873,0.000861,0.33643,0.042077,0.000994,0.087437,0.051895,0.41154
AAAGTGCCATCAATTA-1,0.00003,0.068181,0.021995,0.499718,0.003982,0.079597,0.226685,0.093976,0.005836
AAAGTGTGATTTATCT-1,0.000067,0.0709,0.00195,0.543759,0.010945,0.000067,0.001233,0.30131,0.069771
AAAGTTGACTCCCGTA-1,0.000029,0.037752,0.000029,0.000029,0.248261,0.028445,0.004644,0.622336,0.058475
AAATAAGGTAGTGCCC-1,0.000018,0.006869,0.000018,0.000018,0.403068,0.007327,0.001822,0.13511,0.445749
AAATAGCTTAGACTTT-1,0.000037,0.022084,0.197089,0.009735,0.064923,0.003812,0.010512,0.359333,0.332474
AAATAGGGTGCTATTG-1,0.000083,0.468143,0.000083,0.33748,0.000083,0.000083,0.000083,0.165576,0.028385
AAATCCGATACACGCC-1,0.000047,0.194558,0.001907,0.781995,0.000047,0.000047,0.000047,0.0086,0.012753
AAATCGCGGAAGGAGT-1,0.000038,0.307327,0.212778,0.315569,0.000038,0.011287,0.036414,0.041286,0.075263
AAATCGTGTACCACAA-1,0.000085,0.345725,0.000085,0.404919,0.000085,0.007572,0.041858,0.193315,0.006356
AAATCTAGCCCTGCTA-1,0.000044,0.148287,0.000044,0.542425,0.000044,0.000044,0.000044,0.309022,0.000044
AAATGACTGATCAAAC-1,0.000463,0.494009,0.26067,0.242542,0.000463,0.000463,0.000463,0.000463,0.000463
AAATGCTCGTTACGTT-1,0.000022,0.003476,0.0002,0.16943,0.048521,0.130541,0.507713,0.009777,0.130321
AAATGGCATGTCTTGT-1,0.00025,0.059972,0.155996,0.78253,0.00025,0.00025,0.00025,0.00025,0.00025
AAATGGCCCGTGCCCT-1,0.00004,0.017891,0.031049,0.34414,0.034672,0.00004,0.01087,0.069919,0.491379
AAATGGTCAATGTGCC-1,0.000038,0.200034,0.000081,0.218024,0.055824,0.011751,0.023806,0.41379,0.076652
AAATGTATCTTATCCC-1,0.000086,0.006197,0.011005,0.279716,0.025773,0.070747,0.057049,0.110085,0.439342
AAATGTGGGTGCTCCT-1,0.000389,0.840215,0.157063,0.000389,0.000389,0.000389,0.000389,0.000389,0.000389
AAATTAACGGGTAGCT-1,0.000051,0.140017,0.000051,0.618274,0.000051,0.001027,0.026148,0.146015,0.068367
AAATTAATAAGCGCGA-1,0.000039,0.000039,0.000039,0.999691,0.000039,0.000039,0.000039,0.000039,0.000039
AAATTACACGACTCTG-1,0.00015,0.158816,0.687237,0.153046,0.00015,0.00015,0.00015,0.00015,0.00015
AAATTACCTATCGATG-1,0.000046,0.181976,0.000046,0.359145,0.034925,0.049944,0.015068,0.354354,0.004494
AAATTCCAGGTCCAAA-1,0.000106,0.000106,0.000106,0.487624,0.000106,0.000106,0.041794,0.038911,0.431139
AAATTGATAGTCCTTT-1,0.000046,0.059887,0.000046,0.605955,0.135983,0.000046,0.028268,0.040702,0.129067
AAATTGCGGCGGTTCT-1,0.000741,0.000741,0.000741,0.99407,0.000741,0.000741,0.000741,0.000741,0.000741
AAATTGGTGAGAAGCA-1,0.000072,0.011381,0.168652,0.407945,0.226291,0.000906,0.056192,0.099123,0.029437
AAATTTGCGGGTGTGG-1,0.000044,0.119511,0.01891,0.303133,0.055731,0.004912,0.01046,0.163846,0.323452
AACAACTGGTAGTTGC-1,0.000045,0.120069,0.043577,0.363403,0.021221,0.013356,0.04106,0.317333,0.079935
AACAATTACTCTACGC-1,0.000034,0.016856,0.040017,0.289694,0.049201,0.036678,0.074746,0.27485,0.217925
AACACACGCTCGCCGC-1,0.000053,0.125687,0.042905,0.386926,0.000053,0.000053,0.000053,0.15352,0.290751
AACACGACTGTACTGA-1,0.000564,0.349813,0.000564,0.646236,0.000564,0.000564,0.000564,0.000564,0.000564
AACACGAGACGCGGCC-1,0.00004,0.007148,0.003402,0.327986,0.043317,0.028753,0.063872,0.331141,0.194341
AACACGCGGCCGCGAA-1,0.000364,0.000365,0.1145,0.882948,0.000365,0.000365,0.000365,0.000365,0.000365
AACAGCTGTGTGGCAA-1,0.000007,0.031369,0.000007,0.003519,0.934276,0.0007,0.002834,0.018645,0.008642
AACAGGAAATCGAATA-1,0.000076,0.032996,0.012953,0.27584,0.076503,0.000076,0.100599,0.034509,0.466449
AACAGGATGGGCCGCG-1,0.000033,0.0288,0.005536,0.178607,0.063193,0.066588,0.016607,0.288253,0.352384
AACAGGTAGTATGGAT-1,0.000032,0.0629,0.021483,0.036295,0.109548,0.032678,0.024982,0.095962,0.616119
AACATAGCGTGTATCG-1,0.000467,0.000467,0.996263,0.000467,0.000467,0.000467,0.000467,0.000467,0.000467
AACATATCAACTGGTG-1,0.000032,0.073682,0.064672,0.216835,0.471529,0.000404,0.037825,0.074073,0.060949
AACATTGGTCAGCCGT-1,0.001821,0.001823,0.171887,0.815355,0.001823,0.001823,0.001823,0.001823,0.001823
AACCAAGACTTCTCTG-1,0.000033,0.035857,0.000033,0.051716,0.069408,0.101022,0.067392,0.049649,0.62489
AACCATGGGATCGCTA-1,0.000042,0.059079,0.000088,0.537823,0.004441,0.000042,0.228694,0.008654,0.161137
AACCCAGAGACGGAGA-1,0.00003,0.067305,0.059142,0.10024,0.27081,0.061524,0.361296,0.022997,0.056656
AACCCATCCCATGATC-1,0.000026,0.053569,0.031721,0.082646,0.166783,0.035874,0.050176,0.223985,0.355221
AACCCGAGCAGAATCG-1,0.000029,0.068397,0.040826,0.403316,0.023649,0.033916,0.139377,0.182347,0.108144
AACCCGCTGTATTCCA-1,0.000132,0.998946,0.000132,0.000132,0.000132,0.000132,0.000132,0.000132,0.000132
AACCCTACTGTCAATA-1,0.000032,0.088873,0.003211,0.125328,0.099693,0.012457,0.011699,0.296138,0.36257
AACCCTGGTGGAACCA-1,0.000903,0.212839,0.000904,0.765922,0.000904,0.000904,0.000904,0.015816,0.000904
AACCGAGCTTGGTCAT-1,0.000065,0.58637,0.027527,0.335675,0.009493,0.000065,0.002102,0.000065,0.038638
AACCGCTAAGGGATGC-1,0.000044,0.299045,0.000044,0.176602,0.063972,0.000044,0.00531,0.165133,0.289806
AACCGTTGTGTTTGCT-1,0.00463,0.679553,0.004633,0.004633,0.004633,0.004633,0.004633,0.004633,0.288019
AACCTAAAGCCGTCCG-1,0.000132,0.000132,0.000132,0.000132,0.249503,0.000132,0.000132,0.450946,0.298758
AACCTCGCTTTAGCCC-1,0.000037,0.151618,0.027702,0.118982,0.072515,0.072172,0.040296,0.091766,0.424912
AACCTGTCACGGAATT-1,0.000107,0.133748,0.000107,0.395892,0.000107,0.007842,0.042604,0.302278,0.117314
AACCTTTAAATACGGT-1,0.000155,0.317387,0.563616,0.000155,0.000155,0.000155,0.000155,0.00162,0.116603
AACGAAAGTCGTCCCA-1,0.000045,0.11184,0.251028,0.353503,0.046562,0.000045,0.089421,0.023878,0.123679
AACGACCTCCTAGCCG-1,0.000306,0.085347,0.000306,0.629419,0.000306,0.000306,0.000306,0.000306,0.283396
AACGATAATGCCGTAG-1,0.000021,0.965451,0.000117,0.000021,0.022789,0.000021,0.000021,0.011538,0.000021
AACGATAGAAGGGCCG-1,0.000075,0.000075,0.000075,0.92902,0.000075,0.000075,0.031951,0.000075,0.038582
AACGCGAACGGCAACA-1,0.000224,0.000224,0.000224,0.99821,0.000224,0.000224,0.000224,0.000224,0.000224
AACGCGGTCTCCAGCC-1,0.000104,0.400719,0.020046,0.436148,0.007243,0.000104,0.051492,0.013713,0.07043
AACGCTGTTGCTGAAA-1,0.000072,0.109428,0.024316,0.687379,0.000072,0.000072,0.036488,0.072144,0.070031
AACGGACGTACGTATA-1,0.000033,0.121372,0.010104,0.148976,0.070979,0.009583,0.012141,0.294959,0.331853
AACGGCCATCTCCGGT-1,0.00004,0.119051,0.00004,0.484838,0.092394,0.011241,0.018496,0.194254,0.079647
AACGTACTGTGGGTAC-1,0.000049,0.124852,0.003732,0.179193,0.092804,0.002038,0.026572,0.191003,0.379757
AACGTAGTCTACCCAT-1,0.00045,0.18782,0.12763,0.521888,0.00045,0.00045,0.160411,0.00045,0.00045
AACGTCAGACTAGTGG-1,0.00005,0.219749,0.00005,0.396381,0.00005,0.001672,0.093666,0.270383,0.018
AACGTCATCCGGCTTG-1,0.00011,0.30772,0.006491,0.53466,0.00011,0.00011,0.00011,0.146082,0.004606
AACGTCGCTGCACTTC-1,0.000404,0.063546,0.196838,0.541936,0.000404,0.000404,0.181905,0.000404,0.014158
AACGTGATGAAGGACA-1,0.000669,0.249102,0.018418,0.728462,0.00067,0.00067,0.00067,0.00067,0.00067
AACGTGCGAAAGTCTC-1,0.000076,0.677896,0.023489,0.238647,0.000076,0.003983,0.042731,0.005501,0.0076
AACGTTATCAGCACCT-1,0.00004,0.055794,0.020704,0.435088,0.003187,0.055654,0.321789,0.06812,0.039624
AACGTTCTACCATTGT-1,0.001323,0.363473,0.323488,0.305097,0.001324,0.001324,0.001324,0.001324,0.001324
AACTACCCGTTTGTCA-1,0.00005,0.0092,0.00347,0.423459,0.001811,0.062707,0.009917,0.209475,0.279909
AACTAGCGTATCGCAC-1,0.000247,0.000247,0.000247,0.000247,0.124227,0.039608,0.000247,0.137656,0.697275
AACTCAAGTTAATTGC-1,0.000033,0.218237,0.000033,0.253734,0.001239,0.004265,0.008291,0.500286,0.013881
AACTCCAGAGCGTGTT-1,0.000059,0.103386,0.000059,0.718973,0.000059,0.000059,0.038709,0.017004,0.121689
AACTCGATAAACACGT-1,0.000553,0.000553,0.000553,0.995575,0.000553,0.000553,0.000553,0.000553,0.000553
AACTCGATGGCGCAGT-1,0.000113,0.000113,0.000113,0.061576,0.22949,0.183408,0.523535,0.000113,0.00154
AACTCTCAATAGAGCG-1,0.000043,0.044688,0.033312,0.100421,0.111926,0.015691,0.019159,0.361406,0.313354
AACTCTCAGTGTGCTC-1,0.000049,0.128982,0.010481,0.335308,0.059114,0.000049,0.001311,0.431252,0.033456
AACTGAGTTATACTGA-1,0.000023,0.082724,0.008807,0.2605,0.018982,0.105788,0.128238,0.324245,0.070694
AACTGATATTAGGCCT-1,0.000051,0.104153,0.02414,0.463259,0.009005,0.007322,0.066328,0.011923,0.313818
AACTGGGTCCCGACGT-1,0.000058,0.091871,0.005626,0.354218,0.025287,0.041368,0.012316,0.245833,0.223424
AACTGGTGTGGGCCTT-1,0.000338,0.269744,0.038005,0.569574,0.000338,0.000338,0.01289,0.000338,0.108434
AACTTCTGCGTCTATC-1,0.000045,0.08157,0.000045,0.510546,0.010836,0.124033,0.264203,0.007044,0.001679
AACTTGCCCGTATGCA-1,0.000049,0.173063,0.000049,0.399647,0.000049,0.009462,0.031663,0.266259,0.119758
AACTTGCGTTCTCGCG-1,0.000043,0.091871,0.004796,0.513141,0.000043,0.108873,0.154402,0.126446,0.000385
AACTTTACGGGAGCTT-1,0.000037,0.073296,0.000808,0.770295,0.000037,0.036792,0.030604,0.077043,0.011087
AACTTTAGCTGCTGAG-1,0.000244,0.000244,0.348692,0.515224,0.000244,0.000244,0.081169,0.020248,0.033689
AACTTTCTCGATCATG-1,0.000029,0.005327,0.020563,0.000029,0.229868,0.010149,0.006848,0.145242,0.581945
AAGAAATCACCAGATT-1,0.000092,0.141172,0.00704,0.394048,0.000092,0.000092,0.000092,0.45728,0.000092
AAGAAGGATCAGTTAG-1,0.000011,0.000011,0.000011,0.00792,0.267527,0.326752,0.36524,0.003011,0.029519
AAGACATACGTGGTTT-1,0.000507,0.110568,0.196241,0.690145,0.000508,0.000508,0.000508,0.000508,0.000508
AAGACTAACCCGTTGT-1,0.001048,0.001049,0.001049,0.991609,0.001049,0.001049,0.001049,0.001049,0.001049
AAGAGATGAATCGGTA-1,0.000035,0.055508,0.017926,0.445038,0.005589,0.019849,0.123914,0.205385,0.126756
AAGAGCTCTTTATCGG-1,0.000046,0.731199,0.000047,0.077788,0.014373,0.000242,0.035349,0.00327,0.137686
AAGAGGATGTACGCGA-1,0.000057,0.095751,0.00746,0.441533,0.108961,0.022181,0.007248,0.121939,0.19487
AAGAGGCATGGATCGC-1,0.000089,0.201053,0.011733,0.406769,0.000089,0.000089,0.000089,0.374519,0.005568
AAGAGGCCCTTTGGAA-1,0.00004,0.135698,0.002626,0.753375,0.00004,0.028052,0.024757,0.035081,0.02033
AAGATTGGCGGAACGT-1,0.000058,0.066633,0.010276,0.490233,0.057892,0.000058,0.018988,0.328421,0.027439
AAGCACCCTGCGTATC-1,0.000084,0.180366,0.391239,0.264965,0.000084,0.000084,0.002794,0.000084,0.1603
AAGCATACTCTCCTGA-1,0.000129,0.500114,0.228386,0.076226,0.009084,0.000129,0.000129,0.056232,0.12957
AAGCCGAAGCGGTTTA-1,0.000039,0.006922,0.000039,0.650684,0.000039,0.000039,0.105003,0.120327,0.116907
AAGCCGCTTTACCTTG-1,0.000072,0.029898,0.000072,0.105055,0.177135,0.001132,0.062298,0.245348,0.378989
AAGCCGGAGAGCAGGA-1,0.00002,0.015175,0.00002,0.160684,0.132162,0.248524,0.310242,0.064064,0.069109
AAGCGCAGGGCTTTGA-1,0.000037,0.018163,0.012775,0.203282,0.033054,0.067976,0.051526,0.03308,0.580107
AAGCGTCCCTCATCGA-1,0.000029,0.102295,0.000029,0.21726,0.190487,0.015676,0.008014,0.443819,0.022392
AAGCTCGTGCCAAGTC-1,0.00011,0.715745,0.054189,0.029575,0.012497,0.000111,0.020172,0.018766,0.148836
AAGCTCTTTCATGGTG-1,0.000092,0.439704,0.015578,0.429593,0.000092,0.000092,0.000092,0.084731,0.030024
AAGGAGAACTTATAAG-1,0.000198,0.449351,0.441355,0.108103,0.000199,0.000199,0.000199,0.000199,0.000199
AAGGAGCGGTTGGTGC-1,0.000045,0.167534,0.022398,0.194871,0.105041,0.022232,0.027631,0.375352,0.084897
AAGGATCGATCGCTTG-1,0.000023,0.005414,0.000024,0.040866,0.697695,0.03136,0.043588,0.009826,0.171203
AAGGATGAGGGACCTC-1,0.00005,0.24419,0.010665,0.353828,0.063658,0.00005,0.002082,0.181834,0.143642
AAGGCAGGCTGTCTCC-1,0.000049,0.072591,0.051495,0.312949,0.00606,0.000049,0.072287,0.026987,0.457533
AAGGCGCGTAAAGCTT-1,0.000032,0.060082,0.006489,0.097333,0.062111,0.026214,0.075834,0.207956,0.463949
AAGGCTGTGCTCATCG-1,0.00003,0.162102,0.011453,0.049121,0.180297,0.026166,0.019929,0.251568,0.299335
AAGGGACAGATTCTGT-1,0.000052,0.130242,0.000052,0.531111,0.146952,0.000052,0.003644,0.102118,0.085776
AAGGGACTATGCATTC-1,0.000038,0.056364,0.11134,0.527909,0.125726,0.000038,0.035939,0.094634,0.048011
AAGGGTTAGCCATGCG-1,0.002584,0.002586,0.002586,0.616667,0.073502,0.002586,0.002586,0.294318,0.002586
AAGGGTTTGATTTCAG-1,0.000093,0.035433,0.012345,0.292835,0.068046,0.000093,0.002453,0.039696,0.549007
AAGGTGATAAACCAGC-1,0.000028,0.016951,0.000028,0.000028,0.243282,0.007737,0.002447,0.512414,0.217084
AAGTAGAAGACCGGGT-1,0.000045,0.080396,0.000045,0.282861,0.052899,0.057313,0.029005,0.193062,0.304373
AAGTAGTGACGCGAGG-1,0.000034,0.018851,0.005288,0.095991,0.023863,0.01873,0.180391,0.366803,0.290048
AAGTCAATTGTCGTCA-1,0.000044,0.04823,0.030544,0.21173,0.021701,0.000044,0.069726,0.282269,0.335711
AAGTCTAGTAGCTGCC-1,0.000076,0.197401,0.000173,0.489322,0.009061,0.000076,0.03524,0.086787,0.181863
AAGTCTTCTGTGGCCT-1,0.000037,0.000564,0.000037,0.340449,0.002168,0.005916,0.176875,0.013594,0.460359
AAGTGACGACCGAATT-1,0.000096,0.085113,0.000096,0.718491,0.000096,0.002888,0.002896,0.000096,0.190227
AAGTGCAAAGGTAGAC-1,0.000041,0.07955,0.034078,0.688479,0.000041,0.018637,0.0709,0.105438,0.002837
AAGTGCCTTGACTGTA-1,0.000046,0.373853,0.000046,0.366997,0.000046,0.000046,0.000046,0.258873,0.000046
AAGTGCGTTAGAATCT-1,0.000027,0.14099,0.000716,0.140418,0.117753,0.010595,0.026135,0.212198,0.351167
AAGTGTTTGGAGACGG-1,0.000084,0.539158,0.031783,0.321715,0.000084,0.002005,0.023158,0.068168,0.013844
AAGTTCACTCCAAGCT-1,0.000083,0.345505,0.220606,0.08202,0.000083,0.000083,0.000083,0.209229,0.14231
AAGTTCGGCCAACAGG-1,0.00004,0.129352,0.000705,0.395332,0.041219,0.008608,0.033149,0.211244,0.180351
AAGTTGTGATGTTATA-1,0.000088,0.079769,0.000576,0.613467,0.000088,0.010405,0.097701,0.066191,0.131713
AAGTTTACTAATGGCA-1,0.000545,0.99564,0.000545,0.000545,0.000545,0.000545,0.000545,0.000545,0.000545
AAGTTTATGGGCCCAA-1,0.000079,0.082824,0.016424,0.900278,0.000079,0.000079,0.000079,0.000079,0.000079
AATAACAACGCTCGGC-1,0.000042,0.002545,0.000042,0.239661,0.100135,0.000734,0.041426,0.123028,0.492387
AATAACACTAGAACAA-1,0.000032,0.122946,0.007435,0.441188,0.079673,0.013591,0.014787,0.217691,0.102658
AATAACGTCGCGCCCA-1,0.001248,0.348754,0.001249,0.642501,0.001249,0.001249,0.001249,0.001249,0.001249
AATAAGTCCTCGAGAC-1,0.001481,0.001483,0.001483,0.50161,0.001482,0.001482,0.001482,0.001483,0.488014
AATAATCTTCGTATCG-1,0.000033,0.162816,0.000033,0.536545,0.000033,0.010183,0.012933,0.27739,0.000033
AATACAATGTTTCAGG-1,0.000039,0.066331,0.006451,0.643122,0.013719,0.040547,0.098778,0.123711,0.007302
AATACCTGATGTGAAC-1,0.001709,0.001711,0.001711,0.986316,0.001711,0.001711,0.001711,0.001711,0.001711
AATAGAACAGAGTGGC-1,0.000036,0.250377,0.001565,0.337259,0.006457,0.006445,0.041205,0.311619,0.045035
AATAGAATCTGTTTCA-1,0.000069,0.132639,0.017098,0.561107,0.000069,0.000069,0.000069,0.152971,0.13591
AATAGTCGCGAGTCGG-1,0.00002,0.021463,0.00292,0.170697,0.104524,0.206746,0.223433,0.133928,0.136269
AATATCAAGGTCGGAT-1,0.001764,0.001765,0.001765,0.695963,0.001765,0.291684,0.001765,0.001765,0.001765
AATATCCTAGCAAACT-1,0.000027,0.008903,0.008073,0.4314,0.06078,0.004257,0.066811,0.026295,0.393453
AATATCGAATCAATGC-1,0.000033,0.12753,0.043057,0.195484,0.048409,0.04399,0.050565,0.125441,0.365491
AATATCGAGGGTTCTC-1,0.000066,0.230452,0.028513,0.548312,0.062988,0.000066,0.00197,0.064901,0.062731
AATATTGGAGTATTGA-1,0.000032,0.0188,0.000032,0.026411,0.074867,0.095176,0.039123,0.299633,0.445925
AATCAGACTGCAGGAC-1,0.000896,0.000897,0.803475,0.190248,0.000897,0.000897,0.000897,0.000897,0.000897
AATCATGTAAAGACTC-1,0.000049,0.088028,0.000049,0.854575,0.000049,0.000049,0.000632,0.052582,0.003987
AATCCAAGGGCCTGAG-1,0.000076,0.004681,0.002859,0.837718,0.000076,0.000076,0.104216,0.000076,0.050223
AATCCATGCAAGGGTG-1,0.000297,0.186484,0.013082,0.365339,0.000297,0.002019,0.000297,0.000297,0.431887
AATCCCGCTCAGAGCC-1,0.000281,0.648587,0.196791,0.141448,0.000281,0.000281,0.000281,0.01177,0.000281
AATCGAGGTCTCAAGG-1,0.000539,0.423877,0.00054,0.572345,0.00054,0.00054,0.00054,0.00054,0.00054
AATCGCCTCAGCGCCA-1,0.000065,0.36655,0.000065,0.208892,0.018,0.00396,0.008242,0.302823,0.091404
AATCGCGCAGAGGACT-1,0.000058,0.000058,0.016095,0.837133,0.000058,0.000058,0.013018,0.000058,0.133463
AATCGGGACACTACGA-1,0.00161,0.001612,0.001612,0.98711,0.001611,0.001611,0.001611,0.001611,0.001611
AATCGGTATAGCCCTC-1,0.001406,0.001407,0.001408,0.988741,0.001408,0.001408,0.001408,0.001408,0.001408
AATCGTGAGCCGAGCA-1,0.000573,0.434516,0.000573,0.561472,0.000573,0.000573,0.000573,0.000573,0.000573
AATCTAGGTTTACTTG-1,0.000065,0.100646,0.000065,0.641342,0.000065,0.000065,0.016601,0.165559,0.075593
AATCTCTACTGTGGTT-1,0.000044,0.000044,0.030637,0.646014,0.000575,0.000044,0.088038,0.009394,0.22521
AATCTGCGTTGGGACG-1,0.000069,0.097249,0.012396,0.532131,0.022877,0.000069,0.012867,0.181458,0.140882
AATCTGGCTTTCTAGT-1,0.000051,0.08263,0.018488,0.471226,0.000051,0.000051,0.028984,0.108614,0.289904
AATGACAGCAATGTCT-1,0.000036,0.112396,0.003353,0.127449,0.142749,0.0036,0.008348,0.240009,0.36206
AATGACGTAGGATGTC-1,0.000091,0.54857,0.021474,0.36833,0.000091,0.000091,0.000091,0.045948,0.015313
AATGACTGTCAGCCGG-1,0.000036,0.106392,0.022046,0.078493,0.122557,0.00651,0.066282,0.076256,0.521429
AATGAGTTCGCATATG-1,0.000012,0.000012,0.000012,0.084575,0.000012,0.001278,0.914037,0.000012,0.000051
AATGATGATACGCTAT-1,0.000011,0.000011,0.000011,0.057001,0.831279,0.005834,0.096078,0.000495,0.00928
AATGATGCGACTCCTG-1,0.000062,0.225692,0.020349,0.67416,0.000062,0.003795,0.011349,0.05003,0.014501
AATGCAACCGGGTACC-1,0.000059,0.183228,0.000059,0.29183,0.000245,0.010858,0.068332,0.121791,0.323597
AATGCACCAAGCAATG-1,0.000011,0.001413,0.023722,0.313598,0.482851,0.002943,0.163412,0.002202,0.009847
AATGGTCCACCGTTCA-1,0.000043,0.066094,0.005725,0.753392,0.000043,0.002127,0.019558,0.152973,0.000043
AATGGTTCTCACAAGC-1,0.000052,0.123944,0.002715,0.375879,0.030777,0.009549,0.144347,0.14535,0.167388
AATGTGCCCGAGGTGT-1,0.000058,0.119016,0.005914,0.565096,0.071806,0.016587,0.018432,0.126686,0.076405
AATGTTAAGACCCTGA-1,0.000992,0.013002,0.552055,0.428987,0.000993,0.000993,0.000993,0.000993,0.000993
AATGTTGTCGTGAGAC-1,0.000215,0.399714,0.330188,0.267131,0.000215,0.000215,0.001893,0.000215,0.000215
AATTAAAGGTCGGCGT-1,0.00005,0.278516,0.030524,0.478256,0.00005,0.00005,0.041976,0.125492,0.045085
AATTAACGGATTTCCA-1,0.000106,0.256925,0.64239,0.041639,0.00106,0.000106,0.00699,0.00301,0.047775
AATTACGAGACCCATC-1,0.000041,0.354552,0.000041,0.432828,0.000041,0.00283,0.017469,0.094195,0.098003
AATTACTCGTACGCTC-1,0.000394,0.000394,0.000394,0.383129,0.000394,0.000394,0.000394,0.143536,0.470969
AATTATACCCAGCAAG-1,0.000159,0.096226,0.67091,0.231912,0.000159,0.000159,0.000159,0.000159,0.000159
AATTCATAAGGGATCT-1,0.000051,0.183417,0.160244,0.338141,0.166849,0.007308,0.02954,0.090011,0.024439
AATTCCAACTTGGTGA-1,0.001339,0.347852,0.00134,0.642772,0.001339,0.001339,0.001339,0.00134,0.00134
AATTCCAAGCATGTAC-1,0.000421,0.000421,0.423806,0.307847,0.000421,0.000421,0.000421,0.26582,0.000421
AATTCGATTCGAGGAT-1,0.000219,0.000219,0.000219,0.872036,0.000219,0.000219,0.000219,0.000219,0.126429
AATTGAACGCTCTGGT-1,0.000073,0.148576,0.020023,0.672313,0.000073,0.000073,0.000073,0.158721,0.000073
AATTGCAGCAATCGAC-1,0.000033,0.000033,0.007028,0.360827,0.006202,0.017169,0.067855,0.001532,0.539321
AATTGTGGTTGCCAAA-1,0.000018,0.000018,0.001229,0.420615,0.000018,0.0004,0.577575,0.000018,0.00011
AATTTGGTTCCAAAGA-1,0.001145,0.008861,0.191516,0.087438,0.001146,0.001146,0.001146,0.001146,0.706454
ACAAACCGACAAGGCG-1,0.000197,0.48828,0.000197,0.367473,0.000197,0.000197,0.000197,0.143064,0.000198
ACAAAGAAGGTAGGCC-1,0.000035,0.030908,0.000035,0.926144,0.000035,0.000035,0.000035,0.013913,0.028862
ACAAAGCATGACCTAG-1,0.000013,0.000013,0.000013,0.000888,0.393149,0.054474,0.035314,0.014261,0.501876
ACAAATCGCACCGAAT-1,0.000043,0.495199,0.001997,0.109393,0.03585,0.000043,0.005273,0.140187,0.212015
ACAAATGGTAGTGTTT-1,0.000074,0.178215,0.006132,0.496008,0.006126,0.000075,0.000075,0.281957,0.031338
ACAACAGCATGAGCTA-1,0.000153,0.304602,0.040112,0.366906,0.000153,0.032942,0.01794,0.237038,0.000153
ACAACGGTCCCTGCGA-1,0.000029,0.06155,0.000029,0.312826,0.015201,0.022382,0.336228,0.040103,0.211651
ACAAGCAGTGCCTAGC-1,0.000033,0.072039,0.010571,0.292329,0.008902,0.019802,0.058429,0.144589,0.393305
ACAAGCTATATGGAAG-1,0.000056,0.000057,0.000057,0.982476,0.000057,0.000057,0.017128,0.000057,0.000057
ACAAGGAAATCCGCCC-1,0.000046,0.844147,0.000046,0.152159,0.000046,0.000046,0.000046,0.003417,0.000046
ACAAGGACAAGAGGTT-1,0.000025,0.071363,0.009003,0.045213,0.163228,0.042426,0.041347,0.279628,0.347768
ACAAGGATGCTTTAGG-1,0.00005,0.131521,0.005972,0.717177,0.00005,0.046387,0.005627,0.041554,0.051662
ACAAGGGCAGGCTCTG-1,0.000077,0.506619,0.000077,0.356799,0.000077,0.000077,0.000077,0.130538,0.005659
ACAATAGTCGTACGTT-1,0.000079,0.207119,0.000847,0.442755,0.000079,0.00443,0.033147,0.281761,0.029784
ACAATCCATTTAAACC-1,0.00005,0.050431,0.016962,0.48115,0.072666,0.009125,0.015824,0.118737,0.235055
ACAATCGATCTTTATA-1,0.001277,0.001278,0.413737,0.577317,0.001278,0.001278,0.001278,0.001278,0.001278
ACAATGAATACGGAGA-1,0.000024,0.102441,0.010666,0.209139,0.507808,0.00387,0.033962,0.0662,0.065892
ACAATTGTGTCTCTTT-1,0.000059,0.233017,0.221882,0.392066,0.000059,0.000059,0.015339,0.088562,0.048957
ACAATTTAGGAGGCTC-1,0.000044,0.010308,0.000044,0.769903,0.000044,0.000044,0.09587,0.012102,0.111643
ACAATTTGAGCAGTGG-1,0.000052,0.233478,0.000052,0.364548,0.020452,0.008168,0.019118,0.191721,0.16241
ACAATTTGGCCATATT-1,0.000043,0.083449,0.000043,0.473773,0.000043,0.000043,0.007462,0.387098,0.048048
ACACAAAGACGGGTGG-1,0.000048,0.271447,0.01533,0.495664,0.000048,0.000048,0.000048,0.217319,0.000048
ACACAAATATTCCTAG-1,0.000072,0.06552,0.022325,0.319857,0.273779,0.000072,0.007074,0.27579,0.03551
ACACACCAGGACCAGT-1,0.000048,0.162913,0.008115,0.325969,0.018605,0.000048,0.008565,0.307667,0.168069
ACACACTTTCTACACG-1,0.000074,0.000074,0.000074,0.452288,0.000074,0.000074,0.547193,0.000074,0.000074
ACACATGATCAAATCT-1,0.000026,0.034067,0.011272,0.285656,0.505427,0.014608,0.055457,0.0353,0.058186
ACACATTGACGCAACA-1,0.000274,0.000274,0.000274,0.055539,0.000274,0.418951,0.139336,0.000274,0.384806
ACACATTTCCGTAGAC-1,0.000092,0.107767,0.019681,0.603582,0.000093,0.000093,0.011725,0.240001,0.016967
ACACCACATAATTAGC-1,0.000039,0.023727,0.000039,0.281002,0.046395,0.015099,0.066864,0.053993,0.512842
ACACCCAGCATGCAGC-1,0.000055,0.129163,0.032413,0.508415,0.000055,0.000055,0.088391,0.094811,0.146641
ACACCCGAGAAATCCG-1,0.000026,0.18045,0.000026,0.089393,0.033308,0.088163,0.115646,0.399135,0.093852
ACACCGAGCGCTCTTT-1,0.000926,0.000927,0.000927,0.37577,0.000927,0.000927,0.617745,0.000927,0.000927
ACACCTTAAGTAGGGC-1,0.000058,0.161154,0.000058,0.387648,0.022961,0.022693,0.021283,0.341775,0.04237
ACACCTTACTACTTGC-1,0.00004,0.001537,0.009409,0.016845,0.090916,0.014183,0.050135,0.163617,0.653319
ACACGAGACTCCTTCT-1,0.000104,0.390958,0.009575,0.500018,0.000104,0.000104,0.000104,0.098927,0.000104
ACACGGCACTATGCAT-1,0.000882,0.000883,0.000883,0.545104,0.000883,0.000882,0.448719,0.000883,0.000883
ACACGGGAACTTAGGG-1,0.000051,0.900165,0.000052,0.084858,0.000051,0.000052,0.000052,0.014668,0.000052
ACACGTAGGCCACAAG-1,0.000042,0.04079,0.000289,0.589143,0.008859,0.021991,0.061281,0.028512,0.249094
ACACTCCAATGTCACT-1,0.000031,0.046599,0.001851,0.287855,0.079069,0.034996,0.224777,0.126471,0.198351
ACACTGATCAAGGTGT-1,0.000046,0.253398,0.000046,0.296066,0.05945,0.000046,0.000046,0.330926,0.059975
ACACTGGGACAGTCGT-1,0.000028,0.007699,0.000034,0.196259,0.037955,0.042037,0.173957,0.165464,0.376566
ACAGAACTGAGAACAA-1,0.00004,0.107025,0.002282,0.455425,0.089147,0.001549,0.037344,0.081043,0.226146
ACAGATTAGGTTAGTG-1,0.000444,0.189301,0.067516,0.648703,0.000445,0.000445,0.000445,0.092256,0.000445
ACAGCATAGAGCCAGT-1,0.002364,0.002366,0.002366,0.002366,0.002366,0.002366,0.002367,0.002366,0.981074
ACAGCGACATTCTCAT-1,0.000053,0.065833,0.016651,0.566582,0.033661,0.002661,0.024467,0.10188,0.188211
ACAGCGCACCCGCAGC-1,0.000328,0.054087,0.284176,0.132558,0.000328,0.000328,0.000328,0.365686,0.162181
ACAGGAGGCGCAGCCG-1,0.000617,0.000618,0.03291,0.962766,0.000618,0.000618,0.000618,0.000618,0.000618
ACAGGCACGGATCCTT-1,0.000741,0.000741,0.000741,0.000741,0.000741,0.135228,0.000741,0.047719,0.812606
ACAGGCTTGCCCGACT-1,0.000051,0.133739,0.000051,0.185374,0.07418,0.005702,0.002391,0.391216,0.207297
ACAGGTGGAGGTGAGG-1,0.000041,0.049398,0.006478,0.259571,0.113573,0.000041,0.023036,0.166083,0.38178
ACAGGTGTGTTGTTGC-1,0.000033,0.000033,0.004722,0.702129,0.000033,0.000033,0.023152,0.000033,0.269831
ACAGTAATACAACTTG-1,0.000028,0.042081,0.000028,0.199947,0.072834,0.066885,0.012246,0.249884,0.356067
ACAGTATACCGTGGGA-1,0.000184,0.057723,0.017969,0.276265,0.094878,0.000184,0.000184,0.55243,0.000184
ACATAAGTCGTGGTGA-1,0.000033,0.08332,0.000033,0.389515,0.003448,0.028503,0.06166,0.337352,0.096135
ACATAATAAGGCGGTG-1,0.000067,0.20029,0.012078,0.530426,0.000067,0.000067,0.000067,0.256869,0.000067
ACATACAATCAAGCGG-1,0.000117,0.411441,0.573676,0.01418,0.000117,0.000117,0.000117,0.000117,0.000117
ACATCAGCTGGGACGC-1,0.000027,0.039303,0.000027,0.55507,0.030345,0.020508,0.053266,0.132778,0.168675
ACATCCTGGTAACTGT-1,0.000029,0.027993,0.000029,0.029697,0.245015,0.022655,0.009092,0.344786,0.320704
ACATCGGTCAGCCGCG-1,0.000057,0.131042,0.000057,0.356743,0.005812,0.000057,0.000057,0.29593,0.210244
ACATCGTATGCAATGG-1,0.00009,0.300149,0.014009,0.542913,0.00009,0.00009,0.00009,0.14248,0.00009
ACATCGTTAACCTAGT-1,0.000501,0.200011,0.000501,0.757191,0.000501,0.000501,0.039792,0.000501,0.000501
ACATCTCAACGCGTAA-1,0.000487,0.311188,0.000488,0.685398,0.000488,0.000488,0.000488,0.000488,0.000488
ACATGGCGCCAAAGTA-1,0.000061,0.023978,0.000061,0.51884,0.006359,0.000061,0.043367,0.012216,0.395057
ACATGGCTCAATTTAG-1,0.001883,0.193384,0.001885,0.793425,0.001885,0.001884,0.001885,0.001885,0.001885
ACATTTGAAACCTAAC-1,0.000983,0.000984,0.992129,0.000984,0.000984,0.000984,0.000984,0.000984,0.000984
ACCAAACACCCAGCGA-1,0.000217,0.143814,0.264579,0.136428,0.450742,0.003569,0.000217,0.000217,0.000217
ACCAAACTAGAAATCC-1,0.000665,0.210173,0.7097,0.000666,0.076132,0.000666,0.000666,0.000666,0.000666
ACCAACCGCACTCCAC-1,0.000037,0.173002,0.001834,0.616458,0.000037,0.052356,0.108518,0.047721,0.000037
ACCAACGCTTATTTAT-1,0.000042,0.251488,0.000042,0.515189,0.000042,0.000042,0.000042,0.23307,0.000042
ACCAAGAACGCGTGTC-1,0.000029,0.070345,0.000029,0.142463,0.047769,0.025657,0.036963,0.264776,0.411969
ACCAAGTCATCGGCAG-1,0.001462,0.001463,0.001463,0.988297,0.001463,0.001463,0.001463,0.001463,0.001463
ACCAATATGCAAGTTA-1,0.000092,0.45596,0.053776,0.193003,0.020895,0.078926,0.030248,0.071471,0.095628
ACCACAACTCAGAACA-1,0.000089,0.01201,0.001697,0.000089,0.182738,0.027389,0.004212,0.232727,0.53905
ACCACAAGTTTCTATC-1,0.000036,0.207452,0.000036,0.288506,0.004461,0.001706,0.011878,0.392807,0.093118
ACCACACGGTTGATGG-1,0.00161,0.128284,0.55138,0.31067,0.001611,0.001611,0.001611,0.001611,0.001611
ACCACCAATGTAACAA-1,0.000054,0.067003,0.000054,0.631752,0.000209,0.008028,0.060316,0.073618,0.158966
ACCACCCTCTCTTCTA-1,0.000078,0.18025,0.000078,0.425891,0.019725,0.000078,0.004887,0.339363,0.029651
ACCACGTGCAGCTATA-1,0.00007,0.654644,0.021082,0.273066,0.00007,0.00007,0.001279,0.049579,0.000139
ACCACTGTTCAAGAAG-1,0.001406,0.30629,0.25257,0.432696,0.001407,0.001407,0.001407,0.001408,0.001407
ACCAGACCATAACAAC-1,0.000033,0.000033,0.000033,0.838277,0.000033,0.000033,0.017762,0.000516,0.143281
ACCAGCCCGGTCTTTG-1,0.001263,0.736648,0.001264,0.254508,0.001264,0.001263,0.001264,0.001264,0.001264
ACCAGGAGTGTGATCT-1,0.00057,0.00057,0.484576,0.511434,0.00057,0.00057,0.00057,0.00057,0.00057
ACCAGTGCGGGAGACG-1,0.000043,0.020073,0.016876,0.18585,0.142709,0.000043,0.008369,0.35279,0.273246
ACCATATCCGCAATAA-1,0.000042,0.244042,0.000042,0.544259,0.019415,0.006348,0.016688,0.122236,0.046929
ACCATCCGCCAACTAG-1,0.000057,0.070316,0.008459,0.818911,0.000057,0.000057,0.000057,0.102027,0.000057
ACCATCGTATATGGTA-1,0.000029,0.088922,0.000029,0.000029,0.286648,0.004674,0.000029,0.184539,0.435103
ACCATTAAGGGTGTCA-1,0.000099,0.000099,0.000099,0.106605,0.379354,0.093242,0.202787,0.000099,0.217615
ACCCAACGCCCGTGGC-1,0.000067,0.128131,0.018596,0.589049,0.018623,0.000067,0.003096,0.219719,0.02265
ACCCACCTACATGCTC-1,0.000018,0.012678,0.007934,0.00682,0.129448,0.028558,0.041212,0.143743,0.629589
ACCCATCTTGAGGGTA-1,0.000043,0.077433,0.000043,0.050026,0.156293,0.049863,0.045782,0.340291,0.280227
ACCCATTTGTCCCTCT-1,0.000019,0.000019,0.008622,0.000019,0.336845,0.048971,0.015438,0.018672,0.571396
ACCCGGAGCACCACAA-1,0.00002,0.110275,0.050631,0.011607,0.186676,0.440708,0.021993,0.133664,0.044426
ACCCGGATGACGCATC-1,0.000047,0.059516,0.000047,0.203007,0.094423,0.011967,0.021876,0.163475,0.445641
ACCCGGTTACACTTCC-1,0.000039,0.246637,0.024388,0.201725,0.046527,0.028442,0.033753,0.230147,0.18834
ACCCGTAGTCTAGTTG-1,0.000394,0.117793,0.032314,0.582215,0.000394,0.000394,0.127732,0.138369,0.000394
ACCCTATAGGACTGAG-1,0.000092,0.108725,0.007278,0.68846,0.000092,0.051212,0.124046,0.000092,0.020002
ACCCTATGCCATATCG-1,0.000044,0.228838,0.000044,0.431745,0.172012,0.001761,0.025383,0.135911,0.004264
ACCCTCCCGTCAGGGC-1,0.00202,0.002022,0.600385,0.385465,0.002021,0.002021,0.002022,0.002021,0.002022
ACCCTCCCTTGCTATT-1,0.000062,0.176243,0.0775,0.319156,0.006947,0.000062,0.019432,0.362287,0.038312
ACCCTGGTAACGCCCT-1,0.000621,0.000621,0.19976,0.537229,0.000621,0.000621,0.14155,0.000621,0.118355
ACCCTTCATCTGCGAA-1,0.005291,0.389748,0.005295,0.573194,0.005294,0.005294,0.005295,0.005295,0.005295
ACCCTTGCCTGGGTCG-1,0.000143,0.158541,0.018292,0.502376,0.000143,0.000143,0.000143,0.051791,0.268428
ACCCTTTAGTTCTCCA-1,0.000358,0.084862,0.000359,0.912628,0.000359,0.000359,0.000359,0.000359,0.000359
ACCGAAAGGGCCCTGC-1,0.001058,0.001059,0.001059,0.991529,0.001059,0.001059,0.001059,0.001059,0.001059
ACCGAAGAGTCTGGTT-1,0.000032,0.054912,0.060747,0.133148,0.083038,0.012441,0.03822,0.121104,0.496359
ACCGACACATCTCCCA-1,0.000056,0.120343,0.677005,0.000056,0.154026,0.000056,0.000056,0.048347,0.000056
ACCGAGTCTCCTTATT-1,0.000591,0.000591,0.402091,0.400825,0.000591,0.000591,0.000591,0.000591,0.193536
ACCGATAGGCATAACC-1,0.000032,0.120934,0.046602,0.484777,0.000032,0.072906,0.09003,0.174096,0.010593
ACCGATATTTAATCAT-1,0.000039,0.065327,0.000039,0.421993,0.025393,0.044061,0.194785,0.179003,0.069359
ACCGATGGTAGCATCG-1,0.000065,0.189163,0.000937,0.585255,0.006703,0.000065,0.004154,0.089673,0.123984
ACCGCAATAACTGCCT-1,0.000074,0.583479,0.065648,0.321667,0.000074,0.000074,0.000074,0.028837,0.000074
ACCGCGGTGGAAGTCG-1,0.00005,0.05366,0.009489,0.510881,0.00005,0.00206,0.020294,0.11454,0.288975
ACCGGGCCTTTGTTGA-1,0.000045,0.006169,0.009463,0.422856,0.086091,0.002302,0.015055,0.241952,0.216068
ACCGGTCAGGTACACC-1,0.000014,0.041953,0.000543,0.14412,0.607136,0.008037,0.05826,0.044625,0.095311
ACCGTTCCCGCTCTGA-1,0.001263,0.485365,0.001264,0.505791,0.001263,0.001263,0.001264,0.001263,0.001263
ACCTAAGTACCTTTCA-1,0.000025,0.028096,0.006757,0.000025,0.332688,0.001643,0.000628,0.177533,0.452605
ACCTAATCGACTTCCT-1,0.000062,0.006858,0.000062,0.736587,0.000062,0.000062,0.024522,0.006576,0.225212
ACCTACAGTATGTGGT-1,0.000053,0.000053,0.017272,0.343916,0.026031,0.009958,0.076994,0.000452,0.52527
ACCTACTATAAATCTA-1,0.000061,0.221412,0.150914,0.347264,0.005135,0.000061,0.003255,0.025295,0.246602
ACCTCAGCGAGGCGCA-1,0.000173,0.232535,0.257765,0.199248,0.098028,0.000173,0.142989,0.000173,0.068914
ACCTCCGCCCTCGCTG-1,0.000069,0.032352,0.000069,0.859124,0.000069,0.000069,0.020666,0.000069,0.087514
ACCTCCGTTATTCACC-1,0.000084,0.000084,0.023208,0.957923,0.000084,0.000084,0.000084,0.010194,0.008257
ACCTGCGTGTCATGTT-1,0.000043,0.075165,0.000043,0.328737,0.053102,0.046124,0.008534,0.038789,0.449464
ACCTTTCCTTTAGAAG-1,0.000823,0.276538,0.546527,0.000824,0.000824,0.000824,0.000824,0.171994,0.000824
ACGAAATGGGCGGCAC-1,0.00004,0.000652,0.030979,0.201441,0.059071,0.014911,0.047733,0.151927,0.493244
ACGACCCATGAGTTGC-1,0.000014,0.000014,0.00552,0.003681,0.176389,0.525316,0.278669,0.000561,0.009834
ACGACTCTAGGGCCGA-1,0.000624,0.000625,0.000625,0.369965,0.000625,0.000625,0.000625,0.567008,0.05928
ACGAGAACCCATCACG-1,0.000646,0.212226,0.000646,0.78325,0.000646,0.000646,0.000646,0.000646,0.000646
ACGAGATATTTGCTTA-1,0.000276,0.461857,0.000276,0.000276,0.123378,0.213717,0.000276,0.000276,0.199669
ACGAGGATACCACTCT-1,0.000032,0.267548,0.188608,0.061181,0.081436,0.002738,0.042791,0.150162,0.205503
ACGAGGTTTACAACGT-1,0.000027,0.033052,0.000028,0.039502,0.208893,0.015147,0.025437,0.203599,0.474316
ACGAGTACGGATGCCC-1,0.000049,0.057917,0.000049,0.441296,0.02181,0.017814,0.022859,0.375565,0.06264
ACGAGTCGCCGGCGTT-1,0.000401,0.000401,0.000401,0.996789,0.000401,0.000401,0.000401,0.000401,0.000401
ACGATACCTATCCTGA-1,0.000046,0.026698,0.017314,0.903248,0.000046,0.000046,0.000758,0.011508,0.040336
ACGATCATACATAGAG-1,0.000142,0.289899,0.000142,0.495357,0.060435,0.000142,0.000142,0.124804,0.028938
ACGATCATCTTGTAAA-1,0.000054,0.014494,0.015666,0.39554,0.011337,0.000054,0.006644,0.228493,0.327718
ACGATGCATATGTTAT-1,0.000056,0.158329,0.017111,0.350913,0.000056,0.003966,0.080752,0.272371,0.116446
ACGATGGATCCGATGC-1,0.000479,0.236025,0.000479,0.645388,0.000479,0.000479,0.000479,0.000479,0.115712
ACGCATACGTTTACTA-1,0.00006,0.113719,0.020059,0.61861,0.00006,0.00605,0.075277,0.00387,0.162295
ACGCCACTCGAAACAG-1,0.000246,0.227645,0.02724,0.743636,0.000247,0.000247,0.000247,0.000247,0.000247
ACGCCAGATGATTTCT-1,0.000074,0.133531,0.137939,0.556544,0.000074,0.000074,0.110599,0.00045,0.060716
ACGCCAGTGCGTTTGC-1,0.000412,0.147116,0.094287,0.756126,0.000412,0.000412,0.000412,0.000412,0.000412
ACGCCCAGCTGTCGAT-1,0.001122,0.431283,0.170681,0.001123,0.245583,0.001123,0.146838,0.001123,0.001123
ACGCCGCTAGACGACC-1,0.000025,0.987845,0.000025,0.000025,0.009469,0.002538,0.000025,0.000025,0.000025
ACGCCTGACACGCGCT-1,0.000091,0.000091,0.061855,0.937507,0.000091,0.000091,0.000091,0.000091,0.000091
ACGCGCTACACAGGGT-1,0.000056,0.010145,0.000056,0.048341,0.148912,0.022831,0.005588,0.078734,0.685338
ACGCGTTTCTTAAGAG-1,0.000078,0.000078,0.000078,0.999379,0.000078,0.000078,0.000078,0.000078,0.000078
ACGCTACTGAATGGGC-1,0.001984,0.001986,0.001986,0.001986,0.001986,0.001986,0.001986,0.680365,0.305737
ACGCTAGTGATACACT-1,0.000074,0.109161,0.05799,0.725664,0.038974,0.000074,0.034434,0.000074,0.033554
ACGCTGTGAGGCGTAG-1,0.000058,0.152942,0.016937,0.724545,0.000058,0.000058,0.000058,0.105286,0.000058
ACGCTTAGTGTCTCTC-1,0.001263,0.83203,0.159126,0.001264,0.001264,0.001264,0.001264,0.001264,0.001264
ACGGAACACGAGTGCC-1,0.000431,0.000431,0.000431,0.135122,0.000431,0.000431,0.111158,0.449584,0.301981
ACGGAATTTAGCAAAT-1,0.00001,0.00001,0.00001,0.008824,0.100099,0.086754,0.784047,0.00001,0.020233
ACGGACTCTCAAAGCG-1,0.000073,0.222554,0.077131,0.331346,0.059956,0.000073,0.011803,0.064003,0.233062
ACGGATGGTGCGGATA-1,0.000142,0.353248,0.074552,0.346013,0.000142,0.000142,0.040958,0.178825,0.005979
ACGGCGACGATGGGAA-1,0.000087,0.525069,0.000621,0.406037,0.000087,0.000087,0.000087,0.06784,0.000087
ACGGCGGGTTGCCCTG-1,0.000722,0.000722,0.000722,0.994224,0.000722,0.000722,0.000722,0.000722,0.000722
ACGGCTGGATGTAGAA-1,0.000103,0.058074,0.109798,0.373937,0.296036,0.000103,0.00012,0.002421,0.159408
ACGGGAGTGTCGGCCC-1,0.000027,0.018851,0.000027,0.098305,0.051586,0.032671,0.046937,0.623355,0.128239
ACGGGCGTATGCGACA-1,0.000088,0.086874,0.012855,0.698586,0.000088,0.000088,0.007695,0.027133,0.166594
ACGGGTCATGTGACTT-1,0.000205,0.000205,0.029443,0.086268,0.064629,0.000205,0.817352,0.000205,0.001488
ACGGTACAGTTCAATG-1,0.001372,0.001373,0.001373,0.98902,0.001372,0.001373,0.001373,0.001373,0.001373
ACGTACAGATTTCTCT-1,0.004115,0.004118,0.004118,0.967059,0.004118,0.004118,0.004119,0.004118,0.004118
ACGTAGGAGAGTCGCT-1,0.000272,0.000273,0.035371,0.962722,0.000273,0.000273,0.000273,0.000273,0.000273
ACGTATTACTCCGATC-1,0.000065,0.041591,0.070509,0.32277,0.053117,0.003698,0.020055,0.376555,0.111639
ACGTCCTAAACGAGAT-1,0.000498,0.365029,0.183682,0.42537,0.000499,0.000499,0.000499,0.000499,0.023426
ACGTCTCGTTCCGGGA-1,0.000033,0.085437,0.000033,0.707798,0.000033,0.000033,0.002043,0.204555,0.000033
ACGTGACAAAGTAAGT-1,0.00002,0.00002,0.00292,0.119895,0.065487,0.064342,0.034572,0.046099,0.666645
ACGTGCGCCTCGTGCA-1,0.000055,0.128578,0.000055,0.137872,0.094992,0.123889,0.047795,0.083651,0.383113
ACGTGGTCGAATGTGC-1,0.001195,0.714576,0.063263,0.001196,0.001196,0.001196,0.001196,0.001196,0.214988
ACGTTAGATTTGCCCG-1,0.000053,0.162769,0.008526,0.259104,0.010631,0.003482,0.009831,0.135498,0.410106
ACGTTATTGGTCACTC-1,0.000061,0.000061,0.000061,0.489191,0.038095,0.010504,0.398414,0.000061,0.063551
ACGTTCCGCGCTCCGT-1,0.000751,0.158354,0.261422,0.575717,0.000751,0.000751,0.000751,0.000751,0.000751
ACGTTCGCAATCAATT-1,0.000049,0.073155,0.000049,0.482809,0.000049,0.004911,0.026404,0.265061,0.147513
