Barcode,Topic 1,Topic 2to4,Topic 5to7
AAACAAGTATCTCCCA-1,0.003247,0.568383,0.42837
AAACACCAATAACTGC-1,0.005291,0.473519,0.52119
AAACAGAGCGACTCCT-1,0.001401,0.00422,0.994379
AAACAGCTTTCAGAAG-1,0.00085,0.002562,0.996587
AAACAGGGTCTATATT-1,0.003484,0.010502,0.986014
AAACATGGTGAGAGGA-1,0.000284,0.36488,0.634836
AAACATTTCCCGGATT-1,0.000168,0.195542,0.804289
AAACCGGAAATGTTAA-1,0.006211,0.262433,0.731355
AAACCGGGTAGGTACC-1,0.000284,0.192908,0.806808
AAACCGTTCGTCCAGG-1,0.000066,0.842495,0.157439
AAACCTAAGCAGCCGG-1,0.000177,0.233493,0.76633
AAACGAAGAACATACC-1,0.000308,0.000927,0.998765
AAACGAAGATGGAGTA-1,0.000733,0.063325,0.935942
AAACGGGCGTACGGGT-1,0.000219,0.232653,0.767128
AAACGGTTGCGAACTG-1,0.000051,0.999795,0.000154
AAACGTGTTCGCCCTA-1,0.000516,0.001554,0.99793
AAACTAACGTGGCGAC-1,0.000999,0.003011,0.99599
AAACTCGGTTCGCAAT-1,0.000334,0.20032,0.799346
AAACTCGTGATATAAG-1,0.000376,0.093979,0.905645
AAACTGCTGGCTCCAA-1,0.000179,0.011893,0.987928
AAACTTAATTGCACGC-1,0.002132,0.37159,0.626278
AAACTTGCAAACGTAT-1,0.000677,0.354622,0.644701
AAAGAATGACCTTAGA-1,0.000143,0.375152,0.624705
AAAGACCCAAGTCGCG-1,0.000139,0.328853,0.671008
AAAGACTGGGCGCTTT-1,0.000111,0.567415,0.432474
AAAGGCCCTATAATAC-1,0.000194,0.03176,0.968047
AAAGGCTACGGACCAT-1,0.005291,0.015931,0.978778
AAAGGCTCTCGCGCCG-1,0.000371,0.392341,0.607288
AAAGGGATGTAGCAAG-1,0.000064,0.951958,0.047978
AAAGGGCAGCTTGAAT-1,0.000132,0.626142,0.373726
AAAGGTAAGCTGTACC-1,0.003663,0.554819,0.441517
AAAGTAGCATTGCTCA-1,0.00304,0.742835,0.254125
AAAGTCACTGATGTAA-1,0.000209,0.224323,0.775468
AAAGTGCCATCAATTA-1,0.000239,0.298247,0.701514
AAAGTGTGATTTATCT-1,0.002857,0.008611,0.988532
AAATAACCATACGGGA-1,0.00019,0.000572,0.999239
AAATACCTATAAGCAT-1,0.000235,0.436544,0.56322
AAATAGGGTGCTATTG-1,0.000756,0.280276,0.718968
AAATCCGATACACGCC-1,0.000354,0.001069,0.998577
AAATCGCGGAAGGAGT-1,0.002646,0.217945,0.779409
AAATCGTGTACCACAA-1,0.000233,0.119957,0.879811
AAATCTAGCCCTGCTA-1,0.005102,0.404563,0.590335
AAATGATTCGATCAGC-1,0.000252,0.524882,0.474867
AAATGCTCGTTACGTT-1,0.000107,0.612372,0.387521
AAATGGCATGTCTTGT-1,0.000184,0.118272,0.881544
AAATGGCCCGTGCCCT-1,0.010204,0.311045,0.678751
AAATGGTCAATGTGCC-1,0.000215,0.374651,0.625133
AAATGTATCTTATCCC-1,0.000173,0.5617,0.438127
AAATTACACGACTCTG-1,0.010989,0.033118,0.955893
AAATTACCTATCGATG-1,0.001855,0.00559,0.992554
AAATTGATAGTCCTTT-1,0.005102,0.685526,0.309372
AAATTGCGGCGGTTCT-1,0.000562,0.001695,0.997743
AAATTGGTGAGAAGCA-1,0.000125,0.462893,0.536982
AAATTTACCGAAATCC-1,0.008403,0.025318,0.966278
AAATTTGCGGGTGTGG-1,0.000296,0.000891,0.998813
AACAACTGGTAGTTGC-1,0.000189,0.208786,0.791025
AACAATACATTGTCGA-1,0.000156,0.737911,0.261932
AACAATTACTCTACGC-1,0.000156,0.110833,0.889011
AACACACGCTCGCCGC-1,0.000733,0.002208,0.997059
AACACGACTGTACTGA-1,0.000345,0.00104,0.998615
AACACGAGACGCGGCC-1,0.000488,0.476205,0.523308
AACACGCGGCCGCGAA-1,0.005291,0.015949,0.97876
AACAGCTGTGTGGCAA-1,0.000178,0.148844,0.850978
AACAGGAAATCGAATA-1,0.000125,0.184021,0.815854
AACAGGATGGGCCGCG-1,0.000133,0.504992,0.494875
AACAGGTAGTATGGAT-1,0.00085,0.285581,0.713569
AACATATCAACTGGTG-1,0.004202,0.146161,0.849637
AACATCGATACGTCTA-1,0.000295,0.000888,0.998818
AACATTGAAGTTGATC-1,0.000263,0.000791,0.998946
AACATTGTGACTCGAG-1,0.000319,0.000961,0.99872
AACCAGTATCACTCTT-1,0.004082,0.341916,0.654003
AACCATAGGGTTGAAC-1,0.000217,0.310265,0.689518
AACCATGGGATCGCTA-1,0.00023,0.000694,0.999075
AACCCAGAGACGGAGA-1,0.000125,0.669494,0.330381
AACCCATCCCATGATC-1,0.000327,0.33888,0.660793
AACCCGACAACCCGTG-1,0.00027,0.163589,0.836141
AACCCGAGCAGAATCG-1,0.000232,0.212266,0.787502
AACCCGATAGGGCTTC-1,0.010989,0.955865,0.033145
AACCCTGGTGGAACCA-1,0.000176,0.051257,0.948567
AACCGAGCTTGGTCAT-1,0.000904,0.27147,0.727626
AACCGCTAAGGGATGC-1,0.00039,0.476472,0.523137
AACCGTTGTGTTTGCT-1,0.000289,0.00087,0.998842
AACCTCGCTTTAGCCC-1,0.000603,0.558915,0.440482
AACCTTTAAATACGGT-1,0.000904,0.002726,0.99637
AACCTTTACGACGTCT-1,0.003484,0.432492,0.564024
AACGAAAGTCGTCCCA-1,0.003663,0.421057,0.57528
AACGATAATGCCGTAG-1,0.000364,0.612727,0.38691
AACGATAGAAGGGCCG-1,0.000173,0.259746,0.740081
AACGATATGTCAACTG-1,0.002597,0.007831,0.989571
AACGCATGATCTGGGT-1,0.000101,0.585772,0.414127
AACGCGAACGGCAACA-1,0.000225,0.029205,0.97057
AACGCGACCTTGGGCG-1,0.000281,0.030007,0.969712
AACGCGGTCTCCAGCC-1,0.000486,0.889578,0.109936
AACGCTGTTGCTGAAA-1,0.010989,0.033087,0.955924
AACGGACGTACGTATA-1,0.000501,0.237229,0.762269
AACGGCCATCTCCGGT-1,0.000124,0.903332,0.096544
AACGTACTGTGGGTAC-1,0.000262,0.42906,0.570679
AACGTCAGACTAGTGG-1,0.000104,0.559911,0.439985
AACGTGATGAAGGACA-1,0.000816,0.261676,0.737507
AACGTTATCAGCACCT-1,0.000571,0.001722,0.997706
AACTACCCGTTTGTCA-1,0.000632,0.294808,0.70456
AACTAGCGTATCGCAC-1,0.001264,0.361069,0.637667
AACTAGGCTTGGGTGT-1,0.000491,0.598851,0.400658
AACTCCAGAGCGTGTT-1,0.000518,0.001559,0.997924
AACTCCTAATCCCATG-1,0.000552,0.498011,0.501438
AACTCGATGGCGCAGT-1,0.000198,0.000596,0.999207
AACTCTCAGTGTGCTC-1,0.000051,0.996092,0.003857
AACTGAGGTCAGCGTC-1,0.000321,0.655332,0.344347
AACTGAGTTATACTGA-1,0.001931,0.238884,0.759186
AACTGATATTAGGCCT-1,0.000225,0.075332,0.924443
AACTGGGTCCCGACGT-1,0.000219,0.311227,0.688553
AACTGGTGTGGGCCTT-1,0.00084,0.00253,0.99663
AACTTCTGCGTCTATC-1,0.000162,0.470848,0.52899
AACTTGCCCGTATGCA-1,0.000173,0.195117,0.80471
AACTTGCGTTCTCGCG-1,0.000231,0.174663,0.825106
AACTTTACGGGAGCTT-1,0.000458,0.064645,0.934897
AACTTTAGCTGCTGAG-1,0.004762,0.014351,0.980887
AAGAAATCACCAGATT-1,0.001335,0.051029,0.947636
AAGAAGGATCAGTTAG-1,0.000222,0.000668,0.99911
AAGACATACGTGGTTT-1,0.000209,0.192983,0.806808
AAGACCAAATAACTCA-1,0.000245,0.551476,0.448279
AAGACCCAACTGAACA-1,0.000558,0.138714,0.860728
AAGACTAACCCGTTGT-1,0.001721,0.279664,0.718615
AAGAGATGAATCGGTA-1,0.000486,0.001464,0.99805
AAGAGGCCCTTTGGAA-1,0.000271,0.180577,0.819153
AAGATGGCACCGGACC-1,0.002421,0.378096,0.619483
AAGATTGGCGGAACGT-1,0.000736,0.002218,0.997045
AAGCACCCTGCGTATC-1,0.001605,0.993559,0.004836
AAGCATACTCTCCTGA-1,0.000166,0.321661,0.678173
AAGCCGAAGCGGTTTA-1,0.000855,0.540387,0.458757
AAGCCGCCGTGAAATC-1,0.000329,0.155679,0.843992
AAGCCGCTTTACCTTG-1,0.000518,0.02065,0.978832
AAGCCGGAGAGCAGGA-1,0.000059,0.404557,0.595384
AAGCGCAGGGCTTTGA-1,0.000191,0.373543,0.626266
AAGCGGAGTGCGCGCA-1,0.000159,0.399991,0.59985
AAGCGGCGTCATGGGT-1,0.0002,0.307672,0.692128
AAGCGTCCCTCATCGA-1,0.002132,0.304062,0.693806
AAGCTAGATCGAGTAA-1,0.000209,0.38696,0.612831
AAGCTCTTTCATGGTG-1,0.006211,0.881456,0.112333
AAGGAGCGGTTGGTGC-1,0.00042,0.258425,0.741154
AAGGATGAGGGACCTC-1,0.002101,0.257544,0.740355
AAGGCGCGTAAAGCTT-1,0.000077,0.592198,0.407725
AAGGCTGTGCTCATCG-1,0.000409,0.147666,0.851924
AAGGGAACGACTGGCT-1,0.008404,0.670206,0.321391
AAGGGACAGATTCTGT-1,0.001504,0.004533,0.993963
AAGGGACTATGCATTC-1,0.001957,0.50548,0.492563
AAGGGTTTGATTTCAG-1,0.001553,0.680635,0.317812
AAGGTATCCTAATATA-1,0.002198,0.187938,0.809864
AAGGTGATAAACCAGC-1,0.001414,0.27354,0.725046
AAGTAGAAGACCGGGT-1,0.001211,0.327922,0.670868
AAGTAGTGACGCGAGG-1,0.001107,0.259972,0.73892
AAGTCAATTGTCGTCA-1,0.00304,0.272596,0.724364
AAGTCTAGTAGCTGCC-1,0.001125,0.00339,0.995485
AAGTGAGTCGGGTTTA-1,0.001832,0.266112,0.732057
AAGTGCAAAGGTAGAC-1,0.000173,0.530543,0.469284
AAGTGCCTTGACTGTA-1,0.000794,0.002392,0.996815
AAGTGCGTTAGAATCT-1,0.002232,0.511242,0.486525
AAGTGCTTCTCTATTG-1,0.000465,0.001402,0.998132
AAGTGTTTGGAGACGG-1,0.000505,0.323605,0.675891
AAGTTCACTCCAAGCT-1,0.000595,0.3808,0.618605
AAGTTCAGTCTGCGTA-1,0.000343,0.001034,0.998622
AAGTTCGGCCAACAGG-1,0.000213,0.495802,0.503986
AAGTTGTGATGTTATA-1,0.000684,0.002059,0.997257
AAGTTTACTAATGGCA-1,0.001443,0.345666,0.652891
AAGTTTATGGGCCCAA-1,0.0003,0.171212,0.828488
AATAACACTAGAACAA-1,0.000069,0.863527,0.136404
AATAATCTTCGTATCG-1,0.015873,0.541544,0.442583
AATACAATGTTTCAGG-1,0.00037,0.550295,0.449335
AATACCGGAGGGCTGT-1,0.00025,0.187098,0.812652
AATAGAACAGAGTGGC-1,0.000131,0.597016,0.402852
AATAGAATCTGTTTCA-1,0.00017,0.75264,0.24719
AATAGCTACCGCGTGC-1,0.000386,0.001163,0.998451
AATAGTCCGTCCCGAC-1,0.000501,0.462531,0.536968
AATAGTCGCGAGTCGG-1,0.000514,0.101686,0.8978
AATATCAAGGTCGGAT-1,0.000271,0.241568,0.758161
AATATCCTAGCAAACT-1,0.001473,0.004437,0.99409
AATATCGAATCAATGC-1,0.001429,0.31469,0.683882
AATATCGAGGGTTCTC-1,0.004608,0.834183,0.161208
AATCAGACTGCAGGAC-1,0.000221,0.161466,0.838312
AATCAGGTTTCATTTA-1,0.000627,0.001886,0.997488
AATCATGTAAAGACTC-1,0.001488,0.384222,0.614289
AATCCAAGGGCCTGAG-1,0.000252,0.00076,0.998987
AATCCATGCAAGGGTG-1,0.000217,0.115306,0.884477
AATCGGGACACTACGA-1,0.000484,0.00146,0.998056
AATCGTGAGCCGAGCA-1,0.000299,0.022085,0.977616
AATCTAGGTTTACTTG-1,0.001361,0.708202,0.290438
AATCTATGCCGGAGCC-1,0.001335,0.004024,0.994641
AATCTGCGTTGGGACG-1,0.000798,0.002404,0.996798
AATCTGGCTTTCTAGT-1,0.00152,0.177431,0.821049
AATGACAGCAATGTCT-1,0.004329,0.013052,0.982619
AATGACGTAGGATGTC-1,0.00026,0.026699,0.973041
AATGACTGTCAGCCGG-1,0.000264,0.675375,0.324362
AATGAGTTCGCATATG-1,0.000191,0.454374,0.545435
AATGATGATACGCTAT-1,0.000441,0.383894,0.615665
AATGATGCGACTCCTG-1,0.017857,0.053714,0.928429
AATGCAACCGGGTACC-1,0.000068,0.999728,0.000205
AATGCACCAAGCAATG-1,0.003322,0.288593,0.708084
AATGGTCCACCGTTCA-1,0.000087,0.683609,0.316305
AATGGTTCTCACAAGC-1,0.000148,0.310628,0.689225
AATGTATGGCACTGTA-1,0.000295,0.11154,0.888165
AATGTGCCCGAGGTGT-1,0.000978,0.201033,0.797989
AATGTGCTAATCTGAG-1,0.000323,0.000974,0.998703
AATGTTGTCGTGAGAC-1,0.000264,0.000794,0.998943
AATTAACGGATTTCCA-1,0.002506,0.503707,0.493787
AATTACGAGACCCATC-1,0.005953,0.415357,0.578691
AATTACTCGTACGCTC-1,0.000176,0.094337,0.905488
AATTAGCGCTGCAGCG-1,0.000114,0.529903,0.469983
AATTCATAAGGGATCT-1,0.000464,0.485034,0.514502
AATTCATTGTCATGCA-1,0.002268,0.006835,0.990897
AATTCCAAGCATGTAC-1,0.00047,0.081837,0.917693
AATTCGATTCGAGGAT-1,0.000354,0.14976,0.849885
AATTCTAGAGTTAGGC-1,0.000319,0.462925,0.536756
AATTGAACGCTCTGGT-1,0.000298,0.128829,0.870874
AATTGCAGCAATCGAC-1,0.0002,0.248533,0.751266
AATTGCGTGGATTACA-1,0.00051,0.001536,0.997954
AATTGTGGTTGCCAAA-1,0.001786,0.249158,0.749056
AATTTGGGACATAGTA-1,0.009524,0.028688,0.961788
AATTTGGTTCCAAAGA-1,0.000262,0.078222,0.921517
ACAAACCATGCGTCCT-1,0.005714,0.017215,0.977071
ACAAAGAAGGTAGGCC-1,0.000468,0.001412,0.99812
ACAAAGCATGACCTAG-1,0.000539,0.24846,0.751001
ACAAATCGCACCGAAT-1,0.0002,0.652389,0.347411
ACAAATGGTAGTGTTT-1,0.000347,0.075104,0.924549
ACAAATTCAGATCTGA-1,0.001161,0.420685,0.578154
ACAACAGCATGAGCTA-1,0.000481,0.117371,0.882148
ACAACGGTCCCTGCGA-1,0.000317,0.604135,0.395547
ACAAGCAGTGCCTAGC-1,0.000107,0.000323,0.99957
ACAAGGAAATCCGCCC-1,0.000215,0.251941,0.747843
ACAAGGACAAGAGGTT-1,0.000285,0.193988,0.805726
ACAAGGATGCTTTAGG-1,0.000209,0.192772,0.807019
ACAAGGGCAGGCTCTG-1,0.000298,0.151384,0.848317
ACAATAGTCGTACGTT-1,0.000598,0.200509,0.798893
ACAATGAATACGGAGA-1,0.000204,0.076476,0.92332
ACAATGATTCTTCTAC-1,0.001143,0.28695,0.711907
ACAATTGTGTCTCTTT-1,0.000598,0.265701,0.733701
ACAATTTAGGAGGCTC-1,0.000616,0.134113,0.865271
ACAATTTGAGCAGTGG-1,0.000529,0.001594,0.997877
ACACAAAGACGGGTGG-1,0.000412,0.710738,0.28885
ACACAAATATTCCTAG-1,0.000367,0.318768,0.680865
ACACACCAGGACCAGT-1,0.000764,0.073659,0.925578
ACACACTTTCTACACG-1,0.000364,0.001098,0.998538
ACACATGATCAAATCT-1,0.003861,0.516512,0.479627
ACACATTGACGCAACA-1,0.00012,0.431042,0.568838
ACACCCAGCATGCAGC-1,0.000045,0.997362,0.002593
ACACCCGAGAAATCCG-1,0.000131,0.362162,0.637707
ACACCGAGCGCTCTTT-1,0.000293,0.000882,0.998825
ACACCGGTCTGACCGC-1,0.000444,0.768241,0.231315
ACACCTTAAGTAGGGC-1,0.000112,0.393005,0.606883
ACACGAGACTCCTTCT-1,0.00016,0.524187,0.475653
ACACGGCACTATGCAT-1,0.000238,0.156614,0.843149
ACACGGGAACTTAGGG-1,0.000446,0.024542,0.975011
ACACGTAGGCCACAAG-1,0.000343,0.001032,0.998625
ACACTCCAATGTCACT-1,0.000202,0.21587,0.783928
ACACTGATCAAGGTGT-1,0.000236,0.487098,0.512665
ACACTGGGACAGTCGT-1,0.000598,0.223667,0.775736
ACAGAACTGAGAACAA-1,0.002381,0.669493,0.328126
ACAGATTAGGTTAGTG-1,0.000309,0.17756,0.822131
ACAGCATAGAGCCAGT-1,0.000438,0.134321,0.865241
ACAGCGACATTCTCAT-1,0.002012,0.189345,0.808643
ACAGCGCACCCGCAGC-1,0.000598,0.65176,0.347643
ACAGGCACGGATCCTT-1,0.000163,0.00049,0.999348
ACAGGCTTGCCCGACT-1,0.000518,0.780466,0.219016
ACAGGTGGAGGTGAGG-1,0.000169,0.516528,0.483303
ACAGTAATACAACTTG-1,0.001221,0.30999,0.688789
ACAGTATACCGTGGGA-1,0.000215,0.360806,0.638979
ACATAAGTCGTGGTGA-1,0.001931,0.005818,0.992251
ACATAATAAGGCGGTG-1,0.000335,0.998654,0.001011
ACATCCCGGCCATACG-1,0.000798,0.537066,0.462136
ACATCGTATGCAATGG-1,0.000328,0.207884,0.791788
ACATCGTTAACCTAGT-1,0.000389,0.001173,0.998438
ACATGGCTCAATTTAG-1,0.000216,0.278076,0.721707
ACATTAGTTTATATCC-1,0.000195,0.630894,0.368911
ACCAAACACCCAGCGA-1,0.000373,0.001123,0.998504
ACCAACACCACACACT-1,0.000147,0.299902,0.699951
ACCAACCGCACTCCAC-1,0.000163,0.178364,0.821473
ACCAACGCTTATTTAT-1,0.000169,0.652121,0.347711
ACCAAGAACGCGTGTC-1,0.00018,0.346102,0.653719
ACCAAGTCATCGGCAG-1,0.000768,0.284243,0.714989
ACCAATATGCAAGTTA-1,0.005714,0.340804,0.653482
ACCACAACTCAGAACA-1,0.000535,0.001612,0.997853
ACCACAAGTTTCTATC-1,0.000978,0.002948,0.996073
ACCACCCTCTCTTCTA-1,0.001171,0.303859,0.694971
ACCACGTGCAGCTATA-1,0.000237,0.306516,0.693247
ACCACTGTTCAAGAAG-1,0.000153,0.000462,0.999384
ACCAGTGCCCGGTCAA-1,0.000147,0.435909,0.563944
ACCAGTGCGGGAGACG-1,0.001414,0.286519,0.712066
ACCATCCGCCAACTAG-1,0.001623,0.004892,0.993485
ACCATCGTATATGGTA-1,0.000718,0.465581,0.533701
ACCATTAAGGGTGTCA-1,0.000191,0.089728,0.91008
ACCCAACGCCCGTGGC-1,0.000646,0.058471,0.940882
ACCCACCTACATGCTC-1,0.000184,0.286084,0.713732
ACCCATTTGTCCCTCT-1,0.00015,0.503159,0.496691
ACCCGAGCGAAATTAC-1,0.000473,0.131242,0.868285
ACCCGATTGGTTCCGA-1,0.000261,0.134011,0.865728
ACCCGGAAACTCCCAG-1,0.000352,0.998588,0.00106
ACCCGGAGCACCACAA-1,0.000112,0.39056,0.609328
ACCCGGTTACACTTCC-1,0.000812,0.352986,0.646202
ACCCGTAGTCTAGTTG-1,0.000194,0.000584,0.999223
ACCCGTGTCATCAGTA-1,0.010989,0.033114,0.955897
ACCCTATAGGACTGAG-1,0.000256,0.000771,0.998973
ACCCTATGCCATATCG-1,0.000218,0.881097,0.118685
ACCCTCCCGTCAGGGC-1,0.0002,0.000603,0.999196
ACCCTCCCTTGCTATT-1,0.000281,0.328549,0.67117
ACCCTGGTAACGCCCT-1,0.00044,0.001324,0.998236
ACCCTTCATCTGCGAA-1,0.000262,0.259745,0.739993
ACCCTTGCCTGGGTCG-1,0.000407,0.354594,0.644999
ACCCTTTAGTTCTCCA-1,0.001623,0.157915,0.840462
ACCGAAAGGGCCCTGC-1,0.000412,0.00124,0.998348
ACCGAAGAGTCTGGTT-1,0.000934,0.053663,0.945403
ACCGACACATCTCCCA-1,0.015873,0.936266,0.047861
ACCGACTGAGTCCCAC-1,0.000486,0.06368,0.935835
ACCGAGTCTCCTTATT-1,0.000821,0.204703,0.794475
ACCGATAGGCATAACC-1,0.000312,0.388603,0.611085
ACCGATATTTAATCAT-1,0.005953,0.311089,0.682959
ACCGCAATAACTGCCT-1,0.000158,0.644818,0.355024
ACCGCGGTGGAAGTCG-1,0.001211,0.087933,0.910856
ACCGGGCCTTTGTTGA-1,0.002857,0.008613,0.98853
ACCGGTCAGGTACACC-1,0.005291,0.40891,0.585799
ACCGTCCACTGGGCCC-1,0.000226,0.051016,0.948758
ACCGTGACCACGTGGG-1,0.000603,0.821177,0.17822
ACCTAAGTACCTTTCA-1,0.003759,0.177492,0.818748
ACCTAATCGACTTCCT-1,0.000904,0.439986,0.55911
ACCTACTATAAATCTA-1,0.00027,0.132777,0.866953
ACCTCCGCCCTCGCTG-1,0.008404,0.325683,0.665913
ACCTCGAACTTATGCT-1,0.001221,0.222735,0.776044
ACCTGCGTGTCATGTT-1,0.002597,0.185484,0.811919
ACGAAATGGGCGGCAC-1,0.000768,0.125943,0.873289
ACGACCCATGAGTTGC-1,0.00012,0.623098,0.376782
ACGACTGGTCATACTC-1,0.000286,0.445661,0.554053
ACGAGAACCCATCACG-1,0.000223,0.000672,0.999105
ACGAGATATTTGCTTA-1,0.002646,0.259115,0.738239
ACGAGGATACCACTCT-1,0.007519,0.421655,0.570826
ACGAGGTTTACAACGT-1,0.002342,0.160616,0.837042
ACGAGTACGGATGCCC-1,0.012987,0.039209,0.947803
ACGATACATAGAACTA-1,0.00207,0.219673,0.778256
ACGATCATACATAGAG-1,0.002381,0.680627,0.316992
ACGATGGATCCGATGC-1,0.000306,0.000921,0.998773
ACGCAAACTAATAGAT-1,0.005495,0.977946,0.016559
ACGCAATCACTACAGC-1,0.000367,0.001107,0.998526
ACGCATACGTTTACTA-1,0.000452,0.653983,0.345565
ACGCATTCGTGAGTAC-1,0.000483,0.408891,0.590626
ACGCCAGATGATTTCT-1,0.000527,0.149771,0.849702
ACGCCGCTAGACGACC-1,0.000298,0.182059,0.817644
ACGCGAAGTCAGACGA-1,0.000216,0.300301,0.699482
ACGCGTTTCTTAAGAG-1,0.000106,0.181441,0.818453
ACGCTAGTGATACACT-1,0.009524,0.501639,0.488837
ACGGAATTTAGCAAAT-1,0.000278,0.000837,0.998885
ACGGACTCTCAAAGCG-1,0.003401,0.634709,0.361889
ACGGAGCGCAAATTAC-1,0.000211,0.356311,0.643478
ACGGATGGTGCGGATA-1,0.002976,0.495432,0.501592
ACGGCACTTGCTTGGG-1,0.000118,0.685977,0.313905
ACGGCCAACATGGACT-1,0.000095,0.641367,0.358538
ACGGCGACGATGGGAA-1,0.000114,0.582157,0.417729
ACGGCGGGTTGCCCTG-1,0.008403,0.966263,0.025334
ACGGCTGGATGTAGAA-1,0.005952,0.377634,0.616414
ACGGGAGTGTCGGCCC-1,0.003175,0.285113,0.711712
ACGGGCGTATGCGACA-1,0.001681,0.165718,0.832601
ACGGGTCATGTGACTT-1,0.000235,0.000707,0.999059
ACGTACAGATTTCTCT-1,0.000334,0.093724,0.905942
ACGTACTTTGGCACGG-1,0.000624,0.338837,0.660539
ACGTAGGAGAGTCGCT-1,0.000416,0.001253,0.99833
ACGTCGGGCAACTCGG-1,0.00056,0.117531,0.881908
ACGTCTCGTTCCGGGA-1,0.001701,0.085303,0.912996
ACGTGACAAAGTAAGT-1,0.001808,0.556951,0.44124
ACGTGCGCCTCGTGCA-1,0.010204,0.413829,0.575966
ACGTTATTGGTCACTC-1,0.000164,0.577514,0.422322
ACGTTCCGCGCTCCGT-1,0.00047,0.001416,0.998114
ACGTTCGTTCAGGAAA-1,0.006211,0.975077,0.018712
ACGTTCTGTACAAGTC-1,0.000259,0.184058,0.815683
ACGTTTAGTTGTGATC-1,0.000177,0.529578,0.470245
ACTAAGGACGCACACC-1,0.000243,0.264204,0.735553
ACTAATACGTCAGGCG-1,0.000076,0.612533,0.387391
ACTACAAAGAGAGGTG-1,0.000374,0.057667,0.941959
ACTACATCCCGACAAG-1,0.003484,0.114391,0.882124
ACTACCAGCTCTCTGG-1,0.000057,0.813771,0.186172
ACTACGCGTTAGAATT-1,0.002747,0.306517,0.690735
ACTAGTTGCGATCGTC-1,0.003175,0.400466,0.596359
ACTATATGCTGTGTTC-1,0.000583,0.001756,0.99766
ACTATCGCCGGCTAAA-1,0.000121,0.000365,0.999514
ACTATCTGCCCGCGTA-1,0.010204,0.030709,0.959086
ACTATGTCCAGCTGCC-1,0.006211,0.474993,0.518795
ACTATTCGTCCGTGGT-1,0.000159,0.585921,0.41392
ACTATTTCCGGGCCCA-1,0.004082,0.742826,0.253092
ACTCAACGAATGTATT-1,0.005102,0.555018,0.43988
ACTCAAGTGCAAGGCT-1,0.00044,0.006073,0.993488
ACTCAATAAAGGCACG-1,0.000357,0.266165,0.733478
ACTCAGACCTGCTTCT-1,0.000344,0.001038,0.998618
ACTCATGGCAGCCTTC-1,0.000319,0.000961,0.99872
ACTCCAATATCATCAT-1,0.000704,0.629572,0.369724
ACTCCCATTCCTAAAG-1,0.001742,0.497047,0.501211
ACTCCCGTAGACTAGG-1,0.000516,0.103051,0.896433
ACTCCCTAATGCTAAA-1,0.001984,0.005981,0.992035
ACTCCCTAGAATAGTA-1,0.000338,0.186617,0.813045
ACTCCGGCCGACCACT-1,0.000277,0.128917,0.870805
ACTCGATGTATTTCAT-1,0.000229,0.383649,0.616122
ACTCGCCGTTCGATAA-1,0.000232,0.208651,0.791118
ACTCGTAACCCGTCCT-1,0.010204,0.030751,0.959045
ACTCTAAACCTGGGAT-1,0.000092,0.076219,0.923689
ACTCTCTTATACACGA-1,0.000697,0.110656,0.888647
ACTCTGACCTAATAGA-1,0.000123,0.440888,0.558988
ACTGAAACGCCGTTAG-1,0.000288,0.000868,0.998844
ACTGAATGGCGAAAGT-1,0.000218,0.445953,0.553828
ACTGCCCGCCATTCTC-1,0.000539,0.196386,0.803075
ACTGCCGTCGTAACTC-1,0.000139,0.447031,0.55283
ACTGCTCGGAAGGATG-1,0.000736,0.862349,0.136915
ACTGGCGAACCTGCGT-1,0.000415,0.001252,0.998333
ACTGTACGATACACAT-1,0.000263,0.553691,0.446046
ACTGTAGCACTTTGGA-1,0.000336,0.229941,0.769723
ACTGTATACGCGAGCA-1,0.000289,0.000869,0.998842
ACTGTCCAGGATTATA-1,0.00047,0.055344,0.944186
ACTGTCTTCTTTAGAA-1,0.00014,0.895678,0.104182
ACTGTGCTAGTAGATC-1,0.000168,0.425034,0.574798
ACTTACCGGGCGCGCA-1,0.003861,0.488444,0.507695
ACTTACGCATCCACGC-1,0.006211,0.825549,0.16824
ACTTAGTACGACAAGA-1,0.000195,0.3403,0.659505
ACTTATTTATGTGCCA-1,0.00157,0.352673,0.645757
ACTTCAGGCTGATCCC-1,0.000464,0.122362,0.877174
ACTTCCAGTGGAAGCT-1,0.000444,0.307586,0.691971
ACTTCCATGCGGGACA-1,0.000159,0.61054,0.389301
ACTTCGCCATACGCAC-1,0.000283,0.198052,0.801665
ACTTGGGACCCGGTGG-1,0.000366,0.114856,0.884778
ACTTGTAGTCCCTTCA-1,0.004464,0.286821,0.708714
ACTTGTGGATGGAACG-1,0.004762,0.014353,0.980885
ACTTTCCTATAGCTTC-1,0.001028,0.423012,0.57596
ACTTTGGTCGTGCTCC-1,0.010989,0.033114,0.955896
ACTTTGTCGACGCACT-1,0.001504,0.266814,0.731682
AGAAATTATGACTCGC-1,0.005952,0.405196,0.588852
AGAACCCTCAATTGGG-1,0.001764,0.410675,0.587561
AGAACGTGGTACATTC-1,0.000382,0.594742,0.404876
AGAAGGTACACTTCAC-1,0.000992,0.99602,0.002988
AGAAGGTTGCCGAATT-1,0.000876,0.349582,0.649542
AGAAGGTTGTAGGTCG-1,0.000387,0.001167,0.998446
AGAAGTGATTCGTGAT-1,0.004464,0.013459,0.982076
AGAATGCGGGTTCGGA-1,0.000411,0.012219,0.987371
AGAATTGTTTGACATA-1,0.000224,0.171341,0.828435
AGACAGCTCAGAATCC-1,0.000127,0.392786,0.607087
AGACAGGCATCTCAGC-1,0.014286,0.043081,0.942633
AGACATAGATCCTTCC-1,0.000722,0.274802,0.724477
AGACCAAACCACACCT-1,0.000649,0.86887,0.130481
AGACCATGGGATACAA-1,0.00019,0.00345,0.99636
AGACCCACCGCTGATC-1,0.000392,0.154747,0.844861
AGACCCGCCCTCCTCG-1,0.000085,0.73412,0.265795
AGACCGCTCCGCGGTT-1,0.005714,0.292938,0.701348
AGACGAAGTGCCGGTC-1,0.000693,0.200041,0.799266
AGACGACGATGCCGCT-1,0.000362,0.638489,0.36115
AGACGCCCACTTCGCC-1,0.000281,0.439188,0.560531
AGACGGGCCGATTTAA-1,0.000091,0.301104,0.698804
AGACTAGCCTTCCAGA-1,0.000207,0.833245,0.166548
AGACTGTTACCGGGTC-1,0.008403,0.025323,0.966273
AGAGAAACACCAGAAA-1,0.000238,0.226398,0.773364
AGAGAACCGTCTAGGA-1,0.000397,0.313368,0.686236
AGAGAAGGAGTACAAT-1,0.000866,0.318811,0.680323
AGAGCAGTTATGAGAC-1,0.000141,0.321057,0.678801
AGAGCCGCCGAGATTT-1,0.000554,0.001668,0.997778
AGAGCGCTTGTAACGG-1,0.000426,0.274545,0.725029
AGAGCGGGCTAATCAT-1,0.000131,0.527526,0.472343
AGAGCGTACAAGCTCG-1,0.000325,0.233119,0.766556
AGAGCTACGAAAGCAT-1,0.000209,0.00063,0.999161
AGAGGCTTCGGAAACC-1,0.001181,0.547641,0.451178
AGAGTAAACTTCACTA-1,0.002916,0.417094,0.579991
AGAGTTGCAGGCCTCC-1,0.000329,0.315818,0.683853
AGATAACTTCAGGGCC-1,0.000212,0.035764,0.964024
AGATACCAATAGAACC-1,0.00028,0.365932,0.633788
AGATACCAGCACTTCA-1,0.000201,0.207644,0.792155
AGATACGACTTCATAT-1,0.000166,0.473288,0.526546
AGATACTCAAGATCGA-1,0.000198,0.386552,0.61325
AGATATAATACGACTA-1,0.000292,0.000879,0.99883
AGATCGTGCATAAGAT-1,0.006211,0.018702,0.975087
AGATCTCAGGTGTGAT-1,0.000521,0.226754,0.772724
AGATGACTCGCCCACG-1,0.000131,0.764552,0.235317
AGATGAGGGTTGCGAT-1,0.000845,0.002548,0.996607
AGATGCAAGACGTGCA-1,0.000444,0.060422,0.939134
AGATGCATCCTGTGTC-1,0.002976,0.008974,0.98805
AGATGCTATAACGAGC-1,0.00008,0.186509,0.813411
AGATTCACAACCGATA-1,0.000624,0.322126,0.67725
AGCAAAGGCCGCTAGT-1,0.003968,0.677201,0.318831
AGCAACCGAAAGTAAT-1,0.000185,0.340411,0.659404
AGCACACGTTTAGACT-1,0.000285,0.074222,0.925493
AGCACCAGTACTCACG-1,0.000882,0.207835,0.791283
AGCACTACCTCACCAG-1,0.000317,0.798548,0.201135
AGCACTTAAGGACGCC-1,0.000176,0.121791,0.878033
AGCAGAAGGAGAAAGA-1,0.000245,0.00074,0.999015
AGCAGCCAGATGAATA-1,0.000211,0.636094,0.363695
AGCATATCAATATGCT-1,0.001348,0.004062,0.99459
AGCATCATTTCGAAAG-1,0.007519,0.564912,0.427569
AGCATCGTCGATAATT-1,0.000153,0.674383,0.325464
AGCATTACGAGGCAAG-1,0.000328,0.000987,0.998685
AGCCAAGCTTTGTGTC-1,0.000507,0.092463,0.90703
AGCCACAGGTTACCCG-1,0.000256,0.469255,0.530489
AGCCACTCCCGTGCTT-1,0.001701,0.662531,0.335768
AGCCATATAGTATGTG-1,0.000404,0.001216,0.99838
AGCCCATACATGTAAG-1,0.000452,0.147475,0.852073
AGCCCGCAACAAGCAG-1,0.000199,0.078285,0.921516
AGCCCGGCATTAGAGG-1,0.00084,0.002533,0.996627
AGCCCGGTAGCCTGTA-1,0.000444,0.001337,0.998219
AGCCCTAAGCGAAGTT-1,0.000136,0.574425,0.425439
AGCCCTCCCTGGTGGC-1,0.000406,0.001223,0.998371
AGCCCTTCTAATCCGA-1,0.000331,0.841136,0.158533
AGCCCTTGGACATCCC-1,0.000098,0.849295,0.150607
AGCCGCTTGATTAGCG-1,0.000139,0.000418,0.999443
AGCCGTGGCTAAATGT-1,0.009524,0.708186,0.28229
AGCCTAATACCCACGT-1,0.000402,0.194525,0.805072
AGCCTTAAAGCGGAAG-1,0.000163,0.440939,0.558899
AGCGACAGGAACGGTC-1,0.000402,0.366329,0.633269
AGCGACATCCCATTCA-1,0.005102,0.347096,0.647802
AGCGACCAACGATATT-1,0.000283,0.277215,0.722501
AGCGAGACGTGAAGGC-1,0.000207,0.181679,0.818114
AGCGATGCGCCTAATA-1,0.000332,0.001001,0.998667
AGCGCATAATGAATCG-1,0.000232,0.956534,0.043235
AGCGCGGGTGCCAATG-1,0.000336,0.461788,0.537876
AGCGCTTATGGGCAAG-1,0.000109,0.449359,0.550532
AGCGGACACTTCGTAG-1,0.000212,0.999148,0.000639
AGCGGCGGTTAGCGGT-1,0.000518,0.501746,0.497737
AGCGGGAAGGGTCCAT-1,0.000153,0.373577,0.626269
AGCGGGTCTGACACTC-1,0.000287,0.000866,0.998846
AGCGGTTGCCGCTCTG-1,0.000297,0.089751,0.909952
AGCGTACGAGAGCTAG-1,0.00015,0.620623,0.379227
AGCGTCTGAACCCGCA-1,0.015873,0.522864,0.461263
AGCGTGGTATTCTACT-1,0.000246,0.311017,0.688737
AGCTAACAAGCAATGT-1,0.000816,0.394413,0.604771
AGCTAAGTACGCAGGC-1,0.000215,0.215911,0.783874
AGCTAGAAGCAGAAGT-1,0.015873,0.936261,0.047865
AGCTATTTAATCCAAC-1,0.000292,0.138833,0.860875
AGCTCCATATATGTTC-1,0.000268,0.253009,0.746723
AGCTCCTTCGCACATC-1,0.000383,0.463779,0.535838
AGCTCGTTGATGGAAA-1,0.000671,0.002021,0.997309
AGCTCTTCCCAGTGCA-1,0.001931,0.608537,0.389532
AGCTGAAGTAAACCAA-1,0.001035,0.00312,0.995845
AGCTGTAACCTCAATC-1,0.00085,0.6557,0.343449
AGCTTATAGAGACCTG-1,0.001742,0.284404,0.713854
AGCTTCTTCTCGAGCA-1,0.000358,0.001079,0.998563
AGGAAAGCCTCTGATG-1,0.002132,0.301677,0.696191
AGGAACGAACGACTTC-1,0.000143,0.749095,0.250761
AGGAAGCTGTCCGCCG-1,0.008404,0.248131,0.743465
AGGACAGTCGAATCCC-1,0.000434,0.001308,0.998257
AGGACATCGCACGTCG-1,0.000255,0.498029,0.501716
AGGACATCGGCACACT-1,0.000409,0.001233,0.998358
AGGACGACCCATTAGA-1,0.000377,0.177441,0.822182
AGGACGCTCGATGTTG-1,0.015873,0.047846,0.936281
AGGACTTATAGGAGAA-1,0.000159,0.017012,0.982829
AGGAGGCCTTCGCGCG-1,0.000789,0.039648,0.959563
AGGATAAAGTCGGGAT-1,0.000286,0.338964,0.66075
AGGATATAGGGATTTA-1,0.001931,0.005816,0.992254
AGGATCACGCGATCTG-1,0.004464,0.450131,0.545404
AGGCACGTGACTGTCC-1,0.000185,0.306275,0.69354
AGGCAGATGCGTAAAC-1,0.000245,0.359983,0.639773
AGGCAGGGAGCGTACT-1,0.000343,0.601721,0.397936
AGGCATTGTCGTAGGG-1,0.001414,0.165689,0.832897
AGGCCACCCGTTATGA-1,0.000298,0.195906,0.803796
AGGCCCAGTGACTGGT-1,0.000148,0.000447,0.999404
AGGCCCATTGTACAGG-1,0.000313,0.000944,0.998743
AGGCCCTAGAACGCCA-1,0.000341,0.408963,0.590696
AGGCCTATCATACCAA-1,0.003247,0.273988,0.722765
AGGCCTGAGAATCTCG-1,0.000096,0.851615,0.148289
AGGCGATAACTGGCGT-1,0.000336,0.13612,0.863544
AGGCGGTTTGTCCCGC-1,0.002976,0.008971,0.988053
AGGCGTCTATGGACGG-1,0.000248,0.065994,0.933758
AGGCTATGGTTAGCTT-1,0.000345,0.67276,0.326895
AGGCTTCCCGAAGAAG-1,0.000143,0.835827,0.16403
AGGCTTGCTAGACACC-1,0.000539,0.323764,0.675697
AGGGAAACGAGGTACT-1,0.000273,0.000823,0.998904
AGGGACAGCACGGCGG-1,0.001201,0.267111,0.731689
AGGGACTCTACGCGAC-1,0.000104,0.772921,0.226975
AGGGCAGCGGCGTGGT-1,0.000484,0.040405,0.959111
AGGGCCCTAATGTTCT-1,0.00023,0.313678,0.686092
AGGGCGAGCAGCTGAT-1,0.000501,0.00151,0.997988
AGGGCGTGATCGGCTA-1,0.00013,0.214595,0.785274
AGGGTCAGAGCACTCG-1,0.000348,0.001047,0.998605
AGGGTCAGTAACCCTA-1,0.000228,0.438013,0.561759
AGGGTCTGGACGCAGT-1,0.000405,0.001218,0.998378
AGGGTGCCGTTCTTTA-1,0.000812,0.002446,0.996742
AGGGTGGATAGTGCAT-1,0.000232,0.011527,0.988241
AGGGTTCAGACGGTCC-1,0.000307,0.000926,0.998767
AGGGTTCCCTTTGGTT-1,0.001066,0.003213,0.995721
AGGGTTTAGTTCGGGA-1,0.000621,0.342602,0.656777
AGGTAACCTCCTATTC-1,0.000185,0.113113,0.886702
AGGTACGATATTGCCA-1,0.006803,0.020514,0.972683
AGGTAGATCGAGATAT-1,0.000189,0.273011,0.7268
AGGTCAGGTGAGAGTG-1,0.001661,0.179553,0.818785
AGGTCGCCTCCCAACA-1,0.000126,0.000379,0.999495
AGGTCGCGGAGTTACT-1,0.035716,0.108087,0.856198
AGGTGCACGTCCACAT-1,0.002551,0.474082,0.523367
AGGTGGTGACCTTCGC-1,0.014286,0.043069,0.942645
AGGTGTTGCCGACCAC-1,0.000244,0.263827,0.735929
AGGTTCTCCTTTCCGG-1,0.000687,0.094166,0.905147
AGGTTGAGGCACGCTT-1,0.002551,0.007688,0.989761
AGTAATGTCTTGCCGC-1,0.000309,0.1365,0.863191
AGTAATTTGCAAGCGT-1,0.001287,0.449293,0.54942
AGTACAGAAGCTTATA-1,0.000641,0.20713,0.792229
AGTACCTTCGAGTGCT-1,0.002132,0.515617,0.482251
AGTACGGGCACCTGGC-1,0.000812,0.002447,0.996742
AGTACGTGGCCTGTCT-1,0.002916,0.410567,0.586518
AGTACTCTTATGCCCA-1,0.000364,0.338401,0.661235
AGTAGAAGGCGCCTCA-1,0.000291,0.000877,0.998832
AGTAGGAAGGAAGTTG-1,0.000608,0.552481,0.446911
AGTAGGTAACATACAT-1,0.000153,0.518202,0.481645
AGTATAATACTAGGCA-1,0.000182,0.542526,0.457292
AGTATACACAGCGACA-1,0.000349,0.032794,0.966857
AGTATGCTGGAGACCA-1,0.000512,0.001543,0.997945
AGTATTTGGCACGACC-1,0.002976,0.988053,0.008971
AGTCAAATGATGTGAT-1,0.000248,0.184614,0.815138
AGTCAAGATGACACTT-1,0.00018,0.880284,0.119536
AGTCACTAGCTCTCGA-1,0.000959,0.538853,0.460188
AGTCACTCCGCCTCAT-1,0.017858,0.053849,0.928294
AGTCAGCCACCGCCTG-1,0.000184,0.315644,0.684172
AGTCCCGCCTTTAATT-1,0.008929,0.345968,0.645103
AGTCGGCCCAAACGAC-1,0.000032,0.925359,0.074609
AGTCGGCTCAACTTTA-1,0.001832,0.005517,0.992652
AGTCGTATAAAGCAGA-1,0.0007,0.00211,0.997189
AGTCGTCGACCACCAA-1,0.000256,0.293057,0.706687
AGTCGTGGGCATTACG-1,0.000722,0.341309,0.65797
AGTCTCACAAGACTAC-1,0.000752,0.171056,0.828193
AGTCTGGACATCCTTG-1,0.000311,0.068486,0.931203
AGTCTTCTCCTCAAAT-1,0.00015,0.685651,0.314199
AGTCTTTAAAGTGTCC-1,0.000464,0.001398,0.998138
AGTGAACAAACTTCTC-1,0.000368,0.254035,0.745597
AGTGAAGATGGTGTCC-1,0.000629,0.001896,0.997474
AGTGACCTACTTTACG-1,0.000375,0.11381,0.885815
AGTGACTGTGACACAA-1,0.000826,0.271283,0.727891
AGTGAGCCTCGCCGCC-1,0.001957,0.195474,0.802569
AGTGAGGGTTTCTGAC-1,0.000169,0.124812,0.875019
AGTGAGTCGAATTAAC-1,0.000364,0.001095,0.998541
AGTGATAACCTGCGCG-1,0.000264,0.000794,0.998942
AGTGATATGAGTAGTT-1,0.00059,0.212542,0.786868
AGTGCACGCTTAAGAA-1,0.001116,0.103364,0.89552
AGTGCGTAGCTCGTAA-1,0.000354,0.125083,0.874562
AGTGCTAAACACAGCA-1,0.000232,0.0007,0.999068
AGTGGCGGCAATTTGA-1,0.000821,0.29473,0.704449
AGTGGCGTCTGAAGGT-1,0.000206,0.317994,0.6818
AGTGGGAGTATACACG-1,0.000133,0.504976,0.494892
AGTGGTGTTACCCGTG-1,0.001931,0.005821,0.992249
AGTGTATTGCGCATTG-1,0.006494,0.675205,0.318301
AGTGTGCTAAGATCGC-1,0.000261,0.083844,0.915895
AGTGTGGTCTATTGTG-1,0.000255,0.208967,0.790779
AGTTAAGCGGTCCCGG-1,0.005495,0.016538,0.977967
AGTTAAGTCAACCGCT-1,0.003106,0.646258,0.350636
AGTTACCCTTAAGACT-1,0.000711,0.265892,0.733398
AGTTACCGCACATGGT-1,0.00022,0.524578,0.475202
AGTTACTCTATCGTGG-1,0.000441,0.001328,0.998231
AGTTCACCGGTTGGAC-1,0.000283,0.000852,0.998865
AGTTCCTACAGAATTA-1,0.000397,0.109106,0.890497
AGTTCCTATTTATGTT-1,0.000952,0.139442,0.859606
AGTTCTGCGTTGTATC-1,0.000257,0.124854,0.874889
AGTTGACATCGGCTGG-1,0.000377,0.001135,0.998488
AGTTGACGGTCCTTGC-1,0.000315,0.014099,0.985586
AGTTGCTGACTGATAT-1,0.000229,0.141831,0.85794
AGTTGGCAAGGCTAGA-1,0.000175,0.000527,0.999298
AGTTTCGCAGGTCGGA-1,0.000303,0.051366,0.94833
AGTTTGCACCTGCCTC-1,0.005953,0.017959,0.976088
AGTTTGGCACGGGTTG-1,0.003322,0.902144,0.094533
AGTTTGGCCAGACCTA-1,0.001323,0.003987,0.99469
ATAAACGGACCCGTAA-1,0.000284,0.396317,0.603399
ATAAACGTTGCACCAC-1,0.000324,0.012766,0.98691
ATAAAGGCTCGGTCGT-1,0.001808,0.402155,0.596037
ATAACGGAGTCCAACG-1,0.001786,0.395991,0.602223
ATAACGTTACCTCCAC-1,0.000337,0.001015,0.998648
ATAAGCAAACACCGAG-1,0.001361,0.186775,0.811865
ATAAGGTGGAGAACAT-1,0.000241,0.21866,0.781099
ATAAGTACCCGATTGT-1,0.00036,0.318323,0.681317
ATAAGTAGGATTCAGA-1,0.02381,0.071586,0.904605
ATAAGTTACCGCGACG-1,0.000304,0.306848,0.692848
ATAATACCGTTAGCCG-1,0.000223,0.167749,0.832028
ATAATAGCTGTTGAAT-1,0.000353,0.263335,0.736312
ATAATAGTGTAGGGAC-1,0.00022,0.000663,0.999117
ATAATCTTGGAGAACC-1,0.008403,0.506303,0.485293
ATAATTAGCTAAGTAG-1,0.000141,0.757898,0.241961
ATACAGGCCCTCCAAT-1,0.002463,0.158118,0.839419
ATACCAGGCTAATAGA-1,0.000512,0.001544,0.997944
ATACCGTCATCCATAA-1,0.000215,0.267889,0.731895
ATACCTAACCAAGAAA-1,0.004608,0.332958,0.662433
ATACGGAACGTCGTTT-1,0.00036,0.001084,0.998556
ATACGGGTTTCGATTG-1,0.001605,0.00484,0.993554
ATACGTACTTAGCCAC-1,0.00304,0.581007,0.415954
ATACGTCCACTCCTGT-1,0.000674,0.572073,0.427253
ATACGTTATGCACGGA-1,0.000549,0.16945,0.83
ATACTACCCGTACCAC-1,0.000355,0.067045,0.9326
ATACTAGCATGACCCT-1,0.000182,0.807117,0.1927
ATACTCTCGCCACTCT-1,0.00051,0.001536,0.997953
ATACTGCCTTACACCG-1,0.006211,0.018735,0.975054
ATACTTGTTCTCGAGC-1,0.000736,0.039095,0.960169
ATAGACAACGGGACCT-1,0.00188,0.384185,0.613936
ATAGACGAAGAGAAAG-1,0.000246,0.182377,0.817377
ATAGAGTACTGGGACA-1,0.000063,0.869745,0.130191
ATAGAGTTATCAACTT-1,0.004762,0.014347,0.980891
ATAGCAACTAGGGAAG-1,0.000198,0.193755,0.806047
ATAGCCTCAGTACCCA-1,0.000328,0.000987,0.998685
ATAGCTGCTCTTGTTA-1,0.000217,0.145839,0.853944
ATAGGCGGCTATAGAA-1,0.000725,0.002185,0.99709
ATAGGCTAGCTTCGCA-1,0.02381,0.071852,0.904338
ATAGGGATATCCTTGA-1,0.000346,0.363263,0.636392
ATAGGTTGGGCAGATG-1,0.000671,0.364172,0.635157
ATAGTCTTTGACGTGC-1,0.00085,0.002559,0.99659
ATATAAAGCGCTCGTG-1,0.004608,0.344458,0.650934
ATATAAATGTAGCTGC-1,0.04762,0.143188,0.809193
ATATAACACGGGCGCA-1,0.000404,0.001216,0.998381
ATATACATGTATGGTA-1,0.006494,0.019574,0.973933
ATATACGCTCGTGACG-1,0.00047,0.001416,0.998114
ATATAGAGTATTGGTC-1,0.007143,0.021528,0.971329
ATATCAATTCCAGCCT-1,0.001401,0.09405,0.90455
ATATCGTTCCTCGAAC-1,0.000243,0.30234,0.697417
ATATCTCCCTCGTTAA-1,0.003106,0.009366,0.987528
ATATGGGATAGCAACT-1,0.000459,0.574919,0.424621
ATATGTGCACAAACCA-1,0.000512,0.426274,0.573214
ATATTATCCCGTATTT-1,0.000269,0.43187,0.567862
ATATTCAGTTAAACCT-1,0.000436,0.181819,0.817746
ATATTCCACATAGTGA-1,0.000207,0.642795,0.356997
ATATTCCCACAGGTCA-1,0.000382,0.349776,0.649842
ATATTGCTGTCAAAGT-1,0.000119,0.624767,0.375114
ATATTGGAGAGGCCTT-1,0.000276,0.155547,0.844176
ATATTTAACCCTCAAG-1,0.00051,0.069745,0.929744
ATCAAACACTGTTCCA-1,0.002232,0.006727,0.991041
ATCAAACGAAGGTTTG-1,0.00105,0.003166,0.995784
ATCAATGCCGTGGCTG-1,0.004082,0.42668,0.569238
ATCACATTAGAATATC-1,0.001311,0.499489,0.4992
ATCACGTGCTAATTAA-1,0.000158,0.748248,0.251594
ATCACTTCATCCTCGC-1,0.000412,0.669867,0.329721
ATCAGACGGCACGCCG-1,0.000303,0.330455,0.669242
ATCAGCCTCATGCTGC-1,0.000279,0.435795,0.563926
ATCAGCTCGTCCACTA-1,0.010989,0.357902,0.631109
ATCAGGTCGCCATTGC-1,0.000193,0.178739,0.821068
ATCAGTAGGCAGGGAT-1,0.00188,0.302749,0.695371
ATCATAGCCCTATGTA-1,0.00014,0.599541,0.400318
ATCATTGTACCGCATT-1,0.000297,0.000895,0.998808
ATCCAACGCAGTCATA-1,0.000057,0.900804,0.099139
ATCCAATGGAGGGTCC-1,0.000118,0.838556,0.161326
ATCCACATCGACAGAA-1,0.001786,0.005384,0.99283
ATCCAGAGCAACAACC-1,0.000065,0.822804,0.17713
ATCCCATCCACAGCGC-1,0.008929,0.770918,0.220153
ATCCCATTTCCGTGGG-1,0.000866,0.083955,0.915179
ATCCGGACCAGCCTGA-1,0.000133,0.614381,0.385485
ATCCTACCTAAGCTCT-1,0.000461,0.206992,0.792547
ATCCTGCGTGGAATGG-1,0.000369,0.121114,0.878517
ATCCTGCTGCAGATAG-1,0.001414,0.148191,0.850395
ATCCTTCTGAAAGAAC-1,0.000807,0.48376,0.515433
ATCGACCCAATACAGA-1,0.000493,0.293122,0.706386
ATCGACTCTTTCCGTT-1,0.000098,0.921919,0.077983
ATCGCACGATTGTTCA-1,0.00035,0.306316,0.693333
ATCGCACGCCGGGAGA-1,0.000193,0.748871,0.250936
ATCGCCAGTCAACATT-1,0.002551,0.007686,0.989763
ATCGCTGCGTGCAGCA-1,0.000335,0.330026,0.669639
ATCGGAGACAGACGGC-1,0.000397,0.278182,0.721421
ATCGGCAAGCAGTCCA-1,0.015873,0.93632,0.047807
ATCGTATTCCGAGAAC-1,0.000583,0.001757,0.99766
ATCGTCCAATCGAGTC-1,0.00023,0.000692,0.999078
ATCGTGGAAAGTCTGG-1,0.002381,0.480055,0.517564
ATCGTTAGCTAGCGGA-1,0.000298,0.158777,0.840925
ATCGTTCACTTTCGCC-1,0.006494,0.019551,0.973955
ATCTAACGTCCCTATG-1,0.000413,0.202603,0.796984
ATCTAATATCCTACGG-1,0.001058,0.521456,0.477486
ATCTACCATCTGCTCC-1,0.000661,0.001992,0.997347
ATCTAGCTTGTGAGGG-1,0.000327,0.149165,0.850508
ATCTCCCACGGAATAT-1,0.000277,0.032788,0.966935
ATCTCCCTGCAATCTA-1,0.000164,0.633801,0.366035
ATCTCGTGAGCGAAAC-1,0.000668,0.265537,0.733795
ATCTGACATGGAAGGA-1,0.004464,0.413186,0.582349
ATCTGATAGTGTCTTA-1,0.000066,0.947642,0.052292
ATCTGCACCTCTGCGA-1,0.001623,0.651324,0.347052
ATCTGCTGTTATCGCC-1,0.000383,0.133008,0.866609
ATCTGGGCTGTTCTTG-1,0.011905,0.035855,0.95224
ATCTGGTTAAGACTGT-1,0.00029,0.578227,0.421482
ATCTGTAATTGTACCC-1,0.000333,0.001003,0.998664
ATCTTAGGGCATTAAT-1,0.000826,0.19238,0.806794
ATCTTATCGCACACCC-1,0.000351,0.090959,0.90869
ATCTTGACCTGCAACG-1,0.000094,0.999621,0.000285
ATGAAGCCAAGGAGCC-1,0.000049,0.999803,0.000148
ATGAAGTGGACCCAGC-1,0.000186,0.335905,0.66391
ATGACGCCGGCTCTAA-1,0.000278,0.084198,0.915524
ATGACGCGTTCTATCC-1,0.00304,0.313298,0.683662
ATGACTATCAGCTGTG-1,0.004926,0.599138,0.395935
ATGACTATGCGACATT-1,0.000305,0.682392,0.317303
ATGAGGAGTGTTAATC-1,0.000083,0.882712,0.117205
ATGATCGGGAATAGAC-1,0.000405,0.367602,0.631993
ATGATGCAATGGTACA-1,0.000445,0.076986,0.922569
ATGCACCTTCCTTAAT-1,0.000203,0.000612,0.999184
ATGCACGCGCTGTTCA-1,0.000521,0.754865,0.244613
ATGCACTACCGCATTG-1,0.000203,0.72613,0.273667
ATGCATGATCCAGGAT-1,0.002421,0.057134,0.940445
ATGCCAATCGCTCTGC-1,0.00019,0.537246,0.462563
ATGCCATTTGCGACCA-1,0.004202,0.012658,0.98314
ATGCCGGTCTTGCATA-1,0.00013,0.279813,0.720057
ATGCCGGTTGATGGGA-1,0.003175,0.009562,0.987264
ATGCGACAATTGGTCC-1,0.000235,0.253618,0.746147
ATGCGAGTCCCACCAC-1,0.00094,0.633366,0.365694
ATGCTCAGTGTTGCAT-1,0.000276,0.030102,0.969621
ATGCTCTGGCGCGGTA-1,0.003571,0.631584,0.364844
ATGCTTAGGAGTTGAT-1,0.000567,0.385384,0.614049
ATGGAAATTTAAGGAG-1,0.002342,0.626321,0.371337
ATGGATCCGGCGTCCG-1,0.00051,0.001537,0.997953
ATGGATTGACCAAACG-1,0.000437,0.500337,0.499226
ATGGCAGCATTACGAT-1,0.005953,0.017948,0.9761
ATGGCTGGAAATGGCC-1,0.000407,0.458869,0.540724
ATGGGACCTGCTGAAC-1,0.000358,0.0051,0.994542
ATGGGCCTCGGCCTCT-1,0.000276,0.447112,0.552612
ATGGGTGTATACCTCC-1,0.015873,0.936245,0.047882
ATGGTATTTACTGATT-1,0.000756,0.078929,0.920315
ATGGTCGCGTGGTTTC-1,0.000303,0.247413,0.752284
ATGTACATGCGGTGAG-1,0.000242,0.000728,0.99903
ATGTACGATGACGTCG-1,0.000229,0.255495,0.744276
ATGTAGCGCGCGTAGG-1,0.00068,0.00205,0.99727
ATGTCATTTCCCATTG-1,0.000143,0.500649,0.499208
ATGTGAAAGCCTAATG-1,0.001348,0.004061,0.994592
ATGTGCATCCGACGCA-1,0.000069,0.8952,0.104731
ATGTGGACATCTTGAT-1,0.000315,0.346645,0.65304
ATGTGTAGTTTAGTCA-1,0.001905,0.339499,0.658596
ATGTTACGAGCAATAC-1,0.000186,0.314992,0.684822
ATGTTCCTGCCCACCT-1,0.000441,0.001328,0.998231
ATGTTGATTAGAGACT-1,0.000378,0.080741,0.918881
ATGTTGTAGTCTGTTT-1,0.000578,0.312598,0.686824
ATTAAACATGCGGACC-1,0.000421,0.294807,0.704772
ATTAACACCTGAGATA-1,0.000132,0.000399,0.999469
ATTAATACTACGCGGG-1,0.00013,0.894579,0.105291
ATTAATGAACCAGTCG-1,0.001374,0.267148,0.731479
ATTAATTCGGTCACTC-1,0.000261,0.335824,0.663915
ATTACAACTACCGGCC-1,0.004608,0.013896,0.981495
ATTACATGTCAGTCTT-1,0.000992,0.292619,0.706389
ATTACCACACTGCCTG-1,0.000748,0.112651,0.886601
ATTACGACTCCACAGT-1,0.000618,0.001863,0.997518
ATTACGGGCTACGGTT-1,0.000527,0.311545,0.687928
ATTACTAGCCTCTTGC-1,0.000182,0.305065,0.694753
ATTACTTACTGGGCAT-1,0.008929,0.026939,0.964132
ATTAGATTCCTCAGCA-1,0.000415,0.001251,0.998333
ATTAGATTGATAGCGG-1,0.000102,0.99959,0.000307
ATTATACTTTGCTCGT-1,0.001191,0.003588,0.995221
ATTATCGGAATGTACG-1,0.000176,0.717771,0.282053
ATTATCTCGACAGATC-1,0.000339,0.001019,0.998642
ATTATGAGACCCAATT-1,0.000312,0.086313,0.913375
ATTATGCCATAGGGAG-1,0.000081,0.829217,0.170702
ATTATGCTCAGTATTG-1,0.004202,0.983124,0.012675
ATTATTATGTCCGTCA-1,0.005291,0.292349,0.70236
ATTATTCAGAGTCACT-1,0.005495,0.2555,0.739005
ATTCAAAGTACCTGTT-1,0.000145,0.036886,0.962969
ATTCAACCATTTAAGG-1,0.000331,0.110798,0.888871
ATTCACTGATGTTGGA-1,0.002646,0.508439,0.488916
ATTCAGGACCTATTTC-1,0.002857,0.922121,0.075022
ATTCAGTAGCAGGGTC-1,0.000317,0.156714,0.842969
ATTCATATACTGTCCA-1,0.000611,0.37593,0.62346
ATTCATCGTTGAGGCA-1,0.000343,0.199864,0.799793
ATTCCCACATAAACAA-1,0.000181,0.611713,0.388106
ATTCCCGAAGGTACAG-1,0.002381,0.007181,0.990438
ATTCCTAAGACGTGGA-1,0.000179,0.182015,0.817807
ATTCCTCCGCCAGTGC-1,0.000199,0.119317,0.880484
ATTCCTTCCAGGCGGT-1,0.000247,0.451881,0.547872
ATTCGCAGAGGACACT-1,0.000574,0.001729,0.997698
ATTCGCGCCTTGAGAG-1,0.000303,0.328697,0.671
ATTCTCGTCTCTTTAG-1,0.000404,0.192631,0.806965
ATTCTGAGTATGAACT-1,0.008929,0.026917,0.964154
ATTCTTCGTACTTATG-1,0.00047,0.169999,0.829531
ATTGAAGATCTTAGTG-1,0.000733,0.002208,0.997059
ATTGACCGGCGATGAC-1,0.0002,0.110912,0.888889
ATTGACGTAACTCGGT-1,0.000208,0.293852,0.70594
ATTGATAGCAACGAGA-1,0.000211,0.000635,0.999154
ATTGATCACCACATTT-1,0.002101,0.290996,0.706903
ATTGCCTATTAGACCG-1,0.000356,0.001073,0.998571
ATTGCCTTTATGTTTG-1,0.008929,0.826049,0.165023
ATTGCGATCAGTAACT-1,0.000934,0.002814,0.996252
