Barcode,Topic 1,Topic 2,Topic 3,Topic 4,Topic 5,Topic 6to7,Topic 8to9
AAACAACGAATAGTTC-1,0.000576,0.414465,0.269174,0.312905,0.000576,0.001152,0.001152
AAACAAGTATCTCCCA-1,0.000032,0.032985,0.000032,0.466878,0.000032,0.023691,0.476351
AAACAATCTACTAGCA-1,0.001389,0.00139,0.045495,0.483228,0.00139,0.00278,0.464328
AAACACCAATAACTGC-1,0.000028,0.03865,0.011464,0.37412,0.398387,0.063231,0.11412
AAACAGCTTTCAGAAG-1,0.000061,0.01116,0.014384,0.889203,0.000061,0.000123,0.085007
AAACAGGGTCTATATT-1,0.000022,0.001594,0.000705,0.029282,0.151734,0.03804,0.778623
AAACATTTCCCGGATT-1,0.000033,0.078372,0.007043,0.310582,0.060697,0.136341,0.406933
AAACCCGAACGAAATC-1,0.000028,0.103221,0.26957,0.096276,0.105005,0.08067,0.345229
AAACCGGAAATGTTAA-1,0.000026,0.01556,0.002092,0.180893,0.076923,0.328176,0.396329
AAACCGGGTAGGTACC-1,0.000059,0.101836,0.021348,0.63212,0.000059,0.02396,0.220619
AAACCGTTCGTCCAGG-1,0.000026,0.148629,0.000026,0.136794,0.148401,0.070329,0.495795
AAACCTAAGCAGCCGG-1,0.00007,0.157213,0.00007,0.825453,0.00007,0.000294,0.016829
AAACCTCATGAAGTTG-1,0.000025,0.000025,0.000025,0.015072,0.237531,0.061626,0.685696
AAACGAAGAACATACC-1,0.000206,0.262382,0.000206,0.441684,0.000206,0.11863,0.176686
AAACGAAGATGGAGTA-1,0.000027,0.03685,0.000027,0.16312,0.044743,0.089875,0.665358
AAACGAGACGGTTGAT-1,0.000068,0.346884,0.021359,0.358691,0.008912,0.009447,0.25464
AAACGCTGGGCACGAC-1,0.000153,0.101433,0.000153,0.00107,0.000153,0.000307,0.89673
AAACGGGCGTACGGGT-1,0.000078,0.000078,0.000078,0.999378,0.000078,0.000156,0.000156
AAACGGGTTGGTATCC-1,0.000437,0.000438,0.968773,0.028163,0.000438,0.000875,0.000875
AAACGGTTGCGAACTG-1,0.000058,0.28599,0.000058,0.423651,0.02997,0.000116,0.260158
AAACGTGTTCGCCCTA-1,0.000027,0.000027,0.341739,0.083314,0.506998,0.039691,0.028204
AAACTCGGTTCGCAAT-1,0.000033,0.138113,0.005315,0.235552,0.05502,0.109522,0.456446
AAACTTGCAAACGTAT-1,0.000026,0.00314,0.000026,0.022672,0.088752,0.115579,0.769805
AAAGAATGTGGACTAA-1,0.00014,0.00014,0.005379,0.00014,0.156149,0.360327,0.477724
AAAGACCCAAGTCGCG-1,0.002415,0.322344,0.002417,0.660737,0.002417,0.004834,0.004835
AAAGACTGGGCGCTTT-1,0.000038,0.000038,0.000038,0.83235,0.000038,0.123883,0.043614
AAAGCTTGCCTACATA-1,0.00003,0.077084,0.00003,0.158259,0.216396,0.055956,0.492244
AAAGGGATGTAGCAAG-1,0.000085,0.178013,0.040226,0.688367,0.000085,0.000169,0.093055
AAAGGGCAGCTTGAAT-1,0.00004,0.039096,0.015073,0.524165,0.005712,0.208728,0.207186
AAAGTAGCATTGCTCA-1,0.000019,0.000019,0.000019,0.072916,0.270743,0.182988,0.473297
AAAGTCACTGATGTAA-1,0.002525,0.002527,0.002527,0.539292,0.002527,0.005054,0.445548
AAAGTCGACCCTCAGT-1,0.000036,0.06873,0.000861,0.33643,0.042077,0.088431,0.463435
AAAGTGCCATCAATTA-1,0.00003,0.068181,0.021995,0.499718,0.003982,0.306283,0.099812
AAAGTGTGATTTATCT-1,0.000067,0.0709,0.00195,0.543759,0.010945,0.0013,0.371081
AAAGTTGACTCCCGTA-1,0.000029,0.037752,0.000029,0.000029,0.248261,0.033089,0.680811
AAATAAGGTAGTGCCC-1,0.000018,0.006869,0.000018,0.000018,0.403068,0.00915,0.580859
AAATAGCTTAGACTTT-1,0.000037,0.022084,0.197089,0.009735,0.064923,0.014324,0.691808
AAATAGGGTGCTATTG-1,0.000083,0.468143,0.000083,0.33748,0.000083,0.000166,0.193961
AAATCCGATACACGCC-1,0.000047,0.194558,0.001907,0.781995,0.000047,0.000093,0.021353
AAATCGCGGAAGGAGT-1,0.000038,0.307327,0.212778,0.315569,0.000038,0.047701,0.116549
AAATCGTGTACCACAA-1,0.000085,0.345725,0.000085,0.404919,0.000085,0.049431,0.199671
AAATCTAGCCCTGCTA-1,0.000044,0.148287,0.000044,0.542425,0.000044,0.000089,0.309066
AAATGACTGATCAAAC-1,0.000463,0.494009,0.26067,0.242542,0.000463,0.000927,0.000927
AAATGCTCGTTACGTT-1,0.000022,0.003476,0.0002,0.16943,0.048521,0.638254,0.140098
AAATGGCATGTCTTGT-1,0.00025,0.059972,0.155996,0.78253,0.00025,0.000501,0.000501
AAATGGCCCGTGCCCT-1,0.00004,0.017891,0.031049,0.34414,0.034672,0.01091,0.561298
AAATGGTCAATGTGCC-1,0.000038,0.200034,0.000081,0.218024,0.055824,0.035558,0.490441
AAATGTATCTTATCCC-1,0.000086,0.006197,0.011005,0.279716,0.025773,0.127796,0.549427
AAATGTGGGTGCTCCT-1,0.000389,0.840215,0.157063,0.000389,0.000389,0.000778,0.000778
AAATTAACGGGTAGCT-1,0.000051,0.140017,0.000051,0.618274,0.000051,0.027175,0.214382
AAATTAATAAGCGCGA-1,0.000039,0.000039,0.000039,0.999691,0.000039,0.000077,0.000077
AAATTACACGACTCTG-1,0.00015,0.158816,0.687237,0.153046,0.00015,0.0003,0.000301
AAATTACCTATCGATG-1,0.000046,0.181976,0.000046,0.359145,0.034925,0.065012,0.358849
AAATTCCAGGTCCAAA-1,0.000106,0.000106,0.000106,0.487624,0.000106,0.041901,0.47005
AAATTGATAGTCCTTT-1,0.000046,0.059887,0.000046,0.605955,0.135983,0.028314,0.169769
AAATTGCGGCGGTTCT-1,0.000741,0.000741,0.000741,0.99407,0.000741,0.001483,0.001483
AAATTGGTGAGAAGCA-1,0.000072,0.011381,0.168652,0.407945,0.226291,0.057098,0.12856
AAATTTGCGGGTGTGG-1,0.000044,0.119511,0.01891,0.303133,0.055731,0.015373,0.487298
AACAACTGGTAGTTGC-1,0.000045,0.120069,0.043577,0.363403,0.021221,0.054416,0.397268
AACAATTACTCTACGC-1,0.000034,0.016856,0.040017,0.289694,0.049201,0.111423,0.492775
AACACACGCTCGCCGC-1,0.000053,0.125687,0.042905,0.386926,0.000053,0.000106,0.444271
AACACGACTGTACTGA-1,0.000564,0.349813,0.000564,0.646236,0.000564,0.001129,0.001129
AACACGAGACGCGGCC-1,0.00004,0.007148,0.003402,0.327986,0.043317,0.092625,0.525482
AACACGCGGCCGCGAA-1,0.000364,0.000365,0.1145,0.882948,0.000365,0.000729,0.000729
AACAGCTGTGTGGCAA-1,0.000007,0.031369,0.000007,0.003519,0.934276,0.003534,0.027288
AACAGGAAATCGAATA-1,0.000076,0.032996,0.012953,0.27584,0.076503,0.100675,0.500957
AACAGGATGGGCCGCG-1,0.000033,0.0288,0.005536,0.178607,0.063193,0.083195,0.640637
AACAGGTAGTATGGAT-1,0.000032,0.0629,0.021483,0.036295,0.109548,0.057661,0.712082
AACATAGCGTGTATCG-1,0.000467,0.000467,0.996263,0.000467,0.000467,0.000934,0.000934
AACATATCAACTGGTG-1,0.000032,0.073682,0.064672,0.216835,0.471529,0.038229,0.135021
AACATTGGTCAGCCGT-1,0.001821,0.001823,0.171887,0.815355,0.001823,0.003645,0.003645
AACCAAGACTTCTCTG-1,0.000033,0.035857,0.000033,0.051716,0.069408,0.168413,0.674539
AACCATGGGATCGCTA-1,0.000042,0.059079,0.000088,0.537823,0.004441,0.228736,0.169791
AACCCAGAGACGGAGA-1,0.00003,0.067305,0.059142,0.10024,0.27081,0.42282,0.079653
AACCCATCCCATGATC-1,0.000026,0.053569,0.031721,0.082646,0.166783,0.08605,0.579206
AACCCGAGCAGAATCG-1,0.000029,0.068397,0.040826,0.403316,0.023649,0.173293,0.290491
AACCCGCTGTATTCCA-1,0.000132,0.998946,0.000132,0.000132,0.000132,0.000263,0.000263
AACCCTACTGTCAATA-1,0.000032,0.088873,0.003211,0.125328,0.099693,0.024156,0.658708
AACCCTGGTGGAACCA-1,0.000903,0.212839,0.000904,0.765922,0.000904,0.001808,0.01672
AACCGAGCTTGGTCAT-1,0.000065,0.58637,0.027527,0.335675,0.009493,0.002167,0.038703
AACCGCTAAGGGATGC-1,0.000044,0.299045,0.000044,0.176602,0.063972,0.005354,0.45494
AACCGTTGTGTTTGCT-1,0.00463,0.679553,0.004633,0.004633,0.004633,0.009266,0.292652
AACCTAAAGCCGTCCG-1,0.000132,0.000132,0.000132,0.000132,0.249503,0.000265,0.749703
AACCTCGCTTTAGCCC-1,0.000037,0.151618,0.027702,0.118982,0.072515,0.112468,0.516678
AACCTGTCACGGAATT-1,0.000107,0.133748,0.000107,0.395892,0.000107,0.050445,0.419592
AACCTTTAAATACGGT-1,0.000155,0.317387,0.563616,0.000155,0.000155,0.00031,0.118222
AACGAAAGTCGTCCCA-1,0.000045,0.11184,0.251028,0.353503,0.046562,0.089466,0.147557
AACGACCTCCTAGCCG-1,0.000306,0.085347,0.000306,0.629419,0.000306,0.000613,0.283702
AACGATAATGCCGTAG-1,0.000021,0.965451,0.000117,0.000021,0.022789,0.000042,0.011559
AACGATAGAAGGGCCG-1,0.000075,0.000075,0.000075,0.92902,0.000075,0.032025,0.038656
AACGCGAACGGCAACA-1,0.000224,0.000224,0.000224,0.99821,0.000224,0.000447,0.000447
AACGCGGTCTCCAGCC-1,0.000104,0.400719,0.020046,0.436148,0.007243,0.051597,0.084143
AACGCTGTTGCTGAAA-1,0.000072,0.109428,0.024316,0.687379,0.000072,0.03656,0.142174
AACGGACGTACGTATA-1,0.000033,0.121372,0.010104,0.148976,0.070979,0.021724,0.626813
AACGGCCATCTCCGGT-1,0.00004,0.119051,0.00004,0.484838,0.092394,0.029737,0.2739
AACGTACTGTGGGTAC-1,0.000049,0.124852,0.003732,0.179193,0.092804,0.028609,0.57076
AACGTAGTCTACCCAT-1,0.00045,0.18782,0.12763,0.521888,0.00045,0.160861,0.0009
AACGTCAGACTAGTGG-1,0.00005,0.219749,0.00005,0.396381,0.00005,0.095339,0.288383
AACGTCATCCGGCTTG-1,0.00011,0.30772,0.006491,0.53466,0.00011,0.000221,0.150688
AACGTCGCTGCACTTC-1,0.000404,0.063546,0.196838,0.541936,0.000404,0.18231,0.014562
AACGTGATGAAGGACA-1,0.000669,0.249102,0.018418,0.728462,0.00067,0.00134,0.00134
AACGTGCGAAAGTCTC-1,0.000076,0.677896,0.023489,0.238647,0.000076,0.046714,0.013101
AACGTTATCAGCACCT-1,0.00004,0.055794,0.020704,0.435088,0.003187,0.377444,0.107744
AACGTTCTACCATTGT-1,0.001323,0.363473,0.323488,0.305097,0.001324,0.002647,0.002648
AACTACCCGTTTGTCA-1,0.00005,0.0092,0.00347,0.423459,0.001811,0.072625,0.489384
AACTAGCGTATCGCAC-1,0.000247,0.000247,0.000247,0.000247,0.124227,0.039855,0.83493
AACTCAAGTTAATTGC-1,0.000033,0.218237,0.000033,0.253734,0.001239,0.012556,0.514167
AACTCCAGAGCGTGTT-1,0.000059,0.103386,0.000059,0.718973,0.000059,0.038769,0.138694
AACTCGATAAACACGT-1,0.000553,0.000553,0.000553,0.995575,0.000553,0.001106,0.001106
AACTCGATGGCGCAGT-1,0.000113,0.000113,0.000113,0.061576,0.22949,0.706943,0.001653
AACTCTCAATAGAGCG-1,0.000043,0.044688,0.033312,0.100421,0.111926,0.034849,0.67476
AACTCTCAGTGTGCTC-1,0.000049,0.128982,0.010481,0.335308,0.059114,0.001359,0.464708
AACTGAGTTATACTGA-1,0.000023,0.082724,0.008807,0.2605,0.018982,0.234026,0.394939
AACTGATATTAGGCCT-1,0.000051,0.104153,0.02414,0.463259,0.009005,0.07365,0.325741
AACTGGGTCCCGACGT-1,0.000058,0.091871,0.005626,0.354218,0.025287,0.053683,0.469257
AACTGGTGTGGGCCTT-1,0.000338,0.269744,0.038005,0.569574,0.000338,0.013228,0.108772
AACTTCTGCGTCTATC-1,0.000045,0.08157,0.000045,0.510546,0.010836,0.388235,0.008723
AACTTGCCCGTATGCA-1,0.000049,0.173063,0.000049,0.399647,0.000049,0.041125,0.386017
AACTTGCGTTCTCGCG-1,0.000043,0.091871,0.004796,0.513141,0.000043,0.263276,0.126831
AACTTTACGGGAGCTT-1,0.000037,0.073296,0.000808,0.770295,0.000037,0.067396,0.08813
AACTTTAGCTGCTGAG-1,0.000244,0.000244,0.348692,0.515224,0.000244,0.081414,0.053938
AACTTTCTCGATCATG-1,0.000029,0.005327,0.020563,0.000029,0.229868,0.016997,0.727187
AAGAAATCACCAGATT-1,0.000092,0.141172,0.00704,0.394048,0.000092,0.000184,0.457372
AAGAAGGATCAGTTAG-1,0.000011,0.000011,0.000011,0.00792,0.267527,0.691991,0.03253
AAGACATACGTGGTTT-1,0.000507,0.110568,0.196241,0.690145,0.000508,0.001015,0.001015
AAGACTAACCCGTTGT-1,0.001048,0.001049,0.001049,0.991609,0.001049,0.002098,0.002098
AAGAGATGAATCGGTA-1,0.000035,0.055508,0.017926,0.445038,0.005589,0.143763,0.332141
AAGAGCTCTTTATCGG-1,0.000046,0.731199,0.000047,0.077788,0.014373,0.035591,0.140956
AAGAGGATGTACGCGA-1,0.000057,0.095751,0.00746,0.441533,0.108961,0.029429,0.316809
AAGAGGCATGGATCGC-1,0.000089,0.201053,0.011733,0.406769,0.000089,0.000179,0.380088
AAGAGGCCCTTTGGAA-1,0.00004,0.135698,0.002626,0.753375,0.00004,0.05281,0.055412
AAGATTGGCGGAACGT-1,0.000058,0.066633,0.010276,0.490233,0.057892,0.019046,0.35586
AAGCACCCTGCGTATC-1,0.000084,0.180366,0.391239,0.264965,0.000084,0.002878,0.160384
AAGCATACTCTCCTGA-1,0.000129,0.500114,0.228386,0.076226,0.009084,0.000258,0.185802
AAGCCGAAGCGGTTTA-1,0.000039,0.006922,0.000039,0.650684,0.000039,0.105042,0.237234
AAGCCGCTTTACCTTG-1,0.000072,0.029898,0.000072,0.105055,0.177135,0.063431,0.624337
AAGCCGGAGAGCAGGA-1,0.00002,0.015175,0.00002,0.160684,0.132162,0.558766,0.133173
AAGCGCAGGGCTTTGA-1,0.000037,0.018163,0.012775,0.203282,0.033054,0.119502,0.613187
AAGCGTCCCTCATCGA-1,0.000029,0.102295,0.000029,0.21726,0.190487,0.023689,0.466211
AAGCTCGTGCCAAGTC-1,0.00011,0.715745,0.054189,0.029575,0.012497,0.020282,0.167602
AAGCTCTTTCATGGTG-1,0.000092,0.439704,0.015578,0.429593,0.000092,0.000185,0.114756
AAGGAGAACTTATAAG-1,0.000198,0.449351,0.441355,0.108103,0.000199,0.000397,0.000397
AAGGAGCGGTTGGTGC-1,0.000045,0.167534,0.022398,0.194871,0.105041,0.049863,0.460249
AAGGATCGATCGCTTG-1,0.000023,0.005414,0.000024,0.040866,0.697695,0.074949,0.181029
AAGGATGAGGGACCTC-1,0.00005,0.24419,0.010665,0.353828,0.063658,0.002132,0.325476
AAGGCAGGCTGTCTCC-1,0.000049,0.072591,0.051495,0.312949,0.00606,0.072336,0.48452
AAGGCGCGTAAAGCTT-1,0.000032,0.060082,0.006489,0.097333,0.062111,0.102048,0.671905
AAGGCTGTGCTCATCG-1,0.00003,0.162102,0.011453,0.049121,0.180297,0.046094,0.550903
AAGGGACAGATTCTGT-1,0.000052,0.130242,0.000052,0.531111,0.146952,0.003696,0.187894
AAGGGACTATGCATTC-1,0.000038,0.056364,0.11134,0.527909,0.125726,0.035977,0.142645
AAGGGTTAGCCATGCG-1,0.002584,0.002586,0.002586,0.616667,0.073502,0.005172,0.296904
AAGGGTTTGATTTCAG-1,0.000093,0.035433,0.012345,0.292835,0.068046,0.002546,0.588703
AAGGTGATAAACCAGC-1,0.000028,0.016951,0.000028,0.000028,0.243282,0.010184,0.729498
AAGTAGAAGACCGGGT-1,0.000045,0.080396,0.000045,0.282861,0.052899,0.086318,0.497435
AAGTAGTGACGCGAGG-1,0.000034,0.018851,0.005288,0.095991,0.023863,0.199121,0.656851
AAGTCAATTGTCGTCA-1,0.000044,0.04823,0.030544,0.21173,0.021701,0.06977,0.61798
AAGTCTAGTAGCTGCC-1,0.000076,0.197401,0.000173,0.489322,0.009061,0.035317,0.26865
AAGTCTTCTGTGGCCT-1,0.000037,0.000564,0.000037,0.340449,0.002168,0.182791,0.473953
AAGTGACGACCGAATT-1,0.000096,0.085113,0.000096,0.718491,0.000096,0.005785,0.190323
AAGTGCAAAGGTAGAC-1,0.000041,0.07955,0.034078,0.688479,0.000041,0.089537,0.108275
AAGTGCCTTGACTGTA-1,0.000046,0.373853,0.000046,0.366997,0.000046,0.000092,0.258919
AAGTGCGTTAGAATCT-1,0.000027,0.14099,0.000716,0.140418,0.117753,0.036731,0.563365
AAGTGTTTGGAGACGG-1,0.000084,0.539158,0.031783,0.321715,0.000084,0.025163,0.082012
AAGTTCACTCCAAGCT-1,0.000083,0.345505,0.220606,0.08202,0.000083,0.000165,0.351539
AAGTTCGGCCAACAGG-1,0.00004,0.129352,0.000705,0.395332,0.041219,0.041757,0.391595
AAGTTGTGATGTTATA-1,0.000088,0.079769,0.000576,0.613467,0.000088,0.108106,0.197905
AAGTTTACTAATGGCA-1,0.000545,0.99564,0.000545,0.000545,0.000545,0.00109,0.00109
AAGTTTATGGGCCCAA-1,0.000079,0.082824,0.016424,0.900278,0.000079,0.000158,0.000158
AATAACAACGCTCGGC-1,0.000042,0.002545,0.000042,0.239661,0.100135,0.04216,0.615415
AATAACACTAGAACAA-1,0.000032,0.122946,0.007435,0.441188,0.079673,0.028378,0.320348
AATAACGTCGCGCCCA-1,0.001248,0.348754,0.001249,0.642501,0.001249,0.002499,0.002499
AATAAGTCCTCGAGAC-1,0.001481,0.001483,0.001483,0.50161,0.001482,0.002965,0.489496
AATAATCTTCGTATCG-1,0.000033,0.162816,0.000033,0.536545,0.000033,0.023116,0.277423
AATACAATGTTTCAGG-1,0.000039,0.066331,0.006451,0.643122,0.013719,0.139326,0.131013
AATACCTGATGTGAAC-1,0.001709,0.001711,0.001711,0.986316,0.001711,0.003421,0.003421
AATAGAACAGAGTGGC-1,0.000036,0.250377,0.001565,0.337259,0.006457,0.047651,0.356654
AATAGAATCTGTTTCA-1,0.000069,0.132639,0.017098,0.561107,0.000069,0.000138,0.288881
AATAGTCGCGAGTCGG-1,0.00002,0.021463,0.00292,0.170697,0.104524,0.43018,0.270197
AATATCAAGGTCGGAT-1,0.001764,0.001765,0.001765,0.695963,0.001765,0.293449,0.00353
AATATCCTAGCAAACT-1,0.000027,0.008903,0.008073,0.4314,0.06078,0.071068,0.419748
AATATCGAATCAATGC-1,0.000033,0.12753,0.043057,0.195484,0.048409,0.094555,0.490932
AATATCGAGGGTTCTC-1,0.000066,0.230452,0.028513,0.548312,0.062988,0.002036,0.127633
AATATTGGAGTATTGA-1,0.000032,0.0188,0.000032,0.026411,0.074867,0.134299,0.745558
AATCAGACTGCAGGAC-1,0.000896,0.000897,0.803475,0.190248,0.000897,0.001793,0.001793
AATCATGTAAAGACTC-1,0.000049,0.088028,0.000049,0.854575,0.000049,0.000681,0.056569
AATCCAAGGGCCTGAG-1,0.000076,0.004681,0.002859,0.837718,0.000076,0.104291,0.050299
AATCCATGCAAGGGTG-1,0.000297,0.186484,0.013082,0.365339,0.000297,0.002317,0.432184
AATCCCGCTCAGAGCC-1,0.000281,0.648587,0.196791,0.141448,0.000281,0.000562,0.012051
AATCGAGGTCTCAAGG-1,0.000539,0.423877,0.00054,0.572345,0.00054,0.001079,0.00108
AATCGCCTCAGCGCCA-1,0.000065,0.36655,0.000065,0.208892,0.018,0.012202,0.394227
AATCGCGCAGAGGACT-1,0.000058,0.000058,0.016095,0.837133,0.000058,0.013076,0.133521
AATCGGGACACTACGA-1,0.00161,0.001612,0.001612,0.98711,0.001611,0.003223,0.003223
AATCGGTATAGCCCTC-1,0.001406,0.001407,0.001408,0.988741,0.001408,0.002815,0.002815
AATCGTGAGCCGAGCA-1,0.000573,0.434516,0.000573,0.561472,0.000573,0.001146,0.001146
AATCTAGGTTTACTTG-1,0.000065,0.100646,0.000065,0.641342,0.000065,0.016666,0.241153
AATCTCTACTGTGGTT-1,0.000044,0.000044,0.030637,0.646014,0.000575,0.088081,0.234605
AATCTGCGTTGGGACG-1,0.000069,0.097249,0.012396,0.532131,0.022877,0.012936,0.32234
AATCTGGCTTTCTAGT-1,0.000051,0.08263,0.018488,0.471226,0.000051,0.029035,0.398518
AATGACAGCAATGTCT-1,0.000036,0.112396,0.003353,0.127449,0.142749,0.011948,0.602069
AATGACGTAGGATGTC-1,0.000091,0.54857,0.021474,0.36833,0.000091,0.000183,0.06126
AATGACTGTCAGCCGG-1,0.000036,0.106392,0.022046,0.078493,0.122557,0.072792,0.597685
AATGAGTTCGCATATG-1,0.000012,0.000012,0.000012,0.084575,0.000012,0.915315,0.000063
AATGATGATACGCTAT-1,0.000011,0.000011,0.000011,0.057001,0.831279,0.101912,0.009775
AATGATGCGACTCCTG-1,0.000062,0.225692,0.020349,0.67416,0.000062,0.015144,0.06453
AATGCAACCGGGTACC-1,0.000059,0.183228,0.000059,0.29183,0.000245,0.07919,0.445388
AATGCACCAAGCAATG-1,0.000011,0.001413,0.023722,0.313598,0.482851,0.166355,0.012049
AATGGTCCACCGTTCA-1,0.000043,0.066094,0.005725,0.753392,0.000043,0.021685,0.153017
AATGGTTCTCACAAGC-1,0.000052,0.123944,0.002715,0.375879,0.030777,0.153895,0.312738
AATGTGCCCGAGGTGT-1,0.000058,0.119016,0.005914,0.565096,0.071806,0.035019,0.203091
AATGTTAAGACCCTGA-1,0.000992,0.013002,0.552055,0.428987,0.000993,0.001986,0.001986
AATGTTGTCGTGAGAC-1,0.000215,0.399714,0.330188,0.267131,0.000215,0.002108,0.000429
AATTAAAGGTCGGCGT-1,0.00005,0.278516,0.030524,0.478256,0.00005,0.042026,0.170577
AATTAACGGATTTCCA-1,0.000106,0.256925,0.64239,0.041639,0.00106,0.007096,0.050785
AATTACGAGACCCATC-1,0.000041,0.354552,0.000041,0.432828,0.000041,0.020299,0.192198
AATTACTCGTACGCTC-1,0.000394,0.000394,0.000394,0.383129,0.000394,0.000789,0.614505
AATTATACCCAGCAAG-1,0.000159,0.096226,0.67091,0.231912,0.000159,0.000318,0.000318
AATTCATAAGGGATCT-1,0.000051,0.183417,0.160244,0.338141,0.166849,0.036848,0.114449
AATTCCAACTTGGTGA-1,0.001339,0.347852,0.00134,0.642772,0.001339,0.002679,0.002679
AATTCCAAGCATGTAC-1,0.000421,0.000421,0.423806,0.307847,0.000421,0.000842,0.266242
AATTCGATTCGAGGAT-1,0.000219,0.000219,0.000219,0.872036,0.000219,0.000439,0.126649
AATTGAACGCTCTGGT-1,0.000073,0.148576,0.020023,0.672313,0.000073,0.000146,0.158795
AATTGCAGCAATCGAC-1,0.000033,0.000033,0.007028,0.360827,0.006202,0.085024,0.540853
AATTGTGGTTGCCAAA-1,0.000018,0.000018,0.001229,0.420615,0.000018,0.577975,0.000128
AATTTGGTTCCAAAGA-1,0.001145,0.008861,0.191516,0.087438,0.001146,0.002293,0.7076
ACAAACCGACAAGGCG-1,0.000197,0.48828,0.000197,0.367473,0.000197,0.000394,0.143261
ACAAAGAAGGTAGGCC-1,0.000035,0.030908,0.000035,0.926144,0.000035,0.000069,0.042774
ACAAAGCATGACCTAG-1,0.000013,0.000013,0.000013,0.000888,0.393149,0.089788,0.516137
ACAAATCGCACCGAAT-1,0.000043,0.495199,0.001997,0.109393,0.03585,0.005316,0.352202
ACAAATGGTAGTGTTT-1,0.000074,0.178215,0.006132,0.496008,0.006126,0.000149,0.313295
ACAACAGCATGAGCTA-1,0.000153,0.304602,0.040112,0.366906,0.000153,0.050882,0.237191
ACAACGGTCCCTGCGA-1,0.000029,0.06155,0.000029,0.312826,0.015201,0.35861,0.251754
ACAAGCAGTGCCTAGC-1,0.000033,0.072039,0.010571,0.292329,0.008902,0.078231,0.537894
ACAAGCTATATGGAAG-1,0.000056,0.000057,0.000057,0.982476,0.000057,0.017184,0.000113
ACAAGGAAATCCGCCC-1,0.000046,0.844147,0.000046,0.152159,0.000046,0.000092,0.003463
ACAAGGACAAGAGGTT-1,0.000025,0.071363,0.009003,0.045213,0.163228,0.083773,0.627396
ACAAGGATGCTTTAGG-1,0.00005,0.131521,0.005972,0.717177,0.00005,0.052014,0.093216
ACAAGGGCAGGCTCTG-1,0.000077,0.506619,0.000077,0.356799,0.000077,0.000154,0.136197
ACAATAGTCGTACGTT-1,0.000079,0.207119,0.000847,0.442755,0.000079,0.037578,0.311544
ACAATCCATTTAAACC-1,0.00005,0.050431,0.016962,0.48115,0.072666,0.024949,0.353792
ACAATCGATCTTTATA-1,0.001277,0.001278,0.413737,0.577317,0.001278,0.002556,0.002556
ACAATGAATACGGAGA-1,0.000024,0.102441,0.010666,0.209139,0.507808,0.037831,0.132092
ACAATTGTGTCTCTTT-1,0.000059,0.233017,0.221882,0.392066,0.000059,0.015398,0.137519
ACAATTTAGGAGGCTC-1,0.000044,0.010308,0.000044,0.769903,0.000044,0.095913,0.123745
ACAATTTGAGCAGTGG-1,0.000052,0.233478,0.000052,0.364548,0.020452,0.027286,0.354131
ACAATTTGGCCATATT-1,0.000043,0.083449,0.000043,0.473773,0.000043,0.007505,0.435146
ACACAAAGACGGGTGG-1,0.000048,0.271447,0.01533,0.495664,0.000048,0.000096,0.217367
ACACAAATATTCCTAG-1,0.000072,0.06552,0.022325,0.319857,0.273779,0.007146,0.311301
ACACACCAGGACCAGT-1,0.000048,0.162913,0.008115,0.325969,0.018605,0.008613,0.475736
ACACACTTTCTACACG-1,0.000074,0.000074,0.000074,0.452288,0.000074,0.547267,0.000148
ACACATGATCAAATCT-1,0.000026,0.034067,0.011272,0.285656,0.505427,0.070065,0.093486
ACACATTGACGCAACA-1,0.000274,0.000274,0.000274,0.055539,0.000274,0.558286,0.38508
ACACATTTCCGTAGAC-1,0.000092,0.107767,0.019681,0.603582,0.000093,0.011818,0.256968
ACACCACATAATTAGC-1,0.000039,0.023727,0.000039,0.281002,0.046395,0.081963,0.566835
ACACCCAGCATGCAGC-1,0.000055,0.129163,0.032413,0.508415,0.000055,0.088446,0.241452
ACACCCGAGAAATCCG-1,0.000026,0.18045,0.000026,0.089393,0.033308,0.20381,0.492987
ACACCGAGCGCTCTTT-1,0.000926,0.000927,0.000927,0.37577,0.000927,0.618672,0.001853
ACACCTTAAGTAGGGC-1,0.000058,0.161154,0.000058,0.387648,0.022961,0.043975,0.384146
ACACCTTACTACTTGC-1,0.00004,0.001537,0.009409,0.016845,0.090916,0.064318,0.816935
ACACGAGACTCCTTCT-1,0.000104,0.390958,0.009575,0.500018,0.000104,0.000209,0.099031
ACACGGCACTATGCAT-1,0.000882,0.000883,0.000883,0.545104,0.000883,0.449601,0.001765
ACACGGGAACTTAGGG-1,0.000051,0.900165,0.000052,0.084858,0.000051,0.000103,0.01472
ACACGTAGGCCACAAG-1,0.000042,0.04079,0.000289,0.589143,0.008859,0.083272,0.277606
ACACTCCAATGTCACT-1,0.000031,0.046599,0.001851,0.287855,0.079069,0.259773,0.324823
ACACTGATCAAGGTGT-1,0.000046,0.253398,0.000046,0.296066,0.05945,0.000092,0.390901
ACACTGGGACAGTCGT-1,0.000028,0.007699,0.000034,0.196259,0.037955,0.215994,0.542029
ACAGAACTGAGAACAA-1,0.00004,0.107025,0.002282,0.455425,0.089147,0.038894,0.307188
ACAGATTAGGTTAGTG-1,0.000444,0.189301,0.067516,0.648703,0.000445,0.00089,0.092701
ACAGCATAGAGCCAGT-1,0.002364,0.002366,0.002366,0.002366,0.002366,0.004732,0.98344
ACAGCGACATTCTCAT-1,0.000053,0.065833,0.016651,0.566582,0.033661,0.027129,0.290091
ACAGCGCACCCGCAGC-1,0.000328,0.054087,0.284176,0.132558,0.000328,0.000656,0.527867
ACAGGAGGCGCAGCCG-1,0.000617,0.000618,0.03291,0.962766,0.000618,0.001236,0.001235
ACAGGCACGGATCCTT-1,0.000741,0.000741,0.000741,0.000741,0.000741,0.135969,0.860325
ACAGGCTTGCCCGACT-1,0.000051,0.133739,0.000051,0.185374,0.07418,0.008092,0.598513
ACAGGTGGAGGTGAGG-1,0.000041,0.049398,0.006478,0.259571,0.113573,0.023077,0.547862
ACAGGTGTGTTGTTGC-1,0.000033,0.000033,0.004722,0.702129,0.000033,0.023186,0.269864
ACAGTAATACAACTTG-1,0.000028,0.042081,0.000028,0.199947,0.072834,0.079131,0.605951
ACAGTATACCGTGGGA-1,0.000184,0.057723,0.017969,0.276265,0.094878,0.000368,0.552614
ACATAAGTCGTGGTGA-1,0.000033,0.08332,0.000033,0.389515,0.003448,0.090163,0.433487
ACATAATAAGGCGGTG-1,0.000067,0.20029,0.012078,0.530426,0.000067,0.000135,0.256937
ACATACAATCAAGCGG-1,0.000117,0.411441,0.573676,0.01418,0.000117,0.000234,0.000234
ACATCAGCTGGGACGC-1,0.000027,0.039303,0.000027,0.55507,0.030345,0.073774,0.301454
ACATCCTGGTAACTGT-1,0.000029,0.027993,0.000029,0.029697,0.245015,0.031747,0.66549
ACATCGGTCAGCCGCG-1,0.000057,0.131042,0.000057,0.356743,0.005812,0.000114,0.506174
ACATCGTATGCAATGG-1,0.00009,0.300149,0.014009,0.542913,0.00009,0.00018,0.14257
ACATCGTTAACCTAGT-1,0.000501,0.200011,0.000501,0.757191,0.000501,0.040293,0.001002
ACATCTCAACGCGTAA-1,0.000487,0.311188,0.000488,0.685398,0.000488,0.000975,0.000975
ACATGGCGCCAAAGTA-1,0.000061,0.023978,0.000061,0.51884,0.006359,0.043428,0.407273
ACATGGCTCAATTTAG-1,0.001883,0.193384,0.001885,0.793425,0.001885,0.003769,0.003769
ACATTTGAAACCTAAC-1,0.000983,0.000984,0.992129,0.000984,0.000984,0.001968,0.001968
ACCAAACACCCAGCGA-1,0.000217,0.143814,0.264579,0.136428,0.450742,0.003786,0.000434
ACCAAACTAGAAATCC-1,0.000665,0.210173,0.7097,0.000666,0.076132,0.001332,0.001332
ACCAACCGCACTCCAC-1,0.000037,0.173002,0.001834,0.616458,0.000037,0.160874,0.047758
ACCAACGCTTATTTAT-1,0.000042,0.251488,0.000042,0.515189,0.000042,0.000085,0.233112
ACCAAGAACGCGTGTC-1,0.000029,0.070345,0.000029,0.142463,0.047769,0.06262,0.676745
ACCAAGTCATCGGCAG-1,0.001462,0.001463,0.001463,0.988297,0.001463,0.002926,0.002926
ACCAATATGCAAGTTA-1,0.000092,0.45596,0.053776,0.193003,0.020895,0.109174,0.1671
ACCACAACTCAGAACA-1,0.000089,0.01201,0.001697,0.000089,0.182738,0.031601,0.771777
ACCACAAGTTTCTATC-1,0.000036,0.207452,0.000036,0.288506,0.004461,0.013584,0.485925
ACCACACGGTTGATGG-1,0.00161,0.128284,0.55138,0.31067,0.001611,0.003222,0.003223
ACCACCAATGTAACAA-1,0.000054,0.067003,0.000054,0.631752,0.000209,0.068344,0.232584
ACCACCCTCTCTTCTA-1,0.000078,0.18025,0.000078,0.425891,0.019725,0.004964,0.369014
ACCACGTGCAGCTATA-1,0.00007,0.654644,0.021082,0.273066,0.00007,0.001349,0.049718
ACCACTGTTCAAGAAG-1,0.001406,0.30629,0.25257,0.432696,0.001407,0.002815,0.002815
ACCAGACCATAACAAC-1,0.000033,0.000033,0.000033,0.838277,0.000033,0.017795,0.143797
ACCAGCCCGGTCTTTG-1,0.001263,0.736648,0.001264,0.254508,0.001264,0.002527,0.002527
ACCAGGAGTGTGATCT-1,0.00057,0.00057,0.484576,0.511434,0.00057,0.00114,0.00114
ACCAGTGCGGGAGACG-1,0.000043,0.020073,0.016876,0.18585,0.142709,0.008412,0.626036
ACCATATCCGCAATAA-1,0.000042,0.244042,0.000042,0.544259,0.019415,0.023037,0.169164
ACCATCCGCCAACTAG-1,0.000057,0.070316,0.008459,0.818911,0.000057,0.000115,0.102084
ACCATCGTATATGGTA-1,0.000029,0.088922,0.000029,0.000029,0.286648,0.004702,0.619642
ACCATTAAGGGTGTCA-1,0.000099,0.000099,0.000099,0.106605,0.379354,0.29603,0.217714
ACCCAACGCCCGTGGC-1,0.000067,0.128131,0.018596,0.589049,0.018623,0.003164,0.24237
ACCCACCTACATGCTC-1,0.000018,0.012678,0.007934,0.00682,0.129448,0.069771,0.773331
ACCCATCTTGAGGGTA-1,0.000043,0.077433,0.000043,0.050026,0.156293,0.095645,0.620518
ACCCATTTGTCCCTCT-1,0.000019,0.000019,0.008622,0.000019,0.336845,0.064409,0.590069
ACCCGGAGCACCACAA-1,0.00002,0.110275,0.050631,0.011607,0.186676,0.462701,0.17809
ACCCGGATGACGCATC-1,0.000047,0.059516,0.000047,0.203007,0.094423,0.033843,0.609116
ACCCGGTTACACTTCC-1,0.000039,0.246637,0.024388,0.201725,0.046527,0.062195,0.418488
ACCCGTAGTCTAGTTG-1,0.000394,0.117793,0.032314,0.582215,0.000394,0.128126,0.138764
ACCCTATAGGACTGAG-1,0.000092,0.108725,0.007278,0.68846,0.000092,0.175258,0.020095
ACCCTATGCCATATCG-1,0.000044,0.228838,0.000044,0.431745,0.172012,0.027144,0.140174
ACCCTCCCGTCAGGGC-1,0.00202,0.002022,0.600385,0.385465,0.002021,0.004043,0.004043
ACCCTCCCTTGCTATT-1,0.000062,0.176243,0.0775,0.319156,0.006947,0.019494,0.400599
ACCCTGGTAACGCCCT-1,0.000621,0.000621,0.19976,0.537229,0.000621,0.142171,0.118976
ACCCTTCATCTGCGAA-1,0.005291,0.389748,0.005295,0.573194,0.005294,0.010589,0.01059
ACCCTTGCCTGGGTCG-1,0.000143,0.158541,0.018292,0.502376,0.000143,0.000286,0.32022
ACCCTTTAGTTCTCCA-1,0.000358,0.084862,0.000359,0.912628,0.000359,0.000717,0.000717
ACCGAAAGGGCCCTGC-1,0.001058,0.001059,0.001059,0.991529,0.001059,0.002118,0.002118
ACCGAAGAGTCTGGTT-1,0.000032,0.054912,0.060747,0.133148,0.083038,0.05066,0.617463
ACCGACACATCTCCCA-1,0.000056,0.120343,0.677005,0.000056,0.154026,0.000112,0.048403
ACCGAGTCTCCTTATT-1,0.000591,0.000591,0.402091,0.400825,0.000591,0.001183,0.194127
ACCGATAGGCATAACC-1,0.000032,0.120934,0.046602,0.484777,0.000032,0.162936,0.184688
ACCGATATTTAATCAT-1,0.000039,0.065327,0.000039,0.421993,0.025393,0.238846,0.248362
ACCGATGGTAGCATCG-1,0.000065,0.189163,0.000937,0.585255,0.006703,0.00422,0.213657
ACCGCAATAACTGCCT-1,0.000074,0.583479,0.065648,0.321667,0.000074,0.000148,0.028911
ACCGCGGTGGAAGTCG-1,0.00005,0.05366,0.009489,0.510881,0.00005,0.022355,0.403515
ACCGGGCCTTTGTTGA-1,0.000045,0.006169,0.009463,0.422856,0.086091,0.017357,0.458019
ACCGGTCAGGTACACC-1,0.000014,0.041953,0.000543,0.14412,0.607136,0.066298,0.139936
ACCGTTCCCGCTCTGA-1,0.001263,0.485365,0.001264,0.505791,0.001263,0.002527,0.002527
ACCTAAGTACCTTTCA-1,0.000025,0.028096,0.006757,0.000025,0.332688,0.002271,0.630138
ACCTAATCGACTTCCT-1,0.000062,0.006858,0.000062,0.736587,0.000062,0.024583,0.231788
ACCTACAGTATGTGGT-1,0.000053,0.000053,0.017272,0.343916,0.026031,0.086952,0.525722
ACCTACTATAAATCTA-1,0.000061,0.221412,0.150914,0.347264,0.005135,0.003316,0.271897
ACCTCAGCGAGGCGCA-1,0.000173,0.232535,0.257765,0.199248,0.098028,0.143162,0.069088
ACCTCCGCCCTCGCTG-1,0.000069,0.032352,0.000069,0.859124,0.000069,0.020735,0.087583
ACCTCCGTTATTCACC-1,0.000084,0.000084,0.023208,0.957923,0.000084,0.000167,0.018451
ACCTGCGTGTCATGTT-1,0.000043,0.075165,0.000043,0.328737,0.053102,0.054658,0.488252
ACCTTTCCTTTAGAAG-1,0.000823,0.276538,0.546527,0.000824,0.000824,0.001647,0.172818
ACGAAATGGGCGGCAC-1,0.00004,0.000652,0.030979,0.201441,0.059071,0.062645,0.645171
ACGACCCATGAGTTGC-1,0.000014,0.000014,0.00552,0.003681,0.176389,0.803986,0.010396
ACGACTCTAGGGCCGA-1,0.000624,0.000625,0.000625,0.369965,0.000625,0.001249,0.626287
ACGAGAACCCATCACG-1,0.000646,0.212226,0.000646,0.78325,0.000646,0.001293,0.001293
ACGAGATATTTGCTTA-1,0.000276,0.461857,0.000276,0.000276,0.123378,0.213993,0.199944
ACGAGGATACCACTCT-1,0.000032,0.267548,0.188608,0.061181,0.081436,0.045529,0.355665
ACGAGGTTTACAACGT-1,0.000027,0.033052,0.000028,0.039502,0.208893,0.040584,0.677915
ACGAGTACGGATGCCC-1,0.000049,0.057917,0.000049,0.441296,0.02181,0.040673,0.438205
ACGAGTCGCCGGCGTT-1,0.000401,0.000401,0.000401,0.996789,0.000401,0.000803,0.000803
ACGATACCTATCCTGA-1,0.000046,0.026698,0.017314,0.903248,0.000046,0.000804,0.051845
ACGATCATACATAGAG-1,0.000142,0.289899,0.000142,0.495357,0.060435,0.000284,0.153742
ACGATCATCTTGTAAA-1,0.000054,0.014494,0.015666,0.39554,0.011337,0.006698,0.556211
ACGATGCATATGTTAT-1,0.000056,0.158329,0.017111,0.350913,0.000056,0.084718,0.388818
ACGATGGATCCGATGC-1,0.000479,0.236025,0.000479,0.645388,0.000479,0.000959,0.116191
ACGCATACGTTTACTA-1,0.00006,0.113719,0.020059,0.61861,0.00006,0.081328,0.166165
ACGCCACTCGAAACAG-1,0.000246,0.227645,0.02724,0.743636,0.000247,0.000493,0.000493
ACGCCAGATGATTTCT-1,0.000074,0.133531,0.137939,0.556544,0.000074,0.110673,0.061166
ACGCCAGTGCGTTTGC-1,0.000412,0.147116,0.094287,0.756126,0.000412,0.000824,0.000824
ACGCCCAGCTGTCGAT-1,0.001122,0.431283,0.170681,0.001123,0.245583,0.147961,0.002246
ACGCCGCTAGACGACC-1,0.000025,0.987845,0.000025,0.000025,0.009469,0.002563,0.000049
ACGCCTGACACGCGCT-1,0.000091,0.000091,0.061855,0.937507,0.000091,0.000182,0.000182
ACGCGCTACACAGGGT-1,0.000056,0.010145,0.000056,0.048341,0.148912,0.028419,0.764071
ACGCGTTTCTTAAGAG-1,0.000078,0.000078,0.000078,0.999379,0.000078,0.000155,0.000155
ACGCTACTGAATGGGC-1,0.001984,0.001986,0.001986,0.001986,0.001986,0.003971,0.986102
ACGCTAGTGATACACT-1,0.000074,0.109161,0.05799,0.725664,0.038974,0.034508,0.033628
ACGCTGTGAGGCGTAG-1,0.000058,0.152942,0.016937,0.724545,0.000058,0.000116,0.105344
ACGCTTAGTGTCTCTC-1,0.001263,0.83203,0.159126,0.001264,0.001264,0.002527,0.002527
ACGGAACACGAGTGCC-1,0.000431,0.000431,0.000431,0.135122,0.000431,0.111589,0.751565
ACGGAATTTAGCAAAT-1,0.00001,0.00001,0.00001,0.008824,0.100099,0.870801,0.020244
ACGGACTCTCAAAGCG-1,0.000073,0.222554,0.077131,0.331346,0.059956,0.011876,0.297064
ACGGATGGTGCGGATA-1,0.000142,0.353248,0.074552,0.346013,0.000142,0.0411,0.184803
ACGGCGACGATGGGAA-1,0.000087,0.525069,0.000621,0.406037,0.000087,0.000173,0.067926
ACGGCGGGTTGCCCTG-1,0.000722,0.000722,0.000722,0.994224,0.000722,0.001444,0.001444
ACGGCTGGATGTAGAA-1,0.000103,0.058074,0.109798,0.373937,0.296036,0.000223,0.161829
ACGGGAGTGTCGGCCC-1,0.000027,0.018851,0.000027,0.098305,0.051586,0.079608,0.751595
ACGGGCGTATGCGACA-1,0.000088,0.086874,0.012855,0.698586,0.000088,0.007783,0.193727
ACGGGTCATGTGACTT-1,0.000205,0.000205,0.029443,0.086268,0.064629,0.817557,0.001693
ACGGTACAGTTCAATG-1,0.001372,0.001373,0.001373,0.98902,0.001372,0.002745,0.002745
ACGTACAGATTTCTCT-1,0.004115,0.004118,0.004118,0.967059,0.004118,0.008237,0.008235
ACGTAGGAGAGTCGCT-1,0.000272,0.000273,0.035371,0.962722,0.000273,0.000545,0.000545
ACGTATTACTCCGATC-1,0.000065,0.041591,0.070509,0.32277,0.053117,0.023754,0.488194
ACGTCCTAAACGAGAT-1,0.000498,0.365029,0.183682,0.42537,0.000499,0.000997,0.023924
ACGTCTCGTTCCGGGA-1,0.000033,0.085437,0.000033,0.707798,0.000033,0.002077,0.204588
ACGTGACAAAGTAAGT-1,0.00002,0.00002,0.00292,0.119895,0.065487,0.098914,0.712744
ACGTGCGCCTCGTGCA-1,0.000055,0.128578,0.000055,0.137872,0.094992,0.171684,0.466763
ACGTGGTCGAATGTGC-1,0.001195,0.714576,0.063263,0.001196,0.001196,0.002391,0.216183
ACGTTAGATTTGCCCG-1,0.000053,0.162769,0.008526,0.259104,0.010631,0.013313,0.545603
ACGTTATTGGTCACTC-1,0.000061,0.000061,0.000061,0.489191,0.038095,0.408917,0.063613
ACGTTCCGCGCTCCGT-1,0.000751,0.158354,0.261422,0.575717,0.000751,0.001502,0.001503
ACGTTCGCAATCAATT-1,0.000049,0.073155,0.000049,0.482809,0.000049,0.031315,0.412574
ACGTTCTGTACAAGTC-1,0.00013,0.000131,0.011323,0.987763,0.000131,0.000261,0.000261
ACGTTTAGTTGTGATC-1,0.000189,0.000189,0.029474,0.969201,0.000189,0.000379,0.000379
ACGTTTCGGTGCACTT-1,0.000373,0.129288,0.208566,0.221091,0.000373,0.000746,0.439563
ACTACCAGCTCTCTGG-1,0.000081,0.135922,0.002335,0.759686,0.000081,0.000162,0.101731
ACTAGTTGCGATCGTC-1,0.000049,0.006866,0.115233,0.47639,0.000049,0.028246,0.373167
ACTATCCAGGGCATGG-1,0.000038,0.000038,0.000038,0.000625,0.250256,0.021298,0.727706
ACTATCGCCGGCTAAA-1,0.000077,0.008026,0.007109,0.207137,0.194663,0.440359,0.142631
ACTATCTGCCCGCGTA-1,0.000019,0.000019,0.000019,0.050659,0.305597,0.549263,0.094423
ACTATTCGTCCGTGGT-1,0.000736,0.000736,0.000736,0.513811,0.000736,0.001473,0.481771
ACTCAACGAATGTATT-1,0.000262,0.081348,0.000262,0.000262,0.21901,0.162858,0.535997
ACTCAAGTGCAAGGCT-1,0.000057,0.143609,0.003771,0.633641,0.000057,0.007058,0.211806
ACTCAATAAAGGCACG-1,0.000064,0.612972,0.090099,0.219439,0.000064,0.005659,0.071702
ACTCAGACCTGCTTCT-1,0.00161,0.001611,0.33414,0.654581,0.001612,0.003223,0.003223
ACTCCCATTCCTAAAG-1,0.000015,0.000015,0.000015,0.001631,0.4038,0.021554,0.57297
ACTCCCGAATTCGTTT-1,0.000042,0.094874,0.000042,0.255343,0.024433,0.068169,0.557097
ACTCCCGTAGACTAGG-1,0.000068,0.005413,0.000068,0.164286,0.000068,0.100366,0.729732
ACTCCCTAATGCTAAA-1,0.000146,0.005645,0.74623,0.0579,0.000146,0.000292,0.189641
ACTCCCTAGAATAGTA-1,0.000037,0.70882,0.000037,0.031816,0.038702,0.026715,0.193873
ACTCCGGCCGACCACT-1,0.000911,0.166426,0.000911,0.626374,0.000911,0.001823,0.202643
ACTCGATGTATTTCAT-1,0.000198,0.000199,0.000199,0.700311,0.000199,0.26313,0.035765
ACTCGCCGTTCGATAA-1,0.000295,0.057466,0.028037,0.093571,0.000695,0.157585,0.662352
ACTCGCGATCTGACGC-1,0.000042,0.00012,0.003225,0.522966,0.001386,0.016178,0.456084
ACTCGTAACCCGTCCT-1,0.000042,0.024483,0.000042,0.498086,0.013846,0.028169,0.435333
ACTCGTCAGTAATCCC-1,0.000068,0.270321,0.000068,0.154041,0.000246,0.11708,0.458176
ACTCTAAACCTGGGAT-1,0.00009,0.083875,0.177788,0.687178,0.00009,0.050799,0.00018
ACTCTCTGACTTAGGT-1,0.000106,0.505647,0.242556,0.172714,0.000106,0.000213,0.078658
ACTCTCTTATACACGA-1,0.001425,0.680457,0.001426,0.309566,0.001425,0.002851,0.002851
ACTCTGACCTAATAGA-1,0.000422,0.200529,0.000423,0.000423,0.048229,0.157871,0.592102
ACTCTTCAGCTCCCGC-1,0.000095,0.031094,0.005756,0.352466,0.055427,0.037144,0.518017
ACTGAAACGCCGTTAG-1,0.000028,0.024769,0.003594,0.011883,0.273642,0.01979,0.666294
ACTGAATGGCGAAAGT-1,0.000034,0.169243,0.00602,0.033267,0.223568,0.035186,0.532682
ACTGATTTAGTGATTC-1,0.000699,0.296163,0.000699,0.242423,0.006089,0.418755,0.035171
ACTGCCGTCGTAACTC-1,0.000082,0.000082,0.032638,0.767597,0.000082,0.000164,0.199355
ACTGCGGACACACCGT-1,0.000089,0.024135,0.000123,0.414524,0.123261,0.001372,0.436496
ACTGCTCGGAAGGATG-1,0.000037,0.004826,0.000037,0.33484,0.008267,0.040466,0.611529
ACTGTACGATACACAT-1,0.000057,0.651797,0.084282,0.228119,0.000057,0.000114,0.035575
ACTGTAGCACTTTGGA-1,0.000062,0.110406,0.000062,0.695444,0.000062,0.000124,0.193841
ACTGTATACGCGAGCA-1,0.00039,0.177206,0.253047,0.567406,0.00039,0.00078,0.00078
ACTGTCCAGGATTATA-1,0.000045,0.356423,0.032904,0.308937,0.022933,0.055914,0.222844
ACTGTGCTAGTAGATC-1,0.000044,0.02135,0.021587,0.189793,0.065281,0.302058,0.399888
ACTGTTTAGTGTAGGC-1,0.000384,0.49537,0.094761,0.407561,0.000385,0.000769,0.00077
ACTTACGCATCCACGC-1,0.000074,0.262255,0.043624,0.068675,0.139125,0.000147,0.486099
ACTTAGTACGACAAGA-1,0.000064,0.000064,0.202098,0.652098,0.000064,0.121661,0.023953
ACTTATACTTACCCGG-1,0.000054,0.149428,0.011806,0.271765,0.16072,0.026682,0.379546
ACTTATTAGGATCGGT-1,0.000062,0.324534,0.003256,0.612936,0.000062,0.00193,0.057221
ACTTATTTATGTGCCA-1,0.000075,0.255505,0.000075,0.592157,0.000075,0.00015,0.151963
ACTTCAGGCTGATCCC-1,0.000063,0.503118,0.018732,0.403035,0.000063,0.000125,0.074864
ACTTCCAGTGGAAGCT-1,0.000028,0.000028,0.004951,0.115932,0.043393,0.095488,0.74018
ACTTCCATGCGGGACA-1,0.000062,0.118005,0.032137,0.64252,0.000062,0.003315,0.203897
ACTTCGCCATACGCAC-1,0.0001,0.653988,0.028262,0.0001,0.145951,0.022298,0.149301
ACTTCGCTAGCGAGTG-1,0.000098,0.098829,0.01284,0.694078,0.000098,0.000196,0.19386
ACTTGACTCCCTCTTT-1,0.000023,0.97619,0.000023,0.000023,0.02279,0.000047,0.000902
ACTTGCCATATTGTAC-1,0.00031,0.183765,0.155936,0.658441,0.00031,0.000619,0.000619
ACTTGGGACCCGGTGG-1,0.000034,0.200489,0.18971,0.048605,0.18539,0.020382,0.35539
ACTTGGGCTTTCGCCA-1,0.001145,0.437893,0.477272,0.001146,0.077958,0.002293,0.002293
ACTTGTAGTCCCTTCA-1,0.000053,0.000053,0.000053,0.540042,0.000053,0.10296,0.356787
ACTTGTGGATGGAACG-1,0.000043,0.088807,0.000043,0.4597,0.033518,0.067469,0.35042
ACTTGTTACCGGATCA-1,0.000357,0.117779,0.201108,0.517524,0.000358,0.000715,0.16216
ACTTTACCCTCATGAA-1,0.000056,0.183982,0.02022,0.48805,0.003426,0.020201,0.284064
ACTTTCCTATAGCTTC-1,0.000171,0.110153,0.193712,0.311251,0.045682,0.000343,0.338688
ACTTTGACTGCATCCT-1,0.00005,0.00005,0.00005,0.748191,0.00005,0.027111,0.224499
ACTTTGGTCGTGCTCC-1,0.000088,0.123647,0.00437,0.561995,0.000088,0.000176,0.309636
ACTTTGTCGACGCACT-1,0.000018,0.000618,0.010053,0.00838,0.409986,0.498108,0.072837
AGAAATTATGACTCGC-1,0.00002,0.022092,0.00002,0.20431,0.018693,0.165029,0.589837
AGAACCCAGCGTGACA-1,0.000027,0.0599,0.007016,0.443315,0.001112,0.085893,0.402737
AGAACGTGGTACATTC-1,0.000028,0.979636,0.000028,0.000028,0.016291,0.000056,0.003934
AGAACTGTACTTTGTA-1,0.000305,0.315967,0.376598,0.305603,0.000305,0.000611,0.000611
AGAAGAGCGCCGTTCC-1,0.000352,0.365827,0.000352,0.63171,0.000352,0.000704,0.000704
AGAAGGTACACTTCAC-1,0.000045,0.14786,0.041379,0.438341,0.004947,0.019103,0.348325
AGAAGGTTGCCGAATT-1,0.000046,0.238252,0.090118,0.285094,0.091326,0.037923,0.257241
AGAAGGTTGTAGGTCG-1,0.00003,0.026003,0.026152,0.06882,0.068462,0.114207,0.696326
AGAAGTGATTCGTGAT-1,0.000044,0.099282,0.000044,0.30172,0.097362,0.014144,0.487402
AGAATAAATCTTCAGG-1,0.000031,0.016419,0.100163,0.447652,0.093257,0.274722,0.067756
AGAATACAGGCTATCC-1,0.000642,0.543803,0.000643,0.451699,0.000643,0.001285,0.001285
AGAATTATGGATTCGA-1,0.000029,0.035145,0.002887,0.051693,0.189912,0.02964,0.690694
AGAATTGTTTGACATA-1,0.000035,0.000035,0.009135,0.52708,0.005623,0.450928,0.007165
AGACAGCTCAGAATCC-1,0.000012,0.034909,0.000012,0.014881,0.152212,0.728736,0.069238
AGACAGGCATCTCAGC-1,0.00006,0.102068,0.037998,0.567037,0.046423,0.137626,0.108788
AGACATAGATCCTTCC-1,0.000267,0.000267,0.000267,0.784883,0.000267,0.185764,0.028284
AGACCAAACCACACCT-1,0.000039,0.026655,0.000039,0.604912,0.000039,0.102693,0.265623
AGACCATGGGATACAA-1,0.000029,0.003459,0.006339,0.448582,0.042887,0.223758,0.274946
AGACCCGCCCTCCTCG-1,0.000042,0.153494,0.005089,0.336004,0.01828,0.056349,0.430742
AGACCGCTCCGCGGTT-1,0.000055,0.067828,0.108386,0.518466,0.000055,0.067626,0.237584
AGACCGGGAAACCCTG-1,0.00006,0.00006,0.00812,0.314411,0.01724,0.123425,0.536684
AGACGAAGTGCCGGTC-1,0.000023,0.018579,0.013078,0.000023,0.336598,0.002327,0.629371
AGACGACGATGCCGCT-1,0.000029,0.071595,0.006762,0.09418,0.174935,0.023639,0.62886
AGACGCCCACTTCGCC-1,0.000033,0.086824,0.039038,0.565383,0.000745,0.175724,0.132252
