Barcode,Topic 1,Topic 2,Topic 3,Topic 4,Topic 5,Topic 6,Topic 7,Topic 8
AAACAAGTATCTCCCA-1,0.143983,0.020188,0.066853,0.496927,0.040895,0.090728,0.028026,0.112399
AAACAATCTACTAGCA-1,0.032034,0.274049,0.355838,0.150598,0.000407,0.042041,0.144625,0.000407
AAACACCAATAACTGC-1,0.038917,0.073171,0.050597,0.000331,0.277936,0.240937,0.085514,0.232596
AAACAGAGCGACTCCT-1,0.000184,0.000184,0.278313,0.000184,0.000184,0.000184,0.000184,0.720582
AAACAGCTTTCAGAAG-1,0.000063,0.023401,0.007163,0.000063,0.344646,0.006797,0.090021,0.527845
AAACAGGGTCTATATT-1,0.001906,0.007823,0.138699,0.001301,0.052472,0.053927,0.698255,0.045618
AAACAGTGTTCCTGGG-1,0.000281,0.000281,0.000281,0.000281,0.244823,0.278656,0.475114,0.000281
AAACATGGTGAGAGGA-1,0.000092,0.000092,0.000092,0.024128,0.000092,0.17531,0.491046,0.309149
AAACATTTCCCGGATT-1,0.014127,0.022401,0.270011,0.177196,0.013776,0.40903,0.072417,0.021043
AAACCACTACACAGAT-1,0.001626,0.001626,0.001626,0.001626,0.480203,0.510039,0.001627,0.001626
AAACCCGAACGAAATC-1,0.051951,0.319976,0.046559,0.194431,0.051515,0.091249,0.030742,0.213576
AAACCGGGTAGGTACC-1,0.000096,0.000096,0.000096,0.000096,0.067256,0.000096,0.603449,0.328817
AAACCGTTCGTCCAGG-1,0.000087,0.000087,0.000087,0.000087,0.066845,0.000087,0.929113,0.003607
AAACCTAAGCAGCCGG-1,0.06721,0.026119,0.350239,0.074138,0.03898,0.254375,0.14479,0.044148
AAACGAAGATGGAGTA-1,0.000038,0.000038,0.00043,0.032328,0.000038,0.197232,0.211459,0.558436
AAACGACAGTCTTGCC-1,0.00062,0.00062,0.00062,0.00062,0.00062,0.843676,0.00062,0.152605
AAACGCCCGAGATCGG-1,0.000476,0.000476,0.149185,0.000476,0.000476,0.551433,0.201106,0.096371
AAACGGGCGTACGGGT-1,0.05533,0.007618,0.229935,0.085316,0.043435,0.498415,0.035807,0.044144
AAACGTGTTCGCCCTA-1,0.000728,0.000728,0.000728,0.000728,0.000728,0.396088,0.420297,0.179975
AAACTAACGTGGCGAC-1,0.000509,0.000509,0.728236,0.000509,0.000509,0.251437,0.017782,0.000509
AAACTCGGTTCGCAAT-1,0.000278,0.000278,0.000278,0.000278,0.932161,0.000278,0.000278,0.06617
AAACTCGTGATATAAG-1,0.002912,0.002913,0.002912,0.002912,0.2471,0.002913,0.735425,0.002913
AAACTGCTGGCTCCAA-1,0.13238,0.001392,0.354298,0.000082,0.089619,0.024397,0.385525,0.012306
AAACTTAATTGCACGC-1,0.000673,0.288757,0.000673,0.000673,0.000673,0.000673,0.648482,0.059395
AAACTTGCAAACGTAT-1,0.000047,0.000047,0.000047,0.000047,0.000047,0.009965,0.861827,0.127971
AAAGAATGACCTTAGA-1,0.005124,0.006754,0.075151,0.03803,0.001036,0.268122,0.568518,0.037265
AAAGACATGAAGTTTA-1,0.00012,0.359504,0.21853,0.043137,0.000158,0.104893,0.148415,0.125243
AAAGACCCAAGTCGCG-1,0.002665,0.002665,0.603978,0.002665,0.002664,0.002664,0.318339,0.06436
AAAGACTGGGCGCTTT-1,0.000105,0.464299,0.000105,0.032882,0.068212,0.030842,0.351572,0.051982
AAAGCTTGCCTACATA-1,0.000707,0.000707,0.000707,0.000707,0.218783,0.000707,0.000707,0.776973
AAAGGCCCTATAATAC-1,0.000707,0.100003,0.000707,0.000708,0.000708,0.395483,0.500976,0.000708
AAAGGCTCTCGCGCCG-1,0.000233,0.012323,0.358398,0.000233,0.106323,0.032575,0.427805,0.06211
AAAGGGATGTAGCAAG-1,0.000182,0.030811,0.017875,0.000182,0.179406,0.006664,0.713051,0.051829
AAAGGGCAGCTTGAAT-1,0.442175,0.011385,0.000056,0.263412,0.02529,0.083224,0.174402,0.000056
AAAGGTAAGCTGTACC-1,0.00117,0.00117,0.787691,0.00117,0.00117,0.00117,0.205287,0.00117
AAAGGTCAACGACATG-1,0.045227,0.252462,0.701969,0.000068,0.000068,0.000068,0.000068,0.000068
AAAGTAGCATTGCTCA-1,0.000112,0.000112,0.000112,0.000112,0.000112,0.059126,0.861201,0.079112
AAAGTCACTGATGTAA-1,0.003913,0.003912,0.003913,0.003913,0.003913,0.972607,0.003914,0.003915
AAAGTGTGATTTATCT-1,0.000868,0.013905,0.121945,0.430151,0.121961,0.203501,0.09058,0.01709
AAAGTTGACTCCCGTA-1,0.000285,0.000285,0.000285,0.000285,0.866887,0.000285,0.000285,0.131401
AAATAACCATACGGGA-1,0.000192,0.000192,0.000192,0.000192,0.000192,0.001246,0.554159,0.443635
AAATACCTATAAGCAT-1,0.07051,0.00011,0.088625,0.010736,0.031149,0.186004,0.434528,0.178338
AAATAGGGTGCTATTG-1,0.136656,0.000396,0.259953,0.211765,0.000396,0.000396,0.066312,0.324125
AAATCACTCCTAAACG-1,0.092923,0.000367,0.567727,0.000367,0.132226,0.000367,0.108233,0.097789
AAATCCGATACACGCC-1,0.089904,0.066601,0.177468,0.081881,0.09561,0.387923,0.09249,0.008122
AAATCGCGGAAGGAGT-1,0.000042,0.000042,0.083276,0.007078,0.000042,0.093454,0.541117,0.274948
AAATCGTGTACCACAA-1,0.000097,0.000097,0.000097,0.000097,0.065053,0.000097,0.375409,0.55905
AAATCTAGCCCTGCTA-1,0.228759,0.183307,0.368188,0.085189,0.016072,0.115873,0.002586,0.000026
AAATCTGCCCGCGTCC-1,0.000162,0.056706,0.115362,0.000162,0.000162,0.104319,0.272481,0.450645
AAATGATTCGATCAGC-1,0.000572,0.558705,0.000572,0.000572,0.000572,0.015318,0.021467,0.402223
AAATGCTCGTTACGTT-1,0.187995,0.004875,0.156591,0.26886,0.083303,0.09348,0.172339,0.032557
AAATGGCATGTCTTGT-1,0.002556,0.002556,0.385703,0.002556,0.300608,0.30091,0.002556,0.002556
AAATGGCCCGTGCCCT-1,0.000072,0.000072,0.000072,0.000072,0.091595,0.037102,0.78905,0.081966
AAATGTGGGTGCTCCT-1,0.001376,0.001376,0.566365,0.001376,0.056834,0.001376,0.333408,0.037888
AAATTACACGACTCTG-1,0.024185,0.000208,0.000208,0.000208,0.136389,0.000208,0.683942,0.154652
AAATTCCAGGTCCAAA-1,0.004473,0.022658,0.033596,0.008369,0.00005,0.00005,0.00005,0.930755
AAATTGATAGTCCTTT-1,0.000151,0.000151,0.000151,0.000151,0.000151,0.000151,0.727552,0.271544
AAATTGGTGAGAAGCA-1,0.000629,0.000629,0.000629,0.046304,0.000629,0.907473,0.043077,0.000629
AAATTTACCGAAATCC-1,0.001957,0.001957,0.001956,0.001957,0.16668,0.001957,0.821579,0.001957
AAATTTGCGGGTGTGG-1,0.000087,0.000087,0.000087,0.000087,0.000087,0.000087,0.950732,0.048748
AACAATACATTGTCGA-1,0.00011,0.04654,0.025922,0.045167,0.013775,0.336638,0.356735,0.175114
AACAATTACTCTACGC-1,0.000126,0.254351,0.063133,0.006273,0.263936,0.035026,0.314261,0.062894
AACACACGCTCGCCGC-1,0.346335,0.012421,0.102383,0.273122,0.055967,0.15524,0.053904,0.000627
AACACGACTGTACTGA-1,0.341808,0.001648,0.192352,0.001648,0.001648,0.001648,0.457602,0.001648
AACACGAGACGCGGCC-1,0.000038,0.000038,0.048702,0.000038,0.02124,0.03258,0.61055,0.286815
AACACGCGGCCGCGAA-1,0.000203,0.048643,0.266596,0.073274,0.000203,0.574137,0.000203,0.036739
AACAGCTGTGTGGCAA-1,0.000114,0.242569,0.004663,0.000114,0.040491,0.027621,0.638798,0.045632
AACAGGAAATCGAATA-1,0.002722,0.002722,0.469936,0.51373,0.002722,0.002723,0.002723,0.002722
AACAGGTAGTATGGAT-1,0.653263,0.067058,0.008968,0.14471,0.016682,0.081965,0.027333,0.000022
AACATATCAACTGGTG-1,0.001149,0.001149,0.540895,0.001149,0.001149,0.001149,0.001149,0.452212
AACATCGATACGTCTA-1,0.026152,0.000181,0.459751,0.022978,0.000181,0.130895,0.359681,0.000181
AACATTGAAGTTGATC-1,0.000283,0.301214,0.13076,0.124031,0.000283,0.232864,0.000283,0.210282
AACCAGTATCACTCTT-1,0.24712,0.195513,0.556335,0.000206,0.000206,0.000206,0.000206,0.000206
AACCATAGGGTTGAAC-1,0.000357,0.000357,0.096933,0.000357,0.000357,0.656471,0.244812,0.000357
AACCATGGGATCGCTA-1,0.156746,0.000198,0.122946,0.424792,0.11815,0.000198,0.126071,0.050899
AACCCAGAGACGGAGA-1,0.019447,0.109159,0.135345,0.346938,0.124645,0.059251,0.205094,0.00012
AACCCATCCCATGATC-1,0.000223,0.160261,0.017461,0.010812,0.092409,0.081331,0.637281,0.000223
AACCCGACAACCCGTG-1,0.000935,0.000935,0.000935,0.000935,0.49332,0.000935,0.000935,0.501073
AACCCGATAGGGCTTC-1,0.000614,0.350888,0.134937,0.000614,0.176579,0.000614,0.000614,0.33514
AACCGAGCTTGGTCAT-1,0.041569,0.073877,0.476521,0.007509,0.000051,0.026104,0.098065,0.276305
AACCGCTAAGGGATGC-1,0.000123,0.055574,0.000123,0.293981,0.001528,0.516249,0.098453,0.03397
AACCGTTGTGTTTGCT-1,0.298914,0.004175,0.004174,0.278441,0.004174,0.004174,0.004174,0.401774
AACCTCGCTTTAGCCC-1,0.194997,0.00042,0.086836,0.00042,0.00042,0.702065,0.014422,0.00042
AACCTGTCACGGAATT-1,0.000673,0.000673,0.000673,0.000673,0.338436,0.000673,0.000673,0.657525
AACCTTTAAATACGGT-1,0.003383,0.00137,0.302353,0.120217,0.067338,0.099082,0.36991,0.036346
AACCTTTACGACGTCT-1,0.000297,0.000297,0.000297,0.000297,0.017749,0.232678,0.748089,0.000297
AACGAAAGTCGTCCCA-1,0.000283,0.132887,0.094706,0.217994,0.000283,0.128435,0.206421,0.218991
AACGATAATGCCGTAG-1,0.049141,0.009616,0.150757,0.016663,0.015895,0.402101,0.330696,0.025131
AACGATAGAAGGGCCG-1,0.184228,0.001252,0.001252,0.001252,0.001252,0.330436,0.195993,0.284333
AACGATATGTCAACTG-1,0.052029,0.004191,0.002921,0.007396,0.000067,0.035067,0.099628,0.798701
AACGCATGATCTGGGT-1,0.000819,0.000818,0.000819,0.000818,0.000818,0.305536,0.190656,0.499716
AACGCGGTCTCCAGCC-1,0.035332,0.000142,0.000142,0.015485,0.000142,0.399957,0.346267,0.202535
AACGCTGTTGCTGAAA-1,0.03912,0.03696,0.290111,0.018471,0.052499,0.419523,0.090883,0.052432
AACGGACGTACGTATA-1,0.097266,0.145599,0.027548,0.366914,0.07776,0.182619,0.098945,0.003349
AACGGCCATCTCCGGT-1,0.000082,0.000082,0.000082,0.000082,0.000082,0.000082,0.848192,0.151317
AACGTACTGTGGGTAC-1,0.000099,0.000099,0.000099,0.000099,0.000099,0.000099,0.990323,0.009081
AACGTAGTCTACCCAT-1,0.000549,0.000549,0.121475,0.000549,0.232959,0.642819,0.000549,0.000549
AACGTCAGACTAGTGG-1,0.000151,0.000151,0.000151,0.240996,0.000151,0.318787,0.213081,0.226532
AACGTGATGAAGGACA-1,0.00729,0.031416,0.247994,0.000158,0.4218,0.039639,0.117475,0.134227
AACGTGCGAAAGTCTC-1,0.000175,0.000175,0.000175,0.000175,0.18833,0.000175,0.500271,0.310522
AACGTTATCAGCACCT-1,0.572932,0.007087,0.065862,0.240115,0.003746,0.025986,0.084259,0.000013
AACTACCCGTTTGTCA-1,0.587965,0.041308,0.071734,0.164925,0.004049,0.044281,0.000036,0.085702
AACTAGCGTATCGCAC-1,0.00107,0.645854,0.00107,0.00107,0.07968,0.269114,0.00107,0.001071
AACTAGGCTTGGGTGT-1,0.140555,0.000632,0.000633,0.000632,0.635136,0.000633,0.221147,0.000633
AACTCCAGAGCGTGTT-1,0.036208,0.030229,0.213964,0.19009,0.092926,0.299793,0.104541,0.032249
AACTCCTAATCCCATG-1,0.004637,0.004638,0.742016,0.004637,0.004637,0.004638,0.230158,0.004638
AACTCTCAGTGTGCTC-1,0.000105,0.000105,0.000105,0.000105,0.000105,0.000105,0.727775,0.271593
AACTGAGGTCAGCGTC-1,0.010974,0.000482,0.986136,0.000482,0.000482,0.000482,0.000482,0.000482
AACTGATATTAGGCCT-1,0.000346,0.000346,0.000346,0.386081,0.000346,0.000346,0.546145,0.066044
AACTGGGTCCCGACGT-1,0.052988,0.000108,0.060863,0.015494,0.000108,0.069818,0.555422,0.245197
AACTGGGTTCGAGCCG-1,0.000108,0.192251,0.542102,0.005186,0.031032,0.092533,0.136681,0.000108
AACTGGTGTGGGCCTT-1,0.002556,0.002556,0.630174,0.002555,0.002556,0.002556,0.354491,0.002555
AACTTCTGCGTCTATC-1,0.573743,0.08541,0.086303,0.145894,0.023276,0.043544,0.041807,0.000023
AACTTGCCCGTATGCA-1,0.062521,0.063627,0.00031,0.00031,0.790027,0.00031,0.002454,0.08044
AACTTGCGTTCTCGCG-1,0.221568,0.000114,0.109024,0.15021,0.000114,0.416749,0.102107,0.000114
AACTTTAGCTGCTGAG-1,0.001181,0.127171,0.001181,0.001181,0.073176,0.793745,0.001181,0.001181
AACTTTCTCGATCATG-1,0.001692,0.39315,0.001692,0.001692,0.001692,0.001692,0.001692,0.596696
AAGAAAGTTTGATGGG-1,0.042395,0.035044,0.146495,0.012652,0.00838,0.304901,0.338941,0.111191
AAGAAATCACCAGATT-1,0.000288,0.209352,0.788921,0.000288,0.000288,0.000288,0.000288,0.000288
AAGAAGGATCAGTTAG-1,0.270106,0.055456,0.021294,0.002038,0.587177,0.000077,0.002113,0.061738
AAGACCAAATAACTCA-1,0.007717,0.089506,0.381923,0.0207,0.002411,0.157894,0.326984,0.012866
AAGACTCACGCCCACT-1,0.000107,0.060333,0.165799,0.056602,0.002414,0.139508,0.013582,0.561653
AAGACTGCAAGCTACT-1,0.000305,0.000305,0.000305,0.03322,0.387645,0.000305,0.415832,0.162081
AAGAGATGAATCGGTA-1,0.000113,0.288806,0.000113,0.210722,0.040936,0.136749,0.009645,0.312917
AAGAGGATGTACGCGA-1,0.089545,0.000415,0.000415,0.000415,0.714159,0.000415,0.043124,0.151513
AAGAGGCATGGATCGC-1,0.00068,0.00068,0.00068,0.00068,0.814558,0.00068,0.000681,0.181359
AAGATGGCACCGGACC-1,0.000115,0.000115,0.010432,0.082479,0.032812,0.171041,0.695244,0.007761
AAGCACCCTGCGTATC-1,0.001927,0.001927,0.167215,0.001927,0.001927,0.619108,0.001927,0.204043
AAGCATACTCTCCTGA-1,0.000068,0.000068,0.28755,0.102435,0.047863,0.216659,0.202923,0.142434
AAGCCACTTGCAGGTA-1,0.000157,0.281636,0.000707,0.000157,0.556511,0.003904,0.15677,0.000157
AAGCCGAAGCGGTTTA-1,0.825508,0.055365,0.044514,0.061701,0.000009,0.005207,0.000009,0.007686
AAGCCGCCGTGAAATC-1,0.028875,0.000237,0.023715,0.053508,0.065074,0.554822,0.273532,0.000237
AAGCCGCTTTACCTTG-1,0.001869,0.001869,0.325969,0.001869,0.001869,0.662816,0.001869,0.001869
AAGCGCAGGGCTTTGA-1,0.000384,0.049891,0.19478,0.000384,0.000384,0.689969,0.000384,0.063823
AAGCGGAGTGCGCGCA-1,0.000724,0.09034,0.000724,0.000724,0.221133,0.336221,0.262516,0.087619
AAGCGGCGTCATGGGT-1,0.003914,0.003913,0.003913,0.003913,0.003913,0.003913,0.972604,0.003916
AAGCGTCCCTCATCGA-1,0.000182,0.000182,0.000182,0.000182,0.000182,0.000182,0.998726,0.000182
AAGCTAGATCGAGTAA-1,0.076362,0.030824,0.000109,0.034902,0.179735,0.07109,0.606869,0.000109
AAGCTATGGATTGACC-1,0.109214,0.202857,0.239116,0.035858,0.012123,0.208011,0.11852,0.074301
AAGCTCTTTCATGGTG-1,0.001216,0.001216,0.454653,0.001216,0.001216,0.42253,0.001216,0.116738
AAGGAGAACTTATAAG-1,0.000198,0.000198,0.045758,0.000198,0.951449,0.000198,0.000198,0.001806
AAGGAGCGGTTGGTGC-1,0.187041,0.000798,0.000798,0.000798,0.38473,0.000798,0.34135,0.083689
AAGGATCGATCGCTTG-1,0.000087,0.210559,0.000087,0.156114,0.115713,0.267046,0.049116,0.201278
AAGGCAGGCTGTCTCC-1,0.000105,0.233885,0.000105,0.163021,0.008213,0.300431,0.153006,0.141233
AAGGCGCGTAAAGCTT-1,0.000139,0.00801,0.000139,0.199407,0.009401,0.531899,0.184162,0.066843
AAGGGAACGACTGGCT-1,0.000716,0.570801,0.000716,0.000716,0.000716,0.000716,0.424905,0.000716
AAGGGACTATGCATTC-1,0.015542,0.025082,0.765648,0.009432,0.081648,0.052513,0.050062,0.000072
AAGGGTTTGATTTCAG-1,0.338138,0.000181,0.288067,0.000181,0.000181,0.000181,0.333435,0.039636
AAGGTATCCTAATATA-1,0.029325,0.106439,0.080775,0.011334,0.010165,0.034374,0.284855,0.442733
AAGGTGATAAACCAGC-1,0.016698,0.081114,0.116748,0.139085,0.169841,0.281666,0.129584,0.065263
AAGTAAGCTTCCAAAC-1,0.00012,0.133339,0.301703,0.19955,0.00012,0.214981,0.147719,0.002466
AAGTAGAAGACCGGGT-1,0.018504,0.037796,0.00219,0.563641,0.000071,0.160499,0.129534,0.087765
AAGTCAATTGTCGTCA-1,0.037467,0.191465,0.549434,0.071178,0.000051,0.012117,0.000051,0.138236
AAGTCTAGTAGCTGCC-1,0.163199,0.527464,0.000696,0.000696,0.000696,0.000696,0.000696,0.305859
AAGTGACGACCGAATT-1,0.000064,0.000064,0.000064,0.021991,0.000064,0.019875,0.183334,0.774543
AAGTGAGTCGGGTTTA-1,0.173292,0.000311,0.110362,0.077095,0.007844,0.015429,0.473552,0.142116
AAGTGCAAAGGTAGAC-1,0.000213,0.212037,0.000213,0.05585,0.245916,0.044268,0.346895,0.094608
AAGTGCCTTGACTGTA-1,0.000068,0.136171,0.131711,0.39434,0.060793,0.100153,0.073046,0.103719
AAGTGCGTTAGAATCT-1,0.000101,0.000101,0.000101,0.000101,0.000101,0.000101,0.99929,0.000101
AAGTGCTTCTCTATTG-1,0.025661,0.437971,0.145412,0.000135,0.130814,0.116799,0.105457,0.037752
AAGTGTTTGGAGACGG-1,0.003149,0.074855,0.269552,0.157461,0.010018,0.28461,0.192116,0.008238
AAGTTCACTCCAAGCT-1,0.000526,0.000526,0.623663,0.000526,0.000526,0.130749,0.187381,0.056102
AAGTTCAGTCTGCGTA-1,0.002913,0.002912,0.002913,0.002912,0.002913,0.825129,0.002913,0.157395
AAGTTCGGCCAACAGG-1,0.000085,0.000085,0.000085,0.000085,0.02489,0.081185,0.682069,0.211515
AAGTTTATGGGCCCAA-1,0.000394,0.000394,0.089513,0.000394,0.704324,0.000394,0.075017,0.129571
AATAACACTAGAACAA-1,0.015929,0.000032,0.619363,0.001129,0.016301,0.020497,0.326717,0.000032
AATAATCTTCGTATCG-1,0.156046,0.281328,0.035222,0.300741,0.01342,0.172285,0.031587,0.00937
AATACAATGTTTCAGG-1,0.19268,0.072579,0.219034,0.266205,0.000152,0.00612,0.206074,0.037156
AATACCGGAGGGCTGT-1,0.021017,0.000233,0.080932,0.000233,0.000233,0.596313,0.147767,0.153273
AATAGAACAGAGTGGC-1,0.000131,0.000131,0.000131,0.010165,0.119789,0.03494,0.80057,0.034143
AATAGAATCTGTTTCA-1,0.047406,0.177423,0.374965,0.101695,0.000071,0.084255,0.076133,0.138052
AATAGCAAGCCTCCTG-1,0.001026,0.001026,0.292245,0.001026,0.001026,0.52361,0.001026,0.179013
AATAGCTACCGCGTGC-1,0.002276,0.002276,0.002277,0.002277,0.002277,0.757771,0.228569,0.002277
AATAGGCACGACCCTT-1,0.107797,0.070645,0.100134,0.049696,0.039533,0.565119,0.066582,0.000494
AATAGTCCGTCCCGAC-1,0.00021,0.003898,0.228506,0.075041,0.00021,0.253823,0.297852,0.14046
AATAGTCGCGAGTCGG-1,0.000072,0.03849,0.000072,0.407537,0.018484,0.189555,0.151176,0.194615
AATATCAAGGTCGGAT-1,0.000344,0.000344,0.404125,0.074908,0.000344,0.438746,0.080846,0.000344
AATATCCTAGCAAACT-1,0.000038,0.010115,0.111447,0.000038,0.163269,0.006315,0.547376,0.161402
AATATCGAATCAATGC-1,0.554722,0.263216,0.14698,0.023215,0.004439,0.003969,0.000016,0.003442
AATATCGAGGGTTCTC-1,0.001627,0.001626,0.001626,0.001626,0.855713,0.001626,0.134529,0.001626
AATCAGGTTTCATTTA-1,0.000549,0.217838,0.000549,0.621408,0.000549,0.158008,0.000549,0.000549
AATCATGTAAAGACTC-1,0.013522,0.000373,0.310598,0.141819,0.000166,0.458509,0.035226,0.039788
AATCCAAGGGCCTGAG-1,0.003054,0.003054,0.510612,0.003054,0.003055,0.003055,0.471062,0.003055
AATCGCCTCAGCGCCA-1,0.000196,0.02397,0.000196,0.198423,0.272287,0.000196,0.308298,0.196435
AATCGCGCAGAGGACT-1,0.00008,0.517763,0.00008,0.010836,0.00008,0.141631,0.00008,0.329451
AATCGGGACACTACGA-1,0.003794,0.478868,0.003796,0.003794,0.003795,0.498366,0.003793,0.003794
AATCGTGAGCCGAGCA-1,0.012286,0.047032,0.275576,0.101409,0.087624,0.332719,0.109762,0.033592
AATCTAGGTTTACTTG-1,0.0001,0.0001,0.0001,0.0001,0.00311,0.216136,0.780252,0.0001
AATCTATGCCGGAGCC-1,0.000888,0.000888,0.000888,0.000888,0.000888,0.388331,0.541341,0.065887
AATCTGGCTTTCTAGT-1,0.037338,0.000513,0.178298,0.022578,0.047009,0.019855,0.647468,0.046942
AATCTGGGTAGACCCT-1,0.000824,0.42459,0.071008,0.000824,0.000824,0.000824,0.000824,0.500282
AATGACAGCAATGTCT-1,0.025229,0.000039,0.659153,0.000039,0.014201,0.015203,0.286096,0.000039
AATGACGTAGGATGTC-1,0.000259,0.028636,0.182241,0.039968,0.000259,0.412208,0.336171,0.000259
AATGACTGTCAGCCGG-1,0.016007,0.205698,0.075634,0.102957,0.170701,0.206757,0.196088,0.026157
AATGAGTTCGCATATG-1,0.236261,0.023737,0.114025,0.158132,0.053745,0.198782,0.201342,0.013976
AATGATGATACGCTAT-1,0.219067,0.000417,0.000417,0.000417,0.000417,0.000417,0.000417,0.778428
AATGATGCGACTCCTG-1,0.000934,0.000935,0.166961,0.220655,0.000935,0.000934,0.53052,0.078126
AATGCAACCGGGTACC-1,0.000724,0.217872,0.000724,0.01539,0.000724,0.608694,0.155148,0.000724
AATGCACCAAGCAATG-1,0.00019,0.091725,0.020202,0.00019,0.06202,0.058836,0.621709,0.145127
AATGGCCGCCAATGCG-1,0.001181,0.001181,0.991731,0.001181,0.001181,0.001181,0.001181,0.001181
AATGGTCCACCGTTCA-1,0.000072,0.417668,0.000094,0.031784,0.163534,0.277178,0.056202,0.053469
AATGGTTCTCACAAGC-1,0.018187,0.022558,0.000148,0.756933,0.01618,0.010631,0.166174,0.009189
AATGTATGGCACTGTA-1,0.084617,0.007402,0.552699,0.003245,0.003617,0.028264,0.320107,0.000048
AATGTGCCCGAGGTGT-1,0.000204,0.000204,0.000204,0.000204,0.000204,0.000204,0.998575,0.000204
AATGTGCTAATCTGAG-1,0.063861,0.05122,0.000405,0.000405,0.000405,0.56727,0.316029,0.000405
AATTAAAGGTCGGCGT-1,0.041679,0.058027,0.106311,0.009936,0.030612,0.004922,0.612757,0.135757
AATTAACGGATTTCCA-1,0.001815,0.001815,0.46037,0.078927,0.451628,0.001815,0.001815,0.001815
AATTACGAGACCCATC-1,0.000099,0.000099,0.000099,0.000099,0.000099,0.135793,0.40946,0.45425
AATTAGCGCTGCAGCG-1,0.000112,0.046776,0.269524,0.001488,0.082601,0.173769,0.366428,0.059302
AATTCATAAGGGATCT-1,0.000681,0.00068,0.299016,0.000681,0.000681,0.228222,0.128804,0.341236
AATTCATTGTCATGCA-1,0.000049,0.172861,0.31939,0.006461,0.107287,0.108467,0.267044,0.018441
AATTCGATTCGAGGAT-1,0.031387,0.002295,0.40792,0.038606,0.015868,0.149995,0.182005,0.171924
AATTCTAGAGTTAGGC-1,0.000189,0.000189,0.191197,0.000189,0.222848,0.000189,0.585012,0.000189
AATTGAACGCTCTGGT-1,0.075142,0.210415,0.706363,0.005215,0.001594,0.001161,0.000055,0.000055
AATTGCAGCAATCGAC-1,0.0133,0.065922,0.000142,0.000142,0.920068,0.000142,0.000142,0.000142
AATTGCGTGGATTACA-1,0.000075,0.000075,0.023332,0.000078,0.000075,0.389231,0.308582,0.278553
AATTTGGGACATAGTA-1,0.005965,0.005964,0.334761,0.005965,0.005962,0.005964,0.629456,0.005964
AATTTGGTTCCAAAGA-1,0.000223,0.000223,0.119427,0.000223,0.702024,0.000223,0.177435,0.000223
ACAAACCATGCGTCCT-1,0.000072,0.054725,0.000072,0.106861,0.002449,0.358768,0.012685,0.464368
ACAAACTCCATCAGAG-1,0.034099,0.161933,0.221155,0.125288,0.075378,0.15732,0.158373,0.066454
ACAAAGAAGGTAGGCC-1,0.014464,0.005909,0.429166,0.00485,0.03027,0.131107,0.293967,0.090268
ACAAAGCATGACCTAG-1,0.08323,0.061929,0.13687,0.175381,0.073609,0.358875,0.085201,0.024905
ACAAATCGCACCGAAT-1,0.009708,0.030388,0.000087,0.662383,0.095813,0.065785,0.070779,0.065057
ACAAATGGTAGTGTTT-1,0.000354,0.025775,0.000354,0.000354,0.245882,0.726575,0.000354,0.000354
ACAAATTCAGATCTGA-1,0.114209,0.00101,0.419938,0.412426,0.00101,0.00101,0.00101,0.049387
ACAACGGTCCCTGCGA-1,0.002985,0.032659,0.001472,0.323632,0.109763,0.228276,0.064431,0.23678
ACAAGGAAATCCGCCC-1,0.000086,0.000086,0.139155,0.016042,0.025378,0.530363,0.283044,0.005846
ACAAGGATGCTTTAGG-1,0.017049,0.000132,0.390574,0.014518,0.027738,0.418347,0.082904,0.048738
ACAAGGCCTACCAGCC-1,0.000588,0.197216,0.000588,0.000588,0.000588,0.251388,0.000588,0.548457
ACAAGGGCAGGCTCTG-1,0.219785,0.000226,0.705092,0.025814,0.038702,0.010309,0.000036,0.000036
ACAAGTAATTGTAAGG-1,0.041341,0.027462,0.282267,0.069521,0.12212,0.196895,0.242607,0.017786
ACAATAGTCGTACGTT-1,0.000063,0.000063,0.000063,0.000063,0.000063,0.000065,0.823394,0.176225
ACAATGAATACGGAGA-1,0.000148,0.000148,0.000148,0.000148,0.000148,0.101436,0.806172,0.091652
ACAATGATTCTTCTAC-1,0.094758,0.000659,0.142986,0.212929,0.000659,0.277793,0.172031,0.098185
ACAATTGTGTCTCTTT-1,0.794086,0.039786,0.051274,0.062356,0.007136,0.028308,0.015567,0.001487
ACAATTTGGCCATATT-1,0.001628,0.204563,0.046798,0.146721,0.000066,0.000066,0.000066,0.600091
ACACAAAGACGGGTGG-1,0.001456,0.257705,0.001456,0.001456,0.001456,0.001456,0.4134,0.321613
ACACAAATATTCCTAG-1,0.000524,0.000524,0.362619,0.000524,0.139227,0.000524,0.495534,0.000524
ACACACCAGGACCAGT-1,0.000108,0.235558,0.184425,0.061144,0.000108,0.304277,0.035408,0.178971
ACACACTTTCTACACG-1,0.001815,0.001815,0.129007,0.001815,0.370938,0.001815,0.321973,0.170822
ACACATGATCAAATCT-1,0.000636,0.000636,0.000636,0.117852,0.000636,0.528982,0.258319,0.092304
ACACCCAGCATGCAGC-1,0.000261,0.000261,0.000261,0.204587,0.000261,0.44921,0.344895,0.000261
ACACCCGAGAAATCCG-1,0.65564,0.011292,0.050778,0.128801,0.011756,0.052722,0.088986,0.000024
ACACCCGTAAATCTGT-1,0.000798,0.000798,0.000798,0.214276,0.363649,0.418087,0.000798,0.000798
ACACCGGTCTGACCGC-1,0.000197,0.043293,0.084509,0.000197,0.022031,0.180631,0.628255,0.040885
ACACCTTAAGTAGGGC-1,0.000139,0.110699,0.000139,0.110389,0.242638,0.275691,0.175014,0.08529
ACACCTTACTACTTGC-1,0.000077,0.512534,0.019981,0.100773,0.118428,0.09958,0.038867,0.10976
ACACGGGAACTTAGGG-1,0.00033,0.087791,0.000329,0.00033,0.00033,0.00033,0.580016,0.330546
ACACTCCAATGTCACT-1,0.329186,0.080418,0.018286,0.35083,0.034638,0.098754,0.082466,0.005421
ACACTGATCAAGGTGT-1,0.000098,0.017971,0.107091,0.000098,0.019819,0.015197,0.528923,0.310802
ACAGAACTGAGAACAA-1,0.028064,0.024646,0.178571,0.014977,0.000057,0.189334,0.097955,0.466396
ACAGATTAGGTTAGTG-1,0.002087,0.002087,0.339184,0.002087,0.002087,0.531427,0.118952,0.002087
ACAGCATAGAGCCAGT-1,0.005448,0.005444,0.005444,0.005447,0.005446,0.005445,0.303075,0.664251
ACAGCGACATTCTCAT-1,0.093577,0.040806,0.152084,0.15635,0.040424,0.383711,0.089971,0.043076
ACAGCGCACCCGCAGC-1,0.000346,0.212225,0.000346,0.000346,0.535748,0.000346,0.000346,0.250297
ACAGGCACGGATCCTT-1,0.000188,0.000188,0.000188,0.000188,0.998684,0.000188,0.000188,0.000188
ACAGGCTTGCCCGACT-1,0.086742,0.048907,0.275466,0.053989,0.029455,0.384364,0.121008,0.000067
ACAGGTGGAGGTGAGG-1,0.133519,0.000046,0.000046,0.009861,0.006562,0.01299,0.774812,0.062164
ACAGTAATACAACTTG-1,0.00004,0.00004,0.083988,0.002113,0.037686,0.093298,0.659664,0.123171
ACAGTATACCGTGGGA-1,0.000291,0.000291,0.417774,0.000291,0.181525,0.280621,0.118918,0.000291
ACAGTGCAGCGCATTT-1,0.000391,0.000391,0.073128,0.64484,0.120089,0.000391,0.06952,0.091249
ACATAAGTCGTGGTGA-1,0.114426,0.20002,0.000564,0.000564,0.000564,0.36259,0.000564,0.320708
ACATAATAAGGCGGTG-1,0.000134,0.000134,0.16616,0.000134,0.000134,0.044725,0.221931,0.566649
ACATCAGCTGGGACGC-1,0.001332,0.001332,0.001332,0.001332,0.911828,0.001332,0.08018,0.001332
ACATCCCGGCCATACG-1,0.000466,0.508389,0.072964,0.000466,0.000466,0.000466,0.41632,0.000466
ACATCCTGGTAACTGT-1,0.000429,0.253845,0.672006,0.000111,0.000111,0.000111,0.000111,0.073276
ACATCGATCGTTTACC-1,0.000155,0.000155,0.000155,0.083165,0.000155,0.316456,0.530657,0.069104
ACATCGCAATATTCGG-1,0.018735,0.03512,0.255431,0.213696,0.05762,0.181021,0.117913,0.120465
ACATCGTATGCAATGG-1,0.05179,0.093687,0.789972,0.000067,0.000067,0.005494,0.000067,0.058855
ACATGCTTACGGCAGC-1,0.076425,0.03185,0.101184,0.077634,0.009382,0.330248,0.352571,0.020707
ACATGGCGCCAAAGTA-1,0.000136,0.11202,0.000136,0.128732,0.272021,0.147599,0.249101,0.090256
ACATTAGTTTATATCC-1,0.000221,0.129349,0.187431,0.017441,0.050219,0.089067,0.526051,0.000221
ACATTCGCGCGGAATA-1,0.000159,0.380277,0.191398,0.000159,0.105326,0.279104,0.043417,0.000159
ACCAAACACCCAGCGA-1,0.00025,0.00025,0.086057,0.00025,0.303125,0.380497,0.096763,0.132807
ACCAACACCACACACT-1,0.125593,0.001216,0.001216,0.001216,0.001216,0.867112,0.001216,0.001216
ACCAACCGCACTCCAC-1,0.070969,0.11451,0.053744,0.0669,0.431428,0.093985,0.053266,0.115199
ACCAACGCTTATTTAT-1,0.027331,0.038393,0.159077,0.032311,0.023012,0.000144,0.650408,0.069324
ACCAAGAACGCGTGTC-1,0.000198,0.000198,0.000198,0.135776,0.000198,0.696846,0.166389,0.000198
ACCAATATGCAAGTTA-1,0.204426,0.001841,0.001842,0.001841,0.001842,0.650009,0.001842,0.136356
ACCACAAGTTTCTATC-1,0.000352,0.227788,0.000352,0.000352,0.232138,0.000352,0.443738,0.094929
ACCACCAATGTAACAA-1,0.046,0.192108,0.136737,0.256546,0.077676,0.169751,0.066462,0.05472
ACCACCCTCTCTTCTA-1,0.000858,0.000858,0.000858,0.000858,0.067604,0.271915,0.161989,0.495062
ACCACGTGCAGCTATA-1,0.000141,0.053868,0.148693,0.109823,0.013517,0.279943,0.367154,0.02686
ACCAGGAGTGTGATCT-1,0.151019,0.07525,0.000403,0.000403,0.471652,0.000403,0.300469,0.000403
ACCAGTGCCCGGTCAA-1,0.001585,0.001585,0.001585,0.170935,0.001585,0.803181,0.017957,0.001585
ACCAGTGCGGGAGACG-1,0.205541,0.000061,0.054028,0.481949,0.042516,0.180754,0.031942,0.00321
ACCATATCCGCAATAA-1,0.000096,0.1844,0.13544,0.064986,0.101119,0.082953,0.103803,0.327203
ACCATCCGCCAACTAG-1,0.000062,0.000062,0.000062,0.000062,0.000062,0.000062,0.911744,0.087885
ACCATCGTATATGGTA-1,0.000202,0.000202,0.000202,0.000202,0.062814,0.003608,0.374034,0.558736
ACCCACCTACATGCTC-1,0.094421,0.030765,0.013941,0.486899,0.08174,0.02795,0.175056,0.089227
ACCCATTTGTCCCTCT-1,0.061384,0.185768,0.182692,0.051949,0.05118,0.370966,0.085694,0.010367
ACCCGAGCGAAATTAC-1,0.00018,0.00018,0.00018,0.010482,0.00018,0.385175,0.554445,0.04918
ACCCGATTGGTTCCGA-1,0.031257,0.454978,0.16051,0.000265,0.024917,0.085145,0.242663,0.000265
ACCCGGAAACTCCCAG-1,0.001491,0.256421,0.001491,0.001491,0.001491,0.625707,0.110418,0.001491
ACCCGGTTACACTTCC-1,0.000102,0.005013,0.000102,0.091897,0.001964,0.072734,0.242038,0.58615
ACCCGTAGCAGAGAAT-1,0.058737,0.0494,0.038354,0.083596,0.07562,0.126638,0.425237,0.142419
ACCCTATGCCATATCG-1,0.055754,0.000158,0.068033,0.000158,0.031612,0.008334,0.550605,0.285345
ACCCTCCCTTGCTATT-1,0.010698,0.000163,0.333156,0.12349,0.012021,0.191261,0.259642,0.06957
ACCCTGGTAACGCCCT-1,0.063965,0.000278,0.589916,0.000278,0.000278,0.322366,0.000278,0.022641
ACCCTTCATCTGCGAA-1,0.608659,0.003131,0.003131,0.003131,0.003131,0.003131,0.003131,0.372556
ACCCTTGCCTGGGTCG-1,0.000323,0.360463,0.271073,0.000323,0.000323,0.136867,0.153487,0.077142
ACCGAAAGGGCCCTGC-1,0.003577,0.003578,0.003578,0.974958,0.003577,0.003578,0.003577,0.003577
ACCGAAGAGTCTGGTT-1,0.000147,0.193226,0.295777,0.109144,0.08205,0.068779,0.244544,0.006333
ACCGACACATCTCCCA-1,0.001278,0.554191,0.202337,0.001278,0.001278,0.001278,0.001278,0.237083
ACCGACTGAGTCCCAC-1,0.000215,0.000216,0.000216,0.000216,0.000216,0.000216,0.19592,0.802787
ACCGAGTCTCCTTATT-1,0.00024,0.231228,0.144253,0.308864,0.00024,0.039358,0.24766,0.028156
ACCGATATTTAATCAT-1,0.201007,0.281729,0.319946,0.171097,0.000092,0.026082,0.000023,0.000023
ACCGCAATAACTGCCT-1,0.007836,0.000212,0.067709,0.390969,0.075303,0.370928,0.042041,0.045002
ACCGCGGTGGAAGTCG-1,0.064705,0.029548,0.032653,0.350487,0.054544,0.132178,0.031036,0.304849
ACCGCTAGTCATTGGT-1,0.117486,0.110289,0.171476,0.000182,0.475255,0.003739,0.039932,0.081641
ACCGGGCCTTTGTTGA-1,0.177541,0.00908,0.000112,0.079149,0.100082,0.570932,0.059246,0.003857
ACCGGTCAGGTACACC-1,0.000526,0.000526,0.101103,0.000526,0.000526,0.310307,0.585959,0.000526
ACCGGTCTGAGTACGG-1,0.001099,0.001099,0.001099,0.001098,0.001099,0.700463,0.001099,0.292946
ACCGTCCACTGGGCCC-1,0.006179,0.000052,0.01569,0.004379,0.000052,0.304506,0.554189,0.114954
ACCGTGACCACGTGGG-1,0.000181,0.000181,0.000181,0.000181,0.000181,0.336888,0.529654,0.132555
ACCTAAGTACCTTTCA-1,0.00012,0.00012,0.00012,0.00012,0.00012,0.00012,0.999157,0.00012
ACCTACAGTATGTGGT-1,0.051275,0.372502,0.039975,0.089016,0.118757,0.110795,0.106588,0.111091
ACCTCCGCCCTCGCTG-1,0.228343,0.053642,0.063453,0.091596,0.006773,0.411653,0.12554,0.019
ACCTCCGTTATTCACC-1,0.400884,0.000296,0.000296,0.000296,0.325695,0.000296,0.053261,0.218975
ACCTCGAACTTATGCT-1,0.039849,0.139888,0.000129,0.000129,0.256842,0.112205,0.066959,0.383998
ACCTGCGTGTCATGTT-1,0.000057,0.000057,0.019646,0.000057,0.011653,0.01988,0.860577,0.088073
ACGACTGGTCATACTC-1,0.000239,0.000239,0.000239,0.036088,0.073271,0.37865,0.492447,0.018829
ACGAGAACCCATCACG-1,0.07215,0.023925,0.092044,0.161384,0.216218,0.37228,0.037725,0.024274
ACGAGATATTTGCTTA-1,0.000526,0.000526,0.000526,0.000526,0.951418,0.000526,0.000526,0.045425
ACGAGGATACCACTCT-1,0.000105,0.000105,0.087674,0.018935,0.000105,0.286142,0.606829,0.000105
ACGAGGTTTACAACGT-1,0.341361,0.000065,0.374416,0.000065,0.053149,0.122734,0.108146,0.000065
ACGAGTACGGATGCCC-1,0.001304,0.001304,0.001304,0.001304,0.403807,0.001304,0.267447,0.322225
ACGATACATAGAACTA-1,0.002754,0.007981,0.884242,0.00014,0.004815,0.018919,0.018619,0.062531
ACGATCATACATAGAG-1,0.0002,0.0002,0.513545,0.118473,0.028731,0.019956,0.318695,0.0002
ACGATGGATCCGATGC-1,0.000268,0.000268,0.000268,0.000268,0.90387,0.000268,0.031613,0.063179
ACGCAAACTAATAGAT-1,0.000166,0.000166,0.198517,0.000166,0.398543,0.000166,0.247818,0.154456
ACGCAATCACTACAGC-1,0.10565,0.367528,0.307152,0.000994,0.000994,0.000994,0.000994,0.215695
ACGCATAAATGACATG-1,0.000623,0.244131,0.000623,0.028631,0.000623,0.000623,0.724123,0.000623
ACGCATACGTTTACTA-1,0.019925,0.00105,0.287386,0.165838,0.075831,0.348039,0.06126,0.040671
ACGCCAGATGATTTCT-1,0.00015,0.00015,0.002562,0.00015,0.00015,0.147616,0.849071,0.00015
ACGCCGCTAGACGACC-1,0.029445,0.003368,0.701529,0.058857,0.028401,0.007784,0.170547,0.000069
ACGCGAAGTCAGACGA-1,0.059491,0.000139,0.184354,0.065928,0.013096,0.008209,0.668644,0.000139
ACGCGCTACACAGGGT-1,0.043224,0.047134,0.371246,0.009328,0.030925,0.004104,0.001336,0.492702
ACGCTAGTATCAGTGC-1,0.001089,0.001089,0.440084,0.001089,0.017297,0.001089,0.001089,0.537174
ACGGAATTTAGCAAAT-1,0.000357,0.251832,0.103509,0.021669,0.053601,0.471831,0.096845,0.000357
ACGGACGCAGCGACAA-1,0.061163,0.041902,0.194086,0.096394,0.044665,0.306506,0.185154,0.07013
ACGGACTCTCAAAGCG-1,0.000626,0.332788,0.000991,0.000626,0.075275,0.123159,0.309949,0.156586
ACGGAGCGCAAATTAC-1,0.003477,0.003479,0.003478,0.003478,0.003479,0.00348,0.975651,0.003478
ACGGATGGTGCGGATA-1,0.001815,0.001937,0.001815,0.001815,0.270821,0.718168,0.001815,0.001815
ACGGCACTTGCTTGGG-1,0.000175,0.000175,0.409755,0.000175,0.000175,0.024406,0.372172,0.192966
ACGGCCAACATGGACT-1,0.000121,0.000121,0.178702,0.012728,0.050855,0.323216,0.309338,0.12492
ACGGCGACGATGGGAA-1,0.192479,0.111046,0.309072,0.028346,0.000154,0.316893,0.041856,0.000154
ACGGCGGGTTGCCCTG-1,0.000681,0.00068,0.476188,0.000681,0.405059,0.000681,0.000681,0.11535
ACGGCTGGATGTAGAA-1,0.261239,0.136635,0.540734,0.025016,0.004556,0.024817,0.000087,0.006917
ACGGGAGTGTCGGCCC-1,0.043641,0.000073,0.080026,0.000073,0.00945,0.006295,0.86037,0.000073
ACGGGCGTATGCGACA-1,0.00117,0.001171,0.00117,0.203008,0.00117,0.077295,0.577238,0.137777
ACGGGTCATGTGACTT-1,0.019649,0.055077,0.043133,0.359707,0.266043,0.11346,0.142876,0.000054
ACGGGTTGTGACCTGT-1,0.043434,0.014978,0.008237,0.286812,0.000164,0.147863,0.456398,0.042115
ACGGTCACCGAGAACA-1,0.073921,0.110151,0.322094,0.068421,0.006895,0.233118,0.1762,0.0092
ACGTACAGATTTCTCT-1,0.001692,0.001692,0.001692,0.001692,0.001692,0.575649,0.001692,0.414198
ACGTACTTTGGCACGG-1,0.000302,0.386489,0.563281,0.000302,0.000302,0.048718,0.000303,0.000302
ACGTAGGAGAGTCGCT-1,0.000444,0.250864,0.250136,0.000444,0.103708,0.117219,0.13986,0.137326
ACGTATTACTCCGATC-1,0.172855,0.001216,0.187751,0.001216,0.413228,0.001216,0.001216,0.221303
ACGTCGGGCAACTCGG-1,0.023598,0.003925,0.265504,0.000108,0.000108,0.150401,0.143035,0.413319
ACGTCTCGTTCCGGGA-1,0.036155,0.007685,0.934804,0.000191,0.013047,0.004858,0.003249,0.00001
ACGTGACAAAGTAAGT-1,0.075476,0.014543,0.068508,0.018769,0.02046,0.100245,0.690052,0.011947
ACGTGCGCCTCGTGCA-1,0.000557,0.000557,0.067398,0.000557,0.015481,0.276015,0.634308,0.00513
ACGTTAATGTCGAAGA-1,0.100351,0.000117,0.063836,0.000117,0.053516,0.115543,0.593891,0.072629
ACGTTATTGGTCACTC-1,0.516928,0.046733,0.016284,0.209715,0.052207,0.111426,0.046672,0.000035
ACGTTCACTATGCCGC-1,0.026131,0.178677,0.405672,0.016926,0.230316,0.00013,0.044558,0.097591
ACGTTCCGCGCTCCGT-1,0.003795,0.003794,0.673829,0.003794,0.003794,0.003795,0.303404,0.003795
ACGTTCGCAATCAATT-1,0.207474,0.000798,0.000798,0.000798,0.000798,0.000798,0.482666,0.305872
ACGTTCGTTCAGGAAA-1,0.000243,0.000243,0.000243,0.016335,0.169232,0.110232,0.605042,0.09843
ACGTTCTGTACAAGTC-1,0.076877,0.030256,0.275857,0.102347,0.061292,0.348461,0.067513,0.037397
ACGTTGTCGTTGAAAG-1,0.000184,0.303886,0.000184,0.000184,0.55153,0.001908,0.136953,0.005172
ACGTTTAGTTGTGATC-1,0.003913,0.003914,0.525337,0.003914,0.003914,0.451183,0.003913,0.003913
ACTAAGGACGCACACC-1,0.000382,0.000382,0.449236,0.000382,0.035842,0.20981,0.303585,0.000382
ACTAATACGTCAGGCG-1,0.004818,0.004815,0.004817,0.004816,0.004817,0.004817,0.066299,0.904802
ACTACATCCCGACAAG-1,0.000199,0.000199,0.318808,0.000199,0.000199,0.112128,0.269707,0.298558
ACTACCAGCTCTCTGG-1,0.000115,0.485035,0.050425,0.01993,0.069716,0.253927,0.120737,0.000115
ACTACCATCCGAGGGC-1,0.013717,0.057273,0.327287,0.001519,0.35968,0.019051,0.195894,0.025578
ACTAGTTGCGATCGTC-1,0.807941,0.023354,0.017175,0.132034,0.000013,0.009592,0.000013,0.009878
ACTATATGCTGTGTTC-1,0.00313,0.779137,0.003131,0.202078,0.003131,0.003131,0.003131,0.003131
ACTATCCAGGGCATGG-1,0.000116,0.123783,0.000116,0.077435,0.353617,0.182671,0.254834,0.00743
ACTATCTGCCCGCGTA-1,0.160083,0.093656,0.074879,0.512432,0.032719,0.097294,0.02709,0.001847
ACTATGTCCAGCTGCC-1,0.000389,0.000389,0.297636,0.000389,0.000389,0.367193,0.184315,0.1493
ACTATTCGTCCGTGGT-1,0.126978,0.000185,0.244791,0.000185,0.18271,0.000373,0.269479,0.175298
ACTATTTCCGGGCCCA-1,0.000147,0.000147,0.159378,0.000155,0.024976,0.151941,0.663108,0.000147
ACTCAACGAATGTATT-1,0.184818,0.266427,0.093203,0.047533,0.229121,0.076651,0.102099,0.000148
ACTCAAGTGCAAGGCT-1,0.014016,0.012673,0.284848,0.172134,0.093519,0.200458,0.221774,0.000579
ACTCAATAAAGGCACG-1,0.000107,0.000107,0.068689,0.017047,0.043623,0.000107,0.590118,0.280203
ACTCAGACCTGCTTCT-1,0.04465,0.000312,0.116933,0.164979,0.43582,0.132635,0.015012,0.089659
ACTCATGGCAGCCTTC-1,0.000321,0.382031,0.000321,0.000321,0.000321,0.177257,0.242739,0.19669
ACTCCAATATCATCAT-1,0.000338,0.297794,0.194734,0.000338,0.116915,0.000338,0.389203,0.000338
ACTCCCATTCCTAAAG-1,0.000048,0.000048,0.000048,0.000853,0.039607,0.224787,0.694945,0.039664
ACTCCCGTAGACTAGG-1,0.000949,0.366482,0.000949,0.000949,0.133439,0.050081,0.4462,0.000952
ACTCCCTAATGCTAAA-1,0.001376,0.001376,0.581937,0.001376,0.001376,0.196389,0.001376,0.214794
ACTCCCTAGAATAGTA-1,0.038501,0.000098,0.23153,0.09191,0.000098,0.034175,0.349623,0.254065
ACTCCGGCCGACCACT-1,0.046434,0.000281,0.000281,0.000281,0.903465,0.000281,0.000281,0.048693
ACTCGATGTATTTCAT-1,0.005534,0.312092,0.024113,0.300966,0.028962,0.040881,0.23906,0.04839
ACTCGCGATCTGACGC-1,0.000489,0.000489,0.173513,0.000489,0.823552,0.000489,0.000489,0.000489
ACTCGTAACCCGTCCT-1,0.000097,0.000097,0.000097,0.003353,0.000097,0.09172,0.904443,0.000097
ACTCGTCAGTAATCCC-1,0.000248,0.174792,0.02513,0.021798,0.23412,0.163107,0.265199,0.115606
ACTCTCTGACTTAGGT-1,0.000168,0.016835,0.000545,0.103866,0.000168,0.433306,0.349584,0.095528
ACTCTCTTATACACGA-1,0.00124,0.00124,0.598462,0.00124,0.126604,0.101746,0.00124,0.168229
ACTCTTGTATAGTAAC-1,0.211081,0.088632,0.24997,0.000139,0.055557,0.139418,0.223547,0.031657
ACTGAAACGCCGTTAG-1,0.06187,0.043749,0.248338,0.072606,0.03528,0.383065,0.11403,0.041062
ACTGAATGGCGAAAGT-1,0.081713,0.051757,0.249005,0.297254,0.000344,0.125936,0.188195,0.005798
ACTGCCCGCCATTCTC-1,0.076362,0.008211,0.914481,0.000189,0.000189,0.000189,0.000189,0.000189
ACTGCCGTCGTAACTC-1,0.000567,0.000567,0.000567,0.000567,0.213847,0.000567,0.782753,0.000567
ACTGCGGACACACCGT-1,0.000703,0.000703,0.000703,0.000703,0.657223,0.000703,0.000704,0.338556
ACTGCTCGGAAGGATG-1,0.000047,0.072986,0.000047,0.121974,0.000047,0.410919,0.33608,0.057901
ACTGGCGAACCTGCGT-1,0.001118,0.001118,0.001118,0.001118,0.001118,0.611415,0.365983,0.017012
ACTGTATACGCGAGCA-1,0.107666,0.014365,0.203435,0.112203,0.061742,0.193926,0.2728,0.033863
ACTGTCTTCTTTAGAA-1,0.0002,0.167698,0.750334,0.0002,0.0002,0.0002,0.051809,0.02936
ACTGTGCTAGTAGATC-1,0.202257,0.008048,0.114909,0.080845,0.055119,0.290319,0.248343,0.00016
ACTTACCGGGCGCGCA-1,0.004638,0.369796,0.004639,0.004659,0.004638,0.004639,0.602354,0.004638
ACTTACGCATCCACGC-1,0.000876,0.512377,0.000876,0.000876,0.000876,0.169489,0.129772,0.184859
ACTTAGTACGACAAGA-1,0.075593,0.076928,0.040538,0.081673,0.296652,0.360433,0.03313,0.035052
ACTTATTAGGATCGGT-1,0.000108,0.027881,0.000108,0.003224,0.000108,0.24321,0.059019,0.666344
ACTTATTTATGTGCCA-1,0.000255,0.091698,0.000255,0.236899,0.118962,0.254046,0.241823,0.056063
ACTTCAGGCTGATCCC-1,0.047348,0.107496,0.546863,0.146116,0.000081,0.006957,0.000081,0.145057
ACTTCCAGTGGAAGCT-1,0.025765,0.022452,0.127581,0.000097,0.000097,0.239148,0.490092,0.094766
ACTTCCATGCGGGACA-1,0.009979,0.354507,0.16439,0.000101,0.063704,0.245703,0.119441,0.042175
ACTTCCTGTCGTGCGA-1,0.000818,0.000818,0.17492,0.000818,0.088889,0.50133,0.071314,0.161092
ACTTCGCCATACGCAC-1,0.000176,0.000176,0.000176,0.000176,0.021396,0.000176,0.781109,0.196615
ACTTGACTCCCTCTTT-1,0.05536,0.077322,0.240465,0.0843,0.000085,0.147008,0.048379,0.34708
ACTTGCCATATTGTAC-1,0.016066,0.34929,0.000324,0.000324,0.432227,0.000324,0.148983,0.052461
ACTTGCTCTATCTACC-1,0.000184,0.000184,0.616232,0.000184,0.000184,0.000184,0.382663,0.000184
ACTTGTAGTCCCTTCA-1,0.000065,0.002525,0.000065,0.000065,0.014688,0.104788,0.456087,0.421719
ACTTGTGGATGGAACG-1,0.390311,0.29577,0.036484,0.179294,0.027471,0.064285,0.000027,0.006359
ACTTTATACACCACTT-1,0.063382,0.058115,0.280748,0.043921,0.015896,0.288335,0.168557,0.081046
ACTTTCCTATAGCTTC-1,0.000737,0.367148,0.000737,0.000737,0.000737,0.000737,0.000737,0.628433
ACTTTGGTCGTGCTCC-1,0.000935,0.000935,0.000935,0.122721,0.334383,0.000935,0.414405,0.124753
ACTTTGTCGACGCACT-1,0.238652,0.059271,0.041357,0.007648,0.652762,0.000103,0.000103,0.000103
AGAAATTATGACTCGC-1,0.094434,0.249948,0.015301,0.526679,0.046053,0.059465,0.000235,0.007885
AGAACACGGCGATGGT-1,0.036128,0.042183,0.302982,0.03156,0.01492,0.205307,0.303473,0.063447
AGAACCCAGCGTGACA-1,0.261159,0.000039,0.302631,0.0462,0.002969,0.198934,0.181442,0.006627
AGAACCCTCAATTGGG-1,0.096993,0.116972,0.046886,0.018703,0.002334,0.514666,0.186193,0.017253
AGAACGTGGTACATTC-1,0.000117,0.04624,0.0236,0.081243,0.052647,0.05153,0.326786,0.417838
AGAAGGTACACTTCAC-1,0.000089,0.000089,0.000089,0.081732,0.000089,0.287073,0.510031,0.120809
AGAAGGTTGCCGAATT-1,0.000087,0.000087,0.000087,0.000087,0.000087,0.000087,0.182731,0.816749
