Barcode,Topic 1,Topic 2to3,Topic 4to6,Topic 7to8
AAACAAGTATCTCCCA-1,0.143983,0.087041,0.628551,0.140425
AAACAATCTACTAGCA-1,0.032034,0.629887,0.193046,0.145032
AAACACCAATAACTGC-1,0.038917,0.123768,0.519204,0.31811
AAACAGAGCGACTCCT-1,0.000184,0.278497,0.000552,0.720766
AAACAGCTTTCAGAAG-1,0.000063,0.030564,0.351507,0.617866
AAACAGGGTCTATATT-1,0.001906,0.146522,0.1077,0.743873
AAACAGTGTTCCTGGG-1,0.000281,0.000563,0.52376,0.475395
AAACATGGTGAGAGGA-1,0.000092,0.000183,0.19953,0.800195
AAACATTTCCCGGATT-1,0.014127,0.292412,0.600001,0.09346
AAACCACTACACAGAT-1,0.001626,0.003252,0.991869,0.003253
AAACCCGAACGAAATC-1,0.051951,0.366536,0.337196,0.244317
AAACCGGGTAGGTACC-1,0.000096,0.000191,0.067447,0.932266
AAACCGTTCGTCCAGG-1,0.000087,0.000174,0.067019,0.93272
AAACCTAAGCAGCCGG-1,0.06721,0.376358,0.367494,0.188938
AAACGAAGATGGAGTA-1,0.000038,0.000468,0.229598,0.769895
AAACGACAGTCTTGCC-1,0.00062,0.00124,0.844916,0.153224
AAACGCCCGAGATCGG-1,0.000476,0.149661,0.552386,0.297478
AAACGGGCGTACGGGT-1,0.05533,0.237553,0.627166,0.079951
AAACGTGTTCGCCCTA-1,0.000728,0.001456,0.397544,0.600272
AAACTAACGTGGCGAC-1,0.000509,0.728745,0.252455,0.018291
AAACTCGGTTCGCAAT-1,0.000278,0.000557,0.932717,0.066448
AAACTCGTGATATAAG-1,0.002912,0.005825,0.252925,0.738338
AAACTGCTGGCTCCAA-1,0.13238,0.355691,0.114098,0.397831
AAACTTAATTGCACGC-1,0.000673,0.28943,0.00202,0.707877
AAACTTGCAAACGTAT-1,0.000047,0.000095,0.01006,0.989798
AAAGAATGACCTTAGA-1,0.005124,0.081905,0.307188,0.605783
AAAGACATGAAGTTTA-1,0.00012,0.578034,0.148188,0.273658
AAAGACCCAAGTCGCG-1,0.002665,0.606643,0.007993,0.382699
AAAGACTGGGCGCTTT-1,0.000105,0.464405,0.131936,0.403554
AAAGCTTGCCTACATA-1,0.000707,0.001415,0.220198,0.77768
AAAGGCCCTATAATAC-1,0.000707,0.100711,0.396898,0.501684
AAAGGCTCTCGCGCCG-1,0.000233,0.370721,0.139131,0.489915
AAAGGGATGTAGCAAG-1,0.000182,0.048686,0.186252,0.76488
AAAGGGCAGCTTGAAT-1,0.442175,0.011441,0.371925,0.174459
AAAGGTAAGCTGTACC-1,0.00117,0.788861,0.003511,0.206457
AAAGGTCAACGACATG-1,0.045227,0.954431,0.000205,0.000137
AAAGTAGCATTGCTCA-1,0.000112,0.000224,0.05935,0.940313
AAAGTCACTGATGTAA-1,0.003913,0.007826,0.980433,0.007828
AAAGTGTGATTTATCT-1,0.000868,0.13585,0.755613,0.10767
AAAGTTGACTCCCGTA-1,0.000285,0.000571,0.867458,0.131686
AAATAACCATACGGGA-1,0.000192,0.000384,0.00163,0.997794
AAATACCTATAAGCAT-1,0.07051,0.088734,0.227889,0.612866
AAATAGGGTGCTATTG-1,0.136656,0.260349,0.212558,0.390438
AAATCACTCCTAAACG-1,0.092923,0.568095,0.132961,0.206022
AAATCCGATACACGCC-1,0.089904,0.244069,0.565414,0.100612
AAATCGCGGAAGGAGT-1,0.000042,0.083319,0.100574,0.816065
AAATCGTGTACCACAA-1,0.000097,0.000195,0.065248,0.93446
AAATCTAGCCCTGCTA-1,0.228759,0.551495,0.217134,0.002612
AAATCTGCCCGCGTCC-1,0.000162,0.172068,0.104644,0.723126
AAATGATTCGATCAGC-1,0.000572,0.559277,0.016462,0.42369
AAATGCTCGTTACGTT-1,0.187995,0.161465,0.445644,0.204896
AAATGGCATGTCTTGT-1,0.002556,0.388259,0.604074,0.005112
AAATGGCCCGTGCCCT-1,0.000072,0.000143,0.128769,0.871016
AAATGTGGGTGCTCCT-1,0.001376,0.567741,0.059586,0.371296
AAATTACACGACTCTG-1,0.024185,0.000416,0.136805,0.838594
AAATTCCAGGTCCAAA-1,0.004473,0.056254,0.008468,0.930804
AAATTGATAGTCCTTT-1,0.000151,0.000301,0.000452,0.999096
AAATTGGTGAGAAGCA-1,0.000629,0.001259,0.954406,0.043706
AAATTTACCGAAATCC-1,0.001957,0.003914,0.170594,0.823536
AAATTTGCGGGTGTGG-1,0.000087,0.000173,0.00026,0.99948
AACAATACATTGTCGA-1,0.00011,0.072462,0.39558,0.531849
AACAATTACTCTACGC-1,0.000126,0.317484,0.305234,0.377155
AACACACGCTCGCCGC-1,0.346335,0.114805,0.484329,0.054531
AACACGACTGTACTGA-1,0.341808,0.193999,0.004943,0.45925
AACACGAGACGCGGCC-1,0.000038,0.04874,0.053858,0.897365
AACACGCGGCCGCGAA-1,0.000203,0.315239,0.647615,0.036942
AACAGCTGTGTGGCAA-1,0.000114,0.247232,0.068225,0.684429
AACAGGAAATCGAATA-1,0.002722,0.472658,0.519175,0.005445
AACAGGTAGTATGGAT-1,0.653263,0.076026,0.243357,0.027355
AACATATCAACTGGTG-1,0.001149,0.542044,0.003447,0.453361
AACATCGATACGTCTA-1,0.026152,0.459932,0.154054,0.359863
AACATTGAAGTTGATC-1,0.000283,0.431975,0.357178,0.210565
AACCAGTATCACTCTT-1,0.24712,0.751848,0.000619,0.000412
AACCATAGGGTTGAAC-1,0.000357,0.09729,0.657185,0.245169
AACCATGGGATCGCTA-1,0.156746,0.123144,0.543139,0.176971
AACCCAGAGACGGAGA-1,0.019447,0.244505,0.530834,0.205214
AACCCATCCCATGATC-1,0.000223,0.177722,0.184551,0.637504
AACCCGACAACCCGTG-1,0.000935,0.001869,0.495189,0.502008
AACCCGATAGGGCTTC-1,0.000614,0.485826,0.177807,0.335754
AACCGAGCTTGGTCAT-1,0.041569,0.550398,0.033663,0.37437
AACCGCTAAGGGATGC-1,0.000123,0.055696,0.811758,0.132424
AACCGTTGTGTTTGCT-1,0.298914,0.008348,0.286789,0.405948
AACCTCGCTTTAGCCC-1,0.194997,0.087256,0.702905,0.014842
AACCTGTCACGGAATT-1,0.000673,0.001346,0.339782,0.658198
AACCTTTAAATACGGT-1,0.003383,0.303723,0.286638,0.406256
AACCTTTACGACGTCT-1,0.000297,0.000594,0.250724,0.748385
AACGAAAGTCGTCCCA-1,0.000283,0.227592,0.346712,0.425412
AACGATAATGCCGTAG-1,0.049141,0.160373,0.43466,0.355827
AACGATAGAAGGGCCG-1,0.184228,0.002505,0.332941,0.480326
AACGATATGTCAACTG-1,0.052029,0.007111,0.04253,0.89833
AACGCATGATCTGGGT-1,0.000819,0.001637,0.307173,0.690371
AACGCGGTCTCCAGCC-1,0.035332,0.000284,0.415583,0.548801
AACGCTGTTGCTGAAA-1,0.03912,0.327071,0.490493,0.143316
AACGGACGTACGTATA-1,0.097266,0.173146,0.627293,0.102294
AACGGCCATCTCCGGT-1,0.000082,0.000164,0.000245,0.999509
AACGTACTGTGGGTAC-1,0.000099,0.000199,0.000298,0.999404
AACGTAGTCTACCCAT-1,0.000549,0.122025,0.876327,0.001099
AACGTCAGACTAGTGG-1,0.000151,0.000302,0.559934,0.439613
AACGTGATGAAGGACA-1,0.00729,0.279411,0.461597,0.251702
AACGTGCGAAAGTCTC-1,0.000175,0.000351,0.188681,0.810793
AACGTTATCAGCACCT-1,0.572932,0.072949,0.269847,0.084272
AACTACCCGTTTGTCA-1,0.587965,0.113042,0.213255,0.085738
AACTAGCGTATCGCAC-1,0.00107,0.646924,0.349864,0.002141
AACTAGGCTTGGGTGT-1,0.140555,0.001265,0.636401,0.22178
AACTCCAGAGCGTGTT-1,0.036208,0.244192,0.582809,0.13679
AACTCCTAATCCCATG-1,0.004637,0.746654,0.013913,0.234796
AACTCTCAGTGTGCTC-1,0.000105,0.00021,0.000316,0.999369
AACTGAGGTCAGCGTC-1,0.010974,0.986618,0.001445,0.000963
AACTGATATTAGGCCT-1,0.000346,0.000692,0.386773,0.612189
AACTGGGTCCCGACGT-1,0.052988,0.060972,0.085421,0.800619
AACTGGGTTCGAGCCG-1,0.000108,0.734354,0.12875,0.136789
AACTGGTGTGGGCCTT-1,0.002556,0.63273,0.007667,0.357047
AACTTCTGCGTCTATC-1,0.573743,0.171714,0.212714,0.04183
AACTTGCCCGTATGCA-1,0.062521,0.063937,0.790647,0.082894
AACTTGCGTTCTCGCG-1,0.221568,0.109138,0.567073,0.102222
AACTTTAGCTGCTGAG-1,0.001181,0.128353,0.868103,0.002363
AACTTTCTCGATCATG-1,0.001692,0.394843,0.005077,0.598389
AAGAAAGTTTGATGGG-1,0.042395,0.181539,0.325933,0.450133
AAGAAATCACCAGATT-1,0.000288,0.998273,0.000864,0.000576
AAGAAGGATCAGTTAG-1,0.270106,0.07675,0.589292,0.063851
AAGACCAAATAACTCA-1,0.007717,0.471429,0.181005,0.33985
AAGACTCACGCCCACT-1,0.000107,0.226133,0.198525,0.575235
AAGACTGCAAGCTACT-1,0.000305,0.000611,0.421171,0.577913
AAGAGATGAATCGGTA-1,0.000113,0.288919,0.388407,0.322562
AAGAGGATGTACGCGA-1,0.089545,0.000829,0.714989,0.194637
AAGAGGCATGGATCGC-1,0.00068,0.001361,0.815919,0.18204
AAGATGGCACCGGACC-1,0.000115,0.010547,0.286333,0.703005
AAGCACCCTGCGTATC-1,0.001927,0.169142,0.622961,0.20597
AAGCATACTCTCCTGA-1,0.000068,0.287618,0.366957,0.345357
AAGCCACTTGCAGGTA-1,0.000157,0.282343,0.560573,0.156927
AAGCCGAAGCGGTTTA-1,0.825508,0.099879,0.066917,0.007695
AAGCCGCCGTGAAATC-1,0.028875,0.023952,0.673405,0.273768
AAGCCGCTTTACCTTG-1,0.001869,0.327838,0.666554,0.003738
AAGCGCAGGGCTTTGA-1,0.000384,0.244671,0.690737,0.064207
AAGCGGAGTGCGCGCA-1,0.000724,0.091064,0.558078,0.350135
AAGCGGCGTCATGGGT-1,0.003914,0.007826,0.011739,0.97652
AAGCGTCCCTCATCGA-1,0.000182,0.000364,0.000546,0.998908
AAGCTAGATCGAGTAA-1,0.076362,0.030933,0.285727,0.606978
AAGCTATGGATTGACC-1,0.109214,0.441973,0.255992,0.192822
AAGCTCTTTCATGGTG-1,0.001216,0.455869,0.424961,0.117954
AAGGAGAACTTATAAG-1,0.000198,0.045956,0.951844,0.002003
AAGGAGCGGTTGGTGC-1,0.187041,0.001595,0.386325,0.425039
AAGGATCGATCGCTTG-1,0.000087,0.210646,0.538873,0.250394
AAGGCAGGCTGTCTCC-1,0.000105,0.23399,0.471666,0.294239
AAGGCGCGTAAAGCTT-1,0.000139,0.008149,0.740707,0.251005
AAGGGAACGACTGGCT-1,0.000716,0.571517,0.002147,0.425621
AAGGGACTATGCATTC-1,0.015542,0.79073,0.143593,0.050135
AAGGGTTTGATTTCAG-1,0.338138,0.288248,0.000544,0.373071
AAGGTATCCTAATATA-1,0.029325,0.187214,0.055873,0.727588
AAGGTGATAAACCAGC-1,0.016698,0.197862,0.590593,0.194847
AAGTAAGCTTCCAAAC-1,0.00012,0.435042,0.414652,0.150185
AAGTAGAAGACCGGGT-1,0.018504,0.039986,0.724211,0.217298
AAGTCAATTGTCGTCA-1,0.037467,0.740899,0.083346,0.138287
AAGTCTAGTAGCTGCC-1,0.163199,0.52816,0.002087,0.306555
AAGTGACGACCGAATT-1,0.000064,0.000128,0.04193,0.957877
AAGTGAGTCGGGTTTA-1,0.173292,0.110673,0.100367,0.615668
AAGTGCAAAGGTAGAC-1,0.000213,0.21225,0.346034,0.441504
AAGTGCCTTGACTGTA-1,0.000068,0.267882,0.555285,0.176765
AAGTGCGTTAGAATCT-1,0.000101,0.000203,0.000304,0.999391
AAGTGCTTCTCTATTG-1,0.025661,0.583383,0.247748,0.143209
AAGTGTTTGGAGACGG-1,0.003149,0.344407,0.45209,0.200354
AAGTTCACTCCAAGCT-1,0.000526,0.624189,0.131801,0.243483
AAGTTCAGTCTGCGTA-1,0.002913,0.005825,0.830954,0.160308
AAGTTCGGCCAACAGG-1,0.000085,0.000171,0.106161,0.893583
AAGTTTATGGGCCCAA-1,0.000394,0.089907,0.705111,0.204588
AATAACACTAGAACAA-1,0.015929,0.619395,0.037927,0.326749
AATAATCTTCGTATCG-1,0.156046,0.31655,0.486447,0.040958
AATACAATGTTTCAGG-1,0.19268,0.291613,0.272477,0.24323
AATACCGGAGGGCTGT-1,0.021017,0.081164,0.596779,0.30104
AATAGAACAGAGTGGC-1,0.000131,0.000262,0.164894,0.834714
AATAGAATCTGTTTCA-1,0.047406,0.552388,0.186021,0.214185
AATAGCAAGCCTCCTG-1,0.001026,0.293271,0.525663,0.180039
AATAGCTACCGCGTGC-1,0.002276,0.004553,0.762324,0.230847
AATAGGCACGACCCTT-1,0.107797,0.170779,0.654348,0.067076
AATAGTCCGTCCCGAC-1,0.00021,0.232405,0.329074,0.438311
AATAGTCGCGAGTCGG-1,0.000072,0.038562,0.615575,0.345791
AATATCAAGGTCGGAT-1,0.000344,0.404469,0.513998,0.08119
AATATCCTAGCAAACT-1,0.000038,0.121562,0.169622,0.708778
AATATCGAATCAATGC-1,0.554722,0.410196,0.031624,0.003459
AATATCGAGGGTTCTC-1,0.001627,0.003253,0.858965,0.136155
AATCAGGTTTCATTTA-1,0.000549,0.218387,0.779965,0.001099
AATCATGTAAAGACTC-1,0.013522,0.310971,0.600494,0.075013
AATCCAAGGGCCTGAG-1,0.003054,0.513666,0.009164,0.474117
AATCGCCTCAGCGCCA-1,0.000196,0.024166,0.470905,0.504733
AATCGCGCAGAGGACT-1,0.00008,0.517843,0.152546,0.329531
AATCGGGACACTACGA-1,0.003794,0.482664,0.505955,0.007588
AATCGTGAGCCGAGCA-1,0.012286,0.322608,0.521752,0.143354
AATCTAGGTTTACTTG-1,0.0001,0.000201,0.219346,0.780353
AATCTATGCCGGAGCC-1,0.000888,0.001776,0.390107,0.607229
AATCTGGCTTTCTAGT-1,0.037338,0.178811,0.089442,0.69441
AATCTGGGTAGACCCT-1,0.000824,0.495598,0.002472,0.501106
AATGACAGCAATGTCT-1,0.025229,0.659193,0.029443,0.286135
AATGACGTAGGATGTC-1,0.000259,0.210877,0.452434,0.33643
AATGACTGTCAGCCGG-1,0.016007,0.281332,0.480415,0.222245
AATGAGTTCGCATATG-1,0.236261,0.137763,0.410658,0.215317
AATGATGATACGCTAT-1,0.219067,0.000835,0.001252,0.778846
AATGATGCGACTCCTG-1,0.000934,0.167896,0.222524,0.608645
AATGCAACCGGGTACC-1,0.000724,0.218596,0.624808,0.155872
AATGCACCAAGCAATG-1,0.00019,0.111928,0.121046,0.766836
AATGGCCGCCAATGCG-1,0.001181,0.992913,0.003544,0.002362
AATGGTCCACCGTTCA-1,0.000072,0.417761,0.472497,0.109671
AATGGTTCTCACAAGC-1,0.018187,0.022705,0.783744,0.175364
AATGTATGGCACTGTA-1,0.084617,0.560102,0.035126,0.320155
AATGTGCCCGAGGTGT-1,0.000204,0.000407,0.000611,0.998778
AATGTGCTAATCTGAG-1,0.063861,0.051625,0.56808,0.316434
AATTAAAGGTCGGCGT-1,0.041679,0.164337,0.04547,0.748514
AATTAACGGATTTCCA-1,0.001815,0.462185,0.53237,0.00363
AATTACGAGACCCATC-1,0.000099,0.000199,0.135992,0.86371
AATTAGCGCTGCAGCG-1,0.000112,0.3163,0.257858,0.42573
AATTCATAAGGGATCT-1,0.000681,0.299696,0.229583,0.47004
AATTCATTGTCATGCA-1,0.000049,0.492251,0.222215,0.285485
AATTCGATTCGAGGAT-1,0.031387,0.410215,0.204469,0.353929
AATTCTAGAGTTAGGC-1,0.000189,0.191386,0.223225,0.585201
AATTGAACGCTCTGGT-1,0.075142,0.916778,0.00797,0.00011
AATTGCAGCAATCGAC-1,0.0133,0.066064,0.920352,0.000284
AATTGCGTGGATTACA-1,0.000075,0.023407,0.389384,0.587134
AATTTGGGACATAGTA-1,0.005965,0.340725,0.017891,0.63542
AATTTGGTTCCAAAGA-1,0.000223,0.11965,0.70247,0.177658
ACAAACCATGCGTCCT-1,0.000072,0.054797,0.468078,0.477053
ACAAACTCCATCAGAG-1,0.034099,0.383088,0.357986,0.224827
ACAAAGAAGGTAGGCC-1,0.014464,0.435074,0.166227,0.384235
ACAAAGCATGACCTAG-1,0.08323,0.198799,0.607865,0.110106
ACAAATCGCACCGAAT-1,0.009708,0.030475,0.823981,0.135836
ACAAATGGTAGTGTTT-1,0.000354,0.026128,0.97281,0.000707
ACAAATTCAGATCTGA-1,0.114209,0.420948,0.414446,0.050397
ACAACGGTCCCTGCGA-1,0.002985,0.034131,0.661672,0.301212
ACAAGGAAATCCGCCC-1,0.000086,0.139241,0.571783,0.288891
ACAAGGATGCTTTAGG-1,0.017049,0.390705,0.460603,0.131643
ACAAGGCCTACCAGCC-1,0.000588,0.197804,0.252564,0.549045
ACAAGGGCAGGCTCTG-1,0.219785,0.705318,0.074825,0.000072
ACAAGTAATTGTAAGG-1,0.041341,0.309729,0.388536,0.260393
ACAATAGTCGTACGTT-1,0.000063,0.000127,0.000192,0.999618
ACAATGAATACGGAGA-1,0.000148,0.000296,0.101732,0.897825
ACAATGATTCTTCTAC-1,0.094758,0.143645,0.491381,0.270217
ACAATTGTGTCTCTTT-1,0.794086,0.09106,0.0978,0.017054
ACAATTTGGCCATATT-1,0.001628,0.251361,0.146854,0.600157
ACACAAAGACGGGTGG-1,0.001456,0.259162,0.004368,0.735014
ACACAAATATTCCTAG-1,0.000524,0.363143,0.140275,0.496058
ACACACCAGGACCAGT-1,0.000108,0.419983,0.365529,0.214379
ACACACTTTCTACACG-1,0.001815,0.130822,0.374568,0.492795
ACACATGATCAAATCT-1,0.000636,0.001271,0.64747,0.350623
ACACCCAGCATGCAGC-1,0.000261,0.000523,0.654059,0.345157
ACACCCGAGAAATCCG-1,0.65564,0.06207,0.19328,0.089011
ACACCCGTAAATCTGT-1,0.000798,0.001595,0.996012,0.001595
ACACCGGTCTGACCGC-1,0.000197,0.127803,0.20286,0.66914
ACACCTTAAGTAGGGC-1,0.000139,0.110839,0.628718,0.260304
ACACCTTACTACTTGC-1,0.000077,0.532515,0.31878,0.148627
ACACGGGAACTTAGGG-1,0.00033,0.08812,0.000989,0.910562
ACACTCCAATGTCACT-1,0.329186,0.098704,0.484223,0.087887
ACACTGATCAAGGTGT-1,0.000098,0.125062,0.035114,0.839726
ACAGAACTGAGAACAA-1,0.028064,0.203218,0.204368,0.564351
ACAGATTAGGTTAGTG-1,0.002087,0.341271,0.535602,0.12104
ACAGCATAGAGCCAGT-1,0.005448,0.010889,0.016338,0.967326
ACAGCGACATTCTCAT-1,0.093577,0.19289,0.580486,0.133047
ACAGCGCACCCGCAGC-1,0.000346,0.212571,0.53644,0.250643
ACAGGCACGGATCCTT-1,0.000188,0.000376,0.99906,0.000376
ACAGGCTTGCCCGACT-1,0.086742,0.324373,0.467809,0.121075
ACAGGTGGAGGTGAGG-1,0.133519,0.000092,0.029414,0.836976
ACAGTAATACAACTTG-1,0.00004,0.084027,0.133097,0.782836
ACAGTATACCGTGGGA-1,0.000291,0.418065,0.462436,0.119209
ACAGTGCAGCGCATTT-1,0.000391,0.073519,0.765321,0.160769
ACATAAGTCGTGGTGA-1,0.114426,0.200584,0.363718,0.321272
ACATAATAAGGCGGTG-1,0.000134,0.166294,0.044992,0.78858
ACATCAGCTGGGACGC-1,0.001332,0.002664,0.914492,0.081513
ACATCCCGGCCATACG-1,0.000466,0.581352,0.001397,0.416786
ACATCCTGGTAACTGT-1,0.000429,0.92585,0.000334,0.073387
ACATCGATCGTTTACC-1,0.000155,0.000309,0.399775,0.599761
ACATCGCAATATTCGG-1,0.018735,0.29055,0.452336,0.238378
ACATCGTATGCAATGG-1,0.05179,0.883659,0.005629,0.058923
ACATGCTTACGGCAGC-1,0.076425,0.133033,0.417264,0.373278
ACATGGCGCCAAAGTA-1,0.000136,0.112156,0.548351,0.339357
ACATTAGTTTATATCC-1,0.000221,0.31678,0.156727,0.526272
ACATTCGCGCGGAATA-1,0.000159,0.571676,0.384589,0.043576
ACCAAACACCCAGCGA-1,0.00025,0.086308,0.683872,0.229569
ACCAACACCACACACT-1,0.125593,0.002432,0.869543,0.002432
ACCAACCGCACTCCAC-1,0.070969,0.168254,0.592312,0.168465
ACCAACGCTTATTTAT-1,0.027331,0.19747,0.055467,0.719731
ACCAAGAACGCGTGTC-1,0.000198,0.000396,0.83282,0.166587
ACCAATATGCAAGTTA-1,0.204426,0.003683,0.653693,0.138198
ACCACAAGTTTCTATC-1,0.000352,0.22814,0.232841,0.538667
ACCACCAATGTAACAA-1,0.046,0.328845,0.503973,0.121183
ACCACCCTCTCTTCTA-1,0.000858,0.001716,0.340376,0.657051
ACCACGTGCAGCTATA-1,0.000141,0.202561,0.403283,0.394014
ACCAGGAGTGTGATCT-1,0.151019,0.075652,0.472457,0.300871
ACCAGTGCCCGGTCAA-1,0.001585,0.003171,0.975702,0.019542
ACCAGTGCGGGAGACG-1,0.205541,0.054088,0.705219,0.035152
ACCATATCCGCAATAA-1,0.000096,0.31984,0.249058,0.431006
ACCATCCGCCAACTAG-1,0.000062,0.000124,0.000186,0.999629
ACCATCGTATATGGTA-1,0.000202,0.000404,0.066624,0.93277
ACCCACCTACATGCTC-1,0.094421,0.044706,0.596589,0.264284
ACCCATTTGTCCCTCT-1,0.061384,0.36846,0.474095,0.096061
ACCCGAGCGAAATTAC-1,0.00018,0.000359,0.395837,0.603624
ACCCGATTGGTTCCGA-1,0.031257,0.615488,0.110327,0.242928
ACCCGGAAACTCCCAG-1,0.001491,0.257911,0.628689,0.111909
ACCCGGTTACACTTCC-1,0.000102,0.005115,0.166595,0.828187
ACCCGTAGCAGAGAAT-1,0.058737,0.087753,0.285854,0.567655
ACCCTATGCCATATCG-1,0.055754,0.068191,0.040104,0.835951
ACCCTCCCTTGCTATT-1,0.010698,0.333319,0.326772,0.329212
ACCCTGGTAACGCCCT-1,0.063965,0.590194,0.322922,0.022919
ACCCTTCATCTGCGAA-1,0.608659,0.006262,0.009393,0.375687
ACCCTTGCCTGGGTCG-1,0.000323,0.631536,0.137512,0.230629
ACCGAAAGGGCCCTGC-1,0.003577,0.007156,0.982113,0.007154
ACCGAAGAGTCTGGTT-1,0.000147,0.489003,0.259974,0.250877
ACCGACACATCTCCCA-1,0.001278,0.756528,0.003834,0.238361
ACCGACTGAGTCCCAC-1,0.000215,0.000431,0.000647,0.998707
ACCGAGTCTCCTTATT-1,0.00024,0.375482,0.348462,0.275816
ACCGATATTTAATCAT-1,0.201007,0.601675,0.197272,0.000046
ACCGCAATAACTGCCT-1,0.007836,0.067921,0.8372,0.087043
ACCGCGGTGGAAGTCG-1,0.064705,0.062201,0.537209,0.335886
ACCGCTAGTCATTGGT-1,0.117486,0.281766,0.479176,0.121572
ACCGGGCCTTTGTTGA-1,0.177541,0.009192,0.750163,0.063103
ACCGGTCAGGTACACC-1,0.000526,0.101629,0.31136,0.586485
ACCGGTCTGAGTACGG-1,0.001099,0.002197,0.70266,0.294044
ACCGTCCACTGGGCCC-1,0.006179,0.015741,0.308937,0.669143
ACCGTGACCACGTGGG-1,0.000181,0.000361,0.33725,0.662208
ACCTAAGTACCTTTCA-1,0.00012,0.000241,0.000361,0.999278
ACCTACAGTATGTGGT-1,0.051275,0.412477,0.318569,0.217679
ACCTCCGCCCTCGCTG-1,0.228343,0.117095,0.510022,0.14454
ACCTCCGTTATTCACC-1,0.400884,0.000592,0.326287,0.272237
ACCTCGAACTTATGCT-1,0.039849,0.140018,0.369176,0.450957
ACCTGCGTGTCATGTT-1,0.000057,0.019703,0.03159,0.94865
ACGACTGGTCATACTC-1,0.000239,0.000477,0.488009,0.511276
ACGAGAACCCATCACG-1,0.07215,0.115968,0.749882,0.061999
ACGAGATATTTGCTTA-1,0.000526,0.001052,0.95247,0.045951
ACGAGGATACCACTCT-1,0.000105,0.087779,0.305182,0.606934
ACGAGGTTTACAACGT-1,0.341361,0.37448,0.175947,0.108211
ACGAGTACGGATGCCC-1,0.001304,0.002609,0.406416,0.589672
ACGATACATAGAACTA-1,0.002754,0.892223,0.023874,0.081149
ACGATCATACATAGAG-1,0.0002,0.513745,0.167161,0.318894
ACGATGGATCCGATGC-1,0.000268,0.000535,0.904405,0.094792
ACGCAAACTAATAGAT-1,0.000166,0.198683,0.398876,0.402274
ACGCAATCACTACAGC-1,0.10565,0.67468,0.002982,0.216689
ACGCATAAATGACATG-1,0.000623,0.244754,0.029877,0.724746
ACGCATACGTTTACTA-1,0.019925,0.288436,0.589708,0.101931
ACGCCAGATGATTTCT-1,0.00015,0.002712,0.147917,0.849221
ACGCCGCTAGACGACC-1,0.029445,0.704897,0.095042,0.170616
ACGCGAAGTCAGACGA-1,0.059491,0.184493,0.087233,0.668783
ACGCGCTACACAGGGT-1,0.043224,0.418381,0.044357,0.494039
ACGCTAGTATCAGTGC-1,0.001089,0.441173,0.019475,0.538263
ACGGAATTTAGCAAAT-1,0.000357,0.35534,0.547101,0.097201
ACGGACGCAGCGACAA-1,0.061163,0.235988,0.447565,0.255284
ACGGACTCTCAAAGCG-1,0.000626,0.333779,0.19906,0.466535
ACGGAGCGCAAATTAC-1,0.003477,0.006957,0.010436,0.979129
ACGGATGGTGCGGATA-1,0.001815,0.003752,0.990804,0.00363
ACGGCACTTGCTTGGG-1,0.000175,0.409931,0.024756,0.565138
ACGGCCAACATGGACT-1,0.000121,0.178823,0.386799,0.434257
ACGGCGACGATGGGAA-1,0.192479,0.420118,0.345393,0.04201
ACGGCGGGTTGCCCTG-1,0.000681,0.476868,0.40642,0.116031
ACGGCTGGATGTAGAA-1,0.261239,0.677368,0.054389,0.007004
ACGGGAGTGTCGGCCC-1,0.043641,0.080099,0.015818,0.860442
ACGGGCGTATGCGACA-1,0.00117,0.002341,0.281474,0.715016
ACGGGTCATGTGACTT-1,0.019649,0.09821,0.73921,0.14293
ACGGGTTGTGACCTGT-1,0.043434,0.023215,0.434839,0.498512
ACGGTCACCGAGAACA-1,0.073921,0.432245,0.308434,0.185399
ACGTACAGATTTCTCT-1,0.001692,0.003384,0.579033,0.41589
ACGTACTTTGGCACGG-1,0.000302,0.94977,0.049323,0.000605
ACGTAGGAGAGTCGCT-1,0.000444,0.501,0.221371,0.277185
ACGTATTACTCCGATC-1,0.172855,0.188967,0.415659,0.222519
ACGTCGGGCAACTCGG-1,0.023598,0.26943,0.150618,0.556354
ACGTCTCGTTCCGGGA-1,0.036155,0.942489,0.018097,0.003259
ACGTGACAAAGTAAGT-1,0.075476,0.083051,0.139474,0.701999
ACGTGCGCCTCGTGCA-1,0.000557,0.067954,0.292052,0.639437
ACGTTAATGTCGAAGA-1,0.100351,0.063952,0.169176,0.666521
ACGTTATTGGTCACTC-1,0.516928,0.063017,0.373348,0.046707
ACGTTCACTATGCCGC-1,0.026131,0.584348,0.247372,0.142149
ACGTTCCGCGCTCCGT-1,0.003795,0.677623,0.011383,0.307199
ACGTTCGCAATCAATT-1,0.207474,0.001595,0.002393,0.788538
ACGTTCGTTCAGGAAA-1,0.000243,0.000486,0.295799,0.703472
ACGTTCTGTACAAGTC-1,0.076877,0.306113,0.5121,0.10491
ACGTTGTCGTTGAAAG-1,0.000184,0.30407,0.553622,0.142125
ACGTTTAGTTGTGATC-1,0.003913,0.52925,0.45901,0.007826
ACTAAGGACGCACACC-1,0.000382,0.449618,0.246033,0.303967
ACTAATACGTCAGGCG-1,0.004818,0.009632,0.01445,0.971101
ACTACATCCCGACAAG-1,0.000199,0.319008,0.112527,0.568266
ACTACCAGCTCTCTGG-1,0.000115,0.535461,0.343573,0.120852
ACTACCATCCGAGGGC-1,0.013717,0.384561,0.38025,0.221472
ACTAGTTGCGATCGTC-1,0.807941,0.040529,0.141639,0.009891
ACTATATGCTGTGTTC-1,0.00313,0.782268,0.20834,0.006262
ACTATCCAGGGCATGG-1,0.000116,0.123898,0.613722,0.262264
ACTATCTGCCCGCGTA-1,0.160083,0.168535,0.642445,0.028937
ACTATGTCCAGCTGCC-1,0.000389,0.298025,0.367971,0.333616
ACTATTCGTCCGTGGT-1,0.126978,0.244976,0.183268,0.444777
ACTATTTCCGGGCCCA-1,0.000147,0.159525,0.177073,0.663255
ACTCAACGAATGTATT-1,0.184818,0.35963,0.353305,0.102247
ACTCAAGTGCAAGGCT-1,0.014016,0.297521,0.46611,0.222353
ACTCAATAAAGGCACG-1,0.000107,0.068796,0.060776,0.870321
ACTCAGACCTGCTTCT-1,0.04465,0.117245,0.733434,0.104671
ACTCATGGCAGCCTTC-1,0.000321,0.382352,0.177899,0.439428
ACTCCAATATCATCAT-1,0.000338,0.492528,0.117592,0.389542
ACTCCCATTCCTAAAG-1,0.000048,0.000096,0.265246,0.734609
ACTCCCGTAGACTAGG-1,0.000949,0.367431,0.184468,0.447152
ACTCCCTAATGCTAAA-1,0.001376,0.583313,0.199141,0.21617
ACTCCCTAGAATAGTA-1,0.038501,0.231628,0.126183,0.603688
ACTCCGGCCGACCACT-1,0.046434,0.000563,0.904028,0.048975
ACTCGATGTATTTCAT-1,0.005534,0.336206,0.37081,0.287451
ACTCGCGATCTGACGC-1,0.000489,0.174003,0.82453,0.000978
ACTCGTAACCCGTCCT-1,0.000097,0.000194,0.09517,0.90454
ACTCGTCAGTAATCCC-1,0.000248,0.199922,0.419025,0.380805
ACTCTCTGACTTAGGT-1,0.000168,0.01738,0.53734,0.445112
ACTCTCTTATACACGA-1,0.00124,0.599701,0.22959,0.169469
ACTCTTGTATAGTAAC-1,0.211081,0.338602,0.195113,0.255204
ACTGAAACGCCGTTAG-1,0.06187,0.292087,0.490951,0.155092
ACTGAATGGCGAAAGT-1,0.081713,0.300761,0.423534,0.193992
ACTGCCCGCCATTCTC-1,0.076362,0.922692,0.000568,0.000378
ACTGCCGTCGTAACTC-1,0.000567,0.001133,0.214981,0.783319
ACTGCGGACACACCGT-1,0.000703,0.001407,0.65863,0.33926
ACTGCTCGGAAGGATG-1,0.000047,0.073033,0.53294,0.393981
ACTGGCGAACCTGCGT-1,0.001118,0.002236,0.613651,0.382995
ACTGTATACGCGAGCA-1,0.107666,0.2178,0.367871,0.306663
ACTGTCTTCTTTAGAA-1,0.0002,0.918032,0.000599,0.081169
ACTGTGCTAGTAGATC-1,0.202257,0.122957,0.426283,0.248503
ACTTACCGGGCGCGCA-1,0.004638,0.374435,0.013935,0.606992
ACTTACGCATCCACGC-1,0.000876,0.513253,0.171241,0.314631
ACTTAGTACGACAAGA-1,0.075593,0.117466,0.738758,0.068183
ACTTATTAGGATCGGT-1,0.000108,0.027989,0.246541,0.725362
ACTTATTTATGTGCCA-1,0.000255,0.091953,0.609906,0.297886
ACTTCAGGCTGATCCC-1,0.047348,0.654359,0.153154,0.145138
ACTTCCAGTGGAAGCT-1,0.025765,0.150033,0.239343,0.584858
ACTTCCATGCGGGACA-1,0.009979,0.518898,0.309508,0.161616
ACTTCCTGTCGTGCGA-1,0.000818,0.175738,0.591037,0.232406
ACTTCGCCATACGCAC-1,0.000176,0.000352,0.021748,0.977724
ACTTGACTCCCTCTTT-1,0.05536,0.317787,0.231393,0.395459
ACTTGCCATATTGTAC-1,0.016066,0.349614,0.432876,0.201444
ACTTGCTCTATCTACC-1,0.000184,0.616416,0.000552,0.382848
ACTTGTAGTCCCTTCA-1,0.000065,0.002589,0.119541,0.877806
ACTTGTGGATGGAACG-1,0.390311,0.332253,0.27105,0.006386
ACTTTATACACCACTT-1,0.063382,0.338863,0.348152,0.249603
ACTTTCCTATAGCTTC-1,0.000737,0.367884,0.00221,0.629169
ACTTTGGTCGTGCTCC-1,0.000935,0.001869,0.458038,0.539158
ACTTTGTCGACGCACT-1,0.238652,0.100628,0.660513,0.000207
AGAAATTATGACTCGC-1,0.094434,0.265249,0.632198,0.00812
AGAACACGGCGATGGT-1,0.036128,0.345165,0.251787,0.36692
AGAACCCAGCGTGACA-1,0.261159,0.30267,0.248103,0.188068
AGAACCCTCAATTGGG-1,0.096993,0.163858,0.535703,0.203446
AGAACGTGGTACATTC-1,0.000117,0.06984,0.185419,0.744624
AGAAGGTACACTTCAC-1,0.000089,0.000178,0.368894,0.630839
AGAAGGTTGCCGAATT-1,0.000087,0.000173,0.00026,0.99948
AGAAGGTTGTAGGTCG-1,0.000209,0.234106,0.618935,0.146751
AGAAGTGATTCGTGAT-1,0.034124,0.007772,0.00341,0.954694
AGAATGCGGGTTCGGA-1,0.086746,0.833468,0.079543,0.000242
AGAATTGTTTGACATA-1,0.429417,0.176158,0.255493,0.138932
AGACAGCTCAGAATCC-1,0.238945,0.297647,0.388083,0.075325
AGACATAGATCCTTCC-1,0.066054,0.003528,0.826887,0.103532
AGACCAAACCACACCT-1,0.002499,0.089648,0.386948,0.520905
AGACCATGGGATACAA-1,0.000348,0.123323,0.757133,0.119196
AGACCCACCGCTGATC-1,0.000211,0.000422,0.023466,0.9759
AGACCCGCCCTCCTCG-1,0.00107,0.002141,0.721352,0.275437
AGACCGCTCCGCGGTT-1,0.587123,0.053281,0.358934,0.000662
AGACCGGGAAACCCTG-1,0.037144,0.309183,0.158274,0.495399
AGACGAAGTGCCGGTC-1,0.161477,0.401156,0.320822,0.116545
AGACGACGATGCCGCT-1,0.000069,0.007287,0.399025,0.593619
AGACGGGCCGATTTAA-1,0.005691,0.011387,0.017083,0.965838
AGACTGTTACCGGGTC-1,0.000409,0.03824,0.925432,0.035919
AGAGAAACACCAGAAA-1,0.000602,0.352739,0.165482,0.481177
AGAGAAGGAGTACAAT-1,0.02021,0.000263,0.136036,0.843491
AGAGATCTCTAAAGCG-1,0.000119,0.000237,0.396577,0.603067
AGAGCAGTTATGAGAC-1,0.013971,0.535458,0.33207,0.118501
AGAGCGCTTGTAACGG-1,0.00144,0.002879,0.316139,0.679543
AGAGCGGGCTAATCAT-1,0.000935,0.316091,0.002804,0.680171
AGAGCGTACAAGCTCG-1,0.037726,0.156506,0.575947,0.22982
AGAGGCTTCGGAAACC-1,0.486066,0.119535,0.369214,0.025185
AGAGGGACAATTGTCC-1,0.000474,0.076919,0.921658,0.000949
AGAGGTATCTCGGTCC-1,0.002363,0.253453,0.358539,0.385645
AGAGTAAACTTCACTA-1,0.755319,0.048413,0.155385,0.040883
AGAGTATAGTGTTACG-1,0.001715,0.459091,0.535763,0.003432
AGAGTGAACAGACACC-1,0.032437,0.288451,0.542223,0.13689
AGAGTTAGAGACCGAT-1,0.000222,0.967413,0.000667,0.031697
AGAGTTGCAGGCCTCC-1,0.000361,0.176999,0.688932,0.133708
AGATAATCACACCTAT-1,0.021811,0.267859,0.498024,0.212306
AGATACCAGCACTTCA-1,0.000143,0.458413,0.174314,0.36713
AGATACGACTTCATAT-1,0.089624,0.209122,0.52736,0.173893
AGATACTCAAGATCGA-1,0.000417,0.606815,0.245101,0.147666
AGATATAATACGACTA-1,0.001764,0.43104,0.563669,0.003527
AGATCGTGCATAAGAT-1,0.000212,0.000424,0.240203,0.75916
AGATCTCAGGTGTGAT-1,0.000411,0.000821,0.33993,0.658838
AGATCTGGAGAGGATA-1,0.048046,0.212572,0.356999,0.382383
AGATGACTCGCCCACG-1,0.15248,0.620008,0.08373,0.143782
AGATGAGGGTTGCGAT-1,0.004318,0.008639,0.012954,0.97409
AGATGCAAGACGTGCA-1,0.000204,0.12053,0.071782,0.807484
AGATGCATCCTGTGTC-1,0.000054,0.000109,0.312679,0.687159
AGATTCAAGCGGGTCG-1,0.000876,0.175936,0.377258,0.445931
AGATTCACAACCGATA-1,0.006954,0.069417,0.263349,0.66028
AGCAAAGGCCGCTAGT-1,0.002197,0.320202,0.556946,0.120654
AGCAACCGAAAGTAAT-1,0.001818,0.332971,0.217918,0.447293
AGCACACGTTTAGACT-1,0.139744,0.339275,0.316423,0.204557
AGCACCAGTACTCACG-1,0.000143,0.000286,0.280819,0.718753
AGCACTACCTCACCAG-1,0.000124,0.207087,0.543947,0.248842
AGCAGAAGGAGAAAGA-1,0.001626,0.261581,0.437989,0.298804
AGCAGCCAGATGAATA-1,0.000963,0.398175,0.28211,0.318752
AGCATATCAATATGCT-1,0.095992,0.211691,0.565256,0.127061
AGCATCATTTCGAAAG-1,0.000054,0.382142,0.469106,0.148698
AGCATCGTCGATAATT-1,0.000319,0.353639,0.161252,0.484789
AGCCACAGGTTACCCG-1,0.029018,0.232076,0.636646,0.10226
AGCCACTCCCGTGCTT-1,0.028914,0.328155,0.109633,0.533298
AGCCCATACATGTAAG-1,0.000109,0.000217,0.077299,0.922375
AGCCCGGCATTAGAGG-1,0.000864,0.001727,0.653851,0.343558
AGCCCGGTAGCCTGTA-1,0.000103,0.145512,0.364562,0.489823
AGCCCTAAGCGAAGTT-1,0.003053,0.445591,0.545248,0.006108
AGCCCTCCCTGGTGGC-1,0.056776,0.455286,0.30374,0.184198
AGCCCTGTCGCACCGT-1,0.000344,0.034385,0.496828,0.468443
AGCCCTTCTAATCCGA-1,0.000538,0.001075,0.226505,0.771883
AGCCGTGGCTAAATGT-1,0.115988,0.046024,0.055615,0.782372
AGCCTAATACCCACGT-1,0.00009,0.081788,0.289741,0.628381
AGCCTTAAAGCGGAAG-1,0.100292,0.074006,0.758531,0.067171
AGCCTTGTCACTGATA-1,0.02012,0.308199,0.151052,0.520629
AGCGACAGGAACGGTC-1,0.056821,0.000086,0.075787,0.867305
AGCGACATCCCATTCA-1,0.141082,0.105702,0.432666,0.32055
AGCGACCAACGATATT-1,0.000148,0.004701,0.723383,0.271768
AGCGACTTTGAAGACA-1,0.001611,0.357693,0.426645,0.214052
AGCGAGACGTGAAGGC-1,0.000202,0.475777,0.368719,0.155303
AGCGCATAATGAATCG-1,0.000593,0.001187,0.997033,0.001187
AGCGCGGGTGCCAATG-1,0.000505,0.00101,0.806204,0.192281
AGCGCTAGAGCGATGT-1,0.000135,0.268737,0.201082,0.530046
AGCGCTTATGGGCAAG-1,0.001089,0.218866,0.531989,0.248056
AGCGGACACTTCGTAG-1,0.000882,0.19422,0.803134,0.001764
AGCGGCGGTTAGCGGT-1,0.000056,0.019897,0.368911,0.611136
AGCGGGAAGGGTCCAT-1,0.000442,0.114869,0.656067,0.228621
AGCGGTTGAGATGTAC-1,0.053928,0.00045,0.540806,0.404816
AGCGGTTGCCGCTCTG-1,0.000142,0.20194,0.439337,0.35858
AGCGTCTGAACCCGCA-1,0.151334,0.241684,0.452115,0.154867
AGCGTGGTATTCTACT-1,0.026119,0.224608,0.30533,0.443943
AGCGTTCCGATTTAAA-1,0.000107,0.044897,0.256224,0.698772
AGCTAACAAGCAATGT-1,0.148031,0.656828,0.027852,0.167289
AGCTAAGCTCCGTCCG-1,0.013333,0.189762,0.610768,0.186137
AGCTAAGTACGCAGGC-1,0.107843,0.311982,0.392988,0.187187
AGCTAGAAGCAGAAGT-1,0.000161,0.000322,0.083455,0.916062
AGCTATTTAATCCAAC-1,0.098441,0.066678,0.02719,0.807691
AGCTCCATATATGTTC-1,0.000136,0.104166,0.83647,0.059228
AGCTCCTTCGCACATC-1,0.47846,0.010731,0.307484,0.203325
AGCTCGTTGATGGAAA-1,0.000391,0.34128,0.397629,0.2607
AGCTCTAGACGTTCCA-1,0.000091,0.015761,0.427172,0.556977
AGCTCTTCCCAGTGCA-1,0.000181,0.000362,0.023393,0.976063
AGCTCTTCGTAACCTT-1,0.000139,0.113616,0.469695,0.41655
AGCTCTTTACTCAGTT-1,0.00062,0.00124,0.18952,0.808621
AGCTGAAGTAAACCAA-1,0.00008,0.004317,0.218362,0.777241
AGCTGCATTTGAGGTG-1,0.000255,0.783539,0.180441,0.035764
AGCTGCTGTGCCGAAT-1,0.000605,0.47077,0.262999,0.265626
AGCTGTAACCTCAATC-1,0.000191,0.000383,0.000574,0.998851
AGCTTATAGAGACCTG-1,0.001128,0.291359,0.460813,0.246699
AGCTTGATCAGGGTAG-1,0.000741,0.107277,0.564918,0.327064
AGCTTGATCTTAACTT-1,0.000084,0.000169,0.000253,0.999494
AGGAAGCTGTCCGCCG-1,0.375799,0.001575,0.374731,0.247894
AGGACAGTCGAATCCC-1,0.024647,0.279296,0.548506,0.147551
AGGACATCGCACGTCG-1,0.050033,0.297154,0.482465,0.170348
AGGACGACCCATTAGA-1,0.034314,0.101662,0.041,0.823024
AGGACGCTCGATGTTG-1,0.000633,0.001265,0.001898,0.996205
AGGAGACATCCACAGT-1,0.001423,0.002846,0.395037,0.600693
AGGAGAGTCTGGCTAC-1,0.000386,0.000773,0.379642,0.619198
AGGAGGCCTTCGCGCG-1,0.026838,0.295559,0.569275,0.108328
AGGATAAAGTCGGGAT-1,0.000088,0.317084,0.279401,0.403427
AGGATATAGGGATTTA-1,0.000197,0.000394,0.736879,0.26253
AGGATCACGCGATCTG-1,0.000056,0.000111,0.012789,0.987044
AGGCAAAGAGGAATCA-1,0.013288,0.357387,0.535479,0.093846
AGGCAGGGAGCGTACT-1,0.018118,0.045105,0.159314,0.777462
AGGCATTGTCGTAGGG-1,0.010914,0.056147,0.835399,0.097539
AGGCCACATTGGTTAC-1,0.213779,0.435767,0.294374,0.05608
AGGCCCATTGTACAGG-1,0.005965,0.011929,0.590807,0.391298
AGGCCCTAGAACGCCA-1,0.000061,0.000123,0.041964,0.957852
AGGCCTGAGAATCTCG-1,0.016157,0.323093,0.544193,0.116557
AGGCGGTTTGTCCCGC-1,0.000681,0.001361,0.772632,0.225327
AGGCGTCTATGGACGG-1,0.001239,0.002479,0.993801,0.00248
AGGCTATGGTTAGCTT-1,0.00011,0.002694,0.738154,0.259043
AGGCTTCCCGAAGAAG-1,0.000083,0.000165,0.006309,0.993443
AGGCTTGCTAGACACC-1,0.003483,0.635592,0.132217,0.228708
AGGGAAACGAGGTACT-1,0.000585,0.00117,0.267657,0.730588
AGGGACAGCACGGCGG-1,0.00067,0.157407,0.840584,0.001339
AGGGACCGGCTGCGTT-1,0.000113,0.099336,0.243406,0.657146
AGGGACTCTACGCGAC-1,0.091762,0.33983,0.389579,0.178829
AGGGCGAGCAGCTGAT-1,0.000057,0.000113,0.106397,0.893433
AGGGCGTGATCGGCTA-1,0.000194,0.039197,0.895891,0.064718
AGGGTCAGAGCACTCG-1,0.002197,0.004395,0.588507,0.404902
AGGGTCAGTAACCCTA-1,0.002455,0.004911,0.376205,0.616429
AGGGTGCCGTTCTTTA-1,0.00033,0.000659,0.379511,0.619501
AGGGTGGATAGTGCAT-1,0.000122,0.243982,0.276607,0.479289
AGGGTGTGCTACACGC-1,0.000452,0.000904,0.743742,0.254902
AGGGTTCAGACGGTCC-1,0.000636,0.001271,0.957808,0.040285
AGGTAACCTCCTATTC-1,0.029479,0.176229,0.62064,0.173651
AGGTACGATATTGCCA-1,0.000295,0.349718,0.557901,0.092087
AGGTAGATCGAGATAT-1,0.040686,0.420998,0.224614,0.313701
AGGTATAATTGATAGT-1,0.274363,0.001692,0.583509,0.140437
AGGTCAGGTGAGAGTG-1,0.000062,0.000123,0.188252,0.811563
AGGTCGCGGAGTTACT-1,0.000846,0.001692,0.002539,0.994922
AGGTTACACCATGCCG-1,0.023794,0.788129,0.105646,0.082431
AGGTTCTCCTTTCCGG-1,0.000337,0.271364,0.162208,0.56609
AGGTTGAGGCACGCTT-1,0.000114,0.000227,0.138667,0.860991
AGGTTTCACACACCTT-1,0.28902,0.672717,0.013002,0.025261
AGTAACGTTCATCCTG-1,0.003794,0.00759,0.408765,0.579852
AGTAATGTCTTGCCGC-1,0.002609,0.005218,0.986955,0.005218
AGTAATTTGCAAGCGT-1,0.025587,0.076921,0.270089,0.627403
AGTACAGAAGCTTATA-1,0.059234,0.280691,0.498318,0.161756
AGTACCTTCGAGTGCT-1,0.000971,0.162825,0.463051,0.373153
AGTACGGGCACCTGGC-1,0.156647,0.554782,0.013274,0.275297
AGTACGTGGCCTGTCT-1,0.001927,0.003853,0.795625,0.198595
AGTACTCTTATGCCCA-1,0.080065,0.247181,0.481322,0.191432
AGTAGCTAGACGCCGA-1,0.000741,0.001482,0.24945,0.748327
AGTAGGAAGGAAGTTG-1,0.001149,0.156549,0.003447,0.838855
AGTAGGTAACATACAT-1,0.405029,0.004245,0.006368,0.584357
AGTATAATACTAGGCA-1,0.000083,0.195532,0.49917,0.305216
AGTATACACAGCGACA-1,0.00034,0.000681,0.929024,0.069955
AGTATGCTGGAGACCA-1,0.000205,0.000409,0.560821,0.438565
AGTATTTGGCACGACC-1,0.000315,0.072099,0.772156,0.155429
AGTCAAATGATGTGAT-1,0.000043,0.40406,0.449524,0.146373
AGTCAACACCACCATC-1,0.000052,0.174032,0.010659,0.815257
AGTCAAGATGACACTT-1,0.022278,0.230449,0.624213,0.123059
AGTCACTAGCTCTCGA-1,0.011153,0.316815,0.433643,0.238389
AGTCAGCCACCGCCTG-1,0.088508,0.158697,0.513663,0.239132
AGTCCATTGGCTGATG-1,0.000272,0.3278,0.167094,0.504833
AGTCCCGCCTTTAATT-1,0.22099,0.46871,0.069462,0.240838
AGTCCCTCGCAGAAAG-1,0.000323,0.028641,0.793291,0.177745
AGTCGAAACGATTCAG-1,0.00014,0.050302,0.27767,0.671888
AGTCGGCCCAAACGAC-1,0.011591,0.398025,0.338643,0.25174
AGTCGGCTCAACTTTA-1,0.000059,0.000117,0.001514,0.99831
AGTCGGTTGCGTGAGA-1,0.00006,0.835258,0.096164,0.068517
AGTCGTATAAAGCAGA-1,0.019477,0.372329,0.414836,0.193358
AGTCGTCGACCACCAA-1,0.117872,0.27486,0.403479,0.203789
AGTCGTGGGCATTACG-1,0.000116,0.000232,0.160497,0.839155
AGTCTCACAAGACTAC-1,0.0002,0.000399,0.000599,0.998802
AGTCTGGACATCCTTG-1,0.527344,0.118141,0.31663,0.037885
AGTCTTCTCCTCAAAT-1,0.000162,0.260103,0.03139,0.708345
AGTCTTTAAAGTGTCC-1,0.054754,0.590837,0.002087,0.352322
AGTGAACAAACTTCTC-1,0.000249,0.246593,0.374674,0.378484
AGTGAAGATGGTGTCC-1,0.106364,0.541069,0.063278,0.289289
AGTGACCTACTTTACG-1,0.000086,0.027936,0.100519,0.871459
AGTGACTGTGACACAA-1,0.000164,0.81127,0.188238,0.000328
AGTGAGGGTTTCTGAC-1,0.005444,0.407375,0.016334,0.570847
AGTGATAACCTGCGCG-1,0.059002,0.305082,0.430366,0.205551
AGTGATATGAGTAGTT-1,0.000129,0.000258,0.000386,0.999227
AGTGCACGCTTAAGAA-1,0.08162,0.561959,0.355353,0.001068
AGTGCGTAGCTCGTAA-1,0.000073,0.000145,0.006878,0.992904
AGTGCTAAACACAGCA-1,0.020623,0.292179,0.54555,0.141648
AGTGGCGGCAATTTGA-1,0.001018,0.55176,0.003054,0.444168
AGTGGCGTCTGAAGGT-1,0.049169,0.243986,0.58692,0.119924
AGTGGCTCCGTCGGCC-1,0.000318,0.000636,0.541375,0.457672
AGTGGTGTTACCCGTG-1,0.00675,0.240474,0.251509,0.501267
AGTGTATTGCGCATTG-1,0.000623,0.255466,0.001869,0.742042
AGTGTGCTAAGATCGC-1,0.141003,0.17829,0.624348,0.056359
AGTGTGGTCTATTGTG-1,0.107113,0.118677,0.626065,0.148145
AGTTAAACACTTGCGA-1,0.000446,0.03145,0.413421,0.554684
AGTTAAGCGGTCCCGG-1,0.000067,0.029992,0.0002,0.969742
AGTTAAGTCAACCGCT-1,0.000125,0.000249,0.125399,0.874227
AGTTACCCTTAAGACT-1,0.041351,0.188463,0.217611,0.552575
AGTTACCGCACATGGT-1,0.01863,0.510565,0.343859,0.126945
AGTTACTCTATCGTGG-1,0.000423,0.000846,0.177834,0.820896
AGTTCACCGGTTGGAC-1,0.000034,0.170651,0.554185,0.275129
AGTTCCTATTTATGTT-1,0.020315,0.273635,0.000486,0.705564
AGTTCTGCGTTGTATC-1,0.303488,0.050147,0.634188,0.012177
AGTTGACGGTCCTTGC-1,0.00087,0.001739,0.916571,0.080819
AGTTGCGGTCCTCAAC-1,0.00386,0.065366,0.524196,0.406579
AGTTGCTGACTGATAT-1,0.183264,0.138595,0.491917,0.186224
AGTTTATGTAAAGACA-1,0.000301,0.005857,0.292231,0.701611
AGTTTCGCAGGTCGGA-1,0.004637,0.573388,0.013915,0.40806
AGTTTGCACCTGCCTC-1,0.00167,0.289639,0.174985,0.533706
AGTTTGGCACGGGTTG-1,0.141269,0.073222,0.545856,0.239653
AGTTTGGCCAGACCTA-1,0.000079,0.022119,0.018248,0.959554
ATAAACCATTGGACGG-1,0.299609,0.002504,0.695382,0.002504
ATAAACGGACCCGTAA-1,0.000122,0.072048,0.158885,0.768945
ATAAACGTTGCACCAC-1,0.115916,0.180051,0.646571,0.057463
ATAAAGGTCAAGTACG-1,0.000204,0.255626,0.351617,0.392553
ATAACGGAGTCCAACG-1,0.050663,0.019394,0.11922,0.810724
ATAACGTTACCTCCAC-1,0.000343,0.487873,0.323703,0.188082
ATAAGCAAACACCGAG-1,0.000183,0.7156,0.038139,0.246078
ATAAGGTGGAGAACAT-1,0.016137,0.268581,0.303477,0.411805
ATAAGTACCCGATTGT-1,0.000373,0.776146,0.222736,0.000745
ATAAGTAGGATTCAGA-1,0.004638,0.009276,0.473099,0.512986
ATAAGTAGGGCGACTC-1,0.001002,0.002004,0.83138,0.165615
ATAAGTTACCGCGACG-1,0.000102,0.000205,0.00726,0.992433
ATAATACCGTTAGCCG-1,0.201393,0.225216,0.427056,0.146334
ATAATAGCTGTTGAAT-1,0.00017,0.00034,0.087495,0.911996
ATAATAGTGTAGGGAC-1,0.344816,0.178768,0.386698,0.089718
ATAATCTTGGAGAACC-1,0.000901,0.399369,0.597928,0.001802
ATAATTAGCTAAGTAG-1,0.000452,0.279077,0.239405,0.481067
ATACAGCGTCCACTGA-1,0.041192,0.705108,0.082043,0.171657
ATACAGGCCCTCCAAT-1,0.00116,0.251902,0.74462,0.002319
ATACCAGGCTAATAGA-1,0.30363,0.005009,0.686351,0.00501
ATACCAGGTGAGCGAT-1,0.000659,0.001318,0.916141,0.081882
ATACCCTCCCGGCCAA-1,0.029538,0.255518,0.431861,0.283083
ATACCGTCATCCATAA-1,0.000684,0.385362,0.308699,0.305255
ATACCTAACCAAGAAA-1,0.001648,0.026203,0.806651,0.165498
ATACGACAGATGGGTA-1,0.000433,0.9974,0.0013,0.000867
ATACGCCGGCGAAACC-1,0.006421,0.354329,0.267692,0.371559
ATACGGAACGTCGTTT-1,0.003528,0.132578,0.133305,0.730589
ATACGGGTTTCGATTG-1,0.000116,0.000232,0.001403,0.998249
ATACGTACTTAGCCAC-1,0.001204,0.466737,0.284698,0.247361
ATACGTCCACTCCTGT-1,0.05193,0.130652,0.70368,0.113738
ATACGTTATGCACGGA-1,0.001227,0.139392,0.638326,0.221054
ATACTAGCATGACCCT-1,0.000208,0.155037,0.13673,0.708025
ATACTGCCTTACACCG-1,0.16657,0.240778,0.377647,0.215004
ATACTTGTTCTCGAGC-1,0.000295,0.000591,0.484171,0.514943
ATAGAGTACTGGGACA-1,0.035272,0.349177,0.118654,0.496897
ATAGCAACTAGGGAAG-1,0.0407,0.278774,0.534476,0.14605
ATAGCCTCAGTACCCA-1,0.056941,0.399018,0.44006,0.103981
ATAGCTGCTCTTGTTA-1,0.218854,0.013313,0.438438,0.329395
ATAGGAATCTAAGCTT-1,0.000978,0.001957,0.995108,0.001957
ATAGGCGGCTATAGAA-1,0.05083,0.735159,0.000055,0.213956
ATAGGCTAGCTTCGCA-1,0.001764,0.003528,0.312951,0.681757
ATAGGGATATCCTTGA-1,0.00016,0.00032,0.00048,0.99904
ATAGGTTGGGCAGATG-1,0.000949,0.001897,0.002846,0.994308
ATAGTGAAGCGTTCTC-1,0.000112,0.034634,0.000335,0.96492
ATATAAAGCGCTCGTG-1,0.001361,0.460622,0.056697,0.48132
ATATAAATGTAGCTGC-1,0.032747,0.335422,0.145373,0.486458
ATATAACACGGGCGCA-1,0.065056,0.288762,0.522363,0.123819
ATATACATGTATGGTA-1,0.000088,0.040803,0.240159,0.71895
ATATAGAGTATTGGTC-1,0.001318,0.083678,0.677061,0.237943
ATATCAATTCCAGCCT-1,0.000064,0.000127,0.309824,0.689985
ATATCGGTAGGGAGAT-1,0.053007,0.763276,0.037981,0.145736
ATATCGTTCCTCGAAC-1,0.037563,0.273319,0.545981,0.143137
ATATCTCCCTCGTTAA-1,0.000178,0.000357,0.086706,0.912759
ATATGTGCACAAACCA-1,0.106289,0.702545,0.182805,0.008361
ATATTCAGTTAAACCT-1,0.122034,0.405166,0.1408,0.332
ATATTCCACATAGTGA-1,0.002178,0.161816,0.586453,0.249553
ATATTCCCACAGGTCA-1,0.004175,0.008347,0.97913,0.008348
ATATTGCTGTCAAAGT-1,0.536335,0.038959,0.165384,0.259322
ATATTTAACCCTCAAG-1,0.000677,0.391081,0.402208,0.206034
ATCAAACACTGTTCCA-1,0.398719,0.085167,0.383081,0.133032
ATCAAACGAAGGTTTG-1,0.000094,0.000188,0.000281,0.999437
ATCAATGCCGTGGCTG-1,0.000704,0.10689,0.538795,0.353612
ATCACATTAGAATATC-1,0.000047,0.000094,0.000141,0.999718
ATCACGTGCTAATTAA-1,0.0001,0.000201,0.000301,0.999398
ATCACTTCATCCTCGC-1,0.000143,0.040189,0.18119,0.778478
